branch_id_1	branch_id_2	dist_bl	dist_node_num	branch_num_fg_tube	branch_num_fg_pink	branch_num_fg_yellow	branch_num_fg_beakless	branch_num_mg_tube	branch_num_mg_pink	branch_num_mg_yellow	branch_num_mg_beakless	is_fg_tube	is_fg_pink	is_fg_yellow	is_fg_beakless	is_mf_tube	is_mf_pink	is_mf_yellow	is_mf_beakless	is_mg_tube	is_mg_pink	is_mg_yellow	is_mg_beakless	omegaCany2any	omegaCany2dif	omegaCany2spe	omegaCdif2any	omegaCdif2dif	omegaCdif2spe	omegaCspe2any	omegaCspe2dif	omegaCspe2spe	dNCany2any	dNCany2dif	dNCany2spe	dNCdif2any	dNCdif2dif	dNCdif2spe	dNCspe2any	dNCspe2dif	dNCspe2spe	dSCany2any	dSCany2dif	dSCany2spe	dSCdif2any	dSCdif2dif	dSCdif2spe	dSCspe2any	dSCspe2dif	dSCspe2spe	OCNCoD	OCSCoD	OCN_linreg_residual	OCS_linreg_residual	N_sub_1	N_sub_2	S_sub_1	S_sub_2	OCNany2any	OCNany2dif	OCNany2spe	OCNdif2any	OCNdif2dif	OCNdif2spe	OCNspe2any	OCNspe2dif	OCNspe2spe	OCSany2any	OCSany2dif	OCSany2spe	OCSdif2any	OCSdif2dif	OCSdif2spe	OCSspe2any	OCSspe2dif	OCSspe2spe	ECNany2any	ECNany2dif	ECNany2spe	ECNdif2any	ECNdif2dif	ECNdif2spe	ECNspe2any	ECNspe2dif	ECNspe2spe	ECSany2any	ECSany2dif	ECSany2spe	ECSdif2any	ECSdif2dif	ECSdif2spe	ECSspe2any	ECSspe2dif	ECSspe2spe	omegaCany2any_nocalib	omegaCany2dif_nocalib	omegaCany2spe_nocalib	omegaCdif2any_nocalib	omegaCdif2dif_nocalib	omegaCdif2spe_nocalib	omegaCspe2any_nocalib	omegaCspe2dif_nocalib	omegaCspe2spe_nocalib	dSCany2any_nocalib	dSCany2dif_nocalib	dSCany2spe_nocalib	dSCdif2any_nocalib	dSCdif2dif_nocalib	dSCdif2spe_nocalib	dSCspe2any_nocalib	dSCspe2dif_nocalib	dSCspe2spe_nocalib
0	1	0.1960	4	1	1	1	1	0	0	0	0	N	N	N	N	N	N	N	N	N	N	N	N	8.5077	2.4067	711.5252	1.3809	0.9098	798.9131	198.2528	6926.7964	434.1329	0.9027	0.8184	1.5642	0.9882	0.6612	6.4855	0.8771	0.8694	0.9284	0.1061	0.3400	0.0022	0.7156	0.7268	0.0081	0.0044	0.0001	0.0021	0.2436	0.1036	-0.8994	-0.0139	48.2148	55.9174	10.6433	28.4161	9.8535	7.9236	1.9299	2.4844	1.5690	0.9155	7.3690	6.3546	1.0144	0.0260	0.0236	0.0024	0.0237	0.0236	0.0001	0.0024	0.0000	0.0024	10.9159	9.6821	1.2338	2.5140	2.3728	0.1412	8.4019	7.3092	1.0927	2.2944	1.1832	1.1112	0.1805	0.1694	0.0111	2.1138	1.0138	1.1001	79.5568	41.0466	711.5252	7.5342	4.7487	798.9131	787.9545	2160202.3025	434.1329	0.0113	0.0199	0.0022	0.1312	0.1392	0.0081	0.0011	0.0000	0.0021
0	2	0.3545	6	1	1	0	1	0	0	0	0	N	N	N	N	N	N	N	N	N	N	N	N	278.0473	114.4039	23.9271	219.2298	197.8970	0.0000	2.8305	0.1099	33.5534	1.0367	1.1115	0.0005	1.6814	1.7339	0.0000	0.0093	0.0106	0.0007	0.0037	0.0097	0.0000	0.0077	0.0088	0.0000	0.0033	0.0963	0.0000	0.0000	0.0062	-0.1833	-0.0002	48.2148	1.7046	10.6433	4.0008	0.6386	0.6386	0.0000	0.6364	0.6364	0.0000	0.0022	0.0022	0.0000	0.0002	0.0002	0.0000	0.0001	0.0001	0.0000	0.0001	0.0001	0.0000	0.6160	0.5745	0.0415	0.3785	0.3670	0.0115	0.2375	0.2075	0.0301	0.1622	0.0858	0.0764	0.0223	0.0201	0.0023	0.1399	0.0658	0.0741	676.1757	385.9868	23.9271	294.5277	273.1672	0.0000	10.7544	5.8064	33.5534	0.0015	0.0029	0.0000	0.0057	0.0063	0.0000	0.0009	0.0018	0.0000
0	3	0.4307	11	2	1	1	0	0	0	0	0	Y	N	N	N	N	N	N	N	N	N	N	N	209.4122	95.6763	8823.2125	8.6710	7.6449	40.7569	14556.1173	1057.8161	41212.5193	0.9452	0.8416	2.1287	0.0817	0.0788	0.1543	1.7825	1.6497	2.7512	0.0045	0.0088	0.0002	0.0094	0.0103	0.0038	0.0001	0.0016	0.0001	0.2215	0.0534	-0.1706	-0.0003	48.2148	4.7526	10.6433	2.9435	1.6120	1.3198	0.2923	0.0686	0.0635	0.0051	1.5434	1.2562	0.2872	0.0004	0.0004	0.0000	0.0004	0.0004	0.0000	0.0000	0.0000	0.0000	1.7054	1.5681	0.1373	0.8395	0.8066	0.0329	0.8659	0.7615	0.1044	0.2520	0.1580	0.0940	0.0655	0.0611	0.0044	0.1865	0.0969	0.0896	531.9731	312.7485	8823.2125	12.1870	11.3873	40.7569	38841.4080	62044.7513	41212.5193	0.0018	0.0027	0.0002	0.0067	0.0069	0.0038	0.0000	0.0000	0.0001
0	4	0.3141	7	1	2	0	0	0	0	0	0	N	Y	N	N	N	N	N	N	N	N	N	N	19.0403	4.5197	300.8697	7.9052	9.2784	1.8966	370.3428	89.8354	2067.5894	0.3898	0.3872	0.4114	1.0691	1.1339	0.1106	0.1210	0.0701	0.4708	0.0205	0.0857	0.0014	0.1352	0.1222	0.0583	0.0003	0.0008	0.0002	0.1300	0.1279	-0.3942	-0.0034	48.2148	28.2678	10.6433	13.1235	2.2907	2.0271	0.2636	1.7811	1.7694	0.0117	0.5096	0.2577	0.2519	0.0066	0.0058	0.0007	0.0064	0.0058	0.0006	0.0001	0.0000	0.0001	5.8766	5.2359	0.6407	1.6660	1.5605	0.1055	4.2106	3.6755	0.5351	1.1898	0.6449	0.5449	0.1533	0.1392	0.0141	1.0365	0.5056	0.5308	70.5665	42.8453	300.8697	25.4199	27.1090	2.4945	1012.8644	11852.0378	2067.5894	0.0055	0.0090	0.0014	0.0421	0.0418	0.0443	0.0001	0.0000	0.0002
0	5	0.1854	2	1	1	1	1	0	0	0	0	N	N	N	N	N	N	N	N	N	N	N	N	4.5858	2.9817	135.6936	1.9882	2.0222	0.0912	141.0583	5.6055	209.7181	1.3379	1.5313	0.0827	0.9171	0.9865	0.0004	1.5375	1.8183	0.0996	0.2918	0.5135	0.0006	0.4613	0.4879	0.0040	0.0109	0.3244	0.0005	0.0083	0.0138	-1.6241	-0.0122	48.2148	15.6542	10.6433	8.9658	5.8235	5.7754	0.0480	1.2840	1.2840	0.0000	4.5395	4.4915	0.0480	0.0198	0.0195	0.0003	0.0180	0.0179	0.0001	0.0018	0.0016	0.0002	4.3526	3.7717	0.5809	1.4001	1.3015	0.0986	2.9525	2.4702	0.4823	1.0019	0.5594	0.4426	0.2041	0.1874	0.0167	0.7978	0.3720	0.4259	67.7565	43.8913	135.6936	10.4261	10.3360	0.0912	670.0350	415.2861	209.7181	0.0197	0.0349	0.0006	0.0880	0.0954	0.0040	0.0023	0.0044	0.0005
0	6	0.6233	8	2	2	0	0	0	0	0	0	Y	Y	N	N	N	N	N	N	N	N	N	N	28.7637	16.7528	0.7640	15.1015	14.2071	15.1373	104.4249	34.2501	0.1043	0.0329	0.0366	0.0002	0.0268	0.0287	0.0005	0.0382	0.0438	0.0000	0.0011	0.0022	0.0002	0.0018	0.0020	0.0000	0.0004	0.0013	0.0002	0.0005	0.1641	-0.0271	-0.0001	48.2148	12.5370	10.6433	4.3273	0.0946	0.0945	0.0000	0.0356	0.0356	0.0000	0.0589	0.0589	0.0000	0.0003	0.0002	0.0000	0.0002	0.0002	0.0000	0.0000	0.0000	0.0000	2.8737	2.5856	0.2880	1.3306	1.2390	0.0916	1.5431	1.3466	0.1964	0.4304	0.2508	0.1797	0.1327	0.1162	0.0166	0.2977	0.1346	0.1631	51.2889	38.6420	0.7640	15.1015	14.2071	15.1373	278.3725	2421.8685	0.1043	0.0006	0.0009	0.0002	0.0018	0.0020	0.0000	0.0001	0.0000	0.0002
0	7	0.4502	12	2	1	1	0	0	0	0	0	Y	N	N	N	N	N	N	N	N	N	N	N	568.0063	354.8387	2.8834	998.5288	1014.7331	0.5973	1.5361	0.1929	3.3948	1.2940	1.4432	0.0004	3.0308	3.2214	0.0009	0.0001	0.0001	0.0002	0.0023	0.0041	0.0001	0.0030	0.0032	0.0015	0.0001	0.0006	0.0001	0.0000	0.0461	-0.2859	-0.0001	48.2148	3.5884	10.6433	2.8705	0.9956	0.9956	0.0000	0.9956	0.9956	0.0000	0.0001	0.0000	0.0000	0.0002	0.0002	0.0000	0.0002	0.0002	0.0000	0.0000	0.0000	0.0000	0.7694	0.6899	0.0796	0.3285	0.3090	0.0194	0.4410	0.3808	0.0601	0.2356	0.1554	0.0802	0.0801	0.0762	0.0038	0.1555	0.0792	0.0764	1226.2035	943.7413	2.8834	998.5288	1035.0156	0.5973	3.8813	29.7315	3.3948	0.0011	0.0015	0.0001	0.0030	0.0031	0.0015	0.0000	0.0000	0.0001
0	8	0.3365	9	2	2	0	1	0	0	0	0	Y	Y	N	N	N	N	N	N	N	N	N	N	0.0037	73.1907	0.0000	1.6585	43.1073	0.0000	0.0013	inf	0.0000	0.0005	0.0006	0.0000	0.0010	0.0010	0.0000	0.0003	0.0004	0.0000	0.1367	0.0000	0.0831	0.0006	0.0000	0.0053	0.2494	0.0000	0.0757	0.0000	2755.5101	-0.0000	0.0001	48.2148	0.9985	10.6433	0.0096	0.0001	0.0001	0.0000	0.0001	0.0001	0.0000	0.0001	0.0001	0.0000	0.0004	0.0000	0.0004	0.0000	0.0000	0.0000	0.0004	0.0000	0.0004	0.2109	0.1883	0.0227	0.0579	0.0548	0.0032	0.1530	0.1335	0.0195	0.0308	0.0186	0.0122	0.0068	0.0061	0.0007	0.0240	0.0125	0.0115	0.0393	73.1907	0.0000	1.6585	43.1073	0.0000	0.0205	inf	0.0000	0.0128	0.0000	0.0322	0.0006	0.0000	0.0053	0.0163	0.0000	0.0339
0	9	0.3992	10	2	1	1	0	0	0	0	0	Y	N	N	N	N	N	N	N	N	N	N	N	1011.7385	3.9372	72920.0978	1.6154	1.1541	99.7194	9017.5178	37.6151	97453.9507	0.6537	0.0053	6.7724	0.0033	0.0026	0.0158	1.0945	0.0073	8.7637	0.0006	0.0013	0.0001	0.0020	0.0022	0.0002	0.0001	0.0002	0.0001	136.1061	0.0989	0.7043	-0.0001	48.2148	6.0952	10.6433	6.8339	0.9982	0.0073	0.9909	0.0020	0.0015	0.0005	0.9962	0.0058	0.9904	0.0002	0.0002	0.0000	0.0002	0.0002	0.0000	0.0000	0.0000	0.0000	1.5270	1.3806	0.1463	0.6168	0.5835	0.0333	0.9102	0.7972	0.1130	0.3867	0.2233	0.1634	0.0763	0.0693	0.0070	0.3104	0.1540	0.1563	1499.3269	7.6755	72920.0978	1.6154	1.1541	99.7194	23991.0853	11199.4184	97453.9507	0.0004	0.0007	0.0001	0.0020	0.0022	0.0002	0.0000	0.0000	0.0001
0	10	0.2898	9	1	1	1	0	0	0	0	0	N	N	N	N	N	N	N	N	N	N	N	N	0.0011	0.0003	0.0444	0.0029	0.0010	0.4623	0.0004	0.0000	0.0074	0.0002	0.0001	0.0014	0.0005	0.0002	0.0075	0.0000	0.0000	0.0002	0.1969	0.2424	0.0321	0.1792	0.1985	0.0162	0.0779	0.0002	0.0284	2.0878	0.8538	0.0000	-0.0006	48.2148	1.9784	10.6433	5.0323	0.0001	0.0000	0.0001	0.0001	0.0000	0.0001	0.0000	0.0000	0.0000	0.0034	0.0018	0.0016	0.0019	0.0018	0.0001	0.0015	0.0000	0.0015	0.5976	0.5384	0.0592	0.2193	0.2094	0.0099	0.3783	0.3290	0.0493	0.2211	0.1199	0.1011	0.0400	0.0345	0.0055	0.1811	0.0855	0.0956	0.0136	0.0049	0.0923	0.0109	0.0036	0.4623	0.0034	0.0000	0.0136	0.0154	0.0153	0.0155	0.0481	0.0532	0.0162	0.0081	0.0000	0.0154
0	11	0.2999	7	1	1	1	0	0	0	0	0	N	N	N	N	N	N	N	N	N	N	N	N	0.7494	2.3352	0.2941	1.5743	1.5956	5.4433	0.6718	4592.8733	0.3288	0.8828	0.8433	1.1972	0.8142	0.8575	0.2321	0.9091	0.8375	1.3979	1.1781	0.3611	4.0706	0.5172	0.5374	0.0426	1.3533	0.0002	4.2509	0.1783	58.9641	-0.9654	0.3600	48.2148	39.9843	10.6433	13.6191	7.1069	6.0316	1.0753	1.8170	1.7811	0.0359	5.2899	4.2505	1.0394	1.0142	0.0169	0.9973	0.0174	0.0169	0.0005	0.9968	0.0000	0.9968	8.0502	7.1521	0.8981	2.2317	2.0771	0.1546	5.8186	5.0750	0.7436	1.4739	0.7936	0.6803	0.1788	0.1643	0.0145	1.2950	0.6293	0.6658	1.2829	39.5685	0.8166	8.3566	8.3319	6.6014	1.1811	1402779.8978	0.9337	0.6882	0.0213	1.4661	0.0974	0.1029	0.0352	0.7697	0.0000	1.4972
0	12	0.3616	7	2	2	0	0	0	0	0	0	Y	Y	N	N	N	N	N	N	N	N	N	N	147.5405	169.0591	0.0290	662.7156	982.1187	0.0135	15.5543	2.1642	0.0263	0.1941	0.2168	0.0000	0.4745	0.5071	0.0000	0.0389	0.0446	0.0000	0.0013	0.0013	0.0008	0.0007	0.0005	0.0028	0.0025	0.0206	0.0007	0.0000	0.9370	-0.1972	-0.0001	48.2148	16.7672	10.6433	6.4850	0.6869	0.6869	0.0000	0.5982	0.5982	0.0000	0.0887	0.0887	0.0000	0.0005	0.0003	0.0002	0.0001	0.0001	0.0000	0.0004	0.0002	0.0002	3.5397	3.1689	0.3707	1.2607	1.1795	0.0812	2.2789	1.9894	0.2895	0.7108	0.3990	0.3118	0.1348	0.1230	0.0118	0.5760	0.2760	0.3000	272.9906	331.5595	0.0290	662.7156	982.1187	0.0135	54.8655	62.3811	0.0263	0.0007	0.0007	0.0008	0.0007	0.0005	0.0028	0.0007	0.0007	0.0007
0	13	0.3292	12	1	1	1	1	0	0	0	0	N	N	N	N	N	N	N	N	N	N	N	N	0.0000	0.0000	0.0000	0.0000	0.0000	0.0000	0.0000	0.0000	0.0000	0.0000	0.0000	0.0000	0.0000	0.0000	0.0000	0.0000	0.0000	0.0000	0.0001	0.0000	0.0002	0.0002	0.0001	0.0000	0.0000	0.0000	0.2124	-0.0000	-0.0000	48.2148	0.0001	10.6433	1.0001	0.0000	0.0000	0.0000	0.0000	0.0000	0.0000	0.0000	0.0000	0.0000	0.0000	0.0000	0.0000	0.0000	0.0000	0.0000	0.0000	0.0000	0.0000	0.0000	0.0000	0.0000	0.0000	0.0000	0.0000	0.0000	0.0000	0.0000	0.0293	0.0163	0.0130	0.0047	0.0041	0.0006	0.0246	0.0122	0.0124	0.0000	0.0000	0.0000	0.0000	0.0000	0.0000	0.0000	0.0000	0.0000	0.0000	0.0000	0.0000	0.0002	0.0002	0.0001	0.0000	0.0000	0.0000		
0	14	0.3867	9	1	2	0	0	0	0	0	0	N	Y	N	N	N	N	N	N	N	N	N	N	0.7363	0.4846	0.0128	284.8357	248.7580	0.4748	0.4753	0.2899	0.0001	1.1163	1.2465	0.0000	1.5718	1.6679	0.0000	0.8884	1.0187	0.0000	1.5161	2.5722	0.0000	0.0055	0.0067	0.0000	1.8692	3.5138	0.0000	0.0000	0.0000	-1.2848	-0.6226	48.2148	20.9564	10.6433	6.0714	4.4746	4.4746	0.0000	2.1006	2.1006	0.0000	2.3740	2.3740	0.0000	0.9908	0.9908	0.0000	0.0005	0.0005	0.0000	0.9903	0.9903	0.0000	4.0086	3.5898	0.4188	1.3365	1.2594	0.0770	2.6721	2.3303	0.3418	0.7046	0.3852	0.3194	0.1171	0.1034	0.0137	0.5875	0.2818	0.3057	0.7939	0.4846	0.0128	341.8344	320.2231	0.4748	0.5271	0.2899	0.0001	1.4061	2.5722	0.0000	0.0046	0.0052	0.0000	1.6855	3.5138	0.0000
0	15	0.3292	12	1	1	0	1	0	0	0	0	N	N	N	N	N	N	N	N	N	N	N	N	0.0000	0.0000	0.0000	0.0000	0.0000	0.0000	0.0000	0.0000	0.0000	0.0000	0.0000	0.0000	0.0000	0.0111	0.0362	0.0000	0.0483	0.0588	0.0000	0.0000	0.0000	0.0000	0.0000	-0.0000	-0.0004	48.2148	0.0001	10.6433	6.0018	0.0000	0.0000	0.0000	0.0000	0.0000	0.0000	0.0000	0.0000	0.0000	0.0006	0.0006	0.0000	0.0006	0.0006	0.0000	0.0000	0.0000	0.0000	0.0000	0.0000	0.0000	0.0000	0.0000	0.0000	0.0000	0.0000	0.0000	0.1726	0.0957	0.0769	0.0274	0.0237	0.0037	0.1452	0.0720	0.0732	0.0000	0.0000	0.0000	0.0000	0.0000	0.0000	0.0000	0.0000	0.0000	0.0035	0.0064	0.0000	0.0223	0.0258	0.0000	0.0000	0.0000	0.0000						
0	16	0.3274	11	1	1	0	1	0	0	0	0	N	N	N	N	N	N	N	N	N	N	N	N	0.0006	0.0001	123.2768	0.0008	0.0004	3518.5329	0.0089	0.0353	0.0001	0.0001	0.0005	0.0004	0.0002	0.0036	0.0000	0.0000	0.0000	0.1626	0.4132	0.0000	0.4636	0.5307	0.0000	0.0000	0.0000	0.0000	1.0933	0.0001	0.0000	-0.0005	48.2148	1.0007	10.6433	1.0009	0.0000	0.0000	0.0000	0.0000	0.0000	0.0000	0.0000	0.0000	0.0000	0.0008	0.0008	0.0000	0.0008	0.0008	0.0000	0.0000	0.0000	0.0000	0.2070	0.1846	0.0224	0.0547	0.0516	0.0030	0.1523	0.1330	0.0194	0.0583	0.0323	0.0259	0.0092	0.0079	0.0012	0.0491	0.0244	0.0247	0.0073	0.0022	123.2768	0.0043	0.0019	3518.5329	0.0089	0.0000	0.0353	0.0139	0.0250	0.0000	0.0883	0.1018	0.0000	0.0000	0.0000	0.0000	
0	17	0.3149	5	1	2	0	1	0	0	0	0	N	Y	N	N	N	N	N	N	N	N	N	N	1.8381	3998.9920	0.0003	1825.8517	1945.0113	0.0353	1.1589	1424.5317	0.0004	1.1883	1.3368	0.0003	2.1674	2.3101	0.0000	0.8906	1.0191	0.0004	0.6465	0.0003	1.0986	0.0012	0.0012	0.0012	0.7685	0.0007	0.9755	0.0000	411.6745	-0.5920	0.0084	48.2148	8.1476	10.6433	4.0573	2.0620	2.0619	0.0001	0.8769	0.8769	0.0000	1.1851	1.1850	0.0001	0.0227	0.0001	0.0227	0.0001	0.0001	0.0000	0.0227	0.0000	0.0227	1.7352	1.5424	0.1928	0.4046	0.3796	0.0250	1.3306	1.1628	0.1678	0.3565	0.1977	0.1588	0.0489	0.0458	0.0032	0.3076	0.1520	0.1556	18.6276	4796.0923	0.0023	1825.8517	1945.0113	0.0353	12.0758	204311.5039	0.0025	0.0638	0.0003	0.1429	0.0012	0.0012	0.0012	0.0738	0.0000	0.1458
0	18	0.3203	9	1	2	0	0	0	0	0	0	N	Y	N	N	N	N	N	N	N	N	N	N	284.9893	129.8116	777.0250	130.9467	112.9056	0.0367	5632.7770	208.3053	983.4944	0.6602	0.7379	0.0004	1.1111	1.1696	0.0000	0.4414	0.5086	0.0005	0.0023	0.0057	0.0000	0.0085	0.0104	0.0000	0.0001	0.0024	0.0000	0.0001	0.0002	-0.5045	-0.0005	48.2148	12.7610	10.6433	15.2058	1.7572	1.7571	0.0001	0.9662	0.9662	0.0000	0.7911	0.7909	0.0001	0.0008	0.0008	0.0000	0.0008	0.0008	0.0000	0.0000	0.0000	0.0000	2.6618	2.3813	0.2805	0.8695	0.8261	0.0435	1.7923	1.5552	0.2370	0.7908	0.4360	0.3549	0.1313	0.1185	0.0128	0.6595	0.3175	0.3421	618.1261	380.9381	777.0250	177.1963	168.3172	0.0367	13718.4044	7666.9101	983.4944	0.0011	0.0019	0.0000	0.0063	0.0069	0.0000	0.0000	0.0001	0.0000
0	19	0.3341	12	1	2	0	1	0	0	0	0	N	Y	N	N	N	N	N	N	N	N	N	N	inf	inf	inf	inf	inf	inf	0.9060	1.0157	0.0000	1.1167	1.1826	0.0000	0.8294	0.9501	0.0000	0.0000	0.0000	0.0000	0.0000	0.0000	0.0000	0.0000	0.0000	0.0000	0.0000	-0.1598	0.0000	48.2148	3.0000	10.6433	1.0000	0.5564	0.5564	0.0000	0.1828	0.1828	0.0000	0.3736	0.3736	0.0000	0.0000	0.0000	0.0000	0.0000	0.0000	0.0000	0.0000	0.0000	0.0000	0.6141	0.5478	0.0663	0.1637	0.1546	0.0091	0.4504	0.3932	0.0572	0.1141	0.0641	0.0499	0.0185	0.0161	0.0024	0.0955	0.0480	0.0475	inf	inf	0.0000	inf	inf	0.0000	inf	inf	0.0000	0.0000	0.0000	0.0000	0.0000	0.0000	0.0000	0.0000	0.0000	0.0000				
0	20	0.6978	11	1	2	0	1	0	0	0	0	N	Y	N	N	N	N	N	N	N	N	N	N	2.9751	2.3859	0.0001	1.9899	1.9170	0.0001	2406.2221	10163.8169	0.0000	1.5489	1.6994	0.0000	1.3301	1.4005	0.0000	1.7227	1.9552	0.0000	0.5206	0.7123	0.0030	0.6684	0.7306	0.0212	0.0007	0.0002	0.0005	0.0000	0.0278	-0.9229	-0.0078	48.2148	9.0824	10.6433	4.8637	3.2141	3.2141	0.0000	1.2216	1.2216	0.0000	1.9925	1.9925	0.0000	0.0129	0.0126	0.0004	0.0129	0.0126	0.0003	0.0001	0.0000	0.0001	2.0750	1.8913	0.1837	0.9184	0.8723	0.0461	1.1566	1.0190	0.1376	0.3055	0.1873	0.1182	0.1042	0.0901	0.0141	0.2012	0.0972	0.1041	36.5704	25.2805	0.0001	10.7580	10.0251	0.0001	6917.0392	3015288.3333	0.0000	0.0424	0.0672	0.0030	0.1236	0.1397	0.0212	0.0002	0.0000	0.0005
0	21	0.3176	8	2	2	0	0	0	0	0	0	Y	Y	N	N	N	N	N	N	N	N	N	N	772.7049	352.7427	931.7768	4.0215	1.9478	1167.6239	18758.0546	2147.6721	788.7508	0.7314	0.8169	0.0457	0.0123	0.0072	0.0862	1.0103	1.1540	0.0379	0.0009	0.0023	0.0000	0.0031	0.0037	0.0001	0.0001	0.0005	0.0000	0.0070	0.0393	-0.2124	-0.0001	48.2148	5.0072	10.6433	8.1033	0.7578	0.7526	0.0053	0.0036	0.0019	0.0016	0.7543	0.7506	0.0036	0.0002	0.0002	0.0000	0.0002	0.0002	0.0000	0.0000	0.0000	0.0000	1.0361	0.9213	0.1148	0.2895	0.2708	0.0187	0.7466	0.6505	0.0961	0.4073	0.2274	0.1798	0.0736	0.0660	0.0076	0.3337	0.1615	0.1723	1276.9853	827.7369	931.7768	4.0215	2.1118	1167.6239	38646.9055	407844.3195	788.7508	0.0006	0.0010	0.0000	0.0031	0.0034	0.0001	0.0000	0.0000	0.0000
0	22	0.2861	8	1	2	0	0	0	0	0	0	N	Y	N	N	N	N	N	N	N	N	N	N	3.3064	0.8825	8545.3755	0.0457	0.0439	1.0620	3048.6499	2229.2898	9927.4867	0.4079	0.3297	1.0565	0.0230	0.0243	0.0002	0.5367	0.4405	1.2058	0.1234	0.3736	0.0001	0.5028	0.5530	0.0002	0.0002	0.0002	0.0001	0.3860	0.0047	-0.0123	-0.0060	48.2148	17.0533	10.6433	10.0403	1.4246	1.0278	0.3967	0.0201	0.0201	0.0000	1.4044	1.0077	0.3967	0.0096	0.0096	0.0000	0.0096	0.0096	0.0000	0.0000	0.0000	0.0000	3.4926	3.1171	0.3755	0.8760	0.8295	0.0465	2.6165	2.2875	0.3290	0.7941	0.4288	0.3653	0.0996	0.0898	0.0098	0.6944	0.3389	0.3555	33.6994	14.7800	8545.3755	0.2393	0.2278	1.0620	8586.7059	657713.2033	9927.4867	0.0121	0.0223	0.0001	0.0960	0.1065	0.0002	0.0001	0.0000	0.0001
0	23	0.3149	5	1	1	0	1	0	0	0	0	N	N	N	N	N	N	N	N	N	N	N	N	268.8687	130.6778	3.0923	278.0288	273.3641	0.0309	8.1444	inf	4.5455	1.3593	1.5279	0.0009	5.6100	5.9642	0.0001	0.0025	0.0028	0.0010	0.0051	0.0117	0.0003	0.0202	0.0218	0.0037	0.0003	0.0000	0.0002	0.0001	0.0701	-0.2487	-0.0001	48.2148	2.8591	10.6433	0.9679	0.8663	0.8662	0.0001	0.8651	0.8651	0.0000	0.0012	0.0012	0.0001	0.0002	0.0002	0.0000	0.0002	0.0002	0.0000	0.0000	0.0000	0.0000	0.6373	0.5670	0.0704	0.1542	0.1450	0.0092	0.4831	0.4219	0.0612	0.1198	0.0665	0.0533	0.0186	0.0176	0.0010	0.1012	0.0489	0.0523	697.5246	465.7792	3.0923	470.9373	481.3100	0.0309	22.3316	inf	4.5455	0.0019	0.0033	0.0003	0.0119	0.0124	0.0037	0.0001	0.0000	0.0002
0	24	0.2888	4	1	1	0	1	0	0	0	0	N	N	N	N	N	N	N	N	N	N	N	N	0.4933	249.0125	0.5209	1.6471	230.9136	0.0054	0.3150	187.7698	1.3295	0.2189	0.2212	0.2007	0.4634	0.4915	0.0255	0.1415	0.1291	0.2271	0.4438	0.0009	0.3853	0.2813	0.0021	4.7427	0.4492	0.0007	0.1708	0.1127	112.1288	-0.0557	0.0046	48.2148	6.2936	10.6433	7.0245	0.2999	0.2695	0.0304	0.1526	0.1521	0.0005	0.1472	0.1174	0.0299	0.0127	0.0001	0.0126	0.0035	0.0001	0.0034	0.0092	0.0000	0.0092	1.3698	1.2184	0.1513	0.3294	0.3096	0.0198	1.0404	0.9089	0.1315	0.3886	0.2169	0.1717	0.0567	0.0525	0.0042	0.3319	0.1644	0.1675	6.6796	426.1782	2.7292	7.4550	230.9136	0.0311	5.0990	27362.0646	4.1304	0.0328	0.0005	0.0735	0.0622	0.0021	0.8179	0.0278	0.0000	0.0550
0	25	0.3916	9	2	1	1	0	0	0	0	0	Y	N	N	N	N	N	N	N	N	N	N	N	19.1502	359.4921	0.5563	13.0570	204.6939	0.0387	0.5465	4.8485	2.7661	0.0432	0.0476	0.0012	0.1051	0.1110	0.0023	0.0002	0.0001	0.0009	0.0023	0.0001	0.0022	0.0081	0.0005	0.0592	0.0004	0.0000	0.0003	0.0027	13.6524	-0.0137	0.0000	48.2148	4.4994	10.6433	1.0731	0.0481	0.0480	0.0001	0.0479	0.0479	0.0001	0.0002	0.0001	0.0001	0.0002	0.0000	0.0002	0.0001	0.0000	0.0001	0.0000	0.0000	0.0000	1.1141	1.0083	0.1058	0.4560	0.4316	0.0244	0.6580	0.5766	0.0814	0.1546	0.0857	0.0690	0.0233	0.0204	0.0029	0.1313	0.0652	0.0661	41.1300	367.8719	0.5563	17.4070	204.6939	0.0511	1.4703	1849.9866	2.7661	0.0010	0.0001	0.0022	0.0060	0.0005	0.0449	0.0002	0.0000	0.0003
0	26	0.2792	7	1	2	0	0	0	0	0	0	N	Y	N	N	N	N	N	N	N	N	N	N	0.4471	1069.0875	0.0000	74.7085	67.8565	0.3527	0.5071	1478.1307	0.0000	0.7146	0.7992	0.0000	0.1102	0.1173	0.0000	0.9827	1.1244	0.0000	1.5982	0.0007	6.5287	0.0015	0.0017	0.0000	1.9378	0.0008	7.0812	0.0000	6225.9784	-0.5556	0.3655	48.2148	12.3098	10.6433	9.0087	1.9350	1.9350	0.0000	0.0917	0.0917	0.0000	1.8433	1.8433	0.0000	0.9838	0.0002	0.9836	0.0002	0.0002	0.0000	0.9836	0.0000	0.9836	2.7076	2.4212	0.2864	0.8319	0.7818	0.0501	1.8757	1.6394	0.2363	0.6442	0.3468	0.2974	0.1062	0.0906	0.0156	0.5380	0.2562	0.2818	0.4680	1754.1665	0.0000	74.7085	67.8565	0.3527	0.5375	200810.9031	0.0000	1.5271	0.0005	3.3071	0.0015	0.0017	0.0000	1.8282	0.0000	3.4901
0	27	0.2560	6	1	2	0	0	0	0	0	0	N	Y	N	N	N	N	N	N	N	N	N	N	0.7827	0.2652	148.7407	0.4075	0.5546	0.4090	0.8979	0.1839	788.3860	0.5889	0.2709	3.2936	0.1739	0.1639	0.3270	0.7751	0.3224	3.9475	0.7524	1.0217	0.0221	0.4268	0.2956	0.7994	0.8633	1.7533	0.0050	1.4290	0.0561	0.9897	-0.0707	48.2148	25.8727	10.6433	15.5187	3.2862	1.3529	1.9333	0.3006	0.2660	0.0347	2.9855	1.0869	1.8986	0.1229	0.1163	0.0065	0.0151	0.0111	0.0040	0.1078	0.1052	0.0026	5.5803	4.9934	0.5870	1.7285	1.6225	0.1060	3.8518	3.3709	0.4810	1.2616	0.6912	0.5705	0.1825	0.1666	0.0159	1.0791	0.5245	0.5546	6.0472	1.6098	287.8205	2.1071	2.4601	1.3099	7.7595	1.6073	852.9283	0.0974	0.1683	0.0114	0.0825	0.0666	0.2496	0.0999	0.2006	0.0046
0	28	0.3084	8	2	2	0	0	0	0	0	0	Y	Y	N	N	N	N	N	N	N	N	N	N	519.1568	109.0131	198711.7122	96.9318	66.1372	21027.0252	56624.6884	1620.9721	267008.2475	0.9819	0.5222	5.0737	0.8064	0.6855	3.2626	1.0631	0.4398	5.3853	0.0019	0.0048	0.0000	0.0083	0.0104	0.0002	0.0000	0.0003	0.0000	1.0918	0.0125	1.7952	-0.0008	48.2148	38.1974	10.6433	14.3032	7.6459	3.6553	3.9906	1.9852	1.6084	0.3768	5.6607	2.0468	3.6138	0.0013	0.0013	0.0000	0.0013	0.0013	0.0000	0.0000	0.0000	0.0000	7.7865	6.9999	0.7865	2.4618	2.3463	0.1155	5.3247	4.6536	0.6711	1.3671	0.7430	0.6240	0.2076	0.1828	0.0248	1.1595	0.5603	0.5992	1040.2086	304.4201	198711.7122	130.9911	98.3483	21027.0252	97619.3198	455324.7332	267008.2475	0.0009	0.0017	0.0000	0.0062	0.0070	0.0002	0.0000	0.0000	0.0000
0	29	0.2861	8	1	2	0	0	0	0	0	0	N	Y	N	N	N	N	N	N	N	N	N	N	0.0009	0.0000	2.3018	0.0304	0.0001	1176.5211	0.0000	0.0000	0.1501	0.0016	0.0000	0.0154	0.0043	0.0000	0.0709	0.0001	0.0000	0.0008	1.7976	3.3595	0.0067	0.1420	0.1835	0.0001	2.1284	4.4649	0.0055	359.9949	0.0012	0.0018	-0.5627	48.2148	6.0056	10.6433	10.9350	0.0025	0.0000	0.0025	0.0024	0.0000	0.0024	0.0001	0.0000	0.0001	0.8972	0.8961	0.0011	0.0034	0.0034	0.0000	0.8938	0.8927	0.0011	1.5279	1.3687	0.1593	0.5468	0.5136	0.0332	0.9812	0.8551	0.1261	0.4991	0.2667	0.2324	0.0792	0.0668	0.0124	0.4199	0.1999	0.2200	0.0009	0.0000	3.3558	0.1006	0.0003	1176.5211	0.0000	0.0000	0.1693	1.7976	3.3595	0.0046	0.0429	0.0509	0.0001	2.1284	4.4649	0.0049
0	30	0.2139	4	2	2	0	0	0	0	0	0	Y	Y	N	N	N	N	N	N	N	N	N	N	0.0331	0.0278	0.2881	0.0385	0.0413	0.0055	6.4561	1.0670	0.4375	0.0178	0.0202	0.0001	0.0342	0.0372	0.0000	0.0045	0.0053	0.0001	0.5371	0.7284	0.0003	0.8882	0.9015	0.0010	0.0007	0.0049	0.0003	0.0006	0.0029	-0.0362	-0.0319	48.2148	17.1852	10.6433	7.8386	0.1264	0.1263	0.0001	0.1088	0.1088	0.0000	0.0175	0.0175	0.0001	0.0510	0.0509	0.0001	0.0508	0.0508	0.0000	0.0002	0.0001	0.0001	7.1085	6.2399	0.8685	3.1837	2.9253	0.2584	3.9248	3.3146	0.6101	1.1461	0.7025	0.4436	0.3015	0.2860	0.0155	0.8446	0.4165	0.4281	0.3994	0.2795	0.2881	0.2029	0.2095	0.0055	18.3754	28.6908	0.4375	0.0445	0.0724	0.0003	0.1685	0.1776	0.0010	0.0002	0.0002	0.0003
0	31	0.3867	9	1	2	0	0	0	0	0	0	N	Y	N	N	N	N	N	N	N	N	N	N	0.0211	0.0053	0.0069	0.0156	0.0147	0.0936	9.8425	0.3111	0.0008	0.0013	0.0015	0.0000	0.0036	0.0039	0.0000	0.0002	0.0002	0.0000	0.0637	0.2845	0.0000	0.2322	0.2619	0.0000	0.0000	0.0007	0.0000	0.0000	0.0008	-0.0008	-0.0027	48.2148	9.9927	10.6433	7.0404	0.0026	0.0026	0.0000	0.0024	0.0024	0.0000	0.0002	0.0002	0.0000	0.0043	0.0043	0.0000	0.0043	0.0043	0.0000	0.0000	0.0000	0.0000	1.9766	1.7689	0.2077	0.6642	0.6261	0.0382	1.3123	1.1428	0.1695	0.4563	0.2497	0.2066	0.0770	0.0682	0.0088	0.3793	0.1815	0.1978	0.1433	0.0877	0.0069	0.0655	0.0616	0.0936	16.8067	46.9756	0.0008	0.0094	0.0171	0.0000	0.0554	0.0626	0.0000	0.0000	0.0000	0.0000
0	32	0.3786	8	1	2	0	0	0	0	0	0	N	Y	N	N	N	N	N	N	N	N	N	N	0.0071	0.0053	0.0000	1.7185	1.5955	0.0000	0.0072	0.0036	0.0000	0.0030	0.0034	0.0000	0.0013	0.0013	0.0000	0.0040	0.0045	0.0000	0.4273	0.6376	0.0025	0.0007	0.0008	0.0000	0.5480	1.2637	0.0026	0.0000	0.0374	-0.0007	-0.0024	48.2148	3.8146	10.6433	0.9911	0.0025	0.0025	0.0000	0.0004	0.0004	0.0000	0.0021	0.0021	0.0000	0.0041	0.0040	0.0001	0.0000	0.0000	0.0000	0.0041	0.0039	0.0001	0.8236	0.7389	0.0847	0.2813	0.2667	0.0146	0.5423	0.4721	0.0702	0.1315	0.0714	0.0601	0.0212	0.0187	0.0025	0.1103	0.0528	0.0575	0.0971	0.0610	0.0000	1.7185	1.5955	0.0000	0.1065	0.0607	0.0000	0.0313	0.0555	0.0025	0.0007	0.0008	0.0000	0.0371	0.0748	0.0026
0	33	0.3786	8	1	2	0	0	0	0	0	0	N	Y	N	N	N	N	N	N	N	N	N	N	1236.0797	489.2288	0.0000	612.0280	570.0521	0.0000	0.0000	0.2953	0.3297	0.0000	0.9021	0.9564	0.0000	0.0000	0.0000	0.0000	0.0002	0.0007	0.0000	0.0015	0.0017	0.0000	0.0000	0.0000	0.0000	0.0000	0.0000	-0.3970	-0.0001	48.2148	24.4476	10.6433	5.0002	1.3825	1.3825	0.0000	1.3825	1.3825	0.0000	0.0000	0.0000	0.0000	0.0002	0.0002	0.0000	0.0002	0.0002	0.0000	0.0000	0.0000	0.0000	4.6816	4.1929	0.4886	1.5326	1.4455	0.0871	3.1490	2.7474	0.4015	0.7648	0.4160	0.3488	0.1221	0.1073	0.0148	0.6427	0.3087	0.3340	1254.7215	761.9695	0.0000	612.0280	570.0521	0.0000	0.0000	0.0000	0.0000	0.0002	0.0004	0.0000	0.0015	0.0017	0.0000	0.0000	0.0000	0.0000		
0	34	0.3545	6	1	2	1	1	0	0	0	0	N	Y	N	N	N	N	N	N	N	N	N	N	121.6427	54.5727	3.8173	1030.2672	990.3413	0.0000	1.3282	0.0444	5.3582	0.5719	0.6094	0.0006	0.8651	0.8899	0.0000	0.0121	0.0137	0.0009	0.0047	0.0112	0.0002	0.0008	0.0009	0.0001	0.0091	0.3079	0.0002	0.0001	0.0405	-0.0876	-0.0001	48.2148	1.3124	10.6433	1.0060	0.3053	0.3053	0.0000	0.3031	0.3031	0.0000	0.0022	0.0022	0.0000	0.0001	0.0001	0.0000	0.0000	0.0000	0.0000	0.0001	0.0001	0.0000	0.5338	0.5009	0.0329	0.3503	0.3406	0.0097	0.1835	0.1603	0.0232	0.0746	0.0412	0.0334	0.0133	0.0123	0.0010	0.0613	0.0289	0.0324	313.0629	191.7679	3.8173	1030.2672	990.3413	0.0000	5.9072	3.2963	5.3582	0.0018	0.0032	0.0002	0.0008	0.0009	0.0001	0.0020	0.0041	0.0002
0	35	0.2231	5	1	1	0	1	0	0	0	0	N	N	N	N	N	N	N	N	N	N	N	N	0.7562	0.4194	1099.9570	1.4826	1.5760	3.2463	0.6399	0.2317	1479.0161	0.8310	0.6435	2.4191	0.8726	0.9262	0.0756	0.8147	0.5254	2.8919	1.0990	1.5344	0.0022	0.5886	0.5877	0.0233	1.2732	2.2673	0.0020	0.4438	0.0021	0.1882	-0.6357	48.2148	53.2438	10.6433	16.6757	9.2962	6.4387	2.8575	2.7459	2.7309	0.0150	6.5502	3.7078	2.8425	1.0151	1.0130	0.0021	0.0245	0.0243	0.0003	0.9906	0.9887	0.0019	11.1865	10.0053	1.1812	3.1467	2.9484	0.1983	8.0398	7.0568	0.9829	2.0237	1.0627	0.9609	0.2242	0.2129	0.0113	1.7995	0.8499	0.9496	1.6567	0.6751	1099.9570	7.9805	8.1272	3.3411	1.4800	0.4516	1479.0161	0.5016	0.9532	0.0022	0.1093	0.1140	0.0226	0.5505	1.1634	0.0020
0	36	0.2545	7	1	2	0	0	0	0	0	0	N	Y	N	N	N	N	N	N	N	N	N	N	156.7539	111.0506	0.0233	91.5023	124.4893	0.0035	333.5316	1139.0325	0.0001	0.3322	0.3711	0.0000	0.8293	0.8869	0.0001	0.0903	0.1031	0.0000	0.0021	0.0033	0.0007	0.0091	0.0071	0.0211	0.0003	0.0001	0.0002	0.0000	0.4368	-0.3975	-0.0003	48.2148	17.9460	10.6433	11.6991	1.3842	1.3842	0.0000	1.1310	1.1310	0.0000	0.2532	0.2532	0.0000	0.0009	0.0006	0.0003	0.0008	0.0006	0.0002	0.0001	0.0000	0.0001	4.1664	3.7305	0.4359	1.3638	1.2753	0.0885	2.8025	2.4552	0.3473	0.9218	0.4893	0.4324	0.1291	0.1196	0.0095	0.7927	0.3697	0.4229	331.0141	281.9700	0.0233	126.8084	164.7436	0.0035	885.0385	353673.6644	0.0001	0.0010	0.0013	0.0007	0.0065	0.0054	0.0211	0.0001	0.0000	0.0002
0	37	0.7100	12	2	2	0	0	0	0	0	0	Y	Y	N	N	N	N	N	N	N	N	N	N	0.0002	0.0001	0.0008	0.0007	0.0001	0.0001	0.0000	0.0001	0.0001	0.0000	0.0000	0.0000	0.0000	0.2108	0.4259	0.0000	0.1479	0.1819	0.0000	0.0000	0.0000	0.0000	0.0000	0.0000	-0.0000	-0.0004	48.2148	1.9903	10.6433	0.0021	0.0000	0.0000	0.0000	0.0000	0.0000	0.0000	0.0000	0.0000	0.0000	0.0007	0.0007	0.0000	0.0007	0.0007	0.0000	0.0000	0.0000	0.0000	0.3912	0.3529	0.0383	0.1700	0.1601	0.0099	0.2213	0.1928	0.0284	0.0417	0.0258	0.0159	0.0153	0.0132	0.0021	0.0265	0.0126	0.0139	0.0032	0.0022	0.0000	0.0027	0.0025	0.0000	0.0000	0.0000	0.0000	0.0160	0.0259	0.0000	0.0438	0.0507	0.0000	0.0000	0.0000	0.0000					
0	38	0.2231	5	1	2	0	1	0	0	0	0	N	Y	N	N	N	N	N	N	N	N	N	N	10.5707	1.9377	224.3346	1.1512	1.1967	21.9030	636.6262	491.5905	229.5115	0.2785	0.3004	0.0935	0.2583	0.2632	0.1879	0.2868	0.3168	0.0731	0.0263	0.1550	0.0004	0.2244	0.2199	0.0086	0.0005	0.0006	0.0003	0.0369	0.0316	-0.7012	-0.0071	48.2148	45.5232	10.6433	15.8903	2.7875	2.6883	0.0992	0.7560	0.7205	0.0355	2.0315	1.9678	0.0637	0.0118	0.0115	0.0004	0.0116	0.0115	0.0001	0.0003	0.0000	0.0003	10.0092	8.9481	1.0611	2.9267	2.7377	0.1890	7.0825	6.2104	0.8721	1.8365	0.9678	0.8687	0.2148	0.2044	0.0104	1.6217	0.7634	0.8583	43.2007	25.3343	224.3346	4.7988	4.6893	21.9030	1682.6152	75926.9684	229.5115	0.0064	0.0119	0.0004	0.0538	0.0561	0.0086	0.0002	0.0000	0.0003
0	39	0.1960	4	1	1	0	1	0	0	0	0	N	N	N	N	N	N	N	N	N	N	N	N	1.2376	1.0491	8.0510	7.8229	12.0059	0.2650	0.9719	0.4032	11.3331	0.6315	0.5367	1.2535	0.7746	0.8229	0.1616	0.5647	0.3892	1.4864	0.5103	0.5115	0.1557	0.0990	0.0685	0.6100	0.5810	0.9652	0.1312	0.3562	1.1950	-0.0573	-0.0022	48.2148	13.8166	10.6433	4.5847	2.3377	1.7238	0.6140	0.9129	0.8989	0.0139	1.4249	0.8248	0.6001	0.0265	0.0121	0.0144	0.0031	0.0024	0.0006	0.0234	0.0096	0.0138	3.7018	3.2120	0.4898	1.1786	1.0925	0.0861	2.5232	2.1195	0.4037	0.6557	0.3475	0.3082	0.0862	0.0832	0.0030	0.5695	0.2643	0.3052	15.6521	15.4726	26.8245	21.8210	28.2717	0.7684	13.7461	10.6793	32.9578	0.0403	0.0347	0.0467	0.0355	0.0291	0.2104	0.0411	0.0364	0.0451
0	40	0.2282	4	1	1	1	0	0	0	0	0	N	N	N	N	N	N	N	N	N	N	N	N	3.9012	8.1929	33.4759	0.4029	0.0449	2.1163	6.5210	16659.4552	52.9376	1.1163	0.9079	2.6929	0.0485	0.0039	0.7600	1.4894	1.2522	2.9837	0.2862	0.1108	0.0804	0.1203	0.0857	0.3591	0.2284	0.0001	0.0564	0.3922	2.4650	-0.0178	0.0013	48.2148	12.6411	10.6433	7.4648	3.2992	2.3697	0.9295	0.0371	0.0028	0.0343	3.2622	2.3670	0.8952	0.0151	0.0044	0.0107	0.0055	0.0044	0.0011	0.0096	0.0000	0.0096	2.9554	2.6102	0.3452	0.7652	0.7200	0.0451	2.1902	1.8902	0.3000	0.7707	0.4280	0.3427	0.1378	0.1302	0.0076	0.6329	0.2978	0.3351	56.9875	89.1762	85.9300	1.2143	0.1152	5.0615	98.2014	5736436.8385	104.1649	0.0196	0.0102	0.0313	0.0399	0.0335	0.1502	0.0152	0.0000	0.0286
0	41	0.6976	10	1	2	0	0	0	0	0	0	N	Y	N	N	N	N	N	N	N	N	N	N	3.3898	1.4935	0.8713	4.9488	4.2314	13.0201	170.2831	731.8748	0.4842	0.4866	0.5430	0.0010	0.6111	0.6527	0.0023	0.4079	0.4684	0.0006	0.1436	0.3636	0.0012	0.1235	0.1543	0.0002	0.0024	0.0006	0.0013	0.0002	0.0371	-0.5755	-0.0058	48.2148	22.0894	10.6433	9.3639	2.0057	2.0053	0.0004	0.9757	0.9755	0.0002	1.0300	1.0298	0.0002	0.0097	0.0094	0.0003	0.0094	0.0094	0.0000	0.0003	0.0000	0.0003	4.1215	3.6932	0.4283	1.5966	1.4945	0.1022	2.5249	2.1987	0.3261	0.7365	0.4361	0.3004	0.2323	0.2007	0.0316	0.5042	0.2354	0.2688	36.7961	25.2117	0.8713	15.1082	13.9473	13.0201	597.3746	112642.0795	0.4842	0.0132	0.0215	0.0012	0.0404	0.0468	0.0002	0.0007	0.0000	0.0013
0	42	0.1960	4	1	2	0	0	0	0	0	0	N	Y	N	N	N	N	N	N	N	N	N	N	57.2822	7.3235	4791.4170	3.3402	3.7523	6.6093	3273.3338	74758.6863	17708.6760	1.1665	0.7693	4.2007	0.9690	0.9876	0.6706	1.2293	0.6939	4.6935	0.0204	0.1050	0.0009	0.2901	0.2632	0.1015	0.0004	0.0000	0.0003	0.7148	0.0836	1.3511	-0.0053	48.2148	43.3975	10.6433	17.3745	10.4173	6.0751	4.3422	2.0877	2.0028	0.0849	8.3296	4.0723	4.2573	0.0097	0.0089	0.0007	0.0095	0.0089	0.0005	0.0002	0.0000	0.0002	8.9306	7.8969	1.0337	2.1545	2.0279	0.1266	6.7761	5.8691	0.9071	1.7619	0.9095	0.8525	0.1502	0.1418	0.0084	1.6117	0.7677	0.8440	212.0867	78.2315	4791.4170	15.3769	15.6577	10.8139	8855.7302	30612330.7781	17708.6760	0.0055	0.0098	0.0009	0.0630	0.0631	0.0620	0.0001	0.0000	0.0003
0	43	0.6277	9	2	1	1	0	0	0	0	0	Y	N	N	N	N	N	N	N	N	N	N	N	4.1675	1.8585	1077.2752	4.9036	4.2183	119.6088	668.8799	30.3664	1474.9012	0.0249	0.0267	0.0091	0.0516	0.0553	0.0008	0.0032	0.0018	0.0127	0.0060	0.0144	0.0000	0.0105	0.0131	0.0000	0.0000	0.0001	0.0000	0.0384	0.0016	-0.0237	-0.0007	48.2148	18.2331	10.6433	4.4208	0.0946	0.0911	0.0035	0.0880	0.0879	0.0001	0.0066	0.0032	0.0034	0.0012	0.0012	0.0000	0.0012	0.0012	0.0000	0.0000	0.0000	0.0000	3.7954	3.4095	0.3858	1.7056	1.5887	0.1168	2.0898	1.8208	0.2690	0.5370	0.3096	0.2274	0.1603	0.1384	0.0218	0.3767	0.1712	0.2056	11.3702	7.0384	1077.2752	7.0327	6.5144	119.6088	668.8799	11279.9006	1474.9012	0.0022	0.0038	0.0000	0.0073	0.0085	0.0000	0.0000	0.0000	0.0000
0	44	0.6875	9	1	2	0	1	0	0	0	0	N	Y	N	N	N	N	N	N	N	N	N	N	0.6060	1.5552	0.4112	5.5451	5.2519	0.0755	0.4367	234.5905	0.5268	0.6727	0.5647	1.6063	0.7898	0.8469	0.0011	0.5837	0.3346	2.2348	1.1101	0.3631	3.9067	0.1424	0.1613	0.0143	1.3364	0.0014	4.2420	0.3289	39.5137	-0.3203	0.3474	48.2148	62.5878	10.6433	29.9840	8.0762	6.0775	1.9987	4.0950	4.0946	0.0004	3.9812	1.9829	1.9983	1.0013	0.0247	0.9766	0.0259	0.0247	0.0012	0.9754	0.0000	0.9753	12.0060	10.7617	1.2443	5.1848	4.8347	0.3501	6.8212	5.9270	0.8942	1.9067	1.1480	0.7587	0.6031	0.5168	0.0863	1.3036	0.6312	0.6724	1.2810	26.2318	1.2480	18.3655	17.7196	0.0755	0.7801	15174.6313	1.5406	0.5251	0.0215	1.2871	0.0430	0.0478	0.0143	0.7482	0.0000	1.4505
0	45	0.6277	9	2	1	1	0	0	0	0	0	Y	N	N	N	N	N	N	N	N	N	N	N	1103.8659	663.9871	96.5580	874.7217	937.6731	0.8878	1169.3091	689.9111	523.1168	0.4098	0.4550	0.0113	0.8391	0.9030	0.0008	0.0400	0.0435	0.0162	0.0004	0.0007	0.0001	0.0010	0.0010	0.0009	0.0000	0.0001	0.0000	0.0028	0.1942	-0.3433	-0.0001	48.2148	13.5293	10.6433	3.1702	1.2073	1.2039	0.0034	1.1439	1.1438	0.0001	0.0634	0.0601	0.0033	0.0001	0.0001	0.0000	0.0001	0.0001	0.0000	0.0000	0.0000	0.0000	2.9462	2.6460	0.3001	1.3632	1.2667	0.0965	1.5830	1.3793	0.2037	0.4082	0.2364	0.1718	0.1236	0.1073	0.0163	0.2846	0.1291	0.1555	1355.2159	1040.5780	96.5580	874.7217	937.6731	0.8878	2349.3687	246513.8552	523.1168	0.0003	0.0004	0.0001	0.0010	0.0010	0.0009	0.0000	0.0000	0.0000
0	46	0.6233	8	2	1	1	0	0	0	0	0	Y	N	N	N	N	N	N	N	N	N	N	N	16.4110	2.1607	737.5586	3.7022	2.9091	72.1686	77.1027	14.0888	1206.1024	0.1297	0.0303	1.0458	0.0344	0.0312	0.0729	0.2404	0.0292	1.7534	0.0079	0.0140	0.0014	0.0093	0.0107	0.0010	0.0031	0.0021	0.0015	3.7460	0.2472	0.0848	-0.0002	48.2148	4.1147	10.6433	1.2946	0.1688	0.0356	0.1332	0.0241	0.0201	0.0039	0.1447	0.0154	0.1293	0.0005	0.0004	0.0001	0.0004	0.0004	0.0000	0.0001	0.0000	0.0001	1.3016	1.1742	0.1274	0.6996	0.6460	0.0536	0.6020	0.5283	0.0737	0.1727	0.1045	0.0681	0.0595	0.0540	0.0055	0.1132	0.0505	0.0626	45.9288	8.0993	737.5586	5.1909	4.3334	72.1686	290.9733	599.4335	1206.1024	0.0028	0.0037	0.0014	0.0066	0.0072	0.0010	0.0008	0.0000	0.0015
0	47	0.5606	7	2	1	0	0	0	0	0	0	Y	N	N	N	N	N	N	N	N	N	N	N	1.3295	0.7085	125.2083	0.4501	0.4252	19.1981	17.7338	3.5673	220.4822	1.0055	0.7008	3.5138	0.5525	0.5529	0.5464	1.3192	0.8115	4.5277	0.7563	0.9892	0.0281	1.2275	1.3004	0.0285	0.0744	0.2275	0.0205	0.6090	0.0532	0.4587	-0.0751	48.2148	22.0103	10.6433	13.6452	5.0213	3.1208	1.9005	1.1288	1.0535	0.0753	3.8925	2.0673	1.8253	0.1299	0.1234	0.0066	0.1233	0.1222	0.0011	0.0066	0.0012	0.0054	4.9938	4.4529	0.5409	2.0431	1.9054	0.1377	2.9507	2.5476	0.4031	1.2950	0.8144	0.4807	0.4632	0.4200	0.0431	0.8318	0.3943	0.4375	10.0218	4.6261	257.4296	2.0755	1.9010	20.9221	165.5044	267.4928	364.5473	0.1003	0.1515	0.0136	0.2662	0.2909	0.0261	0.0080	0.0030	0.0124
0	48	0.2282	4	1	2	0	0	0	0	0	0	N	Y	N	N	N	N	N	N	N	N	N	N	17.5944	6.8493	72.0077	22.1869	20.8565	2.3590	7.5176	3.3729	81.5276	0.2286	0.2501	0.0658	0.8478	0.9010	0.0007	0.0117	0.0016	0.0757	0.0130	0.0365	0.0009	0.0382	0.0432	0.0003	0.0016	0.0005	0.0009	0.0348	0.1095	-0.1703	-0.0014	48.2148	12.3962	10.6433	3.7178	0.6717	0.6491	0.0226	0.6462	0.6462	0.0000	0.0255	0.0029	0.0226	0.0027	0.0024	0.0003	0.0024	0.0024	0.0000	0.0003	0.0000	0.0003	2.9389	2.5955	0.3434	0.7622	0.7172	0.0450	2.1767	1.8783	0.2984	0.6628	0.3746	0.2882	0.1290	0.1225	0.0064	0.5338	0.2521	0.2818	56.7097	38.9081	72.0077	45.3830	45.8584	2.3590	23.8702	681.7183	81.5276	0.0040	0.0064	0.0009	0.0187	0.0196	0.0003	0.0005	0.0000	0.0009
0	49	0.1993	3	1	1	0	0	0	0	0	0	N	N	N	N	N	N	N	N	N	N	N	N	19.4546	13.1842	65.3568	6.3784	6.7140	2.0575	37.3370	219.8737	112.0922	0.4406	0.4167	0.5812	0.2491	0.2669	0.0377	0.5370	0.5014	0.6992	0.0226	0.0316	0.0089	0.0391	0.0398	0.0183	0.0144	0.0023	0.0062	0.2379	0.7610	-0.1862	-0.0010	48.2148	14.4870	10.6433	5.8627	1.9607	1.5839	0.3768	0.3710	0.3667	0.0044	1.5897	1.2172	0.3724	0.0049	0.0028	0.0021	0.0030	0.0028	0.0002	0.0019	0.0000	0.0019	4.4497	3.8015	0.6482	1.4893	1.3737	0.1156	2.9604	2.4278	0.5326	0.8261	0.4580	0.3681	0.1572	0.1448	0.0123	0.6690	0.3132	0.3558	74.5508	68.8305	101.3876	13.1393	14.0376	2.0575	188.7715	8403.9663	132.0146	0.0059	0.0061	0.0057	0.0190	0.0190	0.0183	0.0028	0.0001	0.0053
0	50	0.3974	10	2	2	1	0	0	0	0	0	Y	Y	N	N	N	N	N	N	N	N	N	N	3.9523	2.2832	0.0000	0.0000	inf	inf	0.0004	0.0004	0.0000	0.0000	0.0000	0.0000	0.0006	0.0007	0.0000	0.0001	0.0002	0.0000	0.0007	0.0008	0.0000	0.0000	0.0000	0.0000	0.0000	0.0000	-0.0000	-0.0000	48.2148	0.9856	10.6433	2.8295	0.0001	0.0001	0.0000	0.0000	0.0000	0.0000	0.0001	0.0001	0.0000	0.0000	0.0000	0.0000	0.0000	0.0000	0.0000	0.0000	0.0000	0.0000	0.2055	0.1842	0.0213	0.0654	0.0620	0.0034	0.1401	0.1222	0.0179	0.1017	0.0553	0.0463	0.0143	0.0123	0.0021	0.0873	0.0431	0.0443	3.9523	2.3994	0.0000	0.0000	0.0000	0.0000	inf	inf	0.0000	0.0001	0.0002	0.0000	0.0007	0.0008	0.0000	0.0000	0.0000	0.0000			
0	51	0.6674	10	2	2	0	0	0	0	0	0	Y	Y	N	N	N	N	N	N	N	N	N	N	25.8158	13.8535	0.5014	41.4166	39.8642	0.0264	0.5017	2.6200	0.8960	0.3015	0.3383	0.0005	0.6379	0.6885	0.0001	0.0007	0.0007	0.0007	0.0117	0.0244	0.0010	0.0154	0.0173	0.0030	0.0013	0.0002	0.0008	0.0002	0.1211	-0.2860	-0.0011	48.2148	13.3057	10.6433	8.6321	0.9967	0.9965	0.0002	0.9956	0.9956	0.0000	0.0012	0.0010	0.0002	0.0021	0.0019	0.0002	0.0019	0.0019	0.0001	0.0002	0.0000	0.0002	3.3059	2.9460	0.3598	1.5608	1.4459	0.1149	1.7451	1.5001	0.2450	0.5686	0.3493	0.2193	0.1972	0.1751	0.0221	0.3715	0.1743	0.1972	82.3548	63.6416	0.5014	65.3756	64.9264	0.0264	1.5513	781.2873	0.8960	0.0037	0.0053	0.0010	0.0098	0.0106	0.0030	0.0004	0.0000	0.0008
0	52	0.2888	4	1	2	0	1	0	0	0	0	N	Y	N	N	N	N	N	N	N	N	N	N	312.7590	271.4543	0.0095	1.0786	1.0386	0.0671	603.2472	3065.9709	0.0065	2.2587	2.5367	0.0000	0.0139	0.0147	0.0001	3.0246	3.4693	0.0000	0.0072	0.0093	0.0024	0.0129	0.0142	0.0010	0.0050	0.0011	0.0024	0.0000	0.6380	-0.3174	-0.0000	48.2148	2.1073	10.6433	0.0711	1.1052	1.1052	0.0000	0.0017	0.0017	0.0000	1.1035	1.1035	0.0000	0.0002	0.0001	0.0001	0.0001	0.0001	0.0000	0.0001	0.0000	0.0001	0.4893	0.4357	0.0536	0.1245	0.1176	0.0069	0.3648	0.3181	0.0468	0.0737	0.0420	0.0317	0.0139	0.0131	0.0007	0.0598	0.0288	0.0310	860.9752	902.1033	0.0095	1.6309	1.6442	0.0671	2415.5837	257245.3055	0.0065	0.0026	0.0028	0.0024	0.0085	0.0090	0.0010	0.0013	0.0000	0.0024
0	53	0.2264	3	1	1	0	1	0	0	0	0	N	N	N	N	N	N	N	N	N	N	N	N	2.4727	3.2548	0.0957	0.3308	0.3532	0.0321	3.4715	1093.3091	0.1292	1.2299	1.3794	0.0187	0.3842	0.4066	0.0173	1.4782	1.6871	0.0189	0.4974	0.4238	0.1959	1.1612	1.1512	0.5394	0.4258	0.0015	0.1465	0.0017	1.9525	-1.5573	0.0010	48.2148	21.8329	10.6433	8.0592	5.4554	5.4463	0.0091	0.3867	0.3857	0.0010	5.0687	5.0606	0.0081	0.0313	0.0106	0.0207	0.0117	0.0106	0.0011	0.0196	0.0000	0.0196	4.4357	3.9482	0.4875	1.0067	0.9487	0.0580	3.4290	2.9996	0.4294	0.8164	0.4113	0.4051	0.0487	0.0432	0.0055	0.7677	0.3681	0.3996	32.0445	53.4609	0.3664	1.6005	1.6568	0.0877	57.7534	64238.0142	0.3852	0.0384	0.0258	0.0512	0.2400	0.2454	0.1975	0.0256	0.0000	0.0491
0	54	0.7799	12	1	2	0	1	0	0	0	0	N	Y	N	N	N	N	N	N	N	N	N	N	0.0000	0.0000	0.0000	0.0000	0.0000	0.0000	0.0000	0.0000	0.0000	0.0000	0.0000	0.0000	0.0000	0.0000	0.0000	0.0000	0.0000	0.0000	0.0000	0.0000	48.2148	0.0000	10.6433	0.0000	0.0000	0.0000	0.0000	0.0000	0.0000	0.0000	0.0000	0.0000	0.0000	0.0000	0.0000	0.0000	0.0000	0.0000	0.0000	0.0000	0.0000	0.0000	0.0000	0.0000	0.0000	0.0000	0.0000	0.0000	0.0000	0.0000	0.0000	0.0000	0.0000	0.0000	0.0000	0.0000	0.0000	0.0000	0.0000	0.0000	0.0000	0.0000	0.0000	0.0000	0.0000	0.0000	0.0000	0.0000	0.0000	0.0000	0.0000	0.0000	0.0000	0.0000	0.0000	0.0000	0.0000	0.0000											
0	55	0.2264	3	1	1	0	1	0	0	0	0	N	N	N	N	N	N	N	N	N	N	N	N	0.3348	0.1154	0.0025	0.4297	0.4668	0.0001	0.1763	0.1740	0.0034	0.0118	0.0132	0.0000	0.0327	0.0348	0.0000	0.0014	0.0017	0.0000	0.0353	0.1144	0.0036	0.0762	0.0745	0.0043	0.0082	0.0095	0.0033	0.0001	0.2440	-0.0012	-0.0002	48.2148	1.2825	10.6433	0.1503	0.0043	0.0043	0.0000	0.0039	0.0039	0.0000	0.0004	0.0004	0.0000	0.0004	0.0003	0.0001	0.0003	0.0003	0.0000	0.0001	0.0000	0.0001	0.3636	0.3255	0.0380	0.1206	0.1136	0.0070	0.2430	0.2119	0.0310	0.0577	0.0326	0.0251	0.0109	0.0106	0.0004	0.0468	0.0220	0.0247	1.6156	1.2684	0.0028	1.0771	1.1123	0.0001	0.7542	4.4381	0.0034	0.0073	0.0104	0.0033	0.0304	0.0313	0.0043	0.0019	0.0004	0.0033
0	56	0.1854	2	1	1	0	1	0	0	0	0	N	N	N	N	N	N	N	N	N	N	N	N	1.7075	0.9912	0.6198	2.4060	2.4162	0.2514	4.8006	0.6207	0.6178	0.4038	0.4661	0.0009	0.4617	0.4966	0.0014	0.3760	0.4498	0.0008	0.2365	0.4702	0.0014	0.1919	0.2055	0.0056	0.0783	0.7246	0.0012	0.0003	0.0374	-0.4952	-0.0096	48.2148	14.8542	10.6433	6.8183	1.7263	1.7258	0.0005	0.6399	0.6398	0.0001	1.0863	1.0860	0.0004	0.0161	0.0156	0.0006	0.0101	0.0100	0.0001	0.0061	0.0056	0.0005	4.2754	3.7028	0.5726	1.3861	1.2883	0.0978	2.8892	2.4145	0.4747	0.9399	0.5289	0.4110	0.2023	0.1859	0.0164	0.7376	0.3430	0.3946	23.5037	15.8371	0.6198	9.2607	9.2381	0.2514	45.7584	27.6888	0.6178	0.0172	0.0294	0.0014	0.0499	0.0538	0.0056	0.0082	0.0162	0.0012
0	59	0.7799	12	1	1	0	1	0	0	0	0	N	N	N	N	N	N	N	N	N	N	N	N	0.0000	0.0000	0.0000	0.0000	0.0000	0.0000	0.0000	0.0000	0.0000	0.0000	0.0000	0.0000	0.0000	0.0000	0.0000	0.0000	0.0000	0.0000	-0.0000	0.0000	48.2148	0.0000	10.6433	0.0000	0.0000	0.0000	0.0000	0.0000	0.0000	0.0000	0.0000	0.0000	0.0000	0.0000	0.0000	0.0000	0.0000	0.0000	0.0000	0.0000	0.0000	0.0000	0.0000	0.0000	0.0000	0.0000	0.0000	0.0000	0.0000	0.0000	0.0000	0.0000	0.0000	0.0000	0.0000	0.0000	0.0000	0.0000	0.0000	0.0000	0.0000	0.0000	0.0000	0.0000	0.0000	0.0000	0.0000	0.0000	0.0000	0.0000	0.0000	0.0000	0.0000	0.0000	0.0000	0.0000	0.0000	0.0000											
0	60	0.7025	11	1	1	0	1	0	0	0	0	N	N	N	N	N	N	N	N	N	N	N	N	7.0884	2.3088	0.2097	16.3023	13.4286	0.1260	113.5761	70.5683	0.2513	0.4791	0.5346	0.0003	1.0019	1.0692	0.0007	0.1773	0.2032	0.0002	0.0676	0.2316	0.0016	0.0615	0.0796	0.0055	0.0016	0.0029	0.0009	0.0001	0.0683	-0.4379	-0.0033	48.2148	19.3360	10.6433	7.9957	1.5254	1.5253	0.0001	1.1674	1.1674	0.0001	0.3580	0.3579	0.0001	0.0058	0.0055	0.0004	0.0056	0.0054	0.0002	0.0002	0.0000	0.0002	3.1837	2.8529	0.3308	1.1652	1.0918	0.0734	2.0185	1.7611	0.2574	0.6080	0.3689	0.2391	0.2044	0.1695	0.0349	0.4036	0.1994	0.2042	49.9552	36.1342	0.2097	36.3631	33.3043	0.1260	360.2528	2469.0361	0.2513	0.0096	0.0148	0.0016	0.0276	0.0321	0.0055	0.0005	0.0001	0.0009
0	61	0.3924	9	1	2	1	0	0	0	0	0	N	Y	N	N	N	N	N	N	N	N	N	N	51.3041	10.9623	0.0772	14.1403	12.4823	0.1170	11693.1137	3605.9417	0.0403	0.9410	1.0516	0.0000	0.9994	1.0586	0.0000	0.9102	1.0476	0.0000	0.0183	0.0959	0.0001	0.0707	0.0848	0.0001	0.0001	0.0003	0.0001	0.0000	0.0056	-0.7671	-0.0022	48.2148	14.2360	10.6433	11.9336	2.6715	2.6715	0.0000	0.9811	0.9811	0.0000	1.6904	1.6904	0.0000	0.0036	0.0035	0.0000	0.0035	0.0035	0.0000	0.0000	0.0000	0.0000	2.8389	2.5403	0.2986	0.9817	0.9268	0.0549	1.8572	1.6135	0.2436	0.6903	0.3775	0.3128	0.1195	0.1062	0.0133	0.5708	0.2713	0.2994	182.7930	112.3406	0.0772	33.7893	31.8154	0.1170	28558.8607	981845.6603	0.0403	0.0051	0.0094	0.0001	0.0296	0.0333	0.0001	0.0000	0.0000	0.0001
0	62	0.3203	9	2	1	1	0	0	0	0	0	Y	N	N	N	N	N	N	N	N	N	N	N	0.2786	0.1989	0.3649	3.3337	1.6280	1602.6821	0.0177	0.0141	0.0086	0.3608	0.2110	1.6512	1.0967	0.5878	10.5337	0.0272	0.0251	0.0416	1.2952	1.0609	4.5254	0.3290	0.3611	0.0066	1.5368	1.7756	4.8224	0.9087	8.3477	0.3736	0.2899	48.2148	28.8660	10.6433	13.2209	1.9773	1.0359	0.9414	1.8747	0.9534	0.9213	0.1026	0.0825	0.0201	1.0953	0.1172	0.9781	0.0119	0.0117	0.0001	1.0834	0.1054	0.9780	5.4795	4.9094	0.5701	1.7094	1.6219	0.0875	3.7701	3.2875	0.4826	1.1133	0.6090	0.5043	0.1722	0.1539	0.0184	0.9411	0.4551	0.4860	0.3668	1.0967	0.8514	15.9172	7.7009	1602.6821	0.0236	0.1083	0.0207	0.9838	0.1924	1.9394	0.0689	0.0763	0.0066	1.1512	0.2316	2.0123
0	63	0.3176	8	2	2	0	0	0	0	0	0	Y	Y	N	N	N	N	N	N	N	N	N	N	25.6117	7.6823	454.1543	14.5004	11.2742	108.0201	64.1993	2.4726	540.9936	0.0111	0.0068	0.0456	0.0243	0.0200	0.0860	0.0060	0.0013	0.0377	0.0004	0.0009	0.0001	0.0017	0.0018	0.0008	0.0001	0.0005	0.0001	0.8371	0.1535	0.0019	-0.0001	48.2148	5.0237	10.6433	8.0282	0.0115	0.0063	0.0053	0.0071	0.0054	0.0016	0.0045	0.0008	0.0036	0.0001	0.0001	0.0000	0.0001	0.0001	0.0000	0.0000	0.0000	0.0000	1.0394	0.9242	0.1152	0.2904	0.2717	0.0188	0.7490	0.6526	0.0964	0.4057	0.2266	0.1791	0.0733	0.0658	0.0076	0.3324	0.1608	0.1716	33.2823	13.1253	454.1543	14.5004	11.2742	108.0201	160.1440	475.8350	540.9936	0.0003	0.0005	0.0001	0.0017	0.0018	0.0008	0.0000	0.0000	0.0001
0	64	0.2545	7	2	2	0	0	0	0	0	0	Y	Y	N	N	N	N	N	N	N	N	N	N	335.6356	51.6258	12499.7600	82.4344	52.8540	441.7180	1043.0304	14.7097	28950.5570	1.2044	0.3445	8.5678	1.0917	0.6330	7.6825	1.2597	0.1934	8.7957	0.0036	0.0067	0.0007	0.0132	0.0120	0.0174	0.0012	0.0131	0.0003	2.9047	0.2774	2.2554	-0.0007	48.2148	17.5893	10.6433	19.0270	4.9378	1.2646	3.6732	1.4729	0.7985	0.6744	3.4648	0.4661	2.9988	0.0016	0.0013	0.0004	0.0013	0.0011	0.0002	0.0004	0.0002	0.0002	4.0998	3.6711	0.4287	1.3492	1.2614	0.0878	2.7506	2.4096	0.3409	1.0981	0.5823	0.5157	0.1449	0.1334	0.0115	0.9532	0.4490	0.5042	812.3968	157.4033	12499.7600	125.9707	80.0000	441.7180	3224.7423	396.2526	28950.5570	0.0015	0.0022	0.0007	0.0087	0.0079	0.0174	0.0004	0.0005	0.0003
0	65	0.2482	6	1	2	0	0	0	0	0	0	N	Y	N	N	N	N	N	N	N	N	N	N	3.7188	116.7301	27.7249	15.5902	385.6653	5.7432	1.7783	20.4227	6.8964	1.1950	0.6934	5.5037	3.8249	1.9938	40.0299	0.1237	0.1158	0.1784	0.3213	0.0059	0.1985	0.2453	0.0052	6.9700	0.0696	0.0057	0.0259	0.9240	16.5528	0.1004	0.0016	48.2148	1.7566	10.6433	2.8742	0.5200	0.2703	0.2497	0.4818	0.2390	0.2427	0.0383	0.0312	0.0070	0.0052	0.0003	0.0049	0.0038	0.0003	0.0035	0.0014	0.0000	0.0013	0.4352	0.3898	0.0454	0.1260	0.1199	0.0061	0.3092	0.2699	0.0393	0.2406	0.1463	0.0943	0.0664	0.0630	0.0034	0.1743	0.0833	0.0910	55.6078	344.3180	106.4780	66.4924	455.2592	38.1602	15.9263	513.9395	12.1530	0.0215	0.0020	0.0517	0.0575	0.0044	1.0490	0.0078	0.0002	0.0147
0	66	0.3924	9	1	2	0	0	0	0	0	0	N	Y	N	N	N	N	N	N	N	N	N	N	424.5502	162.2682	4760.7863	3.1685	1.3039	15.8439	1351.4972	1617.1779	10317.8881	0.7194	0.2734	4.5364	0.0127	0.0037	0.1628	1.0878	0.4258	5.5307	0.0017	0.0017	0.0010	0.0040	0.0029	0.0103	0.0008	0.0003	0.0005	1.9388	0.9954	1.0995	-0.0001	48.2148	21.1811	10.6433	10.1862	2.9511	1.0042	1.9469	0.0179	0.0049	0.0129	2.9332	0.9993	1.9340	0.0007	0.0004	0.0004	0.0005	0.0004	0.0002	0.0002	0.0000	0.0002	4.1020	3.6728	0.4292	1.4055	1.3261	0.0795	2.6964	2.3468	0.3497	0.8147	0.4453	0.3693	0.1396	0.1238	0.0158	0.6751	0.3215	0.3535	830.7350	344.3560	4760.7863	3.4421	1.3039	15.8439	3869.0876	460528.4335	10317.8881	0.0009	0.0008	0.0010	0.0037	0.0029	0.0103	0.0003	0.0000	0.0005
0	67	0.3786	8	1	2	0	0	0	0	0	0	N	Y	N	N	N	N	N	N	N	N	N	N	17.0507	2.9995	451.6900	1.8473	1.5652	0.3269	23.3264	0.6715	528.7854	0.0443	0.0122	0.3200	0.0063	0.0066	0.0000	0.0634	0.0153	0.3883	0.0026	0.0041	0.0007	0.0034	0.0042	0.0001	0.0027	0.0228	0.0007	3.0477	0.3881	0.0315	-0.0001	48.2148	7.4253	10.6433	0.9851	0.0676	0.0167	0.0509	0.0032	0.0032	0.0000	0.0645	0.0135	0.0509	0.0003	0.0002	0.0001	0.0001	0.0001	0.0000	0.0001	0.0001	0.0001	1.5269	1.3678	0.1592	0.5110	0.4830	0.0280	1.0160	0.8848	0.1312	0.2284	0.1241	0.1043	0.0368	0.0323	0.0044	0.1916	0.0917	0.0999	38.2823	7.9619	451.6900	1.8975	1.7733	0.3269	84.9229	20.0813	528.7854	0.0012	0.0015	0.0007	0.0033	0.0037	0.0001	0.0007	0.0008	0.0007
0	68	0.1993	3	1	1	1	0	0	0	0	0	N	N	N	N	N	N	N	N	N	N	N	N	51.8626	9.4773	5939.9782	7.3867	4.8046	1495.4039	710.7005	46.3553	6775.5801	0.6913	0.4361	2.1995	0.3167	0.2366	1.2742	0.8768	0.5469	2.3978	0.0133	0.0460	0.0004	0.0429	0.0493	0.0009	0.0012	0.0118	0.0004	0.8536	0.0418	0.5457	-0.0021	48.2148	15.0354	10.6433	6.2061	3.1473	1.6979	1.4494	0.4773	0.3291	0.1482	2.6700	1.3688	1.3012	0.0035	0.0034	0.0001	0.0032	0.0032	0.0000	0.0003	0.0001	0.0001	4.5525	3.8935	0.6590	1.5071	1.3909	0.1163	3.0453	2.5026	0.5427	0.8518	0.4707	0.3811	0.1589	0.1464	0.0125	0.6928	0.3243	0.3686	167.3087	60.7532	5939.9782	15.5217	10.7174	1495.4039	2194.7982	1211.9715	6775.5801	0.0041	0.0072	0.0004	0.0204	0.0221	0.0009	0.0004	0.0005	0.0004
0	69	0.1312	2	1	1	0	0	0	0	0	0	N	N	N	N	N	N	N	N	N	N	N	N	1.2697	0.9101	115.8463	0.4793	0.5060	13.1029	80.3010	13.6312	118.8210	0.5277	0.5950	0.2062	0.7173	0.7544	0.2526	0.4490	0.5169	0.1995	0.4156	0.6538	0.0018	1.4967	1.4909	0.0193	0.0056	0.0379	0.0017	0.0725	0.0316	-0.9422	-0.0235	48.2148	27.6811	10.6433	13.1592	4.2913	4.0014	0.2900	1.7116	1.6671	0.0445	2.5797	2.3343	0.2454	0.0393	0.0381	0.0012	0.0376	0.0375	0.0001	0.0017	0.0006	0.0011	8.1315	6.7253	1.4062	2.3861	2.2098	0.1762	5.7455	4.5155	1.2300	1.3361	0.6599	0.6762	0.1067	0.1029	0.0039	1.2294	0.5570	0.6724	17.9359	10.3018	115.8463	2.0363	2.0681	13.1029	322.8277	495.8941	118.8210	0.0294	0.0578	0.0018	0.3523	0.3648	0.0193	0.0014	0.0010	0.0017
0	71	0.3818	9	2	2	0	0	0	0	0	0	Y	Y	N	N	N	N	N	N	N	N	N	N	101.0697	3.0534	1039.1618	30.3123	2.6522	63.5779	258130.1497	1.4910	1057968.4154	0.4656	0.0010	4.4690	0.5679	0.0027	9.7113	0.4122	0.0000	3.2224	0.0046	0.0003	0.0043	0.0187	0.0010	0.1527	0.0000	0.0000	0.0000	521.4430	11.4592	1.1631	0.0003	48.2148	17.5448	10.6433	6.0013	1.6360	0.0031	1.6329	0.6848	0.0031	0.6817	0.9512	0.0000	0.9512	0.0011	0.0001	0.0010	0.0011	0.0001	0.0010	0.0000	0.0000	0.0000	3.5137	3.1483	0.3654	1.2058	1.1356	0.0702	2.3079	2.0127	0.2952	0.6191	0.3367	0.2824	0.0993	0.0873	0.0120	0.5198	0.2494	0.2704	257.3207	3.7244	1225.0471	50.3922	2.6522	113.3545	258130.1497	590.4526	1057968.4154	0.0018	0.0003	0.0036	0.0113	0.0010	0.0857	0.0000	0.0000	0.0000
0	72	0.4502	12	2	2	1	0	0	0	0	0	Y	Y	N	N	N	N	N	N	N	N	N	N	7.2682	4.1278	0.0000	0.0752	0.0766	0.0000	90951.6544	inf	0.0000	0.0108	0.0121	0.0000	0.0002	0.0002	0.0000	0.0190	0.0220	0.0000	0.0015	0.0029	0.0000	0.0022	0.0023	0.0000	0.0000	0.0000	0.0000	0.0000	0.0002	-0.0013	-0.0001	48.2148	1.8980	10.6433	2.9698	0.0047	0.0047	0.0000	0.0000	0.0000	0.0000	0.0047	0.0047	0.0000	0.0002	0.0002	0.0000	0.0002	0.0002	0.0000	0.0000	0.0000	0.0000	0.4328	0.3878	0.0451	0.1876	0.1765	0.0111	0.2452	0.2112	0.0340	0.2012	0.1348	0.0664	0.0722	0.0692	0.0030	0.1290	0.0656	0.0634	13.7899	10.3164	0.0000	0.0752	0.0766	0.0000	90951.6544	inf	0.0000	0.0008	0.0012	0.0000	0.0022	0.0023	0.0000	0.0000	0.0000	0.0000
0	73	0.4307	11	2	1	1	0	0	0	0	0	Y	N	N	N	N	N	N	N	N	N	N	N	2.9176	1.8528	3.0905	5.0549	4.9062	7.0474	1.5071	0.1042	1.7116	0.0076	0.0081	0.0012	0.0103	0.0106	0.0028	0.0048	0.0053	0.0006	0.0026	0.0044	0.0004	0.0020	0.0022	0.0004	0.0032	0.0513	0.0004	0.0119	0.1381	-0.0031	-0.0002	48.2148	3.5853	10.6433	4.3819	0.0113	0.0111	0.0001	0.0078	0.0077	0.0001	0.0035	0.0034	0.0001	0.0003	0.0003	0.0000	0.0001	0.0001	0.0000	0.0002	0.0001	0.0000	1.4818	1.3676	0.1143	0.7535	0.7256	0.0279	0.7284	0.6420	0.0864	0.2586	0.1616	0.0970	0.0667	0.0621	0.0046	0.1919	0.0995	0.0925	6.5642	4.9986	3.0905	5.0549	4.9062	7.0474	5.6215	4.1263	1.7116	0.0012	0.0016	0.0004	0.0020	0.0022	0.0004	0.0009	0.0013	0.0004
0	74	0.3992	10	2	1	1	0	0	0	0	0	Y	N	N	N	N	N	N	N	N	N	N	N	135.4020	53.3576	2957.2601	59.5233	56.1430	0.5169	258.6561	15.5755	4166.7084	0.8305	0.6176	2.7564	0.7238	0.7651	0.0017	0.8932	0.5237	3.4500	0.0061	0.0116	0.0009	0.0122	0.0136	0.0032	0.0035	0.0336	0.0008	0.4935	0.2169	0.0946	-0.0006	48.2148	12.3589	10.6433	7.3592	2.1844	1.4626	0.7218	0.7045	0.7044	0.0001	1.4799	0.7581	0.7218	0.0012	0.0010	0.0002	0.0008	0.0008	0.0000	0.0004	0.0002	0.0002	2.6302	2.3683	0.2619	0.9734	0.9207	0.0527	1.6568	1.4476	0.2092	0.5459	0.3104	0.2354	0.1017	0.0915	0.0102	0.4442	0.2189	0.2253	368.2874	189.5311	2957.2601	88.2588	87.4270	0.5169	998.7436	544.0603	4166.7084	0.0023	0.0033	0.0009	0.0082	0.0088	0.0032	0.0009	0.0010	0.0008
0	75	0.3818	9	2	1	1	0	0	0	0	0	Y	N	N	N	N	N	N	N	N	N	N	N	614.2580	206.6521	11970.3882	1038.3367	996.1567	23.7999	381.8998	10.1674	14577.9243	1.1277	0.7232	4.6275	0.5233	0.5561	0.0025	1.4648	0.8239	5.8166	0.0018	0.0035	0.0004	0.0005	0.0006	0.0001	0.0038	0.0810	0.0004	0.7395	0.2382	0.3352	-0.0001	48.2148	10.2127	10.6433	1.0234	2.4291	1.3964	1.0327	0.4035	0.4034	0.0001	2.0255	0.9930	1.0326	0.0003	0.0002	0.0001	0.0000	0.0000	0.0000	0.0003	0.0002	0.0001	2.1539	1.9308	0.2232	0.7712	0.7255	0.0456	1.3828	1.2053	0.1775	0.3035	0.1650	0.1385	0.0490	0.0431	0.0059	0.2545	0.1218	0.1326	1229.6999	530.8103	11970.3882	1038.3367	996.1567	23.7999	1469.7448	500.1534	14577.9243	0.0009	0.0014	0.0004	0.0005	0.0006	0.0001	0.0010	0.0016	0.0004
0	76	0.3786	8	2	1	0	0	0	0	0	0	Y	N	N	N	N	N	N	N	N	N	N	N	325.4645	6.1744	2767.5165	6.5978	3.9315	24.1328	162.5732	0.2996	3379.3550	0.0651	0.0012	0.6231	0.0006	0.0003	0.0071	0.0986	0.0017	0.7508	0.0002	0.0002	0.0002	0.0001	0.0001	0.0003	0.0006	0.0056	0.0002	61.6195	1.0590	0.0364	-0.0000	48.2148	3.7027	10.6433	0.0091	0.0522	0.0008	0.0513	0.0002	0.0001	0.0001	0.0520	0.0008	0.0512	0.0000	0.0000	0.0000	0.0000	0.0000	0.0000	0.0000	0.0000	0.0000	0.8016	0.7192	0.0824	0.2741	0.2600	0.0142	0.5275	0.4592	0.0683	0.1018	0.0553	0.0465	0.0164	0.0145	0.0020	0.0854	0.0409	0.0446	325.4645	6.4781	2767.5165	6.5978	3.9315	24.1328	446.3463	7.6171	3379.3550	0.0002	0.0002	0.0002	0.0001	0.0001	0.0003	0.0002	0.0002	0.0002
0	77	0.3616	7	1	1	0	0	0	0	0	0	N	N	N	N	N	N	N	N	N	N	N	N	16.0751	3.8176	1.2657	9.9672	9.9017	0.7403	1443.3152	257.6706	0.8744	0.3281	0.3655	0.0001	0.4965	0.5373	0.0002	0.1843	0.2106	0.0001	0.0204	0.0957	0.0001	0.0498	0.0543	0.0003	0.0001	0.0008	0.0001	0.0000	0.0069	-0.1019	-0.0013	48.2148	3.8334	10.6433	6.1787	0.3550	0.3550	0.0000	0.2474	0.2474	0.0000	0.1075	0.1075	0.0000	0.0020	0.0020	0.0000	0.0020	0.0020	0.0000	0.0000	0.0000	0.0000	1.0820	0.9711	0.1109	0.4984	0.4605	0.0379	0.5836	0.5106	0.0730	0.3718	0.2177	0.1541	0.0892	0.0834	0.0058	0.2826	0.1343	0.1483	59.5334	39.1036	1.2657	21.7606	22.0358	0.7403	3877.2226	31723.1844	0.8744	0.0055	0.0093	0.0001	0.0228	0.0244	0.0003	0.0000	0.0000	0.0001
0	78	0.3225	6	1	1	0	0	0	0	0	0	N	N	N	N	N	N	N	N	N	N	N	N	69.0863	56.5290	13.7718	67.5521	68.9601	6.5572	114.2340	87.7712	13.7229	0.2313	0.2558	0.0144	0.3165	0.3356	0.0208	0.1885	0.2130	0.0128	0.0033	0.0045	0.0010	0.0047	0.0049	0.0032	0.0017	0.0024	0.0009	0.0064	0.4326	-0.2504	-0.0004	48.2148	16.9094	10.6433	5.8161	0.8916	0.8860	0.0056	0.4077	0.4061	0.0016	0.4840	0.4799	0.0040	0.0012	0.0008	0.0004	0.0009	0.0008	0.0001	0.0003	0.0000	0.0003	3.8554	3.4637	0.3917	1.2881	1.2101	0.0780	2.5672	2.2536	0.3137	0.8615	0.5110	0.3505	0.2145	0.1969	0.0177	0.6470	0.3141	0.3328	164.4178	154.5304	13.7718	77.0378	80.0479	6.5572	369.0832	3250.4199	13.7229	0.0014	0.0017	0.0010	0.0041	0.0042	0.0032	0.0005	0.0001	0.0009
0	79	0.2482	6	1	2	0	0	0	0	0	0	N	Y	N	N	N	N	N	N	N	N	N	N	1.9160	5.8593	0.0000	0.3999	0.3872	0.0000	2.2598	609.2655	0.0000	0.8275	0.9275	0.0000	0.0840	0.0887	0.0000	1.0575	1.2082	0.0000	0.4319	0.1583	0.2215	0.2100	0.2291	0.0000	0.4680	0.0020	0.1780	0.0000	4.0031	-1.1319	0.0068	48.2148	23.9173	10.6433	17.8091	3.9419	3.9419	0.0000	0.0945	0.0945	0.0000	3.8474	3.8474	0.0000	0.0394	0.0079	0.0315	0.0078	0.0078	0.0000	0.0315	0.0000	0.0315	4.7639	4.2502	0.5137	1.1259	1.0658	0.0601	3.6380	3.1844	0.4536	1.2324	0.6583	0.5741	0.1518	0.1374	0.0144	1.0806	0.5209	0.5597	25.9051	77.6001	0.0000	1.6250	1.5537	0.0000	36.2556	26201.9830	0.0000	0.0319	0.0120	0.0549	0.0517	0.0571	0.0000	0.0292	0.0000	0.0563
0	80	0.2322	5	1	2	0	0	0	0	0	0	N	Y	N	N	N	N	N	N	N	N	N	N	1.6780	1.8485	0.5500	2.8461	6.3705	0.0632	6.2480	68.0436	0.8281	0.3916	0.4371	0.0226	1.4082	1.4776	0.1587	0.0932	0.1059	0.0060	0.2334	0.2365	0.0411	0.4948	0.2319	2.5103	0.0149	0.0016	0.0073	0.0064	1.0168	-0.1385	-0.0008	48.2148	6.1279	10.6433	3.6878	0.4932	0.4901	0.0031	0.4024	0.4000	0.0024	0.0908	0.0900	0.0007	0.0061	0.0030	0.0031	0.0052	0.0030	0.0022	0.0009	0.0000	0.0009	1.2595	1.1212	0.1384	0.2858	0.2707	0.0151	0.9738	0.8504	0.1233	0.3580	0.2032	0.1548	0.0564	0.0525	0.0039	0.3016	0.1508	0.1508	22.9476	29.3292	1.1372	15.1744	25.6248	0.2836	32.1557	4017.4741	1.0436	0.0171	0.0149	0.0199	0.0928	0.0577	0.5596	0.0029	0.0000	0.0058
0	81	0.3203	9	2	1	1	0	0	0	0	0	Y	N	N	N	N	N	N	N	N	N	N	N	0.5847	1.4138	0.5929	4.0998	3.8768	3.2290	0.2556	25.9101	0.6936	0.5873	0.4332	1.9125	1.2157	1.2812	0.0009	0.3014	0.0133	2.2592	1.0045	0.3064	3.2257	0.2965	0.3305	0.0003	1.1790	0.0005	3.2573	0.5132	31.6694	0.1604	0.1182	48.2148	27.2690	10.6433	12.3406	3.0843	2.0383	1.0460	1.9964	1.9963	0.0001	1.0879	0.0420	1.0459	0.3466	0.0106	0.3360	0.0106	0.0106	0.0000	0.3360	0.0000	0.3360	5.2516	4.7047	0.5469	1.6421	1.5581	0.0840	3.6095	3.1466	0.4629	1.0655	0.5833	0.4822	0.1662	0.1487	0.0175	0.8993	0.4346	0.4647	1.8054	23.8192	2.7446	19.0394	17.9562	3.2290	0.8067	4986.9382	3.1243	0.3253	0.0182	0.6968	0.0639	0.0714	0.0003	0.3736	0.0000	0.7231
0	82	0.3049	8	1	1	0	0	0	0	0	0	N	N	N	N	N	N	N	N	N	N	N	N	1.8370	74.0081	8.6132	7.0280	6.0925	6.7707	2.2791	128.2010	12.2704	0.9932	0.5400	5.1726	0.0872	0.0915	0.0020	1.4851	0.8047	6.2619	0.5407	0.0073	0.6005	0.0124	0.0150	0.0003	0.6516	0.0063	0.5103	1.0387	35.0736	0.4605	0.0043	48.2148	9.0798	10.6433	0.9519	2.0710	1.0158	1.0551	0.0640	0.0639	0.0001	2.0070	0.9519	1.0551	0.0126	0.0004	0.0123	0.0003	0.0003	0.0000	0.0123	0.0000	0.0123	2.0851	1.8811	0.2040	0.7337	0.6982	0.0355	1.3515	1.1830	0.1685	0.2805	0.1516	0.1289	0.0389	0.0342	0.0047	0.2416	0.1174	0.1242	22.0287	233.5434	54.2135	10.4974	9.7332	6.7707	29.1148	3255.9399	63.2529	0.0451	0.0023	0.0954	0.0083	0.0094	0.0003	0.0510	0.0002	0.0990
0	83	0.2322	5	1	2	0	0	0	0	0	0	N	Y	N	N	N	N	N	N	N	N	N	N	20.6399	0.1532	229.0001	0.0271	0.1944	0.0027	111.8950	0.0000	1833.3115	0.4832	0.0011	4.4411	0.0046	0.0047	0.0040	0.6215	0.0000	4.9685	0.0234	0.0073	0.0194	0.1709	0.0240	1.4979	0.0056	0.0000	0.0027	486.1873	3.8869	1.4233	0.0011	48.2148	21.0000	10.6433	14.4214	2.0023	0.0041	1.9982	0.0043	0.0041	0.0002	1.9980	0.0000	1.9980	0.0064	0.0013	0.0051	0.0050	0.0013	0.0037	0.0013	0.0000	0.0013	4.1439	3.6940	0.4499	0.9289	0.8811	0.0478	3.2150	2.8129	0.4021	1.0621	0.5650	0.4971	0.1077	0.0986	0.0092	0.9544	0.4665	0.4879	80.7826	0.4836	436.8676	0.0991	0.3537	0.0098	448.5542	0.0000	1833.3115	0.0060	0.0023	0.0102	0.0467	0.0132	0.4075	0.0014	0.0000	0.0027
0	84	0.2898	9	1	1	1	0	0	0	0	0	N	N	N	N	N	N	N	N	N	N	N	N	0.0005	0.0004	0.1846	0.0003	0.0003	0.0686	0.0213	0.0000	0.2529	0.0007	0.0008	0.0002	0.0024	0.0025	0.0011	0.0000	0.0000	0.0000	1.3738	2.1217	0.0010	7.1551	8.5885	0.0164	0.0002	0.0000	0.0001	0.0289	0.0004	-0.0008	-0.6202	48.2148	20.4085	10.6433	11.0867	0.0030	0.0029	0.0001	0.0030	0.0029	0.0001	0.0000	0.0000	0.0000	0.9877	0.9873	0.0004	0.9877	0.9873	0.0004	0.0000	0.0000	0.0000	4.2739	3.8239	0.4500	1.2488	1.1831	0.0657	3.0251	2.6408	0.3843	0.8796	0.4653	0.4143	0.1380	0.1150	0.0231	0.7416	0.3504	0.3912	0.0006	0.0004	0.1846	0.0003	0.0003	0.0686	0.0609	0.0000	0.2529	1.1229	2.1217	0.0010	7.1551	8.5885	0.0164	0.0001	0.0000	0.0001
0	85	0.2861	8	1	1	1	0	0	0	0	0	N	N	N	N	N	N	N	N	N	N	N	N	0.0171	0.0061	0.7059	0.0435	0.0176	24.9379	0.0017	0.0003	0.0402	0.0044	0.0020	0.0257	0.0105	0.0047	0.0965	0.0002	0.0000	0.0014	0.2590	0.3300	0.0364	0.2409	0.2658	0.0039	0.1036	0.0005	0.0344	1.4469	0.7135	0.0013	-0.0006	48.2148	3.1287	10.6433	1.1816	0.0041	0.0017	0.0025	0.0040	0.0017	0.0024	0.0001	0.0000	0.0001	0.0026	0.0015	0.0011	0.0016	0.0015	0.0000	0.0011	0.0000	0.0011	0.9367	0.8414	0.0953	0.3864	0.3620	0.0244	0.5503	0.4794	0.0709	0.1438	0.0806	0.0631	0.0274	0.0241	0.0033	0.1164	0.0565	0.0599	0.2409	0.1053	1.4755	0.1845	0.0732	24.9379	0.0191	0.0597	0.0762	0.0184	0.0191	0.0174	0.0568	0.0639	0.0039	0.0093	0.0000	0.0182
0	86	0.2792	7	1	1	0	0	0	0	0	0	N	N	N	N	N	N	N	N	N	N	N	N	1.6888	0.0046	76.7296	3.2635	0.0088	16540.5448	0.0662	0.0026	1.7284	0.9006	0.0027	8.7155	2.3735	0.0068	35.3660	0.0238	0.0001	0.1905	0.5333	0.5936	0.1136	0.7273	0.7791	0.0021	0.3598	0.0414	0.1102	367.7242	0.6517	0.6609	-0.0022	48.2148	4.0532	10.6433	2.2470	0.9306	0.0025	0.9281	0.9152	0.0025	0.9127	0.0154	0.0001	0.0154	0.0094	0.0057	0.0037	0.0056	0.0056	0.0000	0.0038	0.0001	0.0037	1.0334	0.9269	0.1065	0.3856	0.3598	0.0258	0.6478	0.5671	0.0807	0.2152	0.1197	0.0955	0.0419	0.0370	0.0048	0.1733	0.0827	0.0907	20.6168	0.0573	224.4871	17.7048	0.0452	16540.5448	1.0899	0.0969	4.6717	0.0437	0.0476	0.0388	0.1341	0.1513	0.0021	0.0219	0.0011	0.0408
0	87	0.2560	6	1	1	0	0	0	0	0	0	N	N	N	N	N	N	N	N	N	N	N	N	0.2371	0.8958	0.0104	1.6524	1.6874	113.9237	0.0526	32.7511	0.0071	0.3655	0.3977	0.0686	0.6408	0.6817	0.1017	0.1010	0.1081	0.0505	1.5416	0.4440	6.6020	0.3878	0.4040	0.0009	1.9193	0.0033	7.1178	0.0187	91.2632	-0.1571	0.2895	48.2148	4.7288	10.6433	9.8540	0.5846	0.5739	0.0107	0.5022	0.4966	0.0056	0.0824	0.0773	0.0051	0.8024	0.0087	0.7937	0.0087	0.0087	0.0000	0.7937	0.0000	0.7937	1.5995	1.4430	0.1565	0.7837	0.7284	0.0553	0.8158	0.7146	0.1012	0.5548	0.3217	0.2331	0.1119	0.1045	0.0073	0.4429	0.2172	0.2258	0.2527	14.7105	0.0202	8.2570	8.2152	113.9237	0.0564	1097.5434	0.0144	1.4463	0.0270	3.4048	0.0776	0.0830	0.0009	1.7919	0.0001	3.5153
0	88	0.2322	5	1	1	0	0	0	0	0	0	N	N	N	N	N	N	N	N	N	N	N	N	0.8467	4.8507	0.0041	3.6970	7.2440	0.0028	0.5403	21.9339	0.0044	0.8797	0.9863	0.0138	1.6405	1.7308	0.0044	0.6573	0.7502	0.0150	1.0390	0.2033	3.3374	0.4437	0.2389	1.5658	1.2164	0.0342	3.3938	0.0017	48.9971	-0.4422	0.0692	48.2148	8.6320	10.6433	7.0881	1.5495	1.5468	0.0027	0.6537	0.6536	0.0001	0.8958	0.8932	0.0026	0.1969	0.0039	0.1930	0.0059	0.0037	0.0021	0.1911	0.0002	0.1908	1.7613	1.5683	0.1931	0.3985	0.3776	0.0208	1.3629	1.1906	0.1722	0.5274	0.2900	0.2374	0.0688	0.0636	0.0052	0.4586	0.2264	0.2322	2.3562	72.6215	0.0170	19.2363	29.6016	0.0107	1.5779	767.7970	0.0182	0.3734	0.0136	0.8128	0.0853	0.0585	0.4134	0.4166	0.0010	0.8217
0	89	0.2999	7	1	2	0	0	0	0	0	0	N	Y	N	N	N	N	N	N	N	N	N	N	4.2712	1.7791	56.6896	2.5085	2.8863	0.5717	272.8914	677.7374	195.7403	0.5660	0.6239	0.1331	1.0246	1.1119	0.0695	0.3391	0.3682	0.1526	0.1325	0.3507	0.0023	0.4085	0.3852	0.1215	0.0012	0.0005	0.0008	0.0286	0.0906	-0.5569	-0.0046	48.2148	15.4622	10.6433	5.2688	2.1471	2.0875	0.0596	1.2865	1.2792	0.0073	0.8607	0.8083	0.0523	0.0084	0.0077	0.0007	0.0081	0.0077	0.0005	0.0002	0.0000	0.0002	3.7938	3.3458	0.4480	1.2555	1.1504	0.1051	2.5383	2.1954	0.3429	0.6648	0.3689	0.2960	0.1018	0.0954	0.0064	0.5631	0.2735	0.2896	44.9908	30.0132	56.6896	12.8134	13.8271	0.9482	842.9102	125989.4469	195.7403	0.0126	0.0208	0.0023	0.0800	0.0804	0.0733	0.0004	0.0000	0.0008
0	90	0.2881	6	1	1	0	0	0	0	0	0	N	N	N	N	N	N	N	N	N	N	N	N	2.0417	2.3980	0.6583	2.0197	2.2939	0.6473	2.5162	56.9406	1.0231	1.0324	1.1578	0.1262	0.9514	1.0573	0.0732	1.0804	1.2189	0.1523	0.5057	0.4828	0.1917	0.4711	0.4609	0.1131	0.4294	0.0214	0.1489	0.0151	1.1843	-0.6096	-0.0012	48.2148	7.5917	10.6433	1.5198	2.2388	2.2056	0.0333	0.7682	0.7618	0.0064	1.4706	1.4437	0.0269	0.0140	0.0064	0.0076	0.0068	0.0063	0.0004	0.0073	0.0001	0.0072	2.1686	1.9050	0.2636	0.8074	0.7205	0.0869	1.3612	1.1844	0.1767	0.3574	0.2071	0.1503	0.0761	0.0699	0.0062	0.2814	0.1372	0.1441	26.3111	37.3450	2.4954	10.7123	11.6856	1.0451	41.8182	1672.9688	3.0616	0.0392	0.0310	0.0506	0.0888	0.0905	0.0700	0.0258	0.0007	0.0497
0	91	0.3974	10	2	1	1	0	0	0	0	0	Y	N	N	N	N	N	N	N	N	N	N	N	351.8552	325.7832	0.0000	0.0048	0.0044	1281.9770	inf	0.0000	0.0001	0.0001	0.0000	0.0000	0.0000	0.0000	0.0002	0.0002	0.0000	0.0000	0.0000	0.0000	0.0000	0.0000	0.0000	0.0000	0.0000	0.0000	0.0000	0.5243	-0.0000	-0.0000	48.2148	3.0317	10.6433	0.1644	0.0001	0.0001	0.0000	0.0000	0.0000	0.0000	0.0001	0.0001	0.0000	0.0000	0.0000	0.0000	0.0000	0.0000	0.0000	0.0000	0.0000	0.0000	0.6176	0.5533	0.0642	0.1944	0.1840	0.0104	0.4231	0.3693	0.0538	0.0853	0.0465	0.0389	0.0121	0.0103	0.0017	0.0733	0.0361	0.0372	351.8552	325.7832	0.0000	0.0048	0.0044	0.0000	1281.9770	inf	0.0000	0.0000	0.0000	0.0000	0.0000	0.0000	0.0000	0.0000	0.0000	0.0000	
0	92	0.3916	9	2	1	1	0	0	0	0	0	Y	N	N	N	N	N	N	N	N	N	N	N	3352.0672	1516.3804	64.0370	24.0671	22.4435	97.0153	87531.7510	23650.0398	53.8393	1.2933	1.4216	0.0018	0.0452	0.0476	0.0025	2.3609	2.6891	0.0015	0.0004	0.0009	0.0000	0.0019	0.0021	0.0000	0.0000	0.0001	0.0000	0.0001	0.0409	-0.2776	-0.0000	48.2148	2.6632	10.6433	1.0147	0.9673	0.9672	0.0001	0.0156	0.0155	0.0000	0.9517	0.9517	0.0001	0.0000	0.0000	0.0000	0.0000	0.0000	0.0000	0.0000	0.0000	0.0000	0.7479	0.6804	0.0676	0.3448	0.3265	0.0183	0.4031	0.3539	0.0492	0.1047	0.0585	0.0462	0.0166	0.0147	0.0019	0.0881	0.0439	0.0442	4181.7117	2674.3106	64.0370	24.0671	22.4435	97.0153	168082.1238	7464364.4225	53.8393	0.0003	0.0005	0.0000	0.0019	0.0021	0.0000	0.0000	0.0000	0.0000
0	93	0.3084	8	2	1	1	0	0	0	0	0	Y	N	N	N	N	N	N	N	N	N	N	N	160.6216	43.1721	37376.0365	49.4986	34.1310	17258.9005	8615.5735	2300.9582	35491.7848	1.3652	1.0691	4.0038	1.9229	1.6029	8.4786	1.1029	0.7950	3.2293	0.0085	0.0248	0.0001	0.0388	0.0470	0.0005	0.0001	0.0003	0.0001	0.4203	0.0168	0.0874	-0.0023	48.2148	35.0787	10.6433	12.2568	9.9402	6.9986	2.9416	4.4792	3.5601	0.9190	5.4610	3.4385	2.0225	0.0037	0.0036	0.0001	0.0036	0.0036	0.0000	0.0001	0.0000	0.0000	7.2809	6.5462	0.7347	2.3294	2.2210	0.1084	4.9515	4.3252	0.6263	1.2516	0.6812	0.5704	0.1937	0.1707	0.0230	1.0579	0.5105	0.5474	462.7829	200.5686	37376.0365	102.2722	75.3698	17258.9005	23086.0360	552582.3702	35491.7848	0.0030	0.0053	0.0001	0.0188	0.0213	0.0005	0.0000	0.0000	0.0001
0	94	0.2949	7	2	1	0	0	0	0	0	0	Y	N	N	N	N	N	N	N	N	N	N	N	119.2266	116.9292	713.8467	266.6977	256.3546	95.4335	49.9686	4.1718	831.0752	0.4437	0.3451	1.4043	0.7735	0.8019	0.1297	0.2572	0.0634	1.6541	0.0037	0.0030	0.0020	0.0029	0.0031	0.0014	0.0051	0.0152	0.0020	0.4175	1.3703	0.0076	-0.0000	48.2148	8.4810	10.6433	2.3446	1.0191	0.7189	0.3002	0.6417	0.6372	0.0045	0.3774	0.0817	0.2956	0.0005	0.0002	0.0003	0.0001	0.0001	0.0000	0.0003	0.0001	0.0003	2.2969	2.0832	0.2137	0.8296	0.7946	0.0350	1.4673	1.2885	0.1787	0.3190	0.1753	0.1437	0.0486	0.0434	0.0053	0.2704	0.1319	0.1384	289.4594	293.2993	713.8467	266.6977	259.7703	95.4335	199.8598	115.6095	831.0752	0.0015	0.0012	0.0020	0.0029	0.0031	0.0014	0.0013	0.0005	0.0020
0	95	0.2322	5	1	2	0	1	0	0	0	0	N	Y	N	N	N	N	N	N	N	N	N	N	0.8126	1.0625	0.0145	0.3818	0.3818	1396.6730	0.8438	0.7909	0.0153	0.9973	1.1111	0.0601	0.3666	0.3859	0.0094	1.1790	1.3377	0.0662	1.2272	1.0457	4.1572	0.9603	1.0107	0.0000	1.3973	1.6913	4.3205	0.0066	7.5183	-1.3151	0.2836	48.2148	24.0032	10.6433	22.6134	4.6866	4.6559	0.0306	0.3854	0.3849	0.0005	4.3011	4.2710	0.0301	1.1154	0.1309	0.9845	0.0243	0.0243	0.0000	1.0911	0.1066	0.9845	4.6994	4.1903	0.5091	1.0514	0.9974	0.0540	3.6480	3.1929	0.4552	1.3461	0.7120	0.6342	0.1283	0.1171	0.0113	1.2178	0.5949	0.6229	1.2035	6.0412	0.0387	1.9346	1.8576	1396.6730	1.3159	7.4632	0.0419	0.8286	0.1839	1.5524	0.1895	0.2077	0.0000	0.8960	0.1792	1.5805
0	96	0.6496	9	1	2	0	0	0	0	0	0	N	Y	N	N	N	N	N	N	N	N	N	N	0.3225	0.2572	155.3368	0.2587	0.2611	2771.4236	310.0483	45.8827	103.4038	0.4630	0.5132	0.0114	1.0605	1.1263	0.0204	0.0376	0.0419	0.0084	1.4358	1.9948	0.0001	4.0995	4.3140	0.0000	0.0001	0.0009	0.0001	0.0025	0.0000	-0.5022	-0.6266	48.2148	18.5150	10.6433	10.2301	1.7642	1.7598	0.0043	1.6805	1.6785	0.0019	0.0837	0.0813	0.0024	0.9972	0.9972	0.0000	0.9972	0.9972	0.0000	0.0000	0.0000	0.0000	3.8104	3.4294	0.3809	1.5846	1.4904	0.0942	2.2257	1.9391	0.2867	0.7893	0.4999	0.2895	0.2827	0.2507	0.0320	0.5067	0.2492	0.2574	0.3665	0.2572	155.3368	0.3006	0.2831	2771.4236	826.5133	5127.0901	103.4038	1.2633	1.9948	0.0001	3.5275	3.9781	0.0000	0.0000	0.0000	0.0001
0	97	0.2613	6	1	2	0	0	0	0	0	0	N	Y	N	N	N	N	N	N	N	N	N	N	0.8039	0.4107	19797.8081	28.1918	24.3517	154.3062	0.7011	0.2489	2857266.3328	0.8909	0.6346	3.0638	0.8538	0.8496	0.9368	0.9019	0.5655	3.3147	1.1083	1.5452	0.0002	0.0303	0.0349	0.0061	1.2864	2.2715	0.0000	0.5696	0.0001	0.5873	-0.6287	48.2148	46.1140	10.6433	26.4917	7.7536	4.9400	2.8136	1.6992	1.6084	0.0908	6.0544	3.3316	2.7229	1.0008	1.0007	0.0001	0.0034	0.0032	0.0001	0.9975	0.9975	0.0000	8.7033	7.7849	0.9183	1.9902	1.8933	0.0969	6.7131	5.8916	0.8215	1.9203	1.0417	0.8785	0.2100	0.1877	0.0222	1.7103	0.8540	0.8563	1.7093	0.6606	19797.8081	53.2730	49.3761	154.3062	1.5464	0.4841	2857266.3328	0.5212	0.9606	0.0002	0.0160	0.0172	0.0061	0.5832	1.1680	0.0000
0	98	0.7025	11	1	2	0	0	0	0	0	0	N	Y	N	N	N	N	N	N	N	N	N	N	0.0006	0.0004	0.0000	0.8685	0.7378	0.0000	0.0000	0.0000	0.0000	0.0010	0.0011	0.0000	0.0026	0.0027	0.0000	0.0001	0.0001	0.0000	1.5907	2.4917	0.0002	0.0030	0.0037	0.0007	2.2735	4.5922	0.0001	0.0000	0.0001	-0.0010	-0.6219	48.2148	20.7840	10.6433	8.9470	0.0034	0.0034	0.0000	0.0032	0.0032	0.0000	0.0002	0.0002	0.0000	0.9898	0.9897	0.0001	0.0006	0.0006	0.0000	0.9891	0.9891	0.0000	3.3862	3.0345	0.3517	1.2331	1.1556	0.0775	2.1531	1.8788	0.2742	0.6546	0.3972	0.2574	0.2196	0.1818	0.0377	0.4351	0.2154	0.2197	0.0007	0.0004	0.0000	0.8685	0.8002	0.0000	0.0000	0.0000	0.0000	1.5120	2.4917	0.0002	0.0030	0.0034	0.0007	2.2735	4.5922	0.0001
0	99	0.6976	10	1	1	0	0	0	0	0	0	N	N	N	N	N	N	N	N	N	N	N	N	0.0383	0.0359	0.0060	0.0280	0.0294	0.1002	0.0435	0.0319	0.0084	0.0333	0.0364	0.0076	0.0247	0.0265	0.0025	0.0433	0.0487	0.0108	0.8697	1.0125	1.2802	0.8833	0.9028	0.0244	0.9937	1.5250	1.2793	0.0249	0.7449	-0.0103	-0.0059	48.2148	2.7834	10.6433	1.0450	0.0393	0.0384	0.0010	0.0156	0.0155	0.0001	0.0237	0.0229	0.0008	0.0294	0.0168	0.0125	0.0119	0.0118	0.0001	0.0175	0.0050	0.0124	1.1793	1.0545	0.1249	0.6318	0.5848	0.0470	0.5476	0.4696	0.0779	0.1780	0.1029	0.0751	0.0711	0.0663	0.0048	0.1069	0.0366	0.0703	0.2021	0.2224	0.0458	0.1479	0.1492	0.1047	0.2646	0.3527	0.0609	0.1650	0.1636	0.1669	0.1672	0.1778	0.0234	0.1635	0.1380	0.1768
0	100	0.6875	9	1	1	0	0	0	0	0	0	N	N	N	N	N	N	N	N	N	N	N	N	0.0231	0.0230	0.0252	0.0434	0.0440	0.2105	0.0161	0.0120	0.0417	0.0149	0.0161	0.0072	0.0185	0.0201	0.0018	0.0105	0.0105	0.0107	0.6471	0.6977	0.2847	0.4251	0.4571	0.0086	0.6548	0.8787	0.2554	0.0647	0.6162	-0.0100	-0.0063	48.2148	7.6044	10.6433	2.7972	0.0443	0.0416	0.0027	0.0304	0.0301	0.0003	0.0139	0.0115	0.0024	0.0255	0.0158	0.0097	0.0131	0.0130	0.0001	0.0124	0.0028	0.0096	2.9648	2.5901	0.3747	1.6435	1.4963	0.1472	1.3212	1.0937	0.2275	0.3995	0.2440	0.1555	0.1593	0.1449	0.0144	0.2402	0.0991	0.1412	0.2339	0.2482	0.1149	0.2241	0.2241	0.2105	0.2045	0.3745	0.1568	0.0638	0.0647	0.0625	0.0824	0.0897	0.0086	0.0515	0.0281	0.0680
0	101	0.6379	8	1	1	0	0	0	0	0	0	N	N	N	N	N	N	N	N	N	N	N	N	1.1502	5.2934	0.2389	35.6946	43.5592	21.4219	0.5844	0.8367	0.0145	0.6594	0.7181	0.1913	0.9545	0.9744	0.6877	0.4382	0.5095	0.0109	0.5733	0.1357	0.8008	0.0267	0.0224	0.0321	0.7499	0.6090	0.7480	0.0334	6.0819	-0.6834	0.0094	48.2148	18.4780	10.6433	12.4520	2.6824	2.5956	0.0868	1.6634	1.5802	0.0832	1.0190	1.0154	0.0036	0.0406	0.0057	0.0349	0.0041	0.0031	0.0010	0.0365	0.0026	0.0339	4.0681	3.6145	0.4535	1.7428	1.6218	0.1209	2.3253	1.9927	0.3326	0.8106	0.5048	0.3057	0.2856	0.2499	0.0357	0.5250	0.2550	0.2700	13.1483	63.1602	1.6756	65.8044	77.4378	24.6071	6.3016	50.0481	0.0866	0.0501	0.0114	0.1142	0.0145	0.0126	0.0279	0.0695	0.0102	0.1256
0	102	0.2139	4	1	2	0	0	0	0	0	0	N	Y	N	N	N	N	N	N	N	N	N	N	0.6934	2.1634	0.8047	2.4774	1.7124	34.8126	0.7525	136.6873	0.8515	0.9193	0.4884	4.1719	0.4359	0.2654	2.5419	1.2039	0.6298	4.6789	1.3259	0.2257	5.1846	0.1760	0.1550	0.0730	1.6000	0.0046	5.4951	1.1319	124.8739	2.2256	0.7128	48.2148	34.1922	10.6433	22.4626	9.1288	4.2820	4.8468	1.6040	0.9034	0.7006	7.5249	3.3786	4.1462	1.9598	0.0156	1.9442	0.0168	0.0154	0.0014	1.9429	0.0001	1.9428	9.9300	8.7683	1.1618	3.6796	3.4039	0.2756	6.2505	5.3643	0.8862	1.8868	1.0789	0.8078	0.3561	0.3291	0.0270	1.5306	0.7498	0.7808	0.8851	33.8425	1.7334	9.2161	5.6560	48.9760	0.9484	3743.9991	1.8804	1.0387	0.0144	2.4067	0.0473	0.0469	0.0519	1.2694	0.0002	2.4882
0	103	0.1660	3	1	2	0	0	0	0	0	0	N	Y	N	N	N	N	N	N	N	N	N	N	1.5121	1.2383	3.3325	1.0605	0.9611	128.5120	1.4810	0.9781	4.1388	1.0864	0.8087	2.7417	1.0038	0.9121	2.3881	1.1227	0.7566	2.7956	0.7185	0.6530	0.8227	0.9466	0.9490	0.0186	0.7581	0.7735	0.6755	0.5688	1.8447	0.5046	0.0020	48.2148	22.5884	10.6433	11.0115	6.6895	4.2641	2.4254	1.8907	1.6110	0.2797	4.7988	2.6531	2.1457	0.0994	0.0349	0.0644	0.0260	0.0259	0.0001	0.0734	0.0090	0.0644	6.1577	5.2730	0.8846	1.8835	1.7664	0.1171	4.2742	3.5067	0.7675	1.1647	0.6060	0.5588	0.1404	0.1359	0.0045	1.0244	0.4701	0.5543	12.7325	14.0269	23.7720	5.4230	4.7851	128.5120	15.6695	39.3554	24.0763	0.0853	0.0577	0.1153	0.1851	0.1906	0.0186	0.0717	0.0192	0.1161
0	106	0.3049	8	1	2	0	0	0	0	0	0	N	Y	N	N	N	N	N	N	N	N	N	N	512.5835	111.2593	205095.6520	141.6626	4.8964	2202091.9422	58710.4932	1348.5330	15549.3592	0.4898	0.2820	2.3378	0.7154	0.0308	13.7462	0.3826	0.4116	0.1802	0.0010	0.0025	0.0000	0.0050	0.0063	0.0000	0.0000	0.0003	0.0000	0.9320	0.0093	0.3968	-0.0003	48.2148	20.0414	10.6433	7.0324	2.0321	1.0518	0.9803	0.9559	0.0392	0.9167	1.0762	1.0127	0.0635	0.0004	0.0004	0.0000	0.0004	0.0004	0.0000	0.0000	0.0000	0.0000	4.1490	3.7296	0.4193	1.3362	1.2695	0.0667	2.8128	2.4601	0.3526	0.7212	0.3879	0.3332	0.0947	0.0828	0.0119	0.6265	0.3051	0.3214	852.8839	266.6237	205095.6520	165.1415	6.2286	2202091.9422	58710.4932	350073.6591	15549.3592	0.0006	0.0011	0.0000	0.0043	0.0050	0.0000	0.0000	0.0000	0.0000
0	107	0.2949	7	1	1	0	0	0	0	0	0	N	N	N	N	N	N	N	N	N	N	N	N	24.7761	5.4964	820.7506	4.6717	4.2502	312.7678	253.0277	2922.3765	949.5858	1.0604	0.9680	1.9820	0.6731	0.7004	0.0363	1.2924	1.1428	2.3779	0.0428	0.1761	0.0024	0.1441	0.1648	0.0001	0.0051	0.0004	0.0025	0.2053	0.1556	-0.2502	-0.0010	48.2148	7.0315	10.6433	1.2144	2.1420	1.7772	0.3648	0.5094	0.5083	0.0011	1.6326	1.2689	0.3637	0.0020	0.0017	0.0003	0.0017	0.0017	0.0000	0.0003	0.0000	0.0003	2.0200	1.8360	0.1841	0.7568	0.7256	0.0311	1.2633	1.1103	0.1530	0.2490	0.1379	0.1110	0.0399	0.0358	0.0042	0.2091	0.1022	0.1069	132.5798	77.4844	820.7506	15.5891	14.5382	312.7678	1008.8058	681105.5696	949.5858	0.0080	0.0125	0.0024	0.0432	0.0482	0.0001	0.0013	0.0000	0.0025
0	108	0.2613	6	1	1	0	0	0	0	0	0	N	N	N	N	N	N	N	N	N	N	N	N	3621.8767	984.3621	34717.0128	117.5490	112.1248	1175.7446	5210.6284	1326.8563	37959.3991	0.7548	0.3240	4.3892	0.1352	0.1408	0.0197	0.9533	0.3880	4.9070	0.0002	0.0003	0.0001	0.0012	0.0013	0.0000	0.0002	0.0003	0.0001	1.6058	0.3702	0.8554	-0.0000	48.2148	16.2725	10.6433	4.4748	2.5992	0.9975	1.6017	0.1130	0.1122	0.0008	2.4862	0.8853	1.6010	0.0001	0.0001	0.0000	0.0001	0.0001	0.0000	0.0000	0.0000	0.0000	3.4436	3.0787	0.3649	0.8356	0.7969	0.0387	2.6080	2.2818	0.3263	0.6439	0.3572	0.2867	0.0850	0.0777	0.0072	0.5589	0.2794	0.2795	3621.8767	1181.5905	34717.0128	117.5490	112.1248	1175.7446	14624.5885	357659.8865	37959.3991	0.0002	0.0003	0.0001	0.0012	0.0013	0.0000	0.0001	0.0000	0.0001
0	109	0.3141	7	1	2	0	0	0	0	0	0	N	Y	N	N	N	N	N	N	N	N	N	N	8.7788	2.5991	2331.9459	2.1720	2.0958	48.5078	1477.9637	1134.7426	3501.0433	0.9675	0.9234	1.3318	1.0816	1.1339	0.2855	0.9246	0.8383	1.5251	0.1102	0.3553	0.0006	0.4980	0.5411	0.0059	0.0006	0.0007	0.0004	0.1750	0.0232	-1.0665	-0.0106	48.2148	40.5309	10.6433	14.7974	7.7165	6.5674	1.1491	2.3595	2.3211	0.0384	5.3570	4.2463	1.1107	0.0175	0.0171	0.0004	0.0172	0.0171	0.0001	0.0003	0.0000	0.0003	7.9753	7.1125	0.8629	2.1815	2.0469	0.1346	5.7939	5.0656	0.7283	1.5146	0.8171	0.6975	0.1826	0.1652	0.0173	1.3320	0.6518	0.6802	83.5569	44.0168	2331.9459	11.4547	10.9330	48.5078	4109.0058	159289.9993	3501.0433	0.0116	0.0210	0.0006	0.0944	0.1037	0.0059	0.0002	0.0000	0.0004
0	110	0.2881	6	1	2	0	0	0	0	0	0	N	Y	N	N	N	N	N	N	N	N	N	N	1.7389	1.8865	6.9525	3.0285	3.5622	0.9037	1.7022	22.4240	11.4443	1.0551	0.5850	4.5782	0.8887	0.9747	0.0658	1.1332	0.3951	6.1357	0.6068	0.3101	0.6585	0.2935	0.2736	0.0728	0.6657	0.0176	0.5361	1.0441	4.4040	0.7797	0.0059	48.2148	13.5236	10.6433	3.5331	3.4859	1.7053	1.7806	0.9377	0.9312	0.0066	2.5482	0.7742	1.7740	0.0318	0.0059	0.0260	0.0062	0.0057	0.0004	0.0257	0.0001	0.0255	3.3038	2.9149	0.3889	1.0551	0.9553	0.0998	2.2487	1.9596	0.2891	0.5810	0.3235	0.2575	0.0968	0.0887	0.0082	0.4841	0.2348	0.2493	19.2482	32.1132	45.4209	13.9566	15.0455	1.2745	21.3632	630.0215	59.9181	0.0548	0.0182	0.1008	0.0637	0.0648	0.0517	0.0530	0.0006	0.1024
0	111	0.2322	5	1	1	0	0	0	0	0	0	N	N	N	N	N	N	N	N	N	N	N	N	4.3869	10.4671	49.4841	5.1299	6.1546	12.9680	6.8810	284.4376	5.7735	0.8677	0.6518	2.6341	2.0676	0.9109	23.2958	0.5198	0.5703	0.1678	0.1978	0.0623	0.0532	0.4031	0.1480	1.7964	0.0755	0.0020	0.0291	0.4939	2.5480	0.1275	0.0014	48.2148	16.9399	10.6433	15.9768	2.9318	1.9625	0.9693	1.5702	0.6560	0.9142	1.3616	1.3065	0.0552	0.0153	0.0043	0.0110	0.0082	0.0043	0.0039	0.0072	0.0000	0.0071	3.3789	3.0109	0.3680	0.7594	0.7202	0.0392	2.6195	2.2907	0.3288	0.9966	0.5313	0.4654	0.1030	0.0943	0.0087	0.8937	0.4370	0.4567	56.3474	80.0528	111.2214	26.0199	19.9498	52.1010	64.8255	12213.5487	10.7229	0.0154	0.0081	0.0237	0.0795	0.0457	0.4471	0.0080	0.0000	0.0156
0	112	0.3365	9	2	2	0	1	0	0	0	0	Y	Y	N	N	N	N	N	N	N	N	N	N	0.1074	0.0873	0.0000	0.0473	0.0475	1.3558	1561.5108	0.0000	0.0958	0.1072	0.0000	0.1069	0.1113	0.0000	0.0862	0.1031	0.0000	0.8922	1.2279	0.0295	2.2591	2.3431	0.0000	0.0636	0.0001	0.0282	0.0000	0.0328	-0.0000	-0.0065	48.2148	0.0019	10.6433	1.9928	0.0001	0.0001	0.0000	0.0001	0.0001	0.0000	0.0001	0.0001	0.0000	0.0108	0.0105	0.0003	0.0105	0.0105	0.0000	0.0003	0.0000	0.0003	0.0011	0.0010	0.0001	0.0005	0.0005	0.0000	0.0006	0.0005	0.0001	0.0586	0.0348	0.0238	0.0124	0.0110	0.0014	0.0462	0.0238	0.0224	0.5179	0.3552	0.0000	0.1259	0.1161	0.0000	11.5621	545985.9841	0.0000	0.1851	0.3019	0.0145	0.8490	0.9589	0.0000	0.0075	0.0000	0.0154	
0	113	0.3130	8	2	2	0	1	0	0	0	0	Y	Y	N	N	N	N	N	N	N	N	N	N	0.4455	70.4152	0.0000	45.4692	39.8366	0.0000	0.3513	17643.0922	0.0000	0.9771	1.0927	0.0000	1.0775	1.1609	0.0000	0.9233	1.0541	0.0000	2.1932	0.0155	9.2977	0.0237	0.0291	0.0000	2.6285	0.0001	10.6223	0.0000	984.0774	-0.5916	0.3594	48.2148	8.6942	10.6433	6.0502	2.0603	2.0603	0.0000	0.7928	0.7928	0.0000	1.2675	1.2675	0.0000	0.9696	0.0010	0.9687	0.0010	0.0010	0.0000	0.9687	0.0000	0.9687	2.1086	1.8854	0.2232	0.7358	0.6829	0.0528	1.3728	1.2025	0.1703	0.4421	0.2463	0.1959	0.0736	0.0649	0.0087	0.3685	0.1814	0.1872	0.4455	273.3799	0.0000	80.5517	76.5335	0.0000	0.3513	6506130.4761	0.0000	2.1932	0.0040	4.9458	0.0134	0.0152	0.0000	2.6285	0.0000	5.1755
0	114	0.3341	12	1	2	0	1	0	0	0	0	N	Y	N	N	N	N	N	N	N	N	N	N	0.0000	0.0000	0.0000	0.0000	0.0000	0.0000	0.0000	0.0000	0.0000	0.0000	0.0000	0.0000	0.0000	0.0018	0.0050	0.0000	0.0021	0.0021	0.0000	0.0000	0.0000	0.0000	0.0000	0.0000	-0.0000	48.2148	0.0001	10.6433	0.0001	0.0000	0.0000	0.0000	0.0000	0.0000	0.0000	0.0000	0.0000	0.0000	0.0000	0.0000	0.0000	0.0000	0.0000	0.0000	0.0000	0.0000	0.0000	0.0000	0.0000	0.0000	0.0000	0.0000	0.0000	0.0000	0.0000	0.0000	0.0000	0.0000	0.0000	0.0000	0.0000	0.0000	0.0000	0.0000	0.0000	0.0000	0.0000	0.0000	0.0000	0.0000	0.0000	0.0000	0.0000	0.0000	0.0009	0.0017	0.0000	0.0021	0.0021	0.0000	0.0000	0.0000	0.0000						
0	115	0.3274	11	1	2	0	1	0	0	0	0	N	Y	N	N	N	N	N	N	N	N	N	N	57.5935	25.2977	0.0000	50.3530	42.9458	0.0000	inf	inf	0.3542	0.3971	0.0000	1.3429	1.4218	0.0000	0.0000	0.0000	0.0000	0.0061	0.0157	0.0000	0.0267	0.0331	0.0005	0.0000	0.0000	0.0000	0.0000	0.0051	-0.0628	-0.0002	48.2148	3.0007	10.6433	1.0012	0.2186	0.2186	0.0000	0.2186	0.2186	0.0000	0.0000	0.0000	0.0000	0.0003	0.0003	0.0000	0.0003	0.0003	0.0000	0.0000	0.0000	0.0000	0.6173	0.5505	0.0667	0.1628	0.1538	0.0090	0.4545	0.3968	0.0577	0.1157	0.0641	0.0516	0.0181	0.0156	0.0024	0.0977	0.0485	0.0492	156.8984	97.9822	0.0000	92.8119	85.5280	0.0000	inf	inf	0.0000	0.0023	0.0041	0.0000	0.0145	0.0166	0.0005	0.0000	0.0000	0.0000	
0	116	0.3255	10	1	1	0	1	0	0	0	0	N	N	N	N	N	N	N	N	N	N	N	N	2.2279	0.6352	243.9152	1.1877	0.4965	287.3397	0.1249	0.4952	0.0001	0.0001	0.0005	0.0003	0.0002	0.0034	0.0000	0.0000	0.0000	0.0000	0.0001	0.0000	0.0003	0.0003	0.0000	0.0000	0.0000	0.0000	1.2014	0.0216	0.0000	-0.0000	48.2148	1.1177	10.6433	0.0023	0.0000	0.0000	0.0000	0.0000	0.0000	0.0000	0.0000	0.0000	0.0000	0.0000	0.0000	0.0000	0.0000	0.0000	0.0000	0.0000	0.0000	0.0000	0.2419	0.2164	0.0255	0.0716	0.0677	0.0038	0.1703	0.1487	0.0216	0.0325	0.0180	0.0145	0.0051	0.0044	0.0007	0.0275	0.0136	0.0138	2.2279	0.6395	243.9152	1.1877	0.4965	287.3397	0.1249	0.0000	0.4952	0.0000	0.0001	0.0000	0.0003	0.0003	0.0000	0.0000	0.0000	0.0000	
0	117	0.3225	6	1	2	0	0	0	0	0	0	N	Y	N	N	N	N	N	N	N	N	N	N	34.1021	14.2255	25.3209	5.0220	4.6531	0.1546	2752.4146	491.3433	97.6802	0.3365	0.3744	0.0077	0.1731	0.1842	0.0008	0.4114	0.4678	0.0093	0.0099	0.0263	0.0003	0.0345	0.0396	0.0052	0.0001	0.0010	0.0001	0.0024	0.0425	-0.6126	-0.0031	48.2148	31.2782	10.6433	23.9277	2.1513	2.1463	0.0051	0.3478	0.3477	0.0001	1.8036	1.7986	0.0050	0.0052	0.0050	0.0002	0.0052	0.0050	0.0001	0.0001	0.0000	0.0001	6.3925	5.7330	0.6595	2.0087	1.8880	0.1206	4.3838	3.8449	0.5389	1.6124	0.9125	0.6999	0.2939	0.2650	0.0289	1.3185	0.6475	0.6710	103.6834	68.0486	25.3209	9.8535	9.7309	0.1546	7807.9508	52725.1834	97.6802	0.0032	0.0055	0.0003	0.0176	0.0189	0.0052	0.0001	0.0000	0.0001
0	118	0.3255	10	1	1	1	1	0	0	0	0	N	N	N	N	N	N	N	N	N	N	N	N	1741172.4288	inf	0.6232	3740762.7092	inf	0.2027	2638.6980	inf	0.6984	0.2710	0.3036	0.0000	0.9918	1.0493	0.0000	0.0004	0.0004	0.0000	0.0000	0.0000	0.0000	0.0000	0.0000	0.0000	0.0000	0.0000	0.0000	0.0000	inf	-0.0628	0.0000	48.2148	3.8827	10.6433	2.9998	0.2188	0.2188	0.0000	0.2186	0.2186	0.0000	0.0002	0.0002	0.0000	0.0000	0.0000	0.0000	0.0000	0.0000	0.0000	0.0000	0.0000	0.0000	0.8074	0.7209	0.0865	0.2204	0.2083	0.0121	0.5870	0.5125	0.0744	0.1972	0.1092	0.0881	0.0306	0.0264	0.0041	0.1667	0.0827	0.0839	1741172.4288	inf	0.6232	3740762.7092	inf	0.2027	2638.6980	inf	0.6984	0.0000	0.0000	0.0000	0.0000	0.0000	0.0000	0.0000	0.0000	0.0000
0	119	0.3226	9	1	1	0	1	0	0	0	0	N	N	N	N	N	N	N	N	N	N	N	N	0.6184	0.1991	2873.7050	0.1790	0.1481	1015.3420	1727.0377	inf	3246.9583	0.0010	0.0008	0.0030	0.0013	0.0013	0.0016	0.0009	0.0005	0.0033	0.0017	0.0041	0.0000	0.0072	0.0086	0.0000	0.0000	0.0000	0.0000	0.4095	0.0006	0.0000	-0.0000	48.2148	2.8083	10.6433	0.0030	0.0007	0.0005	0.0002	0.0003	0.0003	0.0000	0.0004	0.0002	0.0002	0.0001	0.0001	0.0000	0.0001	0.0001	0.0000	0.0000	0.0000	0.0000	0.7055	0.6356	0.0699	0.2398	0.2273	0.0125	0.4657	0.4083	0.0574	0.0817	0.0452	0.0365	0.0127	0.0110	0.0017	0.0690	0.0341	0.0348	1.2132	0.5283	2873.7050	0.2376	0.2029	1015.3420	1727.0377	inf	3246.9583	0.0008	0.0015	0.0000	0.0054	0.0063	0.0000	0.0000	0.0000	0.0000
0	120	0.3226	9	1	1	1	1	0	0	0	0	N	N	N	N	N	N	N	N	N	N	N	N	4.1733	1.6154	2237.0700	2.0498	1.8749	9.6635	1843.3887	inf	2727.1513	0.0011	0.0012	0.0006	0.0033	0.0035	0.0000	0.0002	0.0002	0.0007	0.0003	0.0007	0.0000	0.0016	0.0019	0.0000	0.0000	0.0000	0.0000	0.0591	0.0005	-0.0005	-0.0000	48.2148	9.6158	10.6433	0.0030	0.0023	0.0022	0.0001	0.0020	0.0020	0.0000	0.0004	0.0002	0.0001	0.0001	0.0001	0.0000	0.0001	0.0001	0.0000	0.0000	0.0000	0.0000	2.0661	1.8496	0.2165	0.5939	0.5616	0.0323	1.4722	1.2880	0.1842	0.2749	0.1519	0.1230	0.0425	0.0368	0.0057	0.2324	0.1152	0.1173	4.4935	2.6201	2237.0700	2.0498	1.8749	9.6635	1843.3887	inf	2727.1513	0.0003	0.0005	0.0000	0.0016	0.0019	0.0000	0.0000	0.0000	0.0000
0	121	0.3130	8	1	1	0	1	0	0	0	0	N	N	N	N	N	N	N	N	N	N	N	N	2.6295	1.1913	8819.8053	0.2062	0.2166	79.2717	2038.9258	28614.2373	12840.3686	1.8262	1.1378	7.7543	0.3362	0.3631	0.0283	2.9491	1.7494	11.5873	0.6945	0.9551	0.0009	1.6304	1.6765	0.0004	0.0014	0.0001	0.0009	0.7914	0.0050	0.3486	-0.0097	48.2148	4.2457	10.6433	2.0144	2.2540	1.2583	0.9958	0.1784	0.1772	0.0012	2.0757	1.0811	0.9946	0.0156	0.0155	0.0001	0.0155	0.0155	0.0000	0.0001	0.0000	0.0001	1.2343	1.1059	0.1284	0.5305	0.4879	0.0426	0.7038	0.6180	0.0858	0.2031	0.1142	0.0888	0.0379	0.0341	0.0038	0.1652	0.0801	0.0850	23.7732	8.3743	8819.8053	0.8208	0.7980	79.2717	6345.8055	10538716.7974	12840.3686	0.0768	0.1359	0.0009	0.4096	0.4550	0.0004	0.0005	0.0000	0.0009
0	122	0.2708	7	1	1	0	1	0	0	0	0	N	N	N	N	N	N	N	N	N	N	N	N	0.3413	7.3334	0.0773	6.7108	6.2586	0.3707	0.0817	620.6055	0.1042	0.1207	0.1336	0.0119	0.3145	0.3366	0.0001	0.0333	0.0360	0.0147	0.3535	0.0182	0.1542	0.0469	0.0538	0.0002	0.4079	0.0001	0.1414	0.0106	8.8604	-0.0932	0.0047	48.2148	11.9190	10.6433	13.1740	0.3367	0.3332	0.0035	0.2726	0.2726	0.0000	0.0641	0.0606	0.0035	0.0173	0.0018	0.0155	0.0018	0.0018	0.0000	0.0155	0.0000	0.0155	2.7904	2.4943	0.2961	0.8668	0.8097	0.0571	1.9236	1.6845	0.2390	0.7256	0.3906	0.3350	0.0808	0.0724	0.0084	0.6449	0.3182	0.3266	5.0729	29.8070	0.2573	14.4960	13.9155	0.3707	1.3864	232006.4941	0.3104	0.0238	0.0045	0.0463	0.0217	0.0242	0.0002	0.0240	0.0000	0.0475
0	123	0.6978	11	1	1	1	1	0	0	0	0	N	N	N	N	N	N	N	N	N	N	N	N	740.8207	137.0522	270097.9214	11.8476	7.4611	2393.3247	165008.7867	55589.3717	467905.9364	0.5476	0.2073	3.9463	0.0160	0.0116	0.0949	0.9567	0.3695	5.2411	0.0007	0.0015	0.0000	0.0014	0.0016	0.0000	0.0000	0.0000	0.0000	1.9057	0.0123	0.5633	-0.0001	48.2148	12.8936	10.6433	4.1514	1.5278	0.5258	1.0020	0.0194	0.0134	0.0061	1.5084	0.5124	0.9959	0.0002	0.0002	0.0000	0.0002	0.0002	0.0000	0.0000	0.0000	0.0000	2.7901	2.5362	0.2539	1.2135	1.1496	0.0639	1.5767	1.3867	0.1900	0.3703	0.2269	0.1434	0.1262	0.1090	0.0172	0.2441	0.1179	0.1262	1179.0703	276.8807	270097.9214	11.8476	7.4611	2393.3247	165008.7867	36295448.0021	467905.9364	0.0005	0.0007	0.0000	0.0014	0.0016	0.0000	0.0000	0.0000	0.0000
0	124	0.2861	8	1	2	0	0	0	0	0	0	N	Y	N	N	N	N	N	N	N	N	N	N	0.2347	0.1475	0.4942	0.1426	0.0349	4.9807	0.2695	0.1580	0.5121	0.7251	0.4237	3.2322	0.0645	0.0154	0.9464	0.9530	0.5764	3.5622	3.0890	2.8731	6.5402	0.4525	0.4404	0.1900	3.5370	3.6479	6.9567	0.9173	0.9891	0.3721	-0.2608	48.2148	12.7386	10.6433	8.7370	1.9449	1.0144	0.9305	0.0444	0.0100	0.0344	1.9005	1.0043	0.8961	1.9890	1.0000	0.9890	0.0073	0.0065	0.0008	1.9817	0.9934	0.9883	2.6822	2.3943	0.2879	0.6881	0.6518	0.0363	1.9941	1.7425	0.2516	0.6439	0.3481	0.2958	0.0836	0.0757	0.0079	0.5603	0.2723	0.2880	0.2347	0.1475	0.9668	0.7372	0.1781	9.6063	0.2695	0.1580	1.0379	3.0890	2.8731	3.3431	0.0875	0.0864	0.0985	3.5370	3.6479	3.4320
0	125	0.2708	7	1	2	0	0	0	0	0	0	N	Y	N	N	N	N	N	N	N	N	N	N	3.0809	2.9653	29.8962	52.0693	48.2248	6.5804	3.3042	1.4475	42.2946	1.3043	0.9389	4.4097	0.4976	0.5336	0.0104	1.7175	1.1596	5.6607	0.4234	0.3166	0.1475	0.0096	0.0111	0.0016	0.5198	0.8011	0.1338	0.5527	2.0626	0.1944	0.0004	48.2148	8.6431	10.6433	1.4782	2.8249	1.8194	1.0055	0.3650	0.3645	0.0005	2.4599	1.4549	1.0050	0.0094	0.0031	0.0063	0.0003	0.0002	0.0000	0.0092	0.0028	0.0063	2.1658	1.9378	0.2280	0.7336	0.6831	0.0505	1.4322	1.2547	0.1775	0.3094	0.1672	0.1423	0.0375	0.0340	0.0035	0.2719	0.1331	0.1387	42.8236	50.9984	98.8441	73.4841	72.9905	6.5804	50.9217	54.5780	123.8442	0.0305	0.0184	0.0446	0.0068	0.0073	0.0016	0.0337	0.0212	0.0457
0	126	0.2613	6	1	1	0	0	0	0	0	0	N	N	N	N	N	N	N	N	N	N	N	N	160.1347	1174.2949	7.8870	401.5692	1930.0290	0.0444	56.3353	38.6320	13.8575	0.4348	0.4810	0.0195	1.0697	1.1100	0.0022	0.1841	0.2074	0.0215	0.0027	0.0004	0.0025	0.0027	0.0006	0.0506	0.0033	0.0054	0.0016	0.0045	5.3918	-0.1308	0.0001	48.2148	4.1618	10.6433	2.0491	0.4628	0.4607	0.0021	0.3223	0.3223	0.0000	0.1405	0.1384	0.0021	0.0003	0.0000	0.0002	0.0001	0.0000	0.0001	0.0002	0.0000	0.0001	1.0642	0.9577	0.1065	0.3013	0.2904	0.0109	0.7629	0.6673	0.0956	0.2318	0.1370	0.0948	0.0430	0.0407	0.0023	0.1888	0.0964	0.0924	362.5253	1515.2908	7.8870	401.5692	1930.0290	0.0577	212.5959	993.5400	13.8575	0.0012	0.0003	0.0025	0.0027	0.0006	0.0390	0.0009	0.0002	0.0016
0	127	0.2322	5	1	1	0	0	0	0	0	0	N	N	N	N	N	N	N	N	N	N	N	N	5.5435	0.6033	43292.6906	1.7089	1.7294	0.2100	689928.9212	33.8133	2922309.4891	0.7421	0.2331	4.8795	0.9141	0.9644	0.0011	0.6918	0.0014	5.4685	0.1339	0.3863	0.0001	0.5349	0.5576	0.0052	0.0000	0.0000	0.0000	2.5754	0.0040	0.6204	-0.0045	48.2148	9.4810	10.6433	7.4917	1.4321	0.4006	1.0316	0.3988	0.3988	0.0000	1.0334	0.0018	1.0316	0.0071	0.0071	0.0000	0.0071	0.0071	0.0000	0.0000	0.0000	0.0000	1.9300	1.7185	0.2114	0.4363	0.4135	0.0228	1.4937	1.3050	0.1886	0.5628	0.3081	0.2547	0.0714	0.0659	0.0055	0.4914	0.2422	0.2492	58.5397	10.1074	43292.6906	9.1430	8.9440	0.2100	689928.9212	12568.7292	2922309.4891	0.0127	0.0231	0.0001	0.1000	0.1078	0.0052	0.0000	0.0000	0.0000
0	128	0.7100	12	2	2	0	0	0	0	0	0	Y	Y	N	N	N	N	N	N	N	N	N	N	0.0000	0.0024	0.0000	0.0008	0.0029	0.0009	0.0000	0.0000	0.0000	0.0000	0.0000	0.0000	0.0000	0.0000	0.0000	0.0000	0.0000	0.0000	11.9431	0.0002	46.1062	0.0020	0.0004	0.0120	18.8222	0.0001	53.4026	0.5858	100090.4096	0.0000	0.3708	48.2148	2.0107	10.6433	1.9995	0.0000	0.0000	0.0000	0.0000	0.0000	0.0000	0.0000	0.0000	0.0000	0.9978	0.0000	0.9978	0.0001	0.0000	0.0000	0.9977	0.0000	0.9977	0.3952	0.3565	0.0387	0.1717	0.1617	0.0100	0.2235	0.1948	0.0287	0.0835	0.0516	0.0319	0.0305	0.0264	0.0042	0.0530	0.0252	0.0278	0.0000	0.0026	0.0000	0.0008	0.0029	0.0009	0.0000	0.0000	0.0000	11.9431	0.0002	31.2518	0.0020	0.0004	0.0120	18.8222	0.0000	35.9409
0	129	0.6978	11	2	2	0	0	0	0	0	0	Y	Y	N	N	N	N	N	N	N	N	N	N	0.3159	8.1762	0.0000	18.5188	17.1744	0.0189	0.0000	0.0003	0.0000	0.0050	0.0054	0.0000	0.0109	0.0114	0.0000	0.0000	0.0000	0.0000	0.0158	0.0007	0.0221	0.0006	0.0007	0.0001	0.0534	0.0053	0.0215	0.0000	16.6999	-0.0020	0.0002	48.2148	5.6459	10.6433	1.1399	0.0071	0.0071	0.0000	0.0071	0.0071	0.0000	0.0000	0.0000	0.0000	0.0007	0.0000	0.0007	0.0000	0.0000	0.0000	0.0007	0.0000	0.0007	1.4182	1.2993	0.1189	0.6470	0.6172	0.0298	0.7713	0.6821	0.0892	0.1524	0.0937	0.0587	0.0523	0.0453	0.0070	0.1001	0.0484	0.0517	1.0679	12.6890	0.0001	18.5188	17.1744	0.0189	0.0002	0.0067	0.0000	0.0047	0.0004	0.0114	0.0006	0.0007	0.0001	0.0068	0.0002	0.0130
0	130	0.6674	10	1	1	0	0	0	0	0	0	N	N	N	N	N	N	N	N	N	N	N	N	36.6226	29.4185	2.4290	1.6140	1.7213	0.0334	173.7855	869.1722	4.5197	0.1663	0.1864	0.0032	0.0075	0.0081	0.0001	0.3126	0.3636	0.0046	0.0045	0.0063	0.0013	0.0046	0.0047	0.0039	0.0018	0.0004	0.0010	0.0021	0.3863	-0.1437	-0.0003	48.2148	11.6079	10.6433	5.3766	0.5041	0.5031	0.0011	0.0109	0.0108	0.0000	0.4933	0.4922	0.0010	0.0008	0.0006	0.0002	0.0007	0.0006	0.0001	0.0002	0.0000	0.0002	3.0315	2.6984	0.3331	1.4533	1.3445	0.1088	1.5782	1.3539	0.2243	0.4710	0.2900	0.1810	0.1667	0.1490	0.0177	0.3043	0.1410	0.1633	92.7064	88.7163	2.4290	1.8377	1.9716	0.0334	567.6481	199859.4522	4.5197	0.0018	0.0021	0.0013	0.0041	0.0041	0.0039	0.0006	0.0000	0.0010
0	131	0.6496	9	1	1	0	0	0	0	0	0	N	N	N	N	N	N	N	N	N	N	N	N	0.0662	0.2074	0.2700	0.1930	0.9208	0.0420	0.0900	0.1217	1.3396	0.0261	0.0204	0.0779	0.0299	0.0286	0.0506	0.0230	0.0129	0.0879	0.3951	0.0984	0.2885	0.1548	0.0310	1.2050	0.2554	0.1059	0.0656	0.4229	3.4381	0.0003	0.0018	48.2148	3.9355	10.6433	8.7078	0.0277	0.0194	0.0082	0.0145	0.0130	0.0014	0.0132	0.0064	0.0068	0.0126	0.0028	0.0098	0.0080	0.0026	0.0054	0.0046	0.0003	0.0043	1.0583	0.9528	0.1056	0.4845	0.4562	0.0283	0.5738	0.4966	0.0773	0.4535	0.2981	0.1554	0.1787	0.1623	0.0165	0.2748	0.1358	0.1390	0.9402	2.1409	1.2395	0.6663	1.7945	0.1538	1.3746	6.8301	2.8146	0.0278	0.0095	0.0628	0.0448	0.0159	0.3294	0.0167	0.0019	0.0312
0	132	0.6379	8	1	1	0	0	0	0	0	0	N	N	N	N	N	N	N	N	N	N	N	N	0.0765	0.0241	0.2192	0.1192	0.0312	1.1306	0.0251	0.0854	0.0461	0.0646	0.0198	0.3761	0.1115	0.0269	1.0881	0.0224	0.0127	0.0711	0.8448	0.8215	1.7152	0.9355	0.8626	0.9624	0.8923	0.1483	1.5414	2.7365	1.3101	0.0515	-0.0032	48.2148	6.2657	10.6433	3.9760	0.1156	0.0309	0.0846	0.0944	0.0210	0.0734	0.0212	0.0099	0.0112	0.0530	0.0230	0.0301	0.0271	0.0227	0.0044	0.0260	0.0002	0.0257	1.7893	1.5642	0.2251	0.8466	0.7791	0.0675	0.9428	0.7852	0.1576	0.3739	0.2420	0.1319	0.1505	0.1355	0.0150	0.2234	0.1065	0.1170	0.4554	0.2084	1.6493	0.6197	0.1607	3.7293	0.1931	5.6537	0.3235	0.1419	0.0949	0.2280	0.1800	0.1677	0.2918	0.1162	0.0022	0.2199
0	133	0.5606	7	1	1	0	0	0	0	0	0	N	N	N	N	N	N	N	N	N	N	N	N	0.4972	3.5643	0.2622	1.5933	1.6805	2.3662	0.5642	2.8623	0.2909	0.7185	0.5987	1.7149	0.0989	0.0741	0.4471	1.1340	0.9783	2.1332	1.4451	0.1680	6.5396	0.0620	0.0441	0.1889	2.0097	0.3418	7.3328	0.3444	166.0786	-0.1292	0.6881	48.2148	26.7012	10.6433	18.2690	4.1764	3.1064	1.0699	0.2306	0.1614	0.0692	3.9457	2.9450	1.0007	1.8817	0.0113	1.8704	0.0140	0.0091	0.0049	1.8677	0.0022	1.8655	5.8123	5.1883	0.6239	2.3327	2.1779	0.1548	3.4796	3.0105	0.4691	1.4777	0.9162	0.5616	0.5049	0.4545	0.0503	0.9729	0.4616	0.5112	0.5643	48.7056	0.5149	3.5580	3.7025	4.5644	0.5907	208.6710	0.5846	1.2734	0.0123	3.3308	0.0278	0.0200	0.0979	1.9198	0.0047	3.6491
0	134	0.3225	6	1	1	0	0	0	0	0	0	N	N	N	N	N	N	N	N	N	N	N	N	0.2878	0.3290	0.2303	1.3236	0.1328	417.4998	0.2534	0.2636	0.0186	0.3083	0.2531	0.7905	0.2824	0.0314	4.2898	0.3193	0.3544	0.0660	1.0713	0.7692	3.4333	0.2133	0.2366	0.0103	1.2602	1.3444	3.5425	0.3577	8.5233	-0.0816	0.3310	48.2148	61.4372	10.6433	55.8589	3.4475	2.5392	0.9083	0.9444	0.0989	0.8455	2.5031	2.4403	0.0628	1.2412	0.1303	1.1109	0.0218	0.0213	0.0005	1.2195	0.1090	1.1104	11.1833	10.0343	1.1490	3.3448	3.1477	0.1971	7.8386	6.8867	0.9519	2.7907	1.5469	1.2437	0.4121	0.3658	0.0463	2.3786	1.1811	1.1975	0.6931	3.0035	0.8851	5.3456	0.5399	417.4998	0.6229	3.8382	0.0712	0.4448	0.0843	0.8932	0.0528	0.0582	0.0103	0.5127	0.0923	0.9273
0	135	0.2322	5	1	1	0	0	0	0	0	0	N	N	N	N	N	N	N	N	N	N	N	N	36.9191	5.7018	6202.1742	3.9531	3.2276	19635.5566	1459.1580	305.2172	5814.5963	1.4242	1.2370	2.9743	1.5723	1.4245	4.3210	1.3818	1.1789	2.8155	0.0386	0.2170	0.0005	0.3977	0.4414	0.0002	0.0009	0.0039	0.0005	0.2903	0.0303	-0.5396	-0.0066	48.2148	31.7621	10.6433	18.5886	8.6809	6.7279	1.9530	2.1343	1.8351	0.2992	6.5466	4.8928	1.6538	0.0111	0.0107	0.0003	0.0107	0.0107	0.0000	0.0004	0.0001	0.0003	6.0953	5.4387	0.6566	1.3574	1.2882	0.0692	4.7379	4.1505	0.5874	1.4378	0.7595	0.6783	0.1350	0.1230	0.0120	1.3029	0.6365	0.6664	185.1058	87.5044	6202.1742	19.9148	16.4478	19635.5566	4428.0458	8943.1168	5814.5963	0.0077	0.0141	0.0005	0.0790	0.0866	0.0002	0.0003	0.0001	0.0005
1	2	0.3105	3	0	0	1	2	0	0	0	0	N	N	N	Y	N	N	N	N	N	N	N	N	0.0002	0.3062	0.0000	0.3826	0.4177	0.0000	0.0001	0.0256	0.0000	0.0007	0.0008	0.0002	0.0010	0.0010	0.0000	0.0004	0.0005	0.0003	3.8196	0.0025	14.2312	0.0027	0.0025	0.0046	4.3569	0.0186	14.7259	0.0246	6774.2295	-0.0001	0.3594	55.9174	1.7046	28.4161	4.0008	0.0004	0.0004	0.0000	0.0003	0.0003	0.0000	0.0001	0.0001	0.0000	0.9673	0.0001	0.9672	0.0001	0.0001	0.0000	0.9672	0.0001	0.9672	0.5703	0.5242	0.0460	0.2823	0.2737	0.0085	0.2880	0.2505	0.0375	0.2532	0.1350	0.1183	0.0312	0.0291	0.0022	0.2220	0.1059	0.1161	0.0002	0.7323	0.0000	0.3826	0.4177	0.0000	0.0001	0.7223	0.0000	3.8196	0.0011	8.1787	0.0027	0.0025	0.0046	4.3569	0.0007	8.3304
1	3	0.3867	8	1	0	2	1	0	0	0	0	N	N	Y	N	N	N	N	N	N	N	N	N	0.1130	0.0764	0.3830	0.0309	0.0323	0.0069	0.1560	0.0917	0.6682	0.3589	0.3914	0.0376	0.0888	0.0943	0.0009	0.5592	0.6261	0.0513	3.1760	5.1246	0.0981	2.8699	2.9228	0.1236	3.5843	6.8299	0.0768	0.0097	0.0043	-0.1778	-0.7046	55.9174	4.7526	28.4161	2.9435	0.6407	0.6345	0.0062	0.0675	0.0675	0.0000	0.5732	0.5670	0.0061	1.1291	1.1243	0.0049	0.1439	0.1435	0.0004	0.9852	0.9807	0.0045	1.7853	1.6213	0.1640	0.7604	0.7157	0.0447	1.0249	0.9057	0.1193	0.3555	0.2194	0.1361	0.0806	0.0758	0.0049	0.2749	0.1436	0.1313	0.1130	0.0764	1.0517	0.0498	0.0498	0.0115	0.1560	0.0917	1.4965	3.1760	5.1246	0.0357	1.7843	1.8939	0.0740	3.5843	6.8299	0.0343
1	4	0.2701	4	0	1	1	1	0	0	0	0	N	N	N	N	N	N	N	N	N	N	N	N	0.9795	1.4648	0.1297	0.4948	1.1329	0.0022	7.6586	410.8858	1.5905	0.5183	0.5810	0.0395	0.7636	0.8103	0.0502	0.4685	0.5309	0.0384	0.5292	0.3966	0.3042	1.5432	0.7153	22.8343	0.0612	0.0013	0.0241	0.0089	2.4350	-0.8826	0.0062	55.9174	28.2678	28.4161	13.1235	3.1711	3.1431	0.0279	0.7883	0.7851	0.0032	2.3828	2.3581	0.0247	0.0765	0.0223	0.0542	0.0648	0.0222	0.0425	0.0117	0.0000	0.0117	6.1180	5.4103	0.7077	1.0323	0.9688	0.0634	5.0857	4.4415	0.6442	1.7814	0.9379	0.8436	0.1764	0.1621	0.0143	1.6050	0.7757	0.8292	12.0773	24.4805	0.6142	2.0800	5.9071	0.0169	64.4164	28054.0532	2.7314	0.0429	0.0237	0.0642	0.3671	0.1372	2.9734	0.0073	0.0000	0.0141
1	5	0.3126	5	0	0	2	2	0	0	0	0	N	N	Y	Y	N	N	N	N	N	N	N	N	1.1744	0.7606	4428.2782	0.7331	0.7417	10.8456	3.4348	0.5943	6613.7854	0.5694	0.5224	0.9653	0.5387	0.5751	0.0097	0.5852	0.4933	1.2146	0.4848	0.6869	0.0002	0.7349	0.7754	0.0009	0.1704	0.8300	0.0002	0.2189	0.0025	-0.2483	-0.0257	55.9174	15.6542	28.4161	8.9658	2.3085	1.8939	0.4146	0.7436	0.7428	0.0009	1.5649	1.1512	0.4137	0.0411	0.0410	0.0001	0.0304	0.0304	0.0000	0.0107	0.0106	0.0001	4.0546	3.6251	0.4295	1.3803	1.2915	0.0889	2.6743	2.3337	0.3406	1.1124	0.6467	0.4656	0.2245	0.2021	0.0224	0.8878	0.4446	0.4432	15.4177	8.2460	4428.2782	3.9815	3.8290	10.8456	48.5663	20.6604	6613.7854	0.0369	0.0634	0.0002	0.1353	0.1502	0.0009	0.0120	0.0239	0.0002
1	6	0.5793	5	1	1	1	1	0	0	0	0	N	N	N	N	N	N	N	N	N	N	N	N	114.3588	71.1201	0.4639	615.0774	637.2286	0.0005	52.9066	2.9039	0.5646	1.0297	1.1407	0.0007	0.9033	0.9502	0.0000	1.1071	1.2676	0.0009	0.0090	0.0160	0.0016	0.0015	0.0015	0.0013	0.0209	0.4365	0.0016	0.0001	0.2777	-0.8598	-0.0007	55.9174	12.5370	28.4161	4.3273	2.9951	2.9949	0.0002	0.9978	0.9978	0.0000	1.9973	1.9970	0.0002	0.0018	0.0014	0.0004	0.0003	0.0002	0.0000	0.0016	0.0012	0.0004	2.9087	2.6255	0.2832	1.1046	1.0501	0.0545	1.8040	1.5754	0.2286	0.5964	0.3477	0.2486	0.1804	0.1579	0.0225	0.4160	0.1898	0.2261	337.1564	278.2641	0.4639	615.0774	637.2286	0.0005	295.8759	202.1933	0.5646	0.0031	0.0041	0.0016	0.0015	0.0015	0.0013	0.0037	0.0063	0.0016
1	7	0.4063	9	1	0	2	1	0	0	0	0	N	N	Y	N	N	N	N	N	N	N	N	N	0.5115	0.7043	0.0001	6.7117	109.5912	0.0001	0.0000	0.0000	0.0000	1.3440	1.5118	0.0004	4.3283	4.5748	0.0017	0.0000	0.0000	0.0001	2.6276	2.1467	6.7231	0.6449	0.0417	19.0966	3.7152	3.8876	7.1429	0.0000	0.8945	-0.2860	-0.1353	55.9174	3.5884	28.4161	2.8705	0.9961	0.9961	0.0000	0.9961	0.9961	0.0000	0.0000	0.0000	0.0000	0.8662	0.4572	0.4090	0.0118	0.0019	0.0099	0.8544	0.4553	0.3990	0.7411	0.6589	0.0823	0.2301	0.2177	0.0124	0.5110	0.4411	0.0699	0.3296	0.2130	0.1167	0.0997	0.0959	0.0038	0.2300	0.1171	0.1128	0.5115	0.7043	0.0001	36.5120	234.9034	0.0007	0.0000	0.0000	0.0000	2.6276	2.1467	3.5056	0.1185	0.0195	2.6030	3.7152	3.8876	3.5362
1	8	0.2926	6	1	1	1	2	0	0	0	0	N	N	N	Y	N	N	N	N	N	N	N	N	0.0007	0.0006	0.0011	0.0012	inf	inf	0.0005	0.0006	0.0000	0.0023	0.0025	0.0000	0.0003	0.0003	0.0000	0.7731	1.0419	0.0000	2.0513	2.0938	0.0000	0.0000	0.0000	0.0000	0.0000	0.0000	-0.0000	-0.0030	55.9174	0.9985	28.4161	0.0096	0.0001	0.0001	0.0000	0.0001	0.0001	0.0000	0.0001	0.0001	0.0000	0.0048	0.0048	0.0000	0.0048	0.0048	0.0000	0.0000	0.0000	0.0000	0.2160	0.1895	0.0264	0.0257	0.0243	0.0015	0.1903	0.1653	0.0250	0.0455	0.0262	0.0193	0.0074	0.0066	0.0008	0.0381	0.0195	0.0186	0.0049	0.0032	0.0000	0.0036	0.0035	0.0000	inf	inf	0.0000	0.1046	0.1819	0.0000	0.6441	0.7200	0.0000	0.0000	0.0000	0.0000			
1	9	0.3552	7	1	0	2	1	0	0	0	0	N	N	Y	N	N	N	N	N	N	N	N	N	0.0084	0.0096	0.0151	0.0276	0.0293	0.0293	0.0079	0.0000	0.0168	0.0132	0.0033	0.1021	0.0091	0.0095	0.0026	0.0152	0.0000	0.1220	1.5664	0.3411	6.7731	0.3305	0.3232	0.0899	1.9172	0.0000	7.2808	3.4921	125.6074	0.0102	0.3177	55.9174	6.0952	28.4161	6.8339	0.0209	0.0047	0.0162	0.0047	0.0047	0.0001	0.0162	0.0000	0.0162	0.8735	0.0069	0.8666	0.0073	0.0069	0.0004	0.8662	0.0000	0.8662	1.5838	1.4247	0.1591	0.5176	0.4910	0.0266	1.0662	0.9337	0.1325	0.5911	0.3447	0.2464	0.1064	0.0988	0.0076	0.4847	0.2459	0.2387	0.0089	0.1631	0.0290	0.1322	0.1356	0.0457	0.0085	0.0000	0.0336	1.4778	0.0200	3.5174	0.0690	0.0698	0.0576	1.7871	0.0000	3.6279
1	10	0.2459	6	0	0	2	1	0	0	0	0	N	N	Y	N	N	N	N	N	N	N	N	N	2.2853	1.3642	0.0000	1.0219	0.9187	44.9846	inf	0.0000	0.0001	0.0002	0.0000	0.0004	0.0004	0.0000	0.0000	0.0000	0.0000	0.0001	0.0001	0.0000	0.0004	0.0005	0.0000	0.0000	0.0000	0.0000	0.0000	0.0115	-0.0000	-0.0000	55.9174	1.9784	28.4161	5.0323	0.0001	0.0001	0.0000	0.0001	0.0001	0.0000	0.0000	0.0000	0.0000	0.0000	0.0000	0.0000	0.0000	0.0000	0.0000	0.0000	0.0000	0.0000	0.6284	0.5603	0.0681	0.1717	0.1639	0.0078	0.4567	0.3964	0.0603	0.3287	0.1729	0.1557	0.0491	0.0421	0.0070	0.2796	0.1308	0.1488	2.2853	1.3642	0.0000	1.0219	0.9187	0.0000	44.9846	inf	0.0000	0.0001	0.0001	0.0000	0.0004	0.0005	0.0000	0.0000	0.0000	0.0000	
1	11	0.2560	4	0	0	2	1	0	0	0	0	N	N	Y	N	N	N	N	N	N	N	N	N	5.3035	2.1553	33968.5610	2.5703	2.5801	1.8800	7.8012	1.2746	51020.4381	1.0185	1.0121	1.0667	0.8882	0.9458	0.0015	1.0400	1.0239	1.1514	0.1920	0.4696	0.0000	0.3455	0.3666	0.0008	0.1333	0.8033	0.0000	0.1397	0.0010	-1.3457	-0.0206	55.9174	39.9843	28.4161	13.6191	8.1782	7.1757	1.0025	1.0073	1.0072	0.0001	7.1708	6.1684	1.0024	0.0328	0.0328	0.0000	0.0120	0.0120	0.0000	0.0208	0.0208	0.0000	8.0294	7.0896	0.9398	1.1342	1.0649	0.0692	6.8952	6.0246	0.8706	2.1623	1.1188	1.0435	0.1674	0.1555	0.0119	1.9949	0.9633	1.0316	67.0713	34.5207	33968.5610	12.3816	12.2580	1.8800	99.6036	47.4056	51020.4381	0.0152	0.0293	0.0000	0.0717	0.0772	0.0008	0.0104	0.0216	0.0000
1	12	0.3177	4	1	1	1	1	0	0	0	0	N	N	N	N	N	N	N	N	N	N	N	N	0.0006	0.0003	0.3426	0.0004	0.0004	0.4582	0.0029	0.0002	0.4748	0.0006	0.0004	0.0024	0.0012	0.0012	0.0009	0.0004	0.0001	0.0026	0.9999	1.3924	0.0070	2.9710	3.1091	0.0020	0.1531	0.7519	0.0056	0.7458	0.0070	0.0003	-0.2000	55.9174	16.7672	28.4161	6.4850	0.0022	0.0013	0.0010	0.0010	0.0010	0.0000	0.0012	0.0003	0.0009	0.3218	0.3196	0.0022	0.3122	0.3121	0.0000	0.0096	0.0074	0.0022	3.5599	3.1638	0.3960	0.8725	0.8190	0.0535	2.6874	2.3448	0.3425	1.0146	0.5531	0.4615	0.1557	0.1414	0.0142	0.8589	0.4116	0.4473	0.0020	0.0007	0.4991	0.0006	0.0005	0.4582	0.0397	0.0069	0.5371	0.3171	0.5778	0.0048	2.0055	2.2070	0.0020	0.0112	0.0180	0.0049
1	13	0.2852	9	0	0	2	2	0	0	0	0	N	N	Y	Y	N	N	N	N	N	N	N	N	0.0000	0.0000	0.0000	0.0000	0.0000	0.0000	0.0000	0.0000	0.0000	0.0000	0.0000	0.0000	0.0000	0.0000	0.0000	0.0000	0.0000	0.0000	0.0000	0.0000	55.9174	0.0001	28.4161	1.0001	0.0000	0.0000	0.0000	0.0000	0.0000	0.0000	0.0000	0.0000	0.0000	0.0000	0.0000	0.0000	0.0000	0.0000	0.0000	0.0000	0.0000	0.0000	0.0000	0.0000	0.0000	0.0000	0.0000	0.0000	0.0000	0.0000	0.0000	0.0428	0.0229	0.0199	0.0050	0.0043	0.0007	0.0378	0.0186	0.0192	0.0000	0.0000	0.0000	0.0000	0.0000	0.0000	0.0000	0.0000	0.0000	0.0000	0.0000	0.0000	0.0000	0.0000	0.0000	0.0000	0.0000	0.0000											
1	14	0.3428	6	0	1	1	1	0	0	0	0	N	N	N	N	N	N	N	N	N	N	N	N	0.7865	0.4563	9579.4789	0.2770	0.1338	28711.0053	1.1260	0.5722	224.6663	1.0231	0.8723	2.2133	2.2668	1.2483	18.8137	0.6646	0.7552	0.0489	1.3010	1.9116	0.0002	8.1826	9.3313	0.0007	0.5902	1.3197	0.0002	0.3216	0.0001	-0.1835	-0.6237	55.9174	20.9564	28.4161	6.0714	4.1911	3.1712	1.0199	2.0779	1.0779	0.9999	2.1132	2.0933	0.0199	0.9928	0.9927	0.0001	0.9561	0.9561	0.0000	0.0367	0.0366	0.0001	4.0963	3.6355	0.4608	0.9167	0.8635	0.0531	3.1796	2.7720	0.4077	0.9957	0.5233	0.4724	0.1168	0.1025	0.0144	0.8789	0.4208	0.4580	1.0262	0.4598	9579.4789	0.2770	0.1338	28711.0053	15.9104	8.6802	224.6663	0.9971	1.8969	0.0002	8.1826	9.3313	0.0007	0.0418	0.0870	0.0002
1	15	0.2852	9	0	0	1	2	0	0	0	0	N	N	N	Y	N	N	N	N	N	N	N	N	0.0000	0.0000	0.0000	0.0000	0.0000	0.0000	0.0000	0.0000	0.0000	0.0000	0.0000	0.0000	0.0000	0.0000	0.0000	0.0000	0.0000	0.0000	0.0000	0.0000	55.9174	0.0001	28.4161	6.0018	0.0000	0.0000	0.0000	0.0000	0.0000	0.0000	0.0000	0.0000	0.0000	0.0000	0.0000	0.0000	0.0000	0.0000	0.0000	0.0000	0.0000	0.0000	0.0000	0.0000	0.0000	0.0000	0.0000	0.0000	0.0000	0.0000	0.0000	0.2523	0.1346	0.1177	0.0290	0.0247	0.0042	0.2233	0.1098	0.1135	0.0000	0.0000	0.0000	0.0000	0.0000	0.0000	0.0000	0.0000	0.0000	0.0000	0.0000	0.0000	0.0000	0.0000	0.0000	0.0000	0.0000	0.0000											
1	16	0.2835	8	0	0	1	2	0	0	0	0	N	N	N	Y	N	N	N	N	N	N	N	N	171.0483	inf	0.0000	inf	inf	0.0000	0.0000	0.0000	0.0001	0.0000	0.0004	0.0004	0.0000	0.0000	0.0000	0.0000	0.0000	0.0000	0.0000	0.0000	0.0000	0.0000	0.0000	0.0000	0.0000	0.0000	inf	-0.0000	0.0000	55.9174	1.0007	28.4161	1.0009	0.0000	0.0000	0.0000	0.0000	0.0000	0.0000	0.0000	0.0000	0.0000	0.0000	0.0000	0.0000	0.0000	0.0000	0.0000	0.0000	0.0000	0.0000	0.2128	0.1873	0.0255	0.0273	0.0259	0.0014	0.1855	0.1614	0.0241	0.0852	0.0455	0.0397	0.0097	0.0083	0.0014	0.0755	0.0372	0.0383	171.0483	inf	0.0000	inf	inf	0.0000	0.0000	0.0000	0.0000	0.0000	0.0000	0.0000	0.0000	0.0000	0.0000	0.0000	0.0000	0.0000		
1	17	0.4422	8	0	1	1	2	0	0	0	0	N	N	N	Y	N	N	N	N	N	N	N	N	4.2556	0.0084	11752294.0081	0.0764	0.0660	33206.0005	12.1504	0.0000	14205038.8820	0.5707	0.0032	5.2982	0.0105	0.0104	0.0115	0.8045	0.0000	6.4561	0.1341	0.3819	0.0000	0.1369	0.1574	0.0000	0.0662	0.7111	0.0000	198.7636	0.0000	0.7113	-0.0034	55.9174	8.1476	28.4161	4.0573	1.0048	0.0050	0.9998	0.0054	0.0050	0.0004	0.9994	0.0000	0.9994	0.0054	0.0054	0.0000	0.0027	0.0027	0.0000	0.0027	0.0027	0.0000	1.7607	1.5720	0.1887	0.5184	0.4845	0.0339	1.2423	1.0875	0.1548	0.4245	0.2361	0.1883	0.0630	0.0566	0.0064	0.3615	0.1795	0.1820	44.8526	0.1399	11752294.0081	0.2465	0.2201	33206.0005	106.5174	0.0000	14205038.8820	0.0127	0.0229	0.0000	0.0424	0.0472	0.0000	0.0076	0.0152	0.0000
1	18	0.2763	6	0	1	1	1	0	0	0	0	N	N	N	N	N	N	N	N	N	N	N	N	0.6523	0.3443	1.2653	2.7505	0.9171	14121.2751	0.2854	0.0000	0.6636	0.8117	0.1815	5.6007	2.3735	0.8265	33.5635	0.4121	0.0000	3.0768	1.2444	0.5272	4.4265	0.8629	0.9013	0.0024	1.4437	0.0000	4.6365	4.0595	42.7411	1.1663	0.3570	55.9174	12.7610	28.4161	15.2058	2.2637	0.4474	1.8163	1.3485	0.4474	0.9011	0.9152	0.0000	0.9152	1.0235	0.0234	1.0001	0.0234	0.0234	0.0000	1.0001	0.0000	1.0001	2.7890	2.4647	0.3243	0.5682	0.5413	0.0268	2.2208	1.9234	0.2975	1.1702	0.6276	0.5426	0.1445	0.1319	0.0126	1.0257	0.4957	0.5300	0.9280	4.8688	3.0387	14.6396	4.6587	14121.2751	0.4227	0.0000	1.6305	0.8747	0.0373	1.8431	0.1621	0.1774	0.0024	0.9750	0.0000	1.8870
1	19	0.2901	9	0	1	1	2	0	0	0	0	N	N	N	Y	N	N	N	N	N	N	N	N	0.0000	0.0000	0.0000	0.0000	0.0000	0.0000	0.0000	0.0000	0.0000	0.0000	0.0000	0.0000	0.0000	0.0000	0.0000	0.0000	0.0000	0.0000	0.0000	0.0000	55.9174	3.0000	28.4161	1.0000	0.0000	0.0000	0.0000	0.0000	0.0000	0.0000	0.0000	0.0000	0.0000	0.0000	0.0000	0.0000	0.0000	0.0000	0.0000	0.0000	0.0000	0.0000	0.6315	0.5562	0.0753	0.0822	0.0781	0.0041	0.5493	0.4781	0.0712	0.1666	0.0901	0.0765	0.0196	0.0169	0.0027	0.1470	0.0733	0.0738	0.0000	0.0000	0.0000	0.0000	0.0000	0.0000	0.0000	0.0000	0.0000	0.0000	0.0000	0.0000	0.0000	0.0000	0.0000	0.0000	0.0000	0.0000											
1	20	0.6538	8	0	1	1	2	0	0	0	0	N	N	N	Y	N	N	N	N	N	N	N	N	0.1733	0.1176	1.2078	1670.3995	1981.8430	0.0000	0.0004	0.0000	1.7137	0.3547	0.3922	0.0073	0.9671	1.0174	0.0000	0.0011	0.0000	0.0090	2.0466	3.3343	0.0061	0.0006	0.0005	0.0010	3.0701	6.3546	0.0052	0.0020	0.0008	-0.2076	-0.5915	55.9174	9.0824	28.4161	4.8637	0.7282	0.7267	0.0015	0.7267	0.7267	0.0000	0.0015	0.0000	0.0015	0.9427	0.9419	0.0008	0.0001	0.0001	0.0000	0.9426	0.9418	0.0008	2.0527	1.8530	0.1997	0.7514	0.7143	0.0371	1.3013	1.1387	0.1626	0.4606	0.2825	0.1781	0.1536	0.1343	0.0193	0.3070	0.1482	0.1588	0.1733	0.1176	1.6825	1670.3995	1981.8430	0.0000	0.0004	0.0000	1.8910	2.0466	3.3343	0.0043	0.0006	0.0005	0.0010	3.0701	6.3546	0.0047
1	21	0.2736	5	1	1	1	1	0	0	0	0	N	N	N	N	N	N	N	N	N	N	N	N	0.2591	0.1600	0.2855	2.6176	2.6723	0.0444	0.0021	0.0001	0.3427	0.4275	0.4827	0.0272	2.9365	3.1465	0.0010	0.0041	0.0003	0.0294	1.6501	3.0178	0.0952	1.1218	1.1775	0.0236	1.9914	4.0486	0.0859	0.0078	0.0102	-0.1275	-0.6335	55.9174	5.0072	28.4161	8.1033	0.4563	0.4528	0.0035	0.4526	0.4525	0.0000	0.0037	0.0002	0.0035	1.0246	1.0143	0.0103	0.0231	0.0229	0.0002	1.0016	0.9914	0.0101	1.0674	0.9380	0.1294	0.1541	0.1438	0.0103	0.9133	0.7942	0.1191	0.6275	0.3361	0.2914	0.0995	0.0912	0.0083	0.5280	0.2449	0.2831	0.2618	0.1600	0.7660	12.6537	12.5359	0.0456	0.0022	0.0001	0.8212	1.6330	3.0178	0.0355	0.2321	0.2510	0.0230	1.8970	4.0486	0.0358
1	22	0.2422	5	0	1	1	1	0	0	0	0	N	N	N	N	N	N	N	N	N	N	N	N	0.4500	1.3302	0.5439	0.0114	0.0109	0.2336	0.4416	64099.7017	0.5440	0.5599	0.3156	2.3839	0.0058	0.0060	0.0019	0.6294	0.3583	2.4782	1.2442	0.2372	4.3830	0.5130	0.5514	0.0081	1.4254	0.0000	4.5552	1.0117	111.4315	0.4350	0.3662	55.9174	17.0533	28.4161	10.0403	2.0157	1.0020	1.0137	0.0023	0.0023	0.0000	2.0134	0.9997	1.0137	1.0094	0.0090	1.0004	0.0090	0.0090	0.0001	1.0003	0.0000	1.0003	3.6002	3.1749	0.4252	0.4012	0.3851	0.0162	3.1990	2.7899	0.4091	1.1553	0.6006	0.5547	0.0932	0.0845	0.0086	1.0621	0.5161	0.5461	0.6408	21.1128	1.3218	0.0601	0.0566	0.2336	0.6683	115572038.7680	1.3528	0.8737	0.0149	1.8036	0.0971	0.1062	0.0081	0.9418	0.0000	1.8319
1	23	0.4422	8	0	0	1	2	0	0	0	0	N	N	N	Y	N	N	N	N	N	N	N	N	3.0715	0.0014	4775074.3082	0.0047	0.0048	494.6655	5.7545	0.0000	5729181.4266	1.5368	0.0010	14.4708	0.0030	0.0032	0.0008	2.2026	0.0000	17.6322	0.5003	0.7203	0.0000	0.6408	0.6634	0.0000	0.3828	1.0613	0.0000	1713.3558	0.0000	0.7091	-0.0035	55.9174	2.8591	28.4161	0.9679	0.9956	0.0006	0.9950	0.0006	0.0006	0.0000	0.9950	0.0000	0.9950	0.0055	0.0055	0.0000	0.0028	0.0028	0.0000	0.0027	0.0027	0.0000	0.6478	0.5791	0.0688	0.1961	0.1838	0.0123	0.4517	0.3953	0.0564	0.1425	0.0792	0.0633	0.0236	0.0215	0.0021	0.1189	0.0577	0.0612	39.8084	0.0144	4775074.3082	0.0256	0.0245	494.6655	95.9289	0.0000	5729181.4266	0.0386	0.0694	0.0000	0.1175	0.1288	0.0000	0.0230	0.0473	0.0000
1	24	0.4160	7	0	0	1	2	0	0	0	0	N	N	N	Y	N	N	N	N	N	N	N	N	0.0007	0.0000	49.9311	0.0000	0.0000	0.0185	0.0023	0.0000	61.8164	0.0042	0.0002	0.0373	0.0005	0.0005	0.0000	0.0058	0.0001	0.0452	6.2857	11.2299	0.0007	26.1240	29.5907	0.0011	2.5467	5.1049	0.0007	21.5892	0.0001	0.0039	-1.8316	55.9174	6.2936	28.4161	7.0245	0.0059	0.0003	0.0056	0.0002	0.0002	0.0000	0.0057	0.0001	0.0056	2.9151	2.9150	0.0002	1.9213	1.9213	0.0000	0.9938	0.9936	0.0001	1.3910	1.2410	0.1500	0.4081	0.3819	0.0262	0.9829	0.8592	0.1238	0.4638	0.2596	0.2042	0.0735	0.0649	0.0086	0.3902	0.1946	0.1956	0.0007	0.0000	49.9311	0.0000	0.0000	0.0185	0.0023	0.0000	61.8164	6.2857	11.2299	0.0007	26.1240	29.5907	0.0011	2.5467	5.1049	0.0007
1	25	0.3477	6	1	0	2	1	0	0	0	0	N	N	Y	N	N	N	N	N	N	N	N	N	0.0548	0.0441	1.1067	0.0562	0.0558	2.2899	0.2593	1.8740	1.2863	0.0416	0.0463	0.0004	0.1275	0.1346	0.0000	0.0001	0.0001	0.0005	0.7580	1.0511	0.0004	2.2672	2.4105	0.0000	0.0005	0.0000	0.0004	0.0010	0.0017	-0.0137	-0.0144	55.9174	4.4994	28.4161	1.0731	0.0480	0.0479	0.0000	0.0479	0.0479	0.0000	0.0001	0.0001	0.0000	0.0230	0.0229	0.0000	0.0229	0.0229	0.0000	0.0000	0.0000	0.0000	1.1543	1.0349	0.1194	0.3757	0.3557	0.0199	0.7787	0.6791	0.0995	0.2276	0.1221	0.1055	0.0261	0.0229	0.0032	0.2014	0.0992	0.1023	0.4121	0.2468	1.1067	0.1453	0.1347	2.2899	0.7142	697.0694	1.2863	0.1009	0.1877	0.0004	0.8775	0.9993	0.0000	0.0002	0.0000	0.0004
1	26	0.2352	4	0	1	1	1	0	0	0	0	N	N	N	N	N	N	N	N	N	N	N	N	35.7035	1.0926	312.4683	1.3802	2.1808	0.4194	25.5243	29.9291	474.9908	0.7245	0.0034	6.0421	0.0174	0.0181	0.0088	0.8679	0.0002	6.7584	0.0203	0.0031	0.0193	0.0126	0.0083	0.0211	0.0340	0.0000	0.0142	244.1076	7.6786	1.4225	0.0013	55.9174	12.3098	28.4161	9.0087	2.0069	0.0082	1.9987	0.0081	0.0078	0.0003	1.9988	0.0004	1.9984	0.0052	0.0006	0.0046	0.0010	0.0006	0.0004	0.0042	0.0000	0.0042	2.7700	2.4392	0.3308	0.4670	0.4319	0.0351	2.3030	2.0073	0.2957	0.9492	0.4937	0.4555	0.1179	0.0994	0.0185	0.8313	0.3943	0.4370	131.9679	2.7599	596.9298	2.0709	2.9947	0.4194	170.9424	22881.2893	699.7426	0.0055	0.0012	0.0101	0.0084	0.0060	0.0211	0.0051	0.0000	0.0097
1	27	0.2121	3	0	1	1	1	0	0	0	0	N	N	N	N	N	N	N	N	N	N	N	N	0.8527	0.4614	115348.6850	0.0954	0.0009	4827.6416	226224.8702	1543.4381	363685.2187	0.7980	0.6148	2.1220	0.2891	0.0027	4.0073	0.8819	0.7226	1.9506	0.9358	1.3325	0.0000	3.0313	3.1465	0.0008	0.0000	0.0005	0.0000	0.4775	0.0000	0.1597	-0.2661	55.9174	25.8727	28.4161	15.5187	4.4320	2.9997	1.4322	0.2273	0.0020	0.2253	4.2047	2.9977	1.2069	0.4235	0.4235	0.0000	0.4235	0.4235	0.0000	0.0000	0.0000	0.0000	5.5538	4.8788	0.6750	0.7863	0.7300	0.0562	4.7675	4.1488	0.6187	1.8838	0.9944	0.8894	0.2010	0.1869	0.0141	1.6828	0.8074	0.8754	3.5498	1.4438	115348.6850	0.1372	0.0012	4827.6416	226224.8702	312761.9478	363685.2187	0.2248	0.4259	0.0000	2.1068	2.2652	0.0008	0.0000	0.0000	0.0000
1	28	0.2644	5	1	1	1	1	0	0	0	0	N	N	N	N	N	N	N	N	N	N	N	N	442.3505	939.4292	832.1678	213.2049	230.5454	0.1433	359.2316	123093.5175	935.4901	0.7855	0.7424	1.1298	0.5843	0.6100	0.0005	0.8319	0.7759	1.2162	0.0018	0.0008	0.0014	0.0027	0.0026	0.0034	0.0023	0.0000	0.0013	0.1904	2.6247	-0.7951	0.0002	55.9174	38.1974	28.4161	14.3032	6.2526	5.2524	1.0002	0.8721	0.8721	0.0000	5.3805	4.3803	1.0002	0.0018	0.0005	0.0013	0.0006	0.0005	0.0001	0.0012	0.0000	0.0012	7.9602	7.0749	0.8853	1.4925	1.4296	0.0629	6.4677	5.6453	0.8224	2.0080	1.0548	0.9532	0.2122	0.1863	0.0259	1.7958	0.8685	0.9273	882.5548	1588.2972	832.1678	213.2049	230.5454	0.1433	1239.2205	89851825.8058	935.4901	0.0009	0.0005	0.0014	0.0027	0.0026	0.0034	0.0007	0.0000	0.0013
1	29	0.2421	5	0	1	1	1	0	0	0	0	N	N	N	N	N	N	N	N	N	N	N	N	11.4991	7.1006	0.0000	6.2385	5.6104	4.4610	inf	0.0000	0.0017	0.0019	0.0000	0.0059	0.0064	0.0000	0.0003	0.0004	0.0000	0.0001	0.0003	0.0001	0.0010	0.0011	0.0000	0.0001	0.0000	0.0001	0.0000	0.2227	-0.0008	-0.0000	55.9174	6.0056	28.4161	10.9350	0.0027	0.0027	0.0000	0.0023	0.0023	0.0000	0.0004	0.0004	0.0000	0.0001	0.0001	0.0000	0.0001	0.0001	0.0000	0.0000	0.0000	0.0000	1.5831	1.3995	0.1836	0.3879	0.3606	0.0273	1.1952	1.0389	0.1563	0.7437	0.3853	0.3585	0.0946	0.0791	0.0155	0.6491	0.3062	0.3429	11.4991	8.2388	0.0000	6.2385	5.6104	0.0000	10.6116	inf	0.0000	0.0001	0.0002	0.0001	0.0010	0.0011	0.0000	0.0000	0.0000	0.0001	
1	30	0.2300	3	1	1	1	1	0	0	0	0	N	N	N	N	N	N	N	N	N	N	N	N	0.2369	0.3040	0.0003	0.0836	0.1058	0.0001	0.3334	303.6155	0.0004	0.1644	0.1857	0.0002	0.0663	0.0696	0.0002	0.2192	0.2586	0.0002	0.6941	0.6109	0.7920	0.7931	0.6578	2.8871	0.6573	0.0009	0.5177	0.0002	1.4425	-0.3429	-0.0050	55.9174	17.1852	28.4161	7.8386	1.1949	1.1948	0.0002	0.1726	0.1726	0.0000	1.0223	1.0221	0.0002	0.1328	0.0544	0.0784	0.0663	0.0544	0.0119	0.0665	0.0000	0.0665	7.2681	6.4327	0.8354	2.6036	2.4806	0.1230	4.6645	3.9521	0.7124	1.7348	1.0467	0.6881	0.4452	0.4250	0.0202	1.2896	0.6217	0.6679	2.1474	3.5750	0.0019	0.4454	0.5439	0.0003	4.2476	35522.5440	0.0022	0.0766	0.0520	0.1140	0.1489	0.1279	0.5882	0.0516	0.0000	0.0996
1	31	0.3428	6	0	1	1	1	0	0	0	0	N	N	N	N	N	N	N	N	N	N	N	N	0.3150	0.0004	12494.4291	0.0685	0.0597	0.2309	0.3431	0.0000	14978.7170	0.5055	0.0012	4.4634	0.0049	0.0051	0.0002	0.6527	0.0000	5.0428	1.6047	2.9406	0.0004	0.0709	0.0861	0.0010	1.9021	3.6720	0.0003	456.0136	0.0001	0.7263	-0.6266	55.9174	9.9927	28.4161	7.0404	1.0219	0.0022	1.0197	0.0022	0.0022	0.0000	1.0197	0.0000	1.0197	0.9975	0.9973	0.0001	0.0023	0.0023	0.0000	0.9952	0.9951	0.0001	2.0218	1.7934	0.2285	0.4594	0.4332	0.0263	1.5624	1.3602	0.2022	0.6447	0.3392	0.3055	0.0775	0.0682	0.0093	0.5672	0.2710	0.2962	0.3267	0.0004	12494.4291	0.1639	0.1531	0.2309	0.3720	0.0000	14978.7170	1.5472	2.9406	0.0004	0.0296	0.0336	0.0010	1.7546	3.6720	0.0003
1	32	0.3347	5	0	1	1	1	0	0	0	0	N	N	N	N	N	N	N	N	N	N	N	N	2.1602	0.0028	23193.8505	0.0032	0.0027	0.3464	2.9986	0.0019	661312.2577	1.0988	0.0021	10.3562	0.0019	0.0018	0.0050	1.4732	0.0022	11.5775	0.5087	0.7378	0.0004	0.6096	0.6552	0.0145	0.4913	1.1866	0.0000	587.3738	0.0054	0.6963	-0.0046	55.9174	3.8146	28.4161	0.9911	0.9791	0.0017	0.9774	0.0004	0.0004	0.0000	0.9786	0.0013	0.9774	0.0074	0.0074	0.0000	0.0023	0.0023	0.0000	0.0051	0.0051	0.0000	0.8910	0.7966	0.0944	0.2267	0.2167	0.0100	0.6643	0.5799	0.0844	0.1856	0.0968	0.0888	0.0207	0.0181	0.0026	0.1648	0.0787	0.0861	27.5367	0.0275	23193.8505	0.0172	0.0142	0.3464	47.8439	0.0341	661312.2577	0.0399	0.0761	0.0004	0.1123	0.1265	0.0145	0.0308	0.0645	0.0000
1	33	0.3347	5	0	1	1	1	0	0	0	0	N	N	N	N	N	N	N	N	N	N	N	N	0.4906	inf	0.4100	inf	inf	0.1785	0.4342	0.6225	0.4674	1.8568	1.8774	1.9889	0.0000	0.2662	0.0000	2.0888	1.2688	0.0000	4.5292	0.0000	0.0000	0.0000	1.4912	0.0000	4.8105	0.4992	inf	0.1377	0.3716	55.9174	24.4476	28.4161	5.0002	3.0031	2.0031	1.0000	2.0031	2.0031	0.0000	1.0000	0.0000	1.0000	1.0000	0.0000	1.0000	0.0000	0.0000	0.0000	1.0000	0.0000	1.0000	4.8240	4.2854	0.5386	1.0669	1.0071	0.0598	3.7571	3.2783	0.4787	1.0795	0.5645	0.5150	0.1194	0.1041	0.0153	0.9601	0.4604	0.4997	0.6720	inf	0.9563	inf	inf	0.0000	0.2555	0.0000	1.0438	0.9263	0.0000	1.9416	0.0000	0.0000	0.0000	1.0415	0.0000	2.0011		
1	34	0.3105	3	0	1	2	2	0	0	0	0	N	N	Y	Y	N	N	N	N	N	N	N	N	0.0006	0.0004	2.6292	0.0002	0.0002	0.0000	0.2102	0.0098	3.2439	0.0006	0.0006	0.0003	0.0006	0.0006	0.0000	0.0006	0.0006	0.0003	0.9734	1.3449	0.0001	2.7389	2.8104	0.0000	0.0028	0.0631	0.0001	0.0376	0.0002	-0.0001	-0.0207	55.9174	1.3124	28.4161	1.0060	0.0003	0.0003	0.0000	0.0001	0.0001	0.0000	0.0001	0.0001	0.0000	0.0329	0.0329	0.0000	0.0329	0.0329	0.0000	0.0001	0.0001	0.0000	0.4879	0.4516	0.0363	0.2655	0.2581	0.0074	0.2224	0.1935	0.0289	0.1205	0.0689	0.0516	0.0212	0.0203	0.0009	0.0993	0.0486	0.0507	0.0021	0.0012	2.6292	0.0004	0.0004	0.0000	0.7675	0.4295	3.2439	0.2734	0.4778	0.0001	1.5507	1.6185	0.0000	0.0008	0.0014	0.0001
1	35	0.1792	2	0	0	1	2	0	0	0	0	N	N	N	Y	N	N	N	N	N	N	N	N	0.8735	0.6439	7.0791	0.2437	0.2620	0.1577	0.8499	0.4688	8.6952	0.8978	0.9231	0.7105	0.5114	0.5450	0.0006	0.9642	0.9931	0.7690	1.0278	1.4337	0.1004	2.0985	2.0804	0.0036	1.1344	2.1185	0.0884	0.1042	0.0522	-2.0410	-0.6578	55.9174	53.2438	28.4161	16.6757	10.5854	9.5869	0.9985	0.8843	0.8842	0.0001	9.7012	8.7027	0.9984	1.1366	1.0802	0.0564	0.2056	0.2056	0.0000	0.9310	0.8746	0.0564	11.7910	10.3856	1.4054	1.7293	1.6223	0.1070	10.0617	8.7633	1.2984	3.1645	1.6083	1.5562	0.2963	0.2897	0.0066	2.8681	1.3186	1.5495	2.4995	1.3744	19.5956	0.7369	0.7680	0.1577	2.9704	1.4973	21.1268	0.3592	0.6716	0.0363	0.6939	0.7097	0.0036	0.3246	0.6632	0.0364
1	36	0.2106	4	0	1	1	1	0	0	0	0	N	N	N	N	N	N	N	N	N	N	N	N	0.9044	0.9952	1.2712	1.1222	1.1991	0.0000	0.7639	26688.0943	1.4216	0.9199	0.5115	3.9548	1.0803	1.1651	0.0000	0.8841	0.3563	4.4535	1.0171	0.5140	3.1111	0.9627	0.9717	0.1360	1.1574	0.0000	3.1328	1.0405	17.8957	0.8734	0.1483	55.9174	17.9460	28.4161	11.6991	3.9203	1.9213	1.9990	0.8399	0.8399	0.0000	3.0804	1.0814	1.9990	0.4654	0.0246	0.4407	0.0253	0.0246	0.0007	0.4400	0.0000	0.4400	4.2616	3.7561	0.5055	0.7774	0.7208	0.0566	3.4841	3.0353	0.4489	1.3727	0.7046	0.6681	0.1332	0.1246	0.0087	1.2395	0.5800	0.6594	2.7135	14.6340	5.9950	5.6852	5.8934	0.0000	2.4903	9656542.0012	6.6739	0.3390	0.0350	0.6597	0.1900	0.1977	0.0794	0.3550	0.0000	0.6673
1	37	0.6661	9	1	1	1	1	0	0	0	0	N	N	N	N	N	N	N	N	N	N	N	N	1226.8574	859.9028	1256.3863	1161.2424	0.0002	0.0002	0.0000	0.0005	0.0005	0.0000	0.0000	0.0000	0.0000	0.0000	0.0000	0.0000	0.0000	0.0000	0.0000	0.0000	0.0000	0.0000	0.0000	0.0000	-0.0000	-0.0000	55.9174	1.9903	28.4161	0.0021	0.0001	0.0001	0.0000	0.0001	0.0001	0.0000	0.0000	0.0000	0.0000	0.0000	0.0000	0.0000	0.0000	0.0000	0.0000	0.0000	0.0000	0.0000	0.4034	0.3610	0.0424	0.1404	0.1324	0.0080	0.2630	0.2286	0.0344	0.0622	0.0390	0.0232	0.0222	0.0193	0.0028	0.0400	0.0197	0.0203	1226.8574	859.9028	0.0000	1256.3863	1161.2424	0.0000	0.0000	0.0000	0.0000	0.0000	0.0000	0.0000	0.0000	0.0000	0.0000	0.0000	0.0000	0.0000					
1	38	0.1792	2	0	1	1	2	0	0	0	0	N	N	N	Y	N	N	N	N	N	N	N	N	0.3647	0.4264	0.4589	0.0516	0.0924	0.0001	0.3648	889.6162	0.5027	0.3910	0.2300	1.5737	0.0858	0.0910	0.0066	0.4490	0.2585	1.7154	1.0720	0.5394	3.4293	1.6621	0.9846	52.2885	1.2310	0.0003	3.4125	0.9313	21.1778	0.8059	0.4220	55.9174	45.5232	28.4161	15.8903	4.1312	2.1391	1.9922	0.1449	0.1442	0.0007	3.9863	1.9949	1.9915	1.2922	0.0583	1.2340	0.1235	0.0583	0.0652	1.1687	0.0000	1.1687	10.5668	9.3009	1.2659	1.6890	1.5841	0.1049	8.8777	7.7168	1.1610	2.8863	1.4716	1.4147	0.2938	0.2875	0.0063	2.5926	1.1841	1.4085	0.8733	5.8086	1.8042	0.2040	0.4491	0.0006	0.9961	239892.9686	2.0673	0.4477	0.0396	0.8722	0.4204	0.2027	10.4390	0.4508	0.0000	0.8298
1	40	0.3139	5	0	0	2	1	0	0	0	0	N	N	Y	N	N	N	N	N	N	N	N	N	0.0118	0.0094	17.7215	0.0145	0.0142	0.0004	134.7495	109.3735	29.0851	0.0145	0.0164	0.0006	0.0700	0.0730	0.0000	0.0025	0.0027	0.0006	1.2299	1.7341	0.0000	4.8240	5.1402	0.0005	0.0000	0.0000	0.0000	0.0045	0.0000	-0.0120	-0.5309	55.9174	12.6411	28.4161	7.4648	0.0426	0.0424	0.0002	0.0367	0.0367	0.0000	0.0059	0.0057	0.0002	0.8449	0.8449	0.0000	0.8449	0.8449	0.0000	0.0000	0.0000	0.0000	2.9274	2.5900	0.3373	0.5237	0.5025	0.0211	2.4037	2.0875	0.3162	1.0032	0.5635	0.4397	0.1751	0.1644	0.0108	0.8280	0.3991	0.4289	0.0173	0.0109	17.7215	0.0145	0.0142	0.0004	227.4572	40819.1638	29.0851	0.8423	1.4994	0.0000	4.8240	5.1402	0.0005	0.0000	0.0000	0.0000
1	41	0.6536	7	0	1	1	1	0	0	0	0	N	N	N	N	N	N	N	N	N	N	N	N	7.3076	1.8023	1243.8268	13.0867	11.8563	3.3189	91.7966	1.7490	2159.1198	0.6681	0.5078	2.0310	1.1961	1.2722	0.0196	0.3762	0.0517	2.5517	0.0914	0.2818	0.0016	0.0914	0.1073	0.0059	0.0041	0.0295	0.0012	0.4703	0.0680	0.1026	-0.0062	55.9174	22.0894	28.4161	9.3639	3.1339	2.1314	1.0024	1.9976	1.9956	0.0020	1.1362	0.1358	1.0004	0.0110	0.0103	0.0007	0.0103	0.0100	0.0002	0.0008	0.0003	0.0005	4.6906	4.1971	0.4936	1.6701	1.5686	0.1015	3.0205	2.6284	0.3921	1.0406	0.6102	0.4304	0.3005	0.2595	0.0410	0.7401	0.3507	0.3894	62.9951	29.9885	1243.8268	35.0295	32.9560	3.3189	358.9213	57.4295	2159.1198	0.0106	0.0169	0.0016	0.0341	0.0386	0.0059	0.0010	0.0009	0.0012
1	43	0.5838	6	1	0	2	1	0	0	0	0	N	N	Y	N	N	N	N	N	N	N	N	N	0.2140	0.1487	0.0000	0.4349	0.4175	0.0000	0.1149	0.0080	0.0000	0.0004	0.0005	0.0000	0.0004	0.0004	0.0000	0.0004	0.0005	0.0000	0.0020	0.0032	0.0006	0.0009	0.0010	0.0003	0.0039	0.0646	0.0006	0.0000	0.3519	-0.0005	-0.0003	55.9174	18.2331	28.4161	4.4208	0.0017	0.0017	0.0000	0.0006	0.0006	0.0000	0.0011	0.0011	0.0000	0.0007	0.0005	0.0002	0.0002	0.0002	0.0000	0.0005	0.0004	0.0002	3.8480	3.4590	0.3890	1.4164	1.3398	0.0766	2.4316	2.1192	0.3124	0.7445	0.4296	0.3149	0.2176	0.1879	0.0297	0.5269	0.2417	0.2852	0.4386	0.3806	0.0000	0.4349	0.4175	0.0000	0.4442	0.3551	0.0000	0.0010	0.0013	0.0006	0.0009	0.0010	0.0003	0.0010	0.0014	0.0006
1	44	0.6436	6	0	1	1	2	0	0	0	0	N	N	N	Y	N	N	N	N	N	N	N	N	30.8023	105.4756	69.8091	222.8178	251.7763	0.1542	7.7239	22132.2807	98.1944	0.7144	0.6152	1.5940	1.3560	1.4439	0.0009	0.3617	0.1269	2.0255	0.0232	0.0058	0.0228	0.0061	0.0057	0.0058	0.0468	0.0000	0.0206	0.2923	4.0194	-0.5388	0.0028	55.9174	62.5878	28.4161	29.9840	8.8435	6.8431	2.0004	5.9547	5.9545	0.0002	2.8888	0.8886	2.0002	0.0164	0.0033	0.0131	0.0039	0.0033	0.0007	0.0125	0.0000	0.0125	12.3790	11.1241	1.2550	4.3915	4.1240	0.2674	7.9876	7.0001	0.9875	2.7568	1.6435	1.1133	0.8060	0.6907	0.1153	1.9508	0.9527	0.9980	120.2075	309.7367	135.2671	277.9509	305.5473	0.1542	56.6613	28125359.7058	162.3520	0.0059	0.0020	0.0118	0.0049	0.0047	0.0058	0.0064	0.0000	0.0125
1	45	0.5838	6	1	0	2	1	0	0	0	0	N	N	Y	N	N	N	N	N	N	N	N	N	1186.3615	7055.2908	0.0000	3332.5266	3937.3643	0.0000	384.1373	101637.7308	0.0000	0.6713	0.7455	0.0000	0.8868	0.9359	0.0000	0.5406	0.6201	0.0000	0.0006	0.0001	0.0008	0.0003	0.0002	0.0005	0.0014	0.0000	0.0008	0.0000	5.5322	-0.5732	0.0000	55.9174	13.5293	28.4161	3.1702	1.9961	1.9961	0.0000	0.9952	0.9952	0.0000	1.0009	1.0009	0.0000	0.0002	0.0000	0.0002	0.0000	0.0000	0.0000	0.0002	0.0000	0.0002	2.9737	2.6774	0.2963	1.1223	1.0633	0.0590	1.8513	1.6141	0.2373	0.5658	0.3280	0.2379	0.1679	0.1458	0.0221	0.3979	0.1822	0.2157	1677.7045	7055.2908	0.0000	3332.5266	3937.3643	0.0000	1183.8439	80694115.8871	0.0000	0.0004	0.0001	0.0008	0.0003	0.0002	0.0005	0.0005	0.0000	0.0008
1	46	0.5793	5	1	0	2	1	0	0	0	0	N	N	Y	N	N	N	N	N	N	N	N	N	0.5811	0.2560	0.2939	0.4473	0.4293	0.0002	0.7476	0.1389	0.5380	0.0553	0.0602	0.0019	0.0094	0.0097	0.0000	0.0910	0.1031	0.0024	0.0951	0.2353	0.0065	0.0209	0.0227	0.0066	0.1217	0.7423	0.0044	0.0029	0.1951	-0.0203	-0.0012	55.9174	4.1147	28.4161	1.2946	0.0714	0.0712	0.0002	0.0053	0.0053	0.0000	0.0661	0.0659	0.0002	0.0026	0.0022	0.0004	0.0010	0.0009	0.0000	0.0016	0.0012	0.0004	1.2918	1.1823	0.1095	0.5650	0.5432	0.0218	0.7268	0.6392	0.0876	0.2391	0.1449	0.0943	0.0813	0.0738	0.0075	0.1578	0.0711	0.0868	5.1311	4.0474	0.4281	0.7715	0.7672	0.0002	9.0294	6.0107	0.5579	0.0108	0.0149	0.0045	0.0121	0.0127	0.0066	0.0101	0.0172	0.0043
1	47	0.5167	4	1	0	1	1	0	0	0	0	N	N	N	N	N	N	N	N	N	N	N	N	0.5341	0.1411	9.6923	0.1389	0.1924	0.1861	0.6329	0.1268	16.4307	0.5962	0.2113	3.9158	0.0135	0.0114	0.0527	0.8628	0.3109	4.6165	1.1163	1.4974	0.4040	0.0972	0.0592	0.2833	1.3632	2.4511	0.2810	2.1488	0.0573	1.1755	-0.5573	55.9174	22.0103	28.4161	13.6452	2.9739	0.9445	2.0295	0.0211	0.0169	0.0042	2.9528	0.9275	2.0253	0.9706	0.9180	0.0526	0.0222	0.0149	0.0073	0.9484	0.9031	0.0453	4.9883	4.4700	0.5183	1.5659	1.4863	0.0796	3.4224	2.9837	0.4387	1.8235	1.1334	0.6901	0.6309	0.5746	0.0563	1.1927	0.5588	0.6338	1.1201	0.2609	51.3751	0.3834	0.4392	0.4063	1.0850	0.1924	64.5951	0.5323	0.8100	0.0762	0.0352	0.0259	0.1297	0.7952	1.6161	0.0715
1	48	0.3139	5	0	1	1	1	0	0	0	0	N	N	N	N	N	N	N	N	N	N	N	N	1.2180	47.0459	2.4792	133.9360	162.1752	80.1388	0.8235	2.3315	2.5710	1.0800	0.3862	6.4082	2.0722	1.9866	4.1122	0.8635	0.0000	6.5615	0.8867	0.0082	2.5848	0.0155	0.0122	0.0513	1.0486	0.0000	2.5521	2.1611	123.1178	1.2464	0.0561	55.9174	12.3962	28.4161	3.7178	3.1433	0.9944	2.1489	1.0807	0.9943	0.0863	2.0626	0.0000	2.0626	0.1543	0.0012	0.1531	0.0016	0.0012	0.0004	0.1527	0.0000	0.1527	2.9103	2.5750	0.3353	0.5215	0.5005	0.0210	2.3888	2.0745	0.3143	0.8603	0.4919	0.3684	0.1632	0.1542	0.0089	0.6972	0.3377	0.3595	6.0221	152.8090	15.4241	212.0181	246.4827	104.2841	3.9421	1806.3425	15.4466	0.1793	0.0025	0.4155	0.0098	0.0081	0.0394	0.2190	0.0000	0.4248
1	49	0.2850	4	0	0	1	1	0	0	0	0	N	N	N	N	N	N	N	N	N	N	N	N	0.2806	0.0130	1.1409	0.0195	0.0204	0.4226	0.3621	0.7649	1.4130	0.2629	0.0141	2.1657	0.0371	0.0391	0.0097	0.3451	0.0042	2.5681	0.9370	1.0787	1.8982	1.9092	1.9199	0.0230	0.9531	0.0055	1.8175	20.1398	0.9927	0.7270	-0.0340	55.9174	14.4870	28.4161	5.8627	1.0922	0.0517	1.0406	0.0412	0.0405	0.0007	1.0510	0.0112	1.0398	0.2610	0.1310	0.1300	0.1313	0.1309	0.0004	0.1297	0.0001	0.1296	4.1547	3.6742	0.4805	1.1095	1.0339	0.0756	3.0452	2.6403	0.4049	1.1463	0.6426	0.5038	0.2385	0.2211	0.0174	0.9079	0.4215	0.4864	1.1546	0.0690	8.3906	0.0675	0.0661	0.4316	2.4153	19.4495	9.6358	0.2277	0.2038	0.2581	0.5505	0.5920	0.0225	0.1429	0.0002	0.2665
1	50	0.3535	7	1	1	2	1	0	0	0	0	N	N	Y	N	N	N	N	N	N	N	N	N	inf	inf	inf	inf	inf	inf	inf	0.0024	0.0023	0.0033	0.0097	0.0102	0.0000	0.0005	0.0000	0.0037	0.0000	0.0000	0.0000	0.0000	0.0000	0.0000	0.0000	0.0000	0.0000	0.1860	-0.0001	0.0000	55.9174	0.9856	28.4161	2.8295	0.0005	0.0004	0.0001	0.0004	0.0004	0.0000	0.0001	0.0000	0.0001	0.0000	0.0000	0.0000	0.0000	0.0000	0.0000	0.0000	0.0000	0.0000	0.2104	0.1864	0.0241	0.0443	0.0421	0.0022	0.1661	0.1442	0.0219	0.1499	0.0790	0.0709	0.0155	0.0132	0.0023	0.1344	0.0658	0.0686	inf	inf	inf	inf	inf	0.0000	inf	0.0000	inf	0.0000	0.0000	0.0000	0.0000	0.0000	0.0000	0.0000	0.0000	0.0000			
1	51	0.6235	7	1	1	1	1	0	0	0	0	N	N	N	N	N	N	N	N	N	N	N	N	0.0207	0.0011	47.9592	0.0097	0.0086	0.1800	0.5861	0.0002	19824.4027	0.0009	0.0002	0.0071	0.0005	0.0005	0.0003	0.0012	0.0000	0.0089	0.0442	0.1993	0.0001	0.0507	0.0582	0.0016	0.0020	0.0534	0.0000	3.8540	0.0072	0.0015	-0.0042	55.9174	13.3057	28.4161	8.6321	0.0030	0.0006	0.0024	0.0006	0.0006	0.0000	0.0024	0.0000	0.0023	0.0068	0.0067	0.0000	0.0064	0.0064	0.0000	0.0003	0.0003	0.0000	3.2435	2.9117	0.3318	1.2488	1.1801	0.0687	1.9947	1.7316	0.2631	0.8310	0.5028	0.3282	0.2797	0.2498	0.0299	0.5513	0.2530	0.2983	0.1120	0.0157	47.9592	0.0212	0.0195	0.1800	1.9503	0.0088	19824.4027	0.0082	0.0134	0.0001	0.0231	0.0256	0.0016	0.0006	0.0013	0.0000
1	52	0.4160	7	0	1	1	2	0	0	0	0	N	N	N	Y	N	N	N	N	N	N	N	N	0.0004	0.0004	0.0000	0.0008	0.0008	0.0000	0.0001	0.0001	0.0000	0.0004	0.0004	0.0000	0.0009	0.0009	0.0000	0.0001	0.0002	0.0000	0.9587	1.0132	2.4365	1.0953	1.1510	0.0804	1.0852	1.4999	2.3847	0.0027	1.6815	-0.0001	-0.0000	55.9174	2.1073	28.4161	0.0711	0.0002	0.0002	0.0000	0.0001	0.0001	0.0000	0.0001	0.0001	0.0000	0.0219	0.0082	0.0138	0.0039	0.0038	0.0001	0.0180	0.0044	0.0137	0.4984	0.4454	0.0530	0.1524	0.1434	0.0090	0.3460	0.3020	0.0440	0.0871	0.0500	0.0371	0.0172	0.0156	0.0017	0.0699	0.0344	0.0355	0.0014	0.0025	0.0000	0.0038	0.0037	0.0000	0.0006	0.0013	0.0000	0.2520	0.1638	0.3706	0.2265	0.2449	0.0542	0.2582	0.1270	0.3855
1	53	0.3536	6	0	0	1	2	0	0	0	0	N	N	N	Y	N	N	N	N	N	N	N	N	1.3735	1.2719	0.0002	0.7179	0.7131	0.0000	2.1484	1.1862	0.0003	0.6511	0.7291	0.0000	0.7195	0.7691	0.0000	0.6228	0.7114	0.0000	0.4741	0.5733	0.0624	1.0022	1.0785	0.0139	0.2899	0.5997	0.0525	0.0000	0.5427	-0.8496	-0.0096	55.9174	21.8329	28.4161	8.0592	2.9588	2.9588	0.0000	0.9588	0.9588	0.0000	2.0000	2.0000	0.0000	0.0346	0.0225	0.0122	0.0184	0.0182	0.0002	0.0162	0.0042	0.0120	4.5441	4.0580	0.4861	1.3327	1.2466	0.0860	3.2114	2.8114	0.4000	0.9677	0.5089	0.4588	0.0924	0.0794	0.0131	0.8753	0.4295	0.4458	18.1872	16.5220	0.0004	3.6119	3.3491	0.0000	33.5773	72.2568	0.0005	0.0358	0.0441	0.0266	0.1992	0.2296	0.0139	0.0185	0.0098	0.0269
1	54	0.7360	9	0	1	1	2	0	0	0	0	N	N	N	Y	N	N	N	N	N	N	N	N	0.0000	0.0000	0.0000	0.0000	0.0000	0.0000	0.0000	0.0000	0.0000	0.0000	0.0000	0.0000	0.0000	0.0000	0.0000	0.0000	0.0000	0.0000	0.0000	0.0000	55.9174	0.0000	28.4161	0.0000	0.0000	0.0000	0.0000	0.0000	0.0000	0.0000	0.0000	0.0000	0.0000	0.0000	0.0000	0.0000	0.0000	0.0000	0.0000	0.0000	0.0000	0.0000	0.0000	0.0000	0.0000	0.0000	0.0000	0.0000	0.0000	0.0000	0.0000	0.0000	0.0000	0.0000	0.0000	0.0000	0.0000	0.0000	0.0000	0.0000	0.0000	0.0000	0.0000	0.0000	0.0000	0.0000	0.0000	0.0000	0.0000	0.0000	0.0000	0.0000	0.0000	0.0000	0.0000	0.0000	0.0000	0.0000											
1	55	0.3536	6	0	0	1	2	0	0	0	0	N	N	N	Y	N	N	N	N	N	N	N	N	0.1221	0.0034	0.4119	0.1107	0.5398	0.0000	0.1681	0.0006	0.5343	0.1101	0.0008	1.1098	0.0012	0.0012	0.0000	0.1794	0.0005	1.4517	0.9022	0.2334	2.6941	0.0106	0.0023	0.1846	1.0674	0.7976	2.7170	154.0852	21.1624	0.0293	0.0042	55.9174	1.2825	28.4161	0.1503	0.0415	0.0003	0.0412	0.0002	0.0002	0.0000	0.0413	0.0001	0.0412	0.0128	0.0006	0.0122	0.0001	0.0000	0.0001	0.0127	0.0005	0.0122	0.3765	0.3393	0.0371	0.1463	0.1376	0.0087	0.2301	0.2018	0.0284	0.0656	0.0390	0.0265	0.0135	0.0128	0.0007	0.0521	0.0263	0.0258	0.5632	0.0532	2.4041	0.1584	0.5398	0.0000	0.7345	0.0228	3.0753	0.1956	0.0148	0.4616	0.0074	0.0023	0.0957	0.2443	0.0209	0.4721
1	56	0.3126	5	0	0	1	2	0	0	0	0	N	N	N	Y	N	N	N	N	N	N	N	N	0.1706	0.1966	0.0208	5.7994	6.6313	0.0371	0.1690	0.1590	0.0245	0.3244	0.3507	0.1024	0.1657	0.1770	0.0010	0.4071	0.4477	0.1290	1.9021	1.7843	4.9250	0.0286	0.0267	0.0258	2.4094	2.8167	5.2733	0.0346	0.9638	-0.3273	-0.2714	55.9174	14.8542	28.4161	6.8183	1.2898	1.2467	0.0431	0.2256	0.2255	0.0001	1.0642	1.0212	0.0430	1.9730	1.0047	0.9683	0.0034	0.0028	0.0005	1.9696	1.0018	0.9678	3.9756	3.5546	0.4210	1.3614	1.2737	0.0877	2.6142	2.2809	0.3333	1.0372	0.6085	0.4288	0.2198	0.1982	0.0216	0.8175	0.4103	0.4072	0.1706	0.2124	0.0453	10.7984	12.3592	0.0387	0.1690	0.1834	0.0543	1.9021	1.6511	2.2584	0.0153	0.0143	0.0247	2.4094	2.4418	2.3767
1	57	0.2377	4	0	0	1	2	0	0	0	0	N	N	N	Y	N	N	N	N	N	N	N	N	0.4901	0.1148	39.3735	5.4251	5.8322	0.3092	0.4650	0.0352	53.1113	0.5501	0.1807	3.4325	0.4117	0.4353	0.0038	0.5996	0.0813	3.9309	1.1225	1.5735	0.0872	0.0759	0.0746	0.0122	1.2895	2.3089	0.0740	2.4350	0.0306	1.9843	-0.5762	55.9174	33.5853	28.4161	9.3450	4.7050	1.3697	3.3352	0.9270	0.9265	0.0005	3.7780	0.4432	3.3348	0.9624	0.9339	0.0285	0.0049	0.0048	0.0001	0.9576	0.9291	0.0284	8.5522	7.5805	0.9717	2.2517	2.1283	0.1233	6.3005	5.4522	0.8483	1.7775	0.9227	0.8548	0.1606	0.1519	0.0087	1.6169	0.7708	0.8461	1.0161	0.1785	102.7815	13.6016	13.9078	0.3092	1.0125	0.0674	116.9447	0.5415	1.0121	0.0334	0.0303	0.0313	0.0122	0.5922	1.2054	0.0336
1	58	0.2170	3	0	0	1	1	0	0	0	0	N	N	N	N	N	N	N	N	N	N	N	N	0.3982	0.4386	0.1108	0.4313	0.4134	10.4413	0.2873	0.3160	0.0751	0.3865	0.4012	0.2880	0.6052	0.5795	1.0201	0.3109	0.3325	0.1922	0.9707	0.9148	2.5997	1.4031	1.4018	0.0977	1.0822	1.0524	2.5587	0.1069	3.3330	-0.3452	0.0348	55.9174	15.2419	28.4161	2.5705	1.8113	1.6365	0.1749	0.7288	0.6571	0.0717	1.0825	0.9793	0.1032	0.2474	0.0571	0.1903	0.0407	0.0404	0.0003	0.2066	0.0166	0.1900	4.6861	4.0790	0.6071	1.2043	1.1341	0.0703	3.4818	2.9449	0.5369	0.9297	0.4809	0.4488	0.1278	0.1229	0.0049	0.8019	0.3580	0.4439	1.4529	3.3796	0.6794	1.8989	1.7614	16.7234	1.2067	7.1515	0.4492	0.2660	0.1187	0.4239	0.3187	0.3290	0.0610	0.2577	0.0465	0.4279
1	59	0.7360	9	0	0	1	2	0	0	0	0	N	N	N	Y	N	N	N	N	N	N	N	N	0.0000	0.0000	0.0000	0.0000	0.0000	0.0000	0.0000	0.0000	0.0000	0.0000	0.0000	0.0000	0.0000	2.4083	3.4044	0.0000	5.7967	6.2048	0.0000	0.0000	0.0000	0.0000	0.0000	0.0000	-0.0000	55.9174	0.0000	28.4161	0.0000	0.0000	0.0000	0.0000	0.0000	0.0000	0.0000	0.0000	0.0000	0.0000	0.0000	0.0000	0.0000	0.0000	0.0000	0.0000	0.0000	0.0000	0.0000	0.0000	0.0000	0.0000	0.0000	0.0000	0.0000	0.0000	0.0000	0.0000	0.0000	0.0000	0.0000	0.0000	0.0000	0.0000	0.0000	0.0000	0.0000	0.0000	0.0000	0.0000	0.0000	0.0000	0.0000	0.0000	0.0000	0.0000	2.4083	3.4044	0.0000	5.7967	6.2048	0.0000	0.0000	0.0000	0.0000						
1	60	0.6585	8	0	0	1	2	0	0	0	0	N	N	N	Y	N	N	N	N	N	N	N	N	0.2539	0.1828	0.4307	0.0428	0.0416	0.9969	0.4166	12.6233	0.4452	0.5682	0.3480	2.5081	0.1761	0.1848	0.0126	0.7572	0.4335	2.9863	2.2377	1.9033	5.8227	4.1186	4.4448	0.0126	1.8177	0.0343	6.7072	0.8182	0.9917	0.3410	-0.2616	55.9174	19.3360	28.4161	7.9957	2.0936	1.1515	0.9421	0.2111	0.2103	0.0008	1.8825	0.9411	0.9414	2.0058	1.0070	0.9987	1.0073	1.0067	0.0006	0.9984	0.0003	0.9981	3.6849	3.3092	0.3756	1.1989	1.1385	0.0604	2.4860	2.1708	0.3152	0.8964	0.5432	0.3532	0.2809	0.2347	0.0461	0.6155	0.3084	0.3070	0.2539	0.1877	0.8870	0.0491	0.0431	0.9969	0.4668	440.5626	0.9186	2.2377	1.8540	2.8277	3.5863	4.2888	0.0126	1.6222	0.0010	3.2508
1	61	0.3485	6	0	1	2	1	0	0	0	0	N	N	Y	N	N	N	N	N	N	N	N	N	0.4293	53.9371	0.4269	69.6944	78.5946	44.4996	0.2092	194.4466	0.4338	0.8811	0.5588	3.4331	2.0526	2.0937	1.3432	0.4899	0.0011	3.7246	2.0526	0.0104	8.0424	0.0295	0.0266	0.0302	2.3416	0.0000	8.5850	0.7759	1303.1744	0.3846	0.7400	55.9174	14.2360	28.4161	11.9336	2.5679	1.4459	1.1220	1.4976	1.4439	0.0537	1.0703	0.0020	1.0682	1.9952	0.0015	1.9937	0.0019	0.0015	0.0004	1.9933	0.0000	1.9933	2.9143	2.5875	0.3268	0.7296	0.6896	0.0400	2.1847	1.8979	0.2868	0.9720	0.5123	0.4598	0.1208	0.1070	0.0138	0.8513	0.4053	0.4460	0.4293	187.1212	0.7917	130.5573	146.4463	50.1276	0.2092	362759.2190	0.8334	2.0526	0.0030	4.3363	0.0157	0.0143	0.0268	2.3416	0.0000	4.4694
1	62	0.2763	6	1	0	2	1	0	0	0	0	N	N	Y	N	N	N	N	N	N	N	N	N	675.5032	531.2198	2077.6146	575.7547	638.4629	8.0922	605.2132	42950.9177	2846.7182	0.8365	0.7806	1.2627	2.6979	2.8407	0.0475	0.4258	0.2846	1.3679	0.0012	0.0015	0.0006	0.0047	0.0044	0.0059	0.0007	0.0000	0.0005	0.2123	0.7312	-0.5310	-0.0002	55.9174	28.8660	28.4161	13.2209	4.7401	3.9100	0.8300	2.7633	2.7609	0.0025	1.9767	1.1492	0.8275	0.0011	0.0006	0.0005	0.0007	0.0006	0.0001	0.0004	0.0000	0.0004	5.6667	5.0093	0.6573	1.0243	0.9719	0.0524	4.6424	4.0374	0.6049	1.6428	0.8720	0.7709	0.1817	0.1635	0.0182	1.4612	0.7085	0.7527	1238.9107	1062.2904	2077.6146	655.6881	724.8963	8.0922	1720.1156	28007420.5314	2846.7182	0.0007	0.0007	0.0006	0.0041	0.0039	0.0059	0.0002	0.0000	0.0005
1	63	0.2736	5	1	1	1	1	0	0	0	0	N	N	N	N	N	N	N	N	N	N	N	N	0.5821	0.0007	2.3135	0.0309	0.0136	6.4892	0.5754	0.0001	2.3267	1.8695	0.0020	15.4062	0.0251	0.0113	0.2175	2.1806	0.0003	16.7179	3.2118	3.0016	6.6593	0.8106	0.8311	0.0335	3.7896	4.0615	7.1852	1082.2550	0.9974	1.4252	-0.2590	55.9174	5.0237	28.4161	8.0282	2.0019	0.0018	2.0000	0.0039	0.0016	0.0022	1.9980	0.0002	1.9978	2.0078	1.0052	1.0026	0.0150	0.0148	0.0002	1.9928	0.9904	1.0024	1.0708	0.9410	0.1298	0.1546	0.1443	0.0103	0.9162	0.7967	0.1195	0.6251	0.3349	0.2902	0.0993	0.0910	0.0082	0.5259	0.2439	0.2820	0.5821	0.0007	4.4598	0.1655	0.0695	7.4564	0.5754	0.0001	4.7035	3.2118	3.0016	3.4544	0.1514	0.1625	0.0292	3.7896	4.0615	3.5544
1	64	0.2106	4	1	1	1	1	0	0	0	0	N	N	N	N	N	N	N	N	N	N	N	N	0.3659	0.1136	0.8645	0.2623	0.2732	0.0334	0.3124	0.0110	0.9320	0.6273	0.2015	3.7936	0.8616	0.9294	0.0002	0.5743	0.0264	4.2788	1.7144	1.7729	4.3882	3.2854	3.4015	0.0059	1.8384	2.3966	4.5911	2.5326	1.0596	1.1304	-0.3192	55.9174	17.5893	28.4161	19.0270	2.6301	0.7445	1.8856	0.6659	0.6659	0.0000	1.9641	0.0786	1.8856	2.8034	1.3611	1.4423	0.3419	0.3418	0.0001	2.4616	1.0193	1.4422	4.1927	3.6957	0.4970	0.7729	0.7165	0.0564	3.4199	2.9792	0.4407	1.6352	0.8380	0.7972	0.1443	0.1339	0.0104	1.4909	0.7042	0.7867	0.3659	0.1240	2.0967	0.3637	0.3640	0.0334	0.3479	0.0182	2.3341	1.7144	1.6242	1.8093	2.3690	2.5531	0.0059	1.6511	1.4476	1.8332
1	65	0.2043	3	0	1	1	1	0	0	0	0	N	N	N	N	N	N	N	N	N	N	N	N	0.6027	0.7169	0.3064	1.6209	1.6534	0.2656	0.2301	0.2951	0.3131	1.4984	1.4399	1.9452	7.4747	7.7428	0.0256	0.4391	0.2001	2.0360	2.4862	2.0085	6.3483	4.6113	4.6829	0.0964	1.9087	0.6780	6.5029	0.1770	1.1313	-0.0920	-0.0912	55.9174	1.7566	28.4161	2.8742	0.6723	0.5712	0.1011	0.5049	0.5049	0.0001	0.1674	0.0663	0.1010	0.9346	0.4385	0.4961	0.4369	0.4368	0.0001	0.4977	0.0017	0.4960	0.4487	0.3967	0.0520	0.0676	0.0652	0.0023	0.3811	0.3315	0.0496	0.3759	0.2183	0.1576	0.0947	0.0933	0.0015	0.2812	0.1251	0.1561	0.6027	0.7169	0.6179	1.6209	1.6534	0.4272	0.2481	14.4832	0.6408	2.4862	2.0085	3.1481	4.6113	4.6829	0.0600	1.7702	0.0138	3.1771
1	66	0.3485	6	0	1	1	1	0	0	0	0	N	N	N	N	N	N	N	N	N	N	N	N	0.5894	5.4250	0.0636	4.9084	4.5936	4.7488	0.4474	105458.2986	0.0676	0.7341	0.7911	0.2806	0.9855	1.0432	0.0171	0.6523	0.7022	0.3177	1.2455	0.1458	4.4108	0.2008	0.2271	0.0036	1.4579	0.0000	4.7010	0.0447	141.8887	-0.7535	0.3668	55.9174	21.1811	28.4161	10.1862	3.0835	2.9516	0.1318	1.0160	1.0150	0.0010	2.0674	1.9366	0.1308	1.0059	0.0070	0.9989	0.0071	0.0070	0.0001	0.9988	0.0000	0.9988	4.2006	3.7309	0.4697	1.0309	0.9730	0.0579	3.1697	2.7579	0.4118	1.1475	0.6044	0.5430	0.1404	0.1240	0.0163	1.0071	0.4804	0.5267	0.8373	67.9260	0.1526	19.4874	18.3820	4.7488	0.6577	67467053.1480	0.1675	0.8766	0.0116	1.8394	0.0506	0.0568	0.0036	0.9918	0.0000	1.8963
1	67	0.3347	5	0	1	1	1	0	0	0	0	N	N	N	N	N	N	N	N	N	N	N	N	3.0670	38.9785	24.2702	185.4964	166.8053	0.0001	1.5838	0.2087	33.2386	1.2000	0.7362	4.9682	2.6227	2.7616	0.0000	0.7581	0.0509	5.5745	0.3913	0.0189	0.2047	0.0141	0.0166	0.0021	0.4787	0.2441	0.1677	0.8308	10.6135	0.3215	0.0025	55.9174	7.4253	28.4161	0.9851	1.9292	1.0537	0.8754	0.9993	0.9993	0.0000	0.9299	0.0545	0.8754	0.0088	0.0008	0.0081	0.0003	0.0003	0.0000	0.0085	0.0004	0.0081	1.6076	1.4314	0.1762	0.3810	0.3618	0.0192	1.2266	1.0695	0.1570	0.3223	0.1682	0.1541	0.0360	0.0314	0.0046	0.2863	0.1368	0.1495	43.7428	162.6215	94.7566	285.0946	269.8246	0.0001	25.5050	15.8353	103.2896	0.0274	0.0045	0.0524	0.0092	0.0102	0.0021	0.0297	0.0032	0.0540
1	68	0.2850	4	0	0	2	1	0	0	0	0	N	N	Y	N	N	N	N	N	N	N	N	N	0.5686	105.6430	0.0010	2.2824	3.4719	0.0046	0.6376	89721.6832	0.0012	0.4684	0.5294	0.0021	0.0217	0.0233	0.0001	0.6283	0.7240	0.0024	0.8238	0.0050	2.1153	0.0095	0.0067	0.0284	0.9853	0.0000	2.0002	0.0005	130.9408	-0.5721	0.0558	55.9174	15.0354	28.4161	6.2061	1.9960	1.9950	0.0010	0.0244	0.0244	0.0000	1.9716	1.9706	0.0010	0.1533	0.0012	0.1521	0.0016	0.0012	0.0005	0.1517	0.0000	0.1517	4.2612	3.7684	0.4928	1.1231	1.0467	0.0764	3.1381	2.7217	0.4164	1.1799	0.6594	0.5205	0.2408	0.2230	0.0177	0.9391	0.4364	0.5028	3.6050	300.4352	0.0071	3.2225	4.4742	0.0050	3.8899	42695305.7284	0.0081	0.1299	0.0018	0.2923	0.0067	0.0052	0.0261	0.1615	0.0000	0.3017
1	69	0.2170	3	0	0	1	1	0	0	0	0	N	N	N	N	N	N	N	N	N	N	N	N	0.5735	1.0900	0.3712	0.4769	0.5060	0.1900	0.5330	3.5394	0.3990	0.6230	0.5272	1.2921	0.4254	0.4508	0.0196	0.6715	0.5477	1.4219	1.0864	0.4837	3.4805	0.8920	0.8908	0.1031	1.2597	0.1548	3.5634	0.3511	29.5676	-0.1191	0.2936	55.9174	27.6811	28.4161	13.1592	4.3638	3.2299	1.1339	0.5866	0.5850	0.0016	3.7772	2.6449	1.1323	0.8663	0.0283	0.8380	0.0271	0.0266	0.0005	0.8392	0.0017	0.8374	7.0044	6.1268	0.8776	1.3791	1.2978	0.0812	5.6253	4.8289	0.7964	1.7985	0.9131	0.8853	0.1608	0.1521	0.0087	1.6377	0.7610	0.8767	1.2934	16.9854	1.3650	2.5198	2.5787	0.3085	1.3104	238.3766	1.4885	0.4817	0.0310	0.9465	0.1688	0.1748	0.0635	0.5124	0.0023	0.9553
1	70	0.1821	2	0	0	1	1	0	0	0	0	N	N	N	N	N	N	N	N	N	N	N	N	0.7283	0.4807	0.7661	0.3991	0.4251	1.0807	0.6813	0.9382	0.9073	0.7157	0.5869	1.4871	0.9040	0.9547	0.2424	0.6628	0.4722	1.6395	0.9827	1.2211	1.9412	2.2654	2.2461	0.2243	0.9729	0.5034	1.8069	0.4231	0.7951	0.0420	-0.0799	55.9174	19.6565	28.4161	4.0504	4.1278	2.9006	1.2272	1.1434	1.1216	0.0218	2.9844	1.7790	1.2054	0.4308	0.2400	0.1908	0.2364	0.2360	0.0004	0.1944	0.0040	0.1904	5.7671	4.9419	0.8252	1.2648	1.1748	0.0900	4.5023	3.7671	0.7352	1.5250	0.8050	0.7200	0.2728	0.2692	0.0037	1.2522	0.5359	0.7164	2.5336	1.9688	5.6110	1.0432	1.0888	2.1963	4.2697	63.6116	6.1677	0.2825	0.2981	0.2650	0.8666	0.8769	0.1104	0.1552	0.0074	0.2658
1	71	0.3379	6	1	1	1	1	0	0	0	0	N	N	N	N	N	N	N	N	N	N	N	N	2150.8850	1096.1700	3.7209	1140.3873	1013.8546	3249.2308	2042.2533	inf	0.0000	1.0840	1.2188	0.0004	3.2397	3.4399	0.0034	0.3689	0.4231	0.0000	0.0005	0.0011	0.0001	0.0028	0.0034	0.0000	0.0002	0.0000	0.0001	0.0000	0.1801	-1.1247	-0.0002	55.9174	17.5448	28.4161	6.0013	3.9175	3.9173	0.0002	2.9163	2.9161	0.0002	1.0012	1.0012	0.0000	0.0003	0.0003	0.0000	0.0003	0.0003	0.0000	0.0000	0.0000	0.0000	3.6141	3.2139	0.4001	0.9002	0.8477	0.0524	2.7139	2.3662	0.3477	0.8720	0.4569	0.4151	0.0973	0.0849	0.0124	0.7747	0.3720	0.4027	2896.9227	2014.1056	3.7209	1140.3873	1056.6072	3249.2308	5741.3641	inf	0.0000	0.0004	0.0006	0.0001	0.0028	0.0033	0.0000	0.0001	0.0000	0.0001
1	72	0.4063	9	1	1	2	1	0	0	0	0	N	N	Y	N	N	N	N	N	N	N	N	N	5.7551	0.0000	5752448.7543	0.0757	0.0000	inf	2080596.0563	7333864.1145	0.0112	0.0000	0.1016	0.0002	0.0000	0.0045	0.0164	0.0000	0.1180	0.0019	0.0039	0.0000	0.0029	0.0030	0.0000	0.0000	0.0000	0.0000	inf	0.0000	0.0033	-0.0002	55.9174	1.8980	28.4161	2.9698	0.0047	0.0000	0.0047	0.0000	0.0000	0.0000	0.0047	0.0000	0.0047	0.0003	0.0003	0.0000	0.0003	0.0003	0.0000	0.0000	0.0000	0.0000	0.4180	0.3719	0.0461	0.1346	0.1279	0.0067	0.2834	0.2439	0.0395	0.2815	0.1852	0.0962	0.0917	0.0886	0.0030	0.1898	0.0966	0.0932	11.6962	0.0000	5752448.7543	0.0757	0.0000	inf	2080596.0563	0.0000	7333864.1145	0.0010	0.0015	0.0000	0.0029	0.0030	0.0000	0.0000	0.0000	0.0000	
1	73	0.3867	8	1	0	2	1	0	0	0	0	N	N	Y	N	N	N	N	N	N	N	N	N	0.0019	0.0016	0.0032	0.0036	0.0038	0.0042	0.0011	0.0001	0.0042	0.0061	0.0045	0.0227	0.0087	0.0092	0.0003	0.0041	0.0005	0.0320	3.1511	2.8009	7.0183	2.3897	2.4433	0.0756	3.7748	3.7092	7.6203	0.4906	0.8291	0.0004	-0.2012	55.9174	3.5853	28.4161	4.3819	0.0096	0.0064	0.0031	0.0060	0.0060	0.0000	0.0035	0.0004	0.0031	1.1494	0.6284	0.5210	0.0816	0.0813	0.0003	1.0678	0.5471	0.5208	1.5579	1.4191	0.1388	0.6956	0.6547	0.0409	0.8623	0.7644	0.0979	0.3648	0.2244	0.1404	0.0819	0.0769	0.0050	0.2829	0.1475	0.1354	0.0019	0.0016	0.0061	0.0087	0.0087	0.0060	0.0011	0.0001	0.0083	3.1511	2.8009	3.7106	0.9966	1.0582	0.0531	3.7748	3.7092	3.8462
1	74	0.3552	7	1	0	2	1	0	0	0	0	N	N	Y	N	N	N	N	N	N	N	N	N	0.9124	0.8946	0.6185	0.6716	0.6841	0.8077	0.7563	0.6704	0.6887	1.3748	1.1135	3.5832	1.5493	1.6345	0.0133	1.3070	0.8937	4.1596	1.5068	1.2446	5.7937	2.3069	2.3892	0.0165	1.7280	1.3331	6.0398	0.3808	6.6530	-0.0421	0.2740	55.9174	12.3589	28.4161	7.3592	3.7170	2.6918	1.0252	1.1725	1.1720	0.0005	2.5445	1.5199	1.0246	1.1372	0.1486	0.9886	0.1181	0.1179	0.0002	1.0191	0.0307	0.9884	2.7037	2.4175	0.2861	0.7568	0.7170	0.0398	1.9469	1.7005	0.2463	0.8152	0.4624	0.3528	0.1308	0.1199	0.0109	0.6844	0.3425	0.3418	0.9855	3.4648	1.2786	1.7164	1.6619	0.8077	0.8776	9.9676	1.4385	1.3951	0.3214	2.8024	0.9027	0.9835	0.0165	1.4892	0.0897	2.8915
1	75	0.3379	6	1	0	2	1	0	0	0	0	N	N	Y	N	N	N	N	N	N	N	N	N	1.7400	4.3522	2.5313	17.5199	16.3132	4.7420	1.0408	0.0042	2.9397	1.7630	0.9795	8.1240	3.2364	3.4358	0.0475	1.2196	0.0016	9.4890	1.0132	0.2251	3.2095	0.1847	0.2106	0.0100	1.1719	0.3706	3.2279	1.0215	43.4891	0.8577	0.0501	55.9174	10.2127	28.4161	1.0234	3.9313	1.9448	1.9865	1.9442	1.9425	0.0017	1.9871	0.0022	1.9848	0.1435	0.0032	0.1403	0.0024	0.0023	0.0001	0.1411	0.0009	0.1402	2.2299	1.9854	0.2445	0.6007	0.5654	0.0354	1.6292	1.4200	0.2092	0.4275	0.2239	0.2036	0.0482	0.0421	0.0061	0.3793	0.1818	0.1975	5.2520	67.9847	11.7932	66.1428	62.9819	4.7420	3.2779	0.3067	13.3693	0.3357	0.0144	0.6889	0.0489	0.0546	0.0100	0.3721	0.0051	0.7098
1	76	0.3347	5	1	0	1	1	0	0	0	0	N	N	N	N	N	N	N	N	N	N	N	N	240.9089	972.7205	4.4023	1878.3076	1573.0602	inf	0.2570	0.0187	4.6361	1.4880	1.6612	0.0222	5.8184	6.0812	0.0507	0.0025	0.0001	0.0189	0.0062	0.0017	0.0050	0.0031	0.0039	0.0000	0.0096	0.0046	0.0041	0.0016	4.4567	-0.3691	0.0001	55.9174	3.7027	28.4161	0.0091	1.2924	1.2904	0.0020	1.2908	1.2903	0.0005	0.0016	0.0000	0.0015	0.0003	0.0001	0.0003	0.0000	0.0000	0.0000	0.0003	0.0000	0.0003	0.8686	0.7768	0.0918	0.2219	0.2122	0.0097	0.6467	0.5646	0.0821	0.1437	0.0749	0.0687	0.0161	0.0140	0.0020	0.1276	0.0609	0.0667	655.2553	2082.1102	5.7305	1878.3076	1714.3875	inf	1.1404	0.5208	4.7222	0.0023	0.0008	0.0039	0.0031	0.0035	0.0000	0.0022	0.0002	0.0040
1	77	0.3177	4	0	0	1	1	0	0	0	0	N	N	N	N	N	N	N	N	N	N	N	N	0.0124	0.0030	0.4580	0.0151	0.9397	0.0007	0.0163	0.0005	2.8936	0.0049	0.0012	0.0366	0.0024	0.0024	0.0021	0.0062	0.0005	0.0462	0.3938	0.4108	0.0799	0.1595	0.0026	2.9190	0.3817	0.9697	0.0160	3.4773	0.9317	0.0025	-0.0022	55.9174	3.8334	28.4161	6.1787	0.0051	0.0011	0.0040	0.0009	0.0008	0.0000	0.0042	0.0003	0.0039	0.0147	0.0076	0.0071	0.0051	0.0003	0.0049	0.0096	0.0074	0.0022	1.0465	0.9382	0.1084	0.3724	0.3487	0.0237	0.6741	0.5895	0.0846	0.5333	0.3059	0.2274	0.1133	0.1051	0.0083	0.4200	0.2009	0.2191	0.1764	0.0487	1.1695	0.0533	0.9397	0.0035	0.2727	0.0134	4.5125	0.0276	0.0249	0.0313	0.0453	0.0026	0.5897	0.0229	0.0366	0.0102
1	78	0.2786	3	0	0	1	1	0	0	0	0	N	N	N	N	N	N	N	N	N	N	N	N	0.5343	0.2398	4.3816	3.4106	6.1999	0.0143	0.4753	0.1418	6.6015	0.6535	0.4039	2.7443	0.4907	0.5128	0.0060	0.6983	0.3713	3.0091	1.2232	1.6845	0.6263	0.1439	0.0827	0.4243	1.4690	2.6178	0.4558	0.8111	0.0529	0.4122	-0.5885	55.9174	16.9094	28.4161	5.8161	2.5644	1.4159	1.1485	0.4147	0.4145	0.0002	2.1497	1.0014	1.1483	1.0180	0.9669	0.0511	0.0118	0.0083	0.0036	1.0061	0.9586	0.0475	3.9239	3.5054	0.4185	0.8453	0.8084	0.0369	3.0786	2.6970	0.3816	1.2553	0.7258	0.5295	0.2744	0.2529	0.0215	0.9808	0.4728	0.5080	0.8059	0.3032	28.4291	11.3648	15.7210	0.0361	0.6807	0.1831	32.1723	0.8110	1.3322	0.0965	0.0432	0.0326	0.1675	1.0258	2.0274	0.0935
1	79	0.2043	3	0	1	1	1	0	0	0	0	N	N	N	N	N	N	N	N	N	N	N	N	0.2766	0.0488	0.5375	0.2146	0.2253	0.0149	0.2417	inf	0.5437	0.4284	0.0496	3.1363	0.5297	0.5596	0.0016	0.4194	0.0001	3.2526	1.5490	1.0176	5.8345	2.4686	2.4841	0.1093	1.7352	0.0000	5.9824	8.8418	16.0395	1.2864	0.8480	55.9174	23.9173	28.4161	17.8091	2.1045	0.2138	1.8907	0.2137	0.2136	0.0000	1.8908	0.0002	1.8906	2.7096	0.1590	2.5506	0.1598	0.1590	0.0007	2.5499	0.0000	2.5499	4.9120	4.3092	0.6028	0.4033	0.3818	0.0216	4.5087	3.9274	0.5813	1.8521	0.9528	0.8993	0.1504	0.1393	0.0111	1.7016	0.8135	0.8881	0.2928	0.2973	1.1057	0.4988	0.4902	0.0243	0.2799	inf	1.1329	1.4630	0.1669	2.8364	1.0621	1.1416	0.0670	1.4985	0.0000	2.8711
1	80	0.1882	2	0	1	1	1	0	0	0	0	N	N	N	N	N	N	N	N	N	N	N	N	0.0650	0.0029	0.1685	0.0128	0.0132	0.0000	0.0684	0.0063	0.1679	0.0885	0.0043	0.6715	0.0535	0.0563	0.0000	0.0907	0.0006	0.6875	1.3601	1.5081	3.9860	4.1967	4.2544	0.0090	1.3256	0.0988	4.0947	22.5035	1.3325	0.0769	-0.0351	55.9174	6.1279	28.4161	3.6878	0.1147	0.0049	0.1098	0.0042	0.0042	0.0000	0.1105	0.0007	0.1098	0.6143	0.2634	0.3509	0.2630	0.2629	0.0000	0.3513	0.0004	0.3509	1.2970	1.1334	0.1636	0.0788	0.0750	0.0038	1.2182	1.0584	0.1598	0.5537	0.2992	0.2545	0.0692	0.0678	0.0013	0.4846	0.2314	0.2532	0.0797	0.0049	0.4869	0.0141	0.0145	0.0000	0.1251	0.3387	0.4960	1.1094	0.8801	1.3790	3.8024	3.8763	0.0090	0.7251	0.0018	1.3861
1	81	0.2763	6	1	0	2	1	0	0	0	0	N	N	Y	N	N	N	N	N	N	N	N	N	0.6259	0.8612	0.0000	1.1245	1.1549	0.0012	0.2794	inf	0.0000	0.9782	1.1067	0.0000	3.2591	3.4342	0.0000	0.4716	0.5424	0.0000	1.5630	1.2851	5.5935	2.8982	2.9735	0.0142	1.6882	0.0000	5.7339	0.0000	6.3121	-1.5262	0.5442	55.9174	27.2690	28.4161	12.3406	5.3154	5.3154	0.0000	3.2185	3.2185	0.0000	2.0969	2.0969	0.0000	2.3168	0.3168	1.9999	0.3171	0.3168	0.0002	1.9997	0.0000	1.9997	5.4336	4.8029	0.6307	0.9875	0.9372	0.0503	4.4461	3.8658	0.5804	1.5728	0.8357	0.7371	0.1762	0.1588	0.0174	1.3966	0.6769	0.7197	0.6641	2.9189	0.0000	1.8111	1.7217	0.0012	0.3294	inf	0.0000	1.4730	0.3791	2.7133	1.7995	1.9947	0.0142	1.4319	0.0000	2.7784
1	82	0.2610	5	0	0	1	1	0	0	0	0	N	N	N	N	N	N	N	N	N	N	N	N	17.0656	4.7216	164.7114	1.5116	1.2448	77.0255	62.5592	19.2196	219.7556	0.6589	0.6441	0.7831	0.3977	0.3946	0.4695	0.7405	0.7296	0.8155	0.0386	0.1364	0.0048	0.2631	0.3170	0.0061	0.0118	0.0380	0.0037	0.1450	0.3053	-0.2325	-0.0013	55.9174	9.0798	28.4161	0.9519	1.4488	1.2653	0.1835	0.2082	0.1979	0.0103	1.2407	1.0675	0.1732	0.0032	0.0024	0.0007	0.0023	0.0023	0.0000	0.0009	0.0002	0.0007	2.1989	1.9646	0.2343	0.5234	0.5014	0.0220	1.6755	1.4631	0.2124	0.4128	0.2147	0.1981	0.0376	0.0329	0.0047	0.3752	0.1818	0.1934	85.2388	56.5730	207.8555	6.5536	5.7630	77.0255	306.0817	698.2081	219.7556	0.0077	0.0114	0.0038	0.0607	0.0685	0.0061	0.0024	0.0010	0.0037
1	83	0.1882	2	0	1	1	1	0	0	0	0	N	N	N	N	N	N	N	N	N	N	N	N	0.4905	0.3972	0.0000	0.0012	0.0012	578423.3918	inf	0.0000	0.4679	0.5343	0.0000	0.0052	0.0054	0.0000	0.4978	0.5717	0.0000	0.9540	1.3453	0.0000	4.3216	4.5000	0.0000	0.0000	0.0000	0.0000	0.0000	0.0000	-0.5747	-0.2493	55.9174	21.0000	28.4161	14.4214	2.0013	2.0013	0.0000	0.0013	0.0013	0.0000	2.0000	2.0000	0.0000	0.3967	0.3967	0.0000	0.3967	0.3967	0.0000	0.0000	0.0000	0.0000	4.2774	3.7456	0.5319	0.2597	0.2471	0.0126	4.0177	3.4984	0.5193	1.6066	0.8191	0.7875	0.0954	0.0909	0.0045	1.5112	0.7282	0.7830	1.8948	1.1032	0.0000	0.0012	0.0012	0.0000	578423.3918	inf	0.0000	0.2469	0.4843	0.0000	4.1582	4.3639	0.0000	0.0000	0.0000	0.0000	
1	84	0.2459	6	0	0	2	1	0	0	0	0	N	N	Y	N	N	N	N	N	N	N	N	N	0.1572	0.1400	0.0000	0.1036	0.1403	0.0000	58.6712	inf	0.0000	0.0000	0.0000	0.0000	0.0001	0.0001	0.0000	0.0000	0.0000	0.0000	0.0001	0.0002	0.0001	0.0010	0.0008	0.0021	0.0000	0.0000	0.0000	0.0000	0.5456	-0.0000	-0.0000	55.9174	20.4085	28.4161	11.0867	0.0001	0.0001	0.0000	0.0001	0.0001	0.0000	0.0000	0.0000	0.0000	0.0002	0.0001	0.0001	0.0002	0.0001	0.0001	0.0000	0.0000	0.0000	4.3689	3.8487	0.5201	0.6698	0.6284	0.0414	3.6990	3.2203	0.4787	1.3122	0.6728	0.6394	0.1637	0.1347	0.0290	1.1485	0.5381	0.6104	0.1572	0.1414	0.0000	0.1036	0.1403	0.0000	58.6712	inf	0.0000	0.0001	0.0002	0.0001	0.0010	0.0008	0.0021	0.0000	0.0000	0.0000
1	85	0.2421	5	0	0	2	1	0	0	0	0	N	N	Y	N	N	N	N	N	N	N	N	N	8.4753	17.3920	0.0000	12.6603	12.1225	0.0000	0.9488	inf	0.0000	0.0028	0.0032	0.0000	0.0076	0.0081	0.0000	0.0006	0.0007	0.0000	0.0003	0.0002	0.0004	0.0006	0.0007	0.0001	0.0006	0.0000	0.0004	0.0000	1.9768	-0.0008	0.0000	55.9174	3.1287	28.4161	1.1816	0.0028	0.0028	0.0000	0.0024	0.0024	0.0000	0.0004	0.0004	0.0000	0.0001	0.0000	0.0000	0.0000	0.0000	0.0000	0.0000	0.0000	0.0000	0.9831	0.8735	0.1096	0.3154	0.2933	0.0221	0.6677	0.5802	0.0875	0.2136	0.1165	0.0972	0.0343	0.0303	0.0041	0.1793	0.0862	0.0931	9.9915	18.2491	0.0000	12.6603	12.1225	0.0000	2.6422	inf	0.0000	0.0003	0.0002	0.0004	0.0006	0.0007	0.0001	0.0002	0.0000	0.0004
1	86	0.2352	4	0	0	1	1	0	0	0	0	N	N	N	N	N	N	N	N	N	N	N	N	4.3541	105.5584	0.0090	89.8414	177.4424	0.0042	0.7367	17407.8069	0.0125	0.9193	1.0387	0.0007	3.0829	3.3516	0.0005	0.1742	0.1995	0.0008	0.2111	0.0098	0.0821	0.0343	0.0189	0.1104	0.2365	0.0000	0.0637	0.0001	9.2583	-0.2817	0.0014	55.9174	4.0532	28.4161	2.2470	0.9815	0.9814	0.0001	0.8431	0.8431	0.0000	0.1384	0.1383	0.0001	0.0051	0.0005	0.0046	0.0009	0.0005	0.0004	0.0042	0.0000	0.0042	1.0677	0.9448	0.1229	0.2735	0.2516	0.0219	0.7942	0.6933	0.1009	0.3188	0.1730	0.1458	0.0507	0.0449	0.0058	0.2681	0.1280	0.1401	57.1288	359.2900	0.0232	175.6596	301.1740	0.0069	11.0162	6922565.2507	0.0262	0.0161	0.0029	0.0317	0.0176	0.0111	0.0676	0.0158	0.0000	0.0303
1	87	0.2121	3	0	0	1	1	0	0	0	0	N	N	N	N	N	N	N	N	N	N	N	N	0.3001	0.9840	0.0015	1.5054	1.7104	0.0119	0.0938	5.2139	0.0015	0.5474	0.6254	0.0114	1.4155	1.5598	0.0085	0.2040	0.2354	0.0121	1.8243	0.6356	7.5780	0.9403	0.9119	0.7134	2.1746	0.0451	8.2757	0.0026	58.0669	-0.2234	0.5489	55.9174	4.7288	28.4161	9.8540	0.7853	0.7832	0.0021	0.5756	0.5753	0.0003	0.2097	0.2079	0.0018	1.5475	0.0262	1.5213	0.0272	0.0258	0.0014	1.5202	0.0004	1.5198	1.4345	1.2523	0.1822	0.4066	0.3688	0.0378	1.0279	0.8835	0.1444	0.8483	0.4765	0.3718	0.1492	0.1431	0.0061	0.6991	0.3334	0.3657	0.3001	11.3752	0.0028	7.7513	8.6522	0.0357	0.0938	199.3879	0.0029	1.8243	0.0550	4.0919	0.1826	0.1803	0.2377	2.1746	0.0012	4.1558
1	88	0.1882	2	0	0	1	1	0	0	0	0	N	N	N	N	N	N	N	N	N	N	N	N	0.3746	0.1013	0.7593	0.0005	0.0005	0.0000	0.3928	0.6022	0.7764	0.4356	0.1433	2.4666	0.0020	0.0021	0.0000	0.4636	0.1533	2.5256	1.1628	1.4143	3.2487	3.9984	4.0380	0.0105	1.1803	0.2545	3.2530	2.4777	1.0509	0.3362	-0.0620	55.9174	8.6320	28.4161	7.0881	0.7906	0.2273	0.5632	0.0002	0.0002	0.0000	0.7903	0.2271	0.5632	0.5348	0.2608	0.2740	0.2596	0.2596	0.0000	0.2752	0.0012	0.2740	1.8148	1.5865	0.2283	0.1102	0.1048	0.0053	1.7047	1.4816	0.2230	0.8073	0.4239	0.3834	0.0754	0.0733	0.0021	0.7319	0.3506	0.3813	0.6576	0.2329	3.4510	0.0006	0.0006	0.0000	1.2331	45.7190	3.5146	0.6624	0.6151	0.7147	3.4423	3.5398	0.0105	0.3760	0.0034	0.7186
1	89	0.2560	4	0	1	1	1	0	0	0	0	N	N	N	N	N	N	N	N	N	N	N	N	0.6606	0.4948	122.2089	2.0015	2.1436	44.3446	0.2531	0.1094	130.7161	0.2996	0.3386	0.0067	1.1910	1.2738	0.0025	0.1036	0.1179	0.0071	0.4536	0.6843	0.0001	0.5951	0.5942	0.0001	0.4094	1.0782	0.0001	0.0026	0.0008	-0.3046	-0.0206	55.9174	15.4622	28.4161	5.2688	1.0706	1.0678	0.0028	0.7671	0.7670	0.0001	0.3036	0.3009	0.0027	0.0328	0.0328	0.0000	0.0120	0.0120	0.0000	0.0208	0.0208	0.0000	3.5731	3.1538	0.4193	0.6440	0.6021	0.0419	2.9291	2.5517	0.3774	0.9746	0.5220	0.4525	0.1088	0.1035	0.0053	0.8658	0.4185	0.4473	8.8996	5.3911	122.2089	10.8229	11.0160	44.3446	4.3057	2.3708	130.7161	0.0337	0.0628	0.0001	0.1100	0.1156	0.0001	0.0241	0.0497	0.0001
1	90	0.2442	3	0	0	1	1	0	0	0	0	N	N	N	N	N	N	N	N	N	N	N	N	1.1377	0.5765	29.7233	0.3095	0.3277	0.0188	1.2126	0.4267	153.6526	1.3341	0.9468	4.2760	0.9117	0.9828	0.0821	1.4512	0.9363	5.0011	1.1726	1.6423	0.1439	2.9458	2.9995	4.3578	1.1968	2.1944	0.0325	0.5945	0.0289	0.2299	-0.2151	55.9174	7.5917	28.4161	1.5198	2.6821	1.6822	1.0000	0.3978	0.3950	0.0028	2.2843	1.2872	0.9972	0.3583	0.3482	0.0101	0.1862	0.1800	0.0063	0.1720	0.1682	0.0038	2.0105	1.7766	0.2339	0.4364	0.4019	0.0345	1.5741	1.3747	0.1994	0.5276	0.2972	0.2304	0.0955	0.0874	0.0081	0.4321	0.2098	0.2223	1.9646	0.8081	97.9146	0.4674	0.4772	0.1061	3.6451	1.1678	291.9489	0.6791	1.1716	0.0437	1.9507	2.0596	0.7734	0.3981	0.8018	0.0171
1	91	0.3535	7	1	0	2	1	0	0	0	0	N	N	Y	N	N	N	N	N	N	N	N	N	inf	inf	inf	inf	inf	inf	1.5894	1.7966	0.0011	0.0000	0.0000	0.0000	1.9911	2.2920	0.0012	0.0000	0.0000	0.0000	0.0000	0.0000	0.0000	0.0000	0.0000	0.0000	0.0001	-0.2870	0.0000	55.9174	3.0317	28.4161	0.1644	0.9996	0.9996	0.0001	0.0000	0.0000	0.0000	0.9996	0.9996	0.0001	0.0000	0.0000	0.0000	0.0000	0.0000	0.0000	0.0000	0.0000	0.0000	0.6289	0.5564	0.0726	0.1269	0.1203	0.0066	0.5021	0.4361	0.0660	0.1258	0.0663	0.0595	0.0131	0.0111	0.0019	0.1127	0.0552	0.0576	inf	inf	inf	0.0000	0.0000	0.0000	inf	inf	inf	0.0000	0.0000	0.0000	0.0000	0.0000	0.0000	0.0000	0.0000	0.0000				
1	92	0.3477	6	1	0	2	1	0	0	0	0	N	N	Y	N	N	N	N	N	N	N	N	N	649.2934	inf	6137.2346	240.7230	inf	502.9212	487.0392	inf	7640.9709	1.2376	0.0010	12.6898	0.0506	0.0008	0.9454	2.0001	0.0012	15.8433	0.0019	0.0000	0.0021	0.0002	0.0000	0.0019	0.0041	0.0000	0.0021	1355.2873	inf	0.6895	0.0001	55.9174	2.6632	28.4161	1.0147	0.9683	0.0007	0.9676	0.0155	0.0002	0.0153	0.9528	0.0005	0.9523	0.0001	0.0000	0.0001	0.0000	0.0000	0.0000	0.0001	0.0000	0.0001	0.7824	0.7061	0.0762	0.3060	0.2898	0.0161	0.4764	0.4163	0.0601	0.1540	0.0834	0.0706	0.0189	0.0168	0.0021	0.1351	0.0666	0.0685	1305.4735	inf	6137.2346	240.7230	inf	502.9212	1902.3792	inf	7640.9709	0.0009	0.0000	0.0021	0.0002	0.0000	0.0019	0.0011	0.0000	0.0021
1	93	0.2644	5	1	0	2	1	0	0	0	0	N	N	Y	N	N	N	N	N	N	N	N	N	378.4328	731.2505	840.2509	361.2962	377.6696	115.3112	257.5059	92838.0818	921.6105	0.7781	0.7194	1.2488	1.1294	1.1598	0.4241	0.6947	0.6045	1.3122	0.0021	0.0010	0.0015	0.0031	0.0031	0.0037	0.0027	0.0000	0.0014	0.2165	2.4206	-0.6320	0.0001	55.9174	35.0787	28.4161	12.2568	5.7898	4.7593	1.0305	1.6124	1.5874	0.0250	4.1774	3.1719	1.0055	0.0018	0.0005	0.0013	0.0006	0.0005	0.0001	0.0012	0.0000	0.0012	7.4410	6.6158	0.8252	1.4276	1.3687	0.0589	6.0134	5.2471	0.7663	1.8383	0.9670	0.8714	0.1995	0.1754	0.0241	1.6388	0.7916	0.8472	781.6462	1300.2890	840.2509	361.2962	380.2409	115.3112	943.7922	63523035.6173	921.6105	0.0010	0.0006	0.0015	0.0031	0.0031	0.0037	0.0007	0.0000	0.0014
1	94	0.2509	4	1	0	1	1	0	0	0	0	N	N	N	N	N	N	N	N	N	N	N	N	18.8046	10.8827	2.1153	11.7601	10.5072	7.8439	18.3031	7.2825	2.2921	0.3685	0.4085	0.0118	0.7616	0.7817	0.0416	0.2402	0.2732	0.0097	0.0196	0.0375	0.0056	0.0648	0.0744	0.0053	0.0131	0.0375	0.0042	0.0032	0.5651	-0.2497	-0.0007	55.9174	8.4810	28.4161	2.3446	0.8793	0.8765	0.0028	0.4471	0.4465	0.0007	0.4322	0.4300	0.0022	0.0025	0.0016	0.0009	0.0014	0.0014	0.0000	0.0011	0.0002	0.0009	2.3861	2.1454	0.2407	0.5871	0.5712	0.0159	1.7990	1.5743	0.2248	0.4692	0.2491	0.2201	0.0503	0.0449	0.0054	0.4190	0.2042	0.2147	68.6660	63.2474	2.8531	26.8143	25.0711	7.8439	92.2734	265.3923	2.3584	0.0054	0.0065	0.0041	0.0284	0.0312	0.0053	0.0026	0.0010	0.0041
1	95	0.1882	2	0	1	1	2	0	0	0	0	N	N	N	Y	N	N	N	N	N	N	N	N	1.0003	0.8361	1.5422	2.0606	0.0385	13957.0050	0.8048	inf	1.2281	1.4463	0.4747	8.3105	3.4518	0.0643	70.0828	1.3166	0.5037	6.8110	1.4458	0.5678	5.3887	1.6751	1.6727	0.0050	1.6360	0.0000	5.5462	2.4776	56.6545	2.9849	0.9182	55.9174	24.0032	28.4161	22.6134	7.0181	2.0180	5.0000	1.0173	0.0180	0.9993	6.0007	2.0000	4.0007	2.5916	0.0450	2.5467	0.0450	0.0450	0.0000	2.5466	0.0000	2.5466	4.8525	4.2508	0.6017	0.2947	0.2805	0.0143	4.5578	3.9704	0.5874	2.0305	1.0301	1.0003	0.1062	0.1004	0.0058	1.9243	0.9297	0.9946	1.1331	10.8794	3.2644	8.1469	0.1437	13957.0050	0.9948	inf	2.6600	1.2764	0.0436	2.5458	0.4237	0.4478	0.0050	1.3234	0.0000	2.5606
1	96	0.6056	6	0	1	1	1	0	0	0	0	N	N	N	N	N	N	N	N	N	N	N	N	0.1527	0.1052	4.3797	0.2353	0.2358	0.4599	0.0004	0.0000	5.2044	0.2553	0.2844	0.0042	0.7788	0.8239	0.0004	0.0007	0.0001	0.0050	1.6721	2.7043	0.0010	3.3104	3.4944	0.0010	1.6217	3.0067	0.0010	0.0017	0.0002	-0.2845	-1.2192	55.9174	18.5150	28.4161	10.2301	0.9966	0.9949	0.0017	0.9948	0.9948	0.0000	0.0018	0.0001	0.0017	1.9409	1.9405	0.0004	0.9438	0.9437	0.0000	0.9971	0.9968	0.0004	3.9041	3.4976	0.4065	1.2774	1.2074	0.0700	2.6267	2.2902	0.3365	1.1607	0.7176	0.4432	0.3959	0.3547	0.0412	0.7649	0.3629	0.4020	0.1527	0.1052	4.3797	0.3267	0.3096	0.4599	0.0005	0.0000	5.2044	1.6721	2.7043	0.0010	2.3841	2.6608	0.0010	1.3037	2.7468	0.0010
1	97	0.2173	3	0	1	1	1	0	0	0	0	N	N	N	N	N	N	N	N	N	N	N	N	0.5653	0.5073	0.2276	3012.2263	5807.9523	0.0001	0.3841	0.2490	0.2250	0.7525	0.7283	0.9303	2.7536	2.8754	0.0000	0.5889	0.5359	0.9558	1.3313	1.4355	4.0880	0.0009	0.0005	0.0046	1.5334	2.1521	4.2473	0.1740	2.0000	-0.9378	0.1150	55.9174	46.1140	28.4161	26.4917	6.7508	5.7501	1.0006	1.8670	1.8670	0.0000	4.8838	3.8832	1.0006	3.0003	1.0001	2.0002	0.0002	0.0001	0.0001	3.0001	1.0000	2.0001	8.9710	7.8954	1.0756	0.6780	0.6493	0.0287	8.2930	7.2461	1.0469	2.8434	1.4853	1.3581	0.1799	0.1617	0.0182	2.6635	1.3236	1.3399	0.7132	1.0817	0.6316	3012.2263	5807.9523	0.0001	0.5228	0.7093	0.6403	1.0552	0.6733	1.4728	0.0009	0.0005	0.0046	1.1264	0.7555	1.4927
1	98	0.6585	8	0	1	1	1	0	0	0	0	N	N	N	N	N	N	N	N	N	N	N	N	0.4857	34.9845	0.0000	0.3117	53.7572	0.0000	13.7989	55393.8464	0.0000	0.4913	0.5472	0.0000	0.7629	0.8039	0.0000	0.3625	0.4150	0.0000	1.0116	0.0156	3.3636	2.4479	0.0150	39.7431	0.0263	0.0000	0.0125	0.0000	135.5976	-0.5515	0.1174	55.9174	20.7840	28.4161	8.9470	1.9205	1.9205	0.0000	0.9593	0.9593	0.0000	0.9613	0.9613	0.0000	0.3224	0.0024	0.3200	0.3195	0.0024	0.3171	0.0029	0.0000	0.0029	3.9093	3.5095	0.3998	1.2573	1.1933	0.0640	2.6520	2.3162	0.3358	0.9652	0.5848	0.3803	0.3016	0.2517	0.0499	0.6636	0.3331	0.3305	1.4709	135.6110	0.0000	0.7201	85.7350	0.0000	83.6255	30054961.3570	0.0000	0.3340	0.0040	0.8413	1.0594	0.0094	6.3594	0.0043	0.0000	0.0087
1	99	0.6536	7	0	0	1	1	0	0	0	0	N	N	N	N	N	N	N	N	N	N	N	N	0.3254	0.2339	4.2639	0.3129	0.3431	0.0121	0.3061	0.1069	9.1808	0.2526	0.2366	0.4003	0.2605	0.2778	0.0021	0.2420	0.1765	0.6313	0.7762	1.0114	0.0939	0.8324	0.8095	0.1743	0.7907	1.6500	0.0688	0.1831	0.1595	-0.0508	-0.0129	55.9174	2.7834	28.4161	1.0450	0.3842	0.3247	0.0595	0.2263	0.2262	0.0001	0.1579	0.0985	0.0594	0.0262	0.0226	0.0036	0.0142	0.0137	0.0005	0.0120	0.0089	0.0031	1.5212	1.3726	0.1486	0.8689	0.8144	0.0545	0.6523	0.5582	0.0940	0.2426	0.1401	0.1025	0.0918	0.0859	0.0058	0.1508	0.0541	0.0967	2.3392	1.4668	11.3929	1.6787	1.7413	0.0231	3.0538	1.0754	19.8787	0.1080	0.1613	0.0351	0.1552	0.1595	0.0910	0.0793	0.1641	0.0318
1	100	0.6436	6	0	0	1	1	0	0	0	0	N	N	N	N	N	N	N	N	N	N	N	N	0.4674	0.3329	2.0484	0.4684	0.4158	35.3670	0.1375	0.0680	0.7521	0.4168	0.3836	0.7225	0.6895	0.6236	1.6070	0.1106	0.0937	0.2209	0.8917	1.1523	0.3527	1.4721	1.4997	0.0454	0.8042	1.3781	0.2938	0.2044	0.1687	-0.1505	-0.0542	55.9174	7.6044	28.4161	2.7972	1.2820	1.0644	0.2176	1.1218	0.9467	0.1751	0.1602	0.1177	0.0425	0.1119	0.0957	0.0162	0.0812	0.0804	0.0007	0.0307	0.0153	0.0154	3.0757	2.7746	0.3011	1.6269	1.5180	0.1090	1.4488	1.2567	0.1922	0.6051	0.3733	0.2318	0.2362	0.2162	0.0199	0.3690	0.1571	0.2119	2.2539	1.4956	10.3708	2.0058	1.6762	43.5309	1.3280	0.9614	3.0371	0.1849	0.2565	0.0697	0.3437	0.3720	0.0369	0.0833	0.0975	0.0727
1	101	0.5940	5	0	0	1	1	0	0	0	0	N	N	N	N	N	N	N	N	N	N	N	N	0.3289	0.3552	0.0484	0.5013	0.4990	0.1153	0.0248	0.0039	0.0509	0.5605	0.5971	0.2439	1.6280	1.7169	0.0451	0.0411	0.0054	0.2840	1.7042	1.6812	5.0428	3.2477	3.4408	0.3913	1.6605	1.3816	5.5749	0.0472	1.1337	-0.5433	-0.1926	55.9174	18.4780	28.4161	12.4520	2.2449	2.1436	0.1013	2.1340	2.1309	0.0031	0.1108	0.0127	0.0981	1.9857	0.9306	1.0551	0.9013	0.8940	0.0074	1.0844	0.0367	1.0477	4.0050	3.5899	0.4151	1.3108	1.2411	0.0697	2.6942	2.3488	0.3454	1.1652	0.7134	0.4518	0.3868	0.3392	0.0476	0.7783	0.3742	0.4042	0.3289	0.4577	0.1044	0.6987	0.6514	0.2923	0.0295	0.0553	0.1096	1.7042	1.3046	2.3352	2.3300	2.6356	0.1544	1.3932	0.0980	2.5922
1	102	0.2300	3	0	1	1	1	0	0	0	0	N	N	N	N	N	N	N	N	N	N	N	N	0.4461	0.2585	0.5203	0.3966	0.4543	0.2022	0.4081	0.1660	0.5350	0.5204	0.3703	1.6686	0.4374	0.3765	1.6323	0.5511	0.3678	1.6733	1.1665	1.4327	3.2071	1.1028	0.8288	8.0725	1.3504	2.2153	3.1278	0.5888	0.7858	0.4430	-0.3552	55.9174	34.1922	28.4161	22.4626	5.3067	3.3400	1.9667	1.2058	0.9878	0.2180	4.1009	2.3522	1.7487	1.8860	1.0561	0.8299	0.1115	0.0740	0.0375	1.7746	0.9821	0.7924	10.1979	9.0192	1.1786	2.7570	2.6234	0.1336	7.4409	6.3958	1.0451	2.8011	1.5811	1.2201	0.4891	0.4565	0.0326	2.3121	1.1245	1.1875	0.7729	0.5544	2.4531	1.9190	2.3232	1.4178	0.7181	0.4211	2.5076	0.6733	0.6680	0.6802	0.2279	0.1621	1.1513	0.7675	0.8734	0.6673
1	103	0.1821	2	0	1	1	1	0	0	0	0	N	N	N	N	N	N	N	N	N	N	N	N	0.6038	0.6272	0.2671	0.4567	0.4422	1.0147	0.5020	0.5193	0.2473	0.8599	0.7957	1.2512	1.0956	1.0734	1.3879	0.8000	0.7177	1.2358	1.4242	1.2686	4.6844	2.3991	2.4273	1.3677	1.5938	1.3821	4.9967	0.2581	5.6976	-0.4453	0.5203	55.9174	22.5884	28.4161	11.0115	5.4299	4.3161	1.1138	1.4008	1.2757	0.1251	4.0291	3.0404	0.9887	2.3403	0.3494	1.9908	0.2800	0.2783	0.0017	2.0603	0.0711	1.9892	6.3147	5.4245	0.8902	1.2786	1.1884	0.0901	5.0361	4.2361	0.8000	1.9158	0.9976	0.9183	0.2781	0.2736	0.0045	1.6377	0.7239	0.9138	0.7039	2.2715	0.5771	1.0881	1.0553	3.7208	0.6360	7.3110	0.5677	1.2215	0.3503	2.1680	1.0069	1.0172	0.3730	1.2580	0.0982	2.1768
1	106	0.2610	5	0	1	1	1	0	0	0	0	N	N	N	N	N	N	N	N	N	N	N	N	0.3920	5578.2430	0.4556	296.2217	264.4950	99739.5286	0.4063	inf	0.4683	0.5002	0.3024	2.0698	0.0938	0.0965	0.0381	0.5997	0.3575	2.2516	1.2761	0.0001	4.5429	0.0003	0.0004	0.0000	1.4760	0.0000	4.8084	0.8624	35478.8798	0.3793	0.3710	55.9174	20.0414	28.4161	7.0324	2.1559	1.1576	0.9983	0.0794	0.0779	0.0015	2.0765	1.0797	0.9968	0.9984	0.0000	0.9984	0.0000	0.0000	0.0000	0.9984	0.0000	0.9984	4.3101	3.8278	0.4823	0.8473	0.8077	0.0396	3.4628	3.0201	0.4427	1.0609	0.5493	0.5117	0.0889	0.0771	0.0118	0.9720	0.4721	0.4999	0.5315	5902.9346	1.0608	296.2217	264.4950	99739.5286	0.5838	inf	1.1274	0.9411	0.0001	1.9512	0.0003	0.0004	0.0000	1.0271	0.0000	1.9972
1	107	0.2509	4	0	0	1	1	0	0	0	0	N	N	N	N	N	N	N	N	N	N	N	N	17.2174	136.5041	1.2516	137.6482	118.0451	292049.0651	5.0212	78.7655	0.3978	0.6682	0.7367	0.0370	1.5619	1.5919	0.3990	0.3481	0.3958	0.0106	0.0388	0.0054	0.0295	0.0113	0.0135	0.0000	0.0693	0.0050	0.0268	0.0054	6.8938	-0.3959	0.0007	55.9174	7.0315	28.4161	1.2144	1.4055	1.3978	0.0076	0.8664	0.8608	0.0056	0.5391	0.5370	0.0020	0.0028	0.0004	0.0025	0.0003	0.0003	0.0000	0.0025	0.0000	0.0025	2.1034	1.8974	0.2060	0.5547	0.5407	0.0140	1.5487	1.3566	0.1920	0.3660	0.1959	0.1700	0.0422	0.0379	0.0043	0.3238	0.1580	0.1657	86.3097	402.1847	2.5404	200.4109	183.4265	292049.0651	45.0000	2085.2790	0.7129	0.0077	0.0018	0.0146	0.0078	0.0087	0.0000	0.0077	0.0002	0.0149
1	108	0.2173	3	0	0	1	1	0	0	0	0	N	N	N	N	N	N	N	N	N	N	N	N	2.9700	174.7167	18.3092	21.2705	20.4042	3.6215	2.7258	229.2921	21.2617	0.8717	0.6740	2.3167	0.2877	0.2969	0.0173	0.9319	0.7172	2.3769	0.2935	0.0039	0.1265	0.0135	0.0146	0.0048	0.3419	0.0031	0.1118	0.4702	24.4717	0.1015	0.0063	55.9174	16.2725	28.4161	4.4748	3.1030	2.1105	0.9924	0.0957	0.0955	0.0002	3.0073	2.0150	0.9923	0.0189	0.0007	0.0182	0.0007	0.0007	0.0000	0.0182	0.0000	0.0181	3.5598	3.1314	0.4284	0.3327	0.3218	0.0109	3.2270	2.8096	0.4175	0.9538	0.5092	0.4446	0.0825	0.0764	0.0060	0.8713	0.4328	0.4385	43.9897	462.5386	56.7230	32.4661	32.3218	3.6215	44.6902	7764.8372	57.4963	0.0198	0.0015	0.0408	0.0089	0.0092	0.0048	0.0209	0.0001	0.0413
1	109	0.2701	4	0	1	1	1	0	0	0	0	N	N	N	N	N	N	N	N	N	N	N	N	0.9465	92.5028	0.5972	2.8479	66.4475	0.6704	0.5048	550.7083	0.3287	1.0219	0.8794	2.1146	3.1295	2.5141	12.6138	0.6306	0.5534	1.1681	1.0797	0.0095	3.5405	1.0989	0.0378	18.8164	1.2492	0.0010	3.5537	0.3137	312.1968	-0.4097	0.3873	55.9174	40.5309	28.4161	14.7974	8.4695	6.4473	2.0222	4.0618	3.0643	0.9975	4.4077	3.3830	1.0247	1.0511	0.0034	1.0477	0.0459	0.0033	0.0425	1.0052	0.0000	1.0052	8.2881	7.3317	0.9563	1.2979	1.2188	0.0791	6.9902	6.1129	0.8773	2.2607	1.1808	1.0799	0.2014	0.1841	0.0172	2.0594	0.9967	1.0627	2.1979	309.4003	2.1796	13.7334	138.3445	5.1076	1.2918	56060.7436	1.2350	0.4649	0.0028	0.9702	0.2279	0.0182	2.4696	0.4881	0.0000	0.9459
1	110	0.2442	3	0	1	1	1	0	0	0	0	N	N	N	N	N	N	N	N	N	N	N	N	0.5833	0.6542	0.5596	0.1042	0.5576	0.0008	0.7211	0.4812	1.0528	0.7645	0.5188	2.5986	0.6220	0.6633	0.1079	0.7938	0.4874	2.8973	1.3107	0.7931	4.6438	5.9717	1.1896	133.8760	1.1007	1.0128	2.7521	0.6710	19.9740	0.2795	0.2796	55.9174	13.5236	28.4161	3.5331	2.4428	1.4619	0.9809	0.3383	0.3339	0.0044	2.1045	1.1280	0.9765	0.8630	0.0411	0.8219	0.6610	0.0260	0.6349	0.2020	0.0151	0.1869	3.1952	2.8177	0.3775	0.5439	0.5034	0.0404	2.6513	2.3143	0.3371	0.8555	0.4602	0.3953	0.1107	0.1011	0.0096	0.7448	0.3591	0.3857	0.7578	5.8025	1.2498	0.1042	2.5757	0.0016	2.9260	11.5785	5.9779	1.0088	0.0894	2.0792	5.9717	0.2575	66.1012	0.2713	0.0421	0.4847
1	111	0.1882	2	0	0	1	1	0	0	0	0	N	N	N	N	N	N	N	N	N	N	N	N	0.9216	0.5972	1.1004	1.0030	0.6611	4724.1385	0.6987	0.4240	0.5501	1.8915	1.5060	4.5946	13.7344	9.4804	97.3348	1.1263	0.9426	2.3584	2.0524	2.5218	4.1755	13.6934	14.3406	0.0206	1.6119	2.2230	4.2875	0.4351	0.5936	0.1059	-0.7924	55.9174	16.9399	28.4161	15.9768	6.5940	4.5947	1.9993	2.9060	1.9088	0.9972	3.6880	2.6860	1.0020	3.0967	1.9432	1.1535	1.2726	1.2725	0.0001	1.8241	0.6707	1.1534	3.4860	3.0509	0.4351	0.2116	0.2013	0.0102	3.2745	2.8496	0.4249	1.5088	0.7706	0.7382	0.0929	0.0887	0.0042	1.4159	0.6818	0.7340	0.9216	0.5972	2.9406	1.0030	0.6611	4724.1385	0.8742	0.9582	1.5009	2.0524	2.5218	1.5625	13.6934	14.3406	0.0206	1.2883	0.9837	1.5713
1	112	0.2926	6	1	1	1	2	0	0	0	0	N	N	N	Y	N	N	N	N	N	N	N	N	0.0086	193138.5192	0.0000	15.3210	62048.1832	0.0000	0.0052	inf	0.0000	0.0982	0.1107	0.0000	0.1494	0.1506	0.0000	0.0694	0.0839	0.0000	11.4161	0.0000	37.0019	0.0098	0.0000	0.0914	13.4490	0.0000	40.9094	0.0000	35206791.4587	-0.0000	0.3690	55.9174	0.0019	28.4161	1.9928	0.0001	0.0001	0.0000	0.0001	0.0001	0.0000	0.0001	0.0001	0.0000	0.9928	0.0000	0.9928	0.0001	0.0000	0.0001	0.9927	0.0000	0.9927	0.0011	0.0010	0.0001	0.0004	0.0004	0.0000	0.0007	0.0006	0.0001	0.0870	0.0492	0.0378	0.0132	0.0116	0.0015	0.0738	0.0376	0.0362	0.0086	193138.5192	0.0000	21.9242	62048.1832	0.0000	0.0052	inf	0.0000	11.4161	0.0000	26.2775	0.0068	0.0000	0.0583	13.4490	0.0000	27.3887
1	113	0.2690	5	1	1	1	2	0	0	0	0	N	N	N	Y	N	N	N	N	N	N	N	N	33.5273	2901.5131	0.0026	1387.6453	1271.1768	0.0079	12.7272	757.5305	0.0029	1.2981	1.4854	0.0001	2.1701	2.2452	0.0000	1.1503	1.3403	0.0001	0.0387	0.0005	0.0336	0.0016	0.0018	0.0000	0.0904	0.0018	0.0319	0.0000	37.2972	-0.7566	0.0017	55.9174	8.6942	28.4161	6.0502	2.6350	2.6350	0.0000	0.6386	0.6386	0.0000	1.9964	1.9964	0.0000	0.0050	0.0001	0.0049	0.0001	0.0001	0.0000	0.0049	0.0000	0.0049	2.0298	1.7739	0.2559	0.2943	0.2844	0.0098	1.7355	1.4894	0.2461	0.6512	0.3499	0.3013	0.0780	0.0688	0.0092	0.5732	0.2811	0.2921	167.7610	3950.6780	0.0054	1387.6453	1271.1768	0.0079	134.0940	37762.9046	0.0054	0.0077	0.0004	0.0163	0.0016	0.0018	0.0000	0.0086	0.0000	0.0168
1	114	0.2901	9	0	1	1	2	0	0	0	0	N	N	N	Y	N	N	N	N	N	N	N	N	0.0000	0.0000	0.0000	0.0000	0.0000	0.0000	0.0000	0.0000	0.0000	0.0000	0.0000	0.0000	0.0000	0.0002	0.0004	0.0000	0.0004	0.0004	0.0000	0.0000	0.0000	0.0000	0.0000	0.0000	-0.0000	55.9174	0.0001	28.4161	0.0001	0.0000	0.0000	0.0000	0.0000	0.0000	0.0000	0.0000	0.0000	0.0000	0.0000	0.0000	0.0000	0.0000	0.0000	0.0000	0.0000	0.0000	0.0000	0.0000	0.0000	0.0000	0.0000	0.0000	0.0000	0.0000	0.0000	0.0000	0.0000	0.0000	0.0000	0.0000	0.0000	0.0000	0.0000	0.0000	0.0000	0.0000	0.0000	0.0000	0.0000	0.0000	0.0000	0.0000	0.0000	0.0000	0.0002	0.0003	0.0000	0.0004	0.0004	0.0000	0.0000	0.0000	0.0000						
1	115	0.2835	8	0	1	1	2	0	0	0	0	N	N	N	Y	N	N	N	N	N	N	N	N	3336.1607	0.0000	inf	0.0000	0.0000	inf	inf	1.5763	0.0000	13.1998	0.0000	0.0000	0.0000	1.8073	0.0000	13.9436	0.0005	0.0013	0.0000	0.0032	0.0042	0.0000	0.0000	0.0000	0.0000	inf	0.0000	0.7129	-0.0000	55.9174	3.0007	28.4161	1.0012	1.0000	0.0000	1.0000	0.0000	0.0000	0.0000	1.0000	0.0000	1.0000	0.0001	0.0001	0.0000	0.0001	0.0001	0.0000	0.0000	0.0000	0.0000	0.6344	0.5586	0.0758	0.0811	0.0770	0.0040	0.5533	0.4816	0.0717	0.1691	0.0902	0.0789	0.0190	0.0163	0.0027	0.1501	0.0739	0.0762	4444.5375	0.0000	inf	0.0000	0.0000	0.0000	inf	0.0000	inf	0.0004	0.0007	0.0000	0.0032	0.0037	0.0000	0.0000	0.0000	0.0000		
1	116	0.2816	7	0	0	1	2	0	0	0	0	N	N	N	Y	N	N	N	N	N	N	N	N	1696.9944	783.7770	101587.6451	761.9980	684.3577	inf	36011.4992	inf	105435.3619	0.0039	0.0033	0.0082	0.0153	0.0161	0.0000	0.0015	0.0004	0.0088	0.0000	0.0000	0.0000	0.0000	0.0000	0.0000	0.0000	0.0000	0.0000	0.3262	0.0168	-0.0000	-0.0000	55.9174	1.1177	28.4161	0.0023	0.0010	0.0007	0.0002	0.0007	0.0007	0.0000	0.0003	0.0001	0.0002	0.0000	0.0000	0.0000	0.0000	0.0000	0.0000	0.0000	0.0000	0.0000	0.2500	0.2210	0.0290	0.0424	0.0404	0.0020	0.2075	0.1806	0.0270	0.0476	0.0253	0.0222	0.0053	0.0045	0.0008	0.0423	0.0208	0.0215	1696.9944	783.7770	101587.6451	761.9980	684.3577	inf	36011.4992	inf	105435.3619	0.0000	0.0000	0.0000	0.0000	0.0000	0.0000	0.0000	0.0000	0.0000
1	117	0.2786	3	0	1	1	1	0	0	0	0	N	N	N	N	N	N	N	N	N	N	N	N	1.5089	1.3922	9.6362	2.6028	2.8783	0.0528	1.3078	50028.7071	13.1018	0.7286	0.6183	1.6192	1.5901	1.6736	0.0125	0.5222	0.3440	1.7744	0.4829	0.4441	0.1680	0.6109	0.5814	0.2362	0.3993	0.0000	0.1354	0.3244	1.4637	-0.2014	-0.0029	55.9174	31.2782	28.4161	23.9277	4.7734	3.6042	1.1692	2.0137	2.0129	0.0008	2.7597	1.5913	1.1684	0.0861	0.0350	0.0512	0.0386	0.0350	0.0037	0.0475	0.0000	0.0475	6.5513	5.8292	0.7221	1.2664	1.2028	0.0636	5.2849	4.6265	0.6585	2.3503	1.2896	1.0607	0.3434	0.3115	0.0319	2.0069	0.9781	1.0288	19.8859	22.8116	33.5701	14.1305	14.9122	0.1081	22.0750	29772938.0757	38.4521	0.0366	0.0271	0.0482	0.1125	0.1122	0.1155	0.0237	0.0000	0.0461
1	118	0.2816	7	0	0	2	2	0	0	0	0	N	N	Y	Y	N	N	N	N	N	N	N	N	8148118.2329	5029027.1130	173819.3193	33.1409	29.7567	inf	398508864.4579	inf	178145.0747	2.4053	2.7276	0.0023	0.0001	0.0001	0.0000	2.7961	3.2118	0.0025	0.0000	0.0000	0.0000	0.0000	0.0000	0.0000	0.0000	0.0000	0.0000	0.0001	0.0216	-0.5739	-0.0000	55.9174	3.8827	28.4161	2.9998	1.9997	1.9994	0.0002	0.0000	0.0000	0.0000	1.9996	1.9994	0.0002	0.0000	0.0000	0.0000	0.0000	0.0000	0.0000	0.0000	0.0000	0.0000	0.8314	0.7330	0.0983	0.1162	0.1105	0.0057	0.7152	0.6225	0.0926	0.2886	0.1538	0.1349	0.0321	0.0274	0.0047	0.2565	0.1263	0.1302	8148118.2329	5029027.1130	173819.3193	33.1409	29.7567	inf	398508864.4579	inf	178145.0747	0.0000	0.0000	0.0000	0.0000	0.0000	0.0000	0.0000	0.0000	0.0000
1	119	0.2787	6	0	0	1	2	0	0	0	0	N	N	N	Y	N	N	N	N	N	N	N	N	32466.9148	2230274.4192	70505.5821	1225.0724	1005.3370	inf	14555.1710	inf	75804.5308	2.6970	1.5187	12.4367	0.0039	0.0038	0.0074	3.5060	2.0147	13.8432	0.0001	0.0000	0.0002	0.0000	0.0000	0.0000	0.0002	0.0000	0.0002	0.9907	228.6838	0.4191	0.0000	55.9174	2.8083	28.4161	0.0030	1.9908	1.0000	0.9907	0.0007	0.0006	0.0001	1.9901	0.9994	0.9907	0.0000	0.0000	0.0000	0.0000	0.0000	0.0000	0.0000	0.0000	0.0000	0.7381	0.6585	0.0797	0.1705	0.1624	0.0081	0.5676	0.4961	0.0716	0.1202	0.0639	0.0564	0.0136	0.0116	0.0019	0.1067	0.0522	0.0545	32466.9148	2230274.4192	70505.5821	1225.0724	1005.3370	inf	37609.4063	inf	75804.5308	0.0001	0.0000	0.0002	0.0000	0.0000	0.0000	0.0001	0.0000	0.0002
1	120	0.2787	6	0	0	2	2	0	0	0	0	N	N	Y	Y	N	N	N	N	N	N	N	N	74.5554	inf	46.1114	inf	inf	5.5262	47.7466	0.0018	0.0018	0.0024	0.0099	0.0104	0.0000	0.0003	0.0000	0.0026	0.0000	0.0000	0.0001	0.0000	0.0000	0.0000	0.0001	0.0000	0.0001	0.1795	inf	-0.0005	0.0000	55.9174	9.6158	28.4161	0.0030	0.0039	0.0033	0.0006	0.0033	0.0033	0.0000	0.0006	0.0000	0.0006	0.0000	0.0000	0.0000	0.0000	0.0000	0.0000	0.0000	0.0000	0.0000	2.1374	1.8905	0.2469	0.3353	0.3187	0.0166	1.8021	1.5718	0.2303	0.4038	0.2143	0.1896	0.0448	0.0383	0.0065	0.3590	0.1759	0.1831	74.5554	inf	46.1114	inf	inf	0.0000	11.9624	0.0000	47.7466	0.0000	0.0000	0.0001	0.0000	0.0000	0.0000	0.0000	0.0000	0.0001		
1	121	0.2690	5	0	0	1	2	0	0	0	0	N	N	N	Y	N	N	N	N	N	N	N	N	258.2432	14.5433	2171.2762	16.5120	15.0879	6160.2958	196.7162	inf	2182.7297	0.3390	0.0061	2.5608	0.0201	0.0202	0.0153	0.4112	0.0024	2.6519	0.0013	0.0004	0.0012	0.0012	0.0013	0.0000	0.0021	0.0000	0.0012	63.0526	3.0397	0.2653	0.0000	55.9174	4.2457	28.4161	2.0144	0.3805	0.0059	0.3746	0.0042	0.0041	0.0001	0.3764	0.0019	0.3745	0.0002	0.0001	0.0002	0.0001	0.0001	0.0000	0.0002	0.0000	0.0002	1.1225	0.9762	0.1463	0.2073	0.2022	0.0051	0.9152	0.7740	0.1412	0.3008	0.1646	0.1362	0.0435	0.0395	0.0040	0.2573	0.1252	0.1322	477.8035	18.9651	2171.2762	16.5120	15.0879	6160.2958	658.9854	inf	2182.7297	0.0007	0.0003	0.0012	0.0012	0.0013	0.0000	0.0006	0.0000	0.0012
1	122	0.2269	4	0	0	1	2	0	0	0	0	N	N	N	Y	N	N	N	N	N	N	N	N	27.6954	226.5520	37.8648	61.1516	52.5915	46.2409	14.7522	88340.7182	47.6831	0.5392	0.5133	0.7220	0.6796	0.6995	0.0047	0.5195	0.4838	0.7431	0.0195	0.0023	0.0191	0.0111	0.0133	0.0001	0.0352	0.0000	0.0156	0.1993	9.6498	-0.1789	0.0016	55.9174	11.9190	28.4161	13.1740	1.4792	1.2334	0.2458	0.2300	0.2299	0.0000	1.2493	1.0035	0.2458	0.0057	0.0005	0.0051	0.0005	0.0005	0.0000	0.0051	0.0000	0.0051	2.7434	2.4029	0.3405	0.3384	0.3287	0.0097	2.4050	2.0742	0.3308	1.0616	0.5489	0.5127	0.0692	0.0622	0.0070	0.9924	0.4867	0.5057	101.0694	529.7758	72.1385	88.2997	81.7806	46.2409	100.4671	177665269.3328	73.2333	0.0053	0.0010	0.0100	0.0077	0.0086	0.0001	0.0052	0.0000	0.0101
1	123	0.6538	8	0	0	2	2	0	0	0	0	N	N	Y	Y	N	N	N	N	N	N	N	N	1133.0127	1182.0634	14.2064	2326.2233	2139.4804	0.0000	1.3790	0.0000	15.5153	0.6191	0.6867	0.0053	1.7381	1.8325	0.0000	0.0008	0.0000	0.0065	0.0005	0.0006	0.0004	0.0007	0.0009	0.0000	0.0006	0.0000	0.0004	0.0008	0.5784	-0.4948	-0.0001	55.9174	12.8936	28.4161	4.1514	1.7282	1.7267	0.0015	1.7267	1.7267	0.0000	0.0015	0.0000	0.0015	0.0002	0.0001	0.0001	0.0001	0.0001	0.0000	0.0001	0.0000	0.0001	2.7915	2.5146	0.2769	0.9934	0.9423	0.0511	1.7981	1.5723	0.2258	0.5546	0.3403	0.2143	0.1840	0.1605	0.0235	0.3706	0.1798	0.1908	1582.2475	1699.9270	14.2064	2326.2233	2139.4804	0.0000	3.7843	0.0000	15.5153	0.0004	0.0004	0.0004	0.0007	0.0009	0.0000	0.0002	0.0000	0.0004
1	124	0.2422	5	0	1	1	1	0	0	0	0	N	N	N	N	N	N	N	N	N	N	N	N	0.5472	0.0238	1.2931	0.0484	0.0512	0.1307	0.5373	0.6438	1.2860	0.7297	0.0010	6.1944	0.0074	0.0075	0.0066	0.8261	0.0000	6.4368	1.3335	0.0405	4.7903	0.1537	0.1460	0.0502	1.5376	0.0000	5.0051	856.8070	299.6959	1.4346	0.3664	55.9174	12.7386	28.4161	8.7370	2.0158	0.0023	2.0135	0.0024	0.0023	0.0001	2.0134	0.0000	2.0134	0.9947	0.0033	0.9914	0.0036	0.0033	0.0003	0.9911	0.0000	0.9911	2.7625	2.4375	0.3250	0.3254	0.3132	0.0123	2.4371	2.1243	0.3128	0.9366	0.4877	0.4489	0.0799	0.0730	0.0070	0.8567	0.4147	0.4420	0.6871	0.1421	2.8051	0.1662	0.1648	0.1695	0.7141	361.3332	2.8705	1.0620	0.0068	2.2083	0.0448	0.0453	0.0387	1.1569	0.0000	2.2424
1	125	0.2269	4	0	1	1	1	0	0	0	0	N	N	N	N	N	N	N	N	N	N	N	N	0.3491	0.0219	3.4999	0.0639	0.0621	2.0006	0.3699	0.0048	4.4918	0.1908	0.0063	1.4836	0.0372	0.0380	0.0070	0.2157	0.0005	1.5248	0.5465	0.2891	0.4239	0.5826	0.6119	0.0035	0.5830	0.1009	0.3395	33.4853	4.1398	0.2734	0.0037	55.9174	8.6431	28.4161	1.4782	0.3998	0.0116	0.3882	0.0109	0.0108	0.0000	0.3889	0.0008	0.3881	0.0209	0.0041	0.0169	0.0037	0.0037	0.0000	0.0172	0.0004	0.0169	2.0957	1.8340	0.2616	0.2924	0.2853	0.0071	1.8033	1.5487	0.2545	0.4521	0.2347	0.2175	0.0341	0.0312	0.0030	0.4180	0.2035	0.2145	4.1201	0.3642	19.1356	0.3429	0.3203	2.0006	5.2327	0.2635	19.4101	0.0463	0.0174	0.0775	0.1086	0.1186	0.0035	0.0412	0.0018	0.0786
1	126	0.2173	3	0	0	1	1	0	0	0	0	N	N	N	N	N	N	N	N	N	N	N	N	2.8642	1.2466	14.2252	5.3426	5.4208	0.3684	2.4062	0.8712	17.6784	1.9059	0.5363	12.8678	2.9524	3.0008	0.0173	1.7070	0.0074	13.1747	0.6654	0.4302	0.9046	0.5526	0.5536	0.0470	0.7094	0.0085	0.7452	2.9979	3.5665	0.9897	0.0036	55.9174	4.1618	28.4161	2.0491	2.1387	0.5350	1.6038	0.5289	0.5289	0.0001	1.6098	0.0061	1.6037	0.0233	0.0051	0.0182	0.0051	0.0050	0.0001	0.0181	0.0000	0.0181	1.1222	0.9976	0.1246	0.1791	0.1762	0.0029	0.9430	0.8213	0.1217	0.3419	0.1951	0.1468	0.0494	0.0474	0.0020	0.2926	0.1477	0.1448	28.0122	20.5410	103.9637	28.4736	28.1837	0.4640	27.5238	21.9458	105.4328	0.0680	0.0261	0.1238	0.1037	0.1065	0.0373	0.0620	0.0003	0.1250
1	127	0.1882	2	0	0	1	1	0	0	0	0	N	N	N	N	N	N	N	N	N	N	N	N	0.2576	65.2048	0.3600	245.1413	289.6202	0.0000	0.1692	0.0917	0.3405	0.7443	0.2751	4.0076	3.9590	4.1604	0.0000	0.5366	0.0003	4.1036	2.8895	0.0042	11.1311	0.0161	0.0144	0.0609	3.1715	0.0029	12.0498	2.0948	3532.5389	0.5770	0.9231	55.9174	9.4810	28.4161	7.4917	1.4804	0.4784	1.0021	0.4779	0.4779	0.0000	1.0025	0.0004	1.0021	2.4857	0.0007	2.4850	0.0008	0.0007	0.0001	2.4850	0.0000	2.4849	1.9889	1.7389	0.2500	0.1207	0.1149	0.0058	1.8682	1.6240	0.2442	0.8603	0.4500	0.4103	0.0767	0.0745	0.0022	0.7835	0.3755	0.4080	0.2576	175.9726	0.6616	391.6621	460.7343	0.0000	0.1692	3.1877	0.6738	2.8895	0.0016	6.0571	0.0101	0.0090	0.0459	3.1715	0.0001	6.0902
1	128	0.6661	9	1	1	1	1	0	0	0	0	N	N	N	N	N	N	N	N	N	N	N	N	2430.4175	1703.0640	2485.3302	2295.8399	0.0002	0.0002	0.0000	0.0005	0.0005	0.0000	0.0000	0.0000	0.0000	0.0000	0.0000	0.0000	0.0000	0.0000	0.0000	0.0000	0.0000	0.0000	0.0000	0.0000	-0.0000	-0.0000	55.9174	2.0107	28.4161	1.9995	0.0001	0.0001	0.0000	0.0001	0.0001	0.0000	0.0000	0.0000	0.0000	0.0000	0.0000	0.0000	0.0000	0.0000	0.0000	0.0000	0.0000	0.0000	0.4075	0.3647	0.0428	0.1418	0.1337	0.0080	0.2657	0.2309	0.0347	0.1245	0.0781	0.0464	0.0443	0.0386	0.0057	0.0802	0.0395	0.0407	2430.4175	1703.0640	0.0000	2485.3302	2295.8399	0.0000	0.0000	0.0000	0.0000	0.0000	0.0000	0.0000	0.0000	0.0000	0.0000	0.0000	0.0000	0.0000					
1	129	0.6538	8	1	1	1	1	0	0	0	0	N	N	N	N	N	N	N	N	N	N	N	N	512.2826	471.3796	0.0004	1427.2650	1320.9195	0.0000	0.0000	0.0004	0.9253	1.0207	0.0000	2.4057	2.5208	0.0000	0.0000	0.0000	0.0000	0.0018	0.0022	0.0009	0.0017	0.0019	0.0000	0.0016	0.0000	0.0010	0.0000	0.5784	-0.3652	-0.0001	55.9174	5.6459	28.4161	1.1399	1.2718	1.2718	0.0000	1.2718	1.2718	0.0000	0.0000	0.0000	0.0000	0.0002	0.0001	0.0001	0.0001	0.0001	0.0000	0.0001	0.0000	0.0001	1.3745	1.2459	0.1285	0.5287	0.5045	0.0241	0.8458	0.7414	0.1044	0.2386	0.1458	0.0929	0.0816	0.0720	0.0095	0.1570	0.0737	0.0833	1017.4246	1082.1532	0.0004	1427.2650	1320.9195	0.0000	0.0001	0.0000	0.0004	0.0009	0.0009	0.0009	0.0017	0.0019	0.0000	0.0005	0.0000	0.0010	
1	130	0.6235	7	0	0	1	1	0	0	0	0	N	N	N	N	N	N	N	N	N	N	N	N	0.4926	0.9210	0.0092	7.2021	6.8370	0.5437	0.0021	0.0023	0.0112	0.3127	0.3473	0.0082	0.7940	0.8399	0.0011	0.0016	0.0003	0.0101	0.6348	0.3771	0.8901	0.1102	0.1228	0.0020	0.7719	0.1423	0.9032	0.0027	3.5185	-0.2631	0.0064	55.9174	11.6079	28.4161	5.3766	0.9250	0.9226	0.0025	0.9221	0.9221	0.0001	0.0029	0.0005	0.0024	0.0427	0.0095	0.0333	0.0091	0.0090	0.0000	0.0337	0.0004	0.0332	2.9579	2.6563	0.3016	1.1614	1.0978	0.0636	1.7966	1.5585	0.2381	0.6928	0.4192	0.2735	0.2391	0.2151	0.0239	0.4537	0.2041	0.2496	5.0704	15.3976	0.0674	20.9525	20.0537	0.5437	0.0218	0.1466	0.0758	0.0617	0.0226	0.1216	0.0379	0.0419	0.0020	0.0742	0.0022	0.1331
1	131	0.6056	6	0	0	1	1	0	0	0	0	N	N	N	N	N	N	N	N	N	N	N	N	0.7166	0.2287	3.6372	0.2950	0.2981	11.9899	0.9478	0.0016	4.4804	0.9272	0.3879	5.8930	0.9480	0.9839	0.1686	0.9150	0.0019	7.0374	1.2940	1.6964	1.6202	3.2133	3.3006	0.0141	0.9654	1.1803	1.5707	1.6501	0.0844	0.3286	-0.3668	55.9174	3.9355	28.4161	8.7078	0.9795	0.3696	0.6099	0.3714	0.3685	0.0029	0.6081	0.0011	0.6070	0.6663	0.6145	0.0519	0.6024	0.6022	0.0003	0.0639	0.0123	0.0516	1.0563	0.9528	0.1035	0.3918	0.3745	0.0172	0.6646	0.5783	0.0862	0.6855	0.4356	0.2499	0.2617	0.2415	0.0202	0.4238	0.1941	0.2297	0.9539	0.2750	28.3923	0.4119	0.3946	11.9899	6.0693	0.0303	31.3356	0.9720	1.4105	0.2076	2.3019	2.4933	0.0141	0.1508	0.0634	0.2246
1	132	0.5940	5	0	0	1	1	0	0	0	0	N	N	N	N	N	N	N	N	N	N	N	N	0.2287	0.0061	1.4632	0.0060	0.0056	0.0685	0.4352	0.0037	1.8157	0.2957	0.0103	2.8975	0.0186	0.0178	0.0361	0.4519	0.0056	3.4578	1.2934	1.6913	1.9803	3.1045	3.1761	0.5273	1.0384	1.5126	1.9044	30.9418	0.1154	0.3310	-0.2762	55.9174	6.2657	28.4161	3.9760	0.4857	0.0152	0.4705	0.0110	0.0101	0.0010	0.4746	0.0051	0.4695	0.5263	0.4718	0.0544	0.4558	0.4519	0.0039	0.0705	0.0199	0.0505	1.6422	1.4799	0.1624	0.5920	0.5654	0.0266	1.0503	0.9145	0.1358	0.5451	0.3452	0.1999	0.2116	0.1916	0.0199	0.3336	0.1536	0.1800	0.3063	0.0075	10.6415	0.0086	0.0075	0.1845	2.1390	0.0433	12.3157	0.9654	1.3668	0.2723	2.1543	2.3582	0.1958	0.2113	0.1298	0.2808
1	133	0.5167	4	0	0	1	1	0	0	0	0	N	N	N	N	N	N	N	N	N	N	N	N	0.2569	0.2189	0.3750	0.0605	0.0621	0.0594	0.4958	0.7241	0.6661	0.2079	0.2173	0.1266	0.0811	0.0847	0.0164	0.2639	0.2811	0.1464	0.8090	0.9928	0.3376	1.3409	1.3648	0.2756	0.5323	0.3882	0.2198	0.0680	0.2777	-0.2708	-0.1031	55.9174	26.7012	28.4161	18.2690	1.2120	1.1348	0.0772	0.1451	0.1436	0.0015	1.0669	0.9913	0.0757	0.2509	0.1964	0.0545	0.2013	0.1929	0.0084	0.0496	0.0035	0.0461	5.8312	5.2214	0.6098	1.7883	1.6954	0.0930	4.0428	3.5260	0.5168	2.0807	1.2750	0.8057	0.6850	0.6190	0.0659	1.3957	0.6560	0.7397	1.7237	1.4112	1.8705	0.2761	0.2718	0.1278	7.4273	52.5673	2.3505	0.1206	0.1540	0.0677	0.2939	0.3116	0.1281	0.0355	0.0053	0.0623
1	134	0.2786	3	0	0	1	1	0	0	0	0	N	N	N	N	N	N	N	N	N	N	N	N	0.3808	0.3089	0.3648	0.1863	0.1900	0.3293	0.3485	0.2822	0.3819	0.4713	0.3385	1.5364	0.4163	0.4396	0.0123	0.4832	0.3150	1.6822	1.2377	1.0960	4.2116	2.2340	2.3135	0.0375	1.3867	1.1163	4.4042	0.5659	6.4483	0.4032	0.8296	55.9174	61.4372	28.4161	55.8589	5.4291	3.4670	1.9620	0.8504	0.8490	0.0014	4.5787	2.6181	1.9607	3.4945	0.4692	3.0254	0.3727	0.3712	0.0015	3.1218	0.0980	3.0239	11.5186	10.2415	1.2770	2.0427	1.9312	0.1115	9.4758	8.3103	1.1655	4.0707	2.1851	1.8856	0.4452	0.3977	0.0476	3.6254	1.7875	1.8380	0.5490	1.5767	0.9576	0.4973	0.4710	0.3878	0.5611	5.7464	1.0225	0.8585	0.2147	1.6045	0.8371	0.9334	0.0318	0.8611	0.0548	1.6452
1	135	0.1882	2	0	0	1	1	0	0	0	0	N	N	N	N	N	N	N	N	N	N	N	N	1.1780	2.2215	0.9873	46.0086	49.2721	0.0019	0.8034	0.7241	0.9787	1.6275	1.1600	4.9576	7.4764	7.8560	0.0000	1.2489	0.6871	5.0788	1.3816	0.5222	5.0212	0.1625	0.1594	0.0190	1.5545	0.9488	5.1893	0.5999	62.1136	0.9004	0.8885	55.9174	31.7621	28.4161	18.5886	10.2515	6.4075	3.8440	2.8628	2.8628	0.0000	7.3886	3.5447	3.8440	2.4970	0.0396	2.4575	0.0050	0.0049	0.0001	2.4920	0.0347	2.4574	6.2988	5.5235	0.7754	0.3829	0.3644	0.0185	5.9159	5.1591	0.7569	2.1672	1.0984	1.0688	0.1097	0.1035	0.0062	2.0576	0.9950	1.0626	1.4126	32.2063	2.1562	163.1333	165.6179	0.0019	1.0312	19.7252	2.1962	1.1522	0.0360	2.2993	0.0458	0.0474	0.0190	1.2111	0.0348	2.3125
2	3	0.4019	10	1	0	1	1	0	0	0	0	N	N	N	N	N	N	N	N	N	N	N	N	0.3153	0.1699	0.0000	0.0726	0.0658	2.8955	0.1263	0.0000	0.0002	0.0002	0.0000	0.0001	0.0001	0.0000	0.0003	0.0003	0.0000	0.0006	0.0012	0.0000	0.0011	0.0012	0.0000	0.0001	0.0027	0.0000	0.0000	0.0012	-0.0000	-0.0000	1.7046	4.7526	4.0008	2.9435	0.0000	0.0000	0.0000	0.0000	0.0000	0.0000	0.0000	0.0000	0.0000	0.0000	0.0000	0.0000	0.0000	0.0000	0.0000	0.0000	0.0000	0.0000	0.0695	0.0644	0.0051	0.0366	0.0356	0.0010	0.0329	0.0289	0.0041	0.0267	0.0175	0.0092	0.0094	0.0083	0.0011	0.0173	0.0092	0.0081	0.4477	0.3170	0.0000	0.0726	0.0658	0.0000	7.3979	4.5873	0.0000	0.0004	0.0006	0.0000	0.0011	0.0012	0.0000	0.0000	0.0001	0.0000	
2	4	0.2852	6	0	1	0	1	0	0	0	0	N	N	N	N	N	N	N	N	N	N	N	N	0.0910	0.0306	22.7969	0.1139	0.0968	1.5817	0.0319	0.0001	115.5461	0.0006	0.0005	0.0016	0.0008	0.0008	0.0027	0.0002	0.0000	0.0013	0.0061	0.0153	0.0001	0.0074	0.0081	0.0017	0.0060	0.2354	0.0000	0.2792	0.0145	-0.0000	-0.0002	1.7046	28.2678	4.0008	13.1235	0.0002	0.0001	0.0000	0.0002	0.0001	0.0000	0.0000	0.0000	0.0000	0.0003	0.0003	0.0000	0.0001	0.0001	0.0000	0.0002	0.0002	0.0000	0.3228	0.2988	0.0240	0.1820	0.1766	0.0054	0.1408	0.1222	0.0186	0.1289	0.0715	0.0574	0.0235	0.0215	0.0020	0.1054	0.0500	0.0554	0.2492	0.1184	22.7969	0.1521	0.1330	1.5817	0.1268	0.0060	115.5461	0.0022	0.0040	0.0001	0.0055	0.0059	0.0017	0.0015	0.0031	0.0000
2	5	0.3278	7	0	0	1	2	0	0	0	0	N	N	N	Y	N	N	N	N	N	N	N	N	5.7521	2.7957	241.5197	3.9278	3.4437	0.0720	662.8615	22.4292	471.0273	0.0146	0.0156	0.0007	0.0222	0.0229	0.0000	0.0007	0.0007	0.0010	0.0025	0.0056	0.0000	0.0056	0.0066	0.0000	0.0000	0.0000	0.0000	0.0032	0.0010	-0.0009	-0.0001	1.7046	15.6542	4.0008	8.9658	0.0032	0.0032	0.0000	0.0032	0.0032	0.0000	0.0001	0.0000	0.0000	0.0001	0.0001	0.0000	0.0001	0.0001	0.0000	0.0000	0.0000	0.0000	0.2191	0.2043	0.0148	0.1421	0.1378	0.0044	0.0770	0.0666	0.0104	0.0770	0.0460	0.0310	0.0187	0.0169	0.0018	0.0582	0.0291	0.0292	12.8951	8.2420	241.5197	4.7611	4.4365	0.0720	662.8615	8485.3613	471.0273	0.0011	0.0019	0.0000	0.0047	0.0052	0.0000	0.0000	0.0000	0.0000
2	6	0.5945	7	1	1	0	1	0	0	0	0	N	N	N	N	N	N	N	N	N	N	N	N	0.2939	0.0024	40.2546	0.0040	0.0034	0.2277	1.7161	0.0000	49.2488	0.0001	0.0000	0.0011	0.0000	0.0000	0.0000	0.0002	0.0000	0.0015	0.0003	0.0006	0.0000	0.0006	0.0007	0.0000	0.0001	0.0023	0.0000	64.8966	0.0410	0.0000	-0.0000	1.7046	12.5370	4.0008	4.3273	0.0000	0.0000	0.0000	0.0000	0.0000	0.0000	0.0000	0.0000	0.0000	0.0000	0.0000	0.0000	0.0000	0.0000	0.0000	0.0000	0.0000	0.0000	0.1226	0.1131	0.0095	0.0714	0.0688	0.0027	0.0511	0.0443	0.0068	0.0422	0.0259	0.0163	0.0176	0.0148	0.0029	0.0246	0.0111	0.0135	0.3222	0.0034	40.2546	0.0040	0.0034	0.2277	4.4243	0.0000	49.2488	0.0003	0.0004	0.0000	0.0006	0.0007	0.0000	0.0000	0.0001	0.0000
2	7	0.4214	11	1	0	1	1	0	0	0	0	N	N	N	N	N	N	N	N	N	N	N	N	0.0035	0.0018	1.0590	0.0107	0.0097	0.0000	0.0001	0.0000	1.5811	0.0000	0.0000	0.0000	0.0000	0.0000	0.0000	0.0000	0.0000	0.0000	0.0009	0.0019	0.0000	0.0005	0.0006	0.0000	0.0020	0.0446	0.0000	0.0404	0.0009	-0.0000	-0.0000	1.7046	3.5884	4.0008	2.8705	0.0000	0.0000	0.0000	0.0000	0.0000	0.0000	0.0000	0.0000	0.0000	0.0000	0.0000	0.0000	0.0000	0.0000	0.0000	0.0000	0.0000	0.0000	0.0373	0.0342	0.0030	0.0215	0.0208	0.0007	0.0158	0.0135	0.0023	0.0244	0.0161	0.0083	0.0097	0.0086	0.0012	0.0147	0.0075	0.0072	0.0058	0.0040	1.0590	0.0107	0.0097	0.0000	0.0004	0.0000	1.5811	0.0006	0.0009	0.0000	0.0005	0.0006	0.0000	0.0006	0.0012	0.0000
2	8	0.3077	8	1	1	0	2	0	0	0	0	N	N	N	Y	N	N	N	N	N	N	N	N	0.0009	0.0005	0.0000	0.0000	0.0031	0.0001	0.0000	0.0000	0.0000	0.0000	0.0000	0.0000	0.0000	0.0000	0.0000	0.0001	0.0003	0.0000	0.0004	0.0005	0.0000	0.0001	0.0027	0.0000	0.0000	0.0000	-0.0000	-0.0000	1.7046	0.9985	4.0008	0.0096	0.0000	0.0000	0.0000	0.0000	0.0000	0.0000	0.0000	0.0000	0.0000	0.0000	0.0000	0.0000	0.0000	0.0000	0.0000	0.0000	0.0000	0.0000	0.0124	0.0115	0.0009	0.0070	0.0068	0.0002	0.0054	0.0046	0.0007	0.0034	0.0021	0.0013	0.0009	0.0008	0.0001	0.0024	0.0013	0.0012	0.0009	0.0006	0.0000	0.0000	0.0000	0.0000	0.0076	0.0045	0.0000	0.0001	0.0002	0.0000	0.0004	0.0005	0.0000	0.0000	0.0001	0.0000			
2	9	0.3704	9	1	0	1	1	0	0	0	0	N	N	N	N	N	N	N	N	N	N	N	N	0.0002	0.0001	0.2993	0.0015	0.0010	1.2937	0.0000	0.0000	0.0000	0.0000	0.0000	0.0000	0.0000	0.0000	0.0000	0.0000	0.0000	0.0000	0.0024	0.0051	0.0000	0.0007	0.0008	0.0000	0.0050	0.1752	0.0000	0.4078	0.0022	0.0000	-0.0000	1.7046	6.0952	4.0008	6.8339	0.0000	0.0000	0.0000	0.0000	0.0000	0.0000	0.0000	0.0000	0.0000	0.0000	0.0000	0.0000	0.0000	0.0000	0.0000	0.0000	0.0000	0.0000	0.0666	0.0609	0.0056	0.0338	0.0324	0.0014	0.0327	0.0285	0.0042	0.0454	0.0280	0.0174	0.0137	0.0118	0.0018	0.0317	0.0162	0.0156	0.0005	0.0002	0.2993	0.0015	0.0010	1.2937	0.0000	0.0000	0.0000	0.0011	0.0018	0.0000	0.0007	0.0008	0.0000	0.0013	0.0025	0.0000
2	10	0.2610	8	0	0	1	1	0	0	0	0	N	N	N	N	N	N	N	N	N	N	N	N	0.0190	0.0000	7031.8829	0.0290	0.0234	0.0179	0.0000	8842.1893	0.0003	0.0000	0.0042	0.0000	0.0000	0.0000	0.0008	0.0000	0.0056	0.0167	0.0833	0.0000	0.0000	0.0000	0.0000	0.0432	0.6677	0.0000	5474.0000	0.0001	0.0000	-0.0001	1.7046	1.9784	4.0008	5.0323	0.0000	0.0000	0.0000	0.0000	0.0000	0.0000	0.0000	0.0000	0.0000	0.0001	0.0001	0.0000	0.0000	0.0000	0.0000	0.0001	0.0001	0.0000	0.0310	0.0286	0.0023	0.0182	0.0176	0.0006	0.0128	0.0110	0.0018	0.0226	0.0122	0.0104	0.0047	0.0041	0.0006	0.0179	0.0082	0.0097	0.0655	0.0000	7031.8829	0.0290	0.0234	0.0000	0.1260	0.0000	8842.1893	0.0049	0.0090	0.0000	0.0000	0.0000	0.0000	0.0061	0.0134	0.0000	
2	11	0.2711	6	0	0	1	1	0	0	0	0	N	N	N	N	N	N	N	N	N	N	N	N	2220.5536	976.5317	2.0662	2344.9976	2274.4932	0.0000	14.1443	0.8286	36.7740	1.5962	1.7257	0.0000	2.8335	2.9225	0.0000	0.0134	0.0154	0.0000	0.0007	0.0018	0.0000	0.0012	0.0013	0.0003	0.0009	0.0186	0.0000	0.0000	0.0107	-0.1969	-0.0000	1.7046	39.9843	4.0008	13.6191	0.6856	0.6856	0.0000	0.6831	0.6831	0.0000	0.0025	0.0025	0.0000	0.0001	0.0001	0.0000	0.0000	0.0000	0.0000	0.0000	0.0000	0.0000	0.4295	0.3973	0.0322	0.2411	0.2337	0.0073	0.1885	0.1636	0.0249	0.1530	0.0834	0.0696	0.0247	0.0227	0.0020	0.1283	0.0607	0.0676	3496.2218	2082.3352	2.0662	2344.9976	2274.4932	0.0000	42.8975	23.4135	36.7740	0.0005	0.0008	0.0000	0.0012	0.0013	0.0003	0.0003	0.0007	0.0000
2	12	0.3328	6	1	1	0	1	0	0	0	0	N	N	N	N	N	N	N	N	N	N	N	N	2982.9407	1270.6955	0.6502	2518.8099	2169.9626	8.9343	0.5090	0.7289	1.3649	1.4163	0.0000	1.7277	1.7453	0.0000	0.0056	0.0065	0.0000	0.0005	0.0011	0.0000	0.0007	0.0008	0.0000	0.0006	0.0127	0.0000	0.0000	0.0006	-0.1454	-0.0000	1.7046	16.7672	4.0008	6.4850	0.5064	0.5064	0.0000	0.5059	0.5059	0.0000	0.0004	0.0004	0.0000	0.0000	0.0000	0.0000	0.0000	0.0000	0.0000	0.0000	0.0000	0.0000	0.3710	0.3576	0.0135	0.2928	0.2899	0.0029	0.0782	0.0677	0.0105	0.0761	0.0437	0.0325	0.0204	0.0174	0.0030	0.0558	0.0263	0.0295	3913.5887	2331.2224	0.6502	2518.8099	2169.9626	0.0000	24.8364	13.5574	0.7289	0.0003	0.0006	0.0000	0.0007	0.0008	0.0000	0.0002	0.0005	0.0000	
2	13	0.3004	11	0	0	1	2	0	0	0	0	N	N	N	Y	N	N	N	N	N	N	N	N	0.0000	0.0000	0.0000	0.0000	0.0000	0.0000	0.0000	0.0000	0.0000	0.0000	0.0000	0.0000	0.0000	0.0000	0.0000	0.0000	0.0000	0.0000	0.0000	0.0000	1.7046	0.0001	4.0008	1.0001	0.0000	0.0000	0.0000	0.0000	0.0000	0.0000	0.0000	0.0000	0.0000	0.0000	0.0000	0.0000	0.0000	0.0000	0.0000	0.0000	0.0000	0.0000	0.0000	0.0000	0.0000	0.0000	0.0000	0.0000	0.0000	0.0000	0.0000	0.0032	0.0018	0.0013	0.0007	0.0006	0.0001	0.0024	0.0012	0.0012	0.0000	0.0000	0.0000	0.0000	0.0000	0.0000	0.0000	0.0000	0.0000	0.0000	0.0000	0.0000	0.0000	0.0000	0.0000	0.0000	0.0000	0.0000											
2	14	0.3579	8	0	1	0	1	0	0	0	0	N	N	N	N	N	N	N	N	N	N	N	N	626.4135	339.4853	3590.3746	268.8132	248.8932	1171.2860	4578.6103	0.0001	0.0001	0.0006	0.0001	0.0001	0.0000	0.0001	0.0000	0.0008	0.0000	0.0000	0.0000	0.0000	0.0000	0.0000	0.0000	0.0000	0.0000	0.9986	0.7632	0.0000	-0.0000	1.7046	20.9564	4.0008	6.0714	0.0000	0.0000	0.0000	0.0000	0.0000	0.0000	0.0000	0.0000	0.0000	0.0000	0.0000	0.0000	0.0000	0.0000	0.0000	0.0000	0.0000	0.0000	0.1771	0.1614	0.0157	0.0841	0.0809	0.0032	0.0929	0.0804	0.0125	0.0743	0.0416	0.0327	0.0187	0.0153	0.0035	0.0555	0.0263	0.0292	626.4135	339.4853	3590.3746	268.8132	248.8932	0.0000	1171.2860	0.0000	4578.6103	0.0000	0.0000	0.0000	0.0000	0.0000	0.0000	0.0000	0.0000	0.0000		
2	15	0.3004	11	0	0	0	2	0	0	0	0	N	N	N	Y	N	N	N	N	N	N	N	N	0.0000	0.0000	0.0000	0.0000	0.0000	0.0000	0.0000	0.0000	0.0000	0.0000	0.0000	0.0000	0.0000	0.0000	0.0000	0.0000	0.0000	0.0000	0.0000	0.0000	1.7046	0.0001	4.0008	6.0018	0.0000	0.0000	0.0000	0.0000	0.0000	0.0000	0.0000	0.0000	0.0000	0.0000	0.0000	0.0000	0.0000	0.0000	0.0000	0.0000	0.0000	0.0000	0.0000	0.0000	0.0000	0.0000	0.0000	0.0000	0.0000	0.0000	0.0000	0.0186	0.0109	0.0077	0.0042	0.0037	0.0005	0.0144	0.0071	0.0073	0.0000	0.0000	0.0000	0.0000	0.0000	0.0000	0.0000	0.0000	0.0000	0.0000	0.0000	0.0000	0.0000	0.0000	0.0000	0.0000	0.0000	0.0000											
2	16	0.2986	10	0	0	0	2	0	0	0	0	N	N	N	Y	N	N	N	N	N	N	N	N	0.0000	0.0000	0.0000	0.0000	0.0000	0.0000	0.0000	0.0000	0.0000	0.0000	0.0000	0.0000	0.0000	0.0000	0.0000	0.0000	0.0000	0.0000	0.0000	0.0000	1.7046	1.0007	4.0008	1.0009	0.0000	0.0000	0.0000	0.0000	0.0000	0.0000	0.0000	0.0000	0.0000	0.0000	0.0000	0.0000	0.0000	0.0000	0.0000	0.0000	0.0000	0.0000	0.0123	0.0114	0.0009	0.0071	0.0070	0.0002	0.0051	0.0044	0.0007	0.0063	0.0037	0.0026	0.0014	0.0012	0.0002	0.0049	0.0024	0.0024	0.0000	0.0000	0.0000	0.0000	0.0000	0.0000	0.0000	0.0000	0.0000	0.0000	0.0000	0.0000	0.0000	0.0000	0.0000	0.0000	0.0000	0.0000											
2	17	0.4573	10	0	1	0	2	0	0	0	0	N	N	N	Y	N	N	N	N	N	N	N	N	7675007.0098	5181623.7025	0.0000	2383153.0562	2214732.3656	24929.3560	inf	0.0000	6.1095	6.4900	0.0000	8.9870	9.2075	0.0000	0.0025	0.0029	0.0000	0.0000	0.0000	0.0000	0.0000	0.0000	0.0000	0.0000	0.0000	0.0000	0.0000	0.1343	-0.1970	-0.0000	1.7046	8.1476	4.0008	4.0573	0.6862	0.6862	0.0000	0.6861	0.6861	0.0000	0.0001	0.0001	0.0000	0.0000	0.0000	0.0000	0.0000	0.0000	0.0000	0.0000	0.0000	0.0000	0.1123	0.1057	0.0066	0.0763	0.0745	0.0018	0.0360	0.0312	0.0048	0.0308	0.0172	0.0135	0.0058	0.0052	0.0006	0.0249	0.0120	0.0129	7675007.0098	5181623.7025	0.0000	2383153.0562	2214732.3656	0.0000	24929.3560	inf	0.0000	0.0000	0.0000	0.0000	0.0000	0.0000	0.0000	0.0000	0.0000	0.0000	
2	18	0.2915	8	0	1	0	1	0	0	0	0	N	N	N	N	N	N	N	N	N	N	N	N	0.0000	0.0000	0.0000	0.0000	0.0000	0.0000	0.0001	0.0001	0.0000	0.0001	0.0001	0.0000	0.0000	0.0000	0.0000	1.2041	1.6863	0.0000	3.7087	3.9533	0.0000	0.1009	0.7743	0.0000	0.0000	0.0000	-0.0000	-0.0436	1.7046	12.7610	4.0008	15.2058	0.0000	0.0000	0.0000	0.0000	0.0000	0.0000	0.0000	0.0000	0.0000	0.0695	0.0695	0.0000	0.0688	0.0688	0.0000	0.0006	0.0006	0.0000	0.1168	0.1057	0.0111	0.0527	0.0508	0.0019	0.0641	0.0549	0.0092	0.0909	0.0521	0.0388	0.0238	0.0199	0.0039	0.0670	0.0322	0.0348	0.0001	0.0000	0.0000	0.0000	0.0000	0.0000	0.0000	0.0000	0.0000	0.7644	1.3332	0.0000	2.8884	3.4603	0.0000	0.0092	0.0192	0.0000			
2	19	0.3053	11	0	1	0	2	0	0	0	0	N	N	N	Y	N	N	N	N	N	N	N	N	0.0000	0.0000	0.0000	0.0000	0.0000	0.0000	0.0000	0.0000	0.0000	0.0000	0.0000	0.0000	0.0000	0.0000	0.0000	0.0000	0.0000	0.0000	0.0000	0.0000	1.7046	3.0000	4.0008	1.0000	0.0000	0.0000	0.0000	0.0000	0.0000	0.0000	0.0000	0.0000	0.0000	0.0000	0.0000	0.0000	0.0000	0.0000	0.0000	0.0000	0.0000	0.0000	0.0364	0.0338	0.0026	0.0212	0.0207	0.0005	0.0152	0.0131	0.0020	0.0123	0.0072	0.0051	0.0028	0.0024	0.0003	0.0096	0.0048	0.0048	0.0000	0.0000	0.0000	0.0000	0.0000	0.0000	0.0000	0.0000	0.0000	0.0000	0.0000	0.0000	0.0000	0.0000	0.0000	0.0000	0.0000	0.0000											
2	20	0.6690	10	0	1	0	2	0	0	0	0	N	N	N	Y	N	N	N	N	N	N	N	N	0.0000	0.0000	0.0000	0.0000	0.0000	0.0000	0.0000	0.0000	0.0000	0.0000	0.0000	0.0000	0.0000	0.0000	0.0000	0.0000	0.0000	0.0000	0.0000	0.0000	0.0000	0.0000	0.0000	0.0000	0.0000	1.6207	0.0000	-0.0000	1.7046	9.0824	4.0008	4.8637	0.0000	0.0000	0.0000	0.0000	0.0000	0.0000	0.0000	0.0000	0.0000	0.0000	0.0000	0.0000	0.0000	0.0000	0.0000	0.0000	0.0000	0.0000	0.0863	0.0796	0.0068	0.0482	0.0465	0.0017	0.0382	0.0331	0.0050	0.0304	0.0190	0.0113	0.0115	0.0100	0.0014	0.0189	0.0090	0.0099	0.0000	0.0000	0.0000	0.0000	0.0000	0.0000	0.0000	0.0000	0.0000	0.0000	0.0000	0.0000	0.0000	0.0000	0.0000	0.0000	0.0000	0.0000			
2	21	0.2888	7	1	1	0	1	0	0	0	0	N	N	N	N	N	N	N	N	N	N	N	N	0.0448	0.0580	0.0000	0.1228	0.0969	0.0000	0.0002	0.0008	0.0000	0.0002	0.0002	0.0000	0.0004	0.0004	0.0000	0.0000	0.0000	0.0000	0.0051	0.0042	0.0025	0.0032	0.0041	0.0000	0.0060	0.0020	0.0027	0.0000	1.2127	-0.0000	-0.0000	1.7046	5.0072	4.0008	8.1033	0.0000	0.0000	0.0000	0.0000	0.0000	0.0000	0.0000	0.0000	0.0000	0.0001	0.0000	0.0000	0.0000	0.0000	0.0000	0.0000	0.0000	0.0000	0.0606	0.0562	0.0044	0.0353	0.0343	0.0009	0.0253	0.0219	0.0034	0.0452	0.0254	0.0198	0.0124	0.0107	0.0017	0.0327	0.0147	0.0180	0.1165	0.1561	0.0000	0.1238	0.1093	0.0000	0.0009	0.0337	0.0000	0.0020	0.0016	0.0025	0.0032	0.0037	0.0000	0.0015	0.0000	0.0027
2	22	0.2573	7	0	1	0	1	0	0	0	0	N	N	N	N	N	N	N	N	N	N	N	N	0.5532	0.2464	0.0100	0.0473	0.0460	0.0000	884.3337	inf	0.4918	0.0001	0.0001	0.0000	0.0001	0.0001	0.0000	0.0002	0.0003	0.0000	0.0002	0.0006	0.0000	0.0013	0.0014	0.0005	0.0000	0.0000	0.0000	0.0001	0.0363	-0.0000	-0.0000	1.7046	17.0533	4.0008	10.0403	0.0000	0.0000	0.0000	0.0000	0.0000	0.0000	0.0000	0.0000	0.0000	0.0000	0.0000	0.0000	0.0000	0.0000	0.0000	0.0000	0.0000	0.0000	0.1993	0.1847	0.0146	0.1107	0.1078	0.0028	0.0886	0.0769	0.0117	0.0848	0.0479	0.0369	0.0154	0.0141	0.0013	0.0694	0.0338	0.0356	0.5653	0.3567	0.0100	0.0473	0.0460	0.0000	884.3337	inf	0.4918	0.0002	0.0004	0.0000	0.0013	0.0014	0.0005	0.0000	0.0000	0.0000
2	23	0.4573	10	0	0	0	2	0	0	0	0	N	N	N	Y	N	N	N	N	N	N	N	N	0.2220	0.0738	4583.1389	0.1377	0.1255	2438.3830	inf	7078.9234	0.0244	0.0257	0.0042	0.0350	0.0358	0.0000	0.0010	0.0003	0.0057	0.1101	0.3476	0.0000	0.2542	0.2855	0.0000	0.0000	0.0000	0.0000	0.0098	0.0000	-0.0003	-0.0001	1.7046	2.8591	4.0008	0.9679	0.0010	0.0010	0.0000	0.0010	0.0010	0.0000	0.0000	0.0000	0.0000	0.0001	0.0001	0.0000	0.0001	0.0001	0.0000	0.0000	0.0000	0.0000	0.0420	0.0396	0.0024	0.0290	0.0283	0.0007	0.0131	0.0113	0.0017	0.0100	0.0056	0.0044	0.0020	0.0018	0.0002	0.0081	0.0039	0.0042	2.1130	1.2458	4583.1389	0.5922	0.5429	0.0000	2438.3830	inf	7078.9234	0.0116	0.0206	0.0000	0.0591	0.0660	0.0000	0.0000	0.0000	0.0000	
2	24	0.4311	9	0	0	0	2	0	0	0	0	N	N	N	Y	N	N	N	N	N	N	N	N	0.9854	14.0945	0.0007	12.1094	11.0426	0.0000	0.0003	inf	0.0011	0.0116	0.0124	0.0000	0.0172	0.0177	0.0000	0.0000	0.0000	0.0000	0.0118	0.0009	0.0141	0.0014	0.0016	0.0000	0.0251	0.0000	0.0116	0.0000	11.6617	-0.0003	0.0000	1.7046	6.2936	4.0008	7.0245	0.0010	0.0010	0.0000	0.0010	0.0010	0.0000	0.0000	0.0000	0.0000	0.0001	0.0000	0.0001	0.0000	0.0000	0.0000	0.0001	0.0000	0.0001	0.0876	0.0824	0.0052	0.0590	0.0576	0.0014	0.0286	0.0248	0.0038	0.0342	0.0193	0.0149	0.0070	0.0062	0.0008	0.0272	0.0131	0.0141	3.1506	23.9735	0.0012	12.1094	11.0426	0.0000	0.0015	inf	0.0016	0.0037	0.0005	0.0078	0.0014	0.0016	0.0000	0.0043	0.0000	0.0082
2	25	0.3628	8	1	0	1	1	0	0	0	0	N	N	N	N	N	N	N	N	N	N	N	N	4.0702	34794.1586	0.0025	3.3665	24178.7484	0.0000	139.8160	inf	7.9923	0.0036	0.0040	0.0000	0.0071	0.0075	0.0000	0.0000	0.0000	0.0000	0.0009	0.0000	0.0013	0.0021	0.0000	0.0118	0.0000	0.0000	0.0000	0.0001	8299.5833	-0.0000	0.0000	1.7046	4.4994	4.0008	1.0731	0.0002	0.0002	0.0000	0.0002	0.0002	0.0000	0.0000	0.0000	0.0000	0.0000	0.0000	0.0000	0.0000	0.0000	0.0000	0.0000	0.0000	0.0000	0.0475	0.0431	0.0044	0.0241	0.0229	0.0012	0.0234	0.0202	0.0032	0.0184	0.0104	0.0079	0.0047	0.0039	0.0008	0.0136	0.0066	0.0071	6.6933	34794.1586	0.0025	3.3665	24178.7484	0.0000	139.8160	inf	7.9923	0.0005	0.0000	0.0013	0.0021	0.0000	0.0118	0.0000	0.0000	0.0000
2	26	0.2504	6	0	1	0	1	0	0	0	0	N	N	N	N	N	N	N	N	N	N	N	N	3.4179	2.5635	0.0000	1.4603	1.2965	559.0126	19.5127	0.0000	4.5241	4.8882	0.0000	7.6155	7.8834	0.0000	0.0406	0.0469	0.0000	1.3236	1.9068	0.0000	5.2150	6.0805	0.0000	0.0001	0.0024	0.0000	0.0000	0.0000	-0.1972	-0.0436	1.7046	12.3098	4.0008	9.0087	0.6869	0.6869	0.0000	0.6843	0.6843	0.0000	0.0025	0.0025	0.0000	0.0693	0.0693	0.0000	0.0693	0.0693	0.0000	0.0000	0.0000	0.0000	0.1518	0.1405	0.0113	0.0899	0.0868	0.0031	0.0620	0.0537	0.0083	0.0669	0.0367	0.0302	0.0133	0.0114	0.0019	0.0536	0.0253	0.0283	4.3638	2.5870	0.0000	1.4603	1.2965	0.0000	1318.7433	727.0469	0.0000	1.0367	1.8895	0.0000	5.2150	6.0805	0.0000	0.0000	0.0001	0.0000	
2	27	0.2272	5	0	1	0	1	0	0	0	0	N	N	N	N	N	N	N	N	N	N	N	N	0.0385	0.1775	0.3169	0.0814	0.1217	0.0002	0.0327	inf	0.4958	0.0002	0.0001	0.0013	0.0001	0.0001	0.0000	0.0002	0.0000	0.0017	0.0044	0.0004	0.0040	0.0015	0.0010	0.0059	0.0071	0.0000	0.0034	1.4523	8.5758	0.0000	0.0001	1.7046	25.8727	4.0008	15.5187	0.0001	0.0000	0.0000	0.0000	0.0000	0.0000	0.0000	0.0000	0.0000	0.0002	0.0000	0.0002	0.0000	0.0000	0.0000	0.0002	0.0000	0.0002	0.2999	0.2763	0.0236	0.1699	0.1641	0.0058	0.1300	0.1122	0.0178	0.1319	0.0737	0.0582	0.0254	0.0230	0.0024	0.1066	0.0508	0.0558	0.0979	0.2319	0.3624	0.0814	0.1217	0.0002	0.1296	inf	0.4958	0.0017	0.0003	0.0035	0.0015	0.0010	0.0059	0.0018	0.0000	0.0034
2	28	0.2796	7	1	1	0	1	0	0	0	0	N	N	N	N	N	N	N	N	N	N	N	N	355.2150	578.8800	0.1448	938.3779	781.8964	0.0000	0.3715	inf	0.1615	1.4053	1.5024	0.0003	2.2889	2.3375	0.0000	0.0019	0.0022	0.0004	0.0040	0.0026	0.0022	0.0024	0.0030	0.0000	0.0052	0.0000	0.0025	0.0000	1.6117	-0.1934	-0.0000	1.7046	38.1974	4.0008	14.3032	0.6736	0.6736	0.0000	0.6733	0.6733	0.0000	0.0004	0.0003	0.0000	0.0002	0.0001	0.0001	0.0001	0.0001	0.0000	0.0001	0.0000	0.0001	0.4794	0.4484	0.0310	0.2941	0.2880	0.0061	0.1852	0.1603	0.0249	0.1531	0.0859	0.0672	0.0381	0.0311	0.0070	0.1150	0.0549	0.0602	887.1777	1390.5525	0.1448	938.3779	781.8964	0.0000	1.4914	inf	0.1615	0.0016	0.0011	0.0022	0.0024	0.0030	0.0000	0.0013	0.0000	0.0025
2	29	0.2573	7	0	1	0	1	0	0	0	0	N	N	N	N	N	N	N	N	N	N	N	N	5.5447	0.0415	53.6355	0.0155	0.5984	0.0000	18.7904	0.0000	6022.1207	0.0001	0.0000	0.0016	0.0000	0.0000	0.0000	0.0003	0.0000	0.0022	0.0000	0.0000	0.0000	0.0001	0.0000	0.0005	0.0000	0.0014	0.0000	184.7903	1.5933	0.0000	-0.0000	1.7046	6.0056	4.0008	10.9350	0.0000	0.0000	0.0000	0.0000	0.0000	0.0000	0.0000	0.0000	0.0000	0.0000	0.0000	0.0000	0.0000	0.0000	0.0000	0.0000	0.0000	0.0000	0.0830	0.0767	0.0063	0.0504	0.0486	0.0019	0.0325	0.0281	0.0044	0.0526	0.0287	0.0239	0.0103	0.0089	0.0014	0.0422	0.0198	0.0225	5.5447	0.0457	53.6355	0.0155	0.5984	0.0000	29.8446	0.0000	6022.1207	0.0000	0.0000	0.0000	0.0001	0.0000	0.0005	0.0000	0.0000	0.0000
2	30	0.2451	5	1	1	0	1	0	0	0	0	N	N	N	N	N	N	N	N	N	N	N	N	0.2628	0.1330	13.6832	0.2436	0.2178	inf	34.1373	0.3036	8.3771	0.0013	0.0014	0.0001	0.0021	0.0022	0.0002	0.0002	0.0002	0.0001	0.0049	0.0106	0.0000	0.0086	0.0099	0.0000	0.0000	0.0007	0.0000	0.0049	0.0011	-0.0001	-0.0001	1.7046	17.1852	4.0008	7.8386	0.0004	0.0004	0.0000	0.0004	0.0004	0.0000	0.0000	0.0000	0.0000	0.0002	0.0002	0.0000	0.0002	0.0002	0.0000	0.0000	0.0000	0.0000	0.3132	0.2883	0.0249	0.1839	0.1774	0.0065	0.1293	0.1109	0.0184	0.1216	0.0766	0.0450	0.0365	0.0339	0.0026	0.0850	0.0427	0.0424	0.6801	0.4639	13.6832	0.3292	0.3163	inf	34.1373	46.7951	8.3771	0.0019	0.0030	0.0000	0.0063	0.0068	0.0000	0.0000	0.0000	0.0000
2	31	0.3579	8	0	1	0	1	0	0	0	0	N	N	N	N	N	N	N	N	N	N	N	N	922.6437	552.7722	4678.8389	0.1893	0.1098	inf	3067.0674	inf	5943.0577	0.0002	0.0001	0.0013	0.0000	0.0000	0.0000	0.0004	0.0003	0.0016	0.0000	0.0000	0.0000	0.0000	0.0000	0.0000	0.0000	0.0000	0.0000	1.0008	0.9508	0.0000	-0.0000	1.7046	9.9927	4.0008	7.0404	0.0000	0.0000	0.0000	0.0000	0.0000	0.0000	0.0000	0.0000	0.0000	0.0000	0.0000	0.0000	0.0000	0.0000	0.0000	0.0000	0.0000	0.0000	0.0873	0.0795	0.0078	0.0416	0.0400	0.0016	0.0457	0.0395	0.0062	0.0479	0.0268	0.0211	0.0122	0.0099	0.0022	0.0358	0.0169	0.0189	922.6437	552.7722	4678.8389	0.1893	0.1098	inf	3067.0674	inf	5943.0577	0.0000	0.0000	0.0000	0.0000	0.0000	0.0000	0.0000	0.0000	0.0000
2	32	0.3498	7	0	1	0	1	0	0	0	0	N	N	N	N	N	N	N	N	N	N	N	N	0.4925	0.4597	1.2843	0.0606	0.0464	1.1085	inf	1.4107	0.0000	0.0000	0.0000	0.0000	0.0000	0.0000	0.0000	0.0000	0.0000	0.0000	0.0000	0.0000	0.0000	0.0000	0.0000	0.0000	0.0000	0.0000	0.3710	1.0938	-0.0000	-0.0000	1.7046	3.8146	4.0008	0.9911	0.0000	0.0000	0.0000	0.0000	0.0000	0.0000	0.0000	0.0000	0.0000	0.0000	0.0000	0.0000	0.0000	0.0000	0.0000	0.0000	0.0000	0.0000	0.0361	0.0329	0.0032	0.0171	0.0165	0.0006	0.0191	0.0165	0.0026	0.0140	0.0078	0.0062	0.0035	0.0029	0.0007	0.0105	0.0049	0.0056	0.4925	0.4597	1.2843	0.0606	0.0464	0.0000	1.1085	inf	1.4107	0.0000	0.0000	0.0000	0.0000	0.0000	0.0000	0.0000	0.0000	0.0000	
2	33	0.3498	7	0	1	0	1	0	0	0	0	N	N	N	N	N	N	N	N	N	N	N	N	inf	inf	inf	inf	0.0003	0.0004	0.0000	0.0000	0.0000	0.0000	0.0006	0.0007	0.0000	0.0000	0.0000	0.0000	0.0000	0.0000	0.0000	0.0000	0.0000	0.0000	0.0000	-0.0000	0.0000	1.7046	24.4476	4.0008	5.0002	0.0001	0.0001	0.0000	0.0000	0.0000	0.0000	0.0001	0.0001	0.0000	0.0000	0.0000	0.0000	0.0000	0.0000	0.0000	0.0000	0.0000	0.0000	0.2066	0.1882	0.0183	0.0968	0.0932	0.0036	0.1098	0.0951	0.0147	0.0813	0.0454	0.0359	0.0202	0.0165	0.0037	0.0610	0.0289	0.0322	inf	inf	0.0000	0.0000	0.0000	0.0000	inf	inf	0.0000	0.0000	0.0000	0.0000	0.0000	0.0000	0.0000	0.0000	0.0000	0.0000						
2	36	0.2257	6	0	1	0	1	0	0	0	0	N	N	N	N	N	N	N	N	N	N	N	N	0.0109	0.0017	3760.0718	0.0077	0.0065	0.0000	0.0315	0.0008	5043.2966	0.0005	0.0004	0.0018	0.0004	0.0004	0.0000	0.0007	0.0004	0.0024	0.0503	0.2640	0.0000	0.0567	0.0691	0.0000	0.0224	0.5628	0.0000	0.3291	0.0000	-0.0000	-0.0006	1.7046	17.9460	4.0008	11.6991	0.0001	0.0001	0.0000	0.0001	0.0001	0.0000	0.0001	0.0000	0.0000	0.0009	0.0009	0.0000	0.0006	0.0006	0.0000	0.0003	0.0003	0.0000	0.2210	0.2042	0.0168	0.1272	0.1232	0.0040	0.0937	0.0810	0.0128	0.1037	0.0556	0.0481	0.0236	0.0201	0.0035	0.0802	0.0356	0.0446	0.0631	0.0275	3760.0718	0.0174	0.0153	0.0000	0.1791	0.0501	5043.2966	0.0087	0.0162	0.0000	0.0249	0.0292	0.0000	0.0039	0.0089	0.0000
2	37	0.6812	11	1	1	0	1	0	0	0	0	N	N	N	N	N	N	N	N	N	N	N	N	0.0000	0.0000	0.0000	0.0000	0.0000	0.0000	0.0000	0.0000	0.0000	0.0000	0.0000	0.0000	0.0000	0.0000	0.0000	0.0000	0.0000	0.0000	0.0000	0.0000	1.7046	1.9903	4.0008	0.0021	0.0000	0.0000	0.0000	0.0000	0.0000	0.0000	0.0000	0.0000	0.0000	0.0000	0.0000	0.0000	0.0000	0.0000	0.0000	0.0000	0.0000	0.0000	0.0173	0.0159	0.0014	0.0098	0.0095	0.0004	0.0075	0.0064	0.0010	0.0042	0.0027	0.0015	0.0017	0.0015	0.0002	0.0024	0.0011	0.0013	0.0000	0.0000	0.0000	0.0000	0.0000	0.0000	0.0000	0.0000	0.0000	0.0000	0.0000	0.0000	0.0000	0.0000	0.0000	0.0000	0.0000	0.0000											
2	38	0.1402	2	0	1	0	2	0	0	0	0	N	N	N	Y	N	N	N	N	N	N	N	N	35.0702	6.7575	0.4565	11.9624	12.2241	0.0001	84.4608	38.4339	1.1860	1.0170	1.0995	0.0002	1.7860	1.8453	0.0000	0.0330	0.0379	0.0003	0.0290	0.1627	0.0005	0.1493	0.1510	0.0123	0.0004	0.0010	0.0003	0.0000	0.0362	-0.1760	-0.0009	1.7046	45.5232	4.0008	15.8903	0.6131	0.6131	0.0000	0.6044	0.6044	0.0000	0.0087	0.0087	0.0000	0.0014	0.0014	0.0001	0.0014	0.0014	0.0000	0.0000	0.0000	0.0000	0.6029	0.5576	0.0453	0.3384	0.3275	0.0109	0.2645	0.2301	0.0344	0.2129	0.1153	0.0975	0.0323	0.0303	0.0021	0.1806	0.0851	0.0955	149.6142	90.8106	0.4565	40.6293	39.9964	0.0001	231.1696	4039.2956	1.1860	0.0068	0.0121	0.0005	0.0440	0.0461	0.0123	0.0001	0.0000	0.0003
2	40	0.3291	7	0	0	1	1	0	0	0	0	N	N	N	N	N	N	N	N	N	N	N	N	0.0346	0.0142	1.3400	0.0115	0.0112	0.0003	0.2028	0.0088	15.4869	0.0001	0.0001	0.0003	0.0001	0.0001	0.0000	0.0002	0.0002	0.0004	0.0038	0.0082	0.0002	0.0071	0.0075	0.0037	0.0010	0.0185	0.0000	0.2257	0.0735	-0.0000	-0.0001	1.7046	12.6411	4.0008	7.4648	0.0000	0.0000	0.0000	0.0000	0.0000	0.0000	0.0000	0.0000	0.0000	0.0001	0.0001	0.0000	0.0001	0.0001	0.0000	0.0000	0.0000	0.0000	0.1593	0.1474	0.0119	0.0878	0.0859	0.0019	0.0716	0.0616	0.0100	0.0739	0.0418	0.0321	0.0180	0.0161	0.0019	0.0560	0.0258	0.0302	0.0857	0.0459	1.3400	0.0153	0.0151	0.0003	0.6131	0.2470	15.4869	0.0015	0.0025	0.0002	0.0054	0.0056	0.0037	0.0003	0.0007	0.0000
2	41	0.6688	9	0	1	0	1	0	0	0	0	N	N	N	N	N	N	N	N	N	N	N	N	10124.2817	4807.1198	125.3202	7853.7789	7128.7537	11.1519	201.9840	inf	177.5486	3.5229	3.8607	0.0026	6.4525	6.7578	0.0003	0.0036	0.0037	0.0035	0.0003	0.0008	0.0000	0.0008	0.0009	0.0000	0.0000	0.0000	0.0000	0.0001	0.0294	-0.1970	-0.0000	1.7046	22.0894	4.0008	9.3639	0.6861	0.6860	0.0000	0.6858	0.6858	0.0000	0.0003	0.0003	0.0000	0.0000	0.0000	0.0000	0.0000	0.0000	0.0000	0.0000	0.0000	0.0000	0.1948	0.1777	0.0171	0.1063	0.1015	0.0048	0.0885	0.0762	0.0123	0.0701	0.0417	0.0284	0.0242	0.0208	0.0033	0.0459	0.0209	0.0250	12145.1456	8158.8276	125.3202	7853.7789	7128.7537	11.1519	343.0753	inf	177.5486	0.0003	0.0005	0.0000	0.0008	0.0009	0.0000	0.0000	0.0000	0.0000
2	42	0.1672	3	0	1	0	1	0	0	0	0	N	N	N	N	N	N	N	N	N	N	N	N	3264.5352	1303.9377	1016.0962	1096.0898	1056.9191	0.0529	7413.4070	68.0847	1463.5564	1.4663	1.5936	0.0029	2.8857	2.9735	0.0000	0.0115	0.0127	0.0035	0.0004	0.0012	0.0000	0.0026	0.0028	0.0000	0.0000	0.0002	0.0000	0.0002	0.0039	-0.1972	-0.0000	1.7046	43.3975	4.0008	17.3745	0.6871	0.6870	0.0001	0.6845	0.6845	0.0000	0.0027	0.0026	0.0001	0.0001	0.0001	0.0000	0.0001	0.0001	0.0000	0.0000	0.0000	0.0000	0.4686	0.4311	0.0375	0.2372	0.2302	0.0070	0.2314	0.2009	0.0305	0.1950	0.1039	0.0911	0.0251	0.0235	0.0016	0.1699	0.0804	0.0895	4306.3317	2503.4199	1016.0962	1096.0898	1056.9191	0.0529	7413.4070	20648.8968	1463.5564	0.0003	0.0006	0.0000	0.0026	0.0028	0.0000	0.0000	0.0000	0.0000
2	43	0.5989	8	1	0	1	1	0	0	0	0	N	N	N	N	N	N	N	N	N	N	N	N	46653.4534	117997.8660	1.7877	105419.1886	108448.7128	0.0000	0.5499	2.2159	0.1042	0.1132	0.0000	0.1775	0.1848	0.0000	0.0000	0.0000	0.0000	0.0000	0.0000	0.0000	0.0000	0.0000	0.0000	0.0000	0.0000	0.0000	0.0000	2.8328	-0.0049	0.0000	1.7046	18.2331	4.0008	4.4208	0.0170	0.0170	0.0000	0.0170	0.0170	0.0000	0.0000	0.0000	0.0000	0.0000	0.0000	0.0000	0.0000	0.0000	0.0000	0.0000	0.0000	0.0000	0.1636	0.1506	0.0129	0.0961	0.0923	0.0038	0.0675	0.0584	0.0092	0.0523	0.0318	0.0205	0.0217	0.0179	0.0038	0.0306	0.0139	0.0168	46653.4534	117997.8660	1.7877	105419.1886	108448.7128	0.0000	0.5499	0.0000	2.2159	0.0000	0.0000	0.0000	0.0000	0.0000	0.0000	0.0000	0.0000	0.0000	
2	44	0.6587	8	0	1	0	2	0	0	0	0	N	N	N	Y	N	N	N	N	N	N	N	N	1.4024	666.7368	0.0002	1.3003	1491.6079	0.0000	0.0090	20.7572	0.0198	1.3312	1.4522	0.0006	2.4233	2.5342	0.0000	0.0015	0.0016	0.0009	0.9492	0.0022	3.1015	1.8637	0.0017	19.3913	0.1639	0.0001	0.0457	0.0000	401.1606	-0.1973	0.0205	1.7046	62.5878	4.0008	29.9840	0.6872	0.6871	0.0000	0.6868	0.6868	0.0000	0.0003	0.0003	0.0000	0.0555	0.0001	0.0554	0.0540	0.0001	0.0538	0.0015	0.0000	0.0015	0.5162	0.4731	0.0430	0.2834	0.2710	0.0124	0.2328	0.2021	0.0306	0.2312	0.1461	0.0851	0.1017	0.0812	0.0205	0.1295	0.0649	0.0646	5.5456	1537.5251	0.0010	4.5680	1491.6079	0.0000	0.1240	7163.2973	0.0380	0.2401	0.0009	0.6506	0.5305	0.0017	2.6249	0.0119	0.0000	0.0238
2	45	0.5989	8	1	0	1	1	0	0	0	0	N	N	N	N	N	N	N	N	N	N	N	N	2.4178	0.0000	14.2193	7.0716	0.0000	111.2136	0.5447	2.2098	0.0000	0.0000	0.0001	0.0000	0.0000	0.0002	0.0000	0.0000	0.0000	0.0000	0.0000	0.0000	0.0000	0.0000	0.0000	0.0000	0.0000	0.0000	inf	5.5032	0.0000	0.0000	1.7046	13.5293	4.0008	3.1702	0.0000	0.0000	0.0000	0.0000	0.0000	0.0000	0.0000	0.0000	0.0000	0.0000	0.0000	0.0000	0.0000	0.0000	0.0000	0.0000	0.0000	0.0000	0.1259	0.1161	0.0099	0.0743	0.0714	0.0029	0.0516	0.0447	0.0070	0.0399	0.0243	0.0155	0.0166	0.0138	0.0028	0.0232	0.0105	0.0127	2.4178	0.0000	14.2193	7.0716	0.0000	111.2136	0.5447	0.0000	2.2098	0.0000	0.0000	0.0000	0.0000	0.0000	0.0000	0.0000	0.0000	0.0000	
2	46	0.5945	7	1	0	1	1	0	0	0	0	N	N	N	N	N	N	N	N	N	N	N	N	0.1723	0.0063	35.4912	0.0172	0.0156	0.0000	1.3880	0.0000	44.1144	0.0002	0.0000	0.0026	0.0000	0.0000	0.0000	0.0005	0.0000	0.0036	0.0011	0.0023	0.0001	0.0013	0.0015	0.0000	0.0003	0.0045	0.0001	13.7610	0.0439	0.0000	-0.0000	1.7046	4.1147	4.0008	1.2946	0.0000	0.0000	0.0000	0.0000	0.0000	0.0000	0.0000	0.0000	0.0000	0.0000	0.0000	0.0000	0.0000	0.0000	0.0000	0.0000	0.0000	0.0000	0.0529	0.0491	0.0037	0.0312	0.0302	0.0010	0.0216	0.0189	0.0027	0.0172	0.0109	0.0063	0.0075	0.0066	0.0010	0.0097	0.0043	0.0054	0.3084	0.0149	35.4912	0.0172	0.0156	0.0000	3.8476	0.0000	44.1144	0.0006	0.0010	0.0001	0.0013	0.0015	0.0000	0.0001	0.0002	0.0001
2	47	0.5318	6	1	0	0	1	0	0	0	0	N	N	N	N	N	N	N	N	N	N	N	N	0.1258	0.0513	0.0028	0.4320	0.3521	0.0014	0.0072	0.0018	0.0040	0.0081	0.0088	0.0000	0.0150	0.0155	0.0000	0.0001	0.0001	0.0000	0.0643	0.1721	0.0053	0.0346	0.0441	0.0012	0.0169	0.0767	0.0049	0.0002	0.1846	-0.0005	-0.0006	1.7046	22.0103	4.0008	13.6452	0.0017	0.0017	0.0000	0.0017	0.0017	0.0000	0.0000	0.0000	0.0000	0.0012	0.0010	0.0002	0.0010	0.0009	0.0000	0.0002	0.0001	0.0002	0.2101	0.1926	0.0175	0.1129	0.1087	0.0042	0.0972	0.0839	0.0133	0.1254	0.0802	0.0452	0.0540	0.0470	0.0070	0.0714	0.0332	0.0382	0.8614	0.7116	0.0037	0.8498	0.7756	0.0014	0.0380	0.0856	0.0042	0.0094	0.0124	0.0041	0.0176	0.0200	0.0012	0.0032	0.0016	0.0046
2	48	0.3291	7	0	1	0	1	0	0	0	0	N	N	N	N	N	N	N	N	N	N	N	N	0.0882	0.3819	0.2221	0.9661	0.8862	0.0000	0.0171	0.0000	0.3005	0.0010	0.0008	0.0025	0.0014	0.0014	0.0000	0.0004	0.0000	0.0030	0.0109	0.0022	0.0114	0.0015	0.0016	0.0000	0.0246	0.0132	0.0100	0.2438	5.4106	-0.0000	0.0000	1.7046	12.3962	4.0008	3.7178	0.0002	0.0001	0.0000	0.0001	0.0001	0.0000	0.0000	0.0000	0.0000	0.0002	0.0000	0.0002	0.0000	0.0000	0.0000	0.0002	0.0000	0.0002	0.1584	0.1466	0.0118	0.0872	0.0854	0.0019	0.0711	0.0612	0.0099	0.0637	0.0366	0.0271	0.0165	0.0148	0.0017	0.0472	0.0218	0.0254	0.2757	0.8830	0.3647	0.9661	0.8862	0.0000	0.0999	0.0000	0.4066	0.0035	0.0009	0.0069	0.0015	0.0016	0.0000	0.0042	0.0005	0.0074
2	49	0.3002	6	0	0	0	1	0	0	0	0	N	N	N	N	N	N	N	N	N	N	N	N	0.1416	0.0946	0.2170	0.2279	0.2116	0.0007	0.0152	0.0002	0.2832	0.0004	0.0004	0.0002	0.0007	0.0007	0.0000	0.0000	0.0000	0.0002	0.0028	0.0044	0.0007	0.0029	0.0032	0.0006	0.0020	0.0111	0.0007	0.0319	0.3515	-0.0000	-0.0000	1.7046	14.4870	4.0008	5.8627	0.0001	0.0001	0.0000	0.0001	0.0001	0.0000	0.0000	0.0000	0.0000	0.0001	0.0001	0.0000	0.0001	0.0001	0.0000	0.0000	0.0000	0.0000	0.2036	0.1881	0.0155	0.1184	0.1147	0.0037	0.0852	0.0734	0.0118	0.0854	0.0481	0.0372	0.0236	0.0212	0.0024	0.0617	0.0269	0.0348	0.3188	0.2548	0.2170	0.2279	0.2161	0.0007	0.0508	0.0047	0.2832	0.0012	0.0016	0.0007	0.0029	0.0031	0.0006	0.0006	0.0004	0.0007
2	50	0.3686	9	1	1	1	1	0	0	0	0	N	N	N	N	N	N	N	N	N	N	N	N	0.0000	0.0000	0.0000	0.0000	0.0000	0.0000	0.0000	0.0000	0.0000	0.0000	0.0000	0.0000	0.0000	0.0000	0.0000	0.0000	0.0000	0.0000	-0.0000	0.0000	1.7046	0.9856	4.0008	2.8295	0.0000	0.0000	0.0000	0.0000	0.0000	0.0000	0.0000	0.0000	0.0000	0.0000	0.0000	0.0000	0.0000	0.0000	0.0000	0.0000	0.0000	0.0000	0.0088	0.0079	0.0008	0.0038	0.0037	0.0002	0.0050	0.0043	0.0007	0.0121	0.0068	0.0053	0.0031	0.0025	0.0006	0.0091	0.0043	0.0047	0.0000	0.0000	0.0000	0.0000	0.0000	0.0000	0.0000	0.0000	0.0000	0.0000	0.0000	0.0000	0.0000	0.0000	0.0000	0.0000	0.0000	0.0000											
2	51	0.6386	9	1	1	0	1	0	0	0	0	N	N	N	N	N	N	N	N	N	N	N	N	0.0002	0.3989	0.0000	0.3054	0.5477	0.0000	0.0000	0.0000	0.0000	0.0002	0.0002	0.0000	0.0003	0.0003	0.0000	0.0000	0.0000	0.0000	0.9569	0.0004	3.1163	0.0009	0.0005	0.0033	1.2231	0.0024	3.2933	0.0000	1261.8657	-0.0000	0.0055	1.7046	13.3057	4.0008	8.6321	0.0000	0.0000	0.0000	0.0000	0.0000	0.0000	0.0000	0.0000	0.0000	0.0149	0.0000	0.0149	0.0000	0.0000	0.0000	0.0149	0.0000	0.0149	0.1315	0.1199	0.0116	0.0732	0.0701	0.0031	0.0584	0.0499	0.0085	0.0592	0.0366	0.0225	0.0238	0.0205	0.0033	0.0354	0.0161	0.0193	0.0006	0.5207	0.0000	0.3054	0.5477	0.0000	0.0000	0.0000	0.0000	0.2519	0.0003	0.6610	0.0009	0.0005	0.0033	0.4203	0.0001	0.7725
2	52	0.4311	9	0	1	0	2	0	0	0	0	N	N	N	Y	N	N	N	N	N	N	N	N	25.5951	0.0000	183.5997	0.0000	0.0000	0.0000	31.4124	239.9623	0.0003	0.0000	0.0052	0.0000	0.0000	0.0000	0.0010	0.0000	0.0071	0.0000	0.0000	0.0000	0.0000	0.0000	0.0000	0.0000	0.0000	0.0000	inf	55.5714	0.0000	0.0000	1.7046	2.1073	4.0008	0.0711	0.0000	0.0000	0.0000	0.0000	0.0000	0.0000	0.0000	0.0000	0.0000	0.0000	0.0000	0.0000	0.0000	0.0000	0.0000	0.0000	0.0000	0.0000	0.0309	0.0291	0.0018	0.0208	0.0203	0.0005	0.0101	0.0087	0.0014	0.0065	0.0037	0.0027	0.0015	0.0014	0.0001	0.0049	0.0023	0.0026	25.5951	0.0000	183.5997	0.0000	0.0000	0.0000	61.8387	0.0000	239.9623	0.0000	0.0000	0.0000	0.0000	0.0000	0.0000	0.0000	0.0000	0.0000	
2	53	0.3688	8	0	0	0	2	0	0	0	0	N	N	N	Y	N	N	N	N	N	N	N	N	26.3998	51.2184	10.7416	22.7368	21.0395	27.5668	2.6604	inf	10.0093	0.0000	0.0000	0.0000	0.0001	0.0001	0.0000	0.0000	0.0000	0.0000	0.0000	0.0000	0.0000	0.0000	0.0000	0.0000	0.0000	0.0000	0.0000	0.0420	2.4711	-0.0000	0.0000	1.7046	21.8329	4.0008	8.0592	0.0000	0.0000	0.0000	0.0000	0.0000	0.0000	0.0000	0.0000	0.0000	0.0000	0.0000	0.0000	0.0000	0.0000	0.0000	0.0000	0.0000	0.0000	0.2709	0.2538	0.0171	0.1763	0.1717	0.0046	0.0946	0.0820	0.0125	0.0736	0.0401	0.0334	0.0129	0.0112	0.0018	0.0607	0.0290	0.0317	26.3998	51.2184	10.7416	22.7368	21.0395	27.5668	2.6604	inf	10.0093	0.0000	0.0000	0.0000	0.0000	0.0000	0.0000	0.0000	0.0000	0.0000
2	54	0.7511	11	0	1	0	2	0	0	0	0	N	N	N	Y	N	N	N	N	N	N	N	N	0.0000	0.0000	0.0000	0.0000	0.0000	0.0000	0.0000	0.0000	0.0000	0.0000	0.0000	0.0000	0.0000	0.0000	0.0000	0.0000	0.0000	0.0000	0.0000	0.0000	1.7046	0.0000	4.0008	0.0000	0.0000	0.0000	0.0000	0.0000	0.0000	0.0000	0.0000	0.0000	0.0000	0.0000	0.0000	0.0000	0.0000	0.0000	0.0000	0.0000	0.0000	0.0000	0.0000	0.0000	0.0000	0.0000	0.0000	0.0000	0.0000	0.0000	0.0000	0.0000	0.0000	0.0000	0.0000	0.0000	0.0000	0.0000	0.0000	0.0000	0.0000	0.0000	0.0000	0.0000	0.0000	0.0000	0.0000	0.0000	0.0000	0.0000	0.0000	0.0000	0.0000	0.0000	0.0000	0.0000	0.0000	0.0000											
2	55	0.3688	8	0	0	0	2	0	0	0	0	N	N	N	Y	N	N	N	N	N	N	N	N	4.1351	0.2776	108.2547	0.0370	0.0347	46.1239	inf	185.0453	0.0000	0.0000	0.0001	0.0000	0.0000	0.0000	0.0000	0.0000	0.0002	0.0000	0.0000	0.0000	0.0000	0.0000	0.0000	0.0000	0.0000	0.0000	11.4072	0.2737	0.0000	-0.0000	1.7046	1.2825	4.0008	0.1503	0.0000	0.0000	0.0000	0.0000	0.0000	0.0000	0.0000	0.0000	0.0000	0.0000	0.0000	0.0000	0.0000	0.0000	0.0000	0.0000	0.0000	0.0000	0.0210	0.0197	0.0013	0.0139	0.0135	0.0004	0.0071	0.0062	0.0009	0.0051	0.0031	0.0020	0.0014	0.0013	0.0001	0.0037	0.0018	0.0019	4.1351	0.2776	108.2547	0.0370	0.0347	0.0000	46.1239	inf	185.0453	0.0000	0.0000	0.0000	0.0000	0.0000	0.0000	0.0000	0.0000	0.0000	
2	56	0.3278	7	0	0	0	2	0	0	0	0	N	N	N	Y	N	N	N	N	N	N	N	N	5.3873	2.6425	8.1749	3.7047	3.2455	2.1930	577.3526	18.6839	8.6138	0.0149	0.0160	0.0000	0.0226	0.0233	0.0000	0.0006	0.0007	0.0000	0.0028	0.0060	0.0000	0.0061	0.0072	0.0000	0.0000	0.0000	0.0000	0.0001	0.0011	-0.0009	-0.0001	1.7046	14.8542	4.0008	6.8183	0.0032	0.0032	0.0000	0.0031	0.0031	0.0000	0.0000	0.0000	0.0000	0.0001	0.0001	0.0000	0.0001	0.0001	0.0000	0.0000	0.0000	0.0000	0.2146	0.2001	0.0145	0.1393	0.1350	0.0043	0.0752	0.0650	0.0102	0.0714	0.0430	0.0284	0.0179	0.0162	0.0017	0.0536	0.0268	0.0267	12.1538	7.8536	8.1749	4.6129	4.3117	2.1930	577.3526	7010.1815	8.6138	0.0012	0.0020	0.0000	0.0049	0.0054	0.0000	0.0000	0.0000	0.0000
2	57	0.2528	6	0	0	0	2	0	0	0	0	N	N	N	Y	N	N	N	N	N	N	N	N	300.5320	267.3331	0.2227	221.5969	189.3267	0.5152	4.3175	17.6012	0.2831	1.2554	1.3399	0.0003	1.9212	1.9773	0.0001	0.0135	0.0154	0.0004	0.0042	0.0050	0.0015	0.0087	0.0104	0.0002	0.0031	0.0009	0.0016	0.0000	0.7538	-0.1825	-0.0000	1.7046	33.5853	4.0008	9.3450	0.6356	0.6356	0.0000	0.6332	0.6332	0.0000	0.0024	0.0024	0.0000	0.0002	0.0001	0.0001	0.0001	0.0001	0.0000	0.0001	0.0000	0.0001	0.5063	0.4743	0.0319	0.3296	0.3202	0.0094	0.1767	0.1541	0.0226	0.1253	0.0666	0.0586	0.0183	0.0166	0.0018	0.1069	0.0501	0.0569	763.3104	760.2605	0.2227	300.1718	280.0878	0.5152	16.2518	2031.3532	0.2831	0.0016	0.0018	0.0015	0.0064	0.0071	0.0002	0.0008	0.0000	0.0016
2	58	0.2321	5	0	0	0	1	0	0	0	0	N	N	N	N	N	N	N	N	N	N	N	N	25.4463	22.0240	0.0610	24.4957	30.5764	0.0278	0.4287	2.3176	0.0155	0.4841	0.5241	0.0005	0.8345	0.8613	0.0019	0.0045	0.0053	0.0001	0.0190	0.0238	0.0080	0.0341	0.0282	0.0672	0.0106	0.0023	0.0039	0.0001	0.9185	-0.0315	-0.0001	1.7046	15.2419	4.0008	2.5705	0.1097	0.1097	0.0000	0.1092	0.1092	0.0000	0.0004	0.0004	0.0000	0.0004	0.0002	0.0002	0.0002	0.0002	0.0000	0.0001	0.0000	0.0001	0.2266	0.2093	0.0173	0.1309	0.1268	0.0041	0.0957	0.0824	0.0132	0.0666	0.0353	0.0313	0.0133	0.0123	0.0010	0.0533	0.0230	0.0303	91.9058	101.1170	0.0910	48.1504	58.2721	0.0383	2.0044	88.2349	0.0155	0.0053	0.0052	0.0054	0.0173	0.0148	0.0488	0.0023	0.0001	0.0039
2	59	0.7511	11	0	0	0	2	0	0	0	0	N	N	N	Y	N	N	N	N	N	N	N	N	0.0000	0.0000	0.0000	0.0000	0.0000	0.0000	0.0000	0.0000	0.0000	0.0000	0.0000	0.0000	0.0000	0.0000	0.0000	0.0000	0.0000	0.0000	0.0000	0.0000	1.7046	0.0000	4.0008	0.0000	0.0000	0.0000	0.0000	0.0000	0.0000	0.0000	0.0000	0.0000	0.0000	0.0000	0.0000	0.0000	0.0000	0.0000	0.0000	0.0000	0.0000	0.0000	0.0000	0.0000	0.0000	0.0000	0.0000	0.0000	0.0000	0.0000	0.0000	0.0000	0.0000	0.0000	0.0000	0.0000	0.0000	0.0000	0.0000	0.0000	0.0000	0.0000	0.0000	0.0000	0.0000	0.0000	0.0000	0.0000	0.0000	0.0000	0.0000	0.0000	0.0000	0.0000	0.0000	0.0000	0.0000	0.0000											
2	60	0.6737	10	0	0	0	2	0	0	0	0	N	N	N	Y	N	N	N	N	N	N	N	N	2.9452	1.5023	0.0000	3.3698	2.9204	1261.8233	2.6716	0.0000	0.0037	0.0040	0.0000	0.0059	0.0061	0.0000	0.0006	0.0007	0.0000	0.0012	0.0026	0.0000	0.0017	0.0021	0.0000	0.0000	0.0003	0.0000	0.0000	0.0000	-0.0002	-0.0000	1.7046	19.3360	4.0008	7.9957	0.0006	0.0006	0.0000	0.0006	0.0006	0.0000	0.0000	0.0000	0.0000	0.0000	0.0000	0.0000	0.0000	0.0000	0.0000	0.0000	0.0000	0.0000	0.1629	0.1506	0.0123	0.0950	0.0919	0.0032	0.0678	0.0587	0.0091	0.0582	0.0358	0.0224	0.0226	0.0189	0.0037	0.0356	0.0169	0.0187	5.4302	3.6142	0.0000	3.3698	2.9204	0.0000	1261.8233	769.8654	0.0000	0.0007	0.0011	0.0000	0.0017	0.0021	0.0000	0.0000	0.0000	0.0000	
2	61	0.3636	8	0	1	1	1	0	0	0	0	N	N	N	N	N	N	N	N	N	N	N	N	5406.1185	2309.7154	0.0000	9243.3378	7728.0500	0.0000	3.5530	0.1951	0.0000	5.3584	5.8733	0.0000	10.8668	11.2651	0.0000	0.0043	0.0050	0.0000	0.0010	0.0025	0.0000	0.0012	0.0015	0.0000	0.0012	0.0256	0.0000	0.0000	0.0011	-0.1966	-0.0000	1.7046	14.2360	4.0008	11.9336	0.6849	0.6849	0.0000	0.6846	0.6846	0.0000	0.0003	0.0003	0.0000	0.0000	0.0000	0.0000	0.0000	0.0000	0.0000	0.0000	0.0000	0.0000	0.1278	0.1166	0.0112	0.0630	0.0608	0.0022	0.0648	0.0558	0.0090	0.0701	0.0389	0.0312	0.0176	0.0142	0.0034	0.0525	0.0247	0.0278	9081.0999	5530.9695	0.0000	9243.3378	7728.0500	0.0000	10.9441	5.9904	0.0000	0.0006	0.0011	0.0000	0.0012	0.0015	0.0000	0.0004	0.0008	0.0000
2	62	0.2915	8	1	0	1	1	0	0	0	0	N	N	N	N	N	N	N	N	N	N	N	N	59.9869	27.1920	1932.9617	103.3526	88.3317	0.1361	0.0000	2090.9028	0.0708	0.0780	0.0009	0.1591	0.1650	0.0000	0.0001	0.0000	0.0011	0.0012	0.0029	0.0000	0.0015	0.0019	0.0000	0.0011	0.0224	0.0000	0.0012	0.0003	-0.0049	-0.0001	1.7046	28.8660	4.0008	13.2209	0.0171	0.0171	0.0000	0.0171	0.0171	0.0000	0.0000	0.0000	0.0000	0.0001	0.0001	0.0000	0.0000	0.0000	0.0000	0.0000	0.0000	0.0000	0.2414	0.2189	0.0224	0.1073	0.1035	0.0038	0.1341	0.1155	0.0186	0.1272	0.0723	0.0549	0.0321	0.0265	0.0057	0.0951	0.0458	0.0492	107.7896	67.5123	1932.9617	103.3526	88.3317	0.0000	0.4159	0.0001	2090.9028	0.0007	0.0012	0.0000	0.0015	0.0019	0.0000	0.0004	0.0007	0.0000	
2	63	0.2888	7	1	1	0	1	0	0	0	0	N	N	N	N	N	N	N	N	N	N	N	N	0.0681	0.0305	0.0000	0.0625	0.0511	0.0000	0.0116	0.0008	0.0000	0.0002	0.0002	0.0000	0.0004	0.0004	0.0000	0.0000	0.0000	0.0000	0.0033	0.0080	0.0000	0.0062	0.0078	0.0000	0.0001	0.0020	0.0000	0.0000	0.0123	-0.0000	-0.0000	1.7046	5.0237	4.0008	8.0282	0.0000	0.0000	0.0000	0.0000	0.0000	0.0000	0.0000	0.0000	0.0000	0.0001	0.0001	0.0000	0.0001	0.0001	0.0000	0.0000	0.0000	0.0000	0.0608	0.0564	0.0044	0.0354	0.0345	0.0009	0.0254	0.0220	0.0034	0.0450	0.0253	0.0197	0.0124	0.0107	0.0017	0.0326	0.0146	0.0180	0.1627	0.0998	0.0000	0.0787	0.0695	0.0000	0.0309	0.0335	0.0000	0.0014	0.0025	0.0000	0.0050	0.0058	0.0000	0.0000	0.0000	0.0000
2	64	0.2257	6	1	1	0	1	0	0	0	0	N	N	N	N	N	N	N	N	N	N	N	N	0.0233	0.0052	0.0002	0.0098	0.0081	0.0000	0.1644	0.0619	0.0002	0.0005	0.0005	0.0000	0.0005	0.0005	0.0000	0.0005	0.0006	0.0000	0.0214	0.1043	0.0011	0.0518	0.0648	0.0002	0.0030	0.0091	0.0012	0.0000	0.0953	-0.0000	-0.0004	1.7046	17.5893	4.0008	19.0270	0.0001	0.0001	0.0000	0.0001	0.0001	0.0000	0.0000	0.0000	0.0000	0.0007	0.0006	0.0001	0.0006	0.0006	0.0000	0.0001	0.0000	0.0001	0.2172	0.2008	0.0165	0.1253	0.1213	0.0039	0.0920	0.0794	0.0125	0.1225	0.0657	0.0569	0.0268	0.0226	0.0042	0.0958	0.0431	0.0527	0.0868	0.0552	0.0002	0.0216	0.0188	0.0000	0.6149	1.5774	0.0002	0.0057	0.0098	0.0011	0.0235	0.0278	0.0002	0.0008	0.0004	0.0012
2	65	0.2194	5	0	1	0	1	0	0	0	0	N	N	N	N	N	N	N	N	N	N	N	N	0.0128	0.0111	0.0004	0.0144	0.0147	0.0000	0.0016	0.0039	0.0010	0.0095	0.0103	0.0001	0.0153	0.0158	0.0000	0.0005	0.0006	0.0001	0.7430	0.9212	0.1914	1.0607	1.0728	0.3103	0.3440	0.1566	0.0960	0.0005	0.2552	-0.0001	-0.0013	1.7046	1.7566	4.0008	2.8742	0.0002	0.0002	0.0000	0.0002	0.0002	0.0000	0.0000	0.0000	0.0000	0.0029	0.0023	0.0006	0.0025	0.0023	0.0002	0.0004	0.0000	0.0004	0.0248	0.0229	0.0019	0.0151	0.0146	0.0005	0.0097	0.0084	0.0013	0.0314	0.0195	0.0119	0.0118	0.0102	0.0015	0.0196	0.0092	0.0104	0.1010	0.0851	0.0013	0.0707	0.0696	0.0000	0.0256	0.2636	0.0025	0.0939	0.1205	0.0504	0.2156	0.2271	0.1380	0.0210	0.0023	0.0376
2	66	0.3636	8	0	1	0	1	0	0	0	0	N	N	N	N	N	N	N	N	N	N	N	N	2.5698	1.1095	0.6944	2204.2672	1854.9761	1.7563	0.0003	0.0000	0.0000	0.0128	0.0141	0.0000	0.0263	0.0273	0.0000	0.0000	0.0000	0.0000	0.0050	0.0127	0.0000	0.0000	0.0000	0.0000	0.0131	0.3926	0.0000	0.0000	0.0001	-0.0007	-0.0001	1.7046	21.1811	4.0008	10.1862	0.0024	0.0024	0.0000	0.0024	0.0024	0.0000	0.0000	0.0000	0.0000	0.0002	0.0002	0.0000	0.0000	0.0000	0.0000	0.0002	0.0002	0.0000	0.1835	0.1674	0.0161	0.0896	0.0863	0.0033	0.0939	0.0811	0.0128	0.0827	0.0459	0.0368	0.0206	0.0166	0.0040	0.0621	0.0293	0.0328	6.6272	4.0314	0.6944	2204.2672	1854.9761	1.7563	0.0014	0.0008	0.0000	0.0019	0.0035	0.0000	0.0000	0.0000	0.0000	0.0026	0.0055	0.0000
2	67	0.3498	7	0	1	0	1	0	0	0	0	N	N	N	N	N	N	N	N	N	N	N	N	8.3439	5.4968	0.0000	562.1975	475.8545	0.0028	0.0001	0.0000	0.0351	0.0385	0.0000	0.0744	0.0772	0.0000	0.0000	0.0000	0.0000	0.0042	0.0070	0.0009	0.0001	0.0002	0.0000	0.0096	0.2652	0.0010	0.0000	0.3186	-0.0007	-0.0000	1.7046	7.4253	4.0008	0.9851	0.0024	0.0024	0.0000	0.0024	0.0024	0.0000	0.0000	0.0000	0.0000	0.0000	0.0000	0.0000	0.0000	0.0000	0.0000	0.0000	0.0000	0.0000	0.0672	0.0613	0.0060	0.0317	0.0305	0.0011	0.0356	0.0307	0.0048	0.0243	0.0136	0.0108	0.0061	0.0050	0.0011	0.0182	0.0086	0.0096	21.1505	17.0633	0.0000	562.1975	475.8545	0.0000	0.0124	0.0090	0.0000	0.0017	0.0023	0.0009	0.0001	0.0002	0.0000	0.0022	0.0035	0.0010	
2	68	0.3002	6	0	0	1	1	0	0	0	0	N	N	N	N	N	N	N	N	N	N	N	N	0.1522	0.0651	5.0570	0.1562	0.1449	0.0121	0.0846	0.0001	6.6307	0.0002	0.0002	0.0002	0.0004	0.0004	0.0000	0.0000	0.0000	0.0003	0.0016	0.0038	0.0000	0.0025	0.0028	0.0000	0.0005	0.0099	0.0000	0.0788	0.0255	-0.0000	-0.0000	1.7046	15.0354	4.0008	6.2061	0.0001	0.0000	0.0000	0.0000	0.0000	0.0000	0.0000	0.0000	0.0000	0.0001	0.0001	0.0000	0.0001	0.0001	0.0000	0.0000	0.0000	0.0000	0.2095	0.1936	0.0159	0.1216	0.1178	0.0038	0.0879	0.0758	0.0121	0.0878	0.0494	0.0384	0.0240	0.0215	0.0025	0.0638	0.0279	0.0359	0.2986	0.1728	5.0570	0.1562	0.1449	0.0121	0.2306	0.0038	6.6307	0.0008	0.0014	0.0000	0.0025	0.0028	0.0000	0.0002	0.0004	0.0000
2	69	0.2321	5	0	0	0	1	0	0	0	0	N	N	N	N	N	N	N	N	N	N	N	N	1.3779	1.9815	0.2433	3.3707	4.3506	0.0127	0.0357	0.0061	0.3742	0.0105	0.0113	0.0010	0.0186	0.0192	0.0001	0.0004	0.0003	0.0013	0.0076	0.0057	0.0042	0.0055	0.0044	0.0117	0.0117	0.0468	0.0034	0.0075	1.7184	-0.0010	0.0000	1.7046	27.6811	4.0008	13.1592	0.0037	0.0037	0.0000	0.0036	0.0036	0.0000	0.0001	0.0000	0.0000	0.0004	0.0001	0.0002	0.0001	0.0001	0.0000	0.0003	0.0001	0.0002	0.3508	0.3241	0.0268	0.1942	0.1885	0.0057	0.1566	0.1356	0.0210	0.1283	0.0669	0.0614	0.0200	0.0182	0.0018	0.1083	0.0487	0.0596	3.8242	5.8244	0.2830	4.0447	4.9224	0.0127	0.1743	0.2388	0.3742	0.0027	0.0019	0.0036	0.0046	0.0039	0.0117	0.0024	0.0012	0.0034
2	70	0.1973	4	0	0	0	1	0	0	0	0	N	N	N	N	N	N	N	N	N	N	N	N	1.6407	1.0419	0.9193	1.1655	1.2477	0.0130	0.2377	0.2714	1.4775	0.0146	0.0157	0.0017	0.0258	0.0266	0.0003	0.0007	0.0005	0.0021	0.0089	0.0150	0.0019	0.0221	0.0213	0.0252	0.0029	0.0017	0.0015	0.0095	0.3838	-0.0011	-0.0001	1.7046	19.6565	4.0008	4.0504	0.0039	0.0038	0.0000	0.0038	0.0038	0.0000	0.0001	0.0000	0.0000	0.0003	0.0002	0.0001	0.0002	0.0002	0.0000	0.0001	0.0000	0.0001	0.2653	0.2444	0.0209	0.1465	0.1420	0.0046	0.1188	0.1025	0.0163	0.0956	0.0534	0.0422	0.0179	0.0171	0.0008	0.0777	0.0363	0.0414	4.8109	3.9955	0.9193	2.0258	2.1852	0.0137	0.8880	13.7240	1.4775	0.0030	0.0039	0.0019	0.0127	0.0122	0.0239	0.0008	0.0000	0.0015
2	71	0.3530	8	1	1	0	1	0	0	0	0	N	N	N	N	N	N	N	N	N	N	N	N	2362.3996	3475.2328	0.0000	0.0000	0.0000	6811.7583	inf	0.0000	0.0001	0.0001	0.0000	0.0000	0.0000	0.0000	0.0002	0.0003	0.0000	0.0000	0.0000	0.0000	0.0000	0.0000	0.0000	0.0000	0.0000	0.0000	0.0000	1.4000	-0.0000	-0.0000	1.7046	17.5448	4.0008	6.0013	0.0000	0.0000	0.0000	0.0000	0.0000	0.0000	0.0000	0.0000	0.0000	0.0000	0.0000	0.0000	0.0000	0.0000	0.0000	0.0000	0.0000	0.0000	0.1548	0.1410	0.0138	0.0743	0.0713	0.0030	0.0806	0.0697	0.0108	0.0658	0.0368	0.0291	0.0165	0.0134	0.0030	0.0494	0.0233	0.0260	2362.3996	3475.2328	0.0000	0.0000	0.0000	0.0000	6811.7583	inf	0.0000	0.0000	0.0000	0.0000	0.0000	0.0000	0.0000	0.0000	0.0000	0.0000	
2	72	0.4214	11	1	1	1	1	0	0	0	0	N	N	N	N	N	N	N	N	N	N	N	N	0.0000	0.0000	0.0000	0.0000	0.0000	0.0000	0.0000	0.0000	0.0000	0.0000	0.0000	0.0000	0.0000	0.0000	0.0000	0.0000	0.0000	0.0000	0.0000	0.0000	-0.0000	1.7046	1.8980	4.0008	2.9698	0.0000	0.0000	0.0000	0.0000	0.0000	0.0000	0.0000	0.0000	0.0000	0.0000	0.0000	0.0000	0.0000	0.0000	0.0000	0.0000	0.0000	0.0000	0.0207	0.0190	0.0017	0.0120	0.0116	0.0004	0.0087	0.0075	0.0013	0.0203	0.0136	0.0067	0.0083	0.0074	0.0009	0.0120	0.0062	0.0058	0.0000	0.0000	0.0000	0.0000	0.0000	0.0000	0.0000	0.0000	0.0000	0.0000	0.0000	0.0000	0.0000	0.0000	0.0000	0.0000	0.0000	0.0000										
2	73	0.4019	10	1	0	1	1	0	0	0	0	N	N	N	N	N	N	N	N	N	N	N	N	0.0072	0.0058	0.0007	0.0056	0.0068	0.0000	0.0330	0.0017	0.0296	0.0000	0.0000	0.0000	0.0000	0.0000	0.0000	0.0000	0.0000	0.0000	0.0009	0.0012	0.0004	0.0014	0.0012	0.0030	0.0001	0.0029	0.0000	0.0029	0.3159	-0.0000	-0.0000	1.7046	3.5853	4.0008	4.3819	0.0000	0.0000	0.0000	0.0000	0.0000	0.0000	0.0000	0.0000	0.0000	0.0000	0.0000	0.0000	0.0000	0.0000	0.0000	0.0000	0.0000	0.0000	0.0596	0.0554	0.0042	0.0315	0.0307	0.0008	0.0281	0.0247	0.0034	0.0274	0.0179	0.0095	0.0096	0.0084	0.0012	0.0178	0.0095	0.0083	0.0119	0.0110	0.0007	0.0056	0.0068	0.0000	0.0908	0.0608	0.0296	0.0005	0.0006	0.0004	0.0014	0.0012	0.0030	0.0000	0.0001	0.0000
2	74	0.3704	9	1	0	1	1	0	0	0	0	N	N	N	N	N	N	N	N	N	N	N	N	0.0904	0.0582	0.0044	0.0803	0.0712	1.1100	0.0958	0.0109	0.0034	0.0002	0.0002	0.0000	0.0001	0.0001	0.0000	0.0002	0.0002	0.0000	0.0017	0.0028	0.0004	0.0016	0.0019	0.0000	0.0018	0.0182	0.0005	0.0010	0.2350	-0.0000	-0.0000	1.7046	12.3589	4.0008	7.3592	0.0000	0.0000	0.0000	0.0000	0.0000	0.0000	0.0000	0.0000	0.0000	0.0001	0.0000	0.0000	0.0000	0.0000	0.0000	0.0000	0.0000	0.0000	0.1160	0.1060	0.0100	0.0567	0.0545	0.0022	0.0593	0.0515	0.0078	0.0623	0.0375	0.0248	0.0179	0.0153	0.0026	0.0444	0.0222	0.0222	0.1772	0.1440	0.0044	0.0803	0.0712	1.1100	0.3129	0.3062	0.0034	0.0008	0.0011	0.0004	0.0016	0.0019	0.0000	0.0006	0.0006	0.0005
2	75	0.3530	8	1	0	1	1	0	0	0	0	N	N	N	N	N	N	N	N	N	N	N	N	0.0007	0.0007	0.0000	0.0002	0.0002	0.0000	0.0019	0.0023	0.0000	0.0000	0.0000	0.0000	0.0000	0.0000	0.0000	0.0000	0.0000	0.0000	0.0020	0.0021	0.0011	0.0027	0.0025	0.0037	0.0013	0.0012	0.0008	0.0036	0.9092	-0.0000	-0.0000	1.7046	10.2127	4.0008	1.0234	0.0000	0.0000	0.0000	0.0000	0.0000	0.0000	0.0000	0.0000	0.0000	0.0000	0.0000	0.0000	0.0000	0.0000	0.0000	0.0000	0.0000	0.0000	0.0947	0.0862	0.0085	0.0463	0.0443	0.0019	0.0484	0.0418	0.0065	0.0323	0.0181	0.0143	0.0081	0.0066	0.0015	0.0242	0.0114	0.0128	0.0015	0.0017	0.0000	0.0002	0.0002	0.0000	0.0058	0.1796	0.0000	0.0010	0.0009	0.0011	0.0027	0.0025	0.0037	0.0004	0.0000	0.0008
2	76	0.3498	7	1	0	0	1	0	0	0	0	N	N	N	N	N	N	N	N	N	N	N	N	0.2317	0.2148	0.0000	0.0738	0.0623	0.5842	inf	0.0000	0.0000	0.0000	0.0000	0.0000	0.0000	0.0000	0.0000	0.0000	0.0000	0.0000	0.0000	0.0000	0.0000	0.0000	0.0000	0.0000	0.0000	0.0000	0.0000	0.5172	-0.0000	-0.0000	1.7046	3.7027	4.0008	0.0091	0.0000	0.0000	0.0000	0.0000	0.0000	0.0000	0.0000	0.0000	0.0000	0.0000	0.0000	0.0000	0.0000	0.0000	0.0000	0.0000	0.0000	0.0000	0.0351	0.0321	0.0031	0.0166	0.0160	0.0006	0.0185	0.0160	0.0025	0.0109	0.0061	0.0048	0.0027	0.0022	0.0005	0.0081	0.0038	0.0043	0.2317	0.2148	0.0000	0.0738	0.0623	0.0000	0.5842	inf	0.0000	0.0000	0.0000	0.0000	0.0000	0.0000	0.0000	0.0000	0.0000	0.0000	
2	77	0.3328	6	0	0	0	1	0	0	0	0	N	N	N	N	N	N	N	N	N	N	N	N	1568.5577	700.1904	0.2573	893.0476	796.5947	0.0000	58.2434	3.2776	0.4470	0.9531	0.9655	0.0000	1.0223	1.0262	0.0000	0.0153	0.0176	0.0000	0.0006	0.0014	0.0000	0.0011	0.0013	0.0000	0.0003	0.0054	0.0000	0.0000	0.0044	-0.0753	-0.0000	1.7046	3.8334	4.0008	6.1787	0.2623	0.2623	0.0000	0.2620	0.2620	0.0000	0.0003	0.0003	0.0000	0.0000	0.0000	0.0000	0.0000	0.0000	0.0000	0.0000	0.0000	0.0000	0.2752	0.2717	0.0035	0.2563	0.2553	0.0010	0.0189	0.0164	0.0025	0.0402	0.0240	0.0162	0.0124	0.0110	0.0014	0.0278	0.0130	0.0148	2263.3581	1372.7766	0.2573	893.0476	796.5947	0.0000	152.8710	83.9555	0.4470	0.0004	0.0007	0.0000	0.0011	0.0013	0.0000	0.0001	0.0002	0.0000
2	78	0.2937	5	0	0	0	1	0	0	0	0	N	N	N	N	N	N	N	N	N	N	N	N	49.4363	11.6033	1.8156	51.2735	41.6428	0.0004	2.9229	0.0946	3.0128	1.3119	1.3645	0.0007	1.6880	1.7077	0.0000	0.0172	0.0197	0.0009	0.0265	0.1176	0.0004	0.0329	0.0410	0.0011	0.0059	0.2083	0.0003	0.0000	0.0241	-0.1424	-0.0004	1.7046	16.9094	4.0008	5.8161	0.4959	0.4959	0.0000	0.4945	0.4945	0.0000	0.0015	0.0015	0.0000	0.0006	0.0006	0.0000	0.0005	0.0005	0.0000	0.0001	0.0001	0.0000	0.3780	0.3634	0.0146	0.2929	0.2896	0.0034	0.0851	0.0739	0.0112	0.0949	0.0573	0.0376	0.0303	0.0266	0.0038	0.0646	0.0308	0.0338	203.1903	130.7226	1.8156	99.1316	88.6035	0.0004	11.5404	7.0265	3.0128	0.0065	0.0104	0.0004	0.0170	0.0193	0.0011	0.0015	0.0028	0.0003
2	79	0.2194	5	0	1	0	1	0	0	0	0	N	N	N	N	N	N	N	N	N	N	N	N	0.3633	11.9604	0.0000	41.2312	32.0861	0.0000	0.0023	4.2990	0.0000	2.5480	2.7610	0.0005	4.6771	4.8126	0.0000	0.0205	0.0236	0.0006	7.0130	0.2308	23.6371	0.1134	0.1500	0.0038	8.8735	0.0055	28.1953	0.0000	877.8638	-0.1973	0.3584	1.7046	23.9173	4.0008	17.8091	0.6871	0.6870	0.0000	0.6845	0.6845	0.0000	0.0025	0.0025	0.0000	0.9673	0.0011	0.9662	0.0011	0.0011	0.0000	0.9662	0.0000	0.9662	0.2696	0.2488	0.0208	0.1464	0.1422	0.0041	0.1233	0.1066	0.0167	0.1379	0.0746	0.0633	0.0290	0.0238	0.0053	0.1089	0.0509	0.0580	0.3633	187.2187	0.0000	122.4211	105.0121	0.0000	0.0023	109.6218	0.0000	7.0130	0.0147	15.2641	0.0382	0.0458	0.0038	8.8735	0.0002	16.6493
2	80	0.2034	4	0	1	0	1	0	0	0	0	N	N	N	N	N	N	N	N	N	N	N	N	0.0014	0.0009	0.0000	0.0005	0.0005	0.0000	0.0001	0.1279	0.0000	0.0025	0.0027	0.0000	0.0046	0.0047	0.0000	0.0001	0.0001	0.0000	1.7821	3.0248	0.3933	9.2374	9.7105	0.0001	0.5661	0.0005	0.3134	0.0001	0.0180	-0.0001	-0.0425	1.7046	6.1279	4.0008	3.6878	0.0002	0.0002	0.0000	0.0002	0.0002	0.0000	0.0000	0.0000	0.0000	0.0696	0.0683	0.0012	0.0683	0.0683	0.0000	0.0012	0.0000	0.0012	0.0736	0.0680	0.0056	0.0400	0.0390	0.0010	0.0336	0.0290	0.0046	0.0390	0.0226	0.0164	0.0074	0.0070	0.0004	0.0316	0.0156	0.0161	0.0014	0.0009	0.0000	0.0005	0.0005	0.0000	0.0014	24.5430	0.0000	1.7821	3.0248	0.0747	9.2374	9.7105	0.0001	0.0388	0.0000	0.0764
2	81	0.2915	8	1	0	1	1	0	0	0	0	N	N	N	N	N	N	N	N	N	N	N	N	1.6587	3.1685	0.0000	14.0469	12.0225	0.1900	0.0287	0.0000	0.0002	0.0002	0.0000	0.0004	0.0004	0.0000	0.0001	0.0001	0.0000	0.0001	0.0001	0.0002	0.0000	0.0000	0.0000	0.0004	0.0032	0.0002	0.0000	2.0472	-0.0000	0.0000	1.7046	27.2690	4.0008	12.3406	0.0000	0.0000	0.0000	0.0000	0.0000	0.0000	0.0000	0.0000	0.0000	0.0000	0.0000	0.0000	0.0000	0.0000	0.0000	0.0000	0.0000	0.0000	0.2313	0.2098	0.0215	0.1029	0.0992	0.0037	0.1284	0.1105	0.0179	0.1218	0.0693	0.0525	0.0309	0.0255	0.0054	0.0909	0.0438	0.0471	1.6587	3.1718	0.0000	14.0469	12.0225	0.0000	0.5025	0.9681	0.0000	0.0001	0.0001	0.0002	0.0000	0.0000	0.0000	0.0002	0.0001	0.0002	
2	82	0.2761	7	0	0	0	1	0	0	0	0	N	N	N	N	N	N	N	N	N	N	N	N	3.9236	3.2446	0.0031	16.3448	14.2905	0.0000	0.0367	0.0032	0.0035	0.0174	0.0191	0.0000	0.0360	0.0373	0.0000	0.0002	0.0003	0.0000	0.0044	0.0059	0.0014	0.0022	0.0026	0.0005	0.0064	0.0851	0.0015	0.0000	0.5610	-0.0005	-0.0000	1.7046	9.0798	4.0008	0.9519	0.0016	0.0016	0.0000	0.0016	0.0016	0.0000	0.0000	0.0000	0.0000	0.0001	0.0000	0.0000	0.0000	0.0000	0.0000	0.0000	0.0000	0.0000	0.0928	0.0848	0.0080	0.0446	0.0431	0.0015	0.0482	0.0417	0.0065	0.0319	0.0178	0.0140	0.0077	0.0063	0.0015	0.0241	0.0115	0.0126	9.9534	9.5169	0.0031	16.3448	14.2905	0.0000	0.1456	0.1607	0.0035	0.0018	0.0020	0.0014	0.0022	0.0026	0.0005	0.0016	0.0017	0.0015
2	83	0.2034	4	0	1	0	1	0	0	0	0	N	N	N	N	N	N	N	N	N	N	N	N	0.0000	0.0000	0.0000	0.0000	0.0000	0.0000	0.0000	0.0000	0.0000	0.0000	0.0000	0.0000	0.0000	0.0000	0.0000	0.0000	0.0000	0.0000	0.0000	0.0000	0.0000	0.0000	inf	0.0000	0.0000	1.7046	21.0000	4.0008	14.4214	0.0000	0.0000	0.0000	0.0000	0.0000	0.0000	0.0000	0.0000	0.0000	0.0000	0.0000	0.0000	0.0000	0.0000	0.0000	0.0000	0.0000	0.0000	0.2367	0.2184	0.0183	0.1259	0.1227	0.0032	0.1108	0.0958	0.0150	0.1161	0.0635	0.0527	0.0169	0.0156	0.0012	0.0993	0.0478	0.0514	0.0000	0.0000	0.0000	0.0000	0.0000	0.0000	0.0000	0.0000	0.0000	0.0000	0.0000	0.0000	0.0000	0.0000	0.0000	0.0000	0.0000	0.0000						
2	84	0.2610	8	0	0	1	1	0	0	0	0	N	N	N	N	N	N	N	N	N	N	N	N	0.0097	0.0041	0.0000	0.0053	0.0044	0.0000	0.0000	0.0000	0.0000	0.0000	0.0001	0.0001	0.0000	0.0000	0.0000	0.0000	0.0044	0.0113	0.0000	0.0140	0.0173	0.0000	0.0000	0.0000	0.0000	0.0000	0.0000	-0.0000	-0.0001	1.7046	20.4085	4.0008	11.0867	0.0000	0.0000	0.0000	0.0000	0.0000	0.0000	0.0000	0.0000	0.0000	0.0002	0.0002	0.0000	0.0002	0.0002	0.0000	0.0000	0.0000	0.0000	0.2376	0.2198	0.0177	0.1380	0.1337	0.0043	0.0996	0.0862	0.0134	0.0922	0.0497	0.0425	0.0177	0.0151	0.0026	0.0745	0.0346	0.0399	0.0246	0.0143	0.0000	0.0081	0.0072	0.0000	0.0000	0.0000	0.0000	0.0017	0.0032	0.0000	0.0091	0.0106	0.0000	0.0000	0.0000	0.0000		
2	85	0.2573	7	0	0	1	1	0	0	0	0	N	N	N	N	N	N	N	N	N	N	N	N	1.3606	0.5713	12.1652	0.4669	1.0367	0.0000	1.1356	0.0000	1151.6630	0.0002	0.0001	0.0013	0.0002	0.0002	0.0000	0.0003	0.0000	0.0020	0.0002	0.0002	0.0001	0.0004	0.0002	0.0018	0.0002	0.0051	0.0000	0.9919	0.4510	0.0000	-0.0000	1.7046	3.1287	4.0008	1.1816	0.0000	0.0000	0.0000	0.0000	0.0000	0.0000	0.0000	0.0000	0.0000	0.0000	0.0000	0.0000	0.0000	0.0000	0.0000	0.0000	0.0000	0.0000	0.0490	0.0452	0.0038	0.0306	0.0294	0.0013	0.0184	0.0159	0.0025	0.0150	0.0085	0.0065	0.0033	0.0030	0.0004	0.0116	0.0056	0.0061	1.3606	0.6100	12.1652	0.4669	1.0367	0.0000	2.9424	0.0000	1151.6630	0.0002	0.0002	0.0001	0.0004	0.0002	0.0018	0.0001	0.0002	0.0000
2	86	0.2504	6	0	0	0	1	0	0	0	0	N	N	N	N	N	N	N	N	N	N	N	N	0.4522	48.6116	0.1107	0.2778	48.1766	0.0000	1.1830	0.0027	19.3398	0.0079	0.0083	0.0024	0.0123	0.0128	0.0000	0.0005	0.0000	0.0036	0.0174	0.0002	0.0216	0.0444	0.0003	0.3761	0.0004	0.0036	0.0002	0.0230	50.7979	-0.0001	0.0000	1.7046	4.0532	4.0008	2.2470	0.0004	0.0004	0.0000	0.0004	0.0004	0.0000	0.0000	0.0000	0.0000	0.0001	0.0000	0.0001	0.0001	0.0000	0.0001	0.0000	0.0000	0.0000	0.0570	0.0528	0.0042	0.0356	0.0342	0.0014	0.0215	0.0186	0.0028	0.0223	0.0127	0.0096	0.0051	0.0044	0.0007	0.0172	0.0082	0.0090	1.5997	49.6325	0.2139	0.5905	48.1766	0.0000	3.1639	0.0837	19.3398	0.0049	0.0002	0.0112	0.0209	0.0003	0.1537	0.0002	0.0001	0.0002
2	87	0.2272	5	0	0	0	1	0	0	0	0	N	N	N	N	N	N	N	N	N	N	N	N	0.3405	0.1006	0.0749	0.6837	0.6584	0.0000	0.0202	0.0009	0.5351	0.0060	0.0066	0.0000	0.0097	0.0102	0.0000	0.0004	0.0005	0.0000	0.0177	0.0659	0.0002	0.0141	0.0155	0.0037	0.0195	0.5035	0.0000	0.0003	0.0182	-0.0001	-0.0002	1.7046	4.7288	4.0008	9.8540	0.0005	0.0004	0.0000	0.0004	0.0004	0.0000	0.0000	0.0000	0.0000	0.0003	0.0003	0.0000	0.0001	0.0001	0.0000	0.0002	0.0002	0.0000	0.0749	0.0679	0.0070	0.0454	0.0430	0.0024	0.0295	0.0249	0.0046	0.0584	0.0344	0.0241	0.0144	0.0133	0.0011	0.0440	0.0211	0.0229	1.2098	0.7992	0.0749	1.0499	1.0553	0.0000	0.1102	0.0623	0.5351	0.0050	0.0083	0.0002	0.0092	0.0097	0.0037	0.0036	0.0074	0.0000
2	88	0.2034	4	0	0	0	1	0	0	0	0	N	N	N	N	N	N	N	N	N	N	N	N	0.0010	0.0005	0.0034	0.4241	0.4904	0.0000	0.0000	0.0000	0.0043	0.0002	0.0002	0.0000	0.0004	0.0004	0.0000	0.0000	0.0000	0.0000	0.1928	0.4343	0.0009	0.0009	0.0008	0.0025	0.2810	0.9662	0.0008	0.0011	0.0260	-0.0000	-0.0005	1.7046	8.6320	4.0008	7.0881	0.0000	0.0000	0.0000	0.0000	0.0000	0.0000	0.0000	0.0000	0.0000	0.0009	0.0009	0.0000	0.0000	0.0000	0.0000	0.0009	0.0009	0.0000	0.1025	0.0947	0.0078	0.0555	0.0542	0.0014	0.0470	0.0405	0.0065	0.0576	0.0324	0.0252	0.0097	0.0091	0.0006	0.0480	0.0233	0.0247	0.0132	0.0082	0.0034	0.4241	0.4904	0.0000	0.0002	0.0001	0.0043	0.0153	0.0264	0.0009	0.0009	0.0008	0.0025	0.0182	0.0365	0.0008
2	89	0.2711	6	0	1	0	1	0	0	0	0	N	N	N	N	N	N	N	N	N	N	N	N	24.4606	10.9246	1.4278	11.3763	11.1430	0.0000	18.8822	inf	5.7713	0.0176	0.0190	0.0000	0.0296	0.0305	0.0000	0.0001	0.0001	0.0001	0.0007	0.0017	0.0000	0.0026	0.0027	0.0009	0.0000	0.0000	0.0000	0.0002	0.0357	-0.0010	-0.0000	1.7046	15.4622	4.0008	5.2688	0.0034	0.0034	0.0000	0.0034	0.0034	0.0000	0.0000	0.0000	0.0000	0.0000	0.0000	0.0000	0.0000	0.0000	0.0000	0.0000	0.0000	0.0000	0.1958	0.1815	0.0143	0.1160	0.1127	0.0034	0.0798	0.0689	0.0109	0.0660	0.0362	0.0299	0.0115	0.0106	0.0008	0.0546	0.0255	0.0290	38.5185	23.5616	1.4278	11.3763	11.1430	0.0000	18.8822	inf	5.7713	0.0005	0.0008	0.0000	0.0026	0.0027	0.0009	0.0000	0.0000	0.0000
2	90	0.2593	5	0	0	0	1	0	0	0	0	N	N	N	N	N	N	N	N	N	N	N	N	9.3615	13.5410	1.2200	17.2818	15.7527	0.4262	0.2027	1.2838	1.5764	0.0346	0.0371	0.0025	0.0579	0.0598	0.0000	0.0009	0.0005	0.0033	0.0037	0.0027	0.0020	0.0034	0.0038	0.0001	0.0044	0.0004	0.0021	0.0052	1.4266	-0.0010	-0.0000	1.7046	7.5917	4.0008	1.5198	0.0036	0.0036	0.0000	0.0036	0.0036	0.0000	0.0000	0.0000	0.0000	0.0000	0.0000	0.0000	0.0000	0.0000	0.0000	0.0000	0.0000	0.0000	0.1054	0.0977	0.0077	0.0623	0.0604	0.0019	0.0431	0.0374	0.0058	0.0328	0.0182	0.0145	0.0063	0.0059	0.0004	0.0265	0.0123	0.0141	22.6800	32.8876	1.2200	17.6882	17.1766	0.4262	0.8023	293.1693	1.5764	0.0015	0.0011	0.0020	0.0033	0.0035	0.0001	0.0011	0.0000	0.0021
2	91	0.3686	9	1	0	1	1	0	0	0	0	N	N	N	N	N	N	N	N	N	N	N	N	0.0000	0.0000	0.0000	0.0000	0.0000	0.0000	0.0000	0.0000	0.0000	0.0000	0.0000	0.0000	0.0000	0.0000	0.0000	0.0000	0.0000	0.0000	-0.0000	0.0000	1.7046	3.0317	4.0008	0.1644	0.0000	0.0000	0.0000	0.0000	0.0000	0.0000	0.0000	0.0000	0.0000	0.0000	0.0000	0.0000	0.0000	0.0000	0.0000	0.0000	0.0000	0.0000	0.0265	0.0239	0.0026	0.0115	0.0110	0.0005	0.0150	0.0129	0.0021	0.0102	0.0057	0.0045	0.0026	0.0021	0.0005	0.0076	0.0036	0.0040	0.0000	0.0000	0.0000	0.0000	0.0000	0.0000	0.0000	0.0000	0.0000	0.0000	0.0000	0.0000	0.0000	0.0000	0.0000	0.0000	0.0000	0.0000											
2	92	0.3628	8	1	0	1	1	0	0	0	0	N	N	N	N	N	N	N	N	N	N	N	N	1220.7386	834.9375	6.2496	626.6054	551.2187	0.0000	152.9099	inf	11.1428	0.0051	0.0056	0.0000	0.0092	0.0097	0.0000	0.0001	0.0001	0.0000	0.0000	0.0000	0.0000	0.0000	0.0000	0.0000	0.0000	0.0000	0.0000	0.0001	0.0867	-0.0000	-0.0000	1.7046	2.6632	4.0008	1.0147	0.0002	0.0002	0.0000	0.0002	0.0002	0.0000	0.0000	0.0000	0.0000	0.0000	0.0000	0.0000	0.0000	0.0000	0.0000	0.0000	0.0000	0.0000	0.0318	0.0289	0.0029	0.0174	0.0164	0.0010	0.0144	0.0125	0.0019	0.0124	0.0071	0.0053	0.0032	0.0027	0.0006	0.0092	0.0044	0.0047	1220.7386	834.9375	6.2496	626.6054	551.2187	0.0000	152.9099	inf	11.1428	0.0000	0.0000	0.0000	0.0000	0.0000	0.0000	0.0000	0.0000	0.0000
2	93	0.2796	7	1	0	1	1	0	0	0	0	N	N	N	N	N	N	N	N	N	N	N	N	970.8455	423.2125	1569.8269	711.3751	569.7768	0.0322	5476.4877	inf	3559.8931	1.1780	1.2570	0.0028	1.8835	1.9217	0.0000	0.0028	0.0027	0.0035	0.0012	0.0030	0.0000	0.0026	0.0034	0.0000	0.0000	0.0000	0.0000	0.0002	0.0012	-0.1553	-0.0001	1.7046	35.0787	4.0008	12.2568	0.5412	0.5411	0.0001	0.5407	0.5407	0.0000	0.0005	0.0004	0.0001	0.0001	0.0001	0.0000	0.0001	0.0001	0.0000	0.0000	0.0000	0.0000	0.4594	0.4304	0.0289	0.2871	0.2813	0.0057	0.1723	0.1491	0.0232	0.1403	0.0788	0.0614	0.0352	0.0288	0.0064	0.1050	0.0500	0.0550	1770.4191	1062.7785	1569.8269	711.3751	593.2943	0.0322	5476.4877	inf	3559.8931	0.0007	0.0012	0.0000	0.0026	0.0032	0.0000	0.0000	0.0000	0.0000
2	94	0.2661	6	1	0	0	1	0	0	0	0	N	N	N	N	N	N	N	N	N	N	N	N	51.8132	40.4350	0.1196	57.3487	54.9225	0.2721	0.2391	13.7449	0.0696	1.2190	1.2814	0.0011	1.7199	1.7443	0.0039	0.0030	0.0034	0.0004	0.0235	0.0317	0.0092	0.0300	0.0318	0.0144	0.0124	0.0002	0.0056	0.0000	0.7413	-0.0619	-0.0000	1.7046	8.4810	4.0008	2.3446	0.2156	0.2156	0.0000	0.2154	0.2154	0.0000	0.0002	0.0001	0.0000	0.0002	0.0001	0.0001	0.0002	0.0001	0.0000	0.0001	0.0000	0.0001	0.1768	0.1682	0.0086	0.1252	0.1235	0.0018	0.0516	0.0447	0.0069	0.0364	0.0207	0.0157	0.0094	0.0077	0.0017	0.0270	0.0130	0.0140	202.8798	211.2913	0.1862	107.8394	107.0633	0.2721	1.1664	4109.5673	0.0790	0.0060	0.0061	0.0059	0.0159	0.0163	0.0144	0.0025	0.0000	0.0049
2	95	0.2034	4	0	1	0	2	0	0	0	0	N	N	N	Y	N	N	N	N	N	N	N	N	0.0000	0.0247	0.0000	0.0000	0.0000	0.0000	0.0001	0.0024	0.0000	0.0003	0.0003	0.0005	0.0000	0.0000	0.0000	0.0006	0.0006	0.0006	6.5821	0.0115	22.7778	0.0030	0.0026	0.0072	7.6571	0.2636	24.9019	0.1429	3721.3410	-0.0000	0.3594	1.7046	24.0032	4.0008	22.6134	0.0001	0.0001	0.0000	0.0000	0.0000	0.0000	0.0001	0.0001	0.0000	0.9678	0.0003	0.9675	0.0001	0.0000	0.0000	0.9677	0.0002	0.9675	0.2672	0.2465	0.0207	0.1415	0.1378	0.0037	0.1257	0.1087	0.0170	0.1470	0.0800	0.0670	0.0207	0.0191	0.0016	0.1264	0.0609	0.0655	0.0000	0.0874	0.0000	0.0000	0.0000	0.0000	0.0001	0.1869	0.0000	6.5821	0.0033	14.4321	0.0030	0.0026	0.0072	7.6571	0.0034	14.7819
2	96	0.6208	8	0	1	0	1	0	0	0	0	N	N	N	N	N	N	N	N	N	N	N	N	0.0081	0.0047	0.0000	0.0341	0.0277	0.0000	0.0000	0.0000	0.0000	0.0001	0.0001	0.0000	0.0001	0.0001	0.0000	0.0000	0.0000	0.0000	0.0074	0.0141	0.0009	0.0033	0.0043	0.0000	0.0103	0.2739	0.0010	0.0001	0.1370	-0.0000	-0.0001	1.7046	18.5150	4.0008	10.2301	0.0000	0.0000	0.0000	0.0000	0.0000	0.0000	0.0000	0.0000	0.0000	0.0002	0.0002	0.0000	0.0001	0.0001	0.0000	0.0001	0.0001	0.0000	0.1656	0.1518	0.0138	0.0880	0.0846	0.0033	0.0777	0.0672	0.0105	0.0880	0.0555	0.0325	0.0376	0.0324	0.0053	0.0504	0.0232	0.0272	0.0225	0.0176	0.0000	0.0348	0.0311	0.0000	0.0001	0.0000	0.0000	0.0027	0.0037	0.0009	0.0033	0.0038	0.0000	0.0022	0.0037	0.0010
2	97	0.2325	5	0	1	0	1	0	0	0	0	N	N	N	N	N	N	N	N	N	N	N	N	0.8232	0.8525	1.9248	0.1697	0.7484	0.0000	1.2900	0.0617	262.9884	0.0004	0.0004	0.0008	0.0002	0.0003	0.0000	0.0006	0.0005	0.0010	0.0005	0.0005	0.0004	0.0015	0.0003	0.0126	0.0005	0.0088	0.0000	0.1760	0.9375	-0.0000	-0.0000	1.7046	46.1140	4.0008	26.4917	0.0002	0.0002	0.0000	0.0001	0.0001	0.0000	0.0001	0.0001	0.0000	0.0001	0.0000	0.0000	0.0000	0.0000	0.0000	0.0000	0.0000	0.0000	0.4778	0.4404	0.0375	0.2449	0.2381	0.0069	0.2329	0.2023	0.0306	0.2063	0.1161	0.0902	0.0323	0.0294	0.0030	0.1740	0.0868	0.0872	1.1174	1.1246	1.9248	0.1697	0.7484	0.0000	3.4466	1.5714	262.9884	0.0004	0.0003	0.0004	0.0015	0.0003	0.0126	0.0002	0.0003	0.0000
2	98	0.6737	10	0	1	0	1	0	0	0	0	N	N	N	N	N	N	N	N	N	N	N	N	4.3676	1.9467	86340.9982	4.5848	3.4065	inf	29.2988	inf	71.5145	0.0032	0.0030	0.0061	0.0055	0.0049	0.0234	0.0000	0.0000	0.0000	0.0007	0.0015	0.0000	0.0012	0.0014	0.0000	0.0000	0.0000	0.0000	0.1656	0.0001	-0.0001	-0.0000	1.7046	20.7840	4.0008	8.9470	0.0006	0.0005	0.0001	0.0006	0.0005	0.0001	0.0000	0.0000	0.0000	0.0000	0.0000	0.0000	0.0000	0.0000	0.0000	0.0000	0.0000	0.0000	0.1736	0.1605	0.0131	0.1012	0.0978	0.0034	0.0724	0.0627	0.0097	0.0627	0.0386	0.0241	0.0243	0.0203	0.0040	0.0384	0.0183	0.0202	6.9030	3.9424	86340.9982	4.5848	3.4065	inf	29.2988	inf	71.5145	0.0005	0.0008	0.0000	0.0012	0.0014	0.0000	0.0000	0.0000	0.0000
2	99	0.6688	9	0	0	0	1	0	0	0	0	N	N	N	N	N	N	N	N	N	N	N	N	2.6210	5.3592	0.0074	16.4971	15.0538	47.3211	0.0008	0.0189	0.0005	0.0314	0.0348	0.0001	0.0507	0.0542	0.0002	0.0000	0.0000	0.0000	0.0120	0.0065	0.0096	0.0031	0.0036	0.0000	0.0246	0.0011	0.0084	0.0002	1.9833	-0.0005	0.0000	1.7046	2.7834	4.0008	1.0450	0.0017	0.0017	0.0000	0.0017	0.0017	0.0000	0.0000	0.0000	0.0000	0.0001	0.0000	0.0000	0.0000	0.0000	0.0000	0.0000	0.0000	0.0000	0.0528	0.0476	0.0053	0.0327	0.0306	0.0021	0.0202	0.0170	0.0032	0.0158	0.0093	0.0065	0.0065	0.0060	0.0005	0.0094	0.0033	0.0061	8.3741	16.2896	0.0118	16.4971	16.3519	47.3211	0.0045	1.5776	0.0007	0.0037	0.0021	0.0060	0.0031	0.0033	0.0000	0.0042	0.0000	0.0065
2	100	0.6587	8	0	0	0	1	0	0	0	0	N	N	N	N	N	N	N	N	N	N	N	N	5.1175	3.7005	2.4317	14.2308	11.1142	58.4194	0.2254	0.0878	1.9957	0.0222	0.0242	0.0018	0.0350	0.0369	0.0003	0.0004	0.0000	0.0028	0.0043	0.0066	0.0008	0.0025	0.0033	0.0000	0.0020	0.0004	0.0014	0.0074	0.1567	-0.0007	-0.0001	1.7046	7.6044	4.0008	2.7972	0.0025	0.0025	0.0000	0.0025	0.0025	0.0000	0.0000	0.0000	0.0000	0.0001	0.0001	0.0000	0.0001	0.0001	0.0000	0.0000	0.0000	0.0000	0.1131	0.1030	0.0101	0.0715	0.0676	0.0039	0.0416	0.0354	0.0062	0.0869	0.0601	0.0268	0.0526	0.0402	0.0123	0.0343	0.0198	0.0145	12.9486	11.2851	2.4317	14.2308	11.5194	58.4194	0.7535	20.4994	1.9957	0.0017	0.0021	0.0008	0.0025	0.0032	0.0000	0.0006	0.0000	0.0014
2	101	0.6091	7	0	0	0	1	0	0	0	0	N	N	N	N	N	N	N	N	N	N	N	N	0.0081	0.0072	0.0014	0.0066	0.0087	0.0000	0.0122	0.0003	0.3068	0.0083	0.0087	0.0037	0.0144	0.0150	0.0000	0.0007	0.0001	0.0050	1.0219	1.2002	2.6655	2.2039	1.7351	16.5845	0.0610	0.2874	0.0161	0.0383	0.9034	-0.0004	-0.0046	1.7046	18.4780	4.0008	12.4520	0.0014	0.0014	0.0001	0.0014	0.0014	0.0000	0.0001	0.0000	0.0001	0.0299	0.0157	0.0142	0.0296	0.0156	0.0139	0.0004	0.0001	0.0003	0.1706	0.1565	0.0141	0.0935	0.0899	0.0036	0.0771	0.0666	0.0105	0.0855	0.0537	0.0318	0.0366	0.0306	0.0060	0.0489	0.0231	0.0258	0.0236	0.0296	0.0083	0.0179	0.0295	0.0000	0.1022	0.0210	0.4775	0.3498	0.2924	0.4469	0.8067	0.5101	2.3208	0.0073	0.0038	0.0104
2	102	0.2451	5	0	1	0	1	0	0	0	0	N	N	N	N	N	N	N	N	N	N	N	N	12.1354	6.2575	0.2446	0.0039	0.0041	0.0137	554.9734	34.5813	0.6572	2.1171	2.2978	0.0009	0.0009	0.0009	0.0007	4.7787	5.5312	0.0010	0.1745	0.3672	0.0039	0.2249	0.2180	0.0481	0.0086	0.1599	0.0016	0.0000	0.1097	-0.2870	-0.0015	1.7046	34.1922	4.0008	22.4626	0.9998	0.9998	0.0000	0.0002	0.0002	0.0000	0.9996	0.9995	0.0000	0.0029	0.0026	0.0003	0.0026	0.0024	0.0002	0.0003	0.0002	0.0001	0.4723	0.4351	0.0372	0.2631	0.2544	0.0087	0.2092	0.1807	0.0285	0.2020	0.1195	0.0825	0.0479	0.0436	0.0043	0.1542	0.0759	0.0782	148.2271	105.6055	0.2744	0.0163	0.0160	0.0175	2450.7472	2370.8485	0.6572	0.0143	0.0218	0.0035	0.0540	0.0556	0.0376	0.0019	0.0023	0.0016
2	103	0.1973	4	0	1	0	1	0	0	0	0	N	N	N	N	N	N	N	N	N	N	N	N	0.0070	0.0101	0.0696	0.1012	0.0976	0.2980	0.0046	0.0023	0.0506	0.0023	0.0020	0.0057	0.0027	0.0023	0.0142	0.0018	0.0015	0.0035	0.3268	0.1959	0.0825	0.0268	0.0240	0.0475	0.3844	0.6668	0.0684	0.2468	1.9736	-0.0001	0.0001	1.7046	22.5884	4.0008	11.0115	0.0007	0.0005	0.0001	0.0004	0.0004	0.0001	0.0002	0.0002	0.0001	0.0027	0.0009	0.0018	0.0003	0.0003	0.0000	0.0024	0.0006	0.0017	0.2949	0.2717	0.0232	0.1612	0.1563	0.0049	0.1337	0.1154	0.0183	0.1246	0.0685	0.0562	0.0208	0.0197	0.0011	0.1038	0.0488	0.0550	0.1056	0.1501	0.1802	0.1864	0.1774	0.3770	0.0769	0.1136	0.1090	0.0216	0.0132	0.0319	0.0145	0.0132	0.0376	0.0231	0.0133	0.0317
2	104	0.1672	3	0	0	0	1	0	0	0	0	N	N	N	N	N	N	N	N	N	N	N	N	0.2189	0.5933	0.1407	0.4847	0.6108	0.0568	0.0182	0.1150	0.1809	0.0030	0.0031	0.0017	0.0051	0.0053	0.0021	0.0004	0.0002	0.0016	0.0138	0.0053	0.0122	0.0106	0.0086	0.0364	0.0204	0.0015	0.0089	0.0472	3.3760	-0.0001	0.0000	1.7046	11.8100	4.0008	8.7888	0.0005	0.0005	0.0000	0.0005	0.0005	0.0000	0.0000	0.0000	0.0000	0.0003	0.0001	0.0003	0.0001	0.0001	0.0000	0.0002	0.0000	0.0002	0.1623	0.1495	0.0129	0.0899	0.0869	0.0030	0.0724	0.0625	0.0099	0.0796	0.0432	0.0364	0.0129	0.0123	0.0006	0.0667	0.0309	0.0358	0.7035	1.7321	0.2370	0.6935	0.8375	0.0672	0.1011	6.7957	0.2352	0.0043	0.0018	0.0072	0.0074	0.0063	0.0307	0.0037	0.0000	0.0068
2	106	0.2761	7	0	1	0	1	0	0	0	0	N	N	N	N	N	N	N	N	N	N	N	N	55.1019	27.0248	8139.0741	27.9538	23.3384	7237.1453	inf	8887.8880	0.0089	0.0097	0.0006	0.0190	0.0197	0.0000	0.0003	0.0002	0.0007	0.0002	0.0004	0.0000	0.0007	0.0008	0.0000	0.0000	0.0000	0.0000	0.0062	0.0002	-0.0005	-0.0000	1.7046	20.0414	4.0008	7.0324	0.0016	0.0016	0.0000	0.0016	0.0016	0.0000	0.0000	0.0000	0.0000	0.0000	0.0000	0.0000	0.0000	0.0000	0.0000	0.0000	0.0000	0.0000	0.1838	0.1673	0.0165	0.0841	0.0811	0.0030	0.0997	0.0862	0.0135	0.0817	0.0455	0.0362	0.0193	0.0156	0.0038	0.0624	0.0299	0.0324	55.1019	33.5322	8139.0741	27.9538	23.3384	0.0000	7237.1453	inf	8887.8880	0.0002	0.0003	0.0000	0.0007	0.0008	0.0000	0.0000	0.0000	0.0000	
2	107	0.2661	6	0	0	0	1	0	0	0	0	N	N	N	N	N	N	N	N	N	N	N	N	25.3370	8.1886	0.2780	17.7504	13.2687	0.0000	2.1572	inf	0.4229	0.4264	0.4465	0.0003	0.5823	0.5899	0.0000	0.0031	0.0035	0.0004	0.0168	0.0545	0.0011	0.0328	0.0445	0.0025	0.0014	0.0000	0.0009	0.0000	0.1046	-0.0202	-0.0001	1.7046	7.0315	4.0008	1.2144	0.0705	0.0704	0.0000	0.0703	0.0703	0.0000	0.0001	0.0001	0.0000	0.0001	0.0001	0.0000	0.0001	0.0001	0.0000	0.0000	0.0000	0.0000	0.1652	0.1578	0.0074	0.1208	0.1192	0.0016	0.0445	0.0386	0.0059	0.0285	0.0164	0.0122	0.0076	0.0062	0.0014	0.0209	0.0101	0.0108	87.6210	58.1165	0.2780	34.2800	29.3071	0.0000	6.7109	inf	0.4229	0.0049	0.0077	0.0011	0.0170	0.0201	0.0025	0.0005	0.0000	0.0009
2	108	0.2325	5	0	0	0	1	0	0	0	0	N	N	N	N	N	N	N	N	N	N	N	N	2.6061	1.9656	135.9141	1.0474	0.9813	0.0000	47033.2230	458.7196	559.1488	3.4394	3.7213	0.0004	6.4249	6.5857	0.0000	0.0272	0.0313	0.0005	1.3197	1.8932	0.0000	6.1345	6.7109	0.0001	0.0000	0.0001	0.0000	0.0000	0.0000	-0.1928	-0.0435	1.7046	16.2725	4.0008	4.4748	0.6713	0.6713	0.0000	0.6689	0.6689	0.0000	0.0025	0.0025	0.0000	0.0693	0.0693	0.0000	0.0693	0.0693	0.0000	0.0000	0.0000	0.0000	0.1952	0.1804	0.0148	0.1041	0.1016	0.0025	0.0911	0.0788	0.0122	0.0675	0.0379	0.0295	0.0113	0.0103	0.0010	0.0562	0.0276	0.0286	3.3512	2.0391	135.9141	1.0474	0.9813	0.0000	47033.2230	160299.8688	559.1488	1.0263	1.8250	0.0000	6.1345	6.7109	0.0001	0.0000	0.0000	0.0000
2	109	0.2852	6	0	1	0	1	0	0	0	0	N	N	N	N	N	N	N	N	N	N	N	N	0.4331	0.1766	16.4062	0.1343	0.1107	1.8244	230.3130	8.2775	82.8445	0.0007	0.0007	0.0009	0.0007	0.0007	0.0027	0.0006	0.0006	0.0004	0.0016	0.0037	0.0001	0.0055	0.0062	0.0015	0.0000	0.0001	0.0000	0.1129	0.0317	-0.0001	-0.0001	1.7046	40.5309	4.0008	14.7974	0.0003	0.0003	0.0000	0.0002	0.0002	0.0000	0.0001	0.0001	0.0000	0.0001	0.0001	0.0000	0.0001	0.0001	0.0000	0.0000	0.0000	0.0000	0.4346	0.4019	0.0327	0.2403	0.2330	0.0073	0.1942	0.1689	0.0254	0.1641	0.0907	0.0734	0.0288	0.0263	0.0025	0.1353	0.0644	0.0709	0.8363	0.4632	16.4062	0.1612	0.1387	1.8244	230.3130	2858.2405	82.8445	0.0008	0.0014	0.0001	0.0046	0.0049	0.0015	0.0000	0.0000	0.0000
2	110	0.2593	5	0	1	0	1	0	0	0	0	N	N	N	N	N	N	N	N	N	N	N	N	0.3038	1.2510	0.0105	1.3629	1.3076	2.0772	0.0558	0.2294	0.0051	0.0023	0.0025	0.0001	0.0034	0.0035	0.0002	0.0008	0.0009	0.0000	0.0075	0.0020	0.0072	0.0025	0.0027	0.0001	0.0137	0.0038	0.0058	0.0024	4.6317	-0.0001	0.0000	1.7046	13.5236	4.0008	3.5331	0.0004	0.0004	0.0000	0.0003	0.0003	0.0000	0.0001	0.0001	0.0000	0.0002	0.0000	0.0001	0.0000	0.0000	0.0000	0.0001	0.0000	0.0001	0.1712	0.1587	0.0125	0.0985	0.0956	0.0029	0.0727	0.0631	0.0097	0.0568	0.0311	0.0257	0.0098	0.0091	0.0007	0.0469	0.0220	0.0250	0.8419	2.7966	0.0154	1.3629	1.3076	2.0772	0.2780	6.7378	0.0058	0.0027	0.0009	0.0049	0.0025	0.0027	0.0001	0.0028	0.0001	0.0051
2	111	0.2034	4	0	0	0	1	0	0	0	0	N	N	N	N	N	N	N	N	N	N	N	N	4.0120	8.5485	0.0942	2.8143	3.0413	0.0024	1.1618	2.8281	0.1178	0.0014	0.0015	0.0000	0.0020	0.0021	0.0000	0.0007	0.0008	0.0000	0.0004	0.0002	0.0004	0.0007	0.0007	0.0012	0.0006	0.0003	0.0004	0.0023	2.1240	-0.0001	0.0000	1.7046	16.9399	4.0008	15.9768	0.0003	0.0003	0.0000	0.0002	0.0002	0.0000	0.0001	0.0001	0.0000	0.0000	0.0000	0.0000	0.0000	0.0000	0.0000	0.0000	0.0000	0.0000	0.1942	0.1792	0.0149	0.1039	0.1013	0.0026	0.0903	0.0780	0.0123	0.1090	0.0597	0.0493	0.0160	0.0148	0.0012	0.0930	0.0448	0.0482	4.8213	8.9110	0.0942	2.8143	3.0413	0.0024	3.1795	782.6647	0.1178	0.0003	0.0002	0.0004	0.0007	0.0007	0.0012	0.0002	0.0000	0.0004
2	112	0.3077	8	1	1	0	2	0	0	0	0	N	N	N	Y	N	N	N	N	N	N	N	N	0.0002	0.0001	0.0000	0.0000	0.0003	0.0001	0.0000	0.0000	0.0000	0.0000	0.0000	0.0000	0.0001	0.0001	0.0000	0.1972	0.4166	0.0000	0.0344	0.0440	0.0000	0.2133	0.8864	0.0000	0.0000	0.0000	-0.0000	-0.0001	1.7046	0.0019	4.0008	1.9928	0.0000	0.0000	0.0000	0.0000	0.0000	0.0000	0.0000	0.0000	0.0000	0.0001	0.0001	0.0000	0.0000	0.0000	0.0000	0.0001	0.0001	0.0000	0.0000	0.0000	0.0000	0.0000	0.0000	0.0000	0.0000	0.0000	0.0000	0.0065	0.0039	0.0025	0.0017	0.0015	0.0002	0.0048	0.0024	0.0023	0.0021	0.0014	0.0000	0.0000	0.0000	0.0000	0.0048	0.0031	0.0000	0.0154	0.0253	0.0000	0.0176	0.0199	0.0000	0.0146	0.0287	0.0000			
2	113	0.2842	7	1	1	0	2	0	0	0	0	N	N	N	Y	N	N	N	N	N	N	N	N	1.6268	0.7624	5.0599	0.0004	0.0003	0.0000	40.8777	0.6539	6.5517	0.0004	0.0004	0.0000	0.0000	0.0000	0.0000	0.0008	0.0009	0.0000	0.0002	0.0005	0.0000	0.0009	0.0010	0.0000	0.0000	0.0014	0.0000	0.0005	0.0008	-0.0000	-0.0000	1.7046	8.6942	4.0008	6.0502	0.0000	0.0000	0.0000	0.0000	0.0000	0.0000	0.0000	0.0000	0.0000	0.0000	0.0000	0.0000	0.0000	0.0000	0.0000	0.0000	0.0000	0.0000	0.1125	0.1031	0.0094	0.0625	0.0610	0.0015	0.0500	0.0421	0.0079	0.0480	0.0280	0.0199	0.0107	0.0096	0.0011	0.0373	0.0184	0.0189	1.6281	1.0381	5.0599	0.0004	0.0003	0.0000	70.5136	42.0731	6.5517	0.0002	0.0004	0.0000	0.0009	0.0010	0.0000	0.0000	0.0000	0.0000
2	114	0.3053	11	0	1	0	2	0	0	0	0	N	N	N	Y	N	N	N	N	N	N	N	N	0.0000	0.0000	0.0000	0.0000	0.0000	0.0000	0.0000	0.0000	0.0000	0.0000	0.0000	0.0000	0.0000	0.0000	0.0000	0.0000	0.0000	0.0000	0.0000	0.0000	1.7046	0.0001	4.0008	0.0001	0.0000	0.0000	0.0000	0.0000	0.0000	0.0000	0.0000	0.0000	0.0000	0.0000	0.0000	0.0000	0.0000	0.0000	0.0000	0.0000	0.0000	0.0000	0.0000	0.0000	0.0000	0.0000	0.0000	0.0000	0.0000	0.0000	0.0000	0.0000	0.0000	0.0000	0.0000	0.0000	0.0000	0.0000	0.0000	0.0000	0.0000	0.0000	0.0000	0.0000	0.0000	0.0000	0.0000	0.0000	0.0000	0.0000	0.0000	0.0000	0.0000	0.0000	0.0000	0.0000	0.0000	0.0000											
2	115	0.2986	10	0	1	0	2	0	0	0	0	N	N	N	Y	N	N	N	N	N	N	N	N	0.0000	0.0000	0.0000	0.0000	0.0000	0.0000	0.0000	0.0000	0.0000	0.0000	0.0000	0.0000	0.0000	0.0000	0.0000	0.0000	0.0000	0.0000	0.0000	0.0000	1.7046	3.0007	4.0008	1.0012	0.0000	0.0000	0.0000	0.0000	0.0000	0.0000	0.0000	0.0000	0.0000	0.0000	0.0000	0.0000	0.0000	0.0000	0.0000	0.0000	0.0000	0.0000	0.0365	0.0339	0.0026	0.0212	0.0206	0.0005	0.0153	0.0133	0.0021	0.0125	0.0073	0.0052	0.0028	0.0025	0.0003	0.0097	0.0048	0.0049	0.0000	0.0000	0.0000	0.0000	0.0000	0.0000	0.0000	0.0000	0.0000	0.0000	0.0000	0.0000	0.0000	0.0000	0.0000	0.0000	0.0000	0.0000											
2	116	0.2967	9	0	0	0	2	0	0	0	0	N	N	N	Y	N	N	N	N	N	N	N	N	0.0000	0.0000	0.0000	0.0000	0.0000	0.0000	0.0000	0.0000	0.0000	0.0000	0.0000	0.0000	0.0000	0.0000	0.0000	0.0000	0.0000	0.0000	-0.0000	0.0000	1.7046	1.1177	4.0008	0.0023	0.0000	0.0000	0.0000	0.0000	0.0000	0.0000	0.0000	0.0000	0.0000	0.0000	0.0000	0.0000	0.0000	0.0000	0.0000	0.0000	0.0000	0.0000	0.0141	0.0131	0.0010	0.0084	0.0081	0.0002	0.0057	0.0050	0.0008	0.0035	0.0020	0.0015	0.0008	0.0007	0.0001	0.0027	0.0014	0.0014	0.0000	0.0000	0.0000	0.0000	0.0000	0.0000	0.0000	0.0000	0.0000	0.0000	0.0000	0.0000	0.0000	0.0000	0.0000	0.0000	0.0000	0.0000											
2	117	0.2937	5	0	1	0	1	0	0	0	0	N	N	N	N	N	N	N	N	N	N	N	N	893.3848	390.4456	687.8554	828.5103	713.0416	0.0000	2.0148	0.0989	871.1453	0.5198	0.5478	0.0012	0.7451	0.7574	0.0000	0.0013	0.0013	0.0015	0.0006	0.0014	0.0000	0.0009	0.0011	0.0000	0.0007	0.0131	0.0000	0.0001	0.0018	-0.0729	-0.0000	1.7046	31.2782	4.0008	23.9277	0.2539	0.2539	0.0000	0.2537	0.2537	0.0000	0.0002	0.0002	0.0000	0.0001	0.0001	0.0000	0.0000	0.0000	0.0000	0.0000	0.0000	0.0000	0.4885	0.4635	0.0250	0.3405	0.3350	0.0055	0.1480	0.1285	0.0195	0.1730	0.0997	0.0734	0.0451	0.0381	0.0069	0.1280	0.0615	0.0664	1273.3760	774.4654	687.8554	828.5103	713.0416	0.0000	5.6582	2.6637	871.1453	0.0004	0.0007	0.0000	0.0009	0.0011	0.0000	0.0002	0.0005	0.0000
2	118	0.2967	9	0	0	1	2	0	0	0	0	N	N	N	Y	N	N	N	N	N	N	N	N	inf	inf	inf	inf	0.0004	0.0005	0.0000	0.0000	0.0000	0.0000	0.0010	0.0012	0.0000	0.0000	0.0000	0.0000	0.0000	0.0000	0.0000	0.0000	0.0000	0.0000	0.0000	-0.0000	0.0000	1.7046	3.8827	4.0008	2.9998	0.0000	0.0000	0.0000	0.0000	0.0000	0.0000	0.0000	0.0000	0.0000	0.0000	0.0000	0.0000	0.0000	0.0000	0.0000	0.0000	0.0000	0.0000	0.0474	0.0440	0.0034	0.0276	0.0269	0.0007	0.0198	0.0171	0.0026	0.0212	0.0124	0.0088	0.0047	0.0042	0.0005	0.0165	0.0082	0.0083	inf	inf	0.0000	0.0000	0.0000	0.0000	inf	inf	0.0000	0.0000	0.0000	0.0000	0.0000	0.0000	0.0000	0.0000	0.0000	0.0000						
2	119	0.2938	8	0	0	0	2	0	0	0	0	N	N	N	Y	N	N	N	N	N	N	N	N	0.1775	inf	0.4718	inf	0.0000	0.0000	0.0000	0.0000	0.0000	0.0000	0.0000	0.0000	0.0000	0.0000	0.0000	0.0000	0.0000	0.0000	0.0000	0.0000	0.0000	0.0000	0.0000	-0.0000	-0.0000	1.7046	2.8083	4.0008	0.0030	0.0000	0.0000	0.0000	0.0000	0.0000	0.0000	0.0000	0.0000	0.0000	0.0000	0.0000	0.0000	0.0000	0.0000	0.0000	0.0000	0.0000	0.0000	0.0392	0.0365	0.0027	0.0232	0.0225	0.0007	0.0161	0.0140	0.0021	0.0089	0.0051	0.0037	0.0020	0.0018	0.0002	0.0069	0.0034	0.0035	0.1775	inf	0.0000	0.0000	0.0000	0.0000	0.4718	inf	0.0000	0.0000	0.0000	0.0000	0.0000	0.0000	0.0000	0.0000	0.0000	0.0000						
2	120	0.2938	8	0	0	1	2	0	0	0	0	N	N	N	Y	N	N	N	N	N	N	N	N	0.0000	0.0000	0.0000	0.0000	0.0000	0.0000	0.0000	0.0000	0.0000	0.0000	0.0000	0.0000	0.0000	0.0000	0.0000	0.0000	0.0000	0.0000	0.0000	0.0000	-0.0000	-0.0000	1.7046	9.6158	4.0008	0.0030	0.0000	0.0000	0.0000	0.0000	0.0000	0.0000	0.0000	0.0000	0.0000	0.0000	0.0000	0.0000	0.0000	0.0000	0.0000	0.0000	0.0000	0.0000	0.1184	0.1099	0.0085	0.0681	0.0663	0.0018	0.0503	0.0437	0.0066	0.0297	0.0173	0.0125	0.0066	0.0058	0.0007	0.0232	0.0114	0.0118	0.0000	0.0000	0.0000	0.0000	0.0000	0.0000	0.0000	0.0000	0.0000	0.0000	0.0000	0.0000	0.0000	0.0000	0.0000	0.0000	0.0000	0.0000									
2	121	0.2842	7	0	0	0	2	0	0	0	0	N	N	N	Y	N	N	N	N	N	N	N	N	13.0528	19.6246	0.1987	0.6587	0.6233	12.9845	0.4463	0.2180	0.0002	0.0002	0.0000	0.0000	0.0000	0.0000	0.0004	0.0004	0.0000	0.0000	0.0000	0.0000	0.0000	0.0000	0.0000	0.0000	0.0010	0.0000	0.0020	1.3553	-0.0000	-0.0000	1.7046	4.2457	4.0008	2.0144	0.0000	0.0000	0.0000	0.0000	0.0000	0.0000	0.0000	0.0000	0.0000	0.0000	0.0000	0.0000	0.0000	0.0000	0.0000	0.0000	0.0000	0.0000	0.0612	0.0555	0.0056	0.0340	0.0332	0.0008	0.0272	0.0223	0.0049	0.0222	0.0132	0.0090	0.0054	0.0049	0.0005	0.0168	0.0083	0.0086	13.0528	20.0340	0.1987	0.6587	0.6233	0.0000	25.4185	45.3961	0.2180	0.0000	0.0000	0.0000	0.0000	0.0000	0.0000	0.0000	0.0000	0.0000	
2	122	0.2420	6	0	0	0	2	0	0	0	0	N	N	N	Y	N	N	N	N	N	N	N	N	0.2249	0.0008	40.0413	0.0006	0.0007	0.0000	0.3092	0.0001	3225.6260	0.0002	0.0000	0.0025	0.0000	0.0000	0.0000	0.0004	0.0000	0.0029	0.0009	0.0021	0.0001	0.0010	0.0009	0.0018	0.0014	0.0314	0.0000	131.7448	0.0522	0.0000	-0.0000	1.7046	11.9190	4.0008	13.1740	0.0000	0.0000	0.0000	0.0000	0.0000	0.0000	0.0000	0.0000	0.0000	0.0000	0.0000	0.0000	0.0000	0.0000	0.0000	0.0000	0.0000	0.0000	0.1508	0.1386	0.0122	0.0823	0.0804	0.0019	0.0685	0.0582	0.0103	0.0778	0.0437	0.0341	0.0130	0.0118	0.0011	0.0648	0.0319	0.0329	0.3698	0.0018	40.0413	0.0006	0.0007	0.0000	0.9568	0.0033	3225.6260	0.0005	0.0009	0.0001	0.0010	0.0009	0.0018	0.0005	0.0009	0.0000
2	123	0.6690	10	0	0	1	2	0	0	0	0	N	N	N	Y	N	N	N	N	N	N	N	N	415.4185	756.4083	0.0000	0.0000	0.0000	969.7753	inf	0.0000	0.0001	0.0001	0.0000	0.0000	0.0000	0.0000	0.0002	0.0002	0.0000	0.0000	0.0000	0.0000	0.0000	0.0000	0.0000	0.0000	0.0000	0.0000	0.0000	1.6786	-0.0000	-0.0000	1.7046	12.8936	4.0008	4.1514	0.0000	0.0000	0.0000	0.0000	0.0000	0.0000	0.0000	0.0000	0.0000	0.0000	0.0000	0.0000	0.0000	0.0000	0.0000	0.0000	0.0000	0.0000	0.1180	0.1087	0.0094	0.0655	0.0631	0.0024	0.0525	0.0456	0.0070	0.0368	0.0230	0.0138	0.0139	0.0121	0.0017	0.0229	0.0109	0.0120	415.4185	756.4083	0.0000	0.0000	0.0000	0.0000	969.7753	inf	0.0000	0.0000	0.0000	0.0000	0.0000	0.0000	0.0000	0.0000	0.0000	0.0000	
2	124	0.2573	7	0	1	0	1	0	0	0	0	N	N	N	N	N	N	N	N	N	N	N	N	0.1285	0.0570	0.0106	0.0513	0.0500	0.0000	0.1533	0.4591	0.0000	0.0000	0.0000	0.0001	0.0001	0.0000	0.0000	0.0000	0.0000	0.0004	0.0009	0.0000	0.0016	0.0017	0.0007	0.0000	0.0000	0.0000	0.0004	0.0366	-0.0000	-0.0000	1.7046	12.7386	4.0008	8.7370	0.0000	0.0000	0.0000	0.0000	0.0000	0.0000	0.0000	0.0000	0.0000	0.0000	0.0000	0.0000	0.0000	0.0000	0.0000	0.0000	0.0000	0.0000	0.1531	0.1420	0.0111	0.0855	0.0833	0.0021	0.0676	0.0586	0.0090	0.0688	0.0389	0.0299	0.0128	0.0117	0.0010	0.0560	0.0271	0.0289	0.1541	0.0973	0.0106	0.0513	0.0500	0.0000	0.1533	0.0000	0.4591	0.0003	0.0005	0.0000	0.0016	0.0017	0.0007	0.0000	0.0000	0.0000	
2	125	0.2420	6	0	1	0	1	0	0	0	0	N	N	N	N	N	N	N	N	N	N	N	N	0.0492	1.2569	0.0075	0.2168	0.6705	0.0000	0.0012	0.0034	0.0095	0.0001	0.0001	0.0000	0.0001	0.0001	0.0000	0.0000	0.0000	0.0000	0.0013	0.0001	0.0015	0.0005	0.0002	0.0043	0.0025	0.0003	0.0014	0.0154	23.5679	-0.0000	0.0000	1.7046	8.6431	4.0008	1.4782	0.0000	0.0000	0.0000	0.0000	0.0000	0.0000	0.0000	0.0000	0.0000	0.0000	0.0000	0.0000	0.0000	0.0000	0.0000	0.0000	0.0000	0.0000	0.1145	0.1050	0.0095	0.0626	0.0612	0.0014	0.0519	0.0438	0.0081	0.0332	0.0186	0.0145	0.0058	0.0053	0.0005	0.0273	0.0133	0.0140	0.0908	1.3477	0.0075	0.2168	0.6705	0.0000	0.0041	0.8785	0.0095	0.0007	0.0000	0.0015	0.0005	0.0002	0.0043	0.0007	0.0000	0.0014
2	126	0.2325	5	0	0	0	1	0	0	0	0	N	N	N	N	N	N	N	N	N	N	N	N	0.1260	2.1020	0.3157	0.0601	1.3120	0.0000	3.8491	0.0033	36.6759	0.0006	0.0005	0.0016	0.0009	0.0009	0.0000	0.0003	0.0000	0.0019	0.0047	0.0002	0.0051	0.0145	0.0007	0.2351	0.0001	0.0007	0.0001	0.2469	13.9933	-0.0000	0.0000	1.7046	4.1618	4.0008	2.0491	0.0000	0.0000	0.0000	0.0000	0.0000	0.0000	0.0000	0.0000	0.0000	0.0000	0.0000	0.0000	0.0000	0.0000	0.0000	0.0000	0.0000	0.0000	0.0590	0.0547	0.0043	0.0318	0.0311	0.0007	0.0272	0.0236	0.0036	0.0223	0.0126	0.0097	0.0042	0.0039	0.0003	0.0180	0.0087	0.0093	0.3238	2.3734	0.4121	0.0926	1.3120	0.0000	8.7066	0.4821	36.6759	0.0018	0.0002	0.0039	0.0094	0.0007	0.1143	0.0000	0.0000	0.0001
2	127	0.2034	4	0	0	0	1	0	0	0	0	N	N	N	N	N	N	N	N	N	N	N	N	0.2230	0.0473	74.3085	0.0484	0.0448	0.0000	746.1668	0.0393	3634.7806	0.0005	0.0003	0.0039	0.0005	0.0005	0.0000	0.0006	0.0000	0.0047	0.0024	0.0056	0.0001	0.0093	0.0103	0.0022	0.0000	0.0001	0.0000	1.2001	0.0214	0.0000	-0.0000	1.7046	9.4810	4.0008	7.4917	0.0001	0.0000	0.0000	0.0000	0.0000	0.0000	0.0000	0.0000	0.0000	0.0001	0.0001	0.0000	0.0001	0.0001	0.0000	0.0000	0.0000	0.0000	0.1122	0.1036	0.0086	0.0607	0.0592	0.0015	0.0515	0.0444	0.0071	0.0615	0.0345	0.0271	0.0102	0.0095	0.0006	0.0514	0.0249	0.0265	0.4941	0.1391	74.3085	0.0680	0.0669	0.0000	746.1668	12.1309	3634.7806	0.0011	0.0019	0.0001	0.0066	0.0069	0.0022	0.0000	0.0000	0.0000
2	128	0.6812	11	1	1	0	1	0	0	0	0	N	N	N	N	N	N	N	N	N	N	N	N	0.0000	0.0000	0.0000	0.0000	0.0000	0.0000	0.0000	0.0000	0.0000	0.0000	0.0000	0.0000	0.0000	0.0000	0.0000	0.0000	0.0000	0.0000	0.0000	0.0000	1.7046	2.0107	4.0008	1.9995	0.0000	0.0000	0.0000	0.0000	0.0000	0.0000	0.0000	0.0000	0.0000	0.0000	0.0000	0.0000	0.0000	0.0000	0.0000	0.0000	0.0000	0.0000	0.0175	0.0161	0.0014	0.0099	0.0096	0.0004	0.0076	0.0065	0.0011	0.0083	0.0053	0.0030	0.0035	0.0031	0.0004	0.0049	0.0023	0.0026	0.0000	0.0000	0.0000	0.0000	0.0000	0.0000	0.0000	0.0000	0.0000	0.0000	0.0000	0.0000	0.0000	0.0000	0.0000	0.0000	0.0000	0.0000											
2	129	0.6690	10	1	1	0	1	0	0	0	0	N	N	N	N	N	N	N	N	N	N	N	N	0.0000	0.0000	0.0000	0.0000	0.0000	0.0000	0.0000	0.0000	0.0000	0.0000	0.0000	0.0000	0.0000	0.0000	0.0000	0.0000	0.0000	0.0000	0.0000	0.0000	0.0000	0.0000	0.0000	0.0000	0.0000	1.3794	0.0000	-0.0000	1.7046	5.6459	4.0008	1.1399	0.0000	0.0000	0.0000	0.0000	0.0000	0.0000	0.0000	0.0000	0.0000	0.0000	0.0000	0.0000	0.0000	0.0000	0.0000	0.0000	0.0000	0.0000	0.0572	0.0529	0.0044	0.0322	0.0311	0.0011	0.0250	0.0217	0.0032	0.0152	0.0095	0.0056	0.0057	0.0051	0.0007	0.0094	0.0045	0.0049	0.0000	0.0000	0.0000	0.0000	0.0000	0.0000	0.0000	0.0000	0.0000	0.0000	0.0000	0.0000	0.0000	0.0000	0.0000	0.0000	0.0000	0.0000			
2	130	0.6386	9	0	0	0	1	0	0	0	0	N	N	N	N	N	N	N	N	N	N	N	N	0.0002	0.0971	0.0006	0.0027	0.0045	0.0003	0.0004	0.0494	0.0007	0.0002	0.0001	0.0019	0.0000	0.0000	0.0000	0.0005	0.0001	0.0026	0.9890	0.0006	3.3190	0.0011	0.0007	0.0039	1.2584	0.0028	3.5411	3.1011	1162.6581	0.0000	0.0055	1.7046	11.6079	4.0008	5.3766	0.0000	0.0000	0.0000	0.0000	0.0000	0.0000	0.0000	0.0000	0.0000	0.0149	0.0000	0.0149	0.0000	0.0000	0.0000	0.0149	0.0000	0.0149	0.1192	0.1087	0.0106	0.0667	0.0638	0.0029	0.0525	0.0448	0.0077	0.0494	0.0306	0.0188	0.0202	0.0175	0.0027	0.0292	0.0131	0.0160	0.0007	0.1412	0.0024	0.0027	0.0045	0.0003	0.0010	1.7270	0.0028	0.3017	0.0004	0.7935	0.0011	0.0007	0.0039	0.5101	0.0001	0.9272
2	131	0.6208	8	0	0	0	1	0	0	0	0	N	N	N	N	N	N	N	N	N	N	N	N	0.0000	0.0001	0.0000	0.0000	0.0000	0.0000	0.0000	0.0005	0.0000	0.0001	0.0001	0.0001	0.0000	0.0000	0.0000	0.0002	0.0002	0.0001	11.2404	1.0431	49.0373	1.2521	1.3037	0.1946	20.2852	0.4278	57.8320	0.0461	93.7783	-0.0000	0.2155	1.7046	3.9355	4.0008	8.7078	0.0000	0.0000	0.0000	0.0000	0.0000	0.0000	0.0000	0.0000	0.0000	0.5969	0.0063	0.5906	0.0065	0.0062	0.0003	0.5904	0.0001	0.5903	0.0428	0.0393	0.0035	0.0230	0.0222	0.0008	0.0198	0.0171	0.0027	0.0531	0.0343	0.0188	0.0240	0.0214	0.0026	0.0291	0.0130	0.0161	0.0000	0.0006	0.0000	0.0001	0.0001	0.0000	0.0000	0.0359	0.0000	11.2404	0.1834	31.4811	0.2704	0.2911	0.1024	20.2852	0.0061	36.6049
2	132	0.6091	7	0	0	0	1	0	0	0	0	N	N	N	N	N	N	N	N	N	N	N	N	0.0000	0.0002	0.0000	0.0002	0.0002	0.0000	0.0000	0.0000	0.0000	0.0003	0.0003	0.0001	0.0004	0.0004	0.0000	0.0001	0.0000	0.0002	9.8310	1.2579	38.8887	1.7383	1.7788	0.0432	18.0068	0.8870	49.5048	0.0440	43.1970	-0.0000	0.1392	1.7046	6.2657	4.0008	3.9760	0.0000	0.0000	0.0000	0.0000	0.0000	0.0000	0.0000	0.0000	0.0000	0.3987	0.0090	0.3897	0.0088	0.0087	0.0001	0.3899	0.0003	0.3896	0.0687	0.0631	0.0056	0.0390	0.0376	0.0015	0.0297	0.0256	0.0041	0.0406	0.0265	0.0141	0.0189	0.0164	0.0025	0.0217	0.0101	0.0115	0.0000	0.0008	0.0000	0.0009	0.0008	0.0000	0.0000	0.0011	0.0000	9.8310	0.3407	27.6745	0.4665	0.5336	0.0352	18.0068	0.0289	33.7747
2	133	0.5318	6	0	0	0	1	0	0	0	0	N	N	N	N	N	N	N	N	N	N	N	N	0.0091	0.0366	0.0000	0.2813	0.2927	0.0000	0.0002	0.0007	0.0000	0.0070	0.0077	0.0001	0.0130	0.0135	0.0000	0.0002	0.0002	0.0001	0.7752	0.2093	1.9434	0.0461	0.0460	0.0301	0.9993	0.3347	2.0360	0.0008	11.2437	-0.0005	0.0045	1.7046	26.7012	4.0008	18.2690	0.0017	0.0017	0.0000	0.0017	0.0017	0.0000	0.0000	0.0000	0.0000	0.0154	0.0013	0.0141	0.0013	0.0011	0.0002	0.0141	0.0002	0.0139	0.2463	0.2257	0.0206	0.1315	0.1265	0.0050	0.1149	0.0992	0.0156	0.1438	0.0910	0.0528	0.0604	0.0521	0.0083	0.0834	0.0388	0.0445	0.0657	0.5549	0.0002	0.6030	0.6523	0.0001	0.0013	0.0532	0.0003	0.1069	0.0138	0.2670	0.0215	0.0207	0.0268	0.1687	0.0046	0.3119
2	134	0.2937	5	0	0	0	1	0	0	0	0	N	N	N	N	N	N	N	N	N	N	N	N	28.0256	29.5898	0.0566	74.8709	65.2131	0.0010	0.1804	0.0365	0.0866	0.6653	0.7109	0.0007	1.0818	1.1075	0.0000	0.0062	0.0069	0.0009	0.0237	0.0240	0.0120	0.0144	0.0170	0.0041	0.0342	0.1904	0.0101	0.0001	1.0611	-0.1318	-0.0002	1.7046	61.4372	4.0008	55.8589	0.4592	0.4592	0.0000	0.4576	0.4576	0.0000	0.0016	0.0016	0.0000	0.0018	0.0009	0.0009	0.0006	0.0006	0.0000	0.0012	0.0003	0.0009	0.6903	0.6460	0.0443	0.4230	0.4132	0.0098	0.2673	0.2328	0.0345	0.2941	0.1659	0.1282	0.0664	0.0549	0.0115	0.2277	0.1109	0.1167	109.8160	136.4033	0.0953	115.3723	105.6903	0.0010	1.2104	2.6676	0.1173	0.0061	0.0052	0.0072	0.0094	0.0105	0.0041	0.0051	0.0026	0.0075
2	135	0.2034	4	0	0	0	1	0	0	0	0	N	N	N	N	N	N	N	N	N	N	N	N	0.6937	0.5380	1.5480	0.3677	0.3681	0.0000	3.6886	16.2236	1.8445	0.7409	0.8034	0.0015	1.4087	1.4476	0.0000	0.0061	0.0068	0.0018	1.0681	1.4933	0.0010	3.8311	3.9331	0.0000	0.0017	0.0004	0.0010	0.0002	0.0010	-0.0729	-0.0433	1.7046	31.7621	4.0008	18.5886	0.2539	0.2539	0.0000	0.2529	0.2529	0.0000	0.0010	0.0010	0.0000	0.0690	0.0689	0.0001	0.0689	0.0689	0.0000	0.0001	0.0000	0.0001	0.3427	0.3160	0.0267	0.1795	0.1747	0.0048	0.1632	0.1413	0.0219	0.1570	0.0853	0.0717	0.0219	0.0202	0.0017	0.1351	0.0652	0.0700	1.6855	0.9945	1.5480	0.4470	0.4236	0.0000	11.9362	3725.4454	1.8445	0.4396	0.8079	0.0010	3.1518	3.4177	0.0000	0.0005	0.0000	0.0010
3	4	0.2930	9	1	1	1	0	0	0	0	0	N	N	N	N	N	N	N	N	N	N	N	N	22.1203	8.9649	1.9805	0.4387	0.4086	0.2834	1024.8674	86.3451	4.6014	0.2988	0.3270	0.0006	0.0134	0.0138	0.0015	0.4979	0.5670	0.0005	0.0135	0.0365	0.0003	0.0305	0.0338	0.0052	0.0005	0.0066	0.0001	0.0002	0.0283	-0.0823	-0.0005	4.7526	28.2678	2.9435	13.1235	0.2868	0.2867	0.0001	0.0053	0.0053	0.0000	0.2815	0.2815	0.0000	0.0008	0.0008	0.0000	0.0008	0.0008	0.0000	0.0000	0.0000	0.0000	0.9597	0.8768	0.0829	0.3944	0.3804	0.0139	0.5654	0.4964	0.0689	0.1958	0.1241	0.0717	0.0492	0.0462	0.0030	0.1466	0.0779	0.0686	71.4278	50.9533	1.9805	0.8317	0.8222	0.2834	2743.3679	2222.0753	4.6014	0.0042	0.0064	0.0003	0.0161	0.0168	0.0052	0.0002	0.0003	0.0001
3	5	0.4077	12	1	0	2	1	0	0	0	0	N	N	Y	N	N	N	N	N	N	N	N	N	1.4094	0.9098	0.0002	0.2632	0.2828	0.0000	52.9614	10.4520	0.0011	0.0026	0.0029	0.0000	0.0007	0.0008	0.0000	0.0051	0.0059	0.0000	0.0019	0.0032	0.0003	0.0028	0.0027	0.0035	0.0001	0.0006	0.0001	0.0000	0.1501	-0.0005	-0.0001	4.7526	15.6542	2.9435	8.9658	0.0017	0.0017	0.0000	0.0003	0.0003	0.0000	0.0014	0.0014	0.0000	0.0001	0.0001	0.0000	0.0001	0.0001	0.0000	0.0000	0.0000	0.0000	0.6520	0.5964	0.0556	0.3716	0.3538	0.0178	0.2804	0.2426	0.0378	0.1184	0.0772	0.0412	0.0381	0.0348	0.0033	0.0803	0.0424	0.0379	2.8291	2.3192	0.0002	0.2632	0.2828	0.0000	133.3033	1826.1946	0.0011	0.0009	0.0012	0.0003	0.0028	0.0027	0.0035	0.0000	0.0000	0.0001
3	6	0.4215	8	2	1	1	0	0	0	0	0	Y	N	N	N	N	N	N	N	N	N	N	N	0.0355	0.0210	0.0000	0.0118	0.0111	0.0000	0.2918	0.7630	0.0000	0.0004	0.0005	0.0000	0.0003	0.0003	0.0000	0.0007	0.0010	0.0000	0.0122	0.0244	0.0014	0.0231	0.0262	0.0001	0.0024	0.0013	0.0014	0.0000	0.1526	-0.0001	-0.0002	4.7526	12.5370	2.9435	4.3273	0.0004	0.0004	0.0000	0.0002	0.0002	0.0000	0.0002	0.0002	0.0000	0.0004	0.0003	0.0000	0.0003	0.0003	0.0000	0.0000	0.0000	0.0000	0.9098	0.7690	0.1408	0.5669	0.5264	0.0405	0.3429	0.2426	0.1003	0.0930	0.0582	0.0347	0.0233	0.0218	0.0015	0.0697	0.0364	0.0332	0.1134	0.0969	0.0000	0.0206	0.0208	0.0000	1.0250	51.8409	0.0000	0.0038	0.0053	0.0014	0.0132	0.0141	0.0001	0.0007	0.0000	0.0014
3	7	0.0321	2	2	0	2	0	0	0	0	0	Y	N	Y	N	N	N	N	N	N	N	N	N	0.2155	0.1090	25.2795	0.1998	0.1998	0.1252	2.6648	0.0309	33.3341	0.2296	0.1614	0.4192	0.4809	0.4867	0.0002	0.1473	0.0001	0.4239	1.0651	1.4803	0.0166	2.4061	2.4354	0.0014	0.0553	0.0031	0.0127	0.9341	0.0094	0.0057	-0.0469	4.7526	3.5884	2.9435	2.8705	0.0289	0.0150	0.0140	0.0150	0.0150	0.0000	0.0140	0.0000	0.0140	0.0758	0.0751	0.0007	0.0751	0.0751	0.0000	0.0007	0.0000	0.0007	0.1260	0.0927	0.0333	0.0311	0.0307	0.0004	0.0949	0.0620	0.0330	0.1763	0.0953	0.0810	0.0739	0.0726	0.0013	0.1024	0.0227	0.0797	0.5338	0.2047	48.1917	0.4732	0.4705	0.1252	21.3797	1.0415	48.0773	0.4300	0.7884	0.0087	1.0162	1.0344	0.0014	0.0069	0.0001	0.0088
3	8	0.3155	11	2	1	1	1	0	0	0	0	Y	N	N	N	N	N	N	N	N	N	N	N	0.0094	0.0210	0.0000	0.0083	0.0085	0.0000	0.0035	inf	0.0000	0.0000	0.0000	0.0000	0.0000	0.0000	0.0000	0.0000	0.0000	0.0000	0.0002	0.0001	0.0003	0.0002	0.0002	0.0002	0.0004	0.0000	0.0003	0.0000	2.2228	-0.0000	0.0000	4.7526	0.9985	2.9435	0.0096	0.0000	0.0000	0.0000	0.0000	0.0000	0.0000	0.0000	0.0000	0.0000	0.0000	0.0000	0.0000	0.0000	0.0000	0.0000	0.0000	0.0000	0.0000	0.0348	0.0318	0.0030	0.0141	0.0137	0.0004	0.0207	0.0181	0.0026	0.0050	0.0032	0.0018	0.0012	0.0012	0.0001	0.0037	0.0020	0.0017	0.0094	0.0210	0.0000	0.0083	0.0085	0.0000	0.0094	inf	0.0000	0.0002	0.0001	0.0003	0.0002	0.0002	0.0002	0.0002	0.0000	0.0003
3	9	0.0441	2	2	0	2	0	0	0	0	0	Y	N	Y	N	N	N	N	N	N	N	N	N	0.0401	0.0089	2653.4496	0.0104	0.0108	0.3698	380.2350	0.0967	3228.7053	0.0502	0.0155	0.2496	0.0384	0.0390	0.0007	0.0563	0.0001	0.2590	1.2520	1.7515	0.0001	3.6801	3.6273	0.0018	0.0001	0.0008	0.0001	2.7950	0.0000	0.0067	-0.0909	4.7526	6.0952	2.9435	6.8339	0.0149	0.0039	0.0109	0.0039	0.0039	0.0000	0.0110	0.0000	0.0109	0.1447	0.1447	0.0000	0.1447	0.1447	0.0000	0.0000	0.0000	0.0000	0.2961	0.2522	0.0438	0.1016	0.1000	0.0016	0.1945	0.1523	0.0422	0.1640	0.0936	0.0704	0.0510	0.0505	0.0006	0.1130	0.0431	0.0699	0.0569	0.0100	2653.4496	0.0136	0.0136	0.3698	1083.4489	12.3875	3228.7053	0.8823	1.5461	0.0001	2.8363	2.8683	0.0018	0.0001	0.0000	0.0001
3	10	0.2688	11	1	0	2	0	0	0	0	0	N	N	Y	N	N	N	N	N	N	N	N	N	8.2679	3.4547	0.0004	6.9391	6.9012	0.0004	0.0022	0.0024	0.0000	0.1121	0.1361	0.0000	0.2186	0.2479	0.0000	0.0000	0.0000	0.0000	0.0136	0.0394	0.0003	0.0315	0.0359	0.0006	0.0003	0.0004	0.0002	0.0000	0.0231	-0.0045	-0.0001	4.7526	1.9784	2.9435	5.0323	0.0155	0.0155	0.0000	0.0155	0.0155	0.0000	0.0000	0.0000	0.0000	0.0002	0.0002	0.0000	0.0002	0.0002	0.0000	0.0000	0.0000	0.0000	0.1383	0.1140	0.0243	0.0710	0.0626	0.0084	0.0674	0.0514	0.0159	0.0369	0.0229	0.0140	0.0092	0.0086	0.0006	0.0277	0.0143	0.0134	26.6522	20.5520	0.0004	13.2656	14.0869	0.0004	0.0061	0.5595	0.0000	0.0042	0.0066	0.0003	0.0165	0.0176	0.0006	0.0001	0.0000	0.0002
3	11	0.2789	9	1	0	2	0	0	0	0	0	N	N	Y	N	N	N	N	N	N	N	N	N	11.9247	2.4194	483.5302	0.6204	0.6814	1.2321	222.3771	79.2175	1882.9976	0.4602	0.2592	2.6760	0.0494	0.0460	0.1669	0.7436	0.4219	3.0743	0.0386	0.1071	0.0055	0.0796	0.0675	0.1354	0.0033	0.0053	0.0016	0.9368	0.2531	0.1149	-0.0008	4.7526	39.9843	2.9435	13.6191	0.5844	0.3017	0.2826	0.0256	0.0232	0.0024	0.5588	0.2785	0.2802	0.0018	0.0014	0.0004	0.0016	0.0014	0.0002	0.0002	0.0000	0.0001	1.2697	1.1641	0.1056	0.5183	0.5038	0.0145	0.7514	0.6602	0.0912	0.2338	0.1452	0.0887	0.0525	0.0496	0.0029	0.1813	0.0956	0.0858	59.5666	26.0977	650.1254	1.5743	1.6056	2.1348	843.9854	2045.0842	1882.9976	0.0077	0.0099	0.0041	0.0314	0.0287	0.0782	0.0009	0.0002	0.0016
3	12	0.0816	5	2	1	1	0	0	0	0	0	Y	N	N	N	N	N	N	N	N	N	N	N	60.1609	26.0274	53.7728	0.5250	0.4997	0.1229	22465.0920	2743.5406	62.7241	0.4960	0.5468	0.0019	0.0144	0.0148	0.0000	0.7184	0.8210	0.0020	0.0082	0.0210	0.0000	0.0275	0.0296	0.0003	0.0000	0.0003	0.0000	0.0003	0.0049	-0.0816	-0.0003	4.7526	16.7672	2.9435	6.4850	0.2845	0.2844	0.0001	0.0026	0.0026	0.0000	0.2819	0.2818	0.0001	0.0005	0.0005	0.0000	0.0005	0.0005	0.0000	0.0000	0.0000	0.0000	0.5735	0.5201	0.0534	0.1811	0.1769	0.0042	0.3924	0.3432	0.0492	0.1562	0.0929	0.0633	0.0299	0.0293	0.0007	0.1262	0.0636	0.0626	171.2072	112.8002	53.7728	0.9599	0.9612	0.1229	43588.3896	733577.0339	62.7241	0.0029	0.0048	0.0000	0.0150	0.0154	0.0003	0.0000	0.0000	0.0000
3	13	0.3081	14	1	0	2	1	0	0	0	0	N	N	Y	N	N	N	N	N	N	N	N	N	0.0000	0.0000	0.0000	0.0000	0.0000	0.0000	0.0000	0.0000	0.0000	0.0000	0.0000	0.0000	0.0000	0.0000	0.0000	0.0000	0.0000	0.0000	0.0000	0.0001	0.0001	0.0001	0.0005	0.0001	0.0000	0.0001	2.1515	0.0000	0.0000	4.7526	0.0001	2.9435	1.0001	0.0000	0.0000	0.0000	0.0000	0.0000	0.0000	0.0000	0.0000	0.0000	0.0000	0.0000	0.0000	0.0000	0.0000	0.0000	0.0000	0.0000	0.0000	0.0000	0.0000	0.0000	0.0000	0.0000	0.0000	0.0000	0.0000	0.0000	0.0048	0.0029	0.0019	0.0011	0.0010	0.0001	0.0037	0.0019	0.0018	0.0000	0.0000	0.0000	0.0000	0.0000	0.0000	0.0000	0.0000	0.0000	0.0000	0.0000	0.0001	0.0001	0.0001	0.0005	0.0000	0.0000	0.0001		
3	14	0.0727	5	1	1	1	0	0	0	0	0	N	N	N	N	N	N	N	N	N	N	N	N	0.9765	0.7411	67.1335	0.0207	0.0209	4.7870	16596.5838	19223.3407	107.7003	0.4175	0.4601	0.0052	0.0204	0.0203	0.0221	0.5941	0.6791	0.0040	0.4275	0.6208	0.0001	0.9818	0.9743	0.0046	0.0000	0.0000	0.0000	0.0012	0.0010	-0.0829	-0.0033	4.7526	20.9564	2.9435	6.0714	0.2899	0.2896	0.0003	0.0044	0.0043	0.0001	0.2855	0.2853	0.0002	0.0053	0.0053	0.0000	0.0053	0.0053	0.0000	0.0000	0.0000	0.0000	0.6944	0.6293	0.0651	0.2138	0.2092	0.0045	0.4807	0.4201	0.0606	0.1688	0.0995	0.0694	0.0271	0.0265	0.0006	0.1417	0.0730	0.0688	13.3437	8.6726	67.1335	0.1046	0.1020	4.7870	33202.4572	7181648.6637	107.7003	0.0313	0.0531	0.0001	0.1947	0.1991	0.0046	0.0000	0.0000	0.0000
3	15	0.3081	14	1	0	1	1	0	0	0	0	N	N	N	N	N	N	N	N	N	N	N	N	0.0000	0.0000	0.0000	0.0000	0.0000	0.0000	0.0000	0.0000	0.0000	0.0000	0.0000	0.0000	0.0000	0.0000	0.0000	0.0000	0.0000	0.3765	0.5496	0.0027	0.6222	0.6248	0.0543	0.0014	0.0000	0.0009	0.0429	0.0000	-0.0004	4.7526	0.0001	2.9435	6.0018	0.0000	0.0000	0.0000	0.0000	0.0000	0.0000	0.0000	0.0000	0.0000	0.0007	0.0007	0.0000	0.0007	0.0007	0.0000	0.0000	0.0000	0.0000	0.0000	0.0000	0.0000	0.0000	0.0000	0.0000	0.0000	0.0000	0.0000	0.0281	0.0170	0.0111	0.0063	0.0058	0.0005	0.0218	0.0111	0.0107	0.0000	0.0000	0.0000	0.0000	0.0000	0.0000	0.0000	0.0000	0.0000	0.0260	0.0413	0.0027	0.1144	0.1204	0.0420	0.0005	0.0000	0.0009		
3	16	0.3063	13	1	0	1	1	0	0	0	0	N	N	N	N	N	N	N	N	N	N	N	N	0.0000	0.0000	0.0000	0.0000	0.0000	0.0000	0.0000	0.0000	0.0000	0.0000	0.0000	0.0000	0.0000	0.0000	0.0000	0.0000	0.0000	0.0356	0.1659	0.0000	0.0882	0.0995	0.0000	0.0000	0.0000	0.0000	0.0023	0.0000	-0.0000	4.7526	1.0007	2.9435	1.0009	0.0000	0.0000	0.0000	0.0000	0.0000	0.0000	0.0000	0.0000	0.0000	0.0001	0.0001	0.0000	0.0001	0.0001	0.0000	0.0000	0.0000	0.0000	0.0345	0.0315	0.0030	0.0140	0.0136	0.0004	0.0205	0.0179	0.0026	0.0095	0.0057	0.0038	0.0021	0.0019	0.0002	0.0074	0.0038	0.0036	0.0000	0.0000	0.0000	0.0000	0.0000	0.0000	0.0000	0.0000	0.0000	0.0074	0.0122	0.0000	0.0333	0.0360	0.0000	0.0000	0.0000	0.0000		
3	17	0.5373	15	1	1	1	1	0	0	0	0	N	N	N	N	N	N	N	N	N	N	N	N	0.0001	4.0152	0.0000	13.5036	18.3180	0.0000	0.0000	0.0000	0.0000	0.0000	0.0000	0.0000	0.0001	0.0001	0.0000	0.0000	0.0000	0.0000	0.6029	0.0000	1.2290	0.0000	0.0000	0.0000	0.7994	0.0012	1.2558	0.0076	7800.6586	-0.0000	0.0010	4.7526	8.1476	2.9435	4.0573	0.0000	0.0000	0.0000	0.0000	0.0000	0.0000	0.0000	0.0000	0.0000	0.0027	0.0000	0.0027	0.0000	0.0000	0.0000	0.0027	0.0000	0.0027	0.2924	0.2703	0.0221	0.1506	0.1457	0.0049	0.1418	0.1246	0.0172	0.0495	0.0328	0.0167	0.0164	0.0150	0.0014	0.0331	0.0177	0.0153	0.0007	4.0152	0.0000	13.5036	18.3180	0.0000	0.0000	0.0000	0.0000	0.0543	0.0000	0.1606	0.0000	0.0000	0.0000	0.0813	0.0000	0.1754
3	18	0.2992	11	1	1	1	0	0	0	0	0	N	N	N	N	N	N	N	N	N	N	N	N	0.3813	82.6462	0.0000	5.3287	55.2352	0.0000	0.3265	819.7046	0.0000	0.9346	1.0868	0.0000	0.7009	0.7342	0.0000	1.0757	1.3399	0.0000	2.4508	0.0131	11.2477	0.1315	0.0133	11.5298	3.2944	0.0016	12.3558	0.0000	1124.7101	-0.1121	0.1711	4.7526	12.7610	2.9435	15.2058	0.3904	0.3904	0.0000	0.1102	0.1102	0.0000	0.2802	0.2802	0.0000	0.4615	0.0004	0.4611	0.0020	0.0004	0.0016	0.4595	0.0000	0.4595	0.4177	0.3592	0.0585	0.1573	0.1501	0.0071	0.2605	0.2091	0.0514	0.1883	0.1152	0.0732	0.0488	0.0478	0.0011	0.1395	0.0674	0.0721	0.3813	305.2768	0.0000	16.7535	85.9563	0.0000	0.3265	43258.8055	0.0000	2.4508	0.0036	6.3035	0.0418	0.0085	1.5031	3.2944	0.0000	6.3760
3	19	0.3130	14	1	1	1	1	0	0	0	0	N	N	N	N	N	N	N	N	N	N	N	N	0.0263	0.0121	0.0240	0.0217	0.0002	0.0002	0.0000	0.0005	0.0005	0.0000	0.0000	0.0000	0.0000	0.0074	0.0177	0.0000	0.0199	0.0228	0.0000	0.0000	0.0000	0.0000	0.0000	0.0000	-0.0000	-0.0000	4.7526	3.0000	2.9435	1.0000	0.0000	0.0000	0.0000	0.0000	0.0000	0.0000	0.0000	0.0000	0.0000	0.0001	0.0001	0.0000	0.0001	0.0001	0.0000	0.0000	0.0000	0.0000	0.1024	0.0937	0.0088	0.0417	0.0405	0.0012	0.0607	0.0532	0.0075	0.0186	0.0114	0.0072	0.0042	0.0039	0.0003	0.0144	0.0075	0.0069	0.0727	0.0487	0.0000	0.0405	0.0387	0.0000	0.0000	0.0000	0.0000	0.0027	0.0044	0.0000	0.0118	0.0128	0.0000	0.0000	0.0000	0.0000					
3	20	0.4960	11	1	1	1	1	0	0	0	0	N	N	N	N	N	N	N	N	N	N	N	N	5.1771	1.6861	0.0000	7.8394	8.0915	0.0000	0.6720	0.0444	0.0000	0.1963	0.2284	0.0000	0.3429	0.4130	0.0000	0.0005	0.0005	0.0000	0.0379	0.1354	0.0000	0.0437	0.0510	0.0000	0.0007	0.0116	0.0000	0.0000	0.0001	-0.0291	-0.0003	4.7526	9.0824	2.9435	4.8637	0.1012	0.1012	0.0000	0.1011	0.1011	0.0000	0.0001	0.0001	0.0000	0.0005	0.0005	0.0000	0.0005	0.0005	0.0000	0.0000	0.0000	0.0000	0.5157	0.4433	0.0724	0.2949	0.2449	0.0500	0.2208	0.1984	0.0224	0.0657	0.0441	0.0217	0.0237	0.0212	0.0025	0.0421	0.0229	0.0192	25.7934	20.1093	0.0000	16.5568	17.8368	0.0000	1.9119	1.1595	0.0000	0.0076	0.0114	0.0000	0.0207	0.0232	0.0000	0.0002	0.0004	0.0000
3	21	0.2965	10	2	1	1	0	0	0	0	0	Y	N	N	N	N	N	N	N	N	N	N	N	0.0015	0.0000	6.1701	0.0001	0.0000	6.4652	0.2532	0.0001	8.0156	0.0026	0.0001	0.0295	0.0004	0.0001	0.0088	0.0041	0.0000	0.0327	1.7753	2.8816	0.0048	6.2139	7.0072	0.0014	0.0161	0.1419	0.0041	41.2667	0.0008	0.0003	-0.0823	4.7526	5.0072	2.9435	8.1033	0.0005	0.0000	0.0005	0.0000	0.0000	0.0000	0.0004	0.0000	0.0004	0.1311	0.1310	0.0001	0.1309	0.1309	0.0000	0.0002	0.0001	0.0001	0.1820	0.1663	0.0157	0.0727	0.0706	0.0021	0.1093	0.0956	0.0136	0.0738	0.0455	0.0284	0.0211	0.0187	0.0024	0.0528	0.0268	0.0260	0.0015	0.0000	7.8135	0.0001	0.0000	6.4652	1.3292	0.0057	8.1766	1.7753	2.8816	0.0038	6.2139	7.0072	0.0014	0.0031	0.0022	0.0040
3	22	0.2651	10	1	1	1	0	0	0	0	0	N	N	N	N	N	N	N	N	N	N	N	N	0.0065	0.0006	37.9986	0.1453	0.1709	0.0899	0.0072	0.0000	119.1791	0.0022	0.0003	0.0228	0.0007	0.0007	0.0015	0.0032	0.0000	0.0261	0.3408	0.5278	0.0006	0.0051	0.0042	0.0170	0.4443	1.1074	0.0002	6.8796	0.0108	0.0008	-0.0018	4.7526	17.0533	2.9435	10.0403	0.0013	0.0002	0.0011	0.0002	0.0002	0.0000	0.0011	0.0000	0.0011	0.0029	0.0029	0.0000	0.0001	0.0001	0.0000	0.0028	0.0028	0.0000	0.5765	0.5275	0.0490	0.2306	0.2241	0.0066	0.3459	0.3034	0.0424	0.1291	0.0769	0.0522	0.0256	0.0244	0.0012	0.1035	0.0525	0.0510	0.0979	0.0082	37.9986	0.1702	0.1916	0.0899	0.1177	0.0000	119.1791	0.0227	0.0377	0.0006	0.0044	0.0038	0.0170	0.0272	0.0535	0.0002
3	23	0.5373	15	1	0	1	1	0	0	0	0	N	N	N	N	N	N	N	N	N	N	N	N	0.0002	0.0004	0.0004	0.0054	0.0026	81.0554	0.0000	0.0000	0.0000	0.0002	0.0001	0.0011	0.0003	0.0002	0.0049	0.0000	0.0000	0.0000	0.8772	0.2303	2.7206	0.0635	0.0726	0.0001	1.0669	0.0021	2.7898	0.8674	16.6911	0.0000	0.0009	4.7526	2.8591	2.9435	0.9679	0.0000	0.0000	0.0000	0.0000	0.0000	0.0000	0.0000	0.0000	0.0000	0.0028	0.0002	0.0027	0.0002	0.0002	0.0000	0.0027	0.0000	0.0027	0.1061	0.0980	0.0080	0.0547	0.0530	0.0018	0.0513	0.0450	0.0063	0.0167	0.0109	0.0057	0.0057	0.0052	0.0005	0.0110	0.0057	0.0053	0.0010	0.0069	0.0023	0.0121	0.0062	81.0554	0.0000	0.0000	0.0000	0.1703	0.0147	0.4663	0.0281	0.0306	0.0001	0.2442	0.0000	0.5073
3	24	0.5111	14	1	0	1	1	0	0	0	0	N	N	N	N	N	N	N	N	N	N	N	N	0.0000	0.0060	0.0000	0.1345	0.1442	0.0549	0.0000	0.0008	0.0000	0.0005	0.0006	0.0001	0.0006	0.0006	0.0004	0.0005	0.0005	0.0000	18.0267	0.0974	94.3249	0.0045	0.0042	0.0070	27.0210	0.6864	82.4561	0.0124	2866.5149	-0.0000	0.3619	4.7526	6.2936	2.9435	7.0245	0.0001	0.0001	0.0000	0.0001	0.0001	0.0000	0.0001	0.0001	0.0000	0.9748	0.0003	0.9744	0.0001	0.0001	0.0000	0.9747	0.0003	0.9744	0.2306	0.2130	0.0176	0.1181	0.1143	0.0038	0.1125	0.0987	0.0138	0.0541	0.0361	0.0180	0.0180	0.0166	0.0014	0.0361	0.0195	0.0166	0.0000	0.0616	0.0000	0.1513	0.1638	0.0549	0.0000	0.0385	0.0000	18.0267	0.0094	54.1337	0.0040	0.0037	0.0070	27.0210	0.0143	58.7910
3	25	0.3706	11	2	0	2	0	0	0	0	0	Y	N	Y	N	N	N	N	N	N	N	N	N	196.3348	99.6832	2.5457	110.8104	119.0770	inf	2045.2279	inf	0.4402	0.0738	0.0828	0.0000	0.1394	0.1552	0.0000	0.0043	0.0049	0.0000	0.0004	0.0008	0.0000	0.0013	0.0013	0.0000	0.0000	0.0000	0.0000	0.0000	0.0053	-0.0044	-0.0000	4.7526	4.4994	2.9435	1.0731	0.0152	0.0152	0.0000	0.0148	0.0148	0.0000	0.0004	0.0004	0.0000	0.0000	0.0000	0.0000	0.0000	0.0000	0.0000	0.0000	0.0000	0.0000	0.2061	0.1837	0.0223	0.1060	0.0952	0.0108	0.1000	0.0885	0.0115	0.0299	0.0186	0.0113	0.0072	0.0069	0.0003	0.0227	0.0117	0.0110	242.8514	170.4148	2.5457	110.8104	119.0770	inf	2045.2279	inf	0.4402	0.0003	0.0005	0.0000	0.0013	0.0013	0.0000	0.0000	0.0000	0.0000
3	26	0.2581	9	1	1	1	0	0	0	0	0	N	N	N	N	N	N	N	N	N	N	N	N	0.2667	0.0345	91.4341	0.0885	0.0820	0.2770	72.5684	0.0000	643.4297	0.0038	0.0014	0.0299	0.0033	0.0033	0.0019	0.0042	0.0000	0.0347	0.0144	0.0416	0.0003	0.0371	0.0406	0.0069	0.0001	0.0005	0.0001	1.9170	0.0291	0.0006	-0.0003	4.7526	12.3098	2.9435	9.0087	0.0017	0.0006	0.0011	0.0006	0.0006	0.0000	0.0011	0.0000	0.0011	0.0005	0.0005	0.0000	0.0005	0.0005	0.0000	0.0000	0.0000	0.0000	0.4443	0.4069	0.0374	0.1806	0.1751	0.0054	0.2637	0.2318	0.0319	0.1111	0.0690	0.0421	0.0265	0.0248	0.0017	0.0846	0.0442	0.0404	0.8721	0.2086	91.4341	0.1793	0.1743	0.2770	154.8440	0.0000	643.4297	0.0044	0.0069	0.0003	0.0183	0.0191	0.0069	0.0000	0.0000	0.0001
3	27	0.2349	8	1	1	1	0	0	0	0	0	N	N	N	N	N	N	N	N	N	N	N	N	2.5966	3.0750	50.2200	1.0609	0.9642	7.4439	5.0369	990.0585	70.8166	0.6592	0.3649	3.8325	0.0789	0.0668	0.4746	1.0571	0.5910	4.3862	0.2539	0.1187	0.0763	0.0743	0.0693	0.0638	0.2099	0.0006	0.0619	0.9741	1.7909	0.1222	0.0001	4.7526	25.8727	2.9435	15.5187	0.5925	0.3002	0.2924	0.0288	0.0237	0.0051	0.5637	0.2765	0.2873	0.0039	0.0014	0.0025	0.0015	0.0014	0.0001	0.0024	0.0000	0.0024	0.8988	0.8225	0.0763	0.3656	0.3548	0.0108	0.5332	0.4678	0.0655	0.2154	0.1331	0.0822	0.0503	0.0478	0.0025	0.1651	0.0854	0.0797	36.4285	34.7928	125.9972	2.6182	2.2862	10.0549	73.2340	170636.1181	146.7474	0.0181	0.0105	0.0304	0.0301	0.0292	0.0472	0.0144	0.0000	0.0299
3	28	0.2873	10	2	1	1	0	0	0	0	0	Y	N	N	N	N	N	N	N	N	N	N	N	2.1683	77.4157	1.3692	2.2170	3.2326	0.1292	3.2517	10292.5077	2.4884	0.7957	0.8754	0.3738	0.0475	0.0499	0.0253	1.4996	1.7685	0.5228	0.3670	0.0113	0.2730	0.0214	0.0154	0.1958	0.4612	0.0002	0.2101	0.0806	11.4876	-0.2965	0.0020	4.7526	38.1974	2.9435	14.3032	1.3947	1.2907	0.1040	0.0404	0.0382	0.0021	1.3544	1.2525	0.1019	0.0067	0.0005	0.0062	0.0007	0.0005	0.0002	0.0060	0.0000	0.0060	1.7527	1.4745	0.2782	0.8496	0.7663	0.0833	0.9032	0.7082	0.1949	0.2677	0.1670	0.1007	0.0576	0.0559	0.0018	0.2101	0.1111	0.0989	31.7483	272.0805	6.0987	3.8026	5.1908	0.2439	52.5927	3180566.0777	8.6347	0.0251	0.0032	0.0613	0.0125	0.0096	0.1038	0.0285	0.0000	0.0605
3	29	0.2650	10	1	1	1	0	0	0	0	0	N	N	N	N	N	N	N	N	N	N	N	N	6.8418	0.0000	125023.5699	5.3863	0.0000	154737.0071	1126.5263	0.0000	76122.6203	0.6561	0.0000	5.1475	0.8137	0.0000	10.7057	0.5209	0.0000	3.0351	0.0959	0.2880	0.0000	0.1511	0.1589	0.0001	0.0005	0.0074	0.0000	1659094.2626	0.0014	0.1325	-0.0006	4.7526	6.0056	2.9435	10.9350	0.1858	0.0000	0.1858	0.1064	0.0000	0.1064	0.0794	0.0000	0.0794	0.0009	0.0009	0.0000	0.0009	0.0009	0.0000	0.0000	0.0000	0.0000	0.2832	0.2471	0.0361	0.1308	0.1209	0.0099	0.1524	0.1262	0.0262	0.0857	0.0534	0.0324	0.0208	0.0193	0.0014	0.0650	0.0341	0.0309	60.7608	0.0000	125023.5699	18.4629	0.0000	154737.0071	3010.7090	0.0000	76122.6203	0.0108	0.0173	0.0000	0.0441	0.0473	0.0001	0.0002	0.0003	0.0000
3	30	0.3251	10	2	1	1	0	0	0	0	0	Y	N	N	N	N	N	N	N	N	N	N	N	15.2910	10.4908	0.0008	0.2269	0.2781	0.0001	174.3827	306.9290	0.0034	0.3275	0.3588	0.0000	0.0062	0.0066	0.0000	0.6797	0.7716	0.0000	0.0214	0.0342	0.0069	0.0275	0.0238	0.0581	0.0039	0.0025	0.0021	0.0000	0.3681	-0.0818	-0.0003	4.7526	17.1852	2.9435	7.8386	0.2849	0.2849	0.0000	0.0028	0.0028	0.0000	0.2821	0.2821	0.0000	0.0009	0.0007	0.0002	0.0008	0.0007	0.0001	0.0001	0.0000	0.0001	0.8700	0.7941	0.0759	0.4550	0.4286	0.0265	0.4150	0.3656	0.0494	0.1590	0.1073	0.0517	0.0537	0.0504	0.0032	0.1053	0.0568	0.0485	57.0464	57.6837	0.0012	0.4148	0.5034	0.0001	675.1498	11210.6173	0.0034	0.0057	0.0062	0.0047	0.0150	0.0132	0.0443	0.0010	0.0001	0.0021
3	31	0.0727	5	1	1	1	0	0	0	0	0	N	N	N	N	N	N	N	N	N	N	N	N	0.0003	0.0055	0.0000	0.0107	0.0111	0.0027	0.0000	0.0001	0.0000	0.0029	0.0032	0.0000	0.0092	0.0094	0.0001	0.0000	0.0000	0.0000	8.9472	0.5731	33.0554	0.8612	0.8471	0.0290	10.6479	0.0005	32.5805	0.0003	343.7428	-0.0003	0.3609	4.7526	9.9927	2.9435	7.0404	0.0010	0.0010	0.0000	0.0010	0.0010	0.0000	0.0000	0.0000	0.0000	0.9787	0.0028	0.9758	0.0028	0.0028	0.0000	0.9758	0.0000	0.9758	0.3445	0.3113	0.0332	0.1072	0.1049	0.0022	0.2373	0.2063	0.0310	0.1094	0.0644	0.0450	0.0177	0.0173	0.0004	0.0916	0.0471	0.0446	0.0003	0.0720	0.0000	0.0574	0.0575	0.0030	0.0000	0.0215	0.0000	8.9472	0.0441	21.6959	0.1606	0.1637	0.0263	10.6479	0.0000	21.8906
3	32	0.0646	4	1	1	1	0	0	0	0	0	N	N	N	N	N	N	N	N	N	N	N	N	0.3345	24.3977	0.0025	26.4523	24.5749	0.4462	0.0028	2.0694	0.0027	0.2877	0.3785	0.0062	0.7399	0.7469	0.0002	0.0028	0.0006	0.0063	0.8602	0.0155	2.4453	0.0280	0.0304	0.0004	1.0220	0.0003	2.3590	0.0053	66.7153	-0.0184	0.0018	4.7526	3.8146	2.9435	0.9911	0.0654	0.0650	0.0003	0.0650	0.0650	0.0000	0.0004	0.0000	0.0003	0.0049	0.0001	0.0049	0.0001	0.0001	0.0000	0.0049	0.0000	0.0049	0.2273	0.1718	0.0554	0.0878	0.0870	0.0008	0.1394	0.0848	0.0546	0.0313	0.0183	0.0130	0.0048	0.0047	0.0001	0.0265	0.0136	0.0129	1.8226	94.8616	0.0166	48.7252	48.0766	0.4462	0.0153	572.4043	0.0167	0.1579	0.0040	0.3741	0.0152	0.0155	0.0004	0.1838	0.0000	0.3774
3	33	0.0646	4	1	1	1	0	0	0	0	0	N	N	N	N	N	N	N	N	N	N	N	N	692.7093	1.0091	22498606.2056	4.0636	0.3402	143571.7399	11560718.6364	inf	30847805.4923	0.3701	0.0013	2.8698	0.0101	0.0009	0.5270	0.5407	0.0015	2.9769	0.0005	0.0013	0.0000	0.0025	0.0025	0.0000	0.0000	0.0000	0.0000	326.8983	0.0001	0.2332	-0.0000	4.7526	24.4476	2.9435	5.0002	0.3285	0.0010	0.3275	0.0029	0.0002	0.0026	0.3256	0.0008	0.3249	0.0001	0.0001	0.0000	0.0001	0.0001	0.0000	0.0000	0.0000	0.0000	0.8877	0.7736	0.1141	0.2855	0.2805	0.0050	0.6022	0.4931	0.1091	0.1822	0.1070	0.0753	0.0283	0.0276	0.0007	0.1539	0.0793	0.0746	963.1545	1.9787	22498606.2056	4.0636	0.3402	143571.7399	11560718.6364	inf	30847805.4923	0.0004	0.0007	0.0000	0.0025	0.0025	0.0000	0.0000	0.0000	0.0000
3	34	0.4056	10	1	1	2	1	0	0	0	0	N	N	Y	N	N	N	N	N	N	N	N	N	0.1554	0.0827	0.0000	0.0493	0.0427	0.0000	28.1555	inf	0.0000	0.0002	0.0002	0.0000	0.0001	0.0001	0.0000	0.0004	0.0004	0.0000	0.0015	0.0029	0.0000	0.0019	0.0023	0.0000	0.0000	0.0000	0.0000	0.0000	0.0074	-0.0000	-0.0000	4.7526	1.3124	2.9435	1.0060	0.0000	0.0000	0.0000	0.0000	0.0000	0.0000	0.0000	0.0000	0.0000	0.0000	0.0000	0.0000	0.0000	0.0000	0.0000	0.0000	0.0000	0.0000	0.0558	0.0519	0.0039	0.0304	0.0296	0.0008	0.0254	0.0223	0.0031	0.0124	0.0081	0.0043	0.0050	0.0042	0.0008	0.0074	0.0039	0.0035	0.2930	0.2076	0.0000	0.0493	0.0427	0.0000	42.0553	inf	0.0000	0.0008	0.0012	0.0000	0.0019	0.0023	0.0000	0.0000	0.0000	0.0000
3	35	0.2743	9	1	0	1	1	0	0	0	0	N	N	N	N	N	N	N	N	N	N	N	N	16.0225	4.3338	0.0561	5.3618	5.5844	0.0030	3130.8140	1527.6817	0.1449	0.6590	0.7254	0.0000	0.4084	0.4351	0.0000	0.8613	0.9740	0.0000	0.0411	0.1674	0.0005	0.0762	0.0779	0.0079	0.0003	0.0006	0.0002	0.0000	0.0250	-0.3394	-0.0015	4.7526	53.2438	2.9435	16.6757	1.1822	1.1822	0.0000	0.3272	0.3272	0.0000	0.8550	0.8550	0.0000	0.0024	0.0024	0.0001	0.0024	0.0024	0.0000	0.0000	0.0000	0.0000	1.7939	1.6297	0.1641	0.8012	0.7519	0.0492	0.9927	0.8778	0.1149	0.3103	0.1930	0.1173	0.0793	0.0748	0.0045	0.2310	0.1182	0.1128	84.1033	59.0106	0.0561	13.4468	13.7162	0.0030	8319.0487	237572.9251	0.1449	0.0078	0.0123	0.0005	0.0304	0.0317	0.0079	0.0001	0.0000	0.0002
3	36	0.2335	9	1	1	1	0	0	0	0	0	N	N	N	N	N	N	N	N	N	N	N	N	0.0286	0.0083	0.0000	0.0315	0.0297	0.0000	0.0086	0.0393	0.0000	0.0008	0.0008	0.0000	0.0018	0.0019	0.0000	0.0000	0.0000	0.0000	0.0264	0.0997	0.0016	0.0581	0.0640	0.0015	0.0028	0.0007	0.0016	0.0000	0.1049	-0.0001	-0.0005	4.7526	17.9460	2.9435	11.6991	0.0005	0.0005	0.0000	0.0005	0.0005	0.0000	0.0000	0.0000	0.0000	0.0009	0.0009	0.0001	0.0009	0.0009	0.0000	0.0001	0.0000	0.0001	0.6164	0.5613	0.0551	0.2489	0.2396	0.0094	0.3675	0.3218	0.0457	0.1463	0.0885	0.0577	0.0331	0.0313	0.0018	0.1132	0.0573	0.0559	0.1169	0.0858	0.0000	0.0707	0.0697	0.0000	0.0318	5.7653	0.0000	0.0065	0.0096	0.0016	0.0259	0.0273	0.0015	0.0008	0.0000	0.0016
3	37	0.5082	12	2	1	1	0	0	0	0	0	Y	N	N	N	N	N	N	N	N	N	N	N	631.0866	inf	0.0000	100.4013	inf	0.0000	1285.5806	inf	0.0000	0.0010	0.0011	0.0000	0.0002	0.0002	0.0000	0.0017	0.0020	0.0000	0.0000	0.0000	0.0000	0.0000	0.0000	0.0000	0.0000	0.0000	0.0000	0.0000	inf	-0.0000	0.0000	4.7526	1.9903	2.9435	0.0021	0.0001	0.0001	0.0000	0.0000	0.0000	0.0000	0.0001	0.0001	0.0000	0.0000	0.0000	0.0000	0.0000	0.0000	0.0000	0.0000	0.0000	0.0000	0.0636	0.0579	0.0057	0.0295	0.0281	0.0014	0.0340	0.0298	0.0043	0.0094	0.0064	0.0031	0.0035	0.0031	0.0004	0.0059	0.0033	0.0027	631.0866	inf	0.0000	100.4013	inf	0.0000	1285.5806	inf	0.0000	0.0000	0.0000	0.0000	0.0000	0.0000	0.0000	0.0000	0.0000	0.0000
3	38	0.2743	9	1	1	1	1	0	0	0	0	N	N	N	N	N	N	N	N	N	N	N	N	3.8863	41.3127	6.3846	4.3343	4.3872	0.0006	5.3887	3768.9051	10.3713	1.0276	1.0508	0.7997	0.1033	0.1104	0.0000	1.7909	1.8734	1.1638	0.2644	0.0254	0.1253	0.0238	0.0252	0.0096	0.3323	0.0005	0.1122	0.0778	4.5491	-0.3518	0.0010	4.7526	45.5232	2.9435	15.8903	1.6366	1.5185	0.1181	0.0744	0.0744	0.0000	1.5622	1.4441	0.1181	0.0052	0.0009	0.0043	0.0010	0.0009	0.0000	0.0043	0.0000	0.0042	1.5927	1.4451	0.1477	0.7204	0.6742	0.0462	0.8723	0.7708	0.1015	0.2807	0.1747	0.1060	0.0728	0.0687	0.0041	0.2079	0.1060	0.1019	55.1307	194.7223	19.7632	7.6631	8.0493	0.0006	87.5986	749446.8744	27.9097	0.0186	0.0054	0.0405	0.0135	0.0137	0.0096	0.0204	0.0000	0.0417
3	39	0.2472	8	1	0	1	1	0	0	0	0	N	N	N	N	N	N	N	N	N	N	N	N	0.9817	1.1294	0.3063	1.1861	1.2510	0.8718	1.8705	1.0361	0.5867	0.3045	0.3388	0.0183	0.0947	0.1045	0.0022	0.4968	0.5586	0.0303	0.3101	0.3000	0.0596	0.0798	0.0835	0.0025	0.2656	0.5391	0.0517	0.0065	0.8502	-0.0493	-0.0003	4.7526	13.8166	2.9435	4.5847	0.1757	0.1745	0.0011	0.0261	0.0261	0.0001	0.1496	0.1485	0.0011	0.0020	0.0011	0.0009	0.0008	0.0008	0.0000	0.0012	0.0003	0.0009	0.5770	0.5153	0.0617	0.2759	0.2495	0.0265	0.3010	0.2658	0.0352	0.0976	0.0613	0.0363	0.0251	0.0239	0.0013	0.0725	0.0374	0.0351	14.6028	18.8737	0.7090	3.0168	3.1748	0.8718	28.8836	66.4545	1.1404	0.0209	0.0179	0.0257	0.0314	0.0329	0.0025	0.0172	0.0084	0.0266
3	40	0.4090	12	1	0	2	0	0	0	0	0	N	N	Y	N	N	N	N	N	N	N	N	N	961.4264	1221.5375	0.0045	8.0549	14.2278	0.0006	10246.5051	23200.9279	0.0156	2.7392	2.9987	0.0000	0.0325	0.0338	0.0000	4.9322	5.6466	0.0000	0.0028	0.0025	0.0017	0.0040	0.0024	0.0222	0.0005	0.0002	0.0004	0.0000	0.8688	-0.3629	-0.0000	4.7526	12.6411	2.9435	7.4648	1.2640	1.2640	0.0000	0.0067	0.0067	0.0000	1.2573	1.2573	0.0000	0.0001	0.0001	0.0001	0.0001	0.0001	0.0000	0.0000	0.0000	0.0000	0.4615	0.4215	0.0399	0.2065	0.1989	0.0077	0.2549	0.2227	0.0323	0.0964	0.0629	0.0335	0.0291	0.0271	0.0020	0.0673	0.0358	0.0314	2193.1804	2928.8616	0.0045	8.7532	14.2278	0.0007	27462.3572	6950378.9987	0.0156	0.0012	0.0010	0.0017	0.0037	0.0024	0.0217	0.0002	0.0000	0.0004
3	41	0.4958	10	1	1	1	0	0	0	0	0	N	N	N	N	N	N	N	N	N	N	N	N	15.4380	5.7564	0.0682	9.0712	9.5095	0.0052	495.5604	1275.8628	0.2550	0.4812	0.5363	0.0002	0.3894	0.4272	0.0001	0.5996	0.6824	0.0002	0.0312	0.0932	0.0024	0.0429	0.0449	0.0227	0.0012	0.0005	0.0008	0.0000	0.1348	-0.1300	-0.0005	4.7526	22.0894	2.9435	9.3639	0.4529	0.4529	0.0000	0.2064	0.2064	0.0000	0.2465	0.2465	0.0000	0.0010	0.0009	0.0001	0.0010	0.0009	0.0001	0.0000	0.0000	0.0000	0.9413	0.8445	0.0968	0.5302	0.4832	0.0469	0.4112	0.3613	0.0499	0.1428	0.0943	0.0485	0.0467	0.0431	0.0036	0.0961	0.0512	0.0448	68.9602	57.6232	0.0682	18.9807	20.9721	0.0052	1528.4390	244313.1647	0.2550	0.0070	0.0093	0.0024	0.0205	0.0204	0.0222	0.0004	0.0000	0.0008
3	42	0.2472	8	1	1	1	0	0	0	0	0	N	N	N	N	N	N	N	N	N	N	N	N	2.1217	8.9821	0.0005	0.0279	0.0277	0.8229	3.5305	1344.2295	0.0008	0.6944	0.7664	0.0001	0.0015	0.0016	0.0000	1.2226	1.3850	0.0001	0.3273	0.0853	0.1345	0.0538	0.0579	0.0000	0.3463	0.0010	0.1259	0.0000	2.8971	-0.2898	0.0007	4.7526	43.3975	2.9435	17.3745	1.0094	1.0094	0.0000	0.0009	0.0009	0.0000	1.0084	1.0084	0.0000	0.0059	0.0015	0.0044	0.0015	0.0015	0.0000	0.0044	0.0000	0.0044	1.4535	1.3170	0.1365	0.6287	0.5889	0.0398	0.8249	0.7281	0.0967	0.2709	0.1674	0.1035	0.0626	0.0590	0.0037	0.2083	0.1085	0.0999	31.9818	84.9907	0.0017	0.0624	0.0626	0.8229	58.2152	132992.8608	0.0023	0.0217	0.0090	0.0422	0.0241	0.0256	0.0000	0.0210	0.0000	0.0438
3	43	0.4259	9	2	0	2	0	0	0	0	0	Y	N	Y	N	N	N	N	N	N	N	N	N	0.5163	0.4092	91.3920	0.4742	0.4836	0.8539	303.3863	1369.5631	225.3167	0.2429	0.2636	0.0206	0.3699	0.3877	0.0020	0.0532	0.0572	0.0296	0.4704	0.6442	0.0002	0.7801	0.8018	0.0023	0.0002	0.0000	0.0001	0.0073	0.0024	-0.0598	-0.0026	4.7526	18.2331	2.9435	4.4208	0.2136	0.2120	0.0015	0.1948	0.1947	0.0000	0.0188	0.0173	0.0015	0.0042	0.0042	0.0000	0.0042	0.0042	0.0000	0.0000	0.0000	0.0000	0.8792	0.8044	0.0748	0.5265	0.5022	0.0243	0.3526	0.3022	0.0504	0.1183	0.0739	0.0444	0.0285	0.0266	0.0019	0.0897	0.0473	0.0425	6.8681	4.6660	91.3920	2.5274	2.4729	0.8539	854.1482	509792.7760	225.3167	0.0354	0.0565	0.0002	0.1464	0.1568	0.0023	0.0001	0.0000	0.0001
3	44	0.4857	9	1	1	1	1	0	0	0	0	N	N	N	N	N	N	N	N	N	N	N	N	1.6241	1.3782	2.6161	1.3074	1.2125	2.3067	4.5317	21.4636	1.7232	0.0057	0.0060	0.0031	0.0050	0.0049	0.0066	0.0065	0.0071	0.0017	0.0035	0.0043	0.0012	0.0038	0.0041	0.0029	0.0014	0.0003	0.0010	0.0469	0.3741	-0.0029	-0.0002	4.7526	62.5878	2.9435	29.9840	0.0121	0.0115	0.0005	0.0052	0.0049	0.0003	0.0069	0.0066	0.0002	0.0006	0.0004	0.0002	0.0005	0.0004	0.0000	0.0001	0.0000	0.0001	2.1009	1.9250	0.1759	1.0415	0.9930	0.0484	1.0594	0.9320	0.1275	0.4045	0.2671	0.1374	0.1303	0.1180	0.0123	0.2742	0.1491	0.1251	3.9228	3.7109	2.6161	1.4016	1.3517	2.3067	14.0169	5269.9933	1.7232	0.0015	0.0016	0.0012	0.0036	0.0037	0.0029	0.0005	0.0000	0.0010
3	45	0.4259	9	2	0	2	0	0	0	0	0	Y	N	Y	N	N	N	N	N	N	N	N	N	12.9929	9.4818	9.8161	8.3433	10.3404	0.0440	48.0488	1190.3140	39.8718	0.1506	0.1619	0.0257	0.1998	0.2095	0.0022	0.0679	0.0728	0.0385	0.0116	0.0171	0.0026	0.0239	0.0203	0.0510	0.0014	0.0001	0.0010	0.0143	0.3667	-0.0298	-0.0001	4.7526	13.5293	2.9435	3.1702	0.1092	0.1076	0.0015	0.0908	0.0908	0.0000	0.0184	0.0169	0.0015	0.0003	0.0002	0.0001	0.0003	0.0002	0.0001	0.0000	0.0000	0.0000	0.7250	0.6649	0.0601	0.4545	0.4332	0.0213	0.2705	0.2317	0.0388	0.0895	0.0560	0.0335	0.0219	0.0204	0.0014	0.0676	0.0355	0.0321	41.2655	37.9165	9.8161	14.7854	17.9166	0.0571	148.1719	438630.4826	39.8718	0.0036	0.0043	0.0026	0.0135	0.0117	0.0393	0.0005	0.0000	0.0010
3	46	0.4215	8	2	0	2	0	0	0	0	0	Y	N	Y	N	N	N	N	N	N	N	N	N	7.7938	3.8463	37.5550	5.3818	6.8944	0.3080	70.4929	124.1799	182.8572	0.3758	0.3520	0.4795	0.3102	0.3330	0.0564	0.5239	0.4202	0.6663	0.0482	0.0915	0.0128	0.0576	0.0483	0.1830	0.0074	0.0034	0.0036	0.3120	0.4538	-0.0117	-0.0001	4.7526	4.1147	2.9435	1.2946	0.2378	0.1813	0.0566	0.1361	0.1341	0.0020	0.1017	0.0472	0.0545	0.0003	0.0002	0.0001	0.0003	0.0002	0.0000	0.0000	0.0000	0.0000	0.6329	0.5150	0.1179	0.4388	0.4027	0.0361	0.1941	0.1123	0.0818	0.0354	0.0226	0.0129	0.0101	0.0096	0.0005	0.0253	0.0130	0.0123	43.9068	38.0999	65.1267	12.2070	15.4011	0.5970	286.7348	4071.1837	182.8572	0.0086	0.0092	0.0074	0.0254	0.0216	0.0944	0.0018	0.0001	0.0036
3	47	0.3588	7	2	0	1	0	0	0	0	0	Y	N	N	N	N	N	N	N	N	N	N	N	14.3507	3.5479	508.1543	3.3761	3.3125	5.6498	213.1766	546.8008	1387.3681	1.3117	0.6465	5.6599	0.2183	0.2109	0.3399	2.3625	1.1432	7.0799	0.0914	0.1822	0.0111	0.0647	0.0637	0.0602	0.0111	0.0021	0.0051	1.3394	0.2970	0.3813	-0.0010	4.7526	22.0103	2.9435	13.6452	1.3359	0.5710	0.7649	0.1090	0.0993	0.0097	1.2270	0.4718	0.7552	0.0026	0.0020	0.0006	0.0022	0.0020	0.0002	0.0004	0.0000	0.0004	1.0185	0.8833	0.1351	0.4991	0.4707	0.0285	0.5193	0.4127	0.1067	0.2433	0.1573	0.0860	0.0772	0.0726	0.0046	0.1661	0.0847	0.0814	123.7852	51.1685	824.1523	7.6893	7.7252	7.4526	1016.4995	23153.3007	1509.2990	0.0106	0.0126	0.0069	0.0284	0.0273	0.0456	0.0023	0.0000	0.0047
3	48	0.4090	12	1	1	1	0	0	0	0	0	N	N	N	N	N	N	N	N	N	N	N	N	116.7335	68.0307	71.8123	2.2600	2.0776	191.4641	1292.0392	6003.8650	79.8669	1.2520	1.3634	0.0768	0.0360	0.0367	0.0198	2.2376	2.5487	0.0904	0.0107	0.0200	0.0011	0.0160	0.0177	0.0001	0.0017	0.0004	0.0011	0.0053	0.1194	-0.1618	-0.0001	4.7526	12.3962	2.9435	3.7178	0.5742	0.5712	0.0030	0.0074	0.0073	0.0002	0.5668	0.5639	0.0029	0.0003	0.0002	0.0000	0.0002	0.0002	0.0000	0.0000	0.0000	0.0000	0.4587	0.4190	0.0397	0.2053	0.1977	0.0076	0.2533	0.2213	0.0321	0.0808	0.0531	0.0277	0.0249	0.0232	0.0017	0.0560	0.0299	0.0260	364.1464	291.6580	71.8123	3.6081	3.4253	191.4641	4240.3132	1381455.2354	79.8669	0.0034	0.0047	0.0011	0.0100	0.0107	0.0001	0.0005	0.0000	0.0011
3	49	0.3801	11	1	0	1	0	0	0	0	0	N	N	N	N	N	N	N	N	N	N	N	N	0.9767	0.5789	3.4368	0.3990	0.3850	0.2616	10.7573	5.6615	6.1869	0.0091	0.0096	0.0039	0.0056	0.0057	0.0017	0.0121	0.0132	0.0044	0.0093	0.0165	0.0011	0.0140	0.0149	0.0065	0.0011	0.0023	0.0007	0.0368	0.1464	-0.0013	-0.0002	4.7526	14.4870	2.9435	5.8627	0.0051	0.0049	0.0002	0.0015	0.0014	0.0000	0.0037	0.0035	0.0002	0.0003	0.0003	0.0000	0.0003	0.0003	0.0000	0.0000	0.0000	0.0000	0.5642	0.5174	0.0469	0.2619	0.2529	0.0090	0.3023	0.2644	0.0379	0.1059	0.0686	0.0372	0.0332	0.0305	0.0027	0.0727	0.0382	0.0346	2.9192	2.2821	3.4368	0.6134	0.6134	0.2616	32.6590	211.6823	6.1869	0.0031	0.0042	0.0011	0.0091	0.0093	0.0065	0.0004	0.0001	0.0007
3	50	0.3763	12	2	1	2	0	0	0	0	0	Y	N	Y	N	N	N	N	N	N	N	N	N	0.2984	0.1084	inf	0.1198	0.0392	inf	inf	inf	inf	0.0011	0.0009	0.0033	0.0011	0.0004	0.0150	0.0011	0.0013	0.0000	0.0037	0.0081	0.0000	0.0091	0.0099	0.0000	0.0000	0.0000	0.0000	0.3914	0.0000	-0.0000	-0.0000	4.7526	0.9856	2.9435	2.8295	0.0000	0.0000	0.0000	0.0000	0.0000	0.0000	0.0000	0.0000	0.0000	0.0000	0.0000	0.0000	0.0000	0.0000	0.0000	0.0000	0.0000	0.0000	0.0324	0.0293	0.0031	0.0139	0.0132	0.0007	0.0185	0.0161	0.0024	0.0197	0.0122	0.0075	0.0046	0.0044	0.0002	0.0151	0.0078	0.0074	0.7231	0.3543	inf	0.1661	0.0570	inf	inf	inf	inf	0.0015	0.0025	0.0000	0.0066	0.0068	0.0000	0.0000	0.0000	0.0000
3	51	0.4656	10	2	1	1	0	0	0	0	0	Y	N	N	N	N	N	N	N	N	N	N	N	1.4858	1.0544	0.3426	2.8538	2.6137	1.3589	0.6390	0.7367	0.1289	0.0065	0.0070	0.0003	0.0126	0.0130	0.0010	0.0007	0.0008	0.0001	0.0044	0.0067	0.0008	0.0044	0.0050	0.0007	0.0011	0.0011	0.0008	0.0033	0.1723	-0.0010	-0.0001	4.7526	13.3057	2.9435	8.6321	0.0035	0.0035	0.0000	0.0033	0.0033	0.0000	0.0002	0.0002	0.0000	0.0002	0.0002	0.0000	0.0002	0.0002	0.0000	0.0000	0.0000	0.0000	0.5372	0.4940	0.0433	0.2608	0.2529	0.0079	0.2764	0.2410	0.0354	0.1271	0.0854	0.0416	0.0479	0.0437	0.0042	0.0791	0.0417	0.0374	3.7612	3.2139	0.3426	3.1843	3.0374	1.3589	1.9409	63.5523	0.1289	0.0017	0.0022	0.0008	0.0040	0.0043	0.0007	0.0004	0.0000	0.0008
3	52	0.5111	14	1	1	1	1	0	0	0	0	N	N	N	N	N	N	N	N	N	N	N	N	0.0012	0.0010	1.0530	0.0005	0.0005	0.0415	20.9436	1.2285	1.3939	0.0013	0.0014	0.0000	0.0012	0.0012	0.0000	0.0014	0.0016	0.0001	1.0241	1.3644	0.0000	2.3739	2.4605	0.0001	0.0001	0.0013	0.0000	0.0027	0.0000	-0.0000	-0.0023	4.7526	2.1073	2.9435	0.0711	0.0001	0.0001	0.0000	0.0000	0.0000	0.0000	0.0001	0.0001	0.0000	0.0036	0.0036	0.0000	0.0036	0.0036	0.0000	0.0000	0.0000	0.0000	0.0815	0.0753	0.0062	0.0418	0.0405	0.0013	0.0397	0.0348	0.0049	0.0102	0.0068	0.0034	0.0037	0.0034	0.0003	0.0065	0.0034	0.0031	0.0036	0.0026	1.0530	0.0012	0.0011	0.0415	47.7710	87.3025	1.3939	0.3535	0.5326	0.0000	0.9796	1.0691	0.0001	0.0000	0.0000	0.0000
3	53	0.4487	13	1	0	1	1	0	0	0	0	N	N	N	N	N	N	N	N	N	N	N	N	2.5784	4.6986	0.0010	7.5858	8.5876	0.0311	2.6588	1127.7087	0.0000	1.3906	1.5169	0.0006	1.2320	1.2942	0.0017	1.6025	1.8426	0.0000	0.5393	0.3228	0.5583	0.1624	0.1507	0.0546	0.6027	0.0016	0.4656	0.0000	2.7496	-0.3338	0.0005	4.7526	21.8329	2.9435	8.0592	1.1628	1.1627	0.0000	0.5893	0.5892	0.0000	0.5735	0.5735	0.0000	0.0051	0.0013	0.0037	0.0014	0.0013	0.0001	0.0036	0.0000	0.0036	0.8362	0.7665	0.0697	0.4783	0.4553	0.0230	0.3579	0.3112	0.0466	0.1132	0.0726	0.0406	0.0316	0.0292	0.0023	0.0816	0.0434	0.0383	31.1293	81.6553	0.0062	26.8886	28.0821	0.0400	36.2337	59952.9571	0.0001	0.0447	0.0186	0.0913	0.0458	0.0461	0.0424	0.0442	0.0000	0.0943
3	54	0.5781	12	1	1	1	1	0	0	0	0	N	N	N	N	N	N	N	N	N	N	N	N	0.0000	0.0000	0.0000	0.0000	0.0000	0.0000	0.0000	0.0000	0.0000	0.0000	0.0000	0.0000	0.0000	0.0000	0.0000	0.0000	0.0000	0.0000	0.0000	0.0000	4.7526	0.0000	2.9435	0.0000	0.0000	0.0000	0.0000	0.0000	0.0000	0.0000	0.0000	0.0000	0.0000	0.0000	0.0000	0.0000	0.0000	0.0000	0.0000	0.0000	0.0000	0.0000	0.0000	0.0000	0.0000	0.0000	0.0000	0.0000	0.0000	0.0000	0.0000	0.0000	0.0000	0.0000	0.0000	0.0000	0.0000	0.0000	0.0000	0.0000	0.0000	0.0000	0.0000	0.0000	0.0000	0.0000	0.0000	0.0000	0.0000	0.0000	0.0000	0.0000	0.0000	0.0000	0.0000	0.0000	0.0000	0.0000											
3	55	0.4487	13	1	0	1	1	0	0	0	0	N	N	N	N	N	N	N	N	N	N	N	N	32.1474	57.6433	0.0446	4.9246	6.3694	0.0102	71.8693	109.4478	0.0514	0.0236	0.0260	0.0000	0.0043	0.0046	0.0000	0.0530	0.0607	0.0000	0.0007	0.0005	0.0007	0.0009	0.0007	0.0035	0.0007	0.0006	0.0006	0.0001	0.9978	-0.0004	-0.0000	4.7526	1.2825	2.9435	0.1503	0.0015	0.0015	0.0000	0.0002	0.0002	0.0000	0.0014	0.0014	0.0000	0.0000	0.0000	0.0000	0.0000	0.0000	0.0000	0.0000	0.0000	0.0000	0.0651	0.0591	0.0061	0.0393	0.0366	0.0028	0.0258	0.0225	0.0033	0.0074	0.0050	0.0024	0.0025	0.0023	0.0001	0.0049	0.0026	0.0023	50.8939	75.8454	0.0446	4.9246	6.3694	0.0102	206.5833	19335.3805	0.0514	0.0005	0.0003	0.0007	0.0009	0.0007	0.0035	0.0003	0.0000	0.0006
3	56	0.4077	12	1	0	1	1	0	0	0	0	N	N	N	N	N	N	N	N	N	N	N	N	8.4926	10.1917	0.4809	4.1096	5.8474	0.0815	35.1582	7.8500	1.4515	0.0050	0.0054	0.0002	0.0047	0.0049	0.0003	0.0054	0.0062	0.0002	0.0006	0.0005	0.0005	0.0011	0.0008	0.0043	0.0002	0.0008	0.0001	0.0037	0.6179	-0.0009	-0.0000	4.7526	14.8542	2.9435	6.8183	0.0032	0.0032	0.0000	0.0017	0.0017	0.0000	0.0015	0.0015	0.0000	0.0000	0.0000	0.0000	0.0000	0.0000	0.0000	0.0000	0.0000	0.0000	0.6375	0.5831	0.0544	0.3637	0.3462	0.0175	0.2739	0.2369	0.0370	0.1098	0.0718	0.0380	0.0360	0.0329	0.0031	0.0738	0.0390	0.0348	12.1643	14.0239	0.4809	4.1096	5.8474	0.0815	100.6244	1023.4445	1.4515	0.0004	0.0004	0.0005	0.0011	0.0008	0.0043	0.0001	0.0000	0.0001
3	57	0.3328	11	1	0	1	1	0	0	0	0	N	N	N	N	N	N	N	N	N	N	N	N	21.4391	11.8169	0.2410	1.8508	1.8171	0.0050	343.3881	119.4771	0.4556	0.2315	0.2521	0.0002	0.0368	0.0384	0.0000	0.4313	0.4915	0.0003	0.0108	0.0213	0.0010	0.0199	0.0211	0.0074	0.0013	0.0041	0.0007	0.0001	0.1212	-0.0858	-0.0003	4.7526	33.5853	2.9435	9.3450	0.2988	0.2988	0.0000	0.0241	0.0241	0.0000	0.2748	0.2747	0.0000	0.0007	0.0006	0.0001	0.0006	0.0006	0.0000	0.0001	0.0000	0.0000	1.2907	1.1853	0.1053	0.6536	0.6264	0.0272	0.6371	0.5590	0.0781	0.1942	0.1219	0.0723	0.0519	0.0485	0.0034	0.1424	0.0735	0.0689	67.0015	51.3440	0.2410	3.1155	3.1677	0.0050	1057.2190	3372.7776	0.4556	0.0035	0.0049	0.0010	0.0118	0.0121	0.0074	0.0004	0.0001	0.0007
3	58	0.3120	10	1	0	1	0	0	0	0	0	N	N	N	N	N	N	N	N	N	N	N	N	0.9609	1.3362	0.0265	0.6440	0.6007	0.2390	1.4571	1.2722	0.0342	0.7049	0.7662	0.0346	0.0247	0.0256	0.0013	1.3008	1.4810	0.0430	0.7336	0.5734	1.3038	0.0384	0.0426	0.0056	0.8927	1.1641	1.2562	0.0041	2.3035	-0.1236	0.0005	4.7526	15.2419	2.9435	2.5705	0.4367	0.4349	0.0018	0.0072	0.0071	0.0000	0.4295	0.4278	0.0018	0.0077	0.0023	0.0054	0.0004	0.0004	0.0000	0.0073	0.0019	0.0054	0.6195	0.5676	0.0518	0.2893	0.2788	0.0104	0.3302	0.2888	0.0414	0.0849	0.0530	0.0320	0.0221	0.0207	0.0013	0.0629	0.0322	0.0306	7.7444	17.3365	0.2051	1.3200	1.3076	0.2390	11.1729	24.6691	0.2445	0.0910	0.0442	0.1686	0.0187	0.0196	0.0056	0.1164	0.0600	0.1757
3	59	0.5781	12	1	0	1	1	0	0	0	0	N	N	N	N	N	N	N	N	N	N	N	N	0.0000	0.0000	0.0000	0.0000	0.0000	0.0000	0.0000	0.0000	0.0000	0.0000	0.0000	0.0000	0.0000	0.0000	0.0000	0.9693	0.0000	2.9417	0.0016	0.0000	0.9605	1.2628	0.0000	2.9573	inf	0.0000	0.0000	4.7526	0.0000	2.9435	0.0000	0.0000	0.0000	0.0000	0.0000	0.0000	0.0000	0.0000	0.0000	0.0000	0.0000	0.0000	0.0000	0.0000	0.0000	0.0000	0.0000	0.0000	0.0000	0.0000	0.0000	0.0000	0.0000	0.0000	0.0000	0.0000	0.0000	0.0000	0.0000	0.0000	0.0000	0.0000	0.0000	0.0000	0.0000	0.0000	0.0000	0.0000	0.0000	0.0000	0.0000	0.0000	0.0000	0.0000	0.0000	0.0000	0.2658	0.0000	0.5553	0.0016	0.0000	0.2902	0.5214	0.0000	0.5569				
3	60	0.5007	11	1	0	1	1	0	0	0	0	N	N	N	N	N	N	N	N	N	N	N	N	0.0055	0.0594	0.0120	0.0692	0.1200	0.1538	0.0069	0.0187	0.0124	0.0078	0.0005	0.0824	0.0026	0.0009	0.0379	0.0138	0.0000	0.0985	1.4351	0.0088	6.8649	0.0372	0.0077	0.2465	2.0003	0.0006	7.9250	15.5096	724.7445	0.0025	0.0489	4.7526	19.3360	2.9435	7.9957	0.0038	0.0002	0.0036	0.0007	0.0002	0.0004	0.0031	0.0000	0.0031	0.1321	0.0002	0.1319	0.0007	0.0002	0.0005	0.1315	0.0000	0.1315	0.4819	0.4388	0.0431	0.2564	0.2450	0.0114	0.2255	0.1938	0.0317	0.1047	0.0678	0.0369	0.0359	0.0319	0.0040	0.0689	0.0359	0.0329	0.0062	0.1944	0.0231	0.1395	0.1621	0.3164	0.0072	3.0351	0.0247	1.2615	0.0027	3.5727	0.0184	0.0057	0.1198	1.9090	0.0000	3.9925
3	61	0.0784	5	1	1	2	0	0	0	0	0	N	N	Y	N	N	N	N	N	N	N	N	N	0.0872	0.0574	1.3368	0.0838	0.0877	0.0274	0.0976	0.0570	2.8983	0.5851	0.6564	0.0001	0.3948	0.4237	0.0001	0.6952	0.8008	0.0001	6.7111	11.4397	0.0000	4.7114	4.8307	0.0028	7.1204	14.0416	0.0000	0.0000	0.0000	-0.0916	-0.6977	4.7526	14.2360	2.9435	11.9336	0.3189	0.3189	0.0000	0.0788	0.0788	0.0000	0.2400	0.2400	0.0000	1.1104	1.1104	0.0000	0.1325	0.1325	0.0000	0.9780	0.9780	0.0000	0.5450	0.4858	0.0592	0.1997	0.1861	0.0136	0.3453	0.2997	0.0456	0.1655	0.0971	0.0684	0.0281	0.0274	0.0007	0.1374	0.0696	0.0677	0.0872	0.0574	1.3368	0.0838	0.0877	0.0274	0.0976	0.0570	2.8983	6.7111	11.4397	0.0000	4.7114	4.8307	0.0028	7.1204	14.0416	0.0000
3	62	0.2992	11	2	0	2	0	0	0	0	0	Y	N	Y	N	N	N	N	N	N	N	N	N	0.3809	1.6652	0.0000	1.7915	2.7366	0.0000	0.2273	1279.5280	0.0000	0.6966	0.7905	0.0001	0.9865	1.0306	0.0000	0.5407	0.6434	0.0001	1.8287	0.4747	8.7182	0.5507	0.3766	7.0539	2.3788	0.0005	9.2324	0.0000	97.5226	-0.1621	0.1684	4.7526	28.8660	2.9435	13.2209	0.5645	0.5645	0.0000	0.2795	0.2795	0.0000	0.2849	0.2849	0.0000	0.4658	0.0047	0.4611	0.0063	0.0047	0.0016	0.4595	0.0000	0.4595	0.8104	0.7141	0.0963	0.2834	0.2712	0.0121	0.5270	0.4428	0.0842	0.2547	0.1570	0.0977	0.0616	0.0600	0.0015	0.1932	0.0969	0.0962	0.3809	26.2452	0.0000	9.5694	13.0892	0.0000	0.2273	245548.5467	0.0000	1.8287	0.0301	4.7173	0.1031	0.0787	1.0647	2.3788	0.0000	4.7750
3	63	0.2965	10	2	1	1	0	0	0	0	0	Y	N	N	N	N	N	N	N	N	N	N	N	0.0058	0.0002	0.1248	0.0006	0.0010	0.0025	0.8023	0.0384	12.5643	0.0026	0.0001	0.0294	0.0004	0.0001	0.0087	0.0041	0.0000	0.0326	0.4485	0.3261	0.2355	0.6137	0.1474	3.4910	0.0051	0.0003	0.0026	41.3307	1.8828	0.0003	0.0001	4.7526	5.0237	2.9435	8.0282	0.0005	0.0000	0.0005	0.0000	0.0000	0.0000	0.0004	0.0000	0.0004	0.0024	0.0008	0.0016	0.0024	0.0008	0.0015	0.0001	0.0000	0.0001	0.1825	0.1668	0.0158	0.0729	0.0708	0.0021	0.1096	0.0960	0.0137	0.0736	0.0453	0.0283	0.0210	0.0186	0.0024	0.0526	0.0267	0.0259	0.0781	0.0036	0.5200	0.0034	0.0031	0.0136	3.1836	9.5093	12.5643	0.0333	0.0187	0.0565	0.1133	0.0456	0.6432	0.0013	0.0000	0.0026
3	64	0.2335	9	2	1	1	0	0	0	0	0	Y	N	N	N	N	N	N	N	N	N	N	N	10.0913	0.0054	6079.5893	0.1951	0.0011	124.4413	539.2561	4.8327	7959.2031	0.9556	0.0015	10.6743	0.0316	0.0002	0.8317	1.5825	0.0025	12.7038	0.0947	0.2771	0.0018	0.1620	0.1639	0.0067	0.0029	0.0005	0.0016	704.8033	0.0689	0.4115	-0.0011	4.7526	17.5893	2.9435	19.0270	0.5784	0.0008	0.5776	0.0077	0.0000	0.0077	0.5707	0.0008	0.5699	0.0019	0.0018	0.0001	0.0018	0.0018	0.0000	0.0001	0.0000	0.0001	0.6053	0.5512	0.0541	0.2447	0.2354	0.0093	0.3606	0.3158	0.0449	0.1753	0.1062	0.0691	0.0388	0.0366	0.0022	0.1365	0.0696	0.0669	88.9607	0.0896	6079.5893	0.6899	0.0036	124.4413	2019.3802	930.9064	7959.2031	0.0107	0.0166	0.0018	0.0458	0.0481	0.0067	0.0008	0.0000	0.0016
3	65	0.2272	8	1	1	1	0	0	0	0	0	N	N	N	N	N	N	N	N	N	N	N	N	0.1813	0.0298	4.5990	0.1221	0.1170	0.4451	0.5379	0.1659	7.1088	0.0083	0.0020	0.0730	0.0044	0.0043	0.0066	0.0109	0.0002	0.0831	0.0457	0.0667	0.0159	0.0361	0.0371	0.0149	0.0203	0.0012	0.0117	3.5697	0.4474	0.0003	-0.0001	4.7526	1.7566	2.9435	2.8742	0.0006	0.0001	0.0004	0.0001	0.0001	0.0000	0.0004	0.0000	0.0004	0.0003	0.0002	0.0001	0.0002	0.0002	0.0000	0.0001	0.0000	0.0001	0.0673	0.0613	0.0060	0.0273	0.0265	0.0008	0.0400	0.0348	0.0052	0.0384	0.0267	0.0116	0.0127	0.0123	0.0003	0.0257	0.0144	0.0113	0.9891	0.2394	8.5552	0.2464	0.2416	0.4451	2.9724	12.6813	9.9733	0.0084	0.0083	0.0085	0.0179	0.0180	0.0149	0.0037	0.0000	0.0083
3	66	0.0784	5	1	1	1	0	0	0	0	0	N	N	N	N	N	N	N	N	N	N	N	N	1.3895	2.5792	1.6097	0.8866	1.5389	0.0297	1.5427	3168.4244	1.8509	2.1895	1.1813	10.9623	0.7986	0.8049	0.6901	2.9333	1.3996	13.3179	1.5758	0.4580	6.8101	0.9007	0.5230	23.2436	1.9015	0.0004	7.1954	1.0664	89.3009	0.3810	0.1046	4.7526	21.1811	2.9435	10.1862	1.6641	0.8053	0.8588	0.2115	0.2014	0.0101	1.4526	0.6039	0.8487	0.2900	0.0032	0.2868	0.0056	0.0032	0.0024	0.2844	0.0000	0.2844	0.7600	0.6817	0.0783	0.2648	0.2502	0.0146	0.4952	0.4315	0.0637	0.1951	0.1146	0.0805	0.0328	0.0320	0.0008	0.1623	0.0825	0.0797	1.4730	42.1380	3.0788	4.6648	8.0297	0.2302	1.6737	697442.4379	3.7344	1.4864	0.0280	3.5606	0.1712	0.1002	2.9973	1.7526	0.0000	3.5663
3	67	0.0646	4	1	1	1	0	0	0	0	0	N	N	N	N	N	N	N	N	N	N	N	N	0.3811	0.3467	1.9493	1.1361	1.1880	6.0549	0.1160	0.0709	2.5258	0.2521	0.3037	0.0329	0.5571	0.5637	0.0465	0.0828	0.1033	0.0325	0.6617	0.8761	0.0169	0.4903	0.4745	0.0077	0.7139	1.4558	0.0129	0.0255	0.0578	-0.0230	-0.0021	4.7526	7.4253	2.9435	0.9851	0.0878	0.0857	0.0022	0.0693	0.0692	0.0001	0.0186	0.0164	0.0021	0.0037	0.0035	0.0002	0.0008	0.0008	0.0000	0.0029	0.0027	0.0002	0.3484	0.2820	0.0663	0.1244	0.1228	0.0016	0.2240	0.1593	0.0647	0.0544	0.0318	0.0226	0.0084	0.0082	0.0002	0.0460	0.0236	0.0224	3.7472	2.7914	3.7140	6.0874	6.0282	6.0549	1.3172	0.9052	3.6719	0.0673	0.1088	0.0089	0.0915	0.0935	0.0077	0.0629	0.1141	0.0089
3	68	0.3801	11	1	0	2	0	0	0	0	0	N	N	Y	N	N	N	N	N	N	N	N	N	0.7427	0.3945	0.4627	0.2658	0.2444	0.5417	5.2479	0.4773	0.0001	0.0068	0.0074	0.0002	0.0035	0.0036	0.0011	0.0096	0.0110	0.0000	0.0091	0.0187	0.0004	0.0132	0.0147	0.0020	0.0018	0.0230	0.0003	0.0025	0.0539	-0.0011	-0.0002	4.7526	15.0354	2.9435	6.2061	0.0039	0.0039	0.0000	0.0009	0.0009	0.0000	0.0030	0.0030	0.0000	0.0003	0.0003	0.0000	0.0003	0.0003	0.0000	0.0000	0.0000	0.0000	0.5815	0.5332	0.0483	0.2693	0.2600	0.0093	0.3122	0.2732	0.0390	0.1096	0.0709	0.0386	0.0341	0.0314	0.0027	0.0754	0.0396	0.0359	2.2017	1.6346	0.4627	0.4064	0.3901	0.5417	17.1841	14.3064	0.0001	0.0031	0.0045	0.0004	0.0087	0.0092	0.0020	0.0006	0.0008	0.0003
3	69	0.3120	10	1	0	1	0	0	0	0	0	N	N	N	N	N	N	N	N	N	N	N	N	0.5698	0.2642	2.0918	0.3230	0.2976	0.2350	11.0377	4.0875	2.7454	0.0059	0.0064	0.0008	0.0074	0.0077	0.0004	0.0046	0.0052	0.0008	0.0103	0.0240	0.0004	0.0230	0.0259	0.0017	0.0004	0.0013	0.0003	0.0109	0.0425	-0.0016	-0.0004	4.7526	27.6811	2.9435	13.1592	0.0058	0.0058	0.0001	0.0033	0.0033	0.0000	0.0026	0.0025	0.0001	0.0006	0.0006	0.0000	0.0006	0.0006	0.0000	0.0000	0.0000	0.0000	0.9933	0.9107	0.0826	0.4424	0.4270	0.0154	0.5509	0.4837	0.0672	0.1788	0.1111	0.0677	0.0442	0.0414	0.0028	0.1345	0.0697	0.0649	1.7426	1.2182	2.0918	0.5649	0.5518	0.2350	29.4275	299.0544	2.7454	0.0034	0.0052	0.0004	0.0132	0.0139	0.0017	0.0002	0.0000	0.0003
3	70	0.2772	9	1	0	1	0	0	0	0	0	N	N	N	N	N	N	N	N	N	N	N	N	23.0536	31.0661	0.1008	123.7838	141.9252	0.0561	0.3422	0.0523	0.1677	0.3230	0.3589	0.0010	0.6669	0.7250	0.0004	0.0085	0.0094	0.0013	0.0140	0.0116	0.0097	0.0054	0.0051	0.0079	0.0247	0.1802	0.0078	0.0003	1.1031	-0.0753	-0.0001	4.7526	19.6565	2.9435	4.0504	0.2626	0.2625	0.0001	0.2590	0.2590	0.0000	0.0036	0.0035	0.0001	0.0005	0.0003	0.0003	0.0001	0.0001	0.0000	0.0004	0.0001	0.0003	0.8130	0.7314	0.0816	0.3883	0.3572	0.0311	0.4247	0.3742	0.0505	0.1227	0.0775	0.0452	0.0326	0.0309	0.0017	0.0901	0.0466	0.0435	74.6568	110.1853	0.1590	146.6275	166.3840	0.0561	1.9919	3.7271	0.2151	0.0043	0.0033	0.0062	0.0045	0.0044	0.0079	0.0042	0.0025	0.0061
3	71	0.0614	3	2	1	1	0	0	0	0	0	Y	N	N	N	N	N	N	N	N	N	N	N	0.0501	0.0340	0.0773	0.4717	0.4949	0.1336	0.0002	0.0001	0.0618	0.0964	0.1121	0.0000	0.2934	0.2982	0.0003	0.0004	0.0005	0.0000	1.9222	3.2986	0.0006	0.6220	0.6025	0.0025	2.2555	4.4195	0.0006	0.0001	0.0001	-0.0189	-0.1801	4.7526	17.5448	2.9435	6.0013	0.0660	0.0660	0.0000	0.0658	0.0658	0.0000	0.0002	0.0002	0.0000	0.2866	0.2866	0.0000	0.0027	0.0027	0.0000	0.2840	0.2839	0.0000	0.6844	0.5886	0.0958	0.2243	0.2206	0.0036	0.4602	0.3680	0.0922	0.1491	0.0869	0.0622	0.0232	0.0226	0.0006	0.1259	0.0642	0.0617	0.0501	0.0340	0.0773	2.5666	2.5454	0.1336	0.0002	0.0001	0.0618	1.9222	3.2986	0.0006	0.1143	0.1172	0.0025	2.2555	4.4195	0.0006
3	72	0.0321	2	2	1	2	0	0	0	0	0	Y	N	Y	N	N	N	N	N	N	N	N	N	1.3761	1.4633	44.3919	2.6609	2.6798	4.6552	44.9334	3.2190	48.6267	1.1568	1.6943	0.0003	3.6830	3.7214	0.0002	0.0002	0.0002	0.0003	0.8406	1.1579	0.0000	1.3841	1.3887	0.0000	0.0000	0.0001	0.0000	0.0001	0.0000	-0.0302	-0.0146	4.7526	1.8980	2.9435	2.9698	0.1051	0.1051	0.0000	0.1051	0.1051	0.0000	0.0000	0.0000	0.0000	0.0233	0.0233	0.0000	0.0233	0.0233	0.0000	0.0000	0.0000	0.0000	0.0909	0.0620	0.0288	0.0285	0.0282	0.0003	0.0623	0.0338	0.0285	0.1680	0.0905	0.0775	0.0735	0.0722	0.0013	0.0945	0.0183	0.0762	8.3563	6.5963	44.3919	11.6428	11.5567	4.6552	44.9334	1167.3394	48.6267	0.1384	0.2569	0.0000	0.3163	0.3220	0.0000	0.0000	0.0000	0.0000
3	79	0.2272	8	1	1	1	0	0	0	0	0	N	N	N	N	N	N	N	N	N	N	N	N	0.0767	0.0049	2.5584	0.0018	0.0016	0.0047	1.4082	0.9032	15.8928	0.0014	0.0001	0.0147	0.0001	0.0001	0.0010	0.0022	0.0002	0.0169	0.0183	0.0273	0.0058	0.0452	0.0336	0.2030	0.0016	0.0002	0.0011	10.4078	0.4417	0.0007	-0.0003	4.7526	23.9173	2.9435	17.8091	0.0011	0.0001	0.0010	0.0000	0.0000	0.0000	0.0011	0.0001	0.0010	0.0010	0.0007	0.0003	0.0009	0.0007	0.0002	0.0001	0.0000	0.0001	0.7792	0.7114	0.0677	0.3033	0.2940	0.0093	0.4758	0.4174	0.0584	0.1998	0.1248	0.0750	0.0444	0.0422	0.0022	0.1554	0.0826	0.0727	0.2745	0.0237	3.5289	0.0038	0.0032	0.0091	4.5023	262.1138	15.8928	0.0051	0.0057	0.0042	0.0212	0.0168	0.1051	0.0005	0.0000	0.0011
3	80	0.2111	7	1	1	1	0	0	0	0	0	N	N	N	N	N	N	N	N	N	N	N	N	0.0089	0.0007	0.5950	0.0025	0.0035	0.0011	0.4888	0.0016	5.7306	0.0007	0.0001	0.0070	0.0003	0.0003	0.0005	0.0010	0.0000	0.0080	0.0805	0.1455	0.0118	0.1074	0.0740	0.4779	0.0020	0.0002	0.0014	6.4117	0.3071	0.0001	-0.0002	4.7526	6.1279	2.9435	3.6878	0.0001	0.0000	0.0001	0.0000	0.0000	0.0000	0.0001	0.0000	0.0001	0.0006	0.0005	0.0001	0.0006	0.0005	0.0001	0.0000	0.0000	0.0000	0.2076	0.1893	0.0183	0.0796	0.0773	0.0023	0.1280	0.1121	0.0160	0.0587	0.0390	0.0197	0.0153	0.0147	0.0006	0.0435	0.0244	0.0191	0.0705	0.0091	0.9898	0.0071	0.0083	0.0027	1.6265	0.4522	5.7306	0.0101	0.0116	0.0071	0.0372	0.0310	0.1857	0.0006	0.0000	0.0014
3	81	0.2992	11	2	0	2	0	0	0	0	0	Y	N	Y	N	N	N	N	N	N	N	N	N	0.7023	0.2677	1654.1999	0.3422	0.0058	2474.3651	147.0349	569.3038	135.4397	0.8004	0.4166	3.6210	1.1716	0.0191	26.8694	0.5998	0.6617	0.2780	1.1397	1.5563	0.0022	3.4232	3.3067	0.0109	0.0041	0.0012	0.0021	1.1831	0.0014	0.1588	-0.0912	4.7526	27.2690	2.9435	12.3406	0.6231	0.2854	0.3377	0.3200	0.0050	0.3150	0.3031	0.2805	0.0227	0.1455	0.1453	0.0002	0.1453	0.1453	0.0000	0.0002	0.0000	0.0002	0.7785	0.6852	0.0933	0.2732	0.2614	0.0117	0.5054	0.4238	0.0815	0.2449	0.1508	0.0941	0.0597	0.0582	0.0015	0.1852	0.0925	0.0927	1.3471	0.4322	1654.1999	0.4811	0.0076	2474.3651	580.0500	46063.6926	135.4397	0.5942	0.9638	0.0022	2.4350	2.4957	0.0109	0.0010	0.0000	0.0021
3	82	0.2838	10	1	0	1	0	0	0	0	0	N	N	N	N	N	N	N	N	N	N	N	N	0.0060	0.0467	0.0035	0.0570	0.0712	0.0043	0.0054	0.0110	0.0059	0.0538	0.0377	0.1252	0.0482	0.0555	0.0056	0.0610	0.0131	0.2217	9.0134	0.8088	36.0238	0.8448	0.7799	1.3158	11.3114	1.1831	37.3572	0.7483	156.4573	0.0048	0.1852	4.7526	9.0798	2.9435	0.9519	0.0341	0.0195	0.0146	0.0170	0.0167	0.0003	0.0171	0.0028	0.0143	0.5070	0.0032	0.5038	0.0018	0.0017	0.0001	0.5052	0.0015	0.5037	0.6335	0.5170	0.1166	0.3525	0.3004	0.0520	0.2811	0.2165	0.0645	0.0563	0.0350	0.0213	0.0116	0.0112	0.0004	0.0447	0.0237	0.0209	0.0060	0.4098	0.0053	0.3050	0.3666	0.0155	0.0054	0.2043	0.0092	9.0134	0.0921	23.6670	0.1578	0.1514	0.3625	11.3114	0.0640	24.0588
3	83	0.2111	7	1	1	1	0	0	0	0	0	N	N	N	N	N	N	N	N	N	N	N	N	7.7517	3.2649	0.0000	2.0559	2.0647	1536585.1889	33685.9122	0.0000	1.0129	1.1096	0.0000	0.4984	0.5133	0.0000	1.3295	1.5159	0.0000	0.1307	0.3399	0.0000	0.2424	0.2486	0.0000	0.0000	0.0000	0.0000	0.0000	0.0001	-0.1986	-0.0014	4.7526	21.0000	2.9435	14.4214	0.6918	0.6918	0.0000	0.1297	0.1297	0.0000	0.5622	0.5622	0.0000	0.0022	0.0022	0.0000	0.0022	0.0022	0.0000	0.0000	0.0000	0.0000	0.6830	0.6235	0.0595	0.2602	0.2526	0.0075	0.4228	0.3708	0.0520	0.1735	0.1086	0.0649	0.0380	0.0361	0.0019	0.1356	0.0725	0.0630	81.2111	55.6737	0.0000	8.7427	8.5516	0.0000	1536585.1889	12935480.4285	0.0000	0.0125	0.0199	0.0000	0.0570	0.0600	0.0000	0.0000	0.0000	0.0000	
3	84	0.2688	11	1	0	2	0	0	0	0	0	N	N	Y	N	N	N	N	N	N	N	N	N	3.1673	1.8781	71.6069	1.5169	0.6223	6.3520	145.2931	44500.8951	454.1431	0.6327	0.4330	2.4463	0.3984	0.0745	6.8740	0.8057	0.7250	1.3128	0.1998	0.2305	0.0342	0.2626	0.1198	1.0822	0.0055	0.0000	0.0029	0.6223	0.7032	0.0467	-0.0005	4.7526	20.4085	2.9435	11.0867	0.4844	0.2986	0.1858	0.1295	0.0231	0.1064	0.3549	0.2755	0.0794	0.0023	0.0014	0.0010	0.0022	0.0014	0.0008	0.0002	0.0000	0.0002	0.7656	0.6896	0.0760	0.3251	0.3096	0.0155	0.4405	0.3800	0.0605	0.1515	0.0937	0.0579	0.0361	0.0335	0.0026	0.1154	0.0602	0.0553	40.8775	29.4534	146.1489	6.5777	1.8135	21.9759	582.1419	16779529.1285	454.1431	0.0155	0.0147	0.0167	0.0606	0.0411	0.3128	0.0014	0.0000	0.0029
3	85	0.2650	10	1	0	2	0	0	0	0	0	N	N	Y	N	N	N	N	N	N	N	N	N	144.4046	72.2140	917.8971	123.8852	103.5455	133.3187	189.0242	0.7225	1183.6768	0.1573	0.0929	0.5168	0.2492	0.1756	0.9284	0.0669	0.0004	0.3241	0.0011	0.0013	0.0006	0.0020	0.0017	0.0070	0.0004	0.0006	0.0003	0.9973	0.4874	0.0061	-0.0000	4.7526	3.1287	2.9435	1.1816	0.0286	0.0143	0.0143	0.0225	0.0143	0.0082	0.0061	0.0000	0.0061	0.0000	0.0000	0.0000	0.0000	0.0000	0.0000	0.0000	0.0000	0.0000	0.1818	0.1542	0.0276	0.0902	0.0814	0.0088	0.0917	0.0728	0.0188	0.0241	0.0154	0.0088	0.0063	0.0059	0.0004	0.0178	0.0094	0.0084	252.5167	141.3617	917.8971	123.8852	103.5455	133.3187	512.8100	125.3328	1183.6768	0.0006	0.0007	0.0006	0.0020	0.0017	0.0070	0.0001	0.0000	0.0003
3	86	0.2581	9	1	0	1	0	0	0	0	0	N	N	N	N	N	N	N	N	N	N	N	N	0.4766	0.0061	2284.1943	0.5422	0.0216	1008.2036	150.7026	0.0003	1642.7251	0.1003	0.0025	1.1737	0.1377	0.0057	4.2136	0.0727	0.0000	0.5965	0.2103	0.4134	0.0005	0.2539	0.2616	0.0042	0.0005	0.0009	0.0004	42.1185	0.0121	0.0109	-0.0004	4.7526	4.0532	2.9435	2.2470	0.0158	0.0004	0.0154	0.0092	0.0004	0.0088	0.0066	0.0000	0.0066	0.0006	0.0006	0.0000	0.0006	0.0006	0.0000	0.0000	0.0000	0.0000	0.1577	0.1445	0.0132	0.0669	0.0648	0.0021	0.0908	0.0797	0.0111	0.0378	0.0238	0.0140	0.0101	0.0096	0.0006	0.0276	0.0142	0.0134	6.2905	0.1014	2284.1943	2.3314	0.0909	1008.2036	401.7584	0.0316	1642.7251	0.0159	0.0250	0.0005	0.0590	0.0622	0.0042	0.0002	0.0000	0.0004
3	87	0.2349	8	1	0	1	0	0	0	0	0	N	N	N	N	N	N	N	N	N	N	N	N	0.0069	0.0010	9.4735	0.0014	0.0008	0.1941	8.0374	0.0061	95.3989	0.0101	0.0020	0.0947	0.0064	0.0039	0.0830	0.0135	0.0000	0.0971	1.4766	2.0774	0.0100	4.6596	4.8452	0.4274	0.0017	0.0017	0.0010	4.5963	0.0017	0.0011	-0.0817	4.7526	4.7288	2.9435	9.8540	0.0020	0.0004	0.0017	0.0006	0.0004	0.0002	0.0014	0.0000	0.0014	0.1304	0.1302	0.0002	0.1304	0.1302	0.0002	0.0000	0.0000	0.0000	0.2003	0.1827	0.0176	0.0946	0.0917	0.0029	0.1057	0.0910	0.0147	0.0980	0.0627	0.0353	0.0280	0.0269	0.0011	0.0700	0.0358	0.0342	0.0076	0.0010	15.0467	0.0014	0.0008	0.4914	26.1878	0.3060	95.3989	1.3312	2.0774	0.0063	4.6596	4.8452	0.1688	0.0005	0.0000	0.0010
3	88	0.2111	7	1	0	1	0	0	0	0	0	N	N	N	N	N	N	N	N	N	N	N	N	2.0890	0.0008	2150.8114	0.0305	0.0003	4.1307	1273.8360	1.8783	14266.9472	0.9885	0.0005	11.2473	0.0239	0.0003	0.8152	1.5871	0.0006	12.7548	0.4732	0.6207	0.0052	0.7828	0.7683	0.1974	0.0012	0.0003	0.0009	2280.2916	0.0413	0.2045	-0.0018	4.7526	8.6320	2.9435	7.0881	0.2871	0.0001	0.2869	0.0027	0.0000	0.0026	0.2844	0.0001	0.2843	0.0031	0.0030	0.0001	0.0030	0.0030	0.0001	0.0000	0.0000	0.0000	0.2904	0.2649	0.0255	0.1112	0.1080	0.0032	0.1792	0.1569	0.0223	0.0862	0.0557	0.0306	0.0207	0.0198	0.0009	0.0655	0.0359	0.0296	27.7210	0.0090	2815.3758	0.1623	0.0017	7.8531	3916.6016	453.4798	14266.9472	0.0357	0.0530	0.0040	0.1471	0.1491	0.1038	0.0004	0.0000	0.0009
3	89	0.2789	9	1	1	1	0	0	0	0	0	N	N	N	N	N	N	N	N	N	N	N	N	0.7458	0.7944	0.8839	1.9377	2.0232	0.9662	0.0916	0.0122	0.6665	0.0012	0.0012	0.0008	0.0025	0.0025	0.0021	0.0002	0.0002	0.0006	0.0016	0.0016	0.0009	0.0013	0.0013	0.0022	0.0023	0.0132	0.0009	0.0610	0.7212	-0.0002	-0.0000	4.7526	15.4622	2.9435	5.2688	0.0007	0.0006	0.0000	0.0006	0.0006	0.0000	0.0001	0.0000	0.0000	0.0001	0.0000	0.0000	0.0000	0.0000	0.0000	0.0001	0.0000	0.0000	0.5509	0.5043	0.0466	0.2348	0.2279	0.0069	0.3161	0.2764	0.0397	0.1007	0.0629	0.0378	0.0241	0.0228	0.0012	0.0766	0.0401	0.0365	1.4533	1.6096	0.8839	1.9377	2.0232	0.9662	0.3169	0.3278	0.6665	0.0008	0.0008	0.0009	0.0013	0.0013	0.0022	0.0007	0.0005	0.0009
3	90	0.2671	8	1	0	1	0	0	0	0	0	N	N	N	N	N	N	N	N	N	N	N	N	0.1096	0.0418	11.4431	0.2655	0.2056	1.5543	0.1014	0.0251	20.0422	0.0129	0.0122	0.0210	0.0021	0.0014	0.0244	0.0214	0.0216	0.0203	0.1175	0.2908	0.0018	0.0079	0.0067	0.0157	0.2113	0.8598	0.0010	0.1543	0.0565	-0.0006	-0.0004	4.7526	7.5917	2.9435	1.5198	0.0038	0.0033	0.0005	0.0003	0.0002	0.0001	0.0035	0.0031	0.0004	0.0006	0.0006	0.0000	0.0001	0.0001	0.0000	0.0005	0.0005	0.0000	0.2954	0.2712	0.0243	0.1306	0.1266	0.0040	0.1648	0.1446	0.0202	0.0538	0.0350	0.0188	0.0161	0.0151	0.0011	0.0377	0.0199	0.0177	1.0761	0.6980	11.4431	0.3549	0.2653	1.5543	1.4715	0.8108	20.0422	0.0120	0.0174	0.0018	0.0059	0.0052	0.0157	0.0146	0.0266	0.0010
3	91	0.3763	12	2	0	2	0	0	0	0	0	Y	N	Y	N	N	N	N	N	N	N	N	N	1456.1134	inf	0.0000	inf	inf	215.2136	inf	0.0000	0.0019	0.0021	0.0000	0.0040	0.0042	0.0000	0.0004	0.0004	0.0000	0.0000	0.0000	0.0000	0.0000	0.0000	0.0000	0.0000	0.0000	0.0000	0.0000	inf	-0.0001	0.0000	4.7526	3.0317	2.9435	0.1644	0.0002	0.0002	0.0000	0.0002	0.0002	0.0000	0.0000	0.0000	0.0000	0.0000	0.0000	0.0000	0.0000	0.0000	0.0000	0.0000	0.0000	0.0000	0.0976	0.0883	0.0093	0.0417	0.0397	0.0020	0.0559	0.0486	0.0073	0.0165	0.0102	0.0063	0.0038	0.0037	0.0001	0.0127	0.0065	0.0062	1456.1134	inf	0.0000	inf	inf	0.0000	215.2136	inf	0.0000	0.0000	0.0000	0.0000	0.0000	0.0000	0.0000	0.0000	0.0000	0.0000	
3	92	0.3706	11	2	0	2	0	0	0	0	0	Y	N	Y	N	N	N	N	N	N	N	N	N	3281.6361	1779.5804	1.3511	450.1842	498.5681	0.1545	726254.0905	inf	0.2860	2.1091	2.3922	0.0000	0.7921	0.9045	0.0000	3.7535	4.2219	0.0000	0.0006	0.0013	0.0000	0.0018	0.0018	0.0002	0.0000	0.0000	0.0000	0.0000	0.0132	-0.0883	-0.0000	4.7526	2.6632	2.9435	1.0147	0.3076	0.3076	0.0000	0.0641	0.0641	0.0000	0.2435	0.2435	0.0000	0.0000	0.0000	0.0000	0.0000	0.0000	0.0000	0.0000	0.0000	0.0000	0.1458	0.1286	0.0173	0.0810	0.0709	0.0101	0.0649	0.0577	0.0072	0.0202	0.0126	0.0076	0.0049	0.0048	0.0002	0.0152	0.0078	0.0074	4847.6396	3478.9998	1.3511	450.1842	498.5681	0.1545	726254.0905	inf	0.2860	0.0004	0.0007	0.0000	0.0018	0.0018	0.0002	0.0000	0.0000	0.0000
3	93	0.2873	10	2	0	2	0	0	0	0	0	Y	N	Y	N	N	N	N	N	N	N	N	N	0.4764	0.4152	8.4597	0.2436	0.2628	0.4824	436.4182	123.6837	11.9864	0.6624	0.7916	0.0009	1.3140	1.4622	0.0010	0.0339	0.0434	0.0008	1.3906	1.9066	0.0001	5.3941	5.5633	0.0021	0.0001	0.0004	0.0001	0.0002	0.0000	-0.3186	-0.1792	4.7526	35.0787	2.9435	12.2568	1.1104	1.1102	0.0002	1.0815	1.0814	0.0001	0.0289	0.0288	0.0001	0.2852	0.2851	0.0000	0.2852	0.2851	0.0000	0.0000	0.0000	0.0000	1.6763	1.4025	0.2738	0.8231	0.7396	0.0835	0.8532	0.6629	0.1903	0.2445	0.1524	0.0921	0.0529	0.0513	0.0016	0.1917	0.1011	0.0905	0.5681	0.4230	8.4597	0.2436	0.2628	0.4824	1065.2948	29091.0608	11.9864	1.1662	1.8712	0.0001	5.3941	5.5633	0.0021	0.0000	0.0000	0.0001
3	94	0.2738	9	2	0	1	0	0	0	0	0	Y	N	N	N	N	N	N	N	N	N	N	N	1.1568	0.8637	144.0034	0.5947	0.7030	3.5832	88.4130	43.3226	227.6497	0.4739	0.4964	0.4035	0.4363	0.5090	0.0245	0.5278	0.4719	0.6215	0.4097	0.5747	0.0028	0.7336	0.7241	0.0068	0.0060	0.0109	0.0027	0.2594	0.0384	-0.0366	-0.0010	4.7526	8.4810	2.9435	2.3446	0.4507	0.3579	0.0928	0.2444	0.2423	0.0021	0.2064	0.1156	0.0908	0.0017	0.0016	0.0001	0.0016	0.0016	0.0000	0.0001	0.0000	0.0001	0.9512	0.7210	0.2301	0.5601	0.4761	0.0840	0.3910	0.2450	0.1461	0.0596	0.0370	0.0226	0.0122	0.0118	0.0004	0.0474	0.0252	0.0222	16.5169	11.1568	144.0034	3.2389	3.6623	3.5832	352.5901	1144.1035	227.6497	0.0287	0.0445	0.0028	0.1347	0.1390	0.0068	0.0015	0.0004	0.0027
3	95	0.2111	7	1	1	1	1	0	0	0	0	N	N	N	N	N	N	N	N	N	N	N	N	0.0125	0.0074	0.1864	0.0220	0.0297	0.0090	0.0146	inf	0.2887	0.0053	0.0015	0.0448	0.0036	0.0037	0.0023	0.0063	0.0001	0.0510	0.4221	0.2071	0.2406	0.1653	0.1234	0.2603	0.4321	0.0000	0.1767	2.7963	2.5619	0.0018	0.0006	4.7526	24.0032	2.9435	22.6134	0.0041	0.0011	0.0030	0.0011	0.0011	0.0000	0.0030	0.0000	0.0030	0.0067	0.0019	0.0048	0.0022	0.0019	0.0003	0.0045	0.0000	0.0045	0.7744	0.7071	0.0674	0.2947	0.2861	0.0085	0.4798	0.4210	0.0588	0.2202	0.1369	0.0833	0.0471	0.0447	0.0024	0.1731	0.0923	0.0808	0.1745	0.1115	0.7769	0.0786	0.0874	0.0190	0.2426	inf	0.9152	0.0303	0.0137	0.0577	0.0462	0.0420	0.1234	0.0260	0.0000	0.0557
3	96	0.4478	9	1	1	1	0	0	0	0	0	N	N	N	N	N	N	N	N	N	N	N	N	0.0041	0.0000	0.2677	0.0038	0.0000	40.1506	0.0129	0.0000	0.1515	0.0000	0.0000	0.0003	0.0000	0.0000	0.0009	0.0000	0.0000	0.0002	0.0071	0.0113	0.0013	0.0081	0.0095	0.0000	0.0022	0.0003	0.0014	490.0294	0.1875	0.0000	-0.0002	4.7526	18.5150	2.9435	10.2301	0.0000	0.0000	0.0000	0.0000	0.0000	0.0000	0.0000	0.0000	0.0000	0.0005	0.0004	0.0001	0.0004	0.0004	0.0000	0.0001	0.0000	0.0001	0.6826	0.6253	0.0574	0.3231	0.3119	0.0113	0.3595	0.3134	0.0461	0.1752	0.1199	0.0553	0.0635	0.0584	0.0051	0.1118	0.0615	0.0503	0.0113	0.0000	0.2677	0.0051	0.0000	40.1506	0.0432	0.0000	0.1515	0.0026	0.0032	0.0013	0.0061	0.0066	0.0000	0.0006	0.0000	0.0014
3	97	0.2402	8	1	1	1	0	0	0	0	0	N	N	N	N	N	N	N	N	N	N	N	N	0.5393	0.1633	250480.7547	0.0369	0.0339	1412.6587	2176.9656	46.8219	536456.0145	0.5740	0.2369	3.4478	0.1204	0.1109	0.4561	0.8604	0.3283	3.7854	1.0644	1.4503	0.0000	3.2666	3.2693	0.0003	0.0004	0.0070	0.0000	1.7074	0.0000	0.2960	-0.0847	4.7526	46.1140	2.9435	26.4917	0.8616	0.3182	0.5433	0.0699	0.0626	0.0073	0.7916	0.2556	0.5360	0.1347	0.1347	0.0000	0.1347	0.1347	0.0000	0.0000	0.0000	0.0000	1.5009	1.3433	0.1576	0.5808	0.5648	0.0160	0.9201	0.7785	0.1416	0.3134	0.1874	0.1260	0.0575	0.0548	0.0027	0.2559	0.1326	0.1233	1.3351	0.3294	250480.7547	0.0514	0.0451	1412.6587	5857.6576	1185.3598	536456.0145	0.4300	0.7191	0.0000	2.3433	2.4577	0.0003	0.0001	0.0003	0.0000
3	98	0.5007	11	1	1	1	0	0	0	0	0	N	N	N	N	N	N	N	N	N	N	N	N	0.0108	0.0035	0.0100	0.0135	0.0115	0.6653	0.0033	0.0003	0.0014	0.0002	0.0002	0.0000	0.0004	0.0004	0.0000	0.0000	0.0000	0.0000	0.0198	0.0672	0.0000	0.0298	0.0367	0.0000	0.0001	0.0006	0.0000	0.0002	0.0028	-0.0000	-0.0004	4.7526	20.7840	2.9435	8.9470	0.0001	0.0001	0.0000	0.0001	0.0001	0.0000	0.0000	0.0000	0.0000	0.0006	0.0006	0.0000	0.0006	0.0006	0.0000	0.0000	0.0000	0.0000	0.5121	0.4663	0.0459	0.2716	0.2594	0.0122	0.2405	0.2068	0.0337	0.1126	0.0729	0.0396	0.0384	0.0341	0.0043	0.0741	0.0388	0.0353	0.0395	0.0281	0.0100	0.0255	0.0237	0.6653	0.0068	0.0480	0.0014	0.0054	0.0083	0.0000	0.0158	0.0178	0.0000	0.0000	0.0000	0.0000
3	99	0.4958	10	1	0	1	0	0	0	0	0	N	N	N	N	N	N	N	N	N	N	N	N	0.0215	0.0385	0.2262	0.5657	0.4241	2.2110	0.0111	0.0001	0.5152	0.0053	0.0029	0.0192	0.0056	0.0044	0.0121	0.0047	0.0001	0.0391	0.2479	0.0766	0.0847	0.0100	0.0104	0.0055	0.4190	0.6330	0.0759	1.1207	2.2742	0.0004	0.0000	4.7526	2.7834	2.9435	1.0450	0.0017	0.0008	0.0009	0.0012	0.0008	0.0004	0.0005	0.0000	0.0005	0.0006	0.0002	0.0004	0.0001	0.0001	0.0000	0.0005	0.0001	0.0004	0.3198	0.2728	0.0470	0.2155	0.1808	0.0347	0.1043	0.0920	0.0123	0.0320	0.0199	0.0121	0.0127	0.0121	0.0006	0.0193	0.0077	0.0115	0.2990	0.3364	0.5856	0.8117	0.6283	2.2110	0.1866	0.0044	1.1474	0.0178	0.0088	0.0327	0.0070	0.0070	0.0055	0.0250	0.0115	0.0341
3	100	0.4857	9	1	0	1	0	0	0	0	0	N	N	N	N	N	N	N	N	N	N	N	N	0.6497	0.5319	1.7573	0.9605	0.9032	2.9050	1.4919	0.5073	2.3133	0.1407	0.1491	0.0550	0.0438	0.0441	0.0395	0.2720	0.3027	0.0646	0.2166	0.2802	0.0313	0.0456	0.0488	0.0136	0.1823	0.5967	0.0279	0.0360	0.4558	-0.0156	-0.0005	4.7526	7.6044	2.9435	2.7972	0.0618	0.0597	0.0021	0.0111	0.0105	0.0006	0.0508	0.0492	0.0016	0.0015	0.0010	0.0005	0.0008	0.0008	0.0000	0.0007	0.0002	0.0004	0.4395	0.4005	0.0391	0.2529	0.2380	0.0150	0.1866	0.1625	0.0241	0.0926	0.0614	0.0312	0.0385	0.0358	0.0028	0.0541	0.0256	0.0285	8.6528	8.8456	3.6428	2.0518	2.0083	2.9050	21.5323	31.1116	4.2389	0.0163	0.0169	0.0151	0.0214	0.0220	0.0136	0.0126	0.0097	0.0152
3	101	0.4361	8	1	0	1	0	0	0	0	0	N	N	N	N	N	N	N	N	N	N	N	N	17.5915	17.2009	2.7699	1.1586	0.9871	7.4385	23.2892	3.6200	2.9304	0.4111	0.4463	0.0319	0.0133	0.0119	0.0503	0.7722	0.8832	0.0274	0.0234	0.0259	0.0115	0.0114	0.0120	0.0068	0.0332	0.2440	0.0093	0.0066	0.6275	-0.0804	-0.0003	4.7526	18.4780	2.9435	12.4520	0.2867	0.2848	0.0019	0.0044	0.0038	0.0006	0.2823	0.2810	0.0013	0.0011	0.0007	0.0004	0.0005	0.0005	0.0000	0.0006	0.0002	0.0004	0.6972	0.6380	0.0592	0.3317	0.3199	0.0118	0.3656	0.3181	0.0474	0.1793	0.1204	0.0589	0.0622	0.0573	0.0050	0.1171	0.0631	0.0540	68.7984	81.6167	4.5534	1.6859	1.4941	7.4385	155.2088	274.8235	3.8882	0.0060	0.0055	0.0070	0.0079	0.0080	0.0068	0.0050	0.0032	0.0070
3	102	0.3251	10	1	1	1	0	0	0	0	0	N	N	N	N	N	N	N	N	N	N	N	N	2.2300	1.3959	0.0137	0.1704	0.1875	0.0021	813.8760	689.9060	0.0208	0.5126	0.5614	0.0000	0.0414	0.0438	0.0001	0.9614	1.0903	0.0000	0.2299	0.4022	0.0036	0.2430	0.2335	0.0606	0.0012	0.0016	0.0008	0.0000	0.0730	-0.1992	-0.0026	4.7526	34.1922	2.9435	22.4626	0.6938	0.6938	0.0000	0.0273	0.0273	0.0000	0.6664	0.6664	0.0000	0.0047	0.0044	0.0003	0.0046	0.0044	0.0002	0.0001	0.0000	0.0001	1.3534	1.2358	0.1176	0.6602	0.6246	0.0356	0.6932	0.6113	0.0819	0.2767	0.1803	0.0964	0.0808	0.0754	0.0054	0.1959	0.1049	0.0910	30.2251	23.1409	0.0150	0.7245	0.7550	0.0027	2485.2187	39426.1696	0.0208	0.0170	0.0243	0.0033	0.0572	0.0580	0.0458	0.0004	0.0000	0.0008
3	103	0.2772	9	1	1	1	0	0	0	0	0	N	N	N	N	N	N	N	N	N	N	N	N	1.9285	1.7912	0.5808	0.0576	0.0830	0.0030	6.5857	2.3156	1.3280	0.7014	0.7755	0.0258	0.0132	0.0143	0.0011	1.3140	1.4857	0.0400	0.3637	0.4330	0.0444	0.2300	0.1718	0.3504	0.1995	0.6416	0.0301	0.0037	0.4828	-0.1795	-0.0012	4.7526	22.5884	2.9435	11.0115	0.6330	0.6307	0.0023	0.0056	0.0056	0.0000	0.6274	0.6251	0.0023	0.0040	0.0027	0.0013	0.0023	0.0020	0.0004	0.0017	0.0007	0.0010	0.9025	0.8133	0.0892	0.4251	0.3925	0.0325	0.4775	0.4208	0.0567	0.1642	0.1031	0.0611	0.0420	0.0397	0.0024	0.1222	0.0634	0.0588	28.6861	29.5256	1.2070	0.2409	0.2887	0.0071	94.2353	125.7709	2.4638	0.0245	0.0263	0.0214	0.0550	0.0494	0.1490	0.0139	0.0118	0.0162
3	104	0.2472	8	1	0	1	0	0	0	0	0	N	N	N	N	N	N	N	N	N	N	N	N	3.1711	1.1138	0.3563	1.8886	2.1132	0.0545	23.0926	15.5998	0.3971	0.1031	0.1157	0.0009	0.1051	0.1169	0.0011	0.1012	0.1145	0.0008	0.0325	0.1039	0.0026	0.0556	0.0553	0.0204	0.0044	0.0073	0.0020	0.0010	0.1604	-0.0151	-0.0004	4.7526	11.8100	2.9435	8.7888	0.0528	0.0528	0.0001	0.0262	0.0262	0.0000	0.0266	0.0266	0.0000	0.0008	0.0007	0.0001	0.0007	0.0006	0.0000	0.0001	0.0000	0.0001	0.5123	0.4562	0.0561	0.2496	0.2241	0.0255	0.2627	0.2321	0.0306	0.1073	0.0672	0.0401	0.0272	0.0259	0.0014	0.0801	0.0414	0.0387	14.5192	11.8381	0.3563	4.2529	4.6873	0.0545	91.2824	393.5735	0.3971	0.0071	0.0098	0.0026	0.0247	0.0249	0.0204	0.0011	0.0003	0.0020
3	105	0.2111	7	1	0	1	0	0	0	0	0	N	N	N	N	N	N	N	N	N	N	N	N	6.7322	9.9254	0.0001	0.2867	0.2791	0.0001	17.7091	10667.5410	0.0002	0.5329	0.5840	0.0000	0.0140	0.0144	0.0000	0.8535	0.9739	0.0000	0.0792	0.0588	0.0284	0.0489	0.0517	0.0084	0.0482	0.0001	0.0237	0.0000	0.9899	-0.0746	-0.0002	4.7526	14.7392	2.9435	7.3617	0.2598	0.2598	0.0000	0.0026	0.0026	0.0000	0.2572	0.2572	0.0000	0.0012	0.0006	0.0006	0.0006	0.0006	0.0000	0.0006	0.0000	0.0006	0.4876	0.4449	0.0427	0.1862	0.1808	0.0054	0.3014	0.2641	0.0373	0.1153	0.0733	0.0420	0.0265	0.0252	0.0012	0.0888	0.0480	0.0408	52.7544	73.1204	0.0003	0.6233	0.6226	0.0001	133.2327	3296447.0049	0.0003	0.0101	0.0080	0.0138	0.0225	0.0232	0.0084	0.0064	0.0000	0.0140
3	106	0.2838	10	1	1	1	0	0	0	0	0	N	N	N	N	N	N	N	N	N	N	N	N	0.9583	0.2358	15005.0987	0.8275	0.3587	924.2873	2742.9442	21.4392	13855.3500	0.3659	0.1313	1.6998	0.5896	0.2482	3.3190	0.1471	0.0064	0.7587	0.3818	0.5568	0.0001	0.7125	0.6918	0.0036	0.0001	0.0003	0.0001	2.2760	0.0016	0.1432	-0.0024	4.7526	20.0414	2.9435	7.0324	0.3513	0.1072	0.2441	0.2799	0.1047	0.1752	0.0714	0.0025	0.0689	0.0038	0.0038	0.0000	0.0038	0.0038	0.0000	0.0000	0.0000	0.0000	0.9602	0.8166	0.1436	0.4747	0.4219	0.0528	0.4855	0.3947	0.0908	0.1451	0.0904	0.0548	0.0294	0.0285	0.0009	0.1157	0.0619	0.0539	13.9073	3.1127	15005.0987	4.5437	1.8552	924.2873	5639.2585	5722.7329	13855.3500	0.0263	0.0422	0.0001	0.1298	0.1338	0.0036	0.0000	0.0000	0.0001
3	107	0.2738	9	1	0	1	0	0	0	0	0	N	N	N	N	N	N	N	N	N	N	N	N	0.6553	31.3662	0.4819	3.3198	17.9673	0.1366	1.0502	6.7427	0.7225	0.4598	0.3591	0.7618	0.1748	0.1448	0.3391	0.8873	0.8076	1.0101	0.7016	0.0114	1.5808	0.0526	0.0081	2.4830	0.8449	0.1198	1.3981	0.7075	38.7568	0.0532	0.0013	4.7526	7.0315	2.9435	1.2144	0.4183	0.2450	0.1733	0.0954	0.0668	0.0285	0.3229	0.1781	0.1448	0.0037	0.0001	0.0036	0.0002	0.0001	0.0002	0.0034	0.0000	0.0034	0.9097	0.6822	0.2275	0.5458	0.4616	0.0842	0.3639	0.2206	0.1433	0.0457	0.0284	0.0173	0.0094	0.0091	0.0003	0.0364	0.0193	0.0170	5.7510	110.8543	3.7062	7.3589	24.6827	0.6097	9.3945	402.6596	5.0686	0.0800	0.0032	0.2056	0.0237	0.0059	0.5562	0.0945	0.0020	0.1993
3	108	0.2402	8	1	0	1	0	0	0	0	0	N	N	N	N	N	N	N	N	N	N	N	N	436.7135	202.3817	3901.1450	70.3297	115.4434	36.7778	611.3947	35.4342	6490.7175	1.6466	0.5950	8.1376	0.2523	0.2226	1.4148	2.5899	0.9086	8.6593	0.0038	0.0029	0.0021	0.0036	0.0019	0.0385	0.0042	0.0256	0.0013	2.2160	1.1964	0.4256	-0.0000	4.7526	16.2725	2.9435	4.4748	1.0589	0.3293	0.7296	0.0655	0.0563	0.0091	0.9934	0.2729	0.7205	0.0002	0.0001	0.0001	0.0001	0.0000	0.0000	0.0001	0.0000	0.0001	0.6431	0.5534	0.0897	0.2595	0.2530	0.0065	0.3836	0.3004	0.0832	0.1015	0.0607	0.0408	0.0196	0.0187	0.0010	0.0818	0.0420	0.0398	1070.1536	508.0376	3901.1450	72.9139	115.4434	43.1087	2403.1216	1088.1931	6490.7175	0.0015	0.0012	0.0021	0.0035	0.0019	0.0328	0.0011	0.0008	0.0013
3	109	0.2930	9	1	1	1	0	0	0	0	0	N	N	N	N	N	N	N	N	N	N	N	N	70.9513	43.4483	1.4716	6.9667	7.2888	0.2495	859.9954	76.7680	3.1158	0.2269	0.2480	0.0005	0.0446	0.0460	0.0014	0.3508	0.3989	0.0003	0.0032	0.0057	0.0003	0.0064	0.0063	0.0058	0.0004	0.0052	0.0001	0.0002	0.1026	-0.0852	-0.0002	4.7526	40.5309	2.9435	14.7974	0.2971	0.2970	0.0001	0.0236	0.0236	0.0000	0.2734	0.2734	0.0000	0.0003	0.0003	0.0000	0.0003	0.0003	0.0000	0.0000	0.0000	0.0000	1.3093	1.1978	0.1115	0.5298	0.5123	0.0174	0.7795	0.6855	0.0941	0.2500	0.1579	0.0921	0.0613	0.0574	0.0038	0.1888	0.1005	0.0882	168.0178	127.9089	1.4716	8.8455	9.2296	0.2495	2290.7979	2041.4643	3.1158	0.0014	0.0019	0.0003	0.0050	0.0050	0.0058	0.0002	0.0002	0.0001
3	110	0.2671	8	1	1	1	0	0	0	0	0	N	N	N	N	N	N	N	N	N	N	N	N	0.2322	0.0521	40.5893	0.1632	0.1194	6.6378	0.2137	0.0237	49.6342	0.0121	0.0103	0.0321	0.0024	0.0019	0.0181	0.0192	0.0170	0.0345	0.0520	0.1967	0.0008	0.0144	0.0158	0.0027	0.0897	0.7177	0.0007	0.2841	0.0339	-0.0004	-0.0005	4.7526	13.5236	2.9435	3.5331	0.0059	0.0046	0.0013	0.0005	0.0004	0.0001	0.0054	0.0042	0.0012	0.0008	0.0008	0.0000	0.0002	0.0002	0.0000	0.0006	0.0005	0.0000	0.4874	0.4469	0.0405	0.2057	0.1997	0.0060	0.2818	0.2472	0.0346	0.0897	0.0571	0.0326	0.0240	0.0224	0.0015	0.0657	0.0347	0.0310	1.3777	0.7706	40.5893	0.2518	0.1920	6.6378	2.2424	1.0929	49.6342	0.0088	0.0133	0.0008	0.0094	0.0098	0.0027	0.0085	0.0156	0.0007
3	111	0.2111	7	1	0	1	0	0	0	0	0	N	N	N	N	N	N	N	N	N	N	N	N	0.0599	0.0000	1669.5722	1.4626	0.0010	316.7699	0.0324	0.0000	1692.7737	0.3614	0.0003	4.1329	0.5423	0.0003	18.6958	0.2498	0.0003	2.0222	6.0374	9.6272	0.0025	0.3708	0.3652	0.0590	7.7213	14.4112	0.0012	1205.6565	0.0002	0.1433	-0.6175	4.7526	16.9399	2.9435	15.9768	0.2013	0.0002	0.2011	0.1153	0.0001	0.1152	0.0861	0.0001	0.0860	0.9829	0.9828	0.0002	0.0027	0.0026	0.0001	0.9802	0.9802	0.0001	0.5570	0.5084	0.0487	0.2125	0.2064	0.0062	0.3445	0.3020	0.0425	0.1628	0.1021	0.0607	0.0359	0.0341	0.0018	0.1270	0.0680	0.0589	0.0599	0.0000	1669.5722	7.1913	0.0045	417.8307	0.0324	0.0000	1692.7737	6.0374	9.6272	0.0025	0.0754	0.0770	0.0447	7.7213	14.4112	0.0012
3	112	0.3155	11	2	1	1	1	0	0	0	0	Y	N	N	N	N	N	N	N	N	N	N	N	0.0449	0.0218	0.0000	0.0186	0.0167	0.0000	2.0740	inf	0.0000	0.0004	0.0005	0.0000	0.0004	0.0004	0.0000	0.0004	0.0005	0.0000	0.0096	0.0221	0.0002	0.0228	0.0260	0.0001	0.0002	0.0000	0.0002	0.0000	0.0200	-0.0000	-0.0000	4.7526	0.0019	2.9435	1.9928	0.0000	0.0000	0.0000	0.0000	0.0000	0.0000	0.0000	0.0000	0.0000	0.0000	0.0000	0.0000	0.0000	0.0000	0.0000	0.0000	0.0000	0.0000	0.0001	0.0001	0.0000	0.0001	0.0001	0.0000	0.0001	0.0001	0.0000	0.0096	0.0060	0.0036	0.0023	0.0022	0.0002	0.0073	0.0039	0.0034	0.1354	0.0969	0.0000	0.0325	0.0311	0.0000	5.4910	inf	0.0000	0.0032	0.0050	0.0002	0.0130	0.0140	0.0001	0.0001	0.0000	0.0002
3	113	0.2919	10	2	1	1	1	0	0	0	0	Y	N	N	N	N	N	N	N	N	N	N	N	0.0179	0.0580	0.0000	0.0346	0.0486	0.0002	0.0212	63.5321	0.0000	0.0122	0.0133	0.0000	0.0058	0.0060	0.0000	0.0169	0.0193	0.0000	0.6818	0.2297	1.2423	0.1678	0.1232	0.2126	0.7978	0.0003	1.1756	0.0000	7.2395	-0.0011	0.0013	4.7526	8.6942	2.9435	6.0502	0.0038	0.0038	0.0000	0.0008	0.0008	0.0000	0.0030	0.0030	0.0000	0.0052	0.0006	0.0046	0.0008	0.0006	0.0001	0.0045	0.0000	0.0045	0.3085	0.2825	0.0260	0.1306	0.1267	0.0039	0.1779	0.1558	0.0221	0.0719	0.0434	0.0285	0.0162	0.0151	0.0011	0.0557	0.0283	0.0274	0.1679	0.9117	0.0000	0.1251	0.1428	0.0003	0.2104	16536.2008	0.0000	0.0727	0.0146	0.1610	0.0464	0.0419	0.1081	0.0803	0.0000	0.1632
3	114	0.3130	14	1	1	1	1	0	0	0	0	N	N	N	N	N	N	N	N	N	N	N	N	0.0000	0.0000	0.0000	0.0000	0.0000	0.0000	0.0000	0.0000	0.0000	0.0000	0.0000	0.0000	0.0000	0.0498	0.2764	0.0000	0.0406	0.0431	0.0000	0.0000	0.0000	0.0000	0.0000	0.0000	-0.0000	4.7526	0.0001	2.9435	0.0001	0.0000	0.0000	0.0000	0.0000	0.0000	0.0000	0.0000	0.0000	0.0000	0.0000	0.0000	0.0000	0.0000	0.0000	0.0000	0.0000	0.0000	0.0000	0.0000	0.0000	0.0000	0.0000	0.0000	0.0000	0.0000	0.0000	0.0000	0.0000	0.0000	0.0000	0.0000	0.0000	0.0000	0.0000	0.0000	0.0000	0.0000	0.0000	0.0000	0.0000	0.0000	0.0000	0.0000	0.0000	0.0000	0.0087	0.0166	0.0000	0.0195	0.0196	0.0000	0.0000	0.0000	0.0000						
3	115	0.3063	13	1	1	1	1	0	0	0	0	N	N	N	N	N	N	N	N	N	N	N	N	0.0000	0.0000	0.0000	0.0000	0.0000	0.0000	0.0000	0.0000	0.0000	0.0000	0.0000	0.0000	0.0000	0.0000	0.0000	0.0000	0.0000	0.3134	0.5144	0.0000	0.5054	0.5421	0.0003	0.0000	0.0000	0.0000	0.0003	0.0000	-0.0003	4.7526	3.0007	2.9435	1.0012	0.0000	0.0000	0.0000	0.0000	0.0000	0.0000	0.0000	0.0000	0.0000	0.0004	0.0004	0.0000	0.0004	0.0004	0.0000	0.0000	0.0000	0.0000	0.1027	0.0939	0.0088	0.0416	0.0404	0.0012	0.0611	0.0535	0.0076	0.0189	0.0114	0.0075	0.0042	0.0039	0.0003	0.0147	0.0076	0.0072	0.0000	0.0000	0.0000	0.0000	0.0000	0.0000	0.0000	0.0000	0.0000	0.0212	0.0351	0.0000	0.0961	0.1038	0.0003	0.0000	0.0000	0.0000		
3	116	0.3045	12	1	0	1	1	0	0	0	0	N	N	N	N	N	N	N	N	N	N	N	N	0.9425	0.6605	0.0648	0.5187	0.4964	inf	0.0777	inf	0.0000	0.0001	0.0001	0.0000	0.0001	0.0001	0.0000	0.0000	0.0000	0.0000	0.0001	0.0001	0.0000	0.0002	0.0003	0.0000	0.0000	0.0000	0.0000	0.0009	0.0644	-0.0000	-0.0000	4.7526	1.1177	2.9435	0.0023	0.0000	0.0000	0.0000	0.0000	0.0000	0.0000	0.0000	0.0000	0.0000	0.0000	0.0000	0.0000	0.0000	0.0000	0.0000	0.0000	0.0000	0.0000	0.0396	0.0362	0.0034	0.0167	0.0162	0.0005	0.0229	0.0200	0.0029	0.0053	0.0032	0.0021	0.0012	0.0011	0.0001	0.0041	0.0021	0.0020	0.9425	0.6605	0.0648	0.5187	0.4964	inf	0.0777	inf	0.0000	0.0001	0.0001	0.0000	0.0002	0.0003	0.0000	0.0000	0.0000	0.0000
3	117	0.1207	6	1	1	1	0	0	0	0	0	N	N	N	N	N	N	N	N	N	N	N	N	3.1955	3.0288	72.8947	0.8816	0.1113	60.1633	6.2869	656.1545	82.5072	0.5573	0.2977	3.2392	0.0745	0.0090	2.7585	0.8015	0.4600	3.2872	0.1744	0.0983	0.0444	0.0845	0.0810	0.0459	0.1275	0.0007	0.0398	1.0527	1.5114	0.1313	-0.0001	4.7526	31.2782	2.9435	23.9277	0.5818	0.2834	0.2984	0.0261	0.0031	0.0230	0.5557	0.2804	0.2754	0.0044	0.0018	0.0027	0.0018	0.0018	0.0001	0.0026	0.0000	0.0026	1.0441	0.9520	0.0921	0.3508	0.3424	0.0084	0.6933	0.6095	0.0838	0.3098	0.1849	0.1249	0.0564	0.0545	0.0019	0.2534	0.1304	0.1230	39.0529	31.2773	152.0587	2.2972	0.2796	74.4993	78.3580	95710.9096	156.0487	0.0143	0.0095	0.0213	0.0324	0.0323	0.0370	0.0102	0.0000	0.0211
3	118	0.3045	12	1	0	2	1	0	0	0	0	N	N	Y	N	N	N	N	N	N	N	N	N	12.1687	6.0490	0.1409	0.1504	0.1373	79077.6052	inf	0.0000	0.0227	0.0248	0.0000	0.0007	0.0008	0.0000	0.0380	0.0434	0.0000	0.0019	0.0041	0.0000	0.0049	0.0055	0.0000	0.0000	0.0000	0.0000	0.0000	0.0004	-0.0009	-0.0000	4.7526	3.8827	2.9435	2.9998	0.0030	0.0030	0.0000	0.0000	0.0000	0.0000	0.0030	0.0030	0.0000	0.0000	0.0000	0.0000	0.0000	0.0000	0.0000	0.0000	0.0000	0.0000	0.1337	0.1223	0.0114	0.0548	0.0531	0.0016	0.0789	0.0691	0.0098	0.0323	0.0195	0.0128	0.0071	0.0066	0.0005	0.0252	0.0129	0.0123	24.4298	16.1256	0.1409	0.1725	0.1647	0.0000	79077.6052	inf	0.0000	0.0009	0.0015	0.0000	0.0042	0.0046	0.0000	0.0000	0.0000	0.0000	
3	119	0.3016	11	1	0	1	1	0	0	0	0	N	N	N	N	N	N	N	N	N	N	N	N	454.1954	468.1206	8.2583	352.0947	340.1102	inf	10.2688	inf	4.8318	0.0034	0.0037	0.0001	0.0077	0.0080	0.0002	0.0000	0.0000	0.0000	0.0000	0.0000	0.0000	0.0000	0.0000	0.0000	0.0000	0.0000	0.0000	0.0014	0.5739	-0.0001	-0.0000	4.7526	2.8083	2.9435	0.0030	0.0004	0.0004	0.0000	0.0004	0.0004	0.0000	0.0000	0.0000	0.0000	0.0000	0.0000	0.0000	0.0000	0.0000	0.0000	0.0000	0.0000	0.0000	0.1098	0.1007	0.0091	0.0481	0.0465	0.0016	0.0617	0.0542	0.0075	0.0134	0.0080	0.0053	0.0029	0.0027	0.0002	0.0104	0.0053	0.0051	454.1954	468.1206	8.2583	352.0947	340.1102	inf	10.2688	inf	4.8318	0.0000	0.0000	0.0000	0.0000	0.0000	0.0000	0.0000	0.0000	0.0000
3	120	0.3016	11	1	0	2	1	0	0	0	0	N	N	Y	N	N	N	N	N	N	N	N	N	396.9700	461.0865	0.0000	185.6188	178.0926	609.9481	inf	0.0000	0.0007	0.0008	0.0000	0.0009	0.0009	0.0000	0.0006	0.0007	0.0000	0.0000	0.0000	0.0000	0.0000	0.0000	0.0000	0.0000	0.0000	0.0000	0.0000	0.7662	-0.0001	-0.0000	4.7526	9.6158	2.9435	0.0030	0.0002	0.0002	0.0000	0.0001	0.0001	0.0000	0.0001	0.0001	0.0000	0.0000	0.0000	0.0000	0.0000	0.0000	0.0000	0.0000	0.0000	0.0000	0.3363	0.3078	0.0285	0.1389	0.1346	0.0043	0.1974	0.1732	0.0242	0.0450	0.0271	0.0179	0.0099	0.0091	0.0007	0.0352	0.0180	0.0172	396.9700	461.0865	0.0000	185.6188	178.0926	0.0000	609.9481	inf	0.0000	0.0000	0.0000	0.0000	0.0000	0.0000	0.0000	0.0000	0.0000	0.0000	
3	121	0.2919	10	1	0	1	1	0	0	0	0	N	N	N	N	N	N	N	N	N	N	N	N	0.1125	0.0733	0.2383	0.1393	0.1259	4.0983	0.0271	0.0449	0.0330	0.0003	0.0003	0.0001	0.0007	0.0007	0.0007	0.0000	0.0000	0.0000	0.0028	0.0044	0.0006	0.0047	0.0052	0.0002	0.0009	0.0006	0.0006	0.0378	0.2298	-0.0000	-0.0000	4.7526	4.2457	2.9435	2.0144	0.0000	0.0000	0.0000	0.0000	0.0000	0.0000	0.0000	0.0000	0.0000	0.0000	0.0000	0.0000	0.0000	0.0000	0.0000	0.0000	0.0000	0.0000	0.1609	0.1477	0.0132	0.0729	0.0707	0.0022	0.0880	0.0770	0.0110	0.0327	0.0198	0.0129	0.0078	0.0074	0.0005	0.0248	0.0124	0.0124	0.2538	0.1984	0.2383	0.1581	0.1482	4.0983	0.0806	8.0679	0.0330	0.0012	0.0016	0.0006	0.0041	0.0044	0.0002	0.0003	0.0000	0.0006
3	122	0.2498	9	1	0	1	1	0	0	0	0	N	N	N	N	N	N	N	N	N	N	N	N	0.0482	0.0120	0.0032	0.0178	0.0170	0.0092	1.0660	0.8481	0.0015	0.0013	0.0014	0.0000	0.0016	0.0017	0.0000	0.0011	0.0013	0.0000	0.0274	0.1205	0.0007	0.0915	0.0986	0.0010	0.0010	0.0015	0.0007	0.0001	0.0441	-0.0002	-0.0005	4.7526	11.9190	2.9435	13.1740	0.0006	0.0006	0.0000	0.0003	0.0003	0.0000	0.0003	0.0003	0.0000	0.0008	0.0007	0.0000	0.0007	0.0007	0.0000	0.0000	0.0000	0.0000	0.4240	0.3880	0.0360	0.1766	0.1716	0.0050	0.2474	0.2164	0.0310	0.1181	0.0702	0.0479	0.0219	0.0209	0.0010	0.0962	0.0493	0.0469	0.2000	0.1357	0.0032	0.0477	0.0469	0.0092	3.1979	50.4359	0.0015	0.0066	0.0107	0.0007	0.0341	0.0357	0.0010	0.0003	0.0000	0.0007
3	123	0.4960	11	1	0	2	1	0	0	0	0	N	N	Y	N	N	N	N	N	N	N	N	N	12.2584	3.9110	0.0000	0.2626	0.2518	0.0000	48410.7370	859.5783	0.0000	0.2890	0.3319	0.0000	0.0084	0.0099	0.0000	0.6288	0.7045	0.0000	0.0236	0.0849	0.0000	0.0321	0.0393	0.0000	0.0000	0.0008	0.0000	0.0000	0.0007	-0.0531	-0.0003	4.7526	12.8936	2.9435	4.1514	0.1848	0.1848	0.0000	0.0030	0.0030	0.0000	0.1818	0.1818	0.0000	0.0005	0.0005	0.0000	0.0005	0.0005	0.0000	0.0000	0.0000	0.0000	0.6394	0.5568	0.0826	0.3502	0.2987	0.0516	0.2892	0.2581	0.0311	0.0797	0.0534	0.0263	0.0286	0.0256	0.0030	0.0511	0.0278	0.0233	47.9168	36.8987	0.0000	0.5028	0.5274	0.0000	69805.9814	104861.5918	0.0000	0.0060	0.0090	0.0000	0.0168	0.0187	0.0000	0.0000	0.0000	0.0000
3	124	0.2651	10	1	1	1	0	0	0	0	0	N	N	N	N	N	N	N	N	N	N	N	N	1.1081	0.0656	1128.1017	0.0050	0.0047	0.1289	193.8018	2.2302	1460.6954	0.0052	0.0007	0.0537	0.0001	0.0001	0.0000	0.0087	0.0012	0.0620	0.0047	0.0106	0.0000	0.0139	0.0149	0.0003	0.0000	0.0005	0.0000	7.1662	0.0107	0.0013	-0.0001	4.7526	12.7386	2.9435	8.7370	0.0023	0.0003	0.0020	0.0000	0.0000	0.0000	0.0023	0.0003	0.0020	0.0002	0.0002	0.0000	0.0002	0.0002	0.0000	0.0000	0.0000	0.0000	0.4408	0.4034	0.0374	0.1782	0.1732	0.0050	0.2626	0.2302	0.0323	0.1045	0.0622	0.0423	0.0210	0.0201	0.0010	0.0834	0.0421	0.0413	2.8456	0.2291	1128.1017	0.0078	0.0075	0.1289	386.4744	424.6359	1460.6954	0.0018	0.0030	0.0000	0.0090	0.0094	0.0003	0.0000	0.0000	0.0000
3	125	0.2498	9	1	1	1	0	0	0	0	0	N	N	N	N	N	N	N	N	N	N	N	N	0.1602	0.0683	1.9007	0.0991	0.0939	0.0065	0.8303	0.0692	2.8014	0.0015	0.0016	0.0003	0.0029	0.0030	0.0000	0.0005	0.0005	0.0004	0.0096	0.0241	0.0002	0.0297	0.0322	0.0019	0.0006	0.0072	0.0001	0.0185	0.0227	-0.0001	-0.0001	4.7526	8.6431	2.9435	1.4782	0.0005	0.0005	0.0000	0.0004	0.0004	0.0000	0.0001	0.0001	0.0000	0.0002	0.0002	0.0000	0.0002	0.0001	0.0000	0.0000	0.0000	0.0000	0.3185	0.2916	0.0269	0.1366	0.1327	0.0039	0.1819	0.1589	0.0230	0.0499	0.0296	0.0203	0.0095	0.0091	0.0004	0.0404	0.0205	0.0199	0.4819	0.3138	1.9007	0.1860	0.1841	0.0065	2.2862	1.7569	2.8014	0.0032	0.0053	0.0002	0.0158	0.0164	0.0019	0.0002	0.0003	0.0001
3	126	0.2402	8	1	0	1	0	0	0	0	0	N	N	N	N	N	N	N	N	N	N	N	N	38.0294	25.0093	15.0244	197.2770	190.5000	9.4923	0.4349	0.0069	15.1506	0.1382	0.1778	0.0043	0.3119	0.3178	0.0014	0.0025	0.0013	0.0044	0.0036	0.0071	0.0003	0.0016	0.0017	0.0001	0.0058	0.1900	0.0003	0.0072	0.0810	-0.0098	-0.0000	4.7526	4.1618	2.9435	2.0491	0.0351	0.0348	0.0003	0.0347	0.0347	0.0000	0.0004	0.0001	0.0002	0.0001	0.0000	0.0000	0.0000	0.0000	0.0000	0.0000	0.0000	0.0000	0.2536	0.1957	0.0579	0.1112	0.1091	0.0021	0.1424	0.0866	0.0558	0.0339	0.0207	0.0132	0.0076	0.0072	0.0004	0.0263	0.0135	0.0128	92.2792	78.2695	15.0244	197.2770	190.5000	9.4923	1.7164	0.5025	15.1506	0.0015	0.0023	0.0003	0.0016	0.0017	0.0001	0.0015	0.0026	0.0003
3	127	0.2111	7	1	0	1	0	0	0	0	0	N	N	N	N	N	N	N	N	N	N	N	N	1.4013	0.0131	33.8946	0.1508	0.0613	0.1669	1.8254	0.0010	82.6008	0.1090	0.0004	1.2376	0.0036	0.0002	0.1175	0.1744	0.0005	1.3995	0.0778	0.0295	0.0365	0.0238	0.0030	0.7040	0.0955	0.5038	0.0169	308.3763	1.6567	0.0246	-0.0000	4.7526	9.4810	2.9435	7.4917	0.0347	0.0001	0.0346	0.0004	0.0000	0.0004	0.0343	0.0001	0.0342	0.0009	0.0003	0.0006	0.0003	0.0001	0.0002	0.0006	0.0003	0.0003	0.3182	0.2903	0.0279	0.1218	0.1183	0.0035	0.1964	0.1720	0.0244	0.0920	0.0592	0.0328	0.0219	0.0209	0.0010	0.0701	0.0383	0.0318	10.8518	0.0657	70.4968	0.2676	0.0614	0.5038	19.3702	0.0705	128.6531	0.0100	0.0059	0.0176	0.0134	0.0030	0.2332	0.0090	0.0074	0.0109
3	128	0.5082	12	2	1	1	0	0	0	0	0	Y	N	N	N	N	N	N	N	N	N	N	N	0.4397	0.2641	0.0000	0.0726	0.0657	14567.7666	inf	0.0000	0.0010	0.0011	0.0000	0.0002	0.0002	0.0000	0.0017	0.0020	0.0000	0.0023	0.0042	0.0000	0.0029	0.0033	0.0000	0.0000	0.0000	0.0000	0.0000	0.0001	-0.0000	-0.0000	4.7526	2.0107	2.9435	1.9995	0.0001	0.0001	0.0000	0.0000	0.0000	0.0000	0.0001	0.0001	0.0000	0.0000	0.0000	0.0000	0.0000	0.0000	0.0000	0.0000	0.0000	0.0000	0.0642	0.0584	0.0058	0.0298	0.0284	0.0015	0.0344	0.0301	0.0043	0.0189	0.0128	0.0061	0.0070	0.0062	0.0007	0.0119	0.0065	0.0054	0.9573	0.7114	0.0000	0.0726	0.0682	0.0000	14567.7666	inf	0.0000	0.0011	0.0016	0.0000	0.0029	0.0032	0.0000	0.0000	0.0000	0.0000	
3	129	0.4960	11	2	1	1	0	0	0	0	0	Y	N	N	N	N	N	N	N	N	N	N	N	51249.3919	47681.0297	9.3899	16987.1127	23353.7710	4.6158	60706.8741	1594.0041	1.0058	0.9560	1.1336	0.0002	0.4244	0.5300	0.0002	1.7771	1.9542	0.0000	0.0000	0.0000	0.0000	0.0000	0.0000	0.0000	0.0000	0.0012	0.0000	0.0000	0.4367	-0.1103	-0.0000	4.7526	5.6459	2.9435	1.1399	0.3841	0.3841	0.0000	0.1035	0.1035	0.0000	0.2806	0.2806	0.0000	0.0000	0.0000	0.0000	0.0000	0.0000	0.0000	0.0000	0.0000	0.0000	0.4017	0.3388	0.0630	0.2438	0.1952	0.0486	0.1579	0.1436	0.0143	0.0327	0.0220	0.0108	0.0119	0.0106	0.0012	0.0209	0.0113	0.0095	51249.3919	58571.1708	9.3899	16987.1127	23353.7710	4.6158	117978.7262	120399.7696	1.0058	0.0000	0.0000	0.0000	0.0000	0.0000	0.0000	0.0000	0.0000	0.0000
3	130	0.4656	10	1	0	1	0	0	0	0	0	N	N	N	N	N	N	N	N	N	N	N	N	0.6377	0.5514	10.7244	1.5727	1.5189	0.0809	0.0095	0.0009	18.8226	0.3820	0.4134	0.0230	0.7799	0.8041	0.0007	0.0044	0.0010	0.0280	0.5991	0.7497	0.0021	0.4959	0.5294	0.0081	0.4679	1.1107	0.0015	0.0049	0.0131	-0.0524	-0.0035	4.7526	11.6079	2.9435	5.3766	0.1857	0.1848	0.0009	0.1846	0.1846	0.0000	0.0011	0.0002	0.0009	0.0058	0.0057	0.0001	0.0038	0.0038	0.0000	0.0019	0.0019	0.0000	0.4861	0.4470	0.0391	0.2367	0.2296	0.0071	0.2494	0.2175	0.0320	0.1068	0.0720	0.0348	0.0412	0.0377	0.0035	0.0656	0.0343	0.0313	7.0903	5.2402	10.7244	8.3694	7.9574	0.0809	0.1519	0.0179	18.8226	0.0539	0.0789	0.0021	0.0932	0.1010	0.0081	0.0292	0.0545	0.0015
3	131	0.4478	9	1	0	1	0	0	0	0	0	N	N	N	N	N	N	N	N	N	N	N	N	0.5013	0.2734	4.8442	1.0855	0.8547	6.0776	0.3443	0.0192	4.9492	0.0104	0.0074	0.0417	0.0146	0.0109	0.1033	0.0063	0.0037	0.0236	0.0208	0.0272	0.0086	0.0134	0.0127	0.0170	0.0184	0.1929	0.0048	0.5347	0.4159	0.0001	-0.0002	4.7526	3.9355	2.9435	8.7078	0.0018	0.0012	0.0006	0.0013	0.0009	0.0004	0.0006	0.0003	0.0003	0.0006	0.0004	0.0002	0.0004	0.0003	0.0000	0.0002	0.0001	0.0001	0.1774	0.1620	0.0154	0.0875	0.0840	0.0035	0.0900	0.0780	0.0119	0.1049	0.0741	0.0308	0.0420	0.0393	0.0027	0.0629	0.0347	0.0281	1.8547	1.3232	7.4361	1.6563	1.3210	6.0776	1.8251	1.4046	5.2342	0.0056	0.0056	0.0056	0.0088	0.0082	0.0170	0.0035	0.0026	0.0045
3	132	0.4361	8	1	0	1	0	0	0	0	0	N	N	N	N	N	N	N	N	N	N	N	N	1.0031	0.5340	10.9747	1.2617	1.1190	5.1102	2.4784	1.4560	15.6567	0.0159	0.0124	0.0529	0.0199	0.0163	0.1082	0.0120	0.0081	0.0369	0.0159	0.0233	0.0048	0.0158	0.0146	0.0212	0.0049	0.0056	0.0024	0.4073	0.3331	0.0000	-0.0002	4.7526	6.2657	2.9435	3.9760	0.0044	0.0032	0.0013	0.0028	0.0022	0.0006	0.0017	0.0010	0.0007	0.0004	0.0003	0.0001	0.0003	0.0003	0.0000	0.0001	0.0000	0.0001	0.2780	0.2537	0.0243	0.1381	0.1327	0.0054	0.1399	0.1210	0.0189	0.0879	0.0609	0.0271	0.0350	0.0330	0.0021	0.0529	0.0279	0.0250	3.4051	2.4460	13.9064	2.0134	1.7764	5.1102	9.7558	36.6481	15.6567	0.0047	0.0051	0.0038	0.0099	0.0092	0.0212	0.0012	0.0002	0.0024
3	133	0.3588	7	1	0	1	0	0	0	0	0	N	N	N	N	N	N	N	N	N	N	N	N	1.4744	0.6910	854.6642	0.9426	0.3513	261.6079	337.0082	85.0724	838.6668	0.4631	0.3405	1.3211	0.3072	0.1179	3.6396	0.6086	0.5836	0.7140	0.3141	0.4928	0.0015	0.3259	0.3356	0.0139	0.0018	0.0069	0.0009	0.5546	0.0267	0.0376	-0.0036	4.7526	26.7012	2.9435	18.2690	0.5396	0.3471	0.1925	0.1728	0.0627	0.1100	0.3668	0.2844	0.0824	0.0060	0.0058	0.0002	0.0059	0.0058	0.0001	0.0001	0.0000	0.0001	1.1651	1.0194	0.1457	0.5624	0.5322	0.0302	0.6027	0.4872	0.1155	0.2824	0.1816	0.1008	0.0859	0.0806	0.0054	0.1965	0.1010	0.0955	21.8064	10.5826	854.6642	4.4827	1.6335	261.6079	1103.4080	2176.4909	838.6668	0.0212	0.0322	0.0015	0.0685	0.0722	0.0139	0.0006	0.0003	0.0009
3	134	0.1207	6	1	0	1	0	0	0	0	0	N	N	N	N	N	N	N	N	N	N	N	N	0.2602	0.1844	12.1853	0.0701	0.0675	10.5820	6.0694	31.3150	14.8521	0.2487	0.2419	0.3198	0.1899	0.1860	0.3475	0.2774	0.2721	0.3171	0.9556	1.3115	0.0262	2.7081	2.7554	0.0328	0.0457	0.0087	0.0213	0.1263	0.0218	-0.0809	-0.0827	4.7526	61.4372	2.9435	55.8589	0.4619	0.4101	0.0518	0.1159	0.1107	0.0052	0.3460	0.2994	0.0466	0.1362	0.1333	0.0029	0.1333	0.1332	0.0001	0.0029	0.0001	0.0028	1.8576	1.6957	0.1619	0.6103	0.5954	0.0148	1.2473	1.1002	0.1471	0.5486	0.3276	0.2210	0.0907	0.0873	0.0034	0.4579	0.2403	0.2176	1.0013	0.5943	24.3651	0.1292	0.1218	12.2002	44.0243	795.9600	24.6073	0.2483	0.4070	0.0131	1.4700	1.5267	0.0285	0.0063	0.0003	0.0129
4	5	0.3530	8	0	1	1	1	0	0	0	0	N	N	N	N	N	N	N	N	N	N	N	N	1.1491	286.0037	0.0001	382.2184	363.9535	0.0009	0.4686	543.1723	0.0001	1.7663	1.9840	0.0004	3.0093	3.2691	0.0000	0.9253	1.0638	0.0006	1.5372	0.0069	6.7590	0.0079	0.0090	0.0008	1.9748	0.0020	7.4830	0.0000	1092.0742	-1.1226	0.2903	28.2678	15.6542	13.1235	8.9658	3.9099	3.9098	0.0001	2.6881	2.6881	0.0000	1.2217	1.2216	0.0001	0.7831	0.0007	0.7824	0.0007	0.0007	0.0000	0.7824	0.0000	0.7824	2.2136	1.9707	0.2429	0.8933	0.8223	0.0710	1.3203	1.1484	0.1719	0.5417	0.3192	0.2225	0.1231	0.1097	0.0134	0.4186	0.2096	0.2091	1.2219	884.0456	0.0001	515.8663	507.1128	0.0009	0.4951	23755.4711	0.0002	1.4455	0.0022	3.5161	0.0058	0.0064	0.0008	1.8688	0.0000	3.7417
4	6	0.5475	6	1	2	0	0	0	0	0	0	N	Y	N	N	N	N	N	N	N	N	N	N	1.0909	1.4637	0.0567	1.9562	2.8518	0.0000	0.0462	0.0390	0.1489	0.0013	0.0015	0.0000	0.0032	0.0034	0.0000	0.0000	0.0000	0.0001	0.0012	0.0010	0.0008	0.0016	0.0012	0.0053	0.0006	0.0006	0.0004	0.0035	0.9977	-0.0006	-0.0000	28.2678	12.5370	13.1235	4.3273	0.0022	0.0022	0.0000	0.0022	0.0022	0.0000	0.0000	0.0000	0.0000	0.0002	0.0001	0.0001	0.0002	0.0001	0.0001	0.0000	0.0000	0.0000	1.6497	1.4883	0.1614	0.6784	0.6416	0.0369	0.9712	0.8468	0.1245	0.3252	0.1945	0.1307	0.1028	0.0914	0.0114	0.2225	0.1031	0.1194	1.9937	2.6308	0.0567	1.9562	2.8518	0.0000	0.1279	6.6062	0.1489	0.0007	0.0006	0.0008	0.0016	0.0012	0.0053	0.0002	0.0000	0.0004
4	7	0.3744	10	1	1	1	0	0	0	0	0	N	N	N	N	N	N	N	N	N	N	N	N	619.1607	383.7130	0.0732	188.1061	177.2471	0.0458	8367.9369	1402.1078	0.0738	2.7857	3.1527	0.0000	1.2049	1.2935	0.0000	3.5492	4.1249	0.0000	0.0045	0.0082	0.0003	0.0064	0.0073	0.0008	0.0004	0.0029	0.0002	0.0000	0.0598	-0.3322	-0.0002	28.2678	3.5884	13.1235	2.8705	1.1571	1.1570	0.0000	0.1630	0.1630	0.0000	0.9940	0.9940	0.0000	0.0003	0.0003	0.0000	0.0003	0.0003	0.0000	0.0000	0.0000	0.0000	0.4154	0.3670	0.0484	0.1353	0.1260	0.0093	0.2801	0.2410	0.0391	0.1623	0.1073	0.0550	0.0536	0.0486	0.0050	0.1087	0.0587	0.0500	1569.7092	1245.1471	0.0732	238.7256	235.8761	0.0458	22214.0559	47699.8868	0.0738	0.0018	0.0025	0.0003	0.0050	0.0055	0.0008	0.0002	0.0001	0.0002
4	8	0.2607	7	1	2	0	1	0	0	0	0	N	Y	N	N	N	N	N	N	N	N	N	N	1.9023	1.0695	inf	0.1026	0.0946	inf	inf	inf	inf	0.0001	0.0001	0.0001	0.0000	0.0000	0.0000	0.0001	0.0001	0.0001	0.0001	0.0001	0.0000	0.0003	0.0003	0.0000	0.0000	0.0000	0.0000	0.1860	0.0000	-0.0000	-0.0000	28.2678	0.9985	13.1235	0.0096	0.0000	0.0000	0.0000	0.0000	0.0000	0.0000	0.0000	0.0000	0.0000	0.0000	0.0000	0.0000	0.0000	0.0000	0.0000	0.0000	0.0000	0.0000	0.1201	0.1056	0.0144	0.0199	0.0188	0.0011	0.1001	0.0868	0.0133	0.0246	0.0144	0.0102	0.0051	0.0046	0.0005	0.0195	0.0099	0.0097	1.9023	1.0695	inf	0.1026	0.0946	inf	inf	inf	inf	0.0001	0.0001	0.0000	0.0003	0.0003	0.0000	0.0000	0.0000	0.0000
4	9	0.3234	8	1	1	1	0	0	0	0	0	N	N	N	N	N	N	N	N	N	N	N	N	10.1610	5.1822	102.8151	4.1187	4.1088	1.1405	671.4179	158.2302	163.7531	0.0077	0.0084	0.0021	0.0095	0.0101	0.0002	0.0067	0.0073	0.0026	0.0008	0.0016	0.0000	0.0023	0.0025	0.0002	0.0000	0.0000	0.0000	0.0287	0.0178	-0.0018	-0.0001	28.2678	6.0952	13.1235	6.8339	0.0069	0.0067	0.0002	0.0031	0.0031	0.0000	0.0038	0.0036	0.0002	0.0002	0.0002	0.0000	0.0002	0.0002	0.0000	0.0000	0.0000	0.0000	0.8931	0.8032	0.0899	0.3245	0.3068	0.0177	0.5685	0.4964	0.0722	0.3286	0.1975	0.1311	0.0666	0.0626	0.0040	0.2621	0.1350	0.1271	16.2749	10.7611	102.8151	4.1187	4.1088	1.1405	857.9765	60490.8399	163.7531	0.0005	0.0008	0.0000	0.0023	0.0025	0.0002	0.0000	0.0000	0.0000
4	10	0.2140	7	0	1	1	0	0	0	0	0	N	N	N	N	N	N	N	N	N	N	N	N	3.6957	2.2824	0.0646	247.5772	520.3065	0.0288	0.1830	0.0707	0.0045	0.9235	1.1006	0.0003	1.9507	2.4164	0.0005	0.0621	0.0717	0.0000	0.2499	0.4822	0.0041	0.0079	0.0046	0.0165	0.3391	1.0141	0.0027	0.0000	0.1021	-0.1362	-0.0017	28.2678	1.9784	13.1235	5.0323	0.4743	0.4743	0.0000	0.4570	0.4570	0.0000	0.0173	0.0173	0.0000	0.0032	0.0029	0.0003	0.0002	0.0001	0.0001	0.0030	0.0028	0.0002	0.5136	0.4309	0.0827	0.2343	0.1891	0.0452	0.2793	0.2418	0.0375	0.1790	0.0946	0.0845	0.0329	0.0281	0.0048	0.1461	0.0665	0.0796	51.3449	35.6220	0.0750	332.1063	597.0100	0.0288	2.9966	1.6974	0.0045	0.0180	0.0309	0.0035	0.0059	0.0040	0.0165	0.0207	0.0422	0.0027
4	11	0.1121	3	0	1	1	0	0	0	0	0	N	N	N	N	N	N	N	N	N	N	N	N	1.0945	0.7065	6321.3143	0.1877	0.1622	351.7240	970.9437	61.9125	9040.8376	0.8917	0.8018	1.5145	0.4396	0.3946	1.0343	0.9757	0.8833	1.5605	0.8147	1.1349	0.0002	2.3415	2.4331	0.0029	0.0010	0.0143	0.0002	0.2724	0.0009	-0.3145	-0.1140	28.2678	39.9843	13.1235	13.6191	4.3056	3.3838	0.9218	0.3326	0.2776	0.0550	3.9730	3.1062	0.8668	0.1818	0.1816	0.0002	0.1813	0.1813	0.0001	0.0004	0.0003	0.0001	4.8287	4.2201	0.6086	0.7566	0.7034	0.0532	4.0721	3.5167	0.5555	1.4629	0.7585	0.7044	0.1939	0.1769	0.0170	1.2690	0.5817	0.6873	7.1762	3.3492	6321.3143	0.4700	0.3850	351.7240	2930.1748	1690.6125	9040.8376	0.1243	0.2394	0.0002	0.9352	1.0250	0.0029	0.0003	0.0005	0.0002
4	12	0.2858	5	1	2	0	0	0	0	0	0	N	Y	N	N	N	N	N	N	N	N	N	N	779.7469	286.2497	16634.7753	0.8037	0.7955	0.8258	8237.3043	4046.8289	28407.2905	1.4908	1.1166	4.5252	0.0053	0.0055	0.0031	2.0707	1.5848	5.3429	0.0019	0.0039	0.0003	0.0066	0.0069	0.0038	0.0003	0.0004	0.0002	0.4999	0.1435	0.1382	-0.0003	28.2678	16.7672	13.1235	6.4850	2.9947	1.9966	0.9981	0.0030	0.0029	0.0001	2.9917	1.9937	0.9980	0.0005	0.0005	0.0001	0.0005	0.0005	0.0000	0.0000	0.0000	0.0000	2.0087	1.7882	0.2206	0.5640	0.5302	0.0338	1.4448	1.2580	0.1868	0.5563	0.3121	0.2443	0.0931	0.0873	0.0058	0.4633	0.2248	0.2385	1566.4402	752.5241	16634.7753	1.0258	1.0342	0.8258	21206.2647	942927.2053	28407.2905	0.0010	0.0015	0.0003	0.0052	0.0053	0.0038	0.0001	0.0000	0.0002
4	13	0.2533	10	0	1	1	1	0	0	0	0	N	N	N	N	N	N	N	N	N	N	N	N	0.0000	0.0000	0.0000	0.0000	0.0000	0.0000	0.0000	0.0000	0.0000	0.0000	0.0000	0.0000	0.0000	0.0000	0.0000	0.0000	0.0000	0.0006	0.0015	0.0000	0.0026	0.0029	0.0001	0.0000	0.0000	0.0000	0.0157	0.0000	-0.0000	28.2678	0.0001	13.1235	1.0001	0.0000	0.0000	0.0000	0.0000	0.0000	0.0000	0.0000	0.0000	0.0000	0.0000	0.0000	0.0000	0.0000	0.0000	0.0000	0.0000	0.0000	0.0000	0.0000	0.0000	0.0000	0.0000	0.0000	0.0000	0.0000	0.0000	0.0000	0.0239	0.0133	0.0106	0.0039	0.0035	0.0004	0.0199	0.0098	0.0101	0.0000	0.0000	0.0000	0.0000	0.0000	0.0000	0.0000	0.0000	0.0000	0.0004	0.0008	0.0000	0.0026	0.0029	0.0001	0.0000	0.0000	0.0000		
4	14	0.3109	7	0	2	0	0	0	0	0	0	N	Y	N	N	N	N	N	N	N	N	N	N	997.5464	431.1753	0.3863	3.4626	3.3401	23.1227	183274.0039	19529.7513	0.0000	0.4532	0.5098	0.0000	0.0081	0.0086	0.0000	0.6080	0.6988	0.0000	0.0005	0.0012	0.0000	0.0023	0.0026	0.0000	0.0000	0.0000	0.0000	0.0000	0.0082	-0.2994	-0.0001	28.2678	20.9564	13.1235	6.0714	1.0427	1.0427	0.0000	0.0048	0.0048	0.0000	1.0379	1.0379	0.0000	0.0002	0.0002	0.0000	0.0002	0.0002	0.0000	0.0000	0.0000	0.0000	2.3008	2.0455	0.2553	0.5936	0.5603	0.0333	1.7071	1.4852	0.2220	0.5595	0.3067	0.2528	0.0817	0.0744	0.0073	0.4778	0.2323	0.2455	1310.9571	814.9600	0.3863	3.4626	3.3401	23.1227	183274.0039	7380378.3772	0.0000	0.0003	0.0006	0.0000	0.0023	0.0026	0.0000	0.0000	0.0000	0.0000
4	15	0.2533	10	0	1	0	1	0	0	0	0	N	N	N	N	N	N	N	N	N	N	N	N	0.0000	0.0000	0.0000	0.0000	0.0000	0.0000	0.0000	0.0000	0.0000	0.0000	0.0000	0.0000	0.0000	0.0000	0.0000	0.0146	0.0609	0.0000	0.0627	0.0782	0.0000	0.0000	0.0000	0.0000	0.0000	0.0000	-0.0004	28.2678	0.0001	13.1235	6.0018	0.0000	0.0000	0.0000	0.0000	0.0000	0.0000	0.0000	0.0000	0.0000	0.0006	0.0006	0.0000	0.0006	0.0006	0.0000	0.0000	0.0000	0.0000	0.0000	0.0000	0.0000	0.0000	0.0000	0.0000	0.0000	0.0000	0.0000	0.1400	0.0777	0.0624	0.0224	0.0198	0.0026	0.1176	0.0578	0.0598	0.0000	0.0000	0.0000	0.0000	0.0000	0.0000	0.0000	0.0000	0.0000	0.0045	0.0081	0.0000	0.0281	0.0317	0.0000	0.0000	0.0000	0.0000				
4	16	0.2516	9	0	1	0	1	0	0	0	0	N	N	N	N	N	N	N	N	N	N	N	N	0.0000	0.0000	0.0000	0.0000	0.0000	0.0000	0.0000	0.0000	0.0000	0.0000	0.0000	0.0000	0.0000	0.0000	0.0000	0.0000	0.0002	0.0005	0.0000	0.0014	0.0015	0.0000	0.0000	0.0000	0.0000	0.0065	0.0000	-0.0000	28.2678	1.0007	13.1235	1.0009	0.0000	0.0000	0.0000	0.0000	0.0000	0.0000	0.0000	0.0000	0.0000	0.0000	0.0000	0.0000	0.0000	0.0000	0.0000	0.0000	0.0000	0.0000	0.1186	0.1046	0.0141	0.0199	0.0189	0.0010	0.0988	0.0857	0.0131	0.0475	0.0263	0.0211	0.0075	0.0066	0.0008	0.0400	0.0197	0.0203	0.0000	0.0000	0.0000	0.0000	0.0000	0.0000	0.0000	0.0000	0.0000	0.0002	0.0004	0.0000	0.0014	0.0015	0.0000	0.0000	0.0000	0.0000			
4	17	0.4825	11	0	2	0	1	0	0	0	0	N	Y	N	N	N	N	N	N	N	N	N	N	718.5773	4431.5760	1.2782	3139.2603	4944.8247	2.8512	0.0003	0.0000	0.0035	1.0687	1.1996	0.0020	3.4232	3.6573	0.0107	0.0000	0.0000	0.0000	0.0015	0.0003	0.0015	0.0011	0.0007	0.0037	0.0025	0.0002	0.0014	0.0002	4.8156	-0.2859	0.0000	28.2678	8.1476	13.1235	4.0573	0.9964	0.9962	0.0002	0.9964	0.9962	0.0002	0.0000	0.0000	0.0000	0.0002	0.0000	0.0001	0.0000	0.0000	0.0000	0.0001	0.0000	0.0001	0.9324	0.8304	0.1020	0.2911	0.2724	0.0187	0.6413	0.5580	0.0833	0.2225	0.1285	0.0940	0.0458	0.0404	0.0053	0.1767	0.0880	0.0887	1363.8936	5141.8047	1.2782	3139.2603	4944.8247	2.8512	0.0009	0.0000	0.0035	0.0008	0.0002	0.0015	0.0011	0.0007	0.0037	0.0007	0.0000	0.0014
4	18	0.2444	7	0	2	0	0	0	0	0	0	N	Y	N	N	N	N	N	N	N	N	N	N	0.0069	0.0047	0.7146	0.0096	0.0099	0.0539	2.0407	0.1135	0.8006	0.0022	0.0025	0.0000	0.0074	0.0078	0.0000	0.0004	0.0005	0.0000	0.3240	0.5347	0.0000	0.7731	0.7944	0.0000	0.0002	0.0043	0.0000	0.0001	0.0001	-0.0010	-0.0086	28.2678	12.7610	13.1235	15.2058	0.0035	0.0035	0.0000	0.0030	0.0030	0.0000	0.0005	0.0005	0.0000	0.0136	0.0136	0.0000	0.0136	0.0136	0.0000	0.0000	0.0000	0.0000	1.5453	1.3696	0.1758	0.3992	0.3789	0.0203	1.1462	0.9907	0.1555	0.6313	0.3497	0.2817	0.0939	0.0874	0.0065	0.5374	0.2623	0.2752	0.1034	0.0646	0.7146	0.0513	0.0503	0.0539	5.4599	3.1604	0.8006	0.0216	0.0390	0.0000	0.1448	0.1555	0.0000	0.0001	0.0002	0.0000
4	19	0.2583	10	0	2	0	1	0	0	0	0	N	Y	N	N	N	N	N	N	N	N	N	N	41.9347	25.0907	40.2181	37.5826	0.0045	0.0051	0.0000	0.0266	0.0280	0.0000	0.0000	0.0000	0.0000	0.0001	0.0002	0.0000	0.0007	0.0007	0.0000	0.0000	0.0000	0.0000	0.0000	0.0000	-0.0005	-0.0000	28.2678	3.0000	13.1235	1.0000	0.0016	0.0016	0.0000	0.0016	0.0016	0.0000	0.0000	0.0000	0.0000	0.0000	0.0000	0.0000	0.0000	0.0000	0.0000	0.0000	0.0000	0.0000	0.3523	0.3107	0.0416	0.0598	0.0569	0.0029	0.2925	0.2538	0.0386	0.0929	0.0523	0.0406	0.0151	0.0134	0.0017	0.0778	0.0388	0.0389	41.9347	26.7526	0.0000	40.2181	37.5826	0.0000	0.0000	0.0000	0.0000	0.0001	0.0002	0.0000	0.0007	0.0007	0.0000	0.0000	0.0000	0.0000					
4	20	0.6219	9	0	2	0	1	0	0	0	0	N	Y	N	N	N	N	N	N	N	N	N	N	0.0753	0.0620	0.0000	0.1866	0.1604	2.7179	0.0879	0.0468	0.0000	0.0347	0.0385	0.0000	0.0006	0.0007	0.0000	0.0565	0.0647	0.0000	0.4609	0.6211	0.0073	0.0035	0.0043	0.0000	0.6424	1.3804	0.0068	0.0000	0.0592	-0.0116	-0.0050	28.2678	9.0824	13.1235	4.8637	0.0403	0.0403	0.0000	0.0003	0.0003	0.0000	0.0400	0.0400	0.0000	0.0088	0.0083	0.0005	0.0003	0.0003	0.0000	0.0085	0.0080	0.0005	1.1598	1.0460	0.1139	0.4521	0.4278	0.0242	0.7078	0.6182	0.0896	0.2554	0.1564	0.0990	0.0839	0.0742	0.0097	0.1715	0.0822	0.0893	1.0071	0.7244	0.0000	0.1926	0.1800	2.7179	1.1366	0.6622	0.0000	0.0345	0.0531	0.0050	0.0034	0.0038	0.0000	0.0497	0.0977	0.0055
4	21	0.2417	6	1	2	0	0	0	0	0	0	N	Y	N	N	N	N	N	N	N	N	N	N	0.0051	0.0001	10.9125	0.0004	0.0002	7.6628	0.7114	0.1014	11.3614	0.0029	0.0001	0.0229	0.0005	0.0003	0.0050	0.0033	0.0001	0.0242	0.5682	0.7806	0.0021	1.1796	1.1966	0.0007	0.0047	0.0008	0.0021	29.2783	0.0199	0.0012	-0.0110	28.2678	5.0072	13.1235	8.1033	0.0017	0.0001	0.0017	0.0000	0.0000	0.0000	0.0017	0.0000	0.0016	0.0181	0.0177	0.0004	0.0177	0.0177	0.0000	0.0003	0.0000	0.0003	0.5933	0.5210	0.0724	0.0922	0.0871	0.0051	0.5011	0.4339	0.0672	0.3710	0.2030	0.1680	0.0728	0.0686	0.0042	0.2981	0.1344	0.1637	0.0592	0.0012	10.9125	0.0022	0.0010	7.6628	2.8260	13.8703	11.3614	0.0487	0.0873	0.0021	0.2434	0.2582	0.0007	0.0012	0.0000	0.0021
4	22	0.2103	6	0	2	0	0	0	0	0	0	N	Y	N	N	N	N	N	N	N	N	N	N	571.2217	146.8255	19990.0709	3.5138	3.5307	2.2184	28660.3171	18190.0243	114498.2192	1.0187	0.5695	4.3616	0.0356	0.0367	0.0189	1.2185	0.6864	4.7755	0.0018	0.0039	0.0002	0.0101	0.0104	0.0085	0.0000	0.0000	0.0000	1.0292	0.1262	0.4526	-0.0003	28.2678	17.0533	13.1235	10.0403	2.0565	1.0135	1.0431	0.0121	0.0117	0.0004	2.0444	1.0017	1.0427	0.0006	0.0005	0.0001	0.0006	0.0005	0.0001	0.0000	0.0000	0.0000	2.0188	1.7796	0.2392	0.3410	0.3202	0.0208	1.6778	1.4594	0.2183	0.6412	0.3461	0.2951	0.0792	0.0731	0.0062	0.5620	0.2730	0.2889	1136.5443	386.2251	19990.0709	5.0108	5.2512	2.2184	56700.0138	7019169.3155	114498.2192	0.0009	0.0015	0.0002	0.0071	0.0070	0.0085	0.0000	0.0000	0.0000
4	23	0.4825	11	0	1	0	1	0	0	0	0	N	N	N	N	N	N	N	N	N	N	N	N	0.6081	0.2914	0.8074	0.7420	0.6603	0.0000	0.2399	0.0002	1.0734	0.0013	0.0015	0.0000	0.0041	0.0044	0.0000	0.0000	0.0000	0.0000	0.0022	0.0050	0.0000	0.0055	0.0066	0.0000	0.0000	0.0004	0.0000	0.0009	0.0054	-0.0001	-0.0000	28.2678	2.8591	13.1235	0.9679	0.0004	0.0004	0.0000	0.0004	0.0004	0.0000	0.0000	0.0000	0.0000	0.0001	0.0001	0.0000	0.0001	0.0001	0.0000	0.0000	0.0000	0.0000	0.3422	0.3050	0.0371	0.1092	0.1025	0.0068	0.2329	0.2026	0.0304	0.0747	0.0431	0.0316	0.0165	0.0147	0.0017	0.0582	0.0283	0.0299	1.2840	0.8338	0.8074	0.8909	0.8509	0.0000	0.2474	0.0484	1.0734	0.0010	0.0018	0.0000	0.0046	0.0051	0.0000	0.0000	0.0000	0.0000
4	24	0.4563	10	0	1	0	1	0	0	0	0	N	N	N	N	N	N	N	N	N	N	N	N	1.0356	1.6037	3.0937	1.1273	3.5812	0.0036	0.7545	0.0000	17.8926	0.0009	0.0007	0.0024	0.0019	0.0020	0.0000	0.0004	0.0000	0.0029	0.0008	0.0004	0.0008	0.0017	0.0006	0.0098	0.0005	0.0054	0.0002	0.4206	1.6854	0.0000	-0.0000	28.2678	6.2936	13.1235	7.0245	0.0006	0.0004	0.0002	0.0004	0.0004	0.0000	0.0002	0.0000	0.0002	0.0001	0.0000	0.0001	0.0001	0.0000	0.0001	0.0000	0.0000	0.0000	0.7358	0.6564	0.0795	0.2392	0.2242	0.0149	0.4967	0.4321	0.0645	0.2408	0.1404	0.1004	0.0526	0.0463	0.0063	0.1882	0.0941	0.0941	1.6986	2.0988	3.0937	1.1273	3.5812	0.0036	2.0256	0.0000	17.8926	0.0005	0.0003	0.0008	0.0017	0.0006	0.0098	0.0002	0.0002	0.0002
4	25	0.3158	7	1	1	1	0	0	0	0	0	N	N	N	N	N	N	N	N	N	N	N	N	0.8943	74.3938	0.0073	10.7153	50.3113	0.0011	0.0009	0.0074	0.0121	0.0125	0.0139	0.0001	0.0331	0.0349	0.0000	0.0000	0.0000	0.0002	0.0140	0.0002	0.0178	0.0031	0.0007	0.0205	0.0293	0.0008	0.0129	0.0010	43.0356	-0.0023	0.0002	28.2678	4.4994	13.1235	1.0731	0.0081	0.0081	0.0000	0.0081	0.0081	0.0000	0.0000	0.0000	0.0000	0.0005	0.0000	0.0005	0.0001	0.0000	0.0000	0.0005	0.0000	0.0005	0.6436	0.5791	0.0645	0.2439	0.2312	0.0127	0.3997	0.3479	0.0518	0.1263	0.0695	0.0569	0.0198	0.0174	0.0024	0.1065	0.0520	0.0545	2.8978	77.8740	0.0138	10.7153	50.3113	0.0011	0.0056	0.9341	0.0175	0.0043	0.0002	0.0094	0.0031	0.0007	0.0205	0.0046	0.0000	0.0089
4	26	0.2033	5	0	2	0	0	0	0	0	0	N	Y	N	N	N	N	N	N	N	N	N	N	0.9110	0.6080	2156.9412	3.3477	3.2255	170.2878	0.1059	0.0002	2798.1844	0.3108	0.3400	0.1129	1.1293	1.3000	0.0015	0.0198	0.0001	0.1537	0.3412	0.5592	0.0001	0.3374	0.4030	0.0000	0.1867	0.8693	0.0001	0.0491	0.0011	-0.1267	-0.0075	28.2678	12.3098	13.1235	9.0087	0.5273	0.5026	0.0247	0.5026	0.5025	0.0001	0.0247	0.0002	0.0246	0.0120	0.0120	0.0000	0.0063	0.0063	0.0000	0.0057	0.0057	0.0000	1.6967	1.4782	0.2184	0.4450	0.3865	0.0585	1.2517	1.0917	0.1599	0.5249	0.2824	0.2426	0.0897	0.0762	0.0135	0.4352	0.2061	0.2291	13.5837	8.0023	2156.9412	16.0231	15.6723	170.2878	1.5129	0.0053	2798.1844	0.0229	0.0425	0.0001	0.0705	0.0830	0.0000	0.0131	0.0275	0.0001
4	27	0.1802	4	0	2	0	0	0	0	0	0	N	Y	N	N	N	N	N	N	N	N	N	N	0.6322	0.0328	29.7531	0.0271	0.0269	2.1500	1.4510	11.5660	36.5230	0.3420	0.0206	2.7679	0.0277	0.0283	0.0183	0.4159	0.0186	3.0680	0.5410	0.6265	0.0930	1.0205	1.0518	0.0085	0.2867	0.0016	0.0840	17.8274	0.5406	0.6958	-0.0129	28.2678	25.8727	13.1235	15.5187	1.0547	0.0560	0.9986	0.0162	0.0156	0.0007	1.0384	0.0404	0.9980	0.0464	0.0301	0.0163	0.0302	0.0301	0.0001	0.0162	0.0000	0.0162	3.0840	2.7232	0.3608	0.5874	0.5519	0.0355	2.4966	2.1713	0.3253	1.0284	0.5605	0.4679	0.1499	0.1371	0.0128	0.8785	0.4235	0.4550	7.5722	0.3825	79.4536	0.1371	0.1285	2.1500	22.5524	626.8233	86.2309	0.0452	0.0538	0.0348	0.2017	0.2198	0.0085	0.0184	0.0000	0.0356
4	28	0.2325	6	1	2	0	0	0	0	0	0	N	Y	N	N	N	N	N	N	N	N	N	N	0.2275	0.5956	0.0025	0.0159	0.0159	0.0986	0.2543	768.1943	0.0025	0.2889	0.3229	0.0114	0.0138	0.0143	0.0044	0.3797	0.4347	0.0122	1.2701	0.5421	4.5806	0.8714	0.9002	0.0444	1.4931	0.0006	4.8773	0.0043	42.3154	-0.3643	0.3546	28.2678	38.1974	13.1235	14.3032	1.2879	1.2824	0.0055	0.0153	0.0151	0.0002	1.2726	1.2673	0.0053	1.0173	0.0235	0.9938	0.0240	0.0235	0.0005	0.9933	0.0000	0.9933	4.4577	3.9719	0.4859	1.1062	1.0563	0.0499	3.3516	2.9156	0.4360	1.0903	0.5901	0.5002	0.1461	0.1327	0.0134	0.9442	0.4574	0.4868	0.3097	8.1126	0.0057	0.0844	0.0807	0.1217	0.3609	134173.6554	0.0060	0.9330	0.0398	1.9867	0.1640	0.1769	0.0359	1.0520	0.0000	2.0404
4	29	0.2103	6	0	2	0	0	0	0	0	0	N	Y	N	N	N	N	N	N	N	N	N	N	0.5100	0.0018	69796.1932	0.7622	0.0035	791756.2999	0.0066	0.0000	121.9187	0.2563	0.0013	1.8904	0.7275	0.0037	4.8778	0.0004	0.0000	0.0035	0.5024	0.7307	0.0000	0.9544	1.0520	0.0000	0.0665	0.7247	0.0000	230.5953	0.0003	0.1875	-0.0101	28.2678	6.0056	13.1235	10.9350	0.2646	0.0011	0.2634	0.2643	0.0011	0.2632	0.0003	0.0000	0.0003	0.0161	0.0161	0.0000	0.0135	0.0135	0.0000	0.0026	0.0026	0.0000	1.0325	0.8932	0.1394	0.3633	0.3094	0.0539	0.6692	0.5838	0.0854	0.4154	0.2199	0.1955	0.0729	0.0616	0.0113	0.3425	0.1583	0.1842	6.6006	0.0174	69796.1932	3.9174	0.0168	791756.2999	0.0584	0.0000	121.9187	0.0388	0.0733	0.0000	0.1857	0.2199	0.0000	0.0076	0.0163	0.0000
4	30	0.2704	6	1	2	0	0	0	0	0	0	N	Y	N	N	N	N	N	N	N	N	N	N	0.5334	0.4372	0.0087	0.0035	0.0036	0.0039	458.6472	88.8953	0.0081	0.2681	0.2999	0.0000	0.0026	0.0028	0.0000	0.4574	0.5293	0.0000	0.5027	0.6860	0.0005	0.7503	0.7702	0.0018	0.0010	0.0060	0.0004	0.0000	0.0049	-0.2935	-0.0207	28.2678	17.1852	13.1235	7.8386	1.0223	1.0223	0.0000	0.0041	0.0041	0.0000	1.0182	1.0182	0.0000	0.0332	0.0330	0.0002	0.0330	0.0329	0.0000	0.0002	0.0001	0.0001	3.8127	3.4089	0.4038	1.5869	1.4851	0.1018	2.2258	1.9238	0.3020	0.8523	0.5239	0.3284	0.2362	0.2195	0.0167	0.6161	0.3044	0.3117	6.8892	4.7594	0.0087	0.0186	0.0185	0.0039	1387.8165	2264.4439	0.0081	0.0389	0.0630	0.0005	0.1396	0.1501	0.0018	0.0003	0.0002	0.0004
4	31	0.3109	7	0	2	0	0	0	0	0	0	N	Y	N	N	N	N	N	N	N	N	N	N	2943.2439	644.4505	1131689.3551	3.8410	3.7035	11.7916	9100.0968	260.3922	1610389.2412	1.7619	0.9918	7.8933	0.0087	0.0091	0.0006	2.3799	1.3684	9.0731	0.0006	0.0015	0.0000	0.0023	0.0025	0.0001	0.0003	0.0053	0.0000	0.9996	0.0076	0.4253	-0.0001	28.2678	9.9927	13.1235	7.0404	1.9989	0.9997	0.9992	0.0026	0.0026	0.0000	1.9963	0.9971	0.9992	0.0002	0.0002	0.0000	0.0001	0.0001	0.0000	0.0000	0.0000	0.0000	1.1345	1.0079	0.1266	0.2957	0.2792	0.0165	0.8388	0.7287	0.1101	0.3621	0.1986	0.1635	0.0538	0.0490	0.0047	0.3084	0.1496	0.1588	4196.0548	1305.2810	1131689.3551	3.8410	3.7035	11.7916	23831.7013	6844.8435	1610389.2412	0.0004	0.0008	0.0000	0.0023	0.0025	0.0001	0.0001	0.0002	0.0000
4	32	0.3028	6	0	2	0	0	0	0	0	0	N	Y	N	N	N	N	N	N	N	N	N	N	111.4290	92.2422	16.0697	0.5786	0.5318	inf	89.3135	11.6920	17.5715	0.0437	0.0484	0.0039	0.0005	0.0005	0.0003	0.0609	0.0692	0.0044	0.0004	0.0005	0.0002	0.0008	0.0009	0.0000	0.0007	0.0059	0.0002	0.0094	0.5285	-0.0060	-0.0000	28.2678	3.8146	13.1235	0.9911	0.0218	0.0216	0.0002	0.0001	0.0001	0.0000	0.0217	0.0215	0.0002	0.0000	0.0000	0.0000	0.0000	0.0000	0.0000	0.0000	0.0000	0.0000	0.4980	0.4458	0.0522	0.1414	0.1351	0.0063	0.3565	0.3107	0.0459	0.1044	0.0569	0.0475	0.0148	0.0134	0.0013	0.0897	0.0435	0.0462	137.7948	126.9902	16.0697	0.5786	0.5318	inf	253.3537	298.2114	17.5715	0.0003	0.0004	0.0002	0.0008	0.0009	0.0000	0.0002	0.0002	0.0002
4	33	0.3028	6	0	2	0	0	0	0	0	0	N	Y	N	N	N	N	N	N	N	N	N	N	6.4695	1.9451	532423407.3353	0.1271	0.0171	inf	430540521.1312	inf	569218404.7450	1.1221	0.8304	3.4800	0.0685	0.0099	1.0831	1.4854	1.1376	3.8294	0.1734	0.4269	0.0000	0.5387	0.5781	0.0000	0.0000	0.0000	0.0000	0.5183	0.0000	0.1650	-0.0054	28.2678	24.4476	13.1235	5.0002	3.0404	2.0024	1.0379	0.0476	0.0065	0.0411	2.9928	1.9959	0.9968	0.0086	0.0086	0.0000	0.0086	0.0086	0.0000	0.0000	0.0000	0.0000	2.7095	2.4113	0.2983	0.6948	0.6568	0.0379	2.0148	1.7544	0.2603	0.6067	0.3313	0.2754	0.0850	0.0772	0.0078	0.5217	0.2542	0.2676	79.1629	31.9943	532423407.3353	0.6769	0.0885	inf	430540521.1312	inf	569218404.7450	0.0142	0.0260	0.0000	0.1012	0.1114	0.0000	0.0000	0.0000	0.0000
4	34	0.3509	6	0	2	1	1	0	0	0	0	N	Y	N	N	N	N	N	N	N	N	N	N	0.0376	0.0098	11.1088	0.1413	0.1051	66.8027	0.0138	0.0001	8.9126	0.0004	0.0003	0.0021	0.0005	0.0004	0.0032	0.0002	0.0000	0.0017	0.0103	0.0270	0.0002	0.0034	0.0038	0.0000	0.0178	0.4621	0.0002	0.5719	0.0231	0.0000	-0.0001	28.2678	1.3124	13.1235	1.0060	0.0001	0.0001	0.0000	0.0001	0.0001	0.0000	0.0000	0.0000	0.0000	0.0002	0.0002	0.0000	0.0000	0.0000	0.0000	0.0002	0.0002	0.0000	0.2777	0.2588	0.0189	0.1690	0.1644	0.0046	0.1087	0.0944	0.0143	0.0619	0.0367	0.0252	0.0142	0.0134	0.0008	0.0477	0.0233	0.0244	0.1150	0.0476	11.1088	0.1452	0.1150	66.8027	0.0725	0.0036	8.9126	0.0034	0.0056	0.0002	0.0033	0.0035	0.0000	0.0034	0.0067	0.0002
4	35	0.2195	5	0	1	0	1	0	0	0	0	N	N	N	N	N	N	N	N	N	N	N	N	0.3654	0.0139	6884.0935	17.2493	1.4469	3142.0013	0.3178	0.0069	6752.4084	0.4181	0.0223	3.5961	0.4091	0.0394	5.5980	0.4209	0.0166	3.2662	1.1442	1.6056	0.0005	0.0237	0.0272	0.0018	1.3241	2.4159	0.0005	20.1092	0.0004	1.7757	-0.6067	28.2678	53.2438	13.1235	16.6757	2.6683	0.1264	2.5419	0.6151	0.0553	0.5598	2.0532	0.0711	1.9821	0.9661	0.9657	0.0004	0.0032	0.0032	0.0000	0.9629	0.9625	0.0003	6.3821	5.6753	0.7068	1.5037	1.4037	0.1000	4.8784	4.2715	0.6068	1.6016	0.8658	0.7358	0.2424	0.2204	0.0219	1.3592	0.6454	0.7138	0.6931	0.0200	6884.0935	30.5594	2.7093	3142.0013	0.5941	0.0112	6752.4084	0.6032	1.1154	0.0005	0.0134	0.0145	0.0018	0.7084	1.4914	0.0005
4	36	0.1787	5	0	2	0	0	0	0	0	0	N	Y	N	N	N	N	N	N	N	N	N	N	0.0160	0.0127	0.0000	0.0430	0.0959	0.0000	0.0122	0.0086	0.0000	0.0269	0.0306	0.0000	0.0371	0.0397	0.0000	0.0247	0.0284	0.0000	1.6838	2.4140	3.4151	0.8633	0.4143	10.0092	2.0201	3.3143	3.4582	0.0000	0.3149	-0.0172	-0.5048	28.2678	17.9460	13.1235	11.6991	0.0598	0.0598	0.0000	0.0147	0.0147	0.0000	0.0450	0.0450	0.0000	1.2981	0.9873	0.3109	0.0180	0.0088	0.0092	1.2801	0.9784	0.3016	2.2216	1.9539	0.2677	0.3975	0.3711	0.0264	1.8241	1.5828	0.2413	0.7709	0.4090	0.3620	0.1113	0.1042	0.0071	0.6597	0.3048	0.3549	0.0160	0.0127	0.0000	0.2287	0.4681	0.0000	0.0127	0.0089	0.0000	1.6838	2.4140	0.8588	0.1622	0.0849	1.2954	1.9405	3.2102	0.8500
4	37	0.6342	10	1	2	0	0	0	0	0	0	N	Y	N	N	N	N	N	N	N	N	N	N	406.1206	284.5488	9.4026	8.8139	inf	inf	0.0016	0.0018	0.0000	0.0001	0.0001	0.0000	0.0025	0.0028	0.0000	0.0000	0.0000	0.0000	0.0000	0.0000	0.0000	0.0000	0.0000	0.0000	0.0000	0.0031	-0.0001	-0.0000	28.2678	1.9903	13.1235	0.0021	0.0004	0.0004	0.0000	0.0000	0.0000	0.0000	0.0004	0.0004	0.0000	0.0000	0.0000	0.0000	0.0000	0.0000	0.0000	0.0000	0.0000	0.0000	0.2298	0.2056	0.0243	0.0870	0.0816	0.0054	0.1429	0.1240	0.0189	0.0340	0.0212	0.0127	0.0118	0.0104	0.0014	0.0222	0.0108	0.0113	406.1206	284.5488	0.0000	9.4026	8.8139	0.0000	inf	inf	0.0000	0.0000	0.0000	0.0000	0.0000	0.0000	0.0000	0.0000	0.0000	0.0000			
4	38	0.2195	5	0	2	0	1	0	0	0	0	N	Y	N	N	N	N	N	N	N	N	N	N	2.8957	2.3672	30.9572	0.0589	0.0282	0.0969	68.1502	822.8512	332.7209	1.2216	0.9920	3.0635	0.0527	0.0139	0.5855	1.6037	1.3325	3.5048	0.4219	0.4191	0.0990	0.8952	0.4915	6.0423	0.0235	0.0016	0.0105	0.3850	1.1977	-0.0637	-0.0037	28.2678	45.5232	13.1235	15.8903	6.9550	5.0217	1.9333	0.0740	0.0181	0.0559	6.8810	5.0036	1.8774	0.0442	0.0201	0.0241	0.0392	0.0201	0.0191	0.0050	0.0000	0.0050	5.6932	5.0622	0.6311	1.4025	1.3072	0.0954	4.2907	3.7550	0.5357	1.4574	0.7906	0.6668	0.2308	0.2100	0.0208	1.2266	0.5806	0.6460	40.2599	38.9739	84.7644	0.3102	0.1446	0.6376	394.8257	44755.2886	456.0084	0.0303	0.0255	0.0361	0.1700	0.0958	0.9183	0.0041	0.0000	0.0077
4	39	0.1924	4	0	1	0	1	0	0	0	0	N	N	N	N	N	N	N	N	N	N	N	N	1.0299	0.8559	1.6712	0.3582	0.9406	0.1168	1.2254	0.6005	16.5539	0.8091	0.6862	1.7066	0.5861	0.2532	4.1303	0.8809	0.8331	1.1966	0.7856	0.8017	1.0211	1.6364	0.2692	35.3707	0.7189	1.3874	0.0723	0.3405	1.2882	-0.0512	-0.0036	28.2678	13.8166	13.1235	4.5847	1.5467	1.1538	0.3929	0.2732	0.1079	0.1653	1.2735	1.0459	0.2276	0.0547	0.0239	0.0308	0.0274	0.0041	0.0234	0.0273	0.0199	0.0074	1.9118	1.6815	0.2302	0.4661	0.4261	0.0400	1.4457	1.2555	0.1902	0.4927	0.2640	0.2287	0.0669	0.0629	0.0040	0.4258	0.2011	0.2247	7.2820	7.5711	12.6663	1.4291	3.9323	0.7070	13.7402	8.4287	36.2123	0.1111	0.0906	0.1347	0.4101	0.0644	5.8420	0.0641	0.0988	0.0330
4	40	0.3543	8	0	1	1	0	0	0	0	0	N	N	N	N	N	N	N	N	N	N	N	N	0.0580	0.0361	0.0645	0.2277	0.2493	0.0022	0.0061	0.0005	0.2069	0.0150	0.0168	0.0003	0.0595	0.0622	0.0002	0.0003	0.0003	0.0003	0.2578	0.4659	0.0044	0.2614	0.2495	0.1018	0.0517	0.6447	0.0014	0.0021	0.0911	-0.0069	-0.0053	28.2678	12.6411	13.1235	7.4648	0.0243	0.0243	0.0001	0.0240	0.0240	0.0000	0.0004	0.0003	0.0000	0.0097	0.0089	0.0008	0.0070	0.0065	0.0005	0.0027	0.0024	0.0003	1.6279	1.4445	0.1834	0.4025	0.3852	0.0173	1.2254	1.0593	0.1661	0.5295	0.3086	0.2209	0.1156	0.1073	0.0082	0.4140	0.2013	0.2127	0.8157	0.5833	0.0772	0.9881	1.0350	0.0036	0.0477	0.0264	0.2069	0.0183	0.0288	0.0037	0.0603	0.0601	0.0623	0.0066	0.0122	0.0014
4	41	0.6217	8	0	2	0	0	0	0	0	0	N	Y	N	N	N	N	N	N	N	N	N	N	1.2694	0.8258	5.5108	2.6679	2.4284	0.5519	2.2084	1.2004	7.6774	0.3737	0.4162	0.0010	0.9006	0.9615	0.0002	0.0005	0.0004	0.0013	0.2944	0.5039	0.0002	0.3376	0.3959	0.0003	0.0002	0.0003	0.0002	0.0003	0.0039	-0.2899	-0.0068	28.2678	22.0894	13.1235	9.3639	1.0105	1.0102	0.0003	1.0097	1.0097	0.0000	0.0008	0.0005	0.0003	0.0109	0.0109	0.0000	0.0109	0.0109	0.0000	0.0000	0.0000	0.0000	2.7043	2.4274	0.2769	1.1211	1.0501	0.0710	1.5832	1.3773	0.2059	0.5502	0.3218	0.2284	0.1545	0.1335	0.0210	0.3957	0.1883	0.2074	18.8165	12.3056	5.5108	12.7766	11.7956	0.5519	5.6435	294.9299	7.6774	0.0199	0.0338	0.0002	0.0705	0.0815	0.0003	0.0001	0.0000	0.0002
4	42	0.1924	4	0	2	0	0	0	0	0	0	N	Y	N	N	N	N	N	N	N	N	N	N	325.7620	194.9039	2017.7890	109.1394	3.2813	11952.9161	432.9395	551.3657	792.7220	0.6326	0.4853	1.7448	0.7696	0.0253	11.4577	0.6031	0.5912	0.6842	0.0019	0.0025	0.0009	0.0071	0.0077	0.0010	0.0014	0.0011	0.0009	0.4761	0.7467	0.1110	-0.0003	28.2678	43.3975	13.1235	17.3745	3.1343	2.1233	1.0109	0.6743	0.0207	0.6535	2.4600	2.1026	0.3574	0.0013	0.0007	0.0006	0.0008	0.0007	0.0000	0.0006	0.0000	0.0005	4.9549	4.3755	0.5794	0.8761	0.8191	0.0570	4.0788	3.5564	0.5224	1.3639	0.7174	0.6465	0.1408	0.1299	0.0108	1.2231	0.5874	0.6356	659.7247	464.9900	2017.7890	144.0822	4.4354	11952.9161	1327.4521	49090.5367	792.7220	0.0010	0.0010	0.0009	0.0053	0.0057	0.0010	0.0005	0.0000	0.0009
4	43	0.5519	7	1	1	1	0	0	0	0	0	N	N	N	N	N	N	N	N	N	N	N	N	1553.0396	993.1830	3.7329	854.4151	971.8286	1.4994	241593.9364	5352.5355	0.0127	0.9185	1.0217	0.0007	1.1468	1.2176	0.0030	0.7653	0.8795	0.0000	0.0006	0.0010	0.0002	0.0013	0.0013	0.0020	0.0000	0.0002	0.0000	0.0001	0.2234	-0.5758	-0.0001	28.2678	18.2331	13.1235	4.4208	2.0060	2.0059	0.0002	1.0056	1.0054	0.0002	1.0004	1.0004	0.0000	0.0002	0.0001	0.0000	0.0002	0.0001	0.0000	0.0000	0.0000	0.0000	2.1841	1.9632	0.2209	0.8768	0.8257	0.0511	1.3072	1.1375	0.1698	0.4063	0.2409	0.1654	0.1245	0.1096	0.0150	0.2818	0.1314	0.1504	2220.9269	1792.3439	3.7329	854.4151	971.8286	1.4994	241593.9364	1631922.7459	0.0127	0.0004	0.0006	0.0002	0.0013	0.0013	0.0020	0.0000	0.0000	0.0000
4	44	0.6117	7	0	2	0	1	0	0	0	0	N	Y	N	N	N	N	N	N	N	N	N	N	11.7054	24.3767	75.8677	189.9490	112.9242	1398.7740	3.4303	0.9531	57.9321	0.5525	0.3332	2.4856	0.6896	0.4347	4.3891	0.4680	0.2663	1.8804	0.0472	0.0137	0.0328	0.0036	0.0038	0.0031	0.1364	0.2794	0.0325	0.8463	2.9301	0.6546	0.0015	28.2678	62.5878	13.1235	29.9840	3.8231	2.0707	1.7524	1.8194	1.0729	0.7465	2.0037	0.9978	1.0059	0.0126	0.0032	0.0094	0.0015	0.0013	0.0002	0.0111	0.0019	0.0092	6.9199	6.2149	0.7050	2.6383	2.4682	0.1701	4.2816	3.7467	0.5349	1.4758	0.8786	0.5971	0.4218	0.3629	0.0590	1.0539	0.5158	0.5382	64.9561	91.6610	158.6052	198.3350	123.0697	1398.7740	44.4932	71.8344	110.3183	0.0085	0.0036	0.0157	0.0035	0.0035	0.0031	0.0105	0.0037	0.0170
4	45	0.5519	7	1	1	1	0	0	0	0	0	N	N	N	N	N	N	N	N	N	N	N	N	13.3182	9.7159	0.0000	11.6625	14.7082	0.0000	380.1293	12.2573	0.0000	0.0070	0.0077	0.0000	0.0141	0.0150	0.0000	0.0020	0.0023	0.0000	0.0005	0.0008	0.0002	0.0012	0.0010	0.0027	0.0000	0.0002	0.0000	0.0000	0.3583	-0.0034	-0.0000	28.2678	13.5293	13.1235	3.1702	0.0118	0.0118	0.0000	0.0098	0.0098	0.0000	0.0020	0.0020	0.0000	0.0001	0.0001	0.0000	0.0001	0.0001	0.0000	0.0000	0.0000	0.0000	1.6873	1.5190	0.1683	0.6919	0.6526	0.0393	0.9953	0.8664	0.1289	0.3086	0.1837	0.1249	0.0959	0.0847	0.0112	0.2127	0.0990	0.1137	18.3619	16.4928	0.0000	11.6625	14.7082	0.0000	380.1293	3705.4090	0.0000	0.0004	0.0005	0.0002	0.0012	0.0010	0.0027	0.0000	0.0000	0.0000
4	46	0.5475	6	1	1	1	0	0	0	0	0	N	N	N	N	N	N	N	N	N	N	N	N	9.7782	8.4177	2.6942	2.2159	2.4313	1.9771	41.5663	137.6914	0.1149	0.0942	0.1024	0.0077	0.0232	0.0228	0.0317	0.1556	0.1772	0.0002	0.0096	0.0122	0.0029	0.0105	0.0094	0.0160	0.0037	0.0013	0.0018	0.0071	0.5192	-0.0193	-0.0001	28.2678	4.1147	13.1235	1.2946	0.0689	0.0684	0.0005	0.0079	0.0074	0.0005	0.0611	0.0610	0.0000	0.0004	0.0003	0.0001	0.0003	0.0003	0.0001	0.0001	0.0000	0.0001	0.7313	0.6685	0.0628	0.3390	0.3241	0.0149	0.3923	0.3445	0.0478	0.1298	0.0802	0.0496	0.0455	0.0417	0.0038	0.0843	0.0385	0.0458	29.4930	30.0675	2.6942	3.1679	3.4918	1.9771	160.5693	9444.7654	0.1149	0.0032	0.0034	0.0029	0.0073	0.0065	0.0160	0.0010	0.0000	0.0018
4	47	0.4848	5	1	1	0	0	0	0	0	0	N	N	N	N	N	N	N	N	N	N	N	N	2.2206	4.0358	0.1738	9.6705	20.6484	0.0201	1.9813	1.9660	0.3654	1.0169	1.1316	0.0501	1.0301	1.0904	0.0094	1.0099	1.1554	0.0591	0.4579	0.2804	0.2881	0.1065	0.0528	0.4675	0.5097	0.5877	0.1618	0.0053	2.2793	-0.8104	0.0022	28.2678	22.0103	13.1235	13.6452	2.8748	2.8598	0.0150	1.0087	1.0082	0.0005	1.8660	1.8515	0.0145	0.0335	0.0102	0.0233	0.0127	0.0074	0.0052	0.0209	0.0028	0.0181	2.8270	2.5271	0.2999	0.9792	0.9246	0.0546	1.8478	1.6025	0.2453	0.9789	0.6068	0.3721	0.3453	0.3168	0.0284	0.6336	0.2899	0.3437	29.6827	67.1467	0.7993	28.0782	46.3751	0.0511	30.6627	120.6604	1.1231	0.0343	0.0169	0.0626	0.0367	0.0235	0.1835	0.0329	0.0096	0.0526
4	48	0.3543	8	0	2	0	0	0	0	0	0	N	Y	N	N	N	N	N	N	N	N	N	N	5.3897	2.2093	0.3121	0.1585	0.1638	0.1343	11.6207	1.3707	0.3203	0.6185	0.6970	0.0007	0.0090	0.0093	0.0024	0.8189	0.9473	0.0005	0.1148	0.3155	0.0023	0.0569	0.0569	0.0175	0.0705	0.6912	0.0017	0.0001	0.0849	-0.2873	-0.0030	28.2678	12.3962	13.1235	3.7178	1.0010	1.0009	0.0001	0.0036	0.0036	0.0000	0.9974	0.9973	0.0001	0.0054	0.0050	0.0004	0.0026	0.0025	0.0001	0.0027	0.0024	0.0003	1.6184	1.4361	0.1823	0.4005	0.3833	0.0172	1.2179	1.0528	0.1651	0.4553	0.2697	0.1857	0.1057	0.0988	0.0069	0.3496	0.1709	0.1787	52.2966	37.8638	0.3121	0.3618	0.3661	0.1343	104.1651	66.1057	0.3203	0.0118	0.0184	0.0023	0.0249	0.0255	0.0175	0.0079	0.0143	0.0017
4	49	0.3254	7	0	1	0	0	0	0	0	0	N	N	N	N	N	N	N	N	N	N	N	N	0.3379	0.2714	0.1342	0.3550	0.3749	0.0082	0.0690	0.0419	0.2350	0.3954	0.4439	0.0176	0.9657	1.0501	0.0016	0.0829	0.0920	0.0229	1.1700	1.6358	0.1309	2.7201	2.8011	0.1954	1.2012	2.1960	0.0974	0.0051	0.0265	-0.2622	-0.2482	28.2678	14.4870	13.1235	5.8627	0.9295	0.9248	0.0047	0.8036	0.8035	0.0001	0.1258	0.1212	0.0046	0.4120	0.4013	0.0106	0.2278	0.2266	0.0012	0.1841	0.1747	0.0094	2.3508	2.0830	0.2678	0.8322	0.7652	0.0670	1.5186	1.3178	0.2008	0.6105	0.3544	0.2561	0.1535	0.1415	0.0120	0.4570	0.2129	0.2441	0.5860	0.3921	0.4235	0.6507	0.6559	0.0156	0.2056	0.1121	0.5954	0.6747	1.1323	0.0415	1.4840	1.6010	0.1033	0.4029	0.8207	0.0384
4	50	0.3216	8	1	2	1	0	0	0	0	0	N	Y	N	N	N	N	N	N	N	N	N	N	29.1910	0.0541	inf	0.4831	0.2333	inf	40.8617	0.0000	inf	0.0728	0.0003	0.6524	0.0020	0.0011	0.0181	0.1000	0.0000	0.7468	0.0025	0.0061	0.0000	0.0041	0.0047	0.0000	0.0024	0.0619	0.0000	248.2771	0.0000	0.0061	-0.0001	28.2678	0.9856	13.1235	2.8295	0.0086	0.0000	0.0085	0.0001	0.0000	0.0000	0.0085	0.0000	0.0085	0.0001	0.0001	0.0000	0.0000	0.0000	0.0000	0.0001	0.0001	0.0000	0.1175	0.1044	0.0131	0.0326	0.0309	0.0017	0.0849	0.0735	0.0114	0.0839	0.0458	0.0382	0.0115	0.0104	0.0011	0.0724	0.0353	0.0371	65.4835	0.1611	inf	0.5283	0.2674	inf	144.6107	0.0011	inf	0.0011	0.0020	0.0000	0.0038	0.0041	0.0000	0.0007	0.0014	0.0000
4	51	0.5916	8	1	2	0	0	0	0	0	0	N	Y	N	N	N	N	N	N	N	N	N	N	0.1191	5.8291	0.0001	0.7469	0.6928	0.0194	0.1101	86.1072	0.0001	0.0256	0.0285	0.0000	0.0025	0.0026	0.0000	0.0414	0.0478	0.0000	0.2147	0.0049	0.1104	0.0033	0.0038	0.0014	0.3760	0.0006	0.1125	0.0001	14.5512	-0.0134	0.0023	28.2678	13.3057	13.1235	8.6321	0.0468	0.0468	0.0000	0.0018	0.0018	0.0000	0.0450	0.0450	0.0000	0.0074	0.0005	0.0069	0.0005	0.0005	0.0000	0.0069	0.0000	0.0069	1.8300	1.6404	0.1896	0.7445	0.7009	0.0436	1.0855	0.9395	0.1460	0.4553	0.2753	0.1800	0.1522	0.1368	0.0154	0.3031	0.1386	0.1646	1.5767	16.5406	0.0004	0.7563	0.7547	0.0194	1.8227	15119.7335	0.0003	0.0162	0.0017	0.0384	0.0033	0.0035	0.0014	0.0227	0.0000	0.0419
4	52	0.4563	10	0	2	0	1	0	0	0	0	N	Y	N	N	N	N	N	N	N	N	N	N	0.0044	0.1300	0.0045	0.0075	0.1459	0.0015	0.0000	0.0000	0.0000	0.0000	0.0000	0.0000	0.0000	0.0000	0.0001	0.0000	0.0000	0.0000	0.0017	0.0001	0.0020	0.0030	0.0001	0.0329	0.0004	0.0001	0.0003	0.1516	25.9068	-0.0000	0.0000	28.2678	2.1073	13.1235	0.0711	0.0000	0.0000	0.0000	0.0000	0.0000	0.0000	0.0000	0.0000	0.0000	0.0000	0.0000	0.0000	0.0000	0.0000	0.0000	0.0000	0.0000	0.0000	0.2633	0.2351	0.0281	0.0883	0.0832	0.0051	0.1749	0.1519	0.0230	0.0451	0.0268	0.0183	0.0113	0.0102	0.0011	0.0338	0.0166	0.0172	0.0087	0.1353	0.0045	0.0075	0.1459	0.0018	0.0000	0.0000	0.0000	0.0009	0.0001	0.0020	0.0030	0.0001	0.0285	0.0001	0.0000	0.0003
4	53	0.3940	9	0	1	0	1	0	0	0	0	N	N	N	N	N	N	N	N	N	N	N	N	0.0135	0.1568	0.0654	0.0162	0.2203	0.0179	0.0457	0.0015	0.4965	0.0092	0.0007	0.0807	0.0275	0.0021	0.4116	0.0000	0.0000	0.0002	0.6799	0.0048	1.2338	1.6941	0.0097	22.9357	0.0006	0.0003	0.0004	12.7682	75.0059	0.0144	0.0131	28.2678	21.8329	13.1235	8.0592	0.0225	0.0016	0.0208	0.0224	0.0016	0.0208	0.0000	0.0000	0.0000	0.0366	0.0005	0.0361	0.0365	0.0005	0.0360	0.0001	0.0000	0.0001	2.4380	2.1800	0.2580	0.8157	0.7652	0.0505	1.6223	1.4148	0.2075	0.5061	0.2814	0.2248	0.0840	0.0720	0.0120	0.4221	0.2094	0.2127	0.1274	0.4372	0.5023	0.0632	0.3186	0.1375	0.1277	0.3675	0.4965	0.0723	0.0017	0.1606	0.4346	0.0067	2.9923	0.0002	0.0000	0.0004
4	54	0.7041	10	0	2	0	1	0	0	0	0	N	Y	N	N	N	N	N	N	N	N	N	N	0.0000	0.0000	0.0000	0.0000	0.0000	0.0000	0.0000	0.0000	0.0000	0.0000	0.0000	0.0000	0.0000	0.0000	0.0000	0.0000	0.0000	0.0000	0.0000	0.0000	28.2678	0.0000	13.1235	0.0000	0.0000	0.0000	0.0000	0.0000	0.0000	0.0000	0.0000	0.0000	0.0000	0.0000	0.0000	0.0000	0.0000	0.0000	0.0000	0.0000	0.0000	0.0000	0.0000	0.0000	0.0000	0.0000	0.0000	0.0000	0.0000	0.0000	0.0000	0.0000	0.0000	0.0000	0.0000	0.0000	0.0000	0.0000	0.0000	0.0000	0.0000	0.0000	0.0000	0.0000	0.0000	0.0000	0.0000	0.0000	0.0000	0.0000	0.0000	0.0000	0.0000	0.0000	0.0000	0.0000	0.0000	0.0000											
4	55	0.3940	9	0	1	0	1	0	0	0	0	N	N	N	N	N	N	N	N	N	N	N	N	0.0052	0.0016	0.0144	0.0088	0.0084	0.1357	0.0116	0.0137	0.0000	0.0004	0.0004	0.0000	0.0009	0.0009	0.0000	0.0000	0.0000	0.0000	0.0706	0.2485	0.0004	0.0981	0.1098	0.0002	0.0006	0.0006	0.0004	0.0016	0.0163	-0.0000	-0.0002	28.2678	1.2825	13.1235	0.1503	0.0001	0.0001	0.0000	0.0001	0.0001	0.0000	0.0000	0.0000	0.0000	0.0003	0.0003	0.0000	0.0003	0.0003	0.0000	0.0000	0.0000	0.0000	0.2010	0.1810	0.0200	0.0843	0.0791	0.0052	0.1167	0.1018	0.0148	0.0353	0.0219	0.0134	0.0096	0.0087	0.0009	0.0257	0.0132	0.0125	0.0376	0.0263	0.0144	0.0245	0.0236	0.1357	0.0322	2.3868	0.0000	0.0098	0.0155	0.0004	0.0353	0.0390	0.0002	0.0002	0.0000	0.0004
4	56	0.3530	8	0	1	0	1	0	0	0	0	N	N	N	N	N	N	N	N	N	N	N	N	5.9891	3.3659	51.7752	6.2598	6.6547	10.8474	3.7684	0.2830	11.2593	0.0399	0.0346	0.0832	0.0953	0.0793	0.2803	0.0021	0.0023	0.0009	0.0067	0.0103	0.0016	0.0152	0.0119	0.0258	0.0006	0.0081	0.0001	0.2970	0.3704	-0.0050	-0.0004	28.2678	14.8542	13.1235	6.8183	0.0866	0.0668	0.0198	0.0839	0.0642	0.0197	0.0027	0.0026	0.0002	0.0012	0.0009	0.0003	0.0011	0.0008	0.0003	0.0001	0.0001	0.0000	2.1704	1.9321	0.2384	0.8805	0.8102	0.0702	1.2900	1.1218	0.1681	0.5025	0.2980	0.2045	0.1180	0.1053	0.0127	0.3845	0.1927	0.1919	16.4907	11.6069	51.7752	9.8725	10.1112	11.3377	10.5029	7.1316	11.2593	0.0024	0.0030	0.0016	0.0097	0.0078	0.0247	0.0002	0.0003	0.0001
4	57	0.2780	7	0	1	0	1	0	0	0	0	N	N	N	N	N	N	N	N	N	N	N	N	0.2916	0.3879	0.0315	0.0874	0.0874	16.5307	0.3286	0.6530	0.0340	0.2747	0.2983	0.0815	0.1190	0.1232	0.0581	0.3463	0.3847	0.0870	0.9419	0.7689	2.5882	1.3606	1.4093	0.0035	1.0540	0.5892	2.5559	0.0334	4.1364	-0.3188	0.0382	28.2678	33.5853	13.1235	9.3450	1.2511	1.2107	0.0404	0.1707	0.1653	0.0054	1.0804	1.0454	0.0350	0.2161	0.0421	0.1740	0.0384	0.0384	0.0000	0.1776	0.0037	0.1739	4.5548	4.0586	0.4962	1.4347	1.3412	0.0935	3.1201	2.7174	0.4027	0.9179	0.5003	0.4176	0.1260	0.1152	0.0108	0.7919	0.3851	0.4068	1.1670	3.5483	0.1956	0.3904	0.3700	16.5307	1.5437	40.1450	0.2033	0.2354	0.0841	0.4167	0.3048	0.3331	0.0035	0.2243	0.0096	0.4276
4	58	0.2573	6	0	1	0	0	0	0	0	0	N	N	N	N	N	N	N	N	N	N	N	N	1.1561	0.1822	81.3077	0.3121	0.3101	12.5794	2.9277	0.1319	103.5115	0.4932	0.0987	3.6156	0.1973	0.1948	0.2360	0.6179	0.0548	4.2533	0.4266	0.5416	0.0445	0.6321	0.6283	0.0188	0.2110	0.4152	0.0411	4.6287	0.4769	0.6236	-0.0045	28.2678	15.2419	13.1235	2.5705	1.1652	0.2070	0.9582	0.1381	0.1282	0.0099	1.0271	0.0788	0.9483	0.0146	0.0099	0.0047	0.0089	0.0089	0.0001	0.0057	0.0010	0.0046	2.3625	2.0974	0.2650	0.7002	0.6581	0.0421	1.6622	1.4393	0.2230	0.4688	0.2487	0.2201	0.0771	0.0735	0.0036	0.3917	0.1752	0.2165	15.8336	2.4821	168.7854	1.7042	1.6164	12.5794	42.6353	9.3238	198.1496	0.0312	0.0398	0.0214	0.1158	0.1205	0.0188	0.0145	0.0059	0.0215
4	59	0.7041	10	0	1	0	1	0	0	0	0	N	N	N	N	N	N	N	N	N	N	N	N	6.2259	3.3516	1.2493	1.3276	inf	inf	0.8009	0.9860	0.0000	0.0930	0.1041	0.0000	1.5455	2.1255	0.0000	0.1286	0.2942	0.0000	0.0744	0.0784	0.0000	0.0000	0.0000	0.0000	0.0000	0.0108	-0.0000	-0.0000	28.2678	0.0000	13.1235	0.0000	0.0000	0.0000	0.0000	0.0000	0.0000	0.0000	0.0000	0.0000	0.0000	0.0000	0.0000	0.0000	0.0000	0.0000	0.0000	0.0000	0.0000	0.0000	0.0000	0.0000	0.0000	0.0000	0.0000	0.0000	0.0000	0.0000	0.0000	0.0000	0.0000	0.0000	0.0000	0.0000	0.0000	0.0000	0.0000	0.0000	64.8524	55.8492	0.0000	3.0816	3.2707	0.0000	inf	inf	0.0000	0.0124	0.0177	0.0000	0.0302	0.0318	0.0000	0.0000	0.0000	0.0000			
4	60	0.6267	9	0	1	0	1	0	0	0	0	N	N	N	N	N	N	N	N	N	N	N	N	24.8022	6.7474	0.0524	1.0822	0.8966	0.0301	7519.1465	1055.5752	0.0561	1.3776	1.5342	0.0000	0.0760	0.0805	0.0001	2.1941	2.5238	0.0000	0.0555	0.2274	0.0007	0.0702	0.0898	0.0049	0.0003	0.0024	0.0001	0.0000	0.0341	-0.8394	-0.0025	28.2678	19.3360	13.1235	7.9957	2.9233	2.9233	0.0000	0.0621	0.0621	0.0000	2.8612	2.8612	0.0000	0.0042	0.0041	0.0001	0.0042	0.0041	0.0001	0.0000	0.0000	0.0000	2.1220	1.9054	0.2166	0.8179	0.7717	0.0463	1.3040	1.1337	0.1704	0.4728	0.2816	0.1911	0.1425	0.1192	0.0233	0.3303	0.1624	0.1679	154.2369	105.8120	0.0524	2.5852	2.3569	0.0301	20446.3680	39249.9748	0.0561	0.0089	0.0145	0.0007	0.0294	0.0342	0.0049	0.0001	0.0001	0.0001
4	61	0.3166	7	0	2	1	0	0	0	0	0	N	Y	N	N	N	N	N	N	N	N	N	N	0.1211	0.0607	0.2753	0.7604	0.0309	11.9933	0.1197	20.0013	0.2515	0.4386	0.0159	3.8292	0.2587	0.0081	4.6293	0.5102	0.0192	3.6998	3.6205	0.2616	13.9106	0.3402	0.2631	0.3860	4.2618	0.0010	14.7135	30.0766	409.5316	0.4892	0.7303	28.2678	14.2360	13.1235	11.9336	0.7186	0.0231	0.6955	0.1206	0.0036	0.1170	0.5980	0.0195	0.5785	1.9780	0.0048	1.9731	0.0059	0.0048	0.0011	1.9721	0.0000	1.9721	1.6384	1.4568	0.1816	0.4663	0.4410	0.0253	1.1721	1.0158	0.1563	0.5463	0.3003	0.2460	0.0836	0.0765	0.0071	0.4627	0.2238	0.2389	0.1211	0.9894	0.4774	3.6582	0.1290	30.0763	0.1197	2123.2392	0.4482	3.6205	0.0160	8.0202	0.0707	0.0630	0.1539	4.2618	0.0000	8.2545
4	62	0.2444	7	1	1	1	0	0	0	0	0	N	N	N	N	N	N	N	N	N	N	N	N	0.1859	0.1372	0.1787	0.7927	3.3148	0.0088	0.0101	0.0026	2.0675	0.2569	0.2788	0.0846	1.0321	1.0783	0.1872	0.0162	0.0077	0.0721	1.3820	2.0319	0.4736	1.3020	0.3253	21.2710	1.6153	2.9298	0.0349	0.0386	0.0337	-0.2020	-0.6095	28.2678	28.8660	13.1235	13.2209	0.8084	0.7783	0.0301	0.7694	0.7621	0.0072	0.0390	0.0161	0.0228	1.0232	0.9898	0.0334	0.0340	0.0079	0.0261	0.9891	0.9819	0.0072	3.1467	2.7913	0.3554	0.7454	0.7068	0.0386	2.4012	2.0845	0.3167	0.8873	0.4871	0.4002	0.1213	0.1120	0.0093	0.7660	0.3752	0.3908	0.2228	0.1372	1.0149	3.6788	15.3162	0.0669	0.0126	0.0030	3.9031	1.1531	2.0319	0.0834	0.2806	0.0704	2.7976	1.2913	2.6173	0.0185
4	63	0.2417	6	1	2	0	0	0	0	0	0	N	Y	N	N	N	N	N	N	N	N	N	N	0.0010	0.0005	0.0020	0.0045	0.0023	0.1217	0.0009	0.1267	0.0019	0.0029	0.0001	0.0229	0.0005	0.0003	0.0050	0.0033	0.0001	0.0243	2.9741	0.2031	11.7496	0.1180	0.1162	0.0409	3.6923	0.0006	12.7765	29.4626	399.9543	0.0012	0.4058	28.2678	5.0237	13.1235	8.0282	0.0017	0.0001	0.0017	0.0000	0.0000	0.0000	0.0017	0.0000	0.0016	1.0993	0.0027	1.0966	0.0029	0.0027	0.0001	1.0964	0.0000	1.0964	0.5953	0.5227	0.0726	0.0925	0.0874	0.0051	0.5027	0.4353	0.0675	0.3696	0.2023	0.1673	0.0727	0.0685	0.0042	0.2970	0.1338	0.1632	0.0010	0.0080	0.0035	0.0133	0.0067	0.1471	0.0009	21.5475	0.0036	2.9741	0.0136	6.5528	0.0397	0.0400	0.0339	3.6923	0.0000	6.7203
4	64	0.1787	5	1	2	0	0	0	0	0	0	N	Y	N	N	N	N	N	N	N	N	N	N	0.9451	0.0427	38.3239	0.0328	0.0191	82.8753	1.8412	5.3634	46.2651	0.5160	0.0266	4.0866	0.0339	0.0203	0.2247	0.6216	0.0280	4.5124	0.5459	0.6216	0.1066	1.0335	1.0639	0.0027	0.3376	0.0052	0.0975	21.0836	0.6294	0.7518	-0.0102	28.2678	17.5893	13.1235	19.0270	1.1262	0.0510	1.0752	0.0133	0.0074	0.0059	1.1129	0.0436	1.0694	0.0421	0.0258	0.0163	0.0258	0.0258	0.0000	0.0163	0.0001	0.0162	2.1828	1.9197	0.2631	0.3924	0.3662	0.0261	1.7904	1.5535	0.2370	0.9152	0.4854	0.4299	0.1239	0.1152	0.0086	0.7914	0.3701	0.4212	11.2227	0.4993	108.0848	0.1630	0.0909	82.8753	30.1722	142.5327	117.1155	0.0460	0.0532	0.0378	0.2080	0.2235	0.0027	0.0206	0.0002	0.0385
4	65	0.1724	4	0	2	0	0	0	0	0	0	N	Y	N	N	N	N	N	N	N	N	N	N	0.0912	0.0526	2.6186	0.1416	0.1045	24.9632	0.0843	0.0296	2.2560	0.0606	0.0431	0.1832	0.1190	0.0851	1.0384	0.0457	0.0309	0.1306	0.6649	0.8189	0.0700	0.8402	0.8140	0.0416	0.5420	1.0419	0.0579	0.6094	0.2072	0.0014	-0.0060	28.2678	1.7566	13.1235	2.8742	0.0154	0.0096	0.0058	0.0062	0.0043	0.0019	0.0092	0.0053	0.0039	0.0132	0.0109	0.0023	0.0079	0.0079	0.0000	0.0052	0.0030	0.0022	0.2543	0.2225	0.0319	0.0519	0.0501	0.0018	0.2024	0.1724	0.0300	0.1935	0.1151	0.0783	0.0505	0.0492	0.0013	0.1430	0.0659	0.0771	0.8914	0.4549	6.3523	0.7572	0.5309	30.2926	1.2497	0.6760	4.5440	0.0680	0.0947	0.0288	0.1571	0.1603	0.0343	0.0366	0.0457	0.0287
4	66	0.3166	7	0	2	0	0	0	0	0	0	N	Y	N	N	N	N	N	N	N	N	N	N	0.2666	0.1721	1.5048	0.0319	0.0304	1.4831	0.3058	0.1833	0.0000	0.4272	0.4798	0.0032	0.0194	0.0192	0.0230	0.5861	0.6751	0.0000	1.6025	2.7876	0.0021	0.6089	0.6321	0.0155	1.9163	3.6831	0.0017	0.0008	0.0006	-0.2890	-0.6205	28.2678	21.1811	13.1235	10.1862	1.0093	1.0085	0.0008	0.0129	0.0120	0.0008	0.9964	0.9964	0.0000	0.9886	0.9879	0.0006	0.0109	0.0108	0.0001	0.9776	0.9772	0.0005	2.3625	2.1018	0.2608	0.6624	0.6258	0.0365	1.7002	1.4759	0.2242	0.6449	0.3544	0.2905	0.0975	0.0891	0.0084	0.5474	0.2653	0.2821	0.2787	0.1721	1.5048	0.1733	0.1585	1.4831	0.3281	0.1833	0.0000	1.5329	2.7876	0.0021	0.1120	0.1211	0.0155	1.7861	3.6831	0.0017
4	67	0.3028	6	0	2	0	0	0	0	0	0	N	Y	N	N	N	N	N	N	N	N	N	N	0.0599	0.0781	0.0106	1.5923	1.4327	5.5848	0.0658	0.0528	0.0114	0.0411	0.0452	0.0077	0.0072	0.0071	0.0105	0.0536	0.0606	0.0073	0.6869	0.5791	0.7305	0.0045	0.0049	0.0019	0.8158	1.1465	0.6415	0.0207	2.0095	-0.0099	0.0005	28.2678	7.4253	13.1235	0.9851	0.0371	0.0363	0.0008	0.0018	0.0016	0.0001	0.0353	0.0347	0.0006	0.0134	0.0045	0.0089	0.0001	0.0001	0.0000	0.0133	0.0044	0.0089	0.9007	0.8031	0.0975	0.2426	0.2304	0.0121	0.6581	0.5727	0.0854	0.1813	0.0988	0.0825	0.0256	0.0233	0.0023	0.1557	0.0755	0.0802	0.5569	1.0036	0.0712	1.7946	1.6630	5.5848	0.6284	1.0509	0.0657	0.0739	0.0450	0.1084	0.0040	0.0042	0.0019	0.0854	0.0576	0.1115
4	68	0.3254	7	0	1	1	0	0	0	0	0	N	N	N	N	N	N	N	N	N	N	N	N	0.3472	0.2610	0.0314	0.0241	0.0252	0.0088	0.5949	0.3738	0.0479	0.4967	0.5601	0.0035	0.1016	0.1103	0.0015	0.7098	0.8172	0.0042	1.4304	2.1460	0.1129	4.2226	4.3729	0.1677	1.1931	2.1864	0.0881	0.0008	0.0131	-0.3427	-0.4865	28.2678	15.0354	13.1235	6.2061	1.1971	1.1961	0.0010	0.0858	0.0857	0.0001	1.1113	1.1104	0.0009	0.7906	0.7804	0.0102	0.6063	0.6052	0.0011	0.1843	0.1751	0.0091	2.4100	2.1356	0.2744	0.8444	0.7768	0.0676	1.5656	1.3588	0.2068	0.6280	0.3636	0.2644	0.1556	0.1433	0.0123	0.4724	0.2203	0.2521	0.3946	0.2610	0.0915	0.0261	0.0261	0.0166	1.8196	1.0280	0.1163	1.2589	2.1460	0.0387	3.8974	4.2231	0.0893	0.3901	0.7949	0.0363
4	69	0.2573	6	0	1	0	0	0	0	0	0	N	N	N	N	N	N	N	N	N	N	N	N	0.3483	0.2530	0.5031	6.5243	10.2154	0.5491	0.3298	0.1576	0.5444	0.6834	0.4586	2.4533	0.5129	0.5339	0.1745	0.7404	0.4313	2.7933	1.9622	1.8125	4.8763	0.0786	0.0523	0.3178	2.2450	2.7375	5.1307	0.6795	1.1857	0.2940	-0.1552	28.2678	27.6811	13.1235	13.1592	2.5034	1.4906	1.0129	0.4704	0.4611	0.0094	2.0330	1.0295	1.0035	1.8073	0.8268	0.9804	0.0036	0.0026	0.0011	1.8036	0.8243	0.9793	3.6631	3.2503	0.4129	0.9172	0.8636	0.0536	2.7460	2.3867	0.3593	0.9210	0.4851	0.4359	0.1176	0.1100	0.0077	0.8034	0.3752	0.4283	0.3483	0.2691	1.0908	16.5647	22.8892	1.2418	0.3298	0.1963	1.2215	1.9622	1.7044	2.2491	0.0310	0.0233	0.1405	2.2450	2.1972	2.2868
4	70	0.2225	5	0	1	0	0	0	0	0	0	N	N	N	N	N	N	N	N	N	N	N	N	2.6562	2.7863	4.2502	82.9233	79.9440	91.2794	0.2284	0.0636	3.6030	0.4851	0.5295	0.1468	1.7662	1.8618	0.3311	0.0521	0.0419	0.1177	0.1826	0.1900	0.0345	0.0213	0.0233	0.0036	0.2280	0.6590	0.0327	0.0364	1.1101	-0.3429	-0.0010	28.2678	19.6565	13.1235	4.0504	1.3605	1.3128	0.0477	1.2514	1.2367	0.0147	0.1091	0.0761	0.0331	0.0095	0.0045	0.0050	0.0013	0.0013	0.0000	0.0082	0.0032	0.0050	2.8047	2.4794	0.3252	0.7085	0.6642	0.0443	2.0962	1.8152	0.2810	0.6470	0.3501	0.2970	0.1046	0.0981	0.0065	0.5424	0.2520	0.2905	32.9600	41.0728	8.6999	141.8444	142.8347	91.2794	3.4355	3.2644	6.8587	0.0147	0.0129	0.0169	0.0125	0.0130	0.0036	0.0152	0.0128	0.0172
4	71	0.3060	7	1	2	0	0	0	0	0	0	N	Y	N	N	N	N	N	N	N	N	N	N	2406.0387	1249.9374	3.8249	10.3523	11.0739	0.0003	1022045.6876	inf	161.6235	0.4971	0.5577	0.0002	0.0151	0.0160	0.0000	0.6862	0.7886	0.0002	0.0002	0.0004	0.0000	0.0015	0.0014	0.0016	0.0000	0.0000	0.0000	0.0000	0.1162	-0.2890	-0.0001	28.2678	17.5448	13.1235	6.0013	1.0068	1.0067	0.0000	0.0086	0.0086	0.0000	0.9982	0.9981	0.0000	0.0001	0.0001	0.0000	0.0001	0.0001	0.0000	0.0000	0.0000	0.0000	2.0253	1.8051	0.2202	0.5708	0.5395	0.0313	1.4545	1.2657	0.1889	0.4901	0.2683	0.2218	0.0692	0.0629	0.0063	0.4209	0.2054	0.2155	2406.0387	1649.1442	3.8249	10.3523	11.0739	0.0003	1022045.6876	inf	161.6235	0.0002	0.0003	0.0000	0.0015	0.0014	0.0016	0.0000	0.0000	0.0000
4	72	0.3744	10	1	2	1	0	0	0	0	0	N	Y	N	N	N	N	N	N	N	N	N	N	12.9692	7.8935	0.0000	25.4898	23.9050	0.0000	21318.3409	inf	0.0000	0.0283	0.0321	0.0000	0.0742	0.0796	0.0000	0.0048	0.0056	0.0000	0.0022	0.0041	0.0000	0.0029	0.0033	0.0000	0.0000	0.0000	0.0000	0.0000	0.0001	-0.0019	-0.0001	28.2678	1.8980	13.1235	2.9698	0.0066	0.0066	0.0000	0.0059	0.0059	0.0000	0.0008	0.0008	0.0000	0.0001	0.0001	0.0000	0.0001	0.0001	0.0000	0.0000	0.0000	0.0000	0.2346	0.2073	0.0274	0.0794	0.0741	0.0053	0.1552	0.1332	0.0220	0.1342	0.0904	0.0438	0.0474	0.0431	0.0044	0.0868	0.0473	0.0394	27.5042	20.9797	0.0000	25.4898	24.8127	0.0000	21318.3409	inf	0.0000	0.0010	0.0015	0.0000	0.0029	0.0032	0.0000	0.0000	0.0000	0.0000
4	73	0.3548	9	1	1	1	0	0	0	0	0	N	N	N	N	N	N	N	N	N	N	N	N	2.2175	2.1627	0.3858	2.1472	2.1688	0.9431	1.9774	0.1479	0.3389	0.0086	0.0093	0.0006	0.0024	0.0025	0.0009	0.0131	0.0149	0.0005	0.0039	0.0043	0.0015	0.0011	0.0011	0.0009	0.0066	0.1004	0.0015	0.0056	0.5532	-0.0020	-0.0001	28.2678	3.5853	13.1235	4.3819	0.0071	0.0071	0.0000	0.0009	0.0009	0.0000	0.0063	0.0062	0.0000	0.0003	0.0002	0.0001	0.0001	0.0001	0.0000	0.0003	0.0001	0.0001	0.8306	0.7621	0.0684	0.3540	0.3427	0.0114	0.4765	0.4195	0.0571	0.2010	0.1271	0.0740	0.0501	0.0470	0.0031	0.1509	0.0801	0.0708	5.5007	5.8525	0.3858	2.1472	2.1688	0.9431	7.7268	8.0404	0.3389	0.0016	0.0016	0.0015	0.0011	0.0011	0.0009	0.0017	0.0018	0.0015
4	74	0.3234	8	1	1	1	0	0	0	0	0	N	N	N	N	N	N	N	N	N	N	N	N	37.7673	33.4790	29.0308	1.7105	1.6562	0.4996	43.5036	4.8476	46.6289	0.4921	0.5325	0.1516	0.0199	0.0209	0.0029	0.7182	0.7975	0.1834	0.0130	0.0159	0.0052	0.0116	0.0126	0.0057	0.0165	0.1645	0.0039	0.0337	0.6899	-0.1921	-0.0004	28.2678	12.3589	13.1235	7.3592	0.7550	0.7304	0.0246	0.0099	0.0098	0.0001	0.7451	0.7206	0.0246	0.0018	0.0011	0.0007	0.0007	0.0006	0.0000	0.0012	0.0004	0.0007	1.5341	1.3716	0.1626	0.4967	0.4681	0.0286	1.0375	0.9035	0.1340	0.4544	0.2665	0.1879	0.0841	0.0784	0.0057	0.3703	0.1881	0.1822	121.8786	130.7037	38.0268	2.4847	2.5617	0.4996	228.9388	336.9230	46.6289	0.0040	0.0041	0.0040	0.0080	0.0082	0.0057	0.0031	0.0024	0.0039
4	75	0.3060	7	1	1	1	0	0	0	0	0	N	N	N	N	N	N	N	N	N	N	N	N	197.4418	137.0526	0.4838	4.6251	4.2316	1.6560	204.7426	11.5484	0.5055	0.9323	1.0444	0.0006	0.0138	0.0146	0.0003	1.3250	1.5230	0.0006	0.0047	0.0076	0.0012	0.0030	0.0035	0.0002	0.0065	0.1319	0.0012	0.0001	0.4081	-0.3336	-0.0001	28.2678	10.2127	13.1235	1.0234	1.1623	1.1622	0.0001	0.0052	0.0052	0.0000	1.1571	1.1570	0.0001	0.0004	0.0003	0.0001	0.0001	0.0001	0.0000	0.0003	0.0002	0.0001	1.2466	1.1127	0.1338	0.3733	0.3531	0.0202	0.8733	0.7597	0.1136	0.2404	0.1315	0.1089	0.0342	0.0311	0.0031	0.2062	0.1004	0.1058	509.6529	439.7580	0.4838	4.6251	4.4686	1.6560	809.8083	726.2651	0.5055	0.0018	0.0024	0.0012	0.0030	0.0033	0.0002	0.0016	0.0021	0.0012
4	76	0.3028	6	1	1	0	0	0	0	0	0	N	N	N	N	N	N	N	N	N	N	N	N	7.1735	8.4357	0.2229	75.7181	73.3957	33.2862	1.2189	0.1706	0.0032	0.0022	0.0024	0.0001	0.0048	0.0050	0.0005	0.0011	0.0013	0.0000	0.0003	0.0003	0.0003	0.0001	0.0001	0.0000	0.0009	0.0075	0.0003	0.0032	1.0220	-0.0003	-0.0000	28.2678	3.7027	13.1235	0.0091	0.0010	0.0010	0.0000	0.0007	0.0007	0.0000	0.0004	0.0004	0.0000	0.0000	0.0000	0.0000	0.0000	0.0000	0.0000	0.0000	0.0000	0.0000	0.4854	0.4346	0.0508	0.1383	0.1322	0.0061	0.3471	0.3025	0.0446	0.0809	0.0440	0.0368	0.0114	0.0104	0.0010	0.0694	0.0336	0.0358	8.0529	9.8745	0.2229	75.7181	73.3957	33.2862	3.6759	4.2773	0.0032	0.0003	0.0002	0.0003	0.0001	0.0001	0.0000	0.0003	0.0003	0.0003
4	77	0.2858	5	0	1	0	0	0	0	0	0	N	N	N	N	N	N	N	N	N	N	N	N	2.0550	0.8443	162.2365	1.6403	1.6439	0.0021	50.2813	0.0284	463.4026	0.0099	0.0091	0.0174	0.0210	0.0224	0.0000	0.0029	0.0000	0.0229	0.0048	0.0108	0.0001	0.0128	0.0136	0.0026	0.0001	0.0006	0.0000	0.2176	0.0247	-0.0006	-0.0003	28.2678	3.8334	13.1235	6.1787	0.0059	0.0049	0.0011	0.0049	0.0049	0.0000	0.0011	0.0000	0.0011	0.0005	0.0005	0.0000	0.0005	0.0005	0.0000	0.0000	0.0000	0.0000	0.5963	0.5353	0.0610	0.2318	0.2172	0.0147	0.3645	0.3182	0.0463	0.2875	0.1679	0.1196	0.0621	0.0594	0.0027	0.2254	0.1085	0.1169	5.3678	2.9385	162.2365	2.4734	2.5615	0.0021	106.8372	4.7994	463.4026	0.0019	0.0031	0.0001	0.0085	0.0087	0.0026	0.0000	0.0000	0.0000
4	78	0.2467	4	0	1	0	0	0	0	0	0	N	N	N	N	N	N	N	N	N	N	N	N	0.9618	0.2348	1031.6317	0.5651	0.5809	0.0064	185.8829	0.3586	3302.4915	0.6414	0.2115	4.2820	0.7594	0.7953	0.0006	0.6027	0.0020	4.7900	0.6669	0.9008	0.0042	1.3437	1.3692	0.0860	0.0032	0.0055	0.0015	2.3915	0.0225	0.5911	-0.0275	28.2678	16.9094	13.1235	5.8161	1.4141	0.4170	0.9971	0.4141	0.4141	0.0000	1.0000	0.0029	0.9971	0.0454	0.0444	0.0010	0.0449	0.0443	0.0006	0.0004	0.0001	0.0004	2.2046	1.9718	0.2329	0.5453	0.5206	0.0247	1.6593	1.4511	0.2082	0.6650	0.3852	0.2798	0.1511	0.1404	0.0107	0.5138	0.2448	0.2691	9.4010	1.8358	1200.9939	2.5543	2.5201	0.0097	698.1449	9.1116	3302.4915	0.0682	0.1152	0.0036	0.2973	0.3156	0.0568	0.0009	0.0002	0.0015
4	79	0.1724	4	0	2	0	0	0	0	0	0	N	Y	N	N	N	N	N	N	N	N	N	N	0.0321	2.3035	0.0766	0.0013	0.1211	0.0001	0.0963	150.2288	1.0998	0.0199	0.0135	0.0667	0.0020	0.0019	0.0035	0.0228	0.0156	0.0708	0.6185	0.0058	0.8708	1.5242	0.0155	28.2297	0.2369	0.0001	0.0644	0.6774	53.1700	0.0064	0.0204	28.2678	23.9173	13.1235	17.8091	0.0545	0.0325	0.0220	0.0008	0.0007	0.0001	0.0537	0.0318	0.0219	0.0578	0.0011	0.0568	0.0437	0.0011	0.0427	0.0141	0.0000	0.0141	2.7445	2.4146	0.3299	0.3913	0.3711	0.0202	2.3532	2.0436	0.3096	1.0099	0.5375	0.4724	0.1201	0.1103	0.0097	0.8899	0.4272	0.4627	0.3466	6.7708	0.5550	0.0054	0.1946	0.0008	1.4410	46912.8045	2.3250	0.0573	0.0020	0.1202	0.3644	0.0097	4.3893	0.0158	0.0000	0.0305
4	80	0.1563	3	0	2	0	0	0	0	0	0	N	Y	N	N	N	N	N	N	N	N	N	N	14.5728	6.4000	4.3514	46.6421	50.9432	0.1448	0.2732	0.0023	7.0753	1.3742	1.5612	0.0314	10.7784	11.3411	0.0060	0.0045	0.0002	0.0328	0.0943	0.2439	0.0072	0.2311	0.2226	0.0418	0.0166	0.0982	0.0046	0.0028	0.2561	-0.2827	-0.0013	28.2678	6.1279	13.1235	3.6878	0.9943	0.9916	0.0028	0.9915	0.9914	0.0000	0.0029	0.0001	0.0027	0.0031	0.0024	0.0006	0.0023	0.0022	0.0001	0.0008	0.0002	0.0005	0.7235	0.6351	0.0884	0.0920	0.0874	0.0046	0.6316	0.5477	0.0839	0.2845	0.1586	0.1259	0.0414	0.0393	0.0022	0.2431	0.1194	0.1237	128.1273	101.9429	6.3536	195.3461	201.4765	0.1736	1.4409	0.1210	7.4121	0.0107	0.0153	0.0049	0.0552	0.0563	0.0348	0.0032	0.0018	0.0044
4	81	0.2444	7	1	1	1	0	0	0	0	0	N	N	N	N	N	N	N	N	N	N	N	N	29.5077	4.6930	23850.7348	0.0214	0.0070	30.5197	17309.8155	1990.9423	46357.4828	1.3314	1.1190	2.9978	0.0055	0.0019	0.0719	1.7451	1.4999	3.3559	0.0451	0.2385	0.0001	0.2584	0.2712	0.0024	0.0001	0.0008	0.0001	0.3414	0.0069	-0.1311	-0.0044	28.2678	27.2690	13.1235	12.3406	4.0166	2.9944	1.0222	0.0040	0.0013	0.0027	4.0126	2.9931	1.0195	0.0071	0.0070	0.0000	0.0070	0.0070	0.0000	0.0000	0.0000	0.0000	3.0168	2.6759	0.3410	0.7175	0.6803	0.0372	2.2993	1.9956	0.3038	0.8493	0.4667	0.3826	0.1173	0.1083	0.0089	0.7321	0.3584	0.3737	160.1608	74.4801	23850.7348	0.0923	0.0294	30.5197	44011.0129	272137.8179	46357.4828	0.0083	0.0150	0.0001	0.0600	0.0647	0.0024	0.0000	0.0000	0.0001
4	82	0.2291	6	0	1	0	0	0	0	0	0	N	N	N	N	N	N	N	N	N	N	N	N	3.9979	1.4971	4225.5664	2.0297	1.8491	32.2953	4.5615	1.1188	4732.4934	1.6116	0.9118	7.6284	0.0152	0.0156	0.0078	2.2657	1.3143	8.7185	0.4031	0.6090	0.0018	0.0075	0.0084	0.0002	0.4967	1.1747	0.0018	0.9731	0.0304	0.4079	-0.0038	28.2678	9.0798	13.1235	0.9519	1.9799	1.0035	0.9765	0.0054	0.0053	0.0001	1.9745	0.9982	0.9763	0.0063	0.0061	0.0002	0.0001	0.0001	0.0000	0.0061	0.0059	0.0002	1.2286	1.1006	0.1280	0.3571	0.3411	0.0160	0.8715	0.7595	0.1120	0.2226	0.1198	0.1028	0.0262	0.0238	0.0024	0.1964	0.0960	0.1004	57.1180	17.9257	4225.5664	2.7243	2.5436	32.2953	72.5519	21.2143	4732.4934	0.0282	0.0509	0.0018	0.0056	0.0061	0.0002	0.0312	0.0620	0.0018
4	83	0.1563	3	0	2	0	0	0	0	0	0	N	Y	N	N	N	N	N	N	N	N	N	N	578.7592	235.9207	27862.4127	3.8653	2.5072	454.0604	190753.1196	171696.9099	56333.3977	0.9093	0.9552	0.5740	0.0446	0.0336	0.2607	1.0341	1.1008	0.5908	0.0016	0.0040	0.0000	0.0115	0.0134	0.0006	0.0000	0.0000	0.0000	0.0823	0.0121	-0.4582	-0.0004	28.2678	21.0000	13.1235	14.4214	2.1706	2.0056	0.1651	0.0134	0.0096	0.0038	2.1572	1.9960	0.1612	0.0007	0.0007	0.0000	0.0007	0.0007	0.0000	0.0000	0.0000	0.0000	2.3872	2.0996	0.2876	0.3011	0.2864	0.0147	2.0861	1.8132	0.2729	0.8621	0.4547	0.4074	0.0874	0.0801	0.0073	0.7747	0.3746	0.4001	1116.8045	626.2562	27862.4127	5.5909	3.8745	454.0604	190753.1196	121282832.9822	56333.3977	0.0008	0.0015	0.0000	0.0080	0.0087	0.0006	0.0000	0.0000	0.0000
4	84	0.2140	7	0	1	1	0	0	0	0	0	N	N	N	N	N	N	N	N	N	N	N	N	0.4487	0.2963	0.0680	0.3681	0.3434	0.0005	0.0049	0.0000	0.3014	0.6672	0.7628	0.0001	2.9179	3.2534	0.0000	0.0000	0.0000	0.0001	1.4870	2.5743	0.0017	7.9264	9.4752	0.0221	0.0038	0.0779	0.0005	0.0000	0.0006	-0.5009	-0.6176	28.2678	20.4085	13.1235	11.0867	1.7447	1.7447	0.0000	1.7447	1.7447	0.0000	0.0000	0.0000	0.0000	0.9838	0.9833	0.0006	0.9832	0.9828	0.0004	0.0006	0.0004	0.0002	2.6148	2.2873	0.3275	0.5979	0.5363	0.0617	2.0169	1.7510	0.2659	0.7298	0.3819	0.3479	0.1240	0.1037	0.0203	0.6058	0.2782	0.3275	0.4950	0.2963	0.0680	0.3681	0.3434	0.0005	0.0186	0.0000	0.3014	1.3481	2.5743	0.0017	7.9264	9.4752	0.0216	0.0010	0.0016	0.0005
4	85	0.2103	6	0	1	1	0	0	0	0	0	N	N	N	N	N	N	N	N	N	N	N	N	0.9470	0.4485	881.6712	1.7522	1.1024	112.9211	0.0015	0.0002	8.9102	0.5221	0.3438	1.5936	1.1734	0.7949	3.0690	0.0007	0.0003	0.0034	0.5513	0.7665	0.0018	0.6697	0.7211	0.0272	0.4485	1.1495	0.0004	0.7713	0.0175	0.0539	-0.0034	28.2678	3.1287	13.1235	1.1816	0.3631	0.2050	0.1581	0.3629	0.2049	0.1580	0.0003	0.0001	0.0002	0.0055	0.0054	0.0001	0.0029	0.0029	0.0001	0.0026	0.0026	0.0000	0.6956	0.5963	0.0992	0.3093	0.2578	0.0515	0.3863	0.3386	0.0478	0.1179	0.0651	0.0528	0.0237	0.0207	0.0030	0.0942	0.0444	0.0498	11.1067	4.1079	881.6712	9.4647	5.7491	120.3046	0.0239	0.0048	8.9102	0.0470	0.0837	0.0018	0.1240	0.1383	0.0255	0.0276	0.0582	0.0004
4	86	0.2033	5	0	1	0	0	0	0	0	0	N	N	N	N	N	N	N	N	N	N	N	N	0.8339	0.3421	1932.7369	2.6514	1.3945	415.5790	0.0117	0.0001	121.8855	0.4774	0.2707	1.7210	1.2027	0.7152	3.4906	0.0068	0.0001	0.0549	0.5725	0.7912	0.0009	0.4536	0.5129	0.0084	0.5800	1.3037	0.0005	1.0569	0.0079	0.0804	-0.0054	28.2678	4.0532	13.1235	2.2470	0.3546	0.1724	0.1822	0.3516	0.1723	0.1792	0.0031	0.0001	0.0030	0.0087	0.0087	0.0001	0.0030	0.0030	0.0000	0.0057	0.0057	0.0000	0.7428	0.6369	0.1059	0.2923	0.2410	0.0513	0.4504	0.3959	0.0545	0.1740	0.0973	0.0767	0.0344	0.0301	0.0042	0.1396	0.0672	0.0724	9.5207	3.0429	1932.7369	13.7242	7.2399	415.5790	0.1656	0.0017	121.8855	0.0501	0.0890	0.0009	0.0876	0.0988	0.0084	0.0409	0.0846	0.0005
4	87	0.1802	4	0	1	0	0	0	0	0	0	N	N	N	N	N	N	N	N	N	N	N	N	0.1712	0.1114	1.0559	5.3745	5.7853	9.8503	0.0011	0.0006	0.2057	0.3627	0.4091	0.0055	1.1218	1.2151	0.0223	0.0030	0.0033	0.0009	2.1178	3.6730	0.0052	0.2087	0.2100	0.0023	2.6298	5.4162	0.0041	0.0018	0.0008	-0.0772	-0.5989	28.2678	4.7288	13.1235	9.8540	0.2707	0.2702	0.0005	0.2691	0.2687	0.0004	0.0015	0.0015	0.0001	0.9543	0.9535	0.0008	0.0046	0.0046	0.0000	0.9497	0.9489	0.0008	0.7463	0.6604	0.0859	0.2399	0.2211	0.0188	0.5064	0.4392	0.0671	0.4506	0.2596	0.1910	0.0895	0.0844	0.0051	0.3611	0.1752	0.1859	0.1712	0.1114	1.3806	21.7568	22.2831	9.8503	0.0011	0.0006	0.2094	2.1178	3.6730	0.0040	0.0516	0.0545	0.0023	2.6298	5.4162	0.0041
4	88	0.1563	3	0	1	0	0	0	0	0	0	N	N	N	N	N	N	N	N	N	N	N	N	0.0680	0.0561	0.2092	1.8862	1.7507	0.3234	0.0519	0.0294	0.2656	0.0451	0.0508	0.0041	0.0793	0.0834	0.0006	0.0401	0.0456	0.0043	0.6632	0.9044	0.0196	0.0420	0.0476	0.0018	0.7722	1.5517	0.0162	0.0112	0.0742	-0.0126	-0.0161	28.2678	8.6320	13.1235	7.0881	0.0456	0.0451	0.0005	0.0102	0.0102	0.0000	0.0355	0.0350	0.0005	0.0288	0.0268	0.0020	0.0011	0.0010	0.0000	0.0277	0.0257	0.0020	1.0124	0.8890	0.1234	0.1284	0.1220	0.0063	0.8840	0.7670	0.1171	0.4237	0.2297	0.1941	0.0525	0.0491	0.0034	0.3713	0.1806	0.1907	0.6640	0.4354	0.4004	3.9408	3.8995	0.3234	0.5374	0.3199	0.4130	0.0679	0.1166	0.0102	0.0201	0.0214	0.0018	0.0746	0.1425	0.0104
4	89	0.1121	3	0	2	0	0	0	0	0	0	N	Y	N	N	N	N	N	N	N	N	N	N	0.4968	0.6666	0.0003	0.5366	0.8384	0.0000	0.3895	11.8116	0.0005	0.4177	0.4834	0.0005	0.7348	0.8036	0.0003	0.3234	0.3809	0.0006	0.8409	0.7252	1.6830	1.3695	0.9584	11.2075	0.8304	0.0322	1.1286	0.0002	2.6227	-0.2777	0.0101	28.2678	15.4622	13.1235	5.2688	0.9679	0.9677	0.0002	0.3903	0.3902	0.0000	0.5776	0.5775	0.0002	0.1056	0.0291	0.0764	0.0514	0.0289	0.0225	0.0542	0.0002	0.0539	2.3171	2.0019	0.3152	0.5311	0.4857	0.0454	1.7860	1.5162	0.2698	0.7609	0.4105	0.3504	0.1657	0.1503	0.0155	0.5952	0.2603	0.3349	3.0112	6.8113	0.0025	2.3699	4.1796	0.0002	3.5540	401.8761	0.0037	0.1387	0.0710	0.2181	0.3101	0.1923	1.4540	0.0910	0.0009	0.1610
4	90	0.1003	2	0	1	0	0	0	0	0	0	N	N	N	N	N	N	N	N	N	N	N	N	0.4713	0.4518	0.0640	0.5706	0.6521	0.0407	0.2321	0.3098	0.0826	0.4512	0.5255	0.1134	1.0383	1.1069	0.1316	0.2085	0.2370	0.1110	0.9572	1.1631	1.7729	1.8197	1.6975	3.2377	0.8982	0.7650	1.3442	0.0475	0.6593	-0.1699	-0.0311	28.2678	7.5917	13.1235	1.5198	0.7028	0.6709	0.0319	0.4729	0.4687	0.0042	0.2298	0.2022	0.0276	0.1344	0.0810	0.0534	0.0932	0.0783	0.0149	0.0412	0.0027	0.0385	1.5577	1.2767	0.2810	0.4555	0.4234	0.0321	1.1022	0.8532	0.2489	0.5336	0.3076	0.2261	0.1868	0.1633	0.0235	0.3468	0.1442	0.2026	1.7907	1.9946	0.4799	2.0803	2.3085	0.2072	1.7551	12.6115	0.5844	0.2519	0.2635	0.2363	0.4991	0.4795	0.6354	0.1188	0.0188	0.1900
4	91	0.3216	8	1	1	1	0	0	0	0	0	N	N	N	N	N	N	N	N	N	N	N	N	486.1890	154.6134	644164.7587	1.7582	1.4800	inf	2090.8410	59.5332	714957.9455	0.1152	0.1024	0.2171	0.0026	0.0024	0.0061	0.1568	0.1428	0.2478	0.0002	0.0007	0.0000	0.0015	0.0017	0.0000	0.0001	0.0024	0.0000	0.2664	0.0007	-0.0031	-0.0000	28.2678	3.0317	13.1235	0.1644	0.0405	0.0320	0.0085	0.0003	0.0002	0.0000	0.0402	0.0318	0.0085	0.0000	0.0000	0.0000	0.0000	0.0000	0.0000	0.0000	0.0000	0.0000	0.3514	0.3121	0.0392	0.0947	0.0897	0.0050	0.2567	0.2224	0.0342	0.0704	0.0384	0.0320	0.0097	0.0088	0.0009	0.0608	0.0296	0.0312	493.3048	239.2078	644164.7587	1.7582	1.4800	inf	4973.3470	2219.6473	714957.9455	0.0002	0.0004	0.0000	0.0015	0.0017	0.0000	0.0000	0.0001	0.0000
4	92	0.3158	7	1	1	1	0	0	0	0	0	N	N	N	N	N	N	N	N	N	N	N	N	33.0550	0.0394	826.4035	0.5263	2.2964	0.2929	28.1415	0.0006	1382.0679	2.2570	0.0012	23.8924	0.0026	0.0024	0.0080	4.0125	0.0003	31.4216	0.0683	0.0316	0.0289	0.0050	0.0010	0.0274	0.1426	0.5133	0.0227	2001.1836	1.8865	0.7005	0.0000	28.2678	2.6632	13.1235	1.0147	0.9833	0.0005	0.9828	0.0005	0.0004	0.0001	0.9828	0.0001	0.9827	0.0008	0.0003	0.0005	0.0001	0.0000	0.0000	0.0008	0.0003	0.0005	0.4357	0.3945	0.0411	0.1907	0.1809	0.0099	0.2449	0.2137	0.0313	0.0851	0.0469	0.0382	0.0143	0.0124	0.0019	0.0708	0.0346	0.0363	234.9347	0.2063	1706.4685	0.6122	2.2964	0.3132	375.8733	0.0393	2347.1707	0.0096	0.0060	0.0140	0.0043	0.0010	0.0256	0.0107	0.0078	0.0134
4	93	0.2325	6	1	1	1	0	0	0	0	0	N	N	N	N	N	N	N	N	N	N	N	N	0.1253	0.7203	0.0436	0.4441	1.8104	0.0046	0.0362	10.9833	0.0448	0.2747	0.2611	0.3861	0.8254	0.8570	0.1451	0.0890	0.0402	0.4138	2.1927	0.3625	8.8575	1.8587	0.4734	31.2668	2.4567	0.0037	9.2295	0.1805	187.2001	-0.1537	0.8023	28.2678	35.0787	13.1235	12.2568	1.1451	0.9700	0.1751	0.8677	0.8610	0.0068	0.2774	0.1091	0.1683	2.1900	0.0116	2.1784	0.0726	0.0116	0.0610	2.1174	0.0000	2.1174	4.1683	3.7149	0.4534	1.0513	1.0046	0.0467	3.1170	2.7103	0.4067	0.9988	0.5411	0.4577	0.1369	0.1244	0.0125	0.8619	0.4167	0.4452	0.1253	12.1424	0.0811	1.5570	9.1997	0.0297	0.0362	340.5428	0.0870	2.1927	0.0215	4.7596	0.5301	0.0932	4.8775	2.4567	0.0001	4.7563
4	94	0.2190	5	1	1	0	0	0	0	0	0	N	N	N	N	N	N	N	N	N	N	N	N	2.3418	2.3615	0.0802	0.2357	0.2308	2.2499	3.8429	6.7900	0.0554	1.6344	1.8125	0.0303	0.3346	0.3408	0.1570	2.1912	2.5115	0.0161	0.6979	0.7675	0.3783	1.4195	1.4764	0.0698	0.5702	0.3699	0.2911	0.0019	0.7147	-0.6240	-0.0042	28.2678	8.4810	13.1235	2.3446	2.1872	2.1831	0.0041	0.1343	0.1322	0.0021	2.0528	2.0509	0.0019	0.0198	0.0115	0.0082	0.0111	0.0110	0.0001	0.0087	0.0005	0.0081	1.3382	1.2045	0.1338	0.4014	0.3879	0.0135	0.9369	0.8166	0.1203	0.2525	0.1377	0.1148	0.0336	0.0308	0.0027	0.2189	0.1069	0.1120	20.8561	21.6353	0.4220	1.0089	0.9554	3.1565	55.4207	492.9776	0.2228	0.0784	0.0838	0.0719	0.3317	0.3567	0.0497	0.0395	0.0051	0.0724
4	95	0.1563	3	0	2	0	1	0	0	0	0	N	Y	N	N	N	N	N	N	N	N	N	N	0.3057	128.1940	0.0001	132.7183	251.1051	0.0000	0.0140	inf	0.0001	0.3851	0.4377	0.0006	2.9130	3.0621	0.0000	0.0205	0.0235	0.0006	1.2600	0.0034	4.4698	0.0219	0.0122	0.0967	1.4644	0.0000	4.7759	0.0002	1282.1061	-0.2993	0.3689	28.2678	24.0032	13.1235	22.6134	1.0432	1.0430	0.0002	0.9946	0.9946	0.0000	0.0486	0.0484	0.0002	0.9946	0.0008	0.9938	0.0013	0.0008	0.0006	0.9932	0.0000	0.9932	2.7085	2.3831	0.3254	0.3414	0.3248	0.0166	2.3671	2.0583	0.3088	1.0944	0.5748	0.5196	0.1060	0.0965	0.0094	0.9884	0.4782	0.5102	0.4238	324.5270	0.0003	229.4722	381.3378	0.0000	0.0204	inf	0.0003	0.9088	0.0013	1.9125	0.0127	0.0080	0.0604	1.0048	0.0000	1.9467
4	96	0.5737	7	0	2	0	0	0	0	0	0	N	Y	N	N	N	N	N	N	N	N	N	N	2.4347	1.9365	14.0559	5.4004	5.1566	83.5494	2.2892	1.3421	18.4222	1.3335	1.0137	4.0636	1.3606	1.3697	1.2150	1.3186	0.8034	4.7712	0.5477	0.5235	0.2891	0.2519	0.2656	0.0145	0.5760	0.5986	0.2590	0.4694	1.0814	0.0952	-0.0031	28.2678	18.5150	13.1235	10.2301	2.9457	2.0046	0.9410	1.0618	1.0058	0.0560	1.8839	0.9988	0.8851	0.0286	0.0137	0.0149	0.0122	0.0118	0.0003	0.0164	0.0019	0.0145	2.2091	1.9775	0.2316	0.7804	0.7343	0.0461	1.4287	1.2432	0.1855	0.6143	0.3787	0.2356	0.2085	0.1853	0.0233	0.4058	0.1934	0.2124	28.6529	27.9466	64.4678	23.2883	21.4245	83.5494	32.6149	82.1805	69.8129	0.0465	0.0363	0.0630	0.0584	0.0639	0.0145	0.0404	0.0098	0.0683
4	97	0.1855	4	0	2	0	0	0	0	0	0	N	Y	N	N	N	N	N	N	N	N	N	N	1.6650	2.6222	7.0690	1.3612	3.3557	0.0021	2.9362	96679.9457	28.2051	0.7840	0.6506	1.7992	1.3219	1.3838	0.0160	0.6960	0.5193	1.9026	0.4709	0.2481	0.2545	0.9711	0.4124	7.7432	0.2370	0.0000	0.0675	0.3634	3.2348	-0.0809	0.0075	28.2678	46.1140	13.1235	26.4917	3.9272	2.8805	1.0467	0.9308	0.9303	0.0005	2.9964	1.9502	1.0462	0.0551	0.0130	0.0421	0.0332	0.0130	0.0202	0.0219	0.0000	0.0219	5.0092	4.4275	0.5818	0.7041	0.6722	0.0319	4.3051	3.7552	0.5499	1.5566	0.8418	0.7148	0.1726	0.1546	0.0180	1.3840	0.6872	0.6968	22.1507	42.0986	30.5575	6.8780	16.4474	0.0143	43.9384	297411933.1615	60.4690	0.0354	0.0155	0.0589	0.1922	0.0841	1.1225	0.0158	0.0000	0.0315
4	98	0.6267	9	0	2	0	0	0	0	0	0	N	Y	N	N	N	N	N	N	N	N	N	N	445.5529	0.5721	8141.5972	53.7085	1.1854	649.0990	1409.1056	0.0000	17883.3326	0.4166	0.0007	4.0659	0.0817	0.0017	1.4042	0.6238	0.0000	4.7869	0.0009	0.0012	0.0005	0.0015	0.0014	0.0022	0.0004	0.0022	0.0003	698.4247	0.5464	0.6674	-0.0001	28.2678	20.7840	13.1235	8.9470	0.9381	0.0013	0.9368	0.0703	0.0013	0.0690	0.8678	0.0000	0.8678	0.0003	0.0002	0.0001	0.0002	0.0002	0.0001	0.0001	0.0000	0.0000	2.2521	2.0217	0.2304	0.8608	0.8117	0.0491	1.3913	1.2100	0.1813	0.5089	0.3032	0.2057	0.1529	0.1278	0.0251	0.3560	0.1754	0.1806	729.0571	1.0697	8141.5972	53.7085	1.1854	649.0990	3810.1868	0.0002	17883.3326	0.0006	0.0006	0.0005	0.0015	0.0014	0.0022	0.0002	0.0001	0.0003
4	99	0.6217	8	0	1	0	0	0	0	0	0	N	N	N	N	N	N	N	N	N	N	N	N	0.4715	0.1569	7.4671	0.4452	0.3821	2.7971	0.4872	0.0709	14.3086	0.0256	0.0221	0.0593	0.0043	0.0040	0.0084	0.0594	0.0534	0.0958	0.0544	0.1410	0.0079	0.0096	0.0104	0.0030	0.1219	0.7527	0.0067	0.2793	0.3365	-0.0015	-0.0004	28.2678	2.7834	13.1235	1.0450	0.0217	0.0170	0.0047	0.0022	0.0019	0.0003	0.0195	0.0150	0.0045	0.0011	0.0008	0.0003	0.0003	0.0003	0.0000	0.0008	0.0005	0.0003	0.8460	0.7662	0.0798	0.5181	0.4848	0.0333	0.3279	0.2814	0.0465	0.1249	0.0723	0.0526	0.0463	0.0432	0.0031	0.0785	0.0291	0.0495	2.8926	1.9319	11.1943	0.6293	0.5651	2.7971	5.8874	2.9666	17.6005	0.0089	0.0115	0.0053	0.0068	0.0071	0.0030	0.0101	0.0180	0.0054
4	100	0.6117	7	0	1	0	0	0	0	0	0	N	N	N	N	N	N	N	N	N	N	N	N	0.0156	0.0092	0.0548	0.0212	0.0153	1.9644	0.0046	0.0012	0.0249	0.0135	0.0096	0.0478	0.0219	0.0162	0.0966	0.0043	0.0019	0.0197	0.8679	1.0519	0.8725	1.0311	1.0564	0.0492	0.9384	1.5620	0.7908	0.5617	0.3969	0.0016	-0.0178	28.2678	7.6044	13.1235	2.7972	0.0215	0.0138	0.0077	0.0182	0.0125	0.0057	0.0033	0.0013	0.0020	0.0516	0.0369	0.0147	0.0251	0.0247	0.0004	0.0265	0.0122	0.0143	1.5934	1.4314	0.1620	0.8323	0.7731	0.0592	0.7611	0.6583	0.1028	0.3180	0.1963	0.1217	0.1225	0.1119	0.0106	0.1955	0.0844	0.1111	0.0833	0.0512	0.3967	0.1068	0.0733	2.5399	0.0321	0.0134	0.1535	0.1623	0.1882	0.1205	0.2051	0.2209	0.0380	0.1355	0.1449	0.1284
4	101	0.5621	6	0	1	0	0	0	0	0	0	N	N	N	N	N	N	N	N	N	N	N	N	0.1510	0.0245	1.1043	0.0743	0.1280	0.1768	0.1879	0.0116	2.1829	0.1047	0.0152	0.8723	0.0258	0.0180	0.1538	0.1477	0.0135	1.0452	0.6937	0.6178	0.7899	0.3479	0.1409	0.8701	0.7857	1.1630	0.4788	6.7099	1.3705	0.1381	-0.0024	28.2678	18.4780	13.1235	12.4520	0.2369	0.0307	0.2062	0.0206	0.0135	0.0071	0.2163	0.0172	0.1991	0.0486	0.0205	0.0281	0.0152	0.0083	0.0069	0.0334	0.0122	0.0212	2.2622	2.0258	0.2363	0.7974	0.7515	0.0458	1.4648	1.2743	0.1905	0.6353	0.3888	0.2466	0.2104	0.1851	0.0253	0.4249	0.2036	0.2213	1.3692	0.2877	7.6562	0.3583	0.4028	0.5649	1.8776	0.2248	10.9066	0.0765	0.0527	0.1139	0.0721	0.0448	0.2723	0.0786	0.0600	0.0958
4	102	0.2704	6	0	2	0	0	0	0	0	0	N	Y	N	N	N	N	N	N	N	N	N	N	0.4258	5.6766	0.2814	6.7426	11.9196	0.9514	0.3086	17.1383	0.3140	0.5148	0.4270	1.2348	0.6537	0.6804	0.2530	0.4446	0.2887	1.4693	1.2091	0.0752	4.3876	0.0969	0.0571	0.2659	1.4407	0.0168	4.6797	0.3526	153.6311	-0.0744	0.3971	28.2678	34.1922	13.1235	22.4626	2.8140	2.0804	0.7336	1.1994	1.1705	0.0290	1.6145	0.9099	0.7046	1.0874	0.0070	1.0804	0.0102	0.0067	0.0035	1.0773	0.0003	1.0769	5.4663	4.8722	0.5941	1.8349	1.7204	0.1146	3.6314	3.1518	0.4795	1.4072	0.8097	0.5975	0.2898	0.2624	0.0274	1.1174	0.5473	0.5701	0.6662	49.1628	0.6829	18.6228	26.6450	1.9959	0.4612	475.1948	0.7778	0.7728	0.0087	1.8082	0.0351	0.0255	0.1267	0.9641	0.0006	1.8890
4	103	0.2225	5	0	2	0	0	0	0	0	0	N	Y	N	N	N	N	N	N	N	N	N	N	1.0419	1.1139	3.5978	8.8159	8.7631	43.0538	0.6093	0.3163	4.8613	0.5544	0.4924	1.0265	1.1480	1.1866	0.5590	0.3659	0.2537	1.0952	0.5321	0.4420	0.2853	0.1302	0.1354	0.0130	0.6005	0.8022	0.2253	0.2736	2.0011	-0.1248	0.0014	28.2678	22.5884	13.1235	11.0115	1.7260	1.3552	0.3708	0.8614	0.8355	0.0258	0.8646	0.5196	0.3450	0.0371	0.0124	0.0248	0.0051	0.0050	0.0001	0.0320	0.0074	0.0247	3.1135	2.7523	0.3612	0.7504	0.7041	0.0462	2.3632	2.0482	0.3150	0.8547	0.4586	0.3961	0.1230	0.1148	0.0083	0.7316	0.3438	0.3878	12.7548	18.2430	16.4156	27.5278	27.1103	43.0538	8.3613	11.8623	17.2219	0.0435	0.0270	0.0625	0.0417	0.0438	0.0130	0.0438	0.0214	0.0636
4	104	0.1924	4	0	1	0	0	0	0	0	0	N	N	N	N	N	N	N	N	N	N	N	N	39.1515	6.5439	1430.9021	19.1859	16.4238	137.8967	35.0527	1.4746	1882.3377	1.2533	0.7340	5.0351	0.4098	0.3806	0.7090	1.5468	0.8630	6.0505	0.0320	0.1122	0.0035	0.0214	0.0232	0.0051	0.0441	0.5853	0.0032	0.9421	0.2743	0.4190	-0.0016	28.2678	11.8100	13.1235	8.7888	2.1166	1.0899	1.0267	0.1786	0.1512	0.0275	1.9379	0.9387	0.9992	0.0038	0.0030	0.0008	0.0009	0.0009	0.0000	0.0029	0.0021	0.0008	1.6888	1.4849	0.2039	0.4359	0.3972	0.0388	1.2528	1.0877	0.1652	0.5421	0.2895	0.2527	0.0711	0.0667	0.0044	0.4710	0.2228	0.2483	178.2425	71.0241	1550.3368	32.8463	29.3722	137.8967	249.0948	90.3824	1882.3377	0.0070	0.0103	0.0032	0.0125	0.0130	0.0051	0.0062	0.0095	0.0032
4	105	0.1563	3	0	1	0	0	0	0	0	0	N	N	N	N	N	N	N	N	N	N	N	N	0.9604	1.4610	0.5671	0.2723	2.7277	0.2334	1.3951	0.8310	2.2542	0.6627	0.6786	0.5476	0.4541	0.0564	8.1674	0.6929	0.7771	0.1369	0.6900	0.4645	0.9656	1.6676	0.0207	34.9918	0.4967	0.9352	0.0607	0.1113	3.9000	-0.2109	0.0072	28.2678	14.7392	13.1235	7.3617	1.1278	1.0149	0.1129	0.0977	0.0115	0.0861	1.0301	1.0033	0.0268	0.0429	0.0087	0.0341	0.0271	0.0007	0.0264	0.0158	0.0080	0.0077	1.7018	1.4956	0.2062	0.2151	0.2045	0.0105	1.4867	1.2911	0.1957	0.5700	0.3045	0.2655	0.0641	0.0594	0.0047	0.5059	0.2451	0.2608	8.8144	23.6273	4.2618	1.0754	4.7168	1.4498	22.2095	23.7031	4.6087	0.0752	0.0287	0.1285	0.4223	0.0120	5.6334	0.0312	0.0328	0.0297
4	106	0.2291	6	0	2	0	0	0	0	0	0	N	Y	N	N	N	N	N	N	N	N	N	N	1513.4993	350.6780	73944.8290	5.1554	3.8402	903.7546	20366.0450	12539.4511	83296.8757	0.8380	0.4737	3.8191	0.0180	0.0162	0.0544	1.1139	0.6421	4.2858	0.0006	0.0014	0.0001	0.0035	0.0042	0.0001	0.0001	0.0001	0.0001	0.9854	0.0645	0.4213	-0.0001	28.2678	20.0414	13.1235	7.0324	2.0139	1.0144	0.9995	0.0109	0.0093	0.0016	2.0030	1.0050	0.9979	0.0002	0.0002	0.0000	0.0002	0.0002	0.0000	0.0000	0.0000	0.0000	2.4032	2.1415	0.2617	0.6051	0.5762	0.0289	1.7981	1.5653	0.2329	0.5724	0.3070	0.2654	0.0633	0.0573	0.0060	0.5091	0.2497	0.2595	2120.3176	684.1742	73944.8290	5.3522	4.3640	903.7546	42375.8681	4785428.3203	83296.8757	0.0004	0.0007	0.0001	0.0034	0.0037	0.0001	0.0000	0.0000	0.0001
4	107	0.2190	5	0	1	0	0	0	0	0	0	N	N	N	N	N	N	N	N	N	N	N	N	36.3349	31.4133	196.1492	10.5330	9.0393	715.4778	37.9693	6.2819	208.9189	0.1812	0.1546	0.4273	0.0460	0.0446	0.0900	0.2435	0.2108	0.4660	0.0050	0.0049	0.0022	0.0044	0.0049	0.0001	0.0064	0.0336	0.0022	0.2989	1.0293	-0.0122	-0.0000	28.2678	7.0315	13.1235	1.2144	0.2141	0.1648	0.0493	0.0171	0.0161	0.0011	0.1969	0.1487	0.0482	0.0004	0.0002	0.0002	0.0001	0.0001	0.0000	0.0003	0.0001	0.0002	1.1811	1.0658	0.1153	0.3722	0.3604	0.0119	0.8089	0.7055	0.1034	0.1970	0.1082	0.0887	0.0277	0.0255	0.0022	0.1692	0.0827	0.0865	93.6620	89.0991	196.1492	11.7495	10.5084	715.4778	151.2010	219.3913	208.9189	0.0019	0.0017	0.0022	0.0039	0.0042	0.0001	0.0016	0.0010	0.0022
4	108	0.1855	4	0	1	0	0	0	0	0	0	N	N	N	N	N	N	N	N	N	N	N	N	2.0565	1.0499	26.6614	0.0419	0.0404	2.3970	1209.5705	329.6475	29.9057	0.4332	0.4892	0.0080	0.0255	0.0264	0.0021	0.5090	0.5844	0.0083	0.2106	0.4660	0.0003	0.6075	0.6537	0.0009	0.0004	0.0018	0.0003	0.0021	0.0085	-0.2453	-0.0052	28.2678	16.2725	13.1235	4.4748	0.8608	0.8589	0.0018	0.0079	0.0079	0.0000	0.8528	0.8510	0.0018	0.0085	0.0084	0.0001	0.0084	0.0084	0.0000	0.0001	0.0000	0.0001	1.9873	1.7558	0.2314	0.3118	0.2995	0.0123	1.6754	1.4563	0.2191	0.5285	0.2907	0.2378	0.0751	0.0664	0.0086	0.4534	0.2242	0.2292	27.0674	16.9561	26.6614	0.2281	0.2096	2.3970	3221.4523	16462.7485	29.9057	0.0160	0.0289	0.0003	0.1117	0.1261	0.0009	0.0002	0.0000	0.0003
4	112	0.2607	7	1	2	0	1	0	0	0	0	N	Y	N	N	N	N	N	N	N	N	N	N	729.1355	376.6746	inf	15.9573	14.0189	inf	inf	inf	inf	0.0207	0.0198	0.0274	0.0023	0.0023	0.0046	0.0322	0.0330	0.0286	0.0000	0.0001	0.0000	0.0001	0.0002	0.0000	0.0000	0.0000	0.0000	0.1860	0.0000	-0.0000	-0.0000	28.2678	0.0019	13.1235	1.9928	0.0000	0.0000	0.0000	0.0000	0.0000	0.0000	0.0000	0.0000	0.0000	0.0000	0.0000	0.0000	0.0000	0.0000	0.0000	0.0000	0.0000	0.0000	0.0006	0.0005	0.0001	0.0002	0.0002	0.0000	0.0004	0.0003	0.0001	0.0473	0.0274	0.0199	0.0092	0.0082	0.0010	0.0381	0.0192	0.0189	729.1355	404.0490	inf	15.9573	14.0189	inf	inf	inf	inf	0.0000	0.0000	0.0000	0.0001	0.0002	0.0000	0.0000	0.0000	0.0000
4	113	0.2371	6	1	2	0	1	0	0	0	0	N	Y	N	N	N	N	N	N	N	N	N	N	2.7635	1.8829	14339.9374	0.1464	0.1408	150.0404	60655.5527	2278.5059	21802.8640	0.9863	1.0662	0.3846	0.1154	0.1203	0.0339	1.2009	1.3196	0.4217	0.3569	0.5662	0.0000	0.7887	0.8546	0.0002	0.0000	0.0006	0.0000	0.0479	0.0005	-0.2566	-0.0055	28.2678	8.6942	13.1235	6.0502	1.0630	1.0144	0.0486	0.0246	0.0242	0.0004	1.0384	0.9902	0.0482	0.0087	0.0087	0.0000	0.0087	0.0087	0.0000	0.0000	0.0000	0.0000	1.0778	0.9514	0.1264	0.2131	0.2010	0.0121	0.8647	0.7504	0.1143	0.3614	0.2012	0.1602	0.0588	0.0530	0.0058	0.3027	0.1483	0.1544	40.8524	24.6023	14339.9374	0.7778	0.7310	150.0404	104432.0492	395739.8392	21802.8640	0.0241	0.0433	0.0000	0.1484	0.1646	0.0002	0.0000	0.0000	0.0000
4	114	0.2583	10	0	2	0	1	0	0	0	0	N	Y	N	N	N	N	N	N	N	N	N	N	0.0000	0.0000	0.0000	0.0000	0.0000	0.0000	0.0000	0.0000	0.0000	0.0000	0.0000	0.0000	0.0000	0.0015	0.0040	0.0000	0.0018	0.0018	0.0000	0.0000	0.0000	0.0000	0.0000	0.0000	-0.0000	28.2678	0.0001	13.1235	0.0001	0.0000	0.0000	0.0000	0.0000	0.0000	0.0000	0.0000	0.0000	0.0000	0.0000	0.0000	0.0000	0.0000	0.0000	0.0000	0.0000	0.0000	0.0000	0.0000	0.0000	0.0000	0.0000	0.0000	0.0000	0.0000	0.0000	0.0000	0.0000	0.0000	0.0000	0.0000	0.0000	0.0000	0.0000	0.0000	0.0000	0.0000	0.0000	0.0000	0.0000	0.0000	0.0000	0.0000	0.0000	0.0000	0.0008	0.0015	0.0000	0.0018	0.0018	0.0000	0.0000	0.0000	0.0000						
4	115	0.2516	9	0	2	0	1	0	0	0	0	N	Y	N	N	N	N	N	N	N	N	N	N	0.0000	0.0000	0.0000	0.0000	0.0000	0.0000	0.0000	0.0000	0.0000	0.0000	0.0000	0.0000	0.0000	0.0000	0.0000	0.0046	0.0115	0.0000	0.0193	0.0232	0.0000	0.0000	0.0000	0.0000	0.0001	0.0000	-0.0001	28.2678	3.0007	13.1235	1.0012	0.0000	0.0000	0.0000	0.0000	0.0000	0.0000	0.0000	0.0000	0.0000	0.0002	0.0002	0.0000	0.0002	0.0002	0.0000	0.0000	0.0000	0.0000	0.3538	0.3120	0.0418	0.0592	0.0563	0.0029	0.2946	0.2557	0.0389	0.0942	0.0523	0.0420	0.0148	0.0131	0.0017	0.0794	0.0392	0.0403	0.0000	0.0000	0.0000	0.0000	0.0000	0.0000	0.0000	0.0000	0.0000	0.0018	0.0033	0.0000	0.0115	0.0130	0.0000	0.0000	0.0000	0.0000				
4	116	0.2497	8	0	1	0	1	0	0	0	0	N	N	N	N	N	N	N	N	N	N	N	N	96.1972	28.8606	511.5665	35.0281	32.7932	inf	140.7135	539.3469	0.0007	0.0002	0.0050	0.0007	0.0007	0.0000	0.0007	0.0000	0.0055	0.0000	0.0000	0.0000	0.0000	0.0000	0.0000	0.0000	0.0000	0.0000	4.0090	1.4007	0.0001	-0.0000	28.2678	1.1177	13.1235	0.0023	0.0001	0.0000	0.0001	0.0000	0.0000	0.0000	0.0001	0.0000	0.0001	0.0000	0.0000	0.0000	0.0000	0.0000	0.0000	0.0000	0.0000	0.0000	0.1389	0.1229	0.0160	0.0284	0.0270	0.0013	0.1105	0.0959	0.0146	0.0265	0.0147	0.0118	0.0041	0.0037	0.0005	0.0224	0.0110	0.0114	96.1972	28.8606	511.5665	35.0281	32.7932	inf	140.7135	0.0000	539.3469	0.0000	0.0000	0.0000	0.0000	0.0000	0.0000	0.0000	0.0000	0.0000	
4	117	0.2467	4	0	2	0	0	0	0	0	0	N	Y	N	N	N	N	N	N	N	N	N	N	0.3621	2.4776	0.0001	0.0328	0.1852	0.0001	0.3985	436.0261	0.0001	0.4384	0.4919	0.0006	0.0297	0.0311	0.0017	0.5590	0.6397	0.0005	1.2105	0.1986	4.3460	0.9044	0.1681	12.8215	1.4027	0.0015	4.5070	0.0002	103.1536	-0.4634	0.3601	28.2678	31.2782	13.1235	23.9277	1.6148	1.6146	0.0002	0.0249	0.0248	0.0001	1.5899	1.5897	0.0002	0.9945	0.0095	0.9849	0.0371	0.0095	0.0275	0.9574	0.0000	0.9574	3.6836	3.2821	0.4015	0.8393	0.7971	0.0422	2.8443	2.4850	0.3593	1.2766	0.7152	0.5614	0.2135	0.1960	0.0175	1.0631	0.5192	0.5438	0.5627	36.8468	0.0004	0.1708	0.6402	0.0011	0.6207	26689.9350	0.0003	0.7790	0.0134	1.7546	0.1737	0.0487	1.5738	0.9006	0.0000	1.7604
4	118	0.2497	8	0	1	1	1	0	0	0	0	N	N	N	N	N	N	N	N	N	N	N	N	4.8533	1.3061	20304.6838	1.8225	1.6947	inf	5586.3862	21447.1996	0.0003	0.0001	0.0015	0.0007	0.0008	0.0000	0.0002	0.0000	0.0016	0.0001	0.0001	0.0000	0.0004	0.0005	0.0000	0.0000	0.0000	0.0000	1.3338	0.0005	0.0000	-0.0000	28.2678	3.8827	13.1235	2.9998	0.0001	0.0001	0.0001	0.0001	0.0001	0.0000	0.0001	0.0000	0.0001	0.0000	0.0000	0.0000	0.0000	0.0000	0.0000	0.0000	0.0000	0.0000	0.4632	0.4089	0.0543	0.0824	0.0784	0.0040	0.3808	0.3305	0.0503	0.1608	0.0891	0.0717	0.0250	0.0222	0.0029	0.1358	0.0669	0.0688	4.8533	1.3061	20304.6838	1.8225	1.6947	inf	5586.3862	0.0000	21447.1996	0.0001	0.0001	0.0000	0.0004	0.0005	0.0000	0.0000	0.0000	0.0000	
4	119	0.2468	7	0	1	0	1	0	0	0	0	N	N	N	N	N	N	N	N	N	N	N	N	340950.1160	2219.4832	3612409.1170	1507.0724	2013.4519	349.8052	3924978.7617	inf	15613949.4341	2.4604	0.0177	22.7775	0.0625	0.0636	0.0418	3.3006	0.0001	25.7380	0.0000	0.0000	0.0000	0.0000	0.0000	0.0001	0.0000	0.0000	0.0000	155.1026	0.6429	0.7096	-0.0000	28.2678	2.8083	13.1235	0.0030	1.0044	0.0064	0.9979	0.0066	0.0064	0.0002	0.9978	0.0000	0.9977	0.0000	0.0000	0.0000	0.0000	0.0000	0.0000	0.0000	0.0000	0.0000	0.4082	0.3644	0.0438	0.1059	0.1009	0.0050	0.3023	0.2635	0.0388	0.0670	0.0370	0.0300	0.0105	0.0093	0.0012	0.0565	0.0277	0.0288	340950.1160	2219.4832	3612409.1170	1507.0724	2013.4519	349.8052	3924978.7617	inf	15613949.4341	0.0000	0.0000	0.0000	0.0000	0.0000	0.0001	0.0000	0.0000	0.0000
4	120	0.2468	7	0	1	1	1	0	0	0	0	N	N	N	N	N	N	N	N	N	N	N	N	468484.7766	660043.9890	0.0936	1762.9188	2951.2515	0.0709	2386085.6806	inf	0.0000	0.8360	0.9441	0.0000	0.0161	0.0170	0.0000	1.0321	1.1865	0.0000	0.0000	0.0000	0.0000	0.0000	0.0000	0.0000	0.0000	0.0000	0.0000	0.0000	1.2614	-0.2854	-0.0000	28.2678	9.6158	13.1235	0.0030	0.9941	0.9941	0.0000	0.0037	0.0037	0.0000	0.9904	0.9904	0.0000	0.0000	0.0000	0.0000	0.0000	0.0000	0.0000	0.0000	0.0000	0.0000	1.1891	1.0530	0.1361	0.2295	0.2182	0.0112	0.9596	0.8348	0.1249	0.2249	0.1241	0.1008	0.0349	0.0309	0.0040	0.1900	0.0932	0.0968	468484.7766	660043.9890	0.0936	1762.9188	2951.2515	0.0709	2386085.6806	inf	0.0000	0.0000	0.0000	0.0000	0.0000	0.0000	0.0000	0.0000	0.0000	0.0000
4	121	0.2371	6	0	1	0	1	0	0	0	0	N	N	N	N	N	N	N	N	N	N	N	N	29.3003	107.4406	16.6501	24.4397	84.7724	0.1122	52.1035	277.7310	81.6200	0.0292	0.0308	0.0174	0.0650	0.0691	0.0027	0.0175	0.0172	0.0196	0.0010	0.0003	0.0010	0.0027	0.0008	0.0240	0.0003	0.0001	0.0002	0.0738	3.2849	-0.0036	0.0000	28.2678	4.2457	13.1235	2.0144	0.0166	0.0155	0.0011	0.0091	0.0091	0.0000	0.0075	0.0064	0.0011	0.0001	0.0000	0.0001	0.0001	0.0000	0.0001	0.0000	0.0000	0.0000	0.5686	0.5030	0.0656	0.1399	0.1314	0.0086	0.4286	0.3716	0.0570	0.1672	0.0945	0.0727	0.0310	0.0284	0.0025	0.1362	0.0660	0.0702	49.2375	125.4758	16.6501	24.4397	84.7724	0.1160	141.4894	101458.8449	81.6200	0.0006	0.0002	0.0010	0.0027	0.0008	0.0232	0.0001	0.0000	0.0002
4	122	0.1950	5	0	1	0	1	0	0	0	0	N	N	N	N	N	N	N	N	N	N	N	N	3.5009	3.0123	0.7390	2.0649	3.3014	0.0014	14.5754	35.0398	3.5883	0.0164	0.0185	0.0011	0.0566	0.0603	0.0001	0.0070	0.0078	0.0013	0.0047	0.0061	0.0015	0.0274	0.0183	0.0965	0.0005	0.0002	0.0003	0.0083	0.6417	-0.0068	-0.0003	28.2678	11.9190	13.1235	13.1740	0.0244	0.0242	0.0002	0.0160	0.0160	0.0000	0.0084	0.0082	0.0002	0.0011	0.0007	0.0004	0.0010	0.0007	0.0003	0.0001	0.0000	0.0001	1.4877	1.3120	0.1757	0.2828	0.2653	0.0175	1.2049	1.0467	0.1582	0.5886	0.3165	0.2721	0.0654	0.0600	0.0054	0.5232	0.2565	0.2667	8.9992	8.9335	0.7390	3.7739	5.5316	0.0023	39.2357	10350.5362	3.5883	0.0018	0.0021	0.0015	0.0150	0.0109	0.0602	0.0002	0.0000	0.0003
4	123	0.6219	9	0	1	1	1	0	0	0	0	N	N	N	N	N	N	N	N	N	N	N	N	333.4297	171.9442	0.0000	575.7936	503.5459	0.0000	18.6315	3.9726	0.0000	0.6339	0.7042	0.0000	1.6636	1.7618	0.0000	0.0000	0.0001	0.0000	0.0019	0.0041	0.0000	0.0029	0.0035	0.0000	0.0000	0.0000	0.0000	0.0000	0.0018	-0.2876	-0.0002	28.2678	12.8936	13.1235	4.1514	1.0017	1.0017	0.0000	1.0017	1.0017	0.0000	0.0000	0.0000	0.0000	0.0003	0.0003	0.0000	0.0003	0.0003	0.0000	0.0000	0.0000	0.0000	1.5803	1.4224	0.1579	0.6021	0.5686	0.0335	0.9782	0.8539	0.1244	0.3071	0.1882	0.1189	0.1003	0.0885	0.0118	0.2068	0.0998	0.1071	670.7954	457.6308	0.0000	575.7936	538.0642	0.0000	18.6315	1507.2286	0.0000	0.0009	0.0015	0.0000	0.0029	0.0033	0.0000	0.0000	0.0000	0.0000
4	124	0.2103	6	0	2	0	0	0	0	0	0	N	Y	N	N	N	N	N	N	N	N	N	N	1.0122	0.3593	0.0190	0.1017	0.1033	0.0074	2349.0501	377.4119	0.0007	0.1161	0.1317	0.0000	0.0502	0.0535	0.0000	0.1304	0.1499	0.0000	0.1147	0.3665	0.0001	0.4932	0.5179	0.0030	0.0001	0.0004	0.0000	0.0000	0.0043	-0.0517	-0.0038	28.2678	12.7386	13.1235	8.7370	0.1801	0.1801	0.0000	0.0139	0.0139	0.0000	0.1662	0.1662	0.0000	0.0061	0.0061	0.0000	0.0061	0.0061	0.0000	0.0000	0.0000	0.0000	1.5513	1.3676	0.1837	0.2762	0.2590	0.0173	1.2751	1.1087	0.1664	0.5198	0.2809	0.2389	0.0664	0.0614	0.0050	0.4534	0.2195	0.2340	9.8345	6.0541	0.0190	0.5437	0.5379	0.0074	4933.7246	86189.2843	0.0007	0.0118	0.0218	0.0001	0.0923	0.0995	0.0030	0.0000	0.0000	0.0000
4	125	0.1950	5	0	2	0	0	0	0	0	0	N	Y	N	N	N	N	N	N	N	N	N	N	82.1996	184.7186	0.4976	15.9476	57.8759	0.0052	221.8079	237.3541	2.1322	0.6235	0.7061	0.0029	0.5104	0.5454	0.0016	0.6539	0.7526	0.0031	0.0076	0.0038	0.0059	0.0320	0.0094	0.3014	0.0029	0.0032	0.0014	0.0005	2.5084	-0.2008	0.0001	28.2678	8.6431	13.1235	1.4782	0.7008	0.7004	0.0004	0.1214	0.1214	0.0000	0.5794	0.5790	0.0004	0.0007	0.0002	0.0005	0.0005	0.0002	0.0003	0.0002	0.0000	0.0002	1.1239	0.9919	0.1320	0.2379	0.2226	0.0153	0.8860	0.7694	0.1167	0.2515	0.1356	0.1159	0.0307	0.0283	0.0024	0.2208	0.1074	0.1134	228.3467	489.2947	0.6869	30.5767	83.0711	0.0117	828.1611	7955.9512	2.1322	0.0027	0.0014	0.0042	0.0167	0.0066	0.1343	0.0008	0.0001	0.0014
4	126	0.1855	4	0	1	0	0	0	0	0	0	N	N	N	N	N	N	N	N	N	N	N	N	0.0174	1.1751	0.0012	0.0329	3.1561	0.0004	0.0047	1.1041	0.0078	0.0144	0.0158	0.0026	0.0577	0.0589	0.0096	0.0026	0.0026	0.0023	0.8255	0.0135	2.2100	1.7540	0.0187	26.0961	0.5392	0.0023	0.2916	0.0200	61.7566	-0.0024	0.0092	28.2678	4.1618	13.1235	2.0491	0.0091	0.0089	0.0002	0.0078	0.0078	0.0000	0.0013	0.0011	0.0001	0.0257	0.0004	0.0253	0.0202	0.0004	0.0198	0.0055	0.0000	0.0055	0.6295	0.5619	0.0676	0.1353	0.1320	0.0033	0.4942	0.4299	0.0643	0.1951	0.1131	0.0820	0.0423	0.0367	0.0056	0.1529	0.0765	0.0764	0.1093	4.3655	0.0085	0.1208	5.3285	0.0027	0.0704	41.5376	0.0314	0.1318	0.0036	0.3087	0.4775	0.0111	3.5151	0.0362	0.0001	0.0725
4	127	0.1563	3	0	1	0	0	0	0	0	0	N	N	N	N	N	N	N	N	N	N	N	N	0.0548	0.0029	0.1759	0.0004	0.0007	0.0000	0.1045	1.1012	1.5865	0.0481	0.0019	0.3809	0.0010	0.0009	0.0031	0.0549	0.0021	0.4013	0.8777	0.6684	2.1649	2.5552	1.2815	63.3808	0.5253	0.0019	0.2530	27.5542	4.2603	0.0362	0.0140	28.2678	9.4810	13.1235	7.4917	0.0533	0.0019	0.0515	0.0001	0.0001	0.0000	0.0532	0.0018	0.0514	0.0773	0.0147	0.0626	0.0635	0.0147	0.0488	0.0138	0.0000	0.0138	1.1095	0.9744	0.1351	0.1406	0.1336	0.0069	0.9689	0.8407	0.1282	0.4528	0.2445	0.2083	0.0548	0.0511	0.0036	0.3980	0.1934	0.2046	0.2815	0.0319	1.2668	0.0008	0.0030	0.0002	1.5824	50.9791	5.9499	0.1707	0.0601	0.3007	1.1592	0.2872	13.4241	0.0347	0.0000	0.0674
4	128	0.6342	10	1	2	0	0	0	0	0	0	N	Y	N	N	N	N	N	N	N	N	N	N	795.9705	563.5276	0.0000	18.5957	17.4217	60060.6672	inf	0.0000	0.0016	0.0017	0.0000	0.0001	0.0001	0.0000	0.0024	0.0028	0.0000	0.0000	0.0000	0.0000	0.0000	0.0000	0.0000	0.0000	0.0000	0.0000	0.0000	0.0138	-0.0001	-0.0000	28.2678	2.0107	13.1235	1.9995	0.0004	0.0004	0.0000	0.0000	0.0000	0.0000	0.0004	0.0004	0.0000	0.0000	0.0000	0.0000	0.0000	0.0000	0.0000	0.0000	0.0000	0.0000	0.2322	0.2076	0.0245	0.0878	0.0824	0.0054	0.1443	0.1252	0.0191	0.0680	0.0424	0.0255	0.0236	0.0207	0.0029	0.0444	0.0217	0.0227	795.9705	563.5276	0.0000	18.5957	17.4217	0.0000	60060.6672	inf	0.0000	0.0000	0.0000	0.0000	0.0000	0.0000	0.0000	0.0000	0.0000	0.0000	
4	129	0.6219	9	1	2	0	0	0	0	0	0	N	Y	N	N	N	N	N	N	N	N	N	N	2005.9800	1040.4983	0.0951	90.3427	84.9951	0.4864	673908.4456	234864.9724	0.0770	2.5081	2.7702	0.0000	0.1801	0.1896	0.0000	4.0985	4.6848	0.0000	0.0013	0.0027	0.0000	0.0020	0.0022	0.0000	0.0000	0.0000	0.0000	0.0000	0.0061	-0.5573	-0.0001	28.2678	5.6459	13.1235	1.1399	1.9408	1.9408	0.0000	0.0566	0.0566	0.0000	1.8842	1.8842	0.0000	0.0001	0.0001	0.0000	0.0001	0.0001	0.0000	0.0000	0.0000	0.0000	0.7738	0.7006	0.0732	0.3141	0.2984	0.0157	0.4597	0.4022	0.0575	0.1331	0.0811	0.0520	0.0450	0.0402	0.0048	0.0881	0.0409	0.0472	3699.6289	2505.1418	0.0951	90.3427	84.9951	0.4864	673908.4456	87064582.8876	0.0770	0.0007	0.0011	0.0000	0.0020	0.0022	0.0000	0.0000	0.0000	0.0000
4	130	0.5916	8	0	1	0	0	0	0	0	0	N	N	N	N	N	N	N	N	N	N	N	N	1.6569	32.5210	0.0003	0.0314	0.0628	0.0020	2.1866	369.0970	0.0002	0.5995	0.6686	0.0001	0.0009	0.0009	0.0002	1.0219	1.1817	0.0000	0.3618	0.0206	0.2191	0.0278	0.0145	0.1176	0.4673	0.0032	0.1622	0.0000	7.4692	-0.2870	0.0023	28.2678	11.6079	13.1235	5.3766	0.9997	0.9997	0.0000	0.0006	0.0006	0.0000	0.9991	0.9991	0.0000	0.0092	0.0011	0.0081	0.0020	0.0011	0.0009	0.0073	0.0000	0.0073	1.6675	1.4951	0.1724	0.6898	0.6497	0.0402	0.9777	0.8454	0.1322	0.3795	0.2294	0.1500	0.1301	0.1177	0.0123	0.2494	0.1117	0.1377	24.6203	140.6111	0.0014	0.0576	0.0995	0.0033	35.0658	12330.2018	0.0005	0.0243	0.0048	0.0543	0.0152	0.0092	0.0724	0.0291	0.0001	0.0527
4	131	0.5737	7	0	1	0	0	0	0	0	0	N	N	N	N	N	N	N	N	N	N	N	N	0.0018	0.0279	0.0002	0.1827	0.2094	0.0681	0.0004	0.0243	0.0001	0.0050	0.0054	0.0021	0.0101	0.0104	0.0042	0.0018	0.0018	0.0016	2.7768	0.1922	13.2506	0.0554	0.0497	0.0621	4.4798	0.0747	14.7952	0.0426	336.9232	-0.0007	0.3613	28.2678	3.9355	13.1235	8.7078	0.0030	0.0029	0.0001	0.0023	0.0023	0.0000	0.0006	0.0006	0.0001	0.9798	0.0029	0.9769	0.0033	0.0027	0.0006	0.9765	0.0002	0.9764	0.5910	0.5322	0.0588	0.2305	0.2192	0.0112	0.3605	0.3129	0.0476	0.3529	0.2235	0.1294	0.1349	0.1225	0.0124	0.2180	0.1010	0.1170	0.0018	0.4129	0.0003	0.4114	0.4659	0.0908	0.0004	1.1411	0.0002	2.7768	0.0130	7.5494	0.0246	0.0224	0.0466	4.4798	0.0016	8.3441
4	132	0.5621	6	0	1	0	0	0	0	0	0	N	N	N	N	N	N	N	N	N	N	N	N	0.0081	0.0122	0.0167	0.0872	0.1071	0.0427	0.0046	0.0040	0.0227	0.0049	0.0039	0.0143	0.0073	0.0075	0.0042	0.0035	0.0015	0.0167	0.6066	0.3169	0.8581	0.0837	0.0696	0.0978	0.7476	0.3650	0.7350	0.4123	3.6916	0.0000	0.0026	28.2678	6.2657	13.1235	3.9760	0.0045	0.0032	0.0013	0.0025	0.0025	0.0001	0.0020	0.0007	0.0012	0.0162	0.0035	0.0128	0.0037	0.0030	0.0007	0.0125	0.0004	0.0121	0.9193	0.8271	0.0922	0.3494	0.3321	0.0173	0.5699	0.4949	0.0750	0.2960	0.1872	0.1088	0.1148	0.1039	0.0109	0.1811	0.0833	0.0979	0.0899	0.2098	0.1221	0.2258	0.2547	0.0684	0.0502	0.2955	0.1348	0.0548	0.0185	0.1173	0.0323	0.0293	0.0611	0.0691	0.0050	0.1236
4	133	0.4848	5	0	1	0	0	0	0	0	0	N	N	N	N	N	N	N	N	N	N	N	N	0.6258	1.8331	0.0363	10.6146	26.4504	0.0159	0.0349	0.0331	0.0672	0.2647	0.2950	0.0096	0.7447	0.7891	0.0072	0.0172	0.0183	0.0101	0.4229	0.1610	0.2648	0.0702	0.0298	0.4491	0.4928	0.5522	0.1511	0.0039	3.1201	-0.2479	0.0044	28.2678	26.7012	13.1235	18.2690	0.8751	0.8717	0.0034	0.8375	0.8371	0.0005	0.0375	0.0346	0.0029	0.0340	0.0083	0.0258	0.0111	0.0053	0.0058	0.0230	0.0030	0.0200	3.3062	2.9545	0.3517	1.1246	1.0608	0.0639	2.1815	1.8937	0.2878	1.1184	0.6861	0.4323	0.3770	0.3436	0.0333	0.7415	0.3425	0.3990	8.6972	24.5048	0.1611	25.3744	51.1595	0.0414	0.5552	2.1139	0.2023	0.0304	0.0120	0.0596	0.0293	0.0154	0.1729	0.0310	0.0086	0.0502
4	134	0.2467	4	0	1	0	0	0	0	0	0	N	N	N	N	N	N	N	N	N	N	N	N	0.4048	0.4468	0.0007	0.0387	0.0387	0.2424	0.4294	0.3858	0.0003	0.5983	0.6713	0.0033	0.0329	0.0337	0.0202	0.7526	0.8597	0.0014	1.4781	1.5024	4.5176	0.8509	0.8705	0.0835	1.7526	2.2284	4.8072	0.0006	1.8367	-1.1116	0.0570	28.2678	61.4372	13.1235	55.8589	3.8794	3.8770	0.0024	0.0458	0.0443	0.0015	3.8336	3.8327	0.0009	2.9805	1.0507	1.9298	0.0490	0.0475	0.0016	2.9315	1.0032	1.9283	6.4841	5.7751	0.7091	1.3906	1.3168	0.0738	5.0936	4.4583	0.6353	2.2333	1.2368	0.9965	0.3070	0.2789	0.0281	1.9263	0.9579	0.9684	0.4483	0.7902	0.0017	0.2062	0.1977	0.3663	0.4946	0.8208	0.0007	1.3346	0.8496	1.9365	0.1597	0.1703	0.0552	1.5218	1.0473	1.9912
4	135	0.1563	3	0	1	0	0	0	0	0	0	N	N	N	N	N	N	N	N	N	N	N	N	0.2184	0.3191	0.0904	0.0297	0.0568	0.0000	0.2795	1.4680	0.2541	0.1686	0.1748	0.1231	0.0592	0.0621	0.0010	0.1844	0.1926	0.1296	0.7721	0.5478	1.3614	1.9913	1.0945	28.0247	0.6598	0.1312	0.5103	0.0954	3.8684	-0.1187	0.0203	28.2678	31.7621	13.1235	18.5886	0.5932	0.5415	0.0516	0.0262	0.0262	0.0000	0.5670	0.5154	0.0516	0.1219	0.0250	0.0968	0.0668	0.0240	0.0428	0.0551	0.0011	0.0540	3.5173	3.0977	0.4196	0.4428	0.4213	0.0215	3.0745	2.6764	0.3982	1.1693	0.6136	0.5557	0.1120	0.1018	0.0101	1.0574	0.5118	0.5456	1.6183	4.2859	0.7063	0.0992	0.2641	0.0002	3.5419	92.0825	1.3102	0.1042	0.0408	0.1742	0.5967	0.2353	4.2310	0.0521	0.0021	0.0989
5	6	0.6326	9	1	1	1	1	0	0	0	0	N	N	N	N	N	N	N	N	N	N	N	N	15.2952	0.9594	411.0334	1.8137	1.5684	135.2111	52.2920	1.2397	570.6074	0.0185	0.0017	0.1724	0.0025	0.0024	0.0032	0.0381	0.0007	0.2685	0.0012	0.0018	0.0004	0.0014	0.0015	0.0000	0.0007	0.0006	0.0005	11.1902	0.3180	0.0132	-0.0001	15.6542	12.5370	8.9658	4.3273	0.0209	0.0017	0.0192	0.0015	0.0014	0.0001	0.0194	0.0003	0.0191	0.0001	0.0001	0.0000	0.0001	0.0001	0.0000	0.0000	0.0000	0.0000	1.1297	1.0184	0.1114	0.6213	0.5809	0.0403	0.5085	0.4374	0.0710	0.2119	0.1311	0.0807	0.0782	0.0690	0.0092	0.1337	0.0622	0.0715	27.9407	2.0739	411.0334	1.8137	1.5684	135.2111	150.5230	216.8219	570.6074	0.0007	0.0008	0.0004	0.0014	0.0015	0.0000	0.0003	0.0000	0.0005
5	7	0.4595	13	1	0	2	1	0	0	0	0	N	N	Y	N	N	N	N	N	N	N	N	N	0.0798	0.0394	6.6613	0.1373	0.1193	7.8427	0.0507	0.0001	4.4933	0.0006	0.0006	0.0005	0.0012	0.0012	0.0011	0.0000	0.0000	0.0003	0.0071	0.0147	0.0001	0.0085	0.0098	0.0001	0.0010	0.0154	0.0001	0.1025	0.0095	-0.0000	-0.0002	15.6542	3.5884	8.9658	2.8705	0.0002	0.0001	0.0000	0.0002	0.0001	0.0000	0.0000	0.0000	0.0000	0.0003	0.0003	0.0000	0.0003	0.0003	0.0000	0.0000	0.0000	0.0000	0.2796	0.2496	0.0301	0.1300	0.1229	0.0071	0.1497	0.1267	0.0230	0.1063	0.0710	0.0353	0.0406	0.0378	0.0028	0.0657	0.0332	0.0325	0.2188	0.1500	6.6613	0.1856	0.1735	7.8427	0.1535	0.0037	4.4933	0.0026	0.0039	0.0001	0.0063	0.0068	0.0001	0.0003	0.0006	0.0001
5	8	0.3459	10	1	1	1	2	0	0	0	0	N	N	N	Y	N	N	N	N	N	N	N	N	0.1651	0.1206	0.0000	0.1488	0.1566	0.0000	0.0606	inf	0.0000	0.0000	0.0000	0.0000	0.0000	0.0000	0.0000	0.0000	0.0000	0.0000	0.0000	0.0000	0.0000	0.0001	0.0001	0.0001	0.0000	0.0000	0.0000	0.0000	0.2188	-0.0000	-0.0000	15.6542	0.9985	8.9658	0.0096	0.0000	0.0000	0.0000	0.0000	0.0000	0.0000	0.0000	0.0000	0.0000	0.0000	0.0000	0.0000	0.0000	0.0000	0.0000	0.0000	0.0000	0.0000	0.0766	0.0683	0.0083	0.0283	0.0265	0.0018	0.0483	0.0418	0.0065	0.0146	0.0094	0.0052	0.0046	0.0041	0.0005	0.0101	0.0054	0.0047	0.1651	0.1453	0.0000	0.1488	0.1566	0.0000	0.0606	inf	0.0000	0.0000	0.0000	0.0000	0.0001	0.0001	0.0001	0.0000	0.0000	0.0000
5	9	0.4085	11	1	0	2	1	0	0	0	0	N	N	Y	N	N	N	N	N	N	N	N	N	1782.5156	938.4288	0.0000	416.8400	397.9749	0.0000	340291.1531	28687.0557	0.0000	1.5578	1.7365	0.0000	0.8085	0.8587	0.0000	2.1411	2.4825	0.0000	0.0009	0.0019	0.0000	0.0019	0.0022	0.0001	0.0000	0.0001	0.0000	0.0000	0.0147	-0.2384	-0.0001	15.6542	6.0952	8.9658	6.8339	0.8303	0.8303	0.0000	0.1886	0.1886	0.0000	0.6417	0.6417	0.0000	0.0001	0.0001	0.0000	0.0001	0.0001	0.0000	0.0000	0.0000	0.0000	0.5330	0.4782	0.0548	0.2333	0.2197	0.0136	0.2997	0.2585	0.0412	0.1828	0.1125	0.0703	0.0497	0.0444	0.0053	0.1332	0.0681	0.0650	2930.6356	2039.6025	0.0000	416.8400	397.9749	0.0000	340291.1531	9190848.9122	0.0000	0.0005	0.0009	0.0000	0.0019	0.0022	0.0001	0.0000	0.0000	0.0000
5	10	0.2991	10	0	0	2	1	0	0	0	0	N	N	Y	N	N	N	N	N	N	N	N	N	5.4647	9.5156	29.6192	12.9240	10.0866	23.5718	3.4777	0.1294	45.1954	0.0349	0.0004	0.2827	0.0307	0.0008	0.4547	0.0382	0.0000	0.2292	0.0064	0.0000	0.0095	0.0024	0.0001	0.0193	0.0110	0.0002	0.0051	97.6347	106.9729	0.0059	0.0001	15.6542	1.9784	8.9658	5.0323	0.0084	0.0001	0.0083	0.0033	0.0001	0.0032	0.0052	0.0000	0.0051	0.0003	0.0000	0.0003	0.0001	0.0000	0.0001	0.0002	0.0000	0.0002	0.2412	0.2118	0.0295	0.1063	0.0993	0.0070	0.1349	0.1124	0.0225	0.1123	0.0693	0.0430	0.0329	0.0289	0.0039	0.0794	0.0404	0.0391	15.0047	11.5445	47.0163	12.9240	10.0866	23.5718	16.5731	39.8687	48.9523	0.0023	0.0000	0.0060	0.0024	0.0001	0.0193	0.0023	0.0000	0.0047
5	11	0.3092	8	0	0	2	1	0	0	0	0	N	N	Y	N	N	N	N	N	N	N	N	N	1.7543	0.9777	784.7329	134.0207	141.9568	167.1809	0.4757	0.1693	699.5885	0.4967	0.4853	0.5836	0.9391	0.9017	1.3199	0.1862	0.1781	0.2388	0.2831	0.4964	0.0007	0.0070	0.0064	0.0079	0.3915	1.0520	0.0003	0.1572	0.0162	-0.2382	-0.0079	15.6542	39.9843	8.9658	13.6191	1.5745	1.3606	0.2138	1.2277	1.0734	0.1543	0.3468	0.2872	0.0596	0.0129	0.0127	0.0002	0.0008	0.0006	0.0001	0.0121	0.0120	0.0001	3.1699	2.8035	0.3664	1.3073	1.1905	0.1169	1.8626	1.6130	0.2495	0.6644	0.3885	0.2759	0.1438	0.1291	0.0147	0.5206	0.2594	0.2612	25.5763	14.8491	784.7329	176.7065	179.5989	167.1809	7.9855	3.8328	699.5885	0.0194	0.0327	0.0007	0.0053	0.0050	0.0079	0.0233	0.0465	0.0003
5	12	0.3709	8	1	1	1	1	0	0	0	0	N	N	N	N	N	N	N	N	N	N	N	N	1862.2874	3269.0083	52.5584	22.2320	24.2944	36.3284	1624.4088	237.5246	12.2095	0.7731	0.8608	0.0248	0.0108	0.0052	0.1046	1.2614	1.4597	0.0037	0.0004	0.0003	0.0005	0.0005	0.0002	0.0029	0.0008	0.0061	0.0003	0.0034	1.3816	-0.2844	-0.0000	15.6542	16.7672	8.9658	6.4850	1.0021	0.9988	0.0034	0.0054	0.0025	0.0030	0.9967	0.9963	0.0004	0.0001	0.0000	0.0001	0.0000	0.0000	0.0000	0.0001	0.0000	0.0000	1.2963	1.1603	0.1361	0.5062	0.4777	0.0285	0.7901	0.6826	0.1076	0.3395	0.2032	0.1364	0.0891	0.0800	0.0091	0.2505	0.1232	0.1273	2365.8102	3754.1501	52.5584	22.2320	24.2944	36.3284	4658.8272	6081.0647	12.2095	0.0003	0.0002	0.0005	0.0005	0.0002	0.0029	0.0003	0.0002	0.0003
5	13	0.3385	13	0	0	2	2	0	0	0	0	N	N	Y	Y	N	N	N	N	N	N	N	N	0.0003	0.0002	0.0000	6.0065	6.3250	0.0000	0.0000	0.0000	0.0000	0.0002	0.0002	0.0000	0.0003	0.0003	0.0000	0.0000	0.0000	0.0000	0.6487	0.8578	0.0000	0.0000	0.0000	0.0001	0.8221	1.6743	0.0000	0.0000	0.0001	-0.0000	-0.0006	15.6542	0.0001	8.9658	1.0001	0.0000	0.0000	0.0000	0.0000	0.0000	0.0000	0.0000	0.0000	0.0000	0.0009	0.0009	0.0000	0.0000	0.0000	0.0000	0.0009	0.0009	0.0000	0.0000	0.0000	0.0000	0.0000	0.0000	0.0000	0.0000	0.0000	0.0000	0.0145	0.0088	0.0057	0.0039	0.0034	0.0005	0.0106	0.0054	0.0052	0.0031	0.0020	0.0000	6.0065	6.3250	0.0000	0.0000	0.0000	0.0000	0.0639	0.1047	0.0000	0.0000	0.0000	0.0001	0.0875	0.1709	0.0000
5	14	0.3960	10	0	1	1	1	0	0	0	0	N	N	N	N	N	N	N	N	N	N	N	N	1391.5234	763.3751	14.8428	9.5131	8.6617	1212.8631	10068.4358	205711.8506	0.9636	0.6753	0.7539	0.0012	0.0126	0.0130	0.0055	1.0992	1.2732	0.0001	0.0005	0.0010	0.0001	0.0013	0.0015	0.0000	0.0001	0.0000	0.0001	0.0002	0.0995	-0.2862	-0.0001	15.6542	20.9564	8.9658	6.0714	0.9973	0.9971	0.0002	0.0072	0.0071	0.0002	0.9901	0.9901	0.0000	0.0001	0.0001	0.0000	0.0001	0.0001	0.0000	0.0000	0.0000	0.0000	1.4769	1.3227	0.1542	0.5762	0.5451	0.0311	0.9007	0.7776	0.1231	0.3382	0.1988	0.1395	0.0835	0.0736	0.0099	0.2548	0.1252	0.1296	1884.2469	1359.0686	14.8428	9.5131	8.6617	1212.8631	25642.2119	159391086.6572	0.9636	0.0004	0.0006	0.0001	0.0013	0.0015	0.0000	0.0000	0.0000	0.0001
5	15	0.3385	13	0	0	1	2	0	0	0	0	N	N	N	Y	N	N	N	N	N	N	N	N	0.0009	0.0005	0.0060	0.0053	0.0000	0.0000	0.0002	0.0002	0.0000	0.0003	0.0003	0.0000	0.0000	0.0000	0.0000	0.2253	0.4511	0.0000	0.0477	0.0558	0.0000	0.2164	0.8890	0.0000	0.0000	0.0000	-0.0000	-0.0009	15.6542	0.0001	8.9658	6.0018	0.0000	0.0000	0.0000	0.0000	0.0000	0.0000	0.0000	0.0000	0.0000	0.0014	0.0014	0.0000	0.0005	0.0005	0.0000	0.0009	0.0009	0.0000	0.0000	0.0000	0.0000	0.0000	0.0000	0.0000	0.0000	0.0000	0.0000	0.0852	0.0518	0.0334	0.0227	0.0199	0.0029	0.0624	0.0319	0.0305	0.0117	0.0076	0.0000	0.0129	0.0118	0.0000	0.0000	0.0000	0.0000	0.0167	0.0275	0.0000	0.0220	0.0252	0.0000	0.0148	0.0290	0.0000			
5	16	0.3367	12	0	0	1	2	0	0	0	0	N	N	N	Y	N	N	N	N	N	N	N	N	0.0000	0.0000	inf	0.0307	0.0200	inf	0.0000	0.0000	inf	0.0005	0.0004	0.0013	0.0015	0.0012	0.0065	0.0000	0.0000	0.0000	34.0889	56.0131	0.0000	0.0487	0.0584	0.0000	46.3591	90.4867	0.0000	0.3660	0.0000	-0.0000	-0.6166	15.6542	1.0007	8.9658	1.0009	0.0000	0.0000	0.0000	0.0000	0.0000	0.0000	0.0000	0.0000	0.0000	0.9813	0.9813	0.0000	0.0002	0.0002	0.0000	0.9812	0.9812	0.0000	0.0758	0.0676	0.0082	0.0274	0.0257	0.0017	0.0484	0.0419	0.0065	0.0288	0.0175	0.0113	0.0076	0.0067	0.0009	0.0212	0.0108	0.0103	0.0000	0.0000	inf	0.0666	0.0455	inf	0.0000	0.0000	inf	34.0889	56.0131	0.0000	0.0225	0.0256	0.0000	46.3591	90.4867	0.0000
5	17	0.1744	4	0	1	1	2	0	0	0	0	N	N	N	Y	N	N	N	N	N	N	N	N	2.1696	1.8052	0.0732	0.0321	0.0341	0.1515	954.1136	397.0026	0.0720	1.5165	1.7147	0.0001	0.0552	0.0585	0.0001	1.8410	2.1129	0.0001	0.6990	0.9499	0.0010	1.7198	1.7142	0.0004	0.0019	0.0053	0.0010	0.0000	0.0050	-0.2838	-0.0099	15.6542	8.1476	8.9658	4.0573	0.9884	0.9884	0.0000	0.0065	0.0065	0.0000	0.9818	0.9818	0.0000	0.0159	0.0158	0.0001	0.0158	0.0158	0.0000	0.0001	0.0000	0.0001	0.6517	0.5764	0.0753	0.1184	0.1117	0.0067	0.5333	0.4647	0.0686	0.2008	0.1189	0.0820	0.0349	0.0319	0.0030	0.1659	0.0870	0.0789	19.1811	12.8989	0.0732	0.1222	0.1182	0.1515	3182.4546	10243.2883	0.0720	0.0791	0.1329	0.0010	0.4520	0.4952	0.0004	0.0006	0.0002	0.0010
5	18	0.3296	10	0	1	1	1	0	0	0	0	N	N	N	N	N	N	N	N	N	N	N	N	84.1442	31.6512	0.0000	0.1720	0.1573	0.0000	411037.6969	2310.9321	0.0000	1.0171	1.1484	0.0000	0.0047	0.0051	0.0000	1.7286	2.0076	0.0000	0.0121	0.0363	0.0000	0.0272	0.0323	0.0000	0.0000	0.0009	0.0000	0.0000	0.0001	-0.2921	-0.0009	15.6542	12.7610	8.9658	15.2058	1.0173	1.0173	0.0000	0.0019	0.0019	0.0000	1.0154	1.0154	0.0000	0.0014	0.0014	0.0000	0.0014	0.0014	0.0000	0.0000	0.0000	0.0000	1.0002	0.8859	0.1143	0.4128	0.3801	0.0326	0.5874	0.5058	0.0817	0.3816	0.2260	0.1556	0.0980	0.0875	0.0106	0.2836	0.1386	0.1451	268.7080	179.6974	0.0000	0.3181	0.3082	0.0000	411037.6969	268440.2982	0.0000	0.0038	0.0064	0.0000	0.0147	0.0165	0.0000	0.0000	0.0000	0.0000
5	19	0.3434	13	0	1	1	2	0	0	0	0	N	N	N	Y	N	N	N	N	N	N	N	N	inf	inf	inf	inf	inf	inf	0.0241	0.0270	0.0000	0.0504	0.0537	0.0000	0.0090	0.0104	0.0000	0.0000	0.0000	0.0000	0.0000	0.0000	0.0000	0.0000	0.0000	0.0000	0.0000	-0.0016	0.0000	15.6542	3.0000	8.9658	1.0000	0.0054	0.0054	0.0000	0.0041	0.0041	0.0000	0.0013	0.0013	0.0000	0.0000	0.0000	0.0000	0.0000	0.0000	0.0000	0.0000	0.0000	0.0000	0.2243	0.2002	0.0241	0.0818	0.0768	0.0050	0.1425	0.1234	0.0191	0.0561	0.0345	0.0216	0.0151	0.0133	0.0018	0.0410	0.0213	0.0197	inf	inf	0.0000	inf	inf	0.0000	inf	inf	0.0000	0.0000	0.0000	0.0000	0.0000	0.0000	0.0000	0.0000	0.0000	0.0000				
5	20	0.7071	12	0	1	1	2	0	0	0	0	N	N	N	Y	N	N	N	N	N	N	N	N	2.1130	74232359.5123	0.0000	16.8572	14955025.9240	0.0000	2.7511	inf	0.0000	1.5000	1.6343	0.0000	0.5780	0.6036	0.0000	2.5425	2.9128	0.0000	0.7099	0.0000	1.7788	0.0343	0.0000	0.2977	0.9242	0.0000	1.7535	0.0000	5622226.4094	-0.3557	0.0046	15.6542	9.0824	8.9658	4.8637	1.2390	1.2390	0.0000	0.2533	0.2533	0.0000	0.9856	0.9856	0.0000	0.0124	0.0000	0.0124	0.0011	0.0000	0.0011	0.0113	0.0000	0.0113	0.8260	0.7581	0.0679	0.4383	0.4197	0.0186	0.3877	0.3384	0.0493	0.1520	0.0999	0.0521	0.0628	0.0545	0.0082	0.0893	0.0454	0.0439	18.4358	74232359.5123	0.0000	32.9651	14955025.9240	0.0000	20.1417	inf	0.0000	0.0814	0.0000	0.2374	0.0175	0.0000	0.1334	0.1262	0.0000	0.2570
5	21	0.3269	9	1	1	1	1	0	0	0	0	N	N	N	N	N	N	N	N	N	N	N	N	3523.3678	1875.0651	542.1398	10.9941	10.3174	169.6460	231909.3498	11942.8180	642.1962	2.6658	2.9866	0.0106	0.0191	0.0202	0.0035	4.2128	4.8667	0.0125	0.0008	0.0016	0.0000	0.0017	0.0020	0.0000	0.0000	0.0004	0.0000	0.0004	0.0168	-0.2855	-0.0001	15.6542	5.0072	8.9658	8.1033	0.9959	0.9955	0.0004	0.0026	0.0026	0.0000	0.9933	0.9929	0.0004	0.0001	0.0001	0.0000	0.0001	0.0001	0.0000	0.0000	0.0000	0.0000	0.3736	0.3333	0.0403	0.1378	0.1293	0.0085	0.2358	0.2040	0.0318	0.1898	0.1141	0.0758	0.0509	0.0453	0.0056	0.1389	0.0688	0.0701	5618.4927	3846.1565	542.1398	10.9941	10.3174	169.6460	392728.5791	2726997.0152	642.1962	0.0005	0.0008	0.0000	0.0017	0.0020	0.0000	0.0000	0.0000	0.0000
5	22	0.2954	9	0	1	1	1	0	0	0	0	N	N	N	N	N	N	N	N	N	N	N	N	0.0090	0.0047	0.0013	0.0169	0.0160	0.0004	1.3828	0.0698	0.0011	0.0019	0.0021	0.0000	0.0054	0.0057	0.0000	0.0000	0.0000	0.0000	0.2047	0.4376	0.0000	0.3186	0.3576	0.0005	0.0000	0.0003	0.0000	0.0000	0.0011	-0.0007	-0.0039	15.6542	17.0533	8.9658	10.0403	0.0024	0.0024	0.0000	0.0023	0.0023	0.0000	0.0000	0.0000	0.0000	0.0062	0.0062	0.0000	0.0062	0.0062	0.0000	0.0000	0.0000	0.0000	1.2747	1.1395	0.1352	0.4361	0.4109	0.0251	0.8386	0.7285	0.1101	0.3947	0.2332	0.1614	0.0920	0.0827	0.0093	0.3026	0.1505	0.1521	0.1172	0.0776	0.0013	0.0794	0.0758	0.0004	1.9297	19.2644	0.0011	0.0158	0.0267	0.0000	0.0677	0.0753	0.0005	0.0000	0.0000	0.0000
5	23	0.1744	4	0	0	1	2	0	0	0	0	N	N	N	Y	N	N	N	N	N	N	N	N	1.0754	2.6011	0.0383	3.1416	3.0423	0.4221	0.5766	82.4817	0.0411	0.0118	0.0133	0.0004	0.0238	0.0252	0.0008	0.0089	0.0102	0.0003	0.0110	0.0051	0.0096	0.0076	0.0083	0.0018	0.0155	0.0001	0.0080	0.0036	2.3590	-0.0008	0.0000	15.6542	2.8591	8.9658	0.9679	0.0028	0.0028	0.0000	0.0011	0.0011	0.0000	0.0017	0.0017	0.0000	0.0002	0.0001	0.0002	0.0001	0.0001	0.0000	0.0002	0.0000	0.0002	0.2406	0.2127	0.0279	0.0462	0.0436	0.0026	0.1944	0.1691	0.0253	0.0676	0.0400	0.0276	0.0128	0.0118	0.0010	0.0548	0.0282	0.0266	3.3542	7.5092	0.0609	4.2008	4.1981	0.4221	2.9663	26183.0582	0.0529	0.0035	0.0018	0.0060	0.0057	0.0060	0.0018	0.0030	0.0000	0.0062
5	24	0.1482	3	0	0	1	2	0	0	0	0	N	N	N	Y	N	N	N	N	N	N	N	N	5.6153	7.5454	0.0364	1.4370	1.5073	0.0000	5.6679	658.6241	0.0383	5.5021	6.2163	0.1061	2.0844	2.1863	0.0000	6.2323	7.1619	0.1141	0.9798	0.8239	2.9129	1.4505	1.4505	0.4792	1.0996	0.0109	2.9776	0.0023	3.9761	-0.8068	0.0107	15.6542	6.2936	8.9658	7.0245	2.8321	2.8258	0.0064	0.1889	0.1889	0.0000	2.6433	2.6369	0.0064	0.0625	0.0126	0.0499	0.0131	0.0125	0.0006	0.0493	0.0000	0.0493	0.5147	0.4546	0.0602	0.0906	0.0864	0.0042	0.4241	0.3682	0.0559	0.2222	0.1317	0.0905	0.0389	0.0356	0.0033	0.1834	0.0962	0.0872	19.5693	65.2220	0.1922	6.1651	6.2095	0.0000	23.1601	17440.7673	0.2017	0.2812	0.0953	0.5518	0.3381	0.3521	0.1874	0.2691	0.0004	0.5656
5	25	0.4009	10	1	0	2	1	0	0	0	0	N	N	Y	N	N	N	N	N	N	N	N	N	0.3867	198.7641	0.5810	0.1260	28.7244	0.1525	361.4649	inf	0.0400	0.0003	0.0003	0.0008	0.0003	0.0001	0.0027	0.0004	0.0005	0.0000	0.0009	0.0000	0.0013	0.0021	0.0000	0.0176	0.0000	0.0000	0.0000	0.2841	594.0923	-0.0000	0.0000	15.6542	4.4994	8.9658	1.0731	0.0001	0.0001	0.0000	0.0001	0.0000	0.0000	0.0001	0.0001	0.0000	0.0000	0.0000	0.0000	0.0000	0.0000	0.0000	0.0000	0.0000	0.0000	0.4056	0.3668	0.0388	0.1951	0.1840	0.0112	0.2104	0.1828	0.0276	0.0765	0.0465	0.0300	0.0193	0.0171	0.0023	0.0571	0.0294	0.0278	0.6386	198.7641	0.5810	0.1260	28.7244	0.1525	361.4649	inf	0.0400	0.0005	0.0000	0.0013	0.0021	0.0000	0.0176	0.0000	0.0000	0.0000
5	26	0.2885	8	0	1	1	1	0	0	0	0	N	N	N	N	N	N	N	N	N	N	N	N	0.4281	0.1055	0.0000	0.3602	0.3276	0.0000	32.2546	1.9827	0.0000	0.0104	0.0116	0.0000	0.0170	0.0181	0.0000	0.0059	0.0068	0.0000	0.0243	0.1101	0.0000	0.0472	0.0554	0.0000	0.0002	0.0034	0.0000	0.0000	0.0014	-0.0030	-0.0012	15.6542	12.3098	8.9658	9.0087	0.0104	0.0104	0.0000	0.0069	0.0069	0.0000	0.0035	0.0035	0.0000	0.0019	0.0019	0.0000	0.0019	0.0019	0.0000	0.0000	0.0000	0.0000	1.0010	0.8963	0.1047	0.4085	0.3826	0.0259	0.5926	0.5137	0.0789	0.3111	0.1884	0.1227	0.0871	0.0759	0.0112	0.2240	0.1125	0.1115	1.6933	1.1468	0.0000	0.7805	0.7261	0.0000	90.5988	64.6070	0.0000	0.0061	0.0101	0.0000	0.0218	0.0250	0.0000	0.0001	0.0001	0.0000
5	27	0.2653	7	0	1	1	1	0	0	0	0	N	N	N	N	N	N	N	N	N	N	N	N	1.6394	0.6143	52.8992	1.7762	1.5920	1.9064	13.8328	0.5681	129.8695	0.1836	0.2011	0.0343	0.1789	0.1904	0.0070	0.1867	0.2088	0.0429	0.1120	0.3274	0.0006	0.1007	0.1196	0.0037	0.0135	0.3676	0.0003	0.0201	0.0227	-0.0994	-0.0043	15.6542	25.8727	8.9658	15.5187	0.3719	0.3645	0.0073	0.1449	0.1445	0.0004	0.2270	0.2200	0.0070	0.0071	0.0069	0.0002	0.0059	0.0058	0.0001	0.0012	0.0011	0.0001	2.0258	1.8124	0.2134	0.8100	0.7589	0.0511	1.2158	1.0535	0.1623	0.6069	0.3656	0.2413	0.1637	0.1407	0.0230	0.4432	0.2248	0.2184	15.7642	10.6405	52.8992	4.9911	4.6355	1.9064	68.9191	41.6115	129.8695	0.0116	0.0189	0.0006	0.0358	0.0411	0.0037	0.0027	0.0050	0.0003
5	28	0.3177	9	1	1	1	1	0	0	0	0	N	N	N	N	N	N	N	N	N	N	N	N	1.5880	1.2552	5443.2172	1.6688	1.6298	5077.2384	68.7652	2.0368	2599.2637	0.7283	0.8179	0.0536	1.1212	1.1966	0.1499	0.4572	0.5331	0.0213	0.4586	0.6516	0.0000	0.6719	0.7342	0.0000	0.0066	0.2617	0.0000	0.0087	0.0001	-0.6159	-0.0149	15.6542	38.1974	8.9658	14.3032	2.2114	2.1923	0.0191	1.3899	1.3765	0.0134	0.8215	0.8158	0.0057	0.0238	0.0238	0.0000	0.0229	0.0229	0.0000	0.0009	0.0009	0.0000	3.0363	2.6805	0.3558	1.2396	1.1503	0.0893	1.7967	1.5303	0.2665	0.6925	0.4135	0.2790	0.1842	0.1625	0.0217	0.5083	0.2510	0.2573	21.2300	14.2376	5443.2172	9.0207	8.4950	5077.2384	268.9547	155.2367	2599.2637	0.0343	0.0574	0.0000	0.1243	0.1409	0.0000	0.0017	0.0034	0.0000
5	29	0.2954	9	0	1	1	1	0	0	0	0	N	N	N	N	N	N	N	N	N	N	N	N	0.2262	0.0558	0.0000	0.2726	0.2393	0.0000	89.6257	0.3450	0.0000	0.0064	0.0072	0.0000	0.0144	0.0154	0.0000	0.0001	0.0001	0.0000	0.0283	0.1283	0.0000	0.0529	0.0645	0.0000	0.0000	0.0003	0.0000	0.0000	0.0002	-0.0010	-0.0010	15.6542	6.0056	8.9658	10.9350	0.0036	0.0036	0.0000	0.0036	0.0036	0.0000	0.0000	0.0000	0.0000	0.0017	0.0017	0.0000	0.0017	0.0017	0.0000	0.0000	0.0000	0.0000	0.5627	0.5034	0.0594	0.2480	0.2318	0.0162	0.3147	0.2716	0.0431	0.2478	0.1507	0.0971	0.0695	0.0605	0.0090	0.1783	0.0902	0.0881	0.9522	0.6477	0.0000	0.6018	0.5610	0.0000	89.6257	96.5862	0.0000	0.0067	0.0110	0.0000	0.0240	0.0275	0.0000	0.0000	0.0000	0.0000
5	30	0.2232	5	1	1	1	1	0	0	0	0	N	N	N	N	N	N	N	N	N	N	N	N	0.2252	0.1135	0.0620	0.5386	0.5867	0.0000	0.3185	0.0121	2.0704	0.0341	0.0382	0.0001	0.0596	0.0651	0.0000	0.0014	0.0016	0.0002	0.1516	0.3366	0.0020	0.1106	0.1109	0.0284	0.0045	0.1355	0.0001	0.0004	0.0551	-0.0277	-0.0042	15.6542	17.1852	8.9658	7.8386	0.0968	0.0967	0.0000	0.0950	0.0950	0.0000	0.0018	0.0018	0.0000	0.0072	0.0068	0.0004	0.0068	0.0065	0.0004	0.0004	0.0004	0.0000	2.8348	2.5306	0.3042	1.5934	1.4593	0.1341	1.2414	1.0713	0.1701	0.5339	0.3489	0.1850	0.1794	0.1657	0.0137	0.3545	0.1832	0.1713	2.5227	1.9475	0.0620	1.5684	1.6690	0.0000	1.2613	0.7748	2.0704	0.0135	0.0196	0.0020	0.0380	0.0390	0.0261	0.0011	0.0021	0.0001
5	31	0.3960	10	0	1	1	1	0	0	0	0	N	N	N	N	N	N	N	N	N	N	N	N	3745.6559	1905.2126	0.0037	1861.8642	1747.1377	0.0000	1434049.4831	inf	0.0127	2.7228	3.0431	0.0000	3.4472	3.6444	0.0000	2.2557	2.6176	0.0000	0.0007	0.0016	0.0000	0.0019	0.0021	0.0001	0.0000	0.0000	0.0000	0.0000	0.0077	-0.5685	-0.0001	15.6542	9.9927	8.9658	7.0404	1.9799	1.9799	0.0000	0.9826	0.9826	0.0000	0.9973	0.9973	0.0000	0.0001	0.0001	0.0000	0.0001	0.0001	0.0000	0.0000	0.0000	0.0000	0.7272	0.6506	0.0765	0.2850	0.2696	0.0154	0.4421	0.3810	0.0611	0.2185	0.1285	0.0901	0.0542	0.0479	0.0063	0.1643	0.0806	0.0837	5915.5497	3916.3373	0.0037	1861.8642	1747.1377	0.0000	1434049.4831	inf	0.0127	0.0005	0.0008	0.0000	0.0019	0.0021	0.0001	0.0000	0.0000	0.0000
5	32	0.3879	9	0	1	1	1	0	0	0	0	N	N	N	N	N	N	N	N	N	N	N	N	68.1265	34.7827	0.2778	2.3316	2.1725	0.1257	4609.9454	26.1397	0.0902	0.0123	0.0138	0.0000	0.0017	0.0018	0.0000	0.0192	0.0223	0.0000	0.0002	0.0004	0.0000	0.0007	0.0008	0.0001	0.0000	0.0009	0.0000	0.0000	0.0125	-0.0011	-0.0000	15.6542	3.8146	8.9658	0.9911	0.0037	0.0037	0.0000	0.0002	0.0002	0.0000	0.0035	0.0035	0.0000	0.0000	0.0000	0.0000	0.0000	0.0000	0.0000	0.0000	0.0000	0.0000	0.3015	0.2704	0.0311	0.1186	0.1127	0.0059	0.1829	0.1577	0.0252	0.0631	0.0370	0.0261	0.0155	0.0136	0.0019	0.0476	0.0234	0.0242	68.1265	45.1165	0.2778	2.3316	2.1725	0.1257	4609.9454	3057.4059	0.0902	0.0002	0.0003	0.0000	0.0007	0.0008	0.0001	0.0000	0.0000	0.0000
5	33	0.3879	9	0	1	1	1	0	0	0	0	N	N	N	N	N	N	N	N	N	N	N	N	46.3382	23.2510	169035.6293	51.8773	42.7784	inf	2612460.5599	inf	182583.3601	0.1822	0.2032	0.0018	0.4502	0.4754	0.0006	0.0150	0.0171	0.0021	0.0039	0.0087	0.0000	0.0087	0.0111	0.0000	0.0000	0.0000	0.0000	0.0010	0.0000	-0.0899	-0.0004	15.6542	24.4476	8.9658	5.0002	0.3141	0.3138	0.0003	0.2981	0.2981	0.0000	0.0160	0.0157	0.0003	0.0006	0.0006	0.0000	0.0006	0.0006	0.0000	0.0000	0.0000	0.0000	1.7244	1.5447	0.1797	0.6623	0.6271	0.0352	1.0621	0.9176	0.1445	0.3682	0.2163	0.1519	0.0904	0.0792	0.0112	0.2778	0.1371	0.1407	115.6452	75.7620	169035.6293	70.1618	64.9277	inf	2612460.5599	inf	182583.3601	0.0016	0.0027	0.0000	0.0064	0.0073	0.0000	0.0000	0.0000	0.0000
5	34	0.3638	7	0	1	2	2	0	0	0	0	N	N	Y	Y	N	N	N	N	N	N	N	N	3.0067	1.5876	4.1101	2.3867	2.1399	0.0354	3.0028	10.3839	5.6587	0.0083	0.0088	0.0009	0.0116	0.0120	0.0000	0.0009	0.0009	0.0013	0.0027	0.0055	0.0002	0.0049	0.0056	0.0000	0.0003	0.0001	0.0002	0.0065	0.0734	-0.0004	-0.0000	15.6542	1.3124	8.9658	1.0060	0.0016	0.0016	0.0000	0.0015	0.0015	0.0000	0.0001	0.0000	0.0000	0.0000	0.0000	0.0000	0.0000	0.0000	0.0000	0.0000	0.0000	0.0000	0.1890	0.1774	0.0116	0.1296	0.1261	0.0036	0.0594	0.0513	0.0080	0.0347	0.0211	0.0136	0.0093	0.0085	0.0007	0.0254	0.0126	0.0128	6.7865	4.6929	4.1101	2.7395	2.5923	0.0354	8.1968	3426.5416	5.6587	0.0012	0.0019	0.0002	0.0042	0.0046	0.0000	0.0001	0.0000	0.0002
5	35	0.2324	6	0	0	1	2	0	0	0	0	N	N	N	Y	N	N	N	N	N	N	N	N	19.9150	3.1901	4346.9911	8.7146	8.4826	1.0635	1356.9704	134.7783	10074.6358	0.7872	0.6046	2.3853	0.8123	0.8682	0.0056	0.7719	0.4325	3.1346	0.0395	0.1895	0.0005	0.0932	0.1023	0.0053	0.0006	0.0032	0.0003	0.4508	0.0300	0.0771	-0.0045	15.6542	53.2438	8.9658	16.6757	3.2640	2.2497	1.0143	1.2764	1.2758	0.0006	1.9876	0.9739	1.0137	0.0075	0.0073	0.0002	0.0074	0.0073	0.0001	0.0002	0.0000	0.0001	4.1464	3.7212	0.4252	1.5714	1.4696	0.1018	2.5750	2.2516	0.3234	0.9663	0.5670	0.3993	0.2141	0.1951	0.0190	0.7522	0.3719	0.3803	101.1912	46.9721	4346.9911	23.6191	23.3253	1.0635	3767.0587	4493.1045	10074.6358	0.0078	0.0129	0.0005	0.0344	0.0372	0.0053	0.0002	0.0001	0.0003
5	36	0.2638	8	0	1	1	1	0	0	0	0	N	N	N	N	N	N	N	N	N	N	N	N	187.2319	98.1992	691.6278	196.7350	170.5593	17.8102	61.6792	1.2261	900.2474	0.4779	0.5142	0.1275	1.0117	1.0640	0.0030	0.0262	0.0048	0.1668	0.0026	0.0052	0.0002	0.0051	0.0062	0.0002	0.0004	0.0039	0.0002	0.0257	0.0710	-0.2009	-0.0003	15.6542	17.9460	8.9658	11.6991	0.7666	0.7474	0.0192	0.7438	0.7437	0.0001	0.0228	0.0037	0.0191	0.0005	0.0004	0.0000	0.0004	0.0004	0.0000	0.0001	0.0000	0.0000	1.6042	1.4534	0.1508	0.7352	0.6990	0.0362	0.8690	0.7544	0.1146	0.4184	0.2470	0.1714	0.0969	0.0858	0.0112	0.3215	0.1612	0.1602	419.5814	285.4819	691.6278	230.7408	215.6772	17.8102	163.5962	35.8160	900.2474	0.0011	0.0018	0.0002	0.0044	0.0049	0.0002	0.0002	0.0001	0.0002
5	37	0.7193	13	1	1	1	1	0	0	0	0	N	N	N	N	N	N	N	N	N	N	N	N	1424.1317	850.2515	0.0000	1290.1232	1184.1283	0.0000	0.0000	0.0237	0.0263	0.0000	0.0477	0.0505	0.0000	0.0000	0.0000	0.0000	0.0000	0.0000	0.0000	0.0000	0.0000	0.0000	0.0000	0.0000	0.0000	0.0000	0.0203	-0.0010	-0.0000	15.6542	1.9903	8.9658	0.0021	0.0034	0.0034	0.0000	0.0034	0.0034	0.0000	0.0000	0.0000	0.0000	0.0000	0.0000	0.0000	0.0000	0.0000	0.0000	0.0000	0.0000	0.0000	0.1451	0.1309	0.0142	0.0721	0.0682	0.0039	0.0730	0.0628	0.0103	0.0208	0.0139	0.0070	0.0092	0.0080	0.0012	0.0117	0.0059	0.0058	1424.1317	1070.8125	0.0000	1290.1232	1184.1283	0.0000	0.0000	0.0000	0.0000	0.0000	0.0000	0.0000	0.0000	0.0000	0.0000	0.0000	0.0000	0.0000		
5	38	0.2324	6	0	1	1	2	0	0	0	0	N	N	N	Y	N	N	N	N	N	N	N	N	0.1977	0.2057	0.4633	0.2469	0.2906	0.2695	0.2590	0.1104	0.5865	0.2719	0.0047	2.5954	0.0073	0.0065	0.0178	0.4406	0.0034	3.4627	1.3749	0.0226	5.6022	0.0295	0.0225	0.0659	1.7013	0.0306	5.9044	64.1203	381.2214	0.7042	0.3631	15.6542	45.5232	8.9658	15.8903	1.0097	0.0155	0.9942	0.0105	0.0088	0.0017	0.9991	0.0067	0.9924	0.9839	0.0026	0.9813	0.0031	0.0023	0.0008	0.9808	0.0003	0.9805	3.7139	3.3309	0.3830	1.4462	1.3498	0.0964	2.2677	1.9811	0.2866	0.8727	0.5128	0.3599	0.1963	0.1792	0.0171	0.6763	0.3335	0.3428	0.2411	0.9272	0.9519	0.4631	0.5163	0.3704	0.3038	3.6814	1.2107	1.1275	0.0050	2.7266	0.0157	0.0127	0.0479	1.4502	0.0009	2.8601
5	39	0.2053	5	0	0	1	2	0	0	0	0	N	N	N	Y	N	N	N	N	N	N	N	N	1.7412	2.7171	0.1461	8.6327	12.2546	0.2303	1.0419	1.0431	0.2063	0.8341	0.9396	0.0370	1.2119	1.3260	0.0321	0.5435	0.6248	0.0394	0.4790	0.3458	0.2532	0.1404	0.1082	0.1392	0.5216	0.5990	0.1909	0.0052	2.0275	-0.3382	0.0005	15.6542	13.8166	8.9658	4.5847	1.1994	1.1932	0.0062	0.7576	0.7558	0.0018	0.4418	0.4373	0.0044	0.0112	0.0037	0.0075	0.0031	0.0026	0.0006	0.0080	0.0011	0.0069	1.4380	1.2699	0.1681	0.6251	0.5700	0.0551	0.8128	0.6999	0.1130	0.3080	0.1807	0.1273	0.0734	0.0663	0.0072	0.2346	0.1144	0.1201	23.0080	46.0328	0.6297	28.2841	34.2333	0.3963	15.8976	63.7785	0.6860	0.0363	0.0204	0.0587	0.0428	0.0387	0.0809	0.0342	0.0098	0.0574
5	40	0.2375	5	0	0	2	1	0	0	0	0	N	N	Y	N	N	N	N	N	N	N	N	N	0.4732	0.3095	6.4820	0.0040	0.0007	148.6571	49.6462	29.2029	0.0254	0.9891	1.1015	0.0833	0.0329	0.0068	0.4164	1.4929	1.7257	0.0003	2.0901	3.5590	0.0128	8.2831	9.2897	0.0028	0.0301	0.0591	0.0106	0.0094	0.0015	-0.2783	-0.4522	15.6542	12.6411	8.9658	7.4648	1.0015	0.9922	0.0093	0.0115	0.0022	0.0093	0.9900	0.9900	0.0000	0.7214	0.7203	0.0011	0.7202	0.7201	0.0000	0.0012	0.0002	0.0010	1.0125	0.9008	0.1118	0.3494	0.3271	0.0223	0.6632	0.5737	0.0895	0.3451	0.2024	0.1427	0.0869	0.0775	0.0094	0.2582	0.1249	0.1333	0.4732	0.3095	11.2865	0.0040	0.0007	148.6571	321.1054	1240.3967	0.0347	2.0901	3.5590	0.0074	8.2831	9.2897	0.0028	0.0046	0.0014	0.0077
5	41	0.7069	11	0	1	1	1	0	0	0	0	N	N	N	N	N	N	N	N	N	N	N	N	2.0517	1.7750	262.6263	2.5189	2.4447	705.5233	3960.9351	1128.0384	34.6598	1.2304	1.3629	0.0359	1.8548	1.9434	0.1507	0.7487	0.8686	0.0043	0.5997	0.7678	0.0001	0.7363	0.7950	0.0002	0.0002	0.0008	0.0001	0.0029	0.0009	-0.5356	-0.0129	15.6542	22.0894	8.9658	9.3639	1.8845	1.8790	0.0055	1.2372	1.2322	0.0050	0.6474	0.6469	0.0005	0.0205	0.0205	0.0000	0.0205	0.0205	0.0000	0.0000	0.0000	0.0000	1.5316	1.3787	0.1529	0.6670	0.6340	0.0330	0.8646	0.7447	0.1199	0.3799	0.2445	0.1353	0.1503	0.1316	0.0187	0.2296	0.1129	0.1167	22.7907	16.2669	262.6263	13.5996	12.4835	705.5233	11345.1331	153141.9354	34.6598	0.0540	0.0838	0.0001	0.1364	0.1557	0.0002	0.0001	0.0000	0.0001
5	42	0.2053	5	0	1	1	1	0	0	0	0	N	N	N	N	N	N	N	N	N	N	N	N	0.6686	80.7372	0.0013	23.7860	35.1859	0.0042	0.6581	278.4208	0.0016	0.9390	1.0515	0.0077	0.5828	0.6253	0.0002	1.1330	1.2999	0.0099	1.4045	0.0130	5.8017	0.0245	0.0178	0.0533	1.7217	0.0047	6.1865	0.0009	574.6363	-0.8955	0.3719	15.6542	43.3975	8.9658	17.3745	3.1283	3.1255	0.0028	0.6844	0.6844	0.0000	2.4438	2.4411	0.0028	1.0054	0.0017	1.0037	0.0024	0.0017	0.0007	1.0030	0.0001	1.0030	3.3314	2.9725	0.3590	1.1744	1.0945	0.0799	2.1570	1.8779	0.2791	0.8486	0.4933	0.3553	0.1747	0.1574	0.0174	0.6738	0.3359	0.3380	0.7925	296.9443	0.0027	42.4249	58.2571	0.0054	0.7611	7603.8312	0.0033	1.1848	0.0035	2.8246	0.0137	0.0107	0.0410	1.4885	0.0002	2.9676
5	43	0.6370	10	1	0	2	1	0	0	0	0	N	N	Y	N	N	N	N	N	N	N	N	N	644.2426	323.5208	2201.6439	563.9312	526.7889	490.0947	6368.0535	inf	3020.2375	0.2806	0.3105	0.0113	0.5164	0.5513	0.0018	0.0181	0.0184	0.0161	0.0004	0.0010	0.0000	0.0009	0.0010	0.0000	0.0000	0.0000	0.0000	0.0040	0.0059	-0.1170	-0.0001	15.6542	18.2331	8.9658	4.4208	0.4134	0.4117	0.0017	0.4008	0.4007	0.0001	0.0126	0.0110	0.0016	0.0001	0.0001	0.0000	0.0001	0.0001	0.0000	0.0000	0.0000	0.0000	1.4731	1.3260	0.1471	0.7761	0.7268	0.0493	0.6969	0.5992	0.0978	0.2669	0.1641	0.1027	0.0972	0.0850	0.0122	0.1697	0.0791	0.0905	836.8867	572.9501	2201.6439	563.9312	526.7889	490.0947	6368.0535	inf	3020.2375	0.0003	0.0005	0.0000	0.0009	0.0010	0.0000	0.0000	0.0000	0.0000
5	44	0.6968	10	0	1	1	2	0	0	0	0	N	N	N	Y	N	N	N	N	N	N	N	N	0.7433	4.5903	0.1461	18.8936	23.4421	0.1393	0.3211	66.4332	0.1774	0.9941	1.0051	0.8896	1.4031	1.4870	0.0095	0.6045	0.5064	1.2507	1.3375	0.2190	6.0875	0.0743	0.0634	0.0680	1.8825	0.0076	7.0520	0.0932	116.2312	-0.8814	0.3649	15.6542	62.5878	8.9658	29.9840	4.3654	3.9934	0.3720	3.0059	3.0048	0.0012	1.3594	0.9886	0.3709	1.0049	0.0086	0.9964	0.0108	0.0085	0.0023	0.9941	0.0001	0.9940	4.3911	3.9730	0.4182	2.1423	2.0207	0.1217	2.2488	1.9523	0.2965	0.9382	0.6056	0.3326	0.3595	0.3119	0.0476	0.5787	0.2936	0.2850	0.9281	71.0059	0.2970	46.6009	54.6832	0.1923	0.3519	1656.6386	0.3586	1.0712	0.0142	2.9956	0.0301	0.0272	0.0492	1.7180	0.0003	3.4876
5	45	0.6370	10	1	0	2	1	0	0	0	0	N	N	Y	N	N	N	N	N	N	N	N	N	2739.3076	1882.2293	132.1259	89.6940	94.2315	39.2680	232031.2265	inf	309.7364	0.9079	1.0071	0.0144	0.0678	0.0703	0.0325	1.9171	2.2303	0.0042	0.0003	0.0005	0.0001	0.0008	0.0007	0.0008	0.0000	0.0000	0.0000	0.0016	0.1740	-0.2993	-0.0000	15.6542	13.5293	8.9658	3.1702	1.0481	1.0464	0.0017	0.0427	0.0414	0.0014	1.0054	1.0051	0.0003	0.0001	0.0000	0.0000	0.0001	0.0000	0.0000	0.0000	0.0000	0.0000	1.1545	1.0391	0.1154	0.6300	0.5884	0.0416	0.5244	0.4506	0.0738	0.2023	0.1247	0.0775	0.0742	0.0651	0.0091	0.1281	0.0597	0.0684	3222.1307	2587.5543	132.1259	89.6940	94.2315	39.2680	264411.7181	inf	309.7364	0.0003	0.0004	0.0001	0.0008	0.0007	0.0008	0.0000	0.0000	0.0000
5	46	0.6326	9	1	0	2	1	0	0	0	0	N	N	Y	N	N	N	N	N	N	N	N	N	4.0435	3.5395	0.3569	4.8805	4.6377	0.1385	6.7172	91.1976	0.6187	0.0234	0.0259	0.0007	0.0205	0.0221	0.0001	0.0290	0.0334	0.0012	0.0058	0.0073	0.0019	0.0042	0.0048	0.0007	0.0043	0.0004	0.0020	0.0028	0.4693	-0.0036	-0.0001	15.6542	4.1147	8.9658	1.2946	0.0127	0.0126	0.0000	0.0072	0.0072	0.0000	0.0055	0.0054	0.0000	0.0002	0.0001	0.0001	0.0001	0.0001	0.0000	0.0001	0.0000	0.0001	0.5408	0.4888	0.0520	0.3523	0.3263	0.0260	0.1885	0.1625	0.0260	0.0829	0.0526	0.0303	0.0324	0.0293	0.0030	0.0505	0.0232	0.0273	10.8589	11.1660	0.3569	5.3499	5.3266	0.1385	26.6320	21621.0408	0.6187	0.0022	0.0023	0.0019	0.0038	0.0041	0.0007	0.0011	0.0000	0.0020
5	47	0.5699	8	1	0	1	1	0	0	0	0	N	N	N	N	N	N	N	N	N	N	N	N	1.4107	5.6807	0.0082	33.2624	50.8750	0.0335	1.0189	1.6930	0.0105	1.1100	1.2284	0.0177	1.2165	1.2860	0.0034	1.0192	1.1747	0.0226	0.7868	0.2162	2.1587	0.0366	0.0253	0.1010	1.0003	0.6939	2.1490	0.0016	11.0400	-0.5673	0.0189	15.6542	22.0103	8.9658	13.6452	1.9865	1.9834	0.0031	1.0023	1.0021	0.0002	0.9842	0.9812	0.0029	0.0654	0.0054	0.0600	0.0041	0.0028	0.0013	0.0613	0.0026	0.0587	1.7896	1.6146	0.1750	0.8239	0.7793	0.0447	0.9656	0.8353	0.1303	0.5864	0.3858	0.2006	0.2272	0.2066	0.0206	0.3593	0.1792	0.1800	9.9500	87.2248	0.0591	67.1703	93.4391	0.0548	5.9725	81.2790	0.0692	0.1116	0.0141	0.2990	0.0181	0.0138	0.0618	0.1706	0.0145	0.3261
5	48	0.2375	5	0	1	1	1	0	0	0	0	N	N	N	N	N	N	N	N	N	N	N	N	0.0049	0.0040	0.9705	0.5215	0.4518	0.0136	0.0002	0.0001	1.1483	0.0062	0.0070	0.0003	0.0174	0.0186	0.0000	0.0003	0.0003	0.0003	1.2605	1.7492	0.0003	0.0334	0.0411	0.0001	1.5837	2.8581	0.0003	0.0048	0.0001	-0.0018	-0.1670	15.6542	12.3962	8.9658	3.7178	0.0063	0.0062	0.0000	0.0060	0.0060	0.0000	0.0002	0.0002	0.0000	0.2658	0.2657	0.0000	0.0013	0.0013	0.0000	0.2645	0.2644	0.0000	1.0066	0.8954	0.1111	0.3476	0.3254	0.0222	0.6589	0.5700	0.0889	0.2918	0.1724	0.1195	0.0764	0.0681	0.0083	0.2154	0.1042	0.1111	0.0068	0.0045	0.9705	1.0117	0.9636	0.0136	0.0003	0.0001	1.1483	0.9108	1.5418	0.0003	0.0172	0.0193	0.0001	1.2279	2.5371	0.0003
5	49	0.2086	4	0	0	1	1	0	0	0	0	N	N	N	N	N	N	N	N	N	N	N	N	0.0219	0.0158	1.3940	0.0066	0.0057	0.4370	0.0273	0.0164	3.1803	0.0293	0.0301	0.0234	0.0200	0.0183	0.0400	0.0362	0.0395	0.0169	1.3365	1.8971	0.0168	3.0251	3.1799	0.0914	1.3251	2.4136	0.0053	0.1051	0.0034	-0.0086	-0.2433	15.6542	14.4870	8.9658	5.8627	0.0447	0.0405	0.0043	0.0130	0.0110	0.0021	0.0317	0.0295	0.0022	0.3893	0.3880	0.0013	0.1958	0.1951	0.0007	0.1935	0.1929	0.0007	1.5287	1.3469	0.1818	0.6513	0.5999	0.0514	0.8775	0.7470	0.1305	0.3636	0.2120	0.1516	0.0939	0.0826	0.0113	0.2697	0.1294	0.1403	0.0273	0.0164	2.6732	0.0096	0.0077	0.6841	0.0504	0.0265	3.5423	1.0707	1.8303	0.0088	2.0858	2.3625	0.0584	0.7175	1.4906	0.0048
5	50	0.4067	11	1	1	2	1	0	0	0	0	N	N	Y	N	N	N	N	N	N	N	N	N	0.0000	0.0000	0.0000	0.0000	0.0000	0.0000	0.0000	0.0000	0.0000	0.0000	0.0000	0.0000	0.0000	0.0002	0.0004	0.0000	0.0008	0.0009	0.0000	0.0000	0.0000	0.0000	0.0000	0.0000	-0.0000	15.6542	0.9856	8.9658	2.8295	0.0000	0.0000	0.0000	0.0000	0.0000	0.0000	0.0000	0.0000	0.0000	0.0000	0.0000	0.0000	0.0000	0.0000	0.0000	0.0000	0.0000	0.0000	0.0748	0.0670	0.0078	0.0303	0.0285	0.0018	0.0445	0.0384	0.0061	0.0506	0.0304	0.0202	0.0126	0.0110	0.0016	0.0380	0.0194	0.0186	0.0000	0.0000	0.0000	0.0000	0.0000	0.0000	0.0000	0.0000	0.0000	0.0002	0.0003	0.0000	0.0008	0.0009	0.0000	0.0000	0.0000	0.0000						
5	51	0.6767	11	1	1	1	1	0	0	0	0	N	N	N	N	N	N	N	N	N	N	N	N	0.0006	0.0005	0.0007	0.6166	0.5629	0.0000	0.0000	0.0000	0.0010	0.0022	0.0025	0.0000	0.0044	0.0047	0.0000	0.0000	0.0000	0.0000	3.6002	5.5095	0.0004	0.0072	0.0084	0.0004	6.0479	12.1780	0.0004	0.0000	0.0000	-0.0007	-0.6169	15.6542	13.3057	8.9658	8.6321	0.0025	0.0025	0.0000	0.0025	0.0025	0.0000	0.0000	0.0000	0.0000	0.9818	0.9818	0.0000	0.0006	0.0006	0.0000	0.9812	0.9812	0.0000	1.1101	1.0040	0.1062	0.5612	0.5292	0.0320	0.5489	0.4748	0.0742	0.2727	0.1782	0.0945	0.1105	0.0976	0.0128	0.1622	0.0806	0.0817	0.0006	0.0005	0.0007	0.8198	0.7753	0.0000	0.0000	0.0000	0.0010	3.6002	5.5095	0.0004	0.0054	0.0061	0.0004	6.0479	12.1780	0.0004
5	52	0.1482	3	0	1	1	2	0	0	0	0	N	N	N	Y	N	N	N	N	N	N	N	N	0.1240	0.0858	0.0123	0.3266	0.3361	0.0000	1.5284	25.3651	0.0162	0.0364	0.0415	0.0000	0.1435	0.1518	0.0000	0.0095	0.0110	0.0001	0.2938	0.4832	0.0037	0.4395	0.4515	0.0119	0.0062	0.0004	0.0031	0.0002	0.0748	-0.0020	-0.0005	15.6542	2.1073	8.9658	0.0711	0.0068	0.0068	0.0000	0.0054	0.0054	0.0000	0.0014	0.0014	0.0000	0.0009	0.0008	0.0001	0.0008	0.0008	0.0000	0.0001	0.0000	0.0001	0.1876	0.1647	0.0228	0.0377	0.0356	0.0020	0.1499	0.1291	0.0208	0.0436	0.0259	0.0177	0.0097	0.0091	0.0006	0.0340	0.0169	0.0171	1.8365	1.3358	0.0135	1.7068	1.7115	0.0000	6.0463	5699.7126	0.0162	0.0198	0.0310	0.0034	0.0841	0.0887	0.0119	0.0016	0.0000	0.0031
5	53	0.0858	2	0	0	1	2	0	0	0	0	N	N	N	Y	N	N	N	N	N	N	N	N	0.9476	0.7824	0.1180	0.3181	0.3276	0.0868	93.0627	71.0631	0.1277	0.6547	0.7477	0.0004	0.7093	0.7556	0.0002	0.6451	0.7462	0.0004	0.6909	0.9556	0.0032	2.2294	2.3061	0.0018	0.0069	0.0105	0.0031	0.0001	0.0193	-0.3402	-0.0242	15.6542	21.8329	8.9658	8.0592	1.1853	1.1852	0.0001	0.1912	0.1912	0.0000	0.9940	0.9939	0.0001	0.0398	0.0390	0.0008	0.0389	0.0389	0.0000	0.0008	0.0001	0.0007	1.8104	1.5851	0.2253	0.2696	0.2531	0.0165	1.5408	1.3320	0.2088	0.5277	0.2854	0.2422	0.0472	0.0425	0.0047	0.4805	0.2429	0.2375	8.6837	5.4680	0.1230	0.8602	0.8253	0.0868	368.7353	1879.8800	0.1277	0.0754	0.1367	0.0031	0.8245	0.9155	0.0018	0.0017	0.0004	0.0031
5	54	0.7892	13	0	1	1	2	0	0	0	0	N	N	N	Y	N	N	N	N	N	N	N	N	0.0000	0.0000	0.0000	0.0000	0.0000	0.0000	0.0000	0.0000	0.0000	0.0000	0.0000	0.0000	0.0000	0.0000	0.0000	0.0000	0.0000	0.0000	0.0000	0.0000	15.6542	0.0000	8.9658	0.0000	0.0000	0.0000	0.0000	0.0000	0.0000	0.0000	0.0000	0.0000	0.0000	0.0000	0.0000	0.0000	0.0000	0.0000	0.0000	0.0000	0.0000	0.0000	0.0000	0.0000	0.0000	0.0000	0.0000	0.0000	0.0000	0.0000	0.0000	0.0000	0.0000	0.0000	0.0000	0.0000	0.0000	0.0000	0.0000	0.0000	0.0000	0.0000	0.0000	0.0000	0.0000	0.0000	0.0000	0.0000	0.0000	0.0000	0.0000	0.0000	0.0000	0.0000	0.0000	0.0000	0.0000	0.0000											
5	55	0.0858	2	0	0	1	2	0	0	0	0	N	N	N	Y	N	N	N	N	N	N	N	N	0.2118	0.1751	2.0546	0.2642	0.2945	0.0521	0.2228	0.0658	3.2854	0.1343	0.1370	0.1219	0.2611	0.2960	0.0016	0.0588	0.0303	0.1608	0.6339	0.7827	0.0593	0.9882	1.0052	0.0306	0.2640	0.4602	0.0489	0.1971	0.2204	-0.0037	-0.0012	15.6542	1.2825	8.9658	0.1503	0.0299	0.0249	0.0049	0.0217	0.0216	0.0000	0.0082	0.0033	0.0049	0.0026	0.0021	0.0005	0.0020	0.0020	0.0000	0.0005	0.0001	0.0005	0.2223	0.1820	0.0403	0.0829	0.0731	0.0099	0.1394	0.1089	0.0305	0.0423	0.0240	0.0183	0.0103	0.0098	0.0005	0.0320	0.0142	0.0178	2.1988	1.5562	4.7700	1.3241	1.4398	0.0592	3.4321	4.5479	6.3017	0.0611	0.0881	0.0256	0.1972	0.2056	0.0269	0.0171	0.0067	0.0255
5	59	0.7892	13	0	0	1	2	0	0	0	0	N	N	N	Y	N	N	N	N	N	N	N	N	0.0000	0.0000	0.0000	0.0000	0.0000	0.0000	0.0000	0.0000	0.0000	0.0000	0.0000	0.0000	0.0000	0.0000	0.0000	0.0000	0.0000	0.0000	0.0000	0.0000	15.6542	0.0000	8.9658	0.0000	0.0000	0.0000	0.0000	0.0000	0.0000	0.0000	0.0000	0.0000	0.0000	0.0000	0.0000	0.0000	0.0000	0.0000	0.0000	0.0000	0.0000	0.0000	0.0000	0.0000	0.0000	0.0000	0.0000	0.0000	0.0000	0.0000	0.0000	0.0000	0.0000	0.0000	0.0000	0.0000	0.0000	0.0000	0.0000	0.0000	0.0000	0.0000	0.0000	0.0000	0.0000	0.0000	0.0000	0.0000	0.0000	0.0000	0.0000	0.0000	0.0000	0.0000	0.0000	0.0000	0.0000	0.0000											
5	60	0.7118	12	0	0	1	2	0	0	0	0	N	N	N	Y	N	N	N	N	N	N	N	N	1.2866	1.1190	0.0548	2.5339	2.3947	0.0000	22.6538	5.1494	0.1882	0.8234	0.9143	0.0000	1.9813	2.0914	0.0000	0.0044	0.0051	0.0000	0.6400	0.8171	0.0004	0.7819	0.8733	0.0014	0.0002	0.0010	0.0001	0.0000	0.0020	-0.2856	-0.0137	15.6542	19.3360	8.9658	7.9957	0.9946	0.9946	0.0000	0.9914	0.9914	0.0000	0.0031	0.0031	0.0000	0.0218	0.0218	0.0000	0.0218	0.0218	0.0000	0.0000	0.0000	0.0000	1.2078	1.0877	0.1201	0.5004	0.4741	0.0263	0.7074	0.6137	0.0938	0.3515	0.2324	0.1191	0.1489	0.1277	0.0212	0.2026	0.1047	0.0979	13.2529	9.7484	0.0548	13.5175	12.2510	0.0000	62.0156	531.8649	0.1882	0.0621	0.0938	0.0004	0.1466	0.1707	0.0014	0.0001	0.0000	0.0001
5	61	0.4017	10	0	1	2	1	0	0	0	0	N	N	Y	N	N	N	N	N	N	N	N	N	870.7931	422.0197	3435.0579	5.5908	1.0529	2619.3572	440764.5824	23216.2899	66.9393	0.9528	1.0597	0.0416	0.0135	0.0029	0.2062	1.5812	1.8391	0.0005	0.0011	0.0025	0.0000	0.0024	0.0027	0.0001	0.0000	0.0001	0.0000	0.0046	0.0080	-0.2815	-0.0001	15.6542	14.2360	8.9658	11.9336	0.9963	0.9918	0.0046	0.0057	0.0011	0.0045	0.9907	0.9906	0.0000	0.0002	0.0002	0.0000	0.0002	0.0002	0.0000	0.0000	0.0000	0.0000	1.0457	0.9359	0.1098	0.4191	0.3972	0.0219	0.6265	0.5387	0.0879	0.3315	0.1955	0.1360	0.0852	0.0751	0.0100	0.2464	0.1204	0.1259	1527.1447	1009.8273	3435.0579	5.5908	1.0529	2619.3572	440764.5824	7636392.5170	66.9393	0.0006	0.0010	0.0000	0.0024	0.0027	0.0001	0.0000	0.0000	0.0000
5	62	0.3296	10	1	0	2	1	0	0	0	0	N	N	Y	N	N	N	N	N	N	N	N	N	62.9061	20.1987	0.1154	73.0096	68.6563	0.0307	77.3369	2.2876	0.8111	1.0563	1.1858	0.0000	1.8685	2.0051	0.0002	0.5318	0.6153	0.0000	0.0168	0.0587	0.0004	0.0256	0.0292	0.0052	0.0069	0.2690	0.0000	0.0000	0.0314	-0.6101	-0.0016	15.6542	28.8660	8.9658	13.2209	2.1248	2.1248	0.0000	1.4747	1.4747	0.0000	0.6501	0.6501	0.0000	0.0027	0.0026	0.0001	0.0019	0.0019	0.0001	0.0007	0.0007	0.0000	2.0116	1.7920	0.2197	0.7893	0.7355	0.0538	1.2224	1.0565	0.1659	0.5464	0.3233	0.2231	0.1383	0.1230	0.0153	0.4081	0.2003	0.2078	217.2364	148.8278	0.1154	132.7848	132.1694	0.0307	305.3363	173.6103	0.8111	0.0049	0.0080	0.0004	0.0141	0.0152	0.0052	0.0017	0.0035	0.0000
5	63	0.3269	9	1	1	1	1	0	0	0	0	N	N	N	N	N	N	N	N	N	N	N	N	23.6442	10.9648	897.8332	26.8947	25.4673	67.3374	243.4966	0.3305	1511.9694	0.0217	0.0231	0.0107	0.0556	0.0590	0.0038	0.0019	0.0003	0.0125	0.0009	0.0021	0.0000	0.0021	0.0023	0.0001	0.0000	0.0008	0.0000	0.0558	0.0085	-0.0019	-0.0001	15.6542	5.0237	8.9658	8.0282	0.0081	0.0077	0.0004	0.0077	0.0077	0.0000	0.0005	0.0001	0.0004	0.0001	0.0001	0.0000	0.0001	0.0001	0.0000	0.0000	0.0000	0.0000	0.3748	0.3344	0.0404	0.1382	0.1297	0.0085	0.2365	0.2047	0.0319	0.1891	0.1136	0.0754	0.0507	0.0451	0.0056	0.1384	0.0685	0.0698	38.7980	24.9628	897.8332	26.8947	25.4673	67.3374	265.4748	42.9533	1511.9694	0.0006	0.0009	0.0000	0.0021	0.0023	0.0001	0.0000	0.0000	0.0000
5	64	0.2638	8	1	1	1	1	0	0	0	0	N	N	N	N	N	N	N	N	N	N	N	N	2.0188	0.6643	191785.6790	0.9858	0.9743	75.4156	2836.7546	1.7572	441219.9570	1.0680	0.4843	6.7072	0.9411	0.9887	0.0190	1.1762	0.0129	8.8320	0.5290	0.7291	0.0000	0.9546	1.0148	0.0003	0.0004	0.0073	0.0000	1.4332	0.0003	0.5095	-0.0137	15.6542	17.5893	8.9658	19.0270	1.6876	0.6936	0.9940	0.6847	0.6840	0.0007	1.0029	0.0096	0.9934	0.0218	0.0217	0.0000	0.0217	0.0217	0.0000	0.0001	0.0001	0.0000	1.5802	1.4320	0.1482	0.7276	0.6918	0.0357	0.8526	0.7402	0.1125	0.5073	0.2992	0.2080	0.1166	0.1032	0.0134	0.3906	0.1960	0.1946	24.9052	6.6648	191785.6790	5.0591	4.7046	75.4156	7535.1921	44.3315	441219.9570	0.0429	0.0727	0.0000	0.1860	0.2102	0.0003	0.0002	0.0003	0.0000
5	65	0.2575	7	0	1	1	1	0	0	0	0	N	N	N	N	N	N	N	N	N	N	N	N	4.7293	4.0242	23.7557	12.0306	9.8102	25.3479	0.1579	0.0291	21.7363	2.8166	3.1326	0.0262	7.2984	7.6942	0.0120	0.0235	0.0226	0.0296	0.5956	0.7784	0.0011	0.6067	0.7843	0.0005	0.1491	0.7775	0.0014	0.0009	0.0081	-0.1271	-0.0032	15.6542	1.7566	8.9658	2.8742	0.4440	0.4436	0.0004	0.4417	0.4417	0.0000	0.0023	0.0019	0.0004	0.0052	0.0052	0.0000	0.0046	0.0046	0.0000	0.0006	0.0006	0.0000	0.1576	0.1416	0.0160	0.0605	0.0574	0.0031	0.0971	0.0842	0.0129	0.0986	0.0603	0.0383	0.0413	0.0301	0.0112	0.0573	0.0302	0.0271	52.9844	36.3308	23.7557	65.3780	50.3002	25.3479	2.1435	1.1522	21.7363	0.0532	0.0862	0.0011	0.1116	0.1530	0.0005	0.0110	0.0196	0.0014
5	66	0.4017	10	0	1	1	1	0	0	0	0	N	N	N	N	N	N	N	N	N	N	N	N	4.3777	29.8165	19.8311	6.2528	27.0352	1.2394	2.7425	0.0209	33.6070	0.0065	0.0032	0.0346	0.0078	0.0077	0.0104	0.0056	0.0000	0.0407	0.0015	0.0001	0.0017	0.0012	0.0003	0.0084	0.0021	0.0001	0.0012	1.2468	11.1900	0.0026	0.0001	15.6542	21.1811	8.9658	10.1862	0.0098	0.0044	0.0055	0.0047	0.0044	0.0003	0.0051	0.0000	0.0051	0.0003	0.0000	0.0003	0.0001	0.0000	0.0001	0.0002	0.0000	0.0002	1.5128	1.3549	0.1579	0.6034	0.5716	0.0318	0.9093	0.7833	0.1260	0.3918	0.2311	0.1607	0.1002	0.0883	0.0119	0.2915	0.1427	0.1488	8.3456	29.8165	19.8311	6.2528	27.0352	1.2394	9.1260	7.9715	33.6070	0.0008	0.0001	0.0017	0.0012	0.0003	0.0084	0.0006	0.0000	0.0012
5	67	0.3879	9	0	1	1	1	0	0	0	0	N	N	N	N	N	N	N	N	N	N	N	N	4.4631	2.4227	1.7038	0.0333	0.0053	1.2339	21.3133	1.9143	0.6085	0.0062	0.0069	0.0003	0.0001	0.0000	0.0014	0.0102	0.0118	0.0001	0.0014	0.0029	0.0002	0.0025	0.0027	0.0011	0.0005	0.0062	0.0001	0.0054	0.1144	-0.0010	-0.0000	15.6542	7.4253	8.9658	0.9851	0.0035	0.0035	0.0000	0.0000	0.0000	0.0000	0.0035	0.0035	0.0000	0.0001	0.0001	0.0000	0.0001	0.0001	0.0000	0.0000	0.0000	0.0000	0.5605	0.5020	0.0586	0.2180	0.2067	0.0114	0.3425	0.2953	0.0472	0.1096	0.0643	0.0453	0.0269	0.0236	0.0033	0.0827	0.0407	0.0420	8.2869	6.0178	1.7038	0.0333	0.0053	1.2339	57.5171	49.0619	0.6085	0.0008	0.0012	0.0002	0.0025	0.0027	0.0011	0.0002	0.0002	0.0001
5	68	0.2086	4	0	0	2	1	0	0	0	0	N	N	Y	N	N	N	N	N	N	N	N	N	0.0087	0.0059	65.5914	0.2806	0.2420	0.6553	0.0074	0.0035	93.2347	0.0103	0.0097	0.0148	0.0099	0.0107	0.0002	0.0106	0.0089	0.0205	1.1872	1.6541	0.0002	0.0353	0.0443	0.0003	1.4279	2.5594	0.0002	0.2060	0.0001	-0.0019	-0.1668	15.6542	15.0354	8.9658	6.2061	0.0161	0.0134	0.0028	0.0066	0.0066	0.0000	0.0096	0.0068	0.0027	0.2655	0.2655	0.0000	0.0017	0.0017	0.0000	0.2638	0.2638	0.0000	1.5670	1.3812	0.1858	0.6630	0.6109	0.0520	0.9040	0.7703	0.1338	0.3761	0.2190	0.1571	0.0962	0.0847	0.0115	0.2799	0.1343	0.1456	0.0146	0.0080	65.5914	0.5579	0.5333	0.6553	0.0112	0.0045	93.2347	0.7060	1.2124	0.0002	0.0177	0.0201	0.0003	0.9425	1.9638	0.0002
5	69	0.1405	3	0	0	1	1	0	0	0	0	N	N	N	N	N	N	N	N	N	N	N	N	0.6262	0.4825	4.6230	6.7060	6.5344	2.4559	0.6367	0.4141	5.2477	0.8643	0.9969	0.0152	0.5185	0.5537	0.0101	1.0585	1.2786	0.0163	1.3803	2.0658	0.0033	0.0773	0.0847	0.0041	1.6625	3.0875	0.0031	0.0024	0.0012	-0.6535	-0.4530	15.6542	27.6811	8.9658	13.1592	2.2950	2.2896	0.0055	0.4949	0.4943	0.0006	1.8001	1.7953	0.0048	0.7224	0.7215	0.0009	0.0036	0.0036	0.0000	0.7188	0.7180	0.0008	2.6553	2.2968	0.3585	0.9546	0.8927	0.0619	1.7007	1.4041	0.2965	0.6308	0.3493	0.2815	0.1176	0.1071	0.0105	0.5132	0.2421	0.2710	0.7547	0.4825	4.8450	16.9193	16.6546	2.4559	0.7557	0.4312	5.2477	1.1452	2.0658	0.0031	0.0306	0.0332	0.0041	1.4007	2.9650	0.0031
5	71	0.3911	10	1	1	1	1	0	0	0	0	N	N	N	N	N	N	N	N	N	N	N	N	17.0669	12.3163	0.0049	12.8446	15.3237	0.0010	105.1615	inf	1.0785	0.0063	0.0070	0.0000	0.0158	0.0167	0.0000	0.0000	0.0000	0.0000	0.0004	0.0006	0.0002	0.0012	0.0011	0.0022	0.0000	0.0000	0.0000	0.0000	0.2864	-0.0023	-0.0000	15.6542	17.5448	8.9658	6.0013	0.0081	0.0081	0.0000	0.0081	0.0081	0.0000	0.0000	0.0000	0.0000	0.0001	0.0001	0.0000	0.0001	0.0001	0.0000	0.0000	0.0000	0.0000	1.2921	1.1573	0.1348	0.5129	0.4845	0.0284	0.7791	0.6728	0.1064	0.2979	0.1750	0.1230	0.0732	0.0642	0.0090	0.2247	0.1108	0.1139	20.7844	17.5323	0.0049	12.8446	15.3237	0.0010	105.1615	inf	1.0785	0.0003	0.0004	0.0002	0.0012	0.0011	0.0022	0.0000	0.0000	0.0000
5	72	0.4595	13	1	1	2	1	0	0	0	0	N	N	Y	N	N	N	N	N	N	N	N	N	0.0000	0.0000	0.0000	0.0000	0.0000	0.0000	0.0000	0.0000	0.0000	0.0000	0.0000	0.0000	0.0000	0.0000	0.0000	0.0000	0.0024	0.0044	0.0000	0.0028	0.0029	0.0000	0.0000	0.0000	0.0000	0.0003	0.0000	-0.0001	15.6542	1.8980	8.9658	2.9698	0.0000	0.0000	0.0000	0.0000	0.0000	0.0000	0.0000	0.0000	0.0000	0.0001	0.0001	0.0000	0.0001	0.0001	0.0000	0.0000	0.0000	0.0000	0.1554	0.1387	0.0167	0.0726	0.0688	0.0038	0.0828	0.0699	0.0129	0.0902	0.0610	0.0291	0.0357	0.0335	0.0022	0.0545	0.0276	0.0269	0.0000	0.0000	0.0000	0.0000	0.0000	0.0000	0.0000	0.0000	0.0000	0.0011	0.0016	0.0000	0.0028	0.0029	0.0000	0.0000	0.0000	0.0000			
5	73	0.4400	12	1	0	2	1	0	0	0	0	N	N	Y	N	N	N	N	N	N	N	N	N	0.0486	0.0360	0.2456	0.1060	0.1294	0.0627	0.0231	0.0008	0.3248	0.0003	0.0003	0.0005	0.0004	0.0004	0.0006	0.0002	0.0001	0.0004	0.0067	0.0086	0.0020	0.0041	0.0033	0.0095	0.0072	0.1470	0.0013	0.1408	0.3984	-0.0000	-0.0001	15.6542	3.5853	8.9658	4.3819	0.0002	0.0002	0.0000	0.0001	0.0001	0.0000	0.0000	0.0000	0.0000	0.0003	0.0002	0.0001	0.0001	0.0001	0.0000	0.0001	0.0001	0.0001	0.5695	0.5225	0.0470	0.3357	0.3200	0.0157	0.2338	0.2026	0.0312	0.1217	0.0791	0.0425	0.0390	0.0356	0.0034	0.0827	0.0435	0.0391	0.1337	0.1162	0.2456	0.1160	0.1333	0.0627	0.0920	0.0560	0.3248	0.0024	0.0027	0.0020	0.0038	0.0032	0.0095	0.0018	0.0022	0.0013
5	74	0.4085	11	1	0	2	1	0	0	0	0	N	N	Y	N	N	N	N	N	N	N	N	N	8.2335	7.4897	0.2193	8.1063	9.7539	0.0102	8.2114	1.3860	0.4037	0.0118	0.0132	0.0002	0.0148	0.0157	0.0000	0.0097	0.0113	0.0002	0.0014	0.0018	0.0007	0.0018	0.0016	0.0036	0.0012	0.0081	0.0005	0.0013	0.5430	-0.0031	-0.0001	15.6542	12.3589	8.9658	7.3592	0.0110	0.0110	0.0000	0.0056	0.0056	0.0000	0.0054	0.0053	0.0000	0.0002	0.0001	0.0001	0.0001	0.0001	0.0000	0.0001	0.0000	0.0000	0.9280	0.8318	0.0962	0.3788	0.3578	0.0211	0.5491	0.4740	0.0751	0.2599	0.1582	0.1017	0.0689	0.0612	0.0077	0.1910	0.0970	0.0940	15.3474	16.0601	0.2193	8.1063	9.7539	0.0102	25.0935	34.9365	0.4037	0.0008	0.0008	0.0007	0.0018	0.0016	0.0036	0.0004	0.0003	0.0005
5	75	0.3911	10	1	0	2	1	0	0	0	0	N	N	Y	N	N	N	N	N	N	N	N	N	64.6372	43.5387	3.8576	23.2580	22.0979	1.8813	38.7246	2.6546	4.4057	0.0087	0.0097	0.0001	0.0051	0.0054	0.0001	0.0112	0.0130	0.0002	0.0001	0.0002	0.0000	0.0002	0.0002	0.0000	0.0003	0.0049	0.0000	0.0016	0.1215	-0.0020	-0.0000	15.6542	10.2127	8.9658	1.0234	0.0069	0.0069	0.0000	0.0017	0.0017	0.0000	0.0052	0.0052	0.0000	0.0000	0.0000	0.0000	0.0000	0.0000	0.0000	0.0000	0.0000	0.0000	0.7900	0.7075	0.0824	0.3234	0.3049	0.0185	0.4666	0.4026	0.0639	0.1458	0.0856	0.0602	0.0358	0.0314	0.0044	0.1099	0.0541	0.0558	64.6372	47.4299	3.8576	23.2580	22.0979	1.8813	104.7902	71.6102	4.4057	0.0001	0.0002	0.0000	0.0002	0.0002	0.0000	0.0001	0.0002	0.0000
5	76	0.3879	9	1	0	1	1	0	0	0	0	N	N	N	N	N	N	N	N	N	N	N	N	2.2469	77.0808	0.8613	43.8989	47.7533	0.4455	0.3846	3.3505	0.9840	0.0004	0.0004	0.0003	0.0006	0.0006	0.0000	0.0002	0.0002	0.0004	0.0002	0.0000	0.0004	0.0000	0.0000	0.0000	0.0006	0.0001	0.0004	0.1037	56.9009	-0.0000	0.0000	15.6542	3.7027	8.9658	0.0091	0.0001	0.0001	0.0000	0.0001	0.0001	0.0000	0.0000	0.0000	0.0000	0.0000	0.0000	0.0000	0.0000	0.0000	0.0000	0.0000	0.0000	0.0000	0.2934	0.2631	0.0303	0.1155	0.1097	0.0057	0.1779	0.1534	0.0245	0.0488	0.0286	0.0202	0.0120	0.0105	0.0015	0.0368	0.0181	0.0187	2.2469	77.0808	0.8613	43.8989	47.7533	0.4455	1.0687	1231.6985	0.9840	0.0002	0.0000	0.0004	0.0000	0.0000	0.0000	0.0002	0.0000	0.0004
5	77	0.3709	8	0	0	1	1	0	0	0	0	N	N	N	N	N	N	N	N	N	N	N	N	1.9883	1.0376	0.7055	2.2487	2.1195	0.0487	69.7843	10.3356	1.3317	0.0070	0.0078	0.0000	0.0137	0.0145	0.0000	0.0017	0.0020	0.0000	0.0035	0.0075	0.0000	0.0061	0.0068	0.0003	0.0000	0.0002	0.0000	0.0004	0.0105	-0.0008	-0.0002	15.6542	3.8334	8.9658	6.1787	0.0027	0.0027	0.0000	0.0024	0.0024	0.0000	0.0004	0.0004	0.0000	0.0003	0.0003	0.0000	0.0003	0.0003	0.0000	0.0000	0.0000	0.0000	0.3899	0.3503	0.0396	0.1734	0.1632	0.0102	0.2165	0.1872	0.0293	0.1756	0.1081	0.0675	0.0525	0.0482	0.0043	0.1231	0.0599	0.0632	4.7957	3.3193	0.7055	2.8058	2.7478	0.0487	129.9449	3068.3779	1.3317	0.0015	0.0024	0.0000	0.0049	0.0053	0.0003	0.0000	0.0000	0.0000
5	78	0.3318	7	0	0	1	1	0	0	0	0	N	N	N	N	N	N	N	N	N	N	N	N	1.1682	0.6273	13.4212	0.9454	0.8613	2.8177	6.2717	0.7932	20.9274	0.0046	0.0041	0.0084	0.0059	0.0052	0.0169	0.0036	0.0033	0.0056	0.0039	0.0066	0.0006	0.0063	0.0061	0.0060	0.0006	0.0041	0.0003	0.2320	0.1783	-0.0006	-0.0003	15.6542	16.9094	8.9658	5.8161	0.0064	0.0052	0.0012	0.0035	0.0029	0.0006	0.0030	0.0024	0.0006	0.0006	0.0005	0.0001	0.0005	0.0005	0.0001	0.0001	0.0000	0.0000	1.4116	1.2669	0.1447	0.5854	0.5495	0.0359	0.8262	0.7174	0.1088	0.3847	0.2382	0.1465	0.1102	0.1010	0.0092	0.2746	0.1372	0.1374	2.9040	1.9162	13.4212	1.1953	1.0714	2.8177	17.4029	22.5236	20.9274	0.0016	0.0022	0.0006	0.0050	0.0049	0.0060	0.0002	0.0001	0.0003
5	79	0.2575	7	0	1	1	1	0	0	0	0	N	N	N	N	N	N	N	N	N	N	N	N	3.4062	1.6711	100.5844	0.6423	0.5281	91.0563	3.6453	1.1179	112.7545	0.6039	0.6478	0.2385	0.0091	0.0095	0.0014	0.9121	1.0058	0.2941	0.1773	0.3876	0.0024	0.0141	0.0181	0.0000	0.2502	0.8997	0.0026	0.0441	0.0712	-0.2558	-0.0048	15.6542	23.9173	8.9658	17.8091	1.0448	1.0006	0.0442	0.0053	0.0053	0.0000	1.0395	0.9954	0.0441	0.0086	0.0080	0.0006	0.0013	0.0013	0.0000	0.0072	0.0067	0.0006	1.7301	1.5448	0.1853	0.5904	0.5552	0.0352	1.1397	0.9896	0.1501	0.5880	0.3472	0.2408	0.1461	0.1241	0.0221	0.4419	0.2232	0.2188	41.3687	28.0669	100.5844	0.9876	0.8836	91.0563	55.6349	33.6303	112.7545	0.0146	0.0231	0.0024	0.0092	0.0108	0.0000	0.0164	0.0299	0.0026
5	80	0.2415	6	0	1	1	1	0	0	0	0	N	N	N	N	N	N	N	N	N	N	N	N	4.5764	3.6507	432.4543	0.1133	0.0838	0.0136	7.8131	3.5458	685.4492	2.1958	2.4618	0.0443	0.0298	0.0318	0.0000	3.3004	3.8027	0.0550	0.4798	0.6743	0.0001	0.2634	0.3800	0.0002	0.4224	1.0724	0.0001	0.0022	0.0012	-0.2861	-0.0038	15.6542	6.1279	8.9658	3.6878	1.0042	1.0020	0.0022	0.0046	0.0046	0.0000	0.9996	0.9974	0.0022	0.0061	0.0061	0.0000	0.0032	0.0032	0.0000	0.0029	0.0029	0.0000	0.4573	0.4070	0.0503	0.1545	0.1447	0.0097	0.3029	0.2623	0.0406	0.1688	0.1002	0.0686	0.0528	0.0403	0.0124	0.1161	0.0598	0.0562	60.4929	40.2858	432.4543	0.4915	0.4011	0.0136	130.9693	77.9338	685.4492	0.0363	0.0611	0.0001	0.0607	0.0794	0.0002	0.0252	0.0488	0.0001
5	81	0.3296	10	1	0	2	1	0	0	0	0	N	N	Y	N	N	N	N	N	N	N	N	N	9.3269	13.8602	0.0000	6.7482	7.5152	0.0000	10.8790	468.0291	0.0000	0.0282	0.0317	0.0000	0.0179	0.0192	0.0000	0.0349	0.0404	0.0000	0.0030	0.0023	0.0018	0.0026	0.0026	0.0034	0.0032	0.0001	0.0017	0.0000	1.2762	-0.0156	-0.0000	15.6542	27.2690	8.9658	12.3406	0.0544	0.0544	0.0000	0.0136	0.0136	0.0000	0.0409	0.0409	0.0000	0.0007	0.0003	0.0004	0.0004	0.0003	0.0000	0.0003	0.0000	0.0003	1.9296	1.7184	0.2112	0.7589	0.7068	0.0521	1.1707	1.0116	0.1592	0.5219	0.3088	0.2131	0.1323	0.1177	0.0146	0.3896	0.1911	0.1985	21.5308	32.5648	0.0000	6.7482	7.5152	0.0000	40.7750	151152.0114	0.0000	0.0013	0.0010	0.0018	0.0026	0.0026	0.0034	0.0009	0.0000	0.0017
5	82	0.3142	9	0	0	1	1	0	0	0	0	N	N	N	N	N	N	N	N	N	N	N	N	8.0901	4.0018	0.0757	5.1992	4.4943	0.1071	300.3242	80.5488	0.0096	0.0527	0.0592	0.0000	0.0605	0.0661	0.0000	0.0467	0.0537	0.0000	0.0065	0.0148	0.0001	0.0116	0.0147	0.0002	0.0002	0.0007	0.0001	0.0000	0.0194	-0.0129	-0.0002	15.6542	9.0798	8.9658	0.9519	0.0449	0.0449	0.0000	0.0224	0.0224	0.0000	0.0225	0.0225	0.0000	0.0004	0.0004	0.0000	0.0004	0.0004	0.0000	0.0000	0.0000	0.0000	0.8525	0.7580	0.0945	0.3699	0.3384	0.0315	0.4826	0.4196	0.0630	0.1502	0.0904	0.0598	0.0441	0.0382	0.0059	0.1062	0.0523	0.0539	22.0516	15.2193	0.0757	7.5456	7.1770	0.1071	864.8392	12324.5352	0.0096	0.0024	0.0039	0.0001	0.0080	0.0092	0.0002	0.0001	0.0000	0.0001
5	83	0.2415	6	0	1	1	1	0	0	0	0	N	N	N	N	N	N	N	N	N	N	N	N	0.4943	0.1549	53069.0853	0.5316	0.4223	4786.2032	8.0773	0.2504	81227.7811	0.0454	0.0468	0.0334	0.0688	0.0726	0.0105	0.0336	0.0328	0.0387	0.0917	0.3022	0.0000	0.1294	0.1718	0.0000	0.0042	0.1310	0.0000	0.0867	0.0000	-0.0142	-0.0034	15.6542	21.0000	8.9658	14.4214	0.0683	0.0629	0.0054	0.0346	0.0343	0.0003	0.0337	0.0286	0.0051	0.0054	0.0054	0.0000	0.0050	0.0050	0.0000	0.0004	0.0004	0.0000	1.5067	1.3435	0.1631	0.5036	0.4730	0.0306	1.0030	0.8705	0.1325	0.5121	0.3010	0.2111	0.1207	0.1018	0.0189	0.3914	0.1992	0.1922	4.2682	2.5887	53069.0853	1.6519	1.4695	4786.2032	31.6352	15.7283	81227.7811	0.0106	0.0181	0.0000	0.0416	0.0494	0.0000	0.0011	0.0021	0.0000
5	84	0.2991	10	0	0	2	1	0	0	0	0	N	N	Y	N	N	N	N	N	N	N	N	N	6.9825	21.7507	19.8145	3.0024	0.7055	11.5769	7.5550	558.6898	19.8179	0.0193	0.0159	0.0482	0.0059	0.0008	0.0883	0.0274	0.0259	0.0376	0.0028	0.0007	0.0024	0.0020	0.0011	0.0076	0.0036	0.0000	0.0019	0.3597	3.4543	-0.0007	0.0001	15.6542	20.4085	8.9658	11.0867	0.0315	0.0232	0.0083	0.0036	0.0005	0.0032	0.0278	0.0227	0.0051	0.0006	0.0001	0.0004	0.0003	0.0001	0.0001	0.0003	0.0000	0.0003	1.6271	1.4542	0.1729	0.6125	0.5765	0.0360	1.0146	0.8777	0.1369	0.4532	0.2761	0.1771	0.1265	0.1100	0.0165	0.3268	0.1661	0.1606	15.7926	35.2642	19.8145	3.0024	0.7055	11.5769	29.4076	212620.5455	19.8179	0.0012	0.0005	0.0024	0.0020	0.0011	0.0076	0.0009	0.0000	0.0019
5	85	0.2954	9	0	0	2	1	0	0	0	0	N	N	Y	N	N	N	N	N	N	N	N	N	126.1200	4.9358	952.3433	60.7019	8.7320	117.4180	1226.1919	2.1363	12990.8505	0.9656	0.0082	9.1903	0.7704	0.0162	11.1964	1.1487	0.0002	8.2756	0.0077	0.0017	0.0097	0.0127	0.0019	0.0954	0.0009	0.0001	0.0006	129.7811	4.5919	0.2344	0.0000	15.6542	3.1287	8.9658	1.1816	0.3324	0.0025	0.3299	0.1284	0.0025	0.1259	0.2041	0.0000	0.2040	0.0002	0.0000	0.0002	0.0002	0.0000	0.0001	0.0000	0.0000	0.0000	0.3443	0.3084	0.0359	0.1667	0.1554	0.0112	0.1776	0.1530	0.0247	0.0708	0.0444	0.0264	0.0213	0.0189	0.0024	0.0495	0.0255	0.0240	349.5735	10.4653	1510.6885	91.1611	8.7320	188.2617	3721.8497	657.2142	12990.8505	0.0028	0.0008	0.0061	0.0085	0.0019	0.0595	0.0003	0.0000	0.0006
5	86	0.2885	8	0	0	1	1	0	0	0	0	N	N	N	N	N	N	N	N	N	N	N	N	243.2067	251.7232	6.9351	321.3124	575.0273	0.8383	12.2697	1.4339	65.1647	2.4095	2.6798	0.0303	5.1816	5.5561	0.0375	0.0136	0.0116	0.0271	0.0099	0.0106	0.0044	0.0161	0.0097	0.0447	0.0011	0.0081	0.0004	0.0013	0.7431	-0.2627	-0.0001	15.6542	4.0532	8.9658	2.2470	0.9188	0.9177	0.0012	0.9160	0.9156	0.0004	0.0028	0.0021	0.0007	0.0003	0.0002	0.0001	0.0003	0.0002	0.0001	0.0000	0.0000	0.0000	0.3813	0.3424	0.0389	0.1768	0.1648	0.0120	0.2045	0.1777	0.0269	0.1030	0.0636	0.0394	0.0308	0.0273	0.0036	0.0721	0.0363	0.0358	733.8072	878.3739	8.2737	513.0001	831.3749	1.0333	37.1113	36.2203	65.1647	0.0033	0.0031	0.0037	0.0101	0.0067	0.0362	0.0004	0.0003	0.0004
5	87	0.2653	7	0	0	1	1	0	0	0	0	N	N	N	N	N	N	N	N	N	N	N	N	0.1000	0.0710	408.6645	1.3561	1.0678	8.4258	0.0820	0.0352	1033.1742	0.0418	0.0425	0.0351	0.0388	0.0415	0.0025	0.0449	0.0437	0.0521	0.4178	0.5990	0.0001	0.0286	0.0389	0.0003	0.5474	1.2412	0.0001	0.0952	0.0011	-0.0044	-0.0049	15.6542	4.7288	8.9658	9.8540	0.0218	0.0199	0.0019	0.0103	0.0103	0.0000	0.0114	0.0096	0.0018	0.0078	0.0078	0.0000	0.0013	0.0013	0.0000	0.0065	0.0065	0.0000	0.5210	0.4671	0.0539	0.2665	0.2481	0.0184	0.2544	0.2190	0.0355	0.2600	0.1596	0.1003	0.0853	0.0705	0.0148	0.1747	0.0892	0.0855	1.3933	0.8722	408.6645	2.5235	2.2372	8.4258	1.2091	0.6015	1033.1742	0.0300	0.0488	0.0001	0.0154	0.0186	0.0003	0.0371	0.0727	0.0001
5	88	0.2415	6	0	0	1	1	0	0	0	0	N	N	N	N	N	N	N	N	N	N	N	N	2.6677	0.8381	8986.3837	1.0665	0.7144	1045.9803	5.3382	0.6784	10480.0870	1.0130	0.4773	5.3610	0.2014	0.1848	0.4510	1.4253	0.6382	6.5249	0.3797	0.5695	0.0006	0.1888	0.2587	0.0004	0.2670	0.9407	0.0006	1.3836	0.0094	0.1900	-0.0041	15.6542	8.6320	8.9658	7.0881	0.6479	0.2718	0.3761	0.0434	0.0373	0.0061	0.6045	0.2345	0.3700	0.0066	0.0065	0.0001	0.0034	0.0034	0.0000	0.0032	0.0031	0.0001	0.6395	0.5694	0.0701	0.2154	0.2020	0.0134	0.4241	0.3674	0.0567	0.2510	0.1482	0.1029	0.0690	0.0550	0.0140	0.1820	0.0932	0.0889	38.7905	10.8913	8986.3837	4.0804	2.9903	1045.9803	82.3629	19.2121	10480.0870	0.0261	0.0438	0.0006	0.0494	0.0618	0.0004	0.0173	0.0332	0.0006
5	89	0.3092	8	0	1	1	1	0	0	0	0	N	N	N	N	N	N	N	N	N	N	N	N	122.6967	10.8187	19526.3908	84.0800	11.8501	49308.1933	930.3255	94.3928	7108.4188	0.6757	0.1302	4.4077	1.0931	0.1807	8.4322	0.3038	0.0835	1.6281	0.0055	0.0120	0.0002	0.0130	0.0153	0.0002	0.0003	0.0009	0.0002	4.9488	0.0462	0.5863	-0.0004	15.6542	15.4622	8.9658	5.2688	1.0762	0.1809	0.8953	0.8203	0.1206	0.6997	0.2559	0.0603	0.1956	0.0006	0.0006	0.0000	0.0006	0.0006	0.0000	0.0000	0.0000	0.0000	1.5927	1.3896	0.2031	0.7504	0.6675	0.0830	0.8422	0.7221	0.1201	0.2882	0.1704	0.1179	0.0672	0.0604	0.0067	0.2211	0.1099	0.1112	323.4253	38.5369	19526.3908	127.4744	19.0097	49308.1933	2552.0798	10687.1688	7108.4188	0.0021	0.0034	0.0002	0.0086	0.0095	0.0002	0.0001	0.0000	0.0002
5	90	0.2974	7	0	0	1	1	0	0	0	0	N	N	N	N	N	N	N	N	N	N	N	N	12.0201	8.1400	56.4822	38.9801	29.6550	431.5875	7.9082	1.3706	46.4082	0.6706	0.6176	0.9974	0.7273	0.6385	1.2894	0.6082	0.5945	0.6901	0.0558	0.0759	0.0177	0.0187	0.0215	0.0030	0.0769	0.4338	0.0149	0.2616	0.6865	-0.0528	-0.0003	15.6542	7.5917	8.9658	1.5198	0.6617	0.5244	0.1372	0.3759	0.2849	0.0909	0.2858	0.2395	0.0463	0.0014	0.0008	0.0006	0.0005	0.0005	0.0000	0.0009	0.0003	0.0006	0.9867	0.8491	0.1376	0.5168	0.4463	0.0705	0.4699	0.4029	0.0671	0.1549	0.0945	0.0604	0.0440	0.0391	0.0049	0.1110	0.0554	0.0555	74.8086	70.8680	106.6409	64.8904	52.1677	431.5875	75.3208	95.4225	69.6148	0.0090	0.0087	0.0094	0.0112	0.0122	0.0030	0.0081	0.0062	0.0099
5	91	0.4067	11	1	0	2	1	0	0	0	0	N	N	Y	N	N	N	N	N	N	N	N	N	0.0000	0.0000	0.0000	0.0000	0.0000	0.0000	0.0000	0.0000	0.0000	0.0000	0.0000	0.0000	0.0000	0.0000	0.0000	0.0000	0.0000	0.0000	0.0000	0.0000	0.0000	0.0000	inf	0.0000	0.0000	15.6542	3.0317	8.9658	0.1644	0.0000	0.0000	0.0000	0.0000	0.0000	0.0000	0.0000	0.0000	0.0000	0.0000	0.0000	0.0000	0.0000	0.0000	0.0000	0.0000	0.0000	0.0000	0.2253	0.2016	0.0237	0.0909	0.0854	0.0054	0.1344	0.1162	0.0182	0.0424	0.0255	0.0169	0.0105	0.0092	0.0013	0.0319	0.0163	0.0156	0.0000	0.0000	0.0000	0.0000	0.0000	0.0000	0.0000	0.0000	0.0000	0.0000	0.0000	0.0000	0.0000	0.0000	0.0000	0.0000	0.0000	0.0000						
5	92	0.4009	10	1	0	2	1	0	0	0	0	N	N	Y	N	N	N	N	N	N	N	N	N	57.7958	50.9046	0.0213	6.8313	7.0661	0.0000	404.0580	10.9510	0.0421	0.0004	0.0004	0.0000	0.0001	0.0002	0.0000	0.0007	0.0008	0.0000	0.0000	0.0000	0.0000	0.0000	0.0000	0.0000	0.0000	0.0001	0.0000	0.0000	0.3213	-0.0000	-0.0000	15.6542	2.6632	8.9658	1.0147	0.0001	0.0001	0.0000	0.0000	0.0000	0.0000	0.0001	0.0001	0.0000	0.0000	0.0000	0.0000	0.0000	0.0000	0.0000	0.0000	0.0000	0.0000	0.2718	0.2471	0.0247	0.1425	0.1345	0.0080	0.1293	0.1126	0.0167	0.0516	0.0315	0.0201	0.0133	0.0118	0.0015	0.0383	0.0197	0.0186	57.7958	51.3016	0.0213	6.8313	7.0661	0.0000	404.0580	3805.1415	0.0421	0.0000	0.0000	0.0000	0.0000	0.0000	0.0000	0.0000	0.0000	0.0000
5	93	0.3177	9	1	0	2	1	0	0	0	0	N	N	Y	N	N	N	N	N	N	N	N	N	243.9265	160.2100	0.5416	32.3490	37.3334	0.0288	4203.6172	255.5476	13.9953	0.5290	0.6000	0.0002	0.1277	0.1377	0.0002	0.8106	0.9538	0.0003	0.0022	0.0037	0.0004	0.0039	0.0037	0.0054	0.0002	0.0037	0.0000	0.0001	0.2077	-0.4334	-0.0003	15.6542	35.0787	8.9658	12.2568	1.5096	1.5095	0.0001	0.1503	0.1502	0.0000	1.3593	1.3593	0.0001	0.0007	0.0005	0.0001	0.0006	0.0005	0.0001	0.0000	0.0000	0.0000	2.8539	2.5159	0.3380	1.1769	1.0908	0.0861	1.6770	1.4251	0.2519	0.6337	0.3787	0.2550	0.1701	0.1501	0.0200	0.4636	0.2287	0.2350	514.0261	420.8313	0.5416	35.0425	40.3681	0.0288	11576.3639	7793.5459	13.9953	0.0010	0.0014	0.0004	0.0036	0.0034	0.0054	0.0001	0.0001	0.0000
5	94	0.3042	8	1	0	1	1	0	0	0	0	N	N	N	N	N	N	N	N	N	N	N	N	26.2801	11.1535	30.6254	13.3125	12.6920	7.4674	50.5751	2.3063	44.3031	0.4317	0.4734	0.0471	0.2423	0.2524	0.0552	0.5736	0.6545	0.0448	0.0164	0.0424	0.0015	0.0182	0.0199	0.0074	0.0113	0.2838	0.0010	0.0108	0.1460	-0.1026	-0.0004	15.6542	8.4810	8.9658	2.3446	0.3712	0.3672	0.0040	0.0892	0.0882	0.0010	0.2820	0.2790	0.0029	0.0008	0.0007	0.0001	0.0005	0.0005	0.0000	0.0003	0.0002	0.0001	0.8597	0.7758	0.0839	0.3681	0.3494	0.0187	0.4916	0.4263	0.0652	0.1631	0.0985	0.0646	0.0452	0.0399	0.0053	0.1179	0.0586	0.0593	90.1746	68.4098	30.6254	21.9653	21.9031	7.4674	239.8786	172.8648	44.3031	0.0048	0.0069	0.0015	0.0110	0.0115	0.0074	0.0024	0.0038	0.0010
5	95	0.2415	6	0	1	1	2	0	0	0	0	N	N	N	Y	N	N	N	N	N	N	N	N	0.3345	0.7575	0.0345	0.3800	0.3892	0.0112	0.3140	0.7776	0.0376	0.5372	0.5733	0.2394	0.3425	0.3645	0.0014	0.6347	0.6864	0.2941	1.6060	0.7567	6.9420	0.9015	0.9365	0.1292	2.0213	0.8827	7.8174	0.0505	31.5046	-0.2195	0.3446	15.6542	24.0032	8.9658	22.6134	0.9183	0.8741	0.0442	0.1954	0.1954	0.0001	0.7229	0.6787	0.0441	1.0109	0.0311	0.9798	0.0254	0.0238	0.0016	0.9854	0.0073	0.9781	1.7094	1.5248	0.1846	0.5705	0.5360	0.0345	1.1389	0.9888	0.1500	0.6517	0.3829	0.2688	0.1485	0.1269	0.0216	0.5033	0.2560	0.2473	0.3463	7.0579	0.0657	2.0005	1.9450	0.0190	0.3242	24.0042	0.0744	1.5511	0.0812	3.6445	0.1712	0.1874	0.0760	1.9581	0.0286	3.9558
5	96	0.6589	10	0	1	1	1	0	0	0	0	N	N	N	N	N	N	N	N	N	N	N	N	0.2825	9.1628	0.0000	9.1023	11.4829	0.0000	0.0201	2.7325	0.0000	0.0032	0.0035	0.0000	0.0058	0.0061	0.0000	0.0008	0.0009	0.0000	0.0112	0.0004	0.0187	0.0006	0.0005	0.0012	0.0401	0.0003	0.0199	0.0000	17.1210	-0.0013	0.0004	15.6542	18.5150	8.9658	10.2301	0.0045	0.0045	0.0000	0.0039	0.0039	0.0000	0.0006	0.0006	0.0000	0.0013	0.0001	0.0013	0.0001	0.0001	0.0000	0.0012	0.0000	0.0012	1.4230	1.2848	0.1381	0.6792	0.6423	0.0369	0.7438	0.6425	0.1013	0.3792	0.2498	0.1293	0.1654	0.1400	0.0254	0.2138	0.1099	0.1039	0.8915	11.7888	0.0001	9.1023	11.4829	0.0000	0.1384	655.5588	0.0001	0.0036	0.0003	0.0099	0.0006	0.0005	0.0012	0.0058	0.0000	0.0120
5	97	0.2706	7	0	1	1	1	0	0	0	0	N	N	N	N	N	N	N	N	N	N	N	N	1.0170	389.6743	0.5701	140.4359	268.6692	9.4687	0.9306	4676.3676	0.6562	1.3498	1.1475	3.0732	1.0009	1.0510	0.1957	1.5261	1.2001	3.7361	1.3272	0.0029	5.3908	0.0071	0.0039	0.0207	1.6398	0.0003	5.6934	0.3145	1495.0768	-0.2052	0.3666	15.6542	46.1140	8.9658	26.4917	4.2861	3.2606	1.0255	1.0665	1.0542	0.0122	3.2197	2.2064	1.0133	0.9883	0.0007	0.9877	0.0011	0.0007	0.0005	0.9872	0.0000	0.9872	3.1753	2.8416	0.3337	1.0655	1.0031	0.0625	2.1098	1.8385	0.2712	0.9457	0.5631	0.3827	0.2076	0.1855	0.0221	0.7381	0.3775	0.3605	1.2916	978.0210	1.1907	185.9936	295.3272	9.4687	1.1410	1336483.0775	1.3645	1.0451	0.0012	2.5811	0.0054	0.0036	0.0207	1.3375	0.0000	2.7381
5	98	0.7118	12	0	1	1	1	0	0	0	0	N	N	N	N	N	N	N	N	N	N	N	N	54.3862	22.5322	0.0028	5.2885	4.5560	0.0076	280.9753	13.8204	0.0007	0.8081	0.8974	0.0000	0.0743	0.0785	0.0000	1.3224	1.5239	0.0000	0.0149	0.0398	0.0004	0.0141	0.0172	0.0006	0.0047	0.1103	0.0004	0.0000	0.0329	-0.2980	-0.0010	15.6542	20.7840	8.9658	8.9470	1.0378	1.0378	0.0000	0.0393	0.0393	0.0000	0.9985	0.9985	0.0000	0.0017	0.0017	0.0001	0.0015	0.0014	0.0000	0.0003	0.0002	0.0000	1.2844	1.1564	0.1279	0.5293	0.5012	0.0280	0.7551	0.6552	0.0999	0.3785	0.2503	0.1282	0.1601	0.1372	0.0229	0.2184	0.1131	0.1053	177.6983	134.7886	0.0028	8.1400	7.4350	0.0076	1114.8134	791.6942	0.0007	0.0045	0.0067	0.0004	0.0091	0.0106	0.0006	0.0012	0.0019	0.0004
5	99	0.7069	11	0	0	1	1	0	0	0	0	N	N	N	N	N	N	N	N	N	N	N	N	0.0446	0.0431	0.0068	0.1310	0.1629	0.0093	0.0050	0.0030	0.0029	0.0280	0.0309	0.0011	0.0477	0.0498	0.0033	0.0032	0.0037	0.0003	0.6286	0.7156	0.1574	0.3642	0.3059	0.3580	0.6356	1.2277	0.0917	0.0037	0.4357	-0.0031	-0.0017	15.6542	2.7834	8.9658	1.0450	0.0111	0.0110	0.0000	0.0105	0.0105	0.0000	0.0006	0.0005	0.0000	0.0052	0.0036	0.0016	0.0029	0.0024	0.0005	0.0023	0.0012	0.0011	0.3956	0.3574	0.0382	0.2205	0.2105	0.0100	0.1751	0.1469	0.0281	0.0867	0.0530	0.0337	0.0386	0.0356	0.0030	0.0481	0.0175	0.0306	0.4661	0.4513	0.0229	0.6437	0.7365	0.0223	0.0650	0.0532	0.0073	0.0601	0.0684	0.0469	0.0741	0.0677	0.1497	0.0488	0.0700	0.0367
5	100	0.6968	10	0	0	1	1	0	0	0	0	N	N	N	N	N	N	N	N	N	N	N	N	0.0390	0.0326	0.3428	0.0365	0.0374	0.1182	0.0872	0.0339	0.6609	0.0264	0.0270	0.0200	0.0281	0.0292	0.0128	0.0236	0.0234	0.0253	0.6758	0.8306	0.0583	0.7706	0.7827	0.1083	0.2709	0.6886	0.0382	0.0789	0.1499	-0.0055	-0.0060	15.6542	7.6044	8.9658	2.7972	0.0259	0.0240	0.0019	0.0167	0.0162	0.0005	0.0091	0.0077	0.0014	0.0121	0.0105	0.0016	0.0103	0.0099	0.0004	0.0017	0.0006	0.0011	0.9812	0.8866	0.0946	0.5950	0.5551	0.0399	0.3861	0.3315	0.0547	0.1705	0.1074	0.0631	0.0714	0.0648	0.0065	0.0991	0.0425	0.0566	0.3728	0.2769	0.8028	0.1948	0.1920	0.1925	1.3407	1.6333	1.2555	0.0707	0.0976	0.0249	0.1444	0.1523	0.0665	0.0176	0.0143	0.0201
5	101	0.6472	9	0	0	1	1	0	0	0	0	N	N	N	N	N	N	N	N	N	N	N	N	0.1280	0.0916	1.8290	0.1055	0.0965	4.8626	0.0936	0.0283	0.9686	0.3060	0.3308	0.0758	0.6207	0.6453	0.1934	0.0166	0.0140	0.0328	2.3909	3.6113	0.0414	5.8816	6.6897	0.0398	0.1775	0.4966	0.0339	0.0247	0.0028	-0.1165	-0.5809	15.6542	18.4780	8.9658	12.4520	0.4431	0.4324	0.0107	0.4306	0.4233	0.0073	0.0125	0.0091	0.0034	0.9287	0.9261	0.0026	0.9259	0.9252	0.0006	0.0029	0.0009	0.0020	1.4483	1.3071	0.1411	0.6937	0.6560	0.0378	0.7545	0.6512	0.1034	0.3884	0.2564	0.1320	0.1574	0.1383	0.0191	0.2310	0.1181	0.1129	0.1280	0.0916	3.7960	0.1055	0.0965	5.8197	1.3414	1.9292	1.8507	2.3909	3.6113	0.0200	5.8816	6.6897	0.0332	0.0124	0.0073	0.0177
5	102	0.2232	5	0	1	1	1	0	0	0	0	N	N	N	N	N	N	N	N	N	N	N	N	2.0029	1.2570	3483.6315	1.1283	1.1437	99.2801	198.4138	5.8741	5609.8394	0.8581	0.7610	1.6729	0.6463	0.6960	0.0699	1.0626	0.8277	2.5988	0.4284	0.6054	0.0005	0.5728	0.6085	0.0007	0.0054	0.1409	0.0005	0.2618	0.0058	-0.2646	-0.0176	15.6542	34.1922	8.9658	22.4626	3.3229	2.6334	0.6895	1.2300	1.2195	0.0105	2.0929	1.4139	0.6789	0.0283	0.0282	0.0002	0.0275	0.0275	0.0000	0.0009	0.0007	0.0001	3.8726	3.4605	0.4121	1.9031	1.7522	0.1509	1.9695	1.7083	0.2612	0.9030	0.5628	0.3403	0.2570	0.2330	0.0240	0.6460	0.3297	0.3163	27.3488	15.2038	3483.6315	6.0478	5.9081	99.2801	796.2694	381.3939	5609.8394	0.0314	0.0501	0.0005	0.1069	0.1178	0.0007	0.0013	0.0022	0.0005
5	103	0.1753	4	0	1	1	1	0	0	0	0	N	N	N	N	N	N	N	N	N	N	N	N	1.9097	1.6752	9.7296	11.0108	12.8374	0.4924	1.5638	0.7916	14.6049	1.0558	1.0676	0.9820	1.1152	1.2038	0.0313	1.0130	0.9565	1.2667	0.5529	0.6373	0.1009	0.1013	0.0938	0.0636	0.6478	1.2083	0.0867	0.1466	0.4795	-0.4012	-0.0078	15.6542	22.5884	8.9658	11.0115	2.5188	2.1967	0.3221	1.1152	1.1128	0.0024	1.4036	1.0839	0.3197	0.0257	0.0173	0.0083	0.0043	0.0038	0.0005	0.0213	0.0135	0.0078	2.3856	2.0576	0.3280	1.0000	0.9244	0.0756	1.3856	1.1332	0.2524	0.5418	0.3133	0.2285	0.1204	0.1096	0.0108	0.4215	0.2038	0.2177	22.2922	19.2857	26.9764	31.1156	34.6582	0.6653	19.9982	14.3951	35.3121	0.0474	0.0554	0.0364	0.0358	0.0347	0.0471	0.0507	0.0664	0.0359
5	106	0.3142	9	0	1	1	1	0	0	0	0	N	N	N	N	N	N	N	N	N	N	N	N	4306.5864	2431.3970	0.0002	8.1591	7.7820	0.0004	37881.5228	inf	0.0000	1.2657	1.4209	0.0000	0.0075	0.0081	0.0000	2.1071	2.4298	0.0000	0.0003	0.0006	0.0001	0.0009	0.0010	0.0001	0.0001	0.0000	0.0001	0.0000	0.0935	-0.5809	-0.0001	15.6542	20.0414	8.9658	7.0324	2.0232	2.0232	0.0000	0.0048	0.0048	0.0000	2.0183	2.0183	0.0000	0.0001	0.0001	0.0000	0.0001	0.0001	0.0000	0.0000	0.0000	0.0000	1.5984	1.4239	0.1745	0.6405	0.5932	0.0473	0.9579	0.8306	0.1272	0.3735	0.2217	0.1518	0.0983	0.0858	0.0125	0.2751	0.1359	0.1392	4810.7554	3505.4483	0.0002	8.1591	7.7820	0.0004	79650.7244	inf	0.0000	0.0003	0.0004	0.0001	0.0009	0.0010	0.0001	0.0000	0.0000	0.0001
5	107	0.3042	8	0	0	1	1	0	0	0	0	N	N	N	N	N	N	N	N	N	N	N	N	62.6736	28.2559	524.9575	5.5776	4.8314	34.7286	276.7331	12.8844	1091.9682	0.4898	0.5389	0.0282	0.0624	0.0652	0.0103	0.8242	0.9449	0.0335	0.0078	0.0191	0.0001	0.0112	0.0135	0.0003	0.0030	0.0733	0.0000	0.0056	0.0076	-0.1047	-0.0002	15.6542	7.0315	8.9658	1.2144	0.3719	0.3698	0.0021	0.0208	0.0206	0.0002	0.3511	0.3492	0.0019	0.0004	0.0004	0.0000	0.0003	0.0003	0.0000	0.0001	0.0001	0.0000	0.7593	0.6863	0.0730	0.3334	0.3167	0.0166	0.4259	0.3695	0.0564	0.1282	0.0780	0.0502	0.0370	0.0326	0.0044	0.0912	0.0454	0.0458	175.2974	118.2559	524.9575	8.0959	7.4869	34.7286	1029.8865	599.1243	1091.9682	0.0028	0.0046	0.0001	0.0077	0.0087	0.0003	0.0008	0.0016	0.0000
5	108	0.2706	7	0	0	1	1	0	0	0	0	N	N	N	N	N	N	N	N	N	N	N	N	51.3096	21.1550	17707.6837	14.9382	12.7706	4358.7872	5144.6978	17.8011	22598.1472	0.0130	0.0124	0.0184	0.0158	0.0150	0.0290	0.0116	0.0109	0.0158	0.0003	0.0006	0.0000	0.0011	0.0012	0.0000	0.0000	0.0006	0.0000	0.1774	0.0017	-0.0022	-0.0000	15.6542	16.2725	8.9658	4.4748	0.0163	0.0139	0.0025	0.0069	0.0061	0.0008	0.0095	0.0078	0.0017	0.0001	0.0001	0.0000	0.0001	0.0001	0.0000	0.0000	0.0000	0.0000	1.2531	1.1193	0.1337	0.4349	0.4089	0.0261	0.8181	0.7105	0.1077	0.3110	0.1879	0.1231	0.0717	0.0647	0.0070	0.2393	0.1232	0.1161	53.0656	30.5307	17707.6837	14.9382	12.7706	4358.7872	5144.6978	2945.5492	22598.1472	0.0002	0.0004	0.0000	0.0011	0.0012	0.0000	0.0000	0.0000	0.0000
5	109	0.3234	8	0	1	1	1	0	0	0	0	N	N	N	N	N	N	N	N	N	N	N	N	1.6808	0.7242	22300.2790	2.5705	2.4994	5.2727	1.8648	0.1446	37875.8871	0.7425	0.4605	3.0582	0.8418	0.9119	0.0028	0.6776	0.1481	4.2507	0.4417	0.6358	0.0001	0.3275	0.3649	0.0005	0.3634	1.0240	0.0001	0.8088	0.0017	0.3569	-0.0141	15.6542	40.5309	8.9658	14.7974	2.2304	1.2330	0.9973	0.9989	0.9986	0.0003	1.2315	0.2344	0.9970	0.0224	0.0224	0.0000	0.0105	0.0105	0.0000	0.0120	0.0119	0.0000	3.0040	2.6779	0.3261	1.1866	1.0951	0.0915	1.8174	1.5828	0.2346	0.6917	0.4066	0.2852	0.1526	0.1359	0.0167	0.5391	0.2706	0.2685	22.8811	8.3545	22300.2790	12.2721	11.8509	5.2727	30.4998	3.3547	37875.8871	0.0324	0.0551	0.0001	0.0686	0.0770	0.0005	0.0222	0.0441	0.0001
5	110	0.2974	7	0	1	1	1	0	0	0	0	N	N	N	N	N	N	N	N	N	N	N	N	0.8733	10.8197	0.1788	37.7412	36.2853	57.1906	0.6098	1.1111	0.1077	0.4543	0.5065	0.1055	0.5074	0.5540	0.1691	0.4071	0.4636	0.0562	0.5202	0.0468	0.5903	0.0134	0.0153	0.0030	0.6676	0.4172	0.5218	0.0312	8.8075	-0.1640	0.0029	15.6542	13.5236	8.9658	3.5331	0.6385	0.6192	0.0193	0.3353	0.3217	0.0135	0.3032	0.2974	0.0058	0.0109	0.0011	0.0098	0.0006	0.0005	0.0000	0.0103	0.0006	0.0097	1.4056	1.2224	0.1833	0.6608	0.5808	0.0801	0.7448	0.6416	0.1032	0.2570	0.1532	0.1038	0.0641	0.0571	0.0070	0.1929	0.0960	0.0969	10.7321	69.9463	1.1217	57.5665	58.1550	57.1906	7.6160	78.7980	0.5585	0.0423	0.0072	0.0941	0.0088	0.0095	0.0030	0.0535	0.0059	0.1006
5	111	0.2415	6	0	0	1	1	0	0	0	0	N	N	N	N	N	N	N	N	N	N	N	N	1.0462	6.3179	0.0411	13.8628	12.3818	15.3985	0.6873	6.9338	0.0397	2.1509	2.3660	0.3872	2.7599	2.9311	0.1354	1.8441	2.0580	0.4457	2.0560	0.3745	9.4146	0.1991	0.2367	0.0088	2.6831	0.2968	11.2389	0.0200	154.9753	-0.7066	0.3604	15.6542	16.9399	8.9658	15.9768	2.6410	2.5893	0.0517	1.1353	1.1318	0.0034	1.5058	1.4575	0.0483	0.9869	0.0063	0.9805	0.0058	0.0056	0.0002	0.9811	0.0007	0.9804	1.2279	1.0944	0.1335	0.4113	0.3862	0.0252	0.8165	0.7082	0.1083	0.4800	0.2821	0.1978	0.1143	0.0960	0.0183	0.3657	0.1861	0.1795	1.0462	105.5114	0.0781	54.8735	50.3553	15.3985	0.6873	519.3216	0.0816	2.0560	0.0224	4.9559	0.0503	0.0582	0.0088	2.6831	0.0040	5.4603
5	112	0.3459	10	1	1	1	2	0	0	0	0	N	N	N	Y	N	N	N	N	N	N	N	N	0.7452	0.4140	0.8806	0.7973	inf	inf	0.0010	0.0011	0.0000	0.0020	0.0021	0.0000	0.0001	0.0001	0.0000	0.0013	0.0027	0.0000	0.0023	0.0026	0.0000	0.0000	0.0000	0.0000	0.0000	0.0000	-0.0000	-0.0000	15.6542	0.0019	8.9658	1.9928	0.0000	0.0000	0.0000	0.0000	0.0000	0.0000	0.0000	0.0000	0.0000	0.0000	0.0000	0.0000	0.0000	0.0000	0.0000	0.0000	0.0000	0.0000	0.0004	0.0003	0.0000	0.0002	0.0002	0.0000	0.0002	0.0002	0.0000	0.0283	0.0181	0.0102	0.0088	0.0077	0.0010	0.0196	0.0104	0.0092	1.3793	0.9926	0.0000	0.8806	0.7973	0.0000	inf	inf	0.0000	0.0007	0.0011	0.0000	0.0023	0.0026	0.0000	0.0000	0.0000	0.0000			
5	113	0.3223	9	1	1	1	2	0	0	0	0	N	N	N	Y	N	N	N	N	N	N	N	N	0.5251	0.1290	0.0000	0.6184	0.5551	0.0000	181.8872	3.2984	0.0000	0.0128	0.0142	0.0000	0.0313	0.0331	0.0000	0.0006	0.0007	0.0000	0.0243	0.1103	0.0000	0.0507	0.0596	0.0000	0.0000	0.0002	0.0000	0.0000	0.0004	-0.0026	-0.0008	15.6542	8.6942	8.9658	6.0502	0.0089	0.0089	0.0000	0.0087	0.0087	0.0000	0.0003	0.0003	0.0000	0.0013	0.0013	0.0000	0.0013	0.0013	0.0000	0.0000	0.0000	0.0000	0.6988	0.6279	0.0709	0.2768	0.2622	0.0146	0.4220	0.3657	0.0563	0.2170	0.1318	0.0851	0.0579	0.0513	0.0066	0.1590	0.0805	0.0785	2.0758	1.4041	0.0000	1.3596	1.2715	0.0000	181.8872	958.2665	0.0000	0.0062	0.0101	0.0000	0.0230	0.0260	0.0000	0.0000	0.0000	0.0000
5	114	0.3434	13	0	1	1	2	0	0	0	0	N	N	N	Y	N	N	N	N	N	N	N	N	0.0000	0.0000	0.0000	0.0000	0.0000	0.0000	0.0000	0.0000	0.0000	0.0000	0.0000	0.0000	0.0000	0.0000	0.0000	0.0000	0.0000	0.0000	0.0000	0.0000	15.6542	0.0001	8.9658	0.0001	0.0000	0.0000	0.0000	0.0000	0.0000	0.0000	0.0000	0.0000	0.0000	0.0000	0.0000	0.0000	0.0000	0.0000	0.0000	0.0000	0.0000	0.0000	0.0000	0.0000	0.0000	0.0000	0.0000	0.0000	0.0000	0.0000	0.0000	0.0000	0.0000	0.0000	0.0000	0.0000	0.0000	0.0000	0.0000	0.0000	0.0000	0.0000	0.0000	0.0000	0.0000	0.0000	0.0000	0.0000	0.0000	0.0000	0.0000	0.0000	0.0000	0.0000	0.0000	0.0000	0.0000	0.0000											
5	115	0.3367	12	0	1	1	2	0	0	0	0	N	N	N	Y	N	N	N	N	N	N	N	N	2.4319	1.8641	4.7035	4.5061	0.0215	0.0001	0.9718	1.0888	0.0000	2.6899	2.8654	0.0000	0.0000	0.0000	0.0000	0.3996	0.5841	0.0000	0.5719	0.6359	0.0000	0.0000	0.0004	0.0000	0.0000	0.0000	-0.0630	-0.0010	15.6542	3.0007	8.9658	1.0012	0.2195	0.2195	0.0000	0.2195	0.2195	0.0000	0.0000	0.0000	0.0000	0.0016	0.0016	0.0000	0.0016	0.0016	0.0000	0.0000	0.0000	0.0000	0.2259	0.2016	0.0243	0.0816	0.0766	0.0050	0.1443	0.1250	0.0193	0.0571	0.0347	0.0224	0.0150	0.0132	0.0019	0.0421	0.0215	0.0205	34.5940	23.5632	0.0000	25.2226	23.5443	0.0000	0.0215	0.0127	0.0000	0.0281	0.0462	0.0000	0.1066	0.1217	0.0000	0.0000	0.0000	0.0000			
5	116	0.3348	11	0	0	1	2	0	0	0	0	N	N	N	Y	N	N	N	N	N	N	N	N	0.0004	0.0001	4472.8908	0.2942	0.1247	inf	0.0000	0.0000	1.2775	0.0003	0.0001	0.0014	0.0007	0.0003	0.0065	0.0000	0.0000	0.0000	0.7568	1.0163	0.0000	0.0024	0.0027	0.0000	0.9401	1.8368	0.0000	1.1999	0.0000	0.0000	-0.0010	15.6542	1.1177	8.9658	0.0023	0.0000	0.0000	0.0000	0.0000	0.0000	0.0000	0.0000	0.0000	0.0000	0.0016	0.0016	0.0000	0.0000	0.0000	0.0000	0.0016	0.0016	0.0000	0.0882	0.0789	0.0093	0.0341	0.0321	0.0020	0.0541	0.0468	0.0072	0.0160	0.0097	0.0063	0.0042	0.0037	0.0005	0.0118	0.0060	0.0058	0.0027	0.0008	4472.8908	0.2942	0.1247	inf	0.0000	0.0000	1.2775	0.1008	0.1660	0.0000	0.0024	0.0027	0.0000	0.1357	0.2655	0.0000
5	117	0.3318	7	0	1	1	1	0	0	0	0	N	N	N	N	N	N	N	N	N	N	N	N	2.1666	1.0607	0.2618	0.2497	0.2330	0.0277	112.2877	20.6640	0.7034	0.0204	0.0227	0.0001	0.0053	0.0056	0.0001	0.0301	0.0347	0.0001	0.0094	0.0214	0.0005	0.0213	0.0242	0.0049	0.0003	0.0017	0.0002	0.0006	0.0636	-0.0138	-0.0013	15.6542	31.2782	8.9658	23.9277	0.0480	0.0480	0.0000	0.0049	0.0049	0.0000	0.0431	0.0431	0.0000	0.0024	0.0022	0.0001	0.0023	0.0022	0.0001	0.0001	0.0000	0.0000	2.3576	2.1144	0.2432	0.9256	0.8711	0.0545	1.4320	1.2433	0.1887	0.7504	0.4505	0.3000	0.1853	0.1661	0.0191	0.5652	0.2843	0.2808	6.4820	4.6118	0.2618	0.4276	0.4240	0.0277	297.4302	1046.2596	0.7034	0.0031	0.0049	0.0005	0.0124	0.0133	0.0049	0.0001	0.0000	0.0002
5	118	0.3348	11	0	0	2	2	0	0	0	0	N	N	Y	Y	N	N	N	N	N	N	N	N	7348.1868	4929.9054	0.0000	5225.8354	4877.1813	0.0000	0.0000	0.7437	0.8325	0.0000	2.0183	2.1484	0.0000	0.0000	0.0000	0.0000	0.0001	0.0002	0.0000	0.0004	0.0004	0.0000	0.0000	0.0000	0.0000	0.0000	0.0002	-0.0630	-0.0000	15.6542	3.8827	8.9658	2.9998	0.2195	0.2195	0.0000	0.2195	0.2195	0.0000	0.0000	0.0000	0.0000	0.0000	0.0000	0.0000	0.0000	0.0000	0.0000	0.0000	0.0000	0.0000	0.2952	0.2637	0.0315	0.1088	0.1022	0.0066	0.1864	0.1615	0.0249	0.0972	0.0590	0.0382	0.0255	0.0223	0.0031	0.0718	0.0367	0.0350	7348.1868	4996.1542	0.0000	5225.8354	4877.1813	0.0000	0.0000	0.0000	0.0000	0.0001	0.0002	0.0000	0.0004	0.0004	0.0000	0.0000	0.0000	0.0000		
5	119	0.3319	10	0	0	1	2	0	0	0	0	N	N	N	Y	N	N	N	N	N	N	N	N	2.1830	1.0784	0.6761	64.6917	102.2892	0.0000	0.8598	0.0543	0.9689	0.0006	0.0006	0.0000	0.0001	0.0002	0.0000	0.0009	0.0010	0.0000	0.0003	0.0006	0.0000	0.0000	0.0000	0.0000	0.0010	0.0183	0.0000	0.0004	0.0060	-0.0000	-0.0000	15.6542	2.8083	8.9658	0.0030	0.0001	0.0001	0.0000	0.0000	0.0000	0.0000	0.0001	0.0001	0.0000	0.0000	0.0000	0.0000	0.0000	0.0000	0.0000	0.0000	0.0000	0.0000	0.2556	0.2303	0.0253	0.1065	0.1005	0.0061	0.1490	0.1298	0.0192	0.0402	0.0244	0.0158	0.0105	0.0092	0.0013	0.0297	0.0151	0.0145	2.2951	1.5526	0.6761	64.6917	102.2892	0.0000	2.5983	1.5283	0.9689	0.0002	0.0004	0.0000	0.0000	0.0000	0.0000	0.0003	0.0006	0.0000
5	120	0.3319	10	0	0	2	2	0	0	0	0	N	N	Y	Y	N	N	N	N	N	N	N	N	4893.8945	1395.8308	20685.8573	125.1126	115.3270	262.3332	8268.7003	inf	28790.7123	0.0026	0.0002	0.0233	0.0001	0.0000	0.0006	0.0042	0.0003	0.0295	0.0000	0.0000	0.0000	0.0000	0.0000	0.0000	0.0000	0.0000	0.0000	12.9670	4.8862	0.0013	0.0000	15.6542	9.6158	8.9658	0.0030	0.0020	0.0001	0.0018	0.0000	0.0000	0.0000	0.0019	0.0001	0.0018	0.0000	0.0000	0.0000	0.0000	0.0000	0.0000	0.0000	0.0000	0.0000	0.7542	0.6756	0.0786	0.2851	0.2681	0.0170	0.4691	0.4075	0.0616	0.1356	0.0822	0.0534	0.0355	0.0311	0.0044	0.1001	0.0511	0.0490	4893.8945	1395.8308	20685.8573	125.1126	115.3270	262.3332	8268.7003	inf	28790.7123	0.0000	0.0000	0.0000	0.0000	0.0000	0.0000	0.0000	0.0000	0.0000
5	121	0.3223	9	0	0	1	2	0	0	0	0	N	N	N	Y	N	N	N	N	N	N	N	N	8633.3534	15632.4988	0.0119	31.1922	40.5345	0.0011	10570.0275	46395.8574	0.0176	2.6428	2.9211	0.0000	0.0167	0.0176	0.0000	4.7249	5.4554	0.0000	0.0003	0.0002	0.0004	0.0005	0.0004	0.0014	0.0004	0.0001	0.0003	0.0000	1.4829	-0.2842	-0.0000	15.6542	4.2457	8.9658	2.0144	0.9898	0.9898	0.0000	0.0028	0.0028	0.0000	0.9870	0.9870	0.0000	0.0000	0.0000	0.0000	0.0000	0.0000	0.0000	0.0000	0.0000	0.0000	0.3745	0.3388	0.0357	0.1656	0.1579	0.0077	0.2089	0.1809	0.0280	0.0989	0.0603	0.0386	0.0277	0.0248	0.0029	0.0713	0.0355	0.0357	9798.5447	16398.3932	0.0119	31.1922	40.5345	0.0011	28432.3911	14362827.1086	0.0176	0.0003	0.0002	0.0004	0.0005	0.0004	0.0014	0.0002	0.0000	0.0003
5	122	0.2801	8	0	0	1	2	0	0	0	0	N	N	N	Y	N	N	N	N	N	N	N	N	1.2906	0.6406	0.1203	0.4469	0.3953	0.0151	2467.5415	66.2006	0.2805	0.0055	0.0062	0.0000	0.0050	0.0053	0.0000	0.0058	0.0067	0.0000	0.0043	0.0096	0.0000	0.0113	0.0135	0.0001	0.0000	0.0001	0.0000	0.0000	0.0028	-0.0015	-0.0004	15.6542	11.9190	8.9658	13.1740	0.0053	0.0053	0.0000	0.0018	0.0018	0.0000	0.0035	0.0035	0.0000	0.0006	0.0006	0.0000	0.0006	0.0006	0.0000	0.0000	0.0000	0.0000	0.9489	0.8510	0.0979	0.3511	0.3326	0.0185	0.5978	0.5184	0.0793	0.3566	0.2109	0.1458	0.0779	0.0696	0.0083	0.2787	0.1413	0.1374	3.2624	2.1567	0.1203	0.6505	0.6144	0.0151	2467.5415	20590.7018	0.2805	0.0017	0.0029	0.0000	0.0078	0.0087	0.0001	0.0000	0.0000	0.0000
5	123	0.7071	12	0	0	2	2	0	0	0	0	N	N	Y	Y	N	N	N	N	N	N	N	N	651.4483	352.4987	55.8999	36.5675	33.2988	0.0000	623418.8976	18363.8838	99.4527	0.9395	1.0279	0.0004	0.0682	0.0714	0.0000	1.8687	2.1464	0.0006	0.0014	0.0029	0.0000	0.0019	0.0021	0.0000	0.0000	0.0001	0.0000	0.0000	0.0033	-0.2940	-0.0001	15.6542	12.8936	8.9658	4.1514	1.0240	1.0240	0.0000	0.0383	0.0383	0.0000	0.9857	0.9856	0.0000	0.0001	0.0001	0.0000	0.0001	0.0001	0.0000	0.0000	0.0000	0.0000	1.0899	0.9961	0.0938	0.5625	0.5369	0.0255	0.5274	0.4592	0.0682	0.1844	0.1212	0.0632	0.0761	0.0661	0.0100	0.1083	0.0551	0.0532	1218.4207	878.8024	55.8999	36.5675	33.2988	0.0000	623418.8976	5713386.8717	99.4527	0.0008	0.0012	0.0000	0.0019	0.0021	0.0000	0.0000	0.0000	0.0000
5	124	0.2954	9	0	1	1	1	0	0	0	0	N	N	N	N	N	N	N	N	N	N	N	N	0.0002	0.0474	0.0000	0.0007	0.0230	0.0000	0.0002	3.1660	0.0000	0.0007	0.0008	0.0000	0.0004	0.0005	0.0000	0.0008	0.0010	0.0000	4.2271	0.0163	16.4631	0.5881	0.0197	6.6327	5.5019	0.0003	18.3725	0.0047	1729.7168	-0.0002	0.5022	15.6542	12.7386	8.9658	8.7370	0.0007	0.0007	0.0000	0.0001	0.0001	0.0000	0.0005	0.0005	0.0000	1.3534	0.0008	1.3527	0.0083	0.0008	0.0075	1.3452	0.0000	1.3452	0.9752	0.8720	0.1032	0.3369	0.3177	0.0192	0.6383	0.5543	0.0840	0.3202	0.1891	0.1311	0.0757	0.0682	0.0075	0.2445	0.1209	0.1236	0.0002	0.1868	0.0000	0.0039	0.0396	0.0000	0.0002	830.1237	0.0000	4.2271	0.0041	10.3191	0.1093	0.0115	0.9979	5.5019	0.0000	10.8851
5	125	0.2801	8	0	1	1	1	0	0	0	0	N	N	N	N	N	N	N	N	N	N	N	N	0.0190	1.5185	0.0000	4.3349	7.0864	0.0054	0.0048	0.0328	0.0000	0.0096	0.0106	0.0000	0.0200	0.0210	0.0001	0.0031	0.0035	0.0000	0.5037	0.0070	0.5721	0.0046	0.0030	0.0135	0.6368	0.1075	0.4989	0.0002	28.2646	-0.0020	0.0020	15.6542	8.6431	8.9658	1.4782	0.0069	0.0069	0.0000	0.0055	0.0055	0.0000	0.0013	0.0013	0.0000	0.0059	0.0002	0.0057	0.0001	0.0001	0.0000	0.0058	0.0001	0.0056	0.7169	0.6444	0.0726	0.2758	0.2620	0.0138	0.4411	0.3824	0.0587	0.1509	0.0893	0.0616	0.0337	0.0302	0.0035	0.1172	0.0591	0.0581	0.2447	4.7153	0.0002	4.9260	7.0864	0.0054	0.0622	1.8638	0.0000	0.0391	0.0023	0.0925	0.0041	0.0030	0.0135	0.0492	0.0019	0.0972
5	126	0.2706	7	0	0	1	1	0	0	0	0	N	N	N	N	N	N	N	N	N	N	N	N	3.9407	14.9273	0.3873	8.9714	24.5808	0.1284	0.2708	0.6296	0.2009	0.0122	0.0135	0.0011	0.0315	0.0331	0.0041	0.0005	0.0006	0.0003	0.0031	0.0009	0.0027	0.0035	0.0013	0.0318	0.0020	0.0009	0.0013	0.0091	3.0400	-0.0013	0.0000	15.6542	4.1618	8.9658	2.0491	0.0047	0.0047	0.0000	0.0046	0.0046	0.0000	0.0001	0.0001	0.0000	0.0001	0.0000	0.0001	0.0001	0.0000	0.0001	0.0000	0.0000	0.0000	0.3890	0.3489	0.0401	0.1463	0.1379	0.0085	0.2427	0.2110	0.0317	0.1087	0.0689	0.0397	0.0286	0.0264	0.0022	0.0801	0.0426	0.0375	9.1222	25.8265	0.3873	9.3052	24.5808	0.1474	0.9011	69.2465	0.2009	0.0013	0.0005	0.0027	0.0034	0.0013	0.0277	0.0006	0.0000	0.0013
5	127	0.2415	6	0	0	1	1	0	0	0	0	N	N	N	N	N	N	N	N	N	N	N	N	0.0534	0.0332	88.4782	3.1627	2.5154	2.9097	0.0098	0.0000	180.6941	0.0206	0.0193	0.0312	0.0514	0.0545	0.0038	0.0050	0.0000	0.0377	0.3865	0.5819	0.0004	0.0162	0.0217	0.0013	0.5177	1.2032	0.0002	0.1988	0.0054	-0.0018	-0.0045	15.6542	9.4810	8.9658	7.4917	0.0145	0.0121	0.0024	0.0121	0.0121	0.0001	0.0023	0.0000	0.0023	0.0073	0.0073	0.0000	0.0007	0.0007	0.0000	0.0066	0.0065	0.0000	0.7008	0.6240	0.0768	0.2359	0.2212	0.0147	0.4649	0.4028	0.0621	0.2682	0.1582	0.1100	0.0724	0.0581	0.0143	0.1958	0.1001	0.0957	0.7591	0.4217	88.4782	5.0679	4.4298	2.9097	0.1508	0.0002	180.6941	0.0272	0.0459	0.0004	0.0101	0.0123	0.0013	0.0335	0.0653	0.0002
5	128	0.7193	13	1	1	1	1	0	0	0	0	N	N	N	N	N	N	N	N	N	N	N	N	0.3221	0.0257	1962.5993	0.2980	0.0391	inf	31.4064	110.5401	0.0001	0.0000	0.0008	0.0002	0.0000	0.0027	0.0000	0.0000	0.0000	0.0003	0.0005	0.0000	0.0006	0.0007	0.0000	0.0000	0.0000	0.0000	6.2460	0.0005	0.0000	-0.0000	15.6542	2.0107	8.9658	1.9995	0.0000	0.0000	0.0000	0.0000	0.0000	0.0000	0.0000	0.0000	0.0000	0.0000	0.0000	0.0000	0.0000	0.0000	0.0000	0.0000	0.0000	0.0000	0.1466	0.1323	0.0143	0.0728	0.0689	0.0039	0.0738	0.0634	0.0104	0.0418	0.0278	0.0140	0.0184	0.0160	0.0024	0.0233	0.0118	0.0116	0.3477	0.0354	1962.5993	0.2980	0.0391	inf	31.4064	0.0000	110.5401	0.0003	0.0004	0.0000	0.0006	0.0007	0.0000	0.0000	0.0000	0.0000	
5	129	0.7071	12	1	1	1	1	0	0	0	0	N	N	N	N	N	N	N	N	N	N	N	N	0.6412	0.1708	0.1817	1.2379	1.0545	3.5477	1.5035	0.0273	0.0000	0.0291	0.0315	0.0000	0.0524	0.0545	0.0000	0.0000	0.0000	0.0000	0.0454	0.1845	0.0000	0.0424	0.0517	0.0000	0.0000	0.0003	0.0000	0.0000	0.0003	-0.0049	-0.0004	15.6542	5.6459	8.9658	1.1399	0.0170	0.0170	0.0000	0.0170	0.0170	0.0000	0.0000	0.0000	0.0000	0.0006	0.0006	0.0000	0.0006	0.0006	0.0000	0.0000	0.0000	0.0000	0.5838	0.5397	0.0440	0.3242	0.3120	0.0123	0.2595	0.2277	0.0318	0.0756	0.0498	0.0258	0.0313	0.0272	0.0041	0.0444	0.0226	0.0218	3.4909	2.4877	0.1817	2.6000	2.3510	3.5477	1.5035	7.8951	0.0000	0.0083	0.0127	0.0000	0.0202	0.0232	0.0000	0.0000	0.0000	0.0000
5	130	0.6767	11	0	0	1	1	0	0	0	0	N	N	N	N	N	N	N	N	N	N	N	N	0.1650	0.0708	0.8093	0.4095	0.3544	0.9047	15.0407	4.1187	0.6510	0.0194	0.0214	0.0004	0.0274	0.0291	0.0006	0.0110	0.0127	0.0003	0.1176	0.3025	0.0004	0.0670	0.0820	0.0006	0.0007	0.0031	0.0004	0.0017	0.0129	-0.0056	-0.0016	15.6542	11.6079	8.9658	5.3766	0.0195	0.0195	0.0000	0.0141	0.0141	0.0000	0.0054	0.0054	0.0000	0.0027	0.0026	0.0000	0.0026	0.0026	0.0000	0.0000	0.0000	0.0000	1.0061	0.9102	0.0959	0.5136	0.4842	0.0294	0.4925	0.4260	0.0665	0.2238	0.1463	0.0775	0.0915	0.0812	0.0103	0.1323	0.0651	0.0672	1.6209	1.1842	0.8093	0.9480	0.8938	0.9047	43.4343	141.1117	0.6510	0.0120	0.0181	0.0004	0.0289	0.0325	0.0006	0.0003	0.0001	0.0004
5	131	0.6589	10	0	0	1	1	0	0	0	0	N	N	N	N	N	N	N	N	N	N	N	N	0.0083	0.0074	0.0340	0.0183	0.0158	0.4514	0.0048	0.0027	0.0249	0.0052	0.0055	0.0018	0.0076	0.0078	0.0026	0.0028	0.0030	0.0015	0.6279	0.7459	0.0529	0.4137	0.4947	0.0058	0.5747	1.0827	0.0590	0.0334	0.1524	-0.0005	-0.0062	15.6542	3.9355	8.9658	8.7078	0.0020	0.0019	0.0001	0.0015	0.0014	0.0000	0.0005	0.0005	0.0000	0.0125	0.0109	0.0017	0.0081	0.0080	0.0001	0.0044	0.0029	0.0016	0.3836	0.3478	0.0358	0.1939	0.1836	0.0103	0.1896	0.1642	0.0254	0.2102	0.1399	0.0704	0.1004	0.0835	0.0169	0.1099	0.0564	0.0535	0.0870	0.0712	0.0764	0.0934	0.0816	0.4514	0.0687	0.0584	0.0505	0.0596	0.0777	0.0235	0.0808	0.0960	0.0058	0.0402	0.0507	0.0292
5	132	0.6472	9	0	0	1	1	0	0	0	0	N	N	N	N	N	N	N	N	N	N	N	N	0.0033	0.0043	0.0022	0.0106	0.0107	0.0277	0.0016	0.0009	0.0026	0.0035	0.0030	0.0077	0.0048	0.0050	0.0025	0.0021	0.0009	0.0098	1.0422	0.7010	3.5965	0.4538	0.4636	0.0915	1.2911	0.9197	3.8523	0.2691	7.5941	-0.0002	0.0164	15.6542	6.2657	8.9658	3.9760	0.0020	0.0016	0.0004	0.0014	0.0014	0.0000	0.0006	0.0002	0.0004	0.0644	0.0075	0.0569	0.0064	0.0060	0.0004	0.0580	0.0015	0.0564	0.5855	0.5297	0.0558	0.2958	0.2798	0.0160	0.2897	0.2499	0.0398	0.1690	0.1138	0.0552	0.0729	0.0655	0.0074	0.0961	0.0483	0.0478	0.0091	0.0460	0.0075	0.0550	0.0545	0.0434	0.0035	0.0275	0.0083	0.3808	0.0658	1.0297	0.0877	0.0910	0.0585	0.6033	0.0317	1.1808
5	133	0.5699	8	0	0	1	1	0	0	0	0	N	N	N	N	N	N	N	N	N	N	N	N	0.5642	0.0316	2.6721	0.0389	0.0362	0.8077	0.9208	0.0309	3.5692	0.4939	0.0300	4.7598	0.0421	0.0407	0.0677	0.8706	0.0203	6.3301	0.8753	0.9490	1.7813	1.0823	1.1240	0.0839	0.9455	0.6557	1.7735	17.2606	0.9690	0.6817	-0.0157	15.6542	26.7012	8.9658	18.2690	1.0359	0.0567	0.9791	0.0402	0.0367	0.0035	0.9957	0.0201	0.9756	0.1154	0.0586	0.0568	0.0573	0.0559	0.0014	0.0581	0.0027	0.0554	2.0973	1.8916	0.2057	0.9537	0.9021	0.0516	1.1436	0.9895	0.1541	0.6789	0.4419	0.2370	0.2565	0.2317	0.0248	0.4224	0.2102	0.2122	2.9070	0.2262	19.8726	0.1886	0.1685	1.2145	6.3334	1.5878	24.2529	0.1699	0.1326	0.2395	0.2233	0.2413	0.0558	0.1375	0.0128	0.2610
5	134	0.3318	7	0	0	1	1	0	0	0	0	N	N	N	N	N	N	N	N	N	N	N	N	0.2311	0.1738	0.3526	0.2601	0.3113	0.0661	0.2851	0.1881	0.3969	0.5031	0.2888	2.3928	0.0043	0.0045	0.0013	0.8038	0.4748	3.0171	2.1770	1.6616	6.7869	0.0165	0.0144	0.0198	2.8199	2.5243	7.6014	0.9392	1.9494	0.4117	0.0945	15.6542	61.4372	8.9658	55.8589	2.0876	1.0765	1.0111	0.0067	0.0066	0.0001	2.0809	1.0699	1.0110	2.8991	0.9829	1.9161	0.0031	0.0024	0.0007	2.8959	0.9805	1.9154	4.1496	3.7271	0.4226	1.5610	1.4735	0.0875	2.5887	2.2536	0.3351	1.3317	0.7902	0.5415	0.3047	0.2697	0.0350	1.0270	0.5204	0.5066	0.2311	0.2322	0.6763	0.4186	0.4955	0.0661	0.2851	0.2520	0.7979	2.1770	1.2440	3.5382	0.0102	0.0090	0.0198	2.8199	1.8841	3.7812
5	135	0.2415	6	0	0	1	1	0	0	0	0	N	N	N	N	N	N	N	N	N	N	N	N	6.3191	1.5632	9803.8801	63.4988	30.3354	39064.1595	2.3857	0.2290	4302.7294	1.0445	0.6125	4.6434	2.2653	1.3932	15.9730	0.4363	0.1918	2.0615	0.1653	0.3918	0.0005	0.0357	0.0459	0.0004	0.1829	0.8373	0.0005	0.9101	0.0142	0.4389	-0.0060	15.6542	31.7621	8.9658	18.5886	2.3182	1.2137	1.1045	1.6719	0.9667	0.7052	0.6463	0.2469	0.3994	0.0097	0.0096	0.0001	0.0028	0.0028	0.0000	0.0069	0.0068	0.0001	2.2195	1.9816	0.2379	0.7381	0.6939	0.0441	1.4814	1.2877	0.1937	0.6970	0.4095	0.2875	0.1575	0.1350	0.0224	0.5395	0.2744	0.2651	75.0577	26.2261	9803.8801	127.5749	67.5050	39064.1595	34.0971	7.7672	4302.7294	0.0139	0.0234	0.0005	0.0178	0.0206	0.0004	0.0128	0.0247	0.0005
6	7	0.4589	9	2	1	1	0	0	0	0	0	Y	N	N	N	N	N	N	N	N	N	N	N	4.6933	13.3136	0.0015	3.5874	9.6388	0.0012	3.3268	24.1696	0.0003	0.0011	0.0012	0.0000	0.0019	0.0020	0.0000	0.0008	0.0009	0.0000	0.0002	0.0001	0.0005	0.0005	0.0002	0.0055	0.0002	0.0000	0.0002	0.0001	2.7847	-0.0001	0.0000	12.5370	3.5884	4.3273	2.8705	0.0002	0.0002	0.0000	0.0001	0.0001	0.0000	0.0001	0.0001	0.0000	0.0000	0.0000	0.0000	0.0000	0.0000	0.0000	0.0000	0.0000	0.0000	0.1930	0.1713	0.0217	0.0525	0.0502	0.0022	0.1405	0.1211	0.0194	0.0849	0.0558	0.0291	0.0265	0.0249	0.0016	0.0584	0.0310	0.0275	4.7513	13.3136	0.0015	3.5874	9.6388	0.0012	8.5135	9353.8254	0.0003	0.0002	0.0001	0.0005	0.0005	0.0002	0.0055	0.0001	0.0000	0.0002
6	8	0.5260	8	2	2	0	1	0	0	0	0	Y	Y	N	N	N	N	N	N	N	N	N	N	0.0000	0.0000	0.0000	0.0000	0.0000	0.0000	0.0000	0.0000	0.0000	0.0000	0.0000	0.0000	0.0000	0.0000	0.0000	0.0000	0.0000	0.0000	0.0001	0.0000	0.0001	0.0001	0.0000	0.0000	0.0000	0.0000	0.0919	-0.0000	-0.0000	12.5370	0.9985	4.3273	0.0096	0.0000	0.0000	0.0000	0.0000	0.0000	0.0000	0.0000	0.0000	0.0000	0.0000	0.0000	0.0000	0.0000	0.0000	0.0000	0.0000	0.0000	0.0000	0.0589	0.0530	0.0059	0.0240	0.0228	0.0013	0.0349	0.0303	0.0046	0.0079	0.0049	0.0031	0.0025	0.0023	0.0003	0.0054	0.0026	0.0028	0.0000	0.0000	0.0000	0.0000	0.0000	0.0000	0.0000	0.0000	0.0000	0.0000	0.0001	0.0000	0.0001	0.0001	0.0000	0.0000	0.0000	0.0000		
6	9	0.4079	7	2	1	1	0	0	0	0	0	Y	N	N	N	N	N	N	N	N	N	N	N	0.0000	0.0000	0.0028	0.0000	0.0000	0.0000	0.0007	0.0080	0.0000	0.0000	0.0000	0.0000	0.0000	0.0000	0.0000	0.0000	0.0000	0.0207	0.0855	0.0005	0.0576	0.0629	0.0072	0.0003	0.0000	0.0002	0.4329	0.0383	0.0000	-0.0004	12.5370	6.0952	4.3273	6.8339	0.0000	0.0000	0.0000	0.0000	0.0000	0.0000	0.0000	0.0000	0.0000	0.0008	0.0007	0.0000	0.0007	0.0007	0.0000	0.0000	0.0000	0.0000	0.5030	0.4605	0.0425	0.1962	0.1895	0.0067	0.3068	0.2710	0.0358	0.1357	0.0808	0.0549	0.0294	0.0270	0.0024	0.1062	0.0538	0.0525	0.0001	0.0000	0.0028	0.0000	0.0000	0.0000	0.0019	0.0000	0.0080	0.0056	0.0090	0.0005	0.0254	0.0270	0.0072	0.0001	0.0000	0.0002	
6	10	0.4793	8	1	1	1	0	0	0	0	0	N	N	N	N	N	N	N	N	N	N	N	N	0.0002	0.0286	0.0001	0.0335	0.0788	0.0005	0.0000	inf	0.0001	0.0002	0.0002	0.0001	0.0004	0.0004	0.0000	0.0000	0.0000	0.0001	0.7981	0.0062	1.9388	0.0109	0.0048	0.0252	1.0009	0.0000	2.0224	0.0602	95.4528	-0.0000	0.0028	12.5370	1.9784	4.3273	5.0323	0.0000	0.0000	0.0000	0.0000	0.0000	0.0000	0.0000	0.0000	0.0000	0.0078	0.0001	0.0077	0.0002	0.0001	0.0001	0.0076	0.0000	0.0076	0.1622	0.1473	0.0149	0.0712	0.0682	0.0030	0.0909	0.0791	0.0119	0.0682	0.0390	0.0292	0.0235	0.0194	0.0041	0.0447	0.0196	0.0251	0.0015	0.0856	0.0004	0.0480	0.0912	0.0006	0.0001	inf	0.0004	0.1146	0.0021	0.2646	0.0076	0.0042	0.0239	0.1708	0.0000	0.3038
6	11	0.4894	6	1	1	1	0	0	0	0	0	N	N	N	N	N	N	N	N	N	N	N	N	1719.4191	10249.2814	0.0006	111.0960	236.1026	0.0008	1394.0814	2388.3463	0.0000	0.9423	1.0511	0.0000	0.0469	0.0506	0.0000	1.6039	1.8366	0.0000	0.0005	0.0001	0.0008	0.0004	0.0002	0.0020	0.0012	0.0008	0.0007	0.0000	5.4638	-0.6124	0.0000	12.5370	39.9843	4.3273	13.6191	2.1330	2.1330	0.0000	0.0451	0.0451	0.0000	2.0878	2.0878	0.0000	0.0002	0.0000	0.0001	0.0001	0.0000	0.0000	0.0001	0.0000	0.0001	2.2636	2.0293	0.2343	0.9619	0.8925	0.0694	1.3017	1.1368	0.1650	0.3955	0.2339	0.1615	0.1229	0.1087	0.0142	0.2726	0.1252	0.1473	2402.9934	10249.2814	0.0006	111.0960	236.1026	0.0008	4237.4741	324415.8273	0.0000	0.0004	0.0001	0.0008	0.0004	0.0002	0.0020	0.0004	0.0000	0.0007
6	12	0.3704	4	2	2	0	0	0	0	0	0	Y	Y	N	N	N	N	N	N	N	N	N	N	7766.7209	5405.7198	0.0152	0.1698	0.1706	0.0080	13985.0997	188659.0311	0.0152	2.0487	2.2950	0.0000	0.0002	0.0002	0.0000	2.7955	3.2149	0.0000	0.0003	0.0004	0.0002	0.0009	0.0010	0.0005	0.0002	0.0000	0.0001	0.0000	0.3732	-0.5736	-0.0000	12.5370	16.7672	4.3273	6.4850	1.9975	1.9975	0.0000	0.0000	0.0000	0.0000	1.9975	1.9975	0.0000	0.0001	0.0000	0.0000	0.0000	0.0000	0.0000	0.0000	0.0000	0.0000	0.9750	0.8704	0.1046	0.2605	0.2491	0.0114	0.7145	0.6213	0.0932	0.2468	0.1379	0.1089	0.0499	0.0460	0.0039	0.1969	0.0919	0.1050	8238.4524	7080.7602	0.0152	0.1698	0.1706	0.0080	37222.7465	72047855.7553	0.0152	0.0002	0.0003	0.0002	0.0009	0.0010	0.0005	0.0001	0.0000	0.0001
6	13	0.5186	11	1	1	1	1	0	0	0	0	N	N	N	N	N	N	N	N	N	N	N	N	0.0000	0.0000	0.0000	0.0000	0.0000	0.0000	0.0000	0.0000	0.0000	0.0000	0.0000	0.0000	0.0000	0.0000	0.0000	0.0000	0.0000	0.0000	0.0000	0.0000	0.0000	0.0000	0.0000	0.0000	0.0000	0.0000	0.5693	0.0000	-0.0000	12.5370	0.0001	4.3273	1.0001	0.0000	0.0000	0.0000	0.0000	0.0000	0.0000	0.0000	0.0000	0.0000	0.0000	0.0000	0.0000	0.0000	0.0000	0.0000	0.0000	0.0000	0.0000	0.0000	0.0000	0.0000	0.0000	0.0000	0.0000	0.0000	0.0000	0.0000	0.0077	0.0044	0.0033	0.0024	0.0021	0.0003	0.0053	0.0023	0.0030	0.0000	0.0000	0.0000	0.0000	0.0000	0.0000	0.0000	0.0000	0.0000	0.0000	0.0000	0.0000	0.0000	0.0000	0.0000	0.0000	0.0000	0.0000		
6	14	0.3955	6	1	2	0	0	0	0	0	0	N	Y	N	N	N	N	N	N	N	N	N	N	8590.1151	13669.0064	0.0000	0.4243	0.8158	0.0000	22012.5392	inf	0.0000	0.8533	0.9556	0.0000	0.0002	0.0002	0.0000	1.1521	1.3234	0.0000	0.0001	0.0001	0.0001	0.0005	0.0003	0.0024	0.0001	0.0000	0.0000	0.0000	1.5894	-0.2864	-0.0000	12.5370	20.9564	4.3273	6.0714	0.9975	0.9975	0.0000	0.0001	0.0001	0.0000	0.9975	0.9975	0.0000	0.0000	0.0000	0.0000	0.0000	0.0000	0.0000	0.0000	0.0000	0.0000	1.1690	1.0439	0.1252	0.3032	0.2901	0.0131	0.8658	0.7537	0.1121	0.2602	0.1430	0.1172	0.0435	0.0392	0.0043	0.2167	0.1038	0.1129	8590.1151	13689.4013	0.0000	0.4243	0.8158	0.0000	45792.4463	inf	0.0000	0.0001	0.0001	0.0001	0.0005	0.0003	0.0024	0.0000	0.0000	0.0000
6	15	0.5186	11	1	1	0	1	0	0	0	0	N	N	N	N	N	N	N	N	N	N	N	N	0.0000	0.0000	0.0000	0.0000	0.0000	0.0000	0.0000	0.0000	0.0000	0.0000	0.0000	0.0000	0.0000	0.0000	0.0000	0.0000	0.0000	0.0067	0.0029	0.0055	0.0039	0.0025	0.0112	0.0081	0.0000	0.0034	2.6669	0.0000	0.0000	12.5370	0.0001	4.3273	6.0018	0.0000	0.0000	0.0000	0.0000	0.0000	0.0000	0.0000	0.0000	0.0000	0.0001	0.0000	0.0001	0.0000	0.0000	0.0000	0.0001	0.0000	0.0001	0.0000	0.0000	0.0000	0.0000	0.0000	0.0000	0.0000	0.0000	0.0000	0.0452	0.0257	0.0195	0.0138	0.0120	0.0018	0.0314	0.0136	0.0178	0.0000	0.0000	0.0000	0.0000	0.0000	0.0000	0.0000	0.0000	0.0000	0.0024	0.0012	0.0041	0.0036	0.0025	0.0112	0.0019	0.0000	0.0034		
6	16	0.5168	10	1	1	0	1	0	0	0	0	N	N	N	N	N	N	N	N	N	N	N	N	0.0000	0.0000	0.0000	0.0000	0.0000	0.0000	0.0000	0.0000	0.0000	0.0000	0.0000	0.0000	0.0000	0.0000	0.0000	0.0000	0.0000	0.0000	0.0000	0.0000	0.0000	0.0000	0.0000	0.0000	0.0000	0.0000	16.2564	0.0000	0.0000	12.5370	1.0007	4.3273	1.0009	0.0000	0.0000	0.0000	0.0000	0.0000	0.0000	0.0000	0.0000	0.0000	0.0000	0.0000	0.0000	0.0000	0.0000	0.0000	0.0000	0.0000	0.0000	0.0584	0.0526	0.0058	0.0235	0.0223	0.0012	0.0349	0.0303	0.0046	0.0153	0.0087	0.0066	0.0046	0.0040	0.0006	0.0107	0.0047	0.0060	0.0000	0.0000	0.0000	0.0000	0.0000	0.0000	0.0000	0.0000	0.0000	0.0000	0.0000	0.0000	0.0000	0.0000	0.0000	0.0000	0.0000	0.0000		
6	17	0.7478	12	1	2	0	1	0	0	0	0	N	Y	N	N	N	N	N	N	N	N	N	N	8.8599	8.7361	0.0222	0.1888	0.0000	inf	9.7872	5.2915	0.0080	2.1016	2.3290	0.0009	0.0001	0.0000	0.0018	4.4209	5.1001	0.0003	0.2372	0.2666	0.0389	0.0006	0.0007	0.0000	0.4517	0.9638	0.0413	0.0000	0.7195	-0.2867	-0.0003	12.5370	8.1476	4.3273	4.0573	0.9986	0.9986	0.0000	0.0000	0.0000	0.0000	0.9986	0.9986	0.0000	0.0014	0.0008	0.0006	0.0000	0.0000	0.0000	0.0013	0.0008	0.0006	0.4752	0.4288	0.0464	0.2493	0.2330	0.0163	0.2259	0.1958	0.0301	0.0788	0.0484	0.0304	0.0314	0.0273	0.0042	0.0474	0.0211	0.0262	122.1921	142.9869	0.0462	0.1888	0.0000	inf	156.8142	140.2671	0.0154	0.0172	0.0163	0.0186	0.0006	0.0007	0.0000	0.0282	0.0364	0.0216
6	18	0.5097	8	1	2	0	0	0	0	0	0	N	Y	N	N	N	N	N	N	N	N	N	N	188.3314	3867.4754	0.3051	2561.6756	4946.8316	1.7756	0.0449	32.4083	0.0080	1.3348	1.5081	0.0027	3.4818	3.7013	0.0132	0.0007	0.0008	0.0001	0.0071	0.0004	0.0087	0.0014	0.0007	0.0074	0.0157	0.0000	0.0069	0.0002	13.9913	-0.2832	0.0002	12.5370	12.7610	4.3273	15.2058	0.9871	0.9869	0.0002	0.9868	0.9865	0.0002	0.0003	0.0003	0.0000	0.0006	0.0000	0.0006	0.0001	0.0000	0.0000	0.0005	0.0000	0.0005	0.7395	0.6544	0.0851	0.2834	0.2665	0.0169	0.4561	0.3878	0.0683	0.2309	0.1319	0.0990	0.0589	0.0535	0.0054	0.1721	0.0784	0.0936	513.7639	4970.9659	0.4696	2561.6756	4946.8316	1.7756	0.2336	12140.6367	0.0099	0.0026	0.0003	0.0057	0.0014	0.0007	0.0074	0.0030	0.0000	0.0056
6	19	0.5235	11	1	2	0	1	0	0	0	0	N	Y	N	N	N	N	N	N	N	N	N	N	0.0000	0.0000	0.0000	0.0000	0.0000	0.0000	0.0000	0.0000	0.0000	0.0000	0.0000	0.0000	0.0000	0.0000	0.0000	0.0000	0.0000	0.0000	0.0000	0.0000	12.5370	3.0000	4.3273	1.0000	0.0000	0.0000	0.0000	0.0000	0.0000	0.0000	0.0000	0.0000	0.0000	0.0000	0.0000	0.0000	0.0000	0.0000	0.0000	0.0000	0.0000	0.0000	0.1734	0.1563	0.0172	0.0703	0.0667	0.0036	0.1031	0.0896	0.0136	0.0299	0.0173	0.0126	0.0092	0.0080	0.0011	0.0207	0.0093	0.0115	0.0000	0.0000	0.0000	0.0000	0.0000	0.0000	0.0000	0.0000	0.0000	0.0000	0.0000	0.0000	0.0000	0.0000	0.0000	0.0000	0.0000	0.0000											
6	20	0.2303	6	1	2	0	1	0	0	0	0	N	Y	N	N	N	N	N	N	N	N	N	N	0.0113	12.7170	0.0017	0.1049	0.0000	inf	0.0107	140.0804	0.0000	0.0023	0.0026	0.0002	0.0001	0.0000	0.0018	0.0032	0.0036	0.0000	0.2064	0.0002	0.0931	0.0006	0.0006	0.0000	0.2978	0.0000	0.0931	0.0070	151.3419	-0.0004	0.0009	12.5370	9.0824	4.3273	4.8637	0.0015	0.0015	0.0000	0.0000	0.0000	0.0000	0.0015	0.0015	0.0000	0.0023	0.0000	0.0023	0.0000	0.0000	0.0000	0.0023	0.0000	0.0023	0.6356	0.5723	0.0633	0.1760	0.1704	0.0056	0.4596	0.4019	0.0577	0.1472	0.0809	0.0664	0.0275	0.0239	0.0036	0.1198	0.0570	0.0628	0.1468	13.5454	0.0047	0.1049	0.0000	inf	0.1650	51990.6679	0.0000	0.0158	0.0002	0.0349	0.0006	0.0006	0.0000	0.0193	0.0000	0.0369
6	21	0.5070	7	2	2	0	0	0	0	0	0	Y	Y	N	N	N	N	N	N	N	N	N	N	13.3689	12.2784	11.9058	39.2067	38.0561	0.0236	0.9197	0.0445	13.7516	0.0155	0.0165	0.0070	0.0402	0.0422	0.0000	0.0014	0.0003	0.0085	0.0012	0.0013	0.0006	0.0010	0.0011	0.0002	0.0015	0.0070	0.0006	0.0485	0.6706	-0.0011	-0.0000	12.5370	5.0072	4.3273	8.1033	0.0045	0.0043	0.0002	0.0043	0.0043	0.0000	0.0003	0.0000	0.0002	0.0001	0.0000	0.0000	0.0000	0.0000	0.0000	0.0000	0.0000	0.0000	0.2914	0.2618	0.0296	0.1059	0.1009	0.0051	0.1855	0.1609	0.0246	0.1258	0.0707	0.0551	0.0386	0.0349	0.0037	0.0872	0.0358	0.0514	24.0016	23.9393	11.9058	39.2067	38.0561	0.0236	2.9201	1.1242	13.7516	0.0006	0.0007	0.0006	0.0010	0.0011	0.0002	0.0005	0.0003	0.0006
6	22	0.4756	7	1	2	0	0	0	0	0	0	N	Y	N	N	N	N	N	N	N	N	N	N	0.3411	5.2000	0.8927	0.3462	8.2457	0.0000	0.3577	0.0000	0.9894	1.0276	0.0003	10.4866	0.0008	0.0009	0.0000	1.6534	0.0000	12.8214	3.0129	0.0001	11.7473	0.0024	0.0001	0.0548	4.6217	0.0000	12.9589	3330.7857	88091.6894	0.7120	0.3702	12.5370	17.0533	4.3273	10.0403	0.9993	0.0003	0.9990	0.0003	0.0003	0.0000	0.9990	0.0000	0.9990	0.9960	0.0000	0.9960	0.0003	0.0000	0.0003	0.9958	0.0000	0.9958	0.9725	0.8772	0.0953	0.3683	0.3509	0.0173	0.6042	0.5263	0.0779	0.3306	0.1780	0.1526	0.1151	0.1090	0.0061	0.2155	0.0690	0.1464	0.3411	5.3838	1.6061	0.3462	8.2457	0.0000	0.3577	0.0000	1.8856	3.0129	0.0001	6.5291	0.0024	0.0001	0.0425	4.6217	0.0000	6.7997
6	23	0.7478	12	1	1	0	1	0	0	0	0	N	N	N	N	N	N	N	N	N	N	N	N	0.0080	0.0062	0.0000	2.0976	1.8022	0.0000	0.0000	0.0000	0.0033	0.0037	0.0000	0.0063	0.0068	0.0000	0.0000	0.0000	0.0000	0.4185	0.6001	0.0000	0.0030	0.0038	0.0000	0.6325	1.4468	0.0000	0.0000	0.0000	-0.0002	-0.0005	12.5370	2.8591	4.3273	0.9679	0.0006	0.0006	0.0000	0.0006	0.0006	0.0000	0.0000	0.0000	0.0000	0.0008	0.0008	0.0000	0.0000	0.0000	0.0000	0.0008	0.0008	0.0000	0.1737	0.1569	0.0169	0.0915	0.0856	0.0059	0.0822	0.0712	0.0110	0.0267	0.0163	0.0104	0.0108	0.0095	0.0014	0.0158	0.0068	0.0090	0.1110	0.0751	0.0000	2.0976	1.9611	0.0000	0.0000	0.0000	0.0000	0.0300	0.0492	0.0000	0.0030	0.0035	0.0000	0.0485	0.1130	0.0000	
6	24	0.7216	11	1	1	0	1	0	0	0	0	N	N	N	N	N	N	N	N	N	N	N	N	0.0002	0.0001	0.0000	0.0084	0.0094	0.0001	0.0002	0.0001	0.0000	0.0022	0.0024	0.0000	0.0001	0.0001	0.0000	0.0044	0.0051	0.0000	11.5330	18.5163	0.0596	0.0122	0.0117	0.0122	19.2194	42.3861	0.0549	0.0000	0.0008	-0.0002	-0.6248	12.5370	6.2936	4.3273	7.0245	0.0008	0.0008	0.0000	0.0000	0.0000	0.0000	0.0008	0.0008	0.0000	0.9956	0.9948	0.0008	0.0003	0.0002	0.0001	0.9953	0.9945	0.0008	0.3747	0.3378	0.0369	0.1953	0.1826	0.0127	0.1794	0.1552	0.0242	0.0863	0.0537	0.0326	0.0345	0.0303	0.0043	0.0518	0.0235	0.0283	0.0002	0.0001	0.0000	0.0124	0.0143	0.0001	0.0002	0.0001	0.0000	11.5330	18.5163	0.0257	0.0082	0.0077	0.0122	19.2194	42.3861	0.0278
6	25	0.5811	8	2	1	1	0	0	0	0	0	Y	N	N	N	N	N	N	N	N	N	N	N	123.5167	2.1631	4082.5331	72.4218	0.1491	2468.4797	92.5700	inf	157.5732	0.0013	0.0000	0.0132	0.0028	0.0000	0.0480	0.0001	0.0001	0.0004	0.0000	0.0000	0.0000	0.0000	0.0000	0.0000	0.0000	0.0000	0.0000	36.3541	0.1422	0.0003	-0.0000	12.5370	4.4994	4.3273	1.0731	0.0004	0.0000	0.0004	0.0004	0.0000	0.0004	0.0000	0.0000	0.0000	0.0000	0.0000	0.0000	0.0000	0.0000	0.0000	0.0000	0.0000	0.0000	0.2986	0.2689	0.0297	0.1397	0.1317	0.0080	0.1589	0.1372	0.0217	0.0430	0.0249	0.0181	0.0113	0.0103	0.0011	0.0317	0.0146	0.0170	123.5167	2.4300	4082.5331	72.4218	0.1491	2468.4797	92.5700	inf	157.5732	0.0000	0.0000	0.0000	0.0000	0.0000	0.0000	0.0000	0.0000	0.0000
6	26	0.4686	6	1	2	0	0	0	0	0	0	N	Y	N	N	N	N	N	N	N	N	N	N	0.0000	0.0024	0.0000	0.0023	0.0070	0.0000	0.0000	0.0000	0.0000	0.0000	0.0000	0.0000	0.0000	0.0000	0.0000	0.0000	0.0000	0.0000	5.4127	0.0073	20.3760	0.0190	0.0066	0.0836	7.5694	0.0045	23.1786	0.0033	4041.0731	-0.0000	0.3750	12.5370	12.3098	4.3273	9.0087	0.0000	0.0000	0.0000	0.0000	0.0000	0.0000	0.0000	0.0000	0.0000	1.0097	0.0002	1.0095	0.0006	0.0002	0.0004	1.0091	0.0000	1.0091	0.7321	0.6591	0.0730	0.2629	0.2506	0.0123	0.4692	0.4085	0.0607	0.1866	0.1075	0.0790	0.0532	0.0466	0.0066	0.1333	0.0609	0.0724	0.0000	0.0076	0.0000	0.0039	0.0090	0.0000	0.0000	0.0000	0.0000	5.4127	0.0023	12.7729	0.0113	0.0051	0.0552	7.5694	0.0002	13.9296
6	27	0.4455	5	1	2	0	0	0	0	0	0	N	Y	N	N	N	N	N	N	N	N	N	N	2.0330	1.7430	0.1730	0.0025	0.0024	0.4642	27.6279	1671.8246	0.2064	1.3200	1.4668	0.0051	0.0026	0.0027	0.0023	2.0693	2.3794	0.0056	0.6493	0.8415	0.0294	1.0562	1.1015	0.0050	0.0749	0.0014	0.0274	0.0004	0.1009	-0.5626	-0.0128	12.5370	25.8727	4.3273	15.5187	1.9619	1.9611	0.0008	0.0014	0.0014	0.0001	1.9605	1.9598	0.0007	0.0239	0.0217	0.0022	0.0217	0.0217	0.0001	0.0021	0.0000	0.0021	1.4863	1.3371	0.1492	0.5389	0.5134	0.0254	0.9474	0.8236	0.1238	0.3697	0.2180	0.1516	0.1019	0.0918	0.0102	0.2677	0.1263	0.1414	20.4346	14.7450	0.3520	0.0124	0.0113	0.4642	258.8116	108251.6742	0.3736	0.0646	0.0995	0.0144	0.2133	0.2363	0.0050	0.0080	0.0000	0.0151
6	28	0.4978	7	2	2	0	0	0	0	0	0	Y	Y	N	N	N	N	N	N	N	N	N	N	0.9072	485.7419	0.0000	0.1642	18.5373	0.0000	1.2140	178660.3977	0.0000	2.0700	2.3399	0.0000	0.0930	0.0988	0.0000	3.5952	4.2777	0.0000	2.2816	0.0048	9.7423	0.5666	0.0053	6.4875	2.9615	0.0000	11.1975	0.0000	2378.6016	-1.4495	0.3278	12.5370	38.1974	4.3273	14.3032	5.0482	5.0482	0.0000	0.0988	0.0988	0.0000	4.9494	4.9494	0.0000	0.8831	0.0004	0.8827	0.0098	0.0004	0.0094	0.8733	0.0000	0.8733	2.4388	2.1575	0.2813	1.0621	1.0004	0.0617	1.3767	1.1570	0.2196	0.3870	0.2158	0.1713	0.0921	0.0826	0.0095	0.2949	0.1331	0.1617	0.9072	1360.5534	0.0000	0.8790	21.9958	0.0000	1.2140	66224340.1859	0.0000	2.2816	0.0017	5.1541	0.1058	0.0045	0.9866	2.9615	0.0000	5.3991
6	29	0.4755	7	1	2	0	0	0	0	0	0	N	Y	N	N	N	N	N	N	N	N	N	N	0.0001	0.1023	0.0001	0.0552	0.1495	0.0364	0.0000	0.0000	0.0000	0.0001	0.0001	0.0001	0.0001	0.0001	0.0005	0.0000	0.0000	0.0000	0.5814	0.0005	0.8674	0.0025	0.0008	0.0133	0.7570	0.0009	0.8306	0.1875	242.2372	-0.0000	0.0027	12.5370	6.0056	4.3273	10.9350	0.0000	0.0000	0.0000	0.0000	0.0000	0.0000	0.0000	0.0000	0.0000	0.0074	0.0000	0.0074	0.0001	0.0000	0.0001	0.0073	0.0000	0.0073	0.4010	0.3625	0.0385	0.1604	0.1533	0.0071	0.2406	0.2092	0.0314	0.1453	0.0834	0.0618	0.0431	0.0374	0.0058	0.1021	0.0461	0.0561	0.0011	0.1393	0.0008	0.0552	0.1495	0.0364	0.0000	0.0000	0.0000	0.0511	0.0004	0.1195	0.0025	0.0008	0.0133	0.0716	0.0000	0.1304
6	30	0.5356	7	2	2	0	0	0	0	0	0	Y	Y	N	N	N	N	N	N	N	N	N	N	1.1001	0.9271	0.0006	0.0005	0.0005	0.0000	55.5100	2.9399	0.0009	0.6228	0.6831	0.0000	0.0003	0.0003	0.0000	1.3184	1.5202	0.0000	0.5662	0.7368	0.0005	0.6735	0.7026	0.0004	0.0238	0.5171	0.0005	0.0000	0.0038	-0.2871	-0.0084	12.5370	17.1852	4.3273	7.8386	0.9999	0.9999	0.0000	0.0003	0.0003	0.0000	0.9996	0.9996	0.0000	0.0135	0.0134	0.0001	0.0128	0.0128	0.0000	0.0007	0.0007	0.0000	1.6054	1.4637	0.1417	0.8473	0.8062	0.0411	0.7582	0.6576	0.1006	0.2766	0.1779	0.0987	0.1025	0.0937	0.0088	0.1741	0.0841	0.0900	12.7881	9.0532	0.0006	0.0027	0.0026	0.0000	322.6110	192.5868	0.0009	0.0487	0.0755	0.0005	0.1245	0.1361	0.0004	0.0041	0.0079	0.0005
6	31	0.3955	6	1	2	0	0	0	0	0	0	N	Y	N	N	N	N	N	N	N	N	N	N	0.1441	0.0616	0.0000	0.0855	0.0744	0.0000	17.9501	4.1304	0.0000	0.0009	0.0010	0.0000	0.0020	0.0021	0.0000	0.0005	0.0006	0.0000	0.0062	0.0163	0.0000	0.0239	0.0287	0.0000	0.0000	0.0001	0.0000	0.0000	0.0052	-0.0001	-0.0002	12.5370	9.9927	4.3273	7.0404	0.0005	0.0005	0.0000	0.0003	0.0003	0.0000	0.0002	0.0002	0.0000	0.0004	0.0004	0.0000	0.0004	0.0004	0.0000	0.0000	0.0000	0.0000	0.5780	0.5157	0.0623	0.1515	0.1450	0.0065	0.4265	0.3706	0.0558	0.1692	0.0931	0.0760	0.0286	0.0258	0.0028	0.1406	0.0673	0.0733	0.3914	0.2427	0.0000	0.1512	0.1426	0.0000	34.6106	1269.5458	0.0000	0.0023	0.0041	0.0000	0.0135	0.0150	0.0000	0.0000	0.0000	0.0000
6	32	0.3874	5	1	2	0	0	0	0	0	0	N	Y	N	N	N	N	N	N	N	N	N	N	9.8388	5.1660	458.5239	0.1376	0.1296	0.0000	4002.5539	19.0037	819.1982	0.0012	0.0013	0.0004	0.0001	0.0001	0.0000	0.0018	0.0020	0.0005	0.0001	0.0002	0.0000	0.0008	0.0008	0.0000	0.0000	0.0001	0.0000	0.0322	0.0031	-0.0001	-0.0000	12.5370	3.8146	4.3273	0.9911	0.0003	0.0003	0.0000	0.0000	0.0000	0.0000	0.0003	0.0003	0.0000	0.0000	0.0000	0.0000	0.0000	0.0000	0.0000	0.0000	0.0000	0.0000	0.2669	0.2404	0.0265	0.0957	0.0912	0.0044	0.1713	0.1492	0.0221	0.0487	0.0265	0.0221	0.0078	0.0070	0.0008	0.0409	0.0195	0.0213	9.8388	5.7862	458.5239	0.1376	0.1296	0.0000	4002.5539	5858.1668	819.1982	0.0001	0.0002	0.0000	0.0008	0.0008	0.0000	0.0000	0.0000	0.0000
6	33	0.3874	5	1	2	0	0	0	0	0	0	N	Y	N	N	N	N	N	N	N	N	N	N	30.6363	inf	0.0000	211.7522	inf	0.0000	0.0084	inf	0.0000	0.0382	0.0427	0.0000	0.1404	0.1469	0.0000	0.0000	0.0000	0.0000	0.0012	0.0000	0.0015	0.0007	0.0000	0.0064	0.0024	0.0000	0.0013	0.0000	inf	-0.0152	0.0001	12.5370	24.4476	4.3273	5.0002	0.0529	0.0529	0.0000	0.0529	0.0529	0.0000	0.0000	0.0000	0.0000	0.0002	0.0000	0.0002	0.0000	0.0000	0.0000	0.0002	0.0000	0.0002	1.3874	1.2406	0.1467	0.3770	0.3603	0.0167	1.0104	0.8804	0.1300	0.2807	0.1533	0.1274	0.0453	0.0406	0.0047	0.2354	0.1127	0.1227	56.3602	inf	0.0000	211.7522	inf	0.0000	0.0291	inf	0.0000	0.0007	0.0000	0.0015	0.0007	0.0000	0.0064	0.0007	0.0000	0.0013
6	34	0.6161	7	1	2	1	1	0	0	0	0	N	Y	N	N	N	N	N	N	N	N	N	N	0.1230	0.0011	13.9702	0.0027	0.0022	0.1844	1.3365	15.5019	0.0001	0.0000	0.0014	0.0000	0.0000	0.0000	0.0003	0.0000	0.0019	0.0008	0.0015	0.0001	0.0010	0.0012	0.0000	0.0002	0.0000	0.0001	64.8966	0.0807	0.0000	-0.0000	12.5370	1.3124	4.3273	1.0060	0.0000	0.0000	0.0000	0.0000	0.0000	0.0000	0.0000	0.0000	0.0000	0.0000	0.0000	0.0000	0.0000	0.0000	0.0000	0.0000	0.0000	0.0000	0.1003	0.0930	0.0074	0.0609	0.0588	0.0021	0.0395	0.0342	0.0053	0.0203	0.0125	0.0078	0.0096	0.0077	0.0018	0.0107	0.0048	0.0059	0.2028	0.0022	13.9702	0.0027	0.0022	0.1844	3.7252	0.0000	15.5019	0.0005	0.0007	0.0001	0.0010	0.0012	0.0000	0.0001	0.0000	0.0001	
6	35	0.4848	6	1	1	0	1	0	0	0	0	N	N	N	N	N	N	N	N	N	N	N	N	42.7697	104.6512	200.6308	5.2220	4.9732	8.3688	29.6229	711.4865	290.9366	0.6815	0.3797	3.5716	0.0143	0.0143	0.0131	1.1509	0.6598	4.5321	0.0159	0.0036	0.0178	0.0027	0.0029	0.0016	0.0389	0.0009	0.0156	0.9820	4.7864	0.4196	0.0005	12.5370	53.2438	4.3273	16.6757	2.0141	1.0162	0.9979	0.0174	0.0166	0.0008	1.9967	0.9996	0.9971	0.0025	0.0004	0.0020	0.0005	0.0004	0.0000	0.0020	0.0000	0.0020	2.9554	2.6760	0.2794	1.2205	1.1611	0.0594	1.7349	1.5149	0.2200	0.5233	0.3069	0.2164	0.1659	0.1471	0.0188	0.3574	0.1598	0.1977	145.1432	274.4379	380.3328	5.2220	4.9732	8.3688	205.2264	78995.4292	447.2350	0.0047	0.0014	0.0094	0.0027	0.0029	0.0016	0.0056	0.0000	0.0101
6	36	0.4440	6	1	2	0	0	0	0	0	0	N	Y	N	N	N	N	N	N	N	N	N	N	1289.8004	0.0000	12588.0236	4.0722	0.0000	3454.9813	926.0353	0.0000	14823.1952	1.8759	0.0000	18.0516	0.0022	0.0000	0.0388	2.9552	0.0000	22.6620	0.0015	0.0003	0.0014	0.0006	0.0006	0.0000	0.0032	0.0002	0.0015	inf	4.2224	1.4235	0.0000	12.5370	17.9460	4.3273	11.6991	1.9969	0.0000	1.9969	0.0009	0.0000	0.0009	1.9960	0.0000	1.9960	0.0002	0.0000	0.0002	0.0000	0.0000	0.0000	0.0002	0.0000	0.0002	1.0645	0.9539	0.1106	0.3891	0.3665	0.0225	0.6754	0.5874	0.0881	0.2543	0.1436	0.1107	0.0681	0.0612	0.0069	0.1861	0.0824	0.1037	2430.2322	0.0000	12588.0236	4.0722	0.0000	3454.9813	3466.8022	0.0000	14823.1952	0.0008	0.0003	0.0014	0.0006	0.0006	0.0000	0.0009	0.0000	0.0015
6	37	0.2425	7	2	2	0	0	0	0	0	0	Y	Y	N	N	N	N	N	N	N	N	N	N	8186.9351	5098.2676	6166.3458	5470.8314	inf	inf	0.0190	0.0214	0.0000	0.0815	0.0856	0.0000	0.0002	0.0002	0.0000	0.0000	0.0000	0.0000	0.0000	0.0000	0.0000	0.0000	0.0000	0.0000	0.0000	0.0000	-0.0006	-0.0000	12.5370	1.9903	4.3273	0.0021	0.0022	0.0022	0.0000	0.0022	0.0022	0.0000	0.0000	0.0000	0.0000	0.0000	0.0000	0.0000	0.0000	0.0000	0.0000	0.0000	0.0000	0.0000	0.1169	0.1035	0.0133	0.0269	0.0256	0.0013	0.0899	0.0779	0.0120	0.0203	0.0112	0.0091	0.0035	0.0030	0.0005	0.0168	0.0082	0.0086	8186.9351	5098.2676	0.0000	6166.3458	5470.8314	0.0000	inf	inf	0.0000	0.0000	0.0000	0.0000	0.0000	0.0000	0.0000	0.0000	0.0000	0.0000			
6	38	0.4848	6	1	2	0	1	0	0	0	0	N	Y	N	N	N	N	N	N	N	N	N	N	192.6758	104.4437	6.7910	0.3231	0.2478	126.1323	2080.6056	569.1231	4.8866	0.7625	0.8418	0.0022	0.0017	0.0016	0.0039	1.3115	1.5031	0.0017	0.0040	0.0081	0.0003	0.0052	0.0063	0.0000	0.0006	0.0026	0.0004	0.0003	0.0918	-0.5727	-0.0004	12.5370	45.5232	4.3273	15.8903	1.9963	1.9957	0.0005	0.0018	0.0016	0.0002	1.9944	1.9941	0.0003	0.0008	0.0007	0.0001	0.0007	0.0007	0.0000	0.0001	0.0000	0.0001	2.6181	2.3709	0.2473	1.0975	1.0443	0.0532	1.5207	1.3266	0.1941	0.4744	0.2788	0.1955	0.1523	0.1354	0.0169	0.3221	0.1435	0.1786	481.2665	340.9760	6.7910	0.3780	0.3133	126.1323	5788.6375	20924.3272	4.8866	0.0016	0.0025	0.0003	0.0045	0.0050	0.0000	0.0002	0.0001	0.0004
6	39	0.4577	5	1	1	0	1	0	0	0	0	N	N	N	N	N	N	N	N	N	N	N	N	0.2567	0.2922	1.2596	1.1449	0.2516	231.8542	0.1175	0.0214	0.6307	0.0034	0.0023	0.0131	0.0025	0.0006	0.0394	0.0040	0.0037	0.0062	0.0132	0.0080	0.0104	0.0022	0.0024	0.0002	0.0344	0.1734	0.0098	0.5993	1.7643	0.0003	0.0000	12.5370	13.8166	4.3273	4.5847	0.0030	0.0019	0.0011	0.0009	0.0002	0.0007	0.0021	0.0016	0.0004	0.0007	0.0002	0.0004	0.0001	0.0001	0.0000	0.0006	0.0001	0.0004	0.8788	0.7936	0.0852	0.3692	0.3515	0.0177	0.5096	0.4422	0.0674	0.1696	0.1021	0.0674	0.0595	0.0524	0.0072	0.1100	0.0498	0.0603	0.8319	0.9590	2.0046	1.1449	0.2516	231.8542	0.7927	1.5174	0.8456	0.0041	0.0024	0.0065	0.0022	0.0024	0.0002	0.0051	0.0024	0.0073
6	40	0.6196	9	1	1	1	0	0	0	0	0	N	N	N	N	N	N	N	N	N	N	N	N	15756.6845	12799.1253	0.0022	37.7887	35.8844	0.0060	57353.3707	29298.5957	0.0021	1.2567	1.3911	0.0000	0.0073	0.0077	0.0000	2.2907	2.6513	0.0000	0.0001	0.0001	0.0000	0.0002	0.0002	0.0000	0.0000	0.0001	0.0000	0.0000	0.2119	-0.2876	-0.0000	12.5370	12.6411	4.3273	7.4648	1.0018	1.0018	0.0000	0.0027	0.0027	0.0000	0.9991	0.9991	0.0000	0.0000	0.0000	0.0000	0.0000	0.0000	0.0000	0.0000	0.0000	0.0000	0.7972	0.7201	0.0770	0.3610	0.3433	0.0177	0.4362	0.3768	0.0593	0.1645	0.0996	0.0649	0.0559	0.0502	0.0057	0.1086	0.0494	0.0592	15756.6845	12799.1253	0.0022	37.7887	35.8844	0.0060	110866.8776	9222982.0992	0.0021	0.0001	0.0001	0.0000	0.0002	0.0002	0.0000	0.0000	0.0000	0.0000
6	41	0.2301	5	1	2	0	0	0	0	0	0	N	Y	N	N	N	N	N	N	N	N	N	N	1041.8062	661.7714	0.7343	192.4856	183.8104	0.0206	2051.7238	2049.2643	0.8707	0.4774	0.5346	0.0001	0.2534	0.2691	0.0000	0.5909	0.6803	0.0002	0.0005	0.0008	0.0002	0.0013	0.0015	0.0001	0.0003	0.0003	0.0002	0.0000	0.3246	-0.1944	-0.0000	12.5370	22.0894	4.3273	9.3639	0.6772	0.6772	0.0000	0.1208	0.1208	0.0000	0.5565	0.5565	0.0000	0.0001	0.0001	0.0000	0.0001	0.0001	0.0000	0.0000	0.0000	0.0000	1.4185	1.2667	0.1518	0.4767	0.4487	0.0280	0.9418	0.8180	0.1238	0.3007	0.1657	0.1350	0.0605	0.0541	0.0064	0.2401	0.1116	0.1286	1365.3624	1115.9578	0.7343	192.4856	183.8104	0.0206	5570.8760	502969.0526	0.8707	0.0003	0.0005	0.0002	0.0013	0.0015	0.0001	0.0001	0.0000	0.0002
6	42	0.4577	5	1	2	0	0	0	0	0	0	N	Y	N	N	N	N	N	N	N	N	N	N	48.7881	21.2271	21.5918	0.0533	0.0001	59359.8934	2321.6672	4097.1794	5.6248	0.4263	0.4721	0.0040	0.0008	0.0000	0.0157	0.6929	0.7946	0.0011	0.0087	0.0222	0.0002	0.0145	0.0179	0.0000	0.0003	0.0002	0.0002	0.0009	0.0260	-0.2865	-0.0008	12.5370	43.3975	4.3273	17.3745	1.0010	1.0001	0.0009	0.0007	0.0000	0.0007	1.0003	1.0000	0.0002	0.0014	0.0013	0.0000	0.0013	0.0013	0.0000	0.0000	0.0000	0.0000	2.3478	2.1183	0.2295	0.9043	0.8597	0.0446	1.4436	1.2586	0.1850	0.4565	0.2673	0.1893	0.1414	0.1240	0.0174	0.3151	0.1433	0.1718	142.1428	94.5448	21.5918	0.0820	0.0001	59359.8934	6278.0002	1224181.0674	5.6248	0.0030	0.0050	0.0002	0.0094	0.0108	0.0000	0.0001	0.0000	0.0002
6	43	0.0349	2	2	1	1	0	0	0	0	0	Y	N	N	N	N	N	N	N	N	N	N	N	0.2375	0.3150	0.0000	0.6063	0.6886	0.0000	0.0000	inf	0.0000	0.2131	0.2776	0.0000	0.6963	0.7622	0.0000	0.0001	0.0001	0.0000	0.8971	0.8811	1.9791	1.1484	1.1069	0.7476	1.0111	0.0000	1.8331	0.0000	2.4334	-0.1169	0.0073	12.5370	18.2331	4.3273	4.4208	0.4072	0.4072	0.0000	0.4072	0.4072	0.0000	0.0001	0.0001	0.0000	0.0904	0.0263	0.0640	0.0264	0.0263	0.0001	0.0640	0.0000	0.0640	1.9114	1.4672	0.4442	0.5848	0.5342	0.0506	1.3266	0.9330	0.3936	0.4723	0.2369	0.2354	0.1109	0.1107	0.0002	0.3614	0.1262	0.2352	1.1138	2.4984	0.0000	2.9275	3.2048	0.0000	0.0003	inf	0.0000	0.1913	0.1111	0.2720	0.2378	0.2378	0.2425	0.1770	0.0000	0.2720
6	44	0.2200	4	1	2	0	1	0	0	0	0	N	Y	N	N	N	N	N	N	N	N	N	N	207.2078	52.8781	30285.3862	50.4278	0.0165	8017218.2646	883.7628	39.5744	22861.6417	0.5433	0.3169	2.4805	0.2794	0.0001	6.4511	0.6375	0.4408	1.9955	0.0026	0.0060	0.0001	0.0055	0.0070	0.0000	0.0007	0.0111	0.0001	0.9147	0.0320	0.3649	-0.0006	12.5370	62.5878	4.3273	29.9840	1.9144	0.9999	0.9146	0.2590	0.0001	0.2589	1.6554	0.9998	0.6556	0.0010	0.0010	0.0000	0.0008	0.0008	0.0000	0.0002	0.0001	0.0000	3.5238	3.1551	0.3687	0.9271	0.8869	0.0401	2.5967	2.2681	0.3286	0.8778	0.4903	0.3875	0.1841	0.1600	0.0241	0.6937	0.3303	0.3634	465.8644	156.6349	30285.3862	60.5313	0.0217	8017218.2646	2543.5984	1024.2154	22861.6417	0.0012	0.0020	0.0001	0.0046	0.0053	0.0000	0.0003	0.0004	0.0001
6	45	0.0349	2	2	1	1	0	0	0	0	0	Y	N	N	N	N	N	N	N	N	N	N	N	1.6870	1.5034	4897.2539	0.0268	0.0295	1.5900	18574.3816	121172.3904	5609.7719	1.8778	2.3820	0.3828	0.0791	0.0869	0.0008	2.8116	4.0141	0.4363	1.1131	1.5844	0.0001	2.9488	2.9445	0.0005	0.0002	0.0000	0.0001	0.0542	0.0001	-0.7342	-0.1348	12.5370	13.5293	4.3273	3.1702	3.1148	2.9547	0.1601	0.0448	0.0448	0.0000	3.0700	2.9099	0.1601	0.2146	0.2146	0.0000	0.2146	0.2146	0.0000	0.0000	0.0000	0.0000	1.6588	1.2404	0.4183	0.5669	0.5155	0.0514	1.0919	0.7249	0.3670	0.4072	0.2047	0.2025	0.1099	0.1097	0.0002	0.2974	0.0950	0.2023	3.5636	2.2727	4897.2539	0.0405	0.0444	1.5900	53111.2605	46527991.4039	5609.7719	0.5269	1.0481	0.0001	1.9526	1.9562	0.0005	0.0001	0.0000	0.0001
6	48	0.6196	9	1	2	0	0	0	0	0	0	N	Y	N	N	N	N	N	N	N	N	N	N	1196.3285	627.0658	0.0017	2.9043	2.7620	0.0049	15278.9699	7461.5263	0.0017	0.4660	0.5158	0.0000	0.0025	0.0026	0.0000	0.8497	0.9836	0.0000	0.0004	0.0008	0.0000	0.0009	0.0009	0.0000	0.0001	0.0001	0.0000	0.0000	0.0596	-0.1060	-0.0000	12.5370	12.3962	4.3273	3.7178	0.3693	0.3693	0.0000	0.0009	0.0009	0.0000	0.3684	0.3684	0.0000	0.0000	0.0000	0.0000	0.0000	0.0000	0.0000	0.0000	0.0000	0.0000	0.7925	0.7159	0.0766	0.3590	0.3414	0.0176	0.4335	0.3745	0.0590	0.1397	0.0854	0.0543	0.0484	0.0437	0.0047	0.0913	0.0417	0.0496	1489.2614	1068.1419	0.0017	2.9043	2.7620	0.0049	32156.0733	2305753.8668	0.0017	0.0003	0.0005	0.0000	0.0009	0.0009	0.0000	0.0000	0.0000	0.0000
6	49	0.5907	8	1	1	0	0	0	0	0	0	N	N	N	N	N	N	N	N	N	N	N	N	64.8850	45.4273	1.2745	3.7388	3.4793	8.9238	232.0039	360.4964	1.0266	0.1104	0.1216	0.0006	0.0072	0.0075	0.0009	0.2035	0.2347	0.0006	0.0017	0.0027	0.0005	0.0019	0.0021	0.0001	0.0009	0.0007	0.0005	0.0005	0.2827	-0.0325	-0.0001	12.5370	14.4870	4.3273	5.8627	0.1134	0.1133	0.0001	0.0035	0.0035	0.0000	0.1099	0.1098	0.0000	0.0002	0.0001	0.0000	0.0001	0.0001	0.0000	0.0000	0.0000	0.0000	1.0267	0.9315	0.0951	0.4868	0.4636	0.0231	0.5399	0.4679	0.0720	0.1825	0.1113	0.0712	0.0651	0.0577	0.0074	0.1174	0.0535	0.0638	126.4683	108.9493	1.2745	3.7388	3.4793	8.9238	689.8200	55401.6557	1.0266	0.0009	0.0011	0.0005	0.0019	0.0021	0.0001	0.0003	0.0000	0.0005
6	50	0.5869	9	2	2	1	0	0	0	0	0	Y	Y	N	N	N	N	N	N	N	N	N	N	0.3944	inf	3.2088	inf	inf	inf	0.0001	inf	0.0006	0.0005	0.0000	0.0053	0.0012	0.0000	0.0242	0.0000	0.0000	0.0000	0.0013	0.0000	0.0017	0.0000	0.0000	0.0000	0.0037	0.0000	0.0018	2540.4087	inf	0.0000	0.0000	12.5370	0.9856	4.3273	2.8295	0.0000	0.0000	0.0000	0.0000	0.0000	0.0000	0.0000	0.0000	0.0000	0.0000	0.0000	0.0000	0.0000	0.0000	0.0000	0.0000	0.0000	0.0000	0.0570	0.0514	0.0055	0.0247	0.0235	0.0012	0.0323	0.0280	0.0043	0.0282	0.0161	0.0121	0.0072	0.0065	0.0008	0.0210	0.0096	0.0113	0.7240	inf	3.2088	inf	inf	inf	0.0002	inf	0.0006	0.0007	0.0000	0.0017	0.0000	0.0000	0.0000	0.0010	0.0000	0.0018
6	51	0.2000	5	2	2	0	0	0	0	0	0	Y	Y	N	N	N	N	N	N	N	N	N	N	10.1344	27.0819	0.0002	32.9553	31.9640	0.0070	2.9682	19.2526	0.0000	0.0132	0.0148	0.0000	0.0333	0.0343	0.0000	0.0060	0.0070	0.0000	0.0013	0.0005	0.0011	0.0010	0.0011	0.0004	0.0020	0.0004	0.0012	0.0000	2.0953	-0.0036	0.0000	12.5370	13.3057	4.3273	8.6321	0.0127	0.0127	0.0000	0.0084	0.0084	0.0000	0.0043	0.0043	0.0000	0.0002	0.0001	0.0001	0.0001	0.0001	0.0000	0.0001	0.0000	0.0001	0.9642	0.8591	0.1050	0.2535	0.2463	0.0072	0.7106	0.6128	0.0979	0.2860	0.1652	0.1208	0.0664	0.0603	0.0062	0.2196	0.1049	0.1147	18.8022	37.7210	0.0002	32.9553	31.9640	0.0070	9.8834	4597.7864	0.0000	0.0007	0.0004	0.0011	0.0010	0.0011	0.0004	0.0006	0.0000	0.0012
6	52	0.7216	11	1	2	0	1	0	0	0	0	N	Y	N	N	N	N	N	N	N	N	N	N	0.0002	0.0001	0.0000	0.0002	0.0002	0.0000	0.0000	0.0001	0.0000	0.0002	0.0002	0.0000	0.0003	0.0003	0.0000	0.0000	0.0000	0.0000	0.9144	1.1585	0.9972	1.5938	1.6421	0.0956	0.7949	0.0013	0.9603	0.0000	0.3036	-0.0000	-0.0014	12.5370	2.1073	4.3273	0.0711	0.0000	0.0000	0.0000	0.0000	0.0000	0.0000	0.0000	0.0000	0.0000	0.0035	0.0027	0.0008	0.0027	0.0027	0.0001	0.0008	0.0000	0.0008	0.1333	0.1203	0.0131	0.0696	0.0653	0.0044	0.0637	0.0550	0.0087	0.0166	0.0104	0.0062	0.0071	0.0062	0.0009	0.0096	0.0042	0.0053	0.0007	0.0006	0.0000	0.0007	0.0007	0.0000	0.0000	0.0042	0.0000	0.2104	0.2571	0.1316	0.3867	0.4328	0.0595	0.0798	0.0000	0.1434
6	53	0.6593	10	1	1	0	1	0	0	0	0	N	N	N	N	N	N	N	N	N	N	N	N	0.1575	1.8694	0.0000	1.5781	243.9801	0.0000	0.0000	0.0001	0.0000	0.7332	0.8135	0.0000	1.3353	1.4330	0.0000	0.0001	0.0001	0.0000	4.6541	0.4352	17.7652	0.8461	0.0059	9.5206	6.7072	1.0413	21.3932	0.0000	299.0403	-0.2811	0.3270	12.5370	21.8329	4.3273	8.0592	0.9792	0.9792	0.0000	0.9791	0.9791	0.0000	0.0000	0.0000	0.0000	0.8878	0.0030	0.8848	0.0095	0.0003	0.0092	0.8783	0.0027	0.8756	1.3354	1.2036	0.1318	0.7333	0.6833	0.0500	0.6022	0.5203	0.0819	0.1908	0.1118	0.0790	0.0598	0.0525	0.0073	0.1310	0.0593	0.0717	0.1575	30.7257	0.0000	8.4465	300.2399	0.0000	0.0000	0.0017	0.0000	4.6541	0.0265	11.2003	0.1581	0.0048	1.2538	6.7072	0.0457	12.2192
6	54	0.3124	7	1	2	0	1	0	0	0	0	N	Y	N	N	N	N	N	N	N	N	N	N	0.0000	0.0000	0.0000	0.0000	0.0000	0.0000	0.0000	0.0000	0.0000	0.0000	0.0000	0.0000	0.0000	0.0000	0.0000	0.0000	0.0000	0.0000	0.0000	0.0000	12.5370	0.0000	4.3273	0.0000	0.0000	0.0000	0.0000	0.0000	0.0000	0.0000	0.0000	0.0000	0.0000	0.0000	0.0000	0.0000	0.0000	0.0000	0.0000	0.0000	0.0000	0.0000	0.0000	0.0000	0.0000	0.0000	0.0000	0.0000	0.0000	0.0000	0.0000	0.0000	0.0000	0.0000	0.0000	0.0000	0.0000	0.0000	0.0000	0.0000	0.0000	0.0000	0.0000	0.0000	0.0000	0.0000	0.0000	0.0000	0.0000	0.0000	0.0000	0.0000	0.0000	0.0000	0.0000	0.0000	0.0000	0.0000											
6	55	0.6593	10	1	1	0	1	0	0	0	0	N	N	N	N	N	N	N	N	N	N	N	N	0.2928	0.0000	8447.9185	0.0007	0.0000	7.3255	1801.2238	0.0000	25981.9405	0.1486	0.0000	1.3607	0.0004	0.0000	0.0036	0.4111	0.0000	3.4006	0.5074	0.6783	0.0002	0.5679	0.5897	0.0005	0.0002	0.0019	0.0001	1846020.6015	0.0015	0.0136	-0.0003	12.5370	1.2825	4.3273	0.1503	0.0190	0.0000	0.0190	0.0000	0.0000	0.0000	0.0190	0.0000	0.0190	0.0005	0.0005	0.0000	0.0005	0.0005	0.0000	0.0000	0.0000	0.0000	0.1280	0.1140	0.0140	0.0818	0.0734	0.0084	0.0462	0.0406	0.0056	0.0134	0.0086	0.0048	0.0050	0.0046	0.0004	0.0084	0.0040	0.0044	3.7467	0.0000	8447.9185	0.0035	0.0000	7.3255	4645.6413	0.0000	25981.9405	0.0396	0.0616	0.0002	0.1062	0.1152	0.0005	0.0001	0.0000	0.0001
6	56	0.6183	9	1	1	0	1	0	0	0	0	N	N	N	N	N	N	N	N	N	N	N	N	3.4882	8.3624	14.5662	21.6616	21.3809	5.0286	1.4225	0.0309	24.2373	0.0351	0.0201	0.1726	0.0329	0.0350	0.0032	0.0378	0.0002	0.2690	0.0101	0.0024	0.0118	0.0015	0.0016	0.0006	0.0266	0.0077	0.0111	0.9392	4.2421	0.0077	0.0001	12.5370	14.8542	4.3273	6.8183	0.0389	0.0201	0.0188	0.0201	0.0200	0.0001	0.0188	0.0001	0.0187	0.0007	0.0001	0.0005	0.0001	0.0001	0.0000	0.0005	0.0000	0.0005	1.1067	0.9976	0.1091	0.6096	0.5700	0.0396	0.4971	0.4276	0.0696	0.1972	0.1227	0.0745	0.0739	0.0652	0.0087	0.1232	0.0575	0.0658	10.6136	19.8078	24.3285	21.6616	21.3809	5.0286	8.6298	0.7727	33.8576	0.0033	0.0010	0.0071	0.0015	0.0016	0.0006	0.0044	0.0003	0.0079
6	57	0.5433	8	1	1	0	1	0	0	0	0	N	N	N	N	N	N	N	N	N	N	N	N	120.2634	31.3683	6436.0373	83.6503	73.3683	118.7110	499.8401	7.2682	8932.7351	0.8863	0.4932	4.3826	0.8629	0.9287	0.0079	0.9082	0.0592	6.6533	0.0074	0.0157	0.0007	0.0103	0.0127	0.0001	0.0018	0.0081	0.0007	0.9992	0.1194	0.4165	-0.0005	12.5370	33.5853	4.3273	9.3450	1.9584	0.9796	0.9788	0.9213	0.9207	0.0006	1.0371	0.0589	0.9782	0.0009	0.0008	0.0001	0.0008	0.0008	0.0000	0.0001	0.0000	0.0001	2.2096	1.9863	0.2233	1.0677	0.9914	0.0763	1.1419	0.9949	0.1470	0.3334	0.1948	0.1386	0.1057	0.0926	0.0130	0.2277	0.1022	0.1255	334.0107	121.5766	6436.0373	120.2869	113.6134	118.7110	1634.6811	183.2232	8932.7351	0.0027	0.0041	0.0007	0.0072	0.0082	0.0001	0.0006	0.0003	0.0007
6	58	0.5226	7	1	1	0	0	0	0	0	0	N	N	N	N	N	N	N	N	N	N	N	N	74.6454	77.2765	1.0427	32.8458	28.7047	4.4642	84.5605	25.3071	1.2213	0.5930	0.6562	0.0033	0.1378	0.1458	0.0011	0.9746	1.1213	0.0041	0.0079	0.0085	0.0032	0.0042	0.0051	0.0003	0.0115	0.0443	0.0034	0.0005	0.8654	-0.1919	-0.0001	12.5370	15.2419	4.3273	2.5705	0.6697	0.6694	0.0004	0.0710	0.0709	0.0000	0.5988	0.5984	0.0003	0.0004	0.0002	0.0002	0.0002	0.0002	0.0000	0.0002	0.0001	0.0002	1.1294	1.0201	0.1092	0.5151	0.4865	0.0286	0.6143	0.5337	0.0807	0.1400	0.0806	0.0594	0.0426	0.0373	0.0053	0.0974	0.0433	0.0541	209.6192	249.1541	1.0776	36.0558	33.6975	4.4642	407.0462	956.0811	1.2213	0.0028	0.0026	0.0031	0.0038	0.0043	0.0003	0.0024	0.0012	0.0034
6	59	0.3124	7	1	1	0	1	0	0	0	0	N	N	N	N	N	N	N	N	N	N	N	N	0.0000	0.0000	0.0000	0.0000	0.0000	0.0000	0.0000	0.0000	0.0000	0.0000	0.0000	0.0000	0.0000	0.0000	0.0000	0.0000	0.0000	0.0000	0.0000	-0.0000	12.5370	0.0000	4.3273	0.0000	0.0000	0.0000	0.0000	0.0000	0.0000	0.0000	0.0000	0.0000	0.0000	0.0000	0.0000	0.0000	0.0000	0.0000	0.0000	0.0000	0.0000	0.0000	0.0000	0.0000	0.0000	0.0000	0.0000	0.0000	0.0000	0.0000	0.0000	0.0000	0.0000	0.0000	0.0000	0.0000	0.0000	0.0000	0.0000	0.0000	0.0000	0.0000	0.0000	0.0000	0.0000	0.0000	0.0000	0.0000	0.0000	0.0000	0.0000	0.0000	0.0000	0.0000	0.0000	0.0000	0.0000	0.0000											
6	60	0.2350	6	1	1	0	1	0	0	0	0	N	N	N	N	N	N	N	N	N	N	N	N	0.0220	0.0063	0.0000	0.0169	0.0147	0.0000	0.2868	0.2899	0.0000	0.0004	0.0004	0.0000	0.0008	0.0008	0.0000	0.0002	0.0003	0.0000	0.0160	0.0631	0.0005	0.0454	0.0543	0.0000	0.0008	0.0009	0.0005	0.0000	0.0477	-0.0001	-0.0007	12.5370	19.3360	4.3273	7.9957	0.0003	0.0003	0.0000	0.0002	0.0002	0.0000	0.0002	0.0002	0.0000	0.0012	0.0012	0.0001	0.0012	0.0012	0.0000	0.0001	0.0000	0.0001	0.9373	0.8346	0.1027	0.2215	0.2133	0.0082	0.7158	0.6213	0.0945	0.2595	0.1428	0.1167	0.0546	0.0478	0.0069	0.2048	0.0950	0.1098	0.0749	0.0485	0.0000	0.0359	0.0326	0.0000	0.8156	32.7345	0.0000	0.0047	0.0082	0.0005	0.0213	0.0244	0.0000	0.0003	0.0000	0.0005
6	61	0.4012	6	1	2	1	0	0	0	0	0	N	Y	N	N	N	N	N	N	N	N	N	N	0.0012	0.0047	0.0000	0.0100	0.0103	0.0062	0.0000	inf	0.0000	0.0040	0.0045	0.0001	0.0136	0.0142	0.0009	0.0000	0.0000	0.0000	3.3167	0.9432	12.6902	1.3579	1.3727	0.1508	4.2337	0.0000	13.7987	0.0031	46.5324	-0.0009	0.3564	12.5370	14.2360	4.3273	11.9336	0.0033	0.0033	0.0000	0.0033	0.0033	0.0000	0.0000	0.0000	0.0000	1.0166	0.0214	0.9953	0.0217	0.0214	0.0004	0.9949	0.0000	0.9949	0.8388	0.7442	0.0947	0.2448	0.2340	0.0107	0.5941	0.5101	0.0840	0.3065	0.1655	0.1410	0.0715	0.0673	0.0042	0.2350	0.0982	0.1368	0.0012	0.0346	0.0000	0.0448	0.0447	0.0110	0.0000	inf	0.0000	3.3167	0.1293	7.0565	0.3040	0.3177	0.0854	4.2337	0.0000	7.2709
6	62	0.5097	8	2	1	1	0	0	0	0	0	Y	N	N	N	N	N	N	N	N	N	N	N	169.9938	38.8729	16581.5394	99.4686	0.0715	11920.5995	3383.1006	5056.6433	6.4646	1.3067	0.7692	5.6299	1.7728	0.0015	30.4520	1.0542	1.2242	0.0014	0.0077	0.0198	0.0003	0.0178	0.0203	0.0026	0.0003	0.0002	0.0002	0.9100	0.0560	0.3617	-0.0005	12.5370	28.8660	4.3273	13.2209	1.9105	1.0003	0.9103	0.9108	0.0007	0.9101	0.9998	0.9996	0.0002	0.0009	0.0009	0.0000	0.0009	0.0009	0.0000	0.0000	0.0000	0.0000	1.4621	1.3004	0.1617	0.5138	0.4839	0.0299	0.9483	0.8165	0.1318	0.3254	0.1845	0.1409	0.0805	0.0727	0.0078	0.2449	0.1118	0.1331	471.7462	166.2967	16581.5394	163.4489	0.1237	11920.5995	9248.9483	1511155.1928	6.4646	0.0028	0.0046	0.0003	0.0108	0.0117	0.0026	0.0001	0.0000	0.0002
6	63	0.5070	7	2	2	0	0	0	0	0	0	Y	Y	N	N	N	N	N	N	N	N	N	N	1480.5540	2723.2989	0.0000	0.0819	0.0791	0.0000	1465.6481	7768.6323	0.0000	3.4038	3.7888	0.0000	0.0001	0.0001	0.0000	5.3479	6.1640	0.0000	0.0023	0.0014	0.0015	0.0013	0.0014	0.0002	0.0036	0.0008	0.0016	0.0000	1.6708	-0.2857	-0.0000	12.5370	5.0237	4.3273	8.0282	0.9950	0.9950	0.0000	0.0000	0.0000	0.0000	0.9950	0.9950	0.0000	0.0001	0.0000	0.0001	0.0001	0.0000	0.0000	0.0001	0.0000	0.0001	0.2923	0.2626	0.0297	0.1063	0.1012	0.0051	0.1861	0.1614	0.0246	0.1253	0.0705	0.0549	0.0385	0.0348	0.0037	0.0869	0.0357	0.0512	3217.8750	5379.6488	0.0000	0.0819	0.0791	0.0000	5642.2035	1001874.8817	0.0000	0.0011	0.0007	0.0015	0.0013	0.0014	0.0002	0.0009	0.0000	0.0016
6	64	0.4440	6	2	2	0	0	0	0	0	0	Y	Y	N	N	N	N	N	N	N	N	N	N	0.1821	7.7706	0.0141	0.1837	0.6360	0.0088	0.1106	12.0125	0.0204	0.0043	0.0048	0.0004	0.0006	0.0006	0.0002	0.0065	0.0074	0.0004	0.0238	0.0006	0.0272	0.0033	0.0010	0.0230	0.0585	0.0006	0.0211	0.0093	24.6383	-0.0013	0.0006	12.5370	17.5893	4.3273	19.0270	0.0045	0.0045	0.0000	0.0002	0.0002	0.0000	0.0043	0.0043	0.0000	0.0018	0.0001	0.0018	0.0003	0.0001	0.0002	0.0016	0.0000	0.0016	1.0457	0.9370	0.1087	0.3828	0.3605	0.0222	0.6629	0.5765	0.0865	0.3034	0.1712	0.1322	0.0797	0.0713	0.0084	0.2237	0.0999	0.1238	0.7138	11.4193	0.0287	0.1871	0.6360	0.0090	0.9170	1979.9156	0.0337	0.0061	0.0004	0.0134	0.0033	0.0010	0.0225	0.0071	0.0000	0.0128
6	65	0.4377	5	1	2	0	0	0	0	0	0	N	Y	N	N	N	N	N	N	N	N	N	N	0.3819	0.0851	2.7343	0.3676	0.2852	7.6715	0.2779	0.0002	3.9393	0.0045	0.0004	0.0412	0.0011	0.0009	0.0056	0.0065	0.0000	0.0478	0.0118	0.0044	0.0151	0.0031	0.0033	0.0007	0.0236	0.0007	0.0121	12.3867	2.3179	0.0003	0.0000	12.5370	1.7566	4.3273	2.8742	0.0005	0.0000	0.0005	0.0001	0.0000	0.0000	0.0005	0.0000	0.0005	0.0003	0.0001	0.0002	0.0001	0.0001	0.0000	0.0002	0.0000	0.0002	0.1200	0.1079	0.0122	0.0451	0.0432	0.0019	0.0749	0.0647	0.0103	0.0714	0.0489	0.0225	0.0261	0.0250	0.0011	0.0453	0.0239	0.0214	1.2153	0.2296	4.9988	0.3676	0.2936	7.6715	1.6070	0.0352	5.5462	0.0037	0.0016	0.0082	0.0031	0.0032	0.0007	0.0041	0.0000	0.0086
6	66	0.4012	6	1	2	0	0	0	0	0	0	N	Y	N	N	N	N	N	N	N	N	N	N	2.4516	0.9853	244754.7440	0.0009	0.0007	328.8373	65579.6655	20230.8096	273231.3649	1.6559	0.9321	7.4927	0.0012	0.0009	0.0066	2.3222	1.3475	8.4567	0.6754	0.9460	0.0000	1.3756	1.4170	0.0000	0.0000	0.0001	0.0000	0.9969	0.0002	0.4230	-0.0155	12.5370	21.1811	4.3273	10.1862	1.9947	0.9989	0.9958	0.0004	0.0003	0.0001	1.9943	0.9986	0.9957	0.0248	0.0247	0.0000	0.0247	0.0247	0.0000	0.0000	0.0000	0.0000	1.2046	1.0717	0.1329	0.3458	0.3306	0.0152	0.8588	0.7411	0.1177	0.3507	0.1897	0.1610	0.0787	0.0737	0.0050	0.2720	0.1160	0.1560	23.4652	7.1462	244754.7440	0.0038	0.0028	328.8373	130230.4040	7106522.0429	273231.3649	0.0706	0.1304	0.0000	0.3144	0.3358	0.0000	0.0000	0.0000	0.0000
6	67	0.3874	5	1	2	0	0	0	0	0	0	N	Y	N	N	N	N	N	N	N	N	N	N	0.0035	0.0008	0.0992	0.0000	0.0000	0.0408	0.0160	0.0098	0.1335	0.0067	0.0026	0.0415	0.0001	0.0001	0.0000	0.0097	0.0039	0.0481	1.9297	3.4750	0.4183	11.8217	13.1717	0.0004	0.6038	0.3988	0.3602	1.8081	0.0185	0.0011	-0.0994	12.5370	7.4253	4.3273	0.9851	0.0031	0.0011	0.0020	0.0000	0.0000	0.0000	0.0031	0.0011	0.0020	0.1629	0.1599	0.0030	0.1597	0.1597	0.0000	0.0031	0.0002	0.0030	0.4719	0.4231	0.0488	0.1472	0.1405	0.0067	0.3247	0.2825	0.0421	0.0844	0.0460	0.0384	0.0135	0.0121	0.0014	0.0709	0.0339	0.0370	0.0035	0.0008	0.5391	0.0000	0.0000	0.0408	0.2177	0.7018	0.6021	1.9297	3.4750	0.0770	11.8217	13.1717	0.0004	0.0443	0.0056	0.0798
6	68	0.5907	8	1	1	1	0	0	0	0	0	N	N	N	N	N	N	N	N	N	N	N	N	3073.0498	2135.8013	12.0514	3055.0977	2948.7940	2.2535	1.4080	0.0198	15.6037	0.8444	0.9305	0.0016	1.7853	1.8746	0.0004	0.0003	0.0000	0.0020	0.0003	0.0004	0.0001	0.0006	0.0006	0.0002	0.0002	0.0004	0.0001	0.0002	0.2646	-0.2558	-0.0000	12.5370	15.0354	4.3273	6.2061	0.8913	0.8912	0.0002	0.8912	0.8912	0.0000	0.0002	0.0000	0.0001	0.0000	0.0000	0.0000	0.0000	0.0000	0.0000	0.0000	0.0000	0.0000	1.0555	0.9577	0.0978	0.4992	0.4754	0.0238	0.5564	0.4823	0.0740	0.1884	0.1146	0.0738	0.0669	0.0592	0.0076	0.1215	0.0554	0.0661	3333.3203	2826.3883	12.0514	3055.0977	2948.7940	2.2535	3.8678	4.6542	15.6037	0.0003	0.0003	0.0001	0.0006	0.0006	0.0002	0.0001	0.0000	0.0001
6	69	0.5226	7	1	1	0	0	0	0	0	0	N	N	N	N	N	N	N	N	N	N	N	N	6.2441	2.1607	0.5569	4.5196	4.0382	0.0874	46.5149	30.2369	0.8572	0.1174	0.1299	0.0008	0.1420	0.1501	0.0005	0.0988	0.1133	0.0009	0.0188	0.0601	0.0014	0.0314	0.0372	0.0055	0.0021	0.0037	0.0011	0.0007	0.1330	-0.0591	-0.0008	12.5370	27.6811	4.3273	13.1592	0.2063	0.2062	0.0001	0.1075	0.1075	0.0000	0.0988	0.0987	0.0001	0.0015	0.0014	0.0002	0.0014	0.0013	0.0001	0.0001	0.0000	0.0001	1.7567	1.5870	0.1697	0.7569	0.7159	0.0410	0.9998	0.8711	0.1287	0.2943	0.1682	0.1260	0.0857	0.0748	0.0109	0.2086	0.0934	0.1151	22.4363	16.0765	0.5569	8.6442	8.3300	0.0874	155.2580	894.4673	0.8572	0.0052	0.0081	0.0014	0.0164	0.0180	0.0055	0.0006	0.0001	0.0011
6	70	0.4878	6	1	1	0	0	0	0	0	0	N	N	N	N	N	N	N	N	N	N	N	N	105.9461	182.5091	0.4540	0.2661	0.2121	2.2069	125.8828	276.2586	0.4206	0.6887	0.7621	0.0019	0.0008	0.0006	0.0029	1.2236	1.4106	0.0016	0.0065	0.0042	0.0042	0.0028	0.0030	0.0013	0.0097	0.0051	0.0038	0.0003	1.5738	-0.2566	-0.0000	12.5370	19.6565	4.3273	4.0504	0.8945	0.8943	0.0002	0.0004	0.0003	0.0001	0.8941	0.8939	0.0002	0.0005	0.0002	0.0003	0.0002	0.0002	0.0000	0.0003	0.0000	0.0003	1.2988	1.1734	0.1254	0.5681	0.5396	0.0284	0.7307	0.6337	0.0970	0.2053	0.1224	0.0829	0.0662	0.0592	0.0070	0.1391	0.0632	0.0759	288.5877	490.0171	0.5264	0.2661	0.2126	2.2069	562.7013	7362.1130	0.4206	0.0024	0.0016	0.0036	0.0028	0.0030	0.0013	0.0022	0.0002	0.0038
6	71	0.3905	6	2	2	0	0	0	0	0	0	Y	Y	N	N	N	N	N	N	N	N	N	N	5770122.7495	27748804.9107	9829445.3628	1921733.3917	2482924.3789	75740.2539	7326076.9600	inf	11341021.2856	2.7020	1.9719	9.2974	0.6228	0.6483	0.0661	3.6403	2.6246	10.7597	0.0000	0.0000	0.0000	0.0000	0.0000	0.0000	0.0000	0.0000	0.0000	0.5219	11.0698	0.1624	0.0000	12.5370	17.5448	4.3273	6.0013	2.9105	1.9124	0.9981	0.2086	0.2076	0.0010	2.7019	1.7048	0.9971	0.0000	0.0000	0.0000	0.0000	0.0000	0.0000	0.0000	0.0000	0.0000	1.0772	0.9698	0.1074	0.3350	0.3203	0.0147	0.7422	0.6495	0.0927	0.2217	0.1210	0.1006	0.0367	0.0329	0.0038	0.1849	0.0881	0.0969	5770122.7495	27748804.9107	9829445.3628	1921733.3917	2482924.3789	75740.2539	7326076.9600	inf	11341021.2856	0.0000	0.0000	0.0000	0.0000	0.0000	0.0000	0.0000	0.0000	0.0000
6	72	0.4589	9	2	2	1	0	0	0	0	0	Y	Y	N	N	N	N	N	N	N	N	N	N	0.0033	0.0023	0.0000	0.0002	0.0002	5.3094	inf	0.0000	0.0000	0.0000	0.0000	0.0000	0.0000	0.0000	0.0000	0.0000	0.0000	0.0001	0.0002	0.0000	0.0004	0.0004	0.0000	0.0000	0.0000	0.0000	0.0000	0.0006	-0.0000	-0.0000	12.5370	1.8980	4.3273	2.9698	0.0000	0.0000	0.0000	0.0000	0.0000	0.0000	0.0000	0.0000	0.0000	0.0000	0.0000	0.0000	0.0000	0.0000	0.0000	0.0000	0.0000	0.0000	0.1085	0.0964	0.0121	0.0309	0.0297	0.0012	0.0776	0.0667	0.0109	0.0727	0.0490	0.0237	0.0243	0.0230	0.0013	0.0484	0.0259	0.0225	0.0033	0.0025	0.0000	0.0002	0.0002	0.0000	5.3094	inf	0.0000	0.0001	0.0002	0.0000	0.0004	0.0004	0.0000	0.0000	0.0000	0.0000	
6	73	0.4394	8	2	1	1	0	0	0	0	0	Y	N	N	N	N	N	N	N	N	N	N	N	2.2252	4.9482	0.0000	0.6858	1.4618	0.0000	3.9140	1.7722	0.0001	0.0007	0.0008	0.0000	0.0006	0.0006	0.0000	0.0009	0.0013	0.0000	0.0003	0.0002	0.0005	0.0008	0.0004	0.0067	0.0002	0.0007	0.0002	0.0000	1.7040	-0.0002	0.0000	12.5370	3.5853	4.3273	4.3819	0.0006	0.0006	0.0000	0.0003	0.0003	0.0000	0.0003	0.0003	0.0000	0.0000	0.0000	0.0000	0.0000	0.0000	0.0000	0.0000	0.0000	0.0000	0.8454	0.7108	0.1346	0.5468	0.5070	0.0398	0.2987	0.2038	0.0948	0.0954	0.0596	0.0358	0.0237	0.0222	0.0015	0.0717	0.0374	0.0343	2.4909	5.0027	0.0000	0.6858	1.4618	0.0000	10.2500	260.3511	0.0001	0.0003	0.0002	0.0005	0.0008	0.0004	0.0067	0.0001	0.0000	0.0002
6	74	0.4079	7	2	1	1	0	0	0	0	0	Y	N	N	N	N	N	N	N	N	N	N	N	117.7758	185.6339	0.0918	150.8155	153.1858	0.0044	89.0159	18.6897	0.1046	0.6238	0.6875	0.0003	0.2542	0.2643	0.0000	0.8270	0.9424	0.0003	0.0053	0.0037	0.0028	0.0017	0.0017	0.0013	0.0093	0.0504	0.0029	0.0000	1.4192	-0.1483	-0.0000	12.5370	12.3589	4.3273	7.3592	0.5165	0.5165	0.0000	0.0746	0.0746	0.0000	0.4419	0.4419	0.0000	0.0004	0.0002	0.0002	0.0001	0.0001	0.0000	0.0003	0.0001	0.0002	0.8280	0.7512	0.0768	0.2936	0.2823	0.0113	0.5343	0.4689	0.0654	0.1908	0.1117	0.0791	0.0394	0.0359	0.0035	0.1514	0.0758	0.0756	310.2535	484.2143	0.0918	150.8155	153.1858	0.0044	394.6679	739.0933	0.1046	0.0020	0.0014	0.0028	0.0017	0.0017	0.0013	0.0021	0.0013	0.0029
6	75	0.3905	6	2	1	1	0	0	0	0	0	Y	N	N	N	N	N	N	N	N	N	N	N	2550.0219	2873.8315	123.5628	805.6687	880.8592	48.0648	2369.2606	2153.7904	122.1317	0.8560	0.9424	0.0372	0.8416	0.8757	0.0715	0.8633	0.9794	0.0312	0.0003	0.0003	0.0003	0.0010	0.0010	0.0015	0.0004	0.0005	0.0003	0.0042	0.9200	-0.1661	-0.0000	12.5370	10.2127	4.3273	1.0234	0.5870	0.5846	0.0024	0.1942	0.1935	0.0007	0.3928	0.3911	0.0017	0.0000	0.0000	0.0000	0.0000	0.0000	0.0000	0.0000	0.0000	0.0000	0.6857	0.6203	0.0655	0.2307	0.2209	0.0098	0.4550	0.3993	0.0557	0.1091	0.0595	0.0496	0.0181	0.0162	0.0018	0.0910	0.0433	0.0477	2998.6034	3458.2259	123.5628	805.6687	880.8592	48.0648	6403.9256	451979.3529	122.1317	0.0003	0.0003	0.0003	0.0010	0.0010	0.0015	0.0001	0.0000	0.0003
6	76	0.3874	5	2	1	0	0	0	0	0	0	Y	N	N	N	N	N	N	N	N	N	N	N	125472.5258	72927.8773	53348.9880	3.9057	3.7145	3.3616	4566185.3530	47855.3376	93681.3404	1.1242	1.2425	0.0495	0.0002	0.0002	0.0000	1.7592	2.0108	0.0595	0.0000	0.0000	0.0000	0.0001	0.0001	0.0000	0.0000	0.0000	0.0000	0.0044	0.0494	-0.0828	-0.0000	12.5370	3.7027	4.3273	0.0091	0.2929	0.2916	0.0013	0.0000	0.0000	0.0000	0.2929	0.2916	0.0013	0.0000	0.0000	0.0000	0.0000	0.0000	0.0000	0.0000	0.0000	0.0000	0.2605	0.2347	0.0258	0.0940	0.0897	0.0044	0.1665	0.1450	0.0215	0.0377	0.0205	0.0171	0.0060	0.0054	0.0006	0.0317	0.0151	0.0165	125472.5258	79311.8499	53348.9880	3.9057	3.7145	3.3616	4566185.3530	17900366.0348	93681.3404	0.0000	0.0000	0.0000	0.0001	0.0001	0.0000	0.0000	0.0000	0.0000
6	77	0.3704	4	1	1	0	0	0	0	0	0	N	N	N	N	N	N	N	N	N	N	N	N	0.6241	62.6109	0.4341	15.6386	76.6201	0.1240	0.0343	6.2939	0.6419	0.0091	0.0091	0.0083	0.0274	0.0285	0.0031	0.0013	0.0001	0.0090	0.0145	0.0001	0.0192	0.0018	0.0004	0.0250	0.0370	0.0000	0.0141	0.1091	53.2778	-0.0004	0.0002	12.5370	3.8334	4.3273	6.1787	0.0023	0.0021	0.0002	0.0021	0.0021	0.0000	0.0002	0.0000	0.0002	0.0006	0.0000	0.0005	0.0001	0.0000	0.0000	0.0005	0.0000	0.0005	0.2570	0.2295	0.0275	0.0766	0.0733	0.0032	0.1804	0.1561	0.0243	0.1237	0.0697	0.0540	0.0291	0.0274	0.0017	0.0946	0.0423	0.0523	2.0277	62.6109	0.8287	15.6386	76.6201	0.1303	0.2393	2459.4328	0.9403	0.0045	0.0001	0.0100	0.0018	0.0004	0.0237	0.0053	0.0000	0.0096
6	78	0.3312	3	1	1	0	0	0	0	0	0	N	N	N	N	N	N	N	N	N	N	N	N	0.1112	1.7590	0.0683	0.1752	0.4848	0.0319	0.0660	2.9346	0.0950	0.0023	0.0024	0.0018	0.0008	0.0008	0.0015	0.0029	0.0031	0.0018	0.0209	0.0014	0.0260	0.0047	0.0016	0.0461	0.0439	0.0010	0.0190	0.0834	12.7015	-0.0005	0.0005	12.5370	16.9094	4.3273	5.8161	0.0025	0.0024	0.0002	0.0002	0.0002	0.0000	0.0023	0.0021	0.0002	0.0017	0.0001	0.0016	0.0003	0.0001	0.0002	0.0014	0.0000	0.0014	1.0970	0.9865	0.1105	0.3039	0.2925	0.0114	0.7931	0.6940	0.0991	0.3008	0.1787	0.1221	0.0806	0.0750	0.0056	0.2202	0.1037	0.1165	0.4118	3.4408	0.1378	0.2000	0.4848	0.0395	0.4671	289.1866	0.1544	0.0056	0.0007	0.0129	0.0041	0.0016	0.0372	0.0062	0.0000	0.0117
6	79	0.4377	5	1	2	0	0	0	0	0	0	N	Y	N	N	N	N	N	N	N	N	N	N	0.0971	0.0032	4.7802	0.0097	0.0044	0.5722	0.5111	inf	5.7465	0.0003	0.0000	0.0027	0.0000	0.0000	0.0005	0.0004	0.0000	0.0031	0.0030	0.0052	0.0006	0.0046	0.0052	0.0008	0.0008	0.0000	0.0005	18.0830	0.2200	0.0003	-0.0002	12.5370	23.9173	4.3273	17.8091	0.0004	0.0000	0.0004	0.0000	0.0000	0.0000	0.0004	0.0000	0.0004	0.0004	0.0004	0.0001	0.0004	0.0004	0.0000	0.0001	0.0000	0.0001	1.3260	1.1910	0.1350	0.4605	0.4383	0.0222	0.8655	0.7527	0.1128	0.3449	0.2025	0.1423	0.0910	0.0820	0.0090	0.2539	0.1206	0.1333	0.2244	0.0094	4.7802	0.0110	0.0052	0.5722	1.4662	inf	5.7465	0.0013	0.0018	0.0006	0.0041	0.0044	0.0008	0.0003	0.0000	0.0005
6	80	0.4216	4	1	2	0	0	0	0	0	0	N	Y	N	N	N	N	N	N	N	N	N	N	122.9747	0.6169	903.9840	0.6845	0.6860	1.0757	114.3796	0.3188	1640.6130	0.4299	0.0002	4.1738	0.0010	0.0003	0.0129	0.6656	0.0001	5.0437	0.0035	0.0003	0.0046	0.0014	0.0005	0.0120	0.0058	0.0002	0.0031	2969.0716	8.7932	0.1067	0.0000	12.5370	6.1279	4.3273	3.6878	0.1498	0.0001	0.1497	0.0001	0.0000	0.0001	0.1496	0.0000	0.1496	0.0001	0.0000	0.0001	0.0000	0.0000	0.0000	0.0001	0.0000	0.0001	0.3483	0.3125	0.0359	0.1235	0.1173	0.0062	0.2248	0.1952	0.0297	0.1027	0.0668	0.0359	0.0334	0.0307	0.0027	0.0693	0.0360	0.0332	295.2307	0.7056	1116.6505	0.6845	0.6860	1.0757	451.0609	98.8824	1640.6130	0.0015	0.0002	0.0037	0.0014	0.0005	0.0120	0.0015	0.0000	0.0031
6	81	0.5097	8	2	1	1	0	0	0	0	0	Y	N	N	N	N	N	N	N	N	N	N	N	1433.1905	2649.5060	0.0028	329.6384	444.8127	0.0006	1674.8188	5218.2741	0.0036	0.8166	0.9184	0.0000	0.3008	0.3194	0.0000	1.0978	1.2758	0.0000	0.0006	0.0003	0.0006	0.0009	0.0007	0.0027	0.0007	0.0002	0.0004	0.0000	1.4886	-0.3291	-0.0000	12.5370	27.2690	4.3273	12.3406	1.1462	1.1462	0.0000	0.1490	0.1490	0.0000	0.9972	0.9972	0.0000	0.0001	0.0001	0.0001	0.0001	0.0001	0.0000	0.0001	0.0000	0.0001	1.4036	1.2480	0.1556	0.4952	0.4664	0.0289	0.9084	0.7816	0.1267	0.3114	0.1767	0.1347	0.0773	0.0699	0.0075	0.2341	0.1069	0.1272	2033.4344	3229.6659	0.0028	329.6384	444.8127	0.0006	4715.8861	1563555.4526	0.0036	0.0004	0.0003	0.0006	0.0009	0.0007	0.0027	0.0002	0.0000	0.0004
6	82	0.4944	7	1	1	0	0	0	0	0	0	N	N	N	N	N	N	N	N	N	N	N	N	208.0073	174.4289	1091.4756	483.4888	321.6457	40485.9895	1.2415	0.3163	0.3385	0.2818	0.2159	0.9352	0.4537	0.3350	2.3548	0.0029	0.0033	0.0003	0.0014	0.0012	0.0009	0.0009	0.0010	0.0001	0.0023	0.0105	0.0009	0.4364	1.0742	0.0045	-0.0000	12.5370	9.0798	4.3273	0.9519	0.2669	0.1858	0.0811	0.2659	0.1848	0.0811	0.0010	0.0010	0.0000	0.0001	0.0000	0.0000	0.0000	0.0000	0.0000	0.0000	0.0000	0.0000	0.9472	0.8605	0.0867	0.5860	0.5516	0.0344	0.3612	0.3089	0.0523	0.0816	0.0454	0.0363	0.0189	0.0169	0.0020	0.0627	0.0284	0.0343	383.2328	338.4396	1091.4756	483.4888	321.6457	40485.9895	4.2951	8.3813	0.3385	0.0007	0.0006	0.0009	0.0009	0.0010	0.0001	0.0007	0.0004	0.0009
6	83	0.4216	4	1	2	0	0	0	0	0	0	N	Y	N	N	N	N	N	N	N	N	N	N	318.7145	186.3574	0.0000	0.1721	0.1818	0.0000	10102.9240	463.3990	0.0000	0.8690	0.9678	0.0000	0.0008	0.0008	0.0000	1.3400	1.5406	0.0000	0.0027	0.0052	0.0003	0.0046	0.0046	0.0043	0.0001	0.0033	0.0000	0.0000	0.1279	-0.2868	-0.0002	12.5370	21.0000	4.3273	14.4214	0.9989	0.9989	0.0000	0.0003	0.0003	0.0000	0.9986	0.9986	0.0000	0.0004	0.0003	0.0000	0.0003	0.0003	0.0000	0.0000	0.0000	0.0000	1.1495	1.0322	0.1173	0.4042	0.3840	0.0202	0.7452	0.6482	0.0971	0.2942	0.1759	0.1183	0.0849	0.0757	0.0092	0.2093	0.1002	0.1091	721.5038	541.8577	0.0000	0.1954	0.2074	0.0000	27533.9361	15441.4456	0.0000	0.0012	0.0018	0.0003	0.0041	0.0040	0.0043	0.0000	0.0001	0.0000
6	84	0.4793	8	1	1	1	0	0	0	0	0	N	N	N	N	N	N	N	N	N	N	N	N	0.2456	0.1547	0.0000	0.0005	0.0004	0.0000	969.3163	5086.2612	0.0000	0.8411	0.9339	0.0000	0.0054	0.0057	0.0000	1.3291	1.5281	0.0000	3.4251	6.0352	0.0008	11.6889	13.6562	0.0009	0.0014	0.0003	0.0008	0.0000	0.0001	-0.2874	-0.5521	12.5370	20.4085	4.3273	11.0867	1.0010	1.0010	0.0000	0.0024	0.0024	0.0000	0.9986	0.9986	0.0000	0.8787	0.8786	0.0001	0.8786	0.8786	0.0000	0.0001	0.0000	0.0001	1.1901	1.0719	0.1183	0.4388	0.4184	0.0204	0.7514	0.6535	0.0979	0.2566	0.1456	0.1110	0.0752	0.0643	0.0108	0.1814	0.0812	0.1001	0.2456	0.1547	0.0000	0.0005	0.0004	0.0000	2976.7292	1346561.1716	0.0000	3.4251	6.0352	0.0008	11.6889	13.6562	0.0009	0.0004	0.0000	0.0008
6	85	0.4755	7	1	1	1	0	0	0	0	0	N	N	N	N	N	N	N	N	N	N	N	N	0.0001	0.0001	0.0001	0.0000	0.0000	0.0089	0.0001	0.1565	0.0000	0.0001	0.0001	0.0002	0.0001	0.0000	0.0005	0.0002	0.0002	0.0001	1.0176	1.2088	2.5630	1.8649	1.9308	0.0535	1.0757	0.0011	2.6468	0.1449	0.9490	-0.0000	-0.0021	12.5370	3.1287	4.3273	1.1816	0.0000	0.0000	0.0000	0.0000	0.0000	0.0000	0.0000	0.0000	0.0000	0.0150	0.0077	0.0073	0.0078	0.0077	0.0001	0.0072	0.0000	0.0072	0.2358	0.2141	0.0216	0.1026	0.0983	0.0044	0.1331	0.1159	0.0172	0.0439	0.0261	0.0178	0.0147	0.0128	0.0018	0.0292	0.0133	0.0159	0.0003	0.0004	0.0004	0.0001	0.0001	0.0115	0.0006	13.6071	0.0002	0.3423	0.2953	0.4113	0.5309	0.6014	0.0413	0.2477	0.0000	0.4541
6	86	0.4686	6	1	1	0	0	0	0	0	0	N	N	N	N	N	N	N	N	N	N	N	N	0.0000	0.0000	0.0000	0.0001	0.0001	0.0027	0.0000	0.0000	0.0000	0.0000	0.0000	0.0001	0.0001	0.0001	0.0005	0.0000	0.0000	0.0000	0.9951	1.0895	2.6775	1.6191	1.6586	0.1860	1.0975	0.0015	2.7683	0.2593	1.4819	-0.0000	-0.0006	12.5370	4.0532	4.3273	2.2470	0.0000	0.0000	0.0000	0.0000	0.0000	0.0000	0.0000	0.0000	0.0000	0.0203	0.0082	0.0121	0.0084	0.0082	0.0002	0.0119	0.0000	0.0119	0.2646	0.2394	0.0252	0.1027	0.0981	0.0045	0.1619	0.1412	0.0207	0.0655	0.0389	0.0266	0.0208	0.0187	0.0022	0.0446	0.0203	0.0244	0.0001	0.0002	0.0002	0.0003	0.0002	0.0052	0.0000	0.0000	0.0000	0.3101	0.2102	0.4562	0.4025	0.4385	0.0967	0.2669	0.0000	0.4886
6	87	0.4455	5	1	1	0	0	0	0	0	0	N	N	N	N	N	N	N	N	N	N	N	N	0.0093	2.3642	0.0010	0.1062	8.7992	0.0002	0.0005	0.0000	0.0011	0.0468	0.0494	0.0219	0.0964	0.1005	0.0031	0.0038	0.0000	0.0270	5.0294	0.0209	21.4929	0.9076	0.0114	17.0195	7.3269	0.1695	23.7378	0.0463	1662.1497	-0.0040	0.3176	12.5370	4.7288	4.3273	9.8540	0.0163	0.0156	0.0007	0.0156	0.0156	0.0000	0.0007	0.0000	0.0007	0.8560	0.0005	0.8555	0.0096	0.0004	0.0092	0.8464	0.0001	0.8462	0.3477	0.3148	0.0328	0.1617	0.1548	0.0070	0.1859	0.1601	0.0259	0.1702	0.1068	0.0634	0.0547	0.0508	0.0039	0.1155	0.0560	0.0595	0.0093	10.2578	0.0016	0.5493	13.4663	0.0013	0.0005	0.0000	0.0019	5.0294	0.0048	13.4936	0.1754	0.0075	2.3498	7.3269	0.0024	14.2282
6	88	0.4216	4	1	1	0	0	0	0	0	0	N	N	N	N	N	N	N	N	N	N	N	N	0.3648	0.0098	1.2449	0.0351	0.0261	0.1212	0.4602	0.0018	1.5095	0.3071	0.0007	2.9808	0.0010	0.0005	0.0104	0.4748	0.0008	3.6013	0.8418	0.0689	2.3943	0.0277	0.0183	0.0854	1.0317	0.4383	2.3857	507.5024	25.8208	0.1064	0.0070	12.5370	8.6320	4.3273	7.0881	0.1497	0.0003	0.1494	0.0002	0.0001	0.0001	0.1495	0.0002	0.1493	0.0209	0.0008	0.0201	0.0007	0.0005	0.0002	0.0202	0.0003	0.0199	0.4875	0.4373	0.0501	0.1726	0.1639	0.0087	0.3149	0.2734	0.0415	0.1486	0.0929	0.0557	0.0459	0.0416	0.0042	0.1028	0.0513	0.0514	2.1863	0.0804	8.2579	0.0644	0.0437	0.1837	2.4176	0.1251	9.3270	0.1405	0.0084	0.3610	0.0151	0.0109	0.0563	0.1964	0.0063	0.3861
6	89	0.4894	6	1	2	0	0	0	0	0	0	N	Y	N	N	N	N	N	N	N	N	N	N	6.0003	2.1203	0.0000	10.6282	10.5118	0.0000	4.0160	0.2936	0.0000	0.0985	0.1110	0.0000	0.0241	0.0267	0.0000	0.1674	0.1915	0.0000	0.0164	0.0523	0.0005	0.0023	0.0025	0.0000	0.0417	0.6521	0.0005	0.0000	0.0423	-0.0303	-0.0005	12.5370	15.4622	4.3273	5.2688	0.1057	0.1057	0.0000	0.0124	0.0124	0.0000	0.0933	0.0933	0.0000	0.0008	0.0008	0.0000	0.0001	0.0001	0.0000	0.0007	0.0007	0.0000	1.0727	0.9523	0.1204	0.5154	0.4650	0.0504	0.5573	0.4873	0.0700	0.1731	0.1038	0.0694	0.0569	0.0507	0.0061	0.1163	0.0530	0.0632	20.6668	14.5419	0.0000	10.6282	10.5118	0.0000	27.9391	15.3100	0.0000	0.0048	0.0076	0.0005	0.0023	0.0025	0.0000	0.0060	0.0125	0.0005
6	90	0.4776	5	1	1	0	0	0	0	0	0	N	N	N	N	N	N	N	N	N	N	N	N	104.8718	98.6554	1.8042	3.0391	2.9383	2.4252	137.0834	27.4635	1.8131	0.1081	0.1190	0.0010	0.0026	0.0027	0.0008	0.1951	0.2234	0.0011	0.0010	0.0012	0.0006	0.0008	0.0009	0.0003	0.0014	0.0081	0.0006	0.0009	0.5117	-0.0164	-0.0000	12.5370	7.5917	4.3273	1.5198	0.0574	0.0573	0.0000	0.0006	0.0006	0.0000	0.0568	0.0567	0.0000	0.0001	0.0000	0.0000	0.0000	0.0000	0.0000	0.0000	0.0000	0.0000	0.5307	0.4816	0.0491	0.2399	0.2277	0.0121	0.2909	0.2539	0.0370	0.0963	0.0608	0.0356	0.0365	0.0326	0.0039	0.0598	0.0282	0.0316	178.6761	187.5487	1.8042	3.0391	2.9383	2.4252	425.0550	691.8086	1.8131	0.0006	0.0006	0.0006	0.0008	0.0009	0.0003	0.0005	0.0003	0.0006
6	91	0.5869	9	2	1	1	0	0	0	0	0	Y	N	N	N	N	N	N	N	N	N	N	N	69.2797	43.8208	41.3798	39.0273	inf	inf	0.0001	0.0001	0.0000	0.0001	0.0002	0.0000	0.0000	0.0000	0.0000	0.0000	0.0000	0.0000	0.0000	0.0000	0.0000	0.0000	0.0000	0.0000	0.0000	0.0000	-0.0000	-0.0000	12.5370	3.0317	4.3273	0.1644	0.0000	0.0000	0.0000	0.0000	0.0000	0.0000	0.0000	0.0000	0.0000	0.0000	0.0000	0.0000	0.0000	0.0000	0.0000	0.0000	0.0000	0.0000	0.1707	0.1541	0.0166	0.0733	0.0697	0.0036	0.0974	0.0844	0.0129	0.0237	0.0135	0.0101	0.0061	0.0054	0.0006	0.0176	0.0081	0.0095	69.2797	43.8208	0.0000	41.3798	39.0273	0.0000	inf	inf	0.0000	0.0000	0.0000	0.0000	0.0000	0.0000	0.0000	0.0000	0.0000	0.0000			
6	92	0.5811	8	2	1	1	0	0	0	0	0	Y	N	N	N	N	N	N	N	N	N	N	N	517.8337	1505.7370	1683.5198	891.2055	950.9111	1278.6365	62.9297	inf	0.0179	0.0015	0.0004	0.0111	0.0029	0.0007	0.0375	0.0002	0.0002	0.0000	0.0000	0.0000	0.0000	0.0000	0.0000	0.0000	0.0000	0.0000	0.0000	2.8699	16.3311	0.0001	0.0000	12.5370	2.6632	4.3273	1.0147	0.0003	0.0001	0.0002	0.0003	0.0001	0.0002	0.0000	0.0000	0.0000	0.0000	0.0000	0.0000	0.0000	0.0000	0.0000	0.0000	0.0000	0.0000	0.1970	0.1772	0.0198	0.0968	0.0909	0.0059	0.1002	0.0863	0.0140	0.0292	0.0171	0.0122	0.0079	0.0072	0.0007	0.0213	0.0099	0.0115	517.8337	1505.7370	1683.5198	891.2055	950.9111	1278.6365	62.9297	inf	0.0179	0.0000	0.0000	0.0000	0.0000	0.0000	0.0000	0.0000	0.0000	0.0000
6	93	0.4978	7	2	1	1	0	0	0	0	0	Y	N	N	N	N	N	N	N	N	N	N	N	9.3243	1.5610	5650.2264	6.0682	0.0150	2197.2855	2187.7325	767.7781	2.6362	0.8291	0.4931	3.3726	0.8930	0.0024	15.2014	0.7786	0.9297	0.0006	0.0889	0.3159	0.0006	0.1472	0.1617	0.0069	0.0004	0.0012	0.0002	0.9033	0.0258	0.3576	-0.0022	12.5370	35.0787	4.3273	12.2568	1.9073	1.0021	0.9052	0.9074	0.0023	0.9051	0.9999	0.9998	0.0001	0.0037	0.0036	0.0001	0.0037	0.0036	0.0001	0.0000	0.0000	0.0000	2.3005	2.0321	0.2684	1.0162	0.9567	0.0595	1.2843	1.0754	0.2089	0.3533	0.1969	0.1564	0.0844	0.0757	0.0087	0.2689	0.1211	0.1478	78.8013	26.7900	5650.2264	20.4635	0.0506	2197.2855	5916.9584	59583.8459	2.6362	0.0105	0.0184	0.0006	0.0436	0.0478	0.0069	0.0001	0.0000	0.0002
6	94	0.4843	6	2	1	0	0	0	0	0	0	Y	N	N	N	N	N	N	N	N	N	N	N	0.3432	3.5959	1.1727	62.2442	59.2683	138.2910	0.0086	0.0144	0.0016	0.1779	0.1067	0.6032	0.3123	0.1698	2.2846	0.0057	0.0073	0.0007	0.5184	0.0297	0.5143	0.0050	0.0029	0.0165	0.6679	0.5105	0.4364	0.9472	11.9337	0.0348	0.0011	12.5370	8.4810	4.3273	2.3446	0.1745	0.0896	0.0849	0.1720	0.0872	0.0848	0.0025	0.0024	0.0001	0.0037	0.0003	0.0034	0.0001	0.0001	0.0000	0.0036	0.0002	0.0033	0.9806	0.8399	0.1407	0.5507	0.5135	0.0371	0.4299	0.3263	0.1036	0.0869	0.0481	0.0388	0.0201	0.0179	0.0021	0.0669	0.0302	0.0367	4.2234	18.1167	6.9339	72.4733	59.2683	138.2910	0.1074	0.9555	0.0076	0.0421	0.0059	0.0870	0.0043	0.0029	0.0165	0.0535	0.0077	0.0911
6	95	0.4216	4	1	2	0	1	0	0	0	0	N	Y	N	N	N	N	N	N	N	N	N	N	4.4264	2.5340	0.0086	39.5634	38.2488	0.0000	0.0015	0.0003	0.0163	0.8042	0.8954	0.0001	2.2899	2.4103	0.0000	0.0002	0.0002	0.0001	0.1817	0.3534	0.0088	0.0579	0.0630	0.0148	0.1295	0.7250	0.0056	0.0000	0.1882	-0.3011	-0.0026	12.5370	24.0032	4.3273	22.6134	1.0488	1.0488	0.0000	1.0486	1.0486	0.0000	0.0002	0.0001	0.0000	0.0055	0.0046	0.0009	0.0027	0.0025	0.0002	0.0028	0.0021	0.0007	1.3041	1.1713	0.1328	0.4579	0.4351	0.0229	0.8462	0.7363	0.1099	0.3720	0.2202	0.1518	0.1056	0.0937	0.0119	0.2664	0.1266	0.1399	54.7313	42.8667	0.0132	89.3450	89.2395	0.0000	0.0183	0.0125	0.0184	0.0147	0.0209	0.0057	0.0256	0.0270	0.0148	0.0104	0.0164	0.0049
6	96	0.1821	4	1	2	0	0	0	0	0	0	N	Y	N	N	N	N	N	N	N	N	N	N	44.4249	1.6607	47150.2145	2.5784	2.3255	281.0594	5423.3439	8.5655	53635.3852	0.1326	0.0110	1.0488	0.0189	0.0191	0.0133	0.1645	0.0085	1.1275	0.0030	0.0066	0.0000	0.0073	0.0082	0.0000	0.0000	0.0010	0.0000	12.6230	0.0070	0.0990	-0.0003	12.5370	18.5150	4.3273	10.2301	0.1549	0.0114	0.1435	0.0048	0.0047	0.0001	0.1500	0.0067	0.1434	0.0005	0.0005	0.0000	0.0005	0.0005	0.0000	0.0000	0.0000	0.0000	1.1682	1.0313	0.1368	0.2559	0.2463	0.0097	0.9122	0.7850	0.1272	0.3969	0.2360	0.1609	0.0928	0.0853	0.0075	0.3042	0.1507	0.1534	102.1590	5.0852	47150.2145	3.4353	3.1959	281.0594	10710.1629	884.3557	53635.3852	0.0013	0.0022	0.0000	0.0055	0.0060	0.0000	0.0000	0.0000	0.0000
6	97	0.4507	5	1	2	0	0	0	0	0	0	N	Y	N	N	N	N	N	N	N	N	N	N	304.7603	0.0405	7519.4523	426.9577	0.0363	25804.3936	267.7051	0.0249	4756.8805	0.8758	0.0001	8.5473	1.1273	0.0001	23.2432	0.7341	0.0002	5.5242	0.0029	0.0035	0.0011	0.0026	0.0030	0.0009	0.0027	0.0065	0.0012	6905.7075	0.6646	1.5260	-0.0002	12.5370	46.1140	4.3273	26.4917	2.1411	0.0003	2.1408	0.9933	0.0001	0.9932	1.1477	0.0002	1.1475	0.0007	0.0004	0.0003	0.0004	0.0004	0.0000	0.0003	0.0000	0.0002	2.4447	2.1942	0.2505	0.8811	0.8384	0.0427	1.5635	1.3558	0.2077	0.5311	0.2960	0.2351	0.1431	0.1209	0.0222	0.3880	0.1751	0.2129	694.7646	0.1040	7519.4523	426.9577	0.0363	25804.3936	976.2831	0.6387	4756.8805	0.0013	0.0014	0.0011	0.0026	0.0030	0.0009	0.0008	0.0003	0.0012
6	98	0.2350	6	1	2	0	0	0	0	0	0	N	Y	N	N	N	N	N	N	N	N	N	N	0.2815	0.1741	1002.9674	988.4754	844.5147	0.0501	0.0001	0.0000	1460.0178	1.0055	1.1296	0.0019	4.3337	4.5038	0.0000	0.0006	0.0004	0.0021	3.5714	6.4886	0.0000	0.0044	0.0053	0.0000	4.5160	9.7114	0.0000	0.0002	0.0000	-0.2866	-0.6267	12.5370	20.7840	4.3273	8.9470	0.9990	0.9988	0.0002	0.9985	0.9985	0.0000	0.0005	0.0003	0.0002	0.9973	0.9973	0.0000	0.0002	0.0002	0.0000	0.9971	0.9971	0.0000	0.9935	0.8842	0.1093	0.2304	0.2217	0.0087	0.7631	0.6625	0.1006	0.2792	0.1537	0.1255	0.0585	0.0510	0.0074	0.2208	0.1027	0.1181	0.2815	0.1741	1002.9674	1104.8632	1002.5593	0.0501	0.0001	0.0000	1460.0178	3.5714	6.4886	0.0000	0.0039	0.0045	0.0000	4.5160	9.7114	0.0000
6	99	0.2301	5	1	1	0	0	0	0	0	0	N	N	N	N	N	N	N	N	N	N	N	N	0.0012	0.0007	0.0279	0.0712	0.0728	0.0000	0.0002	0.0000	0.0540	0.0003	0.0003	0.0002	0.0005	0.0005	0.0000	0.0001	0.0000	0.0003	0.2534	0.4589	0.0076	0.0071	0.0075	0.0009	0.4103	1.1280	0.0061	0.0751	0.1399	-0.0000	-0.0006	12.5370	2.7834	4.3273	1.0450	0.0002	0.0001	0.0000	0.0001	0.0001	0.0000	0.0000	0.0000	0.0000	0.0013	0.0011	0.0002	0.0001	0.0001	0.0000	0.0011	0.0010	0.0002	0.4875	0.4380	0.0495	0.2577	0.2401	0.0176	0.2297	0.1978	0.0319	0.0694	0.0390	0.0303	0.0224	0.0215	0.0009	0.0469	0.0175	0.0294	0.0171	0.0113	0.0419	0.0943	0.0977	0.0000	0.0035	0.0008	0.0633	0.0181	0.0282	0.0051	0.0054	0.0056	0.0009	0.0241	0.0559	0.0052
6	100	0.2200	4	1	1	0	0	0	0	0	0	N	N	N	N	N	N	N	N	N	N	N	N	302.4274	191.9298	1421.8182	506.3650	445.8693	17870.3388	223.1870	19.2617	1101.1839	0.6704	0.6562	0.8000	0.7820	0.7533	1.5824	0.5931	0.5804	0.6693	0.0022	0.0034	0.0006	0.0015	0.0017	0.0001	0.0027	0.0301	0.0006	0.1338	0.2710	-0.0939	-0.0001	12.5370	7.6044	4.3273	2.7972	0.5550	0.4895	0.0655	0.2650	0.2464	0.0185	0.2900	0.2431	0.0470	0.0002	0.0002	0.0000	0.0001	0.0001	0.0000	0.0001	0.0001	0.0000	0.8278	0.7459	0.0819	0.3388	0.3271	0.0117	0.4890	0.4188	0.0702	0.2235	0.1354	0.0881	0.0844	0.0768	0.0077	0.1391	0.0586	0.0805	644.5409	485.7559	1421.8182	506.3650	445.8693	17870.3388	807.8819	639.4463	1101.1839	0.0010	0.0014	0.0006	0.0015	0.0017	0.0001	0.0007	0.0009	0.0006
6	101	0.1704	3	1	1	0	0	0	0	0	0	N	N	N	N	N	N	N	N	N	N	N	N	17.0285	6.3881	231.6547	2.8477	2.6161	1.7136	25.4838	1.2629	280.0615	0.3067	0.2641	0.6286	0.0581	0.0597	0.0116	0.3758	0.3278	0.6709	0.0180	0.0413	0.0027	0.0204	0.0228	0.0068	0.0147	0.2596	0.0024	0.3150	0.2849	-0.0173	-0.0009	12.5370	18.4780	4.3273	12.4520	0.3628	0.2759	0.0869	0.0149	0.0148	0.0001	0.3479	0.2611	0.0868	0.0022	0.0017	0.0005	0.0012	0.0012	0.0001	0.0009	0.0005	0.0004	1.1830	1.0448	0.1383	0.2573	0.2484	0.0089	0.9258	0.7964	0.1294	0.4249	0.2475	0.1774	0.1035	0.0906	0.0129	0.3214	0.1570	0.1644	60.0394	38.6995	231.6547	4.8313	4.6764	1.7136	130.3576	96.6167	280.0615	0.0051	0.0068	0.0027	0.0120	0.0128	0.0068	0.0029	0.0034	0.0024
6	102	0.5356	7	1	2	0	0	0	0	0	0	N	Y	N	N	N	N	N	N	N	N	N	N	0.0006	0.0118	0.0010	0.0048	0.0283	0.0082	0.0001	0.0483	0.0002	0.0010	0.0003	0.0085	0.0017	0.0005	0.0258	0.0004	0.0001	0.0025	1.8553	0.0235	8.9036	0.3616	0.0176	3.1326	2.7255	0.0012	10.6877	3.0790	588.3622	0.0012	0.3241	12.5370	34.1922	4.3273	22.4626	0.0025	0.0006	0.0019	0.0020	0.0005	0.0015	0.0005	0.0001	0.0004	0.8762	0.0015	0.8747	0.0114	0.0015	0.0099	0.8647	0.0000	0.8647	2.4189	2.1981	0.2208	1.1454	1.0888	0.0566	1.2735	1.1093	0.1641	0.4722	0.2896	0.1827	0.1550	0.1388	0.0161	0.3173	0.1507	0.1666	0.0006	0.0539	0.0018	0.0237	0.0467	0.0418	0.0001	3.7499	0.0005	1.8553	0.0051	4.7876	0.0738	0.0107	0.6167	2.7255	0.0000	5.1916
6	103	0.4878	6	1	2	0	0	0	0	0	0	N	Y	N	N	N	N	N	N	N	N	N	N	0.0036	0.0071	0.0012	0.1153	0.1113	0.1757	0.0009	0.0009	0.0005	0.0022	0.0023	0.0009	0.0042	0.0043	0.0026	0.0007	0.0007	0.0004	0.6120	0.3308	0.7258	0.0364	0.0384	0.0150	0.7616	0.7809	0.6845	0.0399	3.8962	-0.0008	0.0025	12.5370	22.5884	4.3273	11.0115	0.0032	0.0031	0.0001	0.0026	0.0025	0.0001	0.0006	0.0005	0.0000	0.0152	0.0031	0.0121	0.0015	0.0014	0.0001	0.0136	0.0017	0.0119	1.4481	1.3080	0.1401	0.6235	0.5922	0.0313	0.8246	0.7158	0.1088	0.2736	0.1614	0.1122	0.0856	0.0760	0.0096	0.1880	0.0854	0.1026	0.0396	0.1216	0.0081	0.2326	0.2322	0.1757	0.0094	0.0368	0.0031	0.0555	0.0192	0.1077	0.0180	0.0184	0.0150	0.0726	0.0199	0.1164
6	104	0.4577	5	1	1	0	0	0	0	0	0	N	N	N	N	N	N	N	N	N	N	N	N	0.0183	0.6648	0.1459	1.8277	0.3400	11.8040	0.0064	0.1014	0.0022	0.0020	0.0012	0.0095	0.0025	0.0003	0.0446	0.0016	0.0019	0.0001	0.1088	0.0018	0.0654	0.0013	0.0010	0.0038	0.2573	0.0185	0.0637	0.8581	21.9686	0.0003	0.0007	12.5370	11.8100	4.3273	8.7888	0.0015	0.0008	0.0007	0.0008	0.0001	0.0007	0.0007	0.0007	0.0000	0.0021	0.0001	0.0020	0.0001	0.0001	0.0000	0.0021	0.0000	0.0020	0.7711	0.6967	0.0744	0.3294	0.3137	0.0157	0.4417	0.3830	0.0586	0.1857	0.1114	0.0743	0.0642	0.0565	0.0077	0.1215	0.0549	0.0666	0.1731	1.4206	0.3466	1.8277	0.3400	11.8040	0.0975	2.8656	0.0047	0.0115	0.0008	0.0275	0.0013	0.0010	0.0038	0.0169	0.0007	0.0303
6	105	0.4216	4	1	1	0	0	0	0	0	0	N	N	N	N	N	N	N	N	N	N	N	N	2133.1527	0.0158	74346.9842	3007.6794	0.0332	850008.0775	0.0073	0.0042	0.0713	1.2167	0.0000	11.8788	3.4488	0.0000	68.8301	0.0000	0.0000	0.0000	0.0006	0.0010	0.0002	0.0011	0.0013	0.0001	0.0002	0.0000	0.0002	86236.8524	0.1822	0.7108	-0.0000	12.5370	14.7392	4.3273	7.3617	0.9971	0.0000	0.9971	0.9971	0.0000	0.9971	0.0000	0.0000	0.0000	0.0001	0.0001	0.0000	0.0001	0.0001	0.0000	0.0000	0.0000	0.0000	0.8195	0.7356	0.0839	0.2891	0.2746	0.0145	0.5304	0.4609	0.0695	0.1970	0.1205	0.0765	0.0589	0.0530	0.0059	0.1381	0.0675	0.0706	3022.7233	0.0282	74346.9842	3007.6794	0.0332	850008.0775	0.0190	1.5448	0.0713	0.0004	0.0006	0.0002	0.0011	0.0013	0.0001	0.0001	0.0000	0.0002
6	106	0.4944	7	1	2	0	0	0	0	0	0	N	Y	N	N	N	N	N	N	N	N	N	N	820.4243	1283.1474	10.3514	924.4183	876.1031	0.0671	2.3773	inf	14.1215	0.0992	0.1096	0.0017	0.1918	0.2035	0.0000	0.0006	0.0003	0.0025	0.0001	0.0001	0.0002	0.0002	0.0002	0.0000	0.0002	0.0000	0.0002	0.0017	1.5502	-0.0429	-0.0000	12.5370	20.0414	4.3273	7.0324	0.1502	0.1500	0.0002	0.1498	0.1498	0.0000	0.0004	0.0002	0.0002	0.0000	0.0000	0.0000	0.0000	0.0000	0.0000	0.0000	0.0000	0.0000	1.5141	1.3679	0.1462	0.7808	0.7359	0.0449	0.7332	0.6320	0.1013	0.2109	0.1170	0.0938	0.0482	0.0430	0.0052	0.1626	0.0740	0.0887	820.4243	1283.1474	10.3514	924.4183	876.1031	0.0671	6.1537	inf	14.1215	0.0001	0.0001	0.0002	0.0002	0.0002	0.0000	0.0001	0.0000	0.0002
6	107	0.4843	6	1	1	0	0	0	0	0	0	N	N	N	N	N	N	N	N	N	N	N	N	1160.2207	512.8937	20089.9340	840.5135	748.2670	285882.9522	0.8923	0.0579	1.1980	1.0168	1.1050	0.5058	1.7505	1.7413	1.8749	0.0002	0.0002	0.0000	0.0009	0.0022	0.0000	0.0021	0.0023	0.0000	0.0002	0.0035	0.0000	0.0790	0.0216	-0.1970	-0.0000	12.5370	7.0315	4.3273	1.2144	0.9210	0.8535	0.0674	0.9209	0.8535	0.0674	0.0001	0.0001	0.0000	0.0000	0.0000	0.0000	0.0000	0.0000	0.0000	0.0000	0.0000	0.0000	0.9057	0.7725	0.1333	0.5261	0.4901	0.0360	0.3796	0.2823	0.0973	0.0668	0.0369	0.0298	0.0155	0.0139	0.0016	0.0513	0.0231	0.0282	1912.1730	1174.4394	20089.9340	840.5135	748.2670	285882.9522	2.4945	1.8534	1.1980	0.0005	0.0009	0.0000	0.0021	0.0023	0.0000	0.0001	0.0001	0.0000
6	108	0.4507	5	1	1	0	0	0	0	0	0	N	N	N	N	N	N	N	N	N	N	N	N	85.0192	86.9333	629.1190	598.9027	120.3388	6329.1857	0.0600	0.0003	0.8453	0.0984	0.0166	0.7669	0.2630	0.0415	4.8953	0.0002	0.0000	0.0011	0.0012	0.0002	0.0012	0.0004	0.0003	0.0008	0.0027	0.0019	0.0013	5.6537	5.3890	0.0546	0.0000	12.5370	16.2725	4.3273	4.4748	0.0970	0.0146	0.0824	0.0969	0.0146	0.0823	0.0001	0.0000	0.0001	0.0001	0.0000	0.0001	0.0000	0.0000	0.0000	0.0001	0.0000	0.0001	0.9853	0.8778	0.1074	0.3683	0.3515	0.0168	0.6170	0.5264	0.0906	0.1837	0.1018	0.0819	0.0602	0.0469	0.0133	0.1234	0.0548	0.0686	152.7402	91.2210	629.1190	598.9027	120.3388	6329.1857	0.2183	0.0123	0.8453	0.0006	0.0002	0.0012	0.0004	0.0003	0.0008	0.0007	0.0000	0.0013
6	109	0.5035	6	1	2	0	0	0	0	0	0	N	Y	N	N	N	N	N	N	N	N	N	N	259.9982	134.6018	3.6389	806.7290	757.8216	0.0050	0.1038	0.0038	4.3208	0.4448	0.4927	0.0004	1.1042	1.1661	0.0000	0.0002	0.0002	0.0005	0.0017	0.0037	0.0001	0.0014	0.0015	0.0000	0.0022	0.0495	0.0001	0.0001	0.0553	-0.2861	-0.0002	12.5370	40.5309	4.3273	14.7974	0.9966	0.9965	0.0001	0.9963	0.9963	0.0000	0.0003	0.0002	0.0001	0.0004	0.0003	0.0000	0.0002	0.0002	0.0000	0.0002	0.0002	0.0000	2.2406	2.0227	0.2179	0.9023	0.8544	0.0479	1.3384	1.1683	0.1701	0.4150	0.2472	0.1678	0.1284	0.1141	0.0143	0.2866	0.1332	0.1534	508.4399	354.0666	3.6389	806.7290	757.8216	0.0050	0.3542	0.1487	4.3208	0.0009	0.0014	0.0001	0.0014	0.0015	0.0000	0.0007	0.0013	0.0001
6	110	0.4776	5	1	2	0	0	0	0	0	0	N	Y	N	N	N	N	N	N	N	N	N	N	1.0957	0.8889	3.7896	5.4552	4.4973	142.9843	0.0118	0.0014	0.0239	0.0034	0.0033	0.0046	0.0080	0.0074	0.0205	0.0001	0.0001	0.0000	0.0031	0.0037	0.0012	0.0015	0.0016	0.0001	0.0050	0.0463	0.0013	0.1467	0.5376	-0.0005	-0.0001	12.5370	13.5236	4.3273	3.5331	0.0029	0.0025	0.0004	0.0029	0.0025	0.0004	0.0000	0.0000	0.0000	0.0002	0.0001	0.0001	0.0001	0.0001	0.0000	0.0001	0.0001	0.0001	0.8515	0.7703	0.0812	0.3578	0.3398	0.0180	0.4937	0.4305	0.0633	0.1567	0.0960	0.0607	0.0543	0.0483	0.0060	0.1024	0.0477	0.0547	2.5511	2.3167	3.7896	5.4552	4.4973	142.9843	0.0472	0.0533	0.0239	0.0013	0.0014	0.0012	0.0015	0.0016	0.0001	0.0013	0.0012	0.0013
6	111	0.4216	4	1	1	0	0	0	0	0	0	N	N	N	N	N	N	N	N	N	N	N	N	0.0589	0.0237	0.1749	0.0102	0.0081	0.5192	0.5523	2.3586	0.1120	0.0009	0.0010	0.0002	0.0003	0.0003	0.0006	0.0013	0.0014	0.0001	0.0157	0.0423	0.0013	0.0264	0.0312	0.0012	0.0023	0.0006	0.0013	0.0254	0.1232	-0.0002	-0.0007	12.5370	16.9399	4.3273	15.9768	0.0009	0.0008	0.0000	0.0001	0.0001	0.0000	0.0008	0.0008	0.0000	0.0013	0.0011	0.0001	0.0012	0.0011	0.0000	0.0001	0.0000	0.0001	0.9367	0.8408	0.0958	0.3301	0.3135	0.0165	0.6066	0.5273	0.0793	0.2764	0.1657	0.1106	0.0802	0.0716	0.0086	0.1962	0.0942	0.1020	0.1981	0.1450	0.1749	0.0188	0.0158	0.5192	1.9055	389.3243	0.1120	0.0047	0.0069	0.0013	0.0144	0.0160	0.0012	0.0007	0.0000	0.0013
6	112	0.5260	8	2	2	0	1	0	0	0	0	Y	Y	N	N	N	N	N	N	N	N	N	N	0.0000	0.0000	0.0000	0.0000	0.0000	0.0000	0.0000	0.0000	0.0000	0.0000	0.0000	0.0000	0.0000	0.0000	0.0000	0.0000	0.0000	0.0000	0.0127	0.0384	0.0000	0.0022	0.0024	0.0000	0.0307	0.6001	0.0000	0.0005	-0.0000	-0.0000	12.5370	0.0019	4.3273	1.9928	0.0000	0.0000	0.0000	0.0000	0.0000	0.0000	0.0000	0.0000	0.0000	0.0001	0.0001	0.0000	0.0000	0.0000	0.0000	0.0000	0.0000	0.0000	0.0003	0.0002	0.0000	0.0001	0.0001	0.0000	0.0001	0.0001	0.0000	0.0152	0.0092	0.0060	0.0047	0.0041	0.0005	0.0105	0.0050	0.0055	0.0000	0.0000	0.0000	0.0000	0.0000	0.0000	0.0000	0.0000	0.0000	0.0039	0.0065	0.0000	0.0022	0.0024	0.0000	0.0047	0.0099	0.0000	
6	113	0.5024	7	2	2	0	1	0	0	0	0	Y	Y	N	N	N	N	N	N	N	N	N	N	0.0220	0.0167	0.0000	0.0130	0.0130	0.0000	0.0457	0.5947	0.0000	0.0003	0.0003	0.0000	0.0002	0.0002	0.0000	0.0004	0.0005	0.0000	0.0143	0.0208	0.0049	0.0162	0.0170	0.0072	0.0086	0.0008	0.0035	0.0000	0.5967	-0.0000	-0.0001	12.5370	8.6942	4.3273	6.0502	0.0002	0.0002	0.0000	0.0000	0.0000	0.0000	0.0001	0.0001	0.0000	0.0005	0.0003	0.0002	0.0004	0.0003	0.0000	0.0002	0.0000	0.0002	0.5355	0.4843	0.0512	0.2313	0.2201	0.0112	0.3042	0.2642	0.0400	0.1174	0.0671	0.0503	0.0348	0.0306	0.0041	0.0827	0.0365	0.0462	0.0719	0.0726	0.0000	0.0208	0.0211	0.0000	0.2003	80.3810	0.0000	0.0044	0.0048	0.0038	0.0101	0.0105	0.0072	0.0020	0.0000	0.0035
6	114	0.5235	11	1	2	0	1	0	0	0	0	N	Y	N	N	N	N	N	N	N	N	N	N	0.0000	0.0000	0.0000	0.0000	0.0000	0.0000	0.0000	0.0000	0.0000	0.0000	0.0000	0.0000	0.0000	0.0095	0.0331	0.0000	0.0096	0.0101	0.0000	0.0000	0.0000	0.0000	0.0000	0.0000	-0.0000	12.5370	0.0001	4.3273	0.0001	0.0000	0.0000	0.0000	0.0000	0.0000	0.0000	0.0000	0.0000	0.0000	0.0000	0.0000	0.0000	0.0000	0.0000	0.0000	0.0000	0.0000	0.0000	0.0000	0.0000	0.0000	0.0000	0.0000	0.0000	0.0000	0.0000	0.0000	0.0000	0.0000	0.0000	0.0000	0.0000	0.0000	0.0000	0.0000	0.0000	0.0000	0.0000	0.0000	0.0000	0.0000	0.0000	0.0000	0.0000	0.0000	0.0032	0.0062	0.0000	0.0068	0.0069	0.0000	0.0000	0.0000	0.0000						
6	115	0.5168	10	1	2	0	1	0	0	0	0	N	Y	N	N	N	N	N	N	N	N	N	N	0.0000	0.0000	0.0000	0.0000	0.0000	0.0000	0.0000	0.0000	0.0000	0.0000	0.0000	0.0000	0.0000	0.0667	0.2777	0.0000	0.0817	0.1009	0.0000	0.0000	0.0000	0.0000	0.0000	0.0000	-0.0002	12.5370	3.0007	4.3273	1.0012	0.0000	0.0000	0.0000	0.0000	0.0000	0.0000	0.0000	0.0000	0.0000	0.0003	0.0003	0.0000	0.0003	0.0003	0.0000	0.0000	0.0000	0.0000	0.1742	0.1569	0.0173	0.0700	0.0665	0.0036	0.1041	0.0904	0.0137	0.0305	0.0173	0.0132	0.0091	0.0080	0.0012	0.0213	0.0093	0.0120	0.0000	0.0000	0.0000	0.0000	0.0000	0.0000	0.0000	0.0000	0.0000	0.0095	0.0168	0.0000	0.0318	0.0364	0.0000	0.0000	0.0000	0.0000						
6	116	0.5150	9	1	1	0	1	0	0	0	0	N	N	N	N	N	N	N	N	N	N	N	N	0.0232	0.0000	1.1232	0.0000	0.0000	0.3075	1.3128	0.0000	0.0000	0.0000	0.0000	0.0000	0.0000	0.0000	0.0000	0.0000	0.0000	0.0000	0.0000	0.0000	0.0001	0.0000	0.0000	0.0000	0.0000	inf	0.1017	0.0000	-0.0000	12.5370	1.1177	4.3273	0.0023	0.0000	0.0000	0.0000	0.0000	0.0000	0.0000	0.0000	0.0000	0.0000	0.0000	0.0000	0.0000	0.0000	0.0000	0.0000	0.0000	0.0000	0.0000	0.0681	0.0615	0.0066	0.0290	0.0276	0.0015	0.0391	0.0339	0.0052	0.0086	0.0049	0.0037	0.0026	0.0022	0.0003	0.0060	0.0026	0.0034	0.0232	0.0000	1.1232	0.0000	0.0000	0.0000	0.3075	0.0000	1.3128	0.0000	0.0000	0.0000	0.0000	0.0001	0.0000	0.0000	0.0000	0.0000		
6	117	0.3312	3	1	2	0	0	0	0	0	0	N	Y	N	N	N	N	N	N	N	N	N	N	57.7593	18.7567	0.0000	2.2622	2.1493	0.0000	866.3134	770.8619	0.0000	1.1129	1.2410	0.0000	0.1074	0.1120	0.0000	1.4686	1.6787	0.0000	0.0193	0.0662	0.0013	0.0475	0.0521	0.0074	0.0017	0.0022	0.0010	0.0000	0.1113	-0.5881	-0.0016	12.5370	31.2782	4.3273	23.9277	2.0483	2.0483	0.0000	0.0516	0.0516	0.0000	1.9967	1.9967	0.0000	0.0030	0.0027	0.0003	0.0028	0.0027	0.0001	0.0002	0.0000	0.0002	1.8406	1.6506	0.1900	0.4810	0.4612	0.0198	1.3596	1.1894	0.1702	0.5731	0.3304	0.2428	0.1286	0.1171	0.0115	0.4445	0.2133	0.2312	209.2987	149.5012	0.0000	4.9042	4.8018	0.0000	2821.4050	30776.0502	0.0000	0.0053	0.0083	0.0013	0.0219	0.0233	0.0074	0.0005	0.0001	0.0010
6	118	0.5150	9	1	1	1	1	0	0	0	0	N	N	N	N	N	N	N	N	N	N	N	N	0.4565	2.0068	0.5417	2.3156	0.0000	0.0000	0.0000	0.0000	0.0000	0.0000	0.0000	0.0000	0.0000	0.0000	0.0000	0.0000	0.0000	0.0000	0.0000	0.0000	0.0000	0.0000	inf	inf	0.0000	0.0000	12.5370	3.8827	4.3273	2.9998	0.0000	0.0000	0.0000	0.0000	0.0000	0.0000	0.0000	0.0000	0.0000	0.0000	0.0000	0.0000	0.0000	0.0000	0.0000	0.0000	0.0000	0.0000	0.2277	0.2053	0.0224	0.0931	0.0884	0.0047	0.1346	0.1169	0.0177	0.0520	0.0295	0.0225	0.0155	0.0135	0.0020	0.0365	0.0160	0.0205	0.4565	0.0000	2.0068	0.0000	0.0000	0.0000	0.5417	0.0000	2.3156	0.0000	0.0000	0.0000	0.0000	0.0000	0.0000	0.0000	0.0000	0.0000					
6	119	0.5121	8	1	1	0	1	0	0	0	0	N	N	N	N	N	N	N	N	N	N	N	N	160.1754	0.0159	1756.6164	0.0187	0.0154	478.4553	2120.8285	0.0005	0.0000	0.0055	0.0000	0.0000	0.0000	0.0009	0.0000	0.0073	0.0000	0.0000	0.0000	0.0000	0.0000	0.0000	0.0000	0.0000	0.0000	11045.2258	0.7493	0.0001	-0.0000	12.5370	2.8083	4.3273	0.0030	0.0001	0.0000	0.0001	0.0000	0.0000	0.0000	0.0001	0.0000	0.0001	0.0000	0.0000	0.0000	0.0000	0.0000	0.0000	0.0000	0.0000	0.0000	0.1981	0.1799	0.0182	0.0897	0.0853	0.0045	0.1084	0.0946	0.0137	0.0215	0.0122	0.0093	0.0065	0.0056	0.0008	0.0151	0.0066	0.0085	160.1754	0.0159	1756.6164	0.0187	0.0154	0.0000	478.4553	0.0000	2120.8285	0.0000	0.0000	0.0000	0.0000	0.0000	0.0000	0.0000	0.0000	0.0000		
6	120	0.5121	8	1	1	1	1	0	0	0	0	N	N	N	N	N	N	N	N	N	N	N	N	334.1342	0.4199	3222.5063	0.4781	0.4389	866.8104	3760.9895	0.0003	0.0000	0.0027	0.0000	0.0000	0.0000	0.0004	0.0000	0.0034	0.0000	0.0000	0.0000	0.0000	0.0000	0.0000	0.0000	0.0000	0.0000	931.6211	0.8633	0.0001	-0.0000	12.5370	9.6158	4.3273	0.0030	0.0002	0.0000	0.0001	0.0000	0.0000	0.0000	0.0001	0.0000	0.0001	0.0000	0.0000	0.0000	0.0000	0.0000	0.0000	0.0000	0.0000	0.0000	0.5813	0.5252	0.0561	0.2425	0.2302	0.0123	0.3388	0.2950	0.0438	0.0723	0.0411	0.0312	0.0216	0.0188	0.0028	0.0507	0.0223	0.0284	334.1342	0.4199	3222.5063	0.4781	0.4389	0.0000	866.8104	0.0000	3760.9895	0.0000	0.0000	0.0000	0.0000	0.0000	0.0000	0.0000	0.0000	0.0000		
6	121	0.5024	7	1	1	0	1	0	0	0	0	N	N	N	N	N	N	N	N	N	N	N	N	1.3973	1.8706	0.0249	0.3077	0.2875	12.2216	1.3484	2.5265	0.0223	0.0005	0.0005	0.0000	0.0001	0.0001	0.0000	0.0008	0.0009	0.0000	0.0003	0.0003	0.0004	0.0005	0.0005	0.0000	0.0006	0.0004	0.0004	0.0016	1.0438	-0.0000	-0.0000	12.5370	4.2457	4.3273	2.0144	0.0001	0.0001	0.0000	0.0000	0.0000	0.0000	0.0001	0.0001	0.0000	0.0000	0.0000	0.0000	0.0000	0.0000	0.0000	0.0000	0.0000	0.0000	0.2861	0.2600	0.0261	0.1356	0.1293	0.0063	0.1506	0.1307	0.0199	0.0546	0.0317	0.0230	0.0170	0.0152	0.0018	0.0376	0.0164	0.0212	1.6786	2.1835	0.0249	0.3077	0.2875	12.2216	3.7030	604.8158	0.0223	0.0003	0.0002	0.0004	0.0005	0.0005	0.0000	0.0002	0.0000	0.0004
6	122	0.4603	6	1	1	0	1	0	0	0	0	N	N	N	N	N	N	N	N	N	N	N	N	11.6270	7.1561	0.0000	2.2214	1.9326	0.0053	59.0879	618.2002	0.0000	1.4503	1.6051	0.0000	0.1759	0.1843	0.0000	2.3014	2.6472	0.0000	0.1247	0.2243	0.0176	0.0792	0.0953	0.0000	0.0389	0.0043	0.0149	0.0000	0.5182	-0.3014	-0.0007	12.5370	11.9190	4.3273	13.1740	1.0498	1.0498	0.0000	0.0510	0.0510	0.0000	0.9988	0.9988	0.0000	0.0024	0.0016	0.0008	0.0016	0.0016	0.0000	0.0008	0.0000	0.0008	0.7239	0.6540	0.0698	0.2899	0.2767	0.0131	0.4340	0.3773	0.0567	0.1977	0.1099	0.0878	0.0505	0.0447	0.0058	0.1472	0.0652	0.0820	119.5258	111.6481	0.0000	5.6596	5.2505	0.0053	408.8134	17212.1578	0.0000	0.0121	0.0144	0.0093	0.0311	0.0351	0.0000	0.0056	0.0002	0.0100
6	123	0.2303	6	1	1	1	1	0	0	0	0	N	N	N	N	N	N	N	N	N	N	N	N	0.0027	0.0018	0.0000	0.3284	0.2663	0.0012	0.0007	0.0000	0.0041	0.0046	0.0000	0.0090	0.0093	0.0000	0.0023	0.0027	0.0000	1.5298	2.6004	0.0000	0.0274	0.0350	0.0000	1.8926	3.6558	0.0000	0.0000	0.0000	-0.0010	-0.1591	12.5370	12.8936	4.3273	4.1514	0.0035	0.0035	0.0000	0.0020	0.0020	0.0000	0.0015	0.0015	0.0000	0.2532	0.2532	0.0000	0.0005	0.0005	0.0000	0.2527	0.2527	0.0000	0.8509	0.7637	0.0872	0.2258	0.2180	0.0078	0.6251	0.5457	0.0794	0.1772	0.0974	0.0798	0.0326	0.0282	0.0043	0.1446	0.0691	0.0755	0.0029	0.0018	0.0000	0.6000	0.5388	0.0000	0.0013	0.0007	0.0000	1.4286	2.6004	0.0000	0.0150	0.0173	0.0000	1.7471	3.6558	0.0000	
6	124	0.4756	7	1	2	0	0	0	0	0	0	N	Y	N	N	N	N	N	N	N	N	N	N	1.2549	0.9928	0.0000	0.0010	0.0011	0.0000	4971.7771	27872.3204	0.0000	1.3424	1.4873	0.0000	0.0027	0.0028	0.0000	2.1719	2.4940	0.0000	1.0697	1.4980	0.0002	2.5936	2.6169	0.0000	0.0004	0.0001	0.0002	0.0000	0.0002	-0.2872	-0.0808	12.5370	12.7386	4.3273	8.7370	1.0003	1.0003	0.0000	0.0008	0.0008	0.0000	0.9995	0.9995	0.0000	0.1287	0.1287	0.0000	0.1287	0.1287	0.0000	0.0000	0.0000	0.0000	0.7451	0.6725	0.0726	0.2849	0.2718	0.0132	0.4602	0.4008	0.0594	0.2911	0.1559	0.1351	0.1054	0.1005	0.0049	0.1857	0.0554	0.1302	3.0361	1.8024	0.0000	0.0022	0.0022	0.0000	13328.3392	8917712.0549	0.0000	0.4421	0.8252	0.0002	1.2206	1.2803	0.0000	0.0002	0.0000	0.0002
6	125	0.4603	6	1	2	0	0	0	0	0	0	N	Y	N	N	N	N	N	N	N	N	N	N	0.0023	0.0010	0.0306	0.0006	0.0005	11.7876	0.0052	0.0041	0.0429	0.0027	0.0017	0.0117	0.0018	0.0018	0.0019	0.0032	0.0016	0.0141	1.1664	1.6418	0.3830	3.3144	3.5407	0.0002	0.6194	0.3970	0.3281	0.7170	0.0501	0.0002	-0.0332	12.5370	8.6431	4.3273	1.4782	0.0015	0.0008	0.0006	0.0004	0.0004	0.0000	0.0010	0.0004	0.0006	0.0571	0.0544	0.0027	0.0543	0.0543	0.0000	0.0029	0.0001	0.0027	0.5475	0.4956	0.0519	0.2273	0.2173	0.0100	0.3203	0.2783	0.0419	0.0850	0.0471	0.0378	0.0227	0.0201	0.0027	0.0622	0.0271	0.0352	0.0040	0.0015	0.1627	0.0008	0.0007	11.7876	0.0702	0.2918	0.1814	0.6725	1.1541	0.0721	2.3880	2.7036	0.0002	0.0462	0.0055	0.0775
6	126	0.4507	5	1	1	0	0	0	0	0	0	N	N	N	N	N	N	N	N	N	N	N	N	0.1504	0.0542	6.3937	0.7520	0.4214	29064.9289	0.2750	0.0350	0.2596	0.0171	0.0189	0.0046	0.0406	0.0408	0.0375	0.0011	0.0013	0.0003	0.1139	0.3493	0.0007	0.0540	0.0967	0.0000	0.0041	0.0377	0.0011	0.0347	0.0280	-0.0014	-0.0005	12.5370	4.1618	4.3273	2.0491	0.0056	0.0054	0.0002	0.0054	0.0052	0.0002	0.0002	0.0002	0.0000	0.0009	0.0008	0.0000	0.0008	0.0008	0.0000	0.0000	0.0000	0.0000	0.3286	0.2873	0.0413	0.1330	0.1283	0.0048	0.1956	0.1590	0.0365	0.0727	0.0402	0.0325	0.0335	0.0230	0.0105	0.0392	0.0171	0.0220	1.4574	0.9149	6.3937	1.6751	1.1545	29064.9289	1.0761	1.2778	0.2596	0.0117	0.0207	0.0007	0.0243	0.0353	0.0000	0.0010	0.0010	0.0011
6	127	0.4216	4	1	1	0	0	0	0	0	0	N	N	N	N	N	N	N	N	N	N	N	N	1.3027	0.2326	9.1811	27.0592	0.4443	428.6275	0.0000	0.0000	0.0099	0.0002	0.0951	0.0280	0.0004	0.5501	0.0000	0.0000	0.0000	0.0076	0.0007	0.0104	0.0010	0.0010	0.0013	0.0189	0.0000	0.0092	64.7558	8.7907	0.0037	0.0001	12.5370	9.4810	4.3273	7.4917	0.0053	0.0001	0.0052	0.0053	0.0001	0.0052	0.0000	0.0000	0.0000	0.0004	0.0000	0.0004	0.0001	0.0000	0.0000	0.0004	0.0000	0.0004	0.5342	0.4793	0.0549	0.1890	0.1795	0.0095	0.3452	0.2998	0.0454	0.1582	0.0984	0.0598	0.0485	0.0439	0.0046	0.1098	0.0545	0.0552	3.6157	0.3732	14.5866	27.0592	0.4443	428.6275	0.0000	0.0000	0.0000	0.0027	0.0005	0.0065	0.0010	0.0010	0.0013	0.0035	0.0000	0.0069	
6	128	0.2425	7	2	2	0	0	0	0	0	0	Y	Y	N	N	N	N	N	N	N	N	N	N	6525976.2782	224.0693	237552134.0178	247.2418	147.1731	inf	61577271.6886	inf	247905777.9155	8.4699	0.0005	74.3965	0.0016	0.0012	0.0112	11.0080	0.0002	82.4445	0.0000	0.0000	0.0000	0.0000	0.0000	0.0000	0.0000	0.0000	0.0000	20332.8939	0.1213	0.7126	-0.0000	12.5370	2.0107	4.3273	1.9995	0.9997	0.0000	0.9997	0.0000	0.0000	0.0000	0.9997	0.0000	0.9997	0.0000	0.0000	0.0000	0.0000	0.0000	0.0000	0.0000	0.0000	0.0000	0.1180	0.1046	0.0134	0.0272	0.0259	0.0013	0.0908	0.0787	0.0121	0.0406	0.0224	0.0182	0.0070	0.0060	0.0011	0.0336	0.0164	0.0171	6525976.2782	224.0693	237552134.0178	247.2418	147.1731	inf	61577271.6886	inf	247905777.9155	0.0000	0.0000	0.0000	0.0000	0.0000	0.0000	0.0000	0.0000	0.0000
6	129	0.2303	6	2	2	0	0	0	0	0	0	Y	Y	N	N	N	N	N	N	N	N	N	N	8275.4238	3613.4673	763.5242	4016.3682	3644.2445	inf	1111519.8421	39940.7924	741.8490	4.4738	4.9385	0.0036	7.6699	7.8861	0.0029	3.1221	3.5570	0.0037	0.0005	0.0014	0.0000	0.0019	0.0022	0.0000	0.0000	0.0001	0.0000	0.0001	0.0056	-0.5620	-0.0000	12.5370	5.6459	4.3273	1.1399	1.9580	1.9578	0.0002	0.9977	0.9977	0.0000	0.9603	0.9601	0.0001	0.0000	0.0000	0.0000	0.0000	0.0000	0.0000	0.0000	0.0000	0.0000	0.4376	0.3964	0.0412	0.1301	0.1265	0.0036	0.3076	0.2699	0.0376	0.0762	0.0418	0.0344	0.0153	0.0135	0.0018	0.0609	0.0283	0.0326	11587.5176	7061.7352	763.5242	4016.3682	3644.2445	inf	1111519.8421	12911507.2773	741.8490	0.0004	0.0007	0.0000	0.0019	0.0022	0.0000	0.0000	0.0000	0.0000
6	130	0.2000	5	1	1	0	0	0	0	0	0	N	N	N	N	N	N	N	N	N	N	N	N	98.3160	90.3199	0.0001	555.0366	513.8755	0.0039	0.4336	0.0519	0.0000	1.1352	1.2735	0.0000	4.1965	4.3136	0.0000	0.0067	0.0077	0.0000	0.0115	0.0141	0.0040	0.0076	0.0084	0.0009	0.0153	0.1488	0.0036	0.0000	0.6633	-0.2871	-0.0002	12.5370	11.6079	4.3273	5.3766	0.9998	0.9998	0.0000	0.9955	0.9955	0.0000	0.0043	0.0043	0.0000	0.0009	0.0005	0.0004	0.0003	0.0003	0.0000	0.0005	0.0002	0.0003	0.8807	0.7851	0.0956	0.2372	0.2308	0.0064	0.6435	0.5543	0.0892	0.2420	0.1413	0.1007	0.0605	0.0553	0.0052	0.1815	0.0860	0.0955	311.3954	339.2969	0.0001	742.8420	707.7479	0.0039	2.2345	3.4390	0.0000	0.0036	0.0038	0.0035	0.0056	0.0061	0.0009	0.0030	0.0022	0.0036
6	131	0.1821	4	1	1	0	0	0	0	0	0	N	N	N	N	N	N	N	N	N	N	N	N	19.4305	130.0634	1.9774	16.2749	18.7825	0.0766	16.8177	543.1893	2.3362	1.9150	2.1815	0.0941	0.2635	0.2710	0.0022	2.5778	3.0771	0.1003	0.0986	0.0168	0.0476	0.0162	0.0144	0.0285	0.1533	0.0057	0.0429	0.0063	3.0655	-0.1800	0.0003	12.5370	3.9355	4.3273	8.7078	0.6409	0.6369	0.0040	0.0253	0.0253	0.0000	0.6157	0.6117	0.0040	0.0026	0.0006	0.0020	0.0007	0.0006	0.0001	0.0019	0.0000	0.0019	0.3347	0.2920	0.0427	0.0959	0.0932	0.0027	0.2388	0.1988	0.0401	0.2410	0.1528	0.0882	0.0736	0.0692	0.0045	0.1674	0.0836	0.0838	175.4032	514.9406	4.1869	26.0423	29.8319	0.0836	228.7455	13687.9759	4.4989	0.0109	0.0042	0.0225	0.0101	0.0091	0.0261	0.0113	0.0002	0.0223
6	132	0.1704	3	1	1	0	0	0	0	0	0	N	N	N	N	N	N	N	N	N	N	N	N	37.2651	33.5335	5.8547	2.7575	2.6484	0.4341	93.4996	90.9638	8.1071	2.8511	3.2293	0.1240	0.0918	0.0939	0.0068	3.8368	4.5236	0.1308	0.0765	0.0963	0.0212	0.0333	0.0355	0.0156	0.0410	0.0497	0.0161	0.0053	0.6948	-0.3948	-0.0005	12.5370	6.2657	4.3273	3.9760	1.4007	1.3933	0.0074	0.0119	0.0118	0.0000	1.3888	1.3814	0.0074	0.0022	0.0013	0.0009	0.0014	0.0012	0.0002	0.0009	0.0001	0.0008	0.4913	0.4314	0.0598	0.1293	0.1261	0.0033	0.3620	0.3054	0.0566	0.2236	0.1402	0.0834	0.0804	0.0707	0.0097	0.1431	0.0694	0.0737	285.3994	343.4461	11.2994	5.3435	5.4040	0.4341	644.3568	3567.1322	12.6140	0.0100	0.0094	0.0110	0.0172	0.0174	0.0156	0.0060	0.0013	0.0104
6	133	0.0931	2	1	1	0	0	0	0	0	0	N	N	N	N	N	N	N	N	N	N	N	N	1.8907	1.7133	0.7648	0.0501	0.0519	0.2276	9.8064	140.4658	0.8779	1.1330	1.2931	0.0306	0.0518	0.0540	0.0013	1.4223	1.6664	0.0328	0.5992	0.7548	0.0400	1.0323	1.0401	0.0058	0.1450	0.0119	0.0374	0.0034	0.1827	-0.5710	-0.0184	12.5370	26.7012	4.3273	18.2690	2.0128	2.0059	0.0069	0.0194	0.0194	0.0000	1.9934	1.9865	0.0069	0.0388	0.0328	0.0060	0.0327	0.0327	0.0000	0.0061	0.0001	0.0059	1.7766	1.5512	0.2254	0.3750	0.3592	0.0159	1.4015	1.1921	0.2095	0.7192	0.4082	0.3110	0.1584	0.1506	0.0078	0.5609	0.2576	0.3032	21.0015	16.0896	1.5882	0.2504	0.2487	0.2276	131.5116	3676.7472	1.6734	0.0539	0.0804	0.0193	0.2067	0.2171	0.0058	0.0108	0.0005	0.0196
7	8	0.3390	12	2	1	1	1	0	0	0	0	Y	N	N	N	N	N	N	N	N	N	N	N	0.0061	0.0518	0.0000	0.0051	0.0629	0.0000	0.0043	inf	0.0000	0.0000	0.0000	0.0000	0.0000	0.0000	0.0000	0.0000	0.0000	0.0000	0.0002	0.0000	0.0005	0.0006	0.0000	0.0100	0.0001	0.0000	0.0001	0.0000	13.2455	-0.0000	0.0000	3.5884	0.9985	2.8705	0.0096	0.0000	0.0000	0.0000	0.0000	0.0000	0.0000	0.0000	0.0000	0.0000	0.0000	0.0000	0.0000	0.0000	0.0000	0.0000	0.0000	0.0000	0.0000	0.0146	0.0129	0.0017	0.0045	0.0043	0.0002	0.0101	0.0086	0.0015	0.0041	0.0027	0.0014	0.0012	0.0011	0.0001	0.0029	0.0015	0.0014	0.0061	0.0644	0.0000	0.0051	0.0629	0.0000	0.0107	inf	0.0000	0.0002	0.0000	0.0005	0.0006	0.0000	0.0100	0.0000	0.0000	0.0001
7	9	0.0676	3	2	0	2	0	0	0	0	0	Y	N	Y	N	N	N	N	N	N	N	N	N	0.0257	0.0443	0.0000	0.1167	0.1356	0.0000	0.0000	0.6072	0.0000	0.0488	0.0548	0.0000	0.2257	0.2288	0.0000	0.0001	0.0001	0.0000	1.9010	1.2383	7.3203	1.9343	1.6868	33.6861	2.7613	0.0001	7.8289	0.0000	9.6302	-0.0019	0.1077	3.5884	6.0952	2.8705	6.8339	0.0065	0.0065	0.0000	0.0065	0.0065	0.0000	0.0000	0.0000	0.0000	0.3882	0.0365	0.3517	0.0453	0.0365	0.0088	0.3429	0.0000	0.3429	0.1327	0.1183	0.0145	0.0287	0.0283	0.0004	0.1040	0.0900	0.0141	0.2042	0.1160	0.0882	0.0800	0.0783	0.0017	0.1242	0.0377	0.0864	0.0257	0.1741	0.0000	0.3988	0.4905	0.0000	0.0000	192.9343	0.0000	1.9010	0.3148	3.9881	0.5660	0.4665	5.0588	2.7613	0.0000	3.9666
7	10	0.2923	12	1	0	2	0	0	0	0	0	N	N	Y	N	N	N	N	N	N	N	N	N	0.0147	0.0109	0.0000	0.0014	0.0015	0.0000	2037.6930	37.8523	0.0000	0.0049	0.0054	0.0000	0.0005	0.0005	0.0000	0.0078	0.0092	0.0000	0.3295	0.4998	0.0000	0.3522	0.3557	0.0014	0.0000	0.0002	0.0000	0.0000	0.0007	-0.0001	-0.0005	3.5884	1.9784	2.8705	5.0323	0.0002	0.0002	0.0000	0.0000	0.0000	0.0000	0.0002	0.0002	0.0000	0.0007	0.0007	0.0000	0.0007	0.0007	0.0000	0.0000	0.0000	0.0000	0.0387	0.0344	0.0042	0.0157	0.0148	0.0009	0.0230	0.0196	0.0034	0.0339	0.0223	0.0117	0.0102	0.0099	0.0003	0.0237	0.0123	0.0113	0.2222	0.1639	0.0000	0.0068	0.0070	0.0000	2037.6930	11319.5360	0.0000	0.0218	0.0332	0.0000	0.0723	0.0745	0.0014	0.0000	0.0000	0.0000
7	11	0.3024	10	1	0	2	0	0	0	0	0	N	N	Y	N	N	N	N	N	N	N	N	N	0.0993	0.0150	7.5683	0.1975	0.0457	5.5345	0.0060	0.0006	0.0003	0.0003	0.0001	0.0023	0.0009	0.0002	0.0140	0.0000	0.0000	0.0000	0.0033	0.0058	0.0003	0.0047	0.0050	0.0025	0.0004	0.0053	0.0001	3.2289	0.0823	0.0001	-0.0001	3.5884	39.9843	2.8705	13.6191	0.0002	0.0000	0.0001	0.0002	0.0000	0.0001	0.0000	0.0000	0.0000	0.0003	0.0002	0.0000	0.0002	0.0002	0.0000	0.0000	0.0000	0.0000	0.5620	0.5010	0.0610	0.1963	0.1864	0.0099	0.3657	0.3147	0.0510	0.1903	0.1242	0.0661	0.0587	0.0535	0.0051	0.1316	0.0707	0.0610	0.2354	0.0441	7.5683	0.2251	0.0532	5.5345	0.0162	0.0149	0.0003	0.0014	0.0020	0.0003	0.0041	0.0043	0.0025	0.0002	0.0002	0.0001
7	12	0.1052	6	2	1	1	0	0	0	0	0	Y	N	N	N	N	N	N	N	N	N	N	N	0.1277	0.0535	0.0320	0.0021	0.0019	0.0454	15.6281	8.9226	0.0044	0.0015	0.0018	0.0000	0.0001	0.0001	0.0001	0.0018	0.0021	0.0000	0.0121	0.0330	0.0001	0.0320	0.0343	0.0018	0.0001	0.0002	0.0001	0.0003	0.0120	-0.0001	-0.0003	3.5884	16.7672	2.8705	6.4850	0.0004	0.0004	0.0000	0.0000	0.0000	0.0000	0.0004	0.0004	0.0000	0.0005	0.0005	0.0000	0.0005	0.0005	0.0000	0.0000	0.0000	0.0000	0.2584	0.2258	0.0326	0.0340	0.0327	0.0013	0.2243	0.1931	0.0312	0.1389	0.0843	0.0545	0.0315	0.0306	0.0009	0.1074	0.0537	0.0537	0.4060	0.2854	0.0320	0.0040	0.0038	0.0454	40.1906	2623.1396	0.0044	0.0038	0.0062	0.0001	0.0166	0.0171	0.0018	0.0000	0.0000	0.0001
7	13	0.3317	15	1	0	2	1	0	0	0	0	N	N	Y	N	N	N	N	N	N	N	N	N	0.0000	0.0000	0.0000	0.0000	0.0000	0.0000	0.0000	0.0000	0.0000	0.0000	0.0000	0.0000	0.0000	0.0840	0.2604	0.0000	0.1072	0.1113	0.0000	0.0000	0.0000	0.0000	0.0000	0.0000	-0.0000	3.5884	0.0001	2.8705	1.0001	0.0000	0.0000	0.0000	0.0000	0.0000	0.0000	0.0000	0.0000	0.0000	0.0000	0.0000	0.0000	0.0000	0.0000	0.0000	0.0000	0.0000	0.0000	0.0000	0.0000	0.0000	0.0000	0.0000	0.0000	0.0000	0.0000	0.0000	0.0039	0.0025	0.0014	0.0011	0.0010	0.0001	0.0028	0.0015	0.0014	0.0000	0.0000	0.0000	0.0000	0.0000	0.0000	0.0000	0.0000	0.0000	0.0102	0.0160	0.0000	0.0370	0.0392	0.0000	0.0000	0.0000	0.0000						
7	14	0.0963	6	1	1	1	0	0	0	0	0	N	N	N	N	N	N	N	N	N	N	N	N	0.2257	0.0613	40.8210	0.1738	0.0470	20.5854	23.8505	1.3895	67.3182	0.0018	0.0012	0.0058	0.0049	0.0014	0.1097	0.0015	0.0012	0.0034	0.0081	0.0203	0.0001	0.0280	0.0305	0.0053	0.0001	0.0009	0.0000	0.6913	0.0206	0.0001	-0.0003	3.5884	20.9564	2.8705	6.0714	0.0006	0.0003	0.0002	0.0001	0.0000	0.0001	0.0004	0.0003	0.0001	0.0004	0.0004	0.0000	0.0004	0.0004	0.0000	0.0000	0.0000	0.0000	0.3040	0.2649	0.0391	0.0288	0.0279	0.0009	0.2752	0.2371	0.0382	0.1499	0.0892	0.0607	0.0281	0.0270	0.0011	0.1218	0.0622	0.0597	0.6395	0.2634	40.8210	0.3203	0.0919	20.5854	53.6470	158.8817	67.3182	0.0029	0.0047	0.0001	0.0152	0.0156	0.0053	0.0000	0.0000	0.0000
7	15	0.3317	15	1	0	1	1	0	0	0	0	N	N	N	N	N	N	N	N	N	N	N	N	0.0000	0.0000	0.0000	0.0000	0.0000	0.0000	0.0000	0.0000	0.0000	0.0000	0.0000	0.0000	0.0000	0.0000	0.0000	0.4337	0.0000	0.5245	0.2427	0.0000	6.5874	0.3745	0.0000	0.1370	inf	0.0000	0.0003	3.5884	0.0001	2.8705	6.0018	0.0000	0.0000	0.0000	0.0000	0.0000	0.0000	0.0000	0.0000	0.0000	0.0007	0.0000	0.0007	0.0004	0.0000	0.0004	0.0004	0.0000	0.0004	0.0000	0.0000	0.0000	0.0000	0.0000	0.0000	0.0000	0.0000	0.0000	0.0231	0.0147	0.0084	0.0063	0.0059	0.0004	0.0168	0.0087	0.0081	0.0000	0.0000	0.0000	0.0000	0.0000	0.0000	0.0000	0.0000	0.0000	0.0321	0.0000	0.0879	0.0570	0.0000	0.9868	0.0227	0.0000	0.0472				
7	16	0.3299	14	1	0	1	1	0	0	0	0	N	N	N	N	N	N	N	N	N	N	N	N	351.9864	566.6644	0.0000	596.4316	804.3514	0.0000	0.0000	0.0000	0.0090	0.0102	0.0000	0.0299	0.0316	0.0000	0.0000	0.0000	0.0000	0.0000	0.0000	0.0000	0.0001	0.0000	0.0002	0.0000	0.0000	0.0000	0.0000	1.5359	-0.0000	-0.0000	3.5884	1.0007	2.8705	1.0009	0.0001	0.0001	0.0000	0.0001	0.0001	0.0000	0.0000	0.0000	0.0000	0.0000	0.0000	0.0000	0.0000	0.0000	0.0000	0.0000	0.0000	0.0000	0.0144	0.0127	0.0017	0.0043	0.0041	0.0002	0.0101	0.0086	0.0014	0.0077	0.0049	0.0028	0.0021	0.0020	0.0001	0.0056	0.0029	0.0027	351.9864	641.0288	0.0000	596.4316	804.3514	0.0000	0.0000	0.0000	0.0000	0.0000	0.0000	0.0000	0.0001	0.0000	0.0002	0.0000	0.0000	0.0000	
7	17	0.5609	16	1	1	1	1	0	0	0	0	N	N	N	N	N	N	N	N	N	N	N	N	0.0272	0.0000	14.0597	0.0245	0.0000	inf	0.0000	0.0000	0.0000	0.0000	0.0000	0.0000	0.0000	0.0000	0.0000	0.0000	0.0000	0.0000	0.0000	0.0000	0.0000	0.0000	0.0000	0.0000	0.0000	0.0002	0.0000	inf	0.0060	0.0000	-0.0000	3.5884	8.1476	2.8705	4.0573	0.0000	0.0000	0.0000	0.0000	0.0000	0.0000	0.0000	0.0000	0.0000	0.0000	0.0000	0.0000	0.0000	0.0000	0.0000	0.0000	0.0000	0.0000	0.1159	0.1033	0.0126	0.0477	0.0448	0.0030	0.0682	0.0585	0.0096	0.0495	0.0329	0.0166	0.0180	0.0170	0.0010	0.0315	0.0160	0.0155	0.0272	0.0000	14.0597	0.0245	0.0000	inf	0.0000	0.0000	0.0000	0.0000	0.0000	0.0000	0.0000	0.0000	0.0000	0.0000	0.0000	0.0000
7	18	0.3228	12	1	1	1	0	0	0	0	0	N	N	N	N	N	N	N	N	N	N	N	N	0.0175	0.0016	2.7837	0.0046	0.0041	0.0216	0.5690	0.0011	9.0451	0.0113	0.0013	0.0857	0.0047	0.0040	0.0204	0.0142	0.0000	0.0947	0.6457	0.8146	0.0308	1.0194	0.9735	0.9464	0.0249	0.0111	0.0105	8.7143	0.0991	0.0014	-0.0050	3.5884	12.7610	2.8705	15.2058	0.0023	0.0002	0.0021	0.0003	0.0002	0.0001	0.0020	0.0000	0.0020	0.0092	0.0084	0.0008	0.0088	0.0084	0.0004	0.0004	0.0000	0.0004	0.2042	0.1800	0.0241	0.0624	0.0595	0.0029	0.1418	0.1206	0.0212	0.1453	0.0899	0.0554	0.0436	0.0421	0.0015	0.1017	0.0478	0.0539	0.1779	0.0141	5.7080	0.0235	0.0200	0.0728	3.3349	0.0287	12.3831	0.0635	0.0934	0.0150	0.2017	0.1989	0.2805	0.0043	0.0004	0.0076
7	19	0.3366	15	1	1	1	1	0	0	0	0	N	N	N	N	N	N	N	N	N	N	N	N	0.0000	0.0000	0.0000	0.0000	0.0000	0.0000	0.0000	0.0000	0.0000	0.0000	0.0000	0.0000	0.0000	0.0000	0.0000	0.0000	0.0000	0.0000	0.0000	0.0000	3.5884	3.0000	2.8705	1.0000	0.0000	0.0000	0.0000	0.0000	0.0000	0.0000	0.0000	0.0000	0.0000	0.0000	0.0000	0.0000	0.0000	0.0000	0.0000	0.0000	0.0000	0.0000	0.0427	0.0378	0.0049	0.0131	0.0124	0.0007	0.0297	0.0254	0.0042	0.0152	0.0097	0.0055	0.0042	0.0039	0.0002	0.0111	0.0058	0.0053	0.0000	0.0000	0.0000	0.0000	0.0000	0.0000	0.0000	0.0000	0.0000	0.0000	0.0000	0.0000	0.0000	0.0000	0.0000	0.0000	0.0000	0.0000											
7	20	0.5195	12	1	1	1	1	0	0	0	0	N	N	N	N	N	N	N	N	N	N	N	N	0.0000	0.0000	0.0000	0.0000	0.0000	0.0000	0.0000	0.0000	0.0000	0.0000	0.0000	0.0000	0.0000	0.0000	0.0000	0.0000	0.0000	0.0000	0.0086	0.0181	0.0000	0.0102	0.0120	0.0000	0.0003	0.0059	0.0000	0.0007	0.0000	-0.0001	3.5884	9.0824	2.8705	4.8637	0.0000	0.0000	0.0000	0.0000	0.0000	0.0000	0.0000	0.0000	0.0000	0.0002	0.0002	0.0000	0.0002	0.0002	0.0000	0.0000	0.0000	0.0000	0.1393	0.1243	0.0150	0.0487	0.0465	0.0022	0.0906	0.0777	0.0129	0.0656	0.0440	0.0216	0.0268	0.0240	0.0028	0.0389	0.0200	0.0188	0.0000	0.0000	0.0000	0.0000	0.0000	0.0000	0.0000	0.0000	0.0000	0.0030	0.0044	0.0000	0.0071	0.0079	0.0000	0.0001	0.0002	0.0000	
7	21	0.3201	11	2	1	1	0	0	0	0	0	Y	N	N	N	N	N	N	N	N	N	N	N	0.0000	0.0000	0.0043	0.0000	0.0000	0.0000	0.0000	0.0000	0.0054	0.0000	0.0000	0.0000	0.0000	0.0000	0.0000	0.0000	0.0000	0.0000	5.7633	8.8633	0.0007	1.5967	1.6742	0.0009	9.0764	17.4764	0.0006	0.0720	0.0000	-0.0000	-0.2522	3.5884	5.0072	2.8705	8.1033	0.0000	0.0000	0.0000	0.0000	0.0000	0.0000	0.0000	0.0000	0.0000	0.4015	0.4014	0.0000	0.0103	0.0103	0.0000	0.3911	0.3911	0.0000	0.0716	0.0631	0.0084	0.0220	0.0207	0.0013	0.0496	0.0424	0.0071	0.0697	0.0453	0.0244	0.0266	0.0229	0.0037	0.0431	0.0224	0.0207	0.0000	0.0000	0.0043	0.0000	0.0000	0.0000	0.0000	0.0000	0.0054	5.7633	8.8633	0.0007	0.3887	0.4505	0.0009	9.0764	17.4764	0.0006
7	22	0.2886	11	1	1	1	0	0	0	0	0	N	N	N	N	N	N	N	N	N	N	N	N	14.9901	0.0035	940.5348	0.1812	1.4451	0.0213	16.7724	0.0000	2874.3106	4.0825	0.0012	35.0933	0.0048	0.0039	0.0200	5.6869	0.0000	40.0837	0.2723	0.3361	0.0373	0.0262	0.0027	0.9372	0.3391	0.9190	0.0139	3880.0254	0.5351	0.7088	-0.0006	3.5884	17.0533	2.8705	10.0403	0.9947	0.0003	0.9944	0.0003	0.0003	0.0001	0.9943	0.0000	0.9943	0.0021	0.0014	0.0007	0.0004	0.0001	0.0004	0.0017	0.0013	0.0004	0.2436	0.2153	0.0283	0.0688	0.0653	0.0035	0.1748	0.1500	0.0248	0.1124	0.0709	0.0415	0.0308	0.0295	0.0013	0.0816	0.0414	0.0402	215.4406	0.0608	1963.0857	0.3314	1.4451	0.0717	274.8487	0.0000	4231.0879	0.0189	0.0196	0.0179	0.0143	0.0027	0.2787	0.0207	0.0316	0.0095
7	23	0.5609	16	1	0	1	1	0	0	0	0	N	N	N	N	N	N	N	N	N	N	N	N	5.1433	3.8645	0.0000	4.5518	4.5849	0.0000	0.0000	0.0000	0.0002	0.0003	0.0000	0.0006	0.0006	0.0000	0.0000	0.0000	0.0000	0.0000	0.0001	0.0000	0.0001	0.0001	0.0000	0.0000	0.0000	0.0000	0.0000	0.0079	-0.0000	-0.0000	3.5884	2.8591	2.8705	0.9679	0.0000	0.0000	0.0000	0.0000	0.0000	0.0000	0.0000	0.0000	0.0000	0.0000	0.0000	0.0000	0.0000	0.0000	0.0000	0.0000	0.0000	0.0000	0.0417	0.0372	0.0046	0.0174	0.0163	0.0011	0.0243	0.0209	0.0035	0.0160	0.0106	0.0054	0.0059	0.0055	0.0003	0.0102	0.0051	0.0050	5.1433	3.8682	0.0000	4.5518	4.5849	0.0000	0.0000	0.0000	0.0000	0.0000	0.0001	0.0000	0.0001	0.0001	0.0000	0.0000	0.0000	0.0000	
7	24	0.5347	15	1	0	1	1	0	0	0	0	N	N	N	N	N	N	N	N	N	N	N	N	0.0000	0.0000	0.0000	0.0001	0.0001	0.0000	0.0000	0.0000	0.0000	0.0000	0.0000	0.0000	0.0000	0.0000	0.0000	0.0000	0.0000	0.0000	0.0172	0.0487	0.0000	0.0237	0.0265	0.0001	0.0000	0.0001	0.0000	0.0000	0.0005	-0.0000	-0.0002	3.5884	6.2936	2.8705	7.0245	0.0000	0.0000	0.0000	0.0000	0.0000	0.0000	0.0000	0.0000	0.0000	0.0003	0.0003	0.0000	0.0003	0.0003	0.0000	0.0000	0.0000	0.0000	0.0918	0.0817	0.0101	0.0368	0.0346	0.0023	0.0549	0.0471	0.0079	0.0548	0.0365	0.0183	0.0201	0.0189	0.0012	0.0347	0.0176	0.0171	0.0001	0.0001	0.0000	0.0001	0.0001	0.0000	0.0000	0.0000	0.0000	0.0049	0.0073	0.0000	0.0134	0.0142	0.0001	0.0000	0.0000	0.0000
7	25	0.3941	12	2	0	2	0	0	0	0	0	Y	N	Y	N	N	N	N	N	N	N	N	N	27.6473	15.2861	459.1664	42.1399	41.1081	inf	0.1625	0.0018	0.4473	0.0949	0.1054	0.0028	0.2379	0.2488	0.0156	0.0000	0.0000	0.0000	0.0034	0.0069	0.0000	0.0056	0.0061	0.0000	0.0000	0.0001	0.0000	0.0031	0.0015	-0.0021	-0.0000	3.5884	4.4994	2.8705	1.0731	0.0073	0.0073	0.0000	0.0073	0.0073	0.0000	0.0000	0.0000	0.0000	0.0000	0.0000	0.0000	0.0000	0.0000	0.0000	0.0000	0.0000	0.0000	0.0775	0.0695	0.0079	0.0309	0.0294	0.0014	0.0466	0.0401	0.0065	0.0245	0.0157	0.0088	0.0075	0.0072	0.0003	0.0170	0.0085	0.0085	65.9987	47.0539	459.1664	50.9785	51.0606	inf	0.1625	0.5831	0.4473	0.0014	0.0022	0.0000	0.0047	0.0049	0.0000	0.0000	0.0000	0.0000
7	26	0.2817	10	1	1	1	0	0	0	0	0	N	N	N	N	N	N	N	N	N	N	N	N	9.7413	150.1205	0.0000	0.1381	0.3320	0.0000	13.2836	37257.3041	0.0000	2.5411	2.8668	0.0000	0.0052	0.0055	0.0000	3.7923	4.4190	0.0000	0.2609	0.0191	0.1478	0.0379	0.0167	0.8493	0.2855	0.0001	0.0971	0.0000	5.1584	-0.1322	0.0004	3.5884	12.3098	2.8705	9.0087	0.4605	0.4605	0.0000	0.0003	0.0003	0.0000	0.4602	0.4602	0.0000	0.0019	0.0003	0.0016	0.0006	0.0003	0.0003	0.0013	0.0000	0.0013	0.1812	0.1606	0.0206	0.0599	0.0565	0.0034	0.1213	0.1041	0.0172	0.1049	0.0686	0.0363	0.0315	0.0305	0.0010	0.0734	0.0382	0.0353	137.9031	626.7636	0.0000	0.2811	0.5377	0.0000	206.6108	11553303.7520	0.0000	0.0184	0.0046	0.0446	0.0186	0.0103	0.2658	0.0184	0.0000	0.0382
7	27	0.2585	9	1	1	1	0	0	0	0	0	N	N	N	N	N	N	N	N	N	N	N	N	5.0952	4.1567	0.0492	0.0049	0.0052	0.0183	9458.6958	2211.6975	0.0005	2.6321	2.9604	0.0000	0.0037	0.0039	0.0001	3.9865	4.6355	0.0000	0.5166	0.7122	0.0004	0.7529	0.7542	0.0066	0.0004	0.0021	0.0003	0.0000	0.0038	-0.2854	-0.0050	3.5884	25.8727	2.8705	15.5187	0.9941	0.9941	0.0000	0.0005	0.0005	0.0000	0.9936	0.9936	0.0000	0.0081	0.0080	0.0000	0.0081	0.0080	0.0000	0.0000	0.0000	0.0000	0.3777	0.3358	0.0419	0.1284	0.1214	0.0070	0.2492	0.2143	0.0349	0.1934	0.1198	0.0736	0.0575	0.0557	0.0018	0.1359	0.0641	0.0718	63.0236	44.0801	0.0492	0.0265	0.0272	0.0183	25063.9013	92381.0326	0.0005	0.0418	0.0672	0.0004	0.1401	0.1444	0.0066	0.0002	0.0001	0.0003
7	28	0.3109	11	2	1	1	0	0	0	0	0	Y	N	N	N	N	N	N	N	N	N	N	N	0.6945	0.1652	29.3483	1.3349	0.5207	60.1596	0.1555	0.9570	0.3117	0.0071	0.0032	0.0377	0.0225	0.0091	0.2658	0.0003	0.0003	0.0004	0.0102	0.0193	0.0013	0.0169	0.0176	0.0044	0.0020	0.0003	0.0012	1.5102	0.1676	0.0012	-0.0003	3.5884	38.1974	2.8705	14.3032	0.0038	0.0015	0.0023	0.0037	0.0014	0.0023	0.0001	0.0001	0.0000	0.0007	0.0006	0.0001	0.0006	0.0006	0.0000	0.0001	0.0000	0.0001	0.5379	0.4770	0.0609	0.1644	0.1558	0.0086	0.3735	0.3212	0.0523	0.2130	0.1334	0.0796	0.0596	0.0572	0.0024	0.1534	0.0762	0.0773	2.1205	0.6964	29.3483	2.1609	0.8565	60.1596	0.5192	243.0202	0.3117	0.0033	0.0046	0.0013	0.0104	0.0107	0.0044	0.0006	0.0000	0.0012
7	29	0.2886	11	1	1	1	0	0	0	0	0	N	N	N	N	N	N	N	N	N	N	N	N	0.3826	0.1231	0.0000	0.7456	0.8030	0.0000	2.1671	9.7493	0.0000	0.0227	0.0254	0.0000	0.0576	0.0609	0.0000	0.0010	0.0012	0.0000	0.0592	0.2065	0.0004	0.0773	0.0758	0.0024	0.0005	0.0001	0.0004	0.0000	0.0165	-0.0007	-0.0005	3.5884	6.0056	2.8705	10.9350	0.0023	0.0023	0.0000	0.0022	0.0022	0.0000	0.0001	0.0001	0.0000	0.0007	0.0007	0.0000	0.0007	0.0007	0.0000	0.0000	0.0000	0.0000	0.1000	0.0891	0.0109	0.0382	0.0361	0.0020	0.0618	0.0530	0.0088	0.0800	0.0529	0.0271	0.0237	0.0230	0.0007	0.0563	0.0299	0.0263	2.4595	1.8558	0.0000	1.8824	1.9312	0.0000	5.7788	3041.7617	0.0000	0.0092	0.0137	0.0004	0.0306	0.0315	0.0024	0.0002	0.0000	0.0004
7	30	0.3487	11	2	1	1	0	0	0	0	0	Y	N	N	N	N	N	N	N	N	N	N	N	0.1755	0.0004	2.3355	0.1768	0.0004	inf	0.0000	0.0000	0.0000	0.0000	0.0002	0.0000	0.0000	0.0009	0.0000	0.0000	0.0000	0.0001	0.0001	0.0001	0.0002	0.0002	0.0000	0.0001	0.0000	0.0001	407.9262	0.4271	0.0000	-0.0000	3.5884	17.1852	2.8705	7.8386	0.0000	0.0000	0.0000	0.0000	0.0000	0.0000	0.0000	0.0000	0.0000	0.0000	0.0000	0.0000	0.0000	0.0000	0.0000	0.0000	0.0000	0.0000	0.5193	0.4765	0.0428	0.2710	0.2594	0.0116	0.2483	0.2171	0.0311	0.1298	0.0871	0.0427	0.0478	0.0454	0.0024	0.0820	0.0417	0.0403	0.1755	0.0004	2.3355	0.1768	0.0004	inf	0.0000	0.0000	0.0000	0.0001	0.0001	0.0001	0.0002	0.0002	0.0000	0.0001	0.0000	0.0001	
7	31	0.0963	6	1	1	1	0	0	0	0	0	N	N	N	N	N	N	N	N	N	N	N	N	0.0000	0.0000	111.9529	0.0001	0.0000	10.7915	0.0000	0.0000	131.5473	0.0001	0.0000	0.0009	0.0000	0.0000	0.0007	0.0001	0.0000	0.0009	4.7180	7.9303	0.0000	0.5560	0.5605	0.0001	5.7927	11.3511	0.0000	225.7593	0.0000	0.0000	-0.2878	3.5884	9.9927	2.8705	7.0404	0.0000	0.0000	0.0000	0.0000	0.0000	0.0000	0.0000	0.0000	0.0000	0.4581	0.4581	0.0000	0.0019	0.0019	0.0000	0.4562	0.4562	0.0000	0.1495	0.1301	0.0194	0.0145	0.0141	0.0005	0.1350	0.1160	0.0190	0.0971	0.0578	0.0393	0.0183	0.0176	0.0008	0.0787	0.0402	0.0386	0.0000	0.0000	111.9529	0.0003	0.0001	10.7915	0.0000	0.0000	131.5473	4.7180	7.9303	0.0000	0.1044	0.1089	0.0001	5.7927	11.3511	0.0000
7	32	0.0882	5	1	1	1	0	0	0	0	0	N	N	N	N	N	N	N	N	N	N	N	N	0.0996	0.0003	119.8771	1.4179	0.3728	480.5618	0.0779	0.0000	119.2752	0.0194	0.0001	0.1476	0.0027	0.0007	0.1021	0.0222	0.0000	0.1486	0.1950	0.4099	0.0012	0.0019	0.0020	0.0002	0.2854	0.9449	0.0012	186.5370	0.0338	0.0009	-0.0003	3.5884	3.8146	2.8705	0.9911	0.0013	0.0000	0.0013	0.0000	0.0000	0.0000	0.0013	0.0000	0.0013	0.0004	0.0004	0.0000	0.0000	0.0000	0.0000	0.0004	0.0004	0.0000	0.0659	0.0572	0.0086	0.0095	0.0093	0.0002	0.0564	0.0480	0.0084	0.0275	0.0163	0.0112	0.0050	0.0048	0.0002	0.0225	0.0115	0.0110	1.2698	0.0048	119.8771	1.4179	0.3728	480.5618	1.2187	0.0000	119.2752	0.0153	0.0249	0.0012	0.0019	0.0020	0.0002	0.0182	0.0344	0.0012
7	33	0.0882	5	1	1	1	0	0	0	0	0	N	N	N	N	N	N	N	N	N	N	N	N	0.5221	0.1692	20403.4474	1.0032	0.9676	0.0000	9579.6416	33383.6336	0.0034	0.0026	0.0087	0.0228	0.0235	0.0000	0.0012	0.0000	0.0089	0.0065	0.0154	0.0000	0.0227	0.0243	0.0000	0.0000	0.0000	0.0000	0.4899	0.0001	0.0001	-0.0002	3.5884	24.4476	2.8705	5.0002	0.0012	0.0008	0.0004	0.0008	0.0008	0.0000	0.0004	0.0000	0.0004	0.0004	0.0004	0.0000	0.0004	0.0004	0.0000	0.0000	0.0000	0.0000	0.3587	0.3126	0.0461	0.0358	0.0348	0.0011	0.3228	0.2778	0.0450	0.1599	0.0955	0.0644	0.0293	0.0284	0.0009	0.1307	0.0671	0.0635	1.4274	0.6565	20403.4474	1.7552	1.7525	0.0000	9579.6416	0.0000	33383.6336	0.0024	0.0040	0.0000	0.0130	0.0134	0.0000	0.0000	0.0000	0.0000	
7	34	0.4292	11	1	1	2	1	0	0	0	0	N	N	Y	N	N	N	N	N	N	N	N	N	0.0000	0.0000	0.6636	0.0001	0.0001	0.0000	0.0000	0.0000	0.9102	0.0000	0.0000	0.0000	0.0000	0.0000	0.0000	0.0000	0.0000	0.0000	0.2032	0.3995	0.0000	0.0580	0.0730	0.0000	0.0605	0.6873	0.0000	0.0404	0.0001	-0.0000	-0.0001	3.5884	1.3124	2.8705	1.0060	0.0000	0.0000	0.0000	0.0000	0.0000	0.0000	0.0000	0.0000	0.0000	0.0002	0.0002	0.0000	0.0001	0.0001	0.0000	0.0000	0.0000	0.0000	0.0313	0.0290	0.0024	0.0192	0.0186	0.0006	0.0122	0.0104	0.0018	0.0119	0.0078	0.0041	0.0054	0.0045	0.0009	0.0064	0.0033	0.0032	0.0003	0.0002	0.6636	0.0002	0.0002	0.0000	0.0000	0.0000	0.9102	0.0157	0.0239	0.0000	0.0258	0.0309	0.0000	0.0072	0.0143	0.0000
7	35	0.2978	10	1	0	1	1	0	0	0	0	N	N	N	N	N	N	N	N	N	N	N	N	1.9428	1.1919	0.5445	3.3841	3.5140	0.0951	0.1004	0.0119	0.7959	0.0144	0.0160	0.0005	0.0406	0.0429	0.0010	0.0001	0.0000	0.0004	0.0074	0.0135	0.0009	0.0120	0.0122	0.0108	0.0007	0.0021	0.0005	0.0037	0.1318	-0.0032	-0.0004	3.5884	53.2438	2.8705	16.6757	0.0111	0.0111	0.0000	0.0111	0.0111	0.0000	0.0000	0.0000	0.0000	0.0007	0.0006	0.0001	0.0006	0.0006	0.0000	0.0000	0.0000	0.0000	0.7758	0.6922	0.0836	0.2732	0.2585	0.0148	0.5026	0.4337	0.0689	0.2584	0.1684	0.0901	0.0791	0.0754	0.0037	0.1793	0.0930	0.0863	5.3734	4.4247	0.5445	4.9784	5.3411	0.0951	0.2891	0.4998	0.7959	0.0027	0.0036	0.0009	0.0082	0.0080	0.0108	0.0002	0.0000	0.0005
7	36	0.2570	10	1	1	1	0	0	0	0	0	N	N	N	N	N	N	N	N	N	N	N	N	0.0389	0.0446	0.1716	0.1333	0.0462	13.7438	0.0164	1.2125	0.0460	0.0009	0.0006	0.0032	0.0014	0.0005	0.0125	0.0006	0.0006	0.0007	0.0225	0.0126	0.0189	0.0106	0.0116	0.0009	0.0363	0.0005	0.0157	0.7665	1.7201	0.0000	0.0000	3.5884	17.9460	2.8705	11.6991	0.0002	0.0001	0.0001	0.0001	0.0000	0.0001	0.0001	0.0001	0.0000	0.0008	0.0003	0.0005	0.0003	0.0003	0.0000	0.0005	0.0000	0.0005	0.2804	0.2475	0.0329	0.0957	0.0886	0.0070	0.1848	0.1589	0.0259	0.1341	0.0837	0.0504	0.0394	0.0382	0.0012	0.0947	0.0455	0.0492	0.1483	0.1615	0.3258	0.1908	0.0702	13.7438	0.1130	242.9992	0.0710	0.0059	0.0035	0.0099	0.0074	0.0076	0.0009	0.0053	0.0000	0.0102
7	37	0.5318	13	2	1	1	0	0	0	0	0	Y	N	N	N	N	N	N	N	N	N	N	N	64.2522	56.8395	0.0000	98.7696	92.9444	0.0000	0.0000	0.0000	0.0003	0.0004	0.0000	0.0010	0.0011	0.0000	0.0000	0.0000	0.0000	0.0000	0.0000	0.0000	0.0000	0.0000	0.0000	0.0000	0.0001	0.0000	0.0000	0.1565	-0.0000	-0.0000	3.5884	1.9903	2.8705	0.0021	0.0000	0.0000	0.0000	0.0000	0.0000	0.0000	0.0000	0.0000	0.0000	0.0000	0.0000	0.0000	0.0000	0.0000	0.0000	0.0000	0.0000	0.0000	0.0299	0.0266	0.0034	0.0097	0.0092	0.0005	0.0202	0.0173	0.0029	0.0095	0.0065	0.0031	0.0040	0.0036	0.0004	0.0056	0.0029	0.0027	64.2522	56.8395	0.0000	98.7696	92.9444	0.0000	0.0000	0.0000	0.0000	0.0000	0.0000	0.0000	0.0000	0.0000	0.0000	0.0000	0.0000	0.0000	
7	38	0.2978	10	1	1	1	1	0	0	0	0	N	N	N	N	N	N	N	N	N	N	N	N	2.6985	5.2266	27.0184	12.4502	15.6751	0.2692	1.5037	0.0309	38.3212	0.1869	0.0176	1.5913	0.0435	0.0458	0.0034	0.2680	0.0000	1.9420	0.0692	0.0034	0.0589	0.0035	0.0029	0.0125	0.1782	0.0008	0.0507	10.9171	10.2009	0.0811	0.0006	3.5884	45.5232	2.8705	15.8903	0.1290	0.0108	0.1182	0.0109	0.0108	0.0000	0.1181	0.0000	0.1181	0.0022	0.0002	0.0020	0.0002	0.0002	0.0000	0.0020	0.0000	0.0020	0.6904	0.6161	0.0743	0.2496	0.2361	0.0134	0.4408	0.3800	0.0608	0.2327	0.1518	0.0809	0.0719	0.0685	0.0034	0.1608	0.0833	0.0775	19.3348	13.2863	62.8307	12.9200	15.6751	0.2692	21.4783	3.6712	75.0262	0.0097	0.0013	0.0253	0.0034	0.0029	0.0125	0.0125	0.0000	0.0259
7	39	0.2708	9	1	0	1	1	0	0	0	0	N	N	N	N	N	N	N	N	N	N	N	N	0.1067	0.1055	0.3319	0.7224	0.7171	0.3955	0.0189	0.0001	0.4320	0.0088	0.0089	0.0080	0.0213	0.0222	0.0042	0.0013	0.0000	0.0088	0.0827	0.0846	0.0241	0.0295	0.0310	0.0105	0.0670	0.1983	0.0205	0.1087	0.7458	-0.0004	-0.0002	3.5884	13.8166	2.8705	4.5847	0.0020	0.0018	0.0002	0.0018	0.0018	0.0000	0.0002	0.0000	0.0002	0.0009	0.0005	0.0004	0.0004	0.0004	0.0000	0.0004	0.0001	0.0004	0.2279	0.2032	0.0247	0.0859	0.0814	0.0045	0.1419	0.1218	0.0201	0.0867	0.0562	0.0305	0.0277	0.0268	0.0009	0.0590	0.0294	0.0296	0.8673	0.9923	0.6475	1.3547	1.3990	0.3955	0.1673	0.0041	0.7136	0.0102	0.0090	0.0123	0.0157	0.0159	0.0105	0.0076	0.0027	0.0124
7	40	0.4326	13	1	0	2	0	0	0	0	0	N	N	Y	N	N	N	N	N	N	N	N	N	0.0046	363.2133	0.0000	17.0107	438.4561	0.0097	0.0000	0.0210	0.0000	0.0576	0.0646	0.0014	0.1462	0.1535	0.0020	0.0002	0.0000	0.0013	12.4568	0.0002	51.2572	0.0086	0.0004	0.2114	19.1984	0.0001	67.2287	0.0028	107304.2627	-0.0033	0.3684	3.5884	12.6411	2.8705	7.4648	0.0116	0.0116	0.0000	0.0116	0.0116	0.0000	0.0000	0.0000	0.0000	0.9914	0.0000	0.9914	0.0002	0.0000	0.0002	0.9912	0.0000	0.9912	0.2015	0.1790	0.0225	0.0792	0.0753	0.0038	0.1223	0.1036	0.0187	0.0796	0.0539	0.0257	0.0280	0.0264	0.0016	0.0516	0.0275	0.0241	0.0046	377.0043	0.0000	22.8943	438.4561	0.0190	0.0000	8.0038	0.0000	12.4568	0.0002	38.6044	0.0064	0.0004	0.1074	19.1984	0.0000	41.1212
7	41	0.5193	11	1	1	1	0	0	0	0	0	N	N	N	N	N	N	N	N	N	N	N	N	0.8626	0.8196	0.0035	0.2014	0.2419	0.0019	3.2711	76.4366	0.0028	0.0088	0.0098	0.0000	0.0022	0.0023	0.0001	0.0123	0.0143	0.0000	0.0102	0.0119	0.0035	0.0110	0.0096	0.0281	0.0038	0.0002	0.0020	0.0001	0.5007	-0.0008	-0.0001	3.5884	22.0894	2.8705	9.3639	0.0026	0.0026	0.0000	0.0002	0.0002	0.0000	0.0024	0.0024	0.0000	0.0004	0.0003	0.0001	0.0004	0.0003	0.0001	0.0001	0.0000	0.0001	0.2994	0.2683	0.0311	0.1050	0.1005	0.0045	0.1944	0.1678	0.0266	0.1328	0.0879	0.0449	0.0470	0.0445	0.0024	0.0858	0.0433	0.0425	2.6317	2.9153	0.0038	0.2905	0.3493	0.0021	12.5485	23324.4412	0.0028	0.0033	0.0034	0.0033	0.0076	0.0066	0.0260	0.0010	0.0000	0.0020
7	42	0.2708	9	1	1	1	0	0	0	0	0	N	N	N	N	N	N	N	N	N	N	N	N	32.1486	1212.5278	0.0691	2779.6623	3284.2569	1.8993	0.0015	inf	0.0383	1.6828	1.8932	0.0036	5.2813	5.5814	0.0133	0.0002	0.0000	0.0018	0.0523	0.0016	0.0514	0.0019	0.0017	0.0070	0.1621	0.0000	0.0462	0.0002	16.6113	-0.2889	0.0007	3.5884	43.3975	2.8705	17.3745	1.0071	1.0068	0.0002	1.0070	1.0068	0.0001	0.0001	0.0000	0.0001	0.0022	0.0001	0.0021	0.0001	0.0001	0.0000	0.0020	0.0000	0.0020	0.5985	0.5318	0.0667	0.1907	0.1804	0.0103	0.4078	0.3514	0.0564	0.2490	0.1609	0.0882	0.0759	0.0730	0.0029	0.1731	0.0878	0.0853	191.6798	2453.1431	0.1519	2779.6623	3284.2569	1.8993	0.0207	inf	0.0739	0.0088	0.0008	0.0234	0.0019	0.0017	0.0070	0.0118	0.0000	0.0239
7	43	0.4495	10	2	0	2	0	0	0	0	0	Y	N	Y	N	N	N	N	N	N	N	N	N	0.2026	0.1982	0.0033	0.2486	0.3229	0.0019	0.0003	0.0000	0.0021	0.0000	0.0000	0.0000	0.0001	0.0001	0.0000	0.0000	0.0000	0.0000	0.0002	0.0002	0.0002	0.0006	0.0004	0.0022	0.0000	0.0000	0.0000	0.0015	0.3928	-0.0000	-0.0000	3.5884	18.2331	2.8705	4.4208	0.0000	0.0000	0.0000	0.0000	0.0000	0.0000	0.0000	0.0000	0.0000	0.0000	0.0000	0.0000	0.0000	0.0000	0.0000	0.0000	0.0000	0.0000	0.2719	0.2411	0.0308	0.0727	0.0695	0.0032	0.1992	0.1716	0.0276	0.1122	0.0738	0.0384	0.0350	0.0329	0.0022	0.0772	0.0410	0.0362	0.2026	0.2091	0.0033	0.2486	0.3229	0.0019	0.0006	0.0000	0.0021	0.0002	0.0002	0.0002	0.0006	0.0004	0.0022	0.0000	0.0000	0.0000
7	44	0.5093	10	1	1	1	1	0	0	0	0	N	N	N	N	N	N	N	N	N	N	N	N	0.0806	0.0417	0.3464	0.1784	0.1727	0.2629	0.3139	0.1169	0.1323	0.0010	0.0011	0.0003	0.0032	0.0032	0.0019	0.0001	0.0001	0.0000	0.0128	0.0269	0.0008	0.0177	0.0187	0.0071	0.0004	0.0013	0.0003	0.0303	0.0739	-0.0002	-0.0009	3.5884	62.5878	2.8705	29.9840	0.0009	0.0009	0.0000	0.0008	0.0008	0.0000	0.0001	0.0001	0.0000	0.0017	0.0016	0.0001	0.0016	0.0016	0.0001	0.0000	0.0000	0.0000	0.8805	0.7868	0.0937	0.2618	0.2494	0.0125	0.6187	0.5374	0.0813	0.4205	0.2810	0.1395	0.1509	0.1405	0.0104	0.2696	0.1405	0.1291	0.2602	0.2029	0.3464	0.2929	0.2916	0.2629	0.8364	8.3630	0.1323	0.0040	0.0055	0.0008	0.0108	0.0111	0.0071	0.0002	0.0000	0.0003
7	45	0.4495	10	2	0	2	0	0	0	0	0	Y	N	Y	N	N	N	N	N	N	N	N	N	2.2132	3.2049	0.0003	2.6624	4.8622	0.0002	0.0012	inf	0.0000	0.0002	0.0003	0.0000	0.0009	0.0009	0.0000	0.0000	0.0000	0.0000	0.0001	0.0001	0.0002	0.0003	0.0002	0.0025	0.0000	0.0000	0.0000	0.0000	0.9546	-0.0000	-0.0000	3.5884	13.5293	2.8705	3.1702	0.0001	0.0001	0.0000	0.0001	0.0001	0.0000	0.0000	0.0000	0.0000	0.0000	0.0000	0.0000	0.0000	0.0000	0.0000	0.0000	0.0000	0.0000	0.2077	0.1843	0.0234	0.0564	0.0540	0.0024	0.1513	0.1303	0.0210	0.0839	0.0551	0.0287	0.0261	0.0245	0.0016	0.0577	0.0306	0.0271	2.2132	3.2049	0.0003	2.6624	4.8622	0.0002	0.0014	inf	0.0000	0.0001	0.0001	0.0002	0.0003	0.0002	0.0025	0.0000	0.0000	0.0000
7	46	0.4450	9	2	0	2	0	0	0	0	0	Y	N	Y	N	N	N	N	N	N	N	N	N	0.0034	0.0080	0.0011	0.0103	0.0177	0.0012	0.0008	0.0069	0.0002	0.0000	0.0000	0.0000	0.0000	0.0000	0.0000	0.0000	0.0000	0.0000	0.0023	0.0011	0.0020	0.0022	0.0013	0.0166	0.0017	0.0002	0.0011	0.0288	1.7354	-0.0000	0.0000	3.5884	4.1147	2.8705	1.2946	0.0000	0.0000	0.0000	0.0000	0.0000	0.0000	0.0000	0.0000	0.0000	0.0000	0.0000	0.0000	0.0000	0.0000	0.0000	0.0000	0.0000	0.0000	0.0737	0.0661	0.0077	0.0222	0.0214	0.0008	0.0515	0.0446	0.0069	0.0283	0.0186	0.0097	0.0089	0.0083	0.0005	0.0194	0.0103	0.0092	0.0074	0.0145	0.0011	0.0103	0.0177	0.0012	0.0025	2.0045	0.0002	0.0011	0.0006	0.0020	0.0022	0.0013	0.0166	0.0005	0.0000	0.0011
7	47	0.3824	8	2	0	1	0	0	0	0	0	Y	N	N	N	N	N	N	N	N	N	N	N	0.0142	0.2369	0.0052	0.1150	0.7438	0.0072	0.0064	1.8941	0.0001	0.0054	0.0058	0.0017	0.0123	0.0124	0.0118	0.0020	0.0023	0.0000	0.3803	0.0247	0.3275	0.1074	0.0166	1.6259	0.3157	0.0012	0.1037	0.0346	6.3979	-0.0005	0.0014	3.5884	22.0103	2.8705	13.6452	0.0020	0.0020	0.0001	0.0015	0.0015	0.0001	0.0005	0.0005	0.0000	0.0058	0.0008	0.0051	0.0030	0.0008	0.0022	0.0028	0.0000	0.0028	0.3748	0.3349	0.0399	0.1230	0.1172	0.0057	0.2519	0.2177	0.0342	0.2238	0.1483	0.0755	0.0818	0.0766	0.0052	0.1420	0.0717	0.0703	0.2068	1.0971	0.0253	0.3333	1.2013	0.0272	0.1015	143.3447	0.0002	0.0261	0.0053	0.0670	0.0370	0.0103	0.4319	0.0198	0.0000	0.0401
7	48	0.4326	13	1	1	1	0	0	0	0	0	N	N	N	N	N	N	N	N	N	N	N	N	0.0003	0.0001	27.7594	0.0006	0.0003	120.1830	0.2558	0.0000	1.4914	0.0002	0.0001	0.0008	0.0004	0.0002	0.0043	0.0000	0.0000	0.0000	0.5742	0.7328	0.0000	0.7674	0.7765	0.0000	0.0000	0.0003	0.0000	0.9690	0.0002	0.0000	-0.0021	3.5884	12.3962	2.8705	3.7178	0.0000	0.0000	0.0000	0.0000	0.0000	0.0000	0.0000	0.0000	0.0000	0.0033	0.0033	0.0000	0.0033	0.0033	0.0000	0.0000	0.0000	0.0000	0.2003	0.1779	0.0224	0.0787	0.0749	0.0038	0.1216	0.1030	0.0186	0.0661	0.0450	0.0211	0.0234	0.0221	0.0013	0.0427	0.0229	0.0198	0.0034	0.0013	27.7594	0.0030	0.0016	120.1830	0.4732	0.0000	1.4914	0.0504	0.0740	0.0000	0.1422	0.1505	0.0000	0.0000	0.0000	0.0000
7	49	0.4037	12	1	0	1	0	0	0	0	0	N	N	N	N	N	N	N	N	N	N	N	N	0.0003	0.0172	0.0005	0.0513	0.0472	0.1098	0.0000	0.0000	0.0003	0.0001	0.0001	0.0004	0.0003	0.0002	0.0012	0.0000	0.0000	0.0002	0.5178	0.0059	0.9114	0.0053	0.0047	0.0114	0.7090	0.0007	0.8558	0.4957	30.0158	0.0000	0.0012	3.5884	14.4870	2.8705	5.8627	0.0000	0.0000	0.0000	0.0000	0.0000	0.0000	0.0000	0.0000	0.0000	0.0034	0.0001	0.0033	0.0001	0.0001	0.0000	0.0033	0.0000	0.0033	0.2607	0.2337	0.0270	0.1131	0.1074	0.0057	0.1476	0.1263	0.0213	0.0818	0.0550	0.0268	0.0285	0.0269	0.0016	0.0533	0.0282	0.0252	0.0033	0.0508	0.0035	0.0606	0.0540	0.1098	0.0005	0.0023	0.0017	0.0420	0.0020	0.1242	0.0045	0.0041	0.0114	0.0620	0.0000	0.1313
7	50	0.3999	13	2	1	2	0	0	0	0	0	Y	N	Y	N	N	N	N	N	N	N	N	N	inf	inf	inf	inf	inf	inf	0.5929	0.6695	0.0000	0.0061	0.0065	0.0000	0.8988	1.0479	0.0000	0.0000	0.0000	0.0000	0.0000	0.0000	0.0000	0.0000	0.0000	0.0000	0.0000	-0.0024	-0.0000	3.5884	0.9856	2.8705	2.8295	0.0085	0.0085	0.0000	0.0000	0.0000	0.0000	0.0085	0.0085	0.0000	0.0000	0.0000	0.0000	0.0000	0.0000	0.0000	0.0000	0.0000	0.0000	0.0143	0.0127	0.0016	0.0049	0.0046	0.0003	0.0094	0.0081	0.0013	0.0160	0.0102	0.0058	0.0048	0.0046	0.0002	0.0112	0.0056	0.0056	inf	inf	0.0000	inf	inf	0.0000	inf	inf	0.0000	0.0000	0.0000	0.0000	0.0000	0.0000	0.0000	0.0000	0.0000	0.0000				
7	51	0.4892	11	2	1	1	0	0	0	0	0	Y	N	N	N	N	N	N	N	N	N	N	N	0.0000	0.0000	0.0000	0.0001	0.0001	0.0000	0.0000	0.0000	0.0000	0.0000	0.0000	0.0000	0.0000	0.0000	0.0000	0.0000	0.0000	0.0000	0.0502	0.1495	0.0026	0.0405	0.0460	0.0029	0.0052	0.0018	0.0025	0.0000	0.1073	-0.0000	-0.0006	3.5884	13.3057	2.8705	8.6321	0.0000	0.0000	0.0000	0.0000	0.0000	0.0000	0.0000	0.0000	0.0000	0.0012	0.0010	0.0001	0.0011	0.0010	0.0000	0.0001	0.0000	0.0001	0.2605	0.2344	0.0261	0.0928	0.0896	0.0032	0.1677	0.1448	0.0230	0.1329	0.0891	0.0438	0.0546	0.0504	0.0042	0.0783	0.0387	0.0396	0.0001	0.0001	0.0000	0.0001	0.0001	0.0000	0.0000	0.0005	0.0000	0.0087	0.0117	0.0026	0.0193	0.0206	0.0029	0.0013	0.0000	0.0025
7	52	0.5347	15	1	1	1	1	0	0	0	0	N	N	N	N	N	N	N	N	N	N	N	N	0.0000	0.0000	0.0000	0.0000	0.0000	0.0000	0.0000	0.0000	0.0000	0.0000	0.0000	0.0000	0.0000	0.0000	0.0000	0.0001	0.0000	0.0003	0.0000	0.0000	0.0003	0.0004	0.0000	0.0003	inf	0.0000	0.0000	3.5884	2.1073	2.8705	0.0711	0.0000	0.0000	0.0000	0.0000	0.0000	0.0000	0.0000	0.0000	0.0000	0.0000	0.0000	0.0000	0.0000	0.0000	0.0000	0.0000	0.0000	0.0000	0.0326	0.0291	0.0036	0.0133	0.0125	0.0008	0.0193	0.0165	0.0028	0.0099	0.0066	0.0033	0.0037	0.0035	0.0002	0.0062	0.0031	0.0031	0.0000	0.0000	0.0000	0.0000	0.0000	0.0000	0.0000	0.0000	0.0000	0.0001	0.0000	0.0003	0.0000	0.0000	0.0003	0.0002	0.0000	0.0003				
7	53	0.4723	14	1	0	1	1	0	0	0	0	N	N	N	N	N	N	N	N	N	N	N	N	0.0001	0.0003	0.0000	0.0001	0.0003	0.0000	0.0001	0.0003	0.0000	0.0000	0.0000	0.0000	0.0000	0.0000	0.0000	0.0000	0.0000	0.0000	0.0029	0.0010	0.0026	0.0024	0.0011	0.0242	0.0019	0.0007	0.0011	0.0085	2.3219	-0.0000	0.0000	3.5884	21.8329	2.8705	8.0592	0.0000	0.0000	0.0000	0.0000	0.0000	0.0000	0.0000	0.0000	0.0000	0.0001	0.0000	0.0001	0.0001	0.0000	0.0001	0.0000	0.0000	0.0000	0.3044	0.2712	0.0332	0.1266	0.1189	0.0077	0.1778	0.1523	0.0255	0.1122	0.0744	0.0377	0.0417	0.0391	0.0025	0.0705	0.0353	0.0352	0.0002	0.0005	0.0000	0.0001	0.0003	0.0000	0.0003	0.0398	0.0000	0.0013	0.0006	0.0026	0.0024	0.0011	0.0233	0.0006	0.0000	0.0011
7	54	0.6017	13	1	1	1	1	0	0	0	0	N	N	N	N	N	N	N	N	N	N	N	N	0.0000	0.0000	0.0000	0.0000	0.0000	0.0000	0.0000	0.0000	0.0000	0.0000	0.0000	0.0000	0.0000	0.0000	0.0000	0.0000	0.0000	0.0000	0.0000	0.0000	3.5884	0.0000	2.8705	0.0000	0.0000	0.0000	0.0000	0.0000	0.0000	0.0000	0.0000	0.0000	0.0000	0.0000	0.0000	0.0000	0.0000	0.0000	0.0000	0.0000	0.0000	0.0000	0.0000	0.0000	0.0000	0.0000	0.0000	0.0000	0.0000	0.0000	0.0000	0.0000	0.0000	0.0000	0.0000	0.0000	0.0000	0.0000	0.0000	0.0000	0.0000	0.0000	0.0000	0.0000	0.0000	0.0000	0.0000	0.0000	0.0000	0.0000	0.0000	0.0000	0.0000	0.0000	0.0000	0.0000	0.0000	0.0000											
7	55	0.4723	14	1	0	1	1	0	0	0	0	N	N	N	N	N	N	N	N	N	N	N	N	0.1498	0.0936	0.0000	0.1276	0.1290	0.0140	0.0004	0.0000	0.0000	0.0000	0.0000	0.0001	0.0001	0.0000	0.0000	0.0000	0.0000	0.0002	0.0003	0.0000	0.0004	0.0004	0.0000	0.0000	0.0018	0.0000	0.0009	0.0206	-0.0000	-0.0000	3.5884	1.2825	2.8705	0.1503	0.0000	0.0000	0.0000	0.0000	0.0000	0.0000	0.0000	0.0000	0.0000	0.0000	0.0000	0.0000	0.0000	0.0000	0.0000	0.0000	0.0000	0.0000	0.0260	0.0233	0.0027	0.0131	0.0122	0.0009	0.0129	0.0111	0.0018	0.0066	0.0045	0.0022	0.0026	0.0025	0.0002	0.0040	0.0020	0.0020	0.1498	0.1147	0.0000	0.1276	0.1290	0.0000	0.0283	0.0210	0.0000	0.0002	0.0003	0.0000	0.0004	0.0004	0.0000	0.0000	0.0000	0.0000	
7	56	0.4313	13	1	0	1	1	0	0	0	0	N	N	N	N	N	N	N	N	N	N	N	N	0.0285	0.0160	0.0744	0.0765	0.0723	0.1600	0.0015	0.0000	0.0318	0.0002	0.0002	0.0000	0.0005	0.0005	0.0001	0.0000	0.0000	0.0000	0.0077	0.0151	0.0004	0.0060	0.0066	0.0005	0.0058	0.1802	0.0004	0.0146	0.0493	-0.0000	-0.0002	3.5884	14.8542	2.8705	6.8183	0.0001	0.0001	0.0000	0.0001	0.0001	0.0000	0.0000	0.0000	0.0000	0.0003	0.0003	0.0000	0.0002	0.0002	0.0000	0.0001	0.0001	0.0000	0.2744	0.2449	0.0295	0.1280	0.1211	0.0070	0.1464	0.1239	0.0226	0.0980	0.0656	0.0324	0.0378	0.0351	0.0027	0.0602	0.0304	0.0297	0.0791	0.0614	0.0744	0.0950	0.0931	0.1600	0.0059	0.0032	0.0318	0.0028	0.0039	0.0004	0.0048	0.0052	0.0005	0.0015	0.0025	0.0004
7	57	0.3564	12	1	0	1	1	0	0	0	0	N	N	N	N	N	N	N	N	N	N	N	N	0.4526	0.0475	34.2976	0.7211	0.1091	167.1127	0.1360	0.0353	0.5817	0.0032	0.0006	0.0261	0.0068	0.0011	0.0949	0.0002	0.0001	0.0004	0.0071	0.0131	0.0008	0.0094	0.0104	0.0006	0.0014	0.0042	0.0008	4.7788	0.1098	0.0011	-0.0002	3.5884	33.5853	2.8705	9.3450	0.0020	0.0003	0.0016	0.0019	0.0003	0.0016	0.0001	0.0000	0.0000	0.0005	0.0004	0.0000	0.0004	0.0004	0.0000	0.0001	0.0000	0.0000	0.6054	0.5435	0.0620	0.2790	0.2622	0.0169	0.3264	0.2813	0.0451	0.1802	0.1192	0.0610	0.0620	0.0591	0.0029	0.1182	0.0601	0.0581	1.2406	0.1756	34.2976	1.0129	0.1618	167.1127	0.4166	1.0058	0.5817	0.0026	0.0036	0.0008	0.0067	0.0070	0.0006	0.0005	0.0001	0.0008
7	58	0.3356	11	1	0	1	0	0	0	0	0	N	N	N	N	N	N	N	N	N	N	N	N	0.7958	0.5538	0.7784	1.9367	1.8970	2.1857	0.0421	0.0072	0.1066	0.0115	0.0125	0.0030	0.0246	0.0253	0.0122	0.0005	0.0005	0.0004	0.0145	0.0226	0.0038	0.0127	0.0133	0.0056	0.0119	0.0729	0.0033	0.0267	0.3549	-0.0010	-0.0001	3.5884	15.2419	2.8705	2.5705	0.0037	0.0036	0.0001	0.0036	0.0035	0.0001	0.0001	0.0001	0.0000	0.0003	0.0003	0.0001	0.0002	0.0002	0.0000	0.0001	0.0000	0.0001	0.3175	0.2856	0.0318	0.1455	0.1384	0.0071	0.1720	0.1473	0.0247	0.0780	0.0513	0.0267	0.0263	0.0252	0.0011	0.0517	0.0261	0.0256	2.5854	2.4935	0.8757	2.9117	2.9434	2.1857	0.2054	0.3354	0.1066	0.0045	0.0050	0.0034	0.0085	0.0086	0.0056	0.0024	0.0016	0.0033
7	59	0.6017	13	1	0	1	1	0	0	0	0	N	N	N	N	N	N	N	N	N	N	N	N	0.0000	0.0000	0.0000	0.0000	0.0000	0.0000	0.0000	0.0000	0.0000	0.0000	0.0000	0.0000	0.0000	1.0502	1.4678	0.0000	2.1860	2.1649	0.0000	0.0000	0.0000	0.0000	0.0000	0.0000	-0.0000	3.5884	0.0000	2.8705	0.0000	0.0000	0.0000	0.0000	0.0000	0.0000	0.0000	0.0000	0.0000	0.0000	0.0000	0.0000	0.0000	0.0000	0.0000	0.0000	0.0000	0.0000	0.0000	0.0000	0.0000	0.0000	0.0000	0.0000	0.0000	0.0000	0.0000	0.0000	0.0000	0.0000	0.0000	0.0000	0.0000	0.0000	0.0000	0.0000	0.0000	0.0000	0.0000	0.0000	0.0000	0.0000	0.0000	0.0000	0.0000	0.0000	0.3988	0.7580	0.0000	0.7855	0.8015	0.0000	0.0000	0.0000	0.0000						
7	60	0.5242	12	1	0	1	1	0	0	0	0	N	N	N	N	N	N	N	N	N	N	N	N	1.3175	1.0306	0.4523	0.0000	0.0000	0.9429	29227.5470	2157.0390	0.3798	4.4703	5.0241	0.0000	0.0003	0.0003	0.0001	6.5491	7.5987	0.0000	3.3929	4.8747	0.0001	8.3137	8.8203	0.0001	0.0002	0.0035	0.0001	0.0000	0.0000	-0.2853	-0.2543	3.5884	19.3360	2.8705	7.9957	0.9936	0.9936	0.0000	0.0000	0.0000	0.0000	0.9936	0.9936	0.0000	0.4047	0.4047	0.0000	0.4047	0.4047	0.0000	0.0000	0.0000	0.0000	0.2223	0.1978	0.0245	0.0706	0.0670	0.0035	0.1517	0.1308	0.0210	0.1193	0.0830	0.0363	0.0487	0.0459	0.0028	0.0706	0.0371	0.0335	1.3175	1.0306	0.4523	0.0000	0.0000	0.9429	75749.5357	69254.7391	0.3798	3.3929	4.8747	0.0001	8.3137	8.8203	0.0001	0.0001	0.0001	0.0001
7	61	0.1020	6	1	1	2	0	0	0	0	0	N	N	Y	N	N	N	N	N	N	N	N	N	0.0001	0.0023	0.0001	0.0005	0.0152	0.0000	0.0000	0.0013	0.0001	0.0002	0.0001	0.0007	0.0007	0.0007	0.0006	0.0001	0.0000	0.0007	2.7618	0.0420	11.8794	1.5314	0.0476	62.3804	3.3509	0.0003	12.7049	1.0338	676.4413	0.0000	0.1499	3.5884	14.2360	2.8705	11.9336	0.0000	0.0000	0.0000	0.0000	0.0000	0.0000	0.0000	0.0000	0.0000	0.4048	0.0006	0.4042	0.0106	0.0006	0.0100	0.3942	0.0000	0.3942	0.2148	0.1870	0.0279	0.0261	0.0253	0.0008	0.1887	0.1616	0.0271	0.1466	0.0867	0.0598	0.0289	0.0280	0.0009	0.1176	0.0587	0.0589	0.0001	0.0142	0.0001	0.0020	0.0338	0.0001	0.0000	0.3570	0.0001	2.7618	0.0069	6.7547	0.3666	0.0213	10.6834	3.3509	0.0000	6.6922
7	62	0.3228	12	2	0	2	0	0	0	0	0	Y	N	Y	N	N	N	N	N	N	N	N	N	4.9072	0.0018	536529.2272	0.0058	0.0059	65.5424	77182.3383	0.0083	612558.0834	2.4159	0.0012	20.6122	0.0042	0.0042	0.0037	3.3270	0.0000	23.2236	0.4923	0.6751	0.0000	0.7163	0.7035	0.0001	0.0000	0.0007	0.0000	2208.4729	0.0004	0.7122	-0.0048	3.5884	28.8660	2.8705	13.2209	0.9996	0.0005	0.9992	0.0005	0.0005	0.0000	0.9992	0.0000	0.9992	0.0076	0.0076	0.0000	0.0076	0.0076	0.0000	0.0000	0.0000	0.0000	0.4138	0.3653	0.0485	0.1135	0.1080	0.0055	0.3003	0.2573	0.0430	0.2002	0.1243	0.0759	0.0579	0.0558	0.0021	0.1423	0.0686	0.0738	63.6251	0.0203	536529.2272	0.0316	0.0306	65.5424	151706.8704	1.2082	612558.0834	0.0380	0.0611	0.0000	0.1313	0.1363	0.0001	0.0000	0.0000	0.0000
7	63	0.3201	11	2	1	1	0	0	0	0	0	Y	N	N	N	N	N	N	N	N	N	N	N	0.0000	0.0000	0.0058	0.0000	0.0000	0.0000	0.0002	0.0000	0.0061	0.0000	0.0000	0.0000	0.0000	0.0000	0.0000	0.0000	0.0000	0.0000	0.6880	0.8963	0.0005	0.9694	1.0577	0.0001	0.0087	0.2485	0.0005	0.0720	0.0023	-0.0000	-0.0032	3.5884	5.0237	2.8705	8.0282	0.0000	0.0000	0.0000	0.0000	0.0000	0.0000	0.0000	0.0000	0.0000	0.0052	0.0051	0.0000	0.0051	0.0051	0.0000	0.0001	0.0001	0.0000	0.0718	0.0633	0.0085	0.0221	0.0208	0.0013	0.0497	0.0426	0.0072	0.0694	0.0451	0.0243	0.0265	0.0228	0.0036	0.0429	0.0223	0.0206	0.0001	0.0000	0.0058	0.0001	0.0001	0.0000	0.0009	0.0005	0.0061	0.0743	0.1140	0.0005	0.1914	0.2220	0.0001	0.0020	0.0033	0.0005
7	64	0.2570	10	2	1	1	0	0	0	0	0	Y	N	N	N	N	N	N	N	N	N	N	N	0.0016	0.0014	0.0165	0.0311	0.0395	0.0001	0.0010	0.0004	0.0259	0.0008	0.0009	0.0006	0.0013	0.0014	0.0000	0.0006	0.0006	0.0008	0.5093	0.6212	0.0375	0.0403	0.0343	0.1492	0.6341	1.3023	0.0304	0.0963	0.2018	-0.0000	-0.0030	3.5884	17.5893	2.8705	19.0270	0.0002	0.0002	0.0000	0.0001	0.0001	0.0000	0.0001	0.0001	0.0000	0.0064	0.0054	0.0011	0.0009	0.0008	0.0001	0.0055	0.0046	0.0010	0.2757	0.2433	0.0324	0.0943	0.0873	0.0070	0.1814	0.1560	0.0254	0.1606	0.1007	0.0599	0.0466	0.0451	0.0015	0.1141	0.0556	0.0585	0.0207	0.0161	0.0344	0.0654	0.0794	0.0001	0.0125	0.0070	0.0481	0.0400	0.0532	0.0180	0.0192	0.0171	0.0846	0.0486	0.0824	0.0163
7	65	0.2507	9	1	1	1	0	0	0	0	0	N	N	N	N	N	N	N	N	N	N	N	N	0.0059	0.0679	0.0309	0.3957	0.2477	3.3616	0.0010	0.0142	0.0007	0.0021	0.0016	0.0068	0.0052	0.0033	0.0449	0.0005	0.0005	0.0001	0.3570	0.0230	0.2198	0.0131	0.0132	0.0134	0.5043	0.0381	0.1729	0.5200	6.8029	0.0000	0.0002	3.5884	1.7566	2.8705	2.8742	0.0001	0.0000	0.0000	0.0001	0.0000	0.0000	0.0000	0.0000	0.0000	0.0006	0.0001	0.0006	0.0001	0.0001	0.0000	0.0006	0.0000	0.0006	0.0329	0.0294	0.0035	0.0115	0.0110	0.0005	0.0214	0.0185	0.0030	0.0267	0.0164	0.0104	0.0090	0.0088	0.0002	0.0177	0.0076	0.0102	0.0877	0.3086	0.1252	0.6015	0.3857	3.3616	0.0150	0.5158	0.0022	0.0242	0.0051	0.0543	0.0086	0.0085	0.0134	0.0321	0.0010	0.0551
7	66	0.1020	6	1	1	1	0	0	0	0	0	N	N	N	N	N	N	N	N	N	N	N	N	0.0479	0.0243	9.2833	0.1880	0.1945	0.2042	16.6738	0.5706	20.0768	0.0087	0.0099	0.0005	0.0692	0.0713	0.0004	0.0007	0.0008	0.0005	0.1813	0.4082	0.0001	0.3678	0.3668	0.0018	0.0000	0.0013	0.0000	0.0070	0.0014	-0.0008	-0.0016	3.5884	21.1811	2.8705	10.1862	0.0027	0.0027	0.0000	0.0025	0.0025	0.0000	0.0002	0.0002	0.0000	0.0025	0.0025	0.0000	0.0025	0.0025	0.0000	0.0000	0.0000	0.0000	0.3107	0.2708	0.0399	0.0362	0.0351	0.0011	0.2746	0.2357	0.0388	0.1728	0.1023	0.0704	0.0339	0.0328	0.0011	0.1389	0.0696	0.0693	0.5915	0.3998	9.2833	0.9239	0.9228	0.2042	32.8716	37.7734	20.0768	0.0147	0.0248	0.0001	0.0749	0.0773	0.0018	0.0000	0.0000	0.0000
7	67	0.0882	5	1	1	1	0	0	0	0	0	N	N	N	N	N	N	N	N	N	N	N	N	0.0227	0.0077	0.1789	0.2996	0.7864	0.1670	0.0201	0.0000	0.2242	0.0108	0.0001	0.0818	0.0023	0.0011	0.0539	0.0119	0.0000	0.0824	0.4757	0.0193	0.4570	0.0078	0.0014	0.3228	0.5943	0.4231	0.3675	82.2963	12.2028	0.0009	0.0005	3.5884	7.4253	2.8705	0.9851	0.0013	0.0000	0.0013	0.0000	0.0000	0.0000	0.0013	0.0000	0.0013	0.0017	0.0001	0.0016	0.0000	0.0000	0.0000	0.0017	0.0001	0.0015	0.1193	0.1037	0.0156	0.0143	0.0140	0.0003	0.1049	0.0897	0.0152	0.0477	0.0284	0.0193	0.0086	0.0084	0.0003	0.0391	0.0200	0.0191	0.2999	0.0325	0.9964	0.4047	0.7864	0.3802	0.2801	0.0010	1.0147	0.0360	0.0046	0.0821	0.0058	0.0014	0.1418	0.0427	0.0059	0.0812
7	68	0.4037	12	1	0	2	0	0	0	0	0	N	N	Y	N	N	N	N	N	N	N	N	N	0.0105	0.0036	4.9710	0.0178	0.0103	18.9037	0.0035	0.0000	0.3289	0.0001	0.0000	0.0002	0.0001	0.0001	0.0009	0.0000	0.0000	0.0000	0.0050	0.0096	0.0000	0.0066	0.0073	0.0000	0.0006	0.0088	0.0000	0.6878	0.0070	0.0000	-0.0001	3.5884	15.0354	2.8705	6.2061	0.0000	0.0000	0.0000	0.0000	0.0000	0.0000	0.0000	0.0000	0.0000	0.0002	0.0002	0.0000	0.0002	0.0002	0.0000	0.0000	0.0000	0.0000	0.2680	0.2402	0.0278	0.1157	0.1099	0.0058	0.1523	0.1303	0.0220	0.0850	0.0571	0.0279	0.0295	0.0279	0.0017	0.0555	0.0293	0.0262	0.0269	0.0120	4.9710	0.0227	0.0137	18.9037	0.0096	0.0000	0.3289	0.0019	0.0029	0.0000	0.0052	0.0055	0.0000	0.0002	0.0003	0.0000
7	69	0.3356	11	1	0	1	0	0	0	0	0	N	N	N	N	N	N	N	N	N	N	N	N	0.1471	0.0942	0.6038	0.2986	0.2662	2.7721	0.0059	0.0018	0.0497	0.0013	0.0013	0.0010	0.0031	0.0030	0.0046	0.0000	0.0000	0.0001	0.0087	0.0139	0.0016	0.0103	0.0113	0.0017	0.0036	0.0065	0.0016	0.0878	0.2347	-0.0001	-0.0002	3.5884	27.6811	2.8705	13.1592	0.0006	0.0006	0.0000	0.0006	0.0006	0.0000	0.0000	0.0000	0.0000	0.0005	0.0004	0.0001	0.0004	0.0004	0.0000	0.0001	0.0000	0.0001	0.4731	0.4241	0.0491	0.1940	0.1841	0.0099	0.2791	0.2400	0.0391	0.1658	0.1085	0.0573	0.0546	0.0522	0.0023	0.1112	0.0563	0.0549	0.4268	0.3537	0.6038	0.4298	0.4046	2.7721	0.0227	0.0457	0.0497	0.0030	0.0037	0.0016	0.0072	0.0074	0.0017	0.0009	0.0003	0.0016
7	70	0.3008	10	1	0	1	0	0	0	0	0	N	N	N	N	N	N	N	N	N	N	N	N	0.0547	0.0234	1.3511	0.1022	0.0768	5.1004	0.0095	0.0029	0.0688	0.0006	0.0005	0.0016	0.0016	0.0013	0.0078	0.0000	0.0000	0.0001	0.0118	0.0231	0.0012	0.0155	0.0163	0.0015	0.0022	0.0040	0.0012	0.3386	0.1224	-0.0000	-0.0002	3.5884	19.6565	2.8705	4.0504	0.0002	0.0002	0.0001	0.0002	0.0002	0.0001	0.0000	0.0000	0.0000	0.0004	0.0004	0.0000	0.0004	0.0004	0.0000	0.0000	0.0000	0.0000	0.3449	0.3090	0.0359	0.1385	0.1316	0.0069	0.2064	0.1775	0.0290	0.1111	0.0725	0.0386	0.0373	0.0359	0.0014	0.0738	0.0366	0.0372	0.1744	0.1065	1.3511	0.1617	0.1240	5.1004	0.0322	0.0831	0.0688	0.0037	0.0051	0.0012	0.0098	0.0101	0.0015	0.0006	0.0001	0.0012
7	71	0.0850	4	2	1	1	0	0	0	0	0	Y	N	N	N	N	N	N	N	N	N	N	N	0.8260	0.0338	313.3997	0.1331	0.1015	816.9680	35.2949	1.8295	314.2306	0.0081	0.0008	0.0587	0.0045	0.0037	0.0299	0.0086	0.0004	0.0595	0.0097	0.0246	0.0002	0.0337	0.0369	0.0000	0.0002	0.0002	0.0002	10.0659	0.0243	0.0014	-0.0003	3.5884	17.5448	2.8705	6.0013	0.0022	0.0002	0.0020	0.0002	0.0001	0.0000	0.0021	0.0001	0.0020	0.0004	0.0004	0.0000	0.0004	0.0004	0.0000	0.0000	0.0000	0.0000	0.2772	0.2426	0.0346	0.0340	0.0331	0.0010	0.2431	0.2095	0.0336	0.1310	0.0775	0.0536	0.0238	0.0231	0.0007	0.1072	0.0544	0.0528	2.4999	0.1563	313.3997	0.2597	0.2100	816.9680	91.2843	536.9592	314.2306	0.0032	0.0053	0.0002	0.0173	0.0178	0.0000	0.0001	0.0000	0.0002
7	79	0.2507	9	1	1	1	0	0	0	0	0	N	N	N	N	N	N	N	N	N	N	N	N	0.0003	0.0003	0.0009	0.0003	0.0003	0.0000	13.1846	inf	0.0022	0.0002	0.0002	0.0000	0.0002	0.0002	0.0000	0.0001	0.0001	0.0000	0.4854	0.6542	0.0001	0.6992	0.6886	0.0015	0.0000	0.0000	0.0000	0.0000	0.0005	-0.0000	-0.0041	3.5884	23.9173	2.8705	17.8091	0.0001	0.0001	0.0000	0.0000	0.0000	0.0000	0.0000	0.0000	0.0000	0.0065	0.0065	0.0000	0.0065	0.0065	0.0000	0.0000	0.0000	0.0000	0.3361	0.2972	0.0389	0.1001	0.0943	0.0058	0.2360	0.2029	0.0331	0.1753	0.1120	0.0634	0.0506	0.0489	0.0017	0.1248	0.0630	0.0617	0.0041	0.0030	0.0009	0.0016	0.0017	0.0000	16.7352	inf	0.0022	0.0369	0.0578	0.0001	0.1280	0.1323	0.0015	0.0000	0.0000	0.0000
7	80	0.2347	8	1	1	1	0	0	0	0	0	N	N	N	N	N	N	N	N	N	N	N	N	0.0072	0.1142	0.0004	0.0493	0.4409	0.0001	0.0001	0.0129	0.0002	0.0004	0.0004	0.0000	0.0013	0.0013	0.0001	0.0000	0.0000	0.0000	0.0486	0.0035	0.0444	0.0254	0.0030	1.0887	0.0450	0.0003	0.0206	0.0063	8.9262	-0.0000	0.0001	3.5884	6.1279	2.8705	3.6878	0.0000	0.0000	0.0000	0.0000	0.0000	0.0000	0.0000	0.0000	0.0000	0.0004	0.0000	0.0003	0.0002	0.0000	0.0001	0.0002	0.0000	0.0002	0.0877	0.0773	0.0104	0.0244	0.0231	0.0013	0.0632	0.0542	0.0090	0.0445	0.0283	0.0162	0.0133	0.0128	0.0005	0.0311	0.0155	0.0157	0.0410	0.2920	0.0009	0.0895	0.4409	0.0004	0.0006	3.3027	0.0004	0.0086	0.0014	0.0212	0.0140	0.0030	0.3151	0.0063	0.0000	0.0124
7	81	0.3228	12	2	0	2	0	0	0	0	0	Y	N	Y	N	N	N	N	N	N	N	N	N	0.5539	0.0003	2.0795	0.0029	0.0056	0.0000	0.5537	0.0000	2.1320	2.5064	0.0013	21.3665	0.0040	0.0042	0.0000	3.4584	0.0000	24.0825	4.5248	3.8841	10.2747	1.3867	0.7519	31.3800	6.2463	6.9530	11.2956	2247.8711	0.8769	0.7085	-0.1400	3.5884	27.2690	2.8705	12.3406	0.9945	0.0004	0.9941	0.0004	0.0004	0.0000	0.9941	0.0000	0.9941	0.8690	0.4630	0.4060	0.0177	0.0077	0.0099	0.8514	0.4553	0.3961	0.3968	0.3503	0.0465	0.1094	0.1041	0.0052	0.2874	0.2462	0.0413	0.1921	0.1192	0.0728	0.0558	0.0537	0.0020	0.1363	0.0655	0.0708	0.5539	0.0003	3.8337	0.0127	0.0295	0.0000	0.5537	0.0000	4.3060	4.5248	3.8841	5.5734	0.3166	0.1436	4.8946	6.2463	6.9530	5.5928
7	82	0.3074	11	1	0	1	0	0	0	0	0	N	N	N	N	N	N	N	N	N	N	N	N	0.0010	0.0006	0.1728	0.0010	0.0010	0.0585	0.0113	0.0002	0.2453	0.0009	0.0008	0.0019	0.0020	0.0021	0.0002	0.0003	0.0000	0.0022	0.8901	1.2034	0.0108	2.0831	2.0732	0.0035	0.0303	0.1766	0.0089	0.3143	0.0141	-0.0000	-0.0051	3.5884	9.0798	2.8705	0.9519	0.0001	0.0001	0.0000	0.0001	0.0001	0.0000	0.0000	0.0000	0.0000	0.0082	0.0081	0.0001	0.0081	0.0081	0.0000	0.0002	0.0000	0.0001	0.1426	0.1265	0.0162	0.0465	0.0440	0.0025	0.0961	0.0824	0.0137	0.0447	0.0277	0.0170	0.0119	0.0114	0.0005	0.0328	0.0163	0.0165	0.0048	0.0026	0.2788	0.0030	0.0030	0.0585	0.0736	0.0153	0.3194	0.1842	0.2930	0.0067	0.6796	0.7087	0.0035	0.0047	0.0025	0.0068
7	83	0.2347	8	1	1	1	0	0	0	0	0	N	N	N	N	N	N	N	N	N	N	N	N	134.3097	36.3764	13623.5435	13878.2675	0.1056	0.0150	3.4387	3.8947	0.0000	12.4469	13.1687	0.0000	0.0096	0.0111	0.0000	0.0256	0.1071	0.0000	0.0009	0.0009	0.0000	0.0906	0.7401	0.0000	0.0000	0.0000	-0.2864	-0.0006	3.5884	21.0000	2.8705	14.4214	0.9974	0.9974	0.0000	0.9954	0.9954	0.0000	0.0020	0.0020	0.0000	0.0009	0.0009	0.0000	0.0000	0.0000	0.0000	0.0009	0.0009	0.0000	0.2900	0.2561	0.0340	0.0800	0.0756	0.0044	0.2101	0.1805	0.0296	0.1495	0.0957	0.0538	0.0438	0.0422	0.0016	0.1057	0.0536	0.0521	541.1671	392.5388	0.0000	13623.5435	13878.2675	0.0000	1.1116	0.6558	0.0000	0.0064	0.0099	0.0000	0.0009	0.0009	0.0000	0.0086	0.0170	0.0000			
7	84	0.2923	12	1	0	2	0	0	0	0	0	N	N	Y	N	N	N	N	N	N	N	N	N	51.8399	78.8431	0.0000	61.3403	90.8493	0.0000	1.9066	inf	0.0000	0.0077	0.0086	0.0000	0.0217	0.0230	0.0000	0.0003	0.0004	0.0000	0.0001	0.0001	0.0002	0.0004	0.0003	0.0034	0.0002	0.0000	0.0001	0.0000	1.0561	-0.0006	-0.0000	3.5884	20.4085	2.8705	11.0867	0.0023	0.0023	0.0000	0.0022	0.0022	0.0000	0.0001	0.0001	0.0000	0.0000	0.0000	0.0000	0.0000	0.0000	0.0000	0.0000	0.0000	0.0000	0.2942	0.2611	0.0331	0.1008	0.0952	0.0056	0.1934	0.1659	0.0276	0.1408	0.0924	0.0484	0.0413	0.0400	0.0013	0.0995	0.0524	0.0471	51.8399	78.8431	0.0000	61.3403	90.8493	0.0000	5.3839	inf	0.0000	0.0001	0.0001	0.0002	0.0004	0.0003	0.0034	0.0001	0.0000	0.0001
7	85	0.2886	11	1	0	2	0	0	0	0	0	N	N	Y	N	N	N	N	N	N	N	N	N	1.3327	4.3329	0.0000	1.6130	4.5384	0.0000	1.8332	inf	0.0000	0.0060	0.0067	0.0000	0.0072	0.0076	0.0000	0.0050	0.0059	0.0000	0.0045	0.0015	0.0050	0.0045	0.0017	0.1435	0.0027	0.0000	0.0016	0.0000	2.4350	-0.0001	0.0000	3.5884	3.1287	2.8705	1.1816	0.0004	0.0004	0.0000	0.0002	0.0002	0.0000	0.0002	0.0002	0.0000	0.0000	0.0000	0.0000	0.0000	0.0000	0.0000	0.0000	0.0000	0.0000	0.0592	0.0530	0.0062	0.0253	0.0240	0.0013	0.0339	0.0291	0.0048	0.0227	0.0153	0.0074	0.0071	0.0069	0.0002	0.0155	0.0084	0.0071	3.3867	8.7733	0.0000	1.8225	4.5384	0.0000	6.6932	inf	0.0000	0.0018	0.0008	0.0039	0.0040	0.0017	0.0813	0.0008	0.0000	0.0016
7	86	0.2817	10	1	0	1	0	0	0	0	0	N	N	N	N	N	N	N	N	N	N	N	N	0.0095	0.1973	0.0000	0.2641	0.6697	0.0000	0.0004	2.7733	0.0000	0.0050	0.0056	0.0000	0.0129	0.0136	0.0000	0.0002	0.0003	0.0000	0.5224	0.0283	0.7675	0.0488	0.0203	1.2929	0.6605	0.0001	0.5554	0.0000	10.3091	-0.0001	0.0004	3.5884	4.0532	2.8705	2.2470	0.0003	0.0003	0.0000	0.0003	0.0003	0.0000	0.0000	0.0000	0.0000	0.0016	0.0001	0.0014	0.0003	0.0001	0.0001	0.0013	0.0000	0.0013	0.0652	0.0581	0.0071	0.0244	0.0231	0.0013	0.0408	0.0350	0.0058	0.0369	0.0241	0.0128	0.0122	0.0118	0.0004	0.0247	0.0123	0.0124	0.1172	0.9714	0.0000	0.5733	1.1587	0.0000	0.0045	864.1575	0.0000	0.0425	0.0058	0.1115	0.0225	0.0117	0.3463	0.0523	0.0000	0.1041
7	87	0.2585	9	1	0	1	0	0	0	0	0	N	N	N	N	N	N	N	N	N	N	N	N	0.0012	0.5057	0.0000	0.0074	3.2983	0.0000	0.0000	0.0004	0.0000	0.0055	0.0061	0.0000	0.0109	0.0114	0.0001	0.0001	0.0001	0.0000	4.5400	0.0120	18.5282	1.4622	0.0034	57.0958	6.6950	0.2668	19.8811	0.0005	2213.0047	-0.0002	0.1475	3.5884	4.7288	2.8705	9.8540	0.0005	0.0005	0.0000	0.0005	0.0005	0.0000	0.0000	0.0000	0.0000	0.3973	0.0002	0.3971	0.0101	0.0001	0.0100	0.3872	0.0001	0.3871	0.0974	0.0883	0.0091	0.0490	0.0468	0.0022	0.0484	0.0415	0.0069	0.0875	0.0531	0.0344	0.0297	0.0287	0.0009	0.0578	0.0244	0.0334	0.0012	1.8004	0.0000	0.0319	3.4759	0.0000	0.0000	0.0331	0.0000	4.5400	0.0034	11.5473	0.3401	0.0033	10.5549	6.6950	0.0035	11.5754
7	88	0.2347	8	1	0	1	0	0	0	0	0	N	N	N	N	N	N	N	N	N	N	N	N	0.0053	0.0967	0.0003	0.0126	0.3174	0.0000	0.0057	0.0103	0.0004	0.0043	0.0048	0.0007	0.0008	0.0009	0.0000	0.0056	0.0064	0.0008	0.8083	0.0492	2.2374	0.0641	0.0027	4.1306	0.9777	0.6253	2.0286	0.0193	24.6472	-0.0001	0.0028	3.5884	8.6320	2.8705	7.0881	0.0005	0.0005	0.0000	0.0000	0.0000	0.0000	0.0005	0.0005	0.0000	0.0084	0.0003	0.0081	0.0006	0.0001	0.0005	0.0078	0.0003	0.0075	0.1227	0.1082	0.0145	0.0341	0.0323	0.0019	0.0886	0.0760	0.0126	0.0695	0.0444	0.0251	0.0206	0.0199	0.0007	0.0489	0.0245	0.0244	0.0355	0.6458	0.0021	0.0287	0.3174	0.0000	0.0352	0.5753	0.0026	0.1205	0.0074	0.3203	0.0282	0.0027	0.7085	0.1594	0.0111	0.3085
7	89	0.3024	10	1	1	1	0	0	0	0	0	N	N	N	N	N	N	N	N	N	N	N	N	0.0514	0.0299	0.3291	0.4968	0.0840	48.1751	0.0000	0.0003	0.0000	0.0007	0.0001	0.0051	0.0017	0.0003	0.0283	0.0000	0.0000	0.0000	0.0130	0.0047	0.0154	0.0034	0.0040	0.0006	0.0264	0.0043	0.0135	4.3522	2.6312	0.0001	0.0000	3.5884	15.4622	2.8705	5.2688	0.0002	0.0000	0.0001	0.0002	0.0000	0.0001	0.0000	0.0000	0.0000	0.0003	0.0001	0.0002	0.0001	0.0001	0.0000	0.0002	0.0000	0.0002	0.2573	0.2299	0.0274	0.1009	0.0960	0.0049	0.1564	0.1339	0.0225	0.0818	0.0537	0.0281	0.0262	0.0240	0.0021	0.0556	0.0296	0.0260	0.1655	0.0825	0.5986	0.5089	0.0928	48.1751	0.0002	0.0075	0.0000	0.0040	0.0017	0.0085	0.0033	0.0036	0.0006	0.0043	0.0002	0.0091
7	90	0.2906	9	1	0	1	0	0	0	0	0	N	N	N	N	N	N	N	N	N	N	N	N	1.4118	0.0591	173.1950	12.7795	1.1152	245.0129	0.0011	0.0001	0.0203	0.0232	0.0022	0.2139	0.0540	0.0048	0.9802	0.0000	0.0000	0.0000	0.0164	0.0370	0.0012	0.0042	0.0043	0.0040	0.0380	0.5756	0.0009	10.7907	0.0881	0.0021	-0.0001	3.5884	7.5917	2.8705	1.5198	0.0034	0.0003	0.0031	0.0034	0.0003	0.0031	0.0000	0.0000	0.0000	0.0002	0.0002	0.0000	0.0001	0.0001	0.0000	0.0002	0.0001	0.0000	0.1451	0.1307	0.0144	0.0622	0.0591	0.0031	0.0828	0.0716	0.0113	0.0462	0.0316	0.0145	0.0178	0.0162	0.0016	0.0284	0.0154	0.0129	4.8344	0.3394	173.1950	14.0007	1.2416	245.0129	0.0080	0.0052	0.0203	0.0048	0.0064	0.0012	0.0039	0.0038	0.0040	0.0054	0.0092	0.0009
7	91	0.3999	13	2	0	2	0	0	0	0	0	Y	N	Y	N	N	N	N	N	N	N	N	N	inf	inf	inf	inf	inf	inf	0.1970	0.2223	0.0000	0.0021	0.0022	0.0000	0.2962	0.3457	0.0000	0.0000	0.0000	0.0000	0.0000	0.0000	0.0000	0.0000	0.0000	0.0000	0.0000	-0.0024	-0.0000	3.5884	3.0317	2.8705	0.1644	0.0085	0.0085	0.0000	0.0000	0.0000	0.0000	0.0085	0.0085	0.0000	0.0000	0.0000	0.0000	0.0000	0.0000	0.0000	0.0000	0.0000	0.0000	0.0430	0.0381	0.0049	0.0145	0.0137	0.0008	0.0285	0.0244	0.0041	0.0135	0.0085	0.0049	0.0041	0.0039	0.0002	0.0094	0.0047	0.0047	inf	inf	0.0000	inf	inf	0.0000	inf	inf	0.0000	0.0000	0.0000	0.0000	0.0000	0.0000	0.0000	0.0000	0.0000	0.0000				
7	92	0.3941	12	2	0	2	0	0	0	0	0	Y	N	Y	N	N	N	N	N	N	N	N	N	337262.5915	301177.6678	0.0000	34.4048	41.0004	0.0000	6606872.1084	470441.4173	0.0000	18.7719	20.7822	0.0000	0.0057	0.0060	0.0000	33.2199	38.5064	0.0000	0.0001	0.0001	0.0000	0.0002	0.0001	0.0006	0.0000	0.0001	0.0000	0.0000	0.2637	-0.2810	-0.0000	3.5884	2.6632	2.8705	1.0147	0.9786	0.9786	0.0000	0.0001	0.0001	0.0000	0.9784	0.9784	0.0000	0.0000	0.0000	0.0000	0.0000	0.0000	0.0000	0.0000	0.0000	0.0000	0.0521	0.0471	0.0050	0.0227	0.0217	0.0010	0.0295	0.0254	0.0040	0.0167	0.0107	0.0059	0.0052	0.0050	0.0002	0.0115	0.0057	0.0057	337262.5915	303758.2779	0.0000	34.4048	41.0004	0.0000	6606872.1084	157727965.3358	0.0000	0.0001	0.0001	0.0000	0.0002	0.0001	0.0006	0.0000	0.0000	0.0000
7	93	0.3109	11	2	0	2	0	0	0	0	0	Y	N	Y	N	N	N	N	N	N	N	N	N	545.5885	304.8173	3.1013	943.6753	935.9568	5.6063	149.0976	69.3979	1.9912	1.9967	2.2519	0.0003	6.4228	6.7754	0.0011	0.0222	0.0258	0.0002	0.0037	0.0074	0.0001	0.0068	0.0072	0.0002	0.0001	0.0004	0.0001	0.0000	0.0269	-0.2874	-0.0002	3.5884	35.0787	2.8705	12.2568	1.0010	1.0010	0.0000	0.9933	0.9933	0.0000	0.0077	0.0077	0.0000	0.0003	0.0003	0.0000	0.0003	0.0003	0.0000	0.0000	0.0000	0.0000	0.5013	0.4445	0.0568	0.1547	0.1466	0.0080	0.3467	0.2979	0.0488	0.1941	0.1214	0.0727	0.0544	0.0522	0.0022	0.1397	0.0692	0.0705	1326.5226	961.0093	3.1013	1226.2349	1243.6207	5.6063	422.4536	16382.7079	1.9912	0.0015	0.0023	0.0001	0.0052	0.0054	0.0002	0.0001	0.0000	0.0001
7	94	0.2973	10	2	0	1	0	0	0	0	0	Y	N	N	N	N	N	N	N	N	N	N	N	1.9810	1.3348	0.4021	4.2523	4.0628	17.0538	0.0484	0.0189	0.0290	0.0167	0.0188	0.0007	0.0501	0.0529	0.0037	0.0002	0.0002	0.0000	0.0084	0.0141	0.0016	0.0118	0.0130	0.0002	0.0042	0.0122	0.0017	0.0045	0.2682	-0.0007	-0.0001	3.5884	8.4810	2.8705	2.3446	0.0024	0.0023	0.0000	0.0023	0.0023	0.0000	0.0000	0.0000	0.0000	0.0001	0.0001	0.0000	0.0001	0.0001	0.0000	0.0000	0.0000	0.0000	0.1411	0.1250	0.0161	0.0467	0.0441	0.0027	0.0943	0.0809	0.0134	0.0479	0.0297	0.0182	0.0128	0.0122	0.0005	0.0351	0.0174	0.0176	5.6752	5.0163	0.4021	6.2063	6.2852	17.0538	0.1904	0.4952	0.0290	0.0029	0.0037	0.0016	0.0081	0.0084	0.0002	0.0011	0.0005	0.0017
7	95	0.2347	8	1	1	1	1	0	0	0	0	N	N	N	N	N	N	N	N	N	N	N	N	0.0329	0.0114	0.0000	0.2353	0.2337	0.0000	0.0088	0.0010	0.0000	0.0021	0.0024	0.0000	0.0063	0.0067	0.0000	0.0005	0.0006	0.0000	0.0646	0.2111	0.0014	0.0267	0.0285	0.0048	0.0618	0.6624	0.0013	0.0000	0.0583	-0.0002	-0.0010	3.5884	24.0032	2.8705	22.6134	0.0007	0.0007	0.0000	0.0006	0.0006	0.0000	0.0001	0.0001	0.0000	0.0018	0.0017	0.0001	0.0008	0.0008	0.0000	0.0010	0.0009	0.0001	0.3292	0.2908	0.0385	0.0906	0.0857	0.0050	0.2386	0.2051	0.0335	0.1926	0.1235	0.0692	0.0562	0.0541	0.0021	0.1364	0.0693	0.0670	0.2256	0.1733	0.0000	0.4339	0.4473	0.0000	0.0743	0.0483	0.0000	0.0094	0.0139	0.0014	0.0145	0.0149	0.0048	0.0073	0.0131	0.0013
7	96	0.4713	10	1	1	1	0	0	0	0	0	N	N	N	N	N	N	N	N	N	N	N	N	0.0055	0.0006	2.7278	0.0173	0.0054	3.1957	0.0031	0.0000	0.0313	0.0002	0.0001	0.0013	0.0007	0.0003	0.0103	0.0000	0.0000	0.0000	0.0386	0.1324	0.0005	0.0426	0.0482	0.0032	0.0003	0.0003	0.0002	1.9851	0.0203	0.0000	-0.0008	3.5884	18.5150	2.8705	10.2301	0.0001	0.0000	0.0000	0.0001	0.0000	0.0000	0.0000	0.0000	0.0000	0.0013	0.0012	0.0000	0.0013	0.0012	0.0000	0.0000	0.0000	0.0000	0.2823	0.2511	0.0312	0.0807	0.0769	0.0038	0.2016	0.1742	0.0274	0.1647	0.1104	0.0543	0.0622	0.0581	0.0042	0.1024	0.0523	0.0502	0.0273	0.0070	2.7278	0.0364	0.0121	3.1957	0.0087	0.0000	0.0313	0.0077	0.0113	0.0005	0.0203	0.0215	0.0032	0.0001	0.0000	0.0002
7	97	0.2638	9	1	1	1	0	0	0	0	0	N	N	N	N	N	N	N	N	N	N	N	N	0.0006	0.0005	1209.4425	0.0037	0.0039	0.1775	0.0002	0.0001	3984.1905	0.0010	0.0011	0.0003	0.0027	0.0028	0.0000	0.0003	0.0003	0.0003	1.5210	2.2420	0.0000	0.7203	0.7225	0.0000	2.0068	3.7787	0.0000	0.0306	0.0000	-0.0002	-0.2554	3.5884	46.1140	2.8705	26.4917	0.0006	0.0006	0.0000	0.0004	0.0004	0.0000	0.0001	0.0001	0.0000	0.4064	0.4064	0.0000	0.0105	0.0105	0.0000	0.3959	0.3959	0.0000	0.6081	0.5385	0.0697	0.1689	0.1598	0.0090	0.4393	0.3786	0.0606	0.2857	0.1813	0.1044	0.0793	0.0761	0.0032	0.2063	0.1052	0.1012	0.0007	0.0005	1209.4425	0.0200	0.0203	0.1775	0.0002	0.0001	3984.1905	1.4226	2.2420	0.0000	0.1329	0.1386	0.0000	1.9185	3.7642	0.0000
7	98	0.5242	12	1	1	1	0	0	0	0	0	N	N	N	N	N	N	N	N	N	N	N	N	0.0169	0.9331	0.0000	0.4695	3.6875	0.0000	0.0000	0.0317	0.0000	0.0023	0.0025	0.0000	0.0072	0.0075	0.0000	0.0000	0.0000	0.0000	0.1343	0.0027	0.1173	0.0153	0.0020	0.3016	0.2167	0.0001	0.0672	0.0000	15.2033	-0.0002	0.0005	3.5884	20.7840	2.8705	8.9470	0.0005	0.0005	0.0000	0.0005	0.0005	0.0000	0.0000	0.0000	0.0000	0.0016	0.0001	0.0015	0.0005	0.0001	0.0004	0.0011	0.0000	0.0011	0.2369	0.2108	0.0261	0.0749	0.0711	0.0038	0.1620	0.1397	0.0223	0.1284	0.0895	0.0390	0.0524	0.0493	0.0030	0.0761	0.0401	0.0360	0.1779	2.2564	0.0000	0.7402	3.6875	0.0000	0.0002	9.8351	0.0000	0.0127	0.0011	0.0394	0.0097	0.0020	0.1348	0.0148	0.0000	0.0314
7	99	0.5193	11	1	0	1	0	0	0	0	0	N	N	N	N	N	N	N	N	N	N	N	N	0.0107	0.0091	0.0590	0.0006	0.0007	0.0004	0.3533	2.8939	0.1565	0.0064	0.0068	0.0016	0.0004	0.0004	0.0001	0.0136	0.0154	0.0020	0.5963	0.7420	0.0277	0.6637	0.6310	0.3402	0.0385	0.0053	0.0128	0.0195	0.1058	-0.0001	-0.0008	3.5884	2.7834	2.8705	1.0450	0.0006	0.0005	0.0000	0.0000	0.0000	0.0000	0.0005	0.0005	0.0000	0.0015	0.0014	0.0001	0.0015	0.0014	0.0001	0.0001	0.0000	0.0001	0.0871	0.0806	0.0065	0.0477	0.0465	0.0013	0.0394	0.0341	0.0052	0.0291	0.0182	0.0109	0.0119	0.0116	0.0004	0.0172	0.0066	0.0106	0.1198	0.0876	0.1204	0.0034	0.0035	0.0009	2.4681	74.9039	0.2263	0.0532	0.0771	0.0135	0.1219	0.1211	0.1456	0.0055	0.0002	0.0088
7	100	0.5093	10	1	0	1	0	0	0	0	0	N	N	N	N	N	N	N	N	N	N	N	N	0.0486	0.0485	0.0233	0.0839	0.1073	0.0256	0.0699	0.7148	0.0128	0.0007	0.0008	0.0002	0.0010	0.0010	0.0009	0.0005	0.0005	0.0000	0.0150	0.0160	0.0085	0.0123	0.0096	0.0360	0.0066	0.0007	0.0031	0.0234	0.6649	-0.0000	-0.0001	3.5884	7.6044	2.8705	2.7972	0.0002	0.0001	0.0000	0.0001	0.0001	0.0000	0.0001	0.0001	0.0000	0.0005	0.0003	0.0002	0.0004	0.0003	0.0001	0.0001	0.0000	0.0001	0.2103	0.1925	0.0178	0.0991	0.0959	0.0032	0.1112	0.0966	0.0146	0.0994	0.0667	0.0328	0.0440	0.0411	0.0029	0.0554	0.0256	0.0298	0.1591	0.1895	0.0355	0.1249	0.1552	0.0303	0.2760	100.4813	0.0128	0.0046	0.0041	0.0055	0.0082	0.0067	0.0304	0.0017	0.0000	0.0031
7	101	0.4597	9	1	0	1	0	0	0	0	0	N	N	N	N	N	N	N	N	N	N	N	N	0.0105	0.0096	0.0142	0.0461	0.0641	0.0175	0.0101	0.0015	0.0008	0.0007	0.0007	0.0003	0.0018	0.0018	0.0025	0.0002	0.0002	0.0000	0.0657	0.0767	0.0211	0.0391	0.0276	0.1404	0.0210	0.1640	0.0062	0.0494	0.6027	-0.0000	-0.0004	3.5884	18.4780	2.8705	12.4520	0.0002	0.0002	0.0000	0.0002	0.0002	0.0000	0.0000	0.0000	0.0000	0.0017	0.0011	0.0006	0.0013	0.0009	0.0004	0.0004	0.0001	0.0003	0.2974	0.2651	0.0322	0.0892	0.0854	0.0039	0.2081	0.1798	0.0284	0.1809	0.1220	0.0589	0.0681	0.0637	0.0044	0.1128	0.0584	0.0544	0.0728	0.0841	0.0273	0.0950	0.1210	0.0303	0.0567	0.1044	0.0009	0.0095	0.0088	0.0109	0.0190	0.0146	0.0810	0.0037	0.0024	0.0052
7	102	0.3487	11	1	1	1	0	0	0	0	0	N	N	N	N	N	N	N	N	N	N	N	N	0.6445	0.2597	0.4322	0.9415	0.8962	0.1301	0.1442	0.0279	0.3691	0.0120	0.0131	0.0003	0.0258	0.0271	0.0007	0.0001	0.0001	0.0001	0.0186	0.0506	0.0006	0.0274	0.0302	0.0051	0.0006	0.0031	0.0004	0.0020	0.0415	-0.0024	-0.0007	3.5884	34.1922	2.8705	22.4626	0.0086	0.0085	0.0000	0.0085	0.0085	0.0000	0.0000	0.0000	0.0000	0.0012	0.0012	0.0000	0.0012	0.0012	0.0000	0.0000	0.0000	0.0000	0.7151	0.6500	0.0651	0.3299	0.3144	0.0154	0.3852	0.3356	0.0497	0.2337	0.1547	0.0790	0.0783	0.0745	0.0039	0.1554	0.0803	0.0751	2.3082	1.7476	0.4322	1.7212	1.7437	0.1301	0.4046	0.9584	0.3691	0.0052	0.0075	0.0006	0.0150	0.0155	0.0051	0.0002	0.0001	0.0004
7	103	0.3008	10	1	1	1	0	0	0	0	0	N	N	N	N	N	N	N	N	N	N	N	N	0.0265	0.0722	0.0020	3.3446	3.5613	0.1636	0.0001	0.0000	0.0008	0.0105	0.0117	0.0005	0.0268	0.0281	0.0019	0.0000	0.0000	0.0002	0.3954	0.1615	0.2420	0.0080	0.0079	0.0118	0.5642	0.7535	0.2014	0.0049	2.5553	-0.0011	0.0004	3.5884	22.5884	2.8705	11.0115	0.0040	0.0040	0.0000	0.0040	0.0040	0.0000	0.0000	0.0000	0.0000	0.0042	0.0012	0.0030	0.0003	0.0003	0.0000	0.0039	0.0009	0.0030	0.3822	0.3421	0.0401	0.1496	0.1420	0.0075	0.2327	0.2001	0.0326	0.1497	0.0976	0.0521	0.0493	0.0474	0.0019	0.1004	0.0502	0.0502	0.3751	0.9666	0.0085	4.4582	4.8663	0.1636	0.0008	0.0006	0.0026	0.0280	0.0121	0.0578	0.0060	0.0058	0.0118	0.0388	0.0180	0.0595
7	104	0.2708	9	1	0	1	0	0	0	0	0	N	N	N	N	N	N	N	N	N	N	N	N	0.0206	0.0097	0.0667	0.0474	0.0435	1.0898	0.0023	0.0013	0.0207	0.0006	0.0006	0.0004	0.0015	0.0015	0.0015	0.0000	0.0000	0.0001	0.0288	0.0642	0.0053	0.0315	0.0342	0.0014	0.0103	0.0102	0.0042	0.0677	0.2657	-0.0000	-0.0003	3.5884	11.8100	2.8705	8.7888	0.0001	0.0001	0.0000	0.0001	0.0001	0.0000	0.0000	0.0000	0.0000	0.0006	0.0005	0.0001	0.0005	0.0005	0.0000	0.0001	0.0000	0.0001	0.2008	0.1793	0.0215	0.0782	0.0741	0.0041	0.1227	0.1052	0.0174	0.0957	0.0620	0.0337	0.0304	0.0294	0.0010	0.0654	0.0326	0.0327	0.0879	0.0755	0.0873	0.0905	0.0877	1.0898	0.0105	0.0332	0.0213	0.0068	0.0083	0.0040	0.0165	0.0170	0.0014	0.0023	0.0004	0.0041
7	105	0.2347	8	1	0	1	0	0	0	0	0	N	N	N	N	N	N	N	N	N	N	N	N	0.0924	0.1611	0.0580	0.5653	0.5202	155.9916	0.0076	3.4571	0.0059	0.0017	0.0018	0.0010	0.0056	0.0055	0.0069	0.0002	0.0002	0.0001	0.0184	0.0111	0.0165	0.0099	0.0106	0.0000	0.0278	0.0001	0.0132	0.0711	1.5498	-0.0001	-0.0000	3.5884	14.7392	2.8705	7.3617	0.0004	0.0003	0.0000	0.0003	0.0003	0.0000	0.0000	0.0000	0.0000	0.0005	0.0002	0.0003	0.0002	0.0002	0.0000	0.0003	0.0000	0.0003	0.2066	0.1823	0.0243	0.0572	0.0540	0.0031	0.1494	0.1282	0.0212	0.0960	0.0614	0.0346	0.0283	0.0273	0.0010	0.0677	0.0341	0.0336	0.3291	0.5676	0.1102	0.8123	0.7721	155.9916	0.0477	1208.9208	0.0088	0.0052	0.0032	0.0087	0.0069	0.0071	0.0000	0.0044	0.0000	0.0089
7	106	0.3074	11	1	1	1	0	0	0	0	0	N	N	N	N	N	N	N	N	N	N	N	N	1.8697	1.4868	0.0009	0.1281	0.1283	0.0000	5.6122	535.4302	0.0010	0.0085	0.0096	0.0000	0.0008	0.0009	0.0000	0.0117	0.0136	0.0000	0.0046	0.0065	0.0012	0.0064	0.0067	0.0012	0.0021	0.0000	0.0012	0.0000	0.3547	-0.0007	-0.0001	3.5884	20.0414	2.8705	7.0324	0.0025	0.0025	0.0000	0.0001	0.0001	0.0000	0.0024	0.0024	0.0000	0.0002	0.0002	0.0001	0.0002	0.0002	0.0000	0.0001	0.0000	0.0001	0.2914	0.2579	0.0335	0.0851	0.0807	0.0044	0.2063	0.1772	0.0291	0.1164	0.0723	0.0441	0.0309	0.0296	0.0013	0.0856	0.0428	0.0428	4.7431	4.5118	0.0009	0.1625	0.1659	0.0000	18.7988	200826.6168	0.0010	0.0018	0.0021	0.0012	0.0051	0.0052	0.0012	0.0006	0.0000	0.0012
7	107	0.2973	10	1	0	1	0	0	0	0	0	N	N	N	N	N	N	N	N	N	N	N	N	0.5642	0.3488	1.3077	0.6096	0.5730	48.1425	1.7669	1.8788	0.0051	0.0027	0.0030	0.0007	0.0050	0.0050	0.0041	0.0015	0.0018	0.0000	0.0048	0.0085	0.0006	0.0082	0.0088	0.0001	0.0009	0.0009	0.0006	0.0313	0.1295	-0.0001	-0.0000	3.5884	7.0315	2.8705	1.2144	0.0003	0.0003	0.0000	0.0002	0.0002	0.0000	0.0001	0.0001	0.0000	0.0001	0.0001	0.0000	0.0001	0.0001	0.0000	0.0000	0.0000	0.0000	0.1212	0.1075	0.0137	0.0417	0.0393	0.0024	0.0795	0.0682	0.0113	0.0367	0.0228	0.0140	0.0098	0.0094	0.0004	0.0269	0.0133	0.0135	1.4696	1.1251	1.3077	0.8192	0.7932	48.1425	5.1967	202.4571	0.0051	0.0018	0.0026	0.0006	0.0061	0.0064	0.0001	0.0003	0.0000	0.0006
7	108	0.2638	9	1	0	1	0	0	0	0	0	N	N	N	N	N	N	N	N	N	N	N	N	0.0216	0.0124	0.0296	0.0556	0.0547	1.3738	0.0078	0.0004	0.0290	0.0002	0.0002	0.0000	0.0005	0.0005	0.0000	0.0000	0.0000	0.0000	0.0076	0.0148	0.0007	0.0084	0.0090	0.0000	0.0055	0.1155	0.0008	0.0157	0.1086	-0.0000	-0.0001	3.5884	16.2725	2.8705	4.4748	0.0000	0.0000	0.0000	0.0000	0.0000	0.0000	0.0000	0.0000	0.0000	0.0003	0.0002	0.0000	0.0002	0.0002	0.0000	0.0001	0.0001	0.0000	0.2339	0.2066	0.0273	0.0671	0.0636	0.0035	0.1668	0.1430	0.0238	0.0922	0.0585	0.0337	0.0264	0.0253	0.0012	0.0658	0.0333	0.0325	0.0599	0.0470	0.0296	0.0756	0.0762	1.3738	0.0313	0.0236	0.0290	0.0027	0.0039	0.0007	0.0062	0.0064	0.0000	0.0014	0.0020	0.0008
7	109	0.3165	10	1	1	1	0	0	0	0	0	N	N	N	N	N	N	N	N	N	N	N	N	14.2871	6.3073	0.0056	31.2443	29.1140	0.0004	1.9384	0.9587	0.0085	0.2937	0.3319	0.0000	0.9263	0.9901	0.0000	0.0039	0.0046	0.0000	0.0206	0.0526	0.0015	0.0296	0.0340	0.0049	0.0020	0.0048	0.0011	0.0000	0.0991	-0.0478	-0.0006	3.5884	40.5309	2.8705	14.7974	0.1664	0.1664	0.0000	0.1648	0.1648	0.0000	0.0015	0.0015	0.0000	0.0012	0.0010	0.0001	0.0011	0.0010	0.0000	0.0001	0.0000	0.0001	0.5664	0.5012	0.0652	0.1779	0.1665	0.0115	0.3885	0.3348	0.0537	0.2075	0.1368	0.0707	0.0675	0.0611	0.0064	0.1400	0.0757	0.0643	52.9426	43.3439	0.0056	58.6980	58.5013	0.0004	6.4298	26.3700	0.0085	0.0055	0.0077	0.0015	0.0158	0.0169	0.0049	0.0006	0.0002	0.0011
7	110	0.2906	9	1	1	1	0	0	0	0	0	N	N	N	N	N	N	N	N	N	N	N	N	250.4293	119.5142	22.9438	1133.9825	1023.5341	84.9656	0.6086	0.0325	1.6323	3.7004	4.1309	0.0225	9.7190	10.2358	0.1145	0.0116	0.0132	0.0015	0.0148	0.0346	0.0010	0.0086	0.0100	0.0013	0.0191	0.4060	0.0009	0.0006	0.0769	-0.2391	-0.0002	3.5884	13.5236	2.8705	3.5331	0.8346	0.8341	0.0005	0.8330	0.8325	0.0005	0.0016	0.0016	0.0000	0.0003	0.0003	0.0000	0.0002	0.0002	0.0000	0.0002	0.0001	0.0000	0.2256	0.2019	0.0236	0.0857	0.0813	0.0044	0.1398	0.1206	0.0193	0.0753	0.0505	0.0248	0.0266	0.0242	0.0024	0.0487	0.0263	0.0223	821.0402	662.3809	22.9438	1531.9872	1495.3280	84.9656	3.3108	2.3255	1.6323	0.0045	0.0062	0.0010	0.0063	0.0068	0.0013	0.0035	0.0057	0.0009
7	111	0.2347	8	1	0	1	0	0	0	0	0	N	N	N	N	N	N	N	N	N	N	N	N	0.0077	0.0056	0.0018	1.5113	1.4725	0.0782	0.0001	0.0001	0.0014	0.0252	0.0285	0.0000	0.0900	0.0952	0.0000	0.0004	0.0005	0.0000	3.2772	5.1173	0.0019	0.0595	0.0647	0.0001	4.6250	9.1294	0.0020	0.0000	0.0002	-0.0017	-0.2874	3.5884	16.9399	2.8705	15.9768	0.0059	0.0059	0.0000	0.0059	0.0059	0.0000	0.0001	0.0001	0.0000	0.4576	0.4575	0.0001	0.0011	0.0011	0.0000	0.4565	0.4564	0.0001	0.2362	0.2084	0.0277	0.0653	0.0617	0.0036	0.1709	0.1467	0.0241	0.1396	0.0894	0.0502	0.0409	0.0394	0.0015	0.0987	0.0500	0.0487	0.0077	0.0056	0.0018	3.3850	3.4494	0.0782	0.0001	0.0001	0.0014	3.2772	5.1173	0.0019	0.0266	0.0276	0.0001	4.6250	9.1294	0.0020
7	112	0.3390	12	2	1	1	1	0	0	0	0	Y	N	N	N	N	N	N	N	N	N	N	N	0.0017	0.0011	0.0000	0.0026	0.0026	0.0000	91.3556	inf	0.0000	0.0005	0.0005	0.0000	0.0008	0.0009	0.0000	0.0002	0.0002	0.0000	0.2745	0.4705	0.0000	0.3138	0.3261	0.0000	0.0000	0.0000	0.0000	0.0000	0.0001	-0.0000	-0.0001	3.5884	0.0019	2.8705	1.9928	0.0000	0.0000	0.0000	0.0000	0.0000	0.0000	0.0000	0.0000	0.0000	0.0001	0.0001	0.0000	0.0001	0.0001	0.0000	0.0000	0.0000	0.0000	0.0000	0.0000	0.0000	0.0000	0.0000	0.0000	0.0000	0.0000	0.0000	0.0078	0.0051	0.0028	0.0022	0.0021	0.0001	0.0056	0.0030	0.0026	0.0246	0.0178	0.0000	0.0120	0.0121	0.0000	91.3556	inf	0.0000	0.0191	0.0294	0.0000	0.0671	0.0710	0.0000	0.0000	0.0000	0.0000
7	113	0.3155	11	2	1	1	1	0	0	0	0	Y	N	N	N	N	N	N	N	N	N	N	N	0.9441	6.5572	0.0000	28.6194	28.0885	0.0006	0.0369	95.2248	0.0000	0.5047	0.5653	0.0000	1.3030	1.3690	0.0000	0.0246	0.0287	0.0000	0.5346	0.0862	0.7005	0.0455	0.0487	0.0123	0.6654	0.0003	0.6091	0.0000	6.6543	-0.0203	0.0006	3.5884	8.6942	2.8705	6.0502	0.0706	0.0706	0.0000	0.0685	0.0685	0.0000	0.0021	0.0021	0.0000	0.0026	0.0003	0.0022	0.0003	0.0003	0.0000	0.0022	0.0000	0.0022	0.1399	0.1249	0.0150	0.0526	0.0500	0.0025	0.0874	0.0749	0.0125	0.0586	0.0372	0.0214	0.0163	0.0155	0.0009	0.0423	0.0218	0.0205	11.4349	62.2712	0.0000	61.0659	62.6427	0.0006	0.4642	25173.9627	0.0000	0.0441	0.0091	0.1052	0.0213	0.0219	0.0123	0.0530	0.0000	0.1092
7	114	0.3366	15	1	1	1	1	0	0	0	0	N	N	N	N	N	N	N	N	N	N	N	N	0.0000	0.0000	0.0000	0.0000	0.0000	0.0000	0.0000	0.0000	0.0000	0.0000	0.0000	0.0000	0.0000	0.0000	0.0000	0.0000	0.0000	0.0000	0.0000	0.0000	3.5884	0.0001	2.8705	0.0001	0.0000	0.0000	0.0000	0.0000	0.0000	0.0000	0.0000	0.0000	0.0000	0.0000	0.0000	0.0000	0.0000	0.0000	0.0000	0.0000	0.0000	0.0000	0.0000	0.0000	0.0000	0.0000	0.0000	0.0000	0.0000	0.0000	0.0000	0.0000	0.0000	0.0000	0.0000	0.0000	0.0000	0.0000	0.0000	0.0000	0.0000	0.0000	0.0000	0.0000	0.0000	0.0000	0.0000	0.0000	0.0000	0.0000	0.0000	0.0000	0.0000	0.0000	0.0000	0.0000	0.0000	0.0000											
7	115	0.3299	14	1	1	1	1	0	0	0	0	N	N	N	N	N	N	N	N	N	N	N	N	inf	inf	inf	inf	0.0030	0.0034	0.0000	0.0100	0.0106	0.0000	0.0000	0.0000	0.0000	0.0000	0.0000	0.0000	0.0000	0.0000	0.0000	0.0000	0.0000	0.0000	0.0000	-0.0000	0.0000	3.5884	3.0007	2.8705	1.0012	0.0001	0.0001	0.0000	0.0001	0.0001	0.0000	0.0000	0.0000	0.0000	0.0000	0.0000	0.0000	0.0000	0.0000	0.0000	0.0000	0.0000	0.0000	0.0430	0.0380	0.0050	0.0129	0.0123	0.0007	0.0301	0.0258	0.0043	0.0154	0.0098	0.0056	0.0042	0.0040	0.0002	0.0112	0.0058	0.0054	inf	inf	0.0000	inf	inf	0.0000	0.0000	0.0000	0.0000	0.0000	0.0000	0.0000	0.0000	0.0000	0.0000	0.0000	0.0000	0.0000						
7	116	0.3280	13	1	0	1	1	0	0	0	0	N	N	N	N	N	N	N	N	N	N	N	N	16100831.2032	inf	50220.6012	12290241.7898	inf	11067.7116	inf	inf	6.6882	7.5390	0.0571	18.7193	19.9493	0.2904	0.0000	0.0000	0.0000	0.0000	0.0000	0.0000	0.0000	0.0000	0.0000	0.0000	0.0000	0.0000	0.0010	inf	-0.0338	0.0000	3.5884	1.1177	2.8705	0.0023	0.1180	0.1179	0.0001	0.1180	0.1179	0.0001	0.0000	0.0000	0.0000	0.0000	0.0000	0.0000	0.0000	0.0000	0.0000	0.0000	0.0000	0.0000	0.0176	0.0156	0.0020	0.0063	0.0059	0.0004	0.0113	0.0097	0.0016	0.0043	0.0027	0.0016	0.0012	0.0011	0.0001	0.0032	0.0016	0.0015	16100831.2032	inf	50220.6012	12290241.7898	inf	11067.7116	inf	0.0000	inf	0.0000	0.0000	0.0000	0.0000	0.0000	0.0000	0.0000	0.0000	0.0000	
7	117	0.1443	7	1	1	1	0	0	0	0	0	N	N	N	N	N	N	N	N	N	N	N	N	0.6043	19.1392	0.0000	0.0743	0.0707	0.0401	0.5599	2391.3743	0.0000	2.0869	2.3602	0.0002	0.0046	0.0048	0.0000	2.5413	2.9293	0.0002	3.4535	0.1233	15.4783	0.0619	0.0677	0.0011	4.5392	0.0012	16.7180	0.0000	516.5454	-0.2870	0.3683	3.5884	31.2782	2.8705	23.9277	0.9996	0.9996	0.0000	0.0004	0.0004	0.0000	0.9992	0.9992	0.0000	0.9962	0.0019	0.9943	0.0019	0.0019	0.0000	0.9943	0.0000	0.9943	0.4790	0.4235	0.0555	0.0858	0.0824	0.0034	0.3932	0.3411	0.0521	0.2885	0.1793	0.1091	0.0694	0.0671	0.0023	0.2190	0.1122	0.1068	0.6043	219.8754	0.0000	0.1658	0.1670	0.0401	0.5599	180981.7661	0.0000	3.4535	0.0107	9.1098	0.0277	0.0287	0.0011	4.5392	0.0000	9.3081
7	118	0.3280	13	1	0	2	1	0	0	0	0	N	N	Y	N	N	N	N	N	N	N	N	N	6054.3492	0.0000	inf	10255.3244	0.0000	inf	inf	inf	15.4355	0.0000	133.9657	48.5735	0.0000	859.0096	0.0002	0.0000	0.0016	0.0025	0.0052	0.0000	0.0047	0.0052	0.0000	0.0000	0.0000	0.0000	550790990.2712	0.0000	0.6282	-0.0000	3.5884	3.8827	2.8705	2.9998	0.8813	0.0000	0.8813	0.8813	0.0000	0.8813	0.0000	0.0000	0.0000	0.0000	0.0000	0.0000	0.0000	0.0000	0.0000	0.0000	0.0000	0.0000	0.0571	0.0505	0.0066	0.0181	0.0171	0.0010	0.0390	0.0334	0.0056	0.0264	0.0167	0.0096	0.0072	0.0068	0.0004	0.0192	0.0100	0.0092	13568.0436	0.0000	inf	11656.4350	0.0000	inf	inf	0.0000	inf	0.0011	0.0018	0.0000	0.0042	0.0044	0.0000	0.0000	0.0000	0.0000	
7	119	0.3251	12	1	0	1	1	0	0	0	0	N	N	N	N	N	N	N	N	N	N	N	N	748330.0143	363025.6506	4547026.8384	799499.4952	432485.9354	5473067.5070	19.7346	66.9349	4.9892	2.8298	21.5043	15.6090	8.3127	133.8592	0.0000	0.0000	0.0003	0.0000	0.0000	0.0000	0.0000	0.0000	0.0000	0.0000	0.0000	0.0000	0.9936	0.3532	0.0441	-0.0000	3.5884	2.8083	2.8705	0.0030	0.2085	0.1046	0.1039	0.2085	0.1046	0.1039	0.0000	0.0000	0.0000	0.0000	0.0000	0.0000	0.0000	0.0000	0.0000	0.0000	0.0000	0.0000	0.0418	0.0370	0.0048	0.0134	0.0126	0.0008	0.0284	0.0244	0.0041	0.0109	0.0069	0.0040	0.0030	0.0028	0.0002	0.0079	0.0041	0.0038	748330.0143	363025.6506	4547026.8384	799499.4952	432485.9354	5473067.5070	19.7346	0.0000	66.9349	0.0000	0.0000	0.0000	0.0000	0.0000	0.0000	0.0000	0.0000	0.0000	
7	120	0.3251	12	1	0	2	1	0	0	0	0	N	N	Y	N	N	N	N	N	N	N	N	N	3145531.4635	37.0428	32133535.6547	3812133.7977	46.6337	53506380.0559	128.7780	437.9903	6.4309	0.0001	55.4886	21.3504	0.0003	386.6465	0.0001	0.0000	0.0006	0.0000	0.0000	0.0000	0.0000	0.0000	0.0000	0.0000	0.0000	0.0000	88095.9719	0.4500	0.6278	-0.0000	3.5884	9.6158	2.8705	0.0030	0.8806	0.0000	0.8806	0.8806	0.0000	0.8806	0.0000	0.0000	0.0000	0.0000	0.0000	0.0000	0.0000	0.0000	0.0000	0.0000	0.0000	0.0000	0.1369	0.1211	0.0159	0.0412	0.0390	0.0023	0.0957	0.0821	0.0136	0.0369	0.0233	0.0136	0.0100	0.0095	0.0006	0.0268	0.0139	0.0130	3145531.4635	37.0428	32133535.6547	3812133.7977	46.6337	53506380.0559	128.7780	0.0000	437.9903	0.0000	0.0000	0.0000	0.0000	0.0000	0.0000	0.0000	0.0000	0.0000	
7	121	0.3155	11	1	0	1	1	0	0	0	0	N	N	N	N	N	N	N	N	N	N	N	N	3.0739	90.3169	8.3675	532.4591	185.9098	15120.5180	0.0535	298.0068	0.0241	2.1961	0.8749	14.2302	4.8218	1.7808	69.4458	0.0475	0.0488	0.0395	0.7144	0.0097	1.7007	0.0091	0.0096	0.0046	0.8882	0.0002	1.6391	1.7855	43.9469	0.0610	0.0008	3.5884	4.2457	2.8705	2.0144	0.1724	0.0619	0.1105	0.1703	0.0601	0.1102	0.0020	0.0018	0.0002	0.0022	0.0000	0.0022	0.0001	0.0000	0.0000	0.0021	0.0000	0.0021	0.0785	0.0707	0.0078	0.0353	0.0337	0.0016	0.0432	0.0370	0.0062	0.0267	0.0170	0.0097	0.0078	0.0074	0.0004	0.0189	0.0097	0.0093	26.6457	304.4792	63.9052	737.9353	268.4026	15120.5180	0.4183	90644.9568	0.1706	0.0824	0.0029	0.2227	0.0065	0.0066	0.0046	0.1135	0.0000	0.2317
7	122	0.2733	10	1	0	1	1	0	0	0	0	N	N	N	N	N	N	N	N	N	N	N	N	0.5536	577.4597	0.0895	0.3951	0.4568	0.0738	0.6108	10390.7600	0.0967	5.2960	5.5425	3.2966	0.0046	0.0047	0.0030	8.0217	8.7139	3.8513	9.5665	0.0096	36.8395	0.0116	0.0102	0.0409	13.1342	0.0008	39.8382	0.0733	5325.7515	-0.2182	0.3685	3.5884	11.9190	2.8705	13.1740	0.9973	0.9291	0.0681	0.0003	0.0003	0.0000	0.9970	0.9289	0.0681	0.9920	0.0002	0.9918	0.0002	0.0002	0.0000	0.9918	0.0000	0.9918	0.1883	0.1676	0.0207	0.0640	0.0610	0.0030	0.1243	0.1066	0.0177	0.1037	0.0652	0.0385	0.0282	0.0270	0.0012	0.0755	0.0382	0.0373	0.5536	1940.4960	0.1279	0.5734	0.6788	0.0892	0.6108	1233842.9325	0.1449	9.5665	0.0029	25.7651	0.0080	0.0069	0.0338	13.1342	0.0000	26.5824
7	123	0.5195	12	1	0	2	1	0	0	0	0	N	N	Y	N	N	N	N	N	N	N	N	N	0.2728	0.1584	0.0000	0.6083	0.5717	0.0000	0.0000	0.0000	0.0000	0.0003	0.0003	0.0000	0.0008	0.0008	0.0000	0.0000	0.0000	0.0000	0.0010	0.0018	0.0000	0.0013	0.0014	0.0000	0.0003	0.0051	0.0000	0.0000	0.0041	-0.0000	-0.0000	3.5884	12.8936	2.8705	4.1514	0.0000	0.0000	0.0000	0.0000	0.0000	0.0000	0.0000	0.0000	0.0000	0.0000	0.0000	0.0000	0.0000	0.0000	0.0000	0.0000	0.0000	0.0000	0.1928	0.1718	0.0210	0.0653	0.0624	0.0030	0.1275	0.1095	0.0180	0.0796	0.0535	0.0262	0.0325	0.0291	0.0033	0.0472	0.0244	0.0228	0.4522	0.3422	0.0000	0.6083	0.5717	0.0000	0.0000	0.0000	0.0000	0.0006	0.0009	0.0000	0.0013	0.0014	0.0000	0.0001	0.0002	0.0000
7	124	0.2886	11	1	1	1	0	0	0	0	0	N	N	N	N	N	N	N	N	N	N	N	N	290.3565	96.3656	130.7599	488.6454	469.0598	345.6462	3.2645	0.0000	22.4909	5.3511	6.0550	0.0020	18.6936	19.6872	0.0139	0.0000	0.0000	0.0003	0.0184	0.0628	0.0000	0.0383	0.0420	0.0000	0.0000	0.0007	0.0000	0.0000	0.0011	-0.2857	-0.0003	3.5884	12.7386	2.8705	8.7370	0.9953	0.9953	0.0000	0.9953	0.9953	0.0000	0.0000	0.0000	0.0000	0.0005	0.0005	0.0000	0.0005	0.0005	0.0000	0.0000	0.0000	0.0000	0.1860	0.1644	0.0216	0.0532	0.0506	0.0027	0.1328	0.1138	0.0189	0.0905	0.0570	0.0335	0.0249	0.0239	0.0010	0.0656	0.0332	0.0324	1038.6916	741.6273	130.7599	1000.1337	1009.3394	345.6462	4.8933	0.0069	22.4909	0.0052	0.0082	0.0000	0.0187	0.0195	0.0000	0.0000	0.0000	0.0000
7	125	0.2733	10	1	1	1	0	0	0	0	0	N	N	N	N	N	N	N	N	N	N	N	N	0.1884	0.0519	31.8163	0.2903	0.3021	5.1827	2.7289	0.0000	39.8848	0.0280	0.0172	0.1176	0.0429	0.0443	0.0135	0.0195	0.0000	0.1362	0.1485	0.3323	0.0037	0.1477	0.1465	0.0026	0.0071	0.0046	0.0034	0.8187	0.1042	0.0007	-0.0003	3.5884	8.6431	2.8705	1.4782	0.0040	0.0022	0.0018	0.0023	0.0022	0.0000	0.0018	0.0000	0.0018	0.0006	0.0005	0.0001	0.0005	0.0005	0.0000	0.0001	0.0000	0.0001	0.1442	0.1287	0.0154	0.0525	0.0501	0.0023	0.0917	0.0786	0.0131	0.0439	0.0275	0.0164	0.0122	0.0117	0.0005	0.0318	0.0159	0.0159	2.0881	0.8902	34.6943	0.9801	0.9726	5.1827	10.8574	0.0004	39.8848	0.0134	0.0194	0.0034	0.0438	0.0455	0.0026	0.0018	0.0002	0.0034
7	126	0.2638	9	1	0	1	0	0	0	0	0	N	N	N	N	N	N	N	N	N	N	N	N	0.0115	0.7092	0.0223	2.0864	1.7793	73.5623	0.0065	0.0470	0.0187	0.0030	0.0028	0.0038	0.0033	0.0029	0.0101	0.0028	0.0028	0.0029	0.2562	0.0040	0.1728	0.0016	0.0016	0.0001	0.4311	0.0596	0.1570	0.1792	17.6040	-0.0000	0.0002	3.5884	4.1618	2.8705	2.0491	0.0002	0.0002	0.0000	0.0001	0.0001	0.0000	0.0001	0.0001	0.0000	0.0006	0.0000	0.0005	0.0000	0.0000	0.0000	0.0006	0.0000	0.0005	0.0668	0.0590	0.0078	0.0206	0.0197	0.0010	0.0462	0.0393	0.0068	0.0317	0.0205	0.0112	0.0100	0.0095	0.0005	0.0216	0.0109	0.0107	0.1622	1.8742	0.0788	2.0864	1.7793	73.5623	0.1086	1.9923	0.0575	0.0182	0.0015	0.0488	0.0016	0.0016	0.0001	0.0259	0.0014	0.0511
7	127	0.2347	8	1	0	1	0	0	0	0	0	N	N	N	N	N	N	N	N	N	N	N	N	0.0013	0.0187	0.0053	0.3761	0.3836	0.0000	0.0003	0.0000	0.0066	0.0003	0.0002	0.0006	0.0008	0.0008	0.0000	0.0001	0.0000	0.0007	0.2212	0.0132	0.1185	0.0020	0.0021	0.0000	0.3757	0.3452	0.1099	0.3418	6.2900	-0.0000	0.0003	3.5884	9.4810	2.8705	7.4917	0.0000	0.0000	0.0000	0.0000	0.0000	0.0000	0.0000	0.0000	0.0000	0.0012	0.0002	0.0011	0.0000	0.0000	0.0000	0.0012	0.0001	0.0011	0.1345	0.1187	0.0159	0.0374	0.0353	0.0021	0.0972	0.0833	0.0138	0.0748	0.0477	0.0270	0.0221	0.0213	0.0008	0.0526	0.0264	0.0262	0.0176	0.0692	0.0159	0.3761	0.3836	0.0000	0.0047	0.0012	0.0177	0.0166	0.0036	0.0396	0.0020	0.0021	0.0000	0.0227	0.0047	0.0408
7	128	0.5318	13	2	1	1	0	0	0	0	0	Y	N	N	N	N	N	N	N	N	N	N	N	0.0012	0.0000	48.0897	0.0000	0.0000	7.2500	0.0000	52.5223	0.0000	0.0000	0.0000	0.0000	0.0000	0.0000	0.0000	0.0000	0.0000	0.0009	0.0016	0.0000	0.0013	0.0014	0.0000	0.0000	0.0001	0.0000	inf	0.0001	0.0000	-0.0000	3.5884	2.0107	2.8705	1.9995	0.0000	0.0000	0.0000	0.0000	0.0000	0.0000	0.0000	0.0000	0.0000	0.0000	0.0000	0.0000	0.0000	0.0000	0.0000	0.0000	0.0000	0.0000	0.0302	0.0268	0.0034	0.0098	0.0093	0.0005	0.0204	0.0175	0.0029	0.0191	0.0130	0.0061	0.0079	0.0071	0.0008	0.0112	0.0058	0.0053	0.0020	0.0000	48.0897	0.0000	0.0000	0.0000	7.2500	0.0000	52.5223	0.0005	0.0008	0.0000	0.0013	0.0014	0.0000	0.0000	0.0000	0.0000	
7	129	0.5195	12	2	1	1	0	0	0	0	0	Y	N	N	N	N	N	N	N	N	N	N	N	0.0001	0.0000	0.0000	0.0002	0.0002	0.0000	0.0000	0.0000	0.0000	0.0000	0.0000	0.0000	0.0000	0.0000	0.0000	0.0000	0.0000	0.0053	0.0105	0.0000	0.0055	0.0065	0.0000	0.0007	0.0123	0.0000	0.0157	0.0024	-0.0000	-0.0000	3.5884	5.6459	2.8705	1.1399	0.0000	0.0000	0.0000	0.0000	0.0000	0.0000	0.0000	0.0000	0.0000	0.0001	0.0001	0.0000	0.0001	0.0001	0.0000	0.0000	0.0000	0.0000	0.0902	0.0806	0.0095	0.0334	0.0319	0.0014	0.0568	0.0487	0.0081	0.0325	0.0218	0.0107	0.0133	0.0119	0.0014	0.0192	0.0099	0.0093	0.0002	0.0001	0.0000	0.0002	0.0002	0.0000	0.0000	0.0000	0.0000	0.0020	0.0030	0.0000	0.0046	0.0051	0.0000	0.0003	0.0005	0.0000	
7	130	0.4892	11	1	0	1	0	0	0	0	0	N	N	N	N	N	N	N	N	N	N	N	N	0.0004	0.0000	9.8405	0.0006	0.0006	0.0050	0.0004	0.0000	13.3504	0.0019	0.0002	0.0168	0.0005	0.0005	0.0000	0.0026	0.0000	0.0191	4.1364	6.1592	0.0017	0.8939	0.9242	0.0043	6.9993	14.2981	0.0014	8.9376	0.0001	0.0003	-0.2918	3.5884	11.6079	2.8705	5.3766	0.0004	0.0000	0.0004	0.0000	0.0000	0.0000	0.0004	0.0000	0.0004	0.4645	0.4644	0.0001	0.0080	0.0080	0.0000	0.4565	0.4564	0.0000	0.2400	0.2162	0.0238	0.0871	0.0842	0.0029	0.1529	0.1320	0.0209	0.1123	0.0754	0.0369	0.0471	0.0435	0.0036	0.0652	0.0319	0.0333	0.0004	0.0000	9.8405	0.0030	0.0029	0.0050	0.0004	0.0000	13.3504	4.1364	6.1592	0.0017	0.1697	0.1833	0.0043	6.9993	14.2981	0.0014
7	131	0.4713	10	1	0	1	0	0	0	0	0	N	N	N	N	N	N	N	N	N	N	N	N	0.0029	0.0017	0.0985	0.0764	0.0730	0.1939	0.0000	0.0000	0.0054	0.0007	0.0007	0.0014	0.0021	0.0018	0.0103	0.0000	0.0000	0.0000	0.2522	0.3791	0.0146	0.0277	0.0244	0.0533	0.3210	0.9452	0.0066	0.2409	0.1681	-0.0000	-0.0008	3.5884	3.9355	2.8705	8.7078	0.0001	0.0000	0.0000	0.0001	0.0000	0.0000	0.0000	0.0000	0.0000	0.0017	0.0014	0.0002	0.0006	0.0005	0.0001	0.0011	0.0010	0.0001	0.0771	0.0695	0.0076	0.0264	0.0253	0.0010	0.0507	0.0442	0.0066	0.0928	0.0631	0.0297	0.0377	0.0355	0.0023	0.0550	0.0276	0.0274	0.0406	0.0288	0.1774	0.1402	0.1323	0.2532	0.0006	0.0003	0.0066	0.0181	0.0227	0.0081	0.0151	0.0135	0.0408	0.0201	0.0346	0.0054
7	132	0.4597	9	1	0	1	0	0	0	0	0	N	N	N	N	N	N	N	N	N	N	N	N	0.0097	0.0090	0.0575	0.0373	0.0372	0.0711	0.0050	0.0078	0.0020	0.0004	0.0003	0.0014	0.0010	0.0007	0.0104	0.0001	0.0001	0.0000	0.0449	0.0364	0.0244	0.0273	0.0181	0.1457	0.0192	0.0139	0.0086	0.4609	0.8551	0.0000	-0.0001	3.5884	6.2657	2.8705	3.9760	0.0001	0.0000	0.0000	0.0000	0.0000	0.0000	0.0000	0.0000	0.0000	0.0007	0.0004	0.0003	0.0005	0.0004	0.0002	0.0002	0.0000	0.0002	0.1275	0.1150	0.0125	0.0466	0.0449	0.0017	0.0809	0.0701	0.0108	0.0882	0.0612	0.0270	0.0371	0.0350	0.0020	0.0512	0.0262	0.0250	0.0526	0.0513	0.1127	0.0689	0.0621	0.1247	0.0276	0.2147	0.0026	0.0082	0.0064	0.0124	0.0148	0.0108	0.0831	0.0035	0.0005	0.0067
7	133	0.3824	8	1	0	1	0	0	0	0	0	N	N	N	N	N	N	N	N	N	N	N	N	0.0255	0.2042	0.0016	0.2784	1.0677	0.0020	0.0011	0.1106	0.0001	0.0088	0.0098	0.0004	0.0272	0.0285	0.0026	0.0003	0.0003	0.0000	0.3444	0.0479	0.2183	0.0979	0.0267	1.2838	0.2491	0.0028	0.0728	0.0044	3.8052	-0.0011	0.0010	3.5884	26.7012	2.8705	18.2690	0.0038	0.0038	0.0000	0.0037	0.0037	0.0000	0.0001	0.0001	0.0000	0.0061	0.0013	0.0048	0.0033	0.0013	0.0021	0.0028	0.0000	0.0027	0.4359	0.3889	0.0470	0.1374	0.1310	0.0065	0.2985	0.2580	0.0405	0.2628	0.1739	0.0889	0.0939	0.0879	0.0060	0.1689	0.0861	0.0829	0.3798	1.3478	0.0066	0.7713	1.9904	0.0075	0.0162	3.9561	0.0002	0.0231	0.0073	0.0541	0.0353	0.0143	0.3433	0.0163	0.0001	0.0332
7	134	0.1443	7	1	0	1	0	0	0	0	0	N	N	N	N	N	N	N	N	N	N	N	N	0.9836	10.1645	0.0001	14.0091	268.2092	0.0003	0.0020	0.0057	0.0000	1.1910	1.3483	0.0004	7.3965	7.7335	0.0044	0.0029	0.0033	0.0001	1.2109	0.1326	4.6237	0.5280	0.0288	16.8457	1.4549	0.5783	4.8887	0.0000	108.9353	-0.2863	0.1472	3.5884	61.4372	2.8705	55.8589	0.9973	0.9972	0.0000	0.9952	0.9952	0.0000	0.0020	0.0020	0.0000	0.4060	0.0037	0.4023	0.0120	0.0018	0.0102	0.3940	0.0019	0.3921	0.8373	0.7396	0.0977	0.1346	0.1287	0.0059	0.7028	0.6109	0.0918	0.5211	0.3258	0.1953	0.1219	0.1175	0.0044	0.3992	0.2083	0.1909	1.5286	118.9284	0.0002	75.1922	515.2148	0.0019	0.0029	0.3537	0.0001	0.7791	0.0113	2.0596	0.0984	0.0150	2.3272	0.9870	0.0093	2.0535
8	9	0.2730	10	2	1	1	1	0	0	0	0	Y	N	N	N	N	N	N	N	N	N	N	N	0.0313	0.0198	0.0000	0.0000	inf	inf	0.0000	0.0000	0.0000	0.0000	0.0000	0.0000	0.0000	0.0000	0.0000	0.0001	0.0002	0.0000	0.0004	0.0005	0.0000	0.0000	0.0000	0.0000	0.0000	0.0000	-0.0000	-0.0000	0.9985	6.0952	0.0096	6.8339	0.0000	0.0000	0.0000	0.0000	0.0000	0.0000	0.0000	0.0000	0.0000	0.0000	0.0000	0.0000	0.0000	0.0000	0.0000	0.0000	0.0000	0.0000	0.0320	0.0286	0.0034	0.0116	0.0109	0.0007	0.0204	0.0177	0.0027	0.0084	0.0050	0.0034	0.0020	0.0018	0.0002	0.0064	0.0032	0.0032	0.0313	0.0208	0.0000	0.0000	0.0000	0.0000	inf	inf	0.0000	0.0001	0.0002	0.0000	0.0004	0.0005	0.0000	0.0000	0.0000	0.0000			
8	10	0.1637	9	1	1	1	1	0	0	0	0	N	N	N	N	N	N	N	N	N	N	N	N	0.0000	0.0000	0.0000	0.0000	0.0000	0.0000	0.0000	0.0000	0.0000	0.0000	0.0000	0.0000	0.0000	0.0000	0.0001	0.0000	0.0002	0.0002	0.0000	0.0000	0.0000	0.0000	0.0000	0.0000	-0.0000	0.9985	1.9784	0.0096	5.0323	0.0000	0.0000	0.0000	0.0000	0.0000	0.0000	0.0000	0.0000	0.0000	0.0000	0.0000	0.0000	0.0000	0.0000	0.0000	0.0000	0.0000	0.0000	0.0124	0.0110	0.0014	0.0036	0.0034	0.0002	0.0088	0.0076	0.0012	0.0045	0.0027	0.0019	0.0010	0.0009	0.0001	0.0035	0.0018	0.0018	0.0000	0.0000	0.0000	0.0000	0.0000	0.0000	0.0000	0.0000	0.0000	0.0000	0.0001	0.0000	0.0002	0.0002	0.0000	0.0000	0.0000	0.0000						
8	11	0.1738	7	1	1	1	1	0	0	0	0	N	N	N	N	N	N	N	N	N	N	N	N	0.9626	2.0253	0.0000	0.7616	2.2961	0.0000	inf	inf	0.0000	0.0000	0.0000	0.0000	0.0000	0.0000	0.0000	0.0000	0.0000	0.0000	0.0000	0.0000	0.0000	0.0000	0.0001	0.0000	0.0000	0.0000	0.0000	2.1881	-0.0000	0.0000	0.9985	39.9843	0.0096	13.6191	0.0000	0.0000	0.0000	0.0000	0.0000	0.0000	0.0000	0.0000	0.0000	0.0000	0.0000	0.0000	0.0000	0.0000	0.0000	0.0000	0.0000	0.0000	0.1583	0.1390	0.0192	0.0232	0.0219	0.0013	0.1350	0.1172	0.0179	0.0300	0.0174	0.0126	0.0059	0.0053	0.0006	0.0241	0.0121	0.0119	0.9626	2.0253	0.0000	0.7616	2.2961	0.0000	inf	inf	0.0000	0.0000	0.0000	0.0000	0.0000	0.0000	0.0001	0.0000	0.0000	0.0000	
8	12	0.2355	7	2	2	0	1	0	0	0	0	Y	Y	N	N	N	N	N	N	N	N	N	N	76173.8866	37162.8395	0.5724	0.5617	inf	inf	13.7881	15.5952	0.0000	0.0005	0.0006	0.0000	18.6441	21.5108	0.0000	0.0002	0.0004	0.0000	0.0009	0.0010	0.0000	0.0000	0.0000	0.0000	0.0000	0.0000	-0.2865	-0.0000	0.9985	16.7672	0.0096	6.4850	0.9978	0.9978	0.0000	0.0000	0.0000	0.0000	0.9978	0.9978	0.0000	0.0000	0.0000	0.0000	0.0000	0.0000	0.0000	0.0000	0.0000	0.0000	0.0724	0.0640	0.0084	0.0188	0.0176	0.0013	0.0535	0.0464	0.0071	0.0142	0.0080	0.0062	0.0028	0.0025	0.0002	0.0114	0.0054	0.0059	76173.8866	48577.7441	0.0000	0.5724	0.5617	0.0000	inf	inf	0.0000	0.0002	0.0003	0.0000	0.0009	0.0010	0.0000	0.0000	0.0000	0.0000			
8	13	0.0414	6	1	1	1	2	0	0	0	0	N	N	N	Y	N	N	N	N	N	N	N	N	0.0000	0.0000	0.0000	0.0000	0.0000	0.0000	0.0000	0.0000	0.0000	0.0000	0.0000	0.0000	0.0000	0.0000	0.0000	0.0000	0.0000	0.0000	0.0000	0.0000	0.9985	0.0001	0.0096	1.0001	0.0000	0.0000	0.0000	0.0000	0.0000	0.0000	0.0000	0.0000	0.0000	0.0000	0.0000	0.0000	0.0000	0.0000	0.0000	0.0000	0.0000	0.0000	0.0000	0.0000	0.0000	0.0000	0.0000	0.0000	0.0000	0.0000	0.0000	0.0007	0.0004	0.0003	0.0001	0.0001	0.0000	0.0006	0.0003	0.0003	0.0000	0.0000	0.0000	0.0000	0.0000	0.0000	0.0000	0.0000	0.0000	0.0000	0.0000	0.0000	0.0000	0.0000	0.0000	0.0000	0.0000	0.0000											
8	14	0.2606	9	1	2	0	1	0	0	0	0	N	Y	N	N	N	N	N	N	N	N	N	N	704.9456	440.8854	537.9766	509.3953	0.0005	0.0006	0.0000	0.0021	0.0022	0.0000	0.0000	0.0000	0.0000	0.0000	0.0000	0.0000	0.0000	0.0000	0.0000	0.0000	0.0000	0.0000	0.0000	0.0000	-0.0000	-0.0000	0.9985	20.9564	0.0096	6.0714	0.0000	0.0000	0.0000	0.0000	0.0000	0.0000	0.0000	0.0000	0.0000	0.0000	0.0000	0.0000	0.0000	0.0000	0.0000	0.0000	0.0000	0.0000	0.0820	0.0724	0.0096	0.0190	0.0178	0.0012	0.0630	0.0545	0.0084	0.0142	0.0078	0.0063	0.0025	0.0022	0.0003	0.0117	0.0056	0.0061	704.9456	440.8854	0.0000	537.9766	509.3953	0.0000	0.0000	0.0000	0.0000	0.0000	0.0000	0.0000	0.0000	0.0000	0.0000	0.0000	0.0000	0.0000					
8	15	0.0414	6	1	1	0	2	0	0	0	0	N	N	N	Y	N	N	N	N	N	N	N	N	0.0000	0.0000	0.0000	0.0000	0.0000	0.0000	0.0000	0.0000	0.0000	0.0000	0.0000	0.0000	0.0000	0.0000	0.0000	0.0000	0.0000	0.0000	0.0000	0.0000	0.9985	0.0001	0.0096	6.0018	0.0000	0.0000	0.0000	0.0000	0.0000	0.0000	0.0000	0.0000	0.0000	0.0000	0.0000	0.0000	0.0000	0.0000	0.0000	0.0000	0.0000	0.0000	0.0000	0.0000	0.0000	0.0000	0.0000	0.0000	0.0000	0.0000	0.0000	0.0039	0.0021	0.0018	0.0003	0.0003	0.0000	0.0036	0.0018	0.0018	0.0000	0.0000	0.0000	0.0000	0.0000	0.0000	0.0000	0.0000	0.0000	0.0000	0.0000	0.0000	0.0000	0.0000	0.0000	0.0000	0.0000	0.0000											
8	16	0.0396	5	1	1	0	2	0	0	0	0	N	N	N	Y	N	N	N	N	N	N	N	N	0.0000	0.0000	0.0000	0.0000	0.0000	0.0000	0.0000	0.0000	0.0000	0.0000	0.0000	0.0000	0.0000	0.0001	0.0002	0.0000	0.0011	0.0011	0.0000	0.0000	0.0000	0.0000	0.0000	0.0000	-0.0000	0.9985	1.0007	0.0096	1.0009	0.0000	0.0000	0.0000	0.0000	0.0000	0.0000	0.0000	0.0000	0.0000	0.0000	0.0000	0.0000	0.0000	0.0000	0.0000	0.0000	0.0000	0.0000	0.0044	0.0038	0.0006	0.0003	0.0003	0.0000	0.0041	0.0035	0.0005	0.0013	0.0007	0.0006	0.0001	0.0001	0.0000	0.0012	0.0006	0.0006	0.0000	0.0000	0.0000	0.0000	0.0000	0.0000	0.0000	0.0000	0.0000	0.0001	0.0002	0.0000	0.0011	0.0011	0.0000	0.0000	0.0000	0.0000						
8	17	0.4322	13	1	2	0	2	0	0	0	0	N	Y	N	Y	N	N	N	N	N	N	N	N	0.0000	0.0000	0.0000	0.0000	0.0000	0.0000	0.0000	0.0000	0.0000	0.0000	0.0000	0.0000	0.0000	0.0000	0.0000	0.0000	0.0000	0.0000	0.0000	0.0000	0.0000	0.0000	0.0000	0.0000	0.0000	0.5714	0.0000	-0.0000	0.9985	8.1476	0.0096	4.0573	0.0000	0.0000	0.0000	0.0000	0.0000	0.0000	0.0000	0.0000	0.0000	0.0000	0.0000	0.0000	0.0000	0.0000	0.0000	0.0000	0.0000	0.0000	0.0343	0.0305	0.0038	0.0114	0.0106	0.0008	0.0229	0.0198	0.0030	0.0057	0.0034	0.0022	0.0014	0.0012	0.0002	0.0042	0.0022	0.0020	0.0000	0.0000	0.0000	0.0000	0.0000	0.0000	0.0000	0.0000	0.0000	0.0000	0.0000	0.0000	0.0000	0.0000	0.0000	0.0000	0.0000	0.0000			
8	18	0.1359	7	1	2	0	1	0	0	0	0	N	Y	N	N	N	N	N	N	N	N	N	N	0.0000	0.0000	0.0000	0.0000	0.0000	0.0000	0.0000	0.0000	0.0000	0.0000	0.0000	0.0000	0.0000	0.0000	0.0000	0.0000	0.0000	0.0000	0.0000	0.0000	0.0000	0.0000	0.0000	0.0000	-0.0000	0.9985	12.7610	0.0096	15.2058	0.0000	0.0000	0.0000	0.0000	0.0000	0.0000	0.0000	0.0000	0.0000	0.0000	0.0000	0.0000	0.0000	0.0000	0.0000	0.0000	0.0000	0.0000	0.0557	0.0488	0.0069	0.0110	0.0104	0.0006	0.0447	0.0384	0.0063	0.0167	0.0093	0.0074	0.0029	0.0027	0.0003	0.0137	0.0066	0.0072	0.0000	0.0000	0.0000	0.0000	0.0000	0.0000	0.0000	0.0000	0.0000	0.0000	0.0000	0.0000	0.0000	0.0000	0.0000	0.0000	0.0000	0.0000						
8	19	0.0463	6	1	2	0	2	0	0	0	0	N	Y	N	Y	N	N	N	N	N	N	N	N	0.0000	0.0000	0.0000	0.0000	0.0000	0.0000	0.0000	0.0000	0.0000	0.0000	0.0000	0.0000	0.0000	0.0000	0.0000	0.0000	0.0000	0.0000	0.0000	0.0000	0.9985	3.0000	0.0096	1.0000	0.0000	0.0000	0.0000	0.0000	0.0000	0.0000	0.0000	0.0000	0.0000	0.0000	0.0000	0.0000	0.0000	0.0000	0.0000	0.0000	0.0000	0.0000	0.0130	0.0113	0.0017	0.0010	0.0009	0.0001	0.0120	0.0104	0.0016	0.0026	0.0014	0.0012	0.0002	0.0002	0.0000	0.0024	0.0012	0.0012	0.0000	0.0000	0.0000	0.0000	0.0000	0.0000	0.0000	0.0000	0.0000	0.0000	0.0000	0.0000	0.0000	0.0000	0.0000	0.0000	0.0000	0.0000											
8	20	0.5716	11	1	2	0	2	0	0	0	0	N	Y	N	Y	N	N	N	N	N	N	N	N	0.0000	0.0000	0.0000	0.0000	0.0000	0.0000	0.0000	0.0000	0.0000	0.0000	0.0000	0.0000	0.0000	0.0000	0.0000	0.0000	0.0000	0.0000	0.0000	0.0000	0.0000	0.0000	0.0000	0.0000	-0.0000	0.9985	9.0824	0.0096	4.8637	0.0000	0.0000	0.0000	0.0000	0.0000	0.0000	0.0000	0.0000	0.0000	0.0000	0.0000	0.0000	0.0000	0.0000	0.0000	0.0000	0.0000	0.0000	0.0407	0.0366	0.0041	0.0155	0.0146	0.0008	0.0252	0.0219	0.0033	0.0062	0.0039	0.0024	0.0019	0.0017	0.0002	0.0043	0.0022	0.0022	0.0000	0.0000	0.0000	0.0000	0.0000	0.0000	0.0000	0.0000	0.0000	0.0000	0.0000	0.0000	0.0000	0.0000	0.0000	0.0000	0.0000	0.0000						
8	21	0.1914	8	2	2	0	1	0	0	0	0	Y	Y	N	N	N	N	N	N	N	N	N	N	1.0259	1.5310	0.0000	1.2602	2.7983	0.0000	inf	inf	0.0000	0.0000	0.0000	0.0001	0.0001	0.0000	0.0000	0.0000	0.0000	0.0000	0.0000	0.0000	0.0000	0.0000	0.0002	0.0000	0.0000	0.0000	0.0000	1.3361	-0.0000	-0.0000	0.9985	5.0072	0.0096	8.1033	0.0000	0.0000	0.0000	0.0000	0.0000	0.0000	0.0000	0.0000	0.0000	0.0000	0.0000	0.0000	0.0000	0.0000	0.0000	0.0000	0.0000	0.0000	0.0212	0.0185	0.0027	0.0034	0.0032	0.0002	0.0178	0.0153	0.0025	0.0087	0.0049	0.0039	0.0020	0.0018	0.0002	0.0068	0.0031	0.0036	1.0259	1.5310	0.0000	1.2602	2.7983	0.0000	inf	inf	0.0000	0.0000	0.0000	0.0000	0.0000	0.0000	0.0002	0.0000	0.0000	0.0000	
8	22	0.0826	4	1	2	0	1	0	0	0	0	N	Y	N	N	N	N	N	N	N	N	N	N	6.5556	4.0438	7.1413	6.8009	0.0000	0.0000	0.0000	0.0001	0.0001	0.0000	0.0000	0.0000	0.0000	0.0000	0.0000	0.0000	0.0000	0.0000	0.0000	0.0000	0.0000	0.0000	0.0000	0.0000	-0.0000	-0.0000	0.9985	17.0533	0.0096	10.0403	0.0000	0.0000	0.0000	0.0000	0.0000	0.0000	0.0000	0.0000	0.0000	0.0000	0.0000	0.0000	0.0000	0.0000	0.0000	0.0000	0.0000	0.0000	0.0742	0.0651	0.0091	0.0086	0.0082	0.0004	0.0657	0.0569	0.0087	0.0167	0.0090	0.0077	0.0021	0.0019	0.0002	0.0146	0.0071	0.0075	6.5556	4.0438	0.0000	7.1413	6.8009	0.0000	0.0000	0.0000	0.0000	0.0000	0.0000	0.0000	0.0000	0.0000	0.0000	0.0000	0.0000	0.0000					
8	23	0.4322	13	1	1	0	2	0	0	0	0	N	N	N	Y	N	N	N	N	N	N	N	N	0.0000	0.0000	0.0000	0.0000	0.0000	0.0000	0.0000	0.0000	0.0000	0.0000	0.0000	0.0000	0.0000	0.0000	0.0000	0.0000	0.0000	0.0000	0.0000	0.0000	0.0000	0.0000	0.0000	0.0000	0.0000	0.5714	0.0000	-0.0000	0.9985	2.8591	0.0096	0.9679	0.0000	0.0000	0.0000	0.0000	0.0000	0.0000	0.0000	0.0000	0.0000	0.0000	0.0000	0.0000	0.0000	0.0000	0.0000	0.0000	0.0000	0.0000	0.0126	0.0112	0.0014	0.0043	0.0040	0.0003	0.0083	0.0072	0.0011	0.0019	0.0011	0.0008	0.0005	0.0004	0.0001	0.0014	0.0007	0.0007	0.0000	0.0000	0.0000	0.0000	0.0000	0.0000	0.0000	0.0000	0.0000	0.0000	0.0000	0.0000	0.0000	0.0000	0.0000	0.0000	0.0000	0.0000			
8	24	0.4060	12	1	1	0	2	0	0	0	0	N	N	N	Y	N	N	N	N	N	N	N	N	0.0000	0.0000	0.0000	0.0000	0.0000	0.0000	0.0000	0.0000	0.0000	0.0000	0.0000	0.0000	0.0000	0.0000	0.0000	0.0000	0.0000	0.0000	0.0001	0.0000	0.0000	0.0000	0.0002	0.0000	0.0001	53.7556	0.0000	0.0000	0.9985	6.2936	0.0096	7.0245	0.0000	0.0000	0.0000	0.0000	0.0000	0.0000	0.0000	0.0000	0.0000	0.0000	0.0000	0.0000	0.0000	0.0000	0.0000	0.0000	0.0000	0.0000	0.0271	0.0240	0.0030	0.0089	0.0083	0.0006	0.0181	0.0157	0.0024	0.0062	0.0038	0.0024	0.0016	0.0014	0.0002	0.0046	0.0024	0.0022	0.0000	0.0000	0.0000	0.0000	0.0000	0.0000	0.0000	0.0000	0.0000	0.0000	0.0000	0.0001	0.0000	0.0000	0.0000	0.0001	0.0000	0.0001			
8	25	0.2072	7	2	1	1	1	0	0	0	0	Y	N	N	N	N	N	N	N	N	N	N	N	10.1584	0.0000	inf	0.0000	0.0000	inf	inf	0.0000	0.0000	0.0001	0.0000	0.0000	0.0000	0.0000	0.0000	0.0001	0.0000	0.0000	0.0000	0.0000	0.0000	0.0000	0.0000	0.0000	0.0000	inf	0.0000	0.0000	-0.0000	0.9985	4.4994	0.0096	1.0731	0.0000	0.0000	0.0000	0.0000	0.0000	0.0000	0.0000	0.0000	0.0000	0.0000	0.0000	0.0000	0.0000	0.0000	0.0000	0.0000	0.0000	0.0000	0.0231	0.0205	0.0026	0.0079	0.0074	0.0005	0.0152	0.0132	0.0020	0.0031	0.0017	0.0014	0.0005	0.0005	0.0001	0.0026	0.0013	0.0014	10.1584	0.0000	inf	0.0000	0.0000	0.0000	inf	0.0000	inf	0.0000	0.0000	0.0000	0.0000	0.0000	0.0000	0.0000	0.0000	0.0000		
8	26	0.1530	7	1	2	0	1	0	0	0	0	N	Y	N	N	N	N	N	N	N	N	N	N	0.0000	5.4370	0.0000	1.0319	1.0002	0.0000	inf	0.0000	0.0000	0.0000	0.0000	0.0000	0.0000	0.0000	0.0000	0.0000	0.0000	0.3835	0.0000	0.2999	0.0000	0.0000	0.0000	0.5168	0.0000	0.2523	0.0000	124427.5000	-0.0000	0.0001	0.9985	12.3098	0.0096	9.0087	0.0000	0.0000	0.0000	0.0000	0.0000	0.0000	0.0000	0.0000	0.0000	0.0003	0.0000	0.0003	0.0000	0.0000	0.0000	0.0003	0.0000	0.0003	0.0553	0.0484	0.0069	0.0105	0.0097	0.0009	0.0447	0.0387	0.0060	0.0131	0.0076	0.0055	0.0027	0.0024	0.0003	0.0104	0.0053	0.0052	0.0001	5.4370	0.0000	1.0319	1.0002	0.0000	0.0001	inf	0.0000	0.0266	0.0000	0.0636	0.0000	0.0000	0.0000	0.0334	0.0000	0.0673	
8	27	0.1299	6	1	2	0	1	0	0	0	0	N	Y	N	N	N	N	N	N	N	N	N	N	75.5066	67.6086	0.0000	36.7461	47.5591	0.0000	inf	inf	0.0006	0.0007	0.0000	0.0014	0.0015	0.0000	0.0004	0.0005	0.0000	0.0000	0.0000	0.0000	0.0000	0.0000	0.0001	0.0000	0.0000	0.0000	0.0000	0.3097	-0.0000	-0.0000	0.9985	25.8727	0.0096	15.5187	0.0001	0.0001	0.0000	0.0000	0.0000	0.0000	0.0000	0.0000	0.0000	0.0000	0.0000	0.0000	0.0000	0.0000	0.0000	0.0000	0.0000	0.0000	0.1117	0.0974	0.0143	0.0186	0.0170	0.0016	0.0931	0.0803	0.0128	0.0258	0.0153	0.0104	0.0053	0.0048	0.0005	0.0205	0.0106	0.0099	75.5066	67.6086	0.0000	36.7461	47.5591	0.0000	inf	inf	0.0000	0.0000	0.0000	0.0000	0.0000	0.0000	0.0001	0.0000	0.0000	0.0000	
8	28	0.1240	6	2	2	0	1	0	0	0	0	Y	Y	N	N	N	N	N	N	N	N	N	N	391.2713	1029054.5819	0.0000	18.7390	25.6227	0.0000	200.9280	inf	0.0000	6.2294	7.0452	0.0000	0.0007	0.0007	0.0000	7.7568	8.9447	0.0000	0.0159	0.0000	0.0192	0.0000	0.0000	0.0001	0.0386	0.0000	0.0163	0.0000	1284.8828	-0.2866	0.0000	0.9985	38.1974	0.0096	14.3032	0.9980	0.9980	0.0000	0.0000	0.0000	0.0000	0.9980	0.9980	0.0000	0.0001	0.0000	0.0001	0.0000	0.0000	0.0000	0.0001	0.0000	0.0001	0.1602	0.1417	0.0186	0.0316	0.0301	0.0015	0.1287	0.1116	0.0171	0.0276	0.0147	0.0129	0.0042	0.0037	0.0005	0.0234	0.0110	0.0124	1327.0172	1029054.5819	0.0000	18.7390	25.6227	0.0000	1403.0205	inf	0.0000	0.0047	0.0000	0.0100	0.0000	0.0000	0.0001	0.0055	0.0000	0.0105
8	29	0.1599	8	1	2	0	1	0	0	0	0	N	Y	N	N	N	N	N	N	N	N	N	N	0.0000	0.0000	0.0000	0.0000	0.0000	0.0000	0.0000	0.0000	0.0000	0.0000	0.0000	0.0000	0.0000	0.0000	0.0000	0.0000	0.0000	0.0000	0.0000	0.0000	0.0000	0.0000	0.0000	-0.0000	-0.0000	0.9985	6.0056	0.0096	10.9350	0.0000	0.0000	0.0000	0.0000	0.0000	0.0000	0.0000	0.0000	0.0000	0.0000	0.0000	0.0000	0.0000	0.0000	0.0000	0.0000	0.0000	0.0000	0.0316	0.0278	0.0038	0.0086	0.0079	0.0007	0.0231	0.0199	0.0032	0.0102	0.0060	0.0043	0.0022	0.0019	0.0003	0.0081	0.0040	0.0040	0.0000	0.0000	0.0000	0.0000	0.0000	0.0000	0.0000	0.0000	0.0000	0.0000	0.0000	0.0000	0.0000	0.0000	0.0000	0.0000	0.0000	0.0000						
8	30	0.2200	8	2	2	0	1	0	0	0	0	Y	Y	N	N	N	N	N	N	N	N	N	N	0.0000	0.0000	0.0000	0.0000	0.0000	0.0000	0.0000	0.0000	0.0000	0.0000	0.0000	0.0000	0.0000	0.0000	0.0000	0.0000	0.0000	0.0001	0.0000	0.0003	0.0003	0.0000	0.0039	0.0001	0.0000	0.0001	15.1208	-0.0000	0.0000	0.9985	17.1852	0.0096	7.8386	0.0000	0.0000	0.0000	0.0000	0.0000	0.0000	0.0000	0.0000	0.0000	0.0000	0.0000	0.0000	0.0000	0.0000	0.0000	0.0000	0.0000	0.0000	0.1281	0.1152	0.0129	0.0455	0.0440	0.0015	0.0826	0.0712	0.0114	0.0215	0.0141	0.0074	0.0064	0.0060	0.0004	0.0151	0.0081	0.0070	0.0000	0.0000	0.0000	0.0000	0.0000	0.0000	0.0000	0.0000	0.0000	0.0001	0.0000	0.0003	0.0003	0.0000	0.0039	0.0000	0.0000	0.0001		
8	31	0.2606	9	1	2	0	1	0	0	0	0	N	Y	N	N	N	N	N	N	N	N	N	N	0.0384	0.0240	0.0292	0.0277	0.0000	0.0000	0.0000	0.0000	0.0000	0.0000	0.0000	0.0000	0.0000	0.0000	0.0000	0.0000	0.0000	0.0000	0.0000	0.0000	0.0000	0.0000	0.0000	0.0000	-0.0000	-0.0000	0.9985	9.9927	0.0096	7.0404	0.0000	0.0000	0.0000	0.0000	0.0000	0.0000	0.0000	0.0000	0.0000	0.0000	0.0000	0.0000	0.0000	0.0000	0.0000	0.0000	0.0000	0.0000	0.0405	0.0357	0.0048	0.0095	0.0089	0.0006	0.0310	0.0268	0.0042	0.0092	0.0051	0.0041	0.0016	0.0015	0.0002	0.0075	0.0036	0.0039	0.0384	0.0240	0.0000	0.0292	0.0277	0.0000	0.0000	0.0000	0.0000	0.0000	0.0000	0.0000	0.0000	0.0000	0.0000	0.0000	0.0000	0.0000					
8	32	0.2525	8	1	2	0	1	0	0	0	0	N	Y	N	N	N	N	N	N	N	N	N	N	0.0250	inf	0.0000	inf	inf	0.0000	0.0000	0.0000	0.0000	0.0000	0.0000	0.0000	0.0000	0.0000	0.0000	0.0000	0.0000	0.0000	0.0000	0.0000	0.0000	0.0000	0.0000	0.0000	0.0000	0.0000	inf	-0.0000	0.0000	0.9985	3.8146	0.0096	0.9911	0.0000	0.0000	0.0000	0.0000	0.0000	0.0000	0.0000	0.0000	0.0000	0.0000	0.0000	0.0000	0.0000	0.0000	0.0000	0.0000	0.0000	0.0000	0.0179	0.0159	0.0020	0.0047	0.0045	0.0002	0.0132	0.0115	0.0017	0.0026	0.0014	0.0012	0.0005	0.0004	0.0001	0.0022	0.0010	0.0011	0.0250	inf	0.0000	inf	inf	0.0000	0.0000	0.0000	0.0000	0.0000	0.0000	0.0000	0.0000	0.0000	0.0000	0.0000	0.0000	0.0000		
8	33	0.2525	8	1	2	0	1	0	0	0	0	N	Y	N	N	N	N	N	N	N	N	N	N	0.0029	inf	0.0000	inf	inf	0.0008	inf	0.0000	0.0002	0.0002	0.0000	0.0005	0.0005	0.0000	0.0001	0.0002	0.0000	0.0709	0.0000	0.0450	0.0000	0.0000	0.0000	0.1612	0.0000	0.0430	0.0000	inf	-0.0000	0.0001	0.9985	24.4476	0.0096	5.0002	0.0000	0.0000	0.0000	0.0000	0.0000	0.0000	0.0000	0.0000	0.0000	0.0001	0.0000	0.0001	0.0000	0.0000	0.0000	0.0001	0.0000	0.0001	0.0966	0.0854	0.0113	0.0222	0.0208	0.0013	0.0744	0.0645	0.0099	0.0154	0.0084	0.0069	0.0026	0.0023	0.0003	0.0127	0.0061	0.0066	0.0212	inf	0.0000	inf	inf	0.0000	0.0114	inf	0.0000	0.0098	0.0000	0.0217	0.0000	0.0000	0.0000	0.0118	0.0000	0.0227	
8	34	0.3005	8	1	2	1	2	0	0	0	0	N	Y	N	Y	N	N	N	N	N	N	N	N	0.0004	0.0002	0.0000	0.0000	0.0017	0.0001	0.0000	0.0000	0.0000	0.0000	0.0000	0.0000	0.0000	0.0000	0.0000	0.0004	0.0008	0.0000	0.0008	0.0008	0.0000	0.0002	0.0045	0.0000	0.0000	0.0000	-0.0000	-0.0000	0.9985	1.3124	0.0096	1.0060	0.0000	0.0000	0.0000	0.0000	0.0000	0.0000	0.0000	0.0000	0.0000	0.0000	0.0000	0.0000	0.0000	0.0000	0.0000	0.0000	0.0000	0.0000	0.0108	0.0100	0.0007	0.0066	0.0065	0.0002	0.0042	0.0036	0.0006	0.0016	0.0010	0.0006	0.0005	0.0005	0.0000	0.0011	0.0006	0.0005	0.0005	0.0003	0.0000	0.0000	0.0000	0.0000	0.0045	0.0028	0.0000	0.0003	0.0005	0.0000	0.0008	0.0008	0.0000	0.0001	0.0002	0.0000			
8	35	0.1692	7	1	1	0	2	0	0	0	0	N	N	N	Y	N	N	N	N	N	N	N	N	0.0001	0.0001	1.1224	0.0000	0.0000	0.2960	0.0102	0.0003	2.2839	0.0000	0.0001	0.0000	0.0000	0.0000	0.0000	0.0001	0.0001	0.0000	0.7719	1.0402	0.0000	1.7778	1.8326	0.0002	0.0057	0.2073	0.0000	0.0487	0.0001	-0.0000	-0.0027	0.9985	53.2438	0.0096	16.6757	0.0000	0.0000	0.0000	0.0000	0.0000	0.0000	0.0000	0.0000	0.0000	0.0042	0.0042	0.0000	0.0042	0.0042	0.0000	0.0000	0.0000	0.0000	0.2225	0.1968	0.0257	0.0403	0.0381	0.0022	0.1823	0.1588	0.0235	0.0407	0.0239	0.0169	0.0087	0.0076	0.0011	0.0321	0.0163	0.0158	0.0005	0.0003	1.1224	0.0000	0.0000	0.2960	0.0410	0.0231	2.2839	0.1042	0.1778	0.0000	0.4846	0.5526	0.0002	0.0014	0.0028	0.0000
8	36	0.1284	7	1	2	0	1	0	0	0	0	N	Y	N	N	N	N	N	N	N	N	N	N	32.1470	16.7700	inf	4.2008	3.9668	inf	inf	inf	0.0005	0.0006	0.0000	0.0003	0.0004	0.0000	0.0005	0.0006	0.0000	0.0000	0.0000	0.0000	0.0001	0.0001	0.0000	0.0000	0.0000	0.0000	0.0038	0.0000	-0.0000	-0.0000	0.9985	17.9460	0.0096	11.6991	0.0000	0.0000	0.0000	0.0000	0.0000	0.0000	0.0000	0.0000	0.0000	0.0000	0.0000	0.0000	0.0000	0.0000	0.0000	0.0000	0.0000	0.0000	0.0793	0.0694	0.0099	0.0108	0.0101	0.0006	0.0686	0.0593	0.0093	0.0187	0.0104	0.0082	0.0036	0.0032	0.0004	0.0151	0.0073	0.0078	32.1470	20.4498	inf	4.2008	3.9668	0.0000	inf	inf	inf	0.0000	0.0000	0.0000	0.0001	0.0001	0.0000	0.0000	0.0000	0.0000	
8	37	0.5838	12	2	2	0	1	0	0	0	0	Y	Y	N	N	N	N	N	N	N	N	N	N	0.0000	0.0000	0.0000	0.0000	0.0000	0.0000	0.0000	0.0000	0.0000	0.0000	0.0000	0.0000	0.0000	0.0000	0.0000	0.0000	0.0000	0.0000	0.0000	0.0000	0.9985	1.9903	0.0096	0.0021	0.0000	0.0000	0.0000	0.0000	0.0000	0.0000	0.0000	0.0000	0.0000	0.0000	0.0000	0.0000	0.0000	0.0000	0.0000	0.0000	0.0000	0.0000	0.0079	0.0071	0.0009	0.0029	0.0027	0.0002	0.0051	0.0044	0.0007	0.0008	0.0005	0.0003	0.0003	0.0002	0.0000	0.0006	0.0003	0.0003	0.0000	0.0000	0.0000	0.0000	0.0000	0.0000	0.0000	0.0000	0.0000	0.0000	0.0000	0.0000	0.0000	0.0000	0.0000	0.0000	0.0000	0.0000											
8	38	0.1692	7	1	2	0	2	0	0	0	0	N	Y	N	Y	N	N	N	N	N	N	N	N	0.0187	100.8659	0.0143	52.6446	120.7205	0.0000	0.0027	inf	0.0161	0.0005	0.0005	0.0004	0.0016	0.0017	0.0000	0.0002	0.0001	0.0005	0.0243	0.0000	0.0306	0.0000	0.0000	0.0001	0.0706	0.0000	0.0298	0.1246	2310.5101	-0.0000	0.0001	0.9985	45.5232	0.0096	15.8903	0.0001	0.0001	0.0000	0.0001	0.0001	0.0000	0.0000	0.0000	0.0000	0.0002	0.0000	0.0002	0.0000	0.0000	0.0000	0.0002	0.0000	0.0002	0.1980	0.1752	0.0228	0.0377	0.0357	0.0020	0.1603	0.1395	0.0208	0.0371	0.0218	0.0153	0.0082	0.0071	0.0010	0.0290	0.0147	0.0143	0.0738	100.8659	0.0293	52.6446	120.7205	0.0000	0.0241	inf	0.0300	0.0062	0.0000	0.0149	0.0000	0.0000	0.0001	0.0079	0.0000	0.0160
8	39	0.1421	6	1	1	0	2	0	0	0	0	N	N	N	Y	N	N	N	N	N	N	N	N	0.0008	0.0007	0.0016	0.0001	0.0001	0.0000	0.0108	0.1094	0.0020	0.0005	0.0005	0.0000	0.0001	0.0001	0.0000	0.0005	0.0006	0.0000	0.5417	0.7139	0.0250	1.0009	1.0276	0.0018	0.0503	0.0057	0.0217	0.0106	0.1293	-0.0000	-0.0003	0.9985	13.8166	0.0096	4.5847	0.0000	0.0000	0.0000	0.0000	0.0000	0.0000	0.0000	0.0000	0.0000	0.0006	0.0005	0.0001	0.0005	0.0005	0.0000	0.0001	0.0000	0.0001	0.0662	0.0580	0.0081	0.0116	0.0110	0.0006	0.0546	0.0470	0.0075	0.0128	0.0076	0.0053	0.0026	0.0024	0.0002	0.0102	0.0052	0.0051	0.0102	0.0076	0.0031	0.0003	0.0003	0.0000	0.0832	2.7471	0.0032	0.0452	0.0679	0.0126	0.1986	0.2152	0.0018	0.0066	0.0002	0.0130
8	40	0.3039	10	1	1	1	1	0	0	0	0	N	N	N	N	N	N	N	N	N	N	N	N	0.0000	0.4577	0.0000	0.0126	0.9941	0.0000	0.0000	0.0000	0.0000	0.0000	0.0000	0.0000	0.0000	0.0000	0.0000	0.0000	0.0000	0.9607	0.0000	3.1428	0.0019	0.0000	0.0323	1.1857	0.0000	3.2261	0.0035	31709.2834	-0.0000	0.0015	0.9985	12.6411	0.0096	7.4648	0.0000	0.0000	0.0000	0.0000	0.0000	0.0000	0.0000	0.0000	0.0000	0.0040	0.0000	0.0040	0.0000	0.0000	0.0000	0.0040	0.0000	0.0040	0.0594	0.0523	0.0071	0.0140	0.0133	0.0007	0.0454	0.0390	0.0064	0.0160	0.0100	0.0061	0.0053	0.0050	0.0004	0.0107	0.0050	0.0057	0.0000	0.5064	0.0000	0.0126	0.9941	0.0000	0.0000	0.0000	0.0000	0.2521	0.0000	0.6667	0.0019	0.0000	0.0282	0.3769	0.0000	0.7068	
8	41	0.5714	10	1	2	0	1	0	0	0	0	N	Y	N	N	N	N	N	N	N	N	N	N	0.0003	0.0002	0.0003	0.0003	0.0000	0.0000	0.0000	0.0000	0.0000	0.0000	0.0000	0.0000	0.0000	0.0002	0.0006	0.0000	0.0008	0.0009	0.0000	0.0000	0.0000	0.0000	0.0000	0.0000	-0.0000	-0.0000	0.9985	22.0894	0.0096	9.3639	0.0000	0.0000	0.0000	0.0000	0.0000	0.0000	0.0000	0.0000	0.0000	0.0000	0.0000	0.0000	0.0000	0.0000	0.0000	0.0000	0.0000	0.0000	0.0923	0.0828	0.0096	0.0355	0.0336	0.0019	0.0568	0.0492	0.0077	0.0137	0.0084	0.0053	0.0043	0.0038	0.0005	0.0094	0.0046	0.0048	0.0004	0.0002	0.0000	0.0003	0.0003	0.0000	0.0000	0.0000	0.0000	0.0002	0.0004	0.0000	0.0008	0.0009	0.0000	0.0000	0.0000	0.0000					
8	42	0.1421	6	1	2	0	1	0	0	0	0	N	Y	N	N	N	N	N	N	N	N	N	N	0.5024	217.2742	0.0165	0.0000	0.0000	0.0000	0.2131	inf	0.0174	0.0002	0.0003	0.0000	0.0000	0.0000	0.0000	0.0003	0.0003	0.0000	0.0005	0.0000	0.0008	0.0001	0.0000	0.0007	0.0012	0.0000	0.0008	0.0073	501.0504	-0.0000	0.0000	0.9985	43.3975	0.0096	17.3745	0.0000	0.0000	0.0000	0.0000	0.0000	0.0000	0.0000	0.0000	0.0000	0.0000	0.0000	0.0000	0.0000	0.0000	0.0000	0.0000	0.0000	0.0000	0.1747	0.1531	0.0216	0.0218	0.0206	0.0012	0.1529	0.1326	0.0204	0.0349	0.0201	0.0148	0.0059	0.0053	0.0006	0.0291	0.0149	0.0142	0.6630	217.2742	0.0165	0.0000	0.0000	0.0000	0.6538	inf	0.0174	0.0003	0.0000	0.0008	0.0001	0.0000	0.0007	0.0004	0.0000	0.0008
8	43	0.5016	9	2	1	1	1	0	0	0	0	Y	N	N	N	N	N	N	N	N	N	N	N	4920390.4858	4321482.7403	0.0000	0.0374	0.0376	0.0000	33071907.0816	inf	0.0000	12.9839	14.4987	0.0000	0.0000	0.0000	0.0000	21.2064	24.4976	0.0000	0.0000	0.0000	0.0000	0.0000	0.0000	0.0000	0.0000	0.0000	0.0000	0.0000	0.2857	-0.2866	-0.0000	0.9985	18.2331	0.0096	4.4208	0.9982	0.9982	0.0000	0.0000	0.0000	0.0000	0.9982	0.9982	0.0000	0.0000	0.0000	0.0000	0.0000	0.0000	0.0000	0.0000	0.0000	0.0000	0.0769	0.0688	0.0080	0.0298	0.0281	0.0017	0.0471	0.0407	0.0063	0.0102	0.0063	0.0040	0.0032	0.0028	0.0004	0.0070	0.0034	0.0036	4920390.4858	4321482.7403	0.0000	0.0374	0.0376	0.0000	33071907.0816	inf	0.0000	0.0000	0.0000	0.0000	0.0000	0.0000	0.0000	0.0000	0.0000	0.0000
8	44	0.5614	9	1	2	0	2	0	0	0	0	N	Y	N	Y	N	N	N	N	N	N	N	N	0.0000	0.0000	0.0000	0.0000	0.0000	0.0000	0.0000	0.0000	0.0000	0.0000	0.0000	0.0000	0.0000	0.0000	0.0000	0.0000	0.0000	0.0680	0.0000	0.0584	0.0000	0.0000	0.0001	0.1973	0.0000	0.0545	57670.8167	-0.0000	0.0001	0.9985	62.5878	0.0096	29.9840	0.0000	0.0000	0.0000	0.0000	0.0000	0.0000	0.0000	0.0000	0.0000	0.0003	0.0000	0.0003	0.0000	0.0000	0.0000	0.0003	0.0000	0.0003	0.2408	0.2159	0.0249	0.0890	0.0837	0.0053	0.1518	0.1322	0.0196	0.0360	0.0222	0.0138	0.0107	0.0094	0.0013	0.0253	0.0128	0.0125	0.0000	0.0000	0.0000	0.0000	0.0000	0.0000	0.0000	0.0000	0.0000	0.0096	0.0000	0.0250	0.0000	0.0000	0.0001	0.0137	0.0000	0.0276		
8	45	0.5016	9	2	1	1	1	0	0	0	0	Y	N	N	N	N	N	N	N	N	N	N	N	149.1954	594.8666	0.0000	123.9054	654.1379	0.0000	0.0000	0.0000	0.0023	0.0026	0.0000	0.0059	0.0063	0.0000	0.0000	0.0000	0.0000	0.0000	0.0000	0.0000	0.0000	0.0000	0.0004	0.0000	0.0000	0.0000	0.0000	4.8286	-0.0000	0.0000	0.9985	13.5293	0.0096	3.1702	0.0001	0.0001	0.0000	0.0001	0.0001	0.0000	0.0000	0.0000	0.0000	0.0000	0.0000	0.0000	0.0000	0.0000	0.0000	0.0000	0.0000	0.0000	0.0595	0.0534	0.0061	0.0237	0.0224	0.0013	0.0359	0.0311	0.0048	0.0078	0.0048	0.0030	0.0025	0.0022	0.0003	0.0053	0.0026	0.0027	149.1954	594.8666	0.0000	123.9054	654.1379	0.0000	0.0000	0.0000	0.0000	0.0000	0.0000	0.0000	0.0000	0.0000	0.0004	0.0000	0.0000	0.0000	
8	46	0.4971	8	2	1	1	1	0	0	0	0	Y	N	N	N	N	N	N	N	N	N	N	N	19.6764	13.4264	0.0000	0.0016	0.0016	0.0000	123.9423	inf	0.0000	0.0030	0.0033	0.0000	0.0000	0.0000	0.0000	0.0056	0.0065	0.0000	0.0002	0.0002	0.0000	0.0004	0.0004	0.0000	0.0000	0.0000	0.0000	0.0000	0.1203	-0.0000	-0.0000	0.9985	4.1147	0.0096	1.2946	0.0001	0.0001	0.0000	0.0000	0.0000	0.0000	0.0001	0.0001	0.0000	0.0000	0.0000	0.0000	0.0000	0.0000	0.0000	0.0000	0.0000	0.0000	0.0268	0.0245	0.0023	0.0127	0.0122	0.0006	0.0141	0.0124	0.0018	0.0030	0.0019	0.0011	0.0011	0.0010	0.0001	0.0020	0.0009	0.0011	19.6764	15.0880	0.0000	0.0016	0.0016	0.0000	250.1676	inf	0.0000	0.0002	0.0002	0.0000	0.0004	0.0004	0.0000	0.0000	0.0000	0.0000
8	47	0.4345	7	2	1	0	1	0	0	0	0	Y	N	N	N	N	N	N	N	N	N	N	N	0.0000	0.0000	0.0000	0.0000	0.0000	0.0000	0.0000	0.0000	0.0000	0.0000	0.0000	0.0000	0.0000	0.0000	0.0000	0.0000	0.0000	0.0000	0.6597	0.8418	0.0016	0.8792	0.9575	0.0013	0.0047	0.0205	0.0017	0.0000	0.0084	-0.0000	-0.0011	0.9985	22.0103	0.0096	13.6452	0.0000	0.0000	0.0000	0.0000	0.0000	0.0000	0.0000	0.0000	0.0000	0.0018	0.0018	0.0000	0.0018	0.0018	0.0000	0.0000	0.0000	0.0000	0.0987	0.0880	0.0107	0.0322	0.0305	0.0018	0.0665	0.0575	0.0090	0.0275	0.0182	0.0093	0.0109	0.0095	0.0015	0.0166	0.0088	0.0078	0.0000	0.0000	0.0000	0.0000	0.0000	0.0000	0.0002	0.0003	0.0000	0.0668	0.1000	0.0016	0.1665	0.1918	0.0013	0.0012	0.0007	0.0017
8	48	0.3039	10	1	2	0	1	0	0	0	0	N	Y	N	N	N	N	N	N	N	N	N	N	0.0003	0.0002	0.4502	0.0000	0.0000	395.8115	1.2215	0.4714	0.0002	0.0002	0.0000	0.0000	0.0000	0.0000	0.0002	0.0002	0.0000	0.5879	0.7622	0.0000	0.8000	0.8137	0.0000	0.0000	0.0002	0.0000	0.0001	0.0000	-0.0000	-0.0005	0.9985	12.3962	0.0096	3.7178	0.0000	0.0000	0.0000	0.0000	0.0000	0.0000	0.0000	0.0000	0.0000	0.0007	0.0007	0.0000	0.0007	0.0007	0.0000	0.0000	0.0000	0.0000	0.0591	0.0520	0.0071	0.0139	0.0132	0.0007	0.0451	0.0388	0.0064	0.0141	0.0088	0.0053	0.0049	0.0046	0.0003	0.0092	0.0042	0.0050	0.0032	0.0023	0.4502	0.0000	0.0000	0.0000	395.8115	352.6250	0.4714	0.0519	0.0830	0.0000	0.1503	0.1600	0.0000	0.0000	0.0000	0.0000	
8	49	0.2751	9	1	1	0	1	0	0	0	0	N	N	N	N	N	N	N	N	N	N	N	N	0.0000	0.0000	0.0000	0.0000	0.0000	0.0005	0.0000	0.0009	0.0000	0.0000	0.0000	0.0000	0.0000	0.0000	0.0000	0.0000	0.0000	0.0000	0.6678	0.6431	0.5322	0.5326	0.5538	0.0036	0.6629	0.0068	0.4683	0.1010	0.9945	-0.0000	-0.0002	0.9985	14.4870	0.0096	5.8627	0.0000	0.0000	0.0000	0.0000	0.0000	0.0000	0.0000	0.0000	0.0000	0.0012	0.0006	0.0006	0.0006	0.0006	0.0000	0.0006	0.0000	0.0006	0.0776	0.0688	0.0087	0.0221	0.0210	0.0011	0.0555	0.0478	0.0077	0.0181	0.0111	0.0070	0.0063	0.0058	0.0004	0.0118	0.0053	0.0065	0.0001	0.0002	0.0001	0.0002	0.0002	0.0005	0.0001	0.0221	0.0001	0.0687	0.0562	0.0886	0.0993	0.1067	0.0036	0.0525	0.0003	0.0944
8	50	0.2130	8	2	2	1	1	0	0	0	0	Y	Y	N	N	N	N	N	N	N	N	N	N	inf	inf	inf	inf	0.0023	0.0026	0.0000	0.0101	0.0107	0.0000	0.0000	0.0000	0.0000	0.0000	0.0000	0.0000	0.0000	0.0000	0.0000	0.0000	0.0000	0.0000	0.0000	-0.0000	0.0000	0.9985	0.9856	0.0096	2.8295	0.0000	0.0000	0.0000	0.0000	0.0000	0.0000	0.0000	0.0000	0.0000	0.0000	0.0000	0.0000	0.0000	0.0000	0.0000	0.0000	0.0000	0.0000	0.0042	0.0037	0.0005	0.0010	0.0009	0.0001	0.0033	0.0028	0.0005	0.0021	0.0011	0.0010	0.0003	0.0003	0.0000	0.0017	0.0008	0.0009	inf	inf	0.0000	inf	inf	0.0000	0.0000	0.0000	0.0000	0.0000	0.0000	0.0000	0.0000	0.0000	0.0000	0.0000	0.0000	0.0000						
8	51	0.5413	10	2	2	0	1	0	0	0	0	Y	Y	N	N	N	N	N	N	N	N	N	N	0.0000	0.0000	0.0000	0.0000	0.0000	0.0000	0.0000	0.0000	0.0000	0.0000	0.0000	0.0000	0.0000	0.0000	0.0000	0.0000	0.0000	0.0001	0.0000	0.0001	0.0000	0.0000	0.0000	0.0002	0.0000	0.0001	5.5017	0.0000	0.0000	0.9985	13.3057	0.0096	8.6321	0.0000	0.0000	0.0000	0.0000	0.0000	0.0000	0.0000	0.0000	0.0000	0.0000	0.0000	0.0000	0.0000	0.0000	0.0000	0.0000	0.0000	0.0000	0.0649	0.0579	0.0070	0.0260	0.0245	0.0015	0.0389	0.0334	0.0055	0.0108	0.0067	0.0041	0.0034	0.0031	0.0004	0.0074	0.0036	0.0038	0.0000	0.0000	0.0000	0.0000	0.0000	0.0000	0.0000	0.0000	0.0000	0.0001	0.0000	0.0001	0.0000	0.0000	0.0000	0.0001	0.0000	0.0001		
8	52	0.4060	12	1	2	0	2	0	0	0	0	N	Y	N	Y	N	N	N	N	N	N	N	N	0.0000	0.0000	0.0000	0.0000	0.0000	0.0000	0.0000	0.0000	0.0000	0.0000	0.0000	0.0000	0.0000	0.0000	0.0000	0.0000	0.0003	0.0000	0.0007	0.0000	0.0000	0.0000	0.0011	0.0000	0.0007	83.4286	0.0000	0.0000	0.9985	2.1073	0.0096	0.0711	0.0000	0.0000	0.0000	0.0000	0.0000	0.0000	0.0000	0.0000	0.0000	0.0000	0.0000	0.0000	0.0000	0.0000	0.0000	0.0000	0.0000	0.0000	0.0097	0.0086	0.0011	0.0033	0.0031	0.0002	0.0064	0.0055	0.0009	0.0012	0.0007	0.0004	0.0003	0.0003	0.0000	0.0008	0.0004	0.0004	0.0000	0.0000	0.0000	0.0000	0.0000	0.0000	0.0000	0.0000	0.0000	0.0003	0.0000	0.0007	0.0000	0.0000	0.0000	0.0004	0.0000	0.0007			
8	53	0.3436	11	1	1	0	2	0	0	0	0	N	N	N	Y	N	N	N	N	N	N	N	N	0.0000	0.0000	0.0000	0.0000	0.0000	0.0000	0.0000	0.0000	0.0000	0.0000	0.0000	0.0000	0.0000	0.0000	0.0000	0.0000	0.2089	0.0000	0.1192	0.0000	0.0000	0.0000	0.3249	0.0000	0.1161	27371.8638	0.0000	0.0001	0.9985	21.8329	0.0096	8.0592	0.0000	0.0000	0.0000	0.0000	0.0000	0.0000	0.0000	0.0000	0.0000	0.0002	0.0000	0.0002	0.0000	0.0000	0.0000	0.0002	0.0000	0.0002	0.0891	0.0792	0.0098	0.0299	0.0279	0.0020	0.0592	0.0514	0.0078	0.0126	0.0075	0.0050	0.0027	0.0023	0.0004	0.0099	0.0052	0.0047	0.0000	0.0000	0.0000	0.0000	0.0000	0.0000	0.0000	0.0000	0.0000	0.0159	0.0000	0.0397	0.0000	0.0000	0.0000	0.0202	0.0000	0.0429			
8	54	0.6537	12	1	2	0	2	0	0	0	0	N	Y	N	Y	N	N	N	N	N	N	N	N	0.0000	0.0000	0.0000	0.0000	0.0000	0.0000	0.0000	0.0000	0.0000	0.0000	0.0000	0.0000	0.0000	0.0000	0.0000	0.0000	0.0000	0.0000	0.0000	0.0000	0.9985	0.0000	0.0096	0.0000	0.0000	0.0000	0.0000	0.0000	0.0000	0.0000	0.0000	0.0000	0.0000	0.0000	0.0000	0.0000	0.0000	0.0000	0.0000	0.0000	0.0000	0.0000	0.0000	0.0000	0.0000	0.0000	0.0000	0.0000	0.0000	0.0000	0.0000	0.0000	0.0000	0.0000	0.0000	0.0000	0.0000	0.0000	0.0000	0.0000	0.0000	0.0000	0.0000	0.0000	0.0000	0.0000	0.0000	0.0000	0.0000	0.0000	0.0000	0.0000	0.0000	0.0000	0.0000	0.0000	0.0000	0.0000											
8	55	0.3436	11	1	1	0	2	0	0	0	0	N	N	N	Y	N	N	N	N	N	N	N	N	0.0000	0.0000	0.0000	0.0000	0.0000	0.0000	0.0000	0.0000	0.0000	0.0000	0.0000	0.0000	0.0000	0.0002	0.0005	0.0000	0.0008	0.0009	0.0000	0.0000	0.0000	0.0000	0.0000	0.0000	-0.0000	0.9985	1.2825	0.0096	0.1503	0.0000	0.0000	0.0000	0.0000	0.0000	0.0000	0.0000	0.0000	0.0000	0.0000	0.0000	0.0000	0.0000	0.0000	0.0000	0.0000	0.0000	0.0000	0.0074	0.0066	0.0008	0.0031	0.0029	0.0002	0.0043	0.0037	0.0006	0.0009	0.0006	0.0003	0.0003	0.0002	0.0000	0.0006	0.0003	0.0003	0.0000	0.0000	0.0000	0.0000	0.0000	0.0000	0.0000	0.0000	0.0000	0.0002	0.0004	0.0000	0.0008	0.0009	0.0000	0.0000	0.0000	0.0000						
8	56	0.3026	10	1	1	0	2	0	0	0	0	N	N	N	Y	N	N	N	N	N	N	N	N	0.1209	0.1524	0.0000	0.1863	0.2027	0.0000	0.0042	inf	0.0000	0.0000	0.0000	0.0000	0.0000	0.0000	0.0000	0.0000	0.0000	0.0000	0.0000	0.0000	0.0001	0.0001	0.0001	0.0001	0.0001	0.0000	0.0001	0.0000	1.1098	-0.0000	-0.0000	0.9985	14.8542	0.0096	6.8183	0.0000	0.0000	0.0000	0.0000	0.0000	0.0000	0.0000	0.0000	0.0000	0.0000	0.0000	0.0000	0.0000	0.0000	0.0000	0.0000	0.0000	0.0000	0.0750	0.0669	0.0081	0.0279	0.0261	0.0018	0.0472	0.0408	0.0064	0.0137	0.0088	0.0048	0.0044	0.0039	0.0005	0.0093	0.0049	0.0043	0.1209	0.1852	0.0000	0.1863	0.2027	0.0000	0.0086	inf	0.0000	0.0000	0.0000	0.0001	0.0001	0.0001	0.0001	0.0000	0.0000	0.0001
8	57	0.2277	9	1	1	0	2	0	0	0	0	N	N	N	Y	N	N	N	N	N	N	N	N	1.0388	0.7371	0.0037	0.9735	0.9382	0.0248	0.4827	0.1239	0.0000	0.0004	0.0004	0.0000	0.0010	0.0011	0.0000	0.0001	0.0001	0.0000	0.0004	0.0006	0.0001	0.0010	0.0011	0.0001	0.0002	0.0009	0.0001	0.0002	0.2389	-0.0000	-0.0000	0.9985	33.5853	0.0096	9.3450	0.0001	0.0001	0.0000	0.0001	0.0001	0.0000	0.0000	0.0000	0.0000	0.0000	0.0000	0.0000	0.0000	0.0000	0.0000	0.0000	0.0000	0.0000	0.1638	0.1465	0.0173	0.0498	0.0472	0.0026	0.1140	0.0993	0.0147	0.0240	0.0145	0.0095	0.0056	0.0050	0.0006	0.0184	0.0095	0.0089	1.2548	1.0510	0.0037	0.9735	0.9382	0.0248	1.2914	13.8815	0.0000	0.0003	0.0004	0.0001	0.0010	0.0011	0.0001	0.0001	0.0000	0.0001
8	58	0.2070	8	1	1	0	1	0	0	0	0	N	N	N	N	N	N	N	N	N	N	N	N	0.0121	0.0254	0.0013	0.0702	0.0689	0.0085	0.0070	0.4453	0.0012	0.0009	0.0010	0.0000	0.0020	0.0021	0.0001	0.0005	0.0006	0.0000	0.0745	0.0400	0.0294	0.0288	0.0308	0.0105	0.0700	0.0013	0.0258	0.0048	1.5047	-0.0000	-0.0000	0.9985	15.2419	0.0096	2.5705	0.0001	0.0001	0.0000	0.0000	0.0000	0.0000	0.0000	0.0000	0.0000	0.0001	0.0001	0.0001	0.0001	0.0001	0.0000	0.0001	0.0000	0.0001	0.0844	0.0747	0.0097	0.0228	0.0216	0.0012	0.0616	0.0531	0.0086	0.0128	0.0076	0.0053	0.0035	0.0032	0.0003	0.0094	0.0044	0.0050	0.0915	0.1522	0.0026	0.1310	0.1342	0.0085	0.0627	32.4423	0.0021	0.0099	0.0067	0.0144	0.0154	0.0158	0.0105	0.0078	0.0000	0.0147
8	59	0.6537	12	1	1	0	2	0	0	0	0	N	N	N	Y	N	N	N	N	N	N	N	N	0.0000	0.0000	0.0000	0.0000	0.0000	0.0000	0.0000	0.0000	0.0000	0.0000	0.0000	0.0000	0.0000	0.0000	0.0000	0.0000	0.0000	0.0000	0.0000	0.0000	0.9985	0.0000	0.0096	0.0000	0.0000	0.0000	0.0000	0.0000	0.0000	0.0000	0.0000	0.0000	0.0000	0.0000	0.0000	0.0000	0.0000	0.0000	0.0000	0.0000	0.0000	0.0000	0.0000	0.0000	0.0000	0.0000	0.0000	0.0000	0.0000	0.0000	0.0000	0.0000	0.0000	0.0000	0.0000	0.0000	0.0000	0.0000	0.0000	0.0000	0.0000	0.0000	0.0000	0.0000	0.0000	0.0000	0.0000	0.0000	0.0000	0.0000	0.0000	0.0000	0.0000	0.0000	0.0000	0.0000	0.0000	0.0000											
8	60	0.5763	11	1	1	0	2	0	0	0	0	N	N	N	Y	N	N	N	N	N	N	N	N	11.7638	13.5725	0.0000	0.0091	0.0136	0.0000	inf	inf	0.0001	0.0001	0.0000	0.0000	0.0000	0.0000	0.0002	0.0002	0.0000	0.0000	0.0000	0.0000	0.0000	0.0000	0.0001	0.0000	0.0000	0.0000	0.0000	0.6151	-0.0000	-0.0000	0.9985	19.3360	0.0096	7.9957	0.0000	0.0000	0.0000	0.0000	0.0000	0.0000	0.0000	0.0000	0.0000	0.0000	0.0000	0.0000	0.0000	0.0000	0.0000	0.0000	0.0000	0.0000	0.0743	0.0666	0.0077	0.0286	0.0269	0.0016	0.0458	0.0397	0.0061	0.0116	0.0074	0.0042	0.0040	0.0035	0.0005	0.0076	0.0040	0.0037	11.7638	13.5725	0.0000	0.0091	0.0136	0.0000	inf	inf	0.0000	0.0000	0.0000	0.0000	0.0000	0.0000	0.0001	0.0000	0.0000	0.0000	
8	61	0.2663	9	1	2	1	1	0	0	0	0	N	Y	N	N	N	N	N	N	N	N	N	N	0.0309	0.0453	0.0000	0.0210	0.0484	0.0000	0.0000	0.0000	0.0000	0.0000	0.0000	0.0000	0.0000	0.0000	0.0000	0.0000	0.0000	0.0000	0.0000	0.0000	0.0002	0.0000	0.0000	0.0000	0.0000	1.3361	-0.0000	-0.0000	0.9985	14.2360	0.0096	11.9336	0.0000	0.0000	0.0000	0.0000	0.0000	0.0000	0.0000	0.0000	0.0000	0.0000	0.0000	0.0000	0.0000	0.0000	0.0000	0.0000	0.0000	0.0000	0.0584	0.0516	0.0068	0.0152	0.0143	0.0009	0.0432	0.0373	0.0059	0.0138	0.0076	0.0062	0.0025	0.0023	0.0003	0.0113	0.0054	0.0059	0.0309	0.0453	0.0000	0.0210	0.0484	0.0000	0.0000	0.0000	0.0000	0.0000	0.0000	0.0000	0.0000	0.0000	0.0002	0.0000	0.0000	0.0000			
8	62	0.1359	7	2	1	1	1	0	0	0	0	Y	N	N	N	N	N	N	N	N	N	N	N	18795533.1850	11800524.6199	360.8074	344.8510	inf	inf	8.8250	10.0631	0.0000	0.0010	0.0011	0.0000	10.6743	12.3625	0.0000	0.0000	0.0000	0.0000	0.0000	0.0000	0.0000	0.0000	0.0000	0.0000	0.0000	0.0000	-0.2865	-0.0000	0.9985	28.8660	0.0096	13.2209	0.9979	0.9979	0.0000	0.0000	0.0000	0.0000	0.9979	0.9979	0.0000	0.0000	0.0000	0.0000	0.0000	0.0000	0.0000	0.0000	0.0000	0.0000	0.1131	0.0992	0.0139	0.0196	0.0184	0.0011	0.0935	0.0807	0.0128	0.0234	0.0129	0.0105	0.0039	0.0035	0.0004	0.0195	0.0094	0.0101	18795533.1850	11800524.6199	0.0000	360.8074	344.8510	0.0000	inf	inf	0.0000	0.0000	0.0000	0.0000	0.0000	0.0000	0.0000	0.0000	0.0000	0.0000			
8	63	0.1914	8	2	2	0	1	0	0	0	0	Y	Y	N	N	N	N	N	N	N	N	N	N	1.0189	1.5206	0.0000	1.2528	2.7823	0.0000	inf	inf	0.0000	0.0000	0.0000	0.0001	0.0001	0.0000	0.0000	0.0000	0.0000	0.0000	0.0000	0.0000	0.0000	0.0000	0.0002	0.0000	0.0000	0.0000	0.0000	1.3361	-0.0000	-0.0000	0.9985	5.0237	0.0096	8.0282	0.0000	0.0000	0.0000	0.0000	0.0000	0.0000	0.0000	0.0000	0.0000	0.0000	0.0000	0.0000	0.0000	0.0000	0.0000	0.0000	0.0000	0.0000	0.0213	0.0186	0.0027	0.0034	0.0032	0.0002	0.0179	0.0154	0.0025	0.0087	0.0049	0.0038	0.0020	0.0018	0.0002	0.0067	0.0031	0.0036	1.0189	1.5206	0.0000	1.2528	2.7823	0.0000	inf	inf	0.0000	0.0000	0.0000	0.0000	0.0000	0.0000	0.0002	0.0000	0.0000	0.0000	
8	64	0.1284	7	2	2	0	1	0	0	0	0	Y	Y	N	N	N	N	N	N	N	N	N	N	73.5817	41.5556	0.0000	69.3579	65.0779	271.4089	6.2198	0.0000	0.0012	0.0014	0.0000	0.0057	0.0060	0.0000	0.0005	0.0006	0.0000	0.0000	0.0000	0.0000	0.0001	0.0001	0.0000	0.0000	0.0001	0.0000	0.0000	0.0963	-0.0000	-0.0000	0.9985	17.5893	0.0096	19.0270	0.0001	0.0001	0.0000	0.0001	0.0001	0.0000	0.0000	0.0000	0.0000	0.0000	0.0000	0.0000	0.0000	0.0000	0.0000	0.0000	0.0000	0.0000	0.0779	0.0682	0.0097	0.0106	0.0100	0.0006	0.0673	0.0582	0.0091	0.0223	0.0125	0.0098	0.0041	0.0037	0.0005	0.0182	0.0088	0.0094	73.5817	51.4874	0.0000	69.3579	65.0779	0.0000	271.4089	1938.8174	0.0000	0.0000	0.0000	0.0000	0.0001	0.0001	0.0000	0.0000	0.0000	0.0000	
8	65	0.1221	6	1	2	0	1	0	0	0	0	N	Y	N	N	N	N	N	N	N	N	N	N	0.1587	0.0948	1.0157	0.0371	0.0367	0.0000	5.0321	1.6812	2.0616	0.0005	0.0005	0.0002	0.0002	0.0002	0.0000	0.0005	0.0006	0.0002	0.0030	0.0056	0.0002	0.0047	0.0049	0.0021	0.0001	0.0004	0.0001	0.0467	0.0456	-0.0000	-0.0000	0.9985	1.7566	0.0096	2.8742	0.0000	0.0000	0.0000	0.0000	0.0000	0.0000	0.0000	0.0000	0.0000	0.0000	0.0000	0.0000	0.0000	0.0000	0.0000	0.0000	0.0000	0.0000	0.0089	0.0079	0.0011	0.0014	0.0013	0.0001	0.0075	0.0065	0.0010	0.0050	0.0034	0.0017	0.0016	0.0015	0.0001	0.0034	0.0019	0.0016	0.3671	0.2798	1.0157	0.0421	0.0427	0.0000	12.8471	398.1789	2.0616	0.0013	0.0019	0.0002	0.0041	0.0042	0.0021	0.0000	0.0000	0.0001
8	66	0.2663	9	1	2	0	1	0	0	0	0	N	Y	N	N	N	N	N	N	N	N	N	N	46.4252	34.0205	155.1018	0.0000	0.0000	0.0000	inf	inf	inf	0.0002	0.0001	0.0010	0.0000	0.0000	0.0000	0.0003	0.0002	0.0012	0.0000	0.0000	0.0000	0.0000	0.0000	0.0001	0.0000	0.0000	0.0000	0.9995	1.3361	0.0000	-0.0000	0.9985	21.1811	0.0096	10.1862	0.0000	0.0000	0.0000	0.0000	0.0000	0.0000	0.0000	0.0000	0.0000	0.0000	0.0000	0.0000	0.0000	0.0000	0.0000	0.0000	0.0000	0.0000	0.0841	0.0743	0.0098	0.0215	0.0202	0.0013	0.0627	0.0542	0.0085	0.0163	0.0090	0.0073	0.0030	0.0026	0.0003	0.0133	0.0064	0.0069	46.4252	34.0205	155.1018	0.0000	0.0000	0.0000	inf	inf	inf	0.0000	0.0000	0.0000	0.0000	0.0000	0.0001	0.0000	0.0000	0.0000
8	67	0.2525	8	1	2	0	1	0	0	0	0	N	Y	N	N	N	N	N	N	N	N	N	N	0.0186	0.0048	0.1284	0.0000	0.0000	0.0303	0.0004	0.1391	0.0000	0.0000	0.0000	0.0000	0.0000	0.0000	0.0000	0.0000	0.0000	0.0000	0.0000	0.0000	0.0001	0.0001	0.0000	0.0000	0.0004	0.0000	2.2059	0.6515	0.0000	-0.0000	0.9985	7.4253	0.0096	0.9851	0.0000	0.0000	0.0000	0.0000	0.0000	0.0000	0.0000	0.0000	0.0000	0.0000	0.0000	0.0000	0.0000	0.0000	0.0000	0.0000	0.0000	0.0000	0.0323	0.0286	0.0037	0.0079	0.0075	0.0004	0.0244	0.0211	0.0033	0.0046	0.0025	0.0021	0.0008	0.0007	0.0001	0.0038	0.0018	0.0020	0.0186	0.0059	0.1284	0.0000	0.0000	0.0000	0.0460	0.0924	0.1391	0.0000	0.0000	0.0000	0.0001	0.0001	0.0000	0.0000	0.0000	0.0000	
8	68	0.2751	9	1	1	1	1	0	0	0	0	N	N	N	N	N	N	N	N	N	N	N	N	0.0004	0.0002	0.0172	0.0000	0.0000	inf	0.0014	0.9704	0.0209	0.0002	0.0001	0.0011	0.0000	0.0000	0.0002	0.0003	0.0002	0.0012	0.5714	0.6947	0.0636	0.6214	0.6441	0.0000	0.2406	0.0002	0.0584	0.9889	0.2676	0.0000	-0.0004	0.9985	15.0354	0.0096	6.2061	0.0000	0.0000	0.0000	0.0000	0.0000	0.0000	0.0000	0.0000	0.0000	0.0009	0.0007	0.0002	0.0007	0.0007	0.0000	0.0002	0.0000	0.0002	0.0797	0.0707	0.0090	0.0225	0.0214	0.0011	0.0572	0.0493	0.0079	0.0185	0.0114	0.0072	0.0064	0.0059	0.0005	0.0121	0.0054	0.0067	0.0050	0.0022	0.0403	0.0001	0.0000	inf	0.0214	281.4187	0.0421	0.0498	0.0641	0.0271	0.1141	0.1231	0.0000	0.0160	0.0000	0.0290
8	69	0.2070	8	1	1	0	1	0	0	0	0	N	N	N	N	N	N	N	N	N	N	N	N	0.0000	0.0000	0.0106	0.0000	0.0000	0.3611	0.0008	0.0038	0.0100	0.0000	0.0000	0.0001	0.0000	0.0000	0.0003	0.0000	0.0000	0.0001	0.8722	1.1913	0.0106	2.1083	2.1485	0.0008	0.0192	0.0007	0.0092	3.0438	0.0166	0.0000	-0.0025	0.9985	27.6811	0.0096	13.1592	0.0000	0.0000	0.0000	0.0000	0.0000	0.0000	0.0000	0.0000	0.0000	0.0041	0.0040	0.0001	0.0040	0.0040	0.0000	0.0001	0.0000	0.0001	0.1308	0.1154	0.0153	0.0292	0.0276	0.0016	0.1016	0.0878	0.0137	0.0243	0.0143	0.0100	0.0056	0.0051	0.0005	0.0187	0.0093	0.0095	0.0001	0.0000	0.0170	0.0000	0.0000	0.3611	0.0042	0.5728	0.0132	0.1666	0.2785	0.0066	0.7127	0.7890	0.0008	0.0035	0.0000	0.0069
8	70	0.1722	7	1	1	0	1	0	0	0	0	N	N	N	N	N	N	N	N	N	N	N	N	0.0023	0.0006	0.0801	0.0024	0.0021	0.0131	0.0071	0.0110	0.0859	0.0000	0.0000	0.0002	0.0001	0.0001	0.0000	0.0000	0.0000	0.0002	0.0175	0.0406	0.0021	0.0333	0.0382	0.0017	0.0042	0.0005	0.0021	1.0032	0.2053	0.0000	-0.0000	0.9985	19.6565	0.0096	4.0504	0.0000	0.0000	0.0000	0.0000	0.0000	0.0000	0.0000	0.0000	0.0000	0.0001	0.0001	0.0000	0.0001	0.0001	0.0000	0.0000	0.0000	0.0000	0.0993	0.0875	0.0118	0.0214	0.0204	0.0010	0.0778	0.0671	0.0108	0.0175	0.0105	0.0069	0.0042	0.0039	0.0003	0.0133	0.0066	0.0066	0.0082	0.0034	0.0801	0.0046	0.0044	0.0131	0.0279	2.2691	0.0859	0.0049	0.0068	0.0021	0.0171	0.0183	0.0017	0.0011	0.0000	0.0021
8	71	0.2556	9	2	2	0	1	0	0	0	0	Y	Y	N	N	N	N	N	N	N	N	N	N	65939104.3971	41052230.6407	2660.4032	2506.0897	inf	inf	13.8141	15.6110	0.0000	0.0032	0.0035	0.0000	18.5689	21.4374	0.0000	0.0000	0.0000	0.0000	0.0000	0.0000	0.0000	0.0000	0.0000	0.0000	0.0000	0.0000	-0.2866	-0.0000	0.9985	17.5448	0.0096	6.0013	0.9983	0.9983	0.0000	0.0001	0.0001	0.0000	0.9982	0.9982	0.0000	0.0000	0.0000	0.0000	0.0000	0.0000	0.0000	0.0000	0.0000	0.0000	0.0723	0.0639	0.0083	0.0185	0.0174	0.0011	0.0538	0.0466	0.0072	0.0124	0.0068	0.0056	0.0021	0.0019	0.0002	0.0103	0.0049	0.0053	65939104.3971	41052230.6407	0.0000	2660.4032	2506.0897	0.0000	inf	inf	0.0000	0.0000	0.0000	0.0000	0.0000	0.0000	0.0000	0.0000	0.0000	0.0000			
8	72	0.3241	12	2	2	1	1	0	0	0	0	Y	Y	N	N	N	N	N	N	N	N	N	N	0.0000	0.0000	0.0000	0.0000	0.0000	0.0000	0.0000	0.0000	0.0000	0.0000	0.0000	0.0000	0.0000	0.0000	0.0000	0.0000	0.0000	0.0000	0.0000	0.0000	0.0000	0.0000	0.0000	0.0000	0.0000	0.0000	1.8571	0.0000	0.0000	0.9985	1.8980	0.0096	2.9698	0.0000	0.0000	0.0000	0.0000	0.0000	0.0000	0.0000	0.0000	0.0000	0.0000	0.0000	0.0000	0.0000	0.0000	0.0000	0.0000	0.0000	0.0000	0.0082	0.0073	0.0010	0.0026	0.0025	0.0001	0.0056	0.0048	0.0008	0.0034	0.0023	0.0011	0.0010	0.0010	0.0000	0.0023	0.0013	0.0011	0.0000	0.0000	0.0000	0.0000	0.0000	0.0000	0.0000	0.0000	0.0000	0.0000	0.0000	0.0000	0.0000	0.0000	0.0000	0.0000	0.0000	0.0000		
8	73	0.3045	11	2	1	1	1	0	0	0	0	Y	N	N	N	N	N	N	N	N	N	N	N	0.0046	0.0057	0.0000	0.0040	0.0040	0.0000	0.0016	0.0007	0.0000	0.0000	0.0000	0.0000	0.0000	0.0000	0.0000	0.0000	0.0000	0.0000	0.0003	0.0003	0.0003	0.0006	0.0006	0.0002	0.0004	0.0012	0.0003	0.0000	0.8158	-0.0000	-0.0000	0.9985	3.5853	0.0096	4.3819	0.0000	0.0000	0.0000	0.0000	0.0000	0.0000	0.0000	0.0000	0.0000	0.0000	0.0000	0.0000	0.0000	0.0000	0.0000	0.0000	0.0000	0.0000	0.0302	0.0277	0.0025	0.0128	0.0124	0.0004	0.0175	0.0153	0.0021	0.0051	0.0032	0.0019	0.0013	0.0012	0.0001	0.0038	0.0020	0.0018	0.0053	0.0066	0.0000	0.0040	0.0040	0.0000	0.0044	0.0542	0.0000	0.0003	0.0002	0.0003	0.0006	0.0006	0.0002	0.0002	0.0000	0.0003
8	74	0.2730	10	2	1	1	1	0	0	0	0	Y	N	N	N	N	N	N	N	N	N	N	N	0.0047	17.9314	0.0000	23.5738	25.7287	0.0000	0.0000	0.0059	0.0000	0.0005	0.0005	0.0000	0.0015	0.0016	0.0000	0.0000	0.0000	0.0000	0.1009	0.0000	0.0624	0.0001	0.0001	0.0001	0.2036	0.0006	0.0554	0.0000	805.9716	-0.0000	0.0000	0.9985	12.3589	0.0096	7.3592	0.0000	0.0000	0.0000	0.0000	0.0000	0.0000	0.0000	0.0000	0.0000	0.0001	0.0000	0.0001	0.0000	0.0000	0.0000	0.0001	0.0000	0.0001	0.0549	0.0489	0.0061	0.0168	0.0159	0.0010	0.0381	0.0330	0.0051	0.0116	0.0068	0.0048	0.0025	0.0023	0.0003	0.0091	0.0045	0.0046	0.0427	22.5778	0.0000	23.5738	25.7287	0.0000	0.0002	0.9701	0.0000	0.0111	0.0000	0.0266	0.0001	0.0001	0.0001	0.0142	0.0000	0.0282
8	75	0.2556	9	2	1	1	1	0	0	0	0	Y	N	N	N	N	N	N	N	N	N	N	N	8.3382	165.6689	0.0081	925.4103	871.4663	inf	0.6545	0.3538	0.0000	0.0012	0.0014	0.0000	0.0036	0.0038	0.0000	0.0003	0.0004	0.0000	0.0001	0.0000	0.0003	0.0000	0.0000	0.0000	0.0005	0.0010	0.0003	0.0002	31.0223	-0.0000	0.0000	0.9985	10.2127	0.0096	1.0234	0.0001	0.0001	0.0000	0.0000	0.0000	0.0000	0.0000	0.0000	0.0000	0.0000	0.0000	0.0000	0.0000	0.0000	0.0000	0.0000	0.0000	0.0000	0.0446	0.0395	0.0051	0.0123	0.0115	0.0007	0.0323	0.0280	0.0043	0.0061	0.0033	0.0027	0.0010	0.0009	0.0001	0.0050	0.0024	0.0026	8.3382	165.6689	0.0081	925.4103	871.4663	inf	1.7493	36.2729	0.0000	0.0001	0.0000	0.0003	0.0000	0.0000	0.0000	0.0002	0.0000	0.0003
8	76	0.2525	8	2	1	0	1	0	0	0	0	Y	N	N	N	N	N	N	N	N	N	N	N	857.3656	1440.6476	0.0000	inf	inf	964.0430	6.2950	0.0000	0.0017	0.0019	0.0000	0.0000	0.0000	0.0000	0.0023	0.0027	0.0000	0.0000	0.0000	0.0000	0.0000	0.0000	0.0000	0.0000	0.0004	0.0000	0.0000	1.7333	-0.0000	0.0000	0.9985	3.7027	0.0096	0.0091	0.0000	0.0000	0.0000	0.0000	0.0000	0.0000	0.0000	0.0000	0.0000	0.0000	0.0000	0.0000	0.0000	0.0000	0.0000	0.0000	0.0000	0.0000	0.0175	0.0155	0.0019	0.0046	0.0044	0.0002	0.0129	0.0112	0.0017	0.0020	0.0011	0.0009	0.0004	0.0003	0.0000	0.0017	0.0008	0.0009	857.3656	1440.6476	0.0000	inf	inf	0.0000	964.0430	1449.3612	0.0000	0.0000	0.0000	0.0000	0.0000	0.0000	0.0000	0.0000	0.0000	0.0000	
8	77	0.2355	7	1	1	0	1	0	0	0	0	N	N	N	N	N	N	N	N	N	N	N	N	47.2013	22.4143	37.7917	38.1000	inf	inf	0.0216	0.0241	0.0000	0.0545	0.0584	0.0000	0.0007	0.0008	0.0000	0.0005	0.0011	0.0000	0.0014	0.0015	0.0000	0.0000	0.0000	0.0000	0.0000	0.0000	-0.0001	-0.0000	0.9985	3.8334	0.0096	6.1787	0.0005	0.0005	0.0000	0.0005	0.0005	0.0000	0.0000	0.0000	0.0000	0.0000	0.0000	0.0000	0.0000	0.0000	0.0000	0.0000	0.0000	0.0000	0.0222	0.0199	0.0024	0.0086	0.0080	0.0006	0.0136	0.0118	0.0018	0.0074	0.0043	0.0030	0.0018	0.0017	0.0001	0.0056	0.0026	0.0029	61.9425	40.6498	0.0000	37.7917	38.1000	0.0000	inf	inf	0.0000	0.0003	0.0006	0.0000	0.0014	0.0015	0.0000	0.0000	0.0000	0.0000			
8	78	0.1964	6	1	1	0	1	0	0	0	0	N	N	N	N	N	N	N	N	N	N	N	N	0.0073	0.0061	9.0655	0.0000	0.0000	0.0000	180.1825	7.0052	46.0928	0.0059	0.0065	0.0011	0.0000	0.0000	0.0000	0.0076	0.0086	0.0013	0.8060	1.0619	0.0001	1.5723	1.6754	0.0007	0.0000	0.0012	0.0000	0.0217	0.0004	-0.0001	-0.0015	0.9985	16.9094	0.0096	5.8161	0.0005	0.0005	0.0000	0.0000	0.0000	0.0000	0.0005	0.0005	0.0000	0.0024	0.0024	0.0000	0.0024	0.0024	0.0000	0.0000	0.0000	0.0000	0.0795	0.0706	0.0088	0.0178	0.0169	0.0009	0.0616	0.0537	0.0080	0.0203	0.0126	0.0077	0.0064	0.0054	0.0011	0.0138	0.0072	0.0066	0.0493	0.0337	9.0655	0.0000	0.0000	0.0000	356.1266	532.4674	46.0928	0.1198	0.1927	0.0001	0.3772	0.4519	0.0007	0.0000	0.0000	0.0000
8	79	0.1221	6	1	2	0	1	0	0	0	0	N	Y	N	N	N	N	N	N	N	N	N	N	0.0010	0.0020	0.0131	0.0084	0.0080	0.0006	0.0156	0.0001	0.0000	0.0008	0.0000	0.0000	0.0000	0.0001	0.0000	0.0008	0.1042	0.0006	0.0604	0.0012	0.0014	0.0000	0.1958	0.0000	0.0536	103.1615	47.3583	0.0000	0.0001	0.9985	23.9173	0.0096	17.8091	0.0000	0.0000	0.0000	0.0000	0.0000	0.0000	0.0000	0.0000	0.0000	0.0003	0.0000	0.0003	0.0000	0.0000	0.0000	0.0003	0.0000	0.0003	0.0979	0.0852	0.0126	0.0093	0.0087	0.0006	0.0885	0.0765	0.0120	0.0254	0.0147	0.0107	0.0048	0.0042	0.0005	0.0206	0.0104	0.0102	0.0092	0.0028	0.0303	0.0084	0.0080	0.0000	0.0084	0.0000	0.0304	0.0112	0.0004	0.0261	0.0012	0.0014	0.0000	0.0136	0.0000	0.0275		
8	80	0.1060	5	1	2	0	1	0	0	0	0	N	Y	N	N	N	N	N	N	N	N	N	N	0.0000	0.0000	0.0588	0.0000	0.0000	0.0265	inf	0.0590	0.0000	0.0000	0.0000	0.0000	0.0000	0.0000	0.0000	0.0000	0.0000	1.0840	1.4682	0.0001	3.1853	3.2215	0.0000	0.0002	0.0000	0.0002	0.2446	0.0001	-0.0000	-0.0023	0.9985	6.1279	0.0096	3.6878	0.0000	0.0000	0.0000	0.0000	0.0000	0.0000	0.0000	0.0000	0.0000	0.0036	0.0036	0.0000	0.0036	0.0036	0.0000	0.0000	0.0000	0.0000	0.0259	0.0224	0.0034	0.0019	0.0018	0.0001	0.0239	0.0206	0.0033	0.0076	0.0048	0.0028	0.0016	0.0015	0.0001	0.0060	0.0033	0.0027	0.0000	0.0000	0.0588	0.0000	0.0000	0.0000	0.0736	inf	0.0590	0.4771	0.7595	0.0001	2.2812	2.4286	0.0000	0.0001	0.0000	0.0002	
8	81	0.1359	7	2	1	1	1	0	0	0	0	Y	N	N	N	N	N	N	N	N	N	N	N	615.4674	386.7703	591.0381	565.4765	0.0037	0.0042	0.0000	0.0211	0.0224	0.0000	0.0000	0.0000	0.0000	0.0000	0.0000	0.0000	0.0000	0.0000	0.0000	0.0000	0.0000	0.0000	0.0000	0.0000	-0.0001	-0.0000	0.9985	27.2690	0.0096	12.3406	0.0004	0.0004	0.0000	0.0004	0.0004	0.0000	0.0000	0.0000	0.0000	0.0000	0.0000	0.0000	0.0000	0.0000	0.0000	0.0000	0.0000	0.0000	0.1084	0.0951	0.0134	0.0189	0.0178	0.0011	0.0895	0.0773	0.0123	0.0224	0.0124	0.0101	0.0038	0.0034	0.0004	0.0187	0.0090	0.0097	615.4674	386.7703	0.0000	591.0381	565.4765	0.0000	0.0000	0.0000	0.0000	0.0000	0.0000	0.0000	0.0000	0.0000	0.0000	0.0000	0.0000	0.0000					
8	82	0.1205	6	1	1	0	1	0	0	0	0	N	N	N	N	N	N	N	N	N	N	N	N	377.1087	3450.6545	81.8167	0.3602	0.3235	inf	211.9205	inf	86.8754	0.0092	0.0099	0.0041	0.0000	0.0000	0.0000	0.0121	0.0132	0.0045	0.0000	0.0000	0.0001	0.0000	0.0000	0.0000	0.0001	0.0000	0.0001	0.0525	14.7740	-0.0001	0.0000	0.9985	9.0798	0.0096	0.9519	0.0004	0.0004	0.0000	0.0000	0.0000	0.0000	0.0004	0.0004	0.0000	0.0000	0.0000	0.0000	0.0000	0.0000	0.0000	0.0000	0.0000	0.0000	0.0444	0.0394	0.0050	0.0105	0.0100	0.0005	0.0339	0.0294	0.0045	0.0059	0.0032	0.0027	0.0009	0.0008	0.0001	0.0050	0.0024	0.0026	377.1087	3450.6545	81.8167	0.3602	0.3235	inf	448.9682	inf	86.8754	0.0000	0.0000	0.0001	0.0000	0.0000	0.0000	0.0000	0.0000	0.0001
8	83	0.1060	5	1	2	0	1	0	0	0	0	N	Y	N	N	N	N	N	N	N	N	N	N	0.0009	0.0119	0.0000	0.0000	0.0006	0.0142	0.0001	0.0000	0.0009	0.0000	0.0000	0.0000	0.0001	0.0000	0.0009	0.1323	0.0000	0.0756	0.0000	0.0000	0.0004	0.2190	0.0000	0.0654	inf	inf	0.0000	0.0001	0.9985	21.0000	0.0096	14.4214	0.0000	0.0000	0.0000	0.0000	0.0000	0.0000	0.0000	0.0000	0.0000	0.0003	0.0000	0.0003	0.0000	0.0000	0.0000	0.0003	0.0000	0.0003	0.0852	0.0741	0.0112	0.0064	0.0060	0.0004	0.0788	0.0681	0.0107	0.0223	0.0130	0.0093	0.0036	0.0032	0.0003	0.0187	0.0097	0.0090	0.0093	0.0000	0.0298	0.0000	0.0000	0.0000	0.0085	0.0000	0.0299	0.0126	0.0000	0.0301	0.0000	0.0000	0.0004	0.0150	0.0000	0.0312			
8	84	0.1637	9	1	1	1	1	0	0	0	0	N	N	N	N	N	N	N	N	N	N	N	N	0.0000	0.0000	0.0000	0.0000	0.0000	0.0000	0.0000	0.0000	0.0000	0.0000	0.0000	0.0000	0.0000	0.0000	0.0000	0.0000	0.1994	0.0000	0.1020	0.0000	0.0000	0.0000	0.3017	0.0000	0.0988	39974.8000	0.0000	0.0001	0.9985	20.4085	0.0096	11.0867	0.0000	0.0000	0.0000	0.0000	0.0000	0.0000	0.0000	0.0000	0.0000	0.0003	0.0000	0.0003	0.0000	0.0000	0.0000	0.0003	0.0000	0.0003	0.0872	0.0764	0.0108	0.0160	0.0148	0.0011	0.0712	0.0615	0.0097	0.0181	0.0105	0.0077	0.0037	0.0033	0.0004	0.0144	0.0072	0.0072	0.0000	0.0000	0.0000	0.0000	0.0000	0.0000	0.0000	0.0000	0.0000	0.0155	0.0000	0.0366	0.0000	0.0000	0.0000	0.0194	0.0000	0.0388			
8	85	0.1599	8	1	1	1	1	0	0	0	0	N	N	N	N	N	N	N	N	N	N	N	N	0.0000	0.0000	0.0000	0.0000	0.0000	0.0000	0.0000	0.0000	0.0000	0.0000	0.0000	0.0000	0.0000	0.0000	0.0000	0.0000	0.0001	0.0000	0.0002	0.0001	0.0001	0.0000	0.0002	0.0000	0.0002	4.5970	-0.0000	0.0000	0.9985	3.1287	0.0096	1.1816	0.0000	0.0000	0.0000	0.0000	0.0000	0.0000	0.0000	0.0000	0.0000	0.0000	0.0000	0.0000	0.0000	0.0000	0.0000	0.0000	0.0000	0.0000	0.0196	0.0173	0.0023	0.0068	0.0062	0.0005	0.0129	0.0111	0.0018	0.0029	0.0018	0.0012	0.0007	0.0006	0.0001	0.0022	0.0011	0.0011	0.0000	0.0000	0.0000	0.0000	0.0000	0.0000	0.0000	0.0000	0.0000	0.0001	0.0000	0.0002	0.0001	0.0001	0.0000	0.0001	0.0000	0.0002			
8	86	0.1530	7	1	1	0	1	0	0	0	0	N	N	N	N	N	N	N	N	N	N	N	N	0.0088	0.0045	0.0000	0.0013	0.0013	0.2653	inf	0.0000	0.0000	0.0000	0.0000	0.0000	0.0000	0.0000	0.0000	0.0000	0.0000	0.0005	0.0011	0.0000	0.0016	0.0018	0.0000	0.0000	0.0000	0.0000	0.0000	0.0248	-0.0000	-0.0000	0.9985	4.0532	0.0096	2.2470	0.0000	0.0000	0.0000	0.0000	0.0000	0.0000	0.0000	0.0000	0.0000	0.0000	0.0000	0.0000	0.0000	0.0000	0.0000	0.0000	0.0000	0.0000	0.0213	0.0188	0.0026	0.0059	0.0054	0.0005	0.0155	0.0134	0.0021	0.0044	0.0026	0.0018	0.0010	0.0009	0.0001	0.0034	0.0017	0.0017	0.0120	0.0084	0.0000	0.0013	0.0013	0.0000	0.4653	inf	0.0000	0.0004	0.0006	0.0000	0.0016	0.0018	0.0000	0.0000	0.0000	0.0000	
8	87	0.1299	6	1	1	0	1	0	0	0	0	N	N	N	N	N	N	N	N	N	N	N	N	9.7602	68.2804	0.0052	19.2190	26.3150	0.0099	3.1894	inf	0.0048	0.0015	0.0018	0.0000	0.0013	0.0015	0.0000	0.0017	0.0020	0.0000	0.0002	0.0000	0.0004	0.0001	0.0001	0.0002	0.0005	0.0000	0.0004	0.0002	10.7767	-0.0000	0.0000	0.9985	4.7288	0.0096	9.8540	0.0000	0.0000	0.0000	0.0000	0.0000	0.0000	0.0000	0.0000	0.0000	0.0000	0.0000	0.0000	0.0000	0.0000	0.0000	0.0000	0.0000	0.0000	0.0302	0.0259	0.0042	0.0096	0.0086	0.0011	0.0205	0.0174	0.0032	0.0114	0.0072	0.0042	0.0029	0.0027	0.0002	0.0085	0.0045	0.0040	9.7602	84.1012	0.0052	19.2190	26.3150	0.0099	8.7211	inf	0.0048	0.0002	0.0000	0.0004	0.0001	0.0001	0.0002	0.0002	0.0000	0.0004
8	88	0.1060	5	1	1	0	1	0	0	0	0	N	N	N	N	N	N	N	N	N	N	N	N	42.1793	196.8245	0.0159	187.2814	752.0551	0.0000	0.0147	0.0016	0.0315	0.0013	0.0015	0.0000	0.0174	0.0186	0.0000	0.0000	0.0000	0.0000	0.0000	0.0000	0.0001	0.0001	0.0000	0.0010	0.0000	0.0003	0.0000	0.0001	5.6788	-0.0000	0.0000	0.9985	8.6320	0.0096	7.0881	0.0000	0.0000	0.0000	0.0000	0.0000	0.0000	0.0000	0.0000	0.0000	0.0000	0.0000	0.0000	0.0000	0.0000	0.0000	0.0000	0.0000	0.0000	0.0362	0.0314	0.0048	0.0027	0.0025	0.0002	0.0335	0.0288	0.0046	0.0112	0.0068	0.0044	0.0021	0.0019	0.0002	0.0091	0.0048	0.0042	42.1793	196.8245	0.0159	187.2814	752.0551	0.0000	0.0294	0.4511	0.0315	0.0000	0.0000	0.0001	0.0001	0.0000	0.0010	0.0000	0.0000	0.0000
8	89	0.1738	7	1	2	0	1	0	0	0	0	N	Y	N	N	N	N	N	N	N	N	N	N	1.7136	0.4965	135.3307	0.0022	0.0021	0.0000	inf	inf	inf	0.0003	0.0002	0.0012	0.0000	0.0000	0.0000	0.0003	0.0002	0.0013	0.0002	0.0003	0.0000	0.0007	0.0008	0.0002	0.0000	0.0000	0.0000	0.9949	0.0213	0.0000	-0.0000	0.9985	15.4622	0.0096	5.2688	0.0000	0.0000	0.0000	0.0000	0.0000	0.0000	0.0000	0.0000	0.0000	0.0000	0.0000	0.0000	0.0000	0.0000	0.0000	0.0000	0.0000	0.0000	0.0698	0.0613	0.0085	0.0124	0.0118	0.0007	0.0574	0.0496	0.0078	0.0137	0.0082	0.0055	0.0031	0.0029	0.0003	0.0106	0.0053	0.0053	1.7136	0.5969	135.3307	0.0022	0.0021	0.0000	inf	inf	inf	0.0002	0.0003	0.0000	0.0007	0.0008	0.0002	0.0000	0.0000	0.0000
8	90	0.1620	6	1	1	0	1	0	0	0	0	N	N	N	N	N	N	N	N	N	N	N	N	0.1920	0.2228	0.0122	0.0346	0.0347	0.0000	0.2471	0.8224	0.0131	0.0003	0.0003	0.0000	0.0001	0.0001	0.0000	0.0003	0.0004	0.0000	0.0014	0.0014	0.0009	0.0016	0.0017	0.0009	0.0013	0.0005	0.0009	0.0046	0.7441	-0.0000	-0.0000	0.9985	7.5917	0.0096	1.5198	0.0000	0.0000	0.0000	0.0000	0.0000	0.0000	0.0000	0.0000	0.0000	0.0000	0.0000	0.0000	0.0000	0.0000	0.0000	0.0000	0.0000	0.0000	0.0384	0.0340	0.0045	0.0075	0.0072	0.0003	0.0309	0.0268	0.0041	0.0073	0.0045	0.0027	0.0020	0.0018	0.0002	0.0052	0.0027	0.0026	0.3558	0.4369	0.0122	0.0346	0.0347	0.0000	0.7626	172.6027	0.0131	0.0008	0.0007	0.0009	0.0016	0.0017	0.0009	0.0004	0.0000	0.0009
8	91	0.2130	8	2	1	1	1	0	0	0	0	Y	N	N	N	N	N	N	N	N	N	N	N	inf	inf	inf	inf	0.0000	0.0000	0.0002	0.0000	0.0000	0.0000	0.0000	0.0000	0.0002	0.0000	0.0000	0.0000	0.0000	0.0000	0.0000	0.0000	0.0000	0.0000	inf	0.0000	0.0000	0.9985	3.0317	0.0096	0.1644	0.0000	0.0000	0.0000	0.0000	0.0000	0.0000	0.0000	0.0000	0.0000	0.0000	0.0000	0.0000	0.0000	0.0000	0.0000	0.0000	0.0000	0.0000	0.0125	0.0110	0.0015	0.0027	0.0026	0.0002	0.0098	0.0085	0.0014	0.0017	0.0009	0.0008	0.0003	0.0002	0.0000	0.0015	0.0007	0.0008	inf	0.0000	inf	0.0000	0.0000	0.0000	inf	0.0000	inf	0.0000	0.0000	0.0000	0.0000	0.0000	0.0000	0.0000	0.0000	0.0000						
8	92	0.2072	7	2	1	1	1	0	0	0	0	Y	N	N	N	N	N	N	N	N	N	N	N	19.7257	6.0823	inf	4.1304	3.9318	inf	inf	0.0000	0.0000	0.0002	0.0000	0.0000	0.0000	0.0000	0.0000	0.0002	0.0000	0.0000	0.0000	0.0000	0.0000	0.0000	0.0000	0.0000	0.0000	0.9945	0.0000	0.0000	-0.0000	0.9985	2.6632	0.0096	1.0147	0.0000	0.0000	0.0000	0.0000	0.0000	0.0000	0.0000	0.0000	0.0000	0.0000	0.0000	0.0000	0.0000	0.0000	0.0000	0.0000	0.0000	0.0000	0.0157	0.0140	0.0017	0.0064	0.0060	0.0004	0.0093	0.0081	0.0012	0.0021	0.0012	0.0010	0.0004	0.0003	0.0000	0.0018	0.0008	0.0009	19.7257	6.0823	inf	4.1304	3.9318	0.0000	inf	0.0000	inf	0.0000	0.0000	0.0000	0.0000	0.0000	0.0000	0.0000	0.0000	0.0000		
8	93	0.1240	6	2	1	1	1	0	0	0	0	Y	N	N	N	N	N	N	N	N	N	N	N	39.6862	23.3188	1884.1211	29.5832	27.1322	494.1455	1961.9236	0.0023	0.0025	0.0006	0.0109	0.0115	0.0000	0.0001	0.0000	0.0006	0.0001	0.0001	0.0000	0.0004	0.0004	0.0000	0.0000	0.0000	0.0000	0.0293	0.0024	-0.0001	-0.0000	0.9985	35.0787	0.0096	12.2568	0.0003	0.0003	0.0000	0.0003	0.0003	0.0000	0.0000	0.0000	0.0000	0.0000	0.0000	0.0000	0.0000	0.0000	0.0000	0.0000	0.0000	0.0000	0.1499	0.1326	0.0173	0.0302	0.0289	0.0014	0.1197	0.1037	0.0159	0.0253	0.0135	0.0118	0.0039	0.0034	0.0005	0.0214	0.0101	0.0113	39.6862	23.3188	1884.1211	29.5832	27.1322	0.0000	494.1455	0.0000	1961.9236	0.0001	0.0001	0.0000	0.0004	0.0004	0.0000	0.0000	0.0000	0.0000		
8	94	0.1105	5	2	1	0	1	0	0	0	0	Y	N	N	N	N	N	N	N	N	N	N	N	9.0635	7.3594	10.9072	0.0545	0.0606	0.0000	23.6733	7.1573	17.5199	0.0068	0.0071	0.0041	0.0001	0.0001	0.0000	0.0091	0.0098	0.0044	0.0008	0.0010	0.0004	0.0022	0.0020	0.0036	0.0004	0.0014	0.0003	0.0678	0.5698	-0.0001	-0.0000	0.9985	8.4810	0.0096	2.3446	0.0003	0.0003	0.0000	0.0000	0.0000	0.0000	0.0003	0.0003	0.0000	0.0000	0.0000	0.0000	0.0000	0.0000	0.0000	0.0000	0.0000	0.0000	0.0489	0.0438	0.0051	0.0126	0.0122	0.0004	0.0363	0.0315	0.0048	0.0066	0.0036	0.0030	0.0011	0.0010	0.0001	0.0056	0.0027	0.0029	14.4131	12.9443	10.9072	0.0545	0.0606	0.0000	64.5738	476.0496	17.5199	0.0005	0.0005	0.0004	0.0022	0.0020	0.0036	0.0001	0.0000	0.0003
8	95	0.1060	5	1	2	0	2	0	0	0	0	N	Y	N	Y	N	N	N	N	N	N	N	N	0.0040	inf	0.0000	0.0065	inf	0.0000	0.0031	inf	0.0000	0.0009	0.0011	0.0000	0.0000	0.0000	0.0000	0.0010	0.0012	0.0000	0.2324	0.0000	0.1234	0.0000	0.0000	0.0003	0.3233	0.0000	0.1123	0.0003	inf	-0.0000	0.0002	0.9985	24.0032	0.0096	22.6134	0.0001	0.0001	0.0000	0.0000	0.0000	0.0000	0.0001	0.0001	0.0000	0.0005	0.0000	0.0005	0.0000	0.0000	0.0000	0.0005	0.0000	0.0005	0.0967	0.0841	0.0126	0.0073	0.0068	0.0005	0.0894	0.0772	0.0121	0.0282	0.0163	0.0119	0.0044	0.0039	0.0004	0.0238	0.0124	0.0115	0.0547	inf	0.0000	0.0065	inf	0.0000	0.0500	inf	0.0000	0.0170	0.0000	0.0404	0.0000	0.0000	0.0003	0.0201	0.0000	0.0418
8	96	0.5234	9	1	2	0	1	0	0	0	0	N	Y	N	N	N	N	N	N	N	N	N	N	10.1662	4256.7783	0.0000	315.1228	5298.0654	0.0000	0.0000	0.0000	0.0008	0.0009	0.0000	0.0023	0.0024	0.0000	0.0000	0.0000	0.0000	0.0001	0.0000	0.0002	0.0000	0.0000	0.0001	0.0003	0.0000	0.0002	0.0000	582.7500	-0.0000	0.0000	0.9985	18.5150	0.0096	10.2301	0.0001	0.0001	0.0000	0.0001	0.0001	0.0000	0.0000	0.0000	0.0000	0.0000	0.0000	0.0000	0.0000	0.0000	0.0000	0.0000	0.0000	0.0000	0.0775	0.0691	0.0084	0.0265	0.0250	0.0015	0.0510	0.0441	0.0069	0.0154	0.0098	0.0055	0.0049	0.0044	0.0005	0.0105	0.0054	0.0051	10.1662	4256.7783	0.0000	315.1228	5298.0654	0.0000	0.0000	0.0000	0.0000	0.0001	0.0000	0.0002	0.0000	0.0000	0.0001	0.0001	0.0000	0.0002	
8	97	0.0769	4	1	2	0	1	0	0	0	0	N	Y	N	N	N	N	N	N	N	N	N	N	0.0114	inf	0.0703	0.0000	0.0000	0.0052	inf	0.0799	0.0003	0.0001	0.0022	0.0000	0.0000	0.0000	0.0004	0.0001	0.0023	0.0293	0.0000	0.0313	0.0000	0.0000	0.0003	0.0691	0.0000	0.0285	4.9997	inf	0.0000	0.0001	0.9985	46.1140	0.0096	26.4917	0.0001	0.0000	0.0000	0.0000	0.0000	0.0000	0.0001	0.0000	0.0000	0.0003	0.0000	0.0003	0.0000	0.0000	0.0000	0.0003	0.0000	0.0003	0.1798	0.1571	0.0227	0.0135	0.0127	0.0008	0.1663	0.1444	0.0219	0.0409	0.0224	0.0185	0.0047	0.0042	0.0005	0.0362	0.0182	0.0181	0.0488	inf	0.1456	0.0000	0.0000	0.0000	0.0467	inf	0.1471	0.0068	0.0000	0.0151	0.0000	0.0000	0.0003	0.0077	0.0000	0.0155	
8	98	0.5763	11	1	2	0	1	0	0	0	0	N	Y	N	N	N	N	N	N	N	N	N	N	0.0000	0.0000	0.0000	0.0000	0.0000	0.0000	0.0000	0.0000	0.0000	0.0000	0.0000	0.0000	0.0000	0.0000	0.0000	0.0000	0.0000	0.0000	0.0000	0.0000	0.0001	0.0000	0.0000	0.0000	0.6155	0.0000	-0.0000	0.9985	20.7840	0.0096	8.9470	0.0000	0.0000	0.0000	0.0000	0.0000	0.0000	0.0000	0.0000	0.0000	0.0000	0.0000	0.0000	0.0000	0.0000	0.0000	0.0000	0.0000	0.0000	0.0788	0.0706	0.0082	0.0300	0.0283	0.0017	0.0488	0.0423	0.0065	0.0125	0.0080	0.0045	0.0043	0.0037	0.0006	0.0082	0.0043	0.0039	0.0000	0.0000	0.0000	0.0000	0.0000	0.0000	0.0000	0.0000	0.0000	0.0000	0.0000	0.0000	0.0000	0.0000	0.0001	0.0000	0.0000	0.0000				
8	99	0.5714	10	1	1	0	1	0	0	0	0	N	N	N	N	N	N	N	N	N	N	N	N	0.0032	0.0047	0.0002	0.0002	0.0002	0.0046	0.0473	0.0003	0.0000	0.0000	0.0000	0.0000	0.0000	0.0000	0.0000	0.0001	0.0000	0.0064	0.0048	0.0036	0.0025	0.0027	0.0000	0.0102	0.0012	0.0035	0.0037	1.3387	-0.0000	-0.0000	0.9985	2.7834	0.0096	1.0450	0.0000	0.0000	0.0000	0.0000	0.0000	0.0000	0.0000	0.0000	0.0000	0.0000	0.0000	0.0000	0.0000	0.0000	0.0000	0.0000	0.0000	0.0000	0.0290	0.0266	0.0025	0.0166	0.0160	0.0006	0.0124	0.0106	0.0018	0.0033	0.0019	0.0013	0.0013	0.0012	0.0001	0.0020	0.0007	0.0013	0.0087	0.0131	0.0003	0.0002	0.0002	0.0000	0.0212	3.7149	0.0003	0.0024	0.0017	0.0033	0.0025	0.0027	0.0000	0.0022	0.0000	0.0035	
8	100	0.5614	9	1	1	0	1	0	0	0	0	N	N	N	N	N	N	N	N	N	N	N	N	0.0000	0.0000	0.0000	0.0000	0.0000	0.0000	0.0001	0.0004	0.0000	0.0000	0.0000	0.0000	0.0000	0.0000	0.0000	0.0000	0.0000	0.0000	0.0037	0.0049	0.0012	0.0028	0.0030	0.0004	0.0024	0.0008	0.0012	0.0118	0.3981	-0.0000	-0.0000	0.9985	7.6044	0.0096	2.7972	0.0000	0.0000	0.0000	0.0000	0.0000	0.0000	0.0000	0.0000	0.0000	0.0000	0.0000	0.0000	0.0000	0.0000	0.0000	0.0000	0.0000	0.0000	0.0557	0.0504	0.0053	0.0285	0.0270	0.0015	0.0272	0.0234	0.0037	0.0078	0.0049	0.0029	0.0030	0.0028	0.0002	0.0048	0.0021	0.0027	0.0001	0.0001	0.0000	0.0000	0.0000	0.0000	0.0004	0.0598	0.0000	0.0015	0.0017	0.0012	0.0028	0.0030	0.0004	0.0007	0.0000	0.0012
8	101	0.5118	8	1	1	0	1	0	0	0	0	N	N	N	N	N	N	N	N	N	N	N	N	0.0000	0.0000	0.0000	0.0001	0.0001	0.0000	0.0000	0.0001	0.0000	0.0000	0.0000	0.0000	0.0000	0.0000	0.0000	0.0000	0.0000	0.0000	0.0560	0.2149	0.0008	0.0666	0.0805	0.0001	0.0013	0.0006	0.0008	0.0088	0.0331	-0.0000	-0.0001	0.9985	18.4780	0.0096	12.4520	0.0000	0.0000	0.0000	0.0000	0.0000	0.0000	0.0000	0.0000	0.0000	0.0001	0.0001	0.0000	0.0001	0.0001	0.0000	0.0000	0.0000	0.0000	0.0796	0.0710	0.0086	0.0272	0.0257	0.0015	0.0524	0.0453	0.0071	0.0154	0.0095	0.0058	0.0046	0.0041	0.0005	0.0108	0.0054	0.0054	0.0002	0.0001	0.0000	0.0001	0.0001	0.0000	0.0001	0.0132	0.0000	0.0090	0.0140	0.0008	0.0289	0.0322	0.0001	0.0004	0.0000	0.0008
8	102	0.2200	8	1	2	0	1	0	0	0	0	N	Y	N	N	N	N	N	N	N	N	N	N	0.1759	1.3216	0.0000	0.4658	1.5691	0.0000	0.0000	0.0000	0.0002	0.0002	0.0000	0.0007	0.0008	0.0000	0.0000	0.0000	0.0000	0.0012	0.0002	0.0015	0.0016	0.0005	0.0149	0.0011	0.0000	0.0008	0.0000	5.2262	-0.0000	0.0000	0.9985	34.1922	0.0096	22.4626	0.0000	0.0000	0.0000	0.0000	0.0000	0.0000	0.0000	0.0000	0.0000	0.0000	0.0000	0.0000	0.0000	0.0000	0.0000	0.0000	0.0000	0.0000	0.1870	0.1670	0.0200	0.0533	0.0512	0.0021	0.1337	0.1158	0.0179	0.0357	0.0221	0.0136	0.0083	0.0077	0.0006	0.0274	0.0144	0.0129	0.3203	1.3834	0.0000	0.4658	1.5691	0.0000	0.0000	0.0000	0.0000	0.0007	0.0002	0.0015	0.0016	0.0005	0.0149	0.0004	0.0000	0.0008	
8	103	0.1722	7	1	2	0	1	0	0	0	0	N	Y	N	N	N	N	N	N	N	N	N	N	0.0430	0.0426	0.0538	0.1707	0.1608	0.0110	0.0043	0.0006	0.0571	0.0002	0.0002	0.0001	0.0009	0.0009	0.0000	0.0000	0.0000	0.0001	0.0046	0.0050	0.0019	0.0053	0.0059	0.0013	0.0041	0.0048	0.0019	0.0658	0.7394	-0.0000	-0.0000	0.9985	22.5884	0.0096	11.0115	0.0000	0.0000	0.0000	0.0000	0.0000	0.0000	0.0000	0.0000	0.0000	0.0000	0.0000	0.0000	0.0000	0.0000	0.0000	0.0000	0.0000	0.0000	0.1103	0.0971	0.0132	0.0226	0.0215	0.0011	0.0877	0.0756	0.0121	0.0227	0.0135	0.0091	0.0050	0.0046	0.0004	0.0176	0.0089	0.0087	0.1097	0.1212	0.0538	0.2004	0.1980	0.0110	0.0169	0.0165	0.0571	0.0018	0.0017	0.0019	0.0045	0.0048	0.0013	0.0010	0.0002	0.0019
8	104	0.1421	6	1	1	0	1	0	0	0	0	N	N	N	N	N	N	N	N	N	N	N	N	0.0112	0.0120	0.0187	0.0376	0.0360	0.0000	0.0023	0.0050	0.0202	0.0001	0.0001	0.0000	0.0002	0.0003	0.0000	0.0000	0.0000	0.0000	0.0048	0.0047	0.0021	0.0066	0.0073	0.0018	0.0041	0.0008	0.0021	0.0969	0.8660	-0.0000	-0.0000	0.9985	11.8100	0.0096	8.7888	0.0000	0.0000	0.0000	0.0000	0.0000	0.0000	0.0000	0.0000	0.0000	0.0000	0.0000	0.0000	0.0000	0.0000	0.0000	0.0000	0.0000	0.0000	0.0582	0.0511	0.0071	0.0109	0.0103	0.0006	0.0473	0.0408	0.0065	0.0141	0.0083	0.0058	0.0028	0.0025	0.0002	0.0113	0.0057	0.0056	0.0291	0.0331	0.0187	0.0480	0.0480	0.0000	0.0089	0.6818	0.0202	0.0019	0.0017	0.0021	0.0052	0.0055	0.0018	0.0010	0.0000	0.0021
8	105	0.1060	5	1	1	0	1	0	0	0	0	N	N	N	N	N	N	N	N	N	N	N	N	0.0102	0.0053	0.1009	0.0111	0.0106	0.0000	6.3227	inf	0.7195	0.0000	0.0000	0.0000	0.0001	0.0001	0.0000	0.0000	0.0000	0.0000	0.0016	0.0034	0.0000	0.0057	0.0064	0.0007	0.0000	0.0000	0.0000	0.0238	0.0142	-0.0000	-0.0000	0.9985	14.7392	0.0096	7.3617	0.0000	0.0000	0.0000	0.0000	0.0000	0.0000	0.0000	0.0000	0.0000	0.0000	0.0000	0.0000	0.0000	0.0000	0.0000	0.0000	0.0000	0.0000	0.0608	0.0528	0.0080	0.0046	0.0043	0.0003	0.0562	0.0485	0.0077	0.0149	0.0088	0.0060	0.0026	0.0024	0.0002	0.0123	0.0065	0.0058	0.0198	0.0134	0.1009	0.0135	0.0134	0.0000	6.3227	inf	0.7195	0.0008	0.0013	0.0000	0.0047	0.0050	0.0007	0.0000	0.0000	0.0000
8	106	0.1205	6	1	2	0	1	0	0	0	0	N	Y	N	N	N	N	N	N	N	N	N	N	199.1846	0.0211	inf	0.0425	0.0237	inf	inf	inf	0.0001	0.0000	0.0010	0.0000	0.0000	0.0000	0.0001	0.0000	0.0011	0.0000	0.0000	0.0000	0.0000	0.0000	0.0000	0.0000	0.0000	0.0000	5789.5000	0.0000	0.0000	-0.0000	0.9985	20.0414	0.0096	7.0324	0.0000	0.0000	0.0000	0.0000	0.0000	0.0000	0.0000	0.0000	0.0000	0.0000	0.0000	0.0000	0.0000	0.0000	0.0000	0.0000	0.0000	0.0000	0.0865	0.0763	0.0102	0.0166	0.0158	0.0008	0.0699	0.0605	0.0094	0.0150	0.0081	0.0069	0.0021	0.0019	0.0003	0.0129	0.0062	0.0067	199.1846	0.0211	inf	0.0425	0.0237	inf	inf	0.0000	inf	0.0000	0.0000	0.0000	0.0000	0.0000	0.0000	0.0000	0.0000	0.0000	
8	107	0.1105	5	1	1	0	1	0	0	0	0	N	N	N	N	N	N	N	N	N	N	N	N	2.3059	0.0017	101.1778	0.0037	0.0025	0.0562	49.5332	inf	367.8464	0.0009	0.0000	0.0087	0.0000	0.0000	0.0001	0.0012	0.0000	0.0093	0.0004	0.0008	0.0001	0.0018	0.0018	0.0016	0.0000	0.0000	0.0000	701.8442	0.1426	0.0000	-0.0000	0.9985	7.0315	0.0096	1.2144	0.0000	0.0000	0.0000	0.0000	0.0000	0.0000	0.0000	0.0000	0.0000	0.0000	0.0000	0.0000	0.0000	0.0000	0.0000	0.0000	0.0000	0.0000	0.0432	0.0388	0.0044	0.0119	0.0116	0.0003	0.0313	0.0272	0.0041	0.0052	0.0029	0.0023	0.0009	0.0008	0.0001	0.0043	0.0021	0.0022	2.8561	0.0028	101.1778	0.0037	0.0025	0.0562	92.4284	inf	367.8464	0.0003	0.0005	0.0001	0.0018	0.0018	0.0016	0.0000	0.0000	0.0000
8	108	0.0769	4	1	1	0	1	0	0	0	0	N	N	N	N	N	N	N	N	N	N	N	N	0.0000	0.0000	62.2702	0.0000	0.0000	16.2408	0.0067	63.0036	0.0000	0.0000	0.0002	0.0000	0.0000	0.0000	0.0000	0.0000	0.0002	0.9682	1.3442	0.0000	2.9627	3.0657	0.0000	0.0000	0.0001	0.0000	11.3484	0.0000	0.0000	-0.0023	0.9985	16.2725	0.0096	4.4748	0.0000	0.0000	0.0000	0.0000	0.0000	0.0000	0.0000	0.0000	0.0000	0.0036	0.0036	0.0000	0.0036	0.0036	0.0000	0.0000	0.0000	0.0000	0.0715	0.0624	0.0091	0.0066	0.0063	0.0003	0.0649	0.0561	0.0088	0.0138	0.0077	0.0061	0.0018	0.0017	0.0001	0.0119	0.0060	0.0059	0.0001	0.0000	62.2702	0.0000	0.0000	0.0000	16.2408	2.2919	63.0036	0.2643	0.4740	0.0000	1.9808	2.1495	0.0000	0.0000	0.0000	0.0000	
8	109	0.1879	7	1	2	0	1	0	0	0	0	N	Y	N	N	N	N	N	N	N	N	N	N	0.0236	0.0076	0.1061	1.3874	30.2223	0.0007	0.0020	0.0001	0.5737	0.0004	0.0005	0.0001	0.0023	0.0025	0.0000	0.0001	0.0001	0.0001	0.0185	0.0638	0.0009	0.0017	0.0001	0.0151	0.0421	0.6398	0.0002	0.0281	0.0819	-0.0000	-0.0001	0.9985	40.5309	0.0096	14.7974	0.0001	0.0001	0.0000	0.0001	0.0001	0.0000	0.0000	0.0000	0.0000	0.0002	0.0001	0.0000	0.0000	0.0000	0.0000	0.0002	0.0001	0.0000	0.1631	0.1435	0.0196	0.0255	0.0240	0.0015	0.1376	0.1195	0.0181	0.0312	0.0182	0.0130	0.0061	0.0055	0.0007	0.0250	0.0127	0.0123	0.0846	0.0590	0.1061	1.3874	30.2223	0.0007	0.0142	0.0070	0.5737	0.0052	0.0082	0.0009	0.0017	0.0001	0.0151	0.0060	0.0117	0.0002
8	110	0.1620	6	1	2	0	1	0	0	0	0	N	Y	N	N	N	N	N	N	N	N	N	N	0.1048	0.0022	2.5063	0.0089	0.0082	0.0309	0.1596	0.0007	2.5842	0.0006	0.0000	0.0051	0.0001	0.0001	0.0000	0.0007	0.0000	0.0055	0.0060	0.0072	0.0020	0.0073	0.0083	0.0005	0.0046	0.0060	0.0021	44.7052	0.5858	0.0000	-0.0000	0.9985	13.5236	0.0096	3.5331	0.0000	0.0000	0.0000	0.0000	0.0000	0.0000	0.0000	0.0000	0.0000	0.0000	0.0000	0.0000	0.0000	0.0000	0.0000	0.0000	0.0000	0.0000	0.0620	0.0546	0.0074	0.0102	0.0096	0.0005	0.0519	0.0449	0.0069	0.0117	0.0070	0.0047	0.0028	0.0025	0.0003	0.0089	0.0045	0.0044	0.2853	0.0068	2.5063	0.0119	0.0113	0.0309	0.6315	0.0182	2.5842	0.0022	0.0023	0.0020	0.0055	0.0060	0.0005	0.0012	0.0002	0.0021
8	111	0.1060	5	1	1	0	1	0	0	0	0	N	N	N	N	N	N	N	N	N	N	N	N	0.0010	0.0008	0.0813	0.0046	0.0048	0.0178	0.0085	0.0814	0.0009	0.0010	0.0000	0.0114	0.0122	0.0000	0.0000	0.0000	0.0000	0.8814	1.2189	0.0002	2.4834	2.5247	0.0000	0.0003	0.0004	0.0002	0.0028	0.0005	-0.0000	-0.0023	0.9985	16.9399	0.0096	15.9768	0.0001	0.0001	0.0000	0.0001	0.0001	0.0000	0.0000	0.0000	0.0000	0.0036	0.0036	0.0000	0.0036	0.0036	0.0000	0.0000	0.0000	0.0000	0.0695	0.0603	0.0091	0.0052	0.0049	0.0003	0.0642	0.0554	0.0088	0.0209	0.0122	0.0087	0.0034	0.0031	0.0003	0.0175	0.0091	0.0084	0.0050	0.0033	0.0813	0.0107	0.0104	0.0000	0.0491	1.9412	0.0814	0.1739	0.2976	0.0002	1.0723	1.1790	0.0000	0.0001	0.0000	0.0002	
8	114	0.0463	6	1	2	0	2	0	0	0	0	N	Y	N	Y	N	N	N	N	N	N	N	N	0.0000	0.0000	0.0000	0.0000	0.0000	0.0000	0.0000	0.0000	0.0000	0.0000	0.0000	0.0000	0.0000	0.6040	0.0000	0.7596	0.0000	0.0000	0.0000	0.8281	0.0000	0.6350	inf	0.0000	0.0000	0.9985	0.0001	0.0096	0.0001	0.0000	0.0000	0.0000	0.0000	0.0000	0.0000	0.0000	0.0000	0.0000	0.0000	0.0000	0.0000	0.0000	0.0000	0.0000	0.0000	0.0000	0.0000	0.0000	0.0000	0.0000	0.0000	0.0000	0.0000	0.0000	0.0000	0.0000	0.0000	0.0000	0.0000	0.0000	0.0000	0.0000	0.0000	0.0000	0.0000	0.0000	0.0000	0.0000	0.0000	0.0000	0.0000	0.0000	0.0000	0.0000	0.0546	0.0000	0.1108	0.0000	0.0000	0.0000	0.0897	0.0000	0.1110						
8	115	0.0396	5	1	2	0	2	0	0	0	0	N	Y	N	Y	N	N	N	N	N	N	N	N	0.0000	0.0000	0.0000	0.0000	0.0000	0.0000	0.0000	0.0000	0.0000	0.0000	0.0000	0.0000	0.0000	0.7754	0.0000	1.7203	0.0000	0.0000	0.0000	0.8919	0.0000	1.6365	inf	0.0000	0.0001	0.9985	3.0007	0.0096	1.0012	0.0000	0.0000	0.0000	0.0000	0.0000	0.0000	0.0000	0.0000	0.0000	0.0003	0.0000	0.0003	0.0000	0.0000	0.0000	0.0003	0.0000	0.0003	0.0131	0.0114	0.0017	0.0010	0.0009	0.0001	0.0121	0.0105	0.0016	0.0026	0.0014	0.0012	0.0002	0.0002	0.0000	0.0024	0.0012	0.0012	0.0000	0.0000	0.0000	0.0000	0.0000	0.0000	0.0000	0.0000	0.0000	0.1071	0.0000	0.2290	0.0000	0.0000	0.0000	0.1160	0.0000	0.2309						
8	116	0.0377	4	1	1	0	2	0	0	0	0	N	N	N	Y	N	N	N	N	N	N	N	N	0.0070	0.0494	0.0000	0.0517	0.0502	0.0000	0.0000	0.0000	0.0000	0.0000	0.0000	0.0000	0.0000	0.0000	0.0000	0.0000	0.0002	0.0000	0.0003	0.0002	0.0002	0.0000	0.0004	0.0000	0.0003	0.0000	13.0047	-0.0000	0.0000	0.9985	1.1177	0.0096	0.0023	0.0000	0.0000	0.0000	0.0000	0.0000	0.0000	0.0000	0.0000	0.0000	0.0000	0.0000	0.0000	0.0000	0.0000	0.0000	0.0000	0.0000	0.0000	0.0059	0.0051	0.0008	0.0008	0.0008	0.0000	0.0050	0.0042	0.0008	0.0007	0.0004	0.0003	0.0001	0.0001	0.0000	0.0007	0.0003	0.0003	0.0070	0.0606	0.0000	0.0517	0.0502	0.0000	0.0000	0.0000	0.0000	0.0002	0.0000	0.0003	0.0002	0.0002	0.0000	0.0002	0.0000	0.0003		
8	117	0.1964	6	1	2	0	1	0	0	0	0	N	Y	N	N	N	N	N	N	N	N	N	N	0.0000	0.3399	0.0000	0.0000	0.0000	0.0000	0.0000	inf	0.0000	0.0000	0.0000	0.0000	0.0000	0.0000	0.0000	0.0000	0.0000	0.0000	0.5882	0.0000	0.9362	0.8167	0.0000	6.8651	0.3659	0.0000	0.1334	0.0000	20383.1466	-0.0000	0.0007	0.9985	31.2782	0.0096	23.9277	0.0000	0.0000	0.0000	0.0000	0.0000	0.0000	0.0000	0.0000	0.0000	0.0018	0.0000	0.0018	0.0012	0.0000	0.0012	0.0006	0.0000	0.0006	0.1319	0.1167	0.0152	0.0265	0.0251	0.0015	0.1054	0.0916	0.0137	0.0356	0.0209	0.0147	0.0081	0.0069	0.0012	0.0275	0.0140	0.0135	0.0000	0.3399	0.0000	0.0000	0.0000	0.0000	0.0001	inf	0.0000	0.0520	0.0000	0.1259	0.1529	0.0000	1.0068	0.0223	0.0000	0.0456
8	118	0.0377	4	1	1	1	2	0	0	0	0	N	N	N	Y	N	N	N	N	N	N	N	N	297.2823	0.0000	inf	0.0000	0.0000	inf	inf	0.0006	0.0000	0.0042	0.0000	0.0000	0.0000	0.0006	0.0000	0.0044	0.0000	0.0000	0.0000	0.0000	0.0000	0.0000	0.0000	0.0000	0.0000	inf	0.0000	0.0000	-0.0000	0.9985	3.8827	0.0096	2.9998	0.0000	0.0000	0.0000	0.0000	0.0000	0.0000	0.0000	0.0000	0.0000	0.0000	0.0000	0.0000	0.0000	0.0000	0.0000	0.0000	0.0000	0.0000	0.0178	0.0155	0.0024	0.0017	0.0016	0.0001	0.0161	0.0138	0.0023	0.0045	0.0024	0.0021	0.0003	0.0003	0.0000	0.0041	0.0020	0.0021	297.2823	0.0000	inf	0.0000	0.0000	0.0000	inf	0.0000	inf	0.0000	0.0000	0.0000	0.0000	0.0000	0.0000	0.0000	0.0000	0.0000		
8	119	0.0348	3	1	1	0	2	0	0	0	0	N	N	N	Y	N	N	N	N	N	N	N	N	0.2149	0.1351	0.3454	0.0927	0.0920	0.1051	0.3677	0.0000	0.0000	0.0000	0.0000	0.0000	0.0000	0.0000	0.0000	0.0000	0.0000	0.0001	0.0000	0.0004	0.0004	0.0000	0.0000	0.0000	0.0000	0.0601	0.1588	-0.0000	-0.0000	0.9985	2.8083	0.0096	0.0030	0.0000	0.0000	0.0000	0.0000	0.0000	0.0000	0.0000	0.0000	0.0000	0.0000	0.0000	0.0000	0.0000	0.0000	0.0000	0.0000	0.0000	0.0000	0.0159	0.0140	0.0019	0.0031	0.0030	0.0001	0.0128	0.0110	0.0018	0.0019	0.0010	0.0009	0.0001	0.0001	0.0000	0.0017	0.0008	0.0009	0.2149	0.1416	0.3454	0.0927	0.0920	0.0000	0.1051	0.0000	0.3677	0.0000	0.0001	0.0000	0.0004	0.0004	0.0000	0.0000	0.0000	0.0000		
8	120	0.0348	3	1	1	1	2	0	0	0	0	N	N	N	Y	N	N	N	N	N	N	N	N	26.3205	14.1712	0.0774	0.0772	inf	inf	0.0002	0.0003	0.0000	0.0000	0.0000	0.0000	0.0003	0.0003	0.0000	0.0000	0.0000	0.0000	0.0001	0.0001	0.0000	0.0000	0.0000	0.0000	0.0000	0.0000	-0.0000	-0.0000	0.9985	9.6158	0.0096	0.0030	0.0000	0.0000	0.0000	0.0000	0.0000	0.0000	0.0000	0.0000	0.0000	0.0000	0.0000	0.0000	0.0000	0.0000	0.0000	0.0000	0.0000	0.0000	0.0446	0.0390	0.0056	0.0049	0.0047	0.0002	0.0397	0.0343	0.0054	0.0062	0.0033	0.0029	0.0005	0.0004	0.0000	0.0058	0.0029	0.0029	26.3205	15.9547	0.0000	0.0774	0.0772	0.0000	inf	inf	0.0000	0.0000	0.0000	0.0000	0.0001	0.0001	0.0000	0.0000	0.0000	0.0000			
8	121	0.0252	2	1	1	0	2	0	0	0	0	N	N	N	Y	N	N	N	N	N	N	N	N	0.1600	0.0647	0.0527	0.1400	0.1332	0.0217	inf	0.0533	0.0013	0.0016	0.0000	0.0083	0.0085	0.0000	0.0000	0.0000	0.0000	0.0084	0.0243	0.0002	0.0595	0.0635	0.0000	0.0002	0.0000	0.0002	0.0009	0.0240	-0.0000	-0.0000	0.9985	4.2457	0.0096	2.0144	0.0000	0.0000	0.0000	0.0000	0.0000	0.0000	0.0000	0.0000	0.0000	0.0000	0.0000	0.0000	0.0000	0.0000	0.0000	0.0000	0.0000	0.0000	0.0246	0.0210	0.0036	0.0039	0.0039	0.0001	0.0207	0.0171	0.0036	0.0046	0.0025	0.0021	0.0005	0.0005	0.0000	0.0041	0.0020	0.0021	0.4553	0.2975	0.0527	0.3135	0.3101	0.0000	0.0578	inf	0.0533	0.0029	0.0053	0.0002	0.0266	0.0273	0.0000	0.0001	0.0000	0.0002	
8	123	0.5716	11	1	1	1	2	0	0	0	0	N	N	N	Y	N	N	N	N	N	N	N	N	0.0000	0.0000	0.0000	0.0000	0.0000	0.0000	0.0000	0.0000	0.0000	0.0000	0.0000	0.0000	0.0000	0.0000	0.0000	0.0000	0.0000	0.0000	0.0000	0.0000	0.0000	0.0000	0.0000	0.0000	-0.0000	0.9985	12.8936	0.0096	4.1514	0.0000	0.0000	0.0000	0.0000	0.0000	0.0000	0.0000	0.0000	0.0000	0.0000	0.0000	0.0000	0.0000	0.0000	0.0000	0.0000	0.0000	0.0000	0.0553	0.0496	0.0057	0.0205	0.0194	0.0011	0.0349	0.0303	0.0046	0.0075	0.0046	0.0029	0.0023	0.0020	0.0003	0.0052	0.0026	0.0026	0.0000	0.0000	0.0000	0.0000	0.0000	0.0000	0.0000	0.0000	0.0000	0.0000	0.0000	0.0000	0.0000	0.0000	0.0000	0.0000	0.0000	0.0000						
8	124	0.0826	4	1	2	0	1	0	0	0	0	N	Y	N	N	N	N	N	N	N	N	N	N	6.8709	4.2362	7.1471	6.8033	0.0000	0.0000	0.0000	0.0001	0.0001	0.0000	0.0000	0.0000	0.0000	0.0000	0.0000	0.0000	0.0000	0.0000	0.0000	0.0000	0.0000	0.0000	0.0000	0.0000	-0.0000	-0.0000	0.9985	12.7386	0.0096	8.7370	0.0000	0.0000	0.0000	0.0000	0.0000	0.0000	0.0000	0.0000	0.0000	0.0000	0.0000	0.0000	0.0000	0.0000	0.0000	0.0000	0.0000	0.0000	0.0574	0.0504	0.0070	0.0072	0.0069	0.0003	0.0503	0.0435	0.0067	0.0135	0.0073	0.0062	0.0018	0.0016	0.0002	0.0118	0.0057	0.0061	6.8709	4.2362	0.0000	7.1471	6.8033	0.0000	0.0000	0.0000	0.0000	0.0000	0.0000	0.0000	0.0000	0.0000	0.0000	0.0000	0.0000	0.0000					
8	125	0.0673	3	1	2	0	1	0	0	0	0	N	Y	N	N	N	N	N	N	N	N	N	N	39.9144	33.0093	9.8592	47.4677	44.3673	2.7053	0.0000	9.9180	0.0005	0.0006	0.0001	0.0033	0.0033	0.0000	0.0000	0.0000	0.0001	0.0000	0.0000	0.0000	0.0001	0.0001	0.0000	0.0000	0.0003	0.0000	0.0251	0.5259	-0.0000	-0.0000	0.9985	8.6431	0.0096	1.4782	0.0000	0.0000	0.0000	0.0000	0.0000	0.0000	0.0000	0.0000	0.0000	0.0000	0.0000	0.0000	0.0000	0.0000	0.0000	0.0000	0.0000	0.0000	0.0450	0.0391	0.0059	0.0070	0.0069	0.0002	0.0380	0.0322	0.0058	0.0065	0.0035	0.0030	0.0008	0.0007	0.0001	0.0058	0.0028	0.0029	39.9144	37.0502	9.8592	47.4677	44.3673	0.0000	2.7053	0.0000	9.9180	0.0000	0.0000	0.0000	0.0001	0.0001	0.0000	0.0000	0.0000	0.0000	
8	128	0.5838	12	2	2	0	1	0	0	0	0	Y	Y	N	N	N	N	N	N	N	N	N	N	0.0000	0.0000	0.0000	0.0000	0.0000	0.0000	0.0000	0.0000	0.0000	0.0000	0.0000	0.0000	0.0000	0.0000	0.0000	0.0000	0.0000	0.0000	0.0000	0.0000	0.9985	2.0107	0.0096	1.9995	0.0000	0.0000	0.0000	0.0000	0.0000	0.0000	0.0000	0.0000	0.0000	0.0000	0.0000	0.0000	0.0000	0.0000	0.0000	0.0000	0.0000	0.0000	0.0080	0.0071	0.0009	0.0029	0.0027	0.0002	0.0051	0.0044	0.0007	0.0017	0.0010	0.0006	0.0005	0.0005	0.0001	0.0011	0.0006	0.0006	0.0000	0.0000	0.0000	0.0000	0.0000	0.0000	0.0000	0.0000	0.0000	0.0000	0.0000	0.0000	0.0000	0.0000	0.0000	0.0000	0.0000	0.0000											
8	129	0.5716	11	2	2	0	1	0	0	0	0	Y	Y	N	N	N	N	N	N	N	N	N	N	0.0000	0.0000	0.0000	0.0000	0.0000	0.0000	0.0000	0.0000	0.0000	0.0000	0.0000	0.0000	0.0000	0.0000	0.0000	0.0000	0.0000	0.0000	0.0000	-0.0000	0.9985	5.6459	0.0096	1.1399	0.0000	0.0000	0.0000	0.0000	0.0000	0.0000	0.0000	0.0000	0.0000	0.0000	0.0000	0.0000	0.0000	0.0000	0.0000	0.0000	0.0000	0.0000	0.0273	0.0246	0.0027	0.0108	0.0103	0.0005	0.0164	0.0143	0.0021	0.0033	0.0020	0.0013	0.0010	0.0009	0.0001	0.0022	0.0011	0.0012	0.0000	0.0000	0.0000	0.0000	0.0000	0.0000	0.0000	0.0000	0.0000	0.0000	0.0000	0.0000	0.0000	0.0000	0.0000	0.0000	0.0000	0.0000											
8	130	0.5413	10	1	1	0	1	0	0	0	0	N	N	N	N	N	N	N	N	N	N	N	N	0.0227	0.0912	0.0000	0.1005	0.1038	0.0000	0.0010	inf	0.0000	0.0000	0.0000	0.0000	0.0000	0.0000	0.0000	0.0000	0.0000	0.0000	0.0001	0.0000	0.0001	0.0000	0.0000	0.0000	0.0002	0.0000	0.0002	0.0000	5.5412	-0.0000	0.0000	0.9985	11.6079	0.0096	5.3766	0.0000	0.0000	0.0000	0.0000	0.0000	0.0000	0.0000	0.0000	0.0000	0.0000	0.0000	0.0000	0.0000	0.0000	0.0000	0.0000	0.0000	0.0000	0.0592	0.0529	0.0064	0.0242	0.0228	0.0014	0.0351	0.0301	0.0050	0.0089	0.0055	0.0034	0.0029	0.0026	0.0003	0.0060	0.0029	0.0031	0.0227	0.1026	0.0000	0.1005	0.1038	0.0000	0.0025	inf	0.0000	0.0001	0.0000	0.0001	0.0000	0.0000	0.0000	0.0001	0.0000	0.0002
8	131	0.5234	9	1	1	0	1	0	0	0	0	N	N	N	N	N	N	N	N	N	N	N	N	0.0072	0.0477	0.0000	0.0646	0.0650	0.0000	0.0000	0.0000	0.0000	0.0000	0.0000	0.0000	0.0000	0.0000	0.0000	0.0000	0.0000	0.0013	0.0002	0.0018	0.0004	0.0004	0.0001	0.0036	0.0000	0.0019	0.0000	4.3182	-0.0000	0.0000	0.9985	3.9355	0.0096	8.7078	0.0000	0.0000	0.0000	0.0000	0.0000	0.0000	0.0000	0.0000	0.0000	0.0000	0.0000	0.0000	0.0000	0.0000	0.0000	0.0000	0.0000	0.0000	0.0211	0.0190	0.0022	0.0081	0.0077	0.0004	0.0130	0.0112	0.0018	0.0090	0.0060	0.0030	0.0033	0.0030	0.0002	0.0058	0.0030	0.0028	0.0133	0.0525	0.0000	0.0646	0.0650	0.0000	0.0000	0.0000	0.0000	0.0007	0.0002	0.0018	0.0004	0.0004	0.0001	0.0009	0.0000	0.0019	
8	132	0.5118	8	1	1	0	1	0	0	0	0	N	N	N	N	N	N	N	N	N	N	N	N	0.0004	0.0015	0.0000	0.0048	0.0048	0.0000	0.0000	0.0003	0.0000	0.0000	0.0000	0.0000	0.0000	0.0000	0.0000	0.0000	0.0000	0.0000	0.0116	0.0032	0.0144	0.0023	0.0024	0.0011	0.0276	0.0003	0.0122	0.0007	3.5986	-0.0000	0.0000	0.9985	6.2657	0.0096	3.9760	0.0000	0.0000	0.0000	0.0000	0.0000	0.0000	0.0000	0.0000	0.0000	0.0000	0.0000	0.0000	0.0000	0.0000	0.0000	0.0000	0.0000	0.0000	0.0327	0.0294	0.0034	0.0122	0.0116	0.0006	0.0205	0.0177	0.0028	0.0071	0.0046	0.0025	0.0026	0.0024	0.0002	0.0045	0.0022	0.0023	0.0011	0.0037	0.0000	0.0048	0.0048	0.0000	0.0000	0.0819	0.0000	0.0037	0.0012	0.0080	0.0023	0.0024	0.0011	0.0044	0.0000	0.0086
8	133	0.4345	7	1	1	0	1	0	0	0	0	N	N	N	N	N	N	N	N	N	N	N	N	0.0000	0.0003	0.0000	0.0004	0.0005	0.0000	0.0000	0.0005	0.0000	0.0000	0.0000	0.0000	0.0000	0.0000	0.0000	0.0000	0.0000	0.0000	0.0479	0.0014	0.0508	0.0014	0.0014	0.0012	0.1833	0.0003	0.0527	0.0000	17.7841	-0.0000	0.0001	0.9985	26.7012	0.0096	18.2690	0.0000	0.0000	0.0000	0.0000	0.0000	0.0000	0.0000	0.0000	0.0000	0.0003	0.0000	0.0003	0.0000	0.0000	0.0000	0.0002	0.0000	0.0002	0.1155	0.1029	0.0126	0.0369	0.0349	0.0021	0.0786	0.0680	0.0105	0.0310	0.0203	0.0108	0.0117	0.0101	0.0015	0.0194	0.0102	0.0092	0.0000	0.0005	0.0000	0.0004	0.0005	0.0000	0.0000	0.1285	0.0000	0.0085	0.0007	0.0233	0.0014	0.0014	0.0012	0.0128	0.0000	0.0270
8	134	0.1964	6	1	1	0	1	0	0	0	0	N	N	N	N	N	N	N	N	N	N	N	N	0.0000	0.0000	0.0000	0.0000	0.0000	0.0000	0.0000	0.0007	0.0000	0.0000	0.0000	0.0000	0.0000	0.0000	0.0000	0.0000	0.0000	0.0000	0.4713	0.5361	0.0770	0.9277	0.7578	1.4031	0.0267	0.0015	0.0132	0.0000	0.5847	-0.0000	-0.0005	0.9985	61.4372	0.0096	55.8589	0.0000	0.0000	0.0000	0.0000	0.0000	0.0000	0.0000	0.0000	0.0000	0.0021	0.0013	0.0008	0.0019	0.0013	0.0006	0.0002	0.0000	0.0002	0.2308	0.2041	0.0267	0.0427	0.0401	0.0026	0.1881	0.1640	0.0241	0.0594	0.0340	0.0254	0.0106	0.0091	0.0015	0.0489	0.0249	0.0240	0.0000	0.0000	0.0000	0.0000	0.0000	0.0000	0.0002	0.0415	0.0000	0.0355	0.0391	0.0306	0.1793	0.1463	0.3825	0.0044	0.0000	0.0089
8	135	0.1060	5	1	1	0	1	0	0	0	0	N	N	N	N	N	N	N	N	N	N	N	N	0.0022	0.0018	0.0000	0.0051	0.0051	0.0000	0.3019	0.6810	0.0000	0.0011	0.0013	0.0000	0.0063	0.0067	0.0000	0.0007	0.0008	0.0000	0.5157	0.7254	0.0013	1.2315	1.3152	0.0002	0.0023	0.0012	0.0014	0.0000	0.0136	-0.0000	-0.0008	0.9985	31.7621	0.0096	18.5886	0.0001	0.0001	0.0000	0.0001	0.0001	0.0000	0.0001	0.0001	0.0000	0.0013	0.0012	0.0000	0.0012	0.0012	0.0000	0.0000	0.0000	0.0000	0.1254	0.1092	0.0162	0.0095	0.0089	0.0006	0.1159	0.1003	0.0156	0.0301	0.0174	0.0127	0.0046	0.0042	0.0005	0.0255	0.0132	0.0123	0.0268	0.0180	0.0000	0.0235	0.0226	0.0000	1.0401	53.5260	0.0000	0.0416	0.0712	0.0013	0.2683	0.2975	0.0002	0.0007	0.0000	0.0014
9	10	0.2552	10	1	0	2	0	0	0	0	0	N	N	Y	N	N	N	N	N	N	N	N	N	16.0430	0.7118	69.0604	0.3054	0.5110	0.6145	148.2381	1064.4141	0.0026	0.0000	0.0260	0.0002	0.0000	0.0055	0.0042	0.0000	0.0304	0.0002	0.0000	0.0004	0.0008	0.0000	0.0089	0.0000	0.0000	0.0000	4002.4792	280.3452	0.0002	0.0000	6.0952	1.9784	6.8339	5.0323	0.0002	0.0000	0.0002	0.0000	0.0000	0.0000	0.0002	0.0000	0.0002	0.0000	0.0000	0.0000	0.0000	0.0000	0.0000	0.0000	0.0000	0.0000	0.0880	0.0791	0.0089	0.0355	0.0339	0.0016	0.0525	0.0452	0.0073	0.0578	0.0328	0.0250	0.0111	0.0101	0.0010	0.0468	0.0227	0.0240	16.0430	0.7118	69.0604	0.3054	0.5110	0.6145	288.0071	0.0000	1064.4141	0.0002	0.0000	0.0004	0.0008	0.0000	0.0089	0.0000	0.0000	0.0000	
9	11	0.2653	8	1	0	2	0	0	0	0	0	N	N	Y	N	N	N	N	N	N	N	N	N	14.7725	8.6045	8.7409	2.8308	3.0690	0.0000	209.5737	1302.1343	30.4041	0.0127	0.0140	0.0015	0.0084	0.0088	0.0000	0.0151	0.0170	0.0018	0.0009	0.0016	0.0002	0.0030	0.0029	0.0042	0.0001	0.0000	0.0001	0.0121	0.1687	-0.0041	-0.0001	6.0952	39.9843	6.8339	13.6191	0.0150	0.0148	0.0002	0.0035	0.0035	0.0000	0.0115	0.0114	0.0002	0.0002	0.0002	0.0000	0.0002	0.0002	0.0000	0.0000	0.0000	0.0000	1.1770	1.0606	0.1165	0.4105	0.3907	0.0197	0.7666	0.6699	0.0967	0.3751	0.2145	0.1605	0.0625	0.0580	0.0045	0.3125	0.1565	0.1560	24.4823	17.9473	8.7409	2.8308	3.0690	0.0000	496.3191	491783.3374	30.4041	0.0005	0.0008	0.0002	0.0030	0.0029	0.0042	0.0000	0.0000	0.0001
9	12	0.0680	4	2	1	1	0	0	0	0	0	Y	N	N	N	N	N	N	N	N	N	N	N	191.6689	130.3163	112.9749	89.6693	90.9971	0.0000	960.1548	560.6398	138.6115	0.0161	0.0177	0.0017	0.0506	0.0517	0.0000	0.0060	0.0066	0.0018	0.0001	0.0001	0.0000	0.0006	0.0006	0.0004	0.0000	0.0000	0.0000	0.0103	0.0813	-0.0027	-0.0000	6.0952	16.7672	6.8339	6.4850	0.0097	0.0096	0.0001	0.0069	0.0069	0.0000	0.0028	0.0027	0.0001	0.0000	0.0000	0.0000	0.0000	0.0000	0.0000	0.0000	0.0000	0.0000	0.6015	0.5433	0.0582	0.1363	0.1336	0.0027	0.4652	0.4097	0.0555	0.2530	0.1466	0.1064	0.0353	0.0347	0.0006	0.2177	0.1119	0.1058	191.6689	131.5884	112.9749	89.6693	90.9971	0.0000	960.1548	223402.8823	138.6115	0.0001	0.0001	0.0000	0.0006	0.0006	0.0004	0.0000	0.0000	0.0000
9	13	0.2945	13	1	0	2	1	0	0	0	0	N	N	Y	N	N	N	N	N	N	N	N	N	0.0000	0.0000	0.0000	0.0000	0.0000	0.0000	0.0000	0.0000	0.0000	0.0000	0.0000	0.0000	0.0000	0.0000	0.0000	0.0000	0.0000	0.0000	0.0000	0.0000	0.0000	0.0000	0.0000	0.0000	inf	0.0000	0.0000	6.0952	0.0001	6.8339	1.0001	0.0000	0.0000	0.0000	0.0000	0.0000	0.0000	0.0000	0.0000	0.0000	0.0000	0.0000	0.0000	0.0000	0.0000	0.0000	0.0000	0.0000	0.0000	0.0000	0.0000	0.0000	0.0000	0.0000	0.0000	0.0000	0.0000	0.0000	0.0081	0.0045	0.0035	0.0015	0.0013	0.0002	0.0066	0.0032	0.0034	0.0000	0.0000	0.0000	0.0000	0.0000	0.0000	0.0000	0.0000	0.0000	0.0000	0.0000	0.0000	0.0000	0.0000	0.0000	0.0000	0.0000	0.0000				
9	14	0.0591	4	1	1	1	0	0	0	0	0	N	N	N	N	N	N	N	N	N	N	N	N	104.9348	31.5924	0.0000	0.0661	0.0711	0.0000	401945.1060	32426.8217	0.0000	1.3795	1.5299	0.0000	0.0127	0.0129	0.0000	1.7535	1.9932	0.0000	0.0131	0.0484	0.0000	0.1914	0.1812	0.0001	0.0000	0.0001	0.0000	0.0000	0.0010	-0.2869	-0.0007	6.0952	20.9564	6.8339	6.0714	0.9992	0.9992	0.0000	0.0020	0.0020	0.0000	0.9973	0.9973	0.0000	0.0011	0.0011	0.0000	0.0011	0.0011	0.0000	0.0000	0.0000	0.0000	0.7243	0.6531	0.0712	0.1556	0.1528	0.0028	0.5687	0.5003	0.0684	0.2604	0.1441	0.1163	0.0212	0.0209	0.0003	0.2392	0.1232	0.1160	339.5843	208.6075	0.0000	0.2539	0.2551	0.0000	401945.1060	11917120.3787	0.0000	0.0041	0.0073	0.0000	0.0498	0.0505	0.0001	0.0000	0.0000	0.0000
9	15	0.2945	13	1	0	1	1	0	0	0	0	N	N	N	N	N	N	N	N	N	N	N	N	0.0000	0.0000	0.0000	0.0000	0.0000	0.0000	0.0000	0.0000	0.0000	0.0000	0.0000	0.0000	0.0000	0.0011	0.0028	0.0000	0.0037	0.0045	0.0000	0.0000	0.0000	0.0000	0.0000	0.0000	-0.0000	6.0952	0.0001	6.8339	6.0018	0.0000	0.0000	0.0000	0.0000	0.0000	0.0000	0.0000	0.0000	0.0000	0.0000	0.0000	0.0000	0.0000	0.0000	0.0000	0.0000	0.0000	0.0000	0.0000	0.0000	0.0000	0.0000	0.0000	0.0000	0.0000	0.0000	0.0000	0.0472	0.0263	0.0209	0.0086	0.0075	0.0011	0.0387	0.0188	0.0198	0.0000	0.0000	0.0000	0.0000	0.0000	0.0000	0.0000	0.0000	0.0000	0.0006	0.0011	0.0000	0.0035	0.0040	0.0000	0.0000	0.0000	0.0000						
9	16	0.2927	12	1	0	1	1	0	0	0	0	N	N	N	N	N	N	N	N	N	N	N	N	0.0000	0.0000	0.0000	0.0000	0.0000	0.0000	0.0000	0.0000	0.0000	0.0000	0.0000	0.0000	0.0000	0.0000	0.0000	0.0000	0.0000	0.0000	0.0000	0.0000	0.0000	0.0000	0.0000	0.0000	0.0000	1.0000	0.0000	-0.0000	6.0952	1.0007	6.8339	1.0009	0.0000	0.0000	0.0000	0.0000	0.0000	0.0000	0.0000	0.0000	0.0000	0.0000	0.0000	0.0000	0.0000	0.0000	0.0000	0.0000	0.0000	0.0000	0.0316	0.0284	0.0032	0.0106	0.0101	0.0005	0.0210	0.0183	0.0027	0.0160	0.0089	0.0071	0.0029	0.0025	0.0003	0.0131	0.0064	0.0067	0.0000	0.0000	0.0000	0.0000	0.0000	0.0000	0.0000	0.0000	0.0000	0.0000	0.0000	0.0000	0.0000	0.0000	0.0000	0.0000	0.0000	0.0000			
9	17	0.5237	14	1	1	1	1	0	0	0	0	N	N	N	N	N	N	N	N	N	N	N	N	58.1612	0.0000	229.6144	0.0000	0.0000	0.0000	27.8070	0.0000	287.1516	0.0085	0.0000	0.0826	0.0000	0.0000	0.0000	0.0146	0.0000	0.1117	0.0001	0.0000	0.0004	0.0000	0.0000	0.0000	0.0005	0.0001	0.0004	inf	22.1495	0.0014	0.0000	6.0952	8.1476	6.8339	4.0573	0.0020	0.0000	0.0020	0.0000	0.0000	0.0000	0.0020	0.0000	0.0020	0.0000	0.0000	0.0000	0.0000	0.0000	0.0000	0.0000	0.0000	0.0000	0.2380	0.2135	0.0245	0.0995	0.0931	0.0064	0.1386	0.1204	0.0181	0.0755	0.0462	0.0294	0.0206	0.0183	0.0023	0.0550	0.0278	0.0271	58.1612	0.0000	229.6144	0.0000	0.0000	0.0000	75.9954	0.0000	287.1516	0.0001	0.0000	0.0004	0.0000	0.0000	0.0000	0.0002	0.0000	0.0004
9	18	0.2856	10	1	1	1	0	0	0	0	0	N	N	N	N	N	N	N	N	N	N	N	N	35.5385	15.2812	4159.7705	17.1999	15.6875	0.0000	1843.3254	0.0000	8379.7883	0.1779	0.1935	0.0022	0.3384	0.3493	0.0000	0.0004	0.0000	0.0027	0.0050	0.0127	0.0000	0.0197	0.0223	0.0000	0.0000	0.0000	0.0000	0.0010	0.0001	-0.0299	-0.0003	6.0952	12.7610	6.8339	15.2058	0.1044	0.1043	0.0001	0.1043	0.1043	0.0000	0.0001	0.0000	0.0001	0.0005	0.0005	0.0000	0.0005	0.0005	0.0000	0.0000	0.0000	0.0000	0.5869	0.5391	0.0478	0.3082	0.2986	0.0097	0.2787	0.2405	0.0381	0.2446	0.1362	0.1083	0.0406	0.0377	0.0028	0.2040	0.0985	0.1055	91.7275	55.5802	4159.7705	28.9389	27.7995	0.0000	1843.3254	0.0000	8379.7883	0.0019	0.0035	0.0000	0.0117	0.0126	0.0000	0.0000	0.0000	0.0000
9	19	0.2994	13	1	1	1	1	0	0	0	0	N	N	N	N	N	N	N	N	N	N	N	N	0.0000	0.0000	0.0000	0.0000	0.0000	0.0000	0.0000	0.0000	0.0000	0.0000	0.0000	0.0000	0.0000	0.0000	0.0000	0.0000	0.0000	0.0000	0.0000	0.0000	6.0952	3.0000	6.8339	1.0000	0.0000	0.0000	0.0000	0.0000	0.0000	0.0000	0.0000	0.0000	0.0000	0.0000	0.0000	0.0000	0.0000	0.0000	0.0000	0.0000	0.0000	0.0000	0.0939	0.0844	0.0095	0.0318	0.0303	0.0015	0.0621	0.0541	0.0080	0.0313	0.0177	0.0136	0.0058	0.0051	0.0007	0.0256	0.0127	0.0129	0.0000	0.0000	0.0000	0.0000	0.0000	0.0000	0.0000	0.0000	0.0000	0.0000	0.0000	0.0000	0.0000	0.0000	0.0000	0.0000	0.0000	0.0000											
9	20	0.4824	10	1	1	1	1	0	0	0	0	N	N	N	N	N	N	N	N	N	N	N	N	0.0799	0.0000	0.7461	1.1739	0.0000	10759.1777	0.0000	0.0000	0.0001	0.0000	0.0016	0.0003	0.0000	0.0096	0.0000	0.0000	0.0000	0.0016	0.0001	0.0022	0.0003	0.0003	0.0000	0.0045	0.0000	0.0024	inf	7.8795	0.0000	0.0000	6.0952	9.0824	6.8339	4.8637	0.0000	0.0000	0.0000	0.0000	0.0000	0.0000	0.0000	0.0000	0.0000	0.0001	0.0000	0.0001	0.0000	0.0000	0.0000	0.0001	0.0000	0.0001	0.3538	0.3253	0.0286	0.1441	0.1393	0.0048	0.2098	0.1860	0.0238	0.1072	0.0707	0.0366	0.0369	0.0326	0.0043	0.0704	0.0381	0.0323	0.1567	0.0000	0.7461	1.1739	0.0000	10759.1777	0.0000	0.0000	0.0000	0.0008	0.0001	0.0022	0.0003	0.0003	0.0000	0.0011	0.0000	0.0024	
9	21	0.2829	9	2	1	1	0	0	0	0	0	Y	N	N	N	N	N	N	N	N	N	N	N	0.0000	0.0000	0.0000	0.0002	0.0002	0.0000	0.0000	0.0000	0.0000	0.0001	0.0001	0.0000	0.0001	0.0001	0.0000	0.0000	0.0000	0.0000	7.5161	13.5671	0.0003	0.2795	0.3240	0.0000	9.6080	20.8492	0.0003	0.0000	0.0000	-0.0000	-0.5387	6.0952	5.0072	6.8339	8.1033	0.0000	0.0000	0.0000	0.0000	0.0000	0.0000	0.0000	0.0000	0.0000	0.8573	0.8573	0.0000	0.0015	0.0015	0.0000	0.8558	0.8557	0.0000	0.1562	0.1402	0.0160	0.0534	0.0506	0.0027	0.1029	0.0896	0.0133	0.1141	0.0632	0.0509	0.0250	0.0221	0.0029	0.0891	0.0410	0.0480	0.0000	0.0000	0.0000	0.0011	0.0010	0.0000	0.0000	0.0000	0.0000	7.5161	13.5671	0.0003	0.0620	0.0699	0.0000	9.6080	20.8492	0.0003
9	22	0.2515	9	1	1	1	0	0	0	0	0	N	N	N	N	N	N	N	N	N	N	N	N	0.0157	0.0110	0.0519	0.0210	0.0205	0.0000	0.0095	0.0000	0.0969	0.0055	0.0061	0.0000	0.0165	0.0173	0.0000	0.0000	0.0000	0.0000	0.3498	0.5564	0.0000	0.7872	0.8429	0.0001	0.0000	0.0008	0.0000	0.0000	0.0001	-0.0008	-0.0031	6.0952	17.0533	6.8339	10.0403	0.0030	0.0030	0.0000	0.0030	0.0030	0.0000	0.0000	0.0000	0.0000	0.0050	0.0050	0.0000	0.0050	0.0050	0.0000	0.0000	0.0000	0.0000	0.5384	0.4845	0.0539	0.1791	0.1710	0.0081	0.3593	0.3135	0.0458	0.2154	0.1189	0.0965	0.0338	0.0306	0.0032	0.1815	0.0883	0.0933	0.2362	0.1449	0.0519	0.1116	0.1057	0.0000	0.0095	0.0010	0.0969	0.0233	0.0422	0.0000	0.1481	0.1637	0.0001	0.0000	0.0000	0.0000
9	23	0.5237	14	1	0	1	1	0	0	0	0	N	N	N	N	N	N	N	N	N	N	N	N	42.1478	0.0000	52762.0339	0.0000	0.0000	0.0000	17808.5436	0.0000	90865.5631	0.0233	0.0000	0.2265	0.0000	0.0000	0.0000	0.0402	0.0000	0.3060	0.0006	0.0012	0.0000	0.0014	0.0015	0.0000	0.0000	0.0003	0.0000	inf	0.0043	0.0014	-0.0000	6.0952	2.8591	6.8339	0.9679	0.0020	0.0000	0.0020	0.0000	0.0000	0.0000	0.0020	0.0000	0.0020	0.0000	0.0000	0.0000	0.0000	0.0000	0.0000	0.0000	0.0000	0.0000	0.0869	0.0779	0.0089	0.0366	0.0343	0.0023	0.0503	0.0437	0.0066	0.0254	0.0154	0.0099	0.0072	0.0065	0.0007	0.0181	0.0089	0.0092	59.0952	0.0000	52762.0339	0.0000	0.0000	0.0000	17808.5436	0.0000	90865.5631	0.0004	0.0006	0.0000	0.0014	0.0015	0.0000	0.0000	0.0000	0.0000
9	24	0.4975	13	1	0	1	1	0	0	0	0	N	N	N	N	N	N	N	N	N	N	N	N	879.5313	0.0066	3032016.8934	0.0171	0.0152	0.8543	19081.6989	0.0001	3845316.9211	5.2061	0.0001	50.2286	0.0002	0.0002	0.0000	8.8973	0.0000	67.2461	0.0059	0.0129	0.0000	0.0107	0.0128	0.0000	0.0005	0.0082	0.0000	68228.3713	0.0029	0.7008	-0.0001	6.0952	6.2936	6.8339	7.0245	0.9831	0.0000	0.9830	0.0000	0.0000	0.0000	0.9830	0.0000	0.9830	0.0002	0.0002	0.0000	0.0002	0.0002	0.0000	0.0000	0.0000	0.0000	0.1888	0.1693	0.0196	0.0783	0.0734	0.0050	0.1105	0.0959	0.0146	0.0826	0.0510	0.0316	0.0227	0.0204	0.0023	0.0600	0.0306	0.0293	2389.1969	0.0242	3032016.8934	0.0244	0.0234	0.8543	51049.8914	0.0036	3845316.9211	0.0022	0.0035	0.0000	0.0075	0.0083	0.0000	0.0002	0.0003	0.0000
9	25	0.3570	10	2	0	2	0	0	0	0	0	Y	N	Y	N	N	N	N	N	N	N	N	N	9.2794	7.3343	42.3973	0.3215	0.3775	0.5491	63.6728	inf	407.0893	0.0007	0.0000	0.0070	0.0001	0.0000	0.0027	0.0010	0.0000	0.0081	0.0001	0.0000	0.0002	0.0004	0.0000	0.0048	0.0000	0.0000	0.0000	314.3162	400.1852	0.0001	0.0000	6.0952	4.4994	6.8339	1.0731	0.0001	0.0000	0.0001	0.0000	0.0000	0.0000	0.0001	0.0000	0.0001	0.0000	0.0000	0.0000	0.0000	0.0000	0.0000	0.0000	0.0000	0.0000	0.1607	0.1453	0.0154	0.0626	0.0595	0.0031	0.0981	0.0858	0.0123	0.0448	0.0251	0.0196	0.0070	0.0064	0.0006	0.0378	0.0187	0.0190	9.2794	7.3343	42.3973	0.3215	0.3775	0.5491	101.6942	inf	407.0893	0.0001	0.0000	0.0002	0.0004	0.0000	0.0048	0.0000	0.0000	0.0000
9	26	0.2445	8	1	1	1	0	0	0	0	0	N	N	N	N	N	N	N	N	N	N	N	N	0.0241	17.4404	0.0011	0.9582	17.4499	0.0002	0.0001	inf	0.0017	0.0065	0.0072	0.0001	0.0192	0.0201	0.0000	0.0000	0.0000	0.0002	0.2694	0.0004	0.1344	0.0200	0.0012	0.2175	0.3255	0.0000	0.1008	0.0023	104.4999	-0.0007	0.0011	6.0952	12.3098	6.8339	9.0087	0.0026	0.0025	0.0000	0.0025	0.0025	0.0000	0.0000	0.0000	0.0000	0.0032	0.0000	0.0031	0.0003	0.0000	0.0003	0.0028	0.0000	0.0028	0.3928	0.3534	0.0395	0.1330	0.1266	0.0064	0.2598	0.2268	0.0331	0.1678	0.0938	0.0740	0.0288	0.0260	0.0029	0.1390	0.0678	0.0712	0.3454	22.5923	0.0035	1.6138	17.4499	0.0003	0.0011	inf	0.0043	0.0188	0.0003	0.0422	0.0119	0.0012	0.1094	0.0203	0.0000	0.0396
9	27	0.2213	7	1	1	1	0	0	0	0	0	N	N	N	N	N	N	N	N	N	N	N	N	0.0238	0.0076	16483.0202	0.0118	0.0120	31.1143	7327.5351	0.0090	44252.6461	0.0136	0.0060	0.0820	0.0159	0.0165	0.0031	0.0124	0.0000	0.0975	0.5721	0.7898	0.0000	1.3419	1.3807	0.0001	0.0000	0.0003	0.0000	1.5298	0.0000	0.0034	-0.0103	6.0952	25.8727	6.8339	15.5187	0.0109	0.0043	0.0066	0.0043	0.0043	0.0000	0.0065	0.0000	0.0065	0.0164	0.0164	0.0000	0.0164	0.0164	0.0000	0.0000	0.0000	0.0000	0.7990	0.7189	0.0801	0.2729	0.2597	0.0132	0.5261	0.4592	0.0669	0.3267	0.1847	0.1420	0.0553	0.0513	0.0040	0.2714	0.1334	0.1380	0.2710	0.0673	16483.0202	0.0536	0.0517	31.1143	7327.5351	2.3284	44252.6461	0.0501	0.0887	0.0000	0.2961	0.3195	0.0001	0.0000	0.0000	0.0000
9	28	0.2737	9	2	1	1	0	0	0	0	0	Y	N	N	N	N	N	N	N	N	N	N	N	9.6974	1.7429	3334618.3284	1.2985	1.3011	18.3793	472319.2052	818.3350	5273398.0629	2.3041	0.8450	16.0055	0.8320	0.8662	0.0008	3.2078	0.8307	18.9653	0.2376	0.4848	0.0000	0.6407	0.6657	0.0000	0.0000	0.0010	0.0000	2.0170	0.0001	1.1087	-0.0042	6.0952	38.1974	6.8339	14.3032	2.9069	0.9635	1.9434	0.3993	0.3993	0.0000	2.5076	0.5642	1.9434	0.0067	0.0067	0.0000	0.0067	0.0067	0.0000	0.0000	0.0000	0.0000	1.2616	1.1402	0.1214	0.4799	0.4609	0.0189	0.7817	0.6792	0.1025	0.3896	0.2149	0.1747	0.0571	0.0519	0.0052	0.3325	0.1630	0.1695	133.8572	27.0818	3334618.3284	7.0854	6.7068	18.3793	472319.2052	82124.9938	5273398.0629	0.0172	0.0312	0.0000	0.1174	0.1291	0.0000	0.0000	0.0000	0.0000
9	29	0.2514	9	1	1	1	0	0	0	0	0	N	N	N	N	N	N	N	N	N	N	N	N	24.5673	20.7040	0.0388	24.7779	23.1693	4.1338	0.0034	0.0000	0.0354	0.0128	0.0142	0.0000	0.0344	0.0361	0.0000	0.0000	0.0000	0.0000	0.0005	0.0007	0.0003	0.0014	0.0016	0.0000	0.0004	0.0002	0.0003	0.0001	0.5517	-0.0008	-0.0000	6.0952	6.0056	6.8339	10.9350	0.0028	0.0028	0.0000	0.0028	0.0028	0.0000	0.0000	0.0000	0.0000	0.0000	0.0000	0.0000	0.0000	0.0000	0.0000	0.0000	0.0000	0.0000	0.2162	0.1946	0.0216	0.0804	0.0768	0.0036	0.1358	0.1178	0.0180	0.1300	0.0726	0.0574	0.0228	0.0204	0.0024	0.1072	0.0522	0.0550	33.8294	32.5481	0.0388	24.7779	23.1693	4.1338	0.0091	0.0000	0.0354	0.0004	0.0004	0.0003	0.0014	0.0016	0.0000	0.0002	0.0000	0.0003
9	30	0.3115	9	2	1	1	0	0	0	0	0	Y	N	N	N	N	N	N	N	N	N	N	N	0.0189	0.0079	1123.3179	0.0194	0.0191	0.0303	299.5460	1.4358	1946.0018	0.0071	0.0042	0.0358	0.0080	0.0084	0.0000	0.0063	0.0005	0.0467	0.3731	0.5356	0.0000	0.4129	0.4408	0.0002	0.0000	0.0003	0.0000	0.8412	0.0004	0.0010	-0.0045	6.0952	17.1852	6.8339	7.8386	0.0058	0.0031	0.0026	0.0030	0.0030	0.0000	0.0028	0.0002	0.0026	0.0071	0.0071	0.0000	0.0071	0.0071	0.0000	0.0000	0.0000	0.0000	0.8205	0.7466	0.0739	0.3688	0.3517	0.0172	0.4517	0.3950	0.0567	0.2773	0.1826	0.0947	0.0884	0.0826	0.0058	0.1889	0.1000	0.0888	0.2742	0.1079	1123.3179	0.0992	0.0972	0.0303	522.5276	342.2363	1946.0018	0.0258	0.0391	0.0000	0.0808	0.0865	0.0002	0.0000	0.0000	0.0000
9	31	0.0591	4	1	1	1	0	0	0	0	0	N	N	N	N	N	N	N	N	N	N	N	N	0.0005	0.0003	3.2748	0.2826	0.2787	0.6189	0.0000	0.0000	0.0000	0.0032	0.0036	0.0000	0.0145	0.0147	0.0001	0.0000	0.0000	0.0000	5.8873	10.6285	0.0000	0.0513	0.0529	0.0002	6.4239	12.4905	0.0000	0.0002	0.0000	-0.0003	-0.6253	6.0952	9.9927	6.8339	7.0404	0.0012	0.0012	0.0000	0.0012	0.0012	0.0000	0.0000	0.0000	0.0000	0.9951	0.9951	0.0000	0.0003	0.0003	0.0000	0.9948	0.9948	0.0000	0.3616	0.3254	0.0363	0.0800	0.0785	0.0014	0.2817	0.2468	0.0349	0.1690	0.0936	0.0754	0.0142	0.0140	0.0002	0.1549	0.0796	0.0752	0.0005	0.0003	3.2748	0.6227	0.6257	0.6189	0.0000	0.0000	0.0000	5.8873	10.6285	0.0000	0.0233	0.0236	0.0002	6.4239	12.4905	0.0000
9	32	0.0510	3	1	1	1	0	0	0	0	0	N	N	N	N	N	N	N	N	N	N	N	N	0.8383	0.6849	2.2360	114.0774	112.5066	0.0000	0.0093	0.0022	2.2516	0.2765	0.3613	0.0061	0.8261	0.8315	0.0000	0.0036	0.0023	0.0061	0.3298	0.5275	0.0027	0.0072	0.0074	0.0001	0.3897	1.0186	0.0027	0.0053	0.0594	-0.0185	-0.0006	6.0952	3.8146	6.8339	0.9911	0.0655	0.0652	0.0003	0.0649	0.0649	0.0000	0.0006	0.0002	0.0003	0.0011	0.0010	0.0001	0.0000	0.0000	0.0000	0.0010	0.0010	0.0001	0.2369	0.1804	0.0566	0.0786	0.0781	0.0005	0.1583	0.1023	0.0561	0.0487	0.0267	0.0220	0.0037	0.0036	0.0000	0.0450	0.0231	0.0219	12.6355	9.6007	2.2360	151.7129	150.8158	0.0000	0.1562	0.0528	2.2516	0.0219	0.0376	0.0027	0.0054	0.0055	0.0001	0.0232	0.0427	0.0027
9	33	0.0510	3	1	1	1	0	0	0	0	0	N	N	N	N	N	N	N	N	N	N	N	N	1326.0113	91.7255	21208285.4491	21.6477	21.6709	8010301.0891	inf	21685803.6466	0.0471	0.0061	0.3187	0.0102	0.0103	0.0000	0.0585	0.0046	0.3265	0.0000	0.0001	0.0000	0.0005	0.0005	0.0000	0.0000	0.0000	0.0000	7.8663	0.0002	0.0261	-0.0000	6.0952	24.4476	6.8339	5.0002	0.0435	0.0049	0.0386	0.0022	0.0022	0.0000	0.0413	0.0027	0.0386	0.0000	0.0000	0.0000	0.0000	0.0000	0.0000	0.0000	0.0000	0.0000	0.9228	0.8017	0.1211	0.2173	0.2144	0.0029	0.7055	0.5873	0.1182	0.2813	0.1549	0.1264	0.0213	0.0211	0.0003	0.2600	0.1338	0.1262	1326.0113	94.7954	21208285.4491	21.6477	21.6709	0.0000	8010301.0891	inf	21685803.6466	0.0000	0.0001	0.0000	0.0005	0.0005	0.0000	0.0000	0.0000	0.0000	
9	34	0.3920	9	1	1	2	1	0	0	0	0	N	N	Y	N	N	N	N	N	N	N	N	N	0.0001	0.0000	0.0439	0.6103	1.1906	1.1489	0.0000	0.0000	0.0000	0.0000	0.0000	0.0000	0.0000	0.0000	0.0000	0.0000	0.0000	0.0000	0.0049	0.0106	0.0001	0.0000	0.0000	0.0000	0.0152	0.4145	0.0001	0.4078	0.0109	0.0000	-0.0000	6.0952	1.3124	6.8339	1.0060	0.0000	0.0000	0.0000	0.0000	0.0000	0.0000	0.0000	0.0000	0.0000	0.0000	0.0000	0.0000	0.0000	0.0000	0.0000	0.0000	0.0000	0.0000	0.0543	0.0499	0.0044	0.0290	0.0279	0.0011	0.0252	0.0220	0.0033	0.0212	0.0131	0.0080	0.0076	0.0063	0.0013	0.0136	0.0069	0.0067	0.0003	0.0002	0.0439	0.6103	1.1906	1.1489	0.0000	0.0000	0.0000	0.0019	0.0030	0.0001	0.0000	0.0000	0.0000	0.0030	0.0058	0.0001
9	35	0.2607	8	1	0	1	1	0	0	0	0	N	N	N	N	N	N	N	N	N	N	N	N	0.3284	0.2148	0.9212	0.0904	0.0649	15.6089	0.3996	0.2267	0.0037	0.6309	0.6988	0.0061	0.0065	0.0051	0.0326	0.9731	1.1102	0.0000	1.9210	3.2541	0.0066	0.0718	0.0781	0.0021	2.4351	4.8979	0.0049	0.0009	0.0010	-0.2871	-0.6282	6.0952	53.2438	6.8339	16.6757	1.0031	1.0022	0.0009	0.0037	0.0027	0.0009	0.9994	0.9994	0.0000	1.0013	1.0003	0.0010	0.0033	0.0033	0.0000	0.9980	0.9970	0.0009	1.5900	1.4341	0.1559	0.5629	0.5338	0.0291	1.0271	0.9002	0.1268	0.5212	0.3074	0.2138	0.1114	0.1038	0.0076	0.4098	0.2036	0.2063	0.3284	0.2148	1.3552	0.2185	0.1599	15.6089	0.3996	0.2267	0.0040	1.9210	3.2541	0.0045	0.0297	0.0317	0.0021	2.4351	4.8979	0.0046
9	36	0.2199	8	1	1	1	0	0	0	0	0	N	N	N	N	N	N	N	N	N	N	N	N	1.8454	0.0034	819.1785	0.0123	0.0044	5.7455	277.4283	0.0000	1157.3860	0.0005	0.0000	0.0048	0.0000	0.0000	0.0002	0.0007	0.0000	0.0058	0.0003	0.0008	0.0000	0.0016	0.0017	0.0000	0.0000	0.0001	0.0000	218.7421	0.0106	0.0002	-0.0000	6.0952	17.9460	6.8339	11.6991	0.0003	0.0000	0.0003	0.0000	0.0000	0.0000	0.0003	0.0000	0.0003	0.0001	0.0001	0.0000	0.0001	0.0001	0.0000	0.0000	0.0000	0.0000	0.5580	0.4997	0.0583	0.1832	0.1732	0.0100	0.3748	0.3265	0.0483	0.2283	0.1249	0.1034	0.0363	0.0336	0.0027	0.1920	0.0913	0.1007	1.9980	0.0056	819.1785	0.0123	0.0044	5.7455	277.4283	0.0000	1157.3860	0.0003	0.0005	0.0000	0.0016	0.0017	0.0000	0.0000	0.0000	0.0000
9	37	0.4946	11	2	1	1	0	0	0	0	0	Y	N	N	N	N	N	N	N	N	N	N	N	inf	inf	inf	inf	inf	inf	0.0000	0.0000	0.0000	0.0000	0.0000	0.0000	0.0000	0.0000	0.0000	0.0000	0.0000	0.0000	0.0000	0.0000	0.0000	0.0000	0.0000	0.0000	0.0042	-0.0000	0.0000	6.0952	1.9903	6.8339	0.0021	0.0000	0.0000	0.0000	0.0000	0.0000	0.0000	0.0000	0.0000	0.0000	0.0000	0.0000	0.0000	0.0000	0.0000	0.0000	0.0000	0.0000	0.0000	0.0725	0.0664	0.0061	0.0291	0.0281	0.0010	0.0434	0.0384	0.0050	0.0152	0.0101	0.0050	0.0056	0.0049	0.0006	0.0096	0.0052	0.0044	inf	inf	inf	inf	inf	inf	0.0000	0.0000	0.0000	0.0000	0.0000	0.0000	0.0000	0.0000	0.0000	0.0000	0.0000	0.0000				
9	38	0.2607	8	1	1	1	1	0	0	0	0	N	N	N	N	N	N	N	N	N	N	N	N	0.0150	0.0091	2.5642	0.0248	0.0248	1.0544	21.7469	0.8102	0.0755	0.0040	0.0045	0.0000	0.0111	0.0117	0.0002	0.0001	0.0001	0.0000	0.2688	0.4874	0.0000	0.4461	0.4692	0.0002	0.0000	0.0001	0.0000	0.0009	0.0003	-0.0016	-0.0056	6.0952	45.5232	6.8339	15.8903	0.0056	0.0056	0.0000	0.0055	0.0055	0.0000	0.0001	0.0001	0.0000	0.0089	0.0089	0.0000	0.0089	0.0089	0.0000	0.0000	0.0000	0.0000	1.3997	1.2620	0.1377	0.5012	0.4752	0.0261	0.8985	0.7868	0.1117	0.4725	0.2791	0.1934	0.1032	0.0963	0.0069	0.3693	0.1828	0.1865	0.2144	0.1404	2.5642	0.1287	0.1267	1.0544	21.7469	248.4359	0.0755	0.0188	0.0317	0.0000	0.0859	0.0920	0.0002	0.0000	0.0000	0.0000
9	39	0.2336	7	1	0	1	1	0	0	0	0	N	N	N	N	N	N	N	N	N	N	N	N	0.0136	0.0157	0.0117	0.0368	0.0252	144.6819	0.0156	0.0117	0.0061	0.0072	0.0076	0.0030	0.0020	0.0015	0.0114	0.0098	0.0110	0.0013	0.5272	0.4859	0.2601	0.0556	0.0604	0.0001	0.6286	0.9443	0.2111	0.0463	1.2708	-0.0008	-0.0005	6.0952	13.8166	6.8339	4.5847	0.0032	0.0031	0.0001	0.0003	0.0002	0.0001	0.0029	0.0029	0.0000	0.0070	0.0031	0.0039	0.0009	0.0009	0.0000	0.0061	0.0022	0.0039	0.4499	0.4032	0.0467	0.1528	0.1447	0.0081	0.2971	0.2585	0.0386	0.1638	0.0978	0.0660	0.0350	0.0330	0.0020	0.1288	0.0648	0.0640	0.1674	0.2421	0.0514	0.0830	0.0583	144.6819	0.2053	0.3225	0.0211	0.0427	0.0315	0.0593	0.0247	0.0261	0.0001	0.0476	0.0342	0.0612
9	40	0.3954	11	1	0	2	0	0	0	0	0	N	N	Y	N	N	N	N	N	N	N	N	N	12.6153	43.6161	0.3846	10.4645	39.9414	0.1006	0.0236	inf	0.1566	0.0037	0.0041	0.0002	0.0090	0.0094	0.0009	0.0000	0.0000	0.0000	0.0003	0.0001	0.0005	0.0009	0.0002	0.0092	0.0001	0.0000	0.0001	0.0056	3.5169	-0.0005	0.0000	6.0952	12.6411	6.8339	7.4648	0.0016	0.0016	0.0000	0.0016	0.0016	0.0000	0.0000	0.0000	0.0000	0.0000	0.0000	0.0000	0.0000	0.0000	0.0000	0.0000	0.0000	0.0000	0.4411	0.3969	0.0442	0.1803	0.1711	0.0092	0.2608	0.2258	0.0350	0.1687	0.1045	0.0642	0.0443	0.0413	0.0031	0.1243	0.0632	0.0611	14.1034	43.6161	0.3846	10.4645	39.9414	0.1006	0.0633	inf	0.1566	0.0003	0.0001	0.0005	0.0009	0.0002	0.0092	0.0000	0.0000	0.0001
9	41	0.4822	9	1	1	1	0	0	0	0	0	N	N	N	N	N	N	N	N	N	N	N	N	231.9105	966.0115	6.8742	0.8695	2.1536	0.0967	532.2869	40885.4682	26.4552	1.0062	1.1271	0.0275	0.0031	0.0032	0.0019	2.1600	2.4284	0.0553	0.0043	0.0012	0.0040	0.0036	0.0015	0.0200	0.0041	0.0001	0.0021	0.0030	3.4490	-0.2831	0.0001	6.0952	22.0894	6.8339	9.3639	0.9964	0.9934	0.0030	0.0016	0.0015	0.0001	0.9948	0.9919	0.0029	0.0004	0.0001	0.0003	0.0002	0.0001	0.0001	0.0002	0.0000	0.0002	0.9903	0.8814	0.1089	0.5298	0.4730	0.0568	0.4605	0.4085	0.0521	0.2098	0.1299	0.0799	0.0599	0.0537	0.0063	0.1499	0.0762	0.0736	586.2235	1809.1991	7.8568	0.9028	2.1536	0.0967	2103.5476	15176963.4543	26.4552	0.0017	0.0006	0.0035	0.0034	0.0015	0.0200	0.0010	0.0000	0.0021
9	42	0.2336	7	1	1	1	0	0	0	0	0	N	N	N	N	N	N	N	N	N	N	N	N	0.0940	0.0449	0.0000	0.0089	0.0090	0.0000	42885.3885	177.7750	0.0000	0.0167	0.0186	0.0000	0.0036	0.0038	0.0000	0.0232	0.0265	0.0000	0.1778	0.4144	0.0000	0.4013	0.4179	0.0000	0.0000	0.0001	0.0000	0.0000	0.0000	-0.0061	-0.0042	6.0952	43.3975	6.8339	17.3745	0.0212	0.0212	0.0000	0.0015	0.0015	0.0000	0.0197	0.0197	0.0000	0.0066	0.0066	0.0000	0.0066	0.0066	0.0000	0.0000	0.0000	0.0000	1.2692	1.1404	0.1289	0.4173	0.3955	0.0218	0.8519	0.7449	0.1070	0.4522	0.2642	0.1880	0.0835	0.0777	0.0058	0.3687	0.1865	0.1822	1.1421	0.7427	0.0000	0.0451	0.0443	0.0000	42885.3885	53741.1800	0.0000	0.0146	0.0251	0.0000	0.0793	0.0852	0.0000	0.0000	0.0000	0.0000
9	43	0.4123	8	2	0	2	0	0	0	0	0	Y	N	Y	N	N	N	N	N	N	N	N	N	0.0001	43.7099	0.0000	4.8171	36.3168	0.0000	0.0000	inf	0.0000	0.0005	0.0006	0.0000	0.0014	0.0014	0.0000	0.0000	0.0000	0.0000	5.7365	0.0000	21.9529	0.0003	0.0000	0.0028	7.2200	0.0000	24.7884	0.0000	793923.8028	-0.0001	0.3654	6.0952	18.2331	6.8339	4.4208	0.0004	0.0004	0.0000	0.0003	0.0003	0.0000	0.0000	0.0000	0.0000	0.9833	0.0000	0.9833	0.0000	0.0000	0.0000	0.9833	0.0000	0.9833	0.6710	0.6139	0.0570	0.2542	0.2455	0.0087	0.4168	0.3685	0.0483	0.1714	0.1014	0.0700	0.0352	0.0321	0.0031	0.1362	0.0693	0.0668	0.0001	46.8094	0.0000	4.8171	36.3168	0.0000	0.0000	inf	0.0000	5.7365	0.0000	14.0476	0.0003	0.0000	0.0028	7.2200	0.0000	14.7094
9	44	0.4721	8	1	1	1	1	0	0	0	0	N	N	N	N	N	N	N	N	N	N	N	N	452.0525	1639.5527	0.0611	0.2701	0.6684	0.0289	1328.3915	69624.8813	0.0232	0.4676	0.5154	0.0001	0.0004	0.0004	0.0002	0.8086	0.9132	0.0000	0.0010	0.0003	0.0012	0.0015	0.0006	0.0082	0.0006	0.0000	0.0005	0.0000	2.6336	-0.2877	0.0000	6.0952	62.5878	6.8339	29.9840	1.0022	1.0022	0.0000	0.0004	0.0003	0.0000	1.0018	1.0018	0.0000	0.0004	0.0001	0.0003	0.0003	0.0001	0.0002	0.0001	0.0000	0.0001	2.1433	1.9444	0.1988	0.9043	0.8474	0.0569	1.2390	1.0971	0.1419	0.6542	0.4223	0.2320	0.2024	0.1795	0.0229	0.4518	0.2427	0.2091	770.9225	1992.9109	0.0611	0.2701	0.6684	0.0289	3648.6114	26385349.3850	0.0232	0.0006	0.0003	0.0012	0.0015	0.0006	0.0082	0.0002	0.0000	0.0005
9	45	0.4123	8	2	0	2	0	0	0	0	0	Y	N	Y	N	N	N	N	N	N	N	N	N	0.0013	0.0008	0.0000	0.0019	0.0018	0.0000	1.1912	inf	0.0000	0.0004	0.0004	0.0000	0.0009	0.0009	0.0000	0.0000	0.0000	0.0000	0.2778	0.4930	0.0002	0.4890	0.5207	0.0037	0.0000	0.0000	0.0000	0.0000	0.0035	-0.0001	-0.0016	6.0952	13.5293	6.8339	3.1702	0.0002	0.0002	0.0000	0.0002	0.0002	0.0000	0.0000	0.0000	0.0000	0.0025	0.0025	0.0000	0.0025	0.0025	0.0000	0.0000	0.0000	0.0000	0.5166	0.4732	0.0434	0.1995	0.1928	0.0068	0.3171	0.2804	0.0367	0.1300	0.0771	0.0529	0.0273	0.0249	0.0023	0.1027	0.0522	0.0505	0.0185	0.0120	0.0000	0.0100	0.0095	0.0000	1.1912	inf	0.0000	0.0192	0.0322	0.0002	0.0915	0.0998	0.0037	0.0000	0.0000	0.0000
9	46	0.4079	7	2	0	2	0	0	0	0	0	Y	N	Y	N	N	N	N	N	N	N	N	N	0.0047	0.0081	0.0023	0.0290	0.0289	0.3636	0.0001	inf	0.0009	0.0030	0.0031	0.0021	0.0067	0.0067	0.0080	0.0001	0.0000	0.0007	0.6352	0.3808	0.9005	0.2316	0.2306	0.0221	0.7184	0.0000	0.7755	0.0578	3.4160	-0.0001	0.0005	6.0952	4.1147	6.8339	1.2946	0.0006	0.0006	0.0000	0.0006	0.0006	0.0000	0.0000	0.0000	0.0000	0.0032	0.0007	0.0025	0.0008	0.0007	0.0000	0.0025	0.0000	0.0025	0.2138	0.1967	0.0171	0.0938	0.0907	0.0031	0.1200	0.1060	0.0139	0.0525	0.0321	0.0203	0.0136	0.0128	0.0008	0.0389	0.0193	0.0195	0.0486	0.1350	0.0167	0.1215	0.1162	0.3716	0.0016	inf	0.0056	0.0618	0.0228	0.1233	0.0552	0.0573	0.0217	0.0641	0.0000	0.1275
9	47	0.3452	6	2	0	1	0	0	0	0	0	Y	N	N	N	N	N	N	N	N	N	N	N	0.0131	0.0118	0.0057	0.0207	0.0228	0.0008	0.0007	0.0531	0.0164	0.0101	0.0108	0.0021	0.0271	0.0280	0.0018	0.0003	0.0000	0.0022	0.7672	0.9209	0.3762	1.3068	1.2288	2.2847	0.3759	0.0005	0.1341	0.0189	0.3377	-0.0023	-0.0158	6.0952	22.0103	6.8339	13.6452	0.0087	0.0085	0.0002	0.0085	0.0085	0.0000	0.0002	0.0000	0.0001	0.0419	0.0313	0.0106	0.0355	0.0313	0.0042	0.0064	0.0000	0.0064	0.8610	0.7857	0.0753	0.3150	0.3035	0.0115	0.5459	0.4821	0.0638	0.4083	0.2603	0.1480	0.1261	0.1181	0.0079	0.2822	0.1421	0.1401	0.0982	0.0901	0.0299	0.0961	0.1057	0.0035	0.0123	10.3051	0.0480	0.1027	0.1204	0.0715	0.2818	0.2654	0.5264	0.0227	0.0000	0.0458
9	48	0.3954	11	1	1	1	0	0	0	0	0	N	N	N	N	N	N	N	N	N	N	N	N	219.2981	41.0518	8867.9924	44.7768	43.5579	216.1133	1709.5914	inf	11296.0444	0.0321	0.0102	0.2297	0.0227	0.0236	0.0074	0.0387	0.0000	0.2881	0.0001	0.0002	0.0000	0.0005	0.0005	0.0000	0.0000	0.0000	0.0000	2.5154	0.0710	0.0060	-0.0000	6.0952	12.3962	6.8339	3.7178	0.0141	0.0040	0.0101	0.0041	0.0040	0.0001	0.0100	0.0000	0.0100	0.0000	0.0000	0.0000	0.0000	0.0000	0.0000	0.0000	0.0000	0.0000	0.4385	0.3945	0.0439	0.1792	0.1701	0.0091	0.2592	0.2244	0.0348	0.1426	0.0891	0.0535	0.0386	0.0361	0.0025	0.1040	0.0531	0.0510	219.2981	46.4040	8867.9924	44.7768	43.5579	216.1133	3094.0412	inf	11296.0444	0.0001	0.0002	0.0000	0.0005	0.0005	0.0000	0.0000	0.0000	0.0000
9	49	0.3665	10	1	0	1	0	0	0	0	0	N	N	N	N	N	N	N	N	N	N	N	N	5.8362	4.4738	16.2774	7.9238	7.9747	0.7569	3.5840	16.7721	21.1053	0.0070	0.0069	0.0081	0.0132	0.0139	0.0006	0.0026	0.0014	0.0102	0.0012	0.0015	0.0005	0.0017	0.0017	0.0007	0.0007	0.0001	0.0005	0.1280	0.4134	-0.0006	-0.0000	6.0952	14.4870	6.8339	5.8627	0.0037	0.0033	0.0004	0.0029	0.0029	0.0000	0.0008	0.0004	0.0004	0.0001	0.0001	0.0000	0.0001	0.0001	0.0000	0.0000	0.0000	0.0000	0.5269	0.4748	0.0521	0.2209	0.2096	0.0113	0.3060	0.2652	0.0407	0.1938	0.1183	0.0755	0.0563	0.0520	0.0042	0.1376	0.0663	0.0713	10.6423	9.0326	16.2774	7.9238	7.9747	0.7569	10.3226	5516.7436	21.1053	0.0007	0.0008	0.0005	0.0017	0.0017	0.0007	0.0003	0.0000	0.0005
9	50	0.3627	11	2	1	2	0	0	0	0	0	Y	N	Y	N	N	N	N	N	N	N	N	N	inf	inf	inf	inf	inf	inf	inf	inf	0.0000	0.0000	0.0002	0.0001	0.0000	0.0010	0.0000	0.0000	0.0000	0.0000	0.0000	0.0000	0.0000	0.0000	0.0000	0.0000	0.0000	0.0000	46.8529	0.0000	0.0000	6.0952	0.9856	6.8339	2.8295	0.0000	0.0000	0.0000	0.0000	0.0000	0.0000	0.0000	0.0000	0.0000	0.0000	0.0000	0.0000	0.0000	0.0000	0.0000	0.0000	0.0000	0.0000	0.0316	0.0284	0.0032	0.0113	0.0107	0.0006	0.0203	0.0177	0.0026	0.0295	0.0163	0.0132	0.0043	0.0039	0.0004	0.0252	0.0124	0.0127	inf	inf	inf	inf	inf	inf	inf	0.0000	inf	0.0000	0.0000	0.0000	0.0000	0.0000	0.0000	0.0000	0.0000	0.0000		
9	51	0.4521	9	2	1	1	0	0	0	0	0	Y	N	N	N	N	N	N	N	N	N	N	N	0.0307	0.0263	0.0147	0.0520	0.0513	0.0004	186.2747	46.5243	0.5658	0.0207	0.0226	0.0000	0.0508	0.0526	0.0000	0.0011	0.0012	0.0000	0.6757	0.8624	0.0004	0.9763	1.0262	0.0037	0.0000	0.0000	0.0000	0.0000	0.0019	-0.0033	-0.0093	6.0952	13.3057	6.8339	8.6321	0.0116	0.0116	0.0000	0.0112	0.0112	0.0000	0.0004	0.0004	0.0000	0.0148	0.0148	0.0000	0.0148	0.0148	0.0000	0.0000	0.0000	0.0000	0.5576	0.5108	0.0468	0.2208	0.2131	0.0077	0.3368	0.2977	0.0391	0.2097	0.1389	0.0709	0.0765	0.0691	0.0074	0.1332	0.0698	0.0635	0.2939	0.2128	0.0147	0.2623	0.2460	0.0004	186.2747	17427.6035	0.5658	0.0706	0.1064	0.0004	0.1935	0.2138	0.0037	0.0000	0.0000	0.0000
9	52	0.4975	13	1	1	1	1	0	0	0	0	N	N	N	N	N	N	N	N	N	N	N	N	1297.3883	8392.7287	0.0151	8706.5984	8992.4314	0.5446	0.0108	inf	0.0000	0.1009	0.1124	0.0000	0.2398	0.2549	0.0000	0.0000	0.0000	0.0000	0.0001	0.0000	0.0002	0.0000	0.0000	0.0000	0.0003	0.0000	0.0002	0.0000	8.9498	-0.0020	0.0000	6.0952	2.1073	6.8339	0.0711	0.0069	0.0069	0.0000	0.0069	0.0069	0.0000	0.0000	0.0000	0.0000	0.0000	0.0000	0.0000	0.0000	0.0000	0.0000	0.0000	0.0000	0.0000	0.0681	0.0611	0.0070	0.0286	0.0269	0.0017	0.0394	0.0341	0.0053	0.0155	0.0097	0.0059	0.0048	0.0043	0.0005	0.0108	0.0054	0.0054	1297.3883	8947.8641	0.0151	8706.5984	8992.4314	0.5446	0.0286	inf	0.0000	0.0001	0.0000	0.0002	0.0000	0.0000	0.0000	0.0001	0.0000	0.0002
9	53	0.4351	12	1	0	1	1	0	0	0	0	N	N	N	N	N	N	N	N	N	N	N	N	153.4616	49.4614	14010.7531	18.5606	15.7851	11011.7560	10809.8268	176.5467	16720.1327	0.0383	0.0292	0.1186	0.0217	0.0206	0.0380	0.0502	0.0359	0.1462	0.0002	0.0006	0.0000	0.0012	0.0013	0.0000	0.0000	0.0002	0.0000	0.4599	0.0145	0.0007	-0.0000	6.0952	21.8329	6.8339	8.0592	0.0237	0.0162	0.0075	0.0056	0.0050	0.0006	0.0181	0.0112	0.0068	0.0000	0.0000	0.0000	0.0000	0.0000	0.0000	0.0000	0.0000	0.0000	0.6176	0.5548	0.0628	0.2579	0.2419	0.0160	0.3596	0.3128	0.0468	0.1693	0.0995	0.0697	0.0347	0.0311	0.0037	0.1345	0.0685	0.0661	157.4389	71.6252	14010.7531	18.5606	15.7851	11011.7560	10809.8268	51820.2355	16720.1327	0.0002	0.0004	0.0000	0.0012	0.0013	0.0000	0.0000	0.0000	0.0000
9	54	0.5645	11	1	1	1	1	0	0	0	0	N	N	N	N	N	N	N	N	N	N	N	N	0.0000	0.0000	0.0000	0.0000	0.0000	0.0000	0.0000	0.0000	0.0000	0.0000	0.0000	0.0000	0.0000	0.0000	0.0000	0.0000	0.0000	0.0000	0.0000	0.0000	6.0952	0.0000	6.8339	0.0000	0.0000	0.0000	0.0000	0.0000	0.0000	0.0000	0.0000	0.0000	0.0000	0.0000	0.0000	0.0000	0.0000	0.0000	0.0000	0.0000	0.0000	0.0000	0.0000	0.0000	0.0000	0.0000	0.0000	0.0000	0.0000	0.0000	0.0000	0.0000	0.0000	0.0000	0.0000	0.0000	0.0000	0.0000	0.0000	0.0000	0.0000	0.0000	0.0000	0.0000	0.0000	0.0000	0.0000	0.0000	0.0000	0.0000	0.0000	0.0000	0.0000	0.0000	0.0000	0.0000	0.0000	0.0000											
9	55	0.4351	12	1	0	1	1	0	0	0	0	N	N	N	N	N	N	N	N	N	N	N	N	6377.8589	125416.2768	1.0013	18114.8720	106301.0434	0.8828	0.0034	inf	0.0000	0.0648	0.0719	0.0000	0.1363	0.1456	0.0001	0.0000	0.0000	0.0000	0.0000	0.0000	0.0000	0.0000	0.0000	0.0001	0.0000	0.0000	0.0000	0.0000	26.6429	-0.0009	0.0000	6.0952	1.2825	6.8339	0.1503	0.0032	0.0032	0.0000	0.0032	0.0032	0.0000	0.0000	0.0000	0.0000	0.0000	0.0000	0.0000	0.0000	0.0000	0.0000	0.0000	0.0000	0.0000	0.0496	0.0447	0.0049	0.0236	0.0221	0.0015	0.0260	0.0226	0.0034	0.0114	0.0073	0.0041	0.0033	0.0031	0.0002	0.0082	0.0043	0.0039	6377.8589	125416.2768	1.0013	18114.8720	106301.0434	0.8828	0.0058	inf	0.0000	0.0000	0.0000	0.0000	0.0000	0.0000	0.0001	0.0000	0.0000	0.0000
9	56	0.3941	11	1	0	1	1	0	0	0	0	N	N	N	N	N	N	N	N	N	N	N	N	795.7855	424.3940	1834.7077	834.2599	797.9693	237.7459	1034.7863	7.2822	3513.0636	0.6743	0.7464	0.0460	1.5283	1.6207	0.0374	0.0071	0.0004	0.0488	0.0008	0.0018	0.0000	0.0018	0.0020	0.0002	0.0000	0.0001	0.0000	0.0071	0.0188	-0.0985	-0.0001	6.0952	14.8542	6.8339	6.8183	0.3517	0.3492	0.0025	0.3496	0.3491	0.0005	0.0021	0.0001	0.0020	0.0001	0.0001	0.0000	0.0001	0.0001	0.0000	0.0000	0.0000	0.0000	0.5216	0.4679	0.0537	0.2288	0.2154	0.0134	0.2928	0.2525	0.0404	0.1698	0.1051	0.0648	0.0474	0.0424	0.0050	0.1224	0.0627	0.0597	1305.2409	910.6497	1834.7077	834.2599	797.9693	237.7459	1034.7863	2684.2598	3513.0636	0.0005	0.0008	0.0000	0.0018	0.0020	0.0002	0.0000	0.0000	0.0000
9	57	0.3192	10	1	0	1	1	0	0	0	0	N	N	N	N	N	N	N	N	N	N	N	N	453.2353	348.5252	89.7556	667.3797	653.0913	10.0104	14.0453	1.9757	114.5732	0.6830	0.7503	0.0517	1.5937	1.6867	0.0036	0.0158	0.0084	0.0671	0.0015	0.0022	0.0006	0.0024	0.0026	0.0004	0.0011	0.0042	0.0006	0.0073	0.4446	-0.2214	-0.0001	6.0952	33.5853	6.8339	9.3450	0.7912	0.7854	0.0058	0.7806	0.7805	0.0001	0.0105	0.0049	0.0057	0.0002	0.0002	0.0001	0.0001	0.0001	0.0000	0.0001	0.0000	0.0001	1.1584	1.0468	0.1116	0.4898	0.4627	0.0271	0.6686	0.5841	0.0845	0.2994	0.1735	0.1260	0.0619	0.0565	0.0054	0.2375	0.1170	0.1205	867.5568	797.5608	89.7556	667.3797	653.0913	10.0104	42.5976	56.2743	114.5732	0.0008	0.0009	0.0006	0.0024	0.0026	0.0004	0.0004	0.0001	0.0006
9	58	0.2985	9	1	0	1	0	0	0	0	0	N	N	N	N	N	N	N	N	N	N	N	N	32.6198	24.2795	260.6579	71.7284	71.3427	7.9346	15.9916	0.0139	317.3094	0.0914	0.0563	0.4182	0.1226	0.1286	0.0022	0.0693	0.0002	0.5248	0.0028	0.0023	0.0016	0.0017	0.0018	0.0003	0.0043	0.0122	0.0017	0.7959	1.1544	0.0084	-0.0000	6.0952	15.2419	6.8339	2.5705	0.0540	0.0301	0.0239	0.0301	0.0300	0.0000	0.0240	0.0001	0.0239	0.0002	0.0001	0.0001	0.0001	0.0001	0.0000	0.0001	0.0000	0.0001	0.5912	0.5340	0.0573	0.2452	0.2335	0.0117	0.3461	0.3005	0.0456	0.1569	0.0917	0.0652	0.0381	0.0358	0.0023	0.1188	0.0560	0.0628	73.4834	57.0678	260.6579	71.7284	71.3427	7.9346	63.3003	0.3639	317.3094	0.0012	0.0010	0.0016	0.0017	0.0018	0.0003	0.0011	0.0005	0.0017
9	59	0.5645	11	1	0	1	1	0	0	0	0	N	N	N	N	N	N	N	N	N	N	N	N	0.0000	0.0000	0.0000	0.0000	0.0000	0.0000	0.0000	0.0000	0.0000	0.0000	0.0000	0.0000	0.0000	1.6559	3.0819	0.0000	3.8980	3.9310	0.0000	0.0000	0.0000	0.0000	0.0000	0.0000	-0.0000	6.0952	0.0000	6.8339	0.0000	0.0000	0.0000	0.0000	0.0000	0.0000	0.0000	0.0000	0.0000	0.0000	0.0000	0.0000	0.0000	0.0000	0.0000	0.0000	0.0000	0.0000	0.0000	0.0000	0.0000	0.0000	0.0000	0.0000	0.0000	0.0000	0.0000	0.0000	0.0000	0.0000	0.0000	0.0000	0.0000	0.0000	0.0000	0.0000	0.0000	0.0000	0.0000	0.0000	0.0000	0.0000	0.0000	0.0000	0.0000	0.0000	1.6433	3.0819	0.0000	3.3764	3.4041	0.0000	0.0000	0.0000	0.0000						
9	60	0.4871	10	1	0	1	1	0	0	0	0	N	N	N	N	N	N	N	N	N	N	N	N	0.0039	0.0001	70.3303	0.0001	0.0001	0.0815	49.5820	0.0489	496.6700	0.0205	0.0006	0.1933	0.0013	0.0013	0.0017	0.0336	0.0000	0.2432	5.2069	8.2046	0.0027	15.5355	17.7358	0.0203	0.0007	0.0005	0.0005	39.2839	0.0002	0.0069	-0.5430	6.0952	19.3360	6.8339	7.9957	0.0100	0.0002	0.0098	0.0003	0.0002	0.0000	0.0098	0.0000	0.0098	0.8644	0.8643	0.0002	0.8644	0.8643	0.0001	0.0000	0.0000	0.0000	0.4897	0.4391	0.0506	0.1991	0.1886	0.0104	0.2906	0.2505	0.0401	0.1660	0.1053	0.0607	0.0556	0.0487	0.0069	0.1104	0.0566	0.0538	0.0039	0.0001	70.3303	0.0001	0.0001	0.0815	140.0787	9.1593	496.6700	5.2069	8.2046	0.0027	15.5355	17.7358	0.0203	0.0002	0.0000	0.0005
9	61	0.0648	4	1	1	2	0	0	0	0	0	N	N	Y	N	N	N	N	N	N	N	N	N	0.0016	1.5572	0.0000	0.1191	0.9991	0.0003	0.0007	268.7501	0.0000	0.0053	0.0059	0.0006	0.0140	0.0142	0.0043	0.0028	0.0031	0.0004	3.4044	0.0038	13.2572	0.1173	0.0142	16.0225	3.7347	0.0000	14.1371	0.0113	4314.4548	-0.0008	0.3207	6.0952	14.2360	6.8339	11.9336	0.0028	0.0027	0.0000	0.0017	0.0017	0.0000	0.0011	0.0011	0.0000	0.8634	0.0002	0.8632	0.0009	0.0002	0.0007	0.8625	0.0000	0.8625	0.5164	0.4650	0.0514	0.1190	0.1167	0.0024	0.3974	0.3483	0.0491	0.2536	0.1398	0.1138	0.0227	0.0224	0.0003	0.2309	0.1174	0.1135	0.0016	4.1036	0.0001	0.3562	1.5828	0.0019	0.0007	107009.8527	0.0001	3.4044	0.0014	7.5835	0.0392	0.0089	2.2704	3.7347	0.0000	7.5976
9	62	0.2856	10	2	0	2	0	0	0	0	0	Y	N	Y	N	N	N	N	N	N	N	N	N	0.3324	129.6696	0.0012	0.1095	0.0999	15.8889	0.4994	112008.3957	0.0013	0.9518	1.0457	0.0137	0.0015	0.0016	0.0006	1.6878	1.9415	0.0166	2.8634	0.0081	11.4665	0.0139	0.0156	0.0000	3.3794	0.0000	12.6977	0.0013	2087.0153	-0.2841	0.3629	6.0952	28.8660	6.8339	13.2209	0.9938	0.9925	0.0013	0.0007	0.0007	0.0000	0.9931	0.9918	0.0013	0.9778	0.0005	0.9773	0.0005	0.0005	0.0000	0.9773	0.0000	0.9773	1.0442	0.9491	0.0950	0.4558	0.4383	0.0175	0.5884	0.5109	0.0775	0.3415	0.1894	0.1521	0.0523	0.0482	0.0041	0.2892	0.1412	0.1480	0.3324	422.8659	0.0021	0.1697	0.1604	15.8889	0.4994	40910855.0574	0.0025	2.8634	0.0025	6.4251	0.0090	0.0097	0.0000	3.3794	0.0000	6.6029
9	63	0.2829	9	2	1	1	0	0	0	0	0	Y	N	N	N	N	N	N	N	N	N	N	N	0.0001	0.0001	0.0000	0.0000	0.0000	0.0000	0.1358	0.0188	0.0000	0.0000	0.0001	0.0000	0.0001	0.0001	0.0000	0.0000	0.0000	0.0000	0.7404	1.0188	0.0001	1.6640	1.6965	0.0000	0.0003	0.0025	0.0001	0.0000	0.0007	-0.0000	-0.0066	6.0952	5.0237	6.8339	8.0282	0.0000	0.0000	0.0000	0.0000	0.0000	0.0000	0.0000	0.0000	0.0000	0.0105	0.0105	0.0000	0.0105	0.0105	0.0000	0.0000	0.0000	0.0000	0.1567	0.1407	0.0161	0.0535	0.0508	0.0027	0.1032	0.0899	0.0134	0.1137	0.0630	0.0507	0.0249	0.0221	0.0028	0.0887	0.0409	0.0478	0.0005	0.0003	0.0000	0.0002	0.0002	0.0000	0.3686	0.6897	0.0000	0.0927	0.1672	0.0001	0.4221	0.4765	0.0000	0.0001	0.0001	0.0001
9	64	0.2199	8	2	1	1	0	0	0	0	0	Y	N	N	N	N	N	N	N	N	N	N	N	0.0281	0.0219	0.0009	21.2511	20.8371	0.0013	0.0120	0.0063	0.0011	0.0140	0.0156	0.0000	0.0277	0.0293	0.0000	0.0073	0.0084	0.0000	0.4982	0.7131	0.0034	0.0013	0.0014	0.0001	0.6087	1.3378	0.0033	0.0000	0.0388	-0.0022	-0.0062	6.0952	17.5893	6.8339	19.0270	0.0077	0.0077	0.0000	0.0050	0.0050	0.0000	0.0027	0.0027	0.0000	0.0105	0.0101	0.0004	0.0001	0.0001	0.0000	0.0104	0.0100	0.0004	0.5477	0.4904	0.0573	0.1799	0.1701	0.0099	0.3677	0.3203	0.0474	0.2727	0.1492	0.1236	0.0416	0.0383	0.0033	0.2311	0.1108	0.1203	0.3646	0.2314	0.0009	21.2511	20.8371	0.0013	0.1625	0.0930	0.0011	0.0384	0.0676	0.0032	0.0013	0.0014	0.0001	0.0451	0.0905	0.0033
9	65	0.2136	7	1	1	1	0	0	0	0	0	N	N	N	N	N	N	N	N	N	N	N	N	8.9603	4.5578	75.4719	40.7263	42.7792	4.7127	2.8112	0.0016	87.0664	0.0077	0.0043	0.0364	0.0112	0.0117	0.0020	0.0059	0.0000	0.0421	0.0009	0.0010	0.0005	0.0003	0.0003	0.0004	0.0021	0.0222	0.0005	0.9866	0.4528	0.0001	-0.0000	6.0952	1.7566	6.8339	2.8742	0.0005	0.0003	0.0002	0.0003	0.0003	0.0000	0.0002	0.0000	0.0002	0.0000	0.0000	0.0000	0.0000	0.0000	0.0000	0.0000	0.0000	0.0000	0.0647	0.0579	0.0068	0.0224	0.0215	0.0010	0.0423	0.0364	0.0058	0.0619	0.0411	0.0208	0.0181	0.0177	0.0004	0.0437	0.0234	0.0204	14.8413	8.0527	75.4719	40.7263	42.7792	4.7127	9.4212	0.0471	87.0664	0.0005	0.0005	0.0005	0.0003	0.0003	0.0004	0.0006	0.0007	0.0005
9	66	0.0648	4	1	1	1	0	0	0	0	0	N	N	N	N	N	N	N	N	N	N	N	N	6.4251	3.1410	20.0184	0.0658	0.0684	0.0110	1475348.0353	12910.7127	66.9713	1.3097	1.4526	0.0001	0.0617	0.0629	0.0000	1.6702	1.9009	0.0001	0.2038	0.4625	0.0000	0.9380	0.9190	0.0016	0.0000	0.0001	0.0000	0.0000	0.0002	-0.2786	-0.0030	6.0952	21.1811	6.8339	10.1862	0.9702	0.9701	0.0000	0.0102	0.0102	0.0000	0.9599	0.9599	0.0000	0.0047	0.0047	0.0000	0.0047	0.0047	0.0000	0.0000	0.0000	0.0000	0.7408	0.6679	0.0729	0.1660	0.1629	0.0032	0.5747	0.5050	0.0698	0.2989	0.1648	0.1342	0.0262	0.0258	0.0003	0.2728	0.1390	0.1338	83.0935	50.8135	20.0184	0.3427	0.3447	0.0110	1475348.0353	3984456.2883	66.9713	0.0158	0.0286	0.0000	0.1800	0.1824	0.0016	0.0000	0.0000	0.0000
9	67	0.0510	3	1	1	1	0	0	0	0	0	N	N	N	N	N	N	N	N	N	N	N	N	0.3411	7.0787	0.0186	194.7636	213.5514	0.0000	0.0065	0.0043	0.0239	0.1814	0.2212	0.0099	0.6189	0.6247	0.0000	0.0040	0.0019	0.0101	0.5318	0.0312	0.5338	0.0032	0.0029	0.0210	0.6240	0.4456	0.4214	0.0104	12.1826	-0.0183	0.0011	6.0952	7.4253	6.8339	0.9851	0.0660	0.0653	0.0007	0.0649	0.0649	0.0000	0.0010	0.0004	0.0007	0.0037	0.0003	0.0034	0.0000	0.0000	0.0000	0.0036	0.0003	0.0034	0.3637	0.2952	0.0685	0.1049	0.1039	0.0010	0.2588	0.1913	0.0676	0.0845	0.0464	0.0381	0.0064	0.0063	0.0001	0.0781	0.0401	0.0380	4.1764	36.8671	0.1116	196.4526	213.5514	0.0000	0.0863	0.2923	0.1130	0.0434	0.0060	0.0890	0.0032	0.0029	0.0210	0.0467	0.0065	0.0892
9	68	0.3665	10	1	0	2	0	0	0	0	0	N	N	Y	N	N	N	N	N	N	N	N	N	20.7180	10.6079	36.7788	1.7000	1.7025	0.1075	1351.4090	3255.4333	121.1631	0.0207	0.0227	0.0024	0.0035	0.0037	0.0001	0.0331	0.0378	0.0031	0.0010	0.0021	0.0001	0.0020	0.0021	0.0008	0.0000	0.0000	0.0000	0.0117	0.0451	-0.0031	-0.0001	6.0952	15.0354	6.8339	6.2061	0.0113	0.0111	0.0001	0.0008	0.0008	0.0000	0.0105	0.0103	0.0001	0.0001	0.0001	0.0000	0.0001	0.0001	0.0000	0.0000	0.0000	0.0000	0.5430	0.4894	0.0536	0.2271	0.2154	0.0117	0.3159	0.2740	0.0420	0.1999	0.1219	0.0780	0.0575	0.0532	0.0043	0.1424	0.0687	0.0737	34.7938	24.3211	36.7788	1.7000	1.7025	0.1075	2523.3064	1297531.3624	121.1631	0.0006	0.0009	0.0001	0.0020	0.0021	0.0008	0.0000	0.0000	0.0000
9	69	0.2985	9	1	0	1	0	0	0	0	0	N	N	N	N	N	N	N	N	N	N	N	N	1523.9416	1725.4129	549.8405	2534.3706	2503.9153	9.6767	56.6420	1.9310	669.3502	1.0919	1.1812	0.2646	2.7225	2.8663	0.0012	0.0468	0.0051	0.3309	0.0007	0.0007	0.0005	0.0011	0.0011	0.0001	0.0008	0.0027	0.0005	0.0242	0.7802	-0.2705	-0.0000	6.0952	27.6811	6.8339	13.1592	1.0264	1.0021	0.0242	0.9996	0.9995	0.0000	0.0268	0.0026	0.0242	0.0001	0.0001	0.0001	0.0001	0.0001	0.0000	0.0001	0.0000	0.0001	0.9400	0.8484	0.0916	0.3671	0.3487	0.0184	0.5728	0.4996	0.0732	0.3109	0.1820	0.1289	0.0665	0.0619	0.0046	0.2444	0.1202	0.1243	2398.1925	2703.8197	549.8405	2534.3706	2503.9153	9.6767	162.9446	70.8298	669.3502	0.0005	0.0004	0.0005	0.0011	0.0011	0.0001	0.0003	0.0001	0.0005
9	70	0.2636	8	1	0	1	0	0	0	0	0	N	N	N	N	N	N	N	N	N	N	N	N	40.0010	19.1795	443.2513	43.0644	42.2491	66.9569	35.3327	0.0031	526.7938	0.0958	0.0398	0.5969	0.0996	0.1009	0.0747	0.0935	0.0000	0.7136	0.0024	0.0021	0.0013	0.0023	0.0024	0.0011	0.0026	0.0034	0.0014	1.6797	0.9798	0.0224	-0.0000	6.0952	19.6565	6.8339	4.0504	0.0659	0.0246	0.0413	0.0255	0.0246	0.0009	0.0404	0.0000	0.0404	0.0002	0.0001	0.0001	0.0001	0.0001	0.0000	0.0001	0.0000	0.0001	0.6880	0.6188	0.0692	0.2563	0.2436	0.0126	0.4317	0.3751	0.0566	0.2082	0.1250	0.0832	0.0470	0.0442	0.0028	0.1612	0.0807	0.0804	88.0801	43.4331	443.2513	43.0644	42.2491	66.9569	128.1159	0.1001	526.7938	0.0011	0.0009	0.0013	0.0023	0.0024	0.0011	0.0007	0.0001	0.0014
9	71	0.0479	2	2	1	1	0	0	0	0	0	Y	N	N	N	N	N	N	N	N	N	N	N	57.2548	6.8188	814273.2176	0.4129	0.4504	0.0066	773568.7586	4928.0661	966891.1480	2.1360	1.4348	5.0425	0.2111	0.2304	0.0000	3.1181	2.1861	5.9038	0.0373	0.2104	0.0000	0.5112	0.5116	0.0000	0.0000	0.0004	0.0000	0.8477	0.0004	0.3378	-0.0011	6.0952	17.5448	6.8339	6.0013	1.9681	1.0651	0.9029	0.0657	0.0657	0.0000	1.9024	0.9994	0.9029	0.0017	0.0017	0.0000	0.0017	0.0017	0.0000	0.0000	0.0000	0.0000	0.9214	0.7423	0.1791	0.3113	0.2852	0.0261	0.6101	0.4572	0.1529	0.2303	0.1256	0.1047	0.0180	0.0177	0.0002	0.2123	0.1079	0.1045	282.1121	103.3943	814273.2176	2.1767	2.3431	0.0066	773568.7586	1081397.9872	966891.1480	0.0076	0.0139	0.0000	0.0970	0.0983	0.0000	0.0000	0.0000	0.0000
9	72	0.0815	3	2	1	2	0	0	0	0	0	Y	N	Y	N	N	N	N	N	N	N	N	N	1.3211	33.2728	3.3682	89.8618	89.3876	67.5221	1.0091	inf	3.3667	13.3931	0.0033	117.3163	0.0123	0.0125	0.0019	17.4315	0.0001	120.6617	10.1379	0.0001	34.8310	0.0001	0.0001	0.0000	17.2746	0.0000	35.8399	4550.0340	179628.2541	0.7124	0.7114	6.0952	1.8980	6.8339	2.9698	0.9997	0.0002	0.9995	0.0002	0.0002	0.0000	0.9995	0.0000	0.9995	1.9143	0.0000	1.9143	0.0000	0.0000	0.0000	1.9143	0.0000	1.9143	0.0746	0.0661	0.0085	0.0173	0.0171	0.0002	0.0573	0.0491	0.0083	0.1888	0.1067	0.0821	0.0780	0.0764	0.0016	0.1108	0.0304	0.0805	1.3211	33.2728	5.0307	89.8618	89.3876	67.5221	1.0091	inf	5.0710	10.1379	0.0001	23.3199	0.0001	0.0001	0.0000	17.2746	0.0000	23.7946
9	73	0.0620	2	2	0	2	0	0	0	0	0	Y	N	Y	N	N	N	N	N	N	N	N	N	0.1109	0.2944	0.0010	0.3675	0.3722	0.0000	0.0040	0.0110	0.0009	0.3720	0.4375	0.0115	0.9815	0.9970	0.0001	0.0168	0.0184	0.0119	3.3537	1.4862	11.8737	2.6709	2.6789	4.2155	4.2438	1.6707	12.9071	0.0048	6.3316	-0.0272	0.1315	6.0952	3.5853	6.8339	4.3819	0.0965	0.0960	0.0005	0.0937	0.0937	0.0000	0.0028	0.0023	0.0005	0.5590	0.0762	0.4827	0.0692	0.0688	0.0004	0.4898	0.0075	0.4823	0.2594	0.2195	0.0399	0.0955	0.0940	0.0015	0.1639	0.1255	0.0384	0.1667	0.0951	0.0716	0.0513	0.0507	0.0006	0.1154	0.0444	0.0710	0.1109	0.5455	0.0017	0.7272	0.7348	0.0001	0.0040	0.1090	0.0018	3.3537	0.8021	6.7402	1.3498	1.3569	0.7287	4.2438	0.1684	6.7893
9	79	0.2136	7	1	1	1	0	0	0	0	0	N	N	N	N	N	N	N	N	N	N	N	N	21.0913	13.6018	0.0079	10.2261	11.4999	0.0000	0.0744	0.2904	0.0031	0.0035	0.0000	0.0099	0.0104	0.0000	0.0000	0.0000	0.0000	0.0001	0.0003	0.0000	0.0010	0.0009	0.0018	0.0000	0.0000	0.0000	0.0000	0.1532	-0.0007	-0.0000	6.0952	23.9173	6.8339	17.8091	0.0023	0.0023	0.0000	0.0023	0.0023	0.0000	0.0000	0.0000	0.0000	0.0000	0.0000	0.0000	0.0000	0.0000	0.0000	0.0000	0.0000	0.0000	0.7231	0.6487	0.0744	0.2305	0.2192	0.0113	0.4926	0.4295	0.0631	0.3103	0.1763	0.1340	0.0477	0.0445	0.0033	0.2625	0.1318	0.1307	21.0913	15.4053	0.0079	10.2261	11.4999	0.0000	0.0744	0.0000	0.2904	0.0001	0.0002	0.0000	0.0010	0.0009	0.0018	0.0000	0.0000	0.0000	
9	80	0.1975	6	1	1	1	0	0	0	0	0	N	N	N	N	N	N	N	N	N	N	N	N	9.6074	7.6962	0.0000	6.9155	8.2892	0.0000	1.3203	inf	0.0000	0.0015	0.0016	0.0000	0.0048	0.0050	0.0000	0.0000	0.0000	0.0000	0.0002	0.0002	0.0001	0.0007	0.0006	0.0028	0.0000	0.0000	0.0000	0.0000	0.1878	-0.0001	-0.0000	6.0952	6.1279	6.8339	3.6878	0.0003	0.0003	0.0000	0.0003	0.0003	0.0000	0.0000	0.0000	0.0000	0.0000	0.0000	0.0000	0.0000	0.0000	0.0000	0.0000	0.0000	0.0000	0.1906	0.1707	0.0200	0.0583	0.0555	0.0028	0.1324	0.1152	0.0171	0.0987	0.0628	0.0360	0.0217	0.0209	0.0008	0.0770	0.0419	0.0351	9.6074	8.1050	0.0000	6.9155	8.2892	0.0000	1.3203	inf	0.0000	0.0002	0.0002	0.0001	0.0007	0.0006	0.0028	0.0000	0.0000	0.0000
9	81	0.2856	10	2	0	2	0	0	0	0	0	Y	N	Y	N	N	N	N	N	N	N	N	N	0.1153	0.0031	0.3935	0.0016	0.0015	0.0096	0.1749	34.4800	0.4431	1.0088	0.0018	11.1155	0.0015	0.0014	0.0024	1.8032	0.0022	13.6388	8.7463	0.5948	28.2474	0.9390	0.9310	0.2512	10.3115	0.0001	30.7779	602.7719	329.0784	0.7228	1.0546	6.0952	27.2690	6.8339	12.3406	1.0162	0.0017	1.0146	0.0006	0.0006	0.0000	1.0156	0.0011	1.0145	2.8610	0.0087	2.8523	0.0091	0.0087	0.0005	2.8518	0.0000	2.8518	1.0074	0.9161	0.0913	0.4441	0.4273	0.0169	0.5632	0.4888	0.0744	0.3271	0.1815	0.1456	0.0505	0.0466	0.0039	0.2766	0.1348	0.1417	0.1153	0.0385	0.5675	0.0081	0.0076	0.0201	0.1749	12381.5216	0.6778	8.7463	0.0478	19.5858	0.1808	0.1859	0.1201	10.3115	0.0000	20.1221
9	82	0.2702	9	1	0	1	0	0	0	0	0	N	N	N	N	N	N	N	N	N	N	N	N	2.4325	0.0341	15.1590	0.0272	0.0237	0.6286	5.0561	0.0118	21.0008	1.9205	0.0007	27.3359	0.0011	0.0011	0.0008	4.6786	0.0001	35.8364	0.7895	0.0210	1.8033	0.0406	0.0469	0.0013	0.9253	0.0064	1.7064	2889.4279	41.4716	0.6747	0.0032	6.0952	9.0798	6.8339	0.9519	0.9469	0.0003	0.9466	0.0003	0.0003	0.0000	0.9466	0.0000	0.9465	0.0091	0.0002	0.0089	0.0002	0.0002	0.0000	0.0089	0.0000	0.0089	0.4930	0.4584	0.0346	0.2907	0.2825	0.0082	0.2023	0.1759	0.0264	0.0812	0.0444	0.0368	0.0107	0.0098	0.0010	0.0705	0.0346	0.0359	17.0807	0.1475	112.9470	0.0571	0.0527	0.6286	36.9524	0.3019	144.2307	0.1124	0.0048	0.2420	0.0193	0.0211	0.0013	0.1266	0.0003	0.2485
9	83	0.1975	6	1	1	1	0	0	0	0	0	N	N	N	N	N	N	N	N	N	N	N	N	140.3662	68.2302	0.0000	108.1343	103.3951	929243.8213	inf	0.0000	0.2028	0.2262	0.0000	0.5616	0.5897	0.0000	0.0461	0.0528	0.0000	0.0014	0.0033	0.0000	0.0052	0.0057	0.0000	0.0000	0.0000	0.0000	0.0000	0.0001	-0.0367	-0.0001	6.0952	21.0000	6.8339	14.4214	0.1279	0.1279	0.0000	0.1077	0.1077	0.0000	0.0202	0.0202	0.0000	0.0002	0.0002	0.0000	0.0002	0.0002	0.0000	0.0000	0.0000	0.0000	0.6305	0.5653	0.0652	0.1917	0.1826	0.0091	0.4388	0.3827	0.0561	0.2906	0.1723	0.1183	0.0505	0.0477	0.0029	0.2401	0.1247	0.1154	262.8853	173.8544	0.0000	126.5798	125.3372	0.0000	929243.8213	inf	0.0000	0.0008	0.0013	0.0000	0.0044	0.0047	0.0000	0.0000	0.0000	0.0000	
9	84	0.2552	10	1	0	2	0	0	0	0	0	N	N	Y	N	N	N	N	N	N	N	N	N	3.7881	2.1134	0.0000	2.6070	2.9926	0.0000	649.0760	inf	0.0000	0.0056	0.0062	0.0000	0.0145	0.0153	0.0000	0.0009	0.0010	0.0000	0.0015	0.0030	0.0003	0.0056	0.0051	0.0069	0.0000	0.0000	0.0000	0.0000	0.1935	-0.0010	-0.0001	6.0952	20.4085	6.8339	11.0867	0.0036	0.0036	0.0000	0.0032	0.0032	0.0000	0.0004	0.0004	0.0000	0.0002	0.0001	0.0000	0.0002	0.0001	0.0000	0.0000	0.0000	0.0000	0.6430	0.5781	0.0650	0.2239	0.2130	0.0109	0.4192	0.3650	0.0541	0.2298	0.1271	0.1026	0.0385	0.0344	0.0041	0.1912	0.0927	0.0985	7.2234	5.3062	0.0000	3.1370	3.5073	0.0000	649.0760	inf	0.0000	0.0008	0.0012	0.0003	0.0046	0.0043	0.0069	0.0000	0.0000	0.0000
9	85	0.2514	9	1	0	2	0	0	0	0	0	N	N	Y	N	N	N	N	N	N	N	N	N	0.2041	40.1882	0.7867	0.0978	35.6664	0.0050	1.3638	0.0102	16.9713	0.0034	0.0019	0.0172	0.0043	0.0044	0.0037	0.0027	0.0000	0.0199	0.0164	0.0000	0.0219	0.0443	0.0001	0.7435	0.0020	0.0001	0.0012	1.0010	205.1181	0.0001	0.0001	6.0952	3.1287	6.8339	1.1816	0.0004	0.0002	0.0002	0.0002	0.0002	0.0000	0.0002	0.0000	0.0002	0.0002	0.0000	0.0002	0.0002	0.0000	0.0002	0.0000	0.0000	0.0000	0.1272	0.1148	0.0124	0.0509	0.0488	0.0021	0.0762	0.0659	0.0103	0.0374	0.0218	0.0156	0.0077	0.0070	0.0007	0.0297	0.0147	0.0149	0.7037	46.8007	1.5144	0.2078	35.6664	0.0155	4.5540	3.2973	16.9713	0.0048	0.0000	0.0114	0.0208	0.0001	0.2414	0.0006	0.0000	0.0012
9	86	0.2445	8	1	0	1	0	0	0	0	0	N	N	N	N	N	N	N	N	N	N	N	N	0.0029	1.8774	0.0007	0.1281	2.8593	0.0008	0.0001	0.0000	0.0010	0.0017	0.0018	0.0007	0.0045	0.0047	0.0004	0.0001	0.0000	0.0007	0.5932	0.0010	0.9097	0.0351	0.0016	0.5856	0.7097	0.0003	0.7151	0.0392	166.1460	-0.0001	0.0011	6.0952	4.0532	6.8339	2.2470	0.0002	0.0002	0.0000	0.0002	0.0002	0.0000	0.0000	0.0000	0.0000	0.0030	0.0000	0.0030	0.0002	0.0000	0.0002	0.0028	0.0000	0.0028	0.1409	0.1274	0.0136	0.0515	0.0492	0.0023	0.0895	0.0782	0.0113	0.0573	0.0331	0.0243	0.0120	0.0110	0.0009	0.0454	0.0220	0.0233	0.0322	3.3021	0.0054	0.2542	2.8593	0.0021	0.0014	0.0000	0.0059	0.0528	0.0005	0.1240	0.0177	0.0016	0.2064	0.0621	0.0000	0.1207
9	87	0.2213	7	1	0	1	0	0	0	0	0	N	N	N	N	N	N	N	N	N	N	N	N	0.0001	0.0327	0.0000	0.0092	0.2664	0.0003	0.0000	0.0000	0.0000	0.0004	0.0004	0.0003	0.0008	0.0008	0.0008	0.0000	0.0000	0.0002	5.7124	0.0111	22.2140	0.0852	0.0029	3.0708	7.4207	0.2512	24.6978	0.0873	2995.9445	-0.0000	0.3150	6.0952	4.7288	6.8339	9.8540	0.0001	0.0001	0.0000	0.0001	0.0001	0.0000	0.0000	0.0000	0.0000	0.8483	0.0003	0.8480	0.0011	0.0001	0.0010	0.8472	0.0002	0.8470	0.1831	0.1662	0.0169	0.0809	0.0773	0.0036	0.1022	0.0889	0.0133	0.1485	0.0891	0.0594	0.0343	0.0327	0.0017	0.1142	0.0565	0.0577	0.0001	0.1147	0.0000	0.0241	0.2664	0.0014	0.0000	0.0000	0.0000	5.7124	0.0032	14.2824	0.0326	0.0029	0.6097	7.4207	0.0033	14.6798
9	88	0.1975	6	1	0	1	0	0	0	0	0	N	N	N	N	N	N	N	N	N	N	N	N	0.0070	0.1409	0.0008	17.8680	28.2085	0.0088	0.0003	0.0000	0.0009	0.0055	0.0059	0.0016	0.0174	0.0183	0.0001	0.0002	0.0000	0.0018	0.7892	0.0422	2.0405	0.0010	0.0006	0.0077	0.9488	0.5923	1.9323	0.0308	25.3990	-0.0004	0.0054	6.0952	8.6320	6.8339	7.0881	0.0015	0.0014	0.0000	0.0014	0.0014	0.0000	0.0000	0.0000	0.0000	0.0162	0.0006	0.0156	0.0000	0.0000	0.0000	0.0162	0.0006	0.0156	0.2669	0.2390	0.0279	0.0815	0.0775	0.0039	0.1854	0.1614	0.0240	0.1449	0.0891	0.0558	0.0287	0.0274	0.0013	0.1162	0.0617	0.0545	0.0489	0.8604	0.0056	17.8680	28.2085	0.0088	0.0017	0.0007	0.0063	0.1121	0.0069	0.2800	0.0010	0.0006	0.0077	0.1395	0.0097	0.2867
9	89	0.2653	8	1	1	1	0	0	0	0	0	N	N	N	N	N	N	N	N	N	N	N	N	1.5135	0.3703	48.3227	0.0301	0.0290	0.1104	12.4552	26.9795	64.9021	0.0007	0.0003	0.0036	0.0001	0.0001	0.0000	0.0010	0.0005	0.0044	0.0004	0.0009	0.0001	0.0017	0.0018	0.0003	0.0001	0.0000	0.0001	1.1431	0.1015	0.0001	-0.0000	6.0952	15.4622	6.8339	5.2688	0.0003	0.0002	0.0002	0.0000	0.0000	0.0000	0.0003	0.0002	0.0002	0.0001	0.0001	0.0000	0.0001	0.0001	0.0000	0.0000	0.0000	0.0000	0.5100	0.4590	0.0510	0.1896	0.1804	0.0092	0.3204	0.2786	0.0418	0.1630	0.0942	0.0688	0.0301	0.0282	0.0019	0.1329	0.0660	0.0669	1.9769	0.6523	48.3227	0.0301	0.0290	0.1104	30.6953	9894.8957	64.9021	0.0003	0.0005	0.0001	0.0017	0.0018	0.0003	0.0000	0.0000	0.0001
9	90	0.2535	7	1	0	1	0	0	0	0	0	N	N	N	N	N	N	N	N	N	N	N	N	31.0552	34.1854	75.8488	2.4175	2.6203	0.0262	26.5834	4.7656	94.9934	0.0452	0.0420	0.0756	0.0020	0.0021	0.0000	0.0734	0.0704	0.0938	0.0015	0.0012	0.0010	0.0008	0.0008	0.0012	0.0028	0.0148	0.0010	0.1930	0.9483	-0.0016	-0.0000	6.0952	7.5917	6.8339	1.5198	0.0124	0.0104	0.0020	0.0002	0.0002	0.0000	0.0122	0.0102	0.0020	0.0001	0.0000	0.0000	0.0000	0.0000	0.0000	0.0001	0.0000	0.0000	0.2745	0.2479	0.0266	0.1083	0.1031	0.0052	0.1662	0.1448	0.0214	0.0913	0.0569	0.0345	0.0239	0.0222	0.0016	0.0675	0.0346	0.0328	58.5732	65.9488	75.8488	2.4175	2.6203	0.0262	97.0175	130.8668	94.9934	0.0008	0.0006	0.0010	0.0008	0.0008	0.0012	0.0008	0.0005	0.0010
9	91	0.3627	11	2	0	2	0	0	0	0	0	Y	N	Y	N	N	N	N	N	N	N	N	N	inf	inf	inf	inf	inf	inf	0.0038	0.0042	0.0000	0.0106	0.0113	0.0000	0.0000	0.0000	0.0000	0.0000	0.0000	0.0000	0.0000	0.0000	0.0000	0.0000	0.0000	0.0000	0.0000	-0.0001	0.0000	6.0952	3.0317	6.8339	0.1644	0.0004	0.0004	0.0000	0.0004	0.0004	0.0000	0.0000	0.0000	0.0000	0.0000	0.0000	0.0000	0.0000	0.0000	0.0000	0.0000	0.0000	0.0000	0.0951	0.0853	0.0098	0.0338	0.0319	0.0019	0.0613	0.0534	0.0079	0.0247	0.0137	0.0110	0.0036	0.0033	0.0004	0.0211	0.0104	0.0107	inf	inf	0.0000	inf	inf	0.0000	inf	inf	0.0000	0.0000	0.0000	0.0000	0.0000	0.0000	0.0000	0.0000	0.0000	0.0000				
9	92	0.3570	10	2	0	2	0	0	0	0	0	Y	N	Y	N	N	N	N	N	N	N	N	N	693.5106	3691.9707	1331.7432	553.5685	2255.3354	1.2716	539.0591	inf	2184.0835	0.0025	0.0017	0.0104	0.0038	0.0040	0.0001	0.0016	0.0000	0.0132	0.0000	0.0000	0.0000	0.0000	0.0000	0.0001	0.0000	0.0000	0.0000	0.6034	12.7099	0.0000	0.0000	6.0952	2.6632	6.8339	1.0147	0.0003	0.0002	0.0001	0.0002	0.0002	0.0000	0.0001	0.0000	0.0001	0.0000	0.0000	0.0000	0.0000	0.0000	0.0000	0.0000	0.0000	0.0000	0.1042	0.0947	0.0096	0.0431	0.0411	0.0020	0.0612	0.0536	0.0076	0.0303	0.0171	0.0132	0.0049	0.0045	0.0004	0.0253	0.0126	0.0128	693.5106	3691.9707	1331.7432	553.5685	2255.3354	1.2716	539.0591	inf	2184.0835	0.0000	0.0000	0.0000	0.0000	0.0000	0.0001	0.0000	0.0000	0.0000
9	93	0.2737	9	2	0	2	0	0	0	0	0	Y	N	Y	N	N	N	N	N	N	N	N	N	51.0412	11.7874	481.9225	16.8020	5.2029	69.3051	47.0618	998.0503	742.2189	0.5166	0.0113	5.2747	0.0794	0.0115	1.7548	0.7913	0.0111	5.9285	0.0101	0.0010	0.0109	0.0047	0.0022	0.0253	0.0168	0.0000	0.0080	49.6018	10.1481	0.4238	0.0003	6.0952	35.0787	6.8339	12.2568	0.6115	0.0121	0.5994	0.0363	0.0051	0.0312	0.5752	0.0070	0.5682	0.0012	0.0001	0.0011	0.0002	0.0001	0.0001	0.0010	0.0000	0.0010	1.1838	1.0701	0.1136	0.4569	0.4391	0.0178	0.7269	0.6310	0.0958	0.3565	0.1968	0.1597	0.0528	0.0481	0.0047	0.3037	0.1487	0.1550	155.2681	20.8884	780.2480	19.0860	5.2029	73.0422	248.7142	395228.9938	950.9444	0.0033	0.0005	0.0068	0.0042	0.0022	0.0240	0.0032	0.0000	0.0062
9	94	0.2602	8	2	0	1	0	0	0	0	0	Y	N	N	N	N	N	N	N	N	N	N	N	205.7984	20.2065	5556.1349	3.9395	4.0401	3.0068	429.5451	15.0634	7400.3689	1.0176	0.1011	11.7169	0.0318	0.0319	0.0268	2.0096	0.1790	14.1369	0.0049	0.0050	0.0021	0.0081	0.0079	0.0089	0.0047	0.0119	0.0019	9.9272	0.9384	0.2734	-0.0000	6.0952	8.4810	6.8339	2.3446	0.4401	0.0403	0.3998	0.0069	0.0067	0.0002	0.4332	0.0335	0.3997	0.0002	0.0001	0.0001	0.0001	0.0001	0.0000	0.0001	0.0000	0.0001	0.4325	0.3984	0.0341	0.2169	0.2111	0.0059	0.2156	0.1873	0.0283	0.0913	0.0513	0.0401	0.0137	0.0125	0.0011	0.0777	0.0387	0.0389	532.3997	57.5449	5556.1349	5.2621	5.5226	3.0068	1696.8545	393.8811	7400.3689	0.0019	0.0018	0.0021	0.0060	0.0058	0.0089	0.0012	0.0005	0.0019
9	95	0.1975	6	1	1	1	1	0	0	0	0	N	N	N	N	N	N	N	N	N	N	N	N	5.4810	0.0000	353885.0356	0.0001	0.0000	0.6176	inf	inf	1.4005	0.0000	13.5679	0.0000	0.0000	0.0010	2.0115	0.0000	15.7702	0.2555	0.4813	0.0000	0.5812	0.5879	0.0016	0.0000	0.0000	0.0000	inf	0.0009	0.7145	-0.0042	6.0952	24.0032	6.8339	22.6134	1.0023	0.0000	1.0023	0.0000	0.0000	0.0000	1.0023	0.0000	1.0023	0.0067	0.0067	0.0000	0.0067	0.0067	0.0000	0.0000	0.0000	0.0000	0.7157	0.6418	0.0739	0.2174	0.2071	0.0103	0.4983	0.4347	0.0636	0.3680	0.2166	0.1514	0.0620	0.0583	0.0037	0.3060	0.1583	0.1477	77.0884	0.0000	353885.0356	0.0004	0.0000	0.6176	inf	0.0000	inf	0.0182	0.0308	0.0000	0.1078	0.1146	0.0016	0.0000	0.0000	0.0000	
9	96	0.4342	8	1	1	1	0	0	0	0	0	N	N	N	N	N	N	N	N	N	N	N	N	0.0000	0.0000	0.0000	0.0000	0.0000	0.0000	0.0000	0.0000	0.0000	0.0000	0.0000	0.0000	0.0000	0.0000	0.0000	0.0000	0.0000	0.0046	0.0083	0.0003	0.0066	0.0072	0.0030	0.0000	0.0000	0.0000	0.0527	0.0000	-0.0003	6.0952	18.5150	6.8339	10.2301	0.0000	0.0000	0.0000	0.0000	0.0000	0.0000	0.0000	0.0000	0.0000	0.0005	0.0005	0.0000	0.0005	0.0005	0.0000	0.0000	0.0000	0.0000	0.6817	0.6231	0.0586	0.2493	0.2404	0.0089	0.4324	0.3827	0.0497	0.2878	0.1941	0.0937	0.1003	0.0916	0.0087	0.1875	0.1025	0.0850	0.0000	0.0000	0.0000	0.0000	0.0000	0.0000	0.0000	0.0000	0.0000	0.0018	0.0025	0.0003	0.0052	0.0054	0.0030	0.0000	0.0000	0.0000		
9	97	0.2266	7	1	1	1	0	0	0	0	0	N	N	N	N	N	N	N	N	N	N	N	N	0.4772	0.3309	0.0000	406.5016	304.8839	0.0000	0.0000	0.0000	0.7276	0.8090	0.0000	2.3602	2.4729	0.0000	0.0000	0.0000	0.0000	1.5246	2.4450	0.0000	0.0058	0.0081	0.0000	1.9425	3.5546	0.0000	0.0000	0.0000	-0.2780	-0.5447	6.0952	46.1140	6.8339	26.4917	0.9680	0.9680	0.0000	0.9680	0.9680	0.0000	0.0000	0.0000	0.0000	0.8668	0.8668	0.0000	0.0007	0.0007	0.0000	0.8661	0.8661	0.0000	1.3304	1.1966	0.1338	0.4101	0.3915	0.0187	0.9203	0.8052	0.1151	0.6074	0.3545	0.2529	0.1389	0.1108	0.0281	0.4685	0.2437	0.2248	0.5099	0.3309	0.0000	499.2779	417.4588	0.0000	0.0000	0.0000	0.0000	1.4271	2.4450	0.0000	0.0047	0.0059	0.0000	1.8488	3.5546	0.0000	
9	98	0.4871	10	1	1	1	0	0	0	0	0	N	N	N	N	N	N	N	N	N	N	N	N	0.0012	0.0139	0.0000	0.0086	0.0179	0.0000	0.0011	inf	0.0000	0.0004	0.0004	0.0000	0.0004	0.0004	0.0000	0.0003	0.0004	0.0000	0.2989	0.0282	0.1522	0.0435	0.0221	0.1335	0.3173	0.0000	0.1108	0.0000	4.5295	-0.0001	0.0007	6.0952	20.7840	6.8339	8.9470	0.0002	0.0002	0.0000	0.0001	0.0001	0.0000	0.0001	0.0001	0.0000	0.0036	0.0007	0.0029	0.0012	0.0007	0.0006	0.0024	0.0000	0.0024	0.5197	0.4659	0.0538	0.2098	0.1987	0.0111	0.3099	0.2672	0.0427	0.1785	0.1133	0.0652	0.0596	0.0521	0.0075	0.1188	0.0611	0.0577	0.0175	0.0684	0.0000	0.0181	0.0317	0.0000	0.0169	inf	0.0000	0.0202	0.0057	0.0452	0.0207	0.0125	0.0779	0.0199	0.0000	0.0410
9	99	0.4822	9	1	0	1	0	0	0	0	0	N	N	N	N	N	N	N	N	N	N	N	N	0.0036	0.0017	0.0477	0.0015	0.0017	0.0012	0.0122	1.1823	0.3742	0.0026	0.0015	0.0095	0.0015	0.0017	0.0003	0.0055	0.0011	0.0528	0.7294	0.8975	0.1981	0.9801	0.9722	0.2892	0.4520	0.0010	0.1410	1.0142	0.2966	0.0003	-0.0017	6.0952	2.7834	6.8339	1.0450	0.0013	0.0007	0.0007	0.0005	0.0005	0.0000	0.0008	0.0001	0.0006	0.0041	0.0032	0.0009	0.0033	0.0032	0.0001	0.0008	0.0000	0.0008	0.5096	0.4388	0.0708	0.3651	0.3066	0.0585	0.1445	0.1322	0.0123	0.0463	0.0279	0.0183	0.0171	0.0161	0.0009	0.0292	0.0118	0.0174	0.0292	0.0132	0.1831	0.0075	0.0084	0.0026	0.1958	126.8375	1.1141	0.0894	0.1142	0.0516	0.1942	0.1978	0.1313	0.0282	0.0000	0.0474
9	100	0.4721	8	1	0	1	0	0	0	0	0	N	N	N	N	N	N	N	N	N	N	N	N	0.2979	0.3901	0.1243	0.1374	0.2213	0.0221	1.1293	13.0471	0.7525	0.0049	0.0054	0.0015	0.0018	0.0020	0.0007	0.0101	0.0109	0.0030	0.0166	0.0139	0.0119	0.0132	0.0089	0.0337	0.0089	0.0008	0.0040	0.0368	0.9682	-0.0009	-0.0001	6.0952	7.6044	6.8339	2.7972	0.0034	0.0033	0.0001	0.0008	0.0007	0.0000	0.0026	0.0025	0.0001	0.0007	0.0004	0.0004	0.0006	0.0004	0.0002	0.0002	0.0000	0.0002	0.6826	0.6016	0.0809	0.4235	0.3689	0.0547	0.2590	0.2328	0.0263	0.1546	0.1031	0.0515	0.0655	0.0591	0.0064	0.0891	0.0440	0.0451	1.0254	1.4724	0.2081	0.2100	0.3082	0.0254	4.9982	1573.5084	0.7593	0.0048	0.0037	0.0071	0.0087	0.0064	0.0294	0.0020	0.0000	0.0040
9	101	0.4225	7	1	0	1	0	0	0	0	0	N	N	N	N	N	N	N	N	N	N	N	N	7.1532	201.9122	0.0146	0.3338	0.7442	0.0017	7.4295	337.2543	0.0206	1.3568	1.4843	0.0018	0.0041	0.0043	0.0001	2.1554	2.4372	0.0021	0.1897	0.0074	0.1231	0.0124	0.0058	0.0595	0.2901	0.0072	0.1022	0.0001	8.7992	-0.2722	0.0012	6.0952	18.4780	6.8339	12.4520	0.9484	0.9483	0.0001	0.0011	0.0011	0.0000	0.9474	0.9472	0.0001	0.0045	0.0005	0.0040	0.0008	0.0004	0.0004	0.0037	0.0000	0.0036	0.6990	0.6389	0.0601	0.2595	0.2502	0.0092	0.4395	0.3887	0.0509	0.2962	0.1961	0.1001	0.0992	0.0904	0.0088	0.1970	0.1057	0.0913	89.5025	635.2095	0.0447	0.4981	0.9046	0.0022	115.8086	8541.5537	0.0529	0.0152	0.0023	0.0403	0.0083	0.0047	0.0449	0.0186	0.0003	0.0398
9	102	0.3115	9	1	1	1	0	0	0	0	0	N	N	N	N	N	N	N	N	N	N	N	N	0.2530	4.0551	0.0022	0.3607	0.3969	0.0366	0.3106	284.7484	0.0024	0.5339	0.5865	0.0226	0.0268	0.0282	0.0016	0.8875	1.0089	0.0285	2.1104	0.1446	10.4473	0.0744	0.0709	0.0446	2.8578	0.0035	11.9443	0.0040	288.6720	-0.1928	0.3655	6.0952	34.1922	6.8339	22.4626	0.6809	0.6782	0.0027	0.0141	0.0140	0.0000	0.6669	0.6642	0.0027	0.9928	0.0034	0.9893	0.0038	0.0034	0.0003	0.9890	0.0000	0.9890	1.2754	1.1564	0.1190	0.5240	0.4980	0.0260	0.7514	0.6584	0.0930	0.4704	0.2950	0.1754	0.1243	0.1148	0.0095	0.3461	0.1802	0.1659	0.2530	50.4832	0.0040	0.8897	0.9490	0.0451	0.3106	9076.1191	0.0048	2.1104	0.0116	5.6397	0.0302	0.0297	0.0362	2.8578	0.0001	5.9603
9	103	0.2636	8	1	1	1	0	0	0	0	0	N	N	N	N	N	N	N	N	N	N	N	N	1.0555	1.9915	1.8991	1.2453	1.2087	0.2665	1.3192	1.0315	2.7921	0.5078	0.4955	0.6176	0.0114	0.0120	0.0008	0.7970	0.8033	0.7551	0.4811	0.2488	0.3252	0.0092	0.0099	0.0031	0.6042	0.7787	0.2704	0.1394	2.9427	-0.0645	0.0012	6.0952	22.5884	6.8339	11.0115	0.3915	0.3436	0.0479	0.0032	0.0032	0.0000	0.3883	0.3404	0.0479	0.0101	0.0026	0.0075	0.0004	0.0004	0.0000	0.0097	0.0022	0.0075	0.7710	0.6934	0.0776	0.2839	0.2697	0.0141	0.4871	0.4237	0.0634	0.2774	0.1652	0.1122	0.0593	0.0555	0.0038	0.2181	0.1097	0.1085	13.9837	32.0354	9.2180	1.7307	1.7524	0.2665	17.9541	40.4794	10.9096	0.0363	0.0155	0.0670	0.0066	0.0068	0.0031	0.0444	0.0198	0.0692
9	104	0.2336	7	1	0	1	0	0	0	0	0	N	N	N	N	N	N	N	N	N	N	N	N	119.0314	0.2580	947.3632	0.8460	0.4554	44.8830	73.6484	0.0302	1326.3711	2.4375	0.0004	23.4883	0.0015	0.0009	0.0134	3.7017	0.0002	28.4061	0.0205	0.0017	0.0248	0.0018	0.0019	0.0003	0.0503	0.0062	0.0214	6337.8167	10.8325	0.6776	0.0003	6.0952	11.8100	6.8339	8.7888	0.9507	0.0001	0.9506	0.0002	0.0001	0.0001	0.9505	0.0000	0.9505	0.0010	0.0001	0.0009	0.0001	0.0001	0.0000	0.0009	0.0000	0.0009	0.3900	0.3496	0.0405	0.1333	0.1262	0.0070	0.2568	0.2233	0.0335	0.1801	0.1072	0.0729	0.0378	0.0356	0.0022	0.1423	0.0716	0.0707	439.8446	0.5453	1873.7949	0.8460	0.4554	44.8830	566.1870	0.7714	2200.2761	0.0055	0.0008	0.0125	0.0018	0.0019	0.0003	0.0065	0.0002	0.0129
9	105	0.1975	6	1	0	1	0	0	0	0	0	N	N	N	N	N	N	N	N	N	N	N	N	0.1530	0.0470	325.6821	0.1277	0.1255	0.0000	2971.2517	inf	10959.0961	0.0023	0.0024	0.0015	0.0069	0.0073	0.0000	0.0002	0.0000	0.0017	0.0148	0.0502	0.0000	0.0543	0.0581	0.0002	0.0000	0.0000	0.0000	0.0731	0.0004	-0.0002	-0.0005	6.0952	14.7392	6.8339	7.3617	0.0010	0.0009	0.0001	0.0009	0.0009	0.0000	0.0001	0.0000	0.0001	0.0009	0.0009	0.0000	0.0009	0.0009	0.0000	0.0000	0.0000	0.0000	0.4491	0.4024	0.0467	0.1368	0.1302	0.0066	0.3123	0.2721	0.0402	0.1935	0.1168	0.0767	0.0360	0.0342	0.0018	0.1575	0.0827	0.0748	0.5014	0.3150	325.6821	0.2854	0.2845	0.0000	2971.2517	inf	10959.0961	0.0045	0.0075	0.0000	0.0243	0.0256	0.0002	0.0000	0.0000	0.0000
9	106	0.2702	9	1	1	1	0	0	0	0	0	N	N	N	N	N	N	N	N	N	N	N	N	55.0933	24.5052	0.0000	20.7338	18.4333	0.0000	2923.6622	inf	0.0000	0.1319	0.1439	0.0000	0.2673	0.2771	0.0000	0.0008	0.0009	0.0000	0.0024	0.0059	0.0000	0.0129	0.0150	0.0001	0.0000	0.0000	0.0000	0.0000	0.0009	-0.0314	-0.0001	6.0952	20.0414	6.8339	7.0324	0.1093	0.1093	0.0000	0.1090	0.1090	0.0000	0.0003	0.0003	0.0000	0.0002	0.0002	0.0000	0.0002	0.0002	0.0000	0.0000	0.0000	0.0000	0.8286	0.7596	0.0690	0.4077	0.3933	0.0144	0.4209	0.3664	0.0545	0.2089	0.1138	0.0951	0.0266	0.0241	0.0025	0.1823	0.0897	0.0926	121.2706	72.1083	0.0000	31.3284	29.4047	0.0000	2923.6622	inf	0.0000	0.0011	0.0020	0.0000	0.0085	0.0094	0.0001	0.0000	0.0000	0.0000
9	107	0.2602	8	1	0	1	0	0	0	0	0	N	N	N	N	N	N	N	N	N	N	N	N	3.1216	72.5992	9.8235	14.4146	40.1617	0.2246	1.1057	1.1008	16.7017	0.0324	0.0246	0.1278	0.0435	0.0445	0.0060	0.0203	0.0001	0.1539	0.0104	0.0003	0.0130	0.0030	0.0011	0.0266	0.0183	0.0001	0.0092	0.4267	20.2991	0.0002	0.0001	6.0952	7.0315	6.8339	1.2144	0.0127	0.0089	0.0038	0.0089	0.0089	0.0000	0.0038	0.0000	0.0038	0.0002	0.0000	0.0002	0.0000	0.0000	0.0000	0.0002	0.0000	0.0002	0.3905	0.3609	0.0296	0.2047	0.1995	0.0052	0.1859	0.1614	0.0244	0.0712	0.0404	0.0308	0.0111	0.0103	0.0009	0.0601	0.0301	0.0300	9.5569	87.5595	17.1044	14.4146	40.1617	0.2384	5.8552	386.3966	22.1339	0.0034	0.0003	0.0075	0.0030	0.0011	0.0251	0.0035	0.0000	0.0070
9	108	0.2266	7	1	0	1	0	0	0	0	0	N	N	N	N	N	N	N	N	N	N	N	N	2100.8100	100309.2146	92.3543	4131.7128	146738.9447	0.0050	116.7270	inf	1112.9138	1.8766	2.0737	0.1319	5.7993	6.0689	0.0000	0.0199	0.0002	0.1535	0.0009	0.0000	0.0014	0.0014	0.0000	0.0054	0.0002	0.0000	0.0001	0.0072	47.9810	-0.2738	0.0001	6.0952	16.2725	6.8339	4.4748	0.9779	0.9709	0.0070	0.9709	0.9709	0.0000	0.0070	0.0001	0.0070	0.0001	0.0000	0.0001	0.0001	0.0000	0.0001	0.0000	0.0000	0.0000	0.5211	0.4682	0.0529	0.1674	0.1600	0.0074	0.3537	0.3082	0.0455	0.2637	0.1655	0.0983	0.0948	0.0707	0.0241	0.1689	0.0947	0.0742	3454.1167	117297.1873	92.3543	4131.7128	146738.9447	0.0050	328.4246	inf	1112.9138	0.0005	0.0000	0.0014	0.0014	0.0000	0.0054	0.0001	0.0000	0.0001
9	109	0.2794	8	1	1	1	0	0	0	0	0	N	N	N	N	N	N	N	N	N	N	N	N	2.6014	1.3208	15.2103	0.7163	0.7485	0.0430	25.3869	34.6528	34.5352	0.0014	0.0014	0.0016	0.0013	0.0014	0.0001	0.0014	0.0014	0.0019	0.0005	0.0010	0.0001	0.0019	0.0019	0.0017	0.0001	0.0000	0.0001	0.1257	0.1203	-0.0003	-0.0001	6.0952	40.5309	6.8339	14.7974	0.0017	0.0015	0.0002	0.0006	0.0006	0.0000	0.0011	0.0009	0.0002	0.0002	0.0001	0.0000	0.0002	0.0001	0.0000	0.0000	0.0000	0.0000	1.2210	1.0995	0.1216	0.4350	0.4121	0.0229	0.7861	0.6874	0.0987	0.4178	0.2498	0.1679	0.0814	0.0764	0.0050	0.3364	0.1734	0.1630	3.6244	2.3957	15.2103	0.7163	0.7485	0.0430	53.1683	13183.8824	34.5352	0.0004	0.0006	0.0001	0.0019	0.0019	0.0017	0.0000	0.0000	0.0001
9	110	0.2535	7	1	1	1	0	0	0	0	0	N	N	N	N	N	N	N	N	N	N	N	N	9.4727	15.8984	26.6859	17.6217	17.7869	0.0710	5.6738	1.7362	31.4880	0.0213	0.0187	0.0452	0.0167	0.0176	0.0000	0.0240	0.0195	0.0549	0.0023	0.0012	0.0017	0.0009	0.0010	0.0004	0.0042	0.0112	0.0017	0.2643	1.7624	-0.0008	0.0000	6.0952	13.5236	6.8339	3.5331	0.0096	0.0076	0.0020	0.0028	0.0028	0.0000	0.0069	0.0049	0.0020	0.0002	0.0001	0.0001	0.0000	0.0000	0.0000	0.0001	0.0000	0.0001	0.4511	0.4065	0.0445	0.1651	0.1572	0.0079	0.2860	0.2494	0.0366	0.1518	0.0920	0.0598	0.0341	0.0318	0.0023	0.1177	0.0602	0.0575	20.4072	29.9748	26.6859	17.6217	17.7869	0.0710	22.3532	44.9567	31.4880	0.0010	0.0006	0.0017	0.0009	0.0010	0.0004	0.0011	0.0004	0.0017
9	111	0.1975	6	1	0	1	0	0	0	0	0	N	N	N	N	N	N	N	N	N	N	N	N	866.5886	1.4103	213776.6257	2.4790	2.4068	0.0000	25682.8307	inf	242651.6701	1.9339	0.0066	18.5721	0.0192	0.0202	0.0000	2.7718	0.0002	21.5985	0.0022	0.0047	0.0001	0.0077	0.0084	0.0000	0.0001	0.0000	0.0001	324.6305	0.0350	0.7048	-0.0002	6.0952	16.9399	6.8339	15.9768	0.9930	0.0030	0.9899	0.0030	0.0030	0.0000	0.9900	0.0000	0.9899	0.0003	0.0003	0.0000	0.0003	0.0003	0.0000	0.0000	0.0000	0.0000	0.5135	0.4602	0.0533	0.1563	0.1488	0.0075	0.3572	0.3113	0.0458	0.2728	0.1621	0.1107	0.0479	0.0452	0.0027	0.2249	0.1169	0.1080	1854.0750	3.9075	213776.6257	3.3446	3.3153	0.0000	64854.0101	inf	242651.6701	0.0010	0.0017	0.0001	0.0057	0.0061	0.0000	0.0000	0.0000	0.0001
9	112	0.3019	10	2	1	1	1	0	0	0	0	Y	N	N	N	N	N	N	N	N	N	N	N	10.5180	7.2096	0.0000	0.0000	inf	inf	0.0006	0.0007	0.0000	0.0000	0.0000	0.0000	0.0012	0.0015	0.0000	0.0001	0.0001	0.0000	0.0002	0.0003	0.0000	0.0000	0.0000	0.0000	0.0000	0.0000	-0.0000	-0.0000	6.0952	0.0019	6.8339	1.9928	0.0000	0.0000	0.0000	0.0000	0.0000	0.0000	0.0000	0.0000	0.0000	0.0000	0.0000	0.0000	0.0000	0.0000	0.0000	0.0000	0.0000	0.0000	0.0002	0.0002	0.0000	0.0001	0.0001	0.0000	0.0001	0.0001	0.0000	0.0162	0.0095	0.0066	0.0036	0.0032	0.0004	0.0125	0.0063	0.0062	10.5180	7.2096	0.0000	0.0000	0.0000	0.0000	inf	inf	0.0000	0.0001	0.0001	0.0000	0.0002	0.0003	0.0000	0.0000	0.0000	0.0000			
9	113	0.2783	9	2	1	1	1	0	0	0	0	Y	N	N	N	N	N	N	N	N	N	N	N	0.0589	0.0476	0.0000	0.0001	0.0001	0.0000	54963.4067	703.8328	0.0000	0.0355	0.0395	0.0000	0.0001	0.0001	0.0000	0.0563	0.0646	0.0000	0.6033	0.8298	0.0000	1.3376	1.4069	0.0000	0.0000	0.0001	0.0000	0.0000	0.0000	-0.0030	-0.0041	6.0952	8.6942	6.8339	6.0502	0.0104	0.0104	0.0000	0.0000	0.0000	0.0000	0.0104	0.0104	0.0000	0.0066	0.0066	0.0000	0.0066	0.0066	0.0000	0.0000	0.0000	0.0000	0.2916	0.2626	0.0290	0.1077	0.1024	0.0053	0.1839	0.1602	0.0237	0.1207	0.0676	0.0531	0.0224	0.0199	0.0025	0.0983	0.0477	0.0506	0.6523	0.4057	0.0000	0.0003	0.0003	0.0000	54963.4067	218637.5570	0.0000	0.0545	0.0973	0.0000	0.2931	0.3303	0.0000	0.0000	0.0000	0.0000
9	114	0.2994	13	1	1	1	1	0	0	0	0	N	N	N	N	N	N	N	N	N	N	N	N	0.0000	0.0000	0.0000	0.0000	0.0000	0.0000	0.0000	0.0000	0.0000	0.0000	0.0000	0.0000	0.0000	0.0003	0.0009	0.0000	0.0006	0.0006	0.0000	0.0000	0.0000	0.0000	0.0000	0.0000	-0.0000	6.0952	0.0001	6.8339	0.0001	0.0000	0.0000	0.0000	0.0000	0.0000	0.0000	0.0000	0.0000	0.0000	0.0000	0.0000	0.0000	0.0000	0.0000	0.0000	0.0000	0.0000	0.0000	0.0000	0.0000	0.0000	0.0000	0.0000	0.0000	0.0000	0.0000	0.0000	0.0000	0.0000	0.0000	0.0000	0.0000	0.0000	0.0000	0.0000	0.0000	0.0000	0.0000	0.0000	0.0000	0.0000	0.0000	0.0000	0.0000	0.0000	0.0003	0.0005	0.0000	0.0006	0.0006	0.0000	0.0000	0.0000	0.0000						
9	115	0.2927	12	1	1	1	1	0	0	0	0	N	N	N	N	N	N	N	N	N	N	N	N	0.0000	0.0000	0.0000	0.0000	0.0000	0.0000	0.0000	0.0000	0.0000	0.0000	0.0000	0.0000	0.0000	0.0011	0.0027	0.0000	0.0038	0.0046	0.0000	0.0000	0.0000	0.0000	0.0000	0.0000	-0.0000	6.0952	3.0007	6.8339	1.0012	0.0000	0.0000	0.0000	0.0000	0.0000	0.0000	0.0000	0.0000	0.0000	0.0000	0.0000	0.0000	0.0000	0.0000	0.0000	0.0000	0.0000	0.0000	0.0943	0.0847	0.0096	0.0316	0.0301	0.0015	0.0626	0.0545	0.0081	0.0318	0.0177	0.0141	0.0056	0.0049	0.0007	0.0261	0.0128	0.0134	0.0000	0.0000	0.0000	0.0000	0.0000	0.0000	0.0000	0.0000	0.0000	0.0006	0.0011	0.0000	0.0035	0.0040	0.0000	0.0000	0.0000	0.0000						
9	116	0.2909	11	1	0	1	1	0	0	0	0	N	N	N	N	N	N	N	N	N	N	N	N	198.1254	133.6171	105.1597	96.8211	inf	inf	0.0002	0.0002	0.0000	0.0005	0.0005	0.0000	0.0000	0.0000	0.0000	0.0000	0.0000	0.0000	0.0000	0.0000	0.0000	0.0000	0.0000	0.0000	0.0000	0.0897	-0.0000	-0.0000	6.0952	1.1177	6.8339	0.0023	0.0000	0.0000	0.0000	0.0000	0.0000	0.0000	0.0000	0.0000	0.0000	0.0000	0.0000	0.0000	0.0000	0.0000	0.0000	0.0000	0.0000	0.0000	0.0368	0.0331	0.0037	0.0133	0.0127	0.0006	0.0235	0.0204	0.0030	0.0089	0.0050	0.0040	0.0016	0.0014	0.0002	0.0074	0.0036	0.0038	198.1254	133.6171	0.0000	105.1597	96.8211	0.0000	inf	inf	0.0000	0.0000	0.0000	0.0000	0.0000	0.0000	0.0000	0.0000	0.0000	0.0000			
9	117	0.1071	5	1	1	1	0	0	0	0	0	N	N	N	N	N	N	N	N	N	N	N	N	5.9226	2.9760	0.0000	3.4455	3.2384	0.0000	65.5766	34.1361	0.0000	0.0051	0.0056	0.0000	0.0125	0.0128	0.0000	0.0026	0.0029	0.0000	0.0009	0.0019	0.0000	0.0036	0.0040	0.0008	0.0000	0.0001	0.0000	0.0000	0.0415	-0.0016	-0.0002	6.0952	31.2782	6.8339	23.9277	0.0056	0.0056	0.0000	0.0035	0.0035	0.0000	0.0021	0.0021	0.0000	0.0003	0.0003	0.0000	0.0003	0.0003	0.0000	0.0000	0.0000	0.0000	1.0931	0.9929	0.1002	0.2766	0.2702	0.0063	0.8166	0.7227	0.0938	0.5157	0.2995	0.2162	0.0742	0.0716	0.0025	0.4416	0.2279	0.2137	9.8144	6.5350	0.0000	3.5927	3.5790	0.0000	129.9466	11245.9787	0.0000	0.0005	0.0009	0.0000	0.0035	0.0036	0.0008	0.0000	0.0000	0.0000
9	118	0.2909	11	1	0	2	1	0	0	0	0	N	N	Y	N	N	N	N	N	N	N	N	N	inf	inf	inf	inf	inf	inf	0.0842	0.0937	0.0000	0.0002	0.0003	0.0000	0.1280	0.1470	0.0000	0.0000	0.0000	0.0000	0.0000	0.0000	0.0000	0.0000	0.0000	0.0000	0.0000	-0.0030	0.0000	6.0952	3.8827	6.8339	2.9998	0.0104	0.0104	0.0000	0.0000	0.0000	0.0000	0.0104	0.0104	0.0000	0.0000	0.0000	0.0000	0.0000	0.0000	0.0000	0.0000	0.0000	0.0000	0.1232	0.1107	0.0125	0.0423	0.0402	0.0020	0.0809	0.0705	0.0104	0.0542	0.0302	0.0240	0.0096	0.0084	0.0012	0.0446	0.0218	0.0228	inf	inf	0.0000	inf	inf	0.0000	inf	inf	0.0000	0.0000	0.0000	0.0000	0.0000	0.0000	0.0000	0.0000	0.0000	0.0000				
9	119	0.2880	10	1	0	1	1	0	0	0	0	N	N	N	N	N	N	N	N	N	N	N	N	3782.1048	inf	0.0000	45583.1487	inf	0.0000	28.2616	inf	0.0000	0.0118	0.0130	0.0000	0.0299	0.0313	0.0000	0.0001	0.0001	0.0000	0.0000	0.0000	0.0000	0.0000	0.0000	0.0000	0.0000	0.0000	0.0000	0.0000	inf	-0.0004	0.0000	6.0952	2.8083	6.8339	0.0030	0.0013	0.0013	0.0000	0.0012	0.0012	0.0000	0.0000	0.0000	0.0000	0.0000	0.0000	0.0000	0.0000	0.0000	0.0000	0.0000	0.0000	0.0000	0.1062	0.0961	0.0101	0.0417	0.0397	0.0020	0.0645	0.0564	0.0081	0.0225	0.0125	0.0100	0.0040	0.0035	0.0005	0.0185	0.0090	0.0095	3782.1048	inf	0.0000	45583.1487	inf	0.0000	28.2616	inf	0.0000	0.0000	0.0000	0.0000	0.0000	0.0000	0.0000	0.0000	0.0000	0.0000
9	120	0.2880	10	1	0	2	1	0	0	0	0	N	N	Y	N	N	N	N	N	N	N	N	N	1277.6413	inf	0.0000	418.6937	inf	0.0000	1638.1870	inf	0.0000	0.0012	0.0013	0.0000	0.0001	0.0001	0.0000	0.0018	0.0020	0.0000	0.0000	0.0000	0.0000	0.0000	0.0000	0.0000	0.0000	0.0000	0.0000	0.0000	inf	-0.0001	0.0000	6.0952	9.6158	6.8339	0.0030	0.0004	0.0004	0.0000	0.0000	0.0000	0.0000	0.0004	0.0004	0.0000	0.0000	0.0000	0.0000	0.0000	0.0000	0.0000	0.0000	0.0000	0.0000	0.3146	0.2833	0.0313	0.1105	0.1052	0.0053	0.2041	0.1781	0.0260	0.0756	0.0421	0.0336	0.0133	0.0117	0.0017	0.0623	0.0304	0.0319	1277.6413	inf	0.0000	418.6937	inf	0.0000	1638.1870	inf	0.0000	0.0000	0.0000	0.0000	0.0000	0.0000	0.0000	0.0000	0.0000	0.0000
9	121	0.2783	9	1	0	1	1	0	0	0	0	N	N	N	N	N	N	N	N	N	N	N	N	0.1059	51.5063	0.0000	1.5741	28.9752	0.0000	0.0190	3.9593	0.0000	0.0002	0.0002	0.0000	0.0003	0.0003	0.0000	0.0001	0.0001	0.0000	0.0016	0.0000	0.0019	0.0002	0.0000	0.0019	0.0038	0.0000	0.0019	0.0000	398.5863	-0.0000	0.0000	6.0952	4.2457	6.8339	2.0144	0.0000	0.0000	0.0000	0.0000	0.0000	0.0000	0.0000	0.0000	0.0000	0.0000	0.0000	0.0000	0.0000	0.0000	0.0000	0.0000	0.0000	0.0000	0.1559	0.1410	0.0150	0.0648	0.0616	0.0032	0.0912	0.0794	0.0118	0.0550	0.0311	0.0240	0.0111	0.0100	0.0011	0.0439	0.0211	0.0229	0.2063	51.5063	0.0000	1.5741	28.9752	0.0000	0.0730	1442.9204	0.0000	0.0008	0.0000	0.0019	0.0002	0.0000	0.0019	0.0010	0.0000	0.0019
9	122	0.2362	8	1	0	1	1	0	0	0	0	N	N	N	N	N	N	N	N	N	N	N	N	5.6341	2.4870	3.5620	0.0386	0.0363	0.0077	2612.3001	307.1102	12.7337	0.0030	0.0033	0.0000	0.0001	0.0001	0.0000	0.0046	0.0053	0.0000	0.0005	0.0013	0.0000	0.0026	0.0029	0.0002	0.0000	0.0000	0.0000	0.0012	0.0123	-0.0003	-0.0000	6.0952	11.9190	6.8339	13.1740	0.0012	0.0012	0.0000	0.0000	0.0000	0.0000	0.0012	0.0012	0.0000	0.0001	0.0001	0.0000	0.0001	0.0001	0.0000	0.0000	0.0000	0.0000	0.4006	0.3611	0.0395	0.1436	0.1373	0.0063	0.2570	0.2238	0.0331	0.1989	0.1097	0.0892	0.0295	0.0263	0.0032	0.1694	0.0834	0.0860	7.8189	4.8351	3.5620	0.0386	0.0363	0.0077	2612.3001	112736.9227	12.7337	0.0004	0.0007	0.0000	0.0026	0.0029	0.0002	0.0000	0.0000	0.0000
9	123	0.4824	10	1	0	2	1	0	0	0	0	N	N	Y	N	N	N	N	N	N	N	N	N	0.1365	1.6092	0.0017	1.9237	1.7592	25.7535	0.0000	0.0000	0.0000	0.0002	0.0002	0.0000	0.0004	0.0004	0.0000	0.0000	0.0000	0.0000	0.0013	0.0001	0.0018	0.0002	0.0003	0.0000	0.0036	0.0000	0.0020	0.0014	7.8795	-0.0000	0.0000	6.0952	12.8936	6.8339	4.1514	0.0001	0.0001	0.0000	0.0001	0.0001	0.0000	0.0000	0.0000	0.0000	0.0001	0.0000	0.0001	0.0000	0.0000	0.0000	0.0001	0.0000	0.0001	0.4842	0.4446	0.0396	0.1940	0.1873	0.0066	0.2903	0.2573	0.0330	0.1299	0.0856	0.0443	0.0446	0.0394	0.0052	0.0853	0.0462	0.0392	0.2530	1.6092	0.0017	1.9237	1.7592	25.7535	0.0000	0.0000	0.0000	0.0007	0.0001	0.0018	0.0002	0.0003	0.0000	0.0009	0.0000	0.0020
9	124	0.2515	9	1	1	1	0	0	0	0	0	N	N	N	N	N	N	N	N	N	N	N	N	55.0926	4.9784	1086.9676	0.3251	0.0735	2.6471	4235.2758	312.5567	14733.3620	0.0165	0.0026	0.1421	0.0005	0.0001	0.0096	0.0247	0.0040	0.1660	0.0003	0.0005	0.0001	0.0016	0.0014	0.0036	0.0000	0.0000	0.0000	6.1095	0.2809	0.0039	-0.0000	6.0952	12.7386	6.8339	8.7370	0.0068	0.0010	0.0059	0.0001	0.0000	0.0001	0.0067	0.0009	0.0058	0.0000	0.0000	0.0000	0.0000	0.0000	0.0000	0.0000	0.0000	0.0000	0.4131	0.3720	0.0412	0.1402	0.1339	0.0063	0.2729	0.2380	0.0349	0.1745	0.0964	0.0782	0.0280	0.0254	0.0026	0.1465	0.0709	0.0756	61.7383	6.8217	1086.9676	0.3251	0.0735	2.6471	4235.2758	117232.6775	14733.3620	0.0003	0.0004	0.0001	0.0016	0.0014	0.0036	0.0000	0.0000	0.0000
9	125	0.2362	8	1	1	1	0	0	0	0	0	N	N	N	N	N	N	N	N	N	N	N	N	8.0480	8.4145	1.5960	2.4946	2.4277	0.0611	7.3011	inf	1.9437	0.0026	0.0029	0.0004	0.0025	0.0027	0.0000	0.0027	0.0030	0.0005	0.0003	0.0003	0.0003	0.0010	0.0011	0.0004	0.0004	0.0000	0.0003	0.0165	0.7868	-0.0002	-0.0000	6.0952	8.6431	6.8339	1.4782	0.0008	0.0008	0.0000	0.0003	0.0003	0.0000	0.0005	0.0005	0.0000	0.0000	0.0000	0.0000	0.0000	0.0000	0.0000	0.0000	0.0000	0.0000	0.3035	0.2742	0.0294	0.1146	0.1097	0.0049	0.1889	0.1645	0.0245	0.0855	0.0474	0.0381	0.0138	0.0123	0.0015	0.0717	0.0351	0.0365	9.4301	10.1743	1.5960	2.4946	2.4277	0.0611	19.6052	inf	1.9437	0.0003	0.0003	0.0003	0.0010	0.0011	0.0004	0.0001	0.0000	0.0003
9	126	0.2266	7	1	0	1	0	0	0	0	0	N	N	N	N	N	N	N	N	N	N	N	N	1273.6286	26498.2783	21.6849	12.7227	253.8672	0.6119	49252.3444	40554.3095	660.7642	0.2063	0.2273	0.0108	0.0038	0.0039	0.0006	0.3213	0.3679	0.0125	0.0002	0.0000	0.0005	0.0003	0.0000	0.0010	0.0000	0.0000	0.0000	0.0051	26.4797	-0.0093	0.0000	6.0952	4.1618	6.8339	2.0491	0.0329	0.0327	0.0002	0.0002	0.0002	0.0000	0.0327	0.0325	0.0002	0.0000	0.0000	0.0000	0.0000	0.0000	0.0000	0.0000	0.0000	0.0000	0.1594	0.1439	0.0154	0.0577	0.0556	0.0021	0.1016	0.0883	0.0133	0.1525	0.1048	0.0477	0.0806	0.0577	0.0228	0.0719	0.0471	0.0248	1273.6286	26498.2783	21.6849	12.7227	253.8672	0.6119	49252.3444	16713003.0565	660.7642	0.0002	0.0000	0.0005	0.0003	0.0000	0.0010	0.0000	0.0000	0.0000
9	127	0.1975	6	1	0	1	0	0	0	0	0	N	N	N	N	N	N	N	N	N	N	N	N	54.3361	15116.9896	0.0000	56.0834	14144.6761	0.0000	0.8745	inf	0.6744	0.1103	0.1232	0.0000	0.3614	0.3797	0.0000	0.0000	0.0000	0.0000	0.0020	0.0000	0.0025	0.0064	0.0000	0.2062	0.0000	0.0000	0.0000	0.0000	197.6926	-0.0093	0.0001	6.0952	9.4810	6.8339	7.4917	0.0323	0.0323	0.0000	0.0323	0.0323	0.0000	0.0000	0.0000	0.0000	0.0002	0.0000	0.0002	0.0002	0.0000	0.0002	0.0000	0.0000	0.0000	0.2925	0.2620	0.0305	0.0893	0.0850	0.0043	0.2032	0.1770	0.0263	0.1546	0.0946	0.0600	0.0301	0.0287	0.0014	0.1244	0.0659	0.0585	111.3231	15116.9896	0.0000	71.1534	14144.6761	0.0000	0.8745	inf	0.6744	0.0010	0.0000	0.0025	0.0051	0.0000	0.1062	0.0000	0.0000	0.0000
9	128	0.4946	11	2	1	1	0	0	0	0	0	Y	N	N	N	N	N	N	N	N	N	N	N	inf	inf	inf	inf	inf	inf	0.0000	0.0000	0.0000	0.0000	0.0000	0.0000	0.0000	0.0000	0.0000	0.0000	0.0000	0.0000	0.0000	0.0000	0.0000	0.0000	0.0000	0.0000	0.0042	-0.0000	0.0000	6.0952	2.0107	6.8339	1.9995	0.0000	0.0000	0.0000	0.0000	0.0000	0.0000	0.0000	0.0000	0.0000	0.0000	0.0000	0.0000	0.0000	0.0000	0.0000	0.0000	0.0000	0.0000	0.0733	0.0671	0.0061	0.0294	0.0283	0.0010	0.0439	0.0388	0.0051	0.0304	0.0203	0.0101	0.0112	0.0099	0.0013	0.0192	0.0104	0.0088	inf	inf	inf	inf	inf	inf	0.0000	0.0000	0.0000	0.0000	0.0000	0.0000	0.0000	0.0000	0.0000	0.0000	0.0000	0.0000				
9	129	0.4824	10	2	1	1	0	0	0	0	0	Y	N	N	N	N	N	N	N	N	N	N	N	3.6015	9830.3594	0.4110	11733.0069	10613.8740	inf	0.0000	0.0000	0.0000	0.0129	0.0138	0.0025	0.0308	0.0314	0.0147	0.0000	0.0000	0.0000	0.0036	0.0000	0.0061	0.0000	0.0000	0.0000	0.0105	0.0000	0.0056	0.0155	1595.8233	-0.0008	0.0000	6.0952	5.6459	6.8339	1.1399	0.0030	0.0030	0.0000	0.0030	0.0030	0.0000	0.0000	0.0000	0.0000	0.0001	0.0000	0.0001	0.0000	0.0000	0.0000	0.0001	0.0000	0.0001	0.2334	0.2150	0.0184	0.0978	0.0947	0.0031	0.1355	0.1203	0.0152	0.0535	0.0353	0.0182	0.0185	0.0164	0.0021	0.0350	0.0189	0.0161	8.7257	9830.3594	0.5753	11733.0069	10613.8740	inf	0.0000	0.0000	0.0000	0.0015	0.0000	0.0044	0.0000	0.0000	0.0000	0.0023	0.0000	0.0049
9	130	0.4521	9	1	0	1	0	0	0	0	0	N	N	N	N	N	N	N	N	N	N	N	N	0.0003	0.0701	0.0001	0.2144	0.2364	0.4427	0.0000	1.1470	0.0000	0.0017	0.0016	0.0020	0.0041	0.0038	0.0119	0.0000	0.0000	0.0000	5.5101	0.0233	24.9723	0.0192	0.0162	0.0269	8.8068	0.0000	29.6489	0.1106	1624.3365	-0.0002	0.3619	6.0952	11.6079	6.8339	5.3766	0.0008	0.0008	0.0001	0.0008	0.0007	0.0001	0.0000	0.0000	0.0000	0.9754	0.0006	0.9748	0.0008	0.0006	0.0002	0.9747	0.0000	0.9747	0.5073	0.4648	0.0425	0.2028	0.1958	0.0071	0.3045	0.2691	0.0354	0.1770	0.1176	0.0594	0.0663	0.0602	0.0061	0.1107	0.0574	0.0532	0.0003	0.3204	0.0001	0.3606	0.3839	0.4700	0.0000	422.1318	0.0000	5.5101	0.0051	16.4168	0.0114	0.0100	0.0253	8.8068	0.0000	18.3088
9	131	0.4342	8	1	0	1	0	0	0	0	0	N	N	N	N	N	N	N	N	N	N	N	N	0.0006	0.0115	0.0001	0.0182	0.0258	0.0065	0.0004	0.4282	0.0001	0.0005	0.0005	0.0003	0.0006	0.0006	0.0008	0.0003	0.0004	0.0002	0.7705	0.0407	2.3054	0.0333	0.0233	0.1237	0.9790	0.0009	2.2464	0.0499	20.8482	-0.0000	0.0059	6.0952	3.9355	6.8339	8.7078	0.0001	0.0001	0.0000	0.0000	0.0000	0.0000	0.0000	0.0000	0.0000	0.0182	0.0008	0.0173	0.0012	0.0008	0.0003	0.0170	0.0000	0.0170	0.1811	0.1662	0.0149	0.0729	0.0704	0.0025	0.1082	0.0958	0.0124	0.1746	0.1221	0.0525	0.0684	0.0638	0.0047	0.1062	0.0584	0.0478	0.0043	0.0689	0.0008	0.0353	0.0461	0.0108	0.0022	49.5934	0.0004	0.1040	0.0068	0.3300	0.0172	0.0130	0.0742	0.1599	0.0000	0.3549
9	132	0.4225	7	1	0	1	0	0	0	0	0	N	N	N	N	N	N	N	N	N	N	N	N	0.0043	0.0059	0.0011	0.0256	0.0329	0.0051	0.0005	0.1845	0.0012	0.0024	0.0026	0.0007	0.0054	0.0056	0.0010	0.0003	0.0003	0.0006	0.5605	0.4321	0.6264	0.2111	0.1689	0.1880	0.6135	0.0016	0.4795	0.0234	1.6794	-0.0002	-0.0000	6.0952	6.2657	6.8339	3.9760	0.0007	0.0007	0.0000	0.0006	0.0006	0.0000	0.0001	0.0000	0.0000	0.0072	0.0027	0.0045	0.0031	0.0027	0.0004	0.0041	0.0000	0.0041	0.2844	0.2607	0.0237	0.1162	0.1121	0.0041	0.1682	0.1486	0.0196	0.1491	0.1025	0.0465	0.0588	0.0549	0.0039	0.0902	0.0476	0.0426	0.0498	0.0977	0.0068	0.1037	0.1140	0.0098	0.0071	10.8599	0.0062	0.0481	0.0261	0.0966	0.0521	0.0488	0.0979	0.0456	0.0000	0.0965
9	133	0.3452	6	1	0	1	0	0	0	0	0	N	N	N	N	N	N	N	N	N	N	N	N	0.0077	1.1286	0.0004	0.0770	1.2022	0.0010	0.0063	0.2297	0.0004	0.0161	0.0172	0.0043	0.0118	0.0121	0.0027	0.0184	0.0203	0.0046	2.0711	0.0152	10.4220	0.1530	0.0101	2.5794	2.9133	0.0882	11.6979	0.0241	827.3795	-0.0043	0.3606	6.0952	26.7012	6.8339	18.2690	0.0162	0.0158	0.0004	0.0042	0.0042	0.0000	0.0119	0.0116	0.0003	0.9736	0.0012	0.9724	0.0061	0.0009	0.0053	0.9674	0.0003	0.9671	1.0070	0.9186	0.0884	0.3605	0.3475	0.0130	0.6465	0.5711	0.0754	0.4701	0.2973	0.1727	0.1380	0.1287	0.0093	0.3321	0.1686	0.1635	0.0077	4.3467	0.0008	0.2648	1.7645	0.0047	0.0063	11.7379	0.0008	2.0711	0.0040	5.6293	0.0445	0.0069	0.5671	2.9133	0.0017	5.9161
9	134	0.1071	5	1	0	1	0	0	0	0	0	N	N	N	N	N	N	N	N	N	N	N	N	0.0448	0.4835	0.0067	18.6910	50.1009	0.0263	0.0031	0.0012	0.0068	0.0580	0.0605	0.0336	0.2276	0.2329	0.0057	0.0047	0.0008	0.0355	1.2947	0.1251	5.0312	0.0122	0.0046	0.2165	1.5304	0.6528	5.2187	0.0566	156.6173	-0.0260	0.3261	6.0952	61.4372	6.8339	55.8589	0.1111	0.1052	0.0059	0.1042	0.1042	0.0001	0.0069	0.0010	0.0059	0.8926	0.0057	0.8869	0.0009	0.0004	0.0005	0.8916	0.0052	0.8864	1.9151	1.7382	0.1769	0.4580	0.4472	0.0108	1.4571	1.2910	0.1661	0.9075	0.5233	0.3843	0.1135	0.1090	0.0045	0.7940	0.4142	0.3798	0.0590	5.5902	0.0146	27.7482	57.5297	0.0524	0.0042	0.0609	0.0152	0.9835	0.0108	2.3080	0.0082	0.0040	0.1087	1.1230	0.0126	2.3341
10	11	0.1372	7	0	0	2	0	0	0	0	0	N	N	Y	N	N	N	N	N	N	N	N	N	7.0287	3.9749	0.0002	5.4479	5.1695	0.0005	115.6353	45793.5382	0.0001	1.6109	1.8205	0.0000	2.5055	2.6752	0.0000	1.1877	1.3804	0.0000	0.2292	0.4580	0.0060	0.4599	0.5175	0.0083	0.0103	0.0000	0.0043	0.0000	0.1371	-0.2190	-0.0019	1.9784	39.9843	5.0323	13.6191	0.7629	0.7629	0.0000	0.3810	0.3810	0.0000	0.3818	0.3818	0.0000	0.0038	0.0033	0.0005	0.0034	0.0033	0.0000	0.0004	0.0000	0.0004	0.4736	0.4190	0.0545	0.1521	0.1424	0.0096	0.3215	0.2766	0.0449	0.2258	0.1196	0.1062	0.0385	0.0337	0.0048	0.1873	0.0859	0.1014	95.5745	65.0461	0.0003	28.4907	26.9379	0.0005	531.1002	17434727.3534	0.0001	0.0169	0.0280	0.0043	0.0879	0.0993	0.0083	0.0022	0.0000	0.0041
10	12	0.1989	7	1	1	1	0	0	0	0	0	N	N	N	N	N	N	N	N	N	N	N	N	0.0000	29.8233	0.0000	0.0052	33.6229	0.0001	0.0000	0.0000	0.0000	0.0001	0.0001	0.0000	0.0001	0.0001	0.0001	0.0000	0.0000	0.0000	3.2525	0.0000	12.9080	0.0272	0.0000	0.6159	4.3104	0.0000	13.9469	0.0329	3260565.1932	-0.0000	0.1446	1.9784	16.7672	5.0323	6.4850	0.0000	0.0000	0.0000	0.0000	0.0000	0.0000	0.0000	0.0000	0.0000	0.3890	0.0000	0.3890	0.0004	0.0000	0.0004	0.3886	0.0000	0.3886	0.2061	0.1845	0.0216	0.0726	0.0690	0.0036	0.1335	0.1155	0.0180	0.1196	0.0656	0.0540	0.0295	0.0274	0.0020	0.0901	0.0382	0.0519	0.0000	29.8233	0.0000	0.0096	33.6229	0.0004	0.0000	0.0000	0.0000	3.2525	0.0000	7.2054	0.0148	0.0000	0.2130	4.3104	0.0000	7.4799
10	13	0.1665	12	0	0	2	1	0	0	0	0	N	N	Y	N	N	N	N	N	N	N	N	N	0.0000	0.0000	0.0000	0.0000	0.0000	0.0000	0.0000	0.0000	0.0000	0.0000	0.0000	0.0000	0.0000	0.0000	0.0000	0.8306	0.0000	2.1672	0.0000	0.0000	0.0001	0.9986	0.0000	2.1027	inf	0.0000	0.0002	1.9784	0.0001	5.0323	1.0001	0.0000	0.0000	0.0000	0.0000	0.0000	0.0000	0.0000	0.0000	0.0000	0.0006	0.0000	0.0006	0.0000	0.0000	0.0000	0.0006	0.0000	0.0006	0.0000	0.0000	0.0000	0.0000	0.0000	0.0000	0.0000	0.0000	0.0000	0.0044	0.0024	0.0020	0.0008	0.0007	0.0001	0.0035	0.0017	0.0018	0.0000	0.0000	0.0000	0.0000	0.0000	0.0000	0.0000	0.0000	0.0000	0.1351	0.0000	0.3021	0.0000	0.0000	0.0001	0.1672	0.0000	0.3203				
10	14	0.2240	9	0	1	1	0	0	0	0	0	N	N	N	N	N	N	N	N	N	N	N	N	0.8278	0.3500	0.8934	0.4945	0.4629	0.3454	0.0000	0.0000	0.0003	0.0003	0.0000	0.0009	0.0009	0.0002	0.0000	0.0000	0.0000	0.0004	0.0009	0.0000	0.0018	0.0020	0.0005	0.0000	0.0000	0.0000	0.0085	0.0437	-0.0000	-0.0000	1.9784	20.9564	5.0323	6.0714	0.0001	0.0001	0.0000	0.0001	0.0001	0.0000	0.0000	0.0000	0.0000	0.0000	0.0000	0.0000	0.0000	0.0000	0.0000	0.0000	0.0000	0.0000	0.2400	0.2148	0.0252	0.0813	0.0775	0.0038	0.1588	0.1373	0.0215	0.1043	0.0556	0.0488	0.0174	0.0151	0.0023	0.0870	0.0405	0.0465	0.9976	0.6146	0.8934	0.4945	0.4629	0.3454	0.0000	0.0000	0.0000	0.0003	0.0005	0.0000	0.0018	0.0020	0.0005	0.0000	0.0000	0.0000	
10	15	0.1665	12	0	0	1	1	0	0	0	0	N	N	N	N	N	N	N	N	N	N	N	N	0.0000	0.0000	0.0000	0.0000	0.0000	0.0000	0.0000	0.0000	0.0000	0.0000	0.0000	0.0000	0.0000	115.9292	210.6213	0.0000	623.5909	724.3375	0.0000	0.0000	0.0000	0.0000	0.0000	0.0000	-1.8590	1.9784	0.0001	5.0323	6.0018	0.0000	0.0000	0.0000	0.0000	0.0000	0.0000	0.0000	0.0000	0.0000	2.9586	2.9586	0.0000	2.9586	2.9586	0.0000	0.0000	0.0000	0.0000	0.0000	0.0000	0.0000	0.0000	0.0000	0.0000	0.0000	0.0000	0.0000	0.0255	0.0140	0.0115	0.0047	0.0041	0.0007	0.0208	0.0100	0.0108	0.0000	0.0000	0.0000	0.0000	0.0000	0.0000	0.0000	0.0000	0.0000	115.9292	210.6213	0.0000	623.5909	724.3375	0.0000	0.0000	0.0000	0.0000						
10	16	0.1647	11	0	0	1	1	0	0	0	0	N	N	N	N	N	N	N	N	N	N	N	N	0.0000	0.0000	0.0000	0.0000	0.0000	0.0000	0.0000	0.0000	0.0000	0.0000	0.0000	0.0000	0.0000	0.0000	0.0000	0.0000	0.6674	0.9310	0.0001	1.5672	1.6467	0.0000	0.0001	0.0000	0.0001	0.0004	0.0000	-0.0004	1.9784	1.0007	5.0323	1.0009	0.0000	0.0000	0.0000	0.0000	0.0000	0.0000	0.0000	0.0000	0.0000	0.0006	0.0006	0.0000	0.0006	0.0006	0.0000	0.0000	0.0000	0.0000	0.0123	0.0109	0.0014	0.0034	0.0033	0.0002	0.0088	0.0076	0.0012	0.0086	0.0048	0.0039	0.0016	0.0014	0.0002	0.0071	0.0034	0.0037	0.0000	0.0000	0.0000	0.0000	0.0000	0.0000	0.0000	0.0000	0.0000	0.0685	0.1243	0.0001	0.3745	0.4340	0.0000	0.0000	0.0000	0.0001			
10	17	0.3957	13	0	1	1	1	0	0	0	0	N	N	N	N	N	N	N	N	N	N	N	N	0.0000	0.0000	0.0000	0.0000	0.0000	0.0000	0.0000	0.0000	0.0000	0.0000	0.0000	0.0000	0.0000	0.0002	0.0000	0.0004	0.0000	0.0000	0.0000	0.0007	0.0000	0.0005	inf	0.0000	0.0000	1.9784	8.1476	5.0323	4.0573	0.0000	0.0000	0.0000	0.0000	0.0000	0.0000	0.0000	0.0000	0.0000	0.0000	0.0000	0.0000	0.0000	0.0000	0.0000	0.0000	0.0000	0.0000	0.0880	0.0785	0.0095	0.0336	0.0315	0.0021	0.0544	0.0470	0.0075	0.0428	0.0253	0.0175	0.0110	0.0095	0.0015	0.0319	0.0159	0.0160	0.0000	0.0000	0.0000	0.0000	0.0000	0.0000	0.0000	0.0000	0.0000	0.0002	0.0000	0.0004	0.0000	0.0000	0.0000	0.0002	0.0000	0.0005						
10	18	0.1576	9	0	1	1	0	0	0	0	0	N	N	N	N	N	N	N	N	N	N	N	N	0.0000	0.0000	0.0000	0.0000	0.0000	0.0000	0.0000	0.0000	0.0000	0.0000	0.0000	0.0000	0.0001	0.0001	0.0000	0.0000	0.0000	0.0000	24.8782	44.7145	0.0000	129.3699	143.9608	0.0004	0.0010	0.0205	0.0000	0.0000	0.0000	-0.0000	-1.8583	1.9784	12.7610	5.0323	15.2058	0.0000	0.0000	0.0000	0.0000	0.0000	0.0000	0.0000	0.0000	0.0000	2.9574	2.9574	0.0000	2.9574	2.9574	0.0000	0.0000	0.0000	0.0000	0.1625	0.1443	0.0182	0.0568	0.0534	0.0034	0.1056	0.0909	0.0147	0.1189	0.0661	0.0527	0.0229	0.0205	0.0023	0.0960	0.0456	0.0504	0.0000	0.0000	0.0000	0.0000	0.0000	0.0000	0.0000	0.0000	0.0000	24.8782	44.7145	0.0000	129.3699	143.9608	0.0004	0.0003	0.0007	0.0000
10	19	0.1714	12	0	1	1	1	0	0	0	0	N	N	N	N	N	N	N	N	N	N	N	N	inf	inf	inf	inf	0.0036	0.0040	0.0000	0.0126	0.0132	0.0000	0.0000	0.0000	0.0000	0.0000	0.0000	0.0000	0.0000	0.0000	0.0000	0.0000	0.0000	0.0000	0.0000	-0.0000	0.0000	1.9784	3.0000	5.0323	1.0000	0.0001	0.0001	0.0000	0.0001	0.0001	0.0000	0.0000	0.0000	0.0000	0.0000	0.0000	0.0000	0.0000	0.0000	0.0000	0.0000	0.0000	0.0000	0.0365	0.0324	0.0041	0.0103	0.0099	0.0005	0.0262	0.0226	0.0036	0.0169	0.0094	0.0075	0.0032	0.0028	0.0004	0.0137	0.0067	0.0070	inf	inf	0.0000	inf	inf	0.0000	0.0000	0.0000	0.0000	0.0000	0.0000	0.0000	0.0000	0.0000	0.0000	0.0000	0.0000	0.0000						
10	20	0.5351	11	0	1	1	1	0	0	0	0	N	N	N	N	N	N	N	N	N	N	N	N	0.0021	0.0000	0.0111	1.1435	0.0000	4.3503	0.0000	0.0000	0.0000	0.0000	0.0000	0.0000	0.0000	0.0000	0.0000	0.0000	0.0000	0.0004	0.0000	0.0008	0.0000	0.0000	0.0000	0.0018	0.0000	0.0010	inf	10169.7647	0.0000	0.0000	1.9784	9.0824	5.0323	4.8637	0.0000	0.0000	0.0000	0.0000	0.0000	0.0000	0.0000	0.0000	0.0000	0.0000	0.0000	0.0000	0.0000	0.0000	0.0000	0.0000	0.0000	0.0000	0.1130	0.1021	0.0109	0.0537	0.0510	0.0027	0.0593	0.0512	0.0082	0.0519	0.0311	0.0208	0.0205	0.0168	0.0037	0.0314	0.0144	0.0170	0.0027	0.0000	0.0111	1.1435	0.0000	4.3503	0.0000	0.0000	0.0000	0.0003	0.0000	0.0008	0.0000	0.0000	0.0000	0.0005	0.0000	0.0010	
10	21	0.1549	8	1	1	1	0	0	0	0	0	N	N	N	N	N	N	N	N	N	N	N	N	0.5075	50.0508	0.0008	38.1607	73.9695	0.0171	0.0090	33.3004	0.0003	0.0145	0.0164	0.0000	0.0529	0.0561	0.0001	0.0007	0.0008	0.0000	0.0286	0.0003	0.0291	0.0014	0.0008	0.0072	0.0780	0.0000	0.0257	0.0002	45.3574	-0.0003	0.0002	1.9784	5.0072	5.0323	8.1033	0.0009	0.0009	0.0000	0.0009	0.0009	0.0000	0.0000	0.0000	0.0000	0.0005	0.0000	0.0004	0.0000	0.0000	0.0000	0.0004	0.0000	0.0004	0.0632	0.0558	0.0074	0.0167	0.0158	0.0010	0.0465	0.0400	0.0065	0.0669	0.0357	0.0312	0.0142	0.0128	0.0014	0.0527	0.0229	0.0298	2.1524	60.3173	0.0016	38.1607	73.9695	0.0171	0.0854	12364.8138	0.0005	0.0067	0.0003	0.0142	0.0014	0.0008	0.0072	0.0082	0.0000	0.0145
10	22	0.1235	8	0	1	1	0	0	0	0	0	N	N	N	N	N	N	N	N	N	N	N	N	0.0000	0.0000	0.0100	0.0000	0.0000	0.4450	0.0000	0.0000	0.0000	0.0000	0.0000	0.0000	0.0000	0.0000	0.0000	0.0000	0.0000	0.0000	24.7522	46.0745	0.0001	157.9368	177.2484	0.0000	0.0002	0.0000	0.0001	inf	0.0000	0.0000	-1.8439	1.9784	17.0533	5.0323	10.0403	0.0000	0.0000	0.0000	0.0000	0.0000	0.0000	0.0000	0.0000	0.0000	2.9345	2.9344	0.0000	2.9344	2.9344	0.0000	0.0000	0.0000	0.0000	0.2067	0.1837	0.0230	0.0555	0.0532	0.0024	0.1511	0.1305	0.0206	0.1186	0.0637	0.0549	0.0186	0.0166	0.0020	0.1000	0.0471	0.0528	0.0000	0.0000	0.0100	0.0000	0.0000	0.4450	0.0000	0.0000	0.0000	24.7522	46.0745	0.0001	157.9368	177.2484	0.0000	0.0001	0.0000	0.0001
10	23	0.3957	13	0	0	1	1	0	0	0	0	N	N	N	N	N	N	N	N	N	N	N	N	0.0000	0.0000	0.0000	0.0000	0.0000	0.0000	0.0000	0.0000	0.0000	0.0000	0.0000	0.0000	0.0000	0.0000	0.0000	0.0000	0.0473	0.2256	0.0000	0.0801	0.0995	0.0000	0.0000	0.0000	0.0000	0.0001	0.0000	-0.0001	1.9784	2.8591	5.0323	0.9679	0.0000	0.0000	0.0000	0.0000	0.0000	0.0000	0.0000	0.0000	0.0000	0.0001	0.0001	0.0000	0.0001	0.0001	0.0000	0.0000	0.0000	0.0000	0.0320	0.0286	0.0035	0.0123	0.0116	0.0007	0.0197	0.0170	0.0027	0.0144	0.0085	0.0059	0.0039	0.0034	0.0005	0.0105	0.0051	0.0054	0.0000	0.0000	0.0000	0.0000	0.0000	0.0000	0.0000	0.0000	0.0000	0.0085	0.0144	0.0000	0.0314	0.0361	0.0000	0.0000	0.0000	0.0000			
10	24	0.3695	12	0	0	1	1	0	0	0	0	N	N	N	N	N	N	N	N	N	N	N	N	0.0006	0.0004	0.0025	0.0010	0.0007	0.0168	0.0000	0.0000	0.0000	0.0000	0.0000	0.0000	0.0000	0.0000	0.0000	0.0000	0.0000	0.0000	0.0009	0.0013	0.0004	0.0016	0.0017	0.0003	0.0006	0.0000	0.0004	0.2596	0.4458	-0.0000	-0.0000	1.9784	6.2936	5.0323	7.0245	0.0000	0.0000	0.0000	0.0000	0.0000	0.0000	0.0000	0.0000	0.0000	0.0000	0.0000	0.0000	0.0000	0.0000	0.0000	0.0000	0.0000	0.0000	0.0692	0.0616	0.0076	0.0262	0.0246	0.0016	0.0429	0.0370	0.0060	0.0468	0.0280	0.0188	0.0120	0.0105	0.0015	0.0348	0.0175	0.0173	0.0010	0.0008	0.0025	0.0010	0.0007	0.0168	0.0000	0.0000	0.0000	0.0006	0.0007	0.0004	0.0016	0.0017	0.0003	0.0002	0.0000	0.0004
10	25	0.2289	9	1	0	2	0	0	0	0	0	N	N	Y	N	N	N	N	N	N	N	N	N	0.0357	0.0484	0.0030	0.0173	0.0392	0.0008	0.0000	0.0000	0.0000	0.0000	0.0000	0.0000	0.0000	0.0000	0.0000	0.0000	0.0000	0.0000	0.0000	0.0001	0.0002	0.0001	0.0010	0.0000	0.0000	0.0000	0.0119	1.7227	-0.0000	0.0000	1.9784	4.4994	5.0323	1.0731	0.0000	0.0000	0.0000	0.0000	0.0000	0.0000	0.0000	0.0000	0.0000	0.0000	0.0000	0.0000	0.0000	0.0000	0.0000	0.0000	0.0000	0.0000	0.0632	0.0570	0.0062	0.0272	0.0258	0.0014	0.0360	0.0312	0.0049	0.0227	0.0127	0.0100	0.0043	0.0038	0.0005	0.0184	0.0089	0.0095	0.0357	0.0594	0.0030	0.0173	0.0392	0.0008	0.0000	0.0000	0.0000	0.0000	0.0000	0.0001	0.0002	0.0001	0.0010	0.0000	0.0000	0.0000	
10	26	0.0225	3	0	1	1	0	0	0	0	0	N	N	N	N	N	N	N	N	N	N	N	N	1.2115	0.0507	873.7193	0.0575	0.0276	134.1944	247.4760	638.5381	995.3027	1.0499	0.0627	3.0946	0.1708	0.0831	1.5999	1.6620	0.0353	3.2122	0.8666	1.2354	0.0035	2.9702	3.0086	0.0119	0.0067	0.0001	0.0032	23.8340	0.0101	0.2859	-0.0112	1.9784	12.3098	5.0323	9.0087	0.4251	0.0171	0.4080	0.0284	0.0130	0.0154	0.3967	0.0041	0.3926	0.0182	0.0180	0.0002	0.0180	0.0180	0.0000	0.0002	0.0000	0.0002	0.4049	0.2731	0.1318	0.1662	0.1566	0.0096	0.2387	0.1165	0.1222	0.1130	0.0578	0.0552	0.0090	0.0087	0.0003	0.1040	0.0491	0.0549	6.5312	0.2014	945.1776	0.0855	0.0402	134.1944	975.1093	230959.8351	995.3027	0.1607	0.3112	0.0033	1.9967	2.0643	0.0119	0.0017	0.0000	0.0032
10	27	0.0456	4	0	1	1	0	0	0	0	0	N	N	N	N	N	N	N	N	N	N	N	N	2.0162	1.6347	78.2371	1.0267	1.0541	76.3832	7525.6920	4625.2784	46.3876	2.2843	2.6098	0.0127	4.2350	4.5637	0.0449	1.5893	1.8557	0.0069	1.1330	1.5965	0.0002	4.1247	4.3295	0.0006	0.0002	0.0004	0.0001	0.0007	0.0001	-0.2232	-0.0779	1.9784	25.8727	5.0323	15.5187	0.7793	0.7788	0.0005	0.3796	0.3793	0.0003	0.3998	0.3995	0.0003	0.1241	0.1240	0.0000	0.1241	0.1240	0.0000	0.0000	0.0000	0.0000	0.3412	0.2984	0.0428	0.0896	0.0831	0.0065	0.2515	0.2153	0.0362	0.2160	0.1166	0.0994	0.0341	0.0311	0.0030	0.1818	0.0854	0.0964	3.9764	2.4525	78.2371	1.1655	1.1452	76.3832	19911.5052	1055643.6666	46.3876	0.5745	1.0641	0.0002	3.6336	3.9851	0.0006	0.0001	0.0000	0.0001
10	28	0.1457	8	1	1	1	0	0	0	0	0	N	N	N	N	N	N	N	N	N	N	N	N	0.0006	0.1999	0.0004	0.1860	0.3454	0.1179	0.0000	0.0003	0.0000	0.0003	0.0003	0.0003	0.0010	0.0010	0.0020	0.0000	0.0000	0.0000	0.5356	0.0017	0.6170	0.0056	0.0029	0.0169	0.6633	0.0000	0.5208	0.0909	99.1256	-0.0000	0.0032	1.9784	38.1974	5.0323	14.3032	0.0002	0.0001	0.0000	0.0002	0.0001	0.0000	0.0000	0.0000	0.0000	0.0090	0.0001	0.0089	0.0002	0.0001	0.0001	0.0088	0.0000	0.0088	0.4590	0.4113	0.0477	0.1507	0.1441	0.0065	0.3084	0.2672	0.0412	0.2029	0.1103	0.0926	0.0354	0.0310	0.0044	0.1674	0.0793	0.0881	0.0077	0.4305	0.0029	0.2243	0.3454	0.1179	0.0000	0.1088	0.0000	0.0442	0.0008	0.0959	0.0046	0.0029	0.0169	0.0526	0.0000	0.0999
10	29	0.0156	2	0	1	1	0	0	0	0	0	N	N	N	N	N	N	N	N	N	N	N	N	1.0914	0.9313	277.0588	0.2907	0.3353	0.0351	193.8256	1361.6131	340.5539	1.0121	1.2441	0.6414	1.0582	1.2133	0.0001	0.9544	1.3588	0.7864	0.9273	1.3359	0.0023	3.6404	3.6186	0.0040	0.0049	0.0010	0.0023	0.3226	0.0052	-0.0430	-0.0126	1.9784	6.0056	5.0323	10.9350	0.9965	0.7534	0.2431	0.5790	0.5789	0.0000	0.4175	0.1744	0.2431	0.0203	0.0202	0.0001	0.0202	0.0202	0.0000	0.0001	0.0000	0.0001	0.9845	0.6055	0.3790	0.5471	0.4772	0.0699	0.4375	0.1284	0.3091	0.0925	0.0467	0.0457	0.0072	0.0071	0.0001	0.0852	0.0396	0.0456	4.6147	2.8814	277.0588	0.3790	0.4256	0.0351	769.8268	139657.0862	340.5539	0.2193	0.4318	0.0023	2.7925	2.8509	0.0040	0.0012	0.0000	0.0023
10	30	0.1835	8	1	1	1	0	0	0	0	0	N	N	N	N	N	N	N	N	N	N	N	N	0.0001	0.0000	0.0688	0.0001	0.0001	0.1093	0.0000	0.0000	0.0002	0.0000	0.0000	0.0001	0.0001	0.0001	0.0005	0.0000	0.0000	0.0000	0.6983	0.9339	0.0015	1.2264	1.2851	0.0048	0.0025	0.0017	0.0013	0.3306	0.0075	-0.0000	-0.0076	1.9784	17.1852	5.0323	7.8386	0.0000	0.0000	0.0000	0.0000	0.0000	0.0000	0.0000	0.0000	0.0000	0.0122	0.0121	0.0001	0.0121	0.0121	0.0000	0.0001	0.0000	0.0001	0.3229	0.2918	0.0311	0.1340	0.1277	0.0063	0.1889	0.1640	0.0248	0.1555	0.0966	0.0589	0.0456	0.0421	0.0035	0.1100	0.0545	0.0555	0.0005	0.0003	0.0688	0.0004	0.0003	0.1093	0.0000	0.0000	0.0002	0.0785	0.1254	0.0015	0.2662	0.2877	0.0048	0.0007	0.0000	0.0013
10	31	0.2240	9	0	1	1	0	0	0	0	0	N	N	N	N	N	N	N	N	N	N	N	N	0.0072	0.0000	1.1929	0.0057	0.0000	0.4617	0.0000	0.0000	0.0000	0.0000	0.0000	0.0000	0.0000	0.0003	0.0000	0.0000	0.0000	0.0007	0.0018	0.0000	0.0027	0.0030	0.0007	0.0000	0.0000	0.0000	inf	0.0437	0.0000	-0.0000	1.9784	9.9927	5.0323	7.0404	0.0000	0.0000	0.0000	0.0000	0.0000	0.0000	0.0000	0.0000	0.0000	0.0000	0.0000	0.0000	0.0000	0.0000	0.0000	0.0000	0.0000	0.0000	0.1177	0.1053	0.0125	0.0400	0.0381	0.0019	0.0778	0.0671	0.0106	0.0676	0.0360	0.0316	0.0114	0.0100	0.0015	0.0562	0.0261	0.0301	0.0113	0.0000	1.1929	0.0057	0.0000	0.4617	0.0000	0.0000	0.0000	0.0005	0.0008	0.0000	0.0027	0.0030	0.0007	0.0000	0.0000	0.0000	
10	32	0.2159	8	0	1	1	0	0	0	0	0	N	N	N	N	N	N	N	N	N	N	N	N	0.0076	0.0001	1.0877	0.0077	0.0003	inf	0.0000	0.0000	0.0000	0.0002	0.0000	0.0023	0.0007	0.0000	0.0163	0.0000	0.0000	0.0000	0.0324	0.1422	0.0021	0.0918	0.1140	0.0000	0.0072	0.0528	0.0022	20.8512	0.1642	0.0000	-0.0001	1.9784	3.8146	5.0323	0.9911	0.0000	0.0000	0.0000	0.0000	0.0000	0.0000	0.0000	0.0000	0.0000	0.0001	0.0001	0.0000	0.0001	0.0001	0.0000	0.0000	0.0000	0.0000	0.0500	0.0449	0.0051	0.0175	0.0167	0.0007	0.0325	0.0281	0.0044	0.0195	0.0103	0.0092	0.0032	0.0028	0.0004	0.0163	0.0076	0.0088	0.0348	0.0011	1.0877	0.0206	0.0009	inf	0.0000	0.0000	0.0000	0.0071	0.0115	0.0021	0.0343	0.0396	0.0000	0.0018	0.0013	0.0022
10	33	0.2159	8	0	1	1	0	0	0	0	0	N	N	N	N	N	N	N	N	N	N	N	N	0.0589	0.0152	inf	0.0424	0.0220	inf	0.0001	0.0001	0.0004	0.0003	0.0002	0.0028	0.0000	0.0000	0.0000	0.0019	0.0052	0.0000	0.0079	0.0101	0.0000	0.0000	0.0000	0.0000	0.5903	0.0000	0.0000	-0.0001	1.9784	24.4476	5.0323	5.0002	0.0000	0.0000	0.0000	0.0000	0.0000	0.0000	0.0000	0.0000	0.0000	0.0001	0.0001	0.0000	0.0001	0.0001	0.0000	0.0000	0.0000	0.0000	0.2815	0.2521	0.0294	0.0946	0.0903	0.0043	0.1869	0.1618	0.0251	0.1131	0.0600	0.0531	0.0182	0.0157	0.0024	0.0950	0.0443	0.0507	0.1185	0.0441	inf	0.0567	0.0323	inf	0.0000	0.0000	0.0000	0.0010	0.0018	0.0000	0.0059	0.0069	0.0000	0.0000	0.0000	0.0000			
10	34	0.2640	8	0	1	2	1	0	0	0	0	N	N	Y	N	N	N	N	N	N	N	N	N	0.0044	0.0000	3888.1557	0.0179	0.0150	0.0051	0.0000	4971.7064	0.0004	0.0000	0.0054	0.0000	0.0000	0.0000	0.0010	0.0000	0.0072	0.0847	0.2978	0.0000	0.0000	0.0000	0.0000	0.1979	0.8883	0.0000	5474.0000	0.0001	0.0000	-0.0001	1.9784	1.3124	5.0323	1.0060	0.0000	0.0000	0.0000	0.0000	0.0000	0.0000	0.0000	0.0000	0.0000	0.0001	0.0001	0.0000	0.0000	0.0000	0.0000	0.0001	0.0001	0.0000	0.0263	0.0244	0.0018	0.0164	0.0160	0.0005	0.0099	0.0085	0.0014	0.0106	0.0061	0.0045	0.0026	0.0023	0.0003	0.0080	0.0038	0.0042	0.0363	0.0000	3888.1557	0.0179	0.0150	0.0000	0.0730	0.0000	4971.7064	0.0103	0.0179	0.0000	0.0000	0.0000	0.0000	0.0137	0.0289	0.0000	
10	35	0.1327	7	0	0	1	1	0	0	0	0	N	N	N	N	N	N	N	N	N	N	N	N	0.2500	0.0000	1055.3167	0.0009	0.0004	0.2685	0.2995	0.0000	2303.4780	0.7725	0.0001	7.3532	0.0006	0.0003	0.0073	1.1261	0.0000	8.4794	3.0898	5.7810	0.0070	0.6346	0.6673	0.0273	3.7597	8.2100	0.0037	7368.9103	0.0007	0.3503	-0.5555	1.9784	53.2438	5.0323	16.6757	0.4916	0.0001	0.4915	0.0001	0.0001	0.0001	0.4914	0.0000	0.4914	0.8850	0.8844	0.0006	0.0061	0.0059	0.0002	0.8789	0.8784	0.0005	0.6363	0.5695	0.0668	0.1999	0.1910	0.0089	0.4364	0.3785	0.0580	0.2864	0.1530	0.1334	0.0527	0.0460	0.0067	0.2338	0.1070	0.1268	0.2500	0.0000	1539.4932	0.0051	0.0022	0.2866	0.2995	0.0000	2303.4780	3.0898	5.7810	0.0048	0.1161	0.1293	0.0256	3.7597	8.2100	0.0037
10	36	0.0919	7	0	1	1	0	0	0	0	0	N	N	N	N	N	N	N	N	N	N	N	N	0.0222	0.7210	0.0000	1.1602	1.6353	0.0000	0.0005	1.5716	0.0000	0.0076	0.0085	0.0000	0.0296	0.0311	0.0000	0.0002	0.0003	0.0000	0.3407	0.0119	0.1467	0.0255	0.0190	0.0494	0.4111	0.0002	0.1298	0.0000	11.8647	-0.0005	0.0009	1.9784	17.9460	5.0323	11.6991	0.0017	0.0017	0.0000	0.0017	0.0017	0.0000	0.0000	0.0000	0.0000	0.0032	0.0003	0.0030	0.0004	0.0003	0.0001	0.0029	0.0000	0.0029	0.2247	0.1991	0.0257	0.0563	0.0536	0.0027	0.1685	0.1455	0.0230	0.1426	0.0752	0.0673	0.0251	0.0225	0.0027	0.1174	0.0528	0.0647	0.3340	2.5600	0.0000	2.1089	2.7814	0.0000	0.0089	481.8918	0.0000	0.0227	0.0033	0.0443	0.0140	0.0112	0.0382	0.0245	0.0000	0.0445
10	37	0.5473	12	1	1	1	0	0	0	0	0	N	N	N	N	N	N	N	N	N	N	N	N	1362.3634	926.2092	1199.2477	1027.9765	0.0009	0.0010	0.0000	0.0018	0.0019	0.0000	0.0000	0.0000	0.0000	0.0000	0.0000	0.0000	0.0000	0.0000	0.0000	0.0000	0.0000	0.0000	0.0000	0.0000	-0.0000	-0.0000	1.9784	1.9903	5.0323	0.0021	0.0000	0.0000	0.0000	0.0000	0.0000	0.0000	0.0000	0.0000	0.0000	0.0000	0.0000	0.0000	0.0000	0.0000	0.0000	0.0000	0.0000	0.0000	0.0230	0.0207	0.0023	0.0109	0.0103	0.0006	0.0121	0.0104	0.0017	0.0069	0.0042	0.0027	0.0029	0.0023	0.0005	0.0040	0.0019	0.0022	1362.3634	926.2092	0.0000	1199.2477	1027.9765	0.0000	0.0000	0.0000	0.0000	0.0000	0.0000	0.0000	0.0000	0.0000	0.0000	0.0000	0.0000	0.0000					
10	38	0.1327	7	0	1	1	1	0	0	0	0	N	N	N	N	N	N	N	N	N	N	N	N	0.1059	0.0816	0.0023	0.1634	0.1794	0.0042	0.0000	0.0000	0.0001	0.0022	0.0025	0.0000	0.0069	0.0072	0.0001	0.0000	0.0000	0.0000	0.0207	0.0300	0.0078	0.0422	0.0402	0.0319	0.0098	0.0008	0.0041	0.0009	0.7674	-0.0004	-0.0003	1.9784	45.5232	5.0323	15.8903	0.0012	0.0012	0.0000	0.0012	0.0012	0.0000	0.0000	0.0000	0.0000	0.0015	0.0008	0.0006	0.0010	0.0008	0.0002	0.0005	0.0000	0.0005	0.5617	0.5024	0.0593	0.1788	0.1708	0.0080	0.3829	0.3316	0.0513	0.2600	0.1392	0.1208	0.0492	0.0431	0.0061	0.2108	0.0961	0.1147	0.3920	0.4144	0.0035	0.3421	0.3777	0.0048	0.0000	0.0000	0.0002	0.0056	0.0059	0.0052	0.0202	0.0191	0.0277	0.0022	0.0000	0.0040
10	39	0.1056	6	0	0	1	1	0	0	0	0	N	N	N	N	N	N	N	N	N	N	N	N	0.0051	0.0004	0.2149	0.0066	0.0058	4.5313	0.0058	0.0002	0.2994	0.0070	0.0008	0.0564	0.0010	0.0010	0.0005	0.0096	0.0006	0.0656	1.3785	2.0555	0.2625	0.1540	0.1791	0.0001	1.6580	3.0773	0.2190	9.4931	0.0246	0.0008	-0.0633	1.9784	13.8166	5.0323	4.5847	0.0013	0.0001	0.0012	0.0001	0.0001	0.0000	0.0012	0.0001	0.0012	0.1047	0.1022	0.0025	0.0008	0.0008	0.0000	0.1040	0.1015	0.0025	0.1827	0.1621	0.0206	0.0552	0.0523	0.0029	0.1274	0.1098	0.0177	0.0920	0.0497	0.0422	0.0170	0.0152	0.0018	0.0749	0.0345	0.0404	0.0062	0.0004	0.9470	0.0226	0.0208	4.5313	0.0069	0.0002	1.0538	1.1389	2.0555	0.0596	0.0448	0.0501	0.0001	1.3876	2.9401	0.0622
10	40	0.2674	10	0	0	2	0	0	0	0	0	N	N	Y	N	N	N	N	N	N	N	N	N	0.0001	0.0000	0.0010	0.0006	0.0000	0.0048	0.0000	0.0000	0.0001	0.0000	0.0000	0.0000	0.0000	0.0000	0.0000	0.0000	0.0000	0.0000	0.0037	0.0006	0.0030	0.0014	0.0011	0.0043	0.0061	0.0001	0.0029	inf	5.1862	0.0000	0.0000	1.9784	12.6411	5.0323	7.4648	0.0000	0.0000	0.0000	0.0000	0.0000	0.0000	0.0000	0.0000	0.0000	0.0001	0.0000	0.0001	0.0000	0.0000	0.0000	0.0001	0.0000	0.0001	0.1662	0.1484	0.0178	0.0577	0.0552	0.0025	0.1085	0.0932	0.0153	0.0945	0.0545	0.0401	0.0234	0.0210	0.0024	0.0711	0.0335	0.0377	0.0002	0.0000	0.0010	0.0006	0.0000	0.0048	0.0000	0.0000	0.0001	0.0015	0.0004	0.0030	0.0014	0.0011	0.0043	0.0015	0.0000	0.0029
10	41	0.5349	10	0	1	1	0	0	0	0	0	N	N	N	N	N	N	N	N	N	N	N	N	0.3093	0.0003	69357.8434	0.0004	0.0004	0.0299	45189.8749	0.0010	274216.7557	0.2957	0.0005	2.8600	0.0009	0.0009	0.0000	0.5669	0.0000	4.0180	0.9560	1.3369	0.0000	2.1169	2.2492	0.0002	0.0000	0.0004	0.0000	712.3917	0.0001	0.0545	-0.0182	1.9784	22.0894	5.0323	9.3639	0.0767	0.0001	0.0766	0.0001	0.0001	0.0000	0.0766	0.0000	0.0766	0.0289	0.0289	0.0000	0.0289	0.0289	0.0000	0.0000	0.0000	0.0000	0.2593	0.2325	0.0268	0.1242	0.1165	0.0077	0.1350	0.1160	0.0191	0.1160	0.0667	0.0493	0.0403	0.0328	0.0076	0.0757	0.0340	0.0417	1.1865	0.0011	69357.8434	0.0012	0.0010	0.0299	63625.3035	0.2305	274216.7557	0.2492	0.4332	0.0000	0.7168	0.8822	0.0002	0.0000	0.0000	0.0000
10	42	0.1056	6	0	1	1	0	0	0	0	0	N	N	N	N	N	N	N	N	N	N	N	N	4.3227	2.5376	0.0000	1.9868	1.7990	58.5070	inf	0.0000	0.0002	0.0002	0.0000	0.0005	0.0005	0.0000	0.0000	0.0001	0.0000	0.0000	0.0001	0.0000	0.0003	0.0003	0.0000	0.0000	0.0000	0.0000	0.0000	0.0167	-0.0000	-0.0000	1.9784	43.3975	5.0323	17.3745	0.0001	0.0001	0.0000	0.0001	0.0001	0.0000	0.0000	0.0000	0.0000	0.0000	0.0000	0.0000	0.0000	0.0000	0.0000	0.0000	0.0000	0.0000	0.5042	0.4489	0.0553	0.1391	0.1326	0.0065	0.3651	0.3163	0.0488	0.2522	0.1328	0.1194	0.0388	0.0335	0.0053	0.2134	0.0993	0.1141	4.3227	2.5992	0.0000	1.9868	1.7990	0.0000	58.5070	inf	0.0000	0.0000	0.0001	0.0000	0.0003	0.0003	0.0000	0.0000	0.0000	0.0000	
10	43	0.4650	9	1	0	2	0	0	0	0	0	N	N	Y	N	N	N	N	N	N	N	N	N	3.1466	1.2963	0.0000	2.4536	2.0683	7.2276	inf	0.0000	0.0008	0.0009	0.0000	0.0019	0.0020	0.0000	0.0000	0.0000	0.0000	0.0003	0.0007	0.0000	0.0008	0.0009	0.0000	0.0000	0.0000	0.0000	0.0000	0.0019	-0.0001	-0.0000	1.9784	18.2331	5.0323	4.4208	0.0002	0.0002	0.0000	0.0002	0.0002	0.0000	0.0000	0.0000	0.0000	0.0000	0.0000	0.0000	0.0000	0.0000	0.0000	0.0000	0.0000	0.0000	0.2176	0.1971	0.0205	0.0942	0.0900	0.0042	0.1233	0.1070	0.0163	0.0824	0.0463	0.0361	0.0266	0.0214	0.0052	0.0558	0.0248	0.0309	3.2960	2.0475	0.0000	2.4536	2.0683	0.0000	7.2276	inf	0.0000	0.0002	0.0004	0.0000	0.0008	0.0009	0.0000	0.0000	0.0000	0.0000	
10	44	0.5248	9	0	1	1	1	0	0	0	0	N	N	N	N	N	N	N	N	N	N	N	N	0.0003	0.5311	0.0007	0.1834	1.0762	0.5354	0.0000	0.0058	0.0000	0.0030	0.0007	0.0238	0.0063	0.0014	0.0873	0.0000	0.0000	0.0000	9.8455	0.0013	36.2274	0.0344	0.0013	0.1630	14.9622	0.0036	41.2380	3.7541	24950.7686	0.0010	1.0884	1.9784	62.5878	5.0323	29.9840	0.0020	0.0004	0.0016	0.0020	0.0004	0.0016	0.0000	0.0000	0.0000	2.9288	0.0001	2.9287	0.0018	0.0001	0.0017	2.9270	0.0000	2.9270	0.6852	0.6175	0.0676	0.3220	0.3036	0.0184	0.3631	0.3139	0.0492	0.2975	0.1746	0.1229	0.1018	0.0827	0.0191	0.1956	0.0919	0.1038	0.0003	1.0325	0.0010	0.3592	1.0762	0.9923	0.0000	0.1824	0.0000	9.8455	0.0007	23.8302	0.0176	0.0013	0.0879	14.9622	0.0001	28.2053
10	45	0.4650	9	1	0	2	0	0	0	0	0	N	N	Y	N	N	N	N	N	N	N	N	N	1.6374	0.7142	0.0000	1.0897	0.9234	377.6632	inf	0.0000	0.0007	0.0007	0.0000	0.0011	0.0011	0.0000	0.0003	0.0004	0.0000	0.0004	0.0010	0.0000	0.0010	0.0012	0.0000	0.0000	0.0000	0.0000	0.0000	0.0019	-0.0000	-0.0000	1.9784	13.5293	5.0323	3.1702	0.0001	0.0001	0.0000	0.0001	0.0001	0.0000	0.0000	0.0000	0.0000	0.0000	0.0000	0.0000	0.0000	0.0000	0.0000	0.0000	0.0000	0.0000	0.1668	0.1512	0.0156	0.0731	0.0699	0.0032	0.0937	0.0813	0.0124	0.0625	0.0353	0.0273	0.0204	0.0166	0.0039	0.0421	0.0187	0.0234	2.0617	1.2854	0.0000	1.0897	0.9234	0.0000	377.6632	inf	0.0000	0.0003	0.0006	0.0000	0.0010	0.0012	0.0000	0.0000	0.0000	0.0000	
10	46	0.4606	8	1	0	2	0	0	0	0	0	N	N	Y	N	N	N	N	N	N	N	N	N	0.1215	0.0412	4.4241	0.2008	0.1265	48.8045	0.1351	0.0104	0.7478	0.0016	0.0013	0.0044	0.0026	0.0020	0.0181	0.0007	0.0006	0.0008	0.0130	0.0321	0.0010	0.0130	0.0160	0.0004	0.0048	0.0607	0.0011	0.3040	0.1118	-0.0000	-0.0001	1.9784	4.1147	5.0323	1.2946	0.0001	0.0001	0.0000	0.0001	0.0001	0.0000	0.0000	0.0000	0.0000	0.0001	0.0001	0.0000	0.0001	0.0001	0.0000	0.0000	0.0000	0.0000	0.0687	0.0629	0.0057	0.0326	0.0314	0.0012	0.0361	0.0315	0.0045	0.0283	0.0168	0.0115	0.0108	0.0094	0.0014	0.0175	0.0074	0.0100	0.3916	0.2165	4.4241	0.3042	0.2050	48.8045	0.5318	0.4463	0.7478	0.0040	0.0061	0.0010	0.0086	0.0098	0.0004	0.0012	0.0014	0.0011
10	47	0.3979	7	1	0	1	0	0	0	0	0	N	N	N	N	N	N	N	N	N	N	N	N	0.0620	0.0421	4.9258	0.0546	0.0571	3.2178	0.4533	0.0502	7.0909	0.0552	0.0510	0.0859	0.0978	0.1052	0.0027	0.0230	0.0060	0.1146	0.8909	1.2121	0.0174	1.7922	1.8425	0.0008	0.0508	0.1186	0.0162	0.2306	0.0199	-0.0017	-0.0219	1.9784	22.0103	5.0323	13.6452	0.0169	0.0137	0.0032	0.0129	0.0129	0.0000	0.0040	0.0009	0.0031	0.0360	0.0353	0.0007	0.0352	0.0352	0.0000	0.0008	0.0001	0.0007	0.3059	0.2690	0.0368	0.1317	0.1222	0.0095	0.1742	0.1468	0.0274	0.1952	0.1191	0.0761	0.0723	0.0631	0.0092	0.1229	0.0560	0.0669	0.2992	0.1721	9.2930	0.2009	0.1886	3.2178	3.5082	2.9892	11.0254	0.1845	0.2964	0.0092	0.4868	0.5575	0.0008	0.0066	0.0020	0.0104
10	48	0.2674	10	0	1	1	0	0	0	0	0	N	N	N	N	N	N	N	N	N	N	N	N	0.0000	0.0000	0.0000	0.0000	0.0000	0.0000	0.0000	0.0000	0.0000	0.0000	0.0000	0.0000	0.0000	0.0000	0.0000	0.0000	0.0000	0.0000	0.0003	0.0001	0.0006	0.0002	0.0002	0.0000	0.0010	0.0001	0.0006	5.9294	0.0000	0.0000	1.9784	12.3962	5.0323	3.7178	0.0000	0.0000	0.0000	0.0000	0.0000	0.0000	0.0000	0.0000	0.0000	0.0000	0.0000	0.0000	0.0000	0.0000	0.0000	0.0000	0.0000	0.0000	0.1652	0.1475	0.0177	0.0574	0.0549	0.0025	0.1078	0.0926	0.0152	0.0812	0.0476	0.0336	0.0211	0.0191	0.0020	0.0602	0.0285	0.0317	0.0000	0.0000	0.0000	0.0000	0.0000	0.0000	0.0000	0.0000	0.0000	0.0003	0.0001	0.0006	0.0002	0.0002	0.0000	0.0003	0.0000	0.0006	
10	49	0.2385	9	0	0	1	0	0	0	0	0	N	N	N	N	N	N	N	N	N	N	N	N	0.0000	0.0000	0.0001	0.0001	0.0001	0.0010	0.0000	0.0000	0.0000	0.0000	0.0000	0.0000	0.0000	0.0000	0.0000	0.0000	0.0000	0.0000	0.0103	0.0196	0.0017	0.0125	0.0145	0.0015	0.0058	0.0431	0.0017	0.0975	0.2740	-0.0000	-0.0002	1.9784	14.4870	5.0323	5.8627	0.0000	0.0000	0.0000	0.0000	0.0000	0.0000	0.0000	0.0000	0.0000	0.0004	0.0003	0.0001	0.0003	0.0002	0.0000	0.0001	0.0000	0.0001	0.2080	0.1863	0.0217	0.0770	0.0735	0.0035	0.1309	0.1128	0.0181	0.1088	0.0623	0.0465	0.0300	0.0269	0.0031	0.0789	0.0354	0.0435	0.0001	0.0001	0.0001	0.0001	0.0001	0.0010	0.0000	0.0000	0.0000	0.0034	0.0046	0.0017	0.0084	0.0091	0.0015	0.0014	0.0011	0.0017
10	50	0.2347	10	1	1	2	0	0	0	0	0	N	N	Y	N	N	N	N	N	N	N	N	N	inf	inf	inf	inf	0.0000	0.0000	0.0000	0.0001	0.0001	0.0000	0.0000	0.0000	0.0000	0.0000	0.0000	0.0000	0.0000	0.0000	0.0000	0.0000	0.0000	0.0000	0.0000	-0.0000	0.0000	1.9784	0.9856	5.0323	2.8295	0.0000	0.0000	0.0000	0.0000	0.0000	0.0000	0.0000	0.0000	0.0000	0.0000	0.0000	0.0000	0.0000	0.0000	0.0000	0.0000	0.0000	0.0000	0.0121	0.0108	0.0013	0.0044	0.0042	0.0002	0.0077	0.0066	0.0011	0.0150	0.0083	0.0067	0.0027	0.0024	0.0004	0.0123	0.0059	0.0064	inf	inf	0.0000	inf	inf	0.0000	0.0000	0.0000	0.0000	0.0000	0.0000	0.0000	0.0000	0.0000	0.0000	0.0000	0.0000	0.0000						
10	51	0.5048	10	1	1	1	0	0	0	0	0	N	N	N	N	N	N	N	N	N	N	N	N	1.8684	0.9005	0.0000	1.9763	1.7584	0.0000	50.5701	2.0494	0.0000	0.0009	0.0010	0.0000	0.0019	0.0020	0.0000	0.0001	0.0001	0.0000	0.0005	0.0012	0.0000	0.0009	0.0011	0.0000	0.0000	0.0000	0.0000	0.0000	0.0050	-0.0000	-0.0000	1.9784	13.3057	5.0323	8.6321	0.0002	0.0002	0.0000	0.0002	0.0002	0.0000	0.0000	0.0000	0.0000	0.0000	0.0000	0.0000	0.0000	0.0000	0.0000	0.0000	0.0000	0.0000	0.1751	0.1574	0.0178	0.0845	0.0800	0.0046	0.0906	0.0774	0.0132	0.0913	0.0543	0.0370	0.0357	0.0300	0.0057	0.0556	0.0244	0.0313	2.5278	1.6808	0.0000	1.9763	1.7584	0.0000	50.5701	786.6497	0.0000	0.0004	0.0006	0.0000	0.0009	0.0011	0.0000	0.0000	0.0000	0.0000
10	52	0.3695	12	0	1	1	1	0	0	0	0	N	N	N	N	N	N	N	N	N	N	N	N	0.0003	0.0002	0.0013	0.0008	0.0006	0.0103	0.0000	0.0000	0.0000	0.0000	0.0000	0.0000	0.0000	0.0000	0.0000	0.0000	0.0000	0.0000	0.0057	0.0059	0.0023	0.0051	0.0058	0.0014	0.0049	0.0001	0.0024	0.2596	0.7641	-0.0000	-0.0000	1.9784	2.1073	5.0323	0.0711	0.0000	0.0000	0.0000	0.0000	0.0000	0.0000	0.0000	0.0000	0.0000	0.0000	0.0000	0.0000	0.0000	0.0000	0.0000	0.0000	0.0000	0.0000	0.0244	0.0217	0.0026	0.0094	0.0088	0.0005	0.0150	0.0129	0.0021	0.0088	0.0053	0.0035	0.0026	0.0022	0.0003	0.0062	0.0031	0.0032	0.0008	0.0007	0.0013	0.0010	0.0007	0.0103	0.0000	0.0000	0.0000	0.0021	0.0020	0.0023	0.0043	0.0048	0.0014	0.0012	0.0000	0.0024
10	53	0.3071	11	0	0	1	1	0	0	0	0	N	N	N	N	N	N	N	N	N	N	N	N	0.0016	0.0015	0.0043	0.0117	0.0045	3.6806	0.0000	0.0000	0.0000	0.0012	0.0005	0.0070	0.0029	0.0013	0.0285	0.0000	0.0000	0.0000	0.7688	0.3621	1.6353	0.2491	0.2812	0.0077	0.8898	0.1347	1.5688	1.4471	7.4593	0.0001	0.0025	1.9784	21.8329	5.0323	8.0592	0.0003	0.0001	0.0002	0.0003	0.0001	0.0002	0.0000	0.0000	0.0000	0.0099	0.0012	0.0087	0.0011	0.0011	0.0000	0.0088	0.0001	0.0087	0.2659	0.2389	0.0270	0.1094	0.1028	0.0066	0.1565	0.1361	0.0204	0.0957	0.0544	0.0414	0.0192	0.0166	0.0026	0.0766	0.0378	0.0388	0.0116	0.0253	0.0331	0.0502	0.0192	3.6806	0.0000	0.0000	0.0000	0.1033	0.0215	0.2108	0.0579	0.0658	0.0077	0.1146	0.0021	0.2244
10	54	0.6172	12	0	1	1	1	0	0	0	0	N	N	N	N	N	N	N	N	N	N	N	N	0.0000	0.0000	0.0000	0.0000	0.0000	0.0000	0.0000	0.0000	0.0000	0.0000	0.0000	0.0000	0.0000	0.0000	0.0000	0.0000	0.0000	0.0000	0.0000	0.0000	1.9784	0.0000	5.0323	0.0000	0.0000	0.0000	0.0000	0.0000	0.0000	0.0000	0.0000	0.0000	0.0000	0.0000	0.0000	0.0000	0.0000	0.0000	0.0000	0.0000	0.0000	0.0000	0.0000	0.0000	0.0000	0.0000	0.0000	0.0000	0.0000	0.0000	0.0000	0.0000	0.0000	0.0000	0.0000	0.0000	0.0000	0.0000	0.0000	0.0000	0.0000	0.0000	0.0000	0.0000	0.0000	0.0000	0.0000	0.0000	0.0000	0.0000	0.0000	0.0000	0.0000	0.0000	0.0000	0.0000	0.0000	0.0000											
10	55	0.3071	11	0	0	1	1	0	0	0	0	N	N	N	N	N	N	N	N	N	N	N	N	27.0352	18.4928	0.5635	27.6298	29.3167	0.4859	45.9892	inf	0.0000	0.0543	0.0619	0.0002	0.0826	0.0945	0.0005	0.0252	0.0286	0.0000	0.0020	0.0033	0.0004	0.0030	0.0032	0.0010	0.0005	0.0000	0.0004	0.0006	0.2006	-0.0004	-0.0000	1.9784	1.2825	5.0323	0.1503	0.0014	0.0014	0.0000	0.0011	0.0011	0.0000	0.0003	0.0003	0.0000	0.0000	0.0000	0.0000	0.0000	0.0000	0.0000	0.0000	0.0000	0.0000	0.0254	0.0223	0.0031	0.0129	0.0113	0.0016	0.0125	0.0110	0.0015	0.0064	0.0040	0.0024	0.0018	0.0017	0.0001	0.0046	0.0023	0.0023	55.0688	47.0724	0.5635	27.6298	29.9094	0.4859	126.1325	inf	0.0000	0.0010	0.0013	0.0004	0.0030	0.0032	0.0010	0.0002	0.0000	0.0004
10	56	0.2661	10	0	0	1	1	0	0	0	0	N	N	N	N	N	N	N	N	N	N	N	N	14.6761	782.6322	1.3888	82.5898	617.7170	1.4285	3.4409	28.2820	1.7989	0.0885	0.0992	0.0121	0.1515	0.1608	0.0195	0.0385	0.0443	0.0097	0.0060	0.0001	0.0087	0.0018	0.0003	0.0137	0.0112	0.0016	0.0054	0.0170	27.1249	-0.0057	0.0001	1.9784	14.8542	5.0323	6.8183	0.0209	0.0206	0.0004	0.0159	0.0157	0.0001	0.0051	0.0049	0.0002	0.0002	0.0000	0.0002	0.0001	0.0000	0.0001	0.0002	0.0000	0.0002	0.2366	0.2076	0.0290	0.1047	0.0977	0.0069	0.1320	0.1099	0.0221	0.1048	0.0651	0.0397	0.0315	0.0278	0.0037	0.0733	0.0373	0.0360	39.9580	782.6322	2.1404	82.5898	617.7170	1.4285	16.2043	1624.8962	2.0234	0.0022	0.0001	0.0056	0.0018	0.0003	0.0137	0.0024	0.0000	0.0048
10	57	0.1912	9	0	0	1	1	0	0	0	0	N	N	N	N	N	N	N	N	N	N	N	N	0.1496	0.0228	10.1173	0.0855	0.1061	0.0448	0.1934	0.0152	13.6881	0.0432	0.0084	0.3605	0.0014	0.0015	0.0009	0.0696	0.0132	0.4399	0.2887	0.3678	0.0356	0.0169	0.0139	0.0211	0.3597	0.8685	0.0321	4.7225	0.6604	0.0106	-0.0008	1.9784	33.5853	5.0323	9.3450	0.0196	0.0034	0.0162	0.0003	0.0002	0.0000	0.0194	0.0032	0.0162	0.0034	0.0020	0.0013	0.0003	0.0002	0.0001	0.0030	0.0018	0.0012	0.4539	0.4090	0.0449	0.1757	0.1676	0.0081	0.2782	0.2415	0.0368	0.1707	0.0928	0.0779	0.0322	0.0280	0.0042	0.1385	0.0648	0.0737	2.1953	0.3842	21.0216	0.1387	0.1670	0.0448	3.1868	0.4805	25.9983	0.0197	0.0218	0.0171	0.0104	0.0088	0.0211	0.0218	0.0274	0.0169
10	58	0.1704	8	0	0	1	0	0	0	0	0	N	N	N	N	N	N	N	N	N	N	N	N	0.0008	0.0004	0.0554	0.0014	0.0013	0.0538	0.0007	0.0001	0.0674	0.0004	0.0003	0.0019	0.0006	0.0006	0.0012	0.0003	0.0001	0.0020	0.5278	0.7021	0.0335	0.4314	0.4565	0.0214	0.4971	1.0918	0.0296	0.8365	0.2124	0.0000	-0.0017	1.9784	15.2419	5.0323	2.5705	0.0001	0.0001	0.0000	0.0001	0.0000	0.0000	0.0000	0.0000	0.0000	0.0038	0.0031	0.0007	0.0016	0.0016	0.0000	0.0022	0.0015	0.0006	0.2243	0.2003	0.0240	0.0802	0.0761	0.0041	0.1441	0.1242	0.0199	0.0882	0.0472	0.0410	0.0194	0.0175	0.0019	0.0688	0.0297	0.0391	0.0102	0.0040	0.1151	0.0076	0.0067	0.0539	0.0105	0.0012	0.1261	0.0427	0.0659	0.0161	0.0828	0.0894	0.0214	0.0314	0.0520	0.0158
10	59	0.6172	12	0	0	1	1	0	0	0	0	N	N	N	N	N	N	N	N	N	N	N	N	0.0000	0.0000	0.0000	0.0000	0.0000	0.0000	0.0000	0.0000	0.0000	0.0000	0.0000	0.0000	0.0000	0.0000	0.0000	0.0000	0.0000	0.0000	0.0000	0.0000	1.9784	0.0000	5.0323	0.0000	0.0000	0.0000	0.0000	0.0000	0.0000	0.0000	0.0000	0.0000	0.0000	0.0000	0.0000	0.0000	0.0000	0.0000	0.0000	0.0000	0.0000	0.0000	0.0000	0.0000	0.0000	0.0000	0.0000	0.0000	0.0000	0.0000	0.0000	0.0000	0.0000	0.0000	0.0000	0.0000	0.0000	0.0000	0.0000	0.0000	0.0000	0.0000	0.0000	0.0000	0.0000	0.0000	0.0000	0.0000	0.0000	0.0000	0.0000	0.0000	0.0000	0.0000	0.0000	0.0000	0.0000	0.0000											
10	60	0.5398	11	0	0	1	1	0	0	0	0	N	N	N	N	N	N	N	N	N	N	N	N	10410.7878	13716.6548	0.0002	13.1239	10.7339	0.0000	8963.4984	18652.4049	0.0002	2.1488	2.3823	0.0000	0.0034	0.0036	0.0000	4.1239	4.7958	0.0000	0.0002	0.0002	0.0003	0.0003	0.0003	0.0000	0.0005	0.0003	0.0003	0.0000	1.0264	-0.1415	-0.0000	1.9784	19.3360	5.0323	7.9957	0.4928	0.4928	0.0000	0.0004	0.0004	0.0000	0.4925	0.4925	0.0000	0.0000	0.0000	0.0000	0.0000	0.0000	0.0000	0.0000	0.0000	0.0000	0.2294	0.2069	0.0225	0.1099	0.1042	0.0058	0.1194	0.1027	0.0167	0.0959	0.0573	0.0386	0.0377	0.0290	0.0086	0.0582	0.0283	0.0300	10410.7878	13978.7522	0.0002	13.1239	10.7339	0.0000	24014.7757	5338823.3911	0.0002	0.0002	0.0002	0.0003	0.0003	0.0003	0.0000	0.0002	0.0000	0.0003
10	61	0.2298	9	0	1	2	0	0	0	0	0	N	N	Y	N	N	N	N	N	N	N	N	N	0.0017	0.0000	170.7626	0.0017	0.0000	58.3727	0.5311	0.0001	3.2306	0.0015	0.0000	0.0138	0.0041	0.0001	0.0832	0.0000	0.0000	0.0001	0.8887	1.2574	0.0001	2.4218	2.5141	0.0014	0.0000	0.0003	0.0000	65.5515	0.0002	0.0002	-0.0117	1.9784	14.2360	5.0323	11.9336	0.0003	0.0000	0.0002	0.0003	0.0000	0.0002	0.0000	0.0000	0.0000	0.0186	0.0186	0.0000	0.0186	0.0186	0.0000	0.0000	0.0000	0.0000	0.1699	0.1518	0.0180	0.0607	0.0577	0.0030	0.1092	0.0941	0.0150	0.1028	0.0549	0.0479	0.0182	0.0160	0.0022	0.0846	0.0390	0.0457	0.0082	0.0001	170.7626	0.0040	0.0001	58.3727	0.7758	0.0139	3.2306	0.1813	0.3392	0.0001	1.0266	1.1682	0.0014	0.0000	0.0000	0.0000
10	62	0.1576	9	1	0	2	0	0	0	0	0	N	N	Y	N	N	N	N	N	N	N	N	N	9.0783	15.4097	100.5128	2.3190	2.1323	2.2936	12.7255	17323.2187	126.3897	3.3425	2.0942	13.5718	0.2234	0.2357	0.0075	4.9073	3.1156	16.2564	0.3682	0.1359	0.1350	0.0963	0.1105	0.0033	0.3856	0.0002	0.1286	0.7909	3.0235	0.1724	0.0005	1.9784	28.8660	5.0323	13.2209	1.1158	0.6230	0.4928	0.0249	0.0249	0.0000	1.0909	0.5982	0.4927	0.0042	0.0010	0.0032	0.0011	0.0010	0.0000	0.0032	0.0000	0.0032	0.3338	0.2975	0.0363	0.1115	0.1055	0.0060	0.2223	0.1920	0.0303	0.1668	0.0920	0.0748	0.0302	0.0269	0.0033	0.1366	0.0651	0.0715	132.3509	184.0105	320.7096	6.3776	6.0468	2.2936	212.4908	5257302.4007	368.2761	0.0253	0.0114	0.0423	0.0350	0.0390	0.0033	0.0231	0.0000	0.0441
10	63	0.1549	8	1	1	1	0	0	0	0	0	N	N	N	N	N	N	N	N	N	N	N	N	22.5945	18.0071	0.0139	22.6419	22.8730	0.0170	2845.8938	381813.0108	0.0058	11.9415	13.5265	0.0000	22.6320	24.0018	0.0001	8.0906	9.3949	0.0000	0.5285	0.7512	0.0016	0.9996	1.0493	0.0072	0.0028	0.0000	0.0014	0.0000	0.0179	-0.2174	-0.0017	1.9784	5.0237	5.0323	8.0282	0.7573	0.7573	0.0000	0.3801	0.3801	0.0000	0.3772	0.3772	0.0000	0.0029	0.0028	0.0001	0.0028	0.0028	0.0000	0.0000	0.0000	0.0000	0.0634	0.0560	0.0074	0.0168	0.0158	0.0010	0.0466	0.0402	0.0065	0.0667	0.0356	0.0311	0.0142	0.0128	0.0014	0.0525	0.0228	0.0297	278.4856	171.3979	0.0139	114.0252	109.4914	0.0170	10540.5737	142647630.5840	0.0058	0.0429	0.0789	0.0016	0.1985	0.2192	0.0072	0.0008	0.0000	0.0014
10	64	0.0919	7	1	1	1	0	0	0	0	0	N	N	N	N	N	N	N	N	N	N	N	N	0.5303	0.1993	5.5180	0.2789	0.2299	3.5162	5.4625	5.0311	4.4908	0.0045	0.0047	0.0026	0.0089	0.0088	0.0111	0.0030	0.0032	0.0016	0.0084	0.0236	0.0005	0.0318	0.0381	0.0032	0.0005	0.0006	0.0004	0.0719	0.0826	-0.0002	-0.0003	1.9784	17.5893	5.0323	19.0270	0.0010	0.0009	0.0001	0.0005	0.0005	0.0000	0.0005	0.0005	0.0000	0.0005	0.0005	0.0000	0.0005	0.0005	0.0000	0.0000	0.0000	0.0000	0.2207	0.1955	0.0252	0.0553	0.0527	0.0026	0.1654	0.1428	0.0226	0.1692	0.0892	0.0800	0.0284	0.0252	0.0032	0.1408	0.0640	0.0768	1.5148	0.9106	5.5180	0.5363	0.4799	3.5162	14.9555	781.6375	4.4908	0.0029	0.0052	0.0005	0.0166	0.0183	0.0032	0.0002	0.0000	0.0004
10	65	0.0856	6	0	1	1	0	0	0	0	0	N	N	N	N	N	N	N	N	N	N	N	N	0.2742	0.1297	3.3552	0.3057	0.1573	11.0894	0.3079	0.1173	2.8452	0.0018	0.0009	0.0087	0.0017	0.0009	0.0211	0.0018	0.0010	0.0074	0.0065	0.0072	0.0026	0.0054	0.0057	0.0019	0.0060	0.0081	0.0026	1.1605	0.6737	0.0000	-0.0000	1.9784	1.7566	5.0323	2.8742	0.0000	0.0000	0.0000	0.0000	0.0000	0.0000	0.0000	0.0000	0.0000	0.0001	0.0001	0.0000	0.0001	0.0001	0.0000	0.0000	0.0000	0.0000	0.0246	0.0219	0.0027	0.0066	0.0063	0.0003	0.0180	0.0155	0.0025	0.0386	0.0241	0.0145	0.0114	0.0109	0.0004	0.0272	0.0132	0.0140	0.7468	0.4069	3.3552	0.3641	0.1906	11.0894	1.2300	2.9562	2.8452	0.0024	0.0023	0.0026	0.0046	0.0047	0.0019	0.0015	0.0003	0.0026
10	66	0.2298	9	0	1	1	0	0	0	0	0	N	N	N	N	N	N	N	N	N	N	N	N	0.0128	640358.1950	0.0000	28.4496	485219.4338	0.0000	0.0000	inf	0.0000	0.3118	0.3484	0.0000	0.8788	0.9234	0.0000	0.0000	0.0000	0.0000	24.3003	0.0000	74.4151	0.0309	0.0000	0.2905	29.4254	0.0000	74.2814	0.0000	83595872.4936	-0.0220	1.0936	1.9784	21.1811	5.0323	10.1862	0.0767	0.0767	0.0000	0.0767	0.0767	0.0000	0.0000	0.0000	0.0000	2.9426	0.0000	2.9426	0.0003	0.0000	0.0003	2.9422	0.0000	2.9422	0.2460	0.2201	0.0259	0.0873	0.0831	0.0042	0.1587	0.1371	0.0217	0.1211	0.0647	0.0564	0.0211	0.0185	0.0026	0.1000	0.0462	0.0538	0.0128	640358.1950	0.0000	54.0977	485219.4338	0.0000	0.0000	inf	0.0000	24.3003	0.0000	52.1744	0.0162	0.0000	0.1315	29.4254	0.0000	54.6959
10	67	0.2159	8	0	1	1	0	0	0	0	0	N	N	N	N	N	N	N	N	N	N	N	N	0.0038	0.0165	0.0000	0.2947	0.2523	0.2533	0.0000	0.0000	0.0000	0.0043	0.0048	0.0000	0.0125	0.0131	0.0002	0.0000	0.0000	0.0000	1.1280	0.2888	3.8031	0.0425	0.0518	0.0008	1.3070	0.7114	3.8931	0.0007	59.2514	-0.0001	0.0067	1.9784	7.4253	5.0323	0.9851	0.0004	0.0004	0.0000	0.0004	0.0004	0.0000	0.0000	0.0000	0.0000	0.0187	0.0003	0.0184	0.0001	0.0001	0.0000	0.0186	0.0002	0.0184	0.0919	0.0824	0.0096	0.0314	0.0301	0.0014	0.0605	0.0523	0.0082	0.0339	0.0179	0.0159	0.0055	0.0048	0.0007	0.0284	0.0132	0.0152	0.0077	0.2750	0.0000	0.6175	0.5626	0.2533	0.0000	0.0000	0.0000	0.5533	0.0173	1.1564	0.0203	0.0232	0.0008	0.6567	0.0152	1.2118
10	68	0.2385	9	0	0	2	0	0	0	0	0	N	N	Y	N	N	N	N	N	N	N	N	N	0.0000	0.0000	0.0003	0.0000	0.0000	0.0203	0.0000	0.0000	0.0000	0.0000	0.0000	0.0000	0.0000	0.0000	0.0000	0.0000	0.0000	0.0000	0.2937	0.5062	0.0009	0.3428	0.3820	0.0001	0.0017	0.0003	0.0010	inf	0.0199	0.0000	-0.0014	1.9784	15.0354	5.0323	6.2061	0.0000	0.0000	0.0000	0.0000	0.0000	0.0000	0.0000	0.0000	0.0000	0.0022	0.0022	0.0000	0.0022	0.0022	0.0000	0.0000	0.0000	0.0000	0.2142	0.1919	0.0223	0.0791	0.0754	0.0036	0.1351	0.1164	0.0187	0.1120	0.0639	0.0480	0.0305	0.0273	0.0032	0.0815	0.0366	0.0449	0.0000	0.0000	0.0003	0.0000	0.0000	0.0203	0.0000	0.0000	0.0000	0.0198	0.0340	0.0009	0.0714	0.0797	0.0001	0.0005	0.0000	0.0010
10	69	0.1704	8	0	0	1	0	0	0	0	0	N	N	N	N	N	N	N	N	N	N	N	N	0.0007	0.0004	0.0060	0.0154	0.0131	0.1355	0.0001	0.0000	0.0011	0.0001	0.0002	0.0001	0.0004	0.0004	0.0003	0.0000	0.0000	0.0000	0.2190	0.4181	0.0097	0.0262	0.0311	0.0024	0.2557	0.8967	0.0081	0.0444	0.2103	-0.0000	-0.0013	1.9784	27.6811	5.0323	13.1592	0.0001	0.0001	0.0000	0.0000	0.0000	0.0000	0.0000	0.0000	0.0000	0.0028	0.0023	0.0005	0.0005	0.0005	0.0000	0.0024	0.0019	0.0005	0.3618	0.3231	0.0387	0.1203	0.1142	0.0060	0.2415	0.2089	0.0326	0.1729	0.0921	0.0808	0.0323	0.0285	0.0039	0.1406	0.0637	0.0769	0.0089	0.0061	0.0095	0.0282	0.0256	0.1355	0.0010	0.0006	0.0014	0.0164	0.0254	0.0061	0.0143	0.0160	0.0024	0.0169	0.0296	0.0063
10	70	0.1356	7	0	0	1	0	0	0	0	0	N	N	N	N	N	N	N	N	N	N	N	N	0.0043	0.0017	0.0298	0.0107	0.0105	0.0250	0.0024	0.0002	0.0368	0.0002	0.0002	0.0003	0.0006	0.0006	0.0006	0.0001	0.0001	0.0002	0.0546	0.1392	0.0091	0.0520	0.0526	0.0257	0.0336	0.3748	0.0056	0.1442	0.4250	-0.0000	-0.0003	1.9784	19.6565	5.0323	4.0504	0.0001	0.0001	0.0000	0.0000	0.0000	0.0000	0.0000	0.0000	0.0000	0.0011	0.0007	0.0003	0.0006	0.0005	0.0001	0.0005	0.0002	0.0003	0.2701	0.2406	0.0295	0.0879	0.0835	0.0043	0.1822	0.1571	0.0251	0.1191	0.0650	0.0541	0.0247	0.0222	0.0024	0.0944	0.0427	0.0517	0.0264	0.0201	0.0465	0.0236	0.0235	0.0261	0.0158	0.0115	0.0418	0.0089	0.0114	0.0058	0.0236	0.0235	0.0246	0.0050	0.0051	0.0049
10	71	0.2191	9	1	1	1	0	0	0	0	0	N	N	N	N	N	N	N	N	N	N	N	N	0.0256	0.0107	0.0000	0.0187	0.0159	0.0000	0.0000	0.0000	0.0000	0.0000	0.0000	0.0001	0.0001	0.0000	0.0000	0.0000	0.0000	0.0009	0.0024	0.0000	0.0035	0.0043	0.0003	0.0000	0.0000	0.0000	0.0000	0.0115	-0.0000	-0.0000	1.9784	17.5448	5.0323	6.0013	0.0000	0.0000	0.0000	0.0000	0.0000	0.0000	0.0000	0.0000	0.0000	0.0000	0.0000	0.0000	0.0000	0.0000	0.0000	0.0000	0.0000	0.0000	0.2084	0.1868	0.0216	0.0735	0.0701	0.0034	0.1350	0.1167	0.0182	0.0914	0.0486	0.0428	0.0148	0.0128	0.0020	0.0766	0.0358	0.0408	0.0421	0.0252	0.0000	0.0193	0.0177	0.0000	0.0000	0.0000	0.0000	0.0005	0.0010	0.0000	0.0034	0.0038	0.0003	0.0000	0.0000	0.0000	
10	72	0.2875	12	1	1	2	0	0	0	0	0	N	N	Y	N	N	N	N	N	N	N	N	N	40561.5340	inf	0.0000	inf	inf	44816.1676	inf	0.0000	0.0086	0.0097	0.0000	0.0009	0.0009	0.0000	0.0141	0.0166	0.0000	0.0000	0.0000	0.0000	0.0000	0.0000	0.0000	0.0000	0.0000	0.0000	0.0000	inf	-0.0001	0.0000	1.9784	1.8980	5.0323	2.9698	0.0002	0.0002	0.0000	0.0000	0.0000	0.0000	0.0002	0.0002	0.0000	0.0000	0.0000	0.0000	0.0000	0.0000	0.0000	0.0000	0.0000	0.0000	0.0218	0.0193	0.0024	0.0090	0.0085	0.0005	0.0127	0.0108	0.0019	0.0292	0.0197	0.0095	0.0095	0.0093	0.0002	0.0197	0.0104	0.0093	40561.5340	inf	0.0000	inf	inf	0.0000	44816.1676	inf	0.0000	0.0000	0.0000	0.0000	0.0000	0.0000	0.0000	0.0000	0.0000	0.0000	
10	73	0.2680	11	1	0	2	0	0	0	0	0	N	N	Y	N	N	N	N	N	N	N	N	N	1.7938	2.4321	0.0034	31.4899	31.1791	23.1253	2.3990	1.6611	0.0053	0.5435	0.6658	0.0002	0.1018	0.1162	0.0001	1.0358	1.3821	0.0003	0.3030	0.2738	0.0624	0.0032	0.0037	0.0000	0.4318	0.8320	0.0550	0.0001	0.9949	-0.0195	-0.0001	1.9784	3.5853	5.0323	4.3819	0.0679	0.0679	0.0000	0.0067	0.0067	0.0000	0.0612	0.0612	0.0000	0.0008	0.0004	0.0004	0.0000	0.0000	0.0000	0.0007	0.0004	0.0004	0.1250	0.1020	0.0230	0.0659	0.0577	0.0082	0.0591	0.0443	0.0148	0.0378	0.0234	0.0144	0.0094	0.0087	0.0006	0.0285	0.0147	0.0138	26.6987	40.3800	0.0080	31.7185	33.7667	23.1253	39.8285	56.9461	0.0104	0.0204	0.0165	0.0266	0.0032	0.0034	0.0000	0.0260	0.0243	0.0279
10	74	0.2365	10	1	0	2	0	0	0	0	0	N	N	Y	N	N	N	N	N	N	N	N	N	1.8430	1.0486	0.8692	2.5757	2.4693	0.5664	0.0543	0.0019	0.9756	0.4500	0.5013	0.0012	1.1870	1.2426	0.0003	0.0006	0.0005	0.0014	0.2442	0.4780	0.0014	0.4608	0.5032	0.0005	0.0108	0.2370	0.0015	0.0003	0.0372	-0.0201	-0.0009	1.9784	12.3589	5.0323	7.3592	0.0702	0.0701	0.0000	0.0701	0.0701	0.0000	0.0001	0.0000	0.0000	0.0014	0.0014	0.0001	0.0013	0.0013	0.0000	0.0002	0.0001	0.0001	0.1559	0.1399	0.0160	0.0591	0.0564	0.0026	0.0968	0.0835	0.0133	0.0814	0.0454	0.0361	0.0146	0.0132	0.0014	0.0668	0.0322	0.0347	25.4678	16.3903	0.8692	13.4961	12.7637	0.5664	0.2570	0.1429	0.9756	0.0177	0.0306	0.0014	0.0880	0.0974	0.0005	0.0023	0.0032	0.0015
10	75	0.2191	9	1	0	2	0	0	0	0	0	N	N	Y	N	N	N	N	N	N	N	N	N	0.0045	0.0046	0.0003	0.4244	0.3613	0.0491	0.0000	0.0000	0.0003	0.0019	0.0021	0.0000	0.0051	0.0054	0.0000	0.0000	0.0000	0.0000	0.4177	0.4483	0.0854	0.0121	0.0149	0.0005	0.5210	0.9437	0.0773	0.0013	1.0571	-0.0001	-0.0002	1.9784	10.2127	5.0323	1.0234	0.0002	0.0002	0.0000	0.0002	0.0002	0.0000	0.0000	0.0000	0.0000	0.0013	0.0007	0.0007	0.0001	0.0001	0.0000	0.0013	0.0006	0.0007	0.1266	0.1136	0.0131	0.0460	0.0438	0.0021	0.0807	0.0698	0.0109	0.0449	0.0238	0.0210	0.0073	0.0064	0.0010	0.0375	0.0175	0.0201	0.0622	0.0757	0.0007	0.6269	0.5753	0.0491	0.0001	0.0000	0.0007	0.0299	0.0274	0.0328	0.0082	0.0093	0.0005	0.0342	0.0339	0.0344
10	76	0.2159	8	1	0	1	0	0	0	0	0	N	N	N	N	N	N	N	N	N	N	N	N	0.0345	0.0142	0.0086	0.0564	0.0485	inf	0.0000	0.0000	0.0000	0.0030	0.0033	0.0001	0.0085	0.0088	0.0005	0.0000	0.0000	0.0000	0.0859	0.2315	0.0084	0.1502	0.1818	0.0000	0.0220	0.0856	0.0073	0.0025	0.3315	-0.0000	-0.0001	1.9784	3.7027	5.0323	0.0091	0.0001	0.0001	0.0000	0.0001	0.0001	0.0000	0.0000	0.0000	0.0000	0.0002	0.0001	0.0000	0.0001	0.0001	0.0000	0.0000	0.0000	0.0000	0.0486	0.0437	0.0049	0.0170	0.0163	0.0007	0.0316	0.0274	0.0042	0.0151	0.0080	0.0071	0.0025	0.0021	0.0003	0.0127	0.0059	0.0068	0.2845	0.2226	0.0130	0.1925	0.1738	inf	0.0000	0.0000	0.0000	0.0104	0.0148	0.0055	0.0440	0.0507	0.0000	0.0039	0.0017	0.0058
10	77	0.1989	7	0	0	1	0	0	0	0	0	N	N	N	N	N	N	N	N	N	N	N	N	0.0000	0.0000	0.0231	0.0000	0.0000	0.0024	0.0000	0.0000	0.0000	0.0002	0.0002	0.0001	0.0005	0.0005	0.0002	0.0000	0.0000	0.0000	36.3057	64.9906	0.0023	116.4636	121.7736	0.0917	0.0009	0.0001	0.0005	0.0263	0.0000	-0.0000	-1.6144	1.9784	3.8334	5.0323	6.1787	0.0000	0.0000	0.0000	0.0000	0.0000	0.0000	0.0000	0.0000	0.0000	2.5694	2.5694	0.0001	2.5694	2.5694	0.0001	0.0000	0.0000	0.0000	0.0586	0.0527	0.0058	0.0252	0.0238	0.0014	0.0333	0.0289	0.0044	0.0708	0.0395	0.0312	0.0221	0.0211	0.0010	0.0487	0.0184	0.0303	0.0000	0.0000	0.0231	0.0000	0.0000	0.0037	0.0000	0.0000	0.0000	36.3057	64.9906	0.0023	116.4636	121.7736	0.0588	0.0003	0.0000	0.0005
10	78	0.1598	6	0	0	1	0	0	0	0	0	N	N	N	N	N	N	N	N	N	N	N	N	0.0000	0.0000	0.0000	0.0000	0.0000	0.0000	0.0000	0.0000	0.0000	0.0000	0.0000	0.0000	0.0001	0.0001	0.0000	0.0000	0.0000	0.0000	3.6735	3.9855	6.4085	7.8004	8.6113	2.2821	1.9890	0.0154	7.0094	0.0056	0.5665	-0.0000	-0.1416	1.9784	16.9094	5.0323	5.8161	0.0000	0.0000	0.0000	0.0000	0.0000	0.0000	0.0000	0.0000	0.0000	0.5310	0.3390	0.1921	0.3413	0.3390	0.0023	0.1898	0.0000	0.1897	0.2208	0.1982	0.0225	0.0707	0.0678	0.0028	0.1501	0.1304	0.0197	0.1446	0.0851	0.0595	0.0438	0.0394	0.0044	0.1008	0.0457	0.0551	0.0000	0.0000	0.0000	0.0000	0.0000	0.0000	0.0000	0.0000	0.0000	3.6735	3.9855	3.2276	7.8004	8.6113	0.5259	1.8825	0.0006	3.4427
10	79	0.0856	6	0	1	1	0	0	0	0	0	N	N	N	N	N	N	N	N	N	N	N	N	0.0001	0.0000	0.0000	0.0001	0.0001	0.0000	0.0001	0.0023	0.0000	0.0000	0.0000	0.0000	0.0000	0.0000	0.0000	0.0000	0.0000	0.0000	0.0109	0.0348	0.0003	0.0480	0.0555	0.0002	0.0005	0.0000	0.0003	0.0000	0.0472	-0.0000	-0.0004	1.9784	23.9173	5.0323	17.8091	0.0000	0.0000	0.0000	0.0000	0.0000	0.0000	0.0000	0.0000	0.0000	0.0007	0.0006	0.0000	0.0006	0.0006	0.0000	0.0000	0.0000	0.0000	0.2846	0.2521	0.0325	0.0679	0.0649	0.0030	0.2167	0.1872	0.0295	0.1889	0.1007	0.0882	0.0285	0.0251	0.0034	0.1604	0.0756	0.0848	0.0004	0.0003	0.0000	0.0003	0.0003	0.0000	0.0002	0.8284	0.0000	0.0035	0.0063	0.0003	0.0221	0.0251	0.0002	0.0002	0.0000	0.0003
10	80	0.0695	5	0	1	1	0	0	0	0	0	N	N	N	N	N	N	N	N	N	N	N	N	0.0068	0.1550	0.0007	0.1727	0.4527	0.0015	0.0001	0.0008	0.0007	0.0003	0.0003	0.0000	0.0011	0.0012	0.0001	0.0000	0.0000	0.0000	0.0398	0.0020	0.0363	0.0064	0.0026	0.0396	0.0875	0.0036	0.0317	0.0115	14.3746	-0.0000	0.0001	1.9784	6.1279	5.0323	3.6878	0.0000	0.0000	0.0000	0.0000	0.0000	0.0000	0.0000	0.0000	0.0000	0.0004	0.0000	0.0004	0.0001	0.0000	0.0000	0.0004	0.0000	0.0004	0.0751	0.0663	0.0088	0.0182	0.0173	0.0009	0.0570	0.0491	0.0079	0.0557	0.0324	0.0233	0.0109	0.0101	0.0009	0.0447	0.0223	0.0224	0.0348	0.3484	0.0015	0.2187	0.4527	0.0018	0.0006	0.0239	0.0014	0.0078	0.0009	0.0174	0.0051	0.0026	0.0332	0.0085	0.0001	0.0168
10	81	0.1576	9	1	0	2	0	0	0	0	0	N	N	Y	N	N	N	N	N	N	N	N	N	0.0582	9.5908	0.0000	10.6876	13.5489	0.0001	0.0000	0.0837	0.0000	0.0073	0.0082	0.0000	0.0217	0.0230	0.0000	0.0000	0.0000	0.0000	0.1250	0.0009	0.0622	0.0020	0.0017	0.0048	0.2072	0.0000	0.0544	0.0000	43.1283	-0.0007	0.0007	1.9784	27.2690	5.0323	12.3406	0.0023	0.0023	0.0000	0.0023	0.0023	0.0000	0.0000	0.0000	0.0000	0.0019	0.0000	0.0019	0.0001	0.0000	0.0000	0.0019	0.0000	0.0019	0.3199	0.2850	0.0349	0.1071	0.1013	0.0058	0.2128	0.1837	0.0291	0.1597	0.0882	0.0715	0.0291	0.0259	0.0032	0.1306	0.0622	0.0684	0.5987	16.3682	0.0000	10.6876	13.5489	0.0001	0.0001	31.3443	0.0000	0.0121	0.0005	0.0265	0.0020	0.0017	0.0048	0.0144	0.0000	0.0275
10	82	0.1422	8	0	0	1	0	0	0	0	0	N	N	N	N	N	N	N	N	N	N	N	N	0.0330	0.0263	0.2261	0.0024	0.0021	3.5524	2.2683	24.8694	0.0954	0.0182	0.0201	0.0015	0.0031	0.0029	0.0068	0.0267	0.0307	0.0005	0.5527	0.7659	0.0065	1.2710	1.3690	0.0019	0.0118	0.0012	0.0049	0.0082	0.0451	-0.0006	-0.0012	1.9784	9.0798	5.0323	0.9519	0.0022	0.0022	0.0000	0.0001	0.0001	0.0000	0.0021	0.0021	0.0000	0.0020	0.0019	0.0001	0.0019	0.0019	0.0000	0.0001	0.0000	0.0001	0.1227	0.1102	0.0125	0.0439	0.0419	0.0020	0.0788	0.0682	0.0105	0.0419	0.0227	0.0192	0.0069	0.0060	0.0009	0.0350	0.0167	0.0183	0.3852	0.2411	0.3273	0.0111	0.0092	3.5524	11.0873	1839.6350	0.1020	0.0473	0.0835	0.0045	0.2762	0.3154	0.0019	0.0024	0.0000	0.0046
10	83	0.0695	5	0	1	1	0	0	0	0	0	N	N	N	N	N	N	N	N	N	N	N	N	0.0005	0.0004	0.0000	0.0032	0.0031	0.0000	0.0000	0.0000	0.0005	0.0006	0.0000	0.0022	0.0023	0.0000	0.0000	0.0000	0.0000	1.0092	1.4145	0.0000	0.6646	0.7293	0.0000	1.1676	2.1640	0.0000	0.0000	0.0000	-0.0000	-0.0341	1.9784	21.0000	5.0323	14.4214	0.0001	0.0001	0.0000	0.0001	0.0001	0.0000	0.0000	0.0000	0.0000	0.0543	0.0543	0.0000	0.0029	0.0029	0.0000	0.0514	0.0514	0.0000	0.2488	0.2202	0.0286	0.0602	0.0574	0.0028	0.1886	0.1628	0.0257	0.1629	0.0871	0.0759	0.0239	0.0209	0.0030	0.1390	0.0662	0.0728	0.0016	0.0009	0.0000	0.0177	0.0162	0.0000	0.0000	0.0000	0.0000	0.3334	0.6238	0.0000	0.1219	0.1395	0.0000	0.3697	0.7765	0.0000	
10	89	0.1372	7	0	1	1	0	0	0	0	0	N	N	N	N	N	N	N	N	N	N	N	N	7.9735	63.7313	0.0035	2.5656	4.0124	0.0044	6.8050	397.1496	0.0017	0.0210	0.0238	0.0000	0.0033	0.0036	0.0000	0.0308	0.0359	0.0000	0.0026	0.0004	0.0022	0.0013	0.0009	0.0049	0.0045	0.0001	0.0021	0.0000	6.2666	-0.0013	0.0000	1.9784	15.4622	5.0323	5.2688	0.0045	0.0045	0.0000	0.0003	0.0003	0.0000	0.0042	0.0042	0.0000	0.0001	0.0000	0.0001	0.0000	0.0000	0.0000	0.0001	0.0000	0.0001	0.2120	0.1870	0.0251	0.0756	0.0698	0.0059	0.1364	0.1172	0.0192	0.1029	0.0562	0.0466	0.0205	0.0185	0.0020	0.0823	0.0377	0.0446	17.9205	80.7188	0.0035	2.5656	4.0124	0.0044	26.9931	126555.1349	0.0017	0.0012	0.0003	0.0022	0.0013	0.0009	0.0049	0.0011	0.0000	0.0021
10	90	0.1255	6	0	0	1	0	0	0	0	0	N	N	N	N	N	N	N	N	N	N	N	N	53.9774	45.7800	0.0266	3.6616	4.5210	0.0013	253.4657	588.9325	0.1067	0.5208	0.6526	0.0001	0.0519	0.0696	0.0000	1.1966	1.3686	0.0002	0.0096	0.0143	0.0025	0.0142	0.0154	0.0066	0.0047	0.0023	0.0022	0.0000	0.4954	-0.0432	-0.0001	1.9784	7.5917	5.0323	1.5198	0.1503	0.1503	0.0000	0.0088	0.0088	0.0000	0.1415	0.1415	0.0000	0.0002	0.0001	0.0001	0.0001	0.0001	0.0000	0.0000	0.0000	0.0000	0.2886	0.2303	0.0583	0.1704	0.1270	0.0434	0.1182	0.1034	0.0149	0.0535	0.0304	0.0231	0.0134	0.0119	0.0015	0.0401	0.0185	0.0216	162.7293	173.0385	0.0266	5.6319	7.2971	0.0013	1003.3299	22128.8167	0.1067	0.0032	0.0038	0.0025	0.0092	0.0095	0.0066	0.0012	0.0001	0.0022
10	91	0.2347	10	1	0	2	0	0	0	0	0	N	N	Y	N	N	N	N	N	N	N	N	N	inf	inf	inf	inf	0.0044	0.0049	0.0000	0.0123	0.0129	0.0000	0.0000	0.0000	0.0000	0.0000	0.0000	0.0000	0.0000	0.0000	0.0000	0.0000	0.0000	0.0000	0.0000	-0.0000	0.0000	1.9784	3.0317	5.0323	0.1644	0.0002	0.0002	0.0000	0.0002	0.0002	0.0000	0.0000	0.0000	0.0000	0.0000	0.0000	0.0000	0.0000	0.0000	0.0000	0.0000	0.0000	0.0000	0.0364	0.0325	0.0039	0.0130	0.0124	0.0007	0.0233	0.0201	0.0032	0.0126	0.0069	0.0057	0.0023	0.0020	0.0003	0.0103	0.0049	0.0054	inf	inf	0.0000	inf	inf	0.0000	0.0000	0.0000	0.0000	0.0000	0.0000	0.0000	0.0000	0.0000	0.0000	0.0000	0.0000	0.0000						
10	92	0.2289	9	1	0	2	0	0	0	0	0	N	N	Y	N	N	N	N	N	N	N	N	N	0.1469	0.2120	0.0123	0.0670	0.1527	0.0030	0.0000	0.0000	0.0000	0.0000	0.0000	0.0000	0.0000	0.0000	0.0000	0.0000	0.0000	0.0001	0.0000	0.0001	0.0003	0.0001	0.0015	0.0000	0.0000	0.0000	0.0115	1.7227	-0.0000	0.0000	1.9784	2.6632	5.0323	1.0147	0.0000	0.0000	0.0000	0.0000	0.0000	0.0000	0.0000	0.0000	0.0000	0.0000	0.0000	0.0000	0.0000	0.0000	0.0000	0.0000	0.0000	0.0000	0.0416	0.0377	0.0039	0.0196	0.0186	0.0010	0.0220	0.0190	0.0029	0.0153	0.0086	0.0067	0.0030	0.0027	0.0003	0.0123	0.0060	0.0064	0.1469	0.2455	0.0123	0.0670	0.1527	0.0030	0.0000	0.0000	0.0000	0.0001	0.0000	0.0001	0.0003	0.0001	0.0015	0.0000	0.0000	0.0000	
10	93	0.1457	8	1	0	2	0	0	0	0	0	N	N	Y	N	N	N	N	N	N	N	N	N	0.0328	0.0136	0.4087	0.0324	0.0246	0.4781	0.0001	0.0005	0.0012	0.0004	0.0004	0.0008	0.0013	0.0011	0.0062	0.0000	0.0000	0.0000	0.0132	0.0282	0.0021	0.0404	0.0442	0.0129	0.0030	0.0000	0.0015	0.2566	0.3032	-0.0000	-0.0003	1.9784	35.0787	5.0323	12.2568	0.0002	0.0001	0.0000	0.0002	0.0001	0.0000	0.0000	0.0000	0.0000	0.0008	0.0006	0.0002	0.0006	0.0006	0.0001	0.0001	0.0000	0.0001	0.4278	0.3833	0.0445	0.1414	0.1353	0.0061	0.2864	0.2480	0.0384	0.1858	0.1011	0.0846	0.0329	0.0289	0.0041	0.1528	0.0723	0.0806	0.1062	0.0669	0.4087	0.0680	0.0541	0.4781	0.0003	0.1689	0.0012	0.0041	0.0057	0.0021	0.0192	0.0201	0.0129	0.0008	0.0000	0.0015
10	94	0.1322	7	1	0	1	0	0	0	0	0	N	N	N	N	N	N	N	N	N	N	N	N	0.0337	0.0088	0.9862	0.0357	0.0185	2.7674	0.0000	0.0000	0.0000	0.0006	0.0004	0.0028	0.0018	0.0010	0.0221	0.0000	0.0000	0.0000	0.0185	0.0436	0.0029	0.0493	0.0546	0.0080	0.0058	0.0038	0.0026	0.8043	0.3368	0.0000	-0.0001	1.9784	8.4810	5.0323	2.3446	0.0001	0.0000	0.0000	0.0001	0.0000	0.0000	0.0000	0.0000	0.0000	0.0002	0.0002	0.0001	0.0002	0.0002	0.0000	0.0001	0.0000	0.0001	0.1312	0.1184	0.0128	0.0465	0.0448	0.0017	0.0847	0.0736	0.0112	0.0476	0.0261	0.0215	0.0084	0.0074	0.0010	0.0392	0.0187	0.0205	0.1205	0.0543	0.9862	0.0779	0.0413	2.7674	0.0000	0.0000	0.0000	0.0052	0.0071	0.0029	0.0226	0.0245	0.0080	0.0014	0.0001	0.0026
10	95	0.0695	5	0	1	1	1	0	0	0	0	N	N	N	N	N	N	N	N	N	N	N	N	29.2557	19.7478	0.0000	23.0028	20.9153	0.0000	0.0000	0.0058	0.0065	0.0000	0.0238	0.0250	0.0000	0.0000	0.0000	0.0000	0.0002	0.0003	0.0001	0.0010	0.0012	0.0000	0.0002	0.0000	0.0001	0.0000	0.3510	-0.0005	-0.0000	1.9784	24.0032	5.0323	22.6134	0.0016	0.0016	0.0000	0.0016	0.0016	0.0000	0.0000	0.0000	0.0000	0.0000	0.0000	0.0000	0.0000	0.0000	0.0000	0.0000	0.0000	0.0000	0.2825	0.2502	0.0323	0.0684	0.0652	0.0032	0.2141	0.1850	0.0291	0.2059	0.1092	0.0968	0.0290	0.0252	0.0039	0.1769	0.0840	0.0929	29.2557	23.6618	0.0000	23.0028	20.9153	0.0000	0.0000	0.0000	0.0000	0.0002	0.0003	0.0001	0.0010	0.0012	0.0000	0.0001	0.0000	0.0001		
10	96	0.4869	9	0	1	1	0	0	0	0	0	N	N	N	N	N	N	N	N	N	N	N	N	0.0031	0.0008	0.0000	0.0060	0.0047	0.0000	0.0000	0.0000	0.0000	0.0001	0.0001	0.0000	0.0002	0.0002	0.0000	0.0000	0.0000	0.0000	0.0291	0.1239	0.0004	0.0336	0.0451	0.0000	0.0007	0.0002	0.0005	0.0000	0.0229	-0.0000	-0.0005	1.9784	18.5150	5.0323	10.2301	0.0000	0.0000	0.0000	0.0000	0.0000	0.0000	0.0000	0.0000	0.0000	0.0009	0.0008	0.0000	0.0008	0.0008	0.0000	0.0000	0.0000	0.0000	0.2195	0.1968	0.0227	0.0990	0.0936	0.0055	0.1204	0.1032	0.0172	0.1249	0.0771	0.0478	0.0482	0.0408	0.0074	0.0767	0.0364	0.0403	0.0134	0.0094	0.0000	0.0117	0.0105	0.0000	0.0000	0.0000	0.0000	0.0068	0.0108	0.0004	0.0173	0.0204	0.0000	0.0002	0.0000	0.0005
10	97	0.0986	6	0	1	1	0	0	0	0	0	N	N	N	N	N	N	N	N	N	N	N	N	0.0546	0.0441	0.0104	0.0002	0.0002	0.0468	10.5268	56.4437	0.0000	0.0470	0.0528	0.0000	0.0004	0.0004	0.0003	0.0631	0.0728	0.0000	0.8604	1.1997	0.0029	2.3866	2.4729	0.0063	0.0060	0.0013	0.0028	0.0001	0.0087	-0.0071	-0.0296	1.9784	46.1140	5.0323	26.4917	0.0246	0.0246	0.0000	0.0001	0.0001	0.0000	0.0245	0.0245	0.0000	0.0477	0.0473	0.0004	0.0473	0.0473	0.0000	0.0004	0.0000	0.0004	0.5228	0.4651	0.0576	0.1341	0.1282	0.0059	0.3886	0.3369	0.0517	0.3020	0.1623	0.1397	0.0475	0.0428	0.0048	0.2545	0.1195	0.1350	0.2978	0.1814	0.0104	0.0004	0.0004	0.0468	42.0266	3867.0617	0.0000	0.1579	0.2913	0.0029	0.9956	1.1056	0.0063	0.0015	0.0000	0.0028
10	98	0.5398	11	0	1	1	0	0	0	0	0	N	N	N	N	N	N	N	N	N	N	N	N	26.9144	17.2619	0.0000	19.9652	16.4438	0.0000	1824.5582	inf	0.0000	0.0008	0.0009	0.0000	0.0016	0.0017	0.0000	0.0002	0.0002	0.0000	0.0000	0.0001	0.0000	0.0001	0.0001	0.0000	0.0000	0.0000	0.0000	0.0000	0.0147	-0.0001	-0.0000	1.9784	20.7840	5.0323	8.9470	0.0002	0.0002	0.0000	0.0002	0.0002	0.0000	0.0000	0.0000	0.0000	0.0000	0.0000	0.0000	0.0000	0.0000	0.0000	0.0000	0.0000	0.0000	0.2441	0.2202	0.0239	0.1167	0.1106	0.0061	0.1275	0.1097	0.0178	0.1032	0.0617	0.0415	0.0404	0.0312	0.0093	0.0628	0.0305	0.0323	26.9144	18.0949	0.0000	19.9652	16.4438	0.0000	1824.5582	inf	0.0000	0.0000	0.0001	0.0000	0.0001	0.0001	0.0000	0.0000	0.0000	0.0000
10	99	0.5349	10	0	0	1	0	0	0	0	0	N	N	N	N	N	N	N	N	N	N	N	N	8.6082	8.3922	37.9689	12.7450	20.9962	0.3089	5.9752	0.2923	83.5377	0.0115	0.0088	0.0342	0.0084	0.0090	0.0009	0.0169	0.0085	0.0589	0.0013	0.0011	0.0009	0.0007	0.0004	0.0028	0.0028	0.0291	0.0007	0.4593	1.1858	0.0000	-0.0000	1.9784	2.7834	5.0323	1.0450	0.0008	0.0006	0.0003	0.0004	0.0004	0.0000	0.0005	0.0002	0.0003	0.0000	0.0000	0.0000	0.0000	0.0000	0.0000	0.0000	0.0000	0.0000	0.0729	0.0652	0.0077	0.0463	0.0430	0.0033	0.0266	0.0222	0.0044	0.0275	0.0155	0.0119	0.0114	0.0103	0.0011	0.0161	0.0052	0.0108	15.9334	15.0910	37.9689	12.7450	20.9962	0.3089	22.0395	9.5328	83.5377	0.0007	0.0006	0.0009	0.0007	0.0004	0.0028	0.0008	0.0009	0.0007
10	100	0.5248	9	0	0	1	0	0	0	0	0	N	N	N	N	N	N	N	N	N	N	N	N	0.0034	0.0017	0.0054	0.0016	0.0016	0.1441	0.0033	0.0001	0.0077	0.0043	0.0026	0.0193	0.0041	0.0043	0.0006	0.0045	0.0001	0.0296	1.2706	1.5068	3.6018	2.5670	2.6531	0.0045	1.3467	1.5718	3.8369	0.8649	0.7791	0.0001	-0.0115	1.9784	7.6044	5.0323	2.7972	0.0006	0.0003	0.0003	0.0003	0.0003	0.0000	0.0003	0.0000	0.0003	0.0603	0.0339	0.0264	0.0317	0.0316	0.0000	0.0286	0.0022	0.0264	0.1409	0.1265	0.0145	0.0782	0.0731	0.0051	0.0627	0.0534	0.0093	0.0645	0.0390	0.0255	0.0270	0.0240	0.0031	0.0375	0.0151	0.0224	0.0046	0.0029	0.0187	0.0035	0.0033	0.1441	0.0059	0.0008	0.0251	0.9340	0.8676	1.0356	1.1714	1.3208	0.0045	0.7628	0.1477	1.1767
10	101	0.4752	8	0	0	1	0	0	0	0	0	N	N	N	N	N	N	N	N	N	N	N	N	0.0091	0.0134	0.0030	0.0239	0.0194	1.6687	0.0092	0.0105	0.0036	0.0089	0.0089	0.0091	0.0062	0.0065	0.0016	0.0111	0.0110	0.0115	0.9758	0.6597	3.0587	0.2606	0.3346	0.0009	1.2032	1.0421	3.2306	0.1201	6.7028	-0.0004	0.0084	1.9784	18.4780	5.0323	12.4520	0.0020	0.0018	0.0002	0.0006	0.0006	0.0000	0.0014	0.0012	0.0002	0.0349	0.0045	0.0304	0.0029	0.0028	0.0000	0.0320	0.0017	0.0304	0.2244	0.2010	0.0235	0.1009	0.0953	0.0056	0.1235	0.1057	0.0178	0.1268	0.0762	0.0506	0.0475	0.0396	0.0079	0.0793	0.0366	0.0428	0.0323	0.1490	0.0152	0.1035	0.0904	1.6687	0.0274	0.2390	0.0162	0.2752	0.0595	0.6000	0.0602	0.0719	0.0009	0.4038	0.0460	0.7101
10	102	0.1835	8	0	1	1	0	0	0	0	0	N	N	N	N	N	N	N	N	N	N	N	N	0.0001	0.0001	0.0000	0.0041	0.0268	0.0001	0.0000	0.0000	0.0000	0.0005	0.0005	0.0000	0.0012	0.0013	0.0001	0.0000	0.0000	0.0000	3.8772	6.5291	1.2979	0.2919	0.0468	1.7367	5.0104	10.0910	1.0330	0.0034	0.0184	-0.0001	-0.6135	1.9784	34.1922	5.0323	22.4626	0.0002	0.0002	0.0000	0.0002	0.0002	0.0000	0.0000	0.0000	0.0000	1.0054	0.9872	0.0182	0.0038	0.0011	0.0026	1.0016	0.9861	0.0156	0.5007	0.4507	0.0500	0.1833	0.1749	0.0084	0.3174	0.2758	0.0416	0.2593	0.1512	0.1081	0.0594	0.0535	0.0059	0.1999	0.0977	0.1022	0.0001	0.0001	0.0001	0.0190	0.0595	0.0002	0.0000	0.0000	0.0000	3.8772	6.5291	0.1682	0.0632	0.0210	0.4443	5.0104	10.0910	0.1523
10	103	0.1356	7	0	1	1	0	0	0	0	0	N	N	N	N	N	N	N	N	N	N	N	N	0.0003	0.0003	0.0033	0.0005	0.0005	0.0118	0.0001	0.0000	0.0026	0.0003	0.0003	0.0001	0.0007	0.0007	0.0003	0.0001	0.0001	0.0001	0.8235	1.1076	0.0366	1.3125	1.3682	0.0266	0.8383	1.7211	0.0331	0.0523	0.0671	-0.0000	-0.0115	1.9784	22.5884	5.0323	11.0115	0.0001	0.0001	0.0000	0.0001	0.0001	0.0000	0.0000	0.0000	0.0000	0.0204	0.0191	0.0013	0.0086	0.0085	0.0001	0.0118	0.0106	0.0012	0.3027	0.2697	0.0330	0.0966	0.0919	0.0047	0.2060	0.1777	0.0283	0.1573	0.0849	0.0724	0.0302	0.0269	0.0033	0.1270	0.0580	0.0690	0.0020	0.0012	0.0068	0.0023	0.0022	0.0126	0.0008	0.0004	0.0050	0.1297	0.2252	0.0177	0.2832	0.3152	0.0250	0.0932	0.1834	0.0174
10	104	0.1056	6	0	0	1	0	0	0	0	0	N	N	N	N	N	N	N	N	N	N	N	N	0.0301	0.0089	0.2907	0.0369	0.0308	6.8033	0.0175	0.0005	0.0632	0.0004	0.0004	0.0001	0.0010	0.0011	0.0006	0.0001	0.0001	0.0000	0.0135	0.0501	0.0004	0.0284	0.0349	0.0001	0.0068	0.2529	0.0004	0.0295	0.0408	-0.0000	-0.0002	1.9784	11.8100	5.0323	8.7888	0.0001	0.0001	0.0000	0.0001	0.0001	0.0000	0.0000	0.0000	0.0000	0.0004	0.0004	0.0000	0.0003	0.0003	0.0000	0.0001	0.0001	0.0000	0.1593	0.1413	0.0179	0.0492	0.0465	0.0026	0.1101	0.0948	0.0153	0.1011	0.0544	0.0467	0.0183	0.0163	0.0020	0.0828	0.0381	0.0446	0.0968	0.0594	0.2907	0.0684	0.0625	6.8033	0.0688	0.0404	0.0632	0.0042	0.0075	0.0004	0.0153	0.0172	0.0001	0.0017	0.0033	0.0004
10	105	0.0695	5	0	0	1	0	0	0	0	0	N	N	N	N	N	N	N	N	N	N	N	N	4.2539	45.6119	0.3828	16.6783	15.2084	inf	1.3802	0.7232	0.3175	0.0004	0.0005	0.0001	0.0004	0.0004	0.0002	0.0004	0.0005	0.0001	0.0001	0.0000	0.0002	0.0000	0.0000	0.0000	0.0003	0.0007	0.0002	0.0221	16.7572	-0.0000	0.0000	1.9784	14.7392	5.0323	7.3617	0.0001	0.0001	0.0000	0.0000	0.0000	0.0000	0.0001	0.0001	0.0000	0.0000	0.0000	0.0000	0.0000	0.0000	0.0000	0.0000	0.0000	0.0000	0.1771	0.1566	0.0205	0.0428	0.0408	0.0020	0.1343	0.1158	0.0185	0.1087	0.0593	0.0494	0.0174	0.0154	0.0019	0.0914	0.0439	0.0474	4.2539	45.6119	0.3828	16.6783	15.2084	inf	3.8095	105.9008	0.3175	0.0001	0.0000	0.0002	0.0000	0.0000	0.0000	0.0001	0.0000	0.0002
10	106	0.1422	8	0	1	1	0	0	0	0	0	N	N	N	N	N	N	N	N	N	N	N	N	1.2601	150.1491	3.2472	37.5673	107.1134	42.9684	0.0000	0.0025	0.0000	0.0016	0.0012	0.0047	0.0046	0.0033	0.0320	0.0000	0.0000	0.0000	0.0012	0.0000	0.0015	0.0001	0.0000	0.0007	0.0029	0.0000	0.0015	0.4678	157.0752	0.0000	0.0000	1.9784	20.0414	5.0323	7.0324	0.0004	0.0003	0.0001	0.0004	0.0003	0.0001	0.0000	0.0000	0.0000	0.0001	0.0000	0.0001	0.0000	0.0000	0.0000	0.0001	0.0000	0.0001	0.2468	0.2209	0.0259	0.0828	0.0790	0.0038	0.1640	0.1419	0.0221	0.1076	0.0581	0.0495	0.0169	0.0147	0.0022	0.0908	0.0434	0.0473	2.3114	150.1491	3.2472	37.5673	107.1134	42.9684	0.0001	0.9506	0.0000	0.0007	0.0000	0.0015	0.0001	0.0000	0.0007	0.0008	0.0000	0.0015
10	107	0.1322	7	0	0	1	0	0	0	0	0	N	N	N	N	N	N	N	N	N	N	N	N	0.1339	0.0673	1.3232	0.1203	0.0908	1.8083	0.0981	9.9378	0.0000	0.0012	0.0010	0.0023	0.0028	0.0022	0.0180	0.0002	0.0003	0.0000	0.0087	0.0156	0.0018	0.0231	0.0247	0.0100	0.0025	0.0000	0.0014	0.2336	0.3543	-0.0000	-0.0000	1.9784	7.0315	5.0323	1.2144	0.0001	0.0001	0.0000	0.0001	0.0001	0.0000	0.0000	0.0000	0.0000	0.0001	0.0001	0.0000	0.0001	0.0001	0.0000	0.0000	0.0000	0.0000	0.1145	0.1036	0.0109	0.0417	0.0403	0.0014	0.0728	0.0633	0.0095	0.0371	0.0205	0.0166	0.0068	0.0060	0.0008	0.0303	0.0145	0.0158	0.3896	0.2613	1.3232	0.2102	0.1649	1.8083	0.3478	3697.8258	0.0000	0.0030	0.0040	0.0018	0.0132	0.0136	0.0100	0.0007	0.0000	0.0014
10	108	0.0986	6	0	0	1	0	0	0	0	0	N	N	N	N	N	N	N	N	N	N	N	N	0.0013	1.3972	0.0000	0.1314	3.0352	0.0001	0.0000	0.0000	0.0000	0.0008	0.0009	0.0000	0.0032	0.0033	0.0000	0.0000	0.0000	0.0000	0.6402	0.0007	1.0273	0.0243	0.0011	0.4957	0.7788	0.0015	0.9086	0.0007	262.5772	-0.0000	0.0027	1.9784	16.2725	5.0323	4.4748	0.0002	0.0002	0.0000	0.0002	0.0002	0.0000	0.0000	0.0000	0.0000	0.0073	0.0000	0.0073	0.0004	0.0000	0.0003	0.0070	0.0000	0.0070	0.2034	0.1805	0.0229	0.0536	0.0512	0.0024	0.1498	0.1293	0.0205	0.1174	0.0637	0.0536	0.0261	0.0243	0.0017	0.0913	0.0394	0.0519	0.0135	2.1766	0.0000	0.2342	3.0352	0.0003	0.0000	0.0000	0.0000	0.0623	0.0004	0.1358	0.0136	0.0011	0.1900	0.0762	0.0000	0.1340
10	109	0.1514	7	0	1	1	0	0	0	0	0	N	N	N	N	N	N	N	N	N	N	N	N	43.7417	76.6414	0.0000	2.6772	4.4241	0.0000	84.6602	389.5292	0.0000	0.2347	0.2760	0.0000	0.0221	0.0267	0.0000	0.3909	0.4517	0.0000	0.0054	0.0036	0.0028	0.0083	0.0060	0.0133	0.0046	0.0012	0.0021	0.0000	1.8057	-0.0430	0.0000	1.9784	40.5309	5.0323	14.7974	0.1497	0.1497	0.0000	0.0060	0.0060	0.0000	0.1437	0.1437	0.0000	0.0005	0.0002	0.0003	0.0002	0.0002	0.0001	0.0002	0.0000	0.0002	0.6377	0.5422	0.0954	0.2701	0.2241	0.0460	0.3675	0.3181	0.0494	0.2267	0.1190	0.1077	0.0396	0.0336	0.0060	0.1871	0.0854	0.1017	115.3722	199.8349	0.0000	3.6118	5.5020	0.0000	335.2093	31836.1905	0.0000	0.0020	0.0014	0.0028	0.0061	0.0049	0.0133	0.0012	0.0000	0.0021
10	110	0.1255	6	0	1	1	0	0	0	0	0	N	N	N	N	N	N	N	N	N	N	N	N	36.0923	14.3063	0.0351	18.7935	20.2696	0.0029	94.6872	6.0541	0.1003	0.6378	0.7825	0.0001	0.6084	0.7939	0.0000	0.6706	0.7712	0.0002	0.0177	0.0547	0.0017	0.0324	0.0392	0.0043	0.0071	0.1274	0.0016	0.0000	0.1863	-0.0650	-0.0002	1.9784	13.5236	5.0323	3.5331	0.2265	0.2265	0.0000	0.1141	0.1141	0.0000	0.1124	0.1124	0.0000	0.0004	0.0004	0.0001	0.0003	0.0003	0.0000	0.0001	0.0001	0.0001	0.3551	0.2894	0.0657	0.1875	0.1437	0.0438	0.1676	0.1458	0.0219	0.0875	0.0477	0.0398	0.0185	0.0162	0.0023	0.0690	0.0315	0.0374	128.2130	101.7705	0.0351	36.1173	42.5448	0.0029	375.8408	375.6054	0.1003	0.0050	0.0077	0.0017	0.0168	0.0187	0.0043	0.0018	0.0021	0.0016
10	111	0.0695	5	0	0	1	0	0	0	0	0	N	N	N	N	N	N	N	N	N	N	N	N	3083.1328	1589.2521	25.4706	656.3398	555.4583	6203.2376	9215.3977	1286.2484	21.1233	2.7285	3.0840	0.0038	1.9317	2.0271	0.0086	2.9828	3.4563	0.0033	0.0009	0.0019	0.0001	0.0029	0.0036	0.0000	0.0003	0.0027	0.0002	0.0002	0.1493	-0.1586	-0.0000	1.9784	16.9399	5.0323	15.9768	0.5527	0.5526	0.0001	0.0946	0.0946	0.0000	0.4580	0.4579	0.0001	0.0001	0.0001	0.0000	0.0001	0.0001	0.0000	0.0000	0.0000	0.0000	0.2025	0.1792	0.0234	0.0490	0.0467	0.0023	0.1536	0.1325	0.0211	0.1530	0.0820	0.0710	0.0227	0.0199	0.0028	0.1303	0.0621	0.0682	5089.1135	3541.8647	25.4706	656.3398	603.0757	6203.2376	25489.2577	46671.6453	21.1233	0.0005	0.0009	0.0001	0.0029	0.0034	0.0000	0.0001	0.0001	0.0002
10	112	0.1739	9	1	1	1	1	0	0	0	0	N	N	N	N	N	N	N	N	N	N	N	N	0.0000	0.0000	0.0000	0.0000	0.0000	0.0000	0.0000	0.0000	0.0000	0.0000	0.0000	0.0000	0.0000	0.0000	0.0000	0.0000	0.0001	0.0001	0.0000	0.0000	0.0000	0.0000	0.0000	0.0000	-0.0000	1.9784	0.0019	5.0323	1.9928	0.0000	0.0000	0.0000	0.0000	0.0000	0.0000	0.0000	0.0000	0.0000	0.0000	0.0000	0.0000	0.0000	0.0000	0.0000	0.0000	0.0000	0.0000	0.0001	0.0000	0.0000	0.0000	0.0000	0.0000	0.0000	0.0000	0.0000	0.0087	0.0050	0.0036	0.0019	0.0017	0.0002	0.0068	0.0034	0.0034	0.0000	0.0000	0.0000	0.0000	0.0000	0.0000	0.0000	0.0000	0.0000	0.0000	0.0000	0.0000	0.0001	0.0001	0.0000	0.0000	0.0000	0.0000						
10	113	0.1503	8	1	1	1	1	0	0	0	0	N	N	N	N	N	N	N	N	N	N	N	N	0.0000	0.0000	0.0000	0.0000	0.0000	0.0000	0.0000	0.0000	0.0000	0.0000	0.0000	0.0000	0.0000	0.0000	0.0000	0.0000	0.0000	0.0000	0.0794	0.2945	0.0007	0.2125	0.2490	0.0007	0.0012	0.0000	0.0007	0.0000	0.0334	-0.0000	-0.0004	1.9784	8.6942	5.0323	6.0502	0.0000	0.0000	0.0000	0.0000	0.0000	0.0000	0.0000	0.0000	0.0000	0.0007	0.0006	0.0000	0.0006	0.0006	0.0000	0.0000	0.0000	0.0000	0.1165	0.1024	0.0141	0.0394	0.0360	0.0034	0.0771	0.0664	0.0107	0.0657	0.0363	0.0294	0.0122	0.0107	0.0015	0.0535	0.0256	0.0279	0.0000	0.0000	0.0000	0.0000	0.0000	0.0000	0.0000	0.0000	0.0000	0.0101	0.0177	0.0007	0.0528	0.0601	0.0007	0.0004	0.0000	0.0007
10	114	0.1714	12	0	1	1	1	0	0	0	0	N	N	N	N	N	N	N	N	N	N	N	N	0.0000	0.0000	0.0000	0.0000	0.0000	0.0000	0.0000	0.0000	0.0000	0.0000	0.0000	0.0000	0.0000	0.1775	0.4607	0.0000	0.0881	0.0869	0.0000	0.0000	0.0000	0.0000	0.0000	0.0000	-0.0000	1.9784	0.0001	5.0323	0.0001	0.0000	0.0000	0.0000	0.0000	0.0000	0.0000	0.0000	0.0000	0.0000	0.0000	0.0000	0.0000	0.0000	0.0000	0.0000	0.0000	0.0000	0.0000	0.0000	0.0000	0.0000	0.0000	0.0000	0.0000	0.0000	0.0000	0.0000	0.0000	0.0000	0.0000	0.0000	0.0000	0.0000	0.0000	0.0000	0.0000	0.0000	0.0000	0.0000	0.0000	0.0000	0.0000	0.0000	0.0000	0.0000	0.0146	0.0285	0.0000	0.0333	0.0337	0.0000	0.0000	0.0000	0.0000						
10	115	0.1647	11	0	1	1	1	0	0	0	0	N	N	N	N	N	N	N	N	N	N	N	N	0.0000	0.0000	0.0000	0.0000	0.0000	0.0000	0.0000	0.0000	0.0000	0.0000	0.0000	0.0000	0.0000	0.4836	0.7053	0.0000	1.0161	1.0905	0.0000	0.0000	0.0000	0.0000	0.0000	0.0000	-0.0004	1.9784	3.0007	5.0323	1.0012	0.0000	0.0000	0.0000	0.0000	0.0000	0.0000	0.0000	0.0000	0.0000	0.0006	0.0006	0.0000	0.0006	0.0006	0.0000	0.0000	0.0000	0.0000	0.0367	0.0325	0.0041	0.0103	0.0098	0.0005	0.0264	0.0227	0.0037	0.0172	0.0094	0.0077	0.0031	0.0027	0.0004	0.0140	0.0068	0.0073	0.0000	0.0000	0.0000	0.0000	0.0000	0.0000	0.0000	0.0000	0.0000	0.0367	0.0667	0.0000	0.2017	0.2340	0.0000	0.0000	0.0000	0.0000						
10	116	0.1628	10	0	0	1	1	0	0	0	0	N	N	N	N	N	N	N	N	N	N	N	N	0.0000	0.0000	0.0000	0.0000	0.0000	0.0000	0.0000	0.0000	0.0000	0.0000	0.0000	0.0000	0.0000	0.0000	0.0000	0.0000	0.0001	0.0001	0.0000	0.0003	0.0003	0.0000	0.0000	0.0000	0.0000	0.0769	0.0000	-0.0000	1.9784	1.1177	5.0323	0.0023	0.0000	0.0000	0.0000	0.0000	0.0000	0.0000	0.0000	0.0000	0.0000	0.0000	0.0000	0.0000	0.0000	0.0000	0.0000	0.0000	0.0000	0.0000	0.0142	0.0126	0.0016	0.0043	0.0041	0.0002	0.0099	0.0085	0.0014	0.0048	0.0027	0.0022	0.0009	0.0008	0.0001	0.0040	0.0019	0.0021	0.0000	0.0000	0.0000	0.0000	0.0000	0.0000	0.0000	0.0000	0.0000	0.0001	0.0001	0.0000	0.0003	0.0003	0.0000	0.0000	0.0000	0.0000			
10	117	0.1598	6	0	1	1	0	0	0	0	0	N	N	N	N	N	N	N	N	N	N	N	N	0.0004	0.0190	0.0000	0.0073	0.0529	0.0000	0.0000	0.0008	0.0000	0.0005	0.0006	0.0000	0.0017	0.0018	0.0000	0.0000	0.0000	0.0000	1.2849	0.0311	4.7416	0.2327	0.0337	1.3173	1.5716	0.0000	5.1756	0.0000	281.2117	-0.0001	0.0894	1.9784	31.2782	5.0323	23.9277	0.0002	0.0002	0.0000	0.0002	0.0002	0.0000	0.0000	0.0000	0.0000	0.2430	0.0009	0.2421	0.0032	0.0009	0.0023	0.2398	0.0000	0.2398	0.3762	0.3371	0.0391	0.1167	0.1118	0.0049	0.2595	0.2254	0.0341	0.2547	0.1438	0.1109	0.0577	0.0512	0.0064	0.1970	0.0925	0.1045	0.0006	0.0986	0.0000	0.0308	0.1060	0.0000	0.0000	0.3044	0.0000	0.9540	0.0060	2.1827	0.0554	0.0168	0.3631	1.2171	0.0000	2.2947
10	118	0.1628	10	0	0	2	1	0	0	0	0	N	N	Y	N	N	N	N	N	N	N	N	N	0.0000	0.0000	0.0000	0.0000	0.0000	0.0000	0.0000	0.0000	0.0000	0.0000	0.0000	0.0000	0.0000	0.0000	0.0000	0.0000	0.0000	0.0000	0.0000	0.0000	0.0000	0.0000	inf	0.0000	0.0000	1.9784	3.8827	5.0323	2.9998	0.0000	0.0000	0.0000	0.0000	0.0000	0.0000	0.0000	0.0000	0.0000	0.0000	0.0000	0.0000	0.0000	0.0000	0.0000	0.0000	0.0000	0.0000	0.0478	0.0425	0.0053	0.0137	0.0131	0.0006	0.0341	0.0294	0.0047	0.0293	0.0161	0.0132	0.0053	0.0046	0.0007	0.0240	0.0115	0.0124	0.0000	0.0000	0.0000	0.0000	0.0000	0.0000	0.0000	0.0000	0.0000	0.0000	0.0000	0.0000	0.0000	0.0000	0.0000	0.0000	0.0000	0.0000						
10	119	0.1599	9	0	0	1	1	0	0	0	0	N	N	N	N	N	N	N	N	N	N	N	N	0.0335	0.0000	0.2035	0.0626	0.0000	inf	0.0000	0.0000	0.0000	0.0000	0.0000	0.0000	0.0000	0.0000	0.0000	0.0000	0.0000	0.0000	0.0000	0.0000	0.0000	0.0000	0.0000	0.0000	0.0000	0.0000	inf	2.4294	0.0000	0.0000	1.9784	2.8083	5.0323	0.0030	0.0000	0.0000	0.0000	0.0000	0.0000	0.0000	0.0000	0.0000	0.0000	0.0000	0.0000	0.0000	0.0000	0.0000	0.0000	0.0000	0.0000	0.0000	0.0400	0.0358	0.0042	0.0134	0.0128	0.0006	0.0267	0.0231	0.0036	0.0122	0.0067	0.0055	0.0022	0.0019	0.0003	0.0100	0.0048	0.0052	0.0335	0.0000	0.2035	0.0626	0.0000	inf	0.0000	0.0000	0.0000	0.0000	0.0000	0.0000	0.0000	0.0000	0.0000	0.0000	0.0000	0.0000	
10	120	0.1599	9	0	0	2	1	0	0	0	0	N	N	Y	N	N	N	N	N	N	N	N	N	1330.1830	inf	0.0000	inf	inf	0.0000	0.0000	0.0015	0.0017	0.0000	0.0050	0.0053	0.0000	0.0000	0.0000	0.0000	0.0000	0.0000	0.0000	0.0000	0.0000	0.0000	0.0000	0.0000	0.0000	0.0000	inf	-0.0001	0.0000	1.9784	9.6158	5.0323	0.0030	0.0002	0.0002	0.0000	0.0002	0.0002	0.0000	0.0000	0.0000	0.0000	0.0000	0.0000	0.0000	0.0000	0.0000	0.0000	0.0000	0.0000	0.0000	0.1212	0.1079	0.0133	0.0357	0.0341	0.0016	0.0855	0.0738	0.0117	0.0409	0.0224	0.0185	0.0074	0.0063	0.0010	0.0336	0.0161	0.0175	1330.1830	inf	0.0000	inf	inf	0.0000	0.0000	0.0000	0.0000	0.0000	0.0000	0.0000	0.0000	0.0000	0.0000	0.0000	0.0000	0.0000		
10	121	0.1503	8	0	0	1	1	0	0	0	0	N	N	N	N	N	N	N	N	N	N	N	N	0.0004	0.0213	0.0000	0.0072	0.0211	0.0000	0.0000	0.0000	0.0000	0.0000	0.0000	0.0000	0.0000	0.0000	0.0000	0.0000	0.0000	0.0000	0.0021	0.0000	0.0022	0.0003	0.0001	0.0016	0.0047	0.0001	0.0023	0.0000	53.8108	-0.0000	0.0000	1.9784	4.2457	5.0323	2.0144	0.0000	0.0000	0.0000	0.0000	0.0000	0.0000	0.0000	0.0000	0.0000	0.0000	0.0000	0.0000	0.0000	0.0000	0.0000	0.0000	0.0000	0.0000	0.0639	0.0557	0.0082	0.0258	0.0229	0.0029	0.0382	0.0329	0.0053	0.0303	0.0170	0.0133	0.0063	0.0056	0.0007	0.0241	0.0114	0.0127	0.0007	0.0262	0.0000	0.0072	0.0211	0.0000	0.0000	0.0000	0.0000	0.0010	0.0000	0.0022	0.0003	0.0001	0.0016	0.0012	0.0000	0.0023
10	122	0.1082	7	0	0	1	1	0	0	0	0	N	N	N	N	N	N	N	N	N	N	N	N	0.0115	0.0465	0.0000	0.0631	0.0657	0.0000	0.0000	0.0000	0.0000	0.0008	0.0009	0.0000	0.0026	0.0029	0.0000	0.0000	0.0000	0.0000	0.0713	0.0199	0.0326	0.0418	0.0434	0.0229	0.0768	0.0000	0.0284	0.0000	2.9278	-0.0000	0.0001	1.9784	11.9190	5.0323	13.1740	0.0001	0.0001	0.0000	0.0001	0.0001	0.0000	0.0000	0.0000	0.0000	0.0011	0.0003	0.0008	0.0003	0.0003	0.0000	0.0007	0.0000	0.0007	0.1567	0.1381	0.0186	0.0486	0.0449	0.0037	0.1081	0.0932	0.0149	0.1083	0.0579	0.0503	0.0154	0.0136	0.0018	0.0928	0.0443	0.0485	0.0837	0.1997	0.0000	0.1316	0.1446	0.0000	0.0000	0.0000	0.0000	0.0098	0.0046	0.0157	0.0200	0.0197	0.0224	0.0081	0.0000	0.0154
10	123	0.5351	11	0	0	2	1	0	0	0	0	N	N	Y	N	N	N	N	N	N	N	N	N	0.0011	0.0006	0.0018	0.0014	3407.2962	5.6599	0.0003	0.0003	0.0000	0.0003	0.0003	0.0000	0.0002	0.0003	0.0000	0.2398	0.4661	0.0000	0.1518	0.2078	0.0000	0.0000	0.0000	0.0000	0.0000	0.0000	-0.0000	-0.0007	1.9784	12.8936	5.0323	4.1514	0.0000	0.0000	0.0000	0.0000	0.0000	0.0000	0.0000	0.0000	0.0000	0.0011	0.0011	0.0000	0.0011	0.0011	0.0000	0.0000	0.0000	0.0000	0.1553	0.1402	0.0152	0.0731	0.0694	0.0038	0.0822	0.0708	0.0114	0.0624	0.0375	0.0249	0.0246	0.0200	0.0045	0.0378	0.0174	0.0204	0.0148	0.0098	0.0000	0.0062	0.0053	0.0000	3407.2962	2140.9950	0.0000	0.0174	0.0290	0.0000	0.0442	0.0542	0.0000	0.0000	0.0000	0.0000			
10	124	0.1235	8	0	1	1	0	0	0	0	0	N	N	N	N	N	N	N	N	N	N	N	N	0.0001	0.0012	0.0000	0.0029	0.0045	0.0001	0.0000	0.0000	0.0001	0.0001	0.0000	0.0005	0.0005	0.0000	0.0000	0.0000	0.0000	0.9643	0.1180	2.8958	0.1640	0.1090	0.2118	1.1126	0.0000	2.9387	0.0015	44.2085	-0.0000	0.0086	1.9784	12.7386	5.0323	8.7370	0.0000	0.0000	0.0000	0.0000	0.0000	0.0000	0.0000	0.0000	0.0000	0.0245	0.0005	0.0240	0.0007	0.0005	0.0002	0.0238	0.0000	0.0238	0.1576	0.1401	0.0175	0.0428	0.0410	0.0018	0.1148	0.0991	0.0157	0.0964	0.0519	0.0446	0.0156	0.0140	0.0016	0.0808	0.0379	0.0429	0.0005	0.0136	0.0000	0.0101	0.0125	0.0002	0.0000	0.0000	0.0000	0.2546	0.0105	0.5386	0.0461	0.0389	0.1077	0.2948	0.0000	0.5550	
10	125	0.1082	7	0	1	1	0	0	0	0	0	N	N	N	N	N	N	N	N	N	N	N	N	0.0000	0.0000	0.0013	0.0000	0.0000	0.0074	0.0000	0.0000	0.0000	0.0000	0.0000	0.0001	0.0000	0.0000	0.0005	0.0000	0.0000	0.0000	1.1136	1.5409	0.0995	3.8964	4.1605	0.0729	0.2914	0.0010	0.0844	57.5064	0.0325	0.0000	-0.0148	1.9784	8.6431	5.0323	1.4782	0.0000	0.0000	0.0000	0.0000	0.0000	0.0000	0.0000	0.0000	0.0000	0.0248	0.0240	0.0008	0.0240	0.0240	0.0000	0.0007	0.0000	0.0007	0.1189	0.1046	0.0143	0.0393	0.0360	0.0033	0.0796	0.0686	0.0110	0.0466	0.0250	0.0216	0.0073	0.0065	0.0008	0.0394	0.0186	0.0208	0.0000	0.0000	0.0035	0.0000	0.0000	0.0104	0.0000	0.0000	0.0000	0.5314	0.9587	0.0362	3.3137	3.7052	0.0519	0.0188	0.0000	0.0356
10	126	0.0986	6	0	0	1	0	0	0	0	0	N	N	N	N	N	N	N	N	N	N	N	N	0.0001	0.0001	0.0001	0.0008	0.0008	0.0015	0.0000	0.0000	0.0000	0.0001	0.0000	0.0003	0.0002	0.0001	0.0027	0.0000	0.0000	0.0000	0.8413	0.4013	2.0881	0.2498	0.1248	1.7554	1.0184	0.0090	1.9190	0.9774	9.4744	0.0000	0.0022	1.9784	4.1618	5.0323	2.0491	0.0000	0.0000	0.0000	0.0000	0.0000	0.0000	0.0000	0.0000	0.0000	0.0080	0.0008	0.0073	0.0011	0.0008	0.0003	0.0069	0.0000	0.0069	0.0613	0.0547	0.0066	0.0180	0.0174	0.0007	0.0433	0.0373	0.0060	0.0571	0.0317	0.0254	0.0187	0.0180	0.0007	0.0384	0.0138	0.0247	0.0004	0.0014	0.0009	0.0034	0.0024	0.0060	0.0000	0.0000	0.0000	0.1404	0.0241	0.2856	0.0582	0.0423	0.4445	0.1804	0.0004	0.2809
10	127	0.0695	5	0	0	1	0	0	0	0	0	N	N	N	N	N	N	N	N	N	N	N	N	0.0000	0.0020	0.0000	0.0001	0.0273	0.0000	0.0000	0.0000	0.0000	0.0000	0.0000	0.0000	0.0001	0.0001	0.0000	0.0000	0.0000	0.0000	1.1099	0.0086	3.8162	0.5421	0.0024	6.1561	1.2925	0.2039	3.8644	0.0000	352.9961	-0.0000	0.0168	1.9784	9.4810	5.0323	7.4917	0.0000	0.0000	0.0000	0.0000	0.0000	0.0000	0.0000	0.0000	0.0000	0.0456	0.0001	0.0455	0.0015	0.0000	0.0015	0.0441	0.0001	0.0440	0.1153	0.1019	0.0134	0.0279	0.0265	0.0013	0.0874	0.0754	0.0121	0.0870	0.0482	0.0387	0.0147	0.0132	0.0015	0.0722	0.0350	0.0372	0.0000	0.0065	0.0000	0.0006	0.0273	0.0000	0.0000	0.0000	0.0000	0.5244	0.0027	1.1746	0.1017	0.0024	0.9663	0.6106	0.0028	1.1831
10	128	0.5473	12	1	1	1	0	0	0	0	0	N	N	N	N	N	N	N	N	N	N	N	N	19.5388	0.0000	inf	17.1737	0.0000	inf	0.0000	0.0000	0.0001	0.0000	0.0000	0.0002	0.0000	0.0000	0.0000	0.0000	0.0000	0.0000	0.0000	0.0000	0.0000	0.0000	0.0000	0.0000	inf	0.0000	0.0000	-0.0000	1.9784	2.0107	5.0323	1.9995	0.0000	0.0000	0.0000	0.0000	0.0000	0.0000	0.0000	0.0000	0.0000	0.0000	0.0000	0.0000	0.0000	0.0000	0.0000	0.0000	0.0000	0.0000	0.0232	0.0209	0.0024	0.0110	0.0104	0.0006	0.0122	0.0105	0.0018	0.0139	0.0085	0.0054	0.0058	0.0047	0.0011	0.0081	0.0038	0.0043	19.5388	0.0000	inf	17.1737	0.0000	inf	0.0000	0.0000	0.0000	0.0000	0.0000	0.0000	0.0000	0.0000	0.0000	0.0000	0.0000	0.0000			
10	129	0.5351	11	1	1	1	0	0	0	0	0	N	N	N	N	N	N	N	N	N	N	N	N	0.0319	0.0124	4.3210	0.0266	0.0138	3.3590	0.0000	0.0000	0.0000	0.0000	0.0000	0.0000	0.0000	0.0001	0.0000	0.0000	0.0000	0.0001	0.0002	0.0000	0.0003	0.0003	0.0000	0.0000	0.0000	0.0000	0.6995	0.0132	0.0000	-0.0000	1.9784	5.6459	5.0323	1.1399	0.0000	0.0000	0.0000	0.0000	0.0000	0.0000	0.0000	0.0000	0.0000	0.0000	0.0000	0.0000	0.0000	0.0000	0.0000	0.0000	0.0000	0.0000	0.0742	0.0673	0.0070	0.0359	0.0341	0.0017	0.0384	0.0331	0.0052	0.0271	0.0162	0.0109	0.0109	0.0090	0.0019	0.0162	0.0071	0.0090	0.0319	0.0125	4.3210	0.0266	0.0138	3.3590	0.0000	0.0000	0.0000	0.0001	0.0002	0.0000	0.0003	0.0003	0.0000	0.0000	0.0000	0.0000	
10	130	0.5048	10	0	0	1	0	0	0	0	0	N	N	N	N	N	N	N	N	N	N	N	N	0.0003	0.0002	3.6549	0.0004	0.0003	1.2957	0.5651	0.0273	4.6707	0.0001	0.0001	0.0004	0.0001	0.0001	0.0002	0.0001	0.0001	0.0004	0.3176	0.5183	0.0001	0.2218	0.2634	0.0002	0.0002	0.0032	0.0001	0.5463	0.0020	0.0000	-0.0010	1.9784	11.6079	5.0323	5.3766	0.0000	0.0000	0.0000	0.0000	0.0000	0.0000	0.0000	0.0000	0.0000	0.0016	0.0016	0.0000	0.0016	0.0016	0.0000	0.0000	0.0000	0.0000	0.1587	0.1426	0.0161	0.0772	0.0731	0.0042	0.0815	0.0696	0.0119	0.0760	0.0452	0.0308	0.0302	0.0256	0.0046	0.0459	0.0196	0.0262	0.0051	0.0022	3.6549	0.0015	0.0011	1.2957	1.4647	0.9165	4.6707	0.0213	0.0357	0.0001	0.0535	0.0631	0.0002	0.0001	0.0001	0.0001
10	131	0.4869	9	0	0	1	0	0	0	0	0	N	N	N	N	N	N	N	N	N	N	N	N	0.0411	0.0427	0.0146	0.2290	0.2044	2.2052	0.0414	0.0295	0.0130	0.0177	0.0196	0.0016	0.0115	0.0121	0.0012	0.0231	0.0270	0.0017	0.4297	0.4583	0.1071	0.0504	0.0594	0.0006	0.5578	0.9133	0.1284	0.0095	0.7490	-0.0003	-0.0005	1.9784	3.9355	5.0323	8.7078	0.0010	0.0010	0.0000	0.0003	0.0003	0.0000	0.0007	0.0007	0.0000	0.0023	0.0013	0.0010	0.0007	0.0007	0.0000	0.0016	0.0006	0.0010	0.0576	0.0515	0.0061	0.0271	0.0256	0.0015	0.0305	0.0259	0.0047	0.0723	0.0465	0.0257	0.0299	0.0264	0.0035	0.0423	0.0201	0.0222	0.5577	0.6964	0.0409	0.5026	0.4678	2.2052	0.6109	0.8708	0.0378	0.0317	0.0281	0.0381	0.0230	0.0260	0.0006	0.0378	0.0310	0.0441
10	132	0.4752	8	0	0	1	0	0	0	0	0	N	N	N	N	N	N	N	N	N	N	N	N	0.0458	0.0387	0.4246	0.0438	0.0429	1.3377	0.0920	0.0513	0.5567	0.0291	0.0296	0.0248	0.0288	0.0304	0.0010	0.0293	0.0288	0.0324	0.6344	0.7644	0.0584	0.6566	0.7085	0.0008	0.3184	0.5606	0.0581	0.1012	0.1810	-0.0005	-0.0017	1.9784	6.2657	5.0323	3.9760	0.0026	0.0024	0.0002	0.0012	0.0012	0.0000	0.0014	0.0012	0.0002	0.0036	0.0030	0.0005	0.0029	0.0029	0.0000	0.0007	0.0001	0.0005	0.0899	0.0802	0.0097	0.0417	0.0394	0.0023	0.0482	0.0409	0.0073	0.0583	0.0363	0.0220	0.0242	0.0212	0.0030	0.0341	0.0151	0.0190	0.4734	0.3544	0.9939	0.2407	0.2228	1.3377	1.4688	3.2563	1.1232	0.0614	0.0834	0.0249	0.1195	0.1365	0.0008	0.0199	0.0088	0.0288
10	133	0.3979	7	0	0	1	0	0	0	0	0	N	N	N	N	N	N	N	N	N	N	N	N	2.2001	1.8681	0.0066	0.3781	0.3993	0.3145	9.0870	19.7392	0.0069	1.9331	2.1894	0.0005	0.6497	0.6974	0.0004	2.8764	3.3952	0.0005	0.8787	1.1720	0.0768	1.7181	1.7468	0.0013	0.3165	0.1720	0.0786	0.0000	0.0754	-0.1968	-0.0216	1.9784	26.7012	5.0323	18.2690	0.6853	0.6853	0.0000	0.0976	0.0976	0.0000	0.5878	0.5878	0.0000	0.0386	0.0359	0.0027	0.0358	0.0357	0.0000	0.0029	0.0002	0.0027	0.3545	0.3130	0.0415	0.1502	0.1399	0.0103	0.2043	0.1731	0.0312	0.2228	0.1340	0.0888	0.0793	0.0684	0.0109	0.1436	0.0656	0.0780	11.1571	8.1730	0.0167	1.4407	1.3354	0.3145	144.7302	1394.0243	0.0157	0.1733	0.2679	0.0305	0.4510	0.5222	0.0013	0.0199	0.0024	0.0345
10	134	0.1598	6	0	0	1	0	0	0	0	0	N	N	N	N	N	N	N	N	N	N	N	N	0.1777	0.1097	0.0617	0.0530	0.0486	2.0887	8.1262	4.4089	0.0028	1.1470	1.2782	0.0019	1.8695	1.9521	0.0142	0.8303	0.9535	0.0001	6.4561	11.6537	0.0303	35.2655	40.1907	0.0068	0.1022	0.2163	0.0277	0.0002	0.0010	-0.2219	-1.7225	1.9784	61.4372	5.0323	55.8589	0.7731	0.7730	0.0001	0.3840	0.3839	0.0001	0.3891	0.3891	0.0000	2.7457	2.7429	0.0028	2.7425	2.7424	0.0001	0.0032	0.0005	0.0027	0.6741	0.6047	0.0693	0.2054	0.1967	0.0088	0.4687	0.4081	0.0606	0.4253	0.2354	0.1899	0.0778	0.0682	0.0095	0.3475	0.1671	0.1804	0.1777	0.1097	0.1261	0.0530	0.0486	2.0887	89.2280	326.4447	0.0052	6.4561	11.6537	0.0148	35.2655	40.1907	0.0068	0.0093	0.0029	0.0152
10	135	0.0695	5	0	0	1	0	0	0	0	0	N	N	N	N	N	N	N	N	N	N	N	N	0.0034	0.0027	0.0000	0.0025	0.0023	0.0000	0.0002	0.0004	0.0000	0.0050	0.0056	0.0000	0.0197	0.0206	0.0000	0.0003	0.0003	0.0000	1.4720	2.0779	2.7596	7.8648	9.0292	1.4352	1.0982	0.8285	2.7669	0.0000	0.2074	-0.0005	-0.1333	1.9784	31.7621	5.0323	18.5886	0.0018	0.0018	0.0000	0.0018	0.0018	0.0000	0.0001	0.0001	0.0000	0.2919	0.2417	0.0501	0.2412	0.2396	0.0016	0.0507	0.0021	0.0485	0.3675	0.3258	0.0417	0.0891	0.0850	0.0041	0.2784	0.2408	0.0376	0.2198	0.1163	0.1035	0.0307	0.0265	0.0041	0.1891	0.0898	0.0993	0.0037	0.0027	0.0000	0.0025	0.0023	0.0000	0.0009	0.0122	0.0000	1.3279	2.0779	0.4846	7.8648	9.0292	0.3910	0.2679	0.0239	0.4885
11	12	0.2935	5	1	1	1	0	0	0	0	0	N	N	N	N	N	N	N	N	N	N	N	N	267.8555	133.6380	5.1113	82.9306	81.4402	0.0040	6389.8374	2319.5559	15.0570	0.6534	0.7342	0.0009	0.8637	0.9186	0.0000	0.5728	0.6578	0.0010	0.0024	0.0055	0.0002	0.0104	0.0113	0.0046	0.0001	0.0003	0.0001	0.0001	0.0753	-0.4990	-0.0004	39.9843	16.7672	13.6191	6.4850	1.7388	1.7386	0.0003	0.6372	0.6372	0.0000	1.1016	1.1013	0.0003	0.0007	0.0007	0.0001	0.0007	0.0007	0.0000	0.0000	0.0000	0.0000	2.6611	2.3679	0.2931	0.7378	0.6937	0.0441	1.9233	1.6742	0.2490	0.6588	0.3606	0.2981	0.0975	0.0908	0.0067	0.5613	0.2699	0.2914	595.3645	393.7888	5.1113	119.7645	124.0412	0.0040	16080.7225	638807.2573	15.0570	0.0011	0.0019	0.0002	0.0072	0.0074	0.0046	0.0000	0.0000	0.0001
11	13	0.2610	10	0	0	2	1	0	0	0	0	N	N	Y	N	N	N	N	N	N	N	N	N	3831.2079	inf	0.0000	8851.2470	inf	0.0000	0.0000	0.0000	0.0049	0.0052	0.0000	0.0134	0.0137	0.0000	0.0000	0.0000	0.0000	0.0000	0.0000	0.0000	0.0000	0.0000	0.0000	0.0000	0.0000	0.0000	0.0000	inf	-0.0000	0.0000	39.9843	0.0001	13.6191	1.0001	0.0000	0.0000	0.0000	0.0000	0.0000	0.0000	0.0000	0.0000	0.0000	0.0000	0.0000	0.0000	0.0000	0.0000	0.0000	0.0000	0.0000	0.0000	0.0000	0.0000	0.0000	0.0000	0.0000	0.0000	0.0000	0.0000	0.0000	0.0289	0.0159	0.0130	0.0045	0.0039	0.0006	0.0245	0.0120	0.0125	3831.2079	inf	0.0000	8851.2470	inf	0.0000	0.0000	0.0000	0.0000	0.0000	0.0000	0.0000	0.0000	0.0000	0.0000	0.0000	0.0000	0.0000	
11	14	0.3186	7	0	1	1	0	0	0	0	0	N	N	N	N	N	N	N	N	N	N	N	N	2209.2236	16.0610	48146.8103	7.3800	6.5705	21.2905	13518.4448	485.6421	105940.8962	0.3320	0.0042	2.9556	0.0082	0.0073	0.0230	0.4432	0.0030	3.3877	0.0002	0.0003	0.0001	0.0011	0.0011	0.0011	0.0000	0.0000	0.0000	88.1198	0.2367	0.7095	-0.0000	39.9843	20.9564	13.6191	6.0714	1.0112	0.0113	0.9999	0.0064	0.0054	0.0010	1.0048	0.0060	0.9989	0.0001	0.0001	0.0000	0.0001	0.0001	0.0000	0.0000	0.0000	0.0000	3.0462	2.7079	0.3383	0.7790	0.7355	0.0434	2.2672	1.9723	0.2948	0.6560	0.3487	0.3073	0.0802	0.0715	0.0086	0.5758	0.2771	0.2987	2209.2236	18.3305	48146.8103	7.3800	6.5705	21.2905	26712.4864	364261.4543	105940.8962	0.0002	0.0002	0.0001	0.0011	0.0011	0.0011	0.0000	0.0000	0.0000
11	15	0.2610	10	0	0	1	1	0	0	0	0	N	N	N	N	N	N	N	N	N	N	N	N	3.0521	1.3106	1.8330	1.5721	0.0049	0.0052	0.0000	0.0134	0.0137	0.0000	0.0000	0.0000	0.0000	0.0016	0.0040	0.0000	0.0073	0.0087	0.0000	0.0000	0.0000	0.0000	0.0000	0.0000	-0.0000	-0.0001	39.9843	0.0001	13.6191	6.0018	0.0000	0.0000	0.0000	0.0000	0.0000	0.0000	0.0000	0.0000	0.0000	0.0001	0.0001	0.0000	0.0001	0.0001	0.0000	0.0000	0.0000	0.0000	0.0000	0.0000	0.0000	0.0000	0.0000	0.0000	0.0000	0.0000	0.0000	0.1696	0.0927	0.0769	0.0254	0.0221	0.0033	0.1442	0.0707	0.0735	5.9508	3.4577	0.0000	2.4424	2.1650	0.0000	0.0000	0.0000	0.0000	0.0008	0.0015	0.0000	0.0055	0.0063	0.0000	0.0000	0.0000	0.0000					
11	16	0.2593	9	0	0	1	1	0	0	0	0	N	N	N	N	N	N	N	N	N	N	N	N	13666.9537	12100.0970	0.0000	20275.0449	18702.1105	0.0000	0.0000	0.0125	0.0143	0.0000	0.0887	0.0939	0.0000	0.0000	0.0000	0.0000	0.0000	0.0000	0.0000	0.0000	0.0000	0.0000	0.0000	0.0000	0.0000	0.0000	0.4205	-0.0006	-0.0000	39.9843	1.0007	13.6191	1.0009	0.0020	0.0020	0.0000	0.0020	0.0020	0.0000	0.0000	0.0000	0.0000	0.0000	0.0000	0.0000	0.0000	0.0000	0.0000	0.0000	0.0000	0.0000	0.1565	0.1375	0.0190	0.0221	0.0209	0.0012	0.1344	0.1166	0.0178	0.0575	0.0315	0.0260	0.0085	0.0074	0.0011	0.0490	0.0241	0.0249	13666.9537	12100.0970	0.0000	20275.0449	18702.1105	0.0000	0.0000	0.0000	0.0000	0.0000	0.0000	0.0000	0.0000	0.0000	0.0000	0.0000	0.0000	0.0000		
11	17	0.4902	11	0	1	1	1	0	0	0	0	N	N	N	N	N	N	N	N	N	N	N	N	6941.3211	28898.8104	11762.6870	13883.5109	26562.6302	0.0000	1626.7386	1148.6229	15873.8677	2.4950	1.9066	7.2999	5.1738	5.5292	0.0000	1.3059	0.1791	8.9144	0.0004	0.0001	0.0006	0.0004	0.0002	0.0017	0.0008	0.0002	0.0006	0.4688	7.0884	0.1003	0.0000	39.9843	8.1476	13.6191	4.0573	3.1302	2.1311	0.9991	1.9955	1.9955	0.0000	1.1347	0.1356	0.9991	0.0001	0.0000	0.0001	0.0000	0.0000	0.0000	0.0001	0.0000	0.0001	1.2546	1.1177	0.1369	0.3857	0.3609	0.0248	0.8689	0.7568	0.1121	0.2717	0.1571	0.1146	0.0539	0.0479	0.0059	0.2178	0.1091	0.1087	8351.2357	29841.6794	11762.6870	13883.5109	26562.6302	0.0000	4655.9340	350280.5170	15873.8677	0.0003	0.0001	0.0006	0.0004	0.0002	0.0017	0.0003	0.0000	0.0006
11	18	0.2521	7	0	1	1	0	0	0	0	0	N	N	N	N	N	N	N	N	N	N	N	N	1180.5813	537.8944	0.9612	834.5619	811.8137	inf	114.0908	7.8781	0.0000	0.4811	0.5434	0.0000	1.8768	1.9791	0.0004	0.0112	0.0129	0.0000	0.0004	0.0010	0.0000	0.0022	0.0024	0.0000	0.0001	0.0016	0.0000	0.0000	0.0679	-0.2821	-0.0001	39.9843	12.7610	13.6191	15.2058	0.9825	0.9825	0.0000	0.9654	0.9654	0.0000	0.0171	0.0171	0.0000	0.0002	0.0002	0.0000	0.0002	0.0002	0.0000	0.0000	0.0000	0.0000	2.0424	1.8082	0.2342	0.5144	0.4878	0.0266	1.5280	1.3204	0.2076	0.7490	0.4053	0.3437	0.0967	0.0892	0.0075	0.6524	0.3161	0.3362	1483.4574	968.2069	0.9612	834.5619	811.8137	inf	286.2706	407.5584	0.0000	0.0003	0.0006	0.0000	0.0022	0.0024	0.0000	0.0000	0.0000	0.0000
11	19	0.2660	10	0	1	1	1	0	0	0	0	N	N	N	N	N	N	N	N	N	N	N	N	inf	inf	inf	inf	0.0080	0.0091	0.0000	0.0557	0.0589	0.0000	0.0000	0.0000	0.0000	0.0000	0.0000	0.0000	0.0000	0.0000	0.0000	0.0000	0.0000	0.0000	0.0000	-0.0011	0.0000	39.9843	3.0000	13.6191	1.0000	0.0037	0.0037	0.0000	0.0037	0.0037	0.0000	0.0000	0.0000	0.0000	0.0000	0.0000	0.0000	0.0000	0.0000	0.0000	0.0000	0.0000	0.0000	0.4644	0.4082	0.0562	0.0666	0.0630	0.0037	0.3978	0.3452	0.0525	0.1125	0.0624	0.0501	0.0171	0.0150	0.0022	0.0954	0.0475	0.0479	inf	inf	0.0000	inf	inf	0.0000	0.0000	0.0000	0.0000	0.0000	0.0000	0.0000	0.0000	0.0000	0.0000	0.0000	0.0000	0.0000						
11	20	0.6296	9	0	1	1	1	0	0	0	0	N	N	N	N	N	N	N	N	N	N	N	N	1343.0639	3251.2230	6341.2599	4181.0906	3868.0539	inf	512.4193	inf	7064.2241	1.1305	0.5268	6.7584	1.2463	1.3081	0.0353	1.0588	0.0000	8.3526	0.0008	0.0002	0.0011	0.0003	0.0003	0.0000	0.0021	0.0000	0.0012	1.3759	4.3004	0.5041	0.0000	39.9843	9.0824	13.6191	4.8637	1.7266	0.7267	0.9999	0.7277	0.7267	0.0010	0.9989	0.0000	0.9989	0.0002	0.0000	0.0001	0.0000	0.0000	0.0000	0.0001	0.0000	0.0001	1.5273	1.3794	0.1480	0.5839	0.5556	0.0284	0.9434	0.8238	0.1196	0.3099	0.1884	0.1214	0.1010	0.0890	0.0120	0.2089	0.0994	0.1095	2196.0807	3298.8677	6341.2599	4181.0906	3868.0539	inf	1709.1277	inf	7064.2241	0.0005	0.0002	0.0011	0.0003	0.0003	0.0000	0.0006	0.0000	0.0012
11	21	0.2494	6	1	1	1	0	0	0	0	0	N	N	N	N	N	N	N	N	N	N	N	N	0.0072	0.0059	0.0450	0.0159	0.0166	0.0117	0.0035	0.0029	0.0330	0.0070	0.0080	0.0000	0.0443	0.0477	0.0001	0.0000	0.0000	0.0000	0.9771	1.3615	0.0003	2.7797	2.8663	0.0096	0.0002	0.0000	0.0001	0.0002	0.0005	-0.0016	-0.0761	39.9843	5.0072	13.6191	8.1033	0.0055	0.0055	0.0000	0.0055	0.0055	0.0000	0.0000	0.0000	0.0000	0.1212	0.1212	0.0001	0.1212	0.1212	0.0000	0.0000	0.0000	0.0000	0.7843	0.6883	0.0960	0.1240	0.1152	0.0088	0.6603	0.5732	0.0872	0.4369	0.2347	0.2022	0.0736	0.0694	0.0041	0.3633	0.1653	0.1980	0.0252	0.0154	0.0450	0.0269	0.0273	0.0117	0.0101	1.0733	0.0330	0.2775	0.5163	0.0003	1.6477	1.7454	0.0096	0.0001	0.0000	0.0001
11	22	0.2180	6	0	1	1	0	0	0	0	0	N	N	N	N	N	N	N	N	N	N	N	N	0.2627	421.2020	0.0055	15.5354	12.0078	54.4589	0.2537	43617.9775	0.0016	0.3807	0.4280	0.0314	0.0543	0.0355	0.4102	0.4300	0.4927	0.0092	1.4489	0.0010	5.6882	0.0035	0.0030	0.0075	1.6949	0.0000	5.8008	0.0099	4292.4657	-0.2795	0.3702	39.9843	17.0533	13.6191	10.0403	1.0080	0.9981	0.0099	0.0189	0.0117	0.0072	0.9891	0.9864	0.0028	0.9966	0.0002	0.9964	0.0003	0.0002	0.0001	0.9964	0.0000	0.9964	2.6478	2.3319	0.3159	0.3473	0.3298	0.0174	2.3005	2.0020	0.2985	0.7758	0.4125	0.3634	0.0864	0.0785	0.0079	0.6894	0.3340	0.3554	0.2963	760.5373	0.0114	16.0889	12.0078	54.4589	0.2975	17319752.8220	0.0033	1.2846	0.0006	2.7421	0.0034	0.0030	0.0075	1.4452	0.0000	2.8032
11	23	0.4902	11	0	0	1	1	0	0	0	0	N	N	N	N	N	N	N	N	N	N	N	N	8894.4337	4263.4969	1.3651	6080.1436	5879.2392	0.0000	2102.4600	13.5234	3.5151	1.8797	2.1078	0.0000	5.9582	6.3521	0.0000	0.0043	0.0050	0.0000	0.0002	0.0005	0.0000	0.0010	0.0011	0.0001	0.0000	0.0004	0.0000	0.0000	0.0109	-0.2489	-0.0000	39.9843	2.8591	13.6191	0.9679	0.8668	0.8668	0.0000	0.8654	0.8654	0.0000	0.0014	0.0014	0.0000	0.0000	0.0000	0.0000	0.0000	0.0000	0.0000	0.0000	0.0000	0.0000	0.4611	0.4112	0.0499	0.1453	0.1362	0.0090	0.3159	0.2750	0.0409	0.0913	0.0527	0.0386	0.0195	0.0176	0.0019	0.0718	0.0351	0.0367	8894.4337	5817.6712	1.3651	6080.1436	5879.2392	0.0000	2102.4600	3202.9236	3.5151	0.0002	0.0004	0.0000	0.0010	0.0011	0.0001	0.0000	0.0000	0.0000
11	24	0.4640	10	0	0	1	1	0	0	0	0	N	N	N	N	N	N	N	N	N	N	N	N	23.2640	11.2876	8.9615	13.3305	13.0322	0.0000	380.3943	42.5523	51.2150	0.2386	0.2665	0.0072	0.3754	0.4004	0.0000	0.1740	0.1985	0.0088	0.0103	0.0236	0.0008	0.0282	0.0307	0.0111	0.0005	0.0047	0.0002	0.0033	0.1108	-0.0671	-0.0005	39.9843	6.2936	13.6191	7.0245	0.2364	0.2357	0.0008	0.1193	0.1193	0.0000	0.1172	0.1164	0.0008	0.0010	0.0009	0.0001	0.0009	0.0009	0.0001	0.0000	0.0000	0.0000	0.9909	0.8842	0.1067	0.3177	0.2979	0.0198	0.6732	0.5863	0.0869	0.2939	0.1716	0.1223	0.0620	0.0550	0.0070	0.2319	0.1166	0.1153	71.2000	51.5799	8.9615	24.6285	25.3880	0.0000	1014.3403	1164.1495	51.2150	0.0034	0.0052	0.0008	0.0152	0.0158	0.0111	0.0002	0.0002	0.0002
11	25	0.3235	7	1	0	2	0	0	0	0	0	N	N	Y	N	N	N	N	N	N	N	N	N	527.9695	229.5420	1.0525	241.0322	194.4983	0.0000	964998.7702	inf	1.9521	0.8877	0.9886	0.0000	2.3068	2.4379	0.0000	0.0644	0.0741	0.0000	0.0017	0.0043	0.0000	0.0096	0.0125	0.0000	0.0000	0.0000	0.0000	0.0000	0.0001	-0.2159	-0.0001	39.9843	4.4994	13.6191	1.0731	0.7521	0.7521	0.0000	0.7175	0.7175	0.0000	0.0345	0.0345	0.0000	0.0001	0.0001	0.0000	0.0001	0.0001	0.0000	0.0000	0.0000	0.0000	0.8472	0.7608	0.0864	0.3110	0.2943	0.0167	0.5361	0.4664	0.0697	0.1440	0.0775	0.0665	0.0182	0.0152	0.0030	0.1258	0.0623	0.0635	1035.4801	620.4648	1.0525	340.4116	299.6736	0.0000	964998.7702	inf	1.9521	0.0009	0.0016	0.0000	0.0068	0.0081	0.0000	0.0000	0.0000	0.0000
11	26	0.2110	5	0	1	1	0	0	0	0	0	N	N	N	N	N	N	N	N	N	N	N	N	113.6703	27.0438	4265.2939	1.3768	1.0217	58.9700	786.6143	25051.8715	5018.8868	0.9682	0.5563	4.0032	0.0496	0.0462	0.0914	1.1974	0.6914	4.5780	0.0085	0.0206	0.0009	0.0361	0.0452	0.0016	0.0015	0.0000	0.0009	0.9767	0.1751	0.4177	-0.0009	39.9843	12.3098	13.6191	9.0087	2.0185	1.0211	0.9973	0.0207	0.0177	0.0029	1.9978	1.0034	0.9944	0.0019	0.0016	0.0003	0.0016	0.0016	0.0000	0.0003	0.0000	0.0003	2.0847	1.8356	0.2491	0.4163	0.3844	0.0319	1.6684	1.4512	0.2172	0.6417	0.3397	0.3020	0.0916	0.0791	0.0125	0.5501	0.2606	0.2895	326.6502	116.7517	4265.2939	2.7770	2.2574	58.9700	2494.1074	9191846.4420	5018.8868	0.0030	0.0048	0.0009	0.0179	0.0205	0.0016	0.0005	0.0000	0.0009
11	27	0.1879	4	0	1	1	0	0	0	0	0	N	N	N	N	N	N	N	N	N	N	N	N	0.2107	0.1689	0.2993	0.0108	0.0089	0.8514	0.3003	1992.2073	0.3103	0.4900	0.2861	1.9801	0.0636	0.0567	0.1470	0.5801	0.3375	2.2082	2.3256	1.6944	6.6149	5.8593	6.3490	0.1727	1.9318	0.0002	7.1157	0.9472	2.1552	0.4072	0.1595	39.9843	25.8727	13.6191	15.5187	2.0433	1.0493	0.9939	0.0462	0.0380	0.0082	1.9971	1.0113	0.9858	2.9149	0.9239	1.9911	0.9250	0.9239	0.0011	1.9899	0.0000	1.9899	4.1696	3.6676	0.5020	0.7270	0.6715	0.0556	3.4425	2.9961	0.4464	1.2534	0.6740	0.5794	0.1579	0.1455	0.0124	1.0956	0.5285	0.5671	0.2107	0.2087	0.5762	0.0108	0.0089	1.6185	0.3194	611956.2830	0.6293	2.3256	1.3707	3.4363	5.8593	6.3490	0.0908	1.8164	0.0000	3.5092
11	28	0.2402	6	1	1	1	0	0	0	0	0	N	N	N	N	N	N	N	N	N	N	N	N	181.3347	351.1584	75.8955	58.9230	81.9948	0.0220	209.6018	27507.2918	103.4344	0.9890	1.0830	0.2314	0.7466	0.7824	0.0005	1.0595	1.1790	0.2552	0.0055	0.0031	0.0030	0.0127	0.0095	0.0241	0.0051	0.0000	0.0025	0.0265	2.2025	-1.5169	0.0002	39.9843	38.1974	13.6191	14.3032	5.8056	5.6555	0.1501	0.9886	0.9886	0.0000	4.8169	4.6669	0.1501	0.0027	0.0008	0.0018	0.0012	0.0008	0.0004	0.0015	0.0000	0.0015	5.8704	5.2219	0.6485	1.3242	1.2636	0.0606	4.5463	3.9583	0.5880	1.2917	0.6819	0.6099	0.1413	0.1257	0.0156	1.1504	0.5562	0.5943	480.1326	888.8602	77.1351	88.3564	118.3831	0.0228	831.2526	10342492.0336	103.4344	0.0021	0.0012	0.0030	0.0085	0.0066	0.0232	0.0013	0.0000	0.0025
11	29	0.2179	6	0	1	1	0	0	0	0	0	N	N	N	N	N	N	N	N	N	N	N	N	137.4601	20.0338	17312.3080	11.0365	9.5819	3.9776	2600.9449	86129.7769	20064.9617	1.3539	0.5852	7.1170	0.4749	0.5133	0.0000	1.6858	0.6142	8.6173	0.0098	0.0292	0.0004	0.0430	0.0536	0.0000	0.0006	0.0000	0.0004	1.6225	0.0646	0.5358	-0.0009	39.9843	6.0056	13.6191	10.9350	1.6161	0.6163	0.9998	0.1553	0.1553	0.0000	1.4608	0.4609	0.9998	0.0017	0.0016	0.0001	0.0016	0.0016	0.0000	0.0001	0.0000	0.0001	1.1936	1.0531	0.1405	0.3271	0.3026	0.0245	0.8665	0.7505	0.1160	0.5089	0.2655	0.2435	0.0755	0.0648	0.0107	0.4334	0.2007	0.2328	417.5102	100.1919	17312.3080	23.1312	21.4516	3.9776	7308.9216	47397982.9600	20064.9617	0.0032	0.0058	0.0004	0.0205	0.0239	0.0000	0.0002	0.0000	0.0004
11	30	0.2780	6	1	1	1	0	0	0	0	0	N	N	N	N	N	N	N	N	N	N	N	N	0.4407	0.8288	0.7136	0.0025	0.0107	0.0007	0.6163	267.5296	0.9332	0.4116	0.2246	2.0924	0.0016	0.0013	0.0076	0.6697	0.3772	2.6479	0.9341	0.2710	2.9322	0.6608	0.1208	10.6972	1.0866	0.0014	2.8373	1.0364	21.1256	0.4464	0.0748	39.9843	17.1852	13.6191	7.8386	2.0125	0.9883	1.0242	0.0031	0.0023	0.0008	2.0094	0.9860	1.0234	0.2291	0.0104	0.2188	0.0322	0.0103	0.0218	0.1969	0.0000	0.1969	4.8894	4.3999	0.4895	1.8890	1.7860	0.1030	3.0004	2.6139	0.3865	1.0246	0.6291	0.3956	0.2656	0.2492	0.0164	0.7591	0.3799	0.3792	1.8408	13.6453	3.7839	0.0135	0.0311	0.0057	2.5813	17321.0627	5.0985	0.2236	0.0165	0.5530	0.1211	0.0415	1.3311	0.2594	0.0000	0.5193
11	31	0.3186	7	0	1	1	0	0	0	0	0	N	N	N	N	N	N	N	N	N	N	N	N	4.8110	2.3979	0.0986	3.2877	3.4373	0.0310	1.8226	0.1309	0.0629	0.0020	0.0022	0.0000	0.0061	0.0065	0.0001	0.0005	0.0006	0.0000	0.0004	0.0009	0.0001	0.0019	0.0019	0.0017	0.0003	0.0046	0.0000	0.0005	0.1567	-0.0008	-0.0001	39.9843	9.9927	13.6191	7.0404	0.0030	0.0030	0.0000	0.0024	0.0024	0.0000	0.0006	0.0006	0.0000	0.0001	0.0001	0.0000	0.0001	0.0001	0.0000	0.0000	0.0000	0.0000	1.5030	1.3352	0.1678	0.3888	0.3674	0.0214	1.1142	0.9678	0.1464	0.4247	0.2259	0.1987	0.0531	0.0475	0.0056	0.3716	0.1784	0.1932	6.0592	4.1953	0.0986	3.2877	3.4373	0.0310	4.9522	3.5942	0.0629	0.0003	0.0005	0.0001	0.0019	0.0019	0.0017	0.0001	0.0002	0.0000
11	32	0.3105	6	0	1	1	0	0	0	0	0	N	N	N	N	N	N	N	N	N	N	N	N	1124.5732	2341.5640	0.8385	38.9241	36.2024	inf	957.8199	461.1446	0.9230	1.5049	1.6808	0.0009	0.0513	0.0536	0.0000	2.0759	2.3824	0.0010	0.0013	0.0007	0.0010	0.0013	0.0015	0.0000	0.0022	0.0052	0.0011	0.0001	2.0562	-0.2862	0.0000	39.9843	3.8146	13.6191	0.9911	0.9970	0.9969	0.0001	0.0096	0.0096	0.0000	0.9874	0.9874	0.0001	0.0001	0.0000	0.0001	0.0000	0.0000	0.0000	0.0001	0.0000	0.0001	0.6625	0.5931	0.0694	0.1868	0.1787	0.0081	0.4757	0.4144	0.0612	0.1224	0.0646	0.0578	0.0144	0.0128	0.0016	0.1081	0.0518	0.0562	2078.3999	3744.4139	0.8385	38.9241	36.2024	inf	3217.1289	12240.7973	0.9230	0.0007	0.0004	0.0010	0.0013	0.0015	0.0000	0.0006	0.0002	0.0011
11	33	0.3105	6	0	1	1	0	0	0	0	0	N	N	N	N	N	N	N	N	N	N	N	N	0.1418	2262.2231	0.0011	633.6979	1635.8874	0.1881	0.0006	inf	0.0012	0.2147	0.2404	0.0070	0.8467	0.8950	0.0014	0.0010	0.0000	0.0077	1.5138	0.0001	6.0651	0.0013	0.0005	0.0076	1.7944	0.0000	6.3449	0.0036	24972.0011	-0.2184	0.3712	39.9843	24.4476	13.6191	5.0002	0.7702	0.7675	0.0028	0.7675	0.7675	0.0001	0.0027	0.0000	0.0027	0.9990	0.0000	0.9989	0.0001	0.0000	0.0001	0.9989	0.0000	0.9989	3.5881	3.1927	0.3954	0.9065	0.8575	0.0490	2.6815	2.3351	0.3464	0.7117	0.3764	0.3353	0.0823	0.0731	0.0092	0.6294	0.3033	0.3261	0.1529	2262.2231	0.0023	633.6979	1635.8874	0.1881	0.0006	inf	0.0025	1.4036	0.0001	2.9793	0.0013	0.0005	0.0076	1.5870	0.0000	3.0632
11	34	0.3586	6	0	1	2	1	0	0	0	0	N	N	Y	N	N	N	N	N	N	N	N	N	705.3205	342.8161	0.8706	2456.0865	2394.7584	6.9977	0.3346	1.1212	0.8866	0.9521	0.0000	1.4514	1.4928	0.0000	0.0173	0.0200	0.0000	0.0013	0.0028	0.0000	0.0006	0.0006	0.0000	0.0025	0.0596	0.0000	0.0000	0.0199	-0.0941	-0.0000	39.9843	1.3124	13.6191	1.0060	0.3277	0.3277	0.0000	0.3252	0.3252	0.0000	0.0025	0.0025	0.0000	0.0001	0.0000	0.0000	0.0000	0.0000	0.0000	0.0000	0.0000	0.0000	0.3696	0.3442	0.0254	0.2241	0.2178	0.0062	0.1456	0.1264	0.0192	0.0741	0.0435	0.0306	0.0158	0.0150	0.0008	0.0583	0.0285	0.0298	1305.4830	838.6238	0.8706	2456.0865	2394.7584	0.0000	24.6461	14.1996	1.1212	0.0007	0.0011	0.0000	0.0006	0.0006	0.0000	0.0007	0.0014	0.0000	
11	35	0.2272	5	0	0	1	1	0	0	0	0	N	N	N	N	N	N	N	N	N	N	N	N	0.5745	0.4583	530.6167	8.7583	8.0473	10.8640	0.4761	0.3038	778.0403	0.6140	0.6872	0.0326	0.6802	0.7213	0.0068	0.5966	0.6775	0.0356	1.0687	1.4995	0.0001	0.0777	0.0896	0.0006	1.2532	2.2303	0.0000	0.0060	0.0001	-1.4461	-0.5240	39.9843	53.2438	13.6191	16.6757	5.1423	5.1118	0.0305	1.1856	1.1849	0.0007	3.9567	3.9269	0.0298	0.8340	0.8339	0.0001	0.0074	0.0074	0.0000	0.8266	0.8266	0.0000	8.3748	7.4390	0.9357	1.7430	1.6427	0.1003	6.6318	5.7964	0.8355	1.8963	0.9962	0.9001	0.2405	0.2164	0.0241	1.6559	0.7798	0.8760	1.3962	0.8209	530.6167	22.1185	21.1490	10.8640	1.1952	0.6392	778.0403	0.4398	0.8371	0.0001	0.0308	0.0341	0.0006	0.4992	1.0599	0.0000
11	36	0.1864	5	0	1	1	0	0	0	0	0	N	N	N	N	N	N	N	N	N	N	N	N	3.0352	0.8690	390.2415	0.0028	0.0031	0.0000	66.0830	619.7209	602.4092	0.6887	0.3917	2.8585	0.0019	0.0020	0.0000	0.8109	0.4658	3.1328	0.2269	0.4507	0.0073	0.6568	0.6534	0.0241	0.0123	0.0008	0.0052	0.9988	0.1659	0.4253	-0.0075	39.9843	17.9460	13.6191	11.6991	2.0007	1.0010	0.9997	0.0008	0.0008	0.0000	1.9999	1.0002	0.9997	0.0155	0.0133	0.0022	0.0134	0.0133	0.0001	0.0021	0.0000	0.0021	2.9051	2.5554	0.3497	0.4390	0.4084	0.0306	2.4661	2.1470	0.3191	0.9236	0.4830	0.4406	0.1117	0.1053	0.0064	0.8119	0.3777	0.4342	41.1113	14.2564	572.1455	0.0155	0.0159	0.0000	320.5091	85731.8654	662.8605	0.0168	0.0275	0.0050	0.1201	0.1260	0.0232	0.0025	0.0000	0.0047
11	37	0.6419	10	1	1	1	0	0	0	0	0	N	N	N	N	N	N	N	N	N	N	N	N	1702.6297	1183.4700	158.9367	147.8472	inf	inf	0.0014	0.0015	0.0000	0.0004	0.0004	0.0000	0.0019	0.0022	0.0000	0.0000	0.0000	0.0000	0.0000	0.0000	0.0000	0.0000	0.0000	0.0000	0.0000	0.0000	-0.0001	-0.0000	39.9843	1.9903	13.6191	0.0021	0.0004	0.0004	0.0000	0.0000	0.0000	0.0000	0.0004	0.0004	0.0000	0.0000	0.0000	0.0000	0.0000	0.0000	0.0000	0.0000	0.0000	0.0000	0.3003	0.2689	0.0314	0.1104	0.1043	0.0061	0.1899	0.1647	0.0252	0.0415	0.0258	0.0157	0.0145	0.0127	0.0018	0.0271	0.0131	0.0139	1702.6297	1183.4700	0.0000	158.9367	147.8472	0.0000	inf	inf	0.0000	0.0000	0.0000	0.0000	0.0000	0.0000	0.0000	0.0000	0.0000	0.0000			
11	38	0.2272	5	0	1	1	1	0	0	0	0	N	N	N	N	N	N	N	N	N	N	N	N	21.0384	3.6055	2456.2397	0.8155	0.1279	20.6925	40.1383	1.9183	11366.8131	1.2133	0.9300	3.4666	0.0683	0.0098	1.0276	1.5333	1.2076	3.7759	0.0577	0.2579	0.0014	0.0838	0.0764	0.0497	0.0382	0.6295	0.0003	0.4687	0.0794	0.2896	-0.0087	39.9843	45.5232	13.6191	15.8903	9.0591	6.1682	2.8908	0.1115	0.0150	0.0964	8.9476	6.1532	2.7944	0.0156	0.0145	0.0012	0.0075	0.0066	0.0009	0.0082	0.0079	0.0003	7.4664	6.6325	0.8339	1.6308	1.5370	0.0938	5.8356	5.0956	0.7400	1.7235	0.9086	0.8149	0.2315	0.2084	0.0231	1.4920	0.7002	0.7918	133.6948	58.3131	2456.2397	2.1156	0.3089	26.7704	280.2966	107.0511	11366.8131	0.0091	0.0159	0.0014	0.0323	0.0316	0.0384	0.0055	0.0113	0.0003
11	39	0.2001	4	0	0	1	1	0	0	0	0	N	N	N	N	N	N	N	N	N	N	N	N	0.5383	0.3905	30.1893	0.2086	0.1942	2.9604	0.5700	0.3153	46.3732	0.5396	0.5480	0.4775	0.1099	0.1021	0.2050	0.6573	0.6780	0.5206	1.0023	1.4031	0.0158	0.5269	0.5257	0.0693	1.1531	2.1504	0.0112	0.1182	0.0126	-0.2434	-0.1195	39.9843	13.8166	13.6191	4.5847	1.3419	1.2000	0.1419	0.0588	0.0505	0.0083	1.2831	1.1495	0.1336	0.1940	0.1915	0.0024	0.0074	0.0072	0.0002	0.1866	0.1843	0.0023	2.4870	2.1899	0.2971	0.5349	0.4944	0.0406	1.9520	1.6955	0.2565	0.6077	0.3238	0.2840	0.0750	0.0716	0.0034	0.5328	0.2522	0.2806	1.6906	0.9263	56.0391	1.1176	1.0144	4.1404	1.8768	0.9275	64.8760	0.3192	0.5916	0.0085	0.0984	0.1007	0.0495	0.3502	0.7309	0.0080
11	40	0.3620	8	0	0	2	0	0	0	0	0	N	N	Y	N	N	N	N	N	N	N	N	N	0.0057	8.5858	0.0019	3.5843	11.8692	0.0023	0.0004	18.1775	0.0025	0.0018	0.0020	0.0004	0.0073	0.0076	0.0001	0.0002	0.0001	0.0004	0.3252	0.0002	0.1940	0.0020	0.0006	0.0239	0.4395	0.0000	0.1594	0.0235	175.2010	-0.0011	0.0051	39.9843	12.6411	13.6191	7.4648	0.0040	0.0039	0.0001	0.0037	0.0037	0.0000	0.0003	0.0002	0.0001	0.0141	0.0001	0.0140	0.0003	0.0001	0.0002	0.0138	0.0000	0.0138	2.1589	1.9148	0.2441	0.5073	0.4851	0.0222	1.6516	1.4297	0.2220	0.6509	0.3773	0.2736	0.1328	0.1247	0.0082	0.5181	0.2526	0.2654	0.0853	9.5989	0.0073	3.5843	11.8692	0.0024	0.0066	8901.2147	0.0078	0.0216	0.0002	0.0511	0.0020	0.0006	0.0232	0.0266	0.0000	0.0520
11	41	0.6294	8	0	1	1	0	0	0	0	0	N	N	N	N	N	N	N	N	N	N	N	N	166.6076	243.9861	0.0060	611.2486	572.9182	0.0049	0.0295	0.9863	0.0069	0.5344	0.5951	0.0000	1.3383	1.4245	0.0000	0.0001	0.0001	0.0000	0.0032	0.0024	0.0018	0.0022	0.0025	0.0004	0.0041	0.0001	0.0020	0.0000	1.2796	-0.5382	-0.0001	39.9843	22.0894	13.6191	9.3639	1.8744	1.8744	0.0000	1.8741	1.8741	0.0000	0.0003	0.0002	0.0000	0.0009	0.0004	0.0005	0.0004	0.0004	0.0000	0.0005	0.0000	0.0005	3.5075	3.1496	0.3579	1.4004	1.3156	0.0848	2.1071	1.8339	0.2732	0.6671	0.3870	0.2801	0.1852	0.1590	0.0262	0.4820	0.2281	0.2539	395.6030	582.6460	0.0060	611.2486	572.9182	0.0049	0.1167	302.9008	0.0069	0.0014	0.0010	0.0018	0.0022	0.0025	0.0004	0.0010	0.0000	0.0020
11	42	0.2001	4	0	1	1	0	0	0	0	0	N	N	N	N	N	N	N	N	N	N	N	N	277.8636	3306.5928	435.6044	338.6445	497.8498	0.0351	189.2773	480.9902	488.1762	1.0803	1.0505	1.3026	0.6422	0.6856	0.0003	1.1572	1.1193	1.4161	0.0039	0.0003	0.0030	0.0019	0.0014	0.0093	0.0061	0.0023	0.0029	0.1660	10.6618	-1.0161	0.0007	39.9843	43.3975	13.6191	17.3745	7.0201	6.0205	0.9996	0.6230	0.6230	0.0000	6.3970	5.3975	0.9996	0.0026	0.0002	0.0024	0.0003	0.0002	0.0001	0.0023	0.0000	0.0023	6.4982	5.7308	0.7674	0.9702	0.9087	0.0615	5.5280	4.8221	0.7059	1.6593	0.8595	0.7998	0.1382	0.1291	0.0091	1.5211	0.7304	0.7907	689.1697	4048.2012	438.1380	338.6445	497.8498	0.0351	752.5629	18056.7205	488.1762	0.0016	0.0003	0.0030	0.0019	0.0014	0.0093	0.0015	0.0001	0.0029
11	43	0.5596	7	1	0	2	0	0	0	0	0	N	N	Y	N	N	N	N	N	N	N	N	N	7379.8414	10031.4658	44.4647	6138.5791	7783.7448	0.2307	2315.3190	1527.8474	81.9945	0.8410	0.9392	0.0063	1.5001	1.6158	0.0001	0.3825	0.4377	0.0088	0.0001	0.0001	0.0001	0.0002	0.0002	0.0005	0.0002	0.0003	0.0001	0.0008	1.0775	-0.7127	-0.0000	39.9843	18.2331	13.6191	4.4208	2.4888	2.4869	0.0020	1.8213	1.8213	0.0000	0.6676	0.6656	0.0020	0.0001	0.0000	0.0000	0.0000	0.0000	0.0000	0.0000	0.0000	0.0000	2.9594	2.6478	0.3116	1.2141	1.1272	0.0869	1.7453	1.5206	0.2247	0.4929	0.2888	0.2041	0.1481	0.1294	0.0187	0.3448	0.1593	0.1854	7379.8414	10031.4658	44.4647	6138.5791	7783.7448	0.2307	6603.6560	417358.4394	81.9945	0.0001	0.0001	0.0001	0.0002	0.0002	0.0005	0.0001	0.0000	0.0001
11	44	0.6194	7	0	1	1	1	0	0	0	0	N	N	N	N	N	N	N	N	N	N	N	N	0.5704	0.4040	3285.1651	0.1875	0.1885	25.2011	2864.0484	895.8761	6279.8562	0.6426	0.6173	0.8672	0.5520	0.5862	0.0267	0.6959	0.6369	1.1099	1.1266	1.5280	0.0003	2.9442	3.1096	0.0011	0.0002	0.0007	0.0002	0.1583	0.0002	-0.8811	-0.6269	39.9843	62.5878	13.6191	29.9840	5.8544	5.0545	0.7999	1.8641	1.8586	0.0055	3.9903	3.1959	0.7944	0.9981	0.9979	0.0002	0.9980	0.9979	0.0001	0.0001	0.0000	0.0001	9.1106	8.1882	0.9224	3.3769	3.1703	0.2066	5.7337	5.0179	0.7158	1.8169	1.0718	0.7450	0.5203	0.4467	0.0736	1.2966	0.6252	0.6714	1.1697	0.6630	3285.1651	0.2878	0.2624	25.2011	7415.0822	131503.9199	6279.8562	0.5493	0.9310	0.0003	1.9182	2.2341	0.0011	0.0001	0.0000	0.0002
11	45	0.5596	7	1	0	2	0	0	0	0	0	N	N	Y	N	N	N	N	N	N	N	N	N	7619.5037	33954.5089	5525.0394	1900.4597	2604.7353	2818.7489	6155.5451	4339.7744	2412.8726	0.9349	0.8702	1.4841	0.4119	0.1139	4.1162	1.3187	1.4594	0.3619	0.0001	0.0000	0.0003	0.0002	0.0000	0.0015	0.0002	0.0003	0.0001	0.2010	9.0890	-0.2587	0.0000	39.9843	13.5293	13.6191	3.1702	2.1599	1.7985	0.3614	0.4028	0.1031	0.2996	1.7571	1.6953	0.0618	0.0000	0.0000	0.0000	0.0000	0.0000	0.0000	0.0000	0.0000	0.0000	2.3102	2.0667	0.2435	0.9778	0.9050	0.0728	1.3324	1.1617	0.1707	0.3746	0.2205	0.1542	0.1143	0.1003	0.0140	0.2603	0.1201	0.1402	7619.5037	42108.0215	5525.0394	1900.4597	2604.7353	2818.7489	16198.1575	1050424.8534	2412.8726	0.0001	0.0000	0.0003	0.0002	0.0000	0.0015	0.0001	0.0000	0.0001
11	46	0.5551	6	1	0	2	0	0	0	0	0	N	N	Y	N	N	N	N	N	N	N	N	N	455.2326	933.6538	1388.5796	943.8265	1154.8285	599.5276	245.8986	629.8036	1235.5195	1.2701	1.0677	3.0847	1.6038	1.3596	4.3570	0.9409	0.7677	2.2248	0.0028	0.0011	0.0022	0.0017	0.0012	0.0073	0.0038	0.0012	0.0018	0.3221	2.2692	-0.0588	0.0000	39.9843	4.1147	13.6191	1.2946	1.3506	1.0216	0.3290	0.8468	0.6594	0.1874	0.5038	0.3622	0.1416	0.0002	0.0001	0.0001	0.0001	0.0001	0.0000	0.0001	0.0000	0.0001	1.0634	0.9568	0.1067	0.5280	0.4850	0.0430	0.5354	0.4718	0.0636	0.1589	0.0975	0.0614	0.0552	0.0505	0.0047	0.1037	0.0470	0.0567	1026.2859	1730.0036	1388.5796	943.8265	1154.8285	599.5276	948.6673	48285.6050	1235.5195	0.0012	0.0006	0.0022	0.0017	0.0012	0.0073	0.0010	0.0000	0.0018
11	47	0.4925	5	1	0	1	0	0	0	0	0	N	N	N	N	N	N	N	N	N	N	N	N	2.3532	4.2993	5.7387	1.9335	3.6434	0.4307	2.8677	278.0864	10.0253	1.2946	1.0132	3.6898	0.2418	0.2450	0.1888	1.8443	1.4473	4.5069	0.5502	0.2357	0.6430	0.1250	0.0673	0.4385	0.6431	0.0052	0.4496	0.4280	4.0943	0.0611	0.0098	39.9843	22.0103	13.6191	13.6452	4.8639	3.4062	1.4577	0.3116	0.2975	0.0141	4.5523	3.1088	1.4436	0.0556	0.0109	0.0447	0.0169	0.0109	0.0060	0.0387	0.0001	0.0387	3.7570	3.3619	0.3951	1.2887	1.2140	0.0748	2.4683	2.1480	0.3203	1.1880	0.7339	0.4540	0.4143	0.3789	0.0354	0.7736	0.3550	0.4186	27.6449	68.0916	37.4673	5.9315	8.5563	1.1076	36.8270	7390.6306	48.7809	0.0468	0.0149	0.0985	0.0408	0.0286	0.1705	0.0501	0.0002	0.0924
11	48	0.3620	8	0	1	1	0	0	0	0	0	N	N	N	N	N	N	N	N	N	N	N	N	2.5561	6669.5185	0.0014	1098.1414	4578.8718	0.0021	1.2371	24009.0726	0.0019	0.9374	1.0568	0.0004	1.9822	2.0727	0.0001	0.6159	0.7115	0.0004	0.3667	0.0002	0.2698	0.0018	0.0005	0.0264	0.4979	0.0000	0.2178	0.0000	267.1838	-0.5776	0.0052	39.9843	12.3962	13.6191	3.7178	2.0119	2.0118	0.0001	1.0009	1.0009	0.0000	1.0110	1.0109	0.0001	0.0140	0.0001	0.0140	0.0002	0.0001	0.0002	0.0138	0.0000	0.0138	2.1464	1.9037	0.2427	0.5049	0.4829	0.0220	1.6414	1.4208	0.2206	0.5595	0.3297	0.2298	0.1221	0.1154	0.0068	0.4373	0.2143	0.2230	37.4292	6669.5185	0.0062	1098.1414	4578.8718	0.0022	19.5331	9024071.7026	0.0066	0.0250	0.0002	0.0608	0.0018	0.0005	0.0249	0.0315	0.0000	0.0618
11	49	0.3331	7	0	0	1	0	0	0	0	0	N	N	N	N	N	N	N	N	N	N	N	N	0.2526	55.8687	0.0522	1.2716	1.3395	1.9566	0.2916	32.2177	0.0620	0.3682	0.3736	0.3251	0.0095	0.0078	0.0312	0.5467	0.5684	0.4030	1.4577	0.0067	6.2341	0.0074	0.0058	0.0159	1.8750	0.0176	6.4959	0.1085	1027.0668	-0.2115	0.3587	39.9843	14.4870	13.6191	5.8627	1.1178	1.0084	0.1094	0.0095	0.0073	0.0022	1.1083	1.0011	0.1072	0.9676	0.0009	0.9667	0.0010	0.0008	0.0002	0.9667	0.0002	0.9665	3.0357	2.6991	0.3366	1.0084	0.9380	0.0705	2.0272	1.7611	0.2661	0.7463	0.4294	0.3169	0.1754	0.1629	0.0125	0.5709	0.2665	0.3043	0.2840	170.4520	0.1066	1.7035	1.6463	1.9566	0.3229	905.6679	0.1269	1.2966	0.0022	3.0508	0.0055	0.0048	0.0159	1.6933	0.0006	3.1757
11	50	0.3293	8	1	1	2	0	0	0	0	0	N	N	Y	N	N	N	N	N	N	N	N	N	8001.1886	64.5939	inf	inf	inf	inf	9550.4811	0.1225	inf	0.0242	0.0004	0.2097	0.0013	0.0011	0.0047	0.0322	0.0001	0.2372	0.0000	0.0000	0.0000	0.0000	0.0000	0.0000	0.0000	0.0008	0.0000	73.4492	0.0000	0.0026	-0.0000	39.9843	0.9856	13.6191	2.8295	0.0037	0.0000	0.0037	0.0000	0.0000	0.0000	0.0037	0.0000	0.0037	0.0000	0.0000	0.0000	0.0000	0.0000	0.0000	0.0000	0.0000	0.0000	0.1537	0.1362	0.0175	0.0398	0.0377	0.0021	0.1140	0.0986	0.0154	0.0953	0.0508	0.0446	0.0098	0.0085	0.0013	0.0855	0.0423	0.0432	8001.1886	64.5939	inf	inf	inf	inf	9550.4811	14.8732	inf	0.0000	0.0000	0.0000	0.0000	0.0000	0.0000	0.0000	0.0000	0.0000
11	51	0.5993	8	1	1	1	0	0	0	0	0	N	N	N	N	N	N	N	N	N	N	N	N	162.7921	64.7551	3326.3788	98.1199	95.3184	0.0000	1034.7041	3178.3650	6512.4742	1.2364	0.9219	3.9589	1.0311	1.0951	0.0000	1.3757	0.7942	5.1282	0.0076	0.0142	0.0012	0.0105	0.0115	0.0054	0.0013	0.0002	0.0008	0.4961	0.2088	0.1340	-0.0007	39.9843	13.3057	13.6191	8.6321	3.0122	2.0133	0.9989	1.0151	1.0151	0.0000	1.9971	0.9983	0.9989	0.0015	0.0013	0.0003	0.0014	0.0013	0.0001	0.0002	0.0000	0.0002	2.4362	2.1839	0.2523	0.9845	0.9270	0.0575	1.4517	1.2570	0.1948	0.5541	0.3336	0.2205	0.1857	0.1666	0.0192	0.3683	0.1670	0.2013	451.0012	244.7439	3326.3788	140.7744	145.1658	0.0000	3193.8356	918069.4562	6512.4742	0.0027	0.0038	0.0012	0.0073	0.0075	0.0054	0.0004	0.0000	0.0008
11	52	0.4640	10	0	1	1	1	0	0	0	0	N	N	N	N	N	N	N	N	N	N	N	N	1.8299	0.9794	0.6321	0.0067	0.0067	0.0000	712051.1904	2370.7572	526.0736	0.3795	0.4247	0.0003	0.0021	0.0022	0.0000	0.5670	0.6521	0.0003	0.2074	0.4337	0.0004	0.3044	0.3260	0.0074	0.0000	0.0003	0.0000	0.0001	0.0108	-0.0387	-0.0005	39.9843	2.1073	13.6191	0.0711	0.1349	0.1349	0.0000	0.0002	0.0002	0.0000	0.1346	0.1346	0.0000	0.0009	0.0009	0.0000	0.0009	0.0009	0.0000	0.0000	0.0000	0.0000	0.3554	0.3175	0.0379	0.1179	0.1111	0.0068	0.2374	0.2064	0.0310	0.0552	0.0329	0.0223	0.0135	0.0122	0.0013	0.0417	0.0206	0.0211	23.9079	16.1090	0.6321	0.0316	0.0308	0.0000	712051.1904	662872.3492	526.0736	0.0159	0.0264	0.0004	0.0649	0.0708	0.0074	0.0000	0.0000	0.0000
11	53	0.4017	9	0	0	1	1	0	0	0	0	N	N	N	N	N	N	N	N	N	N	N	N	1.2837	0.6922	38742.5632	0.3385	0.3099	0.1902	8553.8083	285.0315	1443092.1234	2.0855	1.9891	2.8989	3.6847	3.9309	0.0003	1.3084	0.9758	3.5938	1.6246	2.8738	0.0001	10.8845	12.6847	0.0016	0.0002	0.0034	0.0000	0.1728	0.0000	-0.9487	-0.6053	39.9843	21.8329	13.6191	8.0592	6.7848	5.7853	0.9995	3.9203	3.9203	0.0000	2.8645	1.8650	0.9995	0.9634	0.9634	0.0000	0.9634	0.9634	0.0000	0.0000	0.0000	0.0000	3.2533	2.9085	0.3448	1.0640	0.9973	0.0667	2.1893	1.9112	0.2781	0.6087	0.3352	0.2735	0.0885	0.0759	0.0126	0.5202	0.2593	0.2609	1.3177	0.6922	38742.5632	0.3385	0.3099	0.1902	24390.3380	9282.9819	1443092.1234	1.5827	2.8738	0.0001	10.8845	12.6847	0.0016	0.0001	0.0001	0.0000
11	54	0.7118	10	0	1	1	1	0	0	0	0	N	N	N	N	N	N	N	N	N	N	N	N	0.0000	0.0000	0.0000	0.0000	0.0000	0.0000	0.0000	0.0000	0.0000	0.0000	0.0000	0.0000	0.0000	0.0000	0.0000	0.0000	0.0000	0.0000	0.0000	0.0000	39.9843	0.0000	13.6191	0.0000	0.0000	0.0000	0.0000	0.0000	0.0000	0.0000	0.0000	0.0000	0.0000	0.0000	0.0000	0.0000	0.0000	0.0000	0.0000	0.0000	0.0000	0.0000	0.0000	0.0000	0.0000	0.0000	0.0000	0.0000	0.0000	0.0000	0.0000	0.0000	0.0000	0.0000	0.0000	0.0000	0.0000	0.0000	0.0000	0.0000	0.0000	0.0000	0.0000	0.0000	0.0000	0.0000	0.0000	0.0000	0.0000	0.0000	0.0000	0.0000	0.0000	0.0000	0.0000	0.0000	0.0000	0.0000											
11	55	0.4017	9	0	0	1	1	0	0	0	0	N	N	N	N	N	N	N	N	N	N	N	N	0.3433	0.2772	0.0000	0.3959	0.5382	0.0000	0.4855	0.2916	0.0000	0.3105	0.3445	0.0000	0.0016	0.0017	0.0000	0.5300	0.6064	0.0000	0.9044	1.2425	0.0006	0.0041	0.0032	0.0107	1.0916	2.0794	0.0000	0.0000	0.0012	-0.0241	-0.0053	39.9843	1.2825	13.6191	0.1503	0.0840	0.0840	0.0000	0.0002	0.0002	0.0000	0.0839	0.0839	0.0000	0.0084	0.0084	0.0000	0.0000	0.0000	0.0000	0.0084	0.0084	0.0000	0.2707	0.2440	0.0267	0.1125	0.1057	0.0068	0.1582	0.1383	0.0199	0.0426	0.0263	0.0162	0.0109	0.0100	0.0009	0.0317	0.0163	0.0153	1.5719	1.0807	0.0000	0.4320	0.5495	0.0000	2.0079	1.1849	0.0000	0.1975	0.3187	0.0006	0.0037	0.0031	0.0107	0.2639	0.5118	0.0000
11	56	0.3607	8	0	0	1	1	0	0	0	0	N	N	N	N	N	N	N	N	N	N	N	N	0.1424	0.1130	0.3591	0.2914	0.2900	0.0231	0.1196	0.0536	1.0183	0.0647	0.0731	0.0003	0.0852	0.0936	0.0002	0.0502	0.0579	0.0003	0.4543	0.6474	0.0007	0.2923	0.3227	0.0081	0.4196	1.0814	0.0003	0.0005	0.0087	-0.0577	-0.0129	39.9843	14.8542	13.6191	6.8183	0.2013	0.2012	0.0001	0.1099	0.1099	0.0000	0.0914	0.0913	0.0001	0.0208	0.0207	0.0002	0.0088	0.0087	0.0001	0.0120	0.0120	0.0001	3.1118	2.7515	0.3603	1.2906	1.1747	0.1159	1.8212	1.5768	0.2444	0.6175	0.3634	0.2541	0.1388	0.1249	0.0139	0.4786	0.2385	0.2401	1.9160	1.2859	0.3591	1.3435	1.3448	0.0231	1.9936	1.1532	1.0183	0.0338	0.0569	0.0007	0.0634	0.0696	0.0081	0.0252	0.0502	0.0003
11	57	0.2857	7	0	0	1	1	0	0	0	0	N	N	N	N	N	N	N	N	N	N	N	N	0.8325	0.6223	414.8350	12.6492	10.1488	132.8717	0.7996	0.5003	192.1867	1.0224	1.0810	0.5596	0.7513	0.6534	2.0216	1.1438	1.2857	0.2013	1.2281	1.7371	0.0013	0.0594	0.0644	0.0152	1.4306	2.5699	0.0010	0.0656	0.0007	-1.4506	-0.5955	39.9843	33.5853	13.6191	9.3450	6.4303	6.0345	0.3958	1.4620	1.1805	0.2815	4.9683	4.8540	0.1143	0.9488	0.9481	0.0007	0.0040	0.0039	0.0002	0.9448	0.9442	0.0005	6.2894	5.5822	0.7073	1.9459	1.8067	0.1392	4.3435	3.7755	0.5680	1.1449	0.6202	0.5248	0.1521	0.1409	0.0112	0.9929	0.4793	0.5136	1.2338	0.7071	414.8350	28.3199	23.8230	132.8717	1.2021	0.6526	192.1867	0.8287	1.5288	0.0013	0.0265	0.0274	0.0152	0.9515	1.9701	0.0010
11	58	0.2650	6	0	0	1	0	0	0	0	0	N	N	N	N	N	N	N	N	N	N	N	N	0.9795	0.6254	48.3212	13.4952	10.7053	98.1620	0.7062	0.3029	38.5370	0.4867	0.4326	0.9125	0.6855	0.5405	3.0418	0.4102	0.3875	0.5571	0.4969	0.6917	0.0189	0.0508	0.0505	0.0310	0.5808	1.2794	0.0145	0.2676	0.1393	-0.1158	-0.0111	39.9843	15.2419	13.6191	2.5705	1.5229	1.2014	0.3215	0.5960	0.4427	0.1533	0.9269	0.7587	0.1682	0.0219	0.0192	0.0027	0.0020	0.0019	0.0001	0.0200	0.0174	0.0026	3.1293	2.7769	0.3524	0.8695	0.8191	0.0504	2.2598	1.9578	0.3019	0.5717	0.3020	0.2697	0.0854	0.0819	0.0035	0.4863	0.2201	0.2661	12.6871	6.7876	91.8056	29.6403	23.5470	112.1237	9.9959	4.9113	57.3680	0.0384	0.0637	0.0099	0.0231	0.0230	0.0271	0.0410	0.0789	0.0097
11	59	0.7118	10	0	0	1	1	0	0	0	0	N	N	N	N	N	N	N	N	N	N	N	N	inf	inf	inf	inf	inf	inf	0.8814	0.9926	0.0000	0.0004	0.0004	0.0000	1.6017	1.8930	0.0000	0.0000	0.0000	0.0000	0.0000	0.0000	0.0000	0.0000	0.0000	0.0000	0.0000	-0.0000	0.0000	39.9843	0.0000	13.6191	0.0000	0.0000	0.0000	0.0000	0.0000	0.0000	0.0000	0.0000	0.0000	0.0000	0.0000	0.0000	0.0000	0.0000	0.0000	0.0000	0.0000	0.0000	0.0000	0.0000	0.0000	0.0000	0.0000	0.0000	0.0000	0.0000	0.0000	0.0000	0.0000	0.0000	0.0000	0.0000	0.0000	0.0000	0.0000	0.0000	0.0000	inf	inf	0.0000	inf	inf	0.0000	inf	inf	0.0000	0.0000	0.0000	0.0000	0.0000	0.0000	0.0000	0.0000	0.0000	0.0000				
11	60	0.6343	9	0	0	1	1	0	0	0	0	N	N	N	N	N	N	N	N	N	N	N	N	506.9962	296.5276	10.7306	56.5892	54.5042	11.3020	6981.9293	7242.6171	0.0223	0.7890	0.8773	0.0029	0.1424	0.1493	0.0157	1.1497	1.3191	0.0000	0.0016	0.0030	0.0003	0.0025	0.0027	0.0014	0.0002	0.0002	0.0001	0.0004	0.1581	-0.6045	-0.0002	39.9843	19.3360	13.6191	7.9957	2.1078	2.1071	0.0008	0.1362	0.1355	0.0008	1.9716	1.9716	0.0000	0.0005	0.0004	0.0001	0.0004	0.0004	0.0000	0.0000	0.0000	0.0000	2.6716	2.4018	0.2697	0.9567	0.9072	0.0495	1.7149	1.4946	0.2203	0.5817	0.3438	0.2379	0.1771	0.1478	0.0293	0.4047	0.1961	0.2086	978.8230	744.9594	10.7306	56.5892	54.5042	11.3020	19921.6291	2218316.0139	0.0223	0.0008	0.0012	0.0003	0.0025	0.0027	0.0014	0.0001	0.0000	0.0001
11	61	0.3243	7	0	1	2	0	0	0	0	0	N	N	Y	N	N	N	N	N	N	N	N	N	651.0954	329.5794	0.0047	228.4418	228.7331	0.0021	3299.5383	15663.8433	0.0007	0.9212	1.0360	0.0000	1.6506	1.7439	0.0000	0.6350	0.7327	0.0000	0.0014	0.0031	0.0002	0.0072	0.0076	0.0034	0.0002	0.0000	0.0001	0.0000	0.1586	-0.5733	-0.0002	39.9843	14.2360	13.6191	11.9336	1.9966	1.9966	0.0000	1.0080	1.0080	0.0000	0.9886	0.9886	0.0000	0.0005	0.0004	0.0001	0.0005	0.0004	0.0000	0.0000	0.0000	0.0000	2.1674	1.9273	0.2401	0.6107	0.5780	0.0327	1.5568	1.3493	0.2075	0.6405	0.3415	0.2990	0.0829	0.0746	0.0083	0.5576	0.2669	0.2907	1206.8484	838.5230	0.0047	304.0775	308.4753	0.0021	9145.3198	5855279.0575	0.0007	0.0008	0.0012	0.0002	0.0054	0.0057	0.0034	0.0001	0.0000	0.0001
11	62	0.2521	7	1	0	2	0	0	0	0	0	N	N	Y	N	N	N	N	N	N	N	N	N	25.5541	117.2931	0.1597	1.0185	7.3271	0.0186	91.7388	14853.2202	0.3098	0.2581	0.2911	0.0015	0.0481	0.0503	0.0092	0.3205	0.3690	0.0005	0.0101	0.0025	0.0093	0.0472	0.0069	0.4972	0.0035	0.0000	0.0018	0.0007	4.9620	-0.3067	0.0007	39.9843	28.8660	13.6191	13.2209	1.0707	1.0700	0.0007	0.0457	0.0452	0.0005	1.0250	1.0247	0.0002	0.0035	0.0006	0.0029	0.0026	0.0006	0.0021	0.0008	0.0000	0.0008	4.1481	3.6760	0.4722	0.9501	0.8992	0.0508	3.1981	2.7767	0.4213	1.0505	0.5624	0.4881	0.1212	0.1104	0.0108	0.9293	0.4520	0.4774	77.8565	280.2294	0.2499	2.2086	9.5072	0.0485	353.1599	5522922.0229	0.3098	0.0033	0.0010	0.0059	0.0218	0.0053	0.1907	0.0009	0.0000	0.0018
11	63	0.2494	6	1	1	1	0	0	0	0	0	N	N	N	N	N	N	N	N	N	N	N	N	1.2742	0.0088	2.5951	0.0827	0.0329	0.4956	1.2586	0.0011	2.6891	2.5345	0.0000	20.7086	0.0005	0.0002	0.0046	3.0102	0.0000	22.8017	1.9891	0.0035	7.9798	0.0060	0.0055	0.0093	2.3916	0.0001	8.4794	94768.8310	2726.2649	1.4216	0.3215	39.9843	5.0237	13.6191	8.0282	1.9942	0.0000	1.9942	0.0001	0.0000	0.0000	1.9941	0.0000	1.9941	0.8658	0.0003	0.8655	0.0004	0.0003	0.0000	0.8655	0.0000	0.8655	0.7868	0.6905	0.0963	0.1244	0.1155	0.0088	0.6625	0.5750	0.0875	0.4353	0.2339	0.2014	0.0734	0.0693	0.0041	0.3619	0.1646	0.1973	1.2742	0.0224	4.8189	0.1027	0.0396	0.4956	1.2586	0.3274	5.1977	1.9891	0.0014	4.2973	0.0048	0.0046	0.0093	2.3916	0.0000	4.3869
11	64	0.1864	5	1	1	1	0	0	0	0	0	N	N	N	N	N	N	N	N	N	N	N	N	0.0031	0.0009	0.0099	0.0034	0.0027	0.6056	0.0026	0.0673	0.0107	0.0026	0.0005	0.0173	0.0035	0.0028	0.0124	0.0024	0.0001	0.0178	0.8305	0.5723	1.7441	1.0320	1.0511	0.0205	0.9233	0.0015	1.6667	4.3926	4.8533	0.0038	0.0297	39.9843	17.5893	13.6191	19.0270	0.0073	0.0014	0.0059	0.0015	0.0011	0.0004	0.0058	0.0002	0.0056	0.1480	0.0253	0.1227	0.0254	0.0253	0.0002	0.1226	0.0000	0.1226	2.8538	2.5103	0.3435	0.4331	0.4029	0.0302	2.4207	2.1074	0.3133	1.0987	0.5739	0.5248	0.1231	0.1153	0.0078	0.9756	0.4586	0.5170	0.0190	0.0122	0.0740	0.0169	0.0128	0.6056	0.0190	3.9526	0.0750	0.1347	0.0441	0.2339	0.2067	0.2193	0.0205	0.1257	0.0000	0.2371
11	65	0.1801	4	0	1	1	0	0	0	0	0	N	N	N	N	N	N	N	N	N	N	N	N	0.0157	0.0242	0.0081	0.0770	0.0870	0.0309	0.0088	0.5160	0.0067	0.0110	0.0112	0.0096	0.0288	0.0282	0.0394	0.0070	0.0071	0.0069	0.7024	0.4626	1.1767	0.3738	0.3241	1.2744	0.8000	0.0137	1.0386	0.1120	3.7085	-0.0007	0.0029	39.9843	1.7566	13.6191	2.8742	0.0036	0.0033	0.0004	0.0017	0.0016	0.0001	0.0019	0.0017	0.0002	0.0185	0.0039	0.0146	0.0043	0.0039	0.0004	0.0142	0.0000	0.0142	0.3295	0.2913	0.0382	0.0603	0.0572	0.0031	0.2692	0.2341	0.0351	0.2314	0.1374	0.0939	0.0568	0.0556	0.0012	0.1746	0.0819	0.0927	0.1377	0.3918	0.0616	0.3806	0.4028	0.1173	0.0865	13.9921	0.0454	0.0800	0.0286	0.1553	0.0756	0.0700	0.3362	0.0815	0.0005	0.1529
11	66	0.3243	7	0	1	1	0	0	0	0	0	N	N	N	N	N	N	N	N	N	N	N	N	734.9688	553.4217	5163.0690	340.3873	381.6956	14.8015	771.4894	9989.9323	6612.9320	1.2848	0.7249	5.7962	1.1603	1.2230	0.0728	1.3326	0.5168	6.7047	0.0017	0.0013	0.0011	0.0034	0.0032	0.0049	0.0017	0.0001	0.0010	0.9923	1.4603	0.8467	-0.0000	39.9843	21.1811	13.6191	10.1862	4.0140	2.0147	1.9992	1.0051	1.0017	0.0034	3.0088	1.0131	1.9958	0.0007	0.0003	0.0004	0.0003	0.0003	0.0000	0.0003	0.0000	0.0003	3.1241	2.7792	0.3449	0.8663	0.8190	0.0472	2.2579	1.9602	0.2977	0.7560	0.4029	0.3531	0.0964	0.0865	0.0098	0.6596	0.3164	0.3432	1454.4820	1076.0963	5163.0690	349.6822	389.9839	14.8015	2525.5320	3802529.5198	6612.9320	0.0009	0.0007	0.0011	0.0033	0.0031	0.0049	0.0005	0.0000	0.0010
11	67	0.3105	6	0	1	1	0	0	0	0	0	N	N	N	N	N	N	N	N	N	N	N	N	3.3404	4.1846	14.0110	8.3158	7.7309	116.5436	1.2048	0.2167	15.2568	0.0096	0.0078	0.0238	0.0220	0.0230	0.0032	0.0050	0.0018	0.0266	0.0029	0.0019	0.0017	0.0026	0.0030	0.0000	0.0042	0.0084	0.0017	0.3680	1.7751	-0.0002	0.0000	39.9843	7.4253	13.6191	0.9851	0.0114	0.0084	0.0031	0.0070	0.0070	0.0001	0.0044	0.0014	0.0030	0.0003	0.0001	0.0002	0.0001	0.0001	0.0000	0.0002	0.0000	0.0002	1.1954	1.0660	0.1295	0.3187	0.3030	0.0157	0.8767	0.7629	0.1138	0.2126	0.1123	0.1004	0.0249	0.0221	0.0028	0.1877	0.0901	0.0976	7.6435	9.1805	14.0110	8.3158	7.7309	116.5436	4.7271	5.4743	15.2568	0.0013	0.0009	0.0017	0.0026	0.0030	0.0000	0.0011	0.0003	0.0017
11	68	0.3331	7	0	0	2	0	0	0	0	0	N	N	Y	N	N	N	N	N	N	N	N	N	2.5153	0.5797	17395.3091	1.5054	1.5800	0.0542	4887.7271	63.2110	54188.4590	0.9259	0.3294	5.7060	0.8777	0.9434	0.0003	0.9495	0.0077	7.1891	0.3681	0.5683	0.0003	0.5831	0.5971	0.0051	0.0002	0.0001	0.0001	2.1613	0.0056	1.1433	-0.0120	39.9843	15.0354	13.6191	6.2061	2.8831	0.9120	1.9711	0.8980	0.8980	0.0000	1.9851	0.0140	1.9711	0.0193	0.0192	0.0001	0.0193	0.0192	0.0001	0.0000	0.0000	0.0000	3.1137	2.7683	0.3454	1.0231	0.9518	0.0713	2.0906	1.8165	0.2742	0.7677	0.4406	0.3271	0.1776	0.1648	0.0128	0.5902	0.2758	0.3143	36.7531	7.5466	17395.3091	8.0755	8.0814	0.0542	13403.6430	19908.1934	54188.4590	0.0252	0.0437	0.0003	0.1087	0.1167	0.0051	0.0001	0.0000	0.0001
11	69	0.2650	6	0	0	1	0	0	0	0	0	N	N	N	N	N	N	N	N	N	N	N	N	0.3450	4.8001	2.7159	6.3838	6.2792	5.9046	0.2306	0.8723	3.3216	0.0941	0.0728	0.2599	0.1747	0.1808	0.0757	0.0701	0.0380	0.2843	0.2727	0.0152	0.0957	0.0274	0.0288	0.0128	0.3040	0.0436	0.0856	0.4579	8.1697	0.0123	0.0056	39.9843	27.6811	13.6191	13.1592	0.4556	0.3125	0.1431	0.1940	0.1891	0.0049	0.2616	0.1234	0.1382	0.0214	0.0023	0.0191	0.0019	0.0018	0.0001	0.0195	0.0005	0.0190	4.8413	4.2907	0.5506	1.1107	1.0463	0.0644	3.7305	3.2444	0.4862	1.1279	0.5905	0.5373	0.1265	0.1190	0.0075	1.0014	0.4716	0.5298	4.9594	18.4289	7.3234	11.7409	12.0454	5.9046	3.5971	32.6994	7.9395	0.0190	0.0040	0.0355	0.0149	0.0150	0.0128	0.0195	0.0012	0.0358
11	70	0.2302	5	0	0	1	0	0	0	0	0	N	N	N	N	N	N	N	N	N	N	N	N	8.6390	2.1127	1189.5755	0.7146	0.8275	0.3815	83.6670	2.6486	2441.5771	0.8577	0.6960	2.0959	0.2091	0.2195	0.0385	1.0492	0.8491	2.3575	0.0993	0.3295	0.0018	0.2926	0.2652	0.1008	0.0125	0.3206	0.0010	0.3931	0.0799	-0.0156	-0.0048	39.9843	19.6565	13.6191	4.0504	3.1509	2.2618	0.8891	0.1752	0.1733	0.0018	2.9757	2.0884	0.8873	0.0086	0.0080	0.0006	0.0069	0.0066	0.0003	0.0017	0.0014	0.0003	3.6736	3.2494	0.4242	0.8376	0.7898	0.0478	2.8360	2.4597	0.3764	0.7805	0.4193	0.3613	0.1087	0.1039	0.0047	0.6719	0.3153	0.3565	77.8052	36.6271	1189.5755	3.2971	3.4556	0.6241	411.8311	195.7965	2441.5771	0.0110	0.0190	0.0018	0.0634	0.0635	0.0616	0.0025	0.0043	0.0010
11	71	0.3137	7	1	1	1	0	0	0	0	0	N	N	N	N	N	N	N	N	N	N	N	N	10803.8078	6268.6484	1020925.8167	36.0905	33.8277	1428.9905	42700174.6084	inf	1639875.4833	0.3793	0.4215	0.0329	0.0108	0.0114	0.0005	0.5215	0.5937	0.0381	0.0000	0.0001	0.0000	0.0003	0.0003	0.0000	0.0000	0.0000	0.0000	0.0095	0.0004	-0.2826	-0.0000	39.9843	17.5448	13.6191	6.0013	1.0175	1.0079	0.0096	0.0081	0.0081	0.0000	1.0094	0.9999	0.0096	0.0000	0.0000	0.0000	0.0000	0.0000	0.0000	0.0000	0.0000	0.0000	2.6830	2.3912	0.2918	0.7474	0.7070	0.0404	1.9356	1.6841	0.2514	0.5747	0.3047	0.2700	0.0671	0.0596	0.0075	0.5076	0.2450	0.2626	10803.8078	6368.6414	1020925.8167	36.0905	33.8277	1428.9905	42700174.6084	inf	1639875.4833	0.0000	0.0001	0.0000	0.0003	0.0003	0.0000	0.0000	0.0000	0.0000
11	72	0.3821	10	1	1	2	0	0	0	0	0	N	N	Y	N	N	N	N	N	N	N	N	N	0.0127	0.0078	0.0000	0.0118	0.0113	0.4272	inf	0.0000	0.0000	0.0000	0.0000	0.0000	0.0000	0.0000	0.0000	0.0000	0.0000	0.0002	0.0003	0.0000	0.0006	0.0006	0.0000	0.0000	0.0000	0.0000	0.0000	0.0002	-0.0000	-0.0000	39.9843	1.8980	13.6191	2.9698	0.0000	0.0000	0.0000	0.0000	0.0000	0.0000	0.0000	0.0000	0.0000	0.0000	0.0000	0.0000	0.0000	0.0000	0.0000	0.0000	0.0000	0.0000	0.3162	0.2820	0.0342	0.1132	0.1078	0.0053	0.2030	0.1742	0.0289	0.1584	0.1056	0.0528	0.0531	0.0485	0.0046	0.1053	0.0572	0.0481	0.0127	0.0095	0.0000	0.0118	0.0113	0.0000	0.4272	inf	0.0000	0.0002	0.0003	0.0000	0.0006	0.0006	0.0000	0.0000	0.0000	0.0000	
11	73	0.3625	9	1	0	2	0	0	0	0	0	N	N	Y	N	N	N	N	N	N	N	N	N	0.0291	0.0507	0.0711	0.1022	0.1377	0.0935	0.0043	0.0012	0.0013	0.0001	0.0001	0.0001	0.0001	0.0001	0.0010	0.0000	0.0000	0.0000	0.0025	0.0013	0.0018	0.0014	0.0009	0.0103	0.0039	0.0152	0.0015	0.1644	1.6454	-0.0000	-0.0000	39.9843	3.5853	13.6191	4.3819	0.0001	0.0001	0.0000	0.0001	0.0001	0.0000	0.0000	0.0000	0.0000	0.0003	0.0001	0.0002	0.0001	0.0000	0.0000	0.0002	0.0001	0.0001	1.1010	1.0139	0.0871	0.4663	0.4548	0.0115	0.6346	0.5590	0.0756	0.2400	0.1485	0.0915	0.0533	0.0503	0.0030	0.1867	0.0982	0.0885	0.0650	0.0992	0.0711	0.1022	0.1377	0.0935	0.0165	0.0339	0.0013	0.0011	0.0007	0.0018	0.0014	0.0009	0.0103	0.0010	0.0006	0.0015
11	74	0.3310	8	1	0	2	0	0	0	0	0	N	N	Y	N	N	N	N	N	N	N	N	N	56.3618	25.5554	686.7847	1.1583	1.1092	0.1563	61.1492	3.1804	1034.5023	0.7238	0.4128	3.3812	0.0143	0.0150	0.0005	1.0377	0.6044	3.9744	0.0128	0.0162	0.0049	0.0123	0.0135	0.0031	0.0170	0.1900	0.0038	0.9588	0.7312	0.2955	-0.0004	39.9843	12.3589	13.6191	7.3592	1.4606	0.7456	0.7149	0.0088	0.0088	0.0000	1.4517	0.7368	0.7149	0.0021	0.0012	0.0009	0.0007	0.0006	0.0000	0.0014	0.0006	0.0009	2.0178	1.8064	0.2114	0.6188	0.5872	0.0316	1.3990	1.2191	0.1799	0.5247	0.2938	0.2309	0.0794	0.0730	0.0064	0.4452	0.2208	0.2244	181.8355	100.5320	884.8547	1.7277	1.7225	0.1563	322.6486	234.2287	1034.5023	0.0040	0.0041	0.0038	0.0083	0.0087	0.0031	0.0032	0.0026	0.0038
11	75	0.3137	7	1	0	2	0	0	0	0	0	N	N	Y	N	N	N	N	N	N	N	N	N	280.3850	725.4732	10.6860	18.0809	16.9458	363.2283	221.8224	117.0907	12.0507	0.6142	0.6860	0.0169	0.0220	0.0231	0.0013	0.8640	0.9904	0.0197	0.0022	0.0009	0.0016	0.0012	0.0014	0.0000	0.0039	0.0085	0.0016	0.0030	2.6160	-0.2885	0.0000	39.9843	10.2127	13.6191	1.0234	1.0152	1.0122	0.0030	0.0108	0.0107	0.0000	1.0045	1.0015	0.0030	0.0003	0.0001	0.0002	0.0000	0.0000	0.0000	0.0003	0.0000	0.0002	1.6530	1.4756	0.1774	0.4905	0.4644	0.0261	1.1625	1.0112	0.1513	0.2818	0.1493	0.1325	0.0332	0.0296	0.0037	0.2486	0.1197	0.1288	595.8974	1275.2303	10.6860	18.0809	16.9458	363.2283	858.7793	2966.8266	12.0507	0.0010	0.0005	0.0016	0.0012	0.0014	0.0000	0.0010	0.0003	0.0016
11	76	0.3105	6	1	0	1	0	0	0	0	0	N	N	N	N	N	N	N	N	N	N	N	N	3907.4420	8124.3065	0.4027	3025.0387	5619.5606	0.0007	12.8957	inf	0.8763	1.5415	1.7213	0.0002	5.4377	5.6835	0.0000	0.0042	0.0048	0.0002	0.0004	0.0002	0.0005	0.0018	0.0010	0.0081	0.0003	0.0000	0.0002	0.0000	2.0137	-0.2858	0.0000	39.9843	3.7027	13.6191	0.0091	0.9955	0.9955	0.0000	0.9936	0.9936	0.0000	0.0020	0.0020	0.0000	0.0000	0.0000	0.0000	0.0000	0.0000	0.0000	0.0000	0.0000	0.0000	0.6458	0.5784	0.0675	0.1827	0.1748	0.0079	0.4631	0.4036	0.0596	0.0948	0.0500	0.0448	0.0111	0.0099	0.0012	0.0837	0.0401	0.0435	4840.7709	8597.2574	0.4027	3025.0387	5619.5606	0.0007	34.9033	inf	0.8763	0.0003	0.0002	0.0005	0.0018	0.0010	0.0081	0.0001	0.0000	0.0002
11	77	0.2935	5	0	0	1	0	0	0	0	0	N	N	N	N	N	N	N	N	N	N	N	N	402.4596	153.9521	17466.6442	75.6384	2.9906	1527.2997	24515.6183	5272.8461	24177.4451	1.7491	1.4144	4.6554	0.9389	0.0383	14.1293	2.2602	2.3464	1.6737	0.0043	0.0092	0.0003	0.0124	0.0128	0.0093	0.0001	0.0004	0.0001	0.3791	0.0708	-0.0170	-0.0003	39.9843	3.8334	13.6191	6.1787	1.3858	1.0049	0.3809	0.2877	0.0110	0.2768	1.0980	0.9939	0.1042	0.0006	0.0006	0.0000	0.0006	0.0006	0.0000	0.0000	0.0000	0.0000	0.7923	0.7104	0.0818	0.3065	0.2869	0.0196	0.4858	0.4236	0.0622	0.3434	0.1972	0.1462	0.0694	0.0663	0.0031	0.2740	0.1309	0.1431	1018.6937	506.4410	17466.6442	112.5126	4.6166	1527.2997	60860.5854	1143669.6399	24177.4451	0.0017	0.0028	0.0003	0.0083	0.0083	0.0093	0.0000	0.0000	0.0001
11	78	0.2544	4	0	0	1	0	0	0	0	0	N	N	N	N	N	N	N	N	N	N	N	N	2.1934	0.3729	745.4210	1.3529	1.1584	98.5974	28.3205	0.4822	911.5004	0.2531	0.1242	1.3367	0.2338	0.2076	0.7666	0.2594	0.0946	1.4061	0.1154	0.3332	0.0018	0.1728	0.1792	0.0078	0.0092	0.1962	0.0015	1.2797	0.0695	0.2023	-0.0054	39.9843	16.9094	13.6191	5.8161	0.7378	0.3237	0.4142	0.1677	0.1419	0.0258	0.5702	0.1818	0.3884	0.0095	0.0089	0.0006	0.0082	0.0081	0.0001	0.0013	0.0008	0.0005	2.9148	2.6049	0.3099	0.7171	0.6835	0.0336	2.1976	1.9214	0.2762	0.8016	0.4576	0.3440	0.1750	0.1612	0.0138	0.6265	0.2964	0.3302	21.3637	6.4016	745.4210	4.9927	4.1368	98.5974	124.8962	35.3924	911.5004	0.0118	0.0194	0.0018	0.0468	0.0502	0.0078	0.0021	0.0027	0.0015
11	79	0.1801	4	0	1	1	0	0	0	0	0	N	N	N	N	N	N	N	N	N	N	N	N	0.6709	1.0522	0.5226	0.0170	0.0043	1.5198	0.6633	0.7334	0.5365	0.8297	0.6313	2.2555	0.0084	0.0021	0.0914	0.9454	0.7260	2.4208	1.2366	0.6000	4.3156	0.4944	0.4969	0.0601	1.4253	0.9900	4.5127	0.4970	32.1468	0.1348	0.3563	39.9843	23.9173	13.6191	17.8091	3.0049	2.0073	0.9976	0.0038	0.0009	0.0029	3.0011	2.0064	0.9947	1.0433	0.0315	1.0118	0.0110	0.0106	0.0004	1.0323	0.0209	1.0114	3.6218	3.1795	0.4423	0.4474	0.4160	0.0314	3.1744	2.7635	0.4109	1.2209	0.6399	0.5810	0.1187	0.1099	0.0088	1.1022	0.5300	0.5722	0.9709	12.8341	1.2952	0.0906	0.0221	2.0064	1.0094	18.4335	1.3696	0.8545	0.0492	1.7414	0.0927	0.0965	0.0456	0.9366	0.0394	1.7676
11	80	0.1640	3	0	1	1	0	0	0	0	0	N	N	N	N	N	N	N	N	N	N	N	N	0.3365	77.8514	0.0001	143.1572	408.3636	0.0007	0.2205	3.5364	0.0001	0.9643	1.1017	0.0012	3.1049	3.2939	0.0003	0.7240	0.8344	0.0012	2.8654	0.0142	11.4563	0.0217	0.0081	0.4103	3.2841	0.2360	12.5152	0.0002	1381.7911	-0.2643	0.3664	39.9843	6.1279	13.6191	3.6878	0.9208	0.9207	0.0001	0.2991	0.2991	0.0000	0.6217	0.6215	0.0001	0.9879	0.0007	0.9872	0.0006	0.0002	0.0003	0.9874	0.0005	0.9869	0.9549	0.8357	0.1193	0.0963	0.0908	0.0055	0.8586	0.7448	0.1137	0.3448	0.1903	0.1545	0.0441	0.0422	0.0019	0.3006	0.1481	0.1525	0.3365	293.4895	0.0002	246.9970	560.2381	0.0018	0.2205	265.0729	0.0002	2.8654	0.0038	6.3916	0.0126	0.0059	0.1602	3.2841	0.0031	6.4697
11	81	0.2521	7	1	0	2	0	0	0	0	0	N	N	Y	N	N	N	N	N	N	N	N	N	2.2145	1.5265	0.1034	0.0290	0.0293	0.0321	8130.4629	40505.8085	0.0168	0.7639	0.8621	0.0000	0.0288	0.0304	0.0002	0.9836	1.1332	0.0000	0.3450	0.5648	0.0002	0.9921	1.0373	0.0064	0.0001	0.0000	0.0001	0.0000	0.0046	-0.8725	-0.0145	39.9843	27.2690	13.6191	12.3406	3.0386	3.0385	0.0000	0.0263	0.0263	0.0000	3.0122	3.0122	0.0000	0.0233	0.0232	0.0001	0.0232	0.0232	0.0001	0.0000	0.0000	0.0000	3.9775	3.5244	0.4531	0.9150	0.8662	0.0489	3.0625	2.6582	0.4042	1.0058	0.5391	0.4667	0.1176	0.1073	0.0103	0.8882	0.4318	0.4565	32.9966	20.0501	0.1034	0.1456	0.1407	0.0321	21621.2379	14915944.8135	0.0168	0.0232	0.0430	0.0002	0.1976	0.2160	0.0064	0.0000	0.0000	0.0001
11	82	0.2368	6	0	0	1	0	0	0	0	0	N	N	N	N	N	N	N	N	N	N	N	N	83.7340	121.7602	3.8649	0.6393	0.2416	33.1775	94.1901	68.8515	0.7006	0.6131	0.6824	0.0152	0.0082	0.0035	0.1112	0.8487	0.9722	0.0024	0.0073	0.0056	0.0039	0.0128	0.0145	0.0034	0.0090	0.0141	0.0035	0.0026	1.6583	-0.2814	-0.0000	39.9843	9.0798	13.6191	0.9519	0.9889	0.9864	0.0025	0.0037	0.0015	0.0022	0.9852	0.9848	0.0004	0.0007	0.0003	0.0004	0.0002	0.0002	0.0000	0.0005	0.0001	0.0004	1.6129	1.4455	0.1675	0.4521	0.4324	0.0197	1.1608	1.0130	0.1478	0.2630	0.1378	0.1251	0.0249	0.0221	0.0028	0.2381	0.1157	0.1223	231.3255	358.7382	4.3806	0.9642	0.3829	33.1775	416.2480	1875.8117	0.7006	0.0027	0.0019	0.0035	0.0085	0.0091	0.0034	0.0020	0.0005	0.0035
11	83	0.1640	3	0	1	1	0	0	0	0	0	N	N	N	N	N	N	N	N	N	N	N	N	0.3345	0.3844	0.0000	0.6626	0.6949	0.0000	0.3412	0.3016	0.0000	0.6404	0.7302	0.0000	0.0078	0.0083	0.0000	0.7100	0.8166	0.0000	1.9143	1.8997	4.5901	0.0118	0.0119	0.0110	2.0811	2.7075	4.8447	0.0000	1.0002	-0.5786	-0.2563	39.9843	21.0000	13.6191	14.4214	2.0151	2.0151	0.0000	0.0024	0.0024	0.0000	2.0127	2.0127	0.0000	1.9976	0.9987	0.9989	0.0007	0.0006	0.0001	1.9970	0.9981	0.9989	3.1465	2.7595	0.3870	0.3119	0.2947	0.0173	2.8346	2.4648	0.3698	1.0435	0.5420	0.5016	0.0840	0.0776	0.0064	0.9596	0.4644	0.4952	0.3345	0.3963	0.0000	0.9672	1.0551	0.0000	0.3412	0.3799	0.0000	1.9143	1.8427	1.9916	0.0081	0.0078	0.0110	2.0811	2.1494	2.0170
11	84	0.2217	7	0	0	2	0	0	0	0	0	N	N	Y	N	N	N	N	N	N	N	N	N	0.6363	0.3189	1.5229	0.1345	0.0001	2087.1103	0.9080	100705.4127	1.3287	2.1127	0.6865	12.7134	1.0204	0.0005	16.5817	2.3495	0.8471	12.3194	3.3204	2.1529	8.3479	7.5849	8.9492	0.0079	2.5875	0.0000	9.2716	2.4917	1.9855	2.9770	0.1094	39.9843	20.4085	13.6191	11.0867	6.9805	1.9992	4.9813	0.6007	0.0003	0.6004	6.3798	1.9989	4.3809	2.9804	0.9983	1.9821	0.9984	0.9983	0.0002	1.9820	0.0000	1.9820	3.3041	2.9123	0.3918	0.5887	0.5525	0.0362	2.7153	2.3597	0.3556	0.8976	0.4637	0.4339	0.1316	0.1116	0.0201	0.7660	0.3521	0.4138	0.6363	0.3189	2.7832	0.1345	0.0001	2087.1103	0.9080	44521724.1636	2.5723	3.3204	2.1529	4.5679	7.5849	8.9492	0.0079	2.5875	0.0000	4.7892
11	85	0.2179	6	0	0	2	0	0	0	0	0	N	N	Y	N	N	N	N	N	N	N	N	N	1.8780	2.5988	1.4145	4.3814	4.0697	1012.7224	1.3100	16536.4913	1.0483	0.8910	0.9697	0.2868	1.4083	1.4735	0.6337	0.6061	0.6735	0.1778	0.4744	0.3732	0.2028	0.3214	0.3621	0.0006	0.4627	0.0000	0.1696	0.0385	1.9389	-0.1647	0.0002	39.9843	3.1287	13.6191	1.1816	0.6588	0.6344	0.0244	0.3699	0.3569	0.0129	0.2890	0.2775	0.0115	0.0052	0.0018	0.0034	0.0018	0.0018	0.0000	0.0034	0.0000	0.0034	0.7394	0.6542	0.0852	0.2626	0.2422	0.0204	0.4768	0.4119	0.0649	0.1458	0.0799	0.0659	0.0261	0.0233	0.0028	0.1197	0.0566	0.0631	24.8861	43.6067	5.4906	20.6565	19.2969	1012.7224	21.0801	6153835.5539	3.2598	0.0358	0.0222	0.0522	0.0682	0.0764	0.0006	0.0288	0.0000	0.0545
11	86	0.2110	5	0	0	1	0	0	0	0	0	N	N	N	N	N	N	N	N	N	N	N	N	3.3865	3.4214	4.2319	0.4258	0.4067	5.7566	9.2537	14246.3933	5.4258	0.6854	0.7567	0.1520	0.0714	0.0752	0.0309	0.9409	1.0547	0.1853	0.2024	0.2212	0.0359	0.1676	0.1849	0.0054	0.1017	0.0001	0.0342	0.0268	0.9853	-0.1430	-0.0004	39.9843	4.0532	13.6191	2.2470	0.5481	0.5337	0.0143	0.0168	0.0161	0.0006	0.5313	0.5176	0.0137	0.0033	0.0017	0.0017	0.0017	0.0017	0.0000	0.0016	0.0000	0.0016	0.7996	0.7053	0.0942	0.2349	0.2146	0.0203	0.5647	0.4908	0.0739	0.2131	0.1177	0.0954	0.0366	0.0328	0.0039	0.1764	0.0849	0.0915	43.8223	53.0336	8.7705	1.5386	1.4675	5.7566	101.6455	4897594.2736	10.3873	0.0156	0.0143	0.0173	0.0464	0.0512	0.0054	0.0093	0.0000	0.0178
11	87	0.1879	4	0	0	1	0	0	0	0	0	N	N	N	N	N	N	N	N	N	N	N	N	0.0899	0.1037	0.0387	0.1089	0.1238	0.0018	0.0615	76.0430	0.0592	0.0677	0.0712	0.0431	0.1131	0.1249	0.0015	0.0470	0.0455	0.0565	0.7535	0.6865	1.1136	1.0385	1.0089	0.8394	0.7632	0.0006	0.9548	0.0854	1.7122	-0.0146	0.0002	39.9843	4.7288	13.6191	9.8540	0.0701	0.0646	0.0055	0.0367	0.0367	0.0000	0.0334	0.0279	0.0055	0.0540	0.0199	0.0341	0.0211	0.0199	0.0012	0.0328	0.0000	0.0328	1.0356	0.9077	0.1279	0.3248	0.2937	0.0311	0.7108	0.6140	0.0968	0.5510	0.3144	0.2365	0.1007	0.0959	0.0047	0.4503	0.2185	0.2318	0.6914	1.1249	0.2996	0.5393	0.6023	0.0060	0.6439	13107.4595	0.3988	0.0979	0.0633	0.1440	0.2097	0.2074	0.2573	0.0729	0.0000	0.1417
11	88	0.1640	3	0	0	1	0	0	0	0	0	N	N	N	N	N	N	N	N	N	N	N	N	0.6485	2.9571	0.0047	7.7025	8.3166	0.0073	0.3408	2.3194	0.0045	1.2652	1.4400	0.0362	6.0031	6.3636	0.0014	0.7370	0.8434	0.0378	1.9510	0.4870	7.6321	0.7794	0.7652	0.1928	2.1626	0.3636	8.3365	0.0036	114.4080	-0.4792	0.3635	39.9843	8.6320	13.6191	7.0881	1.6897	1.6837	0.0060	0.8042	0.8041	0.0000	0.8856	0.8796	0.0060	1.0015	0.0087	0.9928	0.0079	0.0076	0.0003	0.9936	0.0011	0.9925	1.3356	1.1692	0.1663	0.1340	0.1264	0.0076	1.2016	1.0429	0.1587	0.5133	0.2748	0.2385	0.0539	0.0509	0.0030	0.4595	0.2239	0.2355	0.6485	45.6044	0.0087	41.0865	42.7863	0.0139	0.3408	170.0119	0.0090	1.9510	0.0316	4.1629	0.1461	0.1487	0.1014	2.1626	0.0050	4.2143
11	91	0.3293	8	1	0	2	0	0	0	0	0	N	N	Y	N	N	N	N	N	N	N	N	N	126.4658	76.0371	inf	inf	14.4529	0.0742	0.0005	0.0005	0.0000	0.0016	0.0017	0.0000	0.0001	0.0001	0.0000	0.0000	0.0000	0.0000	0.0000	0.0000	0.0000	0.0000	0.0009	0.0000	0.0000	0.0000	-0.0001	-0.0000	39.9843	3.0317	13.6191	0.1644	0.0002	0.0002	0.0000	0.0002	0.0002	0.0000	0.0000	0.0000	0.0000	0.0000	0.0000	0.0000	0.0000	0.0000	0.0000	0.0000	0.0000	0.0000	0.4588	0.4064	0.0524	0.1147	0.1085	0.0062	0.3441	0.2979	0.0462	0.0800	0.0426	0.0374	0.0083	0.0071	0.0011	0.0717	0.0355	0.0363	126.4658	76.0371	0.0000	inf	inf	0.0000	14.4529	8.2533	0.0000	0.0000	0.0000	0.0000	0.0000	0.0000	0.0000	0.0000	0.0000	0.0000			
11	92	0.3235	7	1	0	2	0	0	0	0	0	N	N	Y	N	N	N	N	N	N	N	N	N	39.0238	11.4392	1133.7992	80.7984	65.0250	26.1451	6.1706	0.2679	1977.9973	0.4990	0.5518	0.0018	1.0227	1.0800	0.0002	0.1053	0.1205	0.0023	0.0128	0.0482	0.0000	0.0127	0.0166	0.0000	0.0171	0.4498	0.0000	0.0003	0.0002	-0.0824	-0.0002	39.9843	2.6632	13.6191	1.0147	0.2874	0.2873	0.0001	0.2528	0.2528	0.0000	0.0346	0.0345	0.0001	0.0004	0.0004	0.0000	0.0001	0.0001	0.0000	0.0003	0.0003	0.0000	0.5760	0.5207	0.0553	0.2472	0.2340	0.0131	0.3288	0.2866	0.0422	0.0972	0.0525	0.0447	0.0135	0.0111	0.0024	0.0837	0.0414	0.0423	125.9988	75.2943	1133.7992	121.0331	104.8764	26.1451	32.5708	18.4471	1977.9973	0.0040	0.0073	0.0000	0.0084	0.0103	0.0000	0.0032	0.0065	0.0000
11	93	0.2402	6	1	0	2	0	0	0	0	0	N	N	Y	N	N	N	N	N	N	N	N	N	0.8094	0.6458	61.7153	0.3328	0.3101	51.7717	9700.3050	631.0187	64.5277	0.9033	1.0149	0.0026	1.5723	1.6462	0.0011	0.7036	0.8081	0.0027	1.1160	1.5715	0.0000	4.7251	5.3084	0.0000	0.0001	0.0013	0.0000	0.0003	0.0000	-1.4225	-0.3952	39.9843	35.0787	13.6191	12.2568	4.9594	4.9579	0.0016	1.9846	1.9845	0.0001	2.9749	2.9734	0.0015	0.6290	0.6290	0.0000	0.6290	0.6290	0.0000	0.0000	0.0000	0.0000	5.4901	4.8852	0.6050	1.2622	1.2055	0.0567	4.2279	3.6797	0.5483	1.1829	0.6252	0.5576	0.1331	0.1185	0.0146	1.0497	0.5067	0.5430	1.6986	1.0088	61.7153	0.3328	0.3101	51.7717	22854.3912	44259.1292	64.5277	0.5318	1.0061	0.0000	4.7251	5.3084	0.0000	0.0000	0.0000	0.0000
11	94	0.2267	5	1	0	1	0	0	0	0	0	N	N	N	N	N	N	N	N	N	N	N	N	10.5993	2.6812	217.2691	5.0847	4.3471	679.3894	24.0408	6.0560	222.9678	0.5868	0.5230	1.1664	1.3208	1.2402	3.9091	0.3003	0.2125	0.9096	0.0554	0.1951	0.0054	0.2598	0.2853	0.0058	0.0125	0.0351	0.0041	0.2452	0.2694	-0.0933	-0.0011	39.9843	8.4810	13.6191	2.3446	1.0336	0.8301	0.2035	0.6531	0.5947	0.0584	0.3805	0.2353	0.1451	0.0027	0.0021	0.0006	0.0020	0.0020	0.0000	0.0007	0.0001	0.0006	1.7615	1.5870	0.1745	0.4945	0.4795	0.0149	1.2670	1.1075	0.1595	0.3008	0.1604	0.1404	0.0333	0.0301	0.0032	0.2674	0.1303	0.1371	65.7241	39.6570	287.3534	21.9749	18.8061	679.3894	117.8767	212.9359	226.3154	0.0089	0.0132	0.0041	0.0601	0.0659	0.0058	0.0025	0.0010	0.0040
11	95	0.1640	3	0	1	1	1	0	0	0	0	N	N	N	N	N	N	N	N	N	N	N	N	12.2974	3.8920	0.1119	0.0202	0.0205	127.0204	779.2694	0.1295	0.8457	0.9639	0.0004	0.0114	0.0121	0.0000	0.9374	1.0775	0.0005	0.0688	0.2477	0.0039	0.5671	0.5908	0.0000	0.0074	0.0014	0.0035	0.0001	0.2102	-0.8667	-0.0058	39.9843	24.0032	13.6191	22.6134	3.0190	3.0188	0.0002	0.0040	0.0040	0.0000	3.0150	3.0148	0.0002	0.0128	0.0106	0.0022	0.0105	0.0105	0.0000	0.0022	0.0000	0.0022	3.5696	3.1318	0.4378	0.3532	0.3338	0.0195	3.2164	2.7980	0.4184	1.3242	0.6842	0.6400	0.0996	0.0915	0.0081	1.2246	0.5928	0.6318	87.6611	62.4736	0.1254	0.1080	0.1050	0.0000	514.5217	51535.6613	0.1295	0.0096	0.0154	0.0035	0.1059	0.1153	0.0000	0.0018	0.0000	0.0035	
11	96	0.5814	7	0	1	1	0	0	0	0	0	N	N	N	N	N	N	N	N	N	N	N	N	0.2381	0.1550	0.4750	0.0662	0.0661	0.7716	0.3993	2944.3563	0.5195	0.6342	0.3359	3.1729	0.2806	0.2982	0.0029	0.8241	0.3578	3.9584	2.6639	2.1675	6.6804	4.2350	4.5133	0.0038	2.0639	0.0001	7.6200	1.1100	1.0007	0.4445	-0.2561	39.9843	18.5150	13.6191	10.2301	1.8604	0.8817	0.9787	0.2875	0.2873	0.0002	1.5728	0.5943	0.9785	1.9981	0.9987	0.9994	0.9988	0.9987	0.0001	0.9993	0.0000	0.9993	2.9333	2.6248	0.3084	1.0248	0.9635	0.0613	1.9085	1.6613	0.2472	0.7501	0.4608	0.2893	0.2556	0.2266	0.0290	0.4945	0.2341	0.2603	0.2381	0.1550	0.9185	0.0718	0.0677	0.7716	0.4078	924602.0641	1.0312	2.6639	2.1675	3.4546	3.9079	4.4069	0.0038	2.0209	0.0000	3.8385
11	97	0.1931	4	0	1	1	0	0	0	0	0	N	N	N	N	N	N	N	N	N	N	N	N	0.4452	0.4203	0.0009	0.2206	0.2085	0.0091	0.4252	0.3277	0.0009	0.7179	0.8145	0.0035	1.2044	1.2662	0.0019	0.6542	0.7499	0.0036	1.6125	1.9379	3.7944	5.4594	6.0742	0.2050	1.5386	2.2884	3.8177	0.0006	0.5184	-1.3604	-0.8411	39.9843	46.1140	13.6191	26.4917	4.7475	4.7448	0.0028	0.9225	0.9224	0.0001	3.8250	3.8223	0.0027	2.9312	1.9305	1.0008	0.9331	0.9312	0.0019	1.9981	0.9992	0.9989	6.6132	5.8256	0.7876	0.7659	0.7285	0.0374	5.8473	5.0971	0.7502	1.8724	0.9961	0.8763	0.1709	0.1533	0.0176	1.7015	0.8428	0.8586	0.4586	0.4203	0.0031	0.2206	0.2085	0.0177	0.5570	0.6325	0.0031	1.5655	1.9379	1.1421	5.4594	6.0742	0.1058	1.1744	1.1856	1.1634
11	98	0.6343	9	0	1	1	0	0	0	0	0	N	N	N	N	N	N	N	N	N	N	N	N	2780.6693	1410.6248	13312.9611	1400.8763	1818.2913	246.3146	3211.5549	0.0001	36636.5079	0.6523	0.3431	3.3950	0.8867	0.9183	0.3135	0.5237	0.0000	4.0833	0.0002	0.0002	0.0003	0.0006	0.0005	0.0013	0.0002	0.0000	0.0001	1.1156	0.8168	0.4441	-0.0000	39.9843	20.7840	13.6191	8.9470	1.8488	0.8739	0.9749	0.8903	0.8739	0.0164	0.9585	0.0000	0.9585	0.0001	0.0001	0.0001	0.0001	0.0001	0.0000	0.0000	0.0000	0.0000	2.8345	2.5473	0.2872	1.0041	0.9517	0.0524	1.8304	1.5956	0.2347	0.6263	0.3702	0.2561	0.1900	0.1583	0.0317	0.4363	0.2118	0.2245	2811.8907	1588.0916	13312.9611	1400.8763	1818.2913	246.3146	9130.3195	0.0000	36636.5079	0.0002	0.0002	0.0003	0.0006	0.0005	0.0013	0.0001	0.0000	0.0001
11	99	0.6294	8	0	0	1	0	0	0	0	0	N	N	N	N	N	N	N	N	N	N	N	N	0.8946	0.5824	3.8012	3.6190	3.4432	13.8371	0.5619	0.0873	5.7714	0.2187	0.2348	0.0615	0.3279	0.3469	0.0402	0.0489	0.0445	0.0762	0.2445	0.4031	0.0162	0.0906	0.1008	0.0029	0.0871	0.5097	0.0132	0.0267	0.2550	-0.0641	-0.0011	39.9843	2.7834	13.6191	1.0450	0.2457	0.2393	0.0064	0.2241	0.2224	0.0017	0.0215	0.0168	0.0047	0.0026	0.0021	0.0005	0.0018	0.0018	0.0000	0.0008	0.0003	0.0005	1.1232	1.0191	0.1040	0.6836	0.6411	0.0425	0.4396	0.3780	0.0616	0.1453	0.0842	0.0611	0.0527	0.0490	0.0038	0.0926	0.0352	0.0574	12.3278	9.6238	7.1737	9.6340	9.5264	13.8371	5.7846	5.8007	8.5167	0.0177	0.0244	0.0086	0.0340	0.0364	0.0029	0.0085	0.0077	0.0089
11	100	0.6194	7	0	0	1	0	0	0	0	0	N	N	N	N	N	N	N	N	N	N	N	N	1.2468	3.8699	0.3377	9.3467	12.0090	0.9416	0.0321	0.1804	0.0946	0.0670	0.0733	0.0109	0.1260	0.1337	0.0257	0.0030	0.0031	0.0024	0.0537	0.0189	0.0324	0.0135	0.0111	0.0273	0.0935	0.0171	0.0259	0.0168	2.1862	-0.0388	0.0002	39.9843	7.6044	13.6191	2.7972	0.1432	0.1408	0.0024	0.1401	0.1381	0.0020	0.0031	0.0027	0.0003	0.0036	0.0011	0.0024	0.0014	0.0011	0.0003	0.0022	0.0001	0.0021	2.1372	1.9210	0.2163	1.1119	1.0331	0.0788	1.0253	0.8879	0.1375	0.4030	0.2463	0.1566	0.1567	0.1438	0.0130	0.2462	0.1026	0.1436	7.5906	16.1784	0.7013	14.2589	18.2454	1.0051	0.3403	5.0178	0.1669	0.0088	0.0045	0.0156	0.0088	0.0073	0.0256	0.0088	0.0006	0.0147
11	101	0.5698	6	0	0	1	0	0	0	0	0	N	N	N	N	N	N	N	N	N	N	N	N	0.3425	0.4825	5.8783	1.6269	1.7163	0.6022	0.3601	0.4581	7.4899	0.1042	0.0407	0.6476	0.0571	0.0598	0.0127	0.1294	0.0296	0.7999	0.3041	0.0843	0.1102	0.0351	0.0349	0.0212	0.3592	0.0645	0.1068	1.8604	2.7357	0.1137	0.0016	39.9843	18.4780	13.6191	12.4520	0.3131	0.1095	0.2037	0.0598	0.0591	0.0008	0.2533	0.0504	0.2029	0.0158	0.0042	0.0116	0.0045	0.0039	0.0007	0.0113	0.0004	0.0109	3.0059	2.6914	0.3145	1.0479	0.9871	0.0609	1.9580	1.7044	0.2536	0.7744	0.4717	0.3027	0.2567	0.2257	0.0310	0.5177	0.2460	0.2717	5.0944	4.5264	16.9022	3.2300	3.4786	0.6022	5.9284	20.4472	19.8621	0.0204	0.0090	0.0383	0.0177	0.0172	0.0212	0.0218	0.0014	0.0403
11	102	0.2780	6	0	1	1	0	0	0	0	0	N	N	N	N	N	N	N	N	N	N	N	N	39.4029	13.5614	1060.5640	10.7485	10.3731	7.1114	275.0642	301.5505	1664.6293	0.4059	0.2900	1.3872	0.3195	0.3344	0.0663	0.4438	0.2688	1.6389	0.0103	0.0214	0.0013	0.0297	0.0322	0.0093	0.0016	0.0009	0.0010	0.5652	0.2000	0.2123	-0.0026	39.9843	34.1922	13.6191	22.4626	2.8709	1.8343	1.0367	0.6893	0.6814	0.0079	2.1816	1.1529	1.0287	0.0057	0.0048	0.0010	0.0050	0.0048	0.0003	0.0007	0.0000	0.0007	7.0733	6.3260	0.7473	2.1572	2.0376	0.1196	4.9161	4.2884	0.6277	1.7052	0.9737	0.7315	0.3188	0.2904	0.0284	1.3864	0.6832	0.7032	120.5789	59.0252	1060.5640	20.2052	20.3289	7.1114	881.8447	34082.9485	1664.6293	0.0034	0.0049	0.0013	0.0158	0.0164	0.0093	0.0005	0.0000	0.0010
11	103	0.2302	5	0	1	1	0	0	0	0	0	N	N	N	N	N	N	N	N	N	N	N	N	0.5356	0.3057	0.9950	5.8270	8.6060	0.3217	0.4781	0.0515	1.0765	0.6446	0.1850	4.1530	0.5810	0.6096	0.1079	0.6622	0.0578	4.6341	1.2036	0.6051	4.1738	0.0997	0.0708	0.3353	1.3850	1.1224	4.3047	2.9407	27.5260	1.2077	0.2635	39.9843	22.5884	13.6191	11.0115	2.6306	0.6676	1.9631	0.5125	0.5071	0.0054	2.1181	0.1605	1.9576	0.7828	0.0274	0.7554	0.0045	0.0035	0.0009	0.7784	0.0239	0.7545	4.0808	3.6081	0.4727	0.8821	0.8318	0.0502	3.1987	2.7762	0.4224	1.0325	0.5485	0.4840	0.1254	0.1191	0.0064	0.9071	0.4294	0.4777	0.8502	3.6977	2.6612	16.3477	20.5463	0.7424	0.7717	1.0381	2.9340	0.7582	0.0500	1.5606	0.0355	0.0297	0.1453	0.8581	0.0557	1.5794
11	104	0.2001	4	0	0	1	0	0	0	0	0	N	N	N	N	N	N	N	N	N	N	N	N	4.1885	28.8287	0.3764	6.7365	7.5457	0.0974	3.4578	2.4137	0.4769	0.4553	0.5149	0.0152	0.0802	0.0868	0.0020	0.5668	0.6502	0.0175	0.1087	0.0179	0.0404	0.0119	0.0115	0.0200	0.1639	0.2694	0.0367	0.0040	3.8881	-0.2827	0.0013	39.9843	11.8100	13.6191	8.7888	0.9983	0.9944	0.0040	0.0403	0.0402	0.0001	0.9580	0.9541	0.0039	0.0076	0.0016	0.0061	0.0006	0.0006	0.0001	0.0070	0.0010	0.0060	2.1928	1.9312	0.2616	0.5027	0.4637	0.0390	1.6901	1.4675	0.2226	0.6675	0.3540	0.3135	0.0787	0.0749	0.0037	0.5888	0.2790	0.3098	39.8115	116.7186	0.7849	9.8580	11.5018	0.0974	47.7261	182.1121	0.9051	0.0114	0.0044	0.0194	0.0081	0.0075	0.0200	0.0119	0.0036	0.0194
11	105	0.1640	3	0	0	1	0	0	0	0	0	N	N	N	N	N	N	N	N	N	N	N	N	40.7025	156.9688	171.1503	31.1594	580.9415	0.0003	55.7910	1.4856	1042.0377	0.8984	0.5167	3.6008	4.4321	4.6940	0.0008	0.5076	0.0147	3.7701	0.0221	0.0033	0.0210	0.1422	0.0081	2.7603	0.0091	0.0099	0.0036	0.9842	7.5813	0.4211	0.0010	39.9843	14.7392	13.6191	7.3617	2.0158	1.0159	0.9999	0.9902	0.9902	0.0000	1.0256	0.0257	0.9999	0.0040	0.0005	0.0036	0.0027	0.0004	0.0024	0.0013	0.0001	0.0012	2.2439	1.9662	0.2777	0.2234	0.2110	0.0125	2.0204	1.7552	0.2652	0.6903	0.3638	0.3265	0.0640	0.0599	0.0041	0.6263	0.3039	0.3224	153.8206	400.0823	330.1069	103.1660	794.4325	0.0013	247.8939	38.4254	1042.0377	0.0058	0.0013	0.0109	0.0430	0.0059	0.5835	0.0020	0.0004	0.0036
11	106	0.2368	6	0	1	1	0	0	0	0	0	N	N	N	N	N	N	N	N	N	N	N	N	4990.2383	1845.2578	48475.5632	411.7442	415.3300	44.5608	28182.5320	84336.7145	101371.6482	0.8781	0.6270	2.9268	0.7640	0.7995	0.0597	0.9145	0.5669	3.2678	0.0002	0.0003	0.0001	0.0019	0.0019	0.0013	0.0000	0.0000	0.0000	0.5723	0.1964	0.2132	-0.0001	39.9843	20.0414	13.6191	7.0324	2.7742	1.7644	1.0098	0.5832	0.5810	0.0022	2.1910	1.1834	1.0076	0.0001	0.0001	0.0000	0.0001	0.0001	0.0000	0.0000	0.0000	0.0000	3.1592	2.8142	0.3450	0.7634	0.7267	0.0367	2.3958	2.0875	0.3083	0.6760	0.3526	0.3235	0.0586	0.0516	0.0070	0.6174	0.3009	0.3165	4990.2383	2223.1809	48475.5632	411.7442	415.3300	44.5608	55324.8891	50174968.9671	101371.6482	0.0002	0.0003	0.0001	0.0019	0.0019	0.0013	0.0000	0.0000	0.0000
11	107	0.2267	5	0	0	1	0	0	0	0	0	N	N	N	N	N	N	N	N	N	N	N	N	315.6361	254.4261	1601.5245	96.3779	71.9741	857.0069	439.2843	7285.1342	1404.0837	0.6120	0.4962	1.6996	0.5267	0.3649	6.1518	0.6479	0.5577	1.2794	0.0019	0.0020	0.0011	0.0055	0.0051	0.0072	0.0015	0.0001	0.0009	0.3646	1.0473	-0.0190	-0.0000	39.9843	7.0315	13.6191	1.2144	0.9514	0.6972	0.2542	0.2430	0.1637	0.0793	0.7084	0.5335	0.1748	0.0002	0.0001	0.0001	0.0001	0.0001	0.0000	0.0001	0.0000	0.0001	1.5547	1.4051	0.1496	0.4614	0.4485	0.0129	1.0933	0.9566	0.1367	0.2347	0.1262	0.1085	0.0280	0.0254	0.0026	0.2067	0.1008	0.1059	638.2367	569.8050	1601.5245	114.7636	84.3788	857.0069	1387.8618	2450033.1269	1404.0837	0.0010	0.0009	0.0011	0.0046	0.0043	0.0072	0.0005	0.0000	0.0009
11	108	0.1931	4	0	0	1	0	0	0	0	0	N	N	N	N	N	N	N	N	N	N	N	N	283.0937	26.5306	12875.0886	1.0141	0.5403	5635.3958	1419.5957	205.0484	13210.4863	0.9967	0.1821	6.9267	0.0169	0.0103	0.1725	1.1506	0.2120	7.2502	0.0035	0.0069	0.0005	0.0166	0.0190	0.0000	0.0008	0.0010	0.0005	5.2241	0.2014	1.4531	-0.0004	39.9843	16.2725	13.6191	4.4748	2.6314	0.4228	2.2086	0.0061	0.0035	0.0025	2.6254	0.4192	2.2061	0.0009	0.0008	0.0002	0.0008	0.0008	0.0000	0.0002	0.0000	0.0002	2.6402	2.3214	0.3189	0.3586	0.3440	0.0146	2.2816	1.9774	0.3043	0.6322	0.3443	0.2879	0.0743	0.0683	0.0060	0.5579	0.2760	0.2819	681.7872	81.5035	12875.0886	1.6359	0.9163	5635.3958	4073.0673	20275.0872	13210.4863	0.0015	0.0022	0.0005	0.0103	0.0112	0.0000	0.0003	0.0000	0.0005
11	109	0.1339	3	0	1	1	0	0	0	0	0	N	N	N	N	N	N	N	N	N	N	N	N	0.6408	0.4993	0.3687	0.0906	0.0727	109.7787	0.6378	0.3797	0.3756	0.7895	0.7102	1.3513	0.1624	0.1295	0.6155	0.8913	0.8116	1.4122	1.2320	1.4225	3.6650	1.7928	1.7811	0.0056	1.3976	2.1377	3.7595	0.2685	1.5572	-0.3859	-0.0299	39.9843	40.5309	13.6191	14.7974	5.1123	4.0303	1.0820	0.1469	0.1092	0.0377	4.9654	3.9210	1.0443	1.5390	0.6018	0.9372	0.0986	0.0985	0.0001	1.4404	0.5033	0.9371	6.4753	5.6745	0.8007	0.9046	0.8434	0.0612	5.5706	4.8311	0.7395	1.8072	0.9274	0.8798	0.2018	0.1841	0.0177	1.6054	0.7432	0.8622	0.9271	1.0944	1.2686	0.3325	0.2422	109.7787	0.9934	1.1985	1.2993	0.8516	0.6490	1.0652	0.4885	0.5349	0.0056	0.8972	0.6772	1.0869
11	110	0.1080	2	0	1	1	0	0	0	0	0	N	N	N	N	N	N	N	N	N	N	N	N	0.8566	0.7271	0.1481	0.3048	0.3263	1.5020	0.9510	0.7866	0.1613	0.9435	1.0608	0.2748	0.8352	0.9148	0.2622	0.9788	1.1106	0.2779	1.1014	1.4590	1.8549	2.7398	2.8038	0.1746	1.0293	1.4119	1.7234	0.0455	0.3109	-0.6971	-0.1768	39.9843	13.5236	13.6191	3.5331	2.8609	2.7365	0.1244	0.6236	0.5997	0.0239	2.2373	2.1368	0.1005	0.4519	0.3447	0.1072	0.3177	0.3172	0.0006	0.1342	0.0276	0.1066	3.0324	2.5796	0.4528	0.7467	0.6556	0.0911	2.2857	1.9240	0.3617	0.8925	0.4672	0.4253	0.2032	0.1970	0.0061	0.6893	0.2702	0.4191	1.8633	1.4378	1.0903	0.5341	0.5684	2.8776	5.0289	10.8897	1.0927	0.5063	0.7378	0.2520	1.5638	1.6096	0.0911	0.1946	0.1020	0.2544
11	112	0.2684	7	1	1	1	1	0	0	0	0	N	N	N	N	N	N	N	N	N	N	N	N	2.5411	1.2765	0.7270	0.6525	inf	inf	0.0004	0.0005	0.0000	0.0007	0.0007	0.0000	0.0003	0.0004	0.0000	0.0002	0.0004	0.0000	0.0009	0.0011	0.0000	0.0000	0.0000	0.0000	0.0000	0.0000	-0.0000	-0.0000	39.9843	0.0019	13.6191	1.9928	0.0000	0.0000	0.0000	0.0000	0.0000	0.0000	0.0000	0.0000	0.0000	0.0000	0.0000	0.0000	0.0000	0.0000	0.0000	0.0000	0.0000	0.0000	0.0008	0.0007	0.0001	0.0003	0.0003	0.0000	0.0005	0.0004	0.0001	0.0576	0.0330	0.0247	0.0106	0.0094	0.0012	0.0470	0.0236	0.0234	2.5411	1.6387	0.0000	0.7270	0.6525	0.0000	inf	inf	0.0000	0.0002	0.0003	0.0000	0.0009	0.0011	0.0000	0.0000	0.0000	0.0000			
11	113	0.2448	6	1	1	1	1	0	0	0	0	N	N	N	N	N	N	N	N	N	N	N	N	11.7039	5.4002	0.6449	9.1130	8.1739	0.1967	12819.0558	232.8928	5.5785	0.0245	0.0278	0.0000	0.0831	0.0888	0.0002	0.0124	0.0143	0.0000	0.0021	0.0052	0.0000	0.0091	0.0109	0.0013	0.0000	0.0001	0.0000	0.0002	0.0226	-0.0100	-0.0003	39.9843	8.6942	13.6191	6.0502	0.0347	0.0347	0.0000	0.0201	0.0201	0.0000	0.0146	0.0146	0.0000	0.0004	0.0004	0.0000	0.0004	0.0004	0.0000	0.0000	0.0000	0.0000	1.4177	1.2471	0.1706	0.2419	0.2262	0.0156	1.1758	1.0208	0.1550	0.4380	0.2408	0.1973	0.0665	0.0591	0.0074	0.3715	0.1816	0.1899	24.4828	15.6407	0.6449	12.6332	12.2687	0.1967	12819.0558	85703.9682	5.5785	0.0010	0.0018	0.0000	0.0066	0.0072	0.0013	0.0000	0.0000	0.0000
11	114	0.2660	10	0	1	1	1	0	0	0	0	N	N	N	N	N	N	N	N	N	N	N	N	0.0000	0.0000	0.0000	0.0000	0.0000	0.0000	0.0000	0.0000	0.0000	0.0000	0.0000	0.0000	0.0000	0.0001	0.0004	0.0000	0.0003	0.0003	0.0000	0.0000	0.0000	0.0000	0.0000	0.0000	-0.0000	39.9843	0.0001	13.6191	0.0001	0.0000	0.0000	0.0000	0.0000	0.0000	0.0000	0.0000	0.0000	0.0000	0.0000	0.0000	0.0000	0.0000	0.0000	0.0000	0.0000	0.0000	0.0000	0.0000	0.0000	0.0000	0.0000	0.0000	0.0000	0.0000	0.0000	0.0000	0.0000	0.0000	0.0000	0.0000	0.0000	0.0000	0.0000	0.0000	0.0000	0.0000	0.0000	0.0000	0.0000	0.0000	0.0000	0.0000	0.0000	0.0000	0.0001	0.0003	0.0000	0.0003	0.0003	0.0000	0.0000	0.0000	0.0000						
11	115	0.2593	9	0	1	1	1	0	0	0	0	N	N	N	N	N	N	N	N	N	N	N	N	0.0004	0.0000	inf	0.0005	0.0000	inf	0.0000	0.0000	0.0000	0.0000	0.0000	0.0000	0.0000	0.0000	0.0000	0.0005	0.0012	0.0000	0.0024	0.0027	0.0000	0.0000	0.0000	0.0000	inf	0.0000	0.0000	-0.0000	39.9843	3.0007	13.6191	1.0012	0.0000	0.0000	0.0000	0.0000	0.0000	0.0000	0.0000	0.0000	0.0000	0.0000	0.0000	0.0000	0.0000	0.0000	0.0000	0.0000	0.0000	0.0000	0.4666	0.4100	0.0566	0.0658	0.0622	0.0036	0.4008	0.3479	0.0529	0.1142	0.0624	0.0517	0.0167	0.0145	0.0022	0.0974	0.0479	0.0496	0.0005	0.0000	inf	0.0005	0.0000	inf	0.0000	0.0000	0.0000	0.0004	0.0006	0.0000	0.0024	0.0027	0.0000	0.0000	0.0000	0.0000			
11	116	0.2574	8	0	0	1	1	0	0	0	0	N	N	N	N	N	N	N	N	N	N	N	N	809.7906	66.5284	29508.5347	355.9628	78.9818	inf	4570.4982	inf	17570.2674	0.0004	0.0001	0.0032	0.0012	0.0003	0.0172	0.0003	0.0000	0.0020	0.0000	0.0000	0.0000	0.0000	0.0000	0.0000	0.0000	0.0000	0.0000	7.3099	0.1025	0.0000	-0.0000	39.9843	1.1177	13.6191	0.0023	0.0001	0.0000	0.0001	0.0000	0.0000	0.0000	0.0000	0.0000	0.0000	0.0000	0.0000	0.0000	0.0000	0.0000	0.0000	0.0000	0.0000	0.0000	0.1836	0.1620	0.0216	0.0334	0.0317	0.0017	0.1502	0.1303	0.0199	0.0321	0.0176	0.0146	0.0047	0.0041	0.0006	0.0274	0.0135	0.0140	809.7906	66.5284	29508.5347	355.9628	78.9818	inf	4570.4982	inf	17570.2674	0.0000	0.0000	0.0000	0.0000	0.0000	0.0000	0.0000	0.0000	0.0000
11	117	0.2544	4	0	1	1	0	0	0	0	0	N	N	N	N	N	N	N	N	N	N	N	N	47.6184	17.5917	3.6699	19.4939	28.5516	0.8112	320.5637	38.8259	5.3505	1.8988	2.1294	0.0220	2.9728	3.1244	0.1523	1.5885	1.8172	0.0068	0.0399	0.1210	0.0060	0.1525	0.1094	0.1877	0.0050	0.0468	0.0013	0.0013	0.3294	-2.6438	-0.0045	39.9843	31.2782	13.6191	23.9277	9.2485	9.2368	0.0117	3.2454	3.2369	0.0085	6.0031	5.9998	0.0033	0.0119	0.0090	0.0030	0.0103	0.0082	0.0021	0.0016	0.0008	0.0009	4.8708	4.3377	0.5330	1.0917	1.0360	0.0557	3.7791	3.3017	0.4774	1.5275	0.8381	0.6894	0.2324	0.2108	0.0216	1.2951	0.6273	0.6678	243.2854	199.0135	5.1399	67.0044	80.2141	1.5672	1278.6648	1507.3076	5.3505	0.0078	0.0107	0.0043	0.0444	0.0390	0.0972	0.0012	0.0012	0.0013
11	118	0.2574	8	0	0	2	1	0	0	0	0	N	N	Y	N	N	N	N	N	N	N	N	N	3956988.1095	inf	70233.7284	inf	inf	inf	3893669.6450	inf	41295.0566	0.0244	0.0276	0.0010	0.0040	0.0038	0.0059	0.0281	0.0322	0.0006	0.0000	0.0000	0.0000	0.0000	0.0000	0.0000	0.0000	0.0000	0.0000	0.0047	inf	-0.0042	0.0000	39.9843	3.8827	13.6191	2.9998	0.0149	0.0148	0.0001	0.0004	0.0003	0.0000	0.0145	0.0145	0.0000	0.0000	0.0000	0.0000	0.0000	0.0000	0.0000	0.0000	0.0000	0.0000	0.6112	0.5378	0.0734	0.0934	0.0883	0.0051	0.5179	0.4495	0.0683	0.1948	0.1064	0.0884	0.0283	0.0246	0.0037	0.1665	0.0819	0.0847	3956988.1095	inf	70233.7284	inf	inf	inf	3893669.6450	inf	41295.0566	0.0000	0.0000	0.0000	0.0000	0.0000	0.0000	0.0000	0.0000	0.0000
11	119	0.2545	7	0	0	1	1	0	0	0	0	N	N	N	N	N	N	N	N	N	N	N	N	4363426.9582	664.3186	67084239.7077	1535221.4453	496.0272	inf	11552571.2669	inf	46129453.3256	1.0909	0.0002	9.9789	2.0005	0.0007	39.7418	0.8004	0.0001	6.2469	0.0000	0.0000	0.0000	0.0000	0.0000	0.0000	0.0000	0.0000	0.0000	5507.0375	0.3718	0.4221	-0.0000	39.9843	2.8083	13.6191	0.0030	0.5923	0.0001	0.5922	0.2629	0.0001	0.2628	0.3294	0.0000	0.3294	0.0000	0.0000	0.0000	0.0000	0.0000	0.0000	0.0000	0.0000	0.0000	0.5430	0.4836	0.0593	0.1314	0.1248	0.0066	0.4116	0.3588	0.0527	0.0812	0.0442	0.0370	0.0119	0.0104	0.0015	0.0693	0.0338	0.0355	4363426.9582	664.3186	67084239.7077	1535221.4453	496.0272	inf	11552571.2669	inf	46129453.3256	0.0000	0.0000	0.0000	0.0000	0.0000	0.0000	0.0000	0.0000	0.0000
11	120	0.2545	7	0	0	2	1	0	0	0	0	N	N	Y	N	N	N	N	N	N	N	N	N	10527064.7918	14374974.3824	0.0000	4429254.5130	4289378.4933	15822076.7719	inf	0.0000	1.1049	1.2515	0.0000	1.5308	1.6176	0.0000	1.0180	1.1702	0.0000	0.0000	0.0000	0.0000	0.0000	0.0000	0.0000	0.0000	0.0000	0.0000	0.0000	1.2171	-0.4988	-0.0000	39.9843	9.6158	13.6191	0.0030	1.7373	1.7373	0.0000	0.4080	0.4080	0.0000	1.3293	1.3293	0.0000	0.0000	0.0000	0.0000	0.0000	0.0000	0.0000	0.0000	0.0000	0.0000	1.5723	1.3882	0.1841	0.2665	0.2522	0.0143	1.3058	1.1360	0.1698	0.2725	0.1482	0.1243	0.0394	0.0342	0.0051	0.2331	0.1140	0.1192	10527064.7918	14374974.3824	0.0000	4429254.5130	4289378.4933	0.0000	15822076.7719	inf	0.0000	0.0000	0.0000	0.0000	0.0000	0.0000	0.0000	0.0000	0.0000	0.0000	
11	121	0.2448	6	0	0	1	1	0	0	0	0	N	N	N	N	N	N	N	N	N	N	N	N	2491.5458	574.5000	38397.3125	1.7302	1.2413	5.3556	179871.1641	43768.2122	427076.0184	0.8991	0.4001	4.6102	0.0029	0.0019	0.0161	1.1507	0.5200	5.2858	0.0004	0.0007	0.0001	0.0017	0.0015	0.0030	0.0000	0.0000	0.0000	1.5494	0.2153	0.2151	-0.0000	39.9843	4.2457	13.6191	2.0144	0.6708	0.2631	0.4077	0.0005	0.0003	0.0002	0.6703	0.2628	0.4075	0.0001	0.0000	0.0000	0.0001	0.0000	0.0000	0.0000	0.0000	0.0000	0.7461	0.6577	0.0884	0.1636	0.1522	0.0113	0.5825	0.5054	0.0771	0.2027	0.1133	0.0894	0.0356	0.0323	0.0032	0.1672	0.0810	0.0862	3006.9349	908.7316	38397.3125	1.7302	1.2413	5.3556	179871.1641	17527194.9010	427076.0184	0.0003	0.0004	0.0001	0.0017	0.0015	0.0030	0.0000	0.0000	0.0000
11	122	0.2027	5	0	0	1	1	0	0	0	0	N	N	N	N	N	N	N	N	N	N	N	N	290.1538	156.7650	140.4513	5.5005	0.8030	80.5499	353.8291	26.1475	64.6796	0.5187	0.5836	0.0431	0.0278	0.0040	0.4081	0.6073	0.6969	0.0135	0.0018	0.0037	0.0003	0.0051	0.0050	0.0051	0.0017	0.0267	0.0002	0.0101	0.1923	-0.2802	-0.0003	39.9843	11.9190	13.6191	13.1740	1.0110	1.0009	0.0101	0.0083	0.0011	0.0072	1.0027	0.9997	0.0029	0.0006	0.0005	0.0001	0.0003	0.0003	0.0000	0.0003	0.0003	0.0001	1.9490	1.7149	0.2341	0.2979	0.2803	0.0176	1.6511	1.4346	0.2166	0.7112	0.3762	0.3350	0.0691	0.0624	0.0067	0.6421	0.3138	0.3283	578.5761	410.5998	140.4513	6.4063	0.9338	80.5499	1154.5214	813.0121	64.6796	0.0009	0.0014	0.0003	0.0043	0.0043	0.0051	0.0005	0.0009	0.0002
11	123	0.6296	9	0	0	2	1	0	0	0	0	N	N	Y	N	N	N	N	N	N	N	N	N	10943.5701	4468.7867	1747052.3740	4433.9517	4107.0124	0.0000	951710.5231	inf	1949475.2268	1.7936	1.4560	4.8761	2.2292	2.3478	0.0000	1.5347	0.8793	6.0260	0.0002	0.0003	0.0000	0.0005	0.0006	0.0000	0.0000	0.0000	0.0000	0.3668	0.0067	-0.0700	-0.0000	39.9843	12.8936	13.6191	4.1514	3.7266	2.7266	1.0000	1.7266	1.7266	0.0000	1.9999	0.9999	1.0000	0.0001	0.0001	0.0000	0.0001	0.0001	0.0000	0.0000	0.0000	0.0000	2.0777	1.8726	0.2051	0.7746	0.7354	0.0391	1.3031	1.1372	0.1659	0.3727	0.2268	0.1459	0.1207	0.1061	0.0145	0.2520	0.1207	0.1313	10943.5701	5442.6213	1747052.3740	4433.9517	4107.0124	0.0000	951710.5231	inf	1949475.2268	0.0002	0.0003	0.0000	0.0005	0.0006	0.0000	0.0000	0.0000	0.0000
11	124	0.2180	6	0	1	1	0	0	0	0	0	N	N	N	N	N	N	N	N	N	N	N	N	32.0977	7.6632	0.0156	0.1834	0.1735	0.0047	14801.9641	32836.0542	0.0226	0.4952	0.5621	0.0000	0.0218	0.0230	0.0000	0.5706	0.6561	0.0000	0.0154	0.0733	0.0001	0.1191	0.1323	0.0031	0.0000	0.0000	0.0000	0.0000	0.0106	-0.2888	-0.0018	39.9843	12.7386	13.6191	8.7370	1.0059	1.0059	0.0000	0.0061	0.0061	0.0000	0.9998	0.9998	0.0000	0.0029	0.0029	0.0000	0.0029	0.0029	0.0000	0.0000	0.0000	0.0000	2.0313	1.7896	0.2417	0.2792	0.2656	0.0136	1.7521	1.5240	0.2281	0.6294	0.3351	0.2943	0.0731	0.0667	0.0064	0.5563	0.2685	0.2879	106.7393	65.1971	0.0156	0.5485	0.5296	0.0047	28931.6756	12064478.7140	0.0226	0.0046	0.0086	0.0001	0.0398	0.0433	0.0031	0.0000	0.0000	0.0000
11	125	0.2027	5	0	1	1	0	0	0	0	0	N	N	N	N	N	N	N	N	N	N	N	N	0.0918	3.2508	0.2140	5.7609	6.5056	6.2396	0.0139	0.3022	0.0716	0.0068	0.0065	0.0089	0.0304	0.0276	0.0747	0.0019	0.0017	0.0027	0.0735	0.0020	0.0415	0.0053	0.0042	0.0120	0.1348	0.0058	0.0383	0.1863	19.8178	-0.0013	0.0010	39.9843	8.6431	13.6191	1.4782	0.0099	0.0084	0.0016	0.0076	0.0065	0.0011	0.0023	0.0018	0.0004	0.0030	0.0001	0.0028	0.0001	0.0001	0.0000	0.0028	0.0000	0.0028	1.4696	1.2942	0.1754	0.2509	0.2360	0.0150	1.2186	1.0582	0.1604	0.3036	0.1613	0.1424	0.0328	0.0299	0.0029	0.2708	0.1313	0.1395	0.6865	7.2655	0.4448	6.7594	7.2915	6.2396	0.1789	7.6170	0.1362	0.0098	0.0009	0.0200	0.0045	0.0038	0.0120	0.0105	0.0002	0.0201
11	126	0.1931	4	0	0	1	0	0	0	0	0	N	N	N	N	N	N	N	N	N	N	N	N	6.6631	204.0648	0.4453	25.2585	1239.4293	0.0879	0.0669	0.0145	0.9423	0.6095	0.6868	0.0233	2.9897	3.0512	0.3351	0.0018	0.0004	0.0105	0.0915	0.0034	0.0524	0.1184	0.0025	3.8109	0.0272	0.0279	0.0111	0.0045	12.7785	-0.1470	0.0007	39.9843	4.1618	13.6191	2.0491	0.5201	0.5177	0.0023	0.5188	0.5175	0.0013	0.0012	0.0002	0.0010	0.0024	0.0002	0.0023	0.0016	0.0001	0.0015	0.0008	0.0001	0.0007	0.8532	0.7538	0.0994	0.1735	0.1696	0.0039	0.6797	0.5842	0.0955	0.2290	0.1331	0.0959	0.0403	0.0381	0.0022	0.1887	0.0950	0.0937	57.4651	518.5611	0.9937	75.3548	1239.4293	0.4828	0.4143	0.4655	1.3167	0.0106	0.0013	0.0235	0.0397	0.0025	0.6941	0.0044	0.0009	0.0080
11	127	0.1640	3	0	0	1	0	0	0	0	0	N	N	N	N	N	N	N	N	N	N	N	N	0.5024	0.4116	1.5214	3.0396	3.2702	0.0001	0.0032	0.0005	3.8358	0.3173	0.3611	0.0097	3.1512	3.3399	0.0000	0.0019	0.0007	0.0101	0.6317	0.8773	0.0063	1.0367	1.0213	0.3374	0.6000	1.3210	0.0026	0.0038	0.0353	-0.1316	-0.0197	39.9843	9.4810	13.6191	7.4917	0.4644	0.4627	0.0018	0.4619	0.4619	0.0000	0.0025	0.0008	0.0018	0.0332	0.0321	0.0011	0.0117	0.0112	0.0005	0.0215	0.0209	0.0007	1.4635	1.2814	0.1821	0.1466	0.1383	0.0083	1.3169	1.1431	0.1738	0.5485	0.2925	0.2560	0.0559	0.0527	0.0032	0.4926	0.2398	0.2528	5.2383	3.2904	2.1824	15.0747	15.6870	0.0003	0.0438	0.0077	3.8358	0.0606	0.1097	0.0044	0.2090	0.2129	0.1454	0.0437	0.0871	0.0026
11	128	0.6419	10	1	1	1	0	0	0	0	0	N	N	N	N	N	N	N	N	N	N	N	N	3342.2224	2343.6316	314.2961	292.2041	inf	inf	0.0013	0.0015	0.0000	0.0004	0.0004	0.0000	0.0019	0.0022	0.0000	0.0000	0.0000	0.0000	0.0000	0.0000	0.0000	0.0000	0.0000	0.0000	0.0000	0.0091	-0.0001	-0.0000	39.9843	2.0107	13.6191	1.9995	0.0004	0.0004	0.0000	0.0000	0.0000	0.0000	0.0004	0.0004	0.0000	0.0000	0.0000	0.0000	0.0000	0.0000	0.0000	0.0000	0.0000	0.0000	0.3033	0.2717	0.0317	0.1115	0.1053	0.0062	0.1918	0.1664	0.0255	0.0831	0.0517	0.0314	0.0289	0.0254	0.0035	0.0542	0.0263	0.0279	3342.2224	2343.6316	0.0000	314.2961	292.2041	0.0000	inf	inf	0.0000	0.0000	0.0000	0.0000	0.0000	0.0000	0.0000	0.0000	0.0000	0.0000			
11	129	0.6296	9	1	1	1	0	0	0	0	0	N	N	N	N	N	N	N	N	N	N	N	N	16843.4953	10239.0959	0.0000	1753.0326	1635.4577	0.0000	827992.5807	inf	0.0000	2.2018	2.4281	0.0000	0.6693	0.7009	0.0000	3.2223	3.6835	0.0000	0.0001	0.0002	0.0000	0.0004	0.0004	0.0000	0.0000	0.0000	0.0000	0.0000	0.0203	-0.6462	-0.0000	39.9843	5.6459	13.6191	1.1399	2.2505	2.2505	0.0000	0.2734	0.2734	0.0000	1.9771	1.9771	0.0000	0.0000	0.0000	0.0000	0.0000	0.0000	0.0000	0.0000	0.0000	0.0000	1.0221	0.9269	0.0953	0.4085	0.3901	0.0184	0.6136	0.5367	0.0768	0.1614	0.0977	0.0637	0.0542	0.0482	0.0059	0.1072	0.0495	0.0578	16843.4953	11474.2306	0.0000	1753.0326	1635.4577	0.0000	827992.5807	inf	0.0000	0.0001	0.0002	0.0000	0.0004	0.0004	0.0000	0.0000	0.0000	0.0000
11	130	0.5993	8	0	0	1	0	0	0	0	0	N	N	N	N	N	N	N	N	N	N	N	N	1.4245	1.2074	1.7506	116.6001	122.6522	1.2932	0.9489	0.5120	1.8362	0.8747	0.9750	0.0062	1.0349	1.0987	0.0088	0.7627	0.8807	0.0054	0.6141	0.8075	0.0035	0.0089	0.0090	0.0068	0.8037	1.7200	0.0029	0.0007	0.0234	-0.5571	-0.0158	39.9843	11.6079	13.6191	5.3766	1.9452	1.9438	0.0014	0.9475	0.9470	0.0005	0.9977	0.9968	0.0010	0.0262	0.0256	0.0006	0.0010	0.0009	0.0001	0.0251	0.0246	0.0005	2.2238	1.9937	0.2300	0.9155	0.8619	0.0536	1.3082	1.1318	0.1764	0.4618	0.2781	0.1837	0.1587	0.1434	0.0153	0.3031	0.1347	0.1683	15.4413	10.6086	1.8973	160.1250	170.9533	1.2932	9.1954	4.8153	1.8362	0.0566	0.0919	0.0033	0.0065	0.0064	0.0068	0.0829	0.1829	0.0029
11	131	0.5814	7	0	0	1	0	0	0	0	0	N	N	N	N	N	N	N	N	N	N	N	N	3.1366	4.6049	1.5215	39.2940	57.9342	1.2556	0.2890	0.0924	1.7175	0.5411	0.5967	0.0612	1.2650	1.3464	0.0964	0.0514	0.0518	0.0493	0.1725	0.1296	0.0403	0.0322	0.0232	0.0768	0.1780	0.5600	0.0287	0.0119	1.0076	-0.1215	-0.0008	39.9843	3.9355	13.6191	8.7078	0.4413	0.4361	0.0052	0.4163	0.4142	0.0021	0.0250	0.0219	0.0031	0.0061	0.0030	0.0031	0.0028	0.0020	0.0008	0.0033	0.0011	0.0022	0.8156	0.7309	0.0847	0.3291	0.3077	0.0214	0.4865	0.4233	0.0633	0.4317	0.2732	0.1585	0.1658	0.1503	0.0155	0.2660	0.1229	0.1430	38.2891	53.6449	3.1702	75.2919	103.5564	1.7941	4.1258	5.8636	3.1634	0.0141	0.0111	0.0193	0.0168	0.0130	0.0537	0.0125	0.0088	0.0156
11	132	0.5698	6	0	0	1	0	0	0	0	0	N	N	N	N	N	N	N	N	N	N	N	N	0.2425	0.2611	0.6099	1.7253	2.0762	0.1542	0.2112	0.0943	1.0013	0.0716	0.0760	0.0334	0.1177	0.1241	0.0140	0.0427	0.0433	0.0389	0.2954	0.2910	0.0547	0.0682	0.0598	0.0908	0.2021	0.4586	0.0388	0.0501	0.8081	-0.0214	-0.0013	39.9843	6.2657	13.6191	3.9760	0.0895	0.0852	0.0043	0.0567	0.0563	0.0004	0.0327	0.0288	0.0039	0.0072	0.0040	0.0032	0.0041	0.0033	0.0008	0.0031	0.0007	0.0025	1.2487	1.1209	0.1278	0.4823	0.4540	0.0283	0.7664	0.6669	0.0995	0.3610	0.2280	0.1330	0.1400	0.1269	0.0131	0.2211	0.1011	0.1200	3.5985	4.3593	1.3822	4.0503	4.7667	0.2402	3.0229	6.5164	1.9033	0.0199	0.0174	0.0241	0.0290	0.0260	0.0583	0.0141	0.0066	0.0204
11	133	0.4925	5	0	0	1	0	0	0	0	0	N	N	N	N	N	N	N	N	N	N	N	N	1.0349	2.9198	7.7816	2.9303	10.6195	0.1111	1.1383	1.1934	13.5940	0.5160	0.0683	4.3155	0.1648	0.1719	0.0496	0.6933	0.0117	5.2784	0.4987	0.0234	0.5546	0.0562	0.0162	0.4463	0.6091	0.0098	0.3883	7.4495	11.3061	1.3447	0.0151	39.9843	26.7012	13.6191	18.2690	2.2618	0.2677	1.9941	0.2422	0.2380	0.0042	2.0196	0.0297	1.9899	0.0521	0.0042	0.0479	0.0112	0.0041	0.0071	0.0409	0.0002	0.0408	4.3830	3.9209	0.4621	1.4699	1.3848	0.0851	2.9131	2.5361	0.3770	1.3561	0.8279	0.5283	0.4506	0.4093	0.0414	0.9055	0.4186	0.4869	13.4326	13.3506	47.6263	6.6530	17.2639	0.2895	15.3345	30.7519	63.0220	0.0384	0.0051	0.0906	0.0248	0.0100	0.1713	0.0452	0.0004	0.0838
11	134	0.2544	4	0	0	1	0	0	0	0	0	N	N	N	N	N	N	N	N	N	N	N	N	0.7999	4.9653	1.2936	12.8187	12.8300	16.2171	0.7803	0.8170	1.3508	1.2600	0.3954	8.2773	0.5345	0.5417	0.4076	1.4512	0.3537	9.1671	1.5751	0.0796	6.3986	0.0417	0.0422	0.0251	1.8599	0.4330	6.7862	2.5788	309.7983	4.6802	1.4541	39.9843	61.4372	13.6191	55.8589	10.7976	3.0171	7.7805	0.9558	0.9168	0.0389	9.8419	2.1002	7.7416	3.9467	0.0127	3.9340	0.0063	0.0055	0.0008	3.9404	0.0072	3.9332	8.5699	7.6299	0.9400	1.7881	1.6926	0.0955	6.7818	5.9373	0.8445	2.6628	1.4383	1.2245	0.3151	0.2817	0.0334	2.3477	1.1566	1.1911	0.8501	44.7882	2.5764	26.7532	27.7494	17.0858	0.8647	56.8261	2.7762	1.4822	0.0088	3.2127	0.0200	0.0195	0.0239	1.6784	0.0062	3.3021
11	135	0.1640	3	0	0	1	0	0	0	0	0	N	N	N	N	N	N	N	N	N	N	N	N	0.3939	0.2682	26.6026	0.8467	0.8632	23.5135	0.2892	0.1473	32.5971	0.4722	0.4557	0.5908	1.1927	1.2597	0.0363	0.3934	0.3603	0.6166	1.1987	1.6994	0.0222	1.4088	1.4593	0.0015	1.3604	2.4468	0.0189	0.1798	0.0075	-0.2949	-0.6593	39.9843	31.7621	13.6191	18.5886	2.1883	1.8548	0.3334	0.5449	0.5440	0.0009	1.6434	1.3109	0.3325	1.0618	1.0539	0.0079	0.0339	0.0339	0.0000	1.0278	1.0199	0.0079	4.6343	4.0699	0.5644	0.4568	0.4318	0.0250	4.1774	3.6381	0.5394	1.4147	0.7302	0.6845	0.1046	0.0959	0.0087	1.3101	0.6343	0.6757	0.6291	0.3158	51.2455	3.6752	3.5594	23.5135	0.5014	0.2241	52.8845	0.7505	1.4432	0.0115	0.3245	0.3539	0.0015	0.7845	1.6079	0.0117
12	13	0.2670	10	1	1	1	1	0	0	0	0	N	N	N	N	N	N	N	N	N	N	N	N	0.0000	0.0000	0.0000	0.0000	0.0000	0.0000	0.0000	0.0000	0.0000	0.0000	0.0000	0.0000	0.0000	0.0000	0.0000	0.0368	0.0000	0.0331	0.0000	0.0000	0.0003	0.0939	0.0000	0.0302	inf	0.0000	0.0000	16.7672	0.0001	6.4850	1.0001	0.0000	0.0000	0.0000	0.0000	0.0000	0.0000	0.0000	0.0000	0.0000	0.0001	0.0000	0.0001	0.0000	0.0000	0.0000	0.0001	0.0000	0.0001	0.0000	0.0000	0.0000	0.0000	0.0000	0.0000	0.0000	0.0000	0.0000	0.0140	0.0074	0.0067	0.0021	0.0019	0.0002	0.0120	0.0055	0.0065	0.0000	0.0000	0.0000	0.0000	0.0000	0.0000	0.0000	0.0000	0.0000	0.0075	0.0000	0.0158	0.0000	0.0000	0.0003	0.0088	0.0000	0.0163				
12	14	0.0656	3	1	2	0	0	0	0	0	0	N	Y	N	N	N	N	N	N	N	N	N	N	9.6044	0.0059	324201.3758	0.0590	0.0635	0.0107	362431.3305	0.0000	1406418.8317	0.7168	0.0019	5.5931	0.0389	0.0407	0.0000	0.7471	0.0000	5.6779	0.0746	0.3222	0.0000	0.6588	0.6411	0.0040	0.0000	0.0000	0.0000	428.9611	0.0008	0.7112	-0.0029	16.7672	20.9564	6.4850	6.0714	1.0010	0.0023	0.9987	0.0023	0.0023	0.0000	0.9987	0.0000	0.9987	0.0046	0.0046	0.0000	0.0046	0.0046	0.0000	0.0000	0.0000	0.0000	1.3965	1.2180	0.1786	0.0599	0.0572	0.0027	1.3367	1.1608	0.1759	0.4626	0.2456	0.2170	0.0378	0.0371	0.0007	0.4248	0.2085	0.2163	72.6978	0.1030	324201.3758	0.3225	0.3314	0.0107	362431.3305	0.0000	1406418.8317	0.0099	0.0186	0.0000	0.1206	0.1228	0.0040	0.0000	0.0000	0.0000
12	15	0.2670	10	1	1	0	1	0	0	0	0	N	N	N	N	N	N	N	N	N	N	N	N	0.0000	0.0000	0.0000	0.0000	0.0000	0.0000	0.0000	0.0000	0.0000	0.0000	0.0000	0.0000	0.0000	4.8703	9.3326	0.0000	35.5400	39.3878	0.0000	0.0000	0.0000	0.0000	0.0000	0.0000	-0.2475	16.7672	0.0001	6.4850	6.0018	0.0000	0.0000	0.0000	0.0000	0.0000	0.0000	0.0000	0.0000	0.0000	0.3940	0.3940	0.0000	0.3940	0.3940	0.0000	0.0000	0.0000	0.0000	0.0000	0.0000	0.0000	0.0000	0.0000	0.0000	0.0000	0.0000	0.0000	0.0809	0.0422	0.0387	0.0111	0.0100	0.0011	0.0698	0.0322	0.0376	0.0000	0.0000	0.0000	0.0000	0.0000	0.0000	0.0000	0.0000	0.0000	4.8703	9.3326	0.0000	35.5400	39.3878	0.0000	0.0000	0.0000	0.0000						
12	16	0.2652	9	1	1	0	1	0	0	0	0	N	N	N	N	N	N	N	N	N	N	N	N	0.0000	0.0000	0.0000	0.0000	0.0000	0.0000	0.0000	0.0000	0.0000	0.0000	0.0000	0.0000	0.0000	0.0000	0.0000	0.0000	0.0124	0.0495	0.0000	0.0685	0.0804	0.0000	0.0000	0.0000	0.0000	0.0009	0.0000	-0.0001	16.7672	1.0007	6.4850	1.0009	0.0000	0.0000	0.0000	0.0000	0.0000	0.0000	0.0000	0.0000	0.0000	0.0001	0.0001	0.0000	0.0001	0.0001	0.0000	0.0000	0.0000	0.0000	0.0715	0.0632	0.0082	0.0181	0.0170	0.0011	0.0534	0.0463	0.0071	0.0273	0.0143	0.0130	0.0036	0.0033	0.0003	0.0237	0.0110	0.0127	0.0000	0.0000	0.0000	0.0000	0.0000	0.0000	0.0000	0.0000	0.0000	0.0039	0.0074	0.0000	0.0291	0.0322	0.0000	0.0000	0.0000	0.0000			
12	17	0.4962	11	1	2	0	1	0	0	0	0	N	Y	N	N	N	N	N	N	N	N	N	N	17182.4446	4541222.6138	0.0000	22472396.4278	21871772.8090	0.0131	0.0313	0.0000	1.2712	1.4259	0.0000	3.6247	3.8734	0.0000	0.0000	0.0000	0.0000	0.0001	0.0000	0.0002	0.0000	0.0000	0.0000	0.0003	0.0001	0.0002	0.0000	399.3636	-0.2113	0.0000	16.7672	8.1476	6.4850	4.0573	0.7359	0.7359	0.0000	0.7359	0.7359	0.0000	0.0000	0.0000	0.0000	0.0000	0.0000	0.0000	0.0000	0.0000	0.0000	0.0000	0.0000	0.0000	0.5789	0.5161	0.0628	0.2030	0.1900	0.0130	0.3759	0.3261	0.0498	0.1429	0.0841	0.0588	0.0366	0.0328	0.0038	0.1063	0.0513	0.0550	17182.4446	4541222.6138	0.0000	22472396.4278	21871772.8090	0.0000	0.0342	9.7721	0.0000	0.0001	0.0000	0.0002	0.0000	0.0000	0.0000	0.0001	0.0000	0.0002	
12	18	0.2581	7	1	2	0	0	0	0	0	0	N	Y	N	N	N	N	N	N	N	N	N	N	0.0051	0.0039	0.0815	0.0029	0.0031	0.0054	0.0356	0.0002	0.0923	0.0068	0.0078	0.0000	0.0257	0.0277	0.0000	0.0000	0.0000	0.0000	1.3423	1.9958	0.0000	8.7510	9.0641	0.0002	0.0000	0.0002	0.0000	0.0000	0.0000	-0.0019	-0.2700	16.7672	12.7610	6.4850	15.2058	0.0065	0.0065	0.0000	0.0065	0.0065	0.0000	0.0000	0.0000	0.0000	0.4297	0.4297	0.0000	0.4297	0.4297	0.0000	0.0000	0.0000	0.0000	0.9511	0.8336	0.1175	0.2520	0.2345	0.0175	0.6991	0.5991	0.1000	0.4001	0.2153	0.1848	0.0491	0.0474	0.0017	0.3510	0.1679	0.1832	0.0063	0.0039	0.0815	0.0029	0.0031	0.0054	0.0356	0.0634	0.0923	1.0739	1.9958	0.0000	8.7510	9.0641	0.0002	0.0000	0.0000	0.0000
12	19	0.2719	10	1	2	0	1	0	0	0	0	N	Y	N	N	N	N	N	N	N	N	N	N	inf	inf	inf	inf	0.0003	0.0004	0.0000	0.0013	0.0014	0.0000	0.0000	0.0000	0.0000	0.0000	0.0000	0.0000	0.0000	0.0000	0.0000	0.0000	0.0000	0.0000	0.0000	-0.0000	0.0000	16.7672	3.0000	6.4850	1.0000	0.0001	0.0001	0.0000	0.0001	0.0001	0.0000	0.0000	0.0000	0.0000	0.0000	0.0000	0.0000	0.0000	0.0000	0.0000	0.0000	0.0000	0.0000	0.2120	0.1877	0.0243	0.0541	0.0507	0.0034	0.1579	0.1370	0.0209	0.0535	0.0283	0.0251	0.0074	0.0067	0.0007	0.0461	0.0216	0.0244	inf	inf	0.0000	inf	inf	0.0000	0.0000	0.0000	0.0000	0.0000	0.0000	0.0000	0.0000	0.0000	0.0000	0.0000	0.0000	0.0000						
12	20	0.4548	7	1	2	0	1	0	0	0	0	N	Y	N	N	N	N	N	N	N	N	N	N	0.0414	0.2006	0.0000	0.4032	0.3717	0.0000	0.0000	0.0000	0.0001	0.0001	0.0000	0.0002	0.0002	0.0000	0.0000	0.0000	0.0000	0.0014	0.0003	0.0015	0.0005	0.0006	0.0000	0.0033	0.0000	0.0016	0.0000	3.7344	-0.0000	0.0000	16.7672	9.0824	6.4850	4.8637	0.0000	0.0000	0.0000	0.0000	0.0000	0.0000	0.0000	0.0000	0.0000	0.0001	0.0000	0.0001	0.0000	0.0000	0.0000	0.0001	0.0000	0.0001	0.6812	0.6089	0.0723	0.1901	0.1817	0.0084	0.4911	0.4272	0.0640	0.1858	0.1106	0.0752	0.0577	0.0509	0.0069	0.1281	0.0597	0.0683	0.0765	0.2412	0.0000	0.4032	0.3717	0.0000	0.0000	0.0000	0.0000	0.0008	0.0003	0.0015	0.0005	0.0006	0.0000	0.0009	0.0000	0.0016	
12	21	0.2554	6	2	2	0	0	0	0	0	0	Y	Y	N	N	N	N	N	N	N	N	N	N	0.0264	0.1848	0.0000	0.0076	0.0087	0.0000	0.0318	1.8439	0.0000	0.0044	0.0050	0.0000	0.0003	0.0003	0.0000	0.0059	0.0069	0.0000	0.1678	0.0271	0.0536	0.0343	0.0321	0.0388	0.1871	0.0037	0.0446	0.0000	3.6473	-0.0004	0.0004	16.7672	5.0072	6.4850	8.1033	0.0016	0.0016	0.0000	0.0000	0.0000	0.0000	0.0015	0.0015	0.0000	0.0028	0.0006	0.0022	0.0007	0.0006	0.0001	0.0021	0.0000	0.0021	0.3526	0.3120	0.0406	0.0937	0.0876	0.0061	0.2589	0.2245	0.0345	0.1985	0.1066	0.0919	0.0385	0.0359	0.0026	0.1600	0.0707	0.0894	0.3168	0.8931	0.0000	0.0149	0.0170	0.0000	0.4520	56.9710	0.0000	0.0140	0.0056	0.0237	0.0175	0.0164	0.0329	0.0132	0.0001	0.0235
12	22	0.2240	6	1	2	0	0	0	0	0	0	N	Y	N	N	N	N	N	N	N	N	N	N	0.0004	0.0003	0.0000	0.0003	0.0003	0.0000	0.0028	0.0025	0.0000	0.0005	0.0006	0.0000	0.0023	0.0024	0.0000	0.0000	0.0000	0.0000	1.3233	1.9887	0.0000	8.3205	8.7182	0.0001	0.0001	0.0001	0.0000	0.0000	0.0000	-0.0002	-0.2448	16.7672	17.0533	6.4850	10.0403	0.0007	0.0007	0.0000	0.0007	0.0007	0.0000	0.0000	0.0000	0.0000	0.3896	0.3896	0.0000	0.3896	0.3896	0.0000	0.0000	0.0000	0.0000	1.2004	1.0645	0.1359	0.2852	0.2684	0.0167	0.9152	0.7961	0.1191	0.3775	0.1959	0.1816	0.0468	0.0447	0.0021	0.3307	0.1512	0.1795	0.0005	0.0003	0.0000	0.0003	0.0003	0.0000	0.0059	0.8566	0.0000	1.0320	1.9887	0.0000	8.3205	8.7182	0.0001	0.0000	0.0000	0.0000
12	23	0.4962	11	1	1	0	1	0	0	0	0	N	N	N	N	N	N	N	N	N	N	N	N	21.1137	0.0001	510.4099	14.6863	0.0001	190.9380	32.5169	0.0000	265.3497	0.0051	0.0000	0.0472	0.0123	0.0000	0.1925	0.0011	0.0000	0.0080	0.0002	0.0004	0.0001	0.0008	0.0008	0.0010	0.0000	0.0003	0.0000	138061.5190	0.1926	0.0008	-0.0000	16.7672	2.8591	6.4850	0.9679	0.0011	0.0000	0.0011	0.0009	0.0000	0.0009	0.0001	0.0000	0.0001	0.0000	0.0000	0.0000	0.0000	0.0000	0.0000	0.0000	0.0000	0.0000	0.2135	0.1904	0.0231	0.0766	0.0717	0.0049	0.1369	0.1187	0.0182	0.0478	0.0280	0.0198	0.0128	0.0115	0.0013	0.0350	0.0165	0.0185	21.5577	0.0001	510.4099	14.6863	0.0001	190.9380	64.3439	0.0000	265.3497	0.0002	0.0003	0.0001	0.0008	0.0008	0.0010	0.0000	0.0000	0.0000
12	24	0.4700	10	1	1	0	1	0	0	0	0	N	N	N	N	N	N	N	N	N	N	N	N	16.3201	9.5936	0.0402	101.7507	108.1212	0.0000	0.0002	0.0000	0.0701	0.0024	0.0027	0.0000	0.0069	0.0074	0.0000	0.0000	0.0000	0.0000	0.0001	0.0003	0.0000	0.0001	0.0001	0.0001	0.0005	0.0089	0.0000	0.0000	0.0346	-0.0003	-0.0000	16.7672	6.2936	6.4850	7.0245	0.0011	0.0011	0.0000	0.0011	0.0011	0.0000	0.0000	0.0000	0.0000	0.0000	0.0000	0.0000	0.0000	0.0000	0.0000	0.0000	0.0000	0.0000	0.4597	0.4098	0.0499	0.1603	0.1504	0.0099	0.2994	0.2594	0.0400	0.1562	0.0928	0.0634	0.0402	0.0364	0.0039	0.1159	0.0564	0.0595	16.3201	11.2561	0.0402	101.7507	108.1212	0.0000	0.0005	0.0000	0.0701	0.0001	0.0002	0.0000	0.0001	0.0001	0.0001	0.0002	0.0004	0.0000
12	25	0.3294	7	2	1	1	0	0	0	0	0	Y	N	N	N	N	N	N	N	N	N	N	N	3474.9844	6834.3622	151.1371	2450.2591	2701.0823	0.0000	298.9749	inf	208.1008	0.0120	0.0133	0.0008	0.0287	0.0307	0.0000	0.0008	0.0007	0.0010	0.0000	0.0000	0.0000	0.0000	0.0000	0.0000	0.0000	0.0000	0.0000	0.0067	2.4584	-0.0013	0.0000	16.7672	4.4994	6.4850	1.0731	0.0045	0.0045	0.0000	0.0043	0.0043	0.0000	0.0002	0.0001	0.0000	0.0000	0.0000	0.0000	0.0000	0.0000	0.0000	0.0000	0.0000	0.0000	0.3775	0.3380	0.0395	0.1515	0.1414	0.0101	0.2260	0.1966	0.0294	0.0712	0.0365	0.0347	0.0066	0.0062	0.0003	0.0646	0.0303	0.0344	3474.9844	6834.3622	151.1371	2450.2591	2701.0823	0.0000	298.9749	inf	208.1008	0.0000	0.0000	0.0000	0.0000	0.0000	0.0000	0.0000	0.0000	0.0000
12	26	0.2170	5	1	2	0	0	0	0	0	0	N	Y	N	N	N	N	N	N	N	N	N	N	9.8330	3.0165	0.0000	15.0234	14.7194	0.0000	46.9429	3.0672	0.0000	0.8285	0.9338	0.0000	2.7330	2.9163	0.0000	0.1612	0.1853	0.0000	0.0843	0.3096	0.0007	0.1819	0.1981	0.0069	0.0034	0.0604	0.0005	0.0000	0.0329	-0.2121	-0.0019	16.7672	12.3098	6.4850	9.0087	0.7385	0.7385	0.0000	0.6321	0.6321	0.0000	0.1064	0.1064	0.0000	0.0032	0.0031	0.0001	0.0030	0.0029	0.0000	0.0002	0.0002	0.0001	0.8914	0.7909	0.1006	0.2313	0.2168	0.0145	0.6602	0.5741	0.0860	0.3092	0.1692	0.1400	0.0608	0.0549	0.0058	0.2485	0.1142	0.1342	80.5404	51.3049	0.0000	56.1267	54.9065	0.0000	180.2817	131.6651	0.0000	0.0103	0.0182	0.0007	0.0487	0.0531	0.0069	0.0009	0.0014	0.0005
12	27	0.1938	4	1	2	0	0	0	0	0	0	N	Y	N	N	N	N	N	N	N	N	N	N	0.3415	1.0890	0.0000	0.0001	0.0001	0.0000	0.3707	2666.6196	0.0000	0.5558	0.6264	0.0000	0.0000	0.0000	0.0000	0.7498	0.8620	0.0001	1.6277	0.5752	6.7890	0.6967	0.6861	0.0757	2.0226	0.0003	7.3291	0.0000	63.5534	-0.2869	0.3598	16.7672	25.8727	6.4850	15.5187	0.9993	0.9993	0.0000	0.0000	0.0000	0.0000	0.9993	0.9993	0.0000	1.0103	0.0157	0.9946	0.0160	0.0156	0.0004	0.9943	0.0000	0.9943	1.7980	1.5953	0.2027	0.4653	0.4361	0.0292	1.3327	1.1593	0.1735	0.6316	0.3518	0.2799	0.1254	0.1185	0.0070	0.5062	0.2333	0.2729	0.3475	14.0785	0.0000	0.0004	0.0004	0.0001	0.3818	656913.4434	0.0000	1.5994	0.0445	3.5536	0.1277	0.1321	0.0533	1.9641	0.0000	3.6428
12	28	0.2462	6	2	2	0	0	0	0	0	0	Y	Y	N	N	N	N	N	N	N	N	N	N	1130.9296	135.6212	71873.9015	126.0958	108.9592	9.3226	11285.5389	4583.4782	108792.6828	1.4358	0.3677	9.3909	0.3600	0.3953	0.0034	1.8463	0.3568	11.8905	0.0013	0.0027	0.0001	0.0029	0.0036	0.0004	0.0002	0.0001	0.0001	3.4285	0.0927	1.9057	-0.0003	16.7672	38.1974	6.4850	14.3032	3.9126	0.8835	3.0291	0.2710	0.2707	0.0002	3.6416	0.6128	3.0289	0.0006	0.0005	0.0000	0.0005	0.0005	0.0000	0.0000	0.0000	0.0000	2.7251	2.4026	0.3226	0.7528	0.6850	0.0678	1.9724	1.7176	0.2547	0.8212	0.4567	0.3645	0.1838	0.1533	0.0305	0.6375	0.3034	0.3341	2101.1660	327.0594	71873.9015	126.0958	118.0183	9.3226	32174.3434	1507630.2657	108792.6828	0.0007	0.0011	0.0001	0.0029	0.0033	0.0004	0.0001	0.0000	0.0001
12	29	0.2239	6	1	2	0	0	0	0	0	0	N	Y	N	N	N	N	N	N	N	N	N	N	0.4831	0.0000	3209439.4837	0.0000	0.0000	0.0000	0.5619	0.0000	3626834.7340	2.0117	0.0000	18.5280	0.0000	0.0000	0.0000	2.8957	0.0000	21.8163	4.1644	7.6335	0.0000	1.3513	1.4233	0.0000	5.1536	11.3368	0.0000	inf	0.0000	0.7121	-0.6352	16.7672	6.0056	6.4850	10.9350	0.9989	0.0000	0.9989	0.0000	0.0000	0.0000	0.9989	0.0000	0.9989	1.0109	1.0109	0.0000	0.0150	0.0150	0.0000	0.9959	0.9959	0.0000	0.4966	0.4426	0.0539	0.1516	0.1435	0.0081	0.3450	0.2992	0.0458	0.2428	0.1324	0.1103	0.0495	0.0446	0.0049	0.1932	0.0878	0.1054	0.4831	0.0000	3209439.4837	0.0000	0.0000	0.0000	0.5619	0.0000	3626834.7340	4.1644	7.6335	0.0000	0.3032	0.3367	0.0000	5.1536	11.3368	0.0000
12	30	0.2840	6	2	2	0	0	0	0	0	0	Y	Y	N	N	N	N	N	N	N	N	N	N	2018.8572	1167.9841	1.5783	1.1049	1.0698	3.4486	21814.4501	11265.8576	0.0329	1.9148	2.1010	0.0002	0.0020	0.0020	0.0009	3.4292	3.9286	0.0000	0.0009	0.0018	0.0001	0.0018	0.0019	0.0003	0.0002	0.0003	0.0001	0.0000	0.0813	-1.1430	-0.0002	16.7672	17.1852	6.4850	7.8386	3.9810	3.9809	0.0000	0.0018	0.0018	0.0000	3.9791	3.9791	0.0000	0.0003	0.0003	0.0000	0.0003	0.0003	0.0000	0.0000	0.0000	0.0000	2.0790	1.8947	0.1843	0.9187	0.8819	0.0368	1.1604	1.0129	0.1475	0.4746	0.2978	0.1769	0.1401	0.1314	0.0087	0.3345	0.1663	0.1682	3341.7715	2487.1884	1.5783	1.1049	1.0698	3.4486	62281.3103	2677779.0452	0.0329	0.0006	0.0008	0.0001	0.0018	0.0019	0.0003	0.0001	0.0000	0.0001
12	31	0.0656	3	1	2	0	0	0	0	0	0	N	Y	N	N	N	N	N	N	N	N	N	N	0.1407	0.0621	2.1233	0.3126	0.3048	2.9042	0.2356	0.0000	1.8863	0.0005	0.0005	0.0001	0.0103	0.0107	0.0009	0.0000	0.0000	0.0001	0.0035	0.0088	0.0000	0.0329	0.0351	0.0003	0.0000	0.0004	0.0000	0.0268	0.0153	-0.0001	-0.0003	16.7672	9.9927	6.4850	7.0404	0.0003	0.0003	0.0000	0.0003	0.0003	0.0000	0.0000	0.0000	0.0000	0.0004	0.0004	0.0000	0.0004	0.0004	0.0000	0.0000	0.0000	0.0000	0.6904	0.6015	0.0889	0.0321	0.0307	0.0013	0.6584	0.5708	0.0876	0.3005	0.1597	0.1408	0.0252	0.0248	0.0005	0.2753	0.1349	0.1404	0.3368	0.2032	2.1233	0.6046	0.6171	2.9042	0.4766	0.0000	1.8863	0.0015	0.0027	0.0000	0.0170	0.0173	0.0003	0.0000	0.0000	0.0000
12	32	0.0575	2	1	2	0	0	0	0	0	0	N	Y	N	N	N	N	N	N	N	N	N	N	2.2655	0.5913	229.3655	4.2294	4.1154	inf	0.9831	0.0000	230.7323	0.0037	0.0024	0.0128	0.0220	0.0223	0.0033	0.0017	0.0000	0.0129	0.0016	0.0040	0.0001	0.0052	0.0054	0.0000	0.0017	0.0372	0.0001	0.7413	0.0329	0.0002	-0.0000	16.7672	3.8146	6.4850	0.9911	0.0011	0.0006	0.0005	0.0006	0.0006	0.0000	0.0005	0.0000	0.0005	0.0001	0.0001	0.0000	0.0000	0.0000	0.0000	0.0000	0.0000	0.0000	0.3048	0.2677	0.0371	0.0291	0.0287	0.0004	0.2757	0.2390	0.0367	0.0868	0.0457	0.0411	0.0066	0.0065	0.0001	0.0802	0.0392	0.0410	4.4121	1.5688	229.3655	4.9443	4.9155	inf	3.2413	0.0001	230.7323	0.0008	0.0015	0.0001	0.0045	0.0045	0.0000	0.0005	0.0010	0.0001
12	33	0.0575	2	1	2	0	0	0	0	0	0	N	Y	N	N	N	N	N	N	N	N	N	N	375.7368	82.7568	1028219726.5825	0.4585	0.4389	inf	532109627.8121	inf	1037983678.9513	1.2125	0.6917	4.7971	0.0165	0.0165	0.0159	1.2680	0.7265	4.8577	0.0032	0.0084	0.0000	0.0359	0.0376	0.0000	0.0000	0.0000	0.0000	1.0074	0.0000	0.4280	-0.0004	16.7672	24.4476	6.4850	5.0002	1.9934	0.9930	1.0004	0.0012	0.0012	0.0000	1.9922	0.9918	1.0003	0.0007	0.0007	0.0000	0.0007	0.0007	0.0000	0.0000	0.0000	0.0000	1.6441	1.4355	0.2085	0.0730	0.0703	0.0026	1.5711	1.3652	0.2059	0.4998	0.2640	0.2358	0.0382	0.0374	0.0007	0.4616	0.2266	0.2350	891.0437	268.5384	1028219726.5825	0.9245	0.9080	inf	532109627.8121	inf	1037983678.9513	0.0014	0.0026	0.0000	0.0178	0.0182	0.0000	0.0000	0.0000	0.0000
12	34	0.3645	6	1	2	1	1	0	0	0	0	N	Y	N	N	N	N	N	N	N	N	N	N	83.7996	32.6076	0.0167	260.0358	191.9493	0.5271	0.0202	0.0173	0.7010	0.7232	0.0000	0.8481	0.8555	0.0000	0.0073	0.0084	0.0000	0.0084	0.0222	0.0000	0.0033	0.0045	0.0000	0.0138	0.4154	0.0000	0.0000	0.0033	-0.0695	-0.0001	16.7672	1.3124	6.4850	1.0060	0.2420	0.2420	0.0000	0.2416	0.2416	0.0000	0.0004	0.0004	0.0000	0.0001	0.0001	0.0000	0.0000	0.0000	0.0000	0.0001	0.0001	0.0000	0.3452	0.3347	0.0106	0.2849	0.2824	0.0025	0.0604	0.0523	0.0081	0.0355	0.0206	0.0148	0.0116	0.0095	0.0021	0.0239	0.0112	0.0127	240.4342	144.8320	0.0167	263.0230	216.3996	0.0000	2.6242	1.4275	0.0173	0.0029	0.0050	0.0000	0.0032	0.0040	0.0000	0.0028	0.0059	0.0000	
12	35	0.2332	5	1	1	0	1	0	0	0	0	N	N	N	N	N	N	N	N	N	N	N	N	0.5776	0.4757	2.3651	104.0235	110.0148	0.2776	0.4661	0.2748	3.0713	0.4749	0.5334	0.0013	0.5199	0.5570	0.0011	0.4552	0.5224	0.0014	0.8222	1.1212	0.0006	0.0050	0.0051	0.0041	0.9766	1.9010	0.0005	0.0003	0.0020	-0.5080	-0.0715	16.7672	53.2438	6.4850	16.6757	1.7712	1.7707	0.0006	0.5897	0.5896	0.0001	1.1815	1.1811	0.0005	0.1142	0.1140	0.0002	0.0007	0.0006	0.0001	0.1135	0.1133	0.0002	3.7298	3.3195	0.4102	1.1342	1.0586	0.0756	2.5956	2.2610	0.3346	0.8832	0.4875	0.3957	0.1630	0.1504	0.0126	0.7203	0.3371	0.3831	3.6734	2.2819	2.3651	120.9410	128.9835	0.2776	2.8892	1.5543	3.0713	0.1293	0.2338	0.0006	0.0043	0.0043	0.0041	0.1576	0.3361	0.0005
12	36	0.1924	5	1	2	0	0	0	0	0	0	N	Y	N	N	N	N	N	N	N	N	N	N	0.0106	0.0044	0.0000	0.0141	0.0147	0.0000	0.0045	0.6599	0.0000	0.0004	0.0005	0.0000	0.0015	0.0016	0.0000	0.0001	0.0001	0.0000	0.0406	0.1109	0.0075	0.1043	0.1085	0.0006	0.0138	0.0001	0.0060	0.0000	0.4300	-0.0002	-0.0011	16.7672	17.9460	6.4850	11.6991	0.0006	0.0006	0.0000	0.0005	0.0005	0.0000	0.0001	0.0001	0.0000	0.0033	0.0023	0.0010	0.0023	0.0023	0.0000	0.0010	0.0000	0.0010	1.3094	1.1566	0.1528	0.3437	0.3171	0.0266	0.9657	0.8395	0.1262	0.4172	0.2227	0.1945	0.0631	0.0588	0.0042	0.3541	0.1639	0.1903	0.0552	0.0477	0.0000	0.0406	0.0411	0.0000	0.0227	204.2936	0.0000	0.0078	0.0103	0.0050	0.0363	0.0388	0.0006	0.0028	0.0000	0.0051
12	37	0.4671	8	2	2	0	0	0	0	0	0	Y	Y	N	N	N	N	N	N	N	N	N	N	1064.5000	728.5638	0.6313	0.5818	inf	inf	0.0016	0.0018	0.0000	0.0000	0.0000	0.0000	0.0021	0.0024	0.0000	0.0000	0.0000	0.0000	0.0000	0.0000	0.0000	0.0000	0.0000	0.0000	0.0000	0.0000	-0.0001	-0.0000	16.7672	1.9903	6.4850	0.0021	0.0002	0.0002	0.0000	0.0000	0.0000	0.0000	0.0002	0.0002	0.0000	0.0000	0.0000	0.0000	0.0000	0.0000	0.0000	0.0000	0.0000	0.0000	0.1342	0.1187	0.0154	0.0335	0.0318	0.0018	0.1006	0.0870	0.0137	0.0255	0.0154	0.0100	0.0083	0.0073	0.0010	0.0171	0.0081	0.0090	1064.5000	728.5638	0.0000	0.6313	0.5818	0.0000	inf	inf	0.0000	0.0000	0.0000	0.0000	0.0000	0.0000	0.0000	0.0000	0.0000	0.0000			
12	38	0.2332	5	1	2	0	1	0	0	0	0	N	Y	N	N	N	N	N	N	N	N	N	N	1.3052	1.0716	9.4067	37.3258	36.5645	0.9585	1.3461	0.8030	12.2737	1.1054	1.2417	0.0056	0.5548	0.5947	0.0033	1.3594	1.5616	0.0062	0.8469	1.1588	0.0006	0.0149	0.0163	0.0034	1.0099	1.9447	0.0005	0.0006	0.0019	-1.0557	-0.0720	16.7672	45.5232	6.4850	15.8903	3.6840	3.6820	0.0021	0.5836	0.5834	0.0002	3.1005	3.0986	0.0018	0.1149	0.1147	0.0002	0.0015	0.0014	0.0000	0.1135	0.1133	0.0002	3.3326	2.9653	0.3674	1.0519	0.9810	0.0709	2.2808	1.9843	0.2965	0.8009	0.4433	0.3577	0.1519	0.1404	0.0115	0.6490	0.3029	0.3462	7.7035	4.7980	9.4067	58.0146	59.0825	0.9585	7.7748	4.1742	12.2737	0.1435	0.2588	0.0006	0.0096	0.0101	0.0034	0.1748	0.3741	0.0005
12	39	0.2061	4	1	1	0	1	0	0	0	0	N	N	N	N	N	N	N	N	N	N	N	N	0.4758	0.3016	10.7942	0.1907	0.1937	19.2061	0.5096	0.2811	3.6046	1.0313	1.1522	0.0486	0.3816	0.3898	0.2458	1.3157	1.5152	0.0117	2.1674	3.8206	0.0045	2.0009	2.0126	0.0128	2.5819	5.3904	0.0032	0.0052	0.0007	-0.3179	-0.3971	16.7672	13.8166	6.4850	4.5847	1.1275	1.1217	0.0058	0.1271	0.1224	0.0046	1.0004	0.9993	0.0012	0.6327	0.6322	0.0005	0.0365	0.0364	0.0001	0.5962	0.5958	0.0004	1.0933	0.9735	0.1198	0.3329	0.3141	0.0189	0.7604	0.6595	0.1009	0.2919	0.1655	0.1264	0.0610	0.0549	0.0060	0.2309	0.1105	0.1204	0.4758	0.3016	13.1296	0.6384	0.5886	19.2061	0.5096	0.2811	3.6046	2.1674	3.8206	0.0037	0.5979	0.6623	0.0128	2.5819	5.3904	0.0032
12	40	0.3679	8	1	1	1	0	0	0	0	0	N	N	N	N	N	N	N	N	N	N	N	N	2434.4167	9.5311	36185.9588	12.9872	13.1619	0.0054	4241.5411	6.3827	45234.7888	1.0198	0.0050	9.4398	0.0128	0.0135	0.0000	1.5417	0.0001	11.3202	0.0004	0.0005	0.0003	0.0010	0.0010	0.0005	0.0004	0.0000	0.0003	228.9121	0.5077	0.7106	-0.0000	16.7672	12.6411	6.4850	7.4648	1.0029	0.0044	0.9985	0.0043	0.0043	0.0000	0.9986	0.0001	0.9985	0.0001	0.0001	0.0000	0.0001	0.0001	0.0000	0.0000	0.0000	0.0000	0.9834	0.8776	0.1058	0.3357	0.3181	0.0176	0.6477	0.5595	0.0882	0.2799	0.1611	0.1188	0.0646	0.0596	0.0050	0.2154	0.1015	0.1138	3100.9983	13.1133	36185.9588	12.9872	13.1619	0.0054	11653.9857	2358.5541	45234.7888	0.0003	0.0004	0.0003	0.0010	0.0010	0.0005	0.0001	0.0000	0.0003
12	41	0.4546	6	1	2	0	0	0	0	0	0	N	Y	N	N	N	N	N	N	N	N	N	N	3.3452	0.0026	21107.2555	0.6493	0.0101	2445.6962	2565.7071	0.0150	28894.1456	1.0820	0.0013	10.3253	0.2300	0.0038	4.7747	1.4953	0.0000	11.2891	0.3234	0.5164	0.0005	0.3542	0.3778	0.0020	0.0006	0.0007	0.0004	907.5849	0.0092	1.2355	-0.0054	16.7672	22.0894	6.4850	9.3639	1.7358	0.0019	1.7339	0.1205	0.0019	0.1186	1.6153	0.0000	1.6153	0.0087	0.0086	0.0001	0.0087	0.0086	0.0000	0.0001	0.0000	0.0001	1.6043	1.4364	0.1679	0.5240	0.4992	0.0248	1.0802	0.9371	0.1431	0.4037	0.2421	0.1616	0.1196	0.1094	0.0102	0.2841	0.1326	0.1514	50.1044	0.0373	21107.2555	3.1780	0.0482	2445.6962	7097.3926	2.1388	28894.1456	0.0216	0.0357	0.0005	0.0724	0.0789	0.0020	0.0002	0.0000	0.0004
12	42	0.2061	4	1	2	0	0	0	0	0	0	N	Y	N	N	N	N	N	N	N	N	N	N	0.9028	0.4651	550.8164	0.2512	0.2579	0.0000	88.8643	137.5676	809.8568	0.9490	0.6781	3.1053	0.8661	0.9224	0.0000	0.9771	0.5888	3.6038	1.0512	1.4579	0.0056	3.4473	3.5772	0.0000	0.0110	0.0043	0.0044	0.5755	0.0047	0.2138	-0.1955	16.7672	43.3975	6.4850	17.3745	2.7362	1.7368	0.9994	0.6322	0.6322	0.0000	2.1040	1.1046	0.9994	0.3135	0.3121	0.0015	0.3120	0.3120	0.0000	0.0015	0.0000	0.0015	2.8831	2.5613	0.3218	0.7299	0.6854	0.0445	2.1532	1.8759	0.2773	0.7798	0.4264	0.3535	0.1254	0.1138	0.0116	0.6545	0.3126	0.3419	2.3606	0.9265	749.2302	0.3480	0.3364	0.0000	422.7895	3866.3043	841.0483	0.4020	0.7319	0.0041	2.4886	2.7416	0.0000	0.0023	0.0002	0.0043
12	43	0.3848	5	2	1	1	0	0	0	0	0	Y	N	N	N	N	N	N	N	N	N	N	N	23628.5390	47.8599	185276.7656	0.5872	0.4026	1.8553	38385.0506	inf	300810.8514	0.7783	0.0017	6.9677	0.0001	0.0000	0.0006	1.0323	0.0023	7.8280	0.0000	0.0000	0.0000	0.0001	0.0001	0.0003	0.0000	0.0000	0.0000	505.2248	1.0411	0.7119	-0.0000	16.7672	18.2331	6.4850	4.4208	1.0014	0.0020	0.9994	0.0000	0.0000	0.0000	1.0014	0.0020	0.9994	0.0000	0.0000	0.0000	0.0000	0.0000	0.0000	0.0000	0.0000	0.0000	1.2866	1.1432	0.1434	0.3166	0.3008	0.0158	0.9700	0.8424	0.1277	0.3119	0.1726	0.1394	0.0593	0.0542	0.0051	0.2526	0.1183	0.1343	23628.5390	59.3196	185276.7656	0.5872	0.4026	1.8553	74631.2232	inf	300810.8514	0.0000	0.0000	0.0000	0.0001	0.0001	0.0003	0.0000	0.0000	0.0000
12	44	0.4446	5	1	2	0	1	0	0	0	0	N	Y	N	N	N	N	N	N	N	N	N	N	0.3006	0.8903	0.0010	0.2574	0.2749	0.0045	0.2898	3.8649	0.0010	0.4261	0.4760	0.0058	0.1124	0.1187	0.0005	0.5388	0.6151	0.0066	1.4174	0.5346	6.0431	0.4367	0.4316	0.1078	1.8590	0.1591	6.6292	0.0015	50.6040	-0.4972	0.4938	16.7672	62.5878	6.4850	29.9840	1.7404	1.7379	0.0025	0.1214	0.1214	0.0000	1.6190	1.6166	0.0025	1.4016	0.0272	1.3745	0.0287	0.0262	0.0025	1.3729	0.0009	1.3720	4.0848	3.6509	0.4338	1.0799	1.0227	0.0572	3.0049	2.6283	0.3766	1.1611	0.6980	0.4631	0.3426	0.3051	0.0375	0.8185	0.3929	0.4256	0.3530	12.2332	0.0020	1.3406	1.3795	0.0073	0.3212	264.5130	0.0021	1.2072	0.0389	2.9682	0.0838	0.0860	0.0661	1.6774	0.0023	3.2236
12	45	0.3848	5	2	1	1	0	0	0	0	0	Y	N	N	N	N	N	N	N	N	N	N	N	53.2395	35.0384	0.0089	1.0813	1.0460	0.0000	1172.6910	inf	0.0105	0.0036	0.0040	0.0000	0.0004	0.0004	0.0000	0.0047	0.0054	0.0000	0.0001	0.0001	0.0000	0.0003	0.0004	0.0000	0.0000	0.0000	0.0000	0.0000	0.0548	-0.0010	-0.0000	16.7672	13.5293	6.4850	3.1702	0.0035	0.0035	0.0000	0.0001	0.0001	0.0000	0.0034	0.0034	0.0000	0.0000	0.0000	0.0000	0.0000	0.0000	0.0000	0.0000	0.0000	0.0000	0.9948	0.8854	0.1094	0.2570	0.2447	0.0123	0.7378	0.6408	0.0970	0.2366	0.1314	0.1052	0.0460	0.0422	0.0038	0.1906	0.0892	0.1014	53.2395	35.0384	0.0089	1.0813	1.0460	0.0000	1172.6910	inf	0.0105	0.0001	0.0001	0.0000	0.0003	0.0004	0.0000	0.0000	0.0000	0.0000
12	46	0.3804	4	2	1	1	0	0	0	0	0	Y	N	N	N	N	N	N	N	N	N	N	N	106.3050	69.1596	4.8719	9.0438	9.1687	0.0059	382.2984	248.9433	6.1787	0.1481	0.1631	0.0020	0.0222	0.0229	0.0000	0.2166	0.2474	0.0023	0.0014	0.0024	0.0004	0.0025	0.0025	0.0016	0.0006	0.0010	0.0004	0.0013	0.2953	-0.0184	-0.0000	16.7672	4.1147	6.4850	1.2946	0.0643	0.0642	0.0001	0.0034	0.0034	0.0000	0.0609	0.0608	0.0001	0.0001	0.0001	0.0000	0.0001	0.0001	0.0000	0.0000	0.0000	0.0000	0.4341	0.3938	0.0403	0.1529	0.1479	0.0051	0.2811	0.2459	0.0352	0.0951	0.0552	0.0399	0.0233	0.0220	0.0013	0.0718	0.0332	0.0386	196.6178	162.7329	4.8719	9.0438	9.1687	0.0059	1068.4268	25669.1637	6.1787	0.0008	0.0010	0.0004	0.0025	0.0025	0.0016	0.0002	0.0000	0.0004
12	47	0.3177	3	2	1	0	0	0	0	0	0	Y	N	N	N	N	N	N	N	N	N	N	N	1.6446	1.6221	0.0494	0.0454	0.0475	0.0338	3.4506	1530.0391	0.0626	1.1009	1.2373	0.0082	0.0418	0.0434	0.0073	1.4211	1.6330	0.0083	0.6694	0.7628	0.1668	0.9197	0.9155	0.2170	0.4118	0.0011	0.1331	0.0008	0.3789	-0.5351	-0.0181	16.7672	22.0103	6.4850	13.6452	1.8689	1.8673	0.0016	0.0165	0.0163	0.0001	1.8524	1.8510	0.0014	0.0512	0.0371	0.0141	0.0383	0.0371	0.0012	0.0129	0.0000	0.0129	1.6976	1.5092	0.1884	0.3941	0.3757	0.0184	1.3035	1.1335	0.1700	0.7391	0.4453	0.2938	0.2156	0.2047	0.0110	0.5235	0.2406	0.2828	15.8992	14.8456	0.1722	0.2351	0.2396	0.0675	57.7805	135616.2995	0.1833	0.0692	0.0833	0.0479	0.1776	0.1813	0.1087	0.0246	0.0000	0.0455
12	48	0.3679	8	1	2	0	0	0	0	0	0	N	Y	N	N	N	N	N	N	N	N	N	N	297.4065	2204.3904	0.0003	14.3187	14.0217	0.0000	243.2383	76806.6487	0.0003	1.0237	1.1471	0.0000	0.0131	0.0138	0.0000	1.5480	1.7921	0.0000	0.0034	0.0005	0.0029	0.0009	0.0010	0.0000	0.0064	0.0000	0.0030	0.0000	5.5278	-0.2874	0.0001	16.7672	12.3962	6.4850	3.7178	1.0008	1.0008	0.0000	0.0044	0.0044	0.0000	0.9965	0.9965	0.0000	0.0003	0.0001	0.0003	0.0001	0.0001	0.0000	0.0003	0.0000	0.0003	0.9776	0.8725	0.1052	0.3339	0.3165	0.0175	0.6437	0.5560	0.0877	0.2376	0.1383	0.0993	0.0571	0.0530	0.0041	0.1804	0.0853	0.0951	711.4560	3029.8422	0.0003	14.3187	14.0217	0.0000	964.8320	28306768.1673	0.0003	0.0014	0.0004	0.0029	0.0009	0.0010	0.0000	0.0016	0.0000	0.0030
12	49	0.3390	7	1	1	0	0	0	0	0	0	N	N	N	N	N	N	N	N	N	N	N	N	110.8135	58.4153	9.9347	156.4950	143.8764	0.0078	76.0645	13.5845	11.8401	0.7203	0.8017	0.0068	1.6532	1.7422	0.0000	0.1535	0.1760	0.0083	0.0065	0.0137	0.0007	0.0106	0.0121	0.0002	0.0020	0.0130	0.0007	0.0010	0.1400	-0.2639	-0.0004	16.7672	14.4870	6.4850	5.8627	0.9222	0.9213	0.0009	0.7999	0.7999	0.0000	0.1223	0.1214	0.0009	0.0008	0.0007	0.0001	0.0006	0.0006	0.0000	0.0001	0.0001	0.0001	1.2804	1.1492	0.1312	0.4839	0.4591	0.0247	0.7966	0.6901	0.1065	0.3237	0.1850	0.1387	0.0851	0.0781	0.0070	0.2387	0.1069	0.1317	302.7563	219.5731	9.9347	224.8426	218.1472	0.0078	253.1509	362.4276	11.8401	0.0024	0.0037	0.0007	0.0074	0.0080	0.0002	0.0006	0.0005	0.0007
12	50	0.3352	8	2	2	1	0	0	0	0	0	Y	Y	N	N	N	N	N	N	N	N	N	N	0.0013	0.0002	0.0003	0.0004	inf	inf	0.0001	0.0001	0.0000	0.0002	0.0002	0.0000	0.0000	0.0000	0.0000	0.0450	0.2728	0.0000	0.5478	0.5679	0.0000	0.0000	0.0000	0.0000	0.0000	0.0000	-0.0000	-0.0002	16.7672	0.9856	6.4850	2.8295	0.0000	0.0000	0.0000	0.0000	0.0000	0.0000	0.0000	0.0000	0.0000	0.0004	0.0004	0.0000	0.0004	0.0004	0.0000	0.0000	0.0000	0.0000	0.0672	0.0595	0.0077	0.0196	0.0183	0.0013	0.0476	0.0412	0.0064	0.0470	0.0236	0.0234	0.0038	0.0036	0.0003	0.0432	0.0201	0.0232	0.0071	0.0040	0.0000	0.0018	0.0018	0.0000	inf	inf	0.0000	0.0083	0.0165	0.0000	0.1022	0.1095	0.0000	0.0000	0.0000	0.0000			
12	51	0.4245	6	2	2	0	0	0	0	0	0	Y	Y	N	N	N	N	N	N	N	N	N	N	3665.3352	2418.5025	0.0000	61.4152	58.0826	0.0000	6973.8255	36152.9965	0.0000	0.9090	1.0161	0.0000	0.0360	0.0373	0.0000	1.2302	1.4156	0.0000	0.0002	0.0004	0.0001	0.0006	0.0006	0.0000	0.0002	0.0000	0.0001	0.0000	0.2110	-0.2906	-0.0000	16.7672	13.3057	6.4850	8.6321	1.0120	1.0120	0.0000	0.0108	0.0108	0.0000	1.0012	1.0012	0.0000	0.0001	0.0001	0.0000	0.0001	0.0001	0.0000	0.0000	0.0000	0.0000	1.1132	0.9959	0.1173	0.2994	0.2887	0.0107	0.8138	0.7072	0.1066	0.3777	0.2330	0.1447	0.1284	0.1168	0.0115	0.2493	0.1162	0.1331	3779.7804	3156.5961	0.0000	61.4152	58.0826	0.0000	19542.4330	13821941.9608	0.0000	0.0002	0.0003	0.0001	0.0006	0.0006	0.0000	0.0001	0.0000	0.0001
12	52	0.4700	10	1	2	0	1	0	0	0	0	N	Y	N	N	N	N	N	N	N	N	N	N	151.2001	0.0000	707.2899	3.1818	0.0000	9.4456	160.1595	1250.4767	0.0046	0.0000	0.0434	0.0002	0.0000	0.0029	0.0071	0.0000	0.0530	0.0000	0.0000	0.0001	0.0001	0.0000	0.0003	0.0000	0.0000	0.0000	inf	4.0708	0.0005	0.0000	16.7672	2.1073	6.4850	0.0711	0.0008	0.0000	0.0008	0.0000	0.0000	0.0000	0.0008	0.0000	0.0008	0.0000	0.0000	0.0000	0.0000	0.0000	0.0000	0.0000	0.0000	0.0000	0.1667	0.1489	0.0177	0.0600	0.0566	0.0034	0.1067	0.0924	0.0143	0.0291	0.0175	0.0116	0.0084	0.0076	0.0008	0.0207	0.0099	0.0108	151.2001	0.0000	707.2899	3.1818	0.0000	9.4456	321.4981	0.0000	1250.4767	0.0000	0.0000	0.0001	0.0001	0.0000	0.0003	0.0000	0.0000	0.0000	
12	53	0.4076	9	1	1	0	1	0	0	0	0	N	N	N	N	N	N	N	N	N	N	N	N	0.8422	0.0000	190.1338	0.0006	0.0000	0.1696	74.8436	0.0000	340.8577	0.0001	0.0000	0.0013	0.0000	0.0000	0.0000	0.0002	0.0000	0.0016	0.0002	0.0003	0.0000	0.0008	0.0009	0.0000	0.0000	0.0002	0.0000	25463.9155	0.0182	0.0001	-0.0000	16.7672	21.8329	6.4850	8.0592	0.0002	0.0000	0.0002	0.0000	0.0000	0.0000	0.0002	0.0000	0.0002	0.0001	0.0001	0.0000	0.0001	0.0001	0.0000	0.0000	0.0000	0.0000	1.4908	1.3305	0.1603	0.5208	0.4882	0.0326	0.9700	0.8424	0.1277	0.3199	0.1813	0.1386	0.0623	0.0561	0.0062	0.2576	0.1252	0.1324	0.8422	0.0000	190.1338	0.0006	0.0000	0.1696	74.8436	0.0114	340.8577	0.0002	0.0003	0.0000	0.0008	0.0009	0.0000	0.0000	0.0000	0.0000
12	54	0.5370	8	1	2	0	1	0	0	0	0	N	Y	N	N	N	N	N	N	N	N	N	N	0.0000	0.0000	0.0000	0.0000	0.0000	0.0000	0.0000	0.0000	0.0000	0.0000	0.0000	0.0000	0.0000	0.0000	0.0000	0.0000	0.0000	0.0000	0.0000	0.0000	16.7672	0.0000	6.4850	0.0000	0.0000	0.0000	0.0000	0.0000	0.0000	0.0000	0.0000	0.0000	0.0000	0.0000	0.0000	0.0000	0.0000	0.0000	0.0000	0.0000	0.0000	0.0000	0.0000	0.0000	0.0000	0.0000	0.0000	0.0000	0.0000	0.0000	0.0000	0.0000	0.0000	0.0000	0.0000	0.0000	0.0000	0.0000	0.0000	0.0000	0.0000	0.0000	0.0000	0.0000	0.0000	0.0000	0.0000	0.0000	0.0000	0.0000	0.0000	0.0000	0.0000	0.0000	0.0000	0.0000	0.0000	0.0000											
12	55	0.4076	9	1	1	0	1	0	0	0	0	N	N	N	N	N	N	N	N	N	N	N	N	73.5413	518.6029	151.8157	0.0028	0.0354	0.0011	180.5260	6.4399	610.4815	0.0017	0.0009	0.0088	0.0000	0.0000	0.0000	0.0030	0.0016	0.0120	0.0000	0.0000	0.0001	0.0001	0.0000	0.0009	0.0000	0.0003	0.0000	1.1020	20.4474	0.0000	0.0000	16.7672	1.2825	6.4850	0.1503	0.0002	0.0001	0.0001	0.0000	0.0000	0.0000	0.0002	0.0001	0.0001	0.0000	0.0000	0.0000	0.0000	0.0000	0.0000	0.0000	0.0000	0.0000	0.1233	0.1109	0.0124	0.0531	0.0499	0.0033	0.0702	0.0610	0.0091	0.0211	0.0131	0.0080	0.0058	0.0054	0.0003	0.0154	0.0077	0.0077	73.5413	518.6029	151.8157	0.0028	0.0354	0.0011	291.4623	1853.3656	610.4815	0.0000	0.0000	0.0001	0.0001	0.0000	0.0009	0.0000	0.0000	0.0000
12	56	0.3666	8	1	1	0	1	0	0	0	0	N	N	N	N	N	N	N	N	N	N	N	N	1949.0671	25.7093	14660.7504	43.7263	195.4505	37.2775	1360.1900	0.3304	28958.0013	0.7926	0.0054	7.5081	0.0153	0.0095	0.1122	1.2939	0.0025	9.4744	0.0004	0.0002	0.0005	0.0004	0.0000	0.0030	0.0010	0.0075	0.0003	162.9029	1.7042	0.7115	0.0000	16.7672	14.8542	6.4850	6.8183	1.0067	0.0061	1.0006	0.0076	0.0045	0.0031	0.9991	0.0017	0.9974	0.0001	0.0000	0.0001	0.0000	0.0000	0.0000	0.0001	0.0000	0.0000	1.2701	1.1369	0.1333	0.4980	0.4700	0.0280	0.7721	0.6669	0.1053	0.3151	0.1896	0.1255	0.0850	0.0763	0.0086	0.2301	0.1133	0.1168	2449.2138	27.1676	14660.7504	43.7263	195.4505	37.2775	4123.5821	8.2789	28958.0013	0.0003	0.0002	0.0005	0.0004	0.0000	0.0030	0.0003	0.0003	0.0003
12	57	0.2917	7	1	1	0	1	0	0	0	0	N	N	N	N	N	N	N	N	N	N	N	N	9.7687	1.6150	2188.8432	3.8919	0.0105	2597.9429	172.2944	21.4541	417.7967	0.6088	0.4040	2.3676	0.5503	0.0016	8.3247	0.6462	0.6801	0.4170	0.0623	0.2502	0.0011	0.1414	0.1530	0.0032	0.0038	0.0317	0.0010	0.6824	0.0534	0.1994	-0.0030	16.7672	33.5853	6.4850	9.3450	1.6830	1.0004	0.6826	0.5937	0.0016	0.5920	1.0893	0.9987	0.0906	0.0051	0.0049	0.0003	0.0047	0.0047	0.0000	0.0004	0.0002	0.0002	2.7644	2.4761	0.2883	1.0787	1.0076	0.0711	1.6857	1.4685	0.2172	0.5501	0.3101	0.2401	0.1093	0.1003	0.0091	0.4408	0.2098	0.2310	65.3996	25.7665	2188.8432	12.8228	0.0346	2597.9429	665.3829	722.3267	417.7967	0.0093	0.0157	0.0011	0.0429	0.0465	0.0032	0.0010	0.0009	0.0010
12	58	0.2709	6	1	1	0	0	0	0	0	0	N	N	N	N	N	N	N	N	N	N	N	N	2.6077	0.3209	351.1862	9.1226	4.8664	445.4270	0.5318	0.0216	69.9183	0.0847	0.0524	0.3685	0.1877	0.1094	1.6254	0.0211	0.0139	0.0681	0.0325	0.1632	0.0010	0.0206	0.0225	0.0036	0.0397	0.6420	0.0010	0.8014	0.0721	0.0191	-0.0011	16.7672	15.2419	6.4850	2.5705	0.1214	0.0674	0.0540	0.1027	0.0567	0.0459	0.0187	0.0107	0.0080	0.0019	0.0018	0.0001	0.0007	0.0007	0.0000	0.0012	0.0011	0.0001	1.4327	1.2862	0.1465	0.5468	0.5186	0.0283	0.8859	0.7677	0.1182	0.2659	0.1450	0.1209	0.0562	0.0527	0.0034	0.2098	0.0923	0.1175	11.9288	4.3112	351.1862	15.5266	8.6516	445.4270	3.6627	1.1699	69.9183	0.0071	0.0121	0.0010	0.0121	0.0126	0.0036	0.0058	0.0119	0.0010
12	59	0.5370	8	1	1	0	1	0	0	0	0	N	N	N	N	N	N	N	N	N	N	N	N	inf	inf	inf	inf	2.1705	2.4221	0.0000	5.0141	5.1465	0.0000	0.0000	0.0000	0.0000	0.0000	0.0000	0.0000	0.0000	0.0000	0.0000	0.0000	0.0000	0.0000	0.0000	-0.0000	0.0000	16.7672	0.0000	6.4850	0.0000	0.0000	0.0000	0.0000	0.0000	0.0000	0.0000	0.0000	0.0000	0.0000	0.0000	0.0000	0.0000	0.0000	0.0000	0.0000	0.0000	0.0000	0.0000	0.0000	0.0000	0.0000	0.0000	0.0000	0.0000	0.0000	0.0000	0.0000	0.0000	0.0000	0.0000	0.0000	0.0000	0.0000	0.0000	0.0000	0.0000	inf	inf	0.0000	inf	inf	0.0000	0.0000	0.0000	0.0000	0.0000	0.0000	0.0000	0.0000	0.0000	0.0000	0.0000	0.0000	0.0000						
12	60	0.4596	7	1	1	0	1	0	0	0	0	N	N	N	N	N	N	N	N	N	N	N	N	149.2816	3060.1684	0.8015	1457.1893	2665.3717	0.1490	46.8546	30541.8440	1.1625	1.6185	1.8025	0.0124	2.3477	2.4631	0.0010	1.2162	1.4015	0.0146	0.0108	0.0006	0.0154	0.0016	0.0009	0.0064	0.0260	0.0000	0.0125	0.0008	12.7354	-0.5565	0.0003	16.7672	19.3360	6.4850	7.9957	1.9436	1.9421	0.0015	1.0024	1.0024	0.0000	0.9412	0.9397	0.0015	0.0010	0.0001	0.0009	0.0001	0.0001	0.0001	0.0008	0.0000	0.0008	1.2009	1.0775	0.1234	0.4270	0.4070	0.0200	0.7739	0.6705	0.1034	0.2821	0.1751	0.1070	0.0881	0.0772	0.0110	0.1940	0.0979	0.0960	466.0831	4425.6513	1.4563	1457.1893	2665.3717	0.1490	281.6339	11632753.4666	1.6703	0.0035	0.0004	0.0085	0.0016	0.0009	0.0064	0.0043	0.0000	0.0087
12	61	0.0713	3	1	2	1	0	0	0	0	0	N	Y	N	N	N	N	N	N	N	N	N	N	31.9651	0.0449	285210.4590	5.0153	0.2343	16250.8291	99120.4897	0.0226	382475.3118	0.7418	0.0059	5.7746	1.5037	0.0647	36.4104	0.6734	0.0000	4.9707	0.0232	0.1308	0.0000	0.2998	0.2762	0.0022	0.0000	0.0001	0.0000	143.8888	0.0016	0.5221	-0.0017	16.7672	14.2360	6.4850	11.9336	0.7396	0.0051	0.7345	0.1235	0.0051	0.1184	0.6161	0.0000	0.6161	0.0027	0.0027	0.0000	0.0027	0.0027	0.0000	0.0000	0.0000	0.0000	0.9970	0.8698	0.1272	0.0821	0.0789	0.0033	0.9148	0.7909	0.1239	0.4529	0.2400	0.2130	0.0420	0.0413	0.0007	0.4110	0.1987	0.2123	124.7669	0.5238	285210.4590	23.4620	0.9933	16250.8291	99120.4897	8.2978	382475.3118	0.0059	0.0112	0.0000	0.0641	0.0651	0.0022	0.0000	0.0000	0.0000
12	62	0.2581	7	2	1	1	0	0	0	0	0	Y	N	N	N	N	N	N	N	N	N	N	N	145.8732	77.3067	1503.8631	3.1418	3.1324	0.9833	223.9762	3184.2167	1704.6811	1.0768	0.6211	4.3765	0.0615	0.0658	0.0013	1.3646	0.7913	4.9855	0.0074	0.0080	0.0029	0.0196	0.0210	0.0014	0.0061	0.0002	0.0029	0.9730	1.0320	0.4175	-0.0002	16.7672	28.8660	6.4850	13.2209	2.0264	1.0271	0.9994	0.0256	0.0255	0.0000	2.0009	1.0016	0.9993	0.0015	0.0007	0.0008	0.0007	0.0007	0.0000	0.0008	0.0000	0.0008	1.8820	1.6536	0.2283	0.4157	0.3878	0.0279	1.4662	1.2658	0.2004	0.5657	0.3025	0.2631	0.0640	0.0616	0.0024	0.5016	0.2409	0.2607	403.9470	253.2189	1503.8631	5.2845	5.4656	0.9833	897.5904	933131.2252	1704.6811	0.0027	0.0025	0.0029	0.0116	0.0120	0.0014	0.0015	0.0000	0.0029
12	63	0.2554	6	2	2	0	0	0	0	0	0	Y	Y	N	N	N	N	N	N	N	N	N	N	0.0298	0.2448	0.0000	0.0094	0.0109	0.0000	0.0321	1.8335	0.0000	0.0044	0.0050	0.0000	0.0003	0.0003	0.0000	0.0059	0.0068	0.0000	0.1483	0.0204	0.0517	0.0277	0.0256	0.0385	0.1848	0.0037	0.0443	0.0000	4.2623	-0.0004	0.0005	16.7672	5.0237	6.4850	8.0282	0.0016	0.0016	0.0000	0.0000	0.0000	0.0000	0.0015	0.0015	0.0000	0.0026	0.0005	0.0021	0.0006	0.0005	0.0001	0.0021	0.0000	0.0021	0.3537	0.3130	0.0407	0.0940	0.0878	0.0061	0.2598	0.2252	0.0346	0.1978	0.1062	0.0916	0.0384	0.0358	0.0026	0.1594	0.0704	0.0890	0.3299	1.0532	0.0000	0.0173	0.0202	0.0000	0.4561	56.4655	0.0000	0.0134	0.0047	0.0234	0.0151	0.0138	0.0329	0.0130	0.0001	0.0232
12	64	0.1924	5	2	2	0	0	0	0	0	0	Y	Y	N	N	N	N	N	N	N	N	N	N	0.3891	2.9444	0.0000	0.0103	0.0493	0.0000	0.4520	1.4889	0.0000	0.7753	0.8778	0.0000	0.0002	0.0002	0.0000	1.0523	1.2104	0.0000	1.9924	0.2981	7.7594	0.0156	0.0036	0.1842	2.3282	0.8130	8.4575	0.0000	207.9395	-0.2864	0.3647	16.7672	17.5893	6.4850	19.0270	0.9974	0.9974	0.0000	0.0001	0.0001	0.0000	0.9973	0.9973	0.0000	0.9941	0.0048	0.9894	0.0007	0.0002	0.0005	0.9934	0.0045	0.9889	1.2865	1.1363	0.1502	0.3386	0.3123	0.0263	0.9478	0.8239	0.1239	0.4990	0.2661	0.2328	0.0723	0.0671	0.0051	0.4267	0.1990	0.2277	0.3891	49.0962	0.0000	0.0164	0.0529	0.0000	0.4520	53.0993	0.0000	1.9924	0.0179	4.2491	0.0098	0.0033	0.0954	2.3282	0.0228	4.3427
12	65	0.1861	4	1	2	0	0	0	0	0	0	N	Y	N	N	N	N	N	N	N	N	N	N	0.0108	0.1574	0.0000	0.2067	0.2106	0.0085	0.0089	0.0333	0.0000	0.0049	0.0055	0.0000	0.0039	0.0041	0.0000	0.0053	0.0061	0.0000	0.4514	0.0348	0.4765	0.0186	0.0193	0.0028	0.5913	0.1822	0.3991	0.0003	7.2150	-0.0002	0.0009	16.7672	1.7566	6.4850	2.8742	0.0007	0.0007	0.0000	0.0002	0.0002	0.0000	0.0006	0.0006	0.0000	0.0037	0.0004	0.0032	0.0003	0.0003	0.0000	0.0033	0.0001	0.0032	0.1479	0.1317	0.0163	0.0413	0.0390	0.0022	0.1067	0.0926	0.0140	0.1092	0.0710	0.0382	0.0306	0.0300	0.0006	0.0786	0.0410	0.0376	0.1458	0.8748	0.0002	0.3441	0.3580	0.0085	0.1253	2.3945	0.0001	0.0335	0.0063	0.0840	0.0112	0.0114	0.0028	0.0421	0.0025	0.0854
12	66	0.0713	3	1	2	0	0	0	0	0	0	N	Y	N	N	N	N	N	N	N	N	N	N	1.1450	59.8850	1.2867	0.3082	0.6206	0.0061	1.0811	36912.3933	1.2704	1.3959	0.7976	5.5118	0.0295	0.0295	0.0287	1.5074	0.8669	5.6529	1.2192	0.0133	4.2836	0.0957	0.0476	4.7195	1.3943	0.0000	4.4497	1.0045	421.9653	0.4283	0.1580	16.7672	21.1811	6.4850	10.1862	2.0016	0.9985	1.0031	0.0032	0.0031	0.0001	1.9984	0.9955	1.0029	0.4279	0.0010	0.4269	0.0017	0.0010	0.0007	0.4262	0.0000	0.4262	1.4339	1.2519	0.1820	0.1081	0.1036	0.0046	1.3258	1.1483	0.1774	0.5330	0.2824	0.2506	0.0482	0.0474	0.0008	0.4848	0.2350	0.2498	1.7388	222.6605	3.2355	0.8456	1.3825	0.0351	1.7146	13674232.2396	3.3127	0.8028	0.0036	1.7035	0.0349	0.0214	0.8160	0.8791	0.0000	1.7064
12	67	0.0575	2	1	2	0	0	0	0	0	0	N	Y	N	N	N	N	N	N	N	N	N	N	0.0716	5.5510	0.5478	26.4378	24.7724	39.6232	0.0427	0.4081	0.5680	0.0164	0.0115	0.0509	0.0781	0.0690	0.4652	0.0120	0.0068	0.0458	0.2294	0.0021	0.0930	0.0030	0.0028	0.0117	0.2800	0.0166	0.0806	0.6372	34.2528	0.0009	0.0009	16.7672	7.4253	6.4850	0.9851	0.0090	0.0055	0.0035	0.0029	0.0025	0.0004	0.0061	0.0030	0.0031	0.0025	0.0001	0.0025	0.0000	0.0000	0.0000	0.0025	0.0000	0.0025	0.5497	0.4807	0.0690	0.0371	0.0363	0.0009	0.5125	0.4444	0.0681	0.1505	0.0792	0.0712	0.0115	0.0113	0.0002	0.1390	0.0680	0.0710	0.9698	12.5759	1.4653	26.4378	24.7724	39.6232	0.6609	11.2533	1.3134	0.0169	0.0009	0.0348	0.0030	0.0028	0.0117	0.0181	0.0006	0.0348
12	68	0.3390	7	1	1	1	0	0	0	0	0	N	N	N	N	N	N	N	N	N	N	N	N	116.6660	67.3155	0.0641	78.7822	76.4121	0.0235	240.3392	34.6254	0.0746	0.1532	0.1707	0.0000	0.1662	0.1752	0.0000	0.1454	0.1678	0.0000	0.0013	0.0025	0.0002	0.0021	0.0023	0.0001	0.0006	0.0048	0.0003	0.0000	0.1744	-0.0579	-0.0001	16.7672	15.0354	6.4850	6.2061	0.2016	0.2016	0.0000	0.0822	0.0822	0.0000	0.1194	0.1194	0.0000	0.0002	0.0002	0.0000	0.0002	0.0002	0.0000	0.0001	0.0000	0.0000	1.3159	1.1809	0.1350	0.4946	0.4691	0.0254	0.8213	0.7117	0.1096	0.3336	0.1904	0.1433	0.0866	0.0795	0.0071	0.2470	0.1109	0.1361	215.5155	160.9365	0.0641	78.7822	76.4121	0.0235	659.9134	944.1243	0.0746	0.0007	0.0011	0.0002	0.0021	0.0023	0.0001	0.0002	0.0002	0.0003
12	69	0.2709	6	1	1	0	0	0	0	0	0	N	N	N	N	N	N	N	N	N	N	N	N	42.6793	17.3977	15.4844	1.1152	1.0562	0.4700	42.7687	1.7385	18.7872	0.4050	0.4517	0.0071	0.0066	0.0070	0.0002	0.6069	0.6965	0.0086	0.0095	0.0260	0.0005	0.0059	0.0066	0.0005	0.0142	0.4006	0.0005	0.0019	0.0708	-0.2538	-0.0009	16.7672	27.6811	6.4850	13.1592	0.8895	0.8879	0.0016	0.0049	0.0049	0.0000	0.8846	0.8830	0.0016	0.0017	0.0016	0.0001	0.0005	0.0005	0.0000	0.0012	0.0011	0.0001	2.1964	1.9654	0.2309	0.7388	0.6977	0.0411	1.4575	1.2677	0.1898	0.5277	0.2867	0.2410	0.0952	0.0881	0.0071	0.4325	0.1986	0.2339	127.1846	82.5299	15.4844	1.3801	1.3604	0.4700	214.5629	123.9606	18.7872	0.0032	0.0055	0.0005	0.0048	0.0051	0.0005	0.0028	0.0056	0.0005
12	70	0.2361	5	1	1	0	0	0	0	0	0	N	N	N	N	N	N	N	N	N	N	N	N	0.0057	0.0030	21.6533	0.2203	0.1487	14.9651	0.0030	0.0009	15.7096	0.0045	0.0032	0.0159	0.0080	0.0060	0.0439	0.0028	0.0016	0.0105	0.7890	1.0693	0.0007	0.0365	0.0407	0.0029	0.9409	1.8597	0.0007	0.5966	0.0029	0.0006	-0.0253	16.7672	19.6565	6.4850	4.0504	0.0074	0.0046	0.0028	0.0043	0.0031	0.0013	0.0031	0.0016	0.0015	0.0405	0.0403	0.0001	0.0013	0.0013	0.0000	0.0391	0.0390	0.0001	1.6376	1.4635	0.1741	0.5403	0.5117	0.0285	1.0973	0.9517	0.1456	0.3611	0.2029	0.1582	0.0736	0.0687	0.0049	0.2875	0.1342	0.1533	0.0405	0.0160	21.6533	0.4451	0.3157	14.9651	0.0206	0.0056	15.7096	0.1120	0.1988	0.0007	0.0181	0.0191	0.0029	0.1361	0.2908	0.0007
12	71	0.0607	3	2	2	0	0	0	0	0	0	Y	Y	N	N	N	N	N	N	N	N	N	N	124.5153	0.0414	5962202.0458	0.0984	0.1012	109.4220	873844.1483	0.0000	8194359.4512	0.8046	0.0008	6.7450	0.0075	0.0074	0.0100	0.8876	0.0000	6.9276	0.0065	0.0184	0.0000	0.0759	0.0730	0.0001	0.0000	0.0003	0.0000	1194.3485	0.0002	0.7311	-0.0006	16.7672	17.5448	6.4850	6.0013	1.0268	0.0009	1.0260	0.0009	0.0009	0.0000	1.0259	0.0000	1.0259	0.0009	0.0009	0.0000	0.0009	0.0009	0.0000	0.0000	0.0000	0.0000	1.2762	1.1241	0.1521	0.1203	0.1163	0.0040	1.1559	1.0078	0.1481	0.3977	0.2099	0.1878	0.0312	0.0306	0.0006	0.3665	0.1793	0.1872	338.9611	0.1699	5962202.0458	0.2468	0.2393	109.4220	873844.1483	0.0031	8194359.4512	0.0024	0.0045	0.0000	0.0303	0.0309	0.0001	0.0000	0.0000	0.0000
12	72	0.1291	6	2	2	1	0	0	0	0	0	Y	Y	N	N	N	N	N	N	N	N	N	N	0.0783	0.0463	0.0000	0.1299	0.1311	0.0000	0.0000	0.0000	0.0000	0.0000	0.0001	0.0001	0.0000	0.0000	0.0000	0.0000	0.0002	0.0003	0.0000	0.0007	0.0007	0.0000	0.0000	0.0000	0.0000	0.0000	0.0002	-0.0000	-0.0000	16.7672	1.8980	6.4850	2.9698	0.0000	0.0000	0.0000	0.0000	0.0000	0.0000	0.0000	0.0000	0.0000	0.0000	0.0000	0.0000	0.0000	0.0000	0.0000	0.0000	0.0000	0.0000	0.1449	0.1268	0.0181	0.0218	0.0211	0.0007	0.1230	0.1056	0.0174	0.1150	0.0712	0.0438	0.0287	0.0280	0.0007	0.0862	0.0431	0.0431	0.0783	0.0554	0.0000	0.1299	0.1311	0.0000	0.0000	0.0000	0.0000	0.0002	0.0003	0.0000	0.0007	0.0007	0.0000	0.0000	0.0000	0.0000		
12	73	0.1095	5	2	1	1	0	0	0	0	0	Y	N	N	N	N	N	N	N	N	N	N	N	0.4127	0.5180	0.0008	7.6052	7.6450	0.0000	0.1185	0.0115	0.0011	0.0043	0.0047	0.0000	0.0073	0.0075	0.0000	0.0027	0.0031	0.0000	0.0104	0.0091	0.0060	0.0010	0.0010	0.0003	0.0228	0.2692	0.0046	0.0001	1.0711	-0.0006	-0.0001	16.7672	3.5853	6.4850	4.3819	0.0021	0.0021	0.0000	0.0012	0.0012	0.0000	0.0009	0.0009	0.0000	0.0005	0.0003	0.0003	0.0000	0.0000	0.0000	0.0005	0.0002	0.0003	0.4968	0.4530	0.0439	0.1708	0.1671	0.0036	0.3260	0.2858	0.0402	0.1602	0.0950	0.0652	0.0303	0.0296	0.0007	0.1299	0.0654	0.0645	1.2649	1.7036	0.0011	7.6052	7.6450	0.0000	0.6849	0.8660	0.0011	0.0034	0.0028	0.0043	0.0010	0.0010	0.0003	0.0040	0.0036	0.0043
12	74	0.0781	4	2	1	1	0	0	0	0	0	Y	N	N	N	N	N	N	N	N	N	N	N	158.8612	66.6212	3.0170	0.2411	0.2437	0.5965	1045.1701	102.2699	3.0616	1.7343	1.9451	0.0013	0.0130	0.0133	0.0018	2.0861	2.3834	0.0013	0.0109	0.0292	0.0004	0.0539	0.0547	0.0031	0.0020	0.0233	0.0004	0.0001	0.0559	-0.4913	-0.0007	16.7672	12.3589	6.4850	7.3592	1.7114	1.7113	0.0001	0.0022	0.0022	0.0000	1.7092	1.7091	0.0001	0.0012	0.0012	0.0001	0.0010	0.0010	0.0000	0.0002	0.0001	0.0001	0.9868	0.8798	0.1070	0.1675	0.1627	0.0048	0.8193	0.7171	0.1022	0.3528	0.2001	0.1527	0.0433	0.0425	0.0008	0.3094	0.1576	0.1519	496.9344	333.7838	3.0170	0.5383	0.5427	0.5965	3492.3039	3074.3924	3.0616	0.0035	0.0058	0.0004	0.0241	0.0246	0.0031	0.0006	0.0008	0.0004
12	75	0.0607	3	2	1	1	0	0	0	0	0	Y	N	N	N	N	N	N	N	N	N	N	N	256.8440	1194.3991	0.9945	5.1204	5.2224	0.0021	186.3691	157.8709	1.0969	1.2379	1.3968	0.0034	0.0101	0.0103	0.0000	1.4094	1.6128	0.0035	0.0048	0.0012	0.0034	0.0020	0.0020	0.0014	0.0076	0.0102	0.0032	0.0003	4.6199	-0.2872	0.0001	16.7672	10.2127	6.4850	1.0234	1.0014	1.0011	0.0003	0.0010	0.0010	0.0000	1.0004	1.0001	0.0003	0.0004	0.0001	0.0003	0.0000	0.0000	0.0000	0.0003	0.0000	0.0003	0.8089	0.7167	0.0922	0.0991	0.0966	0.0025	0.7098	0.6201	0.0897	0.1958	0.1032	0.0926	0.0154	0.0151	0.0003	0.1804	0.0881	0.0923	670.5874	2240.7877	1.0690	5.1204	5.2224	0.0021	767.8188	4135.4231	1.0969	0.0018	0.0006	0.0032	0.0020	0.0020	0.0014	0.0018	0.0004	0.0032
12	76	0.0575	2	2	1	0	0	0	0	0	0	Y	N	N	N	N	N	N	N	N	N	N	N	37.4345	20.4851	61.8412	32.9566	32.8372	4.5436	9.4432	0.8468	62.4315	0.0085	0.0087	0.0073	0.0718	0.0729	0.0001	0.0017	0.0009	0.0073	0.0002	0.0004	0.0001	0.0022	0.0022	0.0000	0.0002	0.0010	0.0001	0.1155	0.3259	-0.0005	-0.0000	16.7672	3.7027	6.4850	0.0091	0.0025	0.0023	0.0003	0.0021	0.0021	0.0000	0.0005	0.0002	0.0003	0.0000	0.0000	0.0000	0.0000	0.0000	0.0000	0.0000	0.0000	0.0000	0.2971	0.2610	0.0361	0.0289	0.0284	0.0004	0.2683	0.2326	0.0357	0.0672	0.0354	0.0318	0.0051	0.0050	0.0001	0.0621	0.0303	0.0317	37.6922	26.8445	61.8412	32.9566	32.8372	4.5436	26.4740	85.9003	62.4315	0.0002	0.0003	0.0001	0.0022	0.0022	0.0000	0.0001	0.0000	0.0001
12	79	0.1861	4	1	2	0	0	0	0	0	0	N	Y	N	N	N	N	N	N	N	N	N	N	111.2472	66.4472	1.4498	116.7472	115.6142	0.2704	104.9250	10981.9725	1.5725	0.4549	0.5143	0.0009	1.6929	1.8129	0.0012	0.0840	0.0965	0.0009	0.0041	0.0077	0.0006	0.0145	0.0157	0.0045	0.0008	0.0000	0.0005	0.0002	0.2101	-0.2117	-0.0004	16.7672	23.9173	6.4850	17.8091	0.7379	0.7378	0.0002	0.6331	0.6331	0.0000	0.1049	0.1047	0.0001	0.0009	0.0008	0.0002	0.0008	0.0008	0.0000	0.0001	0.0000	0.0001	1.6221	1.4344	0.1877	0.3740	0.3492	0.0248	1.2481	1.0852	0.1629	0.5668	0.3132	0.2536	0.0825	0.0774	0.0050	0.4844	0.2358	0.2486	282.6068	213.6558	1.4498	179.7511	186.1294	0.2704	299.5459	4643525.6881	1.5725	0.0016	0.0024	0.0006	0.0094	0.0097	0.0045	0.0003	0.0000	0.0005
12	80	0.1700	3	1	2	0	0	0	0	0	0	N	Y	N	N	N	N	N	N	N	N	N	N	0.0235	0.4646	0.0038	0.4924	1.4533	0.0065	0.0014	0.0308	0.0007	0.0010	0.0011	0.0001	0.0041	0.0043	0.0010	0.0001	0.0001	0.0000	0.0414	0.0023	0.0378	0.0083	0.0029	0.1568	0.0831	0.0041	0.0324	0.0180	12.2321	-0.0001	0.0004	16.7672	6.1279	6.4850	3.6878	0.0004	0.0004	0.0000	0.0004	0.0004	0.0000	0.0000	0.0000	0.0000	0.0013	0.0001	0.0012	0.0002	0.0001	0.0001	0.0011	0.0000	0.0011	0.4304	0.3796	0.0508	0.0937	0.0875	0.0062	0.3367	0.2921	0.0446	0.1671	0.1003	0.0668	0.0316	0.0304	0.0012	0.1354	0.0699	0.0656	0.1233	1.0907	0.0080	0.6637	1.4533	0.0119	0.0137	0.8757	0.0014	0.0079	0.0010	0.0183	0.0061	0.0029	0.0862	0.0083	0.0001	0.0170
12	81	0.2581	7	2	1	1	0	0	0	0	0	Y	N	N	N	N	N	N	N	N	N	N	N	0.1517	0.1818	0.0000	0.0323	0.0350	0.0004	0.1721	0.1928	0.0000	0.5684	0.6470	0.0001	0.0695	0.0745	0.0000	0.7115	0.8245	0.0002	3.7480	3.5582	7.2985	2.1502	2.1261	0.0017	4.1347	4.2769	7.9369	0.0000	0.9685	-0.2948	-0.2765	16.7672	27.2690	6.4850	12.3406	1.0269	1.0269	0.0000	0.0280	0.0280	0.0000	0.9989	0.9989	0.0000	2.0282	1.0303	0.9979	0.0463	0.0463	0.0000	1.9819	0.9840	0.9979	1.8066	1.5871	0.2195	0.4027	0.3756	0.0271	1.4039	1.2115	0.1924	0.5411	0.2896	0.2516	0.0618	0.0595	0.0023	0.4793	0.2301	0.2492	0.1517	0.1818	0.0000	0.0927	0.0957	0.0004	0.1721	0.1928	0.0000	3.7480	3.5582	3.9665	0.7491	0.7784	0.0017	4.1347	4.2769	4.0035
12	82	0.2427	6	1	1	0	0	0	0	0	0	N	N	N	N	N	N	N	N	N	N	N	N	0.1982	0.0545	30.4431	0.2467	0.2486	2.3714	0.1951	0.0025	36.4071	0.0204	0.0188	0.0341	0.0494	0.0525	0.0018	0.0067	0.0015	0.0411	0.1031	0.3438	0.0011	0.2003	0.2111	0.0008	0.0345	0.5910	0.0011	0.2231	0.0497	-0.0016	-0.0010	16.7672	9.0798	6.4850	0.9519	0.0154	0.0126	0.0028	0.0120	0.0119	0.0000	0.0035	0.0007	0.0028	0.0017	0.0016	0.0001	0.0010	0.0010	0.0000	0.0007	0.0006	0.0001	0.7543	0.6719	0.0824	0.2420	0.2274	0.0146	0.5123	0.4445	0.0678	0.1495	0.0790	0.0704	0.0200	0.0184	0.0016	0.1295	0.0606	0.0689	1.8301	0.9321	30.4431	0.9803	0.9604	2.3714	1.3178	0.1560	36.4071	0.0112	0.0201	0.0011	0.0504	0.0546	0.0008	0.0051	0.0096	0.0011
12	83	0.1700	3	1	2	0	0	0	0	0	0	N	Y	N	N	N	N	N	N	N	N	N	N	168.7018	0.0309	120415278.9862	0.1080	0.0692	inf	7347.7140	0.0000	134121153.7782	1.4135	0.0008	12.0794	0.0047	0.0034	0.0233	1.7943	0.0000	13.7094	0.0084	0.0246	0.0000	0.0434	0.0488	0.0000	0.0002	0.0051	0.0000	2103.3474	0.0000	1.4242	-0.0009	16.7672	21.0000	6.4850	14.4214	1.9991	0.0009	1.9982	0.0014	0.0009	0.0005	1.9977	0.0000	1.9977	0.0014	0.0014	0.0000	0.0014	0.0014	0.0000	0.0000	0.0000	0.0000	1.4143	1.2489	0.1654	0.3009	0.2812	0.0197	1.1134	0.9677	0.1457	0.4925	0.2721	0.2203	0.0684	0.0643	0.0041	0.4240	0.2078	0.2162	480.5587	0.1429	120415278.9862	0.2277	0.1543	inf	19009.3059	0.0000	134121153.7782	0.0029	0.0053	0.0000	0.0206	0.0219	0.0000	0.0001	0.0002	0.0000
12	84	0.2276	7	1	1	1	0	0	0	0	0	N	N	N	N	N	N	N	N	N	N	N	N	4.8979	1.9562	0.0000	0.0173	0.0172	0.0000	55335.2055	96454.7147	0.0000	0.6912	0.7790	0.0000	0.0053	0.0057	0.0000	0.9411	1.0835	0.0000	0.1411	0.3982	0.0005	0.3072	0.3298	0.0114	0.0000	0.0000	0.0000	0.0000	0.0179	-0.2877	-0.0035	16.7672	20.4085	6.4850	11.0867	1.0018	1.0018	0.0000	0.0021	0.0021	0.0000	0.9998	0.9998	0.0000	0.0057	0.0056	0.0001	0.0057	0.0056	0.0001	0.0000	0.0000	0.0000	1.4494	1.2861	0.1634	0.3871	0.3633	0.0238	1.0623	0.9227	0.1396	0.4340	0.2345	0.1996	0.0869	0.0784	0.0085	0.3471	0.1561	0.1911	52.6651	32.6416	0.0000	0.0812	0.0794	0.0000	90277.0950	38430542.0095	0.0000	0.0131	0.0239	0.0005	0.0655	0.0713	0.0114	0.0000	0.0000	0.0000
12	85	0.2239	6	1	1	1	0	0	0	0	0	N	N	N	N	N	N	N	N	N	N	N	N	0.0003	0.0005	0.0000	0.0007	0.0012	0.0000	0.0001	0.0241	0.0000	0.0002	0.0003	0.0000	0.0006	0.0006	0.0000	0.0001	0.0001	0.0000	0.7728	0.5474	1.4629	0.8283	0.5357	4.6316	0.8262	0.0025	1.1572	0.0000	3.5446	-0.0000	0.0012	16.7672	3.1287	6.4850	1.1816	0.0001	0.0001	0.0000	0.0001	0.0001	0.0000	0.0000	0.0000	0.0000	0.0076	0.0017	0.0059	0.0027	0.0017	0.0010	0.0049	0.0000	0.0049	0.2961	0.2655	0.0306	0.1025	0.0976	0.0049	0.1937	0.1679	0.0258	0.0726	0.0410	0.0316	0.0176	0.0163	0.0013	0.0550	0.0248	0.0303	0.0023	0.0065	0.0000	0.0038	0.0060	0.0000	0.0006	0.8879	0.0000	0.1045	0.0407	0.1876	0.1540	0.1025	0.7946	0.0887	0.0001	0.1613
12	86	0.2170	5	1	1	0	0	0	0	0	0	N	N	N	N	N	N	N	N	N	N	N	N	0.0037	0.0034	0.0202	0.0070	0.0072	0.0000	0.0041	0.0037	0.0270	0.0016	0.0016	0.0017	0.0019	0.0021	0.0000	0.0014	0.0013	0.0020	0.4201	0.4602	0.0853	0.2780	0.2868	0.0071	0.3405	0.3603	0.0757	0.1331	0.8968	-0.0001	-0.0005	16.7672	4.0532	6.4850	2.2470	0.0005	0.0005	0.0001	0.0002	0.0002	0.0000	0.0003	0.0003	0.0001	0.0032	0.0017	0.0015	0.0015	0.0015	0.0000	0.0017	0.0002	0.0015	0.3252	0.2904	0.0348	0.0973	0.0918	0.0055	0.2280	0.1986	0.0294	0.1066	0.0601	0.0465	0.0249	0.0230	0.0019	0.0817	0.0371	0.0447	0.0518	0.0548	0.0525	0.0315	0.0311	0.0000	0.0680	0.2670	0.0603	0.0303	0.0283	0.0328	0.0616	0.0660	0.0071	0.0207	0.0049	0.0339
12	87	0.1938	4	1	1	0	0	0	0	0	0	N	N	N	N	N	N	N	N	N	N	N	N	0.0026	0.0021	0.0077	0.0040	0.0042	0.1331	0.0006	0.0003	0.0016	0.0018	0.0020	0.0002	0.0042	0.0044	0.0008	0.0002	0.0003	0.0000	0.6913	0.9237	0.0223	1.0428	1.0480	0.0057	0.4363	1.0339	0.0190	0.0099	0.0679	-0.0002	-0.0129	16.7672	4.7288	6.4850	9.8540	0.0008	0.0007	0.0000	0.0007	0.0007	0.0000	0.0001	0.0001	0.0000	0.0228	0.0213	0.0014	0.0170	0.0170	0.0000	0.0058	0.0044	0.0014	0.4241	0.3814	0.0427	0.1644	0.1560	0.0084	0.2597	0.2253	0.0344	0.3014	0.1760	0.1254	0.0803	0.0775	0.0028	0.2211	0.0986	0.1225	0.0235	0.0161	0.0149	0.0198	0.0200	0.1331	0.0095	0.0064	0.0026	0.0756	0.1212	0.0116	0.2113	0.2189	0.0057	0.0263	0.0444	0.0117
12	88	0.1700	3	1	1	0	0	0	0	0	0	N	N	N	N	N	N	N	N	N	N	N	N	0.0001	0.0001	0.0000	0.0000	0.0000	0.0000	0.0015	0.0011	0.0000	0.0002	0.0002	0.0000	0.0002	0.0002	0.0000	0.0002	0.0002	0.0000	1.6092	2.6787	0.0348	9.3439	9.8042	0.0028	0.1171	0.1792	0.0328	0.0000	0.0046	-0.0000	-0.2376	16.7672	8.6320	6.4850	7.0881	0.0001	0.0001	0.0000	0.0000	0.0000	0.0000	0.0001	0.0001	0.0000	0.3809	0.3791	0.0018	0.3789	0.3789	0.0000	0.0020	0.0003	0.0018	0.6018	0.5309	0.0709	0.1304	0.1218	0.0086	0.4714	0.4091	0.0623	0.2454	0.1415	0.1038	0.0405	0.0386	0.0019	0.2048	0.1029	0.1019	0.0001	0.0001	0.0000	0.0000	0.0000	0.0000	0.0179	0.0806	0.0000	1.5524	2.6787	0.0170	9.3439	9.8042	0.0028	0.0098	0.0025	0.0172
12	89	0.2377	5	1	2	0	0	0	0	0	0	N	Y	N	N	N	N	N	N	N	N	N	N	10.4257	80.6440	0.0104	77.2013	81.9960	0.1267	0.4357	4.9498	0.0002	0.0263	0.0295	0.0000	0.0791	0.0838	0.0001	0.0020	0.0023	0.0000	0.0025	0.0004	0.0022	0.0010	0.0010	0.0010	0.0045	0.0005	0.0022	0.0001	5.9705	-0.0090	0.0001	16.7672	15.4622	6.4850	5.2688	0.0313	0.0313	0.0000	0.0297	0.0297	0.0000	0.0016	0.0016	0.0000	0.0003	0.0000	0.0003	0.0000	0.0000	0.0000	0.0003	0.0000	0.0003	1.1911	1.0611	0.1300	0.3761	0.3546	0.0215	0.8149	0.7065	0.1085	0.2863	0.1586	0.1277	0.0478	0.0449	0.0029	0.2385	0.1138	0.1248	23.4376	101.5953	0.0104	77.2013	81.9960	0.1267	1.7302	1006.9677	0.0002	0.0011	0.0003	0.0022	0.0010	0.0010	0.0010	0.0011	0.0000	0.0022
12	90	0.2260	4	1	1	0	0	0	0	0	0	N	N	N	N	N	N	N	N	N	N	N	N	1.6880	1.0342	3.0087	7.3867	7.4473	5.7113	0.5360	0.0210	0.7496	0.0086	0.0093	0.0025	0.0173	0.0176	0.0114	0.0041	0.0046	0.0006	0.0051	0.0090	0.0008	0.0023	0.0024	0.0020	0.0076	0.2197	0.0008	0.0313	0.2155	-0.0015	-0.0001	16.7672	7.5917	6.4850	1.5198	0.0057	0.0055	0.0002	0.0039	0.0038	0.0001	0.0018	0.0017	0.0000	0.0003	0.0003	0.0001	0.0001	0.0001	0.0000	0.0002	0.0002	0.0000	0.6596	0.5918	0.0679	0.2265	0.2143	0.0122	0.4332	0.3775	0.0557	0.1551	0.0913	0.0638	0.0361	0.0335	0.0025	0.1190	0.0578	0.0613	4.3938	3.3972	3.0087	7.3867	7.4473	5.7113	2.2155	1.5562	0.7496	0.0020	0.0027	0.0008	0.0023	0.0024	0.0020	0.0018	0.0030	0.0008
12	91	0.3352	8	2	1	1	0	0	0	0	0	Y	N	N	N	N	N	N	N	N	N	N	N	959.4739	inf	0.0000	inf	inf	713.9834	inf	0.0000	0.0102	0.0116	0.0000	0.0004	0.0004	0.0000	0.0142	0.0164	0.0000	0.0000	0.0000	0.0000	0.0000	0.0000	0.0000	0.0000	0.0000	0.0000	0.0000	inf	-0.0006	0.0000	16.7672	3.0317	6.4850	0.1644	0.0021	0.0021	0.0000	0.0000	0.0000	0.0000	0.0020	0.0020	0.0000	0.0000	0.0000	0.0000	0.0000	0.0000	0.0000	0.0000	0.0000	0.0000	0.2009	0.1776	0.0233	0.0572	0.0533	0.0039	0.1437	0.1243	0.0193	0.0395	0.0198	0.0196	0.0032	0.0030	0.0002	0.0363	0.0168	0.0194	959.4739	inf	0.0000	inf	inf	0.0000	1220.6784	inf	0.0000	0.0000	0.0000	0.0000	0.0000	0.0000	0.0000	0.0000	0.0000	0.0000	
12	92	0.3294	7	2	1	1	0	0	0	0	0	Y	N	N	N	N	N	N	N	N	N	N	N	542.5393	333.4726	159.6479	31.3066	32.0870	1.0041	2843.0445	inf	228.9081	0.0075	0.0082	0.0012	0.0032	0.0034	0.0000	0.0111	0.0125	0.0017	0.0000	0.0000	0.0000	0.0001	0.0001	0.0000	0.0000	0.0000	0.0000	0.0158	0.3465	-0.0005	-0.0000	16.7672	2.6632	6.4850	1.0147	0.0019	0.0019	0.0000	0.0004	0.0004	0.0000	0.0015	0.0015	0.0000	0.0000	0.0000	0.0000	0.0000	0.0000	0.0000	0.0000	0.0000	0.0000	0.2587	0.2330	0.0256	0.1194	0.1115	0.0078	0.1393	0.1215	0.0178	0.0481	0.0249	0.0232	0.0048	0.0046	0.0002	0.0433	0.0203	0.0230	542.5393	413.2243	159.6479	31.3066	32.0870	1.0041	2843.0445	inf	228.9081	0.0000	0.0000	0.0000	0.0001	0.0001	0.0000	0.0000	0.0000	0.0000
12	93	0.2462	6	2	1	1	0	0	0	0	0	Y	N	N	N	N	N	N	N	N	N	N	N	426.8972	917.0369	2306.4762	883.9270	840.9141	26.7258	292.2934	20037.9082	2715.1133	1.7488	1.0916	6.6297	1.3841	1.5228	0.0098	1.8925	0.9142	8.4799	0.0041	0.0012	0.0029	0.0016	0.0018	0.0004	0.0065	0.0000	0.0031	0.8178	3.5920	0.7289	0.0002	16.7672	35.0787	6.4850	12.2568	4.4786	2.4637	2.0149	1.0022	1.0015	0.0006	3.4764	1.4621	2.0142	0.0012	0.0003	0.0010	0.0003	0.0003	0.0000	0.0010	0.0000	0.0010	2.5610	2.2570	0.3039	0.7241	0.6577	0.0664	1.8369	1.5994	0.2375	0.7668	0.4286	0.3382	0.1800	0.1494	0.0305	0.5869	0.2791	0.3077	1078.9432	1728.4065	2306.4762	883.9270	840.9141	26.7258	1155.6134	7607700.5473	2715.1133	0.0016	0.0006	0.0029	0.0016	0.0018	0.0004	0.0016	0.0000	0.0031
12	94	0.2327	5	2	1	0	0	0	0	0	0	Y	N	N	N	N	N	N	N	N	N	N	N	232.4098	50.4610	5870.1487	526.6104	612.0591	4.8086	135.0738	1.4080	8369.6869	1.6696	0.6282	9.6123	0.6933	0.7636	0.0108	2.2119	0.5499	13.4917	0.0072	0.0124	0.0016	0.0013	0.0012	0.0022	0.0164	0.3906	0.0016	2.0063	0.4069	0.5568	-0.0002	16.7672	8.4810	6.4850	2.3446	1.4643	0.4871	0.9772	0.2172	0.2168	0.0003	1.2471	0.2702	0.9769	0.0006	0.0005	0.0002	0.0001	0.0001	0.0000	0.0006	0.0004	0.0002	0.8770	0.7754	0.1017	0.3132	0.2840	0.0293	0.5638	0.4914	0.0724	0.2442	0.1312	0.1130	0.0659	0.0613	0.0046	0.1783	0.0699	0.1084	637.4080	181.3093	5870.1487	526.6104	612.0591	4.8086	713.3495	101.6315	8369.6869	0.0026	0.0035	0.0016	0.0013	0.0012	0.0022	0.0031	0.0054	0.0016
12	95	0.1700	3	1	2	0	1	0	0	0	0	N	Y	N	N	N	N	N	N	N	N	N	N	0.1597	0.0750	0.0000	0.0656	0.0648	0.0000	43.0190	inf	0.0000	0.0003	0.0003	0.0000	0.0006	0.0007	0.0000	0.0002	0.0002	0.0000	0.0018	0.0044	0.0001	0.0099	0.0107	0.0022	0.0000	0.0000	0.0000	0.0000	0.0252	-0.0001	-0.0003	16.7672	24.0032	6.4850	22.6134	0.0005	0.0005	0.0000	0.0002	0.0002	0.0000	0.0002	0.0002	0.0000	0.0006	0.0006	0.0000	0.0006	0.0006	0.0000	0.0000	0.0000	0.0000	1.6034	1.4162	0.1872	0.3397	0.3175	0.0222	1.2636	1.0987	0.1650	0.6237	0.3418	0.2819	0.0831	0.0778	0.0053	0.5406	0.2640	0.2766	0.3189	0.2029	0.0000	0.0942	0.0964	0.0000	43.0190	inf	0.0000	0.0009	0.0016	0.0001	0.0069	0.0072	0.0022	0.0000	0.0000	0.0000
12	96	0.4067	5	1	2	0	0	0	0	0	0	N	Y	N	N	N	N	N	N	N	N	N	N	0.6286	0.2250	45.9262	0.6698	0.5924	54.8166	43.1955	16.2909	45.1187	0.0091	0.0096	0.0051	0.0160	0.0165	0.0058	0.0071	0.0075	0.0051	0.0145	0.0426	0.0001	0.0239	0.0279	0.0001	0.0002	0.0005	0.0001	0.0681	0.0094	-0.0027	-0.0014	16.7672	18.5150	6.4850	10.2301	0.0120	0.0112	0.0008	0.0046	0.0046	0.0001	0.0073	0.0067	0.0007	0.0023	0.0023	0.0000	0.0023	0.0023	0.0000	0.0000	0.0000	0.0000	1.3173	1.1687	0.1486	0.2898	0.2754	0.0144	1.0275	0.8933	0.1343	0.5142	0.3248	0.1894	0.1672	0.1536	0.0137	0.3470	0.1712	0.1758	2.0517	1.3804	45.9262	1.1857	1.1258	54.8166	123.0754	3371.6024	45.1187	0.0044	0.0070	0.0001	0.0135	0.0147	0.0001	0.0001	0.0000	0.0001
12	97	0.1991	4	1	2	0	0	0	0	0	0	N	Y	N	N	N	N	N	N	N	N	N	N	1.5552	0.0051	340285.6122	0.0116	0.0122	369.1354	59439.8056	0.0519	382049.1801	0.3408	0.0025	2.9693	0.0101	0.0108	0.0005	0.4311	0.0000	3.3631	0.2191	0.4853	0.0000	0.8730	0.8817	0.0000	0.0000	0.0007	0.0000	154.4490	0.0003	0.7127	-0.0092	16.7672	46.1140	6.4850	26.4917	1.0089	0.0065	1.0024	0.0064	0.0064	0.0000	1.0025	0.0001	1.0024	0.0146	0.0146	0.0000	0.0146	0.0146	0.0000	0.0000	0.0000	0.0000	2.9604	2.6228	0.3376	0.6350	0.5955	0.0395	2.3254	2.0274	0.2981	0.8900	0.4671	0.4229	0.0888	0.0844	0.0044	0.8012	0.3827	0.4185	20.7854	0.0792	340285.6122	0.0617	0.0623	369.1354	61522.5850	7.4708	382049.1801	0.0164	0.0312	0.0000	0.1643	0.1728	0.0000	0.0000	0.0000	0.0000
12	98	0.4596	7	1	2	0	0	0	0	0	0	N	Y	N	N	N	N	N	N	N	N	N	N	0.0004	0.0002	468.7094	0.0001	0.0001	6.0850	640.9125	19.1098	605.6322	0.0012	0.0011	0.0018	0.0012	0.0012	0.0000	0.0012	0.0010	0.0022	3.2411	5.2199	0.0000	10.4070	11.8991	0.0000	0.0000	0.0001	0.0000	0.1918	0.0000	-0.0002	-0.6183	16.7672	20.7840	6.4850	8.9470	0.0015	0.0013	0.0002	0.0005	0.0005	0.0000	0.0010	0.0007	0.0002	0.9840	0.9840	0.0000	0.9840	0.9840	0.0000	0.0000	0.0000	0.0000	1.2738	1.1425	0.1313	0.4483	0.4271	0.0212	0.8255	0.7155	0.1100	0.3036	0.1885	0.1151	0.0946	0.0827	0.0119	0.2091	0.1058	0.1032	0.0004	0.0002	468.7094	0.0001	0.0001	6.0850	640.9125	7104.4950	605.6322	3.2411	5.2199	0.0000	10.4070	11.8991	0.0000	0.0000	0.0000	0.0000
12	99	0.4546	6	1	1	0	0	0	0	0	0	N	N	N	N	N	N	N	N	N	N	N	N	0.3553	0.2514	4.9175	0.2349	0.2279	2.0098	0.7962	0.2560	7.4667	0.1225	0.1306	0.0368	0.0162	0.0163	0.0134	0.2355	0.2680	0.0423	0.3448	0.5195	0.0075	0.0689	0.0714	0.0067	0.2958	1.0465	0.0057	0.0265	0.0987	-0.0173	-0.0013	16.7672	2.7834	6.4850	1.0450	0.0664	0.0646	0.0017	0.0045	0.0044	0.0001	0.0618	0.0602	0.0016	0.0024	0.0022	0.0002	0.0012	0.0012	0.0000	0.0012	0.0010	0.0002	0.5416	0.4950	0.0466	0.2790	0.2702	0.0088	0.2626	0.2248	0.0378	0.1022	0.0600	0.0422	0.0400	0.0385	0.0015	0.0622	0.0215	0.0407	5.2931	3.6385	7.3131	0.5533	0.5398	2.0098	12.2528	5.8060	8.4958	0.0231	0.0359	0.0050	0.0293	0.0302	0.0067	0.0192	0.0462	0.0050
12	100	0.4446	5	1	1	0	0	0	0	0	0	N	N	N	N	N	N	N	N	N	N	N	N	0.0089	0.0057	0.0676	0.0142	0.0134	4.6801	0.0067	0.0021	0.0821	0.0061	0.0042	0.0253	0.0086	0.0084	0.0143	0.0042	0.0006	0.0275	0.6891	0.7416	0.3739	0.6044	0.6265	0.0031	0.6295	0.2993	0.3357	0.5988	0.5554	0.0005	-0.0063	16.7672	7.6044	6.4850	2.7972	0.0063	0.0039	0.0024	0.0038	0.0036	0.0002	0.0024	0.0003	0.0021	0.0234	0.0150	0.0083	0.0148	0.0147	0.0000	0.0086	0.0003	0.0083	1.0231	0.9301	0.0930	0.4459	0.4300	0.0160	0.5771	0.5001	0.0770	0.3121	0.1950	0.1171	0.1332	0.1223	0.0109	0.1789	0.0727	0.1062	0.0819	0.0548	0.3545	0.0775	0.0696	4.6801	0.0880	0.1591	0.3520	0.0749	0.0770	0.0713	0.1108	0.1205	0.0031	0.0481	0.0040	0.0783
12	101	0.3950	4	1	1	0	0	0	0	0	0	N	N	N	N	N	N	N	N	N	N	N	N	0.0197	0.0943	0.0499	0.9347	0.8659	2.1831	0.0045	0.0043	0.0559	0.0072	0.0069	0.0100	0.0240	0.0245	0.0132	0.0022	0.0011	0.0097	0.3662	0.0729	0.2013	0.0257	0.0283	0.0060	0.4845	0.2448	0.1736	0.1834	3.6923	-0.0013	0.0021	16.7672	18.4780	6.4850	12.4520	0.0098	0.0083	0.0015	0.0075	0.0073	0.0002	0.0023	0.0010	0.0013	0.0133	0.0028	0.0105	0.0023	0.0023	0.0001	0.0110	0.0006	0.0104	1.3595	1.2077	0.1518	0.3139	0.2995	0.0145	1.0456	0.9083	0.1373	0.5321	0.3298	0.2023	0.1663	0.1523	0.0139	0.3658	0.1775	0.1883	0.2887	0.7989	0.1936	1.7014	1.6521	2.1831	0.0732	0.3256	0.1757	0.0250	0.0086	0.0518	0.0141	0.0148	0.0060	0.0300	0.0033	0.0552
12	102	0.2840	6	1	2	0	0	0	0	0	0	N	Y	N	N	N	N	N	N	N	N	N	N	0.4586	0.3828	0.0008	1.9847	2.6966	0.0017	0.5601	0.3036	0.0004	0.2332	0.2580	0.0000	0.0275	0.0288	0.0001	0.3572	0.4087	0.0000	0.5084	0.6740	0.0179	0.0139	0.0107	0.0353	0.6377	1.3462	0.0119	0.0000	0.1071	-0.2049	-0.0170	16.7672	34.1922	6.4850	22.4626	0.7135	0.7135	0.0000	0.0317	0.0317	0.0000	0.6818	0.6818	0.0000	0.0320	0.0289	0.0031	0.0017	0.0013	0.0004	0.0303	0.0276	0.0027	3.0599	2.7655	0.2944	1.1509	1.0973	0.0536	1.9090	1.6682	0.2409	0.8020	0.4734	0.3286	0.1889	0.1742	0.0147	0.6131	0.2992	0.3139	5.8462	4.2275	0.0015	3.0721	4.0143	0.0020	7.2279	4.4243	0.0005	0.0399	0.0610	0.0094	0.0090	0.0072	0.0299	0.0494	0.0924	0.0085
12	103	0.2361	5	1	2	0	0	0	0	0	0	N	Y	N	N	N	N	N	N	N	N	N	N	0.1848	0.1539	0.0102	0.0014	0.0015	0.0005	0.2431	0.1523	0.0131	0.1856	0.2063	0.0122	0.0022	0.0023	0.0002	0.2720	0.3112	0.0145	1.0043	1.3411	1.1958	1.5999	1.5920	0.3392	1.1188	2.0433	1.1139	0.0071	0.2830	-0.0946	-0.0627	16.7672	22.5884	6.4850	11.0115	0.3377	0.3353	0.0024	0.0013	0.0013	0.0000	0.3364	0.3340	0.0024	0.1537	0.1198	0.0339	0.0355	0.0346	0.0009	0.1182	0.0852	0.0329	1.8195	1.6249	0.1946	0.5828	0.5514	0.0314	1.2367	1.0734	0.1632	0.4783	0.2659	0.2124	0.0902	0.0837	0.0065	0.3881	0.1821	0.2060	0.5777	0.4580	0.0767	0.0056	0.0056	0.0011	0.8934	0.6651	0.0909	0.3213	0.4505	0.1595	0.3936	0.4128	0.1455	0.3044	0.4678	0.1600
12	104	0.2061	4	1	1	0	0	0	0	0	0	N	N	N	N	N	N	N	N	N	N	N	N	0.0009	0.0005	0.0378	0.0016	0.0015	0.2051	0.0008	0.0003	0.0482	0.0019	0.0017	0.0030	0.0015	0.0016	0.0010	0.0020	0.0018	0.0034	2.1018	3.7035	0.0794	0.9857	1.0363	0.0047	2.5858	5.3730	0.0703	0.2130	0.0065	-0.0002	-0.4176	16.7672	11.8100	6.4850	8.7888	0.0018	0.0015	0.0003	0.0005	0.0004	0.0000	0.0013	0.0010	0.0003	0.6715	0.6672	0.0043	0.0126	0.0126	0.0000	0.6589	0.6546	0.0043	0.9610	0.8565	0.1046	0.3024	0.2855	0.0169	0.6586	0.5709	0.0877	0.3195	0.1801	0.1394	0.0647	0.0583	0.0064	0.2548	0.1218	0.1330	0.0009	0.0005	0.0962	0.0079	0.0073	0.2051	0.0008	0.0003	0.1045	2.1018	3.7035	0.0312	0.1951	0.2158	0.0047	2.5858	5.3730	0.0324
12	105	0.1700	3	1	1	0	0	0	0	0	0	N	N	N	N	N	N	N	N	N	N	N	N	0.2502	0.0002	0.7021	0.1489	0.1472	0.1022	0.2701	0.0000	0.7188	0.9894	0.0003	8.4240	0.0011	0.0012	0.0000	1.2595	0.0001	9.5733	3.9547	1.8123	11.9990	0.0077	0.0083	0.0003	4.6639	2.7453	13.3185	3358.5490	3.1526	0.7121	0.1696	16.7672	14.7392	6.4850	7.3617	0.9993	0.0003	0.9990	0.0002	0.0002	0.0000	0.9990	0.0001	0.9990	1.2961	0.3121	0.9840	0.0003	0.0003	0.0000	1.2958	0.3118	0.9840	1.0100	0.8914	0.1186	0.2168	0.2026	0.0142	0.7932	0.6888	0.1044	0.3277	0.1850	0.1427	0.0499	0.0473	0.0026	0.2778	0.1377	0.1401	0.2502	0.0002	1.2220	0.1999	0.2028	0.1022	0.2701	0.0000	1.3630	3.9547	1.6871	6.8937	0.0057	0.0060	0.0003	4.6639	2.2640	7.0234
12	106	0.2427	6	1	2	0	0	0	0	0	0	N	Y	N	N	N	N	N	N	N	N	N	N	694.6017	314.7195	6.5309	0.9924	0.9451	49.8485	9765.8375	4951.1131	6.3990	1.3937	1.5732	0.0008	0.0129	0.0136	0.0009	1.8776	2.1648	0.0008	0.0020	0.0050	0.0001	0.0130	0.0144	0.0000	0.0002	0.0004	0.0001	0.0001	0.0664	-0.5749	-0.0002	16.7672	20.0414	6.4850	7.0324	2.0028	2.0027	0.0001	0.0048	0.0048	0.0000	1.9980	1.9979	0.0001	0.0004	0.0003	0.0000	0.0003	0.0003	0.0000	0.0000	0.0000	0.0000	1.4370	1.2730	0.1640	0.3728	0.3501	0.0227	1.0641	0.9229	0.1413	0.3682	0.1932	0.1750	0.0396	0.0371	0.0024	0.3286	0.1560	0.1726	1419.3251	896.2892	6.5309	1.5023	1.4960	49.8485	27106.1889	1107419.4550	6.3990	0.0010	0.0018	0.0001	0.0086	0.0091	0.0000	0.0001	0.0000	0.0001
12	107	0.2327	5	1	1	0	0	0	0	0	0	N	N	N	N	N	N	N	N	N	N	N	N	0.4644	0.3709	74.3586	0.2602	0.2800	44.4278	293.0735	16.7333	87.0540	0.2957	0.3330	0.0098	0.2684	0.2960	0.0062	0.3123	0.3563	0.0114	0.6367	0.8977	0.0001	1.0313	1.0573	0.0001	0.0011	0.0213	0.0001	0.0038	0.0010	-0.0659	-0.0082	16.7672	7.0315	6.4850	1.2144	0.2327	0.2318	0.0009	0.0800	0.0798	0.0002	0.1527	0.1520	0.0007	0.0130	0.0130	0.0000	0.0130	0.0130	0.0000	0.0001	0.0000	0.0000	0.7870	0.6962	0.0908	0.2980	0.2696	0.0284	0.4890	0.4266	0.0623	0.2103	0.1137	0.0966	0.0632	0.0587	0.0044	0.1471	0.0550	0.0921	4.7756	2.9109	74.3586	1.3069	1.3402	44.4278	883.8775	490.7030	87.0540	0.0619	0.1144	0.0001	0.2053	0.2209	0.0001	0.0004	0.0007	0.0001
12	108	0.1991	4	1	1	0	0	0	0	0	0	N	N	N	N	N	N	N	N	N	N	N	N	5.0620	439.1346	0.6876	126.5743	524.4843	0.0894	3.4250	67.4507	0.8678	1.3423	1.5061	0.0761	2.2503	2.3876	0.0379	1.0653	1.2144	0.0813	0.2652	0.0034	0.1107	0.0178	0.0046	0.4235	0.3110	0.0180	0.0937	0.0065	24.8332	-0.4431	0.0018	16.7672	16.2725	6.4850	4.4748	1.5789	1.5686	0.0103	0.6188	0.6182	0.0006	0.9601	0.9505	0.0096	0.0055	0.0002	0.0053	0.0004	0.0001	0.0002	0.0052	0.0001	0.0051	1.1762	1.0415	0.1347	0.2750	0.2589	0.0161	0.9013	0.7826	0.1186	0.2972	0.1584	0.1388	0.0351	0.0336	0.0015	0.2621	0.1248	0.1373	71.9744	1112.1031	1.9822	208.2355	595.5546	0.2282	54.0758	1899.8215	2.1954	0.0187	0.0014	0.0384	0.0108	0.0040	0.1659	0.0197	0.0006	0.0370
12	109	0.2519	5	1	2	0	0	0	0	0	0	N	Y	N	N	N	N	N	N	N	N	N	N	93.6677	0.5854	10453.2400	1.1259	1.1008	0.2557	1285.6576	0.0269	16099.8290	0.3711	0.0049	3.3366	0.0160	0.0170	0.0009	0.5029	0.0000	3.9238	0.0040	0.0084	0.0003	0.0143	0.0155	0.0036	0.0004	0.0018	0.0002	84.0585	0.0977	0.7093	-0.0006	16.7672	40.5309	6.4850	14.7974	1.0117	0.0119	0.9998	0.0118	0.0118	0.0000	0.9998	0.0001	0.9997	0.0011	0.0010	0.0001	0.0010	0.0010	0.0000	0.0001	0.0000	0.0001	2.7264	2.4268	0.2996	0.7384	0.6936	0.0448	1.9880	1.7332	0.2548	0.7070	0.3941	0.3129	0.1122	0.1051	0.0071	0.5948	0.2890	0.3058	233.8583	1.8901	10453.2400	1.7372	1.7694	0.2557	3509.9600	1.3294	16099.8290	0.0016	0.0026	0.0003	0.0092	0.0096	0.0036	0.0001	0.0000	0.0002
12	110	0.2260	4	1	2	0	0	0	0	0	0	N	Y	N	N	N	N	N	N	N	N	N	N	1.6797	0.8925	18.0833	0.4631	0.5182	0.0069	1.7565	0.1094	23.3035	0.0074	0.0049	0.0281	0.0014	0.0015	0.0000	0.0100	0.0065	0.0334	0.0044	0.0055	0.0016	0.0030	0.0029	0.0052	0.0057	0.0593	0.0014	0.6894	0.6354	0.0009	-0.0001	16.7672	13.5236	6.4850	3.5331	0.0078	0.0046	0.0032	0.0004	0.0004	0.0000	0.0073	0.0042	0.0032	0.0004	0.0003	0.0002	0.0002	0.0001	0.0000	0.0003	0.0001	0.0002	1.0540	0.9409	0.1131	0.3187	0.3007	0.0181	0.7352	0.6402	0.0950	0.2574	0.1462	0.1112	0.0495	0.0460	0.0035	0.2079	0.1002	0.1077	4.2765	2.6339	18.0833	0.4631	0.5182	0.0069	7.0535	4.6637	23.3035	0.0017	0.0019	0.0016	0.0030	0.0029	0.0052	0.0014	0.0014	0.0014
12	111	0.1700	3	1	1	0	0	0	0	0	0	N	N	N	N	N	N	N	N	N	N	N	N	0.0439	0.0894	0.0001	0.0938	0.1128	0.0000	0.0211	0.0405	0.0001	0.0003	0.0003	0.0000	0.0008	0.0008	0.0000	0.0002	0.0002	0.0000	0.0069	0.0038	0.0050	0.0081	0.0072	0.0161	0.0083	0.0050	0.0036	0.0001	2.1481	-0.0001	0.0001	16.7672	16.9399	6.4850	15.9768	0.0003	0.0003	0.0000	0.0002	0.0002	0.0000	0.0002	0.0002	0.0000	0.0012	0.0004	0.0008	0.0004	0.0003	0.0001	0.0008	0.0000	0.0007	1.1537	1.0184	0.1353	0.2469	0.2307	0.0162	0.9068	0.7878	0.1191	0.4622	0.2561	0.2061	0.0650	0.0612	0.0038	0.3972	0.1949	0.2023	0.1199	0.2368	0.0001	0.1258	0.1501	0.0000	0.0910	1.0804	0.0001	0.0025	0.0014	0.0038	0.0061	0.0054	0.0161	0.0019	0.0002	0.0036
12	112	0.2744	7	2	2	0	1	0	0	0	0	Y	Y	N	N	N	N	N	N	N	N	N	N	13.4014	9.5528	527.3001	463.9391	0.0002	0.0001	4.7424	5.3749	0.0000	10.7447	11.1006	0.0000	0.0001	0.0001	0.0000	0.3539	0.5627	0.0000	0.0204	0.0239	0.0000	0.4383	1.1214	0.0000	0.0000	0.0000	-0.0005	-0.0004	16.7672	0.0019	6.4850	1.9928	0.0017	0.0017	0.0000	0.0017	0.0017	0.0000	0.0000	0.0000	0.0000	0.0006	0.0006	0.0000	0.0001	0.0001	0.0000	0.0006	0.0006	0.0000	0.0004	0.0003	0.0000	0.0002	0.0002	0.0000	0.0002	0.0002	0.0000	0.0272	0.0151	0.0121	0.0050	0.0045	0.0004	0.0222	0.0106	0.0117	199.3071	125.5494	0.0000	894.2894	841.8748	0.0000	0.0037	0.0021	0.0000	0.0238	0.0428	0.0000	0.0120	0.0132	0.0000	0.0264	0.0555	0.0000			
12	113	0.2508	6	2	2	0	1	0	0	0	0	Y	Y	N	N	N	N	N	N	N	N	N	N	0.2094	0.0440	0.0071	0.0337	0.0317	0.0000	42.8605	2.8318	0.0082	0.0036	0.0041	0.0000	0.0031	0.0033	0.0000	0.0038	0.0044	0.0000	0.0172	0.0921	0.0000	0.0916	0.1029	0.0000	0.0001	0.0016	0.0000	0.0000	0.0041	-0.0007	-0.0006	16.7672	8.6942	6.4850	6.0502	0.0024	0.0024	0.0000	0.0006	0.0006	0.0000	0.0018	0.0018	0.0000	0.0010	0.0010	0.0000	0.0010	0.0010	0.0000	0.0000	0.0000	0.0000	0.6590	0.5867	0.0723	0.1943	0.1834	0.0109	0.4647	0.4033	0.0614	0.2056	0.1084	0.0972	0.0293	0.0268	0.0025	0.1763	0.0816	0.0947	0.7362	0.4378	0.0071	0.0902	0.0875	0.0000	108.0771	166.8774	0.0082	0.0049	0.0093	0.0000	0.0342	0.0374	0.0000	0.0000	0.0000	0.0000
12	114	0.2719	10	1	2	0	1	0	0	0	0	N	Y	N	N	N	N	N	N	N	N	N	N	0.0000	0.0000	0.0000	0.0000	0.0000	0.0000	0.0000	0.0000	0.0000	0.0000	0.0000	0.0000	0.0000	0.0050	0.0145	0.0000	0.0054	0.0055	0.0000	0.0000	0.0000	0.0000	0.0000	0.0000	-0.0000	16.7672	0.0001	6.4850	0.0001	0.0000	0.0000	0.0000	0.0000	0.0000	0.0000	0.0000	0.0000	0.0000	0.0000	0.0000	0.0000	0.0000	0.0000	0.0000	0.0000	0.0000	0.0000	0.0000	0.0000	0.0000	0.0000	0.0000	0.0000	0.0000	0.0000	0.0000	0.0000	0.0000	0.0000	0.0000	0.0000	0.0000	0.0000	0.0000	0.0000	0.0000	0.0000	0.0000	0.0000	0.0000	0.0000	0.0000	0.0000	0.0000	0.0019	0.0038	0.0000	0.0046	0.0046	0.0000	0.0000	0.0000	0.0000						
12	115	0.2652	9	1	2	0	1	0	0	0	0	N	Y	N	N	N	N	N	N	N	N	N	N	0.0000	0.0000	0.0000	0.0000	0.0000	0.0000	0.0000	0.0000	0.0000	0.0000	0.0000	0.0000	0.0000	0.0153	0.0792	0.0000	0.0953	0.1071	0.0000	0.0000	0.0000	0.0000	0.0000	0.0000	-0.0002	16.7672	3.0007	6.4850	1.0012	0.0000	0.0000	0.0000	0.0000	0.0000	0.0000	0.0000	0.0000	0.0000	0.0002	0.0002	0.0000	0.0002	0.0002	0.0000	0.0000	0.0000	0.0000	0.2129	0.1885	0.0244	0.0537	0.0504	0.0034	0.1592	0.1381	0.0211	0.0542	0.0283	0.0259	0.0072	0.0065	0.0007	0.0471	0.0218	0.0252	0.0000	0.0000	0.0000	0.0000	0.0000	0.0000	0.0000	0.0000	0.0000	0.0046	0.0088	0.0000	0.0349	0.0386	0.0000	0.0000	0.0000	0.0000						
12	116	0.2633	8	1	1	0	1	0	0	0	0	N	N	N	N	N	N	N	N	N	N	N	N	0.3728	0.0525	7.6040	0.0547	0.0430	inf	2.0213	8.1876	0.0000	0.0000	0.0000	0.0000	0.0000	0.0000	0.0000	0.0000	0.0000	0.0000	0.0000	0.0000	0.0000	0.0001	0.0000	0.0000	0.0000	0.0000	3.5827	0.1969	0.0000	-0.0000	16.7672	1.1177	6.4850	0.0023	0.0000	0.0000	0.0000	0.0000	0.0000	0.0000	0.0000	0.0000	0.0000	0.0000	0.0000	0.0000	0.0000	0.0000	0.0000	0.0000	0.0000	0.0000	0.0836	0.0743	0.0093	0.0239	0.0225	0.0014	0.0597	0.0518	0.0079	0.0153	0.0080	0.0073	0.0020	0.0018	0.0002	0.0133	0.0061	0.0071	0.3728	0.0571	7.6040	0.0547	0.0430	inf	2.0213	0.0000	8.1876	0.0000	0.0000	0.0000	0.0000	0.0001	0.0000	0.0000	0.0000	0.0000	
12	117	0.0796	2	1	2	0	0	0	0	0	0	N	Y	N	N	N	N	N	N	N	N	N	N	0.8012	1.2965	0.0003	0.3138	0.3648	0.0001	0.8533	578.5626	0.0004	0.5283	0.6094	0.0002	0.1834	0.2099	0.0000	0.5939	0.6861	0.0003	0.6594	0.4701	0.7589	0.5846	0.5753	0.0265	0.6960	0.0012	0.6339	0.0001	3.2022	-0.3653	0.0090	16.7672	31.2782	6.4850	23.9277	1.2724	1.2723	0.0001	0.0706	0.0706	0.0000	1.2018	1.2017	0.0001	0.0670	0.0160	0.0511	0.0160	0.0159	0.0001	0.0510	0.0000	0.0510	2.4083	2.0876	0.3206	0.3846	0.3362	0.0485	2.0237	1.7515	0.2722	1.0046	0.5420	0.4625	0.1472	0.1446	0.0027	0.8574	0.3975	0.4599	7.9182	20.7099	0.0020	1.6869	1.9030	0.0001	9.9801	45216.6194	0.0024	0.0667	0.0294	0.1104	0.1087	0.1103	0.0249	0.0595	0.0000	0.1109
12	118	0.2633	8	1	1	1	1	0	0	0	0	N	N	N	N	N	N	N	N	N	N	N	N	4.1448	inf	13.6335	inf	inf	inf	3.5763	14.4993	0.0000	0.0000	0.0000	0.0000	0.0000	0.0000	0.0000	0.0000	0.0000	0.0000	0.0000	0.0000	0.0000	0.0000	0.0000	0.0000	0.0000	0.0000	3.5827	inf	0.0000	0.0000	16.7672	3.8827	6.4850	2.9998	0.0000	0.0000	0.0000	0.0000	0.0000	0.0000	0.0000	0.0000	0.0000	0.0000	0.0000	0.0000	0.0000	0.0000	0.0000	0.0000	0.0000	0.0000	0.2787	0.2470	0.0317	0.0729	0.0684	0.0045	0.2058	0.1786	0.0272	0.0926	0.0483	0.0443	0.0121	0.0110	0.0012	0.0804	0.0373	0.0431	4.1448	inf	13.6335	inf	inf	inf	3.5763	0.0000	14.4993	0.0000	0.0000	0.0000	0.0000	0.0000	0.0000	0.0000	0.0000	0.0000	
12	119	0.2604	7	1	1	0	1	0	0	0	0	N	N	N	N	N	N	N	N	N	N	N	N	2994.5325	5100.4808	9032.2068	3458.3311	3313.9725	inf	2428.9816	10207.1918	0.0059	0.0029	0.0316	0.0085	0.0084	0.0108	0.0046	0.0000	0.0362	0.0000	0.0000	0.0000	0.0000	0.0000	0.0000	0.0000	0.0000	0.0000	1.2455	5.5824	0.0004	0.0000	16.7672	2.8083	6.4850	0.0030	0.0015	0.0006	0.0008	0.0007	0.0006	0.0000	0.0008	0.0000	0.0008	0.0000	0.0000	0.0000	0.0000	0.0000	0.0000	0.0000	0.0000	0.0000	0.2461	0.2205	0.0256	0.0822	0.0775	0.0046	0.1639	0.1430	0.0210	0.0383	0.0200	0.0184	0.0050	0.0046	0.0005	0.0333	0.0154	0.0179	2994.5325	5100.4808	9032.2068	3458.3311	3313.9725	inf	2428.9816	0.0000	10207.1918	0.0000	0.0000	0.0000	0.0000	0.0000	0.0000	0.0000	0.0000	0.0000	
12	120	0.2604	7	1	1	1	1	0	0	0	0	N	N	N	N	N	N	N	N	N	N	N	N	6061.7497	55917.3097	9.8679	36755.4104	43452.9703	inf	0.0000	0.0000	0.0029	0.0032	0.0000	0.0104	0.0111	0.0001	0.0000	0.0000	0.0000	0.0000	0.0000	0.0000	0.0000	0.0000	0.0000	0.0000	0.0000	0.0000	0.0004	14.7436	-0.0006	0.0000	16.7672	9.6158	6.4850	0.0030	0.0021	0.0021	0.0000	0.0021	0.0021	0.0000	0.0000	0.0000	0.0000	0.0000	0.0000	0.0000	0.0000	0.0000	0.0000	0.0000	0.0000	0.0000	0.7146	0.6353	0.0793	0.1977	0.1858	0.0119	0.5169	0.4496	0.0673	0.1290	0.0672	0.0618	0.0169	0.0153	0.0016	0.1121	0.0519	0.0601	6061.7497	55917.3097	9.8679	36755.4104	43452.9703	inf	0.0000	0.0000	0.0000	0.0000	0.0000	0.0000	0.0000	0.0000	0.0000	0.0000	0.0000	0.0000	
12	121	0.2508	6	1	1	0	1	0	0	0	0	N	N	N	N	N	N	N	N	N	N	N	N	0.2246	1.0148	0.1626	0.7405	0.9340	0.2172	0.0121	0.0008	0.1306	0.0000	0.0000	0.0001	0.0001	0.0001	0.0001	0.0000	0.0000	0.0000	0.0002	0.0000	0.0003	0.0001	0.0001	0.0005	0.0004	0.0001	0.0003	0.1719	9.8517	-0.0000	0.0000	16.7672	4.2457	6.4850	2.0144	0.0000	0.0000	0.0000	0.0000	0.0000	0.0000	0.0000	0.0000	0.0000	0.0000	0.0000	0.0000	0.0000	0.0000	0.0000	0.0000	0.0000	0.0000	0.3542	0.3173	0.0369	0.1242	0.1178	0.0064	0.2301	0.1995	0.0305	0.0936	0.0499	0.0437	0.0150	0.0139	0.0011	0.0786	0.0360	0.0426	0.2246	1.2377	0.1626	0.7405	0.9340	0.2172	0.0321	0.2893	0.1306	0.0002	0.0000	0.0003	0.0001	0.0001	0.0005	0.0002	0.0000	0.0003
12	122	0.2087	5	1	1	0	1	0	0	0	0	N	N	N	N	N	N	N	N	N	N	N	N	0.0202	0.0040	0.8416	0.0035	0.0034	0.0000	0.0911	0.1525	0.9855	0.0001	0.0001	0.0007	0.0001	0.0001	0.0000	0.0001	0.0000	0.0008	0.0061	0.0133	0.0008	0.0380	0.0417	0.0022	0.0013	0.0001	0.0008	1.6437	0.2155	0.0000	-0.0003	16.7672	11.9190	6.4850	13.1740	0.0001	0.0000	0.0001	0.0000	0.0000	0.0000	0.0001	0.0000	0.0001	0.0008	0.0006	0.0001	0.0006	0.0006	0.0000	0.0001	0.0000	0.0001	0.8966	0.7970	0.0995	0.2394	0.2264	0.0130	0.6572	0.5707	0.0865	0.3371	0.1742	0.1629	0.0337	0.0320	0.0017	0.3034	0.1422	0.1612	0.0551	0.0147	0.8416	0.0071	0.0072	0.0000	0.2803	47.1990	0.9855	0.0022	0.0036	0.0008	0.0186	0.0195	0.0022	0.0004	0.0000	0.0008
12	123	0.4548	7	1	1	1	1	0	0	0	0	N	N	N	N	N	N	N	N	N	N	N	N	0.2520	0.1394	0.0000	0.2941	0.2713	0.0000	0.0000	0.0000	0.0000	0.0000	0.0000	0.0002	0.0002	0.0000	0.0000	0.0000	0.0000	0.0002	0.0003	0.0000	0.0005	0.0006	0.0000	0.0000	0.0000	0.0000	0.0000	0.0080	-0.0000	-0.0000	16.7672	12.8936	6.4850	4.1514	0.0000	0.0000	0.0000	0.0000	0.0000	0.0000	0.0000	0.0000	0.0000	0.0000	0.0000	0.0000	0.0000	0.0000	0.0000	0.0000	0.0000	0.0000	0.9267	0.8265	0.1002	0.2471	0.2357	0.0115	0.6795	0.5908	0.0887	0.2234	0.1331	0.0903	0.0690	0.0607	0.0083	0.1544	0.0724	0.0820	0.2520	0.1697	0.0000	0.2941	0.2713	0.0000	0.0000	0.0000	0.0000	0.0002	0.0003	0.0000	0.0005	0.0006	0.0000	0.0000	0.0000	0.0000	
12	124	0.2240	6	1	2	0	0	0	0	0	0	N	Y	N	N	N	N	N	N	N	N	N	N	0.0000	0.0120	0.0000	0.0142	0.0181	0.0013	0.0000	0.0057	0.0000	0.0000	0.0000	0.0000	0.0000	0.0000	0.0000	0.0000	0.0000	0.0000	0.1729	0.0008	0.0705	0.0023	0.0019	0.0122	0.2389	0.0000	0.0586	0.0273	58.4359	-0.0000	0.0015	16.7672	12.7386	6.4850	8.7370	0.0000	0.0000	0.0000	0.0000	0.0000	0.0000	0.0000	0.0000	0.0000	0.0044	0.0001	0.0043	0.0001	0.0001	0.0000	0.0043	0.0000	0.0043	0.9211	0.8173	0.1037	0.2238	0.2111	0.0128	0.6972	0.6063	0.0910	0.3081	0.1599	0.1482	0.0402	0.0385	0.0017	0.2679	0.1215	0.1465	0.0006	0.0197	0.0001	0.0142	0.0181	0.0013	0.0000	2.2091	0.0000	0.0141	0.0005	0.0289	0.0023	0.0019	0.0122	0.0159	0.0000	0.0291
12	125	0.2087	5	1	2	0	0	0	0	0	0	N	Y	N	N	N	N	N	N	N	N	N	N	0.0001	0.0001	0.0001	0.0002	0.0002	0.0000	0.0005	0.0005	0.0002	0.0001	0.0001	0.0000	0.0002	0.0002	0.0000	0.0000	0.0000	0.0000	0.4263	0.6547	0.0021	1.2724	1.2935	0.0053	0.0046	0.0046	0.0020	0.0006	0.0332	-0.0000	-0.0027	16.7672	8.6431	6.4850	1.4782	0.0000	0.0000	0.0000	0.0000	0.0000	0.0000	0.0000	0.0000	0.0000	0.0044	0.0043	0.0001	0.0043	0.0043	0.0000	0.0001	0.0000	0.0001	0.6793	0.6053	0.0741	0.1942	0.1842	0.0100	0.4851	0.4211	0.0640	0.1435	0.0743	0.0692	0.0155	0.0148	0.0007	0.1279	0.0594	0.0685	0.0019	0.0011	0.0001	0.0007	0.0007	0.0000	0.0019	0.0151	0.0002	0.0310	0.0580	0.0021	0.2768	0.2897	0.0053	0.0012	0.0002	0.0020
12	126	0.1991	4	1	1	0	0	0	0	0	0	N	N	N	N	N	N	N	N	N	N	N	N	0.4177	0.4376	0.0068	0.4758	1.0652	0.0000	0.0415	0.0082	0.0428	0.0054	0.0060	0.0000	0.0189	0.0198	0.0000	0.0001	0.0002	0.0000	0.0129	0.0138	0.0063	0.0398	0.0186	0.8582	0.0036	0.0199	0.0011	0.0009	0.9105	-0.0006	-0.0001	16.7672	4.1618	6.4850	2.0491	0.0020	0.0020	0.0000	0.0019	0.0019	0.0000	0.0000	0.0000	0.0000	0.0004	0.0002	0.0002	0.0003	0.0002	0.0002	0.0001	0.0000	0.0001	0.3649	0.3251	0.0398	0.1018	0.0973	0.0045	0.2631	0.2278	0.0353	0.1056	0.0602	0.0454	0.0179	0.0173	0.0006	0.0878	0.0429	0.0449	1.3511	1.6495	0.0097	0.9917	1.7978	0.0000	0.1612	0.2343	0.0428	0.0040	0.0037	0.0044	0.0191	0.0110	0.2696	0.0009	0.0007	0.0011
12	127	0.1700	3	1	1	0	0	0	0	0	0	N	N	N	N	N	N	N	N	N	N	N	N	0.0137	19.9138	0.0413	0.0037	0.3582	0.0000	0.0167	14.1548	0.0841	0.0033	0.0031	0.0052	0.0002	0.0002	0.0000	0.0042	0.0039	0.0060	0.2411	0.0002	0.1268	0.0516	0.0006	2.0146	0.2499	0.0003	0.0709	0.2288	197.7793	-0.0002	0.0017	16.7672	9.4810	6.4850	7.4917	0.0022	0.0018	0.0004	0.0000	0.0000	0.0000	0.0022	0.0018	0.0004	0.0046	0.0000	0.0046	0.0010	0.0000	0.0010	0.0036	0.0000	0.0036	0.6594	0.5818	0.0777	0.1427	0.1333	0.0094	0.5167	0.4485	0.0683	0.2617	0.1502	0.1116	0.0424	0.0404	0.0020	0.2193	0.1098	0.1095	0.1893	19.9138	0.1282	0.0081	0.3582	0.0000	0.2552	3967.5589	0.1818	0.0175	0.0002	0.0409	0.0234	0.0006	0.4732	0.0164	0.0000	0.0328
12	128	0.4671	8	2	2	0	0	0	0	0	0	Y	Y	N	N	N	N	N	N	N	N	N	N	2095.8474	1441.9117	1.2475	1.1495	inf	inf	0.0015	0.0017	0.0000	0.0000	0.0000	0.0000	0.0021	0.0024	0.0000	0.0000	0.0000	0.0000	0.0000	0.0000	0.0000	0.0000	0.0000	0.0000	0.0000	0.0053	-0.0001	-0.0000	16.7672	2.0107	6.4850	1.9995	0.0002	0.0002	0.0000	0.0000	0.0000	0.0000	0.0002	0.0002	0.0000	0.0000	0.0000	0.0000	0.0000	0.0000	0.0000	0.0000	0.0000	0.0000	0.1355	0.1199	0.0156	0.0339	0.0321	0.0018	0.1017	0.0878	0.0138	0.0509	0.0308	0.0201	0.0166	0.0146	0.0020	0.0343	0.0162	0.0180	2095.8474	1441.9117	0.0000	1.2475	1.1495	0.0000	inf	inf	0.0000	0.0000	0.0000	0.0000	0.0000	0.0000	0.0000	0.0000	0.0000	0.0000			
12	129	0.4548	7	2	2	0	0	0	0	0	0	Y	Y	N	N	N	N	N	N	N	N	N	N	6225.9417	2900.6455	0.0000	3.6050	3.3403	641818.9942	49635.6495	0.0000	2.1917	2.4411	0.0000	0.0033	0.0034	0.0000	3.1394	3.6045	0.0000	0.0004	0.0008	0.0000	0.0009	0.0010	0.0000	0.0000	0.0001	0.0000	0.0000	0.0113	-0.2867	-0.0000	16.7672	5.6459	6.4850	1.1399	0.9987	0.9987	0.0000	0.0004	0.0004	0.0000	0.9982	0.9982	0.0000	0.0000	0.0000	0.0000	0.0000	0.0000	0.0000	0.0000	0.0000	0.0000	0.4556	0.4091	0.0465	0.1377	0.1322	0.0055	0.3180	0.2769	0.0410	0.0963	0.0571	0.0392	0.0308	0.0274	0.0034	0.0655	0.0297	0.0358	7476.9911	4995.9104	0.0000	3.6050	3.3403	0.0000	641818.9942	17020980.5699	0.0000	0.0003	0.0005	0.0000	0.0009	0.0010	0.0000	0.0000	0.0000	0.0000	
12	130	0.4245	6	1	1	0	0	0	0	0	0	N	N	N	N	N	N	N	N	N	N	N	N	318.8225	231.1816	0.5788	555.1642	505.1068	13.6058	508.0922	1487.4041	0.0026	1.9472	2.1741	0.0007	3.5270	3.6517	0.0082	1.3464	1.5494	0.0000	0.0061	0.0094	0.0013	0.0064	0.0072	0.0006	0.0026	0.0010	0.0013	0.0000	0.2789	-0.5694	-0.0003	16.7672	11.6079	6.4850	5.3766	1.9834	1.9833	0.0001	0.9899	0.9898	0.0001	0.9935	0.9935	0.0000	0.0007	0.0006	0.0002	0.0006	0.0006	0.0000	0.0002	0.0000	0.0002	1.0186	0.9123	0.1063	0.2807	0.2710	0.0096	0.7379	0.6412	0.0967	0.3201	0.1986	0.1215	0.1125	0.1030	0.0095	0.2076	0.0957	0.1120	868.9952	769.9740	0.5788	701.4239	671.5994	13.6058	1842.7241	146496.1369	0.0026	0.0022	0.0028	0.0013	0.0050	0.0054	0.0006	0.0007	0.0000	0.0013
12	131	0.4067	5	1	1	0	0	0	0	0	0	N	N	N	N	N	N	N	N	N	N	N	N	5.2346	7.6174	0.8640	25.4799	25.0500	10.7605	1.6904	3.0794	0.7237	0.0632	0.0696	0.0076	0.1493	0.1538	0.0272	0.0285	0.0320	0.0054	0.0121	0.0091	0.0088	0.0059	0.0061	0.0025	0.0169	0.0104	0.0075	0.0126	1.0489	-0.0064	-0.0001	16.7672	3.9355	6.4850	8.7078	0.0232	0.0230	0.0003	0.0158	0.0157	0.0001	0.0075	0.0073	0.0002	0.0012	0.0006	0.0006	0.0006	0.0005	0.0000	0.0006	0.0000	0.0006	0.3680	0.3299	0.0380	0.1056	0.1018	0.0038	0.2624	0.2281	0.0343	0.3141	0.2078	0.1063	0.1173	0.1101	0.0071	0.1968	0.0976	0.0992	16.7538	25.0128	1.3299	31.4075	31.4072	10.7605	8.9529	80.8774	0.9136	0.0038	0.0028	0.0057	0.0048	0.0049	0.0025	0.0032	0.0004	0.0059
12	132	0.3950	4	1	1	0	0	0	0	0	0	N	N	N	N	N	N	N	N	N	N	N	N	74.1178	49.9600	0.9826	0.4716	0.4311	2.6568	149.8726	56.8036	1.0956	1.7305	1.9306	0.0070	0.0082	0.0079	0.0171	2.4475	2.8204	0.0058	0.0233	0.0386	0.0071	0.0175	0.0183	0.0064	0.0163	0.0497	0.0053	0.0004	0.3951	-0.2840	-0.0006	16.7672	6.2657	6.4850	3.9760	0.9905	0.9901	0.0004	0.0014	0.0013	0.0001	0.9892	0.9888	0.0003	0.0016	0.0012	0.0005	0.0011	0.0011	0.0000	0.0005	0.0001	0.0004	0.5724	0.5129	0.0595	0.1683	0.1623	0.0060	0.4041	0.3506	0.0535	0.2721	0.1778	0.0943	0.1032	0.0971	0.0061	0.1688	0.0807	0.0882	289.7814	294.7340	1.4278	0.7720	0.7232	2.6568	790.0381	2224.3747	1.2216	0.0060	0.0066	0.0049	0.0107	0.0109	0.0064	0.0031	0.0013	0.0048
12	133	0.3177	3	1	1	0	0	0	0	0	0	N	N	N	N	N	N	N	N	N	N	N	N	1.6510	2.0948	0.0300	1.5070	1.8469	0.0185	3.0141	123.6972	0.0397	0.5537	0.6232	0.0021	0.2064	0.2167	0.0024	0.6514	0.7485	0.0021	0.3354	0.2975	0.0716	0.1370	0.1173	0.1289	0.2161	0.0061	0.0535	0.0004	1.1126	-0.3141	-0.0019	16.7672	26.7012	6.4850	18.2690	1.0954	1.0949	0.0005	0.0897	0.0896	0.0000	1.0057	1.0053	0.0004	0.0190	0.0090	0.0100	0.0099	0.0089	0.0010	0.0091	0.0001	0.0090	1.9783	1.7569	0.2215	0.4345	0.4137	0.0207	1.5439	1.3431	0.2007	0.8485	0.5057	0.3428	0.2338	0.2208	0.0131	0.6147	0.2849	0.3297	24.6983	35.0011	0.0736	4.8639	5.3527	0.0316	44.0142	3141.4682	0.0776	0.0224	0.0178	0.0292	0.0424	0.0405	0.0756	0.0148	0.0002	0.0274
12	134	0.0796	2	1	1	0	0	0	0	0	0	N	N	N	N	N	N	N	N	N	N	N	N	0.5243	0.5637	0.0005	0.3058	0.3389	0.0321	0.4614	5.3619	0.0004	0.6382	0.7295	0.0019	0.9023	1.0080	0.0056	0.6029	0.6913	0.0015	1.2172	1.2941	3.8711	2.9511	2.9740	0.1733	1.3066	0.1289	3.9770	0.0004	2.7791	-0.7405	0.1416	16.7672	61.4372	6.4850	55.8589	2.5822	2.5812	0.0010	0.4303	0.4300	0.0003	2.1519	2.1512	0.0007	1.3227	0.3500	0.9727	0.3489	0.3485	0.0004	0.9737	0.0015	0.9722	4.0461	3.5386	0.5075	0.4769	0.4266	0.0503	3.5692	3.1119	0.4573	1.6639	0.8912	0.7727	0.1782	0.1735	0.0047	1.4858	0.7178	0.7680	0.8029	1.8576	0.0015	0.4607	0.5018	0.0612	0.9200	333.6045	0.0012	0.7949	0.3927	1.2588	1.9585	2.0087	0.0910	0.6554	0.0021	1.2659
13	14	0.2532	12	0	1	1	1	0	0	0	0	N	N	N	N	N	N	N	N	N	N	N	N	0.0000	0.0000	0.0000	0.0000	0.0000	0.0000	0.0000	0.0000	0.0000	0.0000	0.0000	0.0000	0.0000	0.0000	0.0000	0.0000	0.0000	0.0000	0.0000	0.0000	0.0000	0.0000	0.0000	0.0000	0.2449	0.0000	-0.0000	0.0001	20.9564	1.0001	6.0714	0.0000	0.0000	0.0000	0.0000	0.0000	0.0000	0.0000	0.0000	0.0000	0.0000	0.0000	0.0000	0.0000	0.0000	0.0000	0.0000	0.0000	0.0000	0.0000	0.0000	0.0000	0.0000	0.0000	0.0000	0.0000	0.0000	0.0000	0.0137	0.0069	0.0068	0.0016	0.0013	0.0002	0.0121	0.0056	0.0065	0.0000	0.0000	0.0000	0.0000	0.0000	0.0000	0.0000	0.0000	0.0000	0.0000	0.0000	0.0000	0.0000	0.0000	0.0000	0.0000	0.0000	0.0000				
13	17	0.4249	16	0	1	1	2	0	0	0	0	N	N	N	Y	N	N	N	N	N	N	N	N	0.0000	0.0000	0.0000	0.0000	0.0000	0.0000	0.0000	0.0000	0.0000	0.0000	0.0000	0.0000	0.0000	0.0000	0.0000	0.0000	0.0000	0.0000	0.0000	0.0000	0.0001	8.1476	1.0001	4.0573	0.0000	0.0000	0.0000	0.0000	0.0000	0.0000	0.0000	0.0000	0.0000	0.0000	0.0000	0.0000	0.0000	0.0000	0.0000	0.0000	0.0000	0.0000	0.0000	0.0000	0.0000	0.0000	0.0000	0.0000	0.0000	0.0000	0.0000	0.0056	0.0032	0.0024	0.0012	0.0010	0.0002	0.0044	0.0022	0.0022	0.0000	0.0000	0.0000	0.0000	0.0000	0.0000	0.0000	0.0000	0.0000	0.0000	0.0000	0.0000	0.0000	0.0000	0.0000	0.0000	0.0000	0.0000											
13	18	0.1285	10	0	1	1	1	0	0	0	0	N	N	N	N	N	N	N	N	N	N	N	N	0.0000	0.0000	0.0000	0.0000	0.0000	0.0000	0.0000	0.0000	0.0000	0.0000	0.0000	0.0000	0.0000	0.0000	0.0000	0.5437	0.7911	0.0000	1.5254	1.5856	0.0000	0.0008	0.0159	0.0000	0.0000	0.0000	-0.0005	0.0001	12.7610	1.0001	15.2058	0.0000	0.0000	0.0000	0.0000	0.0000	0.0000	0.0000	0.0000	0.0000	0.0007	0.0007	0.0000	0.0007	0.0007	0.0000	0.0000	0.0000	0.0000	0.0000	0.0000	0.0000	0.0000	0.0000	0.0000	0.0000	0.0000	0.0000	0.0158	0.0081	0.0077	0.0020	0.0017	0.0002	0.0138	0.0063	0.0075	0.0000	0.0000	0.0000	0.0000	0.0000	0.0000	0.0000	0.0000	0.0000	0.0457	0.0890	0.0000	0.3658	0.4102	0.0000	0.0003	0.0006	0.0000				
13	19	0.0101	3	0	1	1	2	0	0	0	0	N	N	N	Y	N	N	N	N	N	N	N	N	0.0000	0.0000	0.0000	0.0000	0.0000	0.0000	0.0000	0.0000	0.0000	0.0000	0.0000	0.0000	0.0000	0.0000	0.0000	0.0000	0.0000	0.0000	0.0000	0.0000	0.0001	3.0000	1.0001	1.0000	0.0000	0.0000	0.0000	0.0000	0.0000	0.0000	0.0000	0.0000	0.0000	0.0000	0.0000	0.0000	0.0000	0.0000	0.0000	0.0000	0.0000	0.0000	0.0000	0.0000	0.0000	0.0000	0.0000	0.0000	0.0000	0.0000	0.0000	0.0026	0.0013	0.0013	0.0000	0.0000	0.0000	0.0026	0.0012	0.0013	0.0000	0.0000	0.0000	0.0000	0.0000	0.0000	0.0000	0.0000	0.0000	0.0000	0.0000	0.0000	0.0000	0.0000	0.0000	0.0000	0.0000	0.0000											
13	20	0.5643	14	0	1	1	2	0	0	0	0	N	N	N	Y	N	N	N	N	N	N	N	N	0.0000	0.0000	0.0000	0.0000	0.0000	0.0000	0.0000	0.0000	0.0000	0.0000	0.0000	0.0000	0.0000	0.0000	0.0000	0.0000	0.0000	0.0000	0.0000	0.0000	0.0000	0.0000	inf	0.0000	0.0000	0.0001	9.0824	1.0001	4.8637	0.0000	0.0000	0.0000	0.0000	0.0000	0.0000	0.0000	0.0000	0.0000	0.0000	0.0000	0.0000	0.0000	0.0000	0.0000	0.0000	0.0000	0.0000	0.0000	0.0000	0.0000	0.0000	0.0000	0.0000	0.0000	0.0000	0.0000	0.0062	0.0037	0.0024	0.0020	0.0018	0.0002	0.0041	0.0020	0.0022	0.0000	0.0000	0.0000	0.0000	0.0000	0.0000	0.0000	0.0000	0.0000	0.0000	0.0000	0.0000	0.0000	0.0000	0.0000	0.0000	0.0000	0.0000						
13	21	0.1841	11	1	1	1	1	0	0	0	0	N	N	N	N	N	N	N	N	N	N	N	N	0.0000	0.0000	0.0000	0.0000	0.0000	0.0000	0.0000	0.0000	0.0000	0.0000	0.0000	0.0000	0.0000	0.0000	0.0000	0.0000	0.0000	0.0000	0.0000	0.0000	0.0000	0.0000	0.0000	0.0000	inf	0.0000	0.0000	0.0001	5.0072	1.0001	8.1033	0.0000	0.0000	0.0000	0.0000	0.0000	0.0000	0.0000	0.0000	0.0000	0.0000	0.0000	0.0000	0.0000	0.0000	0.0000	0.0000	0.0000	0.0000	0.0000	0.0000	0.0000	0.0000	0.0000	0.0000	0.0000	0.0000	0.0000	0.0087	0.0045	0.0041	0.0016	0.0014	0.0002	0.0071	0.0031	0.0040	0.0000	0.0000	0.0000	0.0000	0.0000	0.0000	0.0000	0.0000	0.0000	0.0000	0.0000	0.0000	0.0000	0.0000	0.0000	0.0000	0.0000	0.0000				
13	22	0.0753	7	0	1	1	1	0	0	0	0	N	N	N	N	N	N	N	N	N	N	N	N	11.7955	0.0000	63679721.3864	0.0006	0.0000	16034.1344	12847978.3323	79467388.5176	5.6106	0.0000	94.3249	0.0010	0.0000	0.2343	8.3533	0.0000	96.6541	0.4757	0.7278	0.0000	1.7292	1.7592	0.0000	0.0000	0.0000	0.0000	inf	0.0000	0.0001	-0.0004	0.0001	17.0533	1.0001	10.0403	0.0001	0.0000	0.0001	0.0000	0.0000	0.0000	0.0001	0.0000	0.0001	0.0006	0.0006	0.0000	0.0006	0.0006	0.0000	0.0000	0.0000	0.0000	0.0000	0.0000	0.0000	0.0000	0.0000	0.0000	0.0000	0.0000	0.0000	0.0165	0.0082	0.0083	0.0013	0.0011	0.0002	0.0152	0.0071	0.0081	156.0300	0.0000	63679721.3864	0.0022	0.0000	16034.1344	12847978.3323	0.0000	79467388.5176	0.0360	0.0723	0.0000	0.4606	0.5279	0.0000	0.0000	0.0000	0.0000	
13	23	0.4249	16	0	0	1	2	0	0	0	0	N	N	N	Y	N	N	N	N	N	N	N	N	0.0000	0.0000	0.0000	0.0000	0.0000	0.0000	0.0000	0.0000	0.0000	0.0000	0.0000	0.0000	0.0000	0.0000	0.0000	0.0000	0.0000	0.0000	0.0000	0.0000	0.0001	2.8591	1.0001	0.9679	0.0000	0.0000	0.0000	0.0000	0.0000	0.0000	0.0000	0.0000	0.0000	0.0000	0.0000	0.0000	0.0000	0.0000	0.0000	0.0000	0.0000	0.0000	0.0000	0.0000	0.0000	0.0000	0.0000	0.0000	0.0000	0.0000	0.0000	0.0019	0.0011	0.0008	0.0004	0.0004	0.0001	0.0015	0.0007	0.0008	0.0000	0.0000	0.0000	0.0000	0.0000	0.0000	0.0000	0.0000	0.0000	0.0000	0.0000	0.0000	0.0000	0.0000	0.0000	0.0000	0.0000	0.0000											
13	24	0.3987	15	0	0	1	2	0	0	0	0	N	N	N	Y	N	N	N	N	N	N	N	N	308.4696	158.1660	0.0000	89.4713	78.8862	0.0000	0.0000	0.0043	0.0046	0.0000	0.0056	0.0058	0.0000	0.0000	0.0000	0.0000	0.0000	0.0000	0.0000	0.0001	0.0001	0.0000	0.0000	0.0000	0.0000	0.0000	0.0399	-0.0000	-0.0000	0.0001	6.2936	1.0001	7.0245	0.0000	0.0000	0.0000	0.0000	0.0000	0.0000	0.0000	0.0000	0.0000	0.0000	0.0000	0.0000	0.0000	0.0000	0.0000	0.0000	0.0000	0.0000	0.0000	0.0000	0.0000	0.0000	0.0000	0.0000	0.0000	0.0000	0.0000	0.0061	0.0035	0.0026	0.0013	0.0011	0.0002	0.0048	0.0024	0.0024	308.4696	196.0059	0.0000	89.4713	78.8862	0.0000	0.0000	0.0000	0.0000	0.0000	0.0000	0.0000	0.0001	0.0001	0.0000	0.0000	0.0000	0.0000		
13	25	0.1999	10	1	0	2	1	0	0	0	0	N	N	Y	N	N	N	N	N	N	N	N	N	inf	inf	inf	inf	inf	inf	17.6145	19.0234	0.0000	0.0008	0.0008	0.0000	32.9669	35.6018	0.0000	0.0000	0.0000	0.0000	0.0000	0.0000	0.0000	0.0000	0.0000	0.0000	0.0000	-0.0000	0.0000	0.0001	4.4994	1.0001	1.0731	0.0001	0.0001	0.0000	0.0000	0.0000	0.0000	0.0001	0.0001	0.0000	0.0000	0.0000	0.0000	0.0000	0.0000	0.0000	0.0000	0.0000	0.0000	0.0000	0.0000	0.0000	0.0000	0.0000	0.0000	0.0000	0.0000	0.0000	0.0031	0.0016	0.0015	0.0004	0.0003	0.0001	0.0027	0.0013	0.0014	inf	inf	0.0000	inf	inf	0.0000	inf	inf	0.0000	0.0000	0.0000	0.0000	0.0000	0.0000	0.0000	0.0000	0.0000	0.0000				
13	26	0.1457	10	0	1	1	1	0	0	0	0	N	N	N	N	N	N	N	N	N	N	N	N	0.0000	0.0000	0.0000	0.0000	0.0000	0.0000	0.0000	0.0000	0.0000	0.0000	0.0000	0.0000	0.0000	0.0000	0.0000	0.0000	0.0000	0.0002	0.0005	0.0000	0.0012	0.0015	0.0000	0.0000	0.0000	0.0000	0.0049	0.0000	-0.0000	0.0001	12.3098	1.0001	9.0087	0.0000	0.0000	0.0000	0.0000	0.0000	0.0000	0.0000	0.0000	0.0000	0.0000	0.0000	0.0000	0.0000	0.0000	0.0000	0.0000	0.0000	0.0000	0.0000	0.0000	0.0000	0.0000	0.0000	0.0000	0.0000	0.0000	0.0000	0.0126	0.0069	0.0057	0.0021	0.0018	0.0003	0.0105	0.0051	0.0054	0.0000	0.0000	0.0000	0.0000	0.0000	0.0000	0.0000	0.0000	0.0000	0.0002	0.0004	0.0000	0.0012	0.0015	0.0000	0.0000	0.0000	0.0000		
13	27	0.1225	9	0	1	1	1	0	0	0	0	N	N	N	N	N	N	N	N	N	N	N	N	0.0000	0.0000	0.0000	0.0000	0.0000	0.0000	0.0000	0.0000	0.0000	0.0000	0.0000	0.0000	0.0000	0.0000	0.0000	0.0000	0.0000	0.0019	0.0048	0.0000	0.0072	0.0089	0.0000	0.0000	0.0000	0.0000	0.0006	0.0000	-0.0000	0.0001	25.8727	1.0001	15.5187	0.0000	0.0000	0.0000	0.0000	0.0000	0.0000	0.0000	0.0000	0.0000	0.0000	0.0000	0.0000	0.0000	0.0000	0.0000	0.0000	0.0000	0.0000	0.0000	0.0000	0.0000	0.0000	0.0000	0.0000	0.0000	0.0000	0.0000	0.0253	0.0141	0.0112	0.0045	0.0038	0.0007	0.0209	0.0103	0.0105	0.0000	0.0000	0.0000	0.0000	0.0000	0.0000	0.0000	0.0000	0.0000	0.0010	0.0017	0.0000	0.0054	0.0064	0.0000	0.0000	0.0000	0.0000		
13	28	0.1166	9	1	1	1	1	0	0	0	0	N	N	N	N	N	N	N	N	N	N	N	N	0.0000	0.0000	0.0000	0.0000	0.0000	0.0000	0.0000	0.0000	0.0000	0.0000	0.0000	0.0000	0.0000	0.0000	0.0000	0.0000	0.0000	0.0000	0.0000	0.0000	0.0000	0.0000	0.0000	0.0000	inf	0.0000	0.0000	0.0001	38.1974	1.0001	14.3032	0.0000	0.0000	0.0000	0.0000	0.0000	0.0000	0.0000	0.0000	0.0000	0.0000	0.0000	0.0000	0.0000	0.0000	0.0000	0.0000	0.0000	0.0000	0.0000	0.0000	0.0000	0.0000	0.0000	0.0000	0.0000	0.0000	0.0000	0.0270	0.0135	0.0135	0.0028	0.0024	0.0004	0.0241	0.0111	0.0130	0.0000	0.0000	0.0000	0.0000	0.0000	0.0000	0.0000	0.0000	0.0000	0.0000	0.0000	0.0000	0.0000	0.0000	0.0000	0.0000	0.0000	0.0000				
13	29	0.1526	11	0	1	1	1	0	0	0	0	N	N	N	N	N	N	N	N	N	N	N	N	0.0000	0.0000	0.0000	0.0000	0.0000	0.0000	0.0000	0.0000	0.0000	0.0000	0.0000	0.0000	0.0000	0.1303	0.3830	0.0000	0.3414	0.4101	0.0000	0.0000	0.0000	0.0000	0.0000	0.0000	-0.0001	0.0001	6.0056	1.0001	10.9350	0.0000	0.0000	0.0000	0.0000	0.0000	0.0000	0.0000	0.0000	0.0000	0.0001	0.0001	0.0000	0.0001	0.0001	0.0000	0.0000	0.0000	0.0000	0.0000	0.0000	0.0000	0.0000	0.0000	0.0000	0.0000	0.0000	0.0000	0.0098	0.0054	0.0045	0.0017	0.0015	0.0003	0.0081	0.0039	0.0042	0.0000	0.0000	0.0000	0.0000	0.0000	0.0000	0.0000	0.0000	0.0000	0.0125	0.0229	0.0000	0.0708	0.0840	0.0000	0.0000	0.0000	0.0000						
13	30	0.2127	11	1	1	1	1	0	0	0	0	N	N	N	N	N	N	N	N	N	N	N	N	0.0063	0.0016	0.0000	0.0049	0.0047	0.0000	0.0000	0.0001	0.0002	0.0000	0.0002	0.0002	0.0000	0.0000	0.0000	0.0000	0.0227	0.0981	0.0000	0.0471	0.0513	0.0000	0.0000	0.0000	0.0000	0.0000	0.0000	-0.0000	-0.0001	0.0001	17.1852	1.0001	7.8386	0.0000	0.0000	0.0000	0.0000	0.0000	0.0000	0.0000	0.0000	0.0000	0.0001	0.0001	0.0000	0.0001	0.0001	0.0000	0.0000	0.0000	0.0000	0.0000	0.0000	0.0000	0.0000	0.0000	0.0000	0.0000	0.0000	0.0000	0.0208	0.0130	0.0078	0.0057	0.0053	0.0003	0.0151	0.0077	0.0074	0.0240	0.0162	0.0000	0.0107	0.0103	0.0000	0.0000	0.0000	0.0000	0.0059	0.0094	0.0000	0.0217	0.0232	0.0000	0.0000	0.0000	0.0000		
13	31	0.2532	12	0	1	1	1	0	0	0	0	N	N	N	N	N	N	N	N	N	N	N	N	0.0000	0.0000	0.0000	0.0000	0.0000	0.0000	0.0000	0.0000	0.0000	0.0000	0.0000	0.0000	0.0000	0.0000	0.0000	0.0000	0.0000	0.0000	0.0000	0.0000	0.0000	0.0000	0.0000	0.0000	0.0000	0.0000	0.9184	0.0000	-0.0000	0.0001	9.9927	1.0001	7.0404	0.0000	0.0000	0.0000	0.0000	0.0000	0.0000	0.0000	0.0000	0.0000	0.0000	0.0000	0.0000	0.0000	0.0000	0.0000	0.0000	0.0000	0.0000	0.0000	0.0000	0.0000	0.0000	0.0000	0.0000	0.0000	0.0000	0.0000	0.0089	0.0045	0.0044	0.0010	0.0009	0.0001	0.0079	0.0036	0.0042	0.0000	0.0000	0.0000	0.0000	0.0000	0.0000	0.0000	0.0000	0.0000	0.0000	0.0000	0.0000	0.0000	0.0000	0.0000	0.0000	0.0000	0.0000		
13	32	0.2451	11	0	1	1	1	0	0	0	0	N	N	N	N	N	N	N	N	N	N	N	N	0.0000	0.0000	0.0000	0.0000	0.0000	0.0000	0.0000	0.0000	0.0000	0.0000	0.0000	0.0000	0.0000	0.0000	0.0000	0.0000	0.0000	0.0000	0.0000	0.0001	0.0001	0.0000	0.0000	0.0000	0.0000	0.1743	0.0000	-0.0000	0.0001	3.8146	1.0001	0.9911	0.0000	0.0000	0.0000	0.0000	0.0000	0.0000	0.0000	0.0000	0.0000	0.0000	0.0000	0.0000	0.0000	0.0000	0.0000	0.0000	0.0000	0.0000	0.0000	0.0000	0.0000	0.0000	0.0000	0.0000	0.0000	0.0000	0.0000	0.0026	0.0013	0.0013	0.0003	0.0002	0.0000	0.0023	0.0011	0.0012	0.0000	0.0000	0.0000	0.0000	0.0000	0.0000	0.0000	0.0000	0.0000	0.0000	0.0000	0.0000	0.0001	0.0001	0.0000	0.0000	0.0000	0.0000			
13	33	0.2451	11	0	1	1	1	0	0	0	0	N	N	N	N	N	N	N	N	N	N	N	N	0.0000	0.0000	0.0000	0.0000	0.0000	0.0000	0.0000	0.0000	0.0000	0.0000	0.0000	0.0000	0.0000	0.0000	0.0000	0.0000	0.0000	0.0000	0.0000	0.0000	0.0000	0.0000	0.0000	0.0000	-0.0000	0.0001	24.4476	1.0001	5.0002	0.0000	0.0000	0.0000	0.0000	0.0000	0.0000	0.0000	0.0000	0.0000	0.0000	0.0000	0.0000	0.0000	0.0000	0.0000	0.0000	0.0000	0.0000	0.0000	0.0000	0.0000	0.0000	0.0000	0.0000	0.0000	0.0000	0.0000	0.0149	0.0075	0.0074	0.0016	0.0014	0.0002	0.0133	0.0061	0.0071	0.0000	0.0000	0.0000	0.0000	0.0000	0.0000	0.0000	0.0000	0.0000	0.0000	0.0000	0.0000	0.0000	0.0000	0.0000	0.0000	0.0000	0.0000						
13	34	0.2932	11	0	1	2	2	0	0	0	0	N	N	Y	Y	N	N	N	N	N	N	N	N	0.0000	0.0000	0.0000	0.0000	0.0000	0.0000	0.0000	0.0000	0.0000	0.0000	0.0000	0.0000	0.0000	0.0000	0.0000	0.0000	0.0001	0.0001	0.0000	0.0000	0.0000	0.0000	0.0000	0.0000	-0.0000	0.0001	1.3124	1.0001	1.0060	0.0000	0.0000	0.0000	0.0000	0.0000	0.0000	0.0000	0.0000	0.0000	0.0000	0.0000	0.0000	0.0000	0.0000	0.0000	0.0000	0.0000	0.0000	0.0000	0.0000	0.0000	0.0000	0.0000	0.0000	0.0000	0.0000	0.0000	0.0015	0.0010	0.0006	0.0004	0.0004	0.0000	0.0011	0.0006	0.0005	0.0000	0.0000	0.0000	0.0000	0.0000	0.0000	0.0000	0.0000	0.0000	0.0000	0.0000	0.0000	0.0001	0.0001	0.0000	0.0000	0.0000	0.0000						
13	35	0.1619	10	0	0	1	2	0	0	0	0	N	N	N	Y	N	N	N	N	N	N	N	N	6.0586	49.3344	0.0000	3.4682	56.9861	0.0000	0.0000	0.0000	0.0000	0.0001	0.0001	0.0000	0.0001	0.0001	0.0000	0.0000	0.0000	0.0000	0.0000	0.0000	0.0000	0.0000	0.0000	0.0002	0.0000	0.0003	0.0000	0.0000	12.9379	-0.0000	0.0000	0.0001	53.2438	1.0001	16.6757	0.0000	0.0000	0.0000	0.0000	0.0000	0.0000	0.0000	0.0000	0.0000	0.0000	0.0000	0.0000	0.0000	0.0000	0.0000	0.0000	0.0000	0.0000	0.0000	0.0000	0.0000	0.0000	0.0000	0.0000	0.0000	0.0000	0.0000	0.0370	0.0201	0.0169	0.0057	0.0050	0.0007	0.0314	0.0151	0.0162	6.0586	49.3344	0.0000	3.4682	56.9861	0.0000	0.0000	0.0000	0.0000	0.0000	0.0000	0.0000	0.0000	0.0000	0.0002	0.0000	0.0000	0.0000
13	36	0.1211	10	0	1	1	1	0	0	0	0	N	N	N	N	N	N	N	N	N	N	N	N	0.0000	0.0000	0.0000	0.0000	0.0000	0.0000	0.0000	0.0000	0.0000	0.0000	0.0000	0.0000	0.0000	0.0000	0.0000	0.0000	0.0000	0.0000	0.0000	0.0000	0.0000	0.0000	0.0000	0.0000	inf	0.0000	0.0000	0.0001	17.9460	1.0001	11.6991	0.0000	0.0000	0.0000	0.0000	0.0000	0.0000	0.0000	0.0000	0.0000	0.0000	0.0000	0.0000	0.0000	0.0000	0.0000	0.0000	0.0000	0.0000	0.0000	0.0000	0.0000	0.0000	0.0000	0.0000	0.0000	0.0000	0.0000	0.0178	0.0093	0.0085	0.0027	0.0023	0.0004	0.0152	0.0070	0.0081	0.0000	0.0000	0.0000	0.0000	0.0000	0.0000	0.0000	0.0000	0.0000	0.0000	0.0000	0.0000	0.0000	0.0000	0.0000	0.0000	0.0000	0.0000				
13	37	0.5765	15	1	1	1	1	0	0	0	0	N	N	N	N	N	N	N	N	N	N	N	N	0.0000	0.0000	0.0000	0.0000	0.0000	0.0000	0.0000	0.0000	0.0000	0.0000	0.0000	0.0000	0.0000	0.0000	0.0000	0.0000	0.0000	0.0000	0.0000	0.0000	0.0001	1.9903	1.0001	0.0021	0.0000	0.0000	0.0000	0.0000	0.0000	0.0000	0.0000	0.0000	0.0000	0.0000	0.0000	0.0000	0.0000	0.0000	0.0000	0.0000	0.0000	0.0000	0.0000	0.0000	0.0000	0.0000	0.0000	0.0000	0.0000	0.0000	0.0000	0.0008	0.0005	0.0003	0.0003	0.0003	0.0000	0.0005	0.0003	0.0003	0.0000	0.0000	0.0000	0.0000	0.0000	0.0000	0.0000	0.0000	0.0000	0.0000	0.0000	0.0000	0.0000	0.0000	0.0000	0.0000	0.0000	0.0000											
13	38	0.1619	10	0	1	1	2	0	0	0	0	N	N	N	Y	N	N	N	N	N	N	N	N	13.8489	153.6023	0.0000	11.6768	61.3737	0.0000	0.0000	0.0000	0.0001	0.0001	0.0000	0.0001	0.0001	0.0000	0.0000	0.0000	0.0000	0.0000	0.0000	0.0000	0.0000	0.0000	0.0001	0.0000	0.0000	0.0000	0.0000	17.9149	-0.0000	0.0000	0.0001	45.5232	1.0001	15.8903	0.0000	0.0000	0.0000	0.0000	0.0000	0.0000	0.0000	0.0000	0.0000	0.0000	0.0000	0.0000	0.0000	0.0000	0.0000	0.0000	0.0000	0.0000	0.0000	0.0000	0.0000	0.0000	0.0000	0.0000	0.0000	0.0000	0.0000	0.0336	0.0183	0.0152	0.0053	0.0047	0.0006	0.0283	0.0136	0.0147	13.8489	153.6023	0.0000	11.6768	61.3737	0.0000	0.0000	0.0000	0.0000	0.0000	0.0000	0.0000	0.0000	0.0000	0.0001	0.0000	0.0000	0.0000	
13	39	0.1348	9	0	0	1	2	0	0	0	0	N	N	N	Y	N	N	N	N	N	N	N	N	5.6329	3.2999	1.5370	1.4383	0.0000	0.0000	0.0002	0.0002	0.0000	0.0004	0.0004	0.0000	0.0000	0.0000	0.0000	0.0000	0.0001	0.0000	0.0002	0.0003	0.0000	0.0000	0.0004	0.0000	0.0000	0.0000	-0.0000	-0.0000	0.0001	13.8166	1.0001	4.5847	0.0000	0.0000	0.0000	0.0000	0.0000	0.0000	0.0000	0.0000	0.0000	0.0000	0.0000	0.0000	0.0000	0.0000	0.0000	0.0000	0.0000	0.0000	0.0000	0.0000	0.0000	0.0000	0.0000	0.0000	0.0000	0.0000	0.0000	0.0121	0.0067	0.0054	0.0019	0.0018	0.0002	0.0101	0.0049	0.0052	5.6329	3.3678	0.0000	1.5370	1.4383	0.0000	0.0000	0.0000	0.0000	0.0000	0.0001	0.0000	0.0002	0.0003	0.0000	0.0000	0.0000	0.0000			
13	40	0.2966	13	0	0	2	1	0	0	0	0	N	N	Y	N	N	N	N	N	N	N	N	N	0.0000	0.0000	0.0000	0.0000	0.0000	0.0000	0.0000	0.0000	0.0000	0.0000	0.0000	0.0000	0.0000	0.0000	0.0000	0.0000	0.0000	0.5737	0.7625	0.0000	0.9043	0.9796	0.0000	0.0000	0.0000	0.0000	0.0001	0.0000	-0.0004	0.0001	12.6411	1.0001	7.4648	0.0000	0.0000	0.0000	0.0000	0.0000	0.0000	0.0000	0.0000	0.0000	0.0007	0.0007	0.0000	0.0007	0.0007	0.0000	0.0000	0.0000	0.0000	0.0000	0.0000	0.0000	0.0000	0.0000	0.0000	0.0000	0.0000	0.0000	0.0137	0.0083	0.0054	0.0040	0.0034	0.0005	0.0097	0.0048	0.0049	0.0000	0.0000	0.0000	0.0000	0.0000	0.0000	0.0000	0.0000	0.0000	0.0503	0.0833	0.0000	0.1734	0.2009	0.0000	0.0000	0.0000	0.0000		
13	41	0.5641	13	0	1	1	1	0	0	0	0	N	N	N	N	N	N	N	N	N	N	N	N	327.2872	159.2409	0.0000	77.2934	78.6050	0.0000	inf	inf	0.1997	0.2258	0.0000	0.1102	0.1264	0.0000	0.5757	0.6143	0.0000	0.0006	0.0014	0.0000	0.0014	0.0016	0.0000	0.0000	0.0000	0.0000	0.0000	0.0003	-0.0000	-0.0000	0.0001	22.0894	1.0001	9.3639	0.0000	0.0000	0.0000	0.0000	0.0000	0.0000	0.0000	0.0000	0.0000	0.0000	0.0000	0.0000	0.0000	0.0000	0.0000	0.0000	0.0000	0.0000	0.0001	0.0000	0.0000	0.0000	0.0000	0.0000	0.0000	0.0000	0.0000	0.0136	0.0081	0.0055	0.0040	0.0036	0.0005	0.0095	0.0045	0.0051	471.5772	316.8004	0.0000	77.2934	78.6050	0.0000	inf	inf	0.0000	0.0004	0.0007	0.0000	0.0014	0.0016	0.0000	0.0000	0.0000	0.0000	
13	42	0.1348	9	0	1	1	1	0	0	0	0	N	N	N	N	N	N	N	N	N	N	N	N	0.0000	0.0000	0.0000	0.0000	0.0000	0.0000	0.0000	0.0000	0.0000	0.0000	0.0000	0.0000	0.0000	0.0000	0.0000	0.0000	0.0000	0.0000	0.0000	0.0000	0.0001	43.3975	1.0001	17.3745	0.0000	0.0000	0.0000	0.0000	0.0000	0.0000	0.0000	0.0000	0.0000	0.0000	0.0000	0.0000	0.0000	0.0000	0.0000	0.0000	0.0000	0.0000	0.0000	0.0000	0.0000	0.0000	0.0000	0.0000	0.0000	0.0000	0.0000	0.0328	0.0176	0.0152	0.0041	0.0035	0.0005	0.0288	0.0141	0.0147	0.0000	0.0000	0.0000	0.0000	0.0000	0.0000	0.0000	0.0000	0.0000	0.0000	0.0000	0.0000	0.0000	0.0000	0.0000	0.0000	0.0000	0.0000											
13	43	0.4942	12	1	0	2	1	0	0	0	0	N	N	Y	N	N	N	N	N	N	N	N	N	0.0000	0.0000	0.0000	0.0000	0.0000	0.0000	0.0000	0.0000	0.0000	0.0000	0.0000	0.0000	0.0000	0.0000	0.0000	0.0000	0.0000	0.0000	0.0000	0.0000	0.0000	0.0000	0.0000	0.0000	0.0000	1.1786	0.0000	-0.0000	0.0001	18.2331	1.0001	4.4208	0.0000	0.0000	0.0000	0.0000	0.0000	0.0000	0.0000	0.0000	0.0000	0.0000	0.0000	0.0000	0.0000	0.0000	0.0000	0.0000	0.0000	0.0000	0.0000	0.0000	0.0000	0.0000	0.0000	0.0000	0.0000	0.0000	0.0000	0.0099	0.0057	0.0043	0.0030	0.0026	0.0004	0.0069	0.0030	0.0039	0.0000	0.0000	0.0000	0.0000	0.0000	0.0000	0.0000	0.0000	0.0000	0.0000	0.0000	0.0000	0.0000	0.0000	0.0000	0.0000	0.0000	0.0000			
13	44	0.5540	12	0	1	1	2	0	0	0	0	N	N	N	Y	N	N	N	N	N	N	N	N	3.7670	94.0118	0.0000	120.5075	110.8551	0.0000	0.9267	inf	0.0000	0.9888	1.0962	0.0000	1.1812	1.3150	0.0000	0.3624	0.3964	0.0000	0.2625	0.0117	0.1294	0.0098	0.0119	0.0001	0.3910	0.0000	0.1330	0.0000	8.4871	-0.0000	0.0002	0.0001	62.5878	1.0001	29.9840	0.0001	0.0001	0.0000	0.0001	0.0001	0.0000	0.0000	0.0000	0.0000	0.0007	0.0001	0.0006	0.0001	0.0001	0.0000	0.0006	0.0000	0.0006	0.0001	0.0001	0.0000	0.0001	0.0001	0.0000	0.0000	0.0000	0.0000	0.0358	0.0213	0.0144	0.0103	0.0090	0.0013	0.0255	0.0124	0.0131	53.2713	334.3104	0.0000	173.1170	168.3296	0.0000	15.5561	inf	0.0000	0.0186	0.0033	0.0412	0.0068	0.0078	0.0001	0.0233	0.0000	0.0453
13	45	0.4942	12	1	0	2	1	0	0	0	0	N	N	Y	N	N	N	N	N	N	N	N	N	0.0000	0.0000	0.0000	0.0000	0.0000	0.0000	0.0000	0.0000	0.0000	0.0000	0.0000	0.0000	0.0000	0.0000	0.0000	0.0000	0.0000	0.0000	0.0000	0.0000	0.0000	0.0000	0.0000	0.0000	0.0000	1.1786	0.0000	-0.0000	0.0001	13.5293	1.0001	3.1702	0.0000	0.0000	0.0000	0.0000	0.0000	0.0000	0.0000	0.0000	0.0000	0.0000	0.0000	0.0000	0.0000	0.0000	0.0000	0.0000	0.0000	0.0000	0.0000	0.0000	0.0000	0.0000	0.0000	0.0000	0.0000	0.0000	0.0000	0.0076	0.0043	0.0032	0.0023	0.0020	0.0003	0.0052	0.0023	0.0029	0.0000	0.0000	0.0000	0.0000	0.0000	0.0000	0.0000	0.0000	0.0000	0.0000	0.0000	0.0000	0.0000	0.0000	0.0000	0.0000	0.0000	0.0000			
13	46	0.4898	11	1	0	2	1	0	0	0	0	N	N	Y	N	N	N	N	N	N	N	N	N	0.0000	0.0000	0.0000	0.0000	0.0000	0.0000	0.0000	0.0000	0.0000	0.0000	0.0000	0.0000	0.0000	0.0000	0.0000	0.0000	0.0000	0.0000	0.0000	0.0000	0.0001	0.0001	0.0000	0.0000	0.0000	0.0000	0.1336	0.0000	-0.0000	0.0001	4.1147	1.0001	1.2946	0.0000	0.0000	0.0000	0.0000	0.0000	0.0000	0.0000	0.0000	0.0000	0.0000	0.0000	0.0000	0.0000	0.0000	0.0000	0.0000	0.0000	0.0000	0.0000	0.0000	0.0000	0.0000	0.0000	0.0000	0.0000	0.0000	0.0000	0.0030	0.0018	0.0012	0.0010	0.0009	0.0001	0.0020	0.0008	0.0011	0.0000	0.0000	0.0000	0.0000	0.0000	0.0000	0.0000	0.0000	0.0000	0.0000	0.0000	0.0000	0.0001	0.0001	0.0000	0.0000	0.0000	0.0000		
13	47	0.4271	10	1	0	1	1	0	0	0	0	N	N	N	N	N	N	N	N	N	N	N	N	0.0000	0.0000	0.0000	0.0000	0.0000	0.0000	0.0000	0.0000	0.0000	0.0000	0.0000	0.0000	0.0000	0.0000	0.0000	0.0000	0.0000	0.0000	0.0051	0.0109	0.0001	0.0075	0.0084	0.0001	0.0001	0.0008	0.0001	0.0121	-0.0000	-0.0000	0.0001	22.0103	1.0001	13.6452	0.0000	0.0000	0.0000	0.0000	0.0000	0.0000	0.0000	0.0000	0.0000	0.0000	0.0000	0.0000	0.0000	0.0000	0.0000	0.0000	0.0000	0.0000	0.0000	0.0000	0.0000	0.0000	0.0000	0.0000	0.0000	0.0000	0.0000	0.0241	0.0149	0.0092	0.0083	0.0076	0.0007	0.0158	0.0073	0.0084	0.0000	0.0000	0.0000	0.0000	0.0000	0.0000	0.0000	0.0000	0.0000	0.0020	0.0031	0.0001	0.0056	0.0061	0.0001	0.0000	0.0000	0.0001	
13	48	0.2966	13	0	1	1	1	0	0	0	0	N	N	N	N	N	N	N	N	N	N	N	N	0.0000	0.0000	0.0000	0.0000	0.0000	0.0000	0.0000	0.0000	0.0000	0.0000	0.0000	0.0000	0.0000	0.0000	0.0000	0.0000	0.0000	0.0000	0.3182	0.5117	0.0000	0.0002	0.0002	0.0000	0.4907	1.1726	0.0000	0.0001	0.0000	-0.0002	0.0001	12.3962	1.0001	3.7178	0.0000	0.0000	0.0000	0.0000	0.0000	0.0000	0.0000	0.0000	0.0000	0.0003	0.0003	0.0000	0.0000	0.0000	0.0000	0.0003	0.0003	0.0000	0.0000	0.0000	0.0000	0.0000	0.0000	0.0000	0.0000	0.0000	0.0000	0.0119	0.0073	0.0046	0.0037	0.0032	0.0005	0.0082	0.0041	0.0041	0.0000	0.0000	0.0000	0.0000	0.0000	0.0000	0.0000	0.0000	0.0000	0.0213	0.0348	0.0000	0.0002	0.0002	0.0000	0.0308	0.0615	0.0000	
13	49	0.2677	12	0	0	1	1	0	0	0	0	N	N	N	N	N	N	N	N	N	N	N	N	0.0000	0.0000	0.0000	0.0000	0.0000	0.0000	0.0000	0.0000	0.0000	0.0000	0.0000	0.0000	0.0000	0.0000	0.0000	0.0000	0.0000	0.0000	0.3508	0.5398	0.0000	0.1118	0.1343	0.0000	0.2630	0.9630	0.0000	0.0002	0.0000	-0.0002	0.0001	14.4870	1.0001	5.8627	0.0000	0.0000	0.0000	0.0000	0.0000	0.0000	0.0000	0.0000	0.0000	0.0004	0.0004	0.0000	0.0002	0.0002	0.0000	0.0002	0.0002	0.0000	0.0000	0.0000	0.0000	0.0000	0.0000	0.0000	0.0000	0.0000	0.0000	0.0157	0.0094	0.0064	0.0049	0.0043	0.0006	0.0108	0.0051	0.0057	0.0000	0.0000	0.0000	0.0000	0.0000	0.0000	0.0000	0.0000	0.0000	0.0236	0.0396	0.0000	0.0380	0.0437	0.0000	0.0171	0.0362	0.0000	
13	50	0.2057	11	1	1	2	1	0	0	0	0	N	N	Y	N	N	N	N	N	N	N	N	N	0.0000	0.0000	0.0000	0.0000	0.0000	0.0000	0.0000	0.0000	0.0000	0.0000	0.0000	0.0000	0.0000	0.0000	0.0000	0.0000	0.0000	0.0000	0.0000	0.0000	0.0001	0.9856	1.0001	2.8295	0.0000	0.0000	0.0000	0.0000	0.0000	0.0000	0.0000	0.0000	0.0000	0.0000	0.0000	0.0000	0.0000	0.0000	0.0000	0.0000	0.0000	0.0000	0.0000	0.0000	0.0000	0.0000	0.0000	0.0000	0.0000	0.0000	0.0000	0.0020	0.0010	0.0010	0.0002	0.0002	0.0000	0.0018	0.0008	0.0010	0.0000	0.0000	0.0000	0.0000	0.0000	0.0000	0.0000	0.0000	0.0000	0.0000	0.0000	0.0000	0.0000	0.0000	0.0000	0.0000	0.0000	0.0000											
13	51	0.5340	13	1	1	1	1	0	0	0	0	N	N	N	N	N	N	N	N	N	N	N	N	0.0000	0.0000	0.0000	0.0000	0.0000	0.0000	0.0000	0.0000	0.0000	0.0000	0.0000	0.0000	0.0000	0.0000	0.0000	0.0000	0.0000	0.0000	0.7254	0.9757	0.0000	0.0001	0.0001	0.0000	0.9359	1.8559	0.0000	0.0000	0.0000	-0.0006	0.0001	13.3057	1.0001	8.6321	0.0000	0.0000	0.0000	0.0000	0.0000	0.0000	0.0000	0.0000	0.0000	0.0009	0.0009	0.0000	0.0000	0.0000	0.0000	0.0009	0.0009	0.0000	0.0000	0.0000	0.0000	0.0000	0.0000	0.0000	0.0000	0.0000	0.0000	0.0107	0.0065	0.0042	0.0037	0.0033	0.0004	0.0070	0.0032	0.0038	0.0000	0.0000	0.0000	0.0000	0.0000	0.0000	0.0000	0.0000	0.0000	0.0877	0.1442	0.0000	0.0001	0.0001	0.0000	0.1334	0.2886	0.0000	
13	52	0.3987	15	0	1	1	2	0	0	0	0	N	N	N	Y	N	N	N	N	N	N	N	N	162.9729	104.8705	0.0000	56.4946	49.7515	0.0000	0.0000	0.0122	0.0129	0.0000	0.0158	0.0163	0.0000	0.0000	0.0000	0.0000	0.0001	0.0001	0.0000	0.0003	0.0003	0.0000	0.0000	0.0000	0.0000	0.0000	0.0399	-0.0000	-0.0000	0.0001	2.1073	1.0001	0.0711	0.0000	0.0000	0.0000	0.0000	0.0000	0.0000	0.0000	0.0000	0.0000	0.0000	0.0000	0.0000	0.0000	0.0000	0.0000	0.0000	0.0000	0.0000	0.0000	0.0000	0.0000	0.0000	0.0000	0.0000	0.0000	0.0000	0.0000	0.0011	0.0007	0.0005	0.0003	0.0003	0.0000	0.0009	0.0004	0.0004	162.9729	105.0053	0.0000	56.4946	49.7515	0.0000	0.0000	0.0000	0.0000	0.0001	0.0001	0.0000	0.0003	0.0003	0.0000	0.0000	0.0000	0.0000		
13	53	0.3363	14	0	0	1	2	0	0	0	0	N	N	N	Y	N	N	N	N	N	N	N	N	67.8703	17.7400	0.0000	28.5115	23.6564	0.0000	0.0000	4.8299	5.1546	0.0000	6.7749	7.0250	0.0000	0.0000	0.0000	0.0000	0.0712	0.2906	0.0000	0.2376	0.2970	0.0000	0.0000	0.0000	0.0000	0.0000	0.0000	-0.0000	-0.0001	0.0001	21.8329	1.0001	8.0592	0.0001	0.0001	0.0000	0.0001	0.0001	0.0000	0.0000	0.0000	0.0000	0.0001	0.0001	0.0000	0.0001	0.0001	0.0000	0.0000	0.0000	0.0000	0.0000	0.0000	0.0000	0.0000	0.0000	0.0000	0.0000	0.0000	0.0000	0.0123	0.0069	0.0054	0.0021	0.0018	0.0004	0.0101	0.0051	0.0050	494.6005	296.1077	0.0000	121.1572	105.0151	0.0000	0.0000	0.0000	0.0000	0.0098	0.0174	0.0000	0.0559	0.0669	0.0000	0.0000	0.0000	0.0000		
13	54	0.6464	15	0	1	1	2	0	0	0	0	N	N	N	Y	N	N	N	N	N	N	N	N	0.0000	0.0000	0.0000	0.0000	0.0000	0.0000	0.0000	0.0000	0.0000	0.0000	0.0000	0.0000	0.0000	0.0000	0.0000	0.0000	0.0000	0.0000	0.0000	0.0000	0.0001	0.0000	1.0001	0.0000	0.0000	0.0000	0.0000	0.0000	0.0000	0.0000	0.0000	0.0000	0.0000	0.0000	0.0000	0.0000	0.0000	0.0000	0.0000	0.0000	0.0000	0.0000	0.0000	0.0000	0.0000	0.0000	0.0000	0.0000	0.0000	0.0000	0.0000	0.0000	0.0000	0.0000	0.0000	0.0000	0.0000	0.0000	0.0000	0.0000	0.0000	0.0000	0.0000	0.0000	0.0000	0.0000	0.0000	0.0000	0.0000	0.0000	0.0000	0.0000	0.0000	0.0000	0.0000	0.0000	0.0000	0.0000											
13	55	0.3363	14	0	0	1	2	0	0	0	0	N	N	N	Y	N	N	N	N	N	N	N	N	282.8907	1014.9635	0.0000	387.6149	617.3388	0.0000	0.0000	0.0000	0.0411	0.0436	0.0000	0.0549	0.0567	0.0000	0.0000	0.0000	0.0000	0.0001	0.0000	0.0003	0.0001	0.0001	0.0006	0.0004	0.0000	0.0003	0.0000	5.4734	-0.0000	0.0000	0.0001	1.2825	1.0001	0.1503	0.0000	0.0000	0.0000	0.0000	0.0000	0.0000	0.0000	0.0000	0.0000	0.0000	0.0000	0.0000	0.0000	0.0000	0.0000	0.0000	0.0000	0.0000	0.0000	0.0000	0.0000	0.0000	0.0000	0.0000	0.0000	0.0000	0.0000	0.0008	0.0005	0.0003	0.0002	0.0002	0.0000	0.0006	0.0003	0.0003	282.8907	1210.6765	0.0000	387.6149	617.3388	0.0000	0.0000	0.0000	0.0000	0.0001	0.0000	0.0003	0.0001	0.0001	0.0006	0.0001	0.0000	0.0003	
13	56	0.2953	13	0	0	1	2	0	0	0	0	N	N	N	Y	N	N	N	N	N	N	N	N	1.8949	0.9512	0.0000	1.5193	1.3039	0.0000	0.0000	0.0000	0.0000	0.0049	0.0052	0.0000	0.0071	0.0074	0.0000	0.0000	0.0000	0.0000	0.0026	0.0055	0.0000	0.0047	0.0056	0.0001	0.0000	0.0006	0.0000	0.0000	0.0078	-0.0000	-0.0000	0.0001	14.8542	1.0001	6.8183	0.0000	0.0000	0.0000	0.0000	0.0000	0.0000	0.0000	0.0000	0.0000	0.0000	0.0000	0.0000	0.0000	0.0000	0.0000	0.0000	0.0000	0.0000	0.0000	0.0000	0.0000	0.0000	0.0000	0.0000	0.0000	0.0000	0.0000	0.0135	0.0083	0.0052	0.0038	0.0033	0.0005	0.0098	0.0050	0.0047	4.2247	2.8067	0.0000	1.7344	1.5814	0.0000	0.0000	0.0000	0.0000	0.0011	0.0019	0.0000	0.0041	0.0047	0.0001	0.0000	0.0000	0.0000
13	57	0.2204	12	0	0	1	2	0	0	0	0	N	N	N	Y	N	N	N	N	N	N	N	N	0.0924	0.0411	0.0000	0.8254	0.7849	0.0000	0.0000	0.0000	0.0000	0.0001	0.0001	0.0000	0.0002	0.0002	0.0000	0.0000	0.0000	0.0000	0.0013	0.0032	0.0000	0.0002	0.0003	0.0001	0.0031	0.0809	0.0000	0.0000	0.0253	-0.0000	-0.0000	0.0001	33.5853	1.0001	9.3450	0.0000	0.0000	0.0000	0.0000	0.0000	0.0000	0.0000	0.0000	0.0000	0.0000	0.0000	0.0000	0.0000	0.0000	0.0000	0.0000	0.0000	0.0000	0.0000	0.0000	0.0000	0.0000	0.0000	0.0000	0.0000	0.0000	0.0000	0.0228	0.0128	0.0100	0.0039	0.0035	0.0005	0.0189	0.0093	0.0096	0.1705	0.1049	0.0000	0.8254	0.7849	0.0000	0.0000	0.0000	0.0000	0.0007	0.0013	0.0000	0.0002	0.0003	0.0001	0.0008	0.0016	0.0000
13	58	0.1996	11	0	0	1	1	0	0	0	0	N	N	N	N	N	N	N	N	N	N	N	N	0.0000	0.0000	0.0000	0.0000	0.0000	0.0000	0.0000	0.0000	0.0000	0.0000	0.0000	0.0000	0.0000	0.0000	0.0000	0.0000	0.0000	0.0000	0.0003	0.0008	0.0000	0.0009	0.0010	0.0001	0.0002	0.0049	0.0000	0.0492	-0.0000	-0.0000	0.0001	15.2419	1.0001	2.5705	0.0000	0.0000	0.0000	0.0000	0.0000	0.0000	0.0000	0.0000	0.0000	0.0000	0.0000	0.0000	0.0000	0.0000	0.0000	0.0000	0.0000	0.0000	0.0000	0.0000	0.0000	0.0000	0.0000	0.0000	0.0000	0.0000	0.0000	0.0116	0.0063	0.0053	0.0023	0.0021	0.0002	0.0093	0.0042	0.0051	0.0000	0.0000	0.0000	0.0000	0.0000	0.0000	0.0000	0.0000	0.0000	0.0003	0.0005	0.0000	0.0009	0.0010	0.0001	0.0001	0.0002	0.0000	
13	59	0.6464	15	0	0	1	2	0	0	0	0	N	N	N	Y	N	N	N	N	N	N	N	N	0.0000	0.0000	0.0000	0.0000	0.0000	0.0000	0.0000	0.0000	0.0000	0.0000	0.0000	0.0000	0.0000	0.0000	0.0000	0.0000	0.0000	0.0000	0.0000	0.0000	0.0001	0.0000	1.0001	0.0000	0.0000	0.0000	0.0000	0.0000	0.0000	0.0000	0.0000	0.0000	0.0000	0.0000	0.0000	0.0000	0.0000	0.0000	0.0000	0.0000	0.0000	0.0000	0.0000	0.0000	0.0000	0.0000	0.0000	0.0000	0.0000	0.0000	0.0000	0.0000	0.0000	0.0000	0.0000	0.0000	0.0000	0.0000	0.0000	0.0000	0.0000	0.0000	0.0000	0.0000	0.0000	0.0000	0.0000	0.0000	0.0000	0.0000	0.0000	0.0000	0.0000	0.0000	0.0000	0.0000	0.0000	0.0000											
13	60	0.5690	14	0	0	1	2	0	0	0	0	N	N	N	Y	N	N	N	N	N	N	N	N	0.0000	0.0000	0.0000	0.0000	0.0000	0.0000	0.0000	0.0000	0.0000	0.0000	0.0000	0.0000	0.0000	0.0000	0.0000	0.0000	0.0000	0.0000	0.0000	0.0000	0.0000	0.0000	0.0000	0.0000	inf	0.0000	0.0000	0.0001	19.3360	1.0001	7.9957	0.0000	0.0000	0.0000	0.0000	0.0000	0.0000	0.0000	0.0000	0.0000	0.0000	0.0000	0.0000	0.0000	0.0000	0.0000	0.0000	0.0000	0.0000	0.0000	0.0000	0.0000	0.0000	0.0000	0.0000	0.0000	0.0000	0.0000	0.0114	0.0069	0.0044	0.0036	0.0031	0.0005	0.0078	0.0039	0.0039	0.0000	0.0000	0.0000	0.0000	0.0000	0.0000	0.0000	0.0000	0.0000	0.0000	0.0000	0.0000	0.0000	0.0000	0.0000	0.0000	0.0000	0.0000				
13	61	0.2590	12	0	1	2	1	0	0	0	0	N	N	Y	N	N	N	N	N	N	N	N	N	2.6648	0.9465	0.0000	0.9426	0.8287	0.0000	0.0000	0.0000	0.0009	0.0009	0.0000	0.0022	0.0022	0.0000	0.0000	0.0000	0.0000	0.0003	0.0010	0.0000	0.0023	0.0027	0.0000	0.0000	0.0000	0.0000	0.0000	0.0032	-0.0000	-0.0000	0.0001	14.2360	1.0001	11.9336	0.0000	0.0000	0.0000	0.0000	0.0000	0.0000	0.0000	0.0000	0.0000	0.0000	0.0000	0.0000	0.0000	0.0000	0.0000	0.0000	0.0000	0.0000	0.0000	0.0000	0.0000	0.0000	0.0000	0.0000	0.0000	0.0000	0.0000	0.0134	0.0068	0.0066	0.0016	0.0014	0.0002	0.0118	0.0054	0.0064	3.1340	1.6891	0.0000	0.9426	0.8287	0.0000	0.0000	0.0000	0.0000	0.0003	0.0006	0.0000	0.0023	0.0027	0.0000	0.0000	0.0000	0.0000	
13	62	0.1285	10	1	0	2	1	0	0	0	0	N	N	Y	N	N	N	N	N	N	N	N	N	0.0000	0.0000	0.0000	0.0000	0.0000	0.0000	0.0000	0.0000	0.0000	0.0000	0.0000	0.0000	0.0000	0.0000	0.0000	0.0000	0.0000	0.0192	0.1130	0.0001	0.1739	0.2073	0.0000	0.0001	0.0000	0.0001	0.0047	0.0000	-0.0001	0.0001	28.8660	1.0001	13.2209	0.0000	0.0000	0.0000	0.0000	0.0000	0.0000	0.0000	0.0000	0.0000	0.0001	0.0001	0.0000	0.0001	0.0001	0.0000	0.0000	0.0000	0.0000	0.0000	0.0000	0.0000	0.0000	0.0000	0.0000	0.0000	0.0000	0.0000	0.0221	0.0112	0.0109	0.0025	0.0022	0.0003	0.0196	0.0091	0.0106	0.0000	0.0000	0.0000	0.0000	0.0000	0.0000	0.0000	0.0000	0.0000	0.0053	0.0104	0.0001	0.0472	0.0539	0.0000	0.0000	0.0000	0.0001		
13	63	0.1841	11	1	1	1	1	0	0	0	0	N	N	N	N	N	N	N	N	N	N	N	N	0.0000	0.0000	0.0000	0.0000	0.0000	0.0000	0.0000	0.0000	0.0000	0.0000	0.0000	0.0000	0.0000	0.0000	0.0000	0.0000	0.0000	0.0000	0.0000	0.0000	0.0000	0.0000	0.0000	0.0000	inf	0.0000	0.0000	0.0001	5.0237	1.0001	8.0282	0.0000	0.0000	0.0000	0.0000	0.0000	0.0000	0.0000	0.0000	0.0000	0.0000	0.0000	0.0000	0.0000	0.0000	0.0000	0.0000	0.0000	0.0000	0.0000	0.0000	0.0000	0.0000	0.0000	0.0000	0.0000	0.0000	0.0000	0.0087	0.0045	0.0041	0.0016	0.0014	0.0002	0.0070	0.0031	0.0039	0.0000	0.0000	0.0000	0.0000	0.0000	0.0000	0.0000	0.0000	0.0000	0.0000	0.0000	0.0000	0.0000	0.0000	0.0000	0.0000	0.0000	0.0000				
13	64	0.1211	10	1	1	1	1	0	0	0	0	N	N	N	N	N	N	N	N	N	N	N	N	0.0000	0.0000	0.0000	0.0000	0.0000	0.0000	0.0000	0.0000	0.0000	0.0000	0.0000	0.0000	0.0000	0.0000	0.0000	0.0000	0.0000	0.0000	0.0000	0.0000	0.0000	0.0000	0.0000	0.0000	0.0000	0.0000	0.7510	0.0000	-0.0000	0.0001	17.5893	1.0001	19.0270	0.0000	0.0000	0.0000	0.0000	0.0000	0.0000	0.0000	0.0000	0.0000	0.0000	0.0000	0.0000	0.0000	0.0000	0.0000	0.0000	0.0000	0.0000	0.0000	0.0000	0.0000	0.0000	0.0000	0.0000	0.0000	0.0000	0.0000	0.0213	0.0111	0.0101	0.0030	0.0026	0.0004	0.0183	0.0085	0.0097	0.0000	0.0000	0.0000	0.0000	0.0000	0.0000	0.0000	0.0000	0.0000	0.0000	0.0000	0.0000	0.0000	0.0000	0.0000	0.0000	0.0000	0.0000		
13	65	0.1148	9	0	1	1	1	0	0	0	0	N	N	N	N	N	N	N	N	N	N	N	N	0.0000	0.0000	0.0000	0.0000	0.0000	0.0000	0.0000	0.0000	0.0000	0.0000	0.0000	0.0000	0.0000	0.0000	0.0000	0.0000	0.0000	0.0000	0.0000	0.0000	0.0000	0.0000	0.0000	0.0000	0.0000	0.0000	0.5000	0.0000	-0.0000	0.0001	1.7566	1.0001	2.8742	0.0000	0.0000	0.0000	0.0000	0.0000	0.0000	0.0000	0.0000	0.0000	0.0000	0.0000	0.0000	0.0000	0.0000	0.0000	0.0000	0.0000	0.0000	0.0000	0.0000	0.0000	0.0000	0.0000	0.0000	0.0000	0.0000	0.0000	0.0048	0.0031	0.0017	0.0014	0.0013	0.0001	0.0034	0.0018	0.0016	0.0000	0.0000	0.0000	0.0000	0.0000	0.0000	0.0000	0.0000	0.0000	0.0000	0.0000	0.0000	0.0000	0.0000	0.0000	0.0000	0.0000	0.0000		
13	66	0.2590	12	0	1	1	1	0	0	0	0	N	N	N	N	N	N	N	N	N	N	N	N	9.6222	inf	0.0000	35.0330	inf	0.0000	13.2078	inf	0.0000	4.7131	4.9741	0.0000	0.0004	0.0004	0.0000	7.8908	8.5557	0.0000	0.4898	0.0000	0.4182	0.0000	0.0000	0.0001	0.5974	0.0000	0.3544	0.0000	inf	-0.0000	0.0002	0.0001	21.1811	1.0001	10.1862	0.0001	0.0001	0.0000	0.0000	0.0000	0.0000	0.0001	0.0001	0.0000	0.0006	0.0000	0.0006	0.0000	0.0000	0.0000	0.0006	0.0000	0.0006	0.0000	0.0000	0.0000	0.0000	0.0000	0.0000	0.0000	0.0000	0.0000	0.0158	0.0080	0.0078	0.0019	0.0016	0.0003	0.0139	0.0064	0.0075	124.7192	inf	0.0000	35.0330	inf	0.0000	183.8572	inf	0.0000	0.0378	0.0000	0.0769	0.0000	0.0000	0.0001	0.0429	0.0000	0.0796
13	67	0.2451	11	0	1	1	1	0	0	0	0	N	N	N	N	N	N	N	N	N	N	N	N	0.9902	66.8342	0.0000	0.0000	0.0000	0.7442	3.1015	0.0000	0.0017	0.0018	0.0000	0.0000	0.0000	0.0000	0.0027	0.0030	0.0000	0.0017	0.0000	0.0017	0.0001	0.0001	0.0000	0.0037	0.0010	0.0018	0.0000	79.5118	-0.0000	0.0000	0.0001	7.4253	1.0001	0.9851	0.0000	0.0000	0.0000	0.0000	0.0000	0.0000	0.0000	0.0000	0.0000	0.0000	0.0000	0.0000	0.0000	0.0000	0.0000	0.0000	0.0000	0.0000	0.0000	0.0000	0.0000	0.0000	0.0000	0.0000	0.0000	0.0000	0.0000	0.0044	0.0022	0.0022	0.0005	0.0004	0.0001	0.0040	0.0018	0.0021	1.9350	82.4583	0.0000	0.0000	0.0000	0.0000	2.8734	330.0712	0.0000	0.0009	0.0000	0.0017	0.0001	0.0001	0.0000	0.0010	0.0000	0.0018	
13	68	0.2677	12	0	0	2	1	0	0	0	0	N	N	Y	N	N	N	N	N	N	N	N	N	0.0000	0.0000	0.0000	0.0000	0.0000	0.0000	0.0000	0.0000	0.0000	0.0000	0.0000	0.0000	0.0000	0.0000	0.0000	0.0000	0.0000	0.0000	0.2027	0.4338	0.0000	0.0002	0.0002	0.0000	0.3694	1.0680	0.0000	0.0002	0.0000	-0.0002	0.0001	15.0354	1.0001	6.2061	0.0000	0.0000	0.0000	0.0000	0.0000	0.0000	0.0000	0.0000	0.0000	0.0003	0.0003	0.0000	0.0000	0.0000	0.0000	0.0003	0.0003	0.0000	0.0000	0.0000	0.0000	0.0000	0.0000	0.0000	0.0000	0.0000	0.0000	0.0161	0.0096	0.0065	0.0050	0.0043	0.0006	0.0112	0.0053	0.0059	0.0000	0.0000	0.0000	0.0000	0.0000	0.0000	0.0000	0.0000	0.0000	0.0157	0.0264	0.0000	0.0002	0.0002	0.0000	0.0226	0.0479	0.0000	
13	69	0.1996	11	0	0	1	1	0	0	0	0	N	N	N	N	N	N	N	N	N	N	N	N	0.0000	0.0000	0.0000	0.0000	0.0000	0.0000	0.0000	0.0000	0.0000	0.0000	0.0000	0.0000	0.0000	0.0000	0.0000	0.0000	0.0000	0.0000	0.4241	0.6436	0.0000	0.0003	0.0003	0.0000	0.5407	1.2684	0.0000	0.0002	0.0000	-0.0004	0.0001	27.6811	1.0001	13.1592	0.0000	0.0000	0.0000	0.0000	0.0000	0.0000	0.0000	0.0000	0.0000	0.0007	0.0007	0.0000	0.0000	0.0000	0.0000	0.0007	0.0007	0.0000	0.0000	0.0000	0.0000	0.0000	0.0000	0.0000	0.0000	0.0000	0.0000	0.0225	0.0122	0.0104	0.0037	0.0032	0.0004	0.0189	0.0089	0.0099	0.0000	0.0000	0.0000	0.0000	0.0000	0.0000	0.0000	0.0000	0.0000	0.0305	0.0564	0.0000	0.0003	0.0003	0.0000	0.0364	0.0768	0.0000	
13	70	0.1648	10	0	0	1	1	0	0	0	0	N	N	N	N	N	N	N	N	N	N	N	N	0.0000	0.0000	0.0000	0.0000	0.0000	0.0000	0.0000	0.0000	0.0000	0.0000	0.0000	0.0000	0.0000	0.0000	0.0000	0.0000	0.0000	0.0000	0.0001	0.0003	0.0000	0.0001	0.0001	0.0001	0.0004	0.0073	0.0000	0.0703	0.0000	-0.0000	0.0001	19.6565	1.0001	4.0504	0.0000	0.0000	0.0000	0.0000	0.0000	0.0000	0.0000	0.0000	0.0000	0.0000	0.0000	0.0000	0.0000	0.0000	0.0000	0.0000	0.0000	0.0000	0.0000	0.0000	0.0000	0.0000	0.0000	0.0000	0.0000	0.0000	0.0000	0.0156	0.0087	0.0069	0.0029	0.0026	0.0002	0.0128	0.0061	0.0067	0.0000	0.0000	0.0000	0.0000	0.0000	0.0000	0.0000	0.0000	0.0000	0.0001	0.0002	0.0000	0.0001	0.0001	0.0001	0.0001	0.0003	0.0000	
13	71	0.2483	12	1	1	1	1	0	0	0	0	N	N	N	N	N	N	N	N	N	N	N	N	0.0000	0.0000	0.0000	0.0000	0.0000	0.0000	0.0000	0.0000	0.0000	0.0000	0.0000	0.0000	0.0000	0.0000	0.0000	0.0000	0.0000	0.0000	0.0000	0.0000	0.0000	0.0000	0.0000	0.0000	-0.0000	0.0001	17.5448	1.0001	6.0013	0.0000	0.0000	0.0000	0.0000	0.0000	0.0000	0.0000	0.0000	0.0000	0.0000	0.0000	0.0000	0.0000	0.0000	0.0000	0.0000	0.0000	0.0000	0.0000	0.0000	0.0000	0.0000	0.0000	0.0000	0.0000	0.0000	0.0000	0.0120	0.0061	0.0059	0.0013	0.0011	0.0002	0.0107	0.0050	0.0057	0.0000	0.0000	0.0000	0.0000	0.0000	0.0000	0.0000	0.0000	0.0000	0.0000	0.0000	0.0000	0.0000	0.0000	0.0000	0.0000	0.0000	0.0000						
13	72	0.3167	15	1	1	2	1	0	0	0	0	N	N	Y	N	N	N	N	N	N	N	N	N	0.0000	0.0000	0.0000	0.0000	0.0000	0.0000	0.0000	0.0000	0.0000	0.0000	0.0000	0.0000	0.0000	0.0000	0.0000	0.0000	0.0000	0.0000	0.0000	0.0000	0.0001	1.8980	1.0001	2.9698	0.0000	0.0000	0.0000	0.0000	0.0000	0.0000	0.0000	0.0000	0.0000	0.0000	0.0000	0.0000	0.0000	0.0000	0.0000	0.0000	0.0000	0.0000	0.0000	0.0000	0.0000	0.0000	0.0000	0.0000	0.0000	0.0000	0.0000	0.0033	0.0021	0.0011	0.0010	0.0009	0.0000	0.0023	0.0012	0.0011	0.0000	0.0000	0.0000	0.0000	0.0000	0.0000	0.0000	0.0000	0.0000	0.0000	0.0000	0.0000	0.0000	0.0000	0.0000	0.0000	0.0000	0.0000											
13	73	0.2972	14	1	0	2	1	0	0	0	0	N	N	Y	N	N	N	N	N	N	N	N	N	0.0000	0.0000	0.0000	0.0000	0.0000	0.0000	0.0000	0.0000	0.0000	0.0000	0.0000	0.0000	0.0000	0.0000	0.0000	0.0000	0.0000	0.0441	0.1101	0.0078	0.0000	0.0000	0.0000	0.1370	0.7128	0.0066	0.3361	0.0000	-0.0000	0.0001	3.5853	1.0001	4.3819	0.0000	0.0000	0.0000	0.0000	0.0000	0.0000	0.0000	0.0000	0.0000	0.0000	0.0000	0.0000	0.0000	0.0000	0.0000	0.0000	0.0000	0.0000	0.0000	0.0000	0.0000	0.0000	0.0000	0.0000	0.0000	0.0000	0.0000	0.0049	0.0030	0.0019	0.0011	0.0010	0.0001	0.0038	0.0019	0.0019	0.0000	0.0000	0.0000	0.0000	0.0000	0.0000	0.0000	0.0000	0.0000	0.0082	0.0101	0.0052	0.0000	0.0000	0.0000	0.0105	0.0154	0.0054		
13	74	0.2657	13	1	0	2	1	0	0	0	0	N	N	Y	N	N	N	N	N	N	N	N	N	0.0000	0.0000	0.0000	0.0000	0.0000	0.0000	0.0000	0.0000	0.0000	0.0000	0.0000	0.0000	0.0000	0.0000	0.0000	0.0000	0.0000	0.0000	0.0253	0.1435	0.0000	0.1144	0.1371	0.0000	0.0000	0.0011	0.0000	0.0003	0.0000	-0.0000	0.0001	12.3589	1.0001	7.3592	0.0000	0.0000	0.0000	0.0000	0.0000	0.0000	0.0000	0.0000	0.0000	0.0001	0.0001	0.0000	0.0001	0.0001	0.0000	0.0000	0.0000	0.0000	0.0000	0.0000	0.0000	0.0000	0.0000	0.0000	0.0000	0.0000	0.0000	0.0111	0.0061	0.0051	0.0018	0.0016	0.0002	0.0093	0.0045	0.0048	0.0000	0.0000	0.0000	0.0000	0.0000	0.0000	0.0000	0.0000	0.0000	0.0063	0.0116	0.0000	0.0386	0.0443	0.0000	0.0000	0.0000	0.0000	
13	75	0.2483	12	1	0	2	1	0	0	0	0	N	N	Y	N	N	N	N	N	N	N	N	N	0.0000	0.0000	0.0000	0.0000	0.0000	0.0000	0.0000	0.0000	0.0000	0.0000	0.0000	0.0000	0.0000	0.0000	0.0000	0.0000	0.0000	0.1160	0.2800	0.0113	0.0000	0.0000	0.0000	0.1908	0.7942	0.0095	0.4028	0.0000	-0.0000	0.0001	10.2127	1.0001	1.0234	0.0000	0.0000	0.0000	0.0000	0.0000	0.0000	0.0000	0.0000	0.0000	0.0001	0.0000	0.0000	0.0000	0.0000	0.0000	0.0001	0.0000	0.0000	0.0000	0.0000	0.0000	0.0000	0.0000	0.0000	0.0000	0.0000	0.0000	0.0059	0.0030	0.0029	0.0006	0.0005	0.0001	0.0053	0.0024	0.0028	0.0000	0.0000	0.0000	0.0000	0.0000	0.0000	0.0000	0.0000	0.0000	0.0119	0.0168	0.0069	0.0000	0.0000	0.0000	0.0133	0.0206	0.0071		
13	76	0.2451	11	1	0	1	1	0	0	0	0	N	N	N	N	N	N	N	N	N	N	N	N	0.0000	0.0000	0.0000	0.0000	0.0000	0.0000	0.0000	0.0000	0.0000	0.0000	0.0000	0.0000	0.0000	0.0000	0.0000	0.0000	0.0000	0.0000	0.0000	0.0001	0.0001	0.0000	0.0000	0.0000	0.0000	0.3571	0.0000	-0.0000	0.0001	3.7027	1.0001	0.0091	0.0000	0.0000	0.0000	0.0000	0.0000	0.0000	0.0000	0.0000	0.0000	0.0000	0.0000	0.0000	0.0000	0.0000	0.0000	0.0000	0.0000	0.0000	0.0000	0.0000	0.0000	0.0000	0.0000	0.0000	0.0000	0.0000	0.0000	0.0020	0.0010	0.0010	0.0002	0.0002	0.0000	0.0018	0.0008	0.0010	0.0000	0.0000	0.0000	0.0000	0.0000	0.0000	0.0000	0.0000	0.0000	0.0000	0.0000	0.0000	0.0001	0.0001	0.0000	0.0000	0.0000	0.0000			
13	77	0.2281	10	0	0	1	1	0	0	0	0	N	N	N	N	N	N	N	N	N	N	N	N	0.0000	0.0000	0.0000	0.0000	0.0000	0.0000	0.0000	0.0000	0.0000	0.0000	0.0000	0.0000	0.0000	0.0000	0.0000	0.0000	0.0000	0.6556	0.9178	0.0000	1.4028	1.4231	0.0000	0.0000	0.0000	0.0000	0.0002	0.0000	-0.0003	0.0001	3.8334	1.0001	6.1787	0.0000	0.0000	0.0000	0.0000	0.0000	0.0000	0.0000	0.0000	0.0000	0.0005	0.0005	0.0000	0.0005	0.0005	0.0000	0.0000	0.0000	0.0000	0.0000	0.0000	0.0000	0.0000	0.0000	0.0000	0.0000	0.0000	0.0000	0.0075	0.0041	0.0034	0.0016	0.0015	0.0001	0.0059	0.0027	0.0033	0.0000	0.0000	0.0000	0.0000	0.0000	0.0000	0.0000	0.0000	0.0000	0.0661	0.1198	0.0000	0.3185	0.3366	0.0000	0.0000	0.0000	0.0000		
13	78	0.1890	9	0	0	1	1	0	0	0	0	N	N	N	N	N	N	N	N	N	N	N	N	0.0000	0.0000	0.0000	0.0000	0.0000	0.0000	0.0000	0.0000	0.0000	0.0000	0.0000	0.0000	0.0000	0.0000	0.0000	0.0000	0.0000	0.0000	0.0503	0.0977	0.0136	0.0577	0.0646	0.0001	0.0249	0.0003	0.0114	0.6279	0.0000	-0.0000	0.0001	16.9094	1.0001	5.8161	0.0000	0.0000	0.0000	0.0000	0.0000	0.0000	0.0000	0.0000	0.0000	0.0001	0.0001	0.0001	0.0001	0.0001	0.0000	0.0001	0.0000	0.0001	0.0000	0.0000	0.0000	0.0000	0.0000	0.0000	0.0000	0.0000	0.0000	0.0169	0.0096	0.0073	0.0036	0.0033	0.0003	0.0134	0.0063	0.0071	0.0000	0.0000	0.0000	0.0000	0.0000	0.0000	0.0000	0.0000	0.0000	0.0087	0.0094	0.0078	0.0254	0.0276	0.0001	0.0042	0.0000	0.0081	
13	79	0.1148	9	0	1	1	1	0	0	0	0	N	N	N	N	N	N	N	N	N	N	N	N	0.0000	0.0000	0.0000	0.0000	0.0000	0.0000	0.0000	0.0000	0.0000	0.0000	0.0000	0.0000	0.0000	0.0000	0.0000	0.0000	0.0000	0.0000	0.0000	0.0000	0.0000	0.0000	0.0000	0.0000	inf	0.0000	0.0000	0.0001	23.9173	1.0001	17.8091	0.0000	0.0000	0.0000	0.0000	0.0000	0.0000	0.0000	0.0000	0.0000	0.0000	0.0000	0.0000	0.0000	0.0000	0.0000	0.0000	0.0000	0.0000	0.0000	0.0000	0.0000	0.0000	0.0000	0.0000	0.0000	0.0000	0.0000	0.0242	0.0132	0.0110	0.0035	0.0030	0.0004	0.0207	0.0102	0.0106	0.0000	0.0000	0.0000	0.0000	0.0000	0.0000	0.0000	0.0000	0.0000	0.0000	0.0000	0.0000	0.0000	0.0000	0.0000	0.0000	0.0000	0.0000				
13	80	0.0987	8	0	1	1	1	0	0	0	0	N	N	N	N	N	N	N	N	N	N	N	N	0.0000	0.0000	0.0000	0.0000	0.0000	0.0000	0.0000	0.0000	0.0000	0.0000	0.0000	0.0000	0.0000	0.0000	0.0000	0.0000	0.0000	0.0000	0.0000	0.0000	0.0000	0.0000	0.0000	0.0000	0.0000	0.3265	0.0000	-0.0000	0.0001	6.1279	1.0001	3.6878	0.0000	0.0000	0.0000	0.0000	0.0000	0.0000	0.0000	0.0000	0.0000	0.0000	0.0000	0.0000	0.0000	0.0000	0.0000	0.0000	0.0000	0.0000	0.0000	0.0000	0.0000	0.0000	0.0000	0.0000	0.0000	0.0000	0.0000	0.0072	0.0043	0.0029	0.0013	0.0012	0.0001	0.0060	0.0031	0.0028	0.0000	0.0000	0.0000	0.0000	0.0000	0.0000	0.0000	0.0000	0.0000	0.0000	0.0000	0.0000	0.0000	0.0000	0.0000	0.0000	0.0000	0.0000			
13	81	0.1285	10	1	0	2	1	0	0	0	0	N	N	Y	N	N	N	N	N	N	N	N	N	0.0000	0.0000	0.0000	0.0000	0.0000	0.0000	0.0000	0.0000	0.0000	0.0000	0.0000	0.0000	0.0000	0.0000	0.0000	0.0002	0.0000	0.0004	0.0002	0.0000	0.0013	0.0006	0.0000	0.0004	inf	0.0000	0.0000	0.0001	27.2690	1.0001	12.3406	0.0000	0.0000	0.0000	0.0000	0.0000	0.0000	0.0000	0.0000	0.0000	0.0000	0.0000	0.0000	0.0000	0.0000	0.0000	0.0000	0.0000	0.0000	0.0000	0.0000	0.0000	0.0000	0.0000	0.0000	0.0000	0.0000	0.0000	0.0212	0.0108	0.0104	0.0024	0.0021	0.0003	0.0188	0.0087	0.0101	0.0000	0.0000	0.0000	0.0000	0.0000	0.0000	0.0000	0.0000	0.0000	0.0002	0.0000	0.0004	0.0002	0.0000	0.0013	0.0002	0.0000	0.0004				
13	82	0.1132	9	0	0	1	1	0	0	0	0	N	N	N	N	N	N	N	N	N	N	N	N	0.0000	0.0000	0.0000	0.0000	0.0000	0.0000	0.0000	0.0000	0.0000	0.0000	0.0000	0.0000	0.0000	0.0000	0.0000	0.0000	0.0000	0.0017	0.0047	0.0000	0.0144	0.0188	0.0001	0.0000	0.0000	0.0000	0.0161	0.0000	-0.0000	0.0001	9.0798	1.0001	0.9519	0.0000	0.0000	0.0000	0.0000	0.0000	0.0000	0.0000	0.0000	0.0000	0.0000	0.0000	0.0000	0.0000	0.0000	0.0000	0.0000	0.0000	0.0000	0.0000	0.0000	0.0000	0.0000	0.0000	0.0000	0.0000	0.0000	0.0000	0.0055	0.0027	0.0028	0.0005	0.0004	0.0001	0.0050	0.0023	0.0027	0.0000	0.0000	0.0000	0.0000	0.0000	0.0000	0.0000	0.0000	0.0000	0.0009	0.0017	0.0000	0.0094	0.0111	0.0001	0.0000	0.0000	0.0000		
13	83	0.0987	8	0	1	1	1	0	0	0	0	N	N	N	N	N	N	N	N	N	N	N	N	0.0000	0.0000	0.0000	0.0000	0.0000	0.0000	0.0000	0.0000	0.0000	0.0000	0.0000	0.0000	0.0000	0.0000	0.0000	0.0000	0.0000	0.0000	0.0000	0.0000	0.0001	21.0000	1.0001	14.4214	0.0000	0.0000	0.0000	0.0000	0.0000	0.0000	0.0000	0.0000	0.0000	0.0000	0.0000	0.0000	0.0000	0.0000	0.0000	0.0000	0.0000	0.0000	0.0000	0.0000	0.0000	0.0000	0.0000	0.0000	0.0000	0.0000	0.0000	0.0210	0.0115	0.0095	0.0025	0.0022	0.0003	0.0185	0.0092	0.0093	0.0000	0.0000	0.0000	0.0000	0.0000	0.0000	0.0000	0.0000	0.0000	0.0000	0.0000	0.0000	0.0000	0.0000	0.0000	0.0000	0.0000	0.0000											
13	84	0.1563	12	0	0	2	1	0	0	0	0	N	N	Y	N	N	N	N	N	N	N	N	N	0.0000	0.0000	0.0000	0.0000	0.0000	0.0000	0.0000	0.0000	0.0000	0.0000	0.0000	0.0000	0.0000	0.0007	0.0019	0.0000	0.0028	0.0035	0.0000	0.0000	0.0000	0.0000	0.0000	0.0000	-0.0000	0.0001	20.4085	1.0001	11.0867	0.0000	0.0000	0.0000	0.0000	0.0000	0.0000	0.0000	0.0000	0.0000	0.0000	0.0000	0.0000	0.0000	0.0000	0.0000	0.0000	0.0000	0.0000	0.0000	0.0000	0.0000	0.0000	0.0000	0.0000	0.0000	0.0000	0.0000	0.0174	0.0094	0.0080	0.0029	0.0025	0.0005	0.0145	0.0069	0.0076	0.0000	0.0000	0.0000	0.0000	0.0000	0.0000	0.0000	0.0000	0.0000	0.0005	0.0009	0.0000	0.0028	0.0033	0.0000	0.0000	0.0000	0.0000						
13	85	0.1526	11	0	0	2	1	0	0	0	0	N	N	Y	N	N	N	N	N	N	N	N	N	0.0000	0.0000	0.0000	0.0000	0.0000	0.0000	0.0000	0.0000	0.0000	0.0000	0.0000	0.0000	0.0000	0.0000	0.0000	0.0000	0.0000	0.0000	0.0124	0.0049	0.0109	0.0060	0.0074	0.0001	0.0202	0.0006	0.0096	2.9560	0.0000	0.0000	0.0001	3.1287	1.0001	1.1816	0.0000	0.0000	0.0000	0.0000	0.0000	0.0000	0.0000	0.0000	0.0000	0.0000	0.0000	0.0000	0.0000	0.0000	0.0000	0.0000	0.0000	0.0000	0.0000	0.0000	0.0000	0.0000	0.0000	0.0000	0.0000	0.0000	0.0000	0.0028	0.0016	0.0012	0.0006	0.0005	0.0001	0.0022	0.0011	0.0011	0.0000	0.0000	0.0000	0.0000	0.0000	0.0000	0.0000	0.0000	0.0000	0.0039	0.0017	0.0067	0.0048	0.0055	0.0001	0.0037	0.0000	0.0071	
13	86	0.1457	10	0	0	1	1	0	0	0	0	N	N	N	N	N	N	N	N	N	N	N	N	0.0000	0.0000	0.0000	0.0000	0.0000	0.0000	0.0000	0.0000	0.0000	0.0000	0.0000	0.0000	0.0000	0.0000	0.0000	0.0000	0.0000	0.0030	0.0030	0.0015	0.0035	0.0043	0.0000	0.0030	0.0000	0.0015	0.9558	0.0000	-0.0000	0.0001	4.0532	1.0001	2.2470	0.0000	0.0000	0.0000	0.0000	0.0000	0.0000	0.0000	0.0000	0.0000	0.0000	0.0000	0.0000	0.0000	0.0000	0.0000	0.0000	0.0000	0.0000	0.0000	0.0000	0.0000	0.0000	0.0000	0.0000	0.0000	0.0000	0.0000	0.0042	0.0024	0.0018	0.0008	0.0007	0.0001	0.0034	0.0016	0.0017	0.0000	0.0000	0.0000	0.0000	0.0000	0.0000	0.0000	0.0000	0.0000	0.0013	0.0012	0.0015	0.0034	0.0038	0.0000	0.0008	0.0000	0.0015		
13	87	0.1225	9	0	0	1	1	0	0	0	0	N	N	N	N	N	N	N	N	N	N	N	N	0.0000	0.0000	0.0000	0.0000	0.0000	0.0000	0.0000	0.0000	0.0000	0.0000	0.0000	0.0000	0.0000	0.0000	0.0000	0.0000	0.0000	0.0063	0.0129	0.0005	0.0131	0.0161	0.0000	0.0008	0.0000	0.0006	0.1049	0.0000	-0.0000	0.0001	4.7288	1.0001	9.8540	0.0000	0.0000	0.0000	0.0000	0.0000	0.0000	0.0000	0.0000	0.0000	0.0000	0.0000	0.0000	0.0000	0.0000	0.0000	0.0000	0.0000	0.0000	0.0000	0.0000	0.0000	0.0000	0.0000	0.0000	0.0000	0.0000	0.0000	0.0115	0.0068	0.0046	0.0028	0.0024	0.0004	0.0087	0.0044	0.0043	0.0000	0.0000	0.0000	0.0000	0.0000	0.0000	0.0000	0.0000	0.0000	0.0023	0.0035	0.0005	0.0086	0.0099	0.0000	0.0003	0.0000	0.0006		
13	88	0.0987	8	0	0	1	1	0	0	0	0	N	N	N	N	N	N	N	N	N	N	N	N	0.0000	0.0000	0.0000	0.0000	0.0000	0.0000	0.0000	0.0000	0.0000	0.0000	0.0000	0.0000	0.0000	0.6044	0.8247	0.0000	1.5285	1.5588	0.0000	0.0000	0.0000	0.0000	0.0000	0.0000	-0.0004	0.0001	8.6320	1.0001	7.0881	0.0000	0.0000	0.0000	0.0000	0.0000	0.0000	0.0000	0.0000	0.0000	0.0006	0.0006	0.0000	0.0006	0.0006	0.0000	0.0000	0.0000	0.0000	0.0000	0.0000	0.0000	0.0000	0.0000	0.0000	0.0000	0.0000	0.0000	0.0105	0.0060	0.0045	0.0016	0.0014	0.0001	0.0090	0.0046	0.0044	0.0000	0.0000	0.0000	0.0000	0.0000	0.0000	0.0000	0.0000	0.0000	0.0546	0.0954	0.0000	0.3659	0.4009	0.0000	0.0000	0.0000	0.0000						
13	89	0.1664	10	0	1	1	1	0	0	0	0	N	N	N	N	N	N	N	N	N	N	N	N	4148.1637	1857.0174	0.0000	0.0692	0.0620	0.0000	3334069.2187	inf	0.0000	5.8185	6.2308	0.0000	0.0003	0.0003	0.0000	9.3876	10.2411	0.0000	0.0014	0.0034	0.0000	0.0044	0.0051	0.0000	0.0000	0.0000	0.0000	0.0000	0.0037	-0.0000	-0.0000	0.0001	15.4622	1.0001	5.2688	0.0001	0.0001	0.0000	0.0000	0.0000	0.0000	0.0001	0.0001	0.0000	0.0000	0.0000	0.0000	0.0000	0.0000	0.0000	0.0000	0.0000	0.0000	0.0000	0.0000	0.0000	0.0000	0.0000	0.0000	0.0000	0.0000	0.0000	0.0133	0.0076	0.0057	0.0025	0.0023	0.0002	0.0108	0.0053	0.0055	7716.5588	4730.7888	0.0000	0.0775	0.0730	0.0000	3334069.2187	inf	0.0000	0.0008	0.0013	0.0000	0.0040	0.0044	0.0000	0.0000	0.0000	0.0000
13	90	0.1547	9	0	0	1	1	0	0	0	0	N	N	N	N	N	N	N	N	N	N	N	N	6.9377	3.3459	0.0000	26.5167	28.1744	0.0000	4.6859	0.1407	0.0000	0.0232	0.0246	0.0000	0.0006	0.0007	0.0000	0.0359	0.0392	0.0000	0.0033	0.0074	0.0000	0.0000	0.0000	0.0000	0.0077	0.2785	0.0000	0.0000	0.0024	-0.0000	-0.0000	0.0001	7.5917	1.0001	1.5198	0.0000	0.0000	0.0000	0.0000	0.0000	0.0000	0.0000	0.0000	0.0000	0.0000	0.0000	0.0000	0.0000	0.0000	0.0000	0.0000	0.0000	0.0000	0.0000	0.0000	0.0000	0.0000	0.0000	0.0000	0.0000	0.0000	0.0000	0.0071	0.0043	0.0029	0.0017	0.0016	0.0002	0.0054	0.0027	0.0027	16.4867	10.5317	0.0000	26.5167	28.1744	0.0000	19.3572	10.5745	0.0000	0.0014	0.0023	0.0000	0.0000	0.0000	0.0000	0.0019	0.0037	0.0000
13	91	0.2057	11	1	0	2	1	0	0	0	0	N	N	Y	N	N	N	N	N	N	N	N	N	0.0000	0.0000	0.0000	0.0000	0.0000	0.0000	0.0000	0.0000	0.0000	0.0000	0.0000	0.0000	0.0000	0.0000	0.0000	0.0000	0.0000	0.0000	0.0000	0.0000	0.0001	3.0317	1.0001	0.1644	0.0000	0.0000	0.0000	0.0000	0.0000	0.0000	0.0000	0.0000	0.0000	0.0000	0.0000	0.0000	0.0000	0.0000	0.0000	0.0000	0.0000	0.0000	0.0000	0.0000	0.0000	0.0000	0.0000	0.0000	0.0000	0.0000	0.0000	0.0017	0.0008	0.0008	0.0002	0.0001	0.0000	0.0015	0.0007	0.0008	0.0000	0.0000	0.0000	0.0000	0.0000	0.0000	0.0000	0.0000	0.0000	0.0000	0.0000	0.0000	0.0000	0.0000	0.0000	0.0000	0.0000	0.0000											
13	92	0.1999	10	1	0	2	1	0	0	0	0	N	N	Y	N	N	N	N	N	N	N	N	N	inf	inf	inf	inf	0.0384	0.0420	0.0000	0.0762	0.0845	0.0000	0.0000	0.0000	0.0000	0.0000	0.0000	0.0000	0.0000	0.0000	0.0000	0.0000	0.0000	0.0000	0.0000	-0.0000	0.0000	0.0001	2.6632	1.0001	1.0147	0.0000	0.0000	0.0000	0.0000	0.0000	0.0000	0.0000	0.0000	0.0000	0.0000	0.0000	0.0000	0.0000	0.0000	0.0000	0.0000	0.0000	0.0000	0.0000	0.0000	0.0000	0.0000	0.0000	0.0000	0.0000	0.0000	0.0000	0.0021	0.0011	0.0010	0.0003	0.0002	0.0000	0.0018	0.0008	0.0010	inf	inf	0.0000	inf	inf	0.0000	0.0000	0.0000	0.0000	0.0000	0.0000	0.0000	0.0000	0.0000	0.0000	0.0000	0.0000	0.0000						
13	93	0.1166	9	1	0	2	1	0	0	0	0	N	N	Y	N	N	N	N	N	N	N	N	N	1212.3110	inf	0.0000	0.0000	0.0000	2207.2667	inf	0.0000	0.0041	0.0043	0.0000	0.0000	0.0000	0.0000	0.0066	0.0072	0.0000	0.0000	0.0000	0.0000	0.0000	0.0000	0.0000	0.0000	0.0000	0.0000	0.0000	inf	-0.0000	0.0000	0.0001	35.0787	1.0001	12.2568	0.0000	0.0000	0.0000	0.0000	0.0000	0.0000	0.0000	0.0000	0.0000	0.0000	0.0000	0.0000	0.0000	0.0000	0.0000	0.0000	0.0000	0.0000	0.0000	0.0000	0.0000	0.0000	0.0000	0.0000	0.0000	0.0000	0.0000	0.0247	0.0124	0.0123	0.0027	0.0023	0.0004	0.0220	0.0101	0.0119	1212.3110	inf	0.0000	0.0000	0.0000	0.0000	2207.2667	inf	0.0000	0.0000	0.0000	0.0000	0.0000	0.0000	0.0000	0.0000	0.0000	0.0000	
13	94	0.1031	8	1	0	1	1	0	0	0	0	N	N	N	N	N	N	N	N	N	N	N	N	0.0000	0.0000	0.0000	0.0000	0.0000	0.0000	0.0000	0.0000	0.0000	0.0000	0.0000	0.0000	0.0000	0.0000	0.0000	0.0000	0.0000	0.0000	0.0000	0.0000	0.0001	0.0001	0.0000	0.0000	0.0000	0.0000	0.1066	0.0000	-0.0000	0.0001	8.4810	1.0001	2.3446	0.0000	0.0000	0.0000	0.0000	0.0000	0.0000	0.0000	0.0000	0.0000	0.0000	0.0000	0.0000	0.0000	0.0000	0.0000	0.0000	0.0000	0.0000	0.0000	0.0000	0.0000	0.0000	0.0000	0.0000	0.0000	0.0000	0.0000	0.0063	0.0032	0.0031	0.0007	0.0006	0.0001	0.0057	0.0026	0.0030	0.0000	0.0000	0.0000	0.0000	0.0000	0.0000	0.0000	0.0000	0.0000	0.0000	0.0000	0.0000	0.0001	0.0001	0.0000	0.0000	0.0000	0.0000		
13	95	0.0987	8	0	1	1	2	0	0	0	0	N	N	N	Y	N	N	N	N	N	N	N	N	0.0000	0.0000	0.0000	0.0000	0.0000	0.0000	0.0000	0.0000	0.0000	0.0000	0.0000	0.0000	0.0000	0.0000	0.0000	0.0000	0.0000	0.0000	0.0000	0.0000	0.0000	0.0000	inf	0.0000	0.0000	0.0001	24.0032	1.0001	22.6134	0.0000	0.0000	0.0000	0.0000	0.0000	0.0000	0.0000	0.0000	0.0000	0.0000	0.0000	0.0000	0.0000	0.0000	0.0000	0.0000	0.0000	0.0000	0.0000	0.0000	0.0000	0.0000	0.0000	0.0000	0.0000	0.0000	0.0000	0.0266	0.0143	0.0122	0.0030	0.0026	0.0004	0.0236	0.0117	0.0118	0.0000	0.0000	0.0000	0.0000	0.0000	0.0000	0.0000	0.0000	0.0000	0.0000	0.0000	0.0000	0.0000	0.0000	0.0000	0.0000	0.0000	0.0000						
13	96	0.5161	12	0	1	1	1	0	0	0	0	N	N	N	N	N	N	N	N	N	N	N	N	0.0000	0.0000	0.0000	0.0000	0.0000	0.0000	0.0000	0.0000	0.0000	0.0000	0.0000	0.0000	0.0000	0.0000	0.0000	0.0000	0.0000	0.0000	0.0000	0.0000	0.0000	0.0000	0.0000	0.0000	-0.0000	0.0001	18.5150	1.0001	10.2301	0.0000	0.0000	0.0000	0.0000	0.0000	0.0000	0.0000	0.0000	0.0000	0.0000	0.0000	0.0000	0.0000	0.0000	0.0000	0.0000	0.0000	0.0000	0.0000	0.0000	0.0000	0.0000	0.0000	0.0000	0.0000	0.0000	0.0000	0.0153	0.0096	0.0056	0.0052	0.0047	0.0005	0.0101	0.0049	0.0051	0.0000	0.0000	0.0000	0.0000	0.0000	0.0000	0.0000	0.0000	0.0000	0.0000	0.0000	0.0000	0.0000	0.0000	0.0000	0.0000	0.0000	0.0000						
13	97	0.0695	7	0	1	1	1	0	0	0	0	N	N	N	N	N	N	N	N	N	N	N	N	241.1541	0.0000	237523358.5239	0.0000	0.0000	37821999.6992	239462369.3601	2.2408	0.0000	40.0564	0.0000	0.0000	0.0000	3.3756	0.0000	41.2369	0.0093	0.0323	0.0000	0.1507	0.1862	0.0000	0.0000	0.0000	0.0000	inf	0.0000	0.0001	-0.0001	0.0001	46.1140	1.0001	26.4917	0.0001	0.0000	0.0001	0.0000	0.0000	0.0000	0.0001	0.0000	0.0001	0.0001	0.0001	0.0000	0.0001	0.0001	0.0000	0.0000	0.0000	0.0000	0.0000	0.0000	0.0000	0.0000	0.0000	0.0000	0.0000	0.0000	0.0000	0.0386	0.0196	0.0190	0.0027	0.0023	0.0004	0.0359	0.0173	0.0186	720.4109	0.0000	237523358.5239	0.0000	0.0000	0.0000	37821999.6992	0.0000	239462369.3601	0.0031	0.0061	0.0000	0.0440	0.0514	0.0000	0.0000	0.0000	0.0000		
13	98	0.5690	14	0	1	1	1	0	0	0	0	N	N	N	N	N	N	N	N	N	N	N	N	0.0000	0.0000	0.0000	0.0000	0.0000	0.0000	0.0000	0.0000	0.0000	0.0000	0.0000	0.0000	0.0000	0.0000	0.0000	0.0000	0.0000	0.0000	0.0000	0.0000	0.0000	0.0000	0.0000	0.0000	inf	0.0000	0.0000	0.0001	20.7840	1.0001	8.9470	0.0000	0.0000	0.0000	0.0000	0.0000	0.0000	0.0000	0.0000	0.0000	0.0000	0.0000	0.0000	0.0000	0.0000	0.0000	0.0000	0.0000	0.0000	0.0000	0.0000	0.0000	0.0000	0.0000	0.0000	0.0000	0.0000	0.0000	0.0122	0.0075	0.0048	0.0038	0.0033	0.0005	0.0084	0.0042	0.0042	0.0000	0.0000	0.0000	0.0000	0.0000	0.0000	0.0000	0.0000	0.0000	0.0000	0.0000	0.0000	0.0000	0.0000	0.0000	0.0000	0.0000	0.0000				
13	99	0.5641	13	0	0	1	1	0	0	0	0	N	N	N	N	N	N	N	N	N	N	N	N	0.0000	0.0000	0.0000	0.0000	0.0000	0.0000	0.0000	0.0000	0.0000	0.0000	0.0000	0.0000	0.0000	0.0000	0.0000	0.0000	0.0000	0.0001	0.0001	0.0001	0.0001	0.0001	0.0000	0.0001	0.0000	0.0001	1.1199	0.0000	-0.0000	0.0001	2.7834	1.0001	1.0450	0.0000	0.0000	0.0000	0.0000	0.0000	0.0000	0.0000	0.0000	0.0000	0.0000	0.0000	0.0000	0.0000	0.0000	0.0000	0.0000	0.0000	0.0000	0.0000	0.0000	0.0000	0.0000	0.0000	0.0000	0.0000	0.0000	0.0000	0.0033	0.0019	0.0014	0.0013	0.0012	0.0001	0.0020	0.0007	0.0013	0.0000	0.0000	0.0000	0.0000	0.0000	0.0000	0.0000	0.0000	0.0000	0.0001	0.0000	0.0001	0.0001	0.0001	0.0000	0.0000	0.0000	0.0001		
13	100	0.5540	12	0	0	1	1	0	0	0	0	N	N	N	N	N	N	N	N	N	N	N	N	105.8685	131.4938	0.1366	159.9332	173.7489	6.0862	156.9901	195.2458	0.0000	0.4060	0.4672	0.0003	0.3374	0.3969	0.0002	0.7461	0.7743	0.0000	0.0038	0.0036	0.0018	0.0021	0.0023	0.0000	0.0048	0.0040	0.0020	0.0001	0.8369	-0.0000	-0.0000	0.0001	7.6044	1.0001	2.7972	0.0000	0.0000	0.0000	0.0000	0.0000	0.0000	0.0000	0.0000	0.0000	0.0000	0.0000	0.0000	0.0000	0.0000	0.0000	0.0000	0.0000	0.0000	0.0000	0.0000	0.0000	0.0000	0.0000	0.0000	0.0000	0.0000	0.0000	0.0078	0.0048	0.0030	0.0030	0.0028	0.0002	0.0048	0.0020	0.0028	261.5662	340.1954	0.1366	159.9332	173.7489	6.0862	619.4820	5683.7165	0.0000	0.0016	0.0014	0.0018	0.0021	0.0023	0.0000	0.0012	0.0001	0.0020
13	101	0.5044	11	0	0	1	1	0	0	0	0	N	N	N	N	N	N	N	N	N	N	N	N	4.4584	3.6900	0.0008	0.3926	0.3311	0.0000	6.5194	4.1230	0.0011	4.6785	4.9493	0.0019	0.0035	0.0036	0.0000	8.3991	9.0817	0.0024	1.0494	1.3413	2.1933	0.0089	0.0109	0.0001	1.2883	2.2027	2.1801	0.0000	0.4265	-0.0000	-0.0020	0.0001	18.4780	1.0001	12.4520	0.0001	0.0001	0.0000	0.0000	0.0000	0.0000	0.0001	0.0001	0.0000	0.0061	0.0043	0.0018	0.0000	0.0000	0.0000	0.0061	0.0042	0.0018	0.0000	0.0000	0.0000	0.0000	0.0000	0.0000	0.0000	0.0000	0.0000	0.0154	0.0094	0.0060	0.0050	0.0044	0.0005	0.0104	0.0049	0.0054	11.7849	10.8741	0.0061	0.5397	0.4970	0.0000	14.3675	10.5811	0.0073	0.3970	0.4551	0.3055	0.0065	0.0072	0.0001	0.5846	0.8583	0.3356
13	102	0.2127	11	0	1	1	1	0	0	0	0	N	N	N	N	N	N	N	N	N	N	N	N	0.5944	inf	0.0000	0.9085	inf	0.0000	0.0000	0.0000	0.0001	0.0001	0.0000	0.0001	0.0001	0.0000	0.0000	0.0000	0.0000	0.0001	0.0000	0.0003	0.0002	0.0000	0.0018	0.0004	0.0000	0.0003	0.0000	inf	-0.0000	0.0000	0.0001	34.1922	1.0001	22.4626	0.0000	0.0000	0.0000	0.0000	0.0000	0.0000	0.0000	0.0000	0.0000	0.0000	0.0000	0.0000	0.0000	0.0000	0.0000	0.0000	0.0000	0.0000	0.0000	0.0000	0.0000	0.0000	0.0000	0.0000	0.0000	0.0000	0.0000	0.0343	0.0201	0.0142	0.0069	0.0063	0.0006	0.0274	0.0138	0.0136	0.5944	inf	0.0000	0.9085	inf	0.0000	0.0000	0.0000	0.0000	0.0001	0.0000	0.0003	0.0002	0.0000	0.0018	0.0001	0.0000	0.0003	
13	103	0.1648	10	0	1	1	1	0	0	0	0	N	N	N	N	N	N	N	N	N	N	N	N	0.1572	0.0676	0.0000	0.1472	0.1378	0.0000	0.0000	0.0000	0.0000	0.0001	0.0001	0.0000	0.0002	0.0002	0.0000	0.0000	0.0000	0.0000	0.0009	0.0022	0.0000	0.0015	0.0017	0.0001	0.0010	0.0193	0.0000	0.0000	0.0150	-0.0000	-0.0000	0.0001	22.5884	1.0001	11.0115	0.0000	0.0000	0.0000	0.0000	0.0000	0.0000	0.0000	0.0000	0.0000	0.0000	0.0000	0.0000	0.0000	0.0000	0.0000	0.0000	0.0000	0.0000	0.0000	0.0000	0.0000	0.0000	0.0000	0.0000	0.0000	0.0000	0.0000	0.0206	0.0113	0.0092	0.0034	0.0031	0.0003	0.0172	0.0083	0.0089	0.2591	0.1561	0.0000	0.1472	0.1378	0.0000	0.0000	0.0000	0.0000	0.0005	0.0009	0.0000	0.0015	0.0017	0.0001	0.0003	0.0007	0.0000
13	104	0.1348	9	0	0	1	1	0	0	0	0	N	N	N	N	N	N	N	N	N	N	N	N	0.0000	0.0000	0.0000	0.0000	0.0000	0.0000	0.0000	0.0000	0.0000	0.0000	0.0000	0.0000	0.0000	0.0000	0.0000	0.0000	0.0000	0.0000	0.0001	0.0001	0.0000	0.0000	0.0018	0.0000	0.0000	0.0000	-0.0000	0.0001	11.8100	1.0001	8.7888	0.0000	0.0000	0.0000	0.0000	0.0000	0.0000	0.0000	0.0000	0.0000	0.0000	0.0000	0.0000	0.0000	0.0000	0.0000	0.0000	0.0000	0.0000	0.0000	0.0000	0.0000	0.0000	0.0000	0.0000	0.0000	0.0000	0.0000	0.0132	0.0073	0.0059	0.0021	0.0019	0.0002	0.0112	0.0054	0.0057	0.0000	0.0000	0.0000	0.0000	0.0000	0.0000	0.0000	0.0000	0.0000	0.0000	0.0000	0.0000	0.0001	0.0001	0.0000	0.0000	0.0000	0.0000				
13	105	0.0987	8	0	0	1	1	0	0	0	0	N	N	N	N	N	N	N	N	N	N	N	N	29150517.0268	inf	0.0000	38054596.8063	inf	0.0000	6.6441	7.0492	0.0000	0.0000	0.0000	0.0000	10.0223	10.9399	0.0000	0.0000	0.0000	0.0000	0.0000	0.0000	0.0000	0.0000	0.0000	0.0000	0.0000	inf	-0.0000	0.0000	0.0001	14.7392	1.0001	7.3617	0.0001	0.0001	0.0000	0.0000	0.0000	0.0000	0.0001	0.0001	0.0000	0.0000	0.0000	0.0000	0.0000	0.0000	0.0000	0.0000	0.0000	0.0000	0.0000	0.0000	0.0000	0.0000	0.0000	0.0000	0.0000	0.0000	0.0000	0.0140	0.0078	0.0062	0.0019	0.0017	0.0002	0.0122	0.0061	0.0060	29150517.0268	inf	0.0000	0.0000	0.0000	0.0000	38054596.8063	inf	0.0000	0.0000	0.0000	0.0000	0.0000	0.0000	0.0000	0.0000	0.0000	0.0000			
13	106	0.1132	9	0	1	1	1	0	0	0	0	N	N	N	N	N	N	N	N	N	N	N	N	0.0000	0.0000	0.0000	0.0000	0.0000	0.0000	0.0000	0.0000	0.0000	0.0000	0.0000	0.0000	0.0000	0.0000	0.0000	0.0000	0.0000	0.0000	0.0000	0.0000	0.0000	0.0000	0.0000	0.0000	inf	0.0000	0.0000	0.0001	20.0414	1.0001	7.0324	0.0000	0.0000	0.0000	0.0000	0.0000	0.0000	0.0000	0.0000	0.0000	0.0000	0.0000	0.0000	0.0000	0.0000	0.0000	0.0000	0.0000	0.0000	0.0000	0.0000	0.0000	0.0000	0.0000	0.0000	0.0000	0.0000	0.0000	0.0142	0.0070	0.0072	0.0012	0.0010	0.0002	0.0130	0.0060	0.0070	0.0000	0.0000	0.0000	0.0000	0.0000	0.0000	0.0000	0.0000	0.0000	0.0000	0.0000	0.0000	0.0000	0.0000	0.0000	0.0000	0.0000	0.0000				
13	107	0.1031	8	0	0	1	1	0	0	0	0	N	N	N	N	N	N	N	N	N	N	N	N	0.0000	0.0000	0.0000	0.0000	0.0000	0.0000	0.0000	0.0000	0.0000	0.0000	0.0000	0.0000	0.0000	0.0000	0.0000	0.0000	0.0000	0.0000	0.0000	0.0000	0.0001	0.0002	0.0000	0.0000	0.0000	0.0000	0.1166	0.0000	-0.0000	0.0001	7.0315	1.0001	1.2144	0.0000	0.0000	0.0000	0.0000	0.0000	0.0000	0.0000	0.0000	0.0000	0.0000	0.0000	0.0000	0.0000	0.0000	0.0000	0.0000	0.0000	0.0000	0.0000	0.0000	0.0000	0.0000	0.0000	0.0000	0.0000	0.0000	0.0000	0.0049	0.0025	0.0024	0.0006	0.0005	0.0001	0.0044	0.0020	0.0023	0.0000	0.0000	0.0000	0.0000	0.0000	0.0000	0.0000	0.0000	0.0000	0.0000	0.0000	0.0000	0.0001	0.0002	0.0000	0.0000	0.0000	0.0000		
13	108	0.0695	7	0	0	1	1	0	0	0	0	N	N	N	N	N	N	N	N	N	N	N	N	0.0000	0.0000	0.0000	0.0000	0.0000	0.0000	0.0000	0.0000	0.0000	0.0000	0.0000	0.0000	0.0000	0.0000	0.0000	0.0000	0.0000	0.0000	0.0000	0.0000	0.0000	0.0000	0.0000	0.0000	0.0000	0.0000	0.6292	0.0000	-0.0000	0.0001	16.2725	1.0001	4.4748	0.0000	0.0000	0.0000	0.0000	0.0000	0.0000	0.0000	0.0000	0.0000	0.0000	0.0000	0.0000	0.0000	0.0000	0.0000	0.0000	0.0000	0.0000	0.0000	0.0000	0.0000	0.0000	0.0000	0.0000	0.0000	0.0000	0.0000	0.0130	0.0067	0.0062	0.0012	0.0011	0.0001	0.0118	0.0057	0.0061	0.0000	0.0000	0.0000	0.0000	0.0000	0.0000	0.0000	0.0000	0.0000	0.0000	0.0000	0.0000	0.0000	0.0000	0.0000	0.0000	0.0000	0.0000		
13	109	0.1806	10	0	1	1	1	0	0	0	0	N	N	N	N	N	N	N	N	N	N	N	N	0.0000	0.0000	0.0000	0.0000	0.0000	0.0000	0.0000	0.0000	0.0000	0.0000	0.0000	0.0000	0.0000	0.0000	0.0000	0.0000	0.0000	0.0004	0.0011	0.0000	0.0021	0.0024	0.0001	0.0000	0.0000	0.0000	0.0157	0.0000	-0.0000	0.0001	40.5309	1.0001	14.7974	0.0000	0.0000	0.0000	0.0000	0.0000	0.0000	0.0000	0.0000	0.0000	0.0000	0.0000	0.0000	0.0000	0.0000	0.0000	0.0000	0.0000	0.0000	0.0000	0.0000	0.0000	0.0000	0.0000	0.0000	0.0000	0.0000	0.0000	0.0302	0.0167	0.0135	0.0047	0.0041	0.0006	0.0255	0.0126	0.0130	0.0000	0.0000	0.0000	0.0000	0.0000	0.0000	0.0000	0.0000	0.0000	0.0003	0.0006	0.0000	0.0021	0.0024	0.0001	0.0000	0.0000	0.0000		
13	110	0.1547	9	0	1	1	1	0	0	0	0	N	N	N	N	N	N	N	N	N	N	N	N	0.0781	0.0357	0.0000	5.4784	5.1374	0.0000	0.0000	0.0000	0.0000	0.0001	0.0001	0.0000	0.0004	0.0004	0.0000	0.0000	0.0000	0.0000	0.0018	0.0041	0.0000	0.0001	0.0001	0.0000	0.0043	0.1431	0.0000	0.0000	0.0024	-0.0000	-0.0000	0.0001	13.5236	1.0001	3.5331	0.0000	0.0000	0.0000	0.0000	0.0000	0.0000	0.0000	0.0000	0.0000	0.0000	0.0000	0.0000	0.0000	0.0000	0.0000	0.0000	0.0000	0.0000	0.0000	0.0000	0.0000	0.0000	0.0000	0.0000	0.0000	0.0000	0.0000	0.0115	0.0066	0.0049	0.0023	0.0020	0.0002	0.0092	0.0045	0.0047	0.1562	0.0952	0.0000	5.4784	5.1374	0.0000	0.0000	0.0000	0.0000	0.0009	0.0015	0.0000	0.0001	0.0001	0.0000	0.0011	0.0022	0.0000
13	111	0.0987	8	0	0	1	1	0	0	0	0	N	N	N	N	N	N	N	N	N	N	N	N	84.2651	55.4443	0.0000	0.0000	0.0000	949.2942	inf	0.0000	0.0001	0.0001	0.0000	0.0000	0.0000	0.0000	0.0002	0.0002	0.0000	0.0000	0.0000	0.0000	0.0000	0.0000	0.0000	0.0000	0.0000	0.0000	0.0000	0.1333	-0.0000	-0.0000	0.0001	16.9399	1.0001	15.9768	0.0000	0.0000	0.0000	0.0000	0.0000	0.0000	0.0000	0.0000	0.0000	0.0000	0.0000	0.0000	0.0000	0.0000	0.0000	0.0000	0.0000	0.0000	0.0000	0.0000	0.0000	0.0000	0.0000	0.0000	0.0000	0.0000	0.0000	0.0197	0.0108	0.0089	0.0024	0.0021	0.0003	0.0173	0.0087	0.0087	84.2651	55.4443	0.0000	0.0000	0.0000	0.0000	949.2942	inf	0.0000	0.0000	0.0000	0.0000	0.0000	0.0000	0.0000	0.0000	0.0000	0.0000	
13	112	0.0414	6	1	1	1	2	0	0	0	0	N	N	N	Y	N	N	N	N	N	N	N	N	0.0000	0.0000	0.0000	0.0000	0.0000	0.0000	0.0000	0.0000	0.0000	0.0000	0.0000	0.0000	0.0000	0.0000	0.0000	0.0000	0.0000	0.0000	0.0000	0.0000	0.0001	0.0019	1.0001	1.9928	0.0000	0.0000	0.0000	0.0000	0.0000	0.0000	0.0000	0.0000	0.0000	0.0000	0.0000	0.0000	0.0000	0.0000	0.0000	0.0000	0.0000	0.0000	0.0000	0.0000	0.0000	0.0000	0.0000	0.0000	0.0000	0.0000	0.0000	0.0013	0.0007	0.0006	0.0001	0.0001	0.0000	0.0012	0.0006	0.0006	0.0000	0.0000	0.0000	0.0000	0.0000	0.0000	0.0000	0.0000	0.0000	0.0000	0.0000	0.0000	0.0000	0.0000	0.0000	0.0000	0.0000	0.0000											
13	113	0.0178	5	1	1	1	2	0	0	0	0	N	N	N	Y	N	N	N	N	N	N	N	N	0.0000	0.0000	0.0000	0.0000	0.0000	0.0000	0.0000	0.0000	0.0000	0.0000	0.0000	0.0000	0.0000	0.0000	0.0000	0.0000	0.0000	0.0000	0.0000	0.0000	0.0001	0.0000	0.0000	0.0000	inf	0.0000	0.0000	0.0001	8.6942	1.0001	6.0502	0.0000	0.0000	0.0000	0.0000	0.0000	0.0000	0.0000	0.0000	0.0000	0.0000	0.0000	0.0000	0.0000	0.0000	0.0000	0.0000	0.0000	0.0000	0.0000	0.0000	0.0000	0.0000	0.0000	0.0000	0.0000	0.0000	0.0000	0.0098	0.0049	0.0049	0.0004	0.0004	0.0000	0.0093	0.0045	0.0049	0.0000	0.0000	0.0000	0.0000	0.0000	0.0000	0.0000	0.0000	0.0000	0.0000	0.0000	0.0000	0.0000	0.0000	0.0001	0.0000	0.0000	0.0000				
13	114	0.0101	3	0	1	1	2	0	0	0	0	N	N	N	Y	N	N	N	N	N	N	N	N	0.0000	0.0000	0.0000	0.0000	0.0000	0.0000	0.0000	0.0000	0.0000	0.0000	0.0000	0.0000	0.0000	0.0000	0.0000	0.0000	0.0000	0.0000	0.0000	0.0000	0.0001	0.0001	1.0001	0.0001	0.0000	0.0000	0.0000	0.0000	0.0000	0.0000	0.0000	0.0000	0.0000	0.0000	0.0000	0.0000	0.0000	0.0000	0.0000	0.0000	0.0000	0.0000	0.0000	0.0000	0.0000	0.0000	0.0000	0.0000	0.0000	0.0000	0.0000	0.0000	0.0000	0.0000	0.0000	0.0000	0.0000	0.0000	0.0000	0.0000	0.0000	0.0000	0.0000	0.0000	0.0000	0.0000	0.0000	0.0000	0.0000	0.0000	0.0000	0.0000	0.0000	0.0000	0.0000	0.0000	0.0000	0.0000											
13	115	0.0034	2	0	1	1	2	0	0	0	0	N	N	N	Y	N	N	N	N	N	N	N	N	1.3096	0.4447	0.0208	0.0210	0.0013	0.0013	0.0000	0.0042	0.0042	0.0000	0.0000	0.0000	0.0000	0.0010	0.0030	0.0000	0.2017	0.1995	0.0000	0.0000	0.0000	0.0000	0.0000	0.0000	-0.0000	-0.0000	0.0001	3.0007	1.0001	1.0012	0.0000	0.0000	0.0000	0.0000	0.0000	0.0000	0.0000	0.0000	0.0000	0.0000	0.0000	0.0000	0.0000	0.0000	0.0000	0.0000	0.0000	0.0000	0.0000	0.0000	0.0000	0.0000	0.0000	0.0000	0.0000	0.0000	0.0000	0.0027	0.0013	0.0014	0.0000	0.0000	0.0000	0.0026	0.0013	0.0014	2.1805	1.1243	0.0000	0.0826	0.0786	0.0000	0.0000	0.0000	0.0000	0.0006	0.0012	0.0000	0.0508	0.0534	0.0000	0.0000	0.0000	0.0000					
13	117	0.1890	9	0	1	1	1	0	0	0	0	N	N	N	N	N	N	N	N	N	N	N	N	0.0000	0.0000	0.0000	0.0000	0.0000	0.0000	0.0000	0.0000	0.0000	0.0000	0.0000	0.0000	0.0000	0.0000	0.0000	0.0000	0.0000	0.1297	0.3297	0.0068	0.3449	0.3839	0.0001	0.0122	0.0000	0.0054	0.2107	0.0000	-0.0002	0.0001	31.2782	1.0001	23.9277	0.0000	0.0000	0.0000	0.0000	0.0000	0.0000	0.0000	0.0000	0.0000	0.0004	0.0003	0.0001	0.0003	0.0003	0.0000	0.0001	0.0000	0.0001	0.0000	0.0000	0.0000	0.0000	0.0000	0.0000	0.0000	0.0000	0.0000	0.0319	0.0171	0.0148	0.0046	0.0041	0.0005	0.0273	0.0130	0.0143	0.0000	0.0000	0.0000	0.0000	0.0000	0.0000	0.0000	0.0000	0.0000	0.0124	0.0191	0.0047	0.0717	0.0802	0.0001	0.0025	0.0000	0.0048		
13	118	0.0053	3	0	0	2	2	0	0	0	0	N	N	Y	Y	N	N	N	N	N	N	N	N	0.0000	0.0000	0.0000	0.0000	0.0000	0.0000	0.0000	0.0000	0.0000	0.0000	0.0000	0.0000	0.0000	0.0000	0.0000	0.0000	0.0002	0.0002	0.0000	0.0000	0.0000	0.0000	0.0000	0.0000	-0.0000	0.0001	3.8827	1.0001	2.9998	0.0000	0.0000	0.0000	0.0000	0.0000	0.0000	0.0000	0.0000	0.0000	0.0000	0.0000	0.0000	0.0000	0.0000	0.0000	0.0000	0.0000	0.0000	0.0000	0.0000	0.0000	0.0000	0.0000	0.0000	0.0000	0.0000	0.0000	0.0045	0.0022	0.0023	0.0000	0.0000	0.0000	0.0045	0.0021	0.0023	0.0000	0.0000	0.0000	0.0000	0.0000	0.0000	0.0000	0.0000	0.0000	0.0000	0.0000	0.0000	0.0002	0.0002	0.0000	0.0000	0.0000	0.0000						
13	120	0.0082	4	0	0	2	2	0	0	0	0	N	N	Y	Y	N	N	N	N	N	N	N	N	0.0000	0.0000	0.0000	0.0000	0.0000	0.0000	0.0000	0.0000	0.0000	0.0000	0.0000	0.0000	0.0000	0.0000	0.0000	0.0000	0.0000	0.0000	0.0000	0.0000	0.0001	9.6158	1.0001	0.0030	0.0000	0.0000	0.0000	0.0000	0.0000	0.0000	0.0000	0.0000	0.0000	0.0000	0.0000	0.0000	0.0000	0.0000	0.0000	0.0000	0.0000	0.0000	0.0000	0.0000	0.0000	0.0000	0.0000	0.0000	0.0000	0.0000	0.0000	0.0063	0.0030	0.0032	0.0001	0.0001	0.0000	0.0062	0.0030	0.0032	0.0000	0.0000	0.0000	0.0000	0.0000	0.0000	0.0000	0.0000	0.0000	0.0000	0.0000	0.0000	0.0000	0.0000	0.0000	0.0000	0.0000	0.0000											
13	123	0.5643	14	0	0	2	2	0	0	0	0	N	N	Y	Y	N	N	N	N	N	N	N	N	0.0000	0.0000	0.0000	0.0000	0.0000	0.0000	0.0000	0.0000	0.0000	0.0000	0.0000	0.0000	0.0000	0.2143	0.4361	0.0000	0.1895	0.2198	0.0000	0.0000	0.0000	0.0000	0.0000	0.0000	-0.0001	0.0001	12.8936	1.0001	4.1514	0.0000	0.0000	0.0000	0.0000	0.0000	0.0000	0.0000	0.0000	0.0000	0.0001	0.0001	0.0000	0.0001	0.0001	0.0000	0.0000	0.0000	0.0000	0.0000	0.0000	0.0000	0.0000	0.0000	0.0000	0.0000	0.0000	0.0000	0.0074	0.0045	0.0029	0.0024	0.0021	0.0003	0.0050	0.0024	0.0026	0.0000	0.0000	0.0000	0.0000	0.0000	0.0000	0.0000	0.0000	0.0000	0.0162	0.0266	0.0000	0.0494	0.0561	0.0000	0.0000	0.0000	0.0000						
13	124	0.0753	7	0	1	1	1	0	0	0	0	N	N	N	N	N	N	N	N	N	N	N	N	1.3275	inf	0.0000	114.5932	inf	0.0000	0.0000	0.0000	0.0010	0.0010	0.0000	0.0029	0.0029	0.0000	0.0000	0.0000	0.0000	0.0007	0.0000	0.0009	0.0000	0.0000	0.0002	0.0016	0.0000	0.0009	0.0000	inf	-0.0000	0.0000	0.0001	12.7386	1.0001	8.7370	0.0000	0.0000	0.0000	0.0000	0.0000	0.0000	0.0000	0.0000	0.0000	0.0000	0.0000	0.0000	0.0000	0.0000	0.0000	0.0000	0.0000	0.0000	0.0000	0.0000	0.0000	0.0000	0.0000	0.0000	0.0000	0.0000	0.0000	0.0134	0.0067	0.0067	0.0011	0.0010	0.0001	0.0123	0.0057	0.0066	2.0859	inf	0.0000	114.5932	inf	0.0000	0.0000	0.0000	0.0000	0.0005	0.0000	0.0009	0.0000	0.0000	0.0002	0.0005	0.0000	0.0009	
13	125	0.0600	6	0	1	1	1	0	0	0	0	N	N	N	N	N	N	N	N	N	N	N	N	0.6373	0.1150	216.5501	0.0000	0.0000	32.2414	inf	216.4400	0.0013	0.0007	0.0113	0.0000	0.0000	0.0000	0.0020	0.0010	0.0115	0.0021	0.0057	0.0001	0.0244	0.0307	0.0000	0.0001	0.0000	0.0001	1.1667	0.0269	0.0000	-0.0000	0.0001	8.6431	1.0001	1.4782	0.0000	0.0000	0.0000	0.0000	0.0000	0.0000	0.0000	0.0000	0.0000	0.0000	0.0000	0.0000	0.0000	0.0000	0.0000	0.0000	0.0000	0.0000	0.0000	0.0000	0.0000	0.0000	0.0000	0.0000	0.0000	0.0000	0.0000	0.0063	0.0031	0.0032	0.0004	0.0004	0.0001	0.0059	0.0028	0.0031	1.3393	0.3384	216.5501	0.0000	0.0000	0.0000	71.6489	inf	216.4400	0.0010	0.0020	0.0001	0.0137	0.0157	0.0000	0.0000	0.0000	0.0001	
13	128	0.5765	15	1	1	1	1	0	0	0	0	N	N	N	N	N	N	N	N	N	N	N	N	0.0000	0.0000	0.0000	0.0000	0.0000	0.0000	0.0000	0.0000	0.0000	0.0000	0.0000	0.0000	0.0000	0.0000	0.0000	0.0000	0.0000	0.0000	0.0000	0.0000	0.0001	2.0107	1.0001	1.9995	0.0000	0.0000	0.0000	0.0000	0.0000	0.0000	0.0000	0.0000	0.0000	0.0000	0.0000	0.0000	0.0000	0.0000	0.0000	0.0000	0.0000	0.0000	0.0000	0.0000	0.0000	0.0000	0.0000	0.0000	0.0000	0.0000	0.0000	0.0017	0.0010	0.0006	0.0006	0.0005	0.0001	0.0011	0.0005	0.0005	0.0000	0.0000	0.0000	0.0000	0.0000	0.0000	0.0000	0.0000	0.0000	0.0000	0.0000	0.0000	0.0000	0.0000	0.0000	0.0000	0.0000	0.0000											
13	129	0.5643	14	1	1	1	1	0	0	0	0	N	N	N	N	N	N	N	N	N	N	N	N	0.0000	0.0000	0.0000	0.0000	0.0000	0.0000	0.0000	0.0000	0.0000	0.0000	0.0000	0.0000	0.0000	0.0000	0.0000	0.0000	0.0000	0.0000	0.0000	0.0000	0.0000	0.0000	inf	0.0000	0.0000	0.0001	5.6459	1.0001	1.1399	0.0000	0.0000	0.0000	0.0000	0.0000	0.0000	0.0000	0.0000	0.0000	0.0000	0.0000	0.0000	0.0000	0.0000	0.0000	0.0000	0.0000	0.0000	0.0000	0.0000	0.0000	0.0000	0.0000	0.0000	0.0000	0.0000	0.0000	0.0032	0.0019	0.0013	0.0011	0.0010	0.0001	0.0021	0.0010	0.0012	0.0000	0.0000	0.0000	0.0000	0.0000	0.0000	0.0000	0.0000	0.0000	0.0000	0.0000	0.0000	0.0000	0.0000	0.0000	0.0000	0.0000	0.0000						
13	130	0.5340	13	0	0	1	1	0	0	0	0	N	N	N	N	N	N	N	N	N	N	N	N	0.0000	0.0000	0.0000	0.0000	0.0000	0.0000	0.0000	0.0000	0.0000	0.0000	0.0000	0.0000	0.0000	0.0000	0.0000	0.0000	0.0000	0.0444	0.2004	0.0000	0.0515	0.0603	0.0000	0.0000	0.0000	0.0000	0.0003	0.0000	-0.0000	0.0001	11.6079	1.0001	5.3766	0.0000	0.0000	0.0000	0.0000	0.0000	0.0000	0.0000	0.0000	0.0000	0.0001	0.0001	0.0000	0.0001	0.0001	0.0000	0.0000	0.0000	0.0000	0.0000	0.0000	0.0000	0.0000	0.0000	0.0000	0.0000	0.0000	0.0000	0.0089	0.0054	0.0035	0.0031	0.0028	0.0003	0.0058	0.0026	0.0031	0.0000	0.0000	0.0000	0.0000	0.0000	0.0000	0.0000	0.0000	0.0000	0.0082	0.0134	0.0000	0.0233	0.0261	0.0000	0.0000	0.0000	0.0000		
13	131	0.5161	12	0	0	1	1	0	0	0	0	N	N	N	N	N	N	N	N	N	N	N	N	0.3251	0.1830	0.0000	93.0283	91.2221	0.0000	0.0000	0.0000	0.0000	0.0145	0.0154	0.0000	0.0311	0.0326	0.0000	0.0000	0.0000	0.0000	0.0445	0.0844	0.0107	0.0003	0.0004	0.0000	0.1858	0.7706	0.0097	0.0000	0.3799	-0.0000	-0.0000	0.0001	3.9355	1.0001	8.7078	0.0000	0.0000	0.0000	0.0000	0.0000	0.0000	0.0000	0.0000	0.0000	0.0001	0.0001	0.0000	0.0000	0.0000	0.0000	0.0001	0.0001	0.0000	0.0000	0.0000	0.0000	0.0000	0.0000	0.0000	0.0000	0.0000	0.0000	0.0090	0.0059	0.0031	0.0034	0.0032	0.0002	0.0056	0.0028	0.0028	1.7668	1.7184	0.0000	93.0283	91.2221	0.0000	0.0000	0.0000	0.0000	0.0082	0.0090	0.0066	0.0003	0.0004	0.0000	0.0130	0.0189	0.0072
13	132	0.5044	11	0	0	1	1	0	0	0	0	N	N	N	N	N	N	N	N	N	N	N	N	1.1128	0.2986	0.0000	1.1960	1.0926	0.0000	22.6670	1.4184	0.0000	0.0243	0.0259	0.0000	0.0327	0.0343	0.0000	0.0171	0.0185	0.0000	0.0218	0.0869	0.0001	0.0273	0.0314	0.0000	0.0008	0.0131	0.0001	0.0000	0.0043	-0.0000	-0.0000	0.0001	6.2657	1.0001	3.9760	0.0000	0.0000	0.0000	0.0000	0.0000	0.0000	0.0000	0.0000	0.0000	0.0000	0.0000	0.0000	0.0000	0.0000	0.0000	0.0000	0.0000	0.0000	0.0000	0.0000	0.0000	0.0000	0.0000	0.0000	0.0000	0.0000	0.0000	0.0072	0.0046	0.0026	0.0027	0.0025	0.0002	0.0045	0.0021	0.0024	4.1822	2.8509	0.0000	2.2027	2.1248	0.0000	64.7761	38.0041	0.0000	0.0058	0.0091	0.0001	0.0149	0.0162	0.0000	0.0003	0.0005	0.0001
13	133	0.4271	10	0	0	1	1	0	0	0	0	N	N	N	N	N	N	N	N	N	N	N	N	0.4441	0.2329	0.0000	0.0000	0.0000	0.0000	0.7233	0.0296	0.0000	0.0042	0.0044	0.0000	0.0000	0.0000	0.0000	0.0073	0.0079	0.0000	0.0095	0.0191	0.0010	0.0065	0.0076	0.0001	0.0101	0.2663	0.0011	0.0000	0.1435	-0.0000	-0.0000	0.0001	26.7012	1.0001	18.2690	0.0000	0.0000	0.0000	0.0000	0.0000	0.0000	0.0000	0.0000	0.0000	0.0001	0.0001	0.0000	0.0000	0.0000	0.0000	0.0000	0.0000	0.0000	0.0000	0.0000	0.0000	0.0000	0.0000	0.0000	0.0000	0.0000	0.0000	0.0275	0.0168	0.0107	0.0091	0.0082	0.0008	0.0184	0.0086	0.0099	1.3237	0.9750	0.0000	0.0000	0.0000	0.0000	3.2795	2.2513	0.0000	0.0032	0.0046	0.0010	0.0051	0.0056	0.0001	0.0022	0.0035	0.0011
13	134	0.1890	9	0	0	1	1	0	0	0	0	N	N	N	N	N	N	N	N	N	N	N	N	0.0000	0.0000	0.0000	0.0000	0.0000	0.0000	0.0000	0.0000	0.0000	0.0000	0.0000	0.0000	0.0000	0.0000	0.0000	0.0000	0.0000	0.0000	0.0847	0.3307	0.0005	0.4450	0.5133	0.0000	0.0035	0.0496	0.0006	0.0252	-0.0000	-0.0003	0.0001	61.4372	1.0001	55.8589	0.0000	0.0000	0.0000	0.0000	0.0000	0.0000	0.0000	0.0000	0.0000	0.0006	0.0006	0.0000	0.0005	0.0005	0.0000	0.0000	0.0000	0.0000	0.0000	0.0000	0.0000	0.0000	0.0000	0.0000	0.0000	0.0000	0.0000	0.0551	0.0290	0.0261	0.0061	0.0053	0.0008	0.0490	0.0237	0.0253	0.0000	0.0000	0.0000	0.0000	0.0000	0.0000	0.0000	0.0000	0.0000	0.0103	0.0192	0.0005	0.0858	0.0988	0.0000	0.0009	0.0013	0.0006	
13	135	0.0987	8	0	0	1	1	0	0	0	0	N	N	N	N	N	N	N	N	N	N	N	N	0.0000	0.0000	0.0000	0.0000	0.0000	0.0000	0.0000	0.0000	0.0000	0.0000	0.0000	0.0000	0.0000	0.0000	0.0000	0.0000	0.0070	0.0202	0.0000	0.0501	0.0606	0.0000	0.0000	0.0000	0.0000	0.0000	0.0000	-0.0000	0.0001	31.7621	1.0001	18.5886	0.0000	0.0000	0.0000	0.0000	0.0000	0.0000	0.0000	0.0000	0.0000	0.0001	0.0001	0.0000	0.0001	0.0001	0.0000	0.0000	0.0000	0.0000	0.0000	0.0000	0.0000	0.0000	0.0000	0.0000	0.0000	0.0000	0.0000	0.0283	0.0153	0.0131	0.0032	0.0028	0.0004	0.0252	0.0125	0.0127	0.0000	0.0000	0.0000	0.0000	0.0000	0.0000	0.0000	0.0000	0.0000	0.0025	0.0047	0.0000	0.0228	0.0262	0.0000	0.0000	0.0000	0.0000			
14	15	0.2987	12	0	1	0	1	0	0	0	0	N	N	N	N	N	N	N	N	N	N	N	N	0.0000	0.0000	0.0000	0.0000	0.0000	0.0000	0.0000	0.0000	0.0000	0.0000	0.0000	0.0000	0.0000	0.0000	0.0000	0.0000	0.0000	0.0008	0.0003	0.0008	0.0023	0.0014	0.0074	0.0008	0.0000	0.0005	2.9999	0.0000	0.0000	20.9564	0.0001	6.0714	6.0018	0.0000	0.0000	0.0000	0.0000	0.0000	0.0000	0.0000	0.0000	0.0000	0.0000	0.0000	0.0000	0.0000	0.0000	0.0000	0.0000	0.0000	0.0000	0.0000	0.0000	0.0000	0.0000	0.0000	0.0000	0.0000	0.0000	0.0000	0.0801	0.0403	0.0398	0.0086	0.0073	0.0013	0.0715	0.0330	0.0385	0.0000	0.0000	0.0000	0.0000	0.0000	0.0000	0.0000	0.0000	0.0000	0.0005	0.0002	0.0008	0.0023	0.0014	0.0074	0.0003	0.0000	0.0005		
14	16	0.2969	11	0	1	0	1	0	0	0	0	N	N	N	N	N	N	N	N	N	N	N	N	0.0000	0.0000	0.0000	0.0000	0.0000	0.0000	0.0000	0.0000	0.0000	0.0000	0.0000	0.0000	0.0000	0.0000	0.0000	0.0000	0.0000	0.0000	0.0000	0.0000	0.0000	0.0000	0.0000	0.0000	0.0000	7.3333	0.0000	0.0000	20.9564	1.0007	6.0714	1.0009	0.0000	0.0000	0.0000	0.0000	0.0000	0.0000	0.0000	0.0000	0.0000	0.0000	0.0000	0.0000	0.0000	0.0000	0.0000	0.0000	0.0000	0.0000	0.0806	0.0712	0.0094	0.0179	0.0169	0.0010	0.0627	0.0543	0.0084	0.0272	0.0137	0.0135	0.0028	0.0024	0.0004	0.0243	0.0113	0.0131	0.0000	0.0000	0.0000	0.0000	0.0000	0.0000	0.0000	0.0000	0.0000	0.0000	0.0000	0.0000	0.0000	0.0000	0.0000	0.0000	0.0000	0.0000			
14	17	0.5279	13	0	2	0	1	0	0	0	0	N	Y	N	N	N	N	N	N	N	N	N	N	0.0060	0.0037	0.0000	0.0040	0.0037	0.2473	0.0006	0.0000	0.0000	0.0000	0.0000	0.0000	0.0000	0.0000	0.0000	0.0000	0.0000	0.0001	0.0002	0.0000	0.0004	0.0005	0.0000	0.0000	0.0001	0.0000	0.0000	0.0005	-0.0000	-0.0000	20.9564	8.1476	6.0714	4.0573	0.0000	0.0000	0.0000	0.0000	0.0000	0.0000	0.0000	0.0000	0.0000	0.0000	0.0000	0.0000	0.0000	0.0000	0.0000	0.0000	0.0000	0.0000	0.6379	0.5687	0.0692	0.2206	0.2069	0.0138	0.4173	0.3619	0.0554	0.1349	0.0775	0.0573	0.0323	0.0280	0.0044	0.1025	0.0496	0.0530	0.0060	0.0039	0.0000	0.0040	0.0037	0.0000	0.2473	0.2150	0.0000	0.0001	0.0002	0.0000	0.0004	0.0005	0.0000	0.0000	0.0000	0.0000	
14	18	0.2898	9	0	2	0	0	0	0	0	0	N	Y	N	N	N	N	N	N	N	N	N	N	37.3289	6.6481	1190.5639	9.4126	9.8247	0.2822	195.9749	15.8680	2049.5810	0.8978	0.9997	0.1809	3.4769	3.7309	0.0015	0.0302	0.0002	0.2096	0.0241	0.1504	0.0002	0.3694	0.3797	0.0055	0.0002	0.0000	0.0001	0.0257	0.0124	-0.2657	-0.0015	20.9564	12.7610	6.0714	15.2058	1.0139	0.9885	0.0254	0.9884	0.9884	0.0000	0.0256	0.0002	0.0254	0.0025	0.0024	0.0000	0.0024	0.0024	0.0000	0.0000	0.0000	0.0000	1.1293	0.9889	0.1404	0.2843	0.2649	0.0194	0.8450	0.7240	0.1211	0.4042	0.2067	0.1975	0.0324	0.0306	0.0018	0.3717	0.1761	0.1956	147.6173	85.1007	1190.5639	46.2573	47.0423	0.2822	561.5346	5852.7965	2049.5810	0.0061	0.0117	0.0002	0.0752	0.0793	0.0055	0.0001	0.0000	0.0001
14	19	0.3036	12	0	2	0	1	0	0	0	0	N	Y	N	N	N	N	N	N	N	N	N	N	inf	inf	inf	inf	inf	inf	4.1781	4.7272	0.0000	0.0002	0.0002	0.0000	5.3894	6.2168	0.0000	0.0000	0.0000	0.0000	0.0000	0.0000	0.0000	0.0000	0.0000	0.0000	0.0000	-0.2870	0.0000	20.9564	3.0000	6.0714	1.0000	0.9997	0.9997	0.0000	0.0000	0.0000	0.0000	0.9997	0.9997	0.0000	0.0000	0.0000	0.0000	0.0000	0.0000	0.0000	0.0000	0.0000	0.0000	0.2393	0.2115	0.0278	0.0538	0.0507	0.0031	0.1855	0.1608	0.0247	0.0531	0.0272	0.0259	0.0058	0.0050	0.0009	0.0472	0.0222	0.0251	inf	inf	0.0000	inf	inf	0.0000	inf	inf	0.0000	0.0000	0.0000	0.0000	0.0000	0.0000	0.0000	0.0000	0.0000	0.0000				
14	20	0.4866	9	0	2	0	1	0	0	0	0	N	Y	N	N	N	N	N	N	N	N	N	N	6226.4804	0.0000	36084.1073	0.4794	0.0000	inf	3005.2896	37062.2964	2.4490	0.0000	23.2146	0.0001	0.0000	0.0019	3.4105	0.0000	26.4216	0.0004	0.0001	0.0006	0.0002	0.0002	0.0000	0.0011	0.0000	0.0007	inf	5.1696	1.4208	0.0000	20.9564	9.0824	6.0714	4.8637	1.9931	0.0000	1.9931	0.0000	0.0000	0.0000	1.9930	0.0000	1.9930	0.0001	0.0000	0.0001	0.0000	0.0000	0.0000	0.0001	0.0000	0.0001	0.8138	0.7280	0.0859	0.2294	0.2190	0.0104	0.5844	0.5090	0.0754	0.1942	0.1137	0.0805	0.0552	0.0473	0.0079	0.1390	0.0664	0.0726	7697.1962	0.0000	36084.1073	0.4794	0.0000	inf	9156.9957	0.0000	37062.2964	0.0003	0.0001	0.0006	0.0002	0.0002	0.0000	0.0004	0.0000	0.0007	
14	21	0.2871	8	1	2	0	0	0	0	0	0	N	Y	N	N	N	N	N	N	N	N	N	N	0.0435	0.0130	0.0000	0.0649	0.0639	0.0000	0.0002	0.0000	0.0000	0.0039	0.0045	0.0000	0.0167	0.0178	0.0000	0.0000	0.0000	0.0000	0.0906	0.3444	0.0001	0.2570	0.2779	0.0000	0.0003	0.0040	0.0001	0.0000	0.0040	-0.0005	-0.0013	20.9564	5.0072	6.0714	8.1033	0.0016	0.0016	0.0000	0.0016	0.0016	0.0000	0.0000	0.0000	0.0000	0.0021	0.0021	0.0000	0.0021	0.0021	0.0000	0.0000	0.0000	0.0000	0.3984	0.3518	0.0466	0.0942	0.0884	0.0058	0.3042	0.2634	0.0408	0.2005	0.1047	0.0958	0.0353	0.0321	0.0031	0.1652	0.0726	0.0927	0.3724	0.2211	0.0000	0.2795	0.2713	0.0000	0.0005	0.0004	0.0000	0.0106	0.0202	0.0001	0.0597	0.0655	0.0000	0.0001	0.0001	0.0001
14	22	0.2557	8	0	2	0	0	0	0	0	0	N	Y	N	N	N	N	N	N	N	N	N	N	5394.8081	7700.5865	0.0018	1.8787	2.6987	0.0009	5459.7963	inf	0.0000	0.7382	0.8338	0.0000	0.0018	0.0019	0.0000	0.9332	1.0738	0.0000	0.0001	0.0001	0.0002	0.0010	0.0007	0.0035	0.0002	0.0000	0.0001	0.0000	1.5241	-0.2896	-0.0000	20.9564	17.0533	6.0714	10.0403	1.0085	1.0085	0.0000	0.0005	0.0005	0.0000	1.0080	1.0080	0.0000	0.0001	0.0000	0.0000	0.0000	0.0000	0.0000	0.0000	0.0000	0.0000	1.3662	1.2095	0.1567	0.2861	0.2708	0.0153	1.0801	0.9387	0.1414	0.3684	0.1844	0.1839	0.0310	0.0281	0.0029	0.3374	0.1564	0.1811	5394.8081	7700.5865	0.0018	1.8787	2.6987	0.0009	15390.6765	inf	0.0000	0.0001	0.0001	0.0002	0.0010	0.0007	0.0035	0.0001	0.0000	0.0001
14	23	0.5279	13	0	1	0	1	0	0	0	0	N	N	N	N	N	N	N	N	N	N	N	N	0.0046	0.0021	0.0000	0.0038	0.0036	0.2130	0.0006	0.0000	0.0000	0.0000	0.0000	0.0000	0.0000	0.0000	0.0000	0.0000	0.0000	0.0004	0.0009	0.0000	0.0012	0.0013	0.0000	0.0000	0.0002	0.0000	0.0000	0.0005	-0.0000	-0.0000	20.9564	2.8591	6.0714	0.9679	0.0000	0.0000	0.0000	0.0000	0.0000	0.0000	0.0000	0.0000	0.0000	0.0000	0.0000	0.0000	0.0000	0.0000	0.0000	0.0000	0.0000	0.0000	0.2343	0.2092	0.0252	0.0827	0.0777	0.0050	0.1517	0.1315	0.0202	0.0456	0.0261	0.0195	0.0116	0.0102	0.0014	0.0340	0.0159	0.0180	0.0055	0.0035	0.0000	0.0038	0.0036	0.0000	0.2130	0.1903	0.0000	0.0003	0.0005	0.0000	0.0012	0.0013	0.0000	0.0000	0.0000	0.0000	
14	24	0.5017	12	0	1	0	1	0	0	0	0	N	N	N	N	N	N	N	N	N	N	N	N	0.0080	0.0062	0.0000	0.0133	0.0131	1.4156	0.0776	0.0000	0.0036	0.0041	0.0000	0.0099	0.0105	0.0000	0.0003	0.0004	0.0000	0.4525	0.6526	0.0000	0.7448	0.8036	0.0000	0.0002	0.0049	0.0000	0.0000	0.0000	-0.0005	-0.0031	20.9564	6.2936	6.0714	7.0245	0.0018	0.0018	0.0000	0.0017	0.0017	0.0000	0.0001	0.0001	0.0000	0.0049	0.0049	0.0000	0.0049	0.0049	0.0000	0.0000	0.0000	0.0000	0.5085	0.4533	0.0553	0.1751	0.1645	0.0106	0.3334	0.2888	0.0447	0.1476	0.0859	0.0617	0.0357	0.0313	0.0044	0.1119	0.0546	0.0573	0.1079	0.0704	0.0000	0.0714	0.0666	0.0000	3.6457	2.0878	0.0000	0.0335	0.0576	0.0000	0.1384	0.1578	0.0000	0.0001	0.0002	0.0000	
14	25	0.3612	9	1	1	1	0	0	0	0	0	N	N	N	N	N	N	N	N	N	N	N	N	740.8576	7842.7609	216.9428	1368.9248	1625.7419	0.0000	584.9987	inf	254.3433	0.0012	0.0013	0.0007	0.0017	0.0018	0.0000	0.0010	0.0010	0.0008	0.0000	0.0000	0.0000	0.0000	0.0000	0.0000	0.0000	0.0000	0.0000	0.0622	18.7778	-0.0001	0.0000	20.9564	4.4994	6.0714	1.0731	0.0005	0.0005	0.0000	0.0002	0.0002	0.0000	0.0003	0.0002	0.0000	0.0000	0.0000	0.0000	0.0000	0.0000	0.0000	0.0000	0.0000	0.0000	0.4187	0.3755	0.0432	0.1348	0.1284	0.0064	0.2839	0.2471	0.0369	0.0755	0.0385	0.0370	0.0061	0.0057	0.0005	0.0694	0.0328	0.0366	740.8576	7842.7609	216.9428	1368.9248	1625.7419	0.0000	584.9987	inf	254.3433	0.0000	0.0000	0.0000	0.0000	0.0000	0.0000	0.0000	0.0000	0.0000
14	26	0.2487	7	0	2	0	0	0	0	0	0	N	Y	N	N	N	N	N	N	N	N	N	N	0.0000	0.0000	0.0000	0.0000	0.0000	0.0000	0.0000	0.0000	0.0000	0.0000	0.0000	0.0000	0.0000	0.0000	0.0000	0.0000	0.0000	0.0000	0.0490	0.2704	0.0000	0.2628	0.3342	0.0000	0.0001	0.0029	0.0000	0.0001	0.0000	-0.0016	20.9564	12.3098	6.0714	9.0087	0.0000	0.0000	0.0000	0.0000	0.0000	0.0000	0.0000	0.0000	0.0000	0.0026	0.0026	0.0000	0.0026	0.0026	0.0000	0.0000	0.0000	0.0000	1.0137	0.8979	0.1157	0.2356	0.2218	0.0138	0.7781	0.6761	0.1019	0.2997	0.1567	0.1431	0.0423	0.0358	0.0066	0.2574	0.1209	0.1365	0.0000	0.0000	0.0000	0.0000	0.0000	0.0000	0.0000	0.0000	0.0000	0.0086	0.0164	0.0000	0.0606	0.0718	0.0000	0.0000	0.0001	0.0000	
14	27	0.2255	6	0	2	0	0	0	0	0	0	N	Y	N	N	N	N	N	N	N	N	N	N	1.2619	1170.2228	0.0000	2.0632	1391.3942	0.0000	0.0000	0.0000	0.0000	0.4870	0.5497	0.0000	2.0801	2.2106	0.0000	0.0000	0.0000	0.0000	0.3859	0.0005	0.2439	1.0082	0.0016	15.1555	0.0005	0.0000	0.0004	0.0000	139.9701	-0.2871	0.0058	20.9564	25.8727	6.0714	15.5187	1.0000	1.0000	0.0000	1.0000	1.0000	0.0000	0.0000	0.0000	0.0000	0.0160	0.0001	0.0158	0.0159	0.0001	0.0157	0.0001	0.0000	0.0001	2.0535	1.8191	0.2343	0.4808	0.4524	0.0284	1.5727	1.3668	0.2059	0.5929	0.3197	0.2732	0.0791	0.0712	0.0078	0.5139	0.2484	0.2654	18.0991	1552.7794	0.0000	10.3728	1391.3942	0.0000	0.0000	0.0000	0.0000	0.0269	0.0004	0.0580	0.2005	0.0016	2.0108	0.0002	0.0000	0.0004
14	28	0.2779	8	1	2	0	0	0	0	0	0	N	Y	N	N	N	N	N	N	N	N	N	N	4.4483	2.1557	52904.5859	1.6037	1.6217	1114.2326	1003222.9076	64027.2204	62609.7682	0.9564	1.0678	0.0710	1.7846	1.8828	0.0098	0.6889	0.7808	0.0789	0.2150	0.4953	0.0000	1.1128	1.1610	0.0000	0.0000	0.0000	0.0000	0.0084	0.0000	-0.8154	-0.0068	20.9564	38.1974	6.0714	14.3032	2.9244	2.9002	0.0243	1.3323	1.3319	0.0004	1.5921	1.5683	0.0239	0.0108	0.0108	0.0000	0.0108	0.0108	0.0000	0.0000	0.0000	0.0000	3.0576	2.7160	0.3416	0.7466	0.7074	0.0392	2.3110	2.0087	0.3024	0.6642	0.3316	0.3326	0.0471	0.0435	0.0036	0.6171	0.2882	0.3290	58.8557	32.8096	52904.5859	7.7804	7.5802	1114.2326	1003222.9076	25000265.5299	62609.7682	0.0163	0.0325	0.0000	0.2294	0.2484	0.0000	0.0000	0.0000	0.0000
14	29	0.2556	8	0	2	0	0	0	0	0	0	N	Y	N	N	N	N	N	N	N	N	N	N	13426.6364	0.0000	5462101.1253	0.0000	0.0000	0.0000	1691400.1575	0.0000	6891048.8138	1.7548	0.0000	16.0266	0.0000	0.0000	0.0000	2.4525	0.0000	18.3710	0.0001	0.0003	0.0000	0.0009	0.0010	0.0000	0.0000	0.0000	0.0000	inf	0.0109	0.7126	-0.0000	20.9564	6.0056	6.0714	10.9350	0.9996	0.0000	0.9996	0.0000	0.0000	0.0000	0.9996	0.0000	0.9996	0.0000	0.0000	0.0000	0.0000	0.0000	0.0000	0.0000	0.0000	0.0000	0.5696	0.5073	0.0624	0.1620	0.1541	0.0080	0.4076	0.3532	0.0544	0.2336	0.1215	0.1120	0.0345	0.0289	0.0056	0.1991	0.0927	0.1065	13426.6364	0.0000	5462101.1253	0.0000	0.0000	0.0000	1691400.1575	0.0000	6891048.8138	0.0001	0.0002	0.0000	0.0009	0.0010	0.0000	0.0000	0.0000	0.0000
14	30	0.3157	8	1	2	0	0	0	0	0	0	N	Y	N	N	N	N	N	N	N	N	N	N	0.0167	0.0137	1.2001	0.0008	0.0008	0.7760	16.3166	1.2153	0.0140	0.0122	0.0134	0.0003	0.0011	0.0011	0.0015	0.0208	0.0239	0.0000	0.7302	0.9749	0.0002	1.3751	1.4132	0.0019	0.0013	0.0196	0.0001	0.0020	0.0009	-0.0085	-0.0272	20.9564	17.1852	6.0714	7.8386	0.0299	0.0299	0.0001	0.0011	0.0011	0.0001	0.0288	0.0288	0.0000	0.0434	0.0434	0.0000	0.0433	0.0432	0.0000	0.0001	0.0001	0.0000	2.4501	2.2342	0.2159	1.0673	1.0278	0.0395	1.3827	1.2064	0.1763	0.4841	0.3029	0.1812	0.1382	0.1290	0.0091	0.3459	0.1739	0.1720	0.1363	0.0934	1.2001	0.0034	0.0032	0.7760	50.1601	34.6194	0.0140	0.0897	0.1432	0.0002	0.3131	0.3351	0.0019	0.0004	0.0007	0.0001
14	33	0.0552	2	0	2	0	0	0	0	0	0	N	Y	N	N	N	N	N	N	N	N	N	N	480.1879	96.9185	50051.4125	57.4732	57.4895	inf	12918.0945	50084.5115	0.0045	0.0022	0.0206	0.0845	0.0858	0.0305	0.0027	0.0000	0.0205	0.0000	0.0000	0.0000	0.0015	0.0015	0.0000	0.0000	0.0000	0.0000	1.4030	0.0225	0.0027	-0.0000	20.9564	24.4476	6.0714	5.0002	0.0089	0.0037	0.0052	0.0038	0.0037	0.0000	0.0052	0.0000	0.0052	0.0000	0.0000	0.0000	0.0000	0.0000	0.0000	0.0000	0.0000	0.0000	1.9671	1.7131	0.2540	0.0445	0.0434	0.0010	1.9226	1.6696	0.2530	0.5116	0.2522	0.2594	0.0032	0.0032	0.0000	0.5084	0.2490	0.2594	480.1879	115.6607	50051.4125	57.4732	57.4895	inf	12918.0945	0.0000	50084.5115	0.0000	0.0000	0.0000	0.0015	0.0015	0.0000	0.0000	0.0000	0.0000	
14	34	0.3962	8	0	2	1	1	0	0	0	0	N	Y	N	N	N	N	N	N	N	N	N	N	361.4083	198.8031	2137.9722	185.3530	164.5183	654.0589	2575.4610	0.0001	0.0001	0.0008	0.0001	0.0001	0.0000	0.0001	0.0000	0.0010	0.0000	0.0000	0.0000	0.0000	0.0000	0.0000	0.0000	0.0000	0.0000	0.9986	0.7632	0.0000	-0.0000	20.9564	1.3124	6.0714	1.0060	0.0000	0.0000	0.0000	0.0000	0.0000	0.0000	0.0000	0.0000	0.0000	0.0000	0.0000	0.0000	0.0000	0.0000	0.0000	0.0000	0.0000	0.0000	0.1460	0.1338	0.0122	0.0743	0.0718	0.0026	0.0717	0.0620	0.0097	0.0353	0.0202	0.0151	0.0114	0.0090	0.0025	0.0239	0.0112	0.0127	361.4083	198.8031	2137.9722	185.3530	164.5183	0.0000	654.0589	0.0000	2575.4610	0.0000	0.0000	0.0000	0.0000	0.0000	0.0000	0.0000	0.0000	0.0000		
14	35	0.2649	7	0	1	0	1	0	0	0	0	N	N	N	N	N	N	N	N	N	N	N	N	324.2919	92.3685	26650.7369	111.7529	101.4611	16.7107	7766.1212	4904.1991	44797.7652	0.6637	0.4781	2.2072	0.9388	0.9910	0.0142	0.5591	0.2665	2.5557	0.0020	0.0052	0.0001	0.0084	0.0098	0.0009	0.0001	0.0001	0.0001	0.5552	0.0404	0.1950	-0.0005	20.9564	53.2438	6.0714	16.6757	2.7920	1.7952	0.9967	1.0876	1.0867	0.0009	1.7044	0.7085	0.9958	0.0009	0.0008	0.0000	0.0008	0.0008	0.0000	0.0000	0.0000	0.0000	4.2069	3.7553	0.4516	1.1585	1.0966	0.0619	3.0483	2.6587	0.3897	0.8752	0.4683	0.4069	0.1370	0.1238	0.0132	0.7381	0.3445	0.3937	668.5265	268.0700	26650.7369	152.0186	146.9439	16.7107	18335.3072	1828617.8304	44797.7652	0.0010	0.0018	0.0001	0.0062	0.0067	0.0009	0.0000	0.0000	0.0001
14	36	0.2241	7	0	2	0	0	0	0	0	0	N	Y	N	N	N	N	N	N	N	N	N	N	0.0000	0.0000	0.0000	0.0000	0.0000	0.0000	0.0000	0.0000	0.0000	0.0000	0.0000	0.0000	0.0000	0.0000	0.0000	0.0000	0.0000	0.0000	0.0084	0.0001	0.0095	0.0479	0.0006	0.6329	0.0005	0.0000	0.0003	39.4969	0.0000	0.0004	20.9564	17.9460	6.0714	11.6991	0.0000	0.0000	0.0000	0.0000	0.0000	0.0000	0.0000	0.0000	0.0000	0.0012	0.0000	0.0012	0.0012	0.0000	0.0011	0.0001	0.0000	0.0001	1.4947	1.3178	0.1769	0.3549	0.3277	0.0272	1.1398	0.9901	0.1498	0.4188	0.2169	0.2019	0.0529	0.0476	0.0053	0.3659	0.1693	0.1966	0.0000	0.0000	0.0000	0.0000	0.0000	0.0000	0.0000	0.0000	0.0000	0.0029	0.0001	0.0060	0.0221	0.0006	0.2143	0.0002	0.0000	0.0003	
14	37	0.4988	10	1	2	0	0	0	0	0	0	N	Y	N	N	N	N	N	N	N	N	N	N	0.0000	0.0000	0.0000	0.0000	0.0000	0.0000	0.0000	0.0000	0.0000	0.0000	0.0000	0.0000	0.0000	0.0000	0.0000	0.0000	0.0000	0.0000	0.0000	0.0000	0.0000	0.0000	0.0000	0.0000	-0.0000	20.9564	1.9903	6.0714	0.0021	0.0000	0.0000	0.0000	0.0000	0.0000	0.0000	0.0000	0.0000	0.0000	0.0000	0.0000	0.0000	0.0000	0.0000	0.0000	0.0000	0.0000	0.0000	0.1595	0.1412	0.0183	0.0402	0.0380	0.0022	0.1193	0.1032	0.0161	0.0265	0.0158	0.0107	0.0079	0.0068	0.0012	0.0185	0.0090	0.0095	0.0000	0.0000	0.0000	0.0000	0.0000	0.0000	0.0000	0.0000	0.0000	0.0000	0.0000	0.0000	0.0000	0.0000	0.0000	0.0000	0.0000	0.0000						
14	38	0.2649	7	0	2	0	1	0	0	0	0	N	Y	N	N	N	N	N	N	N	N	N	N	151.6575	70.5726	3.8785	17.6313	16.4229	3.9457	4237.3209	36789.2656	0.3018	0.5533	0.6196	0.0005	0.2453	0.2587	0.0034	0.6758	0.7755	0.0000	0.0036	0.0088	0.0001	0.0139	0.0158	0.0009	0.0002	0.0000	0.0001	0.0001	0.0412	-0.5934	-0.0007	20.9564	45.5232	6.0714	15.8903	2.0671	2.0669	0.0002	0.2607	0.2605	0.0002	1.8065	1.8065	0.0000	0.0012	0.0011	0.0000	0.0012	0.0011	0.0000	0.0000	0.0000	0.0000	3.7357	3.3362	0.3995	1.0626	1.0067	0.0558	2.6732	2.3295	0.3437	0.7942	0.4265	0.3677	0.1289	0.1170	0.0119	0.6653	0.3096	0.3558	368.6108	230.7900	3.8785	27.3622	26.4272	3.9457	12140.9008	13412471.6602	0.3018	0.0015	0.0027	0.0001	0.0090	0.0098	0.0009	0.0001	0.0000	0.0001
14	39	0.2378	6	0	1	0	1	0	0	0	0	N	N	N	N	N	N	N	N	N	N	N	N	1.9338	1.6664	0.6598	0.4555	0.4991	0.0020	2.9628	1.5373	1.5356	1.2135	1.3614	0.0244	0.4597	0.4853	0.0014	1.5121	1.7408	0.0280	0.6275	0.8170	0.0370	1.0093	0.9723	0.6802	0.5104	1.1324	0.0182	0.0022	0.1566	-0.4333	-0.0081	20.9564	13.8166	6.0714	4.5847	1.5209	1.5176	0.0034	0.1635	0.1635	0.0000	1.3575	1.3541	0.0034	0.0164	0.0142	0.0022	0.0087	0.0079	0.0008	0.0077	0.0063	0.0014	1.2534	1.1147	0.1387	0.3556	0.3368	0.0188	0.8978	0.7779	0.1199	0.2762	0.1514	0.1248	0.0435	0.0398	0.0037	0.2327	0.1116	0.1210	20.4312	14.5373	1.3704	2.2915	2.4491	0.0061	45.8424	30.8605	2.4630	0.0594	0.0937	0.0178	0.2006	0.1982	0.2268	0.0330	0.0564	0.0114
14	40	0.3996	10	0	1	1	0	0	0	0	0	N	N	N	N	N	N	N	N	N	N	N	N	561.3062	267.0331	0.0000	2.1221	1.9473	0.0000	226347.7796	inf	0.0000	0.8872	0.9950	0.0000	0.0085	0.0089	0.0000	1.3063	1.5139	0.0000	0.0016	0.0037	0.0000	0.0040	0.0046	0.0003	0.0000	0.0000	0.0000	0.0000	0.0129	-0.2866	-0.0001	20.9564	12.6411	6.0714	7.4648	0.9982	0.9982	0.0000	0.0031	0.0031	0.0000	0.9951	0.9951	0.0000	0.0002	0.0002	0.0000	0.0002	0.0002	0.0000	0.0000	0.0000	0.0000	1.1251	1.0032	0.1220	0.3634	0.3459	0.0175	0.7617	0.6573	0.1045	0.2880	0.1635	0.1245	0.0634	0.0577	0.0057	0.2245	0.1058	0.1187	1085.3294	699.9785	0.0000	2.3032	2.2167	0.0000	226347.7796	inf	0.0000	0.0008	0.0014	0.0000	0.0037	0.0040	0.0003	0.0000	0.0000	0.0000
14	41	0.4864	8	0	2	0	0	0	0	0	0	N	Y	N	N	N	N	N	N	N	N	N	N	2.4161	0.7243	22144.7725	8.8281	7.8599	0.0000	2.5947	0.4432	124764.8686	0.8915	0.4111	5.0466	0.1995	0.2096	0.0000	1.2369	0.5212	5.9813	0.3690	0.5676	0.0002	0.0226	0.0267	0.0026	0.4767	1.1759	0.0000	1.4192	0.0038	0.5099	-0.0062	20.9564	22.0894	6.0714	9.3639	1.7026	0.7038	0.9988	0.1268	0.1268	0.0000	1.5757	0.5769	0.9988	0.0099	0.0098	0.0000	0.0013	0.0013	0.0000	0.0086	0.0086	0.0000	1.9099	1.7120	0.1979	0.6360	0.6051	0.0309	1.2739	1.1069	0.1670	0.3893	0.2260	0.1632	0.0994	0.0877	0.0117	0.2898	0.1383	0.1515	35.1498	9.4478	22144.7725	15.4301	14.6460	0.0000	41.7494	8.4038	124764.8686	0.0254	0.0435	0.0002	0.0129	0.0143	0.0026	0.0296	0.0620	0.0000
14	42	0.2378	6	0	2	0	0	0	0	0	0	N	Y	N	N	N	N	N	N	N	N	N	N	0.4909	0.3891	4.6816	0.0115	0.0112	0.0000	0.5948	0.3158	6.0218	0.3100	0.3494	0.0000	0.0063	0.0067	0.0000	0.4011	0.4608	0.0000	0.6315	0.8981	0.0000	0.5465	0.5933	0.0000	0.6744	1.4592	0.0000	0.0000	0.0000	-0.2945	-0.0290	20.9564	43.3975	6.0714	17.3745	1.0258	1.0258	0.0000	0.0048	0.0048	0.0000	1.0210	1.0210	0.0000	0.0461	0.0461	0.0000	0.0095	0.0095	0.0000	0.0366	0.0366	0.0000	3.3093	2.9357	0.3737	0.7640	0.7201	0.0439	2.5453	2.2155	0.3298	0.7618	0.4017	0.3601	0.0934	0.0826	0.0109	0.6684	0.3192	0.3492	5.1204	3.0439	4.6816	0.0615	0.0576	0.0000	7.3302	4.0217	6.0218	0.0605	0.1148	0.0000	0.1021	0.1156	0.0000	0.0547	0.1146	0.0000
14	43	0.4165	7	1	1	1	0	0	0	0	0	N	N	N	N	N	N	N	N	N	N	N	N	92259.3208	32.7047	811865.7146	28.6155	32.0886	0.0000	286867.2433	1138603.6568	0.6496	0.0002	5.8257	0.0008	0.0009	0.0000	0.8513	0.0000	6.5137	0.0000	0.0000	0.0000	0.0000	0.0000	0.0000	0.0000	0.0000	0.0000	3225.8044	0.8718	0.7126	-0.0000	20.9564	18.2331	6.0714	4.4208	1.0000	0.0003	0.9997	0.0003	0.0003	0.0000	0.9997	0.0000	0.9997	0.0000	0.0000	0.0000	0.0000	0.0000	0.0000	0.0000	0.0000	0.0000	1.5394	1.3678	0.1716	0.3651	0.3469	0.0181	1.1744	1.0209	0.1535	0.3275	0.1778	0.1497	0.0500	0.0443	0.0057	0.2776	0.1336	0.1440	92259.3208	32.7047	811865.7146	28.6155	32.0886	0.0000	286867.2433	0.0000	1138603.6568	0.0000	0.0000	0.0000	0.0000	0.0000	0.0000	0.0000	0.0000	0.0000	
14	44	0.4763	7	0	2	0	1	0	0	0	0	N	Y	N	N	N	N	N	N	N	N	N	N	135.1397	68.2130	0.0000	159.7883	136.8409	0.0000	191816.5439	5924.0947	0.0000	0.4003	0.4477	0.0000	0.9726	1.0288	0.0000	0.1905	0.2176	0.0000	0.0030	0.0066	0.0001	0.0061	0.0075	0.0007	0.0000	0.0000	0.0000	0.0000	0.0214	-0.5602	-0.0009	20.9564	62.5878	6.0714	29.9840	1.9509	1.9509	0.0000	1.2717	1.2717	0.0000	0.6792	0.6792	0.0000	0.0015	0.0014	0.0000	0.0015	0.0014	0.0000	0.0000	0.0000	0.0000	4.8736	4.3573	0.5163	1.3076	1.2361	0.0714	3.5660	3.1212	0.4449	1.1529	0.6734	0.4795	0.3025	0.2594	0.0431	0.8504	0.4140	0.4364	312.1472	208.2877	0.0000	199.0954	184.3486	0.0000	191816.5439	2286690.6777	0.0000	0.0013	0.0021	0.0001	0.0049	0.0056	0.0007	0.0000	0.0000	0.0000
14	45	0.4165	7	1	1	1	0	0	0	0	0	N	N	N	N	N	N	N	N	N	N	N	N	90755.8289	102399.5521	0.0000	89442.4014	99932.7586	0.0000	0.0003	inf	0.0000	0.8391	0.9426	0.0000	3.3563	3.5240	0.0000	0.0000	0.0000	0.0000	0.0000	0.0000	0.0000	0.0000	0.0000	0.0001	0.0000	0.0000	0.0000	0.0000	0.8669	-0.2870	-0.0000	20.9564	13.5293	6.0714	3.1702	0.9997	0.9997	0.0000	0.9997	0.9997	0.0000	0.0000	0.0000	0.0000	0.0000	0.0000	0.0000	0.0000	0.0000	0.0000	0.0000	0.0000	0.0000	1.1914	1.0605	0.1308	0.2979	0.2837	0.0142	0.8935	0.7769	0.1166	0.2488	0.1357	0.1131	0.0392	0.0349	0.0043	0.2096	0.1008	0.1088	90755.8289	103821.0968	0.0000	89442.4014	99932.7586	0.0000	0.0003	inf	0.0000	0.0000	0.0000	0.0000	0.0000	0.0000	0.0001	0.0000	0.0000	0.0000
14	46	0.4121	6	1	1	1	0	0	0	0	0	N	N	N	N	N	N	N	N	N	N	N	N	12.6581	13.2275	6.8587	10.3139	15.5926	0.0004	4.8976	inf	27.5412	0.0051	0.0054	0.0023	0.0134	0.0139	0.0000	0.0007	0.0004	0.0026	0.0004	0.0004	0.0003	0.0013	0.0009	0.0072	0.0001	0.0000	0.0001	0.0428	0.7788	-0.0007	-0.0000	20.9564	4.1147	6.0714	1.2946	0.0027	0.0026	0.0001	0.0024	0.0024	0.0000	0.0002	0.0001	0.0001	0.0000	0.0000	0.0000	0.0000	0.0000	0.0000	0.0000	0.0000	0.0000	0.5239	0.4756	0.0483	0.1824	0.1765	0.0058	0.3415	0.2991	0.0424	0.1015	0.0583	0.0432	0.0221	0.0207	0.0014	0.0793	0.0376	0.0417	15.8333	17.0874	6.8587	10.3139	15.5926	0.0004	13.5786	inf	27.5412	0.0003	0.0003	0.0003	0.0013	0.0009	0.0072	0.0000	0.0000	0.0001
14	47	0.3494	5	1	1	0	0	0	0	0	0	N	N	N	N	N	N	N	N	N	N	N	N	0.3407	1.9765	0.0457	0.6511	1.6351	0.0029	0.6625	32.7621	0.0901	0.0505	0.0564	0.0026	0.0407	0.0426	0.0021	0.0534	0.0610	0.0027	0.1481	0.0285	0.0567	0.0625	0.0261	0.7193	0.0807	0.0019	0.0294	0.0057	2.8755	-0.0287	0.0011	20.9564	22.0103	6.0714	13.6452	0.1020	0.1015	0.0006	0.0192	0.0192	0.0000	0.0828	0.0823	0.0005	0.0100	0.0026	0.0074	0.0054	0.0026	0.0029	0.0046	0.0000	0.0045	2.0221	1.7996	0.2225	0.4722	0.4497	0.0225	1.5499	1.3499	0.2000	0.7460	0.4442	0.3019	0.1952	0.1832	0.0121	0.5508	0.2610	0.2898	3.7663	9.7092	0.1055	1.4592	3.0381	0.0087	6.4650	1578.1657	0.1691	0.0134	0.0058	0.0246	0.0279	0.0140	0.2384	0.0083	0.0000	0.0157
14	48	0.3996	10	0	2	0	0	0	0	0	0	N	Y	N	N	N	N	N	N	N	N	N	N	316133.9298	1161262.3862	0.0000	4284.9696	4161.8150	434752.9584	inf	0.0000	0.8944	1.0032	0.0000	0.0093	0.0097	0.0000	1.3171	1.5265	0.0000	0.0000	0.0000	0.0000	0.0000	0.0000	0.0000	0.0000	0.0000	0.0000	0.0000	4.6902	-0.2873	0.0000	20.9564	12.3962	6.0714	3.7178	1.0005	1.0005	0.0000	0.0034	0.0034	0.0000	0.9971	0.9971	0.0000	0.0000	0.0000	0.0000	0.0000	0.0000	0.0000	0.0000	0.0000	0.0000	1.1186	0.9973	0.1212	0.3615	0.3441	0.0174	0.7571	0.6532	0.1039	0.2454	0.1412	0.1041	0.0568	0.0521	0.0047	0.1885	0.0891	0.0994	316133.9298	1161262.3862	0.0000	4284.9696	4161.8150	0.0000	434752.9584	inf	0.0000	0.0000	0.0000	0.0000	0.0000	0.0000	0.0000	0.0000	0.0000	0.0000	
14	49	0.3707	9	0	1	0	0	0	0	0	0	N	N	N	N	N	N	N	N	N	N	N	N	76.0132	341.6790	0.6359	498.3154	476.2590	170.6506	1.6762	7.2796	0.2717	0.1367	0.1523	0.0010	0.3637	0.3820	0.0038	0.0063	0.0072	0.0005	0.0018	0.0004	0.0016	0.0007	0.0008	0.0000	0.0037	0.0010	0.0017	0.0008	3.7684	-0.0580	0.0000	20.9564	14.4870	6.0714	5.8627	0.2027	0.2025	0.0002	0.1967	0.1966	0.0001	0.0059	0.0059	0.0001	0.0003	0.0001	0.0002	0.0001	0.0001	0.0000	0.0002	0.0000	0.0002	1.4821	1.3295	0.1526	0.5409	0.5148	0.0261	0.9412	0.8147	0.1265	0.3383	0.1910	0.1472	0.0871	0.0790	0.0081	0.2512	0.1120	0.1392	150.5601	451.6290	0.6359	498.3154	476.2590	170.6506	6.4797	763.1572	0.2717	0.0009	0.0003	0.0016	0.0007	0.0008	0.0000	0.0010	0.0000	0.0017
14	50	0.3669	10	1	2	1	0	0	0	0	0	N	Y	N	N	N	N	N	N	N	N	N	N	inf	inf	inf	inf	0.0001	0.0001	0.0000	0.0003	0.0003	0.0000	0.0000	0.0000	0.0000	0.0000	0.0000	0.0000	0.0000	0.0000	0.0000	0.0000	0.0000	0.0000	0.0000	-0.0000	0.0000	20.9564	0.9856	6.0714	2.8295	0.0000	0.0000	0.0000	0.0000	0.0000	0.0000	0.0000	0.0000	0.0000	0.0000	0.0000	0.0000	0.0000	0.0000	0.0000	0.0000	0.0000	0.0000	0.0803	0.0713	0.0090	0.0222	0.0210	0.0012	0.0582	0.0504	0.0078	0.0495	0.0247	0.0248	0.0033	0.0029	0.0003	0.0462	0.0217	0.0245	inf	inf	0.0000	inf	inf	0.0000	0.0000	0.0000	0.0000	0.0000	0.0000	0.0000	0.0000	0.0000	0.0000	0.0000	0.0000	0.0000						
14	51	0.4562	8	1	2	0	0	0	0	0	0	N	Y	N	N	N	N	N	N	N	N	N	N	228.3462	122.1141	0.0000	2.2143	1.9778	0.0000	121681.0759	18418.0397	0.0000	0.7522	0.8400	0.0000	0.0112	0.0117	0.0000	1.0273	1.1801	0.0000	0.0033	0.0069	0.0001	0.0051	0.0059	0.0008	0.0000	0.0001	0.0000	0.0000	0.0230	-0.2878	-0.0003	20.9564	13.3057	6.0714	8.6321	1.0024	1.0024	0.0000	0.0041	0.0041	0.0000	0.9983	0.9983	0.0000	0.0005	0.0005	0.0000	0.0005	0.0005	0.0000	0.0000	0.0000	0.0000	1.3326	1.1933	0.1393	0.3608	0.3474	0.0134	0.9718	0.8460	0.1259	0.3862	0.2332	0.1530	0.1223	0.1091	0.0132	0.2639	0.1241	0.1398	544.5914	375.7031	0.0000	2.5870	2.4431	0.0000	140629.1198	6424303.4073	0.0000	0.0014	0.0022	0.0001	0.0043	0.0048	0.0008	0.0000	0.0000	0.0000
14	52	0.5017	12	0	2	0	1	0	0	0	0	N	Y	N	N	N	N	N	N	N	N	N	N	0.6389	181.4397	0.0174	47.1293	43.4154	inf	0.2628	inf	0.0009	0.0008	0.0008	0.0000	0.0005	0.0005	0.0001	0.0009	0.0011	0.0000	0.0012	0.0000	0.0016	0.0000	0.0000	0.0000	0.0035	0.0000	0.0017	0.0039	238.1100	-0.0000	0.0000	20.9564	2.1073	6.0714	0.0711	0.0001	0.0001	0.0000	0.0000	0.0000	0.0000	0.0001	0.0001	0.0000	0.0000	0.0000	0.0000	0.0000	0.0000	0.0000	0.0000	0.0000	0.0000	0.1853	0.1656	0.0196	0.0661	0.0624	0.0036	0.1192	0.1032	0.0160	0.0281	0.0166	0.0115	0.0079	0.0070	0.0010	0.0202	0.0096	0.0105	1.1525	181.4397	0.0174	47.1293	43.4154	inf	1.0099	inf	0.0009	0.0007	0.0000	0.0016	0.0000	0.0000	0.0000	0.0009	0.0000	0.0017
14	53	0.4393	11	0	1	0	1	0	0	0	0	N	N	N	N	N	N	N	N	N	N	N	N	9426.0328	5034.0880	0.0000	2186.1296	2019.4246	1181407.9603	8830.2048	0.0000	1.1960	1.3405	0.0000	1.7284	1.8423	0.0000	0.9135	1.0526	0.0000	0.0001	0.0003	0.0000	0.0008	0.0009	0.0000	0.0000	0.0001	0.0000	0.0000	0.0039	-0.5731	-0.0000	20.9564	21.8329	6.0714	8.0592	1.9960	1.9960	0.0000	1.0000	1.0000	0.0000	0.9960	0.9960	0.0000	0.0000	0.0000	0.0000	0.0000	0.0000	0.0000	0.0000	0.0000	0.0000	1.6689	1.4890	0.1799	0.5786	0.5428	0.0358	1.0903	0.9462	0.1441	0.3030	0.1652	0.1378	0.0484	0.0419	0.0065	0.2546	0.1232	0.1314	9426.0328	5781.3245	0.0000	2186.1296	2019.4246	0.0000	1181407.9603	2737716.0266	0.0000	0.0001	0.0002	0.0000	0.0008	0.0009	0.0000	0.0000	0.0000	0.0000	
14	54	0.5687	10	0	2	0	1	0	0	0	0	N	Y	N	N	N	N	N	N	N	N	N	N	0.0000	0.0000	0.0000	0.0000	0.0000	0.0000	0.0000	0.0000	0.0000	0.0000	0.0000	0.0000	0.0000	0.0000	0.0000	0.0000	0.0000	0.0000	0.0000	0.0000	20.9564	0.0000	6.0714	0.0000	0.0000	0.0000	0.0000	0.0000	0.0000	0.0000	0.0000	0.0000	0.0000	0.0000	0.0000	0.0000	0.0000	0.0000	0.0000	0.0000	0.0000	0.0000	0.0000	0.0000	0.0000	0.0000	0.0000	0.0000	0.0000	0.0000	0.0000	0.0000	0.0000	0.0000	0.0000	0.0000	0.0000	0.0000	0.0000	0.0000	0.0000	0.0000	0.0000	0.0000	0.0000	0.0000	0.0000	0.0000	0.0000	0.0000	0.0000	0.0000	0.0000	0.0000	0.0000	0.0000	0.0000	0.0000											
14	55	0.4393	11	0	1	0	1	0	0	0	0	N	N	N	N	N	N	N	N	N	N	N	N	5.2219	2.5865	0.0449	4.7223	4.3603	0.5984	49.4967	inf	0.0000	0.0281	0.0312	0.0000	0.0575	0.0612	0.0000	0.0055	0.0063	0.0000	0.0054	0.0121	0.0001	0.0122	0.0140	0.0000	0.0001	0.0000	0.0001	0.0000	0.0166	-0.0011	-0.0000	20.9564	1.2825	6.0714	0.1503	0.0040	0.0040	0.0000	0.0035	0.0035	0.0000	0.0004	0.0004	0.0000	0.0000	0.0000	0.0000	0.0000	0.0000	0.0000	0.0000	0.0000	0.0000	0.1409	0.1268	0.0141	0.0611	0.0574	0.0037	0.0797	0.0693	0.0104	0.0198	0.0118	0.0081	0.0049	0.0045	0.0004	0.0150	0.0073	0.0077	13.7444	9.2095	0.0449	7.0087	6.9120	0.5984	126.1946	inf	0.0000	0.0020	0.0034	0.0001	0.0082	0.0089	0.0000	0.0000	0.0000	0.0001
14	56	0.3983	10	0	1	0	1	0	0	0	0	N	N	N	N	N	N	N	N	N	N	N	N	15.5293	10.4181	5.5507	19.4953	17.9895	1091.3706	6.9491	1.0004	0.9539	0.0131	0.0145	0.0013	0.0270	0.0282	0.0056	0.0041	0.0048	0.0002	0.0008	0.0014	0.0002	0.0014	0.0016	0.0000	0.0006	0.0048	0.0003	0.0108	0.2358	-0.0052	-0.0001	20.9564	14.8542	6.0714	6.8183	0.0189	0.0187	0.0002	0.0153	0.0151	0.0002	0.0036	0.0036	0.0000	0.0002	0.0001	0.0000	0.0001	0.0001	0.0000	0.0001	0.0000	0.0000	1.4474	1.2964	0.1510	0.5671	0.5366	0.0305	0.8803	0.7598	0.1205	0.3147	0.1862	0.1285	0.0804	0.0709	0.0094	0.2343	0.1152	0.1190	25.4183	20.5310	5.5507	19.4953	17.9895	1091.3706	19.0959	27.5166	0.9539	0.0005	0.0007	0.0002	0.0014	0.0016	0.0000	0.0002	0.0002	0.0003
14	57	0.3234	9	0	1	0	1	0	0	0	0	N	N	N	N	N	N	N	N	N	N	N	N	3.0693	0.8963	1226.1797	1.8182	1.4225	47948.9820	230.5911	23.5523	101.0443	0.2966	0.3008	0.2599	0.4696	0.4253	1.2006	0.1974	0.2235	0.0223	0.0966	0.3356	0.0002	0.2583	0.2990	0.0000	0.0009	0.0095	0.0002	0.0995	0.0089	-0.1806	-0.0037	20.9564	33.5853	6.0714	9.3450	0.9186	0.8355	0.0832	0.5302	0.4527	0.0775	0.3885	0.3828	0.0057	0.0059	0.0059	0.0001	0.0058	0.0058	0.0000	0.0001	0.0001	0.0001	3.0970	2.7771	0.3199	1.1289	1.0644	0.0645	1.9682	1.7127	0.2554	0.5473	0.3010	0.2463	0.0970	0.0864	0.0106	0.4503	0.2145	0.2357	27.3115	15.3695	1226.1797	7.8370	6.3254	47948.9820	677.0968	604.4931	101.0443	0.0109	0.0196	0.0002	0.0599	0.0672	0.0000	0.0003	0.0004	0.0002
14	58	0.3026	8	0	1	0	0	0	0	0	0	N	N	N	N	N	N	N	N	N	N	N	N	1.2853	0.8234	176.8076	19.8141	13.3249	19425.4935	1.1080	0.4888	20.5571	0.4683	0.4700	0.4540	0.4209	0.3229	2.3704	0.4960	0.5641	0.0544	0.3644	0.5707	0.0026	0.0212	0.0242	0.0001	0.4476	1.1541	0.0026	0.1099	0.0517	-0.1460	-0.0038	20.9564	15.2419	6.0714	2.5705	0.7762	0.6993	0.0768	0.2567	0.1875	0.0692	0.5195	0.5118	0.0076	0.0066	0.0062	0.0003	0.0006	0.0006	0.0000	0.0059	0.0056	0.0003	1.6573	1.4880	0.1693	0.6099	0.5807	0.0292	1.0474	0.9073	0.1401	0.2681	0.1424	0.1257	0.0517	0.0478	0.0040	0.2163	0.0946	0.1217	19.1185	10.7178	176.8076	34.0090	24.1061	19425.4935	18.1036	9.5249	20.5571	0.0245	0.0439	0.0026	0.0124	0.0134	0.0001	0.0274	0.0592	0.0026
14	59	0.5687	10	0	1	0	1	0	0	0	0	N	N	N	N	N	N	N	N	N	N	N	N	0.0000	0.0000	0.0000	0.0000	0.0000	0.0000	0.0000	0.0000	0.0000	0.0000	0.0000	0.0000	0.0000	0.0000	0.0000	0.0000	0.0000	0.0000	0.0000	0.0000	20.9564	0.0000	6.0714	0.0000	0.0000	0.0000	0.0000	0.0000	0.0000	0.0000	0.0000	0.0000	0.0000	0.0000	0.0000	0.0000	0.0000	0.0000	0.0000	0.0000	0.0000	0.0000	0.0000	0.0000	0.0000	0.0000	0.0000	0.0000	0.0000	0.0000	0.0000	0.0000	0.0000	0.0000	0.0000	0.0000	0.0000	0.0000	0.0000	0.0000	0.0000	0.0000	0.0000	0.0000	0.0000	0.0000	0.0000	0.0000	0.0000	0.0000	0.0000	0.0000	0.0000	0.0000	0.0000	0.0000	0.0000	0.0000											
14	60	0.4913	9	0	1	0	1	0	0	0	0	N	N	N	N	N	N	N	N	N	N	N	N	1.1898	0.9853	0.0327	0.0249	0.0220	0.0261	1.7939	0.9191	0.0000	0.6676	0.7437	0.0000	0.0079	0.0083	0.0000	1.0270	1.1830	0.0000	0.5611	0.7547	0.0001	0.3167	0.3770	0.0008	0.5725	1.2871	0.0000	0.0000	0.0009	-0.2707	-0.0089	20.9564	19.3360	6.0714	7.9957	0.9427	0.9427	0.0000	0.0039	0.0039	0.0000	0.9388	0.9388	0.0000	0.0142	0.0142	0.0000	0.0062	0.0062	0.0000	0.0081	0.0081	0.0000	1.4122	1.2677	0.1445	0.4980	0.4741	0.0239	0.9142	0.7936	0.1206	0.2946	0.1773	0.1173	0.0911	0.0781	0.0130	0.2035	0.0992	0.1043	13.8028	9.2625	0.0327	0.1164	0.1051	0.0261	25.8524	14.5178	0.0000	0.0484	0.0803	0.0001	0.0677	0.0788	0.0008	0.0397	0.0815	0.0000
14	61	0.0690	3	0	2	1	0	0	0	0	0	N	Y	N	N	N	N	N	N	N	N	N	N	0.0093	0.0028	8747.7977	0.0116	0.0119	0.6215	2387.4663	0.0002	11070.5702	0.0046	0.0021	0.0210	0.0333	0.0343	0.0008	0.0029	0.0000	0.0213	0.4936	0.7439	0.0000	2.8857	2.8799	0.0012	0.0000	0.0001	0.0000	1.5007	0.0000	0.0017	-0.0112	20.9564	14.2360	6.0714	11.9336	0.0055	0.0022	0.0033	0.0022	0.0022	0.0000	0.0033	0.0000	0.0033	0.0178	0.0178	0.0000	0.0178	0.0178	0.0000	0.0000	0.0000	0.0000	1.1923	1.0363	0.1561	0.0656	0.0638	0.0018	1.1267	0.9724	0.1543	0.4653	0.2293	0.2360	0.0099	0.0098	0.0001	0.4554	0.2195	0.2359	0.1201	0.0272	8747.7977	0.0186	0.0189	0.6215	2387.4663	0.0470	11070.5702	0.0382	0.0775	0.0000	1.7949	1.8116	0.0012	0.0000	0.0000	0.0000
14	62	0.2898	9	1	1	1	0	0	0	0	0	N	N	N	N	N	N	N	N	N	N	N	N	20047.7776	6402.8289	814980.1177	1288.1431	1293.5149	3.9556	507183.0910	123957.9892	981746.7495	2.1992	1.4803	7.3593	1.9630	2.1057	0.0003	2.2609	1.3037	8.3143	0.0001	0.0002	0.0000	0.0015	0.0016	0.0001	0.0000	0.0000	0.0000	0.6926	0.0423	0.6015	-0.0000	20.9564	28.8660	6.0714	13.2209	4.9279	2.9114	2.0165	0.9118	0.9118	0.0000	4.0160	1.9996	2.0165	0.0001	0.0001	0.0000	0.0001	0.0001	0.0000	0.0000	0.0000	0.0000	2.2408	1.9668	0.2740	0.4645	0.4330	0.0315	1.7763	1.5338	0.2425	0.5708	0.2893	0.2815	0.0395	0.0369	0.0026	0.5313	0.2524	0.2789	20047.7776	7129.0373	814980.1177	1288.1431	1293.5149	3.9556	507183.0910	49117818.0907	981746.7495	0.0001	0.0002	0.0000	0.0015	0.0016	0.0001	0.0000	0.0000	0.0000
14	63	0.2871	8	1	2	0	0	0	0	0	0	N	Y	N	N	N	N	N	N	N	N	N	N	0.0003	0.0000	4.6722	0.0004	0.0000	1121.0806	0.0002	0.0000	0.0087	0.0000	0.0000	0.0002	0.0001	0.0000	0.0016	0.0000	0.0000	0.0000	0.0941	0.3464	0.0000	0.2610	0.2887	0.0000	0.0002	0.0040	0.0000	inf	0.0019	0.0000	-0.0013	20.9564	5.0237	6.0714	8.0282	0.0000	0.0000	0.0000	0.0000	0.0000	0.0000	0.0000	0.0000	0.0000	0.0021	0.0021	0.0000	0.0021	0.0021	0.0000	0.0000	0.0000	0.0000	0.3997	0.3530	0.0467	0.0945	0.0887	0.0058	0.3052	0.2643	0.0409	0.1998	0.1043	0.0954	0.0352	0.0321	0.0031	0.1646	0.0722	0.0923	0.0022	0.0000	4.6722	0.0017	0.0000	1121.0806	0.0006	0.0000	0.0087	0.0107	0.0204	0.0000	0.0602	0.0661	0.0000	0.0001	0.0001	0.0000
14	64	0.2241	7	1	2	0	0	0	0	0	0	N	Y	N	N	N	N	N	N	N	N	N	N	0.0000	0.0000	0.0000	0.0000	0.0000	0.0000	0.0000	0.0000	0.0000	0.0000	0.0000	0.0000	0.0000	0.0000	0.0000	0.0000	0.0000	0.0000	1.9908	3.8504	0.0003	16.7232	18.7580	0.0003	0.0007	0.0041	0.0003	0.0000	0.0001	-0.0000	-0.6256	20.9564	17.5893	6.0714	19.0270	0.0000	0.0000	0.0000	0.0000	0.0000	0.0000	0.0000	0.0000	0.0000	0.9957	0.9957	0.0001	0.9956	0.9956	0.0000	0.0001	0.0000	0.0001	1.4686	1.2947	0.1739	0.3499	0.3230	0.0268	1.1187	0.9717	0.1470	0.5002	0.2586	0.2416	0.0595	0.0531	0.0065	0.4406	0.2055	0.2351	0.0000	0.0000	0.0000	0.0000	0.0000	0.0000	0.0000	0.0000	0.0000	1.9908	3.8504	0.0003	16.7232	18.7580	0.0003	0.0002	0.0001	0.0003
14	65	0.2178	6	0	2	0	0	0	0	0	0	N	Y	N	N	N	N	N	N	N	N	N	N	0.0011	0.0005	0.0004	0.0041	0.0047	0.0001	0.0000	0.0000	0.0000	0.0001	0.0001	0.0000	0.0005	0.0005	0.0000	0.0000	0.0000	0.0000	0.1030	0.2538	0.0025	0.1145	0.1052	0.1021	0.0025	0.0057	0.0012	0.0008	0.0838	-0.0000	-0.0007	20.9564	1.7566	6.0714	2.8742	0.0000	0.0000	0.0000	0.0000	0.0000	0.0000	0.0000	0.0000	0.0000	0.0013	0.0012	0.0001	0.0012	0.0012	0.0001	0.0001	0.0000	0.0000	0.1690	0.1503	0.0187	0.0429	0.0408	0.0021	0.1261	0.1094	0.0166	0.1147	0.0748	0.0399	0.0315	0.0307	0.0008	0.0832	0.0441	0.0391	0.0106	0.0084	0.0004	0.0121	0.0129	0.0001	0.0000	0.0000	0.0000	0.0111	0.0158	0.0025	0.0386	0.0380	0.0625	0.0007	0.0002	0.0012
14	66	0.0690	3	0	2	0	0	0	0	0	0	N	Y	N	N	N	N	N	N	N	N	N	N	979.1424	2593.7579	20.1677	0.2024	0.2766	0.0012	779.0672	82059.8527	22.8227	0.5836	0.6690	0.0121	0.0022	0.0023	0.0005	0.6127	0.7061	0.0122	0.0006	0.0003	0.0006	0.0109	0.0081	0.4308	0.0008	0.0000	0.0005	0.0027	2.7171	-0.2846	0.0000	20.9564	21.1811	6.0714	10.1862	1.0005	0.9978	0.0027	0.0002	0.0002	0.0000	1.0003	0.9976	0.0027	0.0002	0.0001	0.0002	0.0001	0.0001	0.0000	0.0001	0.0000	0.0001	1.7141	1.4915	0.2226	0.0814	0.0788	0.0026	1.6327	1.4127	0.2200	0.5480	0.2699	0.2781	0.0104	0.0103	0.0001	0.5375	0.2596	0.2780	1402.0950	2941.9104	20.1677	0.2894	0.3788	0.0031	2210.5075	34580978.4259	22.8227	0.0004	0.0002	0.0006	0.0076	0.0059	0.1695	0.0003	0.0000	0.0005
14	67	0.0552	2	0	2	0	0	0	0	0	0	N	Y	N	N	N	N	N	N	N	N	N	N	10.1778	1.1920	346.3291	0.1252	0.1268	inf	23.1677	0.5635	347.3406	0.0435	0.0102	0.2670	0.1187	0.1194	0.0562	0.0397	0.0039	0.2679	0.0043	0.0085	0.0008	0.9485	0.9418	0.0000	0.0017	0.0068	0.0008	3.9081	0.3020	0.0146	-0.0001	20.9564	7.4253	6.0714	0.9851	0.0287	0.0058	0.0228	0.0038	0.0038	0.0000	0.0249	0.0021	0.0228	0.0003	0.0002	0.0001	0.0002	0.0002	0.0000	0.0001	0.0000	0.0001	0.6595	0.5740	0.0855	0.0318	0.0314	0.0003	0.6277	0.5425	0.0852	0.1541	0.0757	0.0783	0.0010	0.0010	0.0000	0.1531	0.0748	0.0783	25.7345	3.8560	346.3291	0.6408	0.6349	inf	75.6277	14.4515	347.3406	0.0017	0.0026	0.0008	0.1853	0.1880	0.0000	0.0005	0.0003	0.0008
14	68	0.3707	9	0	1	1	0	0	0	0	0	N	N	N	N	N	N	N	N	N	N	N	N	3879.7291	1669.5888	123.6098	87.7696	83.6263	164.9658	664951.8539	inf	16.3723	1.1346	1.2650	0.0007	0.0895	0.0939	0.0037	1.7294	1.9974	0.0001	0.0003	0.0008	0.0000	0.0010	0.0011	0.0000	0.0000	0.0000	0.0000	0.0001	0.0096	-0.4959	-0.0001	20.9564	15.0354	6.0714	6.2061	1.7273	1.7272	0.0001	0.0494	0.0493	0.0001	1.6779	1.6779	0.0000	0.0001	0.0001	0.0000	0.0001	0.0001	0.0000	0.0000	0.0000	0.0000	1.5224	1.3654	0.1570	0.5522	0.5253	0.0269	0.9702	0.8401	0.1302	0.3482	0.1963	0.1520	0.0884	0.0802	0.0083	0.2598	0.1161	0.1437	4348.4512	2758.5659	123.6098	87.7696	83.6263	164.9658	664951.8539	inf	16.3723	0.0003	0.0005	0.0000	0.0010	0.0011	0.0000	0.0000	0.0000	0.0000
14	69	0.3026	8	0	1	0	0	0	0	0	0	N	N	N	N	N	N	N	N	N	N	N	N	171.0594	74.9094	1578.1509	132.3661	109.9306	393356.4608	234.5054	32.2073	173.7156	0.5531	0.5815	0.3125	1.5236	1.5087	1.7952	0.0969	0.1062	0.0355	0.0032	0.0078	0.0002	0.0115	0.0137	0.0000	0.0004	0.0033	0.0002	0.0634	0.0738	-0.3184	-0.0004	20.9564	27.6811	6.0714	13.1592	1.3994	1.3160	0.0834	1.2326	1.1571	0.0754	0.1668	0.1588	0.0080	0.0007	0.0007	0.0000	0.0006	0.0006	0.0000	0.0001	0.0000	0.0000	2.5300	2.2630	0.2670	0.8090	0.7670	0.0420	1.7210	1.4960	0.2250	0.5257	0.2770	0.2487	0.0821	0.0738	0.0083	0.4436	0.2032	0.2404	405.9881	241.4913	1578.1509	193.2319	172.1067	393356.4608	621.5664	1079.5367	173.7156	0.0014	0.0024	0.0002	0.0079	0.0088	0.0000	0.0002	0.0001	0.0002
14	70	0.2678	7	0	1	0	0	0	0	0	0	N	N	N	N	N	N	N	N	N	N	N	N	69.7457	14.0923	5490.3656	68.8660	55.9189	2156.1910	61.7115	0.7044	5607.0064	1.0120	0.7355	3.3182	1.9207	1.7850	4.5437	0.5972	0.2099	3.1121	0.0145	0.0522	0.0006	0.0279	0.0319	0.0021	0.0097	0.2980	0.0006	0.5408	0.0649	0.1221	-0.0009	20.9564	19.6565	6.0714	4.0504	1.9130	1.2416	0.6714	1.1378	1.0055	0.1323	0.7752	0.2361	0.5391	0.0016	0.0015	0.0001	0.0010	0.0009	0.0000	0.0006	0.0006	0.0001	1.8904	1.6881	0.2023	0.5924	0.5633	0.0291	1.2980	1.1248	0.1732	0.3566	0.1962	0.1604	0.0628	0.0577	0.0051	0.2938	0.1385	0.1553	226.8647	96.6047	5490.3656	126.5183	109.2700	2156.1910	275.2206	52.7347	5607.0064	0.0045	0.0076	0.0006	0.0152	0.0163	0.0021	0.0022	0.0040	0.0006
14	71	0.0584	3	1	2	0	0	0	0	0	0	N	Y	N	N	N	N	N	N	N	N	N	N	1.5262	inf	0.0162	498.9420	inf	0.0074	1.3019	inf	0.0176	1.2568	1.4264	0.0302	1.8306	1.8850	0.0057	1.2104	1.3851	0.0306	0.8234	0.0000	1.8628	0.0037	0.0000	0.7705	0.9297	0.0000	1.7438	0.0029	inf	-0.5460	0.0196	20.9564	17.5448	6.0714	6.0013	1.9210	1.9154	0.0056	0.2092	0.2092	0.0000	1.7118	1.7062	0.0056	0.0526	0.0000	0.0526	0.0000	0.0000	0.0000	0.0526	0.0000	0.0526	1.5286	1.3428	0.1857	0.1143	0.1110	0.0033	1.4143	1.2318	0.1824	0.4064	0.1998	0.2066	0.0029	0.0029	0.0000	0.4035	0.1969	0.2065	9.7014	inf	0.1185	522.9396	inf	0.0232	9.2784	inf	0.1202	0.1295	0.0000	0.2549	0.0035	0.0000	0.2460	0.1305	0.0000	0.2549
14	72	0.1268	6	1	2	1	0	0	0	0	0	N	Y	N	N	N	N	N	N	N	N	N	N	9.8633	30.3166	inf	inf	4.4283	29.9101	0.0001	0.0000	0.0008	0.0000	0.0000	0.0007	0.0001	0.0000	0.0008	0.0000	0.0000	0.0000	0.0000	0.0000	0.0000	0.0000	0.0000	0.0000	inf	inf	0.0000	0.0000	20.9564	1.8980	6.0714	2.9698	0.0000	0.0000	0.0000	0.0000	0.0000	0.0000	0.0000	0.0000	0.0000	0.0000	0.0000	0.0000	0.0000	0.0000	0.0000	0.0000	0.0000	0.0000	0.1709	0.1492	0.0218	0.0199	0.0194	0.0005	0.1510	0.1298	0.0213	0.1249	0.0761	0.0489	0.0270	0.0261	0.0009	0.0979	0.0499	0.0480	9.8633	0.0000	30.3166	inf	0.0000	inf	8.5924	0.0000	29.9101	0.0000	0.0000	0.0000	0.0000	0.0000	0.0000	0.0000	0.0000	0.0000			
14	73	0.1072	5	1	1	1	0	0	0	0	0	N	N	N	N	N	N	N	N	N	N	N	N	1.4435	0.0956	114.2457	0.0863	0.0655	20.6522	8.5507	0.4741	121.5407	0.0157	0.0021	0.1552	0.0032	0.0026	0.0347	0.0221	0.0019	0.1648	0.0109	0.0221	0.0014	0.0370	0.0392	0.0017	0.0026	0.0039	0.0014	7.1672	0.1917	0.0056	-0.0003	20.9564	3.5853	6.0714	4.3819	0.0095	0.0012	0.0083	0.0006	0.0005	0.0001	0.0088	0.0007	0.0082	0.0006	0.0005	0.0001	0.0005	0.0005	0.0000	0.0001	0.0000	0.0001	0.6028	0.5492	0.0536	0.2032	0.1992	0.0039	0.3996	0.3499	0.0497	0.1731	0.1016	0.0715	0.0272	0.0266	0.0006	0.1458	0.0750	0.0708	4.5105	0.4240	114.2457	0.1747	0.1375	20.6522	30.4130	13.9366	121.5407	0.0035	0.0050	0.0014	0.0183	0.0187	0.0017	0.0007	0.0001	0.0014
14	74	0.0757	4	1	1	1	0	0	0	0	0	N	N	N	N	N	N	N	N	N	N	N	N	438.6483	276.9922	3177.8882	54.2046	5.0965	313.5042	380.5491	32.8642	3014.3862	1.5907	1.2954	3.9846	0.4443	0.0381	15.5449	1.8000	1.5510	3.5424	0.0036	0.0047	0.0013	0.0082	0.0075	0.0496	0.0047	0.0472	0.0012	0.3794	0.6345	-0.0228	-0.0001	20.9564	12.3589	6.0714	7.3592	1.8834	1.3654	0.5180	0.0812	0.0068	0.0744	1.8022	1.3586	0.4435	0.0005	0.0003	0.0002	0.0001	0.0001	0.0000	0.0004	0.0002	0.0002	1.1840	1.0540	0.1300	0.1828	0.1780	0.0048	1.0012	0.8760	0.1252	0.3614	0.1945	0.1669	0.0218	0.0214	0.0004	0.3396	0.1731	0.1665	1066.5004	764.0996	3177.8882	72.7874	6.8397	406.6873	1504.9963	1275.3750	3014.3862	0.0015	0.0017	0.0013	0.0061	0.0056	0.0382	0.0012	0.0012	0.0012
14	75	0.0584	3	1	1	1	0	0	0	0	0	N	N	N	N	N	N	N	N	N	N	N	N	2599.1785	583.6723	277753.6112	24.3562	19.5623	2565.4340	5421.4498	160.8751	289886.4177	0.9801	0.6554	3.4325	1.9370	1.5060	22.2577	0.8678	0.5433	3.0745	0.0004	0.0011	0.0000	0.0795	0.0770	0.0087	0.0002	0.0034	0.0000	0.6932	0.0210	0.1163	-0.0000	20.9564	10.2127	6.0714	1.0234	0.9512	0.5618	0.3894	0.1975	0.1503	0.0471	0.7537	0.4114	0.3423	0.0001	0.0001	0.0000	0.0001	0.0000	0.0000	0.0000	0.0000	0.0000	0.9705	0.8571	0.1134	0.1019	0.0998	0.0021	0.8686	0.7572	0.1113	0.2002	0.0983	0.1019	0.0016	0.0016	0.0000	0.1986	0.0967	0.1019	3210.6322	1076.7557	277753.6112	61.7934	47.5946	2565.4340	15586.0984	5268.7392	289886.4177	0.0003	0.0006	0.0000	0.0313	0.0316	0.0087	0.0001	0.0001	0.0000
14	76	0.0552	2	1	1	0	0	0	0	0	0	N	N	N	N	N	N	N	N	N	N	N	N	1043.1444	2245.0699	5184.2012	10.1122	9.7657	70.7977	685.7396	inf	5203.4600	0.8409	0.3309	4.3041	0.1904	0.1912	0.0637	0.8981	0.3450	4.3200	0.0008	0.0001	0.0008	0.0188	0.0196	0.0009	0.0013	0.0000	0.0008	1.9161	5.8335	0.1113	0.0000	20.9564	3.7027	6.0714	0.0091	0.3010	0.1032	0.1978	0.0055	0.0055	0.0000	0.2955	0.0977	0.1977	0.0000	0.0000	0.0000	0.0000	0.0000	0.0000	0.0000	0.0000	0.0000	0.3579	0.3119	0.0459	0.0289	0.0287	0.0002	0.3290	0.2832	0.0458	0.0688	0.0338	0.0350	0.0004	0.0004	0.0000	0.0684	0.0334	0.0350	1699.7194	2245.0699	5184.2012	16.8474	16.6871	70.7977	2113.1997	inf	5203.4600	0.0005	0.0001	0.0008	0.0113	0.0115	0.0009	0.0004	0.0000	0.0008
14	79	0.2178	6	0	2	0	0	0	0	0	0	N	Y	N	N	N	N	N	N	N	N	N	N	3899.1532	2.1811	21630.5727	0.6296	2.0787	0.0000	1832941.3926	7176141.7624	0.5416	0.0002	4.6124	0.0007	0.0008	0.0000	0.6788	0.0000	5.1697	0.0001	0.0001	0.0002	0.0011	0.0004	0.0087	0.0000	0.0000	0.0000	3703.5185	2.4227	0.7127	0.0000	20.9564	23.9173	6.0714	17.8091	1.0002	0.0003	0.9999	0.0003	0.0003	0.0000	0.9999	0.0000	0.9999	0.0001	0.0000	0.0001	0.0001	0.0000	0.0001	0.0000	0.0000	0.0000	1.8466	1.6298	0.2168	0.3735	0.3502	0.0234	1.4731	1.2797	0.1934	0.5700	0.3072	0.2628	0.0688	0.0624	0.0064	0.5012	0.2448	0.2564	3899.1532	2.1997	21630.5727	0.6296	2.0787	0.0000	1832941.3926	0.0000	7176141.7624	0.0001	0.0001	0.0002	0.0011	0.0004	0.0087	0.0000	0.0000	0.0000	
14	80	0.2017	5	0	2	0	0	0	0	0	0	N	Y	N	N	N	N	N	N	N	N	N	N	0.1665	0.0752	1.5849	0.1960	0.2052	0.0000	0.2200	2.0314	0.0001	0.0001	0.0003	0.0004	0.0005	0.0000	0.0001	0.0000	0.0004	0.0007	0.0012	0.0002	0.0023	0.0023	0.0015	0.0002	0.0000	0.0002	0.4999	0.2297	0.0000	-0.0000	20.9564	6.1279	6.0714	3.6878	0.0001	0.0000	0.0000	0.0000	0.0000	0.0000	0.0000	0.0000	0.0000	0.0001	0.0001	0.0000	0.0001	0.0001	0.0000	0.0000	0.0000	0.0000	0.4864	0.4280	0.0584	0.0896	0.0841	0.0055	0.3968	0.3439	0.0529	0.1713	0.1019	0.0694	0.0297	0.0281	0.0015	0.1416	0.0738	0.0678	0.2634	0.1460	1.5849	0.1960	0.2052	0.0000	0.5654	0.0000	2.0314	0.0005	0.0006	0.0002	0.0023	0.0023	0.0015	0.0001	0.0000	0.0002	
14	81	0.2898	9	1	1	1	0	0	0	0	0	N	N	N	N	N	N	N	N	N	N	N	N	556.9116	337.6153	0.0000	220.2826	222.1125	0.0000	2.4871	16.7019	0.0000	0.0722	0.0823	0.0000	0.3448	0.3699	0.0000	0.0001	0.0001	0.0000	0.0001	0.0002	0.0000	0.0016	0.0017	0.0001	0.0000	0.0000	0.0000	0.0000	0.1827	-0.0446	-0.0000	20.9564	27.2690	6.0714	12.3406	0.1554	0.1554	0.0000	0.1552	0.1552	0.0000	0.0002	0.0002	0.0000	0.0001	0.0001	0.0000	0.0001	0.0001	0.0000	0.0000	0.0000	0.0000	2.1508	1.8875	0.2633	0.4501	0.4196	0.0305	1.7007	1.4679	0.2328	0.5461	0.2770	0.2691	0.0385	0.0360	0.0025	0.5076	0.2411	0.2666	556.9116	380.7582	0.0000	220.2826	222.1125	0.0000	4.8062	9050.8271	0.0000	0.0001	0.0002	0.0000	0.0016	0.0017	0.0001	0.0000	0.0000	0.0000
14	82	0.2744	8	0	1	0	0	0	0	0	0	N	N	N	N	N	N	N	N	N	N	N	N	4.3491	1.0032	263.8787	1.0142	1.0277	212.3758	5.4313	0.0146	316.7339	0.3039	0.3361	0.0388	0.9222	0.9811	0.0018	0.0064	0.0003	0.0469	0.0699	0.3350	0.0001	0.9092	0.9546	0.0000	0.0012	0.0184	0.0001	0.0140	0.0078	-0.0747	-0.0008	20.9564	9.0798	6.0714	0.9519	0.2732	0.2694	0.0038	0.2693	0.2692	0.0000	0.0039	0.0001	0.0037	0.0013	0.0013	0.0000	0.0013	0.0013	0.0000	0.0001	0.0000	0.0000	0.8988	0.8016	0.0973	0.2920	0.2744	0.0176	0.6068	0.5271	0.0797	0.1385	0.0682	0.0703	0.0073	0.0068	0.0006	0.1312	0.0615	0.0697	31.3667	17.2090	263.8787	5.2458	5.1279	212.3758	16.6797	0.4115	316.7339	0.0097	0.0195	0.0001	0.1758	0.1913	0.0000	0.0004	0.0007	0.0001
14	83	0.2017	5	0	2	0	0	0	0	0	0	N	Y	N	N	N	N	N	N	N	N	N	N	5747.4230	3341.3602	0.0000	0.1068	0.1032	49635144.5133	inf	0.0000	0.6278	0.7125	0.0000	0.0001	0.0001	0.0000	0.7675	0.8839	0.0000	0.0001	0.0002	0.0000	0.0010	0.0011	0.0000	0.0000	0.0000	0.0000	0.0000	0.0001	-0.2897	-0.0000	20.9564	21.0000	6.0714	14.4214	1.0088	1.0088	0.0000	0.0000	0.0000	0.0000	1.0088	1.0088	0.0000	0.0001	0.0001	0.0000	0.0001	0.0001	0.0000	0.0000	0.0000	0.0000	1.6067	1.4158	0.1909	0.2924	0.2745	0.0179	1.3143	1.1413	0.1730	0.4962	0.2675	0.2287	0.0564	0.0512	0.0052	0.4397	0.2163	0.2234	5747.4230	3516.8487	0.0000	0.1068	0.1032	0.0000	49635144.5133	inf	0.0000	0.0001	0.0002	0.0000	0.0010	0.0011	0.0000	0.0000	0.0000	0.0000	
14	84	0.2593	9	0	1	1	0	0	0	0	0	N	N	N	N	N	N	N	N	N	N	N	N	2362.0743	1330.7478	0.0000	5.2455	5.8550	0.0000	578171.4845	inf	0.0000	0.6067	0.6848	0.0000	0.0093	0.0098	0.0000	0.7979	0.9195	0.0000	0.0003	0.0005	0.0001	0.0018	0.0017	0.0022	0.0000	0.0000	0.0000	0.0000	0.2706	-0.2881	-0.0000	20.9564	20.4085	6.0714	11.0867	1.0035	1.0035	0.0000	0.0037	0.0037	0.0000	0.9998	0.9998	0.0000	0.0001	0.0001	0.0000	0.0001	0.0001	0.0000	0.0000	0.0000	0.0000	1.6540	1.4653	0.1888	0.4011	0.3780	0.0231	1.2530	1.0872	0.1657	0.4118	0.2117	0.2002	0.0571	0.0475	0.0096	0.3548	0.1642	0.1906	2464.1962	1816.4211	0.0000	5.2455	5.8550	0.0000	578171.4845	inf	0.0000	0.0002	0.0004	0.0001	0.0018	0.0017	0.0022	0.0000	0.0000	0.0000
14	85	0.2556	8	0	1	1	0	0	0	0	0	N	N	N	N	N	N	N	N	N	N	N	N	0.5687	1.1471	0.0000	0.2219	0.5590	0.0000	57.3915	inf	0.0000	0.0004	0.0004	0.0000	0.0005	0.0006	0.0000	0.0003	0.0004	0.0000	0.0007	0.0004	0.0006	0.0024	0.0010	0.0128	0.0000	0.0000	0.0000	0.0000	1.7622	-0.0000	0.0000	20.9564	3.1287	6.0714	1.1816	0.0001	0.0001	0.0000	0.0001	0.0001	0.0000	0.0001	0.0001	0.0000	0.0000	0.0000	0.0000	0.0000	0.0000	0.0000	0.0000	0.0000	0.0000	0.3428	0.3072	0.0356	0.1133	0.1084	0.0049	0.2296	0.1988	0.0307	0.0676	0.0372	0.0304	0.0123	0.0109	0.0015	0.0553	0.0264	0.0289	0.8582	1.4568	0.0000	0.2219	0.5590	0.0000	57.3915	inf	0.0000	0.0004	0.0003	0.0006	0.0024	0.0010	0.0128	0.0000	0.0000	0.0000
14	86	0.2487	7	0	1	0	0	0	0	0	0	N	N	N	N	N	N	N	N	N	N	N	N	0.0004	0.0000	6.4737	0.0000	0.0000	0.0000	0.6513	0.0000	187.4405	0.0002	0.0000	0.0015	0.0000	0.0000	0.0000	0.0002	0.0000	0.0017	0.3682	0.5835	0.0002	0.7585	0.8077	0.0049	0.0003	0.0065	0.0000	inf	0.0042	0.0000	-0.0016	20.9564	4.0532	6.0714	2.2470	0.0001	0.0000	0.0001	0.0000	0.0000	0.0000	0.0001	0.0000	0.0001	0.0026	0.0026	0.0000	0.0026	0.0025	0.0000	0.0000	0.0000	0.0000	0.3709	0.3310	0.0400	0.1022	0.0970	0.0052	0.2687	0.2340	0.0347	0.1015	0.0556	0.0459	0.0181	0.0160	0.0021	0.0833	0.0395	0.0438	0.0064	0.0000	6.4737	0.0000	0.0000	0.0000	1.7899	0.0000	187.4405	0.0253	0.0460	0.0002	0.1411	0.1588	0.0049	0.0001	0.0003	0.0000
14	87	0.2255	6	0	1	0	0	0	0	0	0	N	N	N	N	N	N	N	N	N	N	N	N	0.0001	0.0001	0.0016	0.0000	0.0000	0.0000	0.0001	0.0000	0.0268	0.0003	0.0004	0.0000	0.0009	0.0010	0.0000	0.0000	0.0000	0.0000	3.6832	6.2967	0.0004	18.6358	19.8157	0.0145	0.0015	0.0316	0.0000	0.0002	0.0000	-0.0000	-0.6161	20.9564	4.7288	6.0714	9.8540	0.0002	0.0002	0.0000	0.0002	0.0002	0.0000	0.0000	0.0000	0.0000	0.9806	0.9806	0.0000	0.9805	0.9805	0.0000	0.0001	0.0001	0.0000	0.4886	0.4392	0.0494	0.1826	0.1739	0.0087	0.3060	0.2653	0.0408	0.2662	0.1557	0.1105	0.0526	0.0495	0.0031	0.2136	0.1063	0.1074	0.0001	0.0001	0.0016	0.0000	0.0000	0.0000	0.0002	0.0000	0.0268	3.6832	6.2967	0.0004	18.6358	19.8157	0.0145	0.0005	0.0009	0.0000
14	88	0.2017	5	0	1	0	0	0	0	0	0	N	N	N	N	N	N	N	N	N	N	N	N	0.0005	0.0004	0.2478	0.0010	0.0010	0.2602	0.0000	0.0000	0.0000	0.0003	0.0003	0.0001	0.0017	0.0017	0.0013	0.0000	0.0000	0.0000	0.6467	0.8825	0.0005	1.7038	1.6911	0.0050	0.0007	0.0031	0.0004	0.0500	0.0034	-0.0001	-0.0099	20.9564	8.6320	6.0714	7.0881	0.0002	0.0002	0.0000	0.0002	0.0002	0.0000	0.0000	0.0000	0.0000	0.0159	0.0159	0.0001	0.0159	0.0159	0.0000	0.0001	0.0000	0.0000	0.6808	0.5992	0.0816	0.1251	0.1174	0.0077	0.5558	0.4818	0.0739	0.2495	0.1417	0.1078	0.0362	0.0338	0.0024	0.2133	0.1079	0.1054	0.0048	0.0030	0.2478	0.0038	0.0036	0.2602	0.0000	0.0000	0.0000	0.0638	0.1120	0.0005	0.4385	0.4696	0.0050	0.0002	0.0001	0.0004
14	89	0.2695	7	0	2	0	0	0	0	0	0	N	Y	N	N	N	N	N	N	N	N	N	N	999.6355	237.2064	76881.5966	0.5823	0.5279	0.0000	16603.9952	90414.2612	87436.3688	1.4730	0.8290	6.7102	0.0038	0.0040	0.0000	2.0860	1.2053	7.8125	0.0015	0.0035	0.0001	0.0065	0.0075	0.0000	0.0001	0.0000	0.0001	0.9953	0.0545	0.4236	-0.0001	20.9564	15.4622	6.0714	5.2688	2.0010	1.0028	0.9981	0.0015	0.0015	0.0000	1.9995	1.0013	0.9981	0.0002	0.0002	0.0000	0.0002	0.0002	0.0000	0.0000	0.0000	0.0000	1.3584	1.2097	0.1487	0.3999	0.3789	0.0210	0.9585	0.8308	0.1278	0.2868	0.1550	0.1318	0.0415	0.0378	0.0037	0.2453	0.1172	0.1281	1897.6652	608.6462	76881.5966	0.7396	0.7113	0.0000	44689.6128	32855170.0742	87436.3688	0.0008	0.0014	0.0001	0.0051	0.0056	0.0000	0.0000	0.0000	0.0001
14	90	0.2577	6	0	1	0	0	0	0	0	0	N	N	N	N	N	N	N	N	N	N	N	N	340.5275	418.2979	12.0009	10.0854	9.9089	0.0787	290.2976	32.5028	13.7168	1.3183	1.4678	0.0220	0.0107	0.0112	0.0000	1.9542	2.2398	0.0262	0.0039	0.0035	0.0018	0.0011	0.0011	0.0003	0.0067	0.0689	0.0019	0.0017	0.9657	-0.2857	-0.0000	20.9564	7.5917	6.0714	1.5198	1.0011	0.9994	0.0017	0.0027	0.0026	0.0000	0.9985	0.9968	0.0017	0.0002	0.0001	0.0001	0.0000	0.0000	0.0000	0.0002	0.0001	0.0001	0.7594	0.6809	0.0785	0.2484	0.2359	0.0126	0.5110	0.4450	0.0659	0.1593	0.0927	0.0666	0.0354	0.0324	0.0031	0.1238	0.0603	0.0635	844.2065	1075.3585	12.0009	10.0854	9.9089	0.0787	1145.5392	1504.2458	13.7168	0.0016	0.0014	0.0018	0.0011	0.0011	0.0003	0.0017	0.0015	0.0019
14	91	0.3669	10	1	1	1	0	0	0	0	0	N	N	N	N	N	N	N	N	N	N	N	N	inf	inf	inf	inf	inf	inf	0.0155	0.0175	0.0000	0.0003	0.0003	0.0000	0.0210	0.0243	0.0000	0.0000	0.0000	0.0000	0.0000	0.0000	0.0000	0.0000	0.0000	0.0000	0.0000	-0.0011	0.0000	20.9564	3.0317	6.0714	0.1644	0.0037	0.0037	0.0000	0.0000	0.0000	0.0000	0.0037	0.0037	0.0000	0.0000	0.0000	0.0000	0.0000	0.0000	0.0000	0.0000	0.0000	0.0000	0.2399	0.2127	0.0272	0.0643	0.0606	0.0036	0.1757	0.1521	0.0236	0.0415	0.0207	0.0208	0.0028	0.0025	0.0003	0.0388	0.0182	0.0205	inf	inf	0.0000	inf	inf	0.0000	inf	inf	0.0000	0.0000	0.0000	0.0000	0.0000	0.0000	0.0000	0.0000	0.0000	0.0000				
14	92	0.3612	9	1	1	1	0	0	0	0	0	N	N	N	N	N	N	N	N	N	N	N	N	758.5694	8194.8641	229.7921	1329.9977	1691.4354	0.0000	633.5355	inf	273.8082	0.0019	0.0020	0.0011	0.0024	0.0025	0.0000	0.0016	0.0017	0.0013	0.0000	0.0000	0.0000	0.0000	0.0000	0.0000	0.0000	0.0000	0.0000	0.0615	19.0794	-0.0001	0.0000	20.9564	2.6632	6.0714	1.0147	0.0005	0.0005	0.0000	0.0002	0.0002	0.0000	0.0003	0.0003	0.0000	0.0000	0.0000	0.0000	0.0000	0.0000	0.0000	0.0000	0.0000	0.0000	0.2767	0.2497	0.0270	0.0987	0.0945	0.0043	0.1779	0.1552	0.0227	0.0512	0.0264	0.0248	0.0046	0.0043	0.0003	0.0466	0.0220	0.0245	758.5694	8194.8641	229.7921	1329.9977	1691.4354	0.0000	633.5355	inf	273.8082	0.0000	0.0000	0.0000	0.0000	0.0000	0.0000	0.0000	0.0000	0.0000
14	93	0.2779	8	1	1	1	0	0	0	0	0	N	N	N	N	N	N	N	N	N	N	N	N	2168.2745	1124.8722	9102.3309	192.7958	175.9765	802.5940	4969.9337	422325.6001	10177.9610	2.3442	2.2357	3.2093	1.5757	1.6613	0.0106	2.5979	2.4427	3.6265	0.0011	0.0020	0.0004	0.0082	0.0094	0.0000	0.0005	0.0000	0.0004	0.1801	0.3970	-0.9018	-0.0001	20.9564	35.0787	6.0714	12.2568	6.7025	5.6798	1.0227	1.1184	1.1180	0.0004	5.5841	4.5618	1.0223	0.0004	0.0003	0.0001	0.0003	0.0003	0.0000	0.0001	0.0000	0.0001	2.8592	2.5405	0.3187	0.7098	0.6730	0.0368	2.1494	1.8675	0.2819	0.6080	0.3039	0.3040	0.0444	0.0411	0.0033	0.5636	0.2628	0.3007	3777.8462	2516.1079	9102.3309	259.0131	252.7672	802.5940	13663.5427	534814094.1976	10177.9610	0.0006	0.0009	0.0004	0.0061	0.0066	0.0000	0.0002	0.0000	0.0004
14	94	0.2644	7	1	1	0	0	0	0	0	0	N	N	N	N	N	N	N	N	N	N	N	N	13.9520	2.1329	2707.6852	1.2095	0.9586	358000.7683	134.3982	4.4128	3082.5580	1.5757	0.7232	9.1221	0.7819	0.6292	4.2069	1.9354	0.7700	9.8637	0.1129	0.3391	0.0034	0.6465	0.6564	0.0000	0.0144	0.1745	0.0032	1.4250	0.1521	0.4474	-0.0009	20.9564	8.4810	6.0714	2.3446	1.4888	0.6139	0.8749	0.2304	0.1775	0.0529	1.2584	0.4365	0.8220	0.0018	0.0016	0.0002	0.0014	0.0014	0.0000	0.0004	0.0002	0.0002	0.9448	0.8489	0.0959	0.2946	0.2821	0.0126	0.6502	0.5669	0.0833	0.1569	0.0803	0.0766	0.0120	0.0112	0.0008	0.1449	0.0690	0.0758	134.4904	36.3834	2879.6133	6.5777	4.9535	358000.7683	679.7127	312.9584	3082.5580	0.0117	0.0199	0.0032	0.1189	0.1270	0.0000	0.0028	0.0025	0.0032
14	95	0.2017	5	0	2	0	1	0	0	0	0	N	Y	N	N	N	N	N	N	N	N	N	N	8714.0644	5060.8996	0.0000	5124.9264	5298.0533	0.0000	1.0967	1.2443	0.0000	6.0377	6.4311	0.0000	0.0000	0.0000	0.0000	0.0001	0.0002	0.0000	0.0012	0.0012	0.0009	0.0000	0.0000	0.0000	0.0000	0.0794	-0.5742	-0.0000	20.9564	24.0032	6.0714	22.6134	1.9996	1.9996	0.0000	1.9996	1.9996	0.0000	0.0000	0.0000	0.0000	0.0001	0.0001	0.0000	0.0001	0.0001	0.0000	0.0000	0.0000	0.0000	1.8233	1.6071	0.2162	0.3312	0.3109	0.0203	1.4921	1.2962	0.1959	0.6272	0.3346	0.2926	0.0670	0.0603	0.0068	0.5602	0.2744	0.2859	8714.0644	5692.7490	0.0000	5124.9264	5298.0533	0.0000	0.0000	0.0000	0.0000	0.0001	0.0002	0.0000	0.0012	0.0012	0.0009	0.0000	0.0000	0.0000			
14	96	0.4384	7	0	2	0	0	0	0	0	0	N	Y	N	N	N	N	N	N	N	N	N	N	2.9129	2.0840	0.0000	0.4836	0.5531	0.0000	30.3061	inf	0.0000	0.0007	0.0007	0.0000	0.0003	0.0004	0.0000	0.0008	0.0009	0.0000	0.0002	0.0004	0.0001	0.0007	0.0007	0.0012	0.0000	0.0000	0.0000	0.0000	0.2534	-0.0003	-0.0001	20.9564	18.5150	6.0714	10.2301	0.0010	0.0010	0.0000	0.0001	0.0001	0.0000	0.0009	0.0009	0.0000	0.0001	0.0001	0.0000	0.0001	0.0001	0.0000	0.0000	0.0000	0.0000	1.5688	1.3929	0.1759	0.3492	0.3311	0.0181	1.2197	1.0619	0.1578	0.5288	0.3290	0.1998	0.1606	0.1449	0.0157	0.3683	0.1842	0.1841	2.9464	2.5877	0.0000	0.4836	0.5531	0.0000	57.0316	inf	0.0000	0.0002	0.0003	0.0001	0.0007	0.0007	0.0012	0.0000	0.0000	0.0000
14	97	0.2308	6	0	2	0	0	0	0	0	0	N	Y	N	N	N	N	N	N	N	N	N	N	7789.2130	2222.0217	267664572.4115	1394.9499	1331.9623	8876726.8783	0.2984	314150937.8438	0.5880	0.3317	2.5517	1.5527	1.6486	0.0000	0.3632	0.0000	2.8198	0.0001	0.0001	0.0000	0.0011	0.0012	0.0000	0.0000	0.0000	0.0000	1.0042	0.0001	0.4268	-0.0000	20.9564	46.1140	6.0714	26.4917	1.9953	0.9956	0.9997	0.9955	0.9955	0.0000	0.9998	0.0000	0.9997	0.0001	0.0001	0.0000	0.0001	0.0001	0.0000	0.0000	0.0000	0.0000	3.3935	3.0017	0.3918	0.6411	0.6039	0.0373	2.7524	2.3978	0.3545	0.8913	0.4507	0.4406	0.0604	0.0543	0.0061	0.8309	0.3964	0.4345	7789.2130	2222.0217	267664572.4115	1394.9499	1331.9623	0.0000	8876726.8783	109.8072	314150937.8438	0.0001	0.0001	0.0000	0.0011	0.0012	0.0000	0.0000	0.0000	0.0000	
14	98	0.4913	9	0	2	0	0	0	0	0	0	N	Y	N	N	N	N	N	N	N	N	N	N	0.0003	5.5751	0.0000	3.3540	6.9625	0.0000	0.0000	0.0000	0.0000	0.0011	0.0012	0.0000	0.0030	0.0032	0.0000	0.0000	0.0000	0.0000	3.1295	0.0002	13.8876	0.0009	0.0005	0.0036	4.5225	0.0000	15.7089	0.0000	25986.8116	-0.0005	0.3683	20.9564	20.7840	6.0714	8.9470	0.0016	0.0016	0.0000	0.0016	0.0016	0.0000	0.0000	0.0000	0.0000	0.9910	0.0000	0.9910	0.0001	0.0000	0.0000	0.9909	0.0000	0.9909	1.4974	1.3437	0.1537	0.5223	0.4970	0.0254	0.9750	0.8467	0.1283	0.3167	0.1906	0.1260	0.0976	0.0835	0.0140	0.2191	0.1071	0.1120	0.0003	5.8768	0.0000	3.3540	6.9625	0.0000	0.0000	0.0000	0.0000	3.1295	0.0002	7.8631	0.0009	0.0005	0.0036	4.5225	0.0000	8.8475
14	99	0.4864	8	0	1	0	0	0	0	0	0	N	N	N	N	N	N	N	N	N	N	N	N	0.1034	0.0845	0.0196	0.0082	0.0086	0.0048	0.1873	0.1155	0.0312	0.1004	0.1076	0.0205	0.0122	0.0124	0.0063	0.1962	0.2243	0.0240	0.9703	1.2736	1.0498	1.4824	1.4446	1.3064	1.0473	1.9417	0.7701	0.0174	0.2731	-0.0178	-0.0109	20.9564	2.7834	6.0714	1.0450	0.0658	0.0647	0.0011	0.0042	0.0041	0.0001	0.0616	0.0606	0.0011	0.0263	0.0207	0.0057	0.0128	0.0122	0.0006	0.0136	0.0085	0.0050	0.6556	0.6008	0.0548	0.3415	0.3308	0.0107	0.3141	0.2700	0.0441	0.0990	0.0577	0.0413	0.0366	0.0349	0.0017	0.0625	0.0229	0.0396	0.3774	0.3004	0.1502	0.0350	0.0356	0.0176	0.9027	0.6013	0.1883	0.2659	0.3583	0.1368	0.3490	0.3486	0.3574	0.2174	0.3730	0.1274
14	100	0.4763	7	0	1	0	0	0	0	0	0	N	N	N	N	N	N	N	N	N	N	N	N	0.5058	0.4074	0.1463	0.9448	0.9696	0.1169	0.3739	0.2359	0.2119	0.4985	0.5462	0.0108	0.5520	0.5721	0.0067	0.4563	0.5235	0.0116	0.9856	1.3405	0.0736	0.5843	0.5900	0.0572	1.2203	2.2189	0.0549	0.0019	0.0397	-0.1754	-0.0547	20.9564	7.6044	6.0714	2.7972	0.6151	0.6140	0.0012	0.3003	0.3002	0.0001	0.3148	0.3137	0.0011	0.0927	0.0892	0.0035	0.0145	0.0139	0.0005	0.0782	0.0752	0.0030	1.2340	1.1241	0.1099	0.5441	0.5248	0.0193	0.6899	0.5993	0.0906	0.3199	0.1996	0.1203	0.1332	0.1209	0.0123	0.1868	0.0787	0.1080	1.7206	1.2228	0.3658	5.0785	4.9617	0.1523	1.0896	0.5480	0.4187	0.2897	0.4467	0.0294	0.1087	0.1153	0.0438	0.4188	0.9554	0.0278
14	101	0.4267	6	0	1	0	0	0	0	0	0	N	N	N	N	N	N	N	N	N	N	N	N	0.8269	0.5690	0.0427	46.4337	43.3068	0.6241	0.4555	0.2584	0.0392	1.3799	1.5518	0.0014	2.4218	2.5441	0.0029	1.0619	1.2204	0.0013	1.6688	2.7272	0.0333	0.0522	0.0587	0.0047	2.3313	4.7224	0.0319	0.0001	0.0038	-0.6421	-0.5661	20.9564	18.4780	6.0714	12.4520	2.2371	2.2368	0.0003	0.9182	0.9182	0.0001	1.3189	1.3187	0.0002	0.9064	0.9030	0.0034	0.0037	0.0036	0.0001	0.9027	0.8994	0.0033	1.6211	1.4414	0.1798	0.3791	0.3609	0.0183	1.2420	1.0805	0.1615	0.5438	0.3311	0.2127	0.1566	0.1407	0.0160	0.3872	0.1904	0.1968	0.8280	0.5690	0.0893	102.5953	98.7962	0.6241	0.4555	0.2584	0.0743	1.6667	2.7272	0.0159	0.0236	0.0258	0.0047	2.3313	4.7224	0.0169
14	102	0.3157	8	0	2	0	0	0	0	0	0	N	Y	N	N	N	N	N	N	N	N	N	N	0.3481	0.2976	0.4940	3.5259	3.2462	1.3023	0.3949	0.2746	0.5572	0.8449	0.6251	2.9113	0.1849	0.1932	0.0009	1.2252	0.8977	3.4823	2.4274	2.1001	5.8932	0.0524	0.0595	0.0007	3.1023	3.2698	6.2495	0.4955	0.9848	0.1333	-0.2583	20.9564	34.1922	6.0714	22.4626	3.0159	2.0166	0.9993	0.2413	0.2413	0.0001	2.7746	1.7753	0.9993	1.9540	0.9845	0.9695	0.0042	0.0042	0.0000	1.9498	0.9803	0.9695	3.5695	3.2262	0.3432	1.3049	1.2487	0.0563	2.2645	1.9776	0.2870	0.8050	0.4688	0.3362	0.1765	0.1603	0.0162	0.6285	0.3085	0.3200	0.3481	0.2976	1.0096	7.8182	7.4376	1.3023	0.3949	0.2825	1.1494	2.4274	2.1001	2.8836	0.0237	0.0260	0.0007	3.1023	3.1776	3.0297
14	103	0.2678	7	0	2	0	0	0	0	0	0	N	Y	N	N	N	N	N	N	N	N	N	N	1.4374	1.5370	0.5954	2.7036	2.5736	32.8754	1.5414	1.0960	0.6110	1.1070	1.1716	0.5718	0.5019	0.4877	0.7704	1.3700	1.4973	0.5392	0.7701	0.7623	0.9603	0.1856	0.1895	0.0234	0.8888	1.3661	0.8824	0.0589	1.3034	-0.5377	-0.0031	20.9564	22.5884	6.0714	11.0115	2.3227	2.1934	0.1293	0.3191	0.2945	0.0246	2.0036	1.8989	0.1047	0.0491	0.0213	0.0278	0.0037	0.0036	0.0002	0.0454	0.0178	0.0276	2.0982	1.8721	0.2261	0.6358	0.6039	0.0319	1.4625	1.2682	0.1942	0.4728	0.2564	0.2163	0.0757	0.0688	0.0070	0.3970	0.1877	0.2094	10.6639	14.1010	4.4542	10.2506	9.4481	33.9103	11.9894	15.8239	4.0883	0.1038	0.0831	0.1284	0.0490	0.0516	0.0227	0.1143	0.0946	0.1319
14	104	0.2378	6	0	1	0	0	0	0	0	0	N	N	N	N	N	N	N	N	N	N	N	N	0.7681	0.3960	128.0867	0.3871	0.4110	0.0332	0.7704	0.2439	674.5124	0.6684	0.4792	2.2024	0.5025	0.5292	0.0156	0.7378	0.4563	2.5580	0.8702	1.2101	0.0172	1.2979	1.2877	0.4699	0.9577	1.8706	0.0038	0.5670	0.0259	0.0551	-0.0303	20.9564	11.8100	6.0714	8.7888	0.7372	0.4705	0.2668	0.1634	0.1631	0.0003	0.5738	0.3073	0.2665	0.0503	0.0490	0.0013	0.0130	0.0122	0.0008	0.0373	0.0368	0.0005	1.1029	0.9818	0.1211	0.3252	0.3083	0.0169	0.7777	0.6736	0.1042	0.3036	0.1655	0.1381	0.0464	0.0423	0.0041	0.2573	0.1233	0.1340	4.0390	1.6192	240.1041	1.7967	1.8312	0.0849	5.0915	1.5295	674.5124	0.1655	0.2959	0.0092	0.2797	0.2890	0.1840	0.1449	0.2983	0.0038
14	105	0.2017	5	0	1	0	0	0	0	0	0	N	N	N	N	N	N	N	N	N	N	N	N	0.8992	0.3754	2782.6282	2420.9240	2387.6118	0.0106	0.6368	0.1811	3004.1468	2.6030	1.9629	7.3256	4.7726	5.0844	0.0000	2.1176	1.2075	8.0848	2.8948	5.2295	0.0026	0.0020	0.0021	0.0001	3.3255	6.6686	0.0027	0.5058	0.0004	0.1454	-0.6030	20.9564	14.7392	6.0714	7.3617	2.9804	1.9793	1.0012	0.9990	0.9990	0.0000	1.9815	0.9803	1.0012	0.9602	0.9598	0.0004	0.0001	0.0001	0.0000	0.9601	0.9597	0.0004	1.1450	1.0083	0.1367	0.2093	0.1965	0.0128	0.9357	0.8119	0.1238	0.3317	0.1835	0.1482	0.0430	0.0396	0.0034	0.2887	0.1439	0.1448	0.8992	0.3754	2782.6282	2420.9240	2387.6118	0.0106	0.6368	0.1811	3004.1468	2.8948	5.2295	0.0026	0.0020	0.0021	0.0001	3.3255	6.6686	0.0027
14	106	0.2744	8	0	2	0	0	0	0	0	0	N	Y	N	N	N	N	N	N	N	N	N	N	0.2432	0.1345	1.3784	34.1661	31.1023	5.2077	0.2723	0.1473	0.0000	0.6808	0.7681	0.0000	0.3466	0.3694	0.0000	0.8002	0.9219	0.0000	2.7999	5.7125	0.0000	0.0101	0.0119	0.0000	2.9386	6.2599	0.0000	0.0000	0.0000	-0.3343	-0.6272	20.9564	20.0414	6.0714	7.0324	1.1643	1.1643	0.0000	0.1559	0.1559	0.0000	1.0083	1.0083	0.0000	0.9982	0.9982	0.0000	0.0001	0.0001	0.0000	0.9981	0.9981	0.0000	1.7101	1.5159	0.1942	0.4500	0.4221	0.0279	1.2601	1.0938	0.1664	0.3565	0.1747	0.1818	0.0169	0.0153	0.0016	0.3396	0.1594	0.1802	0.2432	0.1345	1.3784	48.7638	47.1730	5.2077	0.2723	0.1473	0.0000	2.7999	5.7125	0.0000	0.0071	0.0078	0.0000	2.9386	6.2599	0.0000
14	107	0.2644	7	0	1	0	0	0	0	0	0	N	N	N	N	N	N	N	N	N	N	N	N	4.0521	2.6291	15.5574	5.6941	5.9024	382.2258	0.0190	0.0025	16.9058	1.2951	1.4363	0.0086	3.9253	4.0939	0.0033	0.0030	0.0021	0.0095	0.3196	0.5463	0.0006	0.6894	0.6936	0.0000	0.1595	0.8239	0.0006	0.0007	0.0127	-0.3106	-0.0016	20.9564	7.0315	6.0714	1.2144	1.0842	1.0835	0.0007	1.0825	1.0824	0.0000	0.0017	0.0010	0.0007	0.0026	0.0026	0.0000	0.0013	0.0013	0.0000	0.0013	0.0013	0.0000	0.8371	0.7543	0.0828	0.2758	0.2644	0.0114	0.5614	0.4899	0.0714	0.1226	0.0637	0.0590	0.0105	0.0099	0.0006	0.1122	0.0538	0.0584	60.5993	35.3342	15.5574	31.1269	30.5903	382.2258	0.2606	0.0883	16.9058	0.0214	0.0406	0.0006	0.1261	0.1338	0.0000	0.0116	0.0236	0.0006
14	108	0.2308	6	0	1	0	0	0	0	0	0	N	N	N	N	N	N	N	N	N	N	N	N	0.2336	0.1228	17632.8020	0.1010	0.0891	4943.6243	0.8268	0.0488	0.7715	0.7787	0.7923	0.6747	3.7840	3.5949	7.1494	0.0006	0.0007	0.0000	3.3333	6.4496	0.0000	37.4657	40.3283	0.0014	0.0008	0.0149	0.0000	0.1117	0.0000	-0.1949	-0.6263	20.9564	16.2725	6.0714	4.4748	1.0438	0.9389	0.1048	1.0431	0.9382	0.1048	0.0007	0.0007	0.0000	0.9967	0.9967	0.0000	0.9966	0.9966	0.0000	0.0001	0.0001	0.0000	1.3404	1.1851	0.1554	0.2757	0.2610	0.0147	1.0648	0.9241	0.1407	0.2990	0.1545	0.1445	0.0266	0.0247	0.0019	0.2724	0.1298	0.1426	0.2336	0.1228	17632.8020	0.1010	0.0891	4943.6243	2.3671	1.3476	0.7715	3.3333	6.4496	0.0000	37.4657	40.3283	0.0014	0.0003	0.0005	0.0000
14	109	0.2836	7	0	2	0	0	0	0	0	0	N	Y	N	N	N	N	N	N	N	N	N	N	2093.3096	443.3643	296543.8951	647.3586	625.7112	3.5222	144497.0012	1148.6465	557264.9289	0.6516	0.3739	2.8742	1.2860	1.3639	0.0005	0.4418	0.0195	3.2955	0.0003	0.0008	0.0000	0.0020	0.0022	0.0001	0.0000	0.0000	0.0000	0.9605	0.0165	0.4133	-0.0001	20.9564	40.5309	6.0714	14.7974	2.0382	1.0396	0.9986	0.9997	0.9997	0.0000	1.0385	0.0399	0.9986	0.0002	0.0002	0.0000	0.0002	0.0002	0.0000	0.0000	0.0000	0.0000	3.1282	2.7808	0.3474	0.7774	0.7330	0.0444	2.3508	2.0478	0.3030	0.7091	0.3855	0.3237	0.0964	0.0872	0.0091	0.6128	0.2982	0.3145	2390.3471	757.8496	296543.8951	647.3586	625.7112	3.5222	144497.0012	437341.9678	557264.9289	0.0003	0.0005	0.0000	0.0020	0.0022	0.0001	0.0000	0.0000	0.0000
14	110	0.2577	6	0	2	0	0	0	0	0	0	N	Y	N	N	N	N	N	N	N	N	N	N	479.6757	365.7321	15.7095	16.4013	15.4390	88.7210	349.8431	33.0842	16.1241	0.7995	0.8953	0.0099	0.0141	0.0145	0.0061	1.1078	1.2716	0.0106	0.0017	0.0024	0.0006	0.0009	0.0009	0.0001	0.0032	0.0384	0.0007	0.0013	0.4911	-0.2758	-0.0001	20.9564	13.5236	6.0714	3.5331	0.9651	0.9638	0.0013	0.0048	0.0047	0.0001	0.9603	0.9591	0.0012	0.0002	0.0001	0.0001	0.0000	0.0000	0.0000	0.0002	0.0001	0.0001	1.2071	1.0765	0.1307	0.3402	0.3222	0.0181	0.8669	0.7543	0.1126	0.2610	0.1456	0.1154	0.0459	0.0415	0.0043	0.2151	0.1040	0.1111	940.3286	875.7486	15.7095	16.4013	15.4390	88.7210	1305.1111	1204.6619	16.1241	0.0009	0.0010	0.0006	0.0009	0.0009	0.0001	0.0008	0.0011	0.0007
14	111	0.2017	5	0	1	0	0	0	0	0	0	N	N	N	N	N	N	N	N	N	N	N	N	0.0297	0.0115	3.9906	0.0012	0.0012	0.0000	23.7793	1.6469	4.3043	0.0040	0.0045	0.0002	0.0007	0.0008	0.0000	0.0047	0.0054	0.0002	0.1349	0.3931	0.0000	0.5932	0.6293	0.0000	0.0002	0.0033	0.0000	0.0058	0.0017	-0.0015	-0.0037	20.9564	16.9399	6.0714	15.9768	0.0052	0.0052	0.0000	0.0002	0.0002	0.0000	0.0051	0.0050	0.0000	0.0060	0.0059	0.0000	0.0059	0.0059	0.0000	0.0000	0.0000	0.0000	1.3089	1.1529	0.1560	0.2389	0.2243	0.0146	1.0700	0.9287	0.1413	0.4660	0.2521	0.2139	0.0540	0.0491	0.0049	0.4120	0.2030	0.2090	0.3132	0.1916	3.9906	0.0065	0.0063	0.0000	64.4965	55.1938	4.3043	0.0128	0.0236	0.0000	0.1097	0.1207	0.0000	0.0001	0.0001	0.0000
14	112	0.3061	9	1	2	0	1	0	0	0	0	N	Y	N	N	N	N	N	N	N	N	N	N	251521.5590	154275.5572	93646.4267	84318.4927	0.0926	0.1048	0.0000	0.2123	0.2178	0.0000	0.0000	0.0000	0.0000	0.0000	0.0000	0.0000	0.0000	0.0000	0.0000	0.0000	0.0000	0.0000	0.0000	0.0000	-0.0000	-0.0000	20.9564	0.0019	6.0714	1.9928	0.0000	0.0000	0.0000	0.0000	0.0000	0.0000	0.0000	0.0000	0.0000	0.0000	0.0000	0.0000	0.0000	0.0000	0.0000	0.0000	0.0000	0.0000	0.0004	0.0004	0.0001	0.0002	0.0002	0.0000	0.0002	0.0002	0.0000	0.0272	0.0147	0.0124	0.0044	0.0039	0.0005	0.0227	0.0109	0.0119	251521.5590	154275.5572	0.0000	93646.4267	84318.4927	0.0000	0.0000	0.0000	0.0000	0.0000	0.0000	0.0000	0.0000	0.0000	0.0000	0.0000	0.0000	0.0000					
14	113	0.2825	8	1	2	0	1	0	0	0	0	N	Y	N	N	N	N	N	N	N	N	N	N	92.6662	20.3858	0.0000	1704.7701	1443.9428	0.0000	0.0000	0.0000	0.0000	1.3333	1.4997	0.0000	4.9113	5.1800	0.0000	0.0000	0.0000	0.0000	0.0144	0.0736	0.0000	0.0029	0.0036	0.0000	0.0299	0.6029	0.0000	0.0000	0.0000	-0.2875	-0.0006	20.9564	8.6942	6.0714	6.0502	1.0014	1.0014	0.0000	1.0014	1.0014	0.0000	0.0000	0.0000	0.0000	0.0009	0.0009	0.0000	0.0001	0.0001	0.0000	0.0008	0.0008	0.0000	0.7511	0.6677	0.0834	0.2039	0.1933	0.0106	0.5472	0.4744	0.0728	0.2062	0.1051	0.1011	0.0242	0.0211	0.0031	0.1820	0.0841	0.0979	302.3867	173.4343	0.0000	1704.7701	1566.8244	0.0000	0.0000	0.0000	0.0000	0.0044	0.0086	0.0000	0.0029	0.0033	0.0000	0.0046	0.0100	0.0000
14	114	0.3036	12	0	2	0	1	0	0	0	0	N	Y	N	N	N	N	N	N	N	N	N	N	0.0000	0.0000	0.0000	0.0000	0.0000	0.0000	0.0000	0.0000	0.0000	0.0000	0.0000	0.0000	0.0000	0.0000	0.0000	0.0000	0.0000	0.0000	0.0000	-0.0000	20.9564	0.0001	6.0714	0.0001	0.0000	0.0000	0.0000	0.0000	0.0000	0.0000	0.0000	0.0000	0.0000	0.0000	0.0000	0.0000	0.0000	0.0000	0.0000	0.0000	0.0000	0.0000	0.0000	0.0000	0.0000	0.0000	0.0000	0.0000	0.0000	0.0000	0.0000	0.0000	0.0000	0.0000	0.0000	0.0000	0.0000	0.0000	0.0000	0.0000	0.0000	0.0000	0.0000	0.0000	0.0000	0.0000	0.0000	0.0000	0.0000	0.0000	0.0000	0.0000	0.0000	0.0000	0.0000	0.0000	0.0000	0.0000											
14	115	0.2969	11	0	2	0	1	0	0	0	0	N	Y	N	N	N	N	N	N	N	N	N	N	0.0000	0.0000	0.0000	0.0000	0.0000	0.0000	0.0000	0.0000	0.0000	0.0000	0.0000	0.0000	0.0000	0.0002	0.0005	0.0000	0.0018	0.0021	0.0000	0.0000	0.0000	0.0000	0.0000	0.0000	-0.0000	20.9564	3.0007	6.0714	1.0012	0.0000	0.0000	0.0000	0.0000	0.0000	0.0000	0.0000	0.0000	0.0000	0.0000	0.0000	0.0000	0.0000	0.0000	0.0000	0.0000	0.0000	0.0000	0.2404	0.2124	0.0280	0.0533	0.0502	0.0031	0.1871	0.1622	0.0249	0.0540	0.0271	0.0268	0.0056	0.0047	0.0009	0.0484	0.0224	0.0260	0.0000	0.0000	0.0000	0.0000	0.0000	0.0000	0.0000	0.0000	0.0000	0.0002	0.0004	0.0000	0.0018	0.0021	0.0000	0.0000	0.0000	0.0000						
14	116	0.2951	10	0	1	0	1	0	0	0	0	N	N	N	N	N	N	N	N	N	N	N	N	2908.9680	1856.9047	0.0000	0.0000	inf	inf	0.0008	0.0010	0.0000	0.0000	0.0000	0.0000	0.0011	0.0013	0.0000	0.0000	0.0000	0.0000	0.0000	0.0000	0.0000	0.0000	0.0000	0.0000	0.0000	0.1282	-0.0000	-0.0000	20.9564	1.1177	6.0714	0.0023	0.0001	0.0001	0.0000	0.0000	0.0000	0.0000	0.0001	0.0001	0.0000	0.0000	0.0000	0.0000	0.0000	0.0000	0.0000	0.0000	0.0000	0.0000	0.0948	0.0841	0.0107	0.0246	0.0233	0.0014	0.0702	0.0608	0.0094	0.0152	0.0076	0.0076	0.0016	0.0013	0.0002	0.0136	0.0063	0.0073	2908.9680	1856.9047	0.0000	0.0000	0.0000	0.0000	inf	inf	0.0000	0.0000	0.0000	0.0000	0.0000	0.0000	0.0000	0.0000	0.0000	0.0000			
14	117	0.1113	4	0	2	0	0	0	0	0	0	N	Y	N	N	N	N	N	N	N	N	N	N	0.4003	0.3107	0.0000	0.0085	0.0093	0.0000	0.3843	0.2460	0.0000	0.5374	0.6101	0.0000	0.0017	0.0018	0.0000	0.5916	0.6775	0.0000	1.3426	1.9635	0.4166	0.2024	0.1951	0.0181	1.5395	2.7539	0.3234	0.0000	0.0344	-0.3984	-0.6059	20.9564	31.2782	6.0714	23.9277	1.3875	1.3875	0.0000	0.0004	0.0004	0.0000	1.3870	1.3870	0.0000	1.0181	0.9843	0.0338	0.0041	0.0041	0.0001	1.0140	0.9802	0.0338	2.5818	2.2742	0.3076	0.2371	0.2269	0.0102	2.3447	2.0472	0.2974	0.9429	0.5013	0.4416	0.0814	0.0775	0.0039	0.8615	0.4237	0.4377	0.4977	0.3107	0.0000	0.0339	0.0344	0.0000	0.5026	0.2929	0.0000	1.0798	1.9635	0.0766	0.0509	0.0526	0.0181	1.1770	2.3133	0.0772
14	118	0.2951	10	0	1	1	1	0	0	0	0	N	N	N	N	N	N	N	N	N	N	N	N	inf	inf	inf	inf	0.0003	0.0003	0.0000	0.0000	0.0000	0.0000	0.0003	0.0004	0.0000	0.0000	0.0000	0.0000	0.0000	0.0000	0.0000	0.0000	0.0000	0.0000	0.0000	-0.0000	0.0000	20.9564	3.8827	6.0714	2.9998	0.0001	0.0001	0.0000	0.0000	0.0000	0.0000	0.0001	0.0001	0.0000	0.0000	0.0000	0.0000	0.0000	0.0000	0.0000	0.0000	0.0000	0.0000	0.3152	0.2788	0.0363	0.0733	0.0691	0.0042	0.2419	0.2097	0.0322	0.0921	0.0463	0.0458	0.0094	0.0080	0.0015	0.0826	0.0383	0.0443	inf	inf	0.0000	0.0000	0.0000	0.0000	inf	inf	0.0000	0.0000	0.0000	0.0000	0.0000	0.0000	0.0000	0.0000	0.0000	0.0000						
14	119	0.2921	9	0	1	0	1	0	0	0	0	N	N	N	N	N	N	N	N	N	N	N	N	32808953.4369	inf	25.5851	inf	inf	inf	46399864.8058	inf	0.0000	3.5263	3.9378	0.0000	0.0000	0.0000	0.0000	5.1540	5.9132	0.0000	0.0000	0.0000	0.0000	0.0000	0.0000	0.0000	0.0000	0.0000	0.0000	0.0000	inf	-0.2865	0.0000	20.9564	2.8083	6.0714	0.0030	0.9979	0.9979	0.0000	0.0000	0.0000	0.0000	0.9979	0.9979	0.0000	0.0000	0.0000	0.0000	0.0000	0.0000	0.0000	0.0000	0.0000	0.0000	0.2830	0.2534	0.0296	0.0894	0.0847	0.0047	0.1936	0.1688	0.0249	0.0381	0.0191	0.0190	0.0039	0.0033	0.0006	0.0342	0.0158	0.0184	32808953.4369	inf	25.5851	inf	inf	inf	46399864.8058	inf	0.0000	0.0000	0.0000	0.0000	0.0000	0.0000	0.0000	0.0000	0.0000	0.0000
14	120	0.2921	9	0	1	1	1	0	0	0	0	N	N	N	N	N	N	N	N	N	N	N	N	510854.1369	inf	0.0000	inf	inf	308114.0485	inf	0.0000	0.0123	0.0139	0.0000	0.0244	0.0258	0.0000	0.0083	0.0095	0.0000	0.0000	0.0000	0.0000	0.0000	0.0000	0.0000	0.0000	0.0000	0.0000	0.0000	inf	-0.0029	0.0000	20.9564	9.6158	6.0714	0.0030	0.0100	0.0100	0.0000	0.0050	0.0050	0.0000	0.0050	0.0050	0.0000	0.0000	0.0000	0.0000	0.0000	0.0000	0.0000	0.0000	0.0000	0.0000	0.8136	0.7224	0.0913	0.2047	0.1932	0.0115	0.6089	0.5292	0.0797	0.1284	0.0644	0.0639	0.0132	0.0111	0.0021	0.1152	0.0533	0.0619	510854.1369	inf	0.0000	inf	inf	0.0000	308114.0485	inf	0.0000	0.0000	0.0000	0.0000	0.0000	0.0000	0.0000	0.0000	0.0000	0.0000	
14	121	0.2825	8	0	1	0	1	0	0	0	0	N	N	N	N	N	N	N	N	N	N	N	N	39.5364	9.1480	0.0000	4.9804	4.3267	0.0000	28.5149	5.2288	0.0000	2.4583	2.7462	0.0000	0.0152	0.0159	0.0000	3.6767	4.2431	0.0000	0.0622	0.3002	0.0000	0.0030	0.0037	0.0000	0.1289	0.8115	0.0000	0.0000	0.0005	-0.2865	-0.0006	20.9564	4.2457	6.0714	2.0144	0.9976	0.9976	0.0000	0.0021	0.0021	0.0000	0.9956	0.9956	0.0000	0.0009	0.0009	0.0000	0.0000	0.0000	0.0000	0.0008	0.0008	0.0000	0.4058	0.3633	0.0425	0.1350	0.1286	0.0064	0.2708	0.2346	0.0361	0.0945	0.0490	0.0456	0.0131	0.0118	0.0013	0.0814	0.0372	0.0442	264.1236	152.8924	0.0000	4.9804	4.6917	0.0000	356.3455	187.8866	0.0000	0.0093	0.0180	0.0000	0.0030	0.0034	0.0000	0.0103	0.0226	0.0000
14	122	0.2404	7	0	1	0	1	0	0	0	0	N	N	N	N	N	N	N	N	N	N	N	N	0.0021	0.0012	2.3248	1.5604	1.4253	0.0000	0.0014	0.0007	2.5690	0.0063	0.0070	0.0007	0.0122	0.0128	0.0000	0.0045	0.0050	0.0008	2.9638	5.9595	0.0003	0.0078	0.0090	0.0000	3.1765	6.7785	0.0003	0.0125	0.0001	-0.0018	-0.6270	20.9564	11.9190	6.0714	13.1740	0.0065	0.0064	0.0001	0.0030	0.0030	0.0000	0.0035	0.0034	0.0001	0.9980	0.9980	0.0001	0.0001	0.0001	0.0000	0.9979	0.9978	0.0001	1.0230	0.9081	0.1149	0.2473	0.2351	0.0122	0.7757	0.6730	0.1027	0.3367	0.1675	0.1693	0.0226	0.0203	0.0023	0.3141	0.1472	0.1669	0.0021	0.0012	2.3248	2.1071	1.9886	0.0000	0.0014	0.0007	2.5690	2.9638	5.9595	0.0003	0.0058	0.0065	0.0000	3.1765	6.7785	0.0003
14	123	0.4866	9	0	1	1	1	0	0	0	0	N	N	N	N	N	N	N	N	N	N	N	N	11539.8998	7496.0838	0.0000	59.5201	53.4839	18727056.9568	178627.1160	0.0000	0.9026	1.0114	0.0000	0.0165	0.0173	0.0000	1.2289	1.4117	0.0000	0.0001	0.0001	0.0000	0.0003	0.0003	0.0000	0.0000	0.0000	0.0000	0.0000	0.0005	-0.2866	-0.0000	20.9564	12.8936	6.0714	4.1514	0.9980	0.9980	0.0000	0.0049	0.0049	0.0000	0.9931	0.9931	0.0000	0.0000	0.0000	0.0000	0.0000	0.0000	0.0000	0.0000	0.0000	0.0000	1.1057	0.9868	0.1189	0.2976	0.2833	0.0143	0.8081	0.7035	0.1046	0.2335	0.1368	0.0967	0.0658	0.0563	0.0095	0.1676	0.0805	0.0872	11539.8998	7580.3772	0.0000	59.5201	53.4839	0.0000	18727056.9568	87384879.4453	0.0000	0.0001	0.0001	0.0000	0.0003	0.0003	0.0000	0.0000	0.0000	0.0000	
14	124	0.2557	8	0	2	0	0	0	0	0	0	N	Y	N	N	N	N	N	N	N	N	N	N	75.5533	36.9289	0.0000	3.6226	3.4870	0.0000	17159.1533	inf	0.0000	0.0094	0.0106	0.0000	0.0051	0.0053	0.0000	0.0106	0.0122	0.0000	0.0001	0.0003	0.0000	0.0014	0.0015	0.0000	0.0000	0.0000	0.0000	0.0000	0.0048	-0.0028	-0.0000	20.9564	12.7386	6.0714	8.7370	0.0099	0.0099	0.0000	0.0011	0.0011	0.0000	0.0087	0.0087	0.0000	0.0000	0.0000	0.0000	0.0000	0.0000	0.0000	0.0000	0.0000	0.0000	1.0482	0.9286	0.1195	0.2253	0.2137	0.0116	0.8228	0.7149	0.1079	0.2989	0.1499	0.1491	0.0265	0.0242	0.0023	0.2724	0.1257	0.1468	75.5533	42.9594	0.0000	3.6226	3.4870	0.0000	17159.1533	inf	0.0000	0.0001	0.0002	0.0000	0.0014	0.0015	0.0000	0.0000	0.0000	0.0000
14	125	0.2404	7	0	2	0	0	0	0	0	0	N	Y	N	N	N	N	N	N	N	N	N	N	80.0568	16.2610	0.4033	0.0045	0.0044	0.0000	1847.5817	242.4893	0.4497	1.2757	1.4336	0.0001	0.0011	0.0012	0.0000	1.7293	1.9940	0.0001	0.0159	0.0882	0.0003	0.2488	0.2648	0.0001	0.0009	0.0082	0.0003	0.0000	0.0319	-0.2844	-0.0004	20.9564	8.6431	6.0714	1.4782	0.9906	0.9906	0.0000	0.0002	0.0002	0.0000	0.9904	0.9904	0.0000	0.0007	0.0007	0.0000	0.0006	0.0006	0.0000	0.0000	0.0000	0.0000	0.7765	0.6910	0.0855	0.2038	0.1943	0.0095	0.5727	0.4967	0.0760	0.1435	0.0716	0.0719	0.0110	0.0100	0.0010	0.1325	0.0616	0.0709	271.5249	157.0871	0.4033	0.0194	0.0185	0.0000	5629.9508	6145.8983	0.4497	0.0047	0.0091	0.0003	0.0577	0.0633	0.0001	0.0003	0.0003	0.0003
14	126	0.2308	6	0	1	0	0	0	0	0	0	N	N	N	N	N	N	N	N	N	N	N	N	0.1064	0.1403	0.0000	34.1874	38.7463	0.0000	0.0129	0.0049	0.0000	0.0150	0.0169	0.0000	0.0503	0.0523	0.0000	0.0029	0.0033	0.0000	0.1411	0.1202	0.0336	0.0015	0.0013	0.0046	0.2221	0.6761	0.0309	0.0000	1.2082	-0.0018	-0.0001	20.9564	4.1618	6.0714	2.0491	0.0063	0.0063	0.0000	0.0054	0.0054	0.0000	0.0009	0.0009	0.0000	0.0014	0.0006	0.0008	0.0000	0.0000	0.0000	0.0014	0.0006	0.0008	0.4193	0.3734	0.0459	0.1075	0.1034	0.0041	0.3118	0.2700	0.0418	0.1077	0.0603	0.0474	0.0159	0.0153	0.0006	0.0918	0.0450	0.0468	1.1443	1.5894	0.0000	34.1874	38.7463	0.0000	0.1885	0.2395	0.0001	0.0131	0.0106	0.0163	0.0015	0.0013	0.0046	0.0151	0.0138	0.0165
14	127	0.2017	5	0	1	0	0	0	0	0	0	N	N	N	N	N	N	N	N	N	N	N	N	0.7061	0.3504	0.0000	0.8722	0.8486	0.0000	0.0000	0.0000	0.0071	0.0081	0.0000	0.0386	0.0411	0.0000	0.0000	0.0000	0.0000	0.0100	0.0230	0.0010	0.0443	0.0485	0.0088	0.0013	0.0000	0.0008	0.0000	0.1556	-0.0015	-0.0004	20.9564	9.4810	6.0714	7.4917	0.0053	0.0053	0.0000	0.0053	0.0053	0.0000	0.0000	0.0000	0.0000	0.0009	0.0008	0.0001	0.0008	0.0008	0.0000	0.0001	0.0000	0.0001	0.7462	0.6568	0.0894	0.1370	0.1286	0.0084	0.6092	0.5282	0.0810	0.2658	0.1500	0.1158	0.0375	0.0349	0.0026	0.2282	0.1150	0.1132	2.1472	1.5906	0.0000	1.8528	1.8924	0.0000	0.0000	0.0000	0.0000	0.0033	0.0051	0.0010	0.0208	0.0217	0.0088	0.0004	0.0000	0.0008	
14	128	0.4988	10	1	2	0	0	0	0	0	0	N	Y	N	N	N	N	N	N	N	N	N	N	0.0000	0.0000	0.0000	0.0000	0.0000	0.0000	0.0000	0.0000	0.0000	0.0000	0.0000	0.0000	0.0000	0.0000	0.0000	0.0000	0.0000	0.0000	0.0000	0.0000	0.0000	0.0000	0.0000	0.0000	-0.0000	20.9564	2.0107	6.0714	1.9995	0.0000	0.0000	0.0000	0.0000	0.0000	0.0000	0.0000	0.0000	0.0000	0.0000	0.0000	0.0000	0.0000	0.0000	0.0000	0.0000	0.0000	0.0000	0.1611	0.1427	0.0184	0.0406	0.0384	0.0022	0.1205	0.1043	0.0162	0.0529	0.0315	0.0213	0.0159	0.0135	0.0023	0.0370	0.0180	0.0190	0.0000	0.0000	0.0000	0.0000	0.0000	0.0000	0.0000	0.0000	0.0000	0.0000	0.0000	0.0000	0.0000	0.0000	0.0000	0.0000	0.0000	0.0000						
14	129	0.4866	9	1	2	0	0	0	0	0	0	N	Y	N	N	N	N	N	N	N	N	N	N	110.4162	71.3756	0.0000	106.8849	96.8904	0.0000	0.0000	0.0000	0.0090	0.0101	0.0000	0.0296	0.0308	0.0000	0.0000	0.0000	0.0000	0.0001	0.0001	0.0000	0.0003	0.0003	0.0000	0.0000	0.0000	0.0000	0.0000	0.0025	-0.0014	-0.0000	20.9564	5.6459	6.0714	1.1399	0.0049	0.0049	0.0000	0.0049	0.0049	0.0000	0.0000	0.0000	0.0000	0.0000	0.0000	0.0000	0.0000	0.0000	0.0000	0.0000	0.0000	0.0000	0.5456	0.4903	0.0553	0.1668	0.1599	0.0069	0.3788	0.3304	0.0484	0.1010	0.0590	0.0420	0.0298	0.0259	0.0039	0.0712	0.0331	0.0381	110.4162	71.9151	0.0000	106.8849	96.8904	0.0000	0.0000	0.0000	0.0000	0.0001	0.0001	0.0000	0.0003	0.0003	0.0000	0.0000	0.0000	0.0000	
14	130	0.4562	8	0	1	0	0	0	0	0	0	N	N	N	N	N	N	N	N	N	N	N	N	0.3993	0.0390	322.6740	0.2632	0.2152	12.8638	91.5981	0.0816	854.9978	0.0057	0.0018	0.0400	0.0061	0.0059	0.0119	0.0056	0.0000	0.0430	0.0144	0.0457	0.0001	0.0231	0.0273	0.0009	0.0001	0.0005	0.0001	2.5924	0.0112	0.0030	-0.0009	20.9564	11.6079	6.0714	5.3766	0.0070	0.0019	0.0051	0.0021	0.0019	0.0001	0.0049	0.0000	0.0049	0.0015	0.0014	0.0000	0.0014	0.0014	0.0000	0.0000	0.0000	0.0000	1.2201	1.0939	0.1262	0.3385	0.3265	0.0120	0.8816	0.7674	0.1142	0.3295	0.2006	0.1289	0.1090	0.0981	0.0109	0.2205	0.1025	0.1180	1.3040	0.2492	322.6740	0.4599	0.4023	12.8638	199.9803	16.3737	854.9978	0.0044	0.0071	0.0001	0.0132	0.0146	0.0009	0.0000	0.0000	0.0001
14	131	0.4384	7	0	1	0	0	0	0	0	0	N	N	N	N	N	N	N	N	N	N	N	N	0.0266	0.0216	6.6759	0.0374	0.0355	11.7466	0.8723	0.0371	3.9079	0.0133	0.0142	0.0051	0.0204	0.0202	0.0268	0.0103	0.0115	0.0025	0.4995	0.6553	0.0008	0.5468	0.5688	0.0023	0.0118	0.3093	0.0006	0.0405	0.0068	-0.0015	-0.0079	20.9564	3.9355	6.0714	8.7078	0.0058	0.0056	0.0002	0.0026	0.0025	0.0001	0.0032	0.0031	0.0001	0.0128	0.0127	0.0001	0.0123	0.0122	0.0000	0.0005	0.0004	0.0001	0.4406	0.3959	0.0446	0.1280	0.1233	0.0047	0.3126	0.2727	0.0399	0.3318	0.2182	0.1136	0.1199	0.1117	0.0082	0.2119	0.1065	0.1054	0.3447	0.2441	6.6759	0.1999	0.1843	11.7466	4.2691	2.7474	3.9079	0.0385	0.0581	0.0008	0.1022	0.1096	0.0023	0.0024	0.0042	0.0006
14	132	0.4267	6	0	1	0	0	0	0	0	0	N	N	N	N	N	N	N	N	N	N	N	N	0.1650	0.1407	0.1965	0.0292	0.0290	2.1501	0.2358	0.1309	0.1058	0.1280	0.1423	0.0027	0.0275	0.0279	0.0159	0.1708	0.1962	0.0011	0.7759	1.0119	0.0138	0.9399	0.9617	0.0074	0.7241	1.4988	0.0107	0.0022	0.0259	-0.0250	-0.0187	20.9564	6.2657	6.0714	3.9760	0.0878	0.0876	0.0002	0.0056	0.0055	0.0001	0.0822	0.0821	0.0001	0.0310	0.0302	0.0008	0.0191	0.0191	0.0001	0.0119	0.0112	0.0007	0.6857	0.6155	0.0702	0.2044	0.1969	0.0075	0.4813	0.4186	0.0627	0.2873	0.1867	0.1006	0.1057	0.0987	0.0070	0.1817	0.0880	0.0936	1.1868	0.8796	0.3491	0.1519	0.1445	2.1501	2.6091	1.5474	0.1448	0.1079	0.1618	0.0078	0.1809	0.1931	0.0074	0.0654	0.1268	0.0078
14	133	0.3494	5	0	1	0	0	0	0	0	0	N	N	N	N	N	N	N	N	N	N	N	N	0.8475	0.7497	0.0611	0.2873	0.3419	0.0076	1.1038	0.5714	0.1199	0.4818	0.5418	0.0025	0.1428	0.1500	0.0040	0.5779	0.6630	0.0023	0.5685	0.7227	0.0402	0.4971	0.4386	0.5318	0.5235	1.1602	0.0191	0.0006	0.1953	-0.3253	-0.0194	20.9564	26.7012	6.0714	18.2690	1.1352	1.1346	0.0006	0.0743	0.0742	0.0001	1.0609	1.0604	0.0005	0.0418	0.0349	0.0068	0.0195	0.0167	0.0028	0.0223	0.0183	0.0040	2.3560	2.0941	0.2620	0.5201	0.4947	0.0255	1.8359	1.5994	0.2365	0.8547	0.5012	0.3534	0.2076	0.1931	0.0145	0.6470	0.3081	0.3389	9.8608	7.7723	0.1273	1.5202	1.7379	0.0206	16.8005	11.1774	0.1948	0.0489	0.0697	0.0193	0.0940	0.0863	0.1959	0.0344	0.0593	0.0117
14	134	0.1113	4	0	1	0	0	0	0	0	0	N	N	N	N	N	N	N	N	N	N	N	N	0.8288	10.2854	0.9532	0.0022	0.0545	0.0000	0.7934	1.4354	0.9601	0.9529	0.5825	3.6932	0.0021	0.0022	0.0002	1.0312	0.6344	3.8161	1.1497	0.0566	3.8745	0.9257	0.0396	15.9897	1.2997	0.4420	3.9745	0.8567	148.8128	0.7552	0.3656	20.9564	61.4372	6.0714	55.8589	4.3331	2.3337	1.9994	0.0007	0.0007	0.0000	4.3324	2.3330	1.9994	1.0017	0.0067	0.9950	0.0180	0.0018	0.0162	0.9836	0.0049	0.9787	4.5474	4.0060	0.5414	0.3461	0.3287	0.0174	4.2013	3.6774	0.5239	1.6366	0.8556	0.7809	0.1010	0.0938	0.0072	1.5356	0.7619	0.7737	1.5569	74.5516	2.8987	0.0116	0.1140	0.0001	1.6098	98.4457	3.0168	0.6120	0.0078	1.2741	0.1783	0.0189	2.2557	0.6406	0.0064	1.2649
15	17	0.4332	16	0	1	0	2	0	0	0	0	N	N	N	Y	N	N	N	N	N	N	N	N	0.0000	0.0000	0.0000	0.0000	0.0000	0.0000	0.0000	0.0000	0.0000	0.0000	0.0000	0.0000	0.0000	0.0000	0.0000	0.0000	0.0000	0.0000	0.0000	0.0000	0.0001	8.1476	6.0018	4.0573	0.0000	0.0000	0.0000	0.0000	0.0000	0.0000	0.0000	0.0000	0.0000	0.0000	0.0000	0.0000	0.0000	0.0000	0.0000	0.0000	0.0000	0.0000	0.0000	0.0000	0.0000	0.0000	0.0000	0.0000	0.0000	0.0000	0.0000	0.0328	0.0186	0.0142	0.0069	0.0057	0.0011	0.0260	0.0129	0.0131	0.0000	0.0000	0.0000	0.0000	0.0000	0.0000	0.0000	0.0000	0.0000	0.0000	0.0000	0.0000	0.0000	0.0000	0.0000	0.0000	0.0000	0.0000											
15	18	0.1369	10	0	1	0	1	0	0	0	0	N	N	N	N	N	N	N	N	N	N	N	N	0.0000	0.0000	0.0000	0.0000	0.0000	0.0000	0.0000	0.0000	0.0000	0.0000	0.0000	0.0000	0.0000	0.0000	0.0000	0.0000	0.0000	0.0000	43.2839	21.2200	102.3898	3.7850	3.9651	0.0079	48.7242	25.8480	101.7776	2.9981	0.0000	0.4858	0.0001	12.7610	6.0018	15.2058	0.0000	0.0000	0.0000	0.0000	0.0000	0.0000	0.0000	0.0000	0.0000	3.9973	0.9998	2.9975	0.0340	0.0340	0.0000	3.9633	0.9658	2.9975	0.0000	0.0000	0.0000	0.0000	0.0000	0.0000	0.0000	0.0000	0.0000	0.0924	0.0471	0.0452	0.0110	0.0098	0.0013	0.0813	0.0374	0.0440	0.0000	0.0000	0.0000	0.0000	0.0000	0.0000	0.0000	0.0000	0.0000	43.2839	21.2200	66.2650	3.0888	3.4864	0.0079	48.7242	25.8480	68.1607	
15	19	0.0185	3	0	1	0	2	0	0	0	0	N	N	N	Y	N	N	N	N	N	N	N	N	0.0000	0.0000	0.0000	0.0000	0.0000	0.0000	0.0000	0.0000	0.0000	0.0000	0.0000	0.0000	0.0000	0.0000	0.0000	0.0000	0.0000	0.0000	0.0000	0.0000	0.0001	3.0000	6.0018	1.0000	0.0000	0.0000	0.0000	0.0000	0.0000	0.0000	0.0000	0.0000	0.0000	0.0000	0.0000	0.0000	0.0000	0.0000	0.0000	0.0000	0.0000	0.0000	0.0000	0.0000	0.0000	0.0000	0.0000	0.0000	0.0000	0.0000	0.0000	0.0154	0.0075	0.0079	0.0001	0.0001	0.0000	0.0153	0.0074	0.0079	0.0000	0.0000	0.0000	0.0000	0.0000	0.0000	0.0000	0.0000	0.0000	0.0000	0.0000	0.0000	0.0000	0.0000	0.0000	0.0000	0.0000	0.0000											
15	20	0.5726	14	0	1	0	2	0	0	0	0	N	N	N	Y	N	N	N	N	N	N	N	N	0.0000	0.0000	0.0000	0.0000	0.0000	0.0000	0.0000	0.0000	0.0000	0.0000	0.0000	0.0000	0.0000	0.0016	0.0036	0.0000	0.0026	0.0029	0.0000	0.0000	0.0000	0.0000	0.0000	0.0000	-0.0000	0.0001	9.0824	6.0018	4.8637	0.0000	0.0000	0.0000	0.0000	0.0000	0.0000	0.0000	0.0000	0.0000	0.0000	0.0000	0.0000	0.0000	0.0000	0.0000	0.0000	0.0000	0.0000	0.0000	0.0000	0.0000	0.0000	0.0000	0.0000	0.0000	0.0000	0.0000	0.0360	0.0217	0.0142	0.0117	0.0103	0.0014	0.0243	0.0114	0.0128	0.0000	0.0000	0.0000	0.0000	0.0000	0.0000	0.0000	0.0000	0.0000	0.0008	0.0014	0.0000	0.0026	0.0029	0.0000	0.0000	0.0000	0.0000						
15	21	0.1924	11	1	1	0	1	0	0	0	0	N	N	N	N	N	N	N	N	N	N	N	N	0.0000	0.0000	0.0000	0.0000	0.0000	0.0000	0.0000	0.0000	0.0000	0.0000	0.0000	0.0000	0.0000	0.0051	0.0142	0.0000	0.0175	0.0214	0.0000	0.0000	0.0000	0.0000	0.0000	0.0000	-0.0001	0.0001	5.0072	6.0018	8.1033	0.0000	0.0000	0.0000	0.0000	0.0000	0.0000	0.0000	0.0000	0.0000	0.0001	0.0001	0.0000	0.0001	0.0001	0.0000	0.0000	0.0000	0.0000	0.0000	0.0000	0.0000	0.0000	0.0000	0.0000	0.0000	0.0000	0.0000	0.0510	0.0265	0.0244	0.0094	0.0082	0.0012	0.0416	0.0183	0.0233	0.0000	0.0000	0.0000	0.0000	0.0000	0.0000	0.0000	0.0000	0.0000	0.0020	0.0038	0.0000	0.0107	0.0122	0.0000	0.0000	0.0000	0.0000						
15	22	0.0836	7	0	1	0	1	0	0	0	0	N	N	N	N	N	N	N	N	N	N	N	N	0.1825	0.0000	1.0000	0.0159	0.0000	0.6148	0.2519	1.0000	5.6106	0.0000	94.3249	0.0010	0.0000	0.2343	8.3533	0.0000	96.6541	30.7425	0.0025	94.3293	0.0646	0.0127	0.3811	33.1585	0.0000	96.6541	inf	59519.7642	0.0001	1.1057	0.0001	17.0533	6.0018	10.0403	0.0001	0.0000	0.0001	0.0000	0.0000	0.0000	0.0001	0.0000	0.0001	2.9753	0.0000	2.9753	0.0002	0.0000	0.0001	2.9751	0.0000	2.9751	0.0000	0.0000	0.0000	0.0000	0.0000	0.0000	0.0000	0.0000	0.0000	0.0968	0.0478	0.0489	0.0071	0.0061	0.0010	0.0897	0.0418	0.0480	0.1825	0.0000	1.5518	0.0362	0.0000	1.5244	0.2519	0.0000	1.5585	30.7425	0.0010	60.7849	0.0283	0.0082	0.1537	33.1585	0.0000	62.0182	
15	23	0.4332	16	0	0	0	2	0	0	0	0	N	N	N	Y	N	N	N	N	N	N	N	N	0.0000	0.0000	0.0000	0.0000	0.0000	0.0000	0.0000	0.0000	0.0000	0.0000	0.0000	0.0000	0.0000	0.0000	0.0000	0.0000	0.0000	0.0000	0.0000	0.0000	0.0001	2.8591	6.0018	0.9679	0.0000	0.0000	0.0000	0.0000	0.0000	0.0000	0.0000	0.0000	0.0000	0.0000	0.0000	0.0000	0.0000	0.0000	0.0000	0.0000	0.0000	0.0000	0.0000	0.0000	0.0000	0.0000	0.0000	0.0000	0.0000	0.0000	0.0000	0.0111	0.0063	0.0048	0.0025	0.0021	0.0004	0.0086	0.0041	0.0044	0.0000	0.0000	0.0000	0.0000	0.0000	0.0000	0.0000	0.0000	0.0000	0.0000	0.0000	0.0000	0.0000	0.0000	0.0000	0.0000	0.0000	0.0000											
15	24	0.4070	15	0	0	0	2	0	0	0	0	N	N	N	Y	N	N	N	N	N	N	N	N	0.0152	5.5608	0.0000	0.2111	3.7605	0.0000	0.0000	0.0000	0.0043	0.0046	0.0000	0.0056	0.0058	0.0000	0.0000	0.0000	0.0000	0.2858	0.0008	0.1519	0.0267	0.0016	0.1575	0.3428	0.0000	0.1123	0.0000	69.0138	-0.0000	0.0003	0.0001	6.2936	6.0018	7.0245	0.0000	0.0000	0.0000	0.0000	0.0000	0.0000	0.0000	0.0000	0.0000	0.0007	0.0000	0.0007	0.0001	0.0000	0.0001	0.0006	0.0000	0.0006	0.0000	0.0000	0.0000	0.0000	0.0000	0.0000	0.0000	0.0000	0.0000	0.0359	0.0206	0.0153	0.0076	0.0064	0.0012	0.0283	0.0142	0.0141	0.2228	9.4957	0.0000	0.3895	3.7605	0.0000	0.0000	0.0000	0.0000	0.0195	0.0005	0.0452	0.0145	0.0016	0.0867	0.0209	0.0000	0.0418	
15	25	0.2082	10	1	0	1	1	0	0	0	0	N	N	N	N	N	N	N	N	N	N	N	N	inf	inf	inf	inf	inf	inf	17.6145	19.0234	0.0000	0.0008	0.0008	0.0000	32.9669	35.6018	0.0000	0.0000	0.0000	0.0000	0.0000	0.0000	0.0000	0.0000	0.0000	0.0000	0.0000	-0.0000	0.0000	0.0001	4.4994	6.0018	1.0731	0.0001	0.0001	0.0000	0.0000	0.0000	0.0000	0.0001	0.0001	0.0000	0.0000	0.0000	0.0000	0.0000	0.0000	0.0000	0.0000	0.0000	0.0000	0.0000	0.0000	0.0000	0.0000	0.0000	0.0000	0.0000	0.0000	0.0000	0.0179	0.0091	0.0088	0.0020	0.0017	0.0003	0.0160	0.0074	0.0085	inf	inf	0.0000	inf	inf	0.0000	inf	inf	0.0000	0.0000	0.0000	0.0000	0.0000	0.0000	0.0000	0.0000	0.0000	0.0000				
15	26	0.1540	10	0	1	0	1	0	0	0	0	N	N	N	N	N	N	N	N	N	N	N	N	0.0000	0.0000	0.0000	0.0000	0.0000	0.0000	0.0000	0.0000	0.0000	0.0000	0.0000	0.0000	0.0000	0.0000	0.0000	0.0000	0.0000	0.9113	0.0070	2.6664	0.0123	0.0140	0.0052	1.0710	0.0000	2.7283	167.6613	0.0000	0.0056	0.0001	12.3098	6.0018	9.0087	0.0000	0.0000	0.0000	0.0000	0.0000	0.0000	0.0000	0.0000	0.0000	0.0152	0.0001	0.0151	0.0001	0.0001	0.0000	0.0151	0.0000	0.0151	0.0000	0.0000	0.0000	0.0000	0.0000	0.0000	0.0000	0.0000	0.0000	0.0737	0.0400	0.0337	0.0121	0.0102	0.0019	0.0617	0.0298	0.0318	0.0000	0.0000	0.0000	0.0000	0.0000	0.0000	0.0000	0.0000	0.0000	0.2059	0.0023	0.4471	0.0083	0.0089	0.0052	0.2445	0.0000	0.4735		
15	27	0.1309	9	0	1	0	1	0	0	0	0	N	N	N	N	N	N	N	N	N	N	N	N	0.0000	0.0000	0.0000	0.0000	0.0000	0.0000	0.0000	0.0000	0.0000	0.0000	0.0000	0.0000	0.0000	0.0000	0.0000	0.0000	0.0000	1.2254	0.0015	4.4364	0.0471	0.0028	0.2584	1.4604	0.0000	4.7904	2036.7934	0.0000	0.0454	0.0001	25.8727	6.0018	15.5187	0.0000	0.0000	0.0000	0.0000	0.0000	0.0000	0.0000	0.0000	0.0000	0.1222	0.0001	0.1222	0.0005	0.0001	0.0005	0.1217	0.0000	0.1217	0.0000	0.0000	0.0000	0.0000	0.0000	0.0000	0.0000	0.0000	0.0000	0.1480	0.0821	0.0658	0.0253	0.0213	0.0040	0.1227	0.0608	0.0618	0.0000	0.0000	0.0000	0.0000	0.0000	0.0000	0.0000	0.0000	0.0000	0.8260	0.0007	1.8555	0.0217	0.0028	0.1223	0.9919	0.0000	1.9678		
15	28	0.1250	9	1	1	0	1	0	0	0	0	N	N	N	N	N	N	N	N	N	N	N	N	0.0000	0.0000	0.0000	0.0000	0.0000	0.0000	0.0000	0.0000	0.0000	0.0000	0.0000	0.0000	0.0000	0.0055	0.0164	0.0000	0.0442	0.0551	0.0000	0.0000	0.0000	0.0000	0.0000	0.0000	-0.0002	0.0001	38.1974	6.0018	14.3032	0.0000	0.0000	0.0000	0.0000	0.0000	0.0000	0.0000	0.0000	0.0000	0.0003	0.0003	0.0000	0.0003	0.0003	0.0000	0.0000	0.0000	0.0000	0.0000	0.0000	0.0000	0.0000	0.0000	0.0000	0.0000	0.0000	0.0000	0.1583	0.0788	0.0795	0.0159	0.0133	0.0025	0.1424	0.0655	0.0769	0.0000	0.0000	0.0000	0.0000	0.0000	0.0000	0.0000	0.0000	0.0000	0.0021	0.0042	0.0000	0.0208	0.0248	0.0000	0.0000	0.0000	0.0000						
15	29	0.1609	11	0	1	0	1	0	0	0	0	N	N	N	N	N	N	N	N	N	N	N	N	0.0000	0.0000	0.0000	0.0000	0.0000	0.0000	0.0000	0.0000	0.0000	0.0000	0.0000	0.0000	0.0000	0.0000	0.0000	17.6061	0.0000	51.0492	0.0046	0.0000	0.0259	21.2395	0.0000	65.8781	inf	0.0000	0.3767	0.0001	6.0056	6.0018	10.9350	0.0000	0.0000	0.0000	0.0000	0.0000	0.0000	0.0000	0.0000	0.0000	1.0137	0.0000	1.0137	0.0000	0.0000	0.0000	1.0137	0.0000	1.0137	0.0000	0.0000	0.0000	0.0000	0.0000	0.0000	0.0000	0.0000	0.0000	0.0576	0.0312	0.0264	0.0099	0.0082	0.0016	0.0477	0.0229	0.0248	0.0000	0.0000	0.0000	0.0000	0.0000	0.0000	0.0000	0.0000	0.0000	17.6061	0.0000	38.3600	0.0041	0.0000	0.0247	21.2395	0.0000	40.8577				
15	30	0.2210	11	1	1	0	1	0	0	0	0	N	N	N	N	N	N	N	N	N	N	N	N	0.0000	0.3459	0.0000	0.0003	0.2906	0.0000	0.0000	0.0000	0.0001	0.0002	0.0000	0.0002	0.0002	0.0000	0.0000	0.0000	0.0000	7.9798	0.0004	29.8546	0.7154	0.0008	15.4174	10.8884	0.0000	32.9247	0.0000	38247.4143	-0.0000	0.3638	0.0001	17.1852	6.0018	7.8386	0.0000	0.0000	0.0000	0.0000	0.0000	0.0000	0.0000	0.0000	0.0000	0.9788	0.0000	0.9788	0.0043	0.0000	0.0043	0.9745	0.0000	0.9745	0.0000	0.0000	0.0000	0.0000	0.0000	0.0000	0.0000	0.0000	0.0000	0.1227	0.0768	0.0459	0.0332	0.0311	0.0020	0.0895	0.0456	0.0439	0.0000	0.4586	0.0000	0.0018	0.2906	0.0000	0.0000	0.0000	0.0000	7.9798	0.0003	21.3290	0.1301	0.0008	2.1300	10.8884	0.0000	22.2102	
15	31	0.2616	12	0	1	0	1	0	0	0	0	N	N	N	N	N	N	N	N	N	N	N	N	0.0000	0.0000	0.0000	0.0000	0.0000	0.0000	0.0000	0.0000	0.0000	0.0000	0.0000	0.0000	0.0000	0.0000	0.0000	0.0000	0.0000	0.0020	0.0015	0.0012	0.0069	0.0047	0.0116	0.0013	0.0000	0.0008	1.5001	0.0000	-0.0000	0.0001	9.9927	6.0018	7.0404	0.0000	0.0000	0.0000	0.0000	0.0000	0.0000	0.0000	0.0000	0.0000	0.0000	0.0000	0.0000	0.0000	0.0000	0.0000	0.0000	0.0000	0.0000	0.0000	0.0000	0.0000	0.0000	0.0000	0.0000	0.0000	0.0000	0.0000	0.0519	0.0261	0.0258	0.0057	0.0048	0.0009	0.0462	0.0213	0.0249	0.0000	0.0000	0.0000	0.0000	0.0000	0.0000	0.0000	0.0000	0.0000	0.0010	0.0008	0.0012	0.0053	0.0041	0.0116	0.0004	0.0000	0.0008		
15	32	0.2535	11	0	1	0	1	0	0	0	0	N	N	N	N	N	N	N	N	N	N	N	N	0.0000	0.0000	0.0000	0.0000	0.0000	0.0000	0.0000	0.0000	0.0000	0.0000	0.0000	0.0000	0.0000	0.0000	0.0000	0.0000	0.0000	0.0942	0.0249	0.0334	0.0410	0.0531	0.0000	0.1109	0.0790	0.0311	3.0000	0.0000	0.0000	0.0001	3.8146	6.0018	0.9911	0.0000	0.0000	0.0000	0.0000	0.0000	0.0000	0.0000	0.0000	0.0000	0.0002	0.0000	0.0001	0.0000	0.0000	0.0000	0.0001	0.0000	0.0001	0.0000	0.0000	0.0000	0.0000	0.0000	0.0000	0.0000	0.0000	0.0000	0.0150	0.0074	0.0075	0.0015	0.0013	0.0002	0.0135	0.0062	0.0073	0.0000	0.0000	0.0000	0.0000	0.0000	0.0000	0.0000	0.0000	0.0000	0.0107	0.0054	0.0159	0.0198	0.0237	0.0000	0.0097	0.0016	0.0165		
15	33	0.2535	11	0	1	0	1	0	0	0	0	N	N	N	N	N	N	N	N	N	N	N	N	0.0000	0.0000	0.0000	0.0000	0.0000	0.0000	0.0000	0.0000	0.0000	0.0000	0.0000	0.0000	0.0000	0.0029	0.0000	0.0025	0.0000	0.0000	0.0000	0.0056	0.0000	0.0026	inf	0.0000	0.0000	0.0001	24.4476	6.0018	5.0002	0.0000	0.0000	0.0000	0.0000	0.0000	0.0000	0.0000	0.0000	0.0000	0.0001	0.0000	0.0001	0.0000	0.0000	0.0000	0.0001	0.0000	0.0001	0.0000	0.0000	0.0000	0.0000	0.0000	0.0000	0.0000	0.0000	0.0000	0.0869	0.0435	0.0434	0.0088	0.0074	0.0015	0.0781	0.0361	0.0420	0.0000	0.0000	0.0000	0.0000	0.0000	0.0000	0.0000	0.0000	0.0000	0.0013	0.0000	0.0025	0.0000	0.0000	0.0000	0.0014	0.0000	0.0026						
15	34	0.3015	11	0	1	1	2	0	0	0	0	N	N	N	Y	N	N	N	N	N	N	N	N	0.0000	0.0000	0.0000	0.0000	0.0000	0.0000	0.0000	0.0000	0.0000	0.0000	0.0000	0.0000	0.0000	0.0000	0.0000	0.0000	0.0000	0.0000	0.0000	0.0000	0.0000	0.0000	0.0000	0.0000	-0.0000	0.0001	1.3124	6.0018	1.0060	0.0000	0.0000	0.0000	0.0000	0.0000	0.0000	0.0000	0.0000	0.0000	0.0000	0.0000	0.0000	0.0000	0.0000	0.0000	0.0000	0.0000	0.0000	0.0000	0.0000	0.0000	0.0000	0.0000	0.0000	0.0000	0.0000	0.0000	0.0091	0.0056	0.0034	0.0024	0.0022	0.0002	0.0066	0.0034	0.0032	0.0000	0.0000	0.0000	0.0000	0.0000	0.0000	0.0000	0.0000	0.0000	0.0000	0.0000	0.0000	0.0000	0.0000	0.0000	0.0000	0.0000	0.0000						
15	35	0.1702	10	0	0	0	2	0	0	0	0	N	N	N	Y	N	N	N	N	N	N	N	N	0.0009	0.0002	0.0000	0.0003	0.0003	0.0000	0.0000	0.0000	0.0001	0.0001	0.0000	0.0001	0.0001	0.0000	0.0000	0.0000	0.0000	0.0721	0.3030	0.0000	0.3070	0.3501	0.0000	0.0000	0.0001	0.0000	0.0000	0.0000	-0.0000	-0.0013	0.0001	53.2438	6.0018	16.6757	0.0000	0.0000	0.0000	0.0000	0.0000	0.0000	0.0000	0.0000	0.0000	0.0021	0.0021	0.0000	0.0021	0.0021	0.0000	0.0000	0.0000	0.0000	0.0000	0.0000	0.0000	0.0000	0.0000	0.0000	0.0000	0.0000	0.0000	0.2182	0.1183	0.0999	0.0327	0.0288	0.0039	0.1854	0.0895	0.0960	0.0066	0.0038	0.0000	0.0016	0.0014	0.0000	0.0000	0.0000	0.0000	0.0098	0.0181	0.0000	0.0654	0.0742	0.0000	0.0000	0.0000	0.0000	
15	36	0.1294	10	0	1	0	1	0	0	0	0	N	N	N	N	N	N	N	N	N	N	N	N	0.0000	0.0000	0.0000	0.0000	0.0000	0.0000	0.0000	0.0000	0.0000	0.0000	0.0000	0.0000	0.0000	0.0012	0.0033	0.0000	0.0056	0.0072	0.0000	0.0000	0.0000	0.0000	0.0000	0.0000	-0.0000	0.0001	17.9460	6.0018	11.6991	0.0000	0.0000	0.0000	0.0000	0.0000	0.0000	0.0000	0.0000	0.0000	0.0001	0.0001	0.0000	0.0001	0.0001	0.0000	0.0000	0.0000	0.0000	0.0000	0.0000	0.0000	0.0000	0.0000	0.0000	0.0000	0.0000	0.0000	0.1044	0.0544	0.0500	0.0151	0.0130	0.0021	0.0894	0.0414	0.0479	0.0000	0.0000	0.0000	0.0000	0.0000	0.0000	0.0000	0.0000	0.0000	0.0007	0.0013	0.0000	0.0046	0.0054	0.0000	0.0000	0.0000	0.0000						
15	37	0.5848	15	1	1	0	1	0	0	0	0	N	N	N	N	N	N	N	N	N	N	N	N	0.0000	0.0000	0.0000	0.0000	0.0000	0.0000	0.0000	0.0000	0.0000	0.0000	0.0000	0.0000	0.0000	0.0000	0.0000	0.0000	0.0000	0.0000	0.0000	0.0000	0.0001	1.9903	6.0018	0.0021	0.0000	0.0000	0.0000	0.0000	0.0000	0.0000	0.0000	0.0000	0.0000	0.0000	0.0000	0.0000	0.0000	0.0000	0.0000	0.0000	0.0000	0.0000	0.0000	0.0000	0.0000	0.0000	0.0000	0.0000	0.0000	0.0000	0.0000	0.0048	0.0030	0.0018	0.0017	0.0015	0.0002	0.0031	0.0015	0.0016	0.0000	0.0000	0.0000	0.0000	0.0000	0.0000	0.0000	0.0000	0.0000	0.0000	0.0000	0.0000	0.0000	0.0000	0.0000	0.0000	0.0000	0.0000											
15	38	0.1702	10	0	1	0	2	0	0	0	0	N	N	N	Y	N	N	N	N	N	N	N	N	0.0072	0.0024	0.0026	0.0023	0.0001	0.0001	0.0000	0.0001	0.0001	0.0000	0.0000	0.0000	0.0000	0.0102	0.0325	0.0000	0.0459	0.0541	0.0000	0.0000	0.0000	0.0000	0.0000	0.0000	-0.0000	-0.0004	0.0001	45.5232	6.0018	15.8903	0.0000	0.0000	0.0000	0.0000	0.0000	0.0000	0.0000	0.0000	0.0000	0.0007	0.0007	0.0000	0.0007	0.0007	0.0000	0.0000	0.0000	0.0000	0.0000	0.0000	0.0000	0.0000	0.0000	0.0000	0.0000	0.0000	0.0000	0.1978	0.1076	0.0902	0.0307	0.0272	0.0035	0.1671	0.0804	0.0867	0.0220	0.0129	0.0000	0.0055	0.0051	0.0000	0.0000	0.0000	0.0000	0.0033	0.0061	0.0000	0.0215	0.0242	0.0000	0.0000	0.0000	0.0000					
15	39	0.1431	9	0	0	0	2	0	0	0	0	N	N	N	Y	N	N	N	N	N	N	N	N	0.0005	0.0005	0.0000	inf	inf	0.0000	0.0000	0.0000	0.0002	0.0002	0.0000	0.0004	0.0004	0.0000	0.0000	0.0000	0.0000	0.4711	0.4650	0.1432	0.0000	0.0000	0.0000	0.5911	0.9845	0.1324	0.0000	1.2288	-0.0000	-0.0002	0.0001	13.8166	6.0018	4.5847	0.0000	0.0000	0.0000	0.0000	0.0000	0.0000	0.0000	0.0000	0.0000	0.0025	0.0011	0.0014	0.0000	0.0000	0.0000	0.0025	0.0011	0.0014	0.0000	0.0000	0.0000	0.0000	0.0000	0.0000	0.0000	0.0000	0.0000	0.0711	0.0393	0.0318	0.0113	0.0102	0.0011	0.0598	0.0291	0.0307	0.0063	0.0084	0.0000	inf	inf	0.0000	0.0000	0.0000	0.0000	0.0354	0.0288	0.0437	0.0000	0.0000	0.0000	0.0421	0.0389	0.0452	
15	40	0.3050	13	0	0	1	1	0	0	0	0	N	N	N	N	N	N	N	N	N	N	N	N	0.0000	0.0000	0.0000	0.0000	0.0000	0.0000	0.0000	0.0000	0.0000	0.0000	0.0000	0.0000	0.0000	0.1013	0.3249	0.0000	0.1341	0.1589	0.0000	0.0000	0.0000	0.0000	0.0000	0.0000	-0.0005	0.0001	12.6411	6.0018	7.4648	0.0000	0.0000	0.0000	0.0000	0.0000	0.0000	0.0000	0.0000	0.0000	0.0009	0.0009	0.0000	0.0009	0.0009	0.0000	0.0000	0.0000	0.0000	0.0000	0.0000	0.0000	0.0000	0.0000	0.0000	0.0000	0.0000	0.0000	0.0771	0.0459	0.0312	0.0204	0.0181	0.0023	0.0566	0.0278	0.0289	0.0000	0.0000	0.0000	0.0000	0.0000	0.0000	0.0000	0.0000	0.0000	0.0111	0.0187	0.0000	0.0419	0.0473	0.0000	0.0000	0.0000	0.0000						
15	41	0.5724	13	0	1	0	1	0	0	0	0	N	N	N	N	N	N	N	N	N	N	N	N	0.1934	343.1715	0.0000	0.2277	130.2078	0.0000	0.4617	inf	0.0000	0.1997	0.2258	0.0000	0.1102	0.1264	0.0000	0.5757	0.6143	0.0000	1.0324	0.0007	3.4359	0.4840	0.0010	4.3901	1.2470	0.0000	3.5137	0.0000	1446.3396	-0.0000	0.0108	0.0001	22.0894	6.0018	9.3639	0.0000	0.0000	0.0000	0.0000	0.0000	0.0000	0.0000	0.0000	0.0000	0.0291	0.0000	0.0291	0.0021	0.0000	0.0021	0.0270	0.0000	0.0270	0.0001	0.0000	0.0000	0.0000	0.0000	0.0000	0.0000	0.0000	0.0000	0.0797	0.0472	0.0325	0.0235	0.0207	0.0027	0.0562	0.0265	0.0298	0.5462	529.4729	0.0000	1.2137	130.2078	0.0000	1.1986	inf	0.0000	0.3657	0.0004	0.8966	0.0908	0.0010	0.7764	0.4803	0.0000	0.9076
15	42	0.1431	9	0	1	0	1	0	0	0	0	N	N	N	N	N	N	N	N	N	N	N	N	0.0000	0.0000	0.0000	0.0000	0.0000	0.0000	0.0000	0.0000	0.0000	0.0000	0.0000	0.0000	0.0000	0.0000	0.0000	0.0000	0.0000	0.0000	0.0000	0.0000	0.0001	43.3975	6.0018	17.3745	0.0000	0.0000	0.0000	0.0000	0.0000	0.0000	0.0000	0.0000	0.0000	0.0000	0.0000	0.0000	0.0000	0.0000	0.0000	0.0000	0.0000	0.0000	0.0000	0.0000	0.0000	0.0000	0.0000	0.0000	0.0000	0.0000	0.0000	0.1936	0.1036	0.0900	0.0234	0.0202	0.0032	0.1702	0.0834	0.0868	0.0000	0.0000	0.0000	0.0000	0.0000	0.0000	0.0000	0.0000	0.0000	0.0000	0.0000	0.0000	0.0000	0.0000	0.0000	0.0000	0.0000	0.0000											
15	43	0.5026	12	1	0	1	1	0	0	0	0	N	N	N	N	N	N	N	N	N	N	N	N	0.0000	0.0000	0.0000	0.0000	0.0000	0.0000	0.0000	0.0000	0.0000	0.0000	0.0000	0.0000	0.0000	0.0000	0.0000	0.0000	0.0000	0.0008	0.0004	0.0008	0.0012	0.0007	0.0042	0.0007	0.0000	0.0004	2.0004	0.0000	0.0000	0.0001	18.2331	6.0018	4.4208	0.0000	0.0000	0.0000	0.0000	0.0000	0.0000	0.0000	0.0000	0.0000	0.0000	0.0000	0.0000	0.0000	0.0000	0.0000	0.0000	0.0000	0.0000	0.0000	0.0000	0.0000	0.0000	0.0000	0.0000	0.0000	0.0000	0.0000	0.0581	0.0329	0.0252	0.0174	0.0150	0.0024	0.0407	0.0179	0.0229	0.0000	0.0000	0.0000	0.0000	0.0000	0.0000	0.0000	0.0000	0.0000	0.0005	0.0003	0.0008	0.0012	0.0007	0.0042	0.0002	0.0000	0.0004		
15	44	0.5624	12	0	1	0	2	0	0	0	0	N	N	N	Y	N	N	N	N	N	N	N	N	0.0521	0.0459	0.0000	0.0236	0.0228	0.0543	inf	0.0000	0.9888	1.0962	0.0000	1.1812	1.3150	0.0000	0.3624	0.3964	0.0000	18.9795	23.9031	18.8365	50.0493	57.6372	0.0000	6.6729	0.0000	22.2807	0.0000	0.3366	-0.0000	-1.4941	0.0001	62.5878	6.0018	29.9840	0.0001	0.0001	0.0000	0.0001	0.0001	0.0000	0.0000	0.0000	0.0000	3.9683	2.9689	0.9993	2.9689	2.9689	0.0000	0.9993	0.0000	0.9993	0.0001	0.0001	0.0000	0.0001	0.0001	0.0000	0.0000	0.0000	0.0000	0.2091	0.1242	0.0849	0.0593	0.0515	0.0078	0.1498	0.0727	0.0771	0.0521	0.0459	0.0000	0.0236	0.0228	0.0000	0.0543	inf	0.0000	18.9795	23.9031	11.7742	50.0493	57.6372	0.0000	6.6729	0.0000	12.9673	
15	45	0.5026	12	1	0	1	1	0	0	0	0	N	N	N	N	N	N	N	N	N	N	N	N	0.0000	0.0000	0.0000	0.0000	0.0000	0.0000	0.0000	0.0000	0.0000	0.0000	0.0000	0.0000	0.0000	0.0000	0.0000	0.0000	0.0000	0.0013	0.0006	0.0010	0.0015	0.0009	0.0057	0.0010	0.0000	0.0006	2.0004	0.0000	0.0000	0.0001	13.5293	6.0018	3.1702	0.0000	0.0000	0.0000	0.0000	0.0000	0.0000	0.0000	0.0000	0.0000	0.0000	0.0000	0.0000	0.0000	0.0000	0.0000	0.0000	0.0000	0.0000	0.0000	0.0000	0.0000	0.0000	0.0000	0.0000	0.0000	0.0000	0.0000	0.0442	0.0251	0.0191	0.0134	0.0116	0.0018	0.0308	0.0135	0.0173	0.0000	0.0000	0.0000	0.0000	0.0000	0.0000	0.0000	0.0000	0.0000	0.0007	0.0004	0.0010	0.0015	0.0009	0.0057	0.0003	0.0000	0.0006		
15	46	0.4981	11	1	0	1	1	0	0	0	0	N	N	N	N	N	N	N	N	N	N	N	N	0.0000	0.0000	0.0000	0.0000	0.0000	0.0000	0.0000	0.0000	0.0000	0.0000	0.0000	0.0000	0.0000	0.0000	0.0000	0.0000	0.0000	0.0430	0.0212	0.0244	0.0202	0.0152	0.0413	0.0418	0.0000	0.0163	1.7980	0.0000	0.0000	0.0001	4.1147	6.0018	1.2946	0.0000	0.0000	0.0000	0.0000	0.0000	0.0000	0.0000	0.0000	0.0000	0.0001	0.0001	0.0001	0.0001	0.0001	0.0000	0.0001	0.0000	0.0001	0.0000	0.0000	0.0000	0.0000	0.0000	0.0000	0.0000	0.0000	0.0000	0.0175	0.0103	0.0072	0.0059	0.0053	0.0006	0.0116	0.0050	0.0066	0.0000	0.0000	0.0000	0.0000	0.0000	0.0000	0.0000	0.0000	0.0000	0.0080	0.0049	0.0125	0.0119	0.0095	0.0340	0.0060	0.0000	0.0106		
15	47	0.4355	10	1	0	0	1	0	0	0	0	N	N	N	N	N	N	N	N	N	N	N	N	0.0000	0.0000	0.0000	0.0000	0.0000	0.0000	0.0000	0.0000	0.0000	0.0000	0.0000	0.0000	0.0000	0.0000	0.0000	0.0000	0.0000	0.0000	0.9656	0.4359	3.0951	0.5137	0.1912	2.6850	1.1521	0.0060	3.0934	14.9623	-0.0000	0.0114	0.0001	22.0103	6.0018	13.6452	0.0000	0.0000	0.0000	0.0000	0.0000	0.0000	0.0000	0.0000	0.0000	0.0370	0.0023	0.0347	0.0047	0.0023	0.0024	0.0323	0.0000	0.0323	0.0000	0.0000	0.0000	0.0000	0.0000	0.0000	0.0000	0.0000	0.0000	0.1412	0.0873	0.0539	0.0486	0.0443	0.0042	0.0927	0.0430	0.0497	0.0000	0.0000	0.0000	0.0000	0.0000	0.0000	0.0000	0.0000	0.0000	0.2621	0.0265	0.6438	0.0972	0.0521	0.5711	0.3484	0.0002	0.6500	
15	48	0.3050	13	0	1	0	1	0	0	0	0	N	N	N	N	N	N	N	N	N	N	N	N	0.0000	0.0000	0.0000	0.0000	0.0000	0.0000	0.0000	0.0000	0.0000	0.0000	0.0000	0.0000	0.0000	0.0000	0.0000	0.0168	0.0592	0.0000	0.0041	0.0049	0.0000	0.0369	0.6192	0.0000	0.0000	0.0000	-0.0002	0.0001	12.3962	6.0018	3.7178	0.0000	0.0000	0.0000	0.0000	0.0000	0.0000	0.0000	0.0000	0.0000	0.0003	0.0003	0.0000	0.0001	0.0001	0.0000	0.0003	0.0003	0.0000	0.0000	0.0000	0.0000	0.0000	0.0000	0.0000	0.0000	0.0000	0.0000	0.0665	0.0402	0.0263	0.0188	0.0168	0.0020	0.0477	0.0235	0.0243	0.0000	0.0000	0.0000	0.0000	0.0000	0.0000	0.0000	0.0000	0.0000	0.0049	0.0080	0.0000	0.0038	0.0042	0.0000	0.0053	0.0108	0.0000				
15	49	0.2761	12	0	0	0	1	0	0	0	0	N	N	N	N	N	N	N	N	N	N	N	N	0.0000	0.0000	0.0000	0.0000	0.0000	0.0000	0.0000	0.0000	0.0000	0.0000	0.0000	0.0000	0.0000	0.0000	0.0000	0.0000	0.0000	0.0000	0.0384	0.1449	0.0019	0.0290	0.0357	0.0000	0.0266	0.4832	0.0021	0.1156	0.0000	-0.0004	0.0001	14.4870	6.0018	5.8627	0.0000	0.0000	0.0000	0.0000	0.0000	0.0000	0.0000	0.0000	0.0000	0.0007	0.0006	0.0001	0.0004	0.0004	0.0000	0.0003	0.0002	0.0001	0.0000	0.0000	0.0000	0.0000	0.0000	0.0000	0.0000	0.0000	0.0000	0.0891	0.0524	0.0367	0.0260	0.0231	0.0029	0.0631	0.0293	0.0338	0.0000	0.0000	0.0000	0.0000	0.0000	0.0000	0.0000	0.0000	0.0000	0.0076	0.0116	0.0019	0.0155	0.0174	0.0000	0.0044	0.0071	0.0021	
15	50	0.2140	11	1	1	1	1	0	0	0	0	N	N	N	N	N	N	N	N	N	N	N	N	0.0000	0.0000	0.0000	0.0000	0.0000	0.0000	0.0000	0.0000	0.0000	0.0000	0.0000	0.0000	0.0000	0.0000	0.0000	0.0000	0.0000	0.0000	0.0000	0.0000	0.0001	0.9856	6.0018	2.8295	0.0000	0.0000	0.0000	0.0000	0.0000	0.0000	0.0000	0.0000	0.0000	0.0000	0.0000	0.0000	0.0000	0.0000	0.0000	0.0000	0.0000	0.0000	0.0000	0.0000	0.0000	0.0000	0.0000	0.0000	0.0000	0.0000	0.0000	0.0118	0.0059	0.0059	0.0012	0.0010	0.0002	0.0106	0.0049	0.0057	0.0000	0.0000	0.0000	0.0000	0.0000	0.0000	0.0000	0.0000	0.0000	0.0000	0.0000	0.0000	0.0000	0.0000	0.0000	0.0000	0.0000	0.0000											
15	51	0.5423	13	1	1	0	1	0	0	0	0	N	N	N	N	N	N	N	N	N	N	N	N	0.0000	0.0000	0.0000	0.0000	0.0000	0.0000	0.0000	0.0000	0.0000	0.0000	0.0000	0.0000	0.0000	0.0000	0.0000	0.2176	0.4409	0.0000	0.0041	0.0050	0.0000	0.3769	1.0771	0.0000	0.0000	0.0000	-0.0006	0.0001	13.3057	6.0018	8.6321	0.0000	0.0000	0.0000	0.0000	0.0000	0.0000	0.0000	0.0000	0.0000	0.0010	0.0010	0.0000	0.0001	0.0001	0.0000	0.0009	0.0009	0.0000	0.0000	0.0000	0.0000	0.0000	0.0000	0.0000	0.0000	0.0000	0.0000	0.0624	0.0378	0.0246	0.0212	0.0188	0.0024	0.0412	0.0190	0.0222	0.0000	0.0000	0.0000	0.0000	0.0000	0.0000	0.0000	0.0000	0.0000	0.0163	0.0269	0.0000	0.0038	0.0043	0.0000	0.0228	0.0493	0.0000				
15	52	0.4070	15	0	1	0	2	0	0	0	0	N	N	N	Y	N	N	N	N	N	N	N	N	0.0159	1.5718	0.0000	0.0534	1.6479	0.0000	0.0000	0.0000	0.0122	0.0129	0.0000	0.0158	0.0163	0.0000	0.0000	0.0000	0.0000	0.7689	0.0082	1.8151	0.2955	0.0099	1.4109	0.8965	0.0000	1.6389	0.0000	69.0145	-0.0000	0.0003	0.0001	2.1073	6.0018	0.0711	0.0000	0.0000	0.0000	0.0000	0.0000	0.0000	0.0000	0.0000	0.0000	0.0007	0.0000	0.0007	0.0001	0.0000	0.0001	0.0006	0.0000	0.0006	0.0000	0.0000	0.0000	0.0000	0.0000	0.0000	0.0000	0.0000	0.0000	0.0068	0.0039	0.0028	0.0017	0.0015	0.0003	0.0050	0.0025	0.0026	0.1178	5.0949	0.0000	0.2474	2.3890	0.0000	0.0000	0.0000	0.0000	0.1036	0.0025	0.2453	0.0638	0.0068	0.3864	0.1173	0.0000	0.2310	
15	53	0.3446	14	0	0	0	2	0	0	0	0	N	N	N	Y	N	N	N	N	N	N	N	N	0.3489	571.8633	0.0000	438.6511	6803.4211	0.0000	0.0000	0.0000	0.0000	4.8299	5.1546	0.0000	6.7749	7.0250	0.0000	0.0000	0.0000	0.0000	13.8422	0.0090	46.3744	0.0154	0.0010	0.0747	16.6966	0.2526	48.0894	0.0000	9036.9698	-0.0000	0.3710	0.0001	21.8329	6.0018	8.0592	0.0001	0.0001	0.0000	0.0001	0.0001	0.0000	0.0000	0.0000	0.0000	0.9986	0.0001	0.9985	0.0001	0.0000	0.0001	0.9985	0.0001	0.9984	0.0000	0.0000	0.0000	0.0000	0.0000	0.0000	0.0000	0.0000	0.0000	0.0721	0.0403	0.0319	0.0123	0.0102	0.0021	0.0598	0.0300	0.0298	0.3489	1879.7006	0.0000	693.8444	6803.4211	0.0000	0.0000	0.0000	0.0000	13.8422	0.0027	31.3496	0.0098	0.0010	0.0526	16.6966	0.0033	33.5483
15	54	0.6547	15	0	1	0	2	0	0	0	0	N	N	N	Y	N	N	N	N	N	N	N	N	0.0000	0.0000	0.0000	0.0000	0.0000	0.0000	0.0000	0.0000	0.0000	0.0000	0.0000	0.0000	0.0000	0.0000	0.0000	0.0000	0.0000	0.0000	0.0000	0.0000	0.0001	0.0000	6.0018	0.0000	0.0000	0.0000	0.0000	0.0000	0.0000	0.0000	0.0000	0.0000	0.0000	0.0000	0.0000	0.0000	0.0000	0.0000	0.0000	0.0000	0.0000	0.0000	0.0000	0.0000	0.0000	0.0000	0.0000	0.0000	0.0000	0.0000	0.0000	0.0000	0.0000	0.0000	0.0000	0.0000	0.0000	0.0000	0.0000	0.0000	0.0000	0.0000	0.0000	0.0000	0.0000	0.0000	0.0000	0.0000	0.0000	0.0000	0.0000	0.0000	0.0000	0.0000	0.0000	0.0000	0.0000	0.0000											
15	55	0.3446	14	0	0	0	2	0	0	0	0	N	N	N	Y	N	N	N	N	N	N	N	N	0.0469	0.0368	0.0268	0.0275	0.0411	0.0436	0.0000	0.0549	0.0567	0.0000	0.0000	0.0000	0.0000	0.8770	1.1825	0.0000	2.0496	2.0637	0.0000	0.0000	0.0000	0.0000	0.0000	0.0000	-0.0000	-0.0005	0.0001	1.2825	6.0018	0.1503	0.0000	0.0000	0.0000	0.0000	0.0000	0.0000	0.0000	0.0000	0.0000	0.0008	0.0008	0.0000	0.0008	0.0008	0.0000	0.0000	0.0000	0.0000	0.0000	0.0000	0.0000	0.0000	0.0000	0.0000	0.0000	0.0000	0.0000	0.0049	0.0031	0.0019	0.0013	0.0012	0.0001	0.0036	0.0019	0.0017	0.2416	0.1595	0.0000	0.0865	0.0808	0.0000	0.0000	0.0000	0.0000	0.1702	0.2732	0.0000	0.6353	0.7016	0.0000	0.0000	0.0000	0.0000					
15	56	0.3037	13	0	0	0	2	0	0	0	0	N	N	N	Y	N	N	N	N	N	N	N	N	0.0209	0.0277	0.0000	0.1371	0.1185	0.0000	0.0000	0.0000	0.0000	0.0049	0.0052	0.0000	0.0071	0.0074	0.0000	0.0000	0.0000	0.0000	0.2320	0.1881	0.0535	0.0517	0.0622	0.0000	0.2130	0.2821	0.0510	0.0000	1.1677	-0.0000	-0.0001	0.0001	14.8542	6.0018	6.8183	0.0000	0.0000	0.0000	0.0000	0.0000	0.0000	0.0000	0.0000	0.0000	0.0014	0.0006	0.0007	0.0005	0.0005	0.0000	0.0008	0.0001	0.0007	0.0000	0.0000	0.0000	0.0000	0.0000	0.0000	0.0000	0.0000	0.0000	0.0796	0.0488	0.0308	0.0220	0.0193	0.0027	0.0576	0.0295	0.0281	0.2852	0.4065	0.0000	0.3022	0.2753	0.0000	0.0000	0.0000	0.0000	0.0170	0.0128	0.0237	0.0235	0.0268	0.0000	0.0146	0.0037	0.0260
15	57	0.2287	12	0	0	0	2	0	0	0	0	N	N	N	Y	N	N	N	N	N	N	N	N	0.0006	0.0003	0.0000	0.0005	0.0005	0.0000	0.0000	0.0000	0.0000	0.0001	0.0001	0.0000	0.0002	0.0002	0.0000	0.0000	0.0000	0.0000	0.2196	0.4104	0.0092	0.3664	0.4173	0.0000	0.0300	0.2229	0.0079	0.0000	0.1875	-0.0000	-0.0010	0.0001	33.5853	6.0018	9.3450	0.0000	0.0000	0.0000	0.0000	0.0000	0.0000	0.0000	0.0000	0.0000	0.0022	0.0019	0.0003	0.0017	0.0017	0.0000	0.0005	0.0002	0.0003	0.0000	0.0000	0.0000	0.0000	0.0000	0.0000	0.0000	0.0000	0.0000	0.1343	0.0749	0.0594	0.0228	0.0200	0.0029	0.1114	0.0549	0.0565	0.0075	0.0053	0.0000	0.0026	0.0023	0.0000	0.0000	0.0000	0.0000	0.0165	0.0249	0.0059	0.0744	0.0851	0.0000	0.0046	0.0030	0.0062
15	58	0.2080	11	0	0	0	1	0	0	0	0	N	N	N	N	N	N	N	N	N	N	N	N	0.0000	0.0000	0.0000	0.0000	0.0000	0.0000	0.0000	0.0000	0.0000	0.0000	0.0000	0.0000	0.0000	0.0000	0.0000	0.0000	0.0000	0.0000	0.4426	0.3449	0.1598	0.1162	0.1294	0.0000	0.4922	0.5647	0.1463	1.9672	-0.0000	0.0001	0.0001	15.2419	6.0018	2.5705	0.0000	0.0000	0.0000	0.0000	0.0000	0.0000	0.0000	0.0000	0.0000	0.0022	0.0008	0.0015	0.0005	0.0005	0.0000	0.0017	0.0002	0.0015	0.0000	0.0000	0.0000	0.0000	0.0000	0.0000	0.0000	0.0000	0.0000	0.0684	0.0371	0.0313	0.0136	0.0124	0.0012	0.0549	0.0247	0.0302	0.0000	0.0000	0.0000	0.0000	0.0000	0.0000	0.0000	0.0000	0.0000	0.0326	0.0203	0.0472	0.0392	0.0428	0.0000	0.0310	0.0089	0.0490	
15	59	0.6547	15	0	0	0	2	0	0	0	0	N	N	N	Y	N	N	N	N	N	N	N	N	0.0000	0.0000	0.0000	0.0000	0.0000	0.0000	0.0000	0.0000	0.0000	0.0000	0.0000	0.0000	0.0000	0.0000	0.0000	0.0000	0.0000	0.0000	0.0000	0.0000	0.0001	0.0000	6.0018	0.0000	0.0000	0.0000	0.0000	0.0000	0.0000	0.0000	0.0000	0.0000	0.0000	0.0000	0.0000	0.0000	0.0000	0.0000	0.0000	0.0000	0.0000	0.0000	0.0000	0.0000	0.0000	0.0000	0.0000	0.0000	0.0000	0.0000	0.0000	0.0000	0.0000	0.0000	0.0000	0.0000	0.0000	0.0000	0.0000	0.0000	0.0000	0.0000	0.0000	0.0000	0.0000	0.0000	0.0000	0.0000	0.0000	0.0000	0.0000	0.0000	0.0000	0.0000	0.0000	0.0000	0.0000	0.0000											
15	60	0.5773	14	0	0	0	2	0	0	0	0	N	N	N	Y	N	N	N	N	N	N	N	N	0.0000	0.0000	0.0000	0.0000	0.0000	0.0000	0.0000	0.0000	0.0000	0.0000	0.0000	0.0000	0.0000	0.0145	0.0481	0.0000	0.0258	0.0327	0.0000	0.0000	0.0000	0.0000	0.0000	0.0000	-0.0002	0.0001	19.3360	6.0018	7.9957	0.0000	0.0000	0.0000	0.0000	0.0000	0.0000	0.0000	0.0000	0.0000	0.0003	0.0003	0.0000	0.0003	0.0003	0.0000	0.0000	0.0000	0.0000	0.0000	0.0000	0.0000	0.0000	0.0000	0.0000	0.0000	0.0000	0.0000	0.0674	0.0410	0.0263	0.0211	0.0181	0.0030	0.0463	0.0229	0.0234	0.0000	0.0000	0.0000	0.0000	0.0000	0.0000	0.0000	0.0000	0.0000	0.0045	0.0073	0.0000	0.0142	0.0165	0.0000	0.0000	0.0000	0.0000						
15	61	0.2673	12	0	1	1	1	0	0	0	0	N	N	N	N	N	N	N	N	N	N	N	N	0.0009	0.2919	0.0000	0.0357	0.2481	0.0000	0.0000	0.0000	0.0009	0.0009	0.0000	0.0022	0.0022	0.0000	0.0000	0.0000	0.0000	0.9525	0.0032	2.7845	0.0619	0.0091	0.3740	1.0998	0.0000	2.7780	0.0000	378.6172	-0.0000	0.0070	0.0001	14.2360	6.0018	11.9336	0.0000	0.0000	0.0000	0.0000	0.0000	0.0000	0.0000	0.0000	0.0000	0.0190	0.0000	0.0189	0.0002	0.0000	0.0002	0.0187	0.0000	0.0187	0.0000	0.0000	0.0000	0.0000	0.0000	0.0000	0.0000	0.0000	0.0000	0.0782	0.0395	0.0387	0.0090	0.0077	0.0013	0.0691	0.0318	0.0374	0.0037	0.7447	0.0000	0.0798	0.3468	0.0000	0.0000	0.0000	0.0000	0.2428	0.0013	0.4892	0.0277	0.0065	0.1535	0.2708	0.0000	0.5009	
15	62	0.1369	10	1	0	1	1	0	0	0	0	N	N	N	N	N	N	N	N	N	N	N	N	0.0000	0.0000	0.0000	0.0000	0.0000	0.0000	0.0000	0.0000	0.0000	0.0000	0.0000	0.0000	0.0000	0.0000	0.0000	0.0000	0.0000	7.4983	0.4744	23.2167	1.5522	0.8501	14.1563	8.3458	0.0000	26.4224	494.4931	0.0000	0.3589	0.0001	28.8660	6.0018	13.2209	0.0000	0.0000	0.0000	0.0000	0.0000	0.0000	0.0000	0.0000	0.0000	0.9709	0.0020	0.9689	0.0051	0.0020	0.0031	0.9658	0.0000	0.9658	0.0000	0.0000	0.0000	0.0000	0.0000	0.0000	0.0000	0.0000	0.0000	0.1295	0.0653	0.0642	0.0138	0.0119	0.0018	0.1157	0.0534	0.0624	0.0000	0.0000	0.0000	0.0000	0.0000	0.0000	0.0000	0.0000	0.0000	7.4983	0.0300	15.0960	0.3699	0.1642	1.7169	8.3458	0.0000	15.4871		
15	63	0.1924	11	1	1	0	1	0	0	0	0	N	N	N	N	N	N	N	N	N	N	N	N	0.0000	0.0000	0.0000	0.0000	0.0000	0.0000	0.0000	0.0000	0.0000	0.0000	0.0000	0.0000	0.0000	0.0051	0.0143	0.0000	0.0177	0.0214	0.0000	0.0000	0.0000	0.0000	0.0000	0.0000	-0.0001	0.0001	5.0237	6.0018	8.0282	0.0000	0.0000	0.0000	0.0000	0.0000	0.0000	0.0000	0.0000	0.0000	0.0001	0.0001	0.0000	0.0001	0.0001	0.0000	0.0000	0.0000	0.0000	0.0000	0.0000	0.0000	0.0000	0.0000	0.0000	0.0000	0.0000	0.0000	0.0508	0.0264	0.0243	0.0093	0.0082	0.0012	0.0414	0.0183	0.0232	0.0000	0.0000	0.0000	0.0000	0.0000	0.0000	0.0000	0.0000	0.0000	0.0020	0.0038	0.0000	0.0107	0.0122	0.0000	0.0000	0.0000	0.0000						
15	64	0.1294	10	1	1	0	1	0	0	0	0	N	N	N	N	N	N	N	N	N	N	N	N	0.0000	0.0000	0.0000	0.0000	0.0000	0.0000	0.0000	0.0000	0.0000	0.0000	0.0000	0.0000	0.0000	0.0000	0.0000	0.0000	0.0000	0.0032	0.0041	0.0012	0.0047	0.0059	0.0000	0.0036	0.0164	0.0012	0.7000	0.0000	-0.0000	0.0001	17.5893	6.0018	19.0270	0.0000	0.0000	0.0000	0.0000	0.0000	0.0000	0.0000	0.0000	0.0000	0.0002	0.0001	0.0001	0.0001	0.0001	0.0000	0.0001	0.0000	0.0001	0.0000	0.0000	0.0000	0.0000	0.0000	0.0000	0.0000	0.0000	0.0000	0.1247	0.0649	0.0598	0.0171	0.0146	0.0025	0.1075	0.0502	0.0573	0.0000	0.0000	0.0000	0.0000	0.0000	0.0000	0.0000	0.0000	0.0000	0.0014	0.0015	0.0012	0.0041	0.0048	0.0000	0.0009	0.0006	0.0012		
15	65	0.1231	9	0	1	0	1	0	0	0	0	N	N	N	N	N	N	N	N	N	N	N	N	0.0000	0.0000	0.0000	0.0000	0.0000	0.0000	0.0000	0.0000	0.0000	0.0000	0.0000	0.0000	0.0000	0.0000	0.0000	0.0000	0.0000	0.0124	0.0115	0.0074	0.0063	0.0067	0.0000	0.0181	0.1032	0.0061	0.8333	0.0000	-0.0000	0.0001	1.7566	6.0018	2.8742	0.0000	0.0000	0.0000	0.0000	0.0000	0.0000	0.0000	0.0000	0.0000	0.0001	0.0001	0.0000	0.0000	0.0000	0.0000	0.0001	0.0000	0.0000	0.0000	0.0000	0.0000	0.0000	0.0000	0.0000	0.0000	0.0000	0.0000	0.0283	0.0184	0.0099	0.0080	0.0077	0.0003	0.0203	0.0107	0.0096	0.0000	0.0000	0.0000	0.0000	0.0000	0.0000	0.0000	0.0000	0.0000	0.0039	0.0033	0.0050	0.0050	0.0052	0.0000	0.0034	0.0019	0.0052		
15	66	0.2673	12	0	1	0	1	0	0	0	0	N	N	N	N	N	N	N	N	N	N	N	N	0.1458	0.0777	0.0000	0.0000	inf	inf	4.7131	4.9741	0.0000	0.0004	0.0004	0.0000	7.8908	8.5557	0.0000	32.3156	63.9872	0.0000	284.0218	333.1424	0.0000	0.0000	0.0000	0.0000	0.0000	0.0000	-0.0000	-1.8729	0.0001	21.1811	6.0018	10.1862	0.0001	0.0001	0.0000	0.0000	0.0000	0.0000	0.0001	0.0001	0.0000	2.9807	2.9807	0.0000	2.9807	2.9807	0.0000	0.0000	0.0000	0.0000	0.0000	0.0000	0.0000	0.0000	0.0000	0.0000	0.0000	0.0000	0.0000	0.0922	0.0466	0.0457	0.0105	0.0089	0.0015	0.0817	0.0376	0.0441	0.1458	0.0777	0.0000	0.0000	0.0000	0.0000	inf	inf	0.0000	32.3156	63.9872	0.0000	284.0218	333.1424	0.0000	0.0000	0.0000	0.0000			
15	67	0.2535	11	0	1	0	1	0	0	0	0	N	N	N	N	N	N	N	N	N	N	N	N	0.0014	0.0010	0.0000	0.0000	0.0000	0.0513	0.0289	0.0000	0.0017	0.0018	0.0000	0.0000	0.0000	0.0000	0.0027	0.0030	0.0000	1.1951	1.7125	0.0206	7.1897	8.5937	0.0000	0.0536	0.1031	0.0174	0.0000	0.0073	-0.0000	-0.0119	0.0001	7.4253	6.0018	0.9851	0.0000	0.0000	0.0000	0.0000	0.0000	0.0000	0.0000	0.0000	0.0000	0.0191	0.0189	0.0001	0.0189	0.0189	0.0000	0.0002	0.0000	0.0001	0.0000	0.0000	0.0000	0.0000	0.0000	0.0000	0.0000	0.0000	0.0000	0.0260	0.0129	0.0130	0.0026	0.0022	0.0004	0.0234	0.0107	0.0126	0.0023	0.0012	0.0000	0.0000	0.0000	0.0000	0.4036	1.6017	0.0000	0.7342	1.4637	0.0107	7.1897	8.5937	0.0000	0.0068	0.0019	0.0110	
15	68	0.2761	12	0	0	1	1	0	0	0	0	N	N	N	N	N	N	N	N	N	N	N	N	0.0000	0.0000	0.0000	0.0000	0.0000	0.0000	0.0000	0.0000	0.0000	0.0000	0.0000	0.0000	0.0000	0.0000	0.0000	0.0162	0.0595	0.0000	0.0099	0.0117	0.0000	0.0217	0.5296	0.0000	0.0000	0.0000	-0.0003	0.0001	15.0354	6.0018	6.2061	0.0000	0.0000	0.0000	0.0000	0.0000	0.0000	0.0000	0.0000	0.0000	0.0004	0.0004	0.0000	0.0002	0.0002	0.0000	0.0003	0.0003	0.0000	0.0000	0.0000	0.0000	0.0000	0.0000	0.0000	0.0000	0.0000	0.0000	0.0916	0.0537	0.0378	0.0263	0.0234	0.0029	0.0652	0.0303	0.0349	0.0000	0.0000	0.0000	0.0000	0.0000	0.0000	0.0000	0.0000	0.0000	0.0047	0.0081	0.0000	0.0069	0.0077	0.0000	0.0039	0.0083	0.0000				
15	69	0.2080	11	0	0	0	1	0	0	0	0	N	N	N	N	N	N	N	N	N	N	N	N	0.0000	0.0000	0.0000	0.0000	0.0000	0.0000	0.0000	0.0000	0.0000	0.0000	0.0000	0.0000	0.0000	0.0000	0.0000	0.0000	0.0000	0.0000	0.0846	0.2447	0.0062	0.0311	0.0386	0.0000	0.0999	0.6898	0.0049	0.2444	0.0000	-0.0006	0.0001	27.6811	6.0018	13.1592	0.0000	0.0000	0.0000	0.0000	0.0000	0.0000	0.0000	0.0000	0.0000	0.0014	0.0011	0.0003	0.0003	0.0003	0.0000	0.0010	0.0008	0.0003	0.0000	0.0000	0.0000	0.0000	0.0000	0.0000	0.0000	0.0000	0.0000	0.1327	0.0715	0.0612	0.0212	0.0187	0.0025	0.1116	0.0528	0.0588	0.0000	0.0000	0.0000	0.0000	0.0000	0.0000	0.0000	0.0000	0.0000	0.0103	0.0154	0.0044	0.0163	0.0185	0.0000	0.0092	0.0143	0.0046	
15	70	0.1732	10	0	0	0	1	0	0	0	0	N	N	N	N	N	N	N	N	N	N	N	N	0.0000	0.0000	0.0000	0.0000	0.0000	0.0000	0.0000	0.0000	0.0000	0.0000	0.0000	0.0000	0.0000	0.0000	0.0000	0.0000	0.0000	0.0000	0.1379	0.2350	0.0205	0.1219	0.1360	0.0000	0.0564	0.1841	0.0171	0.5684	0.0000	-0.0003	0.0001	19.6565	6.0018	4.0504	0.0000	0.0000	0.0000	0.0000	0.0000	0.0000	0.0000	0.0000	0.0000	0.0012	0.0008	0.0004	0.0007	0.0007	0.0000	0.0005	0.0001	0.0004	0.0000	0.0000	0.0000	0.0000	0.0000	0.0000	0.0000	0.0000	0.0000	0.0921	0.0512	0.0410	0.0167	0.0152	0.0015	0.0755	0.0359	0.0395	0.0000	0.0000	0.0000	0.0000	0.0000	0.0000	0.0000	0.0000	0.0000	0.0130	0.0149	0.0106	0.0401	0.0440	0.0000	0.0069	0.0026	0.0109	
15	71	0.2566	12	1	1	0	1	0	0	0	0	N	N	N	N	N	N	N	N	N	N	N	N	0.0000	0.0000	0.0000	0.0000	0.0000	0.0000	0.0000	0.0000	0.0000	0.0000	0.0000	0.0000	0.0000	0.0000	0.0000	0.0013	0.0000	0.0014	0.0014	0.0000	0.0085	0.0021	0.0000	0.0012	inf	0.0000	0.0000	0.0001	17.5448	6.0018	6.0013	0.0000	0.0000	0.0000	0.0000	0.0000	0.0000	0.0000	0.0000	0.0000	0.0000	0.0000	0.0000	0.0000	0.0000	0.0000	0.0000	0.0000	0.0000	0.0000	0.0000	0.0000	0.0000	0.0000	0.0000	0.0000	0.0000	0.0000	0.0702	0.0352	0.0350	0.0072	0.0060	0.0012	0.0630	0.0292	0.0338	0.0000	0.0000	0.0000	0.0000	0.0000	0.0000	0.0000	0.0000	0.0000	0.0007	0.0000	0.0014	0.0014	0.0000	0.0085	0.0006	0.0000	0.0012				
15	72	0.3251	15	1	1	1	1	0	0	0	0	N	N	N	N	N	N	N	N	N	N	N	N	0.0000	0.0000	0.0000	0.0000	0.0000	0.0000	0.0000	0.0000	0.0000	0.0000	0.0000	0.0000	0.0000	0.0000	0.0000	0.0000	0.0000	0.0000	0.0000	0.0000	0.0001	1.8980	6.0018	2.9698	0.0000	0.0000	0.0000	0.0000	0.0000	0.0000	0.0000	0.0000	0.0000	0.0000	0.0000	0.0000	0.0000	0.0000	0.0000	0.0000	0.0000	0.0000	0.0000	0.0000	0.0000	0.0000	0.0000	0.0000	0.0000	0.0000	0.0000	0.0193	0.0125	0.0068	0.0057	0.0054	0.0003	0.0136	0.0071	0.0065	0.0000	0.0000	0.0000	0.0000	0.0000	0.0000	0.0000	0.0000	0.0000	0.0000	0.0000	0.0000	0.0000	0.0000	0.0000	0.0000	0.0000	0.0000											
15	73	0.3055	14	1	0	1	1	0	0	0	0	N	N	N	N	N	N	N	N	N	N	N	N	0.0000	0.0000	0.0000	0.0000	0.0000	0.0000	0.0000	0.0000	0.0000	0.0000	0.0000	0.0000	0.0000	0.0000	0.0000	0.0000	0.0000	0.3850	0.5609	0.0026	0.6495	0.6526	0.0532	0.0014	0.0000	0.0009	0.0405	0.0000	-0.0005	0.0001	3.5853	6.0018	4.3819	0.0000	0.0000	0.0000	0.0000	0.0000	0.0000	0.0000	0.0000	0.0000	0.0008	0.0007	0.0000	0.0008	0.0007	0.0000	0.0000	0.0000	0.0000	0.0000	0.0000	0.0000	0.0000	0.0000	0.0000	0.0000	0.0000	0.0000	0.0288	0.0173	0.0115	0.0064	0.0059	0.0005	0.0224	0.0114	0.0110	0.0000	0.0000	0.0000	0.0000	0.0000	0.0000	0.0000	0.0000	0.0000	0.0267	0.0427	0.0026	0.1190	0.1255	0.0406	0.0004	0.0000	0.0009		
15	74	0.2740	13	1	0	1	1	0	0	0	0	N	N	N	N	N	N	N	N	N	N	N	N	0.0000	0.0000	0.0000	0.0000	0.0000	0.0000	0.0000	0.0000	0.0000	0.0000	0.0000	0.0000	0.0000	0.0000	0.0000	0.0000	0.0000	0.0000	0.4276	0.1270	0.2246	0.2937	0.0097	1.6515	0.4204	0.6523	0.0934	4.2306	0.0000	0.0004	0.0001	12.3589	6.0018	7.3592	0.0000	0.0000	0.0000	0.0000	0.0000	0.0000	0.0000	0.0000	0.0000	0.0020	0.0004	0.0016	0.0007	0.0001	0.0006	0.0014	0.0003	0.0010	0.0000	0.0000	0.0000	0.0000	0.0000	0.0000	0.0000	0.0000	0.0000	0.0652	0.0354	0.0298	0.0104	0.0090	0.0014	0.0548	0.0264	0.0284	0.0000	0.0000	0.0000	0.0000	0.0000	0.0000	0.0000	0.0000	0.0000	0.0313	0.0110	0.0554	0.0637	0.0067	0.4336	0.0252	0.0125	0.0370	
15	75	0.2566	12	1	0	1	1	0	0	0	0	N	N	N	N	N	N	N	N	N	N	N	N	0.0000	0.0000	0.0000	0.0000	0.0000	0.0000	0.0000	0.0000	0.0000	0.0000	0.0000	0.0000	0.0000	0.0000	0.0000	0.0000	0.0000	0.0000	0.5061	0.7343	0.0054	1.5248	1.6368	0.0174	0.0105	0.0201	0.0036	0.0542	0.0000	-0.0008	0.0001	10.2127	6.0018	1.0234	0.0000	0.0000	0.0000	0.0000	0.0000	0.0000	0.0000	0.0000	0.0000	0.0014	0.0013	0.0001	0.0013	0.0013	0.0000	0.0001	0.0000	0.0001	0.0000	0.0000	0.0000	0.0000	0.0000	0.0000	0.0000	0.0000	0.0000	0.0345	0.0172	0.0172	0.0035	0.0030	0.0006	0.0309	0.0143	0.0166	0.0000	0.0000	0.0000	0.0000	0.0000	0.0000	0.0000	0.0000	0.0000	0.0395	0.0748	0.0041	0.3649	0.4322	0.0174	0.0023	0.0007	0.0036	
15	76	0.2535	11	1	0	0	1	0	0	0	0	N	N	N	N	N	N	N	N	N	N	N	N	0.0000	0.0000	0.0000	0.0000	0.0000	0.0000	0.0000	0.0000	0.0000	0.0000	0.0000	0.0000	0.0000	0.0000	0.0000	0.0000	0.1580	0.0750	0.0396	0.1378	0.1842	0.0000	0.1383	0.0000	0.0369	2.2000	0.0000	0.0000	0.0001	3.7027	6.0018	0.0091	0.0000	0.0000	0.0000	0.0000	0.0000	0.0000	0.0000	0.0000	0.0000	0.0002	0.0000	0.0001	0.0000	0.0000	0.0000	0.0001	0.0000	0.0001	0.0000	0.0000	0.0000	0.0000	0.0000	0.0000	0.0000	0.0000	0.0000	0.0116	0.0058	0.0058	0.0012	0.0010	0.0002	0.0104	0.0048	0.0056	0.0000	0.0000	0.0000	0.0000	0.0000	0.0000	0.0000	0.0000	0.0000	0.0138	0.0087	0.0189	0.0426	0.0509	0.0000	0.0106	0.0000	0.0195			
15	77	0.2365	10	0	0	0	1	0	0	0	0	N	N	N	N	N	N	N	N	N	N	N	N	0.0000	0.0000	0.0000	0.0000	0.0000	0.0000	0.0000	0.0000	0.0000	0.0000	0.0000	0.0000	0.0000	0.0000	0.0000	0.0000	0.0000	61.4359	0.1596	325.3882	0.4105	0.1006	4.3219	76.1695	0.0000	334.0308	9307.2872	0.0000	0.9683	0.0001	3.8334	6.0018	6.1787	0.0000	0.0000	0.0000	0.0000	0.0000	0.0000	0.0000	0.0000	0.0000	2.6062	0.0003	2.6059	0.0007	0.0003	0.0004	2.6055	0.0000	2.6055	0.0000	0.0000	0.0000	0.0000	0.0000	0.0000	0.0000	0.0000	0.0000	0.0424	0.0234	0.0190	0.0082	0.0077	0.0005	0.0342	0.0157	0.0185	0.0000	0.0000	0.0000	0.0000	0.0000	0.0000	0.0000	0.0000	0.0000	61.4359	0.0120	136.8772	0.0803	0.0363	0.7681	76.1695	0.0000	140.5077		
15	78	0.1974	9	0	0	0	1	0	0	0	0	N	N	N	N	N	N	N	N	N	N	N	N	0.0000	0.0000	0.0000	0.0000	0.0000	0.0000	0.0000	0.0000	0.0000	0.0000	0.0000	0.0000	0.0000	0.0000	0.0000	0.0000	0.0000	0.0000	5.5419	3.6327	13.9812	10.0501	10.9597	0.0148	4.3850	0.6044	15.0161	1.6956	0.0000	0.0004	0.0001	16.9094	6.0018	5.8161	0.0000	0.0000	0.0000	0.0000	0.0000	0.0000	0.0000	0.0000	0.0000	0.5454	0.2023	0.3431	0.2020	0.2020	0.0000	0.3434	0.0004	0.3431	0.0000	0.0000	0.0000	0.0000	0.0000	0.0000	0.0000	0.0000	0.0000	0.0984	0.0557	0.0427	0.0201	0.0184	0.0017	0.0783	0.0373	0.0411	0.0000	0.0000	0.0000	0.0000	0.0000	0.0000	0.0000	0.0000	0.0000	5.5419	3.6327	8.0311	10.0501	10.9597	0.0148	4.3850	0.0100	8.3573	
15	79	0.1231	9	0	1	0	1	0	0	0	0	N	N	N	N	N	N	N	N	N	N	N	N	0.0000	0.0000	0.0000	0.0000	0.0000	0.0000	0.0000	0.0000	0.0000	0.0000	0.0000	0.0000	0.0000	0.0003	0.0009	0.0000	0.0020	0.0023	0.0000	0.0000	0.0000	0.0000	0.0000	0.0000	-0.0000	0.0001	23.9173	6.0018	17.8091	0.0000	0.0000	0.0000	0.0000	0.0000	0.0000	0.0000	0.0000	0.0000	0.0000	0.0000	0.0000	0.0000	0.0000	0.0000	0.0000	0.0000	0.0000	0.0000	0.0000	0.0000	0.0000	0.0000	0.0000	0.0000	0.0000	0.0000	0.1420	0.0769	0.0651	0.0198	0.0171	0.0027	0.1223	0.0598	0.0625	0.0000	0.0000	0.0000	0.0000	0.0000	0.0000	0.0000	0.0000	0.0000	0.0003	0.0005	0.0000	0.0020	0.0023	0.0000	0.0000	0.0000	0.0000						
15	80	0.1070	8	0	1	0	1	0	0	0	0	N	N	N	N	N	N	N	N	N	N	N	N	0.0000	0.0000	0.0000	0.0000	0.0000	0.0000	0.0000	0.0000	0.0000	0.0000	0.0000	0.0000	0.0000	0.0000	0.0000	0.0000	0.0000	0.0026	0.0017	0.0018	0.0014	0.0015	0.0000	0.0045	0.0150	0.0018	1.4999	0.0000	-0.0000	0.0001	6.1279	6.0018	3.6878	0.0000	0.0000	0.0000	0.0000	0.0000	0.0000	0.0000	0.0000	0.0000	0.0000	0.0000	0.0000	0.0000	0.0000	0.0000	0.0000	0.0000	0.0000	0.0000	0.0000	0.0000	0.0000	0.0000	0.0000	0.0000	0.0000	0.0000	0.0424	0.0253	0.0171	0.0073	0.0068	0.0005	0.0351	0.0185	0.0166	0.0000	0.0000	0.0000	0.0000	0.0000	0.0000	0.0000	0.0000	0.0000	0.0012	0.0008	0.0018	0.0014	0.0015	0.0000	0.0011	0.0005	0.0018		
15	81	0.1369	10	1	0	1	1	0	0	0	0	N	N	N	N	N	N	N	N	N	N	N	N	0.0000	0.0000	0.0000	0.0000	0.0000	0.0000	0.0000	0.0000	0.0000	0.0000	0.0000	0.0000	0.0000	0.9863	1.3876	0.0000	3.5431	3.7612	0.0000	0.0000	0.0000	0.0000	0.0000	0.0000	-0.0226	0.0001	27.2690	6.0018	12.3406	0.0000	0.0000	0.0000	0.0000	0.0000	0.0000	0.0000	0.0000	0.0000	0.0360	0.0360	0.0000	0.0360	0.0360	0.0000	0.0000	0.0000	0.0000	0.0000	0.0000	0.0000	0.0000	0.0000	0.0000	0.0000	0.0000	0.0000	0.1240	0.0626	0.0614	0.0134	0.0116	0.0017	0.1106	0.0510	0.0596	0.0000	0.0000	0.0000	0.0000	0.0000	0.0000	0.0000	0.0000	0.0000	0.2907	0.5757	0.0000	2.6992	3.1035	0.0000	0.0000	0.0000	0.0000						
15	82	0.1215	9	0	0	0	1	0	0	0	0	N	N	N	N	N	N	N	N	N	N	N	N	0.0000	0.0000	0.0000	0.0000	0.0000	0.0000	0.0000	0.0000	0.0000	0.0000	0.0000	0.0000	0.0000	0.0000	0.0000	0.0000	0.0000	0.0000	1.3762	1.1116	4.5949	0.9527	1.0589	0.0040	1.5720	1.7713	4.9157	9.0232	0.0000	0.0099	0.0001	9.0798	6.0018	0.9519	0.0000	0.0000	0.0000	0.0000	0.0000	0.0000	0.0000	0.0000	0.0000	0.0365	0.0036	0.0329	0.0005	0.0005	0.0000	0.0360	0.0031	0.0329	0.0000	0.0000	0.0000	0.0000	0.0000	0.0000	0.0000	0.0000	0.0000	0.0323	0.0160	0.0164	0.0027	0.0023	0.0005	0.0296	0.0137	0.0159	0.0000	0.0000	0.0000	0.0000	0.0000	0.0000	0.0000	0.0000	0.0000	1.1301	0.2284	2.0091	0.1856	0.2227	0.0040	1.2176	0.2294	2.0677	
15	83	0.1070	8	0	1	0	1	0	0	0	0	N	N	N	N	N	N	N	N	N	N	N	N	0.0000	0.0000	0.0000	0.0000	0.0000	0.0000	0.0000	0.0000	0.0000	0.0000	0.0000	0.0000	0.0000	0.0000	0.0000	0.0000	0.0000	0.0000	0.0000	0.0000	0.0001	21.0000	6.0018	14.4214	0.0000	0.0000	0.0000	0.0000	0.0000	0.0000	0.0000	0.0000	0.0000	0.0000	0.0000	0.0000	0.0000	0.0000	0.0000	0.0000	0.0000	0.0000	0.0000	0.0000	0.0000	0.0000	0.0000	0.0000	0.0000	0.0000	0.0000	0.1232	0.0669	0.0564	0.0141	0.0124	0.0018	0.1091	0.0545	0.0546	0.0000	0.0000	0.0000	0.0000	0.0000	0.0000	0.0000	0.0000	0.0000	0.0000	0.0000	0.0000	0.0000	0.0000	0.0000	0.0000	0.0000	0.0000											
15	84	0.1647	12	0	0	1	1	0	0	0	0	N	N	N	N	N	N	N	N	N	N	N	N	0.0000	0.0000	0.0000	0.0000	0.0000	0.0000	0.0000	0.0000	0.0000	0.0000	0.0000	0.0000	0.0000	0.0000	0.0000	1.0586	0.0000	3.4325	0.0030	0.0000	0.0178	1.2516	0.0000	3.5523	inf	0.0000	0.0156	0.0001	20.4085	6.0018	11.0867	0.0000	0.0000	0.0000	0.0000	0.0000	0.0000	0.0000	0.0000	0.0000	0.0420	0.0000	0.0420	0.0000	0.0000	0.0000	0.0419	0.0000	0.0419	0.0000	0.0000	0.0000	0.0000	0.0000	0.0000	0.0000	0.0000	0.0000	0.1017	0.0544	0.0472	0.0166	0.0138	0.0028	0.0851	0.0406	0.0444	0.0000	0.0000	0.0000	0.0000	0.0000	0.0000	0.0000	0.0000	0.0000	0.4127	0.0000	0.8882	0.0030	0.0000	0.0178	0.4925	0.0000	0.9432				
15	85	0.1609	11	0	0	1	1	0	0	0	0	N	N	N	N	N	N	N	N	N	N	N	N	0.0000	0.0000	0.0000	0.0000	0.0000	0.0000	0.0000	0.0000	0.0000	0.0000	0.0000	0.0000	0.0000	0.0000	0.0000	0.0000	0.0000	0.0000	3.5993	4.6395	4.8444	13.1545	15.1111	0.0001	1.5813	0.3395	5.2907	0.3715	0.0000	-0.0212	0.0001	3.1287	6.0018	1.1816	0.0000	0.0000	0.0000	0.0000	0.0000	0.0000	0.0000	0.0000	0.0000	0.0592	0.0432	0.0160	0.0431	0.0431	0.0000	0.0161	0.0000	0.0160	0.0000	0.0000	0.0000	0.0000	0.0000	0.0000	0.0000	0.0000	0.0000	0.0164	0.0093	0.0071	0.0033	0.0029	0.0004	0.0132	0.0064	0.0067	0.0000	0.0000	0.0000	0.0000	0.0000	0.0000	0.0000	0.0000	0.0000	3.5993	4.6395	2.2446	13.1545	15.1111	0.0001	1.2200	0.0047	2.3865	
15	86	0.1540	10	0	0	0	1	0	0	0	0	N	N	N	N	N	N	N	N	N	N	N	N	0.0000	0.0000	0.0000	0.0000	0.0000	0.0000	0.0000	0.0000	0.0000	0.0000	0.0000	0.0000	0.0000	0.0000	0.0000	0.0000	0.0000	0.0000	1.4504	1.6035	4.1140	3.8637	4.1005	0.0169	1.3797	0.3053	4.3588	1.0726	0.0000	-0.0035	0.0001	4.0532	6.0018	2.2470	0.0000	0.0000	0.0000	0.0000	0.0000	0.0000	0.0000	0.0000	0.0000	0.0317	0.0153	0.0164	0.0153	0.0152	0.0000	0.0164	0.0000	0.0164	0.0000	0.0000	0.0000	0.0000	0.0000	0.0000	0.0000	0.0000	0.0000	0.0246	0.0139	0.0108	0.0048	0.0042	0.0006	0.0199	0.0097	0.0102	0.0000	0.0000	0.0000	0.0000	0.0000	0.0000	0.0000	0.0000	0.0000	1.2854	1.1030	1.5197	3.1970	3.6443	0.0169	0.8265	0.0041	1.6064	
15	87	0.1309	9	0	0	0	1	0	0	0	0	N	N	N	N	N	N	N	N	N	N	N	N	0.0000	0.0000	0.0000	0.0000	0.0000	0.0000	0.0000	0.0000	0.0000	0.0000	0.0000	0.0000	0.0000	0.0000	0.0000	0.0000	0.0000	0.0000	2.0308	1.2758	8.2312	2.3214	2.4394	0.7009	2.3740	0.0106	9.3565	8.4388	0.0000	0.0361	0.0001	4.7288	6.0018	9.8540	0.0000	0.0000	0.0000	0.0000	0.0000	0.0000	0.0000	0.0000	0.0000	0.1359	0.0144	0.1215	0.0149	0.0144	0.0005	0.1210	0.0000	0.1210	0.0000	0.0000	0.0000	0.0000	0.0000	0.0000	0.0000	0.0000	0.0000	0.0669	0.0398	0.0271	0.0159	0.0138	0.0021	0.0510	0.0260	0.0250	0.0000	0.0000	0.0000	0.0000	0.0000	0.0000	0.0000	0.0000	0.0000	2.0308	0.3619	4.4777	0.9333	1.0405	0.2311	2.3740	0.0004	4.8360	
15	88	0.1070	8	0	0	0	1	0	0	0	0	N	N	N	N	N	N	N	N	N	N	N	N	0.0000	0.0000	0.0000	0.0000	0.0000	0.0000	0.0000	0.0000	0.0000	0.0000	0.0000	0.0000	0.0000	0.0000	0.0000	0.0000	0.0000	46.5209	0.2266	133.9880	0.0000	0.0000	0.0000	54.4069	0.7663	126.9636	5638.9151	0.0000	1.0690	0.0001	8.6320	6.0018	7.0881	0.0000	0.0000	0.0000	0.0000	0.0000	0.0000	0.0000	0.0000	0.0000	2.8777	0.0005	2.8772	0.0000	0.0000	0.0000	2.8777	0.0005	2.8772	0.0000	0.0000	0.0000	0.0000	0.0000	0.0000	0.0000	0.0000	0.0000	0.0619	0.0353	0.0266	0.0090	0.0082	0.0008	0.0529	0.0271	0.0258	0.0000	0.0000	0.0000	0.0000	0.0000	0.0000	0.0000	0.0000	0.0000	46.5209	0.0145	108.1921	0.0000	0.0000	0.0000	54.4069	0.0188	111.6094		
15	89	0.1748	10	0	1	0	1	0	0	0	0	N	N	N	N	N	N	N	N	N	N	N	N	1273.7933	559.6042	0.0000	0.0201	0.0180	0.0000	inf	inf	5.8185	6.2308	0.0000	0.0003	0.0003	0.0000	9.3876	10.2411	0.0000	0.0046	0.0111	0.0000	0.0152	0.0177	0.0000	0.0000	0.0000	0.0000	0.0000	0.0001	-0.0000	-0.0001	0.0001	15.4622	6.0018	5.2688	0.0001	0.0001	0.0000	0.0000	0.0000	0.0000	0.0001	0.0001	0.0000	0.0001	0.0001	0.0000	0.0001	0.0001	0.0000	0.0000	0.0000	0.0000	0.0000	0.0000	0.0000	0.0000	0.0000	0.0000	0.0000	0.0000	0.0000	0.0779	0.0442	0.0337	0.0145	0.0131	0.0014	0.0634	0.0312	0.0322	3236.7968	1968.0852	0.0000	0.0317	0.0297	0.0000	inf	inf	0.0000	0.0018	0.0032	0.0000	0.0097	0.0107	0.0000	0.0000	0.0000	0.0000	
15	90	0.1630	9	0	0	0	1	0	0	0	0	N	N	N	N	N	N	N	N	N	N	N	N	1.1473	1.0359	0.0000	0.0479	0.0420	1.3140	0.2183	0.0000	0.0232	0.0246	0.0000	0.0006	0.0007	0.0000	0.0359	0.0392	0.0000	0.0202	0.0238	0.0094	0.0136	0.0156	0.0000	0.0273	0.1795	0.0081	0.0000	0.7691	-0.0000	-0.0000	0.0001	7.5917	6.0018	1.5198	0.0000	0.0000	0.0000	0.0000	0.0000	0.0000	0.0000	0.0000	0.0000	0.0002	0.0001	0.0001	0.0001	0.0001	0.0000	0.0001	0.0000	0.0001	0.0000	0.0000	0.0000	0.0000	0.0000	0.0000	0.0000	0.0000	0.0000	0.0420	0.0251	0.0168	0.0101	0.0092	0.0009	0.0318	0.0159	0.0159	4.2303	4.7556	0.0000	0.0731	0.0674	0.0000	8.1536	15.5525	0.0000	0.0055	0.0052	0.0059	0.0089	0.0097	0.0000	0.0044	0.0025	0.0063	
15	91	0.2140	11	1	0	1	1	0	0	0	0	N	N	N	N	N	N	N	N	N	N	N	N	0.0000	0.0000	0.0000	0.0000	0.0000	0.0000	0.0000	0.0000	0.0000	0.0000	0.0000	0.0000	0.0000	0.0000	0.0000	0.0000	0.0000	0.0000	0.0000	0.0000	0.0001	3.0317	6.0018	0.1644	0.0000	0.0000	0.0000	0.0000	0.0000	0.0000	0.0000	0.0000	0.0000	0.0000	0.0000	0.0000	0.0000	0.0000	0.0000	0.0000	0.0000	0.0000	0.0000	0.0000	0.0000	0.0000	0.0000	0.0000	0.0000	0.0000	0.0000	0.0099	0.0049	0.0050	0.0010	0.0008	0.0002	0.0089	0.0041	0.0048	0.0000	0.0000	0.0000	0.0000	0.0000	0.0000	0.0000	0.0000	0.0000	0.0000	0.0000	0.0000	0.0000	0.0000	0.0000	0.0000	0.0000	0.0000											
15	92	0.2082	10	1	0	1	1	0	0	0	0	N	N	N	N	N	N	N	N	N	N	N	N	inf	inf	inf	inf	0.0384	0.0420	0.0000	0.0762	0.0845	0.0000	0.0000	0.0000	0.0000	0.0000	0.0000	0.0000	0.0000	0.0000	0.0000	0.0000	0.0000	0.0000	0.0000	-0.0000	0.0000	0.0001	2.6632	6.0018	1.0147	0.0000	0.0000	0.0000	0.0000	0.0000	0.0000	0.0000	0.0000	0.0000	0.0000	0.0000	0.0000	0.0000	0.0000	0.0000	0.0000	0.0000	0.0000	0.0000	0.0000	0.0000	0.0000	0.0000	0.0000	0.0000	0.0000	0.0000	0.0121	0.0062	0.0059	0.0014	0.0012	0.0002	0.0107	0.0050	0.0057	inf	inf	0.0000	inf	inf	0.0000	0.0000	0.0000	0.0000	0.0000	0.0000	0.0000	0.0000	0.0000	0.0000	0.0000	0.0000	0.0000						
15	93	0.1250	9	1	0	1	1	0	0	0	0	N	N	N	N	N	N	N	N	N	N	N	N	0.6615	0.2267	0.0000	0.0000	inf	inf	0.0041	0.0043	0.0000	0.0000	0.0000	0.0000	0.0066	0.0072	0.0000	0.0062	0.0191	0.0000	0.0480	0.0607	0.0000	0.0000	0.0000	0.0000	0.0000	0.0000	-0.0000	-0.0002	0.0001	35.0787	6.0018	12.2568	0.0000	0.0000	0.0000	0.0000	0.0000	0.0000	0.0000	0.0000	0.0000	0.0003	0.0003	0.0000	0.0003	0.0003	0.0000	0.0000	0.0000	0.0000	0.0000	0.0000	0.0000	0.0000	0.0000	0.0000	0.0000	0.0000	0.0000	0.1449	0.0722	0.0727	0.0149	0.0126	0.0023	0.1300	0.0597	0.0703	1.7994	0.9475	0.0000	0.0000	0.0000	0.0000	inf	inf	0.0000	0.0023	0.0046	0.0000	0.0221	0.0263	0.0000	0.0000	0.0000	0.0000			
15	94	0.1115	8	1	0	0	1	0	0	0	0	N	N	N	N	N	N	N	N	N	N	N	N	0.0000	0.0000	0.0000	0.0000	0.0000	0.0000	0.0000	0.0000	0.0000	0.0000	0.0000	0.0000	0.0000	0.0000	0.0000	0.0000	0.0000	0.0759	0.0507	0.0244	0.0179	0.0225	0.0000	0.1179	0.4432	0.0212	1.6427	0.0000	-0.0000	0.0001	8.4810	6.0018	2.3446	0.0000	0.0000	0.0000	0.0000	0.0000	0.0000	0.0000	0.0000	0.0000	0.0004	0.0001	0.0002	0.0000	0.0000	0.0000	0.0003	0.0001	0.0002	0.0000	0.0000	0.0000	0.0000	0.0000	0.0000	0.0000	0.0000	0.0000	0.0371	0.0186	0.0185	0.0037	0.0032	0.0005	0.0334	0.0155	0.0179	0.0000	0.0000	0.0000	0.0000	0.0000	0.0000	0.0000	0.0000	0.0000	0.0100	0.0075	0.0125	0.0109	0.0127	0.0000	0.0099	0.0065	0.0128		
15	95	0.1070	8	0	1	0	2	0	0	0	0	N	N	N	Y	N	N	N	N	N	N	N	N	0.0000	0.0000	0.0000	0.0000	0.0000	0.0000	0.0000	0.0000	0.0000	0.0000	0.0000	0.0000	0.0000	0.0001	0.0001	0.0000	0.0006	0.0007	0.0000	0.0000	0.0000	0.0000	0.0000	0.0000	-0.0000	0.0001	24.0032	6.0018	22.6134	0.0000	0.0000	0.0000	0.0000	0.0000	0.0000	0.0000	0.0000	0.0000	0.0000	0.0000	0.0000	0.0000	0.0000	0.0000	0.0000	0.0000	0.0000	0.0000	0.0000	0.0000	0.0000	0.0000	0.0000	0.0000	0.0000	0.0000	0.1557	0.0836	0.0721	0.0168	0.0146	0.0023	0.1389	0.0691	0.0698	0.0000	0.0000	0.0000	0.0000	0.0000	0.0000	0.0000	0.0000	0.0000	0.0001	0.0001	0.0000	0.0006	0.0007	0.0000	0.0000	0.0000	0.0000						
15	96	0.5244	12	0	1	0	1	0	0	0	0	N	N	N	N	N	N	N	N	N	N	N	N	0.0000	0.0000	0.0000	0.0000	0.0000	0.0000	0.0000	0.0000	0.0000	0.0000	0.0000	0.0000	0.0000	0.0000	0.0000	0.0283	0.0000	0.0376	0.0026	0.0000	0.0288	0.0930	0.0000	0.0329	inf	0.0000	0.0002	0.0001	18.5150	6.0018	10.2301	0.0000	0.0000	0.0000	0.0000	0.0000	0.0000	0.0000	0.0000	0.0000	0.0006	0.0000	0.0006	0.0001	0.0000	0.0001	0.0005	0.0000	0.0005	0.0000	0.0000	0.0000	0.0000	0.0000	0.0000	0.0000	0.0000	0.0000	0.0893	0.0562	0.0331	0.0303	0.0272	0.0031	0.0590	0.0290	0.0300	0.0000	0.0000	0.0000	0.0000	0.0000	0.0000	0.0000	0.0000	0.0000	0.0067	0.0000	0.0181	0.0026	0.0000	0.0262	0.0088	0.0000	0.0173				
15	97	0.0779	7	0	1	0	1	0	0	0	0	N	N	N	N	N	N	N	N	N	N	N	N	0.5071	0.0000	2.6898	0.0000	0.0000	0.0000	0.7139	2.5459	2.2408	0.0000	40.0564	0.0000	0.0000	0.0000	3.3756	0.0000	41.2369	4.4192	0.0001	14.8921	0.0013	0.0008	0.0043	4.7287	0.0000	16.1976	inf	100019.0062	0.0001	0.3716	0.0001	46.1140	6.0018	26.4917	0.0001	0.0000	0.0001	0.0000	0.0000	0.0000	0.0001	0.0000	0.0001	0.9999	0.0000	0.9999	0.0000	0.0000	0.0000	0.9999	0.0000	0.9999	0.0000	0.0000	0.0000	0.0000	0.0000	0.0000	0.0000	0.0000	0.0000	0.2263	0.1142	0.1120	0.0148	0.0125	0.0023	0.2114	0.1018	0.1097	0.5071	0.0000	4.4878	0.0000	0.0000	0.0000	0.7139	0.0000	4.5239	4.4192	0.0001	8.9257	0.0013	0.0008	0.0043	4.7287	0.0000	9.1154	
15	98	0.5773	14	0	1	0	1	0	0	0	0	N	N	N	N	N	N	N	N	N	N	N	N	0.0000	0.0000	0.0000	0.0000	0.0000	0.0000	0.0000	0.0000	0.0000	0.0000	0.0000	0.0000	0.0000	0.0133	0.0406	0.0000	0.0232	0.0297	0.0000	0.0000	0.0000	0.0000	0.0000	0.0000	-0.0002	0.0001	20.7840	6.0018	8.9470	0.0000	0.0000	0.0000	0.0000	0.0000	0.0000	0.0000	0.0000	0.0000	0.0003	0.0003	0.0000	0.0003	0.0003	0.0000	0.0000	0.0000	0.0000	0.0000	0.0000	0.0000	0.0000	0.0000	0.0000	0.0000	0.0000	0.0000	0.0725	0.0442	0.0283	0.0226	0.0194	0.0032	0.0499	0.0247	0.0251	0.0000	0.0000	0.0000	0.0000	0.0000	0.0000	0.0000	0.0000	0.0000	0.0041	0.0068	0.0000	0.0132	0.0154	0.0000	0.0000	0.0000	0.0000						
15	99	0.5724	13	0	0	0	1	0	0	0	0	N	N	N	N	N	N	N	N	N	N	N	N	0.0000	0.0000	0.0000	0.0000	0.0000	0.0000	0.0000	0.0000	0.0000	0.0000	0.0000	0.0000	0.0000	0.0000	0.0000	0.0000	0.0000	0.4401	0.4877	0.0868	0.1465	0.1502	0.0000	0.4256	0.5020	0.0813	0.7714	0.0000	-0.0001	0.0001	2.7834	6.0018	1.0450	0.0000	0.0000	0.0000	0.0000	0.0000	0.0000	0.0000	0.0000	0.0000	0.0006	0.0003	0.0003	0.0003	0.0003	0.0000	0.0003	0.0000	0.0003	0.0000	0.0000	0.0000	0.0000	0.0000	0.0000	0.0000	0.0000	0.0000	0.0191	0.0110	0.0081	0.0073	0.0070	0.0004	0.0118	0.0041	0.0077	0.0000	0.0000	0.0000	0.0000	0.0000	0.0000	0.0000	0.0000	0.0000	0.0324	0.0318	0.0333	0.0436	0.0460	0.0000	0.0255	0.0074	0.0350		
15	100	0.5624	12	0	0	0	1	0	0	0	0	N	N	N	N	N	N	N	N	N	N	N	N	0.2728	0.2941	0.0001	0.1173	0.1361	0.0000	0.4946	5.1270	0.0000	0.4060	0.4672	0.0003	0.3374	0.3969	0.0002	0.7461	0.7743	0.0000	1.4881	1.5885	4.3961	2.8753	2.9159	8.4417	1.5085	0.1510	4.6197	0.0001	1.0859	-0.0000	-0.0067	0.0001	7.6044	6.0018	2.7972	0.0000	0.0000	0.0000	0.0000	0.0000	0.0000	0.0000	0.0000	0.0000	0.0621	0.0298	0.0323	0.0314	0.0297	0.0016	0.0307	0.0000	0.0307	0.0000	0.0000	0.0000	0.0000	0.0000	0.0000	0.0000	0.0000	0.0000	0.0459	0.0282	0.0177	0.0175	0.0161	0.0014	0.0283	0.0120	0.0163	0.3000	0.4422	0.0001	0.1883	0.2156	0.0002	0.6888	341.2487	0.0000	1.3535	1.0564	1.8266	1.7912	1.8412	1.1991	1.0832	0.0023	1.8790
15	101	0.5128	11	0	0	0	1	0	0	0	0	N	N	N	N	N	N	N	N	N	N	N	N	4.4492	3.5273	0.0026	0.0014	0.0014	0.0000	12.0150	51.7555	0.0038	4.6785	4.9493	0.0019	0.0035	0.0036	0.0000	8.3991	9.0817	0.0024	1.0516	1.4032	0.7073	2.5158	2.6068	0.0568	0.6991	0.1755	0.6449	0.0000	0.1142	-0.0000	-0.0191	0.0001	18.4780	6.0018	12.4520	0.0001	0.0001	0.0000	0.0000	0.0000	0.0000	0.0001	0.0001	0.0000	0.0363	0.0326	0.0037	0.0327	0.0326	0.0001	0.0037	0.0001	0.0036	0.0000	0.0000	0.0000	0.0000	0.0000	0.0000	0.0000	0.0000	0.0000	0.0898	0.0547	0.0351	0.0289	0.0257	0.0032	0.0609	0.0290	0.0319	11.5533	8.2951	0.0176	0.0031	0.0028	0.0000	139.8257	3675.3637	0.0217	0.4050	0.5967	0.1062	1.1323	1.2670	0.0436	0.0601	0.0025	0.1124
15	102	0.2210	11	0	1	0	1	0	0	0	0	N	N	N	N	N	N	N	N	N	N	N	N	0.0001	0.0001	0.0001	0.0001	0.0001	0.0001	0.0000	0.0001	0.0001	0.0000	0.0000	0.0000	0.0000	0.8725	1.1971	0.0000	2.2459	2.3067	0.0000	0.0000	0.0000	0.0000	0.0000	0.0000	-0.0000	-0.0212	0.0001	34.1922	6.0018	22.4626	0.0000	0.0000	0.0000	0.0000	0.0000	0.0000	0.0000	0.0000	0.0000	0.0338	0.0338	0.0000	0.0338	0.0338	0.0000	0.0000	0.0000	0.0000	0.0000	0.0000	0.0000	0.0000	0.0000	0.0000	0.0000	0.0000	0.0000	0.2023	0.1181	0.0842	0.0402	0.0367	0.0035	0.1621	0.0814	0.0807	0.0005	0.0003	0.0000	0.0002	0.0002	0.0000	0.0000	0.0000	0.0000	0.1669	0.2857	0.0000	0.8407	0.9199	0.0000	0.0000	0.0000	0.0000					
15	103	0.1732	10	0	1	0	1	0	0	0	0	N	N	N	N	N	N	N	N	N	N	N	N	0.0001	0.0002	0.0000	0.0030	0.0027	0.0000	0.0000	0.0000	0.0000	0.0001	0.0001	0.0000	0.0002	0.0002	0.0000	0.0000	0.0000	0.0000	0.9834	0.8911	2.7896	0.0745	0.0855	0.0014	1.1418	1.5512	2.7966	0.0000	3.5770	-0.0000	0.0053	0.0001	22.5884	6.0018	11.0115	0.0000	0.0000	0.0000	0.0000	0.0000	0.0000	0.0000	0.0000	0.0000	0.0344	0.0075	0.0269	0.0006	0.0006	0.0000	0.0338	0.0069	0.0268	0.0000	0.0000	0.0000	0.0000	0.0000	0.0000	0.0000	0.0000	0.0000	0.1212	0.0666	0.0547	0.0198	0.0178	0.0020	0.1015	0.0488	0.0527	0.0005	0.0013	0.0000	0.0075	0.0069	0.0000	0.0000	0.0000	0.0000	0.2834	0.1128	0.4911	0.0302	0.0334	0.0014	0.3327	0.1416	0.5098
15	104	0.1431	9	0	0	0	1	0	0	0	0	N	N	N	N	N	N	N	N	N	N	N	N	0.0000	0.0000	0.0000	0.0000	0.0000	0.0000	0.0000	0.0000	0.0000	0.0000	0.0000	0.0000	0.0000	0.0000	0.0000	0.0474	0.0180	0.0276	0.0000	0.0000	0.0000	0.1213	0.4208	0.0239	2.4954	0.0000	0.0001	0.0001	11.8100	6.0018	8.7888	0.0000	0.0000	0.0000	0.0000	0.0000	0.0000	0.0000	0.0000	0.0000	0.0007	0.0002	0.0005	0.0000	0.0000	0.0000	0.0007	0.0002	0.0005	0.0000	0.0000	0.0000	0.0000	0.0000	0.0000	0.0000	0.0000	0.0000	0.0780	0.0429	0.0351	0.0120	0.0108	0.0012	0.0660	0.0321	0.0339	0.0000	0.0000	0.0000	0.0000	0.0000	0.0000	0.0000	0.0000	0.0000	0.0085	0.0044	0.0135	0.0000	0.0000	0.0000	0.0101	0.0059	0.0140				
15	105	0.1070	8	0	0	0	1	0	0	0	0	N	N	N	N	N	N	N	N	N	N	N	N	54719.5537	28714.3907	0.0000	0.0000	inf	inf	6.6441	7.0492	0.0000	0.0000	0.0000	0.0000	10.0223	10.9399	0.0000	0.0001	0.0002	0.0000	0.0009	0.0010	0.0000	0.0000	0.0000	0.0000	0.0000	0.0000	-0.0000	-0.0000	0.0001	14.7392	6.0018	7.3617	0.0001	0.0001	0.0000	0.0000	0.0000	0.0000	0.0001	0.0001	0.0000	0.0000	0.0000	0.0000	0.0000	0.0000	0.0000	0.0000	0.0000	0.0000	0.0000	0.0000	0.0000	0.0000	0.0000	0.0000	0.0000	0.0000	0.0000	0.0823	0.0458	0.0365	0.0107	0.0096	0.0011	0.0716	0.0362	0.0354	54719.5537	32289.2713	0.0000	0.0000	0.0000	0.0000	inf	inf	0.0000	0.0001	0.0002	0.0000	0.0009	0.0010	0.0000	0.0000	0.0000	0.0000			
15	106	0.1215	9	0	1	0	1	0	0	0	0	N	N	N	N	N	N	N	N	N	N	N	N	0.0000	0.0000	0.0000	0.0000	0.0000	0.0000	0.0000	0.0000	0.0000	0.0000	0.0000	0.0000	0.0000	0.0249	0.1853	0.0000	0.4088	0.5094	0.0000	0.0000	0.0000	0.0000	0.0000	0.0000	-0.0003	0.0001	20.0414	6.0018	7.0324	0.0000	0.0000	0.0000	0.0000	0.0000	0.0000	0.0000	0.0000	0.0000	0.0005	0.0005	0.0000	0.0005	0.0005	0.0000	0.0000	0.0000	0.0000	0.0000	0.0000	0.0000	0.0000	0.0000	0.0000	0.0000	0.0000	0.0000	0.0831	0.0409	0.0422	0.0065	0.0053	0.0012	0.0766	0.0356	0.0411	0.0000	0.0000	0.0000	0.0000	0.0000	0.0000	0.0000	0.0000	0.0000	0.0063	0.0127	0.0000	0.0801	0.0979	0.0000	0.0000	0.0000	0.0000						
15	107	0.1115	8	0	0	0	1	0	0	0	0	N	N	N	N	N	N	N	N	N	N	N	N	0.0000	0.0000	0.0000	0.0000	0.0000	0.0000	0.0000	0.0000	0.0000	0.0000	0.0000	0.0000	0.0000	0.0000	0.0000	0.0000	0.0000	0.0000	0.2811	0.0412	0.0832	0.0224	0.0282	0.0000	0.3237	0.3665	0.0731	4.6005	0.0000	0.0001	0.0001	7.0315	6.0018	1.2144	0.0000	0.0000	0.0000	0.0000	0.0000	0.0000	0.0000	0.0000	0.0000	0.0006	0.0001	0.0005	0.0000	0.0000	0.0000	0.0005	0.0001	0.0005	0.0000	0.0000	0.0000	0.0000	0.0000	0.0000	0.0000	0.0000	0.0000	0.0289	0.0147	0.0143	0.0031	0.0027	0.0004	0.0258	0.0120	0.0138	0.0000	0.0000	0.0000	0.0000	0.0000	0.0000	0.0000	0.0000	0.0000	0.0194	0.0068	0.0323	0.0128	0.0148	0.0000	0.0201	0.0050	0.0332	
15	108	0.0779	7	0	0	0	1	0	0	0	0	N	N	N	N	N	N	N	N	N	N	N	N	0.0000	0.0000	0.0000	0.0000	0.0000	0.0000	0.0000	0.0000	0.0000	0.0000	0.0000	0.0000	0.0000	0.0000	0.0000	0.0000	0.0000	0.0018	0.0024	0.0008	0.0054	0.0065	0.0000	0.0019	0.0075	0.0008	0.7499	0.0000	-0.0000	0.0001	16.2725	6.0018	4.4748	0.0000	0.0000	0.0000	0.0000	0.0000	0.0000	0.0000	0.0000	0.0000	0.0001	0.0000	0.0000	0.0000	0.0000	0.0000	0.0000	0.0000	0.0000	0.0000	0.0000	0.0000	0.0000	0.0000	0.0000	0.0000	0.0000	0.0000	0.0761	0.0393	0.0368	0.0066	0.0059	0.0007	0.0695	0.0335	0.0360	0.0000	0.0000	0.0000	0.0000	0.0000	0.0000	0.0000	0.0000	0.0000	0.0009	0.0010	0.0008	0.0045	0.0051	0.0000	0.0006	0.0003	0.0008		
15	109	0.1889	10	0	1	0	1	0	0	0	0	N	N	N	N	N	N	N	N	N	N	N	N	0.0000	0.0000	0.0000	0.0000	0.0000	0.0000	0.0000	0.0000	0.0000	0.0000	0.0000	0.0000	0.0000	0.0000	0.0000	0.0112	0.0377	0.0000	0.0519	0.0624	0.0000	0.0000	0.0000	0.0000	0.0000	0.0000	-0.0004	0.0001	40.5309	6.0018	14.7974	0.0000	0.0000	0.0000	0.0000	0.0000	0.0000	0.0000	0.0000	0.0000	0.0006	0.0006	0.0000	0.0006	0.0006	0.0000	0.0000	0.0000	0.0000	0.0000	0.0000	0.0000	0.0000	0.0000	0.0000	0.0000	0.0000	0.0000	0.1772	0.0975	0.0798	0.0267	0.0234	0.0033	0.1505	0.0740	0.0765	0.0000	0.0000	0.0000	0.0000	0.0000	0.0000	0.0000	0.0000	0.0000	0.0036	0.0065	0.0000	0.0236	0.0269	0.0000	0.0000	0.0000	0.0000				
15	110	0.1630	9	0	1	0	1	0	0	0	0	N	N	N	N	N	N	N	N	N	N	N	N	0.0015	0.0026	0.0000	0.0398	0.0339	0.0000	0.0000	0.0000	0.0000	0.0001	0.0001	0.0000	0.0004	0.0004	0.0000	0.0000	0.0000	0.0000	0.0932	0.0561	0.0295	0.0098	0.0117	0.0000	0.1584	0.5140	0.0277	0.0000	1.3998	-0.0000	-0.0000	0.0001	13.5236	6.0018	3.5331	0.0000	0.0000	0.0000	0.0000	0.0000	0.0000	0.0000	0.0000	0.0000	0.0007	0.0003	0.0004	0.0001	0.0001	0.0000	0.0006	0.0002	0.0004	0.0000	0.0000	0.0000	0.0000	0.0000	0.0000	0.0000	0.0000	0.0000	0.0675	0.0385	0.0290	0.0131	0.0117	0.0014	0.0544	0.0268	0.0276	0.0130	0.0188	0.0000	0.0571	0.0515	0.0000	0.0000	0.0000	0.0000	0.0107	0.0078	0.0145	0.0069	0.0077	0.0000	0.0116	0.0078	0.0152
15	111	0.1070	8	0	0	0	1	0	0	0	0	N	N	N	N	N	N	N	N	N	N	N	N	0.0687	0.1012	0.0000	0.0000	0.0000	0.0525	0.0120	0.0000	0.0001	0.0001	0.0000	0.0000	0.0000	0.0000	0.0002	0.0002	0.0000	0.0017	0.0012	0.0011	0.0007	0.0008	0.0000	0.0033	0.0159	0.0012	0.0000	1.4999	-0.0000	-0.0000	0.0001	16.9399	6.0018	15.9768	0.0000	0.0000	0.0000	0.0000	0.0000	0.0000	0.0000	0.0000	0.0000	0.0001	0.0000	0.0001	0.0000	0.0000	0.0000	0.0001	0.0000	0.0001	0.0000	0.0000	0.0000	0.0000	0.0000	0.0000	0.0000	0.0000	0.0000	0.1157	0.0630	0.0527	0.0135	0.0119	0.0016	0.1022	0.0511	0.0511	0.1344	0.1940	0.0000	0.0000	0.0000	0.0000	0.1990	0.3259	0.0000	0.0009	0.0006	0.0011	0.0007	0.0008	0.0000	0.0009	0.0006	0.0012	
15	112	0.0498	6	1	1	0	2	0	0	0	0	N	N	N	Y	N	N	N	N	N	N	N	N	0.0000	0.0000	0.0000	0.0000	0.0000	0.0000	0.0000	0.0000	0.0000	0.0000	0.0000	0.0000	0.0000	0.0000	0.0000	0.0000	0.0000	0.0000	0.0000	0.0000	0.0001	0.0019	6.0018	1.9928	0.0000	0.0000	0.0000	0.0000	0.0000	0.0000	0.0000	0.0000	0.0000	0.0000	0.0000	0.0000	0.0000	0.0000	0.0000	0.0000	0.0000	0.0000	0.0000	0.0000	0.0000	0.0000	0.0000	0.0000	0.0000	0.0000	0.0000	0.0074	0.0039	0.0036	0.0005	0.0005	0.0000	0.0069	0.0034	0.0035	0.0000	0.0000	0.0000	0.0000	0.0000	0.0000	0.0000	0.0000	0.0000	0.0000	0.0000	0.0000	0.0000	0.0000	0.0000	0.0000	0.0000	0.0000											
15	113	0.0262	5	1	1	0	2	0	0	0	0	N	N	N	Y	N	N	N	N	N	N	N	N	0.0000	0.0000	0.0000	0.0000	0.0000	0.0000	0.0000	0.0000	0.0000	0.0000	0.0000	0.0000	0.0000	0.0013	0.0037	0.0000	0.0349	0.0383	0.0000	0.0000	0.0000	0.0000	0.0000	0.0000	-0.0000	0.0001	8.6942	6.0018	6.0502	0.0000	0.0000	0.0000	0.0000	0.0000	0.0000	0.0000	0.0000	0.0000	0.0000	0.0000	0.0000	0.0000	0.0000	0.0000	0.0000	0.0000	0.0000	0.0000	0.0000	0.0000	0.0000	0.0000	0.0000	0.0000	0.0000	0.0000	0.0573	0.0285	0.0288	0.0023	0.0022	0.0001	0.0551	0.0263	0.0288	0.0000	0.0000	0.0000	0.0000	0.0000	0.0000	0.0000	0.0000	0.0000	0.0007	0.0014	0.0000	0.0176	0.0184	0.0000	0.0000	0.0000	0.0000						
15	114	0.0185	3	0	1	0	2	0	0	0	0	N	N	N	Y	N	N	N	N	N	N	N	N	0.0000	0.0000	0.0000	0.0000	0.0000	0.0000	0.0000	0.0000	0.0000	0.0000	0.0000	0.0000	0.0000	0.0000	0.0000	0.0000	0.0000	0.0000	0.0000	0.0000	0.0001	0.0001	6.0018	0.0001	0.0000	0.0000	0.0000	0.0000	0.0000	0.0000	0.0000	0.0000	0.0000	0.0000	0.0000	0.0000	0.0000	0.0000	0.0000	0.0000	0.0000	0.0000	0.0000	0.0000	0.0000	0.0000	0.0000	0.0000	0.0000	0.0000	0.0000	0.0000	0.0000	0.0000	0.0000	0.0000	0.0000	0.0000	0.0000	0.0000	0.0000	0.0000	0.0000	0.0000	0.0000	0.0000	0.0000	0.0000	0.0000	0.0000	0.0000	0.0000	0.0000	0.0000	0.0000	0.0000	0.0000	0.0000											
15	115	0.0118	2	0	1	0	2	0	0	0	0	N	N	N	Y	N	N	N	N	N	N	N	N	12.7691	6.0638	0.1038	0.0868	0.0013	0.0013	0.0000	0.0042	0.0042	0.0000	0.0000	0.0000	0.0000	0.0001	0.0002	0.0000	0.0404	0.0484	0.0000	0.0000	0.0000	0.0000	0.0000	0.0000	-0.0000	-0.0000	0.0001	3.0007	6.0018	1.0012	0.0000	0.0000	0.0000	0.0000	0.0000	0.0000	0.0000	0.0000	0.0000	0.0000	0.0000	0.0000	0.0000	0.0000	0.0000	0.0000	0.0000	0.0000	0.0000	0.0000	0.0000	0.0000	0.0000	0.0000	0.0000	0.0000	0.0000	0.0156	0.0075	0.0081	0.0001	0.0001	0.0000	0.0155	0.0074	0.0081	12.7691	6.5440	0.0000	0.2178	0.1938	0.0000	0.0000	0.0000	0.0000	0.0001	0.0002	0.0000	0.0193	0.0217	0.0000	0.0000	0.0000	0.0000					
15	117	0.1974	9	0	1	0	1	0	0	0	0	N	N	N	N	N	N	N	N	N	N	N	N	0.0000	0.0000	0.0000	0.0000	0.0000	0.0000	0.0000	0.0000	0.0000	0.0000	0.0000	0.0000	0.0000	0.0000	0.0000	0.0000	6.6223	2.4399	18.1662	9.5038	10.7147	0.0000	6.1647	0.0000	20.5486	4.0850	0.0000	0.2155	0.0001	31.2782	6.0018	23.9277	0.0000	0.0000	0.0000	0.0000	0.0000	0.0000	0.0000	0.0000	0.0000	1.2316	0.2422	0.9894	0.2422	0.2422	0.0000	0.9894	0.0000	0.9894	0.0000	0.0000	0.0000	0.0000	0.0000	0.0000	0.0000	0.0000	0.0000	0.1860	0.0993	0.0867	0.0255	0.0226	0.0029	0.1605	0.0767	0.0838	0.0000	0.0000	0.0000	0.0000	0.0000	0.0000	0.0000	0.0000	0.0000	6.6223	2.4399	11.4100	9.5038	10.7147	0.0000	6.1647	0.0000	11.8020			
15	118	0.0136	3	0	0	1	2	0	0	0	0	N	N	N	Y	N	N	N	N	N	N	N	N	0.0000	0.0000	0.0000	0.0000	0.0000	0.0000	0.0000	0.0000	0.0000	0.0000	0.0000	0.0000	0.0000	0.0000	0.0000	0.0000	0.0001	0.0001	0.0000	0.0000	0.0000	0.0000	0.0000	0.0000	-0.0000	0.0001	3.8827	6.0018	2.9998	0.0000	0.0000	0.0000	0.0000	0.0000	0.0000	0.0000	0.0000	0.0000	0.0000	0.0000	0.0000	0.0000	0.0000	0.0000	0.0000	0.0000	0.0000	0.0000	0.0000	0.0000	0.0000	0.0000	0.0000	0.0000	0.0000	0.0000	0.0266	0.0127	0.0138	0.0001	0.0001	0.0000	0.0265	0.0126	0.0138	0.0000	0.0000	0.0000	0.0000	0.0000	0.0000	0.0000	0.0000	0.0000	0.0000	0.0000	0.0000	0.0001	0.0001	0.0000	0.0000	0.0000	0.0000						
15	120	0.0165	4	0	0	1	2	0	0	0	0	N	N	N	Y	N	N	N	N	N	N	N	N	0.0000	0.0000	0.0000	0.0000	0.0000	0.0000	0.0000	0.0000	0.0000	0.0000	0.0000	0.0000	0.0000	0.0000	0.0000	0.0000	0.0000	0.0000	0.0000	0.0000	0.0001	9.6158	6.0018	0.0030	0.0000	0.0000	0.0000	0.0000	0.0000	0.0000	0.0000	0.0000	0.0000	0.0000	0.0000	0.0000	0.0000	0.0000	0.0000	0.0000	0.0000	0.0000	0.0000	0.0000	0.0000	0.0000	0.0000	0.0000	0.0000	0.0000	0.0000	0.0367	0.0176	0.0191	0.0002	0.0001	0.0000	0.0365	0.0175	0.0191	0.0000	0.0000	0.0000	0.0000	0.0000	0.0000	0.0000	0.0000	0.0000	0.0000	0.0000	0.0000	0.0000	0.0000	0.0000	0.0000	0.0000	0.0000											
15	123	0.5726	14	0	0	1	2	0	0	0	0	N	N	N	Y	N	N	N	N	N	N	N	N	0.0000	0.0000	0.0000	0.0000	0.0000	0.0000	0.0000	0.0000	0.0000	0.0000	0.0000	0.0000	0.0000	0.0000	0.0000	23.1347	38.2166	0.0000	0.0007	0.0008	0.0000	34.2127	72.0528	0.0000	0.0000	0.0000	-0.6283	0.0001	12.8936	6.0018	4.1514	0.0000	0.0000	0.0000	0.0000	0.0000	0.0000	0.0000	0.0000	0.0000	0.9999	0.9999	0.0000	0.0000	0.0000	0.0000	0.9998	0.9998	0.0000	0.0000	0.0000	0.0000	0.0000	0.0000	0.0000	0.0000	0.0000	0.0000	0.0432	0.0262	0.0171	0.0140	0.0123	0.0017	0.0292	0.0139	0.0153	0.0000	0.0000	0.0000	0.0000	0.0000	0.0000	0.0000	0.0000	0.0000	23.1347	38.2166	0.0000	0.0007	0.0008	0.0000	34.2127	72.0528	0.0000				
15	124	0.0836	7	0	1	0	1	0	0	0	0	N	N	N	N	N	N	N	N	N	N	N	N	0.0010	0.0007	0.0007	0.0006	0.0010	0.0010	0.0000	0.0029	0.0029	0.0000	0.0000	0.0000	0.0000	0.9952	1.4164	0.0000	4.2411	4.6200	0.0000	0.0000	0.0000	0.0000	0.0000	0.0000	-0.0000	-0.0153	0.0001	12.7386	6.0018	8.7370	0.0000	0.0000	0.0000	0.0000	0.0000	0.0000	0.0000	0.0000	0.0000	0.0243	0.0243	0.0000	0.0243	0.0243	0.0000	0.0000	0.0000	0.0000	0.0000	0.0000	0.0000	0.0000	0.0000	0.0000	0.0000	0.0000	0.0000	0.0785	0.0388	0.0396	0.0061	0.0053	0.0008	0.0724	0.0336	0.0389	0.0031	0.0016	0.0000	0.0007	0.0006	0.0000	0.0000	0.0000	0.0000	0.3101	0.6265	0.0000	4.0221	4.6200	0.0000	0.0000	0.0000	0.0000					
15	125	0.0683	6	0	1	0	1	0	0	0	0	N	N	N	N	N	N	N	N	N	N	N	N	0.0011	0.0012	0.0029	0.0000	0.0000	0.0015	0.0017	0.0029	0.0013	0.0007	0.0113	0.0000	0.0000	0.0000	0.0020	0.0010	0.0115	1.1672	0.5522	3.9163	1.1741	1.2684	0.0000	1.3203	0.6156	4.0228	1.1667	31.6542	0.0000	0.0085	0.0001	8.6431	6.0018	1.4782	0.0000	0.0000	0.0000	0.0000	0.0000	0.0000	0.0000	0.0000	0.0000	0.0249	0.0008	0.0242	0.0006	0.0006	0.0000	0.0243	0.0002	0.0242	0.0000	0.0000	0.0000	0.0000	0.0000	0.0000	0.0000	0.0000	0.0000	0.0370	0.0184	0.0186	0.0024	0.0021	0.0003	0.0346	0.0163	0.0183	0.0020	0.0159	0.0087	0.0000	0.0000	0.0000	0.0029	0.0985	0.0087	0.6736	0.0416	1.2959	0.2424	0.2821	0.0000	0.7041	0.0105	1.3203	
15	128	0.5848	15	1	1	0	1	0	0	0	0	N	N	N	N	N	N	N	N	N	N	N	N	0.0000	0.0000	0.0000	0.0000	0.0000	0.0000	0.0000	0.0000	0.0000	0.0000	0.0000	0.0000	0.0000	0.0000	0.0000	0.0000	0.0000	0.0000	0.0000	0.0000	0.0001	2.0107	6.0018	1.9995	0.0000	0.0000	0.0000	0.0000	0.0000	0.0000	0.0000	0.0000	0.0000	0.0000	0.0000	0.0000	0.0000	0.0000	0.0000	0.0000	0.0000	0.0000	0.0000	0.0000	0.0000	0.0000	0.0000	0.0000	0.0000	0.0000	0.0000	0.0096	0.0060	0.0036	0.0034	0.0029	0.0004	0.0063	0.0031	0.0032	0.0000	0.0000	0.0000	0.0000	0.0000	0.0000	0.0000	0.0000	0.0000	0.0000	0.0000	0.0000	0.0000	0.0000	0.0000	0.0000	0.0000	0.0000											
15	129	0.5726	14	1	1	0	1	0	0	0	0	N	N	N	N	N	N	N	N	N	N	N	N	0.0000	0.0000	0.0000	0.0000	0.0000	0.0000	0.0000	0.0000	0.0000	0.0000	0.0000	0.0000	0.0000	0.0040	0.0086	0.0000	0.0058	0.0071	0.0000	0.0000	0.0000	0.0000	0.0000	0.0000	-0.0000	0.0001	5.6459	6.0018	1.1399	0.0000	0.0000	0.0000	0.0000	0.0000	0.0000	0.0000	0.0000	0.0000	0.0000	0.0000	0.0000	0.0000	0.0000	0.0000	0.0000	0.0000	0.0000	0.0000	0.0000	0.0000	0.0000	0.0000	0.0000	0.0000	0.0000	0.0000	0.0188	0.0113	0.0076	0.0063	0.0056	0.0007	0.0125	0.0056	0.0069	0.0000	0.0000	0.0000	0.0000	0.0000	0.0000	0.0000	0.0000	0.0000	0.0016	0.0027	0.0000	0.0047	0.0053	0.0000	0.0000	0.0000	0.0000						
15	130	0.5423	13	0	0	0	1	0	0	0	0	N	N	N	N	N	N	N	N	N	N	N	N	0.0000	0.0000	0.0000	0.0000	0.0000	0.0000	0.0000	0.0000	0.0000	0.0000	0.0000	0.0000	0.0000	0.0000	0.0000	0.0000	0.0000	0.0000	0.4450	0.0133	0.4282	0.1178	0.0066	1.1410	0.4735	0.1150	0.1613	14.2400	0.0000	0.0005	0.0001	11.6079	6.0018	5.3766	0.0000	0.0000	0.0000	0.0000	0.0000	0.0000	0.0000	0.0000	0.0000	0.0017	0.0001	0.0016	0.0007	0.0001	0.0006	0.0010	0.0000	0.0010	0.0000	0.0000	0.0000	0.0000	0.0000	0.0000	0.0000	0.0000	0.0000	0.0518	0.0314	0.0204	0.0180	0.0160	0.0020	0.0338	0.0154	0.0184	0.0000	0.0000	0.0000	0.0000	0.0000	0.0000	0.0000	0.0000	0.0000	0.0331	0.0036	0.0785	0.0396	0.0051	0.3227	0.0296	0.0020	0.0526	
15	131	0.5244	12	0	0	0	1	0	0	0	0	N	N	N	N	N	N	N	N	N	N	N	N	0.0252	0.0237	0.0000	0.0565	0.0589	0.0000	0.0000	0.0000	0.0000	0.0145	0.0154	0.0000	0.0311	0.0326	0.0000	0.0000	0.0000	0.0000	0.5745	0.6525	0.1021	0.5503	0.5543	0.0787	0.2857	0.0583	0.0824	0.0000	0.3293	-0.0000	-0.0010	0.0001	3.9355	6.0018	8.7078	0.0000	0.0000	0.0000	0.0000	0.0000	0.0000	0.0000	0.0000	0.0000	0.0027	0.0020	0.0007	0.0021	0.0020	0.0001	0.0006	0.0000	0.0006	0.0000	0.0000	0.0000	0.0000	0.0000	0.0000	0.0000	0.0000	0.0000	0.0528	0.0348	0.0180	0.0200	0.0185	0.0015	0.0328	0.0162	0.0165	0.2868	0.2683	0.0000	0.3022	0.3054	0.0000	0.0000	0.0000	0.0000	0.0504	0.0576	0.0366	0.1029	0.1068	0.0541	0.0184	0.0014	0.0351
15	132	0.5128	11	0	0	0	1	0	0	0	0	N	N	N	N	N	N	N	N	N	N	N	N	0.0323	0.0512	0.0000	0.1233	0.1518	0.0000	0.0189	0.0401	0.0000	0.0243	0.0259	0.0000	0.0327	0.0343	0.0000	0.0171	0.0185	0.0000	0.7522	0.5066	1.6071	0.2653	0.2262	0.2051	0.9020	0.4611	1.5249	0.0000	3.5035	-0.0000	0.0006	0.0001	6.2657	6.0018	3.9760	0.0000	0.0000	0.0000	0.0000	0.0000	0.0000	0.0000	0.0000	0.0000	0.0041	0.0009	0.0032	0.0010	0.0008	0.0001	0.0031	0.0001	0.0030	0.0000	0.0000	0.0000	0.0000	0.0000	0.0000	0.0000	0.0000	0.0000	0.0421	0.0267	0.0154	0.0160	0.0146	0.0013	0.0262	0.0121	0.0141	0.2497	0.7619	0.0000	0.5385	0.6061	0.0000	0.1428	2.7612	0.0000	0.0973	0.0341	0.2068	0.0607	0.0567	0.1060	0.1195	0.0067	0.2163
15	133	0.4355	10	0	0	0	1	0	0	0	0	N	N	N	N	N	N	N	N	N	N	N	N	0.0044	0.0072	0.0000	0.0000	0.0000	0.0000	0.0065	0.2134	0.0000	0.0042	0.0044	0.0000	0.0000	0.0000	0.0000	0.0073	0.0079	0.0000	0.9548	0.6134	2.9272	0.7643	0.5519	2.0251	1.1144	0.0369	2.9588	0.0000	6.7809	-0.0000	0.0097	0.0001	26.7012	6.0018	18.2690	0.0000	0.0000	0.0000	0.0000	0.0000	0.0000	0.0000	0.0000	0.0000	0.0399	0.0051	0.0348	0.0075	0.0051	0.0024	0.0325	0.0001	0.0324	0.0000	0.0000	0.0000	0.0000	0.0000	0.0000	0.0000	0.0000	0.0000	0.1612	0.0982	0.0630	0.0528	0.0478	0.0050	0.1084	0.0504	0.0580	0.0170	0.0849	0.0000	0.0000	0.0000	0.0000	0.0243	7.7451	0.0000	0.2478	0.0523	0.5526	0.1419	0.1063	0.4863	0.2993	0.0010	0.5583
15	134	0.1974	9	0	0	0	1	0	0	0	0	N	N	N	N	N	N	N	N	N	N	N	N	0.0000	0.0000	0.0000	0.0000	0.0000	0.0000	0.0000	0.0000	0.0000	0.0000	0.0000	0.0000	0.0000	0.0000	0.0000	0.0000	0.0000	0.0000	8.5040	0.8159	26.9685	1.5708	1.6413	0.0423	9.4616	0.8116	29.0496	172.8119	-0.0000	1.0033	0.0001	61.4372	6.0018	55.8589	0.0000	0.0000	0.0000	0.0000	0.0000	0.0000	0.0000	0.0000	0.0000	2.7421	0.0158	2.7263	0.0128	0.0126	0.0002	2.7293	0.0032	2.7261	0.0000	0.0000	0.0000	0.0000	0.0000	0.0000	0.0000	0.0000	0.0000	0.3224	0.1685	0.1539	0.0340	0.0292	0.0048	0.2885	0.1393	0.1491	0.0000	0.0000	0.0000	0.0000	0.0000	0.0000	0.0000	0.0000	0.0000	8.5040	0.0936	17.7116	0.3764	0.4326	0.0350	9.4616	0.0226	18.2816	
15	135	0.1070	8	0	0	0	1	0	0	0	0	N	N	N	N	N	N	N	N	N	N	N	N	0.0000	0.0000	0.0000	0.0000	0.0000	0.0000	0.0000	0.0000	0.0000	0.0000	0.0000	0.0000	0.0000	0.0000	0.0000	0.0000	0.0000	1.5955	0.0083	6.4711	0.0005	0.0005	0.0000	1.8783	0.2207	6.8620	1105.3967	0.0000	0.0936	0.0001	31.7621	6.0018	18.5886	0.0000	0.0000	0.0000	0.0000	0.0000	0.0000	0.0000	0.0000	0.0000	0.2525	0.0002	0.2522	0.0000	0.0000	0.0000	0.2525	0.0002	0.2522	0.0000	0.0000	0.0000	0.0000	0.0000	0.0000	0.0000	0.0000	0.0000	0.1662	0.0891	0.0771	0.0177	0.0153	0.0024	0.1485	0.0738	0.0747	0.0000	0.0000	0.0000	0.0000	0.0000	0.0000	0.0000	0.0000	0.0000	1.5192	0.0026	3.2709	0.0005	0.0005	0.0000	1.7003	0.0030	3.3771		
16	17	0.4232	15	0	1	0	2	0	0	0	0	N	N	N	Y	N	N	N	N	N	N	N	N	0.0000	0.0000	0.0000	0.0000	0.0000	0.0000	0.0000	0.0000	0.0000	0.0000	0.0000	0.0000	0.0000	0.0000	0.0000	0.0000	0.0000	0.0000	0.0000	0.0000	1.0007	8.1476	1.0009	4.0573	0.0000	0.0000	0.0000	0.0000	0.0000	0.0000	0.0000	0.0000	0.0000	0.0000	0.0000	0.0000	0.0000	0.0000	0.0000	0.0000	0.0000	0.0000	0.0337	0.0299	0.0038	0.0104	0.0097	0.0007	0.0233	0.0202	0.0031	0.0111	0.0063	0.0048	0.0023	0.0019	0.0004	0.0088	0.0044	0.0044	0.0000	0.0000	0.0000	0.0000	0.0000	0.0000	0.0000	0.0000	0.0000	0.0000	0.0000	0.0000	0.0000	0.0000	0.0000	0.0000	0.0000	0.0000											
16	18	0.1269	9	0	1	0	1	0	0	0	0	N	N	N	N	N	N	N	N	N	N	N	N	0.0000	0.0000	0.0000	0.0000	0.0000	0.0000	0.0000	0.0000	0.0000	0.0000	0.0000	0.0000	0.0000	0.0000	0.0000	0.0000	0.0000	0.0000	0.3421	0.0504	0.1163	0.0011	0.0013	0.0000	0.4303	0.5713	0.1057	4.9960	0.0000	0.0001	1.0007	12.7610	1.0009	15.2058	0.0000	0.0000	0.0000	0.0000	0.0000	0.0000	0.0000	0.0000	0.0000	0.0007	0.0001	0.0006	0.0000	0.0000	0.0000	0.0007	0.0001	0.0006	0.0547	0.0482	0.0065	0.0121	0.0115	0.0006	0.0426	0.0368	0.0059	0.0313	0.0160	0.0153	0.0036	0.0032	0.0004	0.0276	0.0127	0.0149	0.0000	0.0000	0.0000	0.0000	0.0000	0.0000	0.0000	0.0000	0.0000	0.0230	0.0075	0.0392	0.0011	0.0013	0.0000	0.0259	0.0091	0.0402	
16	19	0.0085	2	0	1	0	2	0	0	0	0	N	N	N	Y	N	N	N	N	N	N	N	N	0.0000	0.0000	0.0000	0.0000	0.0000	0.0000	0.0000	0.0000	0.0000	0.0000	0.0000	0.0000	0.0000	0.0000	0.0000	0.0000	0.0000	0.0000	0.0000	0.0000	1.0007	3.0000	1.0009	1.0000	0.0000	0.0000	0.0000	0.0000	0.0000	0.0000	0.0000	0.0000	0.0000	0.0000	0.0000	0.0000	0.0000	0.0000	0.0000	0.0000	0.0000	0.0000	0.0129	0.0111	0.0018	0.0000	0.0000	0.0000	0.0128	0.0111	0.0018	0.0052	0.0025	0.0027	0.0000	0.0000	0.0000	0.0052	0.0025	0.0027	0.0000	0.0000	0.0000	0.0000	0.0000	0.0000	0.0000	0.0000	0.0000	0.0000	0.0000	0.0000	0.0000	0.0000	0.0000	0.0000	0.0000	0.0000											
16	20	0.5626	13	0	1	0	2	0	0	0	0	N	N	N	Y	N	N	N	N	N	N	N	N	4241.8474	2850.3704	3415.8919	3172.9397	0.0012	0.0014	0.0000	0.0031	0.0033	0.0000	0.0000	0.0000	0.0000	0.0000	0.0000	0.0000	0.0000	0.0000	0.0000	0.0000	0.0000	0.0000	0.0000	0.0000	-0.0000	-0.0000	1.0007	9.0824	1.0009	4.8637	0.0001	0.0001	0.0000	0.0001	0.0001	0.0000	0.0000	0.0000	0.0000	0.0000	0.0000	0.0000	0.0000	0.0000	0.0000	0.0000	0.0000	0.0000	0.0400	0.0360	0.0040	0.0159	0.0151	0.0008	0.0241	0.0209	0.0032	0.0122	0.0074	0.0048	0.0039	0.0035	0.0005	0.0083	0.0039	0.0044	4241.8474	2850.3704	0.0000	3415.8919	3172.9397	0.0000	0.0000	0.0000	0.0000	0.0000	0.0000	0.0000	0.0000	0.0000	0.0000	0.0000	0.0000	0.0000					
16	21	0.1824	10	1	1	0	1	0	0	0	0	N	N	N	N	N	N	N	N	N	N	N	N	0.0000	0.0000	0.0000	0.0000	0.0000	0.0000	0.0000	0.0000	0.0000	0.0000	0.0000	0.0000	0.0000	0.0000	0.0000	0.0000	0.0000	0.0000	0.0000	0.0000	0.0000	0.0000	0.0000	0.0000	0.0000	0.4483	0.0000	-0.0000	1.0007	5.0072	1.0009	8.1033	0.0000	0.0000	0.0000	0.0000	0.0000	0.0000	0.0000	0.0000	0.0000	0.0000	0.0000	0.0000	0.0000	0.0000	0.0000	0.0000	0.0000	0.0000	0.0209	0.0182	0.0027	0.0028	0.0026	0.0002	0.0181	0.0156	0.0025	0.0173	0.0090	0.0083	0.0031	0.0027	0.0004	0.0141	0.0063	0.0079	0.0000	0.0000	0.0000	0.0000	0.0000	0.0000	0.0000	0.0000	0.0000	0.0000	0.0000	0.0000	0.0000	0.0000	0.0000	0.0000	0.0000	0.0000			
16	22	0.0736	6	0	1	0	1	0	0	0	0	N	N	N	N	N	N	N	N	N	N	N	N	53.5934	0.0660	1098.4212	636.5946	0.0935	3906.1463	48.8000	1217.4155	13.6581	0.0000	108.0241	0.0104	0.0000	0.3227	14.8276	0.0000	110.2316	0.2548	0.0000	0.0983	0.0000	0.0000	0.0001	0.3038	0.0000	0.0905	312456248.9362	48284.2927	0.7127	0.0002	1.0007	17.0533	1.0009	10.0403	0.9998	0.0000	0.9998	0.0001	0.0000	0.0001	0.9997	0.0000	0.9997	0.0006	0.0000	0.0006	0.0000	0.0000	0.0000	0.0006	0.0000	0.0006	0.0732	0.0639	0.0093	0.0058	0.0056	0.0002	0.0674	0.0584	0.0091	0.0328	0.0162	0.0166	0.0023	0.0020	0.0003	0.0305	0.0142	0.0163	754.0913	0.0660	3012.5929	636.5946	0.0935	3906.1463	760.8555	0.0000	3016.9999	0.0181	0.0000	0.0359	0.0000	0.0000	0.0001	0.0195	0.0000	0.0365	
16	23	0.4232	15	0	0	0	2	0	0	0	0	N	N	N	Y	N	N	N	N	N	N	N	N	0.0000	0.0000	0.0000	0.0000	0.0000	0.0000	0.0000	0.0000	0.0000	0.0000	0.0000	0.0000	0.0000	0.0000	0.0000	0.0000	0.0000	0.0000	0.0000	0.0000	1.0007	2.8591	1.0009	0.9679	0.0000	0.0000	0.0000	0.0000	0.0000	0.0000	0.0000	0.0000	0.0000	0.0000	0.0000	0.0000	0.0000	0.0000	0.0000	0.0000	0.0000	0.0000	0.0124	0.0110	0.0014	0.0039	0.0037	0.0002	0.0085	0.0073	0.0011	0.0037	0.0021	0.0016	0.0008	0.0007	0.0001	0.0029	0.0014	0.0015	0.0000	0.0000	0.0000	0.0000	0.0000	0.0000	0.0000	0.0000	0.0000	0.0000	0.0000	0.0000	0.0000	0.0000	0.0000	0.0000	0.0000	0.0000											
16	24	0.3970	14	0	0	0	2	0	0	0	0	N	N	N	Y	N	N	N	N	N	N	N	N	1848.8852	31259.5024	0.0000	7082.7497	29877.9316	0.0000	0.0000	0.0000	0.0132	0.0148	0.0000	0.0430	0.0460	0.0000	0.0000	0.0000	0.0000	0.0000	0.0000	0.0000	0.0000	0.0000	0.0000	0.0000	0.0000	0.0000	0.0000	25.0907	-0.0001	0.0000	1.0007	6.2936	1.0009	7.0245	0.0003	0.0003	0.0000	0.0003	0.0003	0.0000	0.0000	0.0000	0.0000	0.0000	0.0000	0.0000	0.0000	0.0000	0.0000	0.0000	0.0000	0.0000	0.0266	0.0236	0.0030	0.0081	0.0076	0.0005	0.0185	0.0160	0.0025	0.0121	0.0070	0.0051	0.0025	0.0021	0.0004	0.0096	0.0048	0.0048	1848.8852	31259.5024	0.0000	7082.7497	29877.9316	0.0000	0.0000	0.0000	0.0000	0.0000	0.0000	0.0000	0.0000	0.0000	0.0000	0.0000	0.0000	0.0000	
16	25	0.1982	9	1	0	1	1	0	0	0	0	N	N	N	N	N	N	N	N	N	N	N	N	inf	inf	inf	inf	inf	inf	43.8719	49.1923	0.0000	0.0025	0.0027	0.0000	67.2401	77.3861	0.0000	0.0000	0.0000	0.0000	0.0000	0.0000	0.0000	0.0000	0.0000	0.0000	0.0000	-0.2867	0.0000	1.0007	4.4994	1.0009	1.0731	0.9984	0.9984	0.0000	0.0000	0.0000	0.0000	0.9984	0.9984	0.0000	0.0000	0.0000	0.0000	0.0000	0.0000	0.0000	0.0000	0.0000	0.0000	0.0228	0.0203	0.0025	0.0079	0.0074	0.0005	0.0148	0.0129	0.0019	0.0061	0.0031	0.0030	0.0007	0.0006	0.0001	0.0054	0.0025	0.0029	inf	inf	0.0000	inf	inf	0.0000	inf	inf	0.0000	0.0000	0.0000	0.0000	0.0000	0.0000	0.0000	0.0000	0.0000	0.0000				
16	26	0.1440	9	0	1	0	1	0	0	0	0	N	N	N	N	N	N	N	N	N	N	N	N	0.0000	0.0000	0.0000	0.0000	0.0000	0.0000	0.0000	0.0000	0.0000	0.0000	0.0000	0.0000	0.0000	0.0000	0.0000	0.0000	0.0001	0.0000	0.0002	0.0000	0.0000	0.0000	0.0003	0.0000	0.0002	205.6279	0.0000	0.0000	1.0007	12.3098	1.0009	9.0087	0.0000	0.0000	0.0000	0.0000	0.0000	0.0000	0.0000	0.0000	0.0000	0.0000	0.0000	0.0000	0.0000	0.0000	0.0000	0.0000	0.0000	0.0000	0.0544	0.0477	0.0067	0.0095	0.0088	0.0007	0.0449	0.0389	0.0061	0.0250	0.0136	0.0114	0.0040	0.0034	0.0006	0.0210	0.0102	0.0108	0.0000	0.0000	0.0000	0.0000	0.0000	0.0000	0.0000	0.0000	0.0000	0.0001	0.0000	0.0002	0.0000	0.0000	0.0000	0.0001	0.0000	0.0002			
16	27	0.1208	8	0	1	0	1	0	0	0	0	N	N	N	N	N	N	N	N	N	N	N	N	0.0000	0.0000	0.0000	0.0000	0.0000	0.0000	0.0000	0.0000	0.0000	0.0000	0.0000	0.0000	0.0000	0.0000	0.0000	0.0000	0.0000	0.0008	0.0000	0.0011	0.0000	0.0000	0.0000	0.0019	0.0000	0.0012	1550.0192	0.0000	0.0000	1.0007	25.8727	1.0009	15.5187	0.0000	0.0000	0.0000	0.0000	0.0000	0.0000	0.0000	0.0000	0.0000	0.0000	0.0000	0.0000	0.0000	0.0000	0.0000	0.0000	0.0000	0.0000	0.1089	0.0951	0.0139	0.0149	0.0139	0.0010	0.0941	0.0812	0.0129	0.0501	0.0279	0.0223	0.0085	0.0071	0.0013	0.0417	0.0207	0.0209	0.0000	0.0000	0.0000	0.0000	0.0000	0.0000	0.0000	0.0000	0.0000	0.0005	0.0000	0.0011	0.0000	0.0000	0.0000	0.0006	0.0000	0.0012		
16	28	0.1150	8	1	1	0	1	0	0	0	0	N	N	N	N	N	N	N	N	N	N	N	N	0.0000	0.0000	0.0000	0.0000	0.0000	0.0000	0.0000	0.0000	0.0000	0.0000	0.0000	0.0000	0.0000	0.0000	0.0000	0.0000	0.0000	0.0000	0.0000	0.0000	0.0000	0.0000	0.0000	0.0000	0.0000	0.4204	0.0000	-0.0000	1.0007	38.1974	1.0009	14.3032	0.0000	0.0000	0.0000	0.0000	0.0000	0.0000	0.0000	0.0000	0.0000	0.0000	0.0000	0.0000	0.0000	0.0000	0.0000	0.0000	0.0000	0.0000	0.1579	0.1401	0.0178	0.0320	0.0307	0.0013	0.1258	0.1094	0.0165	0.0536	0.0267	0.0269	0.0052	0.0044	0.0008	0.0484	0.0223	0.0261	0.0000	0.0000	0.0000	0.0000	0.0000	0.0000	0.0000	0.0000	0.0000	0.0000	0.0000	0.0000	0.0000	0.0000	0.0000	0.0000	0.0000	0.0000			
16	29	0.1509	10	0	1	0	1	0	0	0	0	N	N	N	N	N	N	N	N	N	N	N	N	0.0000	0.0000	0.0000	0.0000	0.0000	0.0000	0.0000	0.0000	0.0000	0.0000	0.0000	0.0000	0.0000	0.0000	0.0000	0.0251	0.0000	0.0282	0.0000	0.0000	0.0000	0.0660	0.0000	0.0258	inf	0.0000	0.0000	1.0007	6.0056	1.0009	10.9350	0.0000	0.0000	0.0000	0.0000	0.0000	0.0000	0.0000	0.0000	0.0000	0.0001	0.0000	0.0001	0.0000	0.0000	0.0000	0.0001	0.0000	0.0001	0.0312	0.0275	0.0037	0.0081	0.0075	0.0006	0.0232	0.0200	0.0032	0.0195	0.0106	0.0089	0.0033	0.0028	0.0005	0.0162	0.0078	0.0084	0.0000	0.0000	0.0000	0.0000	0.0000	0.0000	0.0000	0.0000	0.0000	0.0063	0.0000	0.0137	0.0000	0.0000	0.0000	0.0075	0.0000	0.0146				
16	30	0.2110	10	1	1	0	1	0	0	0	0	N	N	N	N	N	N	N	N	N	N	N	N	0.0005	0.0004	0.0000	0.0005	0.0005	0.0000	0.0071	inf	0.0000	0.0004	0.0004	0.0000	0.0009	0.0009	0.0000	0.0002	0.0002	0.0000	0.8519	1.1134	0.0131	1.8686	1.8571	0.0008	0.0217	0.0000	0.0110	0.0000	0.0198	-0.0000	-0.0037	1.0007	17.1852	1.0009	7.8386	0.0001	0.0001	0.0000	0.0000	0.0000	0.0000	0.0000	0.0000	0.0000	0.0061	0.0059	0.0001	0.0059	0.0059	0.0000	0.0001	0.0000	0.0001	0.1265	0.1139	0.0125	0.0449	0.0435	0.0014	0.0815	0.0705	0.0111	0.0414	0.0259	0.0155	0.0111	0.0105	0.0007	0.0303	0.0154	0.0148	0.0028	0.0020	0.0000	0.0016	0.0016	0.0000	0.0399	inf	0.0000	0.1462	0.2290	0.0076	0.5329	0.5665	0.0008	0.0039	0.0000	0.0079
16	31	0.2516	11	0	1	0	1	0	0	0	0	N	N	N	N	N	N	N	N	N	N	N	N	0.0000	0.0000	0.0000	0.0000	0.0000	0.0000	0.0000	0.0000	0.0000	0.0000	0.0000	0.0000	0.0000	0.0000	0.0000	0.0000	0.0000	0.0000	0.0000	0.0000	0.0000	0.0000	0.0000	0.0000	0.0000	1.9556	0.0000	0.0000	1.0007	9.9927	1.0009	7.0404	0.0000	0.0000	0.0000	0.0000	0.0000	0.0000	0.0000	0.0000	0.0000	0.0000	0.0000	0.0000	0.0000	0.0000	0.0000	0.0000	0.0000	0.0000	0.0398	0.0351	0.0047	0.0090	0.0085	0.0005	0.0308	0.0267	0.0042	0.0176	0.0089	0.0087	0.0019	0.0016	0.0003	0.0157	0.0073	0.0085	0.0000	0.0000	0.0000	0.0000	0.0000	0.0000	0.0000	0.0000	0.0000	0.0000	0.0000	0.0000	0.0000	0.0000	0.0000	0.0000	0.0000	0.0000			
16	32	0.2435	10	0	1	0	1	0	0	0	0	N	N	N	N	N	N	N	N	N	N	N	N	0.0000	0.0000	0.0000	0.0000	0.0000	0.0000	0.0000	0.0000	0.0000	0.0000	0.0000	0.0000	0.0000	0.0000	0.0000	0.0000	0.0000	0.0000	0.0000	0.0000	0.0000	0.0000	0.0000	0.0000	0.0002	0.0000	2.2200	0.0000	0.0000	1.0007	3.8146	1.0009	0.9911	0.0000	0.0000	0.0000	0.0000	0.0000	0.0000	0.0000	0.0000	0.0000	0.0000	0.0000	0.0000	0.0000	0.0000	0.0000	0.0000	0.0000	0.0000	0.0176	0.0157	0.0019	0.0045	0.0043	0.0002	0.0132	0.0114	0.0017	0.0051	0.0025	0.0025	0.0005	0.0004	0.0001	0.0046	0.0021	0.0025	0.0000	0.0000	0.0000	0.0000	0.0000	0.0000	0.0000	0.0000	0.0000	0.0000	0.0000	0.0000	0.0000	0.0000	0.0000	0.0000	0.0000	0.0000		
16	33	0.2435	10	0	1	0	1	0	0	0	0	N	N	N	N	N	N	N	N	N	N	N	N	0.0000	0.0000	0.0000	0.0000	0.0000	0.0000	0.0000	0.0000	0.0000	0.0000	0.0000	0.0000	0.0000	0.0000	0.0000	0.0000	0.0000	0.0000	0.0000	0.0000	0.0000	0.0000	inf	0.0000	0.0000	1.0007	24.4476	1.0009	5.0002	0.0000	0.0000	0.0000	0.0000	0.0000	0.0000	0.0000	0.0000	0.0000	0.0000	0.0000	0.0000	0.0000	0.0000	0.0000	0.0000	0.0000	0.0000	0.0950	0.0841	0.0110	0.0209	0.0197	0.0012	0.0741	0.0643	0.0098	0.0295	0.0148	0.0147	0.0029	0.0024	0.0005	0.0266	0.0123	0.0142	0.0000	0.0000	0.0000	0.0000	0.0000	0.0000	0.0000	0.0000	0.0000	0.0000	0.0000	0.0000	0.0000	0.0000	0.0000	0.0000	0.0000	0.0000						
16	34	0.2915	10	0	1	1	2	0	0	0	0	N	N	N	Y	N	N	N	N	N	N	N	N	0.0000	0.0000	0.0000	0.0000	0.0000	0.0000	0.0000	0.0000	0.0000	0.0000	0.0000	0.0000	0.0000	0.1394	0.3569	0.0000	0.1835	0.1980	0.0000	0.0000	0.0000	0.0000	0.0000	0.0000	-0.0000	1.0007	1.3124	1.0009	1.0060	0.0000	0.0000	0.0000	0.0000	0.0000	0.0000	0.0000	0.0000	0.0000	0.0000	0.0000	0.0000	0.0000	0.0000	0.0000	0.0000	0.0000	0.0000	0.0107	0.0100	0.0007	0.0067	0.0066	0.0002	0.0040	0.0034	0.0005	0.0031	0.0019	0.0012	0.0008	0.0008	0.0001	0.0022	0.0011	0.0011	0.0000	0.0000	0.0000	0.0000	0.0000	0.0000	0.0000	0.0000	0.0000	0.0131	0.0211	0.0000	0.0489	0.0530	0.0000	0.0000	0.0000	0.0000						
16	35	0.1602	9	0	0	0	2	0	0	0	0	N	N	N	Y	N	N	N	N	N	N	N	N	0.1089	0.1017	0.0000	0.7672	0.7137	0.0000	0.0000	0.0000	0.0001	0.0002	0.0000	0.0007	0.0008	0.0000	0.0000	0.0000	0.0000	0.0013	0.0015	0.0006	0.0009	0.0011	0.0000	0.0021	0.0186	0.0006	0.0000	0.6591	-0.0000	-0.0000	1.0007	53.2438	1.0009	16.6757	0.0000	0.0000	0.0000	0.0000	0.0000	0.0000	0.0000	0.0000	0.0000	0.0001	0.0000	0.0000	0.0000	0.0000	0.0000	0.0000	0.0000	0.0000	0.2186	0.1938	0.0247	0.0418	0.0397	0.0020	0.1768	0.1541	0.0227	0.0738	0.0400	0.0338	0.0110	0.0098	0.0013	0.0628	0.0303	0.0325	0.2017	0.2047	0.0000	0.7672	0.7137	0.0000	0.0000	0.0000	0.0000	0.0007	0.0008	0.0006	0.0009	0.0011	0.0000	0.0006	0.0007	0.0006	
16	36	0.1194	9	0	1	0	1	0	0	0	0	N	N	N	N	N	N	N	N	N	N	N	N	0.0000	0.0000	0.0000	0.0000	0.0000	0.0000	0.0000	0.0000	0.0000	0.0000	0.0000	0.0000	0.0000	0.0000	0.0000	0.0000	0.0000	0.0000	0.0000	0.0000	0.0000	0.0000	0.0000	0.0000	0.0000	8.7551	0.0000	0.0000	1.0007	17.9460	1.0009	11.6991	0.0000	0.0000	0.0000	0.0000	0.0000	0.0000	0.0000	0.0000	0.0000	0.0000	0.0000	0.0000	0.0000	0.0000	0.0000	0.0000	0.0000	0.0000	0.0781	0.0686	0.0094	0.0111	0.0106	0.0005	0.0670	0.0581	0.0089	0.0354	0.0185	0.0169	0.0050	0.0044	0.0007	0.0304	0.0141	0.0163	0.0000	0.0000	0.0000	0.0000	0.0000	0.0000	0.0000	0.0000	0.0000	0.0000	0.0000	0.0000	0.0000	0.0000	0.0000	0.0000	0.0000	0.0000			
16	37	0.5748	14	1	1	0	1	0	0	0	0	N	N	N	N	N	N	N	N	N	N	N	N	0.0000	0.0000	0.0000	0.0000	0.0000	0.0000	0.0000	0.0000	0.0000	0.0000	0.0000	0.0000	0.0000	0.0000	0.0000	0.0000	0.0000	0.0000	0.0000	0.0000	1.0007	1.9903	1.0009	0.0021	0.0000	0.0000	0.0000	0.0000	0.0000	0.0000	0.0000	0.0000	0.0000	0.0000	0.0000	0.0000	0.0000	0.0000	0.0000	0.0000	0.0000	0.0000	0.0078	0.0070	0.0009	0.0028	0.0026	0.0002	0.0051	0.0044	0.0007	0.0016	0.0010	0.0006	0.0006	0.0005	0.0001	0.0011	0.0005	0.0005	0.0000	0.0000	0.0000	0.0000	0.0000	0.0000	0.0000	0.0000	0.0000	0.0000	0.0000	0.0000	0.0000	0.0000	0.0000	0.0000	0.0000	0.0000											
16	38	0.1602	9	0	1	0	2	0	0	0	0	N	N	N	Y	N	N	N	N	N	N	N	N	0.0090	0.0020	0.0095	0.0083	0.0002	0.0002	0.0000	0.0008	0.0008	0.0000	0.0000	0.0000	0.0000	0.0172	0.0852	0.0000	0.0813	0.0978	0.0000	0.0000	0.0000	0.0000	0.0000	0.0000	-0.0000	-0.0002	1.0007	45.5232	1.0009	15.8903	0.0000	0.0000	0.0000	0.0000	0.0000	0.0000	0.0000	0.0000	0.0000	0.0003	0.0003	0.0000	0.0003	0.0003	0.0000	0.0000	0.0000	0.0000	0.1944	0.1725	0.0219	0.0389	0.0371	0.0018	0.1555	0.1354	0.0201	0.0669	0.0364	0.0305	0.0104	0.0092	0.0011	0.0566	0.0272	0.0294	0.0315	0.0193	0.0000	0.0244	0.0228	0.0000	0.0000	0.0000	0.0000	0.0049	0.0090	0.0000	0.0316	0.0356	0.0000	0.0000	0.0000	0.0000					
16	39	0.1331	8	0	0	0	2	0	0	0	0	N	N	N	Y	N	N	N	N	N	N	N	N	0.0428	0.0157	0.0823	0.0622	0.0558	0.0002	0.0000	0.0859	0.0005	0.0005	0.0000	0.0025	0.0026	0.0000	0.0000	0.0000	0.0000	0.0107	0.0333	0.0000	0.0398	0.0466	0.0000	0.0017	0.0376	0.0000	0.0007	0.0040	-0.0000	-0.0001	1.0007	13.8166	1.0009	4.5847	0.0000	0.0000	0.0000	0.0000	0.0000	0.0000	0.0000	0.0000	0.0000	0.0001	0.0001	0.0000	0.0001	0.0001	0.0000	0.0000	0.0000	0.0000	0.0652	0.0574	0.0078	0.0121	0.0115	0.0006	0.0531	0.0459	0.0072	0.0240	0.0133	0.0107	0.0038	0.0034	0.0004	0.0202	0.0098	0.0104	0.1338	0.0843	0.0823	0.1298	0.1235	0.0000	0.0007	0.0000	0.0859	0.0034	0.0062	0.0000	0.0191	0.0210	0.0000	0.0005	0.0010	0.0000	
16	40	0.2949	12	0	0	1	1	0	0	0	0	N	N	N	N	N	N	N	N	N	N	N	N	0.0000	0.0000	0.0000	0.0000	0.0000	0.0000	7.4956	inf	0.0000	0.0000	0.0000	0.0000	0.0000	0.0000	0.0000	0.0000	0.0000	0.0000	27.0758	44.7776	0.0001	102.2395	116.2329	0.0013	0.0000	0.0000	0.0000	0.0000	0.0000	-0.0000	-0.4583	1.0007	12.6411	1.0009	7.4648	0.0000	0.0000	0.0000	0.0000	0.0000	0.0000	0.0000	0.0000	0.0000	0.7293	0.7293	0.0000	0.7293	0.7293	0.0000	0.0000	0.0000	0.0000	0.0585	0.0517	0.0068	0.0140	0.0135	0.0006	0.0444	0.0383	0.0062	0.0269	0.0163	0.0106	0.0071	0.0063	0.0009	0.0198	0.0100	0.0098	0.0000	0.0000	0.0000	0.0000	0.0000	0.0000	7.4956	inf	0.0000	27.0758	44.7776	0.0001	102.2395	116.2329	0.0013	0.0000	0.0000	0.0000
16	41	0.5624	12	0	1	0	1	0	0	0	0	N	N	N	N	N	N	N	N	N	N	N	N	69.6504	19.9489	0.0000	44.0717	37.5226	0.0000	1505.5535	inf	0.0000	1.3749	1.5314	0.0000	1.5906	1.6753	0.0000	1.2397	1.4324	0.0000	0.0197	0.0768	0.0005	0.0361	0.0446	0.0002	0.0008	0.0000	0.0005	0.0000	0.0402	-0.0363	-0.0001	1.0007	22.0894	1.0009	9.3639	0.1265	0.1265	0.0000	0.0564	0.0564	0.0000	0.0701	0.0701	0.0000	0.0001	0.0001	0.0000	0.0001	0.0001	0.0000	0.0000	0.0000	0.0000	0.0920	0.0826	0.0094	0.0354	0.0336	0.0018	0.0565	0.0489	0.0076	0.0269	0.0159	0.0109	0.0078	0.0069	0.0009	0.0190	0.0090	0.0100	254.1527	174.6828	0.0000	88.9317	83.0985	0.0000	4329.0118	inf	0.0000	0.0054	0.0088	0.0005	0.0179	0.0202	0.0002	0.0003	0.0000	0.0005
16	42	0.1331	8	0	1	0	1	0	0	0	0	N	N	N	N	N	N	N	N	N	N	N	N	10708.6670	inf	0.0000	10895.7558	inf	0.0000	0.0038	0.0044	0.0000	0.0000	0.0000	0.0000	0.0044	0.0051	0.0000	0.0000	0.0000	0.0000	0.0000	0.0000	0.0000	0.0000	0.0000	0.0000	0.0000	inf	-0.0002	0.0000	1.0007	43.3975	1.0009	17.3745	0.0007	0.0007	0.0000	0.0000	0.0000	0.0000	0.0007	0.0007	0.0000	0.0000	0.0000	0.0000	0.0000	0.0000	0.0000	0.0000	0.0000	0.0000	0.1721	0.1514	0.0207	0.0231	0.0220	0.0011	0.1490	0.1294	0.0196	0.0653	0.0350	0.0304	0.0078	0.0068	0.0010	0.0575	0.0282	0.0293	10708.6670	inf	0.0000	0.0000	0.0000	0.0000	10895.7558	inf	0.0000	0.0000	0.0000	0.0000	0.0000	0.0000	0.0000	0.0000	0.0000	0.0000			
16	43	0.4926	11	1	0	1	1	0	0	0	0	N	N	N	N	N	N	N	N	N	N	N	N	0.0000	0.0000	0.0000	0.0000	0.0000	0.0000	0.0000	0.0000	0.0000	0.0000	0.0000	0.0000	0.0000	0.0000	0.0000	0.0000	0.0000	0.0000	0.0000	0.0000	0.0000	0.0000	0.0000	0.0000	0.0000	6.7576	0.0000	0.0000	1.0007	18.2331	1.0009	4.4208	0.0000	0.0000	0.0000	0.0000	0.0000	0.0000	0.0000	0.0000	0.0000	0.0000	0.0000	0.0000	0.0000	0.0000	0.0000	0.0000	0.0000	0.0000	0.0761	0.0682	0.0079	0.0290	0.0275	0.0016	0.0471	0.0408	0.0063	0.0197	0.0112	0.0085	0.0058	0.0050	0.0008	0.0139	0.0061	0.0078	0.0000	0.0000	0.0000	0.0000	0.0000	0.0000	0.0000	0.0000	0.0000	0.0000	0.0000	0.0000	0.0000	0.0000	0.0000	0.0000	0.0000	0.0000			
16	44	0.5524	11	0	1	0	2	0	0	0	0	N	N	N	Y	N	N	N	N	N	N	N	N	56.8609	19.3194	0.0000	124.4440	105.5783	98.4885	inf	0.0000	3.9910	4.4447	0.0000	9.8707	10.4747	0.0000	0.5451	0.6252	0.0000	0.0702	0.2301	0.0025	0.0793	0.0992	0.0000	0.0055	0.0000	0.0027	0.0000	0.1140	-0.2731	-0.0004	1.0007	62.5878	1.0009	29.9840	0.9510	0.9510	0.0000	0.8691	0.8691	0.0000	0.0819	0.0819	0.0000	0.0007	0.0006	0.0001	0.0006	0.0006	0.0000	0.0001	0.0000	0.0001	0.2383	0.2140	0.0243	0.0881	0.0830	0.0051	0.1502	0.1310	0.0192	0.0704	0.0419	0.0285	0.0197	0.0172	0.0026	0.0507	0.0247	0.0260	410.8740	303.0453	0.0000	317.1862	292.8928	0.0000	394.8329	inf	0.0000	0.0097	0.0147	0.0025	0.0311	0.0358	0.0000	0.0014	0.0000	0.0027	
16	45	0.4926	11	1	0	1	1	0	0	0	0	N	N	N	N	N	N	N	N	N	N	N	N	0.0000	0.0000	0.0000	0.0000	0.0000	0.0000	0.0000	0.0000	0.0000	0.0000	0.0000	0.0000	0.0000	0.0000	0.0000	0.0000	0.0000	0.0000	0.0000	0.0000	0.0000	0.0000	0.0000	0.0000	0.0000	6.7576	0.0000	0.0000	1.0007	13.5293	1.0009	3.1702	0.0000	0.0000	0.0000	0.0000	0.0000	0.0000	0.0000	0.0000	0.0000	0.0000	0.0000	0.0000	0.0000	0.0000	0.0000	0.0000	0.0000	0.0000	0.0589	0.0529	0.0060	0.0231	0.0219	0.0012	0.0358	0.0311	0.0048	0.0150	0.0085	0.0065	0.0045	0.0039	0.0006	0.0105	0.0046	0.0059	0.0000	0.0000	0.0000	0.0000	0.0000	0.0000	0.0000	0.0000	0.0000	0.0000	0.0000	0.0000	0.0000	0.0000	0.0000	0.0000	0.0000	0.0000			
16	46	0.4881	10	1	0	1	1	0	0	0	0	N	N	N	N	N	N	N	N	N	N	N	N	0.0000	0.0000	0.0000	0.0000	0.0000	0.0000	0.0000	0.0000	0.0000	0.0000	0.0000	0.0000	0.0000	0.0000	0.0000	0.0000	0.0000	0.0818	0.2859	0.0001	0.0769	0.0887	0.0000	0.0001	0.0000	0.0001	0.0022	0.0000	-0.0000	1.0007	4.1147	1.0009	1.2946	0.0000	0.0000	0.0000	0.0000	0.0000	0.0000	0.0000	0.0000	0.0000	0.0001	0.0001	0.0000	0.0001	0.0001	0.0000	0.0000	0.0000	0.0000	0.0267	0.0244	0.0023	0.0125	0.0120	0.0005	0.0141	0.0124	0.0018	0.0059	0.0035	0.0024	0.0020	0.0018	0.0002	0.0040	0.0017	0.0023	0.0000	0.0000	0.0000	0.0000	0.0000	0.0000	0.0000	0.0000	0.0000	0.0101	0.0172	0.0001	0.0305	0.0339	0.0000	0.0000	0.0000	0.0001		
16	47	0.4255	9	1	0	0	1	0	0	0	0	N	N	N	N	N	N	N	N	N	N	N	N	0.0092	0.0095	0.0000	0.1011	0.0902	0.0000	0.0000	0.0000	0.0000	0.0001	0.0001	0.0000	0.0003	0.0003	0.0000	0.0000	0.0000	0.0000	0.0111	0.0121	0.0048	0.0031	0.0037	0.0001	0.0212	0.2601	0.0042	0.0000	0.6899	-0.0000	-0.0000	1.0007	22.0103	1.0009	13.6452	0.0000	0.0000	0.0000	0.0000	0.0000	0.0000	0.0000	0.0000	0.0000	0.0002	0.0001	0.0001	0.0001	0.0001	0.0000	0.0001	0.0000	0.0001	0.0978	0.0873	0.0105	0.0319	0.0302	0.0016	0.0659	0.0571	0.0088	0.0480	0.0297	0.0183	0.0164	0.0150	0.0014	0.0316	0.0147	0.0169	0.0289	0.0338	0.0000	0.1011	0.0979	0.0000	0.0000	0.0000	0.0000	0.0035	0.0034	0.0038	0.0031	0.0034	0.0001	0.0038	0.0034	0.0041
16	48	0.2949	12	0	1	0	1	0	0	0	0	N	N	N	N	N	N	N	N	N	N	N	N	0.0000	0.0000	0.0000	0.0000	0.0000	0.0000	0.0000	0.0000	0.0000	0.0000	0.0000	0.0000	0.0000	0.0000	0.0000	0.0000	0.0000	11.5054	18.7094	0.0000	0.6635	0.7162	0.0000	15.9512	31.2802	0.0000	0.0000	0.0000	-0.0000	-0.1690	1.0007	12.3962	1.0009	3.7178	0.0000	0.0000	0.0000	0.0000	0.0000	0.0000	0.0000	0.0000	0.0000	0.2689	0.2689	0.0000	0.0008	0.0008	0.0000	0.2681	0.2681	0.0000	0.0582	0.0514	0.0067	0.0140	0.0134	0.0006	0.0442	0.0380	0.0061	0.0234	0.0144	0.0090	0.0066	0.0058	0.0008	0.0168	0.0086	0.0082	0.0000	0.0000	0.0000	0.0000	0.0000	0.0000	0.0000	0.0000	0.0000	11.5054	18.7094	0.0000	0.1216	0.1376	0.0000	15.9512	31.2802	0.0000	
16	49	0.2660	11	0	0	0	1	0	0	0	0	N	N	N	N	N	N	N	N	N	N	N	N	0.0007	0.0005	0.0000	0.0000	0.0000	0.0000	0.0014	0.0008	0.0000	0.0086	0.0097	0.0000	0.0000	0.0000	0.0000	0.0121	0.0141	0.0000	12.6867	21.2680	0.0024	21.9668	24.8155	0.0215	8.8926	18.5850	0.0007	0.0000	0.0001	-0.0002	-0.2470	1.0007	14.4870	1.0009	5.8627	0.0007	0.0007	0.0000	0.0000	0.0000	0.0000	0.0007	0.0007	0.0000	0.3931	0.3931	0.0000	0.1975	0.1975	0.0000	0.1956	0.1956	0.0000	0.0765	0.0681	0.0084	0.0222	0.0213	0.0010	0.0543	0.0469	0.0074	0.0310	0.0185	0.0125	0.0090	0.0080	0.0010	0.0220	0.0105	0.0115	0.0007	0.0005	0.0000	0.0000	0.0000	0.0000	0.0014	0.0008	0.0000	12.6867	21.2680	0.0024	21.9668	24.8155	0.0215	8.8926	18.5850	0.0007
16	50	0.2040	10	1	1	1	1	0	0	0	0	N	N	N	N	N	N	N	N	N	N	N	N	0.0000	0.0000	0.0000	0.0000	0.0000	0.0000	0.0000	0.0000	0.0000	0.0000	0.0000	0.0000	0.0000	0.0000	0.0000	0.0000	0.0000	0.0000	0.0000	0.0000	1.0007	0.9856	1.0009	2.8295	0.0000	0.0000	0.0000	0.0000	0.0000	0.0000	0.0000	0.0000	0.0000	0.0000	0.0000	0.0000	0.0000	0.0000	0.0000	0.0000	0.0000	0.0000	0.0041	0.0036	0.0005	0.0010	0.0009	0.0000	0.0032	0.0027	0.0004	0.0040	0.0020	0.0020	0.0004	0.0003	0.0001	0.0036	0.0017	0.0019	0.0000	0.0000	0.0000	0.0000	0.0000	0.0000	0.0000	0.0000	0.0000	0.0000	0.0000	0.0000	0.0000	0.0000	0.0000	0.0000	0.0000	0.0000											
16	51	0.5323	12	1	1	0	1	0	0	0	0	N	N	N	N	N	N	N	N	N	N	N	N	0.0000	0.0000	0.0000	0.0000	0.0000	0.0000	0.0000	0.0000	0.0000	0.0000	0.0000	0.0000	0.0000	0.0000	0.0000	46.9635	77.5012	0.0000	0.1377	0.1625	0.0000	70.5951	151.9309	0.0000	0.0000	0.0000	-0.6253	1.0007	13.3057	1.0009	8.6321	0.0000	0.0000	0.0000	0.0000	0.0000	0.0000	0.0000	0.0000	0.0000	0.9952	0.9952	0.0000	0.0003	0.0003	0.0000	0.9949	0.9949	0.0000	0.0633	0.0565	0.0069	0.0255	0.0240	0.0014	0.0378	0.0324	0.0054	0.0212	0.0128	0.0083	0.0071	0.0063	0.0008	0.0141	0.0065	0.0075	0.0000	0.0000	0.0000	0.0000	0.0000	0.0000	0.0000	0.0000	0.0000	46.9635	77.5012	0.0000	0.0425	0.0479	0.0000	70.5951	151.9309	0.0000				
16	52	0.3970	14	0	1	0	2	0	0	0	0	N	N	N	Y	N	N	N	N	N	N	N	N	973.0886	16690.6475	0.0000	4348.0456	18269.1646	0.0000	0.0000	0.0000	0.0368	0.0414	0.0000	0.1158	0.1233	0.0000	0.0000	0.0000	0.0000	0.0000	0.0000	0.0001	0.0000	0.0000	0.0001	0.0001	0.0000	0.0001	0.0000	25.0909	-0.0001	0.0000	1.0007	2.1073	1.0009	0.0711	0.0003	0.0003	0.0000	0.0003	0.0003	0.0000	0.0000	0.0000	0.0000	0.0000	0.0000	0.0000	0.0000	0.0000	0.0000	0.0000	0.0000	0.0000	0.0095	0.0085	0.0011	0.0030	0.0028	0.0002	0.0065	0.0056	0.0009	0.0023	0.0013	0.0009	0.0006	0.0005	0.0001	0.0017	0.0008	0.0009	973.0886	16690.6475	0.0000	4348.0456	18269.1646	0.0000	0.0000	0.0000	0.0000	0.0000	0.0000	0.0001	0.0000	0.0000	0.0001	0.0000	0.0000	0.0001	
16	53	0.3346	13	0	0	0	2	0	0	0	0	N	N	N	Y	N	N	N	N	N	N	N	N	530.2953	3300.7702	0.0000	5760.4460	4653.7410	0.0000	0.0000	0.0000	0.0000	11.3850	12.7821	0.0000	35.1075	37.5224	0.0000	0.0000	0.0000	0.0000	0.0215	0.0039	0.0216	0.0061	0.0081	0.0000	0.0407	0.0003	0.0197	0.0000	6.0026	-0.2868	0.0000	1.0007	21.8329	1.0009	8.0592	0.9988	0.9988	0.0000	0.9988	0.9988	0.0000	0.0000	0.0000	0.0000	0.0001	0.0000	0.0001	0.0000	0.0000	0.0000	0.0001	0.0000	0.0001	0.0877	0.0781	0.0096	0.0284	0.0266	0.0018	0.0593	0.0515	0.0078	0.0243	0.0136	0.0107	0.0041	0.0034	0.0007	0.0202	0.0102	0.0100	1980.1396	8707.6707	0.0000	7169.8221	6390.4591	0.0000	0.0000	0.0000	0.0000	0.0057	0.0015	0.0112	0.0049	0.0059	0.0000	0.0059	0.0000	0.0119
16	54	0.6447	14	0	1	0	2	0	0	0	0	N	N	N	Y	N	N	N	N	N	N	N	N	0.0000	0.0000	0.0000	0.0000	0.0000	0.0000	0.0000	0.0000	0.0000	0.0000	0.0000	0.0000	0.0000	0.0000	0.0000	0.0000	0.0000	0.0000	0.0000	0.0000	1.0007	0.0000	1.0009	0.0000	0.0000	0.0000	0.0000	0.0000	0.0000	0.0000	0.0000	0.0000	0.0000	0.0000	0.0000	0.0000	0.0000	0.0000	0.0000	0.0000	0.0000	0.0000	0.0000	0.0000	0.0000	0.0000	0.0000	0.0000	0.0000	0.0000	0.0000	0.0000	0.0000	0.0000	0.0000	0.0000	0.0000	0.0000	0.0000	0.0000	0.0000	0.0000	0.0000	0.0000	0.0000	0.0000	0.0000	0.0000	0.0000	0.0000	0.0000	0.0000	0.0000	0.0000	0.0000	0.0000	0.0000	0.0000											
16	55	0.3346	13	0	0	0	2	0	0	0	0	N	N	N	Y	N	N	N	N	N	N	N	N	0.7789	0.3202	1.4312	1.3681	0.0956	0.1066	0.0000	0.2296	0.2455	0.0000	0.0000	0.0000	0.0000	0.1228	0.3330	0.0000	0.1605	0.1795	0.0000	0.0000	0.0000	0.0000	0.0000	0.0000	-0.0002	-0.0000	1.0007	1.2825	1.0009	0.1503	0.0007	0.0007	0.0000	0.0007	0.0007	0.0000	0.0000	0.0000	0.0000	0.0000	0.0000	0.0000	0.0000	0.0000	0.0000	0.0000	0.0000	0.0000	0.0073	0.0066	0.0008	0.0030	0.0029	0.0002	0.0043	0.0037	0.0006	0.0017	0.0010	0.0006	0.0004	0.0004	0.0000	0.0012	0.0006	0.0006	7.9229	5.5064	0.0000	5.0446	4.8930	0.0000	0.0000	0.0000	0.0000	0.0121	0.0194	0.0000	0.0455	0.0502	0.0000	0.0000	0.0000	0.0000					
16	56	0.2936	12	0	0	0	2	0	0	0	0	N	N	N	Y	N	N	N	N	N	N	N	N	0.0091	0.0074	0.0000	0.0092	0.0091	0.0000	0.0000	0.0000	0.0000	0.0104	0.0116	0.0000	0.0285	0.0304	0.0000	0.0000	0.0000	0.0000	1.1444	1.5631	0.0000	3.1117	3.3320	0.0000	0.0039	0.1153	0.0000	0.0000	0.0000	-0.0002	-0.0102	1.0007	14.8542	1.0009	6.8183	0.0008	0.0008	0.0000	0.0008	0.0008	0.0000	0.0000	0.0000	0.0000	0.0163	0.0163	0.0000	0.0162	0.0162	0.0000	0.0000	0.0000	0.0000	0.0742	0.0662	0.0080	0.0270	0.0253	0.0017	0.0472	0.0409	0.0063	0.0269	0.0165	0.0104	0.0074	0.0065	0.0009	0.0195	0.0100	0.0095	0.0171	0.0118	0.0000	0.0129	0.0121	0.0000	0.0001	0.0000	0.0000	0.6048	0.9862	0.0000	2.2052	2.5116	0.0000	0.0010	0.0020	0.0000
16	57	0.2187	11	0	0	0	2	0	0	0	0	N	N	N	Y	N	N	N	N	N	N	N	N	0.0003	0.0002	0.4923	0.0022	0.0018	174.7485	0.0000	0.0000	0.0001	0.0004	0.0003	0.0005	0.0012	0.0011	0.0033	0.0000	0.0000	0.0000	1.0407	1.4349	0.0010	0.5576	0.6187	0.0000	1.2277	2.2064	0.0011	0.1756	0.0012	-0.0000	-0.0107	1.0007	33.5853	1.0009	9.3450	0.0001	0.0000	0.0000	0.0001	0.0000	0.0000	0.0000	0.0000	0.0000	0.0170	0.0170	0.0000	0.0008	0.0008	0.0000	0.0162	0.0162	0.0000	0.1604	0.1432	0.0172	0.0471	0.0445	0.0026	0.1133	0.0987	0.0146	0.0453	0.0253	0.0200	0.0076	0.0067	0.0009	0.0377	0.0186	0.0191	0.0009	0.0005	0.4923	0.0116	0.0091	174.7485	0.0000	0.0000	0.0001	0.3757	0.6724	0.0010	0.1047	0.1193	0.0000	0.4307	0.8719	0.0011
16	58	0.1980	10	0	0	0	1	0	0	0	0	N	N	N	N	N	N	N	N	N	N	N	N	0.0004	0.0002	30.5528	0.0008	0.0005	1208.0526	0.0000	0.0000	0.0601	0.0003	0.0002	0.0011	0.0012	0.0008	0.0091	0.0000	0.0000	0.0000	0.7997	1.0941	0.0000	1.6288	1.6694	0.0000	0.5993	1.3776	0.0000	0.5739	0.0001	0.0000	-0.0017	1.0007	15.2419	1.0009	2.5705	0.0000	0.0000	0.0000	0.0000	0.0000	0.0000	0.0000	0.0000	0.0000	0.0027	0.0027	0.0000	0.0019	0.0019	0.0000	0.0008	0.0008	0.0000	0.0834	0.0740	0.0094	0.0230	0.0219	0.0011	0.0604	0.0521	0.0083	0.0231	0.0125	0.0106	0.0046	0.0042	0.0004	0.0186	0.0084	0.0102	0.0029	0.0011	30.5528	0.0030	0.0018	1208.0526	0.0000	0.0000	0.0601	0.1156	0.2129	0.0000	0.4095	0.4464	0.0000	0.0435	0.0964	0.0000
16	59	0.6447	14	0	0	0	2	0	0	0	0	N	N	N	Y	N	N	N	N	N	N	N	N	0.0000	0.0000	0.0000	0.0000	0.0000	0.0000	0.0000	0.0000	0.0000	0.0000	0.0000	0.0000	0.0000	0.0000	0.0000	0.0000	0.0000	0.0000	0.0000	0.0000	1.0007	0.0000	1.0009	0.0000	0.0000	0.0000	0.0000	0.0000	0.0000	0.0000	0.0000	0.0000	0.0000	0.0000	0.0000	0.0000	0.0000	0.0000	0.0000	0.0000	0.0000	0.0000	0.0000	0.0000	0.0000	0.0000	0.0000	0.0000	0.0000	0.0000	0.0000	0.0000	0.0000	0.0000	0.0000	0.0000	0.0000	0.0000	0.0000	0.0000	0.0000	0.0000	0.0000	0.0000	0.0000	0.0000	0.0000	0.0000	0.0000	0.0000	0.0000	0.0000	0.0000	0.0000	0.0000	0.0000	0.0000	0.0000											
16	60	0.5673	13	0	0	0	2	0	0	0	0	N	N	N	Y	N	N	N	N	N	N	N	N	0.0000	0.0000	0.0000	0.0000	0.0000	0.0000	0.0000	0.0000	0.0000	0.0000	0.0000	0.0000	0.0000	0.0000	0.0000	0.0000	0.0000	0.0000	0.0000	0.0000	0.0000	0.0000	0.0000	0.0000	-0.0000	1.0007	19.3360	1.0009	7.9957	0.0000	0.0000	0.0000	0.0000	0.0000	0.0000	0.0000	0.0000	0.0000	0.0000	0.0000	0.0000	0.0000	0.0000	0.0000	0.0000	0.0000	0.0000	0.0734	0.0658	0.0075	0.0271	0.0257	0.0014	0.0462	0.0401	0.0061	0.0226	0.0138	0.0088	0.0071	0.0061	0.0010	0.0155	0.0077	0.0079	0.0000	0.0000	0.0000	0.0000	0.0000	0.0000	0.0000	0.0000	0.0000	0.0000	0.0000	0.0000	0.0000	0.0000	0.0000	0.0000	0.0000	0.0000						
16	61	0.2573	11	0	1	1	1	0	0	0	0	N	N	N	N	N	N	N	N	N	N	N	N	15.6893	2789.3722	0.0000	932.0105	1984.0366	0.0000	0.0000	0.0000	0.0023	0.0026	0.0000	0.0090	0.0095	0.0000	0.0000	0.0000	0.0000	0.0001	0.0000	0.0003	0.0000	0.0000	0.0000	0.0004	0.0000	0.0003	0.0000	309.5854	-0.0000	0.0000	1.0007	14.2360	1.0009	11.9336	0.0001	0.0001	0.0000	0.0001	0.0001	0.0000	0.0000	0.0000	0.0000	0.0000	0.0000	0.0000	0.0000	0.0000	0.0000	0.0000	0.0000	0.0000	0.0575	0.0508	0.0067	0.0144	0.0136	0.0008	0.0431	0.0372	0.0059	0.0265	0.0134	0.0131	0.0030	0.0026	0.0004	0.0235	0.0109	0.0127	15.6893	2789.3722	0.0000	932.0105	1984.0366	0.0000	0.0000	0.0000	0.0000	0.0001	0.0000	0.0003	0.0000	0.0000	0.0000	0.0002	0.0000	0.0003	
16	62	0.1269	9	1	0	1	1	0	0	0	0	N	N	N	N	N	N	N	N	N	N	N	N	0.1588	42.1866	0.0000	29.3879	45.3909	0.0000	0.0000	0.0000	0.0012	0.0013	0.0000	0.0060	0.0063	0.0000	0.0000	0.0000	0.0000	0.0074	0.0000	0.0080	0.0002	0.0001	0.0006	0.0151	0.0000	0.0068	0.0000	210.7776	-0.0000	0.0000	1.0007	28.8660	1.0009	13.2209	0.0001	0.0001	0.0000	0.0001	0.0001	0.0000	0.0000	0.0000	0.0000	0.0001	0.0000	0.0001	0.0000	0.0000	0.0000	0.0001	0.0000	0.0001	0.1109	0.0978	0.0131	0.0217	0.0206	0.0011	0.0892	0.0773	0.0120	0.0439	0.0222	0.0217	0.0045	0.0040	0.0006	0.0393	0.0182	0.0211	0.4401	53.3636	0.0000	29.3879	45.3909	0.0000	0.0000	0.0000	0.0000	0.0027	0.0000	0.0054	0.0002	0.0001	0.0006	0.0029	0.0000	0.0055	
16	63	0.1824	10	1	1	0	1	0	0	0	0	N	N	N	N	N	N	N	N	N	N	N	N	0.0000	0.0000	0.0000	0.0000	0.0000	0.0000	0.0000	0.0000	0.0000	0.0000	0.0000	0.0000	0.0000	0.0000	0.0000	0.0000	0.0000	0.0000	0.0000	0.0000	0.0000	0.0000	0.0000	0.0000	0.0000	0.4483	0.0000	-0.0000	1.0007	5.0237	1.0009	8.0282	0.0000	0.0000	0.0000	0.0000	0.0000	0.0000	0.0000	0.0000	0.0000	0.0000	0.0000	0.0000	0.0000	0.0000	0.0000	0.0000	0.0000	0.0000	0.0210	0.0182	0.0027	0.0028	0.0026	0.0002	0.0182	0.0156	0.0025	0.0172	0.0090	0.0082	0.0031	0.0027	0.0004	0.0141	0.0062	0.0079	0.0000	0.0000	0.0000	0.0000	0.0000	0.0000	0.0000	0.0000	0.0000	0.0000	0.0000	0.0000	0.0000	0.0000	0.0000	0.0000	0.0000	0.0000			
16	64	0.1194	9	1	1	0	1	0	0	0	0	N	N	N	N	N	N	N	N	N	N	N	N	0.0000	0.0000	0.0000	0.0000	0.0000	0.0000	0.0000	0.0000	0.0000	0.0000	0.0000	0.0000	0.0000	0.0000	0.0000	0.0000	0.0000	0.0000	0.0000	0.0000	0.0000	0.0000	0.0000	0.0000	0.0001	0.0000	5.2066	0.0000	0.0000	1.0007	17.5893	1.0009	19.0270	0.0000	0.0000	0.0000	0.0000	0.0000	0.0000	0.0000	0.0000	0.0000	0.0000	0.0000	0.0000	0.0000	0.0000	0.0000	0.0000	0.0000	0.0000	0.0767	0.0675	0.0093	0.0110	0.0104	0.0005	0.0658	0.0570	0.0088	0.0423	0.0220	0.0203	0.0057	0.0049	0.0008	0.0366	0.0171	0.0194	0.0000	0.0000	0.0000	0.0000	0.0000	0.0000	0.0000	0.0000	0.0000	0.0000	0.0000	0.0000	0.0000	0.0000	0.0000	0.0000	0.0000	0.0000		
16	65	0.1131	8	0	1	0	1	0	0	0	0	N	N	N	N	N	N	N	N	N	N	N	N	0.0000	0.0000	0.0000	0.0000	0.0000	0.0000	0.0000	0.0000	0.0000	0.0000	0.0000	0.0000	0.0000	0.0000	0.0000	0.0000	0.0000	0.0001	0.0000	0.0002	0.0001	0.0001	0.0000	0.0002	0.0003	0.0002	3.1283	0.0000	0.0000	1.0007	1.7566	1.0009	2.8742	0.0000	0.0000	0.0000	0.0000	0.0000	0.0000	0.0000	0.0000	0.0000	0.0000	0.0000	0.0000	0.0000	0.0000	0.0000	0.0000	0.0000	0.0000	0.0088	0.0078	0.0010	0.0015	0.0014	0.0000	0.0073	0.0063	0.0010	0.0096	0.0062	0.0034	0.0027	0.0026	0.0001	0.0069	0.0036	0.0033	0.0000	0.0000	0.0000	0.0000	0.0000	0.0000	0.0000	0.0000	0.0000	0.0001	0.0000	0.0002	0.0001	0.0001	0.0000	0.0001	0.0000	0.0002		
16	66	0.2573	11	0	1	0	1	0	0	0	0	N	N	N	N	N	N	N	N	N	N	N	N	43.9773	25.8650	0.0000	0.0016	0.0016	38080342.0807	inf	0.0000	12.0801	13.6611	0.0000	0.0015	0.0016	0.0000	16.0183	18.5211	0.0000	0.2747	0.5282	0.0000	0.9036	0.9808	0.0000	0.0000	0.0000	0.0000	0.0000	0.0000	-0.2871	-0.0004	1.0007	21.1811	1.0009	10.1862	0.9998	0.9998	0.0000	0.0000	0.0000	0.0000	0.9997	0.9997	0.0000	0.0006	0.0006	0.0000	0.0006	0.0006	0.0000	0.0000	0.0000	0.0000	0.0828	0.0732	0.0096	0.0203	0.0192	0.0011	0.0624	0.0540	0.0084	0.0313	0.0158	0.0155	0.0035	0.0030	0.0005	0.0278	0.0129	0.0150	633.7060	362.5560	0.0000	0.0086	0.0078	0.0000	38080342.0807	inf	0.0000	0.0191	0.0377	0.0000	0.1721	0.2010	0.0000	0.0000	0.0000	0.0000	
16	67	0.2435	10	0	1	0	1	0	0	0	0	N	N	N	N	N	N	N	N	N	N	N	N	6.3452	2.4045	0.0000	0.0000	0.0000	1372.0868	31.5782	0.0000	0.0041	0.0046	0.0000	0.0000	0.0000	0.0000	0.0054	0.0062	0.0000	0.0006	0.0019	0.0000	0.0051	0.0067	0.0000	0.0000	0.0002	0.0000	0.0000	0.0075	-0.0000	-0.0000	1.0007	7.4253	1.0009	0.9851	0.0001	0.0001	0.0000	0.0000	0.0000	0.0000	0.0001	0.0001	0.0000	0.0000	0.0000	0.0000	0.0000	0.0000	0.0000	0.0000	0.0000	0.0000	0.0318	0.0282	0.0036	0.0075	0.0071	0.0004	0.0243	0.0210	0.0032	0.0088	0.0044	0.0044	0.0009	0.0007	0.0001	0.0079	0.0037	0.0043	9.4018	5.3293	0.0000	0.0000	0.0000	0.0000	1372.0868	9442.5343	0.0000	0.0004	0.0009	0.0000	0.0044	0.0052	0.0000	0.0000	0.0000	0.0000	
16	68	0.2660	11	0	0	1	1	0	0	0	0	N	N	N	N	N	N	N	N	N	N	N	N	0.0000	0.0000	0.0000	0.0001	0.0001	0.0000	0.0000	0.0000	0.0000	0.0000	0.0000	0.0000	0.0000	0.0000	0.0000	0.0000	0.0000	8.4369	14.1805	0.0000	0.5781	0.6325	0.0000	11.7785	24.5969	0.0000	0.0000	0.0000	-0.0000	-0.1687	1.0007	15.0354	1.0009	6.2061	0.0000	0.0000	0.0000	0.0000	0.0000	0.0000	0.0000	0.0000	0.0000	0.2684	0.2684	0.0000	0.0010	0.0010	0.0000	0.2675	0.2675	0.0000	0.0786	0.0700	0.0086	0.0226	0.0217	0.0010	0.0560	0.0483	0.0076	0.0318	0.0189	0.0129	0.0091	0.0081	0.0011	0.0227	0.0109	0.0118	0.0000	0.0000	0.0000	0.0003	0.0003	0.0000	0.0000	0.0000	0.0000	8.4369	14.1805	0.0000	0.1073	0.1214	0.0000	11.7785	24.5969	0.0000	
16	69	0.1980	10	0	0	0	1	0	0	0	0	N	N	N	N	N	N	N	N	N	N	N	N	0.0000	0.0000	0.0008	0.0017	0.0017	0.0261	0.0000	0.0000	0.0007	0.0003	0.0003	0.0000	0.0013	0.0013	0.0000	0.0000	0.0000	0.0000	16.2717	30.1664	0.0019	0.7345	0.7824	0.0001	19.2987	40.7042	0.0020	0.0006	0.0001	-0.0000	-0.4584	1.0007	27.6811	1.0009	13.1592	0.0000	0.0000	0.0000	0.0000	0.0000	0.0000	0.0000	0.0000	0.0000	0.7295	0.7295	0.0000	0.0010	0.0010	0.0000	0.7286	0.7285	0.0000	0.1290	0.1142	0.0148	0.0295	0.0280	0.0015	0.0995	0.0862	0.0133	0.0448	0.0242	0.0207	0.0071	0.0063	0.0008	0.0378	0.0179	0.0199	0.0000	0.0000	0.0008	0.0093	0.0087	0.0261	0.0000	0.0000	0.0007	16.2717	30.1664	0.0019	0.1348	0.1519	0.0001	19.2987	40.7042	0.0020
16	70	0.1632	9	0	0	0	1	0	0	0	0	N	N	N	N	N	N	N	N	N	N	N	N	0.0003	0.0001	1.1738	0.0080	0.0039	1966.0530	0.0000	0.0000	0.0103	0.0002	0.0001	0.0009	0.0009	0.0005	0.0100	0.0000	0.0000	0.0000	0.6593	0.9174	0.0007	0.1101	0.1193	0.0000	0.7643	1.5971	0.0008	0.9731	0.0049	0.0000	-0.0013	1.0007	19.6565	1.0009	4.0504	0.0000	0.0000	0.0000	0.0000	0.0000	0.0000	0.0000	0.0000	0.0000	0.0021	0.0021	0.0000	0.0002	0.0002	0.0000	0.0019	0.0019	0.0000	0.0979	0.0866	0.0113	0.0221	0.0211	0.0010	0.0758	0.0655	0.0104	0.0311	0.0173	0.0138	0.0056	0.0051	0.0005	0.0255	0.0122	0.0133	0.0030	0.0010	1.1738	0.0235	0.0113	1966.0530	0.0001	0.0000	0.0103	0.0667	0.1195	0.0007	0.0375	0.0410	0.0000	0.0731	0.1525	0.0008
16	71	0.2466	11	1	1	0	1	0	0	0	0	N	N	N	N	N	N	N	N	N	N	N	N	0.0000	0.0000	0.0000	0.0000	0.0000	0.0000	0.0000	0.0000	0.0000	0.0000	0.0000	0.0000	0.0000	0.0000	0.0000	0.0000	0.0000	0.0000	0.0000	0.0000	0.0000	0.0000	inf	0.0000	0.0000	1.0007	17.5448	1.0009	6.0013	0.0000	0.0000	0.0000	0.0000	0.0000	0.0000	0.0000	0.0000	0.0000	0.0000	0.0000	0.0000	0.0000	0.0000	0.0000	0.0000	0.0000	0.0000	0.0711	0.0630	0.0081	0.0176	0.0166	0.0010	0.0535	0.0464	0.0071	0.0238	0.0120	0.0119	0.0024	0.0020	0.0004	0.0215	0.0100	0.0115	0.0000	0.0000	0.0000	0.0000	0.0000	0.0000	0.0000	0.0000	0.0000	0.0000	0.0000	0.0000	0.0000	0.0000	0.0000	0.0000	0.0000	0.0000						
16	72	0.3151	14	1	1	1	1	0	0	0	0	N	N	N	N	N	N	N	N	N	N	N	N	inf	inf	inf	inf	inf	inf	0.0000	0.0000	0.0000	0.0000	0.0000	0.0000	0.0000	0.0000	0.0000	0.0000	0.0000	0.0000	0.0000	0.0000	0.0000	0.0000	0.0000	0.0000	0.0000	-0.0000	0.0000	1.0007	1.8980	1.0009	2.9698	0.0000	0.0000	0.0000	0.0000	0.0000	0.0000	0.0000	0.0000	0.0000	0.0000	0.0000	0.0000	0.0000	0.0000	0.0000	0.0000	0.0000	0.0000	0.0081	0.0072	0.0009	0.0025	0.0024	0.0001	0.0056	0.0048	0.0008	0.0065	0.0042	0.0023	0.0019	0.0018	0.0001	0.0046	0.0024	0.0022	inf	inf	0.0000	inf	inf	0.0000	inf	inf	0.0000	0.0000	0.0000	0.0000	0.0000	0.0000	0.0000	0.0000	0.0000	0.0000				
16	73	0.2955	13	1	0	1	1	0	0	0	0	N	N	N	N	N	N	N	N	N	N	N	N	0.1744	0.1027	0.0894	0.1497	0.1423	0.4373	0.0000	0.0000	0.0000	0.0000	0.0000	0.0000	0.0000	0.0000	0.0000	0.0000	0.0000	0.0000	0.0000	0.0000	0.0000	0.0001	0.0001	0.0000	0.0000	0.0012	0.0000	0.0122	0.1290	-0.0000	-0.0000	1.0007	3.5853	1.0009	4.3819	0.0000	0.0000	0.0000	0.0000	0.0000	0.0000	0.0000	0.0000	0.0000	0.0000	0.0000	0.0000	0.0000	0.0000	0.0000	0.0000	0.0000	0.0000	0.0300	0.0275	0.0025	0.0127	0.0123	0.0003	0.0173	0.0152	0.0021	0.0098	0.0059	0.0039	0.0021	0.0020	0.0002	0.0076	0.0039	0.0037	0.1744	0.1275	0.0894	0.1497	0.1423	0.4373	0.0000	0.0000	0.0000	0.0000	0.0000	0.0000	0.0001	0.0001	0.0000	0.0000	0.0000	0.0000
16	74	0.2640	12	1	0	1	1	0	0	0	0	N	N	N	N	N	N	N	N	N	N	N	N	0.0000	0.0000	0.0000	0.0000	0.0000	0.0000	0.0000	0.0000	0.0000	0.0000	0.0000	0.0000	0.0000	0.0000	0.0000	0.0000	0.0000	0.0000	0.0096	0.0226	0.0010	0.0001	0.0001	0.0001	0.0211	0.4600	0.0011	0.1711	0.0000	-0.0000	1.0007	12.3589	1.0009	7.3592	0.0000	0.0000	0.0000	0.0000	0.0000	0.0000	0.0000	0.0000	0.0000	0.0001	0.0001	0.0000	0.0000	0.0000	0.0000	0.0001	0.0001	0.0000	0.0541	0.0483	0.0058	0.0158	0.0150	0.0008	0.0383	0.0333	0.0050	0.0221	0.0120	0.0101	0.0034	0.0030	0.0005	0.0186	0.0090	0.0096	0.0000	0.0000	0.0000	0.0000	0.0000	0.0000	0.0000	0.0000	0.0000	0.0032	0.0050	0.0010	0.0001	0.0001	0.0001	0.0038	0.0067	0.0011	
16	75	0.2466	11	1	0	1	1	0	0	0	0	N	N	N	N	N	N	N	N	N	N	N	N	0.0000	0.0000	0.0000	0.0000	0.0000	0.0000	0.0000	0.0000	0.0000	0.0000	0.0000	0.0000	0.0000	0.0000	0.0000	0.0000	0.0000	0.0000	0.0001	0.0000	0.0002	0.0002	0.0000	0.0000	0.0013	0.0000	0.1697	0.0000	-0.0000	1.0007	10.2127	1.0009	1.0234	0.0000	0.0000	0.0000	0.0000	0.0000	0.0000	0.0000	0.0000	0.0000	0.0000	0.0000	0.0000	0.0000	0.0000	0.0000	0.0000	0.0000	0.0000	0.0439	0.0389	0.0049	0.0117	0.0111	0.0007	0.0322	0.0279	0.0043	0.0117	0.0059	0.0058	0.0012	0.0010	0.0002	0.0105	0.0049	0.0056	0.0000	0.0000	0.0000	0.0000	0.0000	0.0000	0.0000	0.0000	0.0000	0.0000	0.0001	0.0000	0.0002	0.0002	0.0000	0.0000	0.0000	0.0000		
16	76	0.2435	10	1	0	0	1	0	0	0	0	N	N	N	N	N	N	N	N	N	N	N	N	0.0000	0.0000	0.0000	0.0000	0.0000	0.0000	0.0000	0.0000	0.0000	0.0000	0.0000	0.0000	0.0000	0.0000	0.0000	0.0000	0.0000	0.0000	0.0000	0.0000	0.0000	0.0000	0.0000	0.0000	0.0000	2.4546	0.0000	0.0000	1.0007	3.7027	1.0009	0.0091	0.0000	0.0000	0.0000	0.0000	0.0000	0.0000	0.0000	0.0000	0.0000	0.0000	0.0000	0.0000	0.0000	0.0000	0.0000	0.0000	0.0000	0.0000	0.0172	0.0153	0.0019	0.0044	0.0042	0.0002	0.0128	0.0111	0.0017	0.0039	0.0020	0.0020	0.0004	0.0003	0.0001	0.0035	0.0016	0.0019	0.0000	0.0000	0.0000	0.0000	0.0000	0.0000	0.0000	0.0000	0.0000	0.0000	0.0000	0.0000	0.0000	0.0000	0.0000	0.0000	0.0000	0.0000			
16	77	0.2265	9	0	0	0	1	0	0	0	0	N	N	N	N	N	N	N	N	N	N	N	N	0.0000	0.0000	0.0000	0.0000	0.0000	0.0000	0.0000	0.0000	0.0000	0.0000	0.0000	0.0000	0.0000	0.0000	0.0000	0.0000	0.0000	0.4630	0.0000	0.4218	0.0001	0.0000	0.0004	0.5953	0.0000	0.3484	5689.5624	0.0000	0.0002	1.0007	3.8334	1.0009	6.1787	0.0000	0.0000	0.0000	0.0000	0.0000	0.0000	0.0000	0.0000	0.0000	0.0005	0.0000	0.0005	0.0000	0.0000	0.0000	0.0005	0.0000	0.0005	0.0220	0.0197	0.0023	0.0084	0.0079	0.0006	0.0136	0.0118	0.0018	0.0143	0.0079	0.0064	0.0027	0.0025	0.0002	0.0116	0.0053	0.0062	0.0000	0.0000	0.0000	0.0000	0.0000	0.0000	0.0000	0.0000	0.0000	0.0347	0.0000	0.0774	0.0001	0.0000	0.0004	0.0427	0.0000	0.0793		
16	78	0.1874	8	0	0	0	1	0	0	0	0	N	N	N	N	N	N	N	N	N	N	N	N	0.0000	0.0000	0.0000	0.0000	0.0000	0.0000	0.0000	0.0000	0.0000	0.0000	0.0000	0.0000	0.0000	0.0000	0.0000	0.0000	0.0000	0.0000	0.0154	0.0106	0.0108	0.0128	0.0147	0.0000	0.0200	0.0007	0.0092	0.0000	1.6977	-0.0000	0.0000	1.0007	16.9094	1.0009	5.8161	0.0000	0.0000	0.0000	0.0000	0.0000	0.0000	0.0000	0.0000	0.0000	0.0002	0.0001	0.0001	0.0001	0.0001	0.0000	0.0001	0.0000	0.0001	0.0799	0.0712	0.0087	0.0194	0.0185	0.0009	0.0605	0.0526	0.0079	0.0333	0.0188	0.0144	0.0067	0.0062	0.0005	0.0266	0.0127	0.0139	0.0000	0.0000	0.0000	0.0000	0.0000	0.0000	0.0000	0.0000	0.0000	0.0046	0.0030	0.0067	0.0085	0.0093	0.0000	0.0036	0.0000	0.0070
16	79	0.1131	8	0	1	0	1	0	0	0	0	N	N	N	N	N	N	N	N	N	N	N	N	0.0000	0.0000	0.0000	0.0000	0.0000	0.0000	0.0000	0.0000	0.0000	0.0000	0.0000	0.0000	0.0000	0.0437	0.2367	0.0000	0.2535	0.3100	0.0000	0.0000	0.0000	0.0000	0.0000	0.0000	-0.0002	1.0007	23.9173	1.0009	17.8091	0.0000	0.0000	0.0000	0.0000	0.0000	0.0000	0.0000	0.0000	0.0000	0.0004	0.0004	0.0000	0.0004	0.0004	0.0000	0.0000	0.0000	0.0000	0.0963	0.0842	0.0121	0.0103	0.0097	0.0006	0.0860	0.0745	0.0115	0.0482	0.0261	0.0220	0.0066	0.0057	0.0009	0.0416	0.0204	0.0212	0.0000	0.0000	0.0000	0.0000	0.0000	0.0000	0.0000	0.0000	0.0000	0.0081	0.0149	0.0000	0.0590	0.0679	0.0000	0.0000	0.0000	0.0000						
16	80	0.0970	7	0	1	0	1	0	0	0	0	N	N	N	N	N	N	N	N	N	N	N	N	0.0000	0.0000	0.0000	0.0000	0.0000	0.0000	0.0000	0.0000	0.0000	0.0000	0.0000	0.0000	0.0000	0.0000	0.0000	0.0000	0.0000	0.0000	0.0001	0.0000	0.0002	0.0002	0.0000	0.0000	0.0001	0.0000	0.0151	0.0000	-0.0000	1.0007	6.1279	1.0009	3.6878	0.0000	0.0000	0.0000	0.0000	0.0000	0.0000	0.0000	0.0000	0.0000	0.0000	0.0000	0.0000	0.0000	0.0000	0.0000	0.0000	0.0000	0.0000	0.0254	0.0222	0.0033	0.0022	0.0021	0.0001	0.0232	0.0200	0.0032	0.0144	0.0086	0.0058	0.0024	0.0023	0.0002	0.0119	0.0063	0.0056	0.0000	0.0000	0.0000	0.0000	0.0000	0.0000	0.0000	0.0000	0.0000	0.0000	0.0001	0.0000	0.0002	0.0002	0.0000	0.0000	0.0000	0.0000		
16	81	0.1269	9	1	0	1	1	0	0	0	0	N	N	N	N	N	N	N	N	N	N	N	N	0.0000	0.0000	0.0000	0.0000	0.0000	0.0000	0.0000	0.0000	0.0000	0.0000	0.0000	0.0000	0.0000	0.0000	0.0000	0.0000	0.0001	0.0002	0.0000	0.0011	0.0012	0.0000	0.0000	0.0000	0.0000	0.0370	0.0000	-0.0000	1.0007	27.2690	1.0009	12.3406	0.0000	0.0000	0.0000	0.0000	0.0000	0.0000	0.0000	0.0000	0.0000	0.0000	0.0000	0.0000	0.0000	0.0000	0.0000	0.0000	0.0000	0.0000	0.1064	0.0938	0.0125	0.0209	0.0198	0.0011	0.0855	0.0740	0.0115	0.0420	0.0212	0.0208	0.0044	0.0039	0.0006	0.0376	0.0174	0.0202	0.0000	0.0000	0.0000	0.0000	0.0000	0.0000	0.0000	0.0000	0.0000	0.0001	0.0002	0.0000	0.0011	0.0012	0.0000	0.0000	0.0000	0.0000			
16	82	0.1115	8	0	0	0	1	0	0	0	0	N	N	N	N	N	N	N	N	N	N	N	N	0.0000	0.0000	0.0000	0.0000	0.0000	0.0000	0.0000	0.0000	0.0000	0.0000	0.0000	0.0000	0.0000	0.0000	0.0000	0.0000	0.0000	0.0007	0.0001	0.0008	0.0003	0.0003	0.0000	0.0014	0.0028	0.0008	6.8317	0.0000	0.0000	1.0007	9.0798	1.0009	0.9519	0.0000	0.0000	0.0000	0.0000	0.0000	0.0000	0.0000	0.0000	0.0000	0.0000	0.0000	0.0000	0.0000	0.0000	0.0000	0.0000	0.0000	0.0000	0.0438	0.0391	0.0047	0.0113	0.0108	0.0005	0.0325	0.0282	0.0042	0.0110	0.0054	0.0055	0.0009	0.0008	0.0001	0.0101	0.0047	0.0054	0.0000	0.0000	0.0000	0.0000	0.0000	0.0000	0.0000	0.0000	0.0000	0.0004	0.0001	0.0008	0.0003	0.0003	0.0000	0.0005	0.0001	0.0008		
16	83	0.0970	7	0	1	0	1	0	0	0	0	N	N	N	N	N	N	N	N	N	N	N	N	0.0000	0.0000	0.0000	0.0000	0.0000	0.0000	0.0000	0.0000	0.0000	0.0000	0.0000	0.0000	0.0000	0.0631	0.2856	0.0000	0.4319	0.4769	0.0000	0.0000	0.0000	0.0000	0.0000	0.0000	-0.0002	1.0007	21.0000	1.0009	14.4214	0.0000	0.0000	0.0000	0.0000	0.0000	0.0000	0.0000	0.0000	0.0000	0.0004	0.0004	0.0000	0.0004	0.0004	0.0000	0.0000	0.0000	0.0000	0.0838	0.0732	0.0107	0.0073	0.0069	0.0004	0.0766	0.0663	0.0103	0.0418	0.0227	0.0191	0.0047	0.0041	0.0006	0.0371	0.0186	0.0185	0.0000	0.0000	0.0000	0.0000	0.0000	0.0000	0.0000	0.0000	0.0000	0.0093	0.0172	0.0000	0.0828	0.0942	0.0000	0.0000	0.0000	0.0000						
16	84	0.1547	11	0	0	1	1	0	0	0	0	N	N	N	N	N	N	N	N	N	N	N	N	0.0000	0.0000	0.0000	0.0000	0.0000	0.0000	0.0000	0.0000	0.0000	0.0000	0.0000	0.0000	0.0000	0.0000	0.0000	0.0000	0.0000	0.1092	0.3569	0.0005	0.3387	0.4136	0.0000	0.0008	0.0000	0.0005	0.0207	0.0000	-0.0002	1.0007	20.4085	1.0009	11.0867	0.0000	0.0000	0.0000	0.0000	0.0000	0.0000	0.0000	0.0000	0.0000	0.0004	0.0004	0.0000	0.0004	0.0004	0.0000	0.0000	0.0000	0.0000	0.0858	0.0753	0.0105	0.0143	0.0135	0.0008	0.0715	0.0618	0.0097	0.0345	0.0185	0.0160	0.0055	0.0046	0.0009	0.0289	0.0139	0.0151	0.0000	0.0000	0.0000	0.0000	0.0000	0.0000	0.0000	0.0000	0.0000	0.0115	0.0211	0.0005	0.0705	0.0846	0.0000	0.0003	0.0000	0.0005		
16	85	0.1509	10	0	0	1	1	0	0	0	0	N	N	N	N	N	N	N	N	N	N	N	N	0.0000	0.0000	0.0000	0.0000	0.0000	0.0000	0.0000	0.0000	0.0000	0.0000	0.0000	0.0000	0.0000	0.0000	0.0000	0.0000	0.0000	0.0053	0.0087	0.0011	0.0112	0.0140	0.0000	0.0021	0.0004	0.0012	0.3287	0.0000	-0.0000	1.0007	3.1287	1.0009	1.1816	0.0000	0.0000	0.0000	0.0000	0.0000	0.0000	0.0000	0.0000	0.0000	0.0000	0.0000	0.0000	0.0000	0.0000	0.0000	0.0000	0.0000	0.0000	0.0194	0.0172	0.0022	0.0065	0.0060	0.0005	0.0129	0.0112	0.0018	0.0056	0.0032	0.0024	0.0011	0.0010	0.0001	0.0045	0.0022	0.0023	0.0000	0.0000	0.0000	0.0000	0.0000	0.0000	0.0000	0.0000	0.0000	0.0020	0.0027	0.0011	0.0077	0.0088	0.0000	0.0006	0.0000	0.0012		
16	86	0.1440	9	0	0	0	1	0	0	0	0	N	N	N	N	N	N	N	N	N	N	N	N	0.0000	0.0000	0.0000	0.0000	0.0000	0.0000	0.0000	0.0000	0.0000	0.0000	0.0000	0.0000	0.0000	0.0000	0.0000	0.0000	0.0000	0.0012	0.0010	0.0008	0.0017	0.0019	0.0000	0.0013	0.0003	0.0008	1.0396	0.0000	-0.0000	1.0007	4.0532	1.0009	2.2470	0.0000	0.0000	0.0000	0.0000	0.0000	0.0000	0.0000	0.0000	0.0000	0.0000	0.0000	0.0000	0.0000	0.0000	0.0000	0.0000	0.0000	0.0000	0.0210	0.0185	0.0025	0.0055	0.0051	0.0004	0.0155	0.0135	0.0021	0.0083	0.0047	0.0036	0.0016	0.0014	0.0002	0.0067	0.0033	0.0035	0.0000	0.0000	0.0000	0.0000	0.0000	0.0000	0.0000	0.0000	0.0000	0.0007	0.0006	0.0008	0.0017	0.0019	0.0000	0.0004	0.0000	0.0008		
16	87	0.1208	8	0	0	0	1	0	0	0	0	N	N	N	N	N	N	N	N	N	N	N	N	0.0000	0.0000	0.0000	0.0000	0.0000	0.0000	0.0000	0.0000	0.0000	0.0000	0.0000	0.0000	0.0000	0.0000	0.0000	0.0000	0.0000	0.0000	0.0026	0.0002	0.0026	0.0005	0.0005	0.0001	0.0056	0.0001	0.0028	9.5170	0.0000	0.0000	1.0007	4.7288	1.0009	9.8540	0.0000	0.0000	0.0000	0.0000	0.0000	0.0000	0.0000	0.0000	0.0000	0.0000	0.0000	0.0000	0.0000	0.0000	0.0000	0.0000	0.0000	0.0000	0.0283	0.0245	0.0038	0.0073	0.0068	0.0005	0.0209	0.0177	0.0032	0.0226	0.0135	0.0092	0.0053	0.0046	0.0007	0.0173	0.0088	0.0085	0.0000	0.0000	0.0000	0.0000	0.0000	0.0000	0.0000	0.0000	0.0000	0.0012	0.0002	0.0026	0.0005	0.0005	0.0001	0.0014	0.0000	0.0028	
16	88	0.0970	7	0	0	0	1	0	0	0	0	N	N	N	N	N	N	N	N	N	N	N	N	0.0000	0.0000	0.0000	0.0000	0.0000	0.0000	0.0000	0.0000	0.0000	0.0000	0.0000	0.0000	0.0000	0.0000	0.0000	0.0000	0.0000	0.3917	0.0000	0.3020	0.0000	0.0000	0.0000	0.5040	0.0007	0.2402	10284.4105	0.0000	0.0002	1.0007	8.6320	1.0009	7.0881	0.0000	0.0000	0.0000	0.0000	0.0000	0.0000	0.0000	0.0000	0.0000	0.0006	0.0000	0.0006	0.0000	0.0000	0.0000	0.0006	0.0000	0.0006	0.0356	0.0310	0.0046	0.0031	0.0030	0.0002	0.0325	0.0281	0.0044	0.0210	0.0120	0.0090	0.0030	0.0027	0.0003	0.0180	0.0092	0.0087	0.0000	0.0000	0.0000	0.0000	0.0000	0.0000	0.0000	0.0000	0.0000	0.0275	0.0000	0.0640	0.0000	0.0000	0.0000	0.0320	0.0000	0.0659		
16	89	0.1648	9	0	1	0	1	0	0	0	0	N	N	N	N	N	N	N	N	N	N	N	N	5283403.0191	4361960.2355	0.0000	144.4357	137.7849	24100638.2267	inf	0.0000	14.4439	16.4482	0.0000	0.0017	0.0018	0.0000	17.4408	20.1973	0.0000	0.0000	0.0000	0.0000	0.0000	0.0000	0.0000	0.0000	0.0000	0.0000	0.0000	0.2756	-0.2865	-0.0000	1.0007	15.4622	1.0009	5.2688	0.9979	0.9979	0.0000	0.0000	0.0000	0.0000	0.9979	0.9979	0.0000	0.0000	0.0000	0.0000	0.0000	0.0000	0.0000	0.0000	0.0000	0.0000	0.0691	0.0607	0.0084	0.0119	0.0113	0.0006	0.0572	0.0494	0.0078	0.0264	0.0150	0.0114	0.0049	0.0044	0.0005	0.0216	0.0106	0.0109	5283403.0191	4361960.2355	0.0000	144.4357	137.7849	0.0000	24100638.2267	inf	0.0000	0.0000	0.0000	0.0000	0.0000	0.0000	0.0000	0.0000	0.0000	0.0000	
16	90	0.1530	8	0	0	0	1	0	0	0	0	N	N	N	N	N	N	N	N	N	N	N	N	7112.2112	7603.0781	0.0000	246.0927	234.3659	10587.5179	102.2365	0.0000	0.0521	0.0589	0.0000	0.0029	0.0030	0.0000	0.0631	0.0728	0.0000	0.0000	0.0000	0.0000	0.0000	0.0000	0.0000	0.0000	0.0007	0.0000	0.0000	0.5781	-0.0006	-0.0000	1.0007	7.5917	1.0009	1.5198	0.0020	0.0020	0.0000	0.0000	0.0000	0.0000	0.0020	0.0020	0.0000	0.0000	0.0000	0.0000	0.0000	0.0000	0.0000	0.0000	0.0000	0.0000	0.0380	0.0336	0.0044	0.0070	0.0067	0.0003	0.0311	0.0269	0.0041	0.0142	0.0085	0.0057	0.0034	0.0031	0.0003	0.0108	0.0054	0.0054	7112.2112	7603.0781	0.0000	246.0927	234.3659	0.0000	10587.5179	14941.4958	0.0000	0.0000	0.0000	0.0000	0.0000	0.0000	0.0000	0.0000	0.0000	0.0000	
16	91	0.2040	10	1	0	1	1	0	0	0	0	N	N	N	N	N	N	N	N	N	N	N	N	0.0000	0.0000	0.0000	0.0000	0.0000	0.0000	0.0000	0.0000	0.0000	0.0000	0.0000	0.0000	0.0000	0.0000	0.0000	0.0000	0.0000	0.0000	0.0000	0.0000	1.0007	3.0317	1.0009	0.1644	0.0000	0.0000	0.0000	0.0000	0.0000	0.0000	0.0000	0.0000	0.0000	0.0000	0.0000	0.0000	0.0000	0.0000	0.0000	0.0000	0.0000	0.0000	0.0123	0.0109	0.0014	0.0027	0.0026	0.0001	0.0096	0.0083	0.0013	0.0034	0.0017	0.0017	0.0003	0.0003	0.0001	0.0030	0.0014	0.0016	0.0000	0.0000	0.0000	0.0000	0.0000	0.0000	0.0000	0.0000	0.0000	0.0000	0.0000	0.0000	0.0000	0.0000	0.0000	0.0000	0.0000	0.0000											
16	92	0.1982	9	1	0	1	1	0	0	0	0	N	N	N	N	N	N	N	N	N	N	N	N	inf	inf	inf	inf	0.0943	0.1052	0.0000	0.2280	0.2446	0.0000	0.0000	0.0000	0.0000	0.0000	0.0000	0.0000	0.0000	0.0000	0.0000	0.0000	0.0000	0.0000	0.0000	-0.0004	0.0000	1.0007	2.6632	1.0009	1.0147	0.0015	0.0015	0.0000	0.0015	0.0015	0.0000	0.0000	0.0000	0.0000	0.0000	0.0000	0.0000	0.0000	0.0000	0.0000	0.0000	0.0000	0.0000	0.0155	0.0139	0.0016	0.0064	0.0060	0.0004	0.0091	0.0079	0.0012	0.0041	0.0021	0.0020	0.0005	0.0004	0.0001	0.0036	0.0017	0.0019	inf	inf	0.0000	inf	inf	0.0000	0.0000	0.0000	0.0000	0.0000	0.0000	0.0000	0.0000	0.0000	0.0000	0.0000	0.0000	0.0000						
16	93	0.1150	8	1	0	1	1	0	0	0	0	N	N	N	N	N	N	N	N	N	N	N	N	4090.7189	3268.3561	0.0000	0.0000	0.0000	15699.4017	inf	0.0000	0.0099	0.0111	0.0000	0.0000	0.0000	0.0000	0.0125	0.0144	0.0000	0.0000	0.0000	0.0000	0.0000	0.0000	0.0000	0.0000	0.0000	0.0000	0.0000	0.4204	-0.0004	-0.0000	1.0007	35.0787	1.0009	12.2568	0.0015	0.0015	0.0000	0.0000	0.0000	0.0000	0.0015	0.0015	0.0000	0.0000	0.0000	0.0000	0.0000	0.0000	0.0000	0.0000	0.0000	0.0000	0.1477	0.1311	0.0166	0.0307	0.0294	0.0013	0.1170	0.1017	0.0154	0.0491	0.0245	0.0246	0.0049	0.0042	0.0008	0.0442	0.0203	0.0238	4090.7189	3268.3561	0.0000	0.0000	0.0000	0.0000	15699.4017	inf	0.0000	0.0000	0.0000	0.0000	0.0000	0.0000	0.0000	0.0000	0.0000	0.0000	
16	94	0.1015	7	1	0	0	1	0	0	0	0	N	N	N	N	N	N	N	N	N	N	N	N	0.0000	0.0000	0.0000	0.0000	0.0000	0.0000	0.0000	0.0000	0.0000	0.0000	0.0000	0.0000	0.0000	0.0000	0.0000	0.0000	0.0000	0.0000	0.0000	0.0000	0.0000	0.0000	0.0000	0.0000	0.0006	0.0000	1.1366	0.0000	-0.0000	1.0007	8.4810	1.0009	2.3446	0.0000	0.0000	0.0000	0.0000	0.0000	0.0000	0.0000	0.0000	0.0000	0.0000	0.0000	0.0000	0.0000	0.0000	0.0000	0.0000	0.0000	0.0000	0.0483	0.0434	0.0049	0.0128	0.0125	0.0003	0.0355	0.0309	0.0046	0.0126	0.0063	0.0062	0.0012	0.0010	0.0002	0.0113	0.0053	0.0061	0.0000	0.0000	0.0000	0.0000	0.0000	0.0000	0.0000	0.0000	0.0000	0.0000	0.0000	0.0000	0.0000	0.0000	0.0000	0.0000	0.0000	0.0000		
16	95	0.0970	7	0	1	0	2	0	0	0	0	N	N	N	Y	N	N	N	N	N	N	N	N	116205.4267	71585.2924	2118.2449	1942.2269	inf	inf	0.0070	0.0081	0.0000	0.0012	0.0013	0.0000	0.0076	0.0088	0.0000	0.0000	0.0000	0.0000	0.0000	0.0000	0.0000	0.0000	0.0000	0.0000	0.0000	0.0000	-0.0002	-0.0000	1.0007	24.0032	1.0009	22.6134	0.0007	0.0007	0.0000	0.0000	0.0000	0.0000	0.0007	0.0007	0.0000	0.0000	0.0000	0.0000	0.0000	0.0000	0.0000	0.0000	0.0000	0.0000	0.0951	0.0831	0.0121	0.0083	0.0078	0.0004	0.0868	0.0752	0.0116	0.0528	0.0284	0.0244	0.0056	0.0049	0.0007	0.0472	0.0235	0.0237	116205.4267	71585.2924	0.0000	2118.2449	1942.2269	0.0000	inf	inf	0.0000	0.0000	0.0000	0.0000	0.0000	0.0000	0.0000	0.0000	0.0000	0.0000			
16	96	0.5144	11	0	1	0	1	0	0	0	0	N	N	N	N	N	N	N	N	N	N	N	N	0.0000	0.0000	0.0000	0.0000	0.0000	0.0000	0.0000	0.0000	0.0000	0.0000	0.0000	0.0000	0.0000	0.0000	0.0000	0.0000	0.0000	0.0000	0.0000	0.0000	0.0000	0.0000	0.0000	0.0000	inf	0.0000	0.0000	1.0007	18.5150	1.0009	10.2301	0.0000	0.0000	0.0000	0.0000	0.0000	0.0000	0.0000	0.0000	0.0000	0.0000	0.0000	0.0000	0.0000	0.0000	0.0000	0.0000	0.0000	0.0000	0.0767	0.0685	0.0082	0.0262	0.0248	0.0014	0.0505	0.0438	0.0068	0.0303	0.0191	0.0112	0.0101	0.0091	0.0010	0.0202	0.0099	0.0102	0.0000	0.0000	0.0000	0.0000	0.0000	0.0000	0.0000	0.0000	0.0000	0.0000	0.0000	0.0000	0.0000	0.0000	0.0000	0.0000	0.0000	0.0000				
16	97	0.0679	6	0	1	0	1	0	0	0	0	N	N	N	N	N	N	N	N	N	N	N	N	201.7721	0.0029	13663.7924	0.0081	0.0073	0.0000	936.5089	14671.3342	5.6488	0.0003	45.8928	0.0034	0.0035	0.0000	6.1682	0.0000	47.3703	0.0280	0.1097	0.0034	0.4116	0.4810	0.0000	0.0066	0.0000	0.0032	19995.9204	0.3077	0.7128	-0.0002	1.0007	46.1140	1.0009	26.4917	0.9999	0.0001	0.9999	0.0001	0.0001	0.0000	0.9999	0.0000	0.9999	0.0005	0.0004	0.0001	0.0004	0.0004	0.0000	0.0001	0.0000	0.0001	0.1770	0.1552	0.0218	0.0149	0.0142	0.0007	0.1621	0.1410	0.0211	0.0767	0.0388	0.0379	0.0049	0.0041	0.0007	0.0718	0.0347	0.0372	849.2383	0.0320	14494.7356	0.0417	0.0371	0.0000	3691.7211	0.0000	14671.3342	0.0067	0.0101	0.0032	0.0804	0.0947	0.0000	0.0017	0.0000	0.0032	
16	98	0.5673	13	0	1	0	1	0	0	0	0	N	N	N	N	N	N	N	N	N	N	N	N	0.0000	0.0000	0.0000	0.0000	0.0000	0.0000	0.0000	0.0000	0.0000	0.0000	0.0000	0.0000	0.0000	0.0000	0.0000	0.0000	0.0000	0.0000	0.0000	0.0000	0.0000	0.0000	0.0000	0.0000	-0.0000	1.0007	20.7840	1.0009	8.9470	0.0000	0.0000	0.0000	0.0000	0.0000	0.0000	0.0000	0.0000	0.0000	0.0000	0.0000	0.0000	0.0000	0.0000	0.0000	0.0000	0.0000	0.0000	0.0778	0.0698	0.0080	0.0285	0.0270	0.0015	0.0493	0.0428	0.0065	0.0244	0.0148	0.0095	0.0076	0.0065	0.0011	0.0167	0.0083	0.0084	0.0000	0.0000	0.0000	0.0000	0.0000	0.0000	0.0000	0.0000	0.0000	0.0000	0.0000	0.0000	0.0000	0.0000	0.0000	0.0000	0.0000	0.0000						
16	99	0.5624	12	0	0	0	1	0	0	0	0	N	N	N	N	N	N	N	N	N	N	N	N	0.0000	0.0000	0.0000	0.0000	0.0000	0.0000	0.0000	0.0000	0.0000	0.0000	0.0000	0.0000	0.0000	0.0000	0.0000	0.0000	0.0000	0.0000	0.0000	0.0000	0.0000	0.0000	0.0000	0.0000	0.0005	0.0000	0.8277	0.0000	-0.0000	1.0007	2.7834	1.0009	1.0450	0.0000	0.0000	0.0000	0.0000	0.0000	0.0000	0.0000	0.0000	0.0000	0.0000	0.0000	0.0000	0.0000	0.0000	0.0000	0.0000	0.0000	0.0000	0.0290	0.0266	0.0024	0.0167	0.0160	0.0006	0.0124	0.0106	0.0018	0.0064	0.0037	0.0027	0.0025	0.0023	0.0001	0.0040	0.0014	0.0026	0.0000	0.0000	0.0000	0.0000	0.0000	0.0000	0.0000	0.0000	0.0000	0.0000	0.0000	0.0000	0.0000	0.0000	0.0000	0.0000	0.0000	0.0000		
16	100	0.5524	11	0	0	0	1	0	0	0	0	N	N	N	N	N	N	N	N	N	N	N	N	43.7478	20.1238	0.6082	1161.7825	1085.7194	41.9880	12.2962	3.6573	0.0839	4.4514	4.9111	0.0039	5.9976	6.3267	0.0124	2.8219	3.2716	0.0004	0.1018	0.2440	0.0063	0.0052	0.0058	0.0003	0.2295	0.8945	0.0053	0.0001	0.1808	-0.0708	-0.0001	1.0007	7.6044	1.0009	2.7972	0.2467	0.2467	0.0000	0.1706	0.1706	0.0000	0.0762	0.0762	0.0000	0.0002	0.0001	0.0000	0.0000	0.0000	0.0000	0.0001	0.0001	0.0000	0.0554	0.0502	0.0052	0.0284	0.0270	0.0015	0.0270	0.0233	0.0037	0.0154	0.0095	0.0059	0.0059	0.0054	0.0004	0.0096	0.0041	0.0055	400.0492	320.2080	0.8715	1361.7708	1333.2686	41.9880	185.1864	111.3050	0.0928	0.0111	0.0153	0.0044	0.0044	0.0047	0.0003	0.0152	0.0294	0.0048
16	101	0.5028	10	0	0	0	1	0	0	0	0	N	N	N	N	N	N	N	N	N	N	N	N	1184.3310	559.4629	6.8240	1.1488	1.0226	1.7112	2855.3775	96.1896	7.4997	11.6440	13.0340	0.0024	0.0113	0.0119	0.0000	17.6616	20.4052	0.0029	0.0098	0.0233	0.0003	0.0098	0.0117	0.0000	0.0062	0.2121	0.0004	0.0000	0.0439	-0.2633	-0.0001	1.0007	18.4780	1.0009	12.4520	0.9171	0.9171	0.0000	0.0003	0.0003	0.0000	0.9168	0.9168	0.0000	0.0001	0.0001	0.0000	0.0001	0.0001	0.0000	0.0000	0.0000	0.0000	0.0788	0.0704	0.0084	0.0269	0.0254	0.0014	0.0519	0.0449	0.0070	0.0305	0.0186	0.0119	0.0097	0.0086	0.0010	0.0208	0.0099	0.0109	3596.7751	2561.3120	6.8240	1.6500	1.5537	1.7112	11346.6143	7187.9394	7.4997	0.0032	0.0051	0.0003	0.0069	0.0077	0.0000	0.0016	0.0028	0.0004
16	102	0.2110	10	0	1	0	1	0	0	0	0	N	N	N	N	N	N	N	N	N	N	N	N	4.6464	3.1233	0.0000	3.3340	3.1760	0.0000	0.0000	0.0003	0.0004	0.0000	0.0012	0.0013	0.0000	0.0000	0.0000	0.0000	0.0001	0.0001	0.0000	0.0004	0.0004	0.0000	0.0000	0.0000	0.0000	0.0000	0.0298	-0.0000	-0.0000	1.0007	34.1922	1.0009	22.4626	0.0001	0.0001	0.0000	0.0001	0.0001	0.0000	0.0000	0.0000	0.0000	0.0000	0.0000	0.0000	0.0000	0.0000	0.0000	0.0000	0.0000	0.0000	0.1846	0.1651	0.0195	0.0522	0.0502	0.0020	0.1324	0.1149	0.0175	0.0683	0.0399	0.0284	0.0135	0.0123	0.0011	0.0548	0.0276	0.0273	4.6464	3.1258	0.0000	3.3340	3.1760	0.0000	0.0000	0.0000	0.0000	0.0001	0.0001	0.0000	0.0004	0.0004	0.0000	0.0000	0.0000	0.0000		
16	103	0.1632	9	0	1	0	1	0	0	0	0	N	N	N	N	N	N	N	N	N	N	N	N	0.0007	0.0006	0.0390	0.0362	0.0316	80.5241	0.0000	0.0000	0.0003	0.0006	0.0007	0.0001	0.0029	0.0030	0.0014	0.0000	0.0000	0.0000	0.8569	1.1785	0.0029	0.0810	0.0953	0.0000	1.0050	1.9053	0.0030	0.0215	0.0088	-0.0000	-0.0038	1.0007	22.5884	1.0009	11.0115	0.0001	0.0001	0.0000	0.0001	0.0001	0.0000	0.0000	0.0000	0.0000	0.0061	0.0061	0.0001	0.0002	0.0002	0.0000	0.0059	0.0059	0.0001	0.1087	0.0961	0.0126	0.0233	0.0223	0.0010	0.0854	0.0738	0.0116	0.0409	0.0225	0.0184	0.0066	0.0060	0.0007	0.0343	0.0165	0.0178	0.0042	0.0026	0.0390	0.0929	0.0858	80.5241	0.0000	0.0000	0.0003	0.1502	0.2711	0.0029	0.0316	0.0350	0.0000	0.1731	0.3563	0.0030
16	104	0.1331	8	0	0	0	1	0	0	0	0	N	N	N	N	N	N	N	N	N	N	N	N	0.0054	0.0012	0.0000	197.8158	187.3761	0.0000	0.0000	0.0000	0.0002	0.0003	0.0000	0.0012	0.0012	0.0000	0.0000	0.0000	0.0000	0.0425	0.2259	0.0000	0.0000	0.0000	0.0000	0.1040	0.7743	0.0000	0.0000	0.0006	-0.0000	-0.0001	1.0007	11.8100	1.0009	8.7888	0.0000	0.0000	0.0000	0.0000	0.0000	0.0000	0.0000	0.0000	0.0000	0.0002	0.0002	0.0000	0.0000	0.0000	0.0000	0.0002	0.0002	0.0000	0.0574	0.0505	0.0068	0.0113	0.0108	0.0005	0.0461	0.0398	0.0063	0.0263	0.0145	0.0118	0.0040	0.0036	0.0004	0.0223	0.0109	0.0114	0.0289	0.0181	0.0000	197.8158	187.3761	0.0000	0.0000	0.0000	0.0000	0.0080	0.0145	0.0000	0.0000	0.0000	0.0000	0.0094	0.0193	0.0000	
16	105	0.0970	7	0	0	0	1	0	0	0	0	N	N	N	N	N	N	N	N	N	N	N	N	17539639.4591	11199123.1312	0.0823	0.0779	inf	inf	16.7165	19.1685	0.0000	0.0000	0.0000	0.0000	18.3158	21.1803	0.0000	0.0000	0.0000	0.0000	0.0000	0.0000	0.0000	0.0000	0.0000	0.0000	0.0000	0.0000	-0.2871	-0.0000	1.0007	14.7392	1.0009	7.3617	0.9999	0.9999	0.0000	0.0000	0.0000	0.0000	0.9999	0.9999	0.0000	0.0000	0.0000	0.0000	0.0000	0.0000	0.0000	0.0000	0.0000	0.0000	0.0598	0.0522	0.0077	0.0052	0.0050	0.0003	0.0546	0.0472	0.0074	0.0279	0.0155	0.0124	0.0036	0.0032	0.0004	0.0243	0.0123	0.0120	17539639.4591	11199123.1312	0.0000	0.0823	0.0779	0.0000	inf	inf	0.0000	0.0000	0.0000	0.0000	0.0000	0.0000	0.0000	0.0000	0.0000	0.0000			
16	106	0.1115	8	0	1	0	1	0	0	0	0	N	N	N	N	N	N	N	N	N	N	N	N	0.0000	0.0000	0.0000	0.0000	0.0000	0.0000	0.0000	0.0000	0.0000	0.0000	0.0000	0.0000	0.0000	0.0000	0.0000	0.0000	0.0000	0.0000	0.0000	0.0000	0.0000	0.0000	0.0000	0.0000	0.0000	0.1022	0.0000	-0.0000	1.0007	20.0414	1.0009	7.0324	0.0000	0.0000	0.0000	0.0000	0.0000	0.0000	0.0000	0.0000	0.0000	0.0000	0.0000	0.0000	0.0000	0.0000	0.0000	0.0000	0.0000	0.0000	0.0852	0.0756	0.0096	0.0183	0.0175	0.0008	0.0669	0.0581	0.0088	0.0282	0.0139	0.0143	0.0021	0.0018	0.0004	0.0260	0.0121	0.0139	0.0000	0.0000	0.0000	0.0000	0.0000	0.0000	0.0000	0.0000	0.0000	0.0000	0.0000	0.0000	0.0000	0.0000	0.0000	0.0000	0.0000	0.0000			
16	107	0.1015	7	0	0	0	1	0	0	0	0	N	N	N	N	N	N	N	N	N	N	N	N	0.0000	0.0000	0.0000	0.0000	0.0000	0.0000	0.0000	0.0000	0.0000	0.0000	0.0000	0.0000	0.0000	0.0000	0.0000	0.0000	0.0000	0.0000	0.0000	0.0000	0.0000	0.0000	0.0000	0.0000	0.0004	0.0000	3.0545	0.0000	0.0000	1.0007	7.0315	1.0009	1.2144	0.0000	0.0000	0.0000	0.0000	0.0000	0.0000	0.0000	0.0000	0.0000	0.0000	0.0000	0.0000	0.0000	0.0000	0.0000	0.0000	0.0000	0.0000	0.0428	0.0385	0.0042	0.0121	0.0118	0.0003	0.0307	0.0267	0.0039	0.0098	0.0050	0.0048	0.0010	0.0009	0.0001	0.0088	0.0041	0.0047	0.0000	0.0000	0.0000	0.0000	0.0000	0.0000	0.0000	0.0000	0.0000	0.0000	0.0000	0.0000	0.0000	0.0000	0.0000	0.0000	0.0000	0.0000		
16	108	0.0679	6	0	0	0	1	0	0	0	0	N	N	N	N	N	N	N	N	N	N	N	N	0.0000	0.0000	0.0000	0.0000	0.0000	0.0000	0.0000	0.0000	0.0000	0.0000	0.0000	0.0000	0.0000	0.0000	0.0000	0.0000	0.0000	0.0000	0.0000	0.0000	0.0000	0.0000	0.0000	0.0000	0.0000	0.0000	2.9066	0.0000	0.0000	1.0007	16.2725	1.0009	4.4748	0.0000	0.0000	0.0000	0.0000	0.0000	0.0000	0.0000	0.0000	0.0000	0.0000	0.0000	0.0000	0.0000	0.0000	0.0000	0.0000	0.0000	0.0000	0.0704	0.0617	0.0087	0.0073	0.0070	0.0003	0.0631	0.0547	0.0084	0.0258	0.0133	0.0124	0.0022	0.0019	0.0002	0.0236	0.0114	0.0122	0.0000	0.0000	0.0000	0.0000	0.0000	0.0000	0.0000	0.0000	0.0000	0.0000	0.0000	0.0000	0.0000	0.0000	0.0000	0.0000	0.0000	0.0000		
16	109	0.1789	9	0	1	0	1	0	0	0	0	N	N	N	N	N	N	N	N	N	N	N	N	0.0000	0.0000	0.0000	0.0000	0.0000	0.0000	0.0000	0.0000	0.0000	0.0000	0.0000	0.0000	0.0000	0.0000	0.0000	0.0000	0.0002	0.0004	0.0000	0.0011	0.0013	0.0000	0.0000	0.0000	0.0000	0.0065	0.0000	-0.0000	1.0007	40.5309	1.0009	14.7974	0.0000	0.0000	0.0000	0.0000	0.0000	0.0000	0.0000	0.0000	0.0000	0.0000	0.0000	0.0000	0.0000	0.0000	0.0000	0.0000	0.0000	0.0000	0.1612	0.1421	0.0191	0.0255	0.0242	0.0013	0.1357	0.1179	0.0178	0.0601	0.0331	0.0270	0.0089	0.0078	0.0011	0.0512	0.0252	0.0259	0.0000	0.0000	0.0000	0.0000	0.0000	0.0000	0.0000	0.0000	0.0000	0.0002	0.0003	0.0000	0.0011	0.0013	0.0000	0.0000	0.0000	0.0000			
16	110	0.1530	8	0	1	0	1	0	0	0	0	N	N	N	N	N	N	N	N	N	N	N	N	0.4735	0.2338	0.0000	105.3548	98.9881	0.0000	0.0000	0.0000	0.0003	0.0004	0.0000	0.0022	0.0023	0.0000	0.0000	0.0000	0.0000	0.0007	0.0016	0.0000	0.0000	0.0000	0.0000	0.0018	0.0415	0.0000	0.0000	0.0127	-0.0000	-0.0000	1.0007	13.5236	1.0009	3.5331	0.0000	0.0000	0.0000	0.0000	0.0000	0.0000	0.0000	0.0000	0.0000	0.0000	0.0000	0.0000	0.0000	0.0000	0.0000	0.0000	0.0000	0.0000	0.0613	0.0540	0.0074	0.0092	0.0088	0.0004	0.0521	0.0451	0.0069	0.0229	0.0131	0.0098	0.0044	0.0039	0.0005	0.0185	0.0091	0.0093	0.7275	0.4784	0.0000	105.3548	98.9881	0.0000	0.0000	0.0000	0.0000	0.0004	0.0008	0.0000	0.0000	0.0000	0.0000	0.0006	0.0011	0.0000	
16	111	0.0970	7	0	0	0	1	0	0	0	0	N	N	N	N	N	N	N	N	N	N	N	N	327.8859	431.9350	0.0000	0.0000	0.0000	463.7225	3.6941	0.0000	0.0003	0.0003	0.0000	0.0000	0.0000	0.0000	0.0003	0.0004	0.0000	0.0000	0.0000	0.0000	0.0000	0.0000	0.0000	0.0000	0.0001	0.0000	0.0000	1.1084	-0.0000	-0.0000	1.0007	16.9399	1.0009	15.9768	0.0000	0.0000	0.0000	0.0000	0.0000	0.0000	0.0000	0.0000	0.0000	0.0000	0.0000	0.0000	0.0000	0.0000	0.0000	0.0000	0.0000	0.0000	0.0684	0.0596	0.0087	0.0060	0.0057	0.0003	0.0624	0.0540	0.0084	0.0392	0.0214	0.0178	0.0045	0.0040	0.0005	0.0347	0.0174	0.0173	327.8859	431.9350	0.0000	0.0000	0.0000	0.0000	463.7225	1151.7298	0.0000	0.0000	0.0000	0.0000	0.0000	0.0000	0.0000	0.0000	0.0000	0.0000	
16	112	0.0398	5	1	1	0	2	0	0	0	0	N	N	N	Y	N	N	N	N	N	N	N	N	0.0000	0.0000	0.0000	0.0000	0.0000	0.0000	0.0000	0.0000	0.0000	0.0000	0.0000	0.0000	0.0000	0.0000	0.0001	0.0000	0.0007	0.0007	0.0000	0.0000	0.0000	0.0000	0.0000	0.0000	-0.0000	1.0007	0.0019	1.0009	1.9928	0.0000	0.0000	0.0000	0.0000	0.0000	0.0000	0.0000	0.0000	0.0000	0.0000	0.0000	0.0000	0.0000	0.0000	0.0000	0.0000	0.0000	0.0000	0.0000	0.0000	0.0000	0.0000	0.0000	0.0000	0.0000	0.0000	0.0000	0.0025	0.0013	0.0012	0.0002	0.0001	0.0000	0.0024	0.0012	0.0012	0.0000	0.0000	0.0000	0.0000	0.0000	0.0000	0.0000	0.0000	0.0000	0.0000	0.0001	0.0000	0.0007	0.0007	0.0000	0.0000	0.0000	0.0000						
16	113	0.0162	4	1	1	0	2	0	0	0	0	N	N	N	Y	N	N	N	N	N	N	N	N	0.0008	0.0000	11250.1738	0.0000	0.0000	inf	3146.1664	10993.1091	0.0002	0.0000	0.0016	0.0001	0.0000	0.0053	0.0002	0.0000	0.0016	0.2929	0.5417	0.0000	1.8413	1.7646	0.0000	0.0000	0.0000	0.0000	inf	0.0000	0.0000	-0.0002	1.0007	8.6942	1.0009	6.0502	0.0000	0.0000	0.0000	0.0000	0.0000	0.0000	0.0000	0.0000	0.0000	0.0004	0.0004	0.0000	0.0004	0.0004	0.0000	0.0000	0.0000	0.0000	0.0414	0.0357	0.0057	0.0033	0.0032	0.0001	0.0381	0.0324	0.0057	0.0194	0.0097	0.0098	0.0007	0.0007	0.0000	0.0187	0.0089	0.0097	0.0111	0.0000	11250.1738	0.0002	0.0000	inf	3146.1664	0.0000	10993.1091	0.0198	0.0398	0.0000	0.5173	0.5320	0.0000	0.0000	0.0000	0.0000	
16	114	0.0085	2	0	1	0	2	0	0	0	0	N	N	N	Y	N	N	N	N	N	N	N	N	0.0000	0.0000	0.0000	0.0000	0.0000	0.0000	0.0000	0.0000	0.0000	0.0000	0.0000	0.0000	0.0000	0.4105	0.6550	0.0000	0.3435	0.3329	0.0000	0.0000	0.0000	0.0000	0.0000	0.0000	-0.0000	1.0007	0.0001	1.0009	0.0001	0.0000	0.0000	0.0000	0.0000	0.0000	0.0000	0.0000	0.0000	0.0000	0.0000	0.0000	0.0000	0.0000	0.0000	0.0000	0.0000	0.0000	0.0000	0.0000	0.0000	0.0000	0.0000	0.0000	0.0000	0.0000	0.0000	0.0000	0.0000	0.0000	0.0000	0.0000	0.0000	0.0000	0.0000	0.0000	0.0000	0.0000	0.0000	0.0000	0.0000	0.0000	0.0000	0.0000	0.0000	0.0000	0.0289	0.0581	0.0000	0.0715	0.0715	0.0000	0.0000	0.0000	0.0000						
16	117	0.1874	8	0	1	0	1	0	0	0	0	N	N	N	N	N	N	N	N	N	N	N	N	0.0076	0.0000	0.4072	0.0211	0.0000	inf	0.0000	0.0000	0.0010	0.0000	0.0087	0.0047	0.0000	0.0916	0.0000	0.0000	0.0000	0.1294	0.2008	0.0214	0.2219	0.2508	0.0000	0.0415	0.0000	0.0187	inf	0.7218	0.0001	-0.0002	1.0007	31.2782	1.0009	23.9277	0.0001	0.0000	0.0001	0.0001	0.0000	0.0001	0.0000	0.0000	0.0000	0.0008	0.0005	0.0003	0.0005	0.0005	0.0000	0.0003	0.0000	0.0003	0.1316	0.1166	0.0149	0.0277	0.0263	0.0014	0.1038	0.0903	0.0135	0.0630	0.0336	0.0293	0.0084	0.0075	0.0009	0.0545	0.0261	0.0284	0.0799	0.0000	0.7814	0.0875	0.0000	inf	0.0000	0.0000	0.0000	0.0124	0.0135	0.0111	0.0536	0.0602	0.0000	0.0060	0.0000	0.0115	
16	118	0.0036	2	0	0	1	2	0	0	0	0	N	N	N	Y	N	N	N	N	N	N	N	N	3.7791	1.4934	0.0000	0.1741	0.1829	0.0000	0.0000	0.0093	0.0109	0.0000	0.3123	0.3126	0.0000	0.0000	0.0000	0.0000	0.0025	0.0073	0.0000	1.7935	1.7091	0.0000	0.0000	0.0000	0.0000	0.0000	0.0012	-0.0000	-0.0000	1.0007	3.8827	1.0009	2.9998	0.0002	0.0002	0.0000	0.0002	0.0002	0.0000	0.0000	0.0000	0.0000	0.0000	0.0000	0.0000	0.0000	0.0000	0.0000	0.0000	0.0000	0.0000	0.0177	0.0152	0.0025	0.0005	0.0005	0.0000	0.0172	0.0147	0.0025	0.0090	0.0043	0.0047	0.0000	0.0000	0.0000	0.0090	0.0043	0.0047	8.4195	4.7066	0.0000	0.6383	0.6386	0.0000	0.0000	0.0000	0.0000	0.0011	0.0023	0.0000	0.4892	0.4895	0.0000	0.0000	0.0000	0.0000		
16	120	0.0065	3	0	0	1	2	0	0	0	0	N	N	N	Y	N	N	N	N	N	N	N	N	1212.2797	inf	0.0000	inf	inf	0.0000	0.0000	0.0027	0.0031	0.0000	0.0620	0.0630	0.0000	0.0000	0.0000	0.0000	0.0000	0.0000	0.0000	0.0000	0.0000	0.0000	0.0000	0.0000	0.0000	0.0000	inf	-0.0000	0.0000	1.0007	9.6158	1.0009	0.0030	0.0001	0.0001	0.0000	0.0001	0.0001	0.0000	0.0000	0.0000	0.0000	0.0000	0.0000	0.0000	0.0000	0.0000	0.0000	0.0000	0.0000	0.0000	0.0430	0.0373	0.0057	0.0018	0.0018	0.0000	0.0412	0.0355	0.0057	0.0124	0.0060	0.0065	0.0000	0.0000	0.0000	0.0124	0.0059	0.0065	1212.2797	inf	0.0000	inf	inf	0.0000	0.0000	0.0000	0.0000	0.0000	0.0000	0.0000	0.0000	0.0000	0.0000	0.0000	0.0000	0.0000		
16	123	0.5626	13	0	0	1	2	0	0	0	0	N	N	N	Y	N	N	N	N	N	N	N	N	0.0000	0.0000	0.0000	0.0000	0.0000	0.0000	0.0000	0.0000	0.0000	0.0000	0.0000	0.0000	0.0000	0.0000	0.0000	0.0444	0.2012	0.0000	0.0000	0.0000	0.0000	0.1699	0.8434	0.0000	0.0000	0.0000	-0.0001	1.0007	12.8936	1.0009	4.1514	0.0000	0.0000	0.0000	0.0000	0.0000	0.0000	0.0000	0.0000	0.0000	0.0001	0.0001	0.0000	0.0000	0.0000	0.0000	0.0001	0.0001	0.0000	0.0545	0.0489	0.0056	0.0208	0.0197	0.0011	0.0337	0.0292	0.0045	0.0147	0.0089	0.0058	0.0047	0.0041	0.0006	0.0100	0.0048	0.0052	0.0000	0.0000	0.0000	0.0000	0.0000	0.0000	0.0000	0.0000	0.0000	0.0082	0.0135	0.0000	0.0000	0.0000	0.0000	0.0120	0.0251	0.0000				
16	124	0.0736	6	0	1	0	1	0	0	0	0	N	N	N	N	N	N	N	N	N	N	N	N	9.8068	3.3403	0.0000	8.3863	6.9326	0.0000	0.0000	0.0023	0.0026	0.0000	0.0259	0.0267	0.0000	0.0000	0.0000	0.0000	0.0002	0.0008	0.0000	0.0031	0.0038	0.0000	0.0000	0.0000	0.0000	0.0000	0.0019	-0.0000	-0.0000	1.0007	12.7386	1.0009	8.7370	0.0001	0.0001	0.0000	0.0001	0.0001	0.0000	0.0000	0.0000	0.0000	0.0000	0.0000	0.0000	0.0000	0.0000	0.0000	0.0000	0.0000	0.0000	0.0566	0.0495	0.0071	0.0050	0.0049	0.0001	0.0516	0.0446	0.0070	0.0266	0.0132	0.0134	0.0020	0.0017	0.0002	0.0246	0.0114	0.0132	9.9101	5.6253	0.0000	8.3863	7.5526	0.0000	0.0000	0.0000	0.0000	0.0002	0.0005	0.0000	0.0031	0.0035	0.0000	0.0000	0.0000	0.0000		
16	125	0.0583	5	0	1	0	1	0	0	0	0	N	N	N	N	N	N	N	N	N	N	N	N	3.6241	39.5308	12.8676	0.0113	0.0100	2.0200	2.5885	12.8849	0.0030	0.0016	0.0125	0.0000	0.0000	0.0000	0.0035	0.0019	0.0128	0.0008	0.0000	0.0010	0.0002	0.0003	0.0000	0.0017	0.0007	0.0010	1.1664	29.9722	0.0000	0.0000	1.0007	8.6431	1.0009	1.4782	0.0001	0.0001	0.0001	0.0000	0.0000	0.0000	0.0001	0.0001	0.0001	0.0000	0.0000	0.0000	0.0000	0.0000	0.0000	0.0000	0.0000	0.0000	0.0432	0.0377	0.0056	0.0057	0.0056	0.0001	0.0375	0.0320	0.0055	0.0125	0.0062	0.0063	0.0008	0.0007	0.0001	0.0117	0.0055	0.0062	5.9387	48.4409	12.8676	0.0113	0.0100	0.0000	6.5904	371.7085	12.8849	0.0005	0.0000	0.0010	0.0002	0.0003	0.0000	0.0005	0.0000	0.0010	
16	128	0.5748	14	1	1	0	1	0	0	0	0	N	N	N	N	N	N	N	N	N	N	N	N	0.0000	0.0000	0.0000	0.0000	0.0000	0.0000	0.0000	0.0000	0.0000	0.0000	0.0000	0.0000	0.0000	0.0000	0.0000	0.0000	0.0000	0.0000	0.0000	0.0000	1.0007	2.0107	1.0009	1.9995	0.0000	0.0000	0.0000	0.0000	0.0000	0.0000	0.0000	0.0000	0.0000	0.0000	0.0000	0.0000	0.0000	0.0000	0.0000	0.0000	0.0000	0.0000	0.0079	0.0071	0.0009	0.0028	0.0026	0.0002	0.0051	0.0044	0.0007	0.0033	0.0020	0.0012	0.0011	0.0010	0.0001	0.0022	0.0011	0.0011	0.0000	0.0000	0.0000	0.0000	0.0000	0.0000	0.0000	0.0000	0.0000	0.0000	0.0000	0.0000	0.0000	0.0000	0.0000	0.0000	0.0000	0.0000											
16	129	0.5626	13	1	1	0	1	0	0	0	0	N	N	N	N	N	N	N	N	N	N	N	N	0.0000	0.0000	0.0000	0.0000	0.0000	0.0000	0.0000	0.0000	0.0000	0.0000	0.0000	0.0000	0.0000	0.0000	0.0000	0.0000	0.0000	0.0000	0.0000	0.0000	0.0000	0.0000	0.0000	0.0000	-0.0000	1.0007	5.6459	1.0009	1.1399	0.0000	0.0000	0.0000	0.0000	0.0000	0.0000	0.0000	0.0000	0.0000	0.0000	0.0000	0.0000	0.0000	0.0000	0.0000	0.0000	0.0000	0.0000	0.0267	0.0241	0.0026	0.0114	0.0109	0.0005	0.0153	0.0132	0.0020	0.0064	0.0038	0.0026	0.0021	0.0019	0.0002	0.0043	0.0019	0.0023	0.0000	0.0000	0.0000	0.0000	0.0000	0.0000	0.0000	0.0000	0.0000	0.0000	0.0000	0.0000	0.0000	0.0000	0.0000	0.0000	0.0000	0.0000						
16	130	0.5323	12	0	0	0	1	0	0	0	0	N	N	N	N	N	N	N	N	N	N	N	N	0.0000	0.0000	0.0000	0.0000	0.0000	0.0000	0.0000	0.0000	0.0000	0.0000	0.0000	0.0000	0.0000	0.0000	0.0000	0.0000	0.0000	0.0000	0.8474	1.1317	0.0000	1.6579	1.6901	0.0001	0.0000	0.0002	0.0000	0.0001	0.0000	-0.0016	1.0007	11.6079	1.0009	5.3766	0.0000	0.0000	0.0000	0.0000	0.0000	0.0000	0.0000	0.0000	0.0000	0.0025	0.0025	0.0000	0.0025	0.0025	0.0000	0.0000	0.0000	0.0000	0.0577	0.0515	0.0063	0.0237	0.0224	0.0013	0.0340	0.0291	0.0049	0.0176	0.0107	0.0069	0.0060	0.0054	0.0006	0.0116	0.0053	0.0063	0.0000	0.0000	0.0000	0.0000	0.0000	0.0000	0.0000	0.0000	0.0000	0.1436	0.2367	0.0000	0.4192	0.4694	0.0001	0.0000	0.0000	0.0000	
16	131	0.5144	11	0	0	0	1	0	0	0	0	N	N	N	N	N	N	N	N	N	N	N	N	0.0367	0.0302	0.0000	0.1012	0.1032	0.0000	0.0000	0.0000	0.0000	0.0334	0.0372	0.0000	0.0871	0.0911	0.0000	0.0000	0.0000	0.0000	0.9090	1.2318	0.0037	0.8608	0.8825	0.0001	1.0544	2.0142	0.0037	0.0000	0.0058	-0.0002	-0.0022	1.0007	3.9355	1.0009	8.7078	0.0007	0.0007	0.0000	0.0007	0.0007	0.0000	0.0000	0.0000	0.0000	0.0036	0.0036	0.0000	0.0011	0.0011	0.0000	0.0025	0.0025	0.0000	0.0210	0.0188	0.0021	0.0080	0.0077	0.0004	0.0129	0.0111	0.0018	0.0179	0.0118	0.0061	0.0067	0.0062	0.0005	0.0112	0.0056	0.0056	0.1661	0.1224	0.0000	0.5425	0.5262	0.0000	0.0000	0.0000	0.0000	0.2012	0.3036	0.0034	0.1606	0.1732	0.0001	0.2256	0.4502	0.0037
16	132	0.5028	10	0	0	0	1	0	0	0	0	N	N	N	N	N	N	N	N	N	N	N	N	0.0807	0.0681	0.0000	4.2586	3.8351	0.0000	0.0377	0.0218	0.0000	0.0569	0.0634	0.0000	0.0950	0.0995	0.0000	0.0343	0.0397	0.0000	0.7050	0.9308	0.0073	0.0223	0.0259	0.0000	0.9104	1.8212	0.0067	0.0000	0.0232	-0.0005	-0.0007	1.0007	6.2657	1.0009	3.9760	0.0018	0.0018	0.0000	0.0011	0.0011	0.0000	0.0007	0.0007	0.0000	0.0012	0.0011	0.0000	0.0001	0.0001	0.0000	0.0011	0.0011	0.0000	0.0325	0.0292	0.0033	0.0121	0.0116	0.0005	0.0204	0.0176	0.0028	0.0143	0.0091	0.0052	0.0054	0.0049	0.0004	0.0089	0.0041	0.0048	0.7068	0.5106	0.0000	7.4107	7.1266	0.0000	0.2830	0.1554	0.0000	0.0805	0.1241	0.0050	0.0128	0.0140	0.0000	0.1212	0.2555	0.0054
16	133	0.4255	9	0	0	0	1	0	0	0	0	N	N	N	N	N	N	N	N	N	N	N	N	0.2286	0.0584	0.0000	0.0060	0.0055	0.0000	1.9953	0.0641	0.0000	0.0101	0.0114	0.0000	0.0003	0.0003	0.0000	0.0148	0.0170	0.0000	0.0444	0.1947	0.0004	0.0458	0.0529	0.0001	0.0074	0.2655	0.0004	0.0000	0.0177	-0.0003	-0.0003	1.0007	26.7012	1.0009	18.2690	0.0012	0.0012	0.0000	0.0000	0.0000	0.0000	0.0011	0.0011	0.0000	0.0004	0.0004	0.0000	0.0004	0.0004	0.0000	0.0001	0.0001	0.0000	0.1144	0.1020	0.0123	0.0364	0.0345	0.0019	0.0779	0.0675	0.0104	0.0547	0.0333	0.0214	0.0178	0.0161	0.0016	0.0370	0.0172	0.0198	1.2408	0.8622	0.0000	0.0128	0.0123	0.0000	8.0848	4.8973	0.0000	0.0082	0.0132	0.0004	0.0214	0.0236	0.0001	0.0018	0.0035	0.0004
16	134	0.1874	8	0	0	0	1	0	0	0	0	N	N	N	N	N	N	N	N	N	N	N	N	0.0020	0.0106	0.0000	0.0000	0.0000	0.0000	0.0013	0.0023	0.0000	0.0000	0.0000	0.0000	0.0000	0.0000	0.0000	0.0001	0.0001	0.0000	0.0220	0.0046	0.0202	0.0063	0.0079	0.0000	0.0408	0.0264	0.0167	0.0000	5.6244	-0.0000	0.0001	1.0007	61.4372	1.0009	55.8589	0.0000	0.0000	0.0000	0.0000	0.0000	0.0000	0.0000	0.0000	0.0000	0.0006	0.0001	0.0005	0.0001	0.0001	0.0000	0.0006	0.0000	0.0005	0.2290	0.2029	0.0261	0.0432	0.0408	0.0024	0.1858	0.1621	0.0238	0.1092	0.0572	0.0521	0.0112	0.0097	0.0015	0.0980	0.0475	0.0505	0.0075	0.0293	0.0000	0.0000	0.0000	0.0000	0.0091	0.0728	0.0000	0.0058	0.0017	0.0104	0.0050	0.0058	0.0000	0.0059	0.0008	0.0107
16	135	0.0970	7	0	0	0	1	0	0	0	0	N	N	N	N	N	N	N	N	N	N	N	N	0.0000	0.0000	0.0000	0.0001	0.0000	inf	0.0000	0.0000	0.0000	0.0000	0.0000	0.0000	0.0000	0.0000	0.0000	0.0000	0.0000	0.0000	0.0033	0.0002	0.0028	0.0011	0.0012	0.0000	0.0057	0.0004	0.0029	inf	11.3664	0.0000	0.0000	1.0007	31.7621	1.0009	18.5886	0.0000	0.0000	0.0000	0.0000	0.0000	0.0000	0.0000	0.0000	0.0000	0.0001	0.0000	0.0001	0.0000	0.0000	0.0000	0.0001	0.0000	0.0001	0.1234	0.1079	0.0155	0.0107	0.0101	0.0005	0.1127	0.0978	0.0150	0.0563	0.0302	0.0261	0.0059	0.0051	0.0008	0.0505	0.0251	0.0253	0.0000	0.0000	0.0000	0.0001	0.0000	inf	0.0000	0.0000	0.0000	0.0014	0.0002	0.0028	0.0011	0.0012	0.0000	0.0014	0.0000	0.0029
17	18	0.4375	13	0	2	0	1	0	0	0	0	N	Y	N	N	N	N	N	N	N	N	N	N	inf	inf	inf	inf	inf	inf	2.1127	2.3687	0.0000	0.0001	0.0001	0.0000	3.3958	3.9515	0.0000	0.0000	0.0000	0.0000	0.0000	0.0000	0.0000	0.0000	0.0000	0.0000	0.0000	-0.2596	0.0000	8.1476	12.7610	4.0573	15.2058	0.9039	0.9039	0.0000	0.0000	0.0000	0.0000	0.9039	0.9039	0.0000	0.0000	0.0000	0.0000	0.0000	0.0000	0.0000	0.0000	0.0000	0.0000	0.4279	0.3816	0.0462	0.1617	0.1529	0.0088	0.2662	0.2288	0.0374	0.1349	0.0763	0.0586	0.0294	0.0252	0.0042	0.1055	0.0512	0.0544	inf	inf	0.0000	inf	inf	0.0000	inf	inf	0.0000	0.0000	0.0000	0.0000	0.0000	0.0000	0.0000	0.0000	0.0000	0.0000				
17	19	0.4513	16	0	2	0	2	0	0	0	0	N	Y	N	Y	N	N	N	N	N	N	N	N	0.0000	0.0000	0.0000	0.0000	0.0000	0.0000	0.0000	0.0000	0.0000	0.0000	0.0000	0.0000	0.0000	0.0000	0.0000	0.0000	0.0000	0.0000	0.0000	0.0000	8.1476	3.0000	4.0573	1.0000	0.0000	0.0000	0.0000	0.0000	0.0000	0.0000	0.0000	0.0000	0.0000	0.0000	0.0000	0.0000	0.0000	0.0000	0.0000	0.0000	0.0000	0.0000	0.1000	0.0888	0.0111	0.0310	0.0289	0.0020	0.0690	0.0599	0.0091	0.0218	0.0124	0.0095	0.0045	0.0037	0.0007	0.0174	0.0086	0.0087	0.0000	0.0000	0.0000	0.0000	0.0000	0.0000	0.0000	0.0000	0.0000	0.0000	0.0000	0.0000	0.0000	0.0000	0.0000	0.0000	0.0000	0.0000											
17	20	0.8150	15	0	2	0	2	0	0	0	0	N	Y	N	Y	N	N	N	N	N	N	N	N	0.0000	0.0000	0.0000	0.0000	0.0000	0.0000	0.0000	0.0000	0.0000	0.0000	0.0000	0.0000	0.0000	0.2706	0.4831	0.0000	0.1960	0.2476	0.0000	0.0000	0.0000	0.0000	0.0000	0.0000	-0.0006	8.1476	9.0824	4.0573	4.8637	0.0000	0.0000	0.0000	0.0000	0.0000	0.0000	0.0000	0.0000	0.0000	0.0010	0.0010	0.0000	0.0010	0.0010	0.0000	0.0000	0.0000	0.0000	0.3094	0.2797	0.0297	0.1472	0.1385	0.0086	0.1623	0.1412	0.0211	0.0541	0.0329	0.0212	0.0204	0.0171	0.0033	0.0337	0.0158	0.0179	0.0000	0.0000	0.0000	0.0000	0.0000	0.0000	0.0000	0.0000	0.0000	0.0189	0.0310	0.0000	0.0501	0.0598	0.0000	0.0000	0.0000	0.0000						
17	21	0.4348	12	1	2	0	1	0	0	0	0	N	Y	N	N	N	N	N	N	N	N	N	N	0.1301	74.4156	0.0105	13.2884	103.3745	0.1225	0.0074	77.6028	0.0000	0.0274	0.0307	0.0011	0.0773	0.0823	0.0055	0.0023	0.0027	0.0000	0.2107	0.0004	0.1039	0.0058	0.0008	0.0446	0.3177	0.0000	0.0939	0.0044	86.5910	-0.0013	0.0004	8.1476	5.0072	4.0573	8.1033	0.0045	0.0045	0.0000	0.0043	0.0043	0.0000	0.0003	0.0003	0.0000	0.0012	0.0000	0.0012	0.0001	0.0000	0.0001	0.0011	0.0000	0.0011	0.1659	0.1476	0.0183	0.0555	0.0518	0.0037	0.1104	0.0958	0.0146	0.0769	0.0441	0.0328	0.0199	0.0176	0.0022	0.0570	0.0265	0.0306	1.7112	96.2000	0.0294	16.3249	103.3745	0.1508	0.1174	28575.8508	0.0000	0.0160	0.0003	0.0371	0.0047	0.0008	0.0362	0.0199	0.0000	0.0372
17	22	0.4033	12	0	2	0	1	0	0	0	0	N	Y	N	N	N	N	N	N	N	N	N	N	0.2647	0.1679	0.9901	0.0420	0.0240	2080.5442	0.3046	0.1728	0.0001	1.7424	1.9568	0.0002	0.0002	0.0001	0.0010	2.4700	2.8377	0.0000	6.5838	11.6578	0.0002	0.0042	0.0053	0.0000	8.1101	16.4216	0.0002	0.0000	0.0000	-0.2869	-0.6240	8.1476	17.0533	4.0573	10.0403	0.9991	0.9990	0.0000	0.0000	0.0000	0.0000	0.9990	0.9990	0.0000	0.9931	0.9931	0.0000	0.0001	0.0001	0.0000	0.9930	0.9929	0.0000	0.5734	0.5106	0.0628	0.1689	0.1585	0.0104	0.4045	0.3521	0.0524	0.1508	0.0852	0.0656	0.0284	0.0247	0.0037	0.1224	0.0605	0.0620	0.2647	0.1679	0.9901	0.0460	0.0284	2080.5442	0.3046	0.1728	0.0001	6.5838	11.6578	0.0002	0.0039	0.0044	0.0000	8.1101	16.4216	0.0002
17	25	0.5088	13	1	1	1	1	0	0	0	0	N	N	N	N	N	N	N	N	N	N	N	N	0.0346	14215.6979	0.0003	7360.7176	10908.0164	0.0000	0.0000	0.0004	0.0012	0.0013	0.0000	0.0026	0.0027	0.0000	0.0000	0.0000	0.0000	0.0338	0.0000	0.0346	0.0000	0.0000	0.0000	0.1050	0.0000	0.0346	0.0009	137300.6875	-0.0001	0.0001	8.1476	4.4994	4.0573	1.0731	0.0002	0.0002	0.0000	0.0002	0.0002	0.0000	0.0000	0.0000	0.0000	0.0002	0.0000	0.0002	0.0000	0.0000	0.0000	0.0002	0.0000	0.0002	0.1880	0.1702	0.0178	0.0854	0.0809	0.0045	0.1026	0.0893	0.0133	0.0306	0.0176	0.0130	0.0074	0.0064	0.0010	0.0232	0.0112	0.0120	0.1630	14215.6979	0.0007	7360.7176	10908.0164	0.0000	0.0002	0.0000	0.0008	0.0072	0.0000	0.0169	0.0000	0.0000	0.0000	0.0095	0.0000	0.0184	
17	26	0.3964	11	0	2	0	1	0	0	0	0	N	Y	N	N	N	N	N	N	N	N	N	N	74.3250	16.1308	0.0000	5516.9314	5029.4231	0.0004	0.0001	0.0000	2.3266	2.6151	0.0000	6.5199	7.0230	0.0000	0.0000	0.0000	0.0000	0.0313	0.1621	0.0001	0.0012	0.0014	0.0000	0.0913	0.7463	0.0001	0.0000	0.0072	-0.2866	-0.0005	8.1476	12.3098	4.0573	9.0087	0.9982	0.9982	0.0000	0.9982	0.9982	0.0000	0.0000	0.0000	0.0000	0.0008	0.0008	0.0000	0.0000	0.0000	0.0000	0.0008	0.0008	0.0000	0.4290	0.3817	0.0473	0.1531	0.1421	0.0110	0.2759	0.2396	0.0364	0.1170	0.0670	0.0500	0.0263	0.0222	0.0040	0.0907	0.0448	0.0459	333.3357	216.1953	0.0000	5516.9314	5029.4231	0.0000	0.0042	0.0024	0.0000	0.0070	0.0121	0.0001	0.0012	0.0014	0.0000	0.0087	0.0174	0.0001	
17	27	0.3732	10	0	2	0	1	0	0	0	0	N	Y	N	N	N	N	N	N	N	N	N	N	0.0172	0.0131	0.0468	0.0116	0.0551	0.0130	0.0202	0.0095	0.0001	0.0063	0.0070	0.0003	0.0002	0.0001	0.0017	0.0094	0.0109	0.0000	0.3652	0.5323	0.0070	0.0146	0.0013	0.1298	0.4671	1.1432	0.0003	0.0055	0.0853	-0.0015	-0.0032	8.1476	25.8727	4.0573	15.5187	0.0054	0.0054	0.0000	0.0000	0.0000	0.0000	0.0054	0.0054	0.0000	0.0058	0.0053	0.0005	0.0005	0.0001	0.0004	0.0053	0.0053	0.0000	0.8659	0.7739	0.0919	0.2961	0.2783	0.0178	0.5698	0.4956	0.0742	0.2330	0.1382	0.0949	0.0515	0.0459	0.0056	0.1815	0.0923	0.0893	0.2530	0.1811	0.0681	0.0178	0.0551	0.0222	0.3242	0.1904	0.0001	0.0248	0.0385	0.0048	0.0095	0.0013	0.0761	0.0291	0.0570	0.0003
17	28	0.4256	12	1	2	0	1	0	0	0	0	N	Y	N	N	N	N	N	N	N	N	N	N	4726.5142	7646.2660	0.0000	4145.6027	3767.7233	0.0000	2128.1776	8918.2919	0.0000	1.5561	1.7371	0.0000	2.0830	2.2004	0.0000	1.2499	1.4429	0.0000	0.0003	0.0002	0.0004	0.0005	0.0006	0.0000	0.0006	0.0002	0.0004	0.0000	1.4045	-0.5740	-0.0000	8.1476	38.1974	4.0573	14.3032	1.9990	1.9990	0.0000	0.9834	0.9834	0.0000	1.0155	1.0155	0.0000	0.0001	0.0000	0.0000	0.0000	0.0000	0.0000	0.0000	0.0000	0.0000	1.2846	1.1507	0.1339	0.4721	0.4469	0.0252	0.8125	0.7038	0.1087	0.2568	0.1458	0.1110	0.0596	0.0513	0.0084	0.1971	0.0945	0.1027	5538.8514	8439.5815	0.0000	4145.6027	3767.7233	0.0000	5842.8335	2715495.4290	0.0000	0.0003	0.0002	0.0004	0.0005	0.0006	0.0000	0.0002	0.0000	0.0004
17	29	0.4033	12	0	2	0	1	0	0	0	0	N	Y	N	N	N	N	N	N	N	N	N	N	0.0000	0.0000	0.0000	0.0000	0.0000	0.0000	0.0000	0.0000	0.0000	0.0000	0.0000	0.0000	0.0000	0.0000	0.0000	0.0000	1.1580	1.6037	0.0000	3.6831	3.8874	0.0000	0.0000	0.0000	0.0000	0.0000	0.0000	-0.0371	8.1476	6.0056	4.0573	10.9350	0.0000	0.0000	0.0000	0.0000	0.0000	0.0000	0.0000	0.0000	0.0000	0.0591	0.0591	0.0000	0.0591	0.0591	0.0000	0.0000	0.0000	0.0000	0.2451	0.2183	0.0268	0.0997	0.0924	0.0073	0.1454	0.1259	0.0196	0.0927	0.0533	0.0394	0.0208	0.0176	0.0032	0.0719	0.0358	0.0362	0.0000	0.0000	0.0000	0.0000	0.0000	0.0000	0.0000	0.0000	0.0000	0.6367	1.1070	0.0000	2.8372	3.3566	0.0000	0.0000	0.0000	0.0000			
17	30	0.3311	8	1	2	0	1	0	0	0	0	N	Y	N	N	N	N	N	N	N	N	N	N	0.0769	0.0000	0.9969	0.3552	0.0000	1.9199	0.0017	0.0000	0.0278	0.0003	0.0000	0.0029	0.0005	0.0000	0.0097	0.0000	0.0000	0.0001	0.0034	0.0011	0.0029	0.0015	0.0011	0.0051	0.0057	0.0037	0.0028	109274.3704	2.7086	0.0002	0.0000	8.1476	17.1852	4.0573	7.8386	0.0003	0.0000	0.0003	0.0003	0.0000	0.0003	0.0000	0.0000	0.0000	0.0003	0.0001	0.0002	0.0001	0.0001	0.0000	0.0002	0.0000	0.0002	1.1237	1.0231	0.1006	0.5618	0.5320	0.0298	0.5619	0.4912	0.0708	0.2297	0.1482	0.0815	0.0748	0.0689	0.0059	0.1549	0.0793	0.0756	0.1837	0.0000	0.9969	0.3552	0.0000	1.9199	0.0069	0.0000	0.0278	0.0014	0.0006	0.0029	0.0015	0.0011	0.0051	0.0014	0.0001	0.0028
17	31	0.5039	13	0	2	0	1	0	0	0	0	N	Y	N	N	N	N	N	N	N	N	N	N	0.0022	3765.2112	0.0038	102.1637	1268.5654	0.0000	0.0023	13.4362	0.0052	0.0009	0.0009	0.0015	0.0001	0.0001	0.0000	0.0014	0.0013	0.0018	0.4264	0.0000	0.3847	0.0000	0.0000	0.0000	0.5803	0.0001	0.3477	0.2086	238283.1316	-0.0000	0.0010	8.1476	9.9927	4.0573	7.0404	0.0003	0.0002	0.0000	0.0000	0.0000	0.0000	0.0003	0.0002	0.0000	0.0027	0.0000	0.0027	0.0000	0.0000	0.0000	0.0027	0.0000	0.0027	0.3150	0.2806	0.0344	0.1098	0.1030	0.0068	0.2052	0.1776	0.0275	0.0874	0.0503	0.0371	0.0211	0.0183	0.0028	0.0662	0.0320	0.0343	0.0296	3765.2112	0.0199	102.1637	1268.5654	0.0000	0.0332	4130.6453	0.0229	0.0311	0.0000	0.0732	0.0000	0.0000	0.0000	0.0410	0.0000	0.0792
17	32	0.4958	12	0	2	0	1	0	0	0	0	N	Y	N	N	N	N	N	N	N	N	N	N	0.0032	1.3667	0.0003	0.0589	0.0536	0.0017	inf	0.0004	0.0000	0.0000	0.0000	0.0000	0.0000	0.0000	0.0000	0.0000	0.0000	0.0009	0.0000	0.0013	0.0000	0.0000	0.0000	0.0025	0.0000	0.0014	0.0158	407.4865	-0.0000	0.0000	8.1476	3.8146	4.0573	0.9911	0.0000	0.0000	0.0000	0.0000	0.0000	0.0000	0.0000	0.0000	0.0000	0.0000	0.0000	0.0000	0.0000	0.0000	0.0000	0.0000	0.0000	0.0000	0.1341	0.1200	0.0142	0.0475	0.0449	0.0026	0.0867	0.0751	0.0116	0.0252	0.0144	0.0109	0.0059	0.0051	0.0008	0.0194	0.0093	0.0100	0.0053	1.3667	0.0003	0.0589	0.0536	0.0000	0.0061	inf	0.0004	0.0005	0.0000	0.0013	0.0000	0.0000	0.0000	0.0007	0.0000	0.0014	
17	33	0.4958	12	0	2	0	1	0	0	0	0	N	Y	N	N	N	N	N	N	N	N	N	N	inf	inf	inf	inf	inf	inf	1.3374	1.4998	0.0001	0.0000	0.0000	0.0000	2.0201	2.3280	0.0002	0.0000	0.0000	0.0000	0.0000	0.0000	0.0000	0.0000	0.0000	0.0000	0.0000	-0.2871	0.0000	8.1476	24.4476	4.0573	5.0002	0.9998	0.9998	0.0000	0.0000	0.0000	0.0000	0.9998	0.9998	0.0000	0.0000	0.0000	0.0000	0.0000	0.0000	0.0000	0.0000	0.0000	0.0000	0.7475	0.6666	0.0809	0.2526	0.2371	0.0155	0.4949	0.4295	0.0655	0.1469	0.0839	0.0630	0.0340	0.0293	0.0047	0.1128	0.0545	0.0583	inf	inf	inf	0.0000	0.0000	0.0000	inf	inf	inf	0.0000	0.0000	0.0000	0.0000	0.0000	0.0000	0.0000	0.0000	0.0000				
17	34	0.4717	10	0	2	1	2	0	0	0	0	N	Y	N	Y	N	N	N	N	N	N	N	N	15474087.3970	inf	0.0000	inf	inf	14439.9557	inf	0.0000	3.3134	3.4970	0.0000	4.6033	4.7041	0.0000	0.0032	0.0037	0.0000	0.0000	0.0000	0.0000	0.0000	0.0000	0.0000	0.0000	0.0000	0.0000	0.0000	inf	-0.0942	0.0000	8.1476	1.3124	4.0573	1.0060	0.3280	0.3280	0.0000	0.3279	0.3279	0.0000	0.0001	0.0001	0.0000	0.0000	0.0000	0.0000	0.0000	0.0000	0.0000	0.0000	0.0000	0.0000	0.0990	0.0938	0.0052	0.0712	0.0697	0.0015	0.0278	0.0241	0.0037	0.0145	0.0084	0.0061	0.0033	0.0031	0.0003	0.0111	0.0053	0.0058	15474087.3970	inf	0.0000	inf	inf	0.0000	14439.9557	inf	0.0000	0.0000	0.0000	0.0000	0.0000	0.0000	0.0000	0.0000	0.0000	0.0000	
17	35	0.3403	9	0	1	0	2	0	0	0	0	N	N	N	Y	N	N	N	N	N	N	N	N	338.7860	581.7521	2.3456	791.8016	797.4275	15.1794	3.1232	inf	0.1074	0.5462	0.6081	0.0027	1.5707	1.6726	0.0126	0.0062	0.0070	0.0001	0.0016	0.0010	0.0012	0.0020	0.0021	0.0008	0.0020	0.0000	0.0012	0.0005	1.5423	-0.2844	-0.0000	8.1476	53.2438	4.0573	16.6757	0.9923	0.9918	0.0005	0.9850	0.9845	0.0005	0.0073	0.0073	0.0000	0.0003	0.0001	0.0002	0.0001	0.0001	0.0000	0.0002	0.0000	0.0002	1.8168	1.6310	0.1858	0.6271	0.5886	0.0385	1.1897	1.0424	0.1473	0.3680	0.2075	0.1605	0.0628	0.0571	0.0056	0.3053	0.1503	0.1549	659.6345	1052.5913	2.3456	791.8016	797.4275	15.1794	10.4358	inf	0.1074	0.0008	0.0006	0.0012	0.0020	0.0021	0.0008	0.0006	0.0000	0.0012
17	36	0.3717	11	0	2	0	1	0	0	0	0	N	Y	N	N	N	N	N	N	N	N	N	N	74.0676	17.5346	1.3845	0.0044	0.0015	0.5031	9365.0469	298879.2392	0.0005	1.5093	1.6810	0.0007	0.0003	0.0001	0.0030	2.5227	2.9006	0.0000	0.0204	0.0959	0.0005	0.0661	0.0789	0.0060	0.0003	0.0000	0.0002	0.0000	0.0422	-0.2977	-0.0005	8.1476	17.9460	4.0573	11.6991	1.0371	1.0371	0.0000	0.0001	0.0000	0.0000	1.0371	1.0371	0.0000	0.0009	0.0008	0.0000	0.0009	0.0008	0.0000	0.0000	0.0000	0.0000	0.6871	0.6169	0.0702	0.2761	0.2594	0.0167	0.4111	0.3575	0.0536	0.1606	0.0908	0.0698	0.0304	0.0267	0.0038	0.1301	0.0641	0.0660	273.9372	179.7464	1.3845	0.0101	0.0036	0.5031	24727.7275	123981577.5044	0.0005	0.0055	0.0094	0.0005	0.0286	0.0319	0.0060	0.0001	0.0000	0.0002
17	37	0.8272	16	1	2	0	1	0	0	0	0	N	Y	N	N	N	N	N	N	N	N	N	N	0.0000	0.0000	0.0000	0.0000	0.0000	0.0000	0.0000	0.0000	0.0000	0.0000	0.0000	0.0000	0.0000	0.0000	0.0000	0.0000	0.0000	0.0000	0.0000	0.0000	8.1476	1.9903	4.0573	0.0021	0.0000	0.0000	0.0000	0.0000	0.0000	0.0000	0.0000	0.0000	0.0000	0.0000	0.0000	0.0000	0.0000	0.0000	0.0000	0.0000	0.0000	0.0000	0.0616	0.0553	0.0062	0.0283	0.0266	0.0017	0.0332	0.0287	0.0045	0.0073	0.0044	0.0029	0.0029	0.0024	0.0005	0.0044	0.0020	0.0024	0.0000	0.0000	0.0000	0.0000	0.0000	0.0000	0.0000	0.0000	0.0000	0.0000	0.0000	0.0000	0.0000	0.0000	0.0000	0.0000	0.0000	0.0000											
17	38	0.3403	9	0	2	0	2	0	0	0	0	N	Y	N	Y	N	N	N	N	N	N	N	N	333.7642	491.3733	608.9429	715.5834	720.2747	0.1047	55.7798	28.6473	764.7471	0.6300	0.6090	0.8159	1.5204	1.6198	0.0001	0.1362	0.0080	1.0393	0.0019	0.0012	0.0013	0.0021	0.0022	0.0008	0.0024	0.0003	0.0014	0.1519	1.6098	-0.1593	-0.0000	8.1476	45.5232	4.0573	15.8903	1.0262	0.8909	0.1353	0.8836	0.8836	0.0000	0.1427	0.0073	0.1353	0.0003	0.0001	0.0002	0.0001	0.0001	0.0000	0.0002	0.0000	0.0002	1.6289	1.4630	0.1659	0.5812	0.5455	0.0357	1.0477	0.9175	0.1302	0.3335	0.1887	0.1448	0.0586	0.0535	0.0051	0.2749	0.1352	0.1397	668.1738	953.8213	608.9429	715.5834	720.2747	0.1047	197.0074	7989.4688	764.7471	0.0009	0.0006	0.0013	0.0021	0.0022	0.0008	0.0007	0.0000	0.0014
17	39	0.3132	8	0	1	0	2	0	0	0	0	N	N	N	Y	N	N	N	N	N	N	N	N	34.8274	29.7386	2.1686	48.0727	63.7411	0.4556	0.0468	0.0022	0.8475	0.3298	0.3670	0.0061	0.8626	0.9215	0.0205	0.0002	0.0000	0.0015	0.0095	0.0123	0.0028	0.0179	0.0145	0.0450	0.0048	0.0177	0.0018	0.0019	0.6071	-0.0571	-0.0001	8.1476	13.8166	4.0573	4.5847	0.2003	0.1999	0.0004	0.2002	0.1999	0.0003	0.0001	0.0000	0.0001	0.0004	0.0002	0.0001	0.0003	0.0002	0.0001	0.0001	0.0000	0.0001	0.6075	0.5447	0.0627	0.2321	0.2170	0.0152	0.3753	0.3278	0.0476	0.1246	0.0715	0.0530	0.0252	0.0236	0.0016	0.0994	0.0479	0.0514	104.0652	106.8976	2.1686	79.3757	100.9817	0.5606	0.1835	0.0616	0.8475	0.0032	0.0034	0.0028	0.0109	0.0091	0.0366	0.0012	0.0006	0.0018
17	40	0.3454	8	0	1	1	1	0	0	0	0	N	N	N	N	N	N	N	N	N	N	N	N	2.2961	2.1321	7.8435	11.3862	2.3758	16.4965	0.1168	0.0001	1.1788	0.0002	0.0000	0.0018	0.0006	0.0001	0.0079	0.0000	0.0000	0.0003	0.0001	0.0000	0.0002	0.0001	0.0000	0.0005	0.0003	0.0003	0.0002	10.5195	14.8477	0.0001	0.0000	8.1476	12.6411	4.0573	7.4648	0.0001	0.0000	0.0001	0.0001	0.0000	0.0001	0.0000	0.0000	0.0000	0.0000	0.0000	0.0000	0.0000	0.0000	0.0000	0.0000	0.0000	0.0000	0.4707	0.4167	0.0541	0.1521	0.1415	0.0106	0.3187	0.2752	0.0435	0.1335	0.0797	0.0537	0.0302	0.0284	0.0018	0.1033	0.0513	0.0519	2.2961	2.1321	7.8435	11.3862	2.3758	16.4965	0.3189	0.0353	1.1788	0.0001	0.0000	0.0002	0.0001	0.0000	0.0005	0.0001	0.0000	0.0002
17	41	0.8148	14	0	2	0	1	0	0	0	0	N	Y	N	N	N	N	N	N	N	N	N	N	11.3674	5.1514	0.0000	58.6788	49.4028	0.0000	0.6279	11.1758	0.0000	1.5170	1.6973	0.0000	3.8746	4.1375	0.0000	0.0051	0.0058	0.0000	0.1335	0.3295	0.0031	0.0660	0.0838	0.0013	0.0081	0.0005	0.0033	0.0000	0.1054	-0.2883	-0.0010	8.1476	22.0894	4.0573	9.3639	1.0041	1.0041	0.0000	1.0020	1.0020	0.0000	0.0020	0.0020	0.0000	0.0018	0.0016	0.0002	0.0016	0.0016	0.0000	0.0002	0.0000	0.0002	0.6619	0.5915	0.0703	0.2586	0.2422	0.0164	0.4033	0.3494	0.0539	0.1415	0.0852	0.0563	0.0569	0.0490	0.0080	0.0845	0.0362	0.0483	119.8770	89.2999	0.0000	135.4077	125.1004	0.0000	2.6604	2107.4210	0.0000	0.0127	0.0190	0.0030	0.0286	0.0331	0.0013	0.0019	0.0000	0.0033
17	42	0.3132	8	0	2	0	1	0	0	0	0	N	Y	N	N	N	N	N	N	N	N	N	N	0.2272	3137.3172	0.0000	1678.9829	11238.0715	0.0000	0.0001	0.0470	0.0000	0.6919	0.7752	0.0000	2.2633	2.4230	0.0000	0.0002	0.0003	0.0000	3.0451	0.0002	11.9700	0.0013	0.0002	0.0122	3.6057	0.0056	13.4461	0.0000	24925.4590	-0.2867	0.3698	8.1476	43.3975	4.0573	17.3745	0.9985	0.9985	0.0000	0.9983	0.9983	0.0000	0.0002	0.0002	0.0000	0.9951	0.0000	0.9950	0.0001	0.0000	0.0001	0.9950	0.0000	0.9950	1.4430	1.2880	0.1550	0.4411	0.4120	0.0291	1.0019	0.8761	0.1259	0.3268	0.1823	0.1445	0.0508	0.0460	0.0048	0.2760	0.1363	0.1397	0.2272	3540.5048	0.0000	1678.9829	11238.0715	0.0000	0.0001	1.1929	0.0000	3.0451	0.0002	6.8883	0.0013	0.0002	0.0122	3.6057	0.0002	7.1238
17	43	0.7449	13	1	1	1	1	0	0	0	0	N	N	N	N	N	N	N	N	N	N	N	N	33.9544	23.8042	0.0000	27.2648	25.0881	0.0753	0.0003	0.0000	0.0000	0.0000	0.0000	0.0001	0.0001	0.0000	0.0000	0.0000	0.0000	0.0000	0.0000	0.0000	0.0000	0.0000	0.0000	0.0000	0.0000	0.0000	0.0000	0.0468	-0.0000	-0.0000	8.1476	18.2331	4.0573	4.4208	0.0000	0.0000	0.0000	0.0000	0.0000	0.0000	0.0000	0.0000	0.0000	0.0000	0.0000	0.0000	0.0000	0.0000	0.0000	0.0000	0.0000	0.0000	0.6141	0.5526	0.0615	0.3135	0.2926	0.0209	0.3006	0.2600	0.0407	0.0958	0.0577	0.0380	0.0367	0.0315	0.0052	0.0591	0.0262	0.0328	33.9544	23.8042	0.0000	27.2648	25.0881	0.0000	0.0753	0.1160	0.0000	0.0000	0.0000	0.0000	0.0000	0.0000	0.0000	0.0000	0.0000	0.0000	
17	44	0.8047	13	0	2	0	2	0	0	0	0	N	Y	N	Y	N	N	N	N	N	N	N	N	0.1847	0.1248	0.0000	0.1580	0.1427	0.0000	0.0029	2.4835	0.0000	0.5371	0.5957	0.0000	1.1812	1.2616	0.0000	0.0013	0.0015	0.0000	2.9073	4.7751	0.1554	7.4741	8.8400	0.0160	0.4588	0.0006	0.1608	0.0000	0.0064	-0.2866	-0.6212	8.1476	62.5878	4.0573	29.9840	0.9983	0.9983	0.0000	0.9969	0.9969	0.0000	0.0013	0.0013	0.0000	0.9987	0.9924	0.0063	0.9927	0.9924	0.0003	0.0060	0.0000	0.0060	1.8588	1.6758	0.1830	0.8440	0.7902	0.0538	1.0148	0.8855	0.1292	0.3435	0.2078	0.1357	0.1328	0.1123	0.0206	0.2107	0.0956	0.1151	0.1847	0.1248	0.0001	0.1580	0.1427	0.0000	0.0463	408.9265	0.0001	2.9073	4.7751	0.0467	7.4741	8.8400	0.0160	0.0285	0.0000	0.0522
17	45	0.7449	13	1	1	1	1	0	0	0	0	N	N	N	N	N	N	N	N	N	N	N	N	31.4750	22.1182	0.0000	24.6959	22.8839	0.0756	0.0003	0.0000	0.0000	0.0000	0.0000	0.0001	0.0001	0.0000	0.0000	0.0000	0.0000	0.0000	0.0000	0.0000	0.0000	0.0000	0.0000	0.0000	0.0000	0.0000	0.0000	0.0442	-0.0000	-0.0000	8.1476	13.5293	4.0573	3.1702	0.0000	0.0000	0.0000	0.0000	0.0000	0.0000	0.0000	0.0000	0.0000	0.0000	0.0000	0.0000	0.0000	0.0000	0.0000	0.0000	0.0000	0.0000	0.4801	0.4321	0.0480	0.2522	0.2350	0.0172	0.2279	0.1971	0.0308	0.0732	0.0444	0.0289	0.0283	0.0244	0.0039	0.0449	0.0199	0.0250	31.4750	22.1182	0.0000	24.6959	22.8839	0.0000	0.0756	0.1163	0.0000	0.0000	0.0000	0.0000	0.0000	0.0000	0.0000	0.0000	0.0000	0.0000	
17	46	0.7405	12	1	1	1	1	0	0	0	0	N	N	N	N	N	N	N	N	N	N	N	N	0.0062	0.0058	0.0131	0.0114	0.0110	inf	0.0007	0.2115	0.0057	0.0040	0.0042	0.0019	0.0064	0.0066	0.0032	0.0003	0.0003	0.0009	0.6327	0.7232	0.1446	0.5600	0.5994	0.0000	0.4481	0.0012	0.1503	0.0465	0.3490	-0.0002	-0.0008	8.1476	4.1147	4.0573	1.2946	0.0009	0.0009	0.0000	0.0009	0.0008	0.0000	0.0000	0.0000	0.0000	0.0020	0.0015	0.0005	0.0015	0.0015	0.0000	0.0005	0.0000	0.0005	0.2277	0.2067	0.0210	0.1368	0.1273	0.0095	0.0909	0.0793	0.0116	0.0338	0.0217	0.0121	0.0145	0.0130	0.0015	0.0193	0.0087	0.0106	0.0651	0.0594	0.0433	0.0606	0.0564	inf	0.0120	16.4634	0.0172	0.0607	0.0700	0.0439	0.1049	0.1169	0.0000	0.0275	0.0000	0.0501
17	47	0.6778	11	1	1	0	1	0	0	0	0	N	N	N	N	N	N	N	N	N	N	N	N	36.8373	0.1814	887.4439	157.8461	0.2957	518695.5847	0.2433	4.3303	0.0776	1.2930	0.0076	12.9069	2.8697	0.0065	46.7116	0.0076	0.0086	0.0011	0.0351	0.0420	0.0145	0.0182	0.0219	0.0001	0.0314	0.0020	0.0138	187.5615	0.6345	0.7094	-0.0004	8.1476	22.0103	4.0573	13.6452	1.0025	0.0053	0.9972	0.9993	0.0021	0.9972	0.0033	0.0032	0.0001	0.0017	0.0010	0.0006	0.0010	0.0010	0.0000	0.0006	0.0000	0.0006	0.7754	0.6981	0.0773	0.3482	0.3269	0.0213	0.4272	0.3712	0.0559	0.2273	0.1478	0.0795	0.0920	0.0816	0.0104	0.1352	0.0661	0.0691	176.7418	1.1063	1590.0665	260.2049	0.5214	518695.5847	1.5935	186.1867	0.1150	0.0073	0.0069	0.0081	0.0110	0.0124	0.0001	0.0048	0.0000	0.0093
17	48	0.3454	8	0	2	0	1	0	0	0	0	N	Y	N	N	N	N	N	N	N	N	N	N	117.0068	3742.2599	1.7745	3991.2690	4046.0718	inf	0.1215	inf	1.1874	0.0112	0.0126	0.0004	0.0345	0.0370	0.0009	0.0000	0.0000	0.0003	0.0001	0.0000	0.0002	0.0000	0.0000	0.0000	0.0003	0.0000	0.0002	0.0043	46.1332	-0.0015	0.0000	8.1476	12.3962	4.0573	3.7178	0.0052	0.0052	0.0000	0.0052	0.0052	0.0000	0.0000	0.0000	0.0000	0.0000	0.0000	0.0000	0.0000	0.0000	0.0000	0.0000	0.0000	0.0000	0.4681	0.4143	0.0538	0.1514	0.1409	0.0105	0.3167	0.2734	0.0433	0.1125	0.0678	0.0446	0.0264	0.0249	0.0015	0.0861	0.0429	0.0432	117.0068	3742.2599	1.7745	3991.2690	4046.0718	inf	0.3280	inf	1.1874	0.0001	0.0000	0.0002	0.0000	0.0000	0.0000	0.0001	0.0000	0.0002
17	49	0.3165	7	0	1	0	1	0	0	0	0	N	N	N	N	N	N	N	N	N	N	N	N	1.7807	4.4031	1.6989	5.7718	5.4151	59.4799	0.0235	0.0218	0.2608	0.0019	0.0020	0.0017	0.0049	0.0048	0.0063	0.0000	0.0000	0.0003	0.0011	0.0004	0.0010	0.0008	0.0009	0.0001	0.0018	0.0003	0.0010	0.1075	2.1986	-0.0003	0.0000	8.1476	14.4870	4.0573	5.8627	0.0013	0.0012	0.0001	0.0013	0.0012	0.0001	0.0000	0.0000	0.0000	0.0001	0.0000	0.0001	0.0000	0.0000	0.0000	0.0001	0.0000	0.0001	0.6840	0.6095	0.0746	0.2691	0.2511	0.0181	0.4149	0.3584	0.0565	0.1457	0.0843	0.0614	0.0338	0.0322	0.0016	0.1119	0.0521	0.0598	3.1122	5.8368	1.6989	5.7718	5.4151	59.4799	0.0771	5.4044	0.2608	0.0006	0.0003	0.0010	0.0008	0.0009	0.0001	0.0006	0.0000	0.0010
17	50	0.5146	14	1	2	1	1	0	0	0	0	N	Y	N	N	N	N	N	N	N	N	N	N	0.0000	0.0000	0.0000	0.0000	0.0000	0.0000	0.0000	0.0000	0.0000	0.0000	0.0000	0.0000	0.0000	0.0000	0.0000	0.0000	0.0000	0.0000	0.0000	0.0000	8.1476	0.9856	4.0573	2.8295	0.0000	0.0000	0.0000	0.0000	0.0000	0.0000	0.0000	0.0000	0.0000	0.0000	0.0000	0.0000	0.0000	0.0000	0.0000	0.0000	0.0000	0.0000	0.0319	0.0284	0.0034	0.0107	0.0101	0.0006	0.0211	0.0183	0.0028	0.0199	0.0112	0.0087	0.0047	0.0040	0.0007	0.0152	0.0073	0.0079	0.0000	0.0000	0.0000	0.0000	0.0000	0.0000	0.0000	0.0000	0.0000	0.0000	0.0000	0.0000	0.0000	0.0000	0.0000	0.0000	0.0000	0.0000											
17	51	0.7846	14	1	2	0	1	0	0	0	0	N	Y	N	N	N	N	N	N	N	N	N	N	0.0000	0.0000	0.0000	0.0000	0.0000	0.0000	0.0000	0.0000	0.0000	0.0000	0.0000	0.0000	0.0000	0.0000	0.0000	0.0000	0.0000	0.0000	0.0002	0.0000	0.0005	0.0001	0.0000	0.0012	0.0005	0.0000	0.0003	1296.0500	0.0000	0.0000	8.1476	13.3057	4.0573	8.6321	0.0000	0.0000	0.0000	0.0000	0.0000	0.0000	0.0000	0.0000	0.0000	0.0000	0.0000	0.0000	0.0000	0.0000	0.0000	0.0000	0.0000	0.0000	0.4939	0.4471	0.0469	0.2440	0.2286	0.0153	0.2500	0.2184	0.0316	0.1047	0.0645	0.0402	0.0406	0.0355	0.0050	0.0641	0.0290	0.0352	0.0000	0.0000	0.0000	0.0000	0.0000	0.0000	0.0000	0.0000	0.0000	0.0002	0.0000	0.0005	0.0001	0.0000	0.0012	0.0002	0.0000	0.0003	
17	52	0.0493	2	0	2	0	2	0	0	0	0	N	Y	N	Y	N	N	N	N	N	N	N	N	3.5129	0.0028	197.3618	0.0045	0.0044	0.0000	29.6049	0.0000	196.5104	0.1202	0.0004	0.4735	0.0015	0.0015	0.0000	0.1522	0.0000	0.4742	0.0342	0.1552	0.0024	0.3448	0.3540	0.0002	0.0051	0.0001	0.0024	366.6563	0.1948	0.0130	-0.0001	8.1476	2.1073	4.0573	0.0711	0.0183	0.0000	0.0183	0.0000	0.0000	0.0000	0.0183	0.0000	0.0183	0.0002	0.0002	0.0000	0.0002	0.0002	0.0000	0.0000	0.0000	0.0000	0.1526	0.1140	0.0386	0.0324	0.0324	0.0001	0.1202	0.0816	0.0386	0.0257	0.0131	0.0126	0.0022	0.0021	0.0001	0.0236	0.0110	0.0126	16.6295	0.0368	197.3618	0.0215	0.0207	0.0000	118.3408	0.0000	196.5104	0.0072	0.0119	0.0024	0.0717	0.0743	0.0002	0.0013	0.0000	0.0024
17	54	0.8971	16	0	2	0	2	0	0	0	0	N	Y	N	Y	N	N	N	N	N	N	N	N	0.0000	0.0000	0.0000	0.0000	0.0000	0.0000	0.0000	0.0000	0.0000	0.0000	0.0000	0.0000	0.0000	0.0000	0.0000	0.0000	0.0000	0.0000	0.0000	0.0000	8.1476	0.0000	4.0573	0.0000	0.0000	0.0000	0.0000	0.0000	0.0000	0.0000	0.0000	0.0000	0.0000	0.0000	0.0000	0.0000	0.0000	0.0000	0.0000	0.0000	0.0000	0.0000	0.0000	0.0000	0.0000	0.0000	0.0000	0.0000	0.0000	0.0000	0.0000	0.0000	0.0000	0.0000	0.0000	0.0000	0.0000	0.0000	0.0000	0.0000	0.0000	0.0000	0.0000	0.0000	0.0000	0.0000	0.0000	0.0000	0.0000	0.0000	0.0000	0.0000	0.0000	0.0000	0.0000	0.0000	0.0000	0.0000											
17	55	0.1117	3	0	1	0	2	0	0	0	0	N	N	N	Y	N	N	N	N	N	N	N	N	4.8758	1.1918	0.0000	11.0125	11.0090	0.0000	0.0000	0.0000	0.1367	0.1552	0.0000	0.8979	0.9190	0.0000	0.0000	0.0000	0.0000	0.0280	0.1302	0.0000	0.0815	0.0835	0.0012	0.0000	0.0000	0.0000	0.0000	0.0020	-0.0024	-0.0001	8.1476	1.2825	4.0573	0.1503	0.0084	0.0084	0.0000	0.0084	0.0084	0.0000	0.0000	0.0000	0.0000	0.0001	0.0001	0.0000	0.0001	0.0001	0.0000	0.0000	0.0000	0.0000	0.0617	0.0543	0.0073	0.0094	0.0092	0.0002	0.0523	0.0452	0.0071	0.0163	0.0097	0.0066	0.0034	0.0033	0.0001	0.0129	0.0064	0.0065	20.5074	13.9058	0.0000	28.2837	27.9947	0.0000	0.0000	0.0000	0.0000	0.0067	0.0112	0.0000	0.0317	0.0328	0.0012	0.0000	0.0000	0.0000	
17	59	0.8971	16	0	1	0	2	0	0	0	0	N	N	N	Y	N	N	N	N	N	N	N	N	0.0000	0.0000	0.0000	0.0000	0.0000	0.0000	0.0000	0.0000	0.0000	0.0000	0.0000	0.0000	0.0000	0.0000	0.0000	0.0000	0.0000	0.0000	0.0000	0.0000	8.1476	0.0000	4.0573	0.0000	0.0000	0.0000	0.0000	0.0000	0.0000	0.0000	0.0000	0.0000	0.0000	0.0000	0.0000	0.0000	0.0000	0.0000	0.0000	0.0000	0.0000	0.0000	0.0000	0.0000	0.0000	0.0000	0.0000	0.0000	0.0000	0.0000	0.0000	0.0000	0.0000	0.0000	0.0000	0.0000	0.0000	0.0000	0.0000	0.0000	0.0000	0.0000	0.0000	0.0000	0.0000	0.0000	0.0000	0.0000	0.0000	0.0000	0.0000	0.0000	0.0000	0.0000	0.0000	0.0000	0.0000	0.0000											
17	60	0.8197	15	0	1	0	2	0	0	0	0	N	N	N	Y	N	N	N	N	N	N	N	N	9.1334	5.2684	0.0000	54.2914	43.8162	0.0000	0.2943	2.0179	0.0000	1.8577	2.0695	0.0000	4.6858	4.9780	0.0000	0.0020	0.0023	0.0000	0.2034	0.3928	0.0028	0.0863	0.1136	0.0011	0.0068	0.0011	0.0032	0.0000	0.0705	-0.2871	-0.0010	8.1476	19.3360	4.0573	7.9957	1.0000	1.0000	0.0000	0.9993	0.9993	0.0000	0.0006	0.0006	0.0000	0.0018	0.0017	0.0001	0.0017	0.0017	0.0000	0.0001	0.0000	0.0001	0.5383	0.4832	0.0551	0.2133	0.2008	0.0125	0.3250	0.2824	0.0426	0.1156	0.0722	0.0434	0.0519	0.0431	0.0089	0.0637	0.0291	0.0346	118.1433	87.9522	0.0000	142.4764	126.2869	0.0000	1.1543	169.2631	0.0000	0.0157	0.0235	0.0028	0.0329	0.0394	0.0011	0.0017	0.0000	0.0032
17	61	0.5096	13	0	2	1	1	0	0	0	0	N	Y	N	N	N	N	N	N	N	N	N	N	11.6206	8.5571	0.0000	6702.2162	6187.7264	0.0000	6.6355	3.2486	0.0000	4.4544	5.0012	0.0000	6.1876	6.5804	0.0000	3.5094	4.0637	0.0000	0.3833	0.5845	0.0002	0.0009	0.0011	0.0000	0.5289	1.2509	0.0002	0.0000	0.0030	-0.5831	-0.0022	8.1476	14.2360	4.0573	11.9336	2.0306	2.0306	0.0000	0.9953	0.9953	0.0000	1.0353	1.0353	0.0000	0.0035	0.0035	0.0000	0.0000	0.0000	0.0000	0.0035	0.0035	0.0000	0.4559	0.4060	0.0498	0.1609	0.1513	0.0096	0.2950	0.2548	0.0402	0.1328	0.0761	0.0567	0.0327	0.0284	0.0043	0.1001	0.0478	0.0523	167.5330	108.1640	0.0000	6702.2162	6187.7264	0.0000	100.3732	55.6345	0.0000	0.0266	0.0462	0.0002	0.0009	0.0011	0.0000	0.0350	0.0730	0.0002
17	62	0.4375	13	1	1	1	1	0	0	0	0	N	N	N	N	N	N	N	N	N	N	N	N	11810.2902	169632.0490	0.0000	307506.0090	278316.5209	179.4392	25.4769	0.0000	0.1122	0.1256	0.0000	0.3041	0.3222	0.0000	0.0037	0.0042	0.0000	0.0000	0.0000	0.0000	0.0000	0.0000	0.0000	0.0000	0.0002	0.0000	0.0000	21.7537	-0.0281	0.0000	8.1476	28.8660	4.0573	13.2209	0.0979	0.0979	0.0000	0.0959	0.0959	0.0000	0.0020	0.0020	0.0000	0.0000	0.0000	0.0000	0.0000	0.0000	0.0000	0.0000	0.0000	0.0000	0.8724	0.7793	0.0930	0.3153	0.2975	0.0177	0.5571	0.4818	0.0753	0.1944	0.1096	0.0848	0.0417	0.0356	0.0061	0.1527	0.0740	0.0787	11810.2902	169632.0490	0.0000	307506.0090	278316.5209	0.0000	309.6059	7837.0343	0.0000	0.0000	0.0000	0.0000	0.0000	0.0000	0.0000	0.0000	0.0000	0.0000	
17	63	0.4348	12	1	2	0	1	0	0	0	0	N	Y	N	N	N	N	N	N	N	N	N	N	28.9485	0.4497	529.6909	0.0638	0.0311	0.1210	29.0303	8.5299	735.7809	5.9808	0.0002	54.2324	0.0004	0.0000	0.0054	8.9859	0.0003	67.7716	0.2066	0.0005	0.1024	0.0060	0.0009	0.0450	0.3095	0.0000	0.0921	31710.8614	77.0990	0.7094	0.0004	8.1476	5.0237	4.0573	8.0282	0.9952	0.0000	0.9952	0.0000	0.0000	0.0000	0.9952	0.0000	0.9952	0.0012	0.0000	0.0012	0.0001	0.0000	0.0001	0.0011	0.0000	0.0011	0.1664	0.1480	0.0184	0.0557	0.0520	0.0037	0.1107	0.0961	0.0147	0.0766	0.0439	0.0327	0.0198	0.0176	0.0022	0.0568	0.0263	0.0305	377.0020	0.5986	1476.6129	0.0793	0.0311	0.1488	456.1374	3285.4723	1844.8425	0.0159	0.0004	0.0367	0.0049	0.0009	0.0366	0.0197	0.0000	0.0367
17	64	0.3717	11	1	2	0	1	0	0	0	0	N	Y	N	N	N	N	N	N	N	N	N	N	0.0121	0.2351	0.0034	0.0067	0.0058	0.1342	0.0164	2.8628	0.0038	0.0623	0.0622	0.0624	0.0013	0.0012	0.0030	0.1035	0.1069	0.0810	5.1438	0.2647	18.5750	0.1897	0.2003	0.0226	6.3159	0.0374	21.5316	0.1139	561.2260	-0.0078	0.3693	8.1476	17.5893	4.0573	19.0270	0.0421	0.0378	0.0043	0.0003	0.0003	0.0000	0.0418	0.0375	0.0043	0.9985	0.0018	0.9967	0.0018	0.0017	0.0001	0.9967	0.0001	0.9966	0.6765	0.6074	0.0690	0.2731	0.2566	0.0165	0.4034	0.3508	0.0526	0.1941	0.1095	0.0847	0.0363	0.0317	0.0046	0.1578	0.0778	0.0800	0.0121	3.8363	0.0053	0.0258	0.0218	0.1369	0.0164	104.1625	0.0065	5.1438	0.0162	11.7733	0.0495	0.0535	0.0222	6.3159	0.0010	12.4505
17	65	0.3654	10	0	2	0	1	0	0	0	0	N	Y	N	N	N	N	N	N	N	N	N	N	30.1172	1015.4274	0.0621	0.2977	3.7070	0.0973	41.6136	101.3490	0.0067	12.9984	14.4954	0.0357	0.0312	0.0223	0.1900	20.0575	23.0810	0.0016	0.4316	0.0143	0.5740	0.1048	0.0060	1.9523	0.4820	0.2277	0.2432	0.0003	11.3067	-0.2724	0.0004	8.1476	1.7566	4.0573	2.8742	0.9495	0.9492	0.0003	0.0008	0.0005	0.0003	0.9487	0.9487	0.0000	0.0013	0.0001	0.0012	0.0005	0.0001	0.0004	0.0009	0.0000	0.0008	0.0730	0.0655	0.0076	0.0257	0.0244	0.0014	0.0473	0.0411	0.0062	0.0412	0.0282	0.0130	0.0126	0.0118	0.0009	0.0286	0.0164	0.0122	408.0235	3830.3752	0.3851	0.8580	4.6245	0.4077	671.5443	7588.3166	0.0248	0.0319	0.0038	0.0926	0.0364	0.0048	0.4660	0.0299	0.0030	0.0661
17	66	0.5096	13	0	2	0	1	0	0	0	0	N	Y	N	N	N	N	N	N	N	N	N	N	320.5219	280.6707	0.0000	9.5985	8.8558	405.5012	319.8864	0.0000	0.0625	0.0701	0.0000	0.0050	0.0053	0.0000	0.0934	0.1080	0.0000	0.0002	0.0002	0.0002	0.0005	0.0006	0.0000	0.0002	0.0003	0.0002	0.0000	0.5260	-0.0118	-0.0000	8.1476	21.1811	4.0573	10.1862	0.0411	0.0411	0.0000	0.0011	0.0011	0.0000	0.0399	0.0399	0.0000	0.0000	0.0000	0.0000	0.0000	0.0000	0.0000	0.0000	0.0000	0.0000	0.6576	0.5861	0.0715	0.2301	0.2162	0.0140	0.4275	0.3700	0.0575	0.1567	0.0898	0.0669	0.0383	0.0332	0.0051	0.1184	0.0566	0.0617	320.5219	314.6073	0.0000	9.5985	8.8558	0.0000	1042.6140	76817.6685	0.0000	0.0002	0.0002	0.0002	0.0005	0.0006	0.0000	0.0001	0.0000	0.0002	
17	67	0.4958	12	0	2	0	1	0	0	0	0	N	Y	N	N	N	N	N	N	N	N	N	N	3043.2232	2506.4676	0.7056	38.5066	35.1644	2013.6112	3031.2595	408.5224	0.0000	3.9350	4.4101	0.0004	0.0403	0.0426	0.0020	5.9946	6.9203	0.0000	0.0013	0.0018	0.0005	0.0010	0.0012	0.0000	0.0020	0.0169	0.0006	0.0000	0.4901	-0.2778	-0.0000	8.1476	7.4253	4.0573	0.9851	0.9677	0.9677	0.0000	0.0034	0.0034	0.0000	0.9642	0.9642	0.0000	0.0000	0.0000	0.0000	0.0000	0.0000	0.0000	0.0000	0.0000	0.0000	0.2459	0.2194	0.0265	0.0851	0.0801	0.0050	0.1609	0.1393	0.0215	0.0438	0.0250	0.0188	0.0102	0.0088	0.0014	0.0336	0.0162	0.0174	5638.6055	5370.3074	0.7056	38.5066	35.1644	2013.6112	10118.3994	11365.4439	0.0000	0.0007	0.0008	0.0005	0.0010	0.0012	0.0000	0.0006	0.0006	0.0006
17	68	0.3165	7	0	1	1	1	0	0	0	0	N	N	N	N	N	N	N	N	N	N	N	N	167.3274	1757.7584	1.4166	1.8801	0.3323	90.8050	116.6223	5721.5355	0.1685	0.1926	0.2160	0.0019	0.0006	0.0001	0.0073	0.3154	0.3650	0.0002	0.0012	0.0001	0.0014	0.0003	0.0003	0.0001	0.0027	0.0001	0.0014	0.0011	8.0543	-0.0386	0.0000	8.1476	15.0354	4.0573	6.2061	0.1350	0.1349	0.0001	0.0002	0.0000	0.0001	0.1348	0.1348	0.0000	0.0001	0.0000	0.0001	0.0000	0.0000	0.0000	0.0001	0.0000	0.0001	0.7008	0.6244	0.0765	0.2733	0.2550	0.0184	0.4275	0.3694	0.0581	0.1506	0.0871	0.0636	0.0346	0.0329	0.0017	0.1160	0.0541	0.0619	299.5481	1757.7584	1.4166	1.8801	0.3323	90.8050	425.3180	2057710.9714	0.1685	0.0006	0.0001	0.0014	0.0003	0.0003	0.0001	0.0007	0.0000	0.0014
17	69	0.2484	6	0	1	0	1	0	0	0	0	N	N	N	N	N	N	N	N	N	N	N	N	0.5529	21.4660	1.2978	39.9922	35.6069	114.9692	0.0348	4.5873	0.5614	0.0231	0.0203	0.0455	0.0715	0.0639	0.1928	0.0035	0.0012	0.0188	0.0417	0.0009	0.0351	0.0018	0.0018	0.0017	0.1007	0.0003	0.0334	0.2775	25.6112	-0.0018	0.0007	8.1476	27.6811	4.0573	13.1592	0.0251	0.0196	0.0054	0.0224	0.0188	0.0035	0.0027	0.0008	0.0019	0.0020	0.0001	0.0020	0.0001	0.0001	0.0000	0.0020	0.0000	0.0020	1.0876	0.9679	0.1196	0.3129	0.2945	0.0184	0.7747	0.6735	0.1012	0.2575	0.1427	0.1148	0.0454	0.0427	0.0028	0.2121	0.1001	0.1120	2.9098	37.7513	2.6612	39.9922	35.6069	114.9692	0.3792	1295.3253	1.0722	0.0079	0.0005	0.0171	0.0018	0.0018	0.0017	0.0092	0.0000	0.0175
17	71	0.4990	13	1	2	0	1	0	0	0	0	N	Y	N	N	N	N	N	N	N	N	N	N	6.4271	inf	0.0000	inf	inf	0.0000	0.0000	0.0000	0.0000	0.0000	0.0000	0.0000	0.0000	0.0000	0.0000	0.0000	0.0000	0.0000	0.0000	0.0000	0.0000	0.0000	0.0000	0.0000	0.0000	0.0000	inf	-0.0000	0.0000	8.1476	17.5448	4.0573	6.0013	0.0000	0.0000	0.0000	0.0000	0.0000	0.0000	0.0000	0.0000	0.0000	0.0000	0.0000	0.0000	0.0000	0.0000	0.0000	0.0000	0.0000	0.0000	0.5663	0.5051	0.0612	0.2024	0.1894	0.0130	0.3639	0.3157	0.0482	0.1189	0.0679	0.0510	0.0276	0.0238	0.0038	0.0913	0.0441	0.0472	6.4271	inf	0.0000	inf	inf	0.0000	0.0000	0.0000	0.0000	0.0000	0.0000	0.0000	0.0000	0.0000	0.0000	0.0000	0.0000	0.0000		
17	72	0.5674	16	1	2	1	1	0	0	0	0	N	Y	N	N	N	N	N	N	N	N	N	N	0.0000	0.0000	0.0000	0.0000	0.0000	0.0000	0.0000	0.0000	0.0000	0.0000	0.0000	0.0000	0.0000	0.0000	0.0000	0.0000	0.0000	0.0000	0.0000	0.0000	0.0000	0.0000	0.0003	0.0000	-0.0000	8.1476	1.8980	4.0573	2.9698	0.0000	0.0000	0.0000	0.0000	0.0000	0.0000	0.0000	0.0000	0.0000	0.0000	0.0000	0.0000	0.0000	0.0000	0.0000	0.0000	0.0000	0.0000	0.0640	0.0571	0.0069	0.0266	0.0250	0.0016	0.0374	0.0321	0.0053	0.0430	0.0291	0.0139	0.0164	0.0156	0.0008	0.0266	0.0135	0.0131	0.0000	0.0000	0.0000	0.0000	0.0000	0.0000	0.0000	0.0000	0.0000	0.0000	0.0000	0.0000	0.0000	0.0000	0.0000	0.0000	0.0000	0.0000						
17	73	0.5479	15	1	1	1	1	0	0	0	0	N	N	N	N	N	N	N	N	N	N	N	N	0.0002	0.0001	0.0000	0.0003	0.0002	0.0000	0.0000	0.0000	0.0000	0.0000	0.0000	0.0000	0.0000	0.0000	0.0000	0.0000	0.0000	0.0000	0.0023	0.0043	0.0000	0.0032	0.0038	0.0000	0.0000	0.0002	0.0000	0.0000	0.0139	-0.0000	-0.0000	8.1476	3.5853	4.0573	4.3819	0.0000	0.0000	0.0000	0.0000	0.0000	0.0000	0.0000	0.0000	0.0000	0.0001	0.0001	0.0000	0.0001	0.0001	0.0000	0.0000	0.0000	0.0000	0.2571	0.2388	0.0184	0.1362	0.1322	0.0040	0.1210	0.1066	0.0144	0.0507	0.0335	0.0173	0.0167	0.0153	0.0015	0.0340	0.0182	0.0158	0.0004	0.0003	0.0000	0.0003	0.0002	0.0000	0.0000	0.0000	0.0000	0.0011	0.0016	0.0000	0.0031	0.0034	0.0000	0.0000	0.0000	0.0000
17	74	0.5164	14	1	1	1	1	0	0	0	0	N	N	N	N	N	N	N	N	N	N	N	N	0.0524	0.4156	0.0009	0.2679	0.2525	0.0000	0.0149	0.1756	0.0011	0.0001	0.0001	0.0000	0.0001	0.0001	0.0000	0.0000	0.0001	0.0000	0.0013	0.0002	0.0015	0.0004	0.0004	0.0000	0.0030	0.0003	0.0016	0.0022	5.6939	-0.0000	0.0000	8.1476	12.3589	4.0573	7.3592	0.0000	0.0000	0.0000	0.0000	0.0000	0.0000	0.0000	0.0000	0.0000	0.0001	0.0000	0.0001	0.0000	0.0000	0.0000	0.0001	0.0000	0.0001	0.4105	0.3670	0.0434	0.1552	0.1455	0.0097	0.2553	0.2215	0.0337	0.1061	0.0638	0.0423	0.0279	0.0246	0.0033	0.0782	0.0392	0.0390	0.0971	0.4365	0.0009	0.2679	0.2525	0.0000	0.0553	47.2394	0.0011	0.0007	0.0002	0.0015	0.0004	0.0004	0.0000	0.0008	0.0000	0.0016
17	75	0.4990	13	1	1	1	1	0	0	0	0	N	N	N	N	N	N	N	N	N	N	N	N	0.2485	0.0005	23.2305	0.0006	0.0005	4.3544	27.9261	0.0000	0.0000	0.0004	0.0000	0.0000	0.0000	0.0001	0.0000	0.0006	0.0002	0.0004	0.0000	0.0008	0.0009	0.0000	0.0000	0.0000	0.0000	270.8443	0.0444	0.0000	-0.0000	8.1476	10.2127	4.0573	1.0234	0.0000	0.0000	0.0000	0.0000	0.0000	0.0000	0.0000	0.0000	0.0000	0.0000	0.0000	0.0000	0.0000	0.0000	0.0000	0.0000	0.0000	0.0000	0.3506	0.3128	0.0377	0.1318	0.1231	0.0087	0.2188	0.1897	0.0291	0.0583	0.0333	0.0250	0.0136	0.0117	0.0019	0.0447	0.0216	0.0232	0.2485	0.0006	23.2305	0.0006	0.0005	0.0000	7.1600	0.0000	27.9261	0.0002	0.0003	0.0000	0.0008	0.0009	0.0000	0.0000	0.0000	0.0000		
17	76	0.4958	12	1	1	0	1	0	0	0	0	N	N	N	N	N	N	N	N	N	N	N	N	3.2707	0.0000	inf	0.0000	0.0000	inf	inf	0.0000	0.0000	0.0000	0.0000	0.0000	0.0000	0.0000	0.0000	0.0000	0.0000	0.0000	0.0000	0.0000	0.0000	0.0000	0.0000	0.0000	0.0000	inf	0.4000	0.0000	-0.0000	8.1476	3.7027	4.0573	0.0091	0.0000	0.0000	0.0000	0.0000	0.0000	0.0000	0.0000	0.0000	0.0000	0.0000	0.0000	0.0000	0.0000	0.0000	0.0000	0.0000	0.0000	0.0000	0.1306	0.1168	0.0138	0.0463	0.0438	0.0025	0.0843	0.0731	0.0113	0.0195	0.0111	0.0084	0.0046	0.0039	0.0006	0.0150	0.0072	0.0078	3.2707	0.0000	inf	0.0000	0.0000	0.0000	inf	0.0000	inf	0.0000	0.0000	0.0000	0.0000	0.0000	0.0000	0.0000	0.0000	0.0000		
17	77	0.4788	11	0	1	0	1	0	0	0	0	N	N	N	N	N	N	N	N	N	N	N	N	14734.9982	1881045.4777	0.0000	576918.4703	934131.9873	0.0000	4560.1123	11837.1465	0.0000	2.0252	2.2557	0.0000	1.4670	1.5655	0.0000	2.4455	2.8165	0.0000	0.0001	0.0000	0.0004	0.0000	0.0000	0.0000	0.0005	0.0002	0.0004	0.0000	185.9947	-0.1095	0.0000	8.1476	3.8334	4.0573	6.1787	0.3812	0.3812	0.0000	0.1186	0.1186	0.0000	0.2626	0.2626	0.0000	0.0000	0.0000	0.0000	0.0000	0.0000	0.0000	0.0000	0.0000	0.0000	0.1882	0.1690	0.0192	0.0809	0.0758	0.0051	0.1074	0.0932	0.0141	0.0775	0.0475	0.0300	0.0236	0.0217	0.0018	0.0540	0.0258	0.0282	14734.9982	1881045.4777	0.0000	576918.4703	934131.9873	0.0000	12457.9267	3529193.7116	0.0000	0.0001	0.0000	0.0004	0.0000	0.0000	0.0000	0.0002	0.0000	0.0004
17	78	0.4397	10	0	1	0	1	0	0	0	0	N	N	N	N	N	N	N	N	N	N	N	N	2682.0744	4953.3905	1125.3554	6266.9536	5877.2233	58882.1018	63.1742	55.6193	101.4417	1.1597	1.2317	0.5705	2.9442	3.0176	2.0283	0.0503	0.0497	0.0548	0.0004	0.0002	0.0005	0.0005	0.0005	0.0000	0.0008	0.0009	0.0005	0.0566	1.4743	-0.1684	-0.0000	8.1476	16.9094	4.0573	5.8161	0.7207	0.6821	0.0386	0.7014	0.6656	0.0358	0.0193	0.0165	0.0027	0.0001	0.0000	0.0000	0.0000	0.0000	0.0000	0.0000	0.0000	0.0000	0.6215	0.5538	0.0676	0.2382	0.2206	0.0177	0.3832	0.3333	0.0500	0.1647	0.1003	0.0645	0.0465	0.0423	0.0042	0.1182	0.0580	0.0602	3482.9397	5570.6438	1125.3554	6266.9536	5877.2233	58882.1018	180.3122	6254.6422	101.4417	0.0003	0.0002	0.0005	0.0005	0.0005	0.0000	0.0003	0.0000	0.0005
17	79	0.3654	10	0	2	0	1	0	0	0	0	N	Y	N	N	N	N	N	N	N	N	N	N	166.9093	70.0113	2774.6623	168.9506	149.1488	44452.8264	6.0125	0.0295	1.7054	1.3149	1.4782	0.0032	4.4085	4.7140	0.0181	0.0000	0.0000	0.0000	0.0079	0.0211	0.0000	0.0261	0.0316	0.0000	0.0000	0.0007	0.0000	0.0003	0.0002	-0.2902	-0.0004	8.1476	23.9173	4.0573	17.8091	1.0116	1.0113	0.0003	1.0116	1.0113	0.0003	0.0000	0.0000	0.0000	0.0006	0.0006	0.0000	0.0006	0.0006	0.0000	0.0000	0.0000	0.0000	0.7693	0.6842	0.0852	0.2295	0.2145	0.0149	0.5399	0.4696	0.0702	0.2263	0.1305	0.0958	0.0444	0.0390	0.0054	0.1820	0.0916	0.0904	468.8914	304.0813	2774.6623	308.3983	289.5716	44452.8264	6.0125	4.2280	1.7054	0.0028	0.0049	0.0000	0.0143	0.0163	0.0000	0.0000	0.0000	0.0000
17	80	0.3494	9	0	2	0	1	0	0	0	0	N	Y	N	N	N	N	N	N	N	N	N	N	1.6122	2.5548	0.3852	0.0509	0.1310	0.0000	44.3270	3133.2031	7.4881	0.0659	0.0733	0.0083	0.0046	0.0049	0.0000	0.0913	0.1037	0.0100	0.0409	0.0287	0.0215	0.0896	0.0373	0.6003	0.0021	0.0000	0.0013	0.0144	1.1725	-0.0036	-0.0000	8.1476	6.1279	4.0573	3.6878	0.0133	0.0131	0.0002	0.0003	0.0003	0.0000	0.0131	0.0129	0.0002	0.0005	0.0002	0.0003	0.0005	0.0002	0.0003	0.0000	0.0000	0.0000	0.2022	0.1793	0.0229	0.0592	0.0552	0.0040	0.1430	0.1241	0.0189	0.0670	0.0416	0.0254	0.0146	0.0134	0.0012	0.0525	0.0282	0.0242	8.4156	12.6192	0.7435	0.1348	0.2705	0.0000	147.6162	1203312.4701	7.4881	0.0078	0.0058	0.0112	0.0338	0.0181	0.2103	0.0006	0.0000	0.0013
17	81	0.4375	13	1	1	1	1	0	0	0	0	N	N	N	N	N	N	N	N	N	N	N	N	110098.1328	2286281.3016	0.0000	86.6897	78.4793	77010.4246	11110.8551	0.0000	1.0808	1.2100	0.0000	0.0000	0.0000	0.0000	1.6946	1.9601	0.0000	0.0000	0.0000	0.0000	0.0000	0.0000	0.0000	0.0000	0.0002	0.0000	0.0000	31.8827	-0.2596	0.0000	8.1476	27.2690	4.0573	12.3406	0.9039	0.9039	0.0000	0.0000	0.0000	0.0000	0.9039	0.9039	0.0000	0.0000	0.0000	0.0000	0.0000	0.0000	0.0000	0.0000	0.0000	0.0000	0.8364	0.7471	0.0893	0.3030	0.2859	0.0170	0.5334	0.4612	0.0723	0.1856	0.1047	0.0809	0.0398	0.0340	0.0058	0.1457	0.0706	0.0751	110098.1328	2286281.3016	0.0000	86.6897	78.4793	0.0000	136712.7076	3461271.3877	0.0000	0.0000	0.0000	0.0000	0.0000	0.0000	0.0000	0.0000	0.0000	0.0000	
17	82	0.4221	12	0	1	0	1	0	0	0	0	N	N	N	N	N	N	N	N	N	N	N	N	7874.4988	4826.2529	2.7053	113.2694	101.9327	inf	327942.0127	inf	1.9763	0.2858	0.3167	0.0000	0.0188	0.0198	0.0000	0.4672	0.5370	0.0000	0.0000	0.0001	0.0000	0.0002	0.0002	0.0000	0.0000	0.0000	0.0000	0.0000	0.0314	-0.0283	-0.0000	8.1476	9.0798	4.0573	0.9519	0.0985	0.0985	0.0000	0.0026	0.0026	0.0000	0.0959	0.0959	0.0000	0.0000	0.0000	0.0000	0.0000	0.0000	0.0000	0.0000	0.0000	0.0000	0.3446	0.3110	0.0336	0.1394	0.1325	0.0069	0.2052	0.1785	0.0267	0.0515	0.0289	0.0226	0.0109	0.0093	0.0016	0.0406	0.0196	0.0210	7874.4988	5053.8258	2.7053	113.2694	101.9327	inf	327942.0127	inf	1.9763	0.0000	0.0001	0.0000	0.0002	0.0002	0.0000	0.0000	0.0000	0.0000
17	83	0.3494	9	0	2	0	1	0	0	0	0	N	Y	N	N	N	N	N	N	N	N	N	N	0.0000	0.0000	0.0000	0.0000	0.0000	0.0000	0.0000	0.0000	0.0000	0.0000	0.0000	0.0000	0.0000	0.0000	0.0000	0.0059	0.0000	0.0077	0.0225	0.0000	0.2484	0.0001	0.0000	0.0001	inf	0.0000	0.0002	8.1476	21.0000	4.0573	14.4214	0.0000	0.0000	0.0000	0.0000	0.0000	0.0000	0.0000	0.0000	0.0000	0.0004	0.0000	0.0004	0.0004	0.0000	0.0004	0.0000	0.0000	0.0000	0.6663	0.5917	0.0746	0.1928	0.1801	0.0128	0.4734	0.4116	0.0618	0.1967	0.1129	0.0838	0.0328	0.0293	0.0035	0.1639	0.0836	0.0803	0.0000	0.0000	0.0000	0.0000	0.0000	0.0000	0.0000	0.0000	0.0000	0.0022	0.0000	0.0051	0.0129	0.0000	0.1199	0.0000	0.0000	0.0001				
17	84	0.4070	13	0	1	1	1	0	0	0	0	N	N	N	N	N	N	N	N	N	N	N	N	0.0000	0.0000	0.0000	0.0000	0.0000	0.0000	0.0000	0.0000	0.0000	0.0000	0.0000	0.0000	0.0000	0.0000	0.0000	0.0001	0.0000	0.0000	0.0000	0.0002	0.0000	0.0001	inf	0.0000	0.0000	8.1476	20.4085	4.0573	11.0867	0.0000	0.0000	0.0000	0.0000	0.0000	0.0000	0.0000	0.0000	0.0000	0.0000	0.0000	0.0000	0.0000	0.0000	0.0000	0.0000	0.0000	0.0000	0.6684	0.5947	0.0736	0.2123	0.1986	0.0137	0.4560	0.3962	0.0599	0.1679	0.0969	0.0710	0.0386	0.0325	0.0061	0.1293	0.0644	0.0649	0.0000	0.0000	0.0000	0.0000	0.0000	0.0000	0.0000	0.0000	0.0000	0.0000	0.0000	0.0001	0.0000	0.0000	0.0000	0.0001	0.0000	0.0001						
17	85	0.4033	12	0	1	1	1	0	0	0	0	N	N	N	N	N	N	N	N	N	N	N	N	0.0000	0.0000	0.0000	0.0000	0.0000	0.0000	0.0000	0.0000	0.0000	0.0000	0.0000	0.0000	0.0000	0.0000	0.0000	0.0000	0.0065	0.0009	0.0075	0.0012	0.0014	0.0000	0.0138	0.0000	0.0067	7.0948	0.0000	0.0000	8.1476	3.1287	4.0573	1.1816	0.0000	0.0000	0.0000	0.0000	0.0000	0.0000	0.0000	0.0000	0.0000	0.0001	0.0000	0.0001	0.0000	0.0000	0.0000	0.0001	0.0000	0.0001	0.1517	0.1352	0.0164	0.0709	0.0655	0.0054	0.0808	0.0698	0.0110	0.0257	0.0150	0.0107	0.0062	0.0054	0.0008	0.0195	0.0096	0.0099	0.0000	0.0000	0.0000	0.0000	0.0000	0.0000	0.0000	0.0000	0.0000	0.0024	0.0005	0.0050	0.0012	0.0014	0.0000	0.0028	0.0000	0.0055			
17	86	0.3964	11	0	1	0	1	0	0	0	0	N	N	N	N	N	N	N	N	N	N	N	N	0.7590	0.0000	92.0716	1.0513	0.0000	inf	0.0589	0.0000	2.0343	0.0037	0.0000	0.0338	0.0084	0.0000	0.1055	0.0001	0.0000	0.0008	0.0049	0.0104	0.0004	0.0080	0.0103	0.0000	0.0018	0.0212	0.0004	inf	0.0896	0.0004	-0.0000	8.1476	4.0532	4.0573	2.2470	0.0006	0.0000	0.0006	0.0006	0.0000	0.0006	0.0000	0.0000	0.0000	0.0001	0.0001	0.0000	0.0001	0.0001	0.0000	0.0000	0.0000	0.0000	0.1643	0.1463	0.0180	0.0713	0.0656	0.0057	0.0930	0.0807	0.0124	0.0381	0.0220	0.0161	0.0093	0.0081	0.0013	0.0288	0.0140	0.0149	1.9672	0.0000	92.0716	1.4011	0.0000	inf	0.1934	0.0000	2.0343	0.0019	0.0030	0.0004	0.0060	0.0069	0.0000	0.0006	0.0007	0.0004
17	87	0.3732	10	0	1	0	1	0	0	0	0	N	N	N	N	N	N	N	N	N	N	N	N	0.0432	0.0366	2.5106	0.1160	0.1020	30.5959	0.0608	0.0347	0.0003	0.0269	0.0295	0.0014	0.0062	0.0062	0.0059	0.0458	0.0528	0.0000	0.6215	0.8047	0.0006	0.0530	0.0604	0.0002	0.7528	1.5203	0.0006	0.0050	0.0037	-0.0017	-0.0037	8.1476	4.7288	4.0573	9.8540	0.0060	0.0060	0.0000	0.0007	0.0006	0.0000	0.0054	0.0054	0.0000	0.0059	0.0059	0.0000	0.0007	0.0007	0.0000	0.0053	0.0053	0.0000	0.2248	0.2041	0.0207	0.1072	0.1021	0.0051	0.1176	0.1020	0.0156	0.1030	0.0649	0.0380	0.0276	0.0253	0.0023	0.0753	0.0396	0.0357	0.4651	0.3226	2.5106	0.2562	0.2354	30.5959	0.6522	0.3970	0.0003	0.0578	0.0913	0.0006	0.0240	0.0262	0.0002	0.0702	0.1329	0.0006
17	88	0.3494	9	0	1	0	1	0	0	0	0	N	N	N	N	N	N	N	N	N	N	N	N	0.3482	0.2348	0.0000	0.0060	0.0126	0.0000	0.3969	0.2395	0.0000	3.5104	3.9578	0.0000	0.0004	0.0004	0.0000	4.9580	5.7121	0.0000	10.0828	16.8547	0.0109	0.0605	0.0309	0.3111	12.4924	23.8462	0.0006	0.0000	0.0003	-0.2851	-0.6220	8.1476	8.6320	4.0573	7.0881	0.9931	0.9931	0.0000	0.0000	0.0000	0.0000	0.9930	0.9930	0.0000	0.9902	0.9900	0.0003	0.0005	0.0003	0.0002	0.9897	0.9897	0.0000	0.2829	0.2509	0.0320	0.0826	0.0771	0.0055	0.2003	0.1738	0.0264	0.0982	0.0587	0.0395	0.0190	0.0172	0.0018	0.0792	0.0415	0.0377	0.3482	0.2348	0.0000	0.0133	0.0245	0.0000	0.3969	0.2395	0.0000	10.0828	16.8547	0.0067	0.0272	0.0158	0.1391	12.4924	23.8462	0.0006
17	89	0.4171	11	0	2	0	1	0	0	0	0	N	Y	N	N	N	N	N	N	N	N	N	N	7.7725	7.1432	56.7649	36.5544	6.8830	100.4096	0.2604	0.0000	3.4378	0.0097	0.0010	0.0819	0.0279	0.0029	0.4085	0.0006	0.0000	0.0045	0.0013	0.0001	0.0014	0.0008	0.0004	0.0041	0.0023	0.0003	0.0013	9.6678	7.0572	0.0034	0.0000	8.1476	15.4622	4.0573	5.2688	0.0055	0.0005	0.0050	0.0053	0.0005	0.0048	0.0002	0.0000	0.0002	0.0001	0.0000	0.0001	0.0000	0.0000	0.0000	0.0001	0.0000	0.0001	0.5637	0.5030	0.0607	0.1891	0.1775	0.0116	0.3746	0.3255	0.0491	0.1202	0.0707	0.0495	0.0264	0.0239	0.0025	0.0938	0.0468	0.0470	14.3477	7.1432	56.7649	36.5544	6.8830	100.4096	0.8977	0.0000	3.4378	0.0007	0.0001	0.0014	0.0008	0.0004	0.0041	0.0007	0.0000	0.0013
17	90	0.4053	10	0	1	0	1	0	0	0	0	N	N	N	N	N	N	N	N	N	N	N	N	0.1108	3.9764	0.1963	5.4721	11.3122	1.2057	0.0064	0.1146	0.1416	0.0198	0.0199	0.0184	0.0543	0.0549	0.0447	0.0017	0.0003	0.0118	0.1783	0.0050	0.0936	0.0099	0.0049	0.0370	0.2719	0.0023	0.0833	0.1088	12.5700	-0.0011	0.0003	8.1476	7.5917	4.0573	1.5198	0.0058	0.0053	0.0006	0.0055	0.0052	0.0003	0.0003	0.0000	0.0003	0.0010	0.0001	0.0009	0.0001	0.0001	0.0001	0.0009	0.0000	0.0009	0.2951	0.2640	0.0311	0.1011	0.0949	0.0062	0.1940	0.1691	0.0249	0.0678	0.0415	0.0262	0.0191	0.0171	0.0019	0.0487	0.0244	0.0243	1.3480	11.3032	0.5241	7.8401	13.1315	1.4179	0.0988	4.3414	0.3339	0.0147	0.0018	0.0351	0.0069	0.0042	0.0315	0.0177	0.0001	0.0353
17	91	0.5146	14	1	1	1	1	0	0	0	0	N	N	N	N	N	N	N	N	N	N	N	N	0.0000	0.0000	0.0000	0.0000	0.0000	0.0000	0.0000	0.0000	0.0000	0.0000	0.0000	0.0000	0.0000	0.0000	0.0000	0.0000	0.0000	0.0000	0.0000	0.0000	8.1476	3.0317	4.0573	0.1644	0.0000	0.0000	0.0000	0.0000	0.0000	0.0000	0.0000	0.0000	0.0000	0.0000	0.0000	0.0000	0.0000	0.0000	0.0000	0.0000	0.0000	0.0000	0.0969	0.0864	0.0105	0.0324	0.0306	0.0018	0.0644	0.0558	0.0087	0.0167	0.0094	0.0073	0.0039	0.0033	0.0006	0.0128	0.0061	0.0067	0.0000	0.0000	0.0000	0.0000	0.0000	0.0000	0.0000	0.0000	0.0000	0.0000	0.0000	0.0000	0.0000	0.0000	0.0000	0.0000	0.0000	0.0000											
17	92	0.5088	13	1	1	1	1	0	0	0	0	N	N	N	N	N	N	N	N	N	N	N	N	0.0187	14015.2107	0.0003	6587.9445	9835.1464	0.0000	0.0000	0.0005	0.0017	0.0019	0.0000	0.0033	0.0035	0.0000	0.0000	0.0000	0.0000	0.0902	0.0000	0.0587	0.0000	0.0000	0.0000	0.2019	0.0000	0.0529	0.0009	137300.6875	-0.0001	0.0001	8.1476	2.6632	4.0573	1.0147	0.0002	0.0002	0.0000	0.0002	0.0002	0.0000	0.0000	0.0000	0.0000	0.0002	0.0000	0.0002	0.0000	0.0000	0.0000	0.0002	0.0000	0.0002	0.1302	0.1187	0.0115	0.0668	0.0633	0.0035	0.0634	0.0554	0.0080	0.0208	0.0121	0.0087	0.0052	0.0045	0.0007	0.0156	0.0076	0.0080	0.1602	14015.2107	0.0007	6587.9445	9835.1464	0.0000	0.0002	0.0000	0.0009	0.0105	0.0000	0.0252	0.0000	0.0000	0.0000	0.0141	0.0000	0.0273	
17	93	0.4256	12	1	1	1	1	0	0	0	0	N	N	N	N	N	N	N	N	N	N	N	N	0.1599	2472.7883	0.0006	2888.6050	2627.8747	608.0950	0.0040	112.0611	0.0006	0.6659	0.7421	0.0098	1.7542	1.8523	0.0027	0.0217	0.0233	0.0114	4.1635	0.0003	15.5413	0.0006	0.0007	0.0000	5.4453	0.0002	17.7750	0.0015	29099.3257	-0.2290	0.3641	8.1476	35.0787	4.0573	12.2568	0.8017	0.8005	0.0012	0.7853	0.7853	0.0001	0.0164	0.0152	0.0012	0.9799	0.0000	0.9798	0.0000	0.0000	0.0000	0.9798	0.0000	0.9798	1.2041	1.0788	0.1253	0.4477	0.4239	0.0238	0.7564	0.6548	0.1016	0.2353	0.1338	0.1015	0.0554	0.0477	0.0077	0.1799	0.0861	0.0938	0.1599	2948.8551	0.0010	2888.6050	2627.8747	608.0950	0.0040	32547.9029	0.0011	4.1635	0.0003	9.6502	0.0006	0.0007	0.0000	5.4453	0.0000	10.4442
17	94	0.4121	11	1	1	0	1	0	0	0	0	N	N	N	N	N	N	N	N	N	N	N	N	3.4016	252.0864	0.1283	142.4205	117.6118	261986.7690	3.7650	428.2419	0.0107	3.3060	3.6086	0.3959	1.9085	1.9171	1.7355	4.3383	4.9754	0.0339	0.9719	0.0143	3.0853	0.0134	0.0163	0.0000	1.1523	0.0116	3.1642	0.0114	123.7606	-0.3609	0.0059	8.1476	8.4810	4.0573	2.3446	1.3084	1.2937	0.0148	0.3209	0.3072	0.0138	0.9875	0.9865	0.0010	0.0163	0.0001	0.0162	0.0001	0.0001	0.0000	0.0162	0.0000	0.0162	0.3958	0.3585	0.0373	0.1682	0.1602	0.0079	0.2276	0.1983	0.0293	0.0602	0.0345	0.0257	0.0137	0.0120	0.0018	0.0464	0.0225	0.0239	12.2018	952.8312	0.6283	217.4097	190.1038	261986.7690	12.4463	11189.7128	0.0500	0.2709	0.0038	0.6301	0.0088	0.0101	0.0000	0.3486	0.0004	0.6771
17	95	0.3494	9	0	2	0	2	0	0	0	0	N	Y	N	Y	N	N	N	N	N	N	N	N	0.1574	0.0283	inf	0.0946	0.0915	inf	inf	0.0094	0.0075	0.0242	0.0230	0.0247	0.0000	0.0038	0.0000	0.0291	0.0594	0.2649	0.0000	0.2435	0.2696	0.0000	0.0000	0.0000	0.0000	0.4056	0.0000	0.0000	-0.0014	8.1476	24.0032	4.0573	22.6134	0.0071	0.0050	0.0020	0.0050	0.0050	0.0000	0.0020	0.0000	0.0020	0.0023	0.0023	0.0000	0.0023	0.0023	0.0000	0.0000	0.0000	0.0000	0.7557	0.6713	0.0844	0.2183	0.2039	0.0144	0.5374	0.4674	0.0700	0.2492	0.1418	0.1074	0.0402	0.0357	0.0045	0.2090	0.1062	0.1029	1.0127	0.4617	inf	0.4020	0.3823	0.0000	inf	0.0000	inf	0.0092	0.0162	0.0000	0.0573	0.0645	0.0000	0.0000	0.0000	0.0000		
17	96	0.7668	13	0	2	0	1	0	0	0	0	N	Y	N	N	N	N	N	N	N	N	N	N	0.0000	0.0000	0.0000	0.0000	0.0000	0.0000	0.0000	0.0000	0.0000	0.0000	0.0000	0.0000	0.0000	0.0000	0.0000	0.0000	0.0011	0.0018	0.0002	0.0014	0.0016	0.0000	0.0003	0.0000	0.0002	0.1318	0.0000	-0.0000	8.1476	18.5150	4.0573	10.2301	0.0000	0.0000	0.0000	0.0000	0.0000	0.0000	0.0000	0.0000	0.0000	0.0001	0.0001	0.0000	0.0001	0.0001	0.0000	0.0000	0.0000	0.0000	0.6117	0.5507	0.0610	0.2723	0.2557	0.0167	0.3394	0.2950	0.0444	0.1457	0.0939	0.0519	0.0580	0.0507	0.0072	0.0878	0.0432	0.0446	0.0000	0.0000	0.0000	0.0000	0.0000	0.0000	0.0000	0.0000	0.0000	0.0006	0.0009	0.0002	0.0014	0.0016	0.0000	0.0001	0.0000	0.0002			
17	97	0.3785	10	0	2	0	1	0	0	0	0	N	Y	N	N	N	N	N	N	N	N	N	N	0.2541	3154647.0954	0.0000	0.1973	0.0000	0.4153	0.2985	22591.5482	0.0000	0.7035	0.7890	0.0003	0.0001	0.0000	0.0015	0.9985	1.1437	0.0000	2.7682	0.0000	11.4593	0.0005	0.0000	0.0036	3.3448	0.0001	12.8224	0.0000	19505078.1223	-0.2866	0.3711	8.1476	46.1140	4.0573	26.4917	0.9984	0.9984	0.0000	0.0000	0.0000	0.0000	0.9984	0.9984	0.0000	0.9987	0.0000	0.9987	0.0000	0.0000	0.0000	0.9986	0.0000	0.9986	1.4192	1.2655	0.1537	0.4194	0.3925	0.0268	0.9999	0.8730	0.1269	0.3608	0.2047	0.1560	0.0622	0.0538	0.0084	0.2986	0.1509	0.1477	0.2541	3154647.0954	0.0000	0.1973	0.0000	0.4153	0.2985	8628374.4123	0.0000	2.7682	0.0000	6.3999	0.0005	0.0000	0.0036	3.3448	0.0000	6.7625
17	98	0.8197	15	0	2	0	1	0	0	0	0	N	Y	N	N	N	N	N	N	N	N	N	N	0.0621	18.2312	0.0029	2.4324	8.3819	0.0051	0.0139	4.8135	0.0033	0.0022	0.0025	0.0001	0.0018	0.0019	0.0000	0.0026	0.0029	0.0001	0.0361	0.0001	0.0407	0.0007	0.0002	0.0032	0.1838	0.0006	0.0453	0.0055	87.1514	-0.0004	0.0003	8.1476	20.7840	4.0573	8.9470	0.0013	0.0013	0.0000	0.0004	0.0004	0.0000	0.0009	0.0009	0.0000	0.0009	0.0000	0.0009	0.0000	0.0000	0.0000	0.0009	0.0000	0.0009	0.5733	0.5146	0.0587	0.2265	0.2131	0.0134	0.3468	0.3015	0.0453	0.1246	0.0778	0.0468	0.0559	0.0463	0.0096	0.0687	0.0314	0.0372	0.3023	18.4335	0.0061	2.4324	8.3819	0.0051	0.1985	808.2966	0.0063	0.0074	0.0001	0.0195	0.0007	0.0002	0.0032	0.0129	0.0000	0.0237
17	99	0.8148	14	0	1	0	1	0	0	0	0	N	N	N	N	N	N	N	N	N	N	N	N	0.3495	0.5885	0.0176	1.0453	1.0854	0.0030	0.2234	9.2273	0.0296	0.0157	0.0176	0.0004	0.0124	0.0133	0.0000	0.0195	0.0229	0.0006	0.0450	0.0299	0.0222	0.0119	0.0122	0.0089	0.0873	0.0025	0.0192	0.0026	1.4430	-0.0008	-0.0000	8.1476	2.7834	4.0573	1.0450	0.0028	0.0028	0.0000	0.0012	0.0012	0.0000	0.0016	0.0016	0.0000	0.0003	0.0001	0.0002	0.0001	0.0001	0.0000	0.0002	0.0000	0.0002	0.1759	0.1572	0.0187	0.0932	0.0870	0.0061	0.0828	0.0702	0.0126	0.0370	0.0213	0.0157	0.0167	0.0156	0.0011	0.0203	0.0057	0.0146	1.8965	2.9759	0.0338	1.5289	1.6480	0.0030	2.3061	338.6173	0.0482	0.0083	0.0059	0.0116	0.0081	0.0081	0.0089	0.0085	0.0001	0.0118
17	100	0.8047	13	0	1	0	1	0	0	0	0	N	N	N	N	N	N	N	N	N	N	N	N	0.0105	0.4621	0.0000	0.2556	0.9057	0.0000	0.0074	4.7791	0.0000	0.0085	0.0094	0.0000	0.0091	0.0098	0.0000	0.0077	0.0089	0.0000	0.8121	0.0204	2.1207	0.0357	0.0108	0.2460	1.0329	0.0019	2.0366	0.0002	43.0271	-0.0010	0.0030	8.1476	7.6044	4.0573	2.7972	0.0036	0.0036	0.0000	0.0023	0.0023	0.0000	0.0013	0.0013	0.0000	0.0085	0.0002	0.0083	0.0005	0.0002	0.0003	0.0079	0.0000	0.0079	0.4249	0.3841	0.0408	0.2503	0.2336	0.0167	0.1746	0.1505	0.0241	0.0688	0.0406	0.0282	0.0294	0.0266	0.0028	0.0394	0.0140	0.0254	0.0692	1.9889	0.0001	0.5133	1.3562	0.0000	0.0380	232.4267	0.0001	0.1230	0.0047	0.2931	0.0178	0.0072	0.1193	0.2014	0.0000	0.3120
17	101	0.7551	12	0	1	0	1	0	0	0	0	N	N	N	N	N	N	N	N	N	N	N	N	0.0004	0.0077	0.0000	0.0554	0.0545	0.0243	0.0000	0.0001	0.0000	0.0031	0.0034	0.0002	0.0068	0.0072	0.0006	0.0000	0.0000	0.0000	7.0444	0.4364	27.7616	0.1222	0.1316	0.0237	11.3896	0.5229	32.2393	0.0052	426.1242	-0.0005	0.3663	8.1476	18.4780	4.0573	12.4520	0.0019	0.0019	0.0000	0.0019	0.0019	0.0000	0.0000	0.0000	0.0000	0.9918	0.0023	0.9895	0.0022	0.0020	0.0002	0.9896	0.0003	0.9893	0.6307	0.5676	0.0631	0.2832	0.2659	0.0173	0.3475	0.3017	0.0458	0.1408	0.0873	0.0535	0.0539	0.0461	0.0078	0.0869	0.0412	0.0457	0.0004	0.1270	0.0000	0.1684	0.1664	0.0251	0.0000	0.0041	0.0000	7.0444	0.0266	18.4932	0.0402	0.0431	0.0230	11.3896	0.0081	21.6350
17	102	0.3311	8	0	2	0	1	0	0	0	0	N	Y	N	N	N	N	N	N	N	N	N	N	16.3561	2.3692	2737.0059	1.3889	0.3110	818554.2449	432.0193	292.2696	3077.5694	0.8101	0.4712	3.9783	0.1114	0.0297	1.4812	1.3235	0.8216	4.7952	0.0495	0.1989	0.0015	0.0802	0.0956	0.0000	0.0031	0.0028	0.0016	0.9032	0.0719	0.2393	-0.0018	8.1476	34.1922	4.0573	22.4626	1.2764	0.6707	0.6058	0.0743	0.0187	0.0556	1.2021	0.6519	0.5502	0.0032	0.0029	0.0002	0.0029	0.0029	0.0000	0.0002	0.0000	0.0002	1.5757	1.4234	0.1523	0.6674	0.6299	0.0375	0.9083	0.7935	0.1147	0.3659	0.2204	0.1455	0.0933	0.0835	0.0098	0.2726	0.1368	0.1358	93.9652	35.2802	2737.0059	3.5440	0.8469	818554.2449	1620.9607	10178.9164	3077.5694	0.0086	0.0134	0.0015	0.0314	0.0351	0.0000	0.0008	0.0001	0.0016
17	103	0.2832	7	0	2	0	1	0	0	0	0	N	Y	N	N	N	N	N	N	N	N	N	N	8.0085	4.0132	152.3047	5.5661	4.3219	1532.6001	17.9291	3.8186	199.5580	0.8849	0.5817	3.4198	0.4127	0.3472	1.4243	1.1415	0.7195	3.9198	0.1105	0.1449	0.0225	0.0741	0.0803	0.0009	0.0637	0.1884	0.0196	0.7033	0.7832	0.1074	-0.0005	8.1476	22.5884	4.0573	11.0115	0.8538	0.5012	0.3525	0.1402	0.1107	0.0294	0.7136	0.3905	0.3231	0.0025	0.0014	0.0011	0.0012	0.0012	0.0000	0.0013	0.0002	0.0011	0.9648	0.8617	0.1031	0.3396	0.3190	0.0207	0.6252	0.5427	0.0824	0.2194	0.1228	0.0966	0.0404	0.0376	0.0028	0.1791	0.0852	0.0939	76.1869	49.9818	295.1526	13.7425	10.7924	1532.6001	152.9862	279.8242	329.3817	0.0116	0.0116	0.0116	0.0300	0.0322	0.0009	0.0075	0.0026	0.0119
17	106	0.4221	12	0	2	0	1	0	0	0	0	N	Y	N	N	N	N	N	N	N	N	N	N	144599.5862	120254.4586	75.0709	96354.8868	86777.5637	inf	72104.3894	inf	2.2469	0.0044	0.0048	0.0000	0.0106	0.0112	0.0000	0.0007	0.0008	0.0000	0.0000	0.0000	0.0000	0.0000	0.0000	0.0000	0.0000	0.0000	0.0000	0.0000	0.3333	-0.0008	-0.0000	8.1476	20.0414	4.0573	7.0324	0.0029	0.0029	0.0000	0.0026	0.0026	0.0000	0.0003	0.0003	0.0000	0.0000	0.0000	0.0000	0.0000	0.0000	0.0000	0.0000	0.0000	0.0000	0.6747	0.6057	0.0690	0.2504	0.2372	0.0133	0.4243	0.3685	0.0557	0.1329	0.0744	0.0585	0.0273	0.0233	0.0040	0.1055	0.0511	0.0544	144599.5862	120254.4586	75.0709	96354.8868	86777.5637	inf	72104.3894	inf	2.2469	0.0000	0.0000	0.0000	0.0000	0.0000	0.0000	0.0000	0.0000	0.0000
17	107	0.4121	11	0	1	0	1	0	0	0	0	N	N	N	N	N	N	N	N	N	N	N	N	68.6209	32.1227	14511.8072	64.3685	54.6903	inf	33162.5681	inf	63.0602	0.2937	0.3230	0.0046	0.6606	0.6915	0.0209	0.0058	0.0066	0.0000	0.0043	0.0101	0.0000	0.0103	0.0126	0.0000	0.0000	0.0000	0.0000	0.0015	0.0001	-0.0295	-0.0001	8.1476	7.0315	4.0573	1.2144	0.1033	0.1032	0.0001	0.1022	0.1020	0.0001	0.0011	0.0011	0.0000	0.0001	0.0001	0.0000	0.0001	0.0001	0.0000	0.0000	0.0000	0.0000	0.3518	0.3194	0.0324	0.1547	0.1475	0.0071	0.1971	0.1719	0.0253	0.0472	0.0273	0.0199	0.0112	0.0098	0.0014	0.0360	0.0175	0.0185	173.5682	110.4468	14511.8072	92.4003	84.6295	inf	33162.5681	inf	63.0602	0.0017	0.0029	0.0000	0.0071	0.0082	0.0000	0.0000	0.0000	0.0000
17	108	0.3785	10	0	1	0	1	0	0	0	0	N	N	N	N	N	N	N	N	N	N	N	N	1453.5897	1784900.1673	0.1072	2202569.4739	2113417.1823	inf	0.5751	15.8632	0.1141	1.7054	1.9115	0.0002	5.2965	5.6541	0.0001	0.0017	0.0020	0.0002	0.0012	0.0000	0.0016	0.0000	0.0000	0.0000	0.0030	0.0001	0.0017	0.0000	1047.4272	-0.2803	0.0000	8.1476	16.2725	4.0573	4.4748	0.9763	0.9763	0.0000	0.9756	0.9756	0.0000	0.0007	0.0007	0.0000	0.0001	0.0000	0.0001	0.0000	0.0000	0.0000	0.0001	0.0000	0.0001	0.5725	0.5107	0.0617	0.1842	0.1725	0.0117	0.3883	0.3382	0.0501	0.1220	0.0712	0.0508	0.0237	0.0210	0.0027	0.0983	0.0502	0.0481	2602.7863	1784900.1673	0.1072	2202569.4739	2113417.1823	inf	2.1531	4970.5947	0.1141	0.0007	0.0000	0.0016	0.0000	0.0000	0.0000	0.0008	0.0000	0.0017
17	109	0.4313	11	0	2	0	1	0	0	0	0	N	Y	N	N	N	N	N	N	N	N	N	N	2.6683	15.5626	1.2031	10.5560	15.7764	2.6499	0.0003	0.0000	0.0033	0.0028	0.0030	0.0014	0.0093	0.0094	0.0080	0.0000	0.0000	0.0000	0.0011	0.0002	0.0012	0.0009	0.0006	0.0030	0.0018	0.0002	0.0011	0.0587	4.8266	-0.0008	0.0000	8.1476	40.5309	4.0573	14.7974	0.0036	0.0034	0.0002	0.0036	0.0034	0.0002	0.0000	0.0000	0.0000	0.0002	0.0000	0.0001	0.0001	0.0000	0.0000	0.0001	0.0000	0.0001	1.2712	1.1324	0.1388	0.3870	0.3620	0.0250	0.8842	0.7704	0.1137	0.2848	0.1640	0.1208	0.0569	0.0502	0.0068	0.2279	0.1138	0.1141	4.6252	16.4525	1.2031	10.5560	15.7764	2.6499	0.0008	0.0000	0.0033	0.0006	0.0002	0.0012	0.0009	0.0006	0.0030	0.0005	0.0000	0.0011
17	110	0.4053	10	0	2	0	1	0	0	0	0	N	Y	N	N	N	N	N	N	N	N	N	N	0.1100	1.2255	0.1224	2.2881	3.0463	1.3101	0.0001	0.0000	0.0024	0.0082	0.0086	0.0054	0.0260	0.0258	0.0287	0.0000	0.0000	0.0001	0.0748	0.0070	0.0443	0.0114	0.0085	0.0219	0.1404	0.0018	0.0400	0.0773	6.3989	-0.0009	0.0003	8.1476	13.5236	4.0573	3.5331	0.0040	0.0037	0.0003	0.0039	0.0037	0.0003	0.0000	0.0000	0.0000	0.0011	0.0001	0.0009	0.0002	0.0001	0.0001	0.0009	0.0000	0.0009	0.4806	0.4283	0.0523	0.1519	0.1422	0.0097	0.3286	0.2861	0.0426	0.1096	0.0652	0.0444	0.0264	0.0236	0.0028	0.0832	0.0416	0.0416	0.8295	3.8012	0.2565	3.3338	4.1857	1.3327	0.0012	0.0003	0.0046	0.0099	0.0023	0.0212	0.0078	0.0062	0.0216	0.0106	0.0000	0.0211
17	111	0.3494	9	0	1	0	1	0	0	0	0	N	N	N	N	N	N	N	N	N	N	N	N	0.0008	0.0019	0.0017	0.0765	3.0770	0.0000	0.0008	0.0002	0.0018	0.0045	0.0008	0.0334	0.0022	0.0023	0.0000	0.0054	0.0001	0.0403	5.4205	0.4339	20.1697	0.0281	0.0007	0.3053	6.5173	0.9538	22.6825	5.2259	355.3136	0.0013	0.3692	8.1476	16.9399	4.0573	15.9768	0.0024	0.0004	0.0020	0.0003	0.0003	0.0000	0.0021	0.0000	0.0020	1.0010	0.0028	0.9982	0.0005	0.0000	0.0005	1.0005	0.0028	0.9977	0.5431	0.4821	0.0610	0.1576	0.1472	0.0105	0.3855	0.3350	0.0505	0.1847	0.1063	0.0784	0.0311	0.0278	0.0033	0.1535	0.0784	0.0751	0.0008	0.0306	0.0026	0.1414	3.0770	0.0000	0.0008	0.0042	0.0030	5.4205	0.0264	12.7338	0.0152	0.0007	0.1369	6.5173	0.0355	13.2900
17	112	0.4538	13	1	2	0	2	0	0	0	0	N	Y	N	Y	N	N	N	N	N	N	N	N	0.0000	0.0000	0.0000	0.0000	0.0000	0.0000	0.0000	0.0000	0.0000	0.0000	0.0000	0.0000	0.0000	0.0000	0.0000	0.0000	0.0000	0.0000	0.0000	0.0000	0.0000	0.0000	0.0000	0.0000	0.0000	0.4878	0.0000	-0.0000	8.1476	0.0019	4.0573	1.9928	0.0000	0.0000	0.0000	0.0000	0.0000	0.0000	0.0000	0.0000	0.0000	0.0000	0.0000	0.0000	0.0000	0.0000	0.0000	0.0000	0.0000	0.0000	0.0002	0.0002	0.0000	0.0001	0.0001	0.0000	0.0001	0.0001	0.0000	0.0109	0.0065	0.0044	0.0026	0.0022	0.0004	0.0082	0.0042	0.0040	0.0000	0.0000	0.0000	0.0000	0.0000	0.0000	0.0000	0.0000	0.0000	0.0000	0.0000	0.0000	0.0000	0.0000	0.0000	0.0000	0.0000	0.0000			
17	113	0.4302	12	1	2	0	2	0	0	0	0	N	Y	N	Y	N	N	N	N	N	N	N	N	1.5328	1.7969	0.0000	0.0000	0.0000	1.4695	2.1664	0.0000	0.0004	0.0004	0.0000	0.0000	0.0000	0.0000	0.0006	0.0007	0.0000	0.0002	0.0002	0.0003	0.0006	0.0007	0.0000	0.0004	0.0003	0.0003	0.0000	1.0030	-0.0000	-0.0000	8.1476	8.6942	4.0573	6.0502	0.0001	0.0001	0.0000	0.0000	0.0000	0.0000	0.0001	0.0001	0.0000	0.0000	0.0000	0.0000	0.0000	0.0000	0.0000	0.0000	0.0000	0.0000	0.3183	0.2856	0.0327	0.1177	0.1114	0.0063	0.2006	0.1742	0.0264	0.0829	0.0474	0.0355	0.0177	0.0150	0.0027	0.0652	0.0323	0.0328	1.5773	2.0122	0.0000	0.0000	0.0000	0.0000	3.9135	538.4582	0.0000	0.0002	0.0002	0.0003	0.0006	0.0007	0.0000	0.0002	0.0000	0.0003	
17	114	0.4513	16	0	2	0	2	0	0	0	0	N	Y	N	Y	N	N	N	N	N	N	N	N	0.0000	0.0000	0.0000	0.0000	0.0000	0.0000	0.0000	0.0000	0.0000	0.0000	0.0000	0.0000	0.0000	0.0000	0.0000	0.0000	0.0000	0.0000	0.0000	0.0000	8.1476	0.0001	4.0573	0.0001	0.0000	0.0000	0.0000	0.0000	0.0000	0.0000	0.0000	0.0000	0.0000	0.0000	0.0000	0.0000	0.0000	0.0000	0.0000	0.0000	0.0000	0.0000	0.0000	0.0000	0.0000	0.0000	0.0000	0.0000	0.0000	0.0000	0.0000	0.0000	0.0000	0.0000	0.0000	0.0000	0.0000	0.0000	0.0000	0.0000	0.0000	0.0000	0.0000	0.0000	0.0000	0.0000	0.0000	0.0000	0.0000	0.0000	0.0000	0.0000	0.0000	0.0000	0.0000	0.0000	0.0000	0.0000											
17	115	0.4446	15	0	2	0	2	0	0	0	0	N	Y	N	Y	N	N	N	N	N	N	N	N	0.0000	0.0000	0.0000	0.0000	0.0000	0.0000	0.0000	0.0000	0.0000	0.0000	0.0000	0.0000	0.0000	0.0000	0.0000	0.0000	0.0000	0.0000	0.0000	0.0000	8.1476	3.0007	4.0573	1.0012	0.0000	0.0000	0.0000	0.0000	0.0000	0.0000	0.0000	0.0000	0.0000	0.0000	0.0000	0.0000	0.0000	0.0000	0.0000	0.0000	0.0000	0.0000	0.1005	0.0892	0.0112	0.0309	0.0289	0.0020	0.0696	0.0604	0.0092	0.0220	0.0125	0.0095	0.0045	0.0038	0.0007	0.0175	0.0087	0.0088	0.0000	0.0000	0.0000	0.0000	0.0000	0.0000	0.0000	0.0000	0.0000	0.0000	0.0000	0.0000	0.0000	0.0000	0.0000	0.0000	0.0000	0.0000											
17	116	0.4427	14	0	1	0	2	0	0	0	0	N	N	N	Y	N	N	N	N	N	N	N	N	0.0000	0.0000	0.0000	0.0000	0.0000	0.0000	0.0000	0.0000	0.0000	0.0000	0.0000	0.0000	0.0000	0.1373	0.3800	0.0000	0.2922	0.3577	0.0000	0.0000	0.0000	0.0000	0.0000	0.0000	-0.0001	8.1476	1.1177	4.0573	0.0023	0.0000	0.0000	0.0000	0.0000	0.0000	0.0000	0.0000	0.0000	0.0000	0.0001	0.0001	0.0000	0.0001	0.0001	0.0000	0.0000	0.0000	0.0000	0.0398	0.0355	0.0043	0.0137	0.0128	0.0009	0.0261	0.0226	0.0034	0.0062	0.0035	0.0027	0.0013	0.0011	0.0002	0.0049	0.0024	0.0025	0.0000	0.0000	0.0000	0.0000	0.0000	0.0000	0.0000	0.0000	0.0000	0.0129	0.0228	0.0000	0.0632	0.0756	0.0000	0.0000	0.0000	0.0000						
17	117	0.4397	10	0	2	0	1	0	0	0	0	N	Y	N	N	N	N	N	N	N	N	N	N	4456.1319	4339.2655	10019.9542	6334.1212	0.1759	inf	1687.8884	265.4962	864.6315	1.3292	1.0895	3.2890	0.9457	0.0000	13.2866	1.5375	1.7210	0.3031	0.0003	0.0003	0.0003	0.0001	0.0002	0.0000	0.0009	0.0065	0.0004	0.3691	1.0392	-0.0240	-0.0000	8.1476	31.2782	4.0573	23.9277	1.3683	0.9994	0.3689	0.3427	0.0000	0.3427	1.0256	0.9994	0.0262	0.0001	0.0000	0.0000	0.0000	0.0000	0.0000	0.0001	0.0000	0.0000	1.0294	0.9173	0.1121	0.3624	0.3366	0.0258	0.6671	0.5807	0.0864	0.3100	0.1815	0.1285	0.0711	0.0630	0.0082	0.2389	0.1185	0.1203	4978.5839	4872.7582	10019.9542	6334.1212	0.1759	inf	5090.6325	6808.1666	864.6315	0.0003	0.0002	0.0003	0.0001	0.0002	0.0000	0.0003	0.0003	0.0004
17	118	0.4427	14	0	1	1	2	0	0	0	0	N	N	N	Y	N	N	N	N	N	N	N	N	0.0000	0.0000	0.0000	0.0000	0.0000	0.0000	0.0000	0.0000	0.0000	0.0000	0.0000	0.0000	0.0000	26.6438	0.0000	100.5965	0.0000	0.0000	0.0000	33.4844	0.0000	96.6571	inf	0.0000	0.3711	8.1476	3.8827	4.0573	2.9998	0.0000	0.0000	0.0000	0.0000	0.0000	0.0000	0.0000	0.0000	0.0000	0.9985	0.0000	0.9985	0.0000	0.0000	0.0000	0.9985	0.0000	0.9985	0.1318	0.1172	0.0146	0.0419	0.0392	0.0027	0.0899	0.0780	0.0118	0.0375	0.0212	0.0162	0.0077	0.0064	0.0013	0.0298	0.0148	0.0150	0.0000	0.0000	0.0000	0.0000	0.0000	0.0000	0.0000	0.0000	0.0000	26.6438	0.0000	61.4457	0.0000	0.0000	0.0000	33.4844	0.0000	66.5870						
17	119	0.4398	13	0	1	0	2	0	0	0	0	N	N	N	Y	N	N	N	N	N	N	N	N	0.0000	inf	0.0000	inf	inf	0.0000	0.0000	0.0000	0.0000	0.0000	0.0000	0.0000	0.0000	0.0000	0.0000	0.0000	0.0185	0.0000	0.0233	0.0000	0.0000	0.0000	0.0495	0.0000	0.0215	0.0000	inf	-0.0000	0.0000	8.1476	2.8083	4.0573	0.0030	0.0000	0.0000	0.0000	0.0000	0.0000	0.0000	0.0000	0.0000	0.0000	0.0001	0.0000	0.0001	0.0000	0.0000	0.0000	0.0001	0.0000	0.0001	0.1210	0.1090	0.0120	0.0477	0.0449	0.0028	0.0733	0.0641	0.0093	0.0155	0.0088	0.0067	0.0032	0.0027	0.0005	0.0123	0.0061	0.0062	0.0000	inf	0.0000	inf	inf	0.0000	0.0000	0.0000	0.0000	0.0052	0.0000	0.0119	0.0000	0.0000	0.0000	0.0065	0.0000	0.0129		
17	120	0.4398	13	0	1	1	2	0	0	0	0	N	N	N	Y	N	N	N	N	N	N	N	N	inf	inf	inf	inf	0.0001	0.0002	0.0000	0.0000	0.0000	0.0000	0.0002	0.0003	0.0000	0.0000	0.0000	0.0000	0.0000	0.0000	0.0000	0.0000	0.0000	0.0000	0.0000	-0.0000	0.0000	8.1476	9.6158	4.0573	0.0030	0.0000	0.0000	0.0000	0.0000	0.0000	0.0000	0.0000	0.0000	0.0000	0.0000	0.0000	0.0000	0.0000	0.0000	0.0000	0.0000	0.0000	0.0000	0.3427	0.3061	0.0366	0.1158	0.1086	0.0073	0.2269	0.1976	0.0293	0.0521	0.0296	0.0225	0.0107	0.0089	0.0017	0.0414	0.0206	0.0208	inf	inf	0.0000	0.0000	0.0000	0.0000	inf	inf	0.0000	0.0000	0.0000	0.0000	0.0000	0.0000	0.0000	0.0000	0.0000	0.0000						
17	121	0.4302	12	0	1	0	2	0	0	0	0	N	N	N	Y	N	N	N	N	N	N	N	N	87.6191	123.3877	0.0000	0.0000	0.0000	168.4909	2.5725	0.0000	0.0007	0.0008	0.0000	0.0000	0.0000	0.0000	0.0012	0.0014	0.0000	0.0000	0.0000	0.0000	0.0000	0.0000	0.0000	0.0000	0.0005	0.0000	0.0000	1.2135	-0.0000	-0.0000	8.1476	4.2457	4.0573	2.0144	0.0001	0.0001	0.0000	0.0000	0.0000	0.0000	0.0001	0.0001	0.0000	0.0000	0.0000	0.0000	0.0000	0.0000	0.0000	0.0000	0.0000	0.0000	0.1742	0.1578	0.0165	0.0749	0.0716	0.0034	0.0993	0.0862	0.0131	0.0379	0.0218	0.0161	0.0087	0.0075	0.0012	0.0292	0.0143	0.0149	87.6191	123.3877	0.0000	0.0000	0.0000	0.0000	172.6931	479.8795	0.0000	0.0000	0.0000	0.0000	0.0000	0.0000	0.0000	0.0000	0.0000	0.0000	
17	122	0.3880	11	0	1	0	2	0	0	0	0	N	N	N	Y	N	N	N	N	N	N	N	N	4708.7163	2015.2018	0.0000	0.0809	0.0739	4589.6849	276.5053	0.0000	2.3085	2.5787	0.0000	0.0001	0.0001	0.0000	3.4848	4.0102	0.0000	0.0005	0.0013	0.0000	0.0008	0.0010	0.0000	0.0008	0.0145	0.0000	0.0000	0.0019	-0.2869	-0.0000	8.1476	11.9190	4.0573	13.1740	0.9991	0.9991	0.0000	0.0000	0.0000	0.0000	0.9991	0.9991	0.0000	0.0001	0.0000	0.0000	0.0000	0.0000	0.0000	0.0000	0.0000	0.0000	0.4328	0.3874	0.0453	0.1461	0.1383	0.0078	0.2867	0.2491	0.0376	0.1367	0.0768	0.0598	0.0237	0.0205	0.0032	0.1130	0.0564	0.0566	6299.1494	3963.6892	0.0000	0.0809	0.0739	0.0000	13118.3548	7554.9948	0.0000	0.0004	0.0007	0.0000	0.0008	0.0010	0.0000	0.0003	0.0005	0.0000	
17	123	0.8150	15	0	1	1	2	0	0	0	0	N	N	N	Y	N	N	N	N	N	N	N	N	0.0000	0.0000	0.0000	0.0000	0.0000	0.0000	0.0000	0.0000	0.0000	0.0000	0.0000	0.0000	0.0000	0.0000	0.0000	0.0000	0.0000	0.0000	0.0000	0.0000	0.0000	0.0000	0.0000	0.0000	inf	0.0000	0.0000	8.1476	12.8936	4.0573	4.1514	0.0000	0.0000	0.0000	0.0000	0.0000	0.0000	0.0000	0.0000	0.0000	0.0000	0.0000	0.0000	0.0000	0.0000	0.0000	0.0000	0.0000	0.0000	0.4229	0.3818	0.0411	0.1962	0.1846	0.0116	0.2267	0.1972	0.0295	0.0656	0.0399	0.0257	0.0247	0.0207	0.0040	0.0409	0.0192	0.0217	0.0000	0.0000	0.0000	0.0000	0.0000	0.0000	0.0000	0.0000	0.0000	0.0000	0.0000	0.0000	0.0000	0.0000	0.0000	0.0000	0.0000	0.0000				
17	124	0.4033	12	0	2	0	1	0	0	0	0	N	Y	N	N	N	N	N	N	N	N	N	N	0.0062	0.0043	1.0504	0.0109	0.0106	2194.0163	0.0000	0.0000	0.0001	0.0021	0.0024	0.0002	0.0071	0.0075	0.0013	0.0000	0.0000	0.0000	0.3425	0.5456	0.0002	0.6504	0.7052	0.0000	0.0003	0.0003	0.0002	0.0107	0.0038	-0.0003	-0.0018	8.1476	12.7386	4.0573	8.7370	0.0009	0.0009	0.0000	0.0009	0.0009	0.0000	0.0000	0.0000	0.0000	0.0028	0.0028	0.0000	0.0028	0.0028	0.0000	0.0000	0.0000	0.0000	0.4410	0.3929	0.0480	0.1323	0.1244	0.0080	0.3086	0.2686	0.0401	0.1225	0.0692	0.0533	0.0236	0.0206	0.0030	0.0989	0.0486	0.0503	0.0926	0.0583	1.0504	0.0596	0.0548	2194.0163	0.0000	0.0000	0.0001	0.0230	0.0406	0.0002	0.1192	0.1364	0.0000	0.0001	0.0000	0.0002
17	125	0.3880	11	0	2	0	1	0	0	0	0	N	Y	N	N	N	N	N	N	N	N	N	N	0.0062	0.0051	0.0000	0.6834	0.6006	0.0000	0.0063	0.0035	0.0000	0.0035	0.0039	0.0000	0.0019	0.0020	0.0000	0.0044	0.0050	0.0000	0.5635	0.7664	0.0032	0.0028	0.0034	0.0000	0.6933	1.4623	0.0033	0.0000	0.0289	-0.0003	-0.0017	8.1476	8.6431	4.0573	1.4782	0.0012	0.0012	0.0000	0.0002	0.0002	0.0000	0.0009	0.0009	0.0000	0.0028	0.0028	0.0001	0.0000	0.0000	0.0000	0.0028	0.0027	0.0001	0.3303	0.2965	0.0337	0.1181	0.1123	0.0058	0.2121	0.1843	0.0279	0.0585	0.0330	0.0255	0.0107	0.0093	0.0014	0.0478	0.0236	0.0241	0.0723	0.0467	0.0000	0.6834	0.6275	0.0000	0.0745	0.0437	0.0000	0.0485	0.0837	0.0031	0.0028	0.0033	0.0000	0.0588	0.1155	0.0033
17	126	0.3785	10	0	1	0	1	0	0	0	0	N	N	N	N	N	N	N	N	N	N	N	N	2.0468	0.9314	1628.0970	136.0076	0.0000	1516.6985	0.9745	0.0528	0.1976	0.0014	0.0013	0.0021	0.0005	0.0000	0.0093	0.0019	0.0022	0.0000	0.0007	0.0014	0.0000	0.0000	0.0000	0.0000	0.0020	0.0414	0.0000	0.1817	0.0011	-0.0000	-0.0000	8.1476	4.1618	4.0573	2.0491	0.0003	0.0002	0.0000	0.0000	0.0000	0.0000	0.0002	0.0002	0.0000	0.0000	0.0000	0.0000	0.0000	0.0000	0.0000	0.0000	0.0000	0.0000	0.1899	0.1712	0.0187	0.0750	0.0707	0.0043	0.1149	0.1005	0.0144	0.0451	0.0284	0.0167	0.0111	0.0103	0.0009	0.0340	0.0182	0.0159	3.0848	1.8255	1628.0970	136.0076	0.0000	1516.6985	3.2601	1.9915	0.1976	0.0004	0.0007	0.0000	0.0000	0.0000	0.0000	0.0006	0.0011	0.0000
17	127	0.3494	9	0	1	0	1	0	0	0	0	N	N	N	N	N	N	N	N	N	N	N	N	0.0061	0.0015	0.0000	0.0061	0.0057	0.0000	0.0000	0.0000	0.0001	0.0001	0.0000	0.0004	0.0005	0.0000	0.0000	0.0000	0.0000	0.0211	0.0981	0.0000	0.0720	0.0834	0.0000	0.0000	0.0000	0.0000	0.0000	0.0000	-0.0000	-0.0004	8.1476	9.4810	4.0573	7.4917	0.0000	0.0000	0.0000	0.0000	0.0000	0.0000	0.0000	0.0000	0.0000	0.0006	0.0006	0.0000	0.0006	0.0006	0.0000	0.0000	0.0000	0.0000	0.3100	0.2750	0.0350	0.0905	0.0844	0.0061	0.2196	0.1906	0.0290	0.1047	0.0623	0.0424	0.0199	0.0180	0.0019	0.0848	0.0443	0.0405	0.0228	0.0153	0.0000	0.0148	0.0144	0.0000	0.0000	0.0000	0.0000	0.0057	0.0095	0.0000	0.0297	0.0328	0.0000	0.0000	0.0000	0.0000	
17	128	0.8272	16	1	2	0	1	0	0	0	0	N	Y	N	N	N	N	N	N	N	N	N	N	0.0000	0.0000	0.0000	0.0000	0.0000	0.0000	0.0000	0.0000	0.0000	0.0000	0.0000	0.0000	0.0000	0.0013	0.0000	0.0017	0.0000	0.0000	0.0000	0.0045	0.0000	0.0021	inf	0.0000	0.0000	8.1476	2.0107	4.0573	1.9995	0.0000	0.0000	0.0000	0.0000	0.0000	0.0000	0.0000	0.0000	0.0000	0.0000	0.0000	0.0000	0.0000	0.0000	0.0000	0.0000	0.0000	0.0000	0.0622	0.0559	0.0063	0.0286	0.0269	0.0017	0.0336	0.0290	0.0045	0.0146	0.0089	0.0057	0.0058	0.0049	0.0009	0.0088	0.0040	0.0048	0.0000	0.0000	0.0000	0.0000	0.0000	0.0000	0.0000	0.0000	0.0000	0.0007	0.0000	0.0017	0.0000	0.0000	0.0000	0.0011	0.0000	0.0021						
17	129	0.8150	15	1	2	0	1	0	0	0	0	N	Y	N	N	N	N	N	N	N	N	N	N	0.0000	0.0000	0.0000	0.0000	0.0000	0.0000	0.0000	0.0000	0.0000	0.0000	0.0000	0.0000	0.0000	0.0000	0.0000	0.0000	0.0000	0.0005	0.0011	0.0000	0.0010	0.0012	0.0000	0.0000	0.0000	0.0000	0.0145	0.0000	-0.0000	8.1476	5.6459	4.0573	1.1399	0.0000	0.0000	0.0000	0.0000	0.0000	0.0000	0.0000	0.0000	0.0000	0.0000	0.0000	0.0000	0.0000	0.0000	0.0000	0.0000	0.0000	0.0000	0.2053	0.1861	0.0192	0.1020	0.0961	0.0059	0.1033	0.0900	0.0133	0.0267	0.0163	0.0105	0.0101	0.0084	0.0016	0.0167	0.0078	0.0089	0.0000	0.0000	0.0000	0.0000	0.0000	0.0000	0.0000	0.0000	0.0000	0.0004	0.0006	0.0000	0.0010	0.0012	0.0000	0.0000	0.0000	0.0000		
17	130	0.7846	14	0	1	0	1	0	0	0	0	N	N	N	N	N	N	N	N	N	N	N	N	0.0000	0.0000	0.0000	0.0000	0.0000	0.0000	0.0000	0.0000	0.0000	0.0000	0.0000	0.0000	0.0000	0.0000	0.0000	0.0000	0.0000	0.0000	0.0002	0.0000	0.0005	0.0002	0.0000	0.0015	0.0005	0.0000	0.0004	103.8581	0.0000	0.0000	8.1476	11.6079	4.0573	5.3766	0.0000	0.0000	0.0000	0.0000	0.0000	0.0000	0.0000	0.0000	0.0000	0.0000	0.0000	0.0000	0.0000	0.0000	0.0000	0.0000	0.0000	0.0000	0.4499	0.4075	0.0424	0.2253	0.2111	0.0142	0.2246	0.1964	0.0282	0.0872	0.0539	0.0333	0.0343	0.0303	0.0040	0.0530	0.0237	0.0293	0.0000	0.0000	0.0000	0.0000	0.0000	0.0000	0.0000	0.0000	0.0000	0.0002	0.0000	0.0005	0.0002	0.0000	0.0015	0.0002	0.0000	0.0004	
17	131	0.7668	13	0	1	0	1	0	0	0	0	N	N	N	N	N	N	N	N	N	N	N	N	0.0000	0.0000	0.0000	0.0000	0.0000	0.0000	0.0000	0.0000	0.0000	0.0000	0.0000	0.0000	0.0000	0.0000	0.0000	0.0000	0.0000	0.0000	0.0455	0.0044	0.0477	0.0385	0.0029	0.4180	0.0021	0.0008	0.0013	6.4999	0.0000	0.0002	8.1476	3.9355	4.0573	8.7078	0.0000	0.0000	0.0000	0.0000	0.0000	0.0000	0.0000	0.0000	0.0000	0.0007	0.0001	0.0006	0.0007	0.0001	0.0006	0.0000	0.0000	0.0000	0.1740	0.1576	0.0164	0.0851	0.0801	0.0050	0.0889	0.0775	0.0114	0.0854	0.0579	0.0275	0.0363	0.0327	0.0036	0.0491	0.0252	0.0239	0.0000	0.0000	0.0000	0.0000	0.0000	0.0000	0.0000	0.0000	0.0000	0.0083	0.0016	0.0225	0.0188	0.0029	0.1635	0.0006	0.0000	0.0013	
17	132	0.7551	12	0	1	0	1	0	0	0	0	N	N	N	N	N	N	N	N	N	N	N	N	0.0003	0.0003	0.0000	0.0001	0.0001	0.0000	0.0121	0.0150	0.0000	0.0002	0.0002	0.0000	0.0001	0.0001	0.0000	0.0003	0.0003	0.0000	0.6301	0.7527	0.0558	0.7565	0.7332	0.3073	0.0242	0.0224	0.0098	0.0000	0.1672	-0.0000	-0.0018	8.1476	6.2657	4.0573	3.9760	0.0000	0.0000	0.0000	0.0000	0.0000	0.0000	0.0000	0.0000	0.0000	0.0037	0.0032	0.0005	0.0036	0.0032	0.0004	0.0002	0.0000	0.0001	0.2678	0.2420	0.0258	0.1309	0.1231	0.0078	0.1370	0.1189	0.0180	0.0615	0.0397	0.0217	0.0253	0.0225	0.0029	0.0362	0.0173	0.0189	0.0031	0.0026	0.0000	0.0005	0.0006	0.0000	0.0702	0.4512	0.0000	0.0603	0.0799	0.0244	0.1404	0.1408	0.1373	0.0042	0.0007	0.0073
17	133	0.6778	11	0	1	0	1	0	0	0	0	N	N	N	N	N	N	N	N	N	N	N	N	0.0446	0.6707	0.0000	2.4015	2.2860	0.0000	0.0107	0.0316	0.0000	0.0100	0.0111	0.0000	0.0172	0.0183	0.0000	0.0043	0.0050	0.0000	0.2248	0.0166	0.1151	0.0072	0.0080	0.0022	0.4073	0.1585	0.1307	0.0000	5.1800	-0.0026	0.0009	8.1476	26.7012	4.0573	18.2690	0.0091	0.0091	0.0000	0.0069	0.0069	0.0000	0.0022	0.0022	0.0000	0.0043	0.0007	0.0036	0.0006	0.0005	0.0000	0.0038	0.0002	0.0036	0.9050	0.8144	0.0906	0.3999	0.3754	0.0245	0.5051	0.4391	0.0661	0.2600	0.1668	0.0932	0.1021	0.0900	0.0121	0.1579	0.0768	0.0811	0.5993	2.6399	0.0000	3.1817	3.1367	0.0000	0.1809	2.1542	0.0000	0.0167	0.0042	0.0391	0.0054	0.0058	0.0022	0.0240	0.0023	0.0446
17	134	0.4397	10	0	1	0	1	0	0	0	0	N	N	N	N	N	N	N	N	N	N	N	N	262.9187	203.1345	8.4805	130.4633	111.1960	618.6837	385.3108	134.1795	0.2764	1.4827	1.6594	0.0135	1.0904	1.1651	0.0632	1.6752	1.9183	0.0005	0.0056	0.0082	0.0016	0.0084	0.0105	0.0001	0.0043	0.0143	0.0017	0.0010	0.4654	-0.7637	-0.0004	8.1476	61.4372	4.0573	55.8589	2.6687	2.6661	0.0026	0.6459	0.6434	0.0025	2.0227	2.0227	0.0001	0.0011	0.0008	0.0004	0.0007	0.0007	0.0000	0.0005	0.0001	0.0004	1.7999	1.6066	0.1933	0.5924	0.5522	0.0402	1.2075	1.0544	0.1531	0.5383	0.3100	0.2283	0.1087	0.0945	0.0143	0.4296	0.2155	0.2140	696.8677	658.1824	8.4805	176.9753	164.6551	618.6837	1513.8394	3656.5296	0.2764	0.0021	0.0025	0.0016	0.0062	0.0071	0.0001	0.0011	0.0005	0.0017
17	135	0.3494	9	0	1	0	1	0	0	0	0	N	N	N	N	N	N	N	N	N	N	N	N	57.8507	26.0173	0.0000	48.0874	42.7517	0.0000	0.1129	0.0261	0.0000	0.3762	0.4232	0.0000	1.3088	1.4006	0.0000	0.0000	0.0000	0.0000	0.0065	0.0163	0.0001	0.0272	0.0328	0.0000	0.0001	0.0006	0.0001	0.0000	0.0165	-0.1059	-0.0004	8.1476	31.7621	4.0573	18.5886	0.3689	0.3689	0.0000	0.3689	0.3689	0.0000	0.0000	0.0000	0.0000	0.0006	0.0006	0.0000	0.0006	0.0006	0.0000	0.0000	0.0000	0.0000	0.9806	0.8717	0.1089	0.2818	0.2634	0.0185	0.6987	0.6083	0.0904	0.2662	0.1512	0.1150	0.0425	0.0377	0.0048	0.2236	0.1135	0.1102	157.5935	102.3721	0.0000	89.0620	84.5810	0.0000	0.3026	4.1449	0.0000	0.0024	0.0041	0.0001	0.0147	0.0166	0.0000	0.0000	0.0000	0.0001
18	19	0.2112	10	0	2	0	1	0	0	0	0	N	Y	N	N	N	N	N	N	N	N	N	N	0.0000	0.0000	0.0000	0.0000	0.0000	0.0000	0.0000	0.0000	0.0000	0.0000	0.0000	0.0000	0.0000	0.0000	0.0000	0.0000	0.0000	0.0000	0.0000	0.0000	12.7610	3.0000	15.2058	1.0000	0.0000	0.0000	0.0000	0.0000	0.0000	0.0000	0.0000	0.0000	0.0000	0.0000	0.0000	0.0000	0.0000	0.0000	0.0000	0.0000	0.0000	0.0000	0.1625	0.1433	0.0192	0.0362	0.0345	0.0018	0.1262	0.1088	0.0174	0.0612	0.0317	0.0295	0.0074	0.0066	0.0008	0.0538	0.0251	0.0287	0.0000	0.0000	0.0000	0.0000	0.0000	0.0000	0.0000	0.0000	0.0000	0.0000	0.0000	0.0000	0.0000	0.0000	0.0000	0.0000	0.0000	0.0000											
18	20	0.6332	11	0	2	0	1	0	0	0	0	N	Y	N	N	N	N	N	N	N	N	N	N	2562.5566	1895.1171	0.0000	2679.4929	2521.6901	0.0000	0.0000	0.0000	0.6401	0.7127	0.0000	1.4166	1.5064	0.0000	0.0000	0.0000	0.0000	0.0002	0.0004	0.0002	0.0005	0.0006	0.0000	0.0002	0.0003	0.0002	0.0000	0.3335	-0.1016	-0.0000	12.7610	9.0824	15.2058	4.8637	0.3538	0.3538	0.0000	0.3538	0.3538	0.0000	0.0000	0.0000	0.0000	0.0000	0.0000	0.0000	0.0000	0.0000	0.0000	0.0000	0.0000	0.0000	0.5528	0.4965	0.0563	0.2498	0.2349	0.0149	0.3030	0.2616	0.0414	0.1643	0.1013	0.0630	0.0567	0.0502	0.0065	0.1076	0.0511	0.0565	2627.0489	2404.4433	0.0000	2679.4929	2521.6901	0.0000	0.0000	0.0000	0.0000	0.0002	0.0003	0.0002	0.0005	0.0006	0.0000	0.0001	0.0000	0.0002	
18	21	0.2530	8	1	2	0	0	0	0	0	0	N	Y	N	N	N	N	N	N	N	N	N	N	1619.6332	723.5155	0.0000	0.1474	0.1397	0.0000	514792.4992	21559.9180	0.0000	3.6378	4.1321	0.0000	0.0011	0.0012	0.0000	4.7237	5.4918	0.0000	0.0022	0.0057	0.0000	0.0075	0.0084	0.0000	0.0000	0.0003	0.0000	0.0000	0.0056	-0.2858	-0.0002	12.7610	5.0072	15.2058	8.1033	0.9955	0.9955	0.0000	0.0001	0.0001	0.0000	0.9954	0.9954	0.0000	0.0002	0.0002	0.0000	0.0002	0.0002	0.0000	0.0000	0.0000	0.0000	0.2736	0.2409	0.0327	0.0629	0.0597	0.0033	0.2107	0.1813	0.0295	0.2332	0.1246	0.1087	0.0429	0.0397	0.0033	0.1903	0.0849	0.1054	3485.6707	2126.5295	0.0000	0.1974	0.1924	0.0000	624961.2230	6198699.2866	0.0000	0.0010	0.0019	0.0000	0.0056	0.0061	0.0000	0.0000	0.0000	0.0000
18	22	0.1633	6	0	2	0	0	0	0	0	0	N	Y	N	N	N	N	N	N	N	N	N	N	0.0000	0.0001	0.0000	0.0002	0.0002	0.0002	0.0000	0.0006	0.0000	0.0000	0.0000	0.0000	0.0002	0.0002	0.0000	0.0000	0.0000	0.0000	7.0505	0.5532	22.1956	1.1218	1.1195	0.1139	7.7513	0.0022	24.4521	0.0051	331.3556	-0.0000	1.0996	12.7610	17.0533	15.2058	10.0403	0.0000	0.0000	0.0000	0.0000	0.0000	0.0000	0.0000	0.0000	0.0000	2.9830	0.0090	2.9740	0.0091	0.0090	0.0002	2.9738	0.0000	2.9738	0.9259	0.8176	0.1083	0.1920	0.1834	0.0086	0.7340	0.6342	0.0997	0.4231	0.2144	0.2087	0.0394	0.0372	0.0023	0.3837	0.1773	0.2064	0.0000	0.0012	0.0000	0.0009	0.0009	0.0003	0.0000	0.0245	0.0000	7.0505	0.0419	14.2523	0.2314	0.2412	0.0707	7.7513	0.0001	14.4076
18	23	0.4938	13	0	1	0	1	0	0	0	0	N	N	N	N	N	N	N	N	N	N	N	N	35705.3510	inf	0.0000	inf	inf	0.0000	0.0000	0.0011	0.0012	0.0000	0.0029	0.0030	0.0000	0.0000	0.0000	0.0000	0.0000	0.0000	0.0000	0.0000	0.0000	0.0000	0.0000	0.0000	0.0000	0.0000	inf	-0.0000	0.0000	12.7610	2.8591	15.2058	0.9679	0.0002	0.0002	0.0000	0.0002	0.0002	0.0000	0.0000	0.0000	0.0000	0.0000	0.0000	0.0000	0.0000	0.0000	0.0000	0.0000	0.0000	0.0000	0.1568	0.1400	0.0168	0.0602	0.0570	0.0032	0.0967	0.0830	0.0136	0.0456	0.0257	0.0198	0.0107	0.0093	0.0014	0.0349	0.0164	0.0184	35705.3510	inf	0.0000	inf	inf	0.0000	0.0000	0.0000	0.0000	0.0000	0.0000	0.0000	0.0000	0.0000	0.0000	0.0000	0.0000	0.0000		
18	24	0.4676	12	0	1	0	1	0	0	0	0	N	N	N	N	N	N	N	N	N	N	N	N	0.0542	0.0154	inf	0.2343	0.2007	0.0246	0.0016	inf	0.0009	0.0010	0.0000	0.0009	0.0010	0.0000	0.0008	0.0009	0.0000	0.0158	0.0625	0.0000	0.0040	0.0049	0.0000	0.0328	0.6052	0.0000	0.0000	0.0000	-0.0001	-0.0004	12.7610	6.2936	15.2058	7.0245	0.0003	0.0003	0.0000	0.0001	0.0001	0.0000	0.0002	0.0002	0.0000	0.0007	0.0007	0.0000	0.0001	0.0001	0.0000	0.0006	0.0006	0.0000	0.3404	0.3036	0.0369	0.1279	0.1211	0.0068	0.2125	0.1824	0.0301	0.1476	0.0846	0.0630	0.0324	0.0282	0.0042	0.1152	0.0564	0.0588	0.1834	0.1179	inf	0.2542	0.2334	0.0000	0.1633	0.0931	inf	0.0047	0.0082	0.0000	0.0037	0.0042	0.0000	0.0049	0.0101	0.0000	
18	25	0.2016	5	1	1	1	0	0	0	0	0	N	N	N	N	N	N	N	N	N	N	N	N	0.2191	0.0000	6005.4354	13.8792	0.0612	inf	0.2690	0.0000	6742.1321	2.4247	0.0009	17.9410	0.5150	0.0025	6.8366	3.2768	0.0001	20.2354	11.0676	21.5332	0.0030	0.0371	0.0407	0.0000	12.1792	25.9068	0.0030	3240.2431	0.0001	0.5255	-0.6255	12.7610	4.4994	15.2058	1.0731	0.7375	0.0002	0.7373	0.0483	0.0002	0.0481	0.6892	0.0000	0.6892	0.9957	0.9955	0.0001	0.0002	0.0002	0.0000	0.9955	0.9954	0.0001	0.3042	0.2631	0.0411	0.0938	0.0868	0.0070	0.2103	0.1763	0.0341	0.0900	0.0462	0.0437	0.0082	0.0078	0.0004	0.0817	0.0384	0.0433	0.2191	0.0000	6034.5332	28.1556	0.1296	inf	0.2690	0.0000	6742.1321	11.0676	21.5332	0.0030	0.0183	0.0193	0.0000	12.1792	25.9068	0.0030
18	26	0.2146	7	0	2	0	0	0	0	0	0	N	Y	N	N	N	N	N	N	N	N	N	N	0.0000	0.0000	0.0002	0.0000	0.0000	0.1260	0.0000	0.0000	0.0000	0.0000	0.0000	0.0001	0.0001	0.0000	0.0007	0.0000	0.0000	0.0000	2.9492	5.2983	0.6324	17.0591	19.2744	0.0059	0.6664	0.0098	0.5347	1.6157	0.0152	0.0000	-0.6219	12.7610	12.3098	15.2058	9.0087	0.0000	0.0000	0.0000	0.0000	0.0000	0.0000	0.0000	0.0000	0.0000	1.0138	0.9986	0.0152	0.9986	0.9986	0.0000	0.0152	0.0001	0.0151	0.7135	0.6282	0.0853	0.1856	0.1722	0.0133	0.5279	0.4560	0.0720	0.3437	0.1885	0.1553	0.0585	0.0518	0.0067	0.2852	0.1367	0.1485	0.0000	0.0000	0.0012	0.0000	0.0000	0.1260	0.0000	0.0000	0.0000	2.9492	5.2983	0.0977	17.0591	19.2744	0.0059	0.0532	0.0004	0.1018
18	27	0.1914	6	0	2	0	0	0	0	0	0	N	Y	N	N	N	N	N	N	N	N	N	N	0.0000	0.0393	0.0000	0.0184	0.0800	0.0000	0.0000	0.0005	0.0000	0.0000	0.0000	0.0000	0.0002	0.0002	0.0000	0.0000	0.0000	0.0000	0.8863	0.0011	2.5541	0.0085	0.0021	0.0900	1.0388	0.0018	2.5065	0.0000	537.7700	-0.0000	0.0452	12.7610	25.8727	15.2058	15.5187	0.0001	0.0001	0.0000	0.0001	0.0001	0.0000	0.0000	0.0000	0.0000	0.1224	0.0002	0.1221	0.0007	0.0002	0.0005	0.1216	0.0000	0.1216	1.4363	1.2609	0.1754	0.3351	0.3127	0.0224	1.1012	0.9482	0.1530	0.6830	0.3833	0.2998	0.1122	0.1038	0.0085	0.5708	0.2795	0.2913	0.0002	0.0712	0.0000	0.0248	0.0800	0.0000	0.0000	0.0259	0.0000	0.1791	0.0006	0.4074	0.0063	0.0021	0.0580	0.2131	0.0000	0.4175
18	28	0.1184	4	1	2	0	0	0	0	0	0	N	Y	N	N	N	N	N	N	N	N	N	N	0.0439	4.7228	0.0001	3.5989	3.5431	0.1841	0.0157	25.9167	0.0001	0.0621	0.0712	0.0004	0.2254	0.2389	0.0000	0.0254	0.0296	0.0004	1.4137	0.0151	5.2576	0.0626	0.0674	0.0000	1.6133	0.0011	5.4415	0.0008	600.9430	-0.0374	0.3674	12.7610	38.1974	15.2058	14.3032	0.1307	0.1306	0.0001	0.0871	0.0871	0.0000	0.0436	0.0435	0.0001	0.9929	0.0016	0.9912	0.0016	0.0016	0.0000	0.9912	0.0000	0.9912	2.1047	1.8336	0.2711	0.3864	0.3646	0.0218	1.7182	1.4690	0.2493	0.8265	0.4201	0.4064	0.0586	0.0574	0.0012	0.7679	0.3627	0.4052	0.0517	18.1366	0.0002	8.0334	8.3410	0.1841	0.0196	2168.2658	0.0002	1.2014	0.0039	2.4391	0.0281	0.0286	0.0000	1.2909	0.0000	2.4463
18	29	0.2215	8	0	2	0	0	0	0	0	0	N	Y	N	N	N	N	N	N	N	N	N	N	0.0000	0.0000	0.0000	0.0000	0.0000	0.0000	0.0000	0.0000	0.0000	0.0000	0.0000	0.0000	0.0001	0.0001	0.0000	0.0000	0.0000	0.0000	7.4976	6.7981	14.3791	2.1203	2.1845	0.0000	8.9575	9.1810	15.5629	0.0000	1.0154	-0.0000	-0.2506	12.7610	6.0056	15.2058	10.9350	0.0000	0.0000	0.0000	0.0000	0.0000	0.0000	0.0000	0.0000	0.0000	2.0126	0.9986	1.0140	0.0341	0.0341	0.0000	1.9785	0.9645	1.0140	0.4083	0.3607	0.0476	0.1354	0.1257	0.0097	0.2729	0.2350	0.0379	0.2684	0.1469	0.1215	0.0476	0.0418	0.0057	0.2209	0.1051	0.1158	0.0000	0.0000	0.0000	0.0001	0.0001	0.0000	0.0000	0.0000	0.0000	7.4976	6.7981	8.3432	0.7171	0.8150	0.0000	8.9575	9.1810	8.7548
18	30	0.2816	8	1	2	0	0	0	0	0	0	N	Y	N	N	N	N	N	N	N	N	N	N	0.0000	0.0000	0.0000	0.0000	0.0000	0.0000	0.0000	0.0000	0.0000	0.0000	0.0000	0.0000	0.0000	0.0000	0.0000	0.0000	0.0000	1.7796	2.8486	0.0000	1.3402	1.3642	0.0000	2.3726	4.7677	0.0000	0.0000	0.0000	-0.0000	-0.6208	12.7610	17.1852	15.2058	7.8386	0.0000	0.0000	0.0000	0.0000	0.0000	0.0000	0.0000	0.0000	0.0000	0.9879	0.9879	0.0000	0.0465	0.0465	0.0000	0.9414	0.9414	0.0000	1.6470	1.4826	0.1644	0.6736	0.6451	0.0285	0.9733	0.8375	0.1358	0.5551	0.3468	0.2083	0.1584	0.1493	0.0090	0.3968	0.1975	0.1993	0.0000	0.0000	0.0000	0.0000	0.0000	0.0000	0.0000	0.0000	0.0000	1.7796	2.8486	0.0000	0.2935	0.3112	0.0000	2.3726	4.7677	0.0000	
18	31	0.3221	9	0	2	0	0	0	0	0	0	N	Y	N	N	N	N	N	N	N	N	N	N	0.0119	4.3009	0.0257	0.2544	2.2720	0.0157	0.0146	1.9181	0.0276	0.0456	0.0006	0.3490	0.0023	0.0022	0.0031	0.0608	0.0000	0.4028	3.8150	0.0001	13.5724	0.0090	0.0010	0.1952	4.1569	0.0000	14.6120	80.2800	49848.0873	0.0180	0.3705	12.7610	9.9927	15.2058	7.0404	0.0257	0.0003	0.0254	0.0003	0.0003	0.0000	0.0254	0.0000	0.0254	0.9970	0.0000	0.9970	0.0001	0.0000	0.0001	0.9969	0.0000	0.9969	0.5646	0.4918	0.0728	0.1467	0.1369	0.0098	0.4178	0.3548	0.0630	0.2613	0.1336	0.1277	0.0215	0.0204	0.0012	0.2398	0.1133	0.1265	0.0119	4.3009	0.0447	0.3521	2.2720	0.0299	0.0146	723.7647	0.0511	3.8150	0.0001	7.8078	0.0065	0.0010	0.1024	4.1569	0.0000	7.8791
18	32	0.3140	8	0	2	0	0	0	0	0	0	N	Y	N	N	N	N	N	N	N	N	N	N	11.8361	2.1463	116.7972	6.4467	6.2252	0.0000	14.2366	0.0013	162.6176	5.4061	0.0163	36.7908	0.0462	0.0486	0.0000	7.6954	0.0001	40.9081	0.4567	0.0076	0.3150	0.0072	0.0078	0.0004	0.5405	0.0961	0.2516	388.2418	27.4318	1.0199	0.0009	12.7610	3.8146	15.2058	0.9911	1.4358	0.0037	1.4321	0.0037	0.0037	0.0000	1.4322	0.0000	1.4321	0.0026	0.0001	0.0025	0.0000	0.0000	0.0000	0.0025	0.0001	0.0025	0.2656	0.2267	0.0389	0.0795	0.0756	0.0039	0.1861	0.1511	0.0350	0.0753	0.0381	0.0371	0.0056	0.0053	0.0003	0.0696	0.0328	0.0368	159.0307	6.8963	553.3908	8.5400	8.4908	0.0000	211.9330	0.0690	609.8272	0.0340	0.0024	0.0665	0.0054	0.0057	0.0004	0.0363	0.0018	0.0671
18	33	0.3140	8	0	2	0	0	0	0	0	0	N	Y	N	N	N	N	N	N	N	N	N	N	781.4672	3520.4429	0.0000	1820.5974	1831.6743	0.0000	0.0000	0.2788	0.3188	0.0000	1.1095	1.1868	0.0000	0.0000	0.0000	0.0000	0.0004	0.0001	0.0005	0.0006	0.0006	0.0000	0.0008	0.0000	0.0005	0.0000	5.4976	-0.1072	0.0000	12.7610	24.4476	15.2058	5.0002	0.3733	0.3733	0.0000	0.3733	0.3733	0.0000	0.0000	0.0000	0.0000	0.0001	0.0000	0.0001	0.0000	0.0000	0.0000	0.0001	0.0000	0.0001	1.3392	1.1710	0.1682	0.3365	0.3146	0.0219	1.0028	0.8564	0.1463	0.4382	0.2231	0.2150	0.0328	0.0309	0.0020	0.4054	0.1923	0.2131	939.9549	3556.9319	0.0000	1820.5974	1831.6743	0.0000	0.0000	0.0000	0.0000	0.0003	0.0001	0.0005	0.0006	0.0006	0.0000	0.0003	0.0000	0.0005		
18	34	0.3621	8	0	2	1	1	0	0	0	0	N	Y	N	N	N	N	N	N	N	N	N	N	0.0000	0.0067	0.0000	0.0000	0.0300	0.0000	0.0000	0.0000	0.0000	0.0000	0.0000	0.0000	0.0001	0.0001	0.0000	0.0000	0.0000	0.0000	20.9489	0.0056	66.7876	60.5266	0.0024	859.0096	0.3570	0.0633	0.1049	0.0000	18629.9225	-0.0000	0.3462	12.7610	1.3124	15.2058	1.0060	0.0000	0.0000	0.0000	0.0000	0.0000	0.0000	0.0000	0.0000	0.0000	0.9318	0.0001	0.9317	0.9311	0.0000	0.9311	0.0006	0.0000	0.0006	0.0960	0.0874	0.0086	0.0466	0.0451	0.0015	0.0494	0.0423	0.0071	0.0445	0.0263	0.0182	0.0154	0.0124	0.0030	0.0291	0.0139	0.0152	0.0000	0.0198	0.0000	0.0000	0.0300	0.0000	0.0000	0.0001	0.0000	20.9489	0.0019	51.2362	60.5266	0.0024	308.9815	0.0216	0.0014	0.0402
18	35	0.2307	7	0	1	0	1	0	0	0	0	N	N	N	N	N	N	N	N	N	N	N	N	0.0093	0.0072	0.0000	0.0045	0.0139	0.0000	0.0090	0.0056	0.0004	0.0128	0.0144	0.0000	0.0084	0.0089	0.0000	0.0144	0.0166	0.0000	1.3870	2.0154	1.1396	1.8835	0.6383	35.1724	1.6041	2.9753	0.0001	0.0000	0.0613	-0.0105	-0.6742	12.7610	53.2438	15.2058	16.6757	0.0367	0.0367	0.0000	0.0063	0.0063	0.0000	0.0304	0.0304	0.0000	1.1815	1.1133	0.0682	0.0860	0.0178	0.0682	1.0955	1.0954	0.0000	2.8592	2.5417	0.3175	0.7433	0.7061	0.0372	2.1159	1.8356	0.2803	1.0139	0.5524	0.4615	0.1581	0.1461	0.0121	0.8558	0.4063	0.4495	0.0110	0.0072	0.0000	0.0155	0.0729	0.0000	0.0112	0.0061	0.0004	1.1653	2.0154	0.1479	0.5439	0.1220	5.6497	1.2801	2.6961	0.0001
18	36	0.1899	7	0	2	0	0	0	0	0	0	N	Y	N	N	N	N	N	N	N	N	N	N	0.0148	0.0027	0.0000	0.0101	0.0100	0.0000	0.0171	0.0039	0.0000	0.0004	0.0005	0.0000	0.0020	0.0021	0.0000	0.0000	0.0000	0.0000	0.0299	0.1868	0.0003	0.2011	0.2143	0.0002	0.0007	0.0034	0.0003	0.0000	0.0242	-0.0001	-0.0020	12.7610	17.9460	15.2058	11.6991	0.0004	0.0004	0.0000	0.0004	0.0004	0.0000	0.0000	0.0000	0.0000	0.0034	0.0033	0.0001	0.0033	0.0033	0.0000	0.0001	0.0000	0.0001	1.0164	0.8961	0.1203	0.2164	0.2057	0.0107	0.8000	0.6903	0.1097	0.4864	0.2557	0.2307	0.0644	0.0591	0.0052	0.4221	0.1966	0.2255	0.0641	0.0392	0.0000	0.0402	0.0389	0.0000	0.0484	0.1277	0.0000	0.0069	0.0128	0.0003	0.0506	0.0551	0.0002	0.0002	0.0001	0.0003
18	37	0.6454	12	1	2	0	0	0	0	0	0	N	Y	N	N	N	N	N	N	N	N	N	N	inf	inf	inf	inf	0.0002	0.0002	0.0000	0.0004	0.0004	0.0000	0.0000	0.0000	0.0000	0.0000	0.0000	0.0000	0.0000	0.0000	0.0000	0.0000	0.0000	0.0000	0.0000	-0.0000	0.0000	12.7610	1.9903	15.2058	0.0021	0.0000	0.0000	0.0000	0.0000	0.0000	0.0000	0.0000	0.0000	0.0000	0.0000	0.0000	0.0000	0.0000	0.0000	0.0000	0.0000	0.0000	0.0000	0.1104	0.0985	0.0120	0.0478	0.0448	0.0030	0.0626	0.0537	0.0089	0.0228	0.0145	0.0083	0.0082	0.0072	0.0010	0.0146	0.0073	0.0074	inf	inf	0.0000	inf	inf	0.0000	0.0000	0.0000	0.0000	0.0000	0.0000	0.0000	0.0000	0.0000	0.0000	0.0000	0.0000	0.0000						
18	38	0.2307	7	0	2	0	1	0	0	0	0	N	Y	N	N	N	N	N	N	N	N	N	N	0.9680	0.4078	2067175.9390	2.3271	0.0049	1050521.3577	0.6065	0.3467	68293.9230	0.7916	0.4555	3.4880	1.4160	0.0031	28.1886	0.5620	0.6377	0.0691	0.8177	1.1168	0.0000	0.6085	0.6300	0.0000	0.9266	1.8392	0.0000	0.9545	0.0000	0.4043	-0.0726	12.7610	45.5232	15.2058	15.8903	2.0094	1.0281	0.9813	0.9662	0.0020	0.9643	1.0432	1.0261	0.0171	0.1156	0.1156	0.0000	0.0165	0.0165	0.0000	0.0990	0.0990	0.0000	2.5386	2.2573	0.2813	0.6824	0.6481	0.0342	1.8562	1.6091	0.2471	0.9179	0.5017	0.4163	0.1478	0.1369	0.0109	0.7702	0.3648	0.4054	6.2864	1.9769	2067175.9390	12.6477	0.0254	1050521.3577	4.3703	2.3488	68293.9230	0.1259	0.2304	0.0000	0.1120	0.1209	0.0000	0.1286	0.2715	0.0000
18	39	0.2037	6	0	1	0	1	0	0	0	0	N	N	N	N	N	N	N	N	N	N	N	N	0.2347	0.1522	0.0128	0.2223	0.2633	0.3903	0.2559	0.1474	0.0035	0.6561	0.7393	0.0217	0.0759	0.0716	0.1639	0.8534	0.9908	0.0055	2.7951	4.8588	1.6931	0.3416	0.2719	0.4199	3.3352	6.7224	1.5587	0.0039	0.0365	-0.1576	-0.5403	12.7610	13.8166	15.2058	4.5847	0.5564	0.5542	0.0021	0.0163	0.0147	0.0017	0.5400	0.5395	0.0005	0.9110	0.8789	0.0321	0.0038	0.0033	0.0005	0.9072	0.8756	0.0316	0.8480	0.7496	0.0984	0.2152	0.2051	0.0101	0.6328	0.5445	0.0883	0.3259	0.1809	0.1450	0.0539	0.0506	0.0033	0.2720	0.1303	0.1417	0.2347	0.1522	0.0981	1.0720	1.1058	0.9970	0.2559	0.1474	0.0246	2.7951	4.8588	0.2213	0.0708	0.0647	0.1644	3.3352	6.7224	0.2226
18	40	0.3655	10	0	1	1	0	0	0	0	0	N	N	N	N	N	N	N	N	N	N	N	N	0.0000	0.0000	0.0000	0.0000	0.0000	0.0000	0.0000	0.0000	0.0000	0.0000	0.0000	0.0000	0.0000	0.0000	0.0000	0.0000	0.0000	0.0000	0.0014	0.0031	0.0000	0.0020	0.0021	0.0009	0.0009	0.0183	0.0000	0.0260	-0.0000	-0.0002	12.7610	12.6411	15.2058	7.4648	0.0000	0.0000	0.0000	0.0000	0.0000	0.0000	0.0000	0.0000	0.0000	0.0003	0.0002	0.0000	0.0002	0.0002	0.0000	0.0001	0.0001	0.0000	0.7627	0.6764	0.0863	0.2263	0.2168	0.0095	0.5364	0.4596	0.0768	0.3448	0.2053	0.1395	0.0891	0.0822	0.0069	0.2557	0.1231	0.1326	0.0000	0.0000	0.0000	0.0000	0.0000	0.0000	0.0000	0.0000	0.0000	0.0007	0.0012	0.0000	0.0020	0.0021	0.0009	0.0003	0.0007	0.0000	
18	41	0.6330	10	0	2	0	0	0	0	0	0	N	Y	N	N	N	N	N	N	N	N	N	N	1.6083	99.2187	0.0000	39.7900	210.3496	0.0000	0.0102	21.7662	0.0000	1.1329	1.2706	0.0000	2.2093	2.3940	0.0000	0.0090	0.0105	0.0000	0.7044	0.0128	1.5366	0.0555	0.0114	0.4556	0.8776	0.0005	1.4000	0.0000	36.9407	-0.4798	0.0103	12.7610	22.0894	15.2058	9.3639	1.6710	1.6710	0.0000	1.6645	1.6645	0.0000	0.0065	0.0065	0.0000	0.0299	0.0008	0.0291	0.0029	0.0008	0.0021	0.0270	0.0000	0.0270	1.4749	1.3151	0.1598	0.7534	0.6953	0.0581	0.7215	0.6199	0.1017	0.3719	0.2245	0.1475	0.1178	0.1057	0.0121	0.2541	0.1188	0.1354	14.0963	361.9881	0.0000	89.8050	321.3058	0.0000	0.0847	4341.2220	0.0000	0.0804	0.0035	0.1974	0.0246	0.0075	0.1747	0.1062	0.0000	0.1994
18	42	0.2037	6	0	2	0	0	0	0	0	0	N	Y	N	N	N	N	N	N	N	N	N	N	1.8320	1.3118	0.0000	2.0458	2.0639	0.0000	503.4747	inf	0.0000	0.6891	0.7805	0.0000	2.0495	2.1513	0.0000	0.3287	0.3803	0.0000	0.3762	0.5950	0.0004	1.0018	1.0423	0.0000	0.0007	0.0000	0.0004	0.0000	0.0078	-0.4457	-0.0144	12.7610	43.3975	15.2058	17.3745	1.5522	1.5522	0.0000	0.9668	0.9668	0.0000	0.5854	0.5854	0.0000	0.0232	0.0230	0.0002	0.0230	0.0230	0.0000	0.0002	0.0000	0.0002	2.2524	1.9888	0.2636	0.4717	0.4494	0.0223	1.7807	1.5394	0.2413	0.8953	0.4814	0.4138	0.1156	0.1060	0.0096	0.7797	0.3754	0.4043	26.5918	16.3221	0.0000	10.2943	9.9085	0.0000	1419.0909	inf	0.0000	0.0259	0.0478	0.0004	0.1991	0.2171	0.0000	0.0002	0.0000	0.0004
18	43	0.5631	9	1	1	1	0	0	0	0	0	N	N	N	N	N	N	N	N	N	N	N	N	1.5896	5.6538	0.2248	2.9916	5.5639	0.2912	0.0294	inf	0.0059	0.0003	0.0004	0.0001	0.0009	0.0009	0.0004	0.0000	0.0000	0.0000	0.0002	0.0001	0.0004	0.0003	0.0002	0.0014	0.0005	0.0000	0.0003	0.0308	5.0007	-0.0001	0.0000	12.7610	18.2331	15.2058	4.4208	0.0003	0.0003	0.0000	0.0003	0.0003	0.0000	0.0000	0.0000	0.0000	0.0001	0.0000	0.0001	0.0000	0.0000	0.0000	0.0000	0.0000	0.0000	0.9982	0.8878	0.1103	0.3740	0.3505	0.0235	0.6241	0.5373	0.0868	0.2898	0.1635	0.1262	0.0700	0.0629	0.0071	0.2198	0.1006	0.1192	1.5896	5.8705	0.2248	2.9916	5.5639	0.2912	0.0787	inf	0.0059	0.0002	0.0001	0.0004	0.0003	0.0002	0.0014	0.0002	0.0000	0.0003
18	44	0.6229	9	0	2	0	1	0	0	0	0	N	Y	N	N	N	N	N	N	N	N	N	N	0.0702	0.0473	0.0002	0.0390	0.0363	0.0000	0.3737	0.1204	0.0003	0.2689	0.3001	0.0000	0.4788	0.5125	0.0000	0.0995	0.1150	0.0000	3.8281	6.3451	0.0001	12.2658	14.1215	0.0002	0.2661	0.9552	0.0000	0.0000	0.0000	-0.2603	-2.3683	12.7610	62.5878	15.2058	29.9840	0.9066	0.9066	0.0000	0.7210	0.7210	0.0000	0.1856	0.1856	0.0000	3.7690	3.7690	0.0000	3.7573	3.7573	0.0000	0.0117	0.0117	0.0000	3.3718	3.0212	0.3507	1.5060	1.4069	0.0991	1.8658	1.6142	0.2516	0.9846	0.5940	0.3905	0.3063	0.2661	0.0403	0.6782	0.3279	0.3503	0.0702	0.0473	0.0002	0.0390	0.0363	0.0000	5.7649	3.2251	0.0003	3.8281	6.3451	0.0001	12.2658	14.1215	0.0002	0.0173	0.0356	0.0000
18	45	0.5631	9	1	1	1	0	0	0	0	0	N	N	N	N	N	N	N	N	N	N	N	N	4221.5906	18416.2548	0.2238	2.0771	3.8217	0.2860	3096.6223	inf	0.0058	1.3174	1.4807	0.0001	0.0008	0.0008	0.0005	2.1161	2.4587	0.0000	0.0003	0.0001	0.0005	0.0004	0.0002	0.0019	0.0007	0.0000	0.0004	0.0000	5.0022	-0.2871	0.0000	12.7610	13.5293	15.2058	3.1702	1.0000	1.0000	0.0000	0.0002	0.0002	0.0000	0.9997	0.9997	0.0000	0.0001	0.0000	0.0001	0.0000	0.0000	0.0000	0.0000	0.0000	0.0000	0.7590	0.6753	0.0837	0.2866	0.2687	0.0178	0.4724	0.4066	0.0658	0.2200	0.1247	0.0953	0.0542	0.0489	0.0053	0.1658	0.0758	0.0901	4827.8256	18456.0655	0.2238	2.0771	3.8217	0.2860	8765.1615	inf	0.0058	0.0003	0.0001	0.0005	0.0004	0.0002	0.0019	0.0002	0.0000	0.0004
18	46	0.5587	8	1	1	1	0	0	0	0	0	N	N	N	N	N	N	N	N	N	N	N	N	0.2981	2.3683	0.2123	3.4653	5.0257	1.6306	0.0402	47.6227	0.0175	0.0101	0.0106	0.0067	0.0202	0.0193	0.0370	0.0032	0.0038	0.0005	0.0339	0.0045	0.0318	0.0058	0.0038	0.0227	0.0801	0.0001	0.0271	0.0861	6.3293	-0.0006	0.0002	12.7610	4.1147	15.2058	1.2946	0.0030	0.0027	0.0002	0.0024	0.0022	0.0002	0.0006	0.0006	0.0000	0.0007	0.0001	0.0006	0.0001	0.0001	0.0000	0.0005	0.0000	0.0005	0.2947	0.2597	0.0350	0.1195	0.1135	0.0060	0.1752	0.1462	0.0290	0.0919	0.0548	0.0371	0.0274	0.0256	0.0018	0.0645	0.0292	0.0353	1.4075	6.4304	0.4384	4.2622	5.4989	1.6642	0.3918	15704.6397	0.0316	0.0072	0.0016	0.0154	0.0047	0.0035	0.0222	0.0082	0.0000	0.0150
18	47	0.4960	7	1	1	0	0	0	0	0	0	N	N	N	N	N	N	N	N	N	N	N	N	0.9164	6.1871	0.9119	9.0922	0.9182	22.1105	0.5514	81.3195	0.0179	1.4870	0.8530	6.6804	1.8175	0.0463	29.3234	1.2643	1.4477	0.1498	1.6227	0.1379	7.3257	0.1999	0.0504	1.3262	2.2927	0.0178	8.3709	0.9561	225.5271	0.3974	0.3517	12.7610	22.0103	15.2058	13.6452	1.9708	1.0075	0.9633	0.9698	0.0232	0.9466	1.0011	0.9843	0.0168	0.9576	0.0042	0.9533	0.0098	0.0041	0.0057	0.9478	0.0001	0.9476	1.3254	1.1812	0.1442	0.5336	0.5013	0.0323	0.7918	0.6799	0.1119	0.6079	0.3705	0.2374	0.1945	0.1791	0.0154	0.4134	0.1914	0.2220	0.9440	74.7582	1.6638	36.0709	2.0192	79.4732	0.5514	2281.1394	0.0351	1.5751	0.0114	4.0151	0.0504	0.0229	0.3690	2.2927	0.0006	4.2686
18	48	0.3655	10	0	2	0	0	0	0	0	0	N	Y	N	N	N	N	N	N	N	N	N	N	0.0003	0.0002	0.0000	0.0005	0.0005	0.0000	0.0000	0.0000	0.0000	0.0000	0.0000	0.0000	0.0000	0.0000	0.0000	0.0000	0.0000	0.0000	0.0026	0.0056	0.0000	0.0050	0.0055	0.0000	0.0000	0.0001	0.0000	0.0000	0.0001	-0.0000	-0.0002	12.7610	12.3962	15.2058	3.7178	0.0000	0.0000	0.0000	0.0000	0.0000	0.0000	0.0000	0.0000	0.0000	0.0003	0.0003	0.0000	0.0003	0.0003	0.0000	0.0000	0.0000	0.0000	0.7582	0.6724	0.0858	0.2251	0.2157	0.0094	0.5331	0.4567	0.0764	0.2950	0.1782	0.1169	0.0795	0.0738	0.0057	0.2155	0.1043	0.1112	0.0007	0.0004	0.0000	0.0006	0.0006	0.0000	0.0000	0.0000	0.0000	0.0012	0.0019	0.0000	0.0043	0.0046	0.0000	0.0000	0.0000	0.0000
18	49	0.3366	9	0	1	0	0	0	0	0	0	N	N	N	N	N	N	N	N	N	N	N	N	0.0769	0.0799	0.0031	0.3440	0.3393	0.0007	0.0003	0.0001	0.0035	0.0003	0.0004	0.0000	0.0010	0.0011	0.0000	0.0000	0.0000	0.0000	0.0045	0.0048	0.0018	0.0029	0.0031	0.0013	0.0051	0.0167	0.0018	0.0018	0.7232	-0.0001	-0.0001	12.7610	14.4870	15.2058	5.8627	0.0003	0.0003	0.0000	0.0003	0.0003	0.0000	0.0000	0.0000	0.0000	0.0007	0.0004	0.0003	0.0003	0.0003	0.0000	0.0004	0.0001	0.0003	0.9928	0.8862	0.1066	0.3353	0.3210	0.0144	0.6575	0.5652	0.0923	0.4063	0.2410	0.1653	0.1177	0.1084	0.0093	0.2886	0.1326	0.1560	0.1953	0.2232	0.0031	0.3440	0.3431	0.0007	0.0013	0.0014	0.0035	0.0018	0.0017	0.0018	0.0029	0.0031	0.0013	0.0013	0.0006	0.0018
18	50	0.2074	6	1	2	1	0	0	0	0	0	N	Y	N	N	N	N	N	N	N	N	N	N	inf	inf	inf	inf	inf	inf	0.0009	0.0010	0.0000	0.0039	0.0041	0.0000	0.0000	0.0000	0.0000	0.0000	0.0000	0.0000	0.0000	0.0000	0.0000	0.0000	0.0000	0.0000	0.0000	-0.0000	0.0000	12.7610	0.9856	15.2058	2.8295	0.0000	0.0000	0.0000	0.0000	0.0000	0.0000	0.0000	0.0000	0.0000	0.0000	0.0000	0.0000	0.0000	0.0000	0.0000	0.0000	0.0000	0.0000	0.0552	0.0485	0.0068	0.0126	0.0119	0.0007	0.0426	0.0366	0.0060	0.0598	0.0301	0.0296	0.0048	0.0045	0.0003	0.0550	0.0257	0.0293	inf	inf	0.0000	inf	inf	0.0000	inf	inf	0.0000	0.0000	0.0000	0.0000	0.0000	0.0000	0.0000	0.0000	0.0000	0.0000				
18	51	0.6028	10	1	2	0	0	0	0	0	0	N	Y	N	N	N	N	N	N	N	N	N	N	0.0003	0.2314	0.0000	0.0010	0.0021	0.0000	0.0005	15.3863	0.0000	0.0003	0.0003	0.0000	0.0000	0.0000	0.0000	0.0006	0.0007	0.0000	0.8941	0.0015	2.7696	0.0028	0.0015	0.0142	1.1098	0.0000	2.8623	0.0000	407.9161	-0.0001	0.0196	12.7610	13.3057	15.2058	8.6321	0.0003	0.0003	0.0000	0.0000	0.0000	0.0000	0.0003	0.0003	0.0000	0.0530	0.0001	0.0529	0.0003	0.0001	0.0001	0.0527	0.0000	0.0527	0.8782	0.7833	0.0948	0.4096	0.3827	0.0269	0.4686	0.4006	0.0680	0.2837	0.1749	0.1088	0.0991	0.0885	0.0106	0.1846	0.0864	0.0982	0.0016	0.4651	0.0000	0.0010	0.0021	0.0000	0.0020	5795.7504	0.0000	0.1868	0.0007	0.4859	0.0028	0.0015	0.0142	0.2856	0.0000	0.5367
18	52	0.4676	12	0	2	0	1	0	0	0	0	N	Y	N	N	N	N	N	N	N	N	N	N	0.0015	0.0007	14723.6222	0.0273	0.0227	inf	0.0009	0.0000	18457.6889	0.0006	0.0004	0.0023	0.0008	0.0009	0.0000	0.0004	0.0000	0.0028	0.3647	0.5554	0.0000	0.0308	0.0390	0.0000	0.4483	1.1450	0.0000	0.7437	0.0000	0.0000	-0.0004	12.7610	2.1073	15.2058	0.0711	0.0001	0.0000	0.0000	0.0000	0.0000	0.0000	0.0000	0.0000	0.0000	0.0007	0.0007	0.0000	0.0001	0.0001	0.0000	0.0006	0.0006	0.0000	0.1235	0.1104	0.0131	0.0476	0.0453	0.0023	0.0759	0.0651	0.0108	0.0281	0.0164	0.0117	0.0074	0.0065	0.0009	0.0206	0.0099	0.0107	0.0230	0.0086	14723.6222	0.0520	0.0476	inf	0.0142	0.0000	18457.6889	0.0246	0.0421	0.0000	0.0162	0.0186	0.0000	0.0276	0.0573	0.0000
18	53	0.4052	11	0	1	0	1	0	0	0	0	N	N	N	N	N	N	N	N	N	N	N	N	0.2795	0.1658	154.3128	1.1445	1.1384	inf	0.0000	0.0000	172.9267	0.9041	1.0154	0.0000	2.5118	2.6596	0.0000	0.0000	0.0000	0.0000	3.2348	6.1243	0.0000	2.1948	2.3363	0.0000	3.6244	7.5968	0.0000	0.0000	0.0000	-0.2871	-0.6275	12.7610	21.8329	15.2058	8.0592	0.9998	0.9998	0.0000	0.9998	0.9998	0.0000	0.0000	0.0000	0.0000	0.9986	0.9986	0.0000	0.0341	0.0341	0.0000	0.9646	0.9646	0.0000	1.1059	0.9847	0.1211	0.3981	0.3759	0.0221	0.7078	0.6088	0.0990	0.3087	0.1631	0.1457	0.0426	0.0361	0.0065	0.2661	0.1270	0.1392	0.2795	0.1658	154.3128	3.1402	2.8181	inf	0.0000	0.0000	172.9267	3.2348	6.1243	0.0000	0.7999	0.9438	0.0000	3.6244	7.5968	0.0000
18	54	0.7153	12	0	2	0	1	0	0	0	0	N	Y	N	N	N	N	N	N	N	N	N	N	0.0000	0.0000	0.0000	0.0000	0.0000	0.0000	0.0000	0.0000	0.0000	0.0000	0.0000	0.0000	0.0000	0.0000	0.0000	0.0000	0.0000	0.0000	0.0000	0.0000	12.7610	0.0000	15.2058	0.0000	0.0000	0.0000	0.0000	0.0000	0.0000	0.0000	0.0000	0.0000	0.0000	0.0000	0.0000	0.0000	0.0000	0.0000	0.0000	0.0000	0.0000	0.0000	0.0000	0.0000	0.0000	0.0000	0.0000	0.0000	0.0000	0.0000	0.0000	0.0000	0.0000	0.0000	0.0000	0.0000	0.0000	0.0000	0.0000	0.0000	0.0000	0.0000	0.0000	0.0000	0.0000	0.0000	0.0000	0.0000	0.0000	0.0000	0.0000	0.0000	0.0000	0.0000	0.0000	0.0000	0.0000	0.0000											
18	55	0.4052	11	0	1	0	1	0	0	0	0	N	N	N	N	N	N	N	N	N	N	N	N	0.0018	0.0015	29.9529	0.0000	0.0000	inf	0.2904	0.0090	31.7611	0.0009	0.0010	0.0000	0.0000	0.0000	0.0000	0.0016	0.0019	0.0000	0.4961	0.6872	0.0000	0.7976	0.8243	0.0000	0.0055	0.2059	0.0000	0.0032	0.0000	-0.0000	-0.0005	12.7610	1.2825	15.2058	0.1503	0.0001	0.0001	0.0000	0.0000	0.0000	0.0000	0.0001	0.0001	0.0000	0.0008	0.0008	0.0000	0.0008	0.0008	0.0000	0.0000	0.0000	0.0000	0.0888	0.0795	0.0093	0.0389	0.0366	0.0023	0.0498	0.0429	0.0069	0.0217	0.0131	0.0086	0.0054	0.0050	0.0004	0.0163	0.0081	0.0082	0.0236	0.0159	29.9529	0.0001	0.0001	inf	1.1643	0.6688	31.7611	0.0383	0.0635	0.0000	0.1501	0.1612	0.0000	0.0014	0.0028	0.0000
18	56	0.3642	10	0	1	0	1	0	0	0	0	N	N	N	N	N	N	N	N	N	N	N	N	0.5579	0.2130	192.2441	2.0667	1.9432	326.1087	0.0080	0.0003	127.8222	0.0067	0.0076	0.0003	0.0161	0.0174	0.0005	0.0001	0.0001	0.0002	0.0121	0.0356	0.0000	0.0078	0.0090	0.0000	0.0160	0.4351	0.0000	0.0043	0.0001	-0.0019	-0.0008	12.7610	14.8542	15.2058	6.8183	0.0066	0.0066	0.0000	0.0065	0.0065	0.0000	0.0001	0.0001	0.0000	0.0013	0.0013	0.0000	0.0005	0.0005	0.0000	0.0008	0.0008	0.0000	0.9806	0.8684	0.1122	0.4065	0.3742	0.0323	0.5741	0.4942	0.0799	0.3568	0.2131	0.1437	0.0951	0.0850	0.0101	0.2617	0.1282	0.1336	1.7813	1.1965	192.2441	2.7937	2.7065	326.1087	0.0417	0.0195	127.8222	0.0038	0.0063	0.0000	0.0058	0.0064	0.0000	0.0031	0.0063	0.0000
18	57	0.2893	9	0	1	0	1	0	0	0	0	N	N	N	N	N	N	N	N	N	N	N	N	7.0708	3.9158	0.3304	9.5519	8.7972	0.0445	2.4811	0.4572	0.5061	0.1430	0.1593	0.0017	0.3402	0.3577	0.0002	0.0351	0.0402	0.0019	0.0202	0.0407	0.0050	0.0356	0.0407	0.0040	0.0142	0.0880	0.0038	0.0012	0.4554	-0.0840	-0.0011	12.7610	33.5853	15.2058	9.3450	0.2938	0.2934	0.0004	0.2471	0.2471	0.0000	0.0467	0.0463	0.0003	0.0034	0.0023	0.0011	0.0019	0.0019	0.0000	0.0014	0.0004	0.0010	2.0543	1.8415	0.2128	0.7264	0.6908	0.0356	1.3278	1.1507	0.1772	0.6145	0.3408	0.2737	0.1095	0.0995	0.0100	0.5051	0.2413	0.2637	26.0690	23.4462	0.4285	19.1590	18.6960	0.0445	12.4330	23.5391	0.5061	0.0055	0.0068	0.0039	0.0178	0.0191	0.0040	0.0028	0.0017	0.0038
18	58	0.2685	8	0	1	0	0	0	0	0	0	N	N	N	N	N	N	N	N	N	N	N	N	2.4264	2.8085	0.0001	2.2394	2.4542	0.0004	2.8960	2.4212	0.0002	1.2684	1.4247	0.0000	0.5423	0.5688	0.0000	1.6193	1.8835	0.0000	0.5227	0.5073	0.2063	0.2422	0.2317	0.0639	0.5591	0.7779	0.1661	0.0000	1.2521	-0.3922	-0.0010	12.7610	15.2419	15.2058	2.5705	1.3659	1.3659	0.0000	0.1903	0.1903	0.0000	1.1756	1.1756	0.0000	0.0138	0.0061	0.0077	0.0042	0.0039	0.0002	0.0096	0.0022	0.0074	1.0769	0.9587	0.1182	0.3509	0.3346	0.0163	0.7260	0.6242	0.1019	0.3240	0.1788	0.1452	0.0731	0.0682	0.0049	0.2509	0.1106	0.1403	29.8559	41.6850	0.0005	9.5178	9.8641	0.0005	42.3213	95.6179	0.0005	0.0425	0.0342	0.0527	0.0570	0.0577	0.0474	0.0383	0.0197	0.0529
18	59	0.7153	12	0	1	0	1	0	0	0	0	N	N	N	N	N	N	N	N	N	N	N	N	0.0000	0.0000	0.0000	0.0000	0.0000	0.0000	0.0000	0.0000	0.0000	0.0000	0.0000	0.0000	0.0000	0.0000	0.0000	0.0000	0.0000	0.0000	0.0000	0.0000	12.7610	0.0000	15.2058	0.0000	0.0000	0.0000	0.0000	0.0000	0.0000	0.0000	0.0000	0.0000	0.0000	0.0000	0.0000	0.0000	0.0000	0.0000	0.0000	0.0000	0.0000	0.0000	0.0000	0.0000	0.0000	0.0000	0.0000	0.0000	0.0000	0.0000	0.0000	0.0000	0.0000	0.0000	0.0000	0.0000	0.0000	0.0000	0.0000	0.0000	0.0000	0.0000	0.0000	0.0000	0.0000	0.0000	0.0000	0.0000	0.0000	0.0000	0.0000	0.0000	0.0000	0.0000	0.0000	0.0000	0.0000	0.0000											
18	60	0.6379	11	0	1	0	1	0	0	0	0	N	N	N	N	N	N	N	N	N	N	N	N	0.0331	0.0450	0.0001	0.0773	0.0759	0.0007	0.0000	0.0000	0.0000	0.0000	0.0000	0.0000	0.0001	0.0001	0.0000	0.0000	0.0000	0.0000	0.0012	0.0009	0.0008	0.0012	0.0012	0.0008	0.0013	0.0001	0.0008	0.0003	1.0114	-0.0000	-0.0000	12.7610	19.3360	15.2058	7.9957	0.0000	0.0000	0.0000	0.0000	0.0000	0.0000	0.0000	0.0000	0.0000	0.0002	0.0001	0.0001	0.0001	0.0001	0.0000	0.0001	0.0000	0.0001	1.0402	0.9385	0.1017	0.4386	0.4224	0.0162	0.6015	0.5161	0.0855	0.3109	0.1868	0.1241	0.0938	0.0806	0.0132	0.2171	0.1062	0.1109	0.0591	0.0792	0.0001	0.0773	0.0759	0.0007	0.0000	0.0000	0.0000	0.0007	0.0005	0.0008	0.0012	0.0012	0.0008	0.0004	0.0000	0.0008
18	61	0.3278	9	0	2	1	0	0	0	0	0	N	Y	N	N	N	N	N	N	N	N	N	N	0.4814	1.7171	0.9891	0.3774	1.3177	0.1200	0.6185	14.7046	0.9796	3.6707	0.0029	23.6352	0.0132	0.0081	0.0967	5.1663	0.0004	26.5302	7.6256	0.0017	23.8954	0.0351	0.0061	0.8054	8.3526	0.0000	27.0829	1517.7323	18876.5300	2.2462	1.1199	12.7610	14.2360	15.2058	11.9336	3.1538	0.0021	3.1518	0.0033	0.0019	0.0014	3.1505	0.0002	3.1503	3.0138	0.0002	3.0136	0.0006	0.0002	0.0004	3.0132	0.0000	3.0132	0.8592	0.7258	0.1334	0.2494	0.2348	0.0146	0.6098	0.4911	0.1187	0.3952	0.2028	0.1925	0.0345	0.0327	0.0018	0.3607	0.1701	0.1907	0.4814	3.6336	1.5094	0.7490	1.6479	0.3867	0.6185	5478.4274	1.6787	7.6256	0.0008	15.6586	0.0177	0.0049	0.2501	8.3526	0.0000	15.8040
18	63	0.2530	8	1	2	0	0	0	0	0	0	N	Y	N	N	N	N	N	N	N	N	N	N	18.0060	7.8054	0.0000	22.7062	21.0372	0.0000	203.7450	21.8211	0.0000	0.0197	0.0224	0.0000	0.0794	0.0837	0.0000	0.0019	0.0022	0.0000	0.0011	0.0029	0.0000	0.0035	0.0040	0.0004	0.0000	0.0001	0.0000	0.0000	0.0184	-0.0016	-0.0001	12.7610	5.0237	15.2058	8.0282	0.0054	0.0054	0.0000	0.0050	0.0050	0.0000	0.0004	0.0004	0.0000	0.0001	0.0001	0.0000	0.0001	0.0001	0.0000	0.0000	0.0000	0.0000	0.2745	0.2417	0.0328	0.0631	0.0598	0.0033	0.2114	0.1818	0.0296	0.2324	0.1241	0.1083	0.0428	0.0396	0.0032	0.1895	0.0845	0.1050	31.3975	19.4004	0.0000	23.5453	23.1504	0.0000	249.3347	6810.4683	0.0000	0.0006	0.0012	0.0000	0.0034	0.0036	0.0004	0.0000	0.0000	0.0000
18	64	0.1899	7	1	2	0	0	0	0	0	0	N	Y	N	N	N	N	N	N	N	N	N	N	22.7200	4.7530	0.3082	0.0008	0.0008	0.0005	998.8921	202.2102	0.3536	1.0056	1.1405	0.0002	0.0002	0.0002	0.0000	1.2786	1.4817	0.0002	0.0443	0.2400	0.0005	0.2801	0.3063	0.0016	0.0013	0.0073	0.0005	0.0000	0.0330	-0.2883	-0.0028	12.7610	17.5893	15.2058	19.0270	1.0041	1.0041	0.0000	0.0001	0.0001	0.0000	1.0041	1.0041	0.0000	0.0048	0.0046	0.0002	0.0045	0.0045	0.0000	0.0002	0.0001	0.0001	0.9986	0.8804	0.1182	0.2133	0.2028	0.0105	0.7853	0.6776	0.1077	0.5822	0.3056	0.2766	0.0732	0.0669	0.0063	0.5090	0.2387	0.2703	123.2206	75.7821	0.3082	0.0038	0.0037	0.0005	3079.9548	5099.1296	0.3536	0.0082	0.0150	0.0005	0.0620	0.0678	0.0016	0.0004	0.0003	0.0005
18	65	0.1836	6	0	2	0	0	0	0	0	0	N	Y	N	N	N	N	N	N	N	N	N	N	0.0045	0.0037	0.2014	0.0002	0.0002	0.0000	0.3630	0.0429	0.4813	0.0039	0.0042	0.0015	0.0004	0.0004	0.0000	0.0049	0.0054	0.0016	0.8566	1.1140	0.0076	1.8711	1.8417	0.0846	0.0135	0.1261	0.0034	0.0476	0.0121	-0.0001	-0.0119	12.7610	1.7566	15.2058	2.8742	0.0004	0.0004	0.0000	0.0000	0.0000	0.0000	0.0004	0.0004	0.0000	0.0193	0.0191	0.0002	0.0190	0.0190	0.0001	0.0002	0.0001	0.0002	0.1140	0.1008	0.0132	0.0259	0.0250	0.0009	0.0881	0.0759	0.0122	0.1284	0.0829	0.0455	0.0355	0.0341	0.0014	0.0929	0.0488	0.0440	0.0258	0.0182	0.3007	0.0007	0.0007	0.0000	1.8191	2.6517	0.4813	0.1502	0.2298	0.0051	0.5361	0.5561	0.0562	0.0027	0.0020	0.0034
18	66	0.3278	9	0	2	0	0	0	0	0	0	N	Y	N	N	N	N	N	N	N	N	N	N	0.2071	0.1151	427797.0966	0.0589	0.0595	129.8243	184926.0357	16.7356	571351.7560	1.7674	1.9149	0.8922	5.8815	6.2686	0.0046	0.1786	0.0004	1.0126	8.5345	16.6351	0.0000	99.7959	105.4149	0.0000	0.0000	0.0000	0.0000	0.0785	0.0000	-0.4561	-2.5034	12.7610	21.1811	15.2058	10.1862	2.1280	1.9731	0.1549	1.9729	1.9728	0.0001	0.1551	0.0003	0.1548	3.9840	3.9840	0.0000	3.9840	3.9840	0.0000	0.0000	0.0000	0.0000	1.2040	1.0304	0.1736	0.3354	0.3147	0.0207	0.8685	0.7157	0.1529	0.4668	0.2395	0.2273	0.0399	0.0378	0.0021	0.4269	0.2017	0.2252	0.2071	0.1151	427797.0966	0.0589	0.0595	129.8243	184926.0357	6199.6067	571351.7560	8.5345	16.6351	0.0000	99.7959	105.4149	0.0000	0.0000	0.0000	0.0000
18	67	0.3140	8	0	2	0	0	0	0	0	0	N	Y	N	N	N	N	N	N	N	N	N	N	7.4664	0.0145	63.0597	0.0178	0.0187	0.0000	13.5358	0.0030	86.3698	6.9645	0.0182	51.0488	0.0556	0.0590	0.0000	9.6018	0.0005	57.8259	0.9328	1.2505	0.8095	3.1187	3.1605	0.0176	0.7094	0.1730	0.6695	443.1675	0.3387	2.2873	-0.0109	12.7610	7.4253	15.2058	0.9851	3.2187	0.0072	3.2115	0.0071	0.0071	0.0000	3.2116	0.0001	3.2115	0.0291	0.0217	0.0074	0.0216	0.0216	0.0000	0.0075	0.0001	0.0074	0.4622	0.3992	0.0629	0.1277	0.1203	0.0074	0.3345	0.2789	0.0555	0.1307	0.0663	0.0644	0.0098	0.0092	0.0006	0.1209	0.0571	0.0639	31.2678	0.0553	446.5074	0.0252	0.0252	0.0000	154.8871	0.2099	501.9258	0.2227	0.3281	0.1143	2.2071	2.3449	0.0176	0.0620	0.0024	0.1152
18	68	0.3366	9	0	1	1	0	0	0	0	0	N	N	N	N	N	N	N	N	N	N	N	N	0.2681	0.1324	0.6162	0.4201	0.4039	0.8477	0.5451	0.0017	0.3961	0.0003	0.0004	0.0000	0.0010	0.0010	0.0000	0.0000	0.0000	0.0000	0.0012	0.0028	0.0000	0.0024	0.0026	0.0000	0.0000	0.0005	0.0000	0.0001	0.0002	-0.0001	-0.0002	12.7610	15.0354	15.2058	6.2061	0.0003	0.0003	0.0000	0.0003	0.0003	0.0000	0.0000	0.0000	0.0000	0.0003	0.0003	0.0000	0.0003	0.0003	0.0000	0.0000	0.0000	0.0000	1.0204	0.9106	0.1098	0.3425	0.3277	0.0148	0.6779	0.5829	0.0950	0.4179	0.2473	0.1706	0.1197	0.1101	0.0096	0.2982	0.1372	0.1611	0.4923	0.3265	0.6162	0.4201	0.4039	0.8477	0.5451	0.3304	0.3961	0.0007	0.0011	0.0000	0.0024	0.0026	0.0000	0.0000	0.0000	0.0000
18	69	0.2685	8	0	1	0	0	0	0	0	0	N	N	N	N	N	N	N	N	N	N	N	N	11.3115	4.3643	0.0953	20.8868	19.2080	0.1336	0.0285	0.0012	0.0578	0.1481	0.1667	0.0001	0.5166	0.5427	0.0004	0.0002	0.0002	0.0001	0.0131	0.0382	0.0011	0.0247	0.0283	0.0033	0.0076	0.2066	0.0011	0.0001	0.1451	-0.0712	-0.0013	12.7610	27.6811	15.2058	13.1592	0.2480	0.2480	0.0000	0.2477	0.2477	0.0000	0.0003	0.0003	0.0000	0.0025	0.0022	0.0003	0.0016	0.0016	0.0000	0.0009	0.0007	0.0003	1.6748	1.4877	0.1871	0.4795	0.4564	0.0231	1.1953	1.0313	0.1640	0.6227	0.3393	0.2834	0.1143	0.1047	0.0096	0.5084	0.2346	0.2738	36.5261	25.6528	0.0953	37.2639	36.5962	0.1336	0.1177	0.0873	0.0578	0.0041	0.0065	0.0011	0.0139	0.0148	0.0033	0.0018	0.0028	0.0011
18	70	0.2337	7	0	1	0	0	0	0	0	0	N	N	N	N	N	N	N	N	N	N	N	N	0.5010	0.4185	0.0008	1.5219	1.6338	0.0003	0.1830	0.1026	0.0013	0.3732	0.4207	0.0000	0.9302	0.9722	0.0000	0.1519	0.1767	0.0000	0.7450	1.0052	0.0164	0.6112	0.5950	0.0801	0.8297	1.7225	0.0099	0.0000	0.0405	-0.1361	-0.0251	12.7610	19.6565	15.2058	4.0504	0.4741	0.4741	0.0000	0.3361	0.3361	0.0000	0.1380	0.1380	0.0000	0.0426	0.0410	0.0017	0.0105	0.0102	0.0003	0.0321	0.0308	0.0014	1.2704	1.1270	0.1433	0.3614	0.3457	0.0156	0.9090	0.7813	0.1277	0.4484	0.2555	0.1929	0.0931	0.0879	0.0052	0.3553	0.1676	0.1877	3.9271	2.6245	0.0016	8.2625	8.3781	0.0004	1.6790	0.9627	0.0018	0.0950	0.1603	0.0086	0.1126	0.1160	0.0541	0.0904	0.1835	0.0073
18	71	0.3172	9	1	2	0	0	0	0	0	0	N	Y	N	N	N	N	N	N	N	N	N	N	11707.7937	17966.6493	17912.9317	2144.9029	3202.9113	0.0000	6853.9441	inf	26018.0559	2.3010	1.9446	5.1662	2.3714	2.4885	0.0000	2.2637	1.6239	6.0573	0.0002	0.0001	0.0003	0.0011	0.0008	0.0063	0.0003	0.0000	0.0002	0.3305	2.5613	-0.0981	0.0000	12.7610	17.5448	15.2058	6.0013	2.5339	1.9044	0.6294	0.9039	0.9039	0.0000	1.6300	1.0006	0.6294	0.0001	0.0000	0.0001	0.0000	0.0000	0.0000	0.0000	0.0000	0.0000	1.1012	0.9794	0.1218	0.3811	0.3632	0.0179	0.7201	0.6162	0.1039	0.3540	0.1805	0.1735	0.0267	0.0251	0.0016	0.3273	0.1554	0.1719	11707.7937	17966.6493	17912.9317	2144.9029	3202.9113	0.0000	18510.5430	inf	26018.0559	0.0002	0.0001	0.0003	0.0011	0.0008	0.0063	0.0001	0.0000	0.0002
18	72	0.3856	12	1	2	1	0	0	0	0	0	N	Y	N	N	N	N	N	N	N	N	N	N	2.3834	0.0000	2822277.7230	0.0669	0.0000	inf	866414.3432	3065804.4231	0.0178	0.0000	0.1519	0.0008	0.0000	0.0192	0.0257	0.0000	0.1693	0.0075	0.0174	0.0000	0.0124	0.0133	0.0000	0.0000	0.0000	0.0000	inf	0.0000	0.0015	-0.0002	12.7610	1.8980	15.2058	2.9698	0.0020	0.0000	0.0020	0.0000	0.0000	0.0000	0.0020	0.0000	0.0020	0.0003	0.0003	0.0000	0.0003	0.0003	0.0000	0.0000	0.0000	0.0000	0.1144	0.1009	0.0134	0.0362	0.0346	0.0016	0.0782	0.0663	0.0119	0.1248	0.0783	0.0465	0.0405	0.0393	0.0012	0.0843	0.0390	0.0453	6.5903	0.0000	2822277.7230	0.0995	0.0000	inf	866414.3432	0.0000	3065804.4231	0.0027	0.0043	0.0000	0.0083	0.0086	0.0000	0.0000	0.0000	0.0000	
18	73	0.3661	11	1	1	1	0	0	0	0	0	N	N	N	N	N	N	N	N	N	N	N	N	3.0536	0.0027	26.0371	0.0038	0.0040	0.0000	6.1756	0.0004	38.0187	2.5080	0.0027	17.4114	0.0055	0.0058	0.0000	4.1607	0.0002	19.8768	0.8214	0.9861	0.6687	1.4728	1.4482	0.4069	0.6737	0.3893	0.5228	1099.8707	0.4429	0.6371	-0.0080	12.7610	3.5853	15.2058	4.3819	0.8948	0.0008	0.8940	0.0008	0.0008	0.0000	0.8940	0.0000	0.8940	0.0248	0.0172	0.0076	0.0170	0.0168	0.0002	0.0078	0.0004	0.0074	0.3568	0.3054	0.0513	0.1419	0.1355	0.0064	0.2149	0.1699	0.0450	0.1922	0.1172	0.0750	0.0492	0.0481	0.0011	0.1430	0.0691	0.0739	19.4316	0.0181	171.5121	0.0160	0.0166	0.0000	76.1927	0.0307	197.4216	0.1291	0.1467	0.1015	0.3455	0.3498	0.1566	0.0546	0.0053	0.1007
18	74	0.3346	10	1	1	1	0	0	0	0	0	N	N	N	N	N	N	N	N	N	N	N	N	2.3558	3.0981	1.4165	1.9401	2.1762	0.0058	2.2851	5.9264	2.1435	1.6024	1.6556	1.1010	1.6283	1.6909	0.0043	1.5835	1.6268	1.3149	0.6802	0.5344	0.7773	0.8393	0.7770	0.7374	0.6930	0.2745	0.6134	0.0706	2.4180	-0.3134	0.0019	12.7610	12.3589	15.2058	7.3592	1.4168	1.3234	0.0934	0.6068	0.6067	0.0001	0.8100	0.7166	0.0934	0.0243	0.0071	0.0172	0.0074	0.0066	0.0008	0.0169	0.0005	0.0164	0.8842	0.7993	0.0849	0.3727	0.3588	0.0138	0.5115	0.4405	0.0710	0.3353	0.1827	0.1526	0.0470	0.0438	0.0032	0.2883	0.1389	0.1494	22.1339	42.5854	9.7860	10.3911	11.2318	0.0179	27.0018	442.2198	11.9811	0.0724	0.0389	0.1125	0.1567	0.1506	0.2397	0.0586	0.0037	0.1097
18	75	0.3172	9	1	1	1	0	0	0	0	0	N	N	N	N	N	N	N	N	N	N	N	N	2.3934	4.0281	2.0732	4.0516	4.7716	0.0497	0.2656	0.0109	3.3619	1.3320	1.3868	0.8622	3.0230	3.1513	0.0529	0.1529	0.0020	1.0197	0.5565	0.3443	0.4159	0.7461	0.6604	1.0647	0.5757	0.1808	0.3033	0.0725	3.6542	-0.2150	0.0013	12.7610	10.2127	15.2058	1.0234	0.9793	0.9131	0.0662	0.9131	0.9124	0.0007	0.0662	0.0007	0.0655	0.0083	0.0018	0.0065	0.0018	0.0016	0.0002	0.0065	0.0002	0.0063	0.7352	0.6584	0.0767	0.3020	0.2895	0.0125	0.4332	0.3689	0.0642	0.1735	0.0883	0.0852	0.0132	0.0124	0.0008	0.1603	0.0759	0.0844	27.8644	68.7154	11.2805	21.7966	24.5958	0.1719	3.7919	0.7813	13.7230	0.0478	0.0202	0.0764	0.1387	0.1281	0.3079	0.0403	0.0025	0.0743
18	76	0.3140	8	1	1	0	0	0	0	0	0	N	N	N	N	N	N	N	N	N	N	N	N	319.7423	506.4577	920.0405	350.0420	332.7459	1045.9889	109.8662	inf	1398.3771	2.9267	2.3750	6.1243	6.7446	7.0844	0.1272	1.2862	0.0007	6.7890	0.0092	0.0047	0.0067	0.0193	0.0213	0.0001	0.0117	0.0000	0.0049	0.4449	2.5878	0.0158	0.0000	12.7610	3.7027	15.2058	0.0091	0.7593	0.5255	0.2338	0.5259	0.5254	0.0005	0.2334	0.0001	0.2333	0.0002	0.0001	0.0001	0.0001	0.0001	0.0000	0.0001	0.0000	0.0001	0.2594	0.2213	0.0382	0.0780	0.0742	0.0038	0.1815	0.1471	0.0344	0.0583	0.0295	0.0288	0.0044	0.0041	0.0003	0.0539	0.0254	0.0285	949.8470	1400.8569	1359.8075	588.5459	582.0248	1045.9889	535.4687	inf	1494.2038	0.0031	0.0017	0.0045	0.0115	0.0122	0.0001	0.0024	0.0000	0.0045
18	77	0.2970	7	0	1	0	0	0	0	0	0	N	N	N	N	N	N	N	N	N	N	N	N	0.3013	0.8322	0.7233	232.7906	1.6536	31.1010	0.1037	0.0003	0.2173	5.1580	0.0028	39.3328	11.7503	0.0084	165.0766	2.1644	0.0000	13.6734	17.1190	0.0034	54.3829	0.0505	0.0051	5.3078	20.8817	0.0000	62.9199	2108.1632	22278.5808	0.9626	1.3265	12.7610	3.8334	15.2058	6.1787	1.3512	0.0006	1.3505	0.9613	0.0006	0.9606	0.3899	0.0000	0.3899	3.5697	0.0002	3.5696	0.0009	0.0002	0.0007	3.5689	0.0000	3.5689	0.2620	0.2276	0.0343	0.0818	0.0760	0.0058	0.1802	0.1516	0.0285	0.2085	0.1196	0.0889	0.0376	0.0368	0.0008	0.1709	0.0828	0.0881	0.3013	2.1010	0.9798	511.5893	1.9364	191.4140	0.1037	0.1196	0.3375	17.1190	0.0013	40.1449	0.0230	0.0044	0.8624	20.8817	0.0000	40.5087
18	78	0.2579	6	0	1	0	0	0	0	0	0	N	N	N	N	N	N	N	N	N	N	N	N	0.0045	0.0004	0.0123	0.0052	0.0005	16.6311	0.0011	0.0001	0.0023	0.0068	0.0006	0.0565	0.0188	0.0018	0.3014	0.0016	0.0000	0.0116	1.5177	1.5160	4.6132	3.6362	3.6962	0.0181	1.5286	0.3954	4.9686	11.5244	1.8349	0.0044	0.0110	12.7610	16.9094	15.2058	5.8161	0.0070	0.0006	0.0064	0.0058	0.0005	0.0053	0.0011	0.0000	0.0011	0.5837	0.2059	0.3778	0.2051	0.2050	0.0001	0.3786	0.0009	0.3777	1.0223	0.9087	0.1136	0.3098	0.2922	0.0176	0.7125	0.6165	0.0960	0.4139	0.2304	0.1834	0.0735	0.0686	0.0048	0.3404	0.1618	0.1786	0.0048	0.0007	0.0274	0.0067	0.0006	16.6311	0.0014	0.0081	0.0055	1.4102	0.8935	2.0594	2.7914	2.9871	0.0181	1.1122	0.0055	2.1147
18	79	0.1836	6	0	2	0	0	0	0	0	0	N	Y	N	N	N	N	N	N	N	N	N	N	0.0001	0.0002	0.0000	0.0007	0.0007	52.9985	0.0000	0.0000	0.0000	0.0001	0.0001	0.0001	0.0007	0.0007	0.0009	0.0000	0.0000	0.0000	1.6000	0.5709	6.5278	0.9515	0.9813	0.0000	1.8868	0.0063	6.9161	0.0714	63.0290	-0.0000	0.3616	12.7610	23.9173	15.2058	17.8091	0.0002	0.0001	0.0000	0.0002	0.0001	0.0000	0.0000	0.0000	0.0000	1.0156	0.0159	0.9997	0.0158	0.0158	0.0000	0.9998	0.0001	0.9997	1.2574	1.1036	0.1538	0.2241	0.2126	0.0115	1.0333	0.8910	0.1423	0.6637	0.3611	0.3026	0.0852	0.0785	0.0067	0.5786	0.2827	0.2959	0.0001	0.0029	0.0000	0.0036	0.0033	52.9985	0.0000	0.0000	0.0000	1.5301	0.0439	3.3040	0.1854	0.2012	0.0000	1.7281	0.0002	3.3786
18	80	0.1676	5	0	2	0	0	0	0	0	0	N	Y	N	N	N	N	N	N	N	N	N	N	0.0000	0.0000	0.0000	0.0000	0.0000	0.0000	0.0053	0.0096	0.0000	0.0001	0.0002	0.0000	0.0007	0.0007	0.0000	0.0000	0.0001	0.0000	5.0521	8.4604	0.0095	29.2418	30.4527	0.2458	0.0091	0.0059	0.0041	0.0001	0.0005	-0.0000	-0.6183	12.7610	6.1279	15.2058	3.6878	0.0000	0.0000	0.0000	0.0000	0.0000	0.0000	0.0000	0.0000	0.0000	0.9848	0.9843	0.0005	0.9844	0.9843	0.0002	0.0003	0.0000	0.0003	0.3318	0.2902	0.0416	0.0536	0.0510	0.0026	0.2782	0.2392	0.0390	0.1949	0.1163	0.0786	0.0337	0.0323	0.0013	0.1613	0.0840	0.0772	0.0000	0.0000	0.0000	0.0000	0.0000	0.0000	0.0237	0.2437	0.0000	5.0521	8.4604	0.0060	29.2418	30.4527	0.1191	0.0021	0.0002	0.0040
18	83	0.1676	5	0	2	0	0	0	0	0	0	N	Y	N	N	N	N	N	N	N	N	N	N	26197.8621	15797.7186	0.0000	0.0000	inf	inf	0.9129	1.0418	0.0000	0.0000	0.0000	0.0000	1.0874	1.2615	0.0000	0.0000	0.0001	0.0000	0.0003	0.0003	0.0000	0.0000	0.0000	0.0000	0.0000	0.0000	-0.2871	-0.0000	12.7610	21.0000	15.2058	14.4214	1.0000	1.0000	0.0000	0.0000	0.0000	0.0000	1.0000	1.0000	0.0000	0.0000	0.0000	0.0000	0.0000	0.0000	0.0000	0.0000	0.0000	0.0000	1.0954	0.9599	0.1355	0.1758	0.1672	0.0086	0.9196	0.7927	0.1269	0.5739	0.3138	0.2601	0.0681	0.0636	0.0045	0.5058	0.2502	0.2556	26197.8621	16345.0814	0.0000	0.0000	0.0000	0.0000	inf	inf	0.0000	0.0000	0.0001	0.0000	0.0003	0.0003	0.0000	0.0000	0.0000	0.0000			
18	84	0.2252	9	0	1	1	0	0	0	0	0	N	N	N	N	N	N	N	N	N	N	N	N	0.0000	0.0000	0.0000	0.0000	0.0000	0.0000	0.0000	0.0000	0.0000	0.0000	0.0000	0.0000	0.0000	0.0000	0.0000	0.0000	0.0000	0.7278	0.0005	1.5035	0.0018	0.0013	0.0052	0.8772	0.0000	1.4166	315.1242	466.2073	0.0000	0.0155	12.7610	20.4085	15.2058	11.0867	0.0000	0.0000	0.0000	0.0000	0.0000	0.0000	0.0000	0.0000	0.0000	0.0420	0.0001	0.0419	0.0001	0.0001	0.0001	0.0419	0.0000	0.0419	1.1267	0.9935	0.1332	0.2858	0.2686	0.0172	0.8410	0.7249	0.1160	0.4745	0.2569	0.2176	0.0800	0.0702	0.0098	0.3945	0.1867	0.2078	0.0001	0.0000	0.0002	0.0000	0.0000	0.0000	0.0001	0.0000	0.0002	0.0886	0.0004	0.1928	0.0018	0.0013	0.0052	0.1062	0.0000	0.2016	
18	85	0.2215	8	0	1	1	0	0	0	0	0	N	N	N	N	N	N	N	N	N	N	N	N	0.0000	0.0000	0.0000	0.0000	0.0000	0.0000	0.0000	0.0000	0.0000	0.0000	0.0000	0.0001	0.0001	0.0001	0.0000	0.0000	0.0000	0.0001	1.2112	1.5783	2.6826	3.6086	3.7317	0.0124	1.0929	0.9722	2.7359	0.3971	0.3357	-0.0000	-0.0226	12.7610	3.1287	15.2058	1.1816	0.0000	0.0000	0.0000	0.0000	0.0000	0.0000	0.0000	0.0000	0.0000	0.0600	0.0450	0.0151	0.0439	0.0439	0.0000	0.0162	0.0011	0.0151	0.2538	0.2250	0.0288	0.1004	0.0929	0.0075	0.1534	0.1321	0.0212	0.0770	0.0441	0.0330	0.0160	0.0145	0.0015	0.0610	0.0296	0.0314	0.0000	0.0000	0.0002	0.0000	0.0000	0.0000	0.0001	0.0000	0.0002	0.7796	1.0202	0.4579	2.7481	3.0341	0.0124	0.2646	0.0367	0.4793
18	86	0.2146	7	0	1	0	0	0	0	0	0	N	N	N	N	N	N	N	N	N	N	N	N	0.0000	0.0000	0.0000	0.0000	0.0001	0.0001	0.0000	0.0000	0.0000	0.0000	0.0000	0.0000	0.0001	0.0001	0.0000	0.0000	0.0000	0.0000	0.9888	1.1917	2.2262	2.1224	2.1510	0.0047	1.0251	0.9337	2.1578	0.0032	0.8581	-0.0000	-0.0057	12.7610	4.0532	15.2058	2.2470	0.0000	0.0000	0.0000	0.0000	0.0000	0.0000	0.0000	0.0000	0.0000	0.0340	0.0183	0.0157	0.0169	0.0169	0.0000	0.0172	0.0015	0.0157	0.2759	0.2437	0.0322	0.0932	0.0855	0.0076	0.1827	0.1582	0.0245	0.1152	0.0655	0.0497	0.0233	0.0212	0.0022	0.0919	0.0443	0.0475	0.0001	0.0001	0.0000	0.0001	0.0001	0.0001	0.0000	0.0000	0.0000	0.2954	0.2796	0.3162	0.7229	0.7962	0.0047	0.1868	0.0328	0.3303
18	87	0.1914	6	0	1	0	0	0	0	0	0	N	N	N	N	N	N	N	N	N	N	N	N	0.0000	0.0001	0.0000	0.0001	0.0001	0.0000	0.0000	0.0002	0.0000	0.0000	0.0000	0.0000	0.0001	0.0001	0.0000	0.0000	0.0000	0.0000	1.0758	0.7890	3.5689	1.1740	1.1599	0.3021	1.2595	0.0223	3.6591	0.0019	7.5049	-0.0000	0.0350	12.7610	4.7288	15.2058	9.8540	0.0000	0.0000	0.0000	0.0000	0.0000	0.0000	0.0000	0.0000	0.0000	0.1376	0.0162	0.1214	0.0166	0.0161	0.0005	0.1210	0.0001	0.1209	0.3803	0.3300	0.0503	0.1379	0.1249	0.0131	0.2424	0.2051	0.0373	0.3049	0.1828	0.1221	0.0685	0.0648	0.0037	0.2364	0.1180	0.1184	0.0001	0.0005	0.0000	0.0004	0.0005	0.0000	0.0000	0.0058	0.0000	0.4514	0.0885	0.9950	0.2422	0.2483	0.1354	0.5120	0.0007	1.0218
18	88	0.1676	5	0	1	0	0	0	0	0	0	N	N	N	N	N	N	N	N	N	N	N	N	0.0000	0.0097	0.0000	0.3022	0.3344	0.0000	0.0000	0.0000	0.0000	0.0001	0.0001	0.0000	0.0007	0.0008	0.0000	0.0000	0.0000	0.0000	10.0565	0.0146	35.0976	0.0024	0.0023	0.0046	11.7889	0.3219	36.5704	0.0000	4570.8425	-0.0000	1.0684	12.7610	8.6320	15.2058	7.0881	0.0001	0.0001	0.0000	0.0001	0.0001	0.0000	0.0000	0.0000	0.0000	2.8766	0.0006	2.8760	0.0001	0.0001	0.0000	2.8765	0.0005	2.8760	0.4644	0.4063	0.0581	0.0749	0.0712	0.0037	0.3895	0.3350	0.0544	0.2860	0.1637	0.1223	0.0420	0.0399	0.0021	0.2440	0.1238	0.1202	0.0000	0.0369	0.0000	0.3022	0.3344	0.0000	0.0000	0.0027	0.0000	10.0565	0.0038	23.5096	0.0024	0.0023	0.0046	11.7889	0.0044	23.9235
18	89	0.2353	7	0	2	0	0	0	0	0	0	N	Y	N	N	N	N	N	N	N	N	N	N	0.0775	0.0297	0.0000	0.0579	0.0536	0.0000	0.0162	0.0006	0.0000	0.0006	0.0007	0.0000	0.0021	0.0022	0.0000	0.0000	0.0000	0.0000	0.0076	0.0225	0.0000	0.0367	0.0418	0.0000	0.0001	0.0027	0.0000	0.0000	0.0002	-0.0002	-0.0006	12.7610	15.4622	15.2058	5.2688	0.0005	0.0005	0.0000	0.0005	0.0005	0.0000	0.0000	0.0000	0.0000	0.0009	0.0009	0.0000	0.0009	0.0009	0.0000	0.0000	0.0000	0.0000	0.8978	0.7943	0.1036	0.2493	0.2366	0.0127	0.6485	0.5577	0.0908	0.3244	0.1781	0.1464	0.0485	0.0452	0.0033	0.2759	0.1328	0.1431	0.2151	0.1334	0.0000	0.1169	0.1149	0.0000	0.0403	0.0229	0.0000	0.0028	0.0050	0.0000	0.0182	0.0195	0.0000	0.0000	0.0001	0.0000
18	90	0.2235	6	0	1	0	0	0	0	0	0	N	N	N	N	N	N	N	N	N	N	N	N	0.0934	0.0584	0.0014	0.2013	0.1865	3.4003	0.0047	0.0009	0.0001	0.0011	0.0012	0.0000	0.0037	0.0039	0.0000	0.0000	0.0000	0.0000	0.0117	0.0211	0.0020	0.0183	0.0208	0.0000	0.0063	0.0372	0.0021	0.0003	0.2961	-0.0002	-0.0003	12.7610	7.5917	15.2058	1.5198	0.0005	0.0005	0.0000	0.0005	0.0005	0.0000	0.0000	0.0000	0.0000	0.0007	0.0005	0.0001	0.0004	0.0004	0.0000	0.0002	0.0001	0.0001	0.4934	0.4385	0.0548	0.1443	0.1368	0.0075	0.3491	0.3018	0.0473	0.1772	0.1038	0.0734	0.0392	0.0363	0.0030	0.1380	0.0675	0.0705	0.2976	0.2541	0.0014	0.3320	0.3238	3.4003	0.0186	0.0332	0.0001	0.0037	0.0049	0.0020	0.0111	0.0120	0.0000	0.0016	0.0010	0.0021
18	91	0.2074	6	1	1	1	0	0	0	0	0	N	N	N	N	N	N	N	N	N	N	N	N	inf	inf	inf	inf	inf	inf	0.0003	0.0003	0.0000	0.0014	0.0015	0.0000	0.0000	0.0000	0.0000	0.0000	0.0000	0.0000	0.0000	0.0000	0.0000	0.0000	0.0000	0.0000	0.0000	-0.0000	0.0000	12.7610	3.0317	15.2058	0.1644	0.0000	0.0000	0.0000	0.0000	0.0000	0.0000	0.0000	0.0000	0.0000	0.0000	0.0000	0.0000	0.0000	0.0000	0.0000	0.0000	0.0000	0.0000	0.1641	0.1440	0.0201	0.0355	0.0337	0.0019	0.1286	0.1103	0.0182	0.0502	0.0253	0.0249	0.0040	0.0038	0.0003	0.0461	0.0215	0.0246	inf	inf	0.0000	inf	inf	0.0000	inf	inf	0.0000	0.0000	0.0000	0.0000	0.0000	0.0000	0.0000	0.0000	0.0000	0.0000				
18	92	0.2016	5	1	1	1	0	0	0	0	0	N	N	N	N	N	N	N	N	N	N	N	N	1.9494	1.6077	0.3717	1.7547	1.9100	inf	0.4509	inf	0.6140	1.3601	1.5836	0.0024	3.8210	4.1620	0.0003	0.0050	0.0055	0.0029	0.6977	0.9850	0.0064	2.1775	2.1791	0.0000	0.0112	0.0000	0.0047	0.0002	0.0281	-0.0810	-0.0029	12.7610	2.6632	15.2058	1.0147	0.2824	0.2823	0.0001	0.2817	0.2817	0.0000	0.0007	0.0006	0.0001	0.0047	0.0046	0.0001	0.0046	0.0046	0.0000	0.0001	0.0000	0.0001	0.2076	0.1783	0.0293	0.0737	0.0677	0.0060	0.1339	0.1106	0.0233	0.0607	0.0315	0.0292	0.0060	0.0057	0.0003	0.0547	0.0258	0.0290	17.3920	10.7983	0.5325	4.9740	5.1707	inf	2.1229	inf	0.6458	0.0782	0.1467	0.0044	0.7682	0.8049	0.0000	0.0024	0.0000	0.0045
18	93	0.1184	4	1	1	1	0	0	0	0	0	N	N	N	N	N	N	N	N	N	N	N	N	1.6518	2.9074	1.5852	8.4198	8.2376	1275.0384	0.7774	0.0985	1.5135	2.4455	1.4988	8.8043	7.3475	7.1007	11.4263	1.3107	0.0664	8.5676	1.4805	0.5155	5.5542	0.8726	0.8620	0.0090	1.6860	0.6738	5.6608	0.8745	73.6595	0.8632	0.3628	12.7610	35.0787	15.2058	12.2568	4.8114	2.5667	2.2447	2.7174	2.4762	0.2412	2.0941	0.0905	2.0035	1.0128	0.0136	0.9992	0.0090	0.0090	0.0000	1.0037	0.0045	0.9992	1.9675	1.7125	0.2550	0.3698	0.3487	0.0211	1.5977	1.3638	0.2339	0.7563	0.3849	0.3715	0.0551	0.0540	0.0011	0.7012	0.3309	0.3703	1.8262	42.5221	3.2730	44.7503	42.4134	1275.0384	0.9157	4.8478	3.1754	1.3391	0.0352	2.6900	0.1642	0.1674	0.0090	1.4314	0.0137	2.6981
18	94	0.1049	3	1	1	0	0	0	0	0	0	N	N	N	N	N	N	N	N	N	N	N	N	0.5627	0.9051	0.0192	1.2974	1.4354	1.1425	0.1490	0.2608	0.0232	0.3609	0.4219	0.0123	1.1026	1.1875	0.0166	0.1002	0.1191	0.0117	0.6414	0.4661	0.6416	0.8499	0.8273	0.0145	0.6725	0.4565	0.5058	0.0051	3.1747	-0.0655	0.0016	12.7610	8.4810	15.2058	2.3446	0.2322	0.2310	0.0012	0.1845	0.1843	0.0002	0.0477	0.0467	0.0010	0.0121	0.0029	0.0092	0.0023	0.0023	0.0000	0.0098	0.0006	0.0092	0.6435	0.5477	0.0958	0.1673	0.1552	0.0121	0.4761	0.3925	0.0836	0.1942	0.1005	0.0937	0.0147	0.0145	0.0002	0.1795	0.0861	0.0935	5.7823	14.6089	0.1254	6.9138	7.3532	1.1425	1.8391	18.0451	0.1189	0.0624	0.0289	0.0984	0.1595	0.1615	0.0145	0.0545	0.0066	0.0986
18	95	0.1676	5	0	2	0	1	0	0	0	0	N	Y	N	N	N	N	N	N	N	N	N	N	1.0657	2023.5086	1.0582	5782.1917	2861.0948	inf	0.0444	inf	0.0534	1.5998	0.9173	6.4490	9.5716	5.0994	96.7799	0.0782	0.0369	0.3370	1.5012	0.0005	6.0943	0.0017	0.0018	0.0000	1.7592	0.0000	6.3078	0.9893	7388.9096	0.4179	0.3715	12.7610	24.0032	15.2058	22.6134	1.9883	0.9995	0.9888	1.9067	0.9663	0.9404	0.0816	0.0332	0.0484	1.0001	0.0001	1.0000	0.0001	0.0001	0.0000	1.0000	0.0000	1.0000	1.2429	1.0895	0.1533	0.1992	0.1895	0.0097	1.0437	0.9000	0.1436	0.7271	0.3939	0.3332	0.0818	0.0759	0.0058	0.6453	0.3179	0.3274	1.1630	2669.8879	2.1487	5782.1917	2861.0948	inf	0.0505	inf	0.1103	1.3755	0.0003	3.0013	0.0017	0.0018	0.0000	1.5496	0.0000	3.0547
18	96	0.5850	9	0	2	0	0	0	0	0	0	N	Y	N	N	N	N	N	N	N	N	N	N	0.0012	0.0010	0.0000	0.0024	0.0024	0.0000	0.0051	0.0018	0.0000	0.0006	0.0006	0.0000	0.0013	0.0014	0.0000	0.0001	0.0001	0.0000	0.4814	0.6321	0.0056	0.5321	0.5658	0.0058	0.0122	0.0393	0.0040	0.0000	0.0429	-0.0002	-0.0087	12.7610	18.5150	15.2058	10.2301	0.0006	0.0006	0.0000	0.0006	0.0006	0.0000	0.0000	0.0000	0.0000	0.0148	0.0142	0.0006	0.0142	0.0141	0.0001	0.0007	0.0001	0.0005	1.0482	0.9343	0.1139	0.4384	0.4095	0.0288	0.6098	0.5247	0.0851	0.4078	0.2600	0.1477	0.1426	0.1288	0.0138	0.2652	0.1312	0.1340	0.0157	0.0117	0.0000	0.0129	0.0125	0.0000	0.0244	0.0672	0.0000	0.0364	0.0547	0.0041	0.0993	0.1093	0.0058	0.0025	0.0011	0.0040
18	97	0.1384	4	0	2	0	0	0	0	0	0	N	Y	N	N	N	N	N	N	N	N	N	N	0.9997	0.7653	270834.9943	2.9986	3.1720	inf	0.3742	0.2392	370352.7760	1.2787	1.4548	0.0017	5.0767	5.3264	0.0006	0.5477	0.6332	0.0018	1.2792	1.9010	0.0000	1.6930	1.6792	0.0000	1.4636	2.6473	0.0000	0.0002	0.0000	-0.8515	-0.6288	12.7610	46.1140	15.2058	26.4917	2.9671	2.9666	0.0005	1.9014	1.9014	0.0000	1.0657	1.0652	0.0005	1.0007	1.0007	0.0000	0.0342	0.0342	0.0000	0.9664	0.9664	0.0000	2.3203	2.0392	0.2811	0.3745	0.3570	0.0176	1.9458	1.6822	0.2636	1.0531	0.5400	0.5131	0.0795	0.0752	0.0044	0.9735	0.4648	0.5087	1.3457	0.7850	270834.9943	11.7878	11.6881	inf	0.5517	0.3046	370352.7760	0.9503	1.8532	0.0000	0.4307	0.4557	0.0000	0.9927	2.0791	0.0000
18	98	0.6379	11	0	2	0	0	0	0	0	0	N	Y	N	N	N	N	N	N	N	N	N	N	0.0000	0.0000	0.0000	0.0000	0.0000	0.0000	0.0002	0.0004	0.0005	0.0000	0.0000	0.0000	0.0000	0.0000	0.0000	0.0000	0.0000	0.0000	0.0051	0.0005	0.0061	0.0089	0.0009	0.0527	0.0001	0.0001	0.0001	2.2937	7.3964	0.0000	0.0002	12.7610	20.7840	15.2058	8.9470	0.0000	0.0000	0.0000	0.0000	0.0000	0.0000	0.0000	0.0000	0.0000	0.0007	0.0001	0.0006	0.0006	0.0001	0.0006	0.0000	0.0000	0.0000	1.0978	0.9896	0.1082	0.4562	0.4390	0.0172	0.6416	0.5506	0.0910	0.3342	0.2009	0.1333	0.1004	0.0862	0.0142	0.2338	0.1147	0.1191	0.0000	0.0000	0.0001	0.0000	0.0000	0.0000	0.0006	0.1260	0.0005	0.0020	0.0004	0.0043	0.0065	0.0009	0.0400	0.0000	0.0000	0.0001
18	99	0.6330	10	0	1	0	0	0	0	0	0	N	N	N	N	N	N	N	N	N	N	N	N	0.0126	0.0062	0.0067	0.0682	0.0730	0.0019	0.0000	0.0000	0.0038	0.0000	0.0001	0.0000	0.0001	0.0001	0.0000	0.0000	0.0000	0.0000	0.0036	0.0081	0.0001	0.0009	0.0010	0.0003	0.0076	0.3917	0.0001	0.0011	0.0192	-0.0000	-0.0001	12.7610	2.7834	15.2058	1.0450	0.0000	0.0000	0.0000	0.0000	0.0000	0.0000	0.0000	0.0000	0.0000	0.0001	0.0001	0.0000	0.0000	0.0000	0.0000	0.0001	0.0001	0.0000	0.6691	0.5960	0.0731	0.4751	0.4292	0.0458	0.1940	0.1667	0.0273	0.0913	0.0530	0.0383	0.0366	0.0349	0.0018	0.0547	0.0181	0.0366	0.0304	0.0202	0.0067	0.0682	0.0730	0.0019	0.0001	0.0000	0.0038	0.0015	0.0025	0.0001	0.0009	0.0010	0.0003	0.0018	0.0055	0.0001
18	100	0.6229	9	0	1	0	0	0	0	0	0	N	N	N	N	N	N	N	N	N	N	N	N	0.5635	0.5600	0.0023	0.4754	0.5056	0.0299	0.3316	0.7427	0.0009	0.5519	0.6166	0.0056	0.6681	0.7319	0.0087	0.3569	0.4125	0.0023	0.9793	1.1012	2.4464	1.4052	1.4477	0.2894	1.0762	0.5554	2.5015	0.0011	1.0822	-0.1573	-0.0068	12.7610	7.6044	15.2058	2.7972	0.5499	0.5493	0.0006	0.4171	0.4167	0.0005	0.1327	0.1326	0.0001	0.0622	0.0299	0.0323	0.0311	0.0294	0.0016	0.0312	0.0005	0.0307	0.9963	0.8908	0.1055	0.6244	0.5693	0.0551	0.3719	0.3215	0.0504	0.2221	0.1359	0.0862	0.0968	0.0842	0.0125	0.1253	0.0516	0.0737	1.9693	2.8027	0.0150	2.0794	2.0938	0.0660	1.4357	47.2059	0.0055	0.2802	0.2200	0.3752	0.3213	0.3495	0.1313	0.2486	0.0087	0.4166
18	101	0.5733	8	0	1	0	0	0	0	0	0	N	N	N	N	N	N	N	N	N	N	N	N	0.2730	0.2276	0.0032	0.2606	0.2716	0.0034	0.0028	0.0059	0.0000	0.3181	0.3562	0.0036	0.7620	0.8134	0.0145	0.0017	0.0020	0.0000	1.1650	1.5648	1.1183	2.9237	2.9950	4.2901	0.6155	0.3407	0.3835	0.0012	0.0902	-0.0974	-0.1501	12.7610	18.4780	15.2058	12.4520	0.3407	0.3403	0.0004	0.3396	0.3392	0.0004	0.0011	0.0011	0.0000	0.2751	0.2524	0.0228	0.2626	0.2518	0.0109	0.0125	0.0006	0.0119	1.0712	0.9555	0.1157	0.4457	0.4170	0.0286	0.6255	0.5384	0.0871	0.4128	0.2556	0.1573	0.1382	0.1237	0.0145	0.2746	0.1318	0.1428	0.4772	0.3606	0.0248	0.4011	0.3997	0.0194	0.0380	0.4305	0.0000	0.6665	0.9876	0.1448	1.9001	2.0350	0.7487	0.0456	0.0047	0.0835
18	102	0.2816	8	0	2	0	0	0	0	0	0	N	Y	N	N	N	N	N	N	N	N	N	N	0.0846	0.1893	0.0000	0.0076	0.0101	0.0000	0.1022	0.2327	0.0000	0.1593	0.1779	0.0000	0.0112	0.0117	0.0000	0.2371	0.2743	0.0000	1.8824	0.9397	8.0709	1.4692	1.1661	11.4585	2.3187	1.1788	8.6188	0.0000	24.1250	-0.1102	0.5817	12.7610	34.1922	15.2058	22.4626	0.3839	0.3839	0.0000	0.0093	0.0093	0.0000	0.3746	0.3746	0.0000	1.7528	0.0698	1.6831	0.0705	0.0475	0.0230	1.6823	0.0223	1.6601	2.4091	2.1576	0.2515	0.8292	0.7922	0.0370	1.5799	1.3654	0.2145	0.9312	0.5473	0.3839	0.2056	0.1901	0.0155	0.7255	0.3571	0.3684	0.0846	1.3956	0.0000	0.0327	0.0469	0.0000	0.1022	4.4021	0.0000	1.8824	0.1275	4.3842	0.3429	0.2499	1.4833	2.3187	0.0623	4.5063
18	103	0.2337	7	0	2	0	0	0	0	0	0	N	Y	N	N	N	N	N	N	N	N	N	N	0.3006	0.3265	0.0006	0.3130	0.3438	0.0011	0.2391	0.2030	0.0005	0.3682	0.4149	0.0023	0.4415	0.4615	0.0041	0.3403	0.3953	0.0021	1.2249	1.2710	4.0172	1.4107	1.3422	3.7116	1.4232	1.9470	4.1597	0.0007	3.1402	-0.1490	0.0619	12.7610	22.5884	15.2058	11.0115	0.5201	0.5197	0.0004	0.1716	0.1716	0.0001	0.3484	0.3481	0.0003	0.4758	0.1149	0.3609	0.0354	0.0306	0.0048	0.4404	0.0843	0.3561	1.4125	1.2524	0.1601	0.3888	0.3718	0.0170	1.0238	0.8807	0.1431	0.5826	0.3266	0.2560	0.1087	0.1017	0.0070	0.4739	0.2249	0.2490	0.4508	1.1792	0.0016	1.3552	1.5344	0.0060	0.3662	1.0541	0.0015	0.8167	0.3519	1.4098	0.3258	0.3008	0.6900	0.9293	0.3750	1.4300
18	104	0.2037	6	0	1	0	0	0	0	0	0	N	N	N	N	N	N	N	N	N	N	N	N	0.2497	0.1570	0.0000	13.1621	13.4998	0.0000	0.1418	0.0795	0.0000	0.6646	0.7512	0.0000	1.2683	1.3305	0.0000	0.4488	0.5217	0.0000	2.6618	4.7854	0.1300	0.0964	0.0986	0.0274	3.1640	6.5612	0.1122	0.0000	0.0070	-0.1422	-0.5923	12.7610	11.8100	15.2058	8.7888	0.4952	0.4952	0.0000	0.2488	0.2488	0.0000	0.2464	0.2464	0.0000	0.9531	0.9465	0.0066	0.0020	0.0019	0.0001	0.9511	0.9445	0.0065	0.7451	0.6592	0.0859	0.1962	0.1870	0.0092	0.5489	0.4722	0.0768	0.3581	0.1978	0.1603	0.0575	0.0538	0.0036	0.3006	0.1440	0.1566	0.2497	0.1570	0.0000	36.1898	37.2866	0.0000	0.1418	0.0795	0.0000	2.6618	4.7854	0.0413	0.0350	0.0357	0.0256	3.1640	6.5612	0.0416
18	105	0.1676	5	0	1	0	0	0	0	0	0	N	N	N	N	N	N	N	N	N	N	N	N	2.8991	2.4004	0.0000	1244.3195	1196.7322	1.0086	0.5756	0.0000	1.8385	2.0998	0.0000	7.4833	7.8685	0.0000	0.7567	0.8787	0.0000	0.6342	0.8748	0.0011	0.0060	0.0066	0.0000	0.7502	1.5266	0.0012	0.0000	0.0083	-0.4122	-0.0145	12.7610	14.7392	15.2058	7.3617	1.4355	1.4355	0.0000	0.9397	0.9397	0.0000	0.4958	0.4958	0.0000	0.0233	0.0231	0.0002	0.0002	0.0002	0.0000	0.0231	0.0229	0.0002	0.7808	0.6836	0.0972	0.1256	0.1194	0.0061	0.6552	0.5642	0.0910	0.3820	0.2136	0.1683	0.0508	0.0479	0.0029	0.3312	0.1658	0.1654	30.0920	19.3818	0.0000	1545.5808	1531.4649	0.0000	10.8518	6.3610	0.0000	0.0611	0.1083	0.0011	0.0048	0.0051	0.0000	0.0697	0.1381	0.0012	
18	106	0.0948	2	0	2	0	0	0	0	0	0	N	Y	N	N	N	N	N	N	N	N	N	N	5.3510	2.3857	12442.0080	0.6103	0.6412	0.0470	16984.9401	529.8817	15320.8922	0.9436	1.1004	0.0202	0.7372	0.7831	0.0000	0.9807	1.1643	0.0215	0.1763	0.4613	0.0000	1.2079	1.2214	0.0002	0.0001	0.0022	0.0000	0.0031	0.0001	-0.3360	-0.0043	12.7610	20.0414	15.2058	7.0324	1.1831	1.1794	0.0037	0.1407	0.1407	0.0000	1.0424	1.0387	0.0037	0.0069	0.0069	0.0000	0.0069	0.0069	0.0000	0.0000	0.0000	0.0000	1.2537	1.0718	0.1820	0.1909	0.1797	0.0112	1.0629	0.8921	0.1708	0.4768	0.2412	0.2356	0.0264	0.0262	0.0003	0.4504	0.2150	0.2354	65.2760	38.5049	12442.0080	2.8290	2.9766	0.0470	36137.2736	21050.3093	15320.8922	0.0145	0.0286	0.0000	0.2606	0.2631	0.0002	0.0000	0.0001	0.0000
18	109	0.2495	7	0	2	0	0	0	0	0	0	N	Y	N	N	N	N	N	N	N	N	N	N	0.9894	114.2166	0.7322	313.9032	199.5039	11919750.8582	0.0371	8.6499	0.0393	1.4111	1.0626	4.1243	5.4613	3.8760	34.3744	0.0622	0.0365	0.2279	1.4263	0.0093	5.6331	0.0174	0.0194	0.0000	1.6753	0.0042	5.7934	0.4984	794.4802	0.1351	0.3658	12.7610	40.5309	15.2058	14.7974	2.9680	1.9808	0.9873	2.8699	1.9310	0.9390	0.0981	0.0498	0.0483	0.9877	0.0012	0.9865	0.0012	0.0012	0.0000	0.9865	0.0001	0.9865	2.1034	1.8640	0.2394	0.5255	0.4982	0.0273	1.5779	1.3658	0.2121	0.8038	0.4422	0.3617	0.1123	0.1043	0.0080	0.6915	0.3379	0.3537	1.1484	378.4184	1.5121	514.7628	339.2881	11919750.8582	0.0436	245.8328	0.0817	1.2288	0.0028	2.7276	0.0106	0.0114	0.0000	1.4266	0.0001	2.7893
18	110	0.2235	6	0	2	0	0	0	0	0	0	N	Y	N	N	N	N	N	N	N	N	N	N	0.0076	0.0519	0.0250	1.1723	0.6047	3289.4707	0.0004	0.0003	0.0018	0.0043	0.0027	0.0169	0.0158	0.0093	0.1326	0.0003	0.0001	0.0011	0.5707	0.0523	0.6749	0.0134	0.0154	0.0000	0.6929	0.4679	0.5873	0.7986	10.5663	0.0005	0.0042	12.7610	13.5236	15.2058	3.5331	0.0035	0.0019	0.0015	0.0033	0.0018	0.0014	0.0002	0.0001	0.0001	0.0146	0.0013	0.0133	0.0005	0.0005	0.0000	0.0141	0.0008	0.0133	0.7969	0.7061	0.0908	0.2092	0.1983	0.0109	0.5877	0.5078	0.0799	0.2934	0.1653	0.1280	0.0522	0.0482	0.0040	0.2411	0.1172	0.1240	0.0871	0.3563	0.1621	1.7865	0.9756	3289.4707	0.0044	0.0198	0.0098	0.0497	0.0076	0.1041	0.0088	0.0096	0.0000	0.0586	0.0068	0.1075
18	111	0.1676	5	0	1	0	0	0	0	0	0	N	N	N	N	N	N	N	N	N	N	N	N	0.0958	0.3407	0.0003	0.9723	0.9554	0.0017	0.0012	0.0003	0.0002	0.0002	0.0000	0.0010	0.0011	0.0000	0.0000	0.0000	0.0000	0.0017	0.0006	0.0015	0.0010	0.0011	0.0000	0.0032	0.0054	0.0015	0.0003	3.0598	-0.0000	0.0001	12.7610	16.9399	15.2058	15.9768	0.0001	0.0001	0.0000	0.0001	0.0001	0.0000	0.0000	0.0000	0.0000	0.0005	0.0001	0.0004	0.0001	0.0001	0.0000	0.0004	0.0000	0.0004	0.8925	0.7816	0.1108	0.1434	0.1364	0.0070	0.7491	0.6452	0.1038	0.5387	0.2954	0.2433	0.0650	0.0607	0.0042	0.4737	0.2347	0.2391	0.1899	0.4824	0.0003	0.9723	0.9554	0.0000	0.0065	0.0307	0.0003	0.0009	0.0004	0.0015	0.0010	0.0011	0.0000	0.0009	0.0002	0.0015	
18	112	0.2137	7	1	2	0	1	0	0	0	0	N	Y	N	N	N	N	N	N	N	N	N	N	0.0000	0.0000	0.0000	0.0000	0.0000	0.0000	0.0000	0.0000	0.0000	0.0000	0.0000	0.0000	0.0000	0.0000	0.0000	0.0000	0.0000	0.0000	0.0000	0.0000	0.0000	0.0000	0.0000	0.0000	-0.0000	12.7610	0.0019	15.2058	1.9928	0.0000	0.0000	0.0000	0.0000	0.0000	0.0000	0.0000	0.0000	0.0000	0.0000	0.0000	0.0000	0.0000	0.0000	0.0000	0.0000	0.0000	0.0000	0.0003	0.0003	0.0000	0.0001	0.0001	0.0000	0.0002	0.0001	0.0000	0.0321	0.0175	0.0146	0.0053	0.0048	0.0005	0.0268	0.0128	0.0140	0.0000	0.0000	0.0000	0.0000	0.0000	0.0000	0.0000	0.0000	0.0000	0.0000	0.0000	0.0000	0.0000	0.0000	0.0000	0.0000	0.0000	0.0000						
18	113	0.1901	6	1	2	0	1	0	0	0	0	N	Y	N	N	N	N	N	N	N	N	N	N	0.0688	0.0000	410.8063	0.0000	0.0000	111.6815	0.0000	434.6842	0.0000	0.0000	0.0001	0.0000	0.0000	0.0000	0.0000	0.0000	0.0002	0.0003	0.0008	0.0000	0.0020	0.0022	0.0000	0.0000	0.0000	0.0000	inf	0.0007	0.0000	-0.0000	12.7610	8.6942	15.2058	6.0502	0.0000	0.0000	0.0000	0.0000	0.0000	0.0000	0.0000	0.0000	0.0000	0.0001	0.0001	0.0000	0.0001	0.0001	0.0000	0.0000	0.0000	0.0000	0.5304	0.4625	0.0679	0.1249	0.1201	0.0047	0.4056	0.3424	0.0632	0.2375	0.1226	0.1149	0.0301	0.0272	0.0029	0.2074	0.0954	0.1120	0.0744	0.0000	410.8063	0.0000	0.0000	0.0000	111.6815	0.0000	434.6842	0.0003	0.0005	0.0000	0.0020	0.0022	0.0000	0.0000	0.0000	0.0000	
18	114	0.2112	10	0	2	0	1	0	0	0	0	N	Y	N	N	N	N	N	N	N	N	N	N	0.0000	0.0000	0.0000	0.0000	0.0000	0.0000	0.0000	0.0000	0.0000	0.0000	0.0000	0.0000	0.0000	0.0000	0.0000	0.0000	0.0000	0.0000	0.0000	0.0000	12.7610	0.0001	15.2058	0.0001	0.0000	0.0000	0.0000	0.0000	0.0000	0.0000	0.0000	0.0000	0.0000	0.0000	0.0000	0.0000	0.0000	0.0000	0.0000	0.0000	0.0000	0.0000	0.0000	0.0000	0.0000	0.0000	0.0000	0.0000	0.0000	0.0000	0.0000	0.0000	0.0000	0.0000	0.0000	0.0000	0.0000	0.0000	0.0000	0.0000	0.0000	0.0000	0.0000	0.0000	0.0000	0.0000	0.0000	0.0000	0.0000	0.0000	0.0000	0.0000	0.0000	0.0000	0.0000	0.0000	0.0000	0.0000											
18	115	0.2045	9	0	2	0	1	0	0	0	0	N	Y	N	N	N	N	N	N	N	N	N	N	0.0000	0.0000	0.0000	0.0000	0.0000	0.0000	0.0000	0.0000	0.0000	0.0000	0.0000	0.0000	0.0000	0.0000	0.0000	0.0000	0.0000	0.0000	0.0000	0.0000	12.7610	3.0007	15.2058	1.0012	0.0000	0.0000	0.0000	0.0000	0.0000	0.0000	0.0000	0.0000	0.0000	0.0000	0.0000	0.0000	0.0000	0.0000	0.0000	0.0000	0.0000	0.0000	0.1632	0.1439	0.0193	0.0360	0.0342	0.0018	0.1272	0.1097	0.0175	0.0621	0.0317	0.0304	0.0072	0.0064	0.0008	0.0550	0.0253	0.0296	0.0000	0.0000	0.0000	0.0000	0.0000	0.0000	0.0000	0.0000	0.0000	0.0000	0.0000	0.0000	0.0000	0.0000	0.0000	0.0000	0.0000	0.0000											
18	116	0.2027	8	0	1	0	1	0	0	0	0	N	N	N	N	N	N	N	N	N	N	N	N	0.0000	0.0000	0.0000	0.0000	0.0000	0.0000	0.0000	0.0000	0.0000	0.0000	0.0000	0.0000	0.0000	0.0000	0.0000	0.0000	0.0000	0.0000	0.0000	0.0000	12.7610	1.1177	15.2058	0.0023	0.0000	0.0000	0.0000	0.0000	0.0000	0.0000	0.0000	0.0000	0.0000	0.0000	0.0000	0.0000	0.0000	0.0000	0.0000	0.0000	0.0000	0.0000	0.0641	0.0567	0.0074	0.0163	0.0156	0.0008	0.0477	0.0411	0.0066	0.0175	0.0089	0.0086	0.0020	0.0018	0.0002	0.0155	0.0071	0.0083	0.0000	0.0000	0.0000	0.0000	0.0000	0.0000	0.0000	0.0000	0.0000	0.0000	0.0000	0.0000	0.0000	0.0000	0.0000	0.0000	0.0000	0.0000											
18	117	0.2579	6	0	2	0	0	0	0	0	0	N	Y	N	N	N	N	N	N	N	N	N	N	0.0005	0.0004	0.0000	0.0005	0.0005	0.0000	0.9169	0.1736	0.0000	0.0005	0.0006	0.0000	0.0017	0.0019	0.0000	0.0000	0.0000	0.0000	0.9897	1.3797	0.0000	3.4688	3.5315	0.0008	0.0000	0.0001	0.0000	0.0000	0.0001	-0.0003	-0.1557	12.7610	31.2782	15.2058	23.9277	0.0009	0.0009	0.0000	0.0009	0.0009	0.0000	0.0000	0.0000	0.0000	0.2478	0.2478	0.0000	0.2478	0.2478	0.0000	0.0000	0.0000	0.0000	1.7285	1.5324	0.1961	0.4955	0.4657	0.0298	1.2330	1.0667	0.1663	0.8193	0.4360	0.3833	0.0988	0.0918	0.0070	0.7204	0.3442	0.3763	0.0017	0.0010	0.0000	0.0007	0.0007	0.0000	1.6673	52.8842	0.0000	0.3024	0.5683	0.0000	2.5067	2.6987	0.0008	0.0000	0.0000	0.0000
18	118	0.2027	8	0	1	1	1	0	0	0	0	N	N	N	N	N	N	N	N	N	N	N	N	0.0000	0.0000	0.0000	0.0000	0.0000	0.0000	0.0000	0.0000	0.0000	0.0000	0.0000	0.0000	0.0000	0.0000	0.0000	0.0000	0.0000	0.0000	0.0000	0.0000	12.7610	3.8827	15.2058	2.9998	0.0000	0.0000	0.0000	0.0000	0.0000	0.0000	0.0000	0.0000	0.0000	0.0000	0.0000	0.0000	0.0000	0.0000	0.0000	0.0000	0.0000	0.0000	0.2137	0.1886	0.0250	0.0491	0.0468	0.0024	0.1645	0.1419	0.0226	0.1061	0.0541	0.0520	0.0121	0.0108	0.0014	0.0939	0.0433	0.0506	0.0000	0.0000	0.0000	0.0000	0.0000	0.0000	0.0000	0.0000	0.0000	0.0000	0.0000	0.0000	0.0000	0.0000	0.0000	0.0000	0.0000	0.0000											
18	119	0.1998	7	0	1	0	1	0	0	0	0	N	N	N	N	N	N	N	N	N	N	N	N	0.0000	0.0000	0.0000	0.0000	0.0000	0.0000	0.0000	0.0000	0.0000	0.0000	0.0000	0.0000	0.0000	0.0000	0.0000	0.0000	0.0000	0.0000	0.0000	0.0000	0.0000	0.0000	inf	0.0000	0.0000	12.7610	2.8083	15.2058	0.0030	0.0000	0.0000	0.0000	0.0000	0.0000	0.0000	0.0000	0.0000	0.0000	0.0000	0.0000	0.0000	0.0000	0.0000	0.0000	0.0000	0.0000	0.0000	0.1891	0.1689	0.0202	0.0583	0.0556	0.0028	0.1307	0.1133	0.0174	0.0439	0.0223	0.0216	0.0051	0.0045	0.0006	0.0389	0.0179	0.0210	0.0000	0.0000	0.0000	0.0000	0.0000	0.0000	0.0000	0.0000	0.0000	0.0000	0.0000	0.0000	0.0000	0.0000	0.0000	0.0000	0.0000	0.0000						
18	120	0.1998	7	0	1	1	1	0	0	0	0	N	N	N	N	N	N	N	N	N	N	N	N	0.0000	0.0000	0.0000	0.0000	0.0000	0.0000	0.0000	0.0000	0.0000	0.0000	0.0000	0.0000	0.0000	0.0000	0.0000	0.0000	0.0000	0.0000	0.0000	0.0000	0.0000	0.0000	inf	0.0000	0.0000	12.7610	9.6158	15.2058	0.0030	0.0000	0.0000	0.0000	0.0000	0.0000	0.0000	0.0000	0.0000	0.0000	0.0000	0.0000	0.0000	0.0000	0.0000	0.0000	0.0000	0.0000	0.0000	0.5493	0.4866	0.0627	0.1361	0.1294	0.0067	0.4132	0.3572	0.0560	0.1479	0.0753	0.0726	0.0169	0.0150	0.0019	0.1310	0.0603	0.0707	0.0000	0.0000	0.0000	0.0000	0.0000	0.0000	0.0000	0.0000	0.0000	0.0000	0.0000	0.0000	0.0000	0.0000	0.0000	0.0000	0.0000	0.0000						
18	121	0.1901	6	0	1	0	1	0	0	0	0	N	N	N	N	N	N	N	N	N	N	N	N	0.0003	0.0001	0.0000	0.0002	0.0002	0.0000	0.0000	0.0000	0.0000	0.0000	0.0000	0.0000	0.0000	0.0000	0.0000	0.0000	0.0000	0.0005	0.0014	0.0000	0.0025	0.0028	0.0000	0.0000	0.0000	0.0000	0.0000	0.0088	-0.0000	-0.0000	12.7610	4.2457	15.2058	2.0144	0.0000	0.0000	0.0000	0.0000	0.0000	0.0000	0.0000	0.0000	0.0000	0.0000	0.0000	0.0000	0.0000	0.0000	0.0000	0.0000	0.0000	0.0000	0.2973	0.2572	0.0401	0.0800	0.0776	0.0024	0.2173	0.1796	0.0377	0.1083	0.0567	0.0516	0.0158	0.0146	0.0013	0.0924	0.0421	0.0504	0.0004	0.0002	0.0000	0.0002	0.0002	0.0000	0.0000	0.0000	0.0000	0.0004	0.0007	0.0000	0.0025	0.0028	0.0000	0.0000	0.0000	0.0000	
18	122	0.1480	5	0	1	0	1	0	0	0	0	N	N	N	N	N	N	N	N	N	N	N	N	0.0402	0.0161	0.0028	0.0175	0.0162	0.0000	0.0524	0.0055	0.0030	0.0002	0.0003	0.0000	0.0011	0.0011	0.0000	0.0000	0.0000	0.0000	0.0062	0.0177	0.0002	0.0604	0.0678	0.0000	0.0005	0.0060	0.0002	0.0002	0.0360	-0.0001	-0.0005	12.7610	11.9190	15.2058	13.1740	0.0002	0.0002	0.0000	0.0002	0.0002	0.0000	0.0000	0.0000	0.0000	0.0009	0.0009	0.0000	0.0008	0.0008	0.0000	0.0001	0.0000	0.0000	0.7131	0.6236	0.0895	0.1533	0.1477	0.0056	0.5598	0.4759	0.0839	0.3889	0.1958	0.1931	0.0302	0.0284	0.0017	0.3588	0.1674	0.1914	0.1090	0.0650	0.0028	0.0389	0.0380	0.0000	0.1439	0.1400	0.0030	0.0023	0.0044	0.0002	0.0272	0.0289	0.0000	0.0002	0.0002	0.0002
18	123	0.6332	11	0	1	1	1	0	0	0	0	N	N	N	N	N	N	N	N	N	N	N	N	0.1702	0.1171	0.0000	0.0046	0.0048	0.2071	0.1147	0.0000	0.8602	0.9593	0.0000	0.0085	0.0090	0.0000	1.5396	1.7852	0.0000	5.0551	8.1927	0.0001	1.8216	1.8618	0.0000	7.4354	15.5604	0.0001	0.0000	0.0000	-0.1855	-0.6283	12.7610	12.8936	15.2058	4.1514	0.6461	0.6461	0.0000	0.0028	0.0028	0.0000	0.6433	0.6433	0.0000	0.9999	0.9999	0.0000	0.0340	0.0340	0.0000	0.9659	0.9659	0.0000	0.7512	0.6735	0.0777	0.3333	0.3132	0.0202	0.4179	0.3604	0.0575	0.1978	0.1220	0.0758	0.0679	0.0600	0.0079	0.1299	0.0621	0.0678	0.1702	0.1171	0.0000	0.0169	0.0159	0.0000	0.2071	0.1147	0.0000	5.0551	8.1927	0.0001	0.5009	0.5671	0.0000	7.4354	15.5604	0.0001	
18	124	0.1633	6	0	2	0	0	0	0	0	0	N	Y	N	N	N	N	N	N	N	N	N	N	0.0001	0.0002	0.0000	0.0004	0.0005	0.0000	0.0000	0.0007	0.0000	0.0002	0.0002	0.0000	0.0009	0.0010	0.0000	0.0000	0.0000	0.0000	2.9627	0.9667	10.9638	2.1366	2.1238	0.3850	3.2030	0.0026	11.8918	0.0004	40.7427	-0.0000	0.3531	12.7610	12.7386	15.2058	8.7370	0.0001	0.0001	0.0000	0.0001	0.0001	0.0000	0.0000	0.0000	0.0000	1.0154	0.0243	0.9911	0.0246	0.0243	0.0003	0.9908	0.0000	0.9908	0.7099	0.6272	0.0828	0.1508	0.1443	0.0065	0.5591	0.4828	0.0763	0.3427	0.1739	0.1688	0.0334	0.0316	0.0018	0.3093	0.1424	0.1670	0.0001	0.0016	0.0000	0.0012	0.0012	0.0000	0.0000	0.0258	0.0000	2.9627	0.1399	5.8712	0.7365	0.7701	0.1538	3.2030	0.0001	5.9335
18	125	0.1480	5	0	2	0	0	0	0	0	0	N	Y	N	N	N	N	N	N	N	N	N	N	0.0004	0.0018	0.0000	0.0066	0.0068	0.0000	0.0000	0.0001	0.0000	0.0003	0.0004	0.0000	0.0014	0.0014	0.0000	0.0000	0.0000	0.0000	0.9103	0.2198	2.5085	0.2086	0.2084	0.0008	1.0494	0.4409	2.4367	0.0000	27.7435	-0.0001	0.0114	12.7610	8.6431	15.2058	1.4782	0.0002	0.0002	0.0000	0.0002	0.0002	0.0000	0.0000	0.0000	0.0000	0.0340	0.0012	0.0328	0.0007	0.0007	0.0000	0.0333	0.0004	0.0328	0.5465	0.4770	0.0695	0.1249	0.1208	0.0041	0.4216	0.3563	0.0653	0.1651	0.0833	0.0818	0.0142	0.0135	0.0007	0.1509	0.0698	0.0810	0.0017	0.0278	0.0000	0.0267	0.0262	0.0000	0.0002	0.0071	0.0000	0.2058	0.0142	0.4012	0.0515	0.0543	0.0008	0.2204	0.0064	0.4048
18	126	0.1384	4	0	1	0	0	0	0	0	0	N	N	N	N	N	N	N	N	N	N	N	N	0.1858	0.2341	0.0000	11.9155	12.5173	0.0000	0.0123	0.0040	0.0000	0.0184	0.0209	0.0000	0.0708	0.0734	0.0000	0.0021	0.0025	0.0000	0.0988	0.0894	0.0269	0.0059	0.0059	0.0063	0.1703	0.6186	0.0228	0.0000	1.1445	-0.0015	-0.0001	12.7610	4.1618	15.2058	2.0491	0.0053	0.0053	0.0000	0.0049	0.0049	0.0000	0.0005	0.0005	0.0000	0.0014	0.0006	0.0007	0.0001	0.0001	0.0000	0.0013	0.0006	0.0007	0.2914	0.2555	0.0358	0.0689	0.0665	0.0024	0.2225	0.1890	0.0334	0.1236	0.0693	0.0543	0.0179	0.0175	0.0004	0.1056	0.0518	0.0538	1.6691	2.2883	0.0000	14.7405	15.3882	0.0000	0.1744	0.2328	0.0000	0.0110	0.0091	0.0134	0.0048	0.0048	0.0063	0.0120	0.0106	0.0134
18	128	0.6454	12	1	2	0	0	0	0	0	0	N	Y	N	N	N	N	N	N	N	N	N	N	inf	inf	inf	inf	0.0002	0.0002	0.0000	0.0004	0.0004	0.0000	0.0000	0.0000	0.0000	0.0000	0.0000	0.0000	0.0000	0.0000	0.0000	0.0000	0.0000	0.0000	0.0000	-0.0000	0.0000	12.7610	2.0107	15.2058	1.9995	0.0000	0.0000	0.0000	0.0000	0.0000	0.0000	0.0000	0.0000	0.0000	0.0000	0.0000	0.0000	0.0000	0.0000	0.0000	0.0000	0.0000	0.0000	0.1115	0.0995	0.0121	0.0483	0.0452	0.0031	0.0633	0.0542	0.0090	0.0457	0.0290	0.0167	0.0164	0.0144	0.0019	0.0293	0.0145	0.0148	inf	inf	0.0000	inf	inf	0.0000	0.0000	0.0000	0.0000	0.0000	0.0000	0.0000	0.0000	0.0000	0.0000	0.0000	0.0000	0.0000						
18	129	0.6332	11	1	2	0	0	0	0	0	0	N	Y	N	N	N	N	N	N	N	N	N	N	1287.8173	1027.3129	0.0000	2064.8045	1957.5927	0.1327	0.1665	0.0000	0.9556	1.0604	0.0000	2.0513	2.1771	0.0000	0.0001	0.0001	0.0000	0.0007	0.0010	0.0003	0.0010	0.0011	0.0000	0.0005	0.0005	0.0003	0.0000	0.3335	-0.1016	-0.0000	12.7610	5.6459	15.2058	1.1399	0.3538	0.3538	0.0000	0.3538	0.3538	0.0000	0.0000	0.0000	0.0000	0.0000	0.0000	0.0000	0.0000	0.0000	0.0000	0.0000	0.0000	0.0000	0.3703	0.3337	0.0366	0.1725	0.1625	0.0100	0.1978	0.1712	0.0266	0.0854	0.0523	0.0330	0.0302	0.0269	0.0032	0.0552	0.0254	0.0298	2037.2328	1848.8110	0.0000	2064.8045	1957.5927	0.0000	0.3566	35.0983	0.0000	0.0005	0.0006	0.0003	0.0010	0.0011	0.0000	0.0002	0.0000	0.0003	
18	130	0.6028	10	0	1	0	0	0	0	0	0	N	N	N	N	N	N	N	N	N	N	N	N	0.8532	11.1783	0.0000	31.1267	54.5597	0.0000	0.0003	0.0335	0.0000	0.8062	0.9038	0.0000	1.7058	1.8259	0.0000	0.0003	0.0004	0.0000	0.9449	0.0809	3.0643	0.0548	0.0335	0.1774	1.1593	0.0110	3.1016	0.0000	42.3339	-0.1856	0.0194	12.7610	11.6079	15.2058	5.3766	0.6463	0.6463	0.0000	0.6462	0.6462	0.0000	0.0001	0.0001	0.0000	0.0558	0.0013	0.0545	0.0020	0.0013	0.0008	0.0537	0.0000	0.0537	0.8016	0.7151	0.0866	0.3788	0.3539	0.0249	0.4228	0.3612	0.0616	0.2344	0.1447	0.0897	0.0835	0.0750	0.0085	0.1509	0.0697	0.0812	3.3889	101.6114	0.0000	69.8626	108.8637	0.0000	0.0009	0.8814	0.0000	0.2379	0.0089	0.6072	0.0244	0.0168	0.0920	0.3560	0.0004	0.6610
18	131	0.5850	9	0	1	0	0	0	0	0	0	N	N	N	N	N	N	N	N	N	N	N	N	0.0006	0.0047	0.0000	0.0096	0.0188	0.0000	0.0000	0.0006	0.0000	0.0022	0.0025	0.0000	0.0046	0.0049	0.0000	0.0002	0.0003	0.0000	3.9848	0.5242	18.8501	0.4728	0.2609	1.6330	6.4393	0.4436	22.1546	0.0000	163.7282	-0.0002	0.3459	12.7610	3.9355	15.2058	8.7078	0.0006	0.0006	0.0000	0.0006	0.0006	0.0000	0.0000	0.0000	0.0000	0.9463	0.0057	0.9405	0.0082	0.0053	0.0029	0.9381	0.0005	0.9376	0.2839	0.2535	0.0304	0.1292	0.1202	0.0091	0.1547	0.1334	0.0213	0.2375	0.1581	0.0793	0.0918	0.0851	0.0067	0.1457	0.0730	0.0727	0.0006	0.0681	0.0000	0.0512	0.0791	0.0000	0.0000	0.0443	0.0000	3.9848	0.0363	11.8547	0.0889	0.0619	0.4335	6.4393	0.0065	12.9036
18	132	0.5733	8	0	1	0	0	0	0	0	0	N	N	N	N	N	N	N	N	N	N	N	N	0.0063	0.0080	0.0000	0.0088	0.0106	0.0000	0.0047	0.0105	0.0000	0.0052	0.0058	0.0000	0.0062	0.0066	0.0000	0.0043	0.0050	0.0000	0.8181	0.7232	1.7181	0.7041	0.6285	0.6707	0.9188	0.4820	1.6131	0.0000	1.8141	-0.0006	0.0004	12.7610	6.2657	15.2058	3.9760	0.0023	0.0023	0.0000	0.0012	0.0012	0.0000	0.0011	0.0011	0.0000	0.0242	0.0086	0.0156	0.0096	0.0082	0.0014	0.0146	0.0004	0.0142	0.4373	0.3912	0.0461	0.1935	0.1810	0.0125	0.2438	0.2102	0.0336	0.1909	0.1227	0.0682	0.0742	0.0680	0.0061	0.1168	0.0547	0.0621	0.0409	0.0826	0.0000	0.0481	0.0550	0.0000	0.0348	0.7155	0.0000	0.1265	0.0699	0.2283	0.1291	0.1205	0.2241	0.1249	0.0070	0.2287
18	133	0.4960	7	0	1	0	0	0	0	0	0	N	N	N	N	N	N	N	N	N	N	N	N	0.7112	0.6489	0.0001	0.0428	0.0462	0.0004	1.2299	37.1000	0.0001	0.6668	0.7484	0.0002	0.0793	0.0845	0.0003	1.0503	1.2221	0.0001	0.9376	1.1533	1.4348	1.8548	1.8263	0.6949	0.8540	0.0329	1.2959	0.0000	0.4773	-0.2972	-0.0490	12.7610	26.7012	15.2058	18.2690	1.0350	1.0350	0.0000	0.0486	0.0486	0.0000	0.9864	0.9864	0.0000	0.1605	0.1086	0.0518	0.1125	0.1084	0.0041	0.0479	0.0002	0.0477	1.5522	1.3829	0.1693	0.6131	0.5758	0.0373	0.9392	0.8071	0.1320	0.7038	0.4233	0.2804	0.2142	0.1962	0.0180	0.4895	0.2272	0.2624	2.9246	2.9172	0.0009	0.1510	0.1529	0.0012	10.7292	1279.6634	0.0008	0.2280	0.2566	0.1849	0.5253	0.5526	0.2294	0.0979	0.0010	0.1818
18	134	0.2579	6	0	1	0	0	0	0	0	0	N	N	N	N	N	N	N	N	N	N	N	N	0.2037	1.5494	0.0049	0.0449	0.0128	2.1542	0.2503	1.6661	0.0004	0.6741	0.7525	0.0596	0.0313	0.0087	0.3808	0.9123	1.0510	0.0051	3.3098	0.4856	12.0487	0.6975	0.6799	0.1768	3.6446	0.6308	13.3463	0.0101	199.6443	-0.5700	1.7709	12.7610	61.4372	15.2058	55.8589	2.0568	2.0362	0.0206	0.0259	0.0068	0.0191	2.0309	2.0294	0.0015	4.8297	0.0241	4.8056	0.0177	0.0168	0.0010	4.8119	0.0073	4.8046	3.0512	2.7060	0.3452	0.8252	0.7751	0.0501	2.2260	1.9309	0.2951	1.4592	0.7666	0.6926	0.1389	0.1284	0.0105	1.3203	0.6382	0.6821	0.2037	23.9654	0.0086	0.2452	0.0668	4.1466	0.2503	92.0786	0.0007	3.3098	0.0314	6.9388	0.1278	0.1307	0.0918	3.6446	0.0114	7.0440
18	135	0.1676	5	0	1	0	0	0	0	0	0	N	N	N	N	N	N	N	N	N	N	N	N	0.7571	0.5937	0.0001	0.6406	0.6254	0.0084	0.0518	1.8427	0.0000	1.2317	1.4036	0.0003	7.3893	7.7667	0.0049	0.0602	0.0697	0.0000	1.6269	2.3642	3.2302	11.5348	12.4192	0.5799	1.1617	0.0378	3.2257	0.0000	0.2506	-0.5708	-0.5312	12.7610	31.7621	15.2058	18.5886	1.9880	1.9880	0.0001	1.9064	1.9064	0.0001	0.0816	0.0816	0.0000	1.2412	0.9925	0.2487	0.9934	0.9921	0.0013	0.2478	0.0004	0.2475	1.6141	1.4163	0.1977	0.2580	0.2455	0.0125	1.3561	1.1709	0.1852	0.7765	0.4198	0.3567	0.0861	0.0799	0.0062	0.6904	0.3399	0.3505	0.7706	0.5937	0.0005	0.6406	0.6254	0.0238	0.1676	67.2285	0.0000	1.5984	2.3642	0.6973	11.5348	12.4192	0.2054	0.3589	0.0010	0.7061
19	20	0.5750	14	0	2	0	2	0	0	0	0	N	Y	N	Y	N	N	N	N	N	N	N	N	0.0000	0.0000	0.0000	0.0000	0.0000	0.0000	0.0000	0.0000	0.0000	0.0000	0.0000	0.0000	0.0000	0.0000	0.0000	0.0000	0.0000	0.0000	0.0000	0.0000	3.0000	9.0824	1.0000	4.8637	0.0000	0.0000	0.0000	0.0000	0.0000	0.0000	0.0000	0.0000	0.0000	0.0000	0.0000	0.0000	0.0000	0.0000	0.0000	0.0000	0.0000	0.0000	0.1188	0.1069	0.0118	0.0477	0.0452	0.0024	0.0711	0.0617	0.0094	0.0238	0.0143	0.0095	0.0075	0.0066	0.0009	0.0164	0.0077	0.0086	0.0000	0.0000	0.0000	0.0000	0.0000	0.0000	0.0000	0.0000	0.0000	0.0000	0.0000	0.0000	0.0000	0.0000	0.0000	0.0000	0.0000	0.0000											
19	21	0.1948	11	1	2	0	1	0	0	0	0	N	Y	N	N	N	N	N	N	N	N	N	N	0.0000	0.0000	0.0000	0.0000	0.0000	0.0000	0.0000	0.0000	0.0000	0.0000	0.0000	0.0000	0.0000	0.0000	0.0000	0.0000	0.0000	0.0000	0.0000	0.0000	3.0000	5.0072	1.0000	8.1033	0.0000	0.0000	0.0000	0.0000	0.0000	0.0000	0.0000	0.0000	0.0000	0.0000	0.0000	0.0000	0.0000	0.0000	0.0000	0.0000	0.0000	0.0000	0.0620	0.0540	0.0080	0.0084	0.0079	0.0005	0.0536	0.0461	0.0074	0.0339	0.0179	0.0160	0.0063	0.0055	0.0008	0.0275	0.0123	0.0152	0.0000	0.0000	0.0000	0.0000	0.0000	0.0000	0.0000	0.0000	0.0000	0.0000	0.0000	0.0000	0.0000	0.0000	0.0000	0.0000	0.0000	0.0000											
19	22	0.0860	7	0	2	0	1	0	0	0	0	N	Y	N	N	N	N	N	N	N	N	N	N	inf	inf	inf	inf	inf	inf	0.0434	0.0496	0.0000	0.0268	0.0277	0.0000	0.0448	0.0518	0.0000	0.0000	0.0000	0.0000	0.0000	0.0000	0.0000	0.0000	0.0000	0.0000	0.0000	-0.0027	0.0000	3.0000	17.0533	1.0000	10.0403	0.0094	0.0094	0.0000	0.0005	0.0005	0.0000	0.0089	0.0089	0.0000	0.0000	0.0000	0.0000	0.0000	0.0000	0.0000	0.0000	0.0000	0.0000	0.2173	0.1899	0.0274	0.0176	0.0170	0.0006	0.1997	0.1729	0.0268	0.0642	0.0322	0.0320	0.0048	0.0041	0.0006	0.0594	0.0280	0.0314	inf	inf	0.0000	inf	inf	0.0000	inf	inf	0.0000	0.0000	0.0000	0.0000	0.0000	0.0000	0.0000	0.0000	0.0000	0.0000				
19	23	0.4356	16	0	1	0	2	0	0	0	0	N	N	N	Y	N	N	N	N	N	N	N	N	0.0000	0.0000	0.0000	0.0000	0.0000	0.0000	0.0000	0.0000	0.0000	0.0000	0.0000	0.0000	0.0000	0.0000	0.0000	0.0000	0.0000	0.0000	0.0000	0.0000	3.0000	2.8591	1.0000	0.9679	0.0000	0.0000	0.0000	0.0000	0.0000	0.0000	0.0000	0.0000	0.0000	0.0000	0.0000	0.0000	0.0000	0.0000	0.0000	0.0000	0.0000	0.0000	0.0367	0.0327	0.0041	0.0117	0.0109	0.0007	0.0251	0.0218	0.0033	0.0074	0.0042	0.0032	0.0016	0.0014	0.0002	0.0057	0.0028	0.0030	0.0000	0.0000	0.0000	0.0000	0.0000	0.0000	0.0000	0.0000	0.0000	0.0000	0.0000	0.0000	0.0000	0.0000	0.0000	0.0000	0.0000	0.0000											
19	24	0.4094	15	0	1	0	2	0	0	0	0	N	N	N	Y	N	N	N	N	N	N	N	N	inf	inf	inf	inf	0.0034	0.0039	0.0000	0.0111	0.0119	0.0000	0.0000	0.0000	0.0000	0.0000	0.0000	0.0000	0.0000	0.0000	0.0000	0.0000	0.0000	0.0000	0.0000	-0.0001	0.0000	3.0000	6.2936	1.0000	7.0245	0.0003	0.0003	0.0000	0.0003	0.0003	0.0000	0.0000	0.0000	0.0000	0.0000	0.0000	0.0000	0.0000	0.0000	0.0000	0.0000	0.0000	0.0000	0.0789	0.0701	0.0089	0.0243	0.0227	0.0016	0.0546	0.0473	0.0073	0.0239	0.0137	0.0102	0.0050	0.0042	0.0007	0.0189	0.0095	0.0094	inf	inf	0.0000	inf	inf	0.0000	0.0000	0.0000	0.0000	0.0000	0.0000	0.0000	0.0000	0.0000	0.0000	0.0000	0.0000	0.0000						
19	25	0.2106	10	1	1	1	1	0	0	0	0	N	N	N	N	N	N	N	N	N	N	N	N	inf	inf	inf	inf	0.0018	0.0020	0.0000	0.0000	0.0000	0.0000	0.0027	0.0031	0.0000	0.0000	0.0000	0.0000	0.0000	0.0000	0.0000	0.0000	0.0000	0.0000	0.0000	-0.0000	0.0000	3.0000	4.4994	1.0000	1.0731	0.0001	0.0001	0.0000	0.0000	0.0000	0.0000	0.0001	0.0001	0.0000	0.0000	0.0000	0.0000	0.0000	0.0000	0.0000	0.0000	0.0000	0.0000	0.0676	0.0603	0.0073	0.0236	0.0221	0.0015	0.0439	0.0382	0.0057	0.0119	0.0061	0.0057	0.0013	0.0011	0.0002	0.0105	0.0050	0.0055	inf	inf	0.0000	0.0000	0.0000	0.0000	inf	inf	0.0000	0.0000	0.0000	0.0000	0.0000	0.0000	0.0000	0.0000	0.0000	0.0000						
19	26	0.1564	10	0	2	0	1	0	0	0	0	N	Y	N	N	N	N	N	N	N	N	N	N	0.0000	0.0000	0.0000	0.0000	0.0000	0.0000	0.0000	0.0000	0.0000	0.0000	0.0000	0.0000	0.0000	0.0000	0.0000	0.0000	0.0000	0.0000	0.0000	0.0000	3.0000	12.3098	1.0000	9.0087	0.0000	0.0000	0.0000	0.0000	0.0000	0.0000	0.0000	0.0000	0.0000	0.0000	0.0000	0.0000	0.0000	0.0000	0.0000	0.0000	0.0000	0.0000	0.1615	0.1416	0.0199	0.0284	0.0264	0.0020	0.1331	0.1152	0.0179	0.0489	0.0269	0.0220	0.0081	0.0069	0.0012	0.0408	0.0200	0.0207	0.0000	0.0000	0.0000	0.0000	0.0000	0.0000	0.0000	0.0000	0.0000	0.0000	0.0000	0.0000	0.0000	0.0000	0.0000	0.0000	0.0000	0.0000											
19	27	0.1332	9	0	2	0	1	0	0	0	0	N	Y	N	N	N	N	N	N	N	N	N	N	0.0000	0.0000	0.0000	0.0000	0.0000	0.0000	0.0000	0.0000	0.0000	0.0000	0.0000	0.0000	0.0000	0.0000	0.0000	0.0000	0.0000	0.0000	0.0000	0.0000	3.0000	25.8727	1.0000	15.5187	0.0000	0.0000	0.0000	0.0000	0.0000	0.0000	0.0000	0.0000	0.0000	0.0000	0.0000	0.0000	0.0000	0.0000	0.0000	0.0000	0.0000	0.0000	0.3233	0.2823	0.0410	0.0447	0.0419	0.0029	0.2786	0.2405	0.0381	0.0982	0.0553	0.0429	0.0170	0.0144	0.0026	0.0812	0.0409	0.0403	0.0000	0.0000	0.0000	0.0000	0.0000	0.0000	0.0000	0.0000	0.0000	0.0000	0.0000	0.0000	0.0000	0.0000	0.0000	0.0000	0.0000	0.0000											
19	28	0.1274	9	1	2	0	1	0	0	0	0	N	Y	N	N	N	N	N	N	N	N	N	N	inf	inf	inf	inf	0.0076	0.0086	0.0000	0.0372	0.0388	0.0000	0.0000	0.0000	0.0000	0.0000	0.0000	0.0000	0.0000	0.0000	0.0000	0.0000	0.0000	0.0000	0.0000	-0.0010	0.0000	3.0000	38.1974	1.0000	14.3032	0.0036	0.0036	0.0000	0.0036	0.0036	0.0000	0.0000	0.0000	0.0000	0.0000	0.0000	0.0000	0.0000	0.0000	0.0000	0.0000	0.0000	0.0000	0.4686	0.4159	0.0527	0.0960	0.0919	0.0040	0.3726	0.3240	0.0487	0.1049	0.0531	0.0518	0.0107	0.0091	0.0016	0.0942	0.0440	0.0502	inf	inf	0.0000	inf	inf	0.0000	0.0000	0.0000	0.0000	0.0000	0.0000	0.0000	0.0000	0.0000	0.0000	0.0000	0.0000	0.0000						
19	29	0.1633	11	0	2	0	1	0	0	0	0	N	Y	N	N	N	N	N	N	N	N	N	N	0.0000	0.0000	0.0000	0.0000	0.0000	0.0000	0.0000	0.0000	0.0000	0.0000	0.0000	0.0000	0.0000	0.0000	0.0000	0.0000	0.0000	0.0000	0.0000	0.0000	3.0000	6.0056	1.0000	10.9350	0.0000	0.0000	0.0000	0.0000	0.0000	0.0000	0.0000	0.0000	0.0000	0.0000	0.0000	0.0000	0.0000	0.0000	0.0000	0.0000	0.0000	0.0000	0.0927	0.0816	0.0111	0.0241	0.0225	0.0017	0.0686	0.0592	0.0094	0.0382	0.0210	0.0172	0.0066	0.0056	0.0011	0.0315	0.0154	0.0161	0.0000	0.0000	0.0000	0.0000	0.0000	0.0000	0.0000	0.0000	0.0000	0.0000	0.0000	0.0000	0.0000	0.0000	0.0000	0.0000	0.0000	0.0000											
19	30	0.2234	11	1	2	0	1	0	0	0	0	N	Y	N	N	N	N	N	N	N	N	N	N	18650.4002	12149.0731	9710.1104	9451.8806	inf	inf	2.2874	2.5384	0.0000	4.3654	4.5125	0.0000	1.1407	1.3194	0.0000	0.0001	0.0002	0.0000	0.0004	0.0005	0.0000	0.0000	0.0000	0.0000	0.0000	0.0000	-0.2462	-0.0000	3.0000	17.1852	1.0000	7.8386	0.8574	0.8574	0.0000	0.5819	0.5819	0.0000	0.2755	0.2755	0.0000	0.0000	0.0000	0.0000	0.0000	0.0000	0.0000	0.0000	0.0000	0.0000	0.3748	0.3378	0.0371	0.1333	0.1289	0.0043	0.2415	0.2088	0.0327	0.0815	0.0514	0.0301	0.0222	0.0209	0.0013	0.0593	0.0305	0.0288	18650.4002	13051.2649	0.0000	9710.1104	9451.8806	0.0000	inf	inf	0.0000	0.0001	0.0002	0.0000	0.0004	0.0005	0.0000	0.0000	0.0000	0.0000			
19	31	0.2640	12	0	2	0	1	0	0	0	0	N	Y	N	N	N	N	N	N	N	N	N	N	inf	inf	inf	inf	0.0026	0.0030	0.0000	0.0115	0.0122	0.0000	0.0000	0.0000	0.0000	0.0000	0.0000	0.0000	0.0000	0.0000	0.0000	0.0000	0.0000	0.0000	0.0000	-0.0001	0.0000	3.0000	9.9927	1.0000	7.0404	0.0003	0.0003	0.0000	0.0003	0.0003	0.0000	0.0000	0.0000	0.0000	0.0000	0.0000	0.0000	0.0000	0.0000	0.0000	0.0000	0.0000	0.0000	0.1181	0.1043	0.0138	0.0269	0.0254	0.0015	0.0912	0.0789	0.0123	0.0344	0.0176	0.0168	0.0039	0.0033	0.0006	0.0305	0.0143	0.0162	inf	inf	0.0000	inf	inf	0.0000	0.0000	0.0000	0.0000	0.0000	0.0000	0.0000	0.0000	0.0000	0.0000	0.0000	0.0000	0.0000						
19	32	0.2559	11	0	2	0	1	0	0	0	0	N	Y	N	N	N	N	N	N	N	N	N	N	inf	inf	inf	inf	0.0059	0.0066	0.0000	0.0000	0.0000	0.0000	0.0080	0.0092	0.0000	0.0000	0.0000	0.0000	0.0000	0.0000	0.0000	0.0000	0.0000	0.0000	0.0000	-0.0001	0.0000	3.0000	3.8146	1.0000	0.9911	0.0003	0.0003	0.0000	0.0000	0.0000	0.0000	0.0003	0.0003	0.0000	0.0000	0.0000	0.0000	0.0000	0.0000	0.0000	0.0000	0.0000	0.0000	0.0524	0.0467	0.0057	0.0134	0.0128	0.0006	0.0390	0.0339	0.0051	0.0099	0.0050	0.0049	0.0010	0.0009	0.0002	0.0089	0.0042	0.0047	inf	inf	0.0000	0.0000	0.0000	0.0000	inf	inf	0.0000	0.0000	0.0000	0.0000	0.0000	0.0000	0.0000	0.0000	0.0000	0.0000						
19	33	0.2559	11	0	2	0	1	0	0	0	0	N	Y	N	N	N	N	N	N	N	N	N	N	0.0000	0.0000	0.0000	0.0000	0.0000	0.0000	0.0000	0.0000	0.0000	0.0000	0.0000	0.0000	0.0000	0.0000	0.0000	0.0000	0.0000	0.0000	0.0000	0.0000	3.0000	24.4476	1.0000	5.0002	0.0000	0.0000	0.0000	0.0000	0.0000	0.0000	0.0000	0.0000	0.0000	0.0000	0.0000	0.0000	0.0000	0.0000	0.0000	0.0000	0.0000	0.0000	0.2820	0.2496	0.0325	0.0627	0.0592	0.0035	0.2193	0.1903	0.0290	0.0576	0.0293	0.0282	0.0060	0.0050	0.0009	0.0516	0.0243	0.0273	0.0000	0.0000	0.0000	0.0000	0.0000	0.0000	0.0000	0.0000	0.0000	0.0000	0.0000	0.0000	0.0000	0.0000	0.0000	0.0000	0.0000	0.0000											
19	34	0.3039	11	0	2	1	2	0	0	0	0	N	Y	N	Y	N	N	N	N	N	N	N	N	0.0000	0.0000	0.0000	0.0000	0.0000	0.0000	0.0000	0.0000	0.0000	0.0000	0.0000	0.0000	0.0000	0.0000	0.0000	0.0000	0.0000	0.0000	0.0000	0.0000	3.0000	1.3124	1.0000	1.0060	0.0000	0.0000	0.0000	0.0000	0.0000	0.0000	0.0000	0.0000	0.0000	0.0000	0.0000	0.0000	0.0000	0.0000	0.0000	0.0000	0.0000	0.0000	0.0316	0.0296	0.0020	0.0199	0.0195	0.0005	0.0117	0.0101	0.0016	0.0060	0.0037	0.0023	0.0016	0.0015	0.0001	0.0044	0.0023	0.0021	0.0000	0.0000	0.0000	0.0000	0.0000	0.0000	0.0000	0.0000	0.0000	0.0000	0.0000	0.0000	0.0000	0.0000	0.0000	0.0000	0.0000	0.0000											
19	35	0.1726	10	0	1	0	2	0	0	0	0	N	N	N	Y	N	N	N	N	N	N	N	N	0.0000	0.0000	0.0000	0.0000	0.0000	0.0000	0.0000	0.0000	0.0000	0.0000	0.0000	0.0000	0.0000	0.0000	0.0000	0.0000	0.0000	0.0000	0.0000	0.0000	3.0000	53.2438	1.0000	16.6757	0.0000	0.0000	0.0000	0.0000	0.0000	0.0000	0.0000	0.0000	0.0000	0.0000	0.0000	0.0000	0.0000	0.0000	0.0000	0.0000	0.0000	0.0000	0.6489	0.5758	0.0731	0.1254	0.1193	0.0061	0.5235	0.4565	0.0671	0.1433	0.0785	0.0648	0.0214	0.0189	0.0025	0.1219	0.0596	0.0623	0.0000	0.0000	0.0000	0.0000	0.0000	0.0000	0.0000	0.0000	0.0000	0.0000	0.0000	0.0000	0.0000	0.0000	0.0000	0.0000	0.0000	0.0000											
19	36	0.1318	10	0	2	0	1	0	0	0	0	N	Y	N	N	N	N	N	N	N	N	N	N	0.0000	0.0000	0.0000	0.0000	0.0000	0.0000	0.0000	0.0000	0.0000	0.0000	0.0000	0.0000	0.0000	0.0000	0.0000	0.0000	0.0000	0.0000	0.0000	0.0000	3.0000	17.9460	1.0000	11.6991	0.0000	0.0000	0.0000	0.0000	0.0000	0.0000	0.0000	0.0000	0.0000	0.0000	0.0000	0.0000	0.0000	0.0000	0.0000	0.0000	0.0000	0.0000	0.2318	0.2039	0.0279	0.0334	0.0318	0.0016	0.1984	0.1720	0.0264	0.0693	0.0367	0.0327	0.0102	0.0088	0.0013	0.0592	0.0278	0.0313	0.0000	0.0000	0.0000	0.0000	0.0000	0.0000	0.0000	0.0000	0.0000	0.0000	0.0000	0.0000	0.0000	0.0000	0.0000	0.0000	0.0000	0.0000											
19	37	0.5872	15	1	2	0	1	0	0	0	0	N	Y	N	N	N	N	N	N	N	N	N	N	0.0000	0.0000	0.0000	0.0000	0.0000	0.0000	0.0000	0.0000	0.0000	0.0000	0.0000	0.0000	0.0000	0.0000	0.0000	0.0000	0.0000	0.0000	0.0000	0.0000	3.0000	1.9903	1.0000	0.0021	0.0000	0.0000	0.0000	0.0000	0.0000	0.0000	0.0000	0.0000	0.0000	0.0000	0.0000	0.0000	0.0000	0.0000	0.0000	0.0000	0.0000	0.0000	0.0233	0.0208	0.0025	0.0083	0.0078	0.0005	0.0150	0.0130	0.0021	0.0032	0.0020	0.0012	0.0011	0.0009	0.0001	0.0021	0.0010	0.0011	0.0000	0.0000	0.0000	0.0000	0.0000	0.0000	0.0000	0.0000	0.0000	0.0000	0.0000	0.0000	0.0000	0.0000	0.0000	0.0000	0.0000	0.0000											
19	38	0.1726	10	0	2	0	2	0	0	0	0	N	Y	N	Y	N	N	N	N	N	N	N	N	127.2803	42.9686	139.5849	124.6162	inf	inf	1.4170	1.5965	0.0000	7.0021	7.3505	0.0000	0.0005	0.0006	0.0000	0.0111	0.0372	0.0000	0.0502	0.0590	0.0000	0.0000	0.0000	0.0000	0.0000	0.0000	-0.2348	-0.0003	3.0000	45.5232	1.0000	15.8903	0.8178	0.8178	0.0000	0.8176	0.8176	0.0000	0.0003	0.0003	0.0000	0.0005	0.0005	0.0000	0.0005	0.0005	0.0000	0.0000	0.0000	0.0000	0.5772	0.5123	0.0649	0.1168	0.1112	0.0055	0.4604	0.4010	0.0594	0.1298	0.0714	0.0585	0.0201	0.0178	0.0023	0.1098	0.0536	0.0562	399.9821	247.7556	0.0000	305.2592	284.2296	0.0000	inf	inf	0.0000	0.0035	0.0064	0.0000	0.0229	0.0259	0.0000	0.0000	0.0000	0.0000			
19	39	0.1455	9	0	1	0	2	0	0	0	0	N	N	N	Y	N	N	N	N	N	N	N	N	13.4749	44.4481	0.0404	inf	inf	inf	0.0000	0.0000	0.0000	0.9634	1.0938	0.0013	5.1298	5.3829	0.0175	0.0000	0.0000	0.0000	0.0715	0.0246	0.0321	0.0000	0.0000	0.0000	0.1602	0.4931	0.0300	0.0002	2.2857	-0.0535	0.0000	3.0000	13.8166	1.0000	4.5847	0.1866	0.1866	0.0000	0.1866	0.1866	0.0000	0.0000	0.0000	0.0000	0.0005	0.0001	0.0003	0.0000	0.0000	0.0000	0.0005	0.0001	0.0003	0.1937	0.1706	0.0231	0.0364	0.0347	0.0017	0.1573	0.1359	0.0214	0.0470	0.0263	0.0207	0.0076	0.0069	0.0007	0.0394	0.0194	0.0200	98.4456	205.6247	0.0839	inf	inf	inf	0.0000	0.0000	0.0000	0.0098	0.0053	0.0155	0.0000	0.0000	0.0000	0.0117	0.0072	0.0160
19	40	0.3073	13	0	1	1	1	0	0	0	0	N	N	N	N	N	N	N	N	N	N	N	N	inf	inf	inf	inf	0.0020	0.0022	0.0000	0.0081	0.0084	0.0000	0.0000	0.0000	0.0000	0.0000	0.0000	0.0000	0.0000	0.0000	0.0000	0.0000	0.0000	0.0000	0.0000	-0.0001	0.0000	3.0000	12.6411	1.0000	7.4648	0.0003	0.0003	0.0000	0.0003	0.0003	0.0000	0.0000	0.0000	0.0000	0.0000	0.0000	0.0000	0.0000	0.0000	0.0000	0.0000	0.0000	0.0000	0.1737	0.1537	0.0200	0.0420	0.0403	0.0017	0.1316	0.1134	0.0183	0.0505	0.0304	0.0200	0.0123	0.0112	0.0011	0.0381	0.0192	0.0189	inf	inf	0.0000	inf	inf	0.0000	0.0000	0.0000	0.0000	0.0000	0.0000	0.0000	0.0000	0.0000	0.0000	0.0000	0.0000	0.0000						
19	41	0.5748	13	0	2	0	1	0	0	0	0	N	Y	N	N	N	N	N	N	N	N	N	N	inf	inf	inf	inf	0.0037	0.0041	0.0000	0.0094	0.0099	0.0000	0.0000	0.0000	0.0000	0.0000	0.0000	0.0000	0.0000	0.0000	0.0000	0.0000	0.0000	0.0000	0.0000	-0.0003	0.0000	3.0000	22.0894	1.0000	9.3639	0.0010	0.0010	0.0000	0.0010	0.0010	0.0000	0.0000	0.0000	0.0000	0.0000	0.0000	0.0000	0.0000	0.0000	0.0000	0.0000	0.0000	0.0000	0.2730	0.2452	0.0278	0.1061	0.1007	0.0054	0.1670	0.1445	0.0224	0.0526	0.0313	0.0213	0.0154	0.0137	0.0018	0.0372	0.0176	0.0196	inf	inf	0.0000	inf	inf	0.0000	0.0000	0.0000	0.0000	0.0000	0.0000	0.0000	0.0000	0.0000	0.0000	0.0000	0.0000	0.0000						
19	42	0.1455	9	0	2	0	1	0	0	0	0	N	Y	N	N	N	N	N	N	N	N	N	N	0.0000	0.0000	0.0000	0.0000	0.0000	0.0000	0.0000	0.0000	0.0000	0.0000	0.0000	0.0000	0.0000	0.0000	0.0000	0.0000	0.0000	0.0000	0.0000	0.0000	3.0000	43.3975	1.0000	17.3745	0.0000	0.0000	0.0000	0.0000	0.0000	0.0000	0.0000	0.0000	0.0000	0.0000	0.0000	0.0000	0.0000	0.0000	0.0000	0.0000	0.0000	0.0000	0.5108	0.4495	0.0614	0.0697	0.0663	0.0034	0.4411	0.3832	0.0579	0.1279	0.0694	0.0585	0.0158	0.0137	0.0021	0.1121	0.0556	0.0564	0.0000	0.0000	0.0000	0.0000	0.0000	0.0000	0.0000	0.0000	0.0000	0.0000	0.0000	0.0000	0.0000	0.0000	0.0000	0.0000	0.0000	0.0000											
19	43	0.5050	12	1	1	1	1	0	0	0	0	N	N	N	N	N	N	N	N	N	N	N	N	0.0000	0.0000	0.0000	0.0000	0.0000	0.0000	0.0000	0.0000	0.0000	0.0000	0.0000	0.0000	0.0000	0.0000	0.0000	0.0000	0.0000	0.0000	0.0000	0.0000	3.0000	18.2331	1.0000	4.4208	0.0000	0.0000	0.0000	0.0000	0.0000	0.0000	0.0000	0.0000	0.0000	0.0000	0.0000	0.0000	0.0000	0.0000	0.0000	0.0000	0.0000	0.0000	0.2259	0.2027	0.0233	0.0869	0.0822	0.0047	0.1390	0.1205	0.0185	0.0384	0.0221	0.0162	0.0115	0.0100	0.0015	0.0268	0.0121	0.0147	0.0000	0.0000	0.0000	0.0000	0.0000	0.0000	0.0000	0.0000	0.0000	0.0000	0.0000	0.0000	0.0000	0.0000	0.0000	0.0000	0.0000	0.0000											
19	44	0.5647	12	0	2	0	2	0	0	0	0	N	Y	N	Y	N	N	N	N	N	N	N	N	inf	inf	inf	inf	0.0002	0.0002	0.0000	0.0005	0.0005	0.0000	0.0000	0.0000	0.0000	0.0000	0.0000	0.0000	0.0000	0.0000	0.0000	0.0000	0.0000	0.0000	0.0000	-0.0000	0.0000	3.0000	62.5878	1.0000	29.9840	0.0001	0.0001	0.0000	0.0001	0.0001	0.0000	0.0000	0.0000	0.0000	0.0000	0.0000	0.0000	0.0000	0.0000	0.0000	0.0000	0.0000	0.0000	0.7075	0.6356	0.0719	0.2637	0.2485	0.0152	0.4439	0.3871	0.0568	0.1379	0.0821	0.0558	0.0389	0.0338	0.0051	0.0990	0.0483	0.0507	inf	inf	0.0000	inf	inf	0.0000	0.0000	0.0000	0.0000	0.0000	0.0000	0.0000	0.0000	0.0000	0.0000	0.0000	0.0000	0.0000						
19	45	0.5050	12	1	1	1	1	0	0	0	0	N	N	N	N	N	N	N	N	N	N	N	N	0.0000	0.0000	0.0000	0.0000	0.0000	0.0000	0.0000	0.0000	0.0000	0.0000	0.0000	0.0000	0.0000	0.0000	0.0000	0.0000	0.0000	0.0000	0.0000	0.0000	3.0000	13.5293	1.0000	3.1702	0.0000	0.0000	0.0000	0.0000	0.0000	0.0000	0.0000	0.0000	0.0000	0.0000	0.0000	0.0000	0.0000	0.0000	0.0000	0.0000	0.0000	0.0000	0.1750	0.1573	0.0177	0.0691	0.0654	0.0037	0.1059	0.0918	0.0141	0.0292	0.0169	0.0123	0.0089	0.0078	0.0011	0.0203	0.0091	0.0111	0.0000	0.0000	0.0000	0.0000	0.0000	0.0000	0.0000	0.0000	0.0000	0.0000	0.0000	0.0000	0.0000	0.0000	0.0000	0.0000	0.0000	0.0000											
19	46	0.5005	11	1	1	1	1	0	0	0	0	N	N	N	N	N	N	N	N	N	N	N	N	0.0000	0.0000	0.0000	0.0000	0.0000	0.0000	0.0000	0.0000	0.0000	0.0000	0.0000	0.0000	0.0000	0.0000	0.0000	0.0000	0.0000	0.0000	0.0000	0.0000	3.0000	4.1147	1.0000	1.2946	0.0000	0.0000	0.0000	0.0000	0.0000	0.0000	0.0000	0.0000	0.0000	0.0000	0.0000	0.0000	0.0000	0.0000	0.0000	0.0000	0.0000	0.0000	0.0793	0.0725	0.0068	0.0374	0.0359	0.0016	0.0419	0.0366	0.0052	0.0116	0.0069	0.0047	0.0039	0.0035	0.0004	0.0077	0.0034	0.0043	0.0000	0.0000	0.0000	0.0000	0.0000	0.0000	0.0000	0.0000	0.0000	0.0000	0.0000	0.0000	0.0000	0.0000	0.0000	0.0000	0.0000	0.0000											
19	47	0.4379	10	1	1	0	1	0	0	0	0	N	N	N	N	N	N	N	N	N	N	N	N	46.6625	24.3118	62.9547	60.6941	inf	inf	0.0416	0.0466	0.0000	0.0995	0.1049	0.0000	0.0133	0.0154	0.0000	0.0009	0.0019	0.0000	0.0016	0.0017	0.0000	0.0000	0.0000	0.0000	0.0000	0.0000	-0.0035	-0.0000	3.0000	22.0103	1.0000	13.6452	0.0121	0.0121	0.0000	0.0095	0.0095	0.0000	0.0026	0.0026	0.0000	0.0001	0.0001	0.0000	0.0001	0.0001	0.0000	0.0000	0.0000	0.0000	0.2904	0.2594	0.0310	0.0954	0.0905	0.0049	0.1950	0.1689	0.0261	0.0926	0.0578	0.0348	0.0316	0.0289	0.0027	0.0609	0.0288	0.0321	77.0711	53.8403	0.0000	62.9547	60.6941	0.0000	inf	inf	0.0000	0.0005	0.0009	0.0000	0.0016	0.0017	0.0000	0.0000	0.0000	0.0000			
19	48	0.3073	13	0	2	0	1	0	0	0	0	N	Y	N	N	N	N	N	N	N	N	N	N	inf	inf	inf	inf	0.0020	0.0022	0.0000	0.0081	0.0085	0.0000	0.0000	0.0000	0.0000	0.0000	0.0000	0.0000	0.0000	0.0000	0.0000	0.0000	0.0000	0.0000	0.0000	-0.0001	0.0000	3.0000	12.3962	1.0000	3.7178	0.0003	0.0003	0.0000	0.0003	0.0003	0.0000	0.0000	0.0000	0.0000	0.0000	0.0000	0.0000	0.0000	0.0000	0.0000	0.0000	0.0000	0.0000	0.1727	0.1528	0.0199	0.0418	0.0401	0.0017	0.1308	0.1127	0.0182	0.0435	0.0266	0.0168	0.0112	0.0103	0.0009	0.0323	0.0163	0.0160	inf	inf	0.0000	inf	inf	0.0000	0.0000	0.0000	0.0000	0.0000	0.0000	0.0000	0.0000	0.0000	0.0000	0.0000	0.0000	0.0000						
19	49	0.2784	12	0	1	0	1	0	0	0	0	N	N	N	N	N	N	N	N	N	N	N	N	inf	inf	inf	inf	inf	inf	0.8403	0.9431	0.0000	2.8673	2.9974	0.0000	0.0017	0.0020	0.0000	0.0000	0.0000	0.0000	0.0000	0.0000	0.0000	0.0000	0.0000	0.0000	0.0000	-0.0548	0.0000	3.0000	14.4870	1.0000	5.8627	0.1910	0.1910	0.0000	0.1907	0.1907	0.0000	0.0003	0.0003	0.0000	0.0000	0.0000	0.0000	0.0000	0.0000	0.0000	0.0000	0.0000	0.0000	0.2273	0.2025	0.0248	0.0665	0.0636	0.0029	0.1608	0.1389	0.0219	0.0585	0.0348	0.0237	0.0160	0.0146	0.0014	0.0425	0.0202	0.0223	inf	inf	0.0000	inf	inf	0.0000	inf	inf	0.0000	0.0000	0.0000	0.0000	0.0000	0.0000	0.0000	0.0000	0.0000	0.0000				
19	50	0.2164	11	1	2	1	1	0	0	0	0	N	Y	N	N	N	N	N	N	N	N	N	N	0.0000	0.0000	0.0000	0.0000	0.0000	0.0000	0.0000	0.0000	0.0000	0.0000	0.0000	0.0000	0.0000	0.0000	0.0000	0.0000	0.0000	0.0000	0.0000	0.0000	3.0000	0.9856	1.0000	2.8295	0.0000	0.0000	0.0000	0.0000	0.0000	0.0000	0.0000	0.0000	0.0000	0.0000	0.0000	0.0000	0.0000	0.0000	0.0000	0.0000	0.0000	0.0000	0.0122	0.0108	0.0014	0.0029	0.0027	0.0001	0.0094	0.0081	0.0013	0.0078	0.0040	0.0039	0.0008	0.0007	0.0001	0.0070	0.0033	0.0037	0.0000	0.0000	0.0000	0.0000	0.0000	0.0000	0.0000	0.0000	0.0000	0.0000	0.0000	0.0000	0.0000	0.0000	0.0000	0.0000	0.0000	0.0000											
19	51	0.5447	13	1	2	0	1	0	0	0	0	N	Y	N	N	N	N	N	N	N	N	N	N	0.0000	0.0000	0.0000	0.0000	0.0000	0.0000	0.0000	0.0000	0.0000	0.0000	0.0000	0.0000	0.0000	0.0000	0.0000	0.0000	0.0000	0.0000	0.0000	0.0000	3.0000	13.3057	1.0000	8.6321	0.0000	0.0000	0.0000	0.0000	0.0000	0.0000	0.0000	0.0000	0.0000	0.0000	0.0000	0.0000	0.0000	0.0000	0.0000	0.0000	0.0000	0.0000	0.1881	0.1678	0.0203	0.0762	0.0719	0.0043	0.1118	0.0959	0.0160	0.0414	0.0249	0.0164	0.0136	0.0120	0.0016	0.0278	0.0129	0.0149	0.0000	0.0000	0.0000	0.0000	0.0000	0.0000	0.0000	0.0000	0.0000	0.0000	0.0000	0.0000	0.0000	0.0000	0.0000	0.0000	0.0000	0.0000											
19	52	0.4094	15	0	2	0	2	0	0	0	0	N	Y	N	Y	N	N	N	N	N	N	N	N	inf	inf	inf	inf	0.0096	0.0108	0.0000	0.0299	0.0318	0.0000	0.0000	0.0000	0.0000	0.0000	0.0000	0.0000	0.0000	0.0000	0.0000	0.0000	0.0000	0.0000	0.0000	-0.0001	0.0000	3.0000	2.1073	1.0000	0.0711	0.0003	0.0003	0.0000	0.0003	0.0003	0.0000	0.0000	0.0000	0.0000	0.0000	0.0000	0.0000	0.0000	0.0000	0.0000	0.0000	0.0000	0.0000	0.0282	0.0251	0.0031	0.0090	0.0085	0.0005	0.0192	0.0166	0.0026	0.0045	0.0026	0.0019	0.0011	0.0010	0.0002	0.0034	0.0017	0.0017	inf	inf	0.0000	inf	inf	0.0000	0.0000	0.0000	0.0000	0.0000	0.0000	0.0000	0.0000	0.0000	0.0000	0.0000	0.0000	0.0000						
19	53	0.3470	14	0	1	0	2	0	0	0	0	N	N	N	Y	N	N	N	N	N	N	N	N	inf	inf	inf	inf	inf	inf	7.6769	8.6151	0.0000	23.4647	25.0724	0.0000	0.0025	0.0029	0.0000	0.0000	0.0000	0.0000	0.0000	0.0000	0.0000	0.0000	0.0000	0.0000	0.0000	-0.5739	0.0000	3.0000	21.8329	1.0000	8.0592	1.9988	1.9988	0.0000	1.9984	1.9984	0.0000	0.0004	0.0004	0.0000	0.0000	0.0000	0.0000	0.0000	0.0000	0.0000	0.0000	0.0000	0.0000	0.2604	0.2320	0.0284	0.0852	0.0797	0.0055	0.1752	0.1523	0.0229	0.0478	0.0266	0.0212	0.0080	0.0066	0.0014	0.0398	0.0200	0.0198	inf	inf	0.0000	inf	inf	0.0000	inf	inf	0.0000	0.0000	0.0000	0.0000	0.0000	0.0000	0.0000	0.0000	0.0000	0.0000				
19	54	0.6571	15	0	2	0	2	0	0	0	0	N	Y	N	Y	N	N	N	N	N	N	N	N	0.0000	0.0000	0.0000	0.0000	0.0000	0.0000	0.0000	0.0000	0.0000	0.0000	0.0000	0.0000	0.0000	0.0000	0.0000	0.0000	0.0000	0.0000	0.0000	0.0000	3.0000	0.0000	1.0000	0.0000	0.0000	0.0000	0.0000	0.0000	0.0000	0.0000	0.0000	0.0000	0.0000	0.0000	0.0000	0.0000	0.0000	0.0000	0.0000	0.0000	0.0000	0.0000	0.0000	0.0000	0.0000	0.0000	0.0000	0.0000	0.0000	0.0000	0.0000	0.0000	0.0000	0.0000	0.0000	0.0000	0.0000	0.0000	0.0000	0.0000	0.0000	0.0000	0.0000	0.0000	0.0000	0.0000	0.0000	0.0000	0.0000	0.0000	0.0000	0.0000	0.0000	0.0000	0.0000	0.0000	0.0000	0.0000											
19	55	0.3470	14	0	1	0	2	0	0	0	0	N	N	N	Y	N	N	N	N	N	N	N	N	inf	inf	inf	inf	inf	inf	0.0754	0.0840	0.0000	0.1252	0.1338	0.0000	0.0396	0.0455	0.0000	0.0000	0.0000	0.0000	0.0000	0.0000	0.0000	0.0000	0.0000	0.0000	0.0000	-0.0005	0.0000	3.0000	1.2825	1.0000	0.1503	0.0016	0.0016	0.0000	0.0011	0.0011	0.0000	0.0005	0.0005	0.0000	0.0000	0.0000	0.0000	0.0000	0.0000	0.0000	0.0000	0.0000	0.0000	0.0217	0.0195	0.0022	0.0091	0.0085	0.0006	0.0126	0.0110	0.0016	0.0033	0.0020	0.0012	0.0009	0.0008	0.0001	0.0024	0.0013	0.0012	inf	inf	0.0000	inf	inf	0.0000	inf	inf	0.0000	0.0000	0.0000	0.0000	0.0000	0.0000	0.0000	0.0000	0.0000	0.0000				
19	56	0.3060	13	0	1	0	2	0	0	0	0	N	N	N	Y	N	N	N	N	N	N	N	N	inf	inf	inf	inf	inf	inf	0.0320	0.0358	0.0000	0.0714	0.0761	0.0000	0.0092	0.0106	0.0000	0.0000	0.0000	0.0000	0.0000	0.0000	0.0000	0.0000	0.0000	0.0000	0.0000	-0.0020	0.0000	3.0000	14.8542	1.0000	6.8183	0.0070	0.0070	0.0000	0.0057	0.0057	0.0000	0.0013	0.0013	0.0000	0.0000	0.0000	0.0000	0.0000	0.0000	0.0000	0.0000	0.0000	0.0000	0.2197	0.1961	0.0236	0.0805	0.0755	0.0050	0.1392	0.1206	0.0187	0.0524	0.0325	0.0199	0.0146	0.0128	0.0017	0.0378	0.0197	0.0182	inf	inf	0.0000	inf	inf	0.0000	inf	inf	0.0000	0.0000	0.0000	0.0000	0.0000	0.0000	0.0000	0.0000	0.0000	0.0000				
19	57	0.2311	12	0	1	0	2	0	0	0	0	N	N	N	Y	N	N	N	N	N	N	N	N	inf	inf	inf	inf	inf	inf	1.7278	1.9352	0.0000	3.1853	3.3727	0.0000	1.1143	1.2792	0.0000	0.0000	0.0000	0.0000	0.0000	0.0000	0.0000	0.0000	0.0000	0.0000	0.0000	-0.2360	0.0000	3.0000	33.5853	1.0000	9.3450	0.8220	0.8220	0.0000	0.4489	0.4489	0.0000	0.3731	0.3731	0.0000	0.0000	0.0000	0.0000	0.0000	0.0000	0.0000	0.0000	0.0000	0.0000	0.4758	0.4248	0.0510	0.1409	0.1331	0.0078	0.3348	0.2917	0.0432	0.0888	0.0502	0.0386	0.0154	0.0136	0.0019	0.0733	0.0366	0.0367	inf	inf	0.0000	inf	inf	0.0000	inf	inf	0.0000	0.0000	0.0000	0.0000	0.0000	0.0000	0.0000	0.0000	0.0000	0.0000				
19	58	0.2104	11	0	1	0	1	0	0	0	0	N	N	N	N	N	N	N	N	N	N	N	N	inf	inf	inf	inf	inf	inf	2.4871	2.8027	0.0000	1.5556	1.6365	0.0000	2.8460	3.2976	0.0000	0.0000	0.0000	0.0000	0.0000	0.0000	0.0000	0.0000	0.0000	0.0000	0.0000	-0.1763	0.0000	3.0000	15.2419	1.0000	2.5705	0.6138	0.6138	0.0000	0.1068	0.1068	0.0000	0.5070	0.5070	0.0000	0.0000	0.0000	0.0000	0.0000	0.0000	0.0000	0.0000	0.0000	0.0000	0.2468	0.2190	0.0278	0.0686	0.0653	0.0034	0.1782	0.1538	0.0244	0.0453	0.0249	0.0204	0.0091	0.0084	0.0007	0.0362	0.0165	0.0197	inf	inf	0.0000	inf	inf	0.0000	inf	inf	0.0000	0.0000	0.0000	0.0000	0.0000	0.0000	0.0000	0.0000	0.0000	0.0000				
19	59	0.6571	15	0	1	0	2	0	0	0	0	N	N	N	Y	N	N	N	N	N	N	N	N	0.0000	0.0000	0.0000	0.0000	0.0000	0.0000	0.0000	0.0000	0.0000	0.0000	0.0000	0.0000	0.0000	0.0000	0.0000	0.0000	0.0000	0.0000	0.0000	0.0000	3.0000	0.0000	1.0000	0.0000	0.0000	0.0000	0.0000	0.0000	0.0000	0.0000	0.0000	0.0000	0.0000	0.0000	0.0000	0.0000	0.0000	0.0000	0.0000	0.0000	0.0000	0.0000	0.0000	0.0000	0.0000	0.0000	0.0000	0.0000	0.0000	0.0000	0.0000	0.0000	0.0000	0.0000	0.0000	0.0000	0.0000	0.0000	0.0000	0.0000	0.0000	0.0000	0.0000	0.0000	0.0000	0.0000	0.0000	0.0000	0.0000	0.0000	0.0000	0.0000	0.0000	0.0000	0.0000	0.0000	0.0000	0.0000											
19	60	0.5797	14	0	1	0	2	0	0	0	0	N	N	N	Y	N	N	N	N	N	N	N	N	1709.2629	891.8382	4.0851	3.4527	inf	inf	4.3266	4.8174	0.0000	0.0155	0.0163	0.0000	6.9081	7.9630	0.0000	0.0025	0.0054	0.0000	0.0038	0.0047	0.0000	0.0000	0.0000	0.0000	0.0000	0.0000	-0.2700	-0.0000	3.0000	19.3360	1.0000	7.9957	0.9404	0.9404	0.0000	0.0013	0.0013	0.0000	0.9391	0.9391	0.0000	0.0001	0.0001	0.0000	0.0001	0.0001	0.0000	0.0000	0.0000	0.0000	0.2173	0.1952	0.0221	0.0814	0.0773	0.0041	0.1359	0.1179	0.0180	0.0444	0.0272	0.0172	0.0141	0.0121	0.0020	0.0303	0.0151	0.0152	3838.8863	2621.2025	0.0000	4.3665	3.9552	0.0000	inf	inf	0.0000	0.0011	0.0018	0.0000	0.0035	0.0041	0.0000	0.0000	0.0000	0.0000			
19	61	0.2697	12	0	2	1	1	0	0	0	0	N	Y	N	N	N	N	N	N	N	N	N	N	0.0000	0.0000	0.0000	0.0000	0.0000	0.0000	0.0000	0.0000	0.0000	0.0000	0.0000	0.0000	0.0000	0.0000	0.0000	0.0000	0.0000	0.0000	0.0000	0.0000	3.0000	14.2360	1.0000	11.9336	0.0000	0.0000	0.0000	0.0000	0.0000	0.0000	0.0000	0.0000	0.0000	0.0000	0.0000	0.0000	0.0000	0.0000	0.0000	0.0000	0.0000	0.0000	0.1706	0.1509	0.0197	0.0433	0.0409	0.0024	0.1274	0.1100	0.0174	0.0518	0.0266	0.0252	0.0061	0.0053	0.0008	0.0457	0.0214	0.0243	0.0000	0.0000	0.0000	0.0000	0.0000	0.0000	0.0000	0.0000	0.0000	0.0000	0.0000	0.0000	0.0000	0.0000	0.0000	0.0000	0.0000	0.0000											
19	62	0.1392	10	1	1	1	1	0	0	0	0	N	N	N	N	N	N	N	N	N	N	N	N	inf	inf	inf	inf	0.0043	0.0049	0.0000	0.0220	0.0232	0.0000	0.0000	0.0000	0.0000	0.0000	0.0000	0.0000	0.0000	0.0000	0.0000	0.0000	0.0000	0.0000	0.0000	-0.0004	0.0000	3.0000	28.8660	1.0000	13.2209	0.0014	0.0014	0.0000	0.0014	0.0014	0.0000	0.0000	0.0000	0.0000	0.0000	0.0000	0.0000	0.0000	0.0000	0.0000	0.0000	0.0000	0.0000	0.3292	0.2905	0.0387	0.0651	0.0618	0.0033	0.2641	0.2288	0.0353	0.0858	0.0440	0.0418	0.0093	0.0081	0.0012	0.0765	0.0358	0.0407	inf	inf	0.0000	inf	inf	0.0000	0.0000	0.0000	0.0000	0.0000	0.0000	0.0000	0.0000	0.0000	0.0000	0.0000	0.0000	0.0000						
19	63	0.1948	11	1	2	0	1	0	0	0	0	N	Y	N	N	N	N	N	N	N	N	N	N	0.0000	0.0000	0.0000	0.0000	0.0000	0.0000	0.0000	0.0000	0.0000	0.0000	0.0000	0.0000	0.0000	0.0000	0.0000	0.0000	0.0000	0.0000	0.0000	0.0000	3.0000	5.0237	1.0000	8.0282	0.0000	0.0000	0.0000	0.0000	0.0000	0.0000	0.0000	0.0000	0.0000	0.0000	0.0000	0.0000	0.0000	0.0000	0.0000	0.0000	0.0000	0.0000	0.0622	0.0542	0.0080	0.0084	0.0079	0.0005	0.0537	0.0463	0.0075	0.0337	0.0178	0.0159	0.0063	0.0055	0.0008	0.0274	0.0123	0.0152	0.0000	0.0000	0.0000	0.0000	0.0000	0.0000	0.0000	0.0000	0.0000	0.0000	0.0000	0.0000	0.0000	0.0000	0.0000	0.0000	0.0000	0.0000											
19	64	0.1318	10	1	2	0	1	0	0	0	0	N	Y	N	N	N	N	N	N	N	N	N	N	0.0000	0.0000	0.0000	0.0000	0.0000	0.0000	0.0000	0.0000	0.0000	0.0000	0.0000	0.0000	0.0000	0.0000	0.0000	0.0000	0.0000	0.0000	0.0000	0.0000	3.0000	17.5893	1.0000	19.0270	0.0000	0.0000	0.0000	0.0000	0.0000	0.0000	0.0000	0.0000	0.0000	0.0000	0.0000	0.0000	0.0000	0.0000	0.0000	0.0000	0.0000	0.0000	0.2278	0.2003	0.0274	0.0330	0.0314	0.0016	0.1948	0.1689	0.0259	0.0827	0.0437	0.0391	0.0116	0.0099	0.0016	0.0712	0.0338	0.0374	0.0000	0.0000	0.0000	0.0000	0.0000	0.0000	0.0000	0.0000	0.0000	0.0000	0.0000	0.0000	0.0000	0.0000	0.0000	0.0000	0.0000	0.0000											
19	65	0.1255	9	0	2	0	1	0	0	0	0	N	Y	N	N	N	N	N	N	N	N	N	N	0.0000	0.0000	0.0000	0.0000	0.0000	0.0000	0.0000	0.0000	0.0000	0.0000	0.0000	0.0000	0.0000	0.0000	0.0000	0.0000	0.0000	0.0000	0.0000	0.0000	3.0000	1.7566	1.0000	2.8742	0.0000	0.0000	0.0000	0.0000	0.0000	0.0000	0.0000	0.0000	0.0000	0.0000	0.0000	0.0000	0.0000	0.0000	0.0000	0.0000	0.0000	0.0000	0.0262	0.0231	0.0031	0.0044	0.0043	0.0001	0.0218	0.0188	0.0029	0.0189	0.0124	0.0065	0.0054	0.0052	0.0002	0.0135	0.0072	0.0063	0.0000	0.0000	0.0000	0.0000	0.0000	0.0000	0.0000	0.0000	0.0000	0.0000	0.0000	0.0000	0.0000	0.0000	0.0000	0.0000	0.0000	0.0000											
19	66	0.2697	12	0	2	0	1	0	0	0	0	N	Y	N	N	N	N	N	N	N	N	N	N	0.0000	0.0000	0.0000	0.0000	0.0000	0.0000	0.0000	0.0000	0.0000	0.0000	0.0000	0.0000	0.0000	0.0000	0.0000	0.0000	0.0000	0.0000	0.0000	0.0000	3.0000	21.1811	1.0000	10.1862	0.0000	0.0000	0.0000	0.0000	0.0000	0.0000	0.0000	0.0000	0.0000	0.0000	0.0000	0.0000	0.0000	0.0000	0.0000	0.0000	0.0000	0.0000	0.2456	0.2173	0.0283	0.0610	0.0576	0.0034	0.1846	0.1597	0.0249	0.0611	0.0314	0.0297	0.0071	0.0061	0.0010	0.0540	0.0253	0.0287	0.0000	0.0000	0.0000	0.0000	0.0000	0.0000	0.0000	0.0000	0.0000	0.0000	0.0000	0.0000	0.0000	0.0000	0.0000	0.0000	0.0000	0.0000											
19	67	0.2559	11	0	2	0	1	0	0	0	0	N	Y	N	N	N	N	N	N	N	N	N	N	0.0000	0.0000	0.0000	0.0000	0.0000	0.0000	0.0000	0.0000	0.0000	0.0000	0.0000	0.0000	0.0000	0.0000	0.0000	0.0000	0.0000	0.0000	0.0000	0.0000	3.0000	7.4253	1.0000	0.9851	0.0000	0.0000	0.0000	0.0000	0.0000	0.0000	0.0000	0.0000	0.0000	0.0000	0.0000	0.0000	0.0000	0.0000	0.0000	0.0000	0.0000	0.0000	0.0943	0.0836	0.0107	0.0225	0.0213	0.0011	0.0718	0.0623	0.0095	0.0172	0.0087	0.0085	0.0018	0.0015	0.0003	0.0154	0.0072	0.0082	0.0000	0.0000	0.0000	0.0000	0.0000	0.0000	0.0000	0.0000	0.0000	0.0000	0.0000	0.0000	0.0000	0.0000	0.0000	0.0000	0.0000	0.0000											
19	68	0.2784	12	0	1	1	1	0	0	0	0	N	N	N	N	N	N	N	N	N	N	N	N	inf	inf	inf	inf	inf	inf	3.4683	3.8937	0.0000	0.0090	0.0094	0.0000	4.8814	5.6500	0.0000	0.0000	0.0000	0.0000	0.0000	0.0000	0.0000	0.0000	0.0000	0.0000	0.0000	-0.2325	0.0000	3.0000	15.0354	1.0000	6.2061	0.8098	0.8098	0.0000	0.0006	0.0006	0.0000	0.8092	0.8092	0.0000	0.0000	0.0000	0.0000	0.0000	0.0000	0.0000	0.0000	0.0000	0.0000	0.2335	0.2080	0.0255	0.0677	0.0648	0.0030	0.1658	0.1432	0.0226	0.0601	0.0357	0.0245	0.0163	0.0148	0.0015	0.0439	0.0209	0.0230	inf	inf	0.0000	inf	inf	0.0000	inf	inf	0.0000	0.0000	0.0000	0.0000	0.0000	0.0000	0.0000	0.0000	0.0000	0.0000				
19	69	0.2104	11	0	1	0	1	0	0	0	0	N	N	N	N	N	N	N	N	N	N	N	N	67.6641	21.9638	34.6961	31.2227	inf	inf	0.8128	0.9178	0.0000	1.7611	1.8569	0.0000	0.5283	0.6095	0.0000	0.0120	0.0418	0.0000	0.0508	0.0595	0.0000	0.0000	0.0000	0.0000	0.0000	0.0000	-0.0892	-0.0002	3.0000	27.6811	1.0000	13.1592	0.3106	0.3106	0.0000	0.1553	0.1553	0.0000	0.1553	0.1553	0.0000	0.0003	0.0003	0.0000	0.0003	0.0003	0.0000	0.0000	0.0000	0.0000	0.3821	0.3384	0.0437	0.0882	0.0836	0.0045	0.2939	0.2548	0.0392	0.0878	0.0480	0.0399	0.0143	0.0127	0.0016	0.0735	0.0352	0.0383	216.3272	133.3580	0.0000	76.2650	71.5159	0.0000	inf	inf	0.0000	0.0038	0.0069	0.0000	0.0231	0.0260	0.0000	0.0000	0.0000	0.0000			
19	70	0.1755	10	0	1	0	1	0	0	0	0	N	N	N	N	N	N	N	N	N	N	N	N	32.4319	67.0236	0.0000	35.3220	33.8441	16.5798	3.2133	0.0000	0.6687	0.7561	0.0000	0.0314	0.0329	0.0000	0.8562	0.9916	0.0000	0.0206	0.0113	0.0163	0.0009	0.0010	0.0000	0.0516	0.3086	0.0130	0.0000	2.0910	-0.0557	0.0000	3.0000	19.6565	1.0000	4.0504	0.1938	0.1938	0.0000	0.0021	0.0021	0.0000	0.1918	0.1918	0.0000	0.0003	0.0001	0.0002	0.0000	0.0000	0.0000	0.0003	0.0001	0.0002	0.2899	0.2564	0.0335	0.0659	0.0630	0.0029	0.2240	0.1934	0.0306	0.0611	0.0343	0.0268	0.0112	0.0103	0.0009	0.0498	0.0240	0.0258	120.0791	235.6863	0.0000	35.3220	33.8441	0.0000	129.2207	237.8666	0.0000	0.0056	0.0032	0.0086	0.0009	0.0010	0.0000	0.0066	0.0042	0.0089	
19	71	0.2590	12	1	2	0	1	0	0	0	0	N	Y	N	N	N	N	N	N	N	N	N	N	0.0000	0.0000	0.0000	0.0000	0.0000	0.0000	0.0000	0.0000	0.0000	0.0000	0.0000	0.0000	0.0000	0.0000	0.0000	0.0000	0.0000	0.0000	0.0000	0.0000	3.0000	17.5448	1.0000	6.0013	0.0000	0.0000	0.0000	0.0000	0.0000	0.0000	0.0000	0.0000	0.0000	0.0000	0.0000	0.0000	0.0000	0.0000	0.0000	0.0000	0.0000	0.0000	0.2111	0.1871	0.0240	0.0527	0.0497	0.0030	0.1584	0.1374	0.0210	0.0465	0.0237	0.0228	0.0049	0.0041	0.0008	0.0416	0.0196	0.0220	0.0000	0.0000	0.0000	0.0000	0.0000	0.0000	0.0000	0.0000	0.0000	0.0000	0.0000	0.0000	0.0000	0.0000	0.0000	0.0000	0.0000	0.0000											
19	72	0.3275	15	1	2	1	1	0	0	0	0	N	Y	N	N	N	N	N	N	N	N	N	N	0.0000	0.0000	0.0000	0.0000	0.0000	0.0000	0.0000	0.0000	0.0000	0.0000	0.0000	0.0000	0.0000	0.0000	0.0000	0.0000	0.0000	0.0000	0.0000	0.0000	3.0000	1.8980	1.0000	2.9698	0.0000	0.0000	0.0000	0.0000	0.0000	0.0000	0.0000	0.0000	0.0000	0.0000	0.0000	0.0000	0.0000	0.0000	0.0000	0.0000	0.0000	0.0000	0.0241	0.0213	0.0028	0.0076	0.0073	0.0004	0.0164	0.0140	0.0024	0.0128	0.0083	0.0044	0.0038	0.0036	0.0002	0.0090	0.0047	0.0043	0.0000	0.0000	0.0000	0.0000	0.0000	0.0000	0.0000	0.0000	0.0000	0.0000	0.0000	0.0000	0.0000	0.0000	0.0000	0.0000	0.0000	0.0000											
19	73	0.3079	14	1	1	1	1	0	0	0	0	N	N	N	N	N	N	N	N	N	N	N	N	0.0000	0.0000	0.0000	0.0000	0.0000	0.0000	0.0000	0.0000	0.0000	0.0000	0.0000	0.0000	0.0000	0.0000	0.0000	0.0000	0.0000	0.0000	0.0000	0.0000	3.0000	3.5853	1.0000	4.3819	0.0000	0.0000	0.0000	0.0000	0.0000	0.0000	0.0000	0.0000	0.0000	0.0000	0.0000	0.0000	0.0000	0.0000	0.0000	0.0000	0.0000	0.0000	0.0892	0.0819	0.0073	0.0378	0.0368	0.0010	0.0514	0.0451	0.0063	0.0191	0.0117	0.0074	0.0043	0.0040	0.0003	0.0148	0.0077	0.0071	0.0000	0.0000	0.0000	0.0000	0.0000	0.0000	0.0000	0.0000	0.0000	0.0000	0.0000	0.0000	0.0000	0.0000	0.0000	0.0000	0.0000	0.0000											
19	74	0.2764	13	1	1	1	1	0	0	0	0	N	N	N	N	N	N	N	N	N	N	N	N	0.0478	0.2235	0.0000	0.0319	0.0132	0.0000	0.0001	0.0001	0.0000	0.0000	0.0000	0.0000	0.0002	0.0002	0.0000	0.0026	0.0006	0.0021	0.0000	0.0000	0.0000	0.0055	0.0154	0.0022	0.0000	4.0000	-0.0000	0.0000	3.0000	12.3589	1.0000	7.3592	0.0000	0.0000	0.0000	0.0000	0.0000	0.0000	0.0000	0.0000	0.0000	0.0001	0.0000	0.0000	0.0000	0.0000	0.0000	0.0001	0.0000	0.0000	0.1607	0.1434	0.0173	0.0473	0.0450	0.0024	0.1133	0.0984	0.0149	0.0432	0.0238	0.0194	0.0070	0.0061	0.0009	0.0362	0.0177	0.0185	0.1075	0.3322	0.0000	0.0000	0.0000	0.0000	0.1278	0.3603	0.0000	0.0012	0.0004	0.0021	0.0000	0.0000	0.0000	0.0014	0.0006	0.0022			
19	75	0.2590	12	1	1	1	1	0	0	0	0	N	N	N	N	N	N	N	N	N	N	N	N	0.0000	0.0000	0.0000	0.0000	0.0000	0.0000	0.0000	0.0000	0.0000	0.0000	0.0000	0.0000	0.0000	0.0000	0.0000	0.0000	0.0000	0.0000	0.0000	0.0000	3.0000	10.2127	1.0000	1.0234	0.0000	0.0000	0.0000	0.0000	0.0000	0.0000	0.0000	0.0000	0.0000	0.0000	0.0000	0.0000	0.0000	0.0000	0.0000	0.0000	0.0000	0.0000	0.1303	0.1156	0.0146	0.0351	0.0332	0.0020	0.0951	0.0825	0.0127	0.0228	0.0116	0.0112	0.0024	0.0020	0.0004	0.0204	0.0096	0.0108	0.0000	0.0000	0.0000	0.0000	0.0000	0.0000	0.0000	0.0000	0.0000	0.0000	0.0000	0.0000	0.0000	0.0000	0.0000	0.0000	0.0000	0.0000											
19	76	0.2559	11	1	1	0	1	0	0	0	0	N	N	N	N	N	N	N	N	N	N	N	N	0.0000	0.0000	0.0000	0.0000	0.0000	0.0000	0.0000	0.0000	0.0000	0.0000	0.0000	0.0000	0.0000	0.0000	0.0000	0.0000	0.0000	0.0000	0.0000	0.0000	3.0000	3.7027	1.0000	0.0091	0.0000	0.0000	0.0000	0.0000	0.0000	0.0000	0.0000	0.0000	0.0000	0.0000	0.0000	0.0000	0.0000	0.0000	0.0000	0.0000	0.0000	0.0000	0.0511	0.0455	0.0055	0.0131	0.0126	0.0006	0.0379	0.0330	0.0050	0.0077	0.0039	0.0038	0.0008	0.0007	0.0001	0.0069	0.0032	0.0037	0.0000	0.0000	0.0000	0.0000	0.0000	0.0000	0.0000	0.0000	0.0000	0.0000	0.0000	0.0000	0.0000	0.0000	0.0000	0.0000	0.0000	0.0000											
19	77	0.2389	10	0	1	0	1	0	0	0	0	N	N	N	N	N	N	N	N	N	N	N	N	inf	inf	inf	inf	0.0011	0.0012	0.0000	0.0028	0.0030	0.0000	0.0000	0.0000	0.0000	0.0000	0.0000	0.0000	0.0000	0.0000	0.0000	0.0000	0.0000	0.0000	0.0000	-0.0000	0.0000	3.0000	3.8334	1.0000	6.1787	0.0001	0.0001	0.0000	0.0001	0.0001	0.0000	0.0000	0.0000	0.0000	0.0000	0.0000	0.0000	0.0000	0.0000	0.0000	0.0000	0.0000	0.0000	0.0653	0.0584	0.0068	0.0251	0.0235	0.0016	0.0402	0.0350	0.0052	0.0280	0.0156	0.0123	0.0054	0.0051	0.0003	0.0226	0.0105	0.0120	inf	inf	0.0000	inf	inf	0.0000	0.0000	0.0000	0.0000	0.0000	0.0000	0.0000	0.0000	0.0000	0.0000	0.0000	0.0000	0.0000						
19	78	0.1998	9	0	1	0	1	0	0	0	0	N	N	N	N	N	N	N	N	N	N	N	N	inf	inf	inf	inf	inf	inf	0.2934	0.3293	0.0000	1.1955	1.2525	0.0000	0.0004	0.0004	0.0000	0.0000	0.0000	0.0000	0.0000	0.0000	0.0000	0.0000	0.0000	0.0000	0.0000	-0.0200	0.0000	3.0000	16.9094	1.0000	5.8161	0.0696	0.0696	0.0000	0.0695	0.0695	0.0000	0.0001	0.0001	0.0000	0.0000	0.0000	0.0000	0.0000	0.0000	0.0000	0.0000	0.0000	0.0000	0.2372	0.2113	0.0259	0.0582	0.0555	0.0026	0.1790	0.1558	0.0232	0.0652	0.0373	0.0278	0.0134	0.0123	0.0011	0.0518	0.0250	0.0268	inf	inf	0.0000	inf	inf	0.0000	inf	inf	0.0000	0.0000	0.0000	0.0000	0.0000	0.0000	0.0000	0.0000	0.0000	0.0000				
19	79	0.1255	9	0	2	0	1	0	0	0	0	N	Y	N	N	N	N	N	N	N	N	N	N	0.0000	0.0000	0.0000	0.0000	0.0000	0.0000	0.0000	0.0000	0.0000	0.0000	0.0000	0.0000	0.0000	0.0000	0.0000	0.0000	0.0000	0.0000	0.0000	0.0000	3.0000	23.9173	1.0000	17.8091	0.0000	0.0000	0.0000	0.0000	0.0000	0.0000	0.0000	0.0000	0.0000	0.0000	0.0000	0.0000	0.0000	0.0000	0.0000	0.0000	0.0000	0.0000	0.2858	0.2500	0.0358	0.0311	0.0294	0.0017	0.2547	0.2207	0.0340	0.0943	0.0518	0.0425	0.0133	0.0116	0.0017	0.0809	0.0402	0.0407	0.0000	0.0000	0.0000	0.0000	0.0000	0.0000	0.0000	0.0000	0.0000	0.0000	0.0000	0.0000	0.0000	0.0000	0.0000	0.0000	0.0000	0.0000											
19	80	0.1094	8	0	2	0	1	0	0	0	0	N	Y	N	N	N	N	N	N	N	N	N	N	0.0000	0.0000	0.0000	0.0000	0.0000	0.0000	0.0000	0.0000	0.0000	0.0000	0.0000	0.0000	0.0000	0.0000	0.0000	0.0000	0.0000	0.0000	0.0000	0.0000	3.0000	6.1279	1.0000	3.6878	0.0000	0.0000	0.0000	0.0000	0.0000	0.0000	0.0000	0.0000	0.0000	0.0000	0.0000	0.0000	0.0000	0.0000	0.0000	0.0000	0.0000	0.0000	0.0755	0.0658	0.0097	0.0068	0.0064	0.0003	0.0687	0.0594	0.0094	0.0282	0.0170	0.0112	0.0049	0.0046	0.0003	0.0233	0.0124	0.0108	0.0000	0.0000	0.0000	0.0000	0.0000	0.0000	0.0000	0.0000	0.0000	0.0000	0.0000	0.0000	0.0000	0.0000	0.0000	0.0000	0.0000	0.0000											
19	81	0.1392	10	1	1	1	1	0	0	0	0	N	N	N	N	N	N	N	N	N	N	N	N	inf	inf	inf	inf	inf	inf	3.1701	3.5924	0.0000	0.0182	0.0191	0.0000	3.9527	4.5643	0.0000	0.0000	0.0000	0.0000	0.0000	0.0000	0.0000	0.0000	0.0000	0.0000	0.0000	-0.2874	0.0000	3.0000	27.2690	1.0000	12.3406	1.0008	1.0008	0.0000	0.0011	0.0011	0.0000	0.9997	0.9997	0.0000	0.0000	0.0000	0.0000	0.0000	0.0000	0.0000	0.0000	0.0000	0.0000	0.3157	0.2786	0.0371	0.0628	0.0596	0.0032	0.2529	0.2190	0.0339	0.0821	0.0421	0.0400	0.0090	0.0079	0.0011	0.0731	0.0342	0.0389	inf	inf	0.0000	inf	inf	0.0000	inf	inf	0.0000	0.0000	0.0000	0.0000	0.0000	0.0000	0.0000	0.0000	0.0000	0.0000				
19	82	0.1239	9	0	1	0	1	0	0	0	0	N	N	N	N	N	N	N	N	N	N	N	N	inf	inf	inf	inf	inf	inf	0.4568	0.5113	0.0000	1.7151	1.7873	0.0000	0.0142	0.0163	0.0000	0.0000	0.0000	0.0000	0.0000	0.0000	0.0000	0.0000	0.0000	0.0000	0.0000	-0.0170	0.0000	3.0000	9.0798	1.0000	0.9519	0.0593	0.0593	0.0000	0.0580	0.0580	0.0000	0.0014	0.0014	0.0000	0.0000	0.0000	0.0000	0.0000	0.0000	0.0000	0.0000	0.0000	0.0000	0.1299	0.1161	0.0139	0.0338	0.0324	0.0014	0.0961	0.0836	0.0125	0.0214	0.0108	0.0107	0.0019	0.0016	0.0003	0.0196	0.0092	0.0104	inf	inf	0.0000	inf	inf	0.0000	inf	inf	0.0000	0.0000	0.0000	0.0000	0.0000	0.0000	0.0000	0.0000	0.0000	0.0000				
19	83	0.1094	8	0	2	0	1	0	0	0	0	N	Y	N	N	N	N	N	N	N	N	N	N	0.0000	0.0000	0.0000	0.0000	0.0000	0.0000	0.0000	0.0000	0.0000	0.0000	0.0000	0.0000	0.0000	0.0000	0.0000	0.0000	0.0000	0.0000	0.0000	0.0000	3.0000	21.0000	1.0000	14.4214	0.0000	0.0000	0.0000	0.0000	0.0000	0.0000	0.0000	0.0000	0.0000	0.0000	0.0000	0.0000	0.0000	0.0000	0.0000	0.0000	0.0000	0.0000	0.2488	0.2173	0.0315	0.0221	0.0210	0.0011	0.2267	0.1963	0.0304	0.0818	0.0450	0.0368	0.0096	0.0084	0.0011	0.0722	0.0366	0.0356	0.0000	0.0000	0.0000	0.0000	0.0000	0.0000	0.0000	0.0000	0.0000	0.0000	0.0000	0.0000	0.0000	0.0000	0.0000	0.0000	0.0000	0.0000											
19	84	0.1671	12	0	1	1	1	0	0	0	0	N	N	N	N	N	N	N	N	N	N	N	N	inf	inf	inf	inf	3.9274	4.4730	0.0000	23.3031	24.6667	0.0000	0.0000	0.0000	0.0000	0.0000	0.0000	0.0000	0.0000	0.0000	0.0000	0.0000	0.0000	0.0000	0.0000	-0.2871	0.0000	3.0000	20.4085	1.0000	11.0867	0.9999	0.9999	0.0000	0.9999	0.9999	0.0000	0.0000	0.0000	0.0000	0.0000	0.0000	0.0000	0.0000	0.0000	0.0000	0.0000	0.0000	0.0000	0.2546	0.2235	0.0311	0.0429	0.0405	0.0024	0.2117	0.1830	0.0287	0.0674	0.0367	0.0307	0.0112	0.0093	0.0018	0.0562	0.0273	0.0289	inf	inf	0.0000	inf	inf	0.0000	0.0000	0.0000	0.0000	0.0000	0.0000	0.0000	0.0000	0.0000	0.0000	0.0000	0.0000	0.0000						
19	85	0.1633	11	0	1	1	1	0	0	0	0	N	N	N	N	N	N	N	N	N	N	N	N	inf	inf	inf	inf	0.0023	0.0025	0.0000	0.0067	0.0072	0.0000	0.0000	0.0000	0.0000	0.0000	0.0000	0.0000	0.0000	0.0000	0.0000	0.0000	0.0000	0.0000	0.0000	-0.0000	0.0000	3.0000	3.1287	1.0000	1.1816	0.0001	0.0001	0.0000	0.0001	0.0001	0.0000	0.0000	0.0000	0.0000	0.0000	0.0000	0.0000	0.0000	0.0000	0.0000	0.0000	0.0000	0.0000	0.0577	0.0511	0.0066	0.0194	0.0180	0.0014	0.0383	0.0331	0.0053	0.0109	0.0063	0.0046	0.0022	0.0019	0.0003	0.0087	0.0043	0.0044	inf	inf	0.0000	inf	inf	0.0000	0.0000	0.0000	0.0000	0.0000	0.0000	0.0000	0.0000	0.0000	0.0000	0.0000	0.0000	0.0000						
19	86	0.1564	10	0	1	0	1	0	0	0	0	N	N	N	N	N	N	N	N	N	N	N	N	0.0000	0.0000	0.0000	0.0000	0.0000	0.0000	0.0000	0.0000	0.0000	0.0000	0.0000	0.0000	0.0000	0.0000	0.0000	0.0000	0.0000	0.0000	0.0000	0.0000	3.0000	4.0532	1.0000	2.2470	0.0000	0.0000	0.0000	0.0000	0.0000	0.0000	0.0000	0.0000	0.0000	0.0000	0.0000	0.0000	0.0000	0.0000	0.0000	0.0000	0.0000	0.0000	0.0625	0.0551	0.0074	0.0165	0.0152	0.0013	0.0460	0.0399	0.0061	0.0164	0.0093	0.0070	0.0032	0.0028	0.0004	0.0131	0.0065	0.0066	0.0000	0.0000	0.0000	0.0000	0.0000	0.0000	0.0000	0.0000	0.0000	0.0000	0.0000	0.0000	0.0000	0.0000	0.0000	0.0000	0.0000	0.0000											
19	87	0.1332	9	0	1	0	1	0	0	0	0	N	N	N	N	N	N	N	N	N	N	N	N	0.0000	0.0000	0.0000	0.0000	0.0000	0.0000	0.0000	0.0000	0.0000	0.0000	0.0000	0.0000	0.0000	0.0000	0.0000	0.0000	0.0000	0.0000	0.0000	0.0000	3.0000	4.7288	1.0000	9.8540	0.0000	0.0000	0.0000	0.0000	0.0000	0.0000	0.0000	0.0000	0.0000	0.0000	0.0000	0.0000	0.0000	0.0000	0.0000	0.0000	0.0000	0.0000	0.0839	0.0728	0.0111	0.0219	0.0204	0.0015	0.0620	0.0524	0.0096	0.0445	0.0267	0.0177	0.0107	0.0093	0.0014	0.0338	0.0174	0.0163	0.0000	0.0000	0.0000	0.0000	0.0000	0.0000	0.0000	0.0000	0.0000	0.0000	0.0000	0.0000	0.0000	0.0000	0.0000	0.0000	0.0000	0.0000											
19	88	0.1094	8	0	1	0	1	0	0	0	0	N	N	N	N	N	N	N	N	N	N	N	N	0.0000	0.0000	0.0000	0.0000	0.0000	0.0000	0.0000	0.0000	0.0000	0.0000	0.0000	0.0000	0.0000	0.0000	0.0000	0.0000	0.0000	0.0000	0.0000	0.0000	3.0000	8.6320	1.0000	7.0881	0.0000	0.0000	0.0000	0.0000	0.0000	0.0000	0.0000	0.0000	0.0000	0.0000	0.0000	0.0000	0.0000	0.0000	0.0000	0.0000	0.0000	0.0000	0.1056	0.0921	0.0135	0.0095	0.0090	0.0005	0.0962	0.0831	0.0131	0.0411	0.0237	0.0174	0.0061	0.0055	0.0005	0.0350	0.0182	0.0168	0.0000	0.0000	0.0000	0.0000	0.0000	0.0000	0.0000	0.0000	0.0000	0.0000	0.0000	0.0000	0.0000	0.0000	0.0000	0.0000	0.0000	0.0000											
19	89	0.1772	10	0	2	0	1	0	0	0	0	N	Y	N	N	N	N	N	N	N	N	N	N	inf	inf	inf	inf	inf	inf	4.8569	5.5279	0.0000	0.0003	0.0003	0.0000	5.8805	6.8073	0.0000	0.0000	0.0000	0.0000	0.0000	0.0000	0.0000	0.0000	0.0000	0.0000	0.0000	-0.2861	0.0000	3.0000	15.4622	1.0000	5.2688	0.9963	0.9963	0.0000	0.0000	0.0000	0.0000	0.9963	0.9963	0.0000	0.0000	0.0000	0.0000	0.0000	0.0000	0.0000	0.0000	0.0000	0.0000	0.2051	0.1802	0.0249	0.0357	0.0339	0.0018	0.1694	0.1464	0.0231	0.0517	0.0298	0.0220	0.0098	0.0088	0.0009	0.0420	0.0209	0.0210	inf	inf	0.0000	inf	inf	0.0000	inf	inf	0.0000	0.0000	0.0000	0.0000	0.0000	0.0000	0.0000	0.0000	0.0000	0.0000				
19	90	0.1654	9	0	1	0	1	0	0	0	0	N	N	N	N	N	N	N	N	N	N	N	N	inf	inf	inf	inf	inf	inf	0.0334	0.0377	0.0000	0.0029	0.0030	0.0000	0.0403	0.0465	0.0000	0.0000	0.0000	0.0000	0.0000	0.0000	0.0000	0.0000	0.0000	0.0000	0.0000	-0.0011	0.0000	3.0000	7.5917	1.0000	1.5198	0.0038	0.0038	0.0000	0.0001	0.0001	0.0000	0.0037	0.0037	0.0000	0.0000	0.0000	0.0000	0.0000	0.0000	0.0000	0.0000	0.0000	0.0000	0.1129	0.0999	0.0130	0.0209	0.0201	0.0008	0.0920	0.0798	0.0122	0.0279	0.0169	0.0110	0.0068	0.0062	0.0006	0.0211	0.0107	0.0104	inf	inf	0.0000	inf	inf	0.0000	inf	inf	0.0000	0.0000	0.0000	0.0000	0.0000	0.0000	0.0000	0.0000	0.0000	0.0000				
19	91	0.2164	11	1	1	1	1	0	0	0	0	N	N	N	N	N	N	N	N	N	N	N	N	0.0000	0.0000	0.0000	0.0000	0.0000	0.0000	0.0000	0.0000	0.0000	0.0000	0.0000	0.0000	0.0000	0.0000	0.0000	0.0000	0.0000	0.0000	0.0000	0.0000	3.0000	3.0317	1.0000	0.1644	0.0000	0.0000	0.0000	0.0000	0.0000	0.0000	0.0000	0.0000	0.0000	0.0000	0.0000	0.0000	0.0000	0.0000	0.0000	0.0000	0.0000	0.0000	0.0365	0.0323	0.0042	0.0082	0.0078	0.0004	0.0283	0.0245	0.0038	0.0066	0.0033	0.0032	0.0007	0.0006	0.0001	0.0059	0.0028	0.0031	0.0000	0.0000	0.0000	0.0000	0.0000	0.0000	0.0000	0.0000	0.0000	0.0000	0.0000	0.0000	0.0000	0.0000	0.0000	0.0000	0.0000	0.0000											
19	92	0.2106	10	1	1	1	1	0	0	0	0	N	N	N	N	N	N	N	N	N	N	N	N	inf	inf	inf	inf	0.0026	0.0029	0.0000	0.0000	0.0000	0.0000	0.0045	0.0051	0.0000	0.0000	0.0000	0.0000	0.0000	0.0000	0.0000	0.0000	0.0000	0.0000	0.0000	-0.0000	0.0000	3.0000	2.6632	1.0000	1.0147	0.0001	0.0001	0.0000	0.0000	0.0000	0.0000	0.0001	0.0001	0.0000	0.0000	0.0000	0.0000	0.0000	0.0000	0.0000	0.0000	0.0000	0.0000	0.0460	0.0412	0.0048	0.0191	0.0178	0.0013	0.0269	0.0234	0.0035	0.0080	0.0042	0.0038	0.0010	0.0008	0.0001	0.0071	0.0034	0.0037	inf	inf	0.0000	0.0000	0.0000	0.0000	inf	inf	0.0000	0.0000	0.0000	0.0000	0.0000	0.0000	0.0000	0.0000	0.0000	0.0000						
19	93	0.1274	9	1	1	1	1	0	0	0	0	N	N	N	N	N	N	N	N	N	N	N	N	inf	inf	inf	inf	inf	inf	2.2807	2.5686	0.0000	0.0208	0.0217	0.0000	2.8804	3.3143	0.0000	0.0000	0.0000	0.0000	0.0000	0.0000	0.0000	0.0000	0.0000	0.0000	0.0000	-0.2872	0.0000	3.0000	35.0787	1.0000	12.2568	1.0001	1.0001	0.0000	0.0019	0.0019	0.0000	0.9982	0.9982	0.0000	0.0000	0.0000	0.0000	0.0000	0.0000	0.0000	0.0000	0.0000	0.0000	0.4385	0.3894	0.0491	0.0920	0.0882	0.0038	0.3466	0.3012	0.0454	0.0960	0.0486	0.0474	0.0101	0.0086	0.0015	0.0860	0.0401	0.0459	inf	inf	0.0000	inf	inf	0.0000	inf	inf	0.0000	0.0000	0.0000	0.0000	0.0000	0.0000	0.0000	0.0000	0.0000	0.0000				
19	94	0.1138	8	1	1	0	1	0	0	0	0	N	N	N	N	N	N	N	N	N	N	N	N	inf	inf	inf	inf	inf	inf	0.4282	0.4764	0.0000	1.5190	1.5587	0.0000	0.0329	0.0377	0.0000	0.0000	0.0000	0.0000	0.0000	0.0000	0.0000	0.0000	0.0000	0.0000	0.0000	-0.0176	0.0000	3.0000	8.4810	1.0000	2.3446	0.0614	0.0614	0.0000	0.0580	0.0580	0.0000	0.0035	0.0035	0.0000	0.0000	0.0000	0.0000	0.0000	0.0000	0.0000	0.0000	0.0000	0.0000	0.1434	0.1289	0.0145	0.0382	0.0372	0.0010	0.1053	0.0917	0.0135	0.0246	0.0125	0.0120	0.0025	0.0022	0.0003	0.0221	0.0104	0.0117	inf	inf	0.0000	inf	inf	0.0000	inf	inf	0.0000	0.0000	0.0000	0.0000	0.0000	0.0000	0.0000	0.0000	0.0000	0.0000				
19	95	0.1094	8	0	2	0	2	0	0	0	0	N	Y	N	Y	N	N	N	N	N	N	N	N	0.0000	0.0000	0.0000	0.0000	0.0000	0.0000	0.0000	0.0000	0.0000	0.0000	0.0000	0.0000	0.0000	0.0000	0.0000	0.0000	0.0000	0.0000	0.0000	0.0000	3.0000	24.0032	1.0000	22.6134	0.0000	0.0000	0.0000	0.0000	0.0000	0.0000	0.0000	0.0000	0.0000	0.0000	0.0000	0.0000	0.0000	0.0000	0.0000	0.0000	0.0000	0.0000	0.2822	0.2466	0.0356	0.0251	0.0238	0.0013	0.2572	0.2228	0.0343	0.1033	0.0563	0.0470	0.0114	0.0099	0.0015	0.0919	0.0464	0.0456	0.0000	0.0000	0.0000	0.0000	0.0000	0.0000	0.0000	0.0000	0.0000	0.0000	0.0000	0.0000	0.0000	0.0000	0.0000	0.0000	0.0000	0.0000											
19	96	0.5268	12	0	2	0	1	0	0	0	0	N	Y	N	N	N	N	N	N	N	N	N	N	0.0000	0.0000	0.0000	0.0000	0.0000	0.0000	0.0000	0.0000	0.0000	0.0000	0.0000	0.0000	0.0000	0.0000	0.0000	0.0000	0.0000	0.0000	0.0000	0.0000	3.0000	18.5150	1.0000	10.2301	0.0000	0.0000	0.0000	0.0000	0.0000	0.0000	0.0000	0.0000	0.0000	0.0000	0.0000	0.0000	0.0000	0.0000	0.0000	0.0000	0.0000	0.0000	0.2278	0.2036	0.0243	0.0785	0.0742	0.0043	0.1494	0.1293	0.0200	0.0592	0.0371	0.0221	0.0195	0.0175	0.0020	0.0397	0.0196	0.0201	0.0000	0.0000	0.0000	0.0000	0.0000	0.0000	0.0000	0.0000	0.0000	0.0000	0.0000	0.0000	0.0000	0.0000	0.0000	0.0000	0.0000	0.0000											
19	97	0.0803	7	0	2	0	1	0	0	0	0	N	Y	N	N	N	N	N	N	N	N	N	N	inf	inf	inf	inf	0.0257	0.0292	0.0000	0.0000	0.0000	0.0000	0.0281	0.0323	0.0000	0.0000	0.0000	0.0000	0.0000	0.0000	0.0000	0.0000	0.0000	0.0000	0.0000	-0.0039	0.0000	3.0000	46.1140	1.0000	26.4917	0.0135	0.0135	0.0000	0.0000	0.0000	0.0000	0.0135	0.0135	0.0000	0.0000	0.0000	0.0000	0.0000	0.0000	0.0000	0.0000	0.0000	0.0000	0.5253	0.4609	0.0644	0.0453	0.0432	0.0021	0.4801	0.4177	0.0624	0.1501	0.0769	0.0732	0.0100	0.0086	0.0015	0.1401	0.0683	0.0717	inf	inf	0.0000	0.0000	0.0000	0.0000	inf	inf	0.0000	0.0000	0.0000	0.0000	0.0000	0.0000	0.0000	0.0000	0.0000	0.0000						
19	98	0.5797	14	0	2	0	1	0	0	0	0	N	Y	N	N	N	N	N	N	N	N	N	N	0.0000	0.0000	0.0000	0.0000	0.0000	0.0000	0.0000	0.0000	0.0000	0.0000	0.0000	0.0000	0.0000	0.0000	0.0000	0.0000	0.0000	0.0000	0.0000	0.0000	3.0000	20.7840	1.0000	8.9470	0.0000	0.0000	0.0000	0.0000	0.0000	0.0000	0.0000	0.0000	0.0000	0.0000	0.0000	0.0000	0.0000	0.0000	0.0000	0.0000	0.0000	0.0000	0.2305	0.2069	0.0236	0.0855	0.0811	0.0044	0.1450	0.1258	0.0192	0.0478	0.0293	0.0185	0.0151	0.0130	0.0021	0.0326	0.0163	0.0163	0.0000	0.0000	0.0000	0.0000	0.0000	0.0000	0.0000	0.0000	0.0000	0.0000	0.0000	0.0000	0.0000	0.0000	0.0000	0.0000	0.0000	0.0000											
19	99	0.5748	13	0	1	0	1	0	0	0	0	N	N	N	N	N	N	N	N	N	N	N	N	56.2683	221.9826	0.1061	inf	inf	inf	34.7372	6.9823	0.1732	0.7154	0.7808	0.0014	0.0195	0.0203	0.0000	1.6580	1.9416	0.0019	0.0127	0.0035	0.0130	0.0000	0.0000	0.0000	0.0477	0.2781	0.0108	0.0002	4.0000	-0.0177	0.0000	3.0000	2.7834	1.0000	1.0450	0.0618	0.0618	0.0000	0.0010	0.0010	0.0000	0.0608	0.0608	0.0000	0.0001	0.0000	0.0000	0.0000	0.0000	0.0000	0.0001	0.0000	0.0000	0.0864	0.0791	0.0072	0.0497	0.0478	0.0019	0.0367	0.0313	0.0054	0.0127	0.0073	0.0054	0.0049	0.0046	0.0002	0.0078	0.0027	0.0051	181.4160	571.7505	0.1848	inf	inf	inf	258.9285	524.5355	0.2378	0.0039	0.0014	0.0075	0.0000	0.0000	0.0000	0.0064	0.0037	0.0078
19	100	0.5647	12	0	1	0	1	0	0	0	0	N	N	N	N	N	N	N	N	N	N	N	N	inf	inf	inf	inf	inf	inf	0.0068	0.0075	0.0000	0.0014	0.0015	0.0000	0.0125	0.0145	0.0000	0.0000	0.0000	0.0000	0.0000	0.0000	0.0000	0.0000	0.0000	0.0000	0.0000	-0.0003	0.0000	3.0000	7.6044	1.0000	2.7972	0.0011	0.0011	0.0000	0.0001	0.0001	0.0000	0.0010	0.0010	0.0000	0.0000	0.0000	0.0000	0.0000	0.0000	0.0000	0.0000	0.0000	0.0000	0.1648	0.1495	0.0154	0.0849	0.0805	0.0044	0.0799	0.0690	0.0110	0.0303	0.0187	0.0117	0.0116	0.0107	0.0009	0.0188	0.0080	0.0108	inf	inf	0.0000	inf	inf	0.0000	inf	inf	0.0000	0.0000	0.0000	0.0000	0.0000	0.0000	0.0000	0.0000	0.0000	0.0000				
19	101	0.5152	11	0	1	0	1	0	0	0	0	N	N	N	N	N	N	N	N	N	N	N	N	inf	inf	inf	inf	inf	inf	0.0063	0.0071	0.0000	0.0007	0.0008	0.0000	0.0093	0.0107	0.0000	0.0000	0.0000	0.0000	0.0000	0.0000	0.0000	0.0000	0.0000	0.0000	0.0000	-0.0004	0.0000	3.0000	18.4780	1.0000	12.4520	0.0015	0.0015	0.0000	0.0001	0.0001	0.0000	0.0014	0.0014	0.0000	0.0000	0.0000	0.0000	0.0000	0.0000	0.0000	0.0000	0.0000	0.0000	0.2339	0.2090	0.0248	0.0805	0.0762	0.0043	0.1534	0.1328	0.0206	0.0589	0.0356	0.0233	0.0182	0.0162	0.0020	0.0407	0.0194	0.0213	inf	inf	0.0000	inf	inf	0.0000	inf	inf	0.0000	0.0000	0.0000	0.0000	0.0000	0.0000	0.0000	0.0000	0.0000	0.0000				
19	102	0.2234	11	0	2	0	1	0	0	0	0	N	Y	N	N	N	N	N	N	N	N	N	N	17761.8826	11705.0166	12597.1170	12023.4102	1.3232	1.4792	0.0000	4.6652	4.8523	0.0000	0.0000	0.0000	0.0000	0.0001	0.0001	0.0000	0.0004	0.0004	0.0000	0.0000	0.0000	0.0000	0.0000	0.0000	-0.2080	-0.0000	3.0000	34.1922	1.0000	22.4626	0.7245	0.7245	0.0000	0.7245	0.7245	0.0000	0.0000	0.0000	0.0000	0.0000	0.0000	0.0000	0.0000	0.0000	0.0000	0.0000	0.0000	0.0000	0.5475	0.4898	0.0577	0.1553	0.1493	0.0060	0.3922	0.3405	0.0517	0.1342	0.0791	0.0551	0.0270	0.0248	0.0022	0.1072	0.0544	0.0529	17761.8826	11705.0166	0.0000	12597.1170	12023.4102	0.0000	0.0000	0.0000	0.0000	0.0001	0.0001	0.0000	0.0004	0.0004	0.0000	0.0000	0.0000	0.0000					
19	103	0.1755	10	0	2	0	1	0	0	0	0	N	Y	N	N	N	N	N	N	N	N	N	N	4938.0135	5963.8029	45.7828	8175.6904	7719.7758	inf	9.3420	inf	0.0616	1.3277	1.5004	0.0128	6.1228	6.4047	0.1526	0.0037	0.0043	0.0000	0.0003	0.0003	0.0003	0.0007	0.0008	0.0000	0.0004	0.0000	0.0003	0.0011	1.0000	-0.1223	-0.0000	3.0000	22.5884	1.0000	11.0115	0.4276	0.4271	0.0005	0.4266	0.4261	0.0005	0.0009	0.0009	0.0000	0.0000	0.0000	0.0000	0.0000	0.0000	0.0000	0.0000	0.0000	0.0000	0.3220	0.2846	0.0374	0.0697	0.0665	0.0031	0.2524	0.2181	0.0343	0.0803	0.0446	0.0357	0.0134	0.0121	0.0013	0.0669	0.0326	0.0344	5329.8062	6694.0887	45.7828	8175.6904	7719.7758	inf	24.8604	inf	0.0616	0.0002	0.0002	0.0003	0.0007	0.0008	0.0000	0.0001	0.0000	0.0003
19	104	0.1455	9	0	1	0	1	0	0	0	0	N	N	N	N	N	N	N	N	N	N	N	N	64.2055	inf	0.0000	inf	inf	5.0593	inf	0.0000	0.0124	0.0141	0.0000	0.0496	0.0520	0.0000	0.0032	0.0037	0.0000	0.0002	0.0000	0.0004	0.0000	0.0000	0.0000	0.0006	0.0000	0.0005	0.0000	inf	-0.0006	0.0000	3.0000	11.8100	1.0000	8.7888	0.0021	0.0021	0.0000	0.0017	0.0017	0.0000	0.0004	0.0004	0.0000	0.0000	0.0000	0.0000	0.0000	0.0000	0.0000	0.0000	0.0000	0.0000	0.1703	0.1501	0.0202	0.0339	0.0323	0.0016	0.1365	0.1179	0.0186	0.0516	0.0288	0.0228	0.0081	0.0073	0.0008	0.0435	0.0214	0.0221	64.2055	inf	0.0000	inf	inf	0.0000	14.0257	inf	0.0000	0.0002	0.0000	0.0004	0.0000	0.0000	0.0000	0.0002	0.0000	0.0005	
19	105	0.1094	8	0	1	0	1	0	0	0	0	N	N	N	N	N	N	N	N	N	N	N	N	0.0000	0.0000	0.0000	0.0000	0.0000	0.0000	0.0000	0.0000	0.0000	0.0000	0.0000	0.0000	0.0000	0.0000	0.0000	0.0000	0.0000	0.0000	0.0000	0.0000	3.0000	14.7392	1.0000	7.3617	0.0000	0.0000	0.0000	0.0000	0.0000	0.0000	0.0000	0.0000	0.0000	0.0000	0.0000	0.0000	0.0000	0.0000	0.0000	0.0000	0.0000	0.0000	0.1775	0.1549	0.0226	0.0158	0.0150	0.0008	0.1616	0.1398	0.0218	0.0547	0.0308	0.0238	0.0072	0.0065	0.0007	0.0474	0.0243	0.0231	0.0000	0.0000	0.0000	0.0000	0.0000	0.0000	0.0000	0.0000	0.0000	0.0000	0.0000	0.0000	0.0000	0.0000	0.0000	0.0000	0.0000	0.0000											
19	106	0.1239	9	0	2	0	1	0	0	0	0	N	Y	N	N	N	N	N	N	N	N	N	N	inf	inf	inf	inf	3.7242	4.1964	0.0000	0.0000	0.0000	0.0000	4.7563	5.4747	0.0000	0.0000	0.0000	0.0000	0.0000	0.0000	0.0000	0.0000	0.0000	0.0000	0.0000	-0.2705	0.0000	3.0000	20.0414	1.0000	7.0324	0.9420	0.9420	0.0000	0.0000	0.0000	0.0000	0.9420	0.9420	0.0000	0.0000	0.0000	0.0000	0.0000	0.0000	0.0000	0.0000	0.0000	0.0000	0.2529	0.2245	0.0285	0.0549	0.0524	0.0025	0.1980	0.1721	0.0260	0.0550	0.0275	0.0275	0.0044	0.0037	0.0008	0.0506	0.0239	0.0268	inf	inf	0.0000	0.0000	0.0000	0.0000	inf	inf	0.0000	0.0000	0.0000	0.0000	0.0000	0.0000	0.0000	0.0000	0.0000	0.0000						
19	107	0.1138	8	0	1	0	1	0	0	0	0	N	N	N	N	N	N	N	N	N	N	N	N	inf	inf	inf	inf	inf	inf	0.8614	0.9551	0.0000	1.5166	1.5529	0.0000	0.6015	0.6895	0.0000	0.0000	0.0000	0.0000	0.0000	0.0000	0.0000	0.0000	0.0000	0.0000	0.0000	-0.0314	0.0000	3.0000	7.0315	1.0000	1.2144	0.1094	0.1094	0.0000	0.0547	0.0547	0.0000	0.0547	0.0547	0.0000	0.0000	0.0000	0.0000	0.0000	0.0000	0.0000	0.0000	0.0000	0.0000	0.1270	0.1145	0.0125	0.0361	0.0352	0.0008	0.0909	0.0793	0.0116	0.0192	0.0099	0.0093	0.0021	0.0018	0.0003	0.0171	0.0080	0.0090	inf	inf	0.0000	inf	inf	0.0000	inf	inf	0.0000	0.0000	0.0000	0.0000	0.0000	0.0000	0.0000	0.0000	0.0000	0.0000				
19	108	0.0803	7	0	1	0	1	0	0	0	0	N	N	N	N	N	N	N	N	N	N	N	N	inf	inf	inf	inf	inf	inf	4.4508	5.0752	0.0000	42.0898	43.6701	0.0000	0.0042	0.0048	0.0000	0.0000	0.0000	0.0000	0.0000	0.0000	0.0000	0.0000	0.0000	0.0000	0.0000	-0.2670	0.0000	3.0000	16.2725	1.0000	4.4748	0.9300	0.9300	0.0000	0.9292	0.9292	0.0000	0.0008	0.0008	0.0000	0.0000	0.0000	0.0000	0.0000	0.0000	0.0000	0.0000	0.0000	0.0000	0.2090	0.1832	0.0257	0.0221	0.0213	0.0008	0.1869	0.1620	0.0249	0.0505	0.0265	0.0240	0.0045	0.0040	0.0005	0.0461	0.0225	0.0236	inf	inf	0.0000	inf	inf	0.0000	inf	inf	0.0000	0.0000	0.0000	0.0000	0.0000	0.0000	0.0000	0.0000	0.0000	0.0000				
19	109	0.1913	10	0	2	0	1	0	0	0	0	N	Y	N	N	N	N	N	N	N	N	N	N	24531.8707	15519.0675	23416.3299	21745.7104	2.0865	2.3655	0.0000	13.0006	13.7088	0.0000	0.0000	0.0000	0.0000	0.0001	0.0002	0.0000	0.0006	0.0006	0.0000	0.0000	0.0000	0.0000	0.0000	0.0000	-0.2867	-0.0000	3.0000	40.5309	1.0000	14.7974	0.9984	0.9984	0.0000	0.9984	0.9984	0.0000	0.0000	0.0000	0.0000	0.0000	0.0000	0.0000	0.0000	0.0000	0.0000	0.0000	0.0000	0.0000	0.4785	0.4221	0.0564	0.0768	0.0728	0.0040	0.4017	0.3492	0.0525	0.1176	0.0656	0.0520	0.0180	0.0159	0.0021	0.0996	0.0497	0.0498	24531.8707	15519.0675	0.0000	23416.3299	21745.7104	0.0000	0.0000	0.0000	0.0000	0.0001	0.0002	0.0000	0.0006	0.0006	0.0000	0.0000	0.0000	0.0000					
19	110	0.1654	9	0	2	0	1	0	0	0	0	N	Y	N	N	N	N	N	N	N	N	N	N	40.2987	inf	0.0000	inf	inf	0.0000	0.0000	0.0091	0.0103	0.0000	0.0593	0.0621	0.0000	0.0000	0.0000	0.0000	0.0002	0.0000	0.0005	0.0000	0.0000	0.0000	0.0008	0.0000	0.0006	0.0000	inf	-0.0005	0.0000	3.0000	13.5236	1.0000	3.5331	0.0016	0.0016	0.0000	0.0016	0.0016	0.0000	0.0000	0.0000	0.0000	0.0000	0.0000	0.0000	0.0000	0.0000	0.0000	0.0000	0.0000	0.0000	0.1821	0.1603	0.0218	0.0278	0.0266	0.0013	0.1543	0.1338	0.0205	0.0448	0.0259	0.0189	0.0088	0.0079	0.0009	0.0360	0.0180	0.0180	40.6196	inf	0.0000	inf	inf	0.0000	0.0000	0.0000	0.0000	0.0002	0.0000	0.0005	0.0000	0.0000	0.0000	0.0003	0.0000	0.0006		
19	111	0.1094	8	0	1	0	1	0	0	0	0	N	N	N	N	N	N	N	N	N	N	N	N	inf	inf	inf	inf	0.0003	0.0003	0.0000	0.0000	0.0000	0.0000	0.0003	0.0004	0.0000	0.0000	0.0000	0.0000	0.0000	0.0000	0.0000	0.0000	0.0000	0.0000	0.0000	-0.0000	0.0000	3.0000	16.9399	1.0000	15.9768	0.0001	0.0001	0.0000	0.0000	0.0000	0.0000	0.0001	0.0001	0.0000	0.0000	0.0000	0.0000	0.0000	0.0000	0.0000	0.0000	0.0000	0.0000	0.2028	0.1770	0.0258	0.0181	0.0171	0.0009	0.1847	0.1599	0.0249	0.0768	0.0424	0.0344	0.0091	0.0081	0.0011	0.0677	0.0343	0.0333	inf	inf	0.0000	0.0000	0.0000	0.0000	inf	inf	0.0000	0.0000	0.0000	0.0000	0.0000	0.0000	0.0000	0.0000	0.0000	0.0000						
19	112	0.0522	6	1	2	0	2	0	0	0	0	N	Y	N	Y	N	N	N	N	N	N	N	N	0.0000	0.0000	0.0000	0.0000	0.0000	0.0000	0.0000	0.0000	0.0000	0.0000	0.0000	0.0000	0.0000	0.0000	0.0000	0.0000	0.0000	0.0000	0.0000	0.0000	3.0000	0.0019	1.0000	1.9928	0.0000	0.0000	0.0000	0.0000	0.0000	0.0000	0.0000	0.0000	0.0000	0.0000	0.0000	0.0000	0.0000	0.0000	0.0000	0.0000	0.0000	0.0000	0.0001	0.0001	0.0000	0.0000	0.0000	0.0000	0.0000	0.0000	0.0000	0.0049	0.0026	0.0024	0.0003	0.0003	0.0000	0.0047	0.0023	0.0024	0.0000	0.0000	0.0000	0.0000	0.0000	0.0000	0.0000	0.0000	0.0000	0.0000	0.0000	0.0000	0.0000	0.0000	0.0000	0.0000	0.0000	0.0000											
19	113	0.0286	5	1	2	0	2	0	0	0	0	N	Y	N	Y	N	N	N	N	N	N	N	N	inf	inf	inf	inf	0.0025	0.0029	0.0000	0.0315	0.0320	0.0000	0.0000	0.0000	0.0000	0.0000	0.0000	0.0000	0.0000	0.0000	0.0000	0.0000	0.0000	0.0000	0.0000	-0.0001	0.0000	3.0000	8.6942	1.0000	6.0502	0.0003	0.0003	0.0000	0.0003	0.0003	0.0000	0.0000	0.0000	0.0000	0.0000	0.0000	0.0000	0.0000	0.0000	0.0000	0.0000	0.0000	0.0000	0.1227	0.1058	0.0169	0.0099	0.0097	0.0002	0.1128	0.0961	0.0167	0.0380	0.0191	0.0189	0.0015	0.0015	0.0000	0.0365	0.0177	0.0188	inf	inf	0.0000	inf	inf	0.0000	0.0000	0.0000	0.0000	0.0000	0.0000	0.0000	0.0000	0.0000	0.0000	0.0000	0.0000	0.0000						
19	117	0.1998	9	0	2	0	1	0	0	0	0	N	Y	N	N	N	N	N	N	N	N	N	N	inf	inf	inf	inf	0.1781	0.2008	0.0000	0.8355	0.8806	0.0000	0.0000	0.0000	0.0000	0.0000	0.0000	0.0000	0.0000	0.0000	0.0000	0.0000	0.0000	0.0000	0.0000	-0.0200	0.0000	3.0000	31.2782	1.0000	23.9277	0.0695	0.0695	0.0000	0.0695	0.0695	0.0000	0.0000	0.0000	0.0000	0.0000	0.0000	0.0000	0.0000	0.0000	0.0000	0.0000	0.0000	0.0000	0.3905	0.3463	0.0442	0.0832	0.0790	0.0043	0.3073	0.2673	0.0399	0.1232	0.0667	0.0565	0.0170	0.0152	0.0019	0.1062	0.0515	0.0547	inf	inf	0.0000	inf	inf	0.0000	0.0000	0.0000	0.0000	0.0000	0.0000	0.0000	0.0000	0.0000	0.0000	0.0000	0.0000	0.0000						
19	118	0.0160	3	0	1	1	2	0	0	0	0	N	N	N	Y	N	N	N	N	N	N	N	N	0.0000	0.0000	0.0000	0.0000	0.0000	0.0000	0.0000	0.0000	0.0000	0.0000	0.0000	0.0000	0.0000	0.0000	0.0000	0.0000	0.0000	0.0000	0.0000	0.0000	3.0000	3.8827	1.0000	2.9998	0.0000	0.0000	0.0000	0.0000	0.0000	0.0000	0.0000	0.0000	0.0000	0.0000	0.0000	0.0000	0.0000	0.0000	0.0000	0.0000	0.0000	0.0000	0.0523	0.0451	0.0073	0.0016	0.0016	0.0000	0.0508	0.0435	0.0073	0.0176	0.0086	0.0091	0.0001	0.0001	0.0000	0.0175	0.0085	0.0091	0.0000	0.0000	0.0000	0.0000	0.0000	0.0000	0.0000	0.0000	0.0000	0.0000	0.0000	0.0000	0.0000	0.0000	0.0000	0.0000	0.0000	0.0000											
19	120	0.0189	4	0	1	1	2	0	0	0	0	N	N	N	Y	N	N	N	N	N	N	N	N	0.0000	0.0000	0.0000	0.0000	0.0000	0.0000	0.0000	0.0000	0.0000	0.0000	0.0000	0.0000	0.0000	0.0000	0.0000	0.0000	0.0000	0.0000	0.0000	0.0000	3.0000	9.6158	1.0000	0.0030	0.0000	0.0000	0.0000	0.0000	0.0000	0.0000	0.0000	0.0000	0.0000	0.0000	0.0000	0.0000	0.0000	0.0000	0.0000	0.0000	0.0000	0.0000	0.1276	0.1108	0.0168	0.0056	0.0055	0.0001	0.1220	0.1053	0.0167	0.0244	0.0119	0.0125	0.0001	0.0001	0.0000	0.0242	0.0117	0.0125	0.0000	0.0000	0.0000	0.0000	0.0000	0.0000	0.0000	0.0000	0.0000	0.0000	0.0000	0.0000	0.0000	0.0000	0.0000	0.0000	0.0000	0.0000											
19	123	0.5750	14	0	1	1	2	0	0	0	0	N	N	N	Y	N	N	N	N	N	N	N	N	0.0000	0.0000	0.0000	0.0000	0.0000	0.0000	0.0000	0.0000	0.0000	0.0000	0.0000	0.0000	0.0000	0.0000	0.0000	0.0000	0.0000	0.0000	0.0000	0.0000	3.0000	12.8936	1.0000	4.1514	0.0000	0.0000	0.0000	0.0000	0.0000	0.0000	0.0000	0.0000	0.0000	0.0000	0.0000	0.0000	0.0000	0.0000	0.0000	0.0000	0.0000	0.0000	0.1618	0.1453	0.0165	0.0622	0.0590	0.0032	0.0995	0.0863	0.0132	0.0286	0.0172	0.0114	0.0089	0.0078	0.0011	0.0197	0.0094	0.0103	0.0000	0.0000	0.0000	0.0000	0.0000	0.0000	0.0000	0.0000	0.0000	0.0000	0.0000	0.0000	0.0000	0.0000	0.0000	0.0000	0.0000	0.0000											
19	124	0.0860	7	0	2	0	1	0	0	0	0	N	Y	N	N	N	N	N	N	N	N	N	N	inf	inf	inf	inf	inf	inf	0.0561	0.0641	0.0000	0.0309	0.0318	0.0000	0.0586	0.0677	0.0000	0.0000	0.0000	0.0000	0.0000	0.0000	0.0000	0.0000	0.0000	0.0000	0.0000	-0.0027	0.0000	3.0000	12.7386	1.0000	8.7370	0.0094	0.0094	0.0000	0.0005	0.0005	0.0000	0.0089	0.0089	0.0000	0.0000	0.0000	0.0000	0.0000	0.0000	0.0000	0.0000	0.0000	0.0000	0.1680	0.1471	0.0210	0.0152	0.0148	0.0004	0.1528	0.1323	0.0205	0.0520	0.0261	0.0259	0.0041	0.0036	0.0005	0.0480	0.0225	0.0254	inf	inf	0.0000	inf	inf	0.0000	inf	inf	0.0000	0.0000	0.0000	0.0000	0.0000	0.0000	0.0000	0.0000	0.0000	0.0000				
19	125	0.0707	6	0	2	0	1	0	0	0	0	N	Y	N	N	N	N	N	N	N	N	N	N	6470163.2156	3739977.4583	inf	828.8525	734.8206	inf	inf	inf	inf	7.8263	8.9814	0.0018	0.0148	0.0151	0.0001	9.0371	10.5783	0.0019	0.0000	0.0000	0.0000	0.0000	0.0000	0.0000	0.0000	0.0000	0.0000	0.0000	0.0000	-0.2884	-0.0000	3.0000	8.6431	1.0000	1.4782	1.0046	1.0046	0.0000	0.0003	0.0003	0.0000	1.0043	1.0043	0.0000	0.0000	0.0000	0.0000	0.0000	0.0000	0.0000	0.0000	0.0000	0.0000	0.1284	0.1118	0.0165	0.0172	0.0169	0.0003	0.1111	0.0949	0.0162	0.0246	0.0124	0.0122	0.0017	0.0014	0.0002	0.0229	0.0109	0.0120	6470163.2156	3739977.4583	inf	828.8525	734.8206	inf	inf	inf	inf	0.0000	0.0000	0.0000	0.0000	0.0000	0.0000	0.0000	0.0000	0.0000
19	128	0.5872	15	1	2	0	1	0	0	0	0	N	Y	N	N	N	N	N	N	N	N	N	N	0.0000	0.0000	0.0000	0.0000	0.0000	0.0000	0.0000	0.0000	0.0000	0.0000	0.0000	0.0000	0.0000	0.0000	0.0000	0.0000	0.0000	0.0000	0.0000	0.0000	3.0000	2.0107	1.0000	1.9995	0.0000	0.0000	0.0000	0.0000	0.0000	0.0000	0.0000	0.0000	0.0000	0.0000	0.0000	0.0000	0.0000	0.0000	0.0000	0.0000	0.0000	0.0000	0.0235	0.0210	0.0026	0.0083	0.0079	0.0005	0.0152	0.0131	0.0021	0.0064	0.0039	0.0024	0.0021	0.0019	0.0003	0.0042	0.0021	0.0022	0.0000	0.0000	0.0000	0.0000	0.0000	0.0000	0.0000	0.0000	0.0000	0.0000	0.0000	0.0000	0.0000	0.0000	0.0000	0.0000	0.0000	0.0000											
19	129	0.5750	14	1	2	0	1	0	0	0	0	N	Y	N	N	N	N	N	N	N	N	N	N	0.0000	0.0000	0.0000	0.0000	0.0000	0.0000	0.0000	0.0000	0.0000	0.0000	0.0000	0.0000	0.0000	0.0000	0.0000	0.0000	0.0000	0.0000	0.0000	0.0000	3.0000	5.6459	1.0000	1.1399	0.0000	0.0000	0.0000	0.0000	0.0000	0.0000	0.0000	0.0000	0.0000	0.0000	0.0000	0.0000	0.0000	0.0000	0.0000	0.0000	0.0000	0.0000	0.0793	0.0717	0.0076	0.0342	0.0326	0.0016	0.0451	0.0391	0.0060	0.0125	0.0074	0.0051	0.0040	0.0036	0.0004	0.0084	0.0038	0.0046	0.0000	0.0000	0.0000	0.0000	0.0000	0.0000	0.0000	0.0000	0.0000	0.0000	0.0000	0.0000	0.0000	0.0000	0.0000	0.0000	0.0000	0.0000											
19	130	0.5447	13	0	1	0	1	0	0	0	0	N	N	N	N	N	N	N	N	N	N	N	N	0.0000	0.0000	0.0000	0.0000	0.0000	0.0000	0.0000	0.0000	0.0000	0.0000	0.0000	0.0000	0.0000	0.0000	0.0000	0.0000	0.0000	0.0000	0.0000	0.0000	3.0000	11.6079	1.0000	5.3766	0.0000	0.0000	0.0000	0.0000	0.0000	0.0000	0.0000	0.0000	0.0000	0.0000	0.0000	0.0000	0.0000	0.0000	0.0000	0.0000	0.0000	0.0000	0.1715	0.1530	0.0185	0.0709	0.0669	0.0040	0.1006	0.0861	0.0145	0.0343	0.0207	0.0136	0.0115	0.0103	0.0012	0.0228	0.0104	0.0124	0.0000	0.0000	0.0000	0.0000	0.0000	0.0000	0.0000	0.0000	0.0000	0.0000	0.0000	0.0000	0.0000	0.0000	0.0000	0.0000	0.0000	0.0000											
19	131	0.5268	12	0	1	0	1	0	0	0	0	N	N	N	N	N	N	N	N	N	N	N	N	8.1305	4.5750	1.0820	1.0490	inf	inf	0.0136	0.0152	0.0000	0.0025	0.0026	0.0000	0.0207	0.0239	0.0000	0.0017	0.0033	0.0000	0.0023	0.0025	0.0000	0.0000	0.0000	0.0000	0.0000	0.0000	-0.0002	-0.0000	3.0000	3.9355	1.0000	8.7078	0.0008	0.0008	0.0000	0.0001	0.0001	0.0000	0.0008	0.0008	0.0000	0.0000	0.0000	0.0000	0.0000	0.0000	0.0000	0.0000	0.0000	0.0000	0.0623	0.0560	0.0063	0.0240	0.0230	0.0010	0.0382	0.0330	0.0052	0.0350	0.0230	0.0120	0.0130	0.0121	0.0009	0.0220	0.0110	0.0110	15.9312	11.6522	0.0000	1.0820	1.0490	0.0000	inf	inf	0.0000	0.0009	0.0013	0.0000	0.0023	0.0025	0.0000	0.0000	0.0000	0.0000			
19	132	0.5152	11	0	1	0	1	0	0	0	0	N	N	N	N	N	N	N	N	N	N	N	N	9.4344	24.2956	0.0000	inf	inf	3.1890	0.5138	0.0000	0.0229	0.0255	0.0000	0.0248	0.0260	0.0000	0.0217	0.0251	0.0000	0.0024	0.0010	0.0020	0.0000	0.0000	0.0000	0.0068	0.0489	0.0021	0.0000	2.0000	-0.0006	0.0000	3.0000	6.2657	1.0000	3.9760	0.0022	0.0022	0.0000	0.0009	0.0009	0.0000	0.0013	0.0013	0.0000	0.0000	0.0000	0.0000	0.0000	0.0000	0.0000	0.0000	0.0000	0.0000	0.0965	0.0867	0.0098	0.0362	0.0346	0.0016	0.0603	0.0521	0.0082	0.0274	0.0172	0.0102	0.0101	0.0092	0.0009	0.0173	0.0080	0.0093	20.8735	43.7846	0.0000	inf	inf	0.0000	12.5085	20.0022	0.0000	0.0011	0.0006	0.0020	0.0000	0.0000	0.0000	0.0017	0.0013	0.0021	
19	133	0.4379	10	0	1	0	1	0	0	0	0	N	N	N	N	N	N	N	N	N	N	N	N	3876.1789	2105.9654	1.7182	1.6465	inf	inf	2.9213	3.2727	0.0000	0.0025	0.0026	0.0000	4.3040	4.9657	0.0000	0.0008	0.0016	0.0000	0.0015	0.0016	0.0000	0.0000	0.0000	0.0000	0.0000	0.0000	-0.2849	-0.0000	3.0000	26.7012	1.0000	18.2690	0.9922	0.9922	0.0000	0.0003	0.0003	0.0000	0.9919	0.9919	0.0000	0.0000	0.0000	0.0000	0.0000	0.0000	0.0000	0.0000	0.0000	0.0000	0.3396	0.3032	0.0365	0.1092	0.1034	0.0058	0.2305	0.1997	0.0307	0.1058	0.0651	0.0407	0.0344	0.0312	0.0032	0.0714	0.0338	0.0376	6182.6601	4260.0534	0.0000	1.7182	1.6465	0.0000	inf	inf	0.0000	0.0005	0.0008	0.0000	0.0015	0.0016	0.0000	0.0000	0.0000	0.0000			
19	134	0.1998	9	0	1	0	1	0	0	0	0	N	N	N	N	N	N	N	N	N	N	N	N	5824.5365	17656.5482	0.0000	inf	inf	2275.2234	569.5774	0.0000	1.3820	1.5593	0.0000	0.0078	0.0083	0.0000	1.7062	1.9558	0.0000	0.0002	0.0001	0.0004	0.0000	0.0000	0.0000	0.0007	0.0034	0.0004	0.0000	4.0000	-0.2697	0.0000	3.0000	61.4372	1.0000	55.8589	0.9393	0.9393	0.0000	0.0010	0.0010	0.0000	0.9383	0.9383	0.0000	0.0001	0.0000	0.0000	0.0000	0.0000	0.0000	0.0001	0.0000	0.0000	0.6797	0.6024	0.0773	0.1298	0.1226	0.0071	0.5499	0.4797	0.0702	0.2136	0.1132	0.1004	0.0227	0.0196	0.0031	0.1909	0.0936	0.0973	5904.6020	17656.5482	0.0000	inf	inf	0.0000	6514.8577	18303.1498	0.0000	0.0002	0.0001	0.0004	0.0000	0.0000	0.0000	0.0003	0.0001	0.0004	
19	135	0.1094	8	0	1	0	1	0	0	0	0	N	N	N	N	N	N	N	N	N	N	N	N	inf	inf	inf	inf	5.2721	6.0273	0.0000	59.6273	62.8681	0.0000	0.0000	0.0000	0.0000	0.0000	0.0000	0.0000	0.0000	0.0000	0.0000	0.0000	0.0000	0.0000	0.0000	-0.5543	0.0000	3.0000	31.7621	1.0000	18.5886	1.9305	1.9305	0.0000	1.9305	1.9305	0.0000	0.0000	0.0000	0.0000	0.0000	0.0000	0.0000	0.0000	0.0000	0.0000	0.0000	0.0000	0.0000	0.3662	0.3203	0.0459	0.0324	0.0307	0.0017	0.3338	0.2896	0.0442	0.1103	0.0600	0.0503	0.0120	0.0104	0.0016	0.0983	0.0496	0.0487	inf	inf	0.0000	inf	inf	0.0000	0.0000	0.0000	0.0000	0.0000	0.0000	0.0000	0.0000	0.0000	0.0000	0.0000	0.0000	0.0000						
20	21	0.5764	10	1	2	0	1	0	0	0	0	N	Y	N	N	N	N	N	N	N	N	N	N	0.0000	0.0000	0.0000	0.0000	0.0000	0.0000	0.0000	0.0000	0.0000	0.0000	0.0000	0.0000	0.0000	0.0000	0.0000	0.0018	0.0000	0.0022	0.0000	0.0000	0.0000	0.0055	0.0000	0.0024	inf	0.0000	0.0000	9.0824	5.0072	4.8637	8.1033	0.0000	0.0000	0.0000	0.0000	0.0000	0.0000	0.0000	0.0000	0.0000	0.0001	0.0000	0.0001	0.0000	0.0000	0.0000	0.0001	0.0000	0.0001	0.2002	0.1797	0.0205	0.0733	0.0695	0.0037	0.1269	0.1102	0.0167	0.0980	0.0576	0.0404	0.0345	0.0312	0.0034	0.0635	0.0264	0.0370	0.0000	0.0000	0.0000	0.0000	0.0000	0.0000	0.0000	0.0000	0.0000	0.0009	0.0000	0.0022	0.0000	0.0000	0.0000	0.0014	0.0000	0.0024				
20	22	0.5450	10	0	2	0	1	0	0	0	0	N	Y	N	N	N	N	N	N	N	N	N	N	0.0000	0.0000	0.0000	0.0000	0.0000	0.0000	0.0000	0.0000	0.0000	0.0000	0.0000	0.0000	0.0000	0.0000	0.0000	0.0000	0.0008	0.0001	0.0011	0.0002	0.0002	0.0000	0.0020	0.0000	0.0012	6.9310	0.0000	0.0000	9.0824	17.0533	4.8637	10.0403	0.0000	0.0000	0.0000	0.0000	0.0000	0.0000	0.0000	0.0000	0.0000	0.0001	0.0000	0.0001	0.0000	0.0000	0.0000	0.0001	0.0000	0.0001	0.6553	0.5881	0.0672	0.2366	0.2237	0.0129	0.4187	0.3644	0.0543	0.1624	0.0966	0.0658	0.0500	0.0436	0.0064	0.1124	0.0530	0.0594	0.0000	0.0000	0.0000	0.0000	0.0000	0.0000	0.0000	0.0000	0.0000	0.0005	0.0001	0.0011	0.0002	0.0002	0.0000	0.0006	0.0000	0.0012			
20	23	0.8172	15	0	1	0	2	0	0	0	0	N	N	N	Y	N	N	N	N	N	N	N	N	0.0000	0.0000	0.0000	0.0000	0.0000	0.0000	0.0000	0.0000	0.0000	0.0000	0.0000	0.0000	0.0000	0.6207	0.8186	0.0000	0.8143	0.9111	0.0000	0.0000	0.0000	0.0000	0.0000	0.0000	-0.0006	9.0824	2.8591	4.8637	0.9679	0.0000	0.0000	0.0000	0.0000	0.0000	0.0000	0.0000	0.0000	0.0000	0.0010	0.0010	0.0000	0.0010	0.0010	0.0000	0.0000	0.0000	0.0000	0.1133	0.1025	0.0108	0.0542	0.0511	0.0031	0.0591	0.0515	0.0077	0.0177	0.0108	0.0069	0.0067	0.0057	0.0011	0.0110	0.0051	0.0059	0.0000	0.0000	0.0000	0.0000	0.0000	0.0000	0.0000	0.0000	0.0000	0.0576	0.0946	0.0000	0.1519	0.1802	0.0000	0.0000	0.0000	0.0000						
20	24	0.7910	14	0	1	0	2	0	0	0	0	N	N	N	Y	N	N	N	N	N	N	N	N	0.0001	0.0000	2.9150	0.0000	0.0000	0.0000	2.7340	1.2703	3.4986	0.0009	0.0009	0.0006	0.0008	0.0009	0.0000	0.0010	0.0010	0.0008	16.4476	26.8263	0.0002	41.9282	49.9180	0.0000	0.0003	0.0008	0.0002	0.0694	0.0000	-0.0000	-0.6247	9.0824	6.2936	4.8637	7.0245	0.0002	0.0002	0.0000	0.0001	0.0001	0.0000	0.0001	0.0001	0.0000	0.9943	0.9943	0.0000	0.9943	0.9943	0.0000	0.0000	0.0000	0.0000	0.2445	0.2207	0.0238	0.1151	0.1084	0.0067	0.1294	0.1123	0.0171	0.0605	0.0371	0.0234	0.0237	0.0199	0.0038	0.0367	0.0171	0.0196	0.0001	0.0000	2.9150	0.0000	0.0000	0.0000	7.4097	172.4980	3.4986	16.4476	26.8263	0.0002	41.9282	49.9180	0.0000	0.0001	0.0000	0.0002
20	25	0.6504	11	1	1	1	1	0	0	0	0	N	N	N	N	N	N	N	N	N	N	N	N	2058.0871	inf	0.6519	inf	inf	3365.4330	inf	0.0000	0.0003	0.0003	0.0000	0.0000	0.0000	0.0000	0.0007	0.0008	0.0000	0.0000	0.0000	0.0000	0.0000	0.0000	0.0000	0.0000	0.0000	0.0000	0.0001	inf	-0.0000	0.0000	9.0824	4.4994	4.8637	1.0731	0.0001	0.0001	0.0000	0.0000	0.0000	0.0000	0.0001	0.0001	0.0000	0.0000	0.0000	0.0000	0.0000	0.0000	0.0000	0.0000	0.0000	0.0000	0.2195	0.2004	0.0191	0.1129	0.1073	0.0056	0.1066	0.0931	0.0135	0.0317	0.0195	0.0122	0.0096	0.0084	0.0012	0.0221	0.0111	0.0110	2058.0871	inf	0.6519	inf	0.0000	inf	3365.4330	inf	0.0000	0.0000	0.0000	0.0000	0.0000	0.0000	0.0000	0.0000	0.0000	0.0000	
20	26	0.5380	9	0	2	0	1	0	0	0	0	N	Y	N	N	N	N	N	N	N	N	N	N	0.0000	0.0000	0.0000	0.0000	0.0000	0.0000	0.0000	0.0000	0.0000	0.0000	0.0000	0.0000	0.0000	0.0000	0.0000	0.0000	0.0000	0.0000	0.1122	0.2178	0.0141	0.0052	0.0056	0.0031	0.2310	0.8157	0.0118	0.3585	0.0000	-0.0006	9.0824	12.3098	4.8637	9.0087	0.0000	0.0000	0.0000	0.0000	0.0000	0.0000	0.0000	0.0000	0.0000	0.0017	0.0012	0.0004	0.0002	0.0002	0.0000	0.0014	0.0010	0.0004	0.5054	0.4543	0.0511	0.1857	0.1761	0.0097	0.3197	0.2783	0.0414	0.1422	0.0862	0.0559	0.0477	0.0413	0.0064	0.0945	0.0450	0.0495	0.0000	0.0000	0.0000	0.0000	0.0000	0.0000	0.0000	0.0000	0.0000	0.0117	0.0141	0.0078	0.0044	0.0046	0.0031	0.0153	0.0229	0.0084	
20	27	0.5148	8	0	2	0	1	0	0	0	0	N	Y	N	N	N	N	N	N	N	N	N	N	0.0000	0.0000	0.0000	0.0000	0.0000	0.0000	0.0000	0.0000	0.0000	0.0000	0.0000	0.0000	0.0000	0.0000	0.0000	0.0000	0.0000	0.0000	1.5986	2.4948	0.0011	5.1622	5.7444	0.0000	0.0021	0.0030	0.0012	0.0003	0.0000	-0.2684	9.0824	25.8727	4.8637	15.5187	0.0000	0.0000	0.0000	0.0000	0.0000	0.0000	0.0000	0.0000	0.0000	0.4273	0.4272	0.0001	0.4272	0.4272	0.0000	0.0001	0.0000	0.0001	1.0275	0.9252	0.1024	0.3754	0.3565	0.0189	0.6522	0.5687	0.0835	0.2794	0.1712	0.1082	0.0828	0.0744	0.0084	0.1967	0.0969	0.0998	0.0000	0.0000	0.0000	0.0000	0.0000	0.0000	0.0000	0.0000	0.0000	1.5292	2.4948	0.0011	5.1622	5.7444	0.0000	0.0006	0.0001	0.0012	
20	28	0.5672	10	1	2	0	1	0	0	0	0	N	Y	N	N	N	N	N	N	N	N	N	N	157.8172	1129.6902	0.0000	2044.4787	1872.7338	0.0000	0.0000	inf	0.0000	0.6648	0.7347	0.0000	1.6064	1.6879	0.0000	0.0000	0.0000	0.0000	0.0042	0.0007	0.0041	0.0008	0.0009	0.0000	0.0092	0.0000	0.0039	0.0000	5.5481	-0.2874	0.0001	9.0824	38.1974	4.8637	14.3032	1.0008	1.0008	0.0000	1.0008	1.0008	0.0000	0.0000	0.0000	0.0000	0.0005	0.0001	0.0004	0.0001	0.0001	0.0000	0.0004	0.0000	0.0004	1.5055	1.3622	0.1433	0.6230	0.5929	0.0301	0.8825	0.7693	0.1132	0.2751	0.1652	0.1099	0.0891	0.0777	0.0114	0.1860	0.0875	0.0985	399.0126	1733.9957	0.0000	2044.4787	1872.7338	0.0000	0.0000	inf	0.0000	0.0017	0.0004	0.0035	0.0008	0.0009	0.0000	0.0021	0.0000	0.0039
20	29	0.5449	10	0	2	0	1	0	0	0	0	N	Y	N	N	N	N	N	N	N	N	N	N	0.0000	0.0000	0.0000	0.0000	0.0000	0.0000	0.0000	0.0000	0.0000	0.0000	0.0000	0.0000	0.0000	0.0000	0.0003	0.0007	0.0000	0.0008	0.0009	0.0000	0.0000	0.0000	0.0000	0.0000	0.0000	-0.0000	9.0824	6.0056	4.8637	10.9350	0.0000	0.0000	0.0000	0.0000	0.0000	0.0000	0.0000	0.0000	0.0000	0.0000	0.0000	0.0000	0.0000	0.0000	0.0000	0.0000	0.0000	0.0000	0.2783	0.2510	0.0273	0.1159	0.1101	0.0058	0.1624	0.1409	0.0215	0.1109	0.0670	0.0438	0.0389	0.0333	0.0056	0.0719	0.0337	0.0382	0.0000	0.0000	0.0000	0.0000	0.0000	0.0000	0.0000	0.0000	0.0000	0.0003	0.0004	0.0000	0.0008	0.0009	0.0000	0.0000	0.0000	0.0000					
20	30	0.6050	10	1	2	0	1	0	0	0	0	N	Y	N	N	N	N	N	N	N	N	N	N	0.0837	0.0605	0.0000	0.0473	0.0455	0.0000	0.1891	0.1141	0.0000	0.3682	0.4029	0.0000	0.5171	0.5419	0.0000	0.2042	0.2348	0.0000	4.4007	6.6598	0.0409	10.9437	11.9184	0.0000	1.0796	2.0580	0.0414	0.0000	0.0015	-0.1236	-0.6350	9.0824	17.1852	4.8637	7.8386	0.4303	0.4303	0.0000	0.3168	0.3168	0.0000	0.1136	0.1136	0.0000	1.0130	1.0115	0.0015	0.9774	0.9774	0.0000	0.0356	0.0341	0.0015	1.1687	1.0681	0.1006	0.6126	0.5846	0.0280	0.5561	0.4836	0.0726	0.2302	0.1519	0.0783	0.0893	0.0820	0.0073	0.1409	0.0699	0.0710	0.0837	0.0605	0.0000	0.0473	0.0455	0.0000	0.8071	0.4812	0.0000	4.4007	6.6598	0.0197	10.9437	11.9184	0.0000	0.2530	0.4880	0.0217
20	31	0.4648	9	0	2	0	1	0	0	0	0	N	Y	N	N	N	N	N	N	N	N	N	N	5.3643	40.9025	0.0000	63.8543	57.4971	0.0000	0.0000	0.0050	0.0056	0.0000	0.0176	0.0185	0.0000	0.0000	0.0000	0.0000	0.0009	0.0001	0.0012	0.0003	0.0003	0.0000	0.0024	0.0000	0.0013	0.0000	6.1726	-0.0006	0.0000	9.0824	9.9927	4.8637	7.0404	0.0020	0.0020	0.0000	0.0020	0.0020	0.0000	0.0000	0.0000	0.0000	0.0001	0.0000	0.0001	0.0000	0.0000	0.0000	0.0001	0.0000	0.0001	0.4019	0.3591	0.0427	0.1140	0.1089	0.0051	0.2878	0.2502	0.0376	0.1265	0.0741	0.0524	0.0362	0.0312	0.0051	0.0902	0.0429	0.0473	8.8135	41.4472	0.0000	63.8543	57.4971	0.0000	0.0000	0.0000	0.0000	0.0006	0.0001	0.0012	0.0003	0.0003	0.0000	0.0007	0.0000	0.0013		
20	32	0.4567	8	0	2	0	1	0	0	0	0	N	Y	N	N	N	N	N	N	N	N	N	N	2.6724	0.0000	165.8426	0.0001	0.0000	0.0017	30418.7936	0.0000	166006.8442	0.0107	0.0000	0.1101	0.0000	0.0000	0.0000	0.0174	0.0000	0.1354	0.0040	0.0071	0.0007	0.0076	0.0074	0.0068	0.0000	0.0001	0.0000	inf	0.2087	0.0014	-0.0000	9.0824	3.8146	4.8637	0.9911	0.0020	0.0000	0.0020	0.0000	0.0000	0.0000	0.0020	0.0000	0.0020	0.0001	0.0000	0.0000	0.0001	0.0000	0.0000	0.0000	0.0000	0.0000	0.1874	0.1692	0.0183	0.0718	0.0684	0.0034	0.1156	0.1007	0.0148	0.0362	0.0212	0.0151	0.0102	0.0087	0.0015	0.0261	0.0124	0.0136	6.7032	0.0000	165.8426	0.0001	0.0000	0.0017	30418.7936	0.0000	166006.8442	0.0016	0.0023	0.0007	0.0057	0.0055	0.0068	0.0000	0.0000	0.0000
20	33	0.4567	8	0	2	0	1	0	0	0	0	N	Y	N	N	N	N	N	N	N	N	N	N	inf	inf	inf	inf	inf	inf	0.0054	0.0060	0.0000	0.0179	0.0188	0.0000	0.0001	0.0001	0.0000	0.0000	0.0000	0.0000	0.0000	0.0000	0.0000	0.0000	0.0000	0.0000	0.0000	-0.0015	0.0000	9.0824	24.4476	4.8637	5.0002	0.0052	0.0052	0.0000	0.0051	0.0051	0.0000	0.0000	0.0000	0.0000	0.0000	0.0000	0.0000	0.0000	0.0000	0.0000	0.0000	0.0000	0.0000	0.9669	0.8664	0.1005	0.2869	0.2736	0.0133	0.6800	0.5927	0.0872	0.2077	0.1213	0.0864	0.0577	0.0493	0.0085	0.1500	0.0721	0.0779	inf	inf	0.0000	inf	inf	0.0000	inf	inf	0.0000	0.0000	0.0000	0.0000	0.0000	0.0000	0.0000	0.0000	0.0000	0.0000				
20	34	0.6855	10	0	2	1	2	0	0	0	0	N	Y	N	Y	N	N	N	N	N	N	N	N	0.0000	0.0000	0.0000	0.0000	0.0000	0.0000	0.0000	0.0000	0.0000	0.0000	0.0000	0.0000	0.0000	0.0000	0.0000	0.0000	0.0000	0.0000	0.0000	0.0000	0.0000	0.0000	0.0000	0.0000	0.0000	1.6207	0.0000	-0.0000	9.0824	1.3124	4.8637	1.0060	0.0000	0.0000	0.0000	0.0000	0.0000	0.0000	0.0000	0.0000	0.0000	0.0000	0.0000	0.0000	0.0000	0.0000	0.0000	0.0000	0.0000	0.0000	0.0709	0.0656	0.0053	0.0415	0.0401	0.0014	0.0294	0.0256	0.0039	0.0136	0.0086	0.0050	0.0053	0.0047	0.0006	0.0083	0.0039	0.0044	0.0000	0.0000	0.0000	0.0000	0.0000	0.0000	0.0000	0.0000	0.0000	0.0000	0.0000	0.0000	0.0000	0.0000	0.0000	0.0000	0.0000	0.0000			
20	35	0.5542	9	0	1	0	2	0	0	0	0	N	N	N	Y	N	N	N	N	N	N	N	N	0.0001	0.0000	0.0003	0.0003	0.0003	0.0003	0.0000	0.0000	0.0000	0.0000	0.0000	0.0000	0.0000	0.0000	0.0000	0.0000	0.0000	0.0000	0.1342	0.2964	0.0068	0.0930	0.0971	0.0294	0.0043	0.0028	0.0020	0.0208	0.1636	-0.0000	-0.0025	9.0824	53.2438	4.8637	16.6757	0.0000	0.0000	0.0000	0.0000	0.0000	0.0000	0.0000	0.0000	0.0000	0.0051	0.0044	0.0007	0.0048	0.0044	0.0004	0.0003	0.0000	0.0003	2.0937	1.8958	0.1979	0.8457	0.8046	0.0411	1.2480	1.0912	0.1569	0.4020	0.2479	0.1541	0.1405	0.1240	0.0165	0.2615	0.1239	0.1376	0.0008	0.0006	0.0004	0.0007	0.0007	0.0004	0.0000	0.0000	0.0000	0.0127	0.0178	0.0047	0.0344	0.0354	0.0266	0.0011	0.0001	0.0020
20	36	0.5134	9	0	2	0	1	0	0	0	0	N	Y	N	N	N	N	N	N	N	N	N	N	0.0000	0.0000	0.0000	0.0000	0.0000	0.0000	0.0000	0.0000	0.0000	0.0000	0.0000	0.0000	0.0000	0.0000	0.0000	0.0000	0.0000	0.7984	1.0598	0.0013	1.5615	1.5952	0.0000	0.0028	0.0008	0.0014	0.0046	0.0000	-0.0141	9.0824	17.9460	4.8637	11.6991	0.0000	0.0000	0.0000	0.0000	0.0000	0.0000	0.0000	0.0000	0.0000	0.0227	0.0226	0.0001	0.0226	0.0226	0.0000	0.0001	0.0000	0.0001	0.7463	0.6686	0.0777	0.2716	0.2550	0.0166	0.4747	0.4137	0.0610	0.1977	0.1180	0.0796	0.0605	0.0543	0.0062	0.1372	0.0637	0.0734	0.0000	0.0000	0.0000	0.0000	0.0000	0.0000	0.0000	0.0000	0.0000	0.1148	0.1913	0.0013	0.3735	0.4161	0.0000	0.0008	0.0000	0.0014		
20	37	0.0376	2	1	2	0	1	0	0	0	0	N	Y	N	N	N	N	N	N	N	N	N	N	0.9406	0.2058	2682.2945	0.9148	0.9609	0.0000	inf	inf	0.0607	0.0695	0.0007	1.0365	1.0518	0.0000	0.0001	0.0000	0.0007	0.0645	0.3380	0.0000	1.1330	1.0946	0.0008	0.0000	0.0000	0.0000	0.0014	0.0000	-0.0014	-0.0001	9.0824	1.9903	4.8637	0.0021	0.0050	0.0050	0.0000	0.0050	0.0050	0.0000	0.0000	0.0000	0.0000	0.0002	0.0002	0.0000	0.0002	0.0002	0.0000	0.0000	0.0000	0.0000	0.0831	0.0724	0.0107	0.0049	0.0048	0.0001	0.0782	0.0676	0.0106	0.0202	0.0096	0.0105	0.0008	0.0008	0.0000	0.0194	0.0088	0.0105	6.4417	3.5275	2682.2945	4.4145	4.4667	0.0000	inf	0.0000	inf	0.0094	0.0197	0.0000	0.2348	0.2355	0.0008	0.0000	0.0000	0.0000	
20	38	0.5542	9	0	2	0	2	0	0	0	0	N	Y	N	Y	N	N	N	N	N	N	N	N	0.0003	0.0004	0.0000	0.0024	0.0026	0.0000	0.0000	0.0000	0.0000	0.0001	0.0001	0.0000	0.0003	0.0003	0.0000	0.0000	0.0000	0.0000	0.3681	0.3345	0.0916	0.1090	0.1064	0.0339	0.2861	0.0002	0.0801	0.0000	1.0892	-0.0001	-0.0010	9.0824	45.5232	4.8637	15.8903	0.0002	0.0002	0.0000	0.0002	0.0002	0.0000	0.0000	0.0000	0.0000	0.0092	0.0044	0.0048	0.0048	0.0044	0.0004	0.0043	0.0000	0.0043	1.8559	1.6806	0.1753	0.7614	0.7246	0.0368	1.0945	0.9560	0.1386	0.3653	0.2257	0.1395	0.1291	0.1142	0.0149	0.2362	0.1116	0.1246	0.0043	0.0061	0.0000	0.0070	0.0072	0.0000	0.0000	0.0042	0.0000	0.0251	0.0194	0.0343	0.0374	0.0384	0.0295	0.0184	0.0000	0.0348
20	39	0.5271	8	0	1	0	2	0	0	0	0	N	N	N	Y	N	N	N	N	N	N	N	N	0.0001	0.0001	0.0111	0.0000	0.0000	0.0000	0.0004	0.0001	0.0135	0.0001	0.0001	0.0005	0.0000	0.0000	0.0000	0.0002	0.0002	0.0006	1.0999	1.4804	0.0448	2.5982	2.7132	0.0054	0.6883	1.3777	0.0461	0.4949	0.0164	0.0000	-0.0413	9.0824	13.8166	4.8637	4.5847	0.0001	0.0001	0.0000	0.0000	0.0000	0.0000	0.0001	0.0001	0.0000	0.0674	0.0663	0.0011	0.0626	0.0626	0.0000	0.0048	0.0038	0.0011	0.6213	0.5610	0.0603	0.2522	0.2401	0.0120	0.3691	0.3209	0.0483	0.1343	0.0841	0.0502	0.0512	0.0451	0.0061	0.0831	0.0390	0.0440	0.0003	0.0001	0.0229	0.0000	0.0000	0.0000	0.0042	0.0019	0.0259	0.5022	0.7887	0.0217	1.2223	1.3874	0.0054	0.0581	0.0966	0.0239
20	40	0.6889	12	0	1	1	1	0	0	0	0	N	N	N	N	N	N	N	N	N	N	N	N	1130.3009	1527625.7696	0.0007	0.5724	150.7566	0.0013	828.0484	inf	0.0000	1.7608	1.9413	0.0000	0.0003	0.0004	0.0000	3.0096	3.4539	0.0000	0.0016	0.0000	0.0023	0.0006	0.0000	0.0064	0.0036	0.0000	0.0018	0.0000	975.8390	-0.2849	0.0000	9.0824	12.6411	4.8637	7.4648	0.9922	0.9922	0.0000	0.0001	0.0001	0.0000	0.9921	0.9921	0.0000	0.0001	0.0000	0.0001	0.0000	0.0000	0.0000	0.0001	0.0000	0.0001	0.5635	0.5111	0.0524	0.2338	0.2239	0.0100	0.3296	0.2872	0.0424	0.1346	0.0875	0.0471	0.0520	0.0471	0.0048	0.0827	0.0404	0.0423	2182.6007	1527625.7696	0.0007	0.5724	150.7566	0.0013	3203.8056	inf	0.0000	0.0008	0.0000	0.0023	0.0006	0.0000	0.0064	0.0009	0.0000	0.0018
20	41	0.1448	6	0	2	0	1	0	0	0	0	N	Y	N	N	N	N	N	N	N	N	N	N	50.7647	14.9478	0.1623	0.0101	0.0096	0.0238	2122.7021	121.7649	0.1746	0.5589	0.6275	0.0000	0.0008	0.0008	0.0000	0.7992	0.9113	0.0000	0.0110	0.0420	0.0000	0.0765	0.0872	0.0000	0.0004	0.0075	0.0000	0.0000	0.0004	-0.1824	-0.0005	9.0824	22.0894	4.8637	9.3639	0.6352	0.6352	0.0000	0.0003	0.0003	0.0000	0.6349	0.6349	0.0000	0.0009	0.0009	0.0000	0.0008	0.0008	0.0000	0.0000	0.0000	0.0000	1.1365	1.0123	0.1243	0.3421	0.3155	0.0266	0.7944	0.6967	0.0977	0.2441	0.1249	0.1191	0.0272	0.0246	0.0026	0.2168	0.1003	0.1165	158.5954	91.1763	0.1623	0.0253	0.0248	0.0238	5732.2112	3047.4552	0.1746	0.0035	0.0069	0.0000	0.0305	0.0337	0.0000	0.0001	0.0003	0.0000
20	42	0.5271	8	0	2	0	1	0	0	0	0	N	Y	N	N	N	N	N	N	N	N	N	N	0.5044	0.4173	0.0000	0.6728	0.6868	0.0000	0.0000	0.0000	0.0000	0.4388	0.4863	0.0000	1.1838	1.2451	0.0000	0.0000	0.0000	0.0000	0.8700	1.1655	0.0076	1.7597	1.8129	0.0013	0.0148	0.0010	0.0069	0.0000	0.0120	-0.2087	-0.0362	9.0824	43.3975	4.8637	17.3745	0.7267	0.7267	0.0000	0.7267	0.7267	0.0000	0.0000	0.0000	0.0000	0.0587	0.0580	0.0007	0.0581	0.0580	0.0000	0.0007	0.0000	0.0007	1.6563	1.4943	0.1620	0.6139	0.5837	0.0302	1.0424	0.9106	0.1317	0.3554	0.2186	0.1368	0.1213	0.1063	0.0150	0.2341	0.1122	0.1219	2.6552	1.8315	0.0000	2.4732	2.2810	0.0000	0.0000	0.0000	0.0000	0.1653	0.2655	0.0051	0.4787	0.5459	0.0013	0.0029	0.0000	0.0055
20	43	0.2296	7	1	1	1	1	0	0	0	0	N	N	N	N	N	N	N	N	N	N	N	N	0.7594	117.6502	0.0000	136.3364	121.1563	0.0000	0.0298	0.0000	0.0058	0.0065	0.0000	0.0223	0.0232	0.0000	0.0000	0.0000	0.0000	0.0076	0.0001	0.0095	0.0002	0.0002	0.0000	0.0174	0.0000	0.0082	0.0000	95.3997	-0.0014	0.0002	9.0824	18.2331	4.8637	4.4208	0.0049	0.0049	0.0000	0.0049	0.0049	0.0000	0.0000	0.0000	0.0000	0.0005	0.0000	0.0005	0.0000	0.0000	0.0000	0.0005	0.0000	0.0005	0.8490	0.7617	0.0873	0.2206	0.2126	0.0080	0.6285	0.5491	0.0793	0.1871	0.1014	0.0857	0.0326	0.0280	0.0047	0.1545	0.0735	0.0810	2.1058	122.6240	0.0000	136.3364	121.1563	0.0000	0.0001	11.2374	0.0000	0.0028	0.0001	0.0060	0.0002	0.0002	0.0000	0.0033	0.0000	0.0063	
20	44	0.1348	5	0	2	0	2	0	0	0	0	N	Y	N	Y	N	N	N	N	N	N	N	N	311.0064	129.9172	0.1664	91.1339	76.1537	0.1028	770.7658	42.1113	0.1290	1.1300	1.2593	0.0000	1.7822	1.8417	0.0000	0.9548	1.0869	0.0000	0.0036	0.0097	0.0000	0.0196	0.0242	0.0000	0.0012	0.0258	0.0000	0.0000	0.0001	-0.8618	-0.0006	9.0824	62.5878	4.8637	29.9840	3.0013	3.0013	0.0000	1.0024	1.0024	0.0000	1.9989	1.9989	0.0000	0.0010	0.0010	0.0000	0.0008	0.0008	0.0000	0.0003	0.0002	0.0000	2.6561	2.3834	0.2727	0.5625	0.5443	0.0182	2.0936	1.8391	0.2545	0.6891	0.3579	0.3312	0.0670	0.0588	0.0082	0.6221	0.2991	0.3230	756.0825	437.6479	0.1664	153.1626	138.8238	0.1028	2375.1495	1300.5066	0.1290	0.0015	0.0029	0.0000	0.0116	0.0133	0.0000	0.0004	0.0008	0.0000
20	45	0.2296	7	1	1	1	1	0	0	0	0	N	N	N	N	N	N	N	N	N	N	N	N	0.6247	inf	0.0000	46.2205	inf	0.0000	0.0000	inf	0.0000	0.0074	0.0082	0.0000	0.0273	0.0283	0.0000	0.0000	0.0000	0.0000	0.0118	0.0000	0.0147	0.0006	0.0000	0.0042	0.0272	0.0000	0.0118	0.0000	inf	-0.0014	0.0002	9.0824	13.5293	4.8637	3.1702	0.0048	0.0048	0.0000	0.0048	0.0048	0.0000	0.0000	0.0000	0.0000	0.0005	0.0000	0.0005	0.0000	0.0000	0.0000	0.0005	0.0000	0.0005	0.6545	0.5879	0.0666	0.1771	0.1707	0.0063	0.4774	0.4172	0.0603	0.1415	0.0771	0.0645	0.0253	0.0218	0.0035	0.1162	0.0553	0.0609	1.9892	inf	0.0000	46.2205	inf	0.0000	0.0001	inf	0.0000	0.0037	0.0000	0.0081	0.0006	0.0000	0.0042	0.0044	0.0000	0.0084
20	46	0.2251	6	1	1	1	1	0	0	0	0	N	N	N	N	N	N	N	N	N	N	N	N	0.0022	0.0049	0.0006	0.0258	0.0228	1.2193	0.0001	0.0686	0.0000	0.0013	0.0014	0.0004	0.0035	0.0035	0.0038	0.0001	0.0001	0.0000	0.5841	0.2746	0.6484	0.1362	0.1539	0.0031	0.6715	0.0010	0.5572	0.0287	4.4290	-0.0001	0.0005	9.0824	4.1147	4.8637	1.2946	0.0003	0.0003	0.0000	0.0003	0.0003	0.0000	0.0000	0.0000	0.0000	0.0028	0.0005	0.0023	0.0005	0.0005	0.0000	0.0023	0.0000	0.0023	0.2736	0.2495	0.0242	0.0961	0.0936	0.0026	0.1775	0.1559	0.0216	0.0551	0.0318	0.0234	0.0125	0.0112	0.0012	0.0427	0.0205	0.0222	0.0247	0.0823	0.0040	0.0831	0.0753	1.2193	0.0011	7.3123	0.0000	0.0516	0.0165	0.0991	0.0423	0.0466	0.0031	0.0543	0.0000	0.1045
20	47	0.1625	5	1	1	0	1	0	0	0	0	N	N	N	N	N	N	N	N	N	N	N	N	0.0105	0.1102	0.0000	0.0800	0.0717	0.0837	0.0096	0.0544	0.0000	0.0215	0.0241	0.0000	0.0034	0.0035	0.0001	0.0264	0.0303	0.0000	2.0415	0.2186	9.0584	0.0428	0.0491	0.0012	2.7387	0.5570	10.1038	0.0000	247.9485	-0.0066	0.3217	9.0824	22.0103	4.8637	13.6452	0.0231	0.0231	0.0000	0.0008	0.0008	0.0000	0.0223	0.0223	0.0000	0.8751	0.0035	0.8715	0.0022	0.0022	0.0000	0.8728	0.0013	0.8715	1.0743	0.9600	0.1142	0.2291	0.2227	0.0063	0.8452	0.7373	0.1079	0.4286	0.2484	0.1802	0.1099	0.1010	0.0089	0.3187	0.1474	0.1713	0.0105	1.7019	0.0000	0.1686	0.1599	0.0837	0.0096	3.4593	0.0000	2.0415	0.0141	4.8363	0.0203	0.0220	0.0012	2.7387	0.0088	5.0885
20	48	0.6889	12	0	2	0	1	0	0	0	0	N	Y	N	N	N	N	N	N	N	N	N	N	2.8314	2148.5692	0.0000	19.1632	2672.6417	0.0000	0.0000	0.0000	0.0053	0.0059	0.0000	0.0128	0.0134	0.0000	0.0000	0.0000	0.0000	0.0019	0.0000	0.0027	0.0007	0.0000	0.0076	0.0043	0.0000	0.0022	0.0000	521.5693	-0.0009	0.0000	9.0824	12.3962	4.8637	3.7178	0.0030	0.0030	0.0000	0.0030	0.0030	0.0000	0.0000	0.0000	0.0000	0.0001	0.0000	0.0001	0.0000	0.0000	0.0000	0.0001	0.0000	0.0001	0.5602	0.5081	0.0521	0.2325	0.2226	0.0099	0.3277	0.2855	0.0422	0.1155	0.0757	0.0398	0.0452	0.0413	0.0040	0.0703	0.0345	0.0358	5.6893	2148.5692	0.0000	19.1632	2672.6417	0.0000	0.0000	0.0000	0.0000	0.0009	0.0000	0.0027	0.0007	0.0000	0.0076	0.0011	0.0000	0.0022	
20	49	0.6600	11	0	1	0	1	0	0	0	0	N	N	N	N	N	N	N	N	N	N	N	N	0.4297	1.2569	0.0665	0.0595	0.0869	0.0000	0.4472	915.1522	0.1169	0.0045	0.0049	0.0008	0.0002	0.0002	0.0000	0.0079	0.0089	0.0010	0.0105	0.0039	0.0113	0.0036	0.0026	0.0109	0.0177	0.0000	0.0082	0.0154	2.6470	-0.0009	0.0001	9.0824	14.4870	4.8637	5.8627	0.0033	0.0032	0.0000	0.0001	0.0001	0.0000	0.0032	0.0032	0.0000	0.0005	0.0001	0.0004	0.0002	0.0001	0.0001	0.0003	0.0000	0.0003	0.7313	0.6652	0.0660	0.3244	0.3101	0.0143	0.4068	0.3551	0.0517	0.1510	0.0968	0.0542	0.0608	0.0544	0.0064	0.0901	0.0423	0.0478	1.3176	3.3340	0.1094	0.0620	0.0869	0.0000	2.3467	373059.8635	0.1515	0.0034	0.0015	0.0069	0.0035	0.0026	0.0109	0.0034	0.0000	0.0063
20	50	0.6562	12	1	2	1	1	0	0	0	0	N	Y	N	N	N	N	N	N	N	N	N	N	0.0000	0.0000	0.0000	0.0000	0.0000	0.0000	0.0000	0.0000	0.0000	0.0000	0.0000	0.0000	0.0000	0.0000	0.0000	0.0000	0.0000	0.0000	0.0000	0.0000	9.0824	0.9856	4.8637	2.8295	0.0000	0.0000	0.0000	0.0000	0.0000	0.0000	0.0000	0.0000	0.0000	0.0000	0.0000	0.0000	0.0000	0.0000	0.0000	0.0000	0.0000	0.0000	0.0399	0.0361	0.0038	0.0176	0.0167	0.0009	0.0223	0.0194	0.0029	0.0206	0.0125	0.0081	0.0062	0.0053	0.0008	0.0144	0.0072	0.0073	0.0000	0.0000	0.0000	0.0000	0.0000	0.0000	0.0000	0.0000	0.0000	0.0000	0.0000	0.0000	0.0000	0.0000	0.0000	0.0000	0.0000	0.0000											
20	51	0.0557	2	1	2	0	1	0	0	0	0	N	Y	N	N	N	N	N	N	N	N	N	N	4.6257	2.9559	3.6067	0.0091	0.0093	1.3976	167147.9999	6849.4277	3.6625	1.4061	1.5713	0.0000	0.0049	0.0050	0.0000	1.7280	1.9776	0.0000	0.3040	0.5316	0.0000	0.5423	0.5384	0.0000	0.0000	0.0003	0.0000	0.0000	0.0003	-0.2872	-0.0039	9.0824	13.3057	4.8637	8.6321	1.0004	1.0004	0.0000	0.0007	0.0007	0.0000	0.9997	0.9997	0.0000	0.0063	0.0063	0.0000	0.0063	0.0063	0.0000	0.0000	0.0000	0.0000	0.7115	0.6366	0.0748	0.1329	0.1311	0.0018	0.5786	0.5055	0.0730	0.3069	0.1626	0.1443	0.0615	0.0607	0.0008	0.2454	0.1019	0.1435	69.0123	40.8789	3.6067	0.0484	0.0485	1.3976	217135.5841	1858800.4541	3.6625	0.0204	0.0384	0.0000	0.1017	0.1029	0.0000	0.0000	0.0000	0.0000
20	52	0.7910	14	0	2	0	2	0	0	0	0	N	Y	N	Y	N	N	N	N	N	N	N	N	0.0024	914.2573	0.0005	0.0338	528.6970	0.0000	0.0021	16.8397	0.0006	0.0025	0.0026	0.0017	0.0023	0.0024	0.0000	0.0027	0.0027	0.0023	1.0521	0.0000	3.6946	0.0675	0.0000	0.5910	1.3085	0.0002	3.9263	0.0694	230890.2222	-0.0000	0.0018	9.0824	2.1073	4.8637	0.0711	0.0002	0.0002	0.0000	0.0001	0.0001	0.0000	0.0001	0.0001	0.0000	0.0048	0.0000	0.0048	0.0001	0.0000	0.0001	0.0046	0.0000	0.0046	0.0875	0.0790	0.0085	0.0415	0.0392	0.0023	0.0460	0.0399	0.0062	0.0118	0.0073	0.0044	0.0048	0.0042	0.0007	0.0069	0.0032	0.0037	0.0061	914.2573	0.0015	0.0787	528.6970	0.0000	0.0040	5119.2311	0.0019	0.4067	0.0000	1.0818	0.0290	0.0000	0.2088	0.6708	0.0000	1.2381
20	53	0.7286	13	0	1	0	2	0	0	0	0	N	N	N	Y	N	N	N	N	N	N	N	N	4.1228	2.8235	345.4641	2.4589	2.2413	0.0000	109.7878	7650.2546	521.9147	2.1115	1.8997	4.5170	1.3844	1.4497	0.0000	2.9004	2.4294	6.3599	0.5121	0.6728	0.0131	0.5630	0.6468	0.0014	0.0264	0.0003	0.0122	0.2094	0.0766	-0.2330	-0.0029	9.0824	21.8329	4.8637	8.0592	2.0438	1.6900	0.3538	0.6973	0.6973	0.0000	1.3464	0.9926	0.3538	0.0052	0.0048	0.0004	0.0048	0.0048	0.0000	0.0004	0.0000	0.0004	0.9679	0.8896	0.0783	0.5037	0.4810	0.0227	0.4642	0.4086	0.0556	0.1277	0.0791	0.0486	0.0458	0.0386	0.0072	0.0820	0.0406	0.0414	52.1111	31.2683	596.3144	13.1470	11.6326	0.0000	663.7237	1902355.1533	735.5779	0.0405	0.0608	0.0076	0.1053	0.1246	0.0014	0.0044	0.0000	0.0086
20	54	0.2272	8	0	2	0	2	0	0	0	0	N	Y	N	Y	N	N	N	N	N	N	N	N	0.0000	0.0000	0.0000	0.0000	0.0000	0.0000	0.0000	0.0000	0.0000	0.0000	0.0000	0.0000	0.0000	0.0000	0.0000	0.0000	0.0000	0.0000	0.0000	0.0000	9.0824	0.0000	4.8637	0.0000	0.0000	0.0000	0.0000	0.0000	0.0000	0.0000	0.0000	0.0000	0.0000	0.0000	0.0000	0.0000	0.0000	0.0000	0.0000	0.0000	0.0000	0.0000	0.0000	0.0000	0.0000	0.0000	0.0000	0.0000	0.0000	0.0000	0.0000	0.0000	0.0000	0.0000	0.0000	0.0000	0.0000	0.0000	0.0000	0.0000	0.0000	0.0000	0.0000	0.0000	0.0000	0.0000	0.0000	0.0000	0.0000	0.0000	0.0000	0.0000	0.0000	0.0000	0.0000	0.0000	0.0000	0.0000											
20	55	0.7286	13	0	1	0	2	0	0	0	0	N	N	N	Y	N	N	N	N	N	N	N	N	0.5934	inf	0.0000	159.2314	inf	0.0000	0.0033	inf	0.0000	0.3065	0.3252	0.0000	0.4439	0.4579	0.0000	0.0024	0.0028	0.0000	0.5165	0.0000	0.8869	0.0028	0.0000	0.0272	0.7438	0.0000	0.9158	0.0000	inf	-0.0093	0.0001	9.0824	1.2825	4.8637	0.1503	0.0324	0.0324	0.0000	0.0323	0.0323	0.0000	0.0001	0.0001	0.0000	0.0004	0.0000	0.0004	0.0000	0.0000	0.0000	0.0004	0.0000	0.0004	0.1058	0.0997	0.0061	0.0728	0.0706	0.0022	0.0329	0.0291	0.0039	0.0089	0.0058	0.0030	0.0036	0.0032	0.0004	0.0053	0.0026	0.0027	7.3412	inf	0.0000	159.2314	inf	0.0000	0.0355	inf	0.0000	0.0418	0.0000	0.1215	0.0028	0.0000	0.0255	0.0684	0.0000	0.1358
20	56	0.6876	12	0	1	0	2	0	0	0	0	N	N	N	Y	N	N	N	N	N	N	N	N	1.4411	77.1405	0.0004	2.8768	15.9244	0.0000	2.1946	4583.5090	0.0005	1.0521	1.1462	0.0007	0.1601	0.1672	0.0000	2.0658	2.3672	0.0010	0.7300	0.0149	1.8776	0.0556	0.0105	0.3271	0.9413	0.0005	1.8921	0.0001	33.7893	-0.2445	0.0044	9.0824	14.8542	4.8637	6.8183	0.8517	0.8516	0.0000	0.0689	0.0689	0.0000	0.7828	0.7827	0.0000	0.0127	0.0004	0.0124	0.0015	0.0004	0.0011	0.0113	0.0000	0.0113	0.8095	0.7430	0.0665	0.4306	0.4124	0.0183	0.3789	0.3306	0.0483	0.1420	0.0938	0.0483	0.0594	0.0517	0.0077	0.0827	0.0421	0.0405	11.7376	293.7125	0.0028	6.4851	23.6050	0.0001	15.1572	884506.8136	0.0036	0.0896	0.0039	0.2562	0.0247	0.0071	0.1425	0.1363	0.0000	0.2778
20	57	0.6127	11	0	1	0	2	0	0	0	0	N	N	N	Y	N	N	N	N	N	N	N	N	0.1600	1.4729	0.0002	2.6290	7.2156	0.0000	0.0336	0.3448	0.0002	0.6595	0.7232	0.0030	1.1826	1.2454	0.0000	0.2118	0.2404	0.0040	4.1229	0.4910	16.9611	0.4498	0.1726	1.2183	6.2959	0.6972	21.2158	0.0004	209.5725	-0.3014	0.3610	9.0824	33.5853	4.8637	9.3450	1.0511	1.0507	0.0004	0.8692	0.8692	0.0000	0.1819	0.1815	0.0004	0.9840	0.0047	0.9793	0.0073	0.0036	0.0037	0.9767	0.0011	0.9757	1.5938	1.4529	0.1409	0.7350	0.6979	0.0371	0.8588	0.7550	0.1038	0.2387	0.1465	0.0922	0.0835	0.0725	0.0111	0.1551	0.0740	0.0811	0.1600	22.6690	0.0003	13.6019	25.1677	0.0000	0.0336	16.3718	0.0003	4.1229	0.0319	10.6240	0.0869	0.0495	0.3325	6.2959	0.0147	12.0264
20	58	0.5919	10	0	1	0	1	0	0	0	0	N	N	N	N	N	N	N	N	N	N	N	N	1.0288	0.9917	0.0017	1.6316	1.6193	0.0000	0.3646	0.2974	0.0022	0.9074	0.9987	0.0026	1.6133	1.6897	0.0000	0.3620	0.4145	0.0033	0.8820	1.0071	1.5254	0.9887	1.0435	0.0366	0.9931	1.3936	1.5159	0.0003	0.8007	-0.2081	-0.0038	9.0824	15.2419	4.8637	2.5705	0.7253	0.7251	0.0002	0.5621	0.5621	0.0000	0.1632	0.1631	0.0002	0.0204	0.0114	0.0091	0.0081	0.0080	0.0001	0.0123	0.0034	0.0090	0.7993	0.7260	0.0733	0.3484	0.3326	0.0158	0.4509	0.3934	0.0575	0.1168	0.0707	0.0461	0.0411	0.0366	0.0045	0.0757	0.0341	0.0416	5.1819	6.2148	0.0132	8.1666	7.7498	0.0000	2.2221	4.1833	0.0155	0.1751	0.1607	0.1972	0.1975	0.2180	0.0308	0.1629	0.0991	0.2152
20	59	0.2272	8	0	1	0	2	0	0	0	0	N	N	N	Y	N	N	N	N	N	N	N	N	0.0000	0.0000	0.0000	0.0000	0.0000	0.0000	0.0000	0.0000	0.0000	0.0000	0.0000	0.0000	0.0000	0.0000	0.0000	0.0000	0.0000	0.0000	-0.0000	0.0000	9.0824	0.0000	4.8637	0.0000	0.0000	0.0000	0.0000	0.0000	0.0000	0.0000	0.0000	0.0000	0.0000	0.0000	0.0000	0.0000	0.0000	0.0000	0.0000	0.0000	0.0000	0.0000	0.0000	0.0000	0.0000	0.0000	0.0000	0.0000	0.0000	0.0000	0.0000	0.0000	0.0000	0.0000	0.0000	0.0000	0.0000	0.0000	0.0000	0.0000	0.0000	0.0000	0.0000	0.0000	0.0000	0.0000	0.0000	0.0000	0.0000	0.0000	0.0000	0.0000	0.0000	0.0000	0.0000	0.0000	0.0000	0.0000											
20	60	0.1498	7	0	1	0	2	0	0	0	0	N	N	N	Y	N	N	N	N	N	N	N	N	11.0292	3.6424	0.0000	5.5444	4.9390	0.0000	0.0000	0.0987	0.1105	0.0000	0.3306	0.3601	0.0000	0.0000	0.0000	0.0000	0.0089	0.0303	0.0000	0.0596	0.0729	0.0000	0.0004	0.0089	0.0000	0.0000	0.0000	-0.0264	-0.0004	9.0824	19.3360	4.8637	7.9957	0.0919	0.0919	0.0000	0.0919	0.0919	0.0000	0.0000	0.0000	0.0000	0.0006	0.0006	0.0000	0.0006	0.0006	0.0000	0.0000	0.0000	0.0000	0.9318	0.8317	0.1001	0.2781	0.2553	0.0228	0.6537	0.5764	0.0773	0.2033	0.1044	0.0989	0.0221	0.0192	0.0030	0.1812	0.0852	0.0960	32.3538	18.6094	0.0000	12.3989	11.6914	0.0000	0.0000	0.0000	0.0000	0.0030	0.0059	0.0000	0.0267	0.0308	0.0000	0.0002	0.0004	0.0000		
20	61	0.4705	9	0	2	1	1	0	0	0	0	N	Y	N	N	N	N	N	N	N	N	N	N	0.0009	0.0000	0.0144	0.0011	0.0000	23.3642	0.0000	0.0000	0.0000	0.0000	0.0000	0.0000	0.0000	0.0000	0.0000	0.0000	0.0000	0.0002	0.0003	0.0001	0.0006	0.0007	0.0000	0.0002	0.0000	0.0002	inf	0.3334	0.0000	-0.0000	9.0824	14.2360	4.8637	11.9336	0.0000	0.0000	0.0000	0.0000	0.0000	0.0000	0.0000	0.0000	0.0000	0.0000	0.0000	0.0000	0.0000	0.0000	0.0000	0.0000	0.0000	0.0000	0.5778	0.5170	0.0608	0.1790	0.1711	0.0078	0.3988	0.3458	0.0529	0.1797	0.1057	0.0740	0.0495	0.0419	0.0076	0.1302	0.0638	0.0664	0.0009	0.0000	0.0144	0.0011	0.0000	23.3642	0.0000	0.0000	0.0000	0.0002	0.0003	0.0001	0.0006	0.0007	0.0000	0.0001	0.0000	0.0002	
20	62	0.5791	11	1	1	1	1	0	0	0	0	N	N	N	N	N	N	N	N	N	N	N	N	0.3057	0.0000	2.9337	3.2427	0.0000	inf	0.0000	0.0000	0.0000	0.0014	0.0000	0.0141	0.0033	0.0000	0.0587	0.0000	0.0000	0.0000	0.0046	0.0010	0.0048	0.0010	0.0012	0.0000	0.0100	0.0002	0.0044	inf	4.2534	0.0011	0.0001	9.0824	28.8660	4.8637	13.2209	0.0015	0.0000	0.0015	0.0015	0.0000	0.0015	0.0000	0.0000	0.0000	0.0004	0.0001	0.0003	0.0001	0.0001	0.0000	0.0003	0.0000	0.0003	1.1006	0.9907	0.1099	0.4682	0.4419	0.0263	0.6324	0.5488	0.0836	0.2299	0.1408	0.0891	0.0776	0.0682	0.0094	0.1523	0.0726	0.0797	0.7772	0.0000	3.7257	3.2427	0.0000	inf	0.0000	0.0000	0.0000	0.0018	0.0006	0.0038	0.0010	0.0012	0.0000	0.0022	0.0000	0.0042
20	63	0.5764	10	1	2	0	1	0	0	0	0	N	Y	N	N	N	N	N	N	N	N	N	N	0.0000	0.0000	0.0000	0.0000	0.0000	0.0000	0.0000	0.0000	0.0000	0.0000	0.0000	0.0000	0.0000	0.0000	0.0000	0.0000	0.0000	0.0000	0.0269	0.1035	0.0019	0.0310	0.0372	0.0000	0.0049	0.0001	0.0021	0.1396	0.0000	-0.0003	9.0824	5.0237	4.8637	8.0282	0.0000	0.0000	0.0000	0.0000	0.0000	0.0000	0.0000	0.0000	0.0000	0.0006	0.0006	0.0001	0.0006	0.0006	0.0000	0.0001	0.0000	0.0001	0.2008	0.1803	0.0205	0.0735	0.0698	0.0038	0.1273	0.1105	0.0168	0.0977	0.0574	0.0403	0.0344	0.0311	0.0033	0.0633	0.0263	0.0369	0.0000	0.0000	0.0000	0.0000	0.0000	0.0000	0.0000	0.0000	0.0000	0.0065	0.0098	0.0019	0.0163	0.0180	0.0000	0.0012	0.0000	0.0021	
20	64	0.5134	9	1	2	0	1	0	0	0	0	N	Y	N	N	N	N	N	N	N	N	N	N	0.0000	0.0000	0.0000	0.0000	0.0000	0.0000	0.0000	0.0000	0.0000	0.0000	0.0000	0.0000	0.0000	0.0000	0.0000	0.0000	0.0000	0.0000	0.7542	1.0133	0.0017	1.4035	1.4790	0.0002	0.0229	0.4389	0.0019	0.0071	0.0000	-0.0144	9.0824	17.5893	4.8637	19.0270	0.0000	0.0000	0.0000	0.0000	0.0000	0.0000	0.0000	0.0000	0.0000	0.0232	0.0231	0.0002	0.0226	0.0226	0.0000	0.0007	0.0005	0.0002	0.7331	0.6568	0.0764	0.2672	0.2508	0.0164	0.4659	0.4060	0.0599	0.2352	0.1405	0.0946	0.0708	0.0632	0.0076	0.1644	0.0773	0.0871	0.0000	0.0000	0.0000	0.0000	0.0000	0.0000	0.0000	0.0000	0.0000	0.0988	0.1642	0.0017	0.3192	0.3573	0.0002	0.0040	0.0063	0.0019	
20	65	0.5071	8	0	2	0	1	0	0	0	0	N	Y	N	N	N	N	N	N	N	N	N	N	0.0001	0.0001	0.0000	0.0001	0.0001	0.0000	0.0000	0.0000	0.0000	0.0010	0.0011	0.0000	0.0026	0.0027	0.0000	0.0000	0.0000	0.0000	7.9493	11.8095	0.0558	20.0065	21.1052	0.2915	1.2233	2.1981	0.0327	0.0000	0.0010	-0.0000	-0.2587	9.0824	1.7566	4.8637	2.8742	0.0001	0.0001	0.0000	0.0001	0.0001	0.0000	0.0000	0.0000	0.0000	0.4123	0.4119	0.0004	0.3989	0.3987	0.0001	0.0135	0.0132	0.0003	0.0838	0.0756	0.0082	0.0313	0.0299	0.0014	0.0525	0.0457	0.0068	0.0519	0.0349	0.0170	0.0199	0.0189	0.0010	0.0319	0.0160	0.0159	0.0001	0.0001	0.0000	0.0001	0.0001	0.0000	0.0000	0.0000	0.0000	7.9493	11.8095	0.0243	20.0065	21.1052	0.1326	0.4213	0.8243	0.0172
20	66	0.4705	9	0	2	0	1	0	0	0	0	N	Y	N	N	N	N	N	N	N	N	N	N	0.3374	0.1890	0.0000	0.3020	0.2672	0.0000	0.0000	0.0000	0.0001	0.0000	0.0002	0.0002	0.0000	0.0000	0.0000	0.0000	0.0001	0.0003	0.0000	0.0005	0.0006	0.0000	0.0000	0.0000	0.0000	0.0000	0.0009	-0.0000	-0.0000	9.0824	21.1811	4.8637	10.1862	0.0000	0.0000	0.0000	0.0000	0.0000	0.0000	0.0000	0.0000	0.0000	0.0000	0.0000	0.0000	0.0000	0.0000	0.0000	0.0000	0.0000	0.0000	0.8327	0.7456	0.0871	0.2555	0.2441	0.0114	0.5772	0.5015	0.0757	0.2119	0.1246	0.0873	0.0582	0.0492	0.0090	0.1538	0.0754	0.0783	0.3374	0.2218	0.0000	0.3020	0.2672	0.0000	0.0000	0.0000	0.0000	0.0001	0.0002	0.0000	0.0005	0.0006	0.0000	0.0000	0.0000	0.0000		
20	67	0.4567	8	0	2	0	1	0	0	0	0	N	Y	N	N	N	N	N	N	N	N	N	N	0.0003	0.0016	0.0000	0.0007	0.0021	0.0000	0.0000	0.0000	0.0000	0.0000	0.0000	0.0000	0.0000	0.0000	0.0000	0.0000	0.0000	0.0000	0.0010	0.0002	0.0011	0.0016	0.0005	0.0078	0.0006	0.0002	0.0004	0.0000	3.7314	-0.0000	0.0000	9.0824	7.4253	4.8637	0.9851	0.0000	0.0000	0.0000	0.0000	0.0000	0.0000	0.0000	0.0000	0.0000	0.0000	0.0000	0.0000	0.0000	0.0000	0.0000	0.0000	0.0000	0.0000	0.3297	0.2962	0.0335	0.1110	0.1058	0.0052	0.2187	0.1904	0.0283	0.0628	0.0367	0.0261	0.0176	0.0151	0.0025	0.0452	0.0216	0.0236	0.0006	0.0018	0.0000	0.0007	0.0021	0.0000	0.0000	0.0000	0.0000	0.0006	0.0002	0.0011	0.0016	0.0005	0.0078	0.0002	0.0000	0.0004
20	68	0.6600	11	0	1	1	1	0	0	0	0	N	N	N	N	N	N	N	N	N	N	N	N	0.0639	1.3230	0.0000	0.1308	0.4078	0.0000	0.0383	inf	0.0000	0.0005	0.0005	0.0000	0.0002	0.0002	0.0000	0.0007	0.0008	0.0000	0.0073	0.0004	0.0111	0.0016	0.0005	0.0106	0.0174	0.0000	0.0082	0.0000	12.6693	-0.0001	0.0001	9.0824	15.0354	4.8637	6.2061	0.0003	0.0003	0.0000	0.0001	0.0001	0.0000	0.0003	0.0003	0.0000	0.0004	0.0000	0.0004	0.0001	0.0000	0.0001	0.0003	0.0000	0.0003	0.7515	0.6835	0.0679	0.3324	0.3177	0.0147	0.4190	0.3658	0.0532	0.1555	0.0995	0.0560	0.0624	0.0558	0.0066	0.0931	0.0437	0.0494	0.1762	1.6946	0.0000	0.1308	0.4078	0.0000	0.2002	inf	0.0000	0.0026	0.0003	0.0068	0.0016	0.0005	0.0106	0.0033	0.0000	0.0063
20	69	0.5919	10	0	1	0	1	0	0	0	0	N	N	N	N	N	N	N	N	N	N	N	N	1.0459	1.0241	0.0451	0.0026	0.0026	0.0137	2.7759	166.1204	0.0543	0.5938	0.6546	0.0048	0.0014	0.0015	0.0001	1.0059	1.1495	0.0061	0.5677	0.6392	0.1068	0.5425	0.5878	0.0106	0.3624	0.0069	0.1115	0.0008	0.4447	-0.2108	-0.0037	9.0824	27.6811	4.8637	13.1592	0.7361	0.7355	0.0006	0.0007	0.0007	0.0000	0.7354	0.7348	0.0006	0.0114	0.0079	0.0035	0.0080	0.0079	0.0001	0.0034	0.0000	0.0034	1.2397	1.1236	0.1161	0.5087	0.4843	0.0243	0.7311	0.6392	0.0918	0.2343	0.1419	0.0925	0.0784	0.0690	0.0094	0.1559	0.0729	0.0830	12.1862	11.7521	0.1266	0.0141	0.0131	0.0137	45.6707	4202.3781	0.1472	0.0487	0.0557	0.0380	0.1018	0.1143	0.0106	0.0220	0.0003	0.0411
20	70	0.5571	9	0	1	0	1	0	0	0	0	N	N	N	N	N	N	N	N	N	N	N	N	0.3934	0.3254	0.0002	0.1969	0.2020	0.0000	0.4546	0.3244	0.0004	0.4228	0.4674	0.0001	0.4946	0.5201	0.0000	0.3691	0.4243	0.0001	1.0749	1.4366	0.4566	2.5120	2.5747	0.0864	0.8120	1.3080	0.3894	0.0000	0.0739	-0.1122	-0.0410	9.0824	19.6565	4.8637	4.0504	0.3906	0.3906	0.0000	0.1957	0.1957	0.0000	0.1950	0.1950	0.0000	0.0733	0.0683	0.0050	0.0644	0.0641	0.0003	0.0089	0.0042	0.0047	0.9238	0.8356	0.0881	0.3956	0.3762	0.0194	0.5282	0.4594	0.0688	0.1629	0.1011	0.0618	0.0576	0.0516	0.0060	0.1053	0.0495	0.0558	0.9398	0.6926	0.0014	0.4427	0.4191	0.0000	4.3649	5.0041	0.0017	0.4499	0.6749	0.0817	1.1173	1.2409	0.0569	0.0846	0.0848	0.0844
20	71	0.4599	9	1	2	0	1	0	0	0	0	N	Y	N	N	N	N	N	N	N	N	N	N	0.0000	0.0000	0.0000	0.0000	0.0000	0.0000	0.0000	0.0000	0.0000	0.0000	0.0000	0.0000	0.0000	0.0000	0.0000	0.0000	0.0000	0.0000	0.0000	0.0000	0.0000	0.0000	0.0000	0.0000	0.0000	1.3333	0.0000	-0.0000	9.0824	17.5448	4.8637	6.0013	0.0000	0.0000	0.0000	0.0000	0.0000	0.0000	0.0000	0.0000	0.0000	0.0000	0.0000	0.0000	0.0000	0.0000	0.0000	0.0000	0.0000	0.0000	0.7526	0.6792	0.0734	0.2510	0.2398	0.0112	0.5015	0.4393	0.0622	0.1586	0.0923	0.0663	0.0435	0.0367	0.0069	0.1150	0.0556	0.0594	0.0000	0.0000	0.0000	0.0000	0.0000	0.0000	0.0000	0.0000	0.0000	0.0000	0.0000	0.0000	0.0000	0.0000	0.0000	0.0000	0.0000	0.0000			
20	72	0.5283	12	1	2	1	1	0	0	0	0	N	Y	N	N	N	N	N	N	N	N	N	N	0.0000	0.0000	0.0000	0.0000	0.0000	0.0000	0.0000	0.0000	0.0000	0.0000	0.0000	0.0000	0.0000	0.0034	0.0000	0.0067	0.0000	0.0000	0.0000	0.0120	0.0000	0.0061	inf	0.0000	0.0000	9.0824	1.8980	4.8637	2.9698	0.0000	0.0000	0.0000	0.0000	0.0000	0.0000	0.0000	0.0000	0.0000	0.0001	0.0000	0.0001	0.0000	0.0000	0.0000	0.0001	0.0000	0.0001	0.0784	0.0700	0.0084	0.0281	0.0270	0.0012	0.0503	0.0430	0.0073	0.0563	0.0387	0.0176	0.0239	0.0216	0.0023	0.0323	0.0171	0.0153	0.0000	0.0000	0.0000	0.0000	0.0000	0.0000	0.0000	0.0000	0.0000	0.0014	0.0000	0.0045	0.0000	0.0000	0.0000	0.0025	0.0000	0.0052						
20	73	0.5087	11	1	1	1	1	0	0	0	0	N	N	N	N	N	N	N	N	N	N	N	N	0.0000	0.0000	0.0000	0.0000	0.0000	0.0000	0.0000	0.0000	0.0000	0.0000	0.0000	0.0000	0.0000	0.0000	0.0000	0.0000	0.0000	0.0000	0.0091	0.0005	0.0158	0.0004	0.0005	0.0000	0.0291	0.0062	0.0141	11.8032	-0.0000	0.0001	9.0824	3.5853	4.8637	4.3819	0.0000	0.0000	0.0000	0.0000	0.0000	0.0000	0.0000	0.0000	0.0000	0.0002	0.0000	0.0002	0.0000	0.0000	0.0000	0.0002	0.0000	0.0002	0.4709	0.4030	0.0679	0.2782	0.2289	0.0493	0.1927	0.1741	0.0185	0.0674	0.0450	0.0224	0.0242	0.0216	0.0026	0.0432	0.0234	0.0198	0.0000	0.0000	0.0000	0.0000	0.0000	0.0000	0.0000	0.0000	0.0000	0.0031	0.0004	0.0085	0.0004	0.0005	0.0000	0.0045	0.0002	0.0096	
20	74	0.4773	10	1	1	1	1	0	0	0	0	N	N	N	N	N	N	N	N	N	N	N	N	17.7691	16.3872	0.0893	49.3106	88.9059	0.0257	0.0082	0.0000	0.5226	0.4391	0.4824	0.0010	1.1741	1.2214	0.0015	0.0001	0.0000	0.0009	0.0247	0.0294	0.0114	0.0238	0.0137	0.0601	0.0134	0.2660	0.0017	0.0002	0.6537	-0.0730	-0.0002	9.0824	12.3589	4.8637	7.3592	0.2543	0.2543	0.0001	0.2543	0.2543	0.0000	0.0000	0.0000	0.0000	0.0009	0.0006	0.0004	0.0007	0.0004	0.0003	0.0003	0.0002	0.0001	0.5791	0.5271	0.0520	0.2166	0.2082	0.0084	0.3626	0.3190	0.0436	0.1461	0.0939	0.0522	0.0484	0.0423	0.0062	0.0977	0.0517	0.0460	70.3785	82.1946	0.1469	87.2480	138.9526	0.0340	0.0412	0.0000	0.5226	0.0062	0.0059	0.0069	0.0135	0.0088	0.0455	0.0027	0.0035	0.0017
20	75	0.4599	9	1	1	1	1	0	0	0	0	N	N	N	N	N	N	N	N	N	N	N	N	0.0071	7.0556	0.0000	0.5557	14.2487	0.0000	0.0000	0.0000	0.0000	0.0001	0.0001	0.0000	0.0003	0.0003	0.0000	0.0000	0.0000	0.0000	0.0136	0.0000	0.0194	0.0005	0.0000	0.0030	0.0391	0.0010	0.0172	0.0000	546.9408	-0.0000	0.0001	9.0824	10.2127	4.8637	1.0234	0.0000	0.0000	0.0000	0.0000	0.0000	0.0000	0.0000	0.0000	0.0000	0.0003	0.0000	0.0003	0.0000	0.0000	0.0000	0.0003	0.0000	0.0003	0.4805	0.4358	0.0447	0.1722	0.1649	0.0073	0.3083	0.2710	0.0374	0.0782	0.0455	0.0327	0.0216	0.0182	0.0034	0.0566	0.0273	0.0293	0.0226	7.9551	0.0000	0.5557	14.2487	0.0000	0.0000	0.0000	0.0000	0.0042	0.0000	0.0101	0.0005	0.0000	0.0030	0.0057	0.0000	0.0110
20	76	0.4567	8	1	1	0	1	0	0	0	0	N	N	N	N	N	N	N	N	N	N	N	N	0.0000	0.0000	0.0000	0.0000	0.0000	0.0000	0.0000	0.0000	0.0000	0.0000	0.0000	0.0000	0.0000	0.0000	0.0000	0.0000	0.0000	0.0000	0.0000	0.0000	0.0000	0.0000	0.0000	0.0000	0.0000	0.0005	0.0000	0.2581	-0.0000	-0.0000	9.0824	3.7027	4.8637	0.0091	0.0000	0.0000	0.0000	0.0000	0.0000	0.0000	0.0000	0.0000	0.0000	0.0000	0.0000	0.0000	0.0000	0.0000	0.0000	0.0000	0.0000	0.0000	0.1830	0.1652	0.0178	0.0706	0.0673	0.0034	0.1124	0.0979	0.0144	0.0281	0.0164	0.0117	0.0079	0.0067	0.0011	0.0202	0.0096	0.0105	0.0000	0.0000	0.0000	0.0000	0.0000	0.0000	0.0000	0.0000	0.0000	0.0000	0.0000	0.0000	0.0000	0.0000	0.0000	0.0000	0.0000	0.0000	
20	77	0.4397	7	0	1	0	1	0	0	0	0	N	N	N	N	N	N	N	N	N	N	N	N	0.0001	0.0000	0.0012	0.0011	0.0000	15.5797	0.0000	0.0000	0.0000	0.0000	0.0000	0.0000	0.0000	0.0000	0.0000	0.0000	0.0000	0.0000	0.0034	0.0009	0.0027	0.0010	0.0011	0.0000	0.0066	0.0000	0.0030	inf	3.4606	0.0000	0.0000	9.0824	3.8334	4.8637	6.1787	0.0000	0.0000	0.0000	0.0000	0.0000	0.0000	0.0000	0.0000	0.0000	0.0001	0.0000	0.0001	0.0000	0.0000	0.0000	0.0001	0.0000	0.0001	0.1806	0.1615	0.0191	0.0559	0.0536	0.0023	0.1247	0.1080	0.0168	0.0940	0.0561	0.0379	0.0315	0.0284	0.0031	0.0626	0.0277	0.0348	0.0002	0.0000	0.0012	0.0011	0.0000	15.5797	0.0000	0.0000	0.0000	0.0014	0.0005	0.0027	0.0010	0.0011	0.0000	0.0017	0.0000	0.0030
20	78	0.4006	6	0	1	0	1	0	0	0	0	N	N	N	N	N	N	N	N	N	N	N	N	0.0000	0.0000	0.0001	0.0000	0.0000	0.0036	0.0000	0.0000	0.0000	0.0000	0.0000	0.0000	0.0000	0.0000	0.0000	0.0000	0.0000	0.0000	0.0407	0.0785	0.0102	0.0159	0.0180	0.0026	0.0533	0.4668	0.0087	1.3753	0.4759	0.0000	-0.0005	9.0824	16.9094	4.8637	5.8161	0.0000	0.0000	0.0000	0.0000	0.0000	0.0000	0.0000	0.0000	0.0000	0.0017	0.0012	0.0006	0.0007	0.0007	0.0000	0.0010	0.0005	0.0005	0.7599	0.6817	0.0782	0.2122	0.2033	0.0089	0.5476	0.4784	0.0692	0.2219	0.1340	0.0879	0.0741	0.0665	0.0076	0.1477	0.0675	0.0803	0.0000	0.0000	0.0002	0.0001	0.0000	0.0036	0.0000	0.0000	0.0000	0.0078	0.0088	0.0064	0.0099	0.0108	0.0026	0.0068	0.0068	0.0067
20	79	0.5071	8	0	2	0	1	0	0	0	0	N	Y	N	N	N	N	N	N	N	N	N	N	0.3476	0.2385	0.0000	211.1334	184.6792	0.0000	0.0000	0.0000	0.7838	0.8725	0.0000	2.2716	2.3941	0.0000	0.0000	0.0000	0.0000	2.2552	3.6579	0.0003	0.0108	0.0130	0.0000	3.2447	6.5598	0.0004	0.0000	0.0001	-0.2086	-0.3724	9.0824	23.9173	4.8637	17.8091	0.7266	0.7266	0.0000	0.7266	0.7266	0.0000	0.0000	0.0000	0.0000	0.5928	0.5927	0.0000	0.0006	0.0006	0.0000	0.5922	0.5921	0.0000	0.9270	0.8329	0.0942	0.3199	0.3035	0.0164	0.6072	0.5293	0.0778	0.2628	0.1620	0.1008	0.0803	0.0718	0.0086	0.1825	0.0903	0.0922	0.3476	0.2385	0.0000	303.0676	285.3536	0.0000	0.0000	0.0000	0.0000	2.2552	3.6579	0.0003	0.0075	0.0084	0.0000	3.2447	6.5598	0.0004	
20	80	0.4910	7	0	2	0	1	0	0	0	0	N	Y	N	N	N	N	N	N	N	N	N	N	0.0001	0.0000	0.0000	0.0001	0.0001	0.0000	0.0000	0.0000	0.0000	0.0003	0.0004	0.0000	0.0010	0.0010	0.0000	0.0000	0.0000	0.0000	6.2684	9.5959	0.0546	9.3286	10.2370	0.1394	4.6619	9.0029	0.0350	0.0000	0.0013	-0.0000	-0.3045	9.0824	6.1279	4.8637	3.6878	0.0001	0.0001	0.0000	0.0001	0.0001	0.0000	0.0000	0.0000	0.0000	0.4856	0.4849	0.0006	0.2488	0.2486	0.0002	0.2368	0.2364	0.0005	0.2444	0.2191	0.0253	0.0815	0.0774	0.0041	0.1629	0.1417	0.0212	0.0775	0.0505	0.0269	0.0267	0.0243	0.0024	0.0508	0.0263	0.0245	0.0001	0.0000	0.0000	0.0001	0.0001	0.0000	0.0000	0.0000	0.0000	6.2684	9.5959	0.0241	9.3286	10.2370	0.0809	4.6619	9.0029	0.0186
20	81	0.5791	11	1	1	1	1	0	0	0	0	N	N	N	N	N	N	N	N	N	N	N	N	333.9862	739.9381	0.0000	1144.0353	1086.6833	0.0000	0.0000	0.0000	0.3337	0.3707	0.0000	0.7821	0.8288	0.0000	0.0000	0.0000	0.0000	0.0010	0.0005	0.0010	0.0007	0.0008	0.0001	0.0018	0.0000	0.0010	0.0000	1.6203	-0.1012	-0.0000	9.0824	27.2690	4.8637	12.3406	0.3524	0.3524	0.0000	0.3524	0.3524	0.0000	0.0000	0.0000	0.0000	0.0001	0.0000	0.0001	0.0001	0.0000	0.0000	0.0001	0.0000	0.0001	1.0562	0.9506	0.1056	0.4506	0.4252	0.0254	0.6056	0.5254	0.0802	0.2202	0.1350	0.0853	0.0746	0.0655	0.0090	0.1457	0.0694	0.0762	560.8422	1000.7116	0.0000	1144.0353	1086.6833	0.0000	0.0000	0.0000	0.0000	0.0006	0.0004	0.0010	0.0007	0.0008	0.0001	0.0005	0.0000	0.0010	
20	82	0.5637	10	0	1	0	1	0	0	0	0	N	N	N	N	N	N	N	N	N	N	N	N	0.1074	0.0443	0.0000	0.1972	0.1986	0.0000	0.0000	0.0000	0.0000	0.0035	0.0039	0.0000	0.0074	0.0078	0.0000	0.0000	0.0000	0.0000	0.0328	0.0876	0.0055	0.0375	0.0393	0.0166	0.0066	0.0150	0.0027	0.0000	0.2989	-0.0004	-0.0002	9.0824	9.0798	4.8637	0.9519	0.0015	0.0015	0.0000	0.0015	0.0015	0.0000	0.0000	0.0000	0.0000	0.0004	0.0003	0.0001	0.0003	0.0003	0.0000	0.0001	0.0000	0.0001	0.4388	0.3983	0.0405	0.2092	0.1980	0.0113	0.2295	0.2003	0.0292	0.0577	0.0348	0.0230	0.0187	0.0163	0.0024	0.0390	0.0184	0.0206	0.4943	0.4259	0.0000	0.3993	0.4157	0.0000	0.0000	0.0000	0.0000	0.0071	0.0091	0.0041	0.0185	0.0188	0.0166	0.0017	0.0005	0.0027
20	83	0.4910	7	0	2	0	1	0	0	0	0	N	Y	N	N	N	N	N	N	N	N	N	N	0.0000	0.0000	0.0000	0.0000	0.0000	0.0000	0.0000	0.0001	0.0000	0.0001	0.0002	0.0000	0.0000	0.0000	0.0000	1.8421	2.9714	0.0000	5.8279	6.5708	0.0000	0.0002	0.0035	0.0000	0.0000	0.0000	-0.0000	-0.2637	9.0824	21.0000	4.8637	14.4214	0.0000	0.0000	0.0000	0.0000	0.0000	0.0000	0.0000	0.0000	0.0000	0.4196	0.4196	0.0000	0.4196	0.4196	0.0000	0.0000	0.0000	0.0000	0.8076	0.7249	0.0827	0.2682	0.2548	0.0133	0.5394	0.4701	0.0694	0.2278	0.1412	0.0866	0.0720	0.0639	0.0081	0.1558	0.0774	0.0784	0.0000	0.0000	0.0000	0.0000	0.0000	0.0000	0.0000	0.0000	0.0000	1.8421	2.9714	0.0000	5.8279	6.5708	0.0000	0.0001	0.0001	0.0000			
20	84	0.5486	11	0	1	1	1	0	0	0	0	N	N	N	N	N	N	N	N	N	N	N	N	569972.3964	467041.4808	653200.3541	581844.3754	0.0061	0.0068	0.0000	0.0163	0.0172	0.0000	0.0000	0.0000	0.0000	0.0000	0.0000	0.0000	0.0000	0.0000	0.0000	0.0000	0.0000	0.0000	0.0000	0.2353	-0.0014	-0.0000	9.0824	20.4085	4.8637	11.0867	0.0050	0.0050	0.0000	0.0050	0.0050	0.0000	0.0000	0.0000	0.0000	0.0000	0.0000	0.0000	0.0000	0.0000	0.0000	0.0000	0.0000	0.0000	0.8234	0.7410	0.0824	0.3090	0.2935	0.0156	0.5144	0.4476	0.0668	0.1956	0.1167	0.0788	0.0681	0.0576	0.0105	0.1275	0.0591	0.0683	569972.3964	467041.4808	0.0000	653200.3541	581844.3754	0.0000	0.0000	0.0000	0.0000	0.0000	0.0000	0.0000	0.0000	0.0000	0.0000	0.0000	0.0000	0.0000					
20	85	0.5449	10	0	1	1	1	0	0	0	0	N	N	N	N	N	N	N	N	N	N	N	N	0.0007	0.0004	0.0000	0.0010	0.0009	0.0000	0.0000	0.0000	0.0000	0.0000	0.0000	0.0000	0.0000	0.0000	0.0000	0.0000	0.0000	0.0009	0.0018	0.0000	0.0014	0.0016	0.0000	0.0000	0.0000	0.0000	0.0000	0.0027	-0.0000	-0.0000	9.0824	3.1287	4.8637	1.1816	0.0000	0.0000	0.0000	0.0000	0.0000	0.0000	0.0000	0.0000	0.0000	0.0000	0.0000	0.0000	0.0000	0.0000	0.0000	0.0000	0.0000	0.0000	0.1643	0.1487	0.0156	0.0760	0.0723	0.0038	0.0883	0.0764	0.0118	0.0330	0.0207	0.0123	0.0125	0.0108	0.0017	0.0205	0.0099	0.0106	0.0012	0.0008	0.0000	0.0010	0.0009	0.0000	0.0000	0.0000	0.0000	0.0005	0.0008	0.0000	0.0014	0.0016	0.0000	0.0000	0.0000	0.0000	
20	86	0.5380	9	0	1	0	1	0	0	0	0	N	N	N	N	N	N	N	N	N	N	N	N	0.0000	0.0000	0.0000	0.0000	0.0000	0.0000	0.0000	0.0000	0.0000	0.0000	0.0000	0.0000	0.0000	0.0000	0.0000	0.0000	0.0000	0.0000	0.4512	0.5363	0.0537	0.0189	0.0199	0.0098	0.6175	1.2190	0.0492	0.3614	0.0000	-0.0006	9.0824	4.0532	4.8637	2.2470	0.0000	0.0000	0.0000	0.0000	0.0000	0.0000	0.0000	0.0000	0.0000	0.0016	0.0012	0.0004	0.0002	0.0002	0.0000	0.0014	0.0010	0.0004	0.1825	0.1646	0.0179	0.0749	0.0710	0.0039	0.1076	0.0936	0.0140	0.0492	0.0309	0.0184	0.0177	0.0156	0.0020	0.0316	0.0152	0.0163	0.0000	0.0000	0.0000	0.0000	0.0000	0.0000	0.0000	0.0000	0.0000	0.0334	0.0392	0.0238	0.0113	0.0115	0.0098	0.0458	0.0676	0.0256	
20	87	0.5148	8	0	1	0	1	0	0	0	0	N	N	N	N	N	N	N	N	N	N	N	N	0.0000	0.0000	0.0000	0.0000	0.0000	0.0000	0.0000	0.0000	0.0000	0.0000	0.0000	0.0000	0.0000	0.0000	0.0000	0.0000	0.0000	0.0000	12.2740	6.9662	33.4745	0.0870	0.0746	0.0832	18.4832	13.4628	33.0789	1.7314	0.0000	0.0087	9.0824	4.7288	4.8637	9.8540	0.0000	0.0000	0.0000	0.0000	0.0000	0.0000	0.0000	0.0000	0.0000	1.5732	0.5760	0.9972	0.0014	0.0013	0.0002	1.5718	0.5747	0.9971	0.2402	0.2185	0.0216	0.1132	0.1081	0.0051	0.1270	0.1104	0.0166	0.1282	0.0827	0.0455	0.0431	0.0400	0.0031	0.0850	0.0427	0.0423	0.0000	0.0000	0.0000	0.0000	0.0000	0.0000	0.0000	0.0000	0.0000	12.2740	6.9662	21.9207	0.0330	0.0313	0.0552	18.4832	13.4628	23.5441	
20	88	0.4910	7	0	1	0	1	0	0	0	0	N	N	N	N	N	N	N	N	N	N	N	N	0.0000	0.0000	0.0000	0.0000	0.0000	0.0000	0.0000	0.0000	0.0000	0.0000	0.0000	0.0000	0.0000	0.0000	0.0000	0.0000	0.0000	0.0000	4.3150	6.7341	0.3881	6.4112	7.1153	0.0764	3.2751	6.3977	0.3150	0.0063	0.0000	-0.3054	9.0824	8.6320	4.8637	7.0881	0.0000	0.0000	0.0000	0.0000	0.0000	0.0000	0.0000	0.0000	0.0000	0.4909	0.4879	0.0031	0.2419	0.2417	0.0002	0.2491	0.2462	0.0029	0.3421	0.3068	0.0353	0.1139	0.1083	0.0057	0.2282	0.1985	0.0297	0.1138	0.0724	0.0413	0.0377	0.0340	0.0038	0.0760	0.0385	0.0376	0.0000	0.0000	0.0000	0.0000	0.0000	0.0000	0.0000	0.0000	0.0000	4.3150	6.7341	0.0746	6.4112	7.1153	0.0535	3.2751	6.3977	0.0767	
20	89	0.5587	9	0	2	0	1	0	0	0	0	N	Y	N	N	N	N	N	N	N	N	N	N	0.6844	4.1419	0.0096	6.8182	6.3890	76.7796	0.0000	0.0001	0.0018	0.0020	0.0000	0.0043	0.0045	0.0001	0.0000	0.0000	0.0000	0.0026	0.0005	0.0024	0.0006	0.0007	0.0000	0.0057	0.0000	0.0027	0.0013	4.3037	-0.0003	0.0000	9.0824	15.4622	4.8637	5.2688	0.0012	0.0012	0.0000	0.0012	0.0012	0.0000	0.0000	0.0000	0.0000	0.0002	0.0000	0.0001	0.0000	0.0000	0.0000	0.0001	0.0000	0.0001	0.6760	0.6107	0.0653	0.2767	0.2636	0.0131	0.3992	0.3471	0.0521	0.1379	0.0849	0.0531	0.0473	0.0423	0.0050	0.0906	0.0426	0.0480	1.5349	5.5367	0.0096	6.8182	6.3890	76.7796	0.0000	0.0000	0.0001	0.0012	0.0004	0.0024	0.0006	0.0007	0.0000	0.0014	0.0000	0.0027	
20	90	0.5470	8	0	1	0	1	0	0	0	0	N	N	N	N	N	N	N	N	N	N	N	N	0.2882	0.1367	0.4050	0.6533	0.5578	93.1025	0.3523	0.4680	0.5686	0.0099	0.0107	0.0027	0.0162	0.0170	0.0002	0.0051	0.0054	0.0034	0.0345	0.0782	0.0066	0.0249	0.0305	0.0000	0.0146	0.0115	0.0059	0.0252	0.2814	-0.0010	-0.0002	9.0824	7.5917	4.8637	1.5198	0.0037	0.0036	0.0001	0.0026	0.0026	0.0000	0.0011	0.0010	0.0001	0.0006	0.0004	0.0001	0.0004	0.0004	0.0000	0.0001	0.0000	0.0001	0.3736	0.3393	0.0344	0.1619	0.1542	0.0077	0.2117	0.1850	0.0267	0.0778	0.0501	0.0277	0.0309	0.0275	0.0034	0.0469	0.0226	0.0243	1.3739	1.2177	0.5955	1.1677	1.0911	93.1025	1.8018	12.1683	0.6614	0.0072	0.0088	0.0045	0.0139	0.0156	0.0000	0.0028	0.0004	0.0051
20	91	0.6562	12	1	1	1	1	0	0	0	0	N	N	N	N	N	N	N	N	N	N	N	N	0.0000	0.0000	0.0000	0.0000	0.0000	0.0000	0.0000	0.0000	0.0000	0.0000	0.0000	0.0000	0.0000	0.0000	0.0000	0.0000	0.0000	0.0000	0.0000	0.0000	9.0824	3.0317	4.8637	0.1644	0.0000	0.0000	0.0000	0.0000	0.0000	0.0000	0.0000	0.0000	0.0000	0.0000	0.0000	0.0000	0.0000	0.0000	0.0000	0.0000	0.0000	0.0000	0.1195	0.1080	0.0114	0.0521	0.0495	0.0026	0.0674	0.0585	0.0088	0.0173	0.0105	0.0068	0.0052	0.0045	0.0007	0.0121	0.0060	0.0061	0.0000	0.0000	0.0000	0.0000	0.0000	0.0000	0.0000	0.0000	0.0000	0.0000	0.0000	0.0000	0.0000	0.0000	0.0000	0.0000	0.0000	0.0000											
20	92	0.6504	11	1	1	1	1	0	0	0	0	N	N	N	N	N	N	N	N	N	N	N	N	2065.9374	inf	0.6812	inf	inf	3676.8108	inf	0.0000	0.0005	0.0005	0.0000	0.0000	0.0000	0.0000	0.0011	0.0012	0.0000	0.0000	0.0000	0.0000	0.0000	0.0000	0.0000	0.0000	0.0000	0.0000	0.0001	inf	-0.0000	0.0000	9.0824	2.6632	4.8637	1.0147	0.0001	0.0001	0.0000	0.0000	0.0000	0.0000	0.0001	0.0001	0.0000	0.0000	0.0000	0.0000	0.0000	0.0000	0.0000	0.0000	0.0000	0.0000	0.1488	0.1365	0.0123	0.0829	0.0788	0.0041	0.0659	0.0577	0.0082	0.0215	0.0134	0.0082	0.0066	0.0059	0.0008	0.0149	0.0075	0.0074	2065.9374	inf	0.6812	inf	0.0000	inf	3676.8108	inf	0.0000	0.0000	0.0000	0.0000	0.0000	0.0000	0.0000	0.0000	0.0000	0.0000	
20	93	0.5672	10	1	1	1	1	0	0	0	0	N	N	N	N	N	N	N	N	N	N	N	N	4337.5559	2019.9994	150.1895	2.6217	2.3412	2062.7116	2512728.1022	inf	0.0000	1.4186	1.5677	0.0003	0.0022	0.0023	0.0012	2.4274	2.7859	0.0000	0.0003	0.0008	0.0000	0.0009	0.0010	0.0000	0.0000	0.0000	0.0000	0.0000	0.0024	-0.5726	-0.0000	9.0824	35.0787	4.8637	12.2568	1.9943	1.9943	0.0000	0.0013	0.0013	0.0000	1.9930	1.9930	0.0000	0.0001	0.0001	0.0000	0.0001	0.0001	0.0000	0.0000	0.0000	0.0000	1.4059	1.2721	0.1338	0.5848	0.5567	0.0281	0.8211	0.7154	0.1056	0.2515	0.1509	0.1005	0.0817	0.0713	0.0104	0.1697	0.0796	0.0901	5083.1681	3379.9101	150.1895	2.6217	2.3412	2062.7116	2512728.1022	inf	0.0000	0.0003	0.0005	0.0000	0.0009	0.0010	0.0000	0.0000	0.0000	0.0000
20	94	0.5537	9	1	1	0	1	0	0	0	0	N	N	N	N	N	N	N	N	N	N	N	N	0.1842	0.0669	0.5071	0.1316	0.1275	0.0300	1.3530	0.6050	1.4403	0.0067	0.0071	0.0026	0.0056	0.0059	0.0006	0.0076	0.0083	0.0032	0.0366	0.1068	0.0051	0.0429	0.0460	0.0195	0.0056	0.0137	0.0022	0.0352	0.2707	-0.0008	-0.0002	9.0824	8.4810	4.8637	2.3446	0.0031	0.0030	0.0001	0.0012	0.0011	0.0000	0.0019	0.0018	0.0001	0.0005	0.0004	0.0001	0.0004	0.0004	0.0000	0.0001	0.0000	0.0000	0.4562	0.4161	0.0402	0.2038	0.1951	0.0087	0.2524	0.2210	0.0314	0.0623	0.0372	0.0252	0.0199	0.0173	0.0026	0.0424	0.0198	0.0226	0.8988	0.7216	0.6576	0.2753	0.2842	0.0300	5.4300	16.4115	1.4403	0.0075	0.0099	0.0040	0.0205	0.0207	0.0195	0.0014	0.0005	0.0022
20	95	0.4910	7	0	2	0	2	0	0	0	0	N	Y	N	Y	N	N	N	N	N	N	N	N	0.3931	0.2699	0.0000	265.1586	224.8373	0.0000	0.0000	0.0000	0.7929	0.8832	0.0000	2.3894	2.5143	0.0000	0.0000	0.0000	0.0000	2.0171	3.2724	0.0001	0.0090	0.0112	0.0000	2.9282	5.9097	0.0001	0.0000	0.0000	-0.2087	-0.3650	9.0824	24.0032	4.8637	22.6134	0.7267	0.7267	0.0000	0.7267	0.7267	0.0000	0.0000	0.0000	0.0000	0.5809	0.5809	0.0000	0.0006	0.0006	0.0000	0.5803	0.5803	0.0000	0.9165	0.8229	0.0937	0.3041	0.2890	0.0151	0.6124	0.5338	0.0785	0.2880	0.1775	0.1105	0.0898	0.0793	0.0105	0.1982	0.0982	0.1000	0.3931	0.2699	0.0000	367.3377	341.3966	0.0000	0.0000	0.0000	0.0000	2.0171	3.2724	0.0001	0.0065	0.0074	0.0000	2.9282	5.9097	0.0001	
20	96	0.0736	3	0	2	0	1	0	0	0	0	N	Y	N	N	N	N	N	N	N	N	N	N	0.0499	0.0231	0.0000	0.0976	0.0933	0.0000	0.0000	0.0001	0.0001	0.0000	0.0005	0.0005	0.0000	0.0000	0.0000	0.0000	0.0016	0.0039	0.0000	0.0053	0.0057	0.0000	0.0000	0.0000	0.0000	0.0000	0.0002	-0.0000	-0.0002	9.0824	18.5150	4.8637	10.2301	0.0001	0.0001	0.0000	0.0001	0.0001	0.0000	0.0000	0.0000	0.0000	0.0003	0.0003	0.0000	0.0003	0.0003	0.0000	0.0000	0.0000	0.0000	0.8642	0.7678	0.0963	0.1350	0.1326	0.0024	0.7291	0.6353	0.0939	0.3592	0.1989	0.1604	0.0661	0.0639	0.0021	0.2932	0.1349	0.1582	0.0976	0.0608	0.0000	0.1149	0.1133	0.0000	0.0000	0.0000	0.0000	0.0008	0.0015	0.0000	0.0045	0.0047	0.0000	0.0000	0.0000	0.0000		
20	97	0.5201	8	0	2	0	1	0	0	0	0	N	Y	N	N	N	N	N	N	N	N	N	N	5368.6916	2988.0123	0.0000	4419.1074	3860.5227	2396.3453	181.5507	0.0000	1.1803	1.3103	0.0000	1.7087	1.7960	0.0000	0.9015	1.0315	0.0000	0.0002	0.0004	0.0001	0.0004	0.0005	0.0000	0.0004	0.0057	0.0001	0.0000	0.1079	-0.5743	-0.0000	9.0824	46.1140	4.8637	26.4917	2.0000	2.0000	0.0000	0.9999	0.9999	0.0000	1.0001	1.0001	0.0000	0.0001	0.0001	0.0000	0.0000	0.0000	0.0000	0.0000	0.0000	0.0000	1.6945	1.5263	0.1682	0.5852	0.5568	0.0284	1.1093	0.9695	0.1398	0.4064	0.2405	0.1659	0.1293	0.1075	0.0218	0.2771	0.1331	0.1441	5412.9244	3940.2540	0.0000	4419.1074	3860.5227	0.0000	6468.4029	4575.9531	0.0000	0.0002	0.0003	0.0001	0.0004	0.0005	0.0000	0.0001	0.0002	0.0001	
20	98	0.1498	7	0	2	0	1	0	0	0	0	N	Y	N	N	N	N	N	N	N	N	N	N	14622.7127	8405.5266	0.0000	0.7603	0.7126	inf	inf	0.6454	0.7227	0.0000	0.0003	0.0003	0.0000	0.9124	1.0349	0.0000	0.0000	0.0001	0.0000	0.0004	0.0005	0.0000	0.0000	0.0000	0.0000	0.0000	0.0001	-0.1823	-0.0000	9.0824	20.7840	4.8637	8.9470	0.6350	0.6350	0.0000	0.0001	0.0001	0.0000	0.6349	0.6349	0.0000	0.0000	0.0000	0.0000	0.0000	0.0000	0.0000	0.0000	0.0000	0.0000	0.9839	0.8787	0.1052	0.2881	0.2652	0.0229	0.6958	0.6135	0.0824	0.2186	0.1122	0.1064	0.0234	0.0202	0.0032	0.1953	0.0920	0.1032	14622.7127	8405.5266	0.0000	0.7603	0.7126	0.0000	inf	inf	0.0000	0.0000	0.0001	0.0000	0.0004	0.0005	0.0000	0.0000	0.0000	0.0000		
20	99	0.1448	6	0	1	0	1	0	0	0	0	N	N	N	N	N	N	N	N	N	N	N	N	2.6322	3.6329	0.0045	3.7786	19.0400	0.0000	12.0677	0.8190	0.0982	0.3859	0.4363	0.0002	0.3674	0.4132	0.0000	0.4064	0.4621	0.0003	0.1466	0.1201	0.0339	0.0972	0.0217	6.3598	0.0337	0.5642	0.0027	0.0000	1.3299	-0.0461	-0.0000	9.0824	2.7834	4.8637	1.0450	0.1605	0.1605	0.0000	0.0802	0.0802	0.0000	0.0803	0.0803	0.0000	0.0008	0.0003	0.0004	0.0006	0.0002	0.0004	0.0002	0.0001	0.0001	0.4158	0.3678	0.0480	0.2183	0.1941	0.0242	0.1975	0.1737	0.0238	0.0579	0.0313	0.0266	0.0160	0.0156	0.0004	0.0419	0.0157	0.0262	28.8936	41.1478	0.0092	10.4367	33.5299	0.0000	80.5741	51.9261	0.0982	0.0134	0.0106	0.0166	0.0352	0.0123	0.9687	0.0050	0.0089	0.0027
20	100	0.1348	5	0	1	0	1	0	0	0	0	N	N	N	N	N	N	N	N	N	N	N	N	1.3277	1.2202	0.0616	0.3445	0.3681	0.0001	2.6324	0.7479	0.0936	0.1558	0.1714	0.0015	0.0154	0.0158	0.0000	0.2370	0.2718	0.0017	0.1173	0.1405	0.0250	0.0446	0.0430	0.0829	0.0900	0.3634	0.0186	0.0009	0.7805	-0.0272	-0.0004	9.0824	7.6044	4.8637	2.7972	0.0951	0.0951	0.0001	0.0034	0.0034	0.0000	0.0917	0.0916	0.0001	0.0019	0.0011	0.0008	0.0009	0.0008	0.0001	0.0010	0.0003	0.0007	0.6108	0.5545	0.0563	0.2239	0.2175	0.0064	0.3869	0.3371	0.0499	0.1607	0.0942	0.0665	0.0436	0.0418	0.0018	0.1171	0.0525	0.0647	13.0259	14.9642	0.1219	0.7283	0.8060	0.0001	27.6909	54.8591	0.1516	0.0120	0.0115	0.0127	0.0211	0.0196	0.0549	0.0086	0.0050	0.0115
20	101	0.0852	4	0	1	0	1	0	0	0	0	N	N	N	N	N	N	N	N	N	N	N	N	0.0088	0.0077	0.0018	0.0229	0.0237	0.0000	0.0057	0.0034	0.0024	0.0071	0.0079	0.0004	0.0174	0.0177	0.0000	0.0050	0.0057	0.0004	0.8018	1.0214	0.2141	0.7596	0.7479	0.2097	0.8862	1.6873	0.1650	0.0060	0.2591	-0.0018	-0.0177	9.0824	18.4780	4.8637	12.4520	0.0062	0.0062	0.0000	0.0025	0.0025	0.0000	0.0037	0.0036	0.0000	0.0420	0.0333	0.0086	0.0085	0.0082	0.0003	0.0335	0.0251	0.0083	0.8811	0.7847	0.0964	0.1459	0.1434	0.0026	0.7351	0.6413	0.0938	0.3590	0.1985	0.1604	0.0602	0.0572	0.0029	0.2988	0.1413	0.1575	0.0605	0.0470	0.0072	0.1234	0.1241	0.0001	0.0447	0.0320	0.0075	0.1169	0.1679	0.0538	0.1412	0.1430	0.1068	0.1120	0.1779	0.0528
20	102	0.6050	10	0	2	0	1	0	0	0	0	N	Y	N	N	N	N	N	N	N	N	N	N	1.6605	0.9891	3.3848	2.7930	3.4177	0.0020	1.0886	0.0727	4.8258	1.5426	1.0630	6.3990	1.9359	2.0325	0.0013	1.1974	0.1347	8.5001	0.9290	1.0746	1.8905	0.6931	0.5947	0.6530	1.1000	1.8529	1.7614	0.5945	0.7538	0.2297	-0.0166	9.0824	34.1922	4.8637	22.4626	2.6803	1.6810	0.9994	1.5722	1.5721	0.0001	1.1082	0.1089	0.9993	0.0835	0.0476	0.0359	0.0165	0.0135	0.0030	0.0670	0.0341	0.0329	1.7376	1.5814	0.1562	0.8121	0.7735	0.0386	0.9255	0.8079	0.1176	0.3771	0.2373	0.1398	0.1302	0.1165	0.0137	0.2469	0.1208	0.1261	6.9679	5.2979	24.9404	15.2736	17.5239	0.0060	4.4142	0.4774	32.5996	0.2214	0.2006	0.2566	0.1267	0.1160	0.2182	0.2713	0.2823	0.2607
20	103	0.5571	9	0	2	0	1	0	0	0	0	N	Y	N	N	N	N	N	N	N	N	N	N	0.1702	0.1176	0.0055	0.1413	0.1463	0.0009	0.1708	0.0940	0.0069	0.7523	0.8312	0.0066	0.2717	0.2858	0.0001	1.1017	1.2644	0.0084	4.4203	7.0696	1.1978	1.9230	1.9527	0.1379	6.4500	13.4444	1.2173	0.0008	0.0140	-0.2216	-0.5858	9.0824	22.5884	4.8637	11.0115	0.7739	0.7732	0.0006	0.1177	0.1177	0.0000	0.6562	0.6556	0.0006	0.9533	0.9401	0.0132	0.0416	0.0409	0.0007	0.9117	0.8992	0.0125	1.0286	0.9302	0.0984	0.4330	0.4117	0.0213	0.5956	0.5185	0.0771	0.2157	0.1330	0.0827	0.0743	0.0661	0.0082	0.1414	0.0669	0.0745	0.1702	0.1176	0.0413	0.4856	0.4616	0.0015	0.1708	0.0940	0.0498	4.4203	7.0696	0.1597	0.5595	0.6191	0.0802	6.4500	13.4444	0.1685
20	104	0.5271	8	0	1	0	1	0	0	0	0	N	N	N	N	N	N	N	N	N	N	N	N	0.4001	0.3237	0.0000	0.0000	0.0000	0.0000	0.6359	0.4001	0.0000	0.4847	0.5365	0.0000	0.0000	0.0000	0.0000	0.8263	0.9510	0.0000	1.2114	1.6575	0.0865	2.4158	2.4956	0.0091	1.2993	2.3770	0.0906	0.0000	0.0162	-0.0759	-0.0702	9.0824	11.8100	4.8637	8.7888	0.2645	0.2645	0.0000	0.0000	0.0000	0.0000	0.2644	0.2644	0.0000	0.1146	0.1128	0.0018	0.0563	0.0562	0.0001	0.0583	0.0566	0.0018	0.5456	0.4929	0.0527	0.2255	0.2149	0.0107	0.3200	0.2781	0.0420	0.1469	0.0918	0.0551	0.0553	0.0487	0.0066	0.0916	0.0431	0.0485	0.6211	0.4366	0.0000	0.0000	0.0000	0.0000	1.2969	0.7247	0.0000	0.7803	1.2287	0.0333	1.0177	1.1547	0.0091	0.6371	1.3124	0.0366
20	105	0.4910	7	0	1	0	1	0	0	0	0	N	N	N	N	N	N	N	N	N	N	N	N	0.0000	0.0000	0.0000	0.0000	0.0000	0.0000	0.0000	0.0000	0.0000	0.0000	0.0000	0.0000	0.0000	0.0000	0.0000	0.0000	0.0000	0.0000	9.4044	4.4949	26.2886	8.0249	8.9748	0.0032	10.0666	2.1175	29.9170	2.3298	0.0000	0.1019	9.0824	14.7392	4.8637	7.3617	0.0000	0.0000	0.0000	0.0000	0.0000	0.0000	0.0000	0.0000	0.0000	1.4283	0.4290	0.9994	0.3953	0.3953	0.0000	1.0330	0.0337	0.9993	0.5755	0.5163	0.0592	0.1913	0.1818	0.0095	0.3841	0.3344	0.0497	0.1519	0.0954	0.0564	0.0493	0.0440	0.0052	0.1026	0.0514	0.0512	0.0000	0.0000	0.0000	0.0000	0.0000	0.0000	0.0000	0.0000	0.0000	9.4044	4.4949	17.7048	8.0249	8.9748	0.0032	10.0666	0.6555	19.5069	
20	106	0.5637	10	0	2	0	1	0	0	0	0	N	Y	N	N	N	N	N	N	N	N	N	N	1.7365	17.6045	0.0000	2.7084	17.7566	0.0000	0.0000	0.0000	0.0000	0.0000	0.0000	0.0000	0.0000	0.0000	0.0000	0.0000	0.0000	0.0000	0.0000	0.0000	0.0000	0.0000	0.0000	0.0000	0.0000	0.0000	0.0000	14.2500	-0.0000	0.0000	9.0824	20.0414	4.8637	7.0324	0.0000	0.0000	0.0000	0.0000	0.0000	0.0000	0.0000	0.0000	0.0000	0.0000	0.0000	0.0000	0.0000	0.0000	0.0000	0.0000	0.0000	0.0000	0.8419	0.7613	0.0806	0.3683	0.3487	0.0196	0.4736	0.4126	0.0610	0.1484	0.0892	0.0592	0.0475	0.0412	0.0063	0.1010	0.0480	0.0529	1.7365	17.6045	0.0000	2.7084	17.7566	0.0000	0.0000	0.0000	0.0000	0.0000	0.0000	0.0000	0.0000	0.0000	0.0000	0.0000	0.0000	0.0000	
20	107	0.5537	9	0	1	0	1	0	0	0	0	N	N	N	N	N	N	N	N	N	N	N	N	0.0030	0.0028	0.0036	0.0086	0.0070	inf	0.0000	0.0000	0.0000	0.0000	0.0000	0.0000	0.0000	0.0000	0.0000	0.0000	0.0000	0.0052	0.0057	0.0020	0.0039	0.0048	0.0000	0.0048	0.0000	0.0023	0.0432	0.7045	-0.0000	-0.0000	9.0824	7.0315	4.8637	1.2144	0.0000	0.0000	0.0000	0.0000	0.0000	0.0000	0.0000	0.0000	0.0000	0.0001	0.0001	0.0000	0.0001	0.0001	0.0000	0.0000	0.0000	0.0000	0.4026	0.3679	0.0347	0.1836	0.1759	0.0077	0.2190	0.1920	0.0270	0.0479	0.0286	0.0193	0.0154	0.0134	0.0020	0.0326	0.0152	0.0174	0.0077	0.0082	0.0036	0.0093	0.0081	inf	0.0000	0.0000	0.0000	0.0020	0.0019	0.0020	0.0036	0.0042	0.0000	0.0012	0.0000	0.0023	
20	108	0.5201	8	0	1	0	1	0	0	0	0	N	N	N	N	N	N	N	N	N	N	N	N	0.0385	0.0212	0.0010	0.1242	0.1009	inf	0.0000	0.0000	0.0000	0.0001	0.0001	0.0000	0.0001	0.0002	0.0000	0.0000	0.0000	0.0000	0.0013	0.0027	0.0002	0.0012	0.0015	0.0000	0.0014	0.0206	0.0002	0.0003	0.1009	-0.0000	-0.0001	9.0824	16.2725	4.8637	4.4748	0.0000	0.0000	0.0000	0.0000	0.0000	0.0000	0.0000	0.0000	0.0000	0.0001	0.0001	0.0000	0.0001	0.0001	0.0000	0.0000	0.0000	0.0000	0.6682	0.6013	0.0668	0.2365	0.2256	0.0110	0.4316	0.3757	0.0559	0.1439	0.0843	0.0596	0.0546	0.0424	0.0123	0.0893	0.0420	0.0474	0.0714	0.0511	0.0010	0.1242	0.1009	inf	0.0000	0.0000	0.0000	0.0007	0.0011	0.0002	0.0012	0.0015	0.0000	0.0004	0.0007	0.0002
20	109	0.5729	9	0	2	0	1	0	0	0	0	N	Y	N	N	N	N	N	N	N	N	N	N	5.5907	38.2013	0.0000	0.3384	0.3157	0.0661	4.0043	inf	0.0000	0.0254	0.0282	0.0000	0.0003	0.0003	0.0000	0.0410	0.0468	0.0000	0.0045	0.0007	0.0051	0.0009	0.0010	0.0000	0.0102	0.0000	0.0045	0.0000	5.4696	-0.0115	0.0001	9.0824	40.5309	4.8637	14.7974	0.0401	0.0401	0.0000	0.0002	0.0002	0.0000	0.0399	0.0399	0.0000	0.0006	0.0001	0.0005	0.0001	0.0001	0.0000	0.0005	0.0000	0.0005	1.5773	1.4234	0.1539	0.6026	0.5710	0.0316	0.9747	0.8525	0.1223	0.3244	0.1981	0.1263	0.1043	0.0921	0.0123	0.2200	0.1060	0.1140	14.1666	62.0235	0.0000	0.3384	0.3157	0.0661	18.3197	inf	0.0000	0.0018	0.0005	0.0039	0.0009	0.0010	0.0000	0.0022	0.0000	0.0043
20	110	0.5470	8	0	2	0	1	0	0	0	0	N	Y	N	N	N	N	N	N	N	N	N	N	37.8048	15.5598	0.0423	0.0171	0.0143	27.6271	217.6909	157.2851	0.0503	1.5985	1.7670	0.0002	0.0006	0.0006	0.0001	2.6631	3.0497	0.0002	0.0423	0.1136	0.0047	0.0338	0.0423	0.0000	0.0122	0.0194	0.0044	0.0000	0.2138	-0.2750	-0.0005	9.0824	13.5236	4.8637	3.5331	0.9578	0.9577	0.0000	0.0001	0.0001	0.0000	0.9576	0.9576	0.0000	0.0010	0.0008	0.0002	0.0008	0.0008	0.0000	0.0002	0.0000	0.0002	0.5991	0.5420	0.0571	0.2396	0.2280	0.0115	0.3596	0.3140	0.0456	0.1256	0.0788	0.0468	0.0459	0.0407	0.0052	0.0797	0.0381	0.0416	201.5915	169.7468	0.0526	0.0335	0.0309	27.6271	1054.0734	4485.2418	0.0519	0.0079	0.0104	0.0038	0.0173	0.0195	0.0000	0.0025	0.0007	0.0042
20	111	0.4910	7	0	1	0	1	0	0	0	0	N	N	N	N	N	N	N	N	N	N	N	N	0.0020	0.0013	0.3982	0.0000	0.0000	0.0000	0.4128	0.0181	0.5436	0.0038	0.0042	0.0003	0.0000	0.0000	0.0000	0.0057	0.0065	0.0004	1.9638	3.1616	0.0007	6.1839	6.9638	0.0017	0.0139	0.3606	0.0006	0.0080	0.0001	-0.0007	-0.2638	9.0824	16.9399	4.8637	15.9768	0.0025	0.0025	0.0000	0.0000	0.0000	0.0000	0.0025	0.0025	0.0000	0.4200	0.4199	0.0001	0.4196	0.4196	0.0000	0.0004	0.0004	0.0000	0.6579	0.5903	0.0676	0.2186	0.2078	0.0109	0.4392	0.3825	0.0567	0.2139	0.1328	0.0810	0.0679	0.0603	0.0076	0.1460	0.0726	0.0734	0.0020	0.0013	0.3982	0.0000	0.0000	0.0000	2.0588	1.3202	0.5436	1.9638	3.1616	0.0007	6.1839	6.9638	0.0017	0.0028	0.0050	0.0006
20	112	0.5954	11	1	2	0	2	0	0	0	0	N	Y	N	Y	N	N	N	N	N	N	N	N	0.0000	0.0000	0.0000	0.0000	0.0000	0.0000	0.0000	0.0000	0.0000	0.0000	0.0000	0.0000	0.0000	0.0000	0.0000	0.0000	0.0000	0.0000	0.0000	0.0000	0.0000	0.0000	0.0000	0.0000	-0.0000	9.0824	0.0019	4.8637	1.9928	0.0000	0.0000	0.0000	0.0000	0.0000	0.0000	0.0000	0.0000	0.0000	0.0000	0.0000	0.0000	0.0000	0.0000	0.0000	0.0000	0.0000	0.0000	0.0002	0.0002	0.0000	0.0001	0.0001	0.0000	0.0001	0.0001	0.0000	0.0120	0.0074	0.0047	0.0036	0.0032	0.0004	0.0084	0.0042	0.0042	0.0000	0.0000	0.0000	0.0000	0.0000	0.0000	0.0000	0.0000	0.0000	0.0000	0.0000	0.0000	0.0000	0.0000	0.0000	0.0000	0.0000	0.0000						
20	113	0.5718	10	1	2	0	2	0	0	0	0	N	Y	N	Y	N	N	N	N	N	N	N	N	17.2692	55.6957	0.0000	67.1211	62.8346	0.0002	inf	0.0000	0.0092	0.0102	0.0000	0.0224	0.0236	0.0000	0.0000	0.0000	0.0000	0.0005	0.0002	0.0007	0.0003	0.0004	0.0000	0.0012	0.0000	0.0008	0.0000	2.6321	-0.0010	0.0000	9.0824	8.6942	4.8637	6.0502	0.0034	0.0034	0.0000	0.0034	0.0034	0.0000	0.0000	0.0000	0.0000	0.0000	0.0000	0.0000	0.0000	0.0000	0.0000	0.0000	0.0000	0.0000	0.3739	0.3376	0.0362	0.1535	0.1459	0.0076	0.2204	0.1917	0.0287	0.0933	0.0564	0.0369	0.0294	0.0262	0.0032	0.0639	0.0302	0.0337	24.0392	58.4220	0.0000	67.1211	62.8346	0.0000	0.0008	inf	0.0000	0.0004	0.0002	0.0007	0.0003	0.0004	0.0000	0.0004	0.0000	0.0008	
20	114	0.5929	14	0	2	0	2	0	0	0	0	N	Y	N	Y	N	N	N	N	N	N	N	N	0.0000	0.0000	0.0000	0.0000	0.0000	0.0000	0.0000	0.0000	0.0000	0.0000	0.0000	0.0000	0.0000	0.0000	0.0000	0.0000	0.0000	0.0000	0.0000	0.0000	9.0824	0.0001	4.8637	0.0001	0.0000	0.0000	0.0000	0.0000	0.0000	0.0000	0.0000	0.0000	0.0000	0.0000	0.0000	0.0000	0.0000	0.0000	0.0000	0.0000	0.0000	0.0000	0.0000	0.0000	0.0000	0.0000	0.0000	0.0000	0.0000	0.0000	0.0000	0.0000	0.0000	0.0000	0.0000	0.0000	0.0000	0.0000	0.0000	0.0000	0.0000	0.0000	0.0000	0.0000	0.0000	0.0000	0.0000	0.0000	0.0000	0.0000	0.0000	0.0000	0.0000	0.0000	0.0000	0.0000	0.0000	0.0000											
20	115	0.5862	13	0	2	0	2	0	0	0	0	N	Y	N	Y	N	N	N	N	N	N	N	N	inf	inf	inf	inf	inf	inf	8.3805	9.3122	0.0000	0.0008	0.0009	0.0000	13.9133	16.0430	0.0000	0.0000	0.0000	0.0000	0.0000	0.0000	0.0000	0.0000	0.0000	0.0000	0.0000	-0.2871	0.0000	9.0824	3.0007	4.8637	1.0012	1.0000	1.0000	0.0000	0.0000	0.0000	0.0000	0.9999	0.9999	0.0000	0.0000	0.0000	0.0000	0.0000	0.0000	0.0000	0.0000	0.0000	0.0000	0.1193	0.1074	0.0119	0.0475	0.0451	0.0024	0.0719	0.0623	0.0095	0.0242	0.0146	0.0096	0.0077	0.0068	0.0009	0.0165	0.0078	0.0087	inf	inf	0.0000	inf	inf	0.0000	inf	inf	0.0000	0.0000	0.0000	0.0000	0.0000	0.0000	0.0000	0.0000	0.0000	0.0000				
20	116	0.5843	12	0	1	0	2	0	0	0	0	N	N	N	Y	N	N	N	N	N	N	N	N	inf	inf	inf	inf	inf	inf	0.0024	0.0026	0.0000	0.0030	0.0032	0.0000	0.0019	0.0021	0.0000	0.0000	0.0000	0.0000	0.0000	0.0000	0.0000	0.0000	0.0000	0.0000	0.0000	-0.0000	0.0000	9.0824	1.1177	4.8637	0.0023	0.0001	0.0001	0.0000	0.0001	0.0001	0.0000	0.0000	0.0000	0.0000	0.0000	0.0000	0.0000	0.0000	0.0000	0.0000	0.0000	0.0000	0.0000	0.0468	0.0422	0.0046	0.0198	0.0188	0.0010	0.0270	0.0234	0.0036	0.0068	0.0041	0.0027	0.0022	0.0019	0.0003	0.0046	0.0022	0.0025	inf	inf	0.0000	inf	inf	0.0000	inf	inf	0.0000	0.0000	0.0000	0.0000	0.0000	0.0000	0.0000	0.0000	0.0000	0.0000				
20	117	0.4006	6	0	2	0	1	0	0	0	0	N	Y	N	N	N	N	N	N	N	N	N	N	0.0014	0.0010	0.0000	0.0078	0.0073	0.0000	0.0000	0.0000	0.0000	0.0000	0.0000	0.0000	0.0001	0.0001	0.0000	0.0000	0.0000	0.0000	0.0216	0.0361	0.0071	0.0153	0.0169	0.0050	0.0237	0.2442	0.0055	0.0000	0.5164	-0.0000	-0.0007	9.0824	31.2782	4.8637	23.9277	0.0000	0.0000	0.0000	0.0000	0.0000	0.0000	0.0000	0.0000	0.0000	0.0025	0.0016	0.0008	0.0012	0.0012	0.0001	0.0012	0.0005	0.0008	1.2800	1.1465	0.1336	0.3369	0.3222	0.0147	0.9432	0.8243	0.1188	0.4252	0.2541	0.1711	0.1272	0.1113	0.0158	0.2981	0.1428	0.1553	0.0054	0.0055	0.0000	0.0122	0.0119	0.0000	0.0000	0.0000	0.0000	0.0058	0.0064	0.0049	0.0097	0.0104	0.0050	0.0041	0.0032	0.0049
20	118	0.5843	12	0	1	1	2	0	0	0	0	N	N	N	Y	N	N	N	N	N	N	N	N	inf	inf	inf	inf	inf	inf	6.4024	7.1081	0.0000	0.0002	0.0002	0.0000	10.7592	12.4048	0.0000	0.0000	0.0000	0.0000	0.0000	0.0000	0.0000	0.0000	0.0000	0.0000	0.0000	-0.2871	0.0000	9.0824	3.8827	4.8637	2.9998	1.0000	1.0000	0.0000	0.0000	0.0000	0.0000	0.9999	0.9999	0.0000	0.0000	0.0000	0.0000	0.0000	0.0000	0.0000	0.0000	0.0000	0.0000	0.1562	0.1407	0.0155	0.0632	0.0601	0.0032	0.0929	0.0806	0.0123	0.0413	0.0249	0.0164	0.0132	0.0116	0.0016	0.0282	0.0134	0.0148	inf	inf	0.0000	inf	inf	0.0000	inf	inf	0.0000	0.0000	0.0000	0.0000	0.0000	0.0000	0.0000	0.0000	0.0000	0.0000				
20	119	0.5814	11	0	1	0	2	0	0	0	0	N	N	N	Y	N	N	N	N	N	N	N	N	1.6650	inf	0.0003	inf	inf	0.9316	inf	0.0004	0.0014	0.0015	0.0000	0.0000	0.0000	0.0000	0.0025	0.0029	0.0000	0.0008	0.0000	0.0013	0.0000	0.0000	0.0000	0.0027	0.0000	0.0014	0.0000	inf	-0.0001	0.0000	9.0824	2.8083	4.8637	0.0030	0.0002	0.0002	0.0000	0.0000	0.0000	0.0000	0.0002	0.0002	0.0000	0.0000	0.0000	0.0000	0.0000	0.0000	0.0000	0.0000	0.0000	0.0000	0.1377	0.1250	0.0127	0.0617	0.0586	0.0031	0.0760	0.0663	0.0097	0.0172	0.0104	0.0069	0.0055	0.0048	0.0006	0.0117	0.0055	0.0062	2.7481	inf	0.0003	inf	inf	0.0000	3.3913	inf	0.0004	0.0005	0.0000	0.0013	0.0000	0.0000	0.0000	0.0007	0.0000	0.0014	
20	120	0.5814	11	0	1	1	2	0	0	0	0	N	N	N	Y	N	N	N	N	N	N	N	N	13394.1880	inf	0.0000	inf	inf	14378.9292	inf	0.0000	0.0003	0.0004	0.0000	0.0001	0.0001	0.0000	0.0005	0.0006	0.0000	0.0000	0.0000	0.0000	0.0000	0.0000	0.0000	0.0000	0.0000	0.0000	0.0000	inf	-0.0000	0.0000	9.0824	9.6158	4.8637	0.0030	0.0001	0.0001	0.0000	0.0000	0.0000	0.0000	0.0001	0.0001	0.0000	0.0000	0.0000	0.0000	0.0000	0.0000	0.0000	0.0000	0.0000	0.0000	0.4005	0.3615	0.0391	0.1641	0.1558	0.0083	0.2365	0.2057	0.0308	0.0577	0.0348	0.0230	0.0183	0.0161	0.0022	0.0394	0.0186	0.0208	13394.1880	inf	0.0000	inf	inf	0.0000	14378.9292	inf	0.0000	0.0000	0.0000	0.0000	0.0000	0.0000	0.0000	0.0000	0.0000	0.0000	
20	121	0.5718	10	0	1	0	2	0	0	0	0	N	N	N	Y	N	N	N	N	N	N	N	N	3190.5082	12704.3503	0.0000	1.7977	1.7027	2615.1988	inf	0.0000	4.9174	5.4223	0.0000	0.0011	0.0011	0.0000	9.0680	10.4268	0.0000	0.0015	0.0004	0.0015	0.0006	0.0007	0.0000	0.0035	0.0000	0.0017	0.0000	3.0191	-0.2847	0.0000	9.0824	4.2457	4.8637	2.0144	0.9916	0.9916	0.0000	0.0001	0.0001	0.0000	0.9915	0.9915	0.0000	0.0000	0.0000	0.0000	0.0000	0.0000	0.0000	0.0000	0.0000	0.0000	0.2016	0.1829	0.0188	0.0923	0.0878	0.0045	0.1093	0.0951	0.0142	0.0434	0.0265	0.0170	0.0143	0.0129	0.0014	0.0291	0.0136	0.0155	6158.3549	16631.5033	0.0000	1.7977	1.7027	0.0000	10132.5296	inf	0.0000	0.0008	0.0003	0.0015	0.0006	0.0007	0.0000	0.0009	0.0000	0.0017	
20	122	0.5296	9	0	1	0	2	0	0	0	0	N	N	N	Y	N	N	N	N	N	N	N	N	19.6088	20.0524	5.6459	0.0006	0.0006	inf	24.5245	inf	6.2154	0.0068	0.0073	0.0016	0.0000	0.0000	0.0000	0.0110	0.0123	0.0020	0.0003	0.0004	0.0003	0.0006	0.0007	0.0000	0.0004	0.0000	0.0003	0.0237	0.6781	-0.0009	-0.0000	9.0824	11.9190	4.8637	13.1740	0.0034	0.0034	0.0001	0.0000	0.0000	0.0000	0.0034	0.0034	0.0001	0.0000	0.0000	0.0000	0.0000	0.0000	0.0000	0.0000	0.0000	0.0000	0.5093	0.4599	0.0494	0.1966	0.1876	0.0090	0.3127	0.2723	0.0404	0.1515	0.0896	0.0619	0.0459	0.0398	0.0061	0.1055	0.0498	0.0557	23.4205	25.1508	5.6459	0.0006	0.0006	inf	65.7576	inf	6.2154	0.0003	0.0003	0.0003	0.0006	0.0007	0.0000	0.0002	0.0000	0.0003
20	124	0.5450	10	0	2	0	1	0	0	0	0	N	Y	N	N	N	N	N	N	N	N	N	N	0.0000	0.0000	0.0000	0.0000	0.0000	0.0000	0.0000	0.0000	0.0000	0.0000	0.0000	0.0000	0.0000	0.0000	0.0000	0.0000	0.0010	0.0001	0.0013	0.0002	0.0003	0.0000	0.0028	0.0000	0.0014	6.9028	0.0000	0.0000	9.0824	12.7386	4.8637	8.7370	0.0000	0.0000	0.0000	0.0000	0.0000	0.0000	0.0000	0.0000	0.0000	0.0001	0.0000	0.0001	0.0000	0.0000	0.0000	0.0001	0.0000	0.0001	0.5031	0.4518	0.0514	0.1838	0.1739	0.0099	0.3193	0.2779	0.0415	0.1313	0.0782	0.0531	0.0407	0.0356	0.0052	0.0906	0.0426	0.0480	0.0000	0.0000	0.0000	0.0000	0.0000	0.0000	0.0000	0.0000	0.0000	0.0006	0.0001	0.0013	0.0002	0.0003	0.0000	0.0008	0.0000	0.0014			
20	125	0.5296	9	0	2	0	1	0	0	0	0	N	Y	N	N	N	N	N	N	N	N	N	N	0.0000	0.0000	0.0000	0.0000	0.0000	0.0000	0.0000	0.0000	0.0000	0.0000	0.0000	0.0000	0.0000	0.0000	0.0000	0.0000	0.0000	0.0037	0.0054	0.0011	0.0044	0.0045	0.0036	0.0012	0.0000	0.0007	inf	0.3991	0.0000	-0.0000	9.0824	8.6431	4.8637	1.4782	0.0000	0.0000	0.0000	0.0000	0.0000	0.0000	0.0000	0.0000	0.0000	0.0001	0.0001	0.0000	0.0001	0.0001	0.0000	0.0000	0.0000	0.0000	0.3861	0.3493	0.0368	0.1552	0.1483	0.0069	0.2309	0.2011	0.0299	0.0643	0.0380	0.0263	0.0201	0.0173	0.0028	0.0443	0.0207	0.0236	0.0000	0.0000	0.0000	0.0000	0.0000	0.0000	0.0000	0.0000	0.0000	0.0015	0.0018	0.0011	0.0040	0.0040	0.0036	0.0004	0.0000	0.0007	
20	126	0.5201	8	0	1	0	1	0	0	0	0	N	N	N	N	N	N	N	N	N	N	N	N	0.0001	0.0000	0.0086	0.0007	0.0000	92.9360	0.0000	0.0000	0.0000	0.0000	0.0000	0.0000	0.0000	0.0000	0.0000	0.0000	0.0000	0.0000	0.0031	0.0060	0.0004	0.0013	0.0018	0.0000	0.0056	0.1518	0.0007	58.4333	0.1488	0.0000	-0.0000	9.0824	4.1618	4.8637	2.0491	0.0000	0.0000	0.0000	0.0000	0.0000	0.0000	0.0000	0.0000	0.0000	0.0001	0.0001	0.0000	0.0000	0.0000	0.0000	0.0000	0.0000	0.0000	0.2082	0.1883	0.0200	0.0792	0.0762	0.0030	0.1290	0.1121	0.0170	0.0581	0.0335	0.0246	0.0296	0.0204	0.0092	0.0286	0.0132	0.0154	0.0003	0.0000	0.0086	0.0007	0.0000	92.9360	0.0000	0.0000	0.0000	0.0013	0.0020	0.0004	0.0013	0.0018	0.0000	0.0014	0.0023	0.0007
20	127	0.4910	7	0	1	0	1	0	0	0	0	N	N	N	N	N	N	N	N	N	N	N	N	0.0000	0.0000	0.0000	0.0005	0.0006	0.0000	0.0000	0.0000	0.0000	0.0000	0.0000	0.0000	0.0000	0.0000	0.0000	0.0000	0.0000	0.0000	4.7828	7.5347	0.0024	0.0010	0.0009	0.0021	7.1363	14.1388	0.0024	0.0000	0.0002	-0.0000	-0.3646	9.0824	9.4810	4.8637	7.4917	0.0000	0.0000	0.0000	0.0000	0.0000	0.0000	0.0000	0.0000	0.0000	0.5804	0.5803	0.0001	0.0000	0.0000	0.0000	0.5803	0.5802	0.0001	0.3750	0.3363	0.0387	0.1248	0.1186	0.0062	0.2501	0.2176	0.0325	0.1213	0.0770	0.0443	0.0400	0.0360	0.0040	0.0813	0.0410	0.0403	0.0000	0.0000	0.0000	0.0005	0.0006	0.0000	0.0000	0.0000	0.0000	4.7828	7.5347	0.0024	0.0010	0.0009	0.0021	7.1363	14.1388	0.0024
20	128	0.0376	2	1	2	0	1	0	0	0	0	N	Y	N	N	N	N	N	N	N	N	N	N	0.0536	0.0037	32413.3027	0.0089	0.0093	0.0000	inf	inf	0.0009	0.0004	0.0040	0.0059	0.0060	0.0000	0.0005	0.0000	0.0040	0.0161	0.1065	0.0000	0.6681	0.6451	0.0004	0.0000	0.0000	0.0000	1.4868	0.0000	0.0000	-0.0001	9.0824	2.0107	4.8637	1.9995	0.0001	0.0000	0.0000	0.0000	0.0000	0.0000	0.0000	0.0000	0.0000	0.0002	0.0002	0.0000	0.0002	0.0002	0.0000	0.0000	0.0000	0.0000	0.0839	0.0731	0.0108	0.0049	0.0048	0.0001	0.0790	0.0683	0.0107	0.0403	0.0192	0.0210	0.0015	0.0015	0.0000	0.0387	0.0177	0.0210	0.1828	0.0403	32413.3027	0.0482	0.0487	0.0000	inf	0.0000	inf	0.0047	0.0099	0.0000	0.1234	0.1237	0.0004	0.0000	0.0000	0.0000	
21	22	0.1619	7	1	2	0	0	0	0	0	0	N	Y	N	N	N	N	N	N	N	N	N	N	0.5987	0.0000	34.4828	0.0006	0.0001	0.3855	2.7709	0.0000	35.8151	0.0018	0.0000	0.0142	0.0000	0.0000	0.0001	0.0020	0.0000	0.0149	0.0030	0.0065	0.0004	0.0099	0.0115	0.0002	0.0007	0.0021	0.0004	22672.3107	0.1816	0.0005	-0.0001	5.0072	17.0533	8.1033	10.0403	0.0006	0.0000	0.0006	0.0000	0.0000	0.0000	0.0006	0.0000	0.0006	0.0003	0.0003	0.0000	0.0003	0.0003	0.0000	0.0000	0.0000	0.0000	0.3525	0.3078	0.0448	0.0411	0.0389	0.0022	0.3114	0.2689	0.0425	0.2323	0.1195	0.1128	0.0367	0.0335	0.0033	0.1956	0.0861	0.1095	1.3858	0.0000	34.4828	0.0008	0.0001	0.3855	8.0029	0.0000	35.8151	0.0013	0.0021	0.0004	0.0069	0.0075	0.0002	0.0003	0.0000	0.0004
21	23	0.4341	12	1	1	0	1	0	0	0	0	N	N	N	N	N	N	N	N	N	N	N	N	1.3107	1.7821	0.2203	0.2212	0.2124	0.0000	1.5230	62.6341	0.2576	0.0040	0.0044	0.0004	0.0005	0.0005	0.0000	0.0058	0.0066	0.0005	0.0030	0.0025	0.0017	0.0022	0.0024	0.0000	0.0038	0.0001	0.0018	0.0104	1.2213	-0.0001	-0.0000	5.0072	2.8591	8.1033	0.9679	0.0002	0.0002	0.0000	0.0000	0.0000	0.0000	0.0002	0.0002	0.0000	0.0000	0.0000	0.0000	0.0000	0.0000	0.0000	0.0000	0.0000	0.0000	0.0610	0.0543	0.0067	0.0208	0.0195	0.0013	0.0401	0.0348	0.0053	0.0259	0.0148	0.0110	0.0070	0.0063	0.0007	0.0189	0.0085	0.0103	3.0267	4.2809	0.2203	0.2212	0.2124	0.0000	5.8492	19336.5890	0.2576	0.0013	0.0010	0.0017	0.0022	0.0024	0.0000	0.0010	0.0000	0.0018
21	24	0.4079	11	1	1	0	1	0	0	0	0	N	N	N	N	N	N	N	N	N	N	N	N	18.3183	14.1473	0.0014	0.0027	0.0027	0.1866	4100.1463	34507.3103	0.0000	7.5836	8.5324	0.0000	0.0017	0.0018	0.0000	11.3518	13.1119	0.0000	0.4140	0.6031	0.0013	0.6194	0.6559	0.0001	0.0028	0.0004	0.0014	0.0000	0.0200	-0.2853	-0.0015	5.0072	6.2936	8.1033	7.0245	0.9935	0.9935	0.0000	0.0001	0.0001	0.0000	0.9935	0.9935	0.0000	0.0025	0.0024	0.0000	0.0024	0.0024	0.0000	0.0000	0.0000	0.0000	0.1310	0.1164	0.0146	0.0435	0.0407	0.0028	0.0875	0.0758	0.0117	0.0848	0.0488	0.0360	0.0212	0.0190	0.0022	0.0636	0.0298	0.0338	261.3684	172.5076	0.0014	0.0147	0.0141	0.1866	14974.7810	8079609.7610	0.0000	0.0290	0.0495	0.0013	0.1137	0.1269	0.0001	0.0008	0.0000	0.0014
21	25	0.2674	8	2	1	1	0	0	0	0	0	Y	N	N	N	N	N	N	N	N	N	N	N	0.0002	0.0001	0.0000	0.0001	0.0001	0.0000	0.0014	0.0008	0.0000	0.0000	0.0000	0.0000	0.0000	0.0000	0.0000	0.0000	0.0000	0.0000	0.0032	0.0080	0.0001	0.0101	0.0118	0.0000	0.0002	0.0005	0.0001	0.0000	0.0511	-0.0000	-0.0000	5.0072	4.4994	8.1033	1.0731	0.0000	0.0000	0.0000	0.0000	0.0000	0.0000	0.0000	0.0000	0.0000	0.0001	0.0001	0.0000	0.0001	0.0001	0.0000	0.0000	0.0000	0.0000	0.1142	0.1025	0.0117	0.0427	0.0404	0.0023	0.0715	0.0621	0.0094	0.0449	0.0238	0.0211	0.0082	0.0074	0.0008	0.0367	0.0164	0.0203	0.0005	0.0003	0.0000	0.0002	0.0002	0.0000	0.0038	0.1541	0.0000	0.0014	0.0024	0.0001	0.0070	0.0078	0.0000	0.0001	0.0000	0.0001
21	26	0.1549	6	1	2	0	0	0	0	0	0	N	Y	N	N	N	N	N	N	N	N	N	N	0.0085	0.0003	7.0454	0.0957	0.0650	1.6067	0.0071	0.0000	7.6290	0.0024	0.0002	0.0176	0.0013	0.0010	0.0049	0.0026	0.0000	0.0189	0.2789	0.5017	0.0025	0.0132	0.0148	0.0031	0.3612	1.0386	0.0025	16.7752	0.0628	0.0004	-0.0021	5.0072	12.3098	8.1033	9.0087	0.0006	0.0000	0.0006	0.0001	0.0000	0.0000	0.0006	0.0000	0.0006	0.0038	0.0035	0.0002	0.0003	0.0003	0.0000	0.0034	0.0032	0.0002	0.2736	0.2390	0.0346	0.0404	0.0373	0.0031	0.2332	0.2017	0.0315	0.1950	0.1061	0.0889	0.0388	0.0348	0.0039	0.1563	0.0713	0.0850	0.1225	0.0046	7.0454	0.1463	0.1032	1.6067	0.1164	0.0001	7.6290	0.0193	0.0334	0.0025	0.0087	0.0093	0.0031	0.0220	0.0452	0.0025
21	27	0.1318	5	1	2	0	0	0	0	0	0	N	Y	N	N	N	N	N	N	N	N	N	N	0.0094	0.0041	1113.3146	0.0101	0.0066	282.5497	37.5950	0.9953	2548.2532	0.0099	0.0060	0.0358	0.0304	0.0206	0.1584	0.0072	0.0040	0.0277	1.0499	1.4523	0.0000	3.0231	3.1476	0.0006	0.0002	0.0040	0.0000	0.8945	0.0000	0.0010	-0.0961	5.0072	25.8727	8.1033	15.5187	0.0054	0.0029	0.0026	0.0019	0.0012	0.0007	0.0035	0.0017	0.0019	0.1530	0.1530	0.0000	0.1530	0.1530	0.0000	0.0000	0.0000	0.0000	0.5506	0.4788	0.0718	0.0628	0.0583	0.0045	0.4878	0.4204	0.0674	0.3848	0.2119	0.1729	0.0740	0.0673	0.0067	0.3108	0.1446	0.1662	0.0249	0.0083	1113.3146	0.0147	0.0091	282.5497	103.9301	28.9156	2548.2532	0.3976	0.7219	0.0000	2.0664	2.2715	0.0006	0.0001	0.0001	0.0000
21	28	0.1841	7	2	2	0	0	0	0	0	0	Y	Y	N	N	N	N	N	N	N	N	N	N	0.0027	1.0955	0.0002	0.3646	2.4216	0.0011	0.0005	2.5761	0.0002	0.0066	0.0073	0.0017	0.0257	0.0270	0.0008	0.0014	0.0013	0.0017	2.4302	0.0066	9.6413	0.0706	0.0112	0.7549	2.9172	0.0005	10.7960	0.0292	2157.3459	-0.0014	0.3634	5.0072	38.1974	8.1033	14.3032	0.0053	0.0051	0.0001	0.0044	0.0044	0.0000	0.0009	0.0007	0.0001	0.9790	0.0005	0.9786	0.0020	0.0005	0.0016	0.9770	0.0000	0.9770	0.7930	0.7029	0.0901	0.1711	0.1629	0.0083	0.6218	0.5400	0.0818	0.4029	0.2095	0.1933	0.0679	0.0616	0.0064	0.3349	0.1480	0.1870	0.0027	3.3560	0.0003	0.8716	3.6678	0.0034	0.0005	496.6381	0.0003	2.4302	0.0022	5.0611	0.0295	0.0074	0.2430	2.9172	0.0000	5.2259
21	29	0.1618	7	1	2	0	0	0	0	0	0	N	Y	N	N	N	N	N	N	N	N	N	N	1.1026	2.0432	0.1041	8.9145	8.5845	1102.4383	0.0236	0.0166	0.0382	0.0047	0.0054	0.0002	0.0202	0.0218	0.0012	0.0001	0.0002	0.0001	0.0043	0.0026	0.0024	0.0023	0.0025	0.0000	0.0062	0.0093	0.0025	0.0066	1.9072	-0.0002	0.0000	5.0072	6.0056	8.1033	10.9350	0.0007	0.0007	0.0000	0.0007	0.0007	0.0000	0.0000	0.0000	0.0000	0.0003	0.0001	0.0002	0.0001	0.0001	0.0000	0.0002	0.0000	0.0002	0.1581	0.1385	0.0196	0.0361	0.0333	0.0028	0.1220	0.1053	0.0168	0.1529	0.0818	0.0712	0.0306	0.0274	0.0033	0.1223	0.0544	0.0679	2.7853	4.9081	0.1041	8.9145	8.5845	1102.4383	0.0937	0.4227	0.0382	0.0017	0.0011	0.0024	0.0023	0.0025	0.0000	0.0016	0.0004	0.0025
21	30	0.2219	7	2	2	0	0	0	0	0	0	Y	Y	N	N	N	N	N	N	N	N	N	N	0.0008	0.0000	0.2686	0.0000	0.0000	0.0005	0.0237	0.0000	0.3638	0.0002	0.0000	0.0023	0.0000	0.0000	0.0000	0.0004	0.0000	0.0027	0.2806	0.4529	0.0086	0.2501	0.2591	0.0009	0.0154	0.0008	0.0073	623.2570	0.1232	0.0001	-0.0029	5.0072	17.1852	8.1033	7.8386	0.0002	0.0000	0.0001	0.0000	0.0000	0.0000	0.0001	0.0000	0.0001	0.0056	0.0050	0.0006	0.0050	0.0050	0.0000	0.0006	0.0000	0.0006	0.6459	0.5808	0.0652	0.2351	0.2261	0.0090	0.4109	0.3547	0.0562	0.2897	0.1801	0.1096	0.0857	0.0807	0.0051	0.2040	0.0994	0.1046	0.0120	0.0000	0.4103	0.0000	0.0000	0.0005	0.1219	0.0000	0.4571	0.0193	0.0277	0.0056	0.0582	0.0618	0.0009	0.0030	0.0000	0.0058
21	31	0.2625	8	1	2	0	0	0	0	0	0	N	Y	N	N	N	N	N	N	N	N	N	N	5834.7565	2911.5464	0.0000	0.6007	0.5842	0.0000	24260.9330	3502.8527	0.0000	5.0463	5.7189	0.0000	0.0015	0.0016	0.0000	6.6381	7.6785	0.0000	0.0009	0.0020	0.0001	0.0025	0.0027	0.0000	0.0003	0.0022	0.0001	0.0000	0.1402	-0.2850	-0.0000	5.0072	9.9927	8.1033	7.0404	0.9925	0.9925	0.0000	0.0001	0.0001	0.0000	0.9924	0.9924	0.0000	0.0001	0.0001	0.0000	0.0001	0.0001	0.0000	0.0000	0.0000	0.0000	0.1967	0.1736	0.0231	0.0472	0.0443	0.0029	0.1495	0.1293	0.0203	0.1300	0.0679	0.0621	0.0232	0.0212	0.0020	0.1068	0.0467	0.0601	9641.4167	6504.5218	0.0000	0.6007	0.5842	0.0000	64955.8933	139100.5650	0.0000	0.0005	0.0009	0.0001	0.0025	0.0027	0.0000	0.0001	0.0001	0.0001
21	32	0.2544	7	1	2	0	0	0	0	0	0	N	Y	N	N	N	N	N	N	N	N	N	N	6.0544	19.1662	0.0000	0.0023	0.0022	5.2000	55.1144	0.0000	0.0180	0.0202	0.0000	0.0000	0.0000	0.0000	0.0246	0.0283	0.0000	0.0030	0.0011	0.0020	0.0018	0.0019	0.0000	0.0047	0.0005	0.0021	0.0000	3.2629	-0.0005	0.0000	5.0072	3.8146	8.1033	0.9911	0.0016	0.0016	0.0000	0.0000	0.0000	0.0000	0.0016	0.0016	0.0000	0.0000	0.0000	0.0000	0.0000	0.0000	0.0000	0.0000	0.0000	0.0000	0.0872	0.0777	0.0095	0.0233	0.0222	0.0011	0.0639	0.0555	0.0085	0.0376	0.0195	0.0181	0.0065	0.0059	0.0006	0.0311	0.0136	0.0175	13.9669	34.6088	0.0000	0.0023	0.0022	0.0000	20.5908	10672.8407	0.0000	0.0013	0.0006	0.0020	0.0018	0.0019	0.0000	0.0012	0.0000	0.0021	
21	33	0.2544	7	1	2	0	0	0	0	0	0	N	Y	N	N	N	N	N	N	N	N	N	N	46.4961	19.9930	inf	0.1684	0.1627	inf	inf	inf	0.0043	0.0037	0.0085	0.0001	0.0001	0.0000	0.0056	0.0049	0.0096	0.0001	0.0002	0.0000	0.0005	0.0006	0.0000	0.0000	0.0000	0.0000	0.2968	0.0000	-0.0001	-0.0000	5.0072	24.4476	8.1033	5.0002	0.0020	0.0016	0.0005	0.0000	0.0000	0.0000	0.0020	0.0015	0.0005	0.0000	0.0000	0.0000	0.0000	0.0000	0.0000	0.0000	0.0000	0.0000	0.4696	0.4152	0.0544	0.1099	0.1033	0.0065	0.3598	0.3119	0.0479	0.2173	0.1130	0.1043	0.0370	0.0336	0.0034	0.1803	0.0794	0.1009	46.4961	21.0898	inf	0.1684	0.1627	0.0000	inf	inf	inf	0.0001	0.0002	0.0000	0.0005	0.0006	0.0000	0.0000	0.0000	0.0000	
21	34	0.3024	7	1	2	1	1	0	0	0	0	N	Y	N	N	N	N	N	N	N	N	N	N	0.0111	0.0192	0.0000	0.0772	0.0641	0.0000	0.0001	0.0000	0.0000	0.0001	0.0001	0.0000	0.0002	0.0002	0.0000	0.0000	0.0000	0.0000	0.0114	0.0070	0.0082	0.0026	0.0032	0.0000	0.0239	0.0663	0.0080	0.0000	1.7549	-0.0000	0.0000	5.0072	1.3124	8.1033	1.0060	0.0000	0.0000	0.0000	0.0000	0.0000	0.0000	0.0000	0.0000	0.0000	0.0001	0.0000	0.0000	0.0000	0.0000	0.0000	0.0001	0.0000	0.0000	0.0527	0.0492	0.0034	0.0331	0.0323	0.0008	0.0196	0.0169	0.0027	0.0216	0.0124	0.0091	0.0073	0.0060	0.0012	0.0143	0.0064	0.0079	0.0351	0.0596	0.0000	0.0772	0.0655	0.0000	0.0004	0.0014	0.0000	0.0036	0.0023	0.0054	0.0026	0.0031	0.0000	0.0041	0.0015	0.0063
21	35	0.1711	6	1	1	0	1	0	0	0	0	N	N	N	N	N	N	N	N	N	N	N	N	0.0173	0.6264	0.0010	0.1561	0.1453	0.0019	0.0170	0.9167	0.0010	0.0301	0.0330	0.0071	0.0066	0.0071	0.0000	0.0361	0.0403	0.0079	1.7414	0.0528	7.1712	0.0426	0.0486	0.0008	2.1306	0.0439	7.8126	0.0275	417.2970	-0.0087	0.3450	5.0072	53.2438	8.1033	16.6757	0.0332	0.0323	0.0009	0.0015	0.0015	0.0000	0.0317	0.0308	0.0009	0.9342	0.0022	0.9320	0.0020	0.0020	0.0000	0.9322	0.0002	0.9320	1.1044	0.9788	0.1256	0.2262	0.2128	0.0133	0.8783	0.7660	0.1123	0.5365	0.2915	0.2450	0.0990	0.0917	0.0072	0.4375	0.1997	0.2378	0.0173	4.3130	0.0019	0.3277	0.3238	0.0019	0.0170	34.4690	0.0020	1.7414	0.0077	3.8036	0.0203	0.0218	0.0008	2.1306	0.0012	3.9190
21	36	0.0855	2	1	2	0	0	0	0	0	0	N	Y	N	N	N	N	N	N	N	N	N	N	0.0235	0.0966	0.0003	0.4476	0.4738	0.0000	0.0110	20.0384	0.0004	0.0060	0.0069	0.0000	0.0320	0.0342	0.0000	0.0027	0.0031	0.0000	0.2564	0.0715	0.0710	0.0714	0.0722	0.0035	0.2476	0.0002	0.0592	0.0005	3.0974	-0.0007	0.0006	5.0072	17.9460	8.1033	11.6991	0.0024	0.0024	0.0000	0.0014	0.0014	0.0000	0.0009	0.0009	0.0000	0.0051	0.0012	0.0038	0.0012	0.0012	0.0000	0.0038	0.0000	0.0038	0.3915	0.3415	0.0501	0.0442	0.0413	0.0029	0.3474	0.3002	0.0472	0.2777	0.1451	0.1326	0.0420	0.0408	0.0012	0.2357	0.1043	0.1314	0.3289	0.8069	0.0008	1.0780	1.1244	0.0000	0.1671	6141.2456	0.0008	0.0183	0.0086	0.0290	0.0297	0.0304	0.0035	0.0163	0.0000	0.0292
21	37	0.5858	11	2	2	0	0	0	0	0	0	Y	Y	N	N	N	N	N	N	N	N	N	N	0.0000	0.0000	0.0000	0.0000	0.0000	0.0000	0.0000	0.0000	0.0000	0.0000	0.0000	0.0000	0.0000	0.0000	0.0000	0.0000	0.0000	0.0000	0.0000	0.0000	0.0000	0.0000	0.0000	0.0000	-0.0000	5.0072	1.9903	8.1033	0.0021	0.0000	0.0000	0.0000	0.0000	0.0000	0.0000	0.0000	0.0000	0.0000	0.0000	0.0000	0.0000	0.0000	0.0000	0.0000	0.0000	0.0000	0.0000	0.0391	0.0348	0.0043	0.0137	0.0129	0.0008	0.0254	0.0219	0.0035	0.0137	0.0081	0.0055	0.0052	0.0047	0.0005	0.0085	0.0035	0.0050	0.0000	0.0000	0.0000	0.0000	0.0000	0.0000	0.0000	0.0000	0.0000	0.0000	0.0000	0.0000	0.0000	0.0000	0.0000	0.0000	0.0000	0.0000						
21	38	0.1711	6	1	2	0	1	0	0	0	0	N	Y	N	N	N	N	N	N	N	N	N	N	0.9526	0.1900	21.7061	0.0500	0.0443	1.3160	1.7690	0.0857	32.0211	0.0344	0.0383	0.0038	0.0022	0.0022	0.0024	0.0432	0.0490	0.0040	0.0361	0.2018	0.0002	0.0447	0.0500	0.0019	0.0244	0.5718	0.0001	0.0128	0.0110	-0.0093	-0.0022	5.0072	45.5232	8.1033	15.8903	0.0339	0.0334	0.0004	0.0005	0.0004	0.0000	0.0334	0.0330	0.0004	0.0036	0.0036	0.0000	0.0020	0.0019	0.0000	0.0017	0.0016	0.0000	0.9835	0.8719	0.1116	0.2112	0.1988	0.0124	0.7723	0.6731	0.0992	0.4868	0.2652	0.2216	0.0925	0.0859	0.0066	0.3943	0.1793	0.2150	4.6303	2.8400	21.7061	0.1053	0.0978	1.3160	10.2726	5.3829	32.0211	0.0074	0.0135	0.0002	0.0212	0.0227	0.0019	0.0042	0.0091	0.0001
21	39	0.1440	5	1	1	0	1	0	0	0	0	N	N	N	N	N	N	N	N	N	N	N	N	1.8608	5.8089	0.0007	14.3278	13.4243	29.8443	1.9376	2.9131	0.0004	1.6688	1.9054	0.0017	0.2110	0.2286	0.0065	2.0637	2.3895	0.0009	0.8968	0.3280	2.5180	0.0147	0.0170	0.0002	1.0651	0.8203	2.5458	0.0001	17.3676	-0.1580	0.0107	5.0072	13.8166	8.1033	4.5847	0.5503	0.5503	0.0001	0.0148	0.0148	0.0000	0.5355	0.5355	0.0000	0.0339	0.0018	0.0320	0.0004	0.0004	0.0000	0.0335	0.0015	0.0320	0.3298	0.2888	0.0410	0.0703	0.0647	0.0056	0.2595	0.2241	0.0354	0.1770	0.0975	0.0795	0.0379	0.0342	0.0036	0.1392	0.0633	0.0759	8.7245	100.7654	0.0041	22.1785	21.7735	29.8443	8.5723	101.8606	0.0021	0.1913	0.0189	0.4026	0.0095	0.0105	0.0002	0.2407	0.0235	0.4219
21	40	0.3059	9	1	1	1	0	0	0	0	0	N	N	N	N	N	N	N	N	N	N	N	N	0.0005	0.0003	0.0232	0.0001	0.0001	0.0021	0.0008	0.0004	0.0490	0.0040	0.0046	0.0000	0.0006	0.0006	0.0000	0.0052	0.0060	0.0000	7.9748	13.5634	0.0003	11.4129	12.0525	0.0048	6.6545	14.7841	0.0001	0.0002	0.0000	-0.0003	-1.0196	5.0072	12.6411	8.1033	7.4648	0.0012	0.0012	0.0000	0.0000	0.0000	0.0000	0.0011	0.0011	0.0000	1.6226	1.6226	0.0000	0.6443	0.6443	0.0000	0.9783	0.9783	0.0000	0.2927	0.2586	0.0340	0.0721	0.0687	0.0034	0.2205	0.1899	0.0306	0.2035	0.1196	0.0838	0.0565	0.0535	0.0030	0.1470	0.0662	0.0808	0.0005	0.0003	0.0232	0.0001	0.0001	0.0021	0.0008	0.0004	0.0490	7.9748	13.5634	0.0003	11.4129	12.0525	0.0048	6.6545	14.7841	0.0001
21	41	0.5733	9	1	2	0	0	0	0	0	0	N	Y	N	N	N	N	N	N	N	N	N	N	0.0112	0.1391	0.0003	0.4952	0.4480	0.1003	0.0047	0.0077	0.0004	0.0019	0.0021	0.0000	0.0027	0.0029	0.0000	0.0014	0.0016	0.0000	0.1673	0.0151	0.0661	0.0055	0.0065	0.0001	0.2893	0.2031	0.0628	0.0013	5.1470	-0.0003	0.0006	5.0072	22.0894	8.1033	9.3639	0.0009	0.0009	0.0000	0.0005	0.0005	0.0000	0.0004	0.0004	0.0000	0.0030	0.0005	0.0025	0.0003	0.0003	0.0000	0.0027	0.0002	0.0025	0.4670	0.4161	0.0509	0.1801	0.1680	0.0121	0.2869	0.2482	0.0388	0.2142	0.1239	0.0904	0.0698	0.0627	0.0071	0.1445	0.0612	0.0832	0.1341	0.5344	0.0008	0.5894	0.5683	0.1003	0.0732	0.5702	0.0009	0.0140	0.0039	0.0278	0.0046	0.0051	0.0001	0.0185	0.0027	0.0301
21	42	0.1440	5	1	2	0	0	0	0	0	0	N	Y	N	N	N	N	N	N	N	N	N	N	436.9038	54.3814	17543.2357	0.7617	0.6576	232.8623	1679.5656	407.3845	18637.0333	2.9487	0.7305	18.8493	0.0148	0.0147	0.0155	3.4758	0.8685	20.6092	0.0067	0.0134	0.0011	0.0194	0.0224	0.0001	0.0021	0.0021	0.0011	3.5993	0.2560	1.2625	-0.0005	5.0072	43.3975	8.1033	17.3745	2.5483	0.5541	1.9942	0.0019	0.0018	0.0001	2.5463	0.5523	1.9941	0.0012	0.0009	0.0002	0.0009	0.0009	0.0000	0.0002	0.0000	0.0002	0.8642	0.7584	0.1058	0.1316	0.1226	0.0090	0.7326	0.6358	0.0968	0.4824	0.2589	0.2235	0.0804	0.0736	0.0067	0.4020	0.1853	0.2167	1207.5614	201.6998	17543.2357	1.2795	1.1685	232.8623	5606.2345	16777.2144	18637.0333	0.0024	0.0036	0.0011	0.0116	0.0126	0.0001	0.0006	0.0001	0.0011
21	43	0.5035	8	2	1	1	0	0	0	0	0	Y	N	N	N	N	N	N	N	N	N	N	N	0.2093	0.0079	5.8125	0.0224	0.0125	0.6028	0.7532	0.0000	7.7166	0.0000	0.0000	0.0003	0.0000	0.0000	0.0001	0.0001	0.0000	0.0004	0.0002	0.0003	0.0001	0.0005	0.0006	0.0002	0.0001	0.0002	0.0001	14.8343	0.1643	0.0000	-0.0000	5.0072	18.2331	8.1033	4.4208	0.0000	0.0000	0.0000	0.0000	0.0000	0.0000	0.0000	0.0000	0.0000	0.0000	0.0000	0.0000	0.0000	0.0000	0.0000	0.0000	0.0000	0.0000	0.3785	0.3383	0.0402	0.1311	0.1240	0.0070	0.2474	0.2142	0.0332	0.1581	0.0879	0.0702	0.0470	0.0421	0.0049	0.1111	0.0458	0.0654	0.2093	0.0096	5.8125	0.0224	0.0125	0.6028	1.7437	0.0000	7.7166	0.0002	0.0003	0.0001	0.0005	0.0006	0.0002	0.0000	0.0000	0.0001
21	44	0.5633	8	1	2	0	1	0	0	0	0	N	Y	N	N	N	N	N	N	N	N	N	N	0.8029	0.3379	13.9532	1.1744	1.0979	0.0003	1.9086	0.1114	26.0178	0.0072	0.0070	0.0085	0.0161	0.0173	0.0000	0.0023	0.0010	0.0108	0.0090	0.0208	0.0006	0.0137	0.0157	0.0027	0.0012	0.0090	0.0004	0.1435	0.0910	-0.0014	-0.0009	5.0072	62.5878	8.1033	29.9840	0.0086	0.0075	0.0011	0.0068	0.0068	0.0000	0.0017	0.0007	0.0011	0.0017	0.0015	0.0001	0.0015	0.0015	0.0001	0.0001	0.0001	0.0001	1.1921	1.0654	0.1267	0.4233	0.3962	0.0271	0.7687	0.6692	0.0995	0.5480	0.3191	0.2289	0.1706	0.1509	0.0197	0.3774	0.1682	0.2092	2.3597	1.4668	13.9532	1.8068	1.7685	0.0003	5.8418	2.8163	26.0178	0.0030	0.0048	0.0006	0.0089	0.0098	0.0027	0.0004	0.0004	0.0004
21	45	0.5035	8	2	1	1	0	0	0	0	0	Y	N	N	N	N	N	N	N	N	N	N	N	3.7216	1.6437	10.3270	23.6146	22.4360	1.6255	0.8219	0.0239	12.0479	0.0202	0.0225	0.0004	0.0424	0.0447	0.0000	0.0079	0.0091	0.0005	0.0054	0.0137	0.0000	0.0018	0.0020	0.0000	0.0096	0.3788	0.0000	0.0022	0.0091	-0.0017	-0.0002	5.0072	13.5293	8.1033	3.1702	0.0059	0.0059	0.0000	0.0044	0.0044	0.0000	0.0015	0.0015	0.0000	0.0002	0.0002	0.0000	0.0001	0.0001	0.0000	0.0002	0.0002	0.0000	0.2933	0.2626	0.0307	0.1047	0.0993	0.0054	0.1886	0.1633	0.0252	0.1201	0.0670	0.0531	0.0361	0.0325	0.0036	0.0839	0.0345	0.0494	9.8394	6.1727	10.3270	23.6146	22.4360	1.6255	3.6511	1.7375	12.0479	0.0021	0.0037	0.0000	0.0018	0.0020	0.0000	0.0022	0.0052	0.0000
21	46	0.4990	7	2	1	1	0	0	0	0	0	Y	N	N	N	N	N	N	N	N	N	N	N	0.5278	0.0895	12.7359	0.1080	0.0808	0.4832	0.9092	0.0333	19.2164	0.0029	0.0005	0.0274	0.0004	0.0003	0.0046	0.0047	0.0008	0.0323	0.0054	0.0059	0.0021	0.0038	0.0031	0.0095	0.0052	0.0227	0.0017	4.9921	0.7607	0.0002	-0.0000	5.0072	4.1147	8.1033	1.2946	0.0004	0.0001	0.0003	0.0000	0.0000	0.0000	0.0004	0.0001	0.0003	0.0001	0.0001	0.0000	0.0001	0.0000	0.0000	0.0000	0.0000	0.0000	0.1341	0.1224	0.0117	0.0576	0.0555	0.0021	0.0765	0.0669	0.0097	0.0494	0.0290	0.0205	0.0168	0.0156	0.0012	0.0326	0.0134	0.0192	1.3962	0.2634	12.7359	0.1150	0.0815	0.4832	3.6489	1.0084	19.2164	0.0021	0.0020	0.0021	0.0035	0.0031	0.0095	0.0013	0.0007	0.0017
21	47	0.4364	6	2	1	0	0	0	0	0	0	Y	N	N	N	N	N	N	N	N	N	N	N	3.0573	0.3216	26.8708	0.0311	0.0076	5.2089	3.8258	0.2831	35.2364	2.1739	0.2287	18.0572	0.0092	0.0023	0.1322	3.1839	0.3443	21.3897	0.7110	0.7110	0.6720	0.2971	0.2982	0.0254	0.8322	1.2159	0.6070	9.6697	1.0383	0.6604	-0.0034	5.0072	22.0103	8.1033	13.6452	1.0667	0.1000	0.9667	0.0014	0.0003	0.0011	1.0652	0.0996	0.9656	0.0288	0.0141	0.0147	0.0079	0.0077	0.0002	0.0209	0.0065	0.0145	0.4907	0.4371	0.0535	0.1561	0.1477	0.0084	0.3346	0.2894	0.0451	0.3528	0.2107	0.1422	0.1236	0.1144	0.0092	0.2292	0.0963	0.1330	26.6171	3.4082	174.8561	0.1446	0.0336	5.4550	34.8830	5.1263	196.7179	0.0817	0.0671	0.1033	0.0639	0.0671	0.0242	0.0913	0.0672	0.1087
21	48	0.3059	9	1	2	0	0	0	0	0	0	N	Y	N	N	N	N	N	N	N	N	N	N	0.0001	0.0002	0.0000	0.0002	0.0001	0.0006	0.0001	inf	0.0000	0.0002	0.0002	0.0003	0.0002	0.0001	0.0030	0.0002	0.0002	0.0000	2.0428	0.9316	9.0778	1.3385	1.2450	4.8519	2.7625	0.0000	9.6333	0.2241	26.6335	-0.0000	0.1215	5.0072	12.3962	8.1033	3.7178	0.0001	0.0000	0.0000	0.0000	0.0000	0.0000	0.0000	0.0000	0.0000	0.3622	0.0131	0.3491	0.0152	0.0131	0.0021	0.3470	0.0000	0.3470	0.2910	0.2571	0.0338	0.0718	0.0684	0.0034	0.2192	0.1887	0.0305	0.1773	0.1054	0.0719	0.0517	0.0492	0.0025	0.1256	0.0563	0.0694	0.0001	0.0014	0.0001	0.0007	0.0003	0.0036	0.0001	inf	0.0000	2.0428	0.1243	4.8565	0.2935	0.2666	0.8196	2.7625	0.0000	5.0028
21	49	0.2770	8	1	1	0	0	0	0	0	0	N	N	N	N	N	N	N	N	N	N	N	N	0.0066	0.0061	0.0013	0.0029	0.0028	0.0036	0.0111	0.0186	0.0012	0.0172	0.0187	0.0059	0.0151	0.0157	0.0051	0.0181	0.0200	0.0060	2.6216	3.0698	4.5985	5.2763	5.5297	1.4124	1.6241	1.0767	4.9493	0.0401	0.4927	-0.0016	-0.2094	5.0072	14.4870	8.1033	5.8627	0.0065	0.0062	0.0002	0.0017	0.0016	0.0000	0.0048	0.0046	0.0002	0.7021	0.4703	0.2317	0.4686	0.4669	0.0017	0.2334	0.0034	0.2300	0.3762	0.3340	0.0422	0.1099	0.1040	0.0058	0.2663	0.2300	0.0363	0.2678	0.1532	0.1146	0.0888	0.0844	0.0044	0.1790	0.0688	0.1102	0.0066	0.0061	0.0029	0.0029	0.0028	0.0133	0.0139	0.4065	0.0029	2.6216	3.0698	2.0222	5.2763	5.5297	0.3865	1.3042	0.0492	2.0872
21	50	0.2732	9	2	2	1	0	0	0	0	0	Y	Y	N	N	N	N	N	N	N	N	N	N	0.0000	0.0000	inf	inf	0.0000	0.0000	0.0000	0.0000	0.0003	0.0001	0.0000	0.0021	0.0000	0.0000	0.0000	32.8560	0.0000	108.0274	0.0000	0.0000	0.0000	39.9240	0.0000	110.2352	inf	inf	0.0000	0.3646	5.0072	0.9856	8.1033	2.8295	0.0000	0.0000	0.0000	0.0000	0.0000	0.0000	0.0000	0.0000	0.0000	0.9810	0.0000	0.9810	0.0000	0.0000	0.0000	0.9810	0.0000	0.9810	0.0205	0.0181	0.0024	0.0053	0.0051	0.0003	0.0151	0.0131	0.0021	0.0299	0.0156	0.0143	0.0053	0.0047	0.0006	0.0246	0.0109	0.0137	0.0000	0.0000	0.0000	inf	0.0000	inf	0.0000	0.0000	0.0000	32.8560	0.0000	68.7825	0.0000	0.0000	0.0000	39.9240	0.0000	71.5444			
21	51	0.5432	9	2	2	0	0	0	0	0	0	Y	Y	N	N	N	N	N	N	N	N	N	N	0.4443	0.2091	0.0000	0.0001	0.0001	0.0000	52.3548	0.4272	0.0000	0.0002	0.0002	0.0000	0.0000	0.0000	0.0000	0.0003	0.0004	0.0000	0.0004	0.0010	0.0000	0.0009	0.0010	0.0000	0.0000	0.0008	0.0000	0.0000	0.0069	-0.0000	-0.0000	5.0072	13.3057	8.1033	8.6321	0.0001	0.0001	0.0000	0.0000	0.0000	0.0000	0.0001	0.0001	0.0000	0.0001	0.0001	0.0000	0.0001	0.0001	0.0000	0.0000	0.0000	0.0000	0.3196	0.2850	0.0346	0.1238	0.1168	0.0071	0.1957	0.1682	0.0276	0.1686	0.0988	0.0698	0.0588	0.0537	0.0052	0.1097	0.0452	0.0646	0.5681	0.3761	0.0000	0.0001	0.0001	0.0000	52.3548	51.1996	0.0000	0.0003	0.0006	0.0000	0.0009	0.0010	0.0000	0.0000	0.0000	0.0000
21	52	0.4079	11	1	2	0	1	0	0	0	0	N	Y	N	N	N	N	N	N	N	N	N	N	0.4160	706.0638	0.0000	33.2046	850.6999	0.0000	0.0001	inf	0.0000	0.0072	0.0081	0.0000	0.0210	0.0224	0.0000	0.0000	0.0000	0.0000	0.0173	0.0000	0.0235	0.0006	0.0000	0.0074	0.0514	0.0000	0.0205	0.0000	719.3912	-0.0001	0.0000	5.0072	2.1073	8.1033	0.0711	0.0003	0.0003	0.0000	0.0003	0.0003	0.0000	0.0000	0.0000	0.0000	0.0001	0.0000	0.0001	0.0000	0.0000	0.0000	0.0001	0.0000	0.0001	0.0469	0.0417	0.0052	0.0161	0.0151	0.0010	0.0308	0.0266	0.0042	0.0163	0.0097	0.0066	0.0046	0.0042	0.0004	0.0117	0.0055	0.0062	1.4665	706.0638	0.0000	33.2046	850.6999	0.0000	0.0009	inf	0.0000	0.0049	0.0000	0.0121	0.0006	0.0000	0.0074	0.0066	0.0000	0.0124
21	53	0.3456	10	1	1	0	1	0	0	0	0	N	N	N	N	N	N	N	N	N	N	N	N	2.2606	1.4211	0.0000	0.0706	0.0633	0.0000	9.2544	96.4762	0.0000	0.0034	0.0038	0.0000	0.0003	0.0003	0.0000	0.0050	0.0058	0.0000	0.0015	0.0027	0.0004	0.0039	0.0047	0.0006	0.0005	0.0001	0.0004	0.0000	0.2888	-0.0004	-0.0001	5.0072	21.8329	8.1033	8.0592	0.0015	0.0015	0.0000	0.0000	0.0000	0.0000	0.0014	0.0014	0.0000	0.0001	0.0001	0.0000	0.0001	0.0001	0.0000	0.0000	0.0000	0.0000	0.4317	0.3845	0.0472	0.1451	0.1357	0.0094	0.2866	0.2488	0.0378	0.1674	0.0919	0.0755	0.0289	0.0252	0.0038	0.1385	0.0667	0.0718	4.3200	3.4307	0.0000	0.0762	0.0725	0.0000	25.4453	35063.9052	0.0000	0.0008	0.0011	0.0004	0.0036	0.0041	0.0006	0.0002	0.0000	0.0004
21	54	0.6557	11	1	2	0	1	0	0	0	0	N	Y	N	N	N	N	N	N	N	N	N	N	0.0000	0.0000	0.0000	0.0000	0.0000	0.0000	0.0000	0.0000	0.0000	0.0000	0.0000	0.0000	0.0000	0.0000	0.0000	0.0000	0.0000	0.0000	0.0000	0.0000	5.0072	0.0000	8.1033	0.0000	0.0000	0.0000	0.0000	0.0000	0.0000	0.0000	0.0000	0.0000	0.0000	0.0000	0.0000	0.0000	0.0000	0.0000	0.0000	0.0000	0.0000	0.0000	0.0000	0.0000	0.0000	0.0000	0.0000	0.0000	0.0000	0.0000	0.0000	0.0000	0.0000	0.0000	0.0000	0.0000	0.0000	0.0000	0.0000	0.0000	0.0000	0.0000	0.0000	0.0000	0.0000	0.0000	0.0000	0.0000	0.0000	0.0000	0.0000	0.0000	0.0000	0.0000	0.0000	0.0000	0.0000	0.0000											
21	55	0.3456	10	1	1	0	1	0	0	0	0	N	N	N	N	N	N	N	N	N	N	N	N	0.0014	0.9939	0.0000	0.0231	0.8822	0.0000	0.0001	0.0062	0.0000	0.0000	0.0000	0.0000	0.0000	0.0000	0.0000	0.0000	0.0000	0.0000	0.0073	0.0000	0.0115	0.0009	0.0000	0.0140	0.0173	0.0004	0.0086	0.0000	379.3256	-0.0000	0.0000	5.0072	1.2825	8.1033	0.1503	0.0000	0.0000	0.0000	0.0000	0.0000	0.0000	0.0000	0.0000	0.0000	0.0000	0.0000	0.0000	0.0000	0.0000	0.0000	0.0000	0.0000	0.0000	0.0361	0.0324	0.0037	0.0153	0.0143	0.0010	0.0207	0.0180	0.0027	0.0118	0.0074	0.0044	0.0032	0.0030	0.0002	0.0086	0.0044	0.0042	0.0038	0.9939	0.0000	0.0231	0.8822	0.0000	0.0006	1.4803	0.0000	0.0026	0.0000	0.0070	0.0009	0.0000	0.0140	0.0033	0.0000	0.0067
21	56	0.3046	9	1	1	0	1	0	0	0	0	N	N	N	N	N	N	N	N	N	N	N	N	0.0371	12.0042	0.0000	2.7754	19.1116	0.0000	0.0006	0.0702	0.0000	0.0056	0.0063	0.0000	0.0148	0.0158	0.0000	0.0002	0.0002	0.0000	0.1510	0.0005	0.0879	0.0053	0.0008	0.0418	0.2606	0.0027	0.0742	0.0000	57.7750	-0.0006	0.0008	5.0072	14.8542	8.1033	6.8183	0.0020	0.0020	0.0000	0.0020	0.0020	0.0000	0.0000	0.0000	0.0000	0.0024	0.0000	0.0024	0.0002	0.0000	0.0002	0.0022	0.0000	0.0022	0.3660	0.3265	0.0394	0.1356	0.1272	0.0084	0.2304	0.1993	0.0311	0.1771	0.1072	0.0698	0.0490	0.0436	0.0053	0.1281	0.0636	0.0645	0.4139	16.5142	0.0000	3.2823	19.1116	0.0000	0.0096	2.5701	0.0000	0.0135	0.0004	0.0337	0.0045	0.0008	0.0349	0.0170	0.0001	0.0336
21	57	0.2296	8	1	1	0	1	0	0	0	0	N	N	N	N	N	N	N	N	N	N	N	N	241.6301	190.4384	0.7885	444.7108	447.5746	0.1684	4.5630	1.0838	0.9364	0.3107	0.3493	0.0004	0.9837	1.0542	0.0002	0.0046	0.0052	0.0004	0.0013	0.0018	0.0005	0.0022	0.0024	0.0009	0.0010	0.0048	0.0005	0.0001	0.4544	-0.0718	-0.0001	5.0072	33.5853	8.1033	9.3450	0.2502	0.2501	0.0000	0.2476	0.2476	0.0000	0.0025	0.0025	0.0000	0.0002	0.0002	0.0001	0.0001	0.0001	0.0000	0.0001	0.0000	0.0001	0.8052	0.7161	0.0891	0.2517	0.2349	0.0168	0.5535	0.4812	0.0723	0.3178	0.1787	0.1391	0.0615	0.0553	0.0061	0.2563	0.1233	0.1330	446.8268	410.7935	0.7885	444.7108	447.5746	0.1684	13.7866	29.6655	0.9364	0.0007	0.0009	0.0005	0.0022	0.0024	0.0009	0.0003	0.0002	0.0005
21	58	0.2089	7	1	1	0	0	0	0	0	0	N	N	N	N	N	N	N	N	N	N	N	N	1.0176	0.9476	0.0028	1.0772	1.1512	0.1147	0.7111	0.6228	0.0012	0.8954	1.0118	0.0032	1.5241	1.6263	0.0135	0.6341	0.7346	0.0012	0.8799	1.0678	1.1287	1.4149	1.4127	0.1174	0.8918	1.1796	1.0044	0.0004	0.6390	-0.1076	-0.0085	5.0072	15.2419	8.1033	2.5705	0.3754	0.3753	0.0002	0.1876	0.1875	0.0001	0.1878	0.1878	0.0000	0.0358	0.0218	0.0140	0.0184	0.0183	0.0001	0.0174	0.0035	0.0138	0.4193	0.3709	0.0484	0.1231	0.1153	0.0078	0.2962	0.2556	0.0406	0.2063	0.1105	0.0957	0.0565	0.0546	0.0019	0.1498	0.0559	0.0939	5.1603	5.1214	0.0218	4.6708	4.8541	0.1868	5.4711	11.6023	0.0082	0.1735	0.1976	0.1458	0.3263	0.3350	0.0721	0.1159	0.0633	0.1472
21	59	0.6557	11	1	1	0	1	0	0	0	0	N	N	N	N	N	N	N	N	N	N	N	N	0.0000	0.0000	0.0000	0.0000	0.0000	0.0000	0.0000	0.0000	0.0000	0.0000	0.0000	0.0000	0.0000	0.0000	0.0000	8.4625	11.8643	0.0000	16.0835	20.2705	0.0000	0.0722	0.6549	0.0000	0.0000	0.0000	-0.0000	5.0072	0.0000	8.1033	0.0000	0.0000	0.0000	0.0000	0.0000	0.0000	0.0000	0.0000	0.0000	0.0000	0.0000	0.0000	0.0000	0.0000	0.0000	0.0000	0.0000	0.0000	0.0000	0.0000	0.0000	0.0000	0.0000	0.0000	0.0000	0.0000	0.0000	0.0000	0.0000	0.0000	0.0000	0.0000	0.0000	0.0000	0.0000	0.0000	0.0000	0.0000	0.0000	0.0000	0.0000	0.0000	0.0000	0.0000	0.0000	0.0000	8.4625	11.8643	0.0000	16.0835	20.2705	0.0000	0.0079	0.0127	0.0000				
21	60	0.5782	10	1	1	0	1	0	0	0	0	N	N	N	N	N	N	N	N	N	N	N	N	0.0009	0.0006	0.0000	0.0009	0.0008	0.0003	0.0000	0.0000	0.0000	0.0048	0.0053	0.0000	0.0145	0.0152	0.0000	0.0000	0.0000	0.0000	5.3832	9.1748	0.0827	15.8952	18.2034	0.0254	0.3631	0.5258	0.0716	0.0000	0.0025	-0.0005	-0.6190	5.0072	19.3360	8.1033	7.9957	0.0017	0.0017	0.0000	0.0017	0.0017	0.0000	0.0000	0.0000	0.0000	0.9890	0.9865	0.0024	0.9863	0.9861	0.0002	0.0027	0.0004	0.0022	0.3609	0.3229	0.0380	0.1190	0.1132	0.0058	0.2418	0.2097	0.0321	0.1837	0.1075	0.0762	0.0620	0.0542	0.0079	0.1217	0.0534	0.0683	0.0009	0.0006	0.0000	0.0009	0.0008	0.0003	0.0000	0.0001	0.0000	5.3832	9.1748	0.0320	15.8952	18.2034	0.0241	0.0221	0.0082	0.0329
21	61	0.2682	8	1	2	1	0	0	0	0	0	N	Y	N	N	N	N	N	N	N	N	N	N	0.6950	0.4121	0.0000	0.0093	0.0091	0.0000	0.7745	0.3924	0.0000	3.5032	3.9647	0.0000	0.0015	0.0016	0.0000	4.7672	5.5262	0.0000	5.0403	9.6197	0.0004	0.1592	0.1731	0.0002	6.1548	14.0835	0.0004	0.0000	0.0000	-0.2857	-0.6192	5.0072	14.2360	8.1033	11.9336	0.9951	0.9951	0.0000	0.0001	0.0001	0.0000	0.9950	0.9950	0.0000	0.9855	0.9855	0.0000	0.0016	0.0016	0.0000	0.9839	0.9838	0.0000	0.2840	0.2510	0.0331	0.0753	0.0709	0.0044	0.2087	0.1800	0.0287	0.1955	0.1024	0.0931	0.0357	0.0326	0.0031	0.1599	0.0699	0.0900	0.6950	0.4121	0.0000	0.0327	0.0318	0.0000	0.7745	0.3924	0.0000	5.0403	9.6197	0.0004	0.0453	0.0496	0.0002	6.1548	14.0835	0.0004
21	62	0.1960	8	2	1	1	0	0	0	0	0	Y	N	N	N	N	N	N	N	N	N	N	N	0.2088	0.0152	81.1709	0.2049	0.0934	24959.0228	2.6266	0.0001	29.4003	0.0053	0.0022	0.0282	0.0204	0.0101	0.2000	0.0014	0.0000	0.0105	0.0254	0.1452	0.0003	0.0995	0.1079	0.0000	0.0005	0.0002	0.0004	1.7235	0.0265	0.0010	-0.0012	5.0072	28.8660	8.1033	13.2209	0.0029	0.0011	0.0019	0.0023	0.0011	0.0012	0.0006	0.0000	0.0006	0.0021	0.0020	0.0001	0.0020	0.0020	0.0000	0.0001	0.0000	0.0001	0.5541	0.4881	0.0660	0.1133	0.1071	0.0062	0.4408	0.3809	0.0599	0.3276	0.1736	0.1540	0.0569	0.0522	0.0047	0.2707	0.1214	0.1493	0.8381	0.1900	81.1709	0.5742	0.2603	24959.0228	7.2316	0.0351	29.4003	0.0063	0.0116	0.0003	0.0355	0.0387	0.0000	0.0002	0.0000	0.0004
21	66	0.2682	8	1	2	0	0	0	0	0	0	N	Y	N	N	N	N	N	N	N	N	N	N	0.0083	0.0014	44.3115	0.0032	0.0031	1.1411	4.9977	0.0002	63.5309	0.0049	0.0012	0.0337	0.0043	0.0042	0.0063	0.0051	0.0000	0.0379	0.5920	0.8418	0.0008	1.3364	1.3706	0.0055	0.0010	0.0015	0.0006	3.8092	0.0069	0.0010	-0.0075	5.0072	21.1811	8.1033	10.1862	0.0020	0.0004	0.0016	0.0005	0.0004	0.0000	0.0016	0.0000	0.0016	0.0121	0.0121	0.0001	0.0121	0.0121	0.0000	0.0001	0.0000	0.0001	0.4090	0.3615	0.0475	0.1064	0.1000	0.0063	0.3026	0.2615	0.0411	0.2306	0.1208	0.1098	0.0417	0.0380	0.0036	0.1889	0.0828	0.1061	0.0937	0.0116	44.3115	0.0149	0.0132	1.1411	14.9238	0.0130	63.5309	0.0526	0.0998	0.0008	0.2896	0.3169	0.0055	0.0003	0.0000	0.0006
21	67	0.2544	7	1	2	0	0	0	0	0	0	N	Y	N	N	N	N	N	N	N	N	N	N	0.0041	0.0033	0.0097	0.0009	0.0007	0.1142	0.0045	0.0025	0.0129	0.0027	0.0030	0.0001	0.0000	0.0000	0.0000	0.0036	0.0041	0.0001	0.6561	0.9231	0.0116	0.0067	0.0077	0.0002	0.7873	1.6719	0.0097	0.0048	0.0540	-0.0001	-0.0025	5.0072	7.4253	8.1033	0.9851	0.0004	0.0004	0.0000	0.0000	0.0000	0.0000	0.0004	0.0004	0.0000	0.0043	0.0041	0.0002	0.0001	0.0001	0.0000	0.0043	0.0040	0.0002	0.1569	0.1391	0.0178	0.0392	0.0371	0.0021	0.1177	0.1020	0.0157	0.0652	0.0338	0.0314	0.0112	0.0102	0.0010	0.0540	0.0236	0.0304	0.0406	0.0249	0.0161	0.0012	0.0009	0.1142	0.0455	0.0241	0.0173	0.0661	0.1211	0.0070	0.0052	0.0057	0.0002	0.0787	0.1709	0.0073
21	68	0.2770	8	1	1	1	0	0	0	0	0	N	N	N	N	N	N	N	N	N	N	N	N	0.0035	15.8657	0.0000	0.0608	4.6380	0.0000	0.0030	81.9970	0.0000	0.0131	0.0148	0.0000	0.0043	0.0045	0.0000	0.0167	0.0194	0.0000	3.7620	0.0009	14.8283	0.0702	0.0010	2.6713	5.5838	0.0002	16.1785	0.0000	12406.9212	-0.0015	0.3825	5.0072	15.0354	8.1033	6.2061	0.0051	0.0051	0.0000	0.0005	0.0005	0.0000	0.0046	0.0046	0.0000	1.0294	0.0001	1.0293	0.0026	0.0001	0.0026	1.0268	0.0000	1.0268	0.3867	0.3433	0.0434	0.1120	0.1060	0.0060	0.2747	0.2373	0.0374	0.2736	0.1564	0.1172	0.0897	0.0853	0.0045	0.1839	0.0711	0.1127	0.0035	27.8833	0.0000	0.1449	4.6380	0.0000	0.0030	24450.4772	0.0000	3.7620	0.0005	8.7804	0.0295	0.0010	0.5705	5.5838	0.0000	9.1073
21	69	0.2089	7	1	1	0	0	0	0	0	0	N	N	N	N	N	N	N	N	N	N	N	N	0.6945	1.4243	0.0001	0.4836	0.5168	0.0015	0.7057	3.0475	0.0000	1.9095	2.1606	0.0006	1.5409	1.6445	0.0036	2.0302	2.3433	0.0001	2.7497	1.5170	9.1222	3.1862	3.1821	2.3552	2.8767	0.7689	9.5640	0.0000	4.6287	-0.3549	0.1907	5.0072	27.6811	8.1033	13.1592	1.2360	1.2360	0.0000	0.2460	0.2459	0.0000	0.9900	0.9900	0.0000	0.9831	0.1747	0.8084	0.1745	0.1724	0.0021	0.8086	0.0023	0.8064	0.6473	0.5720	0.0752	0.1596	0.1496	0.0101	0.4876	0.4225	0.0652	0.3575	0.1921	0.1654	0.0764	0.0726	0.0039	0.2811	0.1196	0.1615	0.6945	2.3769	0.0001	0.6750	0.6922	0.0067	0.7057	123.9835	0.0000	2.7497	0.9090	4.8881	2.2826	2.3759	0.5357	2.8767	0.0189	4.9925
21	70	0.1741	6	1	1	0	0	0	0	0	0	N	N	N	N	N	N	N	N	N	N	N	N	0.7079	1.1913	0.0004	2.3163	2.3739	0.8463	0.2253	0.4853	0.0002	0.9607	1.0899	0.0021	2.8077	2.9909	0.0082	0.3693	0.4278	0.0012	1.3571	0.9149	5.0356	1.2121	1.2599	0.0097	1.6394	0.8815	5.2999	0.0003	15.8769	-0.1358	0.0785	5.0072	19.6565	8.1033	4.0504	0.4734	0.4733	0.0001	0.3356	0.3355	0.0001	0.1378	0.1378	0.0001	0.2512	0.0149	0.2363	0.0126	0.0126	0.0000	0.2385	0.0023	0.2363	0.4928	0.4342	0.0585	0.1195	0.1122	0.0073	0.3733	0.3221	0.0512	0.2269	0.1253	0.1016	0.0485	0.0457	0.0027	0.1784	0.0796	0.0988	0.8677	9.1770	0.0009	10.7714	10.8499	0.8463	0.2762	14.9645	0.0005	1.1071	0.1188	2.3266	0.2607	0.2757	0.0097	1.3371	0.0286	2.3907
21	71	0.2575	8	2	2	0	0	0	0	0	0	Y	Y	N	N	N	N	N	N	N	N	N	N	2.2622	0.9473	0.0000	2.3694	2.1646	0.0000	0.0000	0.0000	0.0000	0.0084	0.0094	0.0000	0.0320	0.0340	0.0000	0.0000	0.0000	0.0000	0.0037	0.0100	0.0000	0.0135	0.0157	0.0000	0.0000	0.0004	0.0000	0.0000	0.0064	-0.0008	-0.0002	5.0072	17.5448	8.1033	6.0013	0.0029	0.0029	0.0000	0.0029	0.0029	0.0000	0.0000	0.0000	0.0000	0.0003	0.0003	0.0000	0.0003	0.0003	0.0000	0.0000	0.0000	0.0000	0.3514	0.3112	0.0402	0.0920	0.0865	0.0055	0.2594	0.2247	0.0347	0.1757	0.0915	0.0842	0.0301	0.0274	0.0027	0.1456	0.0641	0.0814	5.4722	3.2390	0.0000	3.6091	3.4877	0.0000	0.0000	0.0000	0.0000	0.0015	0.0029	0.0000	0.0089	0.0097	0.0000	0.0000	0.0000	0.0000
21	72	0.3260	11	2	2	1	0	0	0	0	0	Y	Y	N	N	N	N	N	N	N	N	N	N	0.0000	0.0000	0.0000	0.0000	0.0000	0.0000	0.0000	0.0000	0.0000	0.0000	0.0000	0.0000	0.0000	0.0000	0.0000	0.0000	0.0004	0.0008	0.0000	0.0008	0.0009	0.0000	0.0000	0.0000	0.0000	0.0002	0.0000	-0.0000	5.0072	1.8980	8.1033	2.9698	0.0000	0.0000	0.0000	0.0000	0.0000	0.0000	0.0000	0.0000	0.0000	0.0000	0.0000	0.0000	0.0000	0.0000	0.0000	0.0000	0.0000	0.0000	0.0403	0.0356	0.0047	0.0128	0.0121	0.0007	0.0275	0.0234	0.0040	0.0609	0.0404	0.0205	0.0249	0.0215	0.0034	0.0360	0.0189	0.0171	0.0000	0.0000	0.0000	0.0000	0.0000	0.0000	0.0000	0.0000	0.0000	0.0003	0.0005	0.0000	0.0008	0.0009	0.0000	0.0000	0.0000	0.0000			
21	73	0.3064	10	2	1	1	0	0	0	0	0	Y	N	N	N	N	N	N	N	N	N	N	N	0.0000	0.0000	0.0000	0.0000	0.0000	0.0000	0.0000	0.0000	0.0000	0.0000	0.0000	0.0001	0.0000	0.0000	0.0001	0.0000	0.0000	0.0001	7.5591	12.1811	1.6975	3.4771	3.6000	1.2985	9.5422	18.6559	1.4869	4.0385	0.0115	0.0000	-0.3529	5.0072	3.5853	8.1033	4.3819	0.0000	0.0000	0.0000	0.0000	0.0000	0.0000	0.0000	0.0000	0.0000	0.5719	0.5654	0.0065	0.0540	0.0531	0.0009	0.5179	0.5123	0.0056	0.1599	0.1468	0.0131	0.0668	0.0651	0.0017	0.0931	0.0817	0.0114	0.0757	0.0464	0.0292	0.0214	0.0190	0.0024	0.0543	0.0275	0.0268	0.0000	0.0000	0.0003	0.0000	0.0000	0.0001	0.0000	0.0000	0.0003	7.5591	12.1811	0.2216	2.5241	2.8012	0.3559	9.5422	18.6559	0.2095
21	74	0.2749	9	2	1	1	0	0	0	0	0	Y	N	N	N	N	N	N	N	N	N	N	N	0.0043	0.0000	3.4983	0.0001	0.0000	0.6422	0.0065	0.0001	5.2480	0.0065	0.0001	0.0593	0.0004	0.0000	0.0066	0.0091	0.0001	0.0686	1.5357	2.6331	0.0170	4.1000	4.3435	0.0102	1.3967	2.5490	0.0131	73.4358	0.0029	0.0012	-0.1432	5.0072	12.3589	8.1033	7.3592	0.0017	0.0000	0.0017	0.0000	0.0000	0.0000	0.0017	0.0000	0.0017	0.2290	0.2283	0.0007	0.1153	0.1152	0.0000	0.1137	0.1131	0.0006	0.2674	0.2383	0.0291	0.0797	0.0754	0.0043	0.1877	0.1630	0.0247	0.1594	0.0867	0.0727	0.0323	0.0288	0.0035	0.1271	0.0580	0.0691	0.0045	0.0000	6.6076	0.0001	0.0000	0.6422	0.0102	0.0001	7.6918	1.4365	2.6331	0.0090	3.5690	4.0077	0.0102	0.8946	1.9512	0.0089
21	75	0.2575	8	2	1	1	0	0	0	0	0	Y	N	N	N	N	N	N	N	N	N	N	N	0.0045	0.0027	0.0105	0.0027	0.0025	0.0880	0.0050	0.0027	0.0148	0.0071	0.0080	0.0001	0.0002	0.0002	0.0000	0.0099	0.0114	0.0002	1.6036	2.9500	0.0141	0.0651	0.0747	0.0003	1.9557	4.2128	0.0114	0.0023	0.0024	-0.0004	-0.0831	5.0072	10.2127	8.1033	1.0234	0.0015	0.0015	0.0000	0.0000	0.0000	0.0000	0.0015	0.0015	0.0000	0.1328	0.1324	0.0003	0.0004	0.0004	0.0000	0.1323	0.1320	0.0003	0.2168	0.1924	0.0244	0.0610	0.0574	0.0036	0.1559	0.1350	0.0209	0.0864	0.0449	0.0415	0.0149	0.0136	0.0013	0.0714	0.0313	0.0401	0.0046	0.0027	0.0189	0.0061	0.0059	0.0880	0.0053	0.0027	0.0210	1.5376	2.9500	0.0078	0.0285	0.0313	0.0003	1.8523	4.2128	0.0081
21	76	0.2544	7	2	1	0	0	0	0	0	0	Y	N	N	N	N	N	N	N	N	N	N	N	0.0001	0.0000	0.0117	0.0355	0.0298	inf	0.0000	0.0000	0.0060	0.0000	0.0000	0.0000	0.0000	0.0000	0.0000	0.0000	0.0000	0.0000	0.0549	0.2750	0.0007	0.0004	0.0004	0.0000	0.1413	0.8204	0.0007	0.1248	0.0386	-0.0000	-0.0002	5.0072	3.7027	8.1033	0.0091	0.0000	0.0000	0.0000	0.0000	0.0000	0.0000	0.0000	0.0000	0.0000	0.0003	0.0002	0.0000	0.0000	0.0000	0.0000	0.0003	0.0002	0.0000	0.0850	0.0757	0.0093	0.0228	0.0217	0.0011	0.0622	0.0540	0.0082	0.0291	0.0151	0.0140	0.0050	0.0046	0.0004	0.0241	0.0105	0.0136	0.0009	0.0005	0.0117	0.0355	0.0298	inf	0.0005	0.0002	0.0060	0.0089	0.0165	0.0007	0.0004	0.0004	0.0000	0.0106	0.0235	0.0007
21	77	0.2374	6	1	1	0	0	0	0	0	0	N	N	N	N	N	N	N	N	N	N	N	N	0.0021	0.0006	0.0000	0.0033	0.0032	0.0000	0.0008	0.0008	0.0000	0.0001	0.0001	0.0000	0.0002	0.0002	0.0000	0.0000	0.0000	0.0000	0.0384	0.1466	0.0025	0.0610	0.0668	0.0023	0.0060	0.0063	0.0025	0.0000	0.1663	-0.0000	-0.0004	5.0072	3.8334	8.1033	6.1787	0.0000	0.0000	0.0000	0.0000	0.0000	0.0000	0.0000	0.0000	0.0000	0.0008	0.0007	0.0001	0.0007	0.0007	0.0000	0.0001	0.0000	0.0001	0.1083	0.0969	0.0114	0.0424	0.0396	0.0028	0.0659	0.0573	0.0086	0.1023	0.0574	0.0449	0.0243	0.0231	0.0012	0.0780	0.0343	0.0437	0.0107	0.0078	0.0000	0.0074	0.0075	0.0000	0.0030	0.0208	0.0000	0.0076	0.0117	0.0025	0.0273	0.0286	0.0023	0.0015	0.0002	0.0025
21	78	0.1983	5	1	1	0	0	0	0	0	0	N	N	N	N	N	N	N	N	N	N	N	N	0.0001	0.0001	0.0001	0.0002	0.0002	0.0014	0.0000	0.0000	0.0001	0.0001	0.0001	0.0000	0.0005	0.0005	0.0002	0.0000	0.0000	0.0000	1.0276	1.4030	0.2356	2.6126	2.6621	0.1204	0.5918	0.8278	0.1771	0.0306	0.0757	-0.0000	-0.0482	5.0072	16.9094	8.1033	5.8161	0.0001	0.0000	0.0000	0.0000	0.0000	0.0000	0.0000	0.0000	0.0000	0.0865	0.0804	0.0061	0.0788	0.0785	0.0003	0.0076	0.0018	0.0058	0.3906	0.3476	0.0430	0.0920	0.0875	0.0045	0.2987	0.2602	0.0385	0.2437	0.1361	0.1076	0.0631	0.0590	0.0041	0.1806	0.0771	0.1034	0.0004	0.0002	0.0006	0.0004	0.0004	0.0023	0.0004	0.0007	0.0003	0.3548	0.5905	0.0566	1.2494	1.3314	0.0729	0.0422	0.0238	0.0559
21	79	0.0918	3	1	2	0	0	0	0	0	0	N	Y	N	N	N	N	N	N	N	N	N	N	0.0123	0.0002	15.3952	0.0134	0.0131	0.0000	0.0154	0.0000	15.8027	0.0012	0.0001	0.0085	0.0008	0.0008	0.0000	0.0012	0.0000	0.0088	0.0944	0.3361	0.0006	0.0587	0.0634	0.0001	0.0772	0.7359	0.0006	15.8767	0.0246	0.0004	-0.0024	5.0072	23.9173	8.1033	17.8091	0.0006	0.0000	0.0005	0.0000	0.0000	0.0000	0.0005	0.0000	0.0005	0.0039	0.0038	0.0001	0.0014	0.0014	0.0000	0.0025	0.0024	0.0001	0.4831	0.4214	0.0618	0.0405	0.0383	0.0022	0.4426	0.3830	0.0596	0.3642	0.1945	0.1697	0.0532	0.0510	0.0022	0.3110	0.1435	0.1674	0.1078	0.0040	15.3952	0.0302	0.0306	0.0000	0.1468	0.0002	15.8027	0.0107	0.0196	0.0006	0.0260	0.0272	0.0001	0.0081	0.0169	0.0006
21	81	0.1960	8	2	1	1	0	0	0	0	0	Y	N	N	N	N	N	N	N	N	N	N	N	0.0018	0.0011	0.0059	0.2508	0.2336	2.3502	0.0010	0.0005	0.0069	0.0058	0.0064	0.0010	0.0136	0.0143	0.0004	0.0038	0.0042	0.0010	3.1830	5.9602	0.1622	0.0540	0.0613	0.0002	3.8524	8.5375	0.1472	0.0202	0.0071	-0.0008	-0.6202	5.0072	27.2690	8.1033	12.3406	0.0031	0.0030	0.0001	0.0015	0.0015	0.0000	0.0016	0.0015	0.0001	0.9983	0.9912	0.0070	0.0013	0.0013	0.0000	0.9969	0.9899	0.0070	0.5314	0.4680	0.0634	0.1093	0.1033	0.0059	0.4222	0.3647	0.0575	0.3136	0.1663	0.1473	0.0548	0.0504	0.0045	0.2588	0.1159	0.1428	0.0018	0.0011	0.0202	0.5588	0.5421	2.3502	0.0010	0.0005	0.0208	3.1830	5.9602	0.0477	0.0243	0.0264	0.0002	3.8524	8.5375	0.0492
21	82	0.1807	7	1	1	0	0	0	0	0	0	N	N	N	N	N	N	N	N	N	N	N	N	0.0085	0.0942	0.0150	0.4810	0.4274	39.9028	0.0009	0.0003	0.0178	0.0032	0.0033	0.0024	0.0110	0.0115	0.0008	0.0004	0.0001	0.0026	0.3784	0.0352	0.1599	0.0228	0.0268	0.0000	0.4573	0.2428	0.1459	0.0880	6.9688	-0.0001	0.0005	5.0072	9.0798	8.1033	0.9519	0.0007	0.0006	0.0001	0.0006	0.0006	0.0000	0.0001	0.0000	0.0001	0.0022	0.0003	0.0019	0.0002	0.0002	0.0000	0.0020	0.0001	0.0019	0.2184	0.1947	0.0236	0.0582	0.0557	0.0025	0.1602	0.1390	0.0211	0.0828	0.0429	0.0398	0.0130	0.0118	0.0012	0.0697	0.0311	0.0386	0.1236	0.5267	0.0508	0.8394	0.7942	39.9028	0.0139	0.0190	0.0533	0.0260	0.0063	0.0473	0.0131	0.0144	0.0000	0.0285	0.0032	0.0488
21	83	0.1079	4	1	2	0	0	0	0	0	0	N	Y	N	N	N	N	N	N	N	N	N	N	17.0345	6.8942	0.0000	0.1701	0.1704	0.0000	56.4108	2.1783	0.0000	0.0050	0.0057	0.0000	0.0002	0.0003	0.0000	0.0055	0.0063	0.0000	0.0003	0.0008	0.0000	0.0015	0.0016	0.0000	0.0001	0.0029	0.0000	0.0000	0.0004	-0.0006	-0.0001	5.0072	21.0000	8.1033	14.4214	0.0021	0.0021	0.0000	0.0000	0.0000	0.0000	0.0021	0.0021	0.0000	0.0001	0.0001	0.0000	0.0001	0.0001	0.0000	0.0000	0.0000	0.0000	0.4199	0.3661	0.0538	0.0402	0.0376	0.0025	0.3797	0.3284	0.0513	0.3067	0.1650	0.1417	0.0478	0.0449	0.0029	0.2589	0.1201	0.1388	19.0791	11.7765	0.0000	0.1701	0.1704	0.0000	141.6237	76.0927	0.0000	0.0003	0.0005	0.0000	0.0015	0.0016	0.0000	0.0000	0.0001	0.0000
21	84	0.1656	8	1	1	1	0	0	0	0	0	N	N	N	N	N	N	N	N	N	N	N	N	0.0025	0.0021	0.0039	0.0065	0.0066	0.0029	0.0257	inf	0.0040	0.0027	0.0031	0.0000	0.0212	0.0226	0.0000	0.0000	0.0000	0.0000	1.0764	1.5061	0.0008	3.2594	3.4359	0.0118	0.0004	0.0000	0.0002	0.0001	0.0008	-0.0003	-0.0767	5.0072	20.4085	8.1033	11.0867	0.0012	0.0012	0.0000	0.0012	0.0012	0.0000	0.0000	0.0000	0.0000	0.1223	0.1222	0.0001	0.1223	0.1222	0.0001	0.0000	0.0000	0.0000	0.4330	0.3783	0.0547	0.0554	0.0520	0.0034	0.3776	0.3263	0.0513	0.2689	0.1422	0.1266	0.0524	0.0465	0.0059	0.2165	0.0957	0.1207	0.0060	0.0036	0.0039	0.0091	0.0086	0.0029	0.0692	inf	0.0040	0.4549	0.8592	0.0008	2.3335	2.6288	0.0118	0.0001	0.0000	0.0002
21	85	0.1618	7	1	1	1	0	0	0	0	0	N	N	N	N	N	N	N	N	N	N	N	N	0.0529	0.0222	1.2139	0.2093	0.1406	57.6118	0.0072	0.0035	0.0679	0.0081	0.0063	0.0213	0.0254	0.0190	0.0997	0.0003	0.0002	0.0010	0.1527	0.2830	0.0176	0.1212	0.1350	0.0017	0.0403	0.0518	0.0144	0.4595	0.4402	0.0000	-0.0002	5.0072	3.1287	8.1033	1.1816	0.0008	0.0005	0.0003	0.0008	0.0005	0.0002	0.0000	0.0000	0.0000	0.0006	0.0004	0.0002	0.0004	0.0004	0.0000	0.0002	0.0000	0.0002	0.0987	0.0870	0.0118	0.0307	0.0282	0.0024	0.0681	0.0587	0.0094	0.0436	0.0242	0.0194	0.0098	0.0090	0.0009	0.0338	0.0152	0.0186	0.5939	0.3690	2.2836	0.6340	0.4344	57.6118	0.0494	0.1402	0.1012	0.0136	0.0170	0.0093	0.0400	0.0437	0.0017	0.0059	0.0013	0.0097
21	86	0.1549	6	1	1	0	0	0	0	0	0	N	N	N	N	N	N	N	N	N	N	N	N	0.0379	0.0084	12.2853	1.0125	0.3409	419.6274	0.0106	0.0000	5.9151	0.0237	0.0070	0.1440	0.0744	0.0281	0.5879	0.0078	0.0001	0.0582	0.6256	0.8407	0.0117	0.0735	0.0823	0.0014	0.7397	1.5283	0.0098	2.8411	0.0551	0.0011	-0.0022	5.0072	4.0532	8.1033	2.2470	0.0025	0.0007	0.0019	0.0019	0.0006	0.0012	0.0006	0.0000	0.0006	0.0039	0.0037	0.0002	0.0004	0.0004	0.0000	0.0034	0.0032	0.0002	0.1057	0.0928	0.0129	0.0252	0.0231	0.0021	0.0805	0.0697	0.0108	0.0656	0.0369	0.0287	0.0150	0.0137	0.0013	0.0506	0.0232	0.0274	0.4023	0.0708	20.4673	2.4903	0.8632	419.6274	0.1161	0.0004	7.9709	0.0590	0.0993	0.0070	0.0299	0.0325	0.0014	0.0676	0.1387	0.0073
21	87	0.1318	5	1	1	0	0	0	0	0	0	N	N	N	N	N	N	N	N	N	N	N	N	0.0028	0.0019	0.0061	0.1663	0.1855	0.1362	0.0008	0.0004	0.0040	0.0161	0.0184	0.0016	0.0463	0.0498	0.0061	0.0058	0.0067	0.0008	5.6570	9.7540	0.2672	0.2786	0.2685	0.0450	7.5779	16.2497	0.2140	0.0141	0.0045	-0.0006	-0.6125	5.0072	4.7288	8.1033	9.8540	0.0023	0.0023	0.0000	0.0017	0.0017	0.0000	0.0006	0.0006	0.0000	0.9819	0.9774	0.0044	0.0027	0.0026	0.0002	0.9791	0.9749	0.0043	0.1454	0.1253	0.0201	0.0371	0.0342	0.0030	0.1083	0.0912	0.0171	0.1736	0.1002	0.0734	0.0444	0.0402	0.0041	0.1292	0.0600	0.0692	0.0028	0.0019	0.0270	0.7516	0.7756	0.1674	0.0008	0.0004	0.0137	5.6570	9.7540	0.0602	0.0616	0.0642	0.0366	7.5779	16.2497	0.0616
21	88	0.1079	4	1	1	0	0	0	0	0	0	N	N	N	N	N	N	N	N	N	N	N	N	0.0188	0.0039	4.9514	0.0031	0.0025	0.5855	0.0180	0.0025	6.5454	0.0159	0.0044	0.0930	0.0016	0.0013	0.0052	0.0175	0.0048	0.0974	0.8465	1.1425	0.0188	0.5020	0.5261	0.0089	0.9691	1.8912	0.0149	3.1382	0.0320	0.0013	-0.0129	5.0072	8.6320	8.1033	7.0881	0.0028	0.0007	0.0022	0.0000	0.0000	0.0000	0.0028	0.0007	0.0021	0.0215	0.0209	0.0007	0.0025	0.0025	0.0000	0.0190	0.0183	0.0007	0.1783	0.1552	0.0231	0.0173	0.0162	0.0011	0.1610	0.1390	0.0220	0.1506	0.0832	0.0674	0.0266	0.0252	0.0014	0.1241	0.0581	0.0660	0.1113	0.0176	9.3952	0.0162	0.0129	0.5855	0.1141	0.0151	9.8176	0.1429	0.2506	0.0099	0.0959	0.1007	0.0089	0.1530	0.3156	0.0099
21	89	0.1757	6	1	2	0	0	0	0	0	0	N	Y	N	N	N	N	N	N	N	N	N	N	0.0000	0.0003	0.0001	0.0021	0.0011	0.6404	0.0000	0.0006	0.0001	0.0000	0.0000	0.0001	0.0000	0.0000	0.0002	0.0000	0.0000	0.0000	0.5381	0.0118	0.6134	0.0139	0.0150	0.0003	0.6692	0.0002	0.5037	2.4737	23.3934	0.0000	0.0030	5.0072	15.4622	8.1033	5.2688	0.0000	0.0000	0.0000	0.0000	0.0000	0.0000	0.0000	0.0000	0.0000	0.0090	0.0004	0.0087	0.0004	0.0004	0.0000	0.0087	0.0000	0.0087	0.3479	0.3047	0.0432	0.0713	0.0653	0.0059	0.2766	0.2394	0.0373	0.2021	0.1119	0.0903	0.0412	0.0395	0.0018	0.1609	0.0724	0.0885	0.0002	0.0011	0.0007	0.0033	0.0017	0.6404	0.0001	0.1678	0.0005	0.0447	0.0033	0.0959	0.0090	0.0094	0.0003	0.0538	0.0000	0.0978
21	90	0.1639	5	1	1	0	0	0	0	0	0	N	N	N	N	N	N	N	N	N	N	N	N	0.0004	0.0003	0.0084	0.0021	0.0014	1.4897	0.0001	0.0005	0.0030	0.0002	0.0001	0.0007	0.0008	0.0006	0.0049	0.0000	0.0000	0.0002	0.4451	0.5090	0.0791	0.3817	0.3976	0.0033	0.2798	0.0259	0.0698	0.6561	0.6676	0.0000	-0.0008	5.0072	7.5917	8.1033	1.5198	0.0000	0.0000	0.0000	0.0000	0.0000	0.0000	0.0000	0.0000	0.0000	0.0035	0.0021	0.0014	0.0021	0.0021	0.0000	0.0014	0.0000	0.0014	0.1897	0.1673	0.0224	0.0390	0.0368	0.0022	0.1508	0.1305	0.0203	0.1059	0.0608	0.0451	0.0269	0.0252	0.0017	0.0790	0.0356	0.0435	0.0060	0.0039	0.0214	0.0105	0.0070	1.4897	0.0022	0.0158	0.0065	0.0331	0.0346	0.0311	0.0772	0.0821	0.0033	0.0181	0.0008	0.0322
21	91	0.2732	9	2	1	1	0	0	0	0	0	Y	N	N	N	N	N	N	N	N	N	N	N	0.0461	0.0359	0.0823	0.0814	0.0240	0.0271	0.0000	0.0949	0.1007	0.0000	0.0000	0.0000	0.0000	0.5199	0.7565	0.0000	1.1527	1.2372	0.0000	0.0000	0.0000	0.0000	0.0000	0.0000	-0.0004	-0.0007	5.0072	3.0317	8.1033	0.1644	0.0015	0.0015	0.0000	0.0015	0.0015	0.0000	0.0000	0.0000	0.0000	0.0011	0.0011	0.0000	0.0011	0.0011	0.0000	0.0000	0.0000	0.0000	0.0613	0.0541	0.0071	0.0155	0.0146	0.0009	0.0458	0.0395	0.0062	0.0251	0.0131	0.0120	0.0044	0.0040	0.0005	0.0206	0.0091	0.0115	0.5671	0.3351	0.0000	0.3979	0.3784	0.0000	0.0000	0.0000	0.0000	0.0423	0.0810	0.0000	0.2385	0.2661	0.0000	0.0000	0.0000	0.0000					
21	92	0.2674	8	2	1	1	0	0	0	0	0	Y	N	N	N	N	N	N	N	N	N	N	N	0.0000	0.0008	0.0000	0.0012	0.0011	0.0000	0.0000	0.0010	0.0000	0.0000	0.0000	0.0000	0.0000	0.0000	0.0000	0.0000	0.0000	0.0000	0.4861	0.0132	0.3994	0.0161	0.0187	0.0000	0.5991	0.0006	0.3371	0.0000	18.3987	-0.0000	0.0004	5.0072	2.6632	8.1033	1.0147	0.0000	0.0000	0.0000	0.0000	0.0000	0.0000	0.0000	0.0000	0.0000	0.0011	0.0001	0.0011	0.0001	0.0001	0.0000	0.0011	0.0000	0.0011	0.0780	0.0705	0.0075	0.0341	0.0323	0.0018	0.0439	0.0382	0.0057	0.0303	0.0162	0.0141	0.0057	0.0052	0.0005	0.0246	0.0110	0.0136	0.0002	0.0028	0.0000	0.0020	0.0019	0.0000	0.0000	0.1682	0.0000	0.0370	0.0036	0.0755	0.0101	0.0111	0.0000	0.0433	0.0000	0.0783
21	93	0.1841	7	2	1	1	0	0	0	0	0	Y	N	N	N	N	N	N	N	N	N	N	N	0.0096	0.0053	0.0032	0.0262	0.0251	2.1116	0.0059	0.0005	0.0000	0.0022	0.0025	0.0000	0.0091	0.0096	0.0002	0.0002	0.0003	0.0000	0.2272	0.4627	0.0051	0.3485	0.3816	0.0001	0.0379	0.4790	0.0042	0.0008	0.1277	-0.0005	-0.0032	5.0072	35.0787	8.1033	12.2568	0.0016	0.0016	0.0000	0.0015	0.0015	0.0000	0.0001	0.0001	0.0000	0.0062	0.0055	0.0007	0.0046	0.0046	0.0000	0.0016	0.0009	0.0007	0.7424	0.6583	0.0841	0.1640	0.1562	0.0078	0.5784	0.5021	0.0763	0.3693	0.1922	0.1771	0.0633	0.0574	0.0059	0.3060	0.1348	0.1712	0.1302	0.0861	0.0041	0.1265	0.1203	2.1116	0.0414	0.0367	0.0000	0.0168	0.0286	0.0040	0.0721	0.0795	0.0001	0.0054	0.0070	0.0041
21	94	0.1706	6	2	1	0	0	0	0	0	0	Y	N	N	N	N	N	N	N	N	N	N	N	0.0107	0.0251	0.0049	0.1459	0.1303	0.7118	0.0112	0.0124	0.0057	0.0074	0.0076	0.0054	0.0026	0.0027	0.0016	0.0093	0.0099	0.0058	0.6968	0.3045	1.1103	0.0181	0.0205	0.0022	0.8346	0.7970	1.0136	0.0798	7.1554	-0.0004	0.0018	5.0072	8.4810	8.1033	2.3446	0.0018	0.0017	0.0001	0.0002	0.0002	0.0000	0.0016	0.0015	0.0001	0.0073	0.0009	0.0064	0.0002	0.0002	0.0000	0.0071	0.0007	0.0064	0.2462	0.2212	0.0249	0.0706	0.0684	0.0022	0.1756	0.1529	0.0227	0.0935	0.0491	0.0444	0.0160	0.0146	0.0014	0.0776	0.0346	0.0430	0.0954	0.4212	0.0376	0.2407	0.2267	0.7118	0.1021	0.4736	0.0390	0.0778	0.0182	0.1438	0.0110	0.0118	0.0022	0.0916	0.0209	0.1484
21	95	0.1079	4	1	2	0	1	0	0	0	0	N	Y	N	N	N	N	N	N	N	N	N	N	0.0024	0.0021	0.0000	0.0014	0.0015	0.0000	0.0101	inf	0.0000	0.0016	0.0019	0.0000	0.0023	0.0024	0.0000	0.0016	0.0018	0.0000	0.6710	0.8795	0.0471	1.6060	1.6141	0.0977	0.1561	0.0000	0.0410	0.0000	0.1744	-0.0002	-0.0130	5.0072	24.0032	8.1033	22.6134	0.0008	0.0008	0.0000	0.0001	0.0001	0.0000	0.0007	0.0007	0.0000	0.0271	0.0231	0.0040	0.0233	0.0231	0.0002	0.0038	0.0000	0.0038	0.4762	0.4154	0.0608	0.0454	0.0425	0.0029	0.4308	0.3728	0.0580	0.3891	0.2083	0.1808	0.0587	0.0550	0.0038	0.3304	0.1533	0.1770	0.0236	0.0170	0.0000	0.0057	0.0057	0.0000	0.1372	inf	0.0000	0.0698	0.1110	0.0223	0.3974	0.4205	0.0611	0.0115	0.0000	0.0215
21	96	0.5253	8	1	2	0	0	0	0	0	0	N	Y	N	N	N	N	N	N	N	N	N	N	0.0250	0.0204	10.0276	0.0195	0.0197	0.0000	24.7735	12.2041	11.1362	0.0183	0.0201	0.0036	0.0237	0.0252	0.0000	0.0157	0.0175	0.0043	0.7332	0.9880	0.0004	1.2141	1.2795	0.0000	0.0006	0.0014	0.0004	0.0220	0.0016	-0.0019	-0.0129	5.0072	18.5150	8.1033	10.2301	0.0070	0.0068	0.0001	0.0029	0.0029	0.0000	0.0040	0.0039	0.0001	0.0206	0.0205	0.0000	0.0205	0.0205	0.0000	0.0000	0.0000	0.0000	0.3807	0.3391	0.0417	0.1236	0.1166	0.0070	0.2571	0.2224	0.0346	0.2263	0.1362	0.0901	0.0785	0.0715	0.0070	0.1478	0.0647	0.0831	0.2017	0.1336	10.0276	0.0908	0.0876	0.0000	68.8812	784.4675	11.1362	0.0909	0.1508	0.0004	0.2615	0.2872	0.0000	0.0002	0.0000	0.0004
21	97	0.1370	5	1	2	0	0	0	0	0	0	N	Y	N	N	N	N	N	N	N	N	N	N	0.0012	3.8006	0.0014	0.2928	7.1606	0.0219	0.0008	inf	0.0013	0.0043	0.0023	0.0182	0.0122	0.0122	0.0122	0.0033	0.0010	0.0185	3.6205	0.0006	13.2315	0.0416	0.0017	0.5563	4.2110	0.0000	14.1679	1.1025	16599.1086	0.0009	0.7359	5.0072	46.1140	8.1033	26.4917	0.0038	0.0018	0.0020	0.0012	0.0011	0.0001	0.0026	0.0007	0.0019	1.9805	0.0001	1.9804	0.0015	0.0001	0.0014	1.9789	0.0000	1.9789	0.8799	0.7711	0.1088	0.0974	0.0918	0.0056	0.7825	0.6793	0.1032	0.5470	0.2846	0.2624	0.0771	0.0701	0.0070	0.4699	0.2145	0.2554	0.0012	5.5585	0.0024	0.6103	7.1606	0.0598	0.0008	inf	0.0024	3.6205	0.0004	7.5475	0.0200	0.0017	0.2036	4.2110	0.0000	7.7480
21	98	0.5782	10	1	2	0	0	0	0	0	0	N	Y	N	N	N	N	N	N	N	N	N	N	6.5698	0.0008	202857.1355	0.0059	0.0010	3518.2511	11.3858	0.0006	215338.1511	2.5973	0.0005	24.5953	0.0008	0.0002	0.0129	3.8525	0.0007	29.0458	0.3953	0.5939	0.0001	0.1359	0.1672	0.0000	0.3384	1.0541	0.0001	5847.4919	0.0018	0.7084	-0.0035	5.0072	20.7840	8.1033	8.9470	0.9940	0.0002	0.9938	0.0001	0.0000	0.0001	0.9939	0.0002	0.9937	0.0055	0.0055	0.0000	0.0028	0.0028	0.0000	0.0027	0.0027	0.0000	0.3827	0.3423	0.0404	0.1247	0.1185	0.0062	0.2580	0.2238	0.0342	0.1975	0.1156	0.0819	0.0665	0.0580	0.0085	0.1310	0.0576	0.0734	92.9817	0.0104	202857.1355	0.0189	0.0035	3518.2511	186.4480	0.0143	215338.1511	0.0279	0.0476	0.0001	0.0423	0.0485	0.0000	0.0207	0.0468	0.0001
21	99	0.5733	9	1	1	0	0	0	0	0	0	N	N	N	N	N	N	N	N	N	N	N	N	0.0041	0.0013	0.1542	0.0014	0.0017	0.0000	0.0222	0.0010	1.1913	0.0028	0.0011	0.0180	0.0012	0.0013	0.0000	0.0055	0.0008	0.0329	0.6966	0.8672	0.1165	0.8876	0.7658	2.3441	0.2474	0.7635	0.0276	1.8372	0.2806	0.0002	-0.0017	5.0072	2.7834	8.1033	1.0450	0.0004	0.0002	0.0003	0.0001	0.0001	0.0000	0.0003	0.0000	0.0003	0.0041	0.0032	0.0009	0.0036	0.0030	0.0006	0.0005	0.0002	0.0003	0.1576	0.1415	0.0160	0.0978	0.0905	0.0073	0.0598	0.0510	0.0088	0.0525	0.0297	0.0228	0.0213	0.0202	0.0011	0.0312	0.0095	0.0218	0.0363	0.0103	0.4583	0.0071	0.0087	0.0000	0.3375	0.0417	2.1617	0.0778	0.1074	0.0392	0.1680	0.1489	0.5328	0.0163	0.0187	0.0152
21	100	0.5633	8	1	1	0	0	0	0	0	0	N	N	N	N	N	N	N	N	N	N	N	N	0.0875	0.0945	0.0055	0.7511	0.8847	0.0001	0.0045	0.0025	0.0103	0.0176	0.0196	0.0002	0.0334	0.0360	0.0000	0.0008	0.0008	0.0003	0.2007	0.2073	0.0379	0.0445	0.0407	0.0606	0.1682	0.3400	0.0308	0.0012	0.8946	-0.0014	-0.0003	5.0072	7.6044	8.1033	2.7972	0.0050	0.0050	0.0000	0.0049	0.0049	0.0000	0.0001	0.0001	0.0000	0.0019	0.0010	0.0009	0.0010	0.0009	0.0001	0.0009	0.0001	0.0008	0.2835	0.2537	0.0298	0.1457	0.1352	0.0104	0.1378	0.1185	0.0193	0.1231	0.0737	0.0494	0.0490	0.0458	0.0032	0.0741	0.0280	0.0462	1.1281	1.4282	0.0113	1.5933	1.8725	0.0001	0.0636	0.1780	0.0193	0.0156	0.0137	0.0183	0.0210	0.0192	0.0459	0.0120	0.0047	0.0164
21	101	0.5137	7	1	1	0	0	0	0	0	0	N	N	N	N	N	N	N	N	N	N	N	N	3.6378	3.3041	0.0802	9.1645	9.3986	0.3043	0.0102	0.0044	0.0543	2.2906	2.5706	0.0039	7.0426	7.4604	0.0122	0.0027	0.0028	0.0023	0.6297	0.7780	0.0490	0.7685	0.7938	0.0403	0.2669	0.6293	0.0416	0.0002	0.1832	-0.2570	-0.0067	5.0072	18.4780	8.1033	12.4520	0.8955	0.8954	0.0002	0.8948	0.8947	0.0001	0.0007	0.0006	0.0001	0.0141	0.0119	0.0022	0.0114	0.0111	0.0003	0.0027	0.0007	0.0019	0.3910	0.3483	0.0426	0.1271	0.1199	0.0071	0.2639	0.2284	0.0355	0.2337	0.1387	0.0950	0.0801	0.0720	0.0082	0.1536	0.0667	0.0869	38.0294	29.9647	0.1713	49.4110	48.1647	0.3649	0.1567	0.2474	0.1031	0.0602	0.0858	0.0229	0.1425	0.1549	0.0336	0.0173	0.0112	0.0219
21	102	0.2219	7	1	2	0	0	0	0	0	0	N	Y	N	N	N	N	N	N	N	N	N	N	0.5585	0.4564	23.5532	0.0168	0.0173	0.3196	11.0057	0.9910	33.0553	0.4087	0.4541	0.0295	0.0256	0.0266	0.0021	0.5669	0.6486	0.0332	0.7318	0.9950	0.0013	1.5262	1.5425	0.0067	0.0515	0.6545	0.0010	0.0078	0.0058	-0.1068	-0.0274	5.0072	34.1922	8.1033	22.4626	0.3823	0.3794	0.0029	0.0070	0.0070	0.0000	0.3753	0.3724	0.0029	0.0441	0.0438	0.0003	0.0416	0.0415	0.0001	0.0025	0.0023	0.0002	0.9354	0.8355	0.1000	0.2733	0.2613	0.0120	0.6621	0.5741	0.0880	0.4857	0.2840	0.2017	0.1137	0.1049	0.0088	0.3719	0.1790	0.1929	4.5054	2.9438	23.5532	0.0699	0.0673	0.3196	85.7791	51.2913	33.0553	0.0907	0.1543	0.0013	0.3658	0.3959	0.0067	0.0066	0.0126	0.0010
21	103	0.1741	6	1	2	0	0	0	0	0	0	N	Y	N	N	N	N	N	N	N	N	N	N	1.2573	1.1270	0.1512	1.0048	1.0499	7.1849	1.2852	0.9357	0.1802	0.9447	1.0680	0.0325	1.3439	1.4291	0.0410	0.8247	0.9499	0.0314	0.7514	0.9476	0.2153	1.3375	1.3612	0.0057	0.6416	1.0152	0.1743	0.0041	0.3367	-0.1463	-0.0109	5.0072	22.5884	8.1033	11.0115	0.5167	0.5146	0.0021	0.1700	0.1696	0.0003	0.3468	0.3450	0.0018	0.0290	0.0217	0.0073	0.0171	0.0171	0.0000	0.0119	0.0046	0.0073	0.5470	0.4819	0.0651	0.1265	0.1187	0.0078	0.4205	0.3632	0.0573	0.2986	0.1636	0.1351	0.0588	0.0552	0.0036	0.2399	0.1084	0.1315	9.7409	8.0634	0.6024	4.6236	4.6214	7.1849	16.6485	22.3582	0.5674	0.0970	0.1324	0.0540	0.2907	0.3092	0.0057	0.0495	0.0425	0.0553
21	104	0.1440	5	1	1	0	0	0	0	0	0	N	N	N	N	N	N	N	N	N	N	N	N	2.3047	6.5155	0.0028	354.1235	324.5845	22.0082	1.2284	1.5532	0.0026	1.6984	1.9386	0.0040	3.7769	4.1097	0.0065	1.0914	1.2637	0.0035	0.7370	0.2975	1.4110	0.0107	0.0127	0.0003	0.8885	0.8136	1.3498	0.0003	8.3922	-0.1415	0.0047	5.0072	11.8100	8.1033	8.7888	0.4933	0.4932	0.0001	0.2480	0.2480	0.0000	0.2454	0.2452	0.0001	0.0179	0.0019	0.0160	0.0003	0.0003	0.0000	0.0176	0.0016	0.0160	0.2905	0.2544	0.0361	0.0657	0.0603	0.0053	0.2248	0.1941	0.0307	0.1944	0.1067	0.0878	0.0404	0.0366	0.0038	0.1541	0.0701	0.0840	18.4927	108.7600	0.0219	507.5214	501.9689	22.0082	9.5770	55.3025	0.0186	0.0918	0.0178	0.1818	0.0074	0.0082	0.0003	0.1140	0.0229	0.1900
21	105	0.1079	4	1	1	0	0	0	0	0	0	N	N	N	N	N	N	N	N	N	N	N	N	77.2147	22.4279	24.1725	2.4496	2.3526	1661.5997	58.8608	3.6416	24.3526	1.4954	1.7124	0.0292	0.0375	0.0392	0.0125	1.6507	1.9056	0.0301	0.0194	0.0764	0.0012	0.0153	0.0167	0.0000	0.0280	0.5233	0.0012	0.0025	0.1153	-0.1275	-0.0006	5.0072	14.7392	8.1033	7.3617	0.4479	0.4468	0.0011	0.0011	0.0011	0.0000	0.4468	0.4457	0.0011	0.0011	0.0010	0.0001	0.0003	0.0003	0.0000	0.0008	0.0006	0.0001	0.2995	0.2609	0.0386	0.0288	0.0270	0.0018	0.2707	0.2339	0.0368	0.2028	0.1105	0.0923	0.0337	0.0318	0.0019	0.1691	0.0787	0.0904	281.0036	195.5968	24.1725	3.8566	3.8039	1661.5997	371.4934	234.4321	24.3526	0.0053	0.0088	0.0012	0.0097	0.0103	0.0000	0.0044	0.0081	0.0012
21	106	0.1807	7	1	2	0	0	0	0	0	0	N	Y	N	N	N	N	N	N	N	N	N	N	4161.8523	0.0088	364542.9907	0.2832	0.0027	3206.3768	33694.7054	0.1837	391315.3890	4.6858	0.0000	41.0123	0.0012	0.0000	0.0244	6.0304	0.0000	45.2866	0.0011	0.0027	0.0001	0.0042	0.0050	0.0000	0.0002	0.0001	0.0001	221309.0111	0.0932	1.4200	-0.0001	5.0072	20.0414	8.1033	7.0324	1.9920	0.0000	1.9920	0.0001	0.0000	0.0001	1.9919	0.0000	1.9919	0.0001	0.0001	0.0000	0.0001	0.0001	0.0000	0.0000	0.0000	0.0000	0.4251	0.3765	0.0486	0.0948	0.0902	0.0046	0.3303	0.2863	0.0440	0.2123	0.1099	0.1025	0.0321	0.0290	0.0031	0.1803	0.0809	0.0994	7355.7428	0.0212	364542.9907	0.3097	0.0032	3206.3768	94175.5473	55.9561	391315.3890	0.0006	0.0011	0.0001	0.0039	0.0043	0.0000	0.0001	0.0000	0.0001
21	107	0.1706	6	1	1	0	0	0	0	0	0	N	N	N	N	N	N	N	N	N	N	N	N	0.5829	0.2891	7.1807	0.1314	0.1154	30.6990	0.9148	1.5736	9.5223	0.0070	0.0041	0.0337	0.0024	0.0024	0.0017	0.0090	0.0049	0.0369	0.0120	0.0141	0.0047	0.0181	0.0208	0.0001	0.0098	0.0031	0.0039	0.9016	0.8913	0.0003	-0.0000	5.0072	7.0315	8.1033	1.2144	0.0015	0.0008	0.0007	0.0002	0.0002	0.0000	0.0014	0.0006	0.0007	0.0003	0.0001	0.0001	0.0001	0.0001	0.0000	0.0001	0.0000	0.0001	0.2186	0.1971	0.0215	0.0666	0.0647	0.0019	0.1519	0.1324	0.0195	0.0729	0.0386	0.0343	0.0130	0.0119	0.0011	0.0600	0.0267	0.0332	1.8612	1.0861	8.9817	0.2166	0.2001	30.6990	4.1110	53.2521	9.5223	0.0037	0.0037	0.0038	0.0110	0.0120	0.0001	0.0022	0.0001	0.0039
21	108	0.1370	5	1	1	0	0	0	0	0	0	N	N	N	N	N	N	N	N	N	N	N	N	0.0306	0.0006	9.7897	0.1939	0.0923	396.0208	0.0228	0.0001	10.3876	0.0043	0.0002	0.0331	0.0016	0.0009	0.0159	0.0047	0.0001	0.0340	0.1409	0.3708	0.0034	0.0085	0.0099	0.0000	0.2067	0.8742	0.0033	21.3867	0.1314	0.0010	-0.0012	5.0072	16.2725	8.1033	4.4748	0.0015	0.0001	0.0014	0.0001	0.0000	0.0000	0.0014	0.0000	0.0014	0.0024	0.0021	0.0003	0.0002	0.0002	0.0000	0.0022	0.0019	0.0003	0.3507	0.3069	0.0438	0.0460	0.0438	0.0022	0.3047	0.2632	0.0415	0.1813	0.0947	0.0866	0.0280	0.0258	0.0022	0.1533	0.0689	0.0844	0.3293	0.0099	10.3697	0.2629	0.1343	396.0208	0.3287	0.0038	10.3876	0.0131	0.0222	0.0032	0.0062	0.0068	0.0000	0.0144	0.0279	0.0033
21	109	0.1898	6	1	2	0	0	0	0	0	0	N	Y	N	N	N	N	N	N	N	N	N	N	0.0256	0.0232	0.0268	0.1959	0.2053	0.0095	0.0018	0.1195	0.0303	0.0061	0.0068	0.0009	0.0410	0.0435	0.0000	0.0002	0.0001	0.0010	0.2383	0.2933	0.0346	0.2091	0.2119	0.0012	0.1043	0.0005	0.0328	0.0189	0.8049	-0.0013	-0.0015	5.0072	40.5309	8.1033	14.7974	0.0049	0.0048	0.0001	0.0048	0.0048	0.0000	0.0001	0.0000	0.0001	0.0080	0.0045	0.0036	0.0045	0.0045	0.0000	0.0036	0.0000	0.0036	0.8060	0.7079	0.0981	0.1168	0.1100	0.0068	0.6892	0.5979	0.0914	0.4665	0.2539	0.2126	0.0865	0.0813	0.0052	0.3800	0.1726	0.2074	0.3533	0.3878	0.0549	0.7939	0.7933	0.0095	0.0196	23.0645	0.0576	0.0173	0.0176	0.0169	0.0516	0.0548	0.0012	0.0094	0.0000	0.0173
21	110	0.1639	5	1	2	0	0	0	0	0	0	N	Y	N	N	N	N	N	N	N	N	N	N	0.0104	0.0024	1.2325	0.0013	0.0013	1.5765	0.0409	0.0047	1.4263	0.0091	0.0029	0.0537	0.0029	0.0028	0.0035	0.0103	0.0029	0.0581	0.8760	1.1983	0.0436	2.1343	2.1365	0.0022	0.2529	0.6189	0.0407	2.5521	0.0577	0.0012	-0.0168	5.0072	13.5236	8.1033	3.5331	0.0028	0.0008	0.0020	0.0001	0.0001	0.0000	0.0026	0.0006	0.0020	0.0292	0.0276	0.0016	0.0270	0.0269	0.0000	0.0022	0.0007	0.0016	0.3062	0.2690	0.0372	0.0515	0.0485	0.0030	0.2547	0.2205	0.0342	0.1716	0.0952	0.0764	0.0366	0.0343	0.0023	0.1350	0.0609	0.0741	0.0534	0.0100	2.5742	0.0039	0.0036	1.5765	0.6225	0.2724	2.7116	0.1701	0.2898	0.0209	0.7360	0.7845	0.0022	0.0166	0.0108	0.0214
21	111	0.1079	4	1	1	0	0	0	0	0	0	N	N	N	N	N	N	N	N	N	N	N	N	0.2453	0.1494	2.1669	0.8939	0.5215	17.4976	0.3087	2.2833	1.0387	0.0183	0.0148	0.0421	0.0823	0.0483	0.5836	0.0115	0.0110	0.0151	0.0747	0.0992	0.0194	0.0921	0.0925	0.0334	0.0374	0.0048	0.0146	0.4200	0.9079	0.0001	-0.0004	5.0072	16.9399	8.1033	15.9768	0.0063	0.0044	0.0019	0.0027	0.0015	0.0012	0.0036	0.0029	0.0006	0.0028	0.0015	0.0014	0.0016	0.0015	0.0001	0.0013	0.0000	0.0013	0.3423	0.2982	0.0440	0.0329	0.0308	0.0021	0.3094	0.2674	0.0419	0.2877	0.1550	0.1327	0.0453	0.0425	0.0027	0.2424	0.1125	0.1299	1.8509	1.5379	4.1237	2.3979	1.3923	20.0732	2.1577	62.5579	1.5422	0.0099	0.0096	0.0102	0.0343	0.0347	0.0291	0.0053	0.0002	0.0098
21	112	0.2123	8	2	2	0	1	0	0	0	0	Y	Y	N	N	N	N	N	N	N	N	N	N	1.8732	0.8333	1.5289	1.3448	inf	inf	0.0019	0.0021	0.0000	0.0042	0.0042	0.0000	0.0004	0.0005	0.0000	0.0010	0.0026	0.0000	0.0027	0.0032	0.0000	0.0000	0.0000	0.0000	0.0000	0.0000	-0.0000	-0.0000	5.0072	0.0019	8.1033	1.9928	0.0000	0.0000	0.0000	0.0000	0.0000	0.0000	0.0000	0.0000	0.0000	0.0000	0.0000	0.0000	0.0000	0.0000	0.0000	0.0000	0.0000	0.0000	0.0001	0.0001	0.0000	0.0000	0.0000	0.0000	0.0001	0.0001	0.0000	0.0169	0.0093	0.0076	0.0036	0.0032	0.0004	0.0132	0.0060	0.0072	3.1479	1.9915	0.0000	1.5289	1.3752	0.0000	inf	inf	0.0000	0.0006	0.0011	0.0000	0.0027	0.0031	0.0000	0.0000	0.0000	0.0000			
21	113	0.1887	7	2	2	0	1	0	0	0	0	Y	Y	N	N	N	N	N	N	N	N	N	N	0.0383	1.5027	0.0000	4.7603	4.1241	0.0000	0.0094	2.8203	0.0000	0.0130	0.0151	0.0000	0.0581	0.0607	0.0000	0.0041	0.0048	0.0000	0.3406	0.0101	0.1495	0.0122	0.0147	0.0000	0.4314	0.0017	0.1368	0.0000	13.6445	-0.0008	0.0009	5.0072	8.6942	8.1033	6.0502	0.0026	0.0026	0.0000	0.0019	0.0019	0.0000	0.0007	0.0007	0.0000	0.0029	0.0002	0.0027	0.0002	0.0002	0.0000	0.0027	0.0000	0.0027	0.2006	0.1730	0.0276	0.0334	0.0319	0.0015	0.1672	0.1411	0.0261	0.1293	0.0683	0.0610	0.0242	0.0215	0.0027	0.1052	0.0468	0.0583	0.5756	5.1638	0.0001	7.0723	6.5844	0.0000	0.1560	142.5005	0.0001	0.0226	0.0029	0.0447	0.0082	0.0092	0.0000	0.0260	0.0000	0.0468
21	114	0.2098	11	1	2	0	1	0	0	0	0	N	Y	N	N	N	N	N	N	N	N	N	N	0.0000	0.0000	0.0000	0.0000	0.0000	0.0000	0.0000	0.0000	0.0000	0.0000	0.0000	0.0000	0.0000	0.0006	0.0016	0.0000	0.0009	0.0009	0.0000	0.0000	0.0000	0.0000	0.0000	0.0000	-0.0000	5.0072	0.0001	8.1033	0.0001	0.0000	0.0000	0.0000	0.0000	0.0000	0.0000	0.0000	0.0000	0.0000	0.0000	0.0000	0.0000	0.0000	0.0000	0.0000	0.0000	0.0000	0.0000	0.0000	0.0000	0.0000	0.0000	0.0000	0.0000	0.0000	0.0000	0.0000	0.0000	0.0000	0.0000	0.0000	0.0000	0.0000	0.0000	0.0000	0.0000	0.0000	0.0000	0.0000	0.0000	0.0000	0.0000	0.0000	0.0000	0.0000	0.0004	0.0008	0.0000	0.0009	0.0009	0.0000	0.0000	0.0000	0.0000						
21	115	0.2031	10	1	2	0	1	0	0	0	0	N	Y	N	N	N	N	N	N	N	N	N	N	0.0000	0.0000	0.0000	0.0000	0.0000	0.0000	0.0000	0.0000	0.0000	0.0000	0.0000	0.0000	0.0000	0.0017	0.0046	0.0000	0.0060	0.0074	0.0000	0.0000	0.0000	0.0000	0.0000	0.0000	-0.0000	5.0072	3.0007	8.1033	1.0012	0.0000	0.0000	0.0000	0.0000	0.0000	0.0000	0.0000	0.0000	0.0000	0.0000	0.0000	0.0000	0.0000	0.0000	0.0000	0.0000	0.0000	0.0000	0.0623	0.0542	0.0080	0.0083	0.0078	0.0005	0.0540	0.0465	0.0075	0.0343	0.0179	0.0164	0.0062	0.0054	0.0008	0.0281	0.0124	0.0157	0.0000	0.0000	0.0000	0.0000	0.0000	0.0000	0.0000	0.0000	0.0000	0.0009	0.0017	0.0000	0.0048	0.0055	0.0000	0.0000	0.0000	0.0000						
21	116	0.2013	9	1	1	0	1	0	0	0	0	N	N	N	N	N	N	N	N	N	N	N	N	0.0000	0.0000	0.0000	0.0000	0.0000	0.0000	0.0000	0.0000	0.0000	0.0000	0.0000	0.0000	0.0000	0.0000	0.0000	0.0000	0.0000	0.0000	0.0000	0.0000	0.0000	0.0000	0.0854	0.0000	-0.0000	5.0072	1.1177	8.1033	0.0023	0.0000	0.0000	0.0000	0.0000	0.0000	0.0000	0.0000	0.0000	0.0000	0.0000	0.0000	0.0000	0.0000	0.0000	0.0000	0.0000	0.0000	0.0000	0.0245	0.0214	0.0031	0.0042	0.0040	0.0002	0.0202	0.0174	0.0028	0.0097	0.0050	0.0046	0.0017	0.0015	0.0002	0.0079	0.0035	0.0044	0.0000	0.0000	0.0000	0.0000	0.0000	0.0000	0.0000	0.0000	0.0000	0.0000	0.0000	0.0000	0.0000	0.0000	0.0000	0.0000	0.0000	0.0000						
21	117	0.1983	5	1	2	0	0	0	0	0	0	N	Y	N	N	N	N	N	N	N	N	N	N	0.0032	0.0075	0.0000	0.0189	0.0200	0.1606	0.0000	0.0002	0.0000	0.0067	0.0075	0.0001	0.0318	0.0336	0.0010	0.0000	0.0000	0.0000	2.0689	1.0061	7.9813	1.6880	1.6827	0.0060	2.4800	0.0392	8.5682	0.0019	22.9008	-0.0012	0.3133	5.0072	31.2782	8.1033	23.9277	0.0043	0.0043	0.0000	0.0043	0.0043	0.0000	0.0000	0.0000	0.0000	0.9499	0.0397	0.9102	0.0396	0.0396	0.0000	0.9103	0.0002	0.9101	0.6462	0.5724	0.0738	0.1350	0.1276	0.0075	0.5112	0.4448	0.0664	0.4592	0.2477	0.2114	0.0921	0.0849	0.0072	0.3671	0.1628	0.2043	0.0032	0.0468	0.0000	0.0740	0.0722	0.1606	0.0000	0.0063	0.0000	2.0689	0.1604	4.3050	0.4301	0.4659	0.0060	2.4800	0.0011	4.4555
21	118	0.2013	9	1	1	1	1	0	0	0	0	N	N	N	N	N	N	N	N	N	N	N	N	0.0000	0.0000	0.0000	0.0000	0.0000	0.0000	0.0000	0.0000	0.0000	0.0000	0.0000	0.0000	0.0000	0.0000	0.0000	0.0000	0.0000	0.0000	0.0000	0.0000	5.0072	3.8827	8.1033	2.9998	0.0000	0.0000	0.0000	0.0000	0.0000	0.0000	0.0000	0.0000	0.0000	0.0000	0.0000	0.0000	0.0000	0.0000	0.0000	0.0000	0.0000	0.0000	0.0815	0.0711	0.0104	0.0118	0.0111	0.0007	0.0697	0.0600	0.0097	0.0585	0.0304	0.0281	0.0105	0.0092	0.0013	0.0480	0.0212	0.0268	0.0000	0.0000	0.0000	0.0000	0.0000	0.0000	0.0000	0.0000	0.0000	0.0000	0.0000	0.0000	0.0000	0.0000	0.0000	0.0000	0.0000	0.0000											
21	119	0.1984	8	1	1	0	1	0	0	0	0	N	N	N	N	N	N	N	N	N	N	N	N	0.0421	0.0000	0.2497	0.9044	0.0000	inf	0.0201	0.2664	0.0000	0.0000	0.0002	0.0000	0.0000	0.0000	0.0000	0.0000	0.0002	0.0006	0.0000	0.0008	0.0000	0.0000	0.0000	0.0016	0.0000	0.0009	inf	7079.4752	0.0000	0.0000	5.0072	2.8083	8.1033	0.0030	0.0000	0.0000	0.0000	0.0000	0.0000	0.0000	0.0000	0.0000	0.0000	0.0000	0.0000	0.0000	0.0000	0.0000	0.0000	0.0000	0.0000	0.0000	0.0726	0.0642	0.0084	0.0171	0.0162	0.0009	0.0555	0.0480	0.0075	0.0244	0.0126	0.0117	0.0044	0.0039	0.0005	0.0200	0.0088	0.0112	0.0598	0.0000	0.2497	0.9044	0.0000	inf	0.0639	0.0000	0.2664	0.0004	0.0000	0.0008	0.0000	0.0000	0.0000	0.0005	0.0000	0.0009	
21	120	0.1984	8	1	1	1	1	0	0	0	0	N	N	N	N	N	N	N	N	N	N	N	N	0.0693	0.2695	inf	inf	0.0253	0.2777	0.0000	0.0000	0.0001	0.0000	0.0000	0.0000	0.0000	0.0000	0.0001	0.0001	0.0000	0.0003	0.0000	0.0000	0.0000	0.0004	0.0000	0.0003	inf	inf	0.0000	0.0000	5.0072	9.6158	8.1033	0.0030	0.0000	0.0000	0.0000	0.0000	0.0000	0.0000	0.0000	0.0000	0.0000	0.0000	0.0000	0.0000	0.0000	0.0000	0.0000	0.0000	0.0000	0.0000	0.2098	0.1838	0.0260	0.0341	0.0321	0.0020	0.1757	0.1517	0.0240	0.0818	0.0424	0.0394	0.0146	0.0128	0.0018	0.0671	0.0296	0.0376	0.0693	0.0000	0.2695	inf	0.0000	inf	0.0677	0.0000	0.2777	0.0001	0.0000	0.0003	0.0000	0.0000	0.0000	0.0001	0.0000	0.0003			
21	121	0.1887	7	1	1	0	1	0	0	0	0	N	N	N	N	N	N	N	N	N	N	N	N	0.0180	0.0061	0.1047	0.0412	0.0201	27.1712	0.0180	0.0000	0.1277	0.0099	0.0001	0.0676	0.0004	0.0002	0.0050	0.0124	0.0000	0.0706	0.5516	0.0083	0.6449	0.0090	0.0107	0.0002	0.6875	0.0027	0.5528	230.0842	33.3418	0.0008	0.0010	5.0072	4.2457	8.1033	2.0144	0.0011	0.0000	0.0011	0.0000	0.0000	0.0000	0.0011	0.0000	0.0011	0.0028	0.0001	0.0027	0.0001	0.0001	0.0000	0.0027	0.0000	0.0027	0.1117	0.0954	0.0163	0.0230	0.0223	0.0008	0.0886	0.0731	0.0156	0.0597	0.0321	0.0276	0.0124	0.0112	0.0012	0.0474	0.0209	0.0265	0.2104	0.0197	0.6834	0.0571	0.0299	27.1712	0.2147	0.0005	0.6838	0.0471	0.0026	0.0988	0.0065	0.0072	0.0002	0.0577	0.0001	0.1032
21	122	0.1466	6	1	1	0	1	0	0	0	0	N	N	N	N	N	N	N	N	N	N	N	N	0.0044	0.0193	0.0013	0.0599	0.0615	0.1062	0.0006	0.0138	0.0012	0.0209	0.0211	0.0196	0.1275	0.1330	0.0015	0.0031	0.0000	0.0205	4.7143	1.0938	15.5184	2.1290	2.1604	0.0142	5.4200	0.0010	17.4026	0.1442	42.1007	-0.0009	0.3496	5.0072	11.9190	8.1033	13.1740	0.0057	0.0049	0.0007	0.0049	0.0049	0.0000	0.0007	0.0000	0.0007	1.0033	0.0233	0.9800	0.0233	0.0233	0.0000	0.9799	0.0000	0.9799	0.2702	0.2339	0.0362	0.0387	0.0371	0.0016	0.2314	0.1968	0.0346	0.2128	0.1094	0.1035	0.0320	0.0292	0.0028	0.1808	0.0802	0.1006	0.0044	0.0992	0.0021	0.1750	0.1667	0.1062	0.0006	1.3939	0.0021	4.7143	0.2128	9.4727	0.7284	0.7975	0.0142	5.4200	0.0000	9.7381
21	123	0.5735	10	1	1	1	1	0	0	0	0	N	N	N	N	N	N	N	N	N	N	N	N	0.0000	0.0000	0.0000	0.0000	0.0000	0.0000	0.0000	0.0000	0.0000	0.0000	0.0000	0.0000	0.0000	0.0000	0.0000	0.0000	0.0000	0.0003	0.0008	0.0000	0.0008	0.0009	0.0000	0.0000	0.0000	0.0000	0.0212	0.0000	-0.0000	5.0072	12.8936	8.1033	4.1514	0.0000	0.0000	0.0000	0.0000	0.0000	0.0000	0.0000	0.0000	0.0000	0.0000	0.0000	0.0000	0.0000	0.0000	0.0000	0.0000	0.0000	0.0000	0.2720	0.2437	0.0284	0.0968	0.0916	0.0052	0.1752	0.1520	0.0232	0.1178	0.0693	0.0485	0.0413	0.0372	0.0041	0.0765	0.0321	0.0444	0.0000	0.0000	0.0000	0.0000	0.0000	0.0000	0.0000	0.0000	0.0000	0.0003	0.0005	0.0000	0.0008	0.0009	0.0000	0.0000	0.0000	0.0000		
21	124	0.1619	7	1	2	0	0	0	0	0	0	N	Y	N	N	N	N	N	N	N	N	N	N	0.0518	0.0006	6.7114	0.0052	0.0025	1.9151	0.5125	0.0000	7.0056	0.0002	0.0000	0.0014	0.0001	0.0000	0.0005	0.0002	0.0000	0.0014	0.0034	0.0083	0.0002	0.0117	0.0138	0.0003	0.0004	0.0023	0.0002	42.0950	0.0743	0.0000	-0.0001	5.0072	12.7386	8.1033	8.7370	0.0000	0.0000	0.0000	0.0000	0.0000	0.0000	0.0000	0.0000	0.0000	0.0003	0.0002	0.0000	0.0002	0.0002	0.0000	0.0000	0.0000	0.0000	0.2705	0.2363	0.0343	0.0332	0.0315	0.0017	0.2373	0.2048	0.0326	0.1885	0.0970	0.0915	0.0306	0.0279	0.0027	0.1579	0.0691	0.0887	0.1240	0.0018	6.7114	0.0076	0.0040	1.9151	1.3865	0.0000	7.0056	0.0014	0.0026	0.0002	0.0080	0.0088	0.0003	0.0001	0.0001	0.0002
21	125	0.1466	6	1	2	0	0	0	0	0	0	N	Y	N	N	N	N	N	N	N	N	N	N	0.0155	0.0003	4.8930	0.0016	0.0014	0.3085	0.1731	0.0000	6.8498	0.0056	0.0002	0.0399	0.0011	0.0010	0.0040	0.0064	0.0000	0.0415	0.3593	0.5542	0.0081	0.6571	0.6750	0.0130	0.0372	0.3965	0.0061	36.8955	0.1214	0.0008	-0.0012	5.0072	8.6431	8.1033	1.4782	0.0012	0.0000	0.0011	0.0000	0.0000	0.0000	0.0011	0.0000	0.0011	0.0022	0.0020	0.0002	0.0018	0.0018	0.0000	0.0004	0.0002	0.0002	0.2068	0.1786	0.0282	0.0330	0.0318	0.0012	0.1738	0.1468	0.0270	0.0921	0.0474	0.0448	0.0151	0.0139	0.0012	0.0770	0.0335	0.0435	0.2305	0.0041	7.3903	0.0089	0.0074	0.3085	1.2064	0.0001	8.0017	0.0242	0.0420	0.0054	0.1204	0.1299	0.0130	0.0053	0.0055	0.0052
21	126	0.1370	5	1	1	0	0	0	0	0	0	N	N	N	N	N	N	N	N	N	N	N	N	0.0186	0.0007	1.0431	0.0017	0.0016	57.5151	0.0506	0.0068	1.2047	0.0175	0.0009	0.1427	0.0042	0.0040	0.0100	0.0207	0.0000	0.1493	0.9412	1.2955	0.1369	2.5363	2.5467	0.0002	0.4097	0.0016	0.1239	21.5718	0.0912	0.0013	-0.0079	5.0072	4.1618	8.1033	2.0491	0.0020	0.0001	0.0019	0.0001	0.0001	0.0000	0.0019	0.0000	0.0019	0.0144	0.0132	0.0012	0.0132	0.0132	0.0000	0.0012	0.0000	0.0012	0.1116	0.0985	0.0131	0.0218	0.0212	0.0006	0.0898	0.0773	0.0125	0.0616	0.0333	0.0283	0.0115	0.0108	0.0007	0.0501	0.0225	0.0276	0.0746	0.0022	3.3458	0.0036	0.0033	57.5151	0.8602	0.3857	3.4133	0.2345	0.3975	0.0427	1.1550	1.2300	0.0002	0.0241	0.0000	0.0437
21	127	0.1079	4	1	1	0	0	0	0	0	0	N	N	N	N	N	N	N	N	N	N	N	N	0.0240	0.0219	0.1472	0.0947	0.0474	inf	0.0215	0.0093	0.1871	0.0133	0.0000	0.1021	0.0002	0.0001	0.0012	0.0147	0.0000	0.1072	0.5527	0.0009	0.6938	0.0017	0.0017	0.0000	0.6826	0.0015	0.5729	732.5492	158.5807	0.0018	0.0028	5.0072	9.4810	8.1033	7.4917	0.0026	0.0000	0.0026	0.0000	0.0000	0.0000	0.0026	0.0000	0.0026	0.0076	0.0000	0.0076	0.0000	0.0000	0.0000	0.0076	0.0000	0.0076	0.1954	0.1701	0.0253	0.0189	0.0177	0.0012	0.1764	0.1523	0.0241	0.1610	0.0887	0.0723	0.0280	0.0265	0.0015	0.1330	0.0622	0.0708	0.2804	0.0386	0.9766	0.0947	0.0474	inf	0.2578	0.5782	1.0038	0.0473	0.0005	0.1046	0.0017	0.0017	0.0000	0.0569	0.0000	0.1068
21	128	0.5858	11	2	2	0	0	0	0	0	0	Y	Y	N	N	N	N	N	N	N	N	N	N	0.0000	0.0000	0.0000	0.0000	0.0000	0.0000	0.0000	0.0000	0.0000	0.0000	0.0000	0.0000	0.0000	0.0000	0.0000	0.0000	0.0000	0.0000	0.0000	0.0000	0.0000	0.0000	0.0038	0.0000	-0.0000	5.0072	2.0107	8.1033	1.9995	0.0000	0.0000	0.0000	0.0000	0.0000	0.0000	0.0000	0.0000	0.0000	0.0000	0.0000	0.0000	0.0000	0.0000	0.0000	0.0000	0.0000	0.0000	0.0395	0.0352	0.0044	0.0138	0.0130	0.0008	0.0257	0.0221	0.0036	0.0273	0.0163	0.0111	0.0103	0.0093	0.0010	0.0170	0.0070	0.0101	0.0000	0.0000	0.0000	0.0000	0.0000	0.0000	0.0000	0.0000	0.0000	0.0000	0.0000	0.0000	0.0000	0.0000	0.0000	0.0000	0.0000	0.0000						
21	129	0.5735	10	2	2	0	0	0	0	0	0	Y	Y	N	N	N	N	N	N	N	N	N	N	0.0000	0.0000	0.0000	0.0000	0.0000	0.0000	0.0000	0.0000	0.0000	0.0000	0.0000	0.0000	0.0000	0.0000	0.0000	0.0000	0.0041	0.0079	0.0005	0.0044	0.0051	0.0000	0.0009	0.0000	0.0005	0.1371	0.0000	-0.0000	5.0072	5.6459	8.1033	1.1399	0.0000	0.0000	0.0000	0.0000	0.0000	0.0000	0.0000	0.0000	0.0000	0.0001	0.0001	0.0000	0.0001	0.0001	0.0000	0.0000	0.0000	0.0000	0.1342	0.1210	0.0132	0.0516	0.0492	0.0024	0.0825	0.0718	0.0108	0.0511	0.0299	0.0212	0.0184	0.0167	0.0017	0.0327	0.0132	0.0195	0.0000	0.0000	0.0000	0.0000	0.0000	0.0000	0.0000	0.0000	0.0000	0.0016	0.0024	0.0005	0.0039	0.0043	0.0000	0.0003	0.0000	0.0005			
21	130	0.5432	9	1	1	0	0	0	0	0	0	N	N	N	N	N	N	N	N	N	N	N	N	0.0216	0.0446	0.0001	0.0106	0.0121	0.0000	0.0202	0.4069	0.0002	0.0002	0.0002	0.0000	0.0000	0.0000	0.0000	0.0003	0.0004	0.0000	0.0103	0.0056	0.0082	0.0040	0.0037	0.0067	0.0169	0.0010	0.0063	0.0006	2.0225	-0.0000	0.0000	5.0072	11.6079	8.1033	5.3766	0.0001	0.0001	0.0000	0.0000	0.0000	0.0000	0.0001	0.0001	0.0000	0.0005	0.0002	0.0003	0.0002	0.0002	0.0000	0.0003	0.0000	0.0003	0.2919	0.2603	0.0316	0.1154	0.1089	0.0066	0.1764	0.1514	0.0250	0.1402	0.0822	0.0580	0.0500	0.0458	0.0041	0.0903	0.0364	0.0538	0.0662	0.1314	0.0002	0.0114	0.0131	0.0000	0.1067	43.1853	0.0003	0.0034	0.0019	0.0054	0.0037	0.0034	0.0067	0.0032	0.0000	0.0053
21	131	0.5253	8	1	1	0	0	0	0	0	0	N	N	N	N	N	N	N	N	N	N	N	N	0.1524	0.1073	0.0019	0.1529	0.1592	0.0060	0.9410	0.7604	0.0016	0.0317	0.0353	0.0000	0.0123	0.0128	0.0001	0.0432	0.0499	0.0000	0.2082	0.3292	0.0207	0.0803	0.0807	0.0204	0.0459	0.0657	0.0152	0.0001	0.3444	-0.0009	-0.0008	5.0072	3.9355	8.1033	8.7078	0.0033	0.0033	0.0000	0.0005	0.0005	0.0000	0.0028	0.0028	0.0000	0.0020	0.0015	0.0005	0.0015	0.0015	0.0001	0.0005	0.0001	0.0005	0.1036	0.0930	0.0106	0.0383	0.0366	0.0017	0.0653	0.0564	0.0089	0.1286	0.0801	0.0485	0.0490	0.0456	0.0034	0.0797	0.0346	0.0451	1.9978	1.8631	0.0037	0.3904	0.3984	0.0060	6.8222	34.3590	0.0024	0.0159	0.0190	0.0108	0.0314	0.0323	0.0204	0.0063	0.0015	0.0101
21	132	0.5137	7	1	1	0	0	0	0	0	0	N	N	N	N	N	N	N	N	N	N	N	N	4.5702	5.3918	0.0191	1.2412	1.2358	0.0036	8.0509	16.8531	0.0252	0.6343	0.7078	0.0006	0.0447	0.0470	0.0000	0.9654	1.1160	0.0008	0.1388	0.1313	0.0334	0.0360	0.0380	0.0137	0.1199	0.0662	0.0301	0.0001	0.8874	-0.0293	-0.0002	5.0072	6.2657	8.1033	3.9760	0.1022	0.1022	0.0000	0.0026	0.0026	0.0000	0.0996	0.0996	0.0000	0.0014	0.0007	0.0007	0.0007	0.0007	0.0000	0.0007	0.0000	0.0006	0.1611	0.1443	0.0167	0.0579	0.0551	0.0028	0.1032	0.0892	0.0139	0.1069	0.0658	0.0411	0.0418	0.0384	0.0034	0.0652	0.0274	0.0378	48.5745	62.9629	0.0400	2.5034	2.5783	0.0036	96.7220	766.1020	0.0468	0.0131	0.0112	0.0160	0.0179	0.0182	0.0137	0.0100	0.0015	0.0162
21	133	0.4364	6	1	1	0	0	0	0	0	0	N	N	N	N	N	N	N	N	N	N	N	N	0.5719	0.5962	0.0265	2.2075	2.2046	0.3230	0.3248	0.2298	0.0343	0.3660	0.4103	0.0071	0.6717	0.7106	0.0034	0.2283	0.2626	0.0078	0.6400	0.6881	0.2680	0.3043	0.3223	0.0104	0.7031	1.1429	0.2270	0.0021	0.6597	-0.0597	-0.0058	5.0072	26.7012	8.1033	18.2690	0.2095	0.2091	0.0004	0.1194	0.1194	0.0000	0.0901	0.0897	0.0004	0.0252	0.0152	0.0100	0.0088	0.0087	0.0001	0.0164	0.0065	0.0099	0.5724	0.5096	0.0628	0.1777	0.1680	0.0098	0.3947	0.3416	0.0531	0.4044	0.2386	0.1658	0.1358	0.1250	0.0108	0.2685	0.1136	0.1550	5.8840	6.4582	0.1176	10.3758	10.2322	0.3230	3.7481	4.6063	0.1219	0.0622	0.0635	0.0603	0.0647	0.0694	0.0104	0.0609	0.0570	0.0638
21	134	0.1983	5	1	1	0	0	0	0	0	0	N	N	N	N	N	N	N	N	N	N	N	N	0.3190	0.3354	0.0418	0.0023	0.0024	0.0299	0.3537	0.3373	0.0444	0.8237	0.9020	0.2214	0.0060	0.0063	0.0003	1.0155	1.1286	0.2453	2.5824	2.6893	5.2951	2.5673	2.6204	0.0096	2.8712	3.3463	5.5307	0.0319	0.7975	-0.2382	-0.3770	5.0072	61.4372	8.1033	55.8589	0.9298	0.9010	0.0287	0.0013	0.0013	0.0000	0.9285	0.8998	0.0287	2.0416	1.1358	0.9058	0.1575	0.1574	0.0001	1.8841	0.9784	0.9057	1.1287	0.9990	0.1297	0.2144	0.2018	0.0126	0.9143	0.7972	0.1171	0.7906	0.4223	0.3682	0.1344	0.1225	0.0119	0.6562	0.2998	0.3564	0.3190	0.3354	0.0900	0.0051	0.0049	0.0299	0.3537	0.3459	0.0965	2.5824	2.6893	2.4599	1.1722	1.2848	0.0096	2.8712	3.2632	2.5415
21	135	0.1079	4	1	1	0	0	0	0	0	0	N	N	N	N	N	N	N	N	N	N	N	N	0.0138	0.1181	0.0109	0.3703	0.3502	0.0134	0.0109	0.0813	0.0114	0.0129	0.0104	0.0301	0.0231	0.0246	0.0001	0.0118	0.0088	0.0316	0.9365	0.0881	2.7501	0.0623	0.0703	0.0040	1.0911	0.1082	2.7749	0.4201	45.6420	0.0001	0.0331	5.0072	31.7621	8.1033	18.5886	0.0080	0.0056	0.0024	0.0013	0.0013	0.0000	0.0066	0.0043	0.0024	0.0946	0.0020	0.0926	0.0017	0.0017	0.0000	0.0929	0.0003	0.0925	0.6178	0.5395	0.0783	0.0584	0.0547	0.0037	0.5594	0.4847	0.0747	0.4156	0.2222	0.1934	0.0622	0.0582	0.0040	0.3534	0.1641	0.1893	0.0567	1.1403	0.0629	0.8287	0.8349	0.0134	0.0451	4.6165	0.0646	0.2276	0.0091	0.4787	0.0278	0.0295	0.0040	0.2628	0.0019	0.4888
22	23	0.4269	12	0	1	0	1	0	0	0	0	N	N	N	N	N	N	N	N	N	N	N	N	0.0013	0.0010	0.0000	0.0019	0.0019	0.0000	0.0000	0.0000	0.0000	0.0010	0.0011	0.0000	0.0033	0.0035	0.0000	0.0000	0.0000	0.0000	0.7973	1.0754	0.0000	1.7824	1.8137	0.0000	0.2943	0.9909	0.0000	0.0000	0.0000	-0.0001	-0.0036	17.0533	2.8591	10.0403	0.9679	0.0002	0.0002	0.0000	0.0002	0.0002	0.0000	0.0000	0.0000	0.0000	0.0058	0.0058	0.0000	0.0050	0.0050	0.0000	0.0008	0.0008	0.0000	0.2104	0.1875	0.0229	0.0636	0.0598	0.0038	0.1468	0.1277	0.0191	0.0507	0.0286	0.0221	0.0104	0.0091	0.0012	0.0403	0.0194	0.0209	0.0087	0.0055	0.0000	0.0068	0.0064	0.0000	0.0000	0.0000	0.0000	0.1143	0.2028	0.0000	0.4848	0.5501	0.0000	0.0191	0.0395	0.0000
22	24	0.4008	11	0	1	0	1	0	0	0	0	N	N	N	N	N	N	N	N	N	N	N	N	0.0002	0.0001	0.0010	0.2725	0.2409	0.1024	0.0001	0.0001	0.0000	0.0012	0.0014	0.0000	0.0026	0.0028	0.0000	0.0007	0.0008	0.0000	6.0642	10.6134	0.0003	0.0097	0.0117	0.0000	7.4826	15.0291	0.0003	0.0000	0.0000	-0.0002	-0.6280	17.0533	6.2936	10.0403	7.0245	0.0006	0.0006	0.0000	0.0004	0.0004	0.0000	0.0002	0.0002	0.0000	0.9994	0.9994	0.0000	0.0002	0.0002	0.0000	0.9992	0.9992	0.0000	0.4524	0.4024	0.0500	0.1326	0.1246	0.0080	0.3198	0.2779	0.0419	0.1648	0.0942	0.0706	0.0313	0.0277	0.0036	0.1335	0.0665	0.0671	0.0002	0.0001	0.0010	0.3887	0.3664	0.1024	0.0001	0.0001	0.0000	6.0642	10.6134	0.0003	0.0068	0.0077	0.0000	7.4826	15.0291	0.0003
22	25	0.2020	6	1	1	1	0	0	0	0	0	N	N	N	N	N	N	N	N	N	N	N	N	25896.8690	13908.6407	0.0074	47.5038	45.1207	0.0000	1801747.8009	inf	0.0089	2.6095	2.9076	0.0000	0.0568	0.0598	0.0000	3.9089	4.4896	0.0000	0.0001	0.0002	0.0000	0.0012	0.0013	0.0000	0.0000	0.0000	0.0000	0.0000	0.0207	-0.2888	-0.0000	17.0533	4.4994	10.0403	1.0731	1.0058	1.0058	0.0000	0.0074	0.0074	0.0000	0.9984	0.9984	0.0000	0.0000	0.0000	0.0000	0.0000	0.0000	0.0000	0.0000	0.0000	0.0000	0.3854	0.3459	0.0395	0.1300	0.1235	0.0065	0.2554	0.2224	0.0330	0.0821	0.0415	0.0406	0.0068	0.0061	0.0007	0.0753	0.0353	0.0400	25896.8690	14871.8152	0.0074	47.5038	45.1207	0.0000	1801747.8009	inf	0.0089	0.0001	0.0002	0.0000	0.0012	0.0013	0.0000	0.0000	0.0000	0.0000
22	26	0.1478	6	0	2	0	0	0	0	0	0	N	Y	N	N	N	N	N	N	N	N	N	N	0.7254	2.3473	0.7826	0.0030	0.0003	0.7127	0.7539	72498.7391	0.7769	2.1760	1.2409	8.9027	0.0025	0.0002	0.0322	2.5863	1.4916	9.7955	2.9997	0.5286	11.3759	0.8416	0.8916	0.0451	3.4307	0.0000	12.6087	0.9974	148.3899	0.4237	0.3718	17.0533	12.3098	10.0403	9.0087	1.9966	0.9996	0.9970	0.0004	0.0000	0.0003	1.9963	0.9996	0.9967	1.0188	0.0068	1.0120	0.0070	0.0068	0.0002	1.0118	0.0000	1.0118	0.9176	0.8056	0.1120	0.1457	0.1354	0.0102	0.7719	0.6701	0.1017	0.3396	0.1798	0.1598	0.0447	0.0390	0.0057	0.2949	0.1408	0.1541	0.7254	32.7164	1.4060	0.0158	0.0014	0.8765	0.7539	26588801.5728	1.4919	2.9997	0.0379	6.3317	0.1572	0.1749	0.0367	3.4307	0.0000	6.5657
22	27	0.1246	5	0	2	0	0	0	0	0	0	N	Y	N	N	N	N	N	N	N	N	N	N	0.6542	10.7344	0.0042	3.7134	9.6463	3.4134	0.6161	2.2065	0.0020	1.0896	1.2427	0.0291	0.0595	0.0469	0.2463	1.2344	1.4248	0.0149	1.6656	0.1158	6.8791	0.0160	0.0049	0.0721	2.0035	0.6457	7.4431	0.0034	292.4871	-0.5707	0.4147	17.0533	25.8727	10.0403	15.5187	2.0110	2.0043	0.0068	0.0135	0.0100	0.0035	1.9975	1.9943	0.0032	1.1260	0.0038	1.1222	0.0009	0.0003	0.0006	1.1251	0.0035	1.1216	1.8457	1.6128	0.2328	0.2275	0.2131	0.0144	1.6182	1.3997	0.2185	0.6803	0.3680	0.3123	0.0933	0.0816	0.0116	0.5870	0.2863	0.3007	0.6583	119.1823	0.0081	5.9260	11.2018	4.8220	0.6441	116.7256	0.0040	1.6552	0.0104	3.5929	0.0100	0.0042	0.0511	1.9166	0.0122	3.7300
22	28	0.1187	5	1	2	0	0	0	0	0	0	N	Y	N	N	N	N	N	N	N	N	N	N	343.7487	2.8483	9342.4021	0.0897	0.0757	6.6287	875.2128	314.6802	9874.9911	0.3805	0.0059	3.3627	0.0008	0.0007	0.0008	0.4687	0.0072	3.5879	0.0011	0.0021	0.0004	0.0084	0.0099	0.0001	0.0005	0.0000	0.0004	71.4035	0.4032	0.7082	-0.0002	17.0533	38.1974	10.0403	14.3032	1.0131	0.0140	0.9991	0.0004	0.0004	0.0000	1.0127	0.0136	0.9991	0.0005	0.0003	0.0001	0.0003	0.0003	0.0000	0.0001	0.0000	0.0001	2.6625	2.3654	0.2971	0.5017	0.4830	0.0187	2.1609	1.8824	0.2785	0.7286	0.3595	0.3691	0.0535	0.0483	0.0053	0.6751	0.3113	0.3638	599.6982	6.4555	9342.4021	0.1220	0.1098	6.6287	2393.1870	117395.0425	9874.9911	0.0006	0.0009	0.0004	0.0062	0.0068	0.0001	0.0002	0.0000	0.0004
22	29	0.1547	7	0	2	0	0	0	0	0	0	N	Y	N	N	N	N	N	N	N	N	N	N	0.0003	0.3437	0.0000	0.4817	0.4498	0.0000	0.0000	0.0000	0.0000	0.0002	0.0002	0.0000	0.0008	0.0008	0.0000	0.0000	0.0000	0.0000	0.6186	0.0006	0.8787	0.0016	0.0019	0.0001	0.7328	0.0000	0.7554	0.0000	256.9110	-0.0000	0.0056	17.0533	6.0056	10.0403	10.9350	0.0001	0.0001	0.0000	0.0001	0.0001	0.0000	0.0000	0.0000	0.0000	0.0152	0.0001	0.0152	0.0001	0.0001	0.0000	0.0152	0.0000	0.0152	0.5247	0.4627	0.0620	0.1274	0.1189	0.0086	0.3973	0.3438	0.0535	0.2655	0.1401	0.1254	0.0365	0.0316	0.0050	0.2290	0.1086	0.1204	0.0033	0.5131	0.0000	0.4817	0.4498	0.0000	0.0000	0.0000	0.0000	0.0573	0.0004	0.1209	0.0016	0.0019	0.0001	0.0662	0.0000	0.1259
22	30	0.2148	7	1	2	0	0	0	0	0	0	N	Y	N	N	N	N	N	N	N	N	N	N	0.6284	0.3459	0.0017	0.6011	0.5934	0.0037	0.0000	0.0000	0.0003	0.0002	0.0003	0.0000	0.0007	0.0007	0.0000	0.0000	0.0000	0.0000	0.0004	0.0008	0.0001	0.0012	0.0012	0.0002	0.0000	0.0003	0.0000	0.0000	0.0714	-0.0002	-0.0001	17.0533	17.1852	10.0403	7.8386	0.0005	0.0005	0.0000	0.0005	0.0005	0.0000	0.0000	0.0000	0.0000	0.0002	0.0002	0.0000	0.0002	0.0002	0.0000	0.0000	0.0000	0.0000	2.2217	1.9572	0.2645	0.7796	0.7573	0.0223	1.4421	1.1999	0.2422	0.5459	0.3360	0.2099	0.1381	0.1310	0.0071	0.4078	0.2050	0.2028	0.7857	0.5882	0.0017	0.6011	0.5934	0.0037	0.0001	0.0000	0.0003	0.0003	0.0005	0.0001	0.0012	0.0012	0.0002	0.0000	0.0000	0.0000
22	31	0.2553	8	0	2	0	0	0	0	0	0	N	Y	N	N	N	N	N	N	N	N	N	N	15.0405	34.6295	0.0000	8.0684	15.5898	0.0000	4.5998	inf	0.0000	0.0025	0.0029	0.0000	0.0078	0.0083	0.0000	0.0011	0.0013	0.0000	0.0002	0.0001	0.0003	0.0010	0.0005	0.0054	0.0002	0.0000	0.0002	0.0000	3.0687	-0.0005	0.0000	17.0533	9.9927	10.0403	7.0404	0.0017	0.0017	0.0000	0.0011	0.0011	0.0000	0.0006	0.0006	0.0000	0.0000	0.0000	0.0000	0.0000	0.0000	0.0000	0.0000	0.0000	0.0000	0.6740	0.5962	0.0778	0.1433	0.1357	0.0076	0.5307	0.4605	0.0702	0.2385	0.1194	0.1191	0.0205	0.0187	0.0018	0.2180	0.1007	0.1172	15.0405	34.6295	0.0000	8.0684	15.5898	0.0000	11.8829	inf	0.0000	0.0002	0.0001	0.0003	0.0010	0.0005	0.0054	0.0001	0.0000	0.0002
22	32	0.2472	7	0	2	0	0	0	0	0	0	N	Y	N	N	N	N	N	N	N	N	N	N	628.3164	1884.5338	0.0000	0.0186	0.0170	0.0000	655.9103	inf	0.0000	3.3584	3.7645	0.0000	0.0001	0.0001	0.0000	4.4301	5.0898	0.0000	0.0053	0.0020	0.0033	0.0077	0.0087	0.0000	0.0068	0.0000	0.0032	0.0000	3.5846	-0.2868	0.0000	17.0533	3.8146	10.0403	0.9911	0.9988	0.9988	0.0000	0.0000	0.0000	0.0000	0.9988	0.9988	0.0000	0.0001	0.0000	0.0001	0.0000	0.0000	0.0000	0.0001	0.0000	0.0001	0.2974	0.2653	0.0321	0.0719	0.0691	0.0029	0.2255	0.1962	0.0292	0.0688	0.0341	0.0347	0.0053	0.0048	0.0005	0.0634	0.0293	0.0342	1652.8700	4209.2542	0.0000	0.0249	0.0234	0.0000	2572.0810	inf	0.0000	0.0020	0.0009	0.0031	0.0057	0.0063	0.0000	0.0017	0.0000	0.0032
22	33	0.2472	7	0	2	0	0	0	0	0	0	N	Y	N	N	N	N	N	N	N	N	N	N	1533.0297	6976.8429	0.0000	0.9376	0.8903	0.0000	882.5747	inf	0.0000	0.6210	0.7006	0.0000	0.0006	0.0006	0.0000	0.7833	0.9003	0.0000	0.0004	0.0001	0.0005	0.0006	0.0007	0.0000	0.0009	0.0000	0.0006	0.0000	5.4612	-0.2870	0.0000	17.0533	24.4476	10.0403	5.0002	0.9994	0.9994	0.0000	0.0002	0.0002	0.0000	0.9992	0.9992	0.0000	0.0001	0.0000	0.0001	0.0000	0.0000	0.0000	0.0001	0.0000	0.0001	1.6095	1.4265	0.1830	0.3338	0.3167	0.0171	1.2757	1.1099	0.1658	0.3996	0.1992	0.2004	0.0313	0.0282	0.0031	0.3683	0.1710	0.1973	1920.2281	6976.8429	0.0000	0.9376	0.8903	0.0000	2641.2912	inf	0.0000	0.0003	0.0001	0.0005	0.0006	0.0007	0.0000	0.0003	0.0000	0.0006
22	34	0.2953	7	0	2	1	1	0	0	0	0	N	Y	N	N	N	N	N	N	N	N	N	N	0.5287	0.2752	0.0064	0.0315	0.0305	0.0000	7.3704	2.6476	0.0079	0.0001	0.0001	0.0000	0.0000	0.0000	0.0000	0.0003	0.0003	0.0000	0.0003	0.0005	0.0000	0.0010	0.0011	0.0000	0.0000	0.0001	0.0000	0.0001	0.0657	-0.0000	-0.0000	17.0533	1.3124	10.0403	1.0060	0.0000	0.0000	0.0000	0.0000	0.0000	0.0000	0.0000	0.0000	0.0000	0.0000	0.0000	0.0000	0.0000	0.0000	0.0000	0.0000	0.0000	0.0000	0.1723	0.1609	0.0115	0.1039	0.1015	0.0024	0.0684	0.0594	0.0091	0.0409	0.0246	0.0163	0.0094	0.0089	0.0005	0.0315	0.0158	0.0157	0.5495	0.3776	0.0064	0.0315	0.0305	0.0000	14.7343	828.2507	0.0079	0.0002	0.0004	0.0000	0.0010	0.0011	0.0000	0.0000	0.0000	0.0000
22	35	0.1639	6	0	1	0	1	0	0	0	0	N	N	N	N	N	N	N	N	N	N	N	N	217.6488	99.2995	1326.3755	0.0958	0.0435	14.8650	6960.7734	7903.0476	1795.4616	0.5498	0.6044	0.1234	0.0014	0.0007	0.0176	0.6706	0.7508	0.1308	0.0025	0.0061	0.0001	0.0148	0.0165	0.0012	0.0001	0.0001	0.0001	0.0262	0.0406	-0.5359	-0.0007	17.0533	53.2438	10.0403	16.6757	2.0483	1.9961	0.0522	0.0010	0.0005	0.0005	2.0473	1.9956	0.0517	0.0011	0.0011	0.0000	0.0011	0.0011	0.0000	0.0000	0.0000	0.0000	3.7258	3.3026	0.4232	0.6726	0.6447	0.0279	3.0532	2.6579	0.3952	0.9951	0.5252	0.4699	0.1137	0.1052	0.0085	0.8814	0.4200	0.4614	488.7341	295.1211	1326.3755	0.1487	0.0703	14.8650	17512.6197	2449338.9695	1795.4616	0.0011	0.0020	0.0001	0.0095	0.0102	0.0012	0.0000	0.0000	0.0001
22	36	0.1231	6	0	2	0	0	0	0	0	0	N	Y	N	N	N	N	N	N	N	N	N	N	7.7611	3.6685	0.0240	9.7575	7.5680	0.0093	9.1731	1.5891	0.0297	0.8416	0.9561	0.0003	0.6618	0.6888	0.0000	0.8674	0.9985	0.0003	0.1084	0.2606	0.0106	0.0678	0.0910	0.0000	0.0946	0.6284	0.0089	0.0000	0.3925	-0.3182	-0.0019	17.0533	17.9460	10.0403	11.6991	1.1084	1.1084	0.0000	0.1094	0.1094	0.0000	0.9990	0.9990	0.0000	0.0055	0.0040	0.0016	0.0018	0.0018	0.0000	0.0038	0.0022	0.0016	1.3171	1.1593	0.1578	0.1653	0.1588	0.0065	1.1518	1.0005	0.1513	0.4865	0.2485	0.2380	0.0617	0.0522	0.0095	0.4248	0.1964	0.2285	73.7801	59.6225	0.0387	22.8423	20.1084	0.0093	97.9354	89.1798	0.0388	0.0114	0.0160	0.0066	0.0290	0.0343	0.0000	0.0089	0.0112	0.0068
22	37	0.5786	11	1	2	0	0	0	0	0	0	N	Y	N	N	N	N	N	N	N	N	N	N	0.3758	0.0000	inf	0.3636	0.0000	inf	0.0000	0.0000	0.0000	0.0000	0.0000	0.0000	0.0000	0.0000	0.0000	0.0000	0.0000	0.0000	0.0000	0.0000	0.0000	0.0000	0.0000	0.0000	inf	0.0000	0.0000	-0.0000	17.0533	1.9903	10.0403	0.0021	0.0000	0.0000	0.0000	0.0000	0.0000	0.0000	0.0000	0.0000	0.0000	0.0000	0.0000	0.0000	0.0000	0.0000	0.0000	0.0000	0.0000	0.0000	0.1342	0.1199	0.0143	0.0458	0.0433	0.0024	0.0884	0.0766	0.0119	0.0219	0.0133	0.0085	0.0072	0.0063	0.0009	0.0146	0.0071	0.0076	0.3758	0.0000	inf	0.3636	0.0000	inf	0.0000	0.0000	0.0000	0.0000	0.0000	0.0000	0.0000	0.0000	0.0000	0.0000	0.0000	0.0000			
22	38	0.1639	6	0	2	0	1	0	0	0	0	N	Y	N	N	N	N	N	N	N	N	N	N	1.1522	0.0620	4579.0110	0.0391	0.0335	20.3217	3111.5879	102.6707	10789.6356	0.0214	0.0064	0.1383	0.0057	0.0051	0.0188	0.0251	0.0067	0.1470	0.0186	0.1029	0.0000	0.1451	0.1529	0.0009	0.0000	0.0001	0.0000	2.7824	0.0027	0.0318	-0.0029	17.0533	45.5232	10.0403	15.8903	0.0709	0.0187	0.0521	0.0036	0.0031	0.0005	0.0673	0.0156	0.0516	0.0047	0.0047	0.0000	0.0047	0.0047	0.0000	0.0000	0.0000	0.0000	3.3153	2.9384	0.3769	0.6294	0.6038	0.0256	2.6859	2.3345	0.3513	0.9013	0.4774	0.4239	0.1079	0.1002	0.0077	0.7934	0.3772	0.4162	4.1255	0.6536	4579.0110	0.1314	0.1102	20.3217	3462.0427	35498.5339	10789.6356	0.0052	0.0098	0.0000	0.0432	0.0465	0.0009	0.0000	0.0000	0.0000
22	39	0.1369	5	0	1	0	1	0	0	0	0	N	N	N	N	N	N	N	N	N	N	N	N	59.4779	1.0374	796.6876	0.3592	0.3533	0.4977	38.3686	0.0568	1087.4526	0.7294	0.0094	6.0943	0.0010	0.0010	0.0013	0.8780	0.0113	6.4761	0.0123	0.0090	0.0076	0.0028	0.0029	0.0025	0.0229	0.1984	0.0060	87.1802	1.5842	0.5618	-0.0000	17.0533	13.8166	10.0403	4.5847	0.8009	0.0091	0.7918	0.0002	0.0002	0.0000	0.8007	0.0089	0.7918	0.0012	0.0005	0.0008	0.0001	0.0001	0.0000	0.0011	0.0004	0.0008	1.0980	0.9681	0.1299	0.1861	0.1784	0.0077	0.9120	0.7897	0.1223	0.3228	0.1740	0.1488	0.0406	0.0383	0.0023	0.2822	0.1357	0.1465	190.7591	3.4173	1198.7177	0.3592	0.3533	0.4977	221.4196	4.1541	1263.8585	0.0038	0.0027	0.0051	0.0028	0.0029	0.0025	0.0040	0.0027	0.0051
22	40	0.2987	9	0	1	1	0	0	0	0	0	N	N	N	N	N	N	N	N	N	N	N	N	0.0185	2.4031	0.0001	7.0535	16.3808	0.0000	0.0001	0.0007	0.0001	0.0095	0.0107	0.0001	0.0417	0.0433	0.0000	0.0000	0.0000	0.0001	0.5154	0.0045	0.6292	0.0059	0.0026	0.0372	0.6529	0.0427	0.5198	0.0008	41.9712	-0.0027	0.0050	17.0533	12.6411	10.0403	7.4648	0.0094	0.0094	0.0000	0.0094	0.0094	0.0000	0.0000	0.0000	0.0000	0.0143	0.0003	0.0139	0.0004	0.0002	0.0002	0.0139	0.0002	0.0138	0.9858	0.8735	0.1122	0.2246	0.2162	0.0084	0.7612	0.6573	0.1038	0.3449	0.2016	0.1433	0.0733	0.0679	0.0054	0.2715	0.1337	0.1379	0.2302	6.5206	0.0007	8.7252	16.3808	0.0000	0.0007	0.0266	0.0007	0.0414	0.0016	0.0973	0.0048	0.0026	0.0315	0.0513	0.0011	0.0999
22	41	0.5661	9	0	2	0	0	0	0	0	0	N	Y	N	N	N	N	N	N	N	N	N	N	0.1216	7.7855	0.0000	1.5608	8.3705	0.0000	0.0898	3942.8324	0.0001	0.0861	0.0958	0.0001	0.1004	0.1054	0.0000	0.0779	0.0897	0.0001	0.7083	0.0123	1.4684	0.0643	0.0126	0.4776	0.8678	0.0000	1.3358	0.0001	39.8074	-0.0382	0.0103	17.0533	22.0894	10.0403	9.3639	0.1330	0.1330	0.0000	0.0567	0.0567	0.0000	0.0764	0.0763	0.0000	0.0297	0.0007	0.0289	0.0028	0.0007	0.0021	0.0268	0.0000	0.0268	1.5446	1.3890	0.1556	0.5645	0.5378	0.0267	0.9801	0.8513	0.1288	0.3649	0.2117	0.1532	0.1004	0.0891	0.0113	0.2645	0.1226	0.1419	1.0594	27.8899	0.0003	3.5602	12.9161	0.0000	0.7679	1466181.8858	0.0004	0.0813	0.0034	0.1889	0.0282	0.0082	0.1856	0.1014	0.0000	0.1891
22	42	0.1369	5	0	2	0	0	0	0	0	0	N	Y	N	N	N	N	N	N	N	N	N	N	0.2504	0.1804	2.4194	0.0391	0.0379	0.0000	0.2457	0.1563	2.4836	0.3450	0.3915	0.0002	0.0082	0.0085	0.0000	0.3899	0.4479	0.0002	1.3777	2.1703	0.0001	0.2094	0.2253	0.0000	1.5872	2.8651	0.0001	0.0001	0.0000	-0.2881	-0.6290	17.0533	43.3975	10.0403	17.3745	1.0037	1.0036	0.0001	0.0028	0.0028	0.0000	1.0009	1.0008	0.0001	1.0011	1.0011	0.0000	0.0039	0.0039	0.0000	0.9972	0.9972	0.0000	2.9095	2.5632	0.3463	0.3429	0.3290	0.0139	2.5667	2.2343	0.3324	0.8849	0.4613	0.4236	0.0765	0.0699	0.0066	0.8085	0.3914	0.4171	0.3049	0.1804	2.4194	0.1586	0.1511	0.0000	0.3161	0.1758	2.4836	1.1313	2.1703	0.0001	0.0516	0.0565	0.0000	1.2334	2.5477	0.0001
22	43	0.4963	8	1	1	1	0	0	0	0	0	N	N	N	N	N	N	N	N	N	N	N	N	554.8323	0.0032	59686.6176	0.0111	0.0113	0.0000	10229.0088	0.0000	134850.9585	0.7749	0.0000	7.6310	0.0000	0.0000	0.0000	1.2231	0.0000	9.3723	0.0014	0.0033	0.0001	0.0023	0.0024	0.0012	0.0001	0.0005	0.0001	82395.1643	0.0847	0.7090	-0.0001	17.0533	18.2331	10.0403	4.4208	0.9946	0.0000	0.9946	0.0000	0.0000	0.0000	0.9946	0.0000	0.9946	0.0003	0.0002	0.0000	0.0003	0.0002	0.0000	0.0000	0.0000	0.0000	1.2835	1.1531	0.1303	0.4703	0.4461	0.0242	0.8132	0.7071	0.1061	0.3506	0.1892	0.1614	0.1093	0.1013	0.0080	0.2413	0.0879	0.1534	1028.3417	0.0081	59686.6176	0.0111	0.0113	0.0000	27164.5154	0.0000	134850.9585	0.0008	0.0013	0.0001	0.0023	0.0024	0.0012	0.0000	0.0000	0.0001
22	44	0.5561	8	0	2	0	1	0	0	0	0	N	Y	N	N	N	N	N	N	N	N	N	N	0.1180	0.0766	1.9177	0.0864	0.0797	0.0051	300.6476	653.6018	2.9417	0.4837	0.5378	0.0002	1.3237	1.3996	0.0000	0.0313	0.0357	0.0002	4.0989	7.0245	0.0001	15.3214	17.5570	0.0003	0.0001	0.0001	0.0001	0.0000	0.0000	-0.5601	-2.4769	17.0533	62.5878	10.0403	29.9840	1.9510	1.9509	0.0001	1.8690	1.8690	0.0000	0.0820	0.0819	0.0001	3.9420	3.9419	0.0000	3.9419	3.9419	0.0000	0.0000	0.0000	0.0000	4.0331	3.6278	0.4054	1.4120	1.3353	0.0766	2.6212	2.2924	0.3287	0.9617	0.5612	0.4005	0.2573	0.2245	0.0328	0.7044	0.3366	0.3678	0.1180	0.0766	1.9177	0.0864	0.0797	0.0051	776.3808	243487.0961	2.9417	4.0989	7.0245	0.0001	15.3214	17.5570	0.0003	0.0000	0.0000	0.0001
22	45	0.4963	8	1	1	1	0	0	0	0	0	N	N	N	N	N	N	N	N	N	N	N	N	0.0219	11.1281	0.0000	1.0067	32.6966	0.0000	0.0000	inf	0.0000	0.0158	0.0176	0.0000	0.0420	0.0442	0.0000	0.0000	0.0000	0.0000	0.7211	0.0016	1.4491	0.0417	0.0014	0.9704	0.9016	0.0000	1.2964	0.0000	207.0850	-0.0045	0.0091	17.0533	13.5293	10.0403	3.1702	0.0157	0.0157	0.0000	0.0157	0.0157	0.0000	0.0000	0.0000	0.0000	0.0249	0.0001	0.0248	0.0019	0.0001	0.0018	0.0230	0.0000	0.0230	0.9921	0.8927	0.0993	0.3730	0.3543	0.0187	0.6191	0.5385	0.0806	0.2874	0.1548	0.1326	0.0945	0.0885	0.0060	0.1929	0.0663	0.1266	0.1823	22.7066	0.0000	2.1003	32.6966	0.0000	0.0001	inf	0.0000	0.0867	0.0008	0.1870	0.0200	0.0014	0.2949	0.1194	0.0000	0.1819
22	46	0.4919	7	1	1	1	0	0	0	0	0	N	N	N	N	N	N	N	N	N	N	N	N	0.0122	0.0037	0.6875	0.0461	0.0471	0.0005	0.0370	0.0000	0.9810	0.0012	0.0012	0.0016	0.0024	0.0025	0.0000	0.0002	0.0000	0.0020	0.0991	0.3189	0.0023	0.0528	0.0537	0.0167	0.0066	0.0128	0.0020	0.1292	0.1096	-0.0001	-0.0012	17.0533	4.1147	10.0403	1.2946	0.0005	0.0005	0.0001	0.0005	0.0005	0.0000	0.0001	0.0000	0.0001	0.0022	0.0020	0.0002	0.0020	0.0020	0.0000	0.0002	0.0000	0.0002	0.4339	0.3968	0.0371	0.1901	0.1830	0.0071	0.2438	0.2139	0.0300	0.2040	0.1094	0.0946	0.0856	0.0836	0.0020	0.1184	0.0258	0.0926	0.1093	0.0630	0.6875	0.1018	0.1050	0.0005	0.1447	0.0003	0.9810	0.0110	0.0185	0.0023	0.0239	0.0241	0.0167	0.0017	0.0005	0.0020
22	47	0.4292	6	1	1	0	0	0	0	0	0	N	N	N	N	N	N	N	N	N	N	N	N	0.0085	0.6274	0.0021	0.3665	2.2985	0.0001	0.0017	0.0919	0.0027	0.0057	0.0061	0.0029	0.0154	0.0162	0.0001	0.0014	0.0011	0.0034	0.6772	0.0097	1.3741	0.0421	0.0071	0.6480	0.8498	0.0122	1.2440	0.0561	39.9448	-0.0022	0.0166	17.0533	22.0103	10.0403	13.6452	0.0095	0.0090	0.0005	0.0079	0.0079	0.0000	0.0016	0.0011	0.0005	0.0479	0.0012	0.0467	0.0044	0.0011	0.0033	0.0436	0.0001	0.0435	1.6497	1.4755	0.1741	0.5094	0.4848	0.0247	1.1402	0.9908	0.1495	0.6723	0.4066	0.2657	0.2163	0.2012	0.0151	0.4560	0.2055	0.2505	0.0806	2.1137	0.0164	0.7667	3.0370	0.0003	0.0148	2.4094	0.0194	0.0713	0.0029	0.1760	0.0201	0.0053	0.2169	0.0955	0.0005	0.1735
22	48	0.2987	9	0	2	0	0	0	0	0	0	N	Y	N	N	N	N	N	N	N	N	N	N	0.0006	0.0781	0.0013	0.0249	0.0772	0.0025	0.0006	0.0052	0.0016	0.0003	0.0002	0.0011	0.0001	0.0001	0.0001	0.0004	0.0003	0.0012	0.5544	0.0030	0.8289	0.0030	0.0009	0.0367	0.7019	0.0554	0.6996	0.5834	65.5537	0.0000	0.0050	17.0533	12.3962	10.0403	3.7178	0.0003	0.0002	0.0001	0.0000	0.0000	0.0000	0.0003	0.0002	0.0001	0.0141	0.0002	0.0139	0.0002	0.0001	0.0001	0.0139	0.0002	0.0138	0.9800	0.8685	0.1116	0.2235	0.2152	0.0083	0.7565	0.6532	0.1032	0.2965	0.1762	0.1203	0.0673	0.0628	0.0045	0.2292	0.1134	0.1158	0.0070	0.1967	0.0093	0.0249	0.0772	0.0029	0.0067	0.2161	0.0097	0.0476	0.0012	0.1155	0.0030	0.0009	0.0310	0.0607	0.0013	0.1188
22	49	0.2698	8	0	1	0	0	0	0	0	0	N	N	N	N	N	N	N	N	N	N	N	N	0.0021	0.0066	0.0000	0.1850	0.1862	0.0013	0.0011	0.0024	0.0000	0.0052	0.0058	0.0005	0.0095	0.0100	0.0000	0.0035	0.0040	0.0005	2.5010	0.8723	10.6952	0.0516	0.0535	0.0168	3.3045	1.6331	12.0554	0.0101	38.8938	-0.0018	0.3430	17.0533	14.4870	10.0403	5.8627	0.0067	0.0066	0.0001	0.0035	0.0035	0.0000	0.0032	0.0031	0.0001	0.9898	0.0248	0.9650	0.0023	0.0021	0.0001	0.9875	0.0227	0.9649	1.2814	1.1418	0.1395	0.3626	0.3469	0.0157	0.9187	0.7949	0.1238	0.3958	0.2298	0.1660	0.0969	0.0891	0.0078	0.2988	0.1407	0.1581	0.0021	0.0536	0.0001	0.4084	0.4166	0.0013	0.0011	0.0246	0.0001	2.5010	0.1080	5.8149	0.0233	0.0239	0.0168	3.3045	0.1612	6.1024
22	50	0.2077	7	1	2	1	0	0	0	0	0	N	Y	N	N	N	N	N	N	N	N	N	N	89.9404	35.1361	0.1151	0.0984	inf	inf	0.1221	0.1379	0.0000	0.0019	0.0020	0.0000	0.1562	0.1803	0.0000	0.0014	0.0039	0.0000	0.0169	0.0207	0.0000	0.0000	0.0000	0.0000	0.0000	0.0000	-0.0024	-0.0000	17.0533	0.9856	10.0403	2.8295	0.0085	0.0085	0.0000	0.0000	0.0000	0.0000	0.0085	0.0085	0.0000	0.0000	0.0000	0.0000	0.0000	0.0000	0.0000	0.0000	0.0000	0.0000	0.0697	0.0618	0.0080	0.0154	0.0147	0.0007	0.0543	0.0471	0.0073	0.0542	0.0268	0.0274	0.0038	0.0033	0.0005	0.0504	0.0235	0.0269	165.6029	92.4466	0.0000	0.1864	0.1704	0.0000	inf	inf	0.0000	0.0007	0.0015	0.0000	0.0104	0.0120	0.0000	0.0000	0.0000	0.0000			
22	51	0.5360	9	1	2	0	0	0	0	0	0	N	Y	N	N	N	N	N	N	N	N	N	N	0.8142	0.4664	1.2365	0.6669	0.6249	0.0231	0.5087	0.0003	2.0199	0.0001	0.0001	0.0000	0.0003	0.0003	0.0000	0.0000	0.0000	0.0000	0.0001	0.0003	0.0000	0.0005	0.0005	0.0000	0.0000	0.0000	0.0000	0.0037	0.0096	-0.0000	-0.0000	17.0533	13.3057	10.0403	8.6321	0.0001	0.0001	0.0000	0.0001	0.0001	0.0000	0.0000	0.0000	0.0000	0.0000	0.0000	0.0000	0.0000	0.0000	0.0000	0.0000	0.0000	0.0000	1.0817	0.9689	0.1128	0.4141	0.3922	0.0219	0.6677	0.5767	0.0909	0.2800	0.1670	0.1130	0.0875	0.0775	0.0101	0.1925	0.0896	0.1029	0.8142	0.5454	1.2365	0.6669	0.6249	0.0231	0.5087	0.1046	2.0199	0.0001	0.0002	0.0000	0.0005	0.0005	0.0000	0.0000	0.0000	0.0000
22	52	0.4008	11	0	2	0	1	0	0	0	0	N	Y	N	N	N	N	N	N	N	N	N	N	0.0030	0.0025	0.0000	0.0045	0.0046	0.0000	0.0585	0.0021	0.0000	0.0022	0.0024	0.0000	0.0071	0.0075	0.0000	0.0000	0.0000	0.0000	0.7240	0.9886	0.0000	1.5725	1.6287	0.0000	0.0000	0.0012	0.0000	0.0000	0.0001	-0.0001	-0.0017	17.0533	2.1073	10.0403	0.0711	0.0004	0.0004	0.0000	0.0004	0.0004	0.0000	0.0000	0.0000	0.0000	0.0027	0.0027	0.0000	0.0027	0.0027	0.0000	0.0000	0.0000	0.0000	0.1616	0.1440	0.0176	0.0493	0.0465	0.0028	0.1123	0.0974	0.0149	0.0310	0.0180	0.0130	0.0072	0.0064	0.0008	0.0238	0.0116	0.0121	0.0247	0.0161	0.0000	0.0188	0.0176	0.0000	0.1174	0.1747	0.0000	0.0876	0.1508	0.0000	0.3779	0.4274	0.0000	0.0000	0.0000	0.0000
22	53	0.3384	10	0	1	0	1	0	0	0	0	N	N	N	N	N	N	N	N	N	N	N	N	14.9071	3.0760	0.0000	786.6210	683.1195	0.0000	0.0233	0.0035	0.0000	0.6799	0.7623	0.0000	2.2537	2.3981	0.0000	0.0023	0.0026	0.0000	0.0456	0.2478	0.0001	0.0029	0.0035	0.0000	0.0988	0.7605	0.0001	0.0000	0.0072	-0.2902	-0.0018	17.0533	21.8329	10.0403	8.0592	1.0107	1.0107	0.0000	1.0083	1.0083	0.0000	0.0024	0.0024	0.0000	0.0028	0.0028	0.0000	0.0001	0.0001	0.0000	0.0027	0.0027	0.0000	1.4865	1.3259	0.1606	0.4474	0.4204	0.0269	1.0391	0.9054	0.1337	0.3389	0.1821	0.1568	0.0421	0.0367	0.0054	0.2968	0.1454	0.1514	81.2890	49.3333	0.0000	786.6210	730.2892	0.0000	0.2519	0.1427	0.0000	0.0084	0.0155	0.0001	0.0029	0.0033	0.0000	0.0091	0.0185	0.0001
22	54	0.6485	11	0	2	0	1	0	0	0	0	N	Y	N	N	N	N	N	N	N	N	N	N	0.0000	0.0000	0.0000	0.0000	0.0000	0.0000	0.0000	0.0000	0.0000	0.0000	0.0000	0.0000	0.0000	0.0000	0.0000	0.0000	0.0000	0.0000	0.0000	0.0000	17.0533	0.0000	10.0403	0.0000	0.0000	0.0000	0.0000	0.0000	0.0000	0.0000	0.0000	0.0000	0.0000	0.0000	0.0000	0.0000	0.0000	0.0000	0.0000	0.0000	0.0000	0.0000	0.0000	0.0000	0.0000	0.0000	0.0000	0.0000	0.0000	0.0000	0.0000	0.0000	0.0000	0.0000	0.0000	0.0000	0.0000	0.0000	0.0000	0.0000	0.0000	0.0000	0.0000	0.0000	0.0000	0.0000	0.0000	0.0000	0.0000	0.0000	0.0000	0.0000	0.0000	0.0000	0.0000	0.0000	0.0000	0.0000											
22	55	0.3384	10	0	1	0	1	0	0	0	0	N	N	N	N	N	N	N	N	N	N	N	N	39.2053	1696.3655	0.0030	508.5817	1656.1454	0.0000	0.1063	0.2658	0.0039	0.0058	0.0065	0.0000	0.0146	0.0156	0.0000	0.0001	0.0001	0.0000	0.0001	0.0000	0.0004	0.0000	0.0000	0.0003	0.0005	0.0002	0.0004	0.0000	63.4442	-0.0002	0.0000	17.0533	1.2825	10.0403	0.1503	0.0007	0.0007	0.0000	0.0007	0.0007	0.0000	0.0000	0.0000	0.0000	0.0000	0.0000	0.0000	0.0000	0.0000	0.0000	0.0000	0.0000	0.0000	0.1228	0.1104	0.0124	0.0486	0.0457	0.0029	0.0742	0.0647	0.0095	0.0230	0.0139	0.0091	0.0052	0.0049	0.0003	0.0177	0.0089	0.0088	39.2053	1696.3655	0.0030	508.5817	1656.1454	0.0000	0.2844	78.5586	0.0039	0.0001	0.0000	0.0004	0.0000	0.0000	0.0003	0.0002	0.0000	0.0004
22	56	0.2974	9	0	1	0	1	0	0	0	0	N	N	N	N	N	N	N	N	N	N	N	N	1.0550	0.6541	0.0001	1.6476	1.5172	0.0005	0.2111	0.0714	0.0000	0.0025	0.0028	0.0000	0.0071	0.0076	0.0000	0.0001	0.0001	0.0000	0.0024	0.0043	0.0003	0.0043	0.0050	0.0004	0.0005	0.0016	0.0003	0.0000	0.1421	-0.0009	-0.0002	17.0533	14.8542	10.0403	6.8183	0.0031	0.0031	0.0000	0.0031	0.0031	0.0000	0.0001	0.0001	0.0000	0.0004	0.0003	0.0000	0.0003	0.0003	0.0000	0.0001	0.0000	0.0000	1.2485	1.1161	0.1324	0.4293	0.4045	0.0247	0.8193	0.7116	0.1076	0.3685	0.2195	0.1490	0.0895	0.0805	0.0090	0.2790	0.1390	0.1400	2.3268	1.7706	0.0001	1.8312	1.7665	0.0005	0.5639	3.6769	0.0000	0.0011	0.0016	0.0003	0.0039	0.0043	0.0004	0.0002	0.0000	0.0003
22	57	0.2225	8	0	1	0	1	0	0	0	0	N	N	N	N	N	N	N	N	N	N	N	N	7.3620	1.9938	6.5284	2.8850	2.7555	0.0406	94.4486	36.0176	7.7211	0.4605	0.5145	0.0090	0.8154	0.8619	0.0001	0.3208	0.3662	0.0105	0.0625	0.2581	0.0014	0.2826	0.3128	0.0021	0.0034	0.0102	0.0014	0.0021	0.0728	-0.3545	-0.0032	17.0533	33.5853	10.0403	9.3450	1.2436	1.2410	0.0026	0.6219	0.6219	0.0000	0.6216	0.6190	0.0026	0.0057	0.0053	0.0004	0.0053	0.0052	0.0000	0.0005	0.0001	0.0004	2.7005	2.4119	0.2887	0.7628	0.7216	0.0412	1.9378	1.6903	0.2475	0.6161	0.3348	0.2813	0.0844	0.0768	0.0076	0.5317	0.2580	0.2737	49.4621	32.2205	6.5284	13.0749	12.6170	0.0406	360.5705	946.4025	7.7211	0.0093	0.0160	0.0014	0.0624	0.0683	0.0021	0.0009	0.0004	0.0014
22	58	0.2017	7	0	1	0	0	0	0	0	0	N	N	N	N	N	N	N	N	N	N	N	N	12.1764	10.7562	85.6596	32.4981	31.2626	0.1648	6.1828	0.2866	122.5969	0.3561	0.2092	1.5167	0.6473	0.6798	0.0003	0.2490	0.0186	1.7129	0.0292	0.0195	0.0177	0.0199	0.0217	0.0021	0.0403	0.0649	0.0140	0.9171	1.8087	0.0951	0.0000	17.0533	15.2419	10.0403	2.5705	0.4974	0.2594	0.2379	0.2430	0.2430	0.0000	0.2544	0.0164	0.2379	0.0021	0.0008	0.0014	0.0006	0.0006	0.0000	0.0015	0.0002	0.0014	1.3969	1.2400	0.1569	0.3755	0.3575	0.0180	1.0214	0.8825	0.1389	0.3083	0.1634	0.1449	0.0497	0.0470	0.0026	0.2587	0.1164	0.1423	52.0288	45.5036	161.7752	54.6960	54.9108	0.1648	42.3143	12.8187	180.1157	0.0068	0.0046	0.0094	0.0118	0.0124	0.0021	0.0059	0.0015	0.0095
22	59	0.6485	11	0	1	0	1	0	0	0	0	N	N	N	N	N	N	N	N	N	N	N	N	0.0000	0.0000	0.0000	0.0000	0.0000	0.0000	0.0000	0.0000	0.0000	0.0000	0.0000	0.0000	0.0000	0.0000	0.0000	0.0000	0.0000	0.0000	0.0000	0.0000	17.0533	0.0000	10.0403	0.0000	0.0000	0.0000	0.0000	0.0000	0.0000	0.0000	0.0000	0.0000	0.0000	0.0000	0.0000	0.0000	0.0000	0.0000	0.0000	0.0000	0.0000	0.0000	0.0000	0.0000	0.0000	0.0000	0.0000	0.0000	0.0000	0.0000	0.0000	0.0000	0.0000	0.0000	0.0000	0.0000	0.0000	0.0000	0.0000	0.0000	0.0000	0.0000	0.0000	0.0000	0.0000	0.0000	0.0000	0.0000	0.0000	0.0000	0.0000	0.0000	0.0000	0.0000	0.0000	0.0000	0.0000	0.0000											
22	60	0.5711	10	0	1	0	1	0	0	0	0	N	N	N	N	N	N	N	N	N	N	N	N	6.7357	2.6019	0.0220	0.0094	0.0078	0.0106	5213.5143	4876.9232	0.0262	0.8041	0.8926	0.0000	0.0012	0.0012	0.0000	1.2465	1.4293	0.0000	0.1194	0.3430	0.0002	0.1260	0.1591	0.0009	0.0002	0.0003	0.0002	0.0000	0.0084	-0.2890	-0.0023	17.0533	19.3360	10.0403	7.9957	1.0064	1.0064	0.0000	0.0005	0.0005	0.0000	1.0059	1.0059	0.0000	0.0037	0.0037	0.0000	0.0037	0.0037	0.0000	0.0000	0.0000	0.0000	1.2515	1.1275	0.1240	0.4445	0.4238	0.0208	0.8070	0.7037	0.1032	0.3105	0.1844	0.1261	0.0906	0.0780	0.0126	0.2199	0.1064	0.1135	66.9376	44.5014	0.0220	0.0288	0.0260	0.0106	13470.0066	1299995.5143	0.0262	0.0120	0.0201	0.0002	0.0409	0.0474	0.0009	0.0001	0.0000	0.0002
22	61	0.2610	8	0	2	1	0	0	0	0	0	N	Y	N	N	N	N	N	N	N	N	N	N	0.8893	4555.1604	1.0490	0.0869	1.2287	0.0083	0.9750	inf	1.1116	2.0587	1.1655	8.9789	0.0011	0.0009	0.0042	2.6992	1.5628	10.0413	2.3148	0.0003	8.5595	0.0121	0.0007	0.5129	2.7683	0.0000	9.0336	0.9944	20398.6554	0.4233	0.3767	17.0533	14.2360	10.0403	11.9336	2.0021	1.0039	0.9982	0.0002	0.0002	0.0000	2.0019	1.0037	0.9982	1.0137	0.0000	1.0137	0.0006	0.0000	0.0005	1.0131	0.0000	1.0131	0.9725	0.8614	0.1112	0.2309	0.2191	0.0118	0.7416	0.6422	0.0994	0.4379	0.2198	0.2181	0.0720	0.0692	0.0028	0.3660	0.1506	0.2153	0.8893	5154.5696	1.9323	0.1288	1.2287	0.0220	0.9750	inf	2.1343	2.3148	0.0002	4.6468	0.0082	0.0007	0.1926	2.7683	0.0000	4.7048
22	62	0.1306	6	1	1	1	0	0	0	0	0	N	N	N	N	N	N	N	N	N	N	N	N	0.0058	0.0022	0.0006	0.0029	0.0032	0.0002	0.0000	0.0000	0.0000	0.0001	0.0001	0.0000	0.0004	0.0004	0.0000	0.0000	0.0000	0.0000	0.0128	0.0377	0.0015	0.1429	0.1325	0.0522	0.0018	0.0000	0.0010	0.0015	0.2249	-0.0000	-0.0010	17.0533	28.8660	10.0403	13.2209	0.0001	0.0001	0.0000	0.0001	0.0001	0.0000	0.0000	0.0000	0.0000	0.0024	0.0019	0.0004	0.0021	0.0019	0.0001	0.0003	0.0000	0.0003	1.8819	1.6630	0.2190	0.3423	0.3266	0.0157	1.5396	1.3364	0.2032	0.5945	0.2980	0.2966	0.0477	0.0444	0.0033	0.5468	0.2535	0.2933	0.0187	0.0130	0.0006	0.0095	0.0098	0.0003	0.0000	0.0000	0.0000	0.0040	0.0065	0.0015	0.0431	0.0434	0.0398	0.0006	0.0000	0.0010
22	63	0.1862	7	1	2	0	0	0	0	0	0	N	Y	N	N	N	N	N	N	N	N	N	N	0.0069	0.0000	0.1784	0.0001	0.0000	0.0142	0.0074	0.0000	0.2145	0.0018	0.0000	0.0141	0.0000	0.0000	0.0001	0.0020	0.0000	0.0149	0.2611	0.0381	0.0792	0.0462	0.0506	0.0062	0.2759	0.0021	0.0694	22672.3107	4.5241	0.0005	0.0008	17.0533	5.0237	10.0403	8.0282	0.0006	0.0000	0.0006	0.0000	0.0000	0.0000	0.0006	0.0000	0.0006	0.0043	0.0008	0.0035	0.0008	0.0008	0.0000	0.0035	0.0000	0.0035	0.3537	0.3088	0.0449	0.0412	0.0390	0.0023	0.3124	0.2698	0.0426	0.2315	0.1191	0.1124	0.0367	0.0334	0.0033	0.1948	0.0857	0.1091	0.0973	0.0000	0.4540	0.0003	0.0000	0.0142	0.1136	0.0000	0.4667	0.0185	0.0065	0.0311	0.0215	0.0230	0.0062	0.0179	0.0000	0.0319
22	64	0.1231	6	1	2	0	0	0	0	0	0	N	Y	N	N	N	N	N	N	N	N	N	N	14.9069	0.0038	431.3346	0.2560	0.1907	44.5837	8.8067	0.0000	543.2595	0.6988	0.0003	5.8341	0.0026	0.0024	0.0059	0.7994	0.0000	6.0846	0.0469	0.0872	0.0135	0.0100	0.0128	0.0001	0.0908	0.5815	0.0112	2366.3376	0.8164	0.6443	-0.0009	17.0533	17.5893	10.0403	19.0270	0.9043	0.0004	0.9039	0.0004	0.0004	0.0000	0.9039	0.0000	0.9039	0.0049	0.0027	0.0022	0.0005	0.0005	0.0000	0.0044	0.0022	0.0022	1.2940	1.1391	0.1549	0.1633	0.1569	0.0064	1.1307	0.9822	0.1486	0.5799	0.2955	0.2844	0.0678	0.0572	0.0106	0.5121	0.2383	0.2738	82.9162	0.0368	755.2973	0.3674	0.2944	44.5837	92.7516	0.0000	758.8196	0.0084	0.0091	0.0077	0.0070	0.0083	0.0001	0.0086	0.0093	0.0080
22	65	0.1168	5	0	2	0	0	0	0	0	0	N	Y	N	N	N	N	N	N	N	N	N	N	1.4784	0.6389	52.0520	20.1455	20.2237	3.1749	0.7293	0.0011	57.1502	1.3206	0.7547	5.5255	4.3481	4.4550	0.0038	0.7753	0.0022	5.7014	0.8933	1.1812	0.1062	0.2158	0.2203	0.0012	1.0630	1.9932	0.0998	0.9852	0.0799	0.0410	-0.0132	17.0533	1.7566	10.0403	2.8742	0.1963	0.0989	0.0974	0.0986	0.0986	0.0000	0.0976	0.0002	0.0974	0.0239	0.0221	0.0018	0.0018	0.0018	0.0000	0.0220	0.0203	0.0018	0.1486	0.1310	0.0176	0.0227	0.0221	0.0005	0.1259	0.1089	0.0171	0.1284	0.0814	0.0470	0.0349	0.0328	0.0021	0.0935	0.0486	0.0449	7.0997	2.7790	146.9106	82.2060	79.2646	3.1749	3.2891	0.0053	145.0145	0.1860	0.2716	0.0376	0.0529	0.0562	0.0012	0.2357	0.4169	0.0393
22	66	0.2610	8	0	2	0	0	0	0	0	0	N	Y	N	N	N	N	N	N	N	N	N	N	0.1211	0.0686	0.0000	0.0001	0.0001	0.0000	264388.8696	17311.2998	0.0000	0.7145	0.8064	0.0000	0.0053	0.0056	0.0000	0.9291	1.0711	0.0000	5.8991	11.7538	0.0000	38.6017	40.3544	0.0000	0.0000	0.0001	0.0000	0.0000	0.0000	-0.2876	-1.8602	17.0533	21.1811	10.0403	10.1862	1.0015	1.0015	0.0000	0.0017	0.0017	0.0000	0.9997	0.9997	0.0000	2.9604	2.9604	0.0000	2.9604	2.9604	0.0000	0.0000	0.0000	0.0000	1.4015	1.2419	0.1596	0.3256	0.3086	0.0170	1.0760	0.9333	0.1426	0.5018	0.2519	0.2500	0.0767	0.0734	0.0033	0.4252	0.1785	0.2466	0.1211	0.0686	0.0000	0.0001	0.0001	0.0000	264388.8696	6331313.1441	0.0000	5.8991	11.7538	0.0000	38.6017	40.3544	0.0000	0.0000	0.0000	0.0000
22	67	0.2472	7	0	2	0	0	0	0	0	0	N	Y	N	N	N	N	N	N	N	N	N	N	0.0039	0.0014	0.0873	0.0004	0.0004	0.0078	0.0087	0.0067	0.1183	0.0035	0.0018	0.0172	0.0011	0.0011	0.0000	0.0042	0.0020	0.0189	0.8915	1.2441	0.1968	2.9761	3.1162	0.0005	0.4798	0.2936	0.1598	1.2221	0.1624	0.0005	-0.0108	17.0533	7.4253	10.0403	0.9851	0.0019	0.0008	0.0010	0.0001	0.0001	0.0000	0.0017	0.0007	0.0010	0.0221	0.0190	0.0031	0.0188	0.0188	0.0000	0.0033	0.0002	0.0031	0.5364	0.4765	0.0599	0.1199	0.1144	0.0055	0.4165	0.3620	0.0544	0.1194	0.0592	0.0602	0.0093	0.0084	0.0009	0.1101	0.0508	0.0593	0.0189	0.0055	0.3352	0.0005	0.0005	0.0078	0.1406	0.5036	0.3636	0.1848	0.3205	0.0512	2.0237	2.2452	0.0005	0.0298	0.0039	0.0520
22	68	0.2698	8	0	1	1	0	0	0	0	0	N	N	N	N	N	N	N	N	N	N	N	N	0.0194	0.0133	845.8295	0.0049	0.0049	5.0642	67.0643	3.1082	1282.4072	0.0110	0.0103	0.0171	0.0050	0.0052	0.0006	0.0133	0.0124	0.0192	0.5660	0.7685	0.0000	1.0201	1.0518	0.0001	0.0002	0.0040	0.0000	0.2039	0.0002	-0.0017	-0.0125	17.0533	15.0354	10.0403	6.2061	0.0145	0.0120	0.0025	0.0018	0.0018	0.0000	0.0126	0.0102	0.0024	0.0198	0.0198	0.0000	0.0198	0.0198	0.0000	0.0000	0.0000	0.0000	1.3169	1.1733	0.1436	0.3690	0.3529	0.0161	0.9479	0.8204	0.1275	0.4071	0.2358	0.1713	0.0982	0.0902	0.0080	0.3090	0.1457	0.1633	0.2259	0.1220	845.8295	0.0247	0.0236	5.0642	181.8661	89.5650	1282.4072	0.0487	0.0841	0.0000	0.2017	0.2196	0.0001	0.0001	0.0001	0.0000
22	69	0.2017	7	0	1	0	0	0	0	0	0	N	N	N	N	N	N	N	N	N	N	N	N	1.6578	78.0800	0.0099	130.2666	121.8246	0.1870	1.0798	6.1889	0.0137	0.7387	0.8331	0.0032	1.2774	1.3425	0.0003	0.5877	0.6765	0.0035	0.4456	0.0107	0.3189	0.0098	0.0110	0.0014	0.5443	0.1093	0.2537	0.0005	19.7149	-0.4594	0.0065	17.0533	27.6811	10.0403	13.1592	1.6028	1.6020	0.0008	0.6069	0.6069	0.0000	0.9959	0.9951	0.0008	0.0200	0.0010	0.0191	0.0005	0.0005	0.0000	0.0195	0.0005	0.0191	2.1697	1.9230	0.2467	0.4751	0.4521	0.0230	1.6946	1.4709	0.2236	0.6032	0.3168	0.2864	0.0729	0.0674	0.0055	0.5304	0.2494	0.2809	22.2348	272.7940	0.0476	186.9186	184.5450	0.1870	15.9486	353.4855	0.0512	0.0332	0.0031	0.0666	0.0068	0.0073	0.0014	0.0368	0.0019	0.0679
22	70	0.1669	6	0	1	0	0	0	0	0	0	N	N	N	N	N	N	N	N	N	N	N	N	33.5413	26.4584	10.5979	72.0162	70.0050	0.2019	1.0533	0.2943	11.2861	0.2429	0.2712	0.0240	1.1382	1.1841	0.0002	0.0058	0.0027	0.0258	0.0072	0.0103	0.0023	0.0158	0.0169	0.0010	0.0055	0.0092	0.0023	0.0115	0.6479	-0.1103	-0.0003	17.0533	19.6565	10.0403	4.0504	0.4000	0.3954	0.0045	0.3924	0.3924	0.0000	0.0076	0.0030	0.0045	0.0011	0.0007	0.0004	0.0006	0.0006	0.0000	0.0005	0.0001	0.0004	1.6470	1.4578	0.1892	0.3448	0.3314	0.0134	1.3022	1.1264	0.1758	0.4187	0.2270	0.1918	0.0619	0.0586	0.0033	0.3568	0.1683	0.1885	92.0649	91.8487	10.5979	114.9848	113.8505	0.2019	4.2222	7.5118	11.2861	0.0026	0.0030	0.0023	0.0099	0.0104	0.0010	0.0014	0.0004	0.0023
22	71	0.2504	8	1	2	0	0	0	0	0	0	N	Y	N	N	N	N	N	N	N	N	N	N	71.3498	229.7715	0.7454	71.7894	136.4063	0.5055	0.0044	0.0024	0.0488	0.0132	0.0149	0.0002	0.0564	0.0594	0.0020	0.0000	0.0000	0.0000	0.0002	0.0001	0.0003	0.0008	0.0004	0.0040	0.0004	0.0000	0.0003	0.0020	4.9959	-0.0045	0.0000	17.0533	17.5448	10.0403	6.0013	0.0159	0.0159	0.0000	0.0159	0.0159	0.0000	0.0000	0.0000	0.0000	0.0001	0.0000	0.0000	0.0000	0.0000	0.0000	0.0000	0.0000	0.0000	1.2034	1.0683	0.1351	0.2824	0.2677	0.0147	0.9210	0.8006	0.1204	0.3227	0.1611	0.1616	0.0254	0.0229	0.0025	0.2973	0.1382	0.1591	71.3498	240.1331	0.7454	71.7894	136.4063	0.5055	0.0120	1.8987	0.0488	0.0002	0.0001	0.0003	0.0008	0.0004	0.0040	0.0001	0.0000	0.0003
22	72	0.3188	11	1	2	1	0	0	0	0	0	N	Y	N	N	N	N	N	N	N	N	N	N	205.8937	117.0578	0.0000	210.5054	212.9941	0.0000	0.0000	0.0429	0.0485	0.0000	0.1453	0.1525	0.0000	0.0000	0.0000	0.0000	0.0002	0.0004	0.0000	0.0007	0.0007	0.0000	0.0000	0.0000	0.0000	0.0000	0.0096	-0.0017	-0.0000	17.0533	1.8980	10.0403	2.9698	0.0059	0.0059	0.0000	0.0059	0.0059	0.0000	0.0000	0.0000	0.0000	0.0000	0.0000	0.0000	0.0000	0.0000	0.0000	0.0000	0.0000	0.0000	0.1372	0.1213	0.0159	0.0405	0.0386	0.0019	0.0967	0.0827	0.0140	0.0953	0.0613	0.0339	0.0285	0.0274	0.0010	0.0668	0.0339	0.0329	205.8937	151.3923	0.0000	210.5054	212.9941	0.0000	0.0000	0.0000	0.0000	0.0002	0.0003	0.0000	0.0007	0.0007	0.0000	0.0000	0.0000	0.0000		
22	73	0.2993	10	1	1	1	0	0	0	0	0	N	N	N	N	N	N	N	N	N	N	N	N	0.0298	0.0008	115.6513	0.0005	0.0004	0.0220	0.0569	0.0008	960.9032	0.0146	0.0006	0.1737	0.0002	0.0002	0.0019	0.0249	0.0009	0.2001	0.4891	0.6818	0.0015	0.4372	0.4240	0.0867	0.4371	1.0904	0.0002	27.2722	0.0165	0.0049	-0.0031	17.0533	3.5853	10.0403	4.3819	0.0073	0.0003	0.0070	0.0000	0.0000	0.0000	0.0072	0.0002	0.0070	0.0050	0.0049	0.0001	0.0022	0.0021	0.0001	0.0028	0.0028	0.0000	0.4998	0.4593	0.0405	0.2086	0.2032	0.0054	0.2912	0.2561	0.0351	0.1325	0.0786	0.0538	0.0260	0.0247	0.0012	0.1065	0.0539	0.0526	0.3873	0.0090	115.6513	0.0026	0.0020	0.0336	0.9423	0.0167	960.9032	0.0377	0.0624	0.0015	0.0839	0.0852	0.0569	0.0264	0.0520	0.0002
22	74	0.2678	9	1	1	1	0	0	0	0	0	N	N	N	N	N	N	N	N	N	N	N	N	0.3234	0.0001	562.0143	0.0437	0.1138	0.0315	0.3941	0.0000	1822.6925	1.0761	0.0006	10.1888	0.0023	0.0019	0.0123	1.5139	0.0001	11.6803	3.3272	6.1804	0.0181	0.0535	0.0163	0.3903	3.8410	7.9831	0.0064	1976.4145	0.0013	0.7089	-0.6220	17.0533	12.3589	10.0403	7.3592	0.9952	0.0005	0.9946	0.0006	0.0005	0.0002	0.9945	0.0000	0.9945	0.9920	0.9907	0.0013	0.0010	0.0004	0.0006	0.9910	0.9903	0.0007	0.9248	0.8272	0.0976	0.2679	0.2554	0.0125	0.6569	0.5718	0.0851	0.2981	0.1603	0.1379	0.0401	0.0362	0.0039	0.2580	0.1240	0.1340	0.3234	0.0001	1063.6961	0.0973	0.1840	0.0798	0.3941	0.0000	2171.3216	3.3272	6.1804	0.0096	0.0240	0.0101	0.1540	3.8410	7.9831	0.0054
22	75	0.2504	8	1	1	1	0	0	0	0	0	N	N	N	N	N	N	N	N	N	N	N	N	0.7925	0.5980	40.4826	2.8029	2.8031	0.0016	0.0089	0.0001	54.2088	0.4043	0.4509	0.0307	1.5749	1.6606	0.0000	0.0047	0.0001	0.0349	0.5102	0.7540	0.0008	0.5619	0.5924	0.0082	0.5259	1.2617	0.0006	0.0085	0.0095	-0.0836	-0.0039	17.0533	10.2127	10.0403	1.0234	0.2998	0.2973	0.0025	0.2972	0.2972	0.0000	0.0026	0.0001	0.0025	0.0064	0.0063	0.0001	0.0013	0.0013	0.0000	0.0051	0.0050	0.0001	0.7415	0.6593	0.0822	0.1887	0.1790	0.0097	0.5527	0.4803	0.0724	0.1582	0.0788	0.0794	0.0125	0.0113	0.0012	0.1458	0.0676	0.0782	10.0378	5.6301	40.4826	14.9938	14.3732	0.0016	0.1347	0.0017	54.2088	0.0403	0.0801	0.0008	0.1050	0.1155	0.0082	0.0347	0.0742	0.0006
22	76	0.2472	7	1	1	0	0	0	0	0	0	N	N	N	N	N	N	N	N	N	N	N	N	0.0129	0.0193	0.0001	0.0246	0.0216	0.7426	0.0000	0.0000	0.0000	0.0001	0.0001	0.0000	0.0005	0.0005	0.0000	0.0000	0.0000	0.0000	0.0095	0.0071	0.0054	0.0205	0.0242	0.0000	0.0118	0.0115	0.0043	0.0004	1.8232	-0.0000	0.0000	17.0533	3.7027	10.0403	0.0091	0.0000	0.0000	0.0000	0.0000	0.0000	0.0000	0.0000	0.0000	0.0000	0.0002	0.0001	0.0001	0.0000	0.0000	0.0000	0.0001	0.0000	0.0001	0.2899	0.2587	0.0312	0.0704	0.0677	0.0028	0.2195	0.1911	0.0284	0.0532	0.0264	0.0269	0.0041	0.0037	0.0004	0.0491	0.0226	0.0265	0.0385	0.0603	0.0001	0.0417	0.0391	0.7426	0.0000	0.0000	0.0000	0.0032	0.0023	0.0041	0.0121	0.0134	0.0000	0.0024	0.0004	0.0041
22	77	0.2302	6	0	1	0	0	0	0	0	0	N	N	N	N	N	N	N	N	N	N	N	N	0.0001	18.1264	0.0000	0.2024	16.0490	0.0000	0.0000	0.0207	0.0000	0.0018	0.0020	0.0000	0.0050	0.0053	0.0000	0.0000	0.0000	0.0000	12.8498	0.0001	40.0596	0.0246	0.0003	2.1343	15.8207	0.0000	41.5496	0.0000	211942.3349	-0.0002	0.9613	17.0533	3.8334	10.0403	6.1787	0.0007	0.0007	0.0000	0.0007	0.0007	0.0000	0.0000	0.0000	0.0000	2.5865	0.0000	2.5865	0.0005	0.0000	0.0005	2.5860	0.0000	2.5860	0.3623	0.3245	0.0378	0.1312	0.1229	0.0083	0.2311	0.2016	0.0295	0.2013	0.1098	0.0915	0.0378	0.0368	0.0010	0.1635	0.0730	0.0905	0.0001	18.1264	0.0000	0.3605	16.0490	0.0000	0.0000	7.9781	0.0000	12.8498	0.0001	28.2769	0.0138	0.0003	0.5039	15.8207	0.0000	28.5879
22	78	0.1911	5	0	1	0	0	0	0	0	0	N	N	N	N	N	N	N	N	N	N	N	N	0.2258	0.2391	0.0000	0.4894	0.5020	0.0044	0.0003	0.0034	0.0000	0.3121	0.3502	0.0000	1.5196	1.5820	0.0000	0.0004	0.0004	0.0000	1.3824	1.4647	4.2763	3.1052	3.1513	0.0101	1.4135	0.1243	4.4541	0.0000	1.7854	-0.1181	0.0067	17.0533	16.9094	10.0403	5.8161	0.4112	0.4112	0.0000	0.4108	0.4108	0.0000	0.0004	0.0004	0.0000	0.5296	0.1901	0.3395	0.1898	0.1898	0.0000	0.3398	0.0004	0.3394	1.3175	1.1742	0.1433	0.2704	0.2597	0.0107	1.0472	0.9145	0.1326	0.4593	0.2567	0.2025	0.0868	0.0825	0.0043	0.3725	0.1742	0.1982	0.2707	0.4729	0.0000	0.6949	0.6878	0.0044	0.0004	0.2086	0.0000	1.1532	0.7406	1.6761	2.1868	2.3000	0.0101	0.9123	0.0020	1.7122
22	79	0.1168	5	0	2	0	0	0	0	0	0	N	Y	N	N	N	N	N	N	N	N	N	N	108.9350	0.2816	82882.8645	0.5983	0.5137	1.2604	3824.3663	0.5184	3219322.5758	0.5494	0.0039	4.4040	0.0213	0.0221	0.0027	0.6020	0.0019	4.5535	0.0050	0.0137	0.0001	0.0355	0.0431	0.0021	0.0002	0.0036	0.0000	161.5125	0.0131	0.6322	-0.0008	17.0533	23.9173	10.0403	17.8091	0.8946	0.0055	0.8891	0.0031	0.0031	0.0000	0.8915	0.0024	0.8891	0.0013	0.0013	0.0000	0.0012	0.0012	0.0000	0.0000	0.0000	0.0000	1.6284	1.4265	0.2019	0.1474	0.1408	0.0066	1.4810	1.2857	0.1953	0.6516	0.3439	0.3077	0.0696	0.0622	0.0074	0.5820	0.2818	0.3003	282.2751	1.0602	82882.8645	1.1970	1.1274	1.2604	10850.5582	16.4359	3219322.5758	0.0019	0.0036	0.0001	0.0178	0.0196	0.0021	0.0001	0.0001	0.0000
22	80	0.1007	4	0	2	0	0	0	0	0	0	N	Y	N	N	N	N	N	N	N	N	N	N	94.3223	58.6319	218.1328	3368.4723	3251.6842	0.6829	5.4096	0.0000	274.3029	2.5722	2.6566	1.9930	32.1162	33.3699	0.0019	0.2733	0.0000	2.0364	0.0273	0.0453	0.0091	0.0095	0.0103	0.0028	0.0505	0.4908	0.0074	0.1094	0.5953	-0.2085	-0.0003	17.0533	6.1279	10.0403	3.6878	1.1061	0.9971	0.1091	0.9971	0.9971	0.0000	0.1091	0.0000	0.1091	0.0013	0.0008	0.0005	0.0002	0.0002	0.0000	0.0011	0.0006	0.0005	0.4300	0.3753	0.0547	0.0310	0.0299	0.0012	0.3990	0.3454	0.0536	0.1911	0.1108	0.0803	0.0265	0.0256	0.0009	0.1646	0.0853	0.0794	390.4438	373.0632	340.5841	4761.0174	4842.5534	0.6829	41.6509	0.0001	345.8483	0.0066	0.0071	0.0059	0.0067	0.0069	0.0028	0.0066	0.0072	0.0059
22	81	0.1306	6	1	1	1	0	0	0	0	0	N	N	N	N	N	N	N	N	N	N	N	N	54.6802	0.0252	206565.9351	0.0381	0.0373	0.0007	38125.5410	0.1110	261007.7752	0.5540	0.0010	4.7503	0.0048	0.0050	0.0000	0.6771	0.0000	5.1199	0.0101	0.0391	0.0000	0.1247	0.1337	0.0003	0.0000	0.0000	0.0000	635.1650	0.0035	0.7111	-0.0012	17.0533	27.2690	10.0403	12.3406	0.9998	0.0016	0.9982	0.0016	0.0016	0.0000	0.9982	0.0000	0.9982	0.0019	0.0019	0.0000	0.0019	0.0019	0.0000	0.0000	0.0000	0.0000	1.8045	1.5944	0.2101	0.3303	0.3151	0.0152	1.4742	1.2792	0.1950	0.5691	0.2856	0.2836	0.0465	0.0434	0.0031	0.5226	0.2422	0.2804	166.3632	0.1490	206565.9351	0.1170	0.1144	0.0007	64308.5137	87.4214	261007.7752	0.0033	0.0066	0.0000	0.0407	0.0436	0.0003	0.0000	0.0000	0.0000
22	82	0.1153	5	0	1	0	0	0	0	0	0	N	N	N	N	N	N	N	N	N	N	N	N	0.0005	0.0073	0.0071	0.0056	0.0048	0.3146	0.0003	0.0003	0.0090	0.0001	0.0000	0.0004	0.0001	0.0001	0.0001	0.0001	0.0000	0.0004	0.1399	0.0034	0.0558	0.0161	0.0189	0.0003	0.1904	0.0043	0.0471	1.9201	19.3284	0.0000	0.0006	17.0533	9.0798	10.0403	0.9519	0.0000	0.0000	0.0000	0.0000	0.0000	0.0000	0.0000	0.0000	0.0000	0.0019	0.0001	0.0019	0.0001	0.0001	0.0000	0.0019	0.0000	0.0018	0.7346	0.6566	0.0780	0.1786	0.1720	0.0066	0.5560	0.4846	0.0714	0.1487	0.0726	0.0761	0.0085	0.0077	0.0008	0.1402	0.0649	0.0752	0.0049	0.0187	0.0163	0.0090	0.0081	0.3146	0.0042	0.0086	0.0173	0.0131	0.0013	0.0243	0.0101	0.0111	0.0003	0.0133	0.0002	0.0246
22	83	0.1007	4	0	2	0	0	0	0	0	0	N	Y	N	N	N	N	N	N	N	N	N	N	0.6193	0.4233	263449.6993	2.2340	2.2564	inf	69033.1738	264857.6624	0.2116	0.2399	0.0135	2.9510	3.0654	0.0027	0.0018	0.0000	0.0137	0.3416	0.5668	0.0000	1.3210	1.3585	0.0000	0.0000	0.0000	0.0000	0.0081	0.0000	-0.0837	-0.0081	17.0533	21.0000	10.0403	14.4214	0.3000	0.2976	0.0024	0.2976	0.2976	0.0000	0.0024	0.0000	0.0024	0.0129	0.0129	0.0000	0.0129	0.0129	0.0000	0.0000	0.0000	0.0000	1.4181	1.2404	0.1777	0.1009	0.0971	0.0038	1.3172	1.1433	0.1739	0.5626	0.2973	0.2653	0.0451	0.0420	0.0031	0.5174	0.2553	0.2622	9.2097	5.5193	263449.6993	10.3081	9.9620	inf	69033.1738	0.0000	264857.6624	0.0230	0.0435	0.0000	0.2863	0.3077	0.0000	0.0000	0.0000	0.0000	
22	84	0.1584	8	0	1	1	0	0	0	0	0	N	N	N	N	N	N	N	N	N	N	N	N	0.0001	0.0004	0.0000	0.0014	0.0014	0.0000	0.0000	0.0000	0.0002	0.0003	0.0000	0.0015	0.0016	0.0000	0.0000	0.0000	0.0000	2.2411	0.6233	8.5477	1.0648	1.1677	0.0119	2.5418	0.0000	9.3497	0.0000	79.5269	-0.0001	0.3779	17.0533	20.4085	10.0403	11.0867	0.0003	0.0003	0.0000	0.0003	0.0003	0.0000	0.0000	0.0000	0.0000	1.0519	0.0131	1.0388	0.0132	0.0131	0.0001	1.0387	0.0000	1.0387	1.4499	1.2747	0.1752	0.2192	0.2076	0.0116	1.2306	1.0671	0.1636	0.4694	0.2450	0.2244	0.0607	0.0522	0.0085	0.4087	0.1928	0.2159	0.0001	0.0049	0.0000	0.0069	0.0064	0.0000	0.0000	0.0000	0.0000	2.2411	0.0533	4.6297	0.2168	0.2502	0.0119	2.5418	0.0000	4.8115	
22	85	0.1547	7	0	1	1	0	0	0	0	0	N	N	N	N	N	N	N	N	N	N	N	N	0.0003	0.0002	0.0000	0.0003	0.0003	0.0000	0.0000	0.0000	0.0000	0.0003	0.0003	0.0000	0.0010	0.0010	0.0000	0.0000	0.0000	0.0000	1.1966	1.5600	2.6403	3.8420	4.0213	0.0013	1.0636	0.0009	2.6727	0.0000	0.3644	-0.0000	-0.0204	17.0533	3.1287	10.0403	1.1816	0.0001	0.0001	0.0000	0.0001	0.0001	0.0000	0.0000	0.0000	0.0000	0.0564	0.0414	0.0151	0.0414	0.0414	0.0000	0.0151	0.0000	0.0151	0.3253	0.2883	0.0371	0.1038	0.0966	0.0072	0.2215	0.1916	0.0299	0.0763	0.0422	0.0341	0.0130	0.0117	0.0013	0.0632	0.0305	0.0327	0.0004	0.0004	0.0000	0.0003	0.0003	0.0000	0.0000	0.0000	0.0000	0.7400	0.9801	0.4426	3.1799	3.5371	0.0013	0.2383	0.0000	0.4603
22	86	0.1478	6	0	1	0	0	0	0	0	0	N	N	N	N	N	N	N	N	N	N	N	N	0.0048	0.0044	0.0009	0.0079	0.0084	0.0041	0.0004	1.5347	0.0011	0.0047	0.0050	0.0019	0.0178	0.0193	0.0000	0.0004	0.0001	0.0023	0.9715	1.1476	2.1027	2.2491	2.3120	0.0067	0.9737	0.0001	1.9959	0.0508	0.9326	-0.0004	-0.0045	17.0533	4.0532	10.0403	2.2470	0.0017	0.0016	0.0001	0.0015	0.0015	0.0000	0.0001	0.0000	0.0001	0.0309	0.0160	0.0149	0.0160	0.0160	0.0000	0.0149	0.0000	0.0149	0.3532	0.3116	0.0416	0.0869	0.0801	0.0068	0.2663	0.2315	0.0348	0.1140	0.0628	0.0512	0.0189	0.0171	0.0018	0.0951	0.0457	0.0494	0.0173	0.0198	0.0066	0.0211	0.0207	0.0041	0.0025	540.0167	0.0076	0.2707	0.2544	0.2908	0.8456	0.9329	0.0067	0.1565	0.0000	0.3010
22	87	0.1246	5	0	1	0	0	0	0	0	0	N	N	N	N	N	N	N	N	N	N	N	N	0.0303	0.0437	0.0049	0.0744	0.0768	0.0046	0.0106	1.0942	0.0056	0.0327	0.0351	0.0176	0.0897	0.0973	0.0007	0.0133	0.0120	0.0205	1.0801	0.8035	3.5497	1.2060	1.2674	0.1451	1.2611	0.0110	3.6795	0.0781	7.8399	-0.0034	0.0369	17.0533	4.7288	10.0403	9.8540	0.0158	0.0146	0.0011	0.0110	0.0110	0.0000	0.0048	0.0036	0.0011	0.1428	0.0162	0.1267	0.0167	0.0161	0.0006	0.1262	0.0001	0.1261	0.4819	0.4168	0.0651	0.1225	0.1129	0.0096	0.3594	0.3039	0.0556	0.3072	0.1780	0.1291	0.0641	0.0573	0.0068	0.2431	0.1207	0.1223	0.0704	0.3870	0.0179	0.3451	0.3461	0.0081	0.0257	28.8446	0.0199	0.4650	0.0907	0.9810	0.2600	0.2811	0.0820	0.5191	0.0004	1.0310
22	88	0.1007	4	0	1	0	0	0	0	0	0	N	N	N	N	N	N	N	N	N	N	N	N	0.0018	0.5373	0.0029	0.0430	0.1485	0.0084	0.0017	0.0319	0.0029	0.0241	0.0098	0.1221	0.0009	0.0007	0.0035	0.0258	0.0106	0.1247	13.7197	0.0182	41.9591	0.0198	0.0050	0.4165	15.4251	0.3312	43.1760	1.8107	5513.0049	0.0052	1.4298	17.0533	8.6320	10.0403	7.0881	0.0145	0.0051	0.0093	0.0000	0.0000	0.0000	0.0144	0.0051	0.0093	3.8490	0.0007	3.8483	0.0004	0.0001	0.0002	3.8486	0.0006	3.8481	0.6017	0.5254	0.0764	0.0433	0.0417	0.0016	0.5584	0.4837	0.0747	0.2805	0.1556	0.1249	0.0310	0.0296	0.0015	0.2495	0.1260	0.1235	0.0018	2.1847	0.0040	0.0724	0.1737	0.0215	0.0017	2.3373	0.0040	13.7197	0.0045	30.8003	0.0118	0.0043	0.1619	15.4251	0.0045	31.1640
22	89	0.1685	6	0	2	0	0	0	0	0	0	N	Y	N	N	N	N	N	N	N	N	N	N	80.9993	28.3837	1747.4945	2.0129	1.2650	1371.0231	34721.0318	13240.1589	719.4620	0.8809	0.9916	0.0706	0.1041	0.0702	0.7425	1.0328	1.1891	0.0210	0.0109	0.0349	0.0000	0.0517	0.0555	0.0005	0.0000	0.0001	0.0000	0.0097	0.0052	-0.2856	-0.0008	17.0533	15.4622	10.0403	5.2688	1.0292	1.0193	0.0099	0.0199	0.0127	0.0072	1.0093	1.0066	0.0028	0.0012	0.0012	0.0000	0.0012	0.0012	0.0000	0.0000	0.0000	0.0000	1.1684	1.0280	0.1404	0.1911	0.1815	0.0096	0.9772	0.8465	0.1307	0.3528	0.1947	0.1580	0.0521	0.0487	0.0034	0.3006	0.1460	0.1546	253.1041	158.0892	1747.4945	4.4382	2.7998	1371.0231	68043.9907	4235076.3932	719.4620	0.0035	0.0063	0.0000	0.0235	0.0251	0.0005	0.0000	0.0000	0.0000
22	90	0.1567	5	0	1	0	0	0	0	0	0	N	N	N	N	N	N	N	N	N	N	N	N	17.0434	10.6136	103.0666	300.2786	33.6633	1659.6784	3.1307	0.7352	51.3165	0.4571	0.0438	2.8363	1.1894	0.1325	7.7257	0.1904	0.0110	1.1973	0.0268	0.0041	0.0275	0.0040	0.0039	0.0047	0.0608	0.0149	0.0233	11.2615	6.1849	0.2210	0.0003	17.0533	7.5917	10.0403	1.5198	0.3500	0.0285	0.3215	0.2432	0.0233	0.2198	0.1069	0.0052	0.1016	0.0012	0.0002	0.0011	0.0001	0.0001	0.0000	0.0011	0.0000	0.0010	0.7657	0.6524	0.1133	0.2044	0.1760	0.0285	0.5613	0.4764	0.0849	0.1890	0.1106	0.0785	0.0394	0.0367	0.0027	0.1496	0.0738	0.0758	70.3297	28.2922	210.4353	326.3560	37.1092	1659.6784	26.2525	20.3443	86.8050	0.0065	0.0015	0.0135	0.0036	0.0036	0.0047	0.0073	0.0005	0.0138
22	91	0.2077	7	1	1	1	0	0	0	0	0	N	N	N	N	N	N	N	N	N	N	N	N	43008.3387	inf	0.0000	inf	inf	50531.4362	inf	0.0000	0.0408	0.0462	0.0000	0.0007	0.0007	0.0000	0.0517	0.0596	0.0000	0.0000	0.0000	0.0000	0.0000	0.0000	0.0000	0.0000	0.0000	0.0000	0.0000	inf	-0.0024	0.0000	17.0533	3.0317	10.0403	0.1644	0.0085	0.0085	0.0000	0.0000	0.0000	0.0000	0.0085	0.0085	0.0000	0.0000	0.0000	0.0000	0.0000	0.0000	0.0000	0.0000	0.0000	0.0000	0.2085	0.1844	0.0240	0.0442	0.0421	0.0021	0.1643	0.1424	0.0219	0.0455	0.0225	0.0230	0.0032	0.0028	0.0004	0.0423	0.0197	0.0226	43008.3387	inf	0.0000	inf	inf	0.0000	50531.4362	inf	0.0000	0.0000	0.0000	0.0000	0.0000	0.0000	0.0000	0.0000	0.0000	0.0000	
22	92	0.2020	6	1	1	1	0	0	0	0	0	N	N	N	N	N	N	N	N	N	N	N	N	25040.1863	11699.1812	0.0077	8.9389	8.5870	0.0000	1939351.3348	inf	0.0098	3.7533	4.1527	0.0000	0.0145	0.0152	0.0000	6.2815	7.1997	0.0000	0.0001	0.0004	0.0000	0.0016	0.0018	0.0000	0.0000	0.0000	0.0000	0.0000	0.0206	-0.2825	-0.0000	17.0533	2.6632	10.0403	1.0147	0.9840	0.9840	0.0000	0.0015	0.0015	0.0000	0.9825	0.9825	0.0000	0.0000	0.0000	0.0000	0.0000	0.0000	0.0000	0.0000	0.0000	0.0000	0.2622	0.2370	0.0252	0.1058	0.1005	0.0053	0.1564	0.1365	0.0199	0.0555	0.0283	0.0272	0.0050	0.0046	0.0004	0.0504	0.0237	0.0267	25040.1863	14425.9854	0.0077	8.9389	8.5870	0.0000	1939351.3348	inf	0.0098	0.0001	0.0003	0.0000	0.0016	0.0018	0.0000	0.0000	0.0000	0.0000
22	93	0.1187	5	1	1	1	0	0	0	0	0	N	N	N	N	N	N	N	N	N	N	N	N	0.0511	0.0304	4.0571	0.0088	0.0086	0.0471	1061.9334	303.1880	5.1254	0.0145	0.0163	0.0001	0.0106	0.0110	0.0000	0.0155	0.0178	0.0001	0.2841	0.5375	0.0000	1.1997	1.2717	0.0003	0.0000	0.0001	0.0000	0.0007	0.0006	-0.0104	-0.0082	17.0533	35.0787	10.0403	12.2568	0.0362	0.0361	0.0000	0.0051	0.0051	0.0000	0.0311	0.0311	0.0000	0.0130	0.0130	0.0000	0.0130	0.0130	0.0000	0.0000	0.0000	0.0000	2.4899	2.2129	0.2770	0.4812	0.4636	0.0175	2.0088	1.7493	0.2595	0.6669	0.3294	0.3375	0.0508	0.0458	0.0050	0.6162	0.2836	0.3325	0.7462	0.4147	4.0571	0.0414	0.0388	0.0471	1602.5013	112881.0081	5.1254	0.0195	0.0394	0.0000	0.2556	0.2833	0.0003	0.0000	0.0000	0.0000
22	94	0.1052	4	1	1	0	0	0	0	0	0	N	N	N	N	N	N	N	N	N	N	N	N	198.0947	150.4950	3.1423	0.0138	0.0123	2.5525	280.4647	46.3345	3.2873	1.2259	1.3627	0.0056	0.0003	0.0003	0.0001	1.6345	1.8713	0.0060	0.0062	0.0091	0.0018	0.0212	0.0243	0.0000	0.0058	0.0404	0.0018	0.0005	0.6596	-0.2825	-0.0001	17.0533	8.4810	10.0403	2.3446	0.9855	0.9850	0.0005	0.0001	0.0001	0.0000	0.9854	0.9850	0.0005	0.0004	0.0002	0.0002	0.0002	0.0002	0.0000	0.0002	0.0001	0.0002	0.8039	0.7229	0.0811	0.2010	0.1965	0.0045	0.6029	0.5264	0.0765	0.1698	0.0844	0.0854	0.0124	0.0114	0.0010	0.1574	0.0730	0.0844	539.5830	494.9012	3.1423	0.0237	0.0222	2.5525	1104.1628	1714.3123	3.2873	0.0023	0.0028	0.0018	0.0123	0.0134	0.0000	0.0015	0.0011	0.0018
22	95	0.1007	4	0	2	0	1	0	0	0	0	N	Y	N	N	N	N	N	N	N	N	N	N	0.0178	0.0078	0.0000	0.0217	0.0200	0.0000	0.0000	0.0000	0.0000	0.0004	0.0004	0.0000	0.0000	0.0000	0.0000	0.0016	0.0042	0.0000	0.0185	0.0209	0.0014	0.0000	0.0000	0.0000	0.0000	0.0100	-0.0000	-0.0004	17.0533	24.0032	10.0403	22.6134	0.0000	0.0000	0.0000	0.0000	0.0000	0.0000	0.0000	0.0000	0.0000	0.0006	0.0006	0.0000	0.0006	0.0006	0.0000	0.0000	0.0000	0.0000	1.6087	1.4077	0.2010	0.1141	0.1099	0.0043	1.4946	1.2978	0.1967	0.7123	0.3728	0.3395	0.0525	0.0484	0.0040	0.6598	0.3243	0.3355	0.0347	0.0209	0.0000	0.0360	0.0349	0.0000	0.0000	0.0000	0.0000	0.0008	0.0016	0.0000	0.0112	0.0120	0.0014	0.0000	0.0000	0.0000			
22	96	0.5182	8	0	2	0	0	0	0	0	0	N	Y	N	N	N	N	N	N	N	N	N	N	0.1659	0.0667	0.0004	0.6213	0.5752	0.0007	0.0043	1.1918	0.0004	0.0120	0.0134	0.0000	0.0372	0.0392	0.0000	0.0000	0.0000	0.0000	0.0725	0.2014	0.0050	0.0598	0.0681	0.0063	0.0080	0.0000	0.0037	0.0000	0.1782	-0.0045	-0.0019	17.0533	18.5150	10.0403	10.2301	0.0156	0.0156	0.0000	0.0156	0.0156	0.0000	0.0000	0.0000	0.0000	0.0040	0.0034	0.0006	0.0035	0.0034	0.0001	0.0005	0.0000	0.0005	1.2982	1.1613	0.1369	0.4193	0.3979	0.0215	0.8788	0.7635	0.1154	0.4090	0.2524	0.1566	0.1302	0.1176	0.0126	0.2788	0.1348	0.1440	1.2255	0.9959	0.0005	1.3876	1.3517	0.0007	0.0182	456.4641	0.0004	0.0098	0.0135	0.0039	0.0268	0.0290	0.0063	0.0019	0.0000	0.0037
22	97	0.0716	3	0	2	0	0	0	0	0	0	N	Y	N	N	N	N	N	N	N	N	N	N	2.8399	0.0093	4381.3945	0.0335	0.0338	0.1106	563.4291	6370.8527	0.3371	0.0037	2.7494	0.0474	0.0486	0.0099	0.3584	0.0000	2.7959	0.1187	0.3956	0.0006	1.4168	1.4366	0.0894	0.0006	0.0000	0.0004	103.3793	0.0271	0.7100	-0.0075	17.0533	46.1140	10.0403	26.4917	1.0096	0.0097	0.9999	0.0097	0.0097	0.0001	0.9999	0.0000	0.9999	0.0125	0.0121	0.0003	0.0122	0.0121	0.0001	0.0002	0.0000	0.0002	2.9949	2.6312	0.3637	0.2052	0.1991	0.0061	2.7897	2.4321	0.3576	1.0390	0.5141	0.5249	0.0371	0.0353	0.0017	1.0019	0.4788	0.5231	28.1001	0.1557	4381.3945	0.1437	0.1415	0.1718	1564.1040	0.0000	6370.8527	0.0120	0.0236	0.0006	0.3300	0.3434	0.0576	0.0002	0.0000	0.0004	
22	98	0.5711	10	0	2	0	0	0	0	0	0	N	Y	N	N	N	N	N	N	N	N	N	N	0.1099	0.1444	0.0000	669.8776	652.9768	0.0005	0.0000	0.0000	0.0000	0.6525	0.7245	0.0000	1.8557	1.9475	0.0000	0.0000	0.0000	0.0000	5.9389	5.0189	13.0011	0.0028	0.0030	0.0015	8.3754	8.6714	14.6568	0.0000	0.9926	-0.2488	-0.2587	17.0533	20.7840	10.0403	8.9470	0.8667	0.8667	0.0000	0.8667	0.8667	0.0000	0.0000	0.0000	0.0000	1.9866	0.9970	0.9896	0.0003	0.0002	0.0000	1.9863	0.9968	0.9896	1.3282	1.1962	0.1320	0.4670	0.4450	0.0220	0.8612	0.7512	0.1100	0.3345	0.1987	0.1359	0.0973	0.0837	0.0136	0.2372	0.1149	0.1222	0.1099	0.1444	0.0000	669.8776	652.9768	0.0005	0.0000	0.0000	0.0000	5.9389	5.0189	7.2844	0.0028	0.0030	0.0015	8.3754	8.6714	8.0970
22	99	0.5661	9	0	1	0	0	0	0	0	0	N	N	N	N	N	N	N	N	N	N	N	N	0.0042	0.0053	0.0007	0.0082	0.0079	0.0580	0.0068	0.0054	0.0010	0.0025	0.0027	0.0003	0.0004	0.0004	0.0000	0.0051	0.0059	0.0004	0.5909	0.5086	0.4187	0.0497	0.0537	0.0003	0.7526	1.0829	0.3674	0.0093	1.6624	-0.0003	-0.0000	17.0533	2.7834	10.0403	1.0450	0.0012	0.0012	0.0000	0.0001	0.0001	0.0000	0.0011	0.0011	0.0000	0.0044	0.0017	0.0028	0.0007	0.0007	0.0000	0.0037	0.0010	0.0028	0.4762	0.4362	0.0400	0.2663	0.2567	0.0096	0.2098	0.1795	0.0304	0.0843	0.0484	0.0359	0.0311	0.0295	0.0016	0.0532	0.0189	0.0343	0.0471	0.0777	0.0035	0.0180	0.0177	0.0580	0.0728	0.1162	0.0044	0.0526	0.0344	0.0771	0.0228	0.0240	0.0003	0.0700	0.0508	0.0806
22	100	0.5561	8	0	1	0	0	0	0	0	0	N	N	N	N	N	N	N	N	N	N	N	N	0.2696	0.2616	0.0004	0.2260	0.2410	0.0015	0.1530	4.0716	0.0003	0.2688	0.2962	0.0010	0.3738	0.3934	0.0015	0.1651	0.1908	0.0008	0.9967	1.1324	2.6166	1.6535	1.6325	1.0137	1.0790	0.0469	2.5989	0.0003	1.1556	-0.0710	-0.0058	17.0533	7.6044	10.0403	2.7972	0.2476	0.2475	0.0001	0.1711	0.1710	0.0000	0.0765	0.0765	0.0000	0.0631	0.0293	0.0338	0.0309	0.0292	0.0017	0.0322	0.0001	0.0321	0.9213	0.8357	0.0856	0.4577	0.4347	0.0230	0.4636	0.4010	0.0626	0.2017	0.1234	0.0783	0.0738	0.0680	0.0058	0.1279	0.0554	0.0725	0.8594	1.2493	0.0023	0.8922	0.9167	0.0052	0.6566	157.7027	0.0017	0.3127	0.2371	0.4320	0.4189	0.4291	0.2985	0.2514	0.0012	0.4426
22	101	0.5065	7	0	1	0	0	0	0	0	0	N	N	N	N	N	N	N	N	N	N	N	N	0.9166	0.8076	0.0040	0.0029	0.0029	0.0260	2.7503	80.1799	0.0043	0.6905	0.7715	0.0005	0.0037	0.0039	0.0005	1.0184	1.1726	0.0005	0.7533	0.9553	0.1232	1.2530	1.3378	0.0185	0.3703	0.0146	0.1143	0.0001	0.1990	-0.2639	-0.0187	17.0533	18.4780	10.0403	12.4520	0.9195	0.9194	0.0001	0.0016	0.0016	0.0000	0.9179	0.9178	0.0001	0.0404	0.0337	0.0067	0.0339	0.0337	0.0002	0.0065	0.0001	0.0065	1.3316	1.1917	0.1399	0.4303	0.4090	0.0213	0.9013	0.7827	0.1185	0.4143	0.2478	0.1665	0.1251	0.1119	0.0132	0.2892	0.1359	0.1533	7.0748	5.6680	0.0123	0.0136	0.0128	0.0260	45.0425	2196.5204	0.0118	0.0976	0.1361	0.0403	0.2709	0.3007	0.0185	0.0226	0.0005	0.0422
22	102	0.2148	7	0	2	0	0	0	0	0	0	N	Y	N	N	N	N	N	N	N	N	N	N	5.5717	0.6134	34738.7747	0.2084	0.0804	513.3951	10502.2873	295.2384	80939.9489	0.8246	0.2400	5.2140	0.0755	0.0306	1.3830	1.1119	0.3313	5.5393	0.1480	0.3912	0.0002	0.3622	0.3806	0.0027	0.0001	0.0011	0.0001	2.8942	0.0048	1.2038	-0.0076	17.0533	34.1922	10.0403	22.4626	2.6396	0.6778	1.9618	0.0670	0.0263	0.0407	2.5726	0.6516	1.9210	0.0122	0.0122	0.0001	0.0122	0.0122	0.0000	0.0000	0.0000	0.0000	3.2010	2.8248	0.3763	0.8873	0.8578	0.0294	2.3138	1.9670	0.3468	0.9118	0.5227	0.3891	0.1650	0.1529	0.0121	0.7468	0.3698	0.3770	61.5539	10.3170	34738.7747	1.0223	0.3851	513.3951	27124.5690	25463.6342	80939.9489	0.0134	0.0233	0.0002	0.0739	0.0795	0.0027	0.0000	0.0000	0.0001
22	103	0.1669	6	0	2	0	0	0	0	0	0	N	Y	N	N	N	N	N	N	N	N	N	N	1.7049	0.6230	41.4866	1.7268	1.6888	1.1440	1.7333	0.3513	48.3647	0.7109	0.2455	4.2818	0.0271	0.0280	0.0037	0.8800	0.3051	4.5907	0.4170	0.3941	0.1032	0.0157	0.0166	0.0033	0.5077	0.8687	0.0949	2.2735	1.3608	0.5302	-0.0009	17.0533	22.5884	10.0403	11.0115	1.3014	0.3976	0.9039	0.0098	0.0098	0.0001	1.2916	0.3878	0.9038	0.0165	0.0070	0.0095	0.0007	0.0007	0.0000	0.0158	0.0063	0.0095	1.8306	1.6195	0.2111	0.3629	0.3486	0.0142	1.4677	1.2709	0.1969	0.5523	0.2958	0.2566	0.0713	0.0669	0.0045	0.4810	0.2289	0.2521	23.8387	10.4060	115.7027	2.7465	2.7212	1.1440	26.8415	11.1060	122.0724	0.0298	0.0236	0.0370	0.0098	0.0103	0.0033	0.0328	0.0275	0.0376
22	104	0.1369	5	0	1	0	0	0	0	0	0	N	N	N	N	N	N	N	N	N	N	N	N	2.6057	2.9454	7.1860	17.6484	17.4505	0.3980	0.4546	0.0261	7.5687	0.0094	0.0089	0.0131	0.0405	0.0423	0.0001	0.0025	0.0007	0.0140	0.0036	0.0030	0.0018	0.0023	0.0024	0.0003	0.0055	0.0273	0.0018	0.1967	1.3217	-0.0011	-0.0000	17.0533	11.8100	10.0403	8.7888	0.0090	0.0075	0.0015	0.0071	0.0071	0.0000	0.0020	0.0005	0.0015	0.0005	0.0002	0.0003	0.0001	0.0001	0.0000	0.0004	0.0001	0.0003	0.9650	0.8515	0.1135	0.1743	0.1671	0.0072	0.7907	0.6844	0.1063	0.3546	0.1902	0.1644	0.0426	0.0401	0.0025	0.3120	0.1500	0.1619	6.3147	7.4458	7.1860	17.6484	17.4505	0.3980	1.8169	0.8246	7.5687	0.0015	0.0012	0.0018	0.0023	0.0024	0.0003	0.0014	0.0009	0.0018
22	105	0.1007	4	0	1	0	0	0	0	0	0	N	N	N	N	N	N	N	N	N	N	N	N	227.1182	508.4909	0.5305	0.0821	0.1648	0.0002	273.7037	336.0134	0.7531	0.9890	1.1315	0.0014	0.0011	0.0011	0.0000	1.0650	1.2281	0.0014	0.0044	0.0022	0.0026	0.0129	0.0067	0.1043	0.0039	0.0037	0.0019	0.0002	2.3170	-0.2870	0.0000	17.0533	14.7392	10.0403	7.3617	1.0001	0.9999	0.0002	0.0001	0.0001	0.0000	1.0000	0.9999	0.0002	0.0006	0.0002	0.0005	0.0003	0.0002	0.0001	0.0003	0.0000	0.0003	1.0113	0.8837	0.1275	0.0723	0.0696	0.0027	0.9390	0.8141	0.1248	0.3746	0.2028	0.1718	0.0358	0.0338	0.0020	0.3388	0.1690	0.1698	573.6266	1178.3566	0.5305	0.1242	0.2124	0.0003	1059.1117	10397.9844	0.7531	0.0017	0.0010	0.0026	0.0085	0.0052	0.0643	0.0010	0.0001	0.0019
22	106	0.1153	5	0	2	0	0	0	0	0	0	N	Y	N	N	N	N	N	N	N	N	N	N	5.1746	1.5242	223.3969	1.0038	0.8773	0.0000	58.3904	inf	240.4237	0.0012	0.0012	0.0013	0.0055	0.0057	0.0000	0.0002	0.0000	0.0015	0.0002	0.0008	0.0000	0.0054	0.0065	0.0000	0.0000	0.0000	0.0000	0.1379	0.0133	-0.0003	-0.0001	17.0533	20.0414	10.0403	7.0324	0.0018	0.0016	0.0002	0.0016	0.0016	0.0000	0.0002	0.0000	0.0002	0.0001	0.0001	0.0000	0.0001	0.0001	0.0000	0.0000	0.0000	0.0000	1.4377	1.2771	0.1606	0.2881	0.2764	0.0117	1.1496	1.0007	0.1489	0.3827	0.1863	0.1964	0.0195	0.0175	0.0020	0.3632	0.1688	0.1944	5.2695	2.5715	223.3969	1.1939	1.1144	0.0000	58.3904	inf	240.4237	0.0002	0.0005	0.0000	0.0046	0.0051	0.0000	0.0000	0.0000	0.0000
22	107	0.1052	4	0	1	0	0	0	0	0	0	N	N	N	N	N	N	N	N	N	N	N	N	0.7835	6.2595	0.1879	3.5681	3.3663	1.0215	0.0136	0.1656	0.1962	0.0010	0.0011	0.0002	0.0038	0.0039	0.0000	0.0000	0.0000	0.0003	0.0013	0.0002	0.0013	0.0011	0.0012	0.0000	0.0024	0.0000	0.0013	0.0230	7.3297	-0.0002	0.0000	17.0533	7.0315	10.0403	1.2144	0.0007	0.0007	0.0000	0.0007	0.0007	0.0000	0.0000	0.0000	0.0000	0.0001	0.0000	0.0001	0.0000	0.0000	0.0000	0.0001	0.0000	0.0001	0.7099	0.6404	0.0694	0.1904	0.1864	0.0039	0.5195	0.4540	0.0655	0.1324	0.0664	0.0659	0.0108	0.0100	0.0008	0.1216	0.0565	0.0651	1.4449	6.5451	0.1879	3.5681	3.3663	1.0215	0.0482	68.6264	0.1962	0.0007	0.0002	0.0013	0.0011	0.0012	0.0000	0.0007	0.0000	0.0013
22	108	0.0716	3	0	1	0	0	0	0	0	0	N	N	N	N	N	N	N	N	N	N	N	N	0.8409	0.6617	0.3127	0.3660	0.3406	0.1108	0.9052	3.5306	0.3167	0.0009	0.0010	0.0001	0.0032	0.0033	0.0000	0.0006	0.0007	0.0002	0.0010	0.0015	0.0005	0.0087	0.0096	0.0001	0.0007	0.0002	0.0005	0.0213	0.6320	-0.0003	-0.0001	17.0533	16.2725	10.0403	4.4748	0.0010	0.0010	0.0000	0.0003	0.0003	0.0000	0.0007	0.0007	0.0000	0.0002	0.0001	0.0001	0.0001	0.0001	0.0000	0.0001	0.0000	0.0001	1.1875	1.0427	0.1448	0.1048	0.1024	0.0024	1.0826	0.9403	0.1424	0.3481	0.1762	0.1719	0.0200	0.0194	0.0006	0.3281	0.1568	0.1713	1.4311	1.3185	0.3127	0.4952	0.4918	0.1108	2.5764	1046.6443	0.3167	0.0006	0.0007	0.0005	0.0064	0.0066	0.0001	0.0002	0.0000	0.0005
22	109	0.1826	6	0	2	0	0	0	0	0	0	N	Y	N	N	N	N	N	N	N	N	N	N	0.5617	0.0771	3941.3897	0.2365	0.2328	8.6759	716.2964	5.2858	6582.5367	0.0359	0.0224	0.1365	0.1005	0.1066	0.0054	0.0238	0.0055	0.1481	0.0639	0.2912	0.0000	0.4250	0.4581	0.0006	0.0000	0.0010	0.0000	0.8135	0.0017	0.0159	-0.0048	17.0533	40.5309	10.0403	14.7974	0.0984	0.0543	0.0442	0.0434	0.0433	0.0001	0.0550	0.0110	0.0440	0.0076	0.0076	0.0000	0.0076	0.0076	0.0000	0.0000	0.0000	0.0000	2.7415	2.4181	0.3234	0.4320	0.4058	0.0262	2.3095	2.0123	0.2972	0.8132	0.4352	0.3781	0.0925	0.0848	0.0077	0.7207	0.3503	0.3703	3.8253	1.2819	3941.3897	1.2203	1.1877	8.6759	1429.2082	520.5066	6582.5367	0.0094	0.0175	0.0000	0.0824	0.0898	0.0006	0.0000	0.0000	0.0000
22	110	0.1567	5	0	2	0	0	0	0	0	0	N	Y	N	N	N	N	N	N	N	N	N	N	374.3031	116.6301	4581.6671	600.9229	693.7930	25.8718	268.6660	2.4478	5771.4973	2.2167	0.6244	12.0357	2.2335	2.5346	0.1356	2.2124	0.1221	14.7248	0.0059	0.0054	0.0026	0.0037	0.0037	0.0052	0.0082	0.0499	0.0026	3.1256	1.1474	1.2062	-0.0001	17.0533	13.5236	10.0403	3.5331	2.5637	0.6214	1.9423	0.5292	0.5252	0.0040	2.0345	0.0962	1.9383	0.0007	0.0003	0.0004	0.0002	0.0002	0.0000	0.0005	0.0002	0.0003	1.1566	0.9952	0.1614	0.2369	0.2072	0.0297	0.9196	0.7880	0.1316	0.3063	0.1705	0.1358	0.0488	0.0450	0.0038	0.2575	0.1255	0.1319	1017.2009	342.5773	4581.6671	635.3734	752.3955	25.8718	1148.6575	96.2540	5771.4973	0.0022	0.0018	0.0026	0.0035	0.0034	0.0052	0.0019	0.0013	0.0026
22	111	0.1007	4	0	1	0	0	0	0	0	0	N	N	N	N	N	N	N	N	N	N	N	N	195.8592	104.1384	1889.8633	0.0287	0.0367	0.0366	250.0951	112.2259	2581.7000	0.6772	0.2369	3.7359	0.0004	0.0003	0.0021	0.7292	0.2571	3.8169	0.0035	0.0023	0.0020	0.0135	0.0087	0.0568	0.0029	0.0023	0.0015	2.2700	1.8078	0.3186	0.0000	17.0533	16.9399	10.0403	15.9768	0.7827	0.2394	0.5433	0.0000	0.0000	0.0000	0.7827	0.2393	0.5433	0.0008	0.0003	0.0005	0.0004	0.0003	0.0001	0.0004	0.0000	0.0004	1.1558	1.0103	0.1454	0.0825	0.0794	0.0031	1.0733	0.9309	0.1423	0.5281	0.2799	0.2482	0.0434	0.0405	0.0029	0.4846	0.2394	0.2452	469.3408	244.3585	1889.8633	0.0437	0.0507	0.0478	937.4320	4264.0125	2581.7000	0.0014	0.0010	0.0020	0.0089	0.0063	0.0436	0.0008	0.0001	0.0015
22	112	0.1278	4	1	2	0	1	0	0	0	0	N	Y	N	N	N	N	N	N	N	N	N	N	2344.4727	1421.8064	754.2017	680.6544	0.0025	0.0029	0.0000	0.0071	0.0071	0.0000	0.0000	0.0000	0.0000	0.0000	0.0000	0.0000	0.0000	0.0000	0.0000	0.0000	0.0000	0.0000	0.0000	0.0000	-0.0000	-0.0000	17.0533	0.0019	10.0403	1.9928	0.0000	0.0000	0.0000	0.0000	0.0000	0.0000	0.0000	0.0000	0.0000	0.0000	0.0000	0.0000	0.0000	0.0000	0.0000	0.0000	0.0000	0.0000	0.0004	0.0003	0.0000	0.0001	0.0001	0.0000	0.0002	0.0002	0.0000	0.0320	0.0170	0.0150	0.0036	0.0033	0.0004	0.0283	0.0137	0.0146	2344.4727	1421.8064	0.0000	754.2017	680.6544	0.0000	0.0000	0.0000	0.0000	0.0000	0.0000	0.0000	0.0000	0.0000	0.0000	0.0000	0.0000	0.0000					
22	113	0.1042	3	1	2	0	1	0	0	0	0	N	Y	N	N	N	N	N	N	N	N	N	N	16.0526	5.7739	887.5068	11.7366	10.2083	0.3164	253.8444	0.0000	899.6845	0.0155	0.0163	0.0106	0.1179	0.1202	0.0000	0.0016	0.0000	0.0108	0.0010	0.0028	0.0000	0.0100	0.0118	0.0000	0.0000	0.0000	0.0000	0.1020	0.0104	-0.0021	-0.0001	17.0533	8.6942	10.0403	6.0502	0.0108	0.0098	0.0010	0.0098	0.0098	0.0000	0.0010	0.0000	0.0010	0.0001	0.0001	0.0000	0.0001	0.0001	0.0000	0.0000	0.0000	0.0000	0.6990	0.6046	0.0944	0.0834	0.0818	0.0016	0.6157	0.5228	0.0928	0.2451	0.1232	0.1219	0.0200	0.0180	0.0020	0.2250	0.1051	0.1199	26.7626	14.2578	887.5068	16.8310	15.4428	0.3164	253.8444	0.0000	899.6845	0.0006	0.0011	0.0000	0.0070	0.0078	0.0000	0.0000	0.0000	0.0000
22	114	0.1253	7	0	2	0	1	0	0	0	0	N	Y	N	N	N	N	N	N	N	N	N	N	14.9855	5.6872	20.7976	20.9934	0.0030	0.0032	0.0000	0.0102	0.0104	0.0000	0.0000	0.0000	0.0000	0.0002	0.0006	0.0000	0.0005	0.0005	0.0000	0.0000	0.0000	0.0000	0.0000	0.0000	-0.0000	-0.0000	17.0533	0.0001	10.0403	0.0001	0.0000	0.0000	0.0000	0.0000	0.0000	0.0000	0.0000	0.0000	0.0000	0.0000	0.0000	0.0000	0.0000	0.0000	0.0000	0.0000	0.0000	0.0000	0.0000	0.0000	0.0000	0.0000	0.0000	0.0000	0.0000	0.0000	0.0000	0.0000	0.0000	0.0000	0.0000	0.0000	0.0000	0.0000	0.0000	0.0000	14.9855	8.0882	0.0000	20.7976	20.9934	0.0000	0.0000	0.0000	0.0000	0.0002	0.0004	0.0000	0.0005	0.0005	0.0000	0.0000	0.0000	0.0000					
22	115	0.1186	6	0	2	0	1	0	0	0	0	N	Y	N	N	N	N	N	N	N	N	N	N	3.0175	1.1848	3.0138	2.4830	0.0022	0.0025	0.0000	0.0279	0.0289	0.0000	0.0000	0.0000	0.0000	0.0007	0.0021	0.0000	0.0093	0.0116	0.0000	0.0000	0.0000	0.0000	0.0000	0.0000	-0.0001	-0.0000	17.0533	3.0007	10.0403	1.0012	0.0005	0.0005	0.0000	0.0005	0.0005	0.0000	0.0000	0.0000	0.0000	0.0000	0.0000	0.0000	0.0000	0.0000	0.0000	0.0000	0.0000	0.0000	0.2183	0.1907	0.0275	0.0172	0.0166	0.0006	0.2011	0.1741	0.0270	0.0651	0.0322	0.0329	0.0045	0.0039	0.0006	0.0606	0.0283	0.0323	4.7752	2.7017	0.0000	4.2288	3.7781	0.0000	0.0000	0.0000	0.0000	0.0005	0.0009	0.0000	0.0066	0.0076	0.0000	0.0000	0.0000	0.0000					
22	116	0.1168	5	0	1	0	1	0	0	0	0	N	N	N	N	N	N	N	N	N	N	N	N	2022.0707	0.0000	inf	0.0591	0.0000	inf	inf	inf	0.0014	0.0000	0.0114	0.0000	0.0000	0.0000	0.0016	0.0000	0.0118	0.0000	0.0000	0.0000	0.0000	0.0000	0.0000	0.0000	0.0000	0.0000	inf	0.0854	0.0001	-0.0000	17.0533	1.1177	10.0403	0.0023	0.0001	0.0000	0.0001	0.0000	0.0000	0.0000	0.0001	0.0000	0.0001	0.0000	0.0000	0.0000	0.0000	0.0000	0.0000	0.0000	0.0000	0.0000	0.0856	0.0751	0.0105	0.0102	0.0098	0.0004	0.0754	0.0653	0.0101	0.0183	0.0090	0.0093	0.0013	0.0011	0.0002	0.0171	0.0080	0.0091	2022.0707	0.0000	inf	0.0591	0.0000	inf	inf	0.0000	inf	0.0000	0.0000	0.0000	0.0000	0.0000	0.0000	0.0000	0.0000	0.0000	
22	117	0.1911	5	0	2	0	0	0	0	0	0	N	Y	N	N	N	N	N	N	N	N	N	N	2.1246	1.0357	397.7745	0.2194	0.2276	0.0277	70.4692	25062.8816	561.0544	2.0913	1.4121	7.4561	0.7415	0.7767	0.0008	2.3913	1.5666	8.0472	0.9843	1.3634	0.0187	3.3800	3.4128	0.0272	0.0339	0.0001	0.0143	0.6684	0.0167	0.5209	-0.1494	17.0533	31.2782	10.0403	23.9277	4.5892	2.7506	1.8386	0.2959	0.2959	0.0000	4.2933	2.4547	1.8386	0.2441	0.2401	0.0040	0.2402	0.2401	0.0002	0.0039	0.0000	0.0039	2.1944	1.9478	0.2466	0.3990	0.3809	0.0181	1.7954	1.5669	0.2285	0.8597	0.4544	0.4053	0.0996	0.0936	0.0060	0.7601	0.3608	0.3993	7.3653	2.6726	753.4471	0.3074	0.3028	0.0296	471.1370	9029136.6774	832.9107	0.2839	0.5284	0.0099	2.4125	2.5651	0.0255	0.0051	0.0000	0.0097
22	118	0.1168	5	0	1	1	1	0	0	0	0	N	N	N	N	N	N	N	N	N	N	N	N	inf	inf	inf	inf	inf	inf	0.0003	0.0000	0.0022	0.0000	0.0000	0.0000	0.0003	0.0000	0.0023	0.0000	0.0000	0.0000	0.0000	0.0000	0.0000	0.0000	0.0000	0.0000	inf	0.0001	0.0000	17.0533	3.8827	10.0403	2.9998	0.0001	0.0000	0.0001	0.0000	0.0000	0.0000	0.0001	0.0000	0.0001	0.0000	0.0000	0.0000	0.0000	0.0000	0.0000	0.0000	0.0000	0.0000	0.2856	0.2500	0.0357	0.0258	0.0250	0.0009	0.2598	0.2250	0.0348	0.1111	0.0549	0.0562	0.0076	0.0066	0.0011	0.1035	0.0483	0.0552	inf	0.0000	inf	inf	0.0000	inf	inf	0.0000	inf	0.0000	0.0000	0.0000	0.0000	0.0000	0.0000	0.0000	0.0000	0.0000				
22	119	0.1139	4	0	1	0	1	0	0	0	0	N	N	N	N	N	N	N	N	N	N	N	N	3626174.3897	4.0007	19117891.5840	332.9123	0.7236	inf	4962470.4742	inf	20361693.2765	3.9641	0.0000	34.8297	0.0008	0.0000	0.0206	4.8785	0.0000	37.3502	0.0000	0.0000	0.0000	0.0000	0.0000	0.0000	0.0000	0.0000	0.0000	3267643.2965	5.4877	0.7118	0.0000	17.0533	2.8083	10.0403	0.0030	0.9985	0.0000	0.9985	0.0000	0.0000	0.0000	0.9985	0.0000	0.9985	0.0000	0.0000	0.0000	0.0000	0.0000	0.0000	0.0000	0.0000	0.0000	0.2519	0.2232	0.0287	0.0472	0.0453	0.0019	0.2047	0.1779	0.0267	0.0463	0.0228	0.0235	0.0033	0.0028	0.0004	0.0430	0.0200	0.0231	3626174.3897	4.0007	19117891.5840	332.9123	0.7236	inf	4962470.4742	inf	20361693.2765	0.0000	0.0000	0.0000	0.0000	0.0000	0.0000	0.0000	0.0000	0.0000
22	120	0.1139	4	0	1	1	1	0	0	0	0	N	N	N	N	N	N	N	N	N	N	N	N	4686.0726	21960.2779	169.0036	23512.7468	22062.6635	inf	43.5905	inf	172.6451	0.0017	0.0019	0.0001	0.0151	0.0157	0.0000	0.0000	0.0000	0.0001	0.0000	0.0000	0.0000	0.0000	0.0000	0.0000	0.0000	0.0000	0.0000	0.0077	7.4242	-0.0003	0.0000	17.0533	9.6158	10.0403	0.0030	0.0012	0.0012	0.0000	0.0012	0.0012	0.0000	0.0000	0.0000	0.0000	0.0000	0.0000	0.0000	0.0000	0.0000	0.0000	0.0000	0.0000	0.0000	0.7332	0.6440	0.0892	0.0806	0.0776	0.0030	0.6526	0.5664	0.0862	0.1554	0.0765	0.0789	0.0107	0.0093	0.0015	0.1447	0.0672	0.0774	4686.0726	21960.2779	169.0036	23512.7468	22062.6635	inf	43.5905	inf	172.6451	0.0000	0.0000	0.0000	0.0000	0.0000	0.0000	0.0000	0.0000	0.0000
22	121	0.1042	3	0	1	0	1	0	0	0	0	N	N	N	N	N	N	N	N	N	N	N	N	120.9488	14.0939	2661.8766	0.5126	0.4532	24.3453	537.4137	549.7543	2821.6103	0.0269	0.0074	0.1426	0.0009	0.0009	0.0048	0.0319	0.0089	0.1447	0.0002	0.0005	0.0001	0.0018	0.0019	0.0002	0.0001	0.0000	0.0001	3.2681	0.1339	0.0050	-0.0000	17.0533	4.2457	10.0403	2.0144	0.0104	0.0024	0.0080	0.0001	0.0001	0.0000	0.0104	0.0024	0.0080	0.0000	0.0000	0.0000	0.0000	0.0000	0.0000	0.0000	0.0000	0.0000	0.3873	0.3314	0.0559	0.0628	0.0619	0.0008	0.3245	0.2694	0.0551	0.1130	0.0580	0.0550	0.0122	0.0113	0.0009	0.1008	0.0467	0.0541	121.7899	19.4175	2661.8766	0.5126	0.4532	24.3453	1158.7273	206823.1580	2821.6103	0.0002	0.0004	0.0001	0.0018	0.0019	0.0002	0.0000	0.0000	0.0001
22	122	0.0621	2	0	1	0	1	0	0	0	0	N	N	N	N	N	N	N	N	N	N	N	N	126.5376	2.5850	9247.1758	1.3219	1.3456	1.5424	1417.6332	0.0273	9400.6596	2.2231	0.2252	9.5516	0.9525	0.9562	0.0124	2.5130	0.0000	9.5847	0.0176	0.0871	0.0010	0.7205	0.7106	0.0080	0.0018	0.0002	0.0010	11.5655	0.1210	1.6900	-0.0010	17.0533	11.9190	10.0403	13.1740	2.6686	0.2124	2.4562	0.2124	0.2124	0.0000	2.4562	0.0000	2.4562	0.0020	0.0018	0.0002	0.0018	0.0018	0.0000	0.0002	0.0000	0.0002	1.2004	0.9432	0.2572	0.2230	0.2221	0.0009	0.9774	0.7211	0.2563	0.4022	0.1946	0.2076	0.0133	0.0129	0.0004	0.3889	0.1817	0.2072	450.2226	24.7381	9247.1758	7.1612	6.9889	1.5424	4623.3046	8.1427	9400.6596	0.0049	0.0091	0.0010	0.1330	0.1368	0.0080	0.0005	0.0000	0.0010
22	123	0.5664	10	0	1	1	1	0	0	0	0	N	N	N	N	N	N	N	N	N	N	N	N	9.4221	5.1698	0.0000	0.8152	0.7497	990.0772	267.9737	0.0000	0.0015	0.0017	0.0000	0.0004	0.0004	0.0000	0.0021	0.0024	0.0000	0.0002	0.0003	0.0000	0.0005	0.0006	0.0000	0.0000	0.0000	0.0000	0.0000	0.0092	-0.0004	-0.0000	17.0533	12.8936	10.0403	4.1514	0.0014	0.0014	0.0000	0.0001	0.0001	0.0000	0.0012	0.0012	0.0000	0.0000	0.0000	0.0000	0.0000	0.0000	0.0000	0.0000	0.0000	0.0000	0.9012	0.8081	0.0931	0.3155	0.2984	0.0171	0.5857	0.5097	0.0760	0.1954	0.1164	0.0790	0.0598	0.0520	0.0078	0.1356	0.0644	0.0712	9.4221	6.3169	0.0000	0.8152	0.7497	0.0000	990.0772	110529.1128	0.0000	0.0002	0.0003	0.0000	0.0005	0.0006	0.0000	0.0000	0.0000	0.0000	
22	128	0.5786	11	1	2	0	0	0	0	0	0	N	Y	N	N	N	N	N	N	N	N	N	N	1135.5506	3627.1545	0.0000	1122.8900	4711.1837	0.0000	0.0000	0.0000	0.0021	0.0024	0.0000	0.0063	0.0066	0.0000	0.0000	0.0000	0.0000	0.0000	0.0000	0.0000	0.0000	0.0000	0.0000	0.0000	0.0000	0.0000	0.0000	3.6818	-0.0001	0.0000	17.0533	2.0107	10.0403	1.9995	0.0003	0.0003	0.0000	0.0003	0.0003	0.0000	0.0000	0.0000	0.0000	0.0000	0.0000	0.0000	0.0000	0.0000	0.0000	0.0000	0.0000	0.0000	0.1355	0.1211	0.0144	0.0462	0.0438	0.0024	0.0893	0.0773	0.0120	0.0437	0.0267	0.0171	0.0144	0.0125	0.0019	0.0293	0.0141	0.0152	1135.5506	3627.1545	0.0000	1122.8900	4711.1837	0.0000	0.0000	0.0000	0.0000	0.0000	0.0000	0.0000	0.0000	0.0000	0.0000	0.0000	0.0000	0.0000	
22	129	0.5664	10	1	2	0	0	0	0	0	0	N	Y	N	N	N	N	N	N	N	N	N	N	0.0007	0.0004	0.0000	0.0006	0.0006	0.0000	0.0000	0.0000	0.0000	0.0000	0.0000	0.0000	0.0000	0.0000	0.0000	0.0000	0.0000	0.0001	0.0002	0.0000	0.0004	0.0005	0.0000	0.0000	0.0000	0.0000	0.0000	0.0272	-0.0000	-0.0000	17.0533	5.6459	10.0403	1.1399	0.0000	0.0000	0.0000	0.0000	0.0000	0.0000	0.0000	0.0000	0.0000	0.0000	0.0000	0.0000	0.0000	0.0000	0.0000	0.0000	0.0000	0.0000	0.4296	0.3863	0.0433	0.1641	0.1550	0.0091	0.2655	0.2312	0.0343	0.0844	0.0498	0.0346	0.0268	0.0237	0.0032	0.0576	0.0262	0.0315	0.0007	0.0005	0.0000	0.0006	0.0006	0.0000	0.0000	0.0000	0.0000	0.0001	0.0002	0.0000	0.0004	0.0005	0.0000	0.0000	0.0000	0.0000	
22	130	0.5360	9	0	1	0	0	0	0	0	0	N	N	N	N	N	N	N	N	N	N	N	N	0.0324	2.6145	0.0039	0.0068	0.1229	0.0005	0.0360	88.9955	0.0079	0.0012	0.0014	0.0001	0.0001	0.0001	0.0001	0.0020	0.0023	0.0002	0.0382	0.0005	0.0380	0.0141	0.0008	0.1338	0.0547	0.0000	0.0209	0.0124	32.5312	-0.0003	0.0006	17.0533	11.6079	10.0403	5.3766	0.0012	0.0012	0.0000	0.0000	0.0000	0.0000	0.0012	0.0012	0.0000	0.0018	0.0001	0.0017	0.0007	0.0001	0.0006	0.0011	0.0000	0.0011	0.9869	0.8842	0.1027	0.3855	0.3652	0.0203	0.6014	0.5190	0.0824	0.2318	0.1385	0.0932	0.0744	0.0663	0.0081	0.1574	0.0723	0.0852	0.1628	3.5969	0.0080	0.0105	0.1229	0.0009	0.2869	33317.0220	0.0130	0.0076	0.0004	0.0184	0.0092	0.0008	0.0781	0.0069	0.0000	0.0127
22	131	0.5182	8	0	1	0	0	0	0	0	0	N	N	N	N	N	N	N	N	N	N	N	N	0.0250	0.0178	0.0607	0.1301	0.1270	0.0035	0.0087	0.1778	0.0949	0.0024	0.0025	0.0011	0.0060	0.0063	0.0000	0.0003	0.0001	0.0013	0.0957	0.1424	0.0179	0.0464	0.0496	0.0132	0.0303	0.0006	0.0134	0.0477	0.4434	-0.0002	-0.0008	17.0533	3.9355	10.0403	8.7078	0.0008	0.0008	0.0000	0.0008	0.0008	0.0000	0.0001	0.0000	0.0000	0.0026	0.0018	0.0008	0.0019	0.0018	0.0001	0.0007	0.0000	0.0007	0.3528	0.3174	0.0353	0.1298	0.1244	0.0053	0.2230	0.1930	0.0300	0.2386	0.1545	0.0841	0.0862	0.0801	0.0061	0.1524	0.0744	0.0780	0.2216	0.2197	0.1156	0.2797	0.2832	0.0035	0.0568	29.7602	0.1396	0.0108	0.0115	0.0094	0.0216	0.0222	0.0132	0.0047	0.0000	0.0091
22	132	0.5065	7	0	1	0	0	0	0	0	0	N	N	N	N	N	N	N	N	N	N	N	N	0.0164	0.0738	0.0059	0.1952	0.2137	0.0009	0.0116	0.3632	0.0076	0.0055	0.0060	0.0009	0.0064	0.0067	0.0000	0.0049	0.0055	0.0010	0.3344	0.0812	0.1510	0.0330	0.0315	0.0311	0.4255	0.0153	0.1356	0.0166	3.0236	-0.0008	0.0005	17.0533	6.2657	10.0403	3.9760	0.0030	0.0029	0.0000	0.0013	0.0013	0.0000	0.0017	0.0017	0.0000	0.0043	0.0011	0.0032	0.0012	0.0010	0.0002	0.0031	0.0000	0.0031	0.5471	0.4919	0.0552	0.1951	0.1870	0.0081	0.3520	0.3049	0.0471	0.1924	0.1202	0.0722	0.0698	0.0642	0.0056	0.1227	0.0560	0.0666	0.2449	0.6736	0.0198	0.3781	0.4159	0.0011	0.1945	9.9946	0.0223	0.0224	0.0089	0.0448	0.0171	0.0162	0.0271	0.0254	0.0006	0.0463
22	133	0.4292	6	0	1	0	0	0	0	0	0	N	N	N	N	N	N	N	N	N	N	N	N	0.7879	4.5037	0.0006	0.0102	0.0205	0.0001	0.9382	230.9269	0.0009	0.5150	0.5760	0.0007	0.0010	0.0011	0.0001	0.7369	0.8474	0.0008	0.6536	0.1279	1.1250	0.1002	0.0523	0.4748	0.7854	0.0037	0.9593	0.0001	8.9408	-0.2854	0.0136	17.0533	26.7012	10.0403	18.2690	0.9945	0.9944	0.0001	0.0006	0.0006	0.0000	0.9939	0.9938	0.0001	0.0500	0.0050	0.0450	0.0083	0.0050	0.0033	0.0418	0.0000	0.0417	1.9312	1.7264	0.2048	0.5823	0.5536	0.0287	1.3489	1.1728	0.1761	0.7652	0.4559	0.3093	0.2321	0.2145	0.0176	0.5331	0.2414	0.2917	7.8750	52.1646	0.0049	0.0287	0.0460	0.0003	9.4042	7160.4821	0.0058	0.0654	0.0110	0.1455	0.0356	0.0233	0.1853	0.0784	0.0001	0.1431
22	134	0.1911	5	0	1	0	0	0	0	0	0	N	N	N	N	N	N	N	N	N	N	N	N	0.3592	1.8925	0.0001	0.0050	0.0052	0.0001	0.3979	2.9167	0.0001	0.8991	1.0132	0.0006	0.0054	0.0056	0.0000	1.0765	1.2306	0.0006	2.5035	0.5354	9.7373	1.0716	1.0902	0.0476	2.7053	0.4219	10.7743	0.0001	122.7520	-0.9945	1.3531	17.0533	61.4372	10.0403	55.8589	3.4642	3.4640	0.0002	0.0034	0.0034	0.0000	3.4608	3.4606	0.0002	3.7218	0.0301	3.6918	0.0265	0.0262	0.0003	3.6953	0.0039	3.6914	3.8528	3.4188	0.4340	0.6378	0.6066	0.0312	3.2150	2.8122	0.4028	1.4867	0.7703	0.7164	0.1207	0.1121	0.0087	1.3659	0.6582	0.7077	0.3592	25.9513	0.0001	0.0244	0.0241	0.0001	0.3979	207.8917	0.0001	2.5035	0.0390	5.1535	0.2195	0.2336	0.0376	2.7053	0.0059	5.2161
22	135	0.1007	4	0	1	0	0	0	0	0	0	N	N	N	N	N	N	N	N	N	N	N	N	0.2039	124.0477	0.0002	0.6642	0.7687	0.0000	0.1911	15.9339	0.0002	0.2045	0.2333	0.0007	0.0020	0.0021	0.0000	0.2198	0.2528	0.0007	1.0030	0.0019	3.1746	0.0030	0.0027	0.0067	1.1507	0.0159	3.1595	0.0004	714.5356	-0.1224	0.0900	17.0533	31.7621	10.0403	18.5886	0.4270	0.4268	0.0002	0.0003	0.0003	0.0000	0.4267	0.4265	0.0002	0.2431	0.0003	0.2428	0.0002	0.0001	0.0000	0.2430	0.0002	0.2428	2.0882	1.8293	0.2589	0.1473	0.1418	0.0055	1.9409	1.6874	0.2534	0.7606	0.3972	0.3634	0.0548	0.0505	0.0043	0.7058	0.3467	0.3591	0.6397	272.7584	0.0010	0.6642	0.7687	0.0000	0.6386	432.6479	0.0010	0.3196	0.0009	0.6681	0.0030	0.0027	0.0067	0.3442	0.0006	0.6760
23	25	0.4933	13	1	0	1	1	0	0	0	0	N	N	N	N	N	N	N	N	N	N	N	N	0.2408	0.0879	30.8000	0.0838	0.0775	0.0000	11.9855	48.9701	0.0000	0.0000	0.0000	0.0000	0.0000	0.0000	0.0000	0.0000	0.0000	0.0000	0.0001	0.0000	0.0001	0.0001	0.0000	0.0000	0.0000	0.0000	0.6265	0.0138	0.0000	-0.0000	2.8591	4.4994	0.9679	1.0731	0.0000	0.0000	0.0000	0.0000	0.0000	0.0000	0.0000	0.0000	0.0000	0.0000	0.0000	0.0000	0.0000	0.0000	0.0000	0.0000	0.0000	0.0000	0.0687	0.0623	0.0065	0.0315	0.0299	0.0016	0.0372	0.0324	0.0048	0.0103	0.0059	0.0044	0.0026	0.0023	0.0003	0.0077	0.0036	0.0041	0.2408	0.0951	30.8000	0.0838	0.0775	0.0000	11.9855	0.0000	48.9701	0.0000	0.0001	0.0000	0.0001	0.0001	0.0000	0.0000	0.0000	0.0000	
23	26	0.3809	11	0	1	0	1	0	0	0	0	N	N	N	N	N	N	N	N	N	N	N	N	0.0276	0.0195	0.0000	0.0761	0.0637	0.0322	0.0143	0.0000	0.0094	0.0106	0.0000	0.0018	0.0019	0.0000	0.0138	0.0159	0.0000	0.3410	0.5410	0.0000	0.0230	0.0296	0.0000	0.4279	1.1077	0.0000	0.0000	0.0000	-0.0004	-0.0006	2.8591	12.3098	0.9679	9.0087	0.0015	0.0015	0.0000	0.0001	0.0001	0.0000	0.0014	0.0014	0.0000	0.0009	0.0009	0.0000	0.0001	0.0001	0.0000	0.0008	0.0008	0.0000	0.1574	0.1402	0.0172	0.0572	0.0532	0.0040	0.1002	0.0870	0.0132	0.0394	0.0225	0.0169	0.0095	0.0082	0.0014	0.0298	0.0144	0.0155	0.4135	0.2655	0.0000	0.1332	0.1225	0.0000	0.5338	0.2960	0.0000	0.0227	0.0397	0.0000	0.0131	0.0154	0.0000	0.0258	0.0536	0.0000	
23	27	0.3577	10	0	1	0	1	0	0	0	0	N	N	N	N	N	N	N	N	N	N	N	N	0.0011	0.0131	0.0000	0.0014	0.0304	0.0000	0.0001	0.0000	0.0000	0.0000	0.0000	0.0000	0.0001	0.0001	0.0000	0.0000	0.0000	0.0000	0.0239	0.0023	0.0275	0.0571	0.0027	0.5870	0.0002	0.0006	0.0002	0.0000	9.4575	-0.0000	0.0001	2.8591	25.8727	0.9679	15.5187	0.0000	0.0000	0.0000	0.0000	0.0000	0.0000	0.0000	0.0000	0.0000	0.0005	0.0000	0.0004	0.0005	0.0000	0.0004	0.0000	0.0000	0.0000	0.3179	0.2844	0.0335	0.1109	0.1044	0.0065	0.2070	0.1799	0.0270	0.0788	0.0467	0.0321	0.0190	0.0169	0.0021	0.0598	0.0298	0.0301	0.0045	0.0308	0.0000	0.0031	0.0304	0.0000	0.0002	0.0049	0.0000	0.0061	0.0010	0.0135	0.0250	0.0027	0.2067	0.0001	0.0000	0.0002
23	28	0.4101	12	1	1	0	1	0	0	0	0	N	N	N	N	N	N	N	N	N	N	N	N	3249.6596	31.7082	5032993.2206	9.1470	8.3052	380.3789	1317104.8336	188.9643	7237719.6515	2.1440	0.0504	20.1676	0.0162	0.0169	0.0043	3.4322	0.0726	24.8987	0.0007	0.0016	0.0000	0.0018	0.0020	0.0000	0.0000	0.0004	0.0000	46.4918	0.0040	0.7028	-0.0000	2.8591	38.1974	0.9679	14.3032	1.0159	0.0214	0.9945	0.0029	0.0029	0.0000	1.0130	0.0185	0.9945	0.0000	0.0000	0.0000	0.0000	0.0000	0.0000	0.0000	0.0000	0.0000	0.4738	0.4245	0.0493	0.1787	0.1693	0.0094	0.2951	0.2552	0.0399	0.0864	0.0490	0.0375	0.0214	0.0186	0.0027	0.0650	0.0303	0.0347	4857.0270	64.9062	5032993.2206	9.1470	8.3052	380.3789	1317104.8336	44009.9857	7237719.6515	0.0004	0.0008	0.0000	0.0018	0.0020	0.0000	0.0000	0.0000	0.0000
23	29	0.3878	12	0	1	0	1	0	0	0	0	N	N	N	N	N	N	N	N	N	N	N	N	0.0000	0.0000	0.0000	0.0000	0.0000	0.0000	0.0000	0.0000	0.0000	0.0000	0.0000	0.0000	0.0000	29.9968	0.0000	117.3201	0.0000	0.0000	0.0000	39.6146	0.0000	120.6631	inf	0.0000	0.3496	2.8591	6.0056	0.9679	10.9350	0.0000	0.0000	0.0000	0.0000	0.0000	0.0000	0.0000	0.0000	0.0000	0.9407	0.0000	0.9407	0.0000	0.0000	0.0000	0.9407	0.0000	0.9407	0.0895	0.0798	0.0097	0.0368	0.0342	0.0026	0.0527	0.0456	0.0071	0.0314	0.0180	0.0134	0.0076	0.0065	0.0011	0.0237	0.0115	0.0123	0.0000	0.0000	0.0000	0.0000	0.0000	0.0000	0.0000	0.0000	0.0000	29.9968	0.0000	70.3687	0.0000	0.0000	0.0000	39.6146	0.0000	76.6540						
23	30	0.3156	8	1	1	0	1	0	0	0	0	N	N	N	N	N	N	N	N	N	N	N	N	0.0014	0.0001	0.1325	0.0001	0.0001	0.0000	0.0472	0.0000	8.9783	0.0000	0.0000	0.0001	0.0000	0.0000	0.0000	0.0000	0.0000	0.0002	0.0099	0.0183	0.0011	0.0146	0.0142	0.0151	0.0006	0.0101	0.0000	12.6113	0.1389	0.0000	-0.0001	2.8591	17.1852	0.9679	7.8386	0.0000	0.0000	0.0000	0.0000	0.0000	0.0000	0.0000	0.0000	0.0000	0.0002	0.0002	0.0000	0.0002	0.0002	0.0000	0.0000	0.0000	0.0000	0.4095	0.3728	0.0367	0.2058	0.1950	0.0108	0.2036	0.1778	0.0258	0.0760	0.0488	0.0272	0.0253	0.0233	0.0020	0.0507	0.0255	0.0252	0.0044	0.0003	0.1325	0.0002	0.0002	0.0000	0.1311	0.0004	8.9783	0.0033	0.0045	0.0011	0.0095	0.0090	0.0151	0.0002	0.0004	0.0000
23	31	0.4884	13	0	1	0	1	0	0	0	0	N	N	N	N	N	N	N	N	N	N	N	N	0.0034	3450.9328	0.0024	96.9610	1229.5730	0.0000	0.0041	13.0419	0.0030	0.0025	0.0023	0.0040	0.0002	0.0003	0.0000	0.0038	0.0036	0.0050	0.7378	0.0000	1.6739	0.0000	0.0000	0.0000	0.9163	0.0003	1.6476	0.2086	238283.2281	-0.0000	0.0010	2.8591	9.9927	0.9679	7.0404	0.0003	0.0002	0.0000	0.0000	0.0000	0.0000	0.0003	0.0002	0.0000	0.0027	0.0000	0.0027	0.0000	0.0000	0.0000	0.0027	0.0000	0.0027	0.1156	0.1031	0.0125	0.0411	0.0386	0.0025	0.0746	0.0645	0.0100	0.0295	0.0169	0.0126	0.0076	0.0067	0.0009	0.0219	0.0103	0.0117	0.0272	3450.9328	0.0185	96.9610	1229.5730	0.0000	0.0303	3657.5069	0.0214	0.0920	0.0000	0.2158	0.0000	0.0000	0.0000	0.1238	0.0000	0.2329
23	32	0.4803	12	0	1	0	1	0	0	0	0	N	N	N	N	N	N	N	N	N	N	N	N	0.0020	1.2162	0.0003	0.0551	0.0507	0.0012	inf	0.0004	0.0000	0.0000	0.0000	0.0000	0.0000	0.0000	0.0000	0.0000	0.0000	0.0040	0.0000	0.0045	0.0000	0.0000	0.0000	0.0094	0.0000	0.0040	0.0158	394.4564	-0.0000	0.0000	2.8591	3.8146	0.9679	0.9911	0.0000	0.0000	0.0000	0.0000	0.0000	0.0000	0.0000	0.0000	0.0000	0.0000	0.0000	0.0000	0.0000	0.0000	0.0000	0.0000	0.0000	0.0000	0.0491	0.0439	0.0052	0.0177	0.0167	0.0009	0.0314	0.0272	0.0042	0.0085	0.0048	0.0037	0.0021	0.0018	0.0003	0.0064	0.0030	0.0034	0.0049	1.2162	0.0003	0.0551	0.0507	0.0000	0.0056	inf	0.0004	0.0016	0.0000	0.0037	0.0000	0.0000	0.0000	0.0021	0.0000	0.0040	
23	33	0.4803	12	0	1	0	1	0	0	0	0	N	N	N	N	N	N	N	N	N	N	N	N	inf	inf	inf	inf	inf	inf	inf	0.0008	0.0009	0.0003	0.0022	0.0024	0.0000	0.0001	0.0000	0.0004	0.0000	0.0000	0.0000	0.0000	0.0000	0.0000	0.0000	0.0000	0.0000	0.0476	-0.0001	0.0000	2.8591	24.4476	0.9679	5.0002	0.0002	0.0002	0.0000	0.0002	0.0002	0.0000	0.0000	0.0000	0.0000	0.0000	0.0000	0.0000	0.0000	0.0000	0.0000	0.0000	0.0000	0.0000	0.2745	0.2451	0.0295	0.0947	0.0891	0.0056	0.1798	0.1560	0.0238	0.0496	0.0282	0.0213	0.0122	0.0107	0.0016	0.0373	0.0175	0.0198	inf	inf	inf	inf	inf	0.0000	inf	0.0000	inf	0.0000	0.0000	0.0000	0.0000	0.0000	0.0000	0.0000	0.0000	0.0000			
23	34	0.4562	10	0	1	1	2	0	0	0	0	N	N	N	Y	N	N	N	N	N	N	N	N	8.1468	inf	2.6497	9887.7943	inf	0.0000	0.3075	inf	3.5713	0.0134	0.0138	0.0053	0.0178	0.0182	0.0000	0.0013	0.0004	0.0074	0.0016	0.0000	0.0020	0.0000	0.0000	0.0000	0.0043	0.0000	0.0021	0.0205	inf	-0.0001	0.0000	2.8591	1.3124	0.9679	1.0060	0.0005	0.0005	0.0000	0.0005	0.0005	0.0000	0.0000	0.0000	0.0000	0.0000	0.0000	0.0000	0.0000	0.0000	0.0000	0.0000	0.0000	0.0000	0.0371	0.0352	0.0019	0.0270	0.0265	0.0005	0.0101	0.0087	0.0013	0.0047	0.0027	0.0020	0.0011	0.0010	0.0001	0.0036	0.0017	0.0019	15.9914	inf	2.6497	9887.7943	inf	0.0000	1.2194	inf	3.5713	0.0008	0.0000	0.0020	0.0000	0.0000	0.0000	0.0011	0.0000	0.0021
23	35	0.3248	9	0	0	0	2	0	0	0	0	N	N	N	Y	N	N	N	N	N	N	N	N	11982.7039	31.9479	78525.3817	4.2524	6.8797	2.0534	18584.5769	inf	208693.6832	1.4906	0.0025	14.6492	0.0020	0.0017	0.0062	2.2999	0.0029	18.4862	0.0001	0.0001	0.0002	0.0005	0.0003	0.0030	0.0001	0.0000	0.0001	670.1361	1.9008	0.7080	0.0000	2.8591	53.2438	0.9679	16.6757	0.9953	0.0015	0.9938	0.0005	0.0004	0.0001	0.9948	0.0011	0.9937	0.0000	0.0000	0.0000	0.0000	0.0000	0.0000	0.0000	0.0000	0.0000	0.6677	0.5999	0.0678	0.2352	0.2211	0.0141	0.4326	0.3788	0.0538	0.1234	0.0695	0.0539	0.0229	0.0211	0.0018	0.1004	0.0483	0.0521	11982.7039	32.4596	78525.3817	4.2524	6.8797	2.0534	50046.7126	inf	208693.6832	0.0001	0.0001	0.0002	0.0005	0.0003	0.0030	0.0000	0.0000	0.0001
23	36	0.3563	11	0	1	0	1	0	0	0	0	N	N	N	N	N	N	N	N	N	N	N	N	0.8713	2.9272	0.0001	0.8941	2.8629	0.0000	0.0002	inf	0.0005	0.0011	0.0012	0.0000	0.0026	0.0028	0.0000	0.0000	0.0000	0.0000	0.0012	0.0004	0.0011	0.0029	0.0010	0.0184	0.0002	0.0000	0.0002	0.0000	2.7967	-0.0001	0.0000	2.8591	17.9460	0.9679	11.6991	0.0003	0.0003	0.0000	0.0003	0.0003	0.0000	0.0000	0.0000	0.0000	0.0000	0.0000	0.0000	0.0000	0.0000	0.0000	0.0000	0.0000	0.0000	0.2532	0.2276	0.0256	0.1039	0.0978	0.0061	0.1493	0.1298	0.0195	0.0540	0.0305	0.0235	0.0111	0.0099	0.0012	0.0429	0.0206	0.0223	1.5950	3.8040	0.0001	0.8941	2.8629	0.0000	0.0004	inf	0.0005	0.0007	0.0003	0.0011	0.0029	0.0010	0.0184	0.0001	0.0000	0.0002
23	37	0.8117	16	1	1	0	1	0	0	0	0	N	N	N	N	N	N	N	N	N	N	N	N	0.0000	0.0000	0.0000	0.0000	0.0000	0.0000	0.0000	0.0000	0.0000	0.0000	0.0000	0.0000	0.0000	0.0000	0.0000	0.0000	0.0000	0.0000	0.0000	0.0000	2.8591	1.9903	0.9679	0.0021	0.0000	0.0000	0.0000	0.0000	0.0000	0.0000	0.0000	0.0000	0.0000	0.0000	0.0000	0.0000	0.0000	0.0000	0.0000	0.0000	0.0000	0.0000	0.0226	0.0204	0.0023	0.0105	0.0099	0.0006	0.0121	0.0105	0.0016	0.0024	0.0015	0.0009	0.0010	0.0008	0.0002	0.0014	0.0006	0.0008	0.0000	0.0000	0.0000	0.0000	0.0000	0.0000	0.0000	0.0000	0.0000	0.0000	0.0000	0.0000	0.0000	0.0000	0.0000	0.0000	0.0000	0.0000											
23	38	0.3248	9	0	1	0	2	0	0	0	0	N	N	N	Y	N	N	N	N	N	N	N	N	208.0865	90.8395	0.0090	172.1374	161.0465	0.0001	200.7852	48.0089	0.0593	1.4488	1.6120	0.0000	3.9802	4.2346	0.0000	0.0029	0.0033	0.0000	0.0070	0.0177	0.0001	0.0231	0.0263	0.0025	0.0000	0.0001	0.0000	0.0000	0.0180	-0.2490	-0.0002	2.8591	45.5232	0.9679	15.8903	0.8671	0.8671	0.0000	0.8660	0.8660	0.0000	0.0011	0.0011	0.0000	0.0003	0.0003	0.0000	0.0003	0.0003	0.0000	0.0000	0.0000	0.0000	0.5985	0.5379	0.0606	0.2176	0.2045	0.0131	0.3809	0.3334	0.0475	0.1117	0.0631	0.0486	0.0213	0.0197	0.0016	0.0904	0.0435	0.0470	573.2781	366.9668	0.0090	301.1794	300.3788	0.0001	300.7681	16560.5785	0.0593	0.0025	0.0044	0.0001	0.0132	0.0141	0.0025	0.0000	0.0000	0.0000
23	39	0.2978	8	0	0	0	2	0	0	0	0	N	N	N	Y	N	N	N	N	N	N	N	N	0.4767	6.1442	2.5749	0.4515	4.4401	0.0007	0.3782	5.9841	5.9645	0.0103	0.0037	0.0673	0.0049	0.0052	0.0001	0.0137	0.0027	0.0888	0.0215	0.0006	0.0261	0.0109	0.0012	0.2064	0.0361	0.0005	0.0149	2.0518	23.0117	0.0009	0.0001	2.8591	13.8166	0.9679	4.5847	0.0023	0.0008	0.0015	0.0004	0.0004	0.0000	0.0019	0.0003	0.0015	0.0002	0.0000	0.0002	0.0001	0.0000	0.0001	0.0002	0.0000	0.0002	0.2236	0.2007	0.0229	0.0869	0.0814	0.0056	0.1367	0.1193	0.0174	0.0416	0.0239	0.0177	0.0090	0.0084	0.0005	0.0326	0.0154	0.0172	1.7806	8.9546	5.1945	0.6463	4.4401	0.0013	2.5993	1251.8954	8.9036	0.0058	0.0004	0.0130	0.0076	0.0012	0.1063	0.0053	0.0000	0.0100
23	40	0.3299	8	0	0	1	1	0	0	0	0	N	N	N	N	N	N	N	N	N	N	N	N	45.7864	27.3771	50.5415	38.8804	41.2807	14.2617	0.0415	inf	0.2948	0.0130	0.0142	0.0042	0.0397	0.0410	0.0214	0.0000	0.0000	0.0000	0.0003	0.0005	0.0001	0.0010	0.0010	0.0015	0.0000	0.0000	0.0000	0.0381	0.1483	-0.0006	-0.0000	2.8591	12.6411	0.9679	7.4648	0.0022	0.0022	0.0001	0.0022	0.0022	0.0001	0.0000	0.0000	0.0000	0.0000	0.0000	0.0000	0.0000	0.0000	0.0000	0.0000	0.0000	0.0000	0.1724	0.1526	0.0197	0.0567	0.0529	0.0038	0.1157	0.0998	0.0159	0.0447	0.0266	0.0180	0.0107	0.0101	0.0006	0.0340	0.0165	0.0175	50.4384	37.5822	50.5415	38.8804	41.2807	14.2617	0.0835	inf	0.2948	0.0003	0.0004	0.0001	0.0010	0.0010	0.0015	0.0000	0.0000	0.0000
23	41	0.7993	14	0	1	0	1	0	0	0	0	N	N	N	N	N	N	N	N	N	N	N	N	9.0124	0.0145	930273.9116	0.0369	0.0000	6405.2380	104141.0281	16.4366	1200508.3079	4.1068	0.0094	38.8870	0.0158	0.0000	0.2562	6.7774	0.0160	50.5204	0.4557	0.6464	0.0000	0.4289	0.4869	0.0000	0.0001	0.0010	0.0000	487.8256	0.0005	0.7088	-0.0010	2.8591	22.0894	0.9679	9.3639	0.9971	0.0020	0.9951	0.0015	0.0000	0.0015	0.9956	0.0020	0.9935	0.0016	0.0016	0.0000	0.0016	0.0016	0.0000	0.0000	0.0000	0.0000	0.2428	0.2172	0.0256	0.0959	0.0900	0.0059	0.1469	0.1272	0.0197	0.0481	0.0288	0.0193	0.0197	0.0171	0.0026	0.0284	0.0117	0.0167	121.0549	0.1659	930273.9116	0.1911	0.0000	6405.2380	237393.5272	1729.4055	1200508.3079	0.0339	0.0566	0.0000	0.0828	0.0954	0.0000	0.0000	0.0000	0.0000
23	42	0.2978	8	0	1	0	1	0	0	0	0	N	N	N	N	N	N	N	N	N	N	N	N	0.0059	0.0048	0.0000	0.0005	0.0005	0.0000	4.3706	0.2596	0.0000	0.0032	0.0036	0.0000	0.0007	0.0007	0.0000	0.0044	0.0051	0.0000	0.5494	0.7605	0.0012	1.2379	1.3000	0.0472	0.0010	0.0195	0.0000	0.0000	0.0117	-0.0005	-0.0032	2.8591	43.3975	0.9679	17.3745	0.0017	0.0017	0.0000	0.0001	0.0001	0.0000	0.0016	0.0016	0.0000	0.0051	0.0050	0.0001	0.0051	0.0050	0.0001	0.0000	0.0000	0.0000	0.5309	0.4744	0.0565	0.1665	0.1559	0.0106	0.3644	0.3185	0.0459	0.1096	0.0611	0.0485	0.0189	0.0173	0.0016	0.0908	0.0438	0.0469	0.0695	0.0439	0.0000	0.0025	0.0024	0.0000	13.0908	7.3870	0.0000	0.0466	0.0826	0.0012	0.2691	0.2901	0.0373	0.0003	0.0007	0.0000
23	43	0.7294	13	1	0	1	1	0	0	0	0	N	N	N	N	N	N	N	N	N	N	N	N	0.0223	0.0027	1.6489	0.0152	0.0000	inf	0.0692	0.0003	0.0000	0.0000	0.0000	0.0000	0.0000	0.0000	0.0000	0.0000	0.0000	0.0000	0.0000	0.0000	0.0000	0.0000	0.0000	0.0000	0.0000	0.0001	0.0000	4.8333	0.0472	0.0000	-0.0000	2.8591	18.2331	0.9679	4.4208	0.0000	0.0000	0.0000	0.0000	0.0000	0.0000	0.0000	0.0000	0.0000	0.0000	0.0000	0.0000	0.0000	0.0000	0.0000	0.0000	0.0000	0.0000	0.2250	0.2027	0.0224	0.1155	0.1079	0.0075	0.1096	0.0947	0.0148	0.0326	0.0195	0.0130	0.0128	0.0111	0.0017	0.0198	0.0084	0.0113	0.0223	0.0027	1.6489	0.0152	0.0000	inf	0.0692	0.1024	0.0000	0.0000	0.0000	0.0000	0.0000	0.0000	0.0000	0.0000	0.0000	0.0000
23	44	0.7892	13	0	1	0	2	0	0	0	0	N	N	N	Y	N	N	N	N	N	N	N	N	0.0041	1.4699	0.0000	4.1173	3.7601	0.0000	0.0000	0.0000	0.0000	0.0023	0.0026	0.0000	0.0050	0.0054	0.0000	0.0000	0.0000	0.0000	0.5696	0.0017	0.8980	0.0012	0.0014	0.0000	0.7988	0.0010	0.9626	0.0000	100.6909	-0.0005	0.0021	2.8591	62.5878	0.9679	29.9840	0.0016	0.0016	0.0000	0.0016	0.0016	0.0000	0.0000	0.0000	0.0000	0.0058	0.0001	0.0057	0.0001	0.0001	0.0000	0.0057	0.0000	0.0057	0.6828	0.6162	0.0666	0.3128	0.2934	0.0194	0.3700	0.3229	0.0472	0.1170	0.0704	0.0466	0.0462	0.0395	0.0067	0.0708	0.0308	0.0400	0.0468	3.1691	0.0000	4.1173	3.7601	0.0000	0.0000	0.0046	0.0000	0.0495	0.0008	0.1228	0.0012	0.0014	0.0000	0.0809	0.0000	0.1434
23	45	0.7294	13	1	0	1	1	0	0	0	0	N	N	N	N	N	N	N	N	N	N	N	N	0.0206	0.0025	1.6037	0.0138	0.0000	inf	0.0694	0.0003	0.0000	0.0000	0.0000	0.0000	0.0000	0.0000	0.0000	0.0000	0.0000	0.0000	0.0000	0.0000	0.0000	0.0000	0.0000	0.0000	0.0000	0.0001	0.0000	4.8333	0.0446	0.0000	-0.0000	2.8591	13.5293	0.9679	3.1702	0.0000	0.0000	0.0000	0.0000	0.0000	0.0000	0.0000	0.0000	0.0000	0.0000	0.0000	0.0000	0.0000	0.0000	0.0000	0.0000	0.0000	0.0000	0.1758	0.1583	0.0175	0.0927	0.0865	0.0062	0.0830	0.0718	0.0112	0.0249	0.0150	0.0099	0.0098	0.0086	0.0013	0.0150	0.0064	0.0086	0.0206	0.0025	1.6037	0.0138	0.0000	inf	0.0694	0.1027	0.0000	0.0000	0.0000	0.0000	0.0000	0.0000	0.0000	0.0000	0.0000	0.0000
23	46	0.7250	12	1	0	1	1	0	0	0	0	N	N	N	N	N	N	N	N	N	N	N	N	0.0013	0.0002	0.0295	0.0036	0.0002	inf	0.0003	0.0008	0.0000	0.0000	0.0000	0.0001	0.0000	0.0000	0.0001	0.0000	0.0000	0.0000	0.0054	0.0058	0.0022	0.0029	0.0033	0.0000	0.0056	0.0020	0.0025	5.9133	0.6186	0.0000	-0.0000	2.8591	4.1147	0.9679	1.2946	0.0000	0.0000	0.0000	0.0000	0.0000	0.0000	0.0000	0.0000	0.0000	0.0000	0.0000	0.0000	0.0000	0.0000	0.0000	0.0000	0.0000	0.0000	0.0828	0.0751	0.0076	0.0498	0.0463	0.0034	0.0330	0.0288	0.0042	0.0113	0.0072	0.0041	0.0049	0.0044	0.0005	0.0064	0.0028	0.0036	0.0034	0.0006	0.0295	0.0036	0.0002	inf	0.0010	0.0352	0.0000	0.0020	0.0020	0.0022	0.0029	0.0032	0.0000	0.0014	0.0000	0.0025
23	47	0.6623	11	1	0	0	1	0	0	0	0	N	N	N	N	N	N	N	N	N	N	N	N	0.1007	0.0304	0.0013	0.1383	0.1234	0.0092	1.0714	0.4099	0.0000	0.0024	0.0027	0.0000	0.0036	0.0038	0.0000	0.0014	0.0017	0.0000	0.0241	0.0885	0.0007	0.0262	0.0312	0.0003	0.0013	0.0041	0.0007	0.0000	0.0395	-0.0002	-0.0003	2.8591	22.0103	0.9679	13.6452	0.0007	0.0007	0.0000	0.0005	0.0005	0.0000	0.0002	0.0002	0.0000	0.0005	0.0004	0.0000	0.0004	0.0004	0.0000	0.0000	0.0000	0.0000	0.2838	0.2557	0.0281	0.1285	0.1207	0.0077	0.1554	0.1350	0.0204	0.0760	0.0491	0.0269	0.0312	0.0278	0.0034	0.0448	0.0213	0.0235	0.3959	0.2949	0.0013	0.2527	0.2402	0.0092	3.2985	11.6694	0.0000	0.0061	0.0091	0.0007	0.0143	0.0160	0.0003	0.0004	0.0001	0.0007
23	48	0.3299	8	0	1	0	1	0	0	0	0	N	N	N	N	N	N	N	N	N	N	N	N	20389.4381	1.9486	51192786.2854	3.8243	3.4017	1840.2788	18946635.9202	inf	70698389.0426	5.7942	0.0013	50.6296	0.0040	0.0037	0.0075	8.6390	0.0000	62.9144	0.0003	0.0007	0.0000	0.0010	0.0011	0.0000	0.0000	0.0000	0.0000	5053.5667	0.0015	0.7077	-0.0000	2.8591	12.3962	0.9679	3.7178	0.9930	0.0002	0.9929	0.0002	0.0002	0.0000	0.9928	0.0000	0.9928	0.0000	0.0000	0.0000	0.0000	0.0000	0.0000	0.0000	0.0000	0.0000	0.1714	0.1518	0.0196	0.0565	0.0526	0.0038	0.1149	0.0991	0.0158	0.0376	0.0226	0.0150	0.0093	0.0088	0.0005	0.0283	0.0138	0.0145	22428.8118	3.0215	51192786.2854	3.8243	3.4017	1840.2788	18946635.9202	inf	70698389.0426	0.0003	0.0004	0.0000	0.0010	0.0011	0.0000	0.0000	0.0000	0.0000
23	49	0.3010	7	0	0	0	1	0	0	0	0	N	N	N	N	N	N	N	N	N	N	N	N	13.1301	0.8485	415.7249	13.7325	2.0046	2013.6425	18.0862	inf	204.8768	0.0254	0.0028	0.2098	0.0420	0.0066	0.5241	0.0143	0.0001	0.1047	0.0019	0.0033	0.0005	0.0031	0.0033	0.0003	0.0008	0.0000	0.0005	9.2150	0.2856	0.0039	-0.0000	2.8591	14.4870	0.9679	5.8627	0.0064	0.0006	0.0058	0.0042	0.0006	0.0036	0.0022	0.0000	0.0022	0.0000	0.0000	0.0000	0.0000	0.0000	0.0000	0.0000	0.0000	0.0000	0.2515	0.2240	0.0275	0.1006	0.0937	0.0069	0.1510	0.1304	0.0206	0.0487	0.0281	0.0205	0.0119	0.0114	0.0005	0.0368	0.0167	0.0200	26.5051	2.1651	415.7249	13.7325	2.0594	2013.6425	51.5702	inf	204.8768	0.0010	0.0013	0.0005	0.0031	0.0032	0.0003	0.0003	0.0000	0.0005
23	50	0.4991	14	1	1	1	1	0	0	0	0	N	N	N	N	N	N	N	N	N	N	N	N	0.0000	0.0000	0.0000	0.0000	0.0000	0.0000	0.0000	0.0000	0.0000	0.0000	0.0000	0.0000	0.0000	0.0000	0.0000	0.0000	0.0000	0.0000	0.0000	0.0000	2.8591	0.9856	0.9679	2.8295	0.0000	0.0000	0.0000	0.0000	0.0000	0.0000	0.0000	0.0000	0.0000	0.0000	0.0000	0.0000	0.0000	0.0000	0.0000	0.0000	0.0000	0.0000	0.0117	0.0105	0.0012	0.0040	0.0038	0.0002	0.0077	0.0066	0.0010	0.0067	0.0038	0.0029	0.0017	0.0015	0.0002	0.0050	0.0023	0.0027	0.0000	0.0000	0.0000	0.0000	0.0000	0.0000	0.0000	0.0000	0.0000	0.0000	0.0000	0.0000	0.0000	0.0000	0.0000	0.0000	0.0000	0.0000											
23	51	0.7692	14	1	1	0	1	0	0	0	0	N	N	N	N	N	N	N	N	N	N	N	N	0.0000	0.0000	0.0000	0.0000	0.0000	0.0000	0.0000	0.0000	0.0000	0.0000	0.0000	0.0000	0.0000	0.0000	0.0000	0.0000	0.0000	0.0000	0.0020	0.0033	0.0005	0.0025	0.0023	0.0036	0.0001	0.0001	0.0001	0.2278	0.0000	-0.0000	2.8591	13.3057	0.9679	8.6321	0.0000	0.0000	0.0000	0.0000	0.0000	0.0000	0.0000	0.0000	0.0000	0.0000	0.0000	0.0000	0.0000	0.0000	0.0000	0.0000	0.0000	0.0000	0.1806	0.1636	0.0170	0.0896	0.0841	0.0055	0.0910	0.0795	0.0115	0.0354	0.0217	0.0137	0.0139	0.0123	0.0016	0.0215	0.0094	0.0121	0.0000	0.0000	0.0000	0.0000	0.0000	0.0000	0.0000	0.0000	0.0000	0.0010	0.0013	0.0005	0.0025	0.0023	0.0036	0.0000	0.0000	0.0001	
23	52	0.0339	2	0	1	0	2	0	0	0	0	N	N	N	Y	N	N	N	N	N	N	N	N	2.1104	2.2370	0.0000	2.1359	2.1773	0.0000	0.0000	0.0000	0.0000	1.3604	2.0816	0.0000	4.1665	4.1691	0.0000	0.0000	0.0000	0.0000	0.6446	0.9305	0.0003	1.9507	1.9148	0.0009	0.0005	0.0002	0.0003	0.0000	0.0026	-0.0354	-0.0003	2.8591	2.1073	0.9679	0.0711	0.1234	0.1234	0.0000	0.1234	0.1234	0.0000	0.0000	0.0000	0.0000	0.0006	0.0006	0.0000	0.0006	0.0006	0.0000	0.0000	0.0000	0.0000	0.0907	0.0593	0.0314	0.0296	0.0296	0.0000	0.0611	0.0297	0.0314	0.0089	0.0045	0.0044	0.0010	0.0010	0.0000	0.0079	0.0036	0.0043	21.6206	16.8851	0.0000	7.3230	7.1374	0.0000	0.0000	0.0000	0.0000	0.0629	0.1233	0.0003	0.5690	0.5841	0.0009	0.0002	0.0000	0.0003
23	54	0.8816	16	0	1	0	2	0	0	0	0	N	N	N	Y	N	N	N	N	N	N	N	N	0.0000	0.0000	0.0000	0.0000	0.0000	0.0000	0.0000	0.0000	0.0000	0.0000	0.0000	0.0000	0.0000	0.0000	0.0000	0.0000	0.0000	0.0000	0.0000	0.0000	2.8591	0.0000	0.9679	0.0000	0.0000	0.0000	0.0000	0.0000	0.0000	0.0000	0.0000	0.0000	0.0000	0.0000	0.0000	0.0000	0.0000	0.0000	0.0000	0.0000	0.0000	0.0000	0.0000	0.0000	0.0000	0.0000	0.0000	0.0000	0.0000	0.0000	0.0000	0.0000	0.0000	0.0000	0.0000	0.0000	0.0000	0.0000	0.0000	0.0000	0.0000	0.0000	0.0000	0.0000	0.0000	0.0000	0.0000	0.0000	0.0000	0.0000	0.0000	0.0000	0.0000	0.0000	0.0000	0.0000	0.0000	0.0000											
23	55	0.0962	3	0	0	0	2	0	0	0	0	N	N	N	Y	N	N	N	N	N	N	N	N	437.1047	0.0021	498131.3699	0.0200	0.0211	0.2390	49151.7365	505997.3239	41.7301	0.0006	325.3882	0.0033	0.0034	0.0001	50.1106	0.0000	334.0308	0.0955	0.2962	0.0007	0.1648	0.1597	0.0002	0.0010	0.0000	0.0007	75633.9334	0.0253	0.6883	-0.0000	2.8591	1.2825	0.9679	0.1503	0.9655	0.0000	0.9655	0.0000	0.0000	0.0000	0.9655	0.0000	0.9655	0.0001	0.0001	0.0000	0.0001	0.0001	0.0000	0.0000	0.0000	0.0000	0.0231	0.0202	0.0030	0.0039	0.0038	0.0001	0.0193	0.0164	0.0029	0.0056	0.0033	0.0023	0.0013	0.0012	0.0000	0.0043	0.0021	0.0022	3871.4527	0.0357	498131.3699	0.0716	0.0708	0.2390	146394.3798	0.0000	505997.3239	0.0108	0.0177	0.0007	0.0461	0.0475	0.0002	0.0003	0.0000	0.0007	
23	59	0.8816	16	0	0	0	2	0	0	0	0	N	N	N	Y	N	N	N	N	N	N	N	N	0.0000	0.0000	0.0000	0.0000	0.0000	0.0000	0.0000	0.0000	0.0000	0.0000	0.0000	0.0000	0.0000	0.0000	0.0000	0.0000	0.0000	0.0000	0.0000	0.0000	2.8591	0.0000	0.9679	0.0000	0.0000	0.0000	0.0000	0.0000	0.0000	0.0000	0.0000	0.0000	0.0000	0.0000	0.0000	0.0000	0.0000	0.0000	0.0000	0.0000	0.0000	0.0000	0.0000	0.0000	0.0000	0.0000	0.0000	0.0000	0.0000	0.0000	0.0000	0.0000	0.0000	0.0000	0.0000	0.0000	0.0000	0.0000	0.0000	0.0000	0.0000	0.0000	0.0000	0.0000	0.0000	0.0000	0.0000	0.0000	0.0000	0.0000	0.0000	0.0000	0.0000	0.0000	0.0000	0.0000	0.0000	0.0000											
23	60	0.8042	15	0	0	0	2	0	0	0	0	N	N	N	Y	N	N	N	N	N	N	N	N	0.0044	0.0035	18.1233	0.0116	0.0104	inf	0.0000	0.0000	0.0000	0.0023	0.0025	0.0004	0.0057	0.0059	0.0019	0.0000	0.0000	0.0000	0.5180	0.7140	0.0000	0.4927	0.5695	0.0000	0.0001	0.0019	0.0000	0.0192	0.0002	-0.0001	-0.0011	2.8591	19.3360	0.9679	7.9957	0.0005	0.0005	0.0000	0.0005	0.0005	0.0000	0.0000	0.0000	0.0000	0.0017	0.0017	0.0000	0.0017	0.0017	0.0000	0.0000	0.0000	0.0000	0.1999	0.1797	0.0202	0.0804	0.0759	0.0045	0.1195	0.1038	0.0157	0.0401	0.0248	0.0153	0.0183	0.0154	0.0029	0.0218	0.0094	0.0124	0.0547	0.0369	18.1233	0.0619	0.0542	inf	0.0000	0.0000	0.0000	0.0421	0.0680	0.0000	0.0923	0.1096	0.0000	0.0000	0.0000	0.0000
23	61	0.4942	13	0	1	1	1	0	0	0	0	N	N	N	N	N	N	N	N	N	N	N	N	0.0145	0.0015	10059.0610	11.0607	1.3227	12009.4930	0.0000	0.0000	0.1943	0.0101	0.0015	0.0813	0.0281	0.0038	0.4231	0.0000	0.0000	0.0000	0.6983	0.9602	0.0000	0.0025	0.0029	0.0000	0.8771	1.7686	0.0000	6.8057	0.0000	0.0010	-0.0022	2.8591	14.2360	0.9679	11.9336	0.0017	0.0002	0.0015	0.0017	0.0002	0.0015	0.0000	0.0000	0.0000	0.0035	0.0035	0.0000	0.0000	0.0000	0.0000	0.0035	0.0035	0.0000	0.1673	0.1492	0.0181	0.0601	0.0566	0.0035	0.1072	0.0925	0.0147	0.0448	0.0256	0.0192	0.0117	0.0103	0.0014	0.0331	0.0154	0.0178	0.1287	0.0106	10059.0610	11.0607	1.3227	12009.4930	0.0000	0.0000	0.1943	0.0785	0.1373	0.0000	0.0025	0.0029	0.0000	0.1053	0.2270	0.0000
23	62	0.4220	13	1	0	1	1	0	0	0	0	N	N	N	N	N	N	N	N	N	N	N	N	10.2122	4.6009	1266.5597	0.0839	0.0007	2189.0399	10251.0401	29.6824	0.0000	0.0064	0.0071	0.0005	0.0002	0.0000	0.0028	0.0101	0.0117	0.0000	0.0006	0.0015	0.0000	0.0019	0.0021	0.0000	0.0000	0.0004	0.0000	0.0089	0.0004	-0.0006	-0.0000	2.8591	28.8660	0.9679	13.2209	0.0021	0.0020	0.0000	0.0000	0.0000	0.0000	0.0020	0.0020	0.0000	0.0000	0.0000	0.0000	0.0000	0.0000	0.0000	0.0000	0.0000	0.0000	0.3204	0.2865	0.0338	0.1179	0.1115	0.0064	0.2025	0.1750	0.0274	0.0657	0.0370	0.0287	0.0152	0.0132	0.0020	0.0505	0.0238	0.0267	14.8918	9.2956	1266.5597	0.0839	0.0007	2189.0399	10251.0401	6924.2317	0.0000	0.0004	0.0008	0.0000	0.0019	0.0021	0.0000	0.0000	0.0000	0.0000
23	63	0.4193	12	1	1	0	1	0	0	0	0	N	N	N	N	N	N	N	N	N	N	N	N	7.6556	3.8559	0.0000	11.2077	11.0892	0.0000	0.0060	0.0006	0.0000	0.0095	0.0106	0.0000	0.0277	0.0296	0.0000	0.0000	0.0000	0.0000	0.0012	0.0028	0.0001	0.0025	0.0027	0.0007	0.0000	0.0001	0.0000	0.0000	0.0387	-0.0002	-0.0000	2.8591	5.0237	0.9679	8.0282	0.0006	0.0006	0.0000	0.0006	0.0006	0.0000	0.0000	0.0000	0.0000	0.0000	0.0000	0.0000	0.0000	0.0000	0.0000	0.0000	0.0000	0.0000	0.0611	0.0545	0.0067	0.0209	0.0196	0.0013	0.0402	0.0349	0.0054	0.0258	0.0148	0.0110	0.0070	0.0063	0.0007	0.0188	0.0085	0.0103	14.0497	9.3887	0.0000	11.2077	11.0892	0.0000	0.0070	0.1763	0.0000	0.0007	0.0011	0.0001	0.0025	0.0027	0.0007	0.0000	0.0000	0.0000
23	64	0.3563	11	1	1	0	1	0	0	0	0	N	N	N	N	N	N	N	N	N	N	N	N	0.0005	0.0004	0.0032	0.0005	0.0005	0.0010	0.0154	0.3390	0.0002	0.0003	0.0003	0.0000	0.0006	0.0006	0.0000	0.0000	0.0000	0.0000	0.5534	0.7623	0.0012	1.1231	1.2067	0.0150	0.0006	0.0000	0.0004	0.0015	0.0111	-0.0000	-0.0019	2.8591	17.5893	0.9679	19.0270	0.0001	0.0001	0.0000	0.0001	0.0001	0.0000	0.0000	0.0000	0.0000	0.0031	0.0031	0.0000	0.0031	0.0031	0.0000	0.0000	0.0000	0.0000	0.2493	0.2241	0.0252	0.1028	0.0967	0.0060	0.1465	0.1273	0.0191	0.0653	0.0368	0.0285	0.0133	0.0118	0.0015	0.0520	0.0250	0.0270	0.0054	0.0034	0.0032	0.0026	0.0025	0.0010	0.0430	129.5428	0.0002	0.0474	0.0832	0.0012	0.2327	0.2603	0.0150	0.0002	0.0000	0.0004
23	65	0.3500	10	0	1	0	1	0	0	0	0	N	N	N	N	N	N	N	N	N	N	N	N	0.1327	12.0009	0.0006	0.3378	35.7090	0.0003	0.0024	0.0137	0.0182	0.0561	0.0625	0.0003	0.1561	0.1647	0.0015	0.0000	0.0000	0.0001	0.4226	0.0052	0.5707	0.4620	0.0046	5.8606	0.0059	0.0005	0.0035	0.0006	23.8465	-0.0004	0.0001	2.8591	1.7566	0.9679	2.8742	0.0015	0.0015	0.0000	0.0015	0.0015	0.0000	0.0000	0.0000	0.0000	0.0004	0.0000	0.0004	0.0004	0.0000	0.0004	0.0000	0.0000	0.0000	0.0268	0.0240	0.0028	0.0096	0.0091	0.0005	0.0172	0.0149	0.0023	0.0143	0.0098	0.0045	0.0048	0.0043	0.0004	0.0095	0.0054	0.0041	1.8465	34.9400	0.0036	1.7696	40.7431	0.0016	0.0094	2.7403	0.0182	0.0304	0.0018	0.0921	0.0882	0.0040	0.9100	0.0015	0.0000	0.0035
23	66	0.4942	13	0	1	0	1	0	0	0	0	N	N	N	N	N	N	N	N	N	N	N	N	0.1011	0.0445	1.9016	0.1000	0.0916	3.5310	0.0265	0.0002	0.0000	0.0001	0.0001	0.0000	0.0001	0.0001	0.0000	0.0000	0.0000	0.0000	0.0005	0.0013	0.0000	0.0014	0.0016	0.0000	0.0000	0.0007	0.0000	0.0185	0.0052	-0.0000	-0.0000	2.8591	21.1811	0.9679	10.1862	0.0000	0.0000	0.0000	0.0000	0.0000	0.0000	0.0000	0.0000	0.0000	0.0000	0.0000	0.0000	0.0000	0.0000	0.0000	0.0000	0.0000	0.0000	0.2415	0.2155	0.0260	0.0861	0.0810	0.0051	0.1554	0.1344	0.0209	0.0529	0.0302	0.0226	0.0137	0.0120	0.0017	0.0392	0.0182	0.0210	0.1367	0.0864	1.9016	0.1000	0.0916	3.5310	0.0265	0.0288	0.0000	0.0004	0.0006	0.0000	0.0014	0.0016	0.0000	0.0000	0.0000	0.0000
23	67	0.4803	12	0	1	0	1	0	0	0	0	N	N	N	N	N	N	N	N	N	N	N	N	0.6799	0.7538	0.3415	91.2218	82.7762	905.6563	0.0000	0.0000	0.0000	0.0021	0.0023	0.0005	0.0059	0.0061	0.0027	0.0000	0.0000	0.0000	0.0031	0.0030	0.0015	0.0001	0.0001	0.0000	0.0069	0.1077	0.0016	0.0270	0.9483	-0.0000	-0.0000	2.8591	7.4253	0.9679	0.9851	0.0002	0.0002	0.0000	0.0002	0.0002	0.0000	0.0000	0.0000	0.0000	0.0000	0.0000	0.0000	0.0000	0.0000	0.0000	0.0000	0.0000	0.0000	0.0902	0.0805	0.0096	0.0318	0.0300	0.0018	0.0584	0.0506	0.0078	0.0148	0.0084	0.0064	0.0037	0.0032	0.0005	0.0111	0.0052	0.0059	1.5699	1.8972	0.3415	91.2218	82.7762	905.6563	0.0000	0.0000	0.0000	0.0013	0.0012	0.0015	0.0001	0.0001	0.0000	0.0017	0.0019	0.0016
23	68	0.3010	7	0	0	1	1	0	0	0	0	N	N	N	N	N	N	N	N	N	N	N	N	1418.1167	1584.3748	2.3376	3493.4892	3601.3499	40.7075	0.0136	inf	0.1418	3.3419	3.7515	0.0027	8.4302	9.0479	0.0105	0.0000	0.0000	0.0002	0.0024	0.0024	0.0012	0.0024	0.0025	0.0003	0.0022	0.0000	0.0012	0.0001	0.8470	-0.2472	-0.0000	2.8591	15.0354	0.9679	6.2061	0.8611	0.8611	0.0001	0.8611	0.8611	0.0001	0.0000	0.0000	0.0000	0.0001	0.0000	0.0000	0.0000	0.0000	0.0000	0.0000	0.0000	0.0000	0.2577	0.2295	0.0282	0.1021	0.0952	0.0070	0.1555	0.1344	0.0212	0.0503	0.0291	0.0212	0.0122	0.0117	0.0005	0.0381	0.0174	0.0207	3106.3969	3720.2877	2.3376	3493.4892	3601.3499	40.7075	0.0457	inf	0.1418	0.0011	0.0010	0.0012	0.0024	0.0025	0.0003	0.0006	0.0000	0.0012
23	69	0.2329	6	0	0	0	1	0	0	0	0	N	N	N	N	N	N	N	N	N	N	N	N	4.8939	5.1155	5.4835	10.6182	11.3950	3.3312	0.8183	inf	3.9371	0.0103	0.0108	0.0060	0.0315	0.0323	0.0173	0.0014	0.0011	0.0039	0.0021	0.0021	0.0011	0.0030	0.0028	0.0052	0.0018	0.0000	0.0010	0.0678	0.9393	-0.0009	-0.0000	2.8591	27.6811	0.9679	13.1592	0.0041	0.0039	0.0003	0.0037	0.0036	0.0001	0.0004	0.0003	0.0001	0.0001	0.0000	0.0000	0.0000	0.0000	0.0000	0.0000	0.0000	0.0000	0.3993	0.3556	0.0437	0.1178	0.1111	0.0067	0.2814	0.2445	0.0369	0.0863	0.0479	0.0384	0.0166	0.0157	0.0009	0.0697	0.0322	0.0375	10.2765	11.6300	5.4835	10.6182	11.3950	3.3312	2.6824	inf	3.9371	0.0010	0.0009	0.0011	0.0030	0.0028	0.0052	0.0005	0.0000	0.0010
23	71	0.4835	13	1	1	0	1	0	0	0	0	N	N	N	N	N	N	N	N	N	N	N	N	5.9152	inf	0.0000	inf	inf	0.0000	0.0000	0.0000	0.0000	0.0000	0.0000	0.0000	0.0000	0.0000	0.0000	0.0000	0.0000	0.0000	0.0000	0.0000	0.0000	0.0000	0.0000	0.0000	0.0000	0.0000	inf	-0.0000	0.0000	2.8591	17.5448	0.9679	6.0013	0.0000	0.0000	0.0000	0.0000	0.0000	0.0000	0.0000	0.0000	0.0000	0.0000	0.0000	0.0000	0.0000	0.0000	0.0000	0.0000	0.0000	0.0000	0.2077	0.1854	0.0223	0.0755	0.0708	0.0047	0.1322	0.1146	0.0176	0.0401	0.0229	0.0173	0.0099	0.0087	0.0013	0.0302	0.0142	0.0160	5.9152	inf	0.0000	inf	inf	0.0000	0.0000	0.0000	0.0000	0.0000	0.0000	0.0000	0.0000	0.0000	0.0000	0.0000	0.0000	0.0000		
23	72	0.5519	16	1	1	1	1	0	0	0	0	N	N	N	N	N	N	N	N	N	N	N	N	0.0000	0.0000	0.0000	0.0000	0.0000	0.0000	0.0000	0.0000	0.0000	0.0000	0.0000	0.0000	0.0000	0.0000	0.0000	0.0000	0.0001	0.0001	0.0000	0.0001	0.0001	0.0000	0.0000	0.0000	0.0000	0.0018	0.0000	-0.0000	2.8591	1.8980	0.9679	2.9698	0.0000	0.0000	0.0000	0.0000	0.0000	0.0000	0.0000	0.0000	0.0000	0.0000	0.0000	0.0000	0.0000	0.0000	0.0000	0.0000	0.0000	0.0000	0.0230	0.0205	0.0025	0.0097	0.0091	0.0006	0.0133	0.0114	0.0019	0.0139	0.0094	0.0045	0.0053	0.0051	0.0003	0.0085	0.0043	0.0042	0.0000	0.0000	0.0000	0.0000	0.0000	0.0000	0.0000	0.0000	0.0000	0.0001	0.0001	0.0000	0.0001	0.0001	0.0000	0.0000	0.0000	0.0000			
23	73	0.5324	15	1	0	1	1	0	0	0	0	N	N	N	N	N	N	N	N	N	N	N	N	0.0115	0.0057	0.0000	0.0001	0.0001	1.2587	inf	0.0000	0.0001	0.0001	0.0000	0.0000	0.0000	0.0000	0.0002	0.0003	0.0000	0.0094	0.0202	0.0001	0.0140	0.0160	0.0000	0.0002	0.0000	0.0001	0.0000	0.0137	-0.0000	-0.0000	2.8591	3.5853	0.9679	4.3819	0.0000	0.0000	0.0000	0.0000	0.0000	0.0000	0.0000	0.0000	0.0000	0.0001	0.0001	0.0000	0.0001	0.0001	0.0000	0.0000	0.0000	0.0000	0.0931	0.0864	0.0067	0.0494	0.0479	0.0014	0.0437	0.0385	0.0052	0.0171	0.0112	0.0059	0.0058	0.0053	0.0005	0.0113	0.0058	0.0054	0.0344	0.0245	0.0000	0.0001	0.0001	0.0000	3.5396	inf	0.0000	0.0031	0.0047	0.0001	0.0091	0.0099	0.0000	0.0001	0.0000	0.0001	
23	74	0.5009	14	1	0	1	1	0	0	0	0	N	N	N	N	N	N	N	N	N	N	N	N	0.0093	0.2203	0.0207	0.4056	0.3851	0.0000	0.0013	0.0000	0.0270	0.0002	0.0002	0.0006	0.0004	0.0005	0.0000	0.0001	0.0000	0.0008	0.0250	0.0008	0.0304	0.0011	0.0012	0.0000	0.0804	0.0006	0.0300	0.3975	20.0604	-0.0000	0.0001	2.8591	12.3589	0.9679	7.3592	0.0000	0.0000	0.0000	0.0000	0.0000	0.0000	0.0000	0.0000	0.0000	0.0002	0.0000	0.0002	0.0000	0.0000	0.0000	0.0002	0.0000	0.0002	0.1503	0.1344	0.0158	0.0575	0.0540	0.0035	0.0927	0.0804	0.0123	0.0357	0.0214	0.0143	0.0098	0.0088	0.0011	0.0258	0.0126	0.0132	0.0373	0.3759	0.0424	0.4056	0.3851	0.0000	0.0131	0.0000	0.0505	0.0063	0.0005	0.0149	0.0011	0.0012	0.0000	0.0082	0.0000	0.0161
23	75	0.4835	13	1	0	1	1	0	0	0	0	N	N	N	N	N	N	N	N	N	N	N	N	0.1542	0.1111	1.0207	0.1133	0.1060	0.0889	1.2288	0.0001	0.0000	0.0012	0.0000	0.0000	0.0000	0.0002	0.0000	0.0016	0.0008	0.0000	0.0012	0.0000	0.0000	0.0000	0.0023	0.0000	0.0013	270.8443	186.1863	0.0000	0.0000	2.8591	10.2127	0.9679	1.0234	0.0000	0.0000	0.0000	0.0000	0.0000	0.0000	0.0000	0.0000	0.0000	0.0000	0.0000	0.0000	0.0000	0.0000	0.0000	0.0000	0.0000	0.0000	0.1284	0.1147	0.0137	0.0489	0.0458	0.0032	0.0794	0.0689	0.0106	0.0197	0.0112	0.0085	0.0049	0.0043	0.0006	0.0148	0.0069	0.0079	0.2531	0.1111	1.0207	0.1133	0.1060	0.0000	0.3080	0.0000	1.2288	0.0005	0.0000	0.0012	0.0000	0.0000	0.0000	0.0007	0.0000	0.0013		
23	76	0.4803	12	1	0	0	1	0	0	0	0	N	N	N	N	N	N	N	N	N	N	N	N	3.0170	0.0000	inf	0.0000	0.0000	inf	inf	0.0000	0.0000	0.0000	0.0000	0.0000	0.0000	0.0000	0.0000	0.0000	0.0000	0.0000	0.0000	0.0000	0.0000	0.0000	0.0000	0.0000	0.0000	inf	0.4000	0.0000	-0.0000	2.8591	3.7027	0.9679	0.0091	0.0000	0.0000	0.0000	0.0000	0.0000	0.0000	0.0000	0.0000	0.0000	0.0000	0.0000	0.0000	0.0000	0.0000	0.0000	0.0000	0.0000	0.0000	0.0478	0.0428	0.0050	0.0172	0.0163	0.0009	0.0306	0.0265	0.0041	0.0066	0.0038	0.0028	0.0016	0.0014	0.0002	0.0050	0.0023	0.0026	3.0170	0.0000	inf	0.0000	0.0000	0.0000	inf	0.0000	inf	0.0000	0.0000	0.0000	0.0000	0.0000	0.0000	0.0000	0.0000	0.0000		
23	77	0.4633	11	0	0	0	1	0	0	0	0	N	N	N	N	N	N	N	N	N	N	N	N	16.0408	8.0872	0.0000	11.4981	11.4309	0.0000	861.9949	8.8508	0.0000	0.0081	0.0090	0.0000	0.0137	0.0146	0.0000	0.0037	0.0043	0.0000	0.0005	0.0011	0.0000	0.0012	0.0013	0.0000	0.0000	0.0005	0.0000	0.0000	0.0086	-0.0002	-0.0000	2.8591	3.8334	0.9679	6.1787	0.0006	0.0006	0.0000	0.0004	0.0004	0.0000	0.0001	0.0001	0.0000	0.0000	0.0000	0.0000	0.0000	0.0000	0.0000	0.0000	0.0000	0.0000	0.0700	0.0628	0.0073	0.0307	0.0286	0.0021	0.0393	0.0341	0.0052	0.0257	0.0157	0.0100	0.0080	0.0074	0.0006	0.0177	0.0083	0.0094	21.6120	14.8426	0.0000	11.4981	11.4309	0.0000	861.9949	1768.2977	0.0000	0.0004	0.0006	0.0000	0.0012	0.0013	0.0000	0.0000	0.0000	0.0000
23	78	0.4242	10	0	0	0	1	0	0	0	0	N	N	N	N	N	N	N	N	N	N	N	N	2.6141	1.1379	32.2707	1.3523	0.6664	122.9289	7.3098	3.0883	25.5086	0.0047	0.0034	0.0153	0.0033	0.0018	0.0227	0.0056	0.0046	0.0126	0.0018	0.0030	0.0005	0.0025	0.0027	0.0002	0.0008	0.0015	0.0005	0.5423	0.2580	0.0001	-0.0000	2.8591	16.9094	0.9679	5.8161	0.0011	0.0007	0.0004	0.0003	0.0001	0.0001	0.0008	0.0006	0.0002	0.0000	0.0000	0.0000	0.0000	0.0000	0.0000	0.0000	0.0000	0.0000	0.2287	0.2038	0.0248	0.0894	0.0827	0.0066	0.1393	0.1211	0.0182	0.0548	0.0332	0.0216	0.0160	0.0146	0.0014	0.0388	0.0186	0.0202	5.1874	2.8773	32.2707	1.3523	0.6664	122.9289	20.8763	184.9723	25.5086	0.0009	0.0012	0.0005	0.0025	0.0027	0.0002	0.0003	0.0000	0.0005
23	79	0.3500	10	0	1	0	1	0	0	0	0	N	N	N	N	N	N	N	N	N	N	N	N	0.0958	0.0218	1952.1799	0.0302	0.0070	25998.1284	428.5004	6.6919	1.2429	0.0063	0.0059	0.0094	0.0045	0.0012	0.0535	0.0070	0.0081	0.0000	0.0653	0.2697	0.0000	0.1494	0.1752	0.0000	0.0000	0.0012	0.0000	0.1963	0.0002	-0.0002	-0.0005	2.8591	23.9173	0.9679	17.8091	0.0018	0.0015	0.0003	0.0004	0.0001	0.0003	0.0014	0.0014	0.0000	0.0007	0.0007	0.0000	0.0007	0.0007	0.0000	0.0000	0.0000	0.0000	0.2827	0.2517	0.0310	0.0867	0.0812	0.0054	0.1961	0.1705	0.0256	0.0765	0.0441	0.0324	0.0165	0.0146	0.0019	0.0601	0.0296	0.0305	0.6614	0.3582	1952.1799	0.1025	0.0248	25998.1284	689.9972	518.9522	1.2429	0.0095	0.0164	0.0000	0.0440	0.0497	0.0000	0.0000	0.0000	0.0000
23	80	0.3339	9	0	1	0	1	0	0	0	0	N	N	N	N	N	N	N	N	N	N	N	N	0.0084	0.0011	0.3029	0.0020	0.0061	0.0000	8.8496	0.0935	85.3356	0.0027	0.0003	0.0216	0.0009	0.0010	0.0000	0.0035	0.0000	0.0261	0.3229	0.2816	0.0712	0.4580	0.1608	1.8902	0.0004	0.0001	0.0003	8.6621	1.0478	0.0001	-0.0001	2.8591	6.1279	0.9679	3.6878	0.0002	0.0000	0.0002	0.0000	0.0000	0.0000	0.0002	0.0000	0.0002	0.0005	0.0002	0.0003	0.0005	0.0002	0.0003	0.0000	0.0000	0.0000	0.0743	0.0660	0.0083	0.0224	0.0209	0.0014	0.0519	0.0450	0.0069	0.0230	0.0143	0.0087	0.0056	0.0051	0.0005	0.0174	0.0092	0.0082	0.1254	0.0186	0.7402	0.0104	0.0204	0.0000	24.2035	30.2411	85.3356	0.0215	0.0169	0.0291	0.0878	0.0477	0.4573	0.0001	0.0000	0.0003
23	81	0.4220	13	1	0	1	1	0	0	0	0	N	N	N	N	N	N	N	N	N	N	N	N	0.8077	0.3648	0.0000	0.7820	0.7182	0.0000	0.0000	0.0000	0.0006	0.0006	0.0000	0.0015	0.0016	0.0000	0.0000	0.0000	0.0000	0.0007	0.0017	0.0000	0.0019	0.0022	0.0000	0.0000	0.0004	0.0000	0.0000	0.0003	-0.0000	-0.0000	2.8591	27.2690	0.9679	12.3406	0.0002	0.0002	0.0000	0.0002	0.0002	0.0000	0.0000	0.0000	0.0000	0.0000	0.0000	0.0000	0.0000	0.0000	0.0000	0.0000	0.0000	0.0000	0.3071	0.2746	0.0325	0.1133	0.1071	0.0062	0.1939	0.1675	0.0263	0.0627	0.0353	0.0274	0.0146	0.0126	0.0019	0.0481	0.0227	0.0255	1.2403	0.7813	0.0000	0.7820	0.7182	0.0000	0.0000	0.0000	0.0000	0.0005	0.0008	0.0000	0.0019	0.0022	0.0000	0.0000	0.0000	0.0000	
23	82	0.4066	12	0	0	0	1	0	0	0	0	N	N	N	N	N	N	N	N	N	N	N	N	0.0809	63.7266	0.0035	57.6181	52.9345	inf	0.0005	0.0563	0.0036	0.0003	0.0004	0.0000	0.0008	0.0009	0.0000	0.0000	0.0000	0.0000	0.0041	0.0000	0.0046	0.0000	0.0000	0.0000	0.0094	0.0001	0.0040	0.0047	501.0905	-0.0000	0.0000	2.8591	9.0798	0.9679	0.9519	0.0000	0.0000	0.0000	0.0000	0.0000	0.0000	0.0000	0.0000	0.0000	0.0000	0.0000	0.0000	0.0000	0.0000	0.0000	0.0000	0.0000	0.0000	0.1260	0.1138	0.0122	0.0516	0.0491	0.0025	0.0744	0.0647	0.0097	0.0173	0.0097	0.0076	0.0040	0.0034	0.0005	0.0134	0.0063	0.0071	0.2054	63.7266	0.0044	57.6181	52.9345	inf	0.0023	20.8461	0.0037	0.0016	0.0000	0.0037	0.0000	0.0000	0.0000	0.0021	0.0000	0.0040
23	83	0.3339	9	0	1	0	1	0	0	0	0	N	N	N	N	N	N	N	N	N	N	N	N	0.0000	0.0000	0.0000	0.0000	0.0000	0.0000	0.0000	0.0000	0.0000	0.0000	0.0000	0.0000	0.0000	0.0000	0.0000	0.0262	0.0000	0.0313	0.0898	0.0000	1.1782	0.0002	0.0000	0.0002	inf	0.0000	0.0002	2.8591	21.0000	0.9679	14.4214	0.0000	0.0000	0.0000	0.0000	0.0000	0.0000	0.0000	0.0000	0.0000	0.0004	0.0000	0.0004	0.0004	0.0000	0.0004	0.0000	0.0000	0.0000	0.2449	0.2178	0.0272	0.0730	0.0683	0.0046	0.1720	0.1494	0.0225	0.0666	0.0383	0.0284	0.0125	0.0112	0.0013	0.0541	0.0270	0.0271	0.0000	0.0000	0.0000	0.0000	0.0000	0.0000	0.0000	0.0000	0.0000	0.0064	0.0000	0.0151	0.0338	0.0000	0.3268	0.0001	0.0000	0.0002				
23	84	0.3915	13	0	0	1	1	0	0	0	0	N	N	N	N	N	N	N	N	N	N	N	N	0.0000	0.0000	0.0000	0.0000	0.0000	0.0000	0.0000	0.0000	0.0000	0.0000	0.0000	0.0000	0.0000	0.0058	0.0142	0.0000	0.0134	0.0166	0.0000	0.0000	0.0000	0.0000	0.0000	0.0000	-0.0001	2.8591	20.4085	0.9679	11.0867	0.0000	0.0000	0.0000	0.0000	0.0000	0.0000	0.0000	0.0000	0.0000	0.0001	0.0001	0.0000	0.0001	0.0001	0.0000	0.0000	0.0000	0.0000	0.2454	0.2186	0.0268	0.0798	0.0748	0.0050	0.1656	0.1438	0.0218	0.0565	0.0326	0.0240	0.0140	0.0119	0.0021	0.0426	0.0207	0.0219	0.0000	0.0000	0.0000	0.0000	0.0000	0.0000	0.0000	0.0000	0.0000	0.0022	0.0038	0.0000	0.0088	0.0103	0.0000	0.0000	0.0000	0.0000						
23	85	0.3878	12	0	0	1	1	0	0	0	0	N	N	N	N	N	N	N	N	N	N	N	N	0.0000	0.0000	0.0000	0.0000	0.0000	0.0000	0.0000	0.0000	0.0000	0.0000	0.0000	0.0000	0.0000	0.0000	0.0000	0.0000	0.7918	1.0301	0.0860	1.5791	1.6462	0.0000	0.2920	0.0000	0.0872	0.1412	0.0000	-0.0005	2.8591	3.1287	0.9679	1.1816	0.0000	0.0000	0.0000	0.0000	0.0000	0.0000	0.0000	0.0000	0.0000	0.0010	0.0009	0.0001	0.0009	0.0009	0.0000	0.0001	0.0000	0.0001	0.0552	0.0492	0.0059	0.0259	0.0240	0.0019	0.0293	0.0253	0.0040	0.0088	0.0051	0.0037	0.0023	0.0020	0.0003	0.0065	0.0031	0.0034	0.0000	0.0000	0.0000	0.0000	0.0000	0.0000	0.0000	0.0000	0.0000	0.1127	0.1703	0.0332	0.3793	0.4338	0.0000	0.0189	0.0000	0.0360			
23	86	0.3809	11	0	0	0	1	0	0	0	0	N	N	N	N	N	N	N	N	N	N	N	N	0.0000	0.0001	0.0000	0.0005	0.0004	0.0000	0.0003	0.0000	0.0000	0.0000	0.0000	0.0000	0.0000	0.0000	0.0000	0.0000	0.0000	0.6896	0.1924	1.1900	0.0665	0.0839	0.0000	0.8339	0.0018	1.2377	0.0000	9.0166	-0.0000	0.0003	2.8591	4.0532	0.9679	2.2470	0.0000	0.0000	0.0000	0.0000	0.0000	0.0000	0.0000	0.0000	0.0000	0.0010	0.0001	0.0009	0.0001	0.0001	0.0000	0.0009	0.0000	0.0009	0.0601	0.0536	0.0066	0.0264	0.0243	0.0021	0.0338	0.0293	0.0045	0.0128	0.0074	0.0054	0.0033	0.0029	0.0004	0.0095	0.0045	0.0050	0.0002	0.0013	0.0000	0.0012	0.0011	0.0000	0.0000	0.0146	0.0000	0.0751	0.0130	0.1595	0.0288	0.0331	0.0000	0.0913	0.0000	0.1731	
23	87	0.3577	10	0	0	0	1	0	0	0	0	N	N	N	N	N	N	N	N	N	N	N	N	0.0004	0.0003	0.0002	0.0008	0.0007	0.0010	0.0009	0.0068	0.0002	0.0001	0.0001	0.0000	0.0002	0.0002	0.0000	0.0000	0.0000	0.0000	0.3093	0.4644	0.0127	0.2847	0.3218	0.0005	0.0216	0.0033	0.0109	0.0016	0.1500	-0.0000	-0.0004	2.8591	4.7288	0.9679	9.8540	0.0000	0.0000	0.0000	0.0000	0.0000	0.0000	0.0000	0.0000	0.0000	0.0007	0.0006	0.0001	0.0006	0.0006	0.0000	0.0001	0.0000	0.0001	0.0820	0.0745	0.0075	0.0394	0.0375	0.0018	0.0427	0.0370	0.0057	0.0350	0.0221	0.0130	0.0101	0.0092	0.0010	0.0249	0.0129	0.0120	0.0056	0.0044	0.0003	0.0035	0.0033	0.0010	0.0051	0.2298	0.0003	0.0208	0.0287	0.0073	0.0625	0.0689	0.0005	0.0038	0.0001	0.0079
23	88	0.3339	9	0	0	0	1	0	0	0	0	N	N	N	N	N	N	N	N	N	N	N	N	0.0174	0.0147	0.0000	0.0234	0.0249	0.0000	0.0002	0.0027	0.0000	0.0151	0.0170	0.0000	0.0503	0.0538	0.0000	0.0000	0.0000	0.0000	0.8688	1.1601	0.0410	2.1537	2.1611	1.2625	0.0031	0.0002	0.0017	0.0000	0.0507	-0.0005	-0.0032	2.8591	8.6320	0.9679	7.0881	0.0016	0.0016	0.0000	0.0016	0.0016	0.0000	0.0000	0.0000	0.0000	0.0055	0.0052	0.0003	0.0055	0.0052	0.0002	0.0000	0.0000	0.0000	0.1040	0.0923	0.0116	0.0312	0.0292	0.0020	0.0727	0.0631	0.0096	0.0335	0.0201	0.0134	0.0073	0.0066	0.0007	0.0262	0.0135	0.0127	0.0920	0.0652	0.0000	0.0669	0.0674	0.0000	0.0007	0.8133	0.0000	0.1643	0.2611	0.0198	0.7525	0.7988	0.3352	0.0008	0.0000	0.0017
23	89	0.4016	11	0	1	0	1	0	0	0	0	N	N	N	N	N	N	N	N	N	N	N	N	1.7805	0.0231	435.1336	2.0251	0.0487	1432.3708	0.1714	0.0033	1.0388	0.0014	0.0000	0.0129	0.0041	0.0001	0.0671	0.0000	0.0000	0.0000	0.0008	0.0017	0.0000	0.0020	0.0022	0.0000	0.0000	0.0006	0.0000	38.3624	0.0257	0.0002	-0.0000	2.8591	15.4622	0.9679	5.2688	0.0003	0.0000	0.0003	0.0003	0.0000	0.0003	0.0000	0.0000	0.0000	0.0000	0.0000	0.0000	0.0000	0.0000	0.0000	0.0000	0.0000	0.0000	0.2068	0.1847	0.0222	0.0707	0.0665	0.0042	0.1361	0.1182	0.0179	0.0403	0.0236	0.0166	0.0094	0.0086	0.0008	0.0309	0.0150	0.0159	2.9029	0.0497	435.1336	2.0251	0.0487	1432.3708	0.3417	0.5319	1.0388	0.0005	0.0008	0.0000	0.0020	0.0022	0.0000	0.0000	0.0000	0.0000
23	90	0.3899	10	0	0	0	1	0	0	0	0	N	N	N	N	N	N	N	N	N	N	N	N	0.7948	1.3867	0.1755	4.2006	4.1551	0.0194	0.0300	0.0214	0.2060	0.0028	0.0030	0.0004	0.0076	0.0081	0.0000	0.0002	0.0001	0.0005	0.0035	0.0022	0.0022	0.0018	0.0020	0.0005	0.0052	0.0050	0.0024	0.0152	1.5058	-0.0001	-0.0000	2.8591	7.5917	0.9679	1.5198	0.0003	0.0003	0.0000	0.0003	0.0003	0.0000	0.0000	0.0000	0.0000	0.0000	0.0000	0.0000	0.0000	0.0000	0.0000	0.0000	0.0000	0.0000	0.1080	0.0966	0.0113	0.0376	0.0353	0.0023	0.0704	0.0613	0.0091	0.0225	0.0137	0.0088	0.0065	0.0059	0.0006	0.0160	0.0078	0.0081	1.9050	3.2070	0.1755	4.2006	4.1551	0.0194	0.1206	0.5663	0.2060	0.0014	0.0009	0.0022	0.0018	0.0020	0.0005	0.0013	0.0002	0.0024
23	91	0.4991	14	1	0	1	1	0	0	0	0	N	N	N	N	N	N	N	N	N	N	N	N	0.0000	0.0000	0.0000	0.0000	0.0000	0.0000	0.0000	0.0000	0.0000	0.0000	0.0000	0.0000	0.0000	0.0000	0.0000	0.0000	0.0000	0.0000	0.0000	0.0000	2.8591	3.0317	0.9679	0.1644	0.0000	0.0000	0.0000	0.0000	0.0000	0.0000	0.0000	0.0000	0.0000	0.0000	0.0000	0.0000	0.0000	0.0000	0.0000	0.0000	0.0000	0.0000	0.0357	0.0318	0.0038	0.0123	0.0116	0.0006	0.0234	0.0202	0.0032	0.0056	0.0032	0.0025	0.0014	0.0012	0.0002	0.0042	0.0020	0.0023	0.0000	0.0000	0.0000	0.0000	0.0000	0.0000	0.0000	0.0000	0.0000	0.0000	0.0000	0.0000	0.0000	0.0000	0.0000	0.0000	0.0000	0.0000											
23	92	0.4933	13	1	0	1	1	0	0	0	0	N	N	N	N	N	N	N	N	N	N	N	N	0.2370	0.0938	31.9823	0.0751	0.0699	0.0000	13.0765	54.3821	0.0000	0.0000	0.0000	0.0000	0.0000	0.0000	0.0000	0.0000	0.0001	0.0000	0.0001	0.0000	0.0002	0.0002	0.0000	0.0000	0.0000	0.0000	0.6265	0.0138	0.0000	-0.0000	2.8591	2.6632	0.9679	1.0147	0.0000	0.0000	0.0000	0.0000	0.0000	0.0000	0.0000	0.0000	0.0000	0.0000	0.0000	0.0000	0.0000	0.0000	0.0000	0.0000	0.0000	0.0000	0.0475	0.0433	0.0042	0.0245	0.0232	0.0013	0.0230	0.0201	0.0029	0.0070	0.0041	0.0029	0.0018	0.0016	0.0002	0.0052	0.0024	0.0027	0.2370	0.0938	31.9823	0.0751	0.0699	0.0000	13.0765	0.0000	54.3821	0.0000	0.0001	0.0000	0.0002	0.0002	0.0000	0.0000	0.0000	0.0000	
23	93	0.4101	12	1	0	1	1	0	0	0	0	N	N	N	N	N	N	N	N	N	N	N	N	0.1709	0.0962	3451.7592	0.0282	0.0246	384.5927	15082.2000	177.4438	4574.3561	0.0457	0.0479	0.0265	0.0103	0.0105	0.0072	0.0674	0.0732	0.0310	0.2671	0.4977	0.0000	0.3670	0.4274	0.0000	0.0000	0.0004	0.0000	0.0642	0.0002	-0.0046	-0.0009	2.8591	35.0787	0.9679	12.2568	0.0203	0.0191	0.0012	0.0017	0.0017	0.0001	0.0185	0.0174	0.0012	0.0015	0.0015	0.0000	0.0015	0.0015	0.0000	0.0000	0.0000	0.0000	0.4441	0.3979	0.0462	0.1694	0.1605	0.0088	0.2748	0.2374	0.0374	0.0792	0.0449	0.0343	0.0198	0.0173	0.0025	0.0594	0.0276	0.0317	2.4422	1.4531	3451.7592	0.1384	0.1227	384.5927	15082.2000	40422.4139	4574.3561	0.0187	0.0330	0.0000	0.0746	0.0856	0.0000	0.0000	0.0000	0.0000
23	94	0.3966	11	1	0	0	1	0	0	0	0	N	N	N	N	N	N	N	N	N	N	N	N	741.2796	1188.6170	15.2880	1.7695	1.5123	451.3186	972.3925	43650.7935	23.2726	6.7334	7.4214	0.0951	0.0108	0.0113	0.0008	11.8090	13.5500	0.1206	0.0091	0.0062	0.0062	0.0061	0.0074	0.0000	0.0121	0.0003	0.0052	0.0013	1.5853	-0.2786	-0.0000	2.8591	8.4810	0.9679	2.3446	0.9747	0.9734	0.0013	0.0007	0.0007	0.0000	0.9740	0.9727	0.0013	0.0001	0.0000	0.0000	0.0000	0.0000	0.0000	0.0000	0.0000	0.0000	0.1447	0.1312	0.0136	0.0623	0.0594	0.0029	0.0825	0.0718	0.0107	0.0202	0.0116	0.0087	0.0049	0.0043	0.0006	0.0153	0.0072	0.0081	2190.3244	3568.9161	21.5960	2.2038	2.0278	451.3186	4740.9893	11103812.0380	25.5422	0.0031	0.0021	0.0044	0.0049	0.0056	0.0000	0.0025	0.0000	0.0047
23	95	0.3339	9	0	1	0	2	0	0	0	0	N	N	N	Y	N	N	N	N	N	N	N	N	8.7488	0.0000	inf	0.0001	0.0000	inf	inf	inf	3.5887	0.0000	32.4304	0.0001	0.0000	0.0019	5.1071	0.0000	39.0832	0.4102	0.6067	0.0000	0.8467	0.8989	0.0000	0.0000	0.0000	0.0000	inf	0.0000	0.7107	-0.0015	2.8591	24.0032	0.9679	22.6134	0.9970	0.0000	0.9970	0.0000	0.0000	0.0000	0.9970	0.0000	0.9970	0.0024	0.0024	0.0000	0.0024	0.0024	0.0000	0.0000	0.0000	0.0000	0.2778	0.2471	0.0307	0.0826	0.0774	0.0052	0.1952	0.1697	0.0255	0.0842	0.0480	0.0363	0.0153	0.0137	0.0016	0.0689	0.0343	0.0347	124.8164	0.0000	inf	0.0008	0.0000	inf	inf	0.0000	inf	0.0288	0.0505	0.0000	0.1583	0.1768	0.0000	0.0000	0.0000	0.0000	
23	96	0.7513	13	0	1	0	1	0	0	0	0	N	N	N	N	N	N	N	N	N	N	N	N	0.0000	0.0000	0.0000	0.0000	0.0000	0.0000	0.0000	0.0000	0.0000	0.0000	0.0000	0.0000	0.0000	0.0000	0.0000	0.0000	0.0000	0.0002	0.0004	0.0000	0.0005	0.0005	0.0000	0.0000	0.0000	0.0000	0.0117	0.0000	-0.0000	2.8591	18.5150	0.9679	10.2301	0.0000	0.0000	0.0000	0.0000	0.0000	0.0000	0.0000	0.0000	0.0000	0.0000	0.0000	0.0000	0.0000	0.0000	0.0000	0.0000	0.0000	0.0000	0.2242	0.2020	0.0222	0.1006	0.0946	0.0060	0.1236	0.1074	0.0162	0.0497	0.0318	0.0179	0.0203	0.0178	0.0025	0.0294	0.0141	0.0154	0.0000	0.0000	0.0000	0.0000	0.0000	0.0000	0.0000	0.0000	0.0000	0.0002	0.0003	0.0000	0.0005	0.0005	0.0000	0.0000	0.0000	0.0000		
23	97	0.3630	10	0	1	0	1	0	0	0	0	N	N	N	N	N	N	N	N	N	N	N	N	0.0290	0.0100	0.0389	0.0346	0.0402	0.0001	0.0030	0.0034	0.0000	0.0100	0.0106	0.0000	0.0000	0.0000	0.0000	0.1044	0.3401	0.0000	0.2564	0.3070	0.0000	0.0000	0.0001	0.0000	0.0000	0.0000	-0.0005	-0.0009	2.8591	46.1140	0.9679	26.4917	0.0016	0.0016	0.0000	0.0016	0.0016	0.0000	0.0000	0.0000	0.0000	0.0014	0.0014	0.0000	0.0014	0.0014	0.0000	0.0000	0.0000	0.0000	0.5215	0.4655	0.0560	0.1583	0.1486	0.0097	0.3632	0.3170	0.0462	0.1213	0.0687	0.0526	0.0230	0.0202	0.0028	0.0983	0.0485	0.0498	0.2682	0.1701	0.0000	0.1675	0.1569	0.0000	0.0402	0.0229	0.0000	0.0113	0.0199	0.0000	0.0596	0.0678	0.0000	0.0000	0.0000	0.0000			
23	98	0.8042	15	0	1	0	1	0	0	0	0	N	N	N	N	N	N	N	N	N	N	N	N	0.0283	5.9098	0.0000	8.1053	14.7632	0.0000	0.0036	inf	0.0000	0.0076	0.0085	0.0000	0.0163	0.0173	0.0000	0.0018	0.0021	0.0000	0.2691	0.0014	0.1675	0.0020	0.0012	0.0065	0.5079	0.0000	0.1947	0.0000	40.8442	-0.0005	0.0003	2.8591	20.7840	0.9679	8.9470	0.0016	0.0016	0.0000	0.0014	0.0014	0.0000	0.0002	0.0002	0.0000	0.0008	0.0000	0.0008	0.0000	0.0000	0.0000	0.0008	0.0000	0.0008	0.2130	0.1915	0.0215	0.0855	0.0806	0.0048	0.1275	0.1108	0.0167	0.0433	0.0267	0.0165	0.0197	0.0166	0.0031	0.0236	0.0102	0.0134	0.4061	11.6855	0.0000	8.1053	14.7632	0.0000	0.0550	inf	0.0000	0.0188	0.0007	0.0480	0.0020	0.0012	0.0065	0.0328	0.0000	0.0577
23	99	0.7993	14	0	0	0	1	0	0	0	0	N	N	N	N	N	N	N	N	N	N	N	N	5.3182	4.1742	37.3908	16.3756	16.4199	2.4969	2.7564	0.5153	64.6654	0.0444	0.0261	0.1977	0.0429	0.0458	0.0005	0.0462	0.0016	0.2928	0.0084	0.0063	0.0053	0.0026	0.0028	0.0002	0.0168	0.0031	0.0045	0.9055	1.4373	0.0005	-0.0000	2.8591	2.7834	0.9679	1.0450	0.0028	0.0015	0.0013	0.0014	0.0014	0.0000	0.0014	0.0000	0.0013	0.0000	0.0000	0.0000	0.0000	0.0000	0.0000	0.0000	0.0000	0.0000	0.0636	0.0568	0.0068	0.0337	0.0315	0.0022	0.0299	0.0253	0.0046	0.0122	0.0070	0.0052	0.0056	0.0052	0.0004	0.0067	0.0018	0.0048	15.2439	12.5378	48.9575	16.3756	16.4199	2.4969	14.6108	17.7087	67.5619	0.0029	0.0021	0.0040	0.0026	0.0028	0.0002	0.0032	0.0001	0.0043
23	100	0.7892	13	0	0	0	1	0	0	0	0	N	N	N	N	N	N	N	N	N	N	N	N	1.0814	0.0526	80.9530	0.1425	0.1254	3.1426	6.9494	0.2114	124.9631	0.0099	0.0009	0.0948	0.0011	0.0012	0.0004	0.0226	0.0006	0.1600	0.0092	0.0179	0.0012	0.0080	0.0095	0.0001	0.0033	0.0026	0.0013	10.6073	0.1856	0.0010	-0.0000	2.8591	7.6044	0.9679	2.7972	0.0015	0.0001	0.0014	0.0001	0.0001	0.0000	0.0014	0.0000	0.0014	0.0001	0.0001	0.0000	0.0001	0.0001	0.0000	0.0000	0.0000	0.0000	0.1552	0.1403	0.0148	0.0918	0.0858	0.0061	0.0633	0.0546	0.0088	0.0230	0.0135	0.0095	0.0099	0.0090	0.0009	0.0131	0.0045	0.0086	3.2153	0.2134	80.9530	0.1899	0.1810	3.1426	26.1854	7.7246	124.9631	0.0031	0.0044	0.0012	0.0060	0.0066	0.0001	0.0009	0.0001	0.0013
23	101	0.7396	12	0	0	0	1	0	0	0	0	N	N	N	N	N	N	N	N	N	N	N	N	0.0010	0.0000	1.6333	0.0001	0.0000	2.8808	0.1010	0.0000	1.9074	0.0004	0.0000	0.0044	0.0000	0.0000	0.0003	0.0008	0.0000	0.0060	0.4252	0.5965	0.0027	0.3742	0.4466	0.0001	0.0078	0.0088	0.0031	113.0332	0.0351	0.0001	-0.0009	2.8591	18.4780	0.9679	12.4520	0.0001	0.0000	0.0001	0.0000	0.0000	0.0000	0.0001	0.0000	0.0001	0.0015	0.0014	0.0000	0.0014	0.0014	0.0000	0.0001	0.0000	0.0000	0.2309	0.2080	0.0229	0.1045	0.0983	0.0063	0.1264	0.1098	0.0167	0.0478	0.0294	0.0184	0.0187	0.0162	0.0026	0.0291	0.0133	0.0158	0.0144	0.0001	1.6333	0.0004	0.0001	2.8808	0.4236	0.0005	1.9074	0.0307	0.0482	0.0027	0.0756	0.0876	0.0001	0.0019	0.0003	0.0031
23	102	0.3156	8	0	1	0	1	0	0	0	0	N	N	N	N	N	N	N	N	N	N	N	N	0.0051	0.0027	0.6561	0.0096	0.0092	0.0308	0.0345	0.0003	0.8922	0.0010	0.0011	0.0001	0.0024	0.0025	0.0000	0.0000	0.0000	0.0001	0.2028	0.4285	0.0002	0.2505	0.2754	0.0003	0.0006	0.0063	0.0002	0.0102	0.0042	-0.0002	-0.0012	2.8591	34.1922	0.9679	22.4626	0.0006	0.0006	0.0000	0.0006	0.0006	0.0000	0.0000	0.0000	0.0000	0.0019	0.0019	0.0000	0.0019	0.0019	0.0000	0.0000	0.0000	0.0000	0.5760	0.5205	0.0555	0.2464	0.2328	0.0136	0.3296	0.2877	0.0419	0.1220	0.0732	0.0488	0.0325	0.0293	0.0033	0.0895	0.0440	0.0455	0.0662	0.0437	0.6561	0.0412	0.0393	0.0308	0.0964	0.0070	0.8922	0.0157	0.0261	0.0002	0.0583	0.0648	0.0003	0.0002	0.0002	0.0002
23	103	0.2677	7	0	1	0	1	0	0	0	0	N	N	N	N	N	N	N	N	N	N	N	N	0.0073	0.0032	0.4904	0.0065	0.0061	0.9156	0.0720	0.0205	0.6514	0.0016	0.0013	0.0040	0.0022	0.0022	0.0024	0.0013	0.0008	0.0044	0.2202	0.4163	0.0082	0.3330	0.3526	0.0027	0.0180	0.0402	0.0068	0.3596	0.1678	-0.0000	-0.0006	2.8591	22.5884	0.9679	11.0115	0.0006	0.0004	0.0002	0.0003	0.0003	0.0000	0.0003	0.0002	0.0001	0.0012	0.0010	0.0002	0.0010	0.0010	0.0000	0.0002	0.0000	0.0002	0.3542	0.3165	0.0377	0.1269	0.1194	0.0075	0.2273	0.1971	0.0302	0.0733	0.0410	0.0323	0.0145	0.0136	0.0009	0.0588	0.0274	0.0314	0.0974	0.0524	0.7418	0.0312	0.0290	0.9156	0.3789	0.7615	0.8023	0.0166	0.0253	0.0054	0.0697	0.0743	0.0027	0.0034	0.0011	0.0055
23	106	0.4066	12	0	1	0	1	0	0	0	0	N	N	N	N	N	N	N	N	N	N	N	N	7439.7190	11418.8080	11.2900	745.7292	770.6258	inf	15832.9128	inf	0.5220	0.0012	0.0014	0.0000	0.0003	0.0003	0.0000	0.0018	0.0021	0.0000	0.0000	0.0000	0.0000	0.0000	0.0000	0.0000	0.0000	0.0000	0.0000	0.0002	1.4667	-0.0001	-0.0000	2.8591	20.0414	0.9679	7.0324	0.0003	0.0003	0.0000	0.0000	0.0000	0.0000	0.0003	0.0003	0.0000	0.0000	0.0000	0.0000	0.0000	0.0000	0.0000	0.0000	0.0000	0.0000	0.2473	0.2222	0.0251	0.0933	0.0885	0.0048	0.1540	0.1337	0.0203	0.0448	0.0251	0.0198	0.0100	0.0087	0.0013	0.0348	0.0164	0.0184	7439.7190	11418.8080	11.2900	745.7292	770.6258	inf	15832.9128	inf	0.5220	0.0000	0.0000	0.0000	0.0000	0.0000	0.0000	0.0000	0.0000	0.0000
23	107	0.3966	11	0	0	0	1	0	0	0	0	N	N	N	N	N	N	N	N	N	N	N	N	1333.1669	12387.1084	2.3682	7457.5923	9914.3408	6.1492	29.9824	inf	2.1444	0.0126	0.0139	0.0000	0.0276	0.0289	0.0001	0.0006	0.0007	0.0000	0.0000	0.0000	0.0000	0.0000	0.0000	0.0000	0.0000	0.0000	0.0000	0.0004	13.6365	-0.0005	0.0000	2.8591	7.0315	0.9679	1.2144	0.0016	0.0016	0.0000	0.0016	0.0016	0.0000	0.0000	0.0000	0.0000	0.0000	0.0000	0.0000	0.0000	0.0000	0.0000	0.0000	0.0000	0.0000	0.1286	0.1168	0.0118	0.0572	0.0546	0.0026	0.0714	0.0622	0.0092	0.0158	0.0091	0.0067	0.0040	0.0035	0.0005	0.0119	0.0056	0.0062	1333.1669	12387.1084	2.3682	7457.5923	9914.3408	6.1492	52.0384	inf	2.1444	0.0000	0.0000	0.0000	0.0000	0.0000	0.0000	0.0000	0.0000	0.0000
23	108	0.3630	10	0	0	0	1	0	0	0	0	N	N	N	N	N	N	N	N	N	N	N	N	2612.9834	1698.4454	1130.9614	63.9368	61.1987	inf	24350.6610	72.4698	1467.1496	0.0138	0.0154	0.0005	0.0014	0.0015	0.0000	0.0199	0.0228	0.0006	0.0000	0.0000	0.0000	0.0000	0.0000	0.0000	0.0000	0.0003	0.0000	0.0037	0.0344	-0.0008	-0.0000	2.8591	16.2725	0.9679	4.4748	0.0029	0.0029	0.0000	0.0001	0.0001	0.0000	0.0028	0.0028	0.0000	0.0000	0.0000	0.0000	0.0000	0.0000	0.0000	0.0000	0.0000	0.0000	0.2099	0.1874	0.0225	0.0690	0.0648	0.0042	0.1409	0.1227	0.0182	0.0409	0.0238	0.0171	0.0086	0.0077	0.0009	0.0323	0.0161	0.0162	2612.9834	1754.3377	1130.9614	63.9368	61.1987	inf	24350.6610	18361.4274	1467.1496	0.0000	0.0000	0.0000	0.0000	0.0000	0.0000	0.0000	0.0000	0.0000
23	109	0.4158	11	0	1	0	1	0	0	0	0	N	N	N	N	N	N	N	N	N	N	N	N	0.0031	0.0012	0.3589	0.0031	0.0028	0.0000	0.1492	0.0002	0.7240	0.0000	0.0000	0.0000	0.0000	0.0000	0.0000	0.0000	0.0000	0.0000	0.0015	0.0036	0.0000	0.0040	0.0047	0.0002	0.0000	0.0004	0.0000	0.2117	0.0114	-0.0000	-0.0000	2.8591	40.5309	0.9679	14.7974	0.0000	0.0000	0.0000	0.0000	0.0000	0.0000	0.0000	0.0000	0.0000	0.0001	0.0001	0.0000	0.0001	0.0001	0.0000	0.0000	0.0000	0.0000	0.4669	0.4163	0.0505	0.1456	0.1366	0.0091	0.3213	0.2798	0.0415	0.0957	0.0550	0.0407	0.0206	0.0184	0.0022	0.0751	0.0366	0.0385	0.0059	0.0032	0.3589	0.0034	0.0032	0.0000	0.1722	0.0454	0.7240	0.0008	0.0014	0.0000	0.0037	0.0041	0.0002	0.0000	0.0000	0.0000
23	110	0.3899	10	0	1	0	1	0	0	0	0	N	N	N	N	N	N	N	N	N	N	N	N	0.0057	0.0143	0.0279	0.0307	0.0302	0.0000	0.0026	0.0008	0.0397	0.0000	0.0000	0.0002	0.0000	0.0000	0.0000	0.0000	0.0000	0.0003	0.0068	0.0012	0.0078	0.0014	0.0015	0.0003	0.0143	0.0036	0.0067	1.5478	5.5969	0.0000	0.0000	2.8591	13.5236	0.9679	3.5331	0.0000	0.0000	0.0000	0.0000	0.0000	0.0000	0.0000	0.0000	0.0000	0.0001	0.0000	0.0001	0.0000	0.0000	0.0000	0.0001	0.0000	0.0001	0.1761	0.1571	0.0190	0.0569	0.0533	0.0035	0.1193	0.1038	0.0155	0.0366	0.0217	0.0149	0.0092	0.0083	0.0009	0.0274	0.0134	0.0140	0.0156	0.0269	0.0422	0.0307	0.0302	0.0000	0.0131	0.0260	0.0488	0.0025	0.0006	0.0051	0.0014	0.0015	0.0003	0.0028	0.0001	0.0054
23	111	0.3339	9	0	0	0	1	0	0	0	0	N	N	N	N	N	N	N	N	N	N	N	N	0.0153	0.0003	2.7104	0.0000	0.0000	0.0000	0.0222	0.0003	204.6152	0.0105	0.0003	0.0916	0.0000	0.0000	0.0000	0.0149	0.0004	0.1106	0.6830	0.8969	0.0338	0.8112	0.6710	1.2913	0.6706	1.4362	0.0005	40.3645	0.1065	0.0014	-0.0024	2.8591	16.9399	0.9679	15.9768	0.0021	0.0001	0.0020	0.0000	0.0000	0.0000	0.0021	0.0001	0.0020	0.0045	0.0041	0.0004	0.0018	0.0014	0.0004	0.0027	0.0027	0.0000	0.1996	0.1774	0.0222	0.0596	0.0558	0.0038	0.1400	0.1216	0.0184	0.0625	0.0360	0.0265	0.0119	0.0107	0.0012	0.0507	0.0254	0.0253	0.1438	0.0025	5.5574	0.0000	0.0000	0.0000	0.2753	0.0039	204.6152	0.0727	0.1140	0.0165	0.1517	0.1294	0.3454	0.0541	0.1076	0.0005
23	112	0.4383	13	1	1	0	2	0	0	0	0	N	N	N	Y	N	N	N	N	N	N	N	N	0.0000	0.0000	0.0000	0.0000	0.0000	0.0000	0.0000	0.0000	0.0000	0.0000	0.0000	0.0000	0.0000	0.0000	0.0000	0.0000	0.0000	0.0000	0.0000	0.0000	0.0000	0.0000	0.0000	0.0000	0.0000	0.4878	0.0000	-0.0000	2.8591	0.0019	0.9679	1.9928	0.0000	0.0000	0.0000	0.0000	0.0000	0.0000	0.0000	0.0000	0.0000	0.0000	0.0000	0.0000	0.0000	0.0000	0.0000	0.0000	0.0000	0.0000	0.0001	0.0001	0.0000	0.0000	0.0000	0.0000	0.0000	0.0000	0.0000	0.0037	0.0022	0.0015	0.0009	0.0008	0.0001	0.0027	0.0014	0.0014	0.0000	0.0000	0.0000	0.0000	0.0000	0.0000	0.0000	0.0000	0.0000	0.0000	0.0000	0.0000	0.0000	0.0000	0.0000	0.0000	0.0000	0.0000			
23	113	0.4147	12	1	1	0	2	0	0	0	0	N	N	N	Y	N	N	N	N	N	N	N	N	0.0005	0.0006	0.0000	0.0010	0.0009	0.0000	0.0000	0.0000	0.0000	0.0000	0.0000	0.0000	0.0000	0.0000	0.0000	0.0000	0.0000	0.0013	0.0012	0.0008	0.0015	0.0018	0.0000	0.0014	0.0006	0.0009	0.0000	1.0031	-0.0000	-0.0000	2.8591	8.6942	0.9679	6.0502	0.0000	0.0000	0.0000	0.0000	0.0000	0.0000	0.0000	0.0000	0.0000	0.0000	0.0000	0.0000	0.0000	0.0000	0.0000	0.0000	0.0000	0.0000	0.1167	0.1048	0.0119	0.0438	0.0415	0.0023	0.0729	0.0633	0.0096	0.0279	0.0159	0.0120	0.0064	0.0055	0.0009	0.0215	0.0104	0.0111	0.0008	0.0011	0.0000	0.0010	0.0009	0.0000	0.0000	0.0000	0.0000	0.0007	0.0006	0.0008	0.0015	0.0018	0.0000	0.0005	0.0000	0.0009	
23	114	0.4358	16	0	1	0	2	0	0	0	0	N	N	N	Y	N	N	N	N	N	N	N	N	0.0000	0.0000	0.0000	0.0000	0.0000	0.0000	0.0000	0.0000	0.0000	0.0000	0.0000	0.0000	0.0000	0.0000	0.0000	0.0000	0.0000	0.0000	0.0000	0.0000	2.8591	0.0001	0.9679	0.0001	0.0000	0.0000	0.0000	0.0000	0.0000	0.0000	0.0000	0.0000	0.0000	0.0000	0.0000	0.0000	0.0000	0.0000	0.0000	0.0000	0.0000	0.0000	0.0000	0.0000	0.0000	0.0000	0.0000	0.0000	0.0000	0.0000	0.0000	0.0000	0.0000	0.0000	0.0000	0.0000	0.0000	0.0000	0.0000	0.0000	0.0000	0.0000	0.0000	0.0000	0.0000	0.0000	0.0000	0.0000	0.0000	0.0000	0.0000	0.0000	0.0000	0.0000	0.0000	0.0000	0.0000	0.0000											
23	115	0.4291	15	0	1	0	2	0	0	0	0	N	N	N	Y	N	N	N	N	N	N	N	N	0.0000	0.0000	0.0000	0.0000	0.0000	0.0000	0.0000	0.0000	0.0000	0.0000	0.0000	0.0000	0.0000	0.0000	0.0000	0.0000	0.0000	0.0000	0.0000	0.0000	2.8591	3.0007	0.9679	1.0012	0.0000	0.0000	0.0000	0.0000	0.0000	0.0000	0.0000	0.0000	0.0000	0.0000	0.0000	0.0000	0.0000	0.0000	0.0000	0.0000	0.0000	0.0000	0.0369	0.0328	0.0041	0.0116	0.0109	0.0007	0.0253	0.0219	0.0033	0.0074	0.0042	0.0032	0.0016	0.0014	0.0002	0.0058	0.0028	0.0030	0.0000	0.0000	0.0000	0.0000	0.0000	0.0000	0.0000	0.0000	0.0000	0.0000	0.0000	0.0000	0.0000	0.0000	0.0000	0.0000	0.0000	0.0000											
23	116	0.4272	14	0	0	0	2	0	0	0	0	N	N	N	Y	N	N	N	N	N	N	N	N	0.0000	0.0000	0.0000	0.0000	0.0000	0.0000	0.0000	0.0000	0.0000	0.0000	0.0000	0.0000	0.0000	0.0001	0.0000	0.0001	0.0000	0.0000	0.0000	0.0002	0.0000	0.0001	inf	0.0000	0.0000	2.8591	1.1177	0.9679	0.0023	0.0000	0.0000	0.0000	0.0000	0.0000	0.0000	0.0000	0.0000	0.0000	0.0000	0.0000	0.0000	0.0000	0.0000	0.0000	0.0000	0.0000	0.0000	0.0146	0.0130	0.0016	0.0051	0.0048	0.0003	0.0095	0.0082	0.0013	0.0021	0.0012	0.0009	0.0005	0.0004	0.0001	0.0016	0.0008	0.0008	0.0000	0.0000	0.0000	0.0000	0.0000	0.0000	0.0000	0.0000	0.0000	0.0001	0.0000	0.0001	0.0000	0.0000	0.0000	0.0001	0.0000	0.0001						
23	117	0.4242	10	0	1	0	1	0	0	0	0	N	N	N	N	N	N	N	N	N	N	N	N	2.1186	1.2144	0.0025	5.4021	5.1968	0.0672	0.0027	0.0002	0.0011	0.0030	0.0033	0.0000	0.0083	0.0089	0.0000	0.0000	0.0000	0.0000	0.0014	0.0027	0.0002	0.0015	0.0017	0.0000	0.0016	0.0238	0.0002	0.0000	0.1485	-0.0003	-0.0000	2.8591	31.2782	0.9679	23.9277	0.0011	0.0011	0.0000	0.0011	0.0011	0.0000	0.0000	0.0000	0.0000	0.0001	0.0001	0.0000	0.0000	0.0000	0.0000	0.0000	0.0000	0.0000	0.3787	0.3377	0.0410	0.1362	0.1267	0.0095	0.2425	0.2110	0.0315	0.1038	0.0606	0.0432	0.0252	0.0225	0.0027	0.0786	0.0381	0.0405	3.9284	2.9532	0.0025	5.4021	5.1968	0.0672	0.0085	0.0063	0.0011	0.0008	0.0011	0.0002	0.0015	0.0017	0.0000	0.0005	0.0008	0.0002
23	118	0.4272	14	0	0	1	2	0	0	0	0	N	N	N	Y	N	N	N	N	N	N	N	N	0.0000	0.0000	0.0000	0.0000	0.0000	0.0000	0.0000	0.0000	0.0000	0.0000	0.0000	0.0000	0.0000	0.8008	1.0797	0.0000	1.8559	1.9680	0.0000	0.0000	0.0000	0.0000	0.0000	0.0000	-0.0009	2.8591	3.8827	0.9679	2.9998	0.0000	0.0000	0.0000	0.0000	0.0000	0.0000	0.0000	0.0000	0.0000	0.0015	0.0015	0.0000	0.0015	0.0015	0.0000	0.0000	0.0000	0.0000	0.0484	0.0431	0.0053	0.0157	0.0148	0.0010	0.0327	0.0283	0.0043	0.0126	0.0071	0.0055	0.0028	0.0024	0.0004	0.0098	0.0048	0.0051	0.0000	0.0000	0.0000	0.0000	0.0000	0.0000	0.0000	0.0000	0.0000	0.1164	0.2061	0.0000	0.5289	0.6212	0.0000	0.0000	0.0000	0.0000						
23	119	0.4243	13	0	0	0	2	0	0	0	0	N	N	N	Y	N	N	N	N	N	N	N	N	0.0010	0.0005	0.0006	0.0005	0.0000	0.0000	0.0000	0.0000	0.0000	0.0000	0.0000	0.0000	0.0000	0.0000	0.0000	0.0000	0.0001	0.0001	0.0000	0.0000	0.0000	0.0000	0.0000	0.0059	-0.0000	-0.0000	2.8591	2.8083	0.9679	0.0030	0.0000	0.0000	0.0000	0.0000	0.0000	0.0000	0.0000	0.0000	0.0000	0.0000	0.0000	0.0000	0.0000	0.0000	0.0000	0.0000	0.0000	0.0000	0.0441	0.0398	0.0044	0.0176	0.0166	0.0010	0.0266	0.0232	0.0034	0.0052	0.0030	0.0023	0.0012	0.0010	0.0002	0.0041	0.0020	0.0021	0.0010	0.0006	0.0000	0.0006	0.0005	0.0000	0.0000	0.0000	0.0000	0.0000	0.0000	0.0000	0.0001	0.0001	0.0000	0.0000	0.0000	0.0000					
23	120	0.4243	13	0	0	1	2	0	0	0	0	N	N	N	Y	N	N	N	N	N	N	N	N	inf	inf	inf	inf	0.0004	0.0004	0.0000	0.0000	0.0000	0.0000	0.0006	0.0007	0.0000	0.0000	0.0000	0.0000	0.0000	0.0000	0.0000	0.0000	0.0000	0.0000	0.0000	-0.0000	0.0000	2.8591	9.6158	0.9679	0.0030	0.0000	0.0000	0.0000	0.0000	0.0000	0.0000	0.0000	0.0000	0.0000	0.0000	0.0000	0.0000	0.0000	0.0000	0.0000	0.0000	0.0000	0.0000	0.1256	0.1123	0.0133	0.0432	0.0406	0.0026	0.0824	0.0717	0.0107	0.0175	0.0099	0.0076	0.0039	0.0033	0.0006	0.0137	0.0066	0.0070	inf	inf	0.0000	0.0000	0.0000	0.0000	inf	inf	0.0000	0.0000	0.0000	0.0000	0.0000	0.0000	0.0000	0.0000	0.0000	0.0000						
23	121	0.4147	12	0	0	0	2	0	0	0	0	N	N	N	Y	N	N	N	N	N	N	N	N	0.0471	0.0565	0.0000	0.0828	0.0764	0.0007	0.0000	0.0000	0.0000	0.0000	0.0000	0.0000	0.0000	0.0000	0.0000	0.0000	0.0000	0.0000	0.0000	0.0000	0.0000	0.0000	0.0000	0.0000	0.0010	0.0000	0.0000	1.2217	-0.0000	-0.0000	2.8591	4.2457	0.9679	2.0144	0.0000	0.0000	0.0000	0.0000	0.0000	0.0000	0.0000	0.0000	0.0000	0.0000	0.0000	0.0000	0.0000	0.0000	0.0000	0.0000	0.0000	0.0000	0.0637	0.0577	0.0060	0.0277	0.0265	0.0012	0.0361	0.0313	0.0048	0.0127	0.0073	0.0054	0.0031	0.0027	0.0004	0.0096	0.0046	0.0050	0.0471	0.0663	0.0000	0.0828	0.0764	0.0000	0.0013	0.0035	0.0000	0.0000	0.0000	0.0000	0.0000	0.0000	0.0000	0.0000	0.0000	0.0000	
23	122	0.3726	11	0	0	0	2	0	0	0	0	N	N	N	Y	N	N	N	N	N	N	N	N	3.0463	1.4019	0.0000	333.8346	486.3167	0.0000	0.0000	0.0000	0.0000	0.0037	0.0041	0.0000	0.0106	0.0112	0.0000	0.0000	0.0000	0.0000	0.0012	0.0029	0.0000	0.0000	0.0000	0.0001	0.0030	0.0820	0.0000	0.0000	0.0066	-0.0002	-0.0000	2.8591	11.9190	0.9679	13.1740	0.0006	0.0006	0.0000	0.0006	0.0006	0.0000	0.0000	0.0000	0.0000	0.0000	0.0000	0.0000	0.0000	0.0000	0.0000	0.0000	0.0000	0.0000	0.1586	0.1421	0.0165	0.0546	0.0517	0.0028	0.1040	0.0904	0.0137	0.0460	0.0258	0.0202	0.0087	0.0077	0.0011	0.0372	0.0181	0.0191	5.5460	3.4970	0.0000	333.8346	486.3167	0.0000	0.0000	0.0000	0.0000	0.0007	0.0012	0.0000	0.0000	0.0000	0.0001	0.0008	0.0017	0.0000
23	123	0.7995	15	0	0	1	2	0	0	0	0	N	N	N	Y	N	N	N	N	N	N	N	N	0.0000	0.0000	0.0000	0.0000	0.0000	0.0000	0.0000	0.0000	0.0000	0.0000	0.0000	0.0000	0.0000	0.0000	0.0000	0.0000	0.0000	0.0000	0.0000	0.0000	0.0000	0.0000	0.0000	0.0000	inf	0.0000	0.0000	2.8591	12.8936	0.9679	4.1514	0.0000	0.0000	0.0000	0.0000	0.0000	0.0000	0.0000	0.0000	0.0000	0.0000	0.0000	0.0000	0.0000	0.0000	0.0000	0.0000	0.0000	0.0000	0.1550	0.1401	0.0150	0.0724	0.0682	0.0042	0.0826	0.0719	0.0108	0.0215	0.0131	0.0084	0.0082	0.0069	0.0013	0.0133	0.0062	0.0071	0.0000	0.0000	0.0000	0.0000	0.0000	0.0000	0.0000	0.0000	0.0000	0.0000	0.0000	0.0000	0.0000	0.0000	0.0000	0.0000	0.0000	0.0000				
23	124	0.3879	12	0	1	0	1	0	0	0	0	N	N	N	N	N	N	N	N	N	N	N	N	0.0016	0.0001	0.0187	0.0019	0.0002	0.0065	0.0003	0.0000	0.0000	0.0000	0.0000	0.0000	0.0000	0.0000	0.0001	0.0000	0.0000	0.0000	0.0011	0.0008	0.0008	0.0029	0.0015	0.0138	0.0000	0.0006	0.0000	17.4459	1.2538	0.0000	-0.0000	2.8591	12.7386	0.9679	8.7370	0.0000	0.0000	0.0000	0.0000	0.0000	0.0000	0.0000	0.0000	0.0000	0.0000	0.0000	0.0000	0.0000	0.0000	0.0000	0.0000	0.0000	0.0000	0.1617	0.1442	0.0175	0.0497	0.0468	0.0029	0.1120	0.0974	0.0146	0.0411	0.0232	0.0179	0.0086	0.0076	0.0010	0.0326	0.0156	0.0169	0.0027	0.0002	0.0187	0.0019	0.0002	0.0065	0.0006	0.0030	0.0000	0.0006	0.0005	0.0008	0.0029	0.0015	0.0138	0.0000	0.0000	0.0000
23	125	0.3726	11	0	1	0	1	0	0	0	0	N	N	N	N	N	N	N	N	N	N	N	N	0.0011	0.0007	0.0093	0.0022	0.0013	0.2667	0.0001	0.0000	0.0000	0.0000	0.0000	0.0000	0.0000	0.0000	0.0001	0.0000	0.0000	0.0000	0.0030	0.0038	0.0011	0.0040	0.0047	0.0002	0.0026	0.0057	0.0012	0.4673	0.6013	0.0000	-0.0000	2.8591	8.6431	0.9679	1.4782	0.0000	0.0000	0.0000	0.0000	0.0000	0.0000	0.0000	0.0000	0.0000	0.0000	0.0000	0.0000	0.0000	0.0000	0.0000	0.0000	0.0000	0.0000	0.1209	0.1086	0.0123	0.0439	0.0418	0.0021	0.0770	0.0668	0.0102	0.0196	0.0110	0.0086	0.0039	0.0035	0.0005	0.0157	0.0076	0.0081	0.0025	0.0017	0.0093	0.0024	0.0015	0.2667	0.0003	0.0009	0.0000	0.0013	0.0014	0.0011	0.0037	0.0041	0.0002	0.0007	0.0002	0.0012
23	126	0.3630	10	0	0	0	1	0	0	0	0	N	N	N	N	N	N	N	N	N	N	N	N	0.1796	0.1121	0.0000	0.1755	0.1787	0.0000	0.0097	0.0001	0.0000	0.0000	0.0000	0.0000	0.0000	0.0000	0.0000	0.0000	0.0000	0.0000	0.0000	0.0000	0.0000	0.0000	0.0000	0.0000	0.0000	0.0010	0.0000	0.0000	0.1076	-0.0000	-0.0000	2.8591	4.1618	0.9679	2.0491	0.0000	0.0000	0.0000	0.0000	0.0000	0.0000	0.0000	0.0000	0.0000	0.0000	0.0000	0.0000	0.0000	0.0000	0.0000	0.0000	0.0000	0.0000	0.0693	0.0625	0.0068	0.0276	0.0261	0.0016	0.0416	0.0364	0.0053	0.0150	0.0094	0.0056	0.0039	0.0036	0.0003	0.0112	0.0058	0.0053	0.1796	0.1382	0.0000	0.1755	0.1787	0.0000	0.0101	0.0077	0.0000	0.0000	0.0000	0.0000	0.0000	0.0000	0.0000	0.0000	0.0000	0.0000
23	127	0.3339	9	0	0	0	1	0	0	0	0	N	N	N	N	N	N	N	N	N	N	N	N	0.0000	0.0000	0.0000	0.0000	0.0000	0.0000	9.2019	inf	0.0000	0.0000	0.0000	0.0000	0.0000	0.0000	0.0000	0.0000	0.0000	0.0000	0.2219	0.4556	0.0000	0.3867	0.4359	0.0000	0.0000	0.0000	0.0000	0.0000	0.0000	-0.0000	-0.0004	2.8591	9.4810	0.9679	7.4917	0.0000	0.0000	0.0000	0.0000	0.0000	0.0000	0.0000	0.0000	0.0000	0.0006	0.0006	0.0000	0.0006	0.0006	0.0000	0.0000	0.0000	0.0000	0.1139	0.1012	0.0128	0.0342	0.0320	0.0022	0.0797	0.0692	0.0106	0.0357	0.0213	0.0144	0.0076	0.0069	0.0008	0.0280	0.0144	0.0137	0.0000	0.0000	0.0000	0.0000	0.0000	0.0000	9.2019	inf	0.0000	0.0166	0.0279	0.0000	0.0776	0.0862	0.0000	0.0000	0.0000	0.0000
23	128	0.8117	16	1	1	0	1	0	0	0	0	N	N	N	N	N	N	N	N	N	N	N	N	0.0000	0.0000	0.0000	0.0000	0.0000	0.0000	0.0000	0.0000	0.0000	0.0000	0.0000	0.0000	0.0000	0.0000	0.0000	0.0000	0.0000	0.0000	0.0000	0.0000	0.0000	0.0000	0.0000	0.0000	-0.0000	2.8591	2.0107	0.9679	1.9995	0.0000	0.0000	0.0000	0.0000	0.0000	0.0000	0.0000	0.0000	0.0000	0.0000	0.0000	0.0000	0.0000	0.0000	0.0000	0.0000	0.0000	0.0000	0.0229	0.0206	0.0023	0.0106	0.0100	0.0006	0.0123	0.0106	0.0017	0.0048	0.0029	0.0019	0.0019	0.0016	0.0003	0.0029	0.0013	0.0016	0.0000	0.0000	0.0000	0.0000	0.0000	0.0000	0.0000	0.0000	0.0000	0.0000	0.0000	0.0000	0.0000	0.0000	0.0000	0.0000	0.0000	0.0000						
23	129	0.7995	15	1	1	0	1	0	0	0	0	N	N	N	N	N	N	N	N	N	N	N	N	0.0000	0.0000	0.0000	0.0000	0.0000	0.0000	0.0000	0.0000	0.0000	0.0000	0.0000	0.0000	0.0000	0.0000	0.0000	0.0000	0.0000	0.0001	0.0000	0.0000	0.0000	0.0001	0.0000	0.0001	inf	0.0000	0.0000	2.8591	5.6459	0.9679	1.1399	0.0000	0.0000	0.0000	0.0000	0.0000	0.0000	0.0000	0.0000	0.0000	0.0000	0.0000	0.0000	0.0000	0.0000	0.0000	0.0000	0.0000	0.0000	0.0750	0.0681	0.0070	0.0374	0.0353	0.0021	0.0376	0.0328	0.0049	0.0088	0.0053	0.0034	0.0033	0.0028	0.0005	0.0054	0.0025	0.0029	0.0000	0.0000	0.0000	0.0000	0.0000	0.0000	0.0000	0.0000	0.0000	0.0000	0.0000	0.0001	0.0000	0.0000	0.0000	0.0000	0.0000	0.0001				
23	130	0.7692	14	0	0	0	1	0	0	0	0	N	N	N	N	N	N	N	N	N	N	N	N	0.0000	0.0000	0.0000	0.0000	0.0000	0.0000	0.0000	0.0000	0.0000	0.0000	0.0000	0.0000	0.0000	0.0000	0.0000	0.0000	0.0000	0.0000	0.0002	0.0000	0.0006	0.0005	0.0000	0.0045	0.0001	0.0001	0.0001	30.3407	0.0000	0.0000	2.8591	11.6079	0.9679	5.3766	0.0000	0.0000	0.0000	0.0000	0.0000	0.0000	0.0000	0.0000	0.0000	0.0000	0.0000	0.0000	0.0000	0.0000	0.0000	0.0000	0.0000	0.0000	0.1644	0.1490	0.0154	0.0827	0.0776	0.0051	0.0817	0.0714	0.0103	0.0294	0.0181	0.0113	0.0117	0.0104	0.0013	0.0177	0.0076	0.0100	0.0000	0.0000	0.0000	0.0000	0.0000	0.0000	0.0000	0.0000	0.0000	0.0002	0.0000	0.0006	0.0005	0.0000	0.0045	0.0000	0.0000	0.0001	
23	131	0.7513	13	0	0	0	1	0	0	0	0	N	N	N	N	N	N	N	N	N	N	N	N	0.0000	0.0000	0.0000	0.0000	0.0000	0.0000	0.0000	0.0000	0.0000	0.0000	0.0000	0.0000	0.0000	0.0000	0.0000	0.0000	0.0000	0.0000	0.3336	0.0013	0.3311	0.1757	0.0011	1.7788	0.0152	0.0013	0.0075	49.3569	0.0000	0.0002	2.8591	3.9355	0.9679	8.7078	0.0000	0.0000	0.0000	0.0000	0.0000	0.0000	0.0000	0.0000	0.0000	0.0006	0.0000	0.0006	0.0006	0.0000	0.0006	0.0000	0.0000	0.0000	0.0634	0.0574	0.0060	0.0311	0.0293	0.0018	0.0322	0.0281	0.0042	0.0291	0.0196	0.0095	0.0127	0.0114	0.0013	0.0164	0.0083	0.0081	0.0000	0.0000	0.0000	0.0000	0.0000	0.0000	0.0000	0.0000	0.0000	0.0223	0.0007	0.0672	0.0473	0.0011	0.4455	0.0030	0.0000	0.0059	
23	132	0.7396	12	0	0	0	1	0	0	0	0	N	N	N	N	N	N	N	N	N	N	N	N	0.0000	0.0000	0.0000	0.0000	0.0001	0.0000	0.0000	0.0000	0.0000	0.0000	0.0000	0.0000	0.0000	0.0000	0.0000	0.0000	0.0000	0.0000	0.3486	0.0229	0.2315	0.2164	0.0129	1.5385	0.0080	0.0142	0.0031	0.0000	6.1589	-0.0000	0.0001	2.8591	6.2657	0.9679	3.9760	0.0000	0.0000	0.0000	0.0000	0.0000	0.0000	0.0000	0.0000	0.0000	0.0005	0.0001	0.0004	0.0005	0.0001	0.0004	0.0000	0.0000	0.0000	0.0976	0.0882	0.0094	0.0479	0.0451	0.0028	0.0497	0.0431	0.0066	0.0207	0.0133	0.0074	0.0087	0.0077	0.0010	0.0120	0.0056	0.0065	0.0000	0.0001	0.0000	0.0000	0.0001	0.0000	0.0000	0.0000	0.0000	0.0232	0.0051	0.0558	0.0529	0.0083	0.4133	0.0019	0.0005	0.0031
23	133	0.6623	11	0	0	0	1	0	0	0	0	N	N	N	N	N	N	N	N	N	N	N	N	0.0018	0.0006	0.0005	0.0035	0.0034	0.0006	0.0023	0.0003	0.0000	0.0000	0.0001	0.0000	0.0001	0.0001	0.0000	0.0000	0.0000	0.0000	0.0261	0.0823	0.0021	0.0258	0.0289	0.0066	0.0052	0.0435	0.0014	0.0022	0.1314	-0.0000	-0.0003	2.8591	26.7012	0.9679	18.2690	0.0000	0.0000	0.0000	0.0000	0.0000	0.0000	0.0000	0.0000	0.0000	0.0006	0.0005	0.0001	0.0005	0.0005	0.0000	0.0001	0.0000	0.0000	0.3315	0.2986	0.0329	0.1477	0.1389	0.0089	0.1838	0.1597	0.0241	0.0872	0.0555	0.0316	0.0348	0.0308	0.0039	0.0524	0.0247	0.0277	0.0074	0.0059	0.0005	0.0065	0.0064	0.0006	0.0094	0.0121	0.0000	0.0064	0.0089	0.0021	0.0142	0.0151	0.0066	0.0013	0.0012	0.0014
23	134	0.4242	10	0	0	0	1	0	0	0	0	N	N	N	N	N	N	N	N	N	N	N	N	0.5519	4.7749	0.0015	6.0349	5.8379	0.0709	0.1215	1.1445	0.0015	0.0042	0.0047	0.0000	0.0085	0.0091	0.0000	0.0020	0.0023	0.0000	0.0076	0.0010	0.0088	0.0014	0.0016	0.0003	0.0165	0.0020	0.0077	0.0003	7.6295	-0.0008	0.0001	2.8591	61.4372	0.9679	55.8589	0.0028	0.0028	0.0000	0.0019	0.0019	0.0000	0.0009	0.0009	0.0000	0.0005	0.0001	0.0004	0.0001	0.0001	0.0000	0.0004	0.0000	0.0004	0.6623	0.5918	0.0705	0.2232	0.2086	0.0147	0.4391	0.3833	0.0558	0.1809	0.1039	0.0770	0.0394	0.0347	0.0047	0.1415	0.0692	0.0723	1.5312	8.4921	0.0024	6.0349	5.8379	0.0709	0.6411	49.1123	0.0019	0.0027	0.0006	0.0057	0.0014	0.0016	0.0003	0.0031	0.0000	0.0061
23	135	0.3339	9	0	0	0	1	0	0	0	0	N	N	N	N	N	N	N	N	N	N	N	N	0.0474	0.0110	0.9948	0.0033	0.0029	3.4095	1.1774	1.9806	1.0730	0.0015	0.0016	0.0010	0.0003	0.0003	0.0004	0.0020	0.0021	0.0011	0.0320	0.1442	0.0010	0.1055	0.1188	0.0001	0.0017	0.0011	0.0010	0.0764	0.0644	-0.0001	-0.0004	2.8591	31.7621	0.9679	18.5886	0.0005	0.0005	0.0000	0.0000	0.0000	0.0000	0.0005	0.0005	0.0000	0.0006	0.0006	0.0000	0.0006	0.0006	0.0000	0.0000	0.0000	0.0000	0.3605	0.3209	0.0396	0.1067	0.1000	0.0067	0.2538	0.2209	0.0329	0.0899	0.0511	0.0388	0.0162	0.0145	0.0017	0.0737	0.0366	0.0371	0.2161	0.1364	0.9948	0.0095	0.0084	3.4095	3.8521	175.4796	1.0730	0.0070	0.0116	0.0010	0.0366	0.0409	0.0001	0.0005	0.0000	0.0010
24	25	0.4857	12	1	0	1	1	0	0	0	0	N	N	N	N	N	N	N	N	N	N	N	N	215.7459	551.1929	263.9784	474.6252	445.8948	0.6894	42.3063	0.0007	330.6371	0.0030	0.0026	0.0072	0.0051	0.0054	0.0000	0.0012	0.0000	0.0096	0.0000	0.0000	0.0000	0.0000	0.0000	0.0000	0.0000	0.0001	0.0000	0.2833	4.0983	-0.0000	0.0000	6.2936	4.4994	7.0245	1.0731	0.0004	0.0003	0.0001	0.0003	0.0003	0.0000	0.0001	0.0000	0.0001	0.0000	0.0000	0.0000	0.0000	0.0000	0.0000	0.0000	0.0000	0.0000	0.1480	0.1341	0.0139	0.0685	0.0649	0.0036	0.0795	0.0692	0.0103	0.0332	0.0194	0.0139	0.0082	0.0072	0.0010	0.0250	0.0122	0.0128	215.7459	551.1929	263.9784	474.6252	445.8948	0.6894	82.2808	0.2106	330.6371	0.0000	0.0000	0.0000	0.0000	0.0000	0.0000	0.0000	0.0000	0.0000
24	26	0.3732	10	0	1	0	1	0	0	0	0	N	N	N	N	N	N	N	N	N	N	N	N	0.0006	0.0004	0.0000	0.1022	0.0870	0.0000	0.0000	0.0000	0.0000	0.0044	0.0049	0.0000	0.0123	0.0133	0.0000	0.0000	0.0000	0.0000	7.7977	13.4569	0.0008	0.1207	0.1526	0.0002	10.0579	20.2094	0.0008	0.0000	0.0000	-0.0004	-0.6264	6.2936	12.3098	7.0245	9.0087	0.0015	0.0015	0.0000	0.0015	0.0015	0.0000	0.0000	0.0000	0.0000	0.9970	0.9969	0.0000	0.0012	0.0012	0.0000	0.9958	0.9958	0.0000	0.3385	0.3008	0.0377	0.1200	0.1115	0.0085	0.2185	0.1893	0.0292	0.1279	0.0741	0.0538	0.0288	0.0248	0.0040	0.0990	0.0493	0.0497	0.0006	0.0004	0.0000	0.3086	0.2859	0.0000	0.0000	0.0000	0.0000	7.7977	13.4569	0.0008	0.0400	0.0464	0.0002	10.0579	20.2094	0.0008
24	27	0.3500	9	0	1	0	1	0	0	0	0	N	N	N	N	N	N	N	N	N	N	N	N	0.0002	0.2464	0.0000	0.0001	0.2316	0.0000	0.0251	0.0618	0.0000	0.0004	0.0004	0.0000	0.0004	0.0004	0.0000	0.0004	0.0004	0.0000	1.6672	0.0017	7.3007	6.6959	0.0018	78.2947	0.0148	0.0070	0.0069	0.0002	3530.1542	-0.0001	0.1568	6.2936	25.8727	7.0245	15.5187	0.0003	0.0003	0.0000	0.0001	0.0001	0.0000	0.0002	0.0002	0.0000	0.4223	0.0001	0.4221	0.4217	0.0001	0.4216	0.0006	0.0000	0.0005	0.6833	0.6101	0.0731	0.2321	0.2184	0.0137	0.4511	0.3917	0.0594	0.2551	0.1489	0.1061	0.0630	0.0523	0.0107	0.1921	0.0967	0.0954	0.0002	0.5274	0.0000	0.0001	0.2316	0.0000	0.1292	1.5636	0.0000	1.6556	0.0008	3.9782	6.6959	0.0018	39.3924	0.0029	0.0003	0.0055
24	28	0.4024	11	1	1	0	1	0	0	0	0	N	N	N	N	N	N	N	N	N	N	N	N	83.6086	1224.2670	3.3940	756.8118	1980.2246	0.0011	35.3659	80.3627	5.3685	0.9558	1.0624	0.0472	1.0648	1.1237	0.0000	0.8918	1.0229	0.0579	0.0114	0.0009	0.0139	0.0014	0.0006	0.0071	0.0252	0.0127	0.0108	0.0052	11.2833	-0.2731	0.0003	6.2936	38.1974	7.0245	14.3032	0.9687	0.9637	0.0050	0.3993	0.3993	0.0000	0.5694	0.5644	0.0050	0.0010	0.0001	0.0009	0.0001	0.0000	0.0001	0.0009	0.0000	0.0009	1.0135	0.9071	0.1064	0.3750	0.3553	0.0197	0.6385	0.5518	0.0867	0.2797	0.1607	0.1190	0.0656	0.0571	0.0085	0.2141	0.1036	0.1105	265.0042	2079.0513	6.0557	756.8118	1980.2246	0.0011	208.3300	2131.6604	7.3751	0.0036	0.0005	0.0078	0.0014	0.0006	0.0071	0.0043	0.0005	0.0078
24	29	0.3801	11	0	1	0	1	0	0	0	0	N	N	N	N	N	N	N	N	N	N	N	N	0.0000	0.0000	0.0000	0.0000	0.0000	0.0000	0.0000	0.0000	0.0000	0.0000	0.0000	0.0000	0.0000	0.0000	0.0000	0.0000	0.0000	1.1407	0.0790	4.0203	0.0609	0.0621	0.0369	1.3454	0.0000	4.2573	114.8759	0.0000	0.0219	6.2936	6.0056	7.0245	10.9350	0.0000	0.0000	0.0000	0.0000	0.0000	0.0000	0.0000	0.0000	0.0000	0.0602	0.0005	0.0597	0.0006	0.0005	0.0001	0.0596	0.0000	0.0596	0.1929	0.1716	0.0213	0.0779	0.0723	0.0056	0.1150	0.0994	0.0156	0.1012	0.0589	0.0423	0.0228	0.0195	0.0032	0.0785	0.0394	0.0391	0.0000	0.0000	0.0000	0.0000	0.0000	0.0000	0.0000	0.0000	0.0000	0.5952	0.0088	1.4118	0.0272	0.0266	0.0312	0.7599	0.0000	1.5253		
24	30	0.3079	7	1	1	0	1	0	0	0	0	N	N	N	N	N	N	N	N	N	N	N	N	0.0032	0.0000	0.0212	0.0000	0.0000	0.0000	0.0090	0.0000	3.9701	0.0030	0.0000	0.0338	0.0000	0.0000	0.0000	0.0061	0.0000	0.0483	0.9561	1.1814	1.5949	2.0440	1.6839	17.6766	0.6755	1.3850	0.0122	250.5793	0.4114	0.0019	-0.0211	6.2936	17.1852	7.0245	7.8386	0.0027	0.0000	0.0026	0.0000	0.0000	0.0000	0.0027	0.0000	0.0026	0.0626	0.0444	0.0182	0.0535	0.0359	0.0175	0.0091	0.0084	0.0007	0.8812	0.8030	0.0782	0.4453	0.4218	0.0234	0.4360	0.3812	0.0548	0.2510	0.1627	0.0883	0.0842	0.0771	0.0071	0.1668	0.0856	0.0812	0.0121	0.0000	0.1637	0.0000	0.0000	0.0000	0.1111	0.0003	5.5914	0.2495	0.2727	0.2067	0.6348	0.4659	2.4595	0.0549	0.0987	0.0086
24	31	0.4808	12	0	1	0	1	0	0	0	0	N	N	N	N	N	N	N	N	N	N	N	N	0.7694	9233.0955	0.9900	0.2728	0.5052	0.0002	0.8909	980.4882	1.1239	7.9568	4.4626	36.4214	0.0002	0.0002	0.0000	12.1839	7.0390	45.0496	10.3421	0.0005	36.7910	0.0009	0.0005	0.0035	13.6763	0.0072	40.0837	1.0019	49452.6584	0.4262	0.3674	6.2936	9.9927	7.0245	7.0404	1.9976	0.9979	0.9997	0.0000	0.0000	0.0000	1.9976	0.9979	0.9997	0.9887	0.0000	0.9887	0.0000	0.0000	0.0000	0.9887	0.0000	0.9886	0.2511	0.2236	0.0274	0.0871	0.0818	0.0053	0.1640	0.1418	0.0222	0.0956	0.0557	0.0399	0.0233	0.0205	0.0028	0.0723	0.0352	0.0371	0.7694	12428.8603	1.4705	0.2728	0.5052	0.0002	0.8909	24915.2984	1.6904	10.3421	0.0004	24.7677	0.0009	0.0005	0.0035	13.6763	0.0003	26.6503
24	32	0.4727	11	0	1	0	1	0	0	0	0	N	N	N	N	N	N	N	N	N	N	N	N	0.0180	5.1888	0.0041	0.0002	0.0002	0.0232	113.0367	0.0049	0.0159	0.0166	0.0106	0.0000	0.0000	0.0000	0.0246	0.0264	0.0129	0.8872	0.0032	2.5963	0.0031	0.0038	0.0000	1.0624	0.0002	2.6483	0.0760	247.3244	-0.0004	0.0018	6.2936	3.8146	7.0245	0.9911	0.0017	0.0016	0.0001	0.0000	0.0000	0.0000	0.0017	0.0016	0.0001	0.0050	0.0000	0.0049	0.0000	0.0000	0.0000	0.0049	0.0000	0.0049	0.1066	0.0953	0.0113	0.0376	0.0356	0.0020	0.0691	0.0598	0.0093	0.0276	0.0160	0.0117	0.0065	0.0057	0.0008	0.0211	0.0103	0.0109	0.0888	13.2395	0.0251	0.0002	0.0002	0.0000	0.1053	33410.9138	0.0283	0.1794	0.0013	0.4229	0.0031	0.0035	0.0000	0.2336	0.0000	0.4545	
24	33	0.4727	11	0	1	0	1	0	0	0	0	N	N	N	N	N	N	N	N	N	N	N	N	inf	inf	inf	inf	inf	inf	inf	inf	inf	0.0456	0.0004	0.4164	0.0001	0.0001	0.0008	0.0686	0.0006	0.5105	0.0000	0.0000	0.0000	0.0000	0.0000	0.0000	0.0000	0.0000	0.0000	122.5123	0.0191	0.0000	6.2936	24.4476	7.0245	5.0002	0.0271	0.0002	0.0269	0.0000	0.0000	0.0000	0.0271	0.0002	0.0269	0.0000	0.0000	0.0000	0.0000	0.0000	0.0000	0.0000	0.0000	0.0000	0.5957	0.5310	0.0646	0.2005	0.1886	0.0119	0.3952	0.3425	0.0527	0.1607	0.0929	0.0678	0.0376	0.0328	0.0048	0.1231	0.0601	0.0630	inf	inf	inf	inf	inf	inf	inf	inf	inf	0.0000	0.0000	0.0000	0.0000	0.0000	0.0000	0.0000	0.0000	0.0000	
24	34	0.4485	9	0	1	1	2	0	0	0	0	N	N	N	Y	N	N	N	N	N	N	N	N	23.7978	10.6353	1.5971	8.7114	8.1818	0.0000	2.0478	inf	2.1893	0.0063	0.0067	0.0000	0.0088	0.0090	0.0000	0.0000	0.0000	0.0000	0.0003	0.0006	0.0000	0.0010	0.0011	0.0000	0.0000	0.0000	0.0000	0.0001	0.0129	-0.0001	-0.0000	6.2936	1.3124	7.0245	1.0060	0.0005	0.0005	0.0000	0.0005	0.0005	0.0000	0.0000	0.0000	0.0000	0.0000	0.0000	0.0000	0.0000	0.0000	0.0000	0.0000	0.0000	0.0000	0.0770	0.0729	0.0041	0.0550	0.0538	0.0012	0.0221	0.0191	0.0030	0.0160	0.0094	0.0067	0.0039	0.0036	0.0003	0.0122	0.0058	0.0063	25.3593	15.8605	1.5971	8.7114	8.1818	0.0000	2.0478	inf	2.1893	0.0002	0.0004	0.0000	0.0010	0.0011	0.0000	0.0000	0.0000	0.0000
24	35	0.3172	8	0	0	0	2	0	0	0	0	N	N	N	Y	N	N	N	N	N	N	N	N	0.2481	18.2505	0.5924	0.2496	28.0262	0.0000	1.7117	0.2831	25.5962	0.0249	0.0238	0.0345	0.0621	0.0661	0.0001	0.0054	0.0000	0.0431	0.1003	0.0013	0.0582	0.2489	0.0024	2.7548	0.0032	0.0001	0.0017	0.1663	27.9621	-0.0052	0.0015	6.2936	53.2438	7.0245	16.6757	0.0357	0.0306	0.0051	0.0306	0.0306	0.0000	0.0051	0.0000	0.0051	0.0045	0.0002	0.0043	0.0042	0.0002	0.0040	0.0003	0.0000	0.0003	1.4336	1.2860	0.1477	0.4923	0.4626	0.0298	0.9413	0.8234	0.1179	0.4023	0.2287	0.1736	0.0721	0.0651	0.0070	0.3302	0.1636	0.1667	2.2500	35.4098	1.3922	1.0739	28.0262	0.0002	6.3780	90.6021	25.5962	0.0111	0.0007	0.0247	0.0578	0.0024	0.5771	0.0009	0.0000	0.0017
24	36	0.3486	10	0	1	0	1	0	0	0	0	N	N	N	N	N	N	N	N	N	N	N	N	0.0007	18.4814	0.0001	0.0000	1.1983	0.0000	0.0055	6.2182	0.0053	0.0006	0.0006	0.0002	0.0001	0.0001	0.0000	0.0009	0.0010	0.0002	0.8339	0.0000	2.2239	2.0309	0.0001	29.3273	0.1576	0.0002	0.0437	0.0348	9332.5016	-0.0001	0.0088	6.2936	17.9460	7.0245	11.6991	0.0003	0.0003	0.0000	0.0000	0.0000	0.0000	0.0003	0.0003	0.0000	0.0238	0.0000	0.0238	0.0222	0.0000	0.0222	0.0016	0.0000	0.0016	0.5423	0.4865	0.0558	0.2171	0.2042	0.0129	0.3252	0.2823	0.0429	0.1756	0.0999	0.0757	0.0354	0.0305	0.0049	0.1402	0.0694	0.0708	0.0041	23.3172	0.0006	0.0001	1.1983	0.0000	0.0743	1870.4684	0.0102	0.1355	0.0000	0.3141	0.6259	0.0001	4.5224	0.0116	0.0000	0.0229
24	37	0.8040	15	1	1	0	1	0	0	0	0	N	N	N	N	N	N	N	N	N	N	N	N	inf	inf	inf	inf	0.0000	0.0000	0.0000	0.0000	0.0000	0.0000	0.0000	0.0000	0.0000	0.0000	0.0000	0.0000	0.0000	0.0000	0.0000	0.0000	0.0000	0.0000	0.1538	-0.0000	0.0000	6.2936	1.9903	7.0245	0.0021	0.0000	0.0000	0.0000	0.0000	0.0000	0.0000	0.0000	0.0000	0.0000	0.0000	0.0000	0.0000	0.0000	0.0000	0.0000	0.0000	0.0000	0.0000	0.0487	0.0437	0.0050	0.0221	0.0208	0.0013	0.0265	0.0229	0.0037	0.0082	0.0050	0.0032	0.0034	0.0029	0.0005	0.0048	0.0021	0.0026	inf	inf	0.0000	inf	inf	0.0000	0.0000	0.0000	0.0000	0.0000	0.0000	0.0000	0.0000	0.0000	0.0000	0.0000	0.0000	0.0000						
24	38	0.3172	8	0	1	0	2	0	0	0	0	N	N	N	Y	N	N	N	N	N	N	N	N	1.4084	52.4592	13.4091	0.9272	103.9835	0.0001	29.6790	0.0145	498.0640	0.1829	0.1028	0.8832	0.2599	0.2766	0.0002	0.1405	0.0001	1.1168	0.1298	0.0020	0.0659	0.2803	0.0027	3.3535	0.0047	0.0039	0.0022	0.9820	23.9265	0.0489	0.0015	6.2936	45.5232	7.0245	15.8903	0.2350	0.1185	0.1164	0.1185	0.1185	0.0000	0.1164	0.0000	0.1164	0.0045	0.0002	0.0043	0.0042	0.0002	0.0040	0.0004	0.0000	0.0003	1.2848	1.1530	0.1318	0.4560	0.4284	0.0276	0.8288	0.7246	0.1042	0.3646	0.2080	0.1566	0.0672	0.0609	0.0063	0.2974	0.1471	0.1503	14.7334	117.8144	31.8327	4.1888	103.9835	0.0003	117.2170	0.4260	498.0640	0.0124	0.0009	0.0277	0.0620	0.0027	0.6400	0.0012	0.0001	0.0022
24	39	0.2901	7	0	0	0	2	0	0	0	0	N	N	N	Y	N	N	N	N	N	N	N	N	0.0011	0.0018	0.0006	0.0009	0.0036	0.0000	0.0458	0.0004	0.9794	0.0012	0.0011	0.0022	0.0026	0.0028	0.0002	0.0004	0.0000	0.0029	1.0761	0.6176	3.5605	3.0108	0.7818	68.8314	0.0083	0.0252	0.0029	0.2336	14.0319	-0.0001	0.0188	6.2936	13.8166	7.0245	4.5847	0.0006	0.0005	0.0001	0.0005	0.0005	0.0000	0.0001	0.0000	0.0001	0.0617	0.0041	0.0576	0.0615	0.0041	0.0574	0.0002	0.0000	0.0002	0.4792	0.4294	0.0498	0.1825	0.1707	0.0118	0.2967	0.2587	0.0380	0.1362	0.0779	0.0583	0.0299	0.0268	0.0031	0.1063	0.0511	0.0552	0.0027	0.0211	0.0023	0.0013	0.0184	0.0000	0.1964	0.0125	0.9794	0.4529	0.0527	0.9881	2.0571	0.1515	18.6448	0.0019	0.0008	0.0029
24	40	0.3222	7	0	0	1	1	0	0	0	0	N	N	N	N	N	N	N	N	N	N	N	N	157.1418	248.9392	847.0883	5556.9080	237.2292	73495.2446	0.3698	4.4263	3.4880	0.7016	0.0326	4.9332	1.9342	0.0816	30.0506	0.0036	0.0009	0.0161	0.0045	0.0001	0.0058	0.0003	0.0003	0.0004	0.0099	0.0002	0.0046	23.9105	21.7361	0.1919	0.0001	6.2936	12.6411	7.0245	7.4648	0.2852	0.0114	0.2737	0.2843	0.0112	0.2730	0.0009	0.0002	0.0007	0.0003	0.0000	0.0002	0.0000	0.0000	0.0000	0.0002	0.0000	0.0002	0.4065	0.3510	0.0555	0.1470	0.1379	0.0091	0.2596	0.2132	0.0464	0.1462	0.0880	0.0582	0.0350	0.0328	0.0022	0.1112	0.0552	0.0560	398.6380	253.5276	1167.8715	5556.9080	237.2292	73495.2446	1.6537	1285.5742	3.6767	0.0018	0.0001	0.0042	0.0003	0.0003	0.0004	0.0022	0.0000	0.0044
24	41	0.7916	13	0	1	0	1	0	0	0	0	N	N	N	N	N	N	N	N	N	N	N	N	0.3019	0.2054	39.7624	0.0005	0.0005	0.0111	259.3591	20.2827	47.7355	1.9063	2.1246	0.0895	0.0085	0.0090	0.0000	3.1018	3.5696	0.1155	6.3140	10.3437	0.0023	15.6017	17.9982	0.0012	0.0120	0.1760	0.0024	0.0051	0.0001	-0.2814	-0.6140	6.2936	22.0894	7.0245	9.3639	0.9976	0.9926	0.0050	0.0017	0.0017	0.0000	0.9959	0.9909	0.0050	0.9774	0.9772	0.0001	0.9771	0.9771	0.0000	0.0002	0.0001	0.0001	0.5233	0.4672	0.0561	0.2022	0.1896	0.0126	0.3211	0.2776	0.0435	0.1548	0.0945	0.0603	0.0626	0.0543	0.0083	0.0922	0.0402	0.0520	0.3019	0.2054	39.7624	0.0005	0.0005	0.0111	1269.2594	1442.2040	47.7355	6.3140	10.3437	0.0023	15.6017	17.9982	0.0012	0.0024	0.0025	0.0024
24	42	0.2901	7	0	1	0	1	0	0	0	0	N	N	N	N	N	N	N	N	N	N	N	N	0.9883	6.8970	0.0004	0.0021	0.8281	0.0000	3.1014	2.1246	0.0145	0.8785	0.9849	0.0009	0.0049	0.0052	0.0000	1.2610	1.4443	0.0011	0.8890	0.1428	2.4883	2.3735	0.0063	44.1601	0.4066	0.6798	0.0754	0.0001	27.1500	-0.2874	0.0219	6.2936	43.3975	7.0245	17.3745	1.0012	1.0011	0.0001	0.0017	0.0017	0.0000	0.9995	0.9994	0.0001	0.0650	0.0023	0.0627	0.0579	0.0003	0.0577	0.0071	0.0020	0.0051	1.1397	1.0165	0.1232	0.3470	0.3245	0.0225	0.7926	0.6920	0.1007	0.3571	0.2002	0.1569	0.0596	0.0528	0.0068	0.2976	0.1475	0.1501	4.8237	85.3550	0.0022	0.0050	1.0520	0.0000	52.7309	103.9256	0.0324	0.1821	0.0115	0.3999	0.9726	0.0049	8.4968	0.0239	0.0139	0.0338
24	43	0.7218	12	1	0	1	1	0	0	0	0	N	N	N	N	N	N	N	N	N	N	N	N	0.0606	0.0314	0.0000	0.0910	0.0777	22.4657	1.8860	0.0000	0.0002	0.0002	0.0000	0.0003	0.0004	0.0000	0.0000	0.0001	0.0000	0.0031	0.0067	0.0000	0.0036	0.0045	0.0000	0.0000	0.0000	0.0000	0.0000	0.0009	-0.0000	-0.0001	6.2936	18.2331	7.0245	4.4208	0.0001	0.0001	0.0000	0.0001	0.0001	0.0000	0.0000	0.0000	0.0000	0.0001	0.0001	0.0000	0.0001	0.0001	0.0000	0.0000	0.0000	0.0000	0.4849	0.4359	0.0490	0.2458	0.2296	0.0162	0.2391	0.2063	0.0328	0.1046	0.0640	0.0406	0.0402	0.0349	0.0054	0.0644	0.0291	0.0353	0.1407	0.0958	0.0000	0.0947	0.0878	0.0000	22.4657	698.0102	0.0000	0.0013	0.0022	0.0000	0.0035	0.0040	0.0000	0.0000	0.0000	0.0000	
24	44	0.7816	12	0	1	0	2	0	0	0	0	N	N	N	Y	N	N	N	N	N	N	N	N	0.0052	0.0031	0.0000	0.0181	0.0148	0.0002	0.0398	0.0020	0.0000	0.0013	0.0014	0.0000	0.0023	0.0025	0.0000	0.0004	0.0004	0.0000	0.2404	0.4523	0.0014	0.1298	0.1695	0.0005	0.0093	0.2102	0.0015	0.0000	0.0309	-0.0005	-0.0039	6.2936	62.5878	7.0245	29.9840	0.0019	0.0019	0.0000	0.0016	0.0016	0.0000	0.0003	0.0003	0.0000	0.0066	0.0064	0.0002	0.0061	0.0061	0.0000	0.0005	0.0003	0.0002	1.4694	1.3236	0.1458	0.6611	0.6196	0.0416	0.8083	0.7040	0.1043	0.3755	0.2301	0.1454	0.1458	0.1242	0.0216	0.2297	0.1059	0.1237	0.0722	0.0507	0.0000	0.0564	0.0513	0.0002	0.1762	0.1515	0.0000	0.0175	0.0276	0.0014	0.0416	0.0488	0.0005	0.0021	0.0028	0.0015
24	45	0.7218	12	1	0	1	1	0	0	0	0	N	N	N	N	N	N	N	N	N	N	N	N	0.0494	0.0260	0.0000	0.0677	0.0588	0.0000	13.3030	1.8385	0.0000	0.0002	0.0002	0.0000	0.0003	0.0003	0.0000	0.0001	0.0001	0.0000	0.0033	0.0069	0.0000	0.0038	0.0047	0.0000	0.0000	0.0000	0.0000	0.0000	0.0019	-0.0000	-0.0001	6.2936	13.5293	7.0245	3.1702	0.0001	0.0001	0.0000	0.0001	0.0001	0.0000	0.0000	0.0000	0.0000	0.0001	0.0001	0.0000	0.0001	0.0001	0.0000	0.0000	0.0000	0.0000	0.3788	0.3407	0.0382	0.1976	0.1843	0.0133	0.1812	0.1564	0.0249	0.0800	0.0492	0.0308	0.0310	0.0270	0.0040	0.0490	0.0221	0.0268	0.1168	0.0800	0.0000	0.0723	0.0675	0.0000	13.3030	699.6772	0.0000	0.0014	0.0022	0.0000	0.0035	0.0041	0.0000	0.0000	0.0000	0.0000
24	46	0.7173	11	1	0	1	1	0	0	0	0	N	N	N	N	N	N	N	N	N	N	N	N	0.0026	0.0021	2.0533	0.0009	0.0007	184.8691	0.0759	0.0054	0.0106	0.0016	0.0016	0.0009	0.0006	0.0005	0.0020	0.0031	0.0035	0.0000	0.6154	0.7808	0.0004	0.6797	0.7191	0.0000	0.0404	0.6469	0.0005	0.0564	0.0027	-0.0001	-0.0013	6.2936	4.1147	7.0245	1.2946	0.0003	0.0003	0.0000	0.0001	0.0000	0.0000	0.0002	0.0002	0.0000	0.0021	0.0021	0.0000	0.0020	0.0020	0.0000	0.0001	0.0001	0.0000	0.1789	0.1623	0.0167	0.1070	0.0996	0.0074	0.0720	0.0627	0.0093	0.0371	0.0241	0.0130	0.0159	0.0144	0.0015	0.0212	0.0097	0.0115	0.0277	0.0188	2.0533	0.0046	0.0034	184.8691	0.5181	0.2842	0.0106	0.0570	0.0876	0.0004	0.1250	0.1380	0.0000	0.0059	0.0124	0.0005
24	47	0.6547	10	1	0	0	1	0	0	0	0	N	N	N	N	N	N	N	N	N	N	N	N	4.3902	3.4191	2.0324	0.1178	0.0830	2.8495	6.9237	3.0960	0.0006	1.5871	1.7637	0.0073	0.0062	0.0049	0.0273	2.8534	3.2897	0.0000	0.3615	0.5159	0.0036	0.0528	0.0585	0.0096	0.4121	1.0626	0.0024	0.0005	0.0490	-0.2785	-0.0035	6.2936	22.0103	7.0245	13.6452	0.9713	0.9709	0.0004	0.0017	0.0012	0.0004	0.9696	0.9696	0.0000	0.0061	0.0058	0.0003	0.0024	0.0023	0.0001	0.0036	0.0035	0.0002	0.6120	0.5505	0.0615	0.2722	0.2557	0.0165	0.3398	0.2948	0.0451	0.2493	0.1634	0.0859	0.1014	0.0904	0.0110	0.1479	0.0730	0.0749	65.2502	49.8395	2.2178	0.2600	0.1894	2.8495	115.9417	69.3328	0.0006	0.0243	0.0354	0.0033	0.0239	0.0257	0.0096	0.0246	0.0474	0.0024
24	48	0.3222	7	0	1	0	1	0	0	0	0	N	N	N	N	N	N	N	N	N	N	N	N	266.0783	125.6661	66914.2567	300.2927	289.3603	inf	28190.0965	inf	77012.1718	1.8552	2.0823	0.4200	4.9610	5.2876	0.0039	0.0925	0.0032	0.5016	0.0070	0.0166	0.0000	0.0165	0.0183	0.0000	0.0000	0.0000	0.0000	0.0319	0.0010	-0.1922	-0.0002	6.2936	12.3962	7.0245	3.7178	0.7502	0.7270	0.0232	0.7264	0.7263	0.0000	0.0239	0.0007	0.0232	0.0003	0.0003	0.0000	0.0003	0.0003	0.0000	0.0000	0.0000	0.0000	0.4044	0.3492	0.0553	0.1464	0.1374	0.0091	0.2580	0.2118	0.0462	0.1233	0.0749	0.0484	0.0306	0.0288	0.0018	0.0927	0.0461	0.0466	728.2866	496.8390	66914.2567	483.5746	484.5603	inf	28190.0965	inf	77012.1718	0.0025	0.0042	0.0000	0.0103	0.0109	0.0000	0.0000	0.0000	0.0000
24	49	0.2933	6	0	0	0	1	0	0	0	0	N	N	N	N	N	N	N	N	N	N	N	N	338.1490	298.0156	995.8575	625.4404	625.6576	872.6074	7.2055	14.8968	56.9859	2.4415	2.3794	2.8771	5.7732	5.2833	13.0561	0.0392	0.0180	0.1434	0.0072	0.0080	0.0029	0.0092	0.0084	0.0150	0.0054	0.0012	0.0025	0.1723	0.8550	-0.1961	-0.0001	6.2936	14.4870	7.0245	5.8627	1.3991	1.1935	0.2057	1.3861	1.1885	0.1976	0.0131	0.0050	0.0081	0.0004	0.0002	0.0002	0.0003	0.0002	0.0000	0.0002	0.0000	0.0002	0.5731	0.5016	0.0715	0.2401	0.2250	0.0151	0.3330	0.2766	0.0564	0.1592	0.0926	0.0666	0.0385	0.0365	0.0020	0.1206	0.0560	0.0646	930.6915	978.3541	995.8575	875.4790	860.9227	872.6074	28.9384	1153.7426	56.9859	0.0026	0.0024	0.0029	0.0066	0.0061	0.0150	0.0014	0.0000	0.0025
24	50	0.4914	13	1	1	1	1	0	0	0	0	N	N	N	N	N	N	N	N	N	N	N	N	0.0000	0.0000	0.0000	0.0000	0.0000	0.0000	0.0000	0.0000	0.0000	0.0000	0.0000	0.0000	0.0000	0.0000	0.0000	0.0000	0.0000	0.0000	0.0000	0.0000	6.2936	0.9856	7.0245	2.8295	0.0000	0.0000	0.0000	0.0000	0.0000	0.0000	0.0000	0.0000	0.0000	0.0000	0.0000	0.0000	0.0000	0.0000	0.0000	0.0000	0.0000	0.0000	0.0252	0.0225	0.0027	0.0088	0.0083	0.0005	0.0164	0.0142	0.0022	0.0216	0.0123	0.0092	0.0052	0.0045	0.0007	0.0164	0.0079	0.0085	0.0000	0.0000	0.0000	0.0000	0.0000	0.0000	0.0000	0.0000	0.0000	0.0000	0.0000	0.0000	0.0000	0.0000	0.0000	0.0000	0.0000	0.0000											
24	51	0.7615	13	1	1	0	1	0	0	0	0	N	N	N	N	N	N	N	N	N	N	N	N	0.0000	0.7382	0.0000	0.0001	1.0814	0.0000	0.0000	0.0001	0.0000	0.0000	0.0000	0.0000	0.0001	0.0001	0.0000	0.0000	0.0000	0.0000	0.6018	0.0000	1.1017	0.6849	0.0001	6.4518	0.0571	0.0007	0.0212	0.0000	2801.2145	-0.0000	0.0023	6.2936	13.3057	7.0245	8.6321	0.0000	0.0000	0.0000	0.0000	0.0000	0.0000	0.0000	0.0000	0.0000	0.0062	0.0000	0.0062	0.0057	0.0000	0.0057	0.0005	0.0000	0.0005	0.3894	0.3521	0.0373	0.1906	0.1787	0.0118	0.1989	0.1734	0.0255	0.1146	0.0711	0.0435	0.0457	0.0398	0.0059	0.0689	0.0313	0.0375	0.0005	0.9223	0.0000	0.0004	1.0814	0.0000	0.0000	0.0131	0.0000	0.0543	0.0000	0.1431	0.1255	0.0001	0.9705	0.0070	0.0000	0.0128
24	54	0.8739	15	0	1	0	2	0	0	0	0	N	N	N	Y	N	N	N	N	N	N	N	N	0.0000	0.0000	0.0000	0.0000	0.0000	0.0000	0.0000	0.0000	0.0000	0.0000	0.0000	0.0000	0.0000	0.0000	0.0000	0.0000	0.0000	0.0000	0.0000	0.0000	6.2936	0.0000	7.0245	0.0000	0.0000	0.0000	0.0000	0.0000	0.0000	0.0000	0.0000	0.0000	0.0000	0.0000	0.0000	0.0000	0.0000	0.0000	0.0000	0.0000	0.0000	0.0000	0.0000	0.0000	0.0000	0.0000	0.0000	0.0000	0.0000	0.0000	0.0000	0.0000	0.0000	0.0000	0.0000	0.0000	0.0000	0.0000	0.0000	0.0000	0.0000	0.0000	0.0000	0.0000	0.0000	0.0000	0.0000	0.0000	0.0000	0.0000	0.0000	0.0000	0.0000	0.0000	0.0000	0.0000	0.0000	0.0000											
24	55	0.0886	2	0	0	0	2	0	0	0	0	N	N	N	Y	N	N	N	N	N	N	N	N	0.3270	0.1590	4212.3498	0.3530	0.3534	0.2563	439.1781	0.0000	4280.2764	0.5946	0.4873	1.3520	2.7690	2.8222	0.0000	0.1983	0.0000	1.3845	1.8181	3.0646	0.0003	7.8448	7.9865	0.0001	0.0005	0.0005	0.0003	0.3930	0.0001	-0.0001	-0.0232	6.2936	1.2825	7.0245	0.1503	0.0296	0.0212	0.0083	0.0212	0.0212	0.0000	0.0083	0.0000	0.0083	0.0369	0.0369	0.0000	0.0369	0.0369	0.0000	0.0000	0.0000	0.0000	0.0498	0.0436	0.0062	0.0077	0.0075	0.0001	0.0421	0.0361	0.0060	0.0203	0.0121	0.0083	0.0047	0.0046	0.0001	0.0156	0.0074	0.0082	0.3270	0.1590	4212.3498	0.3530	0.3534	0.2563	1162.7068	0.0000	4280.2764	1.8181	3.0646	0.0003	7.8448	7.9865	0.0001	0.0002	0.0000	0.0003
24	59	0.8739	15	0	0	0	2	0	0	0	0	N	N	N	Y	N	N	N	N	N	N	N	N	0.0000	0.0000	0.0000	0.0000	0.0000	0.0000	0.0000	0.0000	0.0000	0.0000	0.0000	0.0000	0.0000	0.0000	0.0000	0.0000	0.0000	0.0000	0.0000	0.0000	6.2936	0.0000	7.0245	0.0000	0.0000	0.0000	0.0000	0.0000	0.0000	0.0000	0.0000	0.0000	0.0000	0.0000	0.0000	0.0000	0.0000	0.0000	0.0000	0.0000	0.0000	0.0000	0.0000	0.0000	0.0000	0.0000	0.0000	0.0000	0.0000	0.0000	0.0000	0.0000	0.0000	0.0000	0.0000	0.0000	0.0000	0.0000	0.0000	0.0000	0.0000	0.0000	0.0000	0.0000	0.0000	0.0000	0.0000	0.0000	0.0000	0.0000	0.0000	0.0000	0.0000	0.0000	0.0000	0.0000	0.0000	0.0000											
24	60	0.7965	14	0	0	0	2	0	0	0	0	N	N	N	Y	N	N	N	N	N	N	N	N	0.0003	0.0002	0.1451	0.0003	0.0003	150.3752	0.0001	0.0000	0.0000	0.0020	0.0022	0.0007	0.0052	0.0053	0.0031	0.0000	0.0000	0.0000	7.7662	12.2147	0.0046	17.1937	20.5052	0.0000	0.0696	0.6301	0.0050	0.0351	0.0002	-0.0002	-0.6183	6.2936	19.3360	7.0245	7.9957	0.0009	0.0008	0.0000	0.0009	0.0008	0.0000	0.0000	0.0000	0.0000	0.9843	0.9842	0.0002	0.9838	0.9838	0.0000	0.0005	0.0004	0.0002	0.4275	0.3831	0.0444	0.1661	0.1566	0.0095	0.2614	0.2265	0.0349	0.1267	0.0806	0.0462	0.0572	0.0480	0.0092	0.0695	0.0326	0.0369	0.0003	0.0002	0.1783	0.0003	0.0003	150.3752	0.0005	0.0004	0.0000	7.7662	12.2147	0.0037	17.1937	20.5052	0.0000	0.0078	0.0114	0.0046
24	61	0.4865	12	0	1	1	1	0	0	0	0	N	N	N	N	N	N	N	N	N	N	N	N	0.0003	0.0002	0.0019	1.0729	0.9208	0.0553	0.0001	0.0000	0.0016	0.0047	0.0052	0.0000	0.0116	0.0123	0.0000	0.0009	0.0011	0.0000	13.6615	23.5295	0.0003	0.0108	0.0133	0.0000	18.1452	37.6456	0.0004	0.0000	0.0000	-0.0005	-1.2470	6.2936	14.2360	7.0245	11.9336	0.0017	0.0017	0.0000	0.0015	0.0015	0.0000	0.0002	0.0002	0.0000	1.9845	1.9845	0.0000	0.0003	0.0003	0.0000	1.9843	1.9842	0.0000	0.3631	0.3233	0.0398	0.1275	0.1201	0.0074	0.2356	0.2032	0.0324	0.1453	0.0843	0.0609	0.0359	0.0316	0.0043	0.1094	0.0527	0.0566	0.0003	0.0002	0.0019	1.5280	1.4292	0.0553	0.0001	0.0000	0.0016	13.6615	23.5295	0.0003	0.0076	0.0086	0.0000	18.1452	37.6456	0.0004
24	62	0.4143	12	1	0	1	1	0	0	0	0	N	N	N	N	N	N	N	N	N	N	N	N	139.9999	3527.1667	0.0323	0.5687	27.0624	0.0008	110.0958	196.8810	0.0578	1.4262	1.5968	0.0004	0.0012	0.0013	0.0000	2.2263	2.5774	0.0005	0.0102	0.0005	0.0127	0.0022	0.0000	0.0162	0.0202	0.0131	0.0086	0.0000	16.0342	-0.2846	0.0002	6.2936	28.8660	7.0245	13.2209	0.9913	0.9913	0.0000	0.0003	0.0003	0.0000	0.9910	0.9910	0.0000	0.0007	0.0000	0.0007	0.0001	0.0000	0.0001	0.0006	0.0000	0.0006	0.6951	0.6208	0.0743	0.2500	0.2363	0.0137	0.4451	0.3845	0.0607	0.2126	0.1215	0.0911	0.0459	0.0398	0.0061	0.1667	0.0816	0.0850	426.7960	4650.4407	0.0559	0.5687	27.0624	0.0008	608.3546	5289.8559	0.0744	0.0033	0.0003	0.0073	0.0022	0.0000	0.0162	0.0037	0.0005	0.0067
24	63	0.4116	11	1	1	0	1	0	0	0	0	N	N	N	N	N	N	N	N	N	N	N	N	0.1065	0.0849	1.2140	0.1847	0.2229	0.0000	1.7122	0.0076	26.1743	0.0497	0.0510	0.0395	0.1365	0.1460	0.0000	0.0066	0.0000	0.0490	0.4668	0.6006	0.0325	0.7392	0.6549	0.6830	0.0038	0.0004	0.0019	0.0970	0.2337	-0.0013	-0.0013	6.2936	5.0237	7.0245	8.0282	0.0065	0.0060	0.0006	0.0060	0.0060	0.0000	0.0006	0.0000	0.0006	0.0030	0.0024	0.0006	0.0029	0.0024	0.0005	0.0001	0.0000	0.0001	0.1314	0.1168	0.0146	0.0436	0.0408	0.0028	0.0878	0.0760	0.0118	0.0845	0.0486	0.0359	0.0211	0.0190	0.0022	0.0633	0.0296	0.0337	1.4199	1.0334	2.5309	0.9972	1.1541	0.0000	6.6002	1.7640	26.1743	0.0350	0.0493	0.0156	0.1369	0.1265	0.2269	0.0010	0.0000	0.0019
24	64	0.3486	10	1	1	0	1	0	0	0	0	N	N	N	N	N	N	N	N	N	N	N	N	0.0025	0.0016	0.0001	0.0000	0.0000	0.0000	0.1534	2.3865	0.0078	0.0117	0.0130	0.0002	0.0003	0.0003	0.0000	0.0194	0.0223	0.0003	4.7384	8.1482	1.9130	23.8253	27.0655	27.6108	0.1265	0.0093	0.0378	0.0020	0.0242	-0.0018	-0.6081	6.2936	17.5893	7.0245	19.0270	0.0062	0.0062	0.0000	0.0001	0.0001	0.0000	0.0062	0.0062	0.0000	1.0055	0.9818	0.0238	1.0038	0.9817	0.0220	0.0017	0.0000	0.0017	0.5339	0.4790	0.0548	0.2148	0.2020	0.0127	0.3191	0.2770	0.0421	0.2122	0.1205	0.0917	0.0421	0.0363	0.0059	0.1701	0.0842	0.0859	0.0025	0.0016	0.0009	0.0000	0.0000	0.0000	1.8978	61.0290	0.0149	4.7384	8.1482	0.2590	23.8253	27.0655	3.7628	0.0102	0.0004	0.0199
24	65	0.3423	9	0	1	0	1	0	0	0	0	N	N	N	N	N	N	N	N	N	N	N	N	0.0045	0.0221	0.0041	0.0001	0.0011	0.0000	0.1666	1.9356	1.1890	0.0408	0.0302	0.1319	0.0025	0.0027	0.0003	0.0614	0.0464	0.1596	9.0330	1.3664	32.4337	20.2463	2.4527	96.7804	0.3684	0.0240	0.1342	0.5089	26.5719	0.0001	0.1379	6.2936	1.7566	7.0245	2.8742	0.0023	0.0016	0.0008	0.0001	0.0001	0.0000	0.0023	0.0015	0.0008	0.4113	0.0149	0.3964	0.4107	0.0149	0.3958	0.0006	0.0000	0.0006	0.0575	0.0515	0.0060	0.0201	0.0191	0.0010	0.0373	0.0324	0.0049	0.0455	0.0272	0.0183	0.0203	0.0140	0.0063	0.0252	0.0132	0.0121	0.0045	0.0550	0.0061	0.0001	0.0025	0.0000	2.7371	58.5080	3.4700	9.0330	0.5485	21.6161	20.2463	1.0624	63.2829	0.0224	0.0008	0.0460
24	66	0.4865	12	0	1	0	1	0	0	0	0	N	N	N	N	N	N	N	N	N	N	N	N	0.0025	0.0020	0.0000	0.0032	0.0032	0.0000	1.2299	0.0726	0.0000	0.0012	0.0013	0.0000	0.0024	0.0026	0.0000	0.0005	0.0006	0.0000	0.4598	0.6592	0.0000	0.7515	0.8068	0.0000	0.0004	0.0080	0.0000	0.0000	0.0000	-0.0002	-0.0037	6.2936	21.1811	7.0245	10.1862	0.0006	0.0006	0.0000	0.0004	0.0004	0.0000	0.0002	0.0002	0.0000	0.0059	0.0059	0.0000	0.0059	0.0059	0.0000	0.0000	0.0000	0.0000	0.5239	0.4669	0.0571	0.1825	0.1717	0.0107	0.3415	0.2951	0.0463	0.1714	0.0995	0.0719	0.0421	0.0370	0.0051	0.1293	0.0625	0.0668	0.0339	0.0221	0.0000	0.0173	0.0161	0.0000	3.2469	1.8219	0.0000	0.0344	0.0593	0.0000	0.1397	0.1588	0.0000	0.0002	0.0003	0.0000
24	67	0.4727	11	0	1	0	1	0	0	0	0	N	N	N	N	N	N	N	N	N	N	N	N	0.0012	0.0010	0.0001	0.0419	0.0387	2.2293	0.0015	0.0009	0.0000	0.0010	0.0011	0.0000	0.0001	0.0001	0.0000	0.0014	0.0017	0.0000	0.8123	1.0888	0.0065	0.0018	0.0021	0.0000	0.9803	1.8979	0.0054	0.0001	0.0156	-0.0001	-0.0036	6.2936	7.4253	7.0245	0.9851	0.0002	0.0002	0.0000	0.0000	0.0000	0.0000	0.0002	0.0002	0.0000	0.0059	0.0058	0.0001	0.0000	0.0000	0.0000	0.0059	0.0058	0.0001	0.1958	0.1746	0.0212	0.0674	0.0636	0.0038	0.1283	0.1110	0.0173	0.0480	0.0277	0.0203	0.0113	0.0099	0.0014	0.0367	0.0179	0.0189	0.0078	0.0052	0.0002	0.0419	0.0387	2.2293	0.0089	0.0051	0.0000	0.1230	0.2098	0.0045	0.0018	0.0021	0.0000	0.1602	0.3243	0.0048
24	68	0.2933	6	0	0	1	1	0	0	0	0	N	N	N	N	N	N	N	N	N	N	N	N	9.2288	508.4826	65.2257	793.8479	405.2932	1232.0452	1.8863	9443.2262	2.4670	0.8978	0.4832	3.8156	1.6380	0.5589	17.6730	0.3719	0.4225	0.1210	0.0973	0.0010	0.0585	0.0021	0.0014	0.0143	0.1971	0.0000	0.0490	1.1224	33.6841	0.1272	0.0006	6.2936	15.0354	7.0245	6.2061	0.5264	0.2480	0.2784	0.3989	0.1275	0.2714	0.1274	0.1205	0.0070	0.0018	0.0001	0.0017	0.0001	0.0001	0.0000	0.0017	0.0000	0.0017	0.5863	0.5133	0.0730	0.2436	0.2282	0.0154	0.3427	0.2851	0.0576	0.1645	0.0955	0.0689	0.0394	0.0374	0.0021	0.1250	0.0582	0.0668	82.6248	895.9416	151.5062	793.8479	405.2932	1232.0452	27.2547	3614781.2418	4.7410	0.0109	0.0005	0.0252	0.0021	0.0014	0.0143	0.0136	0.0000	0.0255
24	69	0.2252	5	0	0	0	1	0	0	0	0	N	N	N	N	N	N	N	N	N	N	N	N	5.2159	880.7285	24.9551	3.5467	66.2564	2.8207	10.2671	3696.9866	71.0750	2.1335	1.4798	7.5160	1.6287	0.1680	26.0939	2.3485	2.0862	4.0974	0.4090	0.0017	0.3012	0.4592	0.0025	9.2508	0.2287	0.0006	0.0576	0.6169	64.0636	0.1751	0.0029	6.2936	27.6811	7.0245	13.1592	1.8554	1.1475	0.7079	0.4231	0.0412	0.3819	1.4322	1.1063	0.3259	0.0080	0.0001	0.0079	0.0046	0.0001	0.0045	0.0035	0.0000	0.0035	0.8697	0.7755	0.0942	0.2598	0.2452	0.0146	0.6099	0.5303	0.0795	0.2802	0.1563	0.1240	0.0522	0.0486	0.0036	0.2281	0.1077	0.1204	74.3648	1871.2724	117.7095	18.5547	66.2564	20.8777	154.7241	651347.7083	142.5253	0.0287	0.0008	0.0639	0.0878	0.0025	1.2498	0.0152	0.0000	0.0287
24	71	0.4758	12	1	1	0	1	0	0	0	0	N	N	N	N	N	N	N	N	N	N	N	N	244.0091	2422.5054	0.0000	2265.3174	2295.3610	0.0000	0.0000	0.0001	0.0001	0.0000	0.0002	0.0002	0.0000	0.0000	0.0000	0.0000	0.0000	0.0000	0.0000	0.0000	0.0000	0.0000	0.0000	0.0000	0.0000	0.0000	14.3141	-0.0000	0.0000	6.2936	17.5448	7.0245	6.0013	0.0000	0.0000	0.0000	0.0000	0.0000	0.0000	0.0000	0.0000	0.0000	0.0000	0.0000	0.0000	0.0000	0.0000	0.0000	0.0000	0.0000	0.0000	0.4508	0.4020	0.0488	0.1603	0.1503	0.0100	0.2905	0.2517	0.0388	0.1301	0.0752	0.0549	0.0305	0.0267	0.0038	0.0996	0.0486	0.0511	244.0091	2422.5054	0.0000	2265.3174	2295.3610	0.0000	0.0000	0.0000	0.0000	0.0000	0.0000	0.0000	0.0000	0.0000	0.0000	0.0000	0.0000	0.0000		
24	72	0.5443	15	1	1	1	1	0	0	0	0	N	N	N	N	N	N	N	N	N	N	N	N	0.0000	0.0000	0.0000	0.0000	0.0000	0.0000	0.0000	0.0000	0.0000	0.0000	0.0000	0.0000	0.0000	0.0000	0.0000	0.0000	0.0210	0.0676	0.0000	0.0272	0.0301	0.0000	0.0000	0.0000	0.0000	0.0000	0.0000	-0.0002	6.2936	1.8980	7.0245	2.9698	0.0000	0.0000	0.0000	0.0000	0.0000	0.0000	0.0000	0.0000	0.0000	0.0003	0.0003	0.0000	0.0003	0.0003	0.0000	0.0000	0.0000	0.0000	0.0506	0.0451	0.0055	0.0205	0.0193	0.0012	0.0301	0.0258	0.0043	0.0475	0.0322	0.0154	0.0183	0.0173	0.0009	0.0293	0.0148	0.0144	0.0000	0.0000	0.0000	0.0000	0.0000	0.0000	0.0000	0.0000	0.0000	0.0056	0.0083	0.0000	0.0147	0.0155	0.0000	0.0000	0.0000	0.0000			
24	73	0.5247	14	1	0	1	1	0	0	0	0	N	N	N	N	N	N	N	N	N	N	N	N	0.0001	0.0001	0.0000	0.0001	0.0001	0.0000	0.0000	0.0294	0.0000	0.0001	0.0002	0.0000	0.0003	0.0003	0.0000	0.0000	0.0000	0.0000	1.0221	1.3627	0.0291	2.4339	2.4754	0.0000	0.0592	0.0000	0.0283	0.0000	0.0137	-0.0000	-0.0119	6.2936	3.5853	7.0245	4.3819	0.0000	0.0000	0.0000	0.0000	0.0000	0.0000	0.0000	0.0000	0.0000	0.0194	0.0192	0.0003	0.0192	0.0192	0.0000	0.0003	0.0000	0.0003	0.2025	0.1879	0.0146	0.1067	0.1036	0.0031	0.0957	0.0842	0.0115	0.0554	0.0368	0.0186	0.0183	0.0169	0.0015	0.0371	0.0200	0.0171	0.0004	0.0003	0.0000	0.0003	0.0003	0.0000	0.0001	10.8407	0.0000	0.3508	0.5203	0.0142	1.0448	1.1361	0.0000	0.0071	0.0000	0.0154
24	74	0.4932	13	1	0	1	1	0	0	0	0	N	N	N	N	N	N	N	N	N	N	N	N	0.0289	0.6466	0.0003	2.2048	1.9728	0.0010	0.0008	0.0614	0.0004	0.0253	0.0282	0.0009	0.0659	0.0702	0.0000	0.0008	0.0008	0.0011	0.8752	0.0436	2.5955	0.0299	0.0356	0.0030	1.0542	0.0126	2.6520	0.0036	38.5698	-0.0023	0.0068	6.2936	12.3589	7.0245	7.3592	0.0082	0.0082	0.0000	0.0081	0.0081	0.0000	0.0002	0.0001	0.0000	0.0197	0.0005	0.0192	0.0005	0.0005	0.0000	0.0192	0.0000	0.0192	0.3265	0.2918	0.0347	0.1227	0.1152	0.0075	0.2038	0.1766	0.0272	0.1161	0.0706	0.0455	0.0307	0.0274	0.0033	0.0854	0.0432	0.0422	0.1490	3.9976	0.0020	4.1542	4.0318	0.0010	0.0036	1.6368	0.0024	0.1696	0.0070	0.4218	0.0159	0.0174	0.0030	0.2249	0.0005	0.4545
24	75	0.4758	12	1	0	1	1	0	0	0	0	N	N	N	N	N	N	N	N	N	N	N	N	3.6351	0.4602	26.4417	0.4071	0.3807	2.4696	0.2837	38.7681	0.0288	0.0002	0.2653	0.0003	0.0003	0.0000	0.0458	0.0001	0.3414	0.0079	0.0003	0.0100	0.0007	0.0008	0.0000	0.0185	0.0002	0.0088	200.7560	16.1169	0.0057	0.0001	6.2936	10.2127	7.0245	1.0234	0.0080	0.0000	0.0080	0.0000	0.0000	0.0000	0.0080	0.0000	0.0080	0.0002	0.0000	0.0002	0.0000	0.0000	0.0000	0.0002	0.0000	0.0002	0.2788	0.2487	0.0301	0.1042	0.0975	0.0067	0.1746	0.1512	0.0234	0.0638	0.0369	0.0269	0.0150	0.0131	0.0019	0.0488	0.0237	0.0251	10.1936	0.5603	42.1041	0.4071	0.3807	0.0000	13.1692	84.2627	50.4064	0.0028	0.0003	0.0063	0.0007	0.0008	0.0000	0.0035	0.0000	0.0068	
24	76	0.4727	11	1	0	0	1	0	0	0	0	N	N	N	N	N	N	N	N	N	N	N	N	79.1907	0.0743	561.7200	0.0000	0.0000	166.5341	inf	637.3220	0.0003	0.0000	0.0027	0.0000	0.0000	0.0000	0.0004	0.0000	0.0033	0.0000	0.0000	0.0000	0.0000	0.0000	0.0000	0.0000	0.0000	0.0000	1571.1322	1.2832	0.0000	-0.0000	6.2936	3.7027	7.0245	0.0091	0.0000	0.0000	0.0000	0.0000	0.0000	0.0000	0.0000	0.0000	0.0000	0.0000	0.0000	0.0000	0.0000	0.0000	0.0000	0.0000	0.0000	0.0000	0.1039	0.0929	0.0110	0.0366	0.0347	0.0019	0.0672	0.0582	0.0091	0.0214	0.0124	0.0090	0.0050	0.0044	0.0006	0.0164	0.0080	0.0084	79.1907	0.0743	561.7200	0.0000	0.0000	0.0000	166.5341	inf	637.3220	0.0000	0.0000	0.0000	0.0000	0.0000	0.0000	0.0000	0.0000	0.0000	
24	77	0.4557	10	0	0	0	1	0	0	0	0	N	N	N	N	N	N	N	N	N	N	N	N	12.3224	6.5090	0.0959	27.9929	28.0237	0.0000	4.4063	0.2614	0.1297	0.0040	0.0044	0.0000	0.0031	0.0033	0.0000	0.0046	0.0053	0.0000	0.0003	0.0007	0.0000	0.0001	0.0001	0.0000	0.0010	0.0202	0.0000	0.0000	0.0242	-0.0002	-0.0000	6.2936	3.8334	7.0245	6.1787	0.0006	0.0006	0.0000	0.0002	0.0002	0.0000	0.0004	0.0004	0.0000	0.0000	0.0000	0.0000	0.0000	0.0000	0.0000	0.0000	0.0000	0.0000	0.1482	0.1331	0.0151	0.0631	0.0593	0.0037	0.0851	0.0738	0.0113	0.0847	0.0523	0.0324	0.0258	0.0240	0.0019	0.0589	0.0283	0.0305	14.3989	10.1382	0.0959	27.9929	28.0237	0.0000	13.2014	7.5174	0.1297	0.0003	0.0004	0.0000	0.0001	0.0001	0.0000	0.0003	0.0007	0.0000
24	78	0.4166	9	0	0	0	1	0	0	0	0	N	N	N	N	N	N	N	N	N	N	N	N	2.6845	0.7053	14.2696	7.8642	7.3873	25.3362	0.0099	0.0002	7.2915	0.0571	0.0640	0.0015	0.1499	0.1614	0.0037	0.0002	0.0001	0.0007	0.0213	0.0907	0.0001	0.0191	0.0218	0.0001	0.0182	0.4716	0.0001	0.0029	0.0072	-0.0080	-0.0006	6.2936	16.9094	7.0245	5.8161	0.0280	0.0279	0.0001	0.0279	0.0279	0.0001	0.0001	0.0000	0.0000	0.0010	0.0010	0.0000	0.0006	0.0006	0.0000	0.0004	0.0004	0.0000	0.4894	0.4358	0.0536	0.1862	0.1727	0.0136	0.3032	0.2631	0.0401	0.1796	0.1102	0.0693	0.0509	0.0465	0.0043	0.1287	0.0637	0.0650	10.0279	6.9422	14.2696	13.1930	13.0063	25.3362	0.0522	0.0137	7.2915	0.0057	0.0092	0.0001	0.0114	0.0124	0.0001	0.0035	0.0069	0.0001
24	79	0.3423	9	0	1	0	1	0	0	0	0	N	N	N	N	N	N	N	N	N	N	N	N	0.6932	0.0007	8539.7669	0.5229	0.0007	155355.4087	0.1198	0.0000	8.5170	1.6499	0.0030	14.7731	5.5505	0.0097	86.6546	0.0021	0.0000	0.0158	2.3801	4.1863	0.0017	10.6151	13.1161	0.0006	0.0174	0.3528	0.0019	613.7329	0.0003	0.7127	-0.3703	6.2936	23.9173	7.0245	17.8091	1.0021	0.0016	1.0005	1.0012	0.0016	0.9996	0.0009	0.0000	0.0009	0.5896	0.5895	0.0002	0.5890	0.5890	0.0000	0.0006	0.0005	0.0002	0.6074	0.5397	0.0677	0.1804	0.1688	0.0115	0.4270	0.3708	0.0562	0.2477	0.1408	0.1069	0.0555	0.0449	0.0106	0.1923	0.0959	0.0964	0.6932	0.0007	8539.7669	0.5229	0.0007	155355.4087	0.6265	0.0000	8.5170	2.3801	4.1863	0.0017	10.6151	13.1161	0.0006	0.0033	0.0048	0.0019
24	80	0.3262	8	0	1	0	1	0	0	0	0	N	N	N	N	N	N	N	N	N	N	N	N	0.9566	0.0000	4.0418	0.0000	0.0000	0.0002	4350.5133	0.1053	55054.3631	6.2554	0.0001	54.7904	0.0009	0.0000	0.0130	8.8226	0.0002	65.8758	6.5395	5.5913	13.5559	21.3703	14.7104	72.5725	0.0020	0.0020	0.0012	47871.8847	1.0488	0.7118	-0.0562	6.2936	6.1279	7.0245	3.6878	0.9986	0.0000	0.9986	0.0000	0.0000	0.0000	0.9986	0.0000	0.9985	0.4827	0.2356	0.2471	0.4827	0.2356	0.2471	0.0000	0.0000	0.0000	0.1596	0.1414	0.0182	0.0465	0.0434	0.0031	0.1132	0.0980	0.0152	0.0738	0.0421	0.0317	0.0226	0.0160	0.0066	0.0512	0.0261	0.0251	0.9566	0.0000	7.0236	0.0000	0.0000	0.0003	14478.6532	4.6169	55054.3631	6.5395	5.5913	7.8010	21.3703	14.7104	37.6060	0.0006	0.0000	0.0012
24	81	0.4143	12	1	0	1	1	0	0	0	0	N	N	N	N	N	N	N	N	N	N	N	N	1.2926	0.5777	7.5595	1.0018	0.9193	0.0000	0.6830	0.0407	9.1372	0.0005	0.0006	0.0000	0.0006	0.0006	0.0000	0.0005	0.0006	0.0000	0.0004	0.0010	0.0000	0.0006	0.0007	0.0000	0.0007	0.0141	0.0000	0.0008	0.0007	-0.0001	-0.0000	6.2936	27.2690	7.0245	12.3406	0.0004	0.0004	0.0000	0.0001	0.0001	0.0000	0.0002	0.0002	0.0000	0.0001	0.0001	0.0000	0.0000	0.0000	0.0000	0.0000	0.0000	0.0000	0.6664	0.5951	0.0713	0.2401	0.2270	0.0131	0.4262	0.3680	0.0582	0.2030	0.1160	0.0870	0.0439	0.0381	0.0058	0.1590	0.0779	0.0811	1.6287	1.0422	7.5595	1.0018	0.9193	0.0000	1.9639	1.1135	9.1372	0.0003	0.0006	0.0000	0.0006	0.0007	0.0000	0.0003	0.0005	0.0000
24	82	0.3990	11	0	0	0	1	0	0	0	0	N	N	N	N	N	N	N	N	N	N	N	N	38.1722	33.3647	3.4748	64.1398	60.6556	0.0066	0.4699	0.0852	4.6538	0.1016	0.1124	0.0035	0.2518	0.2648	0.0000	0.0008	0.0003	0.0043	0.0027	0.0034	0.0010	0.0039	0.0044	0.0020	0.0017	0.0030	0.0009	0.0034	0.5708	-0.0078	-0.0000	6.2936	9.0798	7.0245	0.9519	0.0276	0.0275	0.0001	0.0275	0.0275	0.0000	0.0001	0.0000	0.0001	0.0001	0.0000	0.0000	0.0000	0.0000	0.0000	0.0000	0.0000	0.0000	0.2717	0.2449	0.0268	0.1092	0.1038	0.0054	0.1626	0.1411	0.0215	0.0562	0.0320	0.0242	0.0120	0.0104	0.0016	0.0442	0.0216	0.0227	85.7697	84.7744	3.4748	69.2548	68.1573	0.0066	1.5265	2.8981	4.6538	0.0012	0.0013	0.0010	0.0036	0.0039	0.0020	0.0005	0.0001	0.0009
24	83	0.3262	8	0	1	0	1	0	0	0	0	N	N	N	N	N	N	N	N	N	N	N	N	0.0002	6.2448	0.0000	0.0001	3.5007	0.0000	0.3111	1.7232	0.0000	0.0005	0.0005	0.0000	0.0010	0.0011	0.0000	0.0003	0.0003	0.0000	1.9359	0.0001	8.1383	9.7252	0.0003	78.6720	0.0009	0.0002	0.0006	0.0000	40122.6933	-0.0001	0.1551	6.2936	21.0000	7.0245	14.4214	0.0003	0.0003	0.0000	0.0002	0.0002	0.0000	0.0001	0.0001	0.0000	0.4173	0.0000	0.4173	0.4172	0.0000	0.4172	0.0001	0.0000	0.0001	0.5262	0.4669	0.0594	0.1516	0.1417	0.0099	0.3747	0.3252	0.0495	0.2155	0.1213	0.0943	0.0429	0.0342	0.0087	0.1726	0.0871	0.0856	0.0002	6.2448	0.0000	0.0001	3.5007	0.0000	0.9150	526.4173	0.0000	1.9359	0.0001	4.4268	9.7252	0.0003	48.0859	0.0003	0.0000	0.0006
24	84	0.3839	12	0	0	1	1	0	0	0	0	N	N	N	N	N	N	N	N	N	N	N	N	0.0351	0.0097	0.0000	0.0115	0.0102	1466.2949	inf	0.0000	0.0006	0.0007	0.0000	0.0005	0.0006	0.0000	0.0007	0.0008	0.0000	0.0178	0.0725	0.0000	0.0470	0.0567	0.0000	0.0000	0.0000	0.0000	0.0000	0.0001	-0.0001	-0.0006	6.2936	20.4085	7.0245	11.0867	0.0003	0.0003	0.0000	0.0001	0.0001	0.0000	0.0002	0.0002	0.0000	0.0009	0.0009	0.0000	0.0009	0.0009	0.0000	0.0000	0.0000	0.0000	0.5275	0.4689	0.0586	0.1665	0.1559	0.0106	0.3610	0.3131	0.0480	0.1835	0.1072	0.0764	0.0424	0.0362	0.0061	0.1412	0.0709	0.0702	0.1248	0.0820	0.0000	0.0249	0.0227	0.0000	1466.2949	inf	0.0000	0.0050	0.0086	0.0000	0.0217	0.0254	0.0000	0.0000	0.0000	0.0000	
24	85	0.3801	11	0	0	1	1	0	0	0	0	N	N	N	N	N	N	N	N	N	N	N	N	0.0000	0.0000	0.0000	0.0000	0.0000	0.0000	0.0002	0.0013	0.0000	0.0000	0.0000	0.0000	0.0000	0.0000	0.0000	0.0000	0.0000	0.0000	0.0080	0.0145	0.0014	0.0146	0.0179	0.0006	0.0027	0.0004	0.0015	0.0000	0.2598	-0.0000	-0.0000	6.2936	3.1287	7.0245	1.1816	0.0000	0.0000	0.0000	0.0000	0.0000	0.0000	0.0000	0.0000	0.0000	0.0001	0.0001	0.0000	0.0001	0.0001	0.0000	0.0000	0.0000	0.0000	0.1191	0.1061	0.0130	0.0553	0.0511	0.0042	0.0638	0.0550	0.0088	0.0279	0.0165	0.0115	0.0067	0.0059	0.0008	0.0212	0.0106	0.0106	0.0001	0.0001	0.0000	0.0000	0.0000	0.0000	0.0007	0.3078	0.0000	0.0029	0.0038	0.0014	0.0095	0.0108	0.0006	0.0008	0.0000	0.0015
24	86	0.3732	10	0	0	0	1	0	0	0	0	N	N	N	N	N	N	N	N	N	N	N	N	0.0000	0.0000	0.0115	0.0000	0.0000	0.2553	0.0000	0.0000	0.0003	0.0000	0.0000	0.0001	0.0000	0.0000	0.0002	0.0000	0.0000	0.0000	0.5895	0.7790	0.0051	0.9742	1.0498	0.0007	0.0545	0.5944	0.0043	13.8000	0.0322	0.0000	-0.0013	6.2936	4.0532	7.0245	2.2470	0.0000	0.0000	0.0000	0.0000	0.0000	0.0000	0.0000	0.0000	0.0000	0.0022	0.0021	0.0001	0.0020	0.0020	0.0000	0.0002	0.0001	0.0001	0.1294	0.1151	0.0143	0.0558	0.0514	0.0044	0.0737	0.0637	0.0099	0.0417	0.0243	0.0174	0.0102	0.0090	0.0013	0.0315	0.0154	0.0161	0.0001	0.0000	0.0150	0.0001	0.0000	0.2553	0.0000	0.0000	0.0003	0.0523	0.0869	0.0039	0.1924	0.2192	0.0007	0.0069	0.0097	0.0042
24	87	0.3500	9	0	0	0	1	0	0	0	0	N	N	N	N	N	N	N	N	N	N	N	N	0.0000	0.0000	0.0001	0.0000	0.0000	0.0002	0.0002	0.0001	0.0000	0.0001	0.0001	0.0000	0.0000	0.0000	0.0000	0.0001	0.0001	0.0000	5.0875	8.4661	0.0758	15.5849	19.6466	0.1033	0.4781	0.9562	0.0445	0.0070	0.0024	-0.0000	-0.3598	6.2936	4.7288	7.0245	9.8540	0.0000	0.0000	0.0000	0.0000	0.0000	0.0000	0.0000	0.0000	0.0000	0.5748	0.5734	0.0014	0.5725	0.5720	0.0005	0.0023	0.0014	0.0009	0.1767	0.1603	0.0164	0.0837	0.0798	0.0039	0.0930	0.0805	0.0125	0.1130	0.0677	0.0452	0.0367	0.0291	0.0076	0.0762	0.0386	0.0376	0.0000	0.0000	0.0001	0.0000	0.0000	0.0002	0.0031	0.0030	0.0000	5.0875	8.4661	0.0302	15.5849	19.6466	0.0641	0.0297	0.0358	0.0233
24	88	0.3262	8	0	0	0	1	0	0	0	0	N	N	N	N	N	N	N	N	N	N	N	N	0.0015	0.0019	0.0000	0.0000	0.0000	0.0000	0.0139	0.0077	0.0000	0.0070	0.0079	0.0000	0.0000	0.0000	0.0000	0.0099	0.0114	0.0000	4.5466	4.0947	9.7088	17.6523	12.0105	69.6173	0.7144	1.4902	0.0015	0.0000	0.9593	-0.0005	-0.0681	6.2936	8.6320	7.0245	7.0881	0.0016	0.0016	0.0000	0.0000	0.0000	0.0000	0.0016	0.0016	0.0000	0.4905	0.2504	0.2402	0.4855	0.2454	0.2401	0.0051	0.0050	0.0001	0.2234	0.1979	0.0255	0.0649	0.0606	0.0043	0.1585	0.1373	0.0212	0.1079	0.0611	0.0467	0.0275	0.0204	0.0071	0.0804	0.0407	0.0397	0.0015	0.0019	0.0000	0.0000	0.0000	0.0000	0.1577	0.0933	0.0000	4.5466	4.0947	5.1378	17.6523	12.0105	33.9487	0.0629	0.1227	0.0015
24	89	0.3940	10	0	1	0	1	0	0	0	0	N	N	N	N	N	N	N	N	N	N	N	N	1.7200	2.6270	6.4282	2.4544	26.3438	0.6959	0.6910	0.0000	23.5589	0.0014	0.0010	0.0054	0.0030	0.0027	0.0081	0.0006	0.0000	0.0047	0.0008	0.0004	0.0008	0.0012	0.0001	0.0116	0.0009	0.0106	0.0002	0.6535	1.9411	0.0001	0.0000	6.2936	15.4622	7.0245	5.2688	0.0006	0.0004	0.0003	0.0005	0.0004	0.0001	0.0002	0.0000	0.0002	0.0001	0.0000	0.0000	0.0000	0.0000	0.0000	0.0000	0.0000	0.0000	0.4445	0.3972	0.0473	0.1544	0.1451	0.0093	0.2902	0.2521	0.0380	0.1302	0.0773	0.0529	0.0302	0.0272	0.0029	0.1000	0.0500	0.0499	2.8133	3.3252	6.4282	2.4544	26.3438	0.6959	2.0581	0.0002	23.5589	0.0005	0.0003	0.0008	0.0012	0.0001	0.0116	0.0003	0.0004	0.0002
24	90	0.3822	9	0	0	0	1	0	0	0	0	N	N	N	N	N	N	N	N	N	N	N	N	0.0629	0.0066	3.6583	0.0626	0.2400	0.0005	0.0935	0.0010	73.7123	0.0100	0.0016	0.0825	0.0027	0.0029	0.0001	0.0140	0.0008	0.1037	0.1597	0.2420	0.0226	0.0438	0.0121	0.2901	0.1502	0.7915	0.0014	6.0105	0.4736	0.0013	-0.0003	6.2936	7.5917	7.0245	1.5198	0.0023	0.0003	0.0020	0.0002	0.0002	0.0000	0.0021	0.0001	0.0020	0.0010	0.0007	0.0003	0.0004	0.0002	0.0003	0.0006	0.0005	0.0000	0.2324	0.2082	0.0243	0.0822	0.0773	0.0050	0.1502	0.1309	0.0193	0.0735	0.0454	0.0281	0.0215	0.0192	0.0022	0.0521	0.0262	0.0259	0.7261	0.1052	7.0947	0.1324	0.3639	0.0011	1.2764	0.0404	73.7123	0.0138	0.0152	0.0116	0.0207	0.0080	0.1313	0.0110	0.0205	0.0014
24	91	0.4914	13	1	0	1	1	0	0	0	0	N	N	N	N	N	N	N	N	N	N	N	N	0.0000	0.0000	0.0000	0.0000	0.0000	0.0000	0.0000	0.0000	0.0000	0.0000	0.0000	0.0000	0.0000	0.0000	0.0000	0.0000	0.0000	0.0000	0.0000	0.0000	6.2936	3.0317	7.0245	0.1644	0.0000	0.0000	0.0000	0.0000	0.0000	0.0000	0.0000	0.0000	0.0000	0.0000	0.0000	0.0000	0.0000	0.0000	0.0000	0.0000	0.0000	0.0000	0.0766	0.0684	0.0081	0.0266	0.0252	0.0014	0.0499	0.0432	0.0067	0.0181	0.0104	0.0078	0.0044	0.0038	0.0006	0.0137	0.0066	0.0071	0.0000	0.0000	0.0000	0.0000	0.0000	0.0000	0.0000	0.0000	0.0000	0.0000	0.0000	0.0000	0.0000	0.0000	0.0000	0.0000	0.0000	0.0000											
24	92	0.4857	12	1	0	1	1	0	0	0	0	N	N	N	N	N	N	N	N	N	N	N	N	47.2890	1.3210	273.9663	0.4194	0.3925	0.5955	45.2432	0.0700	367.4136	0.0010	0.0000	0.0111	0.0000	0.0000	0.0000	0.0020	0.0000	0.0159	0.0000	0.0000	0.0000	0.0000	0.0000	0.0000	0.0000	0.0002	0.0000	116.7338	4.0983	0.0001	0.0000	6.2936	2.6632	7.0245	1.0147	0.0001	0.0000	0.0001	0.0000	0.0000	0.0000	0.0001	0.0000	0.0001	0.0000	0.0000	0.0000	0.0000	0.0000	0.0000	0.0000	0.0000	0.0000	0.1023	0.0934	0.0090	0.0532	0.0504	0.0027	0.0492	0.0429	0.0062	0.0226	0.0133	0.0093	0.0058	0.0051	0.0007	0.0169	0.0082	0.0086	47.2890	1.3210	273.9663	0.4194	0.3925	0.5955	90.2404	21.6968	367.4136	0.0000	0.0000	0.0000	0.0000	0.0000	0.0000	0.0000	0.0000	0.0000
24	93	0.4024	11	1	0	1	1	0	0	0	0	N	N	N	N	N	N	N	N	N	N	N	N	26.6613	2.0011	219.5324	117.1878	6.4789	1321.3960	13.9824	0.0374	275.6752	0.6280	0.0021	5.9660	0.0914	0.0046	1.6709	0.9487	0.0005	6.9465	0.0236	0.0011	0.0272	0.0008	0.0007	0.0013	0.0678	0.0144	0.0252	326.0086	16.6391	0.4233	0.0005	6.2936	35.0787	7.0245	12.2568	0.5964	0.0018	0.5945	0.0325	0.0015	0.0309	0.5639	0.0003	0.5636	0.0015	0.0001	0.0015	0.0000	0.0000	0.0000	0.0015	0.0000	0.0014	0.9497	0.8500	0.0997	0.3553	0.3368	0.0185	0.5944	0.5132	0.0811	0.2563	0.1475	0.1088	0.0609	0.0531	0.0078	0.1954	0.0944	0.1010	104.4299	3.6222	446.4254	117.1878	6.4789	1321.3960	124.0950	1.0233	485.6931	0.0060	0.0006	0.0134	0.0008	0.0007	0.0013	0.0076	0.0005	0.0143
24	94	0.3889	10	1	0	0	1	0	0	0	0	N	N	N	N	N	N	N	N	N	N	N	N	293.9256	31.7523	7188.7870	16.7857	14.7987	44.0484	506.4837	23.0854	8509.0762	1.4276	0.1757	13.3199	0.0769	0.0804	0.0051	2.4138	0.2521	16.7878	0.0049	0.0055	0.0019	0.0046	0.0054	0.0001	0.0048	0.0109	0.0020	7.9784	0.7169	0.2672	-0.0000	6.2936	8.4810	7.0245	2.3446	0.4442	0.0495	0.3947	0.0101	0.0101	0.0000	0.4341	0.0394	0.3947	0.0001	0.0001	0.0001	0.0001	0.0001	0.0000	0.0001	0.0000	0.0001	0.3111	0.2815	0.0296	0.1313	0.1252	0.0061	0.1798	0.1563	0.0235	0.0658	0.0382	0.0276	0.0152	0.0134	0.0018	0.0506	0.0248	0.0258	766.5706	94.0228	7188.7870	19.0124	17.5965	44.0484	1996.1846	608.3701	8509.0762	0.0019	0.0019	0.0019	0.0040	0.0046	0.0001	0.0012	0.0004	0.0020
24	95	0.3262	8	0	1	0	2	0	0	0	0	N	N	N	Y	N	N	N	N	N	N	N	N	0.2916	0.0001	10497.4397	0.0001	0.0000	0.0000	860.1944	0.0174	11999.8162	1.6691	0.0005	14.8281	0.0015	0.0016	0.0000	2.3419	0.0000	17.7744	5.7249	10.1843	0.0014	30.6165	37.6602	0.0006	0.0027	0.0016	0.0015	3633.7229	0.0001	0.7100	-0.9813	6.2936	24.0032	7.0245	22.6134	0.9963	0.0003	0.9961	0.0003	0.0003	0.0000	0.9961	0.0000	0.9961	1.5620	1.5618	0.0002	1.5618	1.5618	0.0000	0.0002	0.0000	0.0002	0.5969	0.5298	0.0672	0.1716	0.1605	0.0111	0.4253	0.3693	0.0560	0.2728	0.1534	0.1195	0.0510	0.0415	0.0095	0.2218	0.1119	0.1099	0.2916	0.0001	10497.4397	0.0001	0.0000	0.0000	3132.4373	1.0122	11999.8162	5.7249	10.1843	0.0014	30.6165	37.6602	0.0006	0.0007	0.0000	0.0015
24	96	0.7436	12	0	1	0	1	0	0	0	0	N	N	N	N	N	N	N	N	N	N	N	N	0.0047	0.0036	0.0000	0.0051	0.0044	0.0000	0.0000	0.0000	0.0000	0.0000	0.0000	0.0000	0.0000	0.0000	0.0000	0.0000	0.0000	0.0000	0.0000	0.0000	0.0000	0.0000	0.0000	0.0000	0.0000	0.0000	0.0889	-0.0000	-0.0000	6.2936	18.5150	7.0245	10.2301	0.0000	0.0000	0.0000	0.0000	0.0000	0.0000	0.0000	0.0000	0.0000	0.0000	0.0000	0.0000	0.0000	0.0000	0.0000	0.0000	0.0000	0.0000	0.4830	0.4343	0.0487	0.2129	0.2001	0.0129	0.2700	0.2342	0.0358	0.1599	0.1004	0.0595	0.0697	0.0572	0.0125	0.0903	0.0432	0.0470	0.0047	0.0036	0.0000	0.0051	0.0044	0.0000	0.0000	0.0000	0.0000	0.0000	0.0000	0.0000	0.0000	0.0000	0.0000	0.0000	0.0000	0.0000		
24	97	0.3553	9	0	1	0	1	0	0	0	0	N	N	N	N	N	N	N	N	N	N	N	N	0.0980	3.8621	0.0000	0.6418	2.1125	0.0002	0.0514	0.3326	0.0000	0.0019	0.0022	0.0000	0.0013	0.0014	0.0000	0.0022	0.0025	0.0000	0.0197	0.0006	0.0234	0.0020	0.0007	0.0120	0.0427	0.0076	0.0200	0.0000	22.6263	-0.0006	0.0007	6.2936	46.1140	7.0245	26.4917	0.0022	0.0022	0.0000	0.0004	0.0004	0.0000	0.0017	0.0017	0.0000	0.0021	0.0001	0.0020	0.0001	0.0000	0.0001	0.0020	0.0000	0.0019	1.1210	0.9987	0.1223	0.3298	0.3090	0.0207	0.7912	0.6897	0.1015	0.3942	0.2262	0.1680	0.0687	0.0603	0.0083	0.3256	0.1659	0.1597	0.3592	5.4665	0.0000	0.6418	2.1125	0.0002	0.3604	8.3617	0.0000	0.0054	0.0004	0.0121	0.0020	0.0007	0.0120	0.0061	0.0003	0.0121
24	98	0.7965	14	0	1	0	1	0	0	0	0	N	N	N	N	N	N	N	N	N	N	N	N	0.3003	4550.8752	0.0000	0.3546	4.7479	0.0000	0.2691	266.9277	0.0000	2.1946	2.4487	0.0000	0.0012	0.0013	0.0000	3.5813	4.1311	0.0000	7.3084	0.0005	29.5188	0.0034	0.0003	0.0189	13.3076	0.0155	39.0864	0.0000	29524.4616	-0.2869	0.3708	6.2936	20.7840	7.0245	8.9470	0.9993	0.9993	0.0000	0.0002	0.0002	0.0000	0.9991	0.9991	0.0000	0.9978	0.0000	0.9978	0.0002	0.0000	0.0002	0.9976	0.0000	0.9976	0.4553	0.4081	0.0473	0.1764	0.1662	0.0101	0.2790	0.2418	0.0371	0.1365	0.0868	0.0497	0.0616	0.0516	0.0100	0.0750	0.0352	0.0397	0.3003	6288.9800	0.0000	0.3630	4.7479	0.0000	0.2691	7255.5775	0.0000	7.3084	0.0004	20.0620	0.0033	0.0003	0.0189	13.3076	0.0006	25.0976
24	99	0.7916	13	0	0	0	1	0	0	0	0	N	N	N	N	N	N	N	N	N	N	N	N	0.0054	0.0047	0.0070	0.0035	0.0037	0.0092	0.0078	0.0071	0.0114	0.0042	0.0043	0.0033	0.0027	0.0029	0.0004	0.0058	0.0060	0.0046	0.7695	0.9151	0.4679	0.7756	0.7893	0.0408	0.7461	0.8437	0.4039	0.0909	0.5041	-0.0001	-0.0012	6.2936	2.7834	7.0245	1.0450	0.0006	0.0005	0.0000	0.0002	0.0002	0.0000	0.0004	0.0003	0.0000	0.0042	0.0028	0.0014	0.0027	0.0026	0.0000	0.0015	0.0002	0.0014	0.1380	0.1232	0.0148	0.0726	0.0678	0.0048	0.0654	0.0553	0.0100	0.0405	0.0235	0.0170	0.0183	0.0172	0.0012	0.0222	0.0063	0.0158	0.0404	0.0362	0.0393	0.0188	0.0189	0.0111	0.0843	0.2398	0.0535	0.1037	0.1189	0.0828	0.1458	0.1536	0.0337	0.0689	0.0251	0.0864
24	100	0.7816	12	0	0	0	1	0	0	0	0	N	N	N	N	N	N	N	N	N	N	N	N	0.0034	0.0019	0.1651	0.0080	0.0082	0.0026	0.0096	0.0015	0.3968	0.0010	0.0008	0.0022	0.0006	0.0006	0.0000	0.0015	0.0011	0.0036	0.2844	0.4513	0.0131	0.0759	0.0791	0.0140	0.1547	0.7751	0.0090	0.2741	0.1858	-0.0000	-0.0007	6.2936	7.6044	7.0245	2.7972	0.0003	0.0003	0.0001	0.0001	0.0001	0.0000	0.0002	0.0001	0.0001	0.0015	0.0012	0.0002	0.0010	0.0009	0.0000	0.0005	0.0003	0.0002	0.3343	0.3020	0.0323	0.1959	0.1829	0.0130	0.1384	0.1191	0.0193	0.0751	0.0447	0.0304	0.0322	0.0293	0.0029	0.0429	0.0154	0.0275	0.0499	0.0306	0.2861	0.0200	0.0203	0.0026	0.1308	0.0592	0.5221	0.0195	0.0276	0.0075	0.0303	0.0319	0.0140	0.0114	0.0193	0.0069
24	101	0.7320	11	0	0	0	1	0	0	0	0	N	N	N	N	N	N	N	N	N	N	N	N	0.0011	0.0008	0.0100	0.0009	0.0009	0.0085	0.0008	0.0004	0.0148	0.0010	0.0010	0.0007	0.0016	0.0016	0.0003	0.0005	0.0005	0.0008	0.9159	1.2428	0.0673	1.7073	1.7425	0.0322	0.7074	1.3852	0.0553	0.0737	0.0525	-0.0001	-0.0188	6.2936	18.4780	7.0245	12.4520	0.0005	0.0005	0.0000	0.0003	0.0003	0.0000	0.0001	0.0001	0.0000	0.0325	0.0308	0.0016	0.0266	0.0264	0.0002	0.0058	0.0045	0.0014	0.4977	0.4474	0.0502	0.2214	0.2080	0.0134	0.2763	0.2394	0.0369	0.1541	0.0963	0.0578	0.0598	0.0512	0.0086	0.0943	0.0451	0.0492	0.0047	0.0032	0.0241	0.0035	0.0032	0.0097	0.0087	0.0050	0.0293	0.2107	0.3202	0.0281	0.4452	0.5152	0.0281	0.0618	0.0987	0.0280
24	102	0.3079	7	0	1	0	1	0	0	0	0	N	N	N	N	N	N	N	N	N	N	N	N	0.0010	0.0000	0.9558	0.0000	0.0000	0.1451	0.0081	0.0002	1.4592	0.0025	0.0001	0.0246	0.0001	0.0000	0.0009	0.0043	0.0003	0.0325	2.5480	4.1904	0.0258	9.6015	10.7327	0.0064	0.5372	1.1483	0.0223	17.9456	0.0020	0.0020	-0.6357	6.2936	34.1922	7.0245	22.4626	0.0031	0.0002	0.0029	0.0000	0.0000	0.0000	0.0031	0.0002	0.0029	1.0148	1.0128	0.0020	1.0043	1.0042	0.0001	0.0105	0.0086	0.0019	1.2389	1.1203	0.1186	0.5343	0.5046	0.0296	0.7047	0.6157	0.0890	0.3983	0.2417	0.1566	0.1046	0.0936	0.0110	0.2937	0.1481	0.1455	0.0010	0.0000	1.9264	0.0000	0.0000	0.1451	0.1206	0.0044	2.4517	2.5480	4.1904	0.0128	9.6015	10.7327	0.0064	0.0359	0.0582	0.0133
24	103	0.2600	6	0	1	0	1	0	0	0	0	N	N	N	N	N	N	N	N	N	N	N	N	0.0153	0.0008	9.0911	0.0005	0.0005	0.0007	0.2675	0.0026	184.3002	0.0594	0.0055	0.5136	0.0099	0.0104	0.0014	0.0874	0.0026	0.6443	3.8940	6.9312	0.0565	19.5715	21.5753	2.0940	0.3269	0.9836	0.0035	11.0047	0.0028	0.0284	-0.5804	6.2936	22.5884	7.0245	11.0115	0.0452	0.0038	0.0414	0.0027	0.0027	0.0000	0.0425	0.0011	0.0414	0.9278	0.9252	0.0026	0.9239	0.9217	0.0022	0.0039	0.0035	0.0004	0.7600	0.6794	0.0806	0.2744	0.2580	0.0164	0.4857	0.4214	0.0642	0.2383	0.1335	0.1048	0.0472	0.0427	0.0045	0.1910	0.0908	0.1003	0.0153	0.0008	20.9105	0.0005	0.0005	0.0029	4.3132	0.0662	184.3002	3.8940	6.9312	0.0246	19.5715	21.5753	0.4954	0.0203	0.0388	0.0035
24	106	0.3990	11	0	1	0	1	0	0	0	0	N	N	N	N	N	N	N	N	N	N	N	N	1243030.1315	970910.5286	85.9212	199.2070	182.1420	inf	7933646.9030	344338.1460	97.7755	3.7532	4.1852	0.0001	0.0023	0.0025	0.0000	5.9428	6.8550	0.0001	0.0000	0.0000	0.0000	0.0000	0.0000	0.0000	0.0000	0.0000	0.0000	0.0000	0.2345	-0.5741	-0.0000	6.2936	20.0414	7.0245	7.0324	1.9994	1.9994	0.0000	0.0005	0.0005	0.0000	1.9989	1.9989	0.0000	0.0000	0.0000	0.0000	0.0000	0.0000	0.0000	0.0000	0.0000	0.0000	0.5327	0.4777	0.0550	0.1964	0.1861	0.0102	0.3364	0.2916	0.0448	0.1452	0.0824	0.0628	0.0302	0.0261	0.0040	0.1151	0.0563	0.0588	1243030.1315	970910.5286	85.9212	199.2070	182.1420	inf	7933646.9030	128583355.0247	97.7755	0.0000	0.0000	0.0000	0.0000	0.0000	0.0000	0.0000	0.0000	0.0000
24	107	0.3889	10	0	0	0	1	0	0	0	0	N	N	N	N	N	N	N	N	N	N	N	N	1245.9746	1362.1844	492.7181	1161.9022	1183.3125	68.7138	250.0609	6.2856	620.5205	0.0197	0.0208	0.0090	0.0403	0.0421	0.0019	0.0038	0.0027	0.0110	0.0000	0.0000	0.0000	0.0000	0.0000	0.0000	0.0000	0.0004	0.0000	0.0446	0.9248	-0.0013	-0.0000	6.2936	7.0315	7.0245	1.2144	0.0054	0.0052	0.0002	0.0049	0.0049	0.0000	0.0006	0.0004	0.0002	0.0000	0.0000	0.0000	0.0000	0.0000	0.0000	0.0000	0.0000	0.0000	0.2764	0.2506	0.0258	0.1207	0.1152	0.0055	0.1557	0.1354	0.0202	0.0516	0.0302	0.0214	0.0123	0.0109	0.0014	0.0393	0.0193	0.0200	1245.9746	1481.6416	492.7181	1161.9022	1183.3125	68.7138	380.1508	1434.1679	620.5205	0.0000	0.0000	0.0000	0.0000	0.0000	0.0000	0.0000	0.0000	0.0000
24	108	0.3553	9	0	0	0	1	0	0	0	0	N	N	N	N	N	N	N	N	N	N	N	N	27.8793	3.4367	15644.9880	9.1177	8.7427	4.6655	31.7744	0.0752	18481.8594	0.0145	0.0042	0.0984	0.0105	0.0112	0.0000	0.0163	0.0007	0.1206	0.0005	0.0012	0.0000	0.0012	0.0013	0.0000	0.0005	0.0092	0.0000	2.8330	0.0069	0.0030	-0.0000	6.2936	16.2725	7.0245	4.4748	0.0065	0.0017	0.0048	0.0015	0.0015	0.0000	0.0050	0.0002	0.0048	0.0001	0.0001	0.0000	0.0000	0.0000	0.0000	0.0000	0.0000	0.0000	0.4515	0.4024	0.0491	0.1445	0.1355	0.0090	0.3070	0.2670	0.0401	0.1334	0.0787	0.0547	0.0262	0.0235	0.0026	0.1072	0.0551	0.0521	38.2666	6.6516	15644.9880	9.1177	8.7427	4.6655	86.5380	1.9185	18481.8594	0.0004	0.0006	0.0000	0.0012	0.0013	0.0000	0.0002	0.0004	0.0000
24	109	0.4081	10	0	1	0	1	0	0	0	0	N	N	N	N	N	N	N	N	N	N	N	N	0.0506	0.0133	5.5128	0.0039	0.0035	0.0036	1.8084	0.0884	24.1768	0.0005	0.0003	0.0017	0.0001	0.0001	0.0000	0.0006	0.0004	0.0021	0.0090	0.0228	0.0003	0.0252	0.0296	0.0038	0.0003	0.0045	0.0001	0.6960	0.0451	0.0001	-0.0006	6.2936	40.5309	7.0245	14.7974	0.0005	0.0003	0.0002	0.0000	0.0000	0.0000	0.0004	0.0002	0.0002	0.0009	0.0009	0.0000	0.0009	0.0009	0.0000	0.0000	0.0000	0.0000	1.0038	0.8956	0.1082	0.3189	0.2988	0.0200	0.6849	0.5968	0.0882	0.3082	0.1792	0.1290	0.0654	0.0575	0.0080	0.2428	0.1217	0.1210	0.1494	0.0600	5.5128	0.0071	0.0068	0.0036	4.9492	2.4495	24.1768	0.0031	0.0050	0.0003	0.0140	0.0154	0.0038	0.0001	0.0002	0.0001
24	110	0.3822	9	0	1	0	1	0	0	0	0	N	N	N	N	N	N	N	N	N	N	N	N	0.1301	0.0085	4.0674	0.0659	0.3484	0.0003	0.1553	0.0005	52.9178	0.0060	0.0008	0.0491	0.0015	0.0016	0.0001	0.0081	0.0003	0.0607	0.0459	0.0904	0.0121	0.0232	0.0047	0.1667	0.0524	0.6462	0.0011	7.6863	0.5195	0.0014	-0.0003	6.2936	13.5236	7.0245	3.5331	0.0023	0.0003	0.0020	0.0002	0.0002	0.0000	0.0021	0.0001	0.0020	0.0010	0.0007	0.0003	0.0004	0.0001	0.0003	0.0006	0.0005	0.0001	0.3789	0.3382	0.0407	0.1245	0.1167	0.0078	0.2544	0.2215	0.0330	0.1188	0.0712	0.0475	0.0300	0.0267	0.0033	0.0888	0.0445	0.0443	0.7116	0.0837	6.8553	0.1150	0.3999	0.0006	1.2097	0.0259	52.9178	0.0084	0.0092	0.0072	0.0133	0.0041	0.0890	0.0067	0.0123	0.0011
24	111	0.3262	8	0	0	0	1	0	0	0	0	N	N	N	N	N	N	N	N	N	N	N	N	0.6645	0.3014	2.3154	0.0000	0.0095	0.0000	1.0576	0.3095	729.3163	4.6366	2.6283	20.3737	0.0001	0.0001	0.0000	6.5192	3.7782	24.4500	6.9772	8.7207	8.7994	10.1735	0.0133	85.5480	6.1643	12.2058	0.0335	0.9893	0.4213	0.4180	-0.4686	6.2936	16.9399	7.0245	15.9768	1.9888	0.9998	0.9891	0.0000	0.0000	0.0000	1.9888	0.9998	0.9891	1.4119	0.9934	0.4185	0.4174	0.0003	0.4171	0.9945	0.9931	0.0014	0.4289	0.3804	0.0485	0.1239	0.1158	0.0081	0.3051	0.2646	0.0405	0.2024	0.1139	0.0884	0.0410	0.0325	0.0085	0.1613	0.0814	0.0800	0.6645	0.3014	4.3058	0.0000	0.0147	0.0000	1.0576	0.3095	1396.7097	6.9772	8.7207	4.7317	10.1735	0.0085	49.1947	6.1643	12.2058	0.0175
24	112	0.4306	12	1	1	0	2	0	0	0	0	N	N	N	Y	N	N	N	N	N	N	N	N	0.0000	0.0000	0.0000	0.0000	0.0000	0.0000	0.0000	0.0000	0.0000	0.0000	0.0000	0.0000	0.0000	0.0000	0.0000	0.0000	0.0000	0.0000	0.0000	0.0001	0.0000	0.0000	0.0000	0.0001	0.0007	0.0001	6.2480	0.0000	0.0000	6.2936	0.0019	7.0245	1.9928	0.0000	0.0000	0.0000	0.0000	0.0000	0.0000	0.0000	0.0000	0.0000	0.0000	0.0000	0.0000	0.0000	0.0000	0.0000	0.0000	0.0000	0.0000	0.0001	0.0001	0.0000	0.0001	0.0001	0.0000	0.0001	0.0001	0.0000	0.0119	0.0072	0.0047	0.0029	0.0025	0.0004	0.0090	0.0047	0.0043	0.0000	0.0000	0.0000	0.0000	0.0000	0.0000	0.0000	0.0000	0.0000	0.0000	0.0000	0.0001	0.0000	0.0000	0.0000	0.0000	0.0000	0.0001		
24	113	0.4070	11	1	1	0	2	0	0	0	0	N	N	N	Y	N	N	N	N	N	N	N	N	0.0000	0.0043	0.0000	0.0063	0.0057	0.0000	0.0002	0.0000	0.0000	0.0000	0.0000	0.0000	0.0000	0.0000	0.0000	0.0000	0.0000	0.2179	0.0007	0.1075	0.0010	0.0012	0.0000	0.3362	0.0028	0.1111	0.1115	63.2935	-0.0000	0.0005	6.2936	8.6942	7.0245	6.0502	0.0000	0.0000	0.0000	0.0000	0.0000	0.0000	0.0000	0.0000	0.0000	0.0015	0.0000	0.0015	0.0000	0.0000	0.0000	0.0015	0.0000	0.0015	0.2509	0.2249	0.0260	0.0921	0.0873	0.0048	0.1588	0.1376	0.0212	0.0906	0.0524	0.0382	0.0196	0.0168	0.0027	0.0710	0.0355	0.0355	0.0002	0.0067	0.0001	0.0063	0.0057	0.0000	0.0000	0.0064	0.0001	0.0163	0.0004	0.0381	0.0010	0.0012	0.0000	0.0206	0.0001	0.0410	
24	114	0.4281	15	0	1	0	2	0	0	0	0	N	N	N	Y	N	N	N	N	N	N	N	N	0.0000	0.0000	0.0000	0.0000	0.0000	0.0000	0.0000	0.0000	0.0000	0.0000	0.0000	0.0000	0.0000	0.0000	0.0000	0.0000	0.0000	0.0000	0.0000	0.0000	6.2936	0.0001	7.0245	0.0001	0.0000	0.0000	0.0000	0.0000	0.0000	0.0000	0.0000	0.0000	0.0000	0.0000	0.0000	0.0000	0.0000	0.0000	0.0000	0.0000	0.0000	0.0000	0.0000	0.0000	0.0000	0.0000	0.0000	0.0000	0.0000	0.0000	0.0000	0.0000	0.0000	0.0000	0.0000	0.0000	0.0000	0.0000	0.0000	0.0000	0.0000	0.0000	0.0000	0.0000	0.0000	0.0000	0.0000	0.0000	0.0000	0.0000	0.0000	0.0000	0.0000	0.0000	0.0000	0.0000	0.0000	0.0000											
24	115	0.4214	14	0	1	0	2	0	0	0	0	N	N	N	Y	N	N	N	N	N	N	N	N	inf	inf	inf	inf	0.0000	0.0000	0.0000	0.0000	0.0000	0.0000	0.0000	0.0000	0.0000	0.0000	0.0000	0.0000	0.0000	0.0000	0.0000	0.0000	0.0000	0.0000	0.0000	-0.0000	0.0000	6.2936	3.0007	7.0245	1.0012	0.0000	0.0000	0.0000	0.0000	0.0000	0.0000	0.0000	0.0000	0.0000	0.0000	0.0000	0.0000	0.0000	0.0000	0.0000	0.0000	0.0000	0.0000	0.0793	0.0704	0.0089	0.0242	0.0227	0.0016	0.0551	0.0477	0.0074	0.0240	0.0138	0.0102	0.0050	0.0042	0.0007	0.0190	0.0096	0.0095	inf	inf	0.0000	inf	inf	0.0000	0.0000	0.0000	0.0000	0.0000	0.0000	0.0000	0.0000	0.0000	0.0000	0.0000	0.0000	0.0000						
24	116	0.4196	13	0	0	0	2	0	0	0	0	N	N	N	Y	N	N	N	N	N	N	N	N	0.0256	0.0132	0.0155	0.0140	0.0000	0.0000	0.0000	0.0000	0.0000	0.0000	0.0000	0.0000	0.0000	0.0000	0.0000	0.0000	0.0001	0.0001	0.0000	0.0000	0.0000	0.0000	0.0000	0.0000	-0.0000	-0.0000	6.2936	1.1177	7.0245	0.0023	0.0000	0.0000	0.0000	0.0000	0.0000	0.0000	0.0000	0.0000	0.0000	0.0000	0.0000	0.0000	0.0000	0.0000	0.0000	0.0000	0.0000	0.0000	0.0314	0.0279	0.0034	0.0107	0.0101	0.0007	0.0206	0.0179	0.0028	0.0067	0.0039	0.0029	0.0014	0.0012	0.0002	0.0054	0.0027	0.0027	0.0256	0.0165	0.0000	0.0155	0.0140	0.0000	0.0000	0.0000	0.0000	0.0000	0.0000	0.0000	0.0001	0.0001	0.0000	0.0000	0.0000	0.0000					
24	117	0.4166	9	0	1	0	1	0	0	0	0	N	N	N	N	N	N	N	N	N	N	N	N	0.0107	0.0041	0.3015	0.1973	0.0412	8621.3888	0.0057	0.0017	0.0611	0.0016	0.0010	0.0062	0.0022	0.0005	0.0239	0.0012	0.0013	0.0011	0.1463	0.2423	0.0205	0.0110	0.0133	0.0000	0.2194	0.7678	0.0178	0.7557	0.4774	0.0002	-0.0014	6.2936	31.2782	7.0245	23.9277	0.0013	0.0007	0.0005	0.0006	0.0001	0.0005	0.0007	0.0006	0.0001	0.0045	0.0031	0.0015	0.0006	0.0006	0.0000	0.0039	0.0025	0.0015	0.8121	0.7231	0.0891	0.2839	0.2641	0.0198	0.5282	0.4590	0.0692	0.3384	0.2002	0.1383	0.0781	0.0698	0.0083	0.2604	0.1303	0.1300	0.1180	0.0660	0.5855	0.2853	0.0640	8621.3888	0.0829	0.0674	0.0970	0.0133	0.0152	0.0105	0.0076	0.0085	0.0000	0.0150	0.0188	0.0112
24	118	0.4196	13	0	0	1	2	0	0	0	0	N	N	N	Y	N	N	N	N	N	N	N	N	0.0000	0.0000	0.0000	0.0000	0.0000	0.0000	0.0000	0.0000	0.0000	0.0000	0.0000	0.0000	0.0000	0.4746	0.0000	0.4776	0.0000	0.0000	0.0000	0.6095	0.0000	0.4346	inf	0.0000	0.0005	6.2936	3.8827	7.0245	2.9998	0.0000	0.0000	0.0000	0.0000	0.0000	0.0000	0.0000	0.0000	0.0000	0.0015	0.0000	0.0015	0.0000	0.0000	0.0000	0.0015	0.0000	0.0015	0.1040	0.0924	0.0116	0.0329	0.0308	0.0021	0.0711	0.0616	0.0095	0.0409	0.0235	0.0175	0.0085	0.0072	0.0013	0.0325	0.0163	0.0162	0.0000	0.0000	0.0000	0.0000	0.0000	0.0000	0.0000	0.0000	0.0000	0.0359	0.0000	0.0841	0.0000	0.0000	0.0000	0.0453	0.0000	0.0908						
24	119	0.4167	12	0	0	0	2	0	0	0	0	N	N	N	Y	N	N	N	N	N	N	N	N	23.8805	74.4871	0.0000	61.8889	55.8000	0.0331	inf	0.0000	0.0002	0.0002	0.0000	0.0005	0.0006	0.0000	0.0000	0.0000	0.0000	0.0000	0.0000	0.0000	0.0000	0.0000	0.0000	0.0000	0.0000	0.0000	0.0000	3.8853	-0.0000	0.0000	6.2936	2.8083	7.0245	0.0030	0.0000	0.0000	0.0000	0.0000	0.0000	0.0000	0.0000	0.0000	0.0000	0.0000	0.0000	0.0000	0.0000	0.0000	0.0000	0.0000	0.0000	0.0000	0.0951	0.0856	0.0095	0.0372	0.0351	0.0021	0.0579	0.0505	0.0074	0.0169	0.0097	0.0072	0.0035	0.0030	0.0005	0.0134	0.0067	0.0067	23.8805	74.4871	0.0000	61.8889	55.8000	0.0000	0.0455	inf	0.0000	0.0000	0.0000	0.0000	0.0000	0.0000	0.0000	0.0000	0.0000	0.0000	
24	120	0.4167	12	0	0	1	2	0	0	0	0	N	N	N	Y	N	N	N	N	N	N	N	N	6704187.7079	4443383.6523	0.0192	0.0173	inf	inf	3.7002	4.1469	0.0000	0.0000	0.0000	0.0000	5.5704	6.4094	0.0000	0.0000	0.0000	0.0000	0.0000	0.0000	0.0000	0.0000	0.0000	0.0000	0.0000	0.0295	-0.2871	-0.0000	6.2936	9.6158	7.0245	0.0030	0.9998	0.9998	0.0000	0.0000	0.0000	0.0000	0.9998	0.9998	0.0000	0.0000	0.0000	0.0000	0.0000	0.0000	0.0000	0.0000	0.0000	0.0000	0.2702	0.2411	0.0291	0.0907	0.0851	0.0056	0.1795	0.1560	0.0235	0.0569	0.0327	0.0242	0.0118	0.0100	0.0018	0.0451	0.0227	0.0224	6704187.7079	4443383.6523	0.0000	0.0192	0.0173	0.0000	inf	inf	0.0000	0.0000	0.0000	0.0000	0.0000	0.0000	0.0000	0.0000	0.0000	0.0000			
24	121	0.4070	11	0	0	0	2	0	0	0	0	N	N	N	Y	N	N	N	N	N	N	N	N	2.9167	1.3934	0.2614	0.0003	0.0003	10.9500	0.6906	0.3037	0.0017	0.0018	0.0000	0.0000	0.0000	0.0000	0.0029	0.0034	0.0000	0.0006	0.0013	0.0000	0.0014	0.0016	0.0000	0.0003	0.0049	0.0000	0.0003	0.0230	-0.0001	-0.0000	6.2936	4.2457	7.0245	2.0144	0.0002	0.0002	0.0000	0.0000	0.0000	0.0000	0.0002	0.0002	0.0000	0.0000	0.0000	0.0000	0.0000	0.0000	0.0000	0.0000	0.0000	0.0000	0.1372	0.1241	0.0131	0.0586	0.0560	0.0026	0.0786	0.0681	0.0105	0.0414	0.0241	0.0173	0.0096	0.0084	0.0012	0.0318	0.0157	0.0161	4.1422	2.7267	0.2614	0.0003	0.0003	0.0000	28.9467	18.6718	0.3037	0.0004	0.0007	0.0000	0.0014	0.0016	0.0000	0.0001	0.0002	0.0000	
24	122	0.3649	10	0	0	0	2	0	0	0	0	N	N	N	Y	N	N	N	N	N	N	N	N	0.0137	0.0046	31.7812	0.0006	0.0005	0.0000	0.0142	0.0032	36.2632	0.0024	0.0019	0.0066	0.0000	0.0000	0.0000	0.0036	0.0030	0.0079	0.1746	0.4129	0.0002	0.0031	0.0038	0.0000	0.2541	0.9364	0.0002	0.4075	0.0063	0.0000	-0.0013	6.2936	11.9190	7.0245	13.1740	0.0008	0.0006	0.0002	0.0000	0.0000	0.0000	0.0008	0.0006	0.0002	0.0021	0.0021	0.0000	0.0001	0.0001	0.0000	0.0021	0.0020	0.0000	0.3412	0.3051	0.0361	0.1145	0.1085	0.0060	0.2267	0.1966	0.0301	0.1494	0.0850	0.0644	0.0262	0.0231	0.0032	0.1232	0.0620	0.0613	0.1674	0.0761	31.7812	0.0006	0.0006	0.0000	0.2158	0.0895	36.2632	0.0143	0.0250	0.0002	0.0031	0.0035	0.0000	0.0167	0.0330	0.0002
24	123	0.7918	14	0	0	1	2	0	0	0	0	N	N	N	Y	N	N	N	N	N	N	N	N	0.0081	0.0038	0.0000	0.1672	0.1767	0.0000	0.0037	0.0012	0.0000	0.0008	0.0009	0.0000	0.0008	0.0008	0.0000	0.0009	0.0010	0.0000	0.1048	0.2442	0.0071	0.0048	0.0048	0.0043	0.2386	0.8800	0.0058	0.0000	0.2017	-0.0001	-0.0004	6.2936	12.8936	7.0245	4.1514	0.0003	0.0003	0.0000	0.0001	0.0001	0.0000	0.0002	0.0002	0.0000	0.0008	0.0007	0.0001	0.0001	0.0001	0.0000	0.0007	0.0006	0.0001	0.3342	0.3014	0.0329	0.1535	0.1446	0.0090	0.1807	0.1568	0.0239	0.0734	0.0450	0.0284	0.0288	0.0242	0.0046	0.0446	0.0208	0.0238	0.0748	0.0612	0.0000	0.1903	0.2034	0.0000	0.0559	0.0362	0.0000	0.0113	0.0153	0.0049	0.0042	0.0042	0.0043	0.0159	0.0283	0.0050
24	124	0.3802	11	0	1	0	1	0	0	0	0	N	N	N	N	N	N	N	N	N	N	N	N	0.0000	0.0000	0.0451	0.0000	0.0000	0.0564	0.0040	0.0002	0.0000	0.0000	0.0000	0.0000	0.0000	0.0000	0.0000	0.0000	0.0000	0.0000	0.2395	0.4769	0.0000	0.4757	0.5234	0.0000	0.0002	0.0050	0.0000	0.0158	0.0002	-0.0000	-0.0015	6.2936	12.7386	7.0245	8.7370	0.0000	0.0000	0.0000	0.0000	0.0000	0.0000	0.0000	0.0000	0.0000	0.0023	0.0023	0.0000	0.0023	0.0023	0.0000	0.0000	0.0000	0.0000	0.3478	0.3096	0.0382	0.1038	0.0977	0.0061	0.2440	0.2119	0.0321	0.1338	0.0765	0.0573	0.0259	0.0230	0.0029	0.1079	0.0534	0.0544	0.0001	0.0001	0.0451	0.0001	0.0001	0.0564	0.0102	0.0060	0.0000	0.0174	0.0304	0.0000	0.0894	0.1006	0.0000	0.0001	0.0002	0.0000
24	125	0.3649	10	0	1	0	1	0	0	0	0	N	N	N	N	N	N	N	N	N	N	N	N	0.0011	0.0008	0.0009	0.1833	0.1712	0.0074	0.0010	0.0005	0.0010	0.0005	0.0006	0.0000	0.0004	0.0004	0.0000	0.0006	0.0007	0.0000	0.4828	0.6831	0.0022	0.0020	0.0022	0.0000	0.6046	1.3194	0.0023	0.0004	0.0268	-0.0000	-0.0014	6.2936	8.6431	7.0245	1.4782	0.0001	0.0001	0.0000	0.0000	0.0000	0.0000	0.0001	0.0001	0.0000	0.0023	0.0023	0.0001	0.0000	0.0000	0.0000	0.0023	0.0023	0.0001	0.2602	0.2334	0.0268	0.0925	0.0880	0.0045	0.1677	0.1454	0.0223	0.0639	0.0365	0.0274	0.0119	0.0105	0.0013	0.0521	0.0260	0.0261	0.0140	0.0091	0.0009	0.1833	0.1712	0.0074	0.0134	0.0079	0.0010	0.0366	0.0625	0.0022	0.0020	0.0022	0.0000	0.0445	0.0869	0.0023
24	126	0.3553	9	0	0	0	1	0	0	0	0	N	N	N	N	N	N	N	N	N	N	N	N	0.0341	0.0148	8.2196	0.0790	0.0776	1.8386	0.0118	0.0000	10.0963	0.0001	0.0001	0.0002	0.0002	0.0002	0.0000	0.0000	0.0000	0.0003	0.0029	0.0059	0.0000	0.0025	0.0026	0.0000	0.0034	0.0797	0.0000	0.2882	0.0079	-0.0000	-0.0000	6.2936	4.1618	7.0245	2.0491	0.0000	0.0000	0.0000	0.0000	0.0000	0.0000	0.0000	0.0000	0.0000	0.0001	0.0001	0.0000	0.0000	0.0000	0.0000	0.0000	0.0000	0.0000	0.1494	0.1345	0.0149	0.0587	0.0553	0.0033	0.0907	0.0792	0.0115	0.0493	0.0313	0.0180	0.0122	0.0114	0.0008	0.0371	0.0199	0.0172	0.0788	0.0434	8.2196	0.0790	0.0776	1.8386	0.0448	0.0023	10.0963	0.0013	0.0020	0.0000	0.0025	0.0026	0.0000	0.0009	0.0016	0.0000
24	127	0.3262	8	0	0	0	1	0	0	0	0	N	N	N	N	N	N	N	N	N	N	N	N	0.0000	0.0000	0.3160	0.0000	0.0000	0.0003	0.6731	0.0168	118.4796	0.0000	0.0000	0.0001	0.0000	0.0000	0.0000	0.0001	0.0000	0.0001	5.0181	8.8627	0.0004	20.2310	27.0323	0.0025	0.0001	0.0023	0.0000	0.3959	0.0000	-0.0000	-0.3626	6.2936	9.4810	7.0245	7.4917	0.0000	0.0000	0.0000	0.0000	0.0000	0.0000	0.0000	0.0000	0.0000	0.5771	0.5771	0.0000	0.5771	0.5771	0.0000	0.0000	0.0000	0.0000	0.2448	0.2169	0.0279	0.0711	0.0664	0.0047	0.1737	0.1505	0.0232	0.1150	0.0651	0.0499	0.0285	0.0213	0.0072	0.0865	0.0438	0.0427	0.0000	0.0000	0.3160	0.0000	0.0000	0.0003	1.6352	0.6283	118.4796	5.0181	8.8627	0.0004	20.2310	27.0323	0.0025	0.0000	0.0001	0.0000
24	128	0.8040	15	1	1	0	1	0	0	0	0	N	N	N	N	N	N	N	N	N	N	N	N	0.0345	inf	0.0000	inf	inf	0.0000	0.0000	0.0000	0.0000	0.0000	0.0000	0.0000	0.0000	0.0000	0.0000	0.0000	0.0000	0.0000	0.0000	0.0000	0.0000	0.0000	0.0000	0.0000	0.0000	0.1538	inf	-0.0000	0.0000	6.2936	2.0107	7.0245	1.9995	0.0000	0.0000	0.0000	0.0000	0.0000	0.0000	0.0000	0.0000	0.0000	0.0000	0.0000	0.0000	0.0000	0.0000	0.0000	0.0000	0.0000	0.0000	0.0492	0.0442	0.0050	0.0224	0.0210	0.0013	0.0268	0.0231	0.0037	0.0164	0.0100	0.0063	0.0068	0.0057	0.0011	0.0096	0.0043	0.0053	0.0345	inf	0.0000	inf	inf	0.0000	0.0000	0.0000	0.0000	0.0000	0.0000	0.0000	0.0000	0.0000	0.0000	0.0000	0.0000	0.0000		
24	129	0.7918	14	1	1	0	1	0	0	0	0	N	N	N	N	N	N	N	N	N	N	N	N	0.0198	55.2919	0.0395	0.2655	61.0819	0.0000	0.0034	0.0000	0.0646	0.0003	0.0002	0.0009	0.0005	0.0005	0.0000	0.0002	0.0000	0.0013	0.0157	0.0000	0.0234	0.0017	0.0000	0.0106	0.0506	0.0001	0.0203	0.3924	1708.5795	-0.0000	0.0001	6.2936	5.6459	7.0245	1.1399	0.0001	0.0000	0.0000	0.0000	0.0000	0.0000	0.0000	0.0000	0.0000	0.0001	0.0000	0.0001	0.0000	0.0000	0.0000	0.0001	0.0000	0.0001	0.1621	0.1468	0.0153	0.0798	0.0753	0.0046	0.0823	0.0715	0.0108	0.0299	0.0183	0.0116	0.0117	0.0099	0.0019	0.0182	0.0085	0.0097	0.0665	55.2919	0.0767	0.2655	61.0819	0.0000	0.0262	0.0000	0.1067	0.0047	0.0000	0.0120	0.0017	0.0000	0.0106	0.0066	0.0000	0.0123
24	130	0.7615	13	0	0	0	1	0	0	0	0	N	N	N	N	N	N	N	N	N	N	N	N	0.0005	0.0352	0.0006	0.0002	0.0458	0.0000	0.0048	0.2773	0.0408	0.0003	0.0003	0.0008	0.0002	0.0002	0.0000	0.0004	0.0003	0.0011	0.6588	0.0075	1.3412	0.8155	0.0047	8.4804	0.0869	0.0011	0.0280	0.3071	44.4865	-0.0000	0.0022	6.2936	11.6079	7.0245	5.3766	0.0001	0.0001	0.0000	0.0000	0.0000	0.0000	0.0001	0.0000	0.0000	0.0064	0.0001	0.0062	0.0059	0.0001	0.0057	0.0005	0.0000	0.0005	0.3546	0.3208	0.0338	0.1760	0.1650	0.0110	0.1786	0.1558	0.0228	0.0955	0.0595	0.0360	0.0386	0.0339	0.0047	0.0569	0.0256	0.0313	0.0047	0.1123	0.0045	0.0013	0.0524	0.0000	0.0498	23.3481	0.0744	0.0666	0.0024	0.1724	0.1522	0.0041	1.2112	0.0084	0.0000	0.0153
24	131	0.7436	12	0	0	0	1	0	0	0	0	N	N	N	N	N	N	N	N	N	N	N	N	0.0000	0.0000	0.0000	0.0000	0.0000	0.0000	0.0000	0.0000	0.0000	0.0000	0.0000	0.0000	0.0000	0.0000	0.0000	0.0000	0.0000	0.0000	6.3333	0.6095	25.9935	12.6585	0.3946	97.3645	1.1083	0.2724	2.9213	0.0899	190.4473	-0.0000	0.2179	6.2936	3.9355	7.0245	8.7078	0.0000	0.0000	0.0000	0.0000	0.0000	0.0000	0.0000	0.0000	0.0000	0.5947	0.0031	0.5916	0.5810	0.0030	0.5780	0.0137	0.0001	0.0136	0.1368	0.1238	0.0130	0.0664	0.0625	0.0039	0.0705	0.0613	0.0092	0.0939	0.0603	0.0336	0.0459	0.0371	0.0088	0.0480	0.0232	0.0248	0.0000	0.0001	0.0000	0.0000	0.0000	0.0000	0.0000	0.0013	0.0000	6.3333	0.0515	17.6123	12.6585	0.0815	65.6781	0.2850	0.0036	0.5485
24	132	0.7320	11	0	0	0	1	0	0	0	0	N	N	N	N	N	N	N	N	N	N	N	N	0.0000	0.0001	0.0000	0.0000	0.0001	0.0000	0.0000	0.0000	0.0000	0.0001	0.0001	0.0000	0.0002	0.0002	0.0000	0.0000	0.0000	0.0000	6.3211	1.4999	24.3798	14.8454	2.6905	194.4565	0.8875	1.5304	0.4248	0.0039	10.6222	-0.0000	0.1215	6.2936	6.2657	7.0245	3.9760	0.0000	0.0000	0.0000	0.0000	0.0000	0.0000	0.0000	0.0000	0.0000	0.4254	0.0366	0.3888	0.4210	0.0340	0.3870	0.0044	0.0026	0.0018	0.2108	0.1903	0.0205	0.1022	0.0961	0.0060	0.1086	0.0941	0.0145	0.0673	0.0435	0.0238	0.0284	0.0249	0.0035	0.0389	0.0186	0.0203	0.0000	0.0001	0.0000	0.0000	0.0002	0.0000	0.0000	0.0000	0.0000	6.3211	0.8415	16.3364	14.8454	1.3675	111.0448	0.1135	0.1389	0.0901
24	133	0.6547	10	0	0	0	1	0	0	0	0	N	N	N	N	N	N	N	N	N	N	N	N	0.0513	0.0713	0.0001	0.0720	0.2916	0.0000	0.0004	0.0002	0.0370	0.0420	0.0467	0.0002	0.0957	0.1019	0.0001	0.0002	0.0002	0.0002	0.8186	0.6546	1.8571	1.3301	0.3494	14.5021	0.3552	0.9869	0.0050	0.0004	2.3785	-0.0086	0.0027	6.2936	26.7012	7.0245	18.2690	0.0300	0.0300	0.0000	0.0299	0.0299	0.0000	0.0001	0.0001	0.0000	0.0361	0.0107	0.0254	0.0324	0.0074	0.0250	0.0037	0.0033	0.0004	0.7146	0.6424	0.0722	0.3127	0.2938	0.0189	0.4019	0.3486	0.0533	0.2850	0.1844	0.1006	0.1124	0.0996	0.0128	0.1726	0.0848	0.0878	0.3312	0.8051	0.0006	0.3321	1.3765	0.0000	0.0073	0.0039	0.0401	0.1268	0.0580	0.2528	0.2883	0.0740	1.9580	0.0216	0.0391	0.0046
24	134	0.4166	9	0	0	0	1	0	0	0	0	N	N	N	N	N	N	N	N	N	N	N	N	0.4362	0.2265	0.0762	0.0327	0.0527	0.0004	2.6783	0.1395	0.6848	0.0233	0.0260	0.0008	0.0029	0.0031	0.0001	0.0332	0.0379	0.0010	0.0534	0.1148	0.0106	0.0886	0.0589	0.1648	0.0124	0.2719	0.0015	0.0038	0.4545	-0.0094	-0.0016	6.2936	61.4372	7.0245	55.8589	0.0331	0.0330	0.0001	0.0013	0.0013	0.0000	0.0318	0.0316	0.0001	0.0052	0.0036	0.0016	0.0040	0.0027	0.0013	0.0012	0.0009	0.0003	1.4221	1.2684	0.1537	0.4653	0.4343	0.0310	0.9568	0.8341	0.1227	0.5878	0.3420	0.2458	0.1194	0.1049	0.0145	0.4685	0.2371	0.2313	2.6412	2.4965	0.1227	0.0867	0.1201	0.0007	13.0797	10.5523	0.6848	0.0088	0.0104	0.0066	0.0335	0.0258	0.0885	0.0025	0.0036	0.0015
24	135	0.3262	8	0	0	0	1	0	0	0	0	N	N	N	N	N	N	N	N	N	N	N	N	0.0005	0.0002	1.5274	0.0002	0.0002	0.0036	0.6698	0.0000	19.2747	0.0010	0.0008	0.0026	0.0026	0.0027	0.0001	0.0004	0.0000	0.0031	1.9814	3.5246	0.0017	10.7654	13.1752	0.0201	0.0006	0.0071	0.0002	0.3948	0.0004	-0.0000	-0.3625	6.2936	31.7621	7.0245	18.5886	0.0008	0.0006	0.0002	0.0006	0.0006	0.0000	0.0002	0.0000	0.0002	0.5773	0.5771	0.0002	0.5772	0.5770	0.0002	0.0001	0.0000	0.0000	0.7746	0.6880	0.0866	0.2216	0.2074	0.0143	0.5530	0.4806	0.0724	0.2914	0.1637	0.1276	0.0536	0.0438	0.0098	0.2377	0.1199	0.1178	0.0005	0.0002	1.5274	0.0002	0.0002	0.0036	1.8364	0.0002	19.2747	1.9814	3.5246	0.0017	10.7654	13.1752	0.0201	0.0002	0.0003	0.0002
25	26	0.2150	7	1	1	1	0	0	0	0	0	N	N	N	N	N	N	N	N	N	N	N	N	4.8970	2.5243	0.0000	2.1814	2.0028	0.0000	0.0000	0.0000	0.0008	0.0008	0.0000	0.0019	0.0021	0.0000	0.0000	0.0000	0.0000	0.0002	0.0003	0.0000	0.0009	0.0010	0.0000	0.0000	0.0000	0.0000	0.0000	0.0043	-0.0001	-0.0000	4.4994	12.3098	1.0731	9.0087	0.0002	0.0002	0.0000	0.0002	0.0002	0.0000	0.0000	0.0000	0.0000	0.0000	0.0000	0.0000	0.0000	0.0000	0.0000	0.0000	0.0000	0.0000	0.2931	0.2627	0.0305	0.1130	0.1059	0.0071	0.1801	0.1568	0.0233	0.0654	0.0360	0.0294	0.0112	0.0096	0.0016	0.0542	0.0264	0.0278	4.8970	3.0207	0.0000	2.1814	2.0028	0.0000	0.0000	0.0000	0.0000	0.0002	0.0003	0.0000	0.0009	0.0010	0.0000	0.0000	0.0000	0.0000	
25	27	0.1918	6	1	1	1	0	0	0	0	0	N	N	N	N	N	N	N	N	N	N	N	N	82.1528	42.7700	0.0000	36.9651	35.6308	0.0000	264.8119	inf	0.0000	0.0124	0.0139	0.0000	0.0341	0.0363	0.0000	0.0001	0.0001	0.0000	0.0002	0.0003	0.0000	0.0009	0.0010	0.0000	0.0000	0.0000	0.0000	0.0000	0.0017	-0.0021	-0.0000	4.4994	25.8727	1.0731	15.5187	0.0074	0.0074	0.0000	0.0073	0.0073	0.0000	0.0000	0.0000	0.0000	0.0000	0.0000	0.0000	0.0000	0.0000	0.0000	0.0000	0.0000	0.0000	0.5922	0.5287	0.0635	0.2157	0.2022	0.0135	0.3765	0.3265	0.0500	0.1301	0.0736	0.0565	0.0214	0.0193	0.0021	0.1088	0.0543	0.0544	82.1528	52.1589	0.0000	36.9651	35.6308	0.0000	264.8119	inf	0.0000	0.0002	0.0003	0.0000	0.0009	0.0010	0.0000	0.0000	0.0000	0.0000
25	28	0.0918	2	2	1	1	0	0	0	0	0	Y	N	N	N	N	N	N	N	N	N	N	N	28.5533	15.6213	0.0036	6.4472	6.1709	0.0000	6.9763	74.3910	0.0044	0.0179	0.0202	0.0000	0.0517	0.0553	0.0000	0.0020	0.0023	0.0000	0.0006	0.0013	0.0002	0.0080	0.0090	0.0005	0.0003	0.0000	0.0002	0.0000	0.3072	-0.0045	-0.0000	4.4994	38.1974	1.0731	14.3032	0.0157	0.0157	0.0000	0.0145	0.0145	0.0000	0.0012	0.0012	0.0000	0.0001	0.0001	0.0000	0.0001	0.0001	0.0000	0.0000	0.0000	0.0000	0.8799	0.7777	0.1022	0.2814	0.2629	0.0185	0.5985	0.5148	0.0837	0.1574	0.0782	0.0792	0.0087	0.0080	0.0006	0.1488	0.0702	0.0785	41.5615	30.5526	0.0036	8.5926	8.5870	0.0000	18.7320	28083.9313	0.0044	0.0004	0.0007	0.0002	0.0060	0.0064	0.0005	0.0001	0.0000	0.0002
25	29	0.2219	8	1	1	1	0	0	0	0	0	N	N	N	N	N	N	N	N	N	N	N	N	0.9170	0.0000	1381.2602	0.0000	0.0000	422.8340	0.0000	1776.7447	0.0002	0.0000	0.0018	0.0000	0.0000	0.0000	0.0003	0.0000	0.0024	0.0002	0.0005	0.0000	0.0011	0.0013	0.0000	0.0000	0.0000	0.0000	inf	0.0029	0.0000	-0.0000	4.4994	6.0056	1.0731	10.9350	0.0000	0.0000	0.0000	0.0000	0.0000	0.0000	0.0000	0.0000	0.0000	0.0000	0.0000	0.0000	0.0000	0.0000	0.0000	0.0000	0.0000	0.0000	0.1643	0.1474	0.0169	0.0712	0.0667	0.0045	0.0931	0.0808	0.0124	0.0510	0.0280	0.0230	0.0091	0.0078	0.0013	0.0419	0.0202	0.0217	0.9170	0.0000	1381.2602	0.0000	0.0000	0.0000	422.8340	0.0000	1776.7447	0.0002	0.0004	0.0000	0.0011	0.0013	0.0000	0.0000	0.0000	0.0000	
25	30	0.2820	8	2	1	1	0	0	0	0	0	Y	N	N	N	N	N	N	N	N	N	N	N	26.4579	19.8376	39.3622	17.1759	18.2671	16.6856	35.3162	inf	31.4040	0.0006	0.0006	0.0008	0.0011	0.0010	0.0028	0.0002	0.0002	0.0004	0.0000	0.0000	0.0000	0.0001	0.0001	0.0002	0.0000	0.0000	0.0000	0.1545	0.5248	-0.0001	-0.0000	4.4994	17.1852	1.0731	7.8386	0.0004	0.0003	0.0001	0.0003	0.0003	0.0000	0.0001	0.0001	0.0000	0.0000	0.0000	0.0000	0.0000	0.0000	0.0000	0.0000	0.0000	0.0000	0.6288	0.5695	0.0593	0.2774	0.2669	0.0105	0.3514	0.3027	0.0487	0.1149	0.0734	0.0414	0.0333	0.0311	0.0022	0.0815	0.0423	0.0392	26.4579	24.6664	39.3622	17.1759	18.2671	16.6856	35.3162	inf	31.4040	0.0000	0.0000	0.0000	0.0001	0.0001	0.0002	0.0000	0.0000	0.0000
25	31	0.3225	9	1	1	1	0	0	0	0	0	N	N	N	N	N	N	N	N	N	N	N	N	0.0557	0.0224	0.0000	0.0143	0.0139	0.0000	0.0000	0.0000	0.0000	0.0000	0.0000	0.0000	0.0000	0.0000	0.0000	0.0000	0.0000	0.0002	0.0006	0.0000	0.0024	0.0026	0.0000	0.0000	0.0000	0.0000	0.0000	0.0014	-0.0000	-0.0000	4.4994	9.9927	1.0731	7.0404	0.0000	0.0000	0.0000	0.0000	0.0000	0.0000	0.0000	0.0000	0.0000	0.0000	0.0000	0.0000	0.0000	0.0000	0.0000	0.0000	0.0000	0.0000	0.2063	0.1848	0.0214	0.0668	0.0637	0.0031	0.1394	0.1212	0.0183	0.0489	0.0249	0.0240	0.0041	0.0038	0.0003	0.0448	0.0211	0.0237	0.0557	0.0317	0.0000	0.0143	0.0139	0.0000	0.0000	0.0000	0.0000	0.0002	0.0004	0.0000	0.0024	0.0026	0.0000	0.0000	0.0000	0.0000	
25	32	0.3144	8	1	1	1	0	0	0	0	0	N	N	N	N	N	N	N	N	N	N	N	N	56.7375	28.3168	243.4765	13.1457	12.1762	inf	18.9609	inf	63.4260	0.0005	0.0005	0.0002	0.0015	0.0015	0.0013	0.0000	0.0000	0.0001	0.0000	0.0000	0.0000	0.0001	0.0001	0.0000	0.0000	0.0000	0.0000	0.0467	0.0541	-0.0000	-0.0000	4.4994	3.8146	1.0731	0.9911	0.0000	0.0000	0.0000	0.0000	0.0000	0.0000	0.0000	0.0000	0.0000	0.0000	0.0000	0.0000	0.0000	0.0000	0.0000	0.0000	0.0000	0.0000	0.0893	0.0803	0.0090	0.0300	0.0288	0.0012	0.0593	0.0515	0.0078	0.0141	0.0071	0.0070	0.0011	0.0010	0.0001	0.0130	0.0061	0.0069	56.7375	32.0290	243.4765	13.1457	12.1762	inf	18.9609	inf	63.4260	0.0000	0.0000	0.0000	0.0001	0.0001	0.0000	0.0000	0.0000	0.0000
25	33	0.3144	8	1	1	1	0	0	0	0	0	N	N	N	N	N	N	N	N	N	N	N	N	inf	inf	inf	inf	inf	inf	0.0006	0.0006	0.0000	0.0006	0.0006	0.0000	0.0006	0.0006	0.0000	0.0000	0.0000	0.0000	0.0000	0.0000	0.0000	0.0000	0.0000	0.0000	0.0000	-0.0001	0.0000	4.4994	24.4476	1.0731	5.0002	0.0003	0.0003	0.0000	0.0001	0.0001	0.0000	0.0002	0.0002	0.0000	0.0000	0.0000	0.0000	0.0000	0.0000	0.0000	0.0000	0.0000	0.0000	0.4920	0.4413	0.0507	0.1559	0.1487	0.0072	0.3361	0.2926	0.0435	0.0820	0.0416	0.0404	0.0062	0.0057	0.0005	0.0758	0.0359	0.0399	inf	inf	0.0000	inf	inf	0.0000	inf	inf	0.0000	0.0000	0.0000	0.0000	0.0000	0.0000	0.0000	0.0000	0.0000	0.0000				
25	34	0.3625	8	1	1	2	1	0	0	0	0	N	N	Y	N	N	N	N	N	N	N	N	N	1.0033	11870.6552	0.0015	1.4106	9872.7471	0.0000	79.2918	inf	4.5604	0.0024	0.0027	0.0000	0.0045	0.0047	0.0000	0.0001	0.0001	0.0000	0.0024	0.0000	0.0026	0.0032	0.0000	0.0155	0.0000	0.0000	0.0000	0.0001	8299.5833	-0.0000	0.0000	4.4994	1.3124	1.0731	1.0060	0.0001	0.0001	0.0000	0.0001	0.0001	0.0000	0.0000	0.0000	0.0000	0.0000	0.0000	0.0000	0.0000	0.0000	0.0000	0.0000	0.0000	0.0000	0.0387	0.0352	0.0034	0.0206	0.0196	0.0010	0.0181	0.0156	0.0024	0.0091	0.0054	0.0038	0.0031	0.0025	0.0006	0.0060	0.0029	0.0031	2.2179	11870.6552	0.0015	1.4222	9872.7471	0.0000	79.2918	inf	4.5604	0.0011	0.0000	0.0026	0.0032	0.0000	0.0155	0.0000	0.0000	0.0000
25	35	0.2312	7	1	0	1	1	0	0	0	0	N	N	N	N	N	N	N	N	N	N	N	N	0.5141	6429.5318	0.0005	0.9209	4258.2531	0.0000	0.0287	38.7480	0.0006	0.5794	0.6418	0.0021	1.4504	1.5281	0.0013	0.0368	0.0418	0.0023	1.1271	0.0001	3.8297	1.5749	0.0004	27.7167	1.2805	0.0011	3.7855	0.0004	10156.6269	-0.2015	0.0408	4.4994	53.2438	1.0731	16.6757	0.7025	0.7023	0.0002	0.6750	0.6750	0.0000	0.0275	0.0273	0.0002	0.1098	0.0000	0.1098	0.0115	0.0000	0.0114	0.0984	0.0000	0.0984	1.2124	1.0941	0.1183	0.4654	0.4417	0.0237	0.7470	0.6524	0.0946	0.1993	0.1083	0.0909	0.0303	0.0274	0.0029	0.1690	0.0809	0.0880	1.0512	6429.5318	0.0017	3.8374	4258.2531	0.0003	0.0632	3436.5789	0.0020	0.5512	0.0001	1.2076	0.3780	0.0004	3.9326	0.5823	0.0000	1.1175
25	36	0.1904	7	1	1	1	0	0	0	0	0	N	N	N	N	N	N	N	N	N	N	N	N	0.0003	0.0002	0.0017	0.0001	0.0001	0.0000	0.0003	0.0004	0.0020	0.0000	0.0000	0.0000	0.0000	0.0000	0.0000	0.0000	0.0000	0.0000	0.0006	0.0006	0.0004	0.0016	0.0018	0.0000	0.0006	0.0001	0.0004	0.9091	0.8808	0.0000	-0.0000	4.4994	17.9460	1.0731	11.6991	0.0000	0.0000	0.0000	0.0000	0.0000	0.0000	0.0000	0.0000	0.0000	0.0000	0.0000	0.0000	0.0000	0.0000	0.0000	0.0000	0.0000	0.0000	0.4205	0.3768	0.0437	0.1408	0.1337	0.0071	0.2797	0.2431	0.0365	0.0953	0.0502	0.0451	0.0124	0.0111	0.0013	0.0829	0.0391	0.0438	0.0004	0.0002	0.0017	0.0001	0.0001	0.0000	0.0007	0.1238	0.0020	0.0004	0.0004	0.0004	0.0016	0.0018	0.0000	0.0002	0.0000	0.0004
25	37	0.6458	12	2	1	1	0	0	0	0	0	Y	N	N	N	N	N	N	N	N	N	N	N	inf	inf	inf	inf	0.0000	0.0000	0.0000	0.0000	0.0000	0.0000	0.0000	0.0000	0.0000	0.0000	0.0000	0.0000	0.0000	0.0000	0.0000	0.0000	0.0000	0.0000	0.0000	-0.0000	0.0000	4.4994	1.9903	1.0731	0.0021	0.0000	0.0000	0.0000	0.0000	0.0000	0.0000	0.0000	0.0000	0.0000	0.0000	0.0000	0.0000	0.0000	0.0000	0.0000	0.0000	0.0000	0.0000	0.0441	0.0401	0.0040	0.0229	0.0217	0.0012	0.0212	0.0184	0.0028	0.0044	0.0027	0.0016	0.0015	0.0013	0.0002	0.0029	0.0014	0.0015	inf	inf	0.0000	inf	inf	0.0000	0.0000	0.0000	0.0000	0.0000	0.0000	0.0000	0.0000	0.0000	0.0000	0.0000	0.0000	0.0000						
25	38	0.2312	7	1	1	1	1	0	0	0	0	N	N	N	N	N	N	N	N	N	N	N	N	1.1860	3289.3539	1.8633	2.0257	2137.5923	1.1949	0.1025	inf	0.1842	1.3603	0.7118	7.3830	3.2661	1.6598	33.6826	0.1336	0.0474	0.7228	1.1470	0.0002	3.9622	1.6123	0.0008	28.1889	1.3026	0.0000	3.9240	1.1169	5465.7766	0.3532	0.0408	4.4994	45.5232	1.0731	15.8903	1.4685	0.6937	0.7748	1.3808	0.6665	0.7143	0.0877	0.0272	0.0605	0.1098	0.0000	0.1098	0.0115	0.0000	0.0114	0.0984	0.0000	0.0984	1.0795	0.9746	0.1049	0.4228	0.4016	0.0212	0.6568	0.5730	0.0837	0.1808	0.0985	0.0823	0.0285	0.0259	0.0026	0.1523	0.0727	0.0796	2.2391	3490.9395	5.5296	8.1239	2137.5923	7.7491	0.2067	inf	0.5850	0.6076	0.0002	1.3352	0.4020	0.0008	4.3467	0.6460	0.0000	1.2356
25	39	0.2041	6	1	0	1	1	0	0	0	0	N	N	N	N	N	N	N	N	N	N	N	N	0.0080	0.0931	0.0008	0.2250	0.2390	0.1630	0.0005	0.0039	0.0001	0.1117	0.1202	0.0381	0.2979	0.3033	0.1954	0.0074	0.0078	0.0051	13.9068	1.2914	45.8935	1.3238	1.2689	1.1991	16.3969	1.9996	45.2929	0.0367	63.1850	-0.0098	0.3130	4.4994	13.8166	1.0731	4.5847	0.0389	0.0375	0.0014	0.0372	0.0360	0.0012	0.0017	0.0015	0.0002	0.8792	0.0137	0.8655	0.0028	0.0025	0.0003	0.8764	0.0112	0.8652	0.3481	0.3120	0.0361	0.1250	0.1187	0.0063	0.2231	0.1933	0.0298	0.0632	0.0352	0.0281	0.0098	0.0089	0.0008	0.0534	0.0262	0.0272	0.0080	0.3085	0.0012	1.0376	1.0706	0.5964	0.0005	0.0182	0.0002	13.9068	0.3896	30.8433	0.2870	0.2833	0.3277	16.3969	0.4258	31.7745
25	40	0.3659	10	1	0	2	0	0	0	0	0	N	N	Y	N	N	N	N	N	N	N	N	N	0.9602	1956.7455	0.0161	0.2102	582.0045	0.0044	6.0241	inf	0.0216	0.0002	0.0002	0.0000	0.0002	0.0002	0.0000	0.0002	0.0002	0.0000	0.0002	0.0000	0.0005	0.0008	0.0000	0.0095	0.0000	0.0000	0.0000	0.0042	3123.3721	-0.0000	0.0000	4.4994	12.6411	1.0731	7.4648	0.0001	0.0001	0.0000	0.0000	0.0000	0.0000	0.0000	0.0000	0.0000	0.0000	0.0000	0.0000	0.0000	0.0000	0.0000	0.0000	0.0000	0.0000	0.3155	0.2833	0.0322	0.1202	0.1148	0.0055	0.1953	0.1685	0.0267	0.0676	0.0398	0.0279	0.0157	0.0143	0.0013	0.0520	0.0254	0.0265	0.9602	1956.7455	0.0161	0.2102	582.0045	0.0044	12.0519	inf	0.0216	0.0002	0.0000	0.0005	0.0008	0.0000	0.0095	0.0000	0.0000	0.0000
25	41	0.6334	10	1	1	1	0	0	0	0	0	N	N	N	N	N	N	N	N	N	N	N	N	185.8348	5.0090	1963.3377	326.2357	3.4598	19926.1561	105.3650	inf	1521.3370	0.2489	0.0020	2.6536	0.2102	0.0024	3.5908	0.2924	0.0015	2.1937	0.0013	0.0004	0.0014	0.0006	0.0007	0.0002	0.0028	0.0000	0.0014	135.1102	2.9178	0.0898	0.0000	4.4994	22.0894	1.0731	9.3639	0.1273	0.0009	0.1264	0.0569	0.0006	0.0563	0.0704	0.0003	0.0701	0.0001	0.0000	0.0000	0.0000	0.0000	0.0000	0.0000	0.0000	0.0000	0.5114	0.4638	0.0476	0.2707	0.2550	0.0157	0.2407	0.2088	0.0319	0.0746	0.0448	0.0298	0.0220	0.0199	0.0021	0.0526	0.0249	0.0277	343.2499	6.5411	1963.3377	326.2357	3.4598	19926.1561	385.2679	inf	1521.3370	0.0007	0.0003	0.0014	0.0006	0.0007	0.0002	0.0008	0.0000	0.0014
25	42	0.2041	6	1	1	1	0	0	0	0	0	N	N	N	N	N	N	N	N	N	N	N	N	0.0004	0.0003	1264.0507	0.0003	0.0003	0.0000	699.4660	0.5955	3771.7682	0.0003	0.0003	0.0006	0.0007	0.0008	0.0000	0.0001	0.0000	0.0007	0.8251	1.1403	0.0000	2.4950	2.5703	0.0000	0.0000	0.0001	0.0000	0.2505	0.0000	-0.0000	-0.0144	4.4994	43.3975	1.0731	17.3745	0.0003	0.0002	0.0001	0.0002	0.0002	0.0000	0.0001	0.0000	0.0001	0.0229	0.0229	0.0000	0.0229	0.0229	0.0000	0.0000	0.0000	0.0000	0.9326	0.8356	0.0970	0.3075	0.2914	0.0161	0.6251	0.5443	0.0809	0.1742	0.0937	0.0805	0.0209	0.0185	0.0024	0.1533	0.0752	0.0781	0.0024	0.0012	1264.0507	0.0007	0.0006	0.0000	699.4660	217.6501	3771.7682	0.1316	0.2447	0.0000	1.0965	1.2403	0.0000	0.0000	0.0000	0.0000
25	43	0.5635	9	2	0	2	0	0	0	0	0	Y	N	Y	N	N	N	N	N	N	N	N	N	152241.3395	inf	200.1165	463.8502	inf	116.3130	365877.8406	inf	19.5545	0.0684	0.0756	0.0002	0.0004	0.0003	0.0008	0.1249	0.1438	0.0000	0.0000	0.0000	0.0000	0.0000	0.0000	0.0000	0.0000	0.0000	0.0000	0.0003	inf	-0.0075	0.0000	4.4994	18.2331	1.0731	4.4208	0.0262	0.0262	0.0000	0.0001	0.0001	0.0000	0.0262	0.0262	0.0000	0.0000	0.0000	0.0000	0.0000	0.0000	0.0000	0.0000	0.0000	0.0000	0.3833	0.3470	0.0363	0.1737	0.1650	0.0087	0.2096	0.1820	0.0277	0.0536	0.0307	0.0229	0.0135	0.0121	0.0014	0.0401	0.0187	0.0215	152241.3395	inf	200.1165	463.8502	inf	116.3130	365877.8406	inf	19.5545	0.0000	0.0000	0.0000	0.0000	0.0000	0.0000	0.0000	0.0000	0.0000
25	44	0.6233	9	1	1	1	1	0	0	0	0	N	N	N	N	N	N	N	N	N	N	N	N	149.8573	73.0262	194.6663	144.8301	122.0123	169.7544	36130.2124	9408.3910	18.5264	0.7311	0.8046	0.0018	1.3194	1.3999	0.0053	0.1279	0.1463	0.0001	0.0049	0.0110	0.0000	0.0091	0.0115	0.0000	0.0000	0.0000	0.0000	0.0002	0.0019	-0.2728	-0.0002	4.4994	62.5878	1.0731	29.9840	0.9508	0.9506	0.0002	0.8687	0.8685	0.0002	0.0821	0.0821	0.0000	0.0004	0.0004	0.0000	0.0004	0.0004	0.0000	0.0000	0.0000	0.0000	1.3005	1.1815	0.1190	0.6584	0.6204	0.0380	0.6421	0.5610	0.0811	0.1956	0.1173	0.0782	0.0560	0.0488	0.0072	0.1396	0.0685	0.0710	388.1134	256.7747	194.6663	200.8479	185.8459	169.7544	36130.2124	3580945.1855	18.5264	0.0019	0.0031	0.0000	0.0066	0.0075	0.0000	0.0000	0.0000	0.0000
25	45	0.5635	9	2	0	2	0	0	0	0	0	Y	N	Y	N	N	N	N	N	N	N	N	N	368.5069	inf	198.5625	472.8127	inf	112.9432	5.5093	inf	19.4665	0.0002	0.0002	0.0003	0.0005	0.0004	0.0011	0.0000	0.0000	0.0000	0.0000	0.0000	0.0000	0.0000	0.0000	0.0000	0.0000	0.0000	0.0000	0.1318	inf	-0.0000	0.0000	4.4994	13.5293	1.0731	3.1702	0.0001	0.0001	0.0000	0.0001	0.0001	0.0000	0.0000	0.0000	0.0000	0.0000	0.0000	0.0000	0.0000	0.0000	0.0000	0.0000	0.0000	0.0000	0.2955	0.2678	0.0277	0.1358	0.1291	0.0067	0.1597	0.1387	0.0210	0.0408	0.0235	0.0173	0.0104	0.0094	0.0010	0.0303	0.0141	0.0163	368.5069	inf	198.5625	472.8127	inf	112.9432	5.5093	inf	19.4665	0.0000	0.0000	0.0000	0.0000	0.0000	0.0000	0.0000	0.0000	0.0000
25	46	0.5591	8	2	0	2	0	0	0	0	0	Y	N	Y	N	N	N	N	N	N	N	N	N	720.5224	479.8721	1303.6993	479.3527	467.7661	751.3517	79.2428	inf	228.1489	0.0243	0.0252	0.0159	0.0468	0.0469	0.0450	0.0004	0.0001	0.0022	0.0000	0.0001	0.0000	0.0001	0.0001	0.0001	0.0000	0.0000	0.0000	0.0701	0.1678	-0.0007	-0.0000	4.4994	4.1147	1.0731	1.2946	0.0033	0.0031	0.0002	0.0033	0.0031	0.0002	0.0000	0.0000	0.0000	0.0000	0.0000	0.0000	0.0000	0.0000	0.0000	0.0000	0.0000	0.0000	0.1366	0.1229	0.0136	0.0703	0.0659	0.0044	0.0663	0.0570	0.0093	0.0173	0.0105	0.0069	0.0053	0.0050	0.0004	0.0120	0.0055	0.0065	720.5224	527.3818	1303.6993	479.3527	467.7661	751.3517	79.2428	inf	228.1489	0.0000	0.0000	0.0000	0.0001	0.0001	0.0001	0.0000	0.0000	0.0000
25	47	0.4964	7	2	0	1	0	0	0	0	0	Y	N	N	N	N	N	N	N	N	N	N	N	1479.4975	80.7544	25395.8845	2236.6267	142.4252	30203.5867	159.9185	1.6446	1886.9343	1.4337	0.0902	13.6027	2.8867	0.1827	41.8685	0.1186	0.0001	0.9065	0.0010	0.0011	0.0005	0.0013	0.0013	0.0014	0.0007	0.0000	0.0005	16.6558	0.5682	0.5113	-0.0000	4.4994	22.0103	1.0731	13.6452	0.7791	0.0441	0.7350	0.7453	0.0441	0.7012	0.0338	0.0000	0.0338	0.0001	0.0000	0.0000	0.0000	0.0000	0.0000	0.0000	0.0000	0.0000	0.5434	0.4894	0.0540	0.2582	0.2414	0.0167	0.2853	0.2480	0.0373	0.1215	0.0739	0.0477	0.0379	0.0350	0.0029	0.0836	0.0389	0.0447	2473.5328	148.3050	25395.8845	2236.6267	142.4252	30203.5867	461.0411	614.3667	1886.9343	0.0006	0.0006	0.0005	0.0013	0.0013	0.0014	0.0003	0.0000	0.0005
25	48	0.3659	10	1	1	1	0	0	0	0	0	N	N	N	N	N	N	N	N	N	N	N	N	2.1392	283.3371	0.0000	1.4063	263.5491	0.0000	0.0147	inf	0.0000	0.0004	0.0004	0.0000	0.0010	0.0011	0.0000	0.0000	0.0000	0.0000	0.0002	0.0000	0.0004	0.0007	0.0000	0.0092	0.0000	0.0000	0.0000	0.0000	198.5453	-0.0000	0.0000	4.4994	12.3962	1.0731	3.7178	0.0001	0.0001	0.0000	0.0001	0.0001	0.0000	0.0000	0.0000	0.0000	0.0000	0.0000	0.0000	0.0000	0.0000	0.0000	0.0000	0.0000	0.0000	0.3136	0.2816	0.0320	0.1196	0.1141	0.0054	0.1941	0.1675	0.0266	0.0578	0.0345	0.0234	0.0141	0.0130	0.0011	0.0438	0.0215	0.0223	2.1392	283.3371	0.0000	1.4063	263.5491	0.0000	0.0147	inf	0.0000	0.0002	0.0000	0.0004	0.0007	0.0000	0.0092	0.0000	0.0000	0.0000
25	49	0.3370	9	1	0	1	0	0	0	0	0	N	N	N	N	N	N	N	N	N	N	N	N	0.0888	0.3307	0.0004	0.1234	0.3928	0.0000	0.0022	0.0145	0.0019	0.0001	0.0001	0.0000	0.0003	0.0003	0.0000	0.0000	0.0000	0.0000	0.0012	0.0004	0.0012	0.0021	0.0007	0.0171	0.0004	0.0001	0.0003	0.0004	2.9304	-0.0000	0.0000	4.4994	14.4870	1.0731	5.8627	0.0000	0.0000	0.0000	0.0000	0.0000	0.0000	0.0000	0.0000	0.0000	0.0001	0.0000	0.0000	0.0000	0.0000	0.0000	0.0000	0.0000	0.0000	0.3992	0.3590	0.0401	0.1658	0.1573	0.0085	0.2334	0.2018	0.0316	0.0791	0.0462	0.0329	0.0211	0.0193	0.0018	0.0580	0.0270	0.0311	0.1623	0.4145	0.0004	0.1234	0.3928	0.0000	0.0058	5.2471	0.0019	0.0007	0.0003	0.0012	0.0021	0.0007	0.0171	0.0001	0.0000	0.0003
25	50	0.0143	2	2	1	2	0	0	0	0	0	Y	N	Y	N	N	N	N	N	N	N	N	N	38.8739	6.3008	inf	6.4720	6.6162	inf	inf	inf	inf	1.0324	1.2380	0.0003	7.4636	7.5068	0.0120	0.0001	0.0000	0.0002	0.0266	0.1965	0.0000	1.1532	1.1346	0.0000	0.0000	0.0000	0.0000	0.0000	0.0000	-0.0074	-0.0001	4.4994	0.9856	1.0731	2.8295	0.0256	0.0256	0.0000	0.0256	0.0256	0.0000	0.0000	0.0000	0.0000	0.0001	0.0001	0.0000	0.0001	0.0001	0.0000	0.0000	0.0000	0.0000	0.0248	0.0207	0.0041	0.0034	0.0034	0.0000	0.0214	0.0173	0.0041	0.0145	0.0071	0.0074	0.0004	0.0004	0.0000	0.0141	0.0067	0.0074	159.7020	93.4722	inf	31.2893	30.7903	inf	inf	inf	inf	0.0065	0.0132	0.0000	0.2385	0.2438	0.0000	0.0000	0.0000	0.0000
25	51	0.6033	10	2	1	1	0	0	0	0	0	Y	N	N	N	N	N	N	N	N	N	N	N	99.9316	92.9093	77.1246	71.9168	70.0872	0.0000	60.1627	6.3422	106.1748	0.0018	0.0018	0.0016	0.0024	0.0026	0.0000	0.0011	0.0010	0.0022	0.0000	0.0000	0.0000	0.0000	0.0000	0.0000	0.0000	0.0002	0.0000	0.0874	0.7509	-0.0001	-0.0000	4.4994	13.3057	1.0731	8.6321	0.0006	0.0006	0.0000	0.0004	0.0004	0.0000	0.0002	0.0001	0.0000	0.0000	0.0000	0.0000	0.0000	0.0000	0.0000	0.0000	0.0000	0.0000	0.3435	0.3114	0.0321	0.1805	0.1707	0.0099	0.1630	0.1407	0.0222	0.0553	0.0340	0.0213	0.0173	0.0154	0.0019	0.0380	0.0186	0.0194	99.9316	109.2095	77.1246	71.9168	70.0872	0.0000	102.8613	1918.6119	106.1748	0.0000	0.0000	0.0000	0.0000	0.0000	0.0000	0.0000	0.0000	0.0000
25	52	0.4680	12	1	1	1	1	0	0	0	0	N	N	N	N	N	N	N	N	N	N	N	N	305.7523	255.2712	0.0403	311.1837	290.6348	inf	0.0096	0.0005	0.0000	0.0067	0.0073	0.0000	0.0143	0.0150	0.0000	0.0000	0.0000	0.0000	0.0000	0.0000	0.0000	0.0000	0.0001	0.0000	0.0000	0.0004	0.0000	0.0000	0.5864	-0.0001	-0.0000	4.4994	2.1073	1.0731	0.0711	0.0004	0.0004	0.0000	0.0004	0.0004	0.0000	0.0000	0.0000	0.0000	0.0000	0.0000	0.0000	0.0000	0.0000	0.0000	0.0000	0.0000	0.0000	0.0526	0.0477	0.0049	0.0246	0.0233	0.0012	0.0280	0.0243	0.0037	0.0063	0.0037	0.0026	0.0018	0.0016	0.0002	0.0045	0.0021	0.0024	305.7523	316.9768	0.0403	311.1837	290.6348	inf	0.0169	0.1084	0.0000	0.0000	0.0000	0.0000	0.0000	0.0001	0.0000	0.0000	0.0000	0.0000
25	53	0.4056	11	1	0	1	1	0	0	0	0	N	N	N	N	N	N	N	N	N	N	N	N	943550.0556	1552561.0858	946.4720	887514.4824	824874.5727	12244.6778	119.7959	6.6191	102.3249	2.0648	2.2757	0.0029	4.3684	4.6148	0.0098	0.0002	0.0002	0.0003	0.0000	0.0000	0.0000	0.0000	0.0000	0.0000	0.0000	0.0000	0.0000	0.0001	1.7002	-0.2863	0.0000	4.4994	21.8329	1.0731	8.0592	0.9977	0.9976	0.0001	0.9976	0.9975	0.0001	0.0001	0.0000	0.0000	0.0000	0.0000	0.0000	0.0000	0.0000	0.0000	0.0000	0.0000	0.0000	0.4832	0.4383	0.0448	0.2284	0.2162	0.0122	0.2548	0.2222	0.0326	0.0659	0.0364	0.0295	0.0107	0.0092	0.0015	0.0552	0.0272	0.0280	943550.0556	1552561.0858	946.4720	887514.4824	824874.5727	12244.6778	119.7959	2452.1763	102.3249	0.0000	0.0000	0.0000	0.0000	0.0000	0.0000	0.0000	0.0000	0.0000
25	54	0.7157	12	1	1	1	1	0	0	0	0	N	N	N	N	N	N	N	N	N	N	N	N	0.0000	0.0000	0.0000	0.0000	0.0000	0.0000	0.0000	0.0000	0.0000	0.0000	0.0000	0.0000	0.0000	0.0000	0.0000	0.0000	0.0000	0.0000	0.0000	0.0000	4.4994	0.0000	1.0731	0.0000	0.0000	0.0000	0.0000	0.0000	0.0000	0.0000	0.0000	0.0000	0.0000	0.0000	0.0000	0.0000	0.0000	0.0000	0.0000	0.0000	0.0000	0.0000	0.0000	0.0000	0.0000	0.0000	0.0000	0.0000	0.0000	0.0000	0.0000	0.0000	0.0000	0.0000	0.0000	0.0000	0.0000	0.0000	0.0000	0.0000	0.0000	0.0000	0.0000	0.0000	0.0000	0.0000	0.0000	0.0000	0.0000	0.0000	0.0000	0.0000	0.0000	0.0000	0.0000	0.0000	0.0000	0.0000											
25	55	0.4056	11	1	0	1	1	0	0	0	0	N	N	N	N	N	N	N	N	N	N	N	N	524.7607	0.3132	76911.4719	263.5450	0.2096	41894.3500	3.6209	inf	1.5011	0.0180	0.0000	0.2005	0.0341	0.0000	0.5997	0.0000	0.0000	0.0000	0.0000	0.0001	0.0000	0.0001	0.0001	0.0000	0.0000	0.0000	0.0000	1129.7866	0.0298	0.0005	-0.0000	4.4994	1.2825	1.0731	0.1503	0.0007	0.0000	0.0007	0.0007	0.0000	0.0007	0.0000	0.0000	0.0000	0.0000	0.0000	0.0000	0.0000	0.0000	0.0000	0.0000	0.0000	0.0000	0.0389	0.0354	0.0035	0.0205	0.0194	0.0012	0.0183	0.0160	0.0023	0.0045	0.0028	0.0017	0.0012	0.0011	0.0001	0.0034	0.0017	0.0016	524.7607	0.3253	76911.4719	263.5450	0.2096	41894.3500	3.6209	inf	1.5011	0.0000	0.0001	0.0000	0.0001	0.0001	0.0000	0.0000	0.0000	0.0000
25	56	0.3646	10	1	0	1	1	0	0	0	0	N	N	N	N	N	N	N	N	N	N	N	N	2.1908	1153.6427	0.5508	1.8727	891.6798	0.1486	47.6640	2.9137	1.1211	0.0020	0.0022	0.0008	0.0040	0.0041	0.0027	0.0002	0.0002	0.0000	0.0009	0.0000	0.0014	0.0021	0.0000	0.0184	0.0000	0.0001	0.0000	0.0391	489.5395	-0.0002	0.0000	4.4994	14.8542	1.0731	6.8183	0.0008	0.0008	0.0000	0.0008	0.0007	0.0000	0.0000	0.0000	0.0000	0.0000	0.0000	0.0000	0.0000	0.0000	0.0000	0.0000	0.0000	0.0000	0.3970	0.3590	0.0380	0.1914	0.1805	0.0110	0.2056	0.1786	0.0270	0.0713	0.0437	0.0276	0.0187	0.0165	0.0022	0.0526	0.0272	0.0255	3.6079	1153.6427	0.5508	1.8727	891.6798	0.1486	47.6640	973.1553	1.1211	0.0006	0.0000	0.0014	0.0021	0.0000	0.0184	0.0000	0.0000	0.0000
25	57	0.2897	9	1	0	1	1	0	0	0	0	N	N	N	N	N	N	N	N	N	N	N	N	0.1365	0.4887	0.1944	0.0827	0.4571	0.0199	0.1979	0.1609	0.3985	0.0006	0.0005	0.0006	0.0011	0.0011	0.0018	0.0001	0.0001	0.0002	0.0040	0.0011	0.0029	0.0137	0.0024	0.0903	0.0006	0.0007	0.0004	0.1044	3.7112	-0.0001	0.0000	4.4994	33.5853	1.0731	9.3450	0.0005	0.0004	0.0000	0.0004	0.0004	0.0000	0.0001	0.0000	0.0000	0.0002	0.0000	0.0002	0.0002	0.0000	0.0001	0.0000	0.0000	0.0000	0.8551	0.7748	0.0803	0.3662	0.3470	0.0192	0.4889	0.4279	0.0611	0.1192	0.0665	0.0528	0.0191	0.0168	0.0022	0.1002	0.0496	0.0505	0.3434	0.9009	0.1944	0.1268	0.4571	0.0309	0.5507	24.7364	0.3985	0.0016	0.0006	0.0029	0.0089	0.0024	0.0582	0.0002	0.0000	0.0004
25	58	0.2689	8	1	0	1	0	0	0	0	0	N	N	N	N	N	N	N	N	N	N	N	N	0.0040	0.0228	0.0038	0.0073	0.0271	0.0005	0.0069	0.2607	0.0060	0.0004	0.0004	0.0001	0.0006	0.0006	0.0004	0.0002	0.0003	0.0001	0.0949	0.0179	0.0388	0.0793	0.0217	0.7363	0.0359	0.0010	0.0140	0.0415	3.4379	-0.0000	0.0001	4.4994	15.2419	1.0731	2.5705	0.0002	0.0002	0.0000	0.0001	0.0001	0.0000	0.0001	0.0001	0.0000	0.0007	0.0002	0.0005	0.0004	0.0002	0.0003	0.0003	0.0000	0.0003	0.4373	0.3928	0.0445	0.1772	0.1680	0.0092	0.2601	0.2248	0.0353	0.0636	0.0350	0.0286	0.0136	0.0125	0.0011	0.0500	0.0225	0.0275	0.0354	0.0925	0.0081	0.0186	0.0476	0.0017	0.0472	25.5841	0.0088	0.0107	0.0044	0.0185	0.0311	0.0123	0.2393	0.0052	0.0000	0.0095
25	59	0.7157	12	1	0	1	1	0	0	0	0	N	N	N	N	N	N	N	N	N	N	N	N	0.0000	0.0000	0.0000	0.0000	0.0000	0.0000	0.0000	0.0000	0.0000	0.0000	0.0000	0.0000	0.0000	0.0000	0.0000	0.0000	0.0000	0.0000	0.0000	0.0000	4.4994	0.0000	1.0731	0.0000	0.0000	0.0000	0.0000	0.0000	0.0000	0.0000	0.0000	0.0000	0.0000	0.0000	0.0000	0.0000	0.0000	0.0000	0.0000	0.0000	0.0000	0.0000	0.0000	0.0000	0.0000	0.0000	0.0000	0.0000	0.0000	0.0000	0.0000	0.0000	0.0000	0.0000	0.0000	0.0000	0.0000	0.0000	0.0000	0.0000	0.0000	0.0000	0.0000	0.0000	0.0000	0.0000	0.0000	0.0000	0.0000	0.0000	0.0000	0.0000	0.0000	0.0000	0.0000	0.0000	0.0000	0.0000											
25	60	0.6383	11	1	0	1	1	0	0	0	0	N	N	N	N	N	N	N	N	N	N	N	N	2.5973	29.0488	0.3085	47.8413	44.1341	inf	0.0286	0.0753	0.4383	0.0222	0.0240	0.0035	0.0470	0.0494	0.0000	0.0006	0.0000	0.0046	0.0085	0.0008	0.0114	0.0010	0.0011	0.0000	0.0215	0.0002	0.0105	0.0148	8.9609	-0.0021	0.0001	4.4994	19.3360	1.0731	7.9957	0.0077	0.0076	0.0001	0.0076	0.0076	0.0000	0.0001	0.0000	0.0001	0.0002	0.0000	0.0002	0.0000	0.0000	0.0000	0.0002	0.0000	0.0002	0.3483	0.3163	0.0320	0.1616	0.1540	0.0076	0.1867	0.1623	0.0244	0.0626	0.0385	0.0241	0.0190	0.0167	0.0023	0.0436	0.0218	0.0218	7.4562	49.6020	0.5069	47.8413	44.1341	inf	0.1607	22.5611	0.6003	0.0030	0.0005	0.0070	0.0010	0.0011	0.0000	0.0038	0.0000	0.0077
25	61	0.3283	9	1	1	2	0	0	0	0	0	N	N	Y	N	N	N	N	N	N	N	N	N	3.6107	447.4212	0.8745	10.4585	259.0563	0.1961	0.0888	inf	0.1258	0.1579	0.1741	0.0293	0.4591	0.4788	0.1504	0.0047	0.0051	0.0027	0.0437	0.0004	0.0335	0.0439	0.0018	0.7667	0.0535	0.0000	0.0213	0.0213	51.1364	-0.0129	0.0002	4.4994	14.2360	1.0731	11.9336	0.0486	0.0476	0.0010	0.0476	0.0467	0.0009	0.0010	0.0009	0.0001	0.0006	0.0000	0.0006	0.0001	0.0000	0.0001	0.0005	0.0000	0.0005	0.3078	0.2733	0.0345	0.1037	0.0975	0.0062	0.2040	0.1758	0.0283	0.0744	0.0380	0.0364	0.0068	0.0062	0.0005	0.0676	0.0318	0.0358	19.5660	574.8869	1.8114	22.1646	259.0563	0.6138	0.6974	inf	0.2084	0.0081	0.0003	0.0162	0.0207	0.0018	0.2450	0.0068	0.0000	0.0128
25	62	0.1307	5	2	0	2	0	0	0	0	0	Y	N	Y	N	N	N	N	N	N	N	N	N	8.7041	3.4179	2476.1334	52.0850	50.0161	inf	0.2371	0.0073	155.1648	0.0447	0.0505	0.0028	0.1570	0.1660	0.0191	0.0019	0.0022	0.0002	0.0051	0.0148	0.0000	0.0030	0.0033	0.0000	0.0079	0.2985	0.0000	0.0077	0.0003	-0.0074	-0.0002	4.4994	28.8660	1.0731	13.2209	0.0265	0.0263	0.0002	0.0257	0.0255	0.0002	0.0008	0.0008	0.0000	0.0002	0.0002	0.0000	0.0000	0.0000	0.0000	0.0002	0.0002	0.0000	0.5934	0.5212	0.0722	0.1637	0.1537	0.0100	0.4297	0.3675	0.0622	0.1264	0.0643	0.0621	0.0099	0.0093	0.0006	0.1164	0.0549	0.0615	22.6290	13.0062	2476.1334	52.0850	51.7779	inf	0.9978	0.5432	155.1648	0.0020	0.0039	0.0000	0.0030	0.0032	0.0000	0.0019	0.0040	0.0000
25	63	0.2534	8	2	1	1	0	0	0	0	0	Y	N	N	N	N	N	N	N	N	N	N	N	0.0009	0.0005	0.0000	0.0006	0.0005	0.0000	0.0015	0.0008	0.0000	0.0000	0.0000	0.0000	0.0000	0.0000	0.0000	0.0000	0.0000	0.0000	0.0007	0.0015	0.0001	0.0021	0.0024	0.0000	0.0002	0.0005	0.0001	0.0000	0.1545	-0.0000	-0.0000	4.4994	5.0237	1.0731	8.0282	0.0000	0.0000	0.0000	0.0000	0.0000	0.0000	0.0000	0.0000	0.0000	0.0000	0.0000	0.0000	0.0000	0.0000	0.0000	0.0000	0.0000	0.0000	0.1145	0.1028	0.0118	0.0428	0.0405	0.0023	0.0717	0.0623	0.0094	0.0448	0.0238	0.0210	0.0082	0.0074	0.0008	0.0366	0.0163	0.0202	0.0014	0.0010	0.0000	0.0006	0.0005	0.0000	0.0041	0.1530	0.0000	0.0005	0.0007	0.0001	0.0021	0.0024	0.0000	0.0001	0.0000	0.0001
25	64	0.1904	7	2	1	1	0	0	0	0	0	Y	N	N	N	N	N	N	N	N	N	N	N	0.0769	0.0762	0.0000	0.2026	0.1889	0.0000	0.0172	0.0032	0.0000	0.0002	0.0002	0.0000	0.0005	0.0005	0.0000	0.0001	0.0001	0.0000	0.0028	0.0032	0.0012	0.0025	0.0028	0.0000	0.0042	0.0261	0.0013	0.0000	0.9014	-0.0000	-0.0000	4.4994	17.5893	1.0731	19.0270	0.0001	0.0001	0.0000	0.0001	0.0001	0.0000	0.0000	0.0000	0.0000	0.0001	0.0001	0.0001	0.0000	0.0000	0.0000	0.0001	0.0000	0.0001	0.4130	0.3702	0.0429	0.1385	0.1315	0.0070	0.2746	0.2387	0.0359	0.1137	0.0598	0.0539	0.0139	0.0123	0.0016	0.0998	0.0475	0.0523	0.1744	0.1946	0.0000	0.2026	0.1889	0.0000	0.0677	0.0995	0.0000	0.0012	0.0012	0.0012	0.0025	0.0028	0.0000	0.0011	0.0008	0.0013
25	65	0.1841	6	1	1	1	0	0	0	0	0	N	N	N	N	N	N	N	N	N	N	N	N	0.0000	0.0000	0.0003	0.0001	0.0001	0.3866	0.0001	0.0000	0.0000	0.0000	0.0000	0.0000	0.0000	0.0000	0.0000	0.0000	0.0000	0.0000	0.1024	0.2579	0.0022	0.0900	0.0977	0.0000	0.0094	0.1189	0.0022	0.0219	0.0724	-0.0000	-0.0002	4.4994	1.7566	1.0731	2.8742	0.0000	0.0000	0.0000	0.0000	0.0000	0.0000	0.0000	0.0000	0.0000	0.0003	0.0003	0.0000	0.0003	0.0003	0.0000	0.0000	0.0000	0.0000	0.0467	0.0419	0.0048	0.0159	0.0153	0.0007	0.0308	0.0267	0.0041	0.0261	0.0171	0.0091	0.0074	0.0071	0.0003	0.0187	0.0100	0.0087	0.0002	0.0002	0.0003	0.0002	0.0002	0.3866	0.0006	0.0007	0.0000	0.0111	0.0159	0.0022	0.0339	0.0355	0.0000	0.0021	0.0020	0.0022
25	66	0.3283	9	1	1	1	0	0	0	0	0	N	N	N	N	N	N	N	N	N	N	N	N	3.9297	3.1455	1331.9233	1.2597	1.2681	inf	91789.1064	2249.2765	21.0462	4.0812	4.5804	0.0049	5.4780	5.8011	0.0284	3.3929	3.9238	0.0001	1.0386	1.4562	0.0000	4.3485	4.5748	0.0000	0.0000	0.0017	0.0000	0.0001	0.0000	-0.5147	-0.0206	4.4994	21.1811	1.0731	10.1862	1.7933	1.7930	0.0002	0.7945	0.7943	0.0002	0.9987	0.9987	0.0000	0.0327	0.0327	0.0000	0.0327	0.0327	0.0000	0.0000	0.0000	0.0000	0.4394	0.3915	0.0479	0.1450	0.1369	0.0081	0.2944	0.2545	0.0398	0.0877	0.0448	0.0429	0.0078	0.0072	0.0006	0.0800	0.0377	0.0423	10.9435	6.2755	1331.9233	1.3022	1.2716	inf	184735.7400	112628.9175	21.0462	0.3729	0.7299	0.0000	4.2065	4.5619	0.0000	0.0000	0.0000	0.0000
25	67	0.3144	8	1	1	1	0	0	0	0	0	N	N	N	N	N	N	N	N	N	N	N	N	2.3158	0.5728	134.8277	0.4349	0.3784	207.0047	6.8927	1.8351	38.5174	0.0285	0.0281	0.0321	0.0826	0.0784	0.1767	0.0024	0.0014	0.0089	0.0123	0.0491	0.0002	0.1900	0.2070	0.0009	0.0003	0.0007	0.0002	0.1304	0.0318	-0.0008	-0.0001	4.4994	7.4253	1.0731	0.9851	0.0046	0.0041	0.0005	0.0044	0.0040	0.0004	0.0003	0.0001	0.0001	0.0001	0.0001	0.0000	0.0001	0.0001	0.0000	0.0000	0.0000	0.0000	0.1626	0.1459	0.0166	0.0530	0.0507	0.0023	0.1096	0.0952	0.0143	0.0245	0.0124	0.0121	0.0018	0.0017	0.0001	0.0226	0.0107	0.0120	7.4447	3.8206	134.8277	1.6642	1.4553	207.0047	18.8963	256.1140	38.5174	0.0038	0.0074	0.0002	0.0497	0.0538	0.0009	0.0001	0.0000	0.0002
25	68	0.3370	9	1	0	2	0	0	0	0	0	N	N	Y	N	N	N	N	N	N	N	N	N	0.2316	0.6482	0.0004	0.0007	0.0020	0.0000	2.6424	17.6041	0.0047	0.0002	0.0003	0.0000	0.0000	0.0000	0.0000	0.0004	0.0005	0.0000	0.0010	0.0004	0.0010	0.0021	0.0008	0.0167	0.0002	0.0000	0.0001	0.0002	2.2894	-0.0000	0.0000	4.4994	15.0354	1.0731	6.2061	0.0001	0.0001	0.0000	0.0000	0.0000	0.0000	0.0001	0.0001	0.0000	0.0000	0.0000	0.0000	0.0000	0.0000	0.0000	0.0000	0.0000	0.0000	0.4107	0.3694	0.0413	0.1699	0.1612	0.0087	0.2408	0.2083	0.0326	0.0814	0.0475	0.0339	0.0214	0.0195	0.0018	0.0600	0.0279	0.0320	0.3942	0.8410	0.0004	0.0007	0.0020	0.0000	7.5728	6514.0068	0.0047	0.0006	0.0003	0.0010	0.0021	0.0008	0.0167	0.0001	0.0000	0.0001
25	69	0.2689	8	1	0	1	0	0	0	0	0	N	N	N	N	N	N	N	N	N	N	N	N	0.0018	0.0756	0.0010	0.0030	0.0536	0.0000	0.0013	0.0518	0.0025	0.0001	0.0001	0.0000	0.0001	0.0001	0.0000	0.0001	0.0001	0.0000	0.0383	0.0009	0.0335	0.0315	0.0019	0.3105	0.0400	0.0010	0.0173	0.0560	25.2018	-0.0000	0.0003	4.4994	27.6811	1.0731	13.1592	0.0000	0.0000	0.0000	0.0000	0.0000	0.0000	0.0000	0.0000	0.0000	0.0009	0.0000	0.0009	0.0003	0.0000	0.0003	0.0006	0.0000	0.0006	0.6878	0.6175	0.0703	0.2590	0.2453	0.0137	0.4287	0.3722	0.0566	0.1222	0.0665	0.0557	0.0209	0.0186	0.0022	0.1013	0.0479	0.0535	0.0089	0.1333	0.0022	0.0058	0.0536	0.0000	0.0087	5.3126	0.0039	0.0076	0.0005	0.0161	0.0165	0.0019	0.1390	0.0058	0.0000	0.0110
25	70	0.2341	7	1	0	1	0	0	0	0	0	N	N	N	N	N	N	N	N	N	N	N	N	0.0002	0.0015	0.0000	0.0001	0.0008	0.0000	0.0002	0.0397	0.0000	0.0002	0.0002	0.0001	0.0001	0.0001	0.0001	0.0002	0.0002	0.0001	1.0493	0.1200	3.4416	1.2687	0.0816	24.0192	1.2253	0.0063	3.4016	0.0909	64.5766	-0.0000	0.0124	4.4994	19.6565	1.0731	4.0504	0.0001	0.0001	0.0000	0.0000	0.0000	0.0000	0.0001	0.0001	0.0000	0.0349	0.0005	0.0344	0.0048	0.0005	0.0043	0.0301	0.0000	0.0301	0.5176	0.4639	0.0537	0.1946	0.1849	0.0097	0.3230	0.2790	0.0440	0.0880	0.0502	0.0378	0.0174	0.0162	0.0013	0.0706	0.0341	0.0365	0.0004	0.0167	0.0002	0.0003	0.0021	0.0000	0.0006	1.0092	0.0002	0.3962	0.0106	0.9089	0.2755	0.0324	3.3264	0.4260	0.0002	0.8237
25	71	0.3176	9	2	1	1	0	0	0	0	0	Y	N	N	N	N	N	N	N	N	N	N	N	1.3662	0.5039	887.5805	0.3301	0.2890	83.8042	655.0956	1.7756	650.3726	0.0009	0.0010	0.0005	0.0026	0.0027	0.0023	0.0001	0.0001	0.0001	0.0007	0.0020	0.0000	0.0080	0.0092	0.0000	0.0000	0.0001	0.0000	0.0521	0.0006	-0.0001	-0.0000	4.4994	17.5448	1.0731	6.0013	0.0003	0.0003	0.0000	0.0003	0.0003	0.0000	0.0000	0.0000	0.0000	0.0000	0.0000	0.0000	0.0000	0.0000	0.0000	0.0000	0.0000	0.0000	0.3676	0.3296	0.0380	0.1194	0.1135	0.0059	0.2482	0.2161	0.0321	0.0664	0.0336	0.0328	0.0050	0.0046	0.0004	0.0614	0.0290	0.0324	2.0979	1.1268	887.5805	0.4403	0.4085	83.8042	655.0956	589.4839	650.3726	0.0005	0.0009	0.0000	0.0060	0.0065	0.0000	0.0000	0.0000	0.0000
25	72	0.3860	12	2	1	2	0	0	0	0	0	Y	N	Y	N	N	N	N	N	N	N	N	N	3066.9033	13.0573	inf	2669.5310	0.0941	inf	inf	inf	inf	0.0010	0.0000	0.0096	0.0024	0.0000	0.0527	0.0000	0.0000	0.0000	0.0000	0.0000	0.0000	0.0000	0.0000	0.0000	0.0000	0.0000	0.0000	183.5463	0.0794	0.0000	-0.0000	4.4994	1.8980	1.0731	2.9698	0.0000	0.0000	0.0000	0.0000	0.0000	0.0000	0.0000	0.0000	0.0000	0.0000	0.0000	0.0000	0.0000	0.0000	0.0000	0.0000	0.0000	0.0000	0.0433	0.0389	0.0045	0.0176	0.0168	0.0008	0.0257	0.0221	0.0037	0.0209	0.0136	0.0072	0.0069	0.0066	0.0003	0.0140	0.0070	0.0070	3066.9033	13.0573	inf	2669.5310	0.0941	inf	inf	inf	inf	0.0000	0.0000	0.0000	0.0000	0.0000	0.0000	0.0000	0.0000	0.0000
25	73	0.3665	11	2	0	2	0	0	0	0	0	Y	N	Y	N	N	N	N	N	N	N	N	N	0.1377	0.0935	0.0159	10.4078	11.2494	2.2544	0.0002	0.0000	0.0000	0.0004	0.0004	0.0000	0.0007	0.0008	0.0000	0.0000	0.0000	0.0000	0.0026	0.0043	0.0005	0.0001	0.0001	0.0000	0.0060	0.1769	0.0005	0.0022	0.1753	-0.0000	-0.0000	4.4994	3.5853	1.0731	4.3819	0.0001	0.0001	0.0000	0.0001	0.0001	0.0000	0.0000	0.0000	0.0000	0.0000	0.0000	0.0000	0.0000	0.0000	0.0000	0.0000	0.0000	0.0000	0.1831	0.1631	0.0200	0.0980	0.0875	0.0104	0.0852	0.0756	0.0096	0.0306	0.0190	0.0116	0.0073	0.0070	0.0003	0.0233	0.0120	0.0114	0.3095	0.2527	0.0159	10.4078	11.2494	2.2544	0.0008	0.0006	0.0000	0.0012	0.0016	0.0005	0.0001	0.0001	0.0000	0.0015	0.0025	0.0005
25	74	0.3350	10	2	0	2	0	0	0	0	0	Y	N	Y	N	N	N	N	N	N	N	N	N	22.6190	9.6384	69.6713	11.9648	10.6215	30.8876	6.8399	0.8484	15.3919	0.1286	0.1425	0.0020	0.3620	0.3794	0.0102	0.0001	0.0001	0.0003	0.0057	0.0148	0.0000	0.0303	0.0357	0.0003	0.0000	0.0001	0.0000	0.0015	0.0061	-0.0102	-0.0001	4.4994	12.3589	1.0731	7.3592	0.0358	0.0358	0.0001	0.0358	0.0358	0.0000	0.0000	0.0000	0.0000	0.0001	0.0001	0.0000	0.0001	0.0001	0.0000	0.0000	0.0000	0.0000	0.2785	0.2510	0.0275	0.0989	0.0942	0.0046	0.1796	0.1567	0.0229	0.0618	0.0338	0.0280	0.0082	0.0075	0.0007	0.0536	0.0263	0.0273	60.1449	36.6790	69.6713	22.6015	21.7174	30.8876	11.7855	263.1021	15.3919	0.0021	0.0039	0.0000	0.0160	0.0175	0.0003	0.0000	0.0000	0.0000
25	75	0.3176	9	2	0	2	0	0	0	0	0	Y	N	Y	N	N	N	N	N	N	N	N	N	2.3606	5.8333	1.4298	2.0874	1.9100	33.8031	0.4817	0.7736	0.4301	0.0013	0.0013	0.0008	0.0028	0.0028	0.0035	0.0004	0.0005	0.0002	0.0005	0.0002	0.0006	0.0014	0.0015	0.0001	0.0009	0.0006	0.0006	0.0706	2.6701	-0.0001	0.0000	4.4994	10.2127	1.0731	1.0234	0.0003	0.0003	0.0000	0.0002	0.0002	0.0000	0.0001	0.0001	0.0000	0.0000	0.0000	0.0000	0.0000	0.0000	0.0000	0.0000	0.0000	0.0000	0.2257	0.2024	0.0233	0.0768	0.0728	0.0039	0.1489	0.1296	0.0193	0.0326	0.0164	0.0161	0.0025	0.0023	0.0002	0.0301	0.0142	0.0159	3.2859	6.3450	1.4298	2.0874	1.9100	33.8031	1.4481	132.8338	0.4301	0.0004	0.0002	0.0006	0.0014	0.0015	0.0001	0.0003	0.0000	0.0006
25	76	0.3144	8	2	0	1	0	0	0	0	0	Y	N	N	N	N	N	N	N	N	N	N	N	2257.3082	147.7325	230826.0473	437.8969	58.6085	inf	7574.6661	0.0096	59048.4836	0.0068	0.0008	0.0597	0.0161	0.0023	0.3441	0.0020	0.0000	0.0155	0.0000	0.0000	0.0000	0.0000	0.0000	0.0000	0.0000	0.0001	0.0000	7.9458	0.0448	0.0004	-0.0000	4.4994	3.7027	1.0731	0.0091	0.0006	0.0001	0.0005	0.0005	0.0001	0.0004	0.0001	0.0000	0.0001	0.0000	0.0000	0.0000	0.0000	0.0000	0.0000	0.0000	0.0000	0.0000	0.0870	0.0782	0.0087	0.0293	0.0281	0.0012	0.0577	0.0501	0.0076	0.0109	0.0055	0.0054	0.0008	0.0008	0.0001	0.0101	0.0047	0.0053	2257.3082	147.7325	230826.0473	437.8969	58.6085	inf	7574.6661	3.0609	59048.4836	0.0000	0.0000	0.0000	0.0000	0.0000	0.0000	0.0000	0.0000	0.0000
25	77	0.2974	7	1	0	1	0	0	0	0	0	N	N	N	N	N	N	N	N	N	N	N	N	670866.5483	244.5089	3421158.4710	558227.5200	126.6933	418398.4917	55464.8743	309590.1947	7.2971	0.0009	63.9840	15.0159	0.0020	157.8879	0.6273	0.0000	4.8103	0.0000	0.0000	0.0000	0.0000	0.0000	0.0004	0.0000	0.0000	0.0000	8762.5448	4.3732	0.5318	0.0000	4.4994	3.8334	1.0731	6.1787	0.7461	0.0001	0.7460	0.7117	0.0001	0.7116	0.0344	0.0000	0.0344	0.0000	0.0000	0.0000	0.0000	0.0000	0.0000	0.0000	0.0000	0.0000	0.1022	0.0906	0.0117	0.0474	0.0429	0.0045	0.0548	0.0477	0.0072	0.0351	0.0185	0.0166	0.0047	0.0045	0.0001	0.0304	0.0139	0.0165	670866.5483	244.5089	3421158.4710	558227.5200	126.6933	418398.4917	74566.1733	0.0000	309590.1947	0.0000	0.0000	0.0000	0.0000	0.0000	0.0004	0.0000	0.0000	0.0000	
25	78	0.2583	6	1	0	1	0	0	0	0	0	N	N	N	N	N	N	N	N	N	N	N	N	10.5791	2.0102	110.0267	25.8836	1.8615	1064.3599	0.5594	0.6126	6.5645	0.0110	0.0009	0.1038	0.0256	0.0019	0.4305	0.0009	0.0002	0.0063	0.0010	0.0004	0.0009	0.0010	0.0010	0.0004	0.0017	0.0002	0.0010	12.4999	2.1803	0.0028	0.0000	4.4994	16.9094	1.0731	5.8161	0.0044	0.0003	0.0041	0.0042	0.0003	0.0039	0.0002	0.0000	0.0002	0.0001	0.0000	0.0000	0.0000	0.0000	0.0000	0.0000	0.0000	0.0000	0.4039	0.3643	0.0396	0.1650	0.1558	0.0091	0.2389	0.2084	0.0305	0.0870	0.0486	0.0384	0.0172	0.0162	0.0010	0.0698	0.0324	0.0374	18.0967	2.6387	110.0267	25.8836	1.8615	1064.3599	1.8218	179.4373	6.5645	0.0006	0.0003	0.0009	0.0010	0.0010	0.0004	0.0005	0.0000	0.0010
25	79	0.1841	6	1	1	1	0	0	0	0	0	N	N	N	N	N	N	N	N	N	N	N	N	0.0001	0.0000	0.0000	0.1061	0.0948	0.0000	0.0000	0.0000	0.0000	0.0005	0.0005	0.0000	0.0015	0.0015	0.0000	0.0000	0.0000	0.0000	7.6724	14.0112	0.0000	0.0137	0.0162	0.0000	8.7741	17.6309	0.0000	0.0000	0.0000	-0.0001	-0.6254	4.4994	23.9173	1.0731	17.8091	0.0002	0.0002	0.0000	0.0002	0.0002	0.0000	0.0000	0.0000	0.0000	0.9953	0.9953	0.0000	0.0001	0.0001	0.0000	0.9951	0.9951	0.0000	0.5241	0.4681	0.0560	0.1655	0.1566	0.0089	0.3586	0.3115	0.0472	0.1297	0.0710	0.0587	0.0163	0.0146	0.0017	0.1134	0.0564	0.0570	0.0001	0.0000	0.0000	0.1628	0.1540	0.0000	0.0000	0.0000	0.0000	7.6724	14.0112	0.0000	0.0089	0.0100	0.0000	8.7741	17.6309	0.0000
25	80	0.1680	5	1	1	1	0	0	0	0	0	N	N	N	N	N	N	N	N	N	N	N	N	0.0000	0.0000	0.0000	0.0097	0.0097	0.0000	0.0000	0.0000	0.0000	0.0000	0.0000	0.0000	0.0000	0.0000	0.0000	0.0000	0.0000	0.0274	0.1219	0.0003	0.0002	0.0002	0.0000	0.0727	0.6953	0.0003	0.0000	0.0203	-0.0000	-0.0002	4.4994	6.1279	1.0731	3.6878	0.0000	0.0000	0.0000	0.0000	0.0000	0.0000	0.0000	0.0000	0.0000	0.0003	0.0003	0.0000	0.0000	0.0000	0.0000	0.0003	0.0002	0.0000	0.1390	0.1239	0.0151	0.0423	0.0401	0.0022	0.0967	0.0838	0.0129	0.0387	0.0233	0.0153	0.0067	0.0064	0.0004	0.0320	0.0170	0.0150	0.0001	0.0001	0.0000	0.0097	0.0097	0.0000	0.0000	0.0000	0.0000	0.0066	0.0107	0.0003	0.0002	0.0002	0.0000	0.0079	0.0146	0.0003	
25	81	0.1307	5	2	0	2	0	0	0	0	0	Y	N	Y	N	N	N	N	N	N	N	N	N	524.9485	191.3805	19237.0392	135.0915	124.9913	inf	130984.8955	2330.6984	7143.2760	0.1428	0.1615	0.0087	0.4250	0.4501	0.0424	0.0346	0.0399	0.0033	0.0003	0.0008	0.0000	0.0031	0.0036	0.0000	0.0000	0.0000	0.0000	0.0075	0.0009	-0.0228	-0.0000	4.4994	27.2690	1.0731	12.3406	0.0814	0.0808	0.0006	0.0672	0.0667	0.0004	0.0143	0.0141	0.0002	0.0000	0.0000	0.0000	0.0000	0.0000	0.0000	0.0000	0.0000	0.0000	0.5700	0.5002	0.0697	0.1580	0.1483	0.0097	0.4119	0.3520	0.0600	0.1210	0.0616	0.0594	0.0097	0.0091	0.0006	0.1113	0.0525	0.0588	567.8929	327.2143	19237.0392	135.0915	134.7298	inf	130984.8955	873306.5433	7143.2760	0.0003	0.0005	0.0000	0.0031	0.0033	0.0000	0.0000	0.0000	0.0000
25	82	0.1153	4	1	0	1	0	0	0	0	0	N	N	N	N	N	N	N	N	N	N	N	N	1571.5637	593.0714	282784.9441	95840.5594	91299.3081	inf	58.2237	1.8737	18806.8133	3.1464	3.4494	0.5352	7.8651	8.1643	2.5775	0.2349	0.2660	0.0357	0.0020	0.0058	0.0000	0.0001	0.0001	0.0000	0.0040	0.1419	0.0000	0.0180	0.0010	-0.1985	-0.0000	4.4994	9.0798	1.0731	0.9519	0.7367	0.7237	0.0130	0.7027	0.6904	0.0123	0.0340	0.0333	0.0007	0.0000	0.0000	0.0000	0.0000	0.0000	0.0000	0.0000	0.0000	0.0000	0.2342	0.2098	0.0243	0.0893	0.0846	0.0048	0.1448	0.1252	0.0196	0.0312	0.0154	0.0158	0.0016	0.0015	0.0001	0.0296	0.0140	0.0157	3218.5071	1745.5605	282784.9441	95840.5594	91299.3081	inf	228.8204	122.2250	18806.8133	0.0010	0.0020	0.0000	0.0001	0.0001	0.0000	0.0010	0.0022	0.0000
25	83	0.1680	5	1	1	1	0	0	0	0	0	N	N	N	N	N	N	N	N	N	N	N	N	0.0184	1.9430	0.0413	1.2104	1.1572	0.0034	0.0560	0.0004	0.0003	0.0010	0.0009	0.0010	0.0000	0.0002	0.0000	0.0012	0.0214	0.0002	0.0245	0.0008	0.0009	0.0000	0.0459	0.0000	0.0212	0.3846	63.0002	-0.0000	0.0002	4.4994	21.0000	1.0731	14.4214	0.0002	0.0001	0.0001	0.0001	0.0001	0.0000	0.0001	0.0000	0.0001	0.0006	0.0000	0.0006	0.0000	0.0000	0.0000	0.0006	0.0000	0.0006	0.4578	0.4084	0.0494	0.1385	0.1312	0.0072	0.3193	0.2772	0.0421	0.1122	0.0617	0.0504	0.0129	0.0117	0.0012	0.0993	0.0501	0.0492	0.0689	1.9655	0.0811	1.2104	1.1572	0.0000	0.0247	0.0000	0.0928	0.0057	0.0002	0.0125	0.0008	0.0009	0.0000	0.0063	0.0000	0.0128		
25	84	0.2256	9	1	0	2	0	0	0	0	0	N	N	Y	N	N	N	N	N	N	N	N	N	0.0373	2.3878	0.0000	1.8700	1.7313	0.0000	0.0053	inf	0.0000	0.0013	0.0014	0.0000	0.0026	0.0027	0.0000	0.0005	0.0005	0.0000	0.0341	0.0006	0.0317	0.0014	0.0016	0.0002	0.0849	0.0000	0.0301	0.0000	31.6090	-0.0002	0.0002	4.4994	20.4085	1.0731	11.0867	0.0006	0.0006	0.0000	0.0005	0.0005	0.0000	0.0001	0.0001	0.0000	0.0007	0.0000	0.0006	0.0000	0.0000	0.0000	0.0006	0.0000	0.0006	0.4644	0.4167	0.0478	0.1779	0.1677	0.0101	0.2865	0.2489	0.0376	0.0900	0.0488	0.0412	0.0148	0.0126	0.0022	0.0752	0.0362	0.0390	0.1759	3.4664	0.0000	1.8700	1.7313	0.0000	0.0542	inf	0.0000	0.0072	0.0004	0.0153	0.0014	0.0016	0.0002	0.0084	0.0000	0.0161
25	85	0.2219	8	1	0	2	0	0	0	0	0	N	N	Y	N	N	N	N	N	N	N	N	N	0.0008	0.0728	0.0000	0.0005	0.0431	0.0000	0.0049	0.0025	0.0000	0.0000	0.0000	0.0000	0.0000	0.0000	0.0000	0.0000	0.0000	0.0000	0.0012	0.0000	0.0016	0.0031	0.0000	0.0308	0.0001	0.0002	0.0001	0.0000	88.3821	-0.0000	0.0000	4.4994	3.1287	1.0731	1.1816	0.0000	0.0000	0.0000	0.0000	0.0000	0.0000	0.0000	0.0000	0.0000	0.0000	0.0000	0.0000	0.0000	0.0000	0.0000	0.0000	0.0000	0.0000	0.0998	0.0897	0.0101	0.0475	0.0443	0.0031	0.0523	0.0454	0.0070	0.0147	0.0085	0.0062	0.0031	0.0027	0.0003	0.0116	0.0057	0.0059	0.0014	0.0817	0.0000	0.0005	0.0431	0.0000	0.0118	0.7706	0.0000	0.0007	0.0000	0.0016	0.0031	0.0000	0.0270	0.0000	0.0000	0.0001
25	86	0.2150	7	1	0	1	0	0	0	0	0	N	N	N	N	N	N	N	N	N	N	N	N	0.0901	0.1738	0.0074	0.0206	0.0414	0.0000	0.2376	0.0063	0.0195	0.0000	0.0000	0.0000	0.0000	0.0000	0.0000	0.0000	0.0000	0.0000	0.0000	0.0000	0.0000	0.0000	0.0000	0.0002	0.0000	0.0003	0.0000	0.0134	2.0720	-0.0000	0.0000	4.4994	4.0532	1.0731	2.2470	0.0000	0.0000	0.0000	0.0000	0.0000	0.0000	0.0000	0.0000	0.0000	0.0000	0.0000	0.0000	0.0000	0.0000	0.0000	0.0000	0.0000	0.0000	0.1108	0.0995	0.0113	0.0486	0.0452	0.0033	0.0623	0.0543	0.0080	0.0221	0.0126	0.0094	0.0045	0.0040	0.0005	0.0175	0.0086	0.0089	0.0901	0.1738	0.0074	0.0206	0.0414	0.0000	0.2376	1.7860	0.0195	0.0000	0.0000	0.0000	0.0000	0.0000	0.0002	0.0000	0.0000	0.0000
25	87	0.1918	6	1	0	1	0	0	0	0	0	N	N	N	N	N	N	N	N	N	N	N	N	0.8606	0.0747	6.7837	0.0759	0.0660	0.3462	1.5737	inf	9.8731	0.0000	0.0000	0.0002	0.0000	0.0000	0.0000	0.0000	0.0000	0.0003	0.0000	0.0000	0.0000	0.0001	0.0001	0.0000	0.0000	0.0000	0.0000	9.2158	0.5922	0.0000	-0.0000	4.4994	4.7288	1.0731	9.8540	0.0000	0.0000	0.0000	0.0000	0.0000	0.0000	0.0000	0.0000	0.0000	0.0000	0.0000	0.0000	0.0000	0.0000	0.0000	0.0000	0.0000	0.0000	0.1521	0.1338	0.0184	0.0685	0.0627	0.0058	0.0836	0.0711	0.0125	0.0585	0.0355	0.0229	0.0132	0.0123	0.0009	0.0452	0.0232	0.0220	0.8606	0.0927	6.7837	0.0759	0.0660	0.3462	3.0421	inf	9.8731	0.0000	0.0000	0.0000	0.0001	0.0001	0.0000	0.0000	0.0000	0.0000
25	88	0.1680	5	1	0	1	0	0	0	0	0	N	N	N	N	N	N	N	N	N	N	N	N	3.2471	2.6648	0.0046	1.9816	1.9472	0.0000	0.0035	0.0007	0.0052	0.0003	0.0003	0.0000	0.0009	0.0010	0.0000	0.0000	0.0000	0.0000	0.0001	0.0001	0.0000	0.0005	0.0005	0.0000	0.0000	0.0002	0.0000	0.0001	0.2680	-0.0000	-0.0000	4.4994	8.6320	1.0731	7.0881	0.0001	0.0001	0.0000	0.0001	0.0001	0.0000	0.0000	0.0000	0.0000	0.0000	0.0000	0.0000	0.0000	0.0000	0.0000	0.0000	0.0000	0.0000	0.1945	0.1734	0.0211	0.0591	0.0560	0.0031	0.1354	0.1173	0.0181	0.0564	0.0326	0.0238	0.0082	0.0076	0.0006	0.0482	0.0249	0.0232	3.2471	2.6687	0.0046	1.9816	1.9472	0.0000	0.0069	0.1929	0.0052	0.0001	0.0001	0.0000	0.0005	0.0005	0.0000	0.0000	0.0000	0.0000
25	89	0.2357	7	1	1	1	0	0	0	0	0	N	N	N	N	N	N	N	N	N	N	N	N	1225.0411	9191.2470	348.0648	2.9089	2.7073	0.1870	1091.1757	295040.0853	414.1108	2.7648	3.0010	0.6938	0.0030	0.0032	0.0000	4.4849	5.0450	0.8610	0.0023	0.0003	0.0020	0.0010	0.0012	0.0002	0.0041	0.0000	0.0021	0.0264	6.0690	-0.2675	0.0000	4.4994	15.4622	1.0731	5.2688	1.0233	0.9970	0.0263	0.0004	0.0004	0.0000	1.0229	0.9966	0.0263	0.0001	0.0000	0.0001	0.0000	0.0000	0.0000	0.0001	0.0000	0.0001	0.3701	0.3322	0.0379	0.1420	0.1347	0.0074	0.2281	0.1975	0.0305	0.0625	0.0342	0.0283	0.0092	0.0079	0.0013	0.0534	0.0264	0.0270	2631.7092	11056.0308	348.0648	2.9089	2.7073	0.1870	4262.3397	110812747.0388	414.1108	0.0011	0.0003	0.0020	0.0010	0.0012	0.0002	0.0011	0.0000	0.0021
25	90	0.2240	6	1	0	1	0	0	0	0	0	N	N	N	N	N	N	N	N	N	N	N	N	0.7931	0.4703	1.5091	0.1689	0.1599	0.0012	3.1231	8.5150	2.3312	0.0124	0.0132	0.0050	0.0052	0.0055	0.0000	0.0169	0.0185	0.0062	0.0156	0.0280	0.0033	0.0307	0.0341	0.0099	0.0054	0.0022	0.0027	0.0421	0.3863	-0.0006	-0.0001	4.4994	7.5917	1.0731	1.5198	0.0025	0.0024	0.0001	0.0004	0.0004	0.0000	0.0021	0.0020	0.0001	0.0002	0.0001	0.0000	0.0001	0.0001	0.0000	0.0000	0.0000	0.0000	0.2006	0.1807	0.0200	0.0778	0.0738	0.0039	0.1229	0.1068	0.0160	0.0346	0.0204	0.0142	0.0077	0.0068	0.0009	0.0268	0.0136	0.0132	2.6539	2.3121	1.5849	0.3213	0.3212	0.0012	12.5343	341.6347	2.3312	0.0047	0.0057	0.0032	0.0161	0.0170	0.0099	0.0013	0.0001	0.0027
25	91	0.0143	2	2	0	2	0	0	0	0	0	Y	N	Y	N	N	N	N	N	N	N	N	N	2.6553	0.4412	7885.9680	0.1999	0.2029	2300.5946	inf	7918.4760	0.0205	0.0121	0.0728	0.1057	0.1065	0.0000	0.0112	0.0000	0.0732	0.0077	0.0273	0.0000	0.5285	0.5246	0.0000	0.0000	0.0000	0.0000	0.9707	0.0017	0.0003	-0.0000	4.4994	3.0317	1.0731	0.1644	0.0014	0.0007	0.0007	0.0007	0.0007	0.0000	0.0007	0.0000	0.0007	0.0000	0.0000	0.0000	0.0000	0.0000	0.0000	0.0000	0.0000	0.0000	0.0683	0.0589	0.0095	0.0067	0.0067	0.0000	0.0616	0.0522	0.0094	0.0122	0.0059	0.0062	0.0003	0.0003	0.0000	0.0118	0.0056	0.0062	7.3766	2.1245	7885.9680	1.0722	1.0577	0.0000	2300.5946	inf	7918.4760	0.0028	0.0057	0.0000	0.0986	0.1006	0.0000	0.0000	0.0000	0.0000	
25	95	0.1680	5	1	1	1	1	0	0	0	0	N	N	N	N	N	N	N	N	N	N	N	N	0.0831	1.5056	0.2008	0.0000	0.0000	0.0000	0.0690	inf	0.3412	0.0006	0.0005	0.0018	0.0000	0.0000	0.0000	0.0009	0.0007	0.0021	0.0077	0.0003	0.0089	0.0045	0.0015	0.0277	0.0132	0.0000	0.0062	0.4348	17.4069	0.0000	0.0001	4.4994	24.0032	1.0731	22.6134	0.0003	0.0002	0.0001	0.0000	0.0000	0.0000	0.0003	0.0002	0.0001	0.0004	0.0000	0.0004	0.0001	0.0000	0.0000	0.0003	0.0000	0.0003	0.5191	0.4633	0.0559	0.1569	0.1486	0.0082	0.3622	0.3146	0.0476	0.1418	0.0773	0.0645	0.0153	0.0138	0.0016	0.1265	0.0635	0.0629	0.2304	1.8054	0.3120	0.0000	0.0000	0.0000	0.3491	inf	0.4004	0.0028	0.0003	0.0057	0.0040	0.0015	0.0258	0.0026	0.0000	0.0052
25	96	0.5854	9	1	1	1	0	0	0	0	0	N	N	N	N	N	N	N	N	N	N	N	N	0.0002	0.0000	0.0043	0.0001	0.0001	0.0000	0.0006	0.0059	0.0000	0.0000	0.0000	0.0000	0.0000	0.0000	0.0000	0.0000	0.0000	0.0009	0.0015	0.0003	0.0015	0.0016	0.0002	0.0004	0.0000	0.0003	1.7424	0.2119	0.0000	-0.0000	4.4994	18.5150	1.0731	10.2301	0.0000	0.0000	0.0000	0.0000	0.0000	0.0000	0.0000	0.0000	0.0000	0.0000	0.0000	0.0000	0.0000	0.0000	0.0000	0.0000	0.0000	0.0000	0.4189	0.3801	0.0388	0.2054	0.1943	0.0111	0.2135	0.1857	0.0277	0.0812	0.0517	0.0295	0.0260	0.0236	0.0024	0.0551	0.0281	0.0270	0.0003	0.0001	0.0043	0.0001	0.0001	0.0000	0.0016	0.0000	0.0059	0.0006	0.0007	0.0003	0.0015	0.0016	0.0002	0.0001	0.0000	0.0003	
25	97	0.1388	4	1	1	1	0	0	0	0	0	N	N	N	N	N	N	N	N	N	N	N	N	44513.4934	25464.9043	141289.3187	4201.1159	3983.2753	17741767.4638	29576.8713	163507.7713	1.8777	2.0998	0.0023	2.6724	2.8202	0.0000	1.5395	1.7664	0.0027	0.0000	0.0001	0.0000	0.0006	0.0007	0.0000	0.0000	0.0001	0.0000	0.0001	0.0002	-0.5156	-0.0000	4.4994	46.1140	1.0731	26.4917	1.7966	1.7963	0.0002	0.7632	0.7632	0.0000	1.0333	1.0331	0.0002	0.0000	0.0000	0.0000	0.0000	0.0000	0.0000	0.0000	0.0000	0.0000	0.9568	0.8555	0.1013	0.2856	0.2706	0.0150	0.6712	0.5849	0.0863	0.2049	0.1048	0.1001	0.0136	0.0122	0.0014	0.1913	0.0926	0.0987	44513.4934	25464.9043	141289.3187	4201.1159	3983.2753	0.0000	17741767.4638	10904353.6252	163507.7713	0.0000	0.0001	0.0000	0.0006	0.0007	0.0000	0.0000	0.0000	0.0000	
25	98	0.6383	11	1	1	1	0	0	0	0	0	N	N	N	N	N	N	N	N	N	N	N	N	2525.5866	inf	1730.3213	inf	inf	inf	1332.8514	inf	0.0000	0.0001	0.0001	0.0001	0.0002	0.0001	0.0005	0.0000	0.0001	0.0000	0.0000	0.0000	0.0000	0.0000	0.0000	0.0000	0.0000	0.0000	0.0000	0.1154	inf	-0.0000	0.0000	4.4994	20.7840	1.0731	8.9470	0.0000	0.0000	0.0000	0.0000	0.0000	0.0000	0.0000	0.0000	0.0000	0.0000	0.0000	0.0000	0.0000	0.0000	0.0000	0.0000	0.0000	0.0000	0.3699	0.3358	0.0341	0.1708	0.1627	0.0081	0.1992	0.1732	0.0260	0.0673	0.0414	0.0259	0.0203	0.0178	0.0025	0.0470	0.0236	0.0234	2525.5866	inf	1730.3213	inf	inf	inf	1332.8514	inf	0.0000	0.0000	0.0000	0.0000	0.0000	0.0000	0.0000	0.0000	0.0000	0.0000
25	99	0.6334	10	1	0	1	0	0	0	0	0	N	N	N	N	N	N	N	N	N	N	N	N	0.4189	0.4536	0.2059	2.1968	2.2510	0.7259	0.0293	0.0016	0.3394	0.0027	0.0029	0.0005	0.0039	0.0042	0.0000	0.0004	0.0003	0.0009	0.0063	0.0064	0.0026	0.0018	0.0019	0.0000	0.0134	0.1875	0.0027	0.0199	0.8977	-0.0001	-0.0000	4.4994	2.7834	1.0731	1.0450	0.0004	0.0004	0.0000	0.0004	0.0004	0.0000	0.0000	0.0000	0.0000	0.0000	0.0000	0.0000	0.0000	0.0000	0.0000	0.0000	0.0000	0.0000	0.1514	0.1368	0.0147	0.0971	0.0909	0.0063	0.0543	0.0459	0.0084	0.0194	0.0112	0.0082	0.0077	0.0074	0.0003	0.0117	0.0039	0.0078	1.1469	1.3692	0.2059	2.1968	2.2510	0.7259	0.1474	0.1153	0.3394	0.0023	0.0021	0.0026	0.0018	0.0019	0.0000	0.0027	0.0026	0.0027
25	100	0.6233	9	1	0	1	0	0	0	0	0	N	N	N	N	N	N	N	N	N	N	N	N	18.5028	2.3947	3267.5991	26.5395	15.0176	47263.5449	162.3817	11.3451	2656.7725	0.8562	0.4556	4.6832	0.9868	0.7047	5.1700	0.6601	0.0468	4.3583	0.0463	0.1902	0.0014	0.0372	0.0469	0.0001	0.0041	0.0041	0.0016	1.0762	0.0717	0.0571	-0.0002	4.4994	7.6044	1.0731	2.7972	0.2471	0.1190	0.1281	0.1710	0.1144	0.0566	0.0761	0.0046	0.0715	0.0004	0.0004	0.0000	0.0004	0.0004	0.0000	0.0000	0.0000	0.0000	0.2886	0.2612	0.0273	0.1733	0.1623	0.0109	0.1153	0.0989	0.0164	0.0462	0.0280	0.0181	0.0196	0.0171	0.0025	0.0266	0.0109	0.0157	101.8156	35.2537	3267.5991	53.5099	33.4445	47263.5449	642.6912	321.2050	2656.7725	0.0084	0.0129	0.0014	0.0184	0.0211	0.0001	0.0010	0.0001	0.0016
25	101	0.5737	8	1	0	1	0	0	0	0	0	N	N	N	N	N	N	N	N	N	N	N	N	2.0469	0.1190	56652.1436	0.0016	0.0013	107.6635	6405.9614	155.8910	74586.4791	2.1447	0.1688	21.5286	0.0041	0.0034	0.0156	4.1794	0.3399	29.8813	1.0478	1.4183	0.0004	2.6256	2.7254	0.0001	0.0007	0.0022	0.0004	13.0001	0.0004	0.5880	-0.0203	4.4994	18.4780	1.0731	12.4520	0.9168	0.0655	0.8513	0.0008	0.0007	0.0002	0.9159	0.0648	0.8511	0.0323	0.0323	0.0000	0.0323	0.0323	0.0000	0.0000	0.0000	0.0000	0.4275	0.3879	0.0395	0.2083	0.1973	0.0111	0.2191	0.1907	0.0285	0.0828	0.0509	0.0319	0.0254	0.0228	0.0026	0.0574	0.0282	0.0293	5.5027	0.2666	56652.1436	0.0032	0.0024	107.6635	18091.6622	6223.1453	74586.4791	0.3897	0.6332	0.0004	1.2721	1.4154	0.0001	0.0002	0.0001	0.0004
25	102	0.2820	8	1	1	1	0	0	0	0	0	N	N	N	N	N	N	N	N	N	N	N	N	0.0016	1.1246	0.0007	0.0035	1.4590	0.0003	0.0005	0.2302	0.0006	0.0014	0.0013	0.0016	0.0027	0.0026	0.0032	0.0005	0.0004	0.0012	0.8381	0.0012	2.3393	0.7523	0.0018	12.0070	0.9409	0.0017	1.8809	0.1259	363.0925	-0.0002	0.0095	4.4994	34.1922	1.0731	22.4626	0.0013	0.0011	0.0001	0.0010	0.0010	0.0001	0.0003	0.0002	0.0001	0.0258	0.0001	0.0257	0.0058	0.0001	0.0058	0.0200	0.0000	0.0200	0.9519	0.8591	0.0928	0.3792	0.3625	0.0167	0.5727	0.4966	0.0761	0.1886	0.1128	0.0759	0.0417	0.0379	0.0038	0.1469	0.0748	0.0721	0.0099	2.1214	0.0046	0.0190	1.4590	0.0021	0.0036	11.6855	0.0043	0.1369	0.0006	0.3394	0.1399	0.0018	1.5272	0.1360	0.0000	0.2772
25	103	0.2341	7	1	1	1	0	0	0	0	0	N	N	N	N	N	N	N	N	N	N	N	N	0.0012	0.0009	0.0010	0.0009	0.0009	0.0001	0.0006	0.0012	0.0010	0.0013	0.0011	0.0030	0.0023	0.0023	0.0025	0.0007	0.0003	0.0031	1.1050	1.2932	3.1516	2.6900	2.6709	17.6107	1.1261	0.2892	3.0714	0.3182	1.3313	-0.0000	-0.0034	4.4994	22.5884	1.0731	11.0115	0.0008	0.0006	0.0002	0.0005	0.0005	0.0000	0.0003	0.0001	0.0002	0.0586	0.0251	0.0335	0.0291	0.0250	0.0042	0.0295	0.0002	0.0293	0.5770	0.5171	0.0599	0.2130	0.2023	0.0107	0.3640	0.3148	0.0492	0.1144	0.0642	0.0502	0.0202	0.0185	0.0017	0.0942	0.0457	0.0485	0.0025	0.0028	0.0045	0.0016	0.0017	0.0010	0.0023	0.0905	0.0052	0.5125	0.3917	0.6669	1.4419	1.3508	2.4179	0.3130	0.0038	0.6046
25	104	0.2041	6	1	0	1	0	0	0	0	0	N	N	N	N	N	N	N	N	N	N	N	N	0.0000	0.0001	0.0001	0.0000	0.0000	0.0000	0.0000	0.0001	0.0001	0.0004	0.0001	0.0033	0.0000	0.0000	0.0000	0.0006	0.0001	0.0040	13.5848	0.9436	41.0153	0.5569	0.4081	1.1218	15.9604	1.5540	45.0504	7.2926	188.7454	0.0001	0.3459	4.4994	11.8100	1.0731	8.7888	0.0001	0.0000	0.0001	0.0000	0.0000	0.0000	0.0001	0.0000	0.0001	0.9442	0.0050	0.9392	0.0011	0.0008	0.0003	0.9431	0.0042	0.9389	0.3050	0.2735	0.0315	0.1114	0.1058	0.0056	0.1937	0.1677	0.0260	0.0695	0.0385	0.0310	0.0104	0.0095	0.0009	0.0591	0.0290	0.0301	0.0000	0.0004	0.0001	0.0000	0.0001	0.0000	0.0000	0.0006	0.0001	13.5848	0.1294	30.2518	0.1047	0.0837	0.3207	15.9604	0.1444	31.1673
25	105	0.1680	5	1	0	1	0	0	0	0	0	N	N	N	N	N	N	N	N	N	N	N	N	3.0789	0.0000	8.7724	0.4323	0.0059	0.9469	3.7999	0.0000	10.1973	3.0577	0.0000	28.2473	0.0002	0.0000	0.0039	4.3880	0.0000	33.0690	0.9931	0.0156	3.2200	0.0005	0.0002	0.0041	1.1548	0.3696	3.2429	6230701.9994	133.3350	0.7120	0.0083	4.4994	14.7392	1.0731	7.3617	0.9988	0.0000	0.9988	0.0000	0.0000	0.0000	0.9988	0.0000	0.9988	0.0229	0.0002	0.0227	0.0000	0.0000	0.0000	0.0229	0.0002	0.0227	0.3267	0.2913	0.0354	0.0990	0.0939	0.0052	0.2276	0.1974	0.0302	0.0750	0.0423	0.0327	0.0098	0.0090	0.0008	0.0652	0.0333	0.0319	10.0040	0.0001	40.6044	0.4323	0.0059	0.9469	12.4855	0.0001	46.4066	0.3056	0.0040	0.6957	0.0005	0.0002	0.0041	0.3514	0.0051	0.7126
25	106	0.1153	4	1	1	1	0	0	0	0	0	N	N	N	N	N	N	N	N	N	N	N	N	68713.5907	3813.8080	1451780.8665	362.4625	349.2014	474987.1030	inf	1769395.4795	0.0615	0.0055	0.5338	0.0054	0.0057	0.0000	0.0922	0.0053	0.6518	0.0000	0.0000	0.0000	0.0000	0.0000	0.0000	0.0000	0.0000	0.0000	11.5688	0.2622	0.0180	-0.0000	4.4994	20.0414	1.0731	7.0324	0.0284	0.0023	0.0261	0.0009	0.0009	0.0000	0.0275	0.0014	0.0261	0.0000	0.0000	0.0000	0.0000	0.0000	0.0000	0.0000	0.0000	0.0000	0.4613	0.4124	0.0489	0.1629	0.1540	0.0089	0.2985	0.2584	0.0401	0.0806	0.0398	0.0408	0.0038	0.0035	0.0003	0.0768	0.0363	0.0404	68713.5907	3813.8080	1451780.8665	362.4625	349.2014	0.0000	474987.1030	inf	1769395.4795	0.0000	0.0000	0.0000	0.0000	0.0000	0.0000	0.0000	0.0000	0.0000	
25	107	0.1053	3	1	0	1	0	0	0	0	0	N	N	N	N	N	N	N	N	N	N	N	N	1554.8099	930.9490	1693.9463	195.7819	196.5751	995.4749	1910.4178	75.9020	1120.7109	0.0655	0.0734	0.0123	0.1473	0.1597	0.0229	0.0075	0.0075	0.0080	0.0000	0.0001	0.0000	0.0008	0.0008	0.0000	0.0000	0.0001	0.0000	0.0250	0.0962	-0.0044	-0.0000	4.4994	7.0315	1.0731	1.2144	0.0166	0.0162	0.0004	0.0155	0.0152	0.0002	0.0011	0.0009	0.0002	0.0000	0.0000	0.0000	0.0000	0.0000	0.0000	0.0000	0.0000	0.0000	0.2530	0.2203	0.0327	0.1049	0.0954	0.0095	0.1481	0.1248	0.0233	0.0263	0.0129	0.0134	0.0013	0.0012	0.0001	0.0250	0.0117	0.0133	1554.8099	939.2338	1693.9463	195.7819	196.5751	995.4749	1910.4178	23600.3951	1120.7109	0.0000	0.0001	0.0000	0.0008	0.0008	0.0000	0.0000	0.0000	0.0000
25	109	0.2499	7	1	1	1	0	0	0	0	0	N	N	N	N	N	N	N	N	N	N	N	N	107.1238	150.7664	0.1476	219.0802	190.7874	0.1817	6.7373	9.1011	0.2143	0.8570	0.9527	0.0007	2.1939	2.3174	0.0000	0.0637	0.0729	0.0008	0.0080	0.0063	0.0046	0.0100	0.0121	0.0002	0.0094	0.0080	0.0039	0.0001	1.4777	-0.2153	-0.0000	4.4994	40.5309	1.0731	14.7974	0.7500	0.7499	0.0001	0.7150	0.7150	0.0000	0.0350	0.0349	0.0001	0.0005	0.0002	0.0003	0.0002	0.0002	0.0000	0.0003	0.0000	0.0003	0.8751	0.7871	0.0879	0.3259	0.3085	0.0174	0.5491	0.4786	0.0706	0.1592	0.0868	0.0725	0.0232	0.0201	0.0031	0.1361	0.0667	0.0694	302.2493	453.7247	0.1814	314.2813	289.3979	0.1817	29.8938	228.9310	0.2143	0.0028	0.0021	0.0037	0.0070	0.0080	0.0002	0.0021	0.0003	0.0039
25	110	0.2240	6	1	1	1	0	0	0	0	0	N	N	N	N	N	N	N	N	N	N	N	N	0.2883	0.2160	0.5159	0.3053	0.2917	0.0002	0.1241	0.0891	0.7144	0.0024	0.0025	0.0013	0.0055	0.0058	0.0000	0.0006	0.0004	0.0016	0.0083	0.0116	0.0024	0.0179	0.0197	0.0069	0.0047	0.0049	0.0022	0.0568	0.5787	-0.0002	-0.0000	4.4994	13.5236	1.0731	3.5331	0.0008	0.0007	0.0000	0.0007	0.0007	0.0000	0.0001	0.0001	0.0000	0.0002	0.0001	0.0001	0.0001	0.0001	0.0000	0.0001	0.0000	0.0001	0.3278	0.2945	0.0333	0.1210	0.1147	0.0063	0.2068	0.1798	0.0270	0.0570	0.0322	0.0248	0.0102	0.0088	0.0014	0.0468	0.0234	0.0234	0.8192	0.7685	0.5159	0.5026	0.5012	0.0002	0.4919	2.4063	0.7144	0.0029	0.0033	0.0024	0.0109	0.0115	0.0069	0.0012	0.0002	0.0022
25	111	0.1680	5	1	0	1	0	0	0	0	0	N	N	N	N	N	N	N	N	N	N	N	N	0.0003	0.0001	1.2614	0.0000	0.0000	0.0000	0.1188	0.1067	1.4419	0.0003	0.0001	0.0025	0.0001	0.0001	0.0000	0.0005	0.0001	0.0029	0.9961	1.3751	0.0020	3.5310	3.6945	0.0000	0.0039	0.0008	0.0020	3.6626	0.0029	0.0001	-0.0205	4.4994	16.9399	1.0731	15.9768	0.0001	0.0000	0.0001	0.0000	0.0000	0.0000	0.0001	0.0000	0.0001	0.0328	0.0327	0.0001	0.0327	0.0327	0.0000	0.0001	0.0000	0.0001	0.3732	0.3329	0.0403	0.1131	0.1072	0.0059	0.2602	0.2257	0.0344	0.1054	0.0582	0.0472	0.0123	0.0112	0.0011	0.0930	0.0470	0.0460	0.0011	0.0001	1.2614	0.0000	0.0000	0.0000	0.4617	12.5801	1.4419	0.3114	0.5624	0.0020	2.6540	2.9227	0.0000	0.0010	0.0000	0.0020
25	112	0.2141	7	2	1	1	1	0	0	0	0	Y	N	N	N	N	N	N	N	N	N	N	N	4177.7410	0.0000	inf	0.0000	0.0000	inf	inf	0.0024	0.0000	0.0190	0.0000	0.0000	0.0000	0.0042	0.0000	0.0206	0.0000	0.0000	0.0000	0.0000	0.0000	0.0000	0.0000	0.0000	0.0000	inf	0.0000	0.0000	-0.0000	4.4994	0.0019	1.0731	1.9928	0.0000	0.0000	0.0000	0.0000	0.0000	0.0000	0.0000	0.0000	0.0000	0.0000	0.0000	0.0000	0.0000	0.0000	0.0000	0.0000	0.0000	0.0000	0.0001	0.0001	0.0000	0.0000	0.0000	0.0000	0.0001	0.0000	0.0000	0.0061	0.0033	0.0028	0.0009	0.0008	0.0001	0.0052	0.0025	0.0027	4177.7410	0.0000	inf	0.0000	0.0000	0.0000	inf	0.0000	inf	0.0000	0.0000	0.0000	0.0000	0.0000	0.0000	0.0000	0.0000	0.0000		
25	113	0.1905	6	2	1	1	1	0	0	0	0	Y	N	N	N	N	N	N	N	N	N	N	N	561.3245	4.1129	1263223.0966	3.3063	3.0663	0.0000	466408.1709	inf	1627832.6205	0.1220	0.0025	1.0115	0.0060	0.0063	0.0000	0.1854	0.0002	1.2170	0.0002	0.0006	0.0000	0.0018	0.0021	0.0000	0.0000	0.0000	0.0000	54.5436	0.0018	0.0185	-0.0000	4.4994	8.6942	1.0731	6.0502	0.0266	0.0005	0.0261	0.0005	0.0005	0.0000	0.0261	0.0000	0.0261	0.0000	0.0000	0.0000	0.0000	0.0000	0.0000	0.0000	0.0000	0.0000	0.2180	0.1922	0.0258	0.0770	0.0726	0.0044	0.1411	0.1196	0.0215	0.0462	0.0239	0.0223	0.0055	0.0048	0.0007	0.0406	0.0190	0.0216	564.7775	5.9728	1263223.0966	3.3063	3.0663	0.0000	466408.1709	inf	1627832.6205	0.0002	0.0004	0.0000	0.0018	0.0021	0.0000	0.0000	0.0000	0.0000
25	114	0.2116	10	1	1	1	1	0	0	0	0	N	N	N	N	N	N	N	N	N	N	N	N	0.0000	0.0000	0.0000	0.0000	0.0000	0.0000	0.0000	0.0000	0.0000	0.0000	0.0000	0.0000	0.0000	0.0000	0.0000	0.0000	0.0000	0.0000	0.0000	0.0000	4.4994	0.0001	1.0731	0.0001	0.0000	0.0000	0.0000	0.0000	0.0000	0.0000	0.0000	0.0000	0.0000	0.0000	0.0000	0.0000	0.0000	0.0000	0.0000	0.0000	0.0000	0.0000	0.0000	0.0000	0.0000	0.0000	0.0000	0.0000	0.0000	0.0000	0.0000	0.0000	0.0000	0.0000	0.0000	0.0000	0.0000	0.0000	0.0000	0.0000	0.0000	0.0000	0.0000	0.0000	0.0000	0.0000	0.0000	0.0000	0.0000	0.0000	0.0000	0.0000	0.0000	0.0000	0.0000	0.0000	0.0000	0.0000											
25	115	0.2050	9	1	1	1	1	0	0	0	0	N	N	N	N	N	N	N	N	N	N	N	N	inf	inf	inf	inf	0.0006	0.0007	0.0000	0.0017	0.0018	0.0000	0.0000	0.0000	0.0000	0.0000	0.0000	0.0000	0.0000	0.0000	0.0000	0.0000	0.0000	0.0000	0.0000	-0.0000	0.0000	4.4994	3.0007	1.0731	1.0012	0.0000	0.0000	0.0000	0.0000	0.0000	0.0000	0.0000	0.0000	0.0000	0.0000	0.0000	0.0000	0.0000	0.0000	0.0000	0.0000	0.0000	0.0000	0.0678	0.0605	0.0073	0.0235	0.0220	0.0015	0.0443	0.0385	0.0058	0.0121	0.0061	0.0059	0.0013	0.0011	0.0002	0.0108	0.0051	0.0057	inf	inf	0.0000	inf	inf	0.0000	0.0000	0.0000	0.0000	0.0000	0.0000	0.0000	0.0000	0.0000	0.0000	0.0000	0.0000	0.0000						
25	116	0.2031	8	1	0	1	1	0	0	0	0	N	N	N	N	N	N	N	N	N	N	N	N	291.3687	165.3875	0.0000	0.0000	inf	inf	0.0015	0.0017	0.0000	0.0000	0.0000	0.0000	0.0024	0.0028	0.0000	0.0000	0.0000	0.0000	0.0000	0.0001	0.0000	0.0000	0.0000	0.0000	0.0000	0.0000	-0.0000	-0.0000	4.4994	1.1177	1.0731	0.0023	0.0000	0.0000	0.0000	0.0000	0.0000	0.0000	0.0000	0.0000	0.0000	0.0000	0.0000	0.0000	0.0000	0.0000	0.0000	0.0000	0.0000	0.0000	0.0264	0.0237	0.0028	0.0098	0.0092	0.0006	0.0166	0.0144	0.0022	0.0034	0.0017	0.0017	0.0004	0.0003	0.0001	0.0030	0.0014	0.0016	291.3687	165.3875	0.0000	0.0000	0.0000	0.0000	inf	inf	0.0000	0.0000	0.0000	0.0000	0.0000	0.0001	0.0000	0.0000	0.0000	0.0000			
25	117	0.2583	6	1	1	1	0	0	0	0	0	N	N	N	N	N	N	N	N	N	N	N	N	159.2911	1747.2436	0.0000	661.6588	1410.6287	0.0000	6.8586	inf	0.0000	1.0389	1.1528	0.0000	2.5170	2.6642	0.0000	0.0691	0.0792	0.0000	0.0065	0.0007	0.0067	0.0038	0.0019	0.0277	0.0101	0.0000	0.0044	0.0000	9.4768	-0.2053	0.0001	4.4994	31.2782	1.0731	23.9277	0.7151	0.7151	0.0000	0.6864	0.6864	0.0000	0.0287	0.0287	0.0000	0.0004	0.0000	0.0004	0.0001	0.0000	0.0000	0.0003	0.0000	0.0003	0.6883	0.6203	0.0680	0.2727	0.2576	0.0151	0.4156	0.3627	0.0530	0.1650	0.0883	0.0767	0.0215	0.0199	0.0015	0.1436	0.0683	0.0752	434.2778	2701.4128	0.0000	707.1599	1410.6287	0.0000	31.1479	inf	0.0000	0.0024	0.0004	0.0047	0.0036	0.0019	0.0257	0.0022	0.0000	0.0042
25	118	0.2031	8	1	0	2	1	0	0	0	0	N	N	Y	N	N	N	N	N	N	N	N	N	0.0000	0.0000	0.0000	0.0000	0.0000	0.0000	0.0000	0.0000	0.0000	0.0000	0.0000	0.0000	0.0000	0.0935	0.0000	0.0452	0.0000	0.0000	0.0000	0.1657	0.0000	0.0430	inf	0.0000	0.0001	4.4994	3.8827	1.0731	2.9998	0.0000	0.0000	0.0000	0.0000	0.0000	0.0000	0.0000	0.0000	0.0000	0.0002	0.0000	0.0002	0.0000	0.0000	0.0000	0.0002	0.0000	0.0002	0.0886	0.0791	0.0095	0.0313	0.0293	0.0020	0.0573	0.0498	0.0075	0.0206	0.0105	0.0101	0.0022	0.0018	0.0003	0.0184	0.0086	0.0098	0.0000	0.0000	0.0000	0.0000	0.0000	0.0000	0.0000	0.0000	0.0000	0.0107	0.0000	0.0217	0.0000	0.0000	0.0000	0.0119	0.0000	0.0224						
25	119	0.2002	7	1	0	1	1	0	0	0	0	N	N	N	N	N	N	N	N	N	N	N	N	0.1441	inf	0.0732	inf	inf	0.0222	0.0934	0.0000	0.0000	0.0000	0.0000	0.0000	0.0000	0.0000	0.0000	0.0000	0.0000	0.0000	0.0000	0.0000	0.0000	0.0000	0.0000	0.0000	0.0000	0.1121	inf	-0.0000	0.0000	4.4994	2.8083	1.0731	0.0030	0.0000	0.0000	0.0000	0.0000	0.0000	0.0000	0.0000	0.0000	0.0000	0.0000	0.0000	0.0000	0.0000	0.0000	0.0000	0.0000	0.0000	0.0000	0.0764	0.0688	0.0076	0.0308	0.0290	0.0018	0.0456	0.0398	0.0058	0.0085	0.0043	0.0042	0.0009	0.0008	0.0001	0.0076	0.0036	0.0041	0.1441	inf	0.0732	inf	inf	0.0000	0.0222	0.0000	0.0934	0.0000	0.0000	0.0000	0.0000	0.0000	0.0000	0.0000	0.0000	0.0000		
25	120	0.2002	7	1	0	2	1	0	0	0	0	N	N	Y	N	N	N	N	N	N	N	N	N	30714.4123	inf	0.7723	inf	inf	11612.2850	inf	0.9592	0.0026	0.0029	0.0000	0.0055	0.0059	0.0000	0.0009	0.0010	0.0000	0.0000	0.0000	0.0000	0.0000	0.0000	0.0000	0.0000	0.0000	0.0000	0.0000	inf	-0.0002	0.0000	4.4994	9.6158	1.0731	0.0030	0.0006	0.0006	0.0000	0.0004	0.0004	0.0000	0.0001	0.0001	0.0000	0.0000	0.0000	0.0000	0.0000	0.0000	0.0000	0.0000	0.0000	0.0000	0.2260	0.2022	0.0238	0.0821	0.0768	0.0053	0.1439	0.1253	0.0185	0.0287	0.0146	0.0141	0.0030	0.0026	0.0005	0.0257	0.0120	0.0137	30714.4123	inf	0.7723	inf	inf	0.0000	11612.2850	inf	0.9592	0.0000	0.0000	0.0000	0.0000	0.0000	0.0000	0.0000	0.0000	0.0000	
25	121	0.1905	6	1	0	1	1	0	0	0	0	N	N	N	N	N	N	N	N	N	N	N	N	327.1119	469.9026	74.7652	281.9495	270.2318	0.1299	35.7490	inf	85.3986	0.0045	0.0050	0.0013	0.0113	0.0119	0.0000	0.0005	0.0003	0.0015	0.0000	0.0000	0.0000	0.0000	0.0000	0.0000	0.0000	0.0000	0.0000	0.0376	1.4856	-0.0001	-0.0000	4.4994	4.2457	1.0731	2.0144	0.0006	0.0005	0.0000	0.0005	0.0005	0.0000	0.0000	0.0000	0.0000	0.0000	0.0000	0.0000	0.0000	0.0000	0.0000	0.0000	0.0000	0.0000	0.1212	0.1059	0.0153	0.0451	0.0429	0.0022	0.0760	0.0629	0.0131	0.0212	0.0111	0.0101	0.0030	0.0027	0.0003	0.0182	0.0084	0.0098	327.1119	469.9026	74.7652	281.9495	270.2318	0.1299	53.7454	inf	85.3986	0.0000	0.0000	0.0000	0.0000	0.0000	0.0000	0.0000	0.0000	0.0000
25	122	0.1484	5	1	0	1	1	0	0	0	0	N	N	N	N	N	N	N	N	N	N	N	N	2754.4475	1073.4847	227.8690	593.9507	507.3962	0.2579	45614.5992	inf	299.1746	2.4240	2.7260	0.0016	6.8652	7.1842	0.0000	0.1471	0.1717	0.0018	0.0009	0.0025	0.0000	0.0116	0.0142	0.0001	0.0000	0.0000	0.0000	0.0001	0.0065	-0.2050	-0.0000	4.4994	11.9190	1.0731	13.1740	0.7143	0.7142	0.0001	0.6856	0.6856	0.0000	0.0287	0.0286	0.0001	0.0000	0.0000	0.0000	0.0000	0.0000	0.0000	0.0000	0.0000	0.0000	0.2947	0.2620	0.0327	0.0999	0.0954	0.0044	0.1948	0.1666	0.0282	0.0755	0.0378	0.0376	0.0050	0.0045	0.0005	0.0705	0.0333	0.0371	4525.3186	2567.4997	227.8690	859.9206	803.4462	0.2579	45614.5992	inf	299.1746	0.0005	0.0011	0.0000	0.0080	0.0089	0.0001	0.0000	0.0000	0.0000
25	123	0.6336	11	1	0	2	1	0	0	0	0	N	N	Y	N	N	N	N	N	N	N	N	N	816.7833	inf	2374.2276	inf	inf	1265.7399	inf	3309.9619	0.0001	0.0000	0.0008	0.0000	0.0000	0.0000	0.0002	0.0001	0.0011	0.0000	0.0000	0.0000	0.0000	0.0000	0.0000	0.0000	0.0000	0.0000	2.0004	inf	0.0000	0.0000	4.4994	12.8936	1.0731	4.1514	0.0000	0.0000	0.0000	0.0000	0.0000	0.0000	0.0000	0.0000	0.0000	0.0000	0.0000	0.0000	0.0000	0.0000	0.0000	0.0000	0.0000	0.0000	0.3001	0.2736	0.0265	0.1530	0.1452	0.0079	0.1470	0.1284	0.0187	0.0384	0.0236	0.0148	0.0116	0.0102	0.0014	0.0268	0.0134	0.0133	816.7833	inf	2374.2276	inf	0.0000	inf	1265.7399	inf	3309.9619	0.0000	0.0000	0.0000	0.0000	0.0000	0.0000	0.0000	0.0000	0.0000	
25	124	0.1637	6	1	1	1	0	0	0	0	0	N	N	N	N	N	N	N	N	N	N	N	N	0.0115	7970.6343	0.0109	799.0713	2230.9931	196.7959	0.0028	inf	0.0000	0.0007	0.0008	0.0004	0.0014	0.0014	0.0027	0.0004	0.0004	0.0000	0.0632	0.0000	0.0397	0.0000	0.0000	0.0000	0.1279	0.0000	0.0362	0.0649	194351.9687	-0.0000	0.0002	4.4994	12.7386	1.0731	8.7370	0.0002	0.0002	0.0000	0.0001	0.0001	0.0000	0.0001	0.0001	0.0000	0.0006	0.0000	0.0006	0.0000	0.0000	0.0000	0.0006	0.0000	0.0006	0.2951	0.2649	0.0302	0.1005	0.0956	0.0049	0.1946	0.1693	0.0253	0.0666	0.0337	0.0329	0.0058	0.0053	0.0005	0.0608	0.0284	0.0324	0.0775	7970.6343	0.0228	799.0713	2230.9931	196.7959	0.0356	inf	0.0000	0.0093	0.0000	0.0189	0.0000	0.0000	0.0000	0.0102	0.0000	0.0192
25	125	0.1484	5	1	1	1	0	0	0	0	0	N	N	N	N	N	N	N	N	N	N	N	N	6.5637	90.8975	0.0104	18.0414	18.8594	0.1482	2.0955	inf	0.0056	0.0020	0.0023	0.0000	0.0026	0.0028	0.0000	0.0017	0.0020	0.0000	0.0003	0.0000	0.0005	0.0001	0.0001	0.0002	0.0008	0.0000	0.0005	0.0003	25.8169	-0.0001	0.0000	4.4994	8.6431	1.0731	1.4782	0.0005	0.0005	0.0000	0.0002	0.0002	0.0000	0.0002	0.0002	0.0000	0.0000	0.0000	0.0000	0.0000	0.0000	0.0000	0.0000	0.0000	0.0000	0.2248	0.1994	0.0254	0.0778	0.0746	0.0032	0.1470	0.1248	0.0221	0.0321	0.0162	0.0160	0.0025	0.0022	0.0002	0.0297	0.0139	0.0158	7.4613	113.3210	0.0104	18.0414	18.8594	0.1482	6.0242	inf	0.0056	0.0003	0.0000	0.0005	0.0001	0.0001	0.0002	0.0003	0.0000	0.0005
25	126	0.1388	4	1	0	1	0	0	0	0	0	N	N	N	N	N	N	N	N	N	N	N	N	18.1756	75.4693	6.0277	11.4101	63.3036	0.4082	2.0894	inf	9.9294	0.0019	0.0020	0.0013	0.0052	0.0052	0.0040	0.0002	0.0001	0.0008	0.0001	0.0000	0.0002	0.0005	0.0001	0.0099	0.0001	0.0000	0.0001	0.0745	7.8528	-0.0000	0.0000	4.4994	4.1618	1.0731	2.0491	0.0002	0.0002	0.0000	0.0002	0.0002	0.0000	0.0000	0.0000	0.0000	0.0000	0.0000	0.0000	0.0000	0.0000	0.0000	0.0000	0.0000	0.0000	0.1117	0.1002	0.0115	0.0372	0.0357	0.0015	0.0745	0.0645	0.0100	0.0249	0.0140	0.0109	0.0036	0.0035	0.0001	0.0212	0.0105	0.0107	18.1756	93.8281	6.0277	11.4101	63.3036	0.4082	5.3041	inf	9.9294	0.0001	0.0000	0.0002	0.0005	0.0001	0.0099	0.0000	0.0000	0.0001
25	128	0.6458	12	2	1	1	0	0	0	0	0	Y	N	N	N	N	N	N	N	N	N	N	N	inf	inf	inf	inf	inf	inf	0.0002	0.0002	0.0000	0.0000	0.0000	0.0000	0.0005	0.0005	0.0000	0.0000	0.0000	0.0000	0.0000	0.0000	0.0000	0.0000	0.0000	0.0000	0.0000	-0.0000	0.0000	4.4994	2.0107	1.0731	1.9995	0.0000	0.0000	0.0000	0.0000	0.0000	0.0000	0.0000	0.0000	0.0000	0.0000	0.0000	0.0000	0.0000	0.0000	0.0000	0.0000	0.0000	0.0000	0.0446	0.0405	0.0041	0.0231	0.0219	0.0012	0.0214	0.0186	0.0028	0.0088	0.0055	0.0033	0.0029	0.0026	0.0004	0.0058	0.0029	0.0029	inf	inf	0.0000	inf	inf	0.0000	inf	inf	0.0000	0.0000	0.0000	0.0000	0.0000	0.0000	0.0000	0.0000	0.0000	0.0000				
25	129	0.6336	11	2	1	1	0	0	0	0	0	Y	N	N	N	N	N	N	N	N	N	N	N	3832.4471	inf	0.0000	inf	inf	0.0691	inf	0.0000	0.0008	0.0009	0.0000	0.0016	0.0017	0.0000	0.0000	0.0000	0.0000	0.0000	0.0000	0.0000	0.0000	0.0000	0.0000	0.0000	0.0000	0.0000	0.0000	inf	-0.0000	0.0000	4.4994	5.6459	1.0731	1.1399	0.0001	0.0001	0.0000	0.0001	0.0001	0.0000	0.0000	0.0000	0.0000	0.0000	0.0000	0.0000	0.0000	0.0000	0.0000	0.0000	0.0000	0.0000	0.1455	0.1332	0.0123	0.0760	0.0724	0.0036	0.0695	0.0608	0.0087	0.0158	0.0097	0.0061	0.0048	0.0042	0.0006	0.0110	0.0055	0.0055	3832.4471	inf	0.0000	inf	inf	0.0000	0.0691	inf	0.0000	0.0000	0.0000	0.0000	0.0000	0.0000	0.0000	0.0000	0.0000	0.0000	
25	130	0.6033	10	1	0	1	0	0	0	0	0	N	N	N	N	N	N	N	N	N	N	N	N	2.7913	6.8501	0.0007	5.0328	7.2422	0.0000	0.0088	0.0089	0.0011	0.0002	0.0002	0.0000	0.0003	0.0003	0.0000	0.0000	0.0000	0.0000	0.0001	0.0000	0.0001	0.0001	0.0000	0.0002	0.0002	0.0002	0.0001	0.0000	3.4856	-0.0000	0.0000	4.4994	11.6079	1.0731	5.3766	0.0001	0.0001	0.0000	0.0001	0.0001	0.0000	0.0000	0.0000	0.0000	0.0000	0.0000	0.0000	0.0000	0.0000	0.0000	0.0000	0.0000	0.0000	0.3124	0.2832	0.0292	0.1655	0.1564	0.0090	0.1469	0.1267	0.0202	0.0454	0.0280	0.0174	0.0145	0.0130	0.0015	0.0309	0.0150	0.0159	2.7913	8.5226	0.0007	5.0328	7.2422	0.0000	0.0247	2.6917	0.0011	0.0001	0.0000	0.0001	0.0001	0.0000	0.0002	0.0001	0.0000	0.0001
25	131	0.5854	9	1	0	1	0	0	0	0	0	N	N	N	N	N	N	N	N	N	N	N	N	2.3380	1.7538	0.2079	4.5377	4.2694	1.5956	0.1239	0.8917	0.0886	0.0071	0.0077	0.0001	0.0137	0.0144	0.0003	0.0001	0.0001	0.0001	0.0030	0.0044	0.0007	0.0030	0.0034	0.0002	0.0010	0.0002	0.0007	0.0017	0.1988	-0.0002	-0.0000	4.4994	3.9355	1.0731	8.7078	0.0008	0.0008	0.0000	0.0008	0.0008	0.0000	0.0000	0.0000	0.0000	0.0001	0.0001	0.0000	0.0001	0.0001	0.0000	0.0000	0.0000	0.0000	0.1097	0.0998	0.0098	0.0559	0.0531	0.0027	0.0538	0.0467	0.0071	0.0471	0.0315	0.0156	0.0171	0.0159	0.0012	0.0300	0.0156	0.0144	5.3912	4.7385	0.2079	4.5377	4.4554	1.5956	0.3732	267.9715	0.0886	0.0013	0.0016	0.0007	0.0030	0.0032	0.0002	0.0003	0.0000	0.0007
25	132	0.5737	8	1	0	1	0	0	0	0	0	N	N	N	N	N	N	N	N	N	N	N	N	0.6238	12.0277	1.4605	14.7882	17.6404	0.0984	0.1317	20.8539	2.1349	0.0112	0.0084	0.0387	0.0140	0.0147	0.0002	0.0083	0.0015	0.0529	0.0179	0.0007	0.0265	0.0009	0.0008	0.0023	0.0630	0.0001	0.0248	0.4553	16.8202	0.0000	0.0001	4.4994	6.2657	1.0731	3.9760	0.0019	0.0013	0.0006	0.0012	0.0012	0.0000	0.0007	0.0001	0.0006	0.0002	0.0000	0.0002	0.0000	0.0000	0.0000	0.0002	0.0000	0.0002	0.1708	0.1555	0.0154	0.0853	0.0811	0.0041	0.0856	0.0743	0.0112	0.0386	0.0247	0.0139	0.0142	0.0130	0.0011	0.0244	0.0116	0.0128	2.2169	19.0870	2.9379	14.7882	17.6404	0.0984	1.1214	7164.4021	3.7461	0.0050	0.0004	0.0132	0.0009	0.0008	0.0023	0.0074	0.0000	0.0141
25	133	0.4964	7	1	0	1	0	0	0	0	0	N	N	N	N	N	N	N	N	N	N	N	N	4.9127	2.9478	26.5161	6.9950	6.5996	19.5754	2.2735	6.9398	26.5102	0.0282	0.0282	0.0289	0.0553	0.0570	0.0308	0.0042	0.0006	0.0281	0.0057	0.0096	0.0011	0.0079	0.0086	0.0016	0.0019	0.0001	0.0011	0.1125	0.2538	-0.0033	-0.0001	4.4994	26.7012	1.0731	18.2690	0.0179	0.0161	0.0018	0.0165	0.0159	0.0006	0.0014	0.0002	0.0012	0.0003	0.0002	0.0001	0.0002	0.0002	0.0000	0.0001	0.0000	0.0001	0.6347	0.5720	0.0627	0.2985	0.2795	0.0190	0.3362	0.2924	0.0438	0.1402	0.0842	0.0559	0.0414	0.0380	0.0034	0.0988	0.0462	0.0525	13.1436	9.8789	26.5161	9.3271	9.0159	19.5754	7.4775	2163.8019	26.5102	0.0021	0.0029	0.0011	0.0059	0.0063	0.0016	0.0006	0.0000	0.0011
25	134	0.2583	6	1	0	1	0	0	0	0	0	N	N	N	N	N	N	N	N	N	N	N	N	1.0020	1.0080	8.3658	5.4972	1.2045	25.2757	0.0459	0.0202	0.7080	0.0140	0.0020	0.1235	0.0344	0.0047	0.5388	0.0011	0.0002	0.0078	0.0139	0.0020	0.0148	0.0063	0.0039	0.0213	0.0246	0.0084	0.0111	6.7941	8.2473	0.0100	0.0003	4.4994	61.4372	1.0731	55.8589	0.0171	0.0022	0.0149	0.0162	0.0021	0.0141	0.0008	0.0001	0.0007	0.0012	0.0001	0.0011	0.0001	0.0001	0.0000	0.0011	0.0000	0.0011	1.2227	1.1022	0.1204	0.4709	0.4446	0.0262	0.7518	0.6576	0.0942	0.2877	0.1522	0.1355	0.0284	0.0261	0.0023	0.2594	0.1261	0.1333	3.2375	2.2540	15.1292	6.9346	1.3173	25.2757	0.2666	0.5140	0.9870	0.0043	0.0009	0.0082	0.0050	0.0035	0.0213	0.0042	0.0003	0.0079
25	135	0.1680	5	1	0	1	0	0	0	0	0	N	N	N	N	N	N	N	N	N	N	N	N	0.8698	9.4122	0.6889	0.8304	1.9815	0.5970	0.4235	0.8359	0.0450	0.0006	0.0006	0.0006	0.0008	0.0006	0.0040	0.0005	0.0006	0.0000	0.0007	0.0001	0.0009	0.0010	0.0003	0.0067	0.0012	0.0007	0.0008	0.1274	12.6407	-0.0001	0.0000	4.4994	31.7621	1.0731	18.5886	0.0004	0.0004	0.0000	0.0002	0.0001	0.0000	0.0002	0.0002	0.0000	0.0001	0.0000	0.0001	0.0000	0.0000	0.0000	0.0001	0.0000	0.0001	0.6733	0.6012	0.0721	0.2029	0.1922	0.0107	0.4704	0.4090	0.0614	0.1513	0.0823	0.0690	0.0161	0.0145	0.0017	0.1352	0.0679	0.0674	1.3264	9.7759	0.6889	0.8304	1.9815	0.5970	1.2963	124.6566	0.0450	0.0004	0.0001	0.0009	0.0010	0.0003	0.0067	0.0004	0.0000	0.0008
26	27	0.0583	2	0	2	0	0	0	0	0	0	N	Y	N	N	N	N	N	N	N	N	N	N	6.9005	2.7718	0.0010	2.1389	2.2688	0.0048	102.7986	1356.2861	0.0012	0.7565	0.8968	0.0000	0.8678	1.0229	0.0000	0.7349	0.8722	0.0000	0.1096	0.3235	0.0037	0.4057	0.4509	0.0004	0.0071	0.0006	0.0035	0.0000	0.1581	-0.3519	-0.0035	12.3098	25.8727	9.0087	15.5187	1.2256	1.2256	0.0000	0.2283	0.2283	0.0000	0.9972	0.9972	0.0000	0.0070	0.0061	0.0010	0.0061	0.0061	0.0000	0.0010	0.0000	0.0010	1.6200	1.3666	0.2534	0.2631	0.2232	0.0399	1.3569	1.1434	0.2136	0.6080	0.3254	0.2826	0.0760	0.0685	0.0075	0.5320	0.2569	0.2750	65.5123	48.1379	0.0011	10.8788	11.5576	0.0048	408.7081	209229.6027	0.0012	0.0115	0.0186	0.0034	0.0798	0.0885	0.0004	0.0018	0.0000	0.0035
26	28	0.1583	6	1	2	0	0	0	0	0	0	N	Y	N	N	N	N	N	N	N	N	N	N	0.6085	0.3952	0.0000	0.4578	0.4179	0.0000	0.0092	0.0057	0.0000	0.9659	1.0891	0.0000	3.9981	4.2609	0.0000	0.0095	0.0109	0.0000	1.5873	2.7559	0.1909	8.7333	10.1956	0.0080	1.0310	1.9050	0.1611	0.0000	0.0158	-0.5677	-0.5407	12.3098	38.1974	9.0087	14.3032	1.9773	1.9773	0.0000	1.9625	1.9625	0.0000	0.0148	0.0148	0.0000	0.8824	0.8687	0.0137	0.7852	0.7851	0.0001	0.0972	0.0836	0.0136	2.0470	1.8154	0.2316	0.4909	0.4606	0.0303	1.5562	1.3549	0.2013	0.5883	0.3152	0.2731	0.0899	0.0770	0.0129	0.4983	0.2382	0.2601	0.6439	0.3952	0.0000	0.4578	0.4179	0.0000	0.0486	0.0310	0.0000	1.5000	2.7559	0.0503	8.7333	10.1956	0.0080	0.1951	0.3510	0.0524
26	29	0.0420	2	0	2	0	0	0	0	0	0	N	Y	N	N	N	N	N	N	N	N	N	N	0.2844	8.6254	0.1465	5.5408	9.6758	0.0374	0.2309	108.1175	0.1359	0.7719	0.4343	1.5008	0.9189	0.9302	0.2029	0.7015	0.0008	1.5218	2.7143	0.0503	10.2428	0.1658	0.0961	5.4193	3.0377	0.0000	11.1993	1.6008	720.5884	0.2066	0.2904	12.3098	6.0056	9.0087	10.9350	0.6292	0.2419	0.3873	0.2425	0.2417	0.0008	0.3867	0.0002	0.3865	0.7844	0.0011	0.7833	0.0014	0.0011	0.0004	0.7829	0.0000	0.7829	0.8152	0.5571	0.2581	0.2639	0.2598	0.0041	0.5513	0.2973	0.2540	0.2890	0.1450	0.1440	0.0312	0.0308	0.0004	0.2577	0.1142	0.1436	0.2844	57.9244	0.2759	19.8899	26.3857	0.2340	0.2309	52722.5193	0.2791	2.7143	0.0075	5.4399	0.0462	0.0353	0.8673	3.0377	0.0000	5.4530
26	30	0.1961	6	1	2	0	0	0	0	0	0	N	Y	N	N	N	N	N	N	N	N	N	N	0.0522	0.0336	0.0002	0.0816	0.0795	0.0002	0.0001	0.0000	0.0000	0.0002	0.0002	0.0000	0.0005	0.0006	0.0000	0.0000	0.0000	0.0000	0.0040	0.0069	0.0006	0.0066	0.0071	0.0025	0.0007	0.0019	0.0005	0.0001	0.1571	-0.0001	-0.0004	12.3098	17.1852	9.0087	7.8386	0.0003	0.0003	0.0000	0.0003	0.0003	0.0000	0.0000	0.0000	0.0000	0.0007	0.0006	0.0001	0.0006	0.0006	0.0000	0.0001	0.0000	0.0001	1.6357	1.4752	0.1605	0.6398	0.6062	0.0336	0.9959	0.8691	0.1268	0.4485	0.2768	0.1716	0.1237	0.1141	0.0095	0.3248	0.1627	0.1621	0.1312	0.1039	0.0002	0.1042	0.1053	0.0002	0.0002	0.0012	0.0000	0.0016	0.0022	0.0006	0.0052	0.0054	0.0025	0.0002	0.0000	0.0005
26	31	0.2367	7	0	2	0	0	0	0	0	0	N	Y	N	N	N	N	N	N	N	N	N	N	0.0000	0.0000	0.0000	0.0000	0.0000	0.0000	0.0000	0.0000	0.0000	0.0000	0.0000	0.0000	0.0000	0.0000	0.0000	0.0000	0.0000	0.0000	0.0003	0.0009	0.0000	0.0018	0.0021	0.0000	0.0000	0.0019	0.0000	0.0069	0.0000	-0.0000	12.3098	9.9927	9.0087	7.0404	0.0000	0.0000	0.0000	0.0000	0.0000	0.0000	0.0000	0.0000	0.0000	0.0001	0.0001	0.0000	0.0001	0.0001	0.0000	0.0000	0.0000	0.0000	0.5001	0.4426	0.0575	0.1177	0.1109	0.0068	0.3824	0.3317	0.0506	0.1941	0.1015	0.0926	0.0279	0.0237	0.0042	0.1662	0.0778	0.0883	0.0000	0.0000	0.0000	0.0000	0.0000	0.0000	0.0000	0.0000	0.0000	0.0003	0.0005	0.0000	0.0018	0.0021	0.0000	0.0000	0.0000	0.0000	
26	32	0.2286	6	0	2	0	0	0	0	0	0	N	Y	N	N	N	N	N	N	N	N	N	N	0.0000	0.0000	0.0000	0.0000	0.0000	0.0000	0.0000	0.0000	0.0000	0.0000	0.0000	0.0000	0.0000	0.0000	0.0000	0.0000	0.0000	0.0020	0.0001	0.0019	0.0005	0.0006	0.0000	0.0041	0.0006	0.0020	13.0195	0.0000	0.0000	12.3098	3.8146	9.0087	0.9911	0.0000	0.0000	0.0000	0.0000	0.0000	0.0000	0.0000	0.0000	0.0000	0.0001	0.0000	0.0001	0.0000	0.0000	0.0000	0.0001	0.0000	0.0001	0.2203	0.1966	0.0237	0.0576	0.0550	0.0026	0.1626	0.1416	0.0211	0.0560	0.0290	0.0269	0.0077	0.0064	0.0012	0.0483	0.0226	0.0257	0.0000	0.0000	0.0000	0.0000	0.0000	0.0000	0.0000	0.0000	0.0000	0.0010	0.0001	0.0019	0.0005	0.0006	0.0000	0.0011	0.0000	0.0020		
26	33	0.2286	6	0	2	0	0	0	0	0	0	N	Y	N	N	N	N	N	N	N	N	N	N	3.0019	inf	0.0000	inf	inf	0.0000	0.0000	0.0000	0.0000	0.0000	0.0000	0.0000	0.0000	0.0000	0.0000	0.0000	0.0000	0.0000	0.0000	0.0000	0.0000	0.0000	0.0000	0.0000	0.0000	0.0000	inf	-0.0000	0.0000	12.3098	24.4476	9.0087	5.0002	0.0000	0.0000	0.0000	0.0000	0.0000	0.0000	0.0000	0.0000	0.0000	0.0000	0.0000	0.0000	0.0000	0.0000	0.0000	0.0000	0.0000	0.0000	1.1939	1.0587	0.1352	0.2747	0.2592	0.0156	0.9192	0.7996	0.1196	0.3250	0.1691	0.1559	0.0439	0.0369	0.0071	0.2811	0.1322	0.1488	3.0019	inf	0.0000	inf	inf	0.0000	0.0000	0.0000	0.0000	0.0000	0.0000	0.0000	0.0000	0.0000	0.0000	0.0000	0.0000	0.0000		
26	34	0.2766	6	0	2	1	1	0	0	0	0	N	Y	N	N	N	N	N	N	N	N	N	N	0.0851	0.0534	0.0000	4.5253	4.3723	0.0014	0.0008	0.0000	2.5047	2.6870	0.0000	3.9156	4.0379	0.0000	0.0526	0.0607	0.0000	29.4157	50.2949	0.0000	0.8653	0.9235	0.0000	38.7164	79.3942	0.0000	0.0000	0.0000	-0.0943	-0.5846	12.3098	1.3124	9.0087	1.0060	0.3283	0.3283	0.0000	0.3258	0.3258	0.0000	0.0025	0.0025	0.0000	0.9304	0.9304	0.0000	0.0012	0.0012	0.0000	0.9291	0.9291	0.0000	0.1311	0.1222	0.0089	0.0832	0.0807	0.0025	0.0479	0.0415	0.0064	0.0316	0.0185	0.0131	0.0076	0.0068	0.0008	0.0240	0.0117	0.0123	0.0851	0.0534	0.0000	24.0026	22.0451	0.0000	0.0014	0.0008	0.0000	29.4157	50.2949	0.0000	0.1631	0.1832	0.0000	38.7164	79.3942	0.0000	
26	35	0.1453	5	0	1	0	1	0	0	0	0	N	N	N	N	N	N	N	N	N	N	N	N	0.9003	0.7300	0.4963	0.5422	0.5146	9.0396	0.9289	0.5244	0.4900	0.6996	0.7880	0.0008	0.3056	0.3263	0.0006	0.8179	0.9367	0.0008	0.7771	1.0794	0.0016	0.5636	0.6341	0.0001	0.8806	1.7860	0.0016	0.0001	0.0069	-0.5728	-0.0551	12.3098	53.2438	9.0087	16.6757	1.9957	1.9954	0.0002	0.2013	0.2013	0.0000	1.7944	1.7941	0.0002	0.0887	0.0881	0.0006	0.0137	0.0137	0.0000	0.0750	0.0743	0.0006	2.8526	2.5324	0.3203	0.6588	0.6169	0.0419	2.1938	1.9155	0.2783	0.8180	0.4299	0.3880	0.1302	0.1129	0.0173	0.6878	0.3170	0.3708	6.4531	3.8467	0.4963	2.8990	2.6853	9.0396	7.5052	3.9938	0.4900	0.1084	0.2048	0.0016	0.1054	0.1215	0.0001	0.1090	0.2345	0.0016
26	36	0.1045	5	0	2	0	0	0	0	0	0	N	Y	N	N	N	N	N	N	N	N	N	N	4.8577	561.0959	0.0000	232.6284	780.3563	0.0000	2.7072	3428.3205	0.0000	1.6982	1.9396	0.0000	4.8770	5.2797	0.0000	1.1496	1.3256	0.0000	0.3496	0.0035	0.1608	0.0210	0.0068	0.1109	0.4246	0.0004	0.1364	0.0000	31.6888	-0.4985	0.0033	12.3098	17.9460	9.0087	11.6991	1.7362	1.7362	0.0000	0.7338	0.7338	0.0000	1.0023	1.0023	0.0000	0.0096	0.0003	0.0093	0.0008	0.0003	0.0005	0.0088	0.0000	0.0088	1.0224	0.8951	0.1273	0.1505	0.1390	0.0115	0.8719	0.7561	0.1158	0.4130	0.2165	0.1964	0.0630	0.0560	0.0069	0.3500	0.1605	0.1895	72.9975	1429.1298	0.0000	400.8061	1007.2537	0.0000	45.5107	798188.2008	0.0000	0.0233	0.0014	0.0474	0.0122	0.0052	0.0680	0.0253	0.0000	0.0467
26	37	0.5600	10	1	2	0	0	0	0	0	0	N	Y	N	N	N	N	N	N	N	N	N	N	0.0000	0.0000	0.0000	0.0000	0.0000	0.0000	0.0000	0.0000	0.0000	0.0000	0.0000	0.0000	0.0000	0.0000	0.0000	0.0000	0.0000	0.0000	0.0000	0.0000	0.0000	0.0000	0.0000	0.0000	-0.0000	12.3098	1.9903	9.0087	0.0021	0.0000	0.0000	0.0000	0.0000	0.0000	0.0000	0.0000	0.0000	0.0000	0.0000	0.0000	0.0000	0.0000	0.0000	0.0000	0.0000	0.0000	0.0000	0.0995	0.0886	0.0108	0.0350	0.0329	0.0021	0.0645	0.0557	0.0087	0.0189	0.0117	0.0072	0.0067	0.0057	0.0009	0.0123	0.0060	0.0063	0.0000	0.0000	0.0000	0.0000	0.0000	0.0000	0.0000	0.0000	0.0000	0.0000	0.0000	0.0000	0.0000	0.0000	0.0000	0.0000	0.0000	0.0000						
26	38	0.1453	5	0	2	0	1	0	0	0	0	N	Y	N	N	N	N	N	N	N	N	N	N	83.8281	0.0955	60103.7088	9.9870	0.2101	25879.3549	6109.4455	0.0004	64555.0871	0.3529	0.0010	3.1421	0.1584	0.0041	2.4821	0.4141	0.0000	3.2433	0.0042	0.0108	0.0001	0.0159	0.0194	0.0001	0.0001	0.0008	0.0001	385.4267	0.0151	0.6362	-0.0008	12.3098	45.5232	9.0087	15.8903	0.8957	0.0023	0.8934	0.0962	0.0023	0.0939	0.7995	0.0000	0.7995	0.0012	0.0012	0.0000	0.0012	0.0012	0.0000	0.0000	0.0000	0.0000	2.5382	2.2539	0.2843	0.6073	0.5695	0.0378	1.9309	1.6844	0.2465	0.7418	0.3909	0.3508	0.1220	0.1064	0.0156	0.6197	0.2845	0.3352	212.6388	0.3315	60103.7088	15.9356	0.3574	25879.3549	13961.3372	0.0621	64555.0871	0.0017	0.0031	0.0001	0.0099	0.0114	0.0001	0.0000	0.0000	0.0001
26	39	0.1182	4	0	1	0	1	0	0	0	0	N	N	N	N	N	N	N	N	N	N	N	N	0.4156	1.0535	1.6526	7.7655	5.9395	215.9269	0.4367	0.2476	2.2439	0.2443	0.1325	1.0647	0.0262	0.0246	0.0478	0.3082	0.1665	1.2213	0.5877	0.1258	0.6443	0.0034	0.0041	0.0002	0.7056	0.6723	0.5443	1.0943	7.8445	0.0489	0.0036	12.3098	13.8166	9.0087	4.5847	0.2075	0.0991	0.1084	0.0051	0.0044	0.0006	0.2025	0.0947	0.1078	0.0138	0.0016	0.0122	0.0001	0.0001	0.0000	0.0136	0.0014	0.0122	0.8496	0.7478	0.1019	0.1925	0.1789	0.0136	0.6571	0.5688	0.0883	0.2656	0.1422	0.1234	0.0433	0.0385	0.0048	0.2223	0.1037	0.1186	4.7179	12.1182	10.7746	7.9776	6.6956	215.9269	5.0330	12.2119	11.8755	0.0518	0.0109	0.0988	0.0033	0.0037	0.0002	0.0612	0.0136	0.1028
26	40	0.2801	8	0	1	1	0	0	0	0	0	N	N	N	N	N	N	N	N	N	N	N	N	0.0443	0.0213	0.0000	0.0215	0.0207	0.0000	2.4675	0.3027	0.0000	0.0000	0.0000	0.0000	0.0000	0.0001	0.0000	0.0000	0.0000	0.0000	0.0009	0.0021	0.0000	0.0022	0.0024	0.0002	0.0000	0.0001	0.0000	0.0000	0.0220	-0.0000	-0.0001	12.3098	12.6411	9.0087	7.4648	0.0000	0.0000	0.0000	0.0000	0.0000	0.0000	0.0000	0.0000	0.0000	0.0002	0.0002	0.0000	0.0002	0.0002	0.0000	0.0000	0.0000	0.0000	0.7545	0.6674	0.0871	0.2111	0.1985	0.0127	0.5434	0.4690	0.0744	0.2809	0.1630	0.1180	0.0691	0.0619	0.0073	0.2118	0.1011	0.1107	0.0724	0.0485	0.0000	0.0215	0.0207	0.0000	3.7191	92.3150	0.0000	0.0005	0.0009	0.0000	0.0022	0.0024	0.0002	0.0000	0.0000	0.0000
26	41	0.5475	8	0	2	0	0	0	0	0	0	N	Y	N	N	N	N	N	N	N	N	N	N	2.3096	1.7857	21.3104	4.6182	4.4163	64.6280	1.1106	1.2891	14.7217	0.9733	1.0881	0.0280	2.5546	2.7370	0.0532	0.0029	0.0003	0.0200	0.4214	0.6094	0.0013	0.5532	0.6198	0.0008	0.0027	0.0003	0.0014	0.0031	0.0186	-0.3254	-0.0059	12.3098	22.0894	9.0087	9.3639	1.1455	1.1420	0.0036	1.1434	1.1418	0.0016	0.0021	0.0002	0.0019	0.0097	0.0095	0.0002	0.0095	0.0095	0.0000	0.0002	0.0000	0.0002	1.1769	1.0495	0.1274	0.4476	0.4172	0.0304	0.7293	0.6323	0.0970	0.3189	0.1846	0.1342	0.0915	0.0794	0.0122	0.2273	0.1052	0.1221	32.1273	21.1827	21.3104	24.6323	22.9102	64.6280	4.0286	374.1857	14.7217	0.0303	0.0514	0.0013	0.1037	0.1195	0.0008	0.0007	0.0000	0.0014
26	42	0.1182	4	0	2	0	0	0	0	0	0	N	Y	N	N	N	N	N	N	N	N	N	N	2323.9843	1120.0904	0.0364	12.3695	11.3628	0.0000	7198.9379	367.3757	0.0393	0.4486	0.5100	0.0000	0.0159	0.0172	0.0000	0.5407	0.6215	0.0000	0.0002	0.0005	0.0000	0.0013	0.0015	0.0000	0.0001	0.0017	0.0000	0.0000	0.0765	-0.2887	-0.0001	12.3098	43.3975	9.0087	17.3745	1.0055	1.0055	0.0000	0.0062	0.0062	0.0000	0.9992	0.9992	0.0000	0.0001	0.0001	0.0000	0.0001	0.0001	0.0000	0.0000	0.0000	0.0000	2.2415	1.9717	0.2699	0.3935	0.3639	0.0296	1.8480	1.6078	0.2402	0.7277	0.3787	0.3491	0.0940	0.0798	0.0142	0.6338	0.2989	0.3349	2323.9843	1480.0193	0.0364	12.3695	11.3628	0.0000	17145.5241	18557.8413	0.0393	0.0002	0.0003	0.0000	0.0013	0.0015	0.0000	0.0000	0.0000	0.0000
26	43	0.4777	7	1	1	1	0	0	0	0	0	N	N	N	N	N	N	N	N	N	N	N	N	0.0001	0.0000	0.0000	0.0001	0.0001	0.0000	0.0000	0.0000	0.0000	0.0000	0.0000	0.0000	0.0000	0.0000	0.0000	0.0000	0.0000	0.0000	0.0626	0.2707	0.0000	0.0043	0.0054	0.0000	0.1532	0.8343	0.0000	0.0000	0.0001	-0.0000	-0.0013	12.3098	18.2331	9.0087	4.4208	0.0000	0.0000	0.0000	0.0000	0.0000	0.0000	0.0000	0.0000	0.0000	0.0021	0.0021	0.0000	0.0002	0.0002	0.0000	0.0019	0.0019	0.0000	0.9586	0.8588	0.0997	0.3288	0.3117	0.0171	0.6298	0.5472	0.0826	0.2285	0.1294	0.0991	0.0598	0.0516	0.0082	0.1687	0.0778	0.0909	0.0004	0.0002	0.0000	0.0002	0.0001	0.0000	0.0005	0.0002	0.0000	0.0093	0.0165	0.0000	0.0039	0.0045	0.0000	0.0112	0.0244	0.0000
26	44	0.5375	7	0	2	0	1	0	0	0	0	N	Y	N	N	N	N	N	N	N	N	N	N	0.4492	0.4734	0.0000	0.4648	0.4271	0.1228	0.2398	182.5712	0.0000	1.4203	1.5855	0.0000	3.1856	3.4012	0.0000	0.4429	0.5073	0.0000	3.1618	3.3491	5.9253	6.8542	7.9631	0.0000	1.8468	0.0028	6.5261	0.0000	0.5950	-1.2310	-0.6733	12.3098	62.5878	9.0087	29.9840	4.2873	4.2873	0.0000	3.4267	3.4267	0.0000	0.8606	0.8606	0.0000	2.6373	1.6535	0.9839	1.6534	1.6534	0.0000	0.9839	0.0000	0.9839	3.0187	2.7040	0.3147	1.0757	1.0075	0.0682	1.9430	1.6965	0.2465	0.8341	0.4937	0.3404	0.2412	0.2076	0.0336	0.5929	0.2861	0.3068	0.4492	0.4734	0.0000	0.4648	0.4271	0.1228	0.2669	6450.0351	0.0000	3.1618	3.3491	2.8901	6.8542	7.9631	0.0000	1.6595	0.0001	3.2066
26	45	0.4777	7	1	1	1	0	0	0	0	0	N	N	N	N	N	N	N	N	N	N	N	N	1.2529	0.5892	0.0000	1.8098	1.5195	0.0000	5.1007	inf	0.0000	0.0022	0.0024	0.0000	0.0061	0.0065	0.0000	0.0000	0.0000	0.0000	0.0017	0.0041	0.0000	0.0034	0.0043	0.0000	0.0000	0.0000	0.0000	0.0000	0.0016	-0.0005	-0.0001	12.3098	13.5293	9.0087	3.1702	0.0016	0.0016	0.0000	0.0016	0.0016	0.0000	0.0000	0.0000	0.0000	0.0002	0.0002	0.0000	0.0002	0.0002	0.0000	0.0000	0.0000	0.0000	0.7416	0.6655	0.0761	0.2619	0.2487	0.0132	0.4797	0.4168	0.0629	0.1735	0.0987	0.0748	0.0462	0.0401	0.0061	0.1273	0.0586	0.0687	2.4729	1.5704	0.0000	1.8637	1.7042	0.0000	5.1007	inf	0.0000	0.0009	0.0015	0.0000	0.0033	0.0038	0.0000	0.0000	0.0000	0.0000
26	46	0.4732	6	1	1	1	0	0	0	0	0	N	N	N	N	N	N	N	N	N	N	N	N	0.0014	0.0011	0.0002	0.0001	0.0001	0.0000	0.0027	0.0014	0.0004	0.0010	0.0011	0.0000	0.0000	0.0001	0.0000	0.0017	0.0019	0.0000	0.7263	0.9725	0.0087	0.9034	0.9372	0.0211	0.6161	1.3728	0.0046	0.0001	0.0264	-0.0001	-0.0040	12.3098	4.1147	9.0087	1.2946	0.0003	0.0003	0.0000	0.0000	0.0000	0.0000	0.0003	0.0003	0.0000	0.0067	0.0065	0.0002	0.0044	0.0043	0.0000	0.0023	0.0022	0.0001	0.3313	0.3027	0.0286	0.1404	0.1354	0.0051	0.1909	0.1673	0.0235	0.0764	0.0460	0.0304	0.0254	0.0230	0.0024	0.0510	0.0229	0.0281	0.0113	0.0076	0.0002	0.0003	0.0003	0.0000	0.0369	0.0200	0.0004	0.0877	0.1421	0.0057	0.1721	0.1876	0.0211	0.0457	0.0963	0.0044
26	47	0.4106	5	1	1	0	0	0	0	0	0	N	N	N	N	N	N	N	N	N	N	N	N	0.0110	0.0077	0.3786	0.0136	0.0123	0.5922	0.0014	0.0000	0.2231	0.0124	0.0116	0.0187	0.0369	0.0349	0.0692	0.0011	0.0000	0.0080	1.1242	1.5078	0.0495	2.7236	2.8361	0.1169	0.7556	1.5032	0.0361	0.1956	0.0165	-0.0019	-0.1810	12.3098	22.0103	9.0087	13.6452	0.0155	0.0130	0.0025	0.0146	0.0130	0.0016	0.0009	0.0000	0.0009	0.2958	0.2910	0.0048	0.2702	0.2691	0.0011	0.0255	0.0218	0.0037	1.2524	1.1168	0.1356	0.3956	0.3719	0.0237	0.8568	0.7449	0.1119	0.5410	0.3328	0.2082	0.1781	0.1626	0.0155	0.3630	0.1702	0.1928	0.0227	0.0133	0.8121	0.0243	0.0211	0.9694	0.0152	0.0002	0.4191	0.5467	0.8742	0.0231	1.5176	1.6552	0.0714	0.0703	0.1282	0.0192
26	48	0.2801	8	0	2	0	0	0	0	0	0	N	Y	N	N	N	N	N	N	N	N	N	N	0.1411	0.0689	0.0000	0.0490	0.0471	0.0000	3.5714	0.6003	0.0000	0.0000	0.0000	0.0000	0.0000	0.0001	0.0000	0.0000	0.0000	0.0000	0.0003	0.0007	0.0000	0.0010	0.0011	0.0000	0.0000	0.0001	0.0000	0.0000	0.0234	-0.0000	-0.0000	12.3098	12.3962	9.0087	3.7178	0.0000	0.0000	0.0000	0.0000	0.0000	0.0000	0.0000	0.0000	0.0000	0.0001	0.0001	0.0000	0.0001	0.0001	0.0000	0.0000	0.0000	0.0000	0.7501	0.6635	0.0865	0.2100	0.1975	0.0126	0.5400	0.4661	0.0740	0.2413	0.1423	0.0990	0.0623	0.0563	0.0060	0.1790	0.0860	0.0931	0.1557	0.1062	0.0000	0.0490	0.0471	0.0000	4.6453	208.4010	0.0000	0.0003	0.0004	0.0000	0.0010	0.0011	0.0000	0.0000	0.0000	0.0000
26	49	0.2512	7	0	1	0	0	0	0	0	0	N	N	N	N	N	N	N	N	N	N	N	N	1.9649	1.1783	0.0000	1.8594	1.6437	0.0000	4.3584	0.9176	0.0000	0.0054	0.0060	0.0000	0.0067	0.0071	0.0000	0.0048	0.0055	0.0000	0.0027	0.0051	0.0004	0.0036	0.0043	0.0000	0.0011	0.0060	0.0005	0.0000	0.1795	-0.0015	-0.0002	12.3098	14.4870	9.0087	5.8627	0.0053	0.0053	0.0000	0.0021	0.0021	0.0000	0.0032	0.0032	0.0000	0.0004	0.0003	0.0001	0.0003	0.0003	0.0000	0.0001	0.0000	0.0001	0.9823	0.8748	0.1075	0.3187	0.3005	0.0183	0.6636	0.5743	0.0893	0.3222	0.1854	0.1368	0.0880	0.0788	0.0092	0.2342	0.1066	0.1276	4.4594	3.3981	0.0000	1.9255	1.8296	0.0000	13.2580	23.3208	0.0000	0.0012	0.0018	0.0004	0.0035	0.0039	0.0000	0.0004	0.0002	0.0005
26	50	0.2473	8	1	2	1	0	0	0	0	0	N	Y	N	N	N	N	N	N	N	N	N	N	0.0000	0.0000	0.0000	0.0000	0.0000	0.0000	0.0000	0.0000	0.0000	0.0000	0.0000	0.0000	0.0000	0.0000	0.0000	0.0000	0.0000	0.0000	0.0000	0.0000	12.3098	0.9856	9.0087	2.8295	0.0000	0.0000	0.0000	0.0000	0.0000	0.0000	0.0000	0.0000	0.0000	0.0000	0.0000	0.0000	0.0000	0.0000	0.0000	0.0000	0.0000	0.0000	0.0534	0.0472	0.0062	0.0152	0.0141	0.0011	0.0382	0.0331	0.0051	0.0432	0.0234	0.0198	0.0071	0.0059	0.0011	0.0362	0.0175	0.0187	0.0000	0.0000	0.0000	0.0000	0.0000	0.0000	0.0000	0.0000	0.0000	0.0000	0.0000	0.0000	0.0000	0.0000	0.0000	0.0000	0.0000	0.0000											
26	51	0.5174	8	1	2	0	0	0	0	0	0	N	Y	N	N	N	N	N	N	N	N	N	N	0.0025	0.0013	0.0000	0.0001	0.0000	0.0000	3.6318	0.0488	0.0000	0.0000	0.0000	0.0000	0.0000	0.0000	0.0000	0.0000	0.0000	0.0000	0.0033	0.0072	0.0000	0.0046	0.0055	0.0000	0.0000	0.0003	0.0000	0.0000	0.0018	-0.0000	-0.0002	12.3098	13.3057	9.0087	8.6321	0.0000	0.0000	0.0000	0.0000	0.0000	0.0000	0.0000	0.0000	0.0000	0.0003	0.0003	0.0000	0.0003	0.0003	0.0000	0.0000	0.0000	0.0000	0.8027	0.7170	0.0857	0.3113	0.2934	0.0179	0.4915	0.4237	0.0678	0.2535	0.1522	0.1013	0.0863	0.0762	0.0100	0.1672	0.0759	0.0913	0.0060	0.0040	0.0000	0.0001	0.0001	0.0000	3.6318	12.2957	0.0000	0.0014	0.0023	0.0000	0.0040	0.0046	0.0000	0.0000	0.0000	0.0000
26	52	0.3821	10	0	2	0	1	0	0	0	0	N	Y	N	N	N	N	N	N	N	N	N	N	0.0000	0.0000	0.0000	0.0000	0.0000	0.0000	0.0000	0.0000	0.0000	0.0000	0.0000	0.0000	0.0000	0.0000	0.0000	0.0000	0.0000	0.0000	0.7894	1.0570	0.0013	1.6608	1.7077	0.0009	0.0037	0.0153	0.0014	0.0048	0.0000	-0.0017	12.3098	2.1073	9.0087	0.0711	0.0000	0.0000	0.0000	0.0000	0.0000	0.0000	0.0000	0.0000	0.0000	0.0027	0.0027	0.0000	0.0027	0.0027	0.0000	0.0000	0.0000	0.0000	0.1208	0.1075	0.0133	0.0439	0.0410	0.0029	0.0769	0.0665	0.0104	0.0242	0.0142	0.0099	0.0064	0.0056	0.0009	0.0177	0.0087	0.0091	0.0000	0.0000	0.0000	0.0000	0.0000	0.0000	0.0000	0.0000	0.0000	0.1124	0.1900	0.0013	0.4198	0.4850	0.0009	0.0010	0.0006	0.0014	
26	53	0.3197	9	0	1	0	1	0	0	0	0	N	N	N	N	N	N	N	N	N	N	N	N	0.0000	0.0000	0.0000	0.0004	0.0008	0.0000	0.0000	0.0000	0.0000	0.0000	0.0000	0.0000	0.0000	0.0000	0.0000	0.0000	0.0000	0.0000	0.6436	0.3311	0.8452	0.0060	0.0031	0.0138	0.7733	0.8420	0.7246	0.0000	4.9562	-0.0000	0.0034	12.3098	21.8329	9.0087	8.0592	0.0000	0.0000	0.0000	0.0000	0.0000	0.0000	0.0000	0.0000	0.0000	0.0166	0.0028	0.0138	0.0002	0.0001	0.0001	0.0164	0.0027	0.0137	1.1321	1.0103	0.1218	0.4045	0.3768	0.0277	0.7276	0.6335	0.0942	0.2637	0.1447	0.1189	0.0446	0.0374	0.0072	0.2190	0.1073	0.1117	0.0000	0.0000	0.0000	0.0005	0.0008	0.0000	0.0000	0.0000	0.0000	0.0629	0.0192	0.1160	0.0048	0.0031	0.0138	0.0747	0.0249	0.1227
26	54	0.6298	10	0	2	0	1	0	0	0	0	N	Y	N	N	N	N	N	N	N	N	N	N	0.0000	0.0000	0.0000	0.0000	0.0000	0.0000	0.0000	0.0000	0.0000	0.0000	0.0000	0.0000	0.0000	0.0000	0.0000	0.0000	0.0000	0.0000	0.0000	0.0000	12.3098	0.0000	9.0087	0.0000	0.0000	0.0000	0.0000	0.0000	0.0000	0.0000	0.0000	0.0000	0.0000	0.0000	0.0000	0.0000	0.0000	0.0000	0.0000	0.0000	0.0000	0.0000	0.0000	0.0000	0.0000	0.0000	0.0000	0.0000	0.0000	0.0000	0.0000	0.0000	0.0000	0.0000	0.0000	0.0000	0.0000	0.0000	0.0000	0.0000	0.0000	0.0000	0.0000	0.0000	0.0000	0.0000	0.0000	0.0000	0.0000	0.0000	0.0000	0.0000	0.0000	0.0000	0.0000	0.0000	0.0000	0.0000											
26	55	0.3197	9	0	1	0	1	0	0	0	0	N	N	N	N	N	N	N	N	N	N	N	N	0.0070	0.0038	0.1559	0.0042	0.0038	0.1712	0.2975	0.0128	0.0000	0.0000	0.0000	0.0000	0.0000	0.0000	0.0000	0.0000	0.0000	0.0000	0.0041	0.0084	0.0000	0.0080	0.0094	0.0000	0.0001	0.0022	0.0000	0.0074	0.0032	-0.0000	-0.0000	12.3098	1.2825	9.0087	0.1503	0.0000	0.0000	0.0000	0.0000	0.0000	0.0000	0.0000	0.0000	0.0000	0.0000	0.0000	0.0000	0.0000	0.0000	0.0000	0.0000	0.0000	0.0000	0.0927	0.0833	0.0094	0.0404	0.0377	0.0027	0.0523	0.0455	0.0067	0.0180	0.0110	0.0070	0.0047	0.0043	0.0004	0.0133	0.0067	0.0066	0.0178	0.0121	0.1559	0.0056	0.0054	0.1712	0.7273	0.5072	0.0000	0.0016	0.0026	0.0000	0.0060	0.0065	0.0000	0.0000	0.0001	0.0000
26	56	0.2788	8	0	1	0	1	0	0	0	0	N	N	N	N	N	N	N	N	N	N	N	N	0.8533	0.4292	0.0109	0.4761	0.4114	0.1950	10.4384	1.9075	0.0110	0.0059	0.0066	0.0000	0.0059	0.0063	0.0000	0.0060	0.0069	0.0000	0.0070	0.0155	0.0003	0.0123	0.0152	0.0000	0.0006	0.0036	0.0003	0.0001	0.0436	-0.0017	-0.0004	12.3098	14.8542	9.0087	6.8183	0.0058	0.0058	0.0000	0.0024	0.0024	0.0000	0.0035	0.0035	0.0000	0.0007	0.0007	0.0000	0.0007	0.0007	0.0000	0.0000	0.0000	0.0000	0.9811	0.8785	0.1026	0.4022	0.3768	0.0254	0.5789	0.5017	0.0772	0.2902	0.1771	0.1132	0.0837	0.0731	0.0106	0.2066	0.1040	0.1026	2.3428	1.6658	0.0109	0.7087	0.6610	0.1950	29.0252	60.1278	0.0110	0.0025	0.0040	0.0003	0.0083	0.0095	0.0000	0.0002	0.0001	0.0003
26	57	0.2038	7	0	1	0	1	0	0	0	0	N	N	N	N	N	N	N	N	N	N	N	N	0.9070	0.7002	0.0686	0.1307	0.1286	11.6099	10.1327	1.1095	0.0616	0.4416	0.4930	0.0003	0.1227	0.1303	0.0004	0.6060	0.6947	0.0002	0.4869	0.7041	0.0038	0.9388	1.0131	0.0000	0.0598	0.6261	0.0036	0.0001	0.0435	-0.2669	-0.0110	12.3098	33.5853	9.0087	9.3450	0.9298	0.9297	0.0001	0.0878	0.0878	0.0000	0.8419	0.8419	0.0000	0.0188	0.0180	0.0008	0.0158	0.0158	0.0000	0.0030	0.0022	0.0008	2.1053	1.8858	0.2195	0.7161	0.6739	0.0422	1.3892	1.2119	0.1773	0.5003	0.2706	0.2297	0.0876	0.0756	0.0120	0.4127	0.1950	0.2177	11.7839	7.4259	0.0764	0.6802	0.6239	11.6099	84.6389	62.3421	0.0616	0.0375	0.0664	0.0034	0.1803	0.2089	0.0000	0.0072	0.0111	0.0036
26	58	0.1831	6	0	1	0	0	0	0	0	0	N	N	N	N	N	N	N	N	N	N	N	N	0.2165	0.2953	0.0110	0.1142	0.1092	5.6286	0.2514	0.2584	0.0136	0.1582	0.1768	0.0115	0.0370	0.0392	0.0044	0.2131	0.2441	0.0130	0.7309	0.5988	1.0394	0.3239	0.3592	0.0008	0.8478	0.9447	0.9563	0.0082	2.4925	-0.0473	0.0019	12.3098	15.2419	9.0087	2.5705	0.1695	0.1681	0.0014	0.0123	0.0123	0.0001	0.1571	0.1559	0.0013	0.0228	0.0065	0.0163	0.0035	0.0035	0.0000	0.0193	0.0030	0.0163	1.0712	0.9509	0.1204	0.3339	0.3124	0.0215	0.7374	0.6385	0.0989	0.2538	0.1342	0.1196	0.0511	0.0460	0.0052	0.2027	0.0882	0.1144	1.7600	3.6319	0.0842	0.5408	0.5161	5.6286	2.2357	7.0876	0.0914	0.0899	0.0487	0.1362	0.0684	0.0760	0.0008	0.0953	0.0344	0.1423
26	59	0.6298	10	0	1	0	1	0	0	0	0	N	N	N	N	N	N	N	N	N	N	N	N	0.0000	0.0000	0.0000	0.0000	0.0000	0.0000	0.0000	0.0000	0.0000	0.0000	0.0000	0.0000	0.0000	0.3303	0.4672	0.0000	0.1931	0.1963	0.0000	0.0000	0.0000	0.0000	0.0000	0.0000	-0.0000	12.3098	0.0000	9.0087	0.0000	0.0000	0.0000	0.0000	0.0000	0.0000	0.0000	0.0000	0.0000	0.0000	0.0000	0.0000	0.0000	0.0000	0.0000	0.0000	0.0000	0.0000	0.0000	0.0000	0.0000	0.0000	0.0000	0.0000	0.0000	0.0000	0.0000	0.0000	0.0000	0.0000	0.0000	0.0000	0.0000	0.0000	0.0000	0.0000	0.0000	0.0000	0.0000	0.0000	0.0000	0.0000	0.0000	0.0000	0.0000	0.0000	0.0219	0.0292	0.0000	0.0500	0.0526	0.0000	0.0000	0.0000	0.0000						
26	60	0.5524	9	0	1	0	1	0	0	0	0	N	N	N	N	N	N	N	N	N	N	N	N	3.8477	2.2124	64.4841	0.1225	0.0972	385.2379	2871.7254	260.9884	0.0007	0.9116	1.0188	0.0074	0.0272	0.0261	0.0472	1.3250	1.5249	0.0000	0.2369	0.4605	0.0001	0.2223	0.2688	0.0001	0.0005	0.0058	0.0001	0.0009	0.0027	-0.2327	-0.0028	12.3098	19.3360	9.0087	7.9957	0.8129	0.8122	0.0007	0.0077	0.0070	0.0007	0.8052	0.8052	0.0000	0.0044	0.0044	0.0000	0.0044	0.0044	0.0000	0.0000	0.0000	0.0000	0.8917	0.7972	0.0945	0.2840	0.2692	0.0148	0.6076	0.5280	0.0797	0.2586	0.1561	0.1025	0.0824	0.0686	0.0138	0.1761	0.0875	0.0887	53.0201	35.8657	64.4841	0.5082	0.4063	385.2379	7706.8612	6601.0541	0.0007	0.0172	0.0284	0.0001	0.0536	0.0643	0.0001	0.0002	0.0002	0.0001
26	61	0.2424	7	0	2	1	0	0	0	0	0	N	Y	N	N	N	N	N	N	N	N	N	N	0.2036	0.2416	0.0000	106.5425	219.3877	0.0047	0.0000	0.0000	0.0000	1.3867	1.5648	0.0001	5.3440	5.6597	0.0006	0.0000	0.0000	0.0000	6.8101	6.4758	12.8662	0.0502	0.0258	0.1269	8.0002	8.5459	14.1183	0.0000	1.0034	-0.2873	-0.2545	12.3098	14.2360	9.0087	11.9336	1.0005	1.0005	0.0000	1.0004	1.0004	0.0000	0.0000	0.0000	0.0000	1.9962	0.9964	0.9998	0.0010	0.0005	0.0005	1.9952	0.9959	0.9993	0.7215	0.6394	0.0821	0.1872	0.1768	0.0104	0.5343	0.4626	0.0717	0.2931	0.1539	0.1393	0.0437	0.0373	0.0064	0.2494	0.1165	0.1329	0.2036	0.2416	0.0000	233.7764	407.1858	0.0080	0.0000	0.0000	0.0000	6.8101	6.4758	7.1796	0.0229	0.0139	0.0752	8.0002	8.5459	7.5216
26	62	0.1702	7	1	1	1	0	0	0	0	0	N	N	N	N	N	N	N	N	N	N	N	N	20.4853	715.4803	0.0017	685.7127	756.7477	0.1279	6.0747	322.2959	0.0000	0.8873	1.0067	0.0001	1.8446	1.9909	0.0004	0.5902	0.6803	0.0000	0.0433	0.0014	0.0342	0.0027	0.0026	0.0031	0.0972	0.0021	0.0331	0.0000	19.8631	-0.3691	0.0013	12.3098	28.8660	9.0087	13.2209	1.2856	1.2856	0.0000	0.6331	0.6331	0.0000	0.6525	0.6525	0.0000	0.0039	0.0002	0.0037	0.0002	0.0002	0.0000	0.0037	0.0000	0.0037	1.4488	1.2771	0.1718	0.3432	0.3180	0.0252	1.1056	0.9590	0.1465	0.4828	0.2623	0.2205	0.0766	0.0669	0.0097	0.4062	0.1954	0.2108	110.4303	1420.1189	0.0035	685.7127	756.7477	0.1279	65.2622	13290.3843	0.0000	0.0080	0.0007	0.0168	0.0027	0.0026	0.0031	0.0090	0.0001	0.0174
26	63	0.1675	6	1	2	0	0	0	0	0	0	N	Y	N	N	N	N	N	N	N	N	N	N	1.2657	0.2877	54.7743	3.0036	2.9024	0.0219	5.1047	0.0008	93.0355	0.0666	0.0738	0.0170	0.4366	0.4732	0.0001	0.0025	0.0000	0.0186	0.0526	0.2565	0.0003	0.1454	0.1630	0.0027	0.0005	0.0046	0.0002	0.0333	0.0163	-0.0047	-0.0010	12.3098	5.0237	9.0087	8.0282	0.0183	0.0177	0.0006	0.0177	0.0177	0.0000	0.0006	0.0000	0.0006	0.0017	0.0017	0.0000	0.0017	0.0017	0.0000	0.0000	0.0000	0.0000	0.2745	0.2397	0.0347	0.0405	0.0374	0.0031	0.2339	0.2024	0.0316	0.1943	0.1057	0.0886	0.0387	0.0347	0.0039	0.1556	0.0710	0.0847	7.5840	4.6467	54.7743	10.0618	9.8587	0.0219	13.6907	0.0216	93.0355	0.0088	0.0159	0.0003	0.0434	0.0480	0.0027	0.0002	0.0002	0.0002
26	64	0.1045	5	1	2	0	0	0	0	0	0	N	Y	N	N	N	N	N	N	N	N	N	N	4.4705	0.1914	122.1744	2.4862	2.9513	1.2551	4.2855	0.0007	162.3809	0.8921	0.0082	7.1105	0.0490	0.0509	0.0254	1.0384	0.0003	7.8146	0.1995	0.0427	0.0582	0.0197	0.0173	0.0202	0.2423	0.4150	0.0481	123.5602	3.2373	0.6317	0.0010	12.3098	17.5893	9.0087	19.0270	0.8962	0.0072	0.8890	0.0073	0.0070	0.0003	0.8889	0.0002	0.8887	0.0076	0.0018	0.0058	0.0008	0.0007	0.0002	0.0068	0.0011	0.0056	1.0046	0.8796	0.1250	0.1486	0.1373	0.0113	0.8560	0.7423	0.1137	0.4905	0.2569	0.2336	0.0705	0.0621	0.0084	0.4200	0.1948	0.2252	57.6860	1.1740	286.5913	4.1820	4.8225	1.2551	64.5204	0.0474	312.8061	0.0155	0.0070	0.0248	0.0117	0.0106	0.0202	0.0161	0.0058	0.0250
26	65	0.0982	4	0	2	0	0	0	0	0	0	N	Y	N	N	N	N	N	N	N	N	N	N	1.9757	1.5833	2.8734	7.1085	8.1879	0.0570	1.0068	0.1586	3.2233	1.7416	1.0138	7.0019	5.0791	5.3724	0.0334	1.0354	0.0054	7.5992	0.8815	0.6403	2.4368	0.7145	0.6561	0.5866	1.0283	0.0343	2.3576	0.9555	4.0259	0.0402	0.0034	12.3098	1.7566	9.0087	2.8742	0.1993	0.1019	0.0974	0.1015	0.1015	0.0000	0.0978	0.0004	0.0974	0.0197	0.0039	0.0158	0.0041	0.0039	0.0002	0.0156	0.0000	0.0155	0.1145	0.1006	0.0139	0.0200	0.0189	0.0011	0.0945	0.0817	0.0128	0.1124	0.0699	0.0425	0.0316	0.0305	0.0011	0.0808	0.0394	0.0413	9.9552	18.1221	18.8766	39.1214	42.3070	0.1618	5.3754	5.5506	20.2417	0.1749	0.0559	0.3709	0.1298	0.1270	0.2065	0.1926	0.0010	0.3754
26	66	0.2424	7	0	2	0	0	0	0	0	0	N	Y	N	N	N	N	N	N	N	N	N	N	0.0132	0.0075	0.2790	0.0220	0.0145	3.1021	0.0000	0.0003	0.0011	0.0092	0.0067	0.0291	0.0361	0.0246	0.2266	0.0000	0.0000	0.0001	0.6952	0.8931	0.1042	1.6406	1.6926	0.0730	0.3044	0.0001	0.0909	0.5581	0.3000	0.0007	-0.0106	12.3098	21.1811	9.0087	10.1862	0.0096	0.0061	0.0034	0.0096	0.0061	0.0034	0.0000	0.0000	0.0000	0.0266	0.0205	0.0061	0.0209	0.0205	0.0004	0.0058	0.0000	0.0058	1.0399	0.9219	0.1179	0.2649	0.2498	0.0151	0.7749	0.6721	0.1028	0.3458	0.1815	0.1644	0.0509	0.0433	0.0076	0.2949	0.1381	0.1568	0.1195	0.0590	0.7774	0.0880	0.0520	4.3552	0.0007	0.1120	0.0027	0.0770	0.1129	0.0374	0.4103	0.4729	0.0520	0.0195	0.0000	0.0367
26	67	0.2286	6	0	2	0	0	0	0	0	0	N	Y	N	N	N	N	N	N	N	N	N	N	4.0281	4.8620	0.0000	510.5136	418.9720	0.0000	0.0000	0.0000	0.0000	2.5125	2.8273	0.0000	10.2582	10.8144	0.0000	0.0000	0.0000	0.0000	0.6237	0.5815	0.3838	0.0201	0.0258	0.0011	0.7292	1.1146	0.3106	0.0000	1.4717	-0.2869	-0.0002	12.3098	7.4253	9.0087	0.9851	0.9991	0.9991	0.0000	0.9991	0.9991	0.0000	0.0000	0.0000	0.0000	0.0057	0.0023	0.0034	0.0002	0.0002	0.0000	0.0055	0.0022	0.0034	0.3976	0.3534	0.0443	0.0974	0.0924	0.0050	0.3003	0.2610	0.0393	0.0972	0.0504	0.0467	0.0133	0.0111	0.0021	0.0839	0.0393	0.0446	42.8287	61.8240	0.0000	863.4830	776.4793	0.0000	0.0000	0.0000	0.0000	0.0587	0.0457	0.0726	0.0119	0.0139	0.0011	0.0661	0.0548	0.0760
26	68	0.2512	7	0	1	1	0	0	0	0	0	N	N	N	N	N	N	N	N	N	N	N	N	1.1691	0.9730	0.0000	0.0183	0.0164	0.0000	1.4185	0.8416	0.0000	0.9915	1.1137	0.0000	0.0002	0.0003	0.0000	1.4628	1.6898	0.0000	0.8481	1.1445	0.0000	0.0136	0.0161	0.0000	1.0312	2.0078	0.0000	0.0000	0.0000	-0.2875	-0.0302	12.3098	15.0354	9.0087	6.2061	1.0011	1.0011	0.0000	0.0001	0.0001	0.0000	1.0010	1.0010	0.0000	0.0481	0.0481	0.0000	0.0008	0.0008	0.0000	0.0473	0.0473	0.0000	1.0097	0.8989	0.1107	0.3253	0.3065	0.0188	0.6843	0.5924	0.0919	0.3315	0.1902	0.1412	0.0894	0.0799	0.0095	0.2420	0.1103	0.1317	6.8354	4.4060	0.0000	0.0280	0.0266	0.0000	7.4867	3.9408	0.0000	0.1451	0.2528	0.0000	0.0089	0.0099	0.0000	0.1954	0.4288	0.0000
26	69	0.1831	6	0	1	0	0	0	0	0	0	N	N	N	N	N	N	N	N	N	N	N	N	2.3195	1.3456	0.3598	0.1611	0.1387	2.5973	4.0998	1.0560	0.0236	0.6041	0.6820	0.0004	0.0202	0.0215	0.0023	0.8174	0.9407	0.0000	0.2604	0.5068	0.0011	0.1255	0.1552	0.0009	0.1994	0.8908	0.0011	0.0001	0.0286	-0.2890	-0.0055	12.3098	27.6811	9.0087	13.1592	1.0066	1.0065	0.0001	0.0090	0.0089	0.0001	0.9976	0.9976	0.0000	0.0091	0.0089	0.0003	0.0034	0.0034	0.0000	0.0058	0.0055	0.0002	1.6663	1.4758	0.1905	0.4458	0.4154	0.0304	1.2205	1.0605	0.1600	0.4962	0.2605	0.2356	0.0823	0.0715	0.0108	0.4139	0.1891	0.2248	32.8152	20.0084	0.3598	0.4945	0.4586	2.5973	58.6485	32.1962	0.0236	0.0184	0.0341	0.0011	0.0409	0.0470	0.0009	0.0139	0.0292	0.0011
26	70	0.1483	5	0	1	0	0	0	0	0	0	N	N	N	N	N	N	N	N	N	N	N	N	1.2186	1.0337	0.0310	0.3521	0.3076	27.1619	1.3817	0.7912	0.0059	0.7969	0.9013	0.0010	0.0143	0.0149	0.0059	1.0740	1.2404	0.0002	0.6540	0.8720	0.0330	0.0406	0.0484	0.0002	0.7773	1.5676	0.0310	0.0001	0.1249	-0.2895	-0.0117	12.3098	19.6565	9.0087	4.0504	1.0088	1.0086	0.0002	0.0047	0.0046	0.0001	1.0041	1.0040	0.0000	0.0225	0.0200	0.0025	0.0013	0.0012	0.0000	0.0213	0.0188	0.0025	1.2659	1.1191	0.1468	0.3310	0.3096	0.0214	0.9349	0.8095	0.1254	0.3443	0.1860	0.1584	0.0642	0.0576	0.0066	0.2802	0.1284	0.1518	12.1700	8.3628	0.0647	0.7342	0.6864	27.1619	14.1279	8.4715	0.0112	0.0655	0.1078	0.0158	0.0195	0.0217	0.0002	0.0760	0.1464	0.0165
26	71	0.2317	7	1	2	0	0	0	0	0	0	N	Y	N	N	N	N	N	N	N	N	N	N	25938.7993	15786.0817	0.0000	14236.5165	12723.7254	0.0000	0.0000	0.0000	0.0000	1.1223	1.2636	0.0000	4.3766	4.6398	0.0000	0.0000	0.0000	0.0000	0.0000	0.0001	0.0000	0.0003	0.0004	0.0000	0.0000	0.0000	0.0000	0.0000	0.0366	-0.2875	-0.0000	12.3098	17.5448	9.0087	6.0013	1.0013	1.0013	0.0000	1.0013	1.0013	0.0000	0.0000	0.0000	0.0000	0.0000	0.0000	0.0000	0.0000	0.0000	0.0000	0.0000	0.0000	0.0000	0.8922	0.7924	0.0998	0.2288	0.2158	0.0130	0.6634	0.5766	0.0868	0.2625	0.1369	0.1256	0.0358	0.0300	0.0057	0.2267	0.1068	0.1199	25938.7993	15786.0817	0.0000	14236.5165	12723.7254	0.0000	0.0000	0.0000	0.0000	0.0000	0.0001	0.0000	0.0003	0.0004	0.0000	0.0000	0.0000	0.0000
26	72	0.3002	10	1	2	1	0	0	0	0	0	N	Y	N	N	N	N	N	N	N	N	N	N	0.2107	0.1210	0.0083	0.0085	inf	inf	0.0000	0.0001	0.0000	0.0000	0.0000	0.0000	0.0001	0.0001	0.0000	0.0002	0.0004	0.0000	0.0007	0.0007	0.0000	0.0000	0.0000	0.0000	0.0000	0.0000	-0.0000	-0.0000	12.3098	1.8980	9.0087	2.9698	0.0000	0.0000	0.0000	0.0000	0.0000	0.0000	0.0000	0.0000	0.0000	0.0000	0.0000	0.0000	0.0000	0.0000	0.0000	0.0000	0.0000	0.0000	0.1018	0.0903	0.0115	0.0346	0.0328	0.0018	0.0672	0.0575	0.0097	0.0906	0.0607	0.0300	0.0295	0.0287	0.0008	0.0611	0.0320	0.0291	0.2116	0.1597	0.0000	0.0083	0.0085	0.0000	inf	inf	0.0000	0.0002	0.0003	0.0000	0.0007	0.0007	0.0000	0.0000	0.0000	0.0000			
26	73	0.2806	9	1	1	1	0	0	0	0	0	N	N	N	N	N	N	N	N	N	N	N	N	4.1782	20.0488	0.2429	0.0392	0.0504	0.0199	6.2671	8.3468	0.3422	1.3985	1.5169	0.0361	0.0016	0.0016	0.0023	2.4242	2.7451	0.0417	0.3347	0.0757	0.1485	0.0414	0.0318	0.1161	0.3868	0.3289	0.1220	0.0021	3.1663	-0.1547	0.0003	12.3098	3.5853	9.0087	4.3819	0.5427	0.5415	0.0011	0.0003	0.0003	0.0000	0.5424	0.5413	0.0011	0.0026	0.0006	0.0019	0.0005	0.0004	0.0001	0.0020	0.0002	0.0018	0.3880	0.3570	0.0310	0.1643	0.1598	0.0045	0.2237	0.1972	0.0266	0.1139	0.0704	0.0434	0.0269	0.0251	0.0017	0.0870	0.0453	0.0417	62.3862	174.4472	0.8070	0.0816	0.0983	0.0325	104.4801	613.1844	0.9578	0.0224	0.0087	0.0447	0.0199	0.0163	0.0712	0.0232	0.0045	0.0436
26	74	0.2491	8	1	1	1	0	0	0	0	0	N	N	N	N	N	N	N	N	N	N	N	N	64.5117	0.1509	1198.5465	0.2116	0.2381	0.4215	175.2599	0.2113	3179.2643	1.4766	0.0034	13.8872	0.0116	0.0099	0.0441	2.0947	0.0004	16.1782	0.0229	0.0227	0.0116	0.0549	0.0415	0.1046	0.0120	0.0021	0.0051	481.8042	1.1537	0.7089	-0.0001	12.3098	12.3589	9.0087	7.3592	0.9974	0.0021	0.9953	0.0023	0.0019	0.0004	0.9950	0.0002	0.9948	0.0014	0.0006	0.0007	0.0009	0.0006	0.0003	0.0005	0.0000	0.0005	0.6755	0.6038	0.0717	0.2004	0.1903	0.0102	0.4750	0.4135	0.0615	0.2355	0.1290	0.1065	0.0372	0.0331	0.0041	0.1984	0.0960	0.1024	249.1642	0.6811	1978.1700	0.4744	0.5084	0.6765	857.2032	8.8036	3452.0083	0.0059	0.0050	0.0070	0.0245	0.0195	0.0652	0.0024	0.0001	0.0047
26	75	0.2317	7	1	1	1	0	0	0	0	0	N	N	N	N	N	N	N	N	N	N	N	N	0.0134	0.0010	0.8199	0.0025	0.0016	0.0155	0.1601	0.0009	4.1926	0.0053	0.0005	0.0444	0.0022	0.0011	0.0202	0.0065	0.0002	0.0484	0.4000	0.4914	0.0542	0.8852	0.6879	1.2983	0.0409	0.2605	0.0115	11.3725	0.6907	0.0019	-0.0008	12.3098	10.2127	9.0087	1.0234	0.0029	0.0002	0.0027	0.0003	0.0002	0.0002	0.0026	0.0001	0.0025	0.0036	0.0021	0.0015	0.0030	0.0020	0.0010	0.0007	0.0002	0.0005	0.5494	0.4887	0.0607	0.1511	0.1427	0.0085	0.3983	0.3460	0.0522	0.1287	0.0671	0.0617	0.0177	0.0149	0.0028	0.1111	0.0522	0.0589	0.1898	0.0152	1.8526	0.0130	0.0083	0.0570	1.1001	0.0676	5.9048	0.0281	0.0319	0.0240	0.1675	0.1321	0.3537	0.0059	0.0034	0.0082
26	76	0.2286	6	1	1	0	0	0	0	0	0	N	N	N	N	N	N	N	N	N	N	N	N	2.3800	1.1324	0.0000	1.7179	1.5192	0.0000	0.0000	0.0000	0.0000	0.0008	0.0009	0.0000	0.0030	0.0032	0.0000	0.0000	0.0000	0.0000	0.0003	0.0008	0.0001	0.0018	0.0021	0.0001	0.0001	0.0007	0.0001	0.0000	0.1718	-0.0000	-0.0000	12.3098	3.7027	9.0087	0.0091	0.0002	0.0002	0.0000	0.0002	0.0002	0.0000	0.0000	0.0000	0.0000	0.0000	0.0000	0.0000	0.0000	0.0000	0.0000	0.0000	0.0000	0.0000	0.2147	0.1917	0.0230	0.0564	0.0538	0.0025	0.1583	0.1378	0.0205	0.0433	0.0225	0.0209	0.0059	0.0050	0.0009	0.0374	0.0175	0.0199	2.8061	1.9106	0.0000	1.7179	1.5192	0.0000	0.0000	0.0000	0.0000	0.0003	0.0005	0.0001	0.0018	0.0021	0.0001	0.0000	0.0000	0.0001
26	77	0.2116	5	0	1	0	0	0	0	0	0	N	N	N	N	N	N	N	N	N	N	N	N	0.3949	0.0281	0.9487	2.5099	0.0021	1.8416	0.1343	0.0591	0.3222	1.4224	0.0078	13.5556	2.7046	0.0002	40.9988	0.6365	0.0128	4.8865	3.6021	0.2782	14.2893	1.0776	0.1001	22.2629	4.7386	0.2168	15.1648	201.9567	378.2705	0.2715	0.2209	12.3098	3.8334	9.0087	6.1787	0.3835	0.0019	0.3816	0.2771	0.0000	0.2771	0.1064	0.0019	0.1045	0.5986	0.0016	0.5971	0.0093	0.0014	0.0078	0.5894	0.0002	0.5892	0.2696	0.2415	0.0282	0.1025	0.0957	0.0068	0.1672	0.1458	0.0214	0.1662	0.0941	0.0721	0.0418	0.0391	0.0027	0.1244	0.0550	0.0694	0.3949	0.4666	1.6363	12.2121	0.0058	14.0142	0.1343	4.3852	0.5755	3.6021	0.0168	8.2843	0.2215	0.0362	2.9255	4.7386	0.0029	8.4914
26	78	0.1725	4	0	1	0	0	0	0	0	0	N	N	N	N	N	N	N	N	N	N	N	N	0.9525	0.8976	0.7051	0.2094	0.1820	2.4748	1.1286	0.9385	0.6978	1.7567	1.4973	3.8863	0.7172	0.6405	2.3437	2.0571	1.7681	4.0444	1.8444	1.6682	5.5120	3.4243	3.5189	0.9470	1.8226	1.8839	5.7958	0.3162	1.5055	-0.0806	-0.0191	12.3098	16.9094	9.0087	5.8161	1.7189	1.3060	0.4129	0.1573	0.1341	0.0231	1.5616	1.1718	0.3898	0.6964	0.2779	0.4185	0.2391	0.2367	0.0025	0.4573	0.0413	0.4160	0.9785	0.8722	0.1063	0.2193	0.2094	0.0099	0.7591	0.6628	0.0964	0.3776	0.2204	0.1572	0.0967	0.0880	0.0087	0.2809	0.1324	0.1485	0.9525	1.1873	1.4599	0.2899	0.2381	8.2396	1.2637	5.6702	1.4440	1.8444	1.2612	2.6621	2.4741	2.6896	0.2844	1.6277	0.3118	2.8008
26	79	0.0982	4	0	2	0	0	0	0	0	0	N	Y	N	N	N	N	N	N	N	N	N	N	5.4841	8143.2000	39.4722	0.6362	0.3732	0.9896	4.9968	17380.5215	56.3906	2.2950	0.9089	11.8644	0.0044	0.0002	0.0496	2.5959	1.0347	12.8683	0.4185	0.0001	0.3006	0.0069	0.0005	0.0501	0.5195	0.0001	0.2282	1.8908	507.9400	1.0598	0.0061	12.3098	23.9173	9.0087	17.8091	2.8883	0.9991	1.8892	0.0006	0.0000	0.0006	2.8877	0.9991	1.8886	0.0165	0.0000	0.0165	0.0004	0.0000	0.0003	0.0161	0.0000	0.0161	1.2585	1.0993	0.1592	0.1462	0.1337	0.0125	1.1124	0.9656	0.1468	0.5495	0.2909	0.2587	0.0702	0.0614	0.0088	0.4794	0.2295	0.2499	76.4550	8156.3819	186.4120	0.8359	0.3732	1.2871	77.1724	6452162.3756	199.4234	0.0300	0.0001	0.0636	0.0053	0.0005	0.0385	0.0336	0.0000	0.0645
26	80	0.0821	3	0	2	0	0	0	0	0	0	N	Y	N	N	N	N	N	N	N	N	N	N	0.0547	0.1433	0.1139	0.0554	0.0381	0.1559	0.0513	0.0218	0.1097	0.3328	0.0057	2.5312	0.0017	0.0010	0.0089	0.3787	0.0064	2.7762	6.0863	0.0396	22.2266	0.0307	0.0251	0.0569	7.3811	0.2916	25.3029	66.4276	1593.8241	0.0774	0.3651	12.3098	6.1279	9.0087	3.6878	0.1109	0.0016	0.1093	0.0001	0.0000	0.0000	0.1108	0.0016	0.1092	0.9839	0.0006	0.9833	0.0005	0.0004	0.0001	0.9835	0.0003	0.9832	0.3332	0.2900	0.0432	0.0405	0.0367	0.0038	0.2927	0.2533	0.0393	0.1617	0.0931	0.0685	0.0284	0.0261	0.0023	0.1332	0.0670	0.0662	0.0547	0.8560	0.1764	0.1053	0.0697	0.2028	0.0513	1.6390	0.1870	6.0863	0.0066	14.3466	0.0161	0.0137	0.0437	7.3811	0.0039	14.8491
26	81	0.1702	7	1	1	1	0	0	0	0	0	N	N	N	N	N	N	N	N	N	N	N	N	0.0383	1.6316	0.0018	0.9807	3.3274	0.0133	0.0000	0.0000	0.0000	0.0017	0.0019	0.0001	0.0070	0.0075	0.0004	0.0000	0.0000	0.0000	0.0432	0.0011	0.0344	0.0071	0.0022	0.0309	0.0895	0.0022	0.0307	0.0044	22.8977	-0.0007	0.0012	12.3098	27.2690	9.0087	12.3406	0.0023	0.0023	0.0000	0.0023	0.0023	0.0000	0.0000	0.0000	0.0000	0.0037	0.0002	0.0036	0.0004	0.0001	0.0003	0.0033	0.0000	0.0033	1.3894	1.2245	0.1649	0.3307	0.3064	0.0243	1.0587	0.9181	0.1406	0.4622	0.2513	0.2108	0.0739	0.0647	0.0093	0.3882	0.1867	0.2016	0.2062	3.0275	0.0036	1.2984	3.3274	0.0152	0.0000	0.0007	0.0000	0.0080	0.0006	0.0169	0.0054	0.0022	0.0271	0.0085	0.0001	0.0164
26	82	0.1549	6	0	1	0	0	0	0	0	0	N	N	N	N	N	N	N	N	N	N	N	N	0.0114	0.4052	0.0253	0.0118	0.0298	0.0175	0.0083	0.1818	0.0035	0.0084	0.0048	0.0382	0.0141	0.0006	0.2331	0.0061	0.0066	0.0027	0.7410	0.0118	1.5082	1.1912	0.0192	13.2874	0.7348	0.0365	0.7726	0.9711	51.2851	0.0010	0.0040	12.3098	9.0798	9.0087	0.9519	0.0047	0.0024	0.0023	0.0023	0.0001	0.0022	0.0025	0.0023	0.0001	0.0112	0.0002	0.0110	0.0043	0.0002	0.0041	0.0069	0.0001	0.0069	0.5614	0.5005	0.0609	0.1612	0.1518	0.0094	0.4002	0.3487	0.0516	0.1211	0.0646	0.0566	0.0170	0.0145	0.0025	0.1041	0.0501	0.0541	0.0908	1.4400	0.1962	0.0560	0.0504	0.1413	0.0919	6.5376	0.0213	0.0927	0.0033	0.1948	0.2522	0.0113	1.6503	0.0667	0.0010	0.1274
26	83	0.0821	3	0	2	0	0	0	0	0	0	N	Y	N	N	N	N	N	N	N	N	N	N	0.0009	0.0010	0.0000	0.0000	0.0000	0.0000	0.0009	0.0003	0.0000	0.0000	0.0000	0.0000	0.0000	0.0000	0.0000	0.0000	0.0000	0.0000	0.0099	0.0103	0.0043	0.0151	0.0183	0.0013	0.0118	0.0354	0.0037	0.0000	1.0979	-0.0000	-0.0002	12.3098	21.0000	9.0087	14.4214	0.0000	0.0000	0.0000	0.0000	0.0000	0.0000	0.0000	0.0000	0.0000	0.0015	0.0007	0.0008	0.0005	0.0005	0.0000	0.0010	0.0002	0.0008	1.0967	0.9569	0.1399	0.1307	0.1187	0.0120	0.9660	0.8382	0.1279	0.4716	0.2494	0.2222	0.0570	0.0492	0.0078	0.4146	0.2002	0.2145	0.0028	0.0035	0.0000	0.0000	0.0000	0.0000	0.0043	0.0119	0.0000	0.0033	0.0030	0.0036	0.0096	0.0109	0.0013	0.0024	0.0010	0.0037
26	84	0.0458	3	0	1	1	0	0	0	0	0	N	N	N	N	N	N	N	N	N	N	N	N	0.6822	0.5809	8.8826	0.4162	0.4242	1.5014	152.4039	7341.4604	9.2255	0.4899	0.5971	0.0113	1.2445	1.3096	0.0005	0.3503	0.4391	0.0118	0.7180	1.0279	0.0013	2.9899	3.0871	0.0003	0.0023	0.0001	0.0013	0.0042	0.0075	-0.1873	-0.0232	12.3098	20.4085	9.0087	11.0867	0.6619	0.6591	0.0028	0.2624	0.2624	0.0000	0.3995	0.3967	0.0028	0.0374	0.0371	0.0003	0.0371	0.0371	0.0000	0.0003	0.0000	0.0003	1.3512	1.1039	0.2473	0.2108	0.2004	0.0105	1.1404	0.9036	0.2368	0.4382	0.2182	0.2200	0.0183	0.0172	0.0011	0.4199	0.2010	0.2190	5.7423	3.5112	8.8826	0.6131	0.6075	1.5014	527.0173	2665953.2468	9.2255	0.0853	0.1701	0.0013	2.0298	2.1558	0.0003	0.0007	0.0000	0.0013
26	85	0.0420	2	0	1	1	0	0	0	0	0	N	N	N	N	N	N	N	N	N	N	N	N	0.6657	0.5046	3.0874	0.3565	0.3570	17.2494	0.8107	0.9747	3.9842	0.8448	0.9291	0.6951	1.4861	1.5014	0.5034	0.4338	0.0662	0.6983	1.2689	1.8413	0.2251	4.1689	4.2053	0.0292	0.5351	0.0679	0.1753	0.4216	0.0296	0.0053	-0.0633	12.3098	3.1287	9.0087	1.1816	0.5622	0.3955	0.1667	0.3862	0.3842	0.0020	0.1760	0.0112	0.1647	0.1056	0.1026	0.0030	0.1025	0.1025	0.0000	0.0031	0.0000	0.0030	0.6655	0.4256	0.2399	0.2599	0.2559	0.0040	0.4056	0.1697	0.2359	0.1136	0.0587	0.0548	0.0271	0.0269	0.0001	0.0865	0.0318	0.0547	0.9083	0.5320	12.5469	0.3922	0.3942	18.9588	12.1808	44.8359	12.5887	0.9300	1.7466	0.0554	3.7888	3.8086	0.0266	0.0356	0.0015	0.0555
26	89	0.1499	5	0	2	0	0	0	0	0	0	N	Y	N	N	N	N	N	N	N	N	N	N	0.0359	0.0249	0.3830	0.0406	0.0414	8.0766	25.5598	110.9450	0.1608	0.0120	0.0136	0.0001	0.0282	0.0307	0.0003	0.0065	0.0074	0.0000	0.3338	0.5469	0.0002	0.6963	0.7432	0.0000	0.0003	0.0001	0.0002	0.0007	0.0037	-0.0033	-0.0041	12.3098	15.4622	9.0087	5.2688	0.0114	0.0114	0.0000	0.0068	0.0068	0.0000	0.0046	0.0046	0.0000	0.0065	0.0065	0.0000	0.0065	0.0065	0.0000	0.0000	0.0000	0.0000	0.9500	0.8372	0.1128	0.2413	0.2216	0.0197	0.7086	0.6156	0.0931	0.2917	0.1596	0.1321	0.0508	0.0455	0.0053	0.2409	0.1141	0.1268	0.5374	0.3346	0.3830	0.2213	0.2157	8.0766	65.8493	38547.2436	0.1608	0.0223	0.0407	0.0002	0.1277	0.1425	0.0000	0.0001	0.0000	0.0002
26	90	0.1381	4	0	1	0	0	0	0	0	0	N	N	N	N	N	N	N	N	N	N	N	N	0.3434	0.3904	0.0403	0.0237	0.0267	0.3419	0.5720	3.0408	0.0887	0.2397	0.2749	0.0238	0.0202	0.0245	0.0001	0.3831	0.4279	0.0468	0.6981	0.7041	0.5910	0.8542	0.9169	0.0002	0.6697	0.1407	0.5283	0.0141	1.0760	-0.0451	-0.0013	12.3098	7.5917	9.0087	1.5198	0.1649	0.1626	0.0023	0.0055	0.0055	0.0000	0.1594	0.1571	0.0023	0.0120	0.0058	0.0062	0.0057	0.0056	0.0000	0.0063	0.0001	0.0062	0.6879	0.5916	0.0963	0.2717	0.2244	0.0474	0.4161	0.3672	0.0489	0.1527	0.0869	0.0658	0.0353	0.0311	0.0042	0.1174	0.0558	0.0616	3.0566	4.1411	0.2524	0.1264	0.1350	0.3419	7.1103	199.1555	0.4652	0.0784	0.0664	0.0944	0.1602	0.1816	0.0002	0.0539	0.0021	0.1007
26	91	0.2473	8	1	1	1	0	0	0	0	0	N	N	N	N	N	N	N	N	N	N	N	N	0.0000	0.0000	0.0000	0.0000	0.0000	0.0000	0.0000	0.0000	0.0000	0.0000	0.0000	0.0000	0.0000	0.0000	0.0000	0.0000	0.0000	0.0000	0.0000	0.0000	12.3098	3.0317	9.0087	0.1644	0.0000	0.0000	0.0000	0.0000	0.0000	0.0000	0.0000	0.0000	0.0000	0.0000	0.0000	0.0000	0.0000	0.0000	0.0000	0.0000	0.0000	0.0000	0.1599	0.1413	0.0187	0.0443	0.0411	0.0032	0.1156	0.1001	0.0154	0.0363	0.0196	0.0166	0.0059	0.0050	0.0009	0.0303	0.0147	0.0157	0.0000	0.0000	0.0000	0.0000	0.0000	0.0000	0.0000	0.0000	0.0000	0.0000	0.0000	0.0000	0.0000	0.0000	0.0000	0.0000	0.0000	0.0000											
26	92	0.2416	7	1	1	1	0	0	0	0	0	N	N	N	N	N	N	N	N	N	N	N	N	4.8388	2.0887	0.0000	1.9631	1.8119	0.0000	0.0000	0.0000	0.0011	0.0012	0.0000	0.0025	0.0027	0.0000	0.0000	0.0000	0.0000	0.0002	0.0006	0.0000	0.0013	0.0015	0.0000	0.0000	0.0000	0.0000	0.0000	0.0043	-0.0001	-0.0000	12.3098	2.6632	9.0087	1.0147	0.0002	0.0002	0.0000	0.0002	0.0002	0.0000	0.0000	0.0000	0.0000	0.0000	0.0000	0.0000	0.0000	0.0000	0.0000	0.0000	0.0000	0.0000	0.1985	0.1791	0.0194	0.0881	0.0828	0.0053	0.1104	0.0963	0.0141	0.0442	0.0245	0.0197	0.0078	0.0068	0.0010	0.0364	0.0177	0.0186	4.8864	3.0173	0.0000	1.9631	1.8119	0.0000	0.0000	0.0000	0.0000	0.0002	0.0004	0.0000	0.0013	0.0015	0.0000	0.0000	0.0000	0.0000	
26	93	0.1583	6	1	1	1	0	0	0	0	0	N	N	N	N	N	N	N	N	N	N	N	N	117.4026	53.7754	4.9455	268.2664	225.5668	258.8724	3.2975	0.1410	0.3034	0.4125	0.4649	0.0003	1.6577	1.7645	0.0019	0.0102	0.0117	0.0000	0.0035	0.0086	0.0001	0.0062	0.0078	0.0000	0.0031	0.0831	0.0001	0.0001	0.0169	-0.2267	-0.0005	12.3098	35.0787	9.0087	12.2568	0.7899	0.7898	0.0001	0.7751	0.7750	0.0001	0.0148	0.0148	0.0000	0.0008	0.0008	0.0000	0.0004	0.0004	0.0000	0.0004	0.0004	0.0000	1.9149	1.6989	0.2160	0.4676	0.4392	0.0283	1.4473	1.2597	0.1877	0.5386	0.2889	0.2497	0.0838	0.0719	0.0119	0.4548	0.2170	0.2377	282.6373	173.7707	4.9455	336.2461	307.0366	258.8724	12.4386	7.0651	0.3034	0.0015	0.0027	0.0001	0.0049	0.0057	0.0000	0.0008	0.0017	0.0001
26	94	0.1448	5	1	1	0	0	0	0	0	0	N	N	N	N	N	N	N	N	N	N	N	N	0.2209	0.1378	0.2982	0.1494	0.1143	0.2704	0.0402	0.0094	0.0794	0.5102	0.4343	1.1800	1.6084	1.3491	7.5303	0.0543	0.0175	0.3074	2.3100	3.1505	3.9572	10.7686	11.8023	27.8439	1.3496	1.8714	3.8700	0.3083	0.3568	-0.0164	-0.1162	12.3098	8.4810	9.0087	2.3446	0.3181	0.2431	0.0750	0.2942	0.2364	0.0578	0.0239	0.0067	0.0172	0.3180	0.2344	0.0836	0.2287	0.2175	0.0112	0.0893	0.0169	0.0724	0.6234	0.5599	0.0635	0.1829	0.1752	0.0077	0.4405	0.3847	0.0558	0.1377	0.0744	0.0633	0.0212	0.0184	0.0028	0.1164	0.0560	0.0605	0.2209	0.1378	0.8927	0.1494	0.1143	1.8870	0.0707	0.0581	0.2566	2.3100	3.1505	1.3218	10.7686	11.8023	3.9906	0.7668	0.3014	1.1977
26	95	0.0821	3	0	2	0	1	0	0	0	0	N	Y	N	N	N	N	N	N	N	N	N	N	0.2997	1863.5552	0.0000	1557.8255	3379.9857	0.0000	0.0008	inf	0.0000	0.5008	0.5738	0.0000	4.2047	4.6282	0.0000	0.0017	0.0019	0.0000	1.6709	0.0003	6.7454	0.0027	0.0014	0.0105	1.9911	0.0000	7.3186	0.0000	12450.3430	-0.1789	0.3702	12.3098	24.0032	9.0087	22.6134	0.6229	0.6229	0.0000	0.6211	0.6211	0.0000	0.0018	0.0018	0.0000	0.9962	0.0001	0.9961	0.0002	0.0001	0.0001	0.9960	0.0000	0.9960	1.2438	1.0857	0.1581	0.1477	0.1342	0.0135	1.0961	0.9514	0.1446	0.5962	0.3127	0.2835	0.0683	0.0584	0.0099	0.5279	0.2543	0.2735	0.2997	2242.9226	0.0000	1557.8255	3379.9857	0.0000	0.0009	inf	0.0000	1.6709	0.0003	3.5143	0.0027	0.0014	0.0105	1.8869	0.0000	3.6413
26	96	0.4995	7	0	2	0	0	0	0	0	0	N	Y	N	N	N	N	N	N	N	N	N	N	0.0033	1.1887	0.0000	0.0109	3.5943	0.0000	0.0000	0.0004	0.0000	0.0017	0.0019	0.0000	0.0051	0.0054	0.0000	0.0000	0.0000	0.0000	0.5125	0.0016	0.7090	0.4682	0.0015	4.5458	0.2405	0.0031	0.0653	0.0000	82.9115	-0.0005	0.0051	12.3098	18.5150	9.0087	10.2301	0.0016	0.0016	0.0000	0.0016	0.0016	0.0000	0.0000	0.0000	0.0000	0.0141	0.0002	0.0140	0.0105	0.0002	0.0103	0.0037	0.0000	0.0037	0.9633	0.8593	0.1040	0.3167	0.2983	0.0185	0.6466	0.5611	0.0856	0.3488	0.2176	0.1312	0.1182	0.1051	0.0131	0.2306	0.1125	0.1181	0.0414	2.4303	0.0000	0.0577	3.5943	0.0000	0.0001	0.0132	0.0000	0.0405	0.0008	0.1065	0.0884	0.0015	0.7868	0.0160	0.0001	0.0312
26	97	0.1112	4	0	2	0	0	0	0	0	0	N	Y	N	N	N	N	N	N	N	N	N	N	0.0003	0.0002	0.0000	0.0126	0.0111	0.0000	0.0003	0.0002	0.0000	0.0004	0.0005	0.0000	0.0002	0.0002	0.0000	0.0004	0.0005	0.0000	1.4203	2.2898	0.0005	0.0178	0.0220	0.0008	1.6527	3.0262	0.0005	0.0000	0.0002	-0.0003	-0.6300	12.3098	46.1140	9.0087	26.4917	0.0009	0.0009	0.0000	0.0001	0.0001	0.0000	0.0009	0.0009	0.0000	1.0029	1.0027	0.0002	0.0010	0.0010	0.0000	1.0019	1.0017	0.0002	2.2919	2.0114	0.2804	0.3133	0.2883	0.0250	1.9786	1.7232	0.2554	0.8241	0.4379	0.3862	0.0930	0.0803	0.0126	0.7311	0.3575	0.3736	0.0003	0.0002	0.0000	0.0207	0.0196	0.0000	0.0003	0.0002	0.0000	1.2170	2.2898	0.0005	0.0109	0.0124	0.0008	1.3703	2.8015	0.0005
26	98	0.5524	9	0	2	0	0	0	0	0	0	N	Y	N	N	N	N	N	N	N	N	N	N	0.0002	0.0000	65.1830	1.8484	0.0000	234.6834	0.0000	0.0000	0.0008	0.0007	0.0000	0.0070	0.0024	0.0000	0.0446	0.0000	0.0000	0.0000	3.5861	5.9407	0.0001	0.0013	0.0015	0.0002	5.2552	10.5651	0.0001	inf	0.0000	0.0005	-0.6273	12.3098	20.7840	9.0087	8.9470	0.0007	0.0000	0.0007	0.0007	0.0000	0.0007	0.0000	0.0000	0.0000	0.9983	0.9983	0.0000	0.0001	0.0001	0.0000	0.9982	0.9982	0.0000	0.9460	0.8454	0.1006	0.2977	0.2820	0.0157	0.6483	0.5635	0.0848	0.2784	0.1680	0.1103	0.0884	0.0736	0.0149	0.1899	0.0945	0.0955	0.0002	0.0000	65.1830	1.8484	0.0000	234.6834	0.0000	0.0000	0.0008	3.5861	5.9407	0.0001	0.0013	0.0015	0.0002	5.2552	10.5651	0.0001
26	99	0.5475	8	0	1	0	0	0	0	0	0	N	N	N	N	N	N	N	N	N	N	N	N	0.7499	0.7381	0.0186	0.3696	0.3868	227.3305	1.0108	1.1543	0.0008	0.7336	0.8117	0.0445	0.4943	0.5260	0.0976	1.1129	1.3028	0.0019	0.9783	1.0996	2.3862	1.3374	1.3597	0.0004	1.1010	1.1286	2.3655	0.0062	1.2647	-0.0799	-0.0015	12.3098	2.7834	9.0087	1.0450	0.2842	0.2825	0.0018	0.1174	0.1157	0.0017	0.1668	0.1667	0.0000	0.0221	0.0097	0.0123	0.0088	0.0088	0.0000	0.0132	0.0009	0.0123	0.3875	0.3480	0.0394	0.2376	0.2200	0.0176	0.1499	0.1280	0.0219	0.0791	0.0449	0.0342	0.0304	0.0287	0.0018	0.0487	0.0163	0.0324	2.6296	3.7412	0.1234	1.7030	1.7073	227.3305	4.0927	23.2038	0.0049	0.2790	0.2170	0.3604	0.2903	0.3081	0.0004	0.2719	0.0561	0.3800
26	100	0.5375	7	0	1	0	0	0	0	0	0	N	N	N	N	N	N	N	N	N	N	N	N	0.4295	0.4200	0.0467	0.3742	0.3763	94.9631	0.4159	0.7461	0.0005	0.3557	0.3890	0.0539	0.3525	0.3667	0.1539	0.3591	0.4150	0.0006	0.8280	0.9261	1.1547	0.9421	0.9744	0.0016	0.8634	0.5562	1.1717	0.0153	0.7967	-0.0686	-0.0046	12.3098	7.6044	9.0087	2.7972	0.2522	0.2484	0.0038	0.1297	0.1259	0.0038	0.1225	0.1225	0.0000	0.0250	0.0139	0.0111	0.0135	0.0135	0.0000	0.0115	0.0004	0.0111	0.7091	0.6385	0.0705	0.3678	0.3433	0.0245	0.3412	0.2952	0.0460	0.1883	0.1145	0.0739	0.0737	0.0678	0.0059	0.1147	0.0467	0.0680	2.6795	3.2004	0.3591	1.9216	1.8405	94.9631	3.5853	47.4862	0.0039	0.1327	0.1216	0.1501	0.1834	0.1992	0.0016	0.1002	0.0087	0.1629
26	101	0.4879	6	0	1	0	0	0	0	0	0	N	N	N	N	N	N	N	N	N	N	N	N	0.2156	0.1756	0.0002	0.1401	0.1481	0.0001	0.2238	0.2915	0.0000	0.3822	0.4282	0.0006	0.7215	0.7650	0.0033	0.2161	0.2490	0.0001	1.7724	2.4385	3.2799	5.1497	5.1640	33.5641	0.9655	0.8543	1.8141	0.0002	0.1972	-0.1083	-0.2900	12.3098	18.4780	9.0087	12.4520	0.3774	0.3773	0.0001	0.2342	0.2341	0.0001	0.1432	0.1432	0.0000	0.6256	0.5225	0.1031	0.5894	0.5195	0.0699	0.0362	0.0030	0.0332	0.9874	0.8812	0.1062	0.3245	0.3060	0.0185	0.6629	0.5752	0.0877	0.3530	0.2143	0.1387	0.1145	0.1006	0.0138	0.2385	0.1137	0.1248	0.2156	0.1756	0.0008	0.1401	0.1481	0.0006	1.4249	9.4863	0.0002	1.7724	2.4385	0.7432	5.1497	5.1640	5.0458	0.1516	0.0262	0.2658
26	102	0.1961	6	0	2	0	0	0	0	0	0	N	Y	N	N	N	N	N	N	N	N	N	N	0.0054	0.0058	0.0000	0.0155	0.0156	0.0002	0.0003	0.0003	0.0000	0.0033	0.0037	0.0000	0.0099	0.0105	0.0000	0.0002	0.0002	0.0000	0.6057	0.6315	0.2209	0.6382	0.6723	0.0089	0.5620	0.7746	0.1855	0.0000	0.7341	-0.0023	-0.0083	12.3098	34.1922	9.0087	22.4626	0.0078	0.0078	0.0000	0.0075	0.0075	0.0000	0.0003	0.0003	0.0000	0.0407	0.0235	0.0172	0.0180	0.0178	0.0001	0.0227	0.0057	0.0171	2.3912	2.1411	0.2502	0.7609	0.7179	0.0430	1.6303	1.4232	0.2071	0.7444	0.4295	0.3149	0.1532	0.1372	0.0160	0.5912	0.2923	0.2988	0.0600	0.0671	0.0000	0.0847	0.0810	0.0002	0.0047	0.0108	0.0000	0.0547	0.0546	0.0547	0.1172	0.1298	0.0089	0.0385	0.0193	0.0572
26	103	0.1483	5	0	2	0	0	0	0	0	0	N	Y	N	N	N	N	N	N	N	N	N	N	0.0115	0.0114	0.0088	0.2401	0.2350	0.7149	0.0028	0.0018	0.0033	0.0076	0.0082	0.0027	0.0237	0.0244	0.0142	0.0022	0.0024	0.0008	0.6618	0.7232	0.3071	0.0987	0.1037	0.0198	0.7705	1.2987	0.2463	0.0432	0.8091	-0.0026	-0.0055	12.3098	22.5884	9.0087	11.0115	0.0107	0.0102	0.0004	0.0084	0.0080	0.0003	0.0023	0.0022	0.0001	0.0306	0.0169	0.0137	0.0027	0.0026	0.0002	0.0279	0.0144	0.0135	1.4072	1.2433	0.1639	0.3532	0.3300	0.0232	1.0540	0.9133	0.1407	0.4544	0.2427	0.2116	0.0772	0.0683	0.0090	0.3771	0.1745	0.2027	0.1124	0.1178	0.0416	0.6690	0.6503	0.7149	0.0294	0.0290	0.0121	0.0674	0.0698	0.0647	0.0354	0.0375	0.0198	0.0740	0.0824	0.0667
26	104	0.1182	4	0	1	0	0	0	0	0	0	N	N	N	N	N	N	N	N	N	N	N	N	0.2672	0.1639	0.5251	9.2558	8.6498	18.1758	0.0415	0.0057	0.0416	0.0087	0.0091	0.0053	0.0270	0.0264	0.0360	0.0029	0.0033	0.0003	0.0324	0.0556	0.0100	0.0029	0.0031	0.0020	0.0706	0.5837	0.0084	0.0783	0.7146	-0.0014	-0.0004	12.3098	11.8100	9.0087	8.7888	0.0065	0.0060	0.0005	0.0048	0.0044	0.0004	0.0017	0.0016	0.0000	0.0021	0.0012	0.0009	0.0001	0.0001	0.0000	0.0019	0.0011	0.0009	0.7471	0.6581	0.0891	0.1773	0.1650	0.0123	0.5698	0.4931	0.0767	0.2918	0.1555	0.1363	0.0462	0.0408	0.0054	0.2456	0.1146	0.1310	1.2208	1.1742	0.8335	9.2558	8.6606	18.1758	0.3723	0.3531	0.0536	0.0071	0.0078	0.0063	0.0029	0.0030	0.0020	0.0079	0.0094	0.0065
26	105	0.0821	3	0	1	0	0	0	0	0	0	N	N	N	N	N	N	N	N	N	N	N	N	1.9225	0.8179	28.7798	2.7833	2.5815	0.0000	3.7463	1.0474	33.1358	0.0093	0.0085	0.0147	0.0576	0.0635	0.0000	0.0027	0.0007	0.0161	0.0048	0.0104	0.0005	0.0207	0.0246	0.0012	0.0007	0.0006	0.0005	0.2550	0.1454	-0.0006	-0.0003	12.3098	14.7392	9.0087	7.3617	0.0073	0.0058	0.0015	0.0054	0.0054	0.0000	0.0019	0.0004	0.0015	0.0006	0.0005	0.0001	0.0005	0.0005	0.0000	0.0001	0.0000	0.0001	0.7827	0.6822	0.1005	0.0940	0.0852	0.0087	0.6887	0.5969	0.0917	0.3149	0.1701	0.1448	0.0426	0.0375	0.0050	0.2723	0.1326	0.1397	5.0213	2.8407	28.7798	4.7594	4.6827	0.0000	10.7950	168.0985	33.1358	0.0019	0.0030	0.0005	0.0121	0.0136	0.0012	0.0003	0.0000	0.0005
26	106	0.1549	6	0	2	0	0	0	0	0	0	N	Y	N	N	N	N	N	N	N	N	N	N	11.1643	0.2033	11868.4347	30.2199	0.8443	83315.7338	0.4135	0.0041	829.7754	0.0022	0.0001	0.0186	0.0082	0.0003	0.1217	0.0002	0.0000	0.0013	0.0002	0.0005	0.0000	0.0003	0.0003	0.0000	0.0005	0.0101	0.0000	23.3845	0.0037	0.0016	-0.0000	12.3098	20.0414	9.0087	7.0324	0.0024	0.0001	0.0023	0.0023	0.0001	0.0022	0.0002	0.0000	0.0001	0.0001	0.0001	0.0000	0.0000	0.0000	0.0000	0.0001	0.0000	0.0000	1.1020	0.9764	0.1255	0.2753	0.2573	0.0180	0.8267	0.7191	0.1075	0.3114	0.1653	0.1461	0.0415	0.0352	0.0064	0.2699	0.1301	0.1397	11.1643	0.2753	11868.4347	30.2199	0.8443	83315.7338	1.1050	0.1086	829.7754	0.0002	0.0004	0.0000	0.0003	0.0003	0.0000	0.0002	0.0004	0.0000
26	107	0.1448	5	0	1	0	0	0	0	0	0	N	N	N	N	N	N	N	N	N	N	N	N	0.1376	0.0073	0.3830	0.1746	0.0081	0.2947	0.0424	0.0036	0.0996	0.1890	0.0079	1.8419	0.4693	0.0162	11.8085	0.0637	0.0039	0.4794	1.3743	1.0869	4.8086	2.6881	2.0053	40.0728	1.5020	1.0837	4.8132	25.4700	8.8864	0.0703	0.0326	12.3098	7.0315	9.0087	1.2144	0.1042	0.0039	0.1002	0.0799	0.0026	0.0773	0.0242	0.0013	0.0230	0.1207	0.0122	0.1085	0.0248	0.0100	0.0148	0.0959	0.0022	0.0937	0.5510	0.4966	0.0544	0.1703	0.1638	0.0065	0.3807	0.3328	0.0479	0.1073	0.0585	0.0489	0.0174	0.0152	0.0022	0.0900	0.0433	0.0467	0.1682	0.0380	0.8303	0.3289	0.0245	1.7661	0.0598	0.0762	0.2389	1.1241	0.2088	2.2183	1.4266	0.6601	6.6860	1.0657	0.0508	2.0069
26	108	0.1112	4	0	1	0	0	0	0	0	0	N	N	N	N	N	N	N	N	N	N	N	N	0.3157	0.1992	0.6599	0.3800	0.0640	8.8664	0.3231	0.1851	0.6464	2.1634	1.3441	7.9798	0.0017	0.0003	0.0191	2.5629	1.6097	8.7838	6.8533	6.7487	12.0925	0.0044	0.0048	0.0022	7.9328	8.6980	13.5891	0.8363	0.8777	0.3322	-0.3063	12.3098	16.2725	9.0087	4.4748	1.9742	1.0751	0.8991	0.0002	0.0000	0.0002	1.9740	1.0751	0.8989	1.9033	1.0137	0.8897	0.0001	0.0001	0.0000	1.9032	1.0135	0.8896	0.9125	0.7999	0.1127	0.1423	0.1320	0.0103	0.7702	0.6679	0.1023	0.2777	0.1502	0.1275	0.0378	0.0337	0.0041	0.2399	0.1165	0.1234	0.3157	0.1992	1.1438	0.4251	0.0737	8.8664	0.3231	0.1851	1.2182	6.8533	6.7487	6.9764	0.0039	0.0042	0.0022	7.9328	8.6980	7.2102
26	109	0.1640	5	0	2	0	0	0	0	0	0	N	Y	N	N	N	N	N	N	N	N	N	N	0.6152	0.2117	206114.2994	0.4181	0.3468	49.2912	0.6677	0.2079	279226.9151	0.9714	0.5914	3.6162	0.0045	0.0049	0.0015	1.2779	0.7791	4.6910	1.5790	2.7935	0.0000	0.0108	0.0142	0.0000	1.9139	3.7471	0.0000	0.8784	0.0000	0.3941	-0.6243	12.3098	40.5309	9.0087	14.7974	2.1835	1.1625	1.0211	0.0025	0.0024	0.0001	2.1811	1.1601	1.0210	0.9935	0.9935	0.0000	0.0008	0.0008	0.0000	0.9927	0.9927	0.0000	2.2479	1.9655	0.2824	0.5411	0.4764	0.0647	1.7067	1.4891	0.2176	0.6653	0.3557	0.3097	0.1075	0.0907	0.0167	0.5578	0.2649	0.2929	0.6505	0.2117	206114.2994	0.5969	0.5499	49.2912	0.7181	0.2079	279226.9151	1.4933	2.7935	0.0000	0.0076	0.0090	0.0000	1.7795	3.7471	0.0000
26	110	0.1381	4	0	2	0	0	0	0	0	0	N	Y	N	N	N	N	N	N	N	N	N	N	1.4429	0.3739	4.2399	0.6741	0.7094	97.2610	1.6663	0.1736	6.9504	1.2301	0.2810	7.2984	0.3832	0.4551	0.0060	1.6241	0.2034	11.6931	0.8525	0.7516	1.7214	0.5684	0.6416	0.0001	0.9747	1.1718	1.6824	4.0617	2.3936	0.6265	0.0028	12.3098	13.5236	9.0087	3.5331	1.2158	0.2402	0.9756	0.1202	0.1199	0.0003	1.0955	0.1203	0.9753	0.0367	0.0108	0.0259	0.0050	0.0050	0.0000	0.0317	0.0058	0.0259	0.9883	0.8547	0.1337	0.3138	0.2635	0.0503	0.6746	0.5911	0.0834	0.2491	0.1361	0.1130	0.0470	0.0407	0.0063	0.2021	0.0954	0.1067	8.3479	3.5360	31.8570	3.6004	3.7015	97.2610	10.3524	3.3390	48.1833	0.1474	0.0795	0.2291	0.1064	0.1230	0.0001	0.1569	0.0609	0.2427
26	111	0.0821	3	0	1	0	0	0	0	0	0	N	N	N	N	N	N	N	N	N	N	N	N	3.2261	56.8880	0.2144	4.5173	3.9526	12.2805	2.9258	45.5916	0.2704	0.5710	0.6529	0.0138	0.0916	0.1009	0.0001	0.6362	0.7314	0.0151	0.1770	0.0115	0.0643	0.0203	0.0255	0.0000	0.2175	0.0160	0.0558	0.0031	7.4580	-0.1450	0.0016	12.3098	16.9399	9.0087	15.9768	0.5106	0.5090	0.0016	0.0098	0.0098	0.0000	0.5008	0.4992	0.0016	0.0064	0.0008	0.0057	0.0007	0.0007	0.0000	0.0058	0.0001	0.0057	0.8942	0.7797	0.1145	0.1071	0.0972	0.0099	0.7872	0.6825	0.1046	0.4428	0.2348	0.2081	0.0543	0.0471	0.0073	0.3885	0.1877	0.2008	39.2698	201.3425	0.5053	7.6502	7.3039	12.2805	42.6994	1235.1459	0.5337	0.0145	0.0032	0.0273	0.0120	0.0138	0.0000	0.0149	0.0006	0.0283
26	112	0.1865	7	1	2	0	1	0	0	0	0	N	Y	N	N	N	N	N	N	N	N	N	N	0.0021	1885.9063	0.0000	158.9864	146.1481	0.0020	inf	0.0000	0.0003	0.0004	0.0000	0.0001	0.0001	0.0000	0.0005	0.0006	0.0000	0.1660	0.0000	0.0844	0.0000	0.0000	0.0000	0.2664	0.0000	0.0778	0.0000	116132.3333	-0.0000	0.0001	12.3098	0.0019	9.0087	1.9928	0.0000	0.0000	0.0000	0.0000	0.0000	0.0000	0.0000	0.0000	0.0000	0.0003	0.0000	0.0003	0.0000	0.0000	0.0000	0.0003	0.0000	0.0003	0.0003	0.0002	0.0000	0.0001	0.0001	0.0000	0.0002	0.0001	0.0000	0.0250	0.0143	0.0107	0.0049	0.0043	0.0006	0.0202	0.0101	0.0101	0.0248	1885.9063	0.0000	158.9864	146.1481	0.0000	0.0301	inf	0.0000	0.0139	0.0000	0.0326	0.0000	0.0000	0.0000	0.0173	0.0000	0.0345	
26	113	0.1629	6	1	2	0	1	0	0	0	0	N	Y	N	N	N	N	N	N	N	N	N	N	0.0004	14.4847	0.0000	1.7268	1.7139	0.0000	0.0004	inf	0.0000	0.0019	0.0022	0.0000	0.0009	0.0010	0.0000	0.0023	0.0026	0.0000	5.1457	0.0002	18.0584	0.0005	0.0006	0.0000	6.1650	0.0000	20.6117	0.0000	62638.4100	-0.0003	0.3640	12.3098	8.6942	9.0087	6.0502	0.0010	0.0010	0.0000	0.0001	0.0001	0.0000	0.0009	0.0009	0.0000	0.9794	0.0000	0.9794	0.0000	0.0000	0.0000	0.9794	0.0000	0.9794	0.5318	0.4611	0.0707	0.1385	0.1204	0.0181	0.3933	0.3406	0.0526	0.1903	0.1038	0.0866	0.0315	0.0272	0.0043	0.1589	0.0766	0.0823	0.0004	14.4847	0.0000	1.7268	1.7139	0.0000	0.0004	inf	0.0000	5.1457	0.0002	11.3134	0.0005	0.0006	0.0000	6.1650	0.0000	11.9063
26	114	0.1840	10	0	2	0	1	0	0	0	0	N	Y	N	N	N	N	N	N	N	N	N	N	0.0000	0.0000	0.0000	0.0000	0.0000	0.0000	0.0000	0.0000	0.0000	0.0000	0.0000	0.0000	0.0000	0.0000	0.0000	0.0000	0.0000	0.0000	0.0000	-0.0000	12.3098	0.0001	9.0087	0.0001	0.0000	0.0000	0.0000	0.0000	0.0000	0.0000	0.0000	0.0000	0.0000	0.0000	0.0000	0.0000	0.0000	0.0000	0.0000	0.0000	0.0000	0.0000	0.0000	0.0000	0.0000	0.0000	0.0000	0.0000	0.0000	0.0000	0.0000	0.0000	0.0000	0.0000	0.0000	0.0000	0.0000	0.0000	0.0000	0.0000	0.0000	0.0000	0.0000	0.0000	0.0000	0.0000	0.0000	0.0000	0.0000	0.0000	0.0000	0.0000	0.0000	0.0000	0.0000	0.0000	0.0000	0.0000											
26	115	0.1773	9	0	2	0	1	0	0	0	0	N	Y	N	N	N	N	N	N	N	N	N	N	0.0000	0.0000	0.0000	0.0000	0.0000	0.0000	0.0000	0.0000	0.0000	0.0000	0.0000	0.0000	0.0000	0.0002	0.0005	0.0000	0.0013	0.0015	0.0000	0.0000	0.0000	0.0000	0.0000	0.0000	-0.0000	12.3098	3.0007	9.0087	1.0012	0.0000	0.0000	0.0000	0.0000	0.0000	0.0000	0.0000	0.0000	0.0000	0.0000	0.0000	0.0000	0.0000	0.0000	0.0000	0.0000	0.0000	0.0000	0.1622	0.1422	0.0200	0.0282	0.0261	0.0020	0.1340	0.1160	0.0180	0.0496	0.0269	0.0227	0.0079	0.0067	0.0012	0.0417	0.0202	0.0215	0.0000	0.0000	0.0000	0.0000	0.0000	0.0000	0.0000	0.0000	0.0000	0.0002	0.0004	0.0000	0.0013	0.0015	0.0000	0.0000	0.0000	0.0000						
26	116	0.1755	8	0	1	0	1	0	0	0	0	N	N	N	N	N	N	N	N	N	N	N	N	0.0000	0.0000	0.0000	0.0000	0.0000	0.0000	0.0000	0.0000	0.0000	0.0000	0.0000	0.0000	0.0000	0.0000	0.0000	0.0000	0.0000	0.0000	0.0000	0.0000	0.0000	0.0000	0.0769	0.0000	-0.0000	12.3098	1.1177	9.0087	0.0023	0.0000	0.0000	0.0000	0.0000	0.0000	0.0000	0.0000	0.0000	0.0000	0.0000	0.0000	0.0000	0.0000	0.0000	0.0000	0.0000	0.0000	0.0000	0.0636	0.0559	0.0076	0.0133	0.0124	0.0009	0.0503	0.0435	0.0068	0.0140	0.0076	0.0064	0.0022	0.0019	0.0004	0.0117	0.0057	0.0060	0.0000	0.0000	0.0000	0.0000	0.0000	0.0000	0.0000	0.0000	0.0000	0.0000	0.0000	0.0000	0.0000	0.0000	0.0000	0.0000	0.0000	0.0000						
26	117	0.1725	4	0	2	0	0	0	0	0	0	N	Y	N	N	N	N	N	N	N	N	N	N	0.1691	15.1312	0.0009	0.2027	44.7478	0.0000	0.0010	0.0079	0.0098	0.2276	0.2557	0.0050	1.1231	1.1837	0.0000	0.0007	0.0000	0.0055	1.3462	0.0169	5.2779	5.5410	0.0265	86.6581	0.6742	0.0003	0.5589	0.0025	458.0828	-0.1056	0.2828	12.3098	31.2782	9.0087	23.9277	0.3709	0.3699	0.0009	0.3699	0.3699	0.0000	0.0009	0.0000	0.0009	0.7654	0.0017	0.7637	0.7342	0.0017	0.7325	0.0312	0.0000	0.0312	1.6294	1.4467	0.1826	0.3294	0.3125	0.0169	1.3000	1.1342	0.1658	0.7023	0.3916	0.3107	0.1325	0.1176	0.0149	0.5698	0.2739	0.2959	0.2088	60.0569	0.0020	0.2027	83.5503	0.0000	0.0129	1.9340	0.0522	1.0898	0.0043	2.4578	5.5410	0.0142	49.3061	0.0547	0.0000	0.1053
26	118	0.1755	8	0	1	1	1	0	0	0	0	N	N	N	N	N	N	N	N	N	N	N	N	0.0000	0.0000	0.0000	0.0000	0.0000	0.0000	0.0000	0.0000	0.0000	0.0000	0.0000	0.0000	0.0000	0.0000	0.0000	0.0000	0.0000	0.0000	0.0000	0.0000	12.3098	3.8827	9.0087	2.9998	0.0000	0.0000	0.0000	0.0000	0.0000	0.0000	0.0000	0.0000	0.0000	0.0000	0.0000	0.0000	0.0000	0.0000	0.0000	0.0000	0.0000	0.0000	0.2122	0.1862	0.0260	0.0390	0.0363	0.0027	0.1732	0.1500	0.0232	0.0846	0.0459	0.0388	0.0135	0.0113	0.0021	0.0712	0.0345	0.0366	0.0000	0.0000	0.0000	0.0000	0.0000	0.0000	0.0000	0.0000	0.0000	0.0000	0.0000	0.0000	0.0000	0.0000	0.0000	0.0000	0.0000	0.0000											
26	119	0.1726	7	0	1	0	1	0	0	0	0	N	N	N	N	N	N	N	N	N	N	N	N	0.0010	0.0004	0.0008	0.0007	inf	inf	0.0000	0.0000	0.0000	0.0000	0.0000	0.0000	0.0000	0.0000	0.0000	0.0051	0.0138	0.0000	0.0212	0.0274	0.0000	0.0000	0.0000	0.0000	0.0000	0.0000	-0.0000	-0.0000	12.3098	2.8083	9.0087	0.0030	0.0000	0.0000	0.0000	0.0000	0.0000	0.0000	0.0000	0.0000	0.0000	0.0001	0.0001	0.0000	0.0001	0.0001	0.0000	0.0000	0.0000	0.0000	0.1866	0.1657	0.0209	0.0492	0.0462	0.0030	0.1374	0.1195	0.0179	0.0353	0.0190	0.0162	0.0056	0.0048	0.0009	0.0296	0.0143	0.0154	0.0026	0.0016	0.0000	0.0014	0.0013	0.0000	inf	inf	0.0000	0.0020	0.0037	0.0000	0.0123	0.0146	0.0000	0.0000	0.0000	0.0000			
26	120	0.1726	7	0	1	1	1	0	0	0	0	N	N	N	N	N	N	N	N	N	N	N	N	0.0018	0.0008	0.0020	0.0016	inf	inf	0.0000	0.0000	0.0000	0.0000	0.0000	0.0000	0.0000	0.0000	0.0000	0.0010	0.0026	0.0000	0.0040	0.0052	0.0000	0.0000	0.0000	0.0000	0.0000	0.0000	-0.0000	-0.0000	12.3098	9.6158	9.0087	0.0030	0.0000	0.0000	0.0000	0.0000	0.0000	0.0000	0.0000	0.0000	0.0000	0.0001	0.0001	0.0000	0.0001	0.0001	0.0000	0.0000	0.0000	0.0000	0.5440	0.4791	0.0649	0.1078	0.1005	0.0073	0.4363	0.3786	0.0577	0.1184	0.0639	0.0545	0.0188	0.0158	0.0030	0.0997	0.0481	0.0516	0.0030	0.0018	0.0000	0.0021	0.0019	0.0000	inf	inf	0.0000	0.0006	0.0011	0.0000	0.0037	0.0044	0.0000	0.0000	0.0000	0.0000			
26	121	0.1629	6	0	1	0	1	0	0	0	0	N	N	N	N	N	N	N	N	N	N	N	N	0.0023	0.0019	0.0000	0.0022	0.0024	0.0000	0.0942	12.9769	0.0000	0.0020	0.0023	0.0000	0.0051	0.0060	0.0000	0.0003	0.0004	0.0000	0.8861	1.2443	0.0018	2.3484	2.4632	0.0000	0.0037	0.0000	0.0018	0.0000	0.0044	-0.0002	-0.0098	12.3098	4.2457	9.0087	2.0144	0.0006	0.0006	0.0000	0.0005	0.0005	0.0000	0.0001	0.0001	0.0000	0.0157	0.0157	0.0001	0.0157	0.0157	0.0000	0.0001	0.0000	0.0001	0.3008	0.2586	0.0422	0.1057	0.0897	0.0160	0.1951	0.1689	0.0262	0.0881	0.0488	0.0393	0.0165	0.0147	0.0019	0.0715	0.0341	0.0374	0.0112	0.0073	0.0000	0.0053	0.0056	0.0000	0.3622	4910.9062	0.0000	0.1788	0.3213	0.0018	0.9483	1.0696	0.0000	0.0010	0.0000	0.0018
26	122	0.1208	5	0	1	0	1	0	0	0	0	N	N	N	N	N	N	N	N	N	N	N	N	0.0019	0.3811	0.0000	0.3306	0.2992	0.8887	0.0010	7.1346	0.0000	0.0011	0.0013	0.0000	0.0026	0.0029	0.0000	0.0007	0.0008	0.0000	0.5815	0.0033	0.7138	0.0078	0.0098	0.0000	0.6846	0.0001	0.6228	0.0000	73.6622	-0.0002	0.0057	12.3098	11.9190	9.0087	13.1740	0.0008	0.0008	0.0000	0.0004	0.0004	0.0000	0.0004	0.0004	0.0000	0.0159	0.0002	0.0157	0.0002	0.0002	0.0000	0.0157	0.0000	0.0157	0.7122	0.6196	0.0927	0.1582	0.1393	0.0189	0.5540	0.4802	0.0738	0.3108	0.1638	0.1471	0.0366	0.0315	0.0051	0.2743	0.1323	0.1420	0.0214	0.9680	0.0000	0.4447	0.4352	0.8887	0.0117	2200.0205	0.0000	0.0511	0.0013	0.1066	0.0058	0.0068	0.0000	0.0572	0.0000	0.1104
26	123	0.5477	9	0	1	1	1	0	0	0	0	N	N	N	N	N	N	N	N	N	N	N	N	0.0000	0.0000	0.0000	0.0000	0.0000	0.0000	0.0000	0.0000	0.0000	0.0000	0.0000	0.0000	0.0000	0.0000	0.0000	0.0010	0.0022	0.0000	0.0017	0.0020	0.0000	0.0000	0.0002	0.0000	0.0000	0.0000	-0.0001	12.3098	12.8936	9.0087	4.1514	0.0000	0.0000	0.0000	0.0000	0.0000	0.0000	0.0000	0.0000	0.0000	0.0001	0.0001	0.0000	0.0001	0.0001	0.0000	0.0000	0.0000	0.0000	0.6879	0.6171	0.0708	0.2461	0.2327	0.0133	0.4418	0.3844	0.0575	0.1709	0.1038	0.0672	0.0570	0.0492	0.0078	0.1139	0.0546	0.0593	0.0000	0.0000	0.0000	0.0000	0.0000	0.0000	0.0000	0.0000	0.0000	0.0006	0.0009	0.0000	0.0017	0.0020	0.0000	0.0000	0.0000	0.0000				
26	124	0.1361	6	0	2	0	0	0	0	0	0	N	Y	N	N	N	N	N	N	N	N	N	N	0.0009	0.0124	0.0000	0.0547	0.0555	0.0000	0.0000	0.1705	0.0000	0.0031	0.0035	0.0000	0.0188	0.0202	0.0000	0.0000	0.0000	0.0000	3.6090	0.2849	13.3909	0.3430	0.3631	0.0452	4.1658	0.0000	14.6452	0.0000	395.2765	-0.0006	0.3670	12.3098	12.7386	9.0087	8.7370	0.0022	0.0022	0.0000	0.0022	0.0022	0.0000	0.0000	0.0000	0.0000	0.9944	0.0025	0.9919	0.0027	0.0025	0.0002	0.9917	0.0000	0.9917	0.7037	0.6180	0.0857	0.1161	0.1081	0.0080	0.5876	0.5099	0.0777	0.2755	0.1460	0.1295	0.0375	0.0329	0.0046	0.2381	0.1132	0.1249	0.0009	0.2056	0.0000	0.2626	0.2640	0.0000	0.0000	65.0397	0.0000	3.6090	0.0172	7.6600	0.0715	0.0764	0.0368	4.1658	0.0000	7.9416
26	125	0.1208	5	0	2	0	0	0	0	0	0	N	Y	N	N	N	N	N	N	N	N	N	N	0.0076	0.0462	0.0230	0.2159	0.2023	0.1986	0.0069	0.0031	0.0328	0.0051	0.0021	0.0250	0.0041	0.0047	0.0000	0.0055	0.0012	0.0331	0.6764	0.0455	1.0895	0.0190	0.0232	0.0002	0.7936	0.3981	1.0103	1.8101	17.8364	0.0010	0.0030	12.3098	8.6431	9.0087	1.4782	0.0028	0.0010	0.0018	0.0006	0.0006	0.0000	0.0022	0.0004	0.0018	0.0094	0.0005	0.0089	0.0002	0.0002	0.0000	0.0092	0.0003	0.0089	0.5473	0.4751	0.0722	0.1386	0.1210	0.0176	0.4087	0.3542	0.0546	0.1325	0.0700	0.0625	0.0169	0.0147	0.0021	0.1157	0.0553	0.0604	0.0722	0.2945	0.1756	0.3611	0.3617	0.1986	0.0687	0.2183	0.2242	0.0710	0.0071	0.1426	0.0113	0.0130	0.0002	0.0798	0.0056	0.1477
26	126	0.1112	4	0	1	0	0	0	0	0	0	N	N	N	N	N	N	N	N	N	N	N	N	0.1781	0.0635	0.0724	0.3943	0.3736	0.2135	0.0546	0.0271	0.0892	0.0065	0.0073	0.0003	0.0282	0.0296	0.0000	0.0006	0.0006	0.0003	0.0365	0.1151	0.0042	0.0715	0.0791	0.0000	0.0106	0.0228	0.0037	0.0054	0.2570	-0.0005	-0.0003	12.3098	4.1618	9.0087	2.0491	0.0019	0.0019	0.0000	0.0017	0.0017	0.0000	0.0001	0.0001	0.0000	0.0008	0.0006	0.0002	0.0006	0.0006	0.0000	0.0002	0.0000	0.0002	0.2885	0.2554	0.0332	0.0619	0.0590	0.0029	0.2266	0.1963	0.0303	0.1005	0.0575	0.0430	0.0192	0.0178	0.0013	0.0813	0.0397	0.0417	0.8673	0.7012	0.0842	0.9494	0.9265	0.2135	0.2554	0.8086	0.0892	0.0075	0.0104	0.0036	0.0297	0.0319	0.0000	0.0023	0.0008	0.0037
26	127	0.0821	3	0	1	0	0	0	0	0	0	N	N	N	N	N	N	N	N	N	N	N	N	0.0605	0.0439	0.0153	0.0018	0.0022	0.0000	0.0511	0.0058	0.0242	0.0017	0.0019	0.0002	0.0000	0.0001	0.0000	0.0019	0.0022	0.0002	0.0283	0.0443	0.0100	0.0267	0.0234	0.0295	0.0379	0.3797	0.0069	0.0116	0.7270	-0.0002	-0.0004	12.3098	9.4810	9.0087	7.4917	0.0009	0.0009	0.0000	0.0000	0.0000	0.0000	0.0009	0.0009	0.0000	0.0017	0.0010	0.0007	0.0005	0.0004	0.0001	0.0012	0.0006	0.0006	0.5107	0.4448	0.0659	0.0618	0.0560	0.0058	0.4489	0.3888	0.0601	0.2520	0.1384	0.1135	0.0368	0.0328	0.0039	0.2152	0.1056	0.1096	0.2547	0.2743	0.0243	0.0033	0.0040	0.0000	0.3601	0.4242	0.0301	0.0067	0.0071	0.0063	0.0145	0.0131	0.0266	0.0054	0.0052	0.0055
26	128	0.5600	10	1	2	0	0	0	0	0	0	N	Y	N	N	N	N	N	N	N	N	N	N	0.0000	0.0000	0.0000	0.0000	0.0000	0.0000	0.0000	0.0000	0.0000	0.0000	0.0000	0.0000	0.0000	0.0000	0.0000	0.0000	0.0000	0.0000	0.0000	0.0000	0.0000	0.0000	0.0000	0.0000	-0.0000	12.3098	2.0107	9.0087	1.9995	0.0000	0.0000	0.0000	0.0000	0.0000	0.0000	0.0000	0.0000	0.0000	0.0000	0.0000	0.0000	0.0000	0.0000	0.0000	0.0000	0.0000	0.0000	0.1005	0.0895	0.0109	0.0353	0.0332	0.0021	0.0651	0.0563	0.0088	0.0379	0.0235	0.0144	0.0133	0.0114	0.0019	0.0246	0.0120	0.0126	0.0000	0.0000	0.0000	0.0000	0.0000	0.0000	0.0000	0.0000	0.0000	0.0000	0.0000	0.0000	0.0000	0.0000	0.0000	0.0000	0.0000	0.0000						
26	129	0.5477	9	1	2	0	0	0	0	0	0	N	Y	N	N	N	N	N	N	N	N	N	N	0.0000	0.0000	0.0000	0.0000	0.0000	0.0000	0.0000	0.0000	0.0000	0.0000	0.0000	0.0000	0.0000	0.0000	0.0000	0.0000	0.0000	0.0000	0.0000	0.0001	0.0000	0.0001	0.0001	0.0000	0.0000	0.0002	0.0000	0.0021	0.0000	-0.0000	12.3098	5.6459	9.0087	1.1399	0.0000	0.0000	0.0000	0.0000	0.0000	0.0000	0.0000	0.0000	0.0000	0.0000	0.0000	0.0000	0.0000	0.0000	0.0000	0.0000	0.0000	0.0000	0.3379	0.3050	0.0329	0.1302	0.1239	0.0063	0.2077	0.1811	0.0266	0.0741	0.0448	0.0294	0.0256	0.0224	0.0032	0.0486	0.0224	0.0262	0.0000	0.0000	0.0000	0.0000	0.0000	0.0000	0.0000	0.0000	0.0000	0.0000	0.0001	0.0000	0.0001	0.0001	0.0000	0.0000	0.0000	0.0000	
26	130	0.5174	8	0	1	0	0	0	0	0	0	N	N	N	N	N	N	N	N	N	N	N	N	0.0001	0.0044	0.0003	0.0004	0.0113	0.0002	0.0001	0.0095	0.0000	0.0001	0.0001	0.0001	0.0002	0.0001	0.0006	0.0000	0.0000	0.0000	0.4724	0.0144	0.4714	0.4321	0.0111	4.0091	0.1218	0.0021	0.0343	0.2403	14.5428	-0.0000	0.0023	12.3098	11.6079	9.0087	5.3766	0.0001	0.0000	0.0000	0.0000	0.0000	0.0000	0.0000	0.0000	0.0000	0.0075	0.0005	0.0070	0.0061	0.0005	0.0057	0.0014	0.0000	0.0014	0.7323	0.6542	0.0780	0.2895	0.2730	0.0166	0.4427	0.3813	0.0615	0.2113	0.1269	0.0844	0.0737	0.0657	0.0080	0.1376	0.0612	0.0764	0.0020	0.0167	0.0015	0.0018	0.0171	0.0009	0.0017	0.3929	0.0000	0.0356	0.0038	0.0833	0.0832	0.0073	0.7041	0.0101	0.0001	0.0181
26	131	0.4995	7	0	1	0	0	0	0	0	0	N	N	N	N	N	N	N	N	N	N	N	N	0.0059	0.0063	0.0000	0.0039	0.0057	0.0000	0.0106	0.0168	0.0000	0.0049	0.0054	0.0000	0.0053	0.0055	0.0000	0.0046	0.0054	0.0000	0.8269	0.8637	1.3788	1.3607	0.9698	12.3686	0.4389	0.3192	0.1435	0.0001	0.9040	-0.0004	-0.0041	12.3098	3.9355	9.0087	8.7078	0.0013	0.0013	0.0000	0.0005	0.0005	0.0000	0.0008	0.0008	0.0000	0.0270	0.0142	0.0128	0.0236	0.0139	0.0097	0.0034	0.0003	0.0031	0.2608	0.2343	0.0266	0.0972	0.0925	0.0047	0.1636	0.1418	0.0218	0.2041	0.1327	0.0714	0.0773	0.0709	0.0063	0.1268	0.0617	0.0651	0.0368	0.0507	0.0000	0.0172	0.0282	0.0000	0.1744	1.2416	0.0001	0.1323	0.1069	0.1795	0.3058	0.1962	1.5323	0.0266	0.0043	0.0478
26	132	0.4879	6	0	1	0	0	0	0	0	0	N	N	N	N	N	N	N	N	N	N	N	N	0.0064	0.0090	0.0003	0.0037	0.0091	0.0001	0.0058	0.0150	0.0001	0.0080	0.0088	0.0013	0.0107	0.0109	0.0069	0.0065	0.0075	0.0002	1.2536	0.9780	4.7398	2.9116	1.1879	65.0009	1.1353	0.5012	3.0683	0.0175	8.8721	-0.0009	0.0399	12.3098	6.2657	9.0087	3.9760	0.0032	0.0032	0.0001	0.0016	0.0015	0.0000	0.0017	0.0017	0.0000	0.1477	0.0150	0.1327	0.1144	0.0146	0.0998	0.0333	0.0003	0.0330	0.4045	0.3629	0.0416	0.1463	0.1390	0.0073	0.2582	0.2239	0.0343	0.1643	0.1034	0.0609	0.0625	0.0568	0.0057	0.1018	0.0466	0.0551	0.0089	0.0608	0.0006	0.0058	0.0422	0.0004	0.0200	1.0214	0.0003	0.8988	0.1446	2.1798	1.8287	0.2574	17.3592	0.3273	0.0074	0.5980
26	133	0.4106	5	0	1	0	0	0	0	0	0	N	N	N	N	N	N	N	N	N	N	N	N	0.3155	0.4531	0.0028	0.0023	0.0042	0.0009	0.9314	0.5954	0.0465	0.4419	0.4939	0.0155	0.0096	0.0063	0.0609	0.6342	0.7282	0.0062	1.4006	1.0901	5.4867	4.1543	1.5060	70.0872	0.6809	1.2229	0.1340	0.0038	8.1643	-0.1829	0.1906	12.3098	26.7012	9.0087	18.2690	0.6455	0.6431	0.0025	0.0043	0.0027	0.0016	0.6412	0.6404	0.0008	0.7261	0.0792	0.6469	0.7020	0.0654	0.6366	0.0241	0.0138	0.0103	1.4607	1.3021	0.1586	0.4495	0.4226	0.0269	1.0111	0.8795	0.1317	0.6183	0.3747	0.2436	0.1927	0.1745	0.0181	0.4256	0.2001	0.2255	0.3763	2.3353	0.0058	0.0026	0.0168	0.0017	11.1954	10.5651	0.1363	1.1744	0.2115	2.6554	3.6440	0.3749	35.1502	0.0566	0.0689	0.0457
26	134	0.1725	4	0	1	0	0	0	0	0	0	N	N	N	N	N	N	N	N	N	N	N	N	0.1747	0.0070	0.8010	0.0355	0.0154	0.0305	0.1886	0.0026	8.3095	0.2449	0.0131	2.0770	0.1062	0.0384	1.2787	0.2767	0.0069	2.1569	1.4016	1.8682	2.5931	2.9936	2.4888	41.9578	1.4673	2.6175	0.2596	20.0097	0.1919	0.4659	-0.6647	12.3098	61.4372	9.0087	55.8589	0.7003	0.0333	0.6669	0.0567	0.0194	0.0373	0.6435	0.0140	0.6296	1.4222	1.1932	0.2290	0.3783	0.1851	0.1932	1.0440	1.0082	0.0358	2.8599	2.5388	0.3211	0.5342	0.5050	0.0292	2.3257	2.0338	0.2919	1.2093	0.6616	0.5477	0.1853	0.1611	0.0242	1.0240	0.5006	0.5235	0.2082	0.0073	4.9672	0.0520	0.0334	0.1603	0.2714	0.0034	31.5405	1.1761	1.8035	0.4181	2.0415	1.1489	7.9756	1.0195	2.0141	0.0684
26	135	0.0821	3	0	1	0	0	0	0	0	0	N	N	N	N	N	N	N	N	N	N	N	N	0.6034	0.2149	1.5369	255.1106	323.1014	0.3142	0.4795	0.0106	1.5112	1.8593	0.4738	11.4593	3.3103	3.6385	0.0048	1.6656	0.0317	12.5144	3.0815	2.2047	7.4562	0.0130	0.0113	0.0154	3.4735	2.9765	8.2812	3.4903	1.6690	1.4702	-0.0059	12.3098	31.7621	9.0087	18.5886	2.9994	0.6680	2.3314	0.6289	0.6288	0.0001	2.3705	0.0392	2.3313	1.9610	0.7347	1.2263	0.0006	0.0005	0.0002	1.9604	0.7343	1.2261	1.6132	1.4098	0.2035	0.1900	0.1728	0.0172	1.4232	1.2369	0.1863	0.6364	0.3333	0.3031	0.0720	0.0614	0.0106	0.5644	0.2719	0.2925	0.6034	0.2149	2.8327	386.1838	492.3171	0.3142	0.4795	0.0117	2.9856	3.0815	2.2047	4.0454	0.0086	0.0074	0.0154	3.4735	2.7009	4.1915
27	28	0.1720	5	1	2	0	0	0	0	0	0	N	Y	N	N	N	N	N	N	N	N	N	N	2.9297	1.5593	139931.4226	0.0228	0.0006	1391.2265	20700.5015	512.5384	372188.5432	0.9097	0.8246	1.5590	0.0176	0.0005	0.2913	1.1526	1.0678	1.7135	0.3105	0.5288	0.0000	0.7697	0.8134	0.0002	0.0001	0.0021	0.0000	0.2478	0.0002	-0.3318	-0.0152	25.8727	38.1974	15.5187	14.3032	3.7468	3.0027	0.7440	0.0155	0.0004	0.0151	3.7313	3.0024	0.7289	0.0242	0.0242	0.0000	0.0242	0.0242	0.0000	0.0000	0.0000	0.0000	4.1186	3.6414	0.4772	0.8814	0.8296	0.0518	3.2372	2.8118	0.4254	1.1611	0.6380	0.5231	0.1681	0.1514	0.0167	0.9930	0.4866	0.5064	43.6177	21.7315	139931.4226	0.1221	0.0029	1391.2265	43544.5148	21692.7288	372188.5432	0.0209	0.0379	0.0000	0.1439	0.1598	0.0002	0.0000	0.0000	0.0000
27	29	0.1020	3	0	2	0	0	0	0	0	0	N	Y	N	N	N	N	N	N	N	N	N	N	0.3826	0.2469	0.3729	5.0321	5.0773	0.7890	0.2527	0.1488	0.5158	0.8090	0.9780	0.0015	1.3578	1.5929	0.0003	0.6095	0.7449	0.0019	2.1142	3.9605	0.0040	0.2698	0.3137	0.0003	2.4121	5.0056	0.0036	0.0003	0.0008	-0.2361	-0.6291	25.8727	6.0056	15.5187	10.9350	0.8231	0.8229	0.0003	0.3683	0.3683	0.0000	0.4548	0.4546	0.0003	1.0024	1.0016	0.0008	0.0037	0.0037	0.0000	0.9987	0.9980	0.0008	1.0175	0.8414	0.1761	0.2713	0.2312	0.0400	0.7463	0.6102	0.1361	0.4741	0.2529	0.2212	0.0601	0.0535	0.0065	0.4140	0.1994	0.2147	0.3826	0.2469	0.4267	22.2585	23.2831	0.7890	0.2527	0.1488	0.5158	2.1142	3.9605	0.0035	0.0610	0.0684	0.0003	2.4121	5.0056	0.0036
27	30	0.2098	5	1	2	0	0	0	0	0	0	N	Y	N	N	N	N	N	N	N	N	N	N	1.5086	0.6630	70.8911	0.0009	0.0009	0.0019	13.8189	466.9011	120.4826	0.5861	0.3292	2.6770	0.0003	0.0003	0.0003	0.9326	0.5434	3.2872	0.3885	0.4965	0.0378	0.3823	0.3634	0.1504	0.0675	0.0012	0.0273	0.9995	0.3393	0.4254	-0.0095	25.8727	17.1852	15.5187	7.8386	1.9995	1.0000	0.9995	0.0004	0.0004	0.0000	1.9991	0.9996	0.9995	0.0254	0.0190	0.0064	0.0203	0.0190	0.0013	0.0051	0.0000	0.0051	3.4114	3.0380	0.3734	1.2678	1.1985	0.0693	2.1436	1.8395	0.3041	0.9326	0.5786	0.3540	0.2630	0.2472	0.0158	0.6696	0.3314	0.3382	21.4936	10.0302	147.0654	0.0044	0.0045	0.0034	122.4216	37607.9083	218.1546	0.0273	0.0328	0.0182	0.0773	0.0768	0.0854	0.0076	0.0000	0.0151
27	31	0.2504	6	0	2	0	0	0	0	0	0	N	Y	N	N	N	N	N	N	N	N	N	N	1560.5412	0.0331	713215.7797	0.0652	0.0580	0.0000	308863.5967	0.0000	1219217.3809	0.9863	0.0001	8.5964	0.0002	0.0002	0.0000	1.2934	0.0000	9.7777	0.0006	0.0017	0.0000	0.0032	0.0038	0.0001	0.0000	0.0000	0.0000	19993.3603	0.0130	0.7126	-0.0001	25.8727	9.9927	15.5187	7.0404	0.9996	0.0000	0.9996	0.0000	0.0000	0.0000	0.9996	0.0000	0.9996	0.0002	0.0002	0.0000	0.0002	0.0002	0.0000	0.0000	0.0000	0.0000	1.0135	0.8972	0.1163	0.2407	0.2266	0.0140	0.7728	0.6706	0.1022	0.3841	0.2073	0.1768	0.0523	0.0472	0.0051	0.3319	0.1601	0.1718	2275.4844	0.0703	713215.7797	0.0658	0.0634	0.0000	308863.5967	0.0000	1219217.3809	0.0004	0.0008	0.0000	0.0032	0.0035	0.0001	0.0000	0.0000	0.0000
27	32	0.2423	5	0	2	0	0	0	0	0	0	N	Y	N	N	N	N	N	N	N	N	N	N	0.2185	0.0756	2.6784	0.2582	2.3863	0.0000	0.1497	0.0000	3.7634	0.0006	0.0001	0.0050	0.0004	0.0004	0.0000	0.0007	0.0000	0.0056	0.0030	0.0017	0.0019	0.0016	0.0002	0.0146	0.0049	0.0328	0.0015	4.7996	2.0557	0.0002	0.0000	25.8727	3.8146	15.5187	0.9911	0.0003	0.0000	0.0002	0.0000	0.0000	0.0000	0.0002	0.0000	0.0002	0.0001	0.0000	0.0001	0.0000	0.0000	0.0000	0.0001	0.0000	0.0001	0.4466	0.3986	0.0480	0.1177	0.1124	0.0054	0.3289	0.2862	0.0426	0.1109	0.0595	0.0515	0.0144	0.0130	0.0015	0.0965	0.0465	0.0500	0.5041	0.1596	2.6784	0.2582	2.3863	0.0000	0.5910	0.0000	3.7634	0.0013	0.0008	0.0019	0.0016	0.0002	0.0146	0.0012	0.0010	0.0015
27	33	0.2423	5	0	2	0	0	0	0	0	0	N	Y	N	N	N	N	N	N	N	N	N	N	7736.2199	5573.5847	820.5665	191.7077	182.4591	380.8216	31562.4786	inf	901.1534	0.4316	0.4846	0.0161	0.0701	0.0744	0.0006	0.5405	0.6186	0.0182	0.0001	0.0001	0.0000	0.0004	0.0004	0.0000	0.0000	0.0000	0.0000	0.0043	0.1953	-0.2952	-0.0000	25.8727	24.4476	15.5187	5.0002	1.0437	1.0392	0.0044	0.0393	0.0393	0.0000	1.0044	1.0000	0.0044	0.0000	0.0000	0.0000	0.0000	0.0000	0.0000	0.0000	0.0000	0.0000	2.4182	2.1445	0.2737	0.5600	0.5279	0.0321	1.8582	1.6165	0.2416	0.6428	0.3450	0.2978	0.0820	0.0736	0.0084	0.5608	0.2714	0.2893	7736.2199	5573.5847	820.5665	191.7077	182.4591	380.8216	51846.3044	inf	901.1534	0.0001	0.0001	0.0000	0.0004	0.0004	0.0000	0.0000	0.0000	0.0000
27	34	0.2904	5	0	2	1	1	0	0	0	0	N	Y	N	N	N	N	N	N	N	N	N	N	0.0114	0.0091	0.1135	0.0100	0.0119	0.0001	0.0128	0.0001	0.2020	0.0002	0.0000	0.0016	0.0001	0.0001	0.0000	0.0003	0.0000	0.0022	0.0136	0.0045	0.0142	0.0062	0.0054	0.0102	0.0233	0.0004	0.0108	3.0343	3.3194	0.0000	0.0000	25.8727	1.3124	15.5187	1.0060	0.0000	0.0000	0.0000	0.0000	0.0000	0.0000	0.0000	0.0000	0.0000	0.0003	0.0001	0.0002	0.0001	0.0001	0.0000	0.0002	0.0000	0.0002	0.2580	0.2394	0.0186	0.1576	0.1527	0.0049	0.1004	0.0867	0.0137	0.0616	0.0364	0.0252	0.0142	0.0132	0.0010	0.0474	0.0232	0.0242	0.0365	0.0249	0.2027	0.0127	0.0142	0.0001	0.0744	0.0203	0.2775	0.0042	0.0017	0.0080	0.0050	0.0046	0.0102	0.0040	0.0000	0.0079
27	35	0.1590	4	0	1	0	1	0	0	0	0	N	N	N	N	N	N	N	N	N	N	N	N	0.4646	0.0036	1.1926	0.0118	0.0112	0.4492	0.5099	0.0655	1.3070	0.5347	0.0018	4.6637	0.0083	0.0078	0.0154	0.6715	0.0001	5.2273	1.1509	0.4931	3.9106	0.7009	0.7002	0.0343	1.3171	0.0015	3.9995	337.0455	34.7010	2.1732	0.3389	25.8727	53.2438	15.5187	16.6757	3.0612	0.0091	3.0521	0.0098	0.0087	0.0011	3.0514	0.0004	3.0510	0.9861	0.0276	0.9585	0.0281	0.0276	0.0004	0.9581	0.0000	0.9581	5.7246	5.0701	0.6544	1.1806	1.1098	0.0708	4.5440	3.9603	0.5837	1.6016	0.8571	0.7446	0.2187	0.2037	0.0150	1.3829	0.6534	0.7296	0.8685	0.0554	3.6229	0.0645	0.0577	0.5189	0.9693	3.9923	3.9806	0.6157	0.0322	1.2873	0.1283	0.1355	0.0297	0.6928	0.0000	1.3132
27	36	0.1182	4	0	2	0	0	0	0	0	0	N	Y	N	N	N	N	N	N	N	N	N	N	0.3897	0.3488	0.0137	0.8598	0.8998	0.0005	0.5354	239.7712	0.0181	0.2182	0.2495	0.0008	1.0560	1.1365	0.0001	0.1009	0.1163	0.0009	0.5600	0.7152	0.0584	1.2282	1.2631	0.1217	0.1884	0.0005	0.0470	0.0005	0.3260	-0.1284	-0.0151	25.8727	17.9460	15.5187	11.6991	0.4478	0.4476	0.0002	0.2662	0.2662	0.0000	0.1815	0.1813	0.0002	0.0395	0.0298	0.0097	0.0301	0.0298	0.0004	0.0094	0.0000	0.0094	2.0518	1.7940	0.2578	0.2521	0.2342	0.0178	1.7997	1.5597	0.2400	0.8221	0.4358	0.3863	0.1127	0.1079	0.0047	0.7094	0.3278	0.3816	4.5410	3.6488	0.0317	3.9476	4.1173	0.0008	7.6429	48179.4426	0.0347	0.0481	0.0684	0.0251	0.2675	0.2760	0.0738	0.0132	0.0000	0.0245
27	37	0.5737	9	1	2	0	0	0	0	0	0	N	Y	N	N	N	N	N	N	N	N	N	N	154.2103	0.0000	inf	0.0097	0.0000	inf	inf	inf	0.0001	0.0000	0.0009	0.0000	0.0000	0.0000	0.0002	0.0000	0.0011	0.0000	0.0000	0.0000	0.0000	0.0000	0.0000	0.0000	0.0000	0.0000	inf	0.0000	0.0000	-0.0000	25.8727	1.9903	15.5187	0.0021	0.0000	0.0000	0.0000	0.0000	0.0000	0.0000	0.0000	0.0000	0.0000	0.0000	0.0000	0.0000	0.0000	0.0000	0.0000	0.0000	0.0000	0.0000	0.2022	0.1805	0.0217	0.0705	0.0665	0.0041	0.1317	0.1140	0.0176	0.0377	0.0236	0.0141	0.0118	0.0106	0.0012	0.0259	0.0130	0.0129	154.2103	0.0000	inf	0.0097	0.0000	inf	inf	0.0000	inf	0.0000	0.0000	0.0000	0.0000	0.0000	0.0000	0.0000	0.0000	0.0000	
27	38	0.1590	4	0	2	0	1	0	0	0	0	N	Y	N	N	N	N	N	N	N	N	N	N	9.7011	8.7357	25.3079	7.4063	9.7905	0.0241	12.5355	274.1450	44.9975	0.0975	0.0973	0.0994	0.2118	0.2249	0.0018	0.0663	0.0595	0.1116	0.0101	0.0111	0.0039	0.0286	0.0230	0.0727	0.0053	0.0002	0.0025	0.1317	0.9449	-0.0849	-0.0007	25.8727	45.5232	15.5187	15.8903	0.4971	0.4392	0.0578	0.2319	0.2318	0.0001	0.2651	0.2074	0.0577	0.0048	0.0025	0.0023	0.0032	0.0025	0.0007	0.0016	0.0000	0.0016	5.0956	4.5139	0.5817	1.0953	1.0310	0.0643	4.0003	3.4829	0.5174	1.4527	0.7794	0.6733	0.2063	0.1926	0.0137	1.2463	0.5868	0.6596	29.4713	30.6768	28.6556	13.7725	17.5227	0.0343	50.5027	79126.4478	44.9975	0.0033	0.0032	0.0035	0.0154	0.0128	0.0511	0.0013	0.0000	0.0025
27	39	0.1319	3	0	1	0	1	0	0	0	0	N	N	N	N	N	N	N	N	N	N	N	N	0.7060	0.0080	2.7899	0.0275	0.0187	3.6682	0.7733	0.0048	3.4147	0.5605	0.0039	4.5421	0.0121	0.0083	0.0654	0.6966	0.0028	5.0875	0.7939	0.4950	1.6281	0.4415	0.4453	0.0178	0.9009	0.5705	1.4899	161.1544	5.4964	0.6740	0.0138	25.8727	13.8166	15.5187	4.5847	0.9537	0.0059	0.9479	0.0041	0.0026	0.0015	0.9496	0.0033	0.9464	0.0633	0.0097	0.0536	0.0079	0.0078	0.0001	0.0554	0.0019	0.0535	1.7016	1.4929	0.2087	0.3385	0.3158	0.0227	1.3632	1.1771	0.1860	0.5582	0.3008	0.2575	0.0933	0.0895	0.0038	0.4649	0.2113	0.2536	4.9411	0.1216	21.8282	0.1436	0.0952	3.6682	5.8437	0.3040	24.1166	0.1134	0.0324	0.2081	0.0846	0.0875	0.0178	0.1192	0.0091	0.2110
27	40	0.2938	7	0	1	1	0	0	0	0	0	N	N	N	N	N	N	N	N	N	N	N	N	6.4601	5774.0481	18.4833	819.2728	2531.0469	0.0804	5.1604	125353.3079	27.1837	2.4710	2.0633	5.5323	1.9750	2.0958	0.0022	2.6445	2.0509	6.3381	0.3825	0.0004	0.2993	0.0024	0.0008	0.0274	0.5125	0.0000	0.2332	0.3571	155.3951	-0.0905	0.0053	25.8727	12.6411	15.5187	7.4648	3.7675	2.7762	0.9913	0.7803	0.7803	0.0001	2.9872	1.9959	0.9913	0.0145	0.0001	0.0144	0.0003	0.0001	0.0002	0.0142	0.0000	0.0142	1.5247	1.3455	0.1792	0.3951	0.3723	0.0228	1.1296	0.9732	0.1564	0.5469	0.3209	0.2260	0.1192	0.1116	0.0076	0.4277	0.2093	0.2184	93.4907	7163.9964	87.0492	819.2728	2531.0469	0.0858	79.8335	46658335.6619	97.7033	0.0264	0.0003	0.0636	0.0024	0.0008	0.0257	0.0331	0.0000	0.0649
27	41	0.5612	7	0	2	0	0	0	0	0	0	N	Y	N	N	N	N	N	N	N	N	N	N	0.3038	3.8157	0.0108	1.8227	3.3047	0.0003	0.1218	21.7274	0.0183	0.0031	0.0034	0.0001	0.0040	0.0043	0.0000	0.0025	0.0029	0.0002	0.0101	0.0009	0.0129	0.0022	0.0013	0.0096	0.0207	0.0001	0.0098	0.0049	9.7079	-0.0020	0.0006	25.8727	22.0894	15.5187	9.3639	0.0072	0.0072	0.0000	0.0034	0.0034	0.0000	0.0038	0.0037	0.0000	0.0021	0.0002	0.0019	0.0004	0.0002	0.0002	0.0017	0.0000	0.0017	2.3407	2.0866	0.2540	0.8524	0.7938	0.0586	1.4882	1.2928	0.1954	0.6296	0.3755	0.2541	0.1674	0.1492	0.0182	0.4622	0.2263	0.2359	0.9254	6.5964	0.0187	1.8227	3.3047	0.0003	0.6787	6727.5585	0.0247	0.0033	0.0005	0.0075	0.0022	0.0013	0.0096	0.0037	0.0000	0.0073
27	42	0.1319	3	0	2	0	0	0	0	0	0	N	Y	N	N	N	N	N	N	N	N	N	N	1.4710	5.5430	18.3522	1.7305	2.1701	0.0000	1.3724	0.5666	22.3052	0.4536	0.2640	1.8097	0.0036	0.0039	0.0000	0.5322	0.3125	1.9825	0.3084	0.0476	0.0986	0.0021	0.0018	0.0064	0.3878	0.5515	0.0889	0.9586	4.4310	0.4126	0.0057	25.8727	43.3975	15.5187	17.3745	2.0396	1.0413	0.9983	0.0024	0.0024	0.0000	2.0372	1.0389	0.9983	0.0303	0.0056	0.0247	0.0003	0.0003	0.0001	0.0299	0.0053	0.0246	4.4965	3.9449	0.5516	0.6685	0.6204	0.0481	3.8281	3.3245	0.5035	1.4555	0.7686	0.6869	0.1670	0.1562	0.0108	1.2885	0.6124	0.6761	21.8224	36.4210	50.3611	1.7305	2.1701	0.0000	22.9295	36.1754	54.4553	0.0208	0.0072	0.0359	0.0021	0.0018	0.0064	0.0232	0.0086	0.0364
27	43	0.4914	6	1	1	1	0	0	0	0	0	N	N	N	N	N	N	N	N	N	N	N	N	0.4147	3143.8365	0.0012	1345.2141	1633.8812	1.2600	0.2841	31111.5642	0.0012	0.9042	1.0081	0.0118	1.0332	1.0902	0.0020	0.8357	0.9605	0.0139	2.1802	0.0003	9.9793	0.0008	0.0007	0.0016	2.9415	0.0000	11.3783	0.0014	14196.6695	-0.5027	0.3694	25.8727	18.2331	15.5187	4.4208	1.7590	1.7566	0.0024	0.6972	0.6971	0.0001	1.0618	1.0594	0.0023	0.9942	0.0001	0.9941	0.0001	0.0001	0.0000	0.9941	0.0000	0.9941	1.9453	1.7424	0.2029	0.6748	0.6394	0.0353	1.2705	1.1030	0.1675	0.4560	0.2666	0.1894	0.1181	0.1049	0.0131	0.3380	0.1617	0.1763	0.4147	3838.0205	0.0022	1345.2141	1633.8812	1.2600	0.2841	11764193.8402	0.0025	2.1802	0.0003	5.2485	0.0008	0.0007	0.0016	2.9415	0.0000	5.6392
27	44	0.5512	6	0	2	0	1	0	0	0	0	N	Y	N	N	N	N	N	N	N	N	N	N	0.1551	0.1158	0.1294	0.0509	0.0060	46.6787	0.1827	709.5452	0.0000	0.2252	0.1897	0.5338	0.1772	0.0220	2.5395	0.2513	0.2874	0.0000	1.4517	1.6389	4.1244	3.4837	3.6584	0.0544	1.3757	0.0004	4.4145	0.3235	0.8765	-0.0588	-0.3410	25.8727	62.5878	15.5187	29.9840	1.3778	1.0410	0.3368	0.3813	0.0445	0.3368	0.9965	0.9965	0.0000	2.1143	1.1268	0.9875	1.1289	1.1267	0.0022	0.9854	0.0000	0.9854	6.1173	5.4864	0.6309	2.1522	2.0196	0.1326	3.9651	3.4668	0.4983	1.6386	0.9919	0.6467	0.4389	0.3873	0.0516	1.1998	0.6047	0.5951	0.1746	0.1670	0.3496	0.0689	0.0076	60.2009	0.3060	162657.8297	0.0000	1.2903	1.1359	1.5270	2.5724	2.9094	0.0422	0.8213	0.0000	1.6557
27	45	0.4914	6	1	1	1	0	0	0	0	0	N	N	N	N	N	N	N	N	N	N	N	N	30.7637	6.4660	2035.6746	18.6000	16.9046	1.9449	320.2810	73914.1415	2492.7765	1.8555	1.3263	6.4687	1.4325	1.5088	0.0041	2.0904	1.2155	7.8503	0.0603	0.2051	0.0032	0.0770	0.0893	0.0021	0.0065	0.0000	0.0031	0.5594	0.1590	0.2001	-0.0016	25.8727	13.5293	15.5187	3.1702	2.7937	1.7915	1.0022	0.7701	0.7700	0.0001	2.0236	1.0214	1.0021	0.0032	0.0028	0.0004	0.0028	0.0028	0.0000	0.0004	0.0000	0.0004	1.5057	1.3507	0.1549	0.5376	0.5103	0.0273	0.9680	0.8404	0.1277	0.3464	0.2033	0.1431	0.0913	0.0815	0.0098	0.2551	0.1218	0.1333	200.1826	97.3290	2101.6518	46.8724	44.4008	1.9449	1270.0855	27408260.5504	2492.7765	0.0093	0.0136	0.0031	0.0306	0.0340	0.0021	0.0016	0.0000	0.0031
27	46	0.4869	5	1	1	1	0	0	0	0	0	N	N	N	N	N	N	N	N	N	N	N	N	1.8607	2.7864	2.4276	13.3543	13.5862	14.9719	0.8780	8.6163	3.3357	1.0146	0.9987	1.1795	1.6298	1.6819	0.2483	0.5577	0.4389	1.3780	0.5453	0.3584	0.4859	0.1220	0.1238	0.0166	0.6353	0.0509	0.4131	0.1141	2.5701	-0.1263	0.0006	25.8727	4.1147	15.5187	1.2946	0.6835	0.6135	0.0700	0.4679	0.4653	0.0026	0.2156	0.1482	0.0674	0.0069	0.0019	0.0050	0.0019	0.0019	0.0001	0.0050	0.0001	0.0049	0.6736	0.6143	0.0593	0.2871	0.2767	0.0104	0.3865	0.3376	0.0489	0.1499	0.0911	0.0588	0.0480	0.0445	0.0035	0.1018	0.0466	0.0553	22.0766	47.1537	13.9809	40.6052	40.0407	14.9719	11.4512	340.9522	15.5373	0.0460	0.0212	0.0844	0.0401	0.0420	0.0166	0.0487	0.0013	0.0887
27	47	0.4243	4	1	1	0	0	0	0	0	0	N	N	N	N	N	N	N	N	N	N	N	N	0.5905	1.2625	0.6922	0.1947	0.3553	0.0764	0.6576	48.8876	0.7539	0.7316	0.4108	3.4291	0.0383	0.0382	0.0396	1.0485	0.5966	4.0370	1.2389	0.3254	4.9541	0.1968	0.1076	0.5183	1.5944	0.0122	5.3552	0.9931	73.6190	0.3873	0.3292	25.8727	22.0103	15.5187	13.6452	1.8342	0.9203	0.9139	0.0301	0.0285	0.0016	1.8041	0.8918	0.9123	0.9188	0.0123	0.9065	0.0170	0.0122	0.0049	0.9018	0.0002	0.9017	2.5070	2.2405	0.2665	0.7863	0.7457	0.0405	1.7207	1.4947	0.2260	1.0552	0.6574	0.3979	0.3393	0.3144	0.0249	0.7160	0.3430	0.3730	0.8403	21.9286	1.5050	0.7641	0.9889	0.2032	0.8324	1281.9316	1.6699	0.8707	0.0187	2.2785	0.0501	0.0387	0.1949	1.2596	0.0005	2.4175
27	48	0.2938	7	0	2	0	0	0	0	0	0	N	Y	N	N	N	N	N	N	N	N	N	N	1.9113	2743.1855	0.0000	1132.5882	3566.7183	0.0000	0.3441	6944.6971	0.0000	0.8112	0.9193	0.0000	2.5683	2.7252	0.0000	0.1959	0.2274	0.0000	0.4244	0.0003	0.3996	0.0023	0.0008	0.0299	0.5694	0.0000	0.3259	0.0000	183.8783	-0.3531	0.0053	25.8727	12.3962	15.5187	3.7178	1.2297	1.2297	0.0000	1.0097	1.0097	0.0000	0.2199	0.2199	0.0000	0.0144	0.0001	0.0143	0.0002	0.0001	0.0002	0.0142	0.0000	0.0142	1.5158	1.3376	0.1781	0.3932	0.3705	0.0226	1.1226	0.9671	0.1555	0.4688	0.2793	0.1896	0.1082	0.1019	0.0063	0.3606	0.1773	0.1833	26.4069	3295.0687	0.0000	1132.5882	3566.7183	0.0000	4.9903	2652715.1299	0.0000	0.0307	0.0003	0.0756	0.0023	0.0008	0.0268	0.0393	0.0000	0.0772
27	49	0.2649	6	0	1	0	0	0	0	0	0	N	N	N	N	N	N	N	N	N	N	N	N	0.1178	18.3144	0.0097	22.7977	31.5607	0.0037	0.0674	6.0907	0.0105	0.1907	0.2059	0.0694	0.3062	0.3240	0.0001	0.1404	0.1497	0.0815	1.6188	0.0112	7.1177	0.0134	0.0103	0.0387	2.0826	0.0246	7.7955	0.0423	841.8182	-0.0929	0.3632	25.8727	14.4870	15.5187	5.8627	0.3768	0.3615	0.0153	0.1834	0.1834	0.0000	0.1934	0.1781	0.0153	0.9803	0.0012	0.9791	0.0014	0.0010	0.0004	0.9789	0.0002	0.9788	1.9762	1.7560	0.2202	0.5989	0.5660	0.0328	1.3774	1.1900	0.1874	0.6242	0.3632	0.2610	0.1539	0.1428	0.0111	0.4703	0.2204	0.2499	0.1214	64.2917	0.0185	34.8674	46.9198	0.0043	0.0675	186.2475	0.0208	1.5704	0.0032	3.7513	0.0088	0.0069	0.0329	2.0814	0.0008	3.9167
27	50	0.2611	7	1	2	1	0	0	0	0	0	N	Y	N	N	N	N	N	N	N	N	N	N	inf	inf	inf	inf	inf	inf	0.0788	0.0000	0.6598	0.0011	0.0000	0.0156	0.1060	0.0000	0.7724	0.0000	0.0000	0.0000	0.0000	0.0000	0.0000	0.0000	0.0000	0.0000	inf	0.0061	0.0000	25.8727	0.9856	15.5187	2.8295	0.0085	0.0000	0.0085	0.0000	0.0000	0.0000	0.0085	0.0000	0.0085	0.0000	0.0000	0.0000	0.0000	0.0000	0.0000	0.0000	0.0000	0.0000	0.1081	0.0952	0.0129	0.0280	0.0261	0.0019	0.0801	0.0691	0.0110	0.0862	0.0481	0.0380	0.0135	0.0120	0.0015	0.0727	0.0361	0.0366	inf	0.0000	inf	inf	0.0000	inf	inf	0.0000	inf	0.0000	0.0000	0.0000	0.0000	0.0000	0.0000	0.0000	0.0000	0.0000				
27	51	0.5311	7	1	2	0	0	0	0	0	0	N	Y	N	N	N	N	N	N	N	N	N	N	0.0076	0.0000	0.0256	2.1007	0.0001	3.6255	0.0019	0.0000	0.0062	0.0064	0.0000	0.0605	0.0134	0.0000	0.2396	0.0019	0.0000	0.0143	0.8366	0.0008	2.3595	0.0064	0.0010	0.0661	1.0316	0.0001	2.3020	195642.8566	488.2484	0.0074	0.0253	25.8727	13.3057	15.5187	8.6321	0.0104	0.0000	0.0104	0.0084	0.0000	0.0084	0.0019	0.0000	0.0019	0.0684	0.0001	0.0683	0.0008	0.0001	0.0006	0.0676	0.0000	0.0676	1.6302	1.4588	0.1715	0.6284	0.5932	0.0351	1.0019	0.8655	0.1363	0.5010	0.3031	0.1979	0.1551	0.1418	0.0133	0.3459	0.1613	0.1846	0.0466	0.0001	0.1753	2.6612	0.0001	4.9773	0.0100	0.0000	0.0390	0.1365	0.0005	0.3449	0.0050	0.0010	0.0481	0.1955	0.0000	0.3663
27	52	0.3958	9	0	2	0	1	0	0	0	0	N	Y	N	N	N	N	N	N	N	N	N	N	0.0020	0.0016	0.0000	0.0015	0.0014	0.0000	0.1747	0.0055	0.0000	0.0010	0.0011	0.0000	0.0011	0.0011	0.0000	0.0010	0.0012	0.0000	0.5116	0.7102	0.0000	0.6998	0.7941	0.0000	0.0058	0.2127	0.0000	0.0000	0.0001	-0.0001	-0.0013	25.8727	2.1073	15.5187	0.0711	0.0002	0.0002	0.0000	0.0001	0.0001	0.0000	0.0002	0.0002	0.0000	0.0021	0.0021	0.0000	0.0020	0.0020	0.0000	0.0001	0.0001	0.0000	0.2442	0.2183	0.0258	0.0853	0.0806	0.0047	0.1588	0.1377	0.0211	0.0510	0.0307	0.0202	0.0157	0.0129	0.0028	0.0353	0.0178	0.0175	0.0253	0.0171	0.0000	0.0082	0.0072	0.0000	0.6973	0.4066	0.0000	0.0404	0.0670	0.0000	0.1281	0.1555	0.0000	0.0014	0.0029	0.0000
27	53	0.3335	8	0	1	0	1	0	0	0	0	N	N	N	N	N	N	N	N	N	N	N	N	1.5345	1.2813	0.0000	0.9835	0.9897	0.0000	2289.7251	309.4880	0.0052	0.8890	0.9941	0.0000	1.3035	1.3861	0.0000	0.6752	0.7757	0.0000	0.5793	0.7758	0.0156	1.3253	1.4005	0.2334	0.0003	0.0025	0.0001	0.0000	0.0820	-0.5727	-0.0146	25.8727	21.8329	15.5187	8.0592	1.9945	1.9945	0.0000	0.9949	0.9949	0.0000	0.9996	0.9996	0.0000	0.0265	0.0245	0.0020	0.0265	0.0245	0.0020	0.0000	0.0000	0.0000	2.2437	2.0064	0.2373	0.7632	0.7178	0.0455	1.4804	1.2886	0.1918	0.5228	0.2869	0.2359	0.0920	0.0746	0.0175	0.4307	0.2123	0.2184	17.5311	11.6400	0.0001	4.5331	4.2215	0.0000	6227.2944	11334.4060	0.0052	0.0507	0.0854	0.0085	0.2876	0.3283	0.1133	0.0001	0.0001	0.0001
27	54	0.6436	9	0	2	0	1	0	0	0	0	N	Y	N	N	N	N	N	N	N	N	N	N	0.0000	0.0000	0.0000	0.0000	0.0000	0.0000	0.0000	0.0000	0.0000	0.0000	0.0000	0.0000	0.0000	0.0000	0.0000	0.0000	0.0000	0.0000	0.0000	0.0000	25.8727	0.0000	15.5187	0.0000	0.0000	0.0000	0.0000	0.0000	0.0000	0.0000	0.0000	0.0000	0.0000	0.0000	0.0000	0.0000	0.0000	0.0000	0.0000	0.0000	0.0000	0.0000	0.0000	0.0000	0.0000	0.0000	0.0000	0.0000	0.0000	0.0000	0.0000	0.0000	0.0000	0.0000	0.0000	0.0000	0.0000	0.0000	0.0000	0.0000	0.0000	0.0000	0.0000	0.0000	0.0000	0.0000	0.0000	0.0000	0.0000	0.0000	0.0000	0.0000	0.0000	0.0000	0.0000	0.0000	0.0000	0.0000											
27	55	0.3335	8	0	1	0	1	0	0	0	0	N	N	N	N	N	N	N	N	N	N	N	N	14.4119	3.9657	262.9189	12.9542	11.7838	14.3415	73.7925	17.9868	341.7757	0.3344	0.3416	0.2687	0.5531	0.5872	0.0109	0.1731	0.1460	0.3564	0.0232	0.0861	0.0010	0.0427	0.0498	0.0008	0.0023	0.0081	0.0010	0.0865	0.0715	-0.0128	-0.0001	25.8727	1.2825	15.5187	0.1503	0.0619	0.0570	0.0049	0.0435	0.0434	0.0001	0.0184	0.0136	0.0049	0.0002	0.0002	0.0000	0.0002	0.0002	0.0000	0.0000	0.0000	0.0000	0.1851	0.1667	0.0183	0.0786	0.0739	0.0047	0.1065	0.0928	0.0137	0.0355	0.0217	0.0138	0.0095	0.0085	0.0010	0.0260	0.0132	0.0128	56.2610	37.6814	262.9189	27.2691	26.0015	14.3415	255.8187	453.8273	341.7757	0.0059	0.0091	0.0010	0.0203	0.0226	0.0008	0.0007	0.0003	0.0010
27	56	0.2925	7	0	1	0	1	0	0	0	0	N	N	N	N	N	N	N	N	N	N	N	N	4.8888	2.6500	10.6280	7.1777	6.8052	0.5940	22.5321	1.8720	21.4270	0.9323	1.0390	0.0260	0.8165	0.8711	0.0066	1.0101	1.1610	0.0322	0.1907	0.3921	0.0024	0.1138	0.1280	0.0112	0.0448	0.6202	0.0015	0.0029	0.0677	-0.5262	-0.0049	25.8727	14.8542	15.5187	6.8183	1.8516	1.8462	0.0054	0.6517	0.6514	0.0003	1.1999	1.1948	0.0051	0.0086	0.0080	0.0005	0.0060	0.0058	0.0002	0.0026	0.0022	0.0003	1.9861	1.7769	0.2092	0.7982	0.7477	0.0504	1.1879	1.0292	0.1588	0.5664	0.3438	0.2226	0.1578	0.1360	0.0218	0.4086	0.2078	0.2008	61.4715	44.4040	10.6280	21.3322	20.4439	0.5940	161.8342	107.2777	21.4270	0.0152	0.0234	0.0024	0.0383	0.0426	0.0112	0.0062	0.0108	0.0015
27	57	0.2175	6	0	1	0	1	0	0	0	0	N	N	N	N	N	N	N	N	N	N	N	N	0.6200	0.3354	323.6214	0.0518	0.0536	0.1449	1.0433	0.3874	829.5616	0.6969	0.5248	2.1835	0.1875	0.1993	0.0101	0.9705	0.7124	2.7606	1.1241	1.5648	0.0067	3.6168	3.7165	0.0698	0.9303	1.8388	0.0033	0.4817	0.0039	0.1164	-0.3348	25.8727	33.5853	15.5187	9.3450	3.0665	2.0696	0.9969	0.2883	0.2873	0.0010	2.7782	1.7822	0.9960	0.5361	0.5341	0.0021	0.4280	0.4274	0.0006	0.1081	0.1067	0.0014	4.4004	3.9439	0.4566	1.5379	1.4421	0.0958	2.8626	2.5018	0.3608	0.9828	0.5412	0.4416	0.1541	0.1415	0.0127	0.8287	0.3997	0.4289	1.2774	0.5318	468.8063	0.0675	0.0660	0.2034	7.4369	2.6684	829.5616	0.5455	0.9868	0.0047	2.7766	3.0205	0.0497	0.1305	0.2670	0.0033
27	58	0.1968	5	0	1	0	0	0	0	0	0	N	N	N	N	N	N	N	N	N	N	N	N	0.3897	0.2307	0.7512	0.3989	0.4431	0.0309	0.3829	0.1913	1.2913	0.6980	0.7512	0.2907	0.3936	0.4178	0.0366	0.8229	0.8996	0.3390	1.7910	3.2559	0.3869	0.9868	0.9430	1.1864	2.1490	4.7023	0.2626	0.0506	0.0195	-0.3614	-0.5498	25.8727	15.2419	15.5187	2.5705	1.5119	1.4392	0.0728	0.2480	0.2465	0.0015	1.2639	1.1926	0.0713	0.9024	0.8852	0.0173	0.0181	0.0164	0.0017	0.8843	0.8688	0.0155	2.1661	1.9158	0.2503	0.6300	0.5900	0.0400	1.5361	1.3258	0.2103	0.5039	0.2719	0.2320	0.0924	0.0871	0.0053	0.4115	0.1848	0.2268	0.3897	0.2307	3.9090	2.0083	2.2213	0.1120	0.3829	0.1913	4.9487	1.7910	3.2559	0.0744	0.1960	0.1881	0.3268	2.1490	4.7023	0.0685
27	59	0.6436	9	0	1	0	1	0	0	0	0	N	N	N	N	N	N	N	N	N	N	N	N	0.0000	0.0000	0.0000	0.0000	0.0000	0.0000	0.0000	0.0000	0.0000	0.0000	0.0000	0.0000	0.0000	0.0000	0.0000	0.6415	0.0000	1.4708	0.0073	0.0000	0.2461	0.8760	0.0000	1.3831	inf	0.0000	0.0000	25.8727	0.0000	15.5187	0.0000	0.0000	0.0000	0.0000	0.0000	0.0000	0.0000	0.0000	0.0000	0.0000	0.0000	0.0000	0.0000	0.0000	0.0000	0.0000	0.0000	0.0000	0.0000	0.0000	0.0000	0.0000	0.0000	0.0000	0.0000	0.0000	0.0000	0.0000	0.0000	0.0000	0.0000	0.0000	0.0000	0.0000	0.0000	0.0000	0.0000	0.0000	0.0000	0.0000	0.0000	0.0000	0.0000	0.0000	0.0000	0.0000	0.0625	0.0000	0.1891	0.0055	0.0000	0.1196	0.1038	0.0000	0.1934				
27	60	0.5661	8	0	1	0	1	0	0	0	0	N	N	N	N	N	N	N	N	N	N	N	N	0.2990	0.2139	0.0000	0.0000	0.0000	0.0002	1.2812	276.8911	0.0000	0.5633	0.6300	0.0000	0.0002	0.0002	0.0000	0.8037	0.9233	0.0000	1.8839	2.9459	0.5839	6.3044	7.2580	0.0536	0.6273	0.0033	0.5214	0.0000	0.0189	-0.2869	-0.6191	25.8727	19.3360	15.5187	7.9957	0.9990	0.9990	0.0000	0.0001	0.0001	0.0000	0.9989	0.9989	0.0000	1.0153	0.9965	0.0189	0.9973	0.9965	0.0009	0.0180	0.0000	0.0180	1.7734	1.5857	0.1877	0.5304	0.5038	0.0266	1.2430	1.0819	0.1611	0.5389	0.3383	0.2007	0.1582	0.1373	0.0209	0.3808	0.2010	0.1798	0.2990	0.2139	0.0000	0.0000	0.0000	0.0002	16.9837	9207.7887	0.0000	1.8839	2.9459	0.0940	6.3044	7.2580	0.0414	0.0473	0.0001	0.1001
27	61	0.2561	6	0	2	1	0	0	0	0	0	N	Y	N	N	N	N	N	N	N	N	N	N	0.0034	0.0026	0.0001	0.0054	0.0054	0.0008	0.0000	0.0002	0.0000	0.0016	0.0018	0.0000	0.0060	0.0064	0.0000	0.0000	0.0000	0.0000	0.4581	0.6690	0.0045	1.1097	1.1809	0.0056	0.0080	0.0002	0.0036	0.0000	0.0522	-0.0007	-0.0116	25.8727	14.2360	15.5187	11.9336	0.0023	0.0023	0.0000	0.0023	0.0023	0.0000	0.0000	0.0000	0.0000	0.0200	0.0190	0.0010	0.0190	0.0190	0.0000	0.0009	0.0000	0.0009	1.4617	1.2955	0.1662	0.3816	0.3602	0.0214	1.0801	0.9353	0.1448	0.5826	0.3150	0.2676	0.0831	0.0755	0.0076	0.4994	0.2395	0.2599	0.0458	0.0294	0.0002	0.0263	0.0254	0.0008	0.0000	0.0457	0.0000	0.0343	0.0602	0.0037	0.2287	0.2513	0.0056	0.0019	0.0000	0.0036
27	62	0.1839	6	1	1	1	0	0	0	0	0	N	N	N	N	N	N	N	N	N	N	N	N	0.5897	278.7037	0.0000	273.3630	306.0294	0.0000	0.3230	11838.7921	0.0000	0.7825	0.8905	0.0000	1.8040	1.9396	0.0000	0.5122	0.5920	0.0000	1.3270	0.0032	5.0751	0.0066	0.0063	0.0068	1.5855	0.0001	5.3680	0.0000	1492.7789	-0.6553	0.3705	25.8727	28.8660	15.5187	13.2209	2.2823	2.2823	0.0000	1.1011	1.1011	0.0000	1.1812	1.1812	0.0000	0.9987	0.0007	0.9981	0.0008	0.0007	0.0001	0.9980	0.0000	0.9980	2.9166	2.5628	0.3538	0.6103	0.5677	0.0427	2.3063	1.9952	0.3111	0.9576	0.5329	0.4247	0.1455	0.1333	0.0121	0.8121	0.3995	0.4126	0.7503	709.7410	0.0000	349.3610	386.8486	0.0000	0.4168	4488339.4911	0.0000	1.0430	0.0013	2.3501	0.0052	0.0050	0.0068	1.2289	0.0000	2.4190
27	63	0.1812	5	1	2	0	0	0	0	0	0	N	Y	N	N	N	N	N	N	N	N	N	N	0.3745	0.0007	1.4618	7.4584	0.0006	28.1394	0.3384	0.0006	1.3563	1.8051	0.0035	13.8132	0.1411	0.0000	1.9898	2.0193	0.0040	14.5942	4.8201	4.6680	9.4495	0.0189	0.0115	0.0707	5.9672	6.8426	10.7601	596.4255	0.8747	0.7091	-0.2990	25.8727	5.0237	15.5187	8.0282	0.9971	0.0017	0.9954	0.0089	0.0000	0.0089	0.9882	0.0017	0.9865	1.8481	0.9858	0.8623	0.0008	0.0005	0.0003	1.8473	0.9853	0.8620	0.5523	0.4803	0.0721	0.0630	0.0585	0.0045	0.4894	0.4218	0.0676	0.3834	0.2112	0.1722	0.0738	0.0672	0.0067	0.3096	0.1440	0.1656	0.3745	0.0007	2.7590	12.4490	0.0009	39.9026	0.3384	0.0006	2.8034	4.8201	4.6680	5.0066	0.0113	0.0075	0.0499	5.9672	6.8426	5.2060
27	64	0.1182	4	1	2	0	0	0	0	0	0	N	Y	N	N	N	N	N	N	N	N	N	N	2.4117	1.3283	4.6414	0.7172	0.0029	143.7229	2.3203	1.3001	4.8434	2.1440	1.0705	9.6163	0.9076	0.0037	12.8181	2.3183	1.2319	9.3775	0.8890	0.8059	2.0719	1.2654	1.2743	0.0892	0.9991	0.9475	1.9362	1.2904	2.7458	1.1941	0.0185	25.8727	17.5893	15.5187	19.0270	4.3222	1.8871	2.4351	0.2261	0.0009	0.2252	4.0961	1.8862	2.2099	0.1770	0.0473	0.1298	0.0338	0.0334	0.0003	0.1433	0.0138	0.1295	2.0159	1.7627	0.2532	0.2491	0.2315	0.0176	1.7668	1.5312	0.2357	0.9719	0.5149	0.4570	0.1227	0.1170	0.0057	0.8492	0.3979	0.4513	11.7699	11.6634	33.8604	3.3004	0.0129	223.6013	13.7388	35.4177	32.6895	0.1822	0.0918	0.2840	0.2750	0.2856	0.0573	0.1687	0.0348	0.2869
27	65	0.1119	3	0	2	0	0	0	0	0	0	N	Y	N	N	N	N	N	N	N	N	N	N	0.8203	2.0114	0.0693	15.3327	20.9534	0.1252	0.4087	2.3154	0.0665	0.8771	0.9666	0.2416	2.7229	2.8585	0.3105	0.5361	0.5834	0.2367	1.0692	0.4806	3.4854	0.1776	0.1364	2.4787	1.3117	0.2520	3.5573	0.0352	24.7442	-0.0514	0.0595	25.8727	1.7566	15.5187	2.8742	0.2029	0.1960	0.0069	0.0982	0.0976	0.0006	0.1047	0.0984	0.0063	0.1787	0.0069	0.1718	0.0073	0.0067	0.0006	0.1714	0.0002	0.1712	0.2314	0.2028	0.0286	0.0361	0.0342	0.0019	0.1953	0.1686	0.0267	0.4062	0.2255	0.1808	0.1529	0.1519	0.0010	0.2533	0.0736	0.1797	1.9939	31.3996	0.2543	57.2760	64.8366	0.5619	0.7922	176.0643	0.2485	0.4399	0.0308	0.9501	0.0475	0.0441	0.5525	0.6768	0.0033	0.9524
27	66	0.2561	6	0	2	0	0	0	0	0	0	N	Y	N	N	N	N	N	N	N	N	N	N	1.5462	0.4098	29726.4523	0.0003	0.0000	6.9783	5824.6222	1161.0451	41800.8881	1.4250	0.5354	8.3825	0.0009	0.0001	0.0142	1.9155	0.7358	9.6290	0.9216	1.3065	0.0003	2.7356	2.8554	0.0020	0.0003	0.0006	0.0002	2.0019	0.0006	1.1398	-0.0936	25.8727	21.1811	15.5187	10.1862	3.0014	0.9998	2.0016	0.0005	0.0000	0.0004	3.0010	0.9998	2.0012	0.1491	0.1490	0.0001	0.1491	0.1490	0.0000	0.0001	0.0000	0.0001	2.1063	1.8675	0.2388	0.5396	0.5086	0.0310	1.5666	1.3588	0.2078	0.6866	0.3711	0.3156	0.0964	0.0874	0.0090	0.5903	0.2837	0.3065	6.5615	1.3331	29726.4523	0.0006	0.0000	6.9783	15755.0125	180984.4108	41800.8881	0.2172	0.4016	0.0003	1.5465	1.7061	0.0020	0.0001	0.0000	0.0002
27	67	0.2423	5	0	2	0	0	0	0	0	0	N	Y	N	N	N	N	N	N	N	N	N	N	0.0936	0.0047	9.1246	0.0000	0.0000	0.7615	0.6055	0.0373	10.0191	0.0028	0.0006	0.0206	0.0000	0.0000	0.0000	0.0037	0.0008	0.0233	0.0300	0.1256	0.0023	0.1411	0.1602	0.0000	0.0062	0.0213	0.0023	4.3906	0.1786	0.0012	-0.0006	25.8727	7.4253	15.5187	0.9851	0.0023	0.0004	0.0018	0.0000	0.0000	0.0000	0.0023	0.0004	0.0018	0.0013	0.0011	0.0002	0.0011	0.0011	0.0000	0.0003	0.0001	0.0002	0.8060	0.7164	0.0896	0.1990	0.1887	0.0103	0.6070	0.5277	0.0793	0.1925	0.1032	0.0893	0.0249	0.0224	0.0025	0.1676	0.0808	0.0868	0.4070	0.0537	9.1246	0.0000	0.0000	0.7615	2.4039	1.0956	10.0191	0.0069	0.0109	0.0023	0.0429	0.0477	0.0000	0.0016	0.0007	0.0023
27	68	0.2649	6	0	1	1	0	0	0	0	0	N	N	N	N	N	N	N	N	N	N	N	N	0.1980	0.2074	0.0703	0.0147	0.0152	0.0005	0.3602	2144.7869	0.0921	0.1140	0.1268	0.0119	0.0100	0.0106	0.0000	0.1587	0.1815	0.0140	0.5758	0.6114	0.1700	0.6771	0.6958	0.0063	0.4407	0.0001	0.1524	0.0118	0.6745	-0.0638	-0.0073	25.8727	15.0354	15.5187	6.2061	0.2316	0.2289	0.0027	0.0061	0.0061	0.0000	0.2255	0.2228	0.0027	0.0325	0.0194	0.0131	0.0195	0.0194	0.0001	0.0130	0.0000	0.0130	2.0313	1.8045	0.2267	0.6107	0.5770	0.0337	1.4206	1.2276	0.1930	0.6425	0.3730	0.2695	0.1562	0.1448	0.0114	0.4863	0.2282	0.2581	2.2568	2.4406	0.2463	0.0801	0.0789	0.0005	5.9368	706721.6125	0.2786	0.0505	0.0520	0.0485	0.1246	0.1339	0.0063	0.0267	0.0000	0.0504
27	69	0.1968	5	0	1	0	0	0	0	0	0	N	N	N	N	N	N	N	N	N	N	N	N	0.4094	1.1039	0.0065	0.0559	0.0616	0.0045	0.4550	41.2711	0.0070	0.5436	0.6116	0.0309	0.0497	0.0531	0.0023	0.7038	0.8066	0.0355	1.3278	0.5540	4.7599	0.8894	0.8614	0.5037	1.5467	0.0195	5.0793	0.0067	45.6295	-0.5123	0.3593	25.8727	27.6811	15.5187	13.1592	1.8266	1.8144	0.0121	0.0409	0.0408	0.0001	1.7857	1.7737	0.0120	1.0261	0.0220	1.0041	0.0235	0.0217	0.0018	1.0026	0.0003	1.0023	3.3601	2.9667	0.3933	0.8228	0.7679	0.0549	2.5373	2.1988	0.3385	0.9793	0.5245	0.4548	0.1395	0.1301	0.0095	0.8397	0.3944	0.4453	0.5188	14.5772	0.0140	0.2945	0.3177	0.0119	0.5895	1176.2466	0.0158	1.0479	0.0420	2.2080	0.1688	0.1671	0.1917	1.1939	0.0007	2.2508
27	70	0.1620	4	0	1	0	0	0	0	0	0	N	N	N	N	N	N	N	N	N	N	N	N	0.4644	0.0287	1.4242	0.1475	0.2095	0.0582	0.5049	0.0037	1.7256	0.4170	0.0206	3.3274	0.0707	0.0682	0.1078	0.5251	0.0045	3.7850	0.8978	0.7194	2.3363	0.4791	0.3254	1.8517	1.0401	1.2222	2.1934	21.9653	4.0865	0.7137	0.0242	25.8727	19.6565	15.5187	4.0504	1.0663	0.0464	1.0198	0.0430	0.0389	0.0041	1.0233	0.0075	1.0157	0.1381	0.0271	0.1109	0.0123	0.0091	0.0032	0.1258	0.0181	0.1077	2.5571	2.2506	0.3065	0.6085	0.5704	0.0381	1.9485	1.6802	0.2684	0.7192	0.3924	0.3269	0.1356	0.1286	0.0070	0.5837	0.2638	0.3198	2.1722	0.2982	9.8048	0.7819	0.9657	0.2382	2.4361	0.0656	11.2352	0.1920	0.0692	0.3394	0.0904	0.0706	0.4526	0.2156	0.0685	0.3369
27	71	0.2455	6	1	2	0	0	0	0	0	0	N	Y	N	N	N	N	N	N	N	N	N	N	4530.6456	3774.1296	0.0000	2965.2453	2996.5602	0.0000	0.7887	inf	0.0000	0.2406	0.2709	0.0000	0.9321	0.9885	0.0000	0.0000	0.0000	0.0000	0.0001	0.0001	0.0000	0.0003	0.0003	0.0002	0.0000	0.0000	0.0000	0.0000	0.3924	-0.1249	-0.0000	25.8727	17.5448	15.5187	6.0013	0.4351	0.4351	0.0000	0.4350	0.4350	0.0000	0.0000	0.0000	0.0000	0.0000	0.0000	0.0000	0.0000	0.0000	0.0000	0.0000	0.0000	0.0000	1.8082	1.6061	0.2020	0.4667	0.4401	0.0266	1.3415	1.1661	0.1754	0.5195	0.2795	0.2400	0.0669	0.0601	0.0068	0.4526	0.2194	0.2332	4530.6456	3820.6329	0.0000	2965.2453	2996.5602	0.0000	1.5435	inf	0.0000	0.0001	0.0001	0.0000	0.0003	0.0003	0.0002	0.0000	0.0000	0.0000
27	72	0.3139	9	1	2	1	0	0	0	0	0	N	Y	N	N	N	N	N	N	N	N	N	N	156.2793	91.8066	0.0000	144.7583	148.2226	7.2262	inf	0.0000	0.0277	0.0311	0.0000	0.0793	0.0835	0.0000	0.0000	0.0000	0.0000	0.0002	0.0003	0.0000	0.0005	0.0006	0.0000	0.0000	0.0000	0.0000	0.0000	0.0005	-0.0017	-0.0000	25.8727	1.8980	15.5187	2.9698	0.0059	0.0059	0.0000	0.0059	0.0059	0.0000	0.0000	0.0000	0.0000	0.0000	0.0000	0.0000	0.0000	0.0000	0.0000	0.0000	0.0000	0.0000	0.2122	0.1888	0.0234	0.0741	0.0704	0.0038	0.1381	0.1184	0.0197	0.1669	0.1052	0.0617	0.0540	0.0525	0.0015	0.1129	0.0527	0.0602	156.2793	110.7668	0.0000	144.7583	148.2226	0.0000	7.2262	inf	0.0000	0.0002	0.0003	0.0000	0.0005	0.0006	0.0000	0.0000	0.0000	0.0000	
27	73	0.2943	8	1	1	1	0	0	0	0	0	N	N	N	N	N	N	N	N	N	N	N	N	0.0178	0.0153	0.0274	0.0021	0.0021	0.0000	0.1964	0.0802	0.0386	0.0104	0.0112	0.0008	0.0020	0.0021	0.0000	0.0165	0.0187	0.0009	0.5822	0.7335	0.0288	0.9773	0.9877	0.0153	0.0841	0.2325	0.0237	0.0062	0.1169	-0.0023	-0.0059	25.8727	3.5853	15.5187	4.3819	0.0081	0.0081	0.0000	0.0007	0.0007	0.0000	0.0075	0.0074	0.0000	0.0113	0.0101	0.0012	0.0099	0.0099	0.0000	0.0014	0.0003	0.0011	0.7848	0.7213	0.0635	0.3324	0.3236	0.0088	0.4524	0.3978	0.0546	0.2209	0.1362	0.0847	0.0510	0.0485	0.0026	0.1699	0.0877	0.0821	0.2026	0.1509	0.0562	0.0106	0.0103	0.0000	1.9769	5.9933	0.0655	0.0512	0.0744	0.0140	0.1940	0.2035	0.0153	0.0084	0.0031	0.0139
27	74	0.2628	7	1	1	1	0	0	0	0	0	N	N	N	N	N	N	N	N	N	N	N	N	13.5195	11.2176	149.5998	12.8200	13.2894	0.1846	26.2080	16.4865	195.7342	2.2534	1.9332	4.9539	1.5798	1.6652	0.0034	2.5417	2.0581	5.7955	0.1667	0.1723	0.0331	0.1232	0.1253	0.0185	0.0970	0.1248	0.0296	0.3039	1.0135	-0.1672	-0.0008	25.8727	12.3589	15.5187	7.3592	3.0924	2.3717	0.7207	0.6497	0.6496	0.0001	2.4427	1.7221	0.7206	0.0064	0.0032	0.0032	0.0029	0.0028	0.0001	0.0035	0.0004	0.0031	1.3723	1.2268	0.1455	0.4112	0.3901	0.0211	0.9611	0.8367	0.1243	0.4594	0.2563	0.2031	0.0717	0.0659	0.0058	0.3877	0.1904	0.1973	161.6836	155.8140	312.1885	39.0634	39.2994	0.1846	281.2504	1009.7464	367.0023	0.0139	0.0124	0.0159	0.0404	0.0424	0.0185	0.0090	0.0020	0.0158
27	75	0.2455	6	1	1	1	0	0	0	0	0	N	N	N	N	N	N	N	N	N	N	N	N	9.1440	1.0348	2552.1999	2.9566	2.7650	124.7474	89.5874	0.0282	2989.0214	1.2091	0.3623	8.0428	1.1545	1.2215	0.0254	1.2301	0.0046	9.3560	0.1322	0.3501	0.0032	0.3905	0.4417	0.0002	0.0137	0.1643	0.0031	2.7508	0.1265	0.6011	-0.0017	25.8727	10.2127	15.5187	1.0234	1.3470	0.3591	0.9879	0.3563	0.3559	0.0004	0.9907	0.0032	0.9874	0.0032	0.0028	0.0004	0.0026	0.0026	0.0000	0.0006	0.0003	0.0004	1.1140	0.9912	0.1228	0.3086	0.2914	0.0173	0.8054	0.6998	0.1055	0.2551	0.1372	0.1179	0.0332	0.0298	0.0034	0.2219	0.1073	0.1145	96.4403	17.5100	2639.8402	14.8255	14.1023	124.7474	445.8928	1.9632	2989.0214	0.0125	0.0207	0.0030	0.0779	0.0866	0.0002	0.0028	0.0024	0.0031
27	76	0.2423	5	1	1	0	0	0	0	0	0	N	N	N	N	N	N	N	N	N	N	N	N	1.7993	0.1670	31.3822	0.8964	0.8441	1.7650	1.2053	0.0000	34.3441	0.0015	0.0002	0.0123	0.0006	0.0007	0.0000	0.0018	0.0000	0.0139	0.0008	0.0011	0.0004	0.0007	0.0008	0.0000	0.0015	0.0152	0.0004	7.9999	0.5655	0.0004	-0.0000	25.8727	3.7027	15.5187	0.0091	0.0006	0.0001	0.0006	0.0001	0.0001	0.0000	0.0006	0.0000	0.0006	0.0000	0.0000	0.0000	0.0000	0.0000	0.0000	0.0000	0.0000	0.0000	0.4353	0.3887	0.0467	0.1152	0.1100	0.0052	0.3202	0.2787	0.0415	0.0859	0.0461	0.0398	0.0112	0.0100	0.0011	0.0747	0.0360	0.0387	2.9466	0.3078	31.3822	0.8964	0.8441	1.7650	3.7767	0.0000	34.3441	0.0005	0.0006	0.0004	0.0007	0.0008	0.0000	0.0005	0.0006	0.0004
27	77	0.2253	4	0	1	0	0	0	0	0	0	N	N	N	N	N	N	N	N	N	N	N	N	0.0012	0.0032	0.0000	0.0117	0.0146	0.0000	0.0000	0.0021	0.0001	0.0012	0.0013	0.0002	0.0032	0.0034	0.0000	0.0000	0.0000	0.0002	1.0041	0.4216	3.2386	0.2717	0.2332	0.3465	1.2144	0.0006	3.2586	0.0139	20.9651	-0.0002	0.0366	25.8727	3.8334	15.5187	6.1787	0.0007	0.0006	0.0000	0.0006	0.0006	0.0000	0.0000	0.0000	0.0000	0.1123	0.0051	0.1072	0.0056	0.0051	0.0005	0.1067	0.0000	0.1067	0.5381	0.4820	0.0561	0.2018	0.1886	0.0131	0.3363	0.2933	0.0430	0.3508	0.2000	0.1508	0.0915	0.0882	0.0033	0.2593	0.1118	0.1475	0.0038	0.0521	0.0002	0.0520	0.0586	0.0001	0.0001	0.3420	0.0003	0.3201	0.0256	0.7109	0.0611	0.0580	0.1473	0.4115	0.0000	0.7234
27	78	0.1862	3	0	1	0	0	0	0	0	0	N	N	N	N	N	N	N	N	N	N	N	N	0.0042	0.0006	0.1005	0.0007	0.0006	1.3025	0.0076	0.0019	0.1296	0.0032	0.0006	0.0245	0.0009	0.0008	0.0035	0.0039	0.0005	0.0266	0.7757	0.9744	0.2434	1.4336	1.4777	0.0027	0.5137	0.2488	0.2050	5.4583	0.2842	0.0036	-0.0329	25.8727	16.9094	15.5187	5.8161	0.0064	0.0010	0.0054	0.0004	0.0004	0.0001	0.0060	0.0006	0.0054	0.0808	0.0629	0.0179	0.0621	0.0621	0.0000	0.0187	0.0009	0.0179	1.9918	1.7701	0.2217	0.4529	0.4327	0.0203	1.5389	1.3374	0.2015	0.7498	0.4410	0.3089	0.1854	0.1738	0.0117	0.5644	0.2672	0.2972	0.0299	0.0039	0.4223	0.0028	0.0023	1.3025	0.1172	0.1444	0.4421	0.1078	0.1427	0.0579	0.3348	0.3571	0.0027	0.0332	0.0033	0.0601
27	79	0.1119	3	0	2	0	0	0	0	0	0	N	Y	N	N	N	N	N	N	N	N	N	N	0.3853	0.3121	0.1640	0.0014	0.0015	0.0084	476.7881	2629.4691	0.1857	0.3506	0.4025	0.0001	0.0037	0.0040	0.0000	0.3865	0.4460	0.0001	0.9100	1.2898	0.0006	2.6425	2.6432	0.0050	0.0008	0.0002	0.0005	0.0000	0.0013	-0.2556	-0.1586	25.8727	23.9173	15.5187	17.8091	0.8902	0.8902	0.0000	0.0009	0.0009	0.0000	0.8894	0.8893	0.0000	0.2529	0.2526	0.0003	0.2526	0.2526	0.0000	0.0003	0.0000	0.0003	2.5389	2.2115	0.3273	0.2379	0.2176	0.0203	2.3009	1.9939	0.3070	1.2340	0.6551	0.5789	0.1977	0.1915	0.0061	1.0363	0.4636	0.5728	1.7109	1.0440	0.1640	0.0029	0.0030	0.0084	1365.4431	804497.5980	0.1857	0.2049	0.3856	0.0006	1.2779	1.3186	0.0050	0.0003	0.0000	0.0005
27	80	0.0958	2	0	2	0	0	0	0	0	0	N	Y	N	N	N	N	N	N	N	N	N	N	0.2252	0.2035	0.0435	0.3136	0.3506	0.0112	0.1700	4.7418	0.0457	0.2430	0.2604	0.1297	0.6634	0.7305	0.0436	0.1981	0.2079	0.1362	1.0792	1.2795	2.9809	2.1159	2.0833	3.8748	1.1652	0.0438	2.9839	0.0762	1.3015	-0.0354	-0.0146	25.8727	6.1279	15.5187	3.6878	0.1635	0.1520	0.0116	0.0431	0.0428	0.0003	0.1204	0.1091	0.0113	0.2317	0.1007	0.1310	0.1018	0.1005	0.0012	0.1300	0.0002	0.1298	0.6729	0.5836	0.0893	0.0650	0.0586	0.0063	0.6079	0.5250	0.0830	0.4996	0.2712	0.2285	0.1425	0.1407	0.0018	0.3571	0.1305	0.2267	0.5239	0.7012	0.2260	0.9287	1.0222	0.0625	0.5444	177.9830	0.2379	0.4638	0.3714	0.5736	0.7144	0.7146	0.6972	0.3639	0.0012	0.5727
27	81	0.1839	6	1	1	1	0	0	0	0	0	N	N	N	N	N	N	N	N	N	N	N	N	2.3232	0.7672	195216.9819	0.0002	0.0001	5.8029	209850.1709	10704.4032	410891.5821	0.7338	0.4067	3.1011	0.0001	0.0000	0.0015	0.9293	0.5232	3.5280	0.3159	0.5301	0.0000	0.7452	0.7789	0.0003	0.0000	0.0000	0.0000	1.0537	0.0003	0.4638	-0.0122	25.8727	27.2690	15.5187	12.3406	2.0526	0.9995	1.0531	0.0001	0.0000	0.0001	2.0525	0.9995	1.0531	0.0195	0.0195	0.0000	0.0195	0.0195	0.0000	0.0000	0.0000	0.0000	2.7971	2.4575	0.3396	0.5885	0.5474	0.0411	2.2086	1.9101	0.2985	0.9169	0.5107	0.4062	0.1406	0.1290	0.0116	0.7763	0.3817	0.3946	34.5128	10.6573	195216.9819	0.0011	0.0003	5.8029	209850.1709	4018565.7677	410891.5821	0.0213	0.0382	0.0000	0.1386	0.1511	0.0003	0.0000	0.0000	0.0000
27	82	0.1686	5	0	1	0	0	0	0	0	0	N	N	N	N	N	N	N	N	N	N	N	N	7.7674	11.1553	42.4050	37.0360	33.6701	13.8134	3.0869	0.0023	57.4427	0.0884	0.0503	0.3922	0.1690	0.1791	0.0006	0.0595	0.0001	0.4524	0.0114	0.0045	0.0092	0.0046	0.0053	0.0000	0.0193	0.0265	0.0079	0.9783	2.9569	0.0208	0.0001	25.8727	9.0798	15.5187	0.9519	0.1003	0.0507	0.0496	0.0507	0.0506	0.0000	0.0496	0.0000	0.0496	0.0009	0.0002	0.0006	0.0001	0.0001	0.0000	0.0007	0.0001	0.0006	1.1340	1.0075	0.1265	0.2997	0.2828	0.0169	0.8342	0.7246	0.1096	0.2402	0.1317	0.1085	0.0323	0.0291	0.0032	0.2080	0.1026	0.1054	24.6498	30.4244	66.0695	41.8525	40.0514	13.8134	16.9105	0.0728	74.0252	0.0036	0.0017	0.0059	0.0040	0.0045	0.0000	0.0035	0.0009	0.0061
27	83	0.0958	2	0	2	0	0	0	0	0	0	N	Y	N	N	N	N	N	N	N	N	N	N	0.9936	0.0043	2.9276	0.0019	0.0004	0.0897	0.9418	0.0028	3.3370	0.9077	0.0034	6.9419	0.0009	0.0002	0.0077	1.0009	0.0037	7.4426	0.9135	0.7837	2.3712	0.4722	0.4593	0.0862	1.0627	1.3241	2.2303	306.6641	3.4993	1.4235	0.0342	25.8727	21.0000	15.5187	14.4214	2.0060	0.0065	1.9994	0.0002	0.0000	0.0002	2.0058	0.0065	1.9993	0.2291	0.0509	0.1781	0.0159	0.0156	0.0003	0.2132	0.0354	0.1778	2.2100	1.9220	0.2880	0.2060	0.1866	0.0194	2.0040	1.7354	0.2686	1.0902	0.5768	0.5134	0.1786	0.1730	0.0056	0.9116	0.4038	0.5078	4.3198	0.0384	20.0053	0.0100	0.0020	0.1362	4.2796	0.0427	21.2514	0.2101	0.0883	0.3470	0.0889	0.0899	0.0568	0.2339	0.0876	0.3502
27	84	0.1058	4	0	1	1	0	0	0	0	0	N	N	N	N	N	N	N	N	N	N	N	N	0.3440	0.7908	0.3290	1.7319	0.0021	23.7128	0.2420	30196.8263	0.1219	0.8688	0.5117	3.3071	2.2671	0.0027	30.5783	0.6882	0.5820	1.3705	2.5257	0.6470	10.0531	1.3090	1.2584	1.2895	2.8437	0.0000	11.2468	0.9465	83.0306	0.3973	0.7604	25.8727	20.4085	15.5187	11.0867	1.9952	1.0250	0.9702	0.5955	0.0007	0.5948	1.3998	1.0244	0.3754	2.1136	0.0252	2.0885	0.0294	0.0252	0.0042	2.0842	0.0000	2.0842	2.2966	2.0033	0.2934	0.2627	0.2432	0.0195	2.0340	1.7601	0.2739	0.8368	0.4431	0.3937	0.1039	0.0916	0.0123	0.7329	0.3515	0.3814	0.3440	9.0135	0.6235	8.0132	0.0098	88.8652	0.2420	11058596.0424	0.2508	2.5257	0.0568	5.3041	0.2829	0.2747	0.3441	2.8437	0.0000	5.4646
27	85	0.1020	3	0	1	1	0	0	0	0	0	N	N	N	N	N	N	N	N	N	N	N	N	3.8436	4.5546	2.6335	1.9240	1.7849	106.4204	4.9450	1228.9615	2.0582	2.4830	2.8091	1.1128	1.7595	1.6923	2.1281	2.8748	3.4588	0.7143	0.6460	0.6168	0.4226	0.9145	0.9481	0.0200	0.5813	0.0028	0.3470	0.0943	1.1876	-0.3518	-0.0008	25.8727	3.1287	15.5187	1.1816	1.7506	1.5998	0.1508	0.4358	0.3545	0.0813	1.3149	1.2453	0.0695	0.0088	0.0040	0.0048	0.0041	0.0040	0.0000	0.0047	0.0000	0.0047	0.7050	0.5695	0.1355	0.2477	0.2095	0.0382	0.4574	0.3601	0.0973	0.1385	0.0767	0.0617	0.0229	0.0212	0.0017	0.1155	0.0555	0.0600	39.0659	53.5739	14.3801	9.9524	8.9191	106.4204	69.9637	42732.0042	9.0348	0.0636	0.0524	0.0774	0.1768	0.1897	0.0200	0.0411	0.0001	0.0791
27	86	0.0951	2	0	1	0	0	0	0	0	0	N	N	N	N	N	N	N	N	N	N	N	N	1.6684	1.4434	8.9404	0.6389	0.5247	90.9332	4.1668	9.3717	7.6930	0.9542	1.0214	0.6661	0.6769	0.5668	1.2147	1.0638	1.2070	0.4789	0.5719	0.7076	0.0745	1.0595	1.0802	0.0134	0.2553	0.1288	0.0623	0.1521	0.3590	-0.1092	-0.0038	25.8727	4.0532	15.5187	2.2470	0.7036	0.6108	0.0929	0.1414	0.0983	0.0431	0.5623	0.5125	0.0498	0.0105	0.0077	0.0028	0.0076	0.0076	0.0000	0.0029	0.0002	0.0027	0.7374	0.5980	0.1395	0.2089	0.1734	0.0355	0.5285	0.4246	0.1040	0.2098	0.1160	0.0938	0.0353	0.0329	0.0024	0.1744	0.0831	0.0914	19.0443	15.3148	22.5061	3.1501	2.4661	90.9332	63.6446	583.4492	15.9480	0.0501	0.0667	0.0296	0.2149	0.2298	0.0134	0.0167	0.0021	0.0300
27	89	0.1636	4	0	2	0	0	0	0	0	0	N	Y	N	N	N	N	N	N	N	N	N	N	1.2307	0.9885	2.2220	0.0459	0.0095	23.7962	1.4277	1047.5404	2.7873	1.0488	0.5881	4.3814	0.0409	0.0086	0.3849	1.3612	0.7775	5.1826	0.8521	0.5950	1.9718	0.8902	0.9059	0.0162	0.9535	0.0007	1.8593	1.0297	4.5515	0.4437	0.0160	25.8727	15.4622	15.5187	5.2688	2.0150	0.9928	1.0222	0.0186	0.0036	0.0150	1.9964	0.9892	1.0072	0.0835	0.0150	0.0685	0.0151	0.0150	0.0001	0.0684	0.0000	0.0684	1.9213	1.6880	0.2333	0.4547	0.4158	0.0390	1.4666	1.2723	0.1943	0.5679	0.3146	0.2533	0.0896	0.0843	0.0053	0.4783	0.2303	0.2480	7.1318	12.2990	16.2106	0.2422	0.0485	23.7962	9.5206	147718.5392	18.7955	0.1471	0.0478	0.2703	0.1688	0.1784	0.0162	0.1430	0.0000	0.2757
27	90	0.1518	3	0	1	0	0	0	0	0	0	N	N	N	N	N	N	N	N	N	N	N	N	0.0532	0.0387	0.0387	0.0416	0.0350	14.0213	0.0351	1.4560	0.0261	0.0583	0.0504	0.1193	0.1038	0.0887	0.2983	0.0403	0.0343	0.0804	1.0941	1.3015	3.0813	2.4914	2.5349	0.0213	1.1488	0.0235	3.0789	0.3050	1.1563	-0.0034	-0.0136	25.8727	7.5917	15.5187	1.5198	0.0640	0.0490	0.0150	0.0322	0.0256	0.0067	0.0318	0.0235	0.0083	0.1476	0.0685	0.0792	0.0685	0.0684	0.0001	0.0791	0.0001	0.0791	1.0983	0.9729	0.1254	0.3105	0.2882	0.0224	0.7878	0.6848	0.1030	0.2979	0.1708	0.1272	0.0627	0.0577	0.0051	0.2352	0.1131	0.1221	0.1176	0.1257	0.1916	0.0950	0.0748	14.0213	0.1198	43.6158	0.1242	0.4955	0.4009	0.6225	1.0918	1.1856	0.0213	0.3365	0.0008	0.6474
27	91	0.2611	7	1	1	1	0	0	0	0	0	N	N	N	N	N	N	N	N	N	N	N	N	inf	inf	inf	inf	inf	inf	0.0264	0.0000	0.2190	0.0004	0.0000	0.0052	0.0351	0.0000	0.2563	0.0000	0.0000	0.0000	0.0000	0.0000	0.0000	0.0000	0.0000	0.0000	inf	0.0061	0.0000	25.8727	3.0317	15.5187	0.1644	0.0085	0.0000	0.0085	0.0000	0.0000	0.0000	0.0085	0.0000	0.0085	0.0000	0.0000	0.0000	0.0000	0.0000	0.0000	0.0000	0.0000	0.0000	0.3235	0.2846	0.0389	0.0813	0.0755	0.0058	0.2422	0.2090	0.0331	0.0723	0.0404	0.0319	0.0113	0.0101	0.0012	0.0610	0.0303	0.0307	inf	0.0000	inf	inf	0.0000	inf	inf	0.0000	inf	0.0000	0.0000	0.0000	0.0000	0.0000	0.0000	0.0000	0.0000	0.0000				
27	92	0.2553	6	1	1	1	0	0	0	0	0	N	N	N	N	N	N	N	N	N	N	N	N	10800.7252	0.7194	25728319.8380	0.5023	0.4000	236.7545	12635704.8185	inf	48412064.0703	2.4542	0.0004	24.3783	0.0007	0.0006	0.0019	4.2656	0.0002	32.5787	0.0002	0.0005	0.0000	0.0013	0.0014	0.0000	0.0000	0.0000	0.0000	6909.5269	0.0018	0.7012	-0.0000	25.8727	2.6632	15.5187	1.0147	0.9839	0.0001	0.9837	0.0001	0.0001	0.0000	0.9838	0.0000	0.9837	0.0000	0.0000	0.0000	0.0000	0.0000	0.0000	0.0000	0.0000	0.0000	0.4009	0.3605	0.0404	0.1703	0.1601	0.0102	0.2306	0.2004	0.0302	0.0878	0.0501	0.0378	0.0150	0.0136	0.0014	0.0729	0.0365	0.0364	10940.9941	1.0051	25728319.8380	0.5023	0.4000	236.7545	12635704.8185	inf	48412064.0703	0.0002	0.0004	0.0000	0.0013	0.0014	0.0000	0.0000	0.0000	0.0000
27	93	0.1720	5	1	1	1	0	0	0	0	0	N	N	N	N	N	N	N	N	N	N	N	N	195.6502	103.7080	67.3341	210.9037	197.3276	0.0177	80.3093	382.0757	80.1529	0.3508	0.3945	0.0164	1.5108	1.6035	0.0000	0.0261	0.0273	0.0184	0.0018	0.0038	0.0002	0.0072	0.0081	0.0007	0.0003	0.0001	0.0002	0.0054	0.1390	-0.3808	-0.0005	25.8727	35.0787	15.5187	12.2568	1.3517	1.3444	0.0073	1.2731	1.2731	0.0000	0.0786	0.0713	0.0073	0.0010	0.0008	0.0001	0.0008	0.0008	0.0000	0.0001	0.0000	0.0001	3.8537	3.4083	0.4454	0.8427	0.7940	0.0487	3.0110	2.6143	0.3967	1.0632	0.5850	0.4782	0.1569	0.1414	0.0155	0.9063	0.4436	0.4627	390.1118	274.9188	67.3341	279.0410	270.0845	0.0177	222.0519	133438.2822	80.1529	0.0009	0.0014	0.0002	0.0054	0.0059	0.0007	0.0001	0.0000	0.0002
27	94	0.1585	4	1	1	0	0	0	0	0	0	N	N	N	N	N	N	N	N	N	N	N	N	19.5081	7.7634	230.1007	68.6818	61.3799	420.4672	8.1298	0.0313	303.2156	0.4785	0.2745	2.2183	0.8856	0.9068	0.3671	0.3256	0.0122	2.4291	0.0245	0.0354	0.0096	0.0129	0.0148	0.0009	0.0400	0.3900	0.0080	0.9476	0.7730	0.1199	-0.0003	25.8727	8.4810	15.5187	2.3446	0.6014	0.3088	0.2926	0.3040	0.2991	0.0050	0.2974	0.0097	0.2876	0.0017	0.0010	0.0007	0.0003	0.0003	0.0000	0.0013	0.0006	0.0007	1.2567	1.1248	0.1319	0.3433	0.3298	0.0135	0.9134	0.7950	0.1184	0.2717	0.1507	0.1210	0.0400	0.0364	0.0036	0.2318	0.1144	0.1174	77.0828	43.4959	364.9024	103.7096	97.5439	420.4672	56.0710	2.2797	389.3741	0.0062	0.0063	0.0061	0.0085	0.0093	0.0009	0.0058	0.0054	0.0062
27	95	0.0958	2	0	2	0	1	0	0	0	0	N	Y	N	N	N	N	N	N	N	N	N	N	0.2254	0.1974	0.0000	0.3213	0.3517	0.0000	0.1970	0.1546	0.0000	0.5502	0.6323	0.0000	0.8495	0.9371	0.0000	0.5196	0.5997	0.0000	2.4412	3.2037	4.2007	2.6438	2.6645	0.0000	2.6378	3.8782	4.3654	0.0000	0.4443	-0.3958	-1.0390	25.8727	24.0032	15.5187	22.6134	1.3784	1.3784	0.0000	0.1972	0.1972	0.0000	1.1812	1.1812	0.0000	3.2394	2.2429	0.9964	0.2471	0.2471	0.0000	2.9923	1.9958	0.9964	2.5054	2.1801	0.3254	0.2321	0.2104	0.0217	2.2733	1.9696	0.3037	1.3270	0.7001	0.6269	0.1926	0.1855	0.0071	1.1344	0.5146	0.6198	0.2254	0.1974	0.0000	0.6621	0.7034	0.0000	0.1970	0.1546	0.0000	2.4412	3.2037	1.5895	1.2831	1.3323	0.0000	2.6378	3.8782	1.6078
27	96	0.5132	6	0	2	0	0	0	0	0	0	N	Y	N	N	N	N	N	N	N	N	N	N	2.3898	0.8302	41674.3115	0.5791	0.5772	90.0691	10395.4942	7402.9924	79664.9277	1.7649	0.8233	9.6690	0.6965	0.7297	0.1336	2.2824	0.8726	11.6282	0.7385	0.9917	0.0002	1.2029	1.2642	0.0015	0.0002	0.0001	0.0001	1.3990	0.0010	1.0227	-0.0499	25.8727	18.5150	15.5187	10.2301	3.4549	1.4402	2.0147	0.4449	0.4402	0.0047	3.0099	1.0000	2.0100	0.0796	0.0795	0.0001	0.0796	0.0795	0.0000	0.0000	0.0000	0.0000	1.9575	1.7492	0.2084	0.6388	0.6033	0.0355	1.3187	1.1459	0.1729	0.8623	0.5203	0.3420	0.3076	0.2856	0.0220	0.5547	0.2347	0.3200	19.1182	5.3868	41674.3115	2.6932	2.6205	90.0691	27054.0837	2290937.5035	79664.9277	0.0923	0.1528	0.0002	0.2586	0.2785	0.0015	0.0001	0.0000	0.0001
27	97	0.1249	3	0	2	0	0	0	0	0	0	N	Y	N	N	N	N	N	N	N	N	N	N	0.9293	1.9830	0.8573	2.9023	3.2204	0.0291	0.7361	7246.4681	0.8947	1.0764	0.7405	3.4319	1.9266	2.0892	0.0047	0.9708	0.5628	3.6861	1.1583	0.3734	4.0033	0.6638	0.6487	0.1628	1.3188	0.0001	4.1201	0.6609	51.9763	0.5497	0.3657	25.8727	46.1140	15.5187	26.4917	4.9612	2.9870	1.9742	0.9813	0.9811	0.0002	3.9800	2.0059	1.9740	1.0368	0.0196	1.0172	0.0208	0.0196	0.0012	1.0160	0.0000	1.0160	4.6091	4.0338	0.5753	0.5093	0.4696	0.0397	4.0997	3.5642	0.5355	1.6163	0.8789	0.7374	0.1707	0.1567	0.0140	1.4457	0.7222	0.7234	1.6781	33.2564	2.4879	15.8096	16.7270	0.0539	1.3814	2379846.6497	2.6247	0.6414	0.0223	1.3794	0.1219	0.1249	0.0879	0.7028	0.0000	1.4044
27	98	0.5661	8	0	2	0	0	0	0	0	0	N	Y	N	N	N	N	N	N	N	N	N	N	62.3821	561.9497	0.0000	0.0604	0.6946	0.0000	2983.5154	3255.1462	0.0000	0.5319	0.5951	0.0000	0.0010	0.0010	0.0000	0.7540	0.8660	0.0000	0.0085	0.0011	0.0115	0.0158	0.0014	0.1043	0.0003	0.0003	0.0002	0.0000	7.0680	-0.2873	0.0004	25.8727	20.7840	15.5187	8.9470	1.0004	1.0004	0.0000	0.0005	0.0005	0.0000	0.9999	0.9999	0.0000	0.0017	0.0002	0.0015	0.0017	0.0002	0.0015	0.0000	0.0000	0.0000	1.8810	1.6812	0.1998	0.5549	0.5266	0.0283	1.3261	1.1546	0.1715	0.5800	0.3640	0.2160	0.1697	0.1471	0.0226	0.4104	0.2169	0.1934	179.3391	1015.9625	0.0000	0.0964	0.6946	0.0000	7690.1864	916960.3044	0.0000	0.0030	0.0006	0.0070	0.0099	0.0014	0.0650	0.0001	0.0000	0.0002
27	99	0.5612	7	0	1	0	0	0	0	0	0	N	N	N	N	N	N	N	N	N	N	N	N	0.0017	0.0014	0.0001	0.0001	0.0001	0.0000	0.0196	0.0047	0.0002	0.0007	0.0008	0.0000	0.0000	0.0000	0.0000	0.0018	0.0021	0.0000	0.4253	0.5784	0.0216	0.3319	0.3265	0.0504	0.0919	0.4485	0.0150	0.0002	0.1799	-0.0002	-0.0021	25.8727	2.7834	15.5187	1.0450	0.0006	0.0006	0.0000	0.0000	0.0000	0.0000	0.0005	0.0005	0.0000	0.0045	0.0038	0.0007	0.0037	0.0036	0.0001	0.0008	0.0002	0.0006	0.7786	0.7001	0.0786	0.4730	0.4379	0.0350	0.3057	0.2621	0.0436	0.1465	0.0852	0.0613	0.0533	0.0507	0.0026	0.0932	0.0346	0.0586	0.0234	0.0178	0.0001	0.0003	0.0003	0.0000	0.2066	0.3211	0.0002	0.0308	0.0449	0.0112	0.0695	0.0711	0.0389	0.0087	0.0065	0.0100
27	100	0.5512	6	0	1	0	0	0	0	0	0	N	N	N	N	N	N	N	N	N	N	N	N	0.0120	0.0103	0.0988	0.0196	0.0156	0.5850	0.0160	0.0200	0.0083	0.0060	0.0057	0.0090	0.0064	0.0051	0.0254	0.0055	0.0063	0.0006	0.4999	0.5498	0.0914	0.3270	0.3272	0.0434	0.3455	0.3132	0.0760	0.1740	0.5077	-0.0012	-0.0040	25.8727	7.6044	15.5187	2.7972	0.0086	0.0073	0.0013	0.0047	0.0035	0.0012	0.0038	0.0038	0.0001	0.0136	0.0090	0.0046	0.0089	0.0086	0.0003	0.0047	0.0004	0.0042	1.4320	1.2914	0.1406	0.7367	0.6891	0.0477	0.6953	0.6023	0.0930	0.3517	0.2181	0.1336	0.1300	0.1208	0.0092	0.2217	0.0972	0.1244	0.1550	0.1369	0.2640	0.0936	0.0718	0.7204	0.2628	1.4900	0.0184	0.0386	0.0413	0.0342	0.0686	0.0711	0.0353	0.0210	0.0042	0.0341
27	101	0.5016	5	0	1	0	0	0	0	0	0	N	N	N	N	N	N	N	N	N	N	N	N	0.3162	0.0053	0.6787	0.9768	0.0054	2555.7178	0.0025	0.0052	0.0015	0.5035	0.0057	4.7020	1.5353	0.0087	28.2271	0.0051	0.0041	0.0115	1.5925	1.0748	6.9276	1.5718	1.6035	0.0110	2.0678	0.8009	7.8147	97.5966	11.2658	0.7093	0.3164	25.8727	18.4780	15.5187	12.4520	1.0094	0.0102	0.9991	1.0025	0.0054	0.9971	0.0069	0.0049	0.0020	1.0906	0.0889	1.0017	0.0840	0.0838	0.0002	1.0065	0.0051	1.0014	2.0046	1.7921	0.2125	0.6529	0.6176	0.0353	1.3516	1.1745	0.1772	0.7180	0.4423	0.2757	0.2233	0.2011	0.0222	0.4947	0.2412	0.2535	0.3315	0.0284	1.2942	4.0789	0.0209	2555.7178	0.0025	0.1947	0.0029	1.5190	0.2010	3.6332	0.3764	0.4167	0.0110	2.0346	0.0212	3.9504
27	102	0.2098	5	0	2	0	0	0	0	0	0	N	Y	N	N	N	N	N	N	N	N	N	N	0.2802	0.0009	8.5374	0.0818	0.0017	0.9171	0.6651	0.0001	20.6304	0.1946	0.0007	1.7368	0.1088	0.0021	1.8901	0.2307	0.0001	1.7097	0.6944	0.8179	0.2034	1.3308	1.2459	2.0608	0.3469	0.4803	0.0829	305.1781	0.3922	0.6766	-0.0404	25.8727	34.1922	15.5187	22.4626	0.9535	0.0031	0.9504	0.1581	0.0029	0.1552	0.7953	0.0002	0.7952	0.1165	0.0837	0.0328	0.0910	0.0795	0.0116	0.0255	0.0042	0.0213	4.8998	4.3526	0.5472	1.4528	1.3707	0.0821	3.4470	2.9819	0.4651	1.5183	0.8913	0.6270	0.3154	0.2920	0.0234	1.2029	0.5993	0.6036	2.5366	0.0076	33.1888	0.3772	0.0079	3.8246	10.9054	0.0084	48.5573	0.0767	0.0939	0.0523	0.2886	0.2721	0.4942	0.0212	0.0070	0.0352
27	103	0.1620	4	0	2	0	0	0	0	0	0	N	Y	N	N	N	N	N	N	N	N	N	N	0.1580	0.0100	0.6418	0.0448	0.0134	1.0314	0.1790	0.0029	0.6723	0.1833	0.0153	1.4137	0.1619	0.0488	1.8277	0.1896	0.0046	1.3572	1.1598	1.5316	2.2029	3.6098	3.6519	1.7722	1.0592	1.5901	2.0187	12.6402	0.2747	0.3330	-0.2512	25.8727	22.5884	15.5187	11.0115	0.5206	0.0382	0.4825	0.1045	0.0295	0.0750	0.4161	0.0087	0.4075	0.6084	0.4773	0.1311	0.4272	0.4232	0.0039	0.1812	0.0540	0.1272	2.8405	2.4993	0.3413	0.6455	0.6044	0.0410	2.1951	1.8949	0.3002	0.9326	0.5045	0.4281	0.1544	0.1456	0.0088	0.7782	0.3589	0.4193	0.2810	0.0161	4.6161	0.0585	0.0168	4.1028	0.8141	0.0304	4.4739	0.6524	0.9461	0.3063	2.7667	2.9067	0.4455	0.2329	0.1505	0.3033
27	104	0.1319	3	0	1	0	0	0	0	0	0	N	N	N	N	N	N	N	N	N	N	N	N	0.0181	0.0033	0.0338	0.0297	0.0096	19.1992	0.0142	0.0003	0.0292	0.0296	0.0029	0.2214	0.0355	0.0119	0.3712	0.0280	0.0004	0.2024	1.6344	0.8834	6.5463	1.1962	1.2405	0.0193	1.9801	1.0825	6.9305	10.4683	25.7747	0.0277	0.3284	25.8727	11.8100	15.5187	8.7888	0.0442	0.0039	0.0404	0.0111	0.0035	0.0076	0.0331	0.0004	0.0328	0.9823	0.0367	0.9456	0.0249	0.0248	0.0001	0.9573	0.0118	0.9455	1.4952	1.3128	0.1824	0.3130	0.2924	0.0206	1.1822	1.0203	0.1619	0.6092	0.3272	0.2821	0.0976	0.0933	0.0042	0.5117	0.2338	0.2778	0.0184	0.0262	0.0660	0.1388	0.0446	19.1992	0.0150	0.0075	0.0595	1.6123	0.1121	3.3525	0.2555	0.2662	0.0193	1.8710	0.0506	3.4032
27	105	0.0958	2	0	1	0	0	0	0	0	0	N	N	N	N	N	N	N	N	N	N	N	N	0.6819	1.4552	0.0061	0.1811	0.1915	0.5338	0.6361	231.4832	0.0045	0.6430	0.7377	0.0166	0.0885	0.0898	0.0761	0.7008	0.8084	0.0122	0.9430	0.5069	2.7337	0.4887	0.4688	0.1426	1.1018	0.0035	2.7116	0.0034	11.9668	-0.2880	0.0551	25.8727	14.7392	15.5187	7.3617	1.0149	1.0115	0.0034	0.0132	0.0121	0.0011	1.0017	0.9994	0.0023	0.1869	0.0144	0.1725	0.0147	0.0144	0.0003	0.1722	0.0000	0.1722	1.5783	1.3711	0.2072	0.1490	0.1348	0.0142	1.4293	1.2363	0.1930	0.7918	0.4220	0.3698	0.1605	0.1569	0.0037	0.6312	0.2652	0.3661	2.7237	21.5957	0.0355	0.9671	0.9789	0.9356	2.5685	7417.0558	0.0258	0.2361	0.0342	0.4665	0.0915	0.0917	0.0813	0.2729	0.0001	0.4704
27	106	0.1686	5	0	2	0	0	0	0	0	0	N	Y	N	N	N	N	N	N	N	N	N	N	25.5746	6.5641	257213.0685	12.3079	11.6318	47.7720	436150.0897	14914.7985	380461.5374	0.3651	0.3867	0.2016	1.1526	1.2305	0.0003	0.1369	0.1228	0.2295	0.0143	0.0589	0.0000	0.0936	0.1058	0.0000	0.0000	0.0000	0.0000	0.0690	0.0001	-0.1806	-0.0017	25.8727	20.0414	15.5187	7.0324	0.8116	0.7592	0.0524	0.5755	0.5755	0.0000	0.2361	0.1837	0.0524	0.0027	0.0027	0.0000	0.0027	0.0027	0.0000	0.0000	0.0000	0.0000	2.2231	1.9632	0.2599	0.4993	0.4677	0.0316	1.7238	1.4955	0.2283	0.6168	0.3366	0.2801	0.0782	0.0703	0.0079	0.5385	0.2663	0.2722	83.6305	48.3549	257213.0685	33.4980	32.1380	47.7720	436150.0897	6675690.6511	380461.5374	0.0044	0.0080	0.0000	0.0344	0.0383	0.0000	0.0000	0.0000	0.0000
27	107	0.1585	4	0	1	0	0	0	0	0	0	N	N	N	N	N	N	N	N	N	N	N	N	4.3999	50.0220	57.7559	59.7550	50.6829	3785.6421	3.4906	26.2269	71.9882	0.7317	0.3657	3.9618	0.6363	0.6338	0.7015	0.7707	0.2445	4.3327	0.1663	0.0073	0.0686	0.0106	0.0125	0.0002	0.2208	0.0093	0.0602	1.2280	9.7425	0.2146	0.0008	25.8727	7.0315	15.5187	1.2144	0.8127	0.3648	0.4479	0.2048	0.1967	0.0081	0.6078	0.1680	0.4398	0.0029	0.0003	0.0027	0.0002	0.0002	0.0000	0.0027	0.0000	0.0027	1.1106	0.9976	0.1131	0.3219	0.3104	0.0115	0.7887	0.6872	0.1015	0.2117	0.1182	0.0934	0.0326	0.0298	0.0029	0.1790	0.0885	0.0906	52.5483	157.5643	138.4817	85.5364	77.9349	3785.6421	51.0159	672.2598	146.8549	0.0139	0.0023	0.0286	0.0074	0.0081	0.0002	0.0151	0.0004	0.0295
27	108	0.1249	3	0	1	0	0	0	0	0	0	N	N	N	N	N	N	N	N	N	N	N	N	1.6581	0.0783	7136.4370	0.0164	0.0168	195.1938	598.4823	14.5050	7560.7025	0.7070	0.0499	5.2463	0.0188	0.0199	0.0047	0.8120	0.0549	5.6638	0.4264	0.6380	0.0007	1.1473	1.1866	0.0000	0.0014	0.0038	0.0007	15.2038	0.0107	0.8483	-0.0105	25.8727	16.2725	15.5187	4.4748	1.3028	0.0804	1.2224	0.0046	0.0045	0.0001	1.2982	0.0759	1.2223	0.0169	0.0168	0.0002	0.0167	0.0167	0.0000	0.0002	0.0000	0.0002	1.8428	1.6098	0.2330	0.2439	0.2267	0.0172	1.5989	1.3831	0.2158	0.5445	0.3014	0.2430	0.0703	0.0657	0.0047	0.4741	0.2358	0.2383	22.7380	0.8988	7136.4370	0.0792	0.0781	195.1938	1845.0209	429.7568	7560.7025	0.0311	0.0556	0.0007	0.2377	0.2547	0.0000	0.0004	0.0001	0.0007
27	109	0.1777	4	0	2	0	0	0	0	0	0	N	Y	N	N	N	N	N	N	N	N	N	N	72.0730	21.1625	2191.1498	13.0969	14.2041	0.0227	4007.0112	1318.2675	22767.5887	0.5877	0.3966	2.0295	0.5762	0.6146	0.0008	0.5902	0.3451	2.2457	0.0082	0.0187	0.0009	0.0440	0.0433	0.0372	0.0001	0.0003	0.0001	0.6783	0.1735	0.2879	-0.0018	25.8727	40.5309	15.5187	14.7974	2.4603	1.4659	0.9944	0.4339	0.4339	0.0000	2.0264	1.0321	0.9943	0.0037	0.0032	0.0006	0.0037	0.0032	0.0005	0.0001	0.0000	0.0001	4.1865	3.6965	0.4900	0.7531	0.7059	0.0472	3.4334	2.9906	0.4428	1.3040	0.7063	0.5977	0.1780	0.1623	0.0157	1.1260	0.5440	0.5820	204.6291	87.7653	2191.1498	27.8153	31.2600	0.0268	11476.6396	376367.2332	22767.5887	0.0029	0.0045	0.0009	0.0207	0.0197	0.0316	0.0001	0.0000	0.0001
27	110	0.1518	3	0	2	0	0	0	0	0	0	N	Y	N	N	N	N	N	N	N	N	N	N	1.3143	1.7972	0.0124	0.0462	0.0469	0.3655	1.4835	75.6613	0.0142	1.1770	1.3307	0.0277	0.0549	0.0587	0.0061	1.4985	1.7199	0.0311	0.8955	0.7405	2.2437	1.1896	1.2526	0.0167	1.0101	0.0227	2.1855	0.0028	3.4659	-0.5680	0.0135	25.8727	13.5236	15.5187	3.5331	1.9973	1.9918	0.0056	0.0208	0.0206	0.0002	1.9766	1.9712	0.0054	0.0916	0.0205	0.0711	0.0205	0.0204	0.0001	0.0711	0.0001	0.0710	1.6970	1.4968	0.2002	0.3780	0.3507	0.0273	1.3190	1.1461	0.1729	0.4872	0.2690	0.2182	0.0813	0.0745	0.0068	0.4059	0.1945	0.2114	6.2589	17.4478	0.0851	0.2180	0.2147	0.3655	8.5501	2272.2391	0.0927	0.1880	0.0763	0.3258	0.2519	0.2734	0.0167	0.1753	0.0008	0.3358
27	111	0.0958	2	0	1	0	0	0	0	0	0	N	N	N	N	N	N	N	N	N	N	N	N	0.1956	196.1686	0.0040	253.1893	761.0595	0.0120	0.0927	30.7761	0.0041	0.2612	0.2975	0.0199	1.3414	1.4822	0.0019	0.1491	0.1690	0.0213	1.3354	0.0015	4.9344	0.0053	0.0019	0.1585	1.6082	0.0055	5.1700	0.0101	2679.1515	-0.1305	0.4106	25.8727	16.9399	15.5187	15.9768	0.4708	0.4661	0.0047	0.2273	0.2272	0.0000	0.2436	0.2389	0.0047	1.1059	0.0004	1.1055	0.0008	0.0003	0.0005	1.1052	0.0001	1.1051	1.8028	1.5667	0.2361	0.1694	0.1533	0.0161	1.6334	1.4134	0.2200	1.0355	0.5483	0.4871	0.1753	0.1700	0.0053	0.8601	0.3783	0.4819	0.2445	395.3414	0.0088	297.8191	761.0595	0.0219	0.1161	784.7095	0.0093	1.0681	0.0008	2.2695	0.0045	0.0019	0.0871	1.2848	0.0002	2.2934
27	112	0.2002	6	1	2	0	1	0	0	0	0	N	Y	N	N	N	N	N	N	N	N	N	N	528.1906	272.5965	102.0637	96.4293	inf	inf	0.1083	0.1260	0.0000	0.1067	0.1124	0.0000	0.1093	0.1368	0.0000	0.0002	0.0005	0.0000	0.0010	0.0012	0.0000	0.0000	0.0000	0.0000	0.0000	0.0000	-0.0000	-0.0000	25.8727	0.0019	15.5187	1.9928	0.0001	0.0001	0.0000	0.0000	0.0000	0.0000	0.0000	0.0000	0.0000	0.0000	0.0000	0.0000	0.0000	0.0000	0.0000	0.0000	0.0000	0.0000	0.0006	0.0005	0.0001	0.0002	0.0002	0.0000	0.0004	0.0003	0.0001	0.0493	0.0290	0.0203	0.0097	0.0087	0.0010	0.0396	0.0203	0.0193	528.1906	361.2535	0.0000	102.0637	96.4293	0.0000	inf	inf	0.0000	0.0002	0.0003	0.0000	0.0010	0.0012	0.0000	0.0000	0.0000	0.0000			
27	113	0.1766	5	1	2	0	1	0	0	0	0	N	Y	N	N	N	N	N	N	N	N	N	N	6.5593	101.4954	0.0008	70.7772	68.7962	56.9790	5.0314	27.3992	0.0005	1.0521	1.2577	0.0000	0.9291	1.0818	0.0001	1.0915	1.3160	0.0000	0.1604	0.0124	0.0631	0.0131	0.0157	0.0000	0.2169	0.0480	0.0555	0.0000	6.2038	-0.3645	0.0012	25.8727	8.6942	15.5187	6.0502	1.2694	1.2694	0.0000	0.2716	0.2716	0.0000	0.9978	0.9978	0.0000	0.0052	0.0007	0.0045	0.0005	0.0005	0.0000	0.0047	0.0002	0.0045	1.2065	1.0093	0.1973	0.2924	0.2511	0.0413	0.9142	0.7582	0.1560	0.3761	0.2100	0.1661	0.0618	0.0546	0.0072	0.3143	0.1554	0.1589	75.9873	365.3279	0.0018	107.6343	110.7705	56.9790	73.3989	1077.1675	0.0011	0.0138	0.0034	0.0270	0.0086	0.0098	0.0000	0.0149	0.0012	0.0282
27	114	0.1978	9	0	2	0	1	0	0	0	0	N	Y	N	N	N	N	N	N	N	N	N	N	0.0000	0.0000	0.0000	0.0000	0.0000	0.0000	0.0000	0.0000	0.0000	0.0000	0.0000	0.0000	0.0000	0.0001	0.0003	0.0000	0.0003	0.0003	0.0000	0.0000	0.0000	0.0000	0.0000	0.0000	-0.0000	25.8727	0.0001	15.5187	0.0001	0.0000	0.0000	0.0000	0.0000	0.0000	0.0000	0.0000	0.0000	0.0000	0.0000	0.0000	0.0000	0.0000	0.0000	0.0000	0.0000	0.0000	0.0000	0.0000	0.0000	0.0000	0.0000	0.0000	0.0000	0.0000	0.0000	0.0000	0.0000	0.0000	0.0000	0.0000	0.0000	0.0000	0.0000	0.0000	0.0000	0.0000	0.0000	0.0000	0.0000	0.0000	0.0000	0.0000	0.0000	0.0000	0.0001	0.0003	0.0000	0.0003	0.0003	0.0000	0.0000	0.0000	0.0000						
27	115	0.1911	8	0	2	0	1	0	0	0	0	N	Y	N	N	N	N	N	N	N	N	N	N	0.0000	0.0000	0.0000	0.0000	0.0000	0.0000	0.0000	0.0000	0.0000	0.0000	0.0000	0.0000	0.0000	0.0004	0.0010	0.0000	0.0018	0.0021	0.0000	0.0000	0.0000	0.0000	0.0000	0.0000	-0.0000	25.8727	3.0007	15.5187	1.0012	0.0000	0.0000	0.0000	0.0000	0.0000	0.0000	0.0000	0.0000	0.0000	0.0000	0.0000	0.0000	0.0000	0.0000	0.0000	0.0000	0.0000	0.0000	0.3248	0.2835	0.0412	0.0442	0.0413	0.0028	0.2806	0.2422	0.0384	0.0995	0.0553	0.0443	0.0167	0.0141	0.0026	0.0828	0.0412	0.0416	0.0000	0.0000	0.0000	0.0000	0.0000	0.0000	0.0000	0.0000	0.0000	0.0003	0.0005	0.0000	0.0018	0.0021	0.0000	0.0000	0.0000	0.0000						
27	116	0.1892	7	0	1	0	1	0	0	0	0	N	N	N	N	N	N	N	N	N	N	N	N	174.3396	118.7906	179.9105	160.8203	0.0001	0.0001	0.0000	0.0004	0.0005	0.0000	0.0000	0.0000	0.0000	0.0000	0.0000	0.0000	0.0000	0.0000	0.0000	0.0000	0.0000	0.0000	0.0000	0.0769	-0.0000	-0.0000	25.8727	1.1177	15.5187	0.0023	0.0000	0.0000	0.0000	0.0000	0.0000	0.0000	0.0000	0.0000	0.0000	0.0000	0.0000	0.0000	0.0000	0.0000	0.0000	0.0000	0.0000	0.0000	0.1275	0.1118	0.0157	0.0223	0.0209	0.0013	0.1053	0.0908	0.0144	0.0280	0.0155	0.0125	0.0047	0.0039	0.0007	0.0233	0.0116	0.0117	174.3396	118.7906	0.0000	179.9105	160.8203	0.0000	0.0000	0.0000	0.0000	0.0000	0.0000	0.0000	0.0000	0.0000	0.0000	0.0000	0.0000	0.0000					
27	117	0.1862	3	0	2	0	0	0	0	0	0	N	Y	N	N	N	N	N	N	N	N	N	N	0.1762	0.2120	0.0000	0.1561	0.1624	0.0085	0.1766	0.1758	0.0000	0.3135	0.3536	0.0000	0.0555	0.0585	0.0003	0.3798	0.4364	0.0000	1.7789	1.6678	5.3003	0.3555	0.3602	0.0363	2.1504	2.4829	5.5246	0.0000	1.5013	-0.2977	-0.0693	25.8727	31.2782	15.5187	23.9277	1.0370	1.0370	0.0000	0.0376	0.0376	0.0000	0.9994	0.9994	0.0000	2.4641	0.9851	1.4790	0.0180	0.0175	0.0006	2.4461	0.9677	1.4784	3.3082	2.9322	0.3760	0.6768	0.6421	0.0347	2.6313	2.2901	0.3413	1.3852	0.7845	0.6007	0.2476	0.2292	0.0185	1.1375	0.5553	0.5822	0.1762	0.2816	0.0000	0.7625	0.7677	0.0101	0.1766	0.2504	0.0000	1.7789	1.2558	2.4622	0.0728	0.0762	0.0307	2.1504	1.7426	2.5393
27	118	0.1892	7	0	1	1	1	0	0	0	0	N	N	N	N	N	N	N	N	N	N	N	N	inf	inf	inf	inf	inf	inf	2.3514	2.6896	0.0000	0.0006	0.0007	0.0000	2.7563	3.1927	0.0000	0.0000	0.0000	0.0000	0.0000	0.0000	0.0000	0.0000	0.0000	0.0000	0.0000	-0.2870	0.0000	25.8727	3.8827	15.5187	2.9998	0.9995	0.9995	0.0000	0.0000	0.0000	0.0000	0.9994	0.9994	0.0000	0.0000	0.0000	0.0000	0.0000	0.0000	0.0000	0.0000	0.0000	0.0000	0.4251	0.3716	0.0535	0.0625	0.0586	0.0039	0.3626	0.3130	0.0496	0.1698	0.0942	0.0756	0.0282	0.0238	0.0045	0.1416	0.0704	0.0711	inf	inf	0.0000	inf	inf	0.0000	inf	inf	0.0000	0.0000	0.0000	0.0000	0.0000	0.0000	0.0000	0.0000	0.0000	0.0000				
27	119	0.1863	6	0	1	0	1	0	0	0	0	N	N	N	N	N	N	N	N	N	N	N	N	2.1707	905.2045	9.5919	10156.0006	0.0000	inf	0.4633	inf	4.8755	0.0007	0.0000	0.0061	0.0015	0.0000	0.0279	0.0005	0.0000	0.0033	0.0003	0.0000	0.0006	0.0000	0.0000	0.0000	0.0010	0.0000	0.0007	26.0832	15359.4479	0.0002	0.0000	25.8727	2.8083	15.5187	0.0030	0.0003	0.0000	0.0003	0.0001	0.0000	0.0001	0.0001	0.0000	0.0001	0.0000	0.0000	0.0000	0.0000	0.0000	0.0000	0.0000	0.0000	0.0000	0.3754	0.3323	0.0431	0.0881	0.0832	0.0049	0.2873	0.2491	0.0382	0.0707	0.0391	0.0316	0.0119	0.0100	0.0019	0.0589	0.0291	0.0298	2.5555	905.2045	9.5919	10156.0006	0.0000	inf	1.3848	inf	4.8755	0.0003	0.0000	0.0006	0.0000	0.0000	0.0000	0.0003	0.0000	0.0007
27	120	0.1863	6	0	1	1	1	0	0	0	0	N	N	N	N	N	N	N	N	N	N	N	N	2.8411	10.3841	inf	inf	0.5148	5.0958	0.0002	0.0000	0.0020	0.0008	0.0000	0.0125	0.0001	0.0000	0.0010	0.0001	0.0000	0.0002	0.0000	0.0000	0.0000	0.0003	0.0000	0.0002	inf	inf	0.0002	0.0000	25.8727	9.6158	15.5187	0.0030	0.0003	0.0000	0.0003	0.0001	0.0000	0.0001	0.0001	0.0000	0.0001	0.0000	0.0000	0.0000	0.0000	0.0000	0.0000	0.0000	0.0000	0.0000	1.0907	0.9571	0.1336	0.1783	0.1675	0.0108	0.9124	0.7897	0.1228	0.2373	0.1311	0.1063	0.0393	0.0331	0.0062	0.1980	0.0980	0.1000	2.8411	0.0000	10.3841	inf	0.0000	inf	1.3573	0.0000	5.0958	0.0001	0.0000	0.0002	0.0000	0.0000	0.0000	0.0001	0.0000	0.0002			
27	121	0.1766	5	0	1	0	1	0	0	0	0	N	N	N	N	N	N	N	N	N	N	N	N	0.5592	0.3835	4.3208	140.4708	3.7315	8708.2523	0.2996	0.0000	3.4279	0.2193	0.0035	1.1467	0.3547	0.0103	2.1761	0.1538	0.0000	0.7570	0.3922	0.0091	0.2654	0.0025	0.0028	0.0002	0.5134	0.2079	0.2208	76.3450	16.4630	0.1155	0.0015	25.8727	4.2457	15.5187	2.0144	0.1650	0.0021	0.1628	0.0870	0.0021	0.0848	0.0780	0.0000	0.0780	0.0048	0.0003	0.0045	0.0001	0.0001	0.0000	0.0047	0.0002	0.0045	0.7522	0.6102	0.1420	0.2452	0.2062	0.0390	0.5069	0.4039	0.1030	0.1732	0.0981	0.0751	0.0321	0.0290	0.0031	0.1411	0.0691	0.0720	7.9736	1.2567	19.1815	140.4708	3.7315	8708.2523	4.6353	0.0000	12.1371	0.0275	0.0028	0.0598	0.0025	0.0028	0.0002	0.0332	0.0028	0.0624
27	122	0.1345	4	0	1	0	1	0	0	0	0	N	N	N	N	N	N	N	N	N	N	N	N	0.0402	0.0801	0.0349	49.0552	33.0380	323.2160	0.0113	0.0015	0.0186	0.1333	0.0781	0.4370	0.4873	0.3632	1.3148	0.0425	0.0024	0.2531	3.3139	0.9749	12.5133	0.0099	0.0110	0.0041	3.7438	1.6833	13.6395	1.0167	41.8923	0.0452	0.7097	25.8727	11.9190	15.5187	13.1740	0.2085	0.1034	0.1051	0.1556	0.1008	0.0548	0.0529	0.0026	0.0503	2.0374	0.0475	1.9899	0.0005	0.0005	0.0000	2.0369	0.0470	1.9899	1.5648	1.3243	0.2405	0.3193	0.2777	0.0417	1.2455	1.0466	0.1989	0.6148	0.3320	0.2828	0.0707	0.0633	0.0075	0.5441	0.2687	0.2754	0.0402	0.5456	0.0621	70.2709	49.9347	323.2160	0.0113	0.0140	0.0350	3.3139	0.1431	7.0355	0.0069	0.0073	0.0041	3.7438	0.1751	7.2258
27	123	0.5614	8	0	1	1	1	0	0	0	0	N	N	N	N	N	N	N	N	N	N	N	N	0.0000	0.0000	0.0000	0.0000	0.0000	0.0000	0.0000	0.0000	0.0000	0.0000	0.0000	0.0000	0.0000	0.0000	0.0000	0.0000	0.0000	0.0005	0.0002	0.0007	0.0009	0.0004	0.0055	0.0004	0.0000	0.0003	2.5168	0.0000	0.0000	25.8727	12.8936	15.5187	4.1514	0.0000	0.0000	0.0000	0.0000	0.0000	0.0000	0.0000	0.0000	0.0000	0.0001	0.0000	0.0001	0.0001	0.0000	0.0001	0.0000	0.0000	0.0000	1.3981	1.2562	0.1419	0.4967	0.4707	0.0260	0.9013	0.7855	0.1159	0.3362	0.2062	0.1300	0.0989	0.0887	0.0102	0.2374	0.1175	0.1199	0.0000	0.0000	0.0000	0.0000	0.0000	0.0000	0.0000	0.0000	0.0000	0.0004	0.0002	0.0007	0.0009	0.0004	0.0055	0.0001	0.0000	0.0003		
27	124	0.1498	5	0	2	0	0	0	0	0	0	N	Y	N	N	N	N	N	N	N	N	N	N	4.5375	0.0070	1153289.8325	0.1844	0.0862	4016.6166	12.8647	0.0000	2959109.9470	0.7043	0.0029	5.5540	0.0389	0.0208	0.3119	0.8041	0.0000	5.9142	0.1552	0.4162	0.0000	0.2108	0.2408	0.0001	0.0625	0.7094	0.0000	275.2547	0.0002	0.7087	-0.0048	25.8727	12.7386	15.5187	8.7370	0.9993	0.0036	0.9956	0.0072	0.0036	0.0036	0.9921	0.0000	0.9920	0.0076	0.0076	0.0000	0.0041	0.0041	0.0000	0.0035	0.0035	0.0000	1.4189	1.2396	0.1793	0.1851	0.1736	0.0115	1.2337	1.0660	0.1677	0.5527	0.2993	0.2535	0.0785	0.0690	0.0094	0.4742	0.2302	0.2440	51.4711	0.1155	1153289.8325	0.7505	0.3527	4016.6166	109.0881	0.0007	2959109.9470	0.0137	0.0253	0.0000	0.0518	0.0589	0.0001	0.0074	0.0152	0.0000
27	125	0.1345	4	0	2	0	0	0	0	0	0	N	Y	N	N	N	N	N	N	N	N	N	N	0.1615	0.0071	10.2871	0.3606	0.0223	314.6623	0.0932	0.0027	7.5493	0.1486	0.0090	0.8708	0.3115	0.0203	2.1333	0.0981	0.0054	0.5527	0.9200	1.2783	0.0847	0.8639	0.9108	0.0068	1.0524	1.9975	0.0732	18.6321	0.0751	0.1220	-0.0314	25.8727	8.6431	15.5187	1.4782	0.1843	0.0094	0.1750	0.0914	0.0051	0.0863	0.0929	0.0042	0.0887	0.0562	0.0523	0.0039	0.0054	0.0053	0.0000	0.0508	0.0469	0.0039	1.2406	1.0397	0.2009	0.2934	0.2530	0.0404	0.9471	0.7867	0.1605	0.2624	0.1421	0.1203	0.0329	0.0297	0.0032	0.2296	0.1124	0.1171	0.6939	0.0246	26.6843	1.9109	0.1130	314.6623	0.4430	0.0129	16.5762	0.2142	0.3679	0.0326	0.1630	0.1799	0.0068	0.2215	0.4174	0.0333
27	126	0.1249	3	0	1	0	0	0	0	0	0	N	N	N	N	N	N	N	N	N	N	N	N	0.1282	0.0233	68.0242	82.5419	18.2744	3467.3216	0.0676	0.0128	41.6288	0.6272	0.1951	3.8386	1.5426	0.3537	27.6101	0.4036	0.1522	1.9891	4.8918	8.3833	0.0564	0.0187	0.0194	0.0080	5.9710	11.9295	0.0478	2.6476	0.0021	0.1612	-0.5973	25.8727	4.1618	15.5187	2.0491	0.3675	0.1007	0.2667	0.1774	0.0389	0.1385	0.1901	0.0618	0.1282	0.9537	0.9517	0.0020	0.0004	0.0004	0.0000	0.9533	0.9513	0.0020	0.5859	0.5164	0.0695	0.1150	0.1100	0.0050	0.4709	0.4065	0.0645	0.1950	0.1135	0.0814	0.0353	0.0338	0.0015	0.1597	0.0797	0.0799	0.1282	0.0233	156.4719	137.2771	31.0651	3467.3216	0.0676	0.0128	80.0471	4.8918	8.3833	0.0245	0.0112	0.0114	0.0080	5.9710	11.9295	0.0248
27	127	0.0958	2	0	1	0	0	0	0	0	0	N	N	N	N	N	N	N	N	N	N	N	N	0.9172	0.7282	772.6900	0.0026	0.0010	3148.8087	166.7430	4.5850	813.9287	0.9477	1.0486	0.2853	0.0072	0.0029	0.0470	1.0471	1.1641	0.3032	1.0333	1.4399	0.0004	2.7632	2.8214	0.0000	0.0063	0.2539	0.0004	0.0414	0.0005	-0.2416	-0.1553	25.8727	9.4810	15.5187	7.4917	0.9767	0.9379	0.0389	0.0007	0.0003	0.0004	0.9760	0.9376	0.0384	0.2473	0.2472	0.0001	0.2465	0.2465	0.0000	0.0008	0.0007	0.0001	1.0306	0.8944	0.1362	0.0985	0.0890	0.0095	0.9321	0.8055	0.1267	0.6719	0.3600	0.3119	0.1532	0.1503	0.0029	0.5187	0.2098	0.3089	2.5750	1.5274	772.6900	0.0045	0.0018	3148.8087	663.9426	347.3579	813.9287	0.3680	0.6865	0.0004	1.6089	1.6401	0.0000	0.0016	0.0034	0.0004
27	128	0.5737	9	1	2	0	0	0	0	0	0	N	Y	N	N	N	N	N	N	N	N	N	N	301.7075	0.0000	inf	0.0192	0.0000	inf	inf	inf	0.0001	0.0000	0.0009	0.0000	0.0000	0.0000	0.0002	0.0000	0.0011	0.0000	0.0000	0.0000	0.0000	0.0000	0.0000	0.0000	0.0000	0.0000	inf	0.0124	0.0000	-0.0000	25.8727	2.0107	15.5187	1.9995	0.0000	0.0000	0.0000	0.0000	0.0000	0.0000	0.0000	0.0000	0.0000	0.0000	0.0000	0.0000	0.0000	0.0000	0.0000	0.0000	0.0000	0.0000	0.2043	0.1823	0.0219	0.0713	0.0671	0.0041	0.1330	0.1152	0.0178	0.0755	0.0472	0.0283	0.0236	0.0211	0.0025	0.0519	0.0261	0.0258	301.7075	0.0000	inf	0.0192	0.0000	inf	inf	0.0000	inf	0.0000	0.0000	0.0000	0.0000	0.0000	0.0000	0.0000	0.0000	0.0000	
27	129	0.5614	8	1	2	0	0	0	0	0	0	N	Y	N	N	N	N	N	N	N	N	N	N	1245.4047	0.0000	10809.2160	0.1789	0.0000	0.4654	2908.3749	34277.9411	1.4550	0.0000	15.1768	0.0003	0.0000	0.0057	2.3603	0.0000	18.6510	0.0012	0.0002	0.0014	0.0015	0.0004	0.0123	0.0008	0.0000	0.0005	inf	5.2595	0.7128	0.0000	25.8727	5.6459	15.5187	1.1399	0.9999	0.0000	0.9999	0.0001	0.0000	0.0001	0.9998	0.0000	0.9998	0.0001	0.0000	0.0001	0.0001	0.0000	0.0001	0.0000	0.0000	0.0000	0.6872	0.6213	0.0659	0.2636	0.2513	0.0123	0.4236	0.3700	0.0536	0.1450	0.0885	0.0566	0.0445	0.0403	0.0042	0.1006	0.0481	0.0524	2232.4871	0.0000	10809.2160	0.1789	0.0000	0.4654	8322.9268	0.0000	34277.9411	0.0007	0.0002	0.0014	0.0015	0.0004	0.0123	0.0003	0.0000	0.0005	
27	130	0.5311	7	0	1	0	0	0	0	0	0	N	N	N	N	N	N	N	N	N	N	N	N	0.7682	102.5933	0.0000	117.7626	309.8130	0.0000	0.0020	5.0188	0.0000	0.6677	0.7460	0.0000	1.6949	1.7947	0.0000	0.0022	0.0025	0.0000	0.8691	0.0073	2.5825	0.0144	0.0058	0.1013	1.0632	0.0005	2.5937	0.0000	117.3930	-0.2851	0.0250	25.8727	11.6079	15.5187	5.3766	0.9929	0.9929	0.0000	0.9910	0.9910	0.0000	0.0019	0.0019	0.0000	0.0689	0.0006	0.0683	0.0012	0.0006	0.0007	0.0677	0.0000	0.0677	1.4871	1.3311	0.1560	0.5847	0.5522	0.0325	0.9024	0.7789	0.1235	0.4179	0.2527	0.1652	0.1335	0.1228	0.0107	0.2845	0.1299	0.1545	4.0491	323.8455	0.0000	181.8991	378.7391	0.0000	0.0091	984.0058	0.0000	0.1649	0.0023	0.4136	0.0093	0.0047	0.0619	0.2379	0.0000	0.4379
27	131	0.5132	6	0	1	0	0	0	0	0	0	N	N	N	N	N	N	N	N	N	N	N	N	0.0241	0.0710	0.0243	0.2762	0.8252	0.1378	0.0069	0.0025	0.0162	0.0465	0.0272	0.2197	0.0874	0.0674	0.5182	0.0223	0.0011	0.1608	1.9302	0.3838	9.0510	0.3165	0.0817	3.7609	3.2249	0.4260	9.9420	0.8970	138.0083	0.0046	0.4124	25.8727	3.9355	15.5187	8.7078	0.0247	0.0130	0.0117	0.0172	0.0127	0.0045	0.0074	0.0003	0.0071	1.1315	0.0081	1.1233	0.0162	0.0074	0.0089	1.1152	0.0008	1.1145	0.5307	0.4776	0.0531	0.1972	0.1884	0.0088	0.3336	0.2892	0.0444	0.5862	0.3537	0.2324	0.2404	0.2276	0.0128	0.3458	0.1262	0.2196	0.0241	1.1840	0.0455	1.2933	2.0803	0.7471	0.0069	0.1767	0.0317	1.9302	0.0230	4.8329	0.0676	0.0324	0.6936	3.2249	0.0061	5.0740
27	132	0.5016	5	0	1	0	0	0	0	0	0	N	N	N	N	N	N	N	N	N	N	N	N	0.9490	0.0084	2.6660	0.0054	0.0055	0.0212	1.2231	0.0081	2.8938	1.2103	0.0107	11.8736	0.0106	0.0108	0.0064	1.8813	0.0107	14.1664	1.2753	1.2799	4.4537	1.9510	1.9476	0.3016	1.5382	1.3234	4.8954	124.3129	3.0067	0.7001	0.0393	25.8727	6.2657	15.5187	3.9760	0.9931	0.0079	0.9852	0.0031	0.0030	0.0001	0.9900	0.0049	0.9851	0.3218	0.0803	0.2415	0.0732	0.0718	0.0014	0.2487	0.0085	0.2401	0.8206	0.7376	0.0830	0.2943	0.2809	0.0134	0.5262	0.4567	0.0695	0.3428	0.2159	0.1269	0.1284	0.1184	0.0101	0.2144	0.0975	0.1169	1.2893	0.0289	6.2404	0.0186	0.0177	0.0474	1.6220	0.1228	6.8939	0.9388	0.3720	1.9027	0.5696	0.6066	0.1352	1.1599	0.0874	2.0549
27	133	0.4243	4	0	1	0	0	0	0	0	0	N	N	N	N	N	N	N	N	N	N	N	N	0.0292	0.0257	0.0133	0.0505	0.0516	0.1215	0.0033	0.0008	0.0119	0.0271	0.0274	0.0248	0.0813	0.0833	0.0450	0.0031	0.0004	0.0212	0.9262	1.0664	1.8606	1.6085	1.6159	0.3704	0.9487	0.5107	1.7807	0.1084	0.8128	-0.0150	-0.0476	25.8727	26.7012	15.5187	18.2690	0.0793	0.0716	0.0078	0.0729	0.0708	0.0021	0.0064	0.0008	0.0056	0.2642	0.1458	0.1185	0.1470	0.1426	0.0044	0.1172	0.0031	0.1141	2.9289	2.6157	0.3133	0.8971	0.8498	0.0473	2.0318	1.7659	0.2660	1.2082	0.7431	0.4652	0.3672	0.3383	0.0289	0.8410	0.4048	0.4363	0.1238	0.1395	0.0972	0.2030	0.1976	0.2955	0.0225	0.0554	0.0809	0.2187	0.1962	0.2547	0.4004	0.4216	0.1523	0.1394	0.0077	0.2615
27	134	0.1862	3	0	1	0	0	0	0	0	0	N	N	N	N	N	N	N	N	N	N	N	N	0.1502	0.1582	0.1693	0.0152	0.0127	1.3615	0.1714	0.4659	0.1705	0.3643	0.2094	1.5760	0.0419	0.0364	0.1359	0.4389	0.2527	1.7220	2.4244	1.3235	9.3083	2.7619	2.8654	0.0998	2.5606	0.5424	10.1016	0.9617	9.5951	0.4286	1.5927	25.8727	61.4372	15.5187	55.8589	2.1101	1.0756	1.0345	0.0456	0.0374	0.0082	2.0645	1.0382	1.0263	5.7445	0.5422	5.2023	0.5353	0.5336	0.0018	5.2092	0.0086	5.2006	5.7928	5.1364	0.6564	1.0888	1.0284	0.0604	4.7040	4.1080	0.5960	2.3694	1.3185	1.0510	0.3351	0.3064	0.0286	2.0344	1.0120	1.0223	0.1502	0.5092	0.3184	0.0262	0.0209	2.2076	0.1714	29.6969	0.3385	2.4244	0.4112	4.9500	1.5978	1.7414	0.0615	2.5606	0.0085	5.0869
27	135	0.0958	2	0	1	0	0	0	0	0	0	N	N	N	N	N	N	N	N	N	N	N	N	0.7650	0.7764	0.0036	0.4974	0.5441	0.5392	0.6651	0.8275	0.0038	0.8685	0.9951	0.0119	1.3045	1.4362	0.0007	0.8247	0.9487	0.0127	1.1353	1.2816	3.3299	2.6228	2.6395	0.0014	1.2400	1.1464	3.3607	0.0018	1.9140	-0.8048	0.0231	25.8727	31.7621	15.5187	18.5886	2.8200	2.8151	0.0050	0.3868	0.3868	0.0000	2.4333	2.4283	0.0050	0.8121	0.2787	0.5334	0.2471	0.2471	0.0000	0.5650	0.0316	0.5334	3.2469	2.8290	0.4180	0.2965	0.2693	0.0272	2.9504	2.5597	0.3908	1.4033	0.7399	0.6633	0.1970	0.1894	0.0076	1.2062	0.5505	0.6557	1.5007	2.6419	0.0148	1.0403	1.1011	0.5392	1.7605	16.5170	0.0156	0.5787	0.3767	0.8042	1.2540	1.3043	0.0014	0.4684	0.0574	0.8135
28	29	0.2222	7	1	2	0	0	0	0	0	0	N	Y	N	N	N	N	N	N	N	N	N	N	0.0003	0.0427	0.0000	0.0827	0.0673	0.0000	0.0000	0.0000	0.0000	0.0008	0.0009	0.0000	0.0025	0.0026	0.0000	0.0000	0.0000	0.0000	2.1814	0.0201	8.6436	0.0297	0.0388	0.0002	2.5908	0.0001	9.4706	0.0000	868.7317	-0.0003	0.3707	38.1974	6.0056	14.3032	10.9350	0.0009	0.0009	0.0000	0.0009	0.0009	0.0000	0.0000	0.0000	0.0000	1.0005	0.0012	0.9993	0.0012	0.0012	0.0000	0.9993	0.0000	0.9993	1.1658	1.0374	0.1284	0.3625	0.3402	0.0223	0.8034	0.6973	0.1061	0.4586	0.2450	0.2136	0.0729	0.0621	0.0109	0.3857	0.1830	0.2028	0.0003	0.1827	0.0000	0.1554	0.1412	0.0000	0.0000	0.0000	0.0000	2.1814	0.0047	4.6783	0.0158	0.0185	0.0002	2.5908	0.0000	4.9287
28	30	0.2823	7	2	2	0	0	0	0	0	0	Y	Y	N	N	N	N	N	N	N	N	N	N	0.2138	0.0986	256.2633	0.0264	0.0234	20.8429	343.9656	141.3153	365.4017	0.0397	0.0394	0.0420	0.0060	0.0055	0.0209	0.0607	0.0631	0.0454	0.1857	0.4000	0.0002	0.2274	0.2339	0.0010	0.0002	0.0004	0.0001	0.1138	0.0042	-0.0337	-0.0090	38.1974	17.1852	14.3032	7.8386	0.1821	0.1635	0.0186	0.0106	0.0093	0.0013	0.1715	0.1542	0.0173	0.0144	0.0143	0.0001	0.0143	0.0143	0.0000	0.0000	0.0000	0.0000	4.5873	4.1443	0.4430	1.7625	1.7006	0.0619	2.8248	2.4437	0.3811	0.9623	0.5974	0.3650	0.2630	0.2466	0.0164	0.6993	0.3507	0.3485	2.6579	1.6465	256.2633	0.1103	0.0942	20.8429	963.3877	30296.5047	365.4017	0.0149	0.0240	0.0002	0.0545	0.0580	0.0010	0.0001	0.0000	0.0001
28	31	0.3228	8	1	2	0	0	0	0	0	0	N	Y	N	N	N	N	N	N	N	N	N	N	0.2905	5263.9572	0.0002	1.1025	1.0705	3.3864	0.3582	inf	0.0002	0.6623	0.7459	0.0018	0.0011	0.0011	0.0002	0.8811	1.0152	0.0020	2.2798	0.0001	8.3106	0.0010	0.0010	0.0001	2.4602	0.0000	8.7842	0.0003	32246.9997	-0.2869	0.3640	38.1974	9.9927	14.3032	7.0404	1.0004	1.0001	0.0003	0.0004	0.0004	0.0000	1.0000	0.9997	0.0003	0.9795	0.0000	0.9794	0.0000	0.0000	0.0000	0.9794	0.0000	0.9794	1.5104	1.3407	0.1697	0.3755	0.3560	0.0195	1.1349	0.9847	0.1502	0.4296	0.2145	0.2151	0.0315	0.0292	0.0023	0.3981	0.1853	0.2128	0.2905	5268.2831	0.0004	1.1025	1.0705	3.3864	0.3582	inf	0.0004	2.2798	0.0001	4.5532	0.0010	0.0010	0.0001	2.4602	0.0000	4.6026
28	32	0.3147	7	1	2	0	0	0	0	0	0	N	Y	N	N	N	N	N	N	N	N	N	N	0.0142	3.2814	0.0610	0.8530	0.7679	inf	0.0160	inf	0.0703	0.0102	0.0015	0.0776	0.0022	0.0021	0.0032	0.0132	0.0012	0.0855	0.7155	0.0004	1.2725	0.0026	0.0028	0.0000	0.8285	0.0000	1.2163	6.8739	507.6736	0.0040	0.0038	38.1974	3.8146	14.3032	0.9911	0.0069	0.0009	0.0060	0.0004	0.0004	0.0000	0.0065	0.0005	0.0060	0.0104	0.0000	0.0104	0.0000	0.0000	0.0000	0.0104	0.0000	0.0104	0.6769	0.5995	0.0774	0.1880	0.1806	0.0074	0.4889	0.4189	0.0700	0.1235	0.0610	0.0625	0.0080	0.0073	0.0007	0.1156	0.0537	0.0618	0.1208	4.3530	0.4672	0.8530	0.7679	inf	0.1474	inf	0.5094	0.0842	0.0003	0.1661	0.0026	0.0028	0.0000	0.0898	0.0000	0.1679
28	33	0.3147	7	1	2	0	0	0	0	0	0	N	Y	N	N	N	N	N	N	N	N	N	N	2188.4199	795.6838	inf	492.3729	475.2824	inf	inf	inf	0.3339	0.3166	0.4709	1.1629	1.2242	0.0076	0.0696	0.0000	0.5274	0.0002	0.0004	0.0000	0.0024	0.0026	0.0000	0.0000	0.0000	0.0000	0.1881	0.0000	-0.1553	-0.0001	38.1974	24.4476	14.3032	5.0002	1.2051	1.0143	0.1907	1.0147	1.0143	0.0003	0.1904	0.0000	0.1904	0.0001	0.0001	0.0000	0.0001	0.0001	0.0000	0.0000	0.0000	0.0000	3.6088	3.2037	0.4051	0.8726	0.8286	0.0440	2.7362	2.3752	0.3611	0.7203	0.3579	0.3624	0.0465	0.0427	0.0039	0.6737	0.3152	0.3585	2188.4199	1030.9998	inf	492.3729	475.2824	inf	inf	0.0000	inf	0.0002	0.0003	0.0000	0.0024	0.0026	0.0000	0.0000	0.0000	0.0000	
28	34	0.3628	7	1	2	1	1	0	0	0	0	N	Y	N	N	N	N	N	N	N	N	N	N	29.4953	16.0285	0.0591	59868.6976	48701.6071	0.0000	0.0218	0.0040	0.0717	0.7681	0.8152	0.0004	1.1640	1.1857	0.0000	0.0024	0.0027	0.0005	0.0260	0.0509	0.0070	0.0000	0.0000	0.0000	0.1121	0.6823	0.0073	0.0000	0.4526	-0.0925	-0.0002	38.1974	1.3124	14.3032	1.0060	0.3220	0.3220	0.0000	0.3217	0.3217	0.0000	0.0003	0.0003	0.0000	0.0005	0.0003	0.0002	0.0000	0.0000	0.0000	0.0005	0.0003	0.0002	0.4193	0.3950	0.0243	0.2764	0.2713	0.0051	0.1429	0.1237	0.0192	0.0760	0.0443	0.0317	0.0257	0.0204	0.0053	0.0503	0.0239	0.0264	119.8366	107.7173	0.0860	59868.6976	48701.6071	0.0000	0.2525	0.1956	0.0906	0.0064	0.0076	0.0048	0.0000	0.0000	0.0000	0.0097	0.0140	0.0057
28	35	0.2315	6	1	1	0	1	0	0	0	0	N	N	N	N	N	N	N	N	N	N	N	N	0.6800	149.1889	0.2918	130.8054	122.8416	11.5433	0.4650	286.8823	0.3181	0.7704	0.7281	1.1182	1.2721	1.3373	0.0319	0.6080	0.5132	1.2558	1.1329	0.0049	3.8325	0.0097	0.0109	0.0028	1.3075	0.0018	3.9483	0.1872	624.4814	-0.8221	0.3679	38.1974	53.2438	14.3032	16.6757	6.3509	5.3495	1.0014	2.5651	2.5619	0.0032	3.7859	2.7876	0.9982	0.9942	0.0016	0.9927	0.0016	0.0016	0.0001	0.9926	0.0000	0.9926	8.2433	7.3477	0.8956	2.0165	1.9157	0.1007	6.2269	5.4320	0.7949	1.7350	0.9222	0.8128	0.2395	0.2156	0.0240	1.4955	0.7066	0.7889	1.3445	422.3877	0.9156	186.8902	184.2975	11.5433	0.9160	14258.7211	0.9980	0.5730	0.0017	1.2213	0.0068	0.0073	0.0028	0.6637	0.0000	1.2583
28	36	0.1907	6	1	2	0	0	0	0	0	0	N	Y	N	N	N	N	N	N	N	N	N	N	0.4870	0.3298	31.5757	10.3599	9.0216	26.9230	0.4852	0.2976	32.8431	0.6853	0.7675	0.0418	0.2110	0.2200	0.0096	0.7981	0.9107	0.0444	1.4072	2.3267	0.0013	0.0204	0.0244	0.0004	1.6449	3.0602	0.0014	0.0070	0.0005	-0.5607	-0.6271	38.1974	17.9460	14.3032	11.6991	2.0008	1.9869	0.0138	0.1183	0.1181	0.0002	1.8825	1.8689	0.0136	0.9989	0.9983	0.0005	0.0011	0.0011	0.0000	0.9977	0.9972	0.0005	2.9194	2.5890	0.3304	0.5608	0.5368	0.0240	2.3586	2.0522	0.3064	0.8351	0.4291	0.4060	0.0956	0.0851	0.0106	0.7394	0.3440	0.3955	0.5730	0.3298	31.5757	17.5716	16.3529	26.9230	0.5915	0.3141	32.8431	1.1961	2.3267	0.0013	0.0120	0.0135	0.0004	1.3493	2.8988	0.0014
28	37	0.6461	11	2	2	0	0	0	0	0	0	Y	Y	N	N	N	N	N	N	N	N	N	N	88.0236	60.7209	inf	0.0337	0.0076	inf	inf	inf	0.0002	0.0003	0.0000	0.0000	0.0000	0.0000	0.0004	0.0005	0.0000	0.0000	0.0000	0.0000	0.0000	0.0000	0.0000	0.0000	0.0000	0.0000	0.0003	0.0019	-0.0000	-0.0000	38.1974	1.9903	14.3032	0.0021	0.0001	0.0001	0.0000	0.0000	0.0000	0.0000	0.0001	0.0001	0.0000	0.0000	0.0000	0.0000	0.0000	0.0000	0.0000	0.0000	0.0000	0.0000	0.2959	0.2652	0.0306	0.1149	0.1083	0.0066	0.1810	0.1569	0.0241	0.0381	0.0235	0.0146	0.0128	0.0112	0.0017	0.0252	0.0124	0.0129	88.0236	60.7209	inf	0.0337	0.0076	inf	inf	inf	0.0000	0.0000	0.0000	0.0000	0.0000	0.0000	0.0000	0.0000	0.0000	0.0000	
28	38	0.2315	6	1	2	0	1	0	0	0	0	N	Y	N	N	N	N	N	N	N	N	N	N	28.8519	6.7134	72.5615	5.5906	5.0192	32.4197	36819.8069	4911.1823	8.6821	0.4536	0.5087	0.0025	0.4744	0.4985	0.0199	0.4466	0.5125	0.0001	0.0157	0.0758	0.0000	0.0849	0.0993	0.0006	0.0000	0.0001	0.0000	0.0006	0.0034	-0.9536	-0.0046	38.1974	45.5232	14.3032	15.8903	3.3278	3.3258	0.0020	0.8835	0.8817	0.0019	2.4442	2.4441	0.0001	0.0073	0.0073	0.0000	0.0073	0.0073	0.0000	0.0000	0.0000	0.0000	7.3358	6.5374	0.7984	1.8623	1.7685	0.0938	5.4735	4.7689	0.7046	1.5706	0.8371	0.7335	0.2250	0.2035	0.0216	1.3455	0.6336	0.7119	97.3682	58.3977	72.5615	14.6153	13.9105	32.4197	50692.4560	1510407.2311	8.6821	0.0047	0.0087	0.0000	0.0325	0.0358	0.0006	0.0000	0.0000	0.0000
28	39	0.2044	5	1	1	0	1	0	0	0	0	N	N	N	N	N	N	N	N	N	N	N	N	1.2206	72.3247	0.0653	244.8479	250.4096	97.1205	1.0103	3.3562	0.0413	0.6967	0.7780	0.0462	0.6975	0.7164	0.2624	0.6965	0.7995	0.0247	0.5708	0.0108	0.7069	0.0028	0.0029	0.0027	0.6894	0.2382	0.5982	0.0074	28.5478	-0.4730	0.0094	38.1974	13.8166	14.3032	4.5847	1.6906	1.6781	0.0124	0.4064	0.4001	0.0064	1.2841	1.2781	0.0061	0.0279	0.0009	0.0270	0.0002	0.0002	0.0000	0.0277	0.0007	0.0270	2.4265	2.1570	0.2695	0.5828	0.5584	0.0244	1.8438	1.5986	0.2451	0.5617	0.3061	0.2555	0.0849	0.0783	0.0067	0.4768	0.2279	0.2489	14.0103	251.9604	0.4374	244.8479	250.4096	97.1205	11.9920	252.5570	0.2281	0.0497	0.0031	0.1056	0.0028	0.0029	0.0027	0.0581	0.0032	0.1084
28	40	0.3662	9	1	1	1	0	0	0	0	0	N	N	N	N	N	N	N	N	N	N	N	N	0.2856	0.2257	0.0068	0.2655	0.2513	0.0007	0.8102	0.0815	0.0138	0.3928	0.4406	0.0000	1.2905	1.3422	0.0000	0.0450	0.0520	0.0000	1.3755	1.9524	0.0051	4.8603	5.3416	0.0329	0.0555	0.6382	0.0026	0.0000	0.0015	-0.2480	-0.4070	38.1974	12.6411	14.3032	7.4648	0.8639	0.8639	0.0000	0.7926	0.7926	0.0000	0.0713	0.0712	0.0000	0.6493	0.6483	0.0009	0.6462	0.6459	0.0003	0.0031	0.0025	0.0006	2.1993	1.9606	0.2387	0.6142	0.5906	0.0236	1.5851	1.3701	0.2150	0.5754	0.3321	0.2433	0.1330	0.1209	0.0120	0.4424	0.2111	0.2313	0.3481	0.2257	0.0089	0.2655	0.2513	0.0008	6.5011	4.4700	0.0138	1.1284	1.9524	0.0039	4.8603	5.3416	0.0286	0.0069	0.0116	0.0026
28	41	0.6337	9	1	2	0	0	0	0	0	0	N	Y	N	N	N	N	N	N	N	N	N	N	1.1832	1532.9585	0.9864	1045.5662	1021.8007	10.5834	1.1948	16971.7326	1.3631	1.0639	0.8813	2.6677	0.7503	0.8033	0.0009	1.3277	0.9519	3.7845	0.8992	0.0006	2.7045	0.0007	0.0008	0.0001	1.1112	0.0001	2.7764	0.3446	829.4030	-0.1202	0.0521	38.1974	22.0894	14.3032	9.3639	3.8993	2.8999	0.9994	1.2567	1.2566	0.0001	2.6426	1.6433	0.9993	0.1405	0.0002	0.1403	0.0002	0.0002	0.0000	0.1403	0.0000	0.1403	3.6651	3.2905	0.3746	1.6748	1.5642	0.1106	1.9903	1.7263	0.2641	0.7230	0.4193	0.3037	0.2384	0.2152	0.0232	0.4846	0.2041	0.2805	5.4739	2183.4794	5.7733	1045.5662	1021.8007	10.5834	4.5841	6186166.7482	7.5640	0.1944	0.0004	0.4621	0.0007	0.0008	0.0001	0.2896	0.0000	0.5003
28	42	0.2044	5	1	2	0	0	0	0	0	0	N	Y	N	N	N	N	N	N	N	N	N	N	1396.3606	635.4235	7643.9621	687.8663	641.7019	1.2730	1596.3807	1674.8422	8247.2572	0.6137	0.5195	1.3612	1.5773	1.6465	0.0002	0.3815	0.2210	1.4684	0.0004	0.0008	0.0002	0.0023	0.0026	0.0002	0.0002	0.0001	0.0002	0.3300	0.3318	-0.1541	-0.0002	38.1974	43.3975	14.3032	17.3745	3.9499	2.9698	0.9801	1.9709	1.9709	0.0000	1.9790	0.9989	0.9801	0.0005	0.0004	0.0001	0.0004	0.0004	0.0000	0.0001	0.0000	0.0001	6.4363	5.7163	0.7200	1.2495	1.1970	0.0525	5.1867	4.5193	0.6675	1.5363	0.8093	0.7270	0.1716	0.1519	0.0196	1.3648	0.6574	0.7074	1814.4962	1077.7155	7643.9621	687.8663	641.7019	1.2730	4125.2622	517449.8894	8247.2572	0.0003	0.0005	0.0002	0.0023	0.0026	0.0002	0.0001	0.0000	0.0002
28	43	0.5638	8	2	1	1	0	0	0	0	0	Y	N	N	N	N	N	N	N	N	N	N	N	2778.0965	859.7094	495103.0077	816.9140	766.8869	150.6348	405703.4200	79073.4135	839063.7998	1.1787	0.9294	3.3872	1.2074	1.2793	0.0051	1.1591	0.6687	4.3764	0.0004	0.0011	0.0000	0.0015	0.0017	0.0000	0.0000	0.0000	0.0000	0.4114	0.0094	0.0154	-0.0001	38.1974	18.2331	14.3032	4.4208	3.5600	2.5223	1.0376	1.4830	1.4827	0.0004	2.0770	1.0397	1.0373	0.0002	0.0002	0.0000	0.0002	0.0002	0.0000	0.0000	0.0000	0.0000	3.0202	2.7138	0.3063	1.2283	1.1590	0.0693	1.7919	1.5549	0.2370	0.4822	0.2649	0.2173	0.1071	0.0946	0.0125	0.3752	0.1703	0.2048	3567.8533	1560.1134	495103.0077	816.9140	766.8869	150.6348	405703.4200	33494153.8131	839063.7998	0.0003	0.0006	0.0000	0.0015	0.0017	0.0000	0.0000	0.0000	0.0000
28	44	0.6236	8	1	2	0	1	0	0	0	0	N	Y	N	N	N	N	N	N	N	N	N	N	0.5581	1.7673	0.0029	6.9473	6.0021	0.0013	0.2101	1997.2141	0.0035	0.6348	0.7031	0.0115	1.1354	1.2063	0.0000	0.2901	0.3298	0.0152	1.1375	0.3978	4.0167	0.1634	0.2010	0.0012	1.3809	0.0002	4.2974	0.0018	40.8734	-1.6346	0.3555	38.1974	62.5878	14.3032	29.9840	5.7285	5.7183	0.0103	4.1785	4.1785	0.0000	1.5500	1.5397	0.0103	1.0222	0.0244	0.9978	0.0245	0.0244	0.0001	0.9977	0.0000	0.9977	9.0237	8.1331	0.8906	3.6803	3.4640	0.2163	5.3434	4.6691	0.6743	1.7319	1.0233	0.7086	0.5321	0.4559	0.0762	1.1998	0.5674	0.6324	1.0755	29.4710	0.0082	24.6576	22.5278	0.0013	0.3488	611253.2301	0.0096	0.5902	0.0239	1.4082	0.0460	0.0535	0.0012	0.8316	0.0000	1.5777
28	45	0.5638	8	2	1	1	0	0	0	0	0	Y	N	N	N	N	N	N	N	N	N	N	N	3049.1041	577.8380	145986.0179	177.7511	153.5500	783.1783	383097.5116	80199.8944	1039735.9863	1.3720	0.5907	8.4366	0.2626	0.2390	0.6637	2.1931	0.8740	10.8607	0.0004	0.0010	0.0001	0.0015	0.0016	0.0008	0.0000	0.0000	0.0000	1.5794	0.0822	1.0603	-0.0001	38.1974	13.5293	14.3032	3.1702	3.2608	1.2642	1.9966	0.2655	0.2281	0.0373	2.9953	1.0360	1.9593	0.0001	0.0001	0.0000	0.0001	0.0001	0.0000	0.0000	0.0000	0.0000	2.3767	2.1400	0.2367	1.0109	0.9547	0.0563	1.3658	1.1854	0.1804	0.3667	0.2025	0.1642	0.0834	0.0741	0.0093	0.2832	0.1284	0.1549	4028.9735	1036.7658	145986.0179	177.7511	153.5500	783.1783	383097.5116	31162601.2855	1039735.9863	0.0003	0.0006	0.0001	0.0015	0.0016	0.0008	0.0000	0.0000	0.0000
28	46	0.5594	7	2	1	1	0	0	0	0	0	Y	N	N	N	N	N	N	N	N	N	N	N	3.2043	1.2600	103.9531	4.8097	4.8616	16.8960	25.7225	3.9639	131.9651	0.3911	0.4036	0.3014	0.5007	0.5289	0.0336	0.2681	0.2387	0.3888	0.1221	0.3204	0.0029	0.1041	0.1088	0.0020	0.0104	0.0602	0.0029	0.1042	0.1105	-0.0945	-0.0010	38.1974	4.1147	14.3032	1.2946	0.4901	0.4438	0.0463	0.3318	0.3305	0.0013	0.1583	0.1133	0.0450	0.0019	0.0017	0.0002	0.0016	0.0016	0.0000	0.0003	0.0001	0.0002	1.2530	1.0995	0.1535	0.6627	0.6249	0.0378	0.5903	0.4746	0.1157	0.1565	0.0917	0.0648	0.0451	0.0419	0.0032	0.1113	0.0497	0.0616	32.4252	21.7719	103.9531	13.8097	13.6074	16.8960	118.6987	169.6313	131.9651	0.0121	0.0185	0.0029	0.0363	0.0389	0.0020	0.0023	0.0014	0.0029
28	47	0.4967	6	2	1	0	0	0	0	0	0	Y	N	N	N	N	N	N	N	N	N	N	N	0.3841	0.1877	1.3020	0.0380	0.0372	11.2577	0.5886	0.3437	1.6215	0.3454	0.2074	1.4711	0.0610	0.0614	0.0540	0.5055	0.2980	1.7734	0.8991	1.1051	1.1298	1.6040	1.6487	0.0048	0.8588	0.8670	1.0937	0.8693	0.4335	0.2276	-0.0679	38.1974	22.0103	14.3032	13.6452	1.2795	0.6845	0.5950	0.0814	0.0776	0.0038	1.1981	0.6069	0.5912	0.2083	0.1453	0.0630	0.1363	0.1362	0.0001	0.0719	0.0091	0.0628	3.7048	3.3003	0.4045	1.3344	1.2633	0.0711	2.3704	2.0370	0.3334	1.0779	0.6486	0.4293	0.3431	0.3136	0.0296	0.7347	0.3350	0.3997	1.7876	0.9260	10.0277	0.1536	0.1414	11.2577	5.1631	10.9764	11.2806	0.1932	0.2240	0.1467	0.3973	0.4343	0.0048	0.0979	0.0271	0.1572
28	48	0.3662	9	1	2	0	0	0	0	0	0	N	Y	N	N	N	N	N	N	N	N	N	N	0.5265	0.3055	1.1906	0.1148	0.2626	0.0083	0.6037	0.1621	1.2558	0.6284	0.0804	5.1298	0.0112	0.0114	0.0047	0.8677	0.1101	5.6930	1.1934	0.2630	4.3088	0.0975	0.0436	0.5722	1.4374	0.6792	4.5333	7.7703	76.8786	0.8227	0.1289	38.1974	12.3962	14.3032	3.7178	1.3739	0.1566	1.2172	0.0068	0.0067	0.0001	1.3670	0.1499	1.2171	0.3594	0.0046	0.3548	0.0042	0.0022	0.0020	0.3552	0.0025	0.3527	2.1864	1.9492	0.2373	0.6111	0.5876	0.0235	1.5754	1.3616	0.2138	0.4904	0.2866	0.2039	0.1189	0.1089	0.0099	0.3716	0.1776	0.1939	0.8575	4.9910	2.9480	0.3172	0.5778	0.0231	0.9078	7.9640	3.1302	0.7327	0.0161	1.7401	0.0353	0.0198	0.2048	0.9559	0.0138	1.8187
28	49	0.3373	8	1	1	0	0	0	0	0	0	N	N	N	N	N	N	N	N	N	N	N	N	0.2655	0.2019	0.1772	0.2544	0.2582	0.0496	0.1088	0.0311	0.1968	0.3812	0.3561	0.5952	0.8712	0.9100	0.0096	0.1498	0.0671	0.6841	1.4357	1.7639	3.3590	3.4241	3.5242	0.1931	1.3765	2.1597	3.4764	0.1957	0.3796	-0.1330	-0.3054	38.1974	14.4870	14.3032	5.8627	1.0771	0.9008	0.1763	0.7897	0.7893	0.0004	0.2875	0.1115	0.1759	0.8645	0.6266	0.2379	0.4526	0.4509	0.0017	0.4119	0.1758	0.2362	2.8258	2.5296	0.2962	0.9064	0.8674	0.0390	1.9194	1.6622	0.2572	0.6849	0.3959	0.2889	0.1843	0.1676	0.0167	0.5006	0.2283	0.2723	0.3020	0.2250	0.7230	0.3548	0.3383	0.0944	0.1820	0.0872	0.7886	1.2623	1.5827	0.8233	2.4557	2.6898	0.1015	0.8230	0.7699	0.8675
28	50	0.1811	3	2	2	1	0	0	0	0	0	Y	Y	N	N	N	N	N	N	N	N	N	N	330.7761	5.7376	inf	2.1597	1.8705	inf	inf	inf	inf	0.0326	0.0012	0.2611	0.0052	0.0051	0.0073	0.0390	0.0002	0.2803	0.0001	0.0002	0.0000	0.0024	0.0027	0.0000	0.0000	0.0000	0.0000	29.4479	0.0000	0.0035	-0.0000	38.1974	0.9856	14.3032	2.8295	0.0051	0.0002	0.0049	0.0002	0.0001	0.0000	0.0050	0.0000	0.0049	0.0000	0.0000	0.0000	0.0000	0.0000	0.0000	0.0000	0.0000	0.0000	0.1568	0.1378	0.0189	0.0296	0.0283	0.0013	0.1271	0.1095	0.0176	0.1040	0.0507	0.0534	0.0043	0.0038	0.0005	0.0998	0.0469	0.0529	330.7761	6.0172	inf	2.1597	1.8705	inf	inf	inf	inf	0.0001	0.0002	0.0000	0.0024	0.0027	0.0000	0.0000	0.0000	0.0000
28	51	0.6036	9	2	2	0	0	0	0	0	0	Y	Y	N	N	N	N	N	N	N	N	N	N	0.2226	571.7711	0.0000	79.6499	97.8150	0.0219	0.2379	171.0113	0.0000	0.4529	0.5039	0.0000	0.0789	0.0835	0.0000	0.7347	0.8502	0.0000	2.0349	0.0009	9.9178	0.0010	0.0009	0.0020	3.0887	0.0050	11.5452	0.0000	6483.8638	-0.3101	0.3708	38.1974	13.3057	14.3032	8.6321	1.0801	1.0801	0.0000	0.0809	0.0809	0.0000	0.9992	0.9992	0.0000	0.9982	0.0002	0.9980	0.0002	0.0001	0.0000	0.9980	0.0000	0.9980	2.3847	2.1435	0.2411	1.0246	0.9682	0.0564	1.3600	1.1753	0.1847	0.4905	0.2977	0.1928	0.1674	0.1474	0.0200	0.3231	0.1503	0.1728	0.2226	974.5051	0.0000	79.6499	97.8150	0.0219	0.2379	4553.3829	0.0000	2.0349	0.0005	5.1754	0.0010	0.0009	0.0020	3.0887	0.0002	5.7745
28	52	0.4683	11	1	2	0	1	0	0	0	0	N	Y	N	N	N	N	N	N	N	N	N	N	0.0782	1314.4549	0.0001	7.9949	846.2796	0.0000	0.0329	362.4647	0.0001	0.0187	0.0210	0.0000	0.0292	0.0307	0.0000	0.0123	0.0143	0.0000	0.2398	0.0000	0.1323	0.0037	0.0000	0.0313	0.3728	0.0000	0.1207	0.0001	1993.1787	-0.0020	0.0003	38.1974	2.1073	14.3032	0.0711	0.0069	0.0069	0.0000	0.0041	0.0041	0.0000	0.0028	0.0028	0.0000	0.0009	0.0000	0.0009	0.0001	0.0000	0.0001	0.0009	0.0000	0.0009	0.3667	0.3273	0.0394	0.1402	0.1332	0.0070	0.2265	0.1941	0.0323	0.0527	0.0308	0.0219	0.0144	0.0126	0.0018	0.0383	0.0182	0.0201	1.0772	1407.4951	0.0003	8.3412	846.2796	0.0000	0.5422	137294.5059	0.0003	0.0174	0.0000	0.0419	0.0035	0.0000	0.0275	0.0226	0.0000	0.0432
28	53	0.4059	10	1	1	0	1	0	0	0	0	N	N	N	N	N	N	N	N	N	N	N	N	0.1362	28.6372	0.0008	136.5884	537.9645	0.0000	0.0180	0.1653	0.0009	0.2292	0.2549	0.0055	0.5653	0.5982	0.0000	0.0371	0.0417	0.0068	1.6829	0.0089	6.9581	0.0041	0.0011	0.0187	2.0678	0.2522	7.7465	0.0025	1140.4112	-0.2187	0.3691	38.1974	21.8329	14.3032	8.0592	0.7681	0.7662	0.0019	0.6889	0.6889	0.0000	0.0792	0.0773	0.0019	0.9956	0.0009	0.9947	0.0004	0.0001	0.0003	0.9952	0.0008	0.9944	3.3518	3.0058	0.3460	1.2187	1.1517	0.0670	2.1331	1.8542	0.2789	0.5916	0.3200	0.2716	0.1017	0.0862	0.0155	0.4899	0.2338	0.2561	0.1362	93.5111	0.0015	149.2435	537.9645	0.0000	0.0183	12.5537	0.0018	1.6829	0.0027	3.6620	0.0038	0.0011	0.0187	2.0315	0.0033	3.8827
28	54	0.7160	11	1	2	0	1	0	0	0	0	N	Y	N	N	N	N	N	N	N	N	N	N	0.0000	0.0000	0.0000	0.0000	0.0000	0.0000	0.0000	0.0000	0.0000	0.0000	0.0000	0.0000	0.0000	0.0000	0.0000	0.0000	0.0000	0.0000	0.0000	0.0000	38.1974	0.0000	14.3032	0.0000	0.0000	0.0000	0.0000	0.0000	0.0000	0.0000	0.0000	0.0000	0.0000	0.0000	0.0000	0.0000	0.0000	0.0000	0.0000	0.0000	0.0000	0.0000	0.0000	0.0000	0.0000	0.0000	0.0000	0.0000	0.0000	0.0000	0.0000	0.0000	0.0000	0.0000	0.0000	0.0000	0.0000	0.0000	0.0000	0.0000	0.0000	0.0000	0.0000	0.0000	0.0000	0.0000	0.0000	0.0000	0.0000	0.0000	0.0000	0.0000	0.0000	0.0000	0.0000	0.0000	0.0000	0.0000											
28	55	0.4059	10	1	1	0	1	0	0	0	0	N	N	N	N	N	N	N	N	N	N	N	N	0.1622	0.1146	688.3704	0.0518	0.0495	211.0168	0.2809	0.1193	871.4930	0.0859	0.0829	0.1112	0.0181	0.0185	0.0118	0.1426	0.1420	0.1462	0.5296	0.7235	0.0002	0.3490	0.3730	0.0001	0.5076	1.1905	0.0002	0.1553	0.0015	-0.0037	-0.0011	38.1974	1.2825	14.3032	0.1503	0.0245	0.0212	0.0033	0.0024	0.0023	0.0001	0.0222	0.0190	0.0032	0.0017	0.0017	0.0000	0.0008	0.0008	0.0000	0.0010	0.0010	0.0000	0.2857	0.2560	0.0297	0.1302	0.1224	0.0077	0.1555	0.1336	0.0219	0.0406	0.0248	0.0158	0.0109	0.0100	0.0009	0.0297	0.0148	0.0149	1.9924	1.1770	688.3704	0.2501	0.2349	211.0168	4.4030	2.1871	871.4930	0.0431	0.0705	0.0002	0.0723	0.0786	0.0001	0.0324	0.0649	0.0002
28	56	0.3649	9	1	1	0	1	0	0	0	0	N	N	N	N	N	N	N	N	N	N	N	N	0.4880	0.3501	6.5687	66.1237	59.9393	3.2909	0.2931	0.1697	7.9366	0.7757	0.8767	0.0169	1.0156	1.0946	0.0032	0.6090	0.7117	0.0215	1.5895	2.5043	0.0026	0.0154	0.0183	0.0010	2.0777	4.1937	0.0027	0.0026	0.0007	-0.6575	-0.6125	38.1974	14.8542	14.3032	6.8183	2.3103	2.3044	0.0059	1.2403	1.2400	0.0003	1.0700	1.0644	0.0056	0.9758	0.9752	0.0007	0.0017	0.0017	0.0000	0.9741	0.9735	0.0006	2.9784	2.6284	0.3499	1.2212	1.1329	0.0884	1.7571	1.4956	0.2615	0.6467	0.3894	0.2573	0.1779	0.1573	0.0206	0.4688	0.2321	0.2367	0.5141	0.3501	6.5687	104.1361	100.4099	3.2909	0.2931	0.1697	7.9366	1.5089	2.5043	0.0026	0.0098	0.0109	0.0010	2.0777	4.1937	0.0027
28	57	0.2900	8	1	1	0	1	0	0	0	0	N	N	N	N	N	N	N	N	N	N	N	N	2.9314	1.6253	2037.5431	154.0026	133.2824	1606.5870	1.4192	0.3385	2306.7098	0.9768	0.8825	1.8298	1.7036	1.7788	0.1413	0.5951	0.3676	2.1489	0.3332	0.5430	0.0009	0.0111	0.0133	0.0001	0.4193	1.0861	0.0009	0.2292	0.0187	-0.5933	-0.0143	38.1974	33.5853	14.3032	9.3450	5.8940	4.7950	1.0991	3.5399	3.5264	0.0135	2.3541	1.2685	1.0856	0.0235	0.0231	0.0004	0.0013	0.0013	0.0000	0.0222	0.0217	0.0004	6.0338	5.4332	0.6006	2.0779	1.9825	0.0955	3.9559	3.4507	0.5052	1.0583	0.5789	0.4794	0.1725	0.1534	0.0190	0.8858	0.4255	0.4603	43.9920	22.1472	2037.5431	222.4721	206.9003	1606.5870	23.7682	7.1916	2306.7098	0.0222	0.0398	0.0009	0.0077	0.0086	0.0001	0.0250	0.0511	0.0009
28	58	0.2692	7	1	1	0	0	0	0	0	0	N	N	N	N	N	N	N	N	N	N	N	N	0.7526	0.4655	6.4342	0.5607	0.5482	70.2012	0.8380	0.3365	8.9047	0.5183	0.3611	1.8228	0.5374	0.5478	0.3071	0.5095	0.2660	2.0412	0.6887	0.7757	0.2833	0.9585	0.9992	0.0044	0.6080	0.7904	0.2292	0.6085	0.6230	0.1467	-0.0101	38.1974	15.2419	14.3032	2.5705	1.6092	1.0004	0.6087	0.5250	0.5121	0.0129	1.0841	0.4883	0.5958	0.0411	0.0253	0.0158	0.0214	0.0214	0.0000	0.0197	0.0039	0.0157	3.1046	2.7707	0.3340	0.9770	0.9349	0.0421	2.1276	1.8357	0.2919	0.5504	0.2975	0.2529	0.1136	0.1043	0.0092	0.4368	0.1932	0.2437	6.9366	4.2393	29.1996	2.8462	2.6703	70.2012	11.3083	13.0521	31.5858	0.0747	0.0852	0.0624	0.1888	0.2051	0.0044	0.0451	0.0204	0.0646
28	59	0.7160	11	1	1	0	1	0	0	0	0	N	N	N	N	N	N	N	N	N	N	N	N	0.0000	0.0000	0.0000	0.0000	0.0000	0.0000	0.0000	0.0000	0.0000	0.0000	0.0000	0.0000	0.0000	0.0000	0.0000	0.0000	0.0000	0.0000	0.0000	0.0000	38.1974	0.0000	14.3032	0.0000	0.0000	0.0000	0.0000	0.0000	0.0000	0.0000	0.0000	0.0000	0.0000	0.0000	0.0000	0.0000	0.0000	0.0000	0.0000	0.0000	0.0000	0.0000	0.0000	0.0000	0.0000	0.0000	0.0000	0.0000	0.0000	0.0000	0.0000	0.0000	0.0000	0.0000	0.0000	0.0000	0.0000	0.0000	0.0000	0.0000	0.0000	0.0000	0.0000	0.0000	0.0000	0.0000	0.0000	0.0000	0.0000	0.0000	0.0000	0.0000	0.0000	0.0000	0.0000	0.0000	0.0000	0.0000											
28	60	0.6386	10	1	1	0	1	0	0	0	0	N	N	N	N	N	N	N	N	N	N	N	N	0.9574	0.6794	3.2369	2.5581	2.2715	0.0031	0.4433	4.1296	3.8791	0.3202	0.3554	0.0041	0.8563	0.8985	0.0000	0.0010	0.0004	0.0050	0.3345	0.5231	0.0013	0.3347	0.3956	0.0012	0.0023	0.0001	0.0013	0.0013	0.0230	-0.2427	-0.0078	38.1974	19.3360	14.3032	7.9957	0.8491	0.8480	0.0011	0.8474	0.8474	0.0000	0.0017	0.0006	0.0011	0.0128	0.0125	0.0003	0.0125	0.0125	0.0000	0.0003	0.0000	0.0003	2.6515	2.3860	0.2655	0.9896	0.9432	0.0465	1.6618	1.4428	0.2190	0.5712	0.3455	0.2258	0.1794	0.1535	0.0259	0.3918	0.1920	0.1999	14.2942	9.8153	3.2369	12.2504	11.0248	0.0031	1.5222	1281.6765	3.8791	0.0224	0.0362	0.0013	0.0699	0.0815	0.0012	0.0007	0.0000	0.0013
28	61	0.3286	8	1	2	1	0	0	0	0	0	N	Y	N	N	N	N	N	N	N	N	N	N	0.3656	3.8313	0.0000	1.0356	1.0419	0.0000	0.3503	3912.0615	0.0000	0.5819	0.6609	0.0000	0.4227	0.4463	0.0000	0.6416	0.7500	0.0000	1.5916	0.1725	6.0959	0.4082	0.4283	0.0002	1.8318	0.0002	6.2958	0.0000	242.3579	-0.3688	0.3604	38.1974	14.2360	14.3032	11.9336	1.2845	1.2845	0.0000	0.2544	0.2544	0.0000	1.0301	1.0301	0.0000	0.9807	0.0040	0.9767	0.0040	0.0040	0.0000	0.9767	0.0000	0.9767	2.2073	1.9436	0.2637	0.6018	0.5701	0.0318	1.6055	1.3735	0.2320	0.6483	0.3246	0.3237	0.0505	0.0470	0.0035	0.5978	0.2776	0.3202	0.3847	53.2325	0.0000	5.2962	5.2051	0.0000	0.3928	1157888.3956	0.0000	1.5127	0.0124	3.0168	0.0798	0.0857	0.0002	1.6337	0.0000	3.0497
28	62	0.1310	4	2	1	1	0	0	0	0	0	Y	N	N	N	N	N	N	N	N	N	N	N	46.4378	6.4083	283314.7402	2.5552	2.6705	32.0420	93351.8470	718.1235	340216.6552	0.9458	0.8051	1.9432	1.2755	1.3428	0.0087	0.8882	0.7017	2.0681	0.0204	0.1256	0.0000	0.4992	0.5028	0.0003	0.0000	0.0010	0.0000	0.3407	0.0006	-0.1311	-0.0040	38.1974	28.8660	14.3032	13.2209	3.9692	2.9606	1.0086	0.7962	0.7959	0.0003	3.1730	2.1647	1.0083	0.0064	0.0064	0.0000	0.0064	0.0064	0.0000	0.0000	0.0000	0.0000	4.1965	3.6774	0.5191	0.6242	0.5927	0.0315	3.5722	3.0847	0.4876	1.1624	0.5846	0.5777	0.0673	0.0656	0.0017	1.0951	0.5190	0.5760	171.9336	73.6524	283314.7402	13.4414	13.7949	32.0420	116924.9916	75608.9718	340216.6552	0.0055	0.0109	0.0000	0.0949	0.0973	0.0003	0.0000	0.0000	0.0000
28	63	0.2537	7	2	2	0	0	0	0	0	0	Y	Y	N	N	N	N	N	N	N	N	N	N	2.1477	1.7079	0.4960	0.0009	0.0009	13.1728	213.8609	2574.8851	0.5294	1.2526	1.4130	0.0016	0.0013	0.0013	0.0008	1.5970	1.8388	0.0017	0.5833	0.8274	0.0033	1.3414	1.3947	0.0001	0.0075	0.0007	0.0033	0.0001	0.0304	-0.2860	-0.0124	38.1974	5.0237	14.3032	8.0282	0.9965	0.9963	0.0001	0.0002	0.0002	0.0000	0.9963	0.9961	0.0001	0.0206	0.0200	0.0006	0.0200	0.0200	0.0000	0.0006	0.0000	0.0006	0.7955	0.7051	0.0904	0.1717	0.1634	0.0083	0.6238	0.5417	0.0821	0.4014	0.2088	0.1926	0.0678	0.0614	0.0064	0.3336	0.1473	0.1863	24.3609	14.7274	0.5208	0.0043	0.0039	13.1728	873.6298	370922.1322	0.5294	0.0514	0.0959	0.0032	0.2955	0.3261	0.0001	0.0018	0.0000	0.0033
28	64	0.1907	6	2	2	0	0	0	0	0	0	Y	Y	N	N	N	N	N	N	N	N	N	N	0.4471	5.1178	0.2599	1.0989	0.8771	137.0956	0.4588	2.5352	0.2796	0.4059	0.3740	0.6564	0.0881	0.0854	0.1482	0.4818	0.4498	0.6963	0.9079	0.0731	2.5256	0.0802	0.0974	0.0011	1.0502	0.1774	2.4903	0.2239	44.4617	-0.1213	0.0702	38.1974	17.5893	14.3032	19.0270	1.1643	0.9513	0.2130	0.0487	0.0452	0.0035	1.1156	0.9061	0.2095	0.2006	0.0044	0.1962	0.0034	0.0034	0.0000	0.1973	0.0010	0.1962	2.8683	2.5438	0.3245	0.5528	0.5291	0.0237	2.3155	2.0147	0.3008	0.9996	0.5126	0.4869	0.1076	0.0948	0.0128	0.8920	0.4178	0.4742	2.0222	43.4357	1.6288	2.8042	2.4058	137.0956	2.1785	179.4889	1.6827	0.2007	0.0086	0.4030	0.0314	0.0355	0.0011	0.2212	0.0025	0.4138
28	65	0.1844	5	1	2	0	0	0	0	0	0	N	Y	N	N	N	N	N	N	N	N	N	N	4.7765	19.4980	0.3414	18.1567	17.3709	14.8139	2.4260	1.2598	0.3806	0.3195	0.3574	0.0132	0.0786	0.0809	0.0062	0.3840	0.4402	0.0136	0.0669	0.0183	0.0386	0.0043	0.0047	0.0004	0.1583	0.3494	0.0358	0.0046	2.3283	-0.0295	0.0001	38.1974	1.7566	14.3032	2.8742	0.1043	0.1038	0.0005	0.0054	0.0054	0.0000	0.0988	0.0984	0.0005	0.0021	0.0006	0.0015	0.0002	0.0002	0.0000	0.0019	0.0004	0.0015	0.3263	0.2904	0.0360	0.0690	0.0669	0.0021	0.2574	0.2235	0.0339	0.2197	0.1403	0.0794	0.0581	0.0554	0.0027	0.1616	0.0849	0.0767	33.4835	79.6031	0.7141	20.1938	19.9063	14.8139	33.1912	92.3233	0.7128	0.0095	0.0045	0.0185	0.0039	0.0041	0.0004	0.0116	0.0048	0.0191
28	66	0.3286	8	1	2	0	0	0	0	0	0	N	Y	N	N	N	N	N	N	N	N	N	N	2.9432	0.7633	208.7131	0.1279	0.1095	6.8276	20.7872	2871.9756	278.7369	1.0761	0.3928	6.2538	0.1446	0.1272	0.4559	1.4134	0.4987	7.0507	0.3656	0.5146	0.0300	1.1312	1.1622	0.0668	0.0680	0.0002	0.0253	2.1009	0.4183	1.3293	-0.0064	38.1974	21.1811	14.3032	10.1862	3.4051	1.0981	2.3070	0.1217	0.1014	0.0203	3.2834	0.9967	2.2867	0.0191	0.0135	0.0056	0.0137	0.0135	0.0002	0.0054	0.0000	0.0054	3.1643	2.7954	0.3689	0.8412	0.7967	0.0446	2.3231	1.9987	0.3243	0.7658	0.3834	0.3824	0.0583	0.0541	0.0042	0.7075	0.3293	0.3782	43.1846	11.1935	424.9428	0.6170	0.5116	9.4003	184.2848	890992.3730	491.4673	0.0249	0.0351	0.0147	0.2344	0.2487	0.0485	0.0077	0.0000	0.0143
28	67	0.3147	7	1	2	0	0	0	0	0	0	N	Y	N	N	N	N	N	N	N	N	N	N	0.1286	38.0535	0.1369	38.4396	35.3198	3.7065	0.0363	1.1921	0.1869	0.0817	0.0766	0.1218	0.2395	0.2508	0.0011	0.0264	0.0089	0.1357	0.6358	0.0020	0.8897	0.0062	0.0071	0.0003	0.7259	0.0074	0.7262	0.2042	137.7942	-0.0116	0.0048	38.1974	7.4253	14.3032	0.9851	0.0991	0.0823	0.0168	0.0754	0.0754	0.0000	0.0236	0.0069	0.0168	0.0133	0.0001	0.0132	0.0001	0.0001	0.0000	0.0132	0.0000	0.0132	1.2120	1.0741	0.1379	0.3149	0.3006	0.0143	0.8971	0.7735	0.1236	0.2146	0.1061	0.1085	0.0139	0.0127	0.0011	0.2008	0.0934	0.1074	1.3203	84.9044	1.0020	48.3706	46.6850	3.7065	0.4003	30.1614	1.1048	0.0619	0.0009	0.1216	0.0050	0.0054	0.0003	0.0658	0.0003	0.1229
28	68	0.3373	8	1	1	1	0	0	0	0	0	N	N	N	N	N	N	N	N	N	N	N	N	0.3193	0.1802	0.5327	0.2492	0.2491	0.0057	0.2129	0.0011	0.5900	0.5244	0.3466	2.0412	0.9697	1.0134	0.0021	0.3163	0.0023	2.3489	1.6424	1.9230	3.8321	3.8916	4.0684	0.3679	1.4855	2.1513	3.9814	0.6906	0.4645	0.1849	-0.3563	38.1974	15.0354	14.3032	6.2061	1.5236	0.9012	0.6224	0.8973	0.8973	0.0001	0.6262	0.0039	0.6223	1.1451	0.7819	0.3632	0.6088	0.6063	0.0026	0.5362	0.1756	0.3606	2.9054	2.6005	0.3049	0.9253	0.8854	0.0400	1.9800	1.7151	0.2649	0.7048	0.4066	0.2982	0.1872	0.1701	0.0171	0.5175	0.2365	0.2811	0.3228	0.1802	1.6757	0.2982	0.2844	0.0140	0.3052	0.0031	1.8305	1.6248	1.9230	1.2181	3.2518	3.5640	0.1508	1.0362	0.7426	1.2831
28	69	0.2692	7	1	1	0	0	0	0	0	0	N	N	N	N	N	N	N	N	N	N	N	N	0.1388	0.0718	0.3001	0.8045	0.9298	0.0409	0.1201	0.0179	0.3153	0.3210	0.1236	1.9409	0.2969	0.3103	0.0081	0.3301	0.0462	2.1845	2.3132	1.7203	6.4671	0.3690	0.3337	0.1977	2.7481	2.5786	6.9277	1.9140	1.9465	0.5723	0.0792	38.1974	27.6811	14.3032	13.1592	1.5480	0.5312	1.0168	0.3914	0.3909	0.0005	1.1566	0.1403	1.0163	2.4542	0.8329	1.6213	0.0130	0.0111	0.0019	2.4412	0.8218	1.6193	4.8222	4.2984	0.5238	1.3184	1.2598	0.0586	3.5038	3.0386	0.4652	1.0610	0.5653	0.4957	0.1726	0.1542	0.0184	0.8883	0.4111	0.4772	0.1388	0.0839	0.5934	3.9497	4.3255	0.0779	0.1201	0.0231	0.6438	2.3132	1.4734	3.2709	0.0752	0.0717	0.1038	2.7481	1.9992	3.3931
28	70	0.2344	6	1	1	0	0	0	0	0	0	N	N	N	N	N	N	N	N	N	N	N	N	0.9045	1.1643	3.2376	5.4599	5.2740	2.1158	0.8456	0.5703	4.1954	0.3988	0.3737	0.5986	0.2800	0.2915	0.0035	0.4433	0.4080	0.6626	0.4409	0.3210	0.1849	0.0513	0.0553	0.0017	0.5242	0.7153	0.1579	0.2016	2.1246	-0.1747	0.0013	38.1974	19.6565	14.3032	4.0504	1.4636	1.2180	0.2456	0.2798	0.2796	0.0001	1.1838	0.9383	0.2454	0.0250	0.0080	0.0170	0.0035	0.0034	0.0000	0.0216	0.0046	0.0170	3.6695	3.2593	0.4103	0.9991	0.9592	0.0398	2.6705	2.3001	0.3704	0.7718	0.4319	0.3399	0.1486	0.1385	0.0102	0.6231	0.2934	0.3297	12.2945	20.1419	11.9513	12.0221	11.7150	2.1158	12.8034	26.2100	12.8455	0.0324	0.0186	0.0501	0.0233	0.0249	0.0017	0.0346	0.0156	0.0516
28	71	0.3179	8	2	2	0	0	0	0	0	0	Y	Y	N	N	N	N	N	N	N	N	N	N	21.6100	2.3553	187858.9398	57.2720	56.7524	0.5197	15.7865	1.1483	22749159.9709	1.4044	0.7757	6.5661	0.4270	0.4483	0.0017	1.7831	0.9149	7.4824	0.0650	0.3293	0.0000	0.0075	0.0079	0.0032	0.1130	0.7968	0.0000	1.0310	0.0019	0.8494	-0.0034	38.1974	17.5448	14.3032	6.0013	3.8522	1.8967	1.9555	0.3271	0.3270	0.0001	3.5251	1.5697	1.9554	0.0055	0.0055	0.0000	0.0002	0.0002	0.0000	0.0053	0.0053	0.0000	2.7430	2.4452	0.2978	0.7661	0.7296	0.0365	1.9769	1.7156	0.2613	0.5816	0.2893	0.2923	0.0379	0.0348	0.0031	0.5437	0.2545	0.2891	148.5351	40.8888	187858.9398	76.7060	77.5910	0.5197	183.3328	44.0420	22749159.9709	0.0095	0.0190	0.0000	0.0056	0.0058	0.0032	0.0097	0.0208	0.0000
28	72	0.3863	11	2	2	1	0	0	0	0	0	Y	Y	N	N	N	N	N	N	N	N	N	N	0.0302	0.2272	0.0011	0.2099	0.3183	0.0024	0.0000	inf	0.0000	0.0000	0.0000	0.0000	0.0001	0.0001	0.0000	0.0000	0.0000	0.0000	0.0012	0.0002	0.0015	0.0005	0.0004	0.0053	0.0025	0.0000	0.0014	0.0055	5.0156	-0.0000	0.0000	38.1974	1.8980	14.3032	2.9698	0.0000	0.0000	0.0000	0.0000	0.0000	0.0000	0.0000	0.0000	0.0000	0.0001	0.0000	0.0001	0.0000	0.0000	0.0000	0.0001	0.0000	0.0001	0.3026	0.2686	0.0341	0.0959	0.0913	0.0046	0.2067	0.1773	0.0295	0.1818	0.1164	0.0654	0.0555	0.0536	0.0019	0.1263	0.0628	0.0635	0.0545	0.2353	0.0011	0.2099	0.3183	0.0024	0.0002	inf	0.0000	0.0007	0.0002	0.0015	0.0005	0.0004	0.0053	0.0007	0.0000	0.0014
28	73	0.3668	10	2	1	1	0	0	0	0	0	Y	N	N	N	N	N	N	N	N	N	N	N	0.0095	0.4800	0.0008	0.3379	0.5259	0.0019	0.0045	0.1973	0.0008	0.0028	0.0033	0.0001	0.0039	0.0043	0.0002	0.0018	0.0022	0.0001	0.2976	0.0070	0.1804	0.0114	0.0081	0.1097	0.3919	0.0114	0.1461	0.0083	13.3576	-0.0012	0.0017	38.1974	3.5853	14.3032	4.3819	0.0045	0.0044	0.0000	0.0031	0.0031	0.0000	0.0014	0.0013	0.0000	0.0055	0.0004	0.0051	0.0005	0.0003	0.0001	0.0050	0.0000	0.0050	1.5854	1.3252	0.2602	0.8053	0.7241	0.0812	0.7801	0.6011	0.1790	0.2740	0.1702	0.1038	0.0581	0.0563	0.0018	0.2159	0.1139	0.1020	0.1405	1.4863	0.0029	0.4914	0.7198	0.0031	0.0751	5.1216	0.0023	0.0201	0.0023	0.0493	0.0078	0.0059	0.0673	0.0234	0.0004	0.0490
28	74	0.3353	9	2	1	1	0	0	0	0	0	Y	N	N	N	N	N	N	N	N	N	N	N	0.4484	49.6777	0.1656	22.9849	44.7722	0.4087	0.3211	9.9738	0.1721	0.8229	0.7788	1.2076	1.1419	1.1895	0.0866	0.6708	0.5631	1.3834	1.8352	0.0157	7.2927	0.0497	0.0266	0.2120	2.0891	0.0565	8.0373	0.1776	842.4388	-0.2363	0.3667	38.1974	12.3589	14.3032	7.3592	1.7339	1.4723	0.2616	0.7768	0.7742	0.0025	0.9571	0.6981	0.2590	0.9899	0.0012	0.9888	0.0015	0.0009	0.0006	0.9884	0.0003	0.9881	2.1072	1.8906	0.2166	0.6803	0.6509	0.0294	1.4269	1.2397	0.1872	0.5394	0.2897	0.2497	0.0663	0.0603	0.0060	0.4731	0.2295	0.2437	0.4484	192.2314	0.3049	50.2072	83.3699	0.8043	0.3211	411.5529	0.3412	1.8352	0.0041	3.9599	0.0227	0.0143	0.1077	2.0891	0.0014	4.0549
28	75	0.3179	8	2	1	1	0	0	0	0	0	Y	N	N	N	N	N	N	N	N	N	N	N	0.8677	37.2373	1.5710	145.2032	141.9269	5.9914	0.1669	0.2221	2.1416	0.3302	0.3362	0.2797	0.9034	0.9457	0.0151	0.0749	0.0372	0.3198	0.3805	0.0090	0.1781	0.0062	0.0067	0.0025	0.4488	0.1673	0.1493	0.0991	18.2030	-0.1116	0.0024	38.1974	10.2127	14.3032	1.0234	0.5666	0.5155	0.0511	0.4777	0.4773	0.0004	0.0890	0.0382	0.0507	0.0075	0.0004	0.0071	0.0001	0.0001	0.0000	0.0074	0.0003	0.0071	1.7161	1.5335	0.1826	0.5287	0.5047	0.0240	1.1874	1.0288	0.1586	0.2848	0.1414	0.1434	0.0187	0.0172	0.0015	0.2661	0.1242	0.1419	12.6202	122.4894	5.6806	182.5894	183.0778	5.9914	2.7091	15.4218	6.4279	0.0262	0.0027	0.0492	0.0049	0.0052	0.0025	0.0277	0.0024	0.0498
28	76	0.3147	7	2	1	0	0	0	0	0	0	Y	N	N	N	N	N	N	N	N	N	N	N	2582.8733	6612.3219	1022.9561	3563.9458	3417.5538	207.2003	94.5717	0.2196	1117.7694	1.7324	1.8714	0.6569	5.9448	6.1868	0.0184	0.1042	0.0003	0.7244	0.0007	0.0003	0.0006	0.0017	0.0018	0.0001	0.0011	0.0016	0.0006	0.0454	2.7206	-0.2788	0.0000	38.1974	3.7027	14.3032	0.0091	1.1437	1.0941	0.0496	1.0941	1.0939	0.0001	0.0496	0.0001	0.0495	0.0000	0.0000	0.0000	0.0000	0.0000	0.0000	0.0000	0.0000	0.0000	0.6602	0.5846	0.0756	0.1840	0.1768	0.0072	0.4762	0.4078	0.0683	0.0956	0.0472	0.0484	0.0062	0.0057	0.0005	0.0895	0.0416	0.0479	3898.0168	7738.0831	1022.9561	3563.9458	3417.5538	207.2003	289.6216	12.4214	1117.7694	0.0004	0.0002	0.0006	0.0017	0.0018	0.0001	0.0004	0.0000	0.0006
28	77	0.2977	6	1	1	0	0	0	0	0	0	N	N	N	N	N	N	N	N	N	N	N	N	0.3542	0.2962	21.5936	0.3333	0.3617	1.8256	0.0046	0.0025	35.2416	0.4620	0.5322	0.0020	1.1770	1.3711	0.0001	0.0044	0.0046	0.0033	1.3045	1.7967	0.0001	3.5312	3.7901	0.0001	0.9548	1.8645	0.0001	0.0006	0.0000	-0.1130	-0.3191	38.1974	3.8334	14.3032	6.1787	0.3942	0.3940	0.0002	0.3919	0.3919	0.0000	0.0023	0.0021	0.0002	0.5078	0.5078	0.0000	0.4598	0.4598	0.0000	0.0480	0.0480	0.0000	0.8531	0.7402	0.1129	0.3329	0.2858	0.0471	0.5202	0.4544	0.0658	0.5085	0.3058	0.2027	0.1728	0.1433	0.0295	0.3357	0.1625	0.1732	0.4626	0.3205	21.5936	0.4424	0.4273	1.8256	0.0308	0.0155	35.2416	0.9987	1.6607	0.0001	2.6605	3.2085	0.0001	0.1431	0.2955	0.0001
28	78	0.2586	5	1	1	0	0	0	0	0	0	N	N	N	N	N	N	N	N	N	N	N	N	0.5387	0.4357	4.1278	0.5680	0.6028	0.0342	0.0785	0.0404	6.7923	0.5860	0.6583	0.0074	1.8383	1.9857	0.0006	0.0537	0.0602	0.0091	1.0877	1.5109	0.0018	3.2365	3.2941	0.0175	0.6841	1.4904	0.0013	0.0014	0.0017	-0.4962	-0.2304	38.1974	16.9094	14.3032	5.8161	1.7368	1.7343	0.0024	1.6250	1.6250	0.0000	0.1118	0.1094	0.0024	0.3677	0.3671	0.0006	0.3325	0.3323	0.0002	0.0352	0.0348	0.0004	2.9640	2.6346	0.3294	0.8840	0.8183	0.0656	2.0800	1.8162	0.2638	0.7602	0.4161	0.3442	0.1436	0.1339	0.0097	0.6166	0.2821	0.3344	1.2114	0.7461	4.1278	0.7942	0.8001	0.0342	0.9405	0.4885	6.7923	0.4837	0.8823	0.0018	2.3148	2.4818	0.0175	0.0571	0.1233	0.0013
28	79	0.1844	5	1	2	0	0	0	0	0	0	N	Y	N	N	N	N	N	N	N	N	N	N	304.0463	151.2468	0.0001	277.4963	284.8122	0.0000	148.3609	5.0757	0.0006	0.2723	0.3082	0.0000	1.6748	1.7501	0.0000	0.0047	0.0054	0.0000	0.0009	0.0020	0.0001	0.0060	0.0061	0.0044	0.0000	0.0011	0.0000	0.0000	0.1292	-0.2822	-0.0003	38.1974	23.9173	14.3032	17.8091	0.9828	0.9828	0.0000	0.9687	0.9687	0.0000	0.0141	0.0141	0.0000	0.0006	0.0006	0.0001	0.0006	0.0005	0.0001	0.0000	0.0000	0.0000	3.6094	3.1891	0.4203	0.5784	0.5535	0.0249	3.0310	2.6356	0.3954	1.1388	0.6057	0.5332	0.1246	0.1111	0.0136	1.0142	0.4946	0.5196	499.1977	339.3026	0.0001	345.1566	356.9378	0.0000	285.8697	475.0605	0.0006	0.0005	0.0009	0.0001	0.0049	0.0049	0.0044	0.0000	0.0000	0.0000
28	80	0.1683	4	1	2	0	0	0	0	0	0	N	Y	N	N	N	N	N	N	N	N	N	N	0.4717	0.4318	0.0690	1.2046	1.3163	0.0205	0.2894	0.0197	0.0720	0.0029	0.0032	0.0001	0.0027	0.0028	0.0001	0.0029	0.0033	0.0001	0.0061	0.0075	0.0020	0.0023	0.0022	0.0042	0.0100	0.1688	0.0020	0.0059	0.6101	-0.0008	-0.0002	38.1974	6.1279	14.3032	3.6878	0.0027	0.0027	0.0000	0.0004	0.0004	0.0000	0.0024	0.0023	0.0000	0.0007	0.0005	0.0003	0.0001	0.0001	0.0000	0.0006	0.0004	0.0003	0.9555	0.8417	0.1138	0.1395	0.1341	0.0055	0.8160	0.7077	0.1083	0.3341	0.1958	0.1384	0.0521	0.0493	0.0028	0.2820	0.1464	0.1356	1.2935	1.3771	0.0690	1.2046	1.3163	0.0205	1.3095	1.3709	0.0720	0.0022	0.0024	0.0020	0.0023	0.0022	0.0042	0.0022	0.0024	0.0020
28	81	0.1310	4	2	1	1	0	0	0	0	0	Y	N	N	N	N	N	N	N	N	N	N	N	532.9973	223.0107	80.3240	75.8925	76.2848	0.6670	7354.0377	993.2984	110.7319	1.0561	1.2044	0.0082	2.2459	2.3657	0.0062	0.8456	0.9785	0.0084	0.0020	0.0054	0.0001	0.0296	0.0310	0.0093	0.0001	0.0010	0.0001	0.0010	0.0551	-1.2171	-0.0006	38.1974	27.2690	14.3032	12.3406	4.2531	4.2490	0.0041	1.3594	1.3592	0.0002	2.8938	2.8898	0.0039	0.0011	0.0010	0.0001	0.0010	0.0010	0.0000	0.0000	0.0000	0.0000	4.0272	3.5280	0.4993	0.6053	0.5745	0.0307	3.4220	2.9534	0.4685	1.1126	0.5602	0.5524	0.0660	0.0644	0.0016	1.0466	0.4958	0.5508	1082.9396	656.1096	80.3240	142.7233	148.7906	0.6670	19109.0922	104841.2176	110.7319	0.0010	0.0018	0.0001	0.0157	0.0159	0.0093	0.0000	0.0000	0.0001
28	82	0.1156	3	1	1	0	0	0	0	0	0	N	N	N	N	N	N	N	N	N	N	N	N	1.2294	0.0788	677.1056	0.0733	0.0753	355.2293	24.7306	0.0614	1054.9360	0.5721	0.0551	3.7384	0.1340	0.1385	0.0900	0.7306	0.0227	4.5241	0.4653	0.6999	0.0055	1.8284	1.8398	0.0003	0.0295	0.3695	0.0043	11.0684	0.0628	0.6941	-0.0061	38.1974	9.0798	14.3032	0.9519	1.1018	0.0913	1.0105	0.0686	0.0643	0.0043	1.0332	0.0270	1.0062	0.0106	0.0100	0.0006	0.0093	0.0093	0.0000	0.0013	0.0007	0.0006	1.9261	1.6557	0.2703	0.5119	0.4640	0.0479	1.4141	1.1917	0.2224	0.3054	0.1524	0.1530	0.0185	0.0168	0.0017	0.2870	0.1356	0.1514	16.4407	0.8404	911.1155	0.2654	0.2496	355.2293	159.6090	4.4828	1091.3488	0.0348	0.0656	0.0041	0.5048	0.5549	0.0003	0.0046	0.0051	0.0041
28	83	0.1683	4	1	2	0	0	0	0	0	0	N	Y	N	N	N	N	N	N	N	N	N	N	6.5145	1.2266	15962407.9442	0.0546	0.0090	inf	5690.9734	158.3309	16142446.5037	0.5890	0.4150	1.8934	0.0308	0.0054	0.6528	0.6823	0.4907	1.9557	0.0904	0.3383	0.0000	0.5647	0.5993	0.0000	0.0001	0.0031	0.0000	0.6085	0.0000	0.1690	-0.0065	38.1974	21.0000	14.3032	14.4214	1.8536	1.1524	0.7012	0.0139	0.0023	0.0116	1.8397	1.1501	0.6896	0.0104	0.0104	0.0000	0.0104	0.0104	0.0000	0.0000	0.0000	0.0000	3.1473	2.7769	0.3703	0.4508	0.4331	0.0177	2.6965	2.3439	0.3526	0.9850	0.5264	0.4586	0.0984	0.0887	0.0096	0.8867	0.4376	0.4490	55.7226	20.9824	15962407.9442	0.2924	0.0460	inf	15102.8911	5368.5792	16142446.5037	0.0106	0.0198	0.0000	0.1054	0.1169	0.0000	0.0000	0.0001	0.0000
28	84	0.2259	8	1	1	1	0	0	0	0	0	N	N	N	N	N	N	N	N	N	N	N	N	0.3787	0.1120	6364.8110	0.0150	0.0133	0.0000	8347.3819	48027.5131	49926.7391	0.5404	0.2614	2.7497	0.1232	0.1298	0.0000	0.6674	0.3052	3.0754	1.4270	2.3347	0.0004	8.2329	9.7363	0.0076	0.0001	0.0000	0.0001	1.3280	0.0002	0.4961	-0.6271	38.1974	20.4085	14.3032	11.0867	1.7512	0.7522	0.9989	0.0932	0.0932	0.0000	1.6580	0.6591	0.9989	0.9983	0.9981	0.0002	0.9983	0.9981	0.0001	0.0000	0.0000	0.0000	3.2405	2.8772	0.3633	0.7564	0.7179	0.0385	2.4841	2.1593	0.3248	0.8099	0.4275	0.3824	0.1213	0.1025	0.0187	0.6886	0.3250	0.3636	0.4384	0.1120	6364.8110	0.0150	0.0133	0.0000	20516.8513	34205658.0754	49926.7391	1.2327	2.3347	0.0004	8.2329	9.7363	0.0076	0.0000	0.0000	0.0001
28	85	0.2222	7	1	1	1	0	0	0	0	0	N	N	N	N	N	N	N	N	N	N	N	N	0.0003	0.0001	0.0008	0.0000	0.0000	0.0000	0.0004	0.2720	0.0011	0.0002	0.0001	0.0009	0.0001	0.0001	0.0000	0.0003	0.0002	0.0012	0.8342	0.9389	1.1497	1.5803	1.6088	0.1483	0.7852	0.0007	1.0327	0.8056	0.9165	0.0000	-0.0027	38.1974	3.1287	14.3032	1.1816	0.0002	0.0001	0.0001	0.0000	0.0000	0.0000	0.0001	0.0001	0.0001	0.0180	0.0094	0.0086	0.0096	0.0094	0.0002	0.0084	0.0000	0.0084	0.7189	0.6422	0.0768	0.2692	0.2519	0.0173	0.4498	0.3903	0.0595	0.1319	0.0740	0.0578	0.0252	0.0224	0.0029	0.1066	0.0517	0.0550	0.0016	0.0011	0.0061	0.0001	0.0001	0.0000	0.0040	40.2846	0.0077	0.1363	0.1267	0.1486	0.3810	0.4189	0.0842	0.0783	0.0000	0.1519
28	86	0.2153	6	1	1	0	0	0	0	0	0	N	N	N	N	N	N	N	N	N	N	N	N	0.0014	0.0017	0.0000	0.0022	0.0022	0.0000	0.0007	0.0019	0.0000	0.0012	0.0013	0.0000	0.0024	0.0026	0.0000	0.0006	0.0007	0.0000	0.8010	0.7504	1.2521	1.0969	1.1838	0.0280	0.8313	0.3479	1.2351	0.0000	1.6495	-0.0003	-0.0001	38.1974	4.0532	14.3032	2.2470	0.0009	0.0009	0.0000	0.0006	0.0006	0.0000	0.0003	0.0003	0.0000	0.0231	0.0087	0.0144	0.0085	0.0083	0.0001	0.0146	0.0004	0.0143	0.7834	0.6974	0.0859	0.2465	0.2292	0.0172	0.5369	0.4682	0.0687	0.1979	0.1104	0.0875	0.0372	0.0331	0.0042	0.1607	0.0774	0.0833	0.0099	0.0165	0.0000	0.0106	0.0103	0.0000	0.0064	0.1406	0.0000	0.1167	0.0789	0.1644	0.2271	0.2525	0.0259	0.0911	0.0048	0.1713
28	87	0.1921	5	1	1	0	0	0	0	0	0	N	N	N	N	N	N	N	N	N	N	N	N	0.0037	0.4178	0.0005	0.1793	0.3453	0.0006	0.0034	0.1132	0.0007	0.0070	0.0073	0.0046	0.0052	0.0056	0.0001	0.0079	0.0082	0.0060	1.8723	0.0175	8.4242	0.0288	0.0163	0.1686	2.3534	0.0728	9.1676	0.0897	731.7284	-0.0015	0.3561	38.1974	4.7288	14.3032	9.8540	0.0074	0.0068	0.0006	0.0019	0.0019	0.0000	0.0056	0.0050	0.0006	0.9617	0.0013	0.9604	0.0016	0.0010	0.0006	0.9601	0.0003	0.9598	1.0673	0.9345	0.1329	0.3636	0.3325	0.0311	0.7037	0.6020	0.1017	0.5137	0.3037	0.2100	0.1057	0.0986	0.0071	0.4080	0.2051	0.2029	0.0037	1.6920	0.0010	0.3338	0.5574	0.0011	0.0034	5.3417	0.0013	1.8723	0.0043	4.5735	0.0155	0.0101	0.0896	2.3534	0.0015	4.7308
28	88	0.1683	4	1	1	0	0	0	0	0	0	N	N	N	N	N	N	N	N	N	N	N	N	1.5299	97.2746	1.2517	0.0962	0.0730	1.1287	1.4838	10.5087	1.6062	0.8478	0.8449	0.8687	0.0007	0.0006	0.0045	0.9920	1.0042	0.9123	0.5541	0.0087	0.6940	0.0077	0.0081	0.0040	0.6686	0.0956	0.5680	0.1387	30.6140	-0.1874	0.0079	38.1974	8.6320	14.3032	7.0881	1.1333	0.9952	0.1380	0.0001	0.0001	0.0000	1.1331	0.9951	0.1380	0.0233	0.0007	0.0226	0.0004	0.0003	0.0000	0.0229	0.0004	0.0225	1.3367	1.1779	0.1589	0.1945	0.1869	0.0076	1.1423	0.9910	0.1513	0.4906	0.2750	0.2155	0.0634	0.0589	0.0045	0.4272	0.2161	0.2111	17.8536	315.3710	8.3008	0.1296	0.1002	1.1287	18.4798	554.5758	8.5436	0.0475	0.0027	0.1047	0.0057	0.0059	0.0040	0.0537	0.0018	0.1068
28	89	0.2360	6	1	2	0	0	0	0	0	0	N	Y	N	N	N	N	N	N	N	N	N	N	73.5248	31.2146	0.2899	1.5161	1.3287	0.8586	12038.0961	4587.5646	0.1236	0.3951	0.4441	0.0000	0.0428	0.0448	0.0001	0.5151	0.5939	0.0000	0.0054	0.0142	0.0000	0.0282	0.0337	0.0001	0.0000	0.0001	0.0000	0.0000	0.0098	-0.2928	-0.0007	38.1974	15.4622	14.3032	5.2688	1.0198	1.0198	0.0000	0.0281	0.0281	0.0000	0.9918	0.9918	0.0000	0.0011	0.0011	0.0000	0.0011	0.0011	0.0000	0.0000	0.0000	0.0000	2.5811	2.2964	0.2847	0.6558	0.6265	0.0294	1.9253	1.6700	0.2553	0.5615	0.3010	0.2605	0.0742	0.0674	0.0068	0.4873	0.2337	0.2537	193.9588	118.0195	0.2899	2.8021	2.6668	0.8586	23759.8341	1429034.0732	0.1236	0.0020	0.0038	0.0000	0.0153	0.0168	0.0001	0.0000	0.0000	0.0000
28	90	0.2243	5	1	1	0	0	0	0	0	0	N	N	N	N	N	N	N	N	N	N	N	N	1.0907	0.6268	6.6514	1.7172	1.5908	0.0517	0.8077	0.5294	9.7381	0.0235	0.0198	0.0547	0.0541	0.0565	0.0004	0.0122	0.0047	0.0614	0.0216	0.0315	0.0082	0.0315	0.0355	0.0071	0.0151	0.0089	0.0063	0.3328	0.6603	-0.0012	-0.0004	38.1974	7.5917	14.3032	1.5198	0.0334	0.0250	0.0083	0.0208	0.0208	0.0000	0.0126	0.0043	0.0083	0.0018	0.0011	0.0007	0.0011	0.0010	0.0000	0.0007	0.0000	0.0007	1.4186	1.2664	0.1522	0.3844	0.3677	0.0168	1.0342	0.8987	0.1355	0.3098	0.1786	0.1313	0.0653	0.0595	0.0058	0.2445	0.1190	0.1255	4.0725	3.2749	10.0974	3.2806	3.2493	0.0517	4.1710	13.4030	11.4971	0.0058	0.0060	0.0054	0.0165	0.0174	0.0071	0.0029	0.0004	0.0053
28	91	0.1811	3	2	1	1	0	0	0	0	0	Y	N	N	N	N	N	N	N	N	N	N	N	54109.1000	31161.7000	0.0000	72.2514	66.8451	1639576.6100	inf	0.0000	0.1747	0.1987	0.0000	0.0055	0.0057	0.0000	0.2115	0.2451	0.0000	0.0000	0.0000	0.0000	0.0001	0.0001	0.0000	0.0000	0.0000	0.0000	0.0000	0.0398	-0.0234	-0.0000	38.1974	3.0317	14.3032	0.1644	0.0817	0.0817	0.0000	0.0005	0.0005	0.0000	0.0812	0.0812	0.0000	0.0000	0.0000	0.0000	0.0000	0.0000	0.0000	0.0000	0.0000	0.0000	0.4673	0.4109	0.0564	0.0833	0.0796	0.0038	0.3840	0.3313	0.0527	0.0873	0.0425	0.0448	0.0036	0.0032	0.0004	0.0837	0.0394	0.0444	54109.1000	31161.7000	0.0000	72.2514	66.8451	0.0000	1639576.6100	inf	0.0000	0.0000	0.0000	0.0000	0.0001	0.0001	0.0000	0.0000	0.0000	0.0000	
28	92	0.1753	2	2	1	1	0	0	0	0	0	Y	N	N	N	N	N	N	N	N	N	N	N	43.4201	13.2496	10.0602	0.1056	0.1097	0.5593	2809.8036	16031.6728	13.1045	0.4695	0.5299	0.0019	0.0224	0.0241	0.0000	0.7559	0.8813	0.0025	0.0108	0.0400	0.0002	0.2118	0.2194	0.0000	0.0003	0.0001	0.0002	0.0005	0.0283	-0.0811	-0.0002	38.1974	2.6632	14.3032	1.0147	0.2830	0.2828	0.0001	0.0053	0.0053	0.0000	0.2777	0.2776	0.0001	0.0004	0.0004	0.0000	0.0004	0.0004	0.0000	0.0000	0.0000	0.0000	0.6027	0.5338	0.0689	0.2353	0.2188	0.0165	0.3674	0.3150	0.0524	0.1065	0.0535	0.0530	0.0068	0.0064	0.0004	0.0996	0.0471	0.0526	135.6814	79.0872	10.0602	0.4262	0.4302	0.5593	7422.5304	5843294.9002	13.1045	0.0035	0.0067	0.0002	0.0525	0.0559	0.0000	0.0001	0.0000	0.0002
28	95	0.1683	4	1	2	0	1	0	0	0	0	N	Y	N	N	N	N	N	N	N	N	N	N	1.0183	50.1456	0.3624	25.0867	27.3955	0.0364	0.7752	inf	0.3559	1.6595	1.5629	2.3854	2.7629	2.8760	0.0015	1.4758	1.3215	2.5051	1.6297	0.0312	6.5820	0.1101	0.1050	0.0411	1.9038	0.0000	7.0380	0.2030	503.5696	-0.7013	0.7382	38.1974	24.0032	14.3032	22.6134	5.9236	4.9241	0.9995	1.4076	1.4076	0.0000	4.5160	3.5165	0.9995	1.9969	0.0040	1.9930	0.0044	0.0040	0.0004	1.9926	0.0000	1.9926	3.5695	3.1505	0.4190	0.5095	0.4894	0.0200	3.0600	2.6611	0.3990	1.2482	0.6607	0.5874	0.1166	0.1043	0.0123	1.1315	0.5564	0.5751	1.0373	260.9314	0.7031	73.6297	75.7835	0.0441	0.8381	inf	0.7230	1.5999	0.0060	3.3926	0.0375	0.0379	0.0339	1.7609	0.0000	3.4648
28	96	0.5857	8	1	2	0	0	0	0	0	0	N	Y	N	N	N	N	N	N	N	N	N	N	65.9876	35.0950	0.0000	117.2788	107.0032	0.0000	56.8888	4.2068	0.0000	0.3504	0.3903	0.0000	0.9207	0.9734	0.0000	0.0040	0.0046	0.0000	0.0053	0.0111	0.0001	0.0079	0.0091	0.0004	0.0001	0.0011	0.0000	0.0000	0.0150	-0.2888	-0.0009	38.1974	18.5150	14.3032	10.2301	1.0059	1.0059	0.0000	0.9988	0.9988	0.0000	0.0071	0.0071	0.0000	0.0014	0.0014	0.0000	0.0014	0.0014	0.0000	0.0000	0.0000	0.0000	2.8707	2.5775	0.2932	1.0848	1.0261	0.0587	1.7859	1.5514	0.2345	0.7068	0.4443	0.2625	0.2421	0.2161	0.0260	0.4647	0.2282	0.2365	173.9404	123.6154	0.0000	158.0706	150.2659	0.0000	132.8276	364.4345	0.0000	0.0020	0.0032	0.0001	0.0058	0.0065	0.0004	0.0000	0.0000	0.0000
28	97	0.1391	3	1	2	0	0	0	0	0	0	N	Y	N	N	N	N	N	N	N	N	N	N	238.5254	73.9160	5372108.8615	23.4117	20.5220	12737.7367	120132.6465	452.8200	9166989.4855	0.6278	0.5454	1.2433	1.0216	1.0563	0.0979	0.5618	0.4504	1.2961	0.0026	0.0074	0.0000	0.0436	0.0515	0.0000	0.0000	0.0010	0.0000	0.3050	0.0001	-0.2239	-0.0013	38.1974	46.1140	14.3032	26.4917	4.1910	3.2115	0.9794	0.9791	0.9757	0.0034	3.2119	2.2359	0.9760	0.0021	0.0021	0.0000	0.0021	0.0021	0.0000	0.0000	0.0000	0.0000	6.6758	5.8881	0.7877	0.9584	0.9237	0.0347	5.7174	4.9644	0.7530	1.8166	0.9075	0.9091	0.1022	0.0914	0.0109	1.7144	0.8161	0.8982	536.8810	233.0428	5372108.8615	49.3409	45.5999	12737.7367	120132.6465	46587.6797	9166989.4855	0.0012	0.0023	0.0000	0.0207	0.0232	0.0000	0.0000	0.0000	0.0000
28	98	0.6386	10	1	2	0	0	0	0	0	0	N	Y	N	N	N	N	N	N	N	N	N	N	6.2782	7.4851	0.0006	5.7062	8.1247	0.0005	1.4570	11.3847	0.0002	0.0009	0.0010	0.0000	0.0024	0.0025	0.0000	0.0001	0.0001	0.0000	0.0002	0.0001	0.0002	0.0004	0.0003	0.0011	0.0001	0.0000	0.0000	0.0000	0.7907	-0.0008	-0.0000	38.1974	20.7840	14.3032	8.9470	0.0026	0.0026	0.0000	0.0025	0.0025	0.0000	0.0001	0.0001	0.0000	0.0001	0.0001	0.0000	0.0001	0.0001	0.0000	0.0000	0.0000	0.0000	2.8088	2.5263	0.2825	1.0361	0.9868	0.0493	1.7727	1.5395	0.2332	0.6143	0.3716	0.2427	0.1923	0.1642	0.0280	0.4221	0.2074	0.2147	6.2782	7.5610	0.0006	5.7062	8.1247	0.0005	3.0286	5608.7823	0.0002	0.0002	0.0001	0.0002	0.0004	0.0003	0.0011	0.0000	0.0000	0.0000
28	99	0.6337	9	1	1	0	0	0	0	0	0	N	N	N	N	N	N	N	N	N	N	N	N	8.5064	2.5328	10.7989	13.0499	13.2346	122.5782	14.2322	0.8261	13.1052	0.2561	0.2808	0.0319	0.2497	0.2684	0.0246	0.2693	0.3079	0.0398	0.0301	0.1109	0.0030	0.0191	0.0203	0.0002	0.0189	0.3727	0.0030	0.0125	0.2404	-0.0936	-0.0007	38.1974	2.7834	14.3032	1.0450	0.3407	0.3365	0.0042	0.2227	0.2210	0.0017	0.1180	0.1154	0.0025	0.0017	0.0014	0.0003	0.0012	0.0012	0.0000	0.0005	0.0002	0.0003	1.3300	1.1984	0.1316	0.8920	0.8234	0.0686	0.4380	0.3750	0.0630	0.2478	0.1353	0.1124	0.1075	0.1042	0.0033	0.1403	0.0311	0.1091	37.0602	27.5239	10.7989	21.9679	22.9051	122.5782	76.9762	60.1010	13.1052	0.0069	0.0102	0.0030	0.0114	0.0117	0.0002	0.0035	0.0051	0.0030
28	100	0.6236	8	1	1	0	0	0	0	0	0	N	N	N	N	N	N	N	N	N	N	N	N	0.5416	0.7720	0.0448	1.7421	1.6374	14.9508	0.2565	30.5843	0.0630	0.4317	0.4696	0.0722	0.5715	0.6102	0.0205	0.2473	0.2693	0.1055	0.7970	0.6082	1.6127	0.3280	0.3726	0.0014	0.9642	0.0088	1.6733	0.0162	2.7712	-0.2604	0.0051	38.1974	7.6044	14.3032	2.7972	0.9602	0.9449	0.0153	0.7230	0.7213	0.0017	0.2372	0.2236	0.0136	0.0483	0.0128	0.0355	0.0128	0.0128	0.0000	0.0355	0.0000	0.0354	2.2245	2.0124	0.2121	1.2653	1.1822	0.0831	0.9592	0.8302	0.1290	0.4242	0.2529	0.1713	0.1858	0.1632	0.0226	0.2383	0.0896	0.1487	3.7924	9.2747	0.3485	8.2955	7.7983	14.9508	1.6611	778.8762	0.4423	0.1138	0.0506	0.2071	0.0689	0.0782	0.0014	0.1489	0.0003	0.2384
28	101	0.5740	7	1	1	0	0	0	0	0	0	N	N	N	N	N	N	N	N	N	N	N	N	1.7725	53.7617	3.8346	67.4664	59.7584	6.6439	1.6126	126.9951	5.0227	0.9832	0.7264	3.2486	0.6372	0.6720	0.0112	1.1921	0.7623	4.0325	0.5547	0.0135	0.8472	0.0094	0.0112	0.0017	0.7392	0.0060	0.8029	0.5068	20.5194	0.1423	0.0111	38.1974	18.4780	14.3032	12.4520	2.8913	1.9188	0.9725	0.7053	0.7047	0.0007	2.1860	1.2141	0.9719	0.0341	0.0016	0.0325	0.0016	0.0015	0.0000	0.0326	0.0001	0.0325	2.9407	2.6413	0.2994	1.1069	1.0486	0.0584	1.8338	1.5928	0.2410	0.7169	0.4370	0.2799	0.2349	0.2074	0.0275	0.4820	0.2296	0.2524	20.6537	200.1679	27.9434	94.8583	90.9975	6.6439	17.6529	3221.3262	31.3234	0.0476	0.0036	0.1163	0.0067	0.0074	0.0017	0.0675	0.0002	0.1287
28	102	0.2823	7	1	2	0	0	0	0	0	0	N	Y	N	N	N	N	N	N	N	N	N	N	0.3592	3.8687	0.3645	0.9591	1.0116	0.0643	0.4302	49.8002	0.3967	0.4142	0.2942	1.4822	0.0599	0.0621	0.0035	0.5816	0.4154	1.6879	1.1532	0.0760	4.0662	0.0624	0.0614	0.0551	1.3520	0.0083	4.2549	0.5664	120.9898	0.2095	0.3604	38.1974	34.1922	14.3032	22.4626	2.8130	1.7958	1.0172	0.1305	0.1302	0.0003	2.6825	1.6656	1.0169	0.9915	0.0081	0.9834	0.0092	0.0079	0.0012	0.9823	0.0002	0.9821	6.7910	6.1048	0.6863	2.1790	2.0952	0.0838	4.6120	4.0095	0.6025	1.6072	0.9325	0.6747	0.3292	0.2999	0.0292	1.2781	0.6325	0.6455	0.6715	33.7490	1.0170	2.1513	2.3529	0.0834	0.7567	1271.1069	1.1094	0.6169	0.0087	1.4574	0.0278	0.0264	0.0425	0.7686	0.0003	1.5214
28	103	0.2344	6	1	2	0	0	0	0	0	0	N	Y	N	N	N	N	N	N	N	N	N	N	0.3117	0.2623	1.1383	1.4495	1.3767	0.7729	0.3321	0.1587	1.4435	0.2037	0.1195	0.8719	0.0526	0.0546	0.0052	0.2575	0.1452	0.9623	0.6535	0.4555	0.7660	0.0363	0.0397	0.0068	0.7753	0.9150	0.6667	0.9193	3.2717	0.1593	0.0090	38.1974	22.5884	14.3032	11.0115	0.8305	0.4327	0.3978	0.0564	0.0561	0.0002	0.7742	0.3766	0.3976	0.0655	0.0153	0.0502	0.0031	0.0030	0.0001	0.0624	0.0124	0.0501	4.0774	3.6211	0.4562	1.0707	1.0276	0.0431	3.0067	2.5935	0.4131	1.0014	0.5506	0.4508	0.1703	0.1566	0.0137	0.8311	0.3941	0.4370	3.1149	4.2922	7.8366	2.9207	2.8735	0.7729	3.4285	4.6318	8.4009	0.0654	0.0278	0.1113	0.0180	0.0190	0.0068	0.0751	0.0313	0.1146
28	104	0.2044	5	1	1	0	0	0	0	0	0	N	N	N	N	N	N	N	N	N	N	N	N	77.4606	128.3945	205.1739	174.7230	164.3175	0.7198	43.4049	10.7759	275.4358	1.1885	1.0279	2.4813	0.7688	0.8022	0.0005	1.3281	1.1109	2.7398	0.0153	0.0080	0.0121	0.0044	0.0049	0.0007	0.0306	0.1031	0.0099	0.2999	2.4818	-0.1430	0.0002	38.1974	11.8100	14.3032	8.7888	2.5331	1.9487	0.5843	0.4090	0.4090	0.0000	2.1240	1.5397	0.5843	0.0028	0.0008	0.0020	0.0004	0.0003	0.0000	0.0025	0.0005	0.0020	2.1314	1.8959	0.2355	0.5321	0.5099	0.0222	1.5993	1.3860	0.2133	0.6166	0.3344	0.2822	0.0899	0.0825	0.0074	0.5267	0.2519	0.2748	257.8731	421.0994	345.7353	195.8069	190.2833	0.7198	281.0663	597.4089	372.6911	0.0046	0.0024	0.0072	0.0039	0.0042	0.0007	0.0047	0.0019	0.0074
28	105	0.1683	4	1	1	0	0	0	0	0	0	N	N	N	N	N	N	N	N	N	N	N	N	61.4122	32.9856	226.9668	67.6977	62.8401	0.0422	46.8477	1488.5878	239.0387	0.0585	0.0583	0.0600	0.3047	0.3172	0.0000	0.0170	0.0100	0.0630	0.0010	0.0018	0.0003	0.0045	0.0050	0.0003	0.0004	0.0000	0.0003	0.1379	0.2636	-0.0218	-0.0002	38.1974	14.7392	14.3032	7.3617	0.1314	0.1155	0.0159	0.0988	0.0988	0.0000	0.0327	0.0168	0.0159	0.0004	0.0003	0.0001	0.0003	0.0003	0.0000	0.0001	0.0000	0.0001	2.2455	1.9799	0.2656	0.3241	0.3114	0.0127	1.9214	1.6686	0.2528	0.6552	0.3586	0.2967	0.0751	0.0689	0.0062	0.5801	0.2896	0.2905	102.0603	70.3419	226.9668	76.4961	73.5263	0.0422	128.8903	881134.4549	239.0387	0.0006	0.0008	0.0003	0.0040	0.0043	0.0003	0.0001	0.0000	0.0003
28	106	0.1156	3	1	2	0	0	0	0	0	0	N	Y	N	N	N	N	N	N	N	N	N	N	16.5948	4.4788	2316.3714	1.5679	1.6433	35.1907	15768.4979	1168.8535	2761.2823	0.1883	0.2139	0.0173	0.7290	0.7891	0.0040	0.0580	0.0646	0.0190	0.0113	0.0478	0.0000	0.4650	0.4802	0.0001	0.0000	0.0001	0.0000	0.0121	0.0011	-0.1806	-0.0017	38.1974	20.0414	14.3032	7.0324	0.6564	0.6486	0.0078	0.4934	0.4932	0.0002	0.1630	0.1553	0.0076	0.0027	0.0027	0.0000	0.0027	0.0027	0.0000	0.0000	0.0000	0.0000	3.4852	3.0314	0.4538	0.6769	0.6250	0.0519	2.8083	2.4064	0.4019	0.7668	0.3783	0.3885	0.0311	0.0290	0.0021	0.7357	0.3493	0.3864	52.5640	29.4911	2316.3714	8.2546	8.3300	35.1907	15768.4979	424699.1296	2761.2823	0.0036	0.0073	0.0000	0.0883	0.0947	0.0001	0.0000	0.0000	0.0000
28	107	0.1056	2	1	1	0	0	0	0	0	0	N	N	N	N	N	N	N	N	N	N	N	N	1.3307	1.0600	4.8960	0.3094	0.2954	22.6132	2.0192	1.3118	5.7220	1.3784	1.5067	0.8899	0.8424	0.8498	0.5720	1.6113	1.8965	0.9026	1.0358	1.4214	0.1818	2.7229	2.8769	0.0253	0.7980	1.4457	0.1577	0.1552	0.0639	-0.4481	-0.0712	38.1974	7.0315	14.3032	1.2144	2.9326	2.5387	0.3939	0.5429	0.5331	0.0097	2.3897	2.0055	0.3842	0.1254	0.1178	0.0075	0.1038	0.1035	0.0003	0.0216	0.0143	0.0072	2.1275	1.6849	0.4426	0.6444	0.6274	0.0170	1.4831	1.0575	0.4256	0.3375	0.1848	0.1527	0.0691	0.0571	0.0119	0.2684	0.1277	0.1408	3.7113	2.3634	18.0410	0.5608	0.4692	23.8265	20.0553	16.9074	17.5350	0.3714	0.6375	0.0493	1.5023	1.8113	0.0240	0.0803	0.1122	0.0515
28	109	0.2502	6	1	2	0	0	0	0	0	0	N	Y	N	N	N	N	N	N	N	N	N	N	0.4931	1.7207	0.3439	4.4957	4.2938	0.7601	0.2559	0.7804	0.3634	0.6066	0.4964	1.5069	1.3698	1.4360	0.0003	0.3676	0.1744	1.6758	1.2302	0.2885	4.3815	0.3047	0.3344	0.0004	1.4365	0.2235	4.6118	0.3713	89.5064	-0.0601	0.4211	38.1974	40.5309	14.3032	14.7974	3.6742	2.6793	0.9948	1.9782	1.9781	0.0000	1.6960	0.7012	0.9948	1.1678	0.0129	1.1549	0.0111	0.0111	0.0000	1.1567	0.0018	1.1549	6.0572	5.3971	0.6602	1.4441	1.3776	0.0666	4.6131	4.0195	0.5936	1.3852	0.7442	0.6411	0.1715	0.1549	0.0167	1.2137	0.5893	0.6244	0.7195	28.6309	0.8365	21.1093	19.9944	0.7601	0.3858	57.7737	0.9061	0.8430	0.0173	1.8015	0.0649	0.0718	0.0004	0.9530	0.0030	1.8496
28	110	0.2243	5	1	2	0	0	0	0	0	0	N	Y	N	N	N	N	N	N	N	N	N	N	1.5671	5.7411	7.1488	2.0491	1.8490	2.2980	1.6837	1.4935	9.4331	0.8499	0.4701	3.9223	0.0642	0.0667	0.0106	1.0982	0.6103	4.3400	0.5423	0.0819	0.5487	0.0313	0.0361	0.0046	0.6523	0.4087	0.4601	1.0313	8.2077	0.4303	0.0061	38.1974	13.5236	14.3032	3.5331	1.9510	0.9605	0.9905	0.0354	0.0351	0.0003	1.9156	0.9254	0.9903	0.0231	0.0025	0.0206	0.0014	0.0013	0.0000	0.0217	0.0012	0.0206	2.2956	2.0431	0.2525	0.5513	0.5270	0.0244	1.7443	1.5161	0.2282	0.5095	0.2816	0.2279	0.0834	0.0753	0.0081	0.4261	0.2063	0.2198	18.7366	52.7458	43.3905	3.9239	3.7850	2.2980	21.5201	106.4241	46.3982	0.0454	0.0089	0.0904	0.0164	0.0176	0.0046	0.0510	0.0057	0.0935
28	111	0.1683	4	1	1	0	0	0	0	0	0	N	N	N	N	N	N	N	N	N	N	N	N	40.4915	18.8771	33.3950	18.3307	16.5681	0.0202	148.8207	112.2945	34.7083	0.3832	0.4300	0.0335	1.0856	1.1300	0.0000	0.2651	0.2999	0.0351	0.0095	0.0228	0.0010	0.0592	0.0682	0.0005	0.0018	0.0027	0.0010	0.0104	0.1720	-0.2722	-0.0014	38.1974	16.9399	14.3032	15.9768	0.9833	0.9732	0.0101	0.4009	0.4009	0.0000	0.5824	0.5722	0.0101	0.0029	0.0025	0.0004	0.0025	0.0025	0.0000	0.0005	0.0000	0.0004	2.5659	2.2629	0.3029	0.3693	0.3548	0.0145	2.1965	1.9081	0.2884	0.9244	0.4955	0.4289	0.0941	0.0851	0.0090	0.8303	0.4104	0.4199	120.9705	85.2781	33.3950	41.3063	38.9630	0.0202	483.7845	4120.2449	34.7083	0.0032	0.0050	0.0010	0.0263	0.0290	0.0005	0.0005	0.0001	0.0010
28	112	0.2144	6	2	2	0	1	0	0	0	0	Y	Y	N	N	N	N	N	N	N	N	N	N	332.6388	705442.4491	0.0000	278872.1318	365094.6391	0.0000	11.2429	inf	0.0000	2.2048	2.4971	0.0000	5.4589	5.5193	0.0000	0.1572	0.1926	0.0000	0.0066	0.0000	0.0077	0.0000	0.0000	0.0000	0.0140	0.0000	0.0063	0.0000	1284.8828	-0.0005	0.0000	38.1974	0.0019	14.3032	1.9928	0.0018	0.0018	0.0000	0.0017	0.0017	0.0000	0.0001	0.0001	0.0000	0.0001	0.0000	0.0001	0.0000	0.0000	0.0000	0.0001	0.0000	0.0001	0.0008	0.0007	0.0001	0.0003	0.0003	0.0000	0.0005	0.0004	0.0001	0.0537	0.0284	0.0253	0.0077	0.0067	0.0010	0.0461	0.0218	0.0243	915.0940	705442.4491	0.0000	278872.1318	365094.6391	0.0000	56.0066	inf	0.0000	0.0024	0.0000	0.0051	0.0000	0.0000	0.0000	0.0028	0.0000	0.0053
28	113	0.1908	5	2	2	0	1	0	0	0	0	Y	Y	N	N	N	N	N	N	N	N	N	N	0.5271	1.4203	0.0000	0.0456	0.0446	0.0003	0.6121	1506.2394	0.0000	1.3257	1.5078	0.0000	0.1046	0.1082	0.0000	1.6625	1.9446	0.0000	2.5149	1.0616	9.1269	2.2948	2.4232	0.1539	2.7159	0.0013	9.7945	0.0000	24.8393	-0.5737	0.3424	38.1974	8.6942	14.3032	6.0502	1.9979	1.9979	0.0000	0.0341	0.0341	0.0000	1.9638	1.9638	0.0000	1.0284	0.0398	0.9886	0.0403	0.0398	0.0005	0.9881	0.0000	0.9881	1.5070	1.3251	0.1820	0.3258	0.3152	0.0106	1.1813	1.0099	0.1714	0.4089	0.2067	0.2022	0.0451	0.0392	0.0059	0.3638	0.1675	0.1963	0.5271	7.8305	0.0000	0.1171	0.1065	0.0005	0.6121	102816.2527	0.0000	2.5149	0.1925	4.8888	0.8938	1.0157	0.0857	2.7159	0.0000	5.0335
28	114	0.2119	9	1	2	0	1	0	0	0	0	N	Y	N	N	N	N	N	N	N	N	N	N	0.0000	0.0000	0.0000	0.0000	0.0000	0.0000	0.0000	0.0000	0.0000	0.0000	0.0000	0.0000	0.0000	0.0005	0.0013	0.0000	0.0008	0.0008	0.0000	0.0000	0.0000	0.0000	0.0000	0.0000	-0.0000	38.1974	0.0001	14.3032	0.0001	0.0000	0.0000	0.0000	0.0000	0.0000	0.0000	0.0000	0.0000	0.0000	0.0000	0.0000	0.0000	0.0000	0.0000	0.0000	0.0000	0.0000	0.0000	0.0000	0.0000	0.0000	0.0000	0.0000	0.0000	0.0000	0.0000	0.0000	0.0000	0.0000	0.0000	0.0000	0.0000	0.0000	0.0000	0.0000	0.0000	0.0000	0.0000	0.0000	0.0000	0.0000	0.0000	0.0000	0.0000	0.0000	0.0003	0.0007	0.0000	0.0008	0.0008	0.0000	0.0000	0.0000	0.0000						
28	115	0.2053	8	1	2	0	1	0	0	0	0	N	Y	N	N	N	N	N	N	N	N	N	N	0.0000	0.0000	0.0000	0.0000	0.0000	0.0000	0.0000	0.0000	0.0000	0.0000	0.0000	0.0000	0.0000	0.0017	0.0047	0.0000	0.0134	0.0169	0.0000	0.0000	0.0000	0.0000	0.0000	0.0000	-0.0001	38.1974	3.0007	14.3032	1.0012	0.0000	0.0000	0.0000	0.0000	0.0000	0.0000	0.0000	0.0000	0.0000	0.0001	0.0001	0.0000	0.0001	0.0001	0.0000	0.0000	0.0000	0.0000	0.4706	0.4176	0.0530	0.0952	0.0912	0.0040	0.3755	0.3265	0.0490	0.1065	0.0531	0.0535	0.0103	0.0087	0.0016	0.0962	0.0444	0.0518	0.0000	0.0000	0.0000	0.0000	0.0000	0.0000	0.0000	0.0000	0.0000	0.0008	0.0017	0.0000	0.0088	0.0104	0.0000	0.0000	0.0000	0.0000						
28	116	0.2034	7	1	1	0	1	0	0	0	0	N	N	N	N	N	N	N	N	N	N	N	N	0.0000	0.0000	0.0000	0.0000	0.0000	0.0000	0.0000	0.0000	0.0000	0.0000	0.0000	0.0000	0.0000	0.0000	0.0000	0.0000	0.0000	0.0000	0.0000	0.0000	0.0000	0.0000	0.0000	0.0000	0.0000	0.1681	0.0000	-0.0000	38.1974	1.1177	14.3032	0.0023	0.0000	0.0000	0.0000	0.0000	0.0000	0.0000	0.0000	0.0000	0.0000	0.0000	0.0000	0.0000	0.0000	0.0000	0.0000	0.0000	0.0000	0.0000	0.1849	0.1646	0.0203	0.0441	0.0422	0.0019	0.1408	0.1224	0.0184	0.0300	0.0149	0.0151	0.0029	0.0024	0.0005	0.0271	0.0125	0.0146	0.0000	0.0000	0.0000	0.0000	0.0000	0.0000	0.0000	0.0000	0.0000	0.0000	0.0000	0.0000	0.0000	0.0000	0.0000	0.0000	0.0000	0.0000			
28	117	0.2586	5	1	2	0	0	0	0	0	0	N	Y	N	N	N	N	N	N	N	N	N	N	72.8605	27.3046	0.8308	17.2926	16.6239	0.0252	548.9029	60.3279	1.0173	0.6491	0.7296	0.0003	0.8467	0.9065	0.0000	0.5758	0.6594	0.0003	0.0089	0.0267	0.0003	0.0490	0.0545	0.0008	0.0010	0.0109	0.0003	0.0000	0.0506	-0.9143	-0.0026	38.1974	31.2782	14.3032	23.9277	3.1846	3.1845	0.0001	1.1239	1.1239	0.0000	2.0607	2.0606	0.0001	0.0044	0.0042	0.0002	0.0040	0.0039	0.0000	0.0004	0.0002	0.0002	4.9063	4.3649	0.5414	1.3274	1.2398	0.0876	3.5789	3.1251	0.4538	1.4542	0.7596	0.6945	0.1759	0.1610	0.0150	1.2783	0.5987	0.6796	214.3031	132.1997	0.8308	37.6439	36.9951	0.0252	1643.3172	1590.1715	1.0173	0.0030	0.0055	0.0003	0.0225	0.0245	0.0008	0.0004	0.0004	0.0003
28	118	0.2034	7	1	1	1	1	0	0	0	0	N	N	N	N	N	N	N	N	N	N	N	N	0.0000	0.0000	0.0000	0.0000	0.0000	0.0000	0.0000	0.0000	0.0000	0.0000	0.0000	0.0000	0.0000	0.0000	0.0000	0.0000	0.0000	0.0000	0.0000	0.0000	0.0000	0.0000	inf	0.0000	0.0000	38.1974	3.8827	14.3032	2.9998	0.0000	0.0000	0.0000	0.0000	0.0000	0.0000	0.0000	0.0000	0.0000	0.0000	0.0000	0.0000	0.0000	0.0000	0.0000	0.0000	0.0000	0.0000	0.6161	0.5473	0.0688	0.1307	0.1252	0.0055	0.4854	0.4221	0.0633	0.1819	0.0905	0.0913	0.0173	0.0146	0.0028	0.1645	0.0759	0.0886	0.0000	0.0000	0.0000	0.0000	0.0000	0.0000	0.0000	0.0000	0.0000	0.0000	0.0000	0.0000	0.0000	0.0000	0.0000	0.0000	0.0000	0.0000						
28	119	0.2005	6	1	1	0	1	0	0	0	0	N	N	N	N	N	N	N	N	N	N	N	N	0.0000	0.0000	57.1528	0.0152	0.0003	inf	0.0000	0.0000	0.0000	0.0000	0.0000	0.0001	0.0000	0.0000	0.0005	0.0000	0.0000	0.0000	0.1538	0.4503	0.0000	0.0014	0.0017	0.0000	0.2182	0.9298	0.0000	38.2884	0.0000	0.0000	-0.0006	38.1974	2.8083	14.3032	0.0030	0.0000	0.0000	0.0000	0.0000	0.0000	0.0000	0.0000	0.0000	0.0000	0.0010	0.0010	0.0000	0.0000	0.0000	0.0000	0.0010	0.0010	0.0000	0.5427	0.4871	0.0556	0.1586	0.1516	0.0069	0.3842	0.3355	0.0487	0.0753	0.0374	0.0379	0.0072	0.0061	0.0011	0.0680	0.0313	0.0367	0.0005	0.0000	57.1528	0.0152	0.0003	inf	0.0000	0.0000	0.0000	0.0136	0.0274	0.0000	0.0014	0.0017	0.0000	0.0149	0.0325	0.0000
28	120	0.2005	6	1	1	1	1	0	0	0	0	N	N	N	N	N	N	N	N	N	N	N	N	3.9536	0.9324	0.0000	542.1182	476.6326	0.0000	0.0000	0.0000	0.0517	0.0580	0.0000	0.2252	0.2355	0.0000	0.0000	0.0000	0.0000	0.0131	0.0622	0.0000	0.0004	0.0005	0.0000	0.0278	0.5907	0.0000	0.0000	0.0000	-0.0234	-0.0006	38.1974	9.6158	14.3032	0.0030	0.0816	0.0816	0.0000	0.0816	0.0816	0.0000	0.0000	0.0000	0.0000	0.0010	0.0010	0.0000	0.0000	0.0000	0.0000	0.0010	0.0010	0.0000	1.5801	1.4077	0.1724	0.3625	0.3467	0.0158	1.2176	1.0609	0.1566	0.2536	0.1261	0.1275	0.0242	0.0204	0.0039	0.2294	0.1057	0.1237	12.7629	7.1235	0.0000	542.1182	476.6326	0.0000	0.0000	0.0000	0.0000	0.0040	0.0081	0.0000	0.0004	0.0005	0.0000	0.0044	0.0096	0.0000	
28	121	0.1908	5	1	1	0	1	0	0	0	0	N	N	N	N	N	N	N	N	N	N	N	N	0.0016	0.0009	0.0065	0.0246	0.0237	0.0270	0.0001	0.0000	0.0084	0.0081	0.0093	0.0001	0.0315	0.0323	0.0000	0.0004	0.0004	0.0001	5.1493	10.0200	0.0155	1.2763	1.3631	0.0001	5.8960	12.9431	0.0126	0.0016	0.0008	-0.0019	-0.6051	38.1974	4.2457	14.3032	2.0144	0.0068	0.0068	0.0000	0.0065	0.0065	0.0000	0.0002	0.0002	0.0000	0.9643	0.9635	0.0008	0.0069	0.0069	0.0000	0.9574	0.9566	0.0008	0.8347	0.7293	0.1054	0.2080	0.2026	0.0054	0.6267	0.5267	0.1000	0.1873	0.0962	0.0911	0.0249	0.0223	0.0026	0.1624	0.0739	0.0885	0.0016	0.0009	0.0118	0.1133	0.1040	0.0270	0.0001	0.0000	0.0121	5.1493	10.0200	0.0085	0.2776	0.3105	0.0001	5.8960	12.9431	0.0087
28	122	0.1487	4	1	1	0	1	0	0	0	0	N	N	N	N	N	N	N	N	N	N	N	N	0.7453	0.6102	0.1931	0.6079	0.5276	0.2201	0.8092	0.4719	0.2186	0.4997	0.5660	0.0078	0.0106	0.0109	0.0002	0.6193	0.7192	0.0082	0.6705	0.9275	0.0406	0.0174	0.0206	0.0008	0.7653	1.5240	0.0377	0.0019	0.1668	-0.2899	-0.0226	38.1974	11.9190	14.3032	13.1740	1.0164	1.0145	0.0019	0.0042	0.0042	0.0000	1.0121	1.0102	0.0019	0.0466	0.0399	0.0067	0.0004	0.0004	0.0000	0.0462	0.0395	0.0067	2.0339	1.7924	0.2414	0.3996	0.3877	0.0120	1.6342	1.4048	0.2294	0.6691	0.3277	0.3414	0.0380	0.0338	0.0042	0.6311	0.2939	0.3372	7.1776	4.6456	0.4022	0.9958	0.9196	0.2201	8.4634	5.3478	0.4177	0.0696	0.1218	0.0195	0.0106	0.0118	0.0008	0.0732	0.1345	0.0197
28	123	0.6339	10	1	1	1	1	0	0	0	0	N	N	N	N	N	N	N	N	N	N	N	N	121.4107	62.9058	0.0000	191.5752	162.7397	0.4423	0.0033	0.0000	0.4884	0.5408	0.0000	1.2051	1.2686	0.0000	0.0000	0.0000	0.0000	0.0040	0.0086	0.0000	0.0063	0.0078	0.0000	0.0000	0.0001	0.0000	0.0000	0.0003	-0.2874	-0.0003	38.1974	12.8936	14.3032	4.1514	1.0009	1.0009	0.0000	1.0009	1.0009	0.0000	0.0000	0.0000	0.0000	0.0005	0.0005	0.0000	0.0005	0.0005	0.0000	0.0000	0.0000	0.0000	2.0492	1.8506	0.1986	0.8305	0.7890	0.0415	1.2186	1.0616	0.1571	0.3312	0.1990	0.1322	0.1066	0.0927	0.0139	0.2246	0.1063	0.1183	304.9631	202.9908	0.0000	242.3082	221.8486	0.0000	0.4423	1.0054	0.0000	0.0016	0.0027	0.0000	0.0050	0.0057	0.0000	0.0000	0.0000	0.0000	
28	124	0.1640	5	1	2	0	0	0	0	0	0	N	Y	N	N	N	N	N	N	N	N	N	N	0.0078	0.0040	0.4293	0.0086	0.0085	0.0238	5.8666	0.6516	0.5504	0.0018	0.0020	0.0000	0.0091	0.0094	0.0000	0.0000	0.0000	0.0000	0.2286	0.5064	0.0000	1.0604	1.1053	0.0002	0.0000	0.0000	0.0000	0.0003	0.0003	-0.0010	-0.0062	38.1974	12.7386	14.3032	8.7370	0.0036	0.0036	0.0000	0.0036	0.0036	0.0000	0.0000	0.0000	0.0000	0.0099	0.0099	0.0000	0.0099	0.0099	0.0000	0.0000	0.0000	0.0000	2.0422	1.8151	0.2271	0.3965	0.3823	0.0142	1.6457	1.4328	0.2129	0.5905	0.2919	0.2987	0.0461	0.0419	0.0042	0.5444	0.2500	0.2944	0.1061	0.0590	0.4293	0.0422	0.0397	0.0238	5.8666	245.1211	0.5504	0.0168	0.0341	0.0000	0.2156	0.2373	0.0002	0.0000	0.0000	0.0000
28	125	0.1487	4	1	2	0	0	0	0	0	0	N	Y	N	N	N	N	N	N	N	N	N	N	2.4539	1.2354	5.4378	0.7175	0.6237	0.1529	3.6093	0.6040	5.7061	0.0074	0.0080	0.0027	0.0176	0.0181	0.0001	0.0047	0.0050	0.0028	0.0030	0.0065	0.0005	0.0246	0.0291	0.0006	0.0013	0.0082	0.0005	0.0459	0.2405	-0.0028	-0.0002	38.1974	8.6431	14.3032	1.4782	0.0115	0.0110	0.0005	0.0058	0.0058	0.0000	0.0057	0.0052	0.0005	0.0004	0.0003	0.0001	0.0003	0.0003	0.0000	0.0001	0.0000	0.0001	1.5540	1.3676	0.1864	0.3265	0.3177	0.0088	1.2275	1.0499	0.1776	0.2844	0.1397	0.1446	0.0189	0.0171	0.0018	0.2655	0.1226	0.1429	5.6603	3.7485	5.4378	1.2789	1.1955	0.1529	11.1790	15.3318	5.7061	0.0013	0.0021	0.0005	0.0138	0.0152	0.0006	0.0004	0.0003	0.0005
28	126	0.1391	3	1	1	0	0	0	0	0	0	N	N	N	N	N	N	N	N	N	N	N	N	682.6759	676.5122	23.7796	411.9319	878.6010	0.3775	506.1744	53.7283	37.3997	1.3468	1.5599	0.0229	0.8818	0.8984	0.0140	1.4874	1.7979	0.0232	0.0020	0.0023	0.0010	0.0021	0.0010	0.0370	0.0029	0.0335	0.0006	0.0024	0.8080	-0.3355	-0.0000	38.1974	4.1618	14.3032	2.0491	1.1782	1.1754	0.0028	0.1791	0.1791	0.0001	0.9991	0.9963	0.0027	0.0002	0.0001	0.0001	0.0001	0.0000	0.0000	0.0001	0.0001	0.0001	0.8748	0.7535	0.1213	0.2031	0.1993	0.0038	0.6717	0.5542	0.1175	0.2171	0.1194	0.0977	0.0295	0.0285	0.0011	0.1876	0.0910	0.0966	1390.2965	1601.5739	23.7796	411.9319	878.6010	0.4441	1896.9692	1875.1086	37.3997	0.0010	0.0010	0.0010	0.0021	0.0010	0.0314	0.0008	0.0010	0.0006
28	128	0.6461	11	2	2	0	0	0	0	0	0	Y	Y	N	N	N	N	N	N	N	N	N	N	584.7004	406.1219	359.7813	331.4437	inf	inf	0.0008	0.0009	0.0000	0.0015	0.0016	0.0000	0.0004	0.0005	0.0000	0.0000	0.0000	0.0000	0.0000	0.0000	0.0000	0.0000	0.0000	0.0000	0.0000	0.0086	-0.0001	-0.0000	38.1974	2.0107	14.3032	1.9995	0.0002	0.0002	0.0000	0.0002	0.0002	0.0000	0.0001	0.0001	0.0000	0.0000	0.0000	0.0000	0.0000	0.0000	0.0000	0.0000	0.0000	0.0000	0.2989	0.2679	0.0310	0.1161	0.1094	0.0066	0.1828	0.1585	0.0243	0.0762	0.0470	0.0292	0.0256	0.0223	0.0034	0.0505	0.0248	0.0258	584.7004	406.1219	0.0000	359.7813	331.4437	0.0000	inf	inf	0.0000	0.0000	0.0000	0.0000	0.0000	0.0000	0.0000	0.0000	0.0000	0.0000			
28	129	0.6339	10	2	2	0	0	0	0	0	0	Y	Y	N	N	N	N	N	N	N	N	N	N	2572.0292	1311.4619	2.8714	0.1577	0.1420	363.0937	540330.6575	82353.9454	0.5487	2.1364	2.3520	0.0000	0.0002	0.0002	0.0001	3.7418	4.2844	0.0000	0.0008	0.0018	0.0000	0.0015	0.0017	0.0000	0.0000	0.0001	0.0000	0.0000	0.0091	-0.6171	-0.0000	38.1974	5.6459	14.3032	1.1399	2.1492	2.1492	0.0000	0.0001	0.0001	0.0000	2.1491	2.1491	0.0000	0.0001	0.0001	0.0000	0.0001	0.0001	0.0000	0.0000	0.0000	0.0000	1.0060	0.9138	0.0923	0.4317	0.4122	0.0195	0.5744	0.5016	0.0727	0.1429	0.0855	0.0574	0.0476	0.0420	0.0056	0.0953	0.0435	0.0518	4217.1285	2802.9738	2.8714	0.1577	0.1420	363.0937	542589.7621	31062662.0001	0.5487	0.0005	0.0008	0.0000	0.0015	0.0017	0.0000	0.0000	0.0000	0.0000
28	130	0.6036	9	1	1	0	0	0	0	0	0	N	N	N	N	N	N	N	N	N	N	N	N	8.1835	2.8965	4.5458	21.7420	18.5998	2249.0959	0.0447	0.0062	0.0653	0.3025	0.3348	0.0144	0.6924	0.7292	0.0599	0.0006	0.0007	0.0002	0.0370	0.1156	0.0032	0.0318	0.0392	0.0000	0.0135	0.1079	0.0034	0.0048	0.1901	-0.1857	-0.0014	38.1974	11.6079	14.3032	5.3766	0.6577	0.6546	0.0032	0.6570	0.6539	0.0031	0.0007	0.0007	0.0000	0.0031	0.0026	0.0005	0.0023	0.0023	0.0000	0.0007	0.0002	0.0005	2.1746	1.9551	0.2196	0.9489	0.8967	0.0522	1.2257	1.0584	0.1673	0.4053	0.2464	0.1588	0.1412	0.1252	0.0160	0.2641	0.1213	0.1428	40.0974	32.1231	4.6899	41.7867	39.0248	2249.0959	0.2224	0.3511	0.0653	0.0075	0.0104	0.0031	0.0166	0.0187	0.0000	0.0027	0.0019	0.0034
28	131	0.5857	8	1	1	0	0	0	0	0	0	N	N	N	N	N	N	N	N	N	N	N	N	1.3012	2.5015	0.2133	55.8822	50.8378	1245.6159	0.0394	0.0328	0.0415	0.5025	0.5524	0.0432	1.1795	1.2314	0.1774	0.0213	0.0234	0.0077	0.3862	0.2208	0.2025	0.0211	0.0242	0.0001	0.5406	0.7116	0.1866	0.0085	1.8965	-0.1089	0.0003	38.1974	3.9355	14.3032	8.7078	0.3907	0.3875	0.0033	0.3811	0.3782	0.0028	0.0097	0.0092	0.0005	0.0112	0.0039	0.0073	0.0019	0.0019	0.0000	0.0093	0.0019	0.0073	0.7776	0.7014	0.0762	0.3231	0.3072	0.0159	0.4545	0.3943	0.0603	0.4126	0.2718	0.1408	0.1573	0.1448	0.0125	0.2553	0.1271	0.1282	18.4943	38.7960	0.8283	95.8768	92.2085	1245.6159	0.5860	1.5324	0.1353	0.0272	0.0142	0.0521	0.0123	0.0134	0.0001	0.0363	0.0152	0.0572
28	132	0.5740	7	1	1	0	0	0	0	0	0	N	N	N	N	N	N	N	N	N	N	N	N	1.5282	1.9470	0.2663	0.3349	0.2952	343.8203	2.2302	29.7675	0.2706	0.8347	0.9141	0.1066	0.0594	0.0566	0.1133	1.3601	1.5516	0.1050	0.5462	0.4695	0.4003	0.1772	0.1919	0.0003	0.6099	0.0521	0.3879	0.0127	1.4821	-0.2760	-0.0005	38.1974	6.2657	14.3032	3.9760	1.0052	0.9925	0.0126	0.0289	0.0262	0.0026	0.9763	0.9663	0.0100	0.0154	0.0062	0.0092	0.0061	0.0061	0.0000	0.0093	0.0001	0.0092	1.2042	1.0858	0.1183	0.4863	0.4630	0.0233	0.7178	0.6228	0.0950	0.3336	0.2121	0.1215	0.1281	0.1166	0.0115	0.2055	0.0955	0.1100	18.0769	31.2401	1.4081	1.2496	1.0859	343.8203	29.9910	1194.3217	1.2555	0.0462	0.0293	0.0757	0.0475	0.0522	0.0003	0.0453	0.0013	0.0836
28	133	0.4967	6	1	1	0	0	0	0	0	0	N	N	N	N	N	N	N	N	N	N	N	N	0.4072	1.0510	0.5016	0.5130	0.4700	20.1458	0.4960	22.1751	0.5741	0.4801	0.2771	2.1476	0.0406	0.0424	0.0088	0.7199	0.4178	2.5995	1.1789	0.2636	4.2813	0.0791	0.0902	0.0004	1.4513	0.0188	4.5280	0.9434	71.8074	0.4117	0.3102	38.1974	26.7012	14.3032	18.2690	2.0761	1.0683	1.0078	0.0620	0.0612	0.0007	2.0141	1.0070	1.0071	0.8667	0.0119	0.8548	0.0117	0.0116	0.0000	0.8550	0.0003	0.8548	4.3247	3.8554	0.4693	1.5268	1.4449	0.0819	2.7979	2.4105	0.3874	1.2430	0.7378	0.5052	0.3751	0.3404	0.0347	0.8679	0.3974	0.4705	0.6885	17.1731	1.2692	1.3059	1.2393	20.1458	0.7307	631.0439	1.4308	0.6973	0.0161	1.6920	0.0311	0.0342	0.0004	0.9852	0.0007	1.8169
28	134	0.2586	5	1	1	0	0	0	0	0	0	N	N	N	N	N	N	N	N	N	N	N	N	0.8421	1.9145	1.5010	1.0482	0.9853	12.6017	0.8216	4.8727	2.0384	0.5330	0.4608	1.1263	0.4156	0.4417	0.0027	0.5718	0.4676	1.3036	0.6330	0.2407	0.7504	0.3965	0.4483	0.0002	0.6959	0.0960	0.6395	0.2975	6.7826	-0.2642	0.0378	38.1974	61.4372	14.3032	55.8589	4.5643	3.5179	1.0464	0.8838	0.8834	0.0003	3.6805	2.6344	1.0460	0.1554	0.0200	0.1354	0.0180	0.0179	0.0000	0.1374	0.0020	0.1354	8.5634	7.6344	0.9290	2.1268	2.0002	0.1266	6.4366	5.6342	0.8024	2.5540	1.3158	1.2382	0.2280	0.2047	0.0233	2.3260	1.1111	1.2149	8.7612	30.3694	10.2992	5.2774	5.0371	12.6017	9.6782	257.5220	11.6962	0.0608	0.0152	0.1094	0.0787	0.0877	0.0002	0.0591	0.0018	0.1115
28	135	0.1683	4	1	1	0	0	0	0	0	0	N	N	N	N	N	N	N	N	N	N	N	N	230.7272	291.1642	507.5622	68.4564	95.3013	0.0164	200.3682	46.3371	665.1559	1.6156	1.5840	1.8547	0.8160	0.8495	0.0004	1.7473	1.7175	1.9476	0.0070	0.0054	0.0037	0.0119	0.0089	0.0229	0.0087	0.0371	0.0029	0.1546	1.6073	-1.1461	-0.0000	38.1974	31.7621	14.3032	18.5886	7.4810	6.4790	1.0020	0.5346	0.5345	0.0000	6.9464	5.9445	1.0020	0.0034	0.0013	0.0021	0.0010	0.0007	0.0003	0.0024	0.0006	0.0018	4.6306	4.0904	0.5402	0.6551	0.6293	0.0258	3.9756	3.4611	0.5144	1.3332	0.7042	0.6290	0.1225	0.1093	0.0132	1.2107	0.5950	0.6158	632.3958	853.9265	555.6056	100.3019	132.6004	0.0168	878.0465	1685.3323	665.1559	0.0026	0.0019	0.0033	0.0081	0.0064	0.0224	0.0020	0.0010	0.0029
29	30	0.1965	7	1	2	0	0	0	0	0	0	N	Y	N	N	N	N	N	N	N	N	N	N	0.0000	0.0014	0.0000	0.0001	0.0030	0.0000	0.0000	0.0000	0.0000	0.0000	0.0000	0.0000	0.0000	0.0000	0.0000	0.0000	0.0000	0.0000	2.7704	0.0086	12.9647	0.1898	0.0088	2.3710	3.8275	0.0006	14.1466	0.0000	1692.4548	-0.0000	0.3629	6.0056	17.1852	10.9350	7.8386	0.0000	0.0000	0.0000	0.0000	0.0000	0.0000	0.0000	0.0000	0.0000	0.9781	0.0006	0.9776	0.0049	0.0006	0.0043	0.9732	0.0000	0.9732	0.8763	0.7898	0.0865	0.3660	0.3457	0.0204	0.5103	0.4441	0.0661	0.3531	0.2179	0.1352	0.0988	0.0908	0.0079	0.2543	0.1270	0.1273	0.0000	0.0044	0.0000	0.0005	0.0042	0.0000	0.0000	0.0000	0.0000	2.7704	0.0027	7.2305	0.0496	0.0064	0.5445	3.8275	0.0000	7.6479
29	31	0.2371	8	0	2	0	0	0	0	0	0	N	Y	N	N	N	N	N	N	N	N	N	N	2.6282	1.0375	0.0000	1.8026	1.5967	0.0000	0.0000	0.0000	0.0000	0.0011	0.0013	0.0000	0.0040	0.0042	0.0000	0.0000	0.0000	0.0000	0.0004	0.0012	0.0000	0.0022	0.0026	0.0000	0.0000	0.0001	0.0000	0.0000	0.0066	-0.0001	-0.0000	6.0056	9.9927	10.9350	7.0404	0.0003	0.0003	0.0000	0.0003	0.0003	0.0000	0.0000	0.0000	0.0000	0.0001	0.0001	0.0000	0.0001	0.0001	0.0000	0.0000	0.0000	0.0000	0.2803	0.2494	0.0309	0.0802	0.0763	0.0039	0.2001	0.1731	0.0270	0.1513	0.0788	0.0725	0.0227	0.0191	0.0036	0.1285	0.0596	0.0689	3.4155	2.0121	0.0000	1.8026	1.5967	0.0000	0.0000	0.0000	0.0000	0.0003	0.0006	0.0000	0.0022	0.0026	0.0000	0.0000	0.0000	0.0000
29	32	0.2290	7	0	2	0	0	0	0	0	0	N	Y	N	N	N	N	N	N	N	N	N	N	0.9924	0.0000	48.7807	0.0000	0.0000	0.6923	0.0000	52.6095	0.0026	0.0000	0.0252	0.0000	0.0000	0.0000	0.0038	0.0000	0.0286	0.0026	0.0052	0.0005	0.0001	0.0001	0.0000	0.0055	0.1576	0.0005	inf	0.2691	0.0002	-0.0000	6.0056	3.8146	10.9350	0.9911	0.0003	0.0000	0.0003	0.0000	0.0000	0.0000	0.0003	0.0000	0.0003	0.0001	0.0000	0.0000	0.0000	0.0000	0.0000	0.0001	0.0000	0.0000	0.1217	0.1090	0.0127	0.0370	0.0355	0.0015	0.0847	0.0735	0.0112	0.0436	0.0225	0.0211	0.0062	0.0052	0.0010	0.0374	0.0173	0.0201	2.2291	0.0000	48.7807	0.0000	0.0000	0.0000	2.7642	0.0000	52.6095	0.0012	0.0018	0.0005	0.0001	0.0001	0.0000	0.0014	0.0023	0.0005	
29	33	0.2290	7	0	2	0	0	0	0	0	0	N	Y	N	N	N	N	N	N	N	N	N	N	0.0000	0.0000	0.0000	0.0000	0.0000	0.0000	0.0000	0.0000	0.0000	0.0000	0.0000	0.0000	0.0000	0.0000	0.0000	0.0000	0.0000	0.0000	0.0000	0.0000	0.0000	0.0000	inf	0.0000	0.0000	6.0056	24.4476	10.9350	5.0002	0.0000	0.0000	0.0000	0.0000	0.0000	0.0000	0.0000	0.0000	0.0000	0.0000	0.0000	0.0000	0.0000	0.0000	0.0000	0.0000	0.0000	0.0000	0.6698	0.5971	0.0728	0.1888	0.1797	0.0090	0.4811	0.4173	0.0638	0.2533	0.1312	0.1221	0.0358	0.0298	0.0060	0.2175	0.1014	0.1161	0.0000	0.0000	0.0000	0.0000	0.0000	0.0000	0.0000	0.0000	0.0000	0.0000	0.0000	0.0000	0.0000	0.0000	0.0000	0.0000	0.0000	0.0000						
29	34	0.2770	7	0	2	1	1	0	0	0	0	N	Y	N	N	N	N	N	N	N	N	N	N	0.2529	0.0006	8604.6713	0.0007	0.0007	8.5388	0.0000	11730.1953	0.0001	0.0000	0.0020	0.0000	0.0000	0.0000	0.0004	0.0000	0.0029	0.0006	0.0013	0.0000	0.0016	0.0018	0.0000	0.0000	0.0020	0.0000	184.7903	0.0002	0.0000	-0.0000	6.0056	1.3124	10.9350	1.0060	0.0000	0.0000	0.0000	0.0000	0.0000	0.0000	0.0000	0.0000	0.0000	0.0000	0.0000	0.0000	0.0000	0.0000	0.0000	0.0000	0.0000	0.0000	0.0710	0.0661	0.0049	0.0459	0.0444	0.0015	0.0251	0.0217	0.0034	0.0248	0.0144	0.0104	0.0059	0.0053	0.0006	0.0189	0.0091	0.0098	0.3545	0.0012	8604.6713	0.0007	0.0007	0.0000	17.2948	0.0000	11730.1953	0.0004	0.0007	0.0000	0.0016	0.0018	0.0000	0.0000	0.0000	0.0000	
29	35	0.1457	6	0	1	0	1	0	0	0	0	N	N	N	N	N	N	N	N	N	N	N	N	8.6056	0.0076	82837.1735	0.0991	0.0844	2548.4775	13.8584	0.0005	95370.5652	0.3059	0.0016	2.7568	0.0044	0.0046	0.0021	0.4319	0.0003	3.3199	0.0355	0.2141	0.0000	0.0444	0.0540	0.0000	0.0312	0.6143	0.0000	209.4456	0.0022	0.3502	-0.0030	6.0056	53.2438	10.9350	16.6757	0.4946	0.0024	0.4922	0.0021	0.0020	0.0001	0.4925	0.0003	0.4922	0.0047	0.0047	0.0000	0.0022	0.0022	0.0000	0.0026	0.0026	0.0000	1.6167	1.4382	0.1785	0.4766	0.4463	0.0303	1.1401	0.9919	0.1482	0.6445	0.3385	0.3060	0.1028	0.0890	0.0138	0.5417	0.2494	0.2922	41.5511	0.1168	82837.1735	0.2101	0.1883	2548.4775	90.3705	0.0307	95370.5652	0.0074	0.0140	0.0000	0.0210	0.0242	0.0000	0.0048	0.0103	0.0000
29	36	0.1049	6	0	2	0	0	0	0	0	0	N	Y	N	N	N	N	N	N	N	N	N	N	23.7483	2716.7120	0.0044	3054.9052	4032.4709	0.0596	0.0341	inf	0.0043	1.0821	1.2331	0.0002	4.8022	5.2002	0.0002	0.0038	0.0043	0.0001	0.0456	0.0005	0.0350	0.0016	0.0013	0.0037	0.1100	0.0000	0.0337	0.0000	45.5678	-0.1792	0.0009	6.0056	17.9460	10.9350	11.6991	0.6243	0.6243	0.0000	0.6226	0.6226	0.0000	0.0017	0.0017	0.0000	0.0027	0.0001	0.0026	0.0001	0.0001	0.0000	0.0026	0.0000	0.0026	0.5769	0.5063	0.0706	0.1296	0.1197	0.0099	0.4473	0.3865	0.0607	0.3237	0.1688	0.1549	0.0510	0.0450	0.0060	0.2727	0.1237	0.1489	129.4923	3583.2295	0.0091	3054.9052	4032.4709	0.0596	0.3896	inf	0.0082	0.0084	0.0003	0.0171	0.0016	0.0013	0.0037	0.0096	0.0000	0.0176
29	37	0.5603	11	1	2	0	0	0	0	0	0	N	Y	N	N	N	N	N	N	N	N	N	N	0.0000	0.0000	0.0000	0.0000	0.0000	0.0000	0.0000	0.0000	0.0000	0.0000	0.0000	0.0000	0.0000	0.0000	0.0000	0.0000	0.0000	0.0000	0.0000	0.0000	6.0056	1.9903	10.9350	0.0021	0.0000	0.0000	0.0000	0.0000	0.0000	0.0000	0.0000	0.0000	0.0000	0.0000	0.0000	0.0000	0.0000	0.0000	0.0000	0.0000	0.0000	0.0000	0.0555	0.0497	0.0058	0.0226	0.0214	0.0013	0.0328	0.0283	0.0045	0.0148	0.0091	0.0056	0.0055	0.0047	0.0008	0.0093	0.0045	0.0048	0.0000	0.0000	0.0000	0.0000	0.0000	0.0000	0.0000	0.0000	0.0000	0.0000	0.0000	0.0000	0.0000	0.0000	0.0000	0.0000	0.0000	0.0000											
29	38	0.1457	6	0	2	0	1	0	0	0	0	N	Y	N	N	N	N	N	N	N	N	N	N	57.2201	0.0205	622776.2555	0.0648	0.0487	36.0563	1698895.4341	0.0000	7855141.1194	0.6983	0.0010	6.3100	0.0033	0.0030	0.0074	0.9974	0.0000	7.6155	0.0122	0.0467	0.0000	0.0509	0.0621	0.0002	0.0000	0.0001	0.0000	817.5911	0.0013	0.7124	-0.0014	6.0056	45.5232	10.9350	15.8903	1.0011	0.0012	0.9999	0.0014	0.0012	0.0002	0.9997	0.0000	0.9997	0.0022	0.0022	0.0000	0.0022	0.0022	0.0000	0.0000	0.0000	0.0000	1.4336	1.2752	0.1585	0.4313	0.4041	0.0272	1.0023	0.8710	0.1313	0.5846	0.3078	0.2767	0.0964	0.0839	0.0125	0.4882	0.2239	0.2643	183.0572	0.1326	622776.2555	0.1426	0.1140	36.0563	1698895.4341	0.0000	7855141.1194	0.0038	0.0072	0.0000	0.0231	0.0265	0.0002	0.0000	0.0000	0.0000
29	39	0.1186	5	0	1	0	1	0	0	0	0	N	N	N	N	N	N	N	N	N	N	N	N	0.0098	0.0148	0.0156	4.9729	4.6145	350.3758	0.0058	0.0016	0.0191	0.0078	0.0053	0.0266	0.0134	0.0142	0.0042	0.0055	0.0014	0.0316	0.7991	0.3561	1.7095	0.0027	0.0031	0.0000	0.9472	0.8723	1.6542	0.6805	9.3123	0.0004	0.0066	6.0056	13.8166	10.9350	4.5847	0.0037	0.0022	0.0015	0.0018	0.0018	0.0000	0.0019	0.0004	0.0015	0.0241	0.0023	0.0218	0.0001	0.0001	0.0000	0.0240	0.0022	0.0218	0.4737	0.4173	0.0564	0.1369	0.1267	0.0102	0.3368	0.2906	0.0462	0.2084	0.1112	0.0972	0.0346	0.0306	0.0040	0.1738	0.0806	0.0932	0.0677	0.2514	0.1189	4.9729	4.6396	350.3758	0.0401	0.0502	0.1352	0.1156	0.0210	0.2237	0.0027	0.0031	0.0000	0.1381	0.0278	0.2334
29	40	0.2804	9	0	1	1	0	0	0	0	0	N	N	N	N	N	N	N	N	N	N	N	N	0.0000	0.0000	0.0000	0.0000	0.0000	0.0000	0.0000	0.0000	0.0000	0.0000	0.0000	0.0000	0.0000	0.0000	0.0000	0.0000	0.0000	0.0000	0.0002	0.0004	0.0000	0.0007	0.0008	0.0000	0.0000	0.0000	0.0000	0.0000	0.0022	-0.0000	-0.0000	6.0056	12.6411	10.9350	7.4648	0.0000	0.0000	0.0000	0.0000	0.0000	0.0000	0.0000	0.0000	0.0000	0.0000	0.0000	0.0000	0.0000	0.0000	0.0000	0.0000	0.0000	0.0000	0.4271	0.3788	0.0482	0.1440	0.1352	0.0088	0.2831	0.2436	0.0394	0.2214	0.1284	0.0930	0.0548	0.0489	0.0058	0.1666	0.0795	0.0871	0.0000	0.0000	0.0000	0.0000	0.0000	0.0000	0.0000	0.0000	0.0000	0.0002	0.0003	0.0000	0.0007	0.0008	0.0000	0.0000	0.0000	0.0000
29	41	0.5479	9	0	2	0	0	0	0	0	0	N	Y	N	N	N	N	N	N	N	N	N	N	79.5688	107.1448	588.7999	121.2075	250.9028	0.0003	95.6273	1.1931	1686.9357	2.9602	1.5883	14.5741	3.3140	3.5405	0.0000	2.6948	0.0006	19.6796	0.0372	0.0148	0.0248	0.0273	0.0141	0.0684	0.0282	0.0005	0.0117	1.0839	2.3574	0.4476	0.0001	6.0056	22.0894	10.9350	9.3639	1.9213	0.9220	0.9993	0.9218	0.9218	0.0000	0.9995	0.0002	0.9993	0.0019	0.0006	0.0013	0.0011	0.0006	0.0005	0.0008	0.0000	0.0008	0.6490	0.5805	0.0686	0.2781	0.2604	0.0178	0.3709	0.3201	0.0508	0.2463	0.1420	0.1043	0.0730	0.0623	0.0107	0.1733	0.0797	0.0936	391.9721	407.1698	1163.6199	223.4713	398.3836	0.0005	600.8696	226.5126	2370.1437	0.0076	0.0039	0.0125	0.0148	0.0089	0.0494	0.0045	0.0000	0.0083
29	42	0.1186	5	0	2	0	0	0	0	0	0	N	Y	N	N	N	N	N	N	N	N	N	N	112.2768	54.4868	0.0000	50.9434	46.2479	1595.9925	inf	0.0000	0.0020	0.0023	0.0000	0.0069	0.0074	0.0000	0.0004	0.0005	0.0000	0.0000	0.0000	0.0000	0.0001	0.0002	0.0000	0.0000	0.0000	0.0000	0.0000	0.0124	-0.0007	-0.0000	6.0056	43.3975	10.9350	17.3745	0.0026	0.0026	0.0000	0.0022	0.0022	0.0000	0.0004	0.0004	0.0000	0.0000	0.0000	0.0000	0.0000	0.0000	0.0000	0.0000	0.0000	0.0000	1.2768	1.1272	0.1497	0.3195	0.2966	0.0229	0.9574	0.8306	0.1268	0.5703	0.2956	0.2748	0.0753	0.0635	0.0118	0.4950	0.2321	0.2629	112.2768	66.7327	0.0000	50.9434	46.2479	0.0000	1595.9925	inf	0.0000	0.0000	0.0000	0.0000	0.0001	0.0002	0.0000	0.0000	0.0000	0.0000	
29	43	0.4781	8	1	1	1	0	0	0	0	0	N	N	N	N	N	N	N	N	N	N	N	N	0.0000	0.0000	0.0000	0.0000	0.0000	0.0000	0.0000	0.0000	0.0000	0.0000	0.0000	0.0000	0.0000	0.0000	0.0000	0.0000	0.0000	0.0000	0.0001	0.0001	0.0000	0.0002	0.0002	0.0000	0.0000	0.0004	0.0000	0.0000	0.0144	-0.0000	-0.0000	6.0056	18.2331	10.9350	4.4208	0.0000	0.0000	0.0000	0.0000	0.0000	0.0000	0.0000	0.0000	0.0000	0.0000	0.0000	0.0000	0.0000	0.0000	0.0000	0.0000	0.0000	0.0000	0.5299	0.4772	0.0528	0.2062	0.1963	0.0099	0.3237	0.2809	0.0428	0.1785	0.1007	0.0778	0.0491	0.0418	0.0072	0.1294	0.0588	0.0706	0.0000	0.0000	0.0000	0.0000	0.0000	0.0000	0.0000	0.0000	0.0000	0.0001	0.0001	0.0000	0.0002	0.0002	0.0000	0.0000	0.0000	0.0000
29	44	0.5378	8	0	2	0	1	0	0	0	0	N	Y	N	N	N	N	N	N	N	N	N	N	0.4640	0.0787	129.5001	0.1754	0.1568	4183.5864	0.8223	0.0000	165.8552	1.4513	0.4158	10.6075	0.9276	0.9759	0.1705	1.8111	0.0000	13.9089	3.1280	5.2807	0.0819	5.2883	6.2245	0.0000	2.2025	4.5630	0.0839	2.8847	0.0041	1.1054	-1.2599	6.0056	62.5878	10.9350	29.9840	2.4271	0.6248	1.8023	0.6317	0.6248	0.0070	1.7954	0.0000	1.7954	2.0183	2.0100	0.0083	1.0234	1.0234	0.0000	0.9949	0.9866	0.0083	1.6723	1.5024	0.1699	0.6810	0.6402	0.0408	0.9913	0.8622	0.1291	0.6452	0.3806	0.2646	0.1935	0.1644	0.0291	0.4517	0.2162	0.2355	0.4640	0.0787	336.8825	0.1754	0.1568	4183.5864	0.8223	0.0000	393.1990	3.1280	5.2807	0.0315	5.2883	6.2245	0.0000	2.2025	4.5630	0.0354
29	45	0.4781	8	1	1	1	0	0	0	0	0	N	N	N	N	N	N	N	N	N	N	N	N	0.3230	0.2018	0.0000	0.2319	0.2097	0.0000	0.0000	0.0000	0.0000	0.0000	0.0000	0.0000	0.0001	0.0001	0.0000	0.0000	0.0000	0.0000	0.0001	0.0001	0.0000	0.0003	0.0003	0.0000	0.0000	0.0005	0.0000	0.0000	0.0144	-0.0000	-0.0000	6.0056	13.5293	10.9350	3.1702	0.0000	0.0000	0.0000	0.0000	0.0000	0.0000	0.0000	0.0000	0.0000	0.0000	0.0000	0.0000	0.0000	0.0000	0.0000	0.0000	0.0000	0.0000	0.4085	0.3683	0.0402	0.1622	0.1545	0.0076	0.2463	0.2138	0.0325	0.1356	0.0768	0.0587	0.0379	0.0325	0.0054	0.0977	0.0443	0.0534	0.3230	0.2059	0.0000	0.2319	0.2097	0.0000	0.0000	0.0000	0.0000	0.0001	0.0001	0.0000	0.0003	0.0003	0.0000	0.0000	0.0000	0.0000
29	46	0.4736	7	1	1	1	0	0	0	0	0	N	N	N	N	N	N	N	N	N	N	N	N	0.0536	0.0387	0.2559	0.1361	0.1072	20.8785	0.0000	0.0000	0.0003	0.0001	0.0001	0.0002	0.0003	0.0002	0.0012	0.0000	0.0000	0.0000	0.0023	0.0029	0.0009	0.0020	0.0022	0.0001	0.0019	0.0022	0.0010	0.1875	0.5115	-0.0000	-0.0000	6.0056	4.1147	10.9350	1.2946	0.0000	0.0000	0.0000	0.0000	0.0000	0.0000	0.0000	0.0000	0.0000	0.0001	0.0000	0.0000	0.0000	0.0000	0.0000	0.0000	0.0000	0.0000	0.1771	0.1621	0.0150	0.0797	0.0769	0.0029	0.0973	0.0852	0.0121	0.0594	0.0357	0.0237	0.0203	0.0183	0.0020	0.0391	0.0174	0.0217	0.1162	0.0971	0.2559	0.1361	0.1072	20.8785	0.0001	0.0000	0.0003	0.0011	0.0012	0.0009	0.0020	0.0022	0.0001	0.0006	0.0001	0.0010
29	47	0.4110	6	1	1	0	0	0	0	0	0	N	N	N	N	N	N	N	N	N	N	N	N	0.1588	0.3210	0.4126	2.4562	2.8879	3.0927	0.0025	0.0131	0.0025	0.0649	0.0622	0.0867	0.1739	0.1574	0.4273	0.0011	0.0013	0.0004	0.4087	0.1937	0.2100	0.0708	0.0545	0.1382	0.4514	0.0970	0.1552	0.1748	2.5453	-0.0064	0.0011	6.0056	22.0103	10.9350	13.6452	0.0459	0.0391	0.0068	0.0454	0.0386	0.0068	0.0005	0.0005	0.0000	0.0122	0.0034	0.0087	0.0043	0.0032	0.0011	0.0079	0.0002	0.0077	0.7072	0.6284	0.0788	0.2610	0.2451	0.0159	0.4462	0.3833	0.0629	0.4256	0.2613	0.1642	0.1437	0.1305	0.0132	0.2818	0.1308	0.1510	2.2665	4.7269	1.6269	5.8688	6.4265	5.3183	0.0406	0.6912	0.0075	0.0286	0.0132	0.0533	0.0296	0.0245	0.0804	0.0281	0.0018	0.0509
29	48	0.2804	9	0	2	0	0	0	0	0	0	N	Y	N	N	N	N	N	N	N	N	N	N	0.0000	0.0000	0.0000	0.0000	0.0000	0.0000	0.0000	0.0000	0.0000	0.0000	0.0000	0.0000	0.0000	0.0000	0.0000	0.0000	0.0000	0.0008	0.0017	0.0000	0.0018	0.0020	0.0000	0.0000	0.0000	0.0000	0.0000	0.0004	-0.0000	-0.0001	6.0056	12.3962	10.9350	3.7178	0.0000	0.0000	0.0000	0.0000	0.0000	0.0000	0.0000	0.0000	0.0000	0.0001	0.0001	0.0000	0.0001	0.0001	0.0000	0.0000	0.0000	0.0000	0.4245	0.3766	0.0479	0.1432	0.1345	0.0087	0.2813	0.2421	0.0392	0.1903	0.1122	0.0781	0.0494	0.0446	0.0048	0.1409	0.0676	0.0733	0.0000	0.0000	0.0000	0.0000	0.0000	0.0000	0.0000	0.0000	0.0000	0.0005	0.0008	0.0000	0.0018	0.0020	0.0000	0.0000	0.0000	0.0000	
29	49	0.2515	8	0	1	0	0	0	0	0	0	N	N	N	N	N	N	N	N	N	N	N	N	0.3437	0.2180	0.0001	0.8033	0.6981	0.1845	0.0000	0.0000	0.0000	0.0010	0.0011	0.0000	0.0026	0.0028	0.0000	0.0000	0.0000	0.0000	0.0028	0.0049	0.0006	0.0032	0.0040	0.0000	0.0015	0.0089	0.0006	0.0000	0.2377	-0.0001	-0.0001	6.0056	14.4870	10.9350	5.8627	0.0005	0.0005	0.0000	0.0005	0.0005	0.0000	0.0000	0.0000	0.0000	0.0003	0.0003	0.0001	0.0002	0.0002	0.0000	0.0001	0.0000	0.0001	0.5444	0.4851	0.0592	0.1996	0.1876	0.0120	0.3447	0.2975	0.0472	0.2544	0.1463	0.1081	0.0699	0.0625	0.0074	0.1845	0.0838	0.1007	0.7738	0.6181	0.0001	0.8112	0.7722	0.1845	0.0000	0.0000	0.0000	0.0012	0.0017	0.0006	0.0032	0.0036	0.0000	0.0005	0.0004	0.0006
29	50	0.2477	9	1	2	1	0	0	0	0	0	N	Y	N	N	N	N	N	N	N	N	N	N	0.0000	0.0000	0.0000	0.0000	0.0000	0.0000	0.0000	0.0000	0.0000	0.0000	0.0000	0.0000	0.0000	0.0000	0.0000	0.0000	0.0000	0.0000	0.0000	0.0000	6.0056	0.9856	10.9350	2.8295	0.0000	0.0000	0.0000	0.0000	0.0000	0.0000	0.0000	0.0000	0.0000	0.0000	0.0000	0.0000	0.0000	0.0000	0.0000	0.0000	0.0000	0.0000	0.0306	0.0272	0.0035	0.0108	0.0101	0.0007	0.0198	0.0171	0.0027	0.0336	0.0182	0.0155	0.0057	0.0048	0.0009	0.0279	0.0134	0.0145	0.0000	0.0000	0.0000	0.0000	0.0000	0.0000	0.0000	0.0000	0.0000	0.0000	0.0000	0.0000	0.0000	0.0000	0.0000	0.0000	0.0000	0.0000											
29	51	0.5178	9	1	2	0	0	0	0	0	0	N	Y	N	N	N	N	N	N	N	N	N	N	0.0000	0.0080	0.0000	0.0098	0.0168	0.0000	0.0000	0.0000	0.0000	0.0001	0.0000	0.0008	0.0000	0.0000	0.0000	0.0001	0.0000	0.0011	5.0247	0.0011	19.4130	0.0019	0.0012	0.0069	7.7702	0.0007	23.3668	10.6639	13977.7856	0.0000	0.3700	6.0056	13.3057	10.9350	8.6321	0.0000	0.0000	0.0000	0.0000	0.0000	0.0000	0.0000	0.0000	0.0000	0.9958	0.0001	0.9957	0.0001	0.0001	0.0001	0.9957	0.0000	0.9957	0.4381	0.3926	0.0455	0.1887	0.1783	0.0104	0.2494	0.2143	0.0351	0.1982	0.1185	0.0796	0.0700	0.0613	0.0087	0.1281	0.0572	0.0709	0.0000	0.0147	0.0001	0.0098	0.0168	0.0000	0.0000	0.0000	0.0001	5.0247	0.0006	12.5023	0.0019	0.0012	0.0069	7.7702	0.0000	14.0350
29	52	0.3825	11	0	2	0	1	0	0	0	0	N	Y	N	N	N	N	N	N	N	N	N	N	0.0000	0.0000	0.0000	0.0000	0.0000	0.0000	0.0000	0.0000	0.0000	0.0000	0.0000	0.0000	0.0000	0.0000	0.0000	0.0000	0.0000	0.6512	0.5978	0.5340	0.6977	0.6515	0.3443	0.5934	0.0000	0.3845	1.2679	0.0000	-0.0001	6.0056	2.1073	10.9350	0.0711	0.0000	0.0000	0.0000	0.0000	0.0000	0.0000	0.0000	0.0000	0.0000	0.0012	0.0005	0.0007	0.0006	0.0005	0.0001	0.0006	0.0000	0.0006	0.0684	0.0609	0.0075	0.0280	0.0261	0.0019	0.0404	0.0348	0.0055	0.0191	0.0113	0.0078	0.0051	0.0044	0.0007	0.0141	0.0069	0.0071	0.0000	0.0000	0.0000	0.0000	0.0000	0.0000	0.0000	0.0000	0.0000	0.0651	0.0486	0.0891	0.1279	0.1251	0.1461	0.0424	0.0000	0.0836		
29	53	0.3201	10	0	1	0	1	0	0	0	0	N	N	N	N	N	N	N	N	N	N	N	N	0.0000	0.0000	0.0000	0.0000	0.0000	0.0000	0.0000	0.0000	0.0000	0.0000	0.0000	0.0000	0.0000	0.0000	0.0000	0.0000	0.0000	0.0000	4.8380	0.4056	17.4464	0.4213	0.4728	0.0282	5.7973	0.0441	19.6814	0.0000	356.7111	-0.0000	0.3721	6.0056	21.8329	10.9350	8.0592	0.0000	0.0000	0.0000	0.0000	0.0000	0.0000	0.0000	0.0000	0.0000	1.0089	0.0028	1.0060	0.0029	0.0027	0.0001	1.0060	0.0001	1.0059	0.6585	0.5888	0.0697	0.2681	0.2498	0.0183	0.3903	0.3390	0.0513	0.2085	0.1150	0.0935	0.0350	0.0292	0.0058	0.1735	0.0857	0.0878	0.0000	0.0000	0.0000	0.0000	0.0000	0.0000	0.0000	0.0000	0.0000	4.8380	0.0245	10.7543	0.0820	0.0930	0.0260	5.7973	0.0012	11.4593
29	54	0.6302	11	0	2	0	1	0	0	0	0	N	Y	N	N	N	N	N	N	N	N	N	N	0.0000	0.0000	0.0000	0.0000	0.0000	0.0000	0.0000	0.0000	0.0000	0.0000	0.0000	0.0000	0.0000	0.0000	0.0000	0.0000	0.0000	0.0000	0.0000	0.0000	6.0056	0.0000	10.9350	0.0000	0.0000	0.0000	0.0000	0.0000	0.0000	0.0000	0.0000	0.0000	0.0000	0.0000	0.0000	0.0000	0.0000	0.0000	0.0000	0.0000	0.0000	0.0000	0.0000	0.0000	0.0000	0.0000	0.0000	0.0000	0.0000	0.0000	0.0000	0.0000	0.0000	0.0000	0.0000	0.0000	0.0000	0.0000	0.0000	0.0000	0.0000	0.0000	0.0000	0.0000	0.0000	0.0000	0.0000	0.0000	0.0000	0.0000	0.0000	0.0000	0.0000	0.0000	0.0000	0.0000	0.0000	0.0000											
29	55	0.3201	10	0	1	0	1	0	0	0	0	N	N	N	N	N	N	N	N	N	N	N	N	0.0063	0.0053	0.0000	0.0022	0.0023	5552.1724	39.4920	0.0000	0.0039	0.0044	0.0000	0.0024	0.0026	0.0000	0.0052	0.0060	0.0000	0.6232	0.8206	0.0000	1.0807	1.1300	0.0000	0.0000	0.0002	0.0000	0.0000	0.0000	-0.0001	-0.0005	6.0056	1.2825	10.9350	0.1503	0.0002	0.0002	0.0000	0.0001	0.0001	0.0000	0.0001	0.0001	0.0000	0.0008	0.0008	0.0000	0.0008	0.0008	0.0000	0.0000	0.0000	0.0000	0.0524	0.0470	0.0054	0.0246	0.0228	0.0018	0.0278	0.0242	0.0036	0.0143	0.0088	0.0055	0.0038	0.0034	0.0003	0.0105	0.0054	0.0052	0.0669	0.0460	0.0000	0.0109	0.0108	0.0000	5552.1724	11910.2831	0.0000	0.0584	0.0948	0.0000	0.2222	0.2426	0.0000	0.0000	0.0000	0.0000	
29	56	0.2791	9	0	1	0	1	0	0	0	0	N	N	N	N	N	N	N	N	N	N	N	N	0.0263	0.4506	0.0054	0.5275	0.4634	7.6461	0.0202	0.1538	0.0060	0.0063	0.0070	0.0006	0.0051	0.0055	0.0004	0.0072	0.0083	0.0007	0.2400	0.0155	0.1115	0.0097	0.0118	0.0000	0.3575	0.0538	0.1155	0.0102	6.1304	-0.0010	0.0009	6.0056	14.8542	10.9350	6.8183	0.0035	0.0034	0.0000	0.0013	0.0012	0.0000	0.0022	0.0022	0.0000	0.0040	0.0006	0.0035	0.0005	0.0005	0.0000	0.0036	0.0001	0.0035	0.5511	0.4930	0.0581	0.2437	0.2277	0.0159	0.3074	0.2653	0.0422	0.2312	0.1417	0.0895	0.0668	0.0583	0.0085	0.1644	0.0834	0.0811	0.3622	1.7513	0.0157	0.7547	0.7026	7.6461	0.3329	6.2679	0.0164	0.0174	0.0040	0.0387	0.0068	0.0078	0.0000	0.0217	0.0013	0.0427
29	57	0.2042	8	0	1	0	1	0	0	0	0	N	N	N	N	N	N	N	N	N	N	N	N	0.0042	0.0036	0.0000	0.3257	0.2768	0.0475	0.0001	0.0001	0.0000	0.0038	0.0042	0.0000	0.0097	0.0104	0.0001	0.0001	0.0001	0.0000	0.9126	1.1939	0.8920	0.0299	0.0375	0.0028	1.0755	1.9543	0.8045	0.0011	0.3769	-0.0013	-0.0283	6.0056	33.5853	10.9350	9.3450	0.0045	0.0045	0.0000	0.0044	0.0044	0.0000	0.0001	0.0001	0.0000	0.0799	0.0580	0.0219	0.0010	0.0010	0.0000	0.0789	0.0570	0.0218	1.1758	1.0543	0.1215	0.4504	0.4233	0.0271	0.7254	0.6310	0.0944	0.3853	0.2064	0.1789	0.0643	0.0549	0.0095	0.3209	0.1515	0.1694	0.0184	0.0151	0.0003	0.6133	0.5709	0.0475	0.0005	0.0004	0.0001	0.2074	0.2812	0.1222	0.0159	0.0182	0.0028	0.2457	0.3764	0.1289
29	58	0.1835	7	0	1	0	0	0	0	0	0	N	N	N	N	N	N	N	N	N	N	N	N	0.0031	0.0024	0.0111	0.0618	0.0527	21.0085	0.0002	0.0001	0.0009	0.0026	0.0026	0.0024	0.0070	0.0067	0.0110	0.0002	0.0003	0.0002	0.8491	1.1108	0.2213	0.1132	0.1273	0.0005	1.0041	1.8965	0.1877	0.1166	0.2168	-0.0003	-0.0131	6.0056	15.2419	10.9350	2.5705	0.0015	0.0014	0.0002	0.0015	0.0013	0.0002	0.0001	0.0001	0.0000	0.0290	0.0238	0.0052	0.0015	0.0015	0.0000	0.0275	0.0223	0.0052	0.5902	0.5242	0.0660	0.2082	0.1943	0.0139	0.3820	0.3299	0.0521	0.1997	0.1053	0.0944	0.0402	0.0361	0.0041	0.1595	0.0692	0.0902	0.0181	0.0117	0.0447	0.1831	0.1578	21.0085	0.0014	0.0008	0.0028	0.1453	0.2263	0.0548	0.0382	0.0425	0.0005	0.1723	0.3222	0.0573
29	59	0.6302	11	0	1	0	1	0	0	0	0	N	N	N	N	N	N	N	N	N	N	N	N	0.0000	0.0000	0.0000	0.0000	0.0000	0.0000	0.0000	0.0000	0.0000	0.0000	0.0000	0.0000	0.0000	0.0000	0.0000	0.0000	0.0000	0.0000	0.0000	-0.0000	6.0056	0.0000	10.9350	0.0000	0.0000	0.0000	0.0000	0.0000	0.0000	0.0000	0.0000	0.0000	0.0000	0.0000	0.0000	0.0000	0.0000	0.0000	0.0000	0.0000	0.0000	0.0000	0.0000	0.0000	0.0000	0.0000	0.0000	0.0000	0.0000	0.0000	0.0000	0.0000	0.0000	0.0000	0.0000	0.0000	0.0000	0.0000	0.0000	0.0000	0.0000	0.0000	0.0000	0.0000	0.0000	0.0000	0.0000	0.0000	0.0000	0.0000	0.0000	0.0000	0.0000	0.0000	0.0000	0.0000	0.0000	0.0000											
29	60	0.5528	10	0	1	0	1	0	0	0	0	N	N	N	N	N	N	N	N	N	N	N	N	0.1980	0.1312	175311.5941	0.0003	0.0003	11122.3698	340743.3396	1878.6041	197392.1289	0.9736	1.0793	0.0598	0.0046	0.0047	0.0018	1.5616	1.7937	0.0734	4.9160	8.2237	0.0000	14.7907	18.0408	0.0000	0.0000	0.0010	0.0000	0.0064	0.0000	-0.1396	-0.6264	6.0056	19.3360	10.9350	7.9957	0.4972	0.4941	0.0032	0.0009	0.0009	0.0000	0.4963	0.4932	0.0031	0.9968	0.9968	0.0000	0.9968	0.9968	0.0000	0.0000	0.0000	0.0000	0.5107	0.4577	0.0530	0.1929	0.1828	0.0101	0.3178	0.2750	0.0429	0.2028	0.1212	0.0816	0.0674	0.0553	0.0121	0.1354	0.0660	0.0694	0.1980	0.1312	175311.5941	0.0003	0.0003	11122.3698	340743.3396	198981.9728	197392.1289	4.9160	8.2237	0.0000	14.7907	18.0408	0.0000	0.0000	0.0000	0.0000
29	61	0.2428	8	0	2	1	0	0	0	0	0	N	Y	N	N	N	N	N	N	N	N	N	N	1.5123	1.0320	0.0000	1.9530	1.6179	0.0000	0.0000	0.0000	0.0000	0.0074	0.0083	0.0000	0.0239	0.0252	0.0000	0.0000	0.0000	0.0000	0.0049	0.0080	0.0013	0.0123	0.0156	0.0002	0.0025	0.0001	0.0013	0.0000	0.4719	-0.0009	-0.0001	6.0056	14.2360	10.9350	11.9336	0.0030	0.0030	0.0000	0.0030	0.0030	0.0000	0.0000	0.0000	0.0000	0.0004	0.0003	0.0001	0.0003	0.0003	0.0000	0.0001	0.0000	0.0001	0.4045	0.3602	0.0444	0.1245	0.1184	0.0062	0.2800	0.2418	0.0382	0.2285	0.1194	0.1090	0.0356	0.0301	0.0054	0.1929	0.0893	0.1036	3.9217	3.3888	0.0000	2.9099	2.6022	0.0000	0.0000	0.0000	0.0000	0.0019	0.0024	0.0013	0.0082	0.0097	0.0002	0.0007	0.0000	0.0013
29	62	0.1706	8	1	1	1	0	0	0	0	0	N	N	N	N	N	N	N	N	N	N	N	N	0.6799	10.4981	0.4957	11.9330	109.3165	0.0057	0.2819	0.0014	0.5489	1.7528	1.3094	5.1658	3.6842	3.9641	0.0081	0.8668	0.0007	6.4033	2.5779	0.1247	10.4208	0.3087	0.0363	1.4045	3.0754	0.5312	11.6648	0.5126	438.9510	0.0757	0.3586	6.0056	28.8660	10.9350	13.2209	1.4636	0.9676	0.4960	0.9674	0.9673	0.0001	0.4962	0.0004	0.4959	0.9709	0.0022	0.9687	0.0041	0.0010	0.0032	0.9668	0.0012	0.9656	0.8350	0.7390	0.0960	0.2626	0.2440	0.0186	0.5725	0.4950	0.0774	0.3766	0.2042	0.1725	0.0623	0.0540	0.0082	0.3144	0.1501	0.1642	0.6799	121.1304	0.9197	55.6598	223.7632	0.0210	0.2819	0.0898	1.0892	2.5779	0.0108	5.6168	0.0662	0.0177	0.3843	3.0754	0.0083	5.8792
29	63	0.1679	7	1	2	0	0	0	0	0	0	N	Y	N	N	N	N	N	N	N	N	N	N	82.1214	17.2861	153.7239	31.1736	28.8264	1095.3157	4064888.2489	368023.9318	58.2432	3.8660	4.4116	0.0002	4.2223	4.5752	0.0012	3.7607	4.3598	0.0001	0.0471	0.2552	0.0000	0.1354	0.1587	0.0000	0.0000	0.0000	0.0000	0.0000	0.0001	-0.1761	-0.0008	6.0056	5.0237	10.9350	8.0282	0.6131	0.6131	0.0000	0.1527	0.1527	0.0000	0.4604	0.4604	0.0000	0.0013	0.0013	0.0000	0.0013	0.0013	0.0000	0.0000	0.0000	0.0000	0.1586	0.1390	0.0196	0.0362	0.0334	0.0028	0.1224	0.1056	0.0168	0.1524	0.0815	0.0709	0.0306	0.0273	0.0033	0.1218	0.0542	0.0676	456.7991	278.7321	153.7239	100.0794	96.8117	1095.3157	4064888.2489	147656935.1886	58.2432	0.0085	0.0158	0.0000	0.0422	0.0473	0.0000	0.0000	0.0000	0.0000
29	64	0.1049	6	1	2	0	0	0	0	0	0	N	Y	N	N	N	N	N	N	N	N	N	N	3.4554	0.7153	117.4613	2.2351	1.0382	31141.3328	5.7932	0.2165	88.6957	0.0056	0.0026	0.0278	0.0105	0.0061	0.0642	0.0042	0.0015	0.0219	0.0016	0.0036	0.0002	0.0047	0.0058	0.0000	0.0007	0.0068	0.0002	1.5214	0.1578	0.0010	-0.0002	6.0056	17.5893	10.9350	19.0270	0.0032	0.0013	0.0019	0.0013	0.0007	0.0006	0.0019	0.0006	0.0013	0.0003	0.0003	0.0000	0.0002	0.0002	0.0000	0.0001	0.0000	0.0000	0.5667	0.4973	0.0694	0.1276	0.1179	0.0098	0.4390	0.3794	0.0596	0.3842	0.2001	0.1841	0.0571	0.0499	0.0072	0.3270	0.1502	0.1768	6.7833	1.8488	117.4613	2.5348	1.2764	31141.3328	16.7037	5.5906	88.6957	0.0008	0.0014	0.0002	0.0041	0.0047	0.0000	0.0003	0.0003	0.0002
29	65	0.0986	5	0	2	0	0	0	0	0	0	N	Y	N	N	N	N	N	N	N	N	N	N	9.8636	6.1946	74.7678	19.0141	18.1449	90.0053	6.5404	0.6581	78.9878	0.0267	0.0179	0.0931	0.0333	0.0326	0.0432	0.0246	0.0126	0.1001	0.0027	0.0029	0.0012	0.0017	0.0018	0.0005	0.0038	0.0192	0.0013	0.6948	0.6457	0.0002	-0.0000	6.0056	1.7566	10.9350	2.8742	0.0017	0.0010	0.0007	0.0005	0.0005	0.0000	0.0012	0.0005	0.0007	0.0001	0.0001	0.0000	0.0000	0.0000	0.0000	0.0001	0.0000	0.0000	0.0639	0.0564	0.0075	0.0157	0.0148	0.0009	0.0482	0.0416	0.0066	0.0882	0.0550	0.0332	0.0251	0.0241	0.0009	0.0631	0.0308	0.0323	22.3427	15.3262	74.7678	19.0141	18.1449	90.0053	25.1946	18.8345	78.9878	0.0012	0.0012	0.0012	0.0017	0.0018	0.0005	0.0010	0.0007	0.0013
29	66	0.2428	8	0	2	0	0	0	0	0	0	N	Y	N	N	N	N	N	N	N	N	N	N	2.3990	2.0247	0.0000	0.0000	0.0000	0.0000	14.5328	48670.9502	0.0000	1.5751	1.7679	0.0000	0.0001	0.0001	0.0000	2.2641	2.6175	0.0000	0.6566	0.8732	0.0428	1.5509	1.6527	0.0035	0.1558	0.0001	0.0406	0.0000	0.1731	-0.2642	-0.0086	6.0056	21.1811	10.9350	10.1862	0.9202	0.9202	0.0000	0.0000	0.0000	0.0000	0.9202	0.9202	0.0000	0.0179	0.0153	0.0026	0.0153	0.0153	0.0000	0.0026	0.0000	0.0026	0.5842	0.5205	0.0637	0.1778	0.1689	0.0088	0.4064	0.3515	0.0549	0.2695	0.1408	0.1287	0.0414	0.0350	0.0064	0.2281	0.1058	0.1223	23.7239	16.3199	0.0000	0.0001	0.0001	0.0000	197.2646	18221693.3374	0.0000	0.0664	0.1083	0.0205	0.3689	0.4359	0.0035	0.0115	0.0000	0.0214
29	67	0.2290	7	0	2	0	0	0	0	0	0	N	Y	N	N	N	N	N	N	N	N	N	N	0.7881	0.5530	0.0699	0.0000	0.0000	0.0000	0.9101	0.0855	0.1075	0.0135	0.0150	0.0004	0.0000	0.0000	0.0000	0.0190	0.0219	0.0004	0.0171	0.0272	0.0056	0.0199	0.0236	0.0056	0.0209	0.2561	0.0041	0.0031	0.6879	-0.0008	-0.0001	6.0056	7.4253	10.9350	0.9851	0.0030	0.0030	0.0000	0.0000	0.0000	0.0000	0.0030	0.0030	0.0000	0.0004	0.0002	0.0002	0.0001	0.0001	0.0000	0.0002	0.0001	0.0001	0.2213	0.1975	0.0238	0.0646	0.0617	0.0029	0.1567	0.1358	0.0209	0.0757	0.0391	0.0366	0.0108	0.0090	0.0018	0.0649	0.0301	0.0348	2.7529	2.6807	0.0941	0.0000	0.0000	0.0000	5.0910	6.4807	0.1092	0.0049	0.0056	0.0041	0.0118	0.0131	0.0056	0.0037	0.0034	0.0040
29	68	0.2515	8	0	1	1	0	0	0	0	0	N	N	N	N	N	N	N	N	N	N	N	N	287.5628	0.0000	5395056.2113	0.0001	0.0001	0.0000	4392694.6897	0.0002	19298452.2805	1.7843	0.0000	16.3850	0.0000	0.0000	0.0000	2.8106	0.0000	20.5479	0.0062	0.0155	0.0000	0.0126	0.0151	0.0000	0.0000	0.0000	0.0000	3137037.0543	0.0006	0.7125	-0.0004	6.0056	15.0354	10.9350	6.2061	0.9995	0.0000	0.9995	0.0000	0.0000	0.0000	0.9995	0.0000	0.9995	0.0006	0.0006	0.0000	0.0006	0.0006	0.0000	0.0000	0.0000	0.0000	0.5601	0.4991	0.0610	0.2045	0.1922	0.0124	0.3556	0.3070	0.0486	0.2617	0.1501	0.1116	0.0710	0.0634	0.0076	0.1907	0.0867	0.1040	779.5081	0.0002	5395056.2113	0.0002	0.0002	0.0000	4392694.6897	0.0650	19298452.2805	0.0023	0.0040	0.0000	0.0084	0.0094	0.0000	0.0000	0.0000	0.0000
29	69	0.1835	7	0	1	0	0	0	0	0	0	N	N	N	N	N	N	N	N	N	N	N	N	0.0397	0.0095	0.7897	0.0517	0.0429	53.0362	0.0439	0.0008	1.0774	0.0021	0.0017	0.0055	0.0047	0.0049	0.0027	0.0009	0.0001	0.0062	0.0541	0.1808	0.0070	0.0912	0.1134	0.0001	0.0214	0.1658	0.0057	0.4043	0.3454	0.0000	-0.0013	6.0056	27.6811	10.9350	13.1592	0.0020	0.0014	0.0006	0.0014	0.0014	0.0001	0.0006	0.0001	0.0005	0.0035	0.0026	0.0009	0.0022	0.0022	0.0000	0.0012	0.0004	0.0009	0.9340	0.8288	0.1051	0.2995	0.2791	0.0204	0.6345	0.5498	0.0847	0.3904	0.2047	0.1857	0.0648	0.0561	0.0087	0.3256	0.1486	0.1771	0.2431	0.1376	1.1522	0.1383	0.1236	53.0362	0.2458	0.0540	1.2356	0.0088	0.0125	0.0048	0.0341	0.0394	0.0001	0.0038	0.0024	0.0050
29	70	0.1486	6	0	1	0	0	0	0	0	0	N	N	N	N	N	N	N	N	N	N	N	N	0.0106	0.0074	0.0468	0.0621	0.0558	68.8201	0.0028	0.0009	0.0067	0.0024	0.0026	0.0012	0.0066	0.0067	0.0057	0.0005	0.0005	0.0001	0.2287	0.3474	0.0250	0.1067	0.1200	0.0001	0.1727	0.6249	0.0222	0.0590	0.5248	-0.0004	-0.0013	6.0056	19.6565	10.9350	4.0504	0.0017	0.0016	0.0001	0.0015	0.0014	0.0001	0.0002	0.0002	0.0000	0.0046	0.0030	0.0016	0.0019	0.0019	0.0000	0.0027	0.0011	0.0016	0.7035	0.6228	0.0807	0.2214	0.2065	0.0149	0.4822	0.4163	0.0658	0.2703	0.1456	0.1247	0.0513	0.0458	0.0055	0.2190	0.0997	0.1193	0.1433	0.1255	0.0933	0.1799	0.1624	68.8201	0.0395	0.0485	0.0112	0.0168	0.0205	0.0126	0.0368	0.0412	0.0001	0.0122	0.0110	0.0131
29	71	0.2321	8	1	2	0	0	0	0	0	0	N	Y	N	N	N	N	N	N	N	N	N	N	0.3902	0.2359	0.0000	0.1895	0.1666	0.0000	0.0000	0.0000	0.0000	0.0000	0.0000	0.0000	0.0001	0.0001	0.0000	0.0000	0.0000	0.0000	0.0001	0.0001	0.0000	0.0003	0.0004	0.0000	0.0000	0.0000	0.0000	0.0000	0.0394	-0.0000	-0.0000	6.0056	17.5448	10.9350	6.0013	0.0000	0.0000	0.0000	0.0000	0.0000	0.0000	0.0000	0.0000	0.0000	0.0000	0.0000	0.0000	0.0000	0.0000	0.0000	0.0000	0.0000	0.0000	0.4987	0.4450	0.0537	0.1515	0.1441	0.0074	0.3472	0.3009	0.0463	0.2045	0.1062	0.0984	0.0291	0.0243	0.0049	0.1754	0.0819	0.0935	0.3902	0.2359	0.0000	0.1895	0.1666	0.0000	0.0000	0.0000	0.0000	0.0001	0.0001	0.0000	0.0003	0.0004	0.0000	0.0000	0.0000	0.0000
29	72	0.3006	11	1	2	1	0	0	0	0	0	N	Y	N	N	N	N	N	N	N	N	N	N	1381201.2346	inf	0.0000	inf	inf	44045.4013	inf	0.0000	0.0401	0.0450	0.0000	0.0999	0.1055	0.0000	0.0019	0.0022	0.0000	0.0000	0.0000	0.0000	0.0000	0.0000	0.0000	0.0000	0.0000	0.0000	0.0000	inf	-0.0006	0.0000	6.0056	1.8980	10.9350	2.9698	0.0023	0.0023	0.0000	0.0022	0.0022	0.0000	0.0001	0.0001	0.0000	0.0000	0.0000	0.0000	0.0000	0.0000	0.0000	0.0000	0.0000	0.0000	0.0562	0.0500	0.0061	0.0219	0.0207	0.0012	0.0343	0.0293	0.0050	0.0689	0.0467	0.0222	0.0222	0.0216	0.0006	0.0467	0.0251	0.0216	1381201.2346	inf	0.0000	inf	inf	0.0000	44045.4013	inf	0.0000	0.0000	0.0000	0.0000	0.0000	0.0000	0.0000	0.0000	0.0000	0.0000	
29	73	0.2810	10	1	1	1	0	0	0	0	0	N	N	N	N	N	N	N	N	N	N	N	N	37.5408	51.6192	0.4849	435.5465	420.3477	407.9435	4.1384	1.4190	0.3264	3.2441	3.7270	0.0133	6.1311	6.6496	0.0265	0.6041	0.7326	0.0080	0.0864	0.0722	0.0274	0.0141	0.0158	0.0001	0.1460	0.5163	0.0244	0.0005	0.9614	-0.2339	-0.0001	6.0056	3.5853	10.9350	4.3819	0.8162	0.8158	0.0004	0.7368	0.7366	0.0002	0.0794	0.0792	0.0002	0.0009	0.0005	0.0004	0.0002	0.0002	0.0000	0.0007	0.0003	0.0004	0.2516	0.2189	0.0327	0.1202	0.1108	0.0094	0.1314	0.1081	0.0233	0.0879	0.0545	0.0334	0.0211	0.0196	0.0015	0.0668	0.0349	0.0319	310.8059	434.3115	0.9872	670.2043	675.9954	407.9435	55.7034	92.9921	0.5656	0.0104	0.0086	0.0135	0.0091	0.0098	0.0001	0.0108	0.0079	0.0141
29	74	0.2495	9	1	1	1	0	0	0	0	0	N	N	N	N	N	N	N	N	N	N	N	N	24.1974	1.7125	1268.3517	0.0669	0.0626	0.3680	78.3034	1.3359	2328.2110	2.2392	0.3169	18.8364	0.0060	0.0056	0.0139	3.3813	0.4921	22.1534	0.0925	0.1850	0.0149	0.0901	0.0903	0.0377	0.0432	0.3684	0.0095	6.8848	0.5354	0.4934	-0.0005	6.0056	12.3589	10.9350	7.3592	0.8420	0.1068	0.7352	0.0008	0.0007	0.0001	0.8412	0.1061	0.7351	0.0019	0.0013	0.0007	0.0010	0.0009	0.0001	0.0009	0.0004	0.0006	0.3760	0.3370	0.0390	0.1272	0.1214	0.0058	0.2488	0.2156	0.0332	0.1828	0.0999	0.0829	0.0297	0.0261	0.0035	0.1531	0.0738	0.0793	210.6115	25.0164	2303.3239	0.1776	0.1651	0.4340	552.8833	97.7541	3110.7796	0.0106	0.0127	0.0082	0.0339	0.0342	0.0320	0.0061	0.0050	0.0071
29	75	0.2321	8	1	1	1	0	0	0	0	0	N	N	N	N	N	N	N	N	N	N	N	N	0.1906	0.0319	2.9738	0.1719	0.2396	0.0000	0.1190	0.0016	4.0200	0.0092	0.0005	0.0819	0.0003	0.0003	0.0000	0.0133	0.0006	0.0959	0.0481	0.0153	0.0275	0.0019	0.0014	0.0042	0.1118	0.3450	0.0239	20.0643	3.1700	0.0019	0.0001	6.0056	10.2127	10.9350	1.0234	0.0028	0.0001	0.0027	0.0000	0.0000	0.0000	0.0028	0.0001	0.0027	0.0009	0.0002	0.0007	0.0000	0.0000	0.0000	0.0008	0.0002	0.0006	0.3055	0.2729	0.0326	0.0973	0.0926	0.0048	0.2082	0.1803	0.0278	0.1003	0.0520	0.0483	0.0144	0.0120	0.0024	0.0859	0.0400	0.0459	1.0724	0.1232	6.0673	0.1719	0.2396	0.0000	1.3760	0.1194	6.8596	0.0086	0.0040	0.0135	0.0019	0.0014	0.0042	0.0097	0.0047	0.0140
29	76	0.2290	7	1	1	0	0	0	0	0	0	N	N	N	N	N	N	N	N	N	N	N	N	0.0012	0.0144	0.0066	0.0524	0.0154	inf	0.0000	0.0000	0.0000	0.0000	0.0000	0.0000	0.0000	0.0000	0.0001	0.0000	0.0000	0.0000	0.0011	0.0000	0.0013	0.0001	0.0001	0.0000	0.0026	0.0009	0.0013	1.9662	41.8122	0.0000	0.0000	6.0056	3.7027	10.9350	0.0091	0.0000	0.0000	0.0000	0.0000	0.0000	0.0000	0.0000	0.0000	0.0000	0.0000	0.0000	0.0000	0.0000	0.0000	0.0000	0.0000	0.0000	0.0000	0.1186	0.1062	0.0123	0.0361	0.0347	0.0015	0.0824	0.0715	0.0109	0.0338	0.0174	0.0163	0.0048	0.0040	0.0008	0.0289	0.0134	0.0155	0.0021	0.0175	0.0066	0.0524	0.0154	inf	0.0000	0.0000	0.0000	0.0006	0.0000	0.0013	0.0001	0.0001	0.0000	0.0007	0.0000	0.0013
29	77	0.2120	6	0	1	0	0	0	0	0	0	N	N	N	N	N	N	N	N	N	N	N	N	0.0009	0.0006	0.0000	0.0222	0.0229	0.0000	0.0000	0.0000	0.0000	0.0069	0.0077	0.0000	0.0169	0.0180	0.0000	0.0000	0.0000	0.0000	7.6512	13.3548	1.7996	0.7617	0.7823	0.0006	10.2822	23.2602	1.7137	0.0000	0.0139	-0.0003	-0.6179	6.0056	3.8334	10.9350	6.1787	0.0010	0.0010	0.0000	0.0010	0.0010	0.0000	0.0000	0.0000	0.0000	1.0052	0.9915	0.0138	0.0048	0.0048	0.0000	1.0004	0.9866	0.0138	0.1469	0.1320	0.0149	0.0598	0.0563	0.0036	0.0870	0.0757	0.0113	0.1314	0.0742	0.0571	0.0341	0.0318	0.0023	0.0973	0.0424	0.0549	0.0009	0.0006	0.0000	0.1191	0.1183	0.0000	0.0000	0.0000	0.0000	7.6512	13.3548	0.2409	0.1417	0.1518	0.0006	10.2822	23.2602	0.2508
29	78	0.1729	5	0	1	0	0	0	0	0	0	N	N	N	N	N	N	N	N	N	N	N	N	0.0029	0.0001	0.6217	0.0059	0.0053	0.0000	0.0032	0.0000	0.7525	0.0019	0.0001	0.0178	0.0003	0.0003	0.0000	0.0026	0.0000	0.0199	0.6639	0.8632	0.0287	0.0446	0.0519	0.0001	0.8128	1.6549	0.0264	26.2085	0.0934	0.0007	-0.0110	6.0056	16.9094	10.9350	5.8161	0.0010	0.0000	0.0010	0.0000	0.0000	0.0000	0.0010	0.0000	0.0010	0.0202	0.0185	0.0017	0.0017	0.0017	0.0000	0.0186	0.0169	0.0017	0.5398	0.4832	0.0566	0.1455	0.1397	0.0058	0.3943	0.3435	0.0508	0.2976	0.1735	0.1241	0.0782	0.0710	0.0072	0.2194	0.1024	0.1169	0.0286	0.0007	1.2807	0.0125	0.0118	0.0000	0.0302	0.0000	1.3449	0.0680	0.1067	0.0139	0.0211	0.0233	0.0001	0.0847	0.1646	0.0148
29	79	0.0986	5	0	2	0	0	0	0	0	0	N	Y	N	N	N	N	N	N	N	N	N	N	1.1404	0.6684	0.0000	0.7971	0.7459	0.0000	0.0046	0.0221	0.0000	0.0001	0.0002	0.0000	0.0007	0.0008	0.0000	0.0000	0.0000	0.0000	0.0001	0.0003	0.0000	0.0009	0.0010	0.0000	0.0000	0.0000	0.0000	0.0000	0.0960	-0.0000	-0.0000	6.0056	23.9173	10.9350	17.8091	0.0001	0.0001	0.0000	0.0001	0.0001	0.0000	0.0000	0.0000	0.0000	0.0001	0.0001	0.0000	0.0001	0.0001	0.0000	0.0000	0.0000	0.0000	0.7206	0.6327	0.0879	0.1485	0.1376	0.0110	0.5721	0.4951	0.0769	0.4292	0.2261	0.2030	0.0565	0.0489	0.0076	0.3727	0.1772	0.1955	1.1404	0.7500	0.0000	0.7971	0.7459	0.0000	0.0086	20.8570	0.0000	0.0001	0.0002	0.0000	0.0009	0.0010	0.0000	0.0000	0.0000	0.0000
29	80	0.0825	4	0	2	0	0	0	0	0	0	N	Y	N	N	N	N	N	N	N	N	N	N	0.0596	0.1786	0.1388	0.7144	0.6937	60.4129	0.0148	0.0038	0.1462	0.0002	0.0001	0.0003	0.0004	0.0005	0.0001	0.0001	0.0000	0.0003	0.0025	0.0007	0.0021	0.0006	0.0007	0.0000	0.0050	0.0094	0.0021	0.3073	3.3249	-0.0000	0.0000	6.0056	6.1279	10.9350	3.6878	0.0000	0.0000	0.0000	0.0000	0.0000	0.0000	0.0000	0.0000	0.0000	0.0001	0.0000	0.0001	0.0000	0.0000	0.0000	0.0001	0.0000	0.0001	0.1909	0.1671	0.0238	0.0405	0.0372	0.0032	0.1504	0.1298	0.0206	0.1263	0.0727	0.0536	0.0226	0.0206	0.0020	0.1037	0.0521	0.0516	0.1336	0.2906	0.1388	0.7144	0.6937	60.4129	0.0591	0.0973	0.1462	0.0011	0.0005	0.0021	0.0006	0.0007	0.0000	0.0012	0.0004	0.0021
29	81	0.1706	8	1	1	1	0	0	0	0	0	N	N	N	N	N	N	N	N	N	N	N	N	0.0005	0.0000	104.9832	0.0025	0.0000	inf	0.0000	0.0000	0.0036	0.0015	0.0000	0.0131	0.0048	0.0000	0.0676	0.0000	0.0000	0.0000	2.8721	5.2929	0.0001	1.9660	2.0243	0.0000	3.3304	6.9773	0.0001	108.2889	0.0000	0.0009	-0.6508	6.0056	27.2690	10.9350	12.3406	0.0012	0.0000	0.0012	0.0012	0.0000	0.0012	0.0000	0.0000	0.0000	1.0357	1.0357	0.0000	0.0349	0.0349	0.0000	1.0008	1.0008	0.0000	0.8005	0.7083	0.0922	0.2524	0.2345	0.0179	0.5481	0.4738	0.0743	0.3606	0.1957	0.1649	0.0601	0.0522	0.0079	0.3005	0.1434	0.1571	0.0005	0.0000	104.9832	0.0083	0.0001	inf	0.0000	0.0000	0.0036	2.8721	5.2929	0.0001	0.5807	0.6681	0.0000	3.3304	6.9773	0.0001
29	82	0.1552	7	0	1	0	0	0	0	0	0	N	N	N	N	N	N	N	N	N	N	N	N	0.0035	0.0033	0.0001	0.0113	0.0113	0.0137	0.0000	0.0000	0.0001	0.0039	0.0043	0.0005	0.0111	0.0117	0.0016	0.0000	0.0000	0.0002	1.1261	1.3094	3.2506	0.9840	1.0390	0.1147	1.2917	2.0149	3.2837	0.0126	1.5702	-0.0003	-0.0009	6.0056	9.0798	10.9350	0.9519	0.0012	0.0012	0.0000	0.0012	0.0012	0.0000	0.0000	0.0000	0.0000	0.0518	0.0202	0.0317	0.0027	0.0025	0.0002	0.0491	0.0176	0.0315	0.3163	0.2826	0.0337	0.1102	0.1036	0.0066	0.2061	0.1790	0.0271	0.0944	0.0502	0.0442	0.0139	0.0117	0.0021	0.0806	0.0385	0.0421	0.0071	0.0107	0.0006	0.0571	0.0540	0.0221	0.0000	0.0000	0.0002	0.5487	0.4017	0.7154	0.1947	0.2171	0.0711	0.6095	0.4580	0.7479
29	83	0.0825	4	0	2	0	0	0	0	0	0	N	Y	N	N	N	N	N	N	N	N	N	N	0.0000	0.0000	0.0000	0.0000	0.0000	0.0000	0.0000	0.0000	0.0000	0.0000	0.0000	0.0000	0.0000	0.0000	0.0000	0.4000	0.6235	0.0000	1.0861	1.2168	0.0000	0.0009	0.0181	0.0000	0.0000	0.0000	-0.0065	6.0056	21.0000	10.9350	14.4214	0.0000	0.0000	0.0000	0.0000	0.0000	0.0000	0.0000	0.0000	0.0000	0.0104	0.0104	0.0000	0.0103	0.0103	0.0000	0.0001	0.0001	0.0000	0.6293	0.5519	0.0773	0.1322	0.1220	0.0102	0.4970	0.4299	0.0671	0.3683	0.1939	0.1744	0.0459	0.0392	0.0067	0.3224	0.1547	0.1677	0.0000	0.0000	0.0000	0.0000	0.0000	0.0000	0.0000	0.0000	0.0000	0.0281	0.0534	0.0000	0.2237	0.2618	0.0000	0.0003	0.0006	0.0000				
29	84	0.0323	2	0	1	1	0	0	0	0	0	N	N	N	N	N	N	N	N	N	N	N	N	2.1772	1.2161	1236.1850	0.5072	0.5632	0.0016	411.3997	1286.6590	1464.7950	1.3669	1.1134	2.0029	1.4544	1.6423	0.0000	1.3104	0.6146	2.3768	0.6278	0.9155	0.0016	2.8674	2.9162	0.0006	0.0032	0.0005	0.0016	0.7170	0.0140	0.2662	-0.0129	6.0056	20.4085	10.9350	11.0867	2.0408	1.1886	0.8522	0.8509	0.8509	0.0000	1.1899	0.3377	0.8522	0.0210	0.0207	0.0003	0.0207	0.0207	0.0000	0.0003	0.0000	0.0003	1.4931	1.0676	0.4255	0.5850	0.5181	0.0669	0.9080	0.5495	0.3586	0.3531	0.1736	0.1795	0.0117	0.0113	0.0004	0.3414	0.1623	0.1791	22.9506	9.3181	1236.1850	0.8181	0.8919	0.0016	1537.3495	258041.5719	1464.7950	0.0596	0.1195	0.0016	1.7777	1.8415	0.0006	0.0009	0.0000	0.0016
29	89	0.1503	6	0	2	0	0	0	0	0	0	N	Y	N	N	N	N	N	N	N	N	N	N	2.9572	1.4762	3.2551	2.7425	2.4903	3.8355	3.1050	74.4420	3.8887	0.0055	0.0062	0.0006	0.0155	0.0169	0.0001	0.0009	0.0009	0.0008	0.0019	0.0042	0.0002	0.0056	0.0068	0.0000	0.0003	0.0000	0.0002	0.0133	0.1029	-0.0008	-0.0001	6.0056	15.4622	10.9350	5.2688	0.0030	0.0029	0.0000	0.0026	0.0026	0.0000	0.0003	0.0003	0.0000	0.0002	0.0002	0.0000	0.0002	0.0002	0.0000	0.0000	0.0000	0.0000	0.5380	0.4745	0.0635	0.1704	0.1565	0.0139	0.3676	0.3180	0.0496	0.2319	0.1251	0.1068	0.0416	0.0371	0.0045	0.1903	0.0881	0.1022	5.9469	3.9605	3.2551	3.3147	3.2161	3.8355	8.2852	29931.2403	3.8887	0.0009	0.0016	0.0002	0.0047	0.0052	0.0000	0.0001	0.0000	0.0002
29	90	0.1385	5	0	1	0	0	0	0	0	0	N	N	N	N	N	N	N	N	N	N	N	N	11.5642	5.6354	15.9454	15.9844	15.9664	199.7985	0.4559	0.0035	13.5843	0.1858	0.2133	0.0388	0.3803	0.4687	0.0409	0.0041	0.0002	0.0352	0.0161	0.0378	0.0024	0.0238	0.0294	0.0002	0.0090	0.0572	0.0026	0.0340	0.2918	-0.0215	-0.0002	6.0056	7.5917	10.9350	1.5198	0.0844	0.0816	0.0028	0.0835	0.0816	0.0019	0.0010	0.0000	0.0009	0.0006	0.0004	0.0001	0.0004	0.0004	0.0000	0.0002	0.0001	0.0001	0.4543	0.3828	0.0715	0.2194	0.1741	0.0453	0.2348	0.2087	0.0261	0.1215	0.0684	0.0531	0.0286	0.0252	0.0035	0.0929	0.0432	0.0497	39.4045	32.8692	15.9454	28.2755	30.6980	199.7985	2.0231	0.1452	13.5843	0.0047	0.0065	0.0024	0.0135	0.0153	0.0002	0.0020	0.0014	0.0026
29	91	0.2477	9	1	1	1	0	0	0	0	0	N	N	N	N	N	N	N	N	N	N	N	N	0.0000	0.0000	0.0000	0.0000	0.0000	0.0000	0.0000	0.0000	0.0000	0.0000	0.0000	0.0000	0.0000	0.0000	0.0000	0.0000	0.0000	0.0000	0.0000	0.0000	6.0056	3.0317	10.9350	0.1644	0.0000	0.0000	0.0000	0.0000	0.0000	0.0000	0.0000	0.0000	0.0000	0.0000	0.0000	0.0000	0.0000	0.0000	0.0000	0.0000	0.0000	0.0000	0.0920	0.0816	0.0104	0.0321	0.0299	0.0022	0.0599	0.0517	0.0082	0.0282	0.0153	0.0130	0.0048	0.0040	0.0008	0.0234	0.0112	0.0122	0.0000	0.0000	0.0000	0.0000	0.0000	0.0000	0.0000	0.0000	0.0000	0.0000	0.0000	0.0000	0.0000	0.0000	0.0000	0.0000	0.0000	0.0000											
29	92	0.2420	8	1	1	1	0	0	0	0	0	N	N	N	N	N	N	N	N	N	N	N	N	0.7712	0.0000	1463.5477	0.0000	0.0000	463.1474	0.0000	1971.1499	0.0003	0.0000	0.0028	0.0000	0.0000	0.0000	0.0005	0.0000	0.0040	0.0004	0.0009	0.0000	0.0016	0.0018	0.0000	0.0000	0.0001	0.0000	inf	0.0029	0.0000	-0.0000	6.0056	2.6632	10.9350	1.0147	0.0000	0.0000	0.0000	0.0000	0.0000	0.0000	0.0000	0.0000	0.0000	0.0000	0.0000	0.0000	0.0000	0.0000	0.0000	0.0000	0.0000	0.0000	0.1097	0.0991	0.0106	0.0527	0.0495	0.0032	0.0570	0.0496	0.0075	0.0345	0.0191	0.0154	0.0064	0.0055	0.0009	0.0281	0.0136	0.0145	0.9282	0.0000	1463.5477	0.0000	0.0000	0.0000	463.1474	0.0000	1971.1499	0.0003	0.0005	0.0000	0.0016	0.0018	0.0000	0.0000	0.0000	0.0000	
29	93	0.1587	7	1	1	1	0	0	0	0	0	N	N	N	N	N	N	N	N	N	N	N	N	2.7630	0.0000	152453.8994	0.0000	0.0000	inf	18301.1090	0.0000	175070.7731	0.9175	0.0000	8.3467	0.0000	0.0000	0.0005	1.3376	0.0000	10.1027	0.3321	0.5484	0.0001	0.7353	0.8104	0.0000	0.0001	0.0003	0.0001	37279470.3266	0.0012	0.7122	-0.0058	6.0056	35.0787	10.9350	12.2568	0.9990	0.0000	0.9990	0.0000	0.0000	0.0000	0.9990	0.0000	0.9990	0.0093	0.0092	0.0000	0.0092	0.0092	0.0000	0.0000	0.0000	0.0000	1.0889	0.9692	0.1197	0.3420	0.3212	0.0208	0.7469	0.6480	0.0989	0.4199	0.2246	0.1953	0.0679	0.0579	0.0100	0.3520	0.1667	0.1853	41.6130	0.0000	152453.8994	0.0002	0.0000	inf	43361.5282	0.0000	175070.7731	0.0220	0.0412	0.0001	0.1361	0.1597	0.0000	0.0000	0.0000	0.0001
29	94	0.1452	6	1	1	0	0	0	0	0	0	N	N	N	N	N	N	N	N	N	N	N	N	0.0030	0.0000	0.0193	0.0000	0.0000	0.0000	0.0045	0.0001	0.0235	0.0026	0.0000	0.0253	0.0000	0.0000	0.0000	0.0039	0.0001	0.0301	0.8572	0.9650	1.3119	1.6283	1.6964	0.0001	0.8767	0.8323	1.2812	87.9991	1.0349	0.0006	-0.0020	6.0056	8.4810	10.9350	2.3446	0.0009	0.0000	0.0009	0.0000	0.0000	0.0000	0.0009	0.0000	0.0009	0.0164	0.0081	0.0083	0.0070	0.0070	0.0000	0.0094	0.0010	0.0083	0.3450	0.3102	0.0348	0.1193	0.1137	0.0056	0.2258	0.1966	0.0292	0.1073	0.0578	0.0495	0.0172	0.0148	0.0024	0.0902	0.0431	0.0471	0.0169	0.0002	0.1498	0.0000	0.0000	0.0000	0.0378	0.0021	0.1700	0.1529	0.1394	0.1687	0.4089	0.4743	0.0001	0.1042	0.0243	0.1772
29	95	0.0825	4	0	2	0	1	0	0	0	0	N	Y	N	N	N	N	N	N	N	N	N	N	3045.8727	1176.4845	0.0000	1909.9988	1748.4268	428.0414	inf	0.0000	0.8722	0.9939	0.0000	4.1542	4.4999	0.0000	0.0007	0.0008	0.0000	0.0003	0.0008	0.0000	0.0022	0.0026	0.0000	0.0000	0.0000	0.0000	0.0000	0.0052	-0.1788	-0.0001	6.0056	24.0032	10.9350	22.6134	0.6226	0.6226	0.0000	0.6222	0.6222	0.0000	0.0004	0.0004	0.0000	0.0001	0.0001	0.0000	0.0001	0.0001	0.0000	0.0000	0.0000	0.0000	0.7138	0.6264	0.0874	0.1498	0.1383	0.0115	0.5641	0.4881	0.0759	0.4656	0.2431	0.2225	0.0552	0.0466	0.0085	0.4104	0.1965	0.2140	3365.8402	2013.1237	0.0000	1909.9988	1748.4268	0.0000	428.0414	inf	0.0000	0.0003	0.0005	0.0000	0.0022	0.0026	0.0000	0.0000	0.0000	0.0000	
29	96	0.4999	8	0	2	0	0	0	0	0	0	N	Y	N	N	N	N	N	N	N	N	N	N	0.0091	0.0062	0.0000	0.0201	0.0196	0.0000	0.0000	0.0000	0.0000	0.0000	0.0000	0.0000	0.0001	0.0001	0.0000	0.0000	0.0000	0.0000	0.0021	0.0035	0.0004	0.0025	0.0027	0.0009	0.0005	0.0007	0.0004	0.0000	0.1881	-0.0000	-0.0001	6.0056	18.5150	10.9350	10.2301	0.0000	0.0000	0.0000	0.0000	0.0000	0.0000	0.0000	0.0000	0.0000	0.0003	0.0002	0.0000	0.0002	0.0002	0.0000	0.0000	0.0000	0.0000	0.5340	0.4779	0.0561	0.2050	0.1937	0.0113	0.3289	0.2842	0.0447	0.2723	0.1695	0.1028	0.0954	0.0841	0.0113	0.1769	0.0854	0.0915	0.0193	0.0159	0.0000	0.0201	0.0196	0.0000	0.0000	0.0000	0.0000	0.0010	0.0014	0.0004	0.0025	0.0027	0.0009	0.0002	0.0000	0.0004
29	97	0.1116	5	0	2	0	0	0	0	0	0	N	Y	N	N	N	N	N	N	N	N	N	N	0.0009	16.2327	0.0000	1.3255	21.0319	0.0000	0.0000	0.0000	0.0000	0.0026	0.0030	0.0000	0.0118	0.0126	0.0000	0.0000	0.0000	0.0000	3.1026	0.0002	11.8425	0.0089	0.0006	0.0539	3.5245	0.0026	13.1848	0.0000	33450.3328	-0.0010	0.7460	6.0056	46.1140	10.9350	26.4917	0.0035	0.0035	0.0000	0.0035	0.0035	0.0000	0.0000	0.0000	0.0000	2.0073	0.0001	2.0073	0.0005	0.0000	0.0005	2.0068	0.0000	2.0068	1.3154	1.1601	0.1553	0.2953	0.2744	0.0209	1.0201	0.8857	0.1343	0.6470	0.3427	0.3043	0.0776	0.0665	0.0111	0.5694	0.2761	0.2933	0.0009	17.0808	0.0000	1.8200	21.0319	0.0000	0.0000	0.0003	0.0000	3.1026	0.0002	6.5962	0.0065	0.0006	0.0417	3.5245	0.0001	6.8433
29	98	0.5528	10	0	2	0	0	0	0	0	0	N	Y	N	N	N	N	N	N	N	N	N	N	6.7811	1086.0421	0.0000	0.1830	1.5872	0.0000	7.5135	3561.8312	0.0000	1.7674	1.9724	0.0000	0.0028	0.0029	0.0000	2.8255	3.2650	0.0000	0.2606	0.0018	0.1473	0.0152	0.0019	0.0597	0.3761	0.0009	0.1291	0.0000	35.3635	-0.2753	0.0014	6.0056	20.7840	10.9350	8.9470	0.9588	0.9588	0.0000	0.0006	0.0006	0.0000	0.9582	0.9582	0.0000	0.0040	0.0001	0.0039	0.0007	0.0001	0.0006	0.0033	0.0000	0.0033	0.5425	0.4861	0.0564	0.2033	0.1926	0.0107	0.3391	0.2935	0.0457	0.2183	0.1305	0.0878	0.0723	0.0592	0.0131	0.1460	0.0713	0.0747	95.9913	2328.3459	0.0000	0.2885	1.5872	0.0000	124.2349	394655.5678	0.0000	0.0184	0.0008	0.0445	0.0097	0.0019	0.0450	0.0227	0.0000	0.0444
29	99	0.5479	9	0	1	0	0	0	0	0	0	N	N	N	N	N	N	N	N	N	N	N	N	0.3490	0.2832	1.0847	0.0454	0.0520	0.0000	1.3803	0.8610	5.2900	0.2596	0.2664	0.2012	0.0461	0.0497	0.0000	0.6174	0.6647	0.3601	0.7438	0.9405	0.1855	1.0153	0.9562	1.2402	0.4473	0.7721	0.0681	0.0876	0.2971	-0.0107	-0.0022	6.0056	2.7834	10.9350	1.0450	0.0518	0.0476	0.0042	0.0058	0.0058	0.0000	0.0460	0.0419	0.0042	0.0055	0.0043	0.0013	0.0046	0.0040	0.0005	0.0010	0.0002	0.0008	0.1995	0.1788	0.0207	0.1250	0.1158	0.0091	0.0746	0.0630	0.0116	0.0587	0.0333	0.0254	0.0226	0.0211	0.0016	0.0361	0.0123	0.0238	2.7468	2.0764	4.0152	0.2287	0.2593	0.0000	22.5520	34.7005	11.3904	0.0945	0.1283	0.0501	0.2015	0.1918	0.3337	0.0274	0.0192	0.0316
29	100	0.5378	8	0	1	0	0	0	0	0	0	N	N	N	N	N	N	N	N	N	N	N	N	0.0417	0.0280	0.4362	0.0314	0.0396	0.0000	0.1172	0.0201	3.6326	0.0287	0.0221	0.0863	0.0271	0.0291	0.0000	0.0304	0.0135	0.1338	0.6875	0.7893	0.1978	0.8626	0.7348	1.3976	0.2597	0.6681	0.0368	0.4473	0.3711	0.0002	-0.0038	6.0056	7.6044	10.9350	2.7972	0.0107	0.0074	0.0033	0.0054	0.0054	0.0000	0.0053	0.0020	0.0033	0.0105	0.0077	0.0028	0.0090	0.0072	0.0019	0.0015	0.0005	0.0010	0.3727	0.3344	0.0383	0.1979	0.1843	0.0136	0.1748	0.1501	0.0247	0.1415	0.0863	0.0551	0.0558	0.0509	0.0049	0.0857	0.0354	0.0502	0.3867	0.2491	1.6750	0.1673	0.2064	0.0000	1.7991	1.0031	6.8958	0.0742	0.0887	0.0515	0.1621	0.1410	0.3811	0.0169	0.0134	0.0194
29	101	0.4883	7	0	1	0	0	0	0	0	0	N	N	N	N	N	N	N	N	N	N	N	N	0.7180	0.0595	7.4519	0.2243	0.1896	4.1362	0.9399	0.0468	9.5589	0.3948	0.0223	3.5641	0.0199	0.0198	0.0212	0.6273	0.0239	4.4433	0.5499	0.3739	0.4783	0.0888	0.1046	0.0051	0.6674	0.5111	0.4648	18.8166	2.4631	0.1429	0.0011	6.0056	18.4780	10.9350	12.4520	0.2158	0.0109	0.2049	0.0042	0.0039	0.0002	0.2116	0.0070	0.2046	0.0129	0.0037	0.0092	0.0031	0.0031	0.0001	0.0098	0.0007	0.0091	0.5465	0.4891	0.0575	0.2092	0.1978	0.0114	0.3373	0.2913	0.0461	0.2753	0.1666	0.1087	0.0925	0.0806	0.0119	0.1828	0.0860	0.0969	8.4420	0.9975	42.3242	0.5914	0.5237	4.1362	11.7492	3.0902	47.3115	0.0468	0.0223	0.0842	0.0337	0.0379	0.0051	0.0534	0.0077	0.0939
29	102	0.1965	7	0	2	0	0	0	0	0	0	N	Y	N	N	N	N	N	N	N	N	N	N	0.0025	0.0022	0.0056	0.0037	0.0035	1.3968	0.0005	0.0004	0.0009	0.0016	0.0018	0.0006	0.0042	0.0043	0.0025	0.0002	0.0002	0.0001	0.6688	0.8109	0.1048	1.1276	1.2153	0.0018	0.4259	0.6299	0.1001	0.0386	0.2979	-0.0005	-0.0161	6.0056	34.1922	10.9350	22.4626	0.0022	0.0021	0.0001	0.0020	0.0019	0.0001	0.0002	0.0002	0.0000	0.0405	0.0312	0.0093	0.0286	0.0286	0.0000	0.0118	0.0026	0.0093	1.3166	1.1797	0.1368	0.4742	0.4464	0.0279	0.8423	0.7334	0.1090	0.5845	0.3364	0.2481	0.1227	0.1093	0.0134	0.4618	0.2271	0.2347	0.0238	0.0191	0.0157	0.0178	0.0163	1.3968	0.0089	0.0219	0.0024	0.0692	0.0927	0.0374	0.2334	0.2617	0.0018	0.0256	0.0113	0.0395
29	103	0.1486	6	0	2	0	0	0	0	0	0	N	Y	N	N	N	N	N	N	N	N	N	N	0.0028	0.0026	0.0002	0.0165	0.0174	0.0186	0.0004	0.0003	0.0000	0.0030	0.0033	0.0006	0.0085	0.0089	0.0031	0.0005	0.0006	0.0001	1.0676	1.2451	2.9569	0.5149	0.5125	0.1653	1.2564	1.9942	3.0188	0.0241	1.5190	-0.0006	-0.0040	6.0056	22.5884	10.9350	11.0115	0.0023	0.0023	0.0001	0.0021	0.0020	0.0001	0.0003	0.0003	0.0000	0.1559	0.0619	0.0940	0.0060	0.0053	0.0007	0.1499	0.0566	0.0934	0.7851	0.6949	0.0903	0.2408	0.2246	0.0163	0.5443	0.4703	0.0740	0.3564	0.1898	0.1666	0.0617	0.0543	0.0074	0.2947	0.1355	0.1592	0.0068	0.0101	0.0011	0.0876	0.0905	0.0347	0.0010	0.0014	0.0001	0.4375	0.3262	0.5643	0.0972	0.0984	0.0886	0.5088	0.4174	0.5865
29	104	0.1186	5	0	1	0	0	0	0	0	0	N	N	N	N	N	N	N	N	N	N	N	N	0.0070	0.0065	0.0096	5.9391	5.4820	152.2914	0.0015	0.0009	0.0019	0.0045	0.0050	0.0011	0.0125	0.0131	0.0050	0.0012	0.0013	0.0002	0.6447	0.7701	0.1143	0.0021	0.0024	0.0000	0.7726	1.4582	0.1086	0.0295	0.4079	-0.0005	-0.0049	6.0056	11.8100	10.9350	8.7888	0.0019	0.0018	0.0001	0.0015	0.0015	0.0000	0.0003	0.0003	0.0000	0.0144	0.0102	0.0042	0.0001	0.0001	0.0000	0.0143	0.0102	0.0042	0.4147	0.3655	0.0493	0.1233	0.1142	0.0092	0.2914	0.2513	0.0401	0.2290	0.1216	0.1074	0.0370	0.0325	0.0045	0.1920	0.0891	0.1029	0.0720	0.0593	0.0282	5.9391	5.4820	152.2914	0.0158	0.0117	0.0051	0.0630	0.0843	0.0389	0.0021	0.0024	0.0000	0.0747	0.1141	0.0406
29	105	0.0825	4	0	1	0	0	0	0	0	0	N	N	N	N	N	N	N	N	N	N	N	N	10636.1333	70.8181	57936.6970	220.6370	204.5520	inf	4878.1871	2.0628	64284.5683	4.4614	0.0056	36.0228	0.0013	0.0014	0.0004	5.6526	0.0068	41.5477	0.0004	0.0001	0.0006	0.0000	0.0000	0.0000	0.0012	0.0033	0.0006	906.3882	6.7754	1.4251	0.0000	6.0056	14.7392	10.9350	7.3617	2.0022	0.0022	2.0000	0.0001	0.0001	0.0000	2.0020	0.0021	2.0000	0.0001	0.0000	0.0001	0.0000	0.0000	0.0000	0.0001	0.0000	0.0001	0.4488	0.3933	0.0555	0.0946	0.0872	0.0074	0.3542	0.3060	0.0481	0.2459	0.1324	0.1135	0.0341	0.0298	0.0043	0.2118	0.1026	0.1092	13546.2112	71.3230	57936.6970	220.6370	204.5520	inf	14818.2839	68.5186	64284.5683	0.0003	0.0001	0.0006	0.0000	0.0000	0.0000	0.0004	0.0001	0.0006
29	106	0.1552	7	0	2	0	0	0	0	0	0	N	Y	N	N	N	N	N	N	N	N	N	N	0.0000	0.0000	149.5639	0.0005	0.0000	inf	0.0000	0.0000	0.0000	0.0000	0.0000	0.0001	0.0001	0.0000	0.0008	0.0000	0.0000	0.0000	0.6491	0.9253	0.0000	0.0989	0.1243	0.0000	0.7463	1.5525	0.0000	inf	0.0000	0.0000	-0.0098	6.0056	20.0414	10.9350	7.0324	0.0000	0.0000	0.0000	0.0000	0.0000	0.0000	0.0000	0.0000	0.0000	0.0156	0.0156	0.0000	0.0012	0.0012	0.0000	0.0144	0.0144	0.0000	0.6281	0.5584	0.0697	0.2014	0.1884	0.0130	0.4266	0.3699	0.0567	0.2427	0.1284	0.1143	0.0338	0.0284	0.0054	0.2088	0.1000	0.1089	0.0003	0.0000	149.5639	0.0015	0.0000	inf	0.0000	0.0000	0.0000	0.0643	0.1215	0.0000	0.0355	0.0422	0.0000	0.0690	0.1441	0.0000
29	107	0.1452	6	0	1	0	0	0	0	0	0	N	N	N	N	N	N	N	N	N	N	N	N	0.0000	0.0000	0.0000	0.0006	0.0005	0.0000	0.0000	0.0000	0.0000	0.0000	0.0000	0.0000	0.0001	0.0001	0.0000	0.0000	0.0000	0.0000	11.7081	21.5332	0.0439	0.1741	0.2080	0.0014	14.0513	29.3623	0.0416	0.0000	0.0008	-0.0000	-0.6149	6.0056	7.0315	10.9350	1.2144	0.0000	0.0000	0.0000	0.0000	0.0000	0.0000	0.0000	0.0000	0.0000	0.9799	0.9791	0.0008	0.0007	0.0007	0.0000	0.9792	0.9784	0.0008	0.3032	0.2735	0.0298	0.1083	0.1036	0.0047	0.1949	0.1699	0.0250	0.0837	0.0455	0.0382	0.0140	0.0121	0.0019	0.0697	0.0333	0.0364	0.0000	0.0000	0.0000	0.0020	0.0018	0.0000	0.0000	0.0000	0.0000	11.7081	21.5332	0.0209	0.0472	0.0542	0.0014	14.0513	29.3623	0.0219
29	108	0.1116	5	0	1	0	0	0	0	0	0	N	N	N	N	N	N	N	N	N	N	N	N	0.0000	0.0000	0.0000	0.0000	0.0000	0.0000	0.0000	0.0000	0.0000	0.0000	0.0000	0.0000	0.0000	0.0000	0.0000	0.0000	0.0000	0.0000	0.4997	0.7194	0.0028	0.1598	0.1848	0.0000	0.5547	1.2647	0.0029	0.0000	0.0343	-0.0000	-0.0051	6.0056	16.2725	10.9350	4.4748	0.0000	0.0000	0.0000	0.0000	0.0000	0.0000	0.0000	0.0000	0.0000	0.0085	0.0082	0.0003	0.0015	0.0015	0.0000	0.0070	0.0068	0.0003	0.5193	0.4571	0.0621	0.1233	0.1149	0.0085	0.3959	0.3423	0.0537	0.2208	0.1190	0.1018	0.0326	0.0289	0.0036	0.1882	0.0901	0.0981	0.0000	0.0000	0.0000	0.0000	0.0000	0.0000	0.0000	0.0000	0.0000	0.0385	0.0691	0.0028	0.0454	0.0511	0.0000	0.0374	0.0749	0.0029
29	109	0.1644	6	0	2	0	0	0	0	0	0	N	Y	N	N	N	N	N	N	N	N	N	N	0.4286	15.7554	0.7852	27.6291	25.4983	30.5087	0.4902	0.0241	1.0356	0.8037	0.0728	5.7096	0.1931	0.2225	0.0003	1.1022	0.0000	8.5839	1.8753	0.0046	7.2714	0.0070	0.0087	0.0000	2.2484	0.0004	8.2890	11.6762	2120.6990	0.6875	0.3663	6.0056	40.5309	10.9350	14.7974	1.0844	0.0855	0.9989	0.0856	0.0855	0.0000	0.9989	0.0000	0.9988	0.9867	0.0005	0.9863	0.0005	0.0005	0.0000	0.9863	0.0000	0.9863	1.3493	1.1743	0.1749	0.4430	0.3845	0.0586	0.9062	0.7899	0.1164	0.5262	0.2768	0.2494	0.0875	0.0734	0.0141	0.4387	0.2034	0.2353	0.4286	43.3580	1.4436	36.3539	35.1417	30.5087	0.4902	5.5407	2.0475	1.8753	0.0017	3.9551	0.0053	0.0063	0.0000	2.2484	0.0000	4.1923
29	110	0.1385	5	0	2	0	0	0	0	0	0	N	Y	N	N	N	N	N	N	N	N	N	N	0.3026	2.6248	0.6316	33.3508	16.0572	191472.6287	0.0065	0.0002	0.0420	0.2041	0.1173	0.7061	0.4887	0.2986	1.3250	0.0053	0.0001	0.0437	0.6744	0.0447	1.1180	0.0147	0.0186	0.0000	0.8148	0.3876	1.0401	1.0393	17.3839	0.0284	0.0044	6.0056	13.5236	10.9350	3.5331	0.1278	0.0627	0.0651	0.1258	0.0626	0.0632	0.0020	0.0000	0.0019	0.0139	0.0008	0.0131	0.0004	0.0004	0.0000	0.0135	0.0004	0.0131	0.6263	0.5341	0.0922	0.2575	0.2098	0.0477	0.3688	0.3243	0.0445	0.1979	0.1066	0.0913	0.0383	0.0330	0.0053	0.1596	0.0736	0.0860	2.9042	16.5434	4.9014	51.4414	27.0857	191472.6287	0.0629	0.0116	0.2859	0.0703	0.0071	0.1441	0.0095	0.0110	0.0000	0.0849	0.0053	0.1530
29	111	0.0825	4	0	1	0	0	0	0	0	0	N	N	N	N	N	N	N	N	N	N	N	N	997.3665	2425.4898	7217.2685	11184.5015	10389.3171	inf	484.2176	0.0044	8001.3847	2.3186	0.5876	14.6134	2.4478	2.6528	0.0165	2.2842	0.0000	16.8457	0.0023	0.0002	0.0020	0.0002	0.0003	0.0000	0.0047	0.0053	0.0021	3.5012	8.4052	0.5835	0.0001	6.0056	16.9399	10.9350	15.9768	1.1892	0.2642	0.9250	0.2643	0.2642	0.0001	0.9249	0.0000	0.9248	0.0004	0.0000	0.0003	0.0000	0.0000	0.0000	0.0004	0.0000	0.0003	0.5129	0.4496	0.0633	0.1080	0.0996	0.0084	0.4049	0.3500	0.0549	0.3459	0.1826	0.1633	0.0437	0.0375	0.0062	0.3021	0.1451	0.1570	2167.9537	2728.3119	7217.2685	11184.5015	10389.3171	inf	1915.3059	0.1130	8001.3847	0.0011	0.0002	0.0020	0.0002	0.0003	0.0000	0.0012	0.0002	0.0021
29	112	0.1869	8	1	2	0	1	0	0	0	0	N	Y	N	N	N	N	N	N	N	N	N	N	0.0000	0.0000	0.0000	0.0000	0.0000	0.0000	0.0000	0.0000	0.0000	0.0000	0.0000	0.0000	0.0000	0.0000	0.0000	0.0000	0.0000	0.0000	0.0000	0.0000	0.0000	0.0000	0.0000	-0.0000	-0.0000	6.0056	0.0019	10.9350	1.9928	0.0000	0.0000	0.0000	0.0000	0.0000	0.0000	0.0000	0.0000	0.0000	0.0000	0.0000	0.0000	0.0000	0.0000	0.0000	0.0000	0.0000	0.0000	0.0001	0.0001	0.0000	0.0001	0.0001	0.0000	0.0001	0.0001	0.0000	0.0196	0.0112	0.0084	0.0040	0.0035	0.0005	0.0156	0.0077	0.0079	0.0000	0.0000	0.0000	0.0000	0.0000	0.0000	0.0000	0.0000	0.0000	0.0000	0.0000	0.0000	0.0000	0.0000	0.0000	0.0000	0.0000	0.0000						
29	113	0.1633	7	1	2	0	1	0	0	0	0	N	Y	N	N	N	N	N	N	N	N	N	N	0.0111	0.0050	0.0000	0.0000	0.0000	48.4573	1.1470	0.0000	0.0000	0.0000	0.0000	0.0000	0.0000	0.0000	0.0000	0.0000	0.0000	0.0019	0.0048	0.0000	0.0072	0.0087	0.0000	0.0000	0.0000	0.0000	0.0000	0.0005	-0.0000	-0.0001	6.0056	8.6942	10.9350	6.0502	0.0000	0.0000	0.0000	0.0000	0.0000	0.0000	0.0000	0.0000	0.0000	0.0001	0.0001	0.0000	0.0001	0.0001	0.0000	0.0000	0.0000	0.0000	0.3002	0.2616	0.0386	0.0978	0.0869	0.0109	0.2024	0.1747	0.0277	0.1487	0.0809	0.0678	0.0256	0.0219	0.0037	0.1232	0.0590	0.0641	0.0223	0.0140	0.0000	0.0000	0.0000	0.0000	48.4573	431.0239	0.0000	0.0009	0.0017	0.0000	0.0054	0.0063	0.0000	0.0000	0.0000	0.0000	
29	114	0.1844	11	0	2	0	1	0	0	0	0	N	Y	N	N	N	N	N	N	N	N	N	N	0.0000	0.0000	0.0000	0.0000	0.0000	0.0000	0.0000	0.0000	0.0000	0.0000	0.0000	0.0000	0.0000	0.0004	0.0012	0.0000	0.0007	0.0007	0.0000	0.0000	0.0000	0.0000	0.0000	0.0000	-0.0000	6.0056	0.0001	10.9350	0.0001	0.0000	0.0000	0.0000	0.0000	0.0000	0.0000	0.0000	0.0000	0.0000	0.0000	0.0000	0.0000	0.0000	0.0000	0.0000	0.0000	0.0000	0.0000	0.0000	0.0000	0.0000	0.0000	0.0000	0.0000	0.0000	0.0000	0.0000	0.0000	0.0000	0.0000	0.0000	0.0000	0.0000	0.0000	0.0000	0.0000	0.0000	0.0000	0.0000	0.0000	0.0000	0.0000	0.0000	0.0000	0.0000	0.0003	0.0006	0.0000	0.0007	0.0007	0.0000	0.0000	0.0000	0.0000						
29	115	0.1777	10	0	2	0	1	0	0	0	0	N	Y	N	N	N	N	N	N	N	N	N	N	0.0000	0.0000	0.0000	0.0000	0.0000	0.0000	0.0000	0.0000	0.0000	0.0000	0.0000	0.0000	0.0000	0.0015	0.0038	0.0000	0.0056	0.0074	0.0000	0.0000	0.0000	0.0000	0.0000	0.0000	-0.0000	6.0056	3.0007	10.9350	1.0012	0.0000	0.0000	0.0000	0.0000	0.0000	0.0000	0.0000	0.0000	0.0000	0.0000	0.0000	0.0000	0.0000	0.0000	0.0000	0.0000	0.0000	0.0000	0.0930	0.0819	0.0111	0.0240	0.0223	0.0016	0.0691	0.0596	0.0095	0.0387	0.0210	0.0178	0.0065	0.0054	0.0011	0.0323	0.0155	0.0167	0.0000	0.0000	0.0000	0.0000	0.0000	0.0000	0.0000	0.0000	0.0000	0.0008	0.0014	0.0000	0.0046	0.0055	0.0000	0.0000	0.0000	0.0000						
29	116	0.1759	9	0	1	0	1	0	0	0	0	N	N	N	N	N	N	N	N	N	N	N	N	0.0000	0.0000	0.0000	0.0000	0.0000	0.0000	0.0000	0.0000	0.0000	0.0000	0.0000	0.0000	0.0000	0.0000	0.0000	0.0000	0.0000	0.0000	0.0000	0.0000	0.0000	0.0000	0.0769	0.0000	-0.0000	6.0056	1.1177	10.9350	0.0023	0.0000	0.0000	0.0000	0.0000	0.0000	0.0000	0.0000	0.0000	0.0000	0.0000	0.0000	0.0000	0.0000	0.0000	0.0000	0.0000	0.0000	0.0000	0.0362	0.0320	0.0042	0.0103	0.0097	0.0007	0.0259	0.0223	0.0036	0.0109	0.0059	0.0050	0.0018	0.0015	0.0003	0.0091	0.0044	0.0047	0.0000	0.0000	0.0000	0.0000	0.0000	0.0000	0.0000	0.0000	0.0000	0.0000	0.0000	0.0000	0.0000	0.0000	0.0000	0.0000	0.0000	0.0000						
29	117	0.1729	5	0	2	0	0	0	0	0	0	N	Y	N	N	N	N	N	N	N	N	N	N	0.0041	0.0015	0.0000	0.0051	0.0043	0.0000	0.0011	0.0001	0.0000	0.0000	0.0000	0.0000	0.0002	0.0002	0.0000	0.0000	0.0000	0.0000	0.0102	0.0311	0.0000	0.0327	0.0407	0.0000	0.0001	0.0020	0.0000	0.0000	0.0055	-0.0000	-0.0011	6.0056	31.2782	10.9350	23.9277	0.0000	0.0000	0.0000	0.0000	0.0000	0.0000	0.0000	0.0000	0.0000	0.0018	0.0018	0.0000	0.0018	0.0018	0.0000	0.0000	0.0000	0.0000	0.9070	0.8092	0.0978	0.2299	0.2199	0.0100	0.6771	0.5893	0.0878	0.5505	0.3062	0.2443	0.1076	0.0950	0.0125	0.4430	0.2112	0.2318	0.0127	0.0080	0.0000	0.0099	0.0091	0.0000	0.0028	0.0032	0.0000	0.0034	0.0060	0.0000	0.0170	0.0192	0.0000	0.0000	0.0000	0.0000
29	118	0.1759	9	0	1	1	1	0	0	0	0	N	N	N	N	N	N	N	N	N	N	N	N	0.0000	0.0000	0.0000	0.0000	0.0000	0.0000	0.0000	0.0000	0.0000	0.0000	0.0000	0.0000	0.0000	0.0000	0.0000	0.0000	0.0000	0.0000	0.0000	0.0000	6.0056	3.8827	10.9350	2.9998	0.0000	0.0000	0.0000	0.0000	0.0000	0.0000	0.0000	0.0000	0.0000	0.0000	0.0000	0.0000	0.0000	0.0000	0.0000	0.0000	0.0000	0.0000	0.1215	0.1071	0.0144	0.0323	0.0301	0.0022	0.0892	0.0770	0.0122	0.0661	0.0357	0.0304	0.0110	0.0092	0.0018	0.0551	0.0266	0.0286	0.0000	0.0000	0.0000	0.0000	0.0000	0.0000	0.0000	0.0000	0.0000	0.0000	0.0000	0.0000	0.0000	0.0000	0.0000	0.0000	0.0000	0.0000											
29	119	0.1730	8	0	1	0	1	0	0	0	0	N	N	N	N	N	N	N	N	N	N	N	N	0.1670	0.8727	0.0000	0.7455	0.6658	0.0000	0.0000	0.0000	0.0000	0.0000	0.0000	0.0000	0.0000	0.0000	0.0000	0.0000	0.0000	0.0000	0.0000	0.0000	0.0000	0.0000	0.0000	0.0000	0.0000	0.0000	7.6367	-0.0000	0.0000	6.0056	2.8083	10.9350	0.0030	0.0000	0.0000	0.0000	0.0000	0.0000	0.0000	0.0000	0.0000	0.0000	0.0000	0.0000	0.0000	0.0000	0.0000	0.0000	0.0000	0.0000	0.0000	0.1043	0.0928	0.0115	0.0337	0.0317	0.0021	0.0705	0.0612	0.0094	0.0276	0.0148	0.0127	0.0046	0.0039	0.0007	0.0230	0.0110	0.0120	0.1670	0.8727	0.0000	0.7455	0.6658	0.0000	0.0000	0.0000	0.0000	0.0000	0.0000	0.0000	0.0000	0.0000	0.0000	0.0000	0.0000	0.0000		
29	120	0.1730	8	0	1	1	1	0	0	0	0	N	N	N	N	N	N	N	N	N	N	N	N	0.2084	inf	0.0000	inf	inf	0.0000	0.0000	0.0000	0.0000	0.0000	0.0000	0.0000	0.0000	0.0000	0.0000	0.0000	0.0000	0.0000	0.0000	0.0000	0.0000	0.0000	0.0000	0.0000	0.0000	0.0000	inf	-0.0000	0.0000	6.0056	9.6158	10.9350	0.0030	0.0000	0.0000	0.0000	0.0000	0.0000	0.0000	0.0000	0.0000	0.0000	0.0000	0.0000	0.0000	0.0000	0.0000	0.0000	0.0000	0.0000	0.0000	0.3097	0.2737	0.0359	0.0850	0.0794	0.0056	0.2246	0.1943	0.0303	0.0925	0.0498	0.0427	0.0153	0.0128	0.0025	0.0772	0.0370	0.0402	0.2084	inf	0.0000	inf	inf	0.0000	0.0000	0.0000	0.0000	0.0000	0.0000	0.0000	0.0000	0.0000	0.0000	0.0000	0.0000	0.0000		
29	121	0.1633	7	0	1	0	1	0	0	0	0	N	N	N	N	N	N	N	N	N	N	N	N	0.0552	0.0275	0.0000	0.0366	0.0371	0.0005	0.0007	0.0000	0.0000	0.0000	0.0000	0.0001	0.0001	0.0000	0.0000	0.0000	0.0000	0.0004	0.0009	0.0001	0.0015	0.0017	0.0000	0.0001	0.0001	0.0001	0.0000	0.0917	-0.0000	-0.0000	6.0056	4.2457	10.9350	2.0144	0.0000	0.0000	0.0000	0.0000	0.0000	0.0000	0.0000	0.0000	0.0000	0.0000	0.0000	0.0000	0.0000	0.0000	0.0000	0.0000	0.0000	0.0000	0.1673	0.1446	0.0227	0.0671	0.0581	0.0089	0.1002	0.0865	0.0138	0.0688	0.0381	0.0307	0.0133	0.0118	0.0016	0.0555	0.0263	0.0291	0.0693	0.0484	0.0000	0.0366	0.0371	0.0000	0.0011	0.2331	0.0000	0.0003	0.0005	0.0001	0.0015	0.0017	0.0000	0.0000	0.0000	0.0001	
29	122	0.1212	6	0	1	0	1	0	0	0	0	N	N	N	N	N	N	N	N	N	N	N	N	0.0310	0.0157	0.0002	0.0114	0.0109	0.0000	0.0324	0.0028	0.0000	0.0000	0.0000	0.0000	0.0000	0.0000	0.0000	0.0000	0.0000	0.0000	0.0004	0.0009	0.0001	0.0018	0.0021	0.0000	0.0002	0.0034	0.0001	0.0002	0.1606	-0.0000	-0.0000	6.0056	11.9190	10.9350	13.1740	0.0000	0.0000	0.0000	0.0000	0.0000	0.0000	0.0000	0.0000	0.0000	0.0001	0.0001	0.0000	0.0001	0.0001	0.0000	0.0000	0.0000	0.0000	0.4027	0.3520	0.0507	0.1180	0.1060	0.0120	0.2848	0.2460	0.0387	0.2430	0.1276	0.1154	0.0300	0.0256	0.0044	0.2130	0.1020	0.1110	0.0383	0.0267	0.0002	0.0114	0.0109	0.0000	0.0834	0.0922	0.0000	0.0003	0.0005	0.0001	0.0018	0.0021	0.0000	0.0001	0.0001	0.0001
29	123	0.5481	10	0	1	1	1	0	0	0	0	N	N	N	N	N	N	N	N	N	N	N	N	0.0000	0.0000	0.0000	0.0000	0.0000	0.0000	0.0000	0.0000	0.0000	0.0000	0.0000	0.0000	0.0000	0.0000	0.0000	7.4942	12.3829	0.0000	0.0011	0.0013	0.0000	11.5146	24.4077	0.0000	0.0000	0.0000	-0.6274	6.0056	12.8936	10.9350	4.1514	0.0000	0.0000	0.0000	0.0000	0.0000	0.0000	0.0000	0.0000	0.0000	0.9985	0.9985	0.0000	0.0001	0.0001	0.0000	0.9985	0.9985	0.0000	0.3802	0.3423	0.0379	0.1556	0.1476	0.0081	0.2246	0.1947	0.0298	0.1332	0.0806	0.0526	0.0465	0.0397	0.0068	0.0867	0.0409	0.0458	0.0000	0.0000	0.0000	0.0000	0.0000	0.0000	0.0000	0.0000	0.0000	7.4942	12.3829	0.0000	0.0011	0.0013	0.0000	11.5146	24.4077	0.0000				
29	124	0.1365	7	0	2	0	0	0	0	0	0	N	Y	N	N	N	N	N	N	N	N	N	N	0.0003	0.0001	1.8649	0.0001	0.0001	inf	0.2687	0.0000	1.6572	0.0000	0.0000	0.0000	0.0000	0.0000	0.0000	0.0000	0.0000	0.0000	0.0028	0.0074	0.0000	0.0133	0.0162	0.0000	0.0000	0.0003	0.0000	1.1723	0.0008	0.0000	-0.0002	6.0056	12.7386	10.9350	8.7370	0.0000	0.0000	0.0000	0.0000	0.0000	0.0000	0.0000	0.0000	0.0000	0.0003	0.0003	0.0000	0.0003	0.0003	0.0000	0.0000	0.0000	0.0000	0.4014	0.3540	0.0474	0.0992	0.0926	0.0066	0.3022	0.2614	0.0408	0.2155	0.1139	0.1016	0.0306	0.0266	0.0040	0.1849	0.0873	0.0976	0.0007	0.0002	1.8649	0.0002	0.0002	inf	0.2687	0.0000	1.6572	0.0012	0.0023	0.0000	0.0087	0.0100	0.0000	0.0000	0.0000	0.0000
29	125	0.1212	6	0	2	0	0	0	0	0	0	N	Y	N	N	N	N	N	N	N	N	N	N	0.0017	0.0021	0.0000	0.0098	0.0089	0.0000	0.0000	0.0000	0.0000	0.0000	0.0000	0.0000	0.0000	0.0000	0.0000	0.0000	0.0000	0.0000	0.0078	0.0073	0.0036	0.0042	0.0052	0.0001	0.0133	0.0907	0.0034	0.0003	1.2798	-0.0000	-0.0000	6.0056	8.6431	10.9350	1.4782	0.0000	0.0000	0.0000	0.0000	0.0000	0.0000	0.0000	0.0000	0.0000	0.0003	0.0001	0.0002	0.0001	0.0001	0.0000	0.0002	0.0001	0.0002	0.3076	0.2683	0.0393	0.0977	0.0870	0.0107	0.2099	0.1813	0.0286	0.1038	0.0546	0.0491	0.0138	0.0120	0.0019	0.0899	0.0427	0.0473	0.0048	0.0065	0.0000	0.0107	0.0104	0.0000	0.0002	0.0003	0.0000	0.0028	0.0023	0.0033	0.0038	0.0044	0.0001	0.0026	0.0017	0.0034
29	126	0.1116	5	0	1	0	0	0	0	0	0	N	N	N	N	N	N	N	N	N	N	N	N	0.0001	0.0001	0.0000	0.0003	0.0003	0.0000	0.0000	0.0000	0.0000	0.0000	0.0000	0.0000	0.0001	0.0001	0.0000	0.0000	0.0000	0.0000	0.2567	0.4853	0.0011	0.4410	0.4615	0.0010	0.0025	0.0053	0.0011	0.0000	0.0277	-0.0000	-0.0009	6.0056	4.1618	10.9350	2.0491	0.0000	0.0000	0.0000	0.0000	0.0000	0.0000	0.0000	0.0000	0.0000	0.0015	0.0015	0.0000	0.0015	0.0015	0.0000	0.0000	0.0000	0.0000	0.1605	0.1424	0.0181	0.0446	0.0422	0.0023	0.1160	0.1002	0.0158	0.0825	0.0470	0.0356	0.0173	0.0161	0.0012	0.0652	0.0308	0.0344	0.0021	0.0014	0.0000	0.0016	0.0016	0.0000	0.0001	0.0004	0.0000	0.0183	0.0313	0.0011	0.0845	0.0907	0.0010	0.0007	0.0002	0.0011
29	127	0.0825	4	0	1	0	0	0	0	0	0	N	N	N	N	N	N	N	N	N	N	N	N	0.0000	0.0000	0.0000	0.0000	0.0000	0.0000	0.0000	0.0000	0.0000	0.0000	0.0000	0.0000	0.0000	0.0000	0.0000	0.0000	0.0000	0.5419	0.7598	0.0003	1.3445	1.4330	0.0000	0.0011	0.0094	0.0004	0.0000	0.0034	-0.0000	-0.0056	6.0056	9.4810	10.9350	7.4917	0.0000	0.0000	0.0000	0.0000	0.0000	0.0000	0.0000	0.0000	0.0000	0.0089	0.0089	0.0000	0.0088	0.0088	0.0000	0.0001	0.0000	0.0000	0.2927	0.2563	0.0364	0.0619	0.0570	0.0049	0.2308	0.1993	0.0315	0.1968	0.1078	0.0889	0.0294	0.0260	0.0034	0.1674	0.0818	0.0856	0.0000	0.0000	0.0000	0.0000	0.0000	0.0000	0.0000	0.0001	0.0000	0.0452	0.0823	0.0003	0.3009	0.3397	0.0000	0.0004	0.0004	0.0004	
29	128	0.5603	11	1	2	0	0	0	0	0	0	N	Y	N	N	N	N	N	N	N	N	N	N	0.0000	0.0000	0.0000	0.0000	0.0000	0.0000	0.0000	0.0000	0.0000	0.0000	0.0000	0.0000	0.0000	0.0000	0.0000	0.0000	0.0000	0.0000	0.0000	0.0000	6.0056	2.0107	10.9350	1.9995	0.0000	0.0000	0.0000	0.0000	0.0000	0.0000	0.0000	0.0000	0.0000	0.0000	0.0000	0.0000	0.0000	0.0000	0.0000	0.0000	0.0000	0.0000	0.0560	0.0502	0.0059	0.0229	0.0216	0.0013	0.0331	0.0286	0.0046	0.0295	0.0182	0.0113	0.0109	0.0093	0.0016	0.0186	0.0089	0.0097	0.0000	0.0000	0.0000	0.0000	0.0000	0.0000	0.0000	0.0000	0.0000	0.0000	0.0000	0.0000	0.0000	0.0000	0.0000	0.0000	0.0000	0.0000											
29	129	0.5481	10	1	2	0	0	0	0	0	0	N	Y	N	N	N	N	N	N	N	N	N	N	0.0000	0.0000	0.0000	0.0000	0.0000	0.0000	0.0000	0.0000	0.0000	0.0000	0.0000	0.0000	0.0000	0.0008	0.0019	0.0000	0.0014	0.0017	0.0000	0.0000	0.0000	0.0000	0.0000	0.0000	-0.0000	6.0056	5.6459	10.9350	1.1399	0.0000	0.0000	0.0000	0.0000	0.0000	0.0000	0.0000	0.0000	0.0000	0.0000	0.0000	0.0000	0.0000	0.0000	0.0000	0.0000	0.0000	0.0000	0.1848	0.1672	0.0175	0.0794	0.0756	0.0037	0.1054	0.0916	0.0138	0.0579	0.0349	0.0231	0.0209	0.0181	0.0028	0.0371	0.0168	0.0203	0.0000	0.0000	0.0000	0.0000	0.0000	0.0000	0.0000	0.0000	0.0000	0.0005	0.0009	0.0000	0.0014	0.0017	0.0000	0.0000	0.0000	0.0000						
29	130	0.5178	9	0	1	0	0	0	0	0	0	N	N	N	N	N	N	N	N	N	N	N	N	0.0004	0.0002	2.8952	0.0005	0.0005	0.0059	0.1442	0.0000	8.8469	0.0002	0.0001	0.0009	0.0002	0.0002	0.0000	0.0002	0.0000	0.0012	0.4146	0.5987	0.0003	0.4091	0.4603	0.0018	0.0011	0.0198	0.0001	1.0495	0.0043	0.0000	-0.0030	6.0056	11.6079	10.9350	5.3766	0.0001	0.0000	0.0000	0.0000	0.0000	0.0000	0.0000	0.0000	0.0000	0.0048	0.0048	0.0000	0.0048	0.0048	0.0000	0.0000	0.0000	0.0000	0.3987	0.3573	0.0413	0.1741	0.1646	0.0095	0.2246	0.1928	0.0318	0.1654	0.0990	0.0664	0.0598	0.0528	0.0070	0.1056	0.0461	0.0595	0.0062	0.0020	2.8952	0.0025	0.0024	0.0059	0.4375	0.0000	8.8469	0.0292	0.0486	0.0003	0.0801	0.0904	0.0018	0.0004	0.0007	0.0001
29	131	0.4999	8	0	1	0	0	0	0	0	0	N	N	N	N	N	N	N	N	N	N	N	N	0.0523	0.0773	0.4327	0.7094	0.6164	5.6484	0.0534	0.0000	0.5743	0.0236	0.0039	0.1966	0.0089	0.0088	0.0108	0.0340	0.0000	0.2432	0.4505	0.0499	0.4545	0.0125	0.0142	0.0019	0.6374	0.4049	0.4234	5.8095	5.8890	0.0019	0.0012	6.0056	3.9355	10.9350	8.7078	0.0034	0.0005	0.0029	0.0005	0.0005	0.0000	0.0028	0.0000	0.0028	0.0053	0.0008	0.0046	0.0005	0.0005	0.0000	0.0048	0.0003	0.0046	0.1425	0.1280	0.0146	0.0592	0.0563	0.0029	0.0833	0.0716	0.0117	0.1597	0.1038	0.0559	0.0619	0.0565	0.0054	0.0978	0.0473	0.0505	0.7050	0.5162	2.4106	1.0607	0.9763	5.6484	0.6901	0.0000	2.6985	0.0334	0.0075	0.0816	0.0084	0.0090	0.0019	0.0493	0.0057	0.0901
29	132	0.4883	7	0	1	0	0	0	0	0	0	N	N	N	N	N	N	N	N	N	N	N	N	0.8389	0.3291	12.1945	2.8200	2.7263	7.1575	0.5621	0.0000	18.6168	0.0394	0.0185	0.2202	0.0455	0.0431	0.0906	0.0352	0.0000	0.2521	0.0469	0.0564	0.0181	0.0161	0.0158	0.0127	0.0626	0.3786	0.0135	1.3680	0.7226	0.0025	-0.0002	6.0056	6.2657	10.9350	3.9760	0.0087	0.0037	0.0050	0.0041	0.0037	0.0004	0.0046	0.0000	0.0046	0.0011	0.0006	0.0005	0.0005	0.0004	0.0001	0.0006	0.0002	0.0004	0.2215	0.1986	0.0229	0.0900	0.0855	0.0045	0.1315	0.1132	0.0184	0.1285	0.0807	0.0478	0.0500	0.0452	0.0048	0.0785	0.0355	0.0430	4.6674	2.3780	23.1431	4.5015	4.3824	7.1575	4.7735	0.0007	27.5116	0.0084	0.0078	0.0095	0.0101	0.0098	0.0127	0.0074	0.0052	0.0092
29	133	0.4110	6	0	1	0	0	0	0	0	0	N	N	N	N	N	N	N	N	N	N	N	N	4.0296	2.6632	65.9609	17.2306	22.3437	0.1556	4.2343	0.0128	105.1241	1.4827	0.4644	9.6866	1.1401	1.2117	0.0173	1.6772	0.0011	12.0497	0.3680	0.1744	0.1469	0.0662	0.0542	0.1112	0.3961	0.0852	0.1146	2.5892	2.3267	0.5304	0.0009	6.0056	26.7012	10.9350	18.2690	1.2214	0.3403	0.8811	0.3401	0.3398	0.0003	0.8813	0.0005	0.8808	0.0122	0.0037	0.0085	0.0045	0.0034	0.0011	0.0077	0.0003	0.0075	0.8238	0.7328	0.0910	0.2983	0.2804	0.0179	0.5255	0.4524	0.0731	0.4857	0.2937	0.1920	0.1558	0.1402	0.0156	0.3299	0.1535	0.1764	59.1134	37.2438	218.2723	39.7839	49.9181	0.2537	71.6933	0.6498	285.0030	0.0251	0.0125	0.0444	0.0287	0.0243	0.0682	0.0234	0.0017	0.0423
29	134	0.1729	5	0	1	0	0	0	0	0	0	N	N	N	N	N	N	N	N	N	N	N	N	0.3049	0.9700	0.0432	15.2274	12.8266	0.9031	0.2553	0.4767	0.0443	0.4099	0.4330	0.2186	0.4087	0.4280	0.0009	0.4103	0.4347	0.2432	1.3442	0.4464	5.0550	0.0268	0.0334	0.0010	1.6069	0.9120	5.4932	0.0609	71.5438	-0.1512	0.3657	6.0056	61.4372	10.9350	55.8589	0.6581	0.6204	0.0378	0.1596	0.1596	0.0000	0.4985	0.4608	0.0377	1.0220	0.0141	1.0079	0.0022	0.0022	0.0000	1.0198	0.0119	1.0079	1.6056	1.4328	0.1727	0.3905	0.3729	0.0176	1.2151	1.0599	0.1552	0.9456	0.5159	0.4297	0.1508	0.1302	0.0206	0.7948	0.3857	0.4091	0.3792	15.8538	0.0932	28.0296	25.5723	0.9031	0.3197	14.0785	0.0987	1.0809	0.0273	2.3457	0.0146	0.0167	0.0010	1.2832	0.0309	2.4640
29	135	0.0825	4	0	1	0	0	0	0	0	0	N	N	N	N	N	N	N	N	N	N	N	N	1.9691	1.4090	0.0007	3.5411	3.4430	inf	0.2636	0.0829	0.0009	0.6748	0.7681	0.0000	3.2125	3.4760	0.0000	0.0039	0.0045	0.0000	0.3427	0.5451	0.0057	0.9072	1.0096	0.0000	0.0148	0.0542	0.0045	0.0000	0.0943	-0.1795	-0.0062	6.0056	31.7621	10.9350	18.5886	0.6252	0.6252	0.0000	0.6223	0.6223	0.0000	0.0028	0.0028	0.0000	0.0115	0.0105	0.0010	0.0102	0.0102	0.0000	0.0013	0.0003	0.0010	0.9265	0.8140	0.1125	0.1937	0.1790	0.0147	0.7328	0.6350	0.0979	0.4970	0.2590	0.2380	0.0582	0.0490	0.0091	0.4388	0.2100	0.2288	29.2861	19.0117	0.0009	18.3489	16.7323	inf	1.3486	3.3786	0.0009	0.0230	0.0404	0.0041	0.1751	0.2077	0.0000	0.0029	0.0013	0.0043
30	31	0.3582	8	1	2	0	0	0	0	0	0	N	Y	N	N	N	N	N	N	N	N	N	N	0.0001	0.0000	0.4052	0.0003	0.0000	0.2858	0.0005	0.0000	0.0055	0.0001	0.0000	0.0005	0.0001	0.0000	0.0030	0.0000	0.0000	0.0000	0.3505	0.5256	0.0014	0.4127	0.4271	0.0104	0.0014	0.0009	0.0009	19.3209	0.0221	0.0000	-0.0045	17.1852	9.9927	7.8386	7.0404	0.0001	0.0000	0.0001	0.0001	0.0000	0.0001	0.0000	0.0000	0.0000	0.0074	0.0072	0.0002	0.0073	0.0072	0.0001	0.0001	0.0000	0.0001	1.2053	1.0983	0.1070	0.5266	0.5071	0.0196	0.6787	0.5913	0.0874	0.3140	0.1964	0.1176	0.0903	0.0844	0.0059	0.2237	0.1121	0.1116	0.0022	0.0001	0.4052	0.0014	0.0001	0.2858	0.0014	0.0000	0.0055	0.0235	0.0367	0.0014	0.0805	0.0855	0.0104	0.0004	0.0000	0.0009
30	32	0.3501	7	1	2	0	0	0	0	0	0	N	Y	N	N	N	N	N	N	N	N	N	N	0.3627	0.0087	150.3100	0.4760	0.0196	10395.5714	0.0290	0.0010	0.6416	0.0024	0.0001	0.0263	0.0054	0.0003	0.1389	0.0000	0.0000	0.0001	0.0066	0.0142	0.0002	0.0114	0.0130	0.0000	0.0008	0.0100	0.0002	20.3706	0.0280	0.0008	-0.0001	17.1852	3.8146	7.8386	0.9911	0.0012	0.0001	0.0012	0.0012	0.0001	0.0012	0.0000	0.0000	0.0000	0.0002	0.0002	0.0000	0.0002	0.0002	0.0000	0.0000	0.0000	0.0000	0.5066	0.4624	0.0442	0.2231	0.2148	0.0083	0.2835	0.2476	0.0359	0.0900	0.0562	0.0338	0.0253	0.0236	0.0017	0.0647	0.0325	0.0322	0.9983	0.0328	150.3100	0.6918	0.0302	10395.5714	0.0830	0.0259	0.6416	0.0024	0.0038	0.0002	0.0079	0.0084	0.0000	0.0003	0.0004	0.0002
30	33	0.3501	7	1	2	0	0	0	0	0	0	N	Y	N	N	N	N	N	N	N	N	N	N	1964.7979	969.7002	189180.5803	1276.3634	1236.5592	inf	18492769.5891	inf	855.7922	0.6758	0.7405	0.0046	1.3113	1.3606	0.0254	0.1917	0.2195	0.0000	0.0003	0.0008	0.0000	0.0010	0.0011	0.0000	0.0000	0.0000	0.0000	0.0006	0.0000	-0.5548	-0.0001	17.1852	24.4476	7.8386	5.0002	1.9363	1.9352	0.0012	1.6245	1.6233	0.0012	0.3118	0.3118	0.0000	0.0002	0.0001	0.0000	0.0002	0.0001	0.0000	0.0000	0.0000	0.0000	2.8653	2.6135	0.2518	1.2388	1.1931	0.0457	1.6264	1.4203	0.2061	0.5222	0.3261	0.1961	0.1460	0.1363	0.0097	0.3762	0.1897	0.1864	2352.4620	1609.5155	189180.5803	1276.3634	1236.5592	inf	18492769.5891	inf	855.7922	0.0003	0.0005	0.0000	0.0010	0.0011	0.0000	0.0000	0.0000	0.0000
30	34	0.3259	5	1	2	1	1	0	0	0	0	N	Y	N	N	N	N	N	N	N	N	N	N	1.6657	2.1988	0.2626	1.5941	1.6831	0.2636	0.4600	0.2608	0.1794	0.0006	0.0007	0.0001	0.0009	0.0009	0.0002	0.0002	0.0003	0.0001	0.0004	0.0003	0.0004	0.0005	0.0005	0.0008	0.0005	0.0010	0.0004	0.0126	0.8409	-0.0000	-0.0000	17.1852	1.3124	7.8386	1.0060	0.0002	0.0002	0.0000	0.0001	0.0001	0.0000	0.0000	0.0000	0.0000	0.0000	0.0000	0.0000	0.0000	0.0000	0.0000	0.0000	0.0000	0.0000	0.2604	0.2409	0.0195	0.1605	0.1553	0.0052	0.0999	0.0856	0.0142	0.0561	0.0364	0.0197	0.0182	0.0170	0.0012	0.0379	0.0194	0.0185	2.0615	2.6298	0.2626	1.5941	1.6831	0.2636	1.2287	27.5157	0.1794	0.0003	0.0003	0.0004	0.0005	0.0005	0.0008	0.0002	0.0000	0.0004
30	35	0.1946	4	1	1	0	1	0	0	0	0	N	N	N	N	N	N	N	N	N	N	N	N	0.7670	0.6241	163.3062	0.2606	0.2721	14.5225	1522.3307	252.6163	285.6508	0.3761	0.4242	0.0535	0.1956	0.2078	0.0600	0.5077	0.5972	0.0511	0.4904	0.6798	0.0003	0.7505	0.7637	0.0041	0.0003	0.0024	0.0002	0.0188	0.0034	-0.8122	-0.0346	17.1852	53.2438	7.8386	16.6757	3.0229	2.9672	0.0558	0.6623	0.6455	0.0168	2.3607	2.3217	0.0390	0.0554	0.0552	0.0002	0.0553	0.0552	0.0001	0.0001	0.0000	0.0001	8.0368	6.9942	1.0426	3.3866	3.1069	0.2797	4.6502	3.8873	0.7628	1.4607	0.8891	0.5715	0.3957	0.3742	0.0215	1.0649	0.5149	0.5500	9.9176	6.8319	163.3062	1.4003	1.4091	14.5225	4136.0094	9531.3712	285.6508	0.0379	0.0621	0.0003	0.1397	0.1474	0.0041	0.0001	0.0001	0.0002
30	36	0.2260	6	1	2	0	0	0	0	0	0	N	Y	N	N	N	N	N	N	N	N	N	N	0.0000	0.0000	0.0000	0.0001	0.0001	0.0000	0.0000	0.0000	0.0000	0.0000	0.0000	0.0000	0.0000	0.0001	0.0000	0.0000	0.0000	0.0000	0.5740	0.7613	0.0017	0.9058	0.9148	0.0109	0.0030	0.0021	0.0015	0.0003	0.0140	-0.0000	-0.0220	17.1852	17.9460	7.8386	11.6991	0.0001	0.0001	0.0000	0.0001	0.0001	0.0000	0.0000	0.0000	0.0000	0.0359	0.0354	0.0005	0.0354	0.0354	0.0001	0.0004	0.0000	0.0004	2.7321	2.4860	0.2462	1.2075	1.1645	0.0430	1.5246	1.3215	0.2031	0.7127	0.4280	0.2847	0.2037	0.1951	0.0086	0.5090	0.2329	0.2761	0.0004	0.0003	0.0000	0.0003	0.0003	0.0000	0.0000	0.0000	0.0000	0.0503	0.0826	0.0017	0.1740	0.1812	0.0109	0.0008	0.0001	0.0015
30	37	0.6814	11	2	2	0	0	0	0	0	0	Y	Y	N	N	N	N	N	N	N	N	N	N	64.5812	38.9781	inf	0.0499	0.0383	inf	inf	inf	0.0008	0.0009	0.0000	0.0000	0.0000	0.0000	0.0018	0.0021	0.0000	0.0000	0.0000	0.0000	0.0000	0.0000	0.0000	0.0000	0.0000	0.0000	0.0002	0.0015	-0.0001	-0.0000	17.1852	1.9903	7.8386	0.0021	0.0002	0.0002	0.0000	0.0000	0.0000	0.0000	0.0002	0.0002	0.0000	0.0000	0.0000	0.0000	0.0000	0.0000	0.0000	0.0000	0.0000	0.0000	0.2453	0.2229	0.0224	0.1301	0.1233	0.0069	0.1152	0.0996	0.0156	0.0301	0.0200	0.0101	0.0120	0.0109	0.0010	0.0181	0.0090	0.0091	64.5812	47.2297	inf	0.0499	0.0383	inf	inf	inf	0.0000	0.0000	0.0000	0.0000	0.0000	0.0000	0.0000	0.0000	0.0000	0.0000	
30	38	0.1946	4	1	2	0	1	0	0	0	0	N	Y	N	N	N	N	N	N	N	N	N	N	1.8721	0.9085	933.2145	0.2556	0.2743	0.7332	2302.3697	372.3381	6377.0428	0.5114	0.4338	1.0102	0.0834	0.0898	0.0171	0.8397	0.7239	1.4032	0.2732	0.4775	0.0011	0.3262	0.3273	0.0234	0.0004	0.0019	0.0002	0.3624	0.0228	-0.0791	-0.0153	17.1852	45.5232	7.8386	15.8903	3.7490	2.7516	0.9973	0.2653	0.2605	0.0048	3.4837	2.4911	0.9925	0.0252	0.0247	0.0006	0.0251	0.0247	0.0005	0.0001	0.0000	0.0001	7.3303	6.3430	0.9872	3.1815	2.9016	0.2799	4.1487	3.4414	0.7074	1.3288	0.8088	0.5199	0.3662	0.3462	0.0200	0.9626	0.4626	0.5000	26.9312	14.2219	933.2145	1.2163	1.2609	0.7544	6201.0698	16471.9695	6377.0428	0.0190	0.0305	0.0011	0.0686	0.0712	0.0227	0.0001	0.0000	0.0002
30	39	0.1675	3	1	1	0	1	0	0	0	0	N	N	N	N	N	N	N	N	N	N	N	N	0.4138	0.0902	12.3072	0.0922	0.0563	45.7597	1.0416	0.1650	16.4215	0.3090	0.0861	1.5030	0.1051	0.0647	0.5525	0.4880	0.1083	1.8137	0.7467	0.9541	0.1221	1.1404	1.1489	0.0121	0.4685	0.6563	0.1104	3.2594	0.2067	0.4229	-0.0257	17.1852	13.8166	7.8386	4.5847	0.8846	0.2077	0.6769	0.1406	0.0793	0.0613	0.7440	0.1283	0.6156	0.0561	0.0465	0.0096	0.0445	0.0444	0.0001	0.0116	0.0021	0.0095	2.8626	2.4122	0.4504	1.3381	1.2271	0.1109	1.5245	1.1851	0.3394	0.5848	0.3449	0.2399	0.1878	0.1815	0.0063	0.3970	0.1634	0.2336	3.2193	0.6383	37.4989	0.4436	0.2642	45.7597	16.6543	8.4567	44.4130	0.0960	0.1349	0.0401	0.2369	0.2447	0.0121	0.0293	0.0128	0.0408
30	40	0.2692	5	1	1	1	0	0	0	0	0	N	N	N	N	N	N	N	N	N	N	N	N	7.0392	152.7693	0.0000	0.0543	1.2700	0.0000	249.2455	177.2282	0.0001	0.6070	0.6803	0.0000	0.0041	0.0043	0.0000	0.9506	1.1107	0.0000	0.0862	0.0045	0.0598	0.0761	0.0034	1.2774	0.0038	0.0063	0.0018	0.0000	8.9558	-0.2875	0.0013	17.1852	12.6411	7.8386	7.4648	1.0013	1.0013	0.0000	0.0025	0.0025	0.0000	0.9988	0.9988	0.0000	0.0049	0.0005	0.0044	0.0046	0.0005	0.0042	0.0003	0.0000	0.0003	1.6495	1.4719	0.1776	0.5988	0.5726	0.0262	1.0507	0.8993	0.1514	0.4728	0.3014	0.1714	0.1519	0.1395	0.0123	0.3209	0.1618	0.1591	58.2465	414.2650	0.0000	0.1361	1.3246	0.0000	958.6305	4513.3573	0.0001	0.0104	0.0016	0.0259	0.0303	0.0033	0.3366	0.0010	0.0002	0.0018
30	41	0.6690	9	1	2	0	0	0	0	0	0	N	Y	N	N	N	N	N	N	N	N	N	N	77.8447	138.2767	0.2419	130.7939	154.1726	0.1065	35.6627	190.5990	0.2807	0.0914	0.1038	0.0002	0.1292	0.1402	0.0002	0.0542	0.0645	0.0003	0.0012	0.0008	0.0010	0.0010	0.0009	0.0020	0.0015	0.0003	0.0009	0.0003	1.2320	-0.0694	-0.0000	17.1852	22.0894	7.8386	9.3639	0.2421	0.2420	0.0001	0.1698	0.1697	0.0000	0.0723	0.0722	0.0001	0.0003	0.0002	0.0002	0.0002	0.0002	0.0000	0.0002	0.0000	0.0002	2.6474	2.3301	0.3173	1.3138	1.2108	0.1029	1.3337	1.1193	0.2144	0.5143	0.3320	0.1823	0.1797	0.1662	0.0135	0.3346	0.1658	0.1688	139.1718	227.7470	0.2419	130.7939	154.1726	0.1065	113.1202	45756.3484	0.2807	0.0007	0.0005	0.0010	0.0010	0.0009	0.0020	0.0005	0.0000	0.0009
30	42	0.1675	3	1	2	0	0	0	0	0	0	N	Y	N	N	N	N	N	N	N	N	N	N	0.5046	3.0669	0.0284	0.6499	1.1312	0.0068	0.6328	2867.1864	0.0334	0.4681	0.5212	0.0820	0.0742	0.0781	0.0051	0.7019	0.8185	0.0970	0.9276	0.1700	2.8914	0.1142	0.0690	0.7504	1.1091	0.0003	2.9067	0.0217	28.6007	-0.7536	0.1012	17.1852	43.3975	7.8386	17.3745	2.8340	2.7738	0.0602	0.1674	0.1668	0.0006	2.6665	2.6070	0.0596	0.2996	0.0101	0.2895	0.0140	0.0101	0.0039	0.2856	0.0000	0.2856	6.0548	5.3215	0.7333	2.2559	2.1364	0.1195	3.7990	3.1851	0.6139	1.3634	0.8193	0.5441	0.3629	0.3471	0.0159	1.0004	0.4722	0.5282	2.1300	42.1938	0.1542	1.9280	2.6777	0.0210	2.4586	782267.1343	0.1794	0.2197	0.0124	0.5320	0.0385	0.0292	0.2426	0.2855	0.0000	0.5407
30	43	0.5992	8	2	1	1	0	0	0	0	0	Y	N	N	N	N	N	N	N	N	N	N	N	0.7190	0.3961	0.0005	0.0416	0.0398	0.0000	2.3698	0.1445	0.0006	0.0009	0.0010	0.0000	0.0001	0.0001	0.0000	0.0019	0.0022	0.0000	0.0013	0.0026	0.0000	0.0014	0.0016	0.0000	0.0008	0.0150	0.0000	0.0000	0.0110	-0.0006	-0.0001	17.1852	18.2331	7.8386	4.4208	0.0020	0.0020	0.0000	0.0001	0.0001	0.0000	0.0019	0.0019	0.0000	0.0002	0.0002	0.0000	0.0002	0.0002	0.0000	0.0001	0.0001	0.0000	2.1873	1.9914	0.1959	1.1542	1.0968	0.0574	1.0332	0.8946	0.1385	0.3455	0.2219	0.1236	0.1255	0.1142	0.0113	0.2200	0.1077	0.1123	1.3277	0.9470	0.0005	0.0416	0.0398	0.0000	6.7633	3.9827	0.0006	0.0007	0.0011	0.0000	0.0014	0.0016	0.0000	0.0003	0.0005	0.0000
30	44	0.6589	8	1	2	0	1	0	0	0	0	N	Y	N	N	N	N	N	N	N	N	N	N	169.6953	4.8067	2289.7090	90.8499	6.5296	1071.4216	240.3960	5.7176	2766.9508	0.2289	0.0050	2.3507	0.1076	0.0075	1.6513	0.3700	0.0018	2.7158	0.0013	0.0010	0.0010	0.0012	0.0012	0.0015	0.0015	0.0003	0.0010	49.4706	0.9618	1.2206	-0.0001	17.1852	62.5878	7.8386	29.9840	1.7612	0.0349	1.7264	0.4452	0.0293	0.4160	1.3160	0.0056	1.3104	0.0010	0.0005	0.0005	0.0006	0.0005	0.0001	0.0004	0.0000	0.0004	7.6958	6.9614	0.7344	4.1391	3.8872	0.2519	3.5567	3.0742	0.4825	1.3393	0.8703	0.4690	0.4716	0.4338	0.0378	0.8677	0.4365	0.4312	312.0949	8.7146	2289.7090	90.8499	6.5296	1071.4216	757.6284	1413.0204	2766.9508	0.0007	0.0006	0.0010	0.0012	0.0012	0.0015	0.0005	0.0000	0.0010
30	45	0.5992	8	2	1	1	0	0	0	0	0	Y	N	N	N	N	N	N	N	N	N	N	N	0.4037	0.2913	0.0000	0.0164	0.0190	0.0000	1.9241	0.1339	0.0002	0.0012	0.0013	0.0000	0.0000	0.0000	0.0000	0.0025	0.0029	0.0000	0.0029	0.0045	0.0006	0.0028	0.0025	0.0053	0.0013	0.0214	0.0001	0.0000	0.1989	-0.0006	-0.0002	17.1852	13.5293	7.8386	3.1702	0.0020	0.0020	0.0000	0.0000	0.0000	0.0000	0.0019	0.0019	0.0000	0.0003	0.0003	0.0001	0.0003	0.0002	0.0000	0.0001	0.0001	0.0000	1.6708	1.5220	0.1487	0.8867	0.8430	0.0437	0.7840	0.6790	0.1050	0.2613	0.1681	0.0932	0.0955	0.0870	0.0084	0.1658	0.0810	0.0848	0.9341	0.7908	0.0000	0.0164	0.0190	0.0000	5.9459	3.9332	0.0002	0.0013	0.0016	0.0006	0.0028	0.0025	0.0053	0.0004	0.0007	0.0001
30	46	0.5947	7	2	1	1	0	0	0	0	0	Y	N	N	N	N	N	N	N	N	N	N	N	0.7512	0.3689	0.0225	0.3560	0.3537	0.0220	1.3054	0.2895	0.0009	0.0974	0.1061	0.0001	0.0088	0.0092	0.0003	0.2030	0.2326	0.0000	0.1297	0.2877	0.0036	0.0247	0.0260	0.0123	0.1555	0.8035	0.0025	0.0001	0.1028	-0.0181	-0.0007	17.1852	4.1147	7.8386	1.2946	0.0632	0.0632	0.0000	0.0031	0.0031	0.0000	0.0601	0.0601	0.0000	0.0013	0.0012	0.0001	0.0006	0.0006	0.0000	0.0008	0.0007	0.0001	0.6488	0.5956	0.0532	0.3527	0.3372	0.0156	0.2961	0.2584	0.0377	0.1080	0.0701	0.0379	0.0425	0.0394	0.0031	0.0655	0.0307	0.0348	7.8591	6.1307	0.0246	0.6355	0.6583	0.0220	17.7166	10.7606	0.0009	0.0124	0.0173	0.0033	0.0138	0.0140	0.0123	0.0115	0.0216	0.0025
30	47	0.5321	6	2	1	0	0	0	0	0	0	Y	N	N	N	N	N	N	N	N	N	N	N	0.2177	0.1837	0.0389	0.0148	0.0159	0.0083	0.3167	0.1860	0.0877	0.2844	0.3203	0.0011	0.0117	0.0127	0.0006	0.5724	0.6691	0.0015	1.3064	1.7436	0.0291	0.7879	0.7964	0.0678	1.8074	3.5980	0.0168	0.0004	0.0050	-0.2500	-0.5789	17.1852	22.0103	7.8386	13.6452	0.8719	0.8715	0.0004	0.0184	0.0183	0.0001	0.8536	0.8532	0.0003	0.9286	0.9240	0.0046	0.0574	0.0560	0.0014	0.8712	0.8680	0.0032	3.0659	2.7207	0.3451	1.5747	1.4456	0.1291	1.4912	1.2752	0.2160	0.9286	0.6002	0.3284	0.3877	0.3590	0.0288	0.5409	0.2412	0.2996	0.2844	0.2081	0.0803	0.0788	0.0811	0.0114	0.3554	0.1860	0.1374	1.0000	1.5394	0.0141	0.1481	0.1561	0.0492	1.6107	3.5980	0.0107
30	48	0.2692	5	1	2	0	0	0	0	0	0	N	Y	N	N	N	N	N	N	N	N	N	N	36.2681	14.5021	18.3163	1.7470	1.5539	25.4364	663.3317	138.3321	18.2244	0.6182	0.6915	0.0108	0.0429	0.0445	0.0091	0.9461	1.1036	0.0111	0.0170	0.0477	0.0006	0.0246	0.0286	0.0004	0.0014	0.0080	0.0006	0.0019	0.0451	-0.2891	-0.0012	17.1852	12.3962	7.8386	3.7178	1.0134	1.0115	0.0019	0.0255	0.0253	0.0002	0.9879	0.9862	0.0017	0.0020	0.0019	0.0001	0.0018	0.0018	0.0000	0.0001	0.0000	0.0001	1.6394	1.4629	0.1766	0.5953	0.5692	0.0261	1.0441	0.8936	0.1505	0.4053	0.2605	0.1448	0.1345	0.1235	0.0110	0.2708	0.1370	0.1338	126.9065	95.3504	18.3163	3.1207	2.9748	25.4364	2056.5814	3487.8746	18.2244	0.0049	0.0073	0.0006	0.0138	0.0149	0.0004	0.0005	0.0003	0.0006
30	49	0.2403	4	1	1	0	0	0	0	0	0	N	N	N	N	N	N	N	N	N	N	N	N	0.0231	0.0190	0.0237	0.2162	0.4306	0.0040	0.0099	0.0032	0.0564	0.0051	0.0057	0.0007	0.0080	0.0088	0.0008	0.0023	0.0026	0.0006	0.2188	0.2974	0.0288	0.0371	0.0204	0.1922	0.2333	0.8198	0.0112	0.0167	0.4658	-0.0037	-0.0026	17.1852	14.4870	7.8386	5.8627	0.0138	0.0135	0.0002	0.0105	0.0104	0.0001	0.0032	0.0031	0.0001	0.0084	0.0058	0.0027	0.0031	0.0018	0.0012	0.0054	0.0039	0.0014	2.7176	2.3872	0.3304	1.3082	1.1848	0.1234	1.4094	1.2024	0.2070	0.5149	0.3233	0.1916	0.1682	0.1559	0.0123	0.3467	0.1674	0.1793	0.3089	0.3183	0.0488	0.4388	0.7465	0.0076	0.1490	0.1106	0.0787	0.0164	0.0178	0.0140	0.0183	0.0118	0.1008	0.0154	0.0234	0.0080
30	50	0.3688	9	2	2	1	0	0	0	0	0	Y	Y	N	N	N	N	N	N	N	N	N	N	67.8161	43.9545	50.1851	48.3646	0.0089	0.0099	0.0000	0.0229	0.0237	0.0000	0.0000	0.0000	0.0000	0.0001	0.0002	0.0000	0.0005	0.0005	0.0000	0.0000	0.0000	0.0000	0.0000	0.0000	-0.0003	-0.0000	17.1852	0.9856	7.8386	2.8295	0.0011	0.0011	0.0000	0.0011	0.0011	0.0000	0.0000	0.0000	0.0000	0.0000	0.0000	0.0000	0.0000	0.0000	0.0000	0.0000	0.0000	0.0000	0.1233	0.1110	0.0123	0.0478	0.0462	0.0016	0.0755	0.0648	0.0107	0.0766	0.0487	0.0279	0.0220	0.0205	0.0015	0.0546	0.0283	0.0263	67.8161	47.9478	0.0000	50.1851	48.3646	0.0000	0.0000	0.0000	0.0000	0.0001	0.0002	0.0000	0.0005	0.0005	0.0000	0.0000	0.0000	0.0000					
30	51	0.6389	9	2	2	0	0	0	0	0	0	Y	Y	N	N	N	N	N	N	N	N	N	N	0.0393	0.0334	0.0009	0.0590	0.0640	0.0000	0.9881	1.2986	0.0020	0.0206	0.0233	0.0000	0.0344	0.0386	0.0000	0.0024	0.0028	0.0000	0.5242	0.6981	0.0013	0.5821	0.6028	0.0012	0.0025	0.0021	0.0013	0.0000	0.0105	-0.0128	-0.0105	17.1852	13.3057	7.8386	8.6321	0.0444	0.0444	0.0000	0.0422	0.0422	0.0000	0.0023	0.0023	0.0000	0.0171	0.0169	0.0002	0.0169	0.0169	0.0000	0.0002	0.0000	0.0002	2.1583	1.9040	0.2543	1.2269	1.0922	0.1347	0.9314	0.8118	0.1196	0.4010	0.2606	0.1403	0.1561	0.1440	0.0121	0.2449	0.1167	0.1283	0.4839	0.3603	0.0009	0.3176	0.3294	0.0000	3.5123	52.4505	0.0020	0.0425	0.0647	0.0013	0.1082	0.1172	0.0012	0.0007	0.0001	0.0013
30	52	0.3713	7	1	2	0	1	0	0	0	0	N	Y	N	N	N	N	N	N	N	N	N	N	0.0002	0.0002	0.0000	0.0022	0.0027	0.0000	0.0000	0.0000	0.0001	0.0001	0.0001	0.0000	0.0001	0.0001	0.0000	0.0000	0.0000	0.0000	0.3857	0.3270	0.1310	0.0549	0.0463	0.0782	0.4503	0.7315	0.1040	0.0094	1.1783	-0.0000	-0.0001	17.1852	2.1073	7.8386	0.0711	0.0000	0.0000	0.0000	0.0000	0.0000	0.0000	0.0000	0.0000	0.0000	0.0013	0.0006	0.0007	0.0004	0.0003	0.0001	0.0008	0.0003	0.0006	0.3087	0.2814	0.0274	0.1566	0.1486	0.0080	0.1522	0.1328	0.0194	0.0470	0.0307	0.0163	0.0173	0.0155	0.0019	0.0296	0.0152	0.0145	0.0023	0.0036	0.0002	0.0048	0.0060	0.0000	0.0002	0.0002	0.0002	0.0268	0.0188	0.0417	0.0245	0.0209	0.0539	0.0281	0.0167	0.0401
30	53	0.3089	6	1	1	0	1	0	0	0	0	N	N	N	N	N	N	N	N	N	N	N	N	0.0058	0.0058	0.0068	0.0008	0.0005	0.0033	0.0082	0.0070	0.0088	0.0118	0.0062	0.0679	0.0007	0.0003	0.0061	0.0233	0.0128	0.0989	2.0367	1.0681	9.9947	0.8067	0.6638	1.8745	2.8349	1.8183	11.2893	1.0791	15.1538	0.0079	0.3229	17.1852	21.8329	7.8386	8.0592	0.0342	0.0165	0.0178	0.0010	0.0005	0.0005	0.0332	0.0160	0.0172	1.0424	0.0645	0.9779	0.0230	0.0183	0.0047	1.0194	0.0462	0.9732	2.8971	2.6356	0.2615	1.4713	1.3840	0.0873	1.4258	1.2516	0.1742	0.5118	0.3265	0.1853	0.1522	0.1420	0.0102	0.3596	0.1845	0.1751	0.0058	0.0316	0.0129	0.0045	0.0026	0.0134	0.0082	0.0511	0.0178	2.0367	0.1976	5.2763	0.1509	0.1289	0.4566	2.8349	0.2506	5.5581
30	54	0.7513	11	1	2	0	1	0	0	0	0	N	Y	N	N	N	N	N	N	N	N	N	N	0.0000	0.0000	0.0000	0.0000	0.0000	0.0000	0.0000	0.0000	0.0000	0.0000	0.0000	0.0000	0.0000	0.0000	0.0000	0.0000	0.0000	0.0000	0.0000	0.0000	17.1852	0.0000	7.8386	0.0000	0.0000	0.0000	0.0000	0.0000	0.0000	0.0000	0.0000	0.0000	0.0000	0.0000	0.0000	0.0000	0.0000	0.0000	0.0000	0.0000	0.0000	0.0000	0.0000	0.0000	0.0000	0.0000	0.0000	0.0000	0.0000	0.0000	0.0000	0.0000	0.0000	0.0000	0.0000	0.0000	0.0000	0.0000	0.0000	0.0000	0.0000	0.0000	0.0000	0.0000	0.0000	0.0000	0.0000	0.0000	0.0000	0.0000	0.0000	0.0000	0.0000	0.0000	0.0000	0.0000	0.0000	0.0000											
30	55	0.3089	6	1	1	0	1	0	0	0	0	N	N	N	N	N	N	N	N	N	N	N	N	0.0008	0.0004	1.0122	0.0005	0.0001	0.7911	0.1110	0.0086	0.6889	0.0004	0.0003	0.0011	0.0002	0.0001	0.0014	0.0005	0.0005	0.0007	0.4687	0.6149	0.0011	0.5105	0.5451	0.0017	0.0048	0.0595	0.0010	0.5610	0.0104	0.0000	-0.0007	17.1852	1.2825	7.8386	0.1503	0.0001	0.0001	0.0000	0.0000	0.0000	0.0000	0.0001	0.0000	0.0000	0.0012	0.0011	0.0000	0.0011	0.0011	0.0000	0.0000	0.0000	0.0000	0.2621	0.2314	0.0307	0.1525	0.1341	0.0185	0.1095	0.0974	0.0122	0.0326	0.0218	0.0108	0.0116	0.0107	0.0009	0.0210	0.0110	0.0099	0.0102	0.0050	1.0122	0.0024	0.0008	0.7911	0.4364	0.3675	0.6889	0.0353	0.0523	0.0011	0.0967	0.1047	0.0017	0.0012	0.0014	0.0010
30	56	0.2679	5	1	1	0	1	0	0	0	0	N	N	N	N	N	N	N	N	N	N	N	N	0.9487	0.6193	156.6504	0.2775	0.0012	1371.1510	35.5609	3.6224	84.9989	0.4773	0.4015	1.1053	0.1575	0.0007	1.8533	0.8911	0.9520	0.5091	0.5031	0.6483	0.0071	0.5675	0.5882	0.0014	0.0251	0.2628	0.0060	0.3321	0.0448	-0.0503	-0.0113	17.1852	14.8542	7.8386	6.8183	1.3303	0.9987	0.3317	0.2476	0.0010	0.2467	1.0827	0.9977	0.0850	0.0193	0.0185	0.0008	0.0179	0.0179	0.0000	0.0014	0.0006	0.0008	2.7873	2.4872	0.3001	1.5723	1.4392	0.1331	1.2150	1.0480	0.1670	0.4951	0.3246	0.1705	0.1691	0.1560	0.0131	0.3260	0.1687	0.1574	12.2441	7.0562	227.8826	1.4869	0.0059	1371.1510	209.2528	277.1809	99.0150	0.0390	0.0569	0.0049	0.1059	0.1147	0.0014	0.0043	0.0034	0.0051
30	57	0.1930	4	1	1	0	1	0	0	0	0	N	N	N	N	N	N	N	N	N	N	N	N	0.0430	0.0186	12.1800	0.1539	0.0939	77.3084	0.0129	0.0003	6.9569	0.0272	0.0153	0.1055	0.0473	0.0302	0.2193	0.0089	0.0005	0.0503	0.6326	0.8249	0.0087	0.3073	0.3216	0.0028	0.6936	1.4594	0.0072	1.0450	0.0372	0.0350	-0.0320	17.1852	33.5853	7.8386	9.3450	0.1562	0.0764	0.0798	0.1293	0.0751	0.0542	0.0268	0.0012	0.0256	0.0540	0.0521	0.0019	0.0158	0.0158	0.0000	0.0382	0.0363	0.0019	5.7453	4.9890	0.7563	2.7348	2.4877	0.2471	3.0105	2.5013	0.5092	0.8907	0.5459	0.3448	0.2415	0.2293	0.0122	0.6492	0.3166	0.3326	0.4483	0.1605	18.7664	0.7219	0.4386	77.3084	0.1516	0.0043	8.7806	0.0606	0.0954	0.0056	0.0655	0.0688	0.0028	0.0588	0.1146	0.0057
30	58	0.1723	3	1	1	0	0	0	0	0	0	N	N	N	N	N	N	N	N	N	N	N	N	0.1117	0.0532	17.4166	0.2151	0.1570	37.5963	0.2022	0.0008	10.6116	0.0471	0.0317	0.1253	0.0827	0.0606	0.2463	0.0126	0.0005	0.0584	0.4218	0.5970	0.0072	0.3842	0.3863	0.0066	0.0622	0.6239	0.0055	0.7754	0.0724	0.0249	-0.0092	17.1852	15.2419	7.8386	2.5705	0.1662	0.0936	0.0726	0.1437	0.0929	0.0508	0.0225	0.0007	0.0218	0.0164	0.0153	0.0011	0.0137	0.0137	0.0000	0.0027	0.0016	0.0011	3.5286	2.9493	0.5793	1.7386	1.5323	0.2063	1.7900	1.4170	0.3730	0.5410	0.3165	0.2244	0.1773	0.1701	0.0073	0.3636	0.1465	0.2172	1.5540	0.6571	25.4081	1.0675	0.7536	37.5963	1.7133	0.0464	11.9761	0.0303	0.0483	0.0049	0.0774	0.0805	0.0066	0.0073	0.0110	0.0049
30	59	0.7513	11	1	1	0	1	0	0	0	0	N	N	N	N	N	N	N	N	N	N	N	N	0.0000	0.0000	0.0000	0.0000	0.0000	0.0000	0.0000	0.0000	0.0000	0.0000	0.0000	0.0000	0.0000	0.0000	0.0000	0.0000	0.0000	0.0000	0.0000	0.0000	17.1852	0.0000	7.8386	0.0000	0.0000	0.0000	0.0000	0.0000	0.0000	0.0000	0.0000	0.0000	0.0000	0.0000	0.0000	0.0000	0.0000	0.0000	0.0000	0.0000	0.0000	0.0000	0.0000	0.0000	0.0000	0.0000	0.0000	0.0000	0.0000	0.0000	0.0000	0.0000	0.0000	0.0000	0.0000	0.0000	0.0000	0.0000	0.0000	0.0000	0.0000	0.0000	0.0000	0.0000	0.0000	0.0000	0.0000	0.0000	0.0000	0.0000	0.0000	0.0000	0.0000	0.0000	0.0000	0.0000	0.0000	0.0000											
30	60	0.6739	10	1	1	0	1	0	0	0	0	N	N	N	N	N	N	N	N	N	N	N	N	0.0319	0.0269	0.0320	0.0487	0.0496	0.0021	1.1933	2.2332	0.0681	0.0164	0.0181	0.0001	0.0295	0.0310	0.0000	0.0054	0.0061	0.0002	0.5150	0.6724	0.0039	0.6055	0.6253	0.0158	0.0045	0.0027	0.0022	0.0007	0.0295	-0.0088	-0.0113	17.1852	19.3360	7.8386	7.9957	0.0309	0.0309	0.0000	0.0254	0.0254	0.0000	0.0055	0.0054	0.0000	0.0188	0.0183	0.0005	0.0185	0.0183	0.0002	0.0003	0.0000	0.0003	1.8783	1.7055	0.1728	0.8617	0.8198	0.0419	1.0166	0.8857	0.1309	0.4585	0.3019	0.1566	0.1658	0.1519	0.0139	0.2926	0.1499	0.1427	0.4000	0.2984	0.0359	0.2643	0.2576	0.0021	4.7308	79.7386	0.0681	0.0411	0.0606	0.0035	0.1116	0.1204	0.0158	0.0011	0.0001	0.0022
30	61	0.3639	8	1	2	1	0	0	0	0	0	N	Y	N	N	N	N	N	N	N	N	N	N	0.0073	0.0058	0.0018	0.0070	0.0071	0.0003	16.9100	6.6270	0.0068	0.0035	0.0038	0.0000	0.0047	0.0049	0.0000	0.0025	0.0028	0.0000	0.4773	0.6504	0.0006	0.6687	0.6856	0.0105	0.0001	0.0004	0.0001	0.0000	0.0065	-0.0017	-0.0106	17.1852	14.2360	7.8386	11.9336	0.0060	0.0060	0.0000	0.0036	0.0036	0.0000	0.0024	0.0024	0.0000	0.0170	0.0169	0.0001	0.0170	0.0169	0.0001	0.0000	0.0000	0.0000	1.7225	1.5699	0.1525	0.7729	0.7438	0.0291	0.9496	0.8261	0.1234	0.4724	0.2960	0.1764	0.1372	0.1282	0.0089	0.3352	0.1678	0.1674	0.0963	0.0666	0.0018	0.0378	0.0369	0.0003	48.6449	1505.0148	0.0068	0.0360	0.0571	0.0006	0.1238	0.1317	0.0105	0.0001	0.0000	0.0001
30	62	0.2917	8	2	1	1	0	0	0	0	0	Y	N	N	N	N	N	N	N	N	N	N	N	0.0054	0.0120	0.0007	0.0017	0.0006	0.0104	0.0064	55.1177	0.0000	0.0077	0.0080	0.0045	0.0015	0.0004	0.0265	0.0118	0.0137	0.0000	1.4278	0.6721	6.3995	0.8888	0.7535	2.5396	1.8533	0.0002	6.7912	0.0604	32.0944	-0.0060	0.3340	17.1852	28.8660	7.8386	13.2209	0.0263	0.0248	0.0015	0.0021	0.0006	0.0015	0.0242	0.0242	0.0000	0.9783	0.0296	0.9487	0.0368	0.0296	0.0072	0.9415	0.0000	0.9415	3.4192	3.0853	0.3339	1.3722	1.3159	0.0563	2.0470	1.7693	0.2776	0.7829	0.4879	0.2951	0.2179	0.2052	0.0128	0.5650	0.2827	0.2823	0.0062	0.1326	0.0014	0.0089	0.0030	0.0468	0.0071	16433.8846	0.0000	1.2495	0.0606	3.2154	0.1687	0.1441	0.5660	1.6664	0.0000	3.3350
30	63	0.2890	7	2	2	0	0	0	0	0	0	Y	Y	N	N	N	N	N	N	N	N	N	N	0.0003	0.0000	0.5393	0.0000	0.0000	0.0004	0.0428	0.0000	0.7052	0.0002	0.0000	0.0023	0.0000	0.0000	0.0000	0.0004	0.0000	0.0027	0.6673	0.8710	0.0043	1.0948	1.1156	0.0010	0.0085	0.0012	0.0038	623.2570	0.0206	0.0001	-0.0120	17.1852	5.0237	7.8386	8.0282	0.0002	0.0000	0.0001	0.0000	0.0000	0.0000	0.0001	0.0000	0.0001	0.0197	0.0193	0.0004	0.0193	0.0193	0.0000	0.0004	0.0000	0.0004	0.6480	0.5826	0.0654	0.2358	0.2268	0.0090	0.4122	0.3558	0.0564	0.2886	0.1794	0.1092	0.0854	0.0804	0.0051	0.2032	0.0990	0.1042	0.0034	0.0000	0.6296	0.0000	0.0000	0.0004	0.1874	0.0000	0.7052	0.0683	0.1077	0.0036	0.2261	0.2403	0.0010	0.0019	0.0000	0.0038
30	64	0.2260	6	2	2	0	0	0	0	0	0	Y	Y	N	N	N	N	N	N	N	N	N	N	1.0162	0.0000	2285.9335	0.0001	0.0000	0.0296	224.5127	0.0000	3690.3096	0.3713	0.0000	4.1261	0.0000	0.0000	0.0005	0.6675	0.0000	5.0080	0.3653	0.5432	0.0018	0.4521	0.4605	0.0158	0.0030	0.0044	0.0014	97561.5580	0.0297	0.7122	-0.0125	17.1852	17.5893	7.8386	19.0270	0.9990	0.0000	0.9990	0.0000	0.0000	0.0000	0.9990	0.0000	0.9990	0.0208	0.0202	0.0006	0.0203	0.0202	0.0002	0.0005	0.0000	0.0004	2.6909	2.4488	0.2421	1.1944	1.1518	0.0426	1.4965	1.2970	0.1995	0.8384	0.5056	0.3328	0.2332	0.2229	0.0103	0.6052	0.2826	0.3225	14.9548	0.0001	2285.9335	0.0003	0.0001	0.0296	837.5235	0.0003	3690.3096	0.0248	0.0400	0.0018	0.0872	0.0905	0.0158	0.0008	0.0002	0.0014
30	65	0.2197	5	1	2	0	0	0	0	0	0	N	Y	N	N	N	N	N	N	N	N	N	N	0.0011	0.0007	0.0188	0.0016	0.0016	0.0001	0.0010	0.0000	0.0297	0.0008	0.0007	0.0024	0.0017	0.0017	0.0000	0.0004	0.0000	0.0026	0.7548	0.9519	0.1260	1.0698	1.0643	0.2604	0.3536	0.0281	0.0890	0.3800	0.1785	-0.0000	-0.0103	17.1852	1.7566	7.8386	2.8742	0.0002	0.0002	0.0001	0.0002	0.0002	0.0000	0.0001	0.0000	0.0001	0.0217	0.0184	0.0033	0.0188	0.0183	0.0005	0.0029	0.0000	0.0028	0.2589	0.2336	0.0254	0.0945	0.0918	0.0027	0.1644	0.1417	0.0227	0.2186	0.1377	0.0808	0.0860	0.0821	0.0039	0.1326	0.0556	0.0770	0.0085	0.0051	0.0583	0.0076	0.0077	0.0001	0.0170	0.0000	0.0726	0.0992	0.1336	0.0406	0.2190	0.2235	0.1238	0.0215	0.0009	0.0364
30	66	0.3639	8	1	2	0	0	0	0	0	0	N	Y	N	N	N	N	N	N	N	N	N	N	0.7711	0.6221	0.0000	0.0016	0.0016	0.0000	1438.7506	374.5872	0.0000	0.3955	0.4337	0.0000	0.0012	0.0013	0.0000	0.7147	0.8202	0.0000	0.5129	0.6971	0.0007	0.7544	0.7691	0.0081	0.0005	0.0022	0.0003	0.0000	0.0065	-0.2836	-0.0141	17.1852	21.1811	7.8386	10.1862	0.9878	0.9878	0.0000	0.0014	0.0014	0.0000	0.9865	0.9865	0.0000	0.0227	0.0225	0.0001	0.0226	0.0225	0.0001	0.0001	0.0000	0.0001	2.4975	2.2779	0.2196	1.1173	1.0752	0.0421	1.3802	1.2027	0.1776	0.5574	0.3493	0.2081	0.1612	0.1506	0.0105	0.3963	0.1987	0.1975	9.7218	6.7241	0.0000	0.0087	0.0085	0.0000	3854.9399	14866.6145	0.0000	0.0407	0.0645	0.0007	0.1403	0.1495	0.0081	0.0002	0.0001	0.0003
30	67	0.3501	7	1	2	0	0	0	0	0	0	N	Y	N	N	N	N	N	N	N	N	N	N	153.5208	77.1264	1.3280	2.8760	2.6434	101.8704	1688.9453	173.0664	0.0050	1.0796	1.1839	0.0003	0.0351	0.0364	0.0018	1.8886	2.1647	0.0000	0.0070	0.0153	0.0003	0.0122	0.0138	0.0000	0.0011	0.0125	0.0003	0.0000	0.0380	-0.2902	-0.0002	17.1852	7.4253	7.8386	0.9851	1.0109	1.0109	0.0000	0.0144	0.0143	0.0000	0.9965	0.9965	0.0000	0.0004	0.0004	0.0000	0.0004	0.0004	0.0000	0.0000	0.0000	0.0000	0.9364	0.8539	0.0825	0.4087	0.3935	0.0152	0.5277	0.4604	0.0673	0.1562	0.0975	0.0587	0.0439	0.0410	0.0029	0.1124	0.0565	0.0558	420.0037	298.3294	1.3280	4.2782	4.1420	101.8704	5126.4415	4576.5605	0.0050	0.0026	0.0040	0.0003	0.0082	0.0088	0.0000	0.0004	0.0005	0.0003
30	68	0.2403	4	1	1	1	0	0	0	0	0	N	N	N	N	N	N	N	N	N	N	N	N	0.0211	0.0001	186.5094	0.0042	0.0008	5.2407	0.0686	0.0000	322.8056	0.0055	0.0000	0.0448	0.0004	0.0001	0.0033	0.0101	0.0000	0.0691	0.2583	0.4669	0.0002	0.0899	0.1009	0.0006	0.1475	0.8078	0.0002	135.4408	0.0049	0.0107	-0.0061	17.1852	15.0354	7.8386	6.2061	0.0152	0.0001	0.0151	0.0005	0.0001	0.0004	0.0147	0.0000	0.0147	0.0097	0.0097	0.0000	0.0058	0.0058	0.0000	0.0039	0.0039	0.0000	2.7821	2.4455	0.3366	1.3312	1.2069	0.1243	1.4509	1.2386	0.2123	0.5308	0.3330	0.1978	0.1721	0.1595	0.0126	0.3586	0.1734	0.1852	0.2973	0.0016	186.5094	0.0112	0.0023	5.2407	0.9263	0.0004	322.8056	0.0184	0.0291	0.0002	0.0338	0.0365	0.0006	0.0109	0.0224	0.0002
30	69	0.1723	3	1	1	0	0	0	0	0	0	N	N	N	N	N	N	N	N	N	N	N	N	0.0499	0.0009	90.9217	1.3206	0.0349	1519.3784	0.0186	0.0001	44.1186	0.0660	0.0016	0.4504	0.1102	0.0030	1.0727	0.0311	0.0003	0.1735	1.3227	1.8255	0.0050	0.0835	0.0867	0.0007	1.6711	3.2161	0.0039	47.6428	0.0015	0.2239	-0.6206	17.1852	27.6811	7.8386	13.1592	0.3233	0.0066	0.3167	0.2382	0.0059	0.2323	0.0852	0.0008	0.0844	0.9901	0.9886	0.0015	0.0088	0.0088	0.0000	0.9813	0.9798	0.0015	4.8962	4.1931	0.7031	2.1611	1.9446	0.2165	2.7351	2.2485	0.4866	0.9615	0.5724	0.3891	0.2735	0.2610	0.0125	0.6880	0.3114	0.3766	0.0641	0.0009	117.6739	3.4302	0.0900	1519.3784	0.0218	0.0001	44.1186	1.0297	1.7271	0.0038	0.0321	0.0336	0.0007	1.4263	3.1461	0.0039
30	70	0.1374	2	1	1	0	0	0	0	0	0	N	N	N	N	N	N	N	N	N	N	N	N	0.3032	0.2561	12.2673	0.1624	0.1531	46.7308	1.6616	0.4046	6.9140	0.1953	0.2206	0.0910	0.1329	0.1232	0.1990	0.2553	0.3312	0.0400	0.6440	0.8614	0.0074	0.8180	0.8042	0.0043	0.1536	0.8186	0.0058	0.1003	0.0352	-0.1889	-0.0363	17.1852	19.6565	7.8386	4.0504	0.9639	0.8761	0.0879	0.3216	0.2600	0.0616	0.6423	0.6161	0.0262	0.0610	0.0590	0.0021	0.0540	0.0540	0.0001	0.0070	0.0050	0.0020	4.9367	3.9710	0.9657	2.4207	2.1109	0.3097	2.5161	1.8601	0.6560	0.9701	0.5569	0.4133	0.3534	0.3407	0.0128	0.6167	0.2162	0.4005	3.1037	2.0839	18.1126	0.8690	0.7772	46.7308	22.5213	14.4129	7.9241	0.0629	0.1059	0.0050	0.1529	0.1585	0.0043	0.0113	0.0230	0.0050
30	71	0.3532	8	2	2	0	0	0	0	0	0	Y	Y	N	N	N	N	N	N	N	N	N	N	1.1743	0.5591	65.6158	0.9580	0.8981	1680.6137	0.0990	0.0000	19.5737	0.0004	0.0004	0.0002	0.0009	0.0009	0.0008	0.0000	0.0000	0.0001	0.0003	0.0008	0.0000	0.0009	0.0010	0.0000	0.0001	0.0024	0.0000	0.0486	0.0043	-0.0002	-0.0001	17.1852	17.5448	7.8386	6.0013	0.0009	0.0008	0.0000	0.0009	0.0008	0.0000	0.0000	0.0000	0.0000	0.0001	0.0001	0.0000	0.0001	0.0001	0.0000	0.0000	0.0000	0.0000	2.1218	1.9354	0.1864	0.9469	0.9100	0.0369	1.1750	1.0255	0.1495	0.4222	0.2641	0.1581	0.1185	0.1107	0.0079	0.3037	0.1534	0.1502	1.4080	0.9249	65.6158	0.9580	0.8981	1680.6137	0.2473	0.0009	19.5737	0.0003	0.0005	0.0000	0.0009	0.0010	0.0000	0.0000	0.0001	0.0000
30	72	0.4217	11	2	2	1	0	0	0	0	0	Y	Y	N	N	N	N	N	N	N	N	N	N	0.0000	0.0000	0.0000	0.0000	0.0000	0.0000	0.0000	0.0000	0.0000	0.0000	0.0000	0.0000	0.0000	0.0000	0.0000	0.0000	0.0083	0.0173	0.0000	0.0109	0.0121	0.0000	0.0000	0.0000	0.0000	0.0000	0.0002	-0.0000	-0.0002	17.1852	1.8980	7.8386	2.9698	0.0000	0.0000	0.0000	0.0000	0.0000	0.0000	0.0000	0.0000	0.0000	0.0003	0.0003	0.0000	0.0003	0.0003	0.0000	0.0000	0.0000	0.0000	0.2887	0.2640	0.0247	0.1519	0.1445	0.0074	0.1369	0.1195	0.0173	0.1086	0.0735	0.0350	0.0416	0.0396	0.0020	0.0670	0.0340	0.0330	0.0001	0.0001	0.0000	0.0001	0.0001	0.0000	0.0000	0.0000	0.0000	0.0029	0.0043	0.0000	0.0076	0.0080	0.0000	0.0000	0.0000	0.0000		
30	73	0.4021	10	2	1	1	0	0	0	0	0	Y	N	N	N	N	N	N	N	N	N	N	N	0.1151	0.1012	0.0123	0.0890	0.0886	inf	0.0002	inf	0.0000	0.0000	0.0000	0.0000	0.0000	0.0000	0.0000	0.0000	0.0000	0.0000	0.0001	0.0001	0.0001	0.0003	0.0003	0.0000	0.0001	0.0000	0.0001	0.0053	0.2246	-0.0000	-0.0000	17.1852	3.5853	7.8386	4.3819	0.0000	0.0000	0.0000	0.0000	0.0000	0.0000	0.0000	0.0000	0.0000	0.0000	0.0000	0.0000	0.0000	0.0000	0.0000	0.0000	0.0000	0.0000	0.7324	0.6684	0.0640	0.3897	0.3657	0.0240	0.3427	0.3027	0.0400	0.1634	0.1101	0.0533	0.0549	0.0516	0.0033	0.1085	0.0584	0.0500	0.1151	0.1035	0.0123	0.0890	0.0886	inf	0.0005	inf	0.0000	0.0001	0.0001	0.0001	0.0003	0.0003	0.0000	0.0000	0.0000	0.0001
30	74	0.3706	9	2	1	1	0	0	0	0	0	Y	N	N	N	N	N	N	N	N	N	N	N	72.0328	60.6363	0.5303	1.0894	1.2950	0.0137	77.0853	4.5497	0.7770	0.4958	0.5453	0.0011	0.0031	0.0032	0.0001	0.8640	0.9899	0.0014	0.0069	0.0090	0.0021	0.0028	0.0025	0.0077	0.0112	0.2176	0.0018	0.0002	0.4161	-0.2074	-0.0003	17.1852	12.3589	7.8386	7.3592	0.7228	0.7227	0.0001	0.0019	0.0019	0.0000	0.7209	0.7207	0.0001	0.0010	0.0007	0.0003	0.0003	0.0003	0.0001	0.0006	0.0004	0.0002	1.4579	1.3252	0.1326	0.6235	0.5972	0.0264	0.8344	0.7281	0.1063	0.3866	0.2513	0.1353	0.1192	0.1113	0.0079	0.2674	0.1400	0.1274	196.9807	199.4226	0.5303	1.0894	1.2950	0.0137	362.9594	336.7492	0.7770	0.0025	0.0027	0.0021	0.0028	0.0025	0.0077	0.0024	0.0029	0.0018
30	75	0.3532	8	2	1	1	0	0	0	0	0	Y	N	N	N	N	N	N	N	N	N	N	N	42.7445	30.0687	1.7244	2.4274	2.3600	4.9734	67.4459	6.8320	1.6775	0.0163	0.0179	0.0002	0.0017	0.0017	0.0002	0.0285	0.0327	0.0002	0.0004	0.0006	0.0001	0.0007	0.0007	0.0000	0.0004	0.0048	0.0001	0.0013	0.2026	-0.0060	-0.0000	17.1852	10.2127	7.8386	1.0234	0.0210	0.0210	0.0000	0.0010	0.0010	0.0000	0.0201	0.0200	0.0000	0.0001	0.0001	0.0000	0.0000	0.0000	0.0000	0.0000	0.0000	0.0000	1.2882	1.1747	0.1135	0.5850	0.5612	0.0238	0.7032	0.6135	0.0898	0.2072	0.1296	0.0776	0.0584	0.0545	0.0039	0.1488	0.0751	0.0737	53.1272	43.7742	1.7244	2.4274	2.3600	4.9734	179.2386	186.7188	1.6775	0.0003	0.0004	0.0001	0.0007	0.0007	0.0000	0.0002	0.0002	0.0001
30	76	0.3501	7	2	1	0	0	0	0	0	0	Y	N	N	N	N	N	N	N	N	N	N	N	629.1500	687.5068	14.2101	1586.5354	1572.9497	285.7529	1.1854	0.0949	0.0932	0.0289	0.0316	0.0008	0.0655	0.0679	0.0043	0.0002	0.0002	0.0000	0.0000	0.0000	0.0001	0.0000	0.0000	0.0000	0.0001	0.0018	0.0001	0.0024	0.8682	-0.0041	-0.0000	17.1852	3.7027	7.8386	0.0091	0.0143	0.0142	0.0000	0.0142	0.0142	0.0000	0.0000	0.0000	0.0000	0.0000	0.0000	0.0000	0.0000	0.0000	0.0000	0.0000	0.0000	0.0000	0.4932	0.4501	0.0430	0.2173	0.2092	0.0081	0.2759	0.2410	0.0349	0.0697	0.0435	0.0262	0.0196	0.0183	0.0013	0.0501	0.0252	0.0249	629.1500	801.5412	14.2101	1586.5354	1572.9497	285.7529	3.1755	4.7066	0.0932	0.0000	0.0000	0.0001	0.0000	0.0000	0.0000	0.0000	0.0000	0.0001
30	77	0.3331	6	1	1	0	0	0	0	0	0	N	N	N	N	N	N	N	N	N	N	N	N	4.3555	2.4148	10.3260	5.4589	5.1680	4.9288	41.8709	2.2621	0.1809	0.0094	0.0103	0.0006	0.0169	0.0176	0.0022	0.0021	0.0024	0.0000	0.0022	0.0043	0.0001	0.0031	0.0034	0.0004	0.0001	0.0011	0.0000	0.0056	0.0211	-0.0015	-0.0001	17.1852	3.8334	7.8386	6.1787	0.0054	0.0054	0.0000	0.0048	0.0048	0.0000	0.0006	0.0006	0.0000	0.0002	0.0002	0.0000	0.0002	0.0002	0.0000	0.0000	0.0000	0.0000	0.5727	0.5228	0.0499	0.2832	0.2696	0.0136	0.2895	0.2532	0.0363	0.2408	0.1534	0.0874	0.0784	0.0737	0.0047	0.1624	0.0797	0.0827	9.2010	6.5220	10.3260	5.4589	5.4032	4.9288	86.5193	200.8559	0.1809	0.0010	0.0016	0.0001	0.0031	0.0033	0.0004	0.0000	0.0000	0.0000
30	78	0.2940	5	1	1	0	0	0	0	0	0	N	N	N	N	N	N	N	N	N	N	N	N	70.3632	41.1580	0.0994	0.1681	0.1750	0.0225	620.0003	128.9757	0.1419	0.7500	0.8495	0.0001	0.0023	0.0026	0.0001	1.4278	1.6196	0.0001	0.0107	0.0206	0.0010	0.0140	0.0151	0.0034	0.0023	0.0126	0.0009	0.0000	0.1189	-0.5748	-0.0010	17.1852	16.9094	7.8386	5.8161	2.0021	2.0021	0.0000	0.0030	0.0030	0.0000	1.9991	1.9991	0.0000	0.0019	0.0017	0.0002	0.0017	0.0016	0.0000	0.0003	0.0001	0.0002	2.6695	2.3568	0.3127	1.2694	1.1225	0.1469	1.4001	1.2343	0.1658	0.5613	0.3599	0.2014	0.1845	0.1724	0.0121	0.3767	0.1874	0.1893	218.7352	177.7338	0.0994	0.2589	0.2795	0.0225	2136.8489	3420.7612	0.1419	0.0034	0.0048	0.0010	0.0091	0.0095	0.0034	0.0007	0.0005	0.0009
30	79	0.2197	5	1	2	0	0	0	0	0	0	N	Y	N	N	N	N	N	N	N	N	N	N	1.3869	0.0266	13.5950	0.3683	0.0733	0.4057	1.7497	0.0003	28.3873	0.6094	0.0001	6.2055	0.0266	0.0003	0.9081	0.9024	0.0000	6.7861	0.4394	0.0042	0.4565	0.0723	0.0043	2.2386	0.5157	0.0001	0.2391	6009.4593	32.5825	1.2849	0.0102	17.1852	23.9173	7.8386	17.8091	1.8029	0.0003	1.8026	0.0264	0.0003	0.0261	1.7765	0.0000	1.7765	0.0299	0.0009	0.0290	0.0074	0.0009	0.0065	0.0225	0.0000	0.0225	2.9585	2.6680	0.2905	0.9898	0.9611	0.0287	1.9688	1.7070	0.2618	0.9225	0.5673	0.3552	0.2469	0.2345	0.0125	0.6755	0.3328	0.3427	18.8007	0.0716	75.9767	0.8944	0.0822	1.7521	27.0350	0.1148	103.1465	0.0324	0.0016	0.0817	0.0298	0.0038	0.5183	0.0334	0.0000	0.0658
30	80	0.2036	4	1	2	0	0	0	0	0	0	N	Y	N	N	N	N	N	N	N	N	N	N	0.0002	0.0000	0.0004	0.0000	0.0000	0.0000	0.0002	0.0000	0.0004	0.0002	0.0000	0.0020	0.0000	0.0000	0.0002	0.0003	0.0000	0.0022	1.2295	0.6993	4.7642	1.6277	0.7320	30.4527	1.4876	0.0417	4.9217	2004.5799	19.2719	0.0001	0.0768	17.1852	6.1279	7.8386	3.6878	0.0002	0.0000	0.0002	0.0000	0.0000	0.0000	0.0002	0.0000	0.0002	0.2382	0.0118	0.2265	0.0356	0.0116	0.0240	0.2026	0.0001	0.2025	0.7865	0.7068	0.0797	0.2548	0.2478	0.0070	0.5317	0.4590	0.0727	0.2830	0.1805	0.1026	0.0882	0.0831	0.0050	0.1949	0.0973	0.0975	0.0002	0.0000	0.0009	0.0000	0.0000	0.0000	0.0003	0.0000	0.0010	0.8418	0.0651	2.2082	0.4038	0.1401	4.7549	1.0399	0.0011	2.0767
30	81	0.2917	8	2	1	1	0	0	0	0	0	Y	N	N	N	N	N	N	N	N	N	N	N	0.4431	0.3767	0.0000	0.4423	0.4558	0.0000	78.5578	133.5645	0.0000	0.2731	0.3028	0.0000	0.4533	0.4728	0.0000	0.1522	0.1761	0.0000	0.6165	0.8038	0.0011	1.0250	1.0372	0.0012	0.0019	0.0013	0.0011	0.0000	0.0076	-0.2569	-0.0266	17.1852	27.2690	7.8386	12.3406	0.8948	0.8948	0.0000	0.5965	0.5965	0.0000	0.2983	0.2983	0.0000	0.0429	0.0425	0.0003	0.0425	0.0425	0.0000	0.0003	0.0000	0.0003	3.2760	2.9555	0.3205	1.3159	1.2619	0.0541	1.9600	1.6936	0.2664	0.7492	0.4670	0.2822	0.2091	0.1969	0.0122	0.5400	0.2700	0.2700	4.7742	3.3234	0.0000	2.2282	2.1889	0.0000	261.5959	8780.9207	0.0000	0.0572	0.0911	0.0011	0.2035	0.2160	0.0012	0.0006	0.0000	0.0011
30	82	0.2763	7	1	1	0	0	0	0	0	0	N	N	N	N	N	N	N	N	N	N	N	N	0.8974	1.7625	0.0043	0.1414	0.0943	1.0000	1.2863	1.5481	0.0000	0.7889	0.8719	0.0107	0.0057	0.0034	0.0545	1.3603	1.5710	0.0000	0.8790	0.4947	2.5126	0.0405	0.0365	0.0546	1.0576	1.0148	2.5191	0.0013	7.6495	-0.2840	0.0088	17.1852	9.0798	7.8386	0.9519	0.9937	0.9924	0.0013	0.0030	0.0017	0.0013	0.9906	0.9906	0.0000	0.0343	0.0040	0.0303	0.0010	0.0009	0.0001	0.0333	0.0031	0.0302	1.2596	1.1382	0.1215	0.5314	0.5076	0.0238	0.7282	0.6306	0.0976	0.1980	0.1225	0.0755	0.0528	0.0496	0.0032	0.1452	0.0729	0.0723	4.5529	26.9356	0.0267	0.2975	0.1936	1.2901	5.9328	37.1425	0.0001	0.1733	0.0324	0.4020	0.0193	0.0178	0.0423	0.2293	0.0423	0.4180
30	83	0.2036	4	1	2	0	0	0	0	0	0	N	Y	N	N	N	N	N	N	N	N	N	N	0.3857	0.3138	0.0000	0.0011	0.0011	0.0000	0.4902	0.3070	0.0000	0.3815	0.4234	0.0000	0.0011	0.0011	0.0000	0.5636	0.6505	0.0000	0.9892	1.3494	0.0000	1.0043	1.0212	0.0000	1.1498	2.1190	0.0000	0.0000	0.0000	-0.2837	-0.1497	17.1852	21.0000	7.8386	14.4214	0.9881	0.9881	0.0000	0.0009	0.0009	0.0000	0.9872	0.9872	0.0000	0.2382	0.2382	0.0000	0.0413	0.0413	0.0000	0.1969	0.1969	0.0000	2.5901	2.3334	0.2567	0.8386	0.8158	0.0228	1.7515	1.5177	0.2338	0.7883	0.4886	0.2996	0.2062	0.1947	0.0116	0.5820	0.2940	0.2880	1.2623	0.8685	0.0000	0.0054	0.0052	0.0000	1.6661	0.9711	0.0000	0.3022	0.4875	0.0000	0.2004	0.2123	0.0000	0.3383	0.6698	0.0000
30	84	0.2613	8	1	1	1	0	0	0	0	0	N	N	N	N	N	N	N	N	N	N	N	N	0.7203	0.3088	1.9843	0.0060	0.0062	0.0001	1.4678	1593.7945	3.6003	0.7794	0.4354	3.9571	0.0163	0.0170	0.0011	1.2479	0.7157	4.8767	1.0821	1.4101	1.9942	2.6982	2.7323	13.3437	0.8502	0.0004	1.3545	0.9837	0.2854	0.4205	-0.1206	17.1852	20.4085	7.8386	11.0867	2.0144	1.0155	0.9989	0.0160	0.0159	0.0000	1.9985	0.9996	0.9989	0.2969	0.2310	0.0659	0.2538	0.2310	0.0228	0.0432	0.0000	0.0432	2.5845	2.3321	0.2524	0.9831	0.9355	0.0476	1.6014	1.3966	0.2048	0.6261	0.3857	0.2404	0.1744	0.1608	0.0136	0.4517	0.2249	0.2268	1.6434	0.7270	14.4285	0.0112	0.0118	0.0006	13.0519	340693.4545	25.6089	0.4743	0.5990	0.2743	1.4550	1.4369	1.6688	0.0956	0.0000	0.1904
30	85	0.2575	7	1	1	1	0	0	0	0	0	N	N	N	N	N	N	N	N	N	N	N	N	0.0001	0.0001	0.0002	0.0001	0.0001	0.0015	0.0001	0.0015	0.0000	0.0000	0.0000	0.0000	0.0000	0.0000	0.0001	0.0000	0.0000	0.0000	0.4265	0.4674	0.0917	0.2824	0.2769	0.0349	0.2718	0.0270	0.0790	0.0536	0.7002	-0.0000	-0.0007	17.1852	3.1287	7.8386	1.1816	0.0000	0.0000	0.0000	0.0000	0.0000	0.0000	0.0000	0.0000	0.0000	0.0031	0.0018	0.0013	0.0019	0.0018	0.0001	0.0012	0.0000	0.0012	0.5122	0.4621	0.0501	0.2314	0.2178	0.0136	0.2809	0.2443	0.0365	0.0996	0.0624	0.0372	0.0300	0.0274	0.0026	0.0695	0.0350	0.0346	0.0009	0.0010	0.0004	0.0003	0.0002	0.0018	0.0020	0.0476	0.0000	0.0311	0.0292	0.0343	0.0622	0.0654	0.0298	0.0176	0.0009	0.0346
30	86	0.2506	6	1	1	0	0	0	0	0	0	N	N	N	N	N	N	N	N	N	N	N	N	0.0004	0.0023	0.0000	0.0066	0.0076	0.0003	0.0000	0.0000	0.0000	0.0001	0.0001	0.0000	0.0002	0.0002	0.0000	0.0000	0.0000	0.0000	0.1965	0.0351	0.0761	0.0262	0.0242	0.0298	0.2355	0.0282	0.0647	0.0044	2.9101	-0.0000	0.0003	17.1852	4.0532	7.8386	2.2470	0.0000	0.0000	0.0000	0.0000	0.0000	0.0000	0.0000	0.0000	0.0000	0.0023	0.0006	0.0017	0.0006	0.0005	0.0001	0.0016	0.0000	0.0016	0.6024	0.5437	0.0588	0.2607	0.2453	0.0155	0.3417	0.2984	0.0433	0.1482	0.0925	0.0557	0.0441	0.0405	0.0036	0.1041	0.0520	0.0522	0.0049	0.0131	0.0001	0.0120	0.0138	0.0004	0.0000	0.0000	0.0000	0.0154	0.0063	0.0304	0.0143	0.0132	0.0267	0.0158	0.0009	0.0307
30	87	0.2274	5	1	1	0	0	0	0	0	0	N	N	N	N	N	N	N	N	N	N	N	N	0.0339	0.0336	0.0000	0.0391	0.0462	0.0000	0.0000	0.0019	0.0000	0.0309	0.0367	0.0000	0.0667	0.0749	0.0000	0.0000	0.0000	0.0000	0.9098	1.0923	1.4834	1.7059	1.6212	4.1166	0.8048	0.0080	1.1094	0.0000	0.5253	-0.0085	-0.0257	17.1852	4.7288	7.8386	9.8540	0.0295	0.0295	0.0000	0.0295	0.0295	0.0000	0.0000	0.0000	0.0000	0.0905	0.0593	0.0312	0.0660	0.0593	0.0067	0.0245	0.0000	0.0245	0.9569	0.8051	0.1518	0.4426	0.3944	0.0483	0.5143	0.4107	0.1036	0.4423	0.2793	0.1629	0.1492	0.1398	0.0094	0.2930	0.1395	0.1535	0.1508	0.1727	0.0000	0.1508	0.1765	0.0000	0.0002	0.0478	0.0000	0.2046	0.2124	0.1913	0.4422	0.4242	0.7085	0.0837	0.0003	0.1595
30	88	0.2036	4	1	1	0	0	0	0	0	0	N	N	N	N	N	N	N	N	N	N	N	N	0.0004	0.0006	0.0002	0.0007	0.0013	0.0000	0.0002	0.0013	0.0002	0.0005	0.0005	0.0008	0.0010	0.0011	0.0000	0.0002	0.0001	0.0009	1.1422	0.7209	4.1063	1.5038	0.8052	26.8554	1.3185	0.1000	4.1172	0.1995	12.6496	-0.0001	0.0722	17.1852	8.6320	7.8386	7.0881	0.0005	0.0005	0.0001	0.0004	0.0004	0.0000	0.0002	0.0001	0.0001	0.2418	0.0177	0.2241	0.0412	0.0175	0.0238	0.2006	0.0003	0.2004	1.1001	0.9891	0.1109	0.3563	0.3465	0.0098	0.7438	0.6426	0.1011	0.4049	0.2547	0.1502	0.1167	0.1101	0.0066	0.2882	0.1446	0.1436	0.0008	0.0066	0.0005	0.0029	0.0067	0.0000	0.0003	0.0700	0.0006	0.5973	0.0696	1.4921	0.3531	0.1585	3.5817	0.6962	0.0018	1.3955
30	89	0.2714	6	1	2	0	0	0	0	0	0	N	Y	N	N	N	N	N	N	N	N	N	N	0.0003	0.0113	0.0000	0.0038	0.0404	0.0000	0.0000	0.0002	0.0000	0.0007	0.0008	0.0000	0.0017	0.0018	0.0000	0.0000	0.0000	0.0000	2.1520	0.0713	10.4776	0.4476	0.0448	8.1684	2.9442	0.0014	11.6434	0.0017	404.7759	-0.0005	0.3623	17.1852	15.4622	7.8386	5.2688	0.0016	0.0016	0.0000	0.0016	0.0016	0.0000	0.0000	0.0000	0.0000	0.9814	0.0024	0.9789	0.0109	0.0024	0.0085	0.9705	0.0000	0.9705	2.2498	2.0085	0.2412	0.9609	0.8913	0.0695	1.2889	1.1172	0.1717	0.4560	0.2836	0.1724	0.1264	0.1191	0.0073	0.3296	0.1645	0.1651	0.0003	0.0943	0.0000	0.0196	0.0893	0.0000	0.0000	0.0106	0.0000	2.1520	0.0085	5.6781	0.0860	0.0203	1.1570	2.9442	0.0000	5.8781
30	90	0.2596	5	1	1	0	0	0	0	0	0	N	N	N	N	N	N	N	N	N	N	N	N	0.0039	0.0061	0.0014	0.0391	0.0470	0.0031	0.0025	0.0023	0.0028	0.0025	0.0027	0.0012	0.0030	0.0034	0.0001	0.0020	0.0019	0.0022	0.6395	0.4407	0.8837	0.0763	0.0728	0.0288	0.7807	0.8243	0.7844	0.0775	2.6773	-0.0008	0.0015	17.1852	7.5917	7.8386	1.5198	0.0038	0.0035	0.0003	0.0023	0.0023	0.0000	0.0015	0.0013	0.0003	0.0149	0.0041	0.0109	0.0023	0.0022	0.0001	0.0126	0.0019	0.0107	1.5330	1.3122	0.2208	0.7606	0.6609	0.0997	0.7724	0.6513	0.1211	0.2401	0.1506	0.0894	0.0755	0.0701	0.0054	0.1646	0.0805	0.0841	0.0398	0.0995	0.0102	0.0981	0.1113	0.0034	0.0256	0.0816	0.0171	0.0621	0.0269	0.1214	0.0304	0.0308	0.0262	0.0767	0.0236	0.1275
30	91	0.3688	9	2	1	1	0	0	0	0	0	Y	N	N	N	N	N	N	N	N	N	N	N	6276254.0942	5989834.2844	0.0000	98554.8739	95017.8981	27641038.9529	inf	0.0000	2.7151	3.0176	0.0000	0.1101	0.1140	0.0000	4.3430	5.0607	0.0000	0.0000	0.0000	0.0000	0.0000	0.0000	0.0000	0.0000	0.0000	0.0000	0.0000	0.3495	-0.2902	-0.0000	17.1852	3.0317	7.8386	0.1644	1.0106	1.0106	0.0000	0.0158	0.0158	0.0000	0.9949	0.9949	0.0000	0.0000	0.0000	0.0000	0.0000	0.0000	0.0000	0.0000	0.0000	0.0000	0.3722	0.3349	0.0373	0.1432	0.1383	0.0048	0.2291	0.1966	0.0325	0.0643	0.0409	0.0234	0.0184	0.0172	0.0013	0.0458	0.0237	0.0221	6276254.0942	5989834.2844	0.0000	98554.8739	95017.8981	0.0000	27641038.9529	inf	0.0000	0.0000	0.0000	0.0000	0.0000	0.0000	0.0000	0.0000	0.0000	0.0000	
30	92	0.3631	8	2	1	1	0	0	0	0	0	Y	N	N	N	N	N	N	N	N	N	N	N	11.1007	5.8510	82.4525	1.6400	1.5966	48.4081	1562.8352	inf	97.7721	0.0035	0.0038	0.0006	0.0015	0.0016	0.0000	0.0054	0.0061	0.0007	0.0003	0.0007	0.0000	0.0009	0.0010	0.0000	0.0000	0.0000	0.0000	0.0146	0.0089	-0.0004	-0.0000	17.1852	2.6632	7.8386	1.0147	0.0014	0.0014	0.0000	0.0003	0.0003	0.0000	0.0011	0.0011	0.0000	0.0000	0.0000	0.0000	0.0000	0.0000	0.0000	0.0000	0.0000	0.0000	0.4074	0.3704	0.0371	0.1938	0.1861	0.0077	0.2136	0.1843	0.0294	0.0773	0.0496	0.0277	0.0227	0.0212	0.0015	0.0546	0.0283	0.0263	12.8717	9.0280	82.4525	1.6400	1.5966	48.4081	1562.8352	inf	97.7721	0.0003	0.0004	0.0000	0.0009	0.0010	0.0000	0.0000	0.0000	0.0000
30	93	0.2798	7	2	1	1	0	0	0	0	0	Y	N	N	N	N	N	N	N	N	N	N	N	247.3152	95.6163	8697.8882	199.8043	195.2082	2.3017	1600.4401	205.4848	12641.1787	0.6539	0.4628	2.4371	0.8951	0.9278	0.0033	0.5022	0.1365	2.8364	0.0026	0.0048	0.0003	0.0045	0.0048	0.0015	0.0003	0.0007	0.0002	0.5646	0.0994	0.2061	-0.0006	17.1852	35.0787	7.8386	12.2568	2.7960	1.7871	1.0089	1.4775	1.4773	0.0002	1.3185	0.3097	1.0087	0.0010	0.0009	0.0001	0.0010	0.0009	0.0000	0.0001	0.0000	0.0001	4.2758	3.8618	0.4140	1.6506	1.5923	0.0584	2.6252	2.2695	0.3556	0.8801	0.5465	0.3336	0.2420	0.2268	0.0152	0.6381	0.3197	0.3185	556.3637	268.7563	8697.8882	225.2482	223.9573	2.3017	4399.6628	31364.4966	12641.1787	0.0012	0.0017	0.0003	0.0040	0.0041	0.0015	0.0001	0.0000	0.0002
30	94	0.2663	6	2	1	0	0	0	0	0	0	Y	N	N	N	N	N	N	N	N	N	N	N	55.5665	38.6031	28.5112	100.1676	97.7830	197.8111	38.1184	2.9591	18.5352	0.2019	0.2205	0.0213	0.2531	0.2609	0.0567	0.1669	0.1900	0.0142	0.0036	0.0057	0.0007	0.0025	0.0027	0.0003	0.0044	0.0642	0.0008	0.0100	0.2323	-0.0727	-0.0001	17.1852	8.4810	7.8386	2.3446	0.2622	0.2597	0.0026	0.1333	0.1322	0.0011	0.1289	0.1275	0.0014	0.0003	0.0003	0.0001	0.0002	0.0002	0.0000	0.0002	0.0001	0.0001	1.2991	1.1773	0.1218	0.5268	0.5065	0.0202	0.7723	0.6708	0.1015	0.2216	0.1379	0.0837	0.0603	0.0567	0.0036	0.1613	0.0812	0.0801	135.1169	113.2326	28.5112	100.1676	97.7830	197.8111	150.6319	131.5353	18.5352	0.0015	0.0019	0.0007	0.0025	0.0027	0.0003	0.0011	0.0014	0.0008
30	95	0.2036	4	1	2	0	1	0	0	0	0	N	Y	N	N	N	N	N	N	N	N	N	N	0.0007	0.0000	0.0034	0.0001	0.0001	0.0000	0.0008	0.0000	0.0038	0.0009	0.0000	0.0092	0.0001	0.0001	0.0000	0.0013	0.0000	0.0101	1.4096	1.7917	2.6761	0.8428	0.7399	1.5849	1.7775	2.9481	2.6540	53.4000	0.1698	0.0019	-0.5731	17.1852	24.0032	7.8386	22.6134	0.0027	0.0001	0.0027	0.0001	0.0001	0.0000	0.0027	0.0000	0.0027	1.1862	1.0140	0.1722	0.0400	0.0340	0.0060	1.1462	0.9800	0.1662	2.9378	2.6477	0.2900	0.9511	0.9253	0.0259	1.9866	1.7225	0.2642	0.9910	0.6126	0.3784	0.2533	0.2392	0.0142	0.7377	0.3734	0.3643	0.0008	0.0000	0.0202	0.0003	0.0004	0.0000	0.0009	0.0000	0.0221	1.1969	1.6552	0.4550	0.1578	0.1422	0.4215	1.5537	2.6241	0.4563
30	96	0.6210	8	1	2	0	0	0	0	0	0	N	Y	N	N	N	N	N	N	N	N	N	N	1.3202	0.0104	4930.5549	0.0171	0.0175	5.2490	629.7835	8.0228	7588.4884	0.4051	0.0050	3.8159	0.0035	0.0038	0.0002	0.8513	0.0065	6.4531	0.3068	0.4824	0.0008	0.2036	0.2167	0.0000	0.0014	0.0008	0.0009	89.0597	0.0128	0.7091	-0.0074	17.1852	18.5150	7.8386	10.2301	1.0104	0.0112	0.9992	0.0046	0.0046	0.0000	1.0058	0.0067	0.9992	0.0120	0.0118	0.0002	0.0118	0.0118	0.0000	0.0002	0.0000	0.0002	2.4943	2.2324	0.2619	1.3127	1.2057	0.1070	1.1816	1.0268	0.1548	0.5796	0.3830	0.1966	0.2318	0.2134	0.0184	0.3478	0.1696	0.1782	19.5753	0.1625	4930.5549	0.0683	0.0682	5.2490	1940.3928	1016.1110	7588.4884	0.0207	0.0309	0.0008	0.0511	0.0555	0.0000	0.0004	0.0000	0.0009
30	97	0.2327	5	1	2	0	0	0	0	0	0	N	Y	N	N	N	N	N	N	N	N	N	N	0.3308	76.8265	0.4610	0.4622	1.0041	0.5589	0.3377	inf	0.3524	0.4157	0.2027	2.3816	0.2009	0.0029	7.0520	0.5199	0.3111	1.8983	1.2569	0.0026	5.1666	0.4345	0.0029	12.6168	1.5398	0.0000	5.3859	1.2731	1326.3993	0.6003	0.4586	17.1852	46.1140	7.8386	26.4917	2.1992	0.9675	1.2317	0.3469	0.0049	0.3421	1.8523	0.9626	0.8897	1.2365	0.0009	1.2355	0.0284	0.0009	0.0274	1.2081	0.0000	1.2081	5.2900	4.7728	0.5172	1.7273	1.6788	0.0485	3.5626	3.0940	0.4687	1.3663	0.8519	0.5144	0.3399	0.3224	0.0175	1.0264	0.5295	0.4969	0.4594	185.3892	0.9915	2.4082	1.0041	4.5036	0.4417	inf	0.7807	0.9050	0.0011	2.4020	0.0834	0.0029	1.5659	1.1771	0.0000	2.4315
30	98	0.6739	10	1	2	0	0	0	0	0	0	N	Y	N	N	N	N	N	N	N	N	N	N	1.1673	0.9193	527.2552	0.0414	0.0000	155.3328	138534.9065	2234.4365	3482.4712	0.5121	0.5511	0.1276	0.0198	0.0000	0.4043	0.9257	1.0565	0.0391	0.4387	0.5995	0.0002	0.4775	0.5052	0.0026	0.0000	0.0005	0.0000	0.0235	0.0026	-0.2702	-0.0100	17.1852	20.7840	7.8386	8.9470	1.0227	0.9992	0.0235	0.0180	0.0000	0.0180	1.0047	0.9992	0.0055	0.0160	0.0159	0.0000	0.0160	0.0159	0.0000	0.0000	0.0000	0.0000	1.9973	1.8132	0.1841	0.9120	0.8674	0.0446	1.0853	0.9458	0.1395	0.4941	0.3255	0.1686	0.1785	0.1635	0.0150	0.3156	0.1620	0.1536	15.8238	11.2466	527.2552	0.2209	0.0002	155.3328	138534.9065	447346.6917	3482.4712	0.0324	0.0490	0.0002	0.0896	0.0975	0.0026	0.0000	0.0000	0.0000
30	99	0.6690	9	1	1	0	0	0	0	0	0	N	N	N	N	N	N	N	N	N	N	N	N	0.2251	0.1089	0.3124	0.5660	0.6338	0.1674	0.0410	0.0048	0.1199	0.0116	0.0135	0.0025	0.0181	0.0197	0.0054	0.0007	0.0008	0.0005	0.0515	0.1237	0.0081	0.0319	0.0311	0.0321	0.0176	0.1677	0.0040	0.0390	0.3053	-0.0027	-0.0004	17.1852	2.7834	7.8386	1.0450	0.0110	0.0105	0.0004	0.0107	0.0103	0.0004	0.0003	0.0002	0.0000	0.0009	0.0007	0.0002	0.0007	0.0006	0.0001	0.0002	0.0001	0.0002	0.9446	0.7823	0.1623	0.5925	0.5243	0.0682	0.3521	0.2580	0.0941	0.1059	0.0658	0.0401	0.0430	0.0406	0.0024	0.0629	0.0252	0.0378	1.3281	1.2515	0.4700	1.0875	1.2358	0.1927	0.2148	0.3342	0.1211	0.0087	0.0108	0.0054	0.0166	0.0159	0.0278	0.0034	0.0024	0.0040
30	100	0.6589	8	1	1	0	0	0	0	0	0	N	N	N	N	N	N	N	N	N	N	N	N	16.3953	17.8410	11.8438	21.1604	25.7025	5.0166	24.7464	22.8026	21.3882	0.1755	0.1918	0.0651	0.1460	0.1553	0.0547	0.2341	0.2740	0.0745	0.0107	0.0107	0.0055	0.0069	0.0060	0.0109	0.0095	0.0120	0.0035	0.0500	0.7199	-0.0929	-0.0002	17.1852	7.6044	7.8386	2.7972	0.3876	0.3692	0.0185	0.2144	0.2070	0.0074	0.1733	0.1622	0.0110	0.0009	0.0005	0.0004	0.0006	0.0005	0.0001	0.0003	0.0000	0.0003	2.2087	1.9251	0.2837	1.4685	1.3329	0.1356	0.7402	0.5921	0.1481	0.2653	0.1720	0.0933	0.1103	0.1027	0.0076	0.1550	0.0693	0.0857	51.0742	62.2271	15.9100	27.6842	31.9768	5.0166	109.9075	601.4739	21.3882	0.0034	0.0031	0.0041	0.0053	0.0049	0.0109	0.0021	0.0005	0.0035
30	101	0.6094	7	1	1	0	0	0	0	0	0	N	N	N	N	N	N	N	N	N	N	N	N	9.0770	25.5674	75.0731	27.5730	53.2906	1.9867	7.0931	6.9892	149.8294	0.6616	0.2975	3.5151	0.3473	0.3687	0.1165	1.0121	0.2126	5.7329	0.0729	0.0116	0.0468	0.0126	0.0069	0.0586	0.1427	0.0304	0.0383	1.5075	3.5725	0.5414	0.0009	17.1852	18.4780	7.8386	12.4520	1.7238	0.6875	1.0364	0.4771	0.4635	0.0136	1.2467	0.2239	1.0228	0.0056	0.0012	0.0044	0.0018	0.0011	0.0008	0.0038	0.0002	0.0036	2.6054	2.3106	0.2948	1.3736	1.2572	0.1164	1.2318	1.0534	0.1784	0.5688	0.3728	0.1960	0.2179	0.2007	0.0172	0.3509	0.1722	0.1787	67.4248	90.8750	157.9598	41.3831	69.5630	2.6243	94.6385	232.9841	284.9691	0.0098	0.0033	0.0223	0.0084	0.0053	0.0444	0.0107	0.0009	0.0201
30	106	0.2763	7	1	2	0	0	0	0	0	0	N	Y	N	N	N	N	N	N	N	N	N	N	3.2053	1.7465	0.0120	2.7587	2.6407	0.7572	59.3942	19.7226	0.0040	0.0095	0.0105	0.0000	0.0162	0.0169	0.0000	0.0049	0.0057	0.0000	0.0030	0.0060	0.0001	0.0059	0.0064	0.0000	0.0001	0.0003	0.0001	0.0000	0.0196	-0.0069	-0.0004	17.1852	20.0414	7.8386	7.0324	0.0241	0.0241	0.0000	0.0167	0.0167	0.0000	0.0074	0.0074	0.0000	0.0007	0.0006	0.0000	0.0006	0.0006	0.0000	0.0000	0.0000	0.0000	2.5428	2.2957	0.2471	1.0296	0.9858	0.0438	1.5131	1.3098	0.2033	0.5104	0.3155	0.1949	0.1342	0.1260	0.0081	0.3762	0.1894	0.1868	7.4162	5.1770	0.0120	3.3977	3.3335	0.7572	145.2808	5332.0828	0.0040	0.0013	0.0020	0.0001	0.0048	0.0051	0.0000	0.0000	0.0000	0.0001
30	107	0.2663	6	1	1	0	0	0	0	0	0	N	N	N	N	N	N	N	N	N	N	N	N	13.5973	32.9603	1.1091	8.2087	7.1738	83.1878	10.7912	6.1318	0.0066	0.1381	0.1511	0.0107	0.0194	0.0177	0.0610	0.2216	0.2549	0.0001	0.0102	0.0046	0.0097	0.0024	0.0025	0.0007	0.0205	0.0416	0.0082	0.0073	2.1899	-0.0436	0.0000	17.1852	7.0315	7.8386	1.2144	0.1557	0.1546	0.0011	0.0090	0.0079	0.0011	0.1467	0.1467	0.0000	0.0006	0.0002	0.0004	0.0001	0.0001	0.0000	0.0005	0.0001	0.0004	1.1277	1.0229	0.1048	0.4658	0.4475	0.0183	0.6619	0.5754	0.0865	0.1720	0.1074	0.0646	0.0474	0.0446	0.0028	0.1245	0.0627	0.0618	41.4513	90.3632	1.7590	8.2087	7.1738	83.1878	59.8817	229.6471	0.0085	0.0033	0.0017	0.0061	0.0024	0.0025	0.0007	0.0037	0.0011	0.0063
30	108	0.2327	5	1	1	0	0	0	0	0	0	N	N	N	N	N	N	N	N	N	N	N	N	257.4790	146.7508	136.8677	0.6542	0.5819	25.1204	5581.7448	652.6778	152.5678	0.8770	0.9743	0.0179	0.0043	0.0042	0.0078	1.3080	1.5148	0.0189	0.0034	0.0066	0.0001	0.0066	0.0072	0.0003	0.0002	0.0023	0.0001	0.0021	0.0354	-0.5153	-0.0004	17.1852	16.2725	7.8386	4.4748	1.8077	1.8040	0.0037	0.0029	0.0028	0.0001	1.8048	1.8012	0.0036	0.0006	0.0006	0.0000	0.0006	0.0006	0.0000	0.0000	0.0000	0.0000	2.0612	1.8516	0.2097	0.6814	0.6625	0.0189	1.3798	1.1890	0.1908	0.4548	0.2862	0.1686	0.1190	0.1128	0.0063	0.3357	0.1734	0.1623	618.8462	447.9734	136.8677	0.8342	0.7746	25.1204	14259.9005	24545.3917	152.5678	0.0014	0.0022	0.0001	0.0052	0.0054	0.0003	0.0001	0.0001	0.0001
30	109	0.2855	6	1	2	0	0	0	0	0	0	N	Y	N	N	N	N	N	N	N	N	N	N	16.7353	11.4508	14.3367	17.6078	17.4720	0.0181	27.8806	173.9584	19.6789	0.1949	0.2133	0.0331	0.3038	0.3226	0.0001	0.1212	0.1331	0.0429	0.0116	0.0186	0.0023	0.0173	0.0185	0.0048	0.0043	0.0008	0.0022	0.0177	0.3227	-0.2683	-0.0015	17.1852	40.5309	7.8386	14.7974	0.9946	0.9773	0.0173	0.6260	0.6259	0.0000	0.3686	0.3513	0.0173	0.0040	0.0030	0.0010	0.0031	0.0030	0.0001	0.0009	0.0000	0.0009	5.1027	4.5807	0.5220	2.0601	1.9403	0.1198	3.0426	2.6404	0.4022	1.0822	0.6640	0.4182	0.2927	0.2725	0.0202	0.7895	0.3915	0.3980	53.2776	47.3254	14.3367	28.7969	29.3887	0.0181	109.8442	23556.8183	19.6789	0.0037	0.0045	0.0023	0.0106	0.0110	0.0048	0.0011	0.0000	0.0022
30	110	0.2596	5	1	2	0	0	0	0	0	0	N	Y	N	N	N	N	N	N	N	N	N	N	0.7188	0.6623	0.0269	0.0031	0.0034	0.0004	7.5052	2.9425	0.0487	0.4335	0.4976	0.0008	0.0028	0.0031	0.0000	0.7819	0.9155	0.0012	0.6031	0.7513	0.0291	0.8789	0.9032	0.0087	0.1042	0.3111	0.0256	0.0002	0.1104	-0.2774	-0.0114	17.1852	13.5236	7.8386	3.5331	0.9667	0.9665	0.0002	0.0028	0.0028	0.0000	0.9640	0.9637	0.0002	0.0216	0.0195	0.0022	0.0190	0.0189	0.0001	0.0027	0.0006	0.0021	2.2301	1.9425	0.2877	0.9973	0.8898	0.1075	1.2328	1.0527	0.1801	0.3977	0.2457	0.1520	0.1140	0.1062	0.0078	0.2837	0.1395	0.1442	7.9644	6.2719	0.0553	0.0166	0.0174	0.0004	83.0661	218.0214	0.0863	0.0544	0.0793	0.0142	0.1665	0.1780	0.0087	0.0094	0.0042	0.0145
30	111	0.2036	4	1	1	0	0	0	0	0	0	N	N	N	N	N	N	N	N	N	N	N	N	0.0036	0.0054	0.0017	0.0080	0.0081	0.0000	0.0016	0.0629	0.0017	0.0059	0.0052	0.0127	0.0114	0.0117	0.0000	0.0033	0.0017	0.0140	1.6350	0.9626	7.3844	1.4153	1.4414	0.0609	2.0753	0.0266	8.2807	0.2722	17.8284	-0.0009	0.3813	17.1852	16.9399	7.8386	15.9768	0.0125	0.0098	0.0027	0.0078	0.0078	0.0000	0.0047	0.0021	0.0027	1.1972	0.0636	1.1336	0.0639	0.0633	0.0005	1.1333	0.0002	1.1331	2.1115	1.9011	0.2104	0.6837	0.6650	0.0187	1.4278	1.2361	0.1917	0.7414	0.4600	0.2814	0.1954	0.1844	0.0110	0.5461	0.2757	0.2704	0.0037	0.0374	0.0032	0.0347	0.0340	0.0000	0.0016	1.9521	0.0033	1.6146	0.1382	4.0280	0.3269	0.3436	0.0459	2.0753	0.0009	4.1899
30	112	0.3080	8	2	2	0	1	0	0	0	0	Y	Y	N	N	N	N	N	N	N	N	N	N	0.0000	0.0000	0.0000	0.0000	0.0000	0.0000	0.0000	0.0000	0.0000	0.0000	0.0000	0.0000	0.0000	0.0000	0.0000	0.0000	0.0000	0.1445	0.3453	0.0001	0.1586	0.1646	0.0007	0.0000	0.0000	0.0000	0.0018	-0.0000	-0.0003	17.1852	0.0019	7.8386	1.9928	0.0000	0.0000	0.0000	0.0000	0.0000	0.0000	0.0000	0.0000	0.0000	0.0005	0.0005	0.0000	0.0005	0.0005	0.0000	0.0000	0.0000	0.0000	0.0005	0.0005	0.0001	0.0002	0.0002	0.0000	0.0003	0.0002	0.0001	0.0415	0.0270	0.0145	0.0121	0.0114	0.0007	0.0294	0.0156	0.0137	0.0000	0.0000	0.0000	0.0000	0.0000	0.0000	0.0000	0.0000	0.0000	0.0132	0.0203	0.0001	0.0452	0.0481	0.0007	0.0000	0.0000	0.0000		
30	113	0.2844	7	2	2	0	1	0	0	0	0	Y	Y	N	N	N	N	N	N	N	N	N	N	0.0070	0.0045	0.0006	0.0104	0.0100	0.0024	0.0000	0.0000	0.0000	0.0000	0.0000	0.0000	0.0001	0.0001	0.0000	0.0000	0.0000	0.0000	0.0055	0.0099	0.0007	0.0099	0.0106	0.0022	0.0009	0.0012	0.0006	0.0014	0.1354	-0.0000	-0.0003	17.1852	8.6942	7.8386	6.0502	0.0001	0.0000	0.0000	0.0001	0.0000	0.0000	0.0000	0.0000	0.0000	0.0006	0.0006	0.0001	0.0006	0.0006	0.0000	0.0001	0.0000	0.0001	1.3034	1.1093	0.1941	0.4834	0.4706	0.0128	0.8201	0.6387	0.1813	0.3096	0.1935	0.1161	0.0833	0.0787	0.0046	0.2264	0.1148	0.1115	0.0185	0.0154	0.0006	0.0150	0.0148	0.0024	0.0000	0.0002	0.0000	0.0021	0.0029	0.0007	0.0069	0.0072	0.0022	0.0003	0.0000	0.0006
30	114	0.3055	11	1	2	0	1	0	0	0	0	N	Y	N	N	N	N	N	N	N	N	N	N	0.0000	0.0000	0.0000	0.0000	0.0000	0.0000	0.0000	0.0000	0.0000	0.0000	0.0000	0.0000	0.0000	0.0069	0.0201	0.0000	0.0077	0.0079	0.0000	0.0000	0.0000	0.0000	0.0000	0.0000	-0.0000	17.1852	0.0001	7.8386	0.0001	0.0000	0.0000	0.0000	0.0000	0.0000	0.0000	0.0000	0.0000	0.0000	0.0000	0.0000	0.0000	0.0000	0.0000	0.0000	0.0000	0.0000	0.0000	0.0000	0.0000	0.0000	0.0000	0.0000	0.0000	0.0000	0.0000	0.0000	0.0000	0.0000	0.0000	0.0000	0.0000	0.0000	0.0000	0.0000	0.0000	0.0000	0.0000	0.0000	0.0000	0.0000	0.0000	0.0000	0.0000	0.0000	0.0025	0.0047	0.0000	0.0057	0.0058	0.0000	0.0000	0.0000	0.0000						
30	115	0.2988	10	1	2	0	1	0	0	0	0	N	Y	N	N	N	N	N	N	N	N	N	N	69.4209	25.3943	0.0000	67.4377	63.9032	0.0000	330371.4611	inf	0.0000	1.1270	1.2504	0.0000	2.3612	2.4395	0.0000	0.4477	0.5178	0.0000	0.0162	0.0492	0.0003	0.0350	0.0382	0.0074	0.0000	0.0000	0.0000	0.0000	0.0255	-0.1220	-0.0002	17.1852	3.0007	7.8386	1.0012	0.4249	0.4249	0.0000	0.3160	0.3160	0.0000	0.1089	0.1089	0.0000	0.0004	0.0004	0.0000	0.0004	0.0004	0.0000	0.0000	0.0000	0.0000	0.3770	0.3398	0.0372	0.1338	0.1296	0.0043	0.2432	0.2103	0.0329	0.0822	0.0514	0.0308	0.0221	0.0208	0.0013	0.0602	0.0307	0.0295	237.8780	169.3544	0.0000	133.7713	133.3073	0.0000	330371.4611	inf	0.0000	0.0047	0.0074	0.0003	0.0177	0.0183	0.0074	0.0000	0.0000	0.0000
30	116	0.2970	9	1	1	0	1	0	0	0	0	N	N	N	N	N	N	N	N	N	N	N	N	0.5169	0.2688	0.0124	0.2967	0.2904	0.0052	263.9205	inf	0.0000	0.0003	0.0004	0.0000	0.0005	0.0005	0.0000	0.0002	0.0003	0.0000	0.0006	0.0013	0.0000	0.0016	0.0017	0.0002	0.0000	0.0000	0.0000	0.0000	0.0075	-0.0000	-0.0000	17.1852	1.1177	7.8386	0.0023	0.0000	0.0000	0.0000	0.0000	0.0000	0.0000	0.0000	0.0000	0.0000	0.0000	0.0000	0.0000	0.0000	0.0000	0.0000	0.0000	0.0000	0.0000	0.1452	0.1310	0.0142	0.0540	0.0522	0.0018	0.0912	0.0788	0.0124	0.0231	0.0145	0.0087	0.0062	0.0058	0.0004	0.0169	0.0086	0.0083	0.7513	0.5245	0.0124	0.2967	0.2904	0.0052	263.9205	inf	0.0000	0.0004	0.0007	0.0000	0.0016	0.0017	0.0002	0.0000	0.0000	0.0000
30	117	0.2940	5	1	2	0	0	0	0	0	0	N	Y	N	N	N	N	N	N	N	N	N	N	0.3563	0.5136	0.0003	0.0135	0.0174	0.0011	0.6083	385.3864	0.0000	0.2368	0.2651	0.0002	0.0065	0.0071	0.0006	0.4218	0.4803	0.0000	0.6646	0.5161	0.8986	0.4814	0.4066	0.5757	0.6934	0.0012	0.7036	0.0001	2.0309	-0.2864	0.0031	17.1852	31.2782	7.8386	23.9277	0.9978	0.9977	0.0001	0.0122	0.0121	0.0001	0.9855	0.9855	0.0000	0.0741	0.0244	0.0496	0.0285	0.0244	0.0041	0.0456	0.0000	0.0456	4.2133	3.7639	0.4494	1.8767	1.7118	0.1649	2.3366	2.0521	0.2844	1.0892	0.6864	0.4028	0.3139	0.2941	0.0197	0.7753	0.3923	0.3830	3.4813	7.4429	0.0020	0.0718	0.0853	0.0031	7.1719	28508.1381	0.0001	0.0680	0.0356	0.1233	0.0908	0.0831	0.2054	0.0588	0.0000	0.1190
30	118	0.2970	9	1	1	1	1	0	0	0	0	N	N	N	N	N	N	N	N	N	N	N	N	6053.5028	3704.5727	0.0154	3350.4622	3267.2552	0.0066	2991743.8096	inf	0.0000	0.8660	0.9603	0.0000	1.7910	1.8507	0.0000	0.3464	0.4006	0.0000	0.0001	0.0003	0.0000	0.0005	0.0006	0.0000	0.0000	0.0000	0.0000	0.0000	0.0035	-0.1220	-0.0000	17.1852	3.8827	7.8386	2.9998	0.4249	0.4249	0.0000	0.3161	0.3161	0.0000	0.1089	0.1089	0.0000	0.0000	0.0000	0.0000	0.0000	0.0000	0.0000	0.0000	0.0000	0.0000	0.4907	0.4425	0.0482	0.1765	0.1708	0.0057	0.3142	0.2717	0.0425	0.1403	0.0877	0.0526	0.0375	0.0353	0.0022	0.1028	0.0524	0.0503	6053.5028	4213.1001	0.0154	3350.4622	3267.2552	0.0066	2991743.8096	inf	0.0000	0.0001	0.0002	0.0000	0.0005	0.0006	0.0000	0.0000	0.0000	0.0000
30	119	0.2941	8	1	1	0	1	0	0	0	0	N	N	N	N	N	N	N	N	N	N	N	N	110.8541	95.7798	11.4424	91.9929	89.2085	inf	24.0351	inf	0.0000	0.0004	0.0005	0.0000	0.0011	0.0011	0.0002	0.0000	0.0000	0.0000	0.0000	0.0000	0.0000	0.0000	0.0000	0.0000	0.0000	0.0000	0.0000	0.0054	0.2589	-0.0000	-0.0000	17.1852	2.8083	7.8386	0.0030	0.0002	0.0002	0.0000	0.0002	0.0002	0.0000	0.0000	0.0000	0.0000	0.0000	0.0000	0.0000	0.0000	0.0000	0.0000	0.0000	0.0000	0.0000	0.3988	0.3606	0.0382	0.1559	0.1505	0.0054	0.2429	0.2101	0.0328	0.0582	0.0363	0.0219	0.0156	0.0147	0.0009	0.0426	0.0216	0.0210	110.8541	95.7798	11.4424	91.9929	89.2085	inf	24.0351	inf	0.0000	0.0000	0.0000	0.0000	0.0000	0.0000	0.0000	0.0000	0.0000	0.0000
30	120	0.2941	8	1	1	1	1	0	0	0	0	N	N	N	N	N	N	N	N	N	N	N	N	5144.4551	17421.8652	0.3794	18523.0375	18023.1279	inf	0.0828	0.3025	0.0130	0.0144	0.0000	0.0357	0.0369	0.0000	0.0000	0.0000	0.0000	0.0000	0.0000	0.0000	0.0000	0.0000	0.0000	0.0000	0.0000	0.0000	0.0000	3.8985	-0.0046	0.0000	17.1852	9.6158	7.8386	0.0030	0.0158	0.0158	0.0000	0.0158	0.0158	0.0000	0.0000	0.0000	0.0000	0.0000	0.0000	0.0000	0.0000	0.0000	0.0000	0.0000	0.0000	0.0000	1.2235	1.1040	0.1195	0.4441	0.4295	0.0146	0.7794	0.6745	0.1049	0.1955	0.1220	0.0735	0.0522	0.0491	0.0031	0.1433	0.0729	0.0705	5144.4551	17421.8652	0.3794	18523.0375	18023.1279	inf	0.0828	0.0000	0.3025	0.0000	0.0000	0.0000	0.0000	0.0000	0.0000	0.0000	0.0000	0.0000	
30	121	0.2844	7	1	1	0	1	0	0	0	0	N	N	N	N	N	N	N	N	N	N	N	N	0.0084	0.0102	0.0014	0.0228	0.0238	0.0092	0.0000	0.0000	0.0000	0.0000	0.0000	0.0000	0.0001	0.0001	0.0000	0.0000	0.0000	0.0000	0.0033	0.0033	0.0016	0.0031	0.0030	0.0049	0.0026	0.0018	0.0014	0.0156	0.7197	-0.0000	-0.0000	17.1852	4.2457	7.8386	2.0144	0.0000	0.0000	0.0000	0.0000	0.0000	0.0000	0.0000	0.0000	0.0000	0.0002	0.0001	0.0001	0.0001	0.0001	0.0000	0.0001	0.0000	0.0001	0.7719	0.6262	0.1457	0.3042	0.2970	0.0071	0.4677	0.3291	0.1386	0.1409	0.0884	0.0526	0.0396	0.0376	0.0021	0.1013	0.0508	0.0505	0.0200	0.0261	0.0014	0.0228	0.0238	0.0092	0.0000	0.0001	0.0000	0.0014	0.0013	0.0016	0.0031	0.0030	0.0049	0.0007	0.0000	0.0014
30	122	0.2423	6	1	1	0	1	0	0	0	0	N	N	N	N	N	N	N	N	N	N	N	N	0.0001	0.0001	0.0000	0.0001	0.0001	0.0000	0.0000	0.0000	0.0000	0.0000	0.0001	0.0000	0.0001	0.0001	0.0000	0.0000	0.0000	0.0000	0.8445	0.7196	1.8936	1.0230	0.9183	3.0607	0.9084	0.0070	1.6959	0.0002	2.2892	-0.0000	0.0049	17.1852	11.9190	7.8386	13.1740	0.0001	0.0001	0.0000	0.0001	0.0001	0.0000	0.0000	0.0000	0.0000	0.0718	0.0218	0.0500	0.0256	0.0218	0.0038	0.0462	0.0001	0.0461	1.8095	1.5257	0.2838	0.6605	0.6440	0.0164	1.1490	0.8816	0.2674	0.5089	0.3148	0.1941	0.1262	0.1198	0.0063	0.3827	0.1949	0.1878	0.0003	0.0007	0.0000	0.0006	0.0007	0.0000	0.0000	0.0000	0.0000	0.1411	0.0694	0.2575	0.2030	0.1818	0.6051	0.1207	0.0003	0.2457
30	123	0.6692	10	1	1	1	1	0	0	0	0	N	N	N	N	N	N	N	N	N	N	N	N	0.0001	0.0001	0.0000	0.0032	0.0031	0.0000	0.0001	0.0001	0.0000	0.0005	0.0006	0.0000	0.0005	0.0005	0.0000	0.0006	0.0007	0.0000	3.5296	5.3427	0.0004	0.1428	0.1547	0.0003	5.7309	11.4966	0.0004	0.0000	0.0000	-0.0002	-0.6153	17.1852	12.8936	7.8386	4.1514	0.0008	0.0008	0.0000	0.0004	0.0004	0.0000	0.0005	0.0005	0.0000	0.9793	0.9792	0.0000	0.0046	0.0046	0.0000	0.9746	0.9746	0.0000	1.6120	1.4720	0.1400	0.8404	0.8014	0.0390	0.7715	0.6706	0.1009	0.2774	0.1833	0.0942	0.1074	0.0985	0.0089	0.1701	0.0848	0.0853	0.0001	0.0001	0.0000	0.0105	0.0101	0.0000	0.0001	0.0001	0.0000	3.5296	5.3427	0.0004	0.0431	0.0469	0.0003	5.7309	11.4966	0.0004
30	124	0.2576	7	1	2	0	0	0	0	0	0	N	Y	N	N	N	N	N	N	N	N	N	N	178.0663	98.4344	0.0003	0.0383	0.0363	0.0000	21826.1222	3014.4261	0.0003	0.5701	0.6524	0.0000	0.0003	0.0003	0.0000	0.8840	1.0781	0.0000	0.0032	0.0066	0.0000	0.0068	0.0074	0.0002	0.0000	0.0004	0.0000	0.0000	0.0138	-0.2823	-0.0004	17.1852	12.7386	7.8386	8.7370	0.9833	0.9833	0.0000	0.0002	0.0002	0.0000	0.9831	0.9831	0.0000	0.0006	0.0006	0.0000	0.0006	0.0006	0.0000	0.0000	0.0000	0.0000	1.7248	1.5072	0.2175	0.6126	0.5954	0.0173	1.1121	0.9119	0.2002	0.4415	0.2718	0.1698	0.1127	0.1069	0.0058	0.3288	0.1648	0.1640	422.0726	301.3493	0.0003	0.0496	0.0486	0.0000	41858.9879	713628.5224	0.0003	0.0014	0.0022	0.0000	0.0052	0.0055	0.0002	0.0000	0.0000	0.0000
30	125	0.2423	6	1	2	0	0	0	0	0	0	N	Y	N	N	N	N	N	N	N	N	N	N	0.1491	0.0935	0.5144	0.0495	0.0499	0.0002	0.3109	0.0295	0.7331	0.0004	0.0005	0.0002	0.0002	0.0002	0.0000	0.0006	0.0007	0.0002	0.0028	0.0049	0.0005	0.0033	0.0033	0.0040	0.0018	0.0234	0.0003	0.1093	0.1641	-0.0001	-0.0001	17.1852	8.6431	7.8386	1.4782	0.0006	0.0005	0.0001	0.0001	0.0001	0.0000	0.0005	0.0005	0.0001	0.0003	0.0002	0.0000	0.0002	0.0002	0.0000	0.0001	0.0001	0.0000	1.4298	1.1800	0.2498	0.5369	0.5243	0.0126	0.8929	0.6558	0.2372	0.2158	0.1335	0.0824	0.0546	0.0519	0.0027	0.1612	0.0816	0.0797	0.3369	0.2649	0.5144	0.0501	0.0519	0.0002	1.0211	0.8876	0.7331	0.0012	0.0017	0.0005	0.0033	0.0032	0.0040	0.0006	0.0008	0.0003
30	126	0.2327	5	1	1	0	0	0	0	0	0	N	N	N	N	N	N	N	N	N	N	N	N	47.7019	77.8119	0.0641	165.8761	178.8795	0.0956	0.0915	0.0550	0.0557	0.0704	0.0786	0.0001	0.2020	0.2072	0.0002	0.0002	0.0002	0.0001	0.0015	0.0010	0.0012	0.0012	0.0012	0.0023	0.0020	0.0037	0.0011	0.0001	1.1357	-0.0122	-0.0000	17.1852	4.1618	7.8386	2.0491	0.0426	0.0426	0.0000	0.0425	0.0425	0.0000	0.0001	0.0001	0.0000	0.0001	0.0001	0.0001	0.0001	0.0001	0.0000	0.0001	0.0000	0.0001	0.6052	0.5418	0.0634	0.2106	0.2053	0.0052	0.3946	0.3364	0.0582	0.1578	0.1022	0.0556	0.0460	0.0436	0.0025	0.1118	0.0587	0.0531	90.6306	140.0736	0.0641	165.8761	178.8795	0.0956	0.3067	1.7131	0.0557	0.0008	0.0006	0.0012	0.0012	0.0012	0.0023	0.0006	0.0001	0.0011
30	127	0.2036	4	1	1	0	0	0	0	0	0	N	N	N	N	N	N	N	N	N	N	N	N	1.1837	712.9331	0.0000	3.8260	555.5224	0.0000	1.0429	356.7591	0.0000	0.7462	0.8297	0.0000	0.7370	0.7577	0.0000	0.7506	0.8685	0.0000	0.6304	0.0012	1.2399	0.1926	0.0014	5.1725	0.7197	0.0024	0.8162	0.0000	153.4291	-0.2583	0.0095	17.1852	9.4810	7.8386	7.4917	0.8995	0.8995	0.0000	0.2877	0.2877	0.0000	0.6118	0.6118	0.0000	0.0259	0.0002	0.0258	0.0061	0.0002	0.0060	0.0198	0.0000	0.0198	1.2055	1.0841	0.1214	0.3904	0.3797	0.0107	0.8151	0.7044	0.1107	0.4303	0.2702	0.1601	0.1227	0.1157	0.0070	0.3076	0.1545	0.1532	12.3765	1334.4238	0.0000	14.7520	555.5224	0.0000	11.6530	13227.4804	0.0000	0.0603	0.0006	0.1610	0.0500	0.0014	0.8569	0.0644	0.0001	0.1293
30	128	0.6814	11	2	2	0	0	0	0	0	0	Y	Y	N	N	N	N	N	N	N	N	N	N	507.8223	373.3629	0.0000	286.9482	276.5891	24897.4550	inf	0.0000	0.0033	0.0037	0.0000	0.0047	0.0050	0.0000	0.0018	0.0021	0.0000	0.0000	0.0000	0.0000	0.0000	0.0000	0.0000	0.0000	0.0000	0.0000	0.0000	0.0066	-0.0002	-0.0000	17.1852	2.0107	7.8386	1.9995	0.0008	0.0008	0.0000	0.0006	0.0006	0.0000	0.0002	0.0002	0.0000	0.0000	0.0000	0.0000	0.0000	0.0000	0.0000	0.0000	0.0000	0.0000	0.2478	0.2251	0.0227	0.1314	0.1245	0.0069	0.1164	0.1006	0.0157	0.0603	0.0400	0.0203	0.0240	0.0219	0.0021	0.0363	0.0181	0.0182	507.8223	373.3629	0.0000	286.9482	276.5891	0.0000	24897.4550	inf	0.0000	0.0000	0.0000	0.0000	0.0000	0.0000	0.0000	0.0000	0.0000	0.0000	
30	129	0.6692	10	2	2	0	0	0	0	0	0	Y	Y	N	N	N	N	N	N	N	N	N	N	179.6891	105.3182	0.0021	0.2502	0.2254	0.0000	2108.2652	1939.8979	0.0027	1.2966	1.4161	0.0000	0.0020	0.0021	0.0000	2.7523	3.1612	0.0000	0.0072	0.0134	0.0007	0.0080	0.0093	0.0000	0.0013	0.0016	0.0008	0.0000	0.1045	-0.2836	-0.0002	17.1852	5.6459	7.8386	1.1399	0.9877	0.9877	0.0000	0.0008	0.0008	0.0000	0.9869	0.9869	0.0000	0.0003	0.0003	0.0000	0.0003	0.0003	0.0000	0.0000	0.0000	0.0000	0.7618	0.6975	0.0643	0.4032	0.3853	0.0179	0.3586	0.3122	0.0464	0.1185	0.0776	0.0409	0.0466	0.0429	0.0036	0.0720	0.0347	0.0372	494.5540	390.8702	0.0021	0.3335	0.3220	0.0000	6521.7011	103270.5604	0.0027	0.0026	0.0036	0.0007	0.0060	0.0065	0.0000	0.0004	0.0000	0.0008
30	130	0.6389	9	1	1	0	0	0	0	0	0	N	N	N	N	N	N	N	N	N	N	N	N	15.1398	5.3943	1.2363	28.5310	28.2646	2.2968	0.5114	0.2886	0.0967	0.4995	0.5676	0.0026	0.8676	0.9795	0.0047	0.0027	0.0031	0.0002	0.0330	0.1052	0.0021	0.0304	0.0347	0.0020	0.0053	0.0108	0.0021	0.0006	0.1177	-0.2844	-0.0012	17.1852	11.6079	7.8386	5.3766	0.9928	0.9921	0.0006	0.9905	0.9898	0.0006	0.0023	0.0023	0.0000	0.0024	0.0021	0.0002	0.0021	0.0021	0.0000	0.0003	0.0000	0.0002	1.9875	1.7480	0.2395	1.1416	1.0106	0.1310	0.8459	0.7374	0.1085	0.3318	0.2151	0.1167	0.1309	0.1211	0.0098	0.2009	0.0940	0.1068	70.0062	57.6383	1.2363	54.0952	57.0239	2.2968	2.0541	7.6402	0.0967	0.0071	0.0098	0.0021	0.0160	0.0172	0.0020	0.0013	0.0004	0.0021
30	131	0.6210	8	1	1	0	0	0	0	0	0	N	N	N	N	N	N	N	N	N	N	N	N	0.0556	0.0496	0.1363	0.0382	0.0423	0.4436	0.2749	0.4835	0.0441	0.0434	0.0495	0.0055	0.0445	0.0506	0.0081	0.0418	0.0481	0.0016	0.7796	0.9997	0.0401	1.1643	1.1968	0.0182	0.1522	0.0995	0.0369	0.0180	0.0618	-0.0094	-0.0216	17.1852	3.9355	7.8386	8.7078	0.0348	0.0342	0.0006	0.0207	0.0202	0.0005	0.0140	0.0140	0.0001	0.0379	0.0357	0.0022	0.0358	0.0356	0.0002	0.0022	0.0002	0.0020	0.8017	0.6893	0.1124	0.4663	0.3992	0.0671	0.3354	0.2901	0.0453	0.3437	0.2292	0.1145	0.1484	0.1375	0.0110	0.1952	0.0917	0.1035	0.3928	0.3178	0.2835	0.1846	0.1956	0.4436	3.7493	26.0639	0.0839	0.1104	0.1559	0.0193	0.2410	0.2587	0.0182	0.0112	0.0018	0.0194
30	132	0.6094	7	1	1	0	0	0	0	0	0	N	N	N	N	N	N	N	N	N	N	N	N	1.1355	1.0616	0.0371	0.0244	0.0262	0.0955	5.0353	14.2054	0.0313	0.8469	0.9879	0.0048	0.0238	0.0263	0.0063	1.9083	2.2936	0.0034	0.7458	0.9306	0.1288	0.9765	1.0068	0.0655	0.3790	0.1615	0.1071	0.0008	0.1721	-0.2923	-0.0119	17.1852	6.2657	7.8386	3.9760	1.0208	1.0200	0.0008	0.0162	0.0157	0.0005	1.0046	1.0043	0.0003	0.0248	0.0212	0.0036	0.0214	0.0210	0.0004	0.0034	0.0002	0.0032	1.2054	1.0325	0.1729	0.6790	0.5946	0.0843	0.5265	0.4379	0.0886	0.2601	0.1716	0.0885	0.1103	0.1021	0.0082	0.1498	0.0695	0.0803	8.8811	8.0112	0.1160	0.1229	0.1281	0.1309	83.7885	981.1213	0.0830	0.0954	0.1233	0.0411	0.1939	0.2057	0.0478	0.0228	0.0023	0.0405
30	133	0.5321	6	1	1	0	0	0	0	0	0	N	N	N	N	N	N	N	N	N	N	N	N	0.8510	0.8631	0.0330	0.2571	0.2812	0.0075	1.2191	8.5071	0.0497	0.8387	0.9308	0.0877	0.3757	0.4068	0.0050	1.3171	1.5134	0.1341	0.9855	1.0785	2.6554	1.4610	1.4466	0.6692	1.0805	0.1779	2.6990	0.0116	1.2008	-0.8229	-0.0252	17.1852	26.7012	7.8386	18.2690	2.9846	2.9505	0.0341	0.6795	0.6788	0.0007	2.3051	2.2717	0.0334	0.3040	0.1381	0.1659	0.1446	0.1374	0.0072	0.1594	0.0007	0.1587	3.5586	3.1697	0.3889	1.8085	1.6686	0.1399	1.7501	1.5011	0.2490	1.0501	0.6780	0.3722	0.4255	0.3933	0.0322	0.6246	0.2847	0.3400	2.8971	4.5685	0.1967	1.1053	1.1643	0.0224	5.1620	601.0390	0.2873	0.2895	0.2038	0.4457	0.3399	0.3494	0.2239	0.2552	0.0025	0.4667
30	134	0.2940	5	1	1	0	0	0	0	0	0	N	N	N	N	N	N	N	N	N	N	N	N	0.1715	0.0194	0.6002	0.0107	0.0713	0.0001	0.2478	0.0165	0.9031	0.1548	0.0163	1.4309	0.0031	0.0033	0.0003	0.2661	0.0265	1.9956	0.9026	0.8424	2.3840	0.2870	0.0457	4.1436	1.0742	1.6049	2.2097	9.5052	2.1325	0.6822	0.0196	17.1852	61.4372	7.8386	55.8589	1.1045	0.1051	0.9994	0.0092	0.0092	0.0001	1.0953	0.0960	0.9993	0.3748	0.1196	0.2551	0.0320	0.0099	0.0221	0.3428	0.1098	0.2330	7.1337	6.4353	0.6985	3.0183	2.8206	0.1977	4.1155	3.6147	0.5008	1.9108	1.1964	0.7144	0.5111	0.4799	0.0312	1.3997	0.7165	0.6832	0.7894	0.1634	4.0065	0.0490	0.1582	0.0004	1.0867	0.1733	5.8506	0.1961	0.1000	0.3571	0.0626	0.0206	0.7087	0.2449	0.1532	0.3411
30	135	0.2036	4	1	1	0	0	0	0	0	0	N	N	N	N	N	N	N	N	N	N	N	N	0.5735	19.3240	0.0001	4.2575	124.4277	0.0000	0.4826	0.7739	0.0002	0.2253	0.2498	0.0000	0.2300	0.2364	0.0000	0.2231	0.2569	0.0000	0.3929	0.0129	0.3128	0.0540	0.0019	1.4724	0.4623	0.3320	0.1666	0.0000	11.6618	-0.2466	0.0085	17.1852	31.7621	7.8386	18.5886	0.8589	0.8589	0.0000	0.2838	0.2838	0.0000	0.5751	0.5751	0.0000	0.0291	0.0023	0.0268	0.0065	0.0005	0.0060	0.0226	0.0018	0.0208	3.8117	3.4390	0.3727	1.2341	1.2006	0.0334	2.5776	2.2383	0.3393	1.0564	0.6526	0.4038	0.2685	0.2535	0.0150	0.7879	0.3991	0.3888	8.1726	70.8535	0.0004	9.4863	124.4277	0.0000	7.7721	56.3793	0.0005	0.0276	0.0035	0.0664	0.0242	0.0019	0.4021	0.0287	0.0046	0.0535
31	33	0.0382	2	0	2	0	0	0	0	0	0	N	Y	N	N	N	N	N	N	N	N	N	N	23457.6370	13142.1544	3600918.9261	21.2133	21.2590	inf	218105166.5043	inf	4266791.0949	1.0321	1.1824	0.0406	0.1216	0.1228	0.0606	1.0589	1.2178	0.0406	0.0000	0.0001	0.0000	0.0057	0.0058	0.0000	0.0000	0.0000	0.0000	0.0052	0.0001	-0.2843	-0.0000	9.9927	24.4476	7.0404	5.0002	1.0082	1.0030	0.0052	0.0034	0.0034	0.0000	1.0048	0.9997	0.0052	0.0000	0.0000	0.0000	0.0000	0.0000	0.0000	0.0000	0.0000	0.0000	0.9768	0.8483	0.1285	0.0279	0.0274	0.0005	0.9489	0.8209	0.1280	0.3327	0.1643	0.1683	0.0031	0.0031	0.0000	0.3295	0.1612	0.1683	23457.6370	13276.0083	3600918.9261	25.9278	25.9153	inf	218105166.5043	inf	4266791.0949	0.0000	0.0001	0.0000	0.0047	0.0047	0.0000	0.0000	0.0000	0.0000
31	34	0.3792	8	0	2	1	1	0	0	0	0	N	Y	N	N	N	N	N	N	N	N	N	N	532.7760	323.8993	2790.6892	0.1307	0.0726	inf	1712.8950	inf	3343.9804	0.0003	0.0002	0.0017	0.0000	0.0000	0.0000	0.0006	0.0003	0.0021	0.0000	0.0000	0.0000	0.0000	0.0000	0.0000	0.0000	0.0000	0.0000	1.0008	0.9508	0.0000	-0.0000	9.9927	1.3124	7.0404	1.0060	0.0000	0.0000	0.0000	0.0000	0.0000	0.0000	0.0000	0.0000	0.0000	0.0000	0.0000	0.0000	0.0000	0.0000	0.0000	0.0000	0.0000	0.0000	0.0720	0.0659	0.0060	0.0367	0.0355	0.0012	0.0353	0.0305	0.0048	0.0228	0.0130	0.0098	0.0074	0.0058	0.0016	0.0154	0.0072	0.0082	532.7760	323.8993	2790.6892	0.1307	0.0726	inf	1712.8950	inf	3343.9804	0.0000	0.0000	0.0000	0.0000	0.0000	0.0000	0.0000	0.0000	0.0000
31	35	0.2478	7	0	1	0	1	0	0	0	0	N	N	N	N	N	N	N	N	N	N	N	N	3698.6825	861.8318	172401.9890	12.1642	0.6495	2559.8300	82248.7968	10087.0881	233400.6609	0.8814	0.5393	3.7100	0.0173	0.0010	0.3095	1.2144	0.7648	4.2470	0.0002	0.0006	0.0000	0.0014	0.0016	0.0001	0.0000	0.0001	0.0000	0.8323	0.0444	0.3056	-0.0001	9.9927	53.2438	7.0404	16.6757	1.8287	0.9980	0.8306	0.0100	0.0006	0.0095	1.8187	0.9975	0.8212	0.0001	0.0001	0.0000	0.0001	0.0001	0.0000	0.0000	0.0000	0.0000	2.0747	1.8508	0.2239	0.5771	0.5465	0.0305	1.4976	1.3043	0.1934	0.5665	0.3033	0.2631	0.0901	0.0816	0.0085	0.4764	0.2218	0.2546	3752.4542	1283.9260	172401.9890	12.1642	0.6495	2559.8300	123566.8087	3489884.2098	233400.6609	0.0002	0.0004	0.0000	0.0014	0.0016	0.0001	0.0000	0.0000	0.0000
31	36	0.2070	7	0	2	0	0	0	0	0	0	N	Y	N	N	N	N	N	N	N	N	N	N	0.0000	0.0000	0.0000	0.0000	0.0000	0.0000	0.0000	0.0000	0.0000	0.0000	0.0000	0.0000	0.0000	0.0000	0.0000	0.0000	0.0000	0.0000	0.0026	0.0057	0.0003	0.0112	0.0133	0.0000	0.0005	0.0000	0.0003	0.1644	0.0000	-0.0002	9.9927	17.9460	7.0404	11.6991	0.0000	0.0000	0.0000	0.0000	0.0000	0.0000	0.0000	0.0000	0.0000	0.0003	0.0003	0.0000	0.0003	0.0003	0.0000	0.0000	0.0000	0.0000	0.7381	0.6501	0.0879	0.1777	0.1642	0.0135	0.5603	0.4859	0.0744	0.2717	0.1408	0.1309	0.0351	0.0317	0.0034	0.2365	0.1090	0.1275	0.0000	0.0000	0.0000	0.0000	0.0000	0.0000	0.0000	0.0000	0.0000	0.0012	0.0019	0.0003	0.0077	0.0085	0.0000	0.0002	0.0000	0.0003	
31	37	0.4817	10	1	2	0	0	0	0	0	0	N	Y	N	N	N	N	N	N	N	N	N	N	0.0000	0.0000	0.0000	0.0000	0.0000	0.0000	0.0000	0.0000	0.0000	0.0000	0.0000	0.0000	0.0000	0.0000	0.0000	0.0000	0.0000	0.0000	0.0000	0.0000	0.0000	0.0000	0.0000	0.0000	-0.0000	9.9927	1.9903	7.0404	0.0021	0.0000	0.0000	0.0000	0.0000	0.0000	0.0000	0.0000	0.0000	0.0000	0.0000	0.0000	0.0000	0.0000	0.0000	0.0000	0.0000	0.0000	0.0000	0.0789	0.0698	0.0091	0.0201	0.0190	0.0011	0.0588	0.0508	0.0080	0.0172	0.0103	0.0069	0.0052	0.0045	0.0008	0.0120	0.0058	0.0062	0.0000	0.0000	0.0000	0.0000	0.0000	0.0000	0.0000	0.0000	0.0000	0.0000	0.0000	0.0000	0.0000	0.0000	0.0000	0.0000	0.0000	0.0000						
31	38	0.2478	7	0	2	0	1	0	0	0	0	N	Y	N	N	N	N	N	N	N	N	N	N	0.0969	0.0344	1.7398	0.0794	0.0721	1.0267	0.1702	0.1411	0.4898	0.0009	0.0010	0.0000	0.0032	0.0034	0.0003	0.0000	0.0000	0.0000	0.0096	0.0300	0.0000	0.0406	0.0469	0.0002	0.0000	0.0000	0.0000	0.0050	0.0036	-0.0005	-0.0010	9.9927	45.5232	7.0404	15.8903	0.0017	0.0017	0.0000	0.0017	0.0017	0.0000	0.0000	0.0000	0.0000	0.0016	0.0016	0.0000	0.0016	0.0016	0.0000	0.0000	0.0000	0.0000	1.8421	1.6440	0.1981	0.5288	0.5013	0.0275	1.3133	1.1427	0.1706	0.5141	0.2763	0.2378	0.0846	0.0769	0.0077	0.4295	0.1993	0.2301	0.2905	0.1747	1.7398	0.1666	0.1594	1.0267	0.2562	55.5803	0.4898	0.0032	0.0059	0.0000	0.0193	0.0212	0.0002	0.0000	0.0000	0.0000
31	39	0.2207	6	0	1	0	1	0	0	0	0	N	N	N	N	N	N	N	N	N	N	N	N	4.6430	11.0298	60.3380	2.5375	3.1110	0.4305	2.8358	1.5999	74.5454	0.2923	0.0206	2.4616	0.0045	0.0047	0.0021	0.4079	0.0276	2.8464	0.0629	0.0019	0.0408	0.0018	0.0015	0.0049	0.1438	0.0172	0.0382	14.9871	18.9193	0.1175	0.0005	9.9927	13.8166	7.0404	4.5847	0.1807	0.0113	0.1694	0.0008	0.0008	0.0000	0.1799	0.0105	0.1694	0.0017	0.0001	0.0016	0.0001	0.0000	0.0000	0.0016	0.0000	0.0016	0.6184	0.5496	0.0688	0.1773	0.1680	0.0093	0.4411	0.3816	0.0595	0.1789	0.0981	0.0807	0.0287	0.0262	0.0024	0.1502	0.0719	0.0783	31.3233	24.0950	125.3664	2.5375	3.1110	0.4305	37.8752	44.6246	141.6446	0.0093	0.0009	0.0196	0.0018	0.0015	0.0049	0.0108	0.0006	0.0201
31	40	0.3826	10	0	1	1	0	0	0	0	0	N	N	N	N	N	N	N	N	N	N	N	N	40.2417	32.8608	0.2029	30.5175	32.9734	0.1413	4.1261	inf	0.0000	0.0036	0.0041	0.0000	0.0109	0.0114	0.0001	0.0001	0.0001	0.0000	0.0001	0.0001	0.0000	0.0004	0.0003	0.0005	0.0000	0.0000	0.0000	0.0003	0.2812	-0.0006	-0.0000	9.9927	12.6411	7.0404	7.4648	0.0020	0.0020	0.0000	0.0020	0.0020	0.0000	0.0000	0.0000	0.0000	0.0000	0.0000	0.0000	0.0000	0.0000	0.0000	0.0000	0.0000	0.0000	0.5550	0.4944	0.0607	0.1805	0.1719	0.0086	0.3745	0.3225	0.0520	0.1864	0.1059	0.0806	0.0414	0.0377	0.0037	0.1450	0.0682	0.0769	40.2417	32.8625	0.2029	30.5175	32.9734	0.1413	7.8438	inf	0.0000	0.0001	0.0001	0.0000	0.0004	0.0003	0.0005	0.0000	0.0000	0.0000
31	41	0.4693	8	0	2	0	0	0	0	0	0	N	Y	N	N	N	N	N	N	N	N	N	N	0.0138	0.0077	0.0067	0.0310	0.0292	0.7763	0.0021	0.0017	0.0024	0.0032	0.0036	0.0000	0.0094	0.0099	0.0000	0.0000	0.0000	0.0000	0.2311	0.4630	0.0008	0.3039	0.3395	0.0000	0.0014	0.0017	0.0008	0.0002	0.0193	-0.0009	-0.0026	9.9927	22.0894	7.0404	9.3639	0.0030	0.0030	0.0000	0.0030	0.0030	0.0000	0.0000	0.0000	0.0000	0.0043	0.0042	0.0001	0.0042	0.0042	0.0000	0.0001	0.0000	0.0001	0.9479	0.8494	0.0986	0.3199	0.3045	0.0155	0.6280	0.5449	0.0831	0.2533	0.1474	0.1059	0.0653	0.0577	0.0076	0.1880	0.0896	0.0983	0.1873	0.1240	0.0067	0.1459	0.1355	0.7763	0.0064	0.0855	0.0024	0.0170	0.0287	0.0008	0.0647	0.0732	0.0000	0.0004	0.0000	0.0008
31	42	0.2207	6	0	2	0	0	0	0	0	0	N	Y	N	N	N	N	N	N	N	N	N	N	1531.3077	616.7031	33.2642	0.7402	0.6948	25.3224	272517.7408	1166.3431	24.7551	0.6121	0.6904	0.0000	0.0019	0.0020	0.0000	0.7987	0.9189	0.0000	0.0004	0.0011	0.0000	0.0025	0.0029	0.0000	0.0000	0.0008	0.0000	0.0000	0.0002	-0.2871	-0.0001	9.9927	43.3975	7.0404	17.3745	0.9997	0.9997	0.0000	0.0007	0.0007	0.0000	0.9990	0.9990	0.0000	0.0002	0.0002	0.0000	0.0002	0.0002	0.0000	0.0000	0.0000	0.0000	1.6334	1.4481	0.1853	0.3826	0.3609	0.0217	1.2508	1.0871	0.1636	0.4933	0.2604	0.2329	0.0619	0.0548	0.0071	0.4314	0.2055	0.2259	1905.1809	1134.4652	33.2642	0.7402	0.6948	25.3224	272517.7408	151981.4532	24.7551	0.0003	0.0006	0.0000	0.0025	0.0029	0.0000	0.0000	0.0000	0.0000
31	43	0.3995	7	1	1	1	0	0	0	0	0	N	N	N	N	N	N	N	N	N	N	N	N	0.3163	0.1390	0.2070	0.3055	0.2630	0.1803	25.9409	0.2872	0.0119	0.0002	0.0003	0.0000	0.0009	0.0010	0.0000	0.0000	0.0000	0.0000	0.0007	0.0019	0.0000	0.0030	0.0037	0.0000	0.0000	0.0001	0.0000	0.0002	0.0017	-0.0001	-0.0001	9.9927	18.2331	7.0404	4.4208	0.0002	0.0002	0.0000	0.0002	0.0002	0.0000	0.0000	0.0000	0.0000	0.0001	0.0001	0.0000	0.0001	0.0001	0.0000	0.0000	0.0000	0.0000	0.7611	0.6757	0.0854	0.1828	0.1738	0.0090	0.5783	0.5019	0.0764	0.2131	0.1159	0.0971	0.0329	0.0293	0.0037	0.1801	0.0867	0.0935	0.5019	0.3080	0.2070	0.3055	0.2856	0.1803	25.9409	99.0734	0.0119	0.0005	0.0009	0.0000	0.0030	0.0034	0.0000	0.0000	0.0000	0.0000
31	44	0.4593	7	0	2	0	1	0	0	0	0	N	Y	N	N	N	N	N	N	N	N	N	N	337.3239	2.6015	3437.8389	51.8162	6.4215	117576.6318	228.9816	0.0004	3553.9406	0.3345	0.0013	3.1300	0.0312	0.0045	0.4956	0.4476	0.0000	3.5534	0.0010	0.0005	0.0009	0.0006	0.0007	0.0000	0.0020	0.0042	0.0010	288.9468	1.7763	0.5720	0.0000	9.9927	62.5878	7.0404	29.9840	0.8063	0.0028	0.8036	0.0204	0.0028	0.0176	0.7859	0.0000	0.7859	0.0004	0.0002	0.0003	0.0001	0.0001	0.0000	0.0003	0.0000	0.0003	2.4103	2.1536	0.2567	0.6544	0.6189	0.0355	1.7559	1.5347	0.2212	0.7503	0.4390	0.3112	0.1989	0.1709	0.0279	0.5514	0.2681	0.2833	566.6816	3.5536	3437.8389	51.8162	6.4215	117576.6318	763.4204	0.0105	3553.9406	0.0006	0.0004	0.0009	0.0006	0.0007	0.0000	0.0006	0.0001	0.0010
31	45	0.3995	7	1	1	1	0	0	0	0	0	N	N	N	N	N	N	N	N	N	N	N	N	0.5320	0.2341	0.3408	0.5130	0.4566	0.2076	24.6228	0.3030	0.2215	0.0006	0.0006	0.0000	0.0022	0.0023	0.0000	0.0000	0.0000	0.0000	0.0011	0.0028	0.0000	0.0043	0.0051	0.0000	0.0000	0.0001	0.0000	0.0001	0.0016	-0.0001	-0.0001	9.9927	13.5293	7.0404	3.1702	0.0003	0.0003	0.0000	0.0003	0.0003	0.0000	0.0000	0.0000	0.0000	0.0001	0.0001	0.0000	0.0001	0.0001	0.0000	0.0000	0.0000	0.0000	0.5889	0.5238	0.0651	0.1489	0.1419	0.0070	0.4400	0.3819	0.0581	0.1618	0.0884	0.0734	0.0258	0.0231	0.0027	0.1360	0.0654	0.0707	0.9301	0.5724	0.3408	0.5698	0.5350	0.2076	24.6228	98.2156	0.2215	0.0006	0.0011	0.0000	0.0039	0.0043	0.0000	0.0000	0.0000	0.0000
31	46	0.3950	6	1	1	1	0	0	0	0	0	N	N	N	N	N	N	N	N	N	N	N	N	0.0234	0.0072	0.0115	0.0019	0.0017	0.8212	0.1478	0.0297	0.0004	0.0009	0.0009	0.0000	0.0001	0.0001	0.0002	0.0012	0.0014	0.0000	0.0365	0.1307	0.0025	0.0611	0.0690	0.0003	0.0084	0.0481	0.0026	0.0032	0.1654	-0.0001	-0.0002	9.9927	4.1147	7.0404	1.2946	0.0002	0.0002	0.0000	0.0000	0.0000	0.0000	0.0002	0.0002	0.0000	0.0005	0.0004	0.0001	0.0004	0.0004	0.0000	0.0001	0.0000	0.0001	0.2588	0.2348	0.0240	0.0906	0.0877	0.0029	0.1682	0.1471	0.0211	0.0658	0.0379	0.0280	0.0144	0.0135	0.0009	0.0514	0.0244	0.0271	0.1136	0.0837	0.0115	0.0044	0.0040	0.8212	0.6437	1.1660	0.0004	0.0075	0.0112	0.0025	0.0273	0.0292	0.0003	0.0019	0.0012	0.0026
31	47	0.3324	5	1	1	0	0	0	0	0	0	N	N	N	N	N	N	N	N	N	N	N	N	0.9551	0.7919	0.0570	0.0017	0.0018	0.6250	313.5517	152.9830	0.0017	0.9703	1.0912	0.0001	0.0046	0.0048	0.0009	1.2681	1.4582	0.0000	1.0158	1.3779	0.0016	2.6275	2.6800	0.0014	0.0040	0.0095	0.0016	0.0000	0.0019	-0.2784	-0.1027	9.9927	22.0103	7.0404	13.6452	0.9695	0.9695	0.0000	0.0011	0.0011	0.0000	0.9685	0.9685	0.0000	0.1640	0.1637	0.0003	0.1636	0.1636	0.0000	0.0004	0.0001	0.0003	0.9992	0.8885	0.1107	0.2355	0.2244	0.0111	0.7637	0.6642	0.0996	0.4865	0.2897	0.1968	0.1283	0.1205	0.0078	0.3582	0.1692	0.1890	2.8784	1.9312	0.0570	0.0036	0.0035	0.6250	1235.1875	3911.6224	0.0017	0.3371	0.5650	0.0016	1.2755	1.3577	0.0014	0.0010	0.0004	0.0016
31	48	0.3826	10	0	2	0	0	0	0	0	0	N	Y	N	N	N	N	N	N	N	N	N	N	6.1613	4.0683	13.3861	3.8046	3.5548	756.6252	26.8065	inf	0.2497	0.0004	0.0004	0.0001	0.0010	0.0010	0.0007	0.0001	0.0001	0.0000	0.0001	0.0001	0.0000	0.0003	0.0003	0.0000	0.0000	0.0000	0.0000	0.0269	0.0491	-0.0001	-0.0000	9.9927	12.3962	7.0404	3.7178	0.0002	0.0002	0.0000	0.0002	0.0002	0.0000	0.0000	0.0000	0.0000	0.0000	0.0000	0.0000	0.0000	0.0000	0.0000	0.0000	0.0000	0.0000	0.5518	0.4915	0.0603	0.1796	0.1710	0.0086	0.3722	0.3205	0.0517	0.1588	0.0914	0.0674	0.0370	0.0340	0.0030	0.1218	0.0574	0.0644	6.1613	4.0683	13.3861	3.8046	3.5548	756.6252	26.8065	inf	0.2497	0.0001	0.0001	0.0000	0.0003	0.0003	0.0000	0.0000	0.0000	0.0000
31	49	0.3537	9	0	1	0	0	0	0	0	0	N	N	N	N	N	N	N	N	N	N	N	N	24.0690	18.3756	3.1812	15.9501	15.0826	103.5220	23.8212	9.5360	0.0002	0.0117	0.0129	0.0008	0.0152	0.0157	0.0045	0.0096	0.0111	0.0000	0.0005	0.0007	0.0002	0.0010	0.0010	0.0000	0.0004	0.0012	0.0003	0.0071	0.4304	-0.0024	-0.0000	9.9927	14.4870	7.0404	5.8627	0.0085	0.0085	0.0001	0.0041	0.0040	0.0001	0.0044	0.0044	0.0000	0.0001	0.0001	0.0000	0.0001	0.0001	0.0000	0.0000	0.0000	0.0000	0.7316	0.6555	0.0761	0.2690	0.2558	0.0132	0.4626	0.3997	0.0629	0.2189	0.1236	0.0953	0.0566	0.0515	0.0052	0.1622	0.0721	0.0901	32.5733	29.1549	3.1812	15.9501	15.0826	103.5220	63.8631	759.9632	0.0002	0.0004	0.0004	0.0002	0.0010	0.0010	0.0000	0.0002	0.0000	0.0003
31	50	0.3499	10	1	2	1	0	0	0	0	0	N	Y	N	N	N	N	N	N	N	N	N	N	inf	inf	inf	inf	0.0002	0.0002	0.0000	0.0006	0.0006	0.0000	0.0000	0.0000	0.0000	0.0000	0.0000	0.0000	0.0000	0.0000	0.0000	0.0000	0.0000	0.0000	0.0000	-0.0000	0.0000	9.9927	0.9856	7.0404	2.8295	0.0000	0.0000	0.0000	0.0000	0.0000	0.0000	0.0000	0.0000	0.0000	0.0000	0.0000	0.0000	0.0000	0.0000	0.0000	0.0000	0.0000	0.0000	0.0396	0.0352	0.0045	0.0111	0.0105	0.0006	0.0286	0.0247	0.0039	0.0320	0.0160	0.0161	0.0022	0.0020	0.0002	0.0298	0.0140	0.0158	inf	inf	0.0000	inf	inf	0.0000	0.0000	0.0000	0.0000	0.0000	0.0000	0.0000	0.0000	0.0000	0.0000	0.0000	0.0000	0.0000						
31	51	0.4392	8	1	2	0	0	0	0	0	0	N	Y	N	N	N	N	N	N	N	N	N	N	24.2083	8.1242	0.0011	0.3446	0.3032	0.0021	361.1453	90049.0971	0.0011	1.5194	1.6985	0.0000	0.0203	0.0211	0.0000	2.0824	2.3965	0.0000	0.0628	0.2091	0.0025	0.0589	0.0696	0.0001	0.0058	0.0000	0.0027	0.0000	0.1185	-0.2877	-0.0012	9.9927	13.3057	7.0404	8.6321	1.0021	1.0021	0.0000	0.0037	0.0037	0.0000	0.9984	0.9984	0.0000	0.0023	0.0021	0.0002	0.0021	0.0021	0.0000	0.0002	0.0000	0.0002	0.6595	0.5900	0.0695	0.1801	0.1734	0.0067	0.4795	0.4166	0.0628	0.2518	0.1522	0.0996	0.0803	0.0717	0.0086	0.1715	0.0805	0.0910	163.0194	123.2043	0.0011	0.7767	0.7209	0.0021	1442.1511	33255346.8937	0.0011	0.0093	0.0138	0.0025	0.0261	0.0293	0.0001	0.0014	0.0000	0.0027
31	52	0.4846	12	0	2	0	1	0	0	0	0	N	Y	N	N	N	N	N	N	N	N	N	N	0.0057	0.0046	0.0000	0.0062	0.0064	55.8176	inf	0.0000	0.0051	0.0058	0.0000	0.0131	0.0139	0.0000	0.0007	0.0008	0.0000	0.9084	1.2576	0.0000	2.1044	2.1708	0.0000	0.0000	0.0000	0.0000	0.0000	0.0000	-0.0001	-0.0023	9.9927	2.1073	7.0404	0.0711	0.0005	0.0005	0.0000	0.0004	0.0004	0.0000	0.0000	0.0000	0.0000	0.0037	0.0037	0.0000	0.0037	0.0037	0.0000	0.0000	0.0000	0.0000	0.0914	0.0816	0.0098	0.0328	0.0310	0.0018	0.0586	0.0506	0.0080	0.0182	0.0108	0.0075	0.0052	0.0046	0.0006	0.0130	0.0062	0.0068	0.0256	0.0169	0.0000	0.0185	0.0173	0.0000	77.0186	inf	0.0000	0.2009	0.3399	0.0000	0.7066	0.8026	0.0000	0.0000	0.0000	0.0000	
31	53	0.4223	11	0	1	0	1	0	0	0	0	N	N	N	N	N	N	N	N	N	N	N	N	4.5675	4019.5898	1.0844	53.1415	7.7261	21068.5683	5.1169	11733.4767	0.0164	1.2311	1.3638	0.1388	0.0505	0.0084	0.6922	1.8649	2.1520	0.0020	0.2695	0.0003	0.1280	0.0009	0.0011	0.0000	0.3645	0.0002	0.1196	0.0124	121.6518	-0.2787	0.0013	9.9927	21.8329	7.0404	8.0592	1.0138	1.0015	0.0124	0.0145	0.0023	0.0122	0.9993	0.9992	0.0001	0.0037	0.0000	0.0037	0.0000	0.0000	0.0000	0.0037	0.0000	0.0037	0.8235	0.7343	0.0892	0.2877	0.2700	0.0177	0.5359	0.4643	0.0716	0.1961	0.1071	0.0890	0.0318	0.0277	0.0041	0.1643	0.0794	0.0849	65.3926	4850.9042	3.3752	53.1415	7.7261	21068.5683	83.6805	3598685.0422	0.0454	0.0188	0.0003	0.0411	0.0009	0.0011	0.0000	0.0223	0.0000	0.0431
31	54	0.5516	10	0	2	0	1	0	0	0	0	N	Y	N	N	N	N	N	N	N	N	N	N	0.0000	0.0000	0.0000	0.0000	0.0000	0.0000	0.0000	0.0000	0.0000	0.0000	0.0000	0.0000	0.0000	0.0000	0.0000	0.0000	0.0000	0.0000	0.0000	0.0000	9.9927	0.0000	7.0404	0.0000	0.0000	0.0000	0.0000	0.0000	0.0000	0.0000	0.0000	0.0000	0.0000	0.0000	0.0000	0.0000	0.0000	0.0000	0.0000	0.0000	0.0000	0.0000	0.0000	0.0000	0.0000	0.0000	0.0000	0.0000	0.0000	0.0000	0.0000	0.0000	0.0000	0.0000	0.0000	0.0000	0.0000	0.0000	0.0000	0.0000	0.0000	0.0000	0.0000	0.0000	0.0000	0.0000	0.0000	0.0000	0.0000	0.0000	0.0000	0.0000	0.0000	0.0000	0.0000	0.0000	0.0000	0.0000											
31	55	0.4223	11	0	1	0	1	0	0	0	0	N	N	N	N	N	N	N	N	N	N	N	N	0.0505	0.0142	16.7336	0.0468	0.0394	6.5056	0.0561	inf	0.3183	0.0008	0.0008	0.0007	0.0018	0.0018	0.0025	0.0000	0.0000	0.0000	0.0157	0.0571	0.0000	0.0390	0.0451	0.0004	0.0000	0.0000	0.0000	0.0925	0.0035	-0.0000	-0.0000	9.9927	1.2825	7.0404	0.1503	0.0001	0.0001	0.0000	0.0001	0.0001	0.0000	0.0000	0.0000	0.0000	0.0001	0.0001	0.0000	0.0001	0.0001	0.0000	0.0000	0.0000	0.0000	0.0693	0.0623	0.0070	0.0302	0.0284	0.0019	0.0391	0.0340	0.0052	0.0128	0.0076	0.0052	0.0031	0.0029	0.0002	0.0097	0.0047	0.0050	0.1704	0.1033	16.7336	0.0963	0.0873	6.5056	0.0987	inf	0.3183	0.0047	0.0078	0.0000	0.0189	0.0204	0.0004	0.0000	0.0000	0.0000
31	56	0.3813	10	0	1	0	1	0	0	0	0	N	N	N	N	N	N	N	N	N	N	N	N	28.2573	10.0981	363.9881	55.6037	20.9478	25499.7957	0.1916	4.0323	1.0778	0.0463	0.0208	0.2630	0.1173	0.0498	1.2984	0.0002	0.0001	0.0008	0.0016	0.0021	0.0007	0.0021	0.0024	0.0001	0.0012	0.0000	0.0008	1.4852	0.5465	0.0102	-0.0000	9.9927	14.8542	7.0404	6.8183	0.0330	0.0133	0.0197	0.0329	0.0132	0.0197	0.0001	0.0001	0.0001	0.0002	0.0001	0.0001	0.0001	0.0001	0.0000	0.0001	0.0000	0.0001	0.7126	0.6376	0.0750	0.2805	0.2654	0.0151	0.4321	0.3723	0.0598	0.2033	0.1203	0.0830	0.0522	0.0461	0.0061	0.1511	0.0742	0.0769	55.4802	22.8342	363.9881	55.6037	20.9478	25499.7957	0.5897	1476.8359	1.0778	0.0008	0.0009	0.0007	0.0021	0.0024	0.0001	0.0004	0.0000	0.0008
31	57	0.3063	9	0	1	0	1	0	0	0	0	N	N	N	N	N	N	N	N	N	N	N	N	6.0086	3.8067	33.9293	7.1650	5.8081	44.0150	1.1130	0.5553	2.6979	0.0173	0.0157	0.0309	0.0445	0.0384	0.1446	0.0016	0.0015	0.0022	0.0029	0.0041	0.0009	0.0062	0.0066	0.0033	0.0014	0.0026	0.0008	0.2277	0.4792	-0.0027	-0.0001	9.9927	33.5853	7.0404	9.3450	0.0264	0.0215	0.0049	0.0249	0.0203	0.0046	0.0015	0.0012	0.0003	0.0004	0.0003	0.0001	0.0003	0.0003	0.0000	0.0001	0.0000	0.0001	1.5269	1.3681	0.1588	0.5602	0.5282	0.0320	0.9666	0.8399	0.1268	0.3545	0.1951	0.1594	0.0637	0.0569	0.0068	0.2907	0.1382	0.1526	13.7078	10.1461	33.9293	9.0011	7.4746	44.0150	3.4187	20.3242	2.6979	0.0013	0.0016	0.0009	0.0049	0.0051	0.0033	0.0005	0.0001	0.0008
31	58	0.2856	8	0	1	0	0	0	0	0	0	N	N	N	N	N	N	N	N	N	N	N	N	0.5636	0.1965	4.0506	0.5951	0.5180	26.9885	0.1892	0.0454	2.3265	0.0096	0.0098	0.0078	0.0244	0.0244	0.0235	0.0010	0.0004	0.0046	0.0171	0.0500	0.0019	0.0409	0.0471	0.0009	0.0050	0.0084	0.0020	0.0918	0.2287	-0.0016	-0.0004	9.9927	15.2419	7.0404	2.5705	0.0079	0.0072	0.0007	0.0074	0.0070	0.0003	0.0005	0.0002	0.0003	0.0008	0.0007	0.0002	0.0007	0.0007	0.0000	0.0002	0.0000	0.0002	0.8172	0.7330	0.0842	0.3025	0.2880	0.0145	0.5147	0.4450	0.0697	0.1738	0.0924	0.0815	0.0340	0.0315	0.0026	0.1398	0.0609	0.0789	1.9710	1.3143	4.0506	1.2317	1.1450	26.9885	0.7566	1.1589	2.3265	0.0049	0.0075	0.0019	0.0198	0.0213	0.0009	0.0013	0.0003	0.0020
31	59	0.5516	10	0	1	0	1	0	0	0	0	N	N	N	N	N	N	N	N	N	N	N	N	0.0000	0.0000	0.0000	0.0000	0.0000	0.0000	0.0000	0.0000	0.0000	0.0000	0.0000	0.0000	0.0000	0.0000	0.0000	0.0000	0.0000	0.0000	0.0000	0.0000	9.9927	0.0000	7.0404	0.0000	0.0000	0.0000	0.0000	0.0000	0.0000	0.0000	0.0000	0.0000	0.0000	0.0000	0.0000	0.0000	0.0000	0.0000	0.0000	0.0000	0.0000	0.0000	0.0000	0.0000	0.0000	0.0000	0.0000	0.0000	0.0000	0.0000	0.0000	0.0000	0.0000	0.0000	0.0000	0.0000	0.0000	0.0000	0.0000	0.0000	0.0000	0.0000	0.0000	0.0000	0.0000	0.0000	0.0000	0.0000	0.0000	0.0000	0.0000	0.0000	0.0000	0.0000	0.0000	0.0000	0.0000	0.0000											
31	60	0.4742	9	0	1	0	1	0	0	0	0	N	N	N	N	N	N	N	N	N	N	N	N	0.5046	0.7578	0.0008	3.1910	2.6112	0.0102	0.0002	0.0002	0.0010	0.0035	0.0039	0.0000	0.0098	0.0103	0.0000	0.0000	0.0000	0.0000	0.0070	0.0052	0.0044	0.0031	0.0040	0.0000	0.0108	0.0085	0.0043	0.0001	1.3640	-0.0007	-0.0000	9.9927	19.3360	7.0404	7.9957	0.0024	0.0024	0.0000	0.0024	0.0024	0.0000	0.0000	0.0000	0.0000	0.0005	0.0002	0.0003	0.0002	0.0002	0.0000	0.0003	0.0000	0.0003	0.6961	0.6245	0.0716	0.2487	0.2369	0.0118	0.4474	0.3876	0.0598	0.1912	0.1151	0.0760	0.0596	0.0512	0.0084	0.1315	0.0639	0.0676	1.3871	2.2013	0.0010	3.1910	2.8828	0.0102	0.0008	0.0044	0.0011	0.0025	0.0018	0.0037	0.0031	0.0036	0.0000	0.0023	0.0003	0.0041
31	61	0.0520	3	0	2	1	0	0	0	0	0	N	Y	N	N	N	N	N	N	N	N	N	N	0.0051	0.0078	0.0020	0.0458	0.1816	0.0001	0.0053	0.0079	0.0019	0.0502	0.0517	0.0411	0.0033	0.0033	0.0022	0.0533	0.0553	0.0415	9.7910	6.6390	20.6131	0.0712	0.0181	15.4435	10.0358	6.9813	21.8197	0.1236	1.9863	-0.0053	0.1090	9.9927	14.2360	7.0404	11.9336	0.0298	0.0265	0.0033	0.0001	0.0001	0.0000	0.0297	0.0264	0.0033	2.9634	0.9923	1.9711	0.0002	0.0001	0.0001	2.9632	0.9923	1.9709	0.5937	0.5139	0.0799	0.0368	0.0359	0.0009	0.5569	0.4780	0.0790	0.3027	0.1495	0.1532	0.0074	0.0073	0.0001	0.2953	0.1421	0.1531	0.0051	0.0078	0.0032	0.1101	0.3037	0.0010	0.0053	0.0079	0.0032	9.7910	6.6390	12.8664	0.0297	0.0108	2.1347	10.0358	6.9813	12.8710
31	62	0.2727	9	1	1	1	0	0	0	0	0	N	N	N	N	N	N	N	N	N	N	N	N	2.6645	0.0708	8257.5569	0.0645	0.0641	11.7130	2010.0367	0.9203	9506.4329	0.0162	0.0012	0.1213	0.0051	0.0054	0.0005	0.0193	0.0000	0.1369	0.0061	0.0176	0.0000	0.0789	0.0845	0.0000	0.0000	0.0000	0.0000	13.8961	0.0033	0.0117	-0.0005	9.9927	28.8660	7.0404	13.2209	0.0181	0.0012	0.0169	0.0012	0.0012	0.0000	0.0169	0.0000	0.0168	0.0008	0.0008	0.0000	0.0008	0.0008	0.0000	0.0000	0.0000	0.0000	1.1128	0.9739	0.1389	0.2381	0.2222	0.0159	0.8747	0.7517	0.1230	0.3691	0.1871	0.1820	0.0264	0.0247	0.0017	0.3427	0.1624	0.1803	7.3026	0.2848	8257.5569	0.1642	0.1635	11.7130	2536.1232	337.7544	9506.4329	0.0022	0.0044	0.0000	0.0310	0.0331	0.0000	0.0000	0.0000	0.0000
31	63	0.2700	8	1	2	0	0	0	0	0	0	N	Y	N	N	N	N	N	N	N	N	N	N	28.4147	12.7958	0.0000	39.9045	35.8315	0.0000	0.0000	0.0000	0.0000	0.0302	0.0342	0.0000	0.1257	0.1339	0.0000	0.0000	0.0000	0.0000	0.0011	0.0027	0.0001	0.0032	0.0037	0.0000	0.0002	0.0022	0.0001	0.0000	0.0533	-0.0017	-0.0000	9.9927	5.0237	7.0404	8.0282	0.0060	0.0060	0.0000	0.0060	0.0060	0.0000	0.0000	0.0000	0.0000	0.0001	0.0001	0.0000	0.0001	0.0001	0.0000	0.0000	0.0000	0.0000	0.1973	0.1741	0.0232	0.0473	0.0444	0.0029	0.1500	0.1297	0.0203	0.1295	0.0676	0.0619	0.0231	0.0211	0.0020	0.1064	0.0465	0.0599	49.2341	30.6860	0.0000	39.9549	38.8608	0.0000	0.0000	0.0000	0.0000	0.0006	0.0011	0.0001	0.0031	0.0034	0.0000	0.0001	0.0001	0.0001
31	64	0.2070	7	1	2	0	0	0	0	0	0	N	Y	N	N	N	N	N	N	N	N	N	N	0.5589	0.1445	0.2420	0.0003	0.0003	0.0000	0.3259	0.0205	0.2788	0.0082	0.0093	0.0001	0.0000	0.0000	0.0000	0.0108	0.0125	0.0001	0.0147	0.0644	0.0005	0.0010	0.0012	0.0000	0.0332	0.6078	0.0005	0.0017	0.0539	-0.0017	-0.0008	9.9927	17.5893	7.0404	19.0270	0.0060	0.0059	0.0000	0.0000	0.0000	0.0000	0.0060	0.0059	0.0000	0.0015	0.0014	0.0001	0.0000	0.0000	0.0000	0.0014	0.0013	0.0001	0.7251	0.6387	0.0864	0.1752	0.1618	0.0134	0.5499	0.4769	0.0730	0.3243	0.1677	0.1566	0.0396	0.0354	0.0042	0.2848	0.1323	0.1524	1.8209	1.1248	0.2420	0.0003	0.0003	0.0000	2.1689	1.2247	0.2788	0.0045	0.0083	0.0005	0.0010	0.0012	0.0000	0.0050	0.0102	0.0005
31	65	0.2007	6	0	2	0	0	0	0	0	0	N	Y	N	N	N	N	N	N	N	N	N	N	0.2997	1.0405	0.0001	2.7334	2.8214	0.0000	0.0000	0.0000	0.0001	0.0007	0.0008	0.0000	0.0028	0.0029	0.0000	0.0000	0.0000	0.0000	0.0024	0.0008	0.0023	0.0010	0.0010	0.0003	0.0044	0.0022	0.0023	0.0000	2.5968	-0.0000	0.0000	9.9927	1.7566	7.0404	2.8742	0.0001	0.0001	0.0000	0.0001	0.0001	0.0000	0.0000	0.0000	0.0000	0.0001	0.0000	0.0001	0.0000	0.0000	0.0000	0.0001	0.0000	0.0001	0.0834	0.0741	0.0093	0.0214	0.0204	0.0010	0.0620	0.0537	0.0083	0.0747	0.0487	0.0260	0.0208	0.0202	0.0005	0.0540	0.0285	0.0255	0.6601	1.7429	0.0001	2.7334	2.8214	0.0000	0.0000	0.0000	0.0001	0.0011	0.0005	0.0023	0.0010	0.0010	0.0003	0.0011	0.0001	0.0023
31	66	0.0520	3	0	2	0	0	0	0	0	0	N	Y	N	N	N	N	N	N	N	N	N	N	0.0570	0.0412	5006.8196	0.0027	0.0029	0.8971	12614.5963	114.9170	5638.5566	0.0347	0.0364	0.0239	0.0094	0.0097	0.0011	0.0361	0.0381	0.0241	0.6094	0.8825	0.0000	3.4489	3.3391	0.0012	0.0000	0.0003	0.0000	0.1002	0.0000	-0.0058	-0.0124	9.9927	21.1811	7.0404	10.1862	0.0296	0.0269	0.0027	0.0004	0.0004	0.0000	0.0291	0.0264	0.0027	0.0197	0.0197	0.0000	0.0197	0.0197	0.0000	0.0000	0.0000	0.0000	0.8514	0.7385	0.1129	0.0455	0.0442	0.0013	0.8059	0.6943	0.1115	0.3564	0.1759	0.1805	0.0079	0.0078	0.0001	0.3485	0.1681	0.1804	0.6280	0.3248	5006.8196	0.0038	0.0038	0.8971	12614.5963	28257.1713	5638.5566	0.0553	0.1120	0.0000	2.4904	2.5140	0.0012	0.0000	0.0000	0.0000
31	67	0.0382	2	0	2	0	0	0	0	0	0	N	Y	N	N	N	N	N	N	N	N	N	N	3.3480	4.8470	0.2273	2.9662	2.8725	2.2283	3.0980	2.9955	0.2403	3.0226	3.4174	0.5088	0.1786	0.1792	0.1097	3.1975	3.6480	0.5103	0.9028	0.7051	2.2384	0.0602	0.0624	0.0492	1.0321	1.2178	2.1237	0.0234	4.9834	-0.2641	0.0040	9.9927	7.4253	7.0404	0.9851	0.9995	0.9766	0.0228	0.0034	0.0034	0.0000	0.9960	0.9732	0.0228	0.0197	0.0033	0.0164	0.0000	0.0000	0.0000	0.0196	0.0033	0.0164	0.3307	0.2858	0.0449	0.0192	0.0190	0.0002	0.3115	0.2668	0.0447	0.1002	0.0494	0.0509	0.0009	0.0009	0.0000	0.0993	0.0484	0.0508	15.4000	51.3181	1.5793	6.6190	6.6696	2.8825	16.1595	54.1593	1.5837	0.1963	0.0666	0.3221	0.0270	0.0269	0.0380	0.1979	0.0674	0.3222
31	68	0.3537	9	0	1	1	0	0	0	0	0	N	N	N	N	N	N	N	N	N	N	N	N	2248.7089	1025.0859	1.3586	189.6705	181.5838	1.2287	695175.8142	inf	0.0000	1.2701	1.4177	0.0000	0.2953	0.3106	0.0001	1.8314	2.1190	0.0000	0.0006	0.0014	0.0000	0.0016	0.0017	0.0000	0.0000	0.0000	0.0000	0.0000	0.0075	-0.2741	-0.0001	9.9927	15.0354	7.0404	6.2061	0.9545	0.9545	0.0000	0.0811	0.0811	0.0000	0.8734	0.8734	0.0000	0.0001	0.0001	0.0000	0.0001	0.0001	0.0000	0.0000	0.0000	0.0000	0.7515	0.6732	0.0783	0.2746	0.2611	0.0135	0.4769	0.4122	0.0647	0.2253	0.1270	0.0983	0.0575	0.0522	0.0053	0.1678	0.0747	0.0930	3179.0913	2014.7412	1.3586	189.6705	181.5838	1.2287	695175.8142	inf	0.0000	0.0004	0.0007	0.0000	0.0016	0.0017	0.0000	0.0000	0.0000	0.0000
31	69	0.2856	8	0	1	0	0	0	0	0	0	N	N	N	N	N	N	N	N	N	N	N	N	1335.4894	1679.1634	17.2308	2.4840	0.9361	82.0595	1458.0339	496.4446	6.5161	0.7990	0.8930	0.0078	0.0028	0.0011	0.0337	1.1777	1.3566	0.0030	0.0006	0.0005	0.0005	0.0011	0.0012	0.0004	0.0008	0.0027	0.0005	0.0010	1.0490	-0.2853	-0.0000	9.9927	27.6811	7.0404	13.1592	0.9972	0.9962	0.0010	0.0011	0.0004	0.0007	0.9961	0.9957	0.0003	0.0001	0.0001	0.0001	0.0001	0.0001	0.0000	0.0001	0.0000	0.0001	1.2481	1.1155	0.1326	0.4023	0.3815	0.0209	0.8458	0.7340	0.1118	0.3406	0.1796	0.1610	0.0541	0.0488	0.0053	0.2865	0.1308	0.1557	1913.4027	2310.8142	17.2308	2.4840	0.9361	82.0595	4184.7498	17743.1142	6.5161	0.0004	0.0004	0.0005	0.0011	0.0012	0.0004	0.0003	0.0001	0.0005
31	70	0.2508	7	0	1	0	0	0	0	0	0	N	N	N	N	N	N	N	N	N	N	N	N	0.2315	0.0146	37.4835	0.0365	0.0221	58.2199	1.8860	0.0516	40.4279	0.0137	0.0033	0.0999	0.0049	0.0032	0.0369	0.0178	0.0034	0.1104	0.0593	0.2283	0.0027	0.1336	0.1462	0.0006	0.0094	0.0655	0.0027	3.6218	0.1494	0.0064	-0.0011	9.9927	19.6565	7.0404	4.0504	0.0128	0.0028	0.0100	0.0014	0.0009	0.0005	0.0114	0.0019	0.0095	0.0021	0.0019	0.0003	0.0017	0.0017	0.0000	0.0004	0.0001	0.0003	0.9322	0.8318	0.1004	0.2944	0.2800	0.0144	0.6378	0.5518	0.0860	0.2308	0.1270	0.1038	0.0411	0.0378	0.0033	0.1897	0.0892	0.1005	1.4891	0.2284	37.4835	0.1163	0.0709	58.2199	8.3637	2.3282	40.4279	0.0092	0.0146	0.0027	0.0419	0.0455	0.0006	0.0021	0.0015	0.0027
31	71	0.0413	3	1	2	0	0	0	0	0	0	N	Y	N	N	N	N	N	N	N	N	N	N	1.4546	3782.1835	0.0239	0.1987	0.2582	0.0082	1.3915	44197.5305	0.0250	1.3197	1.4983	0.0593	0.0073	0.0072	0.0111	1.4370	1.6478	0.0602	0.9073	0.0004	2.4791	0.0369	0.0280	1.3438	1.0327	0.0000	2.4082	0.0056	1321.6467	-0.2830	0.0195	9.9927	17.5448	7.0404	6.0013	1.0050	0.9994	0.0056	0.0005	0.0004	0.0000	1.0045	0.9989	0.0056	0.0527	0.0000	0.0526	0.0000	0.0000	0.0000	0.0526	0.0000	0.0526	0.7615	0.6670	0.0945	0.0625	0.0608	0.0017	0.6990	0.6062	0.0928	0.2641	0.1301	0.1340	0.0027	0.0027	0.0000	0.2614	0.1274	0.1340	6.6168	4894.6216	0.1511	0.4017	0.4905	0.0300	7.1374	17209439.0386	0.1533	0.1994	0.0003	0.3928	0.0183	0.0147	0.3696	0.2013	0.0000	0.3928
31	72	0.1097	6	1	2	1	0	0	0	0	0	N	Y	N	N	N	N	N	N	N	N	N	N	0.0214	0.0000	10644.7582	0.0012	0.0000	inf	3050.4964	10475.1980	0.0002	0.0000	0.0017	0.0000	0.0000	0.0013	0.0002	0.0000	0.0017	0.0101	0.0258	0.0000	0.0281	0.0308	0.0000	0.0000	0.0000	0.0000	inf	0.0000	0.0000	-0.0002	9.9927	1.8980	7.0404	2.9698	0.0000	0.0000	0.0000	0.0000	0.0000	0.0000	0.0000	0.0000	0.0000	0.0003	0.0003	0.0000	0.0003	0.0003	0.0000	0.0000	0.0000	0.0000	0.0840	0.0732	0.0108	0.0100	0.0097	0.0002	0.0740	0.0635	0.0106	0.0809	0.0493	0.0316	0.0176	0.0170	0.0007	0.0633	0.0323	0.0310	0.0652	0.0000	10644.7582	0.0022	0.0000	inf	3050.4964	0.0000	10475.1980	0.0033	0.0055	0.0000	0.0152	0.0158	0.0000	0.0000	0.0000	0.0000	
31	73	0.0902	5	1	1	1	0	0	0	0	0	N	N	N	N	N	N	N	N	N	N	N	N	0.0053	0.0000	6.7522	0.0001	0.0000	6.4847	0.0070	0.0000	7.9554	0.0266	0.0000	0.2894	0.0003	0.0000	0.0137	0.0402	0.0000	0.3105	5.0201	8.5417	0.0429	2.5058	2.4868	0.0021	5.7584	11.2067	0.0390	3430.1128	0.0017	0.0057	-0.3528	9.9927	3.5853	7.0404	4.3819	0.0080	0.0000	0.0080	0.0000	0.0000	0.0000	0.0079	0.0000	0.0079	0.5629	0.5620	0.0010	0.0199	0.0199	0.0000	0.5430	0.5421	0.0010	0.2992	0.2717	0.0275	0.1018	0.0998	0.0020	0.1975	0.1719	0.0256	0.1121	0.0658	0.0463	0.0178	0.0174	0.0004	0.0943	0.0484	0.0459	0.0053	0.0000	14.0873	0.0003	0.0000	6.4847	0.0070	0.0000	14.9938	5.0201	8.5417	0.0205	1.1158	1.1421	0.0021	5.7584	11.2067	0.0207
31	74	0.0587	4	1	1	1	0	0	0	0	0	N	N	N	N	N	N	N	N	N	N	N	N	0.0043	0.0033	0.0093	0.0080	0.0084	1.3296	0.0020	0.0000	0.0103	0.0035	0.0023	0.0129	0.0127	0.0130	0.0014	0.0017	0.0000	0.0133	0.8036	0.7007	1.3802	1.5950	1.5406	0.0011	0.8640	0.8197	1.2931	0.7043	2.3346	0.0003	0.0020	9.9927	12.3589	7.0404	7.3592	0.0020	0.0012	0.0008	0.0012	0.0012	0.0000	0.0008	0.0000	0.0008	0.0277	0.0083	0.0194	0.0057	0.0057	0.0000	0.0220	0.0026	0.0194	0.5887	0.5232	0.0655	0.0943	0.0919	0.0024	0.4944	0.4313	0.0631	0.2347	0.1265	0.1082	0.0147	0.0145	0.0002	0.2199	0.1119	0.1080	0.0293	0.0348	0.0717	0.0329	0.0331	1.3296	0.0169	0.0000	0.0740	0.1182	0.0658	0.1795	0.3869	0.3931	0.0011	0.1002	0.0233	0.1799
31	75	0.0413	3	1	1	1	0	0	0	0	0	N	N	N	N	N	N	N	N	N	N	N	N	0.0152	0.0102	1.1106	0.3869	0.4221	0.8725	0.0025	0.0001	1.3530	0.0082	0.0078	0.0108	0.0598	0.0607	0.0156	0.0015	0.0001	0.0107	0.5368	0.7668	0.0098	0.1545	0.1437	0.0179	0.6033	1.3039	0.0079	0.1907	0.0762	-0.0005	-0.0032	9.9927	10.2127	7.0404	1.0234	0.0040	0.0033	0.0006	0.0033	0.0033	0.0000	0.0007	0.0000	0.0006	0.0058	0.0054	0.0004	0.0001	0.0001	0.0000	0.0057	0.0053	0.0004	0.4859	0.4273	0.0586	0.0553	0.0542	0.0011	0.4306	0.3731	0.0575	0.1302	0.0641	0.0661	0.0015	0.0014	0.0000	0.1287	0.0626	0.0661	0.1842	0.0932	1.7539	1.3337	1.3461	0.8725	0.0347	0.0014	1.7399	0.0443	0.0837	0.0062	0.0448	0.0451	0.0179	0.0443	0.0846	0.0062
31	76	0.0382	2	1	1	0	0	0	0	0	0	N	N	N	N	N	N	N	N	N	N	N	N	10.1585	5.9711	64.9794	3.3858	3.3775	56.6371	2.4442	0.0074	64.9935	0.0425	0.0360	0.0828	0.3247	0.3260	0.0781	0.0130	0.0004	0.0828	0.0042	0.0060	0.0013	0.0959	0.0965	0.0014	0.0053	0.0579	0.0013	0.3707	0.6477	-0.0001	-0.0000	9.9927	3.7027	7.0404	0.0091	0.0077	0.0056	0.0021	0.0056	0.0056	0.0000	0.0021	0.0001	0.0021	0.0001	0.0000	0.0000	0.0000	0.0000	0.0000	0.0001	0.0000	0.0000	0.1816	0.1564	0.0252	0.0172	0.0171	0.0001	0.1644	0.1393	0.0251	0.0448	0.0220	0.0227	0.0004	0.0004	0.0000	0.0444	0.0216	0.0227	25.8410	17.7589	64.9794	9.2891	9.2380	56.6371	9.8268	0.3121	64.9935	0.0016	0.0020	0.0013	0.0350	0.0353	0.0014	0.0013	0.0014	0.0013
31	79	0.2007	6	0	2	0	0	0	0	0	0	N	Y	N	N	N	N	N	N	N	N	N	N	10339.9132	7397.1172	0.0000	0.4370	0.4991	0.0000	2771379.8919	inf	0.0000	1.0966	1.2434	0.0000	0.0004	0.0004	0.0000	1.3808	1.5920	0.0000	0.0001	0.0002	0.0000	0.0009	0.0008	0.0014	0.0000	0.0000	0.0000	0.0000	0.1840	-0.2871	-0.0000	9.9927	23.9173	7.0404	17.8091	0.9997	0.9997	0.0000	0.0001	0.0001	0.0000	0.9997	0.9997	0.0000	0.0000	0.0000	0.0000	0.0000	0.0000	0.0000	0.0000	0.0000	0.0000	0.9116	0.8040	0.1076	0.1877	0.1761	0.0116	0.7240	0.6279	0.0960	0.3695	0.1993	0.1702	0.0457	0.0416	0.0042	0.3237	0.1577	0.1660	10339.9132	7487.8799	0.0000	0.4370	0.4991	0.0000	2771379.8919	inf	0.0000	0.0001	0.0002	0.0000	0.0009	0.0008	0.0014	0.0000	0.0000	0.0000
31	80	0.1846	5	0	2	0	0	0	0	0	0	N	Y	N	N	N	N	N	N	N	N	N	N	0.5122	1.0695	0.0000	0.0003	0.0004	0.0000	0.4386	1.0475	0.0000	0.0002	0.0003	0.0000	0.0000	0.0000	0.0000	0.0003	0.0004	0.0000	0.0005	0.0003	0.0006	0.0009	0.0008	0.0024	0.0007	0.0003	0.0005	0.0000	1.6209	-0.0000	-0.0000	9.9927	6.1279	7.0404	3.6878	0.0001	0.0001	0.0000	0.0000	0.0000	0.0000	0.0001	0.0001	0.0000	0.0000	0.0000	0.0000	0.0000	0.0000	0.0000	0.0000	0.0000	0.0000	0.2402	0.2112	0.0290	0.0451	0.0424	0.0027	0.1950	0.1688	0.0263	0.1111	0.0662	0.0449	0.0196	0.0186	0.0010	0.0916	0.0476	0.0439	0.6902	1.2258	0.0000	0.0003	0.0004	0.0000	1.2469	250.8499	0.0000	0.0004	0.0002	0.0006	0.0009	0.0008	0.0024	0.0002	0.0000	0.0005
31	81	0.2727	9	1	1	1	0	0	0	0	0	N	N	N	N	N	N	N	N	N	N	N	N	2.2109	0.9192	0.0008	0.9009	0.8433	0.0008	0.1761	2.4602	0.0005	0.0064	0.0073	0.0000	0.0297	0.0318	0.0000	0.0000	0.0000	0.0000	0.0029	0.0080	0.0001	0.0330	0.0378	0.0003	0.0001	0.0000	0.0001	0.0000	0.0241	-0.0020	-0.0003	9.9927	27.2690	7.0404	12.3406	0.0069	0.0069	0.0000	0.0069	0.0069	0.0000	0.0000	0.0000	0.0000	0.0004	0.0004	0.0000	0.0004	0.0004	0.0000	0.0000	0.0000	0.0000	1.0684	0.9348	0.1336	0.2308	0.2154	0.0154	0.8376	0.7194	0.1182	0.3531	0.1791	0.1740	0.0257	0.0241	0.0016	0.3275	0.1551	0.1724	5.0718	3.0115	0.0008	1.7435	1.7521	0.0008	0.4199	1954.9791	0.0005	0.0013	0.0024	0.0001	0.0170	0.0182	0.0003	0.0000	0.0000	0.0001
31	82	0.2574	8	0	1	0	0	0	0	0	0	N	N	N	N	N	N	N	N	N	N	N	N	35.0197	398.3241	2.2746	0.5529	0.5181	0.6506	31.1528	55.6347	2.9815	2.2484	2.5149	0.0768	0.0053	0.0055	0.0014	3.3591	3.8626	0.0937	0.0642	0.0063	0.0338	0.0095	0.0106	0.0021	0.1078	0.0694	0.0314	0.0037	8.0893	-0.2842	0.0002	9.9927	9.0798	7.0404	0.9519	1.0029	0.9992	0.0037	0.0008	0.0008	0.0000	1.0021	0.9984	0.0037	0.0008	0.0001	0.0007	0.0000	0.0000	0.0000	0.0008	0.0001	0.0007	0.4461	0.3973	0.0488	0.1477	0.1388	0.0089	0.2983	0.2585	0.0399	0.0896	0.0441	0.0455	0.0050	0.0046	0.0004	0.0846	0.0395	0.0451	239.4744	1198.4026	4.6673	0.7794	0.7720	0.6506	351.9455	2550.4938	5.6493	0.0094	0.0021	0.0165	0.0067	0.0071	0.0021	0.0095	0.0015	0.0166
31	83	0.1846	5	0	2	0	0	0	0	0	0	N	Y	N	N	N	N	N	N	N	N	N	N	67.5217	31.8095	0.0000	0.7043	0.6817	574217.1941	inf	0.0000	0.0114	0.0129	0.0000	0.0010	0.0011	0.0000	0.0137	0.0159	0.0000	0.0002	0.0004	0.0000	0.0014	0.0016	0.0000	0.0000	0.0000	0.0000	0.0000	0.0001	-0.0026	-0.0000	9.9927	21.0000	7.0404	14.4214	0.0090	0.0090	0.0000	0.0001	0.0001	0.0000	0.0089	0.0089	0.0000	0.0001	0.0001	0.0000	0.0001	0.0001	0.0000	0.0000	0.0000	0.0000	0.7932	0.6985	0.0948	0.1473	0.1385	0.0089	0.6459	0.5600	0.0859	0.3215	0.1735	0.1480	0.0375	0.0341	0.0034	0.2840	0.1394	0.1446	67.5217	41.3935	0.0000	0.7043	0.6817	0.0000	574217.1941	inf	0.0000	0.0002	0.0003	0.0000	0.0014	0.0016	0.0000	0.0000	0.0000	0.0000	
31	84	0.2423	9	0	1	1	0	0	0	0	0	N	N	N	N	N	N	N	N	N	N	N	N	9.1071	5.1475	0.0000	7.2767	8.1561	0.0000	0.0000	0.0000	0.0048	0.0054	0.0000	0.0195	0.0206	0.0000	0.0000	0.0000	0.0000	0.0005	0.0010	0.0002	0.0027	0.0025	0.0034	0.0000	0.0000	0.0000	0.0000	0.2706	-0.0011	-0.0000	9.9927	20.4085	7.0404	11.0867	0.0039	0.0039	0.0000	0.0039	0.0039	0.0000	0.0000	0.0000	0.0000	0.0001	0.0001	0.0000	0.0001	0.0001	0.0000	0.0000	0.0000	0.0000	0.8158	0.7222	0.0937	0.2003	0.1889	0.0114	0.6155	0.5332	0.0822	0.2668	0.1372	0.1295	0.0377	0.0315	0.0062	0.2291	0.1057	0.1234	12.5758	9.2859	0.0000	7.2767	8.1561	0.0000	0.0000	0.0000	0.0000	0.0004	0.0006	0.0002	0.0027	0.0025	0.0034	0.0000	0.0000	0.0000	
31	85	0.2386	8	0	1	1	0	0	0	0	0	N	N	N	N	N	N	N	N	N	N	N	N	0.0052	0.0910	0.0011	0.0045	0.0928	0.0000	0.0145	0.0000	0.0802	0.0000	0.0000	0.0000	0.0000	0.0000	0.0000	0.0000	0.0000	0.0000	0.0007	0.0000	0.0010	0.0024	0.0001	0.0199	0.0000	0.0002	0.0000	0.0316	21.5745	-0.0000	0.0000	9.9927	3.1287	7.0404	1.1816	0.0000	0.0000	0.0000	0.0000	0.0000	0.0000	0.0000	0.0000	0.0000	0.0000	0.0000	0.0000	0.0000	0.0000	0.0000	0.0000	0.0000	0.0000	0.1684	0.1507	0.0176	0.0558	0.0534	0.0024	0.1126	0.0974	0.0152	0.0437	0.0241	0.0197	0.0081	0.0071	0.0009	0.0357	0.0170	0.0187	0.0081	0.1095	0.0011	0.0045	0.0928	0.0000	0.0198	0.0000	0.0802	0.0005	0.0000	0.0010	0.0024	0.0001	0.0199	0.0000	0.0000	0.0000
31	86	0.2316	7	0	1	0	0	0	0	0	0	N	N	N	N	N	N	N	N	N	N	N	N	0.0015	0.0011	0.0000	0.0049	0.0066	0.0000	0.0000	0.0000	0.0000	0.0000	0.0000	0.0000	0.0000	0.0000	0.0000	0.0000	0.0000	0.0000	0.0001	0.0001	0.0000	0.0001	0.0001	0.0002	0.0002	0.0039	0.0000	0.0000	0.1850	-0.0000	-0.0000	9.9927	4.0532	7.0404	2.2470	0.0000	0.0000	0.0000	0.0000	0.0000	0.0000	0.0000	0.0000	0.0000	0.0000	0.0000	0.0000	0.0000	0.0000	0.0000	0.0000	0.0000	0.0000	0.1827	0.1629	0.0198	0.0507	0.0482	0.0026	0.1320	0.1148	0.0173	0.0657	0.0360	0.0297	0.0119	0.0105	0.0014	0.0538	0.0254	0.0283	0.0015	0.0011	0.0000	0.0049	0.0066	0.0000	0.0000	0.0000	0.0000	0.0001	0.0001	0.0000	0.0001	0.0001	0.0002	0.0001	0.0001	0.0000
31	87	0.2085	6	0	1	0	0	0	0	0	0	N	N	N	N	N	N	N	N	N	N	N	N	0.0143	0.0034	0.0000	0.9663	1.0679	0.0000	0.0000	0.0000	0.0000	0.0006	0.0007	0.0000	0.0017	0.0017	0.0000	0.0000	0.0000	0.0000	0.0434	0.2055	0.0001	0.0017	0.0016	0.0031	0.1094	0.7744	0.0000	0.0000	0.0068	-0.0000	-0.0009	9.9927	4.7288	7.0404	9.8540	0.0001	0.0001	0.0000	0.0001	0.0001	0.0000	0.0000	0.0000	0.0000	0.0014	0.0014	0.0000	0.0001	0.0001	0.0000	0.0013	0.0013	0.0000	0.2411	0.2166	0.0245	0.0907	0.0864	0.0043	0.1504	0.1301	0.0202	0.1726	0.1011	0.0716	0.0345	0.0325	0.0020	0.1381	0.0686	0.0695	0.0774	0.0508	0.0000	0.9663	1.0679	0.0000	0.0000	0.0000	0.0000	0.0080	0.0136	0.0001	0.0017	0.0016	0.0031	0.0096	0.0193	0.0000
31	88	0.1846	5	0	1	0	0	0	0	0	0	N	N	N	N	N	N	N	N	N	N	N	N	0.4062	0.0001	4.0833	0.0003	0.0005	0.0000	0.3203	0.0000	5.4504	0.0004	0.0000	0.0037	0.0000	0.0000	0.0000	0.0005	0.0000	0.0041	0.0011	0.0007	0.0009	0.0012	0.0008	0.0078	0.0017	0.0076	0.0007	6381.4503	1.6226	0.0001	-0.0000	9.9927	8.6320	7.0404	7.0881	0.0001	0.0000	0.0001	0.0000	0.0000	0.0000	0.0001	0.0000	0.0001	0.0001	0.0000	0.0001	0.0000	0.0000	0.0000	0.0001	0.0000	0.0001	0.3361	0.2956	0.0405	0.0630	0.0592	0.0038	0.2732	0.2364	0.0367	0.1618	0.0920	0.0698	0.0239	0.0224	0.0016	0.1378	0.0696	0.0682	0.7062	0.0002	4.0833	0.0003	0.0005	0.0000	1.0455	0.0000	5.4504	0.0006	0.0004	0.0009	0.0012	0.0008	0.0078	0.0005	0.0003	0.0007
31	89	0.2524	7	0	2	0	0	0	0	0	0	N	Y	N	N	N	N	N	N	N	N	N	N	2678.4446	1486.8259	0.0062	2.5462	2.4710	0.0545	2807.0889	234.6168	0.0006	1.4896	1.6742	0.0000	0.0029	0.0031	0.0000	2.1168	2.4467	0.0000	0.0006	0.0011	0.0001	0.0012	0.0013	0.0001	0.0008	0.0104	0.0001	0.0000	0.1996	-0.2865	-0.0000	9.9927	15.4622	7.0404	5.2688	0.9979	0.9979	0.0000	0.0006	0.0006	0.0000	0.9973	0.9973	0.0000	0.0001	0.0001	0.0000	0.0000	0.0000	0.0000	0.0000	0.0000	0.0000	0.6699	0.5960	0.0739	0.1988	0.1884	0.0104	0.4712	0.4076	0.0635	0.1856	0.1004	0.0853	0.0273	0.0249	0.0024	0.1583	0.0755	0.0829	3762.7728	2743.2544	0.0062	2.5462	2.4710	0.0545	8005.2819	6175.8924	0.0006	0.0004	0.0006	0.0001	0.0012	0.0013	0.0001	0.0003	0.0004	0.0001
31	90	0.2406	6	0	1	0	0	0	0	0	0	N	N	N	N	N	N	N	N	N	N	N	N	0.0919	0.0276	0.0085	0.1530	0.1364	0.0743	0.0646	0.0136	0.0002	0.0068	0.0076	0.0000	0.0013	0.0014	0.0000	0.0095	0.0109	0.0000	0.0741	0.2757	0.0005	0.0085	0.0100	0.0004	0.1472	0.8040	0.0005	0.0001	0.0226	-0.0007	-0.0006	9.9927	7.5917	7.0404	1.5198	0.0025	0.0025	0.0000	0.0002	0.0002	0.0000	0.0024	0.0024	0.0000	0.0010	0.0010	0.0000	0.0001	0.0001	0.0000	0.0009	0.0008	0.0000	0.3738	0.3349	0.0389	0.1228	0.1166	0.0062	0.2510	0.2183	0.0327	0.1029	0.0599	0.0430	0.0230	0.0210	0.0020	0.0799	0.0388	0.0411	0.6914	0.4591	0.0085	0.2068	0.1999	0.0743	0.8741	0.5009	0.0002	0.0098	0.0166	0.0005	0.0063	0.0068	0.0004	0.0109	0.0218	0.0005
31	91	0.3499	10	1	1	1	0	0	0	0	0	N	N	N	N	N	N	N	N	N	N	N	N	inf	inf	inf	inf	inf	inf	0.0314	0.0354	0.0000	0.0006	0.0007	0.0000	0.0428	0.0495	0.0000	0.0000	0.0000	0.0000	0.0000	0.0000	0.0000	0.0000	0.0000	0.0000	0.0000	-0.0011	0.0000	9.9927	3.0317	7.0404	0.1644	0.0037	0.0037	0.0000	0.0000	0.0000	0.0000	0.0037	0.0037	0.0000	0.0000	0.0000	0.0000	0.0000	0.0000	0.0000	0.0000	0.0000	0.0000	0.1184	0.1049	0.0135	0.0321	0.0303	0.0018	0.0863	0.0746	0.0117	0.0269	0.0134	0.0135	0.0019	0.0017	0.0002	0.0250	0.0117	0.0133	inf	inf	0.0000	inf	inf	0.0000	inf	inf	0.0000	0.0000	0.0000	0.0000	0.0000	0.0000	0.0000	0.0000	0.0000	0.0000				
31	92	0.3441	9	1	1	1	0	0	0	0	0	N	N	N	N	N	N	N	N	N	N	N	N	0.1810	0.0688	5.7686	0.0148	0.0135	0.0000	165.5866	inf	7.6539	0.0001	0.0001	0.0000	0.0000	0.0001	0.0000	0.0001	0.0001	0.0000	0.0004	0.0010	0.0000	0.0033	0.0037	0.0000	0.0000	0.0000	0.0000	0.0084	0.0016	-0.0000	-0.0000	9.9927	2.6632	7.0404	1.0147	0.0000	0.0000	0.0000	0.0000	0.0000	0.0000	0.0000	0.0000	0.0000	0.0000	0.0000	0.0000	0.0000	0.0000	0.0000	0.0000	0.0000	0.0000	0.1361	0.1228	0.0134	0.0488	0.0467	0.0021	0.0874	0.0761	0.0113	0.0331	0.0171	0.0161	0.0031	0.0029	0.0002	0.0301	0.0142	0.0159	0.2186	0.1240	5.7686	0.0150	0.0147	0.0000	165.5866	inf	7.6539	0.0003	0.0006	0.0000	0.0032	0.0034	0.0000	0.0000	0.0000	0.0000
31	93	0.2608	8	1	1	1	0	0	0	0	0	N	N	N	N	N	N	N	N	N	N	N	N	0.0129	0.0089	0.0375	0.0130	0.0134	0.3746	0.0058	inf	0.0051	0.0048	0.0054	0.0000	0.0190	0.0200	0.0000	0.0000	0.0000	0.0000	0.3726	0.6094	0.0001	1.4652	1.4928	0.0000	0.0001	0.0000	0.0001	0.0000	0.0011	-0.0019	-0.0064	9.9927	35.0787	7.0404	12.2568	0.0068	0.0068	0.0000	0.0068	0.0068	0.0000	0.0000	0.0000	0.0000	0.0101	0.0101	0.0000	0.0101	0.0101	0.0000	0.0000	0.0000	0.0000	1.4125	1.2541	0.1584	0.3569	0.3386	0.0183	1.0556	0.9155	0.1401	0.3933	0.1966	0.1967	0.0297	0.0276	0.0021	0.3636	0.1690	0.1946	0.1865	0.1051	0.0375	0.0558	0.0546	0.3746	0.0132	inf	0.0051	0.0257	0.0514	0.0001	0.3407	0.3669	0.0000	0.0000	0.0000	0.0001
31	94	0.2473	7	1	1	0	0	0	0	0	0	N	N	N	N	N	N	N	N	N	N	N	N	0.0028	0.0761	0.0035	0.0543	0.0517	4.1345	0.0012	0.0514	0.0044	0.0022	0.0018	0.0056	0.0045	0.0047	0.0004	0.0011	0.0003	0.0063	0.7639	0.0234	1.5695	0.0833	0.0909	0.0001	0.8801	0.0057	1.4452	0.3568	37.9545	-0.0000	0.0036	9.9927	8.4810	7.0404	2.3446	0.0010	0.0007	0.0003	0.0007	0.0007	0.0000	0.0003	0.0001	0.0003	0.0104	0.0003	0.0101	0.0003	0.0003	0.0000	0.0101	0.0000	0.0101	0.4681	0.4201	0.0480	0.1481	0.1418	0.0063	0.3200	0.2783	0.0417	0.1014	0.0519	0.0496	0.0080	0.0075	0.0005	0.0935	0.0444	0.0491	0.0212	0.3473	0.0273	0.1408	0.1374	4.1345	0.0100	1.2931	0.0308	0.1021	0.0051	0.2036	0.0321	0.0342	0.0001	0.1081	0.0002	0.2056
31	95	0.1846	5	0	2	0	1	0	0	0	0	N	Y	N	N	N	N	N	N	N	N	N	N	1.3286	0.5634	0.0000	0.8827	0.8950	0.0000	0.0004	0.0005	0.0000	0.0022	0.0023	0.0000	0.0000	0.0000	0.0000	0.0003	0.0008	0.0000	0.0024	0.0026	0.0013	0.0000	0.0000	0.0000	0.0000	0.0563	-0.0001	-0.0001	9.9927	24.0032	7.0404	22.6134	0.0004	0.0004	0.0000	0.0004	0.0004	0.0000	0.0000	0.0000	0.0000	0.0001	0.0001	0.0000	0.0001	0.0001	0.0000	0.0000	0.0000	0.0000	0.9001	0.7928	0.1073	0.1669	0.1569	0.0100	0.7333	0.6360	0.0973	0.4063	0.2170	0.1893	0.0446	0.0402	0.0044	0.3618	0.1768	0.1850	1.4917	0.9554	0.0000	0.8827	0.8950	0.0000	0.0000	0.0000	0.0000	0.0003	0.0005	0.0000	0.0024	0.0026	0.0013	0.0000	0.0000	0.0000			
31	96	0.4213	7	0	2	0	0	0	0	0	0	N	Y	N	N	N	N	N	N	N	N	N	N	0.0000	0.0000	0.0751	0.0001	0.0000	0.2079	0.0000	0.0000	0.0000	0.0000	0.0000	0.0000	0.0000	0.0000	0.0000	0.0000	0.0000	0.0000	0.0173	0.0574	0.0000	0.0303	0.0363	0.0000	0.0000	0.0007	0.0000	0.1498	0.0004	-0.0000	-0.0011	9.9927	18.5150	7.0404	10.2301	0.0000	0.0000	0.0000	0.0000	0.0000	0.0000	0.0000	0.0000	0.0000	0.0017	0.0017	0.0000	0.0017	0.0017	0.0000	0.0000	0.0000	0.0000	0.7756	0.6881	0.0876	0.1743	0.1653	0.0090	0.6013	0.5227	0.0786	0.3451	0.2150	0.1301	0.1055	0.0953	0.0102	0.2395	0.1196	0.1199	0.0001	0.0000	0.0751	0.0001	0.0001	0.2079	0.0000	0.0000	0.0000	0.0049	0.0079	0.0000	0.0160	0.0177	0.0000	0.0000	0.0000	0.0000
31	97	0.2138	6	0	2	0	0	0	0	0	0	N	Y	N	N	N	N	N	N	N	N	N	N	5116.7981	2551.1941	12.9941	1.0411	0.9980	11655213.1548	18760.1799	15.1668	0.5967	0.6751	0.0000	0.0017	0.0018	0.0000	0.7387	0.8492	0.0000	0.0001	0.0003	0.0000	0.0017	0.0018	0.0000	0.0000	0.0000	0.0000	0.0000	0.0001	-0.2870	-0.0000	9.9927	46.1140	7.0404	26.4917	0.9995	0.9995	0.0000	0.0006	0.0006	0.0000	0.9989	0.9989	0.0000	0.0001	0.0001	0.0000	0.0001	0.0001	0.0000	0.0000	0.0000	0.0000	1.6749	1.4806	0.1943	0.3226	0.3042	0.0184	1.3523	1.1764	0.1759	0.5769	0.2918	0.2851	0.0405	0.0366	0.0039	0.5364	0.2552	0.2812	5116.7981	2928.0415	12.9941	1.0411	0.9980	0.0000	11655213.1548	7200780.8798	15.1668	0.0001	0.0002	0.0000	0.0017	0.0018	0.0000	0.0000	0.0000	0.0000	
31	98	0.4742	9	0	2	0	0	0	0	0	0	N	Y	N	N	N	N	N	N	N	N	N	N	4.7706	3.0528	0.0000	0.0004	0.0004	0.0000	22273099.2123	178141.4494	0.0000	1.3525	1.5082	0.0000	0.0001	0.0001	0.0000	2.0916	2.4135	0.0000	0.2835	0.4940	0.0000	0.2876	0.3381	0.0000	0.0000	0.0000	0.0000	0.0000	0.0000	-0.2866	-0.0025	9.9927	20.7840	7.0404	8.9470	0.9981	0.9981	0.0000	0.0000	0.0000	0.0000	0.9981	0.9981	0.0000	0.0040	0.0040	0.0000	0.0040	0.0040	0.0000	0.0000	0.0000	0.0000	0.7380	0.6618	0.0762	0.2608	0.2483	0.0125	0.4772	0.4135	0.0637	0.2055	0.1238	0.0817	0.0639	0.0548	0.0091	0.1416	0.0690	0.0726	69.5178	46.7028	0.0000	0.0018	0.0017	0.0000	22273099.2123	64052398.2721	0.0000	0.0195	0.0323	0.0000	0.0626	0.0730	0.0000	0.0000	0.0000	0.0000
31	99	0.4693	8	0	1	0	0	0	0	0	0	N	N	N	N	N	N	N	N	N	N	N	N	0.1317	0.1051	0.1325	0.3146	0.4962	0.0378	0.1497	0.5395	0.0032	0.0081	0.0087	0.0025	0.0137	0.0137	0.0124	0.0020	0.0023	0.0000	0.0618	0.0824	0.0186	0.0435	0.0277	0.3285	0.0133	0.0043	0.0042	0.0260	0.7844	-0.0007	-0.0001	9.9927	2.7834	7.0404	1.0450	0.0027	0.0026	0.0001	0.0024	0.0023	0.0001	0.0003	0.0003	0.0000	0.0006	0.0003	0.0003	0.0005	0.0003	0.0002	0.0001	0.0000	0.0001	0.3280	0.3006	0.0275	0.1725	0.1671	0.0054	0.1555	0.1335	0.0220	0.0644	0.0376	0.0268	0.0238	0.0227	0.0011	0.0405	0.0149	0.0257	0.8759	0.9710	0.2506	0.6641	0.9370	0.0869	0.7554	14.9858	0.0033	0.0093	0.0089	0.0098	0.0206	0.0146	0.1428	0.0026	0.0002	0.0041
31	100	0.4593	7	0	1	0	0	0	0	0	0	N	N	N	N	N	N	N	N	N	N	N	N	0.0094	0.0078	0.1117	0.0859	0.0767	3.1348	0.0001	0.0000	0.0010	0.0047	0.0049	0.0023	0.0105	0.0104	0.0131	0.0000	0.0000	0.0000	0.4967	0.6325	0.0210	0.1224	0.1357	0.0042	0.5454	1.2322	0.0189	0.0470	0.1194	-0.0007	-0.0042	9.9927	7.6044	7.0404	2.7972	0.0029	0.0027	0.0001	0.0029	0.0027	0.0001	0.0000	0.0000	0.0000	0.0080	0.0072	0.0009	0.0035	0.0035	0.0000	0.0045	0.0037	0.0008	0.6132	0.5582	0.0550	0.2726	0.2628	0.0098	0.3406	0.2954	0.0452	0.2088	0.1304	0.0784	0.0873	0.0792	0.0080	0.1215	0.0512	0.0703	0.1223	0.0898	0.2153	0.2612	0.2373	3.1348	0.0010	0.0005	0.0015	0.0383	0.0548	0.0109	0.0402	0.0439	0.0042	0.0370	0.0718	0.0117
31	101	0.4097	6	0	1	0	0	0	0	0	0	N	N	N	N	N	N	N	N	N	N	N	N	0.4545	0.0481	7.5884	0.1902	0.1679	8.1949	0.4984	0.0286	9.6434	0.2716	0.0284	2.2063	0.0203	0.0199	0.0290	0.3492	0.0313	2.4515	0.5976	0.5909	0.2908	0.1070	0.1186	0.0035	0.7005	1.0936	0.2542	9.7690	0.8556	0.1349	-0.0032	9.9927	18.4780	7.0404	12.4520	0.2176	0.0202	0.1974	0.0038	0.0036	0.0003	0.2138	0.0166	0.1972	0.0190	0.0102	0.0088	0.0038	0.0038	0.0000	0.0152	0.0065	0.0087	0.8012	0.7117	0.0895	0.1890	0.1799	0.0091	0.6122	0.5318	0.0804	0.3548	0.2163	0.1385	0.1030	0.0927	0.0104	0.2518	0.1236	0.1282	5.0780	0.6004	34.9260	0.5510	0.4897	8.1949	5.7941	0.5983	36.0580	0.0535	0.0473	0.0632	0.0369	0.0407	0.0035	0.0603	0.0523	0.0680
31	102	0.2987	8	0	2	0	0	0	0	0	0	N	Y	N	N	N	N	N	N	N	N	N	N	0.0021	0.0009	0.0065	0.0066	0.0195	0.0016	0.0014	0.0000	0.0068	0.0067	0.0030	0.0415	0.0083	0.0076	0.0251	0.0058	0.0000	0.0448	3.2422	3.2925	6.3609	1.2596	0.3900	15.5462	4.0888	4.9919	6.5618	1.4907	0.6906	0.0037	-0.3719	9.9927	34.1922	7.0404	22.4626	0.0118	0.0047	0.0071	0.0054	0.0047	0.0007	0.0064	0.0000	0.0064	1.6915	1.0005	0.6910	0.0314	0.0085	0.0229	1.6601	0.9920	0.6681	1.7581	1.5879	0.1702	0.6460	0.6181	0.0279	1.1121	0.9698	0.1423	0.5217	0.3039	0.2178	0.1157	0.1052	0.0105	0.4060	0.1987	0.2073	0.0021	0.0009	0.0131	0.0308	0.0941	0.0116	0.0014	0.0000	0.0139	3.2422	3.2925	3.1722	0.2714	0.0807	2.1726	4.0888	4.9919	3.2230
31	103	0.2508	7	0	2	0	0	0	0	0	0	N	Y	N	N	N	N	N	N	N	N	N	N	0.0126	0.0079	0.0186	0.3355	0.3374	1.3580	0.0082	0.0001	0.0194	0.0170	0.0084	0.0884	0.0254	0.0254	0.0245	0.0134	0.0001	0.0988	1.3501	1.0557	4.7447	0.0756	0.0753	0.0181	1.6244	1.7989	5.0881	1.2842	9.6961	0.0049	0.0939	9.9927	22.5884	7.0404	11.0115	0.0176	0.0077	0.0099	0.0080	0.0076	0.0004	0.0096	0.0001	0.0095	0.3374	0.0315	0.3059	0.0015	0.0014	0.0001	0.3359	0.0301	0.3058	1.0348	0.9226	0.1122	0.3162	0.3004	0.0158	0.7186	0.6222	0.0964	0.3061	0.1661	0.1400	0.0498	0.0452	0.0045	0.2563	0.1209	0.1355	0.0155	0.0441	0.0405	0.8392	0.8082	1.3580	0.0102	0.0006	0.0438	1.1024	0.1899	2.1853	0.0302	0.0314	0.0181	1.3106	0.2492	2.2575
31	104	0.2207	6	0	1	0	0	0	0	0	0	N	N	N	N	N	N	N	N	N	N	N	N	30.5220	0.1002	482.9642	0.2195	0.1871	1.2726	20.3631	0.0059	586.7976	1.8191	0.0011	16.4594	0.0010	0.0009	0.0025	2.5898	0.0011	19.1270	0.0596	0.0107	0.0341	0.0046	0.0049	0.0020	0.1272	0.1936	0.0326	1898.2782	4.5365	0.7051	0.0003	9.9927	11.8100	7.0404	8.7888	0.9899	0.0005	0.9893	0.0002	0.0001	0.0000	0.9897	0.0004	0.9893	0.0018	0.0003	0.0015	0.0001	0.0001	0.0000	0.0017	0.0002	0.0015	0.5442	0.4841	0.0601	0.1620	0.1536	0.0084	0.3822	0.3304	0.0517	0.1967	0.1073	0.0894	0.0306	0.0279	0.0027	0.1661	0.0794	0.0867	196.4031	0.3511	985.7834	0.2483	0.2172	1.2726	253.3291	0.4328	1114.9635	0.0093	0.0031	0.0167	0.0040	0.0042	0.0020	0.0102	0.0027	0.0172
31	105	0.1846	5	0	1	0	0	0	0	0	0	N	N	N	N	N	N	N	N	N	N	N	N	0.0279	0.0049	908.7839	0.0188	0.0187	0.0000	409.1964	1537.3080	0.0025	0.0016	0.0088	0.0075	0.0080	0.0000	0.0013	0.0000	0.0098	0.0882	0.3271	0.0000	0.3988	0.4272	0.0002	0.0000	0.0000	0.0000	0.7578	0.0004	0.0002	-0.0014	9.9927	14.7392	7.0404	7.3617	0.0014	0.0008	0.0006	0.0008	0.0008	0.0000	0.0006	0.0000	0.0006	0.0023	0.0022	0.0000	0.0023	0.0022	0.0000	0.0000	0.0000	0.0000	0.5653	0.4974	0.0679	0.1054	0.0991	0.0063	0.4599	0.3984	0.0615	0.2150	0.1191	0.0959	0.0285	0.0263	0.0022	0.1865	0.0928	0.0937	0.2352	0.0843	908.7839	0.0950	0.0934	0.0000	409.1964	0.0000	1537.3080	0.0105	0.0189	0.0000	0.0790	0.0855	0.0002	0.0000	0.0000	0.0000	
31	106	0.2574	8	0	2	0	0	0	0	0	0	N	Y	N	N	N	N	N	N	N	N	N	N	265.8480	81.4579	2.3677	0.0697	0.0673	1.6731	5431529.7002	inf	1.7043	2.3757	2.6827	0.0000	0.0187	0.0199	0.0000	3.2426	3.7435	0.0000	0.0089	0.0329	0.0000	0.2681	0.2958	0.0000	0.0000	0.0000	0.0000	0.0000	0.0002	-0.5775	-0.0004	9.9927	20.0414	7.0404	7.0324	2.0114	2.0114	0.0000	0.0043	0.0043	0.0000	2.0071	2.0071	0.0000	0.0007	0.0007	0.0000	0.0007	0.0007	0.0000	0.0000	0.0000	0.0000	0.8466	0.7498	0.0969	0.2277	0.2136	0.0141	0.6190	0.5362	0.0828	0.2306	0.1130	0.1176	0.0115	0.0105	0.0010	0.2191	0.1025	0.1166	783.7295	433.8868	2.3677	0.3070	0.2987	1.6731	5431529.7002	inf	1.7043	0.0030	0.0062	0.0000	0.0608	0.0666	0.0000	0.0000	0.0000	0.0000
31	107	0.2473	7	0	1	0	0	0	0	0	0	N	N	N	N	N	N	N	N	N	N	N	N	0.3690	0.1106	9.5779	0.0411	0.0395	28.7734	3.1371	inf	10.3382	0.0043	0.0039	0.0079	0.0045	0.0045	0.0035	0.0042	0.0035	0.0086	0.0116	0.0351	0.0008	0.1087	0.1139	0.0001	0.0013	0.0000	0.0008	0.2266	0.1221	-0.0002	-0.0002	9.9927	7.0315	7.0404	1.2144	0.0018	0.0014	0.0003	0.0006	0.0006	0.0000	0.0012	0.0009	0.0003	0.0003	0.0003	0.0000	0.0003	0.0003	0.0000	0.0000	0.0000	0.0000	0.4149	0.3734	0.0415	0.1386	0.1329	0.0057	0.2763	0.2405	0.0358	0.0793	0.0411	0.0381	0.0069	0.0065	0.0004	0.0724	0.0346	0.0378	1.1724	0.6183	9.5779	0.1196	0.1140	28.7734	9.6464	inf	10.3382	0.0037	0.0063	0.0008	0.0373	0.0395	0.0001	0.0004	0.0000	0.0008
31	108	0.2138	6	0	1	0	0	0	0	0	0	N	N	N	N	N	N	N	N	N	N	N	N	0.0211	322.3930	0.1008	27.5860	235.9717	16.9362	0.0000	inf	0.0000	0.0010	0.0006	0.0036	0.0046	0.0027	0.0382	0.0000	0.0000	0.0000	0.0452	0.0000	0.0357	0.0002	0.0000	0.0023	0.0987	0.0000	0.0331	0.7841	8559.2744	0.0001	0.0006	9.9927	16.2725	7.0404	4.4748	0.0006	0.0004	0.0003	0.0006	0.0004	0.0003	0.0000	0.0000	0.0000	0.0016	0.0000	0.0016	0.0000	0.0000	0.0000	0.0016	0.0000	0.0016	0.6614	0.5843	0.0771	0.1382	0.1310	0.0073	0.5232	0.4533	0.0699	0.1936	0.1000	0.0936	0.0176	0.0164	0.0012	0.1760	0.0836	0.0923	0.1149	322.3930	0.2092	27.5860	235.9717	16.9362	0.0000	inf	0.0000	0.0083	0.0000	0.0172	0.0002	0.0000	0.0023	0.0091	0.0000	0.0174
31	109	0.2665	7	0	2	0	0	0	0	0	0	N	Y	N	N	N	N	N	N	N	N	N	N	344.4497	152.3806	0.6317	0.9226	0.8052	0.3291	4141.7601	229.7967	0.0794	0.6489	0.7305	0.0000	0.0078	0.0083	0.0000	0.8642	0.9934	0.0000	0.0019	0.0048	0.0000	0.0085	0.0103	0.0002	0.0002	0.0043	0.0000	0.0000	0.0052	-0.2875	-0.0003	9.9927	40.5309	7.0404	14.7974	1.0013	1.0013	0.0000	0.0030	0.0030	0.0000	0.9982	0.9982	0.0000	0.0004	0.0004	0.0000	0.0004	0.0004	0.0000	0.0000	0.0000	0.0000	1.5429	1.3707	0.1722	0.3878	0.3659	0.0219	1.1551	1.0048	0.1503	0.4590	0.2497	0.2093	0.0636	0.0577	0.0059	0.3954	0.1920	0.2034	691.0428	425.3168	0.6317	1.2467	1.2011	0.3291	10934.3690	6378.9352	0.0794	0.0009	0.0017	0.0000	0.0063	0.0069	0.0002	0.0001	0.0002	0.0000
31	110	0.2406	6	0	2	0	0	0	0	0	0	N	Y	N	N	N	N	N	N	N	N	N	N	0.1756	0.0377	6.0123	0.1259	0.1248	0.0060	0.1129	0.0140	7.2682	0.0077	0.0074	0.0106	0.0008	0.0009	0.0000	0.0104	0.0102	0.0123	0.0439	0.1949	0.0018	0.0066	0.0070	0.0037	0.0925	0.7255	0.0017	0.1770	0.1065	-0.0006	-0.0007	9.9927	13.5236	7.0404	3.5331	0.0046	0.0039	0.0007	0.0001	0.0001	0.0000	0.0044	0.0038	0.0007	0.0014	0.0012	0.0001	0.0002	0.0001	0.0000	0.0012	0.0011	0.0001	0.5949	0.5301	0.0648	0.1689	0.1600	0.0089	0.4260	0.3701	0.0559	0.1688	0.0941	0.0747	0.0300	0.0272	0.0028	0.1388	0.0669	0.0719	0.9479	0.5577	6.0123	0.1611	0.1649	0.0060	1.1894	0.6200	7.2682	0.0081	0.0132	0.0018	0.0052	0.0053	0.0037	0.0088	0.0164	0.0017
31	111	0.1846	5	0	1	0	0	0	0	0	0	N	N	N	N	N	N	N	N	N	N	N	N	0.2344	0.1442	0.0000	0.0012	0.0012	0.0000	0.2538	0.1440	0.0000	1.5473	1.7580	0.0000	0.0000	0.0000	0.0000	1.9014	2.1944	0.0000	6.6017	12.1903	0.0004	0.0024	0.0027	0.0000	7.4907	15.2353	0.0004	0.0000	0.0000	-0.2871	-1.2525	9.9927	16.9399	7.0404	15.9768	0.9999	0.9999	0.0000	0.0000	0.0000	0.0000	0.9999	0.9999	0.0000	1.9934	1.9933	0.0001	0.0001	0.0001	0.0000	1.9933	1.9933	0.0001	0.6462	0.5688	0.0774	0.1203	0.1131	0.0072	0.5259	0.4557	0.0702	0.3020	0.1635	0.1384	0.0358	0.0327	0.0032	0.2661	0.1308	0.1353	0.2344	0.1442	0.0000	0.0012	0.0012	0.0000	0.2538	0.1440	0.0000	6.6017	12.1903	0.0004	0.0024	0.0027	0.0000	7.4907	15.2353	0.0004
31	112	0.2890	9	1	2	0	1	0	0	0	0	N	Y	N	N	N	N	N	N	N	N	N	N	13.8612	8.5299	5.2163	4.7103	0.0000	0.0000	0.0000	0.0000	0.0000	0.0000	0.0000	0.0000	0.0000	0.0000	0.0000	0.0000	0.0000	0.0000	0.0000	0.0000	0.0000	0.0000	0.0000	0.0000	-0.0000	-0.0000	9.9927	0.0019	7.0404	1.9928	0.0000	0.0000	0.0000	0.0000	0.0000	0.0000	0.0000	0.0000	0.0000	0.0000	0.0000	0.0000	0.0000	0.0000	0.0000	0.0000	0.0000	0.0000	0.0002	0.0002	0.0000	0.0001	0.0001	0.0000	0.0001	0.0001	0.0000	0.0176	0.0095	0.0080	0.0029	0.0025	0.0003	0.0147	0.0070	0.0077	13.8612	8.5299	0.0000	5.2163	4.7103	0.0000	0.0000	0.0000	0.0000	0.0000	0.0000	0.0000	0.0000	0.0000	0.0000	0.0000	0.0000	0.0000					
31	113	0.2654	8	1	2	0	1	0	0	0	0	N	Y	N	N	N	N	N	N	N	N	N	N	0.4173	0.1416	94.8938	0.2204	0.1793	2121.1342	0.5258	0.0000	2.4589	0.0002	0.0002	0.0002	0.0006	0.0005	0.0013	0.0000	0.0000	0.0000	0.0004	0.0011	0.0000	0.0025	0.0029	0.0000	0.0000	0.0001	0.0000	0.1359	0.0028	-0.0000	-0.0000	9.9927	8.6942	7.0404	6.0502	0.0001	0.0000	0.0000	0.0001	0.0000	0.0000	0.0000	0.0000	0.0000	0.0000	0.0000	0.0000	0.0000	0.0000	0.0000	0.0000	0.0000	0.0000	0.3709	0.3295	0.0414	0.1018	0.0967	0.0052	0.2690	0.2328	0.0362	0.1335	0.0681	0.0654	0.0159	0.0139	0.0020	0.1176	0.0541	0.0634	0.5079	0.2573	94.8938	0.2204	0.1793	2121.1342	0.5258	0.0000	2.4589	0.0003	0.0006	0.0000	0.0025	0.0029	0.0000	0.0000	0.0000	0.0000
31	114	0.2866	12	0	2	0	1	0	0	0	0	N	Y	N	N	N	N	N	N	N	N	N	N	0.0000	0.0000	0.0000	0.0000	0.0000	0.0000	0.0000	0.0000	0.0000	0.0000	0.0000	0.0000	0.0000	0.0000	0.0000	0.0000	0.0000	0.0000	0.0000	-0.0000	9.9927	0.0001	7.0404	0.0001	0.0000	0.0000	0.0000	0.0000	0.0000	0.0000	0.0000	0.0000	0.0000	0.0000	0.0000	0.0000	0.0000	0.0000	0.0000	0.0000	0.0000	0.0000	0.0000	0.0000	0.0000	0.0000	0.0000	0.0000	0.0000	0.0000	0.0000	0.0000	0.0000	0.0000	0.0000	0.0000	0.0000	0.0000	0.0000	0.0000	0.0000	0.0000	0.0000	0.0000	0.0000	0.0000	0.0000	0.0000	0.0000	0.0000	0.0000	0.0000	0.0000	0.0000	0.0000	0.0000	0.0000	0.0000											
31	115	0.2799	11	0	2	0	1	0	0	0	0	N	Y	N	N	N	N	N	N	N	N	N	N	0.0000	0.0000	0.0000	0.0000	0.0000	0.0000	0.0000	0.0000	0.0000	0.0000	0.0000	0.0000	0.0000	0.0003	0.0010	0.0000	0.0027	0.0033	0.0000	0.0000	0.0000	0.0000	0.0000	0.0000	-0.0000	9.9927	3.0007	7.0404	1.0012	0.0000	0.0000	0.0000	0.0000	0.0000	0.0000	0.0000	0.0000	0.0000	0.0000	0.0000	0.0000	0.0000	0.0000	0.0000	0.0000	0.0000	0.0000	0.1187	0.1048	0.0139	0.0267	0.0252	0.0015	0.0920	0.0796	0.0124	0.0349	0.0176	0.0174	0.0037	0.0031	0.0006	0.0312	0.0144	0.0168	0.0000	0.0000	0.0000	0.0000	0.0000	0.0000	0.0000	0.0000	0.0000	0.0003	0.0006	0.0000	0.0027	0.0032	0.0000	0.0000	0.0000	0.0000						
31	116	0.2780	10	0	1	0	1	0	0	0	0	N	N	N	N	N	N	N	N	N	N	N	N	3.7871	2.4192	1.7099	1.5348	0.0000	0.0000	0.0000	0.0000	0.0000	0.0000	0.0000	0.0000	0.0000	0.0000	0.0000	0.0000	0.0000	0.0000	0.0000	0.0000	0.0000	0.0000	0.0000	0.1282	-0.0000	-0.0000	9.9927	1.1177	7.0404	0.0023	0.0000	0.0000	0.0000	0.0000	0.0000	0.0000	0.0000	0.0000	0.0000	0.0000	0.0000	0.0000	0.0000	0.0000	0.0000	0.0000	0.0000	0.0000	0.0467	0.0414	0.0053	0.0122	0.0116	0.0007	0.0345	0.0299	0.0047	0.0098	0.0049	0.0049	0.0010	0.0009	0.0002	0.0088	0.0041	0.0047	3.7871	2.4192	0.0000	1.7099	1.5348	0.0000	0.0000	0.0000	0.0000	0.0000	0.0000	0.0000	0.0000	0.0000	0.0000	0.0000	0.0000	0.0000					
31	117	0.0943	4	0	2	0	0	0	0	0	0	N	Y	N	N	N	N	N	N	N	N	N	N	0.1190	0.0526	0.0314	0.1402	0.1325	0.0343	0.0035	0.0001	0.0193	0.0005	0.0006	0.0000	0.0053	0.0055	0.0000	0.0000	0.0000	0.0000	0.0042	0.0108	0.0000	0.0377	0.0416	0.0004	0.0000	0.0008	0.0000	0.0002	0.0084	-0.0002	-0.0006	9.9927	31.2782	7.0404	23.9277	0.0006	0.0006	0.0000	0.0006	0.0006	0.0000	0.0000	0.0000	0.0000	0.0010	0.0010	0.0000	0.0010	0.0010	0.0000	0.0000	0.0000	0.0000	1.2757	1.1227	0.1530	0.1212	0.1160	0.0051	1.1546	1.0067	0.1479	0.6128	0.3262	0.2865	0.0545	0.0520	0.0025	0.5583	0.2743	0.2840	0.3010	0.1836	0.0314	0.2843	0.2834	0.0343	0.0070	0.0088	0.0193	0.0017	0.0031	0.0000	0.0186	0.0195	0.0004	0.0000	0.0000	0.0000
31	118	0.2780	10	0	1	1	1	0	0	0	0	N	N	N	N	N	N	N	N	N	N	N	N	inf	inf	inf	inf	0.0000	0.0000	0.0000	0.0000	0.0000	0.0000	0.0000	0.0000	0.0000	0.0000	0.0000	0.0000	0.0000	0.0000	0.0000	0.0000	0.0000	0.0000	0.0000	-0.0000	0.0000	9.9927	3.8827	7.0404	2.9998	0.0000	0.0000	0.0000	0.0000	0.0000	0.0000	0.0000	0.0000	0.0000	0.0000	0.0000	0.0000	0.0000	0.0000	0.0000	0.0000	0.0000	0.0000	0.1556	0.1375	0.0180	0.0366	0.0346	0.0021	0.1189	0.1029	0.0160	0.0596	0.0300	0.0297	0.0062	0.0053	0.0009	0.0534	0.0247	0.0287	inf	inf	0.0000	inf	inf	0.0000	0.0000	0.0000	0.0000	0.0000	0.0000	0.0000	0.0000	0.0000	0.0000	0.0000	0.0000	0.0000						
31	119	0.2751	9	0	1	0	1	0	0	0	0	N	N	N	N	N	N	N	N	N	N	N	N	41630.1429	inf	31.2793	inf	inf	inf	0.0581	inf	0.0000	0.0072	0.0081	0.0000	0.0228	0.0241	0.0001	0.0000	0.0000	0.0000	0.0000	0.0000	0.0000	0.0000	0.0000	0.0000	0.0000	0.0000	0.0000	0.0001	inf	-0.0003	0.0000	9.9927	2.8083	7.0404	0.0030	0.0010	0.0010	0.0000	0.0010	0.0010	0.0000	0.0000	0.0000	0.0000	0.0000	0.0000	0.0000	0.0000	0.0000	0.0000	0.0000	0.0000	0.0000	0.1394	0.1247	0.0147	0.0442	0.0419	0.0023	0.0951	0.0828	0.0123	0.0247	0.0124	0.0123	0.0026	0.0022	0.0004	0.0221	0.0102	0.0119	41630.1429	inf	31.2793	inf	inf	inf	0.0581	inf	0.0000	0.0000	0.0000	0.0000	0.0000	0.0000	0.0000	0.0000	0.0000	0.0000
31	120	0.2751	9	0	1	1	1	0	0	0	0	N	N	N	N	N	N	N	N	N	N	N	N	53571891.8076	inf	259.9718	inf	inf	inf	64075451.6026	inf	0.0000	2.5130	2.8327	0.0000	0.0368	0.0389	0.0002	3.3572	3.8692	0.0000	0.0000	0.0000	0.0000	0.0000	0.0000	0.0000	0.0000	0.0000	0.0000	0.0000	inf	-0.2896	0.0000	9.9927	9.6158	7.0404	0.0030	1.0085	1.0085	0.0000	0.0038	0.0038	0.0000	1.0048	1.0048	0.0000	0.0000	0.0000	0.0000	0.0000	0.0000	0.0000	0.0000	0.0000	0.0000	0.4013	0.3560	0.0453	0.1020	0.0963	0.0057	0.2993	0.2597	0.0396	0.0831	0.0417	0.0414	0.0087	0.0074	0.0013	0.0744	0.0343	0.0401	53571891.8076	inf	259.9718	inf	inf	inf	64075451.6026	inf	0.0000	0.0000	0.0000	0.0000	0.0000	0.0000	0.0000	0.0000	0.0000	0.0000
31	121	0.2654	8	0	1	0	1	0	0	0	0	N	N	N	N	N	N	N	N	N	N	N	N	512.9571	465.7770	0.0000	422.4813	399.2863	0.0000	8.0426	0.7825	0.0000	0.0099	0.0110	0.0000	0.0290	0.0305	0.0000	0.0002	0.0002	0.0000	0.0000	0.0000	0.0000	0.0001	0.0001	0.0000	0.0000	0.0002	0.0000	0.0000	0.9290	-0.0006	-0.0000	9.9927	4.2457	7.0404	2.0144	0.0020	0.0020	0.0000	0.0020	0.0020	0.0000	0.0000	0.0000	0.0000	0.0000	0.0000	0.0000	0.0000	0.0000	0.0000	0.0000	0.0000	0.0000	0.2004	0.1793	0.0211	0.0673	0.0642	0.0031	0.1331	0.1152	0.0180	0.0612	0.0317	0.0295	0.0086	0.0077	0.0009	0.0526	0.0239	0.0287	512.9571	572.5208	0.0000	422.4813	399.2863	0.0000	13.9757	231.9996	0.0000	0.0000	0.0000	0.0000	0.0001	0.0001	0.0000	0.0000	0.0000	0.0000
31	122	0.2233	7	0	1	0	1	0	0	0	0	N	N	N	N	N	N	N	N	N	N	N	N	0.0015	0.0004	0.7877	0.0004	0.0003	1.0003	0.0016	0.0002	0.0000	0.0000	0.0000	0.0000	0.0001	0.0001	0.0000	0.0000	0.0000	0.0000	0.0093	0.0349	0.0000	0.1565	0.1773	0.0000	0.0000	0.0000	0.0000	0.0389	0.0010	-0.0000	-0.0004	9.9927	11.9190	7.0404	13.1740	0.0000	0.0000	0.0000	0.0000	0.0000	0.0000	0.0000	0.0000	0.0000	0.0007	0.0007	0.0000	0.0007	0.0007	0.0000	0.0000	0.0000	0.0000	0.5048	0.4478	0.0570	0.1237	0.1177	0.0060	0.3811	0.3301	0.0510	0.2180	0.1084	0.1096	0.0151	0.0136	0.0015	0.2029	0.0948	0.1081	0.0046	0.0025	0.7877	0.0013	0.0012	1.0003	0.0016	0.0609	0.0000	0.0031	0.0063	0.0000	0.0450	0.0499	0.0000	0.0000	0.0000	0.0000
31	123	0.4695	9	0	1	1	1	0	0	0	0	N	N	N	N	N	N	N	N	N	N	N	N	19.3082	18.2469	0.0000	31.1934	28.0857	0.1027	2.7969	0.0000	0.0036	0.0040	0.0000	0.0132	0.0138	0.0000	0.0000	0.0000	0.0000	0.0002	0.0002	0.0002	0.0004	0.0005	0.0000	0.0002	0.0000	0.0002	0.0000	0.5483	-0.0006	-0.0000	9.9927	12.8936	7.0404	4.1514	0.0020	0.0020	0.0000	0.0020	0.0020	0.0000	0.0000	0.0000	0.0000	0.0000	0.0000	0.0000	0.0000	0.0000	0.0000	0.0000	0.0000	0.0000	0.5462	0.4871	0.0592	0.1482	0.1411	0.0070	0.3981	0.3459	0.0522	0.1520	0.0891	0.0629	0.0432	0.0371	0.0062	0.1088	0.0520	0.0567	19.3082	19.6562	0.0000	31.1934	28.0857	0.0000	0.2634	1115.7055	0.0000	0.0002	0.0002	0.0002	0.0004	0.0005	0.0000	0.0001	0.0000	0.0002	
31	124	0.2386	8	0	2	0	0	0	0	0	0	N	Y	N	N	N	N	N	N	N	N	N	N	13820.4171	6555.2977	4.4957	0.1961	0.1878	1.8758	6197779.1232	inf	0.2500	1.9335	2.1843	0.0000	0.0003	0.0003	0.0001	2.4725	2.8506	0.0000	0.0001	0.0003	0.0000	0.0015	0.0017	0.0000	0.0000	0.0000	0.0000	0.0000	0.0041	-0.2870	-0.0000	9.9927	12.7386	7.0404	8.7370	0.9996	0.9996	0.0000	0.0000	0.0000	0.0000	0.9995	0.9995	0.0000	0.0000	0.0000	0.0000	0.0000	0.0000	0.0000	0.0000	0.0000	0.0000	0.5170	0.4576	0.0594	0.1127	0.1070	0.0057	0.4042	0.3506	0.0536	0.1935	0.0970	0.0965	0.0175	0.0160	0.0015	0.1760	0.0809	0.0950	13820.4171	7857.6762	4.4957	0.1961	0.1878	1.8758	6197779.1232	inf	0.2500	0.0001	0.0003	0.0000	0.0015	0.0017	0.0000	0.0000	0.0000	0.0000
31	125	0.2233	7	0	2	0	0	0	0	0	0	N	Y	N	N	N	N	N	N	N	N	N	N	7.1859	16.3227	0.0002	5.3427	5.8414	0.0006	1.3656	inf	0.0000	0.0011	0.0013	0.0000	0.0030	0.0032	0.0000	0.0005	0.0005	0.0000	0.0002	0.0001	0.0002	0.0006	0.0005	0.0008	0.0003	0.0000	0.0002	0.0000	3.0858	-0.0001	0.0000	9.9927	8.6431	7.0404	1.4782	0.0004	0.0004	0.0000	0.0003	0.0003	0.0000	0.0001	0.0001	0.0000	0.0000	0.0000	0.0000	0.0000	0.0000	0.0000	0.0000	0.0000	0.0000	0.3831	0.3407	0.0424	0.1018	0.0971	0.0047	0.2814	0.2436	0.0378	0.0929	0.0463	0.0466	0.0073	0.0067	0.0006	0.0856	0.0397	0.0459	7.1859	16.4683	0.0002	5.3427	5.8414	0.0006	3.7349	inf	0.0000	0.0002	0.0001	0.0002	0.0006	0.0005	0.0008	0.0001	0.0000	0.0002
31	126	0.2138	6	0	1	0	0	0	0	0	0	N	N	N	N	N	N	N	N	N	N	N	N	0.1005	0.1906	0.0109	0.0766	0.1764	0.0000	0.0082	inf	0.0288	0.0000	0.0000	0.0000	0.0000	0.0000	0.0000	0.0000	0.0000	0.0000	0.0001	0.0001	0.0002	0.0005	0.0002	0.0072	0.0001	0.0000	0.0001	0.0190	2.1921	-0.0000	0.0000	9.9927	4.1618	7.0404	2.0491	0.0000	0.0000	0.0000	0.0000	0.0000	0.0000	0.0000	0.0000	0.0000	0.0000	0.0000	0.0000	0.0000	0.0000	0.0000	0.0000	0.0000	0.0000	0.2066	0.1838	0.0228	0.0535	0.0514	0.0020	0.1531	0.1323	0.0207	0.0697	0.0391	0.0307	0.0104	0.0100	0.0004	0.0593	0.0290	0.0303	0.1005	0.1981	0.0109	0.0766	0.1764	0.0000	0.0196	inf	0.0288	0.0001	0.0001	0.0002	0.0005	0.0002	0.0072	0.0000	0.0000	0.0001
31	127	0.1846	5	0	1	0	0	0	0	0	0	N	N	N	N	N	N	N	N	N	N	N	N	0.0036	3.7773	0.0001	0.0260	4.4895	0.0001	0.0000	0.0000	0.0000	0.0000	0.0000	0.0000	0.0000	0.0000	0.0000	0.0000	0.0000	0.0013	0.0000	0.0016	0.0009	0.0000	0.0137	0.0022	0.0000	0.0013	0.0040	896.2799	-0.0000	0.0000	9.9927	9.4810	7.0404	7.4917	0.0000	0.0000	0.0000	0.0000	0.0000	0.0000	0.0000	0.0000	0.0000	0.0001	0.0000	0.0001	0.0000	0.0000	0.0000	0.0001	0.0000	0.0001	0.3684	0.3240	0.0444	0.0690	0.0648	0.0042	0.2994	0.2592	0.0402	0.1723	0.0974	0.0750	0.0248	0.0232	0.0017	0.1475	0.0742	0.0733	0.0066	3.7773	0.0001	0.0260	4.4895	0.0001	0.0000	0.0000	0.0000	0.0007	0.0000	0.0016	0.0009	0.0000	0.0137	0.0007	0.0000	0.0013	
31	128	0.4817	10	1	2	0	0	0	0	0	0	N	Y	N	N	N	N	N	N	N	N	N	N	0.0000	0.0000	0.0000	0.0000	0.0000	0.0000	0.0000	0.0000	0.0000	0.0000	0.0000	0.0000	0.0000	0.0000	0.0000	0.0000	0.0000	0.0000	0.0000	0.0000	0.0000	0.0000	0.0000	0.0000	-0.0000	9.9927	2.0107	7.0404	1.9995	0.0000	0.0000	0.0000	0.0000	0.0000	0.0000	0.0000	0.0000	0.0000	0.0000	0.0000	0.0000	0.0000	0.0000	0.0000	0.0000	0.0000	0.0000	0.0797	0.0705	0.0092	0.0203	0.0192	0.0011	0.0594	0.0513	0.0081	0.0344	0.0205	0.0139	0.0104	0.0089	0.0015	0.0240	0.0116	0.0124	0.0000	0.0000	0.0000	0.0000	0.0000	0.0000	0.0000	0.0000	0.0000	0.0000	0.0000	0.0000	0.0000	0.0000	0.0000	0.0000	0.0000	0.0000						
31	129	0.4695	9	1	2	0	0	0	0	0	0	N	Y	N	N	N	N	N	N	N	N	N	N	0.1104	0.0000	0.9619	0.0011	0.0000	inf	0.0868	0.0000	0.9917	0.0000	0.0000	0.0004	0.0000	0.0000	0.0000	0.0001	0.0000	0.0004	0.0003	0.0002	0.0004	0.0004	0.0005	0.0000	0.0006	0.0000	0.0004	inf	1.2160	0.0000	-0.0000	9.9927	5.6459	7.0404	1.1399	0.0000	0.0000	0.0000	0.0000	0.0000	0.0000	0.0000	0.0000	0.0000	0.0000	0.0000	0.0000	0.0000	0.0000	0.0000	0.0000	0.0000	0.0000	0.2692	0.2417	0.0275	0.0827	0.0793	0.0034	0.1865	0.1624	0.0241	0.0659	0.0385	0.0274	0.0196	0.0171	0.0025	0.0463	0.0214	0.0249	0.1297	0.0000	0.9619	0.0011	0.0000	inf	0.2386	0.0000	0.9917	0.0003	0.0002	0.0004	0.0004	0.0005	0.0000	0.0002	0.0000	0.0004
31	130	0.4392	8	0	1	0	0	0	0	0	0	N	N	N	N	N	N	N	N	N	N	N	N	0.0005	0.2793	0.0001	2.1058	2.4871	2.7335	0.0000	0.0000	0.0000	0.0023	0.0023	0.0023	0.0081	0.0075	0.0238	0.0000	0.0000	0.0000	4.6407	0.0081	18.9200	0.0038	0.0030	0.0087	6.9559	0.1152	22.6622	0.1173	3077.0291	-0.0002	0.3704	9.9927	11.6079	7.0404	5.3766	0.0014	0.0012	0.0001	0.0014	0.0012	0.0001	0.0000	0.0000	0.0000	0.9976	0.0003	0.9973	0.0003	0.0002	0.0001	0.9974	0.0001	0.9972	0.6039	0.5409	0.0630	0.1689	0.1629	0.0060	0.4350	0.3780	0.0570	0.2150	0.1310	0.0840	0.0716	0.0645	0.0071	0.1434	0.0665	0.0769	0.0005	0.9111	0.0002	2.2575	2.4871	2.7335	0.0000	0.0000	0.0000	4.6407	0.0025	11.8760	0.0036	0.0030	0.0087	6.9559	0.0020	12.9676
31	131	0.4213	7	0	1	0	0	0	0	0	0	N	N	N	N	N	N	N	N	N	N	N	N	0.0115	0.0127	0.0042	0.2237	0.1960	1.4191	0.0080	0.0059	0.0000	0.0090	0.0094	0.0058	0.0119	0.0103	0.0532	0.0079	0.0090	0.0001	0.7858	0.7405	1.3756	0.0532	0.0525	0.0375	0.9824	1.5153	1.3424	0.0697	1.2113	-0.0004	-0.0019	9.9927	3.9355	7.0404	8.7078	0.0020	0.0018	0.0001	0.0008	0.0006	0.0001	0.0012	0.0012	0.0000	0.0241	0.0109	0.0132	0.0019	0.0017	0.0002	0.0222	0.0092	0.0130	0.2176	0.1953	0.0222	0.0635	0.0612	0.0024	0.1540	0.1342	0.0198	0.2168	0.1427	0.0741	0.0787	0.0734	0.0053	0.1381	0.0693	0.0688	0.0814	0.1233	0.0324	0.4958	0.4389	1.6744	0.0489	0.0680	0.0003	0.1111	0.0764	0.1780	0.0240	0.0235	0.0317	0.1608	0.1324	0.1893
31	132	0.4097	6	0	1	0	0	0	0	0	0	N	N	N	N	N	N	N	N	N	N	N	N	0.0031	0.0027	0.0033	0.0050	0.0036	0.2453	0.0023	0.0019	0.0000	0.0025	0.0024	0.0035	0.0036	0.0025	0.0321	0.0021	0.0024	0.0000	0.8076	0.8779	1.0625	0.7175	0.7005	0.1308	0.8883	1.2829	0.9654	0.1664	0.6822	-0.0001	-0.0050	9.9927	6.2657	7.0404	3.9760	0.0009	0.0007	0.0001	0.0004	0.0002	0.0001	0.0005	0.0005	0.0000	0.0226	0.0135	0.0092	0.0091	0.0088	0.0003	0.0135	0.0046	0.0088	0.3386	0.3036	0.0350	0.1014	0.0976	0.0038	0.2372	0.2060	0.0312	0.1879	0.1221	0.0657	0.0694	0.0649	0.0045	0.1184	0.0573	0.0612	0.0210	0.0219	0.0250	0.0272	0.0183	0.4210	0.0182	0.0293	0.0002	0.1204	0.1101	0.1396	0.1318	0.1357	0.0762	0.1138	0.0812	0.1443
31	133	0.3324	5	0	1	0	0	0	0	0	0	N	N	N	N	N	N	N	N	N	N	N	N	0.0079	0.0098	0.0001	0.5881	0.5962	1.0000	0.0000	0.0000	0.0001	0.0260	0.0292	0.0007	0.1160	0.1218	0.0021	0.0002	0.0001	0.0005	3.2784	2.9737	7.0208	0.1972	0.2043	0.0021	4.3261	4.8324	7.6680	0.0029	0.8790	-0.0086	-0.2932	9.9927	26.7012	7.0404	18.2690	0.0303	0.0302	0.0001	0.0301	0.0301	0.0000	0.0001	0.0001	0.0001	1.8263	0.9719	0.8544	0.0068	0.0068	0.0000	1.8194	0.9651	0.8543	1.1644	1.0340	0.1303	0.2598	0.2472	0.0126	0.9046	0.7869	0.1177	0.5571	0.3268	0.2302	0.1365	0.1271	0.0094	0.4206	0.1997	0.2209	0.0079	0.0098	0.0002	2.3116	2.2676	1.0000	0.0000	0.0000	0.0001	3.2784	2.9737	3.7111	0.0502	0.0537	0.0021	4.3261	4.8324	3.8682
31	134	0.0943	4	0	1	0	0	0	0	0	0	N	N	N	N	N	N	N	N	N	N	N	N	0.0203	0.0261	0.0002	0.0066	0.0067	0.0049	0.0187	0.0174	0.0002	0.0177	0.0200	0.0003	0.0062	0.0065	0.0000	0.0187	0.0213	0.0003	0.8718	0.7681	1.8746	0.9457	0.9708	0.0037	0.9958	1.2242	1.7550	0.0023	2.7757	-0.0113	0.0188	9.9927	61.4372	7.0404	55.8589	0.0397	0.0396	0.0001	0.0011	0.0011	0.0000	0.0386	0.0385	0.0001	0.1762	0.0467	0.1295	0.0126	0.0126	0.0000	0.1636	0.0341	0.1295	2.2468	1.9779	0.2690	0.1787	0.1700	0.0087	2.0681	1.8078	0.2603	1.0629	0.5567	0.5061	0.0686	0.0639	0.0046	0.9943	0.4928	0.5015	0.1066	0.2390	0.0013	0.0338	0.0331	0.0049	0.1135	0.3081	0.0013	0.1658	0.0838	0.2559	0.1838	0.1969	0.0037	0.1645	0.0691	0.2582
32	34	0.3491	7	0	2	1	1	0	0	0	0	N	Y	N	N	N	N	N	N	N	N	N	N	0.2855	0.2706	0.7664	0.0422	0.0310	0.6188	inf	0.7936	0.0000	0.0000	0.0000	0.0000	0.0000	0.0000	0.0000	0.0000	0.0000	0.0000	0.0000	0.0000	0.0000	0.0000	0.0000	0.0000	0.0000	0.0000	0.3710	1.0938	-0.0000	-0.0000	3.8146	1.3124	0.9911	1.0060	0.0000	0.0000	0.0000	0.0000	0.0000	0.0000	0.0000	0.0000	0.0000	0.0000	0.0000	0.0000	0.0000	0.0000	0.0000	0.0000	0.0000	0.0000	0.0297	0.0272	0.0025	0.0150	0.0145	0.0005	0.0147	0.0127	0.0020	0.0067	0.0038	0.0029	0.0022	0.0017	0.0005	0.0045	0.0021	0.0024	0.2855	0.2706	0.7664	0.0422	0.0310	0.0000	0.6188	inf	0.7936	0.0000	0.0000	0.0000	0.0000	0.0000	0.0000	0.0000	0.0000	0.0000	
32	35	0.2178	6	0	1	0	1	0	0	0	0	N	N	N	N	N	N	N	N	N	N	N	N	6.2230	8.0405	12.5915	2.3799	2.2221	20.4361	3.1665	0.4829	13.8964	0.0019	0.0016	0.0046	0.0006	0.0007	0.0002	0.0025	0.0021	0.0052	0.0003	0.0002	0.0004	0.0003	0.0003	0.0000	0.0008	0.0043	0.0004	0.3229	1.7071	-0.0001	0.0000	3.8146	53.2438	0.9911	16.6757	0.0017	0.0013	0.0004	0.0002	0.0002	0.0000	0.0016	0.0011	0.0004	0.0000	0.0000	0.0000	0.0000	0.0000	0.0000	0.0000	0.0000	0.0000	0.9071	0.8147	0.0924	0.2704	0.2587	0.0117	0.6367	0.5560	0.0807	0.1634	0.0868	0.0765	0.0248	0.0224	0.0025	0.1385	0.0644	0.0741	7.0738	8.5653	12.5915	2.3799	2.2221	20.4361	9.0650	13.6992	13.8964	0.0003	0.0002	0.0004	0.0003	0.0003	0.0000	0.0003	0.0002	0.0004
32	36	0.1770	6	0	2	0	0	0	0	0	0	N	Y	N	N	N	N	N	N	N	N	N	N	0.0000	0.0000	0.0000	0.0000	0.0000	0.0000	0.0000	0.0000	0.0000	0.0000	0.0000	0.0000	0.0000	0.0000	0.0000	0.0000	0.0000	0.0000	0.0130	0.0043	0.0105	0.0059	0.0066	0.0016	0.0223	0.0179	0.0086	3.8676	0.0000	0.0001	3.8146	17.9460	0.9911	11.6991	0.0000	0.0000	0.0000	0.0000	0.0000	0.0000	0.0000	0.0000	0.0000	0.0003	0.0001	0.0003	0.0000	0.0000	0.0000	0.0003	0.0000	0.0002	0.3242	0.2881	0.0362	0.0863	0.0811	0.0052	0.2380	0.2070	0.0309	0.0786	0.0404	0.0382	0.0097	0.0087	0.0010	0.0689	0.0317	0.0372	0.0000	0.0000	0.0000	0.0000	0.0000	0.0000	0.0000	0.0000	0.0000	0.0040	0.0016	0.0066	0.0048	0.0051	0.0016	0.0039	0.0006	0.0067	
32	37	0.4517	9	1	2	0	0	0	0	0	0	N	Y	N	N	N	N	N	N	N	N	N	N	0.0000	0.0000	0.0000	0.0000	0.0000	0.0000	0.0000	0.0000	0.0000	0.0000	0.0000	0.0000	0.0000	0.0000	0.0000	0.0000	0.0000	0.0000	0.0000	0.0000	0.0000	0.0000	inf	0.0000	0.0000	3.8146	1.9903	0.9911	0.0021	0.0000	0.0000	0.0000	0.0000	0.0000	0.0000	0.0000	0.0000	0.0000	0.0000	0.0000	0.0000	0.0000	0.0000	0.0000	0.0000	0.0000	0.0000	0.0377	0.0338	0.0039	0.0141	0.0133	0.0007	0.0237	0.0205	0.0032	0.0049	0.0029	0.0020	0.0015	0.0013	0.0002	0.0035	0.0017	0.0018	0.0000	0.0000	0.0000	0.0000	0.0000	0.0000	0.0000	0.0000	0.0000	0.0000	0.0000	0.0000	0.0000	0.0000	0.0000	0.0000	0.0000	0.0000						
32	38	0.2178	6	0	2	0	1	0	0	0	0	N	Y	N	N	N	N	N	N	N	N	N	N	0.1045	0.0371	2.5956	0.0437	0.0082	913.4164	0.2795	0.0621	0.2333	0.0006	0.0004	0.0018	0.0007	0.0001	0.0127	0.0005	0.0005	0.0002	0.0053	0.0111	0.0007	0.0157	0.0182	0.0000	0.0018	0.0087	0.0007	0.4876	0.1896	0.0000	-0.0001	3.8146	45.5232	0.9911	15.8903	0.0004	0.0003	0.0001	0.0002	0.0000	0.0001	0.0003	0.0003	0.0000	0.0003	0.0003	0.0000	0.0002	0.0002	0.0000	0.0001	0.0000	0.0000	0.8038	0.7221	0.0817	0.2458	0.2352	0.0106	0.5581	0.4869	0.0712	0.1483	0.0791	0.0692	0.0234	0.0212	0.0022	0.1249	0.0579	0.0670	0.2751	0.1306	2.5956	0.0698	0.0138	913.4164	0.9148	1.5783	0.2333	0.0020	0.0032	0.0007	0.0099	0.0109	0.0000	0.0005	0.0003	0.0007
32	39	0.1907	5	0	1	0	1	0	0	0	0	N	N	N	N	N	N	N	N	N	N	N	N	0.0917	0.1200	0.1113	0.7197	0.7558	0.0013	0.0426	0.0053	0.1555	0.0018	0.0019	0.0013	0.0021	0.0021	0.0000	0.0017	0.0017	0.0015	0.0198	0.0157	0.0117	0.0029	0.0028	0.0030	0.0402	0.3285	0.0096	0.0817	1.4622	-0.0001	-0.0000	3.8146	13.8166	0.9911	4.5847	0.0005	0.0005	0.0000	0.0002	0.0002	0.0000	0.0003	0.0003	0.0000	0.0003	0.0001	0.0002	0.0000	0.0000	0.0000	0.0003	0.0001	0.0002	0.2693	0.2411	0.0283	0.0822	0.0787	0.0036	0.1871	0.1624	0.0247	0.0515	0.0280	0.0235	0.0078	0.0072	0.0007	0.0437	0.0209	0.0228	0.3354	0.4645	0.1851	0.7197	0.7558	0.0013	0.2915	0.3922	0.2081	0.0054	0.0040	0.0071	0.0029	0.0028	0.0030	0.0059	0.0045	0.0072
32	40	0.3525	9	0	1	1	0	0	0	0	0	N	N	N	N	N	N	N	N	N	N	N	N	3.1935	1.5376	0.0000	0.0035	0.0032	156849.6335	inf	0.0000	0.0081	0.0090	0.0000	0.0000	0.0000	0.0000	0.0122	0.0141	0.0000	0.0025	0.0059	0.0000	0.0067	0.0078	0.0000	0.0000	0.0000	0.0000	0.0000	0.0001	-0.0006	-0.0000	3.8146	12.6411	0.9911	7.4648	0.0020	0.0020	0.0000	0.0000	0.0000	0.0000	0.0020	0.0020	0.0000	0.0001	0.0001	0.0000	0.0001	0.0001	0.0000	0.0000	0.0000	0.0000	0.2424	0.2174	0.0250	0.0824	0.0791	0.0033	0.1601	0.1384	0.0217	0.0539	0.0304	0.0235	0.0116	0.0106	0.0011	0.0422	0.0199	0.0224	7.1704	4.5142	0.0000	0.0045	0.0043	0.0000	156849.6335	inf	0.0000	0.0011	0.0020	0.0000	0.0052	0.0057	0.0000	0.0000	0.0000	0.0000	
32	41	0.4392	7	0	2	0	0	0	0	0	0	N	Y	N	N	N	N	N	N	N	N	N	N	30.9831	19.3770	11.5873	84.2928	77.5515	0.0000	0.5478	0.0165	14.4489	0.1011	0.1098	0.0074	0.1921	0.2002	0.0000	0.0023	0.0012	0.0098	0.0033	0.0057	0.0006	0.0023	0.0026	0.0000	0.0043	0.0717	0.0007	0.0062	0.2435	-0.0146	-0.0000	3.8146	22.0894	0.9911	9.3639	0.0518	0.0515	0.0003	0.0512	0.0512	0.0000	0.0006	0.0003	0.0003	0.0001	0.0001	0.0000	0.0000	0.0000	0.0000	0.0001	0.0000	0.0000	0.5123	0.4690	0.0433	0.2667	0.2559	0.0108	0.2456	0.2131	0.0325	0.0724	0.0417	0.0307	0.0179	0.0158	0.0021	0.0545	0.0259	0.0285	73.3589	57.0473	11.5873	84.2928	77.5515	0.0000	2.1515	0.7766	14.4489	0.0014	0.0019	0.0006	0.0023	0.0026	0.0000	0.0011	0.0015	0.0007
32	42	0.1907	5	0	2	0	0	0	0	0	0	N	Y	N	N	N	N	N	N	N	N	N	N	520.8195	331.2121	0.3880	0.0041	0.0038	0.0046	407.1816	23.6410	0.4258	1.3921	1.5578	0.0002	0.0000	0.0000	0.0000	1.8824	2.1595	0.0003	0.0027	0.0047	0.0006	0.0013	0.0015	0.0002	0.0046	0.0913	0.0006	0.0000	0.3337	-0.2874	-0.0001	3.8146	43.3975	0.9911	17.3745	1.0011	1.0011	0.0000	0.0000	0.0000	0.0000	1.0011	1.0011	0.0000	0.0002	0.0001	0.0000	0.0000	0.0000	0.0000	0.0001	0.0001	0.0000	0.7191	0.6426	0.0765	0.1873	0.1791	0.0082	0.5318	0.4636	0.0682	0.1421	0.0744	0.0677	0.0167	0.0147	0.0020	0.1254	0.0597	0.0657	1173.8454	916.9787	0.3880	0.0041	0.0038	0.0046	1613.6196	1233.2964	0.4258	0.0012	0.0017	0.0006	0.0013	0.0015	0.0002	0.0012	0.0018	0.0006
32	43	0.3694	6	1	1	1	0	0	0	0	0	N	N	N	N	N	N	N	N	N	N	N	N	12.2406	0.0086	106.8361	0.0063	0.0058	15.4769	inf	124.1120	0.0005	0.0000	0.0047	0.0000	0.0000	0.0000	0.0007	0.0000	0.0056	0.0000	0.0000	0.0000	0.0001	0.0001	0.0000	0.0000	0.0000	0.0000	1464.1208	1.0657	0.0001	-0.0000	3.8146	18.2331	0.9911	4.4208	0.0002	0.0000	0.0002	0.0000	0.0000	0.0000	0.0002	0.0000	0.0002	0.0000	0.0000	0.0000	0.0000	0.0000	0.0000	0.0000	0.0000	0.0000	0.3560	0.3195	0.0365	0.1234	0.1172	0.0062	0.2326	0.2023	0.0302	0.0613	0.0330	0.0283	0.0089	0.0078	0.0010	0.0524	0.0252	0.0272	12.2406	0.0104	106.8361	0.0063	0.0058	0.0000	31.0331	inf	124.1120	0.0000	0.0000	0.0000	0.0001	0.0001	0.0000	0.0000	0.0000	0.0000	
32	44	0.4292	6	0	2	0	1	0	0	0	0	N	Y	N	N	N	N	N	N	N	N	N	N	9.1813	5.2906	2.5411	47.5879	43.2592	84.9324	0.1745	0.0051	2.9744	0.0451	0.0498	0.0015	0.1074	0.1140	0.0002	0.0012	0.0011	0.0019	0.0049	0.0094	0.0006	0.0023	0.0026	0.0000	0.0070	0.2194	0.0006	0.0032	0.1484	-0.0151	-0.0002	3.8146	62.5878	0.9911	29.9840	0.0530	0.0529	0.0002	0.0522	0.0522	0.0000	0.0008	0.0007	0.0002	0.0004	0.0004	0.0001	0.0001	0.0001	0.0000	0.0003	0.0002	0.0001	1.1758	1.0609	0.1149	0.4860	0.4575	0.0285	0.6898	0.6034	0.0864	0.2152	0.1249	0.0903	0.0552	0.0473	0.0080	0.1599	0.0776	0.0823	23.8863	17.5862	2.5411	47.5879	43.2592	84.9324	0.6922	0.3800	2.9744	0.0019	0.0028	0.0006	0.0023	0.0026	0.0000	0.0018	0.0030	0.0006
32	45	0.3694	6	1	1	1	0	0	0	0	0	N	N	N	N	N	N	N	N	N	N	N	N	23.4677	26.5638	0.0000	20.5260	19.1696	0.0012	inf	0.0000	0.0012	0.0013	0.0000	0.0034	0.0036	0.0000	0.0000	0.0000	0.0000	0.0001	0.0001	0.0001	0.0002	0.0002	0.0000	0.0001	0.0000	0.0001	0.0000	1.0713	-0.0001	-0.0000	3.8146	13.5293	0.9911	3.1702	0.0003	0.0003	0.0000	0.0003	0.0003	0.0000	0.0000	0.0000	0.0000	0.0000	0.0000	0.0000	0.0000	0.0000	0.0000	0.0000	0.0000	0.0000	0.2743	0.2465	0.0278	0.0974	0.0926	0.0048	0.1769	0.1539	0.0230	0.0465	0.0252	0.0214	0.0070	0.0062	0.0008	0.0396	0.0190	0.0206	23.4677	29.2517	0.0000	20.5260	19.1696	0.0000	0.0029	inf	0.0000	0.0001	0.0000	0.0001	0.0002	0.0002	0.0000	0.0000	0.0000	0.0001	
32	46	0.3650	5	1	1	1	0	0	0	0	0	N	N	N	N	N	N	N	N	N	N	N	N	0.0080	0.0141	0.0041	0.0143	0.0135	0.5211	0.0030	0.0032	0.0023	0.0000	0.0000	0.0000	0.0000	0.0000	0.0000	0.0000	0.0000	0.0000	0.0013	0.0008	0.0010	0.0012	0.0013	0.0000	0.0019	0.0020	0.0010	0.0366	1.6453	-0.0000	-0.0000	3.8146	4.1147	0.9911	1.2946	0.0000	0.0000	0.0000	0.0000	0.0000	0.0000	0.0000	0.0000	0.0000	0.0000	0.0000	0.0000	0.0000	0.0000	0.0000	0.0000	0.0000	0.0000	0.1149	0.1048	0.0101	0.0477	0.0459	0.0018	0.0673	0.0589	0.0084	0.0189	0.0108	0.0081	0.0040	0.0037	0.0003	0.0149	0.0071	0.0079	0.0148	0.0236	0.0041	0.0143	0.0135	0.5211	0.0101	0.1412	0.0023	0.0007	0.0005	0.0010	0.0012	0.0013	0.0000	0.0006	0.0000	0.0010
32	47	0.3023	4	1	1	0	0	0	0	0	0	N	N	N	N	N	N	N	N	N	N	N	N	0.1236	0.0427	9.2771	0.0395	0.0335	19.3188	16.3556	1.8512	0.3357	0.0127	0.0139	0.0028	0.0055	0.0050	0.0149	0.0165	0.0189	0.0001	0.1031	0.3251	0.0003	0.1395	0.1478	0.0008	0.0010	0.0102	0.0003	0.0233	0.0111	-0.0016	-0.0010	3.8146	22.0103	0.9911	13.6452	0.0059	0.0058	0.0001	0.0009	0.0007	0.0001	0.0051	0.0051	0.0000	0.0016	0.0015	0.0000	0.0015	0.0015	0.0000	0.0000	0.0000	0.0000	0.4655	0.4172	0.0482	0.1579	0.1491	0.0088	0.3075	0.2682	0.0394	0.1393	0.0826	0.0567	0.0357	0.0334	0.0022	0.1036	0.0491	0.0545	1.1373	0.7430	9.2771	0.1287	0.1086	19.3188	49.4283	48.6044	0.3357	0.0112	0.0187	0.0003	0.0428	0.0456	0.0008	0.0003	0.0004	0.0003
32	48	0.3525	9	0	2	0	0	0	0	0	0	N	Y	N	N	N	N	N	N	N	N	N	N	46.7846	28.6089	0.0000	1.5273	1.4581	309.7810	inf	0.0000	0.0007	0.0008	0.0000	0.0001	0.0001	0.0000	0.0011	0.0012	0.0000	0.0000	0.0000	0.0000	0.0001	0.0001	0.0000	0.0000	0.0000	0.0000	0.0000	0.2043	-0.0001	-0.0000	3.8146	12.3962	0.9911	3.7178	0.0002	0.0002	0.0000	0.0000	0.0000	0.0000	0.0002	0.0002	0.0000	0.0000	0.0000	0.0000	0.0000	0.0000	0.0000	0.0000	0.0000	0.0000	0.2410	0.2162	0.0249	0.0819	0.0787	0.0033	0.1591	0.1375	0.0216	0.0459	0.0263	0.0196	0.0104	0.0096	0.0009	0.0355	0.0167	0.0187	46.7846	35.9728	0.0000	1.5273	1.4581	0.0000	309.7810	inf	0.0000	0.0000	0.0000	0.0000	0.0001	0.0001	0.0000	0.0000	0.0000	0.0000	
32	49	0.3236	8	0	1	0	0	0	0	0	0	N	N	N	N	N	N	N	N	N	N	N	N	0.6409	0.7116	0.0367	3.7282	3.5205	inf	0.0145	0.0025	0.0037	0.0019	0.0021	0.0001	0.0050	0.0052	0.0003	0.0001	0.0001	0.0000	0.0030	0.0030	0.0014	0.0013	0.0015	0.0000	0.0051	0.0343	0.0015	0.0027	0.9503	-0.0002	-0.0000	3.8146	14.4870	0.9911	5.8627	0.0006	0.0006	0.0000	0.0006	0.0006	0.0000	0.0000	0.0000	0.0000	0.0001	0.0000	0.0000	0.0000	0.0000	0.0000	0.0001	0.0000	0.0000	0.3139	0.2829	0.0310	0.1178	0.1129	0.0049	0.1960	0.1699	0.0261	0.0633	0.0355	0.0277	0.0160	0.0146	0.0015	0.0472	0.0210	0.0263	1.4804	1.7940	0.0367	3.7282	3.5205	inf	0.0580	0.0865	0.0037	0.0013	0.0012	0.0014	0.0013	0.0015	0.0000	0.0013	0.0010	0.0015
32	50	0.3198	9	1	2	1	0	0	0	0	0	N	Y	N	N	N	N	N	N	N	N	N	N	inf	inf	inf	inf	inf	inf	inf	inf	0.0076	0.0082	0.0030	0.0247	0.0251	0.0177	0.0000	0.0000	0.0000	0.0000	0.0000	0.0000	0.0000	0.0000	0.0000	0.0000	0.0000	0.0000	0.0466	-0.0000	0.0000	3.8146	0.9856	0.9911	2.8295	0.0001	0.0001	0.0000	0.0001	0.0001	0.0000	0.0000	0.0000	0.0000	0.0000	0.0000	0.0000	0.0000	0.0000	0.0000	0.0000	0.0000	0.0000	0.0179	0.0159	0.0020	0.0055	0.0052	0.0003	0.0123	0.0107	0.0017	0.0092	0.0046	0.0047	0.0006	0.0005	0.0001	0.0087	0.0041	0.0046	inf	inf	inf	inf	inf	inf	inf	0.0000	inf	0.0000	0.0000	0.0000	0.0000	0.0000	0.0000	0.0000	0.0000	0.0000		
32	51	0.4091	7	1	2	0	0	0	0	0	0	N	Y	N	N	N	N	N	N	N	N	N	N	508.4991	3597.6375	0.0000	4361.1777	4137.9583	0.0000	13.8049	46.3939	0.0000	0.2416	0.2691	0.0000	0.6125	0.6508	0.0000	0.0193	0.0221	0.0000	0.0005	0.0001	0.0008	0.0001	0.0002	0.0000	0.0014	0.0005	0.0009	0.0000	6.9208	-0.0215	0.0000	3.8146	13.3057	0.9911	8.6321	0.0748	0.0748	0.0000	0.0711	0.0711	0.0000	0.0037	0.0037	0.0000	0.0000	0.0000	0.0000	0.0000	0.0000	0.0000	0.0000	0.0000	0.0000	0.3098	0.2781	0.0316	0.1161	0.1093	0.0068	0.1937	0.1689	0.0248	0.0724	0.0437	0.0288	0.0228	0.0203	0.0025	0.0496	0.0233	0.0263	679.3090	3613.2072	0.0000	4361.1777	4137.9583	0.0000	42.4171	9318.5618	0.0000	0.0004	0.0001	0.0008	0.0001	0.0002	0.0000	0.0005	0.0000	0.0009
32	52	0.4546	11	0	2	0	1	0	0	0	0	N	Y	N	N	N	N	N	N	N	N	N	N	0.0019	0.0007	0.0000	0.0018	0.0015	0.0000	0.0818	0.0044	0.0000	0.0000	0.0000	0.0000	0.0000	0.0000	0.0000	0.0000	0.0000	0.0000	0.0112	0.0314	0.0000	0.0220	0.0270	0.0003	0.0001	0.0028	0.0000	0.0004	0.0046	-0.0000	-0.0000	3.8146	2.1073	0.9911	0.0711	0.0000	0.0000	0.0000	0.0000	0.0000	0.0000	0.0000	0.0000	0.0000	0.0000	0.0000	0.0000	0.0000	0.0000	0.0000	0.0000	0.0000	0.0000	0.0386	0.0346	0.0040	0.0140	0.0133	0.0007	0.0246	0.0212	0.0033	0.0053	0.0031	0.0022	0.0015	0.0013	0.0002	0.0038	0.0018	0.0020	0.0060	0.0039	0.0000	0.0031	0.0029	0.0000	0.2202	0.1540	0.0000	0.0035	0.0060	0.0000	0.0127	0.0145	0.0003	0.0000	0.0001	0.0000
32	53	0.3922	10	0	1	0	1	0	0	0	0	N	N	N	N	N	N	N	N	N	N	N	N	4.3168	8.1911	0.2293	2.2229	1.9310	586.0428	3.3769	1.3531	0.0008	0.0095	0.0106	0.0003	0.0025	0.0026	0.0018	0.0133	0.0154	0.0000	0.0022	0.0013	0.0015	0.0011	0.0013	0.0000	0.0039	0.0113	0.0016	0.0038	1.8853	-0.0009	0.0000	3.8146	21.8329	0.9911	8.0592	0.0033	0.0033	0.0000	0.0003	0.0003	0.0000	0.0030	0.0030	0.0000	0.0001	0.0000	0.0000	0.0000	0.0000	0.0000	0.0000	0.0000	0.0000	0.3488	0.3120	0.0367	0.1237	0.1170	0.0067	0.2251	0.1951	0.0300	0.0565	0.0307	0.0258	0.0089	0.0076	0.0013	0.0476	0.0231	0.0245	9.1650	16.0020	0.2293	2.2229	1.9310	586.0428	13.1054	35.0708	0.0008	0.0010	0.0007	0.0015	0.0011	0.0013	0.0000	0.0010	0.0004	0.0016
32	54	0.5216	9	0	2	0	1	0	0	0	0	N	Y	N	N	N	N	N	N	N	N	N	N	0.0000	0.0000	0.0000	0.0000	0.0000	0.0000	0.0000	0.0000	0.0000	0.0000	0.0000	0.0000	0.0000	0.0000	0.0000	0.0000	0.0000	0.0000	0.0000	0.0000	3.8146	0.0000	0.9911	0.0000	0.0000	0.0000	0.0000	0.0000	0.0000	0.0000	0.0000	0.0000	0.0000	0.0000	0.0000	0.0000	0.0000	0.0000	0.0000	0.0000	0.0000	0.0000	0.0000	0.0000	0.0000	0.0000	0.0000	0.0000	0.0000	0.0000	0.0000	0.0000	0.0000	0.0000	0.0000	0.0000	0.0000	0.0000	0.0000	0.0000	0.0000	0.0000	0.0000	0.0000	0.0000	0.0000	0.0000	0.0000	0.0000	0.0000	0.0000	0.0000	0.0000	0.0000	0.0000	0.0000	0.0000	0.0000											
32	55	0.3922	10	0	1	0	1	0	0	0	0	N	N	N	N	N	N	N	N	N	N	N	N	0.5380	0.2576	0.0000	0.4913	0.4866	0.0000	0.0338	0.0019	0.0002	0.0002	0.0000	0.0004	0.0004	0.0000	0.0000	0.0000	0.0000	0.0003	0.0008	0.0000	0.0008	0.0009	0.0001	0.0002	0.0051	0.0000	0.0000	0.0039	-0.0000	-0.0000	3.8146	1.2825	0.9911	0.1503	0.0000	0.0000	0.0000	0.0000	0.0000	0.0000	0.0000	0.0000	0.0000	0.0000	0.0000	0.0000	0.0000	0.0000	0.0000	0.0000	0.0000	0.0000	0.0286	0.0258	0.0029	0.0124	0.0117	0.0007	0.0162	0.0141	0.0021	0.0039	0.0024	0.0015	0.0010	0.0009	0.0001	0.0029	0.0015	0.0014	0.6362	0.4350	0.0000	0.4913	0.4866	0.0000	0.0872	0.0507	0.0000	0.0003	0.0005	0.0000	0.0008	0.0009	0.0001	0.0001	0.0002	0.0000	
32	56	0.3512	9	0	1	0	1	0	0	0	0	N	N	N	N	N	N	N	N	N	N	N	N	0.2258	0.1003	3.5755	0.3252	0.2611	10.9351	0.0408	0.0027	0.0596	0.0001	0.0001	0.0001	0.0002	0.0002	0.0007	0.0000	0.0000	0.0000	0.0005	0.0011	0.0000	0.0008	0.0008	0.0001	0.0007	0.0121	0.0000	0.1366	0.0423	-0.0000	-0.0000	3.8146	14.8542	0.9911	6.8183	0.0000	0.0000	0.0000	0.0000	0.0000	0.0000	0.0000	0.0000	0.0000	0.0000	0.0000	0.0000	0.0000	0.0000	0.0000	0.0000	0.0000	0.0000	0.2953	0.2648	0.0305	0.1166	0.1108	0.0058	0.1787	0.1540	0.0247	0.0587	0.0347	0.0240	0.0149	0.0131	0.0018	0.0438	0.0216	0.0222	0.3045	0.1840	3.5755	0.3252	0.2611	10.9351	0.1163	0.0710	0.0596	0.0004	0.0006	0.0000	0.0008	0.0008	0.0001	0.0002	0.0005	0.0000
32	57	0.2763	8	0	1	0	1	0	0	0	0	N	N	N	N	N	N	N	N	N	N	N	N	0.0895	0.1409	0.1248	0.1442	0.1362	0.3443	0.0549	0.0583	0.0143	0.0005	0.0005	0.0004	0.0007	0.0007	0.0017	0.0003	0.0004	0.0000	0.0054	0.0035	0.0029	0.0050	0.0049	0.0050	0.0063	0.0067	0.0028	0.0817	1.7380	-0.0001	0.0000	3.8146	33.5853	0.9911	9.3450	0.0003	0.0003	0.0000	0.0002	0.0001	0.0000	0.0001	0.0001	0.0000	0.0002	0.0001	0.0001	0.0001	0.0001	0.0000	0.0001	0.0000	0.0001	0.6330	0.5684	0.0646	0.2342	0.2220	0.0123	0.3987	0.3464	0.0523	0.1022	0.0559	0.0464	0.0176	0.0157	0.0020	0.0846	0.0402	0.0444	0.2360	0.3635	0.1248	0.1675	0.1579	0.3443	0.2180	1.5111	0.0143	0.0021	0.0014	0.0029	0.0043	0.0042	0.0050	0.0016	0.0003	0.0028
32	58	0.2555	7	0	1	0	0	0	0	0	0	N	N	N	N	N	N	N	N	N	N	N	N	0.0314	0.2237	0.0282	0.5501	0.4116	17.2283	0.0135	0.0170	0.0047	0.0007	0.0007	0.0006	0.0006	0.0005	0.0032	0.0008	0.0009	0.0001	0.0219	0.0031	0.0211	0.0011	0.0011	0.0002	0.0560	0.0504	0.0180	0.0930	7.9817	-0.0000	0.0001	3.8146	15.2419	0.9911	2.5705	0.0002	0.0002	0.0000	0.0001	0.0001	0.0000	0.0002	0.0002	0.0000	0.0003	0.0000	0.0003	0.0000	0.0000	0.0000	0.0003	0.0000	0.0003	0.3497	0.3152	0.0345	0.1324	0.1267	0.0057	0.2173	0.1885	0.0288	0.0503	0.0265	0.0237	0.0096	0.0088	0.0007	0.0407	0.0177	0.0230	0.1185	0.5704	0.0542	0.5501	0.4116	17.2283	0.1088	0.6727	0.0074	0.0058	0.0012	0.0109	0.0011	0.0011	0.0002	0.0069	0.0013	0.0113
32	59	0.5216	9	0	1	0	1	0	0	0	0	N	N	N	N	N	N	N	N	N	N	N	N	0.0000	0.0000	0.0000	0.0000	0.0000	0.0000	0.0000	0.0000	0.0000	0.0000	0.0000	0.0000	0.0000	0.0000	0.0000	0.0000	0.0000	0.0000	0.0000	0.0000	3.8146	0.0000	0.9911	0.0000	0.0000	0.0000	0.0000	0.0000	0.0000	0.0000	0.0000	0.0000	0.0000	0.0000	0.0000	0.0000	0.0000	0.0000	0.0000	0.0000	0.0000	0.0000	0.0000	0.0000	0.0000	0.0000	0.0000	0.0000	0.0000	0.0000	0.0000	0.0000	0.0000	0.0000	0.0000	0.0000	0.0000	0.0000	0.0000	0.0000	0.0000	0.0000	0.0000	0.0000	0.0000	0.0000	0.0000	0.0000	0.0000	0.0000	0.0000	0.0000	0.0000	0.0000	0.0000	0.0000	0.0000	0.0000											
32	60	0.4442	8	0	1	0	1	0	0	0	0	N	N	N	N	N	N	N	N	N	N	N	N	14.7221	7.0712	1.9526	20.4204	17.2822	0.0512	0.6594	0.0320	2.5251	0.0904	0.0981	0.0003	0.1526	0.1589	0.0000	0.0021	0.0023	0.0004	0.0061	0.0139	0.0001	0.0075	0.0092	0.0000	0.0031	0.0727	0.0002	0.0002	0.0263	-0.0110	-0.0001	3.8146	19.3360	0.9911	7.9957	0.0385	0.0385	0.0000	0.0381	0.0381	0.0000	0.0004	0.0004	0.0000	0.0001	0.0001	0.0000	0.0001	0.0001	0.0000	0.0000	0.0000	0.0000	0.4257	0.3923	0.0334	0.2498	0.2398	0.0100	0.1759	0.1525	0.0235	0.0545	0.0326	0.0219	0.0164	0.0140	0.0024	0.0381	0.0186	0.0196	40.0465	26.6596	1.9526	27.3831	24.4134	0.0512	2.4929	1.5129	2.5251	0.0023	0.0037	0.0001	0.0056	0.0065	0.0000	0.0008	0.0015	0.0002
32	61	0.0219	2	0	2	1	0	0	0	0	0	N	Y	N	N	N	N	N	N	N	N	N	N	4.6525	0.0085	14.2332	1.2844	1.2027	4.1022	4.6462	0.0000	15.3959	4.2421	0.0078	29.8407	0.0570	0.0555	0.1842	4.8192	0.0000	30.1289	0.9118	0.9205	2.0966	0.0444	0.0462	0.0449	1.0372	1.4867	1.9569	633.0321	2.5068	0.8069	0.0015	3.8146	14.2360	0.9911	11.9336	1.1344	0.0018	1.1326	0.0018	0.0018	0.0001	1.1325	0.0000	1.1325	0.0177	0.0051	0.0127	0.0000	0.0000	0.0000	0.0177	0.0050	0.0127	0.2674	0.2295	0.0380	0.0324	0.0320	0.0004	0.2350	0.1974	0.0376	0.0857	0.0421	0.0437	0.0010	0.0010	0.0000	0.0847	0.0411	0.0437	20.5093	0.0648	102.8223	2.7321	2.6745	5.0627	23.0543	0.0004	103.8027	0.2068	0.1202	0.2902	0.0209	0.0208	0.0364	0.2090	0.1227	0.2903
32	62	0.2427	8	1	1	1	0	0	0	0	0	N	N	N	N	N	N	N	N	N	N	N	N	11209.8657	8.3961	1327213.2668	8.2767	6.6569	inf	7910.6265	0.3353	1453238.2990	1.6098	0.0028	12.5027	0.0062	0.0054	0.0226	2.1527	0.0018	13.8159	0.0001	0.0003	0.0000	0.0008	0.0008	0.0000	0.0003	0.0053	0.0000	663.7481	0.0338	0.5813	-0.0000	3.8146	28.8660	0.9911	13.2209	0.8171	0.0012	0.8159	0.0008	0.0007	0.0001	0.8163	0.0006	0.8157	0.0000	0.0000	0.0000	0.0000	0.0000	0.0000	0.0000	0.0000	0.0000	0.5076	0.4423	0.0653	0.1284	0.1222	0.0062	0.3792	0.3202	0.0590	0.1063	0.0533	0.0529	0.0068	0.0063	0.0005	0.0995	0.0470	0.0524	11209.8657	10.0420	1327213.2668	8.2767	6.6569	inf	21081.6094	8.6736	1453238.2990	0.0001	0.0003	0.0000	0.0008	0.0008	0.0000	0.0001	0.0002	0.0000
32	63	0.2400	7	1	2	0	0	0	0	0	0	N	Y	N	N	N	N	N	N	N	N	N	N	0.0270	0.2467	0.0000	0.3723	0.3556	0.0000	0.0000	0.0000	0.0001	0.0001	0.0000	0.0004	0.0004	0.0000	0.0000	0.0000	0.0000	0.0040	0.0005	0.0029	0.0011	0.0012	0.0000	0.0067	0.0005	0.0030	0.0000	7.5099	-0.0000	0.0000	3.8146	5.0237	0.9911	8.0282	0.0000	0.0000	0.0000	0.0000	0.0000	0.0000	0.0000	0.0000	0.0000	0.0001	0.0000	0.0001	0.0000	0.0000	0.0000	0.0001	0.0000	0.0001	0.0875	0.0779	0.0096	0.0234	0.0223	0.0011	0.0641	0.0557	0.0085	0.0374	0.0194	0.0181	0.0064	0.0059	0.0006	0.0310	0.0135	0.0175	0.0674	0.3336	0.0000	0.3723	0.3556	0.0000	0.0000	0.0000	0.0000	0.0016	0.0004	0.0029	0.0011	0.0012	0.0000	0.0017	0.0000	0.0030	
32	64	0.1770	6	1	2	0	0	0	0	0	0	N	Y	N	N	N	N	N	N	N	N	N	N	0.0002	0.0001	0.0010	0.0000	0.0000	0.0000	0.0353	0.0068	0.0011	0.0000	0.0000	0.0000	0.0000	0.0000	0.0000	0.0000	0.0000	0.0000	0.1943	0.4698	0.0005	0.7113	0.7549	0.0000	0.0011	0.0068	0.0005	0.0017	0.0149	-0.0000	-0.0009	3.8146	17.5893	0.9911	19.0270	0.0000	0.0000	0.0000	0.0000	0.0000	0.0000	0.0000	0.0000	0.0000	0.0014	0.0014	0.0000	0.0014	0.0014	0.0000	0.0000	0.0000	0.0000	0.3185	0.2830	0.0355	0.0850	0.0798	0.0051	0.2336	0.2032	0.0304	0.0937	0.0480	0.0457	0.0108	0.0096	0.0012	0.0829	0.0384	0.0445	0.0019	0.0011	0.0010	0.0000	0.0000	0.0000	0.1070	0.1734	0.0011	0.0153	0.0294	0.0005	0.1294	0.1456	0.0000	0.0004	0.0003	0.0005
32	65	0.1707	5	0	2	0	0	0	0	0	0	N	Y	N	N	N	N	N	N	N	N	N	N	0.0001	0.0000	0.0000	0.0001	0.0001	0.0000	0.0000	0.0000	0.0000	0.0000	0.0000	0.0000	0.0000	0.0000	0.0000	0.0000	0.0000	0.0000	0.0080	0.0147	0.0009	0.0126	0.0134	0.0005	0.0025	0.0136	0.0009	0.0000	0.1301	-0.0000	-0.0000	3.8146	1.7566	0.9911	2.8742	0.0000	0.0000	0.0000	0.0000	0.0000	0.0000	0.0000	0.0000	0.0000	0.0001	0.0001	0.0000	0.0001	0.0001	0.0000	0.0000	0.0000	0.0000	0.0363	0.0324	0.0038	0.0101	0.0097	0.0004	0.0262	0.0227	0.0034	0.0218	0.0142	0.0076	0.0060	0.0059	0.0001	0.0158	0.0083	0.0075	0.0002	0.0001	0.0000	0.0002	0.0002	0.0000	0.0000	0.0000	0.0000	0.0028	0.0039	0.0009	0.0084	0.0086	0.0005	0.0007	0.0005	0.0009
32	66	0.0219	2	0	2	0	0	0	0	0	0	N	Y	N	N	N	N	N	N	N	N	N	N	35.6161	0.2481	4356.4826	0.0443	0.0451	inf	243.9101	0.0992	4398.6536	0.3604	0.0081	2.6210	0.0585	0.0575	0.1289	0.3972	0.0011	2.6467	0.0101	0.0326	0.0006	1.3196	1.2755	0.0000	0.0016	0.0109	0.0006	50.5117	0.1017	0.0946	-0.0002	3.8146	21.1811	0.9911	10.1862	0.1364	0.0026	0.1337	0.0024	0.0023	0.0001	0.1340	0.0003	0.1337	0.0003	0.0003	0.0000	0.0003	0.0003	0.0000	0.0001	0.0000	0.0000	0.3785	0.3274	0.0510	0.0412	0.0406	0.0005	0.3373	0.2868	0.0505	0.1011	0.0495	0.0515	0.0010	0.0010	0.0000	0.1001	0.0486	0.0515	108.4651	1.3146	4356.4826	0.2058	0.2012	inf	780.8649	2.6302	4398.6536	0.0033	0.0062	0.0006	0.2841	0.2861	0.0000	0.0005	0.0004	0.0006
32	68	0.3236	8	0	1	1	0	0	0	0	0	N	N	N	N	N	N	N	N	N	N	N	N	276.0623	1190.6306	2.5319	0.0312	0.0115	inf	210.4891	inf	2.8053	0.3940	0.4368	0.0035	0.0000	0.0000	0.0003	0.6288	0.7247	0.0041	0.0014	0.0004	0.0014	0.0007	0.0007	0.0000	0.0030	0.0000	0.0015	0.0009	3.7092	-0.0364	0.0000	3.8146	15.0354	0.9911	6.2061	0.1271	0.1270	0.0001	0.0000	0.0000	0.0000	0.1271	0.1270	0.0001	0.0001	0.0000	0.0000	0.0000	0.0000	0.0000	0.0000	0.0000	0.0000	0.3227	0.2908	0.0319	0.1205	0.1155	0.0050	0.2022	0.1753	0.0269	0.0651	0.0365	0.0286	0.0163	0.0148	0.0015	0.0488	0.0217	0.0271	513.1901	1501.4964	2.5319	0.0312	0.0115	inf	779.8502	inf	2.8053	0.0008	0.0003	0.0014	0.0007	0.0007	0.0000	0.0008	0.0000	0.0015
32	69	0.2555	7	0	1	0	0	0	0	0	0	N	N	N	N	N	N	N	N	N	N	N	N	5.6049	6.8753	4.5679	1.8340	1.2776	13061.6894	5.6505	7.6231	0.6904	0.0049	0.0052	0.0028	0.0029	0.0022	0.0166	0.0060	0.0068	0.0004	0.0009	0.0008	0.0006	0.0016	0.0017	0.0000	0.0011	0.0009	0.0006	0.0615	1.2362	-0.0006	-0.0000	3.8146	27.6811	0.9911	13.1592	0.0027	0.0025	0.0002	0.0005	0.0004	0.0001	0.0022	0.0021	0.0000	0.0001	0.0000	0.0000	0.0000	0.0000	0.0000	0.0000	0.0000	0.0000	0.5413	0.4867	0.0546	0.1822	0.1742	0.0081	0.3591	0.3125	0.0465	0.0983	0.0515	0.0469	0.0149	0.0134	0.0015	0.0834	0.0380	0.0453	9.2256	11.3116	4.5679	1.8340	1.2776	13061.6894	17.0110	852.9767	0.6904	0.0005	0.0005	0.0006	0.0016	0.0017	0.0000	0.0004	0.0000	0.0006
32	70	0.2207	6	0	1	0	0	0	0	0	0	N	N	N	N	N	N	N	N	N	N	N	N	1.4463	1.7118	6.2363	2.5251	1.9872	208.6058	0.5322	0.0978	4.7968	0.0015	0.0010	0.0051	0.0027	0.0023	0.0118	0.0008	0.0004	0.0040	0.0010	0.0006	0.0008	0.0011	0.0012	0.0001	0.0016	0.0037	0.0008	0.5489	1.6037	0.0000	-0.0000	3.8146	19.6565	0.9911	4.0504	0.0006	0.0004	0.0002	0.0004	0.0003	0.0001	0.0002	0.0001	0.0001	0.0000	0.0000	0.0000	0.0000	0.0000	0.0000	0.0000	0.0000	0.0000	0.4028	0.3616	0.0411	0.1330	0.1275	0.0055	0.2698	0.2342	0.0356	0.0666	0.0364	0.0302	0.0114	0.0105	0.0009	0.0552	0.0259	0.0292	2.4418	2.4997	6.2363	2.5251	1.9872	208.6058	1.6913	3.0439	4.7968	0.0006	0.0004	0.0008	0.0011	0.0012	0.0001	0.0005	0.0001	0.0008
32	71	0.0113	2	1	2	0	0	0	0	0	0	N	Y	N	N	N	N	N	N	N	N	N	N	0.0595	25.5303	0.0756	0.0698	0.0717	inf	0.0802	0.8023	0.0711	0.7415	0.0148	2.7529	0.0309	0.0310	0.0001	0.9998	0.0055	2.7638	12.4588	0.0006	36.4230	0.4432	0.4328	0.0000	12.4683	0.0069	38.8924	67.4371	63381.8155	0.2782	0.3518	3.8146	17.5448	0.9911	6.0013	0.3984	0.0058	0.3925	0.0044	0.0044	0.0000	0.3939	0.0014	0.3925	0.9467	0.0000	0.9467	0.0000	0.0000	0.0000	0.9467	0.0000	0.9467	0.5372	0.3946	0.1426	0.1432	0.1427	0.0006	0.3940	0.2520	0.1420	0.0760	0.0370	0.0390	0.0001	0.0001	0.0000	0.0759	0.0369	0.0390	0.0595	36.5326	0.1134	0.3630	0.3607	inf	0.0802	20.4389	0.1138	12.4588	0.0004	24.2785	0.0852	0.0860	0.0000	12.4683	0.0003	24.2789
32	72	0.0797	5	1	2	1	0	0	0	0	0	N	Y	N	N	N	N	N	N	N	N	N	N	577.9160	2.1333	inf	14.2852	3.7458	inf	inf	inf	inf	0.0340	0.0002	0.2446	0.0040	0.0011	0.1804	0.0401	0.0000	0.2459	0.0001	0.0001	0.0000	0.0003	0.0003	0.0000	0.0000	0.0000	0.0000	187.6728	0.0000	0.0009	-0.0000	3.8146	1.8980	0.9911	2.9698	0.0013	0.0000	0.0013	0.0000	0.0000	0.0000	0.0013	0.0000	0.0013	0.0000	0.0000	0.0000	0.0000	0.0000	0.0000	0.0000	0.0000	0.0000	0.0376	0.0324	0.0052	0.0063	0.0062	0.0001	0.0313	0.0262	0.0051	0.0229	0.0139	0.0090	0.0048	0.0047	0.0001	0.0181	0.0092	0.0088	577.9160	2.1610	inf	14.2852	3.7458	inf	inf	inf	inf	0.0001	0.0001	0.0000	0.0003	0.0003	0.0000	0.0000	0.0000	0.0000
32	73	0.0601	4	1	1	1	0	0	0	0	0	N	N	N	N	N	N	N	N	N	N	N	N	10.2939	0.0422	7159.3794	0.8667	0.8006	2.9965	16.0591	0.0005	7196.3787	2.6993	0.0202	10.4774	0.0364	0.0367	0.0000	4.5390	0.0005	10.6219	0.2622	0.4788	0.0015	0.0420	0.0458	0.0000	0.2826	0.9439	0.0015	178.6789	0.0342	0.3965	-0.0004	3.8146	3.5853	0.9911	4.3819	0.5606	0.0031	0.5575	0.0031	0.0031	0.0000	0.5575	0.0000	0.5575	0.0006	0.0006	0.0000	0.0001	0.0001	0.0000	0.0005	0.0005	0.0000	0.2077	0.1545	0.0532	0.0849	0.0841	0.0007	0.1228	0.0703	0.0525	0.0321	0.0187	0.0134	0.0048	0.0047	0.0001	0.0273	0.0140	0.0133	146.0111	0.6577	7159.3794	1.8090	1.7811	2.9965	249.3911	0.0140	7196.3787	0.0185	0.0307	0.0015	0.0201	0.0206	0.0000	0.0182	0.0341	0.0015
32	74	0.0286	3	1	1	1	0	0	0	0	0	N	N	N	N	N	N	N	N	N	N	N	N	37.2492	41.2137	127.8309	41.6935	40.9332	81.2245	17.4055	0.0356	173.0381	0.3500	0.2194	0.8638	0.6603	0.6665	0.0251	0.2385	0.0010	0.8746	0.0094	0.0053	0.0068	0.0158	0.0163	0.0003	0.0137	0.0294	0.0051	0.9998	2.2468	0.0250	0.0000	3.8146	12.3589	0.9911	7.3592	0.1173	0.0587	0.0587	0.0585	0.0585	0.0000	0.0588	0.0002	0.0586	0.0002	0.0001	0.0001	0.0000	0.0000	0.0000	0.0002	0.0000	0.0001	0.3353	0.2674	0.0679	0.0886	0.0878	0.0009	0.2467	0.1796	0.0671	0.0676	0.0361	0.0315	0.0037	0.0036	0.0001	0.0639	0.0325	0.0315	111.4604	121.0695	185.4560	66.5250	66.1145	81.2245	86.6877	1.1721	187.4390	0.0031	0.0018	0.0047	0.0099	0.0101	0.0003	0.0028	0.0009	0.0047
32	75	0.0113	2	1	1	1	0	0	0	0	0	N	N	N	N	N	N	N	N	N	N	N	N	3.1944	1.5245	267.3771	0.1672	0.1668	inf	34.1711	0.0090	268.0411	0.5972	0.7195	0.3237	1.5310	1.5350	0.0389	0.1482	0.0003	0.3245	0.1869	0.4719	0.0012	9.1556	9.2043	0.0000	0.0043	0.0339	0.0012	0.2012	0.0432	-0.0301	-0.0003	3.8146	10.2127	0.9911	1.0234	0.2519	0.2097	0.0422	0.2096	0.2096	0.0000	0.0422	0.0000	0.0422	0.0006	0.0005	0.0000	0.0005	0.0005	0.0000	0.0000	0.0000	0.0000	0.4217	0.2914	0.1303	0.1369	0.1366	0.0004	0.2848	0.1549	0.1299	0.0374	0.0182	0.0192	0.0001	0.0001	0.0000	0.0374	0.0182	0.0192	39.7717	24.3069	267.3771	0.1672	0.1668	inf	135.3379	0.3141	268.0411	0.0150	0.0296	0.0012	9.1556	9.2043	0.0000	0.0011	0.0010	0.0012
32	79	0.1707	5	0	2	0	0	0	0	0	0	N	Y	N	N	N	N	N	N	N	N	N	N	2.6174	6.8096	3.3844	0.0000	0.0000	0.0000	1.5799	2.0149	3.6773	0.0008	0.0008	0.0016	0.0000	0.0000	0.0000	0.0011	0.0010	0.0018	0.0003	0.0001	0.0005	0.0005	0.0005	0.0001	0.0007	0.0005	0.0005	0.2593	3.6537	-0.0000	0.0000	3.8146	23.9173	0.9911	17.8091	0.0003	0.0003	0.0001	0.0000	0.0000	0.0000	0.0003	0.0003	0.0001	0.0000	0.0000	0.0000	0.0000	0.0000	0.0000	0.0000	0.0000	0.0000	0.4033	0.3589	0.0444	0.0954	0.0910	0.0044	0.3078	0.2679	0.0400	0.1067	0.0572	0.0495	0.0125	0.0113	0.0012	0.0942	0.0458	0.0483	3.0608	6.8096	3.3844	0.0000	0.0000	0.0000	4.4972	388.9343	3.6773	0.0003	0.0001	0.0005	0.0005	0.0005	0.0001	0.0002	0.0000	0.0005
32	80	0.1546	4	0	2	0	0	0	0	0	0	N	Y	N	N	N	N	N	N	N	N	N	N	0.0002	0.0001	0.0005	0.0002	0.0002	0.0000	0.0001	0.0000	0.0005	0.0000	0.0000	0.0000	0.0000	0.0000	0.0000	0.0000	0.0000	0.0000	0.0019	0.0038	0.0002	0.0027	0.0029	0.0000	0.0019	0.0290	0.0002	0.0483	0.1101	-0.0000	-0.0000	3.8146	6.1279	0.9911	3.6878	0.0000	0.0000	0.0000	0.0000	0.0000	0.0000	0.0000	0.0000	0.0000	0.0000	0.0000	0.0000	0.0000	0.0000	0.0000	0.0000	0.0000	0.0000	0.1065	0.0945	0.0120	0.0236	0.0226	0.0010	0.0829	0.0720	0.0109	0.0322	0.0191	0.0131	0.0055	0.0053	0.0003	0.0267	0.0139	0.0128	0.0003	0.0002	0.0005	0.0002	0.0002	0.0000	0.0004	0.0003	0.0005	0.0009	0.0014	0.0002	0.0027	0.0029	0.0000	0.0006	0.0009	0.0002
32	81	0.2427	8	1	1	1	0	0	0	0	0	N	N	N	N	N	N	N	N	N	N	N	N	39.0590	917.3875	3.8166	1123.2984	1098.2507	inf	0.3645	0.0098	5.3461	0.4885	0.5538	0.0494	1.8900	1.9862	0.0010	0.0086	0.0001	0.0545	0.0125	0.0006	0.0129	0.0017	0.0018	0.0000	0.0236	0.0056	0.0102	0.0133	17.8823	-0.0653	0.0001	3.8146	27.2690	0.9911	12.3406	0.2384	0.2353	0.0031	0.2353	0.2353	0.0000	0.0031	0.0000	0.0031	0.0004	0.0000	0.0004	0.0000	0.0000	0.0000	0.0004	0.0000	0.0004	0.4880	0.4249	0.0632	0.1245	0.1185	0.0060	0.3635	0.3064	0.0571	0.1017	0.0511	0.0506	0.0066	0.0061	0.0005	0.0951	0.0449	0.0501	124.5438	1339.4283	6.6146	1123.2984	1098.2507	inf	2.1107	0.2468	7.2324	0.0039	0.0004	0.0075	0.0017	0.0018	0.0000	0.0041	0.0002	0.0075
32	82	0.2273	7	0	1	0	0	0	0	0	0	N	N	N	N	N	N	N	N	N	N	N	N	2946.5872	304.8338	15975.9461	91.8178	85.4201	inf	2128.9953	4.6180	18028.1967	0.8589	0.0457	5.8261	0.0974	0.0995	0.0554	1.2893	0.0098	6.6291	0.0003	0.0001	0.0004	0.0011	0.0012	0.0000	0.0006	0.0021	0.0004	20.8626	2.5609	0.1222	0.0000	3.8146	9.0798	0.9911	0.9519	0.1832	0.0084	0.1748	0.0075	0.0073	0.0002	0.1757	0.0011	0.1746	0.0000	0.0000	0.0000	0.0000	0.0000	0.0000	0.0000	0.0000	0.0000	0.2133	0.1833	0.0300	0.0770	0.0733	0.0037	0.1362	0.1099	0.0263	0.0258	0.0126	0.0132	0.0012	0.0011	0.0001	0.0246	0.0115	0.0131	3302.1171	304.8338	15975.9461	91.8178	85.4201	inf	5850.6224	190.2592	18028.1967	0.0003	0.0001	0.0004	0.0011	0.0012	0.0000	0.0002	0.0001	0.0004
32	83	0.1546	4	0	2	0	0	0	0	0	0	N	Y	N	N	N	N	N	N	N	N	N	N	1829.6583	23764.5025	0.0000	21.8989	60947.5536	0.0000	1786.9040	771.4740	0.0000	1.7833	2.0065	0.0000	0.0428	0.0448	0.0000	2.2726	2.6131	0.0000	0.0010	0.0001	0.0012	0.0020	0.0000	0.0205	0.0013	0.0034	0.0007	0.0000	11.8957	-0.1800	0.0000	3.8146	21.0000	0.9911	14.4214	0.6270	0.6270	0.0000	0.0033	0.0033	0.0000	0.6237	0.6237	0.0000	0.0001	0.0000	0.0001	0.0000	0.0000	0.0000	0.0000	0.0000	0.0000	0.3516	0.3125	0.0391	0.0772	0.0738	0.0034	0.2744	0.2387	0.0358	0.0928	0.0498	0.0431	0.0102	0.0093	0.0010	0.0826	0.0405	0.0421	3054.7360	23764.5025	0.0000	21.8989	60947.5536	0.0000	5490.7486	25233.7875	0.0000	0.0006	0.0001	0.0012	0.0020	0.0000	0.0205	0.0004	0.0001	0.0007
32	84	0.2122	8	0	1	1	0	0	0	0	0	N	N	N	N	N	N	N	N	N	N	N	N	67.7970	248.4874	0.0000	361.1543	312.6331	0.0000	2.8602	inf	0.0000	0.2148	0.2406	0.0000	0.7565	0.7921	0.0000	0.0138	0.0159	0.0000	0.0032	0.0010	0.0022	0.0021	0.0025	0.0000	0.0048	0.0000	0.0023	0.0000	3.7955	-0.0221	0.0000	3.8146	20.4085	0.9911	11.0867	0.0771	0.0771	0.0000	0.0735	0.0735	0.0000	0.0036	0.0036	0.0000	0.0001	0.0000	0.0001	0.0000	0.0000	0.0000	0.0001	0.0000	0.0001	0.3591	0.3205	0.0386	0.0972	0.0928	0.0044	0.2620	0.2277	0.0342	0.0769	0.0392	0.0377	0.0103	0.0085	0.0018	0.0666	0.0307	0.0359	159.5529	437.1886	0.0000	361.1543	312.6331	0.0000	11.2480	inf	0.0000	0.0013	0.0006	0.0022	0.0021	0.0025	0.0000	0.0012	0.0000	0.0023
32	85	0.2085	7	0	1	1	0	0	0	0	0	N	N	N	N	N	N	N	N	N	N	N	N	0.0364	0.0175	0.0000	0.0326	0.0274	0.0000	0.0265	0.0082	0.0000	0.0002	0.0002	0.0000	0.0005	0.0005	0.0000	0.0000	0.0000	0.0000	0.0047	0.0109	0.0003	0.0146	0.0181	0.0001	0.0004	0.0017	0.0003	0.0000	0.0747	-0.0000	-0.0000	3.8146	3.1287	0.9911	1.1816	0.0000	0.0000	0.0000	0.0000	0.0000	0.0000	0.0000	0.0000	0.0000	0.0000	0.0000	0.0000	0.0000	0.0000	0.0000	0.0000	0.0000	0.0000	0.0720	0.0648	0.0072	0.0247	0.0238	0.0009	0.0474	0.0411	0.0063	0.0126	0.0069	0.0057	0.0022	0.0020	0.0003	0.0104	0.0049	0.0054	0.0937	0.0612	0.0000	0.0503	0.0459	0.0000	0.0711	0.4196	0.0000	0.0018	0.0031	0.0003	0.0095	0.0108	0.0001	0.0002	0.0000	0.0003
32	86	0.2016	6	0	1	0	0	0	0	0	0	N	N	N	N	N	N	N	N	N	N	N	N	0.0005	0.0000	0.0163	0.0000	0.0000	0.0000	0.0015	0.0000	0.0179	0.0000	0.0000	0.0000	0.0000	0.0000	0.0000	0.0000	0.0000	0.0000	0.0005	0.0009	0.0001	0.0016	0.0018	0.0000	0.0002	0.0015	0.0001	inf	0.2359	0.0000	-0.0000	3.8146	4.0532	0.9911	2.2470	0.0000	0.0000	0.0000	0.0000	0.0000	0.0000	0.0000	0.0000	0.0000	0.0000	0.0000	0.0000	0.0000	0.0000	0.0000	0.0000	0.0000	0.0000	0.0797	0.0715	0.0082	0.0237	0.0227	0.0010	0.0560	0.0488	0.0072	0.0189	0.0103	0.0086	0.0033	0.0029	0.0004	0.0156	0.0074	0.0083	0.0007	0.0000	0.0163	0.0000	0.0000	0.0000	0.0038	0.0000	0.0179	0.0003	0.0005	0.0001	0.0016	0.0018	0.0000	0.0001	0.0000	0.0001
32	87	0.1784	5	0	1	0	0	0	0	0	0	N	N	N	N	N	N	N	N	N	N	N	N	0.0000	0.0000	0.0000	0.0000	0.0000	0.0000	0.0000	0.0000	0.0000	0.0000	0.0000	0.0000	0.0000	0.0000	0.0000	0.0000	0.0000	0.0000	0.3910	0.5855	0.0004	0.7371	0.7545	0.0001	0.0025	0.0356	0.0004	0.0000	0.0065	-0.0000	-0.0008	3.8146	4.7288	0.9911	9.8540	0.0000	0.0000	0.0000	0.0000	0.0000	0.0000	0.0000	0.0000	0.0000	0.0014	0.0014	0.0000	0.0013	0.0013	0.0000	0.0000	0.0000	0.0000	0.1039	0.0938	0.0100	0.0399	0.0383	0.0016	0.0639	0.0555	0.0084	0.0500	0.0292	0.0208	0.0098	0.0092	0.0006	0.0402	0.0200	0.0203	0.0000	0.0000	0.0000	0.0000	0.0000	0.0000	0.0000	0.0000	0.0000	0.0273	0.0465	0.0004	0.1365	0.1451	0.0001	0.0007	0.0010	0.0004
32	88	0.1546	4	0	1	0	0	0	0	0	0	N	N	N	N	N	N	N	N	N	N	N	N	0.0000	0.0000	0.0003	0.0001	0.0001	0.0000	0.0000	0.0000	0.0003	0.0000	0.0000	0.0000	0.0000	0.0000	0.0000	0.0000	0.0000	0.0000	0.0121	0.0083	0.0081	0.0121	0.0137	0.0000	0.0158	0.0177	0.0068	1.5641	1.6196	0.0000	-0.0000	3.8146	8.6320	0.9911	7.0881	0.0000	0.0000	0.0000	0.0000	0.0000	0.0000	0.0000	0.0000	0.0000	0.0002	0.0001	0.0001	0.0001	0.0001	0.0000	0.0001	0.0000	0.0001	0.1491	0.1323	0.0167	0.0329	0.0315	0.0014	0.1161	0.1008	0.0153	0.0468	0.0265	0.0203	0.0067	0.0062	0.0005	0.0401	0.0203	0.0199	0.0001	0.0001	0.0004	0.0001	0.0001	0.0000	0.0001	0.0000	0.0004	0.0038	0.0025	0.0054	0.0082	0.0088	0.0000	0.0030	0.0006	0.0055
32	89	0.2223	6	0	2	0	0	0	0	0	0	N	Y	N	N	N	N	N	N	N	N	N	N	149.6491	62.9971	234.8246	78.9789	75.0350	49.5446	2.0510	262.5361	0.0443	0.0484	0.0085	0.1310	0.1369	0.0000	0.0045	0.0037	0.0098	0.0003	0.0008	0.0000	0.0017	0.0018	0.0000	0.0001	0.0018	0.0000	0.0205	0.0681	-0.0035	-0.0000	3.8146	15.4622	0.9911	5.2688	0.0130	0.0127	0.0003	0.0120	0.0120	0.0000	0.0009	0.0006	0.0003	0.0000	0.0000	0.0000	0.0000	0.0000	0.0000	0.0000	0.0000	0.0000	0.2927	0.2622	0.0304	0.0919	0.0880	0.0039	0.2007	0.1742	0.0265	0.0536	0.0288	0.0248	0.0075	0.0068	0.0007	0.0461	0.0219	0.0241	167.5549	105.0566	234.8246	78.9789	75.0350	0.0000	122.6697	102.3175	262.5361	0.0003	0.0005	0.0000	0.0017	0.0018	0.0000	0.0000	0.0000	0.0000	
32	90	0.2106	5	0	1	0	0	0	0	0	0	N	N	N	N	N	N	N	N	N	N	N	N	347.6627	327.7648	0.0943	593.5185	566.2008	0.0000	113.0192	14.6921	0.1056	0.1658	0.1840	0.0000	0.2696	0.2816	0.0000	0.1121	0.1286	0.0000	0.0005	0.0006	0.0003	0.0005	0.0005	0.0000	0.0010	0.0088	0.0003	0.0000	0.5539	-0.0077	-0.0000	3.8146	7.5917	0.9911	1.5198	0.0268	0.0268	0.0000	0.0148	0.0148	0.0000	0.0119	0.0119	0.0000	0.0000	0.0000	0.0000	0.0000	0.0000	0.0000	0.0000	0.0000	0.0000	0.1614	0.1454	0.0160	0.0550	0.0526	0.0023	0.1064	0.0928	0.0136	0.0297	0.0172	0.0125	0.0065	0.0059	0.0006	0.0232	0.0113	0.0120	465.5511	464.1403	0.0943	593.5185	566.2008	0.0000	341.0963	374.3755	0.1056	0.0004	0.0004	0.0003	0.0005	0.0005	0.0000	0.0003	0.0003	0.0003
32	91	0.3198	9	1	1	1	0	0	0	0	0	N	N	N	N	N	N	N	N	N	N	N	N	inf	inf	inf	inf	inf	inf	1.4613	1.6417	0.0000	0.2218	0.2337	0.0000	1.9803	2.2882	0.0000	0.0000	0.0000	0.0000	0.0000	0.0000	0.0000	0.0000	0.0000	0.0000	0.0000	-0.0221	0.0000	3.8146	3.0317	0.9911	0.1644	0.0768	0.0768	0.0000	0.0034	0.0034	0.0000	0.0734	0.0734	0.0000	0.0000	0.0000	0.0000	0.0000	0.0000	0.0000	0.0000	0.0000	0.0000	0.0526	0.0468	0.0058	0.0155	0.0147	0.0008	0.0371	0.0321	0.0050	0.0078	0.0038	0.0039	0.0005	0.0004	0.0001	0.0073	0.0034	0.0039	inf	inf	0.0000	inf	inf	0.0000	inf	inf	0.0000	0.0000	0.0000	0.0000	0.0000	0.0000	0.0000	0.0000	0.0000	0.0000				
32	92	0.3140	8	1	1	1	0	0	0	0	0	N	N	N	N	N	N	N	N	N	N	N	N	233.9725	108.2816	453.5659	15.7748	14.8090	inf	4829.0002	inf	291.4297	0.0031	0.0034	0.0006	0.0024	0.0024	0.0019	0.0035	0.0040	0.0004	0.0000	0.0000	0.0000	0.0001	0.0002	0.0000	0.0000	0.0000	0.0000	0.0195	0.0532	-0.0000	-0.0000	3.8146	2.6632	0.9911	1.0147	0.0002	0.0002	0.0000	0.0001	0.0000	0.0000	0.0001	0.0001	0.0000	0.0000	0.0000	0.0000	0.0000	0.0000	0.0000	0.0000	0.0000	0.0000	0.0583	0.0528	0.0056	0.0214	0.0206	0.0008	0.0370	0.0322	0.0048	0.0096	0.0049	0.0047	0.0008	0.0008	0.0001	0.0087	0.0041	0.0046	233.9725	136.2826	453.5659	15.7748	14.8090	inf	4829.0002	inf	291.4297	0.0000	0.0000	0.0000	0.0001	0.0002	0.0000	0.0000	0.0000	0.0000
32	93	0.2308	7	1	1	1	0	0	0	0	0	N	N	N	N	N	N	N	N	N	N	N	N	46.1868	20.0142	270.8196	13.1122	11.6791	inf	54.4509	inf	295.4761	0.1168	0.1257	0.0479	0.3803	0.3957	0.0015	0.0135	0.0068	0.0528	0.0025	0.0063	0.0002	0.0290	0.0339	0.0000	0.0002	0.0000	0.0002	0.0496	0.0863	-0.0178	-0.0001	3.8146	35.0787	0.9911	12.2568	0.0740	0.0705	0.0035	0.0678	0.0678	0.0000	0.0061	0.0027	0.0035	0.0001	0.0001	0.0000	0.0001	0.0001	0.0000	0.0000	0.0000	0.0000	0.6337	0.5608	0.0729	0.1784	0.1714	0.0070	0.4553	0.3893	0.0659	0.1131	0.0559	0.0572	0.0076	0.0069	0.0006	0.1055	0.0490	0.0565	103.7475	60.0214	270.8196	24.5021	23.4519	inf	140.9650	inf	295.4761	0.0011	0.0021	0.0002	0.0155	0.0169	0.0000	0.0001	0.0000	0.0002
32	94	0.2173	6	1	1	0	0	0	0	0	0	N	N	N	N	N	N	N	N	N	N	N	N	3.9816	72.0495	13.8429	34.8598	33.4072	inf	1.5530	0.3569	19.2144	0.0537	0.0311	0.2039	0.0784	0.0806	0.0120	0.0407	0.0004	0.2218	0.0135	0.0004	0.0147	0.0022	0.0024	0.0000	0.0262	0.0012	0.0115	0.9838	24.2100	0.0024	0.0000	3.8146	8.4810	0.9911	2.3446	0.0117	0.0059	0.0058	0.0059	0.0058	0.0000	0.0058	0.0000	0.0058	0.0001	0.0000	0.0001	0.0000	0.0000	0.0000	0.0001	0.0000	0.0001	0.2177	0.1893	0.0284	0.0749	0.0724	0.0024	0.1428	0.1169	0.0260	0.0292	0.0148	0.0144	0.0021	0.0019	0.0001	0.0272	0.0129	0.0143	12.8354	94.9902	25.0677	34.8598	33.4072	inf	9.4048	27.8490	27.0116	0.0042	0.0003	0.0081	0.0022	0.0024	0.0000	0.0043	0.0000	0.0082
32	95	0.1546	4	0	2	0	1	0	0	0	0	N	Y	N	N	N	N	N	N	N	N	N	N	0.4339	3.4315	0.0000	8.8043	8.2478	0.0000	0.0000	0.0000	0.0009	0.0010	0.0000	0.0042	0.0044	0.0000	0.0000	0.0000	0.0000	0.0021	0.0003	0.0019	0.0005	0.0005	0.0000	0.0042	0.0052	0.0019	0.0000	6.5255	-0.0001	0.0000	3.8146	24.0032	0.9911	22.6134	0.0004	0.0004	0.0000	0.0004	0.0004	0.0000	0.0000	0.0000	0.0000	0.0001	0.0000	0.0001	0.0000	0.0000	0.0000	0.0001	0.0000	0.0001	0.3990	0.3547	0.0443	0.0874	0.0836	0.0038	0.3115	0.2710	0.0405	0.1173	0.0622	0.0551	0.0121	0.0108	0.0013	0.1052	0.0514	0.0538	0.9144	4.1048	0.0000	8.8043	8.2478	0.0000	0.0000	0.0000	0.0000	0.0010	0.0003	0.0019	0.0005	0.0005	0.0000	0.0011	0.0002	0.0019	
32	96	0.3913	6	0	2	0	0	0	0	0	0	N	Y	N	N	N	N	N	N	N	N	N	N	0.0003	0.0032	0.0000	0.0006	0.0006	0.0522	0.0002	inf	0.0000	0.0000	0.0000	0.0000	0.0000	0.0000	0.0000	0.0000	0.0000	0.0000	0.0024	0.0003	0.0025	0.0005	0.0005	0.0000	0.0055	0.0000	0.0027	0.0042	6.6271	-0.0000	0.0000	3.8146	18.5150	0.9911	10.2301	0.0000	0.0000	0.0000	0.0000	0.0000	0.0000	0.0000	0.0000	0.0000	0.0001	0.0000	0.0001	0.0000	0.0000	0.0000	0.0001	0.0000	0.0001	0.3702	0.3308	0.0393	0.1268	0.1186	0.0082	0.2434	0.2122	0.0311	0.0996	0.0617	0.0378	0.0299	0.0270	0.0029	0.0697	0.0348	0.0349	0.0007	0.0037	0.0000	0.0006	0.0006	0.0522	0.0007	inf	0.0000	0.0011	0.0002	0.0025	0.0005	0.0005	0.0000	0.0014	0.0000	0.0027
32	97	0.1837	5	0	2	0	0	0	0	0	0	N	Y	N	N	N	N	N	N	N	N	N	N	3.8280	2.0354	13.4766	466.1880	420.3357	inf	1.7155	0.1182	14.0063	0.0022	0.0021	0.0032	0.0019	0.0019	0.0014	0.0023	0.0021	0.0034	0.0006	0.0010	0.0002	0.0000	0.0000	0.0000	0.0013	0.0179	0.0002	0.1905	0.4230	-0.0002	-0.0000	3.8146	46.1140	0.9911	26.4917	0.0016	0.0014	0.0003	0.0003	0.0003	0.0000	0.0013	0.0011	0.0003	0.0001	0.0000	0.0000	0.0000	0.0000	0.0000	0.0001	0.0000	0.0000	0.7400	0.6597	0.0802	0.1662	0.1592	0.0070	0.5737	0.5005	0.0733	0.1662	0.0832	0.0830	0.0102	0.0091	0.0011	0.1560	0.0741	0.0819	5.4384	3.6513	13.4766	466.1880	420.3357	inf	5.2990	3.3224	14.0063	0.0004	0.0006	0.0002	0.0000	0.0000	0.0000	0.0004	0.0006	0.0002
32	98	0.4442	8	0	2	0	0	0	0	0	0	N	Y	N	N	N	N	N	N	N	N	N	N	0.0053	3.7296	0.0000	0.0102	0.0221	0.0000	0.0099	0.2773	0.0000	0.0035	0.0038	0.0000	0.0000	0.0000	0.0000	0.0084	0.0097	0.0000	0.6641	0.0010	1.3013	0.0000	0.0000	0.0000	0.8523	0.0350	1.3325	0.0000	198.4685	-0.0005	0.0015	3.8146	20.7840	0.9911	8.9470	0.0016	0.0016	0.0000	0.0000	0.0000	0.0000	0.0016	0.0016	0.0000	0.0040	0.0000	0.0040	0.0000	0.0000	0.0000	0.0040	0.0000	0.0040	0.4470	0.4115	0.0355	0.2594	0.2489	0.0106	0.1876	0.1626	0.0250	0.0586	0.0351	0.0236	0.0176	0.0150	0.0026	0.0411	0.0201	0.0210	0.0519	6.7309	0.0000	0.0102	0.0221	0.0000	0.0867	9.7865	0.0000	0.0680	0.0006	0.1683	0.0000	0.0000	0.0000	0.0971	0.0010	0.1889
32	99	0.4392	7	0	1	0	0	0	0	0	0	N	N	N	N	N	N	N	N	N	N	N	N	5.0792	5.0123	6.0357	39.0607	38.0800	66.6190	0.0149	0.0031	0.0090	0.2210	0.2279	0.1062	0.3072	0.3062	0.3443	0.0015	0.0018	0.0001	0.0435	0.0455	0.0176	0.0079	0.0080	0.0052	0.1026	0.5674	0.0140	0.0281	0.9448	-0.0126	-0.0000	3.8146	2.7834	0.9911	1.0450	0.0485	0.0471	0.0013	0.0484	0.0470	0.0013	0.0001	0.0001	0.0000	0.0001	0.0001	0.0001	0.0000	0.0000	0.0000	0.0001	0.0000	0.0001	0.2193	0.2068	0.0125	0.1574	0.1536	0.0038	0.0619	0.0532	0.0086	0.0185	0.0107	0.0078	0.0067	0.0064	0.0003	0.0118	0.0043	0.0075	27.4308	31.9635	11.3720	52.7186	52.2838	66.6190	0.1634	0.1939	0.0132	0.0081	0.0071	0.0093	0.0058	0.0059	0.0052	0.0093	0.0090	0.0095
32	100	0.4292	6	0	1	0	0	0	0	0	0	N	N	N	N	N	N	N	N	N	N	N	N	8.1236	3.1628	29.5321	75.0950	66.7152	170.5722	0.0812	0.0071	0.0747	0.1571	0.1675	0.0427	0.2563	0.2652	0.1053	0.0043	0.0048	0.0001	0.0193	0.0530	0.0014	0.0034	0.0040	0.0006	0.0524	0.6803	0.0015	0.0233	0.1143	-0.0147	-0.0002	3.8146	7.6044	0.9911	2.7972	0.0557	0.0545	0.0013	0.0551	0.0539	0.0013	0.0006	0.0006	0.0000	0.0003	0.0003	0.0000	0.0001	0.0001	0.0000	0.0002	0.0002	0.0000	0.3548	0.3251	0.0297	0.2152	0.2032	0.0120	0.1396	0.1220	0.0177	0.0605	0.0377	0.0228	0.0251	0.0228	0.0023	0.0354	0.0149	0.0206	29.5327	21.8492	29.5321	77.0205	73.7001	170.5722	0.6316	0.3487	0.0747	0.0053	0.0077	0.0014	0.0033	0.0036	0.0006	0.0067	0.0139	0.0015
32	101	0.3796	5	0	1	0	0	0	0	0	0	N	N	N	N	N	N	N	N	N	N	N	N	0.5241	0.3895	1.4666	331.7211	319.6820	219.9259	0.0265	0.0129	0.2782	0.1786	0.1986	0.0089	0.4887	0.5183	0.0383	0.0131	0.0148	0.0014	0.3407	0.5098	0.0061	0.0015	0.0016	0.0002	0.4957	1.1509	0.0051	0.0053	0.0817	-0.0191	-0.0013	3.8146	18.4780	0.9911	12.4520	0.0678	0.0674	0.0004	0.0645	0.0642	0.0003	0.0032	0.0032	0.0000	0.0023	0.0021	0.0002	0.0000	0.0000	0.0000	0.0023	0.0021	0.0002	0.3796	0.3396	0.0400	0.1321	0.1239	0.0081	0.2475	0.2157	0.0318	0.1023	0.0620	0.0403	0.0291	0.0261	0.0030	0.0732	0.0359	0.0373	7.8741	5.7413	2.0514	331.7211	319.6820	219.9259	0.4218	0.2536	0.3016	0.0227	0.0346	0.0044	0.0015	0.0016	0.0002	0.0311	0.0585	0.0047
32	102	0.2686	7	0	2	0	0	0	0	0	0	N	Y	N	N	N	N	N	N	N	N	N	N	0.1546	0.1716	0.0024	85.0293	182.8552	0.0050	0.0113	0.0078	0.0032	0.1019	0.1123	0.0010	0.2553	0.2660	0.0001	0.0091	0.0102	0.0012	0.6591	0.6545	0.4298	0.0030	0.0015	0.0181	0.8092	1.3107	0.3769	0.0009	0.9904	-0.0220	-0.0013	3.8146	34.1922	0.9911	22.4626	0.0768	0.0767	0.0001	0.0725	0.0725	0.0000	0.0043	0.0042	0.0001	0.0100	0.0050	0.0050	0.0001	0.0000	0.0001	0.0099	0.0050	0.0049	0.7533	0.6829	0.0704	0.2840	0.2726	0.0114	0.4693	0.4103	0.0590	0.1498	0.0868	0.0630	0.0320	0.0290	0.0030	0.1177	0.0577	0.0600	1.5276	1.9413	0.0130	85.0293	182.8552	0.0050	0.1084	0.1188	0.0147	0.0667	0.0579	0.0789	0.0030	0.0015	0.0181	0.0840	0.0862	0.0819
32	103	0.2207	6	0	2	0	0	0	0	0	0	N	Y	N	N	N	N	N	N	N	N	N	N	0.0338	0.2679	0.0452	4.6044	4.3348	12.4385	0.0104	0.0060	0.0327	0.0043	0.0045	0.0020	0.0089	0.0090	0.0061	0.0021	0.0022	0.0014	0.1268	0.0170	0.0447	0.0019	0.0021	0.0005	0.2026	0.3691	0.0429	0.0507	4.3213	-0.0005	0.0002	3.8146	22.5884	0.9911	11.0115	0.0019	0.0018	0.0001	0.0013	0.0012	0.0000	0.0006	0.0006	0.0001	0.0011	0.0002	0.0009	0.0000	0.0000	0.0000	0.0011	0.0002	0.0009	0.4483	0.4023	0.0460	0.1441	0.1380	0.0060	0.3043	0.2643	0.0400	0.0883	0.0476	0.0407	0.0137	0.0124	0.0013	0.0745	0.0351	0.0394	0.3507	1.0667	0.0937	4.6044	4.3348	12.4385	0.1496	0.4406	0.0631	0.0122	0.0043	0.0215	0.0019	0.0021	0.0005	0.0141	0.0050	0.0222
32	104	0.1907	5	0	1	0	0	0	0	0	0	N	N	N	N	N	N	N	N	N	N	N	N	0.2618	0.0389	20.6320	0.1747	0.1724	0.0083	0.2287	0.0016	27.2410	0.0016	0.0006	0.0109	0.0007	0.0008	0.0000	0.0021	0.0005	0.0125	0.0063	0.0144	0.0005	0.0042	0.0044	0.0028	0.0090	0.2835	0.0005	2.2738	0.1181	0.0002	-0.0001	3.8146	11.8100	0.9911	8.7888	0.0004	0.0001	0.0003	0.0001	0.0001	0.0000	0.0003	0.0001	0.0003	0.0001	0.0001	0.0000	0.0000	0.0000	0.0000	0.0001	0.0001	0.0000	0.2364	0.2117	0.0247	0.0744	0.0712	0.0032	0.1620	0.1405	0.0215	0.0566	0.0307	0.0260	0.0083	0.0076	0.0007	0.0483	0.0231	0.0252	0.7133	0.1472	20.6320	0.1909	0.1945	0.0083	1.0103	0.1217	27.2410	0.0023	0.0038	0.0005	0.0038	0.0039	0.0028	0.0020	0.0038	0.0005
32	105	0.1546	4	0	1	0	0	0	0	0	0	N	N	N	N	N	N	N	N	N	N	N	N	0.0067	0.0030	7.7359	48.9164	45.6301	inf	0.0042	0.0007	8.0252	0.0032	0.0021	0.0119	0.0058	0.0059	0.0042	0.0025	0.0009	0.0126	0.4781	0.6961	0.0015	0.0001	0.0001	0.0000	0.5840	1.2896	0.0016	0.7069	0.0194	0.0001	-0.0014	3.8146	14.7392	0.9911	7.3617	0.0008	0.0005	0.0003	0.0003	0.0003	0.0000	0.0005	0.0002	0.0003	0.0023	0.0022	0.0000	0.0000	0.0000	0.0000	0.0022	0.0022	0.0000	0.2506	0.2226	0.0280	0.0552	0.0528	0.0024	0.1954	0.1699	0.0256	0.0622	0.0342	0.0279	0.0079	0.0073	0.0006	0.0543	0.0270	0.0273	0.0884	0.0327	7.7359	48.9164	45.6301	inf	0.0595	0.0115	8.0252	0.0362	0.0645	0.0015	0.0001	0.0001	0.0000	0.0414	0.0818	0.0016
32	106	0.2273	7	0	2	0	0	0	0	0	0	N	Y	N	N	N	N	N	N	N	N	N	N	22.9848	6.4238	0.0004	3674.5826	3459.0718	17.1999	3.5267	0.0004	1.8136	2.0756	0.0000	0.6054	0.6359	0.0000	2.3356	2.7806	0.0000	0.0789	0.3231	0.0020	0.0002	0.0002	0.0000	0.1358	0.7884	0.0021	0.0000	0.1166	-0.2028	-0.0004	3.8146	20.0414	0.9911	7.0324	0.7063	0.7063	0.0000	0.0711	0.0711	0.0000	0.6351	0.6351	0.0000	0.0007	0.0006	0.0001	0.0000	0.0000	0.0000	0.0007	0.0006	0.0001	0.3894	0.3403	0.0491	0.1175	0.1119	0.0056	0.2719	0.2284	0.0435	0.0664	0.0322	0.0342	0.0028	0.0025	0.0003	0.0636	0.0297	0.0339	179.8413	111.4422	0.0004	3674.5826	3459.0718	0.0000	222.1548	137.9709	0.0004	0.0101	0.0186	0.0020	0.0002	0.0002	0.0000	0.0105	0.0202	0.0021	
32	107	0.2173	6	0	1	0	0	0	0	0	0	N	N	N	N	N	N	N	N	N	N	N	N	234.8897	54.9780	4783.4643	38.6729	37.4433	inf	281.3471	0.2210	5169.1235	0.0667	0.0406	0.2369	0.0971	0.1001	0.0052	0.0496	0.0006	0.2586	0.0003	0.0007	0.0000	0.0025	0.0027	0.0000	0.0002	0.0027	0.0001	0.8952	0.1030	0.0024	-0.0000	3.8146	7.0315	0.9911	1.2144	0.0129	0.0068	0.0061	0.0068	0.0068	0.0000	0.0062	0.0001	0.0061	0.0000	0.0000	0.0000	0.0000	0.0000	0.0000	0.0000	0.0000	0.0000	0.1942	0.1684	0.0258	0.0699	0.0676	0.0022	0.1244	0.1007	0.0236	0.0228	0.0117	0.0111	0.0018	0.0017	0.0001	0.0210	0.0100	0.0110	258.7241	89.2598	4783.4643	38.6729	37.4433	inf	790.9484	7.8993	5169.1235	0.0003	0.0005	0.0000	0.0025	0.0027	0.0000	0.0001	0.0001	0.0001
32	108	0.1837	5	0	1	0	0	0	0	0	0	N	N	N	N	N	N	N	N	N	N	N	N	0.0603	0.0394	90.7632	0.0654	0.0662	inf	7.4558	0.0240	86.6210	0.0217	0.0232	0.0095	0.0874	0.0905	0.0129	0.0012	0.0000	0.0092	0.3605	0.5894	0.0001	1.3366	1.3671	0.0000	0.0002	0.0005	0.0001	0.0501	0.0021	-0.0015	-0.0008	3.8146	16.2725	0.9911	4.4748	0.0063	0.0060	0.0003	0.0061	0.0060	0.0000	0.0003	0.0000	0.0003	0.0014	0.0014	0.0000	0.0014	0.0014	0.0000	0.0000	0.0000	0.0000	0.2910	0.2592	0.0318	0.0693	0.0666	0.0028	0.2217	0.1927	0.0290	0.0559	0.0286	0.0273	0.0047	0.0043	0.0003	0.0512	0.0243	0.0269	0.8962	0.4916	90.7632	0.3012	0.2887	inf	21.3198	4.8372	86.6210	0.0243	0.0473	0.0001	0.2901	0.3133	0.0000	0.0001	0.0000	0.0001
32	109	0.2365	6	0	2	0	0	0	0	0	0	N	Y	N	N	N	N	N	N	N	N	N	N	170.2750	165.2740	27.5688	2.6615	2.5030	inf	180.7474	106.1857	30.1951	0.0302	0.0332	0.0045	0.0021	0.0021	0.0003	0.0410	0.0462	0.0051	0.0002	0.0002	0.0002	0.0008	0.0009	0.0000	0.0002	0.0004	0.0002	0.0159	0.7404	-0.0056	-0.0000	3.8146	40.5309	0.9911	14.7974	0.0205	0.0202	0.0003	0.0004	0.0004	0.0000	0.0201	0.0198	0.0003	0.0000	0.0000	0.0000	0.0000	0.0000	0.0000	0.0000	0.0000	0.0000	0.6790	0.6079	0.0711	0.1876	0.1792	0.0084	0.4913	0.4286	0.0627	0.1323	0.0715	0.0608	0.0174	0.0157	0.0017	0.1149	0.0558	0.0592	170.2750	176.0043	27.5688	2.6615	2.5030	inf	466.4326	23783.4675	30.1951	0.0002	0.0002	0.0002	0.0008	0.0009	0.0000	0.0001	0.0000	0.0002
32	110	0.2106	5	0	2	0	0	0	0	0	0	N	Y	N	N	N	N	N	N	N	N	N	N	5169.5979	10590.5389	0.0418	53.9305	51.1374	0.8028	3526.8487	896.2560	0.0438	3.7260	4.1525	0.0000	0.0197	0.0206	0.0000	5.3321	6.1191	0.0000	0.0007	0.0004	0.0006	0.0004	0.0004	0.0000	0.0015	0.0068	0.0007	0.0000	1.7221	-0.2776	0.0000	3.8146	13.5236	0.9911	3.5331	0.9669	0.9669	0.0000	0.0015	0.0015	0.0000	0.9654	0.9654	0.0000	0.0000	0.0000	0.0000	0.0000	0.0000	0.0000	0.0000	0.0000	0.0000	0.2595	0.2328	0.0267	0.0785	0.0751	0.0034	0.1810	0.1578	0.0233	0.0487	0.0270	0.0217	0.0083	0.0075	0.0008	0.0404	0.0194	0.0209	8133.5236	13667.3418	0.0418	53.9305	51.1374	0.8028	11177.2140	23068.4026	0.0438	0.0005	0.0003	0.0006	0.0004	0.0004	0.0000	0.0005	0.0003	0.0007
32	111	0.1546	4	0	1	0	0	0	0	0	0	N	N	N	N	N	N	N	N	N	N	N	N	0.0793	0.0634	0.0001	0.0072	0.0068	0.0864	0.0482	0.0001	0.0526	0.0592	0.0000	0.0000	0.0000	0.0000	0.0674	0.0776	0.0000	0.6634	0.9334	0.0013	0.0000	0.0000	0.0000	0.7805	1.6098	0.0014	0.0000	0.0091	-0.0043	-0.0037	3.8146	16.9399	0.9911	15.9768	0.0151	0.0151	0.0000	0.0000	0.0000	0.0000	0.0151	0.0151	0.0000	0.0059	0.0059	0.0001	0.0000	0.0000	0.0000	0.0059	0.0059	0.0001	0.2865	0.2545	0.0319	0.0630	0.0603	0.0027	0.2235	0.1943	0.0292	0.0872	0.0469	0.0403	0.0098	0.0089	0.0009	0.0774	0.0380	0.0394	0.7745	0.4733	0.0001	0.0072	0.0068	0.0000	0.8813	0.5026	0.0001	0.0679	0.1251	0.0013	0.0000	0.0000	0.0000	0.0765	0.1544	0.0014	
32	112	0.2590	8	1	2	0	1	0	0	0	0	N	Y	N	N	N	N	N	N	N	N	N	N	9.8198	inf	0.0000	inf	inf	0.0000	0.0000	0.0000	0.0000	0.0000	0.0001	0.0001	0.0000	0.0000	0.0000	0.0000	0.0000	0.0000	0.0000	0.0000	0.0000	0.0000	0.0000	0.0000	0.0000	0.0000	inf	-0.0000	0.0000	3.8146	0.0019	0.9911	1.9928	0.0000	0.0000	0.0000	0.0000	0.0000	0.0000	0.0000	0.0000	0.0000	0.0000	0.0000	0.0000	0.0000	0.0000	0.0000	0.0000	0.0000	0.0000	0.0001	0.0001	0.0000	0.0000	0.0000	0.0000	0.0000	0.0000	0.0000	0.0051	0.0027	0.0023	0.0008	0.0007	0.0001	0.0043	0.0020	0.0022	9.8198	inf	0.0000	inf	inf	0.0000	0.0000	0.0000	0.0000	0.0000	0.0000	0.0000	0.0000	0.0000	0.0000	0.0000	0.0000	0.0000		
32	113	0.2354	7	1	2	0	1	0	0	0	0	N	Y	N	N	N	N	N	N	N	N	N	N	0.1555	9.0298	0.0000	35.6181	32.3680	0.0000	0.0000	0.0000	0.0003	0.0004	0.0000	0.0012	0.0012	0.0000	0.0000	0.0000	0.0000	0.0022	0.0000	0.0021	0.0000	0.0000	0.0000	0.0046	0.0018	0.0021	0.0000	56.3456	-0.0000	0.0000	3.8146	8.6942	0.9911	6.0502	0.0001	0.0001	0.0000	0.0001	0.0001	0.0000	0.0000	0.0000	0.0000	0.0000	0.0000	0.0000	0.0000	0.0000	0.0000	0.0000	0.0000	0.0000	0.1627	0.1457	0.0170	0.0481	0.0461	0.0020	0.1146	0.0995	0.0151	0.0385	0.0194	0.0191	0.0043	0.0037	0.0006	0.0342	0.0157	0.0185	0.3340	10.8004	0.0000	35.6181	32.3680	0.0000	0.0000	0.0000	0.0000	0.0010	0.0000	0.0021	0.0000	0.0000	0.0000	0.0012	0.0000	0.0021	
32	114	0.2565	11	0	2	0	1	0	0	0	0	N	Y	N	N	N	N	N	N	N	N	N	N	0.0000	0.0000	0.0000	0.0000	0.0000	0.0000	0.0000	0.0000	0.0000	0.0000	0.0000	0.0000	0.0000	0.0000	0.0000	0.0000	0.0000	0.0000	0.0000	0.0000	3.8146	0.0001	0.9911	0.0001	0.0000	0.0000	0.0000	0.0000	0.0000	0.0000	0.0000	0.0000	0.0000	0.0000	0.0000	0.0000	0.0000	0.0000	0.0000	0.0000	0.0000	0.0000	0.0000	0.0000	0.0000	0.0000	0.0000	0.0000	0.0000	0.0000	0.0000	0.0000	0.0000	0.0000	0.0000	0.0000	0.0000	0.0000	0.0000	0.0000	0.0000	0.0000	0.0000	0.0000	0.0000	0.0000	0.0000	0.0000	0.0000	0.0000	0.0000	0.0000	0.0000	0.0000	0.0000	0.0000	0.0000	0.0000											
32	115	0.2498	10	0	2	0	1	0	0	0	0	N	Y	N	N	N	N	N	N	N	N	N	N	0.0000	0.0000	0.0000	0.0000	0.0000	0.0000	0.0000	0.0000	0.0000	0.0000	0.0000	0.0000	0.0000	0.0020	0.0000	0.0020	0.0000	0.0000	0.0000	0.0043	0.0000	0.0020	inf	0.0000	0.0000	3.8146	3.0007	0.9911	1.0012	0.0000	0.0000	0.0000	0.0000	0.0000	0.0000	0.0000	0.0000	0.0000	0.0000	0.0000	0.0000	0.0000	0.0000	0.0000	0.0000	0.0000	0.0000	0.0526	0.0469	0.0057	0.0133	0.0128	0.0006	0.0393	0.0341	0.0052	0.0101	0.0050	0.0051	0.0010	0.0008	0.0002	0.0091	0.0042	0.0049	0.0000	0.0000	0.0000	0.0000	0.0000	0.0000	0.0000	0.0000	0.0000	0.0010	0.0000	0.0020	0.0000	0.0000	0.0000	0.0011	0.0000	0.0020						
32	116	0.2479	9	0	1	0	1	0	0	0	0	N	N	N	N	N	N	N	N	N	N	N	N	2.4809	inf	0.0000	3.5339	inf	0.0000	0.0000	0.0000	0.0000	0.0000	0.0000	0.0000	0.0000	0.0000	0.0000	0.0000	0.0000	0.0000	0.0000	0.0000	0.0000	0.0000	0.0000	0.0000	0.0000	inf	-0.0000	0.0000	3.8146	1.1177	0.9911	0.0023	0.0000	0.0000	0.0000	0.0000	0.0000	0.0000	0.0000	0.0000	0.0000	0.0000	0.0000	0.0000	0.0000	0.0000	0.0000	0.0000	0.0000	0.0000	0.0206	0.0184	0.0022	0.0059	0.0056	0.0003	0.0147	0.0128	0.0019	0.0028	0.0014	0.0014	0.0003	0.0002	0.0000	0.0026	0.0012	0.0014	2.4809	inf	0.0000	0.0000	0.0000	0.0000	3.5339	inf	0.0000	0.0000	0.0000	0.0000	0.0000	0.0000	0.0000	0.0000	0.0000	0.0000			
32	117	0.0642	3	0	2	0	0	0	0	0	0	N	Y	N	N	N	N	N	N	N	N	N	N	0.0791	0.0263	0.0185	0.0032	0.0032	0.0041	0.0431	0.0028	0.0188	0.0011	0.0013	0.0000	0.0000	0.0000	0.0000	0.0013	0.0015	0.0000	0.0145	0.0491	0.0013	0.0013	0.0014	0.0003	0.0308	0.5351	0.0013	0.0023	0.1548	-0.0002	-0.0004	3.8146	31.2782	0.9911	23.9277	0.0006	0.0006	0.0000	0.0000	0.0000	0.0000	0.0006	0.0006	0.0000	0.0008	0.0007	0.0001	0.0000	0.0000	0.0000	0.0008	0.0007	0.0001	0.5585	0.4957	0.0628	0.0754	0.0736	0.0018	0.4831	0.4220	0.0610	0.1766	0.0931	0.0835	0.0142	0.0135	0.0007	0.1625	0.0797	0.0828	0.2565	0.1755	0.0185	0.0032	0.0032	0.0041	0.2791	0.1811	0.0188	0.0045	0.0074	0.0013	0.0013	0.0014	0.0003	0.0048	0.0084	0.0013
32	118	0.2479	9	0	1	1	1	0	0	0	0	N	N	N	N	N	N	N	N	N	N	N	N	inf	inf	inf	inf	0.0000	0.0000	0.0000	0.0000	0.0000	0.0000	0.0000	0.0000	0.0000	0.0000	0.0000	0.0000	0.0000	0.0000	0.0000	0.0000	0.0000	0.0000	0.0000	-0.0000	-0.0000	3.8146	3.8827	0.9911	2.9998	0.0000	0.0000	0.0000	0.0000	0.0000	0.0000	0.0000	0.0000	0.0000	0.0000	0.0000	0.0000	0.0000	0.0000	0.0000	0.0000	0.0000	0.0000	0.0688	0.0614	0.0075	0.0180	0.0173	0.0008	0.0508	0.0441	0.0067	0.0172	0.0086	0.0086	0.0017	0.0014	0.0003	0.0155	0.0072	0.0084	inf	inf	0.0000	0.0000	0.0000	0.0000	inf	inf	0.0000	0.0000	0.0000	0.0000	0.0000	0.0000	0.0000	0.0000	0.0000	0.0000						
32	119	0.2450	8	0	1	0	1	0	0	0	0	N	N	N	N	N	N	N	N	N	N	N	N	30371.6861	17969.9696	inf	897.8422	765.2165	inf	inf	inf	0.0181	0.0201	0.0005	0.0051	0.0052	0.0033	0.0246	0.0281	0.0000	0.0000	0.0000	0.0000	0.0000	0.0000	0.0000	0.0000	0.0000	0.0000	0.0027	0.0759	-0.0003	-0.0000	3.8146	2.8083	0.9911	0.0030	0.0011	0.0011	0.0000	0.0001	0.0001	0.0000	0.0010	0.0010	0.0000	0.0000	0.0000	0.0000	0.0000	0.0000	0.0000	0.0000	0.0000	0.0000	0.0602	0.0542	0.0060	0.0199	0.0191	0.0009	0.0403	0.0351	0.0051	0.0071	0.0035	0.0036	0.0007	0.0006	0.0001	0.0064	0.0030	0.0035	30371.6861	17969.9696	inf	897.8422	765.2165	inf	inf	inf	0.0000	0.0000	0.0000	0.0000	0.0000	0.0000	0.0000	0.0000	0.0000	0.0000	
32	120	0.2450	8	0	1	1	1	0	0	0	0	N	N	N	N	N	N	N	N	N	N	N	N	37373967.8031	20762004.2163	inf	888104.5059	777395.3692	inf	inf	inf	6.0781	6.7977	0.0005	1.5013	1.5708	0.0000	7.8372	9.0034	0.0006	0.0000	0.0000	0.0000	0.0000	0.0000	0.0000	0.0000	0.0000	0.0000	0.0000	0.0000	-0.3078	-0.0000	3.8146	9.6158	0.9911	0.0030	1.0720	1.0720	0.0000	0.0735	0.0735	0.0000	0.9985	0.9985	0.0000	0.0000	0.0000	0.0000	0.0000	0.0000	0.0000	0.0000	0.0000	0.0000	0.1764	0.1577	0.0187	0.0490	0.0468	0.0022	0.1274	0.1109	0.0165	0.0240	0.0119	0.0121	0.0023	0.0019	0.0004	0.0217	0.0100	0.0117	37373967.8031	20762004.2163	inf	888104.5059	777395.3692	0.0000	inf	inf	inf	0.0000	0.0000	0.0000	0.0000	0.0000	0.0000	0.0000	0.0000	0.0000	
32	121	0.2354	7	0	1	0	1	0	0	0	0	N	N	N	N	N	N	N	N	N	N	N	N	354.6906	206.0939	0.0437	0.4169	0.3888	388.5590	14.8508	0.0000	0.0236	0.0262	0.0000	0.0001	0.0001	0.0000	0.0362	0.0417	0.0000	0.0001	0.0001	0.0000	0.0003	0.0003	0.0000	0.0001	0.0028	0.0000	0.0000	0.0197	-0.0006	-0.0000	3.8146	4.2457	0.9911	2.0144	0.0021	0.0021	0.0000	0.0000	0.0000	0.0000	0.0021	0.0021	0.0000	0.0000	0.0000	0.0000	0.0000	0.0000	0.0000	0.0000	0.0000	0.0000	0.0871	0.0784	0.0087	0.0304	0.0292	0.0012	0.0567	0.0492	0.0075	0.0177	0.0091	0.0086	0.0024	0.0021	0.0002	0.0153	0.0070	0.0084	354.6906	206.0939	0.0437	0.4169	0.3888	0.0000	953.3939	518.5080	0.0000	0.0001	0.0001	0.0000	0.0003	0.0003	0.0000	0.0000	0.0001	0.0000	
32	122	0.1933	6	0	1	0	1	0	0	0	0	N	N	N	N	N	N	N	N	N	N	N	N	0.0008	0.0002	0.0103	0.9626	0.8906	0.0003	0.0001	0.0113	0.0001	0.0001	0.0000	0.0002	0.0002	0.0000	0.0000	0.0000	0.0000	0.0961	0.3615	0.0006	0.0002	0.0002	0.0000	0.1569	0.8306	0.0007	0.0092	0.0313	-0.0000	-0.0004	3.8146	11.9190	0.9911	13.1740	0.0000	0.0000	0.0000	0.0000	0.0000	0.0000	0.0000	0.0000	0.0000	0.0007	0.0007	0.0000	0.0000	0.0000	0.0000	0.0007	0.0007	0.0000	0.2214	0.1979	0.0235	0.0597	0.0574	0.0023	0.1617	0.1405	0.0212	0.0629	0.0309	0.0319	0.0038	0.0034	0.0004	0.0590	0.0275	0.0315	0.0072	0.0040	0.0103	0.9626	0.8906	0.0000	0.0036	0.0020	0.0113	0.0108	0.0213	0.0006	0.0002	0.0002	0.0000	0.0115	0.0239	0.0007	
32	123	0.4394	8	0	1	1	1	0	0	0	0	N	N	N	N	N	N	N	N	N	N	N	N	13.2869	15.3198	0.0000	89.4940	85.3446	6.6174	0.7375	0.0000	0.0077	0.0085	0.0000	0.0001	0.0001	0.0000	0.0122	0.0140	0.0000	0.0006	0.0006	0.0004	0.0000	0.0000	0.0000	0.0018	0.0190	0.0005	0.0000	0.7623	-0.0006	-0.0000	3.8146	12.8936	0.9911	4.1514	0.0020	0.0020	0.0000	0.0000	0.0000	0.0000	0.0020	0.0020	0.0000	0.0000	0.0000	0.0000	0.0000	0.0000	0.0000	0.0000	0.0000	0.0000	0.2561	0.2307	0.0253	0.0962	0.0914	0.0047	0.1599	0.1393	0.0206	0.0436	0.0254	0.0181	0.0121	0.0104	0.0018	0.0314	0.0151	0.0163	18.8895	21.5781	0.0000	89.4940	85.3446	0.0000	21.7313	21.1146	0.0000	0.0004	0.0004	0.0004	0.0000	0.0000	0.0000	0.0006	0.0007	0.0005	
32	124	0.2086	7	0	2	0	0	0	0	0	0	N	Y	N	N	N	N	N	N	N	N	N	N	20.9552	213.1674	0.0000	130.6895	123.4752	2.0404	7.9427	0.0000	0.0085	0.0096	0.0000	0.0283	0.0295	0.0000	0.0021	0.0024	0.0000	0.0004	0.0000	0.0006	0.0002	0.0002	0.0000	0.0010	0.0003	0.0006	0.0000	16.6614	-0.0006	0.0000	3.8146	12.7386	0.9911	8.7370	0.0019	0.0019	0.0000	0.0016	0.0016	0.0000	0.0004	0.0004	0.0000	0.0000	0.0000	0.0000	0.0000	0.0000	0.0000	0.0000	0.0000	0.0000	0.2277	0.2032	0.0245	0.0561	0.0539	0.0022	0.1716	0.1493	0.0223	0.0558	0.0277	0.0281	0.0046	0.0042	0.0004	0.0512	0.0235	0.0277	26.3538	258.7776	0.0000	130.6895	123.4752	0.0000	6.1666	2119.6840	0.0000	0.0003	0.0000	0.0006	0.0002	0.0002	0.0000	0.0003	0.0000	0.0006	
32	125	0.1933	6	0	2	0	0	0	0	0	0	N	Y	N	N	N	N	N	N	N	N	N	N	52.2995	126.2404	0.0017	0.3067	0.2887	32.9852	29.4079	0.0019	0.0114	0.0127	0.0000	0.0002	0.0002	0.0000	0.0159	0.0183	0.0000	0.0002	0.0001	0.0003	0.0007	0.0008	0.0000	0.0005	0.0006	0.0003	0.0000	3.3444	-0.0005	0.0000	3.8146	8.6431	0.9911	1.4782	0.0019	0.0019	0.0000	0.0000	0.0000	0.0000	0.0019	0.0019	0.0000	0.0000	0.0000	0.0000	0.0000	0.0000	0.0000	0.0000	0.0000	0.0000	0.1673	0.1499	0.0174	0.0480	0.0463	0.0018	0.1193	0.1036	0.0157	0.0268	0.0132	0.0136	0.0019	0.0017	0.0002	0.0249	0.0115	0.0134	52.7137	126.2404	0.0017	0.3067	0.2887	0.0000	87.9398	4773.4028	0.0019	0.0002	0.0001	0.0003	0.0007	0.0008	0.0000	0.0002	0.0000	0.0003	
32	126	0.1837	5	0	1	0	0	0	0	0	0	N	N	N	N	N	N	N	N	N	N	N	N	0.3300	0.2056	0.4298	0.0444	0.0441	0.1465	0.5169	0.0834	0.4627	0.0001	0.0002	0.0001	0.0001	0.0001	0.0000	0.0002	0.0002	0.0001	0.0004	0.0007	0.0002	0.0016	0.0017	0.0000	0.0003	0.0022	0.0002	0.0612	0.3236	-0.0000	-0.0000	3.8146	4.1618	0.9911	2.0491	0.0000	0.0000	0.0000	0.0000	0.0000	0.0000	0.0000	0.0000	0.0000	0.0000	0.0000	0.0000	0.0000	0.0000	0.0000	0.0000	0.0000	0.0000	0.0892	0.0799	0.0093	0.0249	0.0241	0.0008	0.0643	0.0558	0.0085	0.0202	0.0112	0.0089	0.0029	0.0028	0.0001	0.0173	0.0084	0.0088	0.4292	0.3325	0.4298	0.0444	0.0441	0.1465	1.3976	3.2882	0.4627	0.0003	0.0005	0.0002	0.0016	0.0017	0.0000	0.0001	0.0001	0.0002
32	127	0.1546	4	0	1	0	0	0	0	0	0	N	N	N	N	N	N	N	N	N	N	N	N	0.0023	0.0010	0.8859	0.0020	0.0018	0.5338	0.1224	0.0000	0.5060	0.0000	0.0000	0.0000	0.0001	0.0001	0.0000	0.0000	0.0000	0.0000	0.0065	0.0168	0.0000	0.0335	0.0388	0.0001	0.0000	0.0001	0.0000	0.0364	0.0010	-0.0000	-0.0001	3.8146	9.4810	0.9911	7.4917	0.0000	0.0000	0.0000	0.0000	0.0000	0.0000	0.0000	0.0000	0.0000	0.0001	0.0001	0.0000	0.0001	0.0001	0.0000	0.0000	0.0000	0.0000	0.1634	0.1451	0.0183	0.0361	0.0345	0.0016	0.1273	0.1105	0.0167	0.0499	0.0280	0.0218	0.0069	0.0064	0.0005	0.0429	0.0216	0.0213	0.0063	0.0039	0.8859	0.0039	0.0037	0.5338	0.1224	0.0000	0.5060	0.0024	0.0043	0.0000	0.0172	0.0185	0.0001	0.0000	0.0000	0.0000
32	128	0.4517	9	1	2	0	0	0	0	0	0	N	Y	N	N	N	N	N	N	N	N	N	N	0.0000	0.0000	0.0000	0.0000	0.0000	0.0000	0.0000	0.0000	0.0000	0.0000	0.0000	0.0000	0.0000	0.0000	0.0000	0.0000	0.0000	0.0000	0.0000	0.0000	0.0000	0.0000	inf	0.0000	0.0000	3.8146	2.0107	0.9911	1.9995	0.0000	0.0000	0.0000	0.0000	0.0000	0.0000	0.0000	0.0000	0.0000	0.0000	0.0000	0.0000	0.0000	0.0000	0.0000	0.0000	0.0000	0.0000	0.0381	0.0342	0.0039	0.0142	0.0134	0.0007	0.0239	0.0207	0.0032	0.0099	0.0059	0.0040	0.0029	0.0025	0.0004	0.0069	0.0034	0.0036	0.0000	0.0000	0.0000	0.0000	0.0000	0.0000	0.0000	0.0000	0.0000	0.0000	0.0000	0.0000	0.0000	0.0000	0.0000	0.0000	0.0000	0.0000						
32	129	0.4394	8	1	2	0	0	0	0	0	0	N	Y	N	N	N	N	N	N	N	N	N	N	0.1348	26.8917	0.0000	33.7090	31.3663	0.0000	0.0000	0.0000	0.0001	0.0001	0.0000	0.0002	0.0002	0.0000	0.0000	0.0000	0.0000	0.0006	0.0000	0.0010	0.0000	0.0000	0.0000	0.0019	0.0002	0.0011	0.0000	217.8289	-0.0000	0.0000	3.8146	5.6459	0.9911	1.1399	0.0000	0.0000	0.0000	0.0000	0.0000	0.0000	0.0000	0.0000	0.0000	0.0000	0.0000	0.0000	0.0000	0.0000	0.0000	0.0000	0.0000	0.0000	0.1243	0.1125	0.0117	0.0494	0.0472	0.0022	0.0748	0.0653	0.0095	0.0188	0.0110	0.0079	0.0055	0.0048	0.0007	0.0133	0.0062	0.0071	0.1911	26.8917	0.0000	33.7090	31.3663	0.0000	0.0000	0.0000	0.0000	0.0004	0.0000	0.0010	0.0000	0.0000	0.0000	0.0006	0.0000	0.0011	
32	130	0.4091	7	0	1	0	0	0	0	0	0	N	N	N	N	N	N	N	N	N	N	N	N	0.0544	0.2809	0.9296	64.7044	2.8893	3289.6834	0.0003	0.0000	0.0083	0.0105	0.0005	0.0980	0.0274	0.0013	0.4422	0.0001	0.0000	0.0009	0.1923	0.0019	0.1054	0.0004	0.0005	0.0001	0.3692	0.0487	0.1106	21.2684	28.2744	0.0020	0.0003	3.8146	11.6079	0.9911	5.3766	0.0030	0.0001	0.0028	0.0029	0.0001	0.0028	0.0000	0.0000	0.0000	0.0009	0.0000	0.0009	0.0000	0.0000	0.0000	0.0009	0.0000	0.0009	0.2834	0.2545	0.0289	0.1075	0.1012	0.0064	0.1759	0.1534	0.0225	0.0619	0.0376	0.0243	0.0204	0.0183	0.0020	0.0415	0.0193	0.0222	0.6880	0.6125	2.6166	64.7044	2.8893	3289.6834	0.0052	0.0002	0.0224	0.0152	0.0009	0.0375	0.0004	0.0005	0.0001	0.0224	0.0012	0.0409
32	131	0.3913	6	0	1	0	0	0	0	0	0	N	N	N	N	N	N	N	N	N	N	N	N	3.2961	1.9417	24.9151	26.0529	13.6885	2462.1136	0.0704	0.0082	0.2847	0.0517	0.0315	0.2182	0.1247	0.0729	0.6758	0.0023	0.0023	0.0022	0.0157	0.0162	0.0088	0.0048	0.0053	0.0003	0.0326	0.2804	0.0079	0.8389	0.7242	0.0009	-0.0001	3.8146	3.9355	0.9911	8.7078	0.0055	0.0030	0.0025	0.0054	0.0029	0.0025	0.0001	0.0001	0.0000	0.0003	0.0002	0.0001	0.0001	0.0001	0.0000	0.0002	0.0001	0.0001	0.1069	0.0954	0.0116	0.0432	0.0395	0.0037	0.0637	0.0559	0.0079	0.0628	0.0412	0.0216	0.0226	0.0211	0.0015	0.0402	0.0202	0.0200	11.1081	7.6697	38.2841	29.6598	16.2397	2462.1136	0.4670	0.6184	0.3677	0.0047	0.0041	0.0057	0.0042	0.0045	0.0003	0.0049	0.0037	0.0061
32	132	0.3796	5	0	1	0	0	0	0	0	0	N	N	N	N	N	N	N	N	N	N	N	N	1.3422	0.7502	11.3200	7.9319	4.0230	1246.5733	0.0438	0.0067	0.1465	0.0325	0.0198	0.1422	0.0790	0.0453	0.5333	0.0017	0.0017	0.0016	0.0242	0.0264	0.0126	0.0100	0.0113	0.0004	0.0392	0.2585	0.0107	0.8343	0.7203	0.0009	-0.0001	3.8146	6.2657	0.9911	3.9760	0.0052	0.0029	0.0024	0.0051	0.0027	0.0024	0.0002	0.0001	0.0000	0.0003	0.0002	0.0001	0.0001	0.0001	0.0000	0.0002	0.0001	0.0001	0.1612	0.1444	0.0168	0.0643	0.0599	0.0044	0.0969	0.0846	0.0123	0.0545	0.0353	0.0191	0.0199	0.0186	0.0013	0.0345	0.0167	0.0178	5.3000	3.5991	19.4257	11.3845	6.1298	1246.5733	0.3023	0.5129	0.2007	0.0061	0.0055	0.0073	0.0069	0.0074	0.0004	0.0057	0.0034	0.0078
32	133	0.3023	4	0	1	0	0	0	0	0	0	N	N	N	N	N	N	N	N	N	N	N	N	0.0205	0.0765	0.0022	3.5822	3.2599	17.3579	0.0130	0.0160	0.0001	0.0133	0.0146	0.0023	0.0191	0.0195	0.0126	0.0105	0.0120	0.0001	0.6511	0.1909	1.0558	0.0053	0.0060	0.0007	0.8086	0.7500	0.9640	0.0185	7.6192	-0.0019	0.0027	3.8146	26.7012	0.9911	18.2690	0.0072	0.0071	0.0001	0.0034	0.0033	0.0001	0.0038	0.0038	0.0000	0.0104	0.0012	0.0092	0.0002	0.0002	0.0000	0.0102	0.0010	0.0092	0.5433	0.4867	0.0566	0.1792	0.1692	0.0101	0.3640	0.3175	0.0466	0.1596	0.0931	0.0665	0.0378	0.0351	0.0027	0.1218	0.0580	0.0638	0.2048	1.1288	0.0169	4.2211	4.0472	17.3579	0.1252	0.6730	0.0007	0.0651	0.0129	0.1381	0.0045	0.0048	0.0007	0.0839	0.0179	0.1438
32	134	0.0642	3	0	1	0	0	0	0	0	0	N	N	N	N	N	N	N	N	N	N	N	N	13.2960	95.9585	0.0560	2.0658	2.0114	0.0005	8.1257	10.3464	0.0647	0.6326	0.7122	0.0018	0.0282	0.0290	0.0000	0.7170	0.8186	0.0018	0.0476	0.0074	0.0314	0.0137	0.0144	0.0074	0.0882	0.0791	0.0279	0.0003	5.9989	-0.1792	0.0006	3.8146	61.4372	0.9911	55.8589	0.6246	0.6244	0.0002	0.0034	0.0034	0.0000	0.6212	0.6210	0.0002	0.0026	0.0004	0.0022	0.0001	0.0001	0.0000	0.0025	0.0002	0.0022	0.9875	0.8768	0.1107	0.1211	0.1181	0.0030	0.8663	0.7587	0.1077	0.3059	0.1586	0.1473	0.0168	0.0155	0.0013	0.2890	0.1430	0.1460	74.2306	303.2321	0.1158	3.1686	3.2045	0.0005	84.3717	504.7067	0.1185	0.0085	0.0023	0.0152	0.0089	0.0090	0.0074	0.0085	0.0016	0.0152
33	34	0.3935	7	0	2	1	1	0	0	0	0	N	Y	N	N	N	N	N	N	N	N	N	N	inf	inf	inf	inf	0.0004	0.0004	0.0000	0.0000	0.0000	0.0000	0.0008	0.0010	0.0000	0.0000	0.0000	0.0000	0.0000	0.0000	0.0000	0.0000	0.0000	0.0000	0.0000	-0.0000	0.0000	24.4476	1.3124	5.0002	1.0060	0.0001	0.0001	0.0000	0.0000	0.0000	0.0000	0.0001	0.0001	0.0000	0.0000	0.0000	0.0000	0.0000	0.0000	0.0000	0.0000	0.0000	0.0000	0.1703	0.1560	0.0143	0.0856	0.0827	0.0029	0.0847	0.0733	0.0114	0.0386	0.0220	0.0166	0.0123	0.0097	0.0027	0.0263	0.0123	0.0139	inf	inf	0.0000	0.0000	0.0000	0.0000	inf	inf	0.0000	0.0000	0.0000	0.0000	0.0000	0.0000	0.0000	0.0000	0.0000	0.0000						
33	35	0.2621	6	0	1	0	1	0	0	0	0	N	N	N	N	N	N	N	N	N	N	N	N	723.8340	302.9326	282.4949	268.3013	inf	inf	0.4102	0.4592	0.0000	0.7503	0.7915	0.0000	0.2830	0.3242	0.0000	0.0006	0.0015	0.0000	0.0027	0.0030	0.0000	0.0000	0.0000	0.0000	0.0000	0.0000	-0.5829	-0.0002	24.4476	53.2438	5.0002	16.6757	2.0301	2.0301	0.0000	1.0106	1.0106	0.0000	1.0195	1.0195	0.0000	0.0004	0.0004	0.0000	0.0004	0.0004	0.0000	0.0000	0.0000	0.0000	4.9489	4.4213	0.5276	1.3469	1.2768	0.0701	3.6020	3.1444	0.4575	0.9497	0.5058	0.4439	0.1431	0.1288	0.0143	0.8066	0.3770	0.4296	1025.1198	611.1688	0.0000	282.4949	268.3013	0.0000	inf	inf	0.0000	0.0004	0.0008	0.0000	0.0027	0.0030	0.0000	0.0000	0.0000	0.0000			
33	36	0.2213	6	0	2	0	0	0	0	0	0	N	Y	N	N	N	N	N	N	N	N	N	N	51618.1620	13349.2980	inf	13235.6089	12801.8665	inf	inf	inf	1.1372	0.6445	4.8435	2.4219	2.6168	0.0003	0.7428	0.0000	5.6920	0.0000	0.0000	0.0000	0.0002	0.0002	0.0000	0.0000	0.0000	0.0000	0.9991	0.0000	0.4254	-0.0000	24.4476	17.9460	5.0002	11.6991	2.0004	1.0007	0.9998	1.0007	1.0007	0.0000	0.9998	0.0000	0.9998	0.0000	0.0000	0.0000	0.0000	0.0000	0.0000	0.0000	0.0000	0.0000	1.7590	1.5526	0.2064	0.4132	0.3824	0.0308	1.3459	1.1702	0.1756	0.4539	0.2341	0.2198	0.0547	0.0489	0.0057	0.3993	0.1852	0.2141	51618.1620	15086.1583	inf	13235.6089	12801.8665	inf	inf	0.0000	inf	0.0000	0.0000	0.0000	0.0002	0.0002	0.0000	0.0000	0.0000	0.0000	
33	37	0.4961	9	1	2	0	0	0	0	0	0	N	Y	N	N	N	N	N	N	N	N	N	N	inf	inf	inf	inf	5.2177	0.0000	46.3729	0.0000	0.0000	0.0000	7.1450	0.0000	53.3934	0.0000	0.0000	0.0000	0.0000	0.0000	0.0000	0.0000	0.0000	0.0000	inf	0.7077	0.0000	24.4476	1.9903	5.0002	0.0021	0.9928	0.0000	0.9928	0.0000	0.0000	0.0000	0.9928	0.0000	0.9928	0.0000	0.0000	0.0000	0.0000	0.0000	0.0000	0.0000	0.0000	0.0000	0.1903	0.1689	0.0214	0.0513	0.0485	0.0028	0.1390	0.1204	0.0186	0.0284	0.0169	0.0115	0.0084	0.0071	0.0013	0.0200	0.0098	0.0103	inf	0.0000	inf	0.0000	0.0000	0.0000	inf	0.0000	inf	0.0000	0.0000	0.0000	0.0000	0.0000	0.0000	0.0000	0.0000	0.0000						
33	38	0.2621	6	0	2	0	1	0	0	0	0	N	Y	N	N	N	N	N	N	N	N	N	N	205.7994	87.1389	16352.9488	2.2151	1.9899	4626.3742	8454397.8839	inf	17369.0204	0.2353	0.2631	0.0014	0.0103	0.0107	0.0026	0.3233	0.3704	0.0012	0.0011	0.0030	0.0000	0.0046	0.0054	0.0000	0.0000	0.0000	0.0000	0.0006	0.0001	-0.2961	-0.0003	24.4476	45.5232	5.0002	15.8903	1.0337	1.0330	0.0007	0.0127	0.0125	0.0002	1.0210	1.0205	0.0005	0.0006	0.0006	0.0000	0.0006	0.0006	0.0000	0.0000	0.0000	0.0000	4.3934	3.9267	0.4667	1.2353	1.1720	0.0633	3.1581	2.7547	0.4034	0.8618	0.4608	0.4010	0.1348	0.1220	0.0128	0.7270	0.3388	0.3882	368.6356	220.3999	16352.9488	2.5208	2.3730	4626.3742	8454397.8839	inf	17369.0204	0.0006	0.0012	0.0000	0.0041	0.0045	0.0000	0.0000	0.0000	0.0000
33	39	0.2351	5	0	1	0	1	0	0	0	0	N	N	N	N	N	N	N	N	N	N	N	N	138.6689	98.8948	0.0494	8.0134	7.6143	inf	97.4143	4.6317	0.0000	0.6737	0.7568	0.0001	0.0018	0.0019	0.0005	0.9357	1.0788	0.0000	0.0049	0.0077	0.0013	0.0002	0.0002	0.0000	0.0096	0.2329	0.0013	0.0000	0.4359	-0.2850	-0.0002	24.4476	13.8166	5.0002	4.5847	0.9924	0.9924	0.0000	0.0007	0.0007	0.0000	0.9917	0.9917	0.0000	0.0006	0.0004	0.0002	0.0000	0.0000	0.0000	0.0006	0.0004	0.0002	1.4732	1.3114	0.1618	0.4134	0.3921	0.0213	1.0598	0.9193	0.1405	0.2991	0.1633	0.1359	0.0452	0.0413	0.0039	0.2539	0.1220	0.1320	359.8286	316.8114	0.0494	8.0134	7.6143	inf	432.0425	346.3070	0.0000	0.0019	0.0024	0.0013	0.0002	0.0002	0.0000	0.0022	0.0031	0.0013
33	40	0.3969	9	0	1	1	0	0	0	0	0	N	N	N	N	N	N	N	N	N	N	N	N	24.1995	15.3398	0.0000	15.7252	14.9741	0.0000	5154.1042	inf	0.0000	0.0015	0.0017	0.0000	0.0047	0.0049	0.0000	0.0001	0.0001	0.0000	0.0001	0.0001	0.0000	0.0003	0.0003	0.0000	0.0000	0.0000	0.0000	0.0000	0.0003	-0.0006	-0.0000	24.4476	12.6411	5.0002	7.4648	0.0021	0.0021	0.0000	0.0020	0.0020	0.0000	0.0001	0.0001	0.0000	0.0000	0.0000	0.0000	0.0000	0.0000	0.0000	0.0000	0.0000	0.0000	1.3232	1.1809	0.1423	0.4224	0.4026	0.0198	0.9008	0.7783	0.1224	0.3125	0.1767	0.1358	0.0671	0.0609	0.0062	0.2454	0.1158	0.1295	24.1995	15.3398	0.0000	15.7252	14.9741	0.0000	5154.1042	inf	0.0000	0.0001	0.0001	0.0000	0.0003	0.0003	0.0000	0.0000	0.0000	0.0000
33	41	0.4836	7	0	2	0	0	0	0	0	0	N	Y	N	N	N	N	N	N	N	N	N	N	194.7008	71.0682	328780.9288	12.8190	6.0090	352808.2801	435833.4527	inf	339617.9162	1.1664	1.0252	2.4329	0.1736	0.0980	1.7169	1.7303	1.6028	2.5783	0.0060	0.0144	0.0000	0.0135	0.0163	0.0000	0.0000	0.0000	0.0000	0.2645	0.0014	-0.2115	-0.0006	24.4476	22.0894	5.0002	9.3639	2.7136	2.1460	0.5676	0.1463	0.0787	0.0676	2.5672	2.0672	0.5000	0.0009	0.0009	0.0000	0.0009	0.0009	0.0000	0.0000	0.0000	0.0000	2.3265	2.0932	0.2333	0.8429	0.8035	0.0394	1.4837	1.2897	0.1939	0.4192	0.2417	0.1775	0.1037	0.0912	0.0125	0.3156	0.1505	0.1650	530.7566	269.3501	328780.9288	19.5688	9.7099	352808.2801	435833.4527	inf	339617.9162	0.0022	0.0038	0.0000	0.0089	0.0101	0.0000	0.0000	0.0000	0.0000
33	42	0.2351	5	0	2	0	0	0	0	0	0	N	Y	N	N	N	N	N	N	N	N	N	N	42389.1536	20107.4435	10773.5734	10030.9627	inf	inf	0.5133	0.5781	0.0000	1.1245	1.1907	0.0000	0.3325	0.3817	0.0000	0.0000	0.0000	0.0000	0.0001	0.0001	0.0000	0.0000	0.0000	0.0000	0.0000	0.0000	-0.5743	-0.0000	24.4476	43.3975	5.0002	17.3745	2.0000	2.0000	0.0000	1.0001	1.0001	0.0000	1.0000	1.0000	0.0000	0.0000	0.0000	0.0000	0.0000	0.0000	0.0000	0.0000	0.0000	0.0000	3.8965	3.4599	0.4366	0.8894	0.8399	0.0494	3.0072	2.6200	0.3871	0.8258	0.4334	0.3925	0.0958	0.0842	0.0116	0.7300	0.3491	0.3809	42389.1536	25050.2002	0.0000	10773.5734	10030.9627	0.0000	inf	inf	0.0000	0.0000	0.0000	0.0000	0.0001	0.0001	0.0000	0.0000	0.0000	0.0000			
33	43	0.4138	6	1	1	1	0	0	0	0	0	N	N	N	N	N	N	N	N	N	N	N	N	4805.4943	inf	20.4028	472.9271	inf	0.5310	2682.2137	inf	28.9971	0.5442	0.6108	0.0050	0.0916	0.0965	0.0009	0.6959	0.7990	0.0056	0.0001	0.0000	0.0002	0.0002	0.0000	0.0016	0.0003	0.0000	0.0002	0.0010	inf	-0.2851	0.0000	24.4476	18.2331	5.0002	4.4208	0.9965	0.9955	0.0010	0.0421	0.0421	0.0000	0.9544	0.9534	0.0010	0.0000	0.0000	0.0000	0.0000	0.0000	0.0000	0.0000	0.0000	0.0000	1.8312	1.6299	0.2014	0.4598	0.4366	0.0232	1.3714	1.1932	0.1782	0.3532	0.1905	0.1627	0.0516	0.0454	0.0062	0.3016	0.1451	0.1566	4805.4943	inf	20.4028	472.9271	inf	0.5310	6996.8002	inf	28.9971	0.0001	0.0000	0.0002	0.0002	0.0000	0.0016	0.0001	0.0000	0.0002
33	44	0.4736	6	0	2	0	1	0	0	0	0	N	Y	N	N	N	N	N	N	N	N	N	N	5680.9973	2482.9715	inf	1425.6746	1290.1750	inf	inf	inf	inf	0.6795	0.5676	1.6374	0.6682	0.7077	0.0012	0.6840	0.5064	1.9355	0.0001	0.0002	0.0000	0.0005	0.0005	0.0000	0.0000	0.0000	0.0000	0.3370	0.0000	-0.1390	-0.0001	24.4476	62.5878	5.0002	29.9840	3.9654	2.9658	0.9996	1.1239	1.1238	0.0001	2.8415	1.8420	0.9995	0.0001	0.0001	0.0000	0.0001	0.0001	0.0000	0.0000	0.0000	0.0000	5.8360	5.2255	0.6105	1.6819	1.5878	0.0941	4.1542	3.6377	0.5164	1.2422	0.7212	0.5210	0.3170	0.2708	0.0461	0.9252	0.4503	0.4749	5680.9973	2754.8830	inf	1425.6746	1290.1750	inf	inf	inf	inf	0.0001	0.0002	0.0000	0.0005	0.0005	0.0000	0.0000	0.0000	0.0000
33	45	0.4138	6	1	1	1	0	0	0	0	0	N	N	N	N	N	N	N	N	N	N	N	N	14098.7646	inf	20035.8645	248.2064	inf	1.5238	7889.4508	inf	29148.1487	2.1019	1.5648	6.5211	0.0612	0.0641	0.0033	2.8313	2.1513	7.3912	0.0001	0.0000	0.0003	0.0002	0.0000	0.0022	0.0004	0.0000	0.0003	0.5065	inf	0.1461	0.0000	24.4476	13.5293	5.0002	3.1702	2.9766	1.9759	1.0008	0.0228	0.0228	0.0001	2.9538	1.9531	1.0007	0.0000	0.0000	0.0000	0.0000	0.0000	0.0000	0.0000	0.0000	0.0000	1.4161	1.2627	0.1535	0.3729	0.3548	0.0181	1.0433	0.9079	0.1354	0.2683	0.1454	0.1229	0.0406	0.0360	0.0046	0.2277	0.1094	0.1183	14098.7646	inf	20035.8645	248.2064	inf	1.5238	21492.3023	inf	29148.1487	0.0001	0.0000	0.0003	0.0002	0.0000	0.0022	0.0001	0.0000	0.0003
33	46	0.4093	5	1	1	1	0	0	0	0	0	N	N	N	N	N	N	N	N	N	N	N	N	312.7419	1436.7028	222.0964	8.0332	10.3390	8.9830	344.9732	202552.5478	377.5604	1.7285	1.7835	1.1826	0.0241	0.0190	0.1730	2.6694	2.8579	1.3320	0.0055	0.0012	0.0053	0.0030	0.0018	0.0193	0.0077	0.0000	0.0035	0.0667	4.7504	-0.2398	0.0000	24.4476	4.1147	5.0002	1.2946	1.0676	1.0008	0.0668	0.0053	0.0040	0.0013	1.0623	0.9968	0.0655	0.0002	0.0000	0.0002	0.0001	0.0000	0.0000	0.0002	0.0000	0.0002	0.6176	0.5612	0.0565	0.2197	0.2124	0.0073	0.3980	0.3488	0.0492	0.1095	0.0626	0.0469	0.0234	0.0218	0.0016	0.0861	0.0408	0.0454	823.0156	2791.3210	291.9788	8.0332	10.3390	8.9830	1437.1439	72859957.0486	377.5604	0.0021	0.0006	0.0041	0.0030	0.0018	0.0193	0.0019	0.0000	0.0035
33	47	0.3467	4	1	1	0	0	0	0	0	0	N	N	N	N	N	N	N	N	N	N	N	N	1.0298	198.5610	1.7008	0.2775	4.9270	0.0252	1.1295	689.4627	2.0886	0.8173	0.4951	3.4526	0.0134	0.0127	0.0277	1.0816	0.6680	3.8925	0.7936	0.0025	2.0300	0.0484	0.0026	1.1011	0.9576	0.0010	1.8637	0.8525	181.8998	0.3400	0.0332	24.4476	22.0103	5.0002	13.6452	1.9646	1.0605	0.9041	0.0080	0.0072	0.0008	1.9566	1.0534	0.9033	0.0907	0.0005	0.0902	0.0046	0.0005	0.0041	0.0862	0.0000	0.0862	2.4039	2.1421	0.2619	0.5948	0.5650	0.0298	1.8091	1.5770	0.2321	0.8006	0.4752	0.3253	0.2049	0.1920	0.0129	0.5956	0.2832	0.3124	7.2102	474.2378	12.4469	0.6014	4.9270	0.0878	7.4763	73175.4588	14.1127	0.1133	0.0010	0.2774	0.0223	0.0026	0.3153	0.1447	0.0000	0.2758
33	48	0.3969	9	0	2	0	0	0	0	0	0	N	Y	N	N	N	N	N	N	N	N	N	N	20.7446	13.0143	14.1900	13.6284	inf	inf	0.0016	0.0017	0.0000	0.0047	0.0049	0.0000	0.0001	0.0001	0.0000	0.0001	0.0001	0.0000	0.0003	0.0004	0.0000	0.0000	0.0000	0.0000	0.0000	0.0000	-0.0006	-0.0000	24.4476	12.3962	5.0002	3.7178	0.0021	0.0021	0.0000	0.0020	0.0020	0.0000	0.0001	0.0001	0.0000	0.0000	0.0000	0.0000	0.0000	0.0000	0.0000	0.0000	0.0000	0.0000	1.3155	1.1740	0.1415	0.4203	0.4006	0.0197	0.8952	0.7735	0.1217	0.2663	0.1527	0.1136	0.0602	0.0551	0.0051	0.2060	0.0976	0.1085	20.7446	13.3306	0.0000	14.1900	13.6284	0.0000	inf	inf	0.0000	0.0001	0.0001	0.0000	0.0003	0.0004	0.0000	0.0000	0.0000	0.0000			
33	49	0.3680	8	0	1	0	0	0	0	0	0	N	N	N	N	N	N	N	N	N	N	N	N	1135.7354	567.0119	17.3133	1084.9419	1030.8052	inf	542.1647	43.8779	19.4460	0.5330	0.5935	0.0011	1.2874	1.3504	0.0001	0.1078	0.1242	0.0013	0.0005	0.0010	0.0001	0.0012	0.0013	0.0000	0.0002	0.0028	0.0001	0.0002	0.0834	-0.2656	-0.0001	24.4476	14.4870	5.0002	5.8627	0.9257	0.9255	0.0002	0.8060	0.8060	0.0000	0.1197	0.1195	0.0002	0.0001	0.0001	0.0000	0.0001	0.0001	0.0000	0.0000	0.0000	0.0000	1.7367	1.5594	0.1774	0.6261	0.5969	0.0292	1.1106	0.9625	0.1482	0.3670	0.2066	0.1604	0.0927	0.0840	0.0087	0.2743	0.1226	0.1517	1504.7554	1021.8713	17.3133	1084.9419	1030.8052	inf	1477.9599	1522.7651	19.4460	0.0004	0.0006	0.0001	0.0012	0.0013	0.0000	0.0001	0.0001	0.0001
33	50	0.3642	9	1	2	1	0	0	0	0	0	N	Y	N	N	N	N	N	N	N	N	N	N	inf	inf	inf	inf	0.0014	0.0016	0.0000	0.0051	0.0054	0.0000	0.0000	0.0000	0.0000	0.0000	0.0000	0.0000	0.0000	0.0000	0.0000	0.0000	0.0000	0.0000	0.0000	-0.0000	0.0000	24.4476	0.9856	5.0002	2.8295	0.0001	0.0001	0.0000	0.0001	0.0001	0.0000	0.0000	0.0000	0.0000	0.0000	0.0000	0.0000	0.0000	0.0000	0.0000	0.0000	0.0000	0.0000	0.0950	0.0843	0.0107	0.0259	0.0244	0.0014	0.0691	0.0598	0.0092	0.0537	0.0266	0.0271	0.0032	0.0029	0.0004	0.0505	0.0238	0.0267	inf	inf	0.0000	inf	inf	0.0000	0.0000	0.0000	0.0000	0.0000	0.0000	0.0000	0.0000	0.0000	0.0000	0.0000	0.0000	0.0000						
33	51	0.4535	7	1	2	0	0	0	0	0	0	N	Y	N	N	N	N	N	N	N	N	N	N	224.6017	9348.8710	0.0000	294.6356	958.2016	0.0000	135.0946	inf	0.0000	0.6765	0.7549	0.0000	0.1598	0.1668	0.0000	0.8836	1.0140	0.0000	0.0030	0.0001	0.0033	0.0005	0.0002	0.0035	0.0065	0.0000	0.0031	0.0000	25.9968	-0.3076	0.0002	24.4476	13.3057	5.0002	8.6321	1.0712	1.0712	0.0000	0.0724	0.0724	0.0000	0.9988	0.9988	0.0000	0.0005	0.0000	0.0005	0.0001	0.0000	0.0000	0.0005	0.0000	0.0005	1.5835	1.4190	0.1645	0.4532	0.4340	0.0191	1.1303	0.9850	0.1453	0.4136	0.2493	0.1643	0.1291	0.1149	0.0142	0.2845	0.1344	0.1501	518.1514	9409.3547	0.0000	294.6356	958.2016	0.0000	534.9306	inf	0.0000	0.0013	0.0001	0.0032	0.0005	0.0002	0.0035	0.0017	0.0000	0.0031
33	52	0.4990	11	0	2	0	1	0	0	0	0	N	Y	N	N	N	N	N	N	N	N	N	N	inf	inf	inf	inf	4.4872	5.0188	0.0000	12.8466	13.5792	0.0000	0.0000	0.0000	0.0000	0.0000	0.0000	0.0000	0.0000	0.0000	0.0000	0.0000	0.0000	0.0000	0.0000	-0.2794	0.0000	24.4476	2.1073	5.0002	0.0711	0.9731	0.9731	0.0000	0.9731	0.9731	0.0000	0.0000	0.0000	0.0000	0.0000	0.0000	0.0000	0.0000	0.0000	0.0000	0.0000	0.0000	0.0000	0.2169	0.1939	0.0230	0.0757	0.0717	0.0041	0.1411	0.1222	0.0189	0.0305	0.0180	0.0126	0.0084	0.0074	0.0010	0.0222	0.0106	0.0115	inf	inf	0.0000	inf	inf	0.0000	0.0000	0.0000	0.0000	0.0000	0.0000	0.0000	0.0000	0.0000	0.0000	0.0000	0.0000	0.0000						
33	53	0.4366	10	0	1	0	1	0	0	0	0	N	N	N	N	N	N	N	N	N	N	N	N	inf	inf	inf	inf	inf	inf	0.0140	0.0157	0.0000	0.0406	0.0432	0.0000	0.0003	0.0004	0.0000	0.0000	0.0000	0.0000	0.0000	0.0000	0.0000	0.0000	0.0000	0.0000	0.0000	-0.0079	0.0000	24.4476	21.8329	5.0002	8.0592	0.0274	0.0274	0.0000	0.0269	0.0269	0.0000	0.0004	0.0004	0.0000	0.0000	0.0000	0.0000	0.0000	0.0000	0.0000	0.0000	0.0000	0.0000	1.9541	1.7438	0.2104	0.6631	0.6227	0.0404	1.2910	1.1211	0.1700	0.3301	0.1796	0.1504	0.0521	0.0445	0.0076	0.2779	0.1351	0.1428	inf	inf	0.0000	inf	inf	0.0000	inf	inf	0.0000	0.0000	0.0000	0.0000	0.0000	0.0000	0.0000	0.0000	0.0000	0.0000				
33	54	0.5660	9	0	2	0	1	0	0	0	0	N	Y	N	N	N	N	N	N	N	N	N	N	0.0000	0.0000	0.0000	0.0000	0.0000	0.0000	0.0000	0.0000	0.0000	0.0000	0.0000	0.0000	0.0000	0.0000	0.0000	0.0000	0.0000	0.0000	0.0000	0.0000	24.4476	0.0000	5.0002	0.0000	0.0000	0.0000	0.0000	0.0000	0.0000	0.0000	0.0000	0.0000	0.0000	0.0000	0.0000	0.0000	0.0000	0.0000	0.0000	0.0000	0.0000	0.0000	0.0000	0.0000	0.0000	0.0000	0.0000	0.0000	0.0000	0.0000	0.0000	0.0000	0.0000	0.0000	0.0000	0.0000	0.0000	0.0000	0.0000	0.0000	0.0000	0.0000	0.0000	0.0000	0.0000	0.0000	0.0000	0.0000	0.0000	0.0000	0.0000	0.0000	0.0000	0.0000	0.0000	0.0000	0.0000	0.0000											
33	55	0.4366	10	0	1	0	1	0	0	0	0	N	N	N	N	N	N	N	N	N	N	N	N	inf	inf	inf	inf	inf	inf	0.0027	0.0030	0.0000	0.0001	0.0002	0.0000	0.0047	0.0054	0.0000	0.0000	0.0000	0.0000	0.0000	0.0000	0.0000	0.0000	0.0000	0.0000	0.0000	-0.0001	0.0000	24.4476	1.2825	5.0002	0.1503	0.0005	0.0005	0.0000	0.0000	0.0000	0.0000	0.0004	0.0004	0.0000	0.0000	0.0000	0.0000	0.0000	0.0000	0.0000	0.0000	0.0000	0.0000	0.1644	0.1479	0.0164	0.0703	0.0661	0.0042	0.0940	0.0818	0.0122	0.0229	0.0141	0.0088	0.0059	0.0055	0.0004	0.0170	0.0086	0.0084	inf	inf	0.0000	inf	inf	0.0000	inf	inf	0.0000	0.0000	0.0000	0.0000	0.0000	0.0000	0.0000	0.0000	0.0000	0.0000				
33	56	0.3956	9	0	1	0	1	0	0	0	0	N	N	N	N	N	N	N	N	N	N	N	N	698.0208	355.7370	158972.0178	0.2005	0.1712	inf	148559946.6103	inf	171350.4185	0.5716	0.6378	0.0018	0.0004	0.0004	0.0006	0.9303	1.0767	0.0021	0.0008	0.0018	0.0000	0.0020	0.0022	0.0000	0.0000	0.0000	0.0000	0.0003	0.0000	-0.2770	-0.0001	24.4476	14.8542	5.0002	6.8183	0.9659	0.9655	0.0003	0.0003	0.0002	0.0000	0.9656	0.9653	0.0003	0.0002	0.0002	0.0000	0.0002	0.0002	0.0000	0.0000	0.0000	0.0000	1.6899	1.5138	0.1760	0.6519	0.6173	0.0346	1.0380	0.8966	0.1414	0.3427	0.2027	0.1399	0.0871	0.0765	0.0107	0.2555	0.1263	0.1293	1151.6419	760.3473	158972.0178	0.2005	0.1712	inf	148559946.6103	inf	171350.4185	0.0005	0.0008	0.0000	0.0020	0.0022	0.0000	0.0000	0.0000	0.0000
33	57	0.3207	8	0	1	0	1	0	0	0	0	N	N	N	N	N	N	N	N	N	N	N	N	75.2021	20.1007	3809.7567	128.2195	111.0922	101387.9694	48.3832	0.1989	4489.5611	0.3443	0.2046	1.5585	0.4578	0.4800	0.0854	0.2809	0.0378	1.9177	0.0046	0.0102	0.0004	0.0036	0.0043	0.0000	0.0058	0.1901	0.0004	0.8762	0.1148	0.2238	-0.0006	24.4476	33.5853	5.0002	9.3450	1.2444	0.6633	0.5812	0.5932	0.5870	0.0062	0.6512	0.0763	0.5749	0.0011	0.0010	0.0001	0.0003	0.0003	0.0000	0.0007	0.0006	0.0001	3.6140	3.2411	0.3729	1.2959	1.2228	0.0731	2.3181	2.0183	0.2998	0.5940	0.3251	0.2689	0.1015	0.0901	0.0114	0.4925	0.2350	0.2575	191.4478	69.4258	3809.7567	133.2757	124.0765	101387.9694	192.2462	14.5739	4489.5611	0.0018	0.0029	0.0004	0.0034	0.0039	0.0000	0.0015	0.0026	0.0004
33	58	0.2999	7	0	1	0	0	0	0	0	0	N	N	N	N	N	N	N	N	N	N	N	N	126.5687	53.6010	1909.1101	753.4012	724.1980	310017.4410	33.7868	0.0018	2194.1390	0.4284	0.3348	1.2567	0.8301	0.8660	0.1014	0.1982	0.0003	1.4910	0.0034	0.0062	0.0007	0.0011	0.0012	0.0000	0.0059	0.1777	0.0007	0.4240	0.2815	0.0089	-0.0002	24.4476	15.2419	5.0002	2.5705	0.8321	0.5844	0.2478	0.5874	0.5840	0.0034	0.2448	0.0003	0.2444	0.0004	0.0003	0.0001	0.0001	0.0001	0.0000	0.0004	0.0003	0.0001	1.9426	1.7454	0.1972	0.7076	0.6744	0.0332	1.2349	1.0710	0.1639	0.2906	0.1537	0.1369	0.0544	0.0502	0.0043	0.2362	0.1036	0.1326	303.5729	160.8673	1909.1101	753.4012	724.1980	310017.4410	133.6963	0.1260	2194.1390	0.0014	0.0021	0.0007	0.0011	0.0012	0.0000	0.0015	0.0025	0.0007
33	59	0.5660	9	0	1	0	1	0	0	0	0	N	N	N	N	N	N	N	N	N	N	N	N	0.0000	0.0000	0.0000	0.0000	0.0000	0.0000	0.0000	0.0000	0.0000	0.0000	0.0000	0.0000	0.0000	0.0000	0.0000	0.0000	0.0000	0.0000	0.0000	0.0000	24.4476	0.0000	5.0002	0.0000	0.0000	0.0000	0.0000	0.0000	0.0000	0.0000	0.0000	0.0000	0.0000	0.0000	0.0000	0.0000	0.0000	0.0000	0.0000	0.0000	0.0000	0.0000	0.0000	0.0000	0.0000	0.0000	0.0000	0.0000	0.0000	0.0000	0.0000	0.0000	0.0000	0.0000	0.0000	0.0000	0.0000	0.0000	0.0000	0.0000	0.0000	0.0000	0.0000	0.0000	0.0000	0.0000	0.0000	0.0000	0.0000	0.0000	0.0000	0.0000	0.0000	0.0000	0.0000	0.0000	0.0000	0.0000											
33	60	0.4885	8	0	1	0	1	0	0	0	0	N	N	N	N	N	N	N	N	N	N	N	N	5.0204	2.5735	0.0000	7.2324	6.2099	0.0000	443.3897	inf	0.0000	0.0207	0.0230	0.0000	0.0525	0.0550	0.0000	0.0000	0.0000	0.0000	0.0041	0.0089	0.0000	0.0073	0.0089	0.0000	0.0000	0.0000	0.0000	0.0000	0.0000	-0.0105	-0.0003	24.4476	19.3360	5.0002	7.9957	0.0367	0.0367	0.0000	0.0367	0.0367	0.0000	0.0000	0.0000	0.0000	0.0005	0.0005	0.0000	0.0005	0.0005	0.0000	0.0000	0.0000	0.0000	1.7708	1.5979	0.1729	0.6985	0.6665	0.0321	1.0722	0.9314	0.1408	0.3184	0.1905	0.1279	0.0954	0.0815	0.0139	0.2230	0.1090	0.1140	12.6816	8.4080	0.0000	9.6268	8.6208	0.0000	443.3897	inf	0.0000	0.0016	0.0027	0.0000	0.0055	0.0064	0.0000	0.0000	0.0000	0.0000
33	61	0.0663	2	0	2	1	0	0	0	0	0	N	Y	N	N	N	N	N	N	N	N	N	N	11820.2379	6879.2625	0.0321	17.0022	17.0980	0.0601	429246.7644	inf	0.0000	0.7361	0.8465	0.0000	0.1107	0.1134	0.0000	0.7773	0.9012	0.0000	0.0001	0.0001	0.0000	0.0065	0.0066	0.0002	0.0000	0.0000	0.0000	0.0000	0.0298	-0.2972	-0.0000	24.4476	14.2360	5.0002	11.9336	1.0350	1.0350	0.0000	0.0096	0.0096	0.0000	1.0254	1.0254	0.0000	0.0000	0.0000	0.0000	0.0000	0.0000	0.0000	0.0000	0.0000	0.0000	1.4060	1.2226	0.1834	0.0869	0.0848	0.0021	1.3191	1.1378	0.1813	0.4939	0.2430	0.2509	0.0058	0.0058	0.0000	0.4881	0.2372	0.2508	11820.2379	6887.6095	0.0321	21.6185	22.0209	0.0601	429246.7644	inf	0.0000	0.0001	0.0001	0.0000	0.0051	0.0052	0.0002	0.0000	0.0000	0.0000
33	62	0.2871	8	1	1	1	0	0	0	0	0	N	N	N	N	N	N	N	N	N	N	N	N	11835.0415	6555.7951	inf	31.4513	30.7488	inf	inf	inf	inf	0.3834	0.4337	0.0217	0.0160	0.0168	0.0037	0.4791	0.5514	0.0239	0.0000	0.0001	0.0000	0.0005	0.0005	0.0000	0.0000	0.0000	0.0000	0.0070	0.0000	-0.2846	-0.0000	24.4476	28.8660	5.0002	13.2209	1.0156	1.0086	0.0070	0.0088	0.0086	0.0001	1.0069	1.0000	0.0069	0.0000	0.0000	0.0000	0.0000	0.0000	0.0000	0.0000	0.0000	0.0000	2.6489	2.3254	0.3236	0.5471	0.5117	0.0354	2.1018	1.8136	0.2882	0.6188	0.3122	0.3066	0.0394	0.0366	0.0028	0.5794	0.2756	0.3038	11835.0415	6755.1368	inf	31.4513	30.7488	inf	inf	inf	inf	0.0000	0.0001	0.0000	0.0005	0.0005	0.0000	0.0000	0.0000	0.0000
33	63	0.2844	7	1	2	0	0	0	0	0	0	N	Y	N	N	N	N	N	N	N	N	N	N	46.1789	19.9180	inf	0.1675	0.1618	inf	inf	inf	0.0043	0.0037	0.0084	0.0001	0.0001	0.0000	0.0055	0.0049	0.0096	0.0001	0.0002	0.0000	0.0005	0.0006	0.0000	0.0000	0.0000	0.0000	0.2968	0.0000	-0.0001	-0.0000	24.4476	5.0237	5.0002	8.0282	0.0020	0.0016	0.0005	0.0000	0.0000	0.0000	0.0020	0.0015	0.0005	0.0000	0.0000	0.0000	0.0000	0.0000	0.0000	0.0000	0.0000	0.0000	0.4711	0.4165	0.0546	0.1102	0.1036	0.0066	0.3609	0.3129	0.0480	0.2165	0.1126	0.1039	0.0369	0.0335	0.0034	0.1796	0.0791	0.1005	46.1789	20.9478	inf	0.1675	0.1618	0.0000	inf	inf	inf	0.0001	0.0002	0.0000	0.0005	0.0006	0.0000	0.0000	0.0000	0.0000	
33	64	0.2213	6	1	2	0	0	0	0	0	0	N	Y	N	N	N	N	N	N	N	N	N	N	20888.8228	9025.5008	129572.1756	3.6263	3.3297	inf	14081.0495	444.3150	148399.4885	1.1558	0.6547	4.9245	0.0006	0.0006	0.0003	1.5120	0.8693	5.7932	0.0001	0.0001	0.0000	0.0002	0.0002	0.0000	0.0001	0.0020	0.0000	1.0003	0.5001	0.4254	-0.0000	24.4476	17.5893	5.0002	19.0270	1.9975	0.9986	0.9989	0.0002	0.0002	0.0000	1.9973	0.9984	0.9989	0.0000	0.0000	0.0000	0.0000	0.0000	0.0000	0.0000	0.0000	0.0000	1.7282	1.5254	0.2028	0.4073	0.3769	0.0304	1.3209	1.1485	0.1724	0.5422	0.2791	0.2632	0.0613	0.0543	0.0070	0.4809	0.2247	0.2562	20888.8228	9134.1098	129572.1756	3.6263	3.3297	inf	36356.4366	19535.6919	148399.4885	0.0001	0.0001	0.0000	0.0002	0.0002	0.0000	0.0000	0.0000	0.0000
33	65	0.2150	5	0	2	0	0	0	0	0	0	N	Y	N	N	N	N	N	N	N	N	N	N	111.9102	41.0520	inf	inf	inf	inf	29.0250	0.7081	inf	0.0090	0.0051	0.0408	0.0098	0.0086	0.0338	0.0088	0.0038	0.0416	0.0001	0.0001	0.0000	0.0000	0.0000	0.0000	0.0003	0.0054	0.0000	0.9889	0.0001	0.0004	-0.0000	24.4476	1.7566	5.0002	2.8742	0.0018	0.0009	0.0009	0.0005	0.0004	0.0001	0.0013	0.0005	0.0008	0.0000	0.0000	0.0000	0.0000	0.0000	0.0000	0.0000	0.0000	0.0000	0.1985	0.1767	0.0218	0.0500	0.0476	0.0024	0.1486	0.1291	0.0195	0.1241	0.0807	0.0434	0.0336	0.0328	0.0009	0.0905	0.0480	0.0425	111.9102	41.1174	inf	inf	inf	inf	79.1827	18.2016	inf	0.0001	0.0001	0.0000	0.0000	0.0000	0.0000	0.0001	0.0002	0.0000
33	66	0.0663	2	0	2	0	0	0	0	0	0	N	Y	N	N	N	N	N	N	N	N	N	N	6687.3103	804.9096	17008992.0440	1.2836	1.2784	inf	6828397.9370	inf	17205367.1392	1.5010	0.5863	7.6788	0.0618	0.0634	0.0033	1.5826	0.6196	7.7685	0.0002	0.0007	0.0000	0.0481	0.0496	0.0000	0.0000	0.0000	0.0000	1.9390	0.0010	1.1287	-0.0001	24.4476	21.1811	5.0002	10.1862	3.0291	1.0307	1.9985	0.0067	0.0067	0.0000	3.0225	1.0240	1.9985	0.0001	0.0001	0.0000	0.0001	0.0001	0.0000	0.0000	0.0000	0.0000	2.0181	1.7578	0.2603	0.1082	0.1052	0.0030	1.9098	1.6526	0.2573	0.5823	0.2863	0.2959	0.0058	0.0058	0.0000	0.5764	0.2806	0.2959	6762.1413	1300.3507	17008992.0440	2.7891	2.8449	inf	6828397.9370	inf	17205367.1392	0.0002	0.0005	0.0000	0.0221	0.0223	0.0000	0.0000	0.0000	0.0000
33	68	0.3680	8	0	1	1	0	0	0	0	0	N	N	N	N	N	N	N	N	N	N	N	N	4224.7050	2189.8925	133633.1697	203.7926	193.4562	inf	212336042.5161	inf	150096.4030	0.6709	0.7472	0.0010	0.1299	0.1363	0.0000	0.9729	1.1222	0.0012	0.0002	0.0003	0.0000	0.0006	0.0007	0.0000	0.0000	0.0000	0.0000	0.0002	0.0000	-0.3435	-0.0000	24.4476	15.0354	5.0002	6.2061	1.1971	1.1969	0.0002	0.0830	0.0830	0.0000	1.1140	1.1139	0.0002	0.0001	0.0001	0.0000	0.0001	0.0001	0.0000	0.0000	0.0000	0.0000	1.7843	1.6018	0.1825	0.6392	0.6092	0.0300	1.1451	0.9926	0.1525	0.3779	0.2123	0.1656	0.0941	0.0852	0.0090	0.2837	0.1271	0.1566	4224.7050	2643.3953	133633.1697	203.7926	193.4562	inf	212336042.5161	inf	150096.4030	0.0002	0.0003	0.0000	0.0006	0.0007	0.0000	0.0000	0.0000	0.0000
33	69	0.2999	7	0	1	0	0	0	0	0	0	N	N	N	N	N	N	N	N	N	N	N	N	1373.5785	752.8790	7152.4520	6.6778	5.9363	inf	1137.8568	103.0329	8164.0128	0.4929	0.3344	1.8467	0.0047	0.0047	0.0053	0.7187	0.5007	2.1795	0.0004	0.0004	0.0003	0.0007	0.0008	0.0000	0.0006	0.0049	0.0003	0.6466	0.7000	0.1546	-0.0000	24.4476	27.6811	5.0002	13.1592	1.4649	0.8897	0.5753	0.0044	0.0042	0.0003	1.4605	0.8855	0.5750	0.0002	0.0001	0.0001	0.0001	0.0001	0.0000	0.0001	0.0000	0.0001	2.9717	2.6602	0.3115	0.9395	0.8919	0.0477	2.0322	1.7684	0.2638	0.5701	0.2990	0.2711	0.0855	0.0765	0.0089	0.4846	0.2224	0.2622	1653.0262	999.7857	7152.4520	6.6778	5.9363	inf	3166.4210	2784.6725	8164.0128	0.0003	0.0003	0.0003	0.0007	0.0008	0.0000	0.0002	0.0002	0.0003
33	70	0.2651	6	0	1	0	0	0	0	0	0	N	N	N	N	N	N	N	N	N	N	N	N	231.5630	3.5544	15710.3948	8.1663	7.7395	inf	554.0817	0.1270	17691.8098	0.1970	0.0065	1.7987	0.0174	0.0179	0.0059	0.2778	0.0009	2.0906	0.0009	0.0018	0.0001	0.0021	0.0023	0.0000	0.0005	0.0068	0.0001	32.9195	0.1112	0.2988	-0.0001	24.4476	19.6565	5.0002	4.0504	0.4373	0.0129	0.4244	0.0119	0.0117	0.0002	0.4254	0.0011	0.4242	0.0002	0.0002	0.0000	0.0001	0.0001	0.0000	0.0001	0.0000	0.0000	2.2194	1.9835	0.2360	0.6880	0.6550	0.0330	1.5314	1.3285	0.2029	0.3867	0.2119	0.1748	0.0659	0.0604	0.0054	0.3208	0.1515	0.1693	380.9215	7.6515	15710.3948	8.1663	7.7395	inf	1484.9118	3.2740	17691.8098	0.0005	0.0008	0.0001	0.0021	0.0023	0.0000	0.0002	0.0003	0.0001
33	71	0.0556	2	1	2	0	0	0	0	0	0	N	Y	N	N	N	N	N	N	N	N	N	N	578.8832	225.7058	64.9830	0.7703	0.7795	205.7792	inf	72.9378	0.1188	0.1409	0.0000	1.0352	1.0497	0.0000	0.0000	0.0000	0.0000	0.0002	0.0006	0.0000	1.3439	1.3466	0.0000	0.0000	0.0000	0.0000	0.0000	0.0000	-0.0677	-0.0001	24.4476	17.5448	5.0002	6.0013	0.2357	0.2357	0.0000	0.2357	0.2357	0.0000	0.0000	0.0000	0.0000	0.0001	0.0001	0.0000	0.0001	0.0001	0.0000	0.0000	0.0000	0.0000	1.9840	1.6727	0.3113	0.2277	0.2246	0.0031	1.7563	1.4481	0.3082	0.4382	0.2142	0.2241	0.0003	0.0003	0.0000	0.4379	0.2139	0.2240	578.8832	335.5938	64.9830	3.4547	3.4652	0.0000	205.7792	inf	72.9378	0.0002	0.0004	0.0000	0.2997	0.3029	0.0000	0.0000	0.0000	0.0000	
33	72	0.1241	5	1	2	1	0	0	0	0	0	N	Y	N	N	N	N	N	N	N	N	N	N	inf	inf	inf	inf	0.0037	0.0043	0.0000	0.0304	0.0312	0.0000	0.0000	0.0000	0.0000	0.0000	0.0000	0.0000	0.0000	0.0000	0.0000	0.0000	0.0000	0.0000	0.0000	-0.0002	0.0000	24.4476	1.8980	5.0002	2.9698	0.0008	0.0008	0.0000	0.0008	0.0008	0.0000	0.0000	0.0000	0.0000	0.0000	0.0000	0.0000	0.0000	0.0000	0.0000	0.0000	0.0000	0.0000	0.2023	0.1763	0.0260	0.0249	0.0243	0.0006	0.1775	0.1520	0.0255	0.1333	0.0814	0.0518	0.0283	0.0275	0.0007	0.1050	0.0539	0.0511	inf	inf	0.0000	inf	inf	0.0000	0.0000	0.0000	0.0000	0.0000	0.0000	0.0000	0.0000	0.0000	0.0000	0.0000	0.0000	0.0000						
33	73	0.1045	4	1	1	1	0	0	0	0	0	N	N	N	N	N	N	N	N	N	N	N	N	77.6251	72.3290	4.9587	3437.0025	3410.6076	0.0000	0.1746	0.0007	5.1384	0.4268	0.4887	0.0096	1.2139	1.2336	0.0000	0.0020	0.0001	0.0100	0.0055	0.0068	0.0019	0.0004	0.0004	0.0000	0.0116	0.2110	0.0020	0.0029	0.6249	-0.0946	-0.0001	24.4476	3.5853	5.0002	4.3819	0.3329	0.3320	0.0010	0.3319	0.3319	0.0000	0.0010	0.0001	0.0010	0.0004	0.0002	0.0002	0.0000	0.0000	0.0000	0.0004	0.0002	0.0001	0.7801	0.6793	0.1009	0.2734	0.2691	0.0044	0.5067	0.4102	0.0965	0.1868	0.1092	0.0776	0.0284	0.0277	0.0007	0.1584	0.0815	0.0769	204.3925	222.4197	4.9587	3437.0025	3410.6076	0.0000	0.8461	0.0528	5.1384	0.0021	0.0022	0.0019	0.0004	0.0004	0.0000	0.0024	0.0028	0.0020
33	74	0.0730	3	1	1	1	0	0	0	0	0	N	N	N	N	N	N	N	N	N	N	N	N	1673.7532	25.0811	41784.9256	21.8408	21.7237	27.0029	2766.9016	1.2104	42853.5627	1.2209	0.0326	9.2214	0.1450	0.1480	0.0014	1.4406	0.0054	9.4705	0.0007	0.0013	0.0002	0.0066	0.0068	0.0001	0.0005	0.0044	0.0002	42.0388	0.2861	1.2313	-0.0001	24.4476	12.3589	5.0002	7.3592	1.7855	0.0415	1.7440	0.0360	0.0360	0.0000	1.7495	0.0055	1.7440	0.0002	0.0001	0.0000	0.0001	0.0001	0.0000	0.0001	0.0000	0.0000	1.4624	1.2733	0.1891	0.2480	0.2431	0.0050	1.2144	1.0303	0.1841	0.3905	0.2090	0.1815	0.0212	0.0208	0.0003	0.3693	0.1881	0.1811	2647.5114	48.6310	41784.9256	27.9182	28.0394	27.0029	7596.4242	33.5838	42853.5627	0.0005	0.0007	0.0002	0.0052	0.0053	0.0001	0.0002	0.0002	0.0002
33	75	0.0556	2	1	1	1	0	0	0	0	0	N	N	N	N	N	N	N	N	N	N	N	N	941.6698	904.4831	1005.1681	1.4274	1.4847	inf	610.4902	88.3077	1014.1162	0.8623	0.9279	0.5465	0.1229	0.1241	0.0002	1.0049	1.1208	0.5513	0.0009	0.0010	0.0005	0.0861	0.0836	0.0000	0.0016	0.0127	0.0005	0.1224	1.0001	-0.2046	-0.0000	24.4476	10.2127	5.0002	1.0234	1.1490	1.0237	0.1253	0.0265	0.0265	0.0000	1.1225	0.9972	0.1253	0.0001	0.0001	0.0001	0.0000	0.0000	0.0000	0.0001	0.0000	0.0001	1.3325	1.1032	0.2293	0.2155	0.2135	0.0020	1.1170	0.8897	0.2273	0.2158	0.1054	0.1105	0.0003	0.0003	0.0000	0.2155	0.1051	0.1105	1549.5460	1628.2011	1005.1681	3.7546	3.7699	inf	1967.9721	2355.0355	1014.1162	0.0006	0.0006	0.0005	0.0327	0.0329	0.0000	0.0005	0.0005	0.0005
33	79	0.2150	5	0	2	0	0	0	0	0	0	N	Y	N	N	N	N	N	N	N	N	N	N	inf	inf	inf	inf	inf	inf	0.9191	1.0402	0.0000	2.2948	2.4421	0.0000	0.5747	0.6608	0.0000	0.0000	0.0000	0.0000	0.0000	0.0000	0.0000	0.0000	0.0000	0.0000	0.0000	-0.5742	-0.0000	24.4476	23.9173	5.0002	17.8091	1.9999	1.9999	0.0000	0.9999	0.9999	0.0000	1.0000	1.0000	0.0000	0.0000	0.0000	0.0000	0.0000	0.0000	0.0000	0.0000	0.0000	0.0000	2.1759	1.9227	0.2532	0.4357	0.4095	0.0263	1.7401	1.5132	0.2269	0.6180	0.3315	0.2865	0.0709	0.0640	0.0069	0.5471	0.2675	0.2795	inf	inf	0.0000	inf	inf	0.0000	inf	inf	0.0000	0.0000	0.0000	0.0000	0.0000	0.0000	0.0000	0.0000	0.0000	0.0000				
33	80	0.1990	4	0	2	0	0	0	0	0	0	N	Y	N	N	N	N	N	N	N	N	N	N	inf	inf	inf	inf	inf	inf	inf	inf	0.0029	0.0032	0.0001	0.0155	0.0164	0.0000	0.0001	0.0000	0.0002	0.0000	0.0000	0.0000	0.0000	0.0000	0.0000	0.0000	0.0000	0.0000	0.0061	-0.0005	0.0000	24.4476	6.1279	5.0002	3.6878	0.0016	0.0016	0.0000	0.0016	0.0016	0.0000	0.0000	0.0000	0.0000	0.0000	0.0000	0.0000	0.0000	0.0000	0.0000	0.0000	0.0000	0.0000	0.5734	0.5052	0.0682	0.1047	0.0986	0.0062	0.4687	0.4066	0.0620	0.1856	0.1100	0.0756	0.0312	0.0296	0.0017	0.1544	0.0805	0.0739	inf	inf	inf	inf	inf	0.0000	inf	inf	inf	0.0000	0.0000	0.0000	0.0000	0.0000	0.0000	0.0000	0.0000	0.0000		
33	81	0.2871	8	1	1	1	0	0	0	0	0	N	N	N	N	N	N	N	N	N	N	N	N	12457.5980	7071.4914	inf	262.4602	260.9792	inf	inf	inf	0.4218	0.4804	0.0017	0.1369	0.1464	0.0000	0.4969	0.5759	0.0019	0.0000	0.0001	0.0000	0.0005	0.0006	0.0000	0.0000	0.0000	0.0000	0.0005	0.0000	-0.3075	-0.0000	24.4476	27.2690	5.0002	12.3406	1.0727	1.0721	0.0005	0.0726	0.0726	0.0000	1.0001	0.9995	0.0005	0.0000	0.0000	0.0000	0.0000	0.0000	0.0000	0.0000	0.0000	0.0000	2.5429	2.2318	0.3112	0.5304	0.4960	0.0344	2.0125	1.7357	0.2768	0.5921	0.2990	0.2931	0.0384	0.0357	0.0027	0.5536	0.2632	0.2904	12457.5980	7164.4882	inf	262.4602	260.9792	0.0000	inf	inf	inf	0.0000	0.0001	0.0000	0.0005	0.0006	0.0000	0.0000	0.0000	0.0000	
33	82	0.2717	7	0	1	0	0	0	0	0	0	N	N	N	N	N	N	N	N	N	N	N	N	22.7380	7.8240	211.1334	7.2763	7.2863	inf	25.4231	inf	242.3810	2.8107	3.1640	0.0551	8.6800	9.2126	0.0110	0.0096	0.0008	0.0638	0.1236	0.4044	0.0003	1.1929	1.2644	0.0000	0.0004	0.0000	0.0003	0.0022	0.0111	-0.8569	-0.0011	24.4476	9.0798	5.0002	0.9519	3.0077	3.0010	0.0067	3.0007	3.0005	0.0002	0.0070	0.0005	0.0065	0.0018	0.0018	0.0000	0.0018	0.0018	0.0000	0.0000	0.0000	0.0000	1.0701	0.9485	0.1216	0.3457	0.3257	0.0200	0.7244	0.6228	0.1016	0.1503	0.0737	0.0767	0.0071	0.0065	0.0006	0.1432	0.0672	0.0760	232.1690	129.4796	211.1334	34.2418	33.0780	inf	68.7855	inf	242.3810	0.0121	0.0244	0.0003	0.2535	0.2785	0.0000	0.0001	0.0000	0.0003
33	83	0.1990	4	0	2	0	0	0	0	0	0	N	Y	N	N	N	N	N	N	N	N	N	N	0.6735	inf	0.6125	inf	inf	0.6178	inf	0.6097	1.2518	0.8204	4.4841	1.0854	1.1532	0.0000	1.2885	0.7411	4.9277	1.8587	0.0000	7.3207	0.0000	0.0000	0.0000	2.0855	0.0000	8.0824	0.7295	inf	0.3193	0.3716	24.4476	21.0000	5.0002	14.4214	2.3708	1.3708	1.0000	0.3708	0.3708	0.0000	2.0000	1.0000	1.0000	1.0000	0.0000	1.0000	0.0000	0.0000	0.0000	1.0000	0.0000	1.0000	1.8938	1.6708	0.2230	0.3416	0.3215	0.0201	1.5522	1.3493	0.2029	0.5380	0.2887	0.2493	0.0581	0.0524	0.0057	0.4799	0.2363	0.2436	0.6735	inf	1.1177	inf	inf	0.0000	0.6184	inf	1.2004	1.8587	0.0000	4.0119	0.0000	0.0000	0.0000	2.0836	0.0000	4.1051	
33	84	0.2566	8	0	1	1	0	0	0	0	0	N	N	N	N	N	N	N	N	N	N	N	N	113322.3466	inf	0.0000	6214082.9026	inf	0.0000	120573.4365	inf	0.0000	0.5512	0.6216	0.0000	0.1579	0.1672	0.0000	0.6754	0.7775	0.0000	0.0000	0.0000	0.0000	0.0000	0.0000	0.0000	0.0000	0.0000	0.0000	0.0000	inf	-0.3083	0.0000	24.4476	20.4085	5.0002	11.0867	1.0738	1.0738	0.0000	0.0738	0.0738	0.0000	1.0000	1.0000	0.0000	0.0000	0.0000	0.0000	0.0000	0.0000	0.0000	0.0000	0.0000	0.0000	1.9480	1.7275	0.2205	0.4673	0.4413	0.0261	1.4807	1.2862	0.1944	0.4466	0.2284	0.2182	0.0590	0.0487	0.0104	0.3876	0.1797	0.2079	113322.3466	inf	0.0000	6214082.9026	inf	0.0000	120573.4365	inf	0.0000	0.0000	0.0000	0.0000	0.0000	0.0000	0.0000	0.0000	0.0000	0.0000
33	85	0.2529	7	0	1	1	0	0	0	0	0	N	N	N	N	N	N	N	N	N	N	N	N	1.8986	1.5815	0.0000	0.5392	0.4943	2.5553	inf	0.0000	0.0001	0.0001	0.0000	0.0001	0.0001	0.0000	0.0001	0.0001	0.0000	0.0000	0.0001	0.0000	0.0002	0.0002	0.0000	0.0000	0.0000	0.0000	0.0000	0.4173	-0.0000	-0.0000	24.4476	3.1287	5.0002	1.1816	0.0000	0.0000	0.0000	0.0000	0.0000	0.0000	0.0000	0.0000	0.0000	0.0000	0.0000	0.0000	0.0000	0.0000	0.0000	0.0000	0.0000	0.0000	0.4025	0.3610	0.0415	0.1319	0.1263	0.0056	0.2706	0.2347	0.0360	0.0733	0.0402	0.0331	0.0130	0.0114	0.0016	0.0603	0.0288	0.0315	1.8986	1.6459	0.0000	0.5392	0.4943	0.0000	4.9640	inf	0.0000	0.0000	0.0001	0.0000	0.0002	0.0002	0.0000	0.0000	0.0000	0.0000	
33	86	0.2460	6	0	1	0	0	0	0	0	0	N	N	N	N	N	N	N	N	N	N	N	N	1.3943	1.5676	0.0000	1.7584	1.6320	0.0000	0.0000	0.0000	0.0000	0.0000	0.0001	0.0001	0.0000	0.0000	0.0000	0.0000	0.0000	0.0000	0.0000	0.0000	0.0001	0.0000	0.0000	0.0000	0.0000	0.0000	0.9879	-0.0000	-0.0000	24.4476	4.0532	5.0002	2.2470	0.0000	0.0000	0.0000	0.0000	0.0000	0.0000	0.0000	0.0000	0.0000	0.0000	0.0000	0.0000	0.0000	0.0000	0.0000	0.0000	0.0000	0.0000	0.4364	0.3897	0.0466	0.1191	0.1132	0.0059	0.3173	0.2765	0.0407	0.1100	0.0600	0.0500	0.0191	0.0168	0.0023	0.0910	0.0432	0.0478	1.3943	1.6929	0.0000	1.7584	1.6320	0.0000	0.0000	0.0000	0.0000	0.0000	0.0000	0.0000	0.0000	0.0001	0.0000	0.0000	0.0000	0.0000		
33	87	0.2228	5	0	1	0	0	0	0	0	0	N	N	N	N	N	N	N	N	N	N	N	N	599.9858	384.3343	1587.5014	334.2334	329.3911	494.5038	235.1137	1858.5918	0.0763	0.0762	0.0766	0.1856	0.1946	0.0020	0.0122	0.0000	0.0921	0.0001	0.0002	0.0000	0.0006	0.0006	0.0000	0.0001	0.0000	0.0000	0.1125	0.1882	-0.0081	-0.0000	24.4476	4.7288	5.0002	9.8540	0.0437	0.0393	0.0044	0.0393	0.0393	0.0000	0.0044	0.0000	0.0044	0.0000	0.0000	0.0000	0.0000	0.0000	0.0000	0.0000	0.0000	0.0000	0.5733	0.5156	0.0577	0.2119	0.2020	0.0099	0.3614	0.3137	0.0478	0.2885	0.1681	0.1203	0.0556	0.0522	0.0034	0.2329	0.1159	0.1170	599.9858	415.3181	1587.5014	334.2334	329.3911	494.5038	489.2109	0.0000	1858.5918	0.0001	0.0002	0.0000	0.0006	0.0006	0.0000	0.0000	0.0000	0.0000	
33	88	0.1990	4	0	1	0	0	0	0	0	0	N	N	N	N	N	N	N	N	N	N	N	N	2999.5425	10199.5728	10750.4628	inf	inf	inf	786.5495	0.0227	11556.6797	2.4363	1.3568	10.4465	6.5631	6.9743	0.0012	1.5170	0.0001	11.4854	0.0008	0.0001	0.0010	0.0000	0.0000	0.0000	0.0019	0.0046	0.0010	1.0375	5.7029	0.4342	0.0000	24.4476	8.6320	5.0002	7.0881	1.9552	0.9596	0.9956	0.9596	0.9595	0.0000	0.9956	0.0001	0.9956	0.0001	0.0000	0.0001	0.0000	0.0000	0.0000	0.0001	0.0000	0.0001	0.8025	0.7072	0.0953	0.1462	0.1376	0.0086	0.6563	0.5696	0.0867	0.2704	0.1529	0.1175	0.0378	0.0352	0.0026	0.2326	0.1178	0.1148	4910.5140	10368.3860	10750.4628	inf	inf	inf	2630.5334	0.6199	11556.6797	0.0005	0.0001	0.0010	0.0000	0.0000	0.0000	0.0006	0.0002	0.0010
33	89	0.2667	6	0	2	0	0	0	0	0	0	N	Y	N	N	N	N	N	N	N	N	N	N	82.4748	25.2464	inf	21.5850	19.4798	inf	inf	inf	inf	1.0130	1.1345	0.0158	1.3303	1.4016	0.0030	0.8829	1.0147	0.0179	0.0123	0.0449	0.0000	0.0616	0.0719	0.0000	0.0000	0.0000	0.0000	0.0017	0.0000	-0.4621	-0.0007	24.4476	15.4622	5.0002	5.2688	1.6189	1.6161	0.0028	0.6185	0.6184	0.0001	1.0004	0.9977	0.0027	0.0012	0.0012	0.0000	0.0012	0.0012	0.0000	0.0000	0.0000	0.0000	1.5981	1.4245	0.1736	0.4649	0.4412	0.0237	1.1331	0.9832	0.1499	0.3111	0.1674	0.1437	0.0431	0.0392	0.0040	0.2680	0.1283	0.1398	264.8652	159.6053	inf	48.1924	46.1185	inf	inf	inf	inf	0.0038	0.0071	0.0000	0.0276	0.0304	0.0000	0.0000	0.0000	0.0000
33	90	0.2549	5	0	1	0	0	0	0	0	0	N	N	N	N	N	N	N	N	N	N	N	N	47.4070	93.5460	386.1309	456.0552	368.4319	1861592.9007	17.8526	0.0648	436.5854	1.9917	0.8578	11.9057	2.6978	2.4946	6.6294	1.6543	0.0045	12.8724	0.0420	0.0092	0.0308	0.0059	0.0068	0.0000	0.0927	0.0698	0.0295	1.5876	3.8936	0.5801	0.0002	24.4476	7.5917	5.0002	1.5198	1.7772	0.6868	1.0904	0.7784	0.6844	0.0940	0.9988	0.0024	0.9964	0.0014	0.0003	0.0011	0.0002	0.0002	0.0000	0.0012	0.0001	0.0011	0.8923	0.8007	0.0916	0.2885	0.2744	0.0142	0.6038	0.5263	0.0774	0.1728	0.1003	0.0725	0.0376	0.0343	0.0033	0.1352	0.0659	0.0692	251.2371	307.1824	792.4269	564.0223	475.6333	1861592.9007	187.9240	2.9817	817.6449	0.0079	0.0028	0.0150	0.0048	0.0052	0.0000	0.0088	0.0015	0.0157
33	91	0.3642	9	1	1	1	0	0	0	0	0	N	N	N	N	N	N	N	N	N	N	N	N	inf	inf	inf	inf	inf	inf	0.2604	0.2936	0.0000	0.0000	0.0000	0.0000	0.3534	0.4079	0.0000	0.0000	0.0000	0.0000	0.0000	0.0000	0.0000	0.0000	0.0000	0.0000	0.0000	-0.0212	0.0000	24.4476	3.0317	5.0002	0.1644	0.0737	0.0737	0.0000	0.0000	0.0000	0.0000	0.0737	0.0737	0.0000	0.0000	0.0000	0.0000	0.0000	0.0000	0.0000	0.0000	0.0000	0.0000	0.2829	0.2509	0.0320	0.0745	0.0703	0.0042	0.2084	0.1806	0.0278	0.0451	0.0224	0.0227	0.0027	0.0024	0.0003	0.0424	0.0199	0.0224	inf	inf	0.0000	inf	inf	0.0000	inf	inf	0.0000	0.0000	0.0000	0.0000	0.0000	0.0000	0.0000	0.0000	0.0000	0.0000				
33	92	0.3584	8	1	1	1	0	0	0	0	0	N	N	N	N	N	N	N	N	N	N	N	N	inf	inf	inf	inf	inf	inf	inf	inf	0.0013	0.0014	0.0000	0.0008	0.0008	0.0000	0.0015	0.0017	0.0001	0.0000	0.0000	0.0000	0.0000	0.0000	0.0000	0.0000	0.0000	0.0000	0.0036	-0.0001	0.0000	24.4476	2.6632	5.0002	1.0147	0.0004	0.0004	0.0000	0.0001	0.0001	0.0000	0.0003	0.0003	0.0000	0.0000	0.0000	0.0000	0.0000	0.0000	0.0000	0.0000	0.0000	0.0000	0.3247	0.2930	0.0317	0.1143	0.1094	0.0048	0.2104	0.1836	0.0268	0.0556	0.0285	0.0271	0.0047	0.0044	0.0003	0.0509	0.0241	0.0267	inf	inf	inf	inf	inf	0.0000	inf	inf	inf	0.0000	0.0000	0.0000	0.0000	0.0000	0.0000	0.0000	0.0000	0.0000		
33	93	0.2752	7	1	1	1	0	0	0	0	0	N	N	N	N	N	N	N	N	N	N	N	N	5778.9886	2463.8488	394018.7018	494.1607	478.0117	inf	4774818.3268	inf	434930.1738	0.8775	0.9729	0.1223	1.1219	1.1803	0.0068	0.7978	0.8988	0.1364	0.0002	0.0004	0.0000	0.0023	0.0025	0.0000	0.0000	0.0000	0.0000	0.0159	0.0010	-0.8041	-0.0001	24.4476	35.0787	5.0002	12.2568	2.9615	2.9153	0.0463	0.9310	0.9307	0.0003	2.0305	1.9845	0.0460	0.0001	0.0001	0.0000	0.0001	0.0001	0.0000	0.0000	0.0000	0.0000	3.3749	2.9965	0.3784	0.8299	0.7885	0.0413	2.5451	2.2080	0.3371	0.6593	0.3280	0.3313	0.0440	0.0405	0.0035	0.6152	0.2875	0.3277	5778.9886	3190.8567	394018.7018	494.1607	478.0117	inf	4774818.3268	inf	434930.1738	0.0002	0.0003	0.0000	0.0023	0.0025	0.0000	0.0000	0.0000	0.0000
33	94	0.2617	6	1	1	0	0	0	0	0	0	N	N	N	N	N	N	N	N	N	N	N	N	859.4802	35.7872	29149.6166	38.8148	35.7008	inf	1278.2157	1.2291	32771.4247	1.9799	0.1415	17.4601	0.3629	0.3783	0.0008	2.7082	0.0232	19.8256	0.0023	0.0040	0.0006	0.0093	0.0106	0.0000	0.0021	0.0189	0.0006	14.6486	0.3844	1.4392	-0.0001	24.4476	8.4810	5.0002	2.3446	2.2177	0.1417	2.0760	0.1262	0.1262	0.0000	2.0915	0.0155	2.0760	0.0002	0.0001	0.0001	0.0001	0.0001	0.0000	0.0001	0.0001	0.0001	1.1201	1.0012	0.1189	0.3478	0.3336	0.0142	0.7723	0.6676	0.1047	0.1702	0.0867	0.0835	0.0121	0.0112	0.0008	0.1581	0.0755	0.0827	1870.7203	94.3183	29149.6166	54.6376	53.0563	inf	4281.7667	35.0461	32771.4247	0.0011	0.0015	0.0006	0.0066	0.0071	0.0000	0.0006	0.0007	0.0006
33	95	0.1990	4	0	2	0	1	0	0	0	0	N	Y	N	N	N	N	N	N	N	N	N	N	inf	inf	inf	inf	inf	inf	0.4660	0.5281	0.0000	0.0040	0.0043	0.0000	0.5675	0.6526	0.0000	0.0000	0.0000	0.0000	0.0000	0.0000	0.0000	0.0000	0.0000	0.0000	0.0000	-0.2876	0.0000	24.4476	24.0032	5.0002	22.6134	1.0015	1.0015	0.0000	0.0015	0.0015	0.0000	1.0000	1.0000	0.0000	0.0000	0.0000	0.0000	0.0000	0.0000	0.0000	0.0000	0.0000	0.0000	2.1491	1.8965	0.2525	0.3868	0.3641	0.0227	1.7622	1.5324	0.2298	0.6801	0.3612	0.3190	0.0686	0.0614	0.0073	0.6115	0.2998	0.3117	inf	inf	0.0000	inf	inf	0.0000	inf	inf	0.0000	0.0000	0.0000	0.0000	0.0000	0.0000	0.0000	0.0000	0.0000	0.0000				
33	96	0.4356	6	0	2	0	0	0	0	0	0	N	Y	N	N	N	N	N	N	N	N	N	N	0.3016	inf	0.5611	0.0437	inf	0.0000	0.2783	0.5536	0.5341	0.0000	4.8083	0.0001	0.0001	0.0000	0.7020	0.0000	5.4621	1.7709	0.0000	8.5687	0.0015	0.0000	0.0154	2.5223	0.0000	9.8657	33332.6667	inf	0.7128	0.3743	24.4476	18.5150	5.0002	10.2301	1.0000	0.0000	1.0000	0.0000	0.0000	0.0000	1.0000	0.0000	1.0000	1.0071	0.0000	1.0071	0.0003	0.0000	0.0003	1.0068	0.0000	1.0068	1.8724	1.6644	0.2080	0.4479	0.4230	0.0249	1.4244	1.2414	0.1831	0.5687	0.3525	0.2162	0.1695	0.1526	0.0169	0.3992	0.1999	0.1993	0.3016	inf	1.0322	0.0437	inf	0.0000	0.2783	0.0000	1.0813	1.7709	0.0000	4.6581	0.0015	0.0000	0.0154	2.5223	0.0000	5.0515	
33	97	0.2281	5	0	2	0	0	0	0	0	0	N	Y	N	N	N	N	N	N	N	N	N	N	0.3529	0.1374	0.9013	inf	inf	0.2677	0.0000	0.9294	0.7300	0.2825	4.1910	1.3374	1.4165	0.0000	0.5903	0.0000	4.6114	2.0689	2.0556	4.6498	0.0000	0.0000	0.0000	2.2050	2.7517	4.9619	1.9187	1.0000	1.0807	-0.2567	24.4476	46.1140	5.0002	26.4917	2.9188	1.0000	1.9188	1.0000	1.0000	0.0000	1.9188	0.0000	1.9188	2.0000	1.0000	1.0000	0.0000	0.0000	0.0000	2.0000	1.0000	1.0000	3.9981	3.5403	0.4578	0.7477	0.7060	0.0417	3.2504	2.8344	0.4161	0.9667	0.4865	0.4802	0.0597	0.0531	0.0065	0.9070	0.4333	0.4737	0.3529	0.1374	2.0126	inf	inf	0.0000	0.2677	0.0000	2.1844	2.0689	2.0556	2.0823	0.0000	0.0000	0.0000	2.2050	2.3077	2.1111	
33	98	0.4885	8	0	2	0	0	0	0	0	0	N	Y	N	N	N	N	N	N	N	N	N	N	0.0046	0.0022	0.0067	0.0054	0.0000	0.0000	0.0000	0.0001	0.0001	0.0000	0.0000	0.0000	0.0000	0.0046	0.0106	0.0000	0.0081	0.0106	0.0000	0.0000	0.0000	0.0000	0.0000	0.0000	-0.0000	-0.0004	24.4476	20.7840	5.0002	8.9470	0.0000	0.0000	0.0000	0.0000	0.0000	0.0000	0.0000	0.0000	0.0000	0.0006	0.0006	0.0000	0.0006	0.0006	0.0000	0.0000	0.0000	0.0000	1.8742	1.6903	0.1839	0.7306	0.6965	0.0340	1.1436	0.9937	0.1499	0.3423	0.2048	0.1375	0.1021	0.0871	0.0150	0.2402	0.1177	0.1224	0.0118	0.0078	0.0000	0.0090	0.0081	0.0000	0.0000	0.0000	0.0000	0.0018	0.0030	0.0000	0.0061	0.0071	0.0000	0.0000	0.0000	0.0000					
33	99	0.4836	7	0	1	0	0	0	0	0	0	N	N	N	N	N	N	N	N	N	N	N	N	0.3079	0.2118	0.8980	1.9042	1.8110	4984.3085	0.0020	0.0007	0.0001	0.0561	0.0591	0.0206	0.0999	0.1000	0.0977	0.0002	0.0002	0.0000	0.1823	0.2792	0.0229	0.0525	0.0552	0.0000	0.1080	0.3551	0.0204	0.0294	0.5095	-0.0121	-0.0005	24.4476	2.7834	5.0002	1.0450	0.0466	0.0453	0.0013	0.0465	0.0452	0.0013	0.0001	0.0001	0.0000	0.0016	0.0010	0.0005	0.0009	0.0009	0.0000	0.0006	0.0001	0.0005	0.8305	0.7659	0.0646	0.4658	0.4522	0.0136	0.3647	0.3137	0.0510	0.1067	0.0619	0.0448	0.0389	0.0371	0.0018	0.0678	0.0248	0.0430	3.8158	3.5221	1.7399	4.2218	4.0340	4984.3085	0.0224	0.0514	0.0002	0.0147	0.0168	0.0118	0.0237	0.0248	0.0000	0.0096	0.0048	0.0123
33	100	0.4736	6	0	1	0	0	0	0	0	0	N	N	N	N	N	N	N	N	N	N	N	N	1.0579	0.6576	221.9487	0.7058	0.6609	11533.2510	29.4065	14.9341	269.9409	0.7720	0.6365	2.1784	0.7351	0.7161	1.1858	0.8047	0.5584	2.4520	0.7297	0.9678	0.0098	1.0415	1.0835	0.0001	0.0274	0.0374	0.0091	0.3297	0.0269	-0.0460	-0.0186	24.4476	7.6044	5.0002	2.7972	1.1735	0.8825	0.2910	0.5256	0.4914	0.0342	0.6479	0.3911	0.2568	0.0308	0.0300	0.0008	0.0299	0.0299	0.0000	0.0009	0.0001	0.0008	1.5202	1.3866	0.1336	0.7151	0.6862	0.0289	0.8051	0.7004	0.1047	0.3444	0.2142	0.1302	0.1420	0.1290	0.0131	0.2024	0.0852	0.1171	8.6259	4.5423	351.0846	3.4882	3.0859	11533.2510	182.1555	543.5808	356.1333	0.0895	0.1401	0.0062	0.2107	0.2321	0.0001	0.0044	0.0010	0.0069
33	101	0.4240	5	0	1	0	0	0	0	0	0	N	N	N	N	N	N	N	N	N	N	N	N	0.3977	0.2056	76.0127	0.0275	0.0259	7.4211	17.3570	27.9228	95.5559	0.6348	0.5139	1.6144	0.1476	0.1549	0.0141	0.7968	0.6439	1.8275	1.5963	2.4989	0.0212	5.3678	5.9897	0.0019	0.0459	0.0231	0.0191	0.3878	0.0029	-0.0095	-0.5560	24.4476	18.4780	5.0002	12.4520	1.2267	0.8839	0.3428	0.0712	0.0708	0.0004	1.1555	0.8131	0.3424	0.8889	0.8863	0.0025	0.8862	0.8862	0.0000	0.0027	0.0002	0.0025	1.9324	1.7201	0.2123	0.4822	0.4573	0.0250	1.4502	1.2628	0.1874	0.5850	0.3547	0.2303	0.1651	0.1479	0.0171	0.4199	0.2067	0.2132	0.4178	0.2056	146.5660	0.0275	0.0259	7.4211	125.6442	839.5447	155.5581	1.5194	2.4989	0.0110	5.3678	5.9897	0.0019	0.0063	0.0008	0.0117
33	102	0.3130	7	0	2	0	0	0	0	0	0	N	Y	N	N	N	N	N	N	N	N	N	N	7.9872	1.7334	662637.9113	1.1984	1.0645	inf	63443084.0641	inf	8947.2076	0.2688	0.2963	0.0087	0.1064	0.1088	0.0536	0.3610	0.4130	0.0001	0.0337	0.1710	0.0000	0.0888	0.1022	0.0000	0.0000	0.0000	0.0000	0.0031	0.0000	-0.3196	-0.0039	24.4476	34.1922	5.0002	22.4626	1.1253	1.1218	0.0035	0.1613	0.1578	0.0035	0.9640	0.9639	0.0000	0.0062	0.0062	0.0000	0.0062	0.0062	0.0000	0.0000	0.0000	0.0000	4.1863	3.7854	0.4009	1.5157	1.4512	0.0645	2.6705	2.3342	0.3363	0.8706	0.5051	0.3655	0.1851	0.1678	0.0173	0.6855	0.3373	0.3482	37.4984	23.9846	662637.9113	3.1561	2.9243	inf	63443084.0641	inf	8947.2076	0.0072	0.0124	0.0000	0.0337	0.0372	0.0000	0.0000	0.0000	0.0000
33	103	0.2651	6	0	2	0	0	0	0	0	0	N	Y	N	N	N	N	N	N	N	N	N	N	3.1893	2.0578	0.3869	7.6268	6.8251	850.4868	2.8143	0.8921	0.3703	0.4231	0.4729	0.0075	0.0135	0.0133	0.0169	0.5984	0.6884	0.0061	0.1327	0.2298	0.0195	0.0018	0.0019	0.0000	0.2126	0.7716	0.0164	0.0019	0.5952	-0.2974	-0.0016	24.4476	22.5884	5.0002	11.0115	1.0428	1.0408	0.0020	0.0100	0.0093	0.0006	1.0328	1.0314	0.0014	0.0065	0.0040	0.0024	0.0001	0.0001	0.0000	0.0063	0.0039	0.0024	2.4644	2.2007	0.2637	0.7386	0.7025	0.0361	1.7258	1.4983	0.2276	0.5127	0.2769	0.2358	0.0791	0.0716	0.0074	0.4336	0.2053	0.2283	33.5822	32.3393	0.7379	7.6268	6.8251	850.4868	41.0573	36.1413	0.5737	0.0126	0.0146	0.0102	0.0018	0.0019	0.0000	0.0146	0.0190	0.0106
33	104	0.2351	5	0	1	0	0	0	0	0	0	N	N	N	N	N	N	N	N	N	N	N	N	9.2913	5.6203	33.0018	1.9185	1.7171	inf	5.8252	0.4095	36.7917	0.0067	0.0064	0.0088	0.0004	0.0004	0.0005	0.0093	0.0091	0.0101	0.0007	0.0011	0.0003	0.0002	0.0002	0.0000	0.0016	0.0223	0.0003	0.1673	0.3637	-0.0012	-0.0001	24.4476	11.8100	5.0002	8.7888	0.0087	0.0074	0.0012	0.0002	0.0001	0.0000	0.0085	0.0073	0.0012	0.0002	0.0001	0.0000	0.0000	0.0000	0.0000	0.0001	0.0001	0.0000	1.2958	1.1545	0.1413	0.3778	0.3586	0.0192	0.9180	0.7959	0.1221	0.3289	0.1785	0.1504	0.0481	0.0438	0.0043	0.2808	0.1347	0.1461	14.6374	10.4140	33.0018	1.9185	1.7171	inf	18.5705	12.3032	36.7917	0.0005	0.0006	0.0003	0.0002	0.0002	0.0000	0.0005	0.0007	0.0003
33	105	0.1990	4	0	1	0	0	0	0	0	0	N	N	N	N	N	N	N	N	N	N	N	N	42.8968	inf	0.0000	inf	inf	0.7070	inf	0.0000	0.0012	0.0014	0.0000	0.0063	0.0067	0.0000	0.0001	0.0001	0.0000	0.0000	0.0000	0.0001	0.0000	0.0000	0.0000	0.0001	0.0000	0.0001	0.0000	inf	-0.0005	0.0000	24.4476	14.7392	5.0002	7.3617	0.0016	0.0016	0.0000	0.0015	0.0015	0.0000	0.0001	0.0001	0.0000	0.0000	0.0000	0.0000	0.0000	0.0000	0.0000	0.0000	0.0000	0.0000	1.3497	1.1900	0.1596	0.2446	0.2302	0.0144	1.1051	0.9599	0.1452	0.3596	0.1981	0.1615	0.0446	0.0410	0.0036	0.3150	0.1572	0.1578	42.8968	inf	0.0000	inf	inf	0.0000	1.7104	inf	0.0000	0.0000	0.0000	0.0001	0.0000	0.0000	0.0000	0.0000	0.0000	0.0001	
33	106	0.2717	7	0	2	0	0	0	0	0	0	N	Y	N	N	N	N	N	N	N	N	N	N	0.2767	95093538.8305	0.0007	8274294.8876	7879660.7794	0.2502	inf	0.0008	0.7139	0.8065	0.0066	0.8281	0.8805	0.0000	0.6736	0.7780	0.0077	2.5806	0.0000	9.5871	0.0000	0.0000	0.0000	2.6918	0.0000	10.0415	0.0011	623868741.8580	-0.4136	0.3710	24.4476	20.0414	5.0002	7.0324	1.4458	1.4442	0.0016	0.4379	0.4379	0.0000	1.0078	1.0063	0.0016	0.9982	0.0000	0.9982	0.0000	0.0000	0.0000	0.9982	0.0000	0.9982	2.0251	1.7908	0.2342	0.5289	0.4974	0.0315	1.4962	1.2935	0.2027	0.3868	0.1887	0.1981	0.0160	0.0143	0.0017	0.3708	0.1743	0.1965	0.2767	95093538.8305	0.0013	8274294.8876	7879660.7794	0.0000	0.2502	inf	0.0015	2.5806	0.0000	5.0377	0.0000	0.0000	0.0000	2.6918	0.0000	5.0805	
33	107	0.2617	6	0	1	0	0	0	0	0	0	N	N	N	N	N	N	N	N	N	N	N	N	0.8980	3.9109	20.5230	2.7803	2.5624	inf	0.9957	inf	28.0960	0.1540	0.0112	1.3787	0.0300	0.0312	0.0008	0.2145	0.0004	1.5736	0.1714	0.0029	0.0672	0.0108	0.0122	0.0000	0.2154	0.0000	0.0560	14.3084	22.5390	0.0990	0.0006	24.4476	7.0315	5.0002	1.2144	0.1529	0.0100	0.1429	0.0098	0.0098	0.0000	0.1431	0.0002	0.1429	0.0019	0.0001	0.0018	0.0001	0.0001	0.0000	0.0018	0.0000	0.0018	0.9932	0.8895	0.1037	0.3259	0.3130	0.0128	0.6673	0.5765	0.0908	0.1330	0.0688	0.0642	0.0106	0.0100	0.0006	0.1224	0.0588	0.0636	10.8944	9.6710	49.2073	3.9826	3.8887	inf	14.5878	inf	55.5965	0.0141	0.0012	0.0280	0.0075	0.0080	0.0000	0.0147	0.0000	0.0283
33	108	0.2281	5	0	1	0	0	0	0	0	0	N	N	N	N	N	N	N	N	N	N	N	N	1161.7361	65.6009	8610.6294	47.4851	46.2926	818.7891	inf	9348.0659	0.5139	0.0124	4.3763	0.0526	0.0555	0.0000	0.6320	0.0003	4.8131	0.0004	0.0002	0.0005	0.0011	0.0012	0.0000	0.0008	0.0000	0.0005	45.8628	2.6666	0.5609	0.0000	24.4476	16.2725	5.0002	4.4748	0.8112	0.0173	0.7938	0.0169	0.0169	0.0000	0.7942	0.0004	0.7938	0.0001	0.0000	0.0001	0.0000	0.0000	0.0000	0.0001	0.0000	0.0001	1.5783	1.3969	0.1814	0.3216	0.3051	0.0165	1.2567	1.0918	0.1649	0.3243	0.1669	0.1574	0.0271	0.0250	0.0020	0.2972	0.1419	0.1554	1515.1829	68.9305	8610.6294	47.4851	46.2926	0.0000	2348.1119	inf	9348.0659	0.0003	0.0002	0.0005	0.0011	0.0012	0.0000	0.0003	0.0000	0.0005	
33	109	0.2809	6	0	2	0	0	0	0	0	0	N	Y	N	N	N	N	N	N	N	N	N	N	0.5673	0.3833	19767767.4783	0.9178	0.1289	inf	0.6298	0.3923	0.0000	0.8255	0.9152	0.1009	0.0531	0.0086	0.8098	1.0789	1.2374	0.0000	1.4551	2.3879	0.0000	0.0579	0.0667	0.0000	1.7132	3.1542	0.0000	0.0137	0.0000	-0.8325	-0.6247	24.4476	40.5309	5.0002	14.7974	3.0419	3.0009	0.0410	0.0484	0.0074	0.0410	2.9936	2.9936	0.0000	0.9941	0.9941	0.0000	0.0026	0.0026	0.0000	0.9916	0.9916	0.0000	3.6850	3.2789	0.4061	0.9103	0.8597	0.0506	2.7747	2.4192	0.3555	0.7690	0.4163	0.3526	0.0998	0.0900	0.0098	0.6692	0.3263	0.3429	0.6385	0.3833	19767767.4783	2.0711	0.3023	inf	0.7281	0.4072	0.0000	1.2928	2.3879	0.0000	0.0257	0.0284	0.0000	1.4818	3.0389	0.0000
33	110	0.2549	5	0	2	0	0	0	0	0	0	N	Y	N	N	N	N	N	N	N	N	N	N	1.0957	0.0486	185.1402	404.6813	14.4248	1020673.9157	0.0244	0.0101	1.1541	0.4669	0.0285	4.1114	1.6413	0.0680	30.6781	0.0133	0.0119	0.0229	0.4261	0.5866	0.0222	0.0041	0.0047	0.0000	0.5435	1.1789	0.0199	17.3618	0.1979	0.4366	-0.0041	24.4476	13.5236	5.0002	3.5331	0.6631	0.0361	0.6270	0.6495	0.0255	0.6240	0.0136	0.0106	0.0030	0.0088	0.0073	0.0014	0.0002	0.0002	0.0000	0.0086	0.0071	0.0014	1.4202	1.2677	0.1525	0.3957	0.3754	0.0203	1.0244	0.8923	0.1322	0.2832	0.1573	0.1258	0.0482	0.0436	0.0047	0.2349	0.1138	0.1212	15.0620	0.6116	356.7921	441.0439	16.5240	1020673.9157	0.3629	0.1887	1.9159	0.0310	0.0466	0.0115	0.0037	0.0041	0.0000	0.0366	0.0628	0.0120
33	111	0.1990	4	0	1	0	0	0	0	0	0	N	N	N	N	N	N	N	N	N	N	N	N	763.4319	268.0786	6401.6616	inf	inf	inf	0.6144	0.0082	16.4965	0.3646	0.1561	1.9220	2.0119	0.8080	21.2684	0.0008	0.0001	0.0051	0.0005	0.0006	0.0003	0.0000	0.0000	0.0000	0.0012	0.0133	0.0003	1.6487	0.6364	0.1886	-0.0000	24.4476	16.9399	5.0002	15.9768	0.5625	0.2124	0.3502	0.5616	0.2123	0.3493	0.0010	0.0001	0.0008	0.0002	0.0001	0.0001	0.0000	0.0000	0.0000	0.0002	0.0001	0.0001	1.5428	1.3606	0.1822	0.2791	0.2627	0.0164	1.2637	1.0979	0.1658	0.5052	0.2721	0.2332	0.0556	0.0503	0.0053	0.4496	0.2218	0.2279	1023.4243	386.0870	6401.6616	inf	inf	inf	1.8976	0.2203	16.4965	0.0004	0.0004	0.0003	0.0000	0.0000	0.0000	0.0004	0.0005	0.0003
33	112	0.3034	8	1	2	0	1	0	0	0	0	N	Y	N	N	N	N	N	N	N	N	N	N	2.2082	inf	0.0000	inf	inf	0.8379	inf	0.0000	0.0397	0.0449	0.0000	0.0458	0.0469	0.0000	0.0351	0.0430	0.0000	0.0180	0.0000	0.0213	0.0000	0.0000	0.0000	0.0419	0.0000	0.0189	0.0000	inf	-0.0000	0.0001	24.4476	0.0019	5.0002	1.9928	0.0000	0.0000	0.0000	0.0000	0.0000	0.0000	0.0000	0.0000	0.0000	0.0001	0.0000	0.0001	0.0000	0.0000	0.0000	0.0001	0.0000	0.0001	0.0005	0.0004	0.0001	0.0002	0.0002	0.0000	0.0003	0.0002	0.0001	0.0295	0.0159	0.0136	0.0046	0.0040	0.0006	0.0248	0.0119	0.0130	7.8018	inf	0.0000	inf	inf	0.0000	5.8160	inf	0.0000	0.0051	0.0000	0.0111	0.0000	0.0000	0.0000	0.0060	0.0000	0.0116	
33	113	0.2798	7	1	2	0	1	0	0	0	0	N	Y	N	N	N	N	N	N	N	N	N	N	0.5099	234967.3787	0.0000	429.0497	78360.9878	0.0000	0.3080	inf	0.0000	2.2614	2.5413	0.0000	4.2353	4.4605	0.0000	1.5372	1.7711	0.0000	4.4353	0.0000	15.0929	0.0099	0.0001	0.0716	4.9906	0.0000	16.5390	0.0000	807811.7622	-0.5738	0.3686	24.4476	8.6942	5.0002	6.0502	1.9983	1.9983	0.0000	1.0045	1.0045	0.0000	0.9937	0.9937	0.0000	0.9918	0.0000	0.9918	0.0002	0.0000	0.0002	0.9917	0.0000	0.9917	0.8836	0.7863	0.0973	0.2372	0.2252	0.0120	0.6465	0.5611	0.0854	0.2236	0.1135	0.1101	0.0249	0.0216	0.0034	0.1987	0.0920	0.1068	0.5099	234967.3787	0.0000	616.4939	78360.9878	0.0000	0.3080	inf	0.0000	4.4353	0.0000	9.0081	0.0069	0.0001	0.0507	4.9906	0.0000	9.2892
33	114	0.3009	11	0	2	0	1	0	0	0	0	N	Y	N	N	N	N	N	N	N	N	N	N	0.0000	0.0000	0.0000	0.0000	0.0000	0.0000	0.0000	0.0000	0.0000	0.0000	0.0000	0.0000	0.0000	0.0000	0.0000	0.0000	0.0000	0.0000	0.0000	0.0000	24.4476	0.0001	5.0002	0.0001	0.0000	0.0000	0.0000	0.0000	0.0000	0.0000	0.0000	0.0000	0.0000	0.0000	0.0000	0.0000	0.0000	0.0000	0.0000	0.0000	0.0000	0.0000	0.0000	0.0000	0.0000	0.0000	0.0000	0.0000	0.0000	0.0000	0.0000	0.0000	0.0000	0.0000	0.0000	0.0000	0.0000	0.0000	0.0000	0.0000	0.0000	0.0000	0.0000	0.0000	0.0000	0.0000	0.0000	0.0000	0.0000	0.0000	0.0000	0.0000	0.0000	0.0000	0.0000	0.0000	0.0000	0.0000											
33	115	0.2942	10	0	2	0	1	0	0	0	0	N	Y	N	N	N	N	N	N	N	N	N	N	0.0000	0.0000	0.0000	0.0000	0.0000	0.0000	0.0000	0.0000	0.0000	0.0000	0.0000	0.0000	0.0000	0.0000	0.0000	0.0000	0.0000	0.0000	0.0000	0.0000	24.4476	3.0007	5.0002	1.0012	0.0000	0.0000	0.0000	0.0000	0.0000	0.0000	0.0000	0.0000	0.0000	0.0000	0.0000	0.0000	0.0000	0.0000	0.0000	0.0000	0.0000	0.0000	0.2834	0.2507	0.0327	0.0622	0.0587	0.0035	0.2212	0.1920	0.0292	0.0585	0.0293	0.0292	0.0057	0.0048	0.0009	0.0528	0.0245	0.0283	0.0000	0.0000	0.0000	0.0000	0.0000	0.0000	0.0000	0.0000	0.0000	0.0000	0.0000	0.0000	0.0000	0.0000	0.0000	0.0000	0.0000	0.0000											
33	116	0.2923	9	0	1	0	1	0	0	0	0	N	N	N	N	N	N	N	N	N	N	N	N	inf	inf	inf	inf	0.0002	0.0002	0.0000	0.0007	0.0007	0.0000	0.0000	0.0000	0.0000	0.0000	0.0000	0.0000	0.0000	0.0000	0.0000	0.0000	0.0000	0.0000	0.0000	-0.0000	0.0000	24.4476	1.1177	5.0002	0.0023	0.0000	0.0000	0.0000	0.0000	0.0000	0.0000	0.0000	0.0000	0.0000	0.0000	0.0000	0.0000	0.0000	0.0000	0.0000	0.0000	0.0000	0.0000	0.1117	0.0992	0.0125	0.0287	0.0272	0.0015	0.0830	0.0720	0.0110	0.0165	0.0082	0.0082	0.0016	0.0013	0.0003	0.0149	0.0069	0.0080	inf	inf	0.0000	inf	inf	0.0000	0.0000	0.0000	0.0000	0.0000	0.0000	0.0000	0.0000	0.0000	0.0000	0.0000	0.0000	0.0000						
33	117	0.1086	3	0	2	0	0	0	0	0	0	N	Y	N	N	N	N	N	N	N	N	N	N	0.2620	11035.8248	0.0005	0.0113	1.3723	0.0018	0.2502	inf	0.0005	0.3298	0.3736	0.0025	0.0003	0.0003	0.0019	0.3631	0.4152	0.0025	1.2585	0.0000	4.4892	0.0286	0.0002	1.0565	1.4512	0.0000	4.7706	0.0009	62476.1378	-0.2865	0.3430	24.4476	31.2782	5.0002	23.9277	1.0009	1.0000	0.0009	0.0001	0.0001	0.0000	1.0008	1.0000	0.0009	0.9229	0.0000	0.9229	0.0013	0.0000	0.0012	0.9217	0.0000	0.9217	3.0354	2.6770	0.3584	0.2790	0.2684	0.0106	2.7564	2.4086	0.3478	1.0184	0.5384	0.4799	0.0818	0.0777	0.0040	0.9366	0.4607	0.4759	0.3639	13616.5694	0.0013	0.0210	1.3723	0.0061	0.3690	inf	0.0013	0.9063	0.0000	1.9230	0.0153	0.0002	0.3066	0.9840	0.0000	1.9367
33	118	0.2923	9	0	1	1	1	0	0	0	0	N	N	N	N	N	N	N	N	N	N	N	N	inf	inf	inf	inf	0.0001	0.0001	0.0000	0.0002	0.0002	0.0000	0.0000	0.0000	0.0000	0.0000	0.0000	0.0000	0.0000	0.0000	0.0000	0.0000	0.0000	0.0000	0.0000	-0.0000	0.0000	24.4476	3.8827	5.0002	2.9998	0.0000	0.0000	0.0000	0.0000	0.0000	0.0000	0.0000	0.0000	0.0000	0.0000	0.0000	0.0000	0.0000	0.0000	0.0000	0.0000	0.0000	0.0000	0.3714	0.3290	0.0425	0.0855	0.0808	0.0047	0.2860	0.2482	0.0378	0.0999	0.0500	0.0499	0.0096	0.0081	0.0016	0.0902	0.0419	0.0483	inf	inf	0.0000	inf	inf	0.0000	0.0000	0.0000	0.0000	0.0000	0.0000	0.0000	0.0000	0.0000	0.0000	0.0000	0.0000	0.0000						
33	119	0.2894	8	0	1	0	1	0	0	0	0	N	N	N	N	N	N	N	N	N	N	N	N	27.0453	10.4345	inf	10.7389	8.7446	inf	inf	inf	0.0211	0.0236	0.0001	0.0674	0.0710	0.0005	0.0001	0.0001	0.0000	0.0008	0.0023	0.0000	0.0063	0.0081	0.0000	0.0000	0.0000	0.0000	0.0004	0.0000	-0.0020	-0.0000	24.4476	2.8083	5.0002	0.0030	0.0070	0.0070	0.0000	0.0070	0.0070	0.0000	0.0000	0.0000	0.0000	0.0000	0.0000	0.0000	0.0000	0.0000	0.0000	0.0000	0.0000	0.0000	0.3324	0.2979	0.0345	0.1040	0.0986	0.0054	0.2284	0.1993	0.0291	0.0414	0.0207	0.0207	0.0040	0.0034	0.0007	0.0374	0.0173	0.0201	43.7117	24.3395	inf	13.5556	11.9654	inf	inf	inf	0.0000	0.0005	0.0010	0.0000	0.0050	0.0059	0.0000	0.0000	0.0000	0.0000	
33	120	0.2894	8	0	1	1	1	0	0	0	0	N	N	N	N	N	N	N	N	N	N	N	N	22288.3032	10333.9957	208.2264	184.0890	inf	inf	3.2015	3.6024	0.0000	0.3095	0.3275	0.0000	4.1606	4.7824	0.0000	0.0001	0.0003	0.0000	0.0015	0.0018	0.0000	0.0000	0.0000	0.0000	0.0000	0.0000	-0.8806	-0.0000	24.4476	9.6158	5.0002	0.0030	3.0668	3.0668	0.0000	0.0738	0.0738	0.0000	2.9930	2.9930	0.0000	0.0000	0.0000	0.0000	0.0000	0.0000	0.0000	0.0000	0.0000	0.0000	0.9579	0.8513	0.1066	0.2386	0.2255	0.0131	0.7194	0.6258	0.0935	0.1392	0.0696	0.0697	0.0135	0.0112	0.0022	0.1258	0.0583	0.0675	22288.3032	12528.2297	0.0000	208.2264	184.0890	0.0000	inf	inf	0.0000	0.0001	0.0003	0.0000	0.0015	0.0018	0.0000	0.0000	0.0000	0.0000			
33	121	0.2798	7	0	1	0	1	0	0	0	0	N	N	N	N	N	N	N	N	N	N	N	N	0.0445	0.0327	49.8824	0.0242	0.0218	58129.6848	36.6508	inf	0.0000	0.0313	0.0326	0.0199	0.0483	0.0440	0.1359	0.0229	0.0264	0.0000	0.7019	0.9970	0.0004	1.9942	2.0189	0.0000	0.0006	0.0000	0.0004	0.0712	0.0024	-0.0033	-0.0051	24.4476	4.2457	5.0002	2.0144	0.0149	0.0139	0.0010	0.0076	0.0066	0.0010	0.0073	0.0073	0.0000	0.0082	0.0082	0.0000	0.0082	0.0082	0.0000	0.0000	0.0000	0.0000	0.4766	0.4270	0.0497	0.1567	0.1495	0.0073	0.3199	0.2775	0.0424	0.1025	0.0529	0.0496	0.0137	0.0122	0.0015	0.0888	0.0406	0.0482	0.3908	0.2106	49.8824	0.0809	0.0659	58129.6848	102.5917	inf	0.0000	0.0800	0.1547	0.0004	0.5971	0.6680	0.0000	0.0002	0.0000	0.0004
33	122	0.2376	6	0	1	0	1	0	0	0	0	N	N	N	N	N	N	N	N	N	N	N	N	2.5024	376.4430	0.0000	25.9839	24.2218	2.7181	32.7276	0.0000	0.8413	0.9467	0.0000	0.0231	0.0242	0.0000	1.0985	1.2647	0.0000	0.3362	0.0025	0.1422	0.0009	0.0010	0.0000	0.4041	0.0386	0.1274	0.0000	42.1901	-0.2908	0.0029	24.4476	11.9190	5.0002	13.1740	1.0127	1.0127	0.0000	0.0066	0.0066	0.0000	1.0061	1.0061	0.0000	0.0082	0.0002	0.0080	0.0000	0.0000	0.0000	0.0082	0.0002	0.0080	1.2038	1.0697	0.1341	0.2879	0.2742	0.0137	0.9159	0.7955	0.1204	0.3652	0.1808	0.1844	0.0224	0.0199	0.0025	0.3429	0.1609	0.1819	37.4721	901.5607	0.0000	25.9839	24.2218	0.0000	46.0432	1197.2740	0.0000	0.0225	0.0011	0.0434	0.0009	0.0010	0.0000	0.0239	0.0011	0.0440	
33	123	0.4838	8	0	1	1	1	0	0	0	0	N	N	N	N	N	N	N	N	N	N	N	N	inf	inf	inf	inf	inf	inf	inf	inf	2.2779	1.7014	7.1414	2.6709	2.8081	0.0000	2.1215	1.2205	8.2207	0.0000	0.0000	0.0000	0.0000	0.0000	0.0000	0.0000	0.0000	0.0000	0.4975	0.1350	0.0000	24.4476	12.8936	5.0002	4.1514	2.9949	1.9999	0.9950	0.9999	0.9999	0.0000	1.9950	1.0000	0.9950	0.0000	0.0000	0.0000	0.0000	0.0000	0.0000	0.0000	0.0000	0.0000	1.3147	1.1754	0.1393	0.3744	0.3561	0.0183	0.9404	0.8193	0.1210	0.2499	0.1460	0.1039	0.0689	0.0587	0.0103	0.1810	0.0874	0.0936	inf	inf	inf	inf	inf	0.0000	inf	inf	inf	0.0000	0.0000	0.0000	0.0000	0.0000	0.0000	0.0000	0.0000	0.0000		
33	124	0.2529	7	0	2	0	0	0	0	0	0	N	Y	N	N	N	N	N	N	N	N	N	N	12650.1933	7003.6772	4.1431	3.9555	inf	inf	0.8106	0.9139	0.0000	0.0032	0.0034	0.0000	1.0290	1.1831	0.0000	0.0001	0.0001	0.0000	0.0008	0.0008	0.0000	0.0000	0.0000	0.0000	0.0000	0.0000	-0.2873	-0.0000	24.4476	12.7386	5.0002	8.7370	1.0007	1.0007	0.0000	0.0008	0.0008	0.0000	0.9999	0.9999	0.0000	0.0000	0.0000	0.0000	0.0000	0.0000	0.0000	0.0000	0.0000	0.0000	1.2346	1.0950	0.1396	0.2629	0.2499	0.0130	0.9717	0.8451	0.1266	0.3243	0.1619	0.1624	0.0269	0.0244	0.0025	0.2973	0.1374	0.1599	12650.1933	7118.7930	0.0000	4.1431	3.9555	0.0000	inf	inf	0.0000	0.0001	0.0001	0.0000	0.0008	0.0008	0.0000	0.0000	0.0000	0.0000			
33	125	0.2376	6	0	2	0	0	0	0	0	0	N	Y	N	N	N	N	N	N	N	N	N	N	25.3414	15.5800	0.7277	13.5499	12.8475	3.5380	0.3740	0.8042	0.0074	0.0083	0.0001	0.0246	0.0258	0.0000	0.0014	0.0016	0.0001	0.0003	0.0005	0.0001	0.0018	0.0020	0.0000	0.0004	0.0042	0.0001	0.0015	0.3590	-0.0019	-0.0000	24.4476	8.6431	5.0002	1.4782	0.0068	0.0068	0.0000	0.0058	0.0058	0.0000	0.0009	0.0009	0.0000	0.0000	0.0000	0.0000	0.0000	0.0000	0.0000	0.0000	0.0000	0.0000	0.9131	0.8133	0.0998	0.2371	0.2264	0.0107	0.6761	0.5869	0.0891	0.1556	0.0773	0.0783	0.0110	0.0100	0.0010	0.1446	0.0673	0.0773	28.2799	21.4010	0.7277	13.5499	12.8475	0.0000	9.6731	10.6601	0.8042	0.0003	0.0004	0.0001	0.0018	0.0020	0.0000	0.0001	0.0001	0.0001	
33	126	0.2281	5	0	1	0	0	0	0	0	0	N	N	N	N	N	N	N	N	N	N	N	N	3524.4561	3209.9943	28.3409	4782.4116	4777.5301	3.8455	inf	30.6542	2.1870	2.4525	0.0110	8.5987	8.9308	0.0000	0.0021	0.0006	0.0120	0.0006	0.0008	0.0004	0.0018	0.0019	0.0000	0.0006	0.0000	0.0004	0.0005	0.6672	-0.3086	-0.0000	24.4476	4.1618	5.0002	2.0491	1.0769	1.0763	0.0006	1.0761	1.0761	0.0000	0.0008	0.0002	0.0006	0.0001	0.0000	0.0000	0.0000	0.0000	0.0000	0.0000	0.0000	0.0000	0.4924	0.4389	0.0536	0.1252	0.1205	0.0047	0.3673	0.3184	0.0489	0.1168	0.0652	0.0516	0.0167	0.0160	0.0006	0.1001	0.0492	0.0510	5107.7969	5330.6099	28.3409	4782.4116	4777.5301	0.0000	10.6099	inf	30.6542	0.0004	0.0005	0.0004	0.0018	0.0019	0.0000	0.0002	0.0000	0.0004	
33	127	0.1990	4	0	1	0	0	0	0	0	0	N	N	N	N	N	N	N	N	N	N	N	N	904.2648	inf	3273.7192	inf	inf	343.9188	3518.9303	0.0942	0.0020	0.7782	0.0099	0.0105	0.0000	0.1129	0.0000	0.8556	0.0001	0.0000	0.0002	0.0000	0.0000	0.0000	0.0003	0.0000	0.0002	51.3920	inf	0.0575	0.0000	24.4476	9.4810	5.0002	7.4917	0.0828	0.0016	0.0812	0.0016	0.0016	0.0000	0.0812	0.0000	0.0812	0.0000	0.0000	0.0000	0.0000	0.0000	0.0000	0.0000	0.0000	0.0000	0.8796	0.7752	0.1044	0.1601	0.1507	0.0094	0.7195	0.6245	0.0950	0.2881	0.1619	0.1262	0.0391	0.0363	0.0028	0.2490	0.1256	0.1234	904.2648	inf	3273.7192	inf	inf	0.0000	937.1283	0.0000	3518.9303	0.0001	0.0000	0.0002	0.0000	0.0000	0.0000	0.0001	0.0000	0.0002		
33	128	0.4961	9	1	2	0	0	0	0	0	0	N	Y	N	N	N	N	N	N	N	N	N	N	inf	inf	inf	inf	0.0374	0.0422	0.0000	0.1387	0.1467	0.0000	0.0000	0.0000	0.0000	0.0000	0.0000	0.0000	0.0000	0.0000	0.0000	0.0000	0.0000	0.0000	0.0000	-0.0021	0.0000	24.4476	2.0107	5.0002	1.9995	0.0072	0.0072	0.0000	0.0072	0.0072	0.0000	0.0000	0.0000	0.0000	0.0000	0.0000	0.0000	0.0000	0.0000	0.0000	0.0000	0.0000	0.0000	0.1922	0.1706	0.0216	0.0518	0.0490	0.0028	0.1404	0.1216	0.0188	0.0568	0.0338	0.0231	0.0167	0.0142	0.0025	0.0401	0.0196	0.0205	inf	inf	0.0000	inf	inf	0.0000	0.0000	0.0000	0.0000	0.0000	0.0000	0.0000	0.0000	0.0000	0.0000	0.0000	0.0000	0.0000						
33	129	0.4838	8	1	2	0	0	0	0	0	0	N	Y	N	N	N	N	N	N	N	N	N	N	inf	inf	inf	inf	inf	inf	inf	inf	0.0190	0.0088	0.1106	0.0247	0.0258	0.0000	0.0163	0.0001	0.1278	0.0000	0.0000	0.0000	0.0000	0.0000	0.0000	0.0000	0.0000	0.0000	1.3908	0.0036	0.0000	24.4476	5.6459	5.0002	1.1399	0.0123	0.0051	0.0072	0.0051	0.0051	0.0000	0.0072	0.0000	0.0072	0.0000	0.0000	0.0000	0.0000	0.0000	0.0000	0.0000	0.0000	0.0000	0.6472	0.5825	0.0647	0.2065	0.1978	0.0087	0.4407	0.3847	0.0560	0.1075	0.0627	0.0448	0.0310	0.0268	0.0042	0.0765	0.0359	0.0406	inf	inf	inf	inf	inf	0.0000	inf	inf	inf	0.0000	0.0000	0.0000	0.0000	0.0000	0.0000	0.0000	0.0000	0.0000		
33	130	0.4535	7	0	1	0	0	0	0	0	0	N	N	N	N	N	N	N	N	N	N	N	N	373.6398	8256.4260	1423.9870	17.7211	22.2541	38.0649	224.7144	inf	2052.1678	1.3860	0.7701	6.7544	0.0108	0.0043	0.1628	1.9548	1.1188	7.6200	0.0037	0.0001	0.0047	0.0006	0.0002	0.0043	0.0087	0.0000	0.0037	1.0061	26.0001	0.4307	0.0002	24.4476	11.6079	5.0002	5.3766	2.0090	1.0014	1.0076	0.0046	0.0017	0.0028	2.0044	0.9997	1.0048	0.0005	0.0000	0.0005	0.0001	0.0000	0.0001	0.0005	0.0000	0.0005	1.4495	1.3003	0.1492	0.4241	0.4068	0.0173	1.0254	0.8935	0.1319	0.3527	0.2144	0.1383	0.1152	0.1035	0.0117	0.2376	0.1110	0.1266	905.2136	8256.4260	1795.9620	17.7211	22.2541	38.0649	987.9415	inf	2052.1678	0.0015	0.0001	0.0038	0.0006	0.0002	0.0043	0.0020	0.0000	0.0037
33	131	0.4356	6	0	1	0	0	0	0	0	0	N	N	N	N	N	N	N	N	N	N	N	N	0.1014	1.3792	0.1773	5.4118	5.3476	12.1712	0.0125	10.8021	0.0315	0.0374	0.0356	0.0531	0.1072	0.0964	0.3225	0.0064	0.0062	0.0077	0.3691	0.0258	0.2997	0.0198	0.0180	0.0265	0.5112	0.0006	0.2453	0.1701	6.0993	-0.0028	0.0021	24.4476	3.9355	5.0002	8.7078	0.0198	0.0169	0.0029	0.0174	0.0149	0.0025	0.0023	0.0020	0.0004	0.0091	0.0013	0.0078	0.0015	0.0013	0.0002	0.0076	0.0000	0.0076	0.5283	0.4742	0.0541	0.1626	0.1548	0.0078	0.3657	0.3194	0.0463	0.3564	0.2339	0.1225	0.1273	0.1185	0.0088	0.2291	0.1154	0.1137	1.4709	6.5256	0.8357	9.1194	8.9451	12.8905	0.1931	1890.5139	0.1159	0.0254	0.0055	0.0636	0.0118	0.0108	0.0250	0.0330	0.0000	0.0666
33	132	0.4240	5	0	1	0	0	0	0	0	0	N	N	N	N	N	N	N	N	N	N	N	N	0.0446	0.0870	0.0105	0.2619	0.2834	0.5709	0.0173	1.3296	0.0023	0.0444	0.0455	0.0352	0.0953	0.0899	0.2125	0.0213	0.0233	0.0079	0.9954	0.5228	3.3544	0.3638	0.3173	0.3723	1.2301	0.0175	3.4842	0.0885	12.2785	-0.0075	0.0285	24.4476	6.2657	5.0002	3.9760	0.0363	0.0334	0.0030	0.0244	0.0220	0.0024	0.0120	0.0114	0.0006	0.0961	0.0072	0.0889	0.0083	0.0072	0.0011	0.0878	0.0001	0.0877	0.8180	0.7341	0.0839	0.2556	0.2444	0.0112	0.5624	0.4897	0.0727	0.3086	0.2002	0.1085	0.1122	0.1048	0.0074	0.1964	0.0954	0.1010	0.1426	1.2576	0.0430	1.2855	1.3127	1.3871	0.0476	37.4566	0.0091	0.3114	0.0362	0.8195	0.0741	0.0685	0.1532	0.4470	0.0006	0.8686
33	133	0.3467	4	0	1	0	0	0	0	0	0	N	N	N	N	N	N	N	N	N	N	N	N	0.0243	0.0237	0.0035	0.0387	0.0415	0.0070	0.0103	1.1592	0.0040	0.0216	0.0235	0.0059	0.0619	0.0649	0.0051	0.0092	0.0096	0.0060	0.8851	0.9913	1.6703	1.5985	1.5657	0.7280	0.8870	0.0083	1.5065	0.0311	1.0086	-0.0155	-0.0207	24.4476	26.7012	5.0002	18.2690	0.0604	0.0586	0.0018	0.0408	0.0406	0.0002	0.0196	0.0180	0.0016	0.1639	0.0816	0.0823	0.0852	0.0815	0.0037	0.0787	0.0001	0.0786	2.8017	2.4935	0.3082	0.6588	0.6251	0.0338	2.1428	1.8684	0.2744	0.9178	0.5363	0.3815	0.2175	0.2019	0.0156	0.7003	0.3345	0.3659	0.1207	0.1543	0.0273	0.1579	0.1608	0.0213	0.0815	29.4951	0.0279	0.1786	0.1522	0.2158	0.3919	0.4037	0.2385	0.1124	0.0003	0.2148
33	134	0.1086	3	0	1	0	0	0	0	0	0	N	N	N	N	N	N	N	N	N	N	N	N	0.2419	0.5000	0.4587	2.0543	2.5288	0.0031	0.1672	0.0026	0.4651	0.2627	0.0790	1.6349	0.9035	0.9458	0.0011	0.2097	0.0009	1.6836	1.0856	0.1580	3.5645	0.4398	0.3740	0.3477	1.2542	0.3440	3.6202	2.7694	76.4970	0.6290	0.3052	24.4476	61.4372	5.0002	55.8589	1.4053	0.3728	1.0325	0.3689	0.3689	0.0000	1.0364	0.0039	1.0325	0.8509	0.0110	0.8399	0.0082	0.0071	0.0011	0.8427	0.0039	0.8388	5.3505	4.7189	0.6315	0.4083	0.3901	0.0183	4.9421	4.3289	0.6132	1.7684	0.9190	0.8494	0.0975	0.0900	0.0076	1.6709	0.8290	0.8419	0.5459	6.6128	1.6535	10.7393	12.0202	0.0074	0.4158	0.1915	1.6898	0.4811	0.0119	0.9888	0.0841	0.0787	0.1488	0.5043	0.0047	0.9963
34	36	0.2203	6	0	2	1	1	0	0	0	0	N	Y	N	N	N	N	N	N	N	N	N	N	0.0008	0.0005	4.1338	0.0295	0.0225	0.0000	0.0011	0.0003	4.8645	0.0005	0.0004	0.0023	0.0003	0.0003	0.0000	0.0009	0.0006	0.0030	0.6575	0.9151	0.0006	0.0107	0.0145	0.0000	0.8336	1.7575	0.0006	0.4097	0.0037	0.0000	-0.0021	1.3124	17.9460	1.0060	11.6991	0.0001	0.0001	0.0000	0.0000	0.0000	0.0000	0.0001	0.0000	0.0000	0.0033	0.0033	0.0000	0.0001	0.0001	0.0000	0.0032	0.0032	0.0000	0.1899	0.1768	0.0132	0.1175	0.1142	0.0033	0.0724	0.0626	0.0098	0.0496	0.0276	0.0221	0.0147	0.0121	0.0027	0.0349	0.0155	0.0194	0.0082	0.0035	4.1338	0.0423	0.0356	0.0000	0.0100	0.0028	4.8645	0.0665	0.1192	0.0006	0.0075	0.0091	0.0000	0.0913	0.2048	0.0006
34	37	0.6758	11	1	2	1	1	0	0	0	0	N	Y	N	N	N	N	N	N	N	N	N	N	0.0000	0.0000	0.0000	0.0000	0.0000	0.0000	0.0000	0.0000	0.0000	0.0000	0.0000	0.0000	0.0000	0.0000	0.0000	0.0000	0.0000	0.0000	0.0000	0.0000	1.3124	1.9903	1.0060	0.0021	0.0000	0.0000	0.0000	0.0000	0.0000	0.0000	0.0000	0.0000	0.0000	0.0000	0.0000	0.0000	0.0000	0.0000	0.0000	0.0000	0.0000	0.0000	0.0143	0.0132	0.0011	0.0086	0.0083	0.0003	0.0058	0.0050	0.0008	0.0019	0.0012	0.0007	0.0008	0.0007	0.0001	0.0011	0.0005	0.0006	0.0000	0.0000	0.0000	0.0000	0.0000	0.0000	0.0000	0.0000	0.0000	0.0000	0.0000	0.0000	0.0000	0.0000	0.0000	0.0000	0.0000	0.0000											
34	38	0.1347	2	0	2	1	2	0	0	0	0	N	Y	N	Y	N	N	N	N	N	N	N	N	17.3340	4.2689	0.2581	10.1204	9.7949	0.0005	13.0571	17.9578	0.3640	0.5563	0.5975	0.0003	0.8958	0.9241	0.0000	0.0238	0.0273	0.0004	0.0321	0.1400	0.0011	0.0885	0.0943	0.0026	0.0018	0.0015	0.0011	0.0000	0.0695	-0.0842	-0.0004	1.3124	45.5232	1.0060	15.8903	0.2931	0.2931	0.0000	0.2882	0.2882	0.0000	0.0049	0.0049	0.0000	0.0007	0.0007	0.0000	0.0007	0.0007	0.0000	0.0000	0.0000	0.0000	0.5269	0.4905	0.0364	0.3217	0.3119	0.0098	0.2052	0.1786	0.0266	0.1004	0.0579	0.0425	0.0199	0.0190	0.0009	0.0805	0.0389	0.0416	78.7861	52.2026	0.2581	26.8110	26.5329	0.0005	42.7968	1053.8025	0.3640	0.0071	0.0114	0.0011	0.0334	0.0348	0.0026	0.0006	0.0000	0.0011
34	40	0.3237	7	0	1	2	1	0	0	0	0	N	N	Y	N	N	N	N	N	N	N	N	N	0.0053	0.0013	0.1839	0.0010	0.0011	0.0000	0.0911	0.0030	5.0101	0.0001	0.0001	0.0004	0.0000	0.0000	0.0000	0.0003	0.0002	0.0005	0.0241	0.0821	0.0023	0.0445	0.0409	0.0494	0.0028	0.0708	0.0001	0.2852	0.1841	-0.0000	-0.0001	1.3124	12.6411	1.0060	7.4648	0.0000	0.0000	0.0000	0.0000	0.0000	0.0000	0.0000	0.0000	0.0000	0.0002	0.0002	0.0000	0.0002	0.0002	0.0000	0.0000	0.0000	0.0000	0.1371	0.1278	0.0093	0.0819	0.0802	0.0016	0.0553	0.0476	0.0077	0.0331	0.0191	0.0139	0.0088	0.0080	0.0008	0.0243	0.0112	0.0131	0.0208	0.0119	0.1839	0.0021	0.0023	0.0000	0.3330	0.1381	5.0101	0.0061	0.0089	0.0023	0.0210	0.0193	0.0382	0.0008	0.0015	0.0001
34	41	0.6633	9	0	2	1	1	0	0	0	0	N	Y	N	N	N	N	N	N	N	N	N	N	57910.6761	320563.5475	42.2782	172778.0622	277587.8290	5.5053	42.8114	inf	56.7838	2.0404	2.2238	0.0033	3.5435	3.6961	0.0004	0.0047	0.0048	0.0045	0.0000	0.0000	0.0001	0.0000	0.0000	0.0001	0.0001	0.0000	0.0001	0.0001	7.4367	-0.0941	0.0000	1.3124	22.0894	1.0060	9.3639	0.3279	0.3279	0.0000	0.3276	0.3276	0.0000	0.0003	0.0003	0.0000	0.0000	0.0000	0.0000	0.0000	0.0000	0.0000	0.0000	0.0000	0.0000	0.1607	0.1474	0.0133	0.0925	0.0886	0.0038	0.0683	0.0588	0.0095	0.0312	0.0188	0.0124	0.0111	0.0098	0.0014	0.0201	0.0090	0.0111	57910.6761	320563.5475	42.2782	172778.0622	277587.8290	5.5053	108.5752	inf	56.7838	0.0000	0.0000	0.0001	0.0000	0.0000	0.0001	0.0000	0.0000	0.0001
34	42	0.1618	3	0	2	1	1	0	0	0	0	N	Y	N	N	N	N	N	N	N	N	N	N	1380.5057	644.4557	115.9379	657.6003	649.3900	0.0252	470.9439	49.9258	148.0704	0.8180	0.8826	0.0036	1.4619	1.5024	0.0000	0.0149	0.0165	0.0045	0.0006	0.0014	0.0000	0.0022	0.0023	0.0001	0.0000	0.0003	0.0000	0.0003	0.0334	-0.0942	-0.0000	1.3124	43.3975	1.0060	17.3745	0.3285	0.3284	0.0001	0.3259	0.3259	0.0000	0.0027	0.0026	0.0001	0.0000	0.0000	0.0000	0.0000	0.0000	0.0000	0.0000	0.0000	0.0000	0.4016	0.3721	0.0296	0.2229	0.2169	0.0060	0.1787	0.1552	0.0235	0.0927	0.0530	0.0397	0.0167	0.0160	0.0007	0.0760	0.0369	0.0390	1976.0896	1259.3136	115.9379	657.6003	649.3900	0.0252	908.3718	12280.6637	148.0704	0.0004	0.0007	0.0000	0.0022	0.0023	0.0001	0.0000	0.0000	0.0000
34	43	0.5935	8	1	1	2	1	0	0	0	0	N	N	Y	N	N	N	N	N	N	N	N	N	1588301.7892	4023286.8297	1.1043	39.7792	39.3508	0.0000	3154185.9262	inf	1.2747	7.3090	7.9011	0.0000	0.0001	0.0001	0.0000	18.8671	21.8286	0.0000	0.0000	0.0000	0.0000	0.0000	0.0000	0.0000	0.0000	0.0000	0.0000	0.0000	2.8328	-0.2822	0.0000	1.3124	18.2331	1.0060	4.4208	0.9829	0.9829	0.0000	0.0000	0.0000	0.0000	0.9829	0.9829	0.0000	0.0000	0.0000	0.0000	0.0000	0.0000	0.0000	0.0000	0.0000	0.0000	0.1345	0.1244	0.0101	0.0824	0.0794	0.0030	0.0521	0.0450	0.0071	0.0254	0.0155	0.0099	0.0120	0.0095	0.0024	0.0134	0.0060	0.0074	1588301.7892	4023286.8297	1.1043	39.7792	39.3508	0.0000	3154185.9262	inf	1.2747	0.0000	0.0000	0.0000	0.0000	0.0000	0.0000	0.0000	0.0000	0.0000
34	44	0.6533	8	0	2	1	2	0	0	0	0	N	Y	N	Y	N	N	N	N	N	N	N	N	0.1335	0.0949	0.0602	0.1199	0.0963	3.2311	0.0102	0.0029	0.0606	0.7752	0.8418	0.0008	1.3437	1.4007	0.0000	0.0019	0.0020	0.0012	5.8048	8.8707	0.0138	11.2034	14.5519	0.0000	0.1868	0.6862	0.0193	0.0001	0.0005	-0.0943	-0.4640	1.3124	62.5878	1.0060	29.9840	0.3285	0.3285	0.0000	0.3282	0.3282	0.0000	0.0003	0.0003	0.0000	0.7390	0.7387	0.0003	0.7382	0.7382	0.0000	0.0008	0.0005	0.0003	0.4238	0.3903	0.0336	0.2442	0.2343	0.0099	0.1796	0.1559	0.0236	0.1273	0.0833	0.0440	0.0659	0.0507	0.0152	0.0614	0.0325	0.0289	0.1335	0.0949	0.1068	0.1199	0.0963	3.2311	0.1457	0.1422	0.0989	5.8048	8.8707	0.0078	11.2034	14.5519	0.0000	0.0131	0.0142	0.0118
34	45	0.5935	8	1	1	2	1	0	0	0	0	N	N	Y	N	N	N	N	N	N	N	N	N	72.1181	309.9468	1.0968	261.4813	298.5615	0.0000	0.2393	1.2699	0.0004	0.0004	0.0000	0.0006	0.0006	0.0000	0.0000	0.0000	0.0000	0.0000	0.0000	0.0000	0.0000	0.0000	0.0000	0.0000	0.0000	0.0000	0.0025	5.5032	-0.0000	0.0000	1.3124	13.5293	1.0060	3.1702	0.0000	0.0000	0.0000	0.0000	0.0000	0.0000	0.0000	0.0000	0.0000	0.0000	0.0000	0.0000	0.0000	0.0000	0.0000	0.0000	0.0000	0.0000	0.1034	0.0957	0.0077	0.0635	0.0612	0.0023	0.0398	0.0345	0.0054	0.0193	0.0118	0.0075	0.0091	0.0073	0.0018	0.0102	0.0045	0.0056	72.1181	309.9468	1.0968	261.4813	298.5615	0.0000	0.3093	0.0000	1.2699	0.0000	0.0000	0.0000	0.0000	0.0000	0.0000	0.0000	0.0000	0.0000	
34	46	0.5891	7	1	1	2	1	0	0	0	0	N	N	Y	N	N	N	N	N	N	N	N	N	0.3878	0.1781	12.5081	0.0004	0.0004	0.0000	5.9002	2.7812	14.2647	0.0011	0.0010	0.0034	0.0000	0.0000	0.0000	0.0029	0.0027	0.0047	0.0030	0.0056	0.0003	0.0025	0.0029	0.0000	0.0005	0.0010	0.0003	0.2478	0.0834	-0.0000	-0.0000	1.3124	4.1147	1.0060	1.2946	0.0000	0.0000	0.0000	0.0000	0.0000	0.0000	0.0000	0.0000	0.0000	0.0000	0.0000	0.0000	0.0000	0.0000	0.0000	0.0000	0.0000	0.0000	0.0427	0.0398	0.0029	0.0260	0.0252	0.0008	0.0167	0.0146	0.0021	0.0081	0.0051	0.0030	0.0039	0.0032	0.0006	0.0042	0.0019	0.0023	0.8954	0.5276	12.5081	0.0004	0.0004	0.0000	15.7464	295.7324	14.2647	0.0013	0.0019	0.0003	0.0025	0.0029	0.0000	0.0002	0.0000	0.0003
34	47	0.5264	6	1	1	1	1	0	0	0	0	N	N	N	N	N	N	N	N	N	N	N	N	0.0117	0.0096	0.0011	0.1069	0.0875	0.0005	0.0004	0.0002	0.0014	0.0047	0.0051	0.0000	0.0083	0.0086	0.0000	0.0002	0.0002	0.0000	0.4049	0.5342	0.0184	0.0774	0.0979	0.0045	0.4341	1.0230	0.0175	0.0003	0.1417	-0.0002	-0.0008	1.3124	22.0103	1.0060	13.6452	0.0008	0.0008	0.0000	0.0008	0.0008	0.0000	0.0000	0.0000	0.0000	0.0016	0.0014	0.0002	0.0008	0.0008	0.0000	0.0008	0.0006	0.0002	0.1724	0.1588	0.0136	0.0974	0.0940	0.0034	0.0750	0.0647	0.0103	0.0578	0.0369	0.0209	0.0270	0.0228	0.0043	0.0307	0.0141	0.0166	0.1673	0.1325	0.0020	0.2694	0.2407	0.0005	0.0060	0.0040	0.0023	0.0283	0.0389	0.0097	0.0307	0.0356	0.0045	0.0263	0.0441	0.0111
34	48	0.3237	7	0	2	1	1	0	0	0	0	N	Y	N	N	N	N	N	N	N	N	N	N	0.0293	0.2218	0.0964	0.7521	0.6988	0.0000	0.0048	0.0000	0.1200	0.0011	0.0009	0.0032	0.0015	0.0015	0.0000	0.0005	0.0000	0.0039	0.0374	0.0042	0.0335	0.0019	0.0021	0.0000	0.1135	0.0419	0.0325	0.2511	7.2145	-0.0000	0.0001	1.3124	12.3962	1.0060	3.7178	0.0001	0.0001	0.0000	0.0001	0.0001	0.0000	0.0000	0.0000	0.0000	0.0002	0.0000	0.0002	0.0000	0.0000	0.0000	0.0002	0.0000	0.0002	0.1363	0.1270	0.0093	0.0814	0.0798	0.0016	0.0549	0.0473	0.0077	0.0284	0.0167	0.0117	0.0079	0.0072	0.0007	0.0205	0.0094	0.0110	0.1445	0.5975	0.2004	0.7521	0.6988	0.0000	0.0559	0.0000	0.2280	0.0076	0.0016	0.0161	0.0019	0.0021	0.0000	0.0097	0.0011	0.0171
34	49	0.2948	6	0	1	1	1	0	0	0	0	N	N	N	N	N	N	N	N	N	N	N	N	0.0482	0.0271	0.2043	0.0782	0.0896	0.0001	0.0083	0.0000	0.5128	0.0003	0.0003	0.0002	0.0005	0.0005	0.0000	0.0000	0.0000	0.0003	0.0062	0.0112	0.0010	0.0058	0.0052	0.0079	0.0048	0.1366	0.0005	0.0506	0.2305	-0.0000	-0.0000	1.3124	14.4870	1.0060	5.8627	0.0001	0.0000	0.0000	0.0000	0.0000	0.0000	0.0000	0.0000	0.0000	0.0001	0.0001	0.0000	0.0001	0.0000	0.0000	0.0000	0.0000	0.0000	0.1732	0.1610	0.0122	0.1074	0.1043	0.0031	0.0658	0.0567	0.0091	0.0378	0.0217	0.0160	0.0111	0.0101	0.0010	0.0267	0.0116	0.0150	0.1314	0.0953	0.2043	0.0960	0.1059	0.0001	0.0325	0.0012	0.5128	0.0023	0.0032	0.0010	0.0047	0.0044	0.0079	0.0012	0.0021	0.0005
34	50	0.3632	9	1	2	2	1	0	0	0	0	N	Y	Y	N	N	N	N	N	N	N	N	N	0.0000	0.0000	0.0000	0.0000	0.0000	0.0000	0.0000	0.0000	0.0000	0.0000	0.0000	0.0000	0.0000	0.0000	0.0000	0.0000	0.0000	0.0000	-0.0000	0.0000	1.3124	0.9856	1.0060	2.8295	0.0000	0.0000	0.0000	0.0000	0.0000	0.0000	0.0000	0.0000	0.0000	0.0000	0.0000	0.0000	0.0000	0.0000	0.0000	0.0000	0.0000	0.0000	0.0072	0.0066	0.0007	0.0034	0.0033	0.0001	0.0038	0.0033	0.0005	0.0061	0.0035	0.0025	0.0021	0.0016	0.0004	0.0040	0.0019	0.0021	0.0000	0.0000	0.0000	0.0000	0.0000	0.0000	0.0000	0.0000	0.0000	0.0000	0.0000	0.0000	0.0000	0.0000	0.0000	0.0000	0.0000	0.0000											
34	51	0.6332	9	1	2	1	1	0	0	0	0	N	Y	N	N	N	N	N	N	N	N	N	N	0.0105	0.0044	0.0000	0.0191	0.0158	0.0000	0.0000	0.0000	0.0000	0.0002	0.0002	0.0000	0.0003	0.0003	0.0000	0.0000	0.0000	0.0000	0.0178	0.0467	0.0013	0.0168	0.0212	0.0004	0.0034	0.0043	0.0015	0.0000	0.1093	-0.0000	-0.0001	1.3124	13.3057	1.0060	8.6321	0.0000	0.0000	0.0000	0.0000	0.0000	0.0000	0.0000	0.0000	0.0000	0.0001	0.0001	0.0000	0.0001	0.0001	0.0000	0.0000	0.0000	0.0000	0.1076	0.0986	0.0090	0.0625	0.0601	0.0025	0.0450	0.0385	0.0065	0.0274	0.0171	0.0103	0.0118	0.0101	0.0018	0.0155	0.0070	0.0085	0.0374	0.0283	0.0000	0.0310	0.0276	0.0000	0.0000	0.0000	0.0000	0.0050	0.0072	0.0013	0.0104	0.0121	0.0004	0.0009	0.0002	0.0015
34	52	0.4257	9	0	2	1	2	0	0	0	0	N	Y	N	Y	N	N	N	N	N	N	N	N	20.5062	0.0000	159.3133	0.0000	0.0000	0.0000	27.7337	215.5749	0.0004	0.0000	0.0067	0.0000	0.0000	0.0000	0.0012	0.0000	0.0092	0.0000	0.0000	0.0000	0.0000	0.0000	0.0000	0.0000	0.0000	0.0000	inf	36.2143	0.0000	0.0000	1.3124	2.1073	1.0060	0.0711	0.0000	0.0000	0.0000	0.0000	0.0000	0.0000	0.0000	0.0000	0.0000	0.0000	0.0000	0.0000	0.0000	0.0000	0.0000	0.0000	0.0000	0.0000	0.0271	0.0257	0.0015	0.0193	0.0189	0.0004	0.0078	0.0067	0.0011	0.0030	0.0018	0.0012	0.0008	0.0007	0.0001	0.0022	0.0010	0.0012	20.5062	0.0000	159.3133	0.0000	0.0000	0.0000	55.2088	0.0000	215.5749	0.0000	0.0000	0.0000	0.0000	0.0000	0.0000	0.0000	0.0000	0.0000	
34	53	0.3634	8	0	1	1	2	0	0	0	0	N	N	N	Y	N	N	N	N	N	N	N	N	18.7607	263.2664	5.9801	80.7306	125.7612	10.0016	1.5245	inf	5.7656	0.0000	0.0000	0.0000	0.0001	0.0001	0.0000	0.0000	0.0000	0.0000	0.0000	0.0000	0.0000	0.0000	0.0000	0.0000	0.0000	0.0000	0.0000	0.0420	23.3244	-0.0000	0.0000	1.3124	21.8329	1.0060	8.0592	0.0000	0.0000	0.0000	0.0000	0.0000	0.0000	0.0000	0.0000	0.0000	0.0000	0.0000	0.0000	0.0000	0.0000	0.0000	0.0000	0.0000	0.0000	0.2366	0.2231	0.0135	0.1636	0.1598	0.0038	0.0730	0.0633	0.0097	0.0343	0.0194	0.0148	0.0074	0.0067	0.0007	0.0269	0.0128	0.0141	18.7607	263.2664	5.9801	80.7306	125.7612	10.0016	1.5245	inf	5.7656	0.0000	0.0000	0.0000	0.0000	0.0000	0.0000	0.0000	0.0000	0.0000
34	54	0.7457	11	0	2	1	2	0	0	0	0	N	Y	N	Y	N	N	N	N	N	N	N	N	0.0000	0.0000	0.0000	0.0000	0.0000	0.0000	0.0000	0.0000	0.0000	0.0000	0.0000	0.0000	0.0000	0.0000	0.0000	0.0000	0.0000	0.0000	0.0000	0.0000	1.3124	0.0000	1.0060	0.0000	0.0000	0.0000	0.0000	0.0000	0.0000	0.0000	0.0000	0.0000	0.0000	0.0000	0.0000	0.0000	0.0000	0.0000	0.0000	0.0000	0.0000	0.0000	0.0000	0.0000	0.0000	0.0000	0.0000	0.0000	0.0000	0.0000	0.0000	0.0000	0.0000	0.0000	0.0000	0.0000	0.0000	0.0000	0.0000	0.0000	0.0000	0.0000	0.0000	0.0000	0.0000	0.0000	0.0000	0.0000	0.0000	0.0000	0.0000	0.0000	0.0000	0.0000	0.0000	0.0000	0.0000	0.0000											
34	55	0.3634	8	0	1	1	2	0	0	0	0	N	N	N	Y	N	N	N	N	N	N	N	N	2.0313	0.1467	46.3805	0.0187	0.0188	0.0000	24.0381	inf	96.4542	0.0000	0.0000	0.0002	0.0000	0.0000	0.0000	0.0000	0.0000	0.0003	0.0000	0.0000	0.0000	0.0000	0.0000	0.0000	0.0000	0.0000	0.0000	11.4072	0.3579	0.0000	-0.0000	1.3124	1.2825	1.0060	0.1503	0.0000	0.0000	0.0000	0.0000	0.0000	0.0000	0.0000	0.0000	0.0000	0.0000	0.0000	0.0000	0.0000	0.0000	0.0000	0.0000	0.0000	0.0000	0.0181	0.0170	0.0010	0.0126	0.0122	0.0003	0.0055	0.0048	0.0007	0.0023	0.0014	0.0009	0.0007	0.0006	0.0000	0.0016	0.0008	0.0008	2.0313	0.1467	46.3805	0.0187	0.0188	0.0000	24.0381	inf	96.4542	0.0000	0.0000	0.0000	0.0000	0.0000	0.0000	0.0000	0.0000	0.0000
34	56	0.3224	7	0	1	1	2	0	0	0	0	N	N	N	Y	N	N	N	N	N	N	N	N	72.6981	1136.3628	0.1196	154.8686	681.7025	0.0749	2.3856	3.7469	0.0931	0.0084	0.0089	0.0000	0.0118	0.0121	0.0001	0.0008	0.0010	0.0000	0.0001	0.0000	0.0003	0.0001	0.0000	0.0008	0.0004	0.0003	0.0003	0.0003	22.9540	-0.0004	0.0000	1.3124	14.8542	1.0060	6.8183	0.0015	0.0015	0.0000	0.0015	0.0015	0.0000	0.0000	0.0000	0.0000	0.0000	0.0000	0.0000	0.0000	0.0000	0.0000	0.0000	0.0000	0.0000	0.1851	0.1737	0.0114	0.1270	0.1235	0.0035	0.0580	0.0502	0.0079	0.0322	0.0197	0.0125	0.0088	0.0081	0.0007	0.0234	0.0116	0.0118	72.6981	1136.3628	0.1196	154.8686	681.7025	0.0749	6.4787	1071.9272	0.0931	0.0001	0.0000	0.0003	0.0001	0.0000	0.0008	0.0001	0.0000	0.0003
34	57	0.2474	6	0	1	1	2	0	0	0	0	N	N	N	Y	N	N	N	N	N	N	N	N	2117.2432	1596.9163	2.2305	1416.3791	1366.3451	0.8468	35.9126	4.3012	2.9590	0.6874	0.7291	0.0004	0.9869	1.0131	0.0001	0.0174	0.0199	0.0006	0.0003	0.0005	0.0002	0.0007	0.0007	0.0001	0.0005	0.0046	0.0002	0.0000	0.4409	-0.0872	-0.0000	1.3124	33.5853	1.0060	9.3450	0.3038	0.3038	0.0000	0.3014	0.3014	0.0000	0.0024	0.0024	0.0000	0.0000	0.0000	0.0000	0.0000	0.0000	0.0000	0.0000	0.0000	0.0000	0.4420	0.4167	0.0253	0.3054	0.2975	0.0079	0.1365	0.1191	0.0174	0.0575	0.0319	0.0256	0.0107	0.0099	0.0008	0.0468	0.0220	0.0248	2480.6609	2102.6161	2.2305	1416.3791	1366.3451	0.8468	95.9412	117.5916	2.9590	0.0003	0.0003	0.0002	0.0007	0.0007	0.0001	0.0002	0.0002	0.0002
34	58	0.2267	5	0	1	1	1	0	0	0	0	N	N	N	N	N	N	N	N	N	N	N	N	0.3809	0.2973	0.0291	0.8403	0.8289	0.7189	0.0074	0.0041	0.0079	0.2725	0.2932	0.0004	0.4387	0.4514	0.0012	0.0059	0.0068	0.0001	0.7154	0.9862	0.0123	0.5220	0.5446	0.0017	0.7960	1.6788	0.0101	0.0001	0.0403	-0.0151	-0.0015	1.3124	15.2419	1.0060	2.5705	0.0524	0.0524	0.0000	0.0520	0.0520	0.0000	0.0004	0.0004	0.0000	0.0025	0.0024	0.0001	0.0007	0.0007	0.0000	0.0019	0.0018	0.0001	0.1925	0.1789	0.0136	0.1186	0.1152	0.0034	0.0739	0.0637	0.0102	0.0302	0.0166	0.0136	0.0069	0.0065	0.0004	0.0233	0.0101	0.0131	3.2410	1.9977	0.0494	4.4750	4.3163	0.7189	0.0735	0.0392	0.0107	0.0841	0.1468	0.0072	0.0980	0.1046	0.0017	0.0799	0.1738	0.0074
34	59	0.7457	11	0	1	1	2	0	0	0	0	N	N	N	Y	N	N	N	N	N	N	N	N	0.0000	0.0000	0.0000	0.0000	0.0000	0.0000	0.0000	0.0000	0.0000	0.0000	0.0000	0.0000	0.0000	0.0000	0.0000	0.0000	0.0000	0.0000	0.0000	0.0000	1.3124	0.0000	1.0060	0.0000	0.0000	0.0000	0.0000	0.0000	0.0000	0.0000	0.0000	0.0000	0.0000	0.0000	0.0000	0.0000	0.0000	0.0000	0.0000	0.0000	0.0000	0.0000	0.0000	0.0000	0.0000	0.0000	0.0000	0.0000	0.0000	0.0000	0.0000	0.0000	0.0000	0.0000	0.0000	0.0000	0.0000	0.0000	0.0000	0.0000	0.0000	0.0000	0.0000	0.0000	0.0000	0.0000	0.0000	0.0000	0.0000	0.0000	0.0000	0.0000	0.0000	0.0000	0.0000	0.0000	0.0000	0.0000											
34	60	0.6683	10	0	1	1	2	0	0	0	0	N	N	N	Y	N	N	N	N	N	N	N	N	70.4102	233.5832	0.0000	217.6714	193.1431	5.7166	1.9988	0.0000	0.0025	0.0027	0.0000	0.0036	0.0037	0.0000	0.0008	0.0009	0.0000	0.0000	0.0000	0.0001	0.0000	0.0000	0.0000	0.0001	0.0004	0.0001	0.0000	3.9912	-0.0001	0.0000	1.3124	19.3360	1.0060	7.9957	0.0003	0.0003	0.0000	0.0003	0.0003	0.0000	0.0000	0.0000	0.0000	0.0000	0.0000	0.0000	0.0000	0.0000	0.0000	0.0000	0.0000	0.0000	0.1376	0.1280	0.0096	0.0853	0.0827	0.0026	0.0523	0.0453	0.0070	0.0267	0.0166	0.0101	0.0107	0.0092	0.0015	0.0160	0.0074	0.0086	70.4102	235.0573	0.0000	217.6714	193.1431	0.0000	15.7077	438.0348	0.0000	0.0000	0.0000	0.0001	0.0000	0.0000	0.0000	0.0000	0.0000	0.0001	
34	61	0.3582	8	0	2	2	1	0	0	0	0	N	Y	Y	N	N	N	N	N	N	N	N	N	782.6684	359.0069	0.0000	1933.2527	1329.1441	0.0000	1.5629	0.0565	0.0000	3.0946	3.3724	0.0000	5.8639	6.0579	0.0000	0.0056	0.0065	0.0000	0.0040	0.0094	0.0000	0.0030	0.0046	0.0000	0.0036	0.1146	0.0000	0.0000	0.0009	-0.0940	-0.0000	1.3124	14.2360	1.0060	11.9336	0.3273	0.3273	0.0000	0.3270	0.3270	0.0000	0.0003	0.0003	0.0000	0.0000	0.0000	0.0000	0.0000	0.0000	0.0000	0.0000	0.0000	0.0000	0.1058	0.0971	0.0087	0.0558	0.0540	0.0018	0.0500	0.0431	0.0069	0.0316	0.0177	0.0139	0.0099	0.0075	0.0024	0.0217	0.0102	0.0115	1955.0221	1195.5875	0.0000	1933.2527	1510.7249	0.0000	6.0614	3.3226	0.0000	0.0016	0.0028	0.0000	0.0030	0.0040	0.0000	0.0009	0.0020	0.0000
34	62	0.2860	8	1	1	2	1	0	0	0	0	N	N	Y	N	N	N	N	N	N	N	N	N	1149.4113	561.5506	22.0692	0.1111	0.0817	0.0000	2547.5386	95.0534	43.8795	4.9411	5.4166	0.0011	0.0003	0.0004	0.0000	9.5046	11.0372	0.0014	0.0043	0.0096	0.0001	0.0031	0.0044	0.0002	0.0037	0.1161	0.0000	0.0000	0.0127	-0.2822	-0.0001	1.3124	28.8660	1.0060	13.2209	0.9830	0.9830	0.0000	0.0000	0.0000	0.0000	0.9830	0.9830	0.0000	0.0001	0.0001	0.0000	0.0001	0.0001	0.0000	0.0000	0.0000	0.0000	0.1989	0.1815	0.0175	0.0955	0.0924	0.0031	0.1034	0.0891	0.0144	0.0625	0.0368	0.0258	0.0212	0.0169	0.0043	0.0413	0.0198	0.0215	2899.0873	1891.8960	22.0692	0.1111	0.0924	0.0000	9818.8387	5572.7342	43.8795	0.0017	0.0029	0.0001	0.0031	0.0039	0.0002	0.0010	0.0020	0.0000
34	63	0.2833	7	1	2	1	1	0	0	0	0	N	Y	N	N	N	N	N	N	N	N	N	N	0.0570	0.0300	0.0000	0.1298	0.1103	0.0000	0.0006	0.0000	0.0000	0.0001	0.0001	0.0000	0.0002	0.0002	0.0000	0.0000	0.0000	0.0000	0.0022	0.0045	0.0002	0.0015	0.0018	0.0000	0.0029	0.0671	0.0002	0.0000	0.0910	-0.0000	-0.0000	1.3124	5.0237	1.0060	8.0282	0.0000	0.0000	0.0000	0.0000	0.0000	0.0000	0.0000	0.0000	0.0000	0.0000	0.0000	0.0000	0.0000	0.0000	0.0000	0.0000	0.0000	0.0000	0.0528	0.0494	0.0034	0.0332	0.0324	0.0008	0.0196	0.0170	0.0027	0.0215	0.0124	0.0091	0.0073	0.0060	0.0012	0.0142	0.0064	0.0079	0.1211	0.0815	0.0000	0.1298	0.1103	0.0000	0.0023	0.0014	0.0000	0.0010	0.0017	0.0002	0.0015	0.0018	0.0000	0.0008	0.0015	0.0002
34	64	0.2203	6	1	2	1	1	0	0	0	0	N	Y	N	N	N	N	N	N	N	N	N	N	0.0008	0.0006	0.0003	0.0296	0.0247	0.0000	0.0008	0.0005	0.0006	0.0004	0.0005	0.0000	0.0003	0.0003	0.0000	0.0006	0.0007	0.0000	0.5836	0.8084	0.0009	0.0112	0.0139	0.0030	0.7481	1.6029	0.0006	0.0000	0.0081	-0.0000	-0.0019	1.3124	17.5893	1.0060	19.0270	0.0001	0.0001	0.0000	0.0000	0.0000	0.0000	0.0000	0.0000	0.0000	0.0030	0.0030	0.0000	0.0001	0.0001	0.0000	0.0029	0.0029	0.0000	0.1867	0.1738	0.0129	0.1157	0.1124	0.0033	0.0710	0.0614	0.0097	0.0587	0.0326	0.0261	0.0170	0.0138	0.0032	0.0417	0.0188	0.0229	0.0087	0.0052	0.0003	0.0430	0.0388	0.0000	0.0091	0.0048	0.0006	0.0515	0.0919	0.0009	0.0077	0.0088	0.0030	0.0693	0.1532	0.0006
34	65	0.2140	5	0	2	1	1	0	0	0	0	N	Y	N	N	N	N	N	N	N	N	N	N	0.0042	0.0034	0.0021	0.0050	0.0050	0.0001	0.0004	0.0002	0.0081	0.0057	0.0061	0.0001	0.0084	0.0086	0.0000	0.0007	0.0008	0.0001	1.3380	1.7976	0.0417	1.6837	1.7422	0.0754	1.8002	3.2899	0.0149	0.0011	0.0068	-0.0000	-0.0109	1.3124	1.7566	1.0060	2.8742	0.0001	0.0001	0.0000	0.0001	0.0001	0.0000	0.0000	0.0000	0.0000	0.0176	0.0175	0.0001	0.0032	0.0031	0.0001	0.0144	0.0144	0.0000	0.0213	0.0199	0.0015	0.0138	0.0134	0.0004	0.0075	0.0065	0.0010	0.0164	0.0105	0.0059	0.0074	0.0060	0.0014	0.0090	0.0045	0.0045	0.0053	0.0037	0.0043	0.0195	0.0168	0.0001	0.0004	0.0002	0.0121	1.0719	1.6611	0.0200	0.4289	0.5151	0.0531	1.6008	3.1972	0.0099
34	66	0.3582	8	0	2	1	1	0	0	0	0	N	Y	N	N	N	N	N	N	N	N	N	N	0.5002	0.1337	0.3970	17.2710	13.4868	1.5432	0.0001	0.0000	0.0000	0.0074	0.0081	0.0000	0.0142	0.0147	0.0000	0.0000	0.0000	0.0000	0.0148	0.0606	0.0000	0.0008	0.0011	0.0000	0.0444	0.6648	0.0000	0.0000	0.0001	-0.0003	-0.0001	1.3124	21.1811	1.0060	10.1862	0.0011	0.0011	0.0000	0.0011	0.0011	0.0000	0.0000	0.0000	0.0000	0.0002	0.0002	0.0000	0.0000	0.0000	0.0000	0.0002	0.0002	0.0000	0.1517	0.1392	0.0125	0.0792	0.0766	0.0026	0.0725	0.0625	0.0099	0.0372	0.0209	0.0164	0.0116	0.0088	0.0028	0.0256	0.0121	0.0135	1.6377	1.0007	0.3970	17.2710	13.4868	1.5432	0.0007	0.0004	0.0000	0.0045	0.0081	0.0000	0.0008	0.0011	0.0000	0.0062	0.0132	0.0000
34	67	0.3444	7	0	2	1	1	0	0	0	0	N	Y	N	N	N	N	N	N	N	N	N	N	9.6926	50.5622	0.0000	14.0208	85.2530	0.0000	0.1199	0.0076	0.0000	0.0204	0.0222	0.0000	0.0404	0.0417	0.0000	0.0000	0.0000	0.0000	0.0021	0.0004	0.0019	0.0029	0.0005	0.0115	0.0003	0.0054	0.0000	0.0000	4.2786	-0.0003	0.0000	1.3124	7.4253	1.0060	0.9851	0.0011	0.0011	0.0000	0.0011	0.0011	0.0000	0.0000	0.0000	0.0000	0.0000	0.0000	0.0000	0.0000	0.0000	0.0000	0.0000	0.0000	0.0000	0.0553	0.0507	0.0046	0.0279	0.0270	0.0009	0.0274	0.0237	0.0037	0.0116	0.0066	0.0050	0.0037	0.0029	0.0008	0.0078	0.0037	0.0042	20.3487	66.7168	0.0000	14.0208	85.2530	0.0000	0.3256	0.1944	0.0000	0.0010	0.0003	0.0019	0.0029	0.0005	0.0115	0.0001	0.0002	0.0000
34	68	0.2948	6	0	1	2	1	0	0	0	0	N	N	Y	N	N	N	N	N	N	N	N	N	0.0791	0.0352	1.5037	0.1023	0.0962	0.0061	0.0358	0.0001	1.9500	0.0002	0.0001	0.0003	0.0002	0.0002	0.0000	0.0001	0.0000	0.0004	0.0019	0.0040	0.0002	0.0021	0.0022	0.0001	0.0016	0.0287	0.0002	0.1639	0.0996	-0.0000	-0.0000	1.3124	15.0354	1.0060	6.2061	0.0000	0.0000	0.0000	0.0000	0.0000	0.0000	0.0000	0.0000	0.0000	0.0000	0.0000	0.0000	0.0000	0.0000	0.0000	0.0000	0.0000	0.0000	0.1782	0.1657	0.0125	0.1103	0.1072	0.0032	0.0679	0.0585	0.0094	0.0389	0.0223	0.0166	0.0113	0.0103	0.0010	0.0276	0.0121	0.0155	0.1593	0.0930	1.5037	0.1023	0.0962	0.0061	0.1147	0.0021	1.9500	0.0010	0.0015	0.0002	0.0021	0.0022	0.0001	0.0005	0.0009	0.0002
34	69	0.2267	5	0	1	1	1	0	0	0	0	N	N	N	N	N	N	N	N	N	N	N	N	0.0666	0.0279	0.1447	0.1235	0.1177	0.9248	0.0139	0.0010	0.2181	0.0060	0.0064	0.0013	0.0097	0.0100	0.0002	0.0005	0.0004	0.0016	0.0900	0.2280	0.0090	0.0785	0.0845	0.0002	0.0390	0.3877	0.0075	0.0155	0.3308	-0.0005	-0.0002	1.3124	27.6811	1.0060	13.1592	0.0018	0.0018	0.0000	0.0017	0.0017	0.0000	0.0001	0.0000	0.0000	0.0006	0.0005	0.0002	0.0004	0.0004	0.0000	0.0003	0.0001	0.0002	0.2995	0.2785	0.0210	0.1786	0.1738	0.0048	0.1210	0.1047	0.0162	0.0588	0.0321	0.0267	0.0113	0.0106	0.0008	0.0474	0.0215	0.0259	0.5687	0.4373	0.2266	0.3134	0.2999	0.9248	0.0958	0.0697	0.2764	0.0105	0.0145	0.0058	0.0309	0.0332	0.0002	0.0057	0.0053	0.0059
34	70	0.1919	4	0	1	1	1	0	0	0	0	N	N	N	N	N	N	N	N	N	N	N	N	0.0152	0.0120	0.6057	0.2294	0.2181	0.0809	0.0014	0.0004	0.8387	0.0085	0.0090	0.0022	0.0137	0.0141	0.0004	0.0009	0.0006	0.0028	0.5589	0.7512	0.0037	0.0597	0.0646	0.0049	0.6706	1.4402	0.0033	0.0194	0.0295	-0.0005	-0.0013	1.3124	19.6565	1.0060	4.0504	0.0019	0.0019	0.0000	0.0018	0.0018	0.0000	0.0001	0.0000	0.0000	0.0021	0.0021	0.0001	0.0003	0.0003	0.0000	0.0019	0.0018	0.0001	0.2258	0.2094	0.0164	0.1340	0.1303	0.0038	0.0918	0.0791	0.0126	0.0447	0.0264	0.0184	0.0101	0.0098	0.0004	0.0346	0.0166	0.0180	0.1774	0.1138	0.6659	0.5118	0.5105	0.0809	0.0168	0.0056	0.8387	0.0479	0.0790	0.0033	0.0268	0.0276	0.0049	0.0541	0.1093	0.0033
34	71	0.3476	8	1	2	1	1	0	0	0	0	N	Y	N	N	N	N	N	N	N	N	N	N	1364.5659	2038.1196	0.0000	0.0000	0.0000	3801.5341	inf	0.0000	0.0002	0.0002	0.0000	0.0000	0.0000	0.0000	0.0003	0.0004	0.0000	0.0000	0.0000	0.0000	0.0000	0.0000	0.0000	0.0000	0.0000	0.0000	0.0000	1.4000	-0.0000	-0.0000	1.3124	17.5448	1.0060	6.0013	0.0000	0.0000	0.0000	0.0000	0.0000	0.0000	0.0000	0.0000	0.0000	0.0000	0.0000	0.0000	0.0000	0.0000	0.0000	0.0000	0.0000	0.0000	0.1274	0.1167	0.0107	0.0653	0.0629	0.0024	0.0621	0.0538	0.0084	0.0313	0.0178	0.0135	0.0100	0.0079	0.0022	0.0213	0.0100	0.0113	1364.5659	2038.1196	0.0000	0.0000	0.0000	0.0000	3801.5341	inf	0.0000	0.0000	0.0000	0.0000	0.0000	0.0000	0.0000	0.0000	0.0000	0.0000	
34	72	0.4160	11	1	2	2	1	0	0	0	0	N	Y	Y	N	N	N	N	N	N	N	N	N	0.0000	0.0000	0.0000	0.0000	0.0000	0.0000	0.0000	0.0000	0.0000	0.0000	0.0000	0.0000	0.0000	0.0000	0.0000	0.0000	0.0000	0.0000	0.0000	0.0000	-0.0000	1.3124	1.8980	1.0060	2.9698	0.0000	0.0000	0.0000	0.0000	0.0000	0.0000	0.0000	0.0000	0.0000	0.0000	0.0000	0.0000	0.0000	0.0000	0.0000	0.0000	0.0000	0.0000	0.0173	0.0160	0.0013	0.0106	0.0103	0.0003	0.0067	0.0058	0.0010	0.0097	0.0065	0.0032	0.0045	0.0038	0.0007	0.0052	0.0027	0.0026	0.0000	0.0000	0.0000	0.0000	0.0000	0.0000	0.0000	0.0000	0.0000	0.0000	0.0000	0.0000	0.0000	0.0000	0.0000	0.0000	0.0000	0.0000										
34	73	0.3964	10	1	1	2	1	0	0	0	0	N	N	Y	N	N	N	N	N	N	N	N	N	0.0000	0.0001	0.0000	0.0001	0.0003	0.0000	0.1127	0.0060	0.0110	0.0000	0.0000	0.0000	0.0000	0.0000	0.0000	0.0000	0.0000	0.0000	0.1968	0.0836	0.0644	0.1141	0.0352	0.3680	0.0001	0.0011	0.0000	0.0029	1.6241	-0.0000	-0.0000	1.3124	3.5853	1.0060	4.3819	0.0000	0.0000	0.0000	0.0000	0.0000	0.0000	0.0000	0.0000	0.0000	0.0002	0.0001	0.0001	0.0002	0.0001	0.0001	0.0000	0.0000	0.0000	0.0476	0.0444	0.0033	0.0260	0.0253	0.0007	0.0217	0.0190	0.0026	0.0127	0.0083	0.0044	0.0051	0.0043	0.0008	0.0077	0.0040	0.0036	0.0005	0.0010	0.0000	0.0003	0.0006	0.0000	0.2338	0.5194	0.0110	0.0154	0.0090	0.0273	0.0384	0.0174	0.1510	0.0000	0.0000	0.0000
34	74	0.3650	9	1	1	2	1	0	0	0	0	N	N	Y	N	N	N	N	N	N	N	N	N	0.0019	0.0007	0.0027	0.0028	0.0023	0.0007	0.0099	0.0005	0.0409	0.0002	0.0002	0.0000	0.0001	0.0002	0.0000	0.0002	0.0003	0.0000	0.0984	0.2902	0.0009	0.0529	0.0662	0.0050	0.0225	0.5164	0.0000	0.0010	0.0317	-0.0000	-0.0002	1.3124	12.3589	1.0060	7.3592	0.0000	0.0000	0.0000	0.0000	0.0000	0.0000	0.0000	0.0000	0.0000	0.0003	0.0003	0.0000	0.0002	0.0002	0.0000	0.0001	0.0001	0.0000	0.0952	0.0874	0.0078	0.0494	0.0477	0.0018	0.0458	0.0397	0.0060	0.0292	0.0177	0.0115	0.0102	0.0083	0.0019	0.0191	0.0095	0.0096	0.0169	0.0115	0.0027	0.0061	0.0054	0.0007	0.0569	0.0326	0.0409	0.0109	0.0174	0.0009	0.0239	0.0282	0.0050	0.0039	0.0079	0.0000
34	75	0.3476	8	1	1	2	1	0	0	0	0	N	N	Y	N	N	N	N	N	N	N	N	N	0.0000	0.0000	0.0000	0.0000	0.0000	0.0000	0.0536	0.0026	0.0000	0.0000	0.0000	0.0000	0.0000	0.0000	0.0000	0.0000	0.0000	0.0000	0.2822	0.1513	0.0742	0.2605	0.0616	0.4599	0.0001	0.0014	0.0000	0.0036	1.9008	-0.0000	0.0000	1.3124	10.2127	1.0060	1.0234	0.0000	0.0000	0.0000	0.0000	0.0000	0.0000	0.0000	0.0000	0.0000	0.0003	0.0001	0.0002	0.0003	0.0001	0.0002	0.0000	0.0000	0.0000	0.0777	0.0712	0.0066	0.0404	0.0389	0.0015	0.0373	0.0323	0.0050	0.0154	0.0088	0.0066	0.0050	0.0039	0.0011	0.0104	0.0049	0.0056	0.0001	0.0002	0.0000	0.0000	0.0000	0.0000	0.1143	0.1766	0.0000	0.0194	0.0118	0.0296	0.0601	0.0264	0.1828	0.0000	0.0000	0.0000
34	76	0.3444	7	1	1	1	1	0	0	0	0	N	N	N	N	N	N	N	N	N	N	N	N	0.1343	0.1265	0.0000	0.0514	0.0416	0.3262	inf	0.0000	0.0000	0.0000	0.0000	0.0000	0.0000	0.0000	0.0000	0.0000	0.0000	0.0000	0.0000	0.0000	0.0000	0.0000	0.0000	0.0000	0.0000	0.0000	0.0000	0.5172	-0.0000	-0.0000	1.3124	3.7027	1.0060	0.0091	0.0000	0.0000	0.0000	0.0000	0.0000	0.0000	0.0000	0.0000	0.0000	0.0000	0.0000	0.0000	0.0000	0.0000	0.0000	0.0000	0.0000	0.0000	0.0289	0.0265	0.0024	0.0146	0.0141	0.0005	0.0143	0.0124	0.0019	0.0052	0.0029	0.0022	0.0017	0.0013	0.0004	0.0035	0.0016	0.0019	0.1343	0.1265	0.0000	0.0514	0.0416	0.0000	0.3262	inf	0.0000	0.0000	0.0000	0.0000	0.0000	0.0000	0.0000	0.0000	0.0000	0.0000	
34	77	0.3274	6	0	1	1	1	0	0	0	0	N	N	N	N	N	N	N	N	N	N	N	N	25.9215	6.7058	0.0267	63.1259	50.0523	0.0000	0.6392	0.0375	0.0327	0.4668	0.4717	0.0000	0.4926	0.4943	0.0000	0.0197	0.0227	0.0000	0.0180	0.0703	0.0001	0.0078	0.0099	0.0000	0.0308	0.6067	0.0001	0.0000	0.0043	-0.0360	-0.0001	1.3124	3.8334	1.0060	6.1787	0.1254	0.1254	0.0000	0.1251	0.1251	0.0000	0.0003	0.0003	0.0000	0.0001	0.0001	0.0000	0.0000	0.0000	0.0000	0.0001	0.0001	0.0000	0.2686	0.2658	0.0028	0.2539	0.2531	0.0008	0.0147	0.0127	0.0020	0.0184	0.0110	0.0073	0.0065	0.0055	0.0010	0.0119	0.0055	0.0064	91.4666	55.7720	0.0267	85.5257	72.9281	0.0000	4.1531	2.2387	0.0327	0.0051	0.0085	0.0001	0.0058	0.0068	0.0000	0.0047	0.0102	0.0001
34	78	0.2883	5	0	1	1	1	0	0	0	0	N	N	N	N	N	N	N	N	N	N	N	N	0.7685	0.5860	0.3890	1.7246	1.5260	0.0000	0.0211	0.0125	9.9939	0.6772	0.7003	0.0009	0.8289	0.8374	0.0000	0.0223	0.0255	0.0012	0.8812	1.1949	0.0023	0.4806	0.5488	0.0138	1.0536	2.0422	0.0001	0.0000	0.0051	-0.0680	-0.0048	1.3124	16.9094	1.0060	5.8161	0.2370	0.2370	0.0000	0.2356	0.2356	0.0000	0.0015	0.0015	0.0000	0.0077	0.0076	0.0000	0.0015	0.0015	0.0000	0.0062	0.0062	0.0000	0.3500	0.3385	0.0116	0.2842	0.2813	0.0029	0.0658	0.0572	0.0087	0.0442	0.0270	0.0172	0.0165	0.0138	0.0027	0.0278	0.0133	0.0145	3.8984	2.4776	0.3890	9.1549	7.9348	0.0000	0.0998	0.0546	9.9939	0.1737	0.2826	0.0023	0.0905	0.1055	0.0138	0.2230	0.4665	0.0001
34	79	0.2140	5	0	2	1	1	0	0	0	0	N	Y	N	N	N	N	N	N	N	N	N	N	1.1886	0.9134	0.0430	0.8430	0.7964	0.0000	0.0237	0.0145	0.0607	1.4094	1.5160	0.0006	2.3656	2.4273	0.0000	0.0265	0.0306	0.0008	1.1858	1.6598	0.0142	2.8063	3.0478	0.0024	1.1218	2.1143	0.0128	0.0000	0.0049	-0.0943	-0.0297	1.3124	23.9173	1.0060	17.8091	0.3284	0.3284	0.0000	0.3259	0.3259	0.0000	0.0025	0.0025	0.0000	0.0476	0.0474	0.0002	0.0330	0.0330	0.0000	0.0146	0.0144	0.0002	0.2330	0.2166	0.0164	0.1377	0.1342	0.0035	0.0952	0.0824	0.0129	0.0676	0.0381	0.0295	0.0198	0.0157	0.0042	0.0478	0.0225	0.0253	2.0012	1.2200	0.0770	1.4210	1.1519	0.0000	0.0868	0.0477	0.0878	0.7043	1.2426	0.0079	1.6647	2.1072	0.0024	0.3060	0.6406	0.0088
34	80	0.1979	4	0	2	1	1	0	0	0	0	N	Y	N	N	N	N	N	N	N	N	N	N	0.0000	0.0000	0.0001	0.0017	0.0018	0.0000	0.0000	0.0000	0.0001	0.0014	0.0015	0.0000	0.0023	0.0024	0.0000	0.0001	0.0001	0.0000	50.0030	82.1766	0.0438	1.3354	1.3335	0.0013	64.7980	128.9596	0.0405	0.0001	0.0002	-0.0000	-0.5763	1.3124	6.1279	1.0060	3.6878	0.0001	0.0001	0.0000	0.0001	0.0001	0.0000	0.0000	0.0000	0.0000	0.9174	0.9172	0.0002	0.0012	0.0012	0.0000	0.9162	0.9160	0.0001	0.0639	0.0595	0.0044	0.0380	0.0372	0.0008	0.0259	0.0224	0.0036	0.0183	0.0112	0.0072	0.0042	0.0041	0.0001	0.0141	0.0071	0.0070	0.0000	0.0000	0.0001	0.0080	0.0079	0.0000	0.0000	0.0000	0.0002	50.0030	82.1766	0.0209	0.2893	0.2999	0.0013	64.7980	128.9596	0.0213
34	81	0.2860	8	1	1	2	1	0	0	0	0	N	N	Y	N	N	N	N	N	N	N	N	N	0.0791	0.0458	0.0000	0.1323	0.1006	0.0652	0.0089	0.0000	0.0002	0.0002	0.0000	0.0004	0.0004	0.0000	0.0001	0.0001	0.0000	0.0029	0.0054	0.0004	0.0027	0.0037	0.0000	0.0015	0.0132	0.0005	0.0000	0.1532	-0.0000	-0.0000	1.3124	27.2690	1.0060	12.3406	0.0000	0.0000	0.0000	0.0000	0.0000	0.0000	0.0000	0.0000	0.0000	0.0001	0.0001	0.0000	0.0001	0.0001	0.0000	0.0000	0.0000	0.0000	0.1906	0.1739	0.0168	0.0916	0.0886	0.0030	0.0990	0.0853	0.0138	0.0599	0.0352	0.0247	0.0204	0.0162	0.0041	0.0395	0.0190	0.0205	0.1806	0.1343	0.0000	0.1323	0.1091	0.0000	0.2066	0.2390	0.0000	0.0013	0.0019	0.0004	0.0027	0.0034	0.0000	0.0005	0.0005	0.0005	
34	82	0.2707	7	0	1	1	1	0	0	0	0	N	N	N	N	N	N	N	N	N	N	N	N	0.3076	0.3316	0.0004	0.9211	7.9701	0.0000	0.0108	0.0006	0.1063	0.0102	0.0111	0.0000	0.0196	0.0203	0.0000	0.0003	0.0003	0.0000	0.0332	0.0335	0.0154	0.0213	0.0025	0.0688	0.0281	0.5806	0.0001	0.0000	0.9822	-0.0002	-0.0000	1.3124	9.0798	1.0060	0.9519	0.0008	0.0008	0.0000	0.0008	0.0008	0.0000	0.0000	0.0000	0.0000	0.0001	0.0001	0.0001	0.0001	0.0000	0.0001	0.0000	0.0000	0.0000	0.0763	0.0700	0.0062	0.0391	0.0379	0.0012	0.0372	0.0321	0.0050	0.0159	0.0092	0.0067	0.0053	0.0042	0.0011	0.0106	0.0050	0.0055	1.4306	1.7944	0.0007	1.5754	7.9701	0.0000	0.0682	0.0377	0.1063	0.0071	0.0062	0.0084	0.0125	0.0025	0.0494	0.0044	0.0093	0.0001
34	83	0.1979	4	0	2	1	1	0	0	0	0	N	Y	N	N	N	N	N	N	N	N	N	N	0.0000	0.0000	0.0000	0.0000	0.0000	0.0000	0.0000	0.0000	0.0000	0.0000	0.0000	0.0000	0.0000	0.0000	0.0000	0.0000	0.0000	0.0000	0.0000	0.0000	0.0000	0.0000	inf	0.0000	0.0000	1.3124	21.0000	1.0060	14.4214	0.0000	0.0000	0.0000	0.0000	0.0000	0.0000	0.0000	0.0000	0.0000	0.0000	0.0000	0.0000	0.0000	0.0000	0.0000	0.0000	0.0000	0.0000	0.2049	0.1905	0.0144	0.1193	0.1165	0.0028	0.0856	0.0740	0.0116	0.0555	0.0324	0.0231	0.0109	0.0104	0.0005	0.0446	0.0221	0.0226	0.0000	0.0000	0.0000	0.0000	0.0000	0.0000	0.0000	0.0000	0.0000	0.0000	0.0000	0.0000	0.0000	0.0000	0.0000	0.0000	0.0000	0.0000						
34	84	0.2556	8	0	1	2	1	0	0	0	0	N	N	Y	N	N	N	N	N	N	N	N	N	0.0042	0.0015	0.0000	0.0027	0.0023	0.0000	0.0000	0.0000	0.0001	0.0000	0.0001	0.0001	0.0000	0.0000	0.0000	0.0000	0.0117	0.0361	0.0000	0.0296	0.0360	0.0000	0.0000	0.0000	0.0000	0.0000	0.0000	-0.0000	-0.0001	1.3124	20.4085	1.0060	11.0867	0.0000	0.0000	0.0000	0.0000	0.0000	0.0000	0.0000	0.0000	0.0000	0.0002	0.0002	0.0000	0.0002	0.0002	0.0000	0.0000	0.0000	0.0000	0.2050	0.1911	0.0140	0.1281	0.1245	0.0036	0.0769	0.0666	0.0104	0.0436	0.0251	0.0184	0.0102	0.0091	0.0011	0.0334	0.0160	0.0174	0.0135	0.0083	0.0000	0.0050	0.0046	0.0000	0.0000	0.0000	0.0000	0.0037	0.0064	0.0000	0.0158	0.0176	0.0000	0.0000	0.0000	0.0000		
34	85	0.2519	7	0	1	2	1	0	0	0	0	N	N	Y	N	N	N	N	N	N	N	N	N	0.0628	0.0156	605.5580	0.0255	0.0232	0.0000	0.6091	0.0000	1476.2447	0.0002	0.0001	0.0017	0.0002	0.0002	0.0000	0.0004	0.0000	0.0026	0.0039	0.0084	0.0000	0.0072	0.0082	0.0000	0.0006	0.0111	0.0000	0.9919	0.0007	0.0000	-0.0000	1.3124	3.1287	1.0060	1.1816	0.0000	0.0000	0.0000	0.0000	0.0000	0.0000	0.0000	0.0000	0.0000	0.0000	0.0000	0.0000	0.0000	0.0000	0.0000	0.0000	0.0000	0.0000	0.0415	0.0386	0.0030	0.0273	0.0263	0.0010	0.0142	0.0123	0.0019	0.0070	0.0042	0.0028	0.0018	0.0016	0.0002	0.0052	0.0025	0.0026	0.1553	0.0503	605.5580	0.0339	0.0320	0.0000	1.6987	0.0000	1476.2447	0.0016	0.0026	0.0000	0.0055	0.0060	0.0000	0.0002	0.0004	0.0000
34	86	0.2449	6	0	1	1	1	0	0	0	0	N	N	N	N	N	N	N	N	N	N	N	N	0.0056	0.0043	193.0741	0.0037	0.0038	0.1066	0.0001	272.7995	0.0047	0.0048	0.0030	0.0068	0.0071	0.0000	0.0006	0.0000	0.0046	0.8388	1.1112	0.0000	1.8177	1.8533	0.0000	0.0058	0.2158	0.0000	0.0458	0.0000	-0.0001	-0.0009	1.3124	4.0532	1.0060	2.2470	0.0002	0.0002	0.0000	0.0002	0.0002	0.0000	0.0000	0.0000	0.0000	0.0015	0.0015	0.0000	0.0014	0.0014	0.0000	0.0000	0.0000	0.0000	0.0489	0.0456	0.0033	0.0323	0.0312	0.0011	0.0166	0.0144	0.0022	0.0106	0.0064	0.0042	0.0029	0.0026	0.0003	0.0077	0.0038	0.0039	0.0343	0.0211	193.0741	0.0136	0.0125	0.0000	0.4254	0.0042	272.7995	0.1373	0.2284	0.0000	0.4987	0.5654	0.0000	0.0015	0.0029	0.0000	
34	87	0.2218	5	0	1	1	1	0	0	0	0	N	N	N	N	N	N	N	N	N	N	N	N	0.0055	0.0045	0.0194	0.4462	0.4086	0.0000	0.0006	0.0004	0.0288	0.0035	0.0038	0.0000	0.0051	0.0054	0.0000	0.0005	0.0006	0.0000	0.6354	0.8433	0.0011	0.0115	0.0132	0.0001	0.8005	1.6615	0.0011	0.0005	0.0067	-0.0001	-0.0010	1.3124	4.7288	1.0060	9.8540	0.0002	0.0002	0.0000	0.0002	0.0002	0.0000	0.0000	0.0000	0.0000	0.0017	0.0016	0.0000	0.0001	0.0001	0.0000	0.0016	0.0016	0.0000	0.0634	0.0579	0.0055	0.0406	0.0387	0.0019	0.0228	0.0192	0.0035	0.0268	0.0164	0.0104	0.0074	0.0069	0.0005	0.0194	0.0096	0.0099	0.0563	0.0380	0.0194	0.6456	0.6350	0.0000	0.0062	0.0036	0.0288	0.0618	0.1001	0.0011	0.0080	0.0085	0.0001	0.0822	0.1662	0.0011
34	88	0.1979	4	0	1	1	1	0	0	0	0	N	N	N	N	N	N	N	N	N	N	N	N	0.0087	0.0031	0.0272	0.0160	0.0148	0.0000	0.0002	0.0000	0.0334	0.0001	0.0001	0.0000	0.0002	0.0002	0.0000	0.0000	0.0000	0.0000	0.0127	0.0385	0.0001	0.0116	0.0128	0.0001	0.0146	0.3998	0.0001	0.0024	0.0144	-0.0000	-0.0001	1.3124	8.6320	1.0060	7.0881	0.0000	0.0000	0.0000	0.0000	0.0000	0.0000	0.0000	0.0000	0.0000	0.0001	0.0001	0.0000	0.0000	0.0000	0.0000	0.0001	0.0001	0.0000	0.0890	0.0829	0.0061	0.0527	0.0516	0.0012	0.0363	0.0313	0.0050	0.0273	0.0163	0.0110	0.0058	0.0056	0.0002	0.0215	0.0107	0.0108	0.0281	0.0182	0.0272	0.0232	0.0228	0.0000	0.0012	0.0006	0.0334	0.0040	0.0065	0.0001	0.0080	0.0083	0.0001	0.0029	0.0056	0.0001
34	89	0.2657	6	0	2	1	1	0	0	0	0	N	Y	N	N	N	N	N	N	N	N	N	N	22.5794	12.3138	0.6487	11.6168	11.3905	0.0000	0.9989	1.0114	0.8594	0.0098	0.0105	0.0001	0.0154	0.0158	0.0000	0.0001	0.0002	0.0001	0.0004	0.0009	0.0001	0.0013	0.0014	0.0001	0.0001	0.0002	0.0001	0.0004	0.1366	-0.0005	-0.0000	1.3124	15.4622	1.0060	5.2688	0.0017	0.0017	0.0000	0.0016	0.0016	0.0000	0.0000	0.0000	0.0000	0.0000	0.0000	0.0000	0.0000	0.0000	0.0000	0.0000	0.0000	0.0000	0.1689	0.1577	0.0112	0.1073	0.1045	0.0028	0.0616	0.0532	0.0084	0.0319	0.0187	0.0131	0.0071	0.0068	0.0003	0.0248	0.0120	0.0128	29.3462	20.9796	0.6487	11.6168	11.3905	0.0000	2.8778	306.7631	0.8594	0.0003	0.0005	0.0001	0.0013	0.0014	0.0001	0.0001	0.0000	0.0001
34	90	0.2539	5	0	1	1	1	0	0	0	0	N	N	N	N	N	N	N	N	N	N	N	N	14.0966	7.1940	21.7364	76.1530	76.3649	0.2133	0.3582	0.0084	29.4161	0.0195	0.0207	0.0031	0.0303	0.0311	0.0000	0.0012	0.0007	0.0042	0.0014	0.0029	0.0001	0.0004	0.0004	0.0002	0.0032	0.0803	0.0001	0.0109	0.0855	-0.0005	-0.0000	1.3124	7.5917	1.0060	1.5198	0.0018	0.0017	0.0000	0.0017	0.0017	0.0000	0.0000	0.0000	0.0000	0.0000	0.0000	0.0000	0.0000	0.0000	0.0000	0.0000	0.0000	0.0000	0.0902	0.0842	0.0060	0.0569	0.0553	0.0016	0.0333	0.0289	0.0044	0.0156	0.0092	0.0064	0.0037	0.0035	0.0002	0.0119	0.0057	0.0062	26.0645	17.7644	21.7364	76.1530	76.3649	0.2133	1.3449	0.4158	29.4161	0.0007	0.0012	0.0001	0.0004	0.0004	0.0002	0.0009	0.0016	0.0001
34	91	0.3632	9	1	1	2	1	0	0	0	0	N	N	Y	N	N	N	N	N	N	N	N	N	0.0000	0.0000	0.0000	0.0000	0.0000	0.0000	0.0000	0.0000	0.0000	0.0000	0.0000	0.0000	0.0000	0.0000	0.0000	0.0000	0.0000	0.0000	-0.0000	0.0000	1.3124	3.0317	1.0060	0.1644	0.0000	0.0000	0.0000	0.0000	0.0000	0.0000	0.0000	0.0000	0.0000	0.0000	0.0000	0.0000	0.0000	0.0000	0.0000	0.0000	0.0000	0.0000	0.0218	0.0198	0.0020	0.0102	0.0098	0.0004	0.0116	0.0099	0.0016	0.0051	0.0030	0.0021	0.0018	0.0014	0.0004	0.0033	0.0016	0.0018	0.0000	0.0000	0.0000	0.0000	0.0000	0.0000	0.0000	0.0000	0.0000	0.0000	0.0000	0.0000	0.0000	0.0000	0.0000	0.0000	0.0000	0.0000											
34	92	0.3574	8	1	1	2	1	0	0	0	0	N	N	Y	N	N	N	N	N	N	N	N	N	379.9870	241.5905	3.8010	248.3861	210.7522	0.0000	86.6447	inf	6.3538	0.0032	0.0035	0.0000	0.0055	0.0058	0.0000	0.0001	0.0001	0.0000	0.0000	0.0000	0.0000	0.0000	0.0000	0.0000	0.0000	0.0000	0.0000	0.0002	0.0867	-0.0000	-0.0000	1.3124	2.6632	1.0060	1.0147	0.0001	0.0001	0.0000	0.0001	0.0001	0.0000	0.0000	0.0000	0.0000	0.0000	0.0000	0.0000	0.0000	0.0000	0.0000	0.0000	0.0000	0.0000	0.0257	0.0235	0.0022	0.0146	0.0139	0.0008	0.0111	0.0096	0.0015	0.0061	0.0036	0.0025	0.0021	0.0017	0.0004	0.0040	0.0019	0.0021	379.9870	267.1586	3.8010	248.3861	210.7522	0.0000	86.6447	inf	6.3538	0.0000	0.0000	0.0000	0.0000	0.0000	0.0000	0.0000	0.0000	0.0000
34	93	0.2741	7	1	1	2	1	0	0	0	0	N	N	Y	N	N	N	N	N	N	N	N	N	38.3704	10.4979	45.4536	25033.5526	21609.4148	0.0290	0.0580	0.0048	49.0530	0.6416	0.6796	0.0036	0.9555	0.9726	0.0000	0.0036	0.0035	0.0046	0.0167	0.0647	0.0001	0.0000	0.0000	0.0000	0.0621	0.7124	0.0001	0.0003	0.0069	-0.0742	-0.0002	1.3124	35.0787	1.0060	12.2568	0.2587	0.2586	0.0001	0.2582	0.2582	0.0000	0.0005	0.0004	0.0001	0.0003	0.0003	0.0000	0.0000	0.0000	0.0000	0.0003	0.0003	0.0000	0.4032	0.3806	0.0226	0.2703	0.2655	0.0047	0.1330	0.1151	0.0179	0.0696	0.0406	0.0290	0.0237	0.0188	0.0049	0.0459	0.0218	0.0242	132.1185	82.1873	45.4536	25033.5526	21609.4148	0.0290	0.4911	0.2247	49.0530	0.0049	0.0083	0.0001	0.0000	0.0000	0.0000	0.0073	0.0154	0.0001
34	94	0.2606	6	1	1	1	1	0	0	0	0	N	N	N	N	N	N	N	N	N	N	N	N	0.8287	0.6450	24.3761	3.9787	2.9391	3407.4270	0.0040	0.0023	7.3601	0.6496	0.6783	0.0014	0.8660	0.8765	0.0046	0.0038	0.0043	0.0005	0.7839	1.0515	0.0001	0.2177	0.2982	0.0000	0.9520	1.8615	0.0001	0.0001	0.0002	-0.0296	-0.0013	1.3124	8.4810	1.0060	2.3446	0.1030	0.1030	0.0000	0.1029	0.1029	0.0000	0.0002	0.0001	0.0000	0.0020	0.0020	0.0000	0.0003	0.0003	0.0000	0.0017	0.0017	0.0000	0.1586	0.1519	0.0067	0.1188	0.1174	0.0014	0.0398	0.0345	0.0053	0.0182	0.0108	0.0075	0.0064	0.0051	0.0013	0.0118	0.0057	0.0061	5.8544	3.6080	24.3761	16.3199	13.0702	3407.4270	0.0270	0.0147	7.3601	0.1110	0.1880	0.0001	0.0531	0.0671	0.0000	0.1422	0.2951	0.0001
34	95	0.1979	4	0	2	1	2	0	0	0	0	N	Y	N	Y	N	N	N	N	N	N	N	N	0.0003	0.0002	0.0273	0.0000	0.0000	0.0073	0.0017	0.0388	0.0003	0.0003	0.0006	0.0000	0.0000	0.0000	0.0008	0.0008	0.0008	1.0823	1.4877	0.0225	3.4021	3.3887	0.0000	0.1125	0.5041	0.0196	0.1429	0.0103	-0.0000	-0.0207	1.3124	24.0032	1.0060	22.6134	0.0001	0.0001	0.0000	0.0000	0.0000	0.0000	0.0001	0.0001	0.0000	0.0334	0.0331	0.0003	0.0329	0.0329	0.0000	0.0006	0.0002	0.0003	0.2311	0.2149	0.0163	0.1341	0.1309	0.0032	0.0971	0.0840	0.0131	0.0704	0.0410	0.0294	0.0135	0.0129	0.0007	0.0568	0.0281	0.0287	0.0007	0.0004	0.0529	0.0000	0.0000	0.0000	0.0850	0.1117	0.0642	0.4748	0.8064	0.0116	2.4273	2.5505	0.0000	0.0097	0.0075	0.0119	
34	96	0.6153	8	0	2	1	1	0	0	0	0	N	Y	N	N	N	N	N	N	N	N	N	N	0.0001	0.0001	0.0000	0.0005	0.0004	0.0000	0.0000	0.0000	0.0000	0.0001	0.0001	0.0000	0.0001	0.0001	0.0000	0.0000	0.0000	0.0000	0.6123	0.7908	0.0017	0.2807	0.3470	0.0000	0.6480	1.4655	0.0022	0.0001	0.0117	-0.0000	-0.0015	1.3124	18.5150	1.0060	10.2301	0.0000	0.0000	0.0000	0.0000	0.0000	0.0000	0.0000	0.0000	0.0000	0.0025	0.0025	0.0000	0.0013	0.0013	0.0000	0.0012	0.0012	0.0000	0.1362	0.1254	0.0107	0.0762	0.0736	0.0027	0.0599	0.0519	0.0081	0.0443	0.0276	0.0167	0.0210	0.0177	0.0033	0.0234	0.0100	0.0134	0.0013	0.0009	0.0000	0.0021	0.0018	0.0000	0.0000	0.0000	0.0000	0.0561	0.0889	0.0017	0.0621	0.0738	0.0000	0.0507	0.1157	0.0022
34	97	0.2271	5	0	2	1	1	0	0	0	0	N	Y	N	N	N	N	N	N	N	N	N	N	0.0228	0.0047	inf	0.0036	0.0034	0.6590	0.0310	inf	0.0005	0.0004	0.0010	0.0002	0.0002	0.0000	0.0008	0.0007	0.0013	0.0199	0.0865	0.0000	0.0558	0.0608	0.0000	0.0012	0.0227	0.0000	0.1921	0.0000	-0.0000	-0.0003	1.3124	46.1140	1.0060	26.4917	0.0002	0.0002	0.0000	0.0000	0.0000	0.0000	0.0001	0.0001	0.0000	0.0005	0.0005	0.0000	0.0005	0.0005	0.0000	0.0000	0.0000	0.0000	0.4105	0.3809	0.0296	0.2306	0.2247	0.0059	0.1799	0.1563	0.0236	0.0994	0.0597	0.0397	0.0207	0.0195	0.0012	0.0787	0.0402	0.0385	0.0830	0.0451	inf	0.0081	0.0078	0.0000	2.0175	0.9326	inf	0.0055	0.0091	0.0000	0.0247	0.0263	0.0000	0.0004	0.0008	0.0000	
34	98	0.6683	10	0	2	1	1	0	0	0	0	N	Y	N	N	N	N	N	N	N	N	N	N	4.2165	1.6799	128.4181	3.9182	2.5781	inf	0.0229	inf	0.1099	0.0021	0.0017	0.0078	0.0034	0.0026	0.0287	0.0000	0.0000	0.0000	0.0005	0.0010	0.0001	0.0009	0.0010	0.0000	0.0001	0.0000	0.0001	0.3464	0.0658	-0.0000	-0.0000	1.3124	20.7840	1.0060	8.9470	0.0003	0.0002	0.0001	0.0003	0.0002	0.0001	0.0000	0.0000	0.0000	0.0000	0.0000	0.0000	0.0000	0.0000	0.0000	0.0000	0.0000	0.0000	0.1467	0.1365	0.0102	0.0909	0.0881	0.0028	0.0558	0.0484	0.0075	0.0288	0.0179	0.0109	0.0115	0.0099	0.0016	0.0173	0.0080	0.0092	5.6961	3.0166	128.4181	3.9182	2.5781	inf	0.0570	inf	0.1099	0.0004	0.0006	0.0001	0.0009	0.0010	0.0000	0.0000	0.0000	0.0001
34	99	0.6633	9	0	1	1	1	0	0	0	0	N	N	N	N	N	N	N	N	N	N	N	N	76.2727	66.6776	0.4314	83.4450	82.8798	26.4902	0.0580	0.0169	0.0253	0.0187	0.0206	0.0001	0.0294	0.0313	0.0002	0.0000	0.0000	0.0000	0.0002	0.0003	0.0002	0.0004	0.0004	0.0000	0.0004	0.0017	0.0002	0.0005	0.5722	-0.0002	-0.0000	1.3124	2.7834	1.0060	1.0450	0.0008	0.0008	0.0000	0.0008	0.0008	0.0000	0.0000	0.0000	0.0000	0.0000	0.0000	0.0000	0.0000	0.0000	0.0000	0.0000	0.0000	0.0000	0.0425	0.0384	0.0041	0.0270	0.0254	0.0016	0.0156	0.0131	0.0025	0.0068	0.0040	0.0028	0.0028	0.0026	0.0002	0.0040	0.0014	0.0026	78.2455	80.4531	0.4314	83.4450	82.8798	26.4902	0.1541	0.8742	0.0253	0.0002	0.0003	0.0002	0.0004	0.0004	0.0000	0.0002	0.0000	0.0002
34	100	0.6533	8	0	1	1	1	0	0	0	0	N	N	N	N	N	N	N	N	N	N	N	N	203.2315	353.4425	15.9016	560.0700	451.4221	68.7571	1.6683	0.0964	8.9778	0.0134	0.0144	0.0024	0.0203	0.0214	0.0004	0.0006	0.0000	0.0036	0.0001	0.0000	0.0001	0.0000	0.0000	0.0000	0.0003	0.0005	0.0004	0.0154	1.7623	-0.0003	0.0000	1.3124	7.6044	1.0060	2.7972	0.0012	0.0012	0.0000	0.0012	0.0012	0.0000	0.0000	0.0000	0.0000	0.0000	0.0000	0.0000	0.0000	0.0000	0.0000	0.0000	0.0000	0.0000	0.0912	0.0834	0.0078	0.0590	0.0560	0.0030	0.0321	0.0273	0.0048	0.0637	0.0457	0.0180	0.0428	0.0313	0.0115	0.0209	0.0144	0.0065	203.2315	433.9206	15.9016	560.0700	451.4221	68.7571	4.5540	19.4370	8.9778	0.0001	0.0000	0.0001	0.0000	0.0000	0.0000	0.0001	0.0000	0.0004
34	101	0.6037	7	0	1	1	1	0	0	0	0	N	N	N	N	N	N	N	N	N	N	N	N	0.0010	0.0007	0.0015	0.0008	0.0007	0.0000	0.0011	0.0001	0.4037	0.0051	0.0051	0.0047	0.0082	0.0085	0.0000	0.0010	0.0001	0.0064	5.1777	7.8254	3.1248	10.6932	12.6088	19.7694	0.9092	1.7925	0.0159	0.0783	0.0495	-0.0002	-0.1239	1.3124	18.4780	1.0060	12.4520	0.0007	0.0007	0.0001	0.0007	0.0007	0.0000	0.0001	0.0000	0.0001	0.2133	0.2032	0.0101	0.2107	0.2007	0.0099	0.0026	0.0025	0.0001	0.1400	0.1290	0.0110	0.0805	0.0776	0.0029	0.0595	0.0514	0.0081	0.0412	0.0260	0.0152	0.0197	0.0159	0.0038	0.0215	0.0100	0.0114	0.0010	0.0007	0.0072	0.0008	0.0007	0.0000	0.0080	0.0004	0.6277	5.1777	7.8254	0.6612	10.6932	12.6088	2.6305	0.1208	0.2466	0.0102
34	102	0.2397	5	0	2	1	1	0	0	0	0	N	Y	N	N	N	N	N	N	N	N	N	N	0.0034	0.0025	0.1562	0.0040	0.0040	0.0706	0.0161	0.0011	0.2518	0.0014	0.0014	0.0012	0.0019	0.0020	0.0008	0.0005	0.0004	0.0013	0.4002	0.5577	0.0077	0.4787	0.4966	0.0113	0.0330	0.3701	0.0053	0.0693	0.0744	-0.0001	-0.0015	1.3124	34.1922	1.0060	22.4626	0.0005	0.0005	0.0000	0.0005	0.0005	0.0000	0.0001	0.0001	0.0000	0.0027	0.0025	0.0002	0.0023	0.0023	0.0000	0.0003	0.0002	0.0002	0.3978	0.3686	0.0292	0.2362	0.2290	0.0072	0.1615	0.1396	0.0220	0.0952	0.0590	0.0362	0.0259	0.0241	0.0019	0.0693	0.0349	0.0343	0.0486	0.0326	0.2360	0.0215	0.0205	0.0706	0.1072	0.0788	0.2805	0.0281	0.0423	0.0051	0.0900	0.0961	0.0113	0.0050	0.0051	0.0048
34	103	0.1919	4	0	2	1	1	0	0	0	0	N	Y	N	N	N	N	N	N	N	N	N	N	0.0024	0.0012	0.9002	0.0079	0.0060	3.0646	0.0015	0.0003	0.6892	0.0014	0.0009	0.0073	0.0017	0.0013	0.0170	0.0009	0.0004	0.0045	0.5716	0.7586	0.0081	0.2172	0.2121	0.0055	0.6363	1.3689	0.0065	0.6135	0.0473	0.0000	-0.0017	1.3124	22.5884	1.0060	11.0115	0.0004	0.0002	0.0001	0.0003	0.0002	0.0001	0.0001	0.0000	0.0001	0.0029	0.0028	0.0001	0.0007	0.0007	0.0000	0.0023	0.0021	0.0001	0.2513	0.2331	0.0182	0.1480	0.1439	0.0041	0.1033	0.0892	0.0141	0.0587	0.0342	0.0245	0.0124	0.0119	0.0005	0.0463	0.0223	0.0240	0.0280	0.0114	1.3562	0.0324	0.0232	3.0646	0.0192	0.0040	0.8318	0.0498	0.0816	0.0054	0.0529	0.0548	0.0055	0.0490	0.0958	0.0054
34	104	0.1618	3	0	1	1	1	0	0	0	0	N	N	N	N	N	N	N	N	N	N	N	N	0.0064	0.0046	0.0780	0.7342	2.2608	0.0200	0.0012	0.0002	0.1002	0.0020	0.0019	0.0022	0.0030	0.0030	0.0025	0.0005	0.0002	0.0021	0.3048	0.4208	0.0280	0.0040	0.0013	0.1254	0.4152	0.9783	0.0208	0.0886	0.3916	-0.0001	-0.0003	1.3124	11.8100	1.0060	8.7888	0.0003	0.0002	0.0000	0.0002	0.0002	0.0000	0.0000	0.0000	0.0000	0.0008	0.0006	0.0002	0.0000	0.0000	0.0000	0.0007	0.0005	0.0002	0.1386	0.1285	0.0101	0.0827	0.0802	0.0025	0.0559	0.0483	0.0076	0.0374	0.0216	0.0158	0.0077	0.0074	0.0003	0.0297	0.0141	0.0156	0.0955	0.0760	0.1605	0.7989	2.2608	0.0336	0.0194	0.0060	0.1648	0.0205	0.0255	0.0136	0.0037	0.0013	0.0745	0.0248	0.0383	0.0126
34	106	0.2707	7	0	2	1	1	0	0	0	0	N	Y	N	N	N	N	N	N	N	N	N	N	2.0339	0.9818	40.5100	1991.0751	1619.4589	0.0602	0.0012	41.3868	0.0053	0.0057	0.0008	0.0103	0.0106	0.0000	0.0004	0.0003	0.0010	0.0026	0.0058	0.0000	0.0000	0.0000	0.0000	0.0067	0.2695	0.0000	0.0128	0.0071	-0.0002	-0.0000	1.3124	20.0414	1.0060	7.0324	0.0008	0.0008	0.0000	0.0008	0.0008	0.0000	0.0000	0.0000	0.0000	0.0000	0.0000	0.0000	0.0000	0.0000	0.0000	0.0000	0.0000	0.0000	0.1513	0.1384	0.0128	0.0743	0.0719	0.0024	0.0769	0.0665	0.0105	0.0408	0.0236	0.0171	0.0135	0.0106	0.0029	0.0273	0.0130	0.0143	4.5710	2.8789	40.5100	1991.0751	1619.4589	0.0000	0.2366	0.0894	41.3868	0.0012	0.0020	0.0000	0.0000	0.0000	0.0000	0.0017	0.0036	0.0000	
34	107	0.2606	6	0	1	1	1	0	0	0	0	N	N	N	N	N	N	N	N	N	N	N	N	0.2792	0.2179	153.8691	19.3482	14.0016	0.0040	0.0023	163.8249	0.2259	0.2351	0.0004	0.2923	0.2956	0.0000	0.0040	0.0046	0.0005	0.8092	1.0788	0.0000	0.0151	0.0211	0.0000	1.0195	1.9560	0.0000	0.0001	0.0000	-0.0097	-0.0011	1.3124	7.0315	1.0060	1.2144	0.0337	0.0337	0.0000	0.0336	0.0336	0.0000	0.0001	0.0001	0.0000	0.0017	0.0017	0.0000	0.0000	0.0000	0.0000	0.0017	0.0017	0.0000	0.1492	0.1433	0.0058	0.1148	0.1135	0.0013	0.0343	0.0298	0.0045	0.0143	0.0085	0.0058	0.0051	0.0040	0.0011	0.0092	0.0044	0.0047	1.8632	1.1516	153.8691	30.4263	24.3971	0.0000	0.0220	0.0121	163.8249	0.1213	0.2041	0.0000	0.0096	0.0121	0.0000	0.1832	0.3787	0.0000	
34	108	0.2271	5	0	1	1	1	0	0	0	0	N	N	N	N	N	N	N	N	N	N	N	N	0.0667	0.0430	263.5327	3.6667	3.6717	0.0000	0.0010	0.0006	326.5037	1.9053	2.0466	0.0006	3.2473	3.3211	0.0000	0.0352	0.0406	0.0007	28.5784	47.6392	0.0000	0.8856	0.9045	0.0000	36.5049	72.3284	0.0000	0.0000	0.0000	-0.0921	-0.5841	1.3124	16.2725	1.0060	4.4748	0.3209	0.3209	0.0000	0.3184	0.3184	0.0000	0.0025	0.0025	0.0000	0.9296	0.9296	0.0000	0.0012	0.0012	0.0000	0.9284	0.9284	0.0000	0.1684	0.1568	0.0116	0.0980	0.0959	0.0022	0.0704	0.0609	0.0095	0.0325	0.0195	0.0130	0.0071	0.0067	0.0004	0.0254	0.0128	0.0126	0.0667	0.0430	263.5327	19.3832	18.6552	0.0000	0.0010	0.0006	326.5037	28.5784	47.6392	0.0000	0.1675	0.1780	0.0000	36.5049	72.3284	0.0000
34	109	0.2798	6	0	2	1	1	0	0	0	0	N	Y	N	N	N	N	N	N	N	N	N	N	0.4688	0.2184	7.9832	0.1693	0.1342	10.3491	3.9498	2.3372	3.6570	0.0006	0.0006	0.0012	0.0005	0.0004	0.0032	0.0008	0.0008	0.0005	0.0013	0.0025	0.0001	0.0028	0.0030	0.0003	0.0002	0.0003	0.0001	0.1548	0.0942	-0.0000	-0.0000	1.3124	40.5309	1.0060	14.7974	0.0002	0.0002	0.0000	0.0001	0.0001	0.0000	0.0001	0.0001	0.0000	0.0001	0.0000	0.0000	0.0001	0.0000	0.0000	0.0000	0.0000	0.0000	0.3733	0.3475	0.0258	0.2233	0.2171	0.0062	0.1500	0.1305	0.0196	0.0790	0.0467	0.0323	0.0177	0.0167	0.0010	0.0613	0.0300	0.0312	0.8672	0.5220	7.9832	0.1693	0.1342	10.3491	10.7753	556.2220	3.6570	0.0007	0.0011	0.0001	0.0028	0.0030	0.0003	0.0001	0.0000	0.0001
34	110	0.2539	5	0	2	1	1	0	0	0	0	N	Y	N	N	N	N	N	N	N	N	N	N	0.2713	0.1277	0.8817	1.8577	1.8353	1.0345	0.0884	0.0032	0.3617	0.0015	0.0016	0.0001	0.0018	0.0018	0.0003	0.0010	0.0011	0.0000	0.0055	0.0124	0.0001	0.0010	0.0010	0.0003	0.0112	0.3544	0.0001	0.0044	0.0223	-0.0001	-0.0000	1.3124	13.5236	1.0060	3.5331	0.0002	0.0002	0.0000	0.0002	0.0002	0.0000	0.0001	0.0001	0.0000	0.0001	0.0001	0.0000	0.0000	0.0000	0.0000	0.0001	0.0000	0.0000	0.1472	0.1373	0.0099	0.0910	0.0886	0.0024	0.0562	0.0487	0.0075	0.0272	0.0160	0.0113	0.0060	0.0057	0.0003	0.0212	0.0102	0.0110	0.7177	0.4592	0.8817	1.8577	1.8353	1.0345	0.4162	0.2358	0.3617	0.0021	0.0035	0.0001	0.0010	0.0010	0.0003	0.0024	0.0048	0.0001
34	111	0.1979	4	0	1	1	1	0	0	0	0	N	N	N	N	N	N	N	N	N	N	N	N	1.0578	0.4912	1.1984	0.3934	0.3839	inf	18.4785	1.9471	1.4341	0.0010	0.0011	0.0001	0.0011	0.0012	0.0000	0.0009	0.0010	0.0001	0.0010	0.0023	0.0000	0.0029	0.0030	0.0000	0.0000	0.0005	0.0000	0.0036	0.0323	-0.0000	-0.0000	1.3124	16.9399	1.0060	15.9768	0.0002	0.0002	0.0000	0.0001	0.0001	0.0000	0.0001	0.0001	0.0000	0.0000	0.0000	0.0000	0.0000	0.0000	0.0000	0.0000	0.0000	0.0000	0.1683	0.1565	0.0117	0.0985	0.0963	0.0023	0.0697	0.0603	0.0095	0.0521	0.0305	0.0216	0.0103	0.0098	0.0005	0.0418	0.0207	0.0211	1.7708	1.1456	1.1984	0.3934	0.3839	inf	37.4409	371.5424	1.4341	0.0006	0.0010	0.0000	0.0029	0.0030	0.0000	0.0000	0.0000	0.0000
34	112	0.3023	8	1	2	1	2	0	0	0	0	N	Y	N	Y	N	N	N	N	N	N	N	N	0.0001	0.0001	0.0000	0.0000	0.0002	0.0001	0.0000	0.0000	0.0000	0.0000	0.0000	0.0000	0.0001	0.0001	0.0000	0.4307	0.6036	0.0000	0.0816	0.0939	0.0000	0.5014	1.1703	0.0000	0.0000	0.0000	-0.0000	-0.0001	1.3124	0.0019	1.0060	1.9928	0.0000	0.0000	0.0000	0.0000	0.0000	0.0000	0.0000	0.0000	0.0000	0.0001	0.0001	0.0000	0.0000	0.0000	0.0000	0.0001	0.0001	0.0000	0.0000	0.0000	0.0000	0.0000	0.0000	0.0000	0.0000	0.0000	0.0000	0.0031	0.0020	0.0011	0.0009	0.0009	0.0001	0.0022	0.0011	0.0010	0.0013	0.0009	0.0000	0.0000	0.0000	0.0000	0.0029	0.0019	0.0000	0.0318	0.0497	0.0000	0.0318	0.0348	0.0000	0.0318	0.0609	0.0000			
34	113	0.2787	7	1	2	1	2	0	0	0	0	N	Y	N	Y	N	N	N	N	N	N	N	N	0.5881	0.3063	2.8518	0.0002	0.0002	0.0000	19.9798	0.6025	3.7656	0.0004	0.0004	0.0000	0.0000	0.0000	0.0000	0.0010	0.0012	0.0000	0.0007	0.0015	0.0000	0.0016	0.0018	0.0000	0.0001	0.0020	0.0000	0.0005	0.0008	-0.0000	-0.0000	1.3124	8.6942	1.0060	6.0502	0.0000	0.0000	0.0000	0.0000	0.0000	0.0000	0.0000	0.0000	0.0000	0.0000	0.0000	0.0000	0.0000	0.0000	0.0000	0.0000	0.0000	0.0000	0.0968	0.0894	0.0073	0.0582	0.0569	0.0013	0.0386	0.0325	0.0061	0.0231	0.0143	0.0088	0.0061	0.0057	0.0004	0.0170	0.0086	0.0084	0.9115	0.6105	2.8518	0.0002	0.0002	0.0000	41.6053	25.4955	3.7656	0.0005	0.0007	0.0000	0.0016	0.0018	0.0000	0.0000	0.0000	0.0000
34	114	0.2999	11	0	2	1	2	0	0	0	0	N	Y	N	Y	N	N	N	N	N	N	N	N	0.0000	0.0000	0.0000	0.0000	0.0000	0.0000	0.0000	0.0000	0.0000	0.0000	0.0000	0.0000	0.0000	0.0000	0.0000	0.0000	0.0000	0.0000	0.0000	0.0000	1.3124	0.0001	1.0060	0.0001	0.0000	0.0000	0.0000	0.0000	0.0000	0.0000	0.0000	0.0000	0.0000	0.0000	0.0000	0.0000	0.0000	0.0000	0.0000	0.0000	0.0000	0.0000	0.0000	0.0000	0.0000	0.0000	0.0000	0.0000	0.0000	0.0000	0.0000	0.0000	0.0000	0.0000	0.0000	0.0000	0.0000	0.0000	0.0000	0.0000	0.0000	0.0000	0.0000	0.0000	0.0000	0.0000	0.0000	0.0000	0.0000	0.0000	0.0000	0.0000	0.0000	0.0000	0.0000	0.0000	0.0000	0.0000											
34	115	0.2932	10	0	2	1	2	0	0	0	0	N	Y	N	Y	N	N	N	N	N	N	N	N	0.0000	0.0000	0.0000	0.0000	0.0000	0.0000	0.0000	0.0000	0.0000	0.0000	0.0000	0.0000	0.0000	0.0000	0.0000	0.0000	0.0000	0.0000	0.0000	0.0000	0.0003	0.0000	0.0000	0.0000	inf	0.0000	0.0000	1.3124	3.0007	1.0060	1.0012	0.0000	0.0000	0.0000	0.0000	0.0000	0.0000	0.0000	0.0000	0.0000	0.0000	0.0000	0.0000	0.0000	0.0000	0.0000	0.0000	0.0000	0.0000	0.0317	0.0297	0.0020	0.0199	0.0194	0.0005	0.0118	0.0102	0.0016	0.0061	0.0038	0.0023	0.0016	0.0015	0.0001	0.0044	0.0023	0.0022	0.0000	0.0000	0.0000	0.0000	0.0000	0.0000	0.0000	0.0000	0.0000	0.0000	0.0000	0.0000	0.0000	0.0000	0.0003	0.0000	0.0000	0.0000				
34	116	0.2913	9	0	1	1	2	0	0	0	0	N	N	N	Y	N	N	N	N	N	N	N	N	0.0000	0.0000	0.0000	0.0000	0.0000	0.0000	0.0000	0.0000	0.0000	0.0000	0.0000	0.0000	0.0000	0.0000	0.0001	0.0000	0.0001	0.0002	0.0000	0.0000	0.0000	0.0000	0.0061	-0.0000	-0.0000	1.3124	1.1177	1.0060	0.0023	0.0000	0.0000	0.0000	0.0000	0.0000	0.0000	0.0000	0.0000	0.0000	0.0000	0.0000	0.0000	0.0000	0.0000	0.0000	0.0000	0.0000	0.0000	0.0122	0.0115	0.0008	0.0078	0.0076	0.0002	0.0044	0.0038	0.0006	0.0017	0.0011	0.0006	0.0005	0.0004	0.0000	0.0013	0.0006	0.0006	0.0000	0.0000	0.0000	0.0000	0.0000	0.0000	0.0000	0.0000	0.0000	0.0000	0.0001	0.0000	0.0001	0.0002	0.0000	0.0000	0.0000	0.0000						
34	117	0.2883	5	0	2	1	1	0	0	0	0	N	Y	N	N	N	N	N	N	N	N	N	N	317.7152	147.4179	46.1106	846.6144	695.9732	0.0000	0.9289	0.0398	52.0501	0.2755	0.2884	0.0015	0.3715	0.3769	0.0000	0.0017	0.0017	0.0020	0.0009	0.0020	0.0000	0.0004	0.0005	0.0000	0.0019	0.0422	0.0000	0.0002	0.0268	-0.0348	-0.0000	1.3124	31.2782	1.0060	23.9277	0.1214	0.1214	0.0000	0.1212	0.1212	0.0000	0.0002	0.0002	0.0000	0.0000	0.0000	0.0000	0.0000	0.0000	0.0000	0.0000	0.0000	0.0000	0.4406	0.4209	0.0197	0.3263	0.3216	0.0047	0.1144	0.0993	0.0150	0.0812	0.0476	0.0336	0.0262	0.0212	0.0050	0.0549	0.0263	0.0286	524.9671	330.7980	46.1106	846.6144	695.9732	0.0000	3.0430	1.4755	52.0501	0.0005	0.0009	0.0000	0.0004	0.0005	0.0000	0.0006	0.0011	0.0000
34	118	0.2913	9	0	1	2	2	0	0	0	0	N	N	Y	Y	N	N	N	N	N	N	N	N	inf	inf	inf	inf	0.0005	0.0005	0.0000	0.0000	0.0000	0.0000	0.0013	0.0015	0.0000	0.0000	0.0000	0.0000	0.0000	0.0000	0.0000	0.0000	0.0000	0.0000	0.0000	-0.0000	0.0000	1.3124	3.8827	1.0060	2.9998	0.0000	0.0000	0.0000	0.0000	0.0000	0.0000	0.0000	0.0000	0.0000	0.0000	0.0000	0.0000	0.0000	0.0000	0.0000	0.0000	0.0000	0.0000	0.0412	0.0385	0.0026	0.0259	0.0253	0.0006	0.0153	0.0132	0.0020	0.0103	0.0064	0.0039	0.0028	0.0025	0.0002	0.0076	0.0039	0.0037	inf	inf	0.0000	0.0000	0.0000	0.0000	inf	inf	0.0000	0.0000	0.0000	0.0000	0.0000	0.0000	0.0000	0.0000	0.0000	0.0000						
34	119	0.2884	8	0	1	1	2	0	0	0	0	N	N	N	Y	N	N	N	N	N	N	N	N	0.0783	0.0845	0.0000	0.2801	inf	0.0000	0.0000	0.0000	0.0000	0.0000	0.0000	0.0000	0.0000	0.0000	0.0000	0.0000	0.0000	0.0000	0.0000	0.0000	0.0000	0.0000	0.0000	0.0000	0.6364	-0.0000	-0.0000	1.3124	2.8083	1.0060	0.0030	0.0000	0.0000	0.0000	0.0000	0.0000	0.0000	0.0000	0.0000	0.0000	0.0000	0.0000	0.0000	0.0000	0.0000	0.0000	0.0000	0.0000	0.0000	0.0336	0.0315	0.0021	0.0212	0.0207	0.0005	0.0124	0.0108	0.0016	0.0043	0.0027	0.0016	0.0011	0.0011	0.0001	0.0032	0.0016	0.0016	0.0783	0.0845	0.0000	0.0000	0.0000	0.0000	0.2801	inf	0.0000	0.0000	0.0000	0.0000	0.0000	0.0000	0.0000	0.0000	0.0000	0.0000				
34	120	0.2884	8	0	1	2	2	0	0	0	0	N	N	Y	Y	N	N	N	N	N	N	N	N	0.0000	0.0000	0.0000	0.0000	0.0000	0.0000	0.0000	0.0000	0.0000	0.0000	0.0000	0.0000	0.0000	0.0000	0.0000	0.0000	0.0000	0.0000	0.0000	0.0000	-0.0000	-0.0000	1.3124	9.6158	1.0060	0.0030	0.0000	0.0000	0.0000	0.0000	0.0000	0.0000	0.0000	0.0000	0.0000	0.0000	0.0000	0.0000	0.0000	0.0000	0.0000	0.0000	0.0000	0.0000	0.1024	0.0957	0.0067	0.0635	0.0620	0.0015	0.0389	0.0337	0.0051	0.0145	0.0089	0.0055	0.0038	0.0035	0.0003	0.0106	0.0054	0.0052	0.0000	0.0000	0.0000	0.0000	0.0000	0.0000	0.0000	0.0000	0.0000	0.0000	0.0000	0.0000	0.0000	0.0000	0.0000	0.0000	0.0000	0.0000									
34	121	0.2787	7	0	1	1	2	0	0	0	0	N	N	N	Y	N	N	N	N	N	N	N	N	7.2955	10.0961	0.1120	0.3940	0.3814	6.1048	0.4153	0.1249	0.0002	0.0002	0.0000	0.0000	0.0000	0.0000	0.0005	0.0006	0.0000	0.0000	0.0000	0.0000	0.0000	0.0000	0.0000	0.0001	0.0014	0.0000	0.0020	1.3553	-0.0000	-0.0000	1.3124	4.2457	1.0060	2.0144	0.0000	0.0000	0.0000	0.0000	0.0000	0.0000	0.0000	0.0000	0.0000	0.0000	0.0000	0.0000	0.0000	0.0000	0.0000	0.0000	0.0000	0.0000	0.0522	0.0478	0.0044	0.0312	0.0306	0.0006	0.0210	0.0172	0.0038	0.0106	0.0066	0.0040	0.0030	0.0028	0.0002	0.0076	0.0038	0.0038	7.2955	11.6878	0.1120	0.3940	0.3814	0.0000	14.9405	27.3970	0.1249	0.0000	0.0000	0.0000	0.0000	0.0000	0.0000	0.0000	0.0000	0.0000	
34	122	0.2366	6	0	1	1	2	0	0	0	0	N	N	N	Y	N	N	N	N	N	N	N	N	0.0502	0.0002	3590.6874	0.0001	0.0001	0.0000	0.1439	0.0000	4641.7387	0.0002	0.0000	0.0031	0.0000	0.0000	0.0000	0.0006	0.0000	0.0038	0.0047	0.0105	0.0000	0.0056	0.0063	0.0000	0.0040	0.1220	0.0000	131.7448	0.0002	0.0000	-0.0000	1.3124	11.9190	1.0060	13.1740	0.0000	0.0000	0.0000	0.0000	0.0000	0.0000	0.0000	0.0000	0.0000	0.0001	0.0001	0.0000	0.0000	0.0000	0.0000	0.0000	0.0000	0.0000	0.1298	0.1202	0.0096	0.0769	0.0752	0.0017	0.0529	0.0450	0.0079	0.0376	0.0226	0.0150	0.0082	0.0077	0.0005	0.0294	0.0148	0.0146	0.1289	0.0006	3590.6874	0.0001	0.0001	0.0000	0.5620	0.0020	4641.7387	0.0018	0.0030	0.0000	0.0047	0.0049	0.0000	0.0010	0.0020	0.0000
34	123	0.6635	10	0	1	2	2	0	0	0	0	N	N	Y	Y	N	N	N	N	N	N	N	N	225.6590	412.0600	0.0000	0.0000	0.0000	552.0114	inf	0.0000	0.0001	0.0001	0.0000	0.0000	0.0000	0.0000	0.0002	0.0003	0.0000	0.0000	0.0000	0.0000	0.0000	0.0000	0.0000	0.0000	0.0000	0.0000	0.0000	1.6786	-0.0000	-0.0000	1.3124	12.8936	1.0060	4.1514	0.0000	0.0000	0.0000	0.0000	0.0000	0.0000	0.0000	0.0000	0.0000	0.0000	0.0000	0.0000	0.0000	0.0000	0.0000	0.0000	0.0000	0.0000	0.0971	0.0898	0.0073	0.0566	0.0546	0.0019	0.0405	0.0351	0.0054	0.0164	0.0104	0.0061	0.0064	0.0057	0.0007	0.0101	0.0047	0.0054	225.6590	412.0600	0.0000	0.0000	0.0000	0.0000	552.0114	inf	0.0000	0.0000	0.0000	0.0000	0.0000	0.0000	0.0000	0.0000	0.0000	0.0000	
34	124	0.2519	7	0	2	1	1	0	0	0	0	N	Y	N	N	N	N	N	N	N	N	N	N	0.0685	0.0339	0.0068	0.0342	0.0330	0.0000	0.0014	0.0000	0.0083	0.0000	0.0000	0.0000	0.0000	0.0000	0.0000	0.0000	0.0000	0.0000	0.0004	0.0008	0.0000	0.0012	0.0013	0.0000	0.0001	0.0002	0.0000	0.0008	0.0668	-0.0000	-0.0000	1.3124	12.7386	1.0060	8.7370	0.0000	0.0000	0.0000	0.0000	0.0000	0.0000	0.0000	0.0000	0.0000	0.0000	0.0000	0.0000	0.0000	0.0000	0.0000	0.0000	0.0000	0.0000	0.1324	0.1236	0.0088	0.0801	0.0783	0.0018	0.0522	0.0453	0.0069	0.0331	0.0200	0.0132	0.0077	0.0073	0.0004	0.0254	0.0127	0.0128	0.0833	0.0572	0.0068	0.0342	0.0330	0.0000	0.0029	0.0000	0.0083	0.0003	0.0005	0.0000	0.0012	0.0013	0.0000	0.0000	0.0000	0.0000
34	125	0.2366	6	0	2	1	1	0	0	0	0	N	Y	N	N	N	N	N	N	N	N	N	N	0.0054	0.0024	0.7856	0.0049	0.0045	0.0000	0.0014	0.0000	0.9156	0.0000	0.0000	0.0000	0.0001	0.0001	0.0000	0.0000	0.0000	0.0000	0.0065	0.0154	0.0000	0.0116	0.0131	0.0000	0.0028	0.0692	0.0000	0.0318	0.0031	-0.0000	-0.0000	1.3124	8.6431	1.0060	1.4782	0.0000	0.0000	0.0000	0.0000	0.0000	0.0000	0.0000	0.0000	0.0000	0.0000	0.0000	0.0000	0.0000	0.0000	0.0000	0.0000	0.0000	0.0000	0.0983	0.0908	0.0075	0.0582	0.0570	0.0012	0.0401	0.0338	0.0063	0.0160	0.0096	0.0064	0.0036	0.0034	0.0002	0.0124	0.0062	0.0062	0.0148	0.0093	0.7856	0.0071	0.0069	0.0000	0.0050	0.0009	0.9156	0.0024	0.0040	0.0000	0.0080	0.0085	0.0000	0.0008	0.0015	0.0000
34	126	0.2271	5	0	1	1	1	0	0	0	0	N	N	N	N	N	N	N	N	N	N	N	N	0.0007	0.0004	52.4084	0.0005	0.0005	0.0000	0.0175	0.0000	62.8791	0.0004	0.0003	0.0020	0.0005	0.0005	0.0000	0.0003	0.0000	0.0025	0.5711	0.7618	0.0000	0.9986	1.0155	0.0000	0.0188	0.4800	0.0000	0.5113	0.0003	0.0000	-0.0003	1.3124	4.1618	1.0060	2.0491	0.0000	0.0000	0.0000	0.0000	0.0000	0.0000	0.0000	0.0000	0.0000	0.0005	0.0005	0.0000	0.0005	0.0005	0.0000	0.0000	0.0000	0.0000	0.0504	0.0471	0.0034	0.0294	0.0288	0.0006	0.0210	0.0182	0.0028	0.0107	0.0064	0.0043	0.0025	0.0024	0.0002	0.0082	0.0040	0.0041	0.0081	0.0034	52.4084	0.0023	0.0022	0.0000	0.0942	0.0004	62.8791	0.0497	0.0827	0.0000	0.1980	0.2108	0.0000	0.0035	0.0070	0.0000
34	127	0.1979	4	0	1	1	1	0	0	0	0	N	N	N	N	N	N	N	N	N	N	N	N	0.0018	0.0003	2613.5487	0.0200	0.0187	0.0023	0.0000	3154.1132	0.0005	0.0001	0.0049	0.0002	0.0002	0.0000	0.0008	0.0000	0.0061	0.2699	0.4874	0.0000	0.0113	0.0124	0.0000	0.3589	1.0192	0.0000	2.4982	0.0000	0.0000	-0.0003	1.3124	9.4810	1.0060	7.4917	0.0000	0.0000	0.0000	0.0000	0.0000	0.0000	0.0000	0.0000	0.0000	0.0006	0.0006	0.0000	0.0000	0.0000	0.0000	0.0005	0.0005	0.0000	0.0974	0.0907	0.0067	0.0576	0.0563	0.0013	0.0398	0.0343	0.0055	0.0292	0.0173	0.0118	0.0062	0.0059	0.0003	0.0230	0.0115	0.0116	0.0253	0.0046	2613.5487	0.0291	0.0286	0.0000	0.0384	0.0002	3154.1132	0.0189	0.0317	0.0000	0.0078	0.0081	0.0000	0.0218	0.0439	0.0000	
34	128	0.6758	11	1	2	1	1	0	0	0	0	N	Y	N	N	N	N	N	N	N	N	N	N	0.0000	0.0000	0.0000	0.0000	0.0000	0.0000	0.0000	0.0000	0.0000	0.0000	0.0000	0.0000	0.0000	0.0000	0.0000	0.0000	0.0000	0.0000	0.0000	0.0000	1.3124	2.0107	1.0060	1.9995	0.0000	0.0000	0.0000	0.0000	0.0000	0.0000	0.0000	0.0000	0.0000	0.0000	0.0000	0.0000	0.0000	0.0000	0.0000	0.0000	0.0000	0.0000	0.0145	0.0134	0.0011	0.0086	0.0083	0.0003	0.0058	0.0050	0.0008	0.0037	0.0024	0.0013	0.0016	0.0014	0.0002	0.0022	0.0010	0.0012	0.0000	0.0000	0.0000	0.0000	0.0000	0.0000	0.0000	0.0000	0.0000	0.0000	0.0000	0.0000	0.0000	0.0000	0.0000	0.0000	0.0000	0.0000											
34	129	0.6635	10	1	2	1	1	0	0	0	0	N	Y	N	N	N	N	N	N	N	N	N	N	0.0000	0.0000	0.0000	0.0000	0.0000	0.0000	0.0000	0.0000	0.0000	0.0000	0.0000	0.0000	0.0000	0.0000	0.0000	0.0000	0.0000	0.0000	0.0000	0.0000	0.0000	0.0000	0.0000	0.0000	0.0000	1.3794	0.0000	-0.0000	1.3124	5.6459	1.0060	1.1399	0.0000	0.0000	0.0000	0.0000	0.0000	0.0000	0.0000	0.0000	0.0000	0.0000	0.0000	0.0000	0.0000	0.0000	0.0000	0.0000	0.0000	0.0000	0.0468	0.0434	0.0034	0.0276	0.0267	0.0009	0.0193	0.0168	0.0025	0.0068	0.0043	0.0025	0.0026	0.0024	0.0003	0.0041	0.0019	0.0022	0.0000	0.0000	0.0000	0.0000	0.0000	0.0000	0.0000	0.0000	0.0000	0.0000	0.0000	0.0000	0.0000	0.0000	0.0000	0.0000	0.0000	0.0000			
34	130	0.6332	9	0	1	1	1	0	0	0	0	N	N	N	N	N	N	N	N	N	N	N	N	0.0197	0.0024	1.5341	0.0003	0.0002	0.0023	0.1519	0.0363	1.8646	0.0003	0.0001	0.0024	0.0000	0.0000	0.0000	0.0006	0.0002	0.0033	0.0137	0.0299	0.0016	0.0126	0.0156	0.0006	0.0042	0.0050	0.0018	3.1011	0.1610	0.0000	-0.0000	1.3124	11.6079	1.0060	5.3766	0.0000	0.0000	0.0000	0.0000	0.0000	0.0000	0.0000	0.0000	0.0000	0.0001	0.0001	0.0000	0.0001	0.0001	0.0000	0.0000	0.0000	0.0000	0.0974	0.0892	0.0082	0.0569	0.0546	0.0023	0.0405	0.0346	0.0059	0.0229	0.0143	0.0086	0.0100	0.0086	0.0015	0.0128	0.0057	0.0071	0.0630	0.0122	1.5341	0.0004	0.0004	0.0023	0.5973	0.9729	1.8646	0.0043	0.0059	0.0016	0.0084	0.0097	0.0006	0.0011	0.0002	0.0018
34	131	0.6153	8	0	1	1	1	0	0	0	0	N	N	N	N	N	N	N	N	N	N	N	N	0.0001	0.0001	0.0000	0.0000	0.0000	0.0000	0.0004	0.0002	0.0022	0.0001	0.0001	0.0001	0.0000	0.0000	0.0000	0.0003	0.0003	0.0001	1.0023	1.2636	2.0310	1.9682	1.6653	12.5241	0.7349	1.5149	0.0458	0.0461	0.4745	-0.0000	-0.0027	1.3124	3.9355	1.0060	8.7078	0.0000	0.0000	0.0000	0.0000	0.0000	0.0000	0.0000	0.0000	0.0000	0.0088	0.0059	0.0028	0.0078	0.0052	0.0026	0.0009	0.0007	0.0002	0.0348	0.0321	0.0027	0.0196	0.0189	0.0006	0.0153	0.0132	0.0021	0.0275	0.0173	0.0101	0.0134	0.0117	0.0017	0.0141	0.0056	0.0085	0.0004	0.0004	0.0003	0.0001	0.0001	0.0000	0.0039	0.0022	0.0042	0.3190	0.3430	0.2779	0.5832	0.4435	1.5623	0.0669	0.1320	0.0239
34	132	0.6037	7	0	1	1	1	0	0	0	0	N	N	N	N	N	N	N	N	N	N	N	N	0.0002	0.0001	0.0001	0.0001	0.0002	0.0000	0.0001	0.0000	0.0110	0.0002	0.0002	0.0002	0.0003	0.0003	0.0000	0.0001	0.0000	0.0002	1.0820	1.4161	1.3877	2.0177	1.9399	4.1123	1.1340	2.1203	0.0221	0.0746	0.1533	-0.0000	-0.0045	1.3124	6.2657	1.0060	3.9760	0.0000	0.0000	0.0000	0.0000	0.0000	0.0000	0.0000	0.0000	0.0000	0.0091	0.0079	0.0012	0.0061	0.0049	0.0011	0.0031	0.0030	0.0001	0.0559	0.0516	0.0043	0.0330	0.0319	0.0012	0.0229	0.0197	0.0032	0.0194	0.0127	0.0067	0.0098	0.0082	0.0016	0.0096	0.0045	0.0051	0.0004	0.0003	0.0010	0.0005	0.0005	0.0000	0.0002	0.0001	0.0184	0.4714	0.6261	0.1805	0.6195	0.6022	0.7069	0.3192	0.6702	0.0131
34	133	0.5264	6	0	1	1	1	0	0	0	0	N	N	N	N	N	N	N	N	N	N	N	N	0.0056	0.0050	0.0004	0.0078	0.0089	0.0000	0.0008	0.0003	0.0556	0.0042	0.0045	0.0001	0.0072	0.0074	0.0000	0.0003	0.0003	0.0001	0.7425	0.9014	0.2174	0.9171	0.8308	0.8218	0.3543	1.0347	0.0020	0.0016	0.2704	-0.0002	-0.0026	1.3124	26.7012	1.0060	18.2690	0.0008	0.0008	0.0000	0.0008	0.0008	0.0000	0.0000	0.0000	0.0000	0.0062	0.0049	0.0013	0.0054	0.0042	0.0013	0.0008	0.0007	0.0000	0.2023	0.1863	0.0160	0.1137	0.1097	0.0040	0.0886	0.0766	0.0121	0.0666	0.0422	0.0245	0.0307	0.0256	0.0051	0.0359	0.0166	0.0194	0.0445	0.0388	0.0015	0.0404	0.0457	0.0000	0.0134	0.0071	0.0556	0.0933	0.1160	0.0541	0.1772	0.1623	0.2524	0.0215	0.0445	0.0020
34	134	0.2883	5	0	1	1	1	0	0	0	0	N	N	N	N	N	N	N	N	N	N	N	N	0.5542	0.4490	0.0331	1.6249	1.9532	0.0000	0.0111	0.0059	1.6515	0.3629	0.3851	0.0009	0.5467	0.5584	0.0000	0.0080	0.0090	0.0011	0.6547	0.8576	0.0261	0.3365	0.2859	0.1592	0.7183	1.5138	0.0007	0.0001	0.0910	-0.0630	-0.0049	1.3124	61.4372	1.0060	55.8589	0.2195	0.2195	0.0000	0.2179	0.2179	0.0000	0.0016	0.0016	0.0000	0.0091	0.0083	0.0008	0.0028	0.0021	0.0007	0.0062	0.0062	0.0000	0.6049	0.5700	0.0350	0.3985	0.3901	0.0083	0.2065	0.1798	0.0266	0.1379	0.0795	0.0585	0.0403	0.0321	0.0083	0.0976	0.0474	0.0502	5.5204	3.6812	0.0668	7.7691	8.4629	0.0001	0.1250	0.0687	1.6515	0.0657	0.1046	0.0129	0.0704	0.0660	0.0874	0.0638	0.1308	0.0007
34	135	0.1979	4	0	1	1	1	0	0	0	0	N	N	N	N	N	N	N	N	N	N	N	N	0.0333	0.0209	0.0168	1.6150	1.6143	0.0000	0.0005	0.0003	0.0235	0.4103	0.4416	0.0019	0.7089	0.7267	0.0000	0.0079	0.0088	0.0024	12.3050	21.0969	0.1124	0.4390	0.4502	0.0022	15.2004	30.6605	0.1004	0.0003	0.0013	-0.0348	-0.5801	1.3124	31.7621	1.0060	18.5886	0.1214	0.1214	0.0000	0.1204	0.1204	0.0000	0.0010	0.0010	0.0000	0.9251	0.9239	0.0012	0.0012	0.0012	0.0000	0.9239	0.9226	0.0012	0.2959	0.2748	0.0211	0.1698	0.1657	0.0042	0.1260	0.1091	0.0169	0.0752	0.0438	0.0314	0.0144	0.0137	0.0007	0.0608	0.0301	0.0307	0.0333	0.0209	0.0489	8.4318	8.2327	0.0000	0.0005	0.0003	0.0597	12.3050	21.0969	0.0387	0.0841	0.0883	0.0022	15.2004	30.6605	0.0395
35	36	0.2169	5	0	1	0	1	0	0	0	0	N	N	N	N	N	N	N	N	N	N	N	N	0.5353	0.1562	17292.2470	0.9251	0.9886	0.4509	0.4978	0.1068	24122.8148	0.8929	0.4983	3.9838	0.5951	0.6407	0.0011	0.9930	0.4474	4.7345	1.6681	3.1906	0.0002	0.6432	0.6481	0.0024	1.9949	4.1878	0.0002	1.0205	0.0001	0.8615	-1.2509	53.2438	17.9460	16.6757	11.6991	3.9528	1.9564	1.9965	0.6628	0.6627	0.0001	3.2900	1.2937	1.9964	1.9910	1.9909	0.0001	0.0191	0.0191	0.0000	1.9719	1.9717	0.0001	4.4269	3.9258	0.5011	1.1138	1.0343	0.0795	3.3131	2.8914	0.4217	1.1959	0.6240	0.5720	0.1621	0.1532	0.0089	1.0338	0.4708	0.5630	0.5364	0.1562	17292.2470	5.0429	5.1360	0.4509	0.5207	0.1068	24122.8148	1.6648	3.1906	0.0002	0.1180	0.1247	0.0024	1.9073	4.1878	0.0002
35	37	0.6724	10	1	1	0	1	0	0	0	0	N	N	N	N	N	N	N	N	N	N	N	N	10.4814	7.6215	10.2931	9.5661	0.0000	0.0000	0.0000	0.0000	0.0000	0.0000	0.0000	0.0000	0.0000	0.0000	0.0000	0.0000	0.0000	0.0000	0.0000	0.0000	0.0000	0.0000	0.0000	0.0370	-0.0000	-0.0000	53.2438	1.9903	16.6757	0.0021	0.0000	0.0000	0.0000	0.0000	0.0000	0.0000	0.0000	0.0000	0.0000	0.0000	0.0000	0.0000	0.0000	0.0000	0.0000	0.0000	0.0000	0.0000	0.4148	0.3728	0.0421	0.1626	0.1538	0.0089	0.2522	0.2190	0.0332	0.0538	0.0339	0.0199	0.0200	0.0175	0.0024	0.0338	0.0163	0.0175	10.4814	7.6215	0.0000	10.2931	9.5661	0.0000	0.0000	0.0000	0.0000	0.0000	0.0000	0.0000	0.0000	0.0000	0.0000	0.0000	0.0000	0.0000					
35	40	0.3203	6	0	0	1	1	0	0	0	0	N	N	N	N	N	N	N	N	N	N	N	N	0.6325	0.4278	200.6258	0.0281	0.0278	0.2683	5.5390	1.1176	711.1185	0.7770	0.7305	1.1524	0.1170	0.1211	0.0161	0.9660	0.9236	1.2474	1.2285	1.7076	0.0057	4.1666	4.3620	0.0599	0.1744	0.8264	0.0018	0.1954	0.0021	-0.2883	-0.4797	53.2438	12.6411	16.6757	7.4648	2.3320	1.9507	0.3812	0.0782	0.0778	0.0004	2.2538	1.8729	0.3808	0.7660	0.7644	0.0016	0.7573	0.7563	0.0010	0.0087	0.0080	0.0006	3.0013	2.6705	0.3308	0.6682	0.6426	0.0255	2.3332	2.0279	0.3053	0.9150	0.5230	0.3920	0.2061	0.1844	0.0217	0.7089	0.3385	0.3703	0.9281	0.4998	277.3430	0.0319	0.0295	0.3561	78.7756	38.8748	711.1185	0.8372	1.4617	0.0042	3.6739	4.1006	0.0451	0.0123	0.0238	0.0018
35	41	0.6599	8	0	1	0	1	0	0	0	0	N	N	N	N	N	N	N	N	N	N	N	N	154.7886	36.4942	4282.4570	95.3730	88.5414	120.4762	574.6308	32.0671	7066.6647	0.6629	0.2423	4.3083	0.5223	0.5321	0.3738	0.7518	0.0447	5.4931	0.0043	0.0066	0.0010	0.0055	0.0060	0.0031	0.0013	0.0014	0.0008	2.0521	0.3217	1.1983	-0.0006	53.2438	22.0894	16.6757	9.3639	3.1108	1.0192	2.0916	0.9493	0.9073	0.0420	2.1615	0.1119	2.0496	0.0015	0.0011	0.0004	0.0012	0.0011	0.0001	0.0003	0.0000	0.0003	4.6924	4.2069	0.4855	1.8175	1.7051	0.1124	2.8749	2.5018	0.3731	0.8874	0.5240	0.3633	0.2702	0.2345	0.0357	0.6171	0.2895	0.3276	391.7165	111.7325	4282.4570	113.7360	110.4107	120.4762	1779.1254	2112.6474	7066.6647	0.0017	0.0022	0.0010	0.0046	0.0048	0.0031	0.0004	0.0000	0.0008
35	42	0.1584	2	0	1	0	1	0	0	0	0	N	N	N	N	N	N	N	N	N	N	N	N	1.5554	0.8365	491.0911	0.4804	0.5143	2.4133	101.0150	557.0519	773.8553	1.1662	0.8788	3.2384	1.0948	1.1661	0.1031	1.1798	0.8200	3.5410	0.7498	1.0506	0.0066	2.2788	2.2673	0.0427	0.0117	0.0015	0.0046	0.5112	0.0234	0.5761	-0.1447	53.2438	43.3975	16.6757	17.3745	11.2630	7.4529	3.8101	1.6886	1.6780	0.0107	9.5744	5.7750	3.7994	0.2391	0.2336	0.0055	0.2338	0.2336	0.0002	0.0053	0.0000	0.0053	9.6577	8.4812	1.1765	1.5425	1.4389	0.1035	8.1152	7.0423	1.0730	2.4738	1.2576	1.2162	0.2631	0.2579	0.0053	2.2106	0.9997	1.2109	12.0681	4.7310	720.8459	1.2324	1.2876	2.9311	491.7648	33472.7618	812.2424	0.0966	0.1857	0.0045	0.8883	0.9057	0.0352	0.0024	0.0000	0.0044
35	43	0.5901	7	1	0	1	1	0	0	0	0	N	N	N	N	N	N	N	N	N	N	N	N	3.4266	2.7134	18.0742	4.6611	4.1738	8.0123	3.5870	10.6195	20.9630	0.0123	0.0108	0.0261	0.0134	0.0140	0.0032	0.0115	0.0084	0.0325	0.0036	0.0040	0.0014	0.0029	0.0034	0.0004	0.0032	0.0008	0.0015	0.2623	0.6917	-0.0038	-0.0002	53.2438	18.2331	16.6757	4.4208	0.0482	0.0382	0.0100	0.0214	0.0211	0.0003	0.0269	0.0171	0.0098	0.0010	0.0006	0.0004	0.0006	0.0006	0.0000	0.0004	0.0000	0.0004	3.9269	3.5431	0.3838	1.5882	1.5049	0.0833	2.3387	2.0381	0.3005	0.6540	0.3799	0.2741	0.2013	0.1766	0.0247	0.4527	0.2033	0.2493	8.2931	7.1556	18.0742	4.6611	4.3341	8.0123	13.4186	1377.5832	20.9630	0.0015	0.0015	0.0014	0.0029	0.0032	0.0004	0.0009	0.0000	0.0015
35	44	0.6499	7	0	1	0	2	0	0	0	0	N	N	N	Y	N	N	N	N	N	N	N	N	0.5541	1.0717	0.2408	1.5802	1.4864	11.5902	0.3926	104.0989	0.2721	0.6869	0.6385	1.1198	0.7878	0.8302	0.1112	0.6213	0.5040	1.4224	1.2396	0.5958	4.6509	0.4985	0.5585	0.0096	1.5825	0.0048	5.2284	0.1961	29.0984	-1.0826	0.6960	53.2438	62.5878	16.6757	29.9840	8.7893	7.3482	1.4411	3.9730	3.9400	0.0330	4.8162	3.4081	1.4081	2.0566	0.0683	1.9883	0.0691	0.0682	0.0010	1.9875	0.0001	1.9873	12.7952	11.5083	1.2869	5.0431	4.7461	0.2970	7.7521	6.7622	0.9899	2.3594	1.4198	0.9396	0.7307	0.6309	0.0998	1.6287	0.7889	0.8398	0.7880	13.2672	0.5292	8.3248	7.6803	11.5902	0.5091	2844.7192	0.6011	0.8717	0.0481	2.1161	0.0946	0.1081	0.0096	1.2203	0.0002	2.3664
35	45	0.5901	7	1	0	1	1	0	0	0	0	N	N	N	N	N	N	N	N	N	N	N	N	2.0487	3.3094	12.6164	4.6608	7.2024	0.0178	1.1725	0.1723	19.9596	0.0077	0.0050	0.0333	0.0109	0.0114	0.0001	0.0055	0.0000	0.0426	0.0038	0.0015	0.0026	0.0023	0.0016	0.0078	0.0047	0.0001	0.0021	0.7180	2.5242	0.0030	0.0001	53.2438	13.5293	16.6757	3.1702	0.0233	0.0136	0.0097	0.0136	0.0135	0.0000	0.0097	0.0000	0.0097	0.0008	0.0002	0.0005	0.0004	0.0002	0.0001	0.0004	0.0000	0.0004	3.0293	2.7371	0.2922	1.2490	1.1850	0.0640	1.7804	1.5521	0.2283	0.4968	0.2898	0.2070	0.1549	0.1365	0.0185	0.3418	0.1533	0.1885	5.0058	6.6294	12.6164	4.6608	7.2024	0.0178	4.6490	59.1747	19.9596	0.0015	0.0007	0.0026	0.0023	0.0016	0.0078	0.0012	0.0000	0.0021
35	46	0.5857	6	1	0	1	1	0	0	0	0	N	N	N	N	N	N	N	N	N	N	N	N	3.3259	0.0261	150.4032	0.2293	0.2053	1.2462	5.2441	0.0002	218.2523	0.7549	0.0033	9.0264	0.0069	0.0067	0.0129	1.3942	0.0001	11.5444	0.2270	0.1254	0.0600	0.0302	0.0326	0.0103	0.2659	0.3307	0.0529	250.7643	1.5435	0.6935	-0.0001	53.2438	4.1147	16.6757	1.2946	0.9783	0.0039	0.9745	0.0041	0.0038	0.0003	0.9742	0.0001	0.9742	0.0035	0.0014	0.0021	0.0012	0.0011	0.0001	0.0023	0.0003	0.0021	1.2959	1.1880	0.1080	0.5971	0.5736	0.0236	0.6988	0.6144	0.0844	0.2091	0.1270	0.0820	0.0734	0.0672	0.0063	0.1356	0.0599	0.0758	44.9948	0.3013	347.8305	0.4337	0.4050	1.2462	81.0091	0.0182	423.7444	0.0168	0.0109	0.0260	0.0160	0.0165	0.0103	0.0172	0.0045	0.0272
35	47	0.5230	5	1	0	0	1	0	0	0	0	N	N	N	N	N	N	N	N	N	N	N	N	0.1722	0.3507	0.0104	0.0491	0.0470	0.8798	0.2095	2.7667	0.0112	0.1923	0.2093	0.0413	0.0209	0.0212	0.0161	0.2854	0.3205	0.0468	1.1165	0.5968	3.9591	0.4255	0.4496	0.0183	1.3625	0.1158	4.1656	0.0222	16.9568	-0.2595	0.2756	53.2438	22.0103	16.6757	13.6452	0.9777	0.9565	0.0212	0.0374	0.0359	0.0015	0.9403	0.9206	0.0197	0.8723	0.0486	0.8237	0.0486	0.0477	0.0009	0.8237	0.0009	0.8228	5.0846	4.5700	0.5146	1.7903	1.6979	0.0925	3.2943	2.8722	0.4222	1.6266	1.0055	0.6211	0.5888	0.5401	0.0487	1.0377	0.4653	0.5724	0.3586	4.3321	0.0311	0.2534	0.2397	0.8798	0.3596	162.7342	0.0325	0.5363	0.0483	1.3262	0.0825	0.0882	0.0183	0.7938	0.0020	1.4375
35	48	0.3203	6	0	1	0	1	0	0	0	0	N	N	N	N	N	N	N	N	N	N	N	N	1.1858	1.0448	1.0000	211.8822	183.8539	2.7302	0.4382	0.0001	1.0178	1.8017	1.2740	6.0617	5.0854	5.2869	0.0029	0.8599	0.0002	6.5678	1.5194	1.2193	6.0618	0.0240	0.0288	0.0011	1.9623	2.0208	6.4532	0.5894	7.1758	0.4499	0.2789	53.2438	12.3962	16.6757	3.7178	5.3757	3.3822	1.9935	3.3818	3.3818	0.0001	1.9939	0.0005	1.9934	1.1184	0.1368	0.9816	0.0026	0.0026	0.0000	1.1158	0.1342	0.9816	2.9837	2.6549	0.3289	0.6650	0.6396	0.0254	2.3187	2.0152	0.3035	0.7896	0.4593	0.3303	0.1912	0.1715	0.0197	0.5984	0.2877	0.3107	1.2720	4.2772	2.0399	374.9293	352.5446	2.7302	0.4612	0.0005	2.0786	1.4164	0.2979	2.9715	0.0136	0.0150	0.0011	1.8646	0.4665	3.1597
35	49	0.2914	5	0	0	0	1	0	0	0	0	N	N	N	N	N	N	N	N	N	N	N	N	0.3749	0.2614	2.6474	0.5497	0.5934	0.1633	0.0862	0.0024	3.9736	0.3586	0.3401	0.5032	0.9583	1.0389	0.0028	0.0868	0.0045	0.6394	0.9565	1.3010	0.1901	1.7433	1.7506	0.0173	1.0078	1.8917	0.1609	0.1895	0.0946	-0.1951	-0.1414	53.2438	14.4870	16.6757	5.8627	1.5263	1.2831	0.2431	1.2720	1.2717	0.0003	0.2543	0.0115	0.2428	0.2608	0.2383	0.0225	0.1246	0.1242	0.0005	0.1362	0.1141	0.0221	4.2560	3.7729	0.4831	1.3274	1.2240	0.1033	2.9286	2.5488	0.3798	1.0428	0.5944	0.4484	0.2634	0.2364	0.0269	0.7794	0.3580	0.4215	1.4337	0.8483	10.0126	2.0250	1.9783	0.1633	0.4969	0.0141	12.2094	0.2501	0.4009	0.0503	0.4732	0.5251	0.0173	0.1748	0.3189	0.0524
35	50	0.3598	8	1	1	1	1	0	0	0	0	N	N	N	N	N	N	N	N	N	N	N	N	0.0287	0.0001	inf	0.0005	0.0001	inf	inf	inf	inf	0.0153	0.0001	0.1398	0.0007	0.0002	0.0105	0.0206	0.0000	0.1569	0.5349	0.7610	0.0000	1.3782	1.4727	0.0000	0.0000	0.0000	0.0000	334.5330	0.0000	0.0024	-0.0036	53.2438	0.9856	16.6757	2.8295	0.0033	0.0000	0.0033	0.0000	0.0000	0.0000	0.0033	0.0000	0.0033	0.0058	0.0058	0.0000	0.0058	0.0058	0.0000	0.0000	0.0000	0.0000	0.2164	0.1927	0.0237	0.0572	0.0545	0.0028	0.1592	0.1382	0.0209	0.1306	0.0698	0.0608	0.0183	0.0163	0.0020	0.1123	0.0535	0.0588	0.3476	0.0006	inf	0.0022	0.0005	inf	inf	inf	inf	0.0441	0.0826	0.0000	0.3149	0.3546	0.0000	0.0000	0.0000	0.0000
35	51	0.6298	8	1	1	0	1	0	0	0	0	N	N	N	N	N	N	N	N	N	N	N	N	0.3303	0.3434	0.0168	213.7637	323.5207	7.0495	0.0010	0.0000	0.0046	0.2858	0.3154	0.0284	0.6311	0.6724	0.0758	0.0010	0.0000	0.0077	0.8652	0.9185	1.6892	0.0030	0.0021	0.0108	1.0687	1.7939	1.6766	0.0103	1.1868	-0.2806	-0.0099	53.2438	13.3057	16.6757	8.6321	1.0135	1.0031	0.0104	1.0115	1.0031	0.0084	0.0020	0.0000	0.0020	0.1160	0.0531	0.0630	0.0008	0.0005	0.0003	0.1153	0.0526	0.0627	3.5463	3.1803	0.3660	1.6028	1.4917	0.1111	1.9435	1.6886	0.2549	0.7269	0.4417	0.2852	0.2555	0.2298	0.0257	0.4714	0.2119	0.2595	1.7907	2.6262	0.1285	213.7637	323.5207	7.0495	0.0042	0.0000	0.0318	0.1596	0.1201	0.2208	0.0030	0.0021	0.0108	0.2445	0.2481	0.2416
35	52	0.4223	8	0	1	0	2	0	0	0	0	N	N	N	Y	N	N	N	N	N	N	N	N	1331.3160	0.1328	21396.5451	0.5353	0.2411	1.9128	3169.6372	0.0000	39717.1199	1.8928	0.0002	18.5446	0.0013	0.0005	0.0153	2.9243	0.0000	23.0650	0.0014	0.0014	0.0009	0.0025	0.0020	0.0080	0.0009	0.0013	0.0006	11632.3827	0.9004	0.6909	-0.0000	53.2438	2.1073	16.6757	0.0711	0.9693	0.0001	0.9692	0.0002	0.0001	0.0002	0.9691	0.0000	0.9691	0.0001	0.0000	0.0000	0.0000	0.0000	0.0000	0.0000	0.0000	0.0000	0.5121	0.4598	0.0523	0.1807	0.1705	0.0102	0.3314	0.2894	0.0420	0.0750	0.0435	0.0315	0.0159	0.0147	0.0012	0.0591	0.0288	0.0303	2466.1608	0.2604	21396.5451	0.5353	0.2411	1.9128	9564.0125	0.0000	39717.1199	0.0008	0.0007	0.0009	0.0025	0.0020	0.0080	0.0003	0.0000	0.0006
35	53	0.3600	7	0	0	0	2	0	0	0	0	N	N	N	Y	N	N	N	N	N	N	N	N	24.0294	9.7090	172.5015	10.7389	10.2780	10.6658	28.8192	0.8624	317.9984	0.2216	0.2335	0.1169	0.6213	0.6535	0.1283	0.0142	0.0001	0.1140	0.0092	0.0241	0.0007	0.0579	0.0636	0.0120	0.0005	0.0002	0.0004	0.0570	0.1137	-0.2421	-0.0014	53.2438	21.8329	16.6757	8.0592	1.0380	0.9820	0.0560	0.9942	0.9816	0.0126	0.0438	0.0004	0.0434	0.0026	0.0023	0.0003	0.0024	0.0023	0.0001	0.0001	0.0000	0.0001	4.6836	4.2049	0.4787	1.6001	1.5022	0.0978	3.0835	2.7027	0.3809	0.8330	0.4443	0.3887	0.0955	0.0849	0.0106	0.7375	0.3594	0.3780	71.5477	44.7894	172.5015	24.2852	23.9512	10.6658	77.1484	260.5476	317.9984	0.0031	0.0052	0.0007	0.0256	0.0273	0.0120	0.0002	0.0000	0.0004
35	54	0.7423	10	0	1	0	2	0	0	0	0	N	N	N	Y	N	N	N	N	N	N	N	N	0.0000	0.0000	0.0000	0.0000	0.0000	0.0000	0.0000	0.0000	0.0000	0.0000	0.0000	0.0000	0.0000	0.0000	0.0000	0.0000	0.0000	0.0000	0.0000	0.0000	53.2438	0.0000	16.6757	0.0000	0.0000	0.0000	0.0000	0.0000	0.0000	0.0000	0.0000	0.0000	0.0000	0.0000	0.0000	0.0000	0.0000	0.0000	0.0000	0.0000	0.0000	0.0000	0.0000	0.0000	0.0000	0.0000	0.0000	0.0000	0.0000	0.0000	0.0000	0.0000	0.0000	0.0000	0.0000	0.0000	0.0000	0.0000	0.0000	0.0000	0.0000	0.0000	0.0000	0.0000	0.0000	0.0000	0.0000	0.0000	0.0000	0.0000	0.0000	0.0000	0.0000	0.0000	0.0000	0.0000	0.0000	0.0000											
35	55	0.3600	7	0	0	0	2	0	0	0	0	N	N	N	Y	N	N	N	N	N	N	N	N	69.6550	1.2201	1951.7969	0.6201	0.5750	0.9125	361.8870	2.5304	3833.3681	0.0504	0.0013	0.5016	0.0011	0.0010	0.0027	0.0870	0.0016	0.7019	0.0007	0.0011	0.0003	0.0018	0.0017	0.0030	0.0002	0.0006	0.0002	41.3941	0.2881	0.0135	-0.0000	53.2438	1.2825	16.6757	0.1503	0.0195	0.0005	0.0191	0.0002	0.0002	0.0000	0.0193	0.0003	0.0190	0.0000	0.0000	0.0000	0.0000	0.0000	0.0000	0.0000	0.0000	0.0000	0.3875	0.3494	0.0380	0.1650	0.1541	0.0109	0.2224	0.1953	0.0271	0.0562	0.0337	0.0225	0.0123	0.0117	0.0006	0.0439	0.0220	0.0219	109.6914	2.2176	1951.7969	0.6201	0.5750	0.9125	933.4743	406.1604	3833.3681	0.0005	0.0006	0.0003	0.0018	0.0017	0.0030	0.0001	0.0000	0.0002
35	56	0.3190	6	0	0	0	2	0	0	0	0	N	N	N	Y	N	N	N	N	N	N	N	N	82.7596	25.6801	2803.0076	25.6929	9.5256	520.0570	633.0953	173.2984	3713.5292	0.4980	0.2838	2.3727	0.3308	0.1297	3.2271	0.6009	0.3852	2.1013	0.0060	0.0111	0.0008	0.0129	0.0136	0.0062	0.0009	0.0022	0.0006	0.9556	0.1853	0.4080	-0.0009	53.2438	14.8542	16.6757	6.8183	2.0246	1.0353	0.9893	0.5121	0.1877	0.3244	1.5125	0.8476	0.6649	0.0020	0.0017	0.0003	0.0018	0.0017	0.0001	0.0002	0.0000	0.0002	4.0652	3.6483	0.4170	1.5481	1.4476	0.1005	2.5171	2.2007	0.3164	0.9010	0.5331	0.3678	0.2082	0.1898	0.0183	0.6928	0.3433	0.3495	225.3093	90.0472	2803.0076	38.8054	14.8233	520.0570	1916.9360	6815.1708	3713.5292	0.0022	0.0032	0.0008	0.0085	0.0087	0.0062	0.0003	0.0001	0.0006
35	57	0.2440	5	0	0	0	2	0	0	0	0	N	N	N	Y	N	N	N	N	N	N	N	N	4.3837	1.5987	89.7625	1.8940	1.9163	16.0584	11.3474	1.0237	138.3656	0.4274	0.3410	1.1551	0.3018	0.2914	0.4485	0.4849	0.3652	1.3269	0.0975	0.2133	0.0129	0.1593	0.1521	0.0279	0.0427	0.3568	0.0096	0.4018	0.4739	-0.0018	-0.0052	53.2438	33.5853	16.6757	9.3450	3.7423	2.6696	1.0728	0.8302	0.7487	0.0815	2.9121	1.9208	0.9913	0.0170	0.0116	0.0055	0.0087	0.0084	0.0002	0.0084	0.0031	0.0052	8.7570	7.8282	0.9287	2.7508	2.5691	0.1817	6.0062	5.2591	0.7470	1.5679	0.8281	0.7398	0.1909	0.1819	0.0090	1.3771	0.6462	0.7308	39.3260	24.4280	155.9925	6.6579	6.2962	17.3007	79.6138	75.1462	184.8808	0.0109	0.0140	0.0074	0.0453	0.0463	0.0259	0.0061	0.0049	0.0072
35	58	0.2233	4	0	0	0	1	0	0	0	0	N	N	N	N	N	N	N	N	N	N	N	N	0.7172	0.5779	5.2882	0.8752	0.8670	9.5829	0.6143	0.3135	2.6419	0.3987	0.4211	0.2234	0.6686	0.6549	0.8775	0.2859	0.3152	0.0988	0.5559	0.7287	0.0423	0.7640	0.7554	0.0916	0.4654	1.0056	0.0374	0.0681	0.2531	-0.4139	-0.0166	53.2438	15.2419	16.6757	2.5705	1.8531	1.7349	0.1181	0.9156	0.8413	0.0742	0.9375	0.8936	0.0439	0.0389	0.0310	0.0079	0.0193	0.0189	0.0004	0.0196	0.0121	0.0075	4.6482	4.1195	0.5287	1.3694	1.2848	0.0846	3.2789	2.8347	0.4441	0.8146	0.4277	0.3869	0.1359	0.1296	0.0064	0.6787	0.2982	0.3805	8.3516	5.8056	11.0047	4.7117	4.4858	14.9360	9.9017	7.7582	5.0267	0.0477	0.0725	0.0203	0.1419	0.1460	0.0587	0.0289	0.0406	0.0197
35	59	0.7423	10	0	0	0	2	0	0	0	0	N	N	N	Y	N	N	N	N	N	N	N	N	inf	inf	inf	inf	0.0028	0.0031	0.0000	0.0063	0.0065	0.0000	0.0000	0.0000	0.0000	0.0000	0.0000	0.0000	0.0000	0.0000	0.0000	0.0000	0.0000	0.0000	0.0000	-0.0000	0.0000	53.2438	0.0000	16.6757	0.0000	0.0000	0.0000	0.0000	0.0000	0.0000	0.0000	0.0000	0.0000	0.0000	0.0000	0.0000	0.0000	0.0000	0.0000	0.0000	0.0000	0.0000	0.0000	0.0000	0.0000	0.0000	0.0000	0.0000	0.0000	0.0000	0.0000	0.0000	0.0000	0.0000	0.0000	0.0000	0.0000	0.0000	0.0000	0.0000	0.0000	inf	inf	0.0000	inf	inf	0.0000	0.0000	0.0000	0.0000	0.0000	0.0000	0.0000	0.0000	0.0000	0.0000	0.0000	0.0000	0.0000						
35	60	0.6649	9	0	0	0	2	0	0	0	0	N	N	N	Y	N	N	N	N	N	N	N	N	151.8183	88.5156	0.0060	67.3975	62.7885	0.0043	813.5568	60.6965	0.0066	0.7542	0.8364	0.0000	0.4458	0.4697	0.0000	0.9294	1.0625	0.0000	0.0050	0.0094	0.0005	0.0066	0.0075	0.0031	0.0011	0.0175	0.0001	0.0000	0.1197	-0.8051	-0.0008	53.2438	19.3360	16.6757	7.9957	2.8041	2.8041	0.0000	0.6006	0.6006	0.0000	2.2034	2.2034	0.0000	0.0015	0.0013	0.0002	0.0013	0.0011	0.0001	0.0002	0.0002	0.0000	3.7181	3.3525	0.3656	1.3474	1.2787	0.0687	2.3707	2.0738	0.2969	0.7576	0.4606	0.2970	0.2459	0.2060	0.0399	0.5117	0.2546	0.2572	390.5618	294.8559	0.0060	86.2661	84.2341	0.0043	2471.7801	1715.0487	0.0066	0.0019	0.0028	0.0005	0.0052	0.0056	0.0031	0.0004	0.0006	0.0001
35	61	0.3548	7	0	1	1	1	0	0	0	0	N	N	N	N	N	N	N	N	N	N	N	N	0.4876	0.3492	2.5925	13.0274	12.2816	1.4431	0.0422	0.0258	0.6195	0.6789	0.7604	0.0003	2.1067	2.2213	0.0019	0.0700	0.0806	0.0001	1.3923	2.1779	0.0001	0.1617	0.1809	0.0014	1.6591	3.1230	0.0001	0.0001	0.0000	-0.5823	-0.6280	53.2438	14.2360	16.6757	11.9336	2.0283	2.0282	0.0001	1.8816	1.8815	0.0001	0.1467	0.1467	0.0000	0.9995	0.9994	0.0000	0.0064	0.0064	0.0000	0.9931	0.9930	0.0000	2.9876	2.6672	0.3204	0.8932	0.8471	0.0461	2.0944	1.8201	0.2743	0.8551	0.4589	0.3962	0.1401	0.1272	0.0129	0.7150	0.3317	0.3833	0.5808	0.3492	2.5925	45.9813	44.1336	1.4431	0.0504	0.0269	0.6195	1.1689	2.1779	0.0001	0.0458	0.0503	0.0014	1.3889	2.9936	0.0001
35	62	0.2826	7	1	0	1	1	0	0	0	0	N	N	N	N	N	N	N	N	N	N	N	N	0.2621	0.0921	44131.1060	12.2385	10.7936	91.6238	0.1939	0.0180	50212.7371	0.3097	0.1547	1.5593	0.4485	0.4732	0.0041	0.2655	0.0445	1.7613	1.1816	1.6808	0.0000	0.0367	0.0438	0.0000	1.3696	2.4704	0.0000	1.2499	0.0000	0.4848	-0.6279	53.2438	28.8660	16.6757	13.2209	1.8062	0.8028	1.0034	0.6318	0.6315	0.0003	1.1744	0.1713	1.0031	0.9993	0.9993	0.0000	0.0037	0.0037	0.0000	0.9955	0.9955	0.0000	5.8315	5.1880	0.6435	1.4085	1.3345	0.0740	4.4230	3.8535	0.5695	1.4236	0.7682	0.6554	0.2051	0.1878	0.0174	1.2185	0.5804	0.6380	0.4413	0.1190	44131.1060	24.6808	23.8389	91.6238	0.3250	0.0259	50212.7371	0.7019	1.3007	0.0000	0.0182	0.0198	0.0000	0.8170	1.7151	0.0000
35	63	0.2799	6	1	1	0	1	0	0	0	0	N	N	N	N	N	N	N	N	N	N	N	N	0.0050	0.0030	12.5562	0.0049	0.0050	0.0011	0.6795	0.0289	14.5586	0.0030	0.0025	0.0070	0.0066	0.0070	0.0000	0.0021	0.0013	0.0079	0.6142	0.8560	0.0006	1.3601	1.3999	0.0012	0.0031	0.0444	0.0005	0.3568	0.0045	-0.0001	-0.0190	53.2438	5.0237	16.6757	8.0282	0.0034	0.0025	0.0009	0.0015	0.0015	0.0000	0.0019	0.0010	0.0009	0.0304	0.0303	0.0001	0.0300	0.0300	0.0000	0.0004	0.0002	0.0001	1.1080	0.9820	0.1260	0.2269	0.2135	0.0134	0.8811	0.7684	0.1127	0.5345	0.2904	0.2441	0.0987	0.0915	0.0072	0.4358	0.1989	0.2369	0.0536	0.0243	12.5562	0.0218	0.0214	0.0011	2.5641	1.0943	14.5586	0.0569	0.1042	0.0006	0.3044	0.3282	0.0012	0.0008	0.0012	0.0005
35	64	0.2169	5	1	1	0	1	0	0	0	0	N	N	N	N	N	N	N	N	N	N	N	N	0.7913	0.4283	14.0281	1.2221	1.2739	0.0765	0.7599	0.2433	18.6139	0.6219	0.4433	2.0214	0.4536	0.4886	0.0002	0.6790	0.4269	2.4075	0.7859	1.0349	0.1441	0.3711	0.3835	0.0021	0.8935	1.7549	0.1293	0.5821	0.2324	0.2188	-0.0696	53.2438	17.5893	16.6757	19.0270	2.7088	1.7122	0.9966	0.5007	0.5007	0.0000	2.2081	1.2115	0.9966	0.1583	0.1285	0.0299	0.0137	0.0136	0.0000	0.1447	0.1148	0.0298	4.3558	3.8627	0.4930	1.1039	1.0249	0.0791	3.2518	2.8379	0.4139	1.4235	0.7419	0.6816	0.1811	0.1703	0.0108	1.2424	0.5716	0.6708	5.5911	2.5597	46.1485	6.0131	6.1010	0.0765	5.8313	2.1249	54.1329	0.1112	0.1732	0.0438	0.0754	0.0801	0.0021	0.1164	0.2009	0.0445
35	65	0.2106	4	0	1	0	1	0	0	0	0	N	N	N	N	N	N	N	N	N	N	N	N	1.9964	1.8486	0.5393	5.8604	6.4767	0.0650	0.9158	0.5248	0.7158	1.2522	1.4031	0.0339	4.0804	4.2542	0.0138	0.4911	0.5585	0.0356	0.6272	0.7590	0.0628	0.6963	0.6568	0.2116	0.5362	1.0642	0.0498	0.0030	0.2275	-0.1640	-0.0079	53.2438	1.7566	16.6757	2.8742	0.5773	0.5756	0.0017	0.3989	0.3988	0.0001	0.1784	0.1767	0.0017	0.0179	0.0146	0.0033	0.0098	0.0097	0.0002	0.0080	0.0049	0.0031	0.4610	0.4102	0.0508	0.0978	0.0938	0.0040	0.3633	0.3165	0.0468	0.3013	0.1780	0.1233	0.0774	0.0756	0.0017	0.2240	0.1024	0.1216	21.1232	17.1655	1.2623	32.0553	33.3032	0.1280	13.7236	11.6962	1.3852	0.0593	0.0817	0.0268	0.1273	0.1277	0.1075	0.0358	0.0477	0.0257
35	66	0.3548	7	0	1	0	1	0	0	0	0	N	N	N	N	N	N	N	N	N	N	N	N	0.1732	0.1337	2.0243	2.3763	2.6749	0.1851	0.1387	0.0860	3.6664	0.2241	0.2503	0.0053	0.2501	0.2633	0.0111	0.2133	0.2444	0.0043	1.2944	1.8722	0.0026	0.1052	0.0984	0.0600	1.5375	2.8404	0.0012	0.0025	0.0013	-0.2750	-0.6160	53.2438	21.1811	16.6757	10.1862	0.9662	0.9637	0.0025	0.3180	0.3173	0.0007	0.6481	0.6464	0.0017	0.9824	0.9811	0.0012	0.0060	0.0053	0.0007	0.9764	0.9758	0.0005	4.3107	3.8502	0.4605	1.2718	1.2050	0.0668	3.0389	2.6452	0.3937	1.0093	0.5415	0.4679	0.1636	0.1483	0.0153	0.8458	0.3932	0.4526	0.2303	0.1381	2.0243	6.8389	7.3865	0.2443	0.1848	0.0985	3.6664	0.9733	1.8120	0.0026	0.0366	0.0356	0.0455	1.1544	2.4819	0.0012
35	67	0.3410	6	0	1	0	1	0	0	0	0	N	N	N	N	N	N	N	N	N	N	N	N	0.0058	0.0044	0.0051	0.9069	0.8023	0.0611	0.0010	0.0005	0.0043	0.0024	0.0027	0.0000	0.0073	0.0077	0.0000	0.0005	0.0006	0.0000	0.4175	0.6222	0.0037	0.0081	0.0096	0.0007	0.5209	1.2263	0.0034	0.0008	0.0553	-0.0011	-0.0049	53.2438	7.4253	16.6757	0.9851	0.0040	0.0040	0.0000	0.0034	0.0034	0.0000	0.0006	0.0006	0.0000	0.0085	0.0080	0.0004	0.0003	0.0003	0.0000	0.0082	0.0078	0.0004	1.6432	1.4706	0.1726	0.4675	0.4450	0.0224	1.1757	1.0255	0.1502	0.2837	0.1508	0.1329	0.0431	0.0388	0.0043	0.2406	0.1120	0.1286	0.0817	0.0512	0.0056	1.2093	1.1582	0.0611	0.0148	0.0083	0.0043	0.0299	0.0532	0.0033	0.0060	0.0066	0.0007	0.0341	0.0694	0.0034
35	68	0.2914	5	0	0	1	1	0	0	0	0	N	N	N	N	N	N	N	N	N	N	N	N	0.1107	0.0075	15.4932	0.1498	0.1443	0.3686	0.1262	0.0019	20.8290	0.0939	0.0085	0.7614	0.0176	0.0189	0.0026	0.1279	0.0036	0.9639	0.8478	1.1274	0.0491	0.1175	0.1307	0.0070	1.0134	1.9057	0.0463	11.4948	0.0740	0.2594	-0.0863	53.2438	15.0354	16.6757	6.2061	0.4098	0.0328	0.3770	0.0237	0.0235	0.0003	0.3861	0.0093	0.3768	0.1542	0.1436	0.0106	0.0105	0.0103	0.0002	0.1437	0.1333	0.0104	4.3665	3.8713	0.4952	1.3475	1.2433	0.1043	3.0189	2.6280	0.3909	1.0725	0.6096	0.4629	0.2666	0.2392	0.0273	0.8059	0.3703	0.4356	0.6527	0.0360	33.1833	0.4474	0.4383	0.3686	0.7171	0.0099	40.2464	0.1438	0.2356	0.0229	0.0394	0.0431	0.0070	0.1784	0.3600	0.0239
35	69	0.2233	4	0	0	0	1	0	0	0	0	N	N	N	N	N	N	N	N	N	N	N	N	0.4956	0.3334	0.4967	0.9105	0.8461	15.7853	0.4742	0.2430	0.5271	0.6703	0.5064	1.9636	0.4081	0.3818	0.8355	0.7539	0.5493	2.1237	1.3526	1.5188	3.9536	0.4482	0.4513	0.0529	1.5897	2.2604	4.0292	0.4917	1.3304	0.2009	-0.1003	53.2438	27.6811	16.6757	13.1592	4.7283	3.1697	1.5586	0.6955	0.6130	0.0824	4.0329	2.5567	1.4762	1.7451	0.7488	0.9963	0.0165	0.0161	0.0004	1.7286	0.7327	0.9959	7.0535	6.2598	0.7937	1.7042	1.6055	0.0986	5.3494	4.6543	0.6951	1.5785	0.8155	0.7630	0.1923	0.1821	0.0102	1.3862	0.6335	0.7528	0.6064	0.5515	1.5038	4.7456	4.3119	20.7308	0.6046	0.4749	1.6053	1.1055	0.9182	1.3058	0.0860	0.0886	0.0403	1.2469	1.1567	1.3229
35	70	0.1885	3	0	0	0	1	0	0	0	0	N	N	N	N	N	N	N	N	N	N	N	N	1.1689	0.8072	2.4287	0.8147	0.8709	0.3030	1.1829	0.5900	3.2246	0.9547	0.5714	3.6260	0.6859	0.6568	1.0038	1.0623	0.5349	4.2453	0.8167	0.7079	1.4929	0.8419	0.7542	3.3131	0.8981	0.9066	1.3165	0.9104	2.5145	1.0650	0.0133	53.2438	19.6565	16.6757	4.0504	5.6229	2.9434	2.6795	1.1556	1.0139	0.1417	4.4673	1.9295	2.5378	0.1523	0.0433	0.1090	0.0338	0.0300	0.0037	0.1185	0.0133	0.1053	5.8899	5.1510	0.7390	1.6847	1.5435	0.1412	4.2052	3.6074	0.5978	1.2150	0.6487	0.5664	0.2144	0.2085	0.0058	1.0007	0.4401	0.5605	7.6153	8.5524	18.8446	4.3544	4.5590	1.5748	8.9670	17.7075	22.6082	0.1254	0.0668	0.1924	0.1575	0.1441	0.6374	0.1185	0.0302	0.1878
35	71	0.3442	7	1	1	0	1	0	0	0	0	N	N	N	N	N	N	N	N	N	N	N	N	776.6494	355.0559	0.3225	2.9729	2.8974	0.0832	24625.7727	789.3650	0.0054	0.8144	0.9109	0.0000	0.0129	0.0136	0.0002	1.1522	1.3209	0.0000	0.0010	0.0026	0.0001	0.0043	0.0047	0.0020	0.0000	0.0017	0.0000	0.0000	0.0647	-0.8647	-0.0003	53.2438	17.5448	16.6757	6.0013	3.0114	3.0114	0.0000	0.0141	0.0141	0.0000	2.9973	2.9973	0.0000	0.0005	0.0004	0.0000	0.0005	0.0004	0.0000	0.0000	0.0000	0.0000	3.6975	3.3059	0.3916	1.0961	1.0369	0.0593	2.6014	2.2691	0.3323	0.7671	0.4094	0.3577	0.1164	0.1048	0.0116	0.6507	0.3046	0.3461	1331.9443	846.5408	0.3225	3.3034	3.3150	0.0832	50105.6399	40249.5634	0.0054	0.0006	0.0011	0.0001	0.0039	0.0041	0.0020	0.0000	0.0000	0.0000
35	72	0.4126	10	1	1	1	1	0	0	0	0	N	N	N	N	N	N	N	N	N	N	N	N	0.0094	0.0000	1768.6730	0.0000	0.0000	0.0000	574.1776	0.0000	2105.8591	0.0018	0.0000	0.0164	0.0000	0.0000	0.0000	0.0028	0.0000	0.0199	0.1883	0.3787	0.0000	0.1669	0.1669	0.0000	0.0000	0.0002	0.0000	10883.1192	0.0002	0.0006	-0.0020	53.2438	1.8980	16.6757	2.9698	0.0008	0.0000	0.0008	0.0000	0.0000	0.0000	0.0008	0.0000	0.0008	0.0033	0.0033	0.0000	0.0033	0.0033	0.0000	0.0000	0.0000	0.0000	0.4377	0.3903	0.0474	0.1588	0.1503	0.0085	0.2789	0.2400	0.0389	0.2161	0.1434	0.0727	0.0703	0.0674	0.0029	0.1457	0.0760	0.0697	0.1176	0.0000	1768.6730	0.0000	0.0000	0.0000	574.1776	0.0000	2105.8591	0.0151	0.0227	0.0000	0.0463	0.0483	0.0000	0.0000	0.0000	0.0000
35	73	0.3930	9	1	0	1	1	0	0	0	0	N	N	N	N	N	N	N	N	N	N	N	N	1.6413	1.1753	0.2371	1.8978	1.9092	0.0044	1.4189	0.4475	0.3889	0.0227	0.0249	0.0009	0.0336	0.0359	0.0000	0.0132	0.0148	0.0013	0.0138	0.0212	0.0037	0.0177	0.0188	0.0056	0.0093	0.0330	0.0033	0.0035	0.4265	-0.0101	-0.0005	53.2438	3.5853	16.6757	4.3819	0.0355	0.0353	0.0001	0.0244	0.0244	0.0000	0.0111	0.0109	0.0001	0.0014	0.0010	0.0004	0.0009	0.0008	0.0000	0.0005	0.0001	0.0004	1.5601	1.4207	0.1394	0.7248	0.6798	0.0451	0.8353	0.7409	0.0943	0.3184	0.1974	0.1210	0.0807	0.0760	0.0047	0.2377	0.1214	0.1163	5.2790	5.1094	0.2585	3.1175	3.2296	0.0044	6.2998	15.4123	0.3889	0.0043	0.0049	0.0034	0.0108	0.0111	0.0056	0.0021	0.0010	0.0033
35	74	0.3616	8	1	0	1	1	0	0	0	0	N	N	N	N	N	N	N	N	N	N	N	N	0.6937	0.5546	0.4941	0.3371	0.3431	0.9082	62.1766	15.3713	0.1844	0.6159	0.6861	0.0015	0.7793	0.8214	0.0068	0.5417	0.6195	0.0005	0.8879	1.2370	0.0030	2.3113	2.3943	0.0074	0.0087	0.0403	0.0028	0.0003	0.0071	-0.4820	-0.0809	53.2438	12.3589	16.6757	7.3592	1.6801	1.6797	0.0004	0.6637	0.6634	0.0003	1.0164	1.0162	0.0001	0.1303	0.1294	0.0009	0.1291	0.1291	0.0001	0.0011	0.0003	0.0008	2.7279	2.4481	0.2798	0.8517	0.8077	0.0440	1.8762	1.6403	0.2358	0.7187	0.4130	0.3057	0.1407	0.1301	0.0106	0.5780	0.2829	0.2951	3.3977	2.1904	0.5017	0.8491	0.8279	0.9082	273.0924	568.2782	0.1844	0.1813	0.3132	0.0030	0.9177	0.9921	0.0074	0.0020	0.0011	0.0028
35	75	0.3442	7	1	0	1	1	0	0	0	0	N	N	N	N	N	N	N	N	N	N	N	N	0.6463	0.1355	0.2267	0.1498	0.1437	0.0134	2.2262	0.0932	0.3019	0.0274	0.0306	0.0001	0.0155	0.0164	0.0000	0.0328	0.0376	0.0001	0.0424	0.2258	0.0005	0.1038	0.1144	0.0030	0.0147	0.4035	0.0005	0.0005	0.0333	-0.0179	-0.0018	53.2438	10.2127	16.6757	1.0234	0.0623	0.0623	0.0000	0.0111	0.0111	0.0000	0.0512	0.0512	0.0000	0.0030	0.0029	0.0001	0.0021	0.0021	0.0000	0.0009	0.0008	0.0001	2.2760	2.0368	0.2392	0.7146	0.6753	0.0393	1.5615	1.3615	0.1999	0.3761	0.2007	0.1755	0.0575	0.0518	0.0057	0.3187	0.1488	0.1698	3.4404	2.1181	0.2267	0.4303	0.4138	0.0134	11.3911	6.6763	0.3019	0.0080	0.0144	0.0005	0.0361	0.0397	0.0030	0.0029	0.0056	0.0005
35	76	0.3410	6	1	0	0	1	0	0	0	0	N	N	N	N	N	N	N	N	N	N	N	N	4519.2122	2012.3918	0.1764	2377.7750	2242.4676	1.2001	120.5038	21.9319	0.0000	0.9465	1.0537	0.0000	3.1643	3.3064	0.0000	0.0013	0.0015	0.0000	0.0002	0.0005	0.0000	0.0013	0.0015	0.0000	0.0000	0.0001	0.0000	0.0000	0.0357	-0.2403	-0.0000	53.2438	3.7027	16.6757	0.0091	0.8368	0.8368	0.0000	0.8360	0.8360	0.0000	0.0008	0.0008	0.0000	0.0000	0.0000	0.0000	0.0000	0.0000	0.0000	0.0000	0.0000	0.0000	0.8841	0.7942	0.0899	0.2642	0.2528	0.0114	0.6199	0.5413	0.0786	0.1265	0.0672	0.0593	0.0192	0.0173	0.0019	0.1072	0.0499	0.0574	4519.2122	2768.7312	0.1764	2377.7750	2242.4676	1.2001	161.2664	7607.4314	0.0000	0.0002	0.0004	0.0000	0.0013	0.0015	0.0000	0.0000	0.0000	0.0000
35	77	0.3240	5	0	0	0	1	0	0	0	0	N	N	N	N	N	N	N	N	N	N	N	N	11.6030	2.6550	15.1968	9.4253	9.3558	0.5416	617.3320	71.6850	49.7258	0.3304	0.3720	0.0046	0.6088	0.6656	0.0030	0.1292	0.1482	0.0053	0.0285	0.1401	0.0003	0.0646	0.0711	0.0055	0.0002	0.0021	0.0001	0.0016	0.0192	-0.1088	-0.0019	53.2438	3.8334	16.6757	6.1787	0.3810	0.3804	0.0006	0.2945	0.2944	0.0001	0.0865	0.0860	0.0005	0.0031	0.0031	0.0001	0.0031	0.0030	0.0000	0.0000	0.0000	0.0000	1.1529	1.0226	0.1303	0.4838	0.4423	0.0414	0.6691	0.5803	0.0888	0.4611	0.2664	0.1948	0.1090	0.1020	0.0069	0.3521	0.1643	0.1878	49.0159	32.4815	15.1968	21.5382	22.3239	0.5416	1626.8639	3049.9409	49.7258	0.0067	0.0115	0.0003	0.0283	0.0298	0.0055	0.0001	0.0000	0.0001
35	78	0.2849	4	0	0	0	1	0	0	0	0	N	N	N	N	N	N	N	N	N	N	N	N	31.7725	4.8135	1651.7647	8.0222	8.1643	0.4855	54.4954	1.3895	2447.0077	0.9129	0.4747	4.5289	0.2372	0.2495	0.0082	1.1671	0.5671	5.1967	0.0287	0.0986	0.0027	0.0296	0.0306	0.0169	0.0214	0.4081	0.0021	1.1563	0.2041	0.9284	-0.0034	53.2438	16.9094	16.6757	5.8161	3.7270	1.7285	1.9986	0.2647	0.2642	0.0005	3.4624	1.4643	1.9981	0.0074	0.0062	0.0013	0.0042	0.0039	0.0003	0.0032	0.0022	0.0009	4.0825	3.6412	0.4413	1.1159	1.0591	0.0568	2.9666	2.5821	0.3845	1.0995	0.6409	0.4586	0.2702	0.2510	0.0192	0.8293	0.3899	0.4394	135.3046	49.3786	1651.7647	15.0800	15.9525	0.4855	305.4311	98.8885	2447.0077	0.0067	0.0096	0.0027	0.0157	0.0156	0.0169	0.0038	0.0057	0.0021
35	79	0.2106	4	0	1	0	1	0	0	0	0	N	N	N	N	N	N	N	N	N	N	N	N	0.3858	0.4327	0.3202	0.5011	0.5335	0.6216	0.3618	0.2826	0.3302	0.5738	0.4185	1.7690	0.2552	0.2609	0.1379	0.6319	0.4498	1.8768	1.4873	0.9672	5.5244	0.5094	0.4891	0.2218	1.7463	1.5916	5.6831	0.5495	17.4321	0.1967	0.6790	53.2438	23.9173	16.6757	17.8091	2.9150	1.8813	1.0337	0.1998	0.1948	0.0050	2.7152	1.6865	1.0287	2.1393	0.1161	2.0233	0.0175	0.0162	0.0013	2.1219	0.0999	2.0220	5.0800	4.4956	0.5844	0.7828	0.7465	0.0362	4.2972	3.7491	0.5481	1.5855	0.8292	0.7562	0.1810	0.1691	0.0119	1.4044	0.6601	0.7443	0.4253	2.9897	0.6612	2.6430	2.7292	1.2507	0.4182	2.9725	0.6909	1.3494	0.1400	2.6755	0.0966	0.0956	0.1102	1.5108	0.1513	2.7165
35	80	0.1945	3	0	1	0	1	0	0	0	0	N	N	N	N	N	N	N	N	N	N	N	N	0.0971	0.0800	0.0275	0.0547	0.0580	0.0016	0.0934	0.0572	0.0363	0.0847	0.0959	0.0008	0.0178	0.0186	0.0001	0.0951	0.1092	0.0008	0.8719	1.1987	0.0291	0.3257	0.3209	0.0920	1.0187	1.9086	0.0230	0.0011	0.0398	-0.0325	-0.0443	53.2438	6.1279	16.6757	3.6878	0.1137	0.1135	0.0001	0.0032	0.0032	0.0000	0.1104	0.1103	0.0001	0.0751	0.0722	0.0029	0.0042	0.0041	0.0001	0.0708	0.0681	0.0028	1.3427	1.1844	0.1584	0.1819	0.1741	0.0078	1.1608	1.0103	0.1506	0.4526	0.2486	0.2040	0.0618	0.0599	0.0018	0.3908	0.1887	0.2022	0.5105	0.3302	0.0569	0.2599	0.2703	0.0024	0.5250	0.3027	0.0611	0.1658	0.2903	0.0141	0.0685	0.0688	0.0588	0.1812	0.3607	0.0137
35	81	0.2826	7	1	0	1	1	0	0	0	0	N	N	N	N	N	N	N	N	N	N	N	N	0.7116	23.9824	0.0064	29.1715	30.2566	0.0113	0.2895	616.5367	0.0077	0.5150	0.5779	0.0091	1.3471	1.4216	0.0003	0.2489	0.2843	0.0102	0.7238	0.0241	1.4264	0.0462	0.0470	0.0257	0.8598	0.0005	1.3276	0.0020	29.8719	-0.8212	0.0405	53.2438	27.2690	16.6757	12.3406	2.8796	2.8739	0.0056	1.8252	1.8251	0.0000	1.0544	1.0488	0.0056	0.1193	0.0039	0.1155	0.0043	0.0039	0.0004	0.1151	0.0000	0.1151	5.5909	4.9734	0.6174	1.3549	1.2838	0.0710	4.2360	3.6896	0.5464	1.3629	0.7362	0.6267	0.1982	0.1816	0.0166	1.1647	0.5546	0.6101	5.8817	110.0464	0.0494	62.5109	66.8207	0.0118	2.5193	125499.4033	0.0543	0.0876	0.0053	0.1843	0.0216	0.0213	0.0246	0.0988	0.0000	0.1886
35	82	0.2673	6	0	0	0	1	0	0	0	0	N	N	N	N	N	N	N	N	N	N	N	N	141.4993	42.9591	3552.9537	0.7620	0.6971	1.1361	266.3079	16.0431	4140.6112	0.8931	0.5037	4.2724	0.0120	0.0126	0.0015	1.2539	0.7222	4.9643	0.0063	0.0117	0.0012	0.0158	0.0180	0.0013	0.0047	0.0450	0.0012	0.9774	0.3238	0.4166	-0.0003	53.2438	9.0798	16.6757	0.9519	2.0111	1.0171	0.9941	0.0079	0.0078	0.0000	2.0033	1.0093	0.9940	0.0008	0.0006	0.0002	0.0005	0.0005	0.0000	0.0004	0.0002	0.0002	2.2520	2.0193	0.2327	0.6543	0.6219	0.0324	1.5977	1.3974	0.2002	0.3606	0.1910	0.1696	0.0465	0.0421	0.0045	0.3141	0.1490	0.1652	386.2709	152.7618	3552.9537	1.2165	1.1652	1.1361	1053.7000	612.0335	4140.6112	0.0023	0.0033	0.0012	0.0099	0.0108	0.0013	0.0012	0.0012	0.0012
35	83	0.1945	3	0	1	0	1	0	0	0	0	N	N	N	N	N	N	N	N	N	N	N	N	0.1894	0.0275	41.8011	0.0149	0.0154	0.1187	4.5969	1609.4157	48.4304	0.0214	0.0095	0.1123	0.0096	0.0098	0.0043	0.0233	0.0094	0.1179	0.1131	0.3439	0.0027	0.6401	0.6364	0.0365	0.0051	0.0000	0.0024	1.5644	0.1239	0.0306	-0.0083	53.2438	21.0000	16.6757	14.4214	0.0948	0.0370	0.0579	0.0057	0.0056	0.0001	0.0891	0.0314	0.0577	0.0161	0.0143	0.0018	0.0145	0.0143	0.0002	0.0016	0.0000	0.0016	4.4274	3.9123	0.5151	0.5981	0.5727	0.0254	3.8294	3.3397	0.4897	1.3691	0.7096	0.6594	0.1233	0.1175	0.0059	1.2457	0.5921	0.6536	1.8246	0.4691	41.8011	0.0815	0.0805	0.1405	18.2176	1635891.1639	48.4304	0.0117	0.0202	0.0027	0.1174	0.1217	0.0308	0.0013	0.0000	0.0024
35	84	0.2522	7	0	0	1	1	0	0	0	0	N	N	N	N	N	N	N	N	N	N	N	N	0.0911	0.0706	0.0001	0.0946	0.0856	0.0000	0.0034	0.0003	0.0002	0.1130	0.1273	0.0000	0.5196	0.5492	0.0000	0.0000	0.0000	0.0000	1.2410	1.8030	0.0008	5.4927	6.4179	0.0116	0.0011	0.0140	0.0003	0.0000	0.0004	-0.1463	-0.6237	53.2438	20.4085	16.6757	11.0867	0.5094	0.5094	0.0000	0.5094	0.5094	0.0000	0.0000	0.0000	0.0000	0.9933	0.9928	0.0004	0.9929	0.9926	0.0003	0.0004	0.0002	0.0001	4.5069	4.0022	0.5047	0.9803	0.9275	0.0528	3.5266	3.0747	0.4519	1.1393	0.5931	0.5462	0.1808	0.1547	0.0261	0.9586	0.4385	0.5201	0.1296	0.0760	0.0001	0.0946	0.0856	0.0000	0.0104	0.0086	0.0002	0.8718	1.6739	0.0008	5.4927	6.4179	0.0116	0.0004	0.0005	0.0003
35	85	0.2485	6	0	0	1	1	0	0	0	0	N	N	N	N	N	N	N	N	N	N	N	N	0.8063	0.3278	3010.3514	1.5421	1.4991	0.1430	0.5953	0.0004	8588.0918	0.5031	0.2826	2.3362	0.7005	0.7494	0.0014	0.3922	0.0006	2.9907	0.6240	0.8622	0.0008	0.4542	0.4999	0.0100	0.6588	1.4430	0.0003	0.9945	0.0060	0.1059	-0.0068	53.2438	3.1287	16.6757	1.1816	0.5008	0.2511	0.2497	0.2508	0.2508	0.0000	0.2500	0.0003	0.2497	0.0109	0.0108	0.0001	0.0031	0.0030	0.0000	0.0078	0.0078	0.0000	0.9955	0.8886	0.1069	0.3581	0.3347	0.0234	0.6374	0.5539	0.0835	0.1846	0.1017	0.0830	0.0351	0.0314	0.0037	0.1496	0.0703	0.0793	8.5592	2.6636	3010.3514	7.9849	7.7343	0.1430	7.5433	0.0053	8588.0918	0.0588	0.1061	0.0008	0.0877	0.0969	0.0100	0.0520	0.1102	0.0003
35	86	0.2415	5	0	0	0	1	0	0	0	0	N	N	N	N	N	N	N	N	N	N	N	N	2.5641	1.1437	6366.8268	7.1689	6.6819	0.9100	1.8599	0.1495	9352.4343	1.1391	0.7612	4.2282	1.8799	2.0244	0.0025	0.8120	0.1688	5.2902	0.4443	0.6656	0.0007	0.2622	0.3030	0.0028	0.4366	1.1290	0.0006	0.6795	0.0093	0.1459	-0.0055	53.2438	4.0532	16.6757	2.2470	1.2424	0.7397	0.5026	0.6281	0.6281	0.0001	0.6142	0.1116	0.5026	0.0090	0.0089	0.0001	0.0031	0.0031	0.0000	0.0058	0.0058	0.0001	1.0906	0.9717	0.1189	0.3341	0.3103	0.0239	0.7565	0.6615	0.0950	0.2730	0.1487	0.1243	0.0517	0.0462	0.0055	0.2213	0.1025	0.1188	34.7356	12.7632	6366.8268	31.0881	30.0692	0.9100	30.8385	3.0043	9352.4343	0.0328	0.0596	0.0007	0.0605	0.0673	0.0028	0.0263	0.0562	0.0006
35	87	0.2184	4	0	0	0	1	0	0	0	0	N	N	N	N	N	N	N	N	N	N	N	N	0.4684	0.3303	16.1479	0.0688	0.0761	0.0530	0.5528	0.3386	20.6719	0.6985	0.7908	0.0328	0.0195	0.0214	0.0001	1.0274	1.1873	0.0424	1.4912	2.3943	0.0020	0.2840	0.2805	0.0011	1.8585	3.5068	0.0021	0.0057	0.0006	-0.2863	-0.6008	53.2438	4.7288	16.6757	9.8540	1.0174	1.0115	0.0058	0.0093	0.0093	0.0000	1.0081	1.0023	0.0058	0.9571	0.9565	0.0006	0.0085	0.0085	0.0000	0.9486	0.9480	0.0006	1.4565	1.2792	0.1773	0.4753	0.4350	0.0403	0.9811	0.8441	0.1370	0.7024	0.3995	0.3029	0.1362	0.1292	0.0070	0.5662	0.2703	0.2959	0.5126	0.3303	16.1479	0.3130	0.3246	0.0530	0.6133	0.3386	20.6719	1.3627	2.3943	0.0020	0.0624	0.0658	0.0011	1.6754	3.5068	0.0021
35	88	0.1945	3	0	0	0	1	0	0	0	0	N	N	N	N	N	N	N	N	N	N	N	N	0.0105	0.0077	0.2580	0.0516	0.0547	0.0010	0.0045	0.0016	0.3150	0.0065	0.0064	0.0080	0.0294	0.0307	0.0000	0.0030	0.0022	0.0084	0.6211	0.8219	0.0309	0.5697	0.5614	0.0480	0.6541	1.3406	0.0266	0.1673	0.1387	-0.0018	-0.0197	53.2438	8.6320	16.6757	7.0881	0.0123	0.0105	0.0018	0.0075	0.0075	0.0000	0.0048	0.0031	0.0018	0.0388	0.0341	0.0047	0.0082	0.0080	0.0001	0.0307	0.0261	0.0046	1.8788	1.6577	0.2211	0.2543	0.2434	0.0109	1.6245	1.4143	0.2102	0.6734	0.3592	0.3142	0.0766	0.0738	0.0028	0.5968	0.2854	0.3114	0.1135	0.0670	0.5295	0.2763	0.2818	0.0013	0.0577	0.0237	0.5643	0.0577	0.0949	0.0151	0.1065	0.1091	0.0376	0.0514	0.0913	0.0149
35	89	0.2623	5	0	1	0	1	0	0	0	0	N	N	N	N	N	N	N	N	N	N	N	N	80.6525	46.7473	307.1058	70.2870	68.6397	3.8465	133.1145	201.0793	414.5918	0.2371	0.2413	0.2048	0.5862	0.6275	0.0123	0.1219	0.1046	0.2377	0.0029	0.0052	0.0007	0.0083	0.0091	0.0032	0.0009	0.0005	0.0006	0.1096	0.3145	-0.1679	-0.0004	53.2438	15.4622	16.6757	5.2688	0.8915	0.8035	0.0880	0.5469	0.5462	0.0008	0.3446	0.2573	0.0873	0.0011	0.0008	0.0003	0.0009	0.0008	0.0000	0.0002	0.0000	0.0002	3.7601	3.3302	0.4299	0.9331	0.8704	0.0627	2.8270	2.4598	0.3672	0.8614	0.4684	0.3930	0.1425	0.1285	0.0140	0.7190	0.3399	0.3790	186.4289	135.5956	307.1058	95.1734	96.8324	3.8465	401.6406	38731.1637	414.5918	0.0013	0.0018	0.0007	0.0062	0.0065	0.0032	0.0003	0.0000	0.0006
35	90	0.2505	4	0	0	0	1	0	0	0	0	N	N	N	N	N	N	N	N	N	N	N	N	100.9806	37.9854	1479.3718	170.1320	159.8926	171.8802	88.8298	2.5382	1855.9797	0.6193	0.2816	3.1008	0.4943	0.5087	0.3570	0.6691	0.1875	3.8999	0.0061	0.0074	0.0021	0.0029	0.0032	0.0021	0.0075	0.0739	0.0021	1.4980	0.5234	0.4215	-0.0004	53.2438	7.5917	16.6757	1.5198	1.3487	0.5399	0.8088	0.3068	0.2858	0.0210	1.0419	0.2541	0.7878	0.0015	0.0010	0.0005	0.0008	0.0007	0.0001	0.0008	0.0003	0.0004	2.1780	1.9172	0.2608	0.6208	0.5619	0.0588	1.5572	1.3552	0.2020	0.6819	0.4300	0.2519	0.2682	0.2137	0.0544	0.4137	0.2163	0.1974	274.7817	120.0474	1479.3718	170.1320	163.2255	171.8802	365.3868	118.3209	1855.9797	0.0023	0.0023	0.0021	0.0029	0.0031	0.0021	0.0018	0.0016	0.0021
35	91	0.3598	8	1	0	1	1	0	0	0	0	N	N	N	N	N	N	N	N	N	N	N	N	4.0215	485.9674	0.0000	441.6049	413.0664	0.0012	inf	0.0000	0.0002	0.0002	0.0000	0.0006	0.0006	0.0000	0.0000	0.0000	0.0000	0.0000	0.0000	0.0001	0.0000	0.0000	0.0000	0.0001	0.0000	0.0001	0.0000	200.2500	-0.0000	0.0000	53.2438	3.0317	16.6757	0.1644	0.0001	0.0001	0.0000	0.0001	0.0001	0.0000	0.0000	0.0000	0.0000	0.0000	0.0000	0.0000	0.0000	0.0000	0.0000	0.0000	0.0000	0.0000	0.6472	0.5761	0.0711	0.1664	0.1581	0.0084	0.4807	0.4180	0.0627	0.1096	0.0586	0.0510	0.0154	0.0137	0.0017	0.0942	0.0449	0.0493	4.0215	485.9674	0.0000	441.6049	413.0664	0.0000	0.0032	inf	0.0000	0.0000	0.0000	0.0001	0.0000	0.0000	0.0000	0.0000	0.0000	0.0001	
35	92	0.3540	7	1	0	1	1	0	0	0	0	N	N	N	N	N	N	N	N	N	N	N	N	29.5407	9.0005	89.7775	13.8259	12.8659	0.0827	1648.5000	54.9495	263.9183	0.3782	0.4160	0.0040	0.7684	0.8094	0.0001	0.0611	0.0691	0.0053	0.0128	0.0462	0.0000	0.0556	0.0629	0.0008	0.0000	0.0013	0.0000	0.0010	0.0051	-0.0898	-0.0003	53.2438	2.6632	16.6757	1.0147	0.3138	0.3135	0.0003	0.2858	0.2858	0.0000	0.0280	0.0277	0.0003	0.0005	0.0005	0.0000	0.0005	0.0005	0.0000	0.0000	0.0000	0.0000	0.8296	0.7535	0.0761	0.3720	0.3531	0.0188	0.4577	0.4004	0.0572	0.1352	0.0741	0.0611	0.0217	0.0197	0.0020	0.1135	0.0544	0.0591	95.3718	57.8055	89.7775	31.1933	29.9846	0.0827	3295.2120	4078.8248	263.9183	0.0040	0.0072	0.0000	0.0246	0.0270	0.0008	0.0000	0.0000	0.0000
35	93	0.2707	6	1	0	1	1	0	0	0	0	N	N	N	N	N	N	N	N	N	N	N	N	121.0704	39.7778	3352.8854	12.0695	10.7549	11.6428	948.8204	359.8985	4221.4073	0.9024	0.7165	2.4269	0.3936	0.4124	0.0370	1.0708	0.8262	2.7355	0.0075	0.0180	0.0007	0.0326	0.0383	0.0032	0.0011	0.0023	0.0006	0.4129	0.1437	0.0353	-0.0022	53.2438	35.0787	16.6757	12.2568	6.9555	4.9230	2.0325	0.7545	0.7510	0.0035	6.2010	4.1720	2.0289	0.0043	0.0037	0.0005	0.0038	0.0037	0.0001	0.0005	0.0000	0.0005	7.7082	6.8707	0.8375	1.9169	1.8212	0.0958	5.7912	5.0495	0.7417	1.5883	0.8452	0.7431	0.2235	0.2012	0.0223	1.3648	0.6440	0.7208	334.7350	161.7666	3352.8854	23.3017	22.3961	11.6428	2888.2013	13678.1126	4221.4073	0.0027	0.0044	0.0007	0.0169	0.0184	0.0032	0.0004	0.0001	0.0006
35	94	0.2572	5	1	0	0	1	0	0	0	0	N	N	N	N	N	N	N	N	N	N	N	N	8.6752	44.1309	7.2833	109.4651	102.8516	32.7749	2.3079	2.5568	9.7066	0.3191	0.3329	0.2021	0.6625	0.6943	0.0301	0.1699	0.1609	0.2294	0.0368	0.0075	0.0277	0.0061	0.0068	0.0009	0.0736	0.0629	0.0236	0.0719	4.9198	-0.1748	0.0006	53.2438	8.4810	16.6757	2.3446	0.7943	0.7411	0.0533	0.4996	0.4985	0.0011	0.2948	0.2426	0.0522	0.0031	0.0005	0.0025	0.0003	0.0003	0.0000	0.0028	0.0002	0.0025	2.4894	2.2258	0.2635	0.7541	0.7179	0.0361	1.7353	1.5079	0.2274	0.4078	0.2198	0.1879	0.0585	0.0534	0.0051	0.3493	0.1665	0.1829	42.4144	141.2384	14.8978	136.3363	132.6293	32.7749	21.3155	112.1546	16.4849	0.0075	0.0024	0.0136	0.0049	0.0052	0.0009	0.0080	0.0014	0.0139
35	95	0.1945	3	0	1	0	2	0	0	0	0	N	N	N	Y	N	N	N	N	N	N	N	N	0.3680	0.3323	0.3317	0.0288	0.0297	0.3098	0.3899	0.2942	0.3347	0.8465	0.7327	1.7133	0.0229	0.0239	0.0021	0.9751	0.8542	1.8021	2.3004	2.2053	5.1658	0.7972	0.8023	0.0068	2.5008	2.9030	5.3836	0.3069	1.0218	-0.2223	-0.4915	53.2438	24.0032	16.6757	22.6134	4.2515	3.2531	0.9984	0.0155	0.0155	0.0001	4.2360	3.2376	0.9984	3.9977	1.9772	2.0204	0.0222	0.0222	0.0001	3.9754	1.9551	2.0204	5.0224	4.4397	0.5828	0.6782	0.6494	0.0288	4.3443	3.7903	0.5540	1.7378	0.8966	0.8412	0.1482	0.1407	0.0075	1.5897	0.7559	0.8337	0.3680	0.3323	0.7133	0.1528	0.1513	0.3098	0.3899	0.3303	0.7437	2.3004	2.2053	2.4018	0.1501	0.1577	0.0068	2.5008	2.5863	2.4233
35	96	0.6119	7	0	1	0	1	0	0	0	0	N	N	N	N	N	N	N	N	N	N	N	N	0.2683	0.2342	0.1951	0.4444	0.4419	48.0194	0.0073	0.0587	0.1461	0.2140	0.2350	0.0277	0.5723	0.6026	0.0552	0.0031	0.0005	0.0207	0.7975	1.0034	0.1420	1.2877	1.3639	0.0011	0.4242	0.0085	0.1416	0.0133	0.1659	-0.2358	-0.0549	53.2438	18.5150	16.6757	10.2301	0.8605	0.8492	0.0113	0.8526	0.8481	0.0046	0.0078	0.0011	0.0067	0.1129	0.0969	0.0161	0.0968	0.0968	0.0000	0.0161	0.0001	0.0160	4.0207	3.6138	0.4070	1.4898	1.4073	0.0826	2.5309	2.2065	0.3244	0.9860	0.6136	0.3725	0.3466	0.3117	0.0350	0.6394	0.3019	0.3375	1.8683	1.4883	0.6417	2.0492	1.9410	48.0194	0.1223	1.4766	0.4355	0.1145	0.1579	0.0432	0.2793	0.3105	0.0011	0.0252	0.0003	0.0475
35	97	0.2237	4	0	1	0	1	0	0	0	0	N	N	N	N	N	N	N	N	N	N	N	N	0.7706	0.4539	8647.3265	2.9737	2.9513	18.4450	0.7017	0.3145	13730.5101	0.8122	0.6713	1.8913	0.5201	0.5391	0.0863	0.8632	0.6967	1.9947	1.0540	1.4790	0.0002	0.1749	0.1827	0.0047	1.2303	2.2154	0.0001	0.3679	0.0003	-0.1373	-0.6327	53.2438	46.1140	16.6757	26.4917	7.5542	5.5224	2.0318	0.7193	0.7143	0.0050	6.8350	4.8082	2.0268	1.0073	1.0070	0.0003	0.0118	0.0118	0.0001	0.9954	0.9953	0.0002	9.3008	8.2266	1.0743	1.3830	1.3248	0.0582	7.9178	6.9018	1.0161	2.4729	1.3143	1.1586	0.2506	0.2318	0.0188	2.2223	1.0825	1.1398	1.9940	0.8761	8647.3265	11.0061	10.6338	18.4450	1.9272	0.7577	13730.5101	0.4073	0.7662	0.0002	0.0473	0.0507	0.0047	0.4479	0.9195	0.0001
35	98	0.6649	9	0	1	0	1	0	0	0	0	N	N	N	N	N	N	N	N	N	N	N	N	0.2495	0.0018	56724.0296	0.2576	0.0030	38483.9025	64.2339	0.0004	73761.5261	0.2108	0.0020	2.1205	0.4382	0.0052	8.4410	0.0837	0.0000	0.6689	0.8450	1.1259	0.0000	1.7010	1.7493	0.0002	0.0013	0.0259	0.0000	117.4720	0.0001	0.5858	-0.0729	53.2438	20.7840	16.6757	8.9470	0.8316	0.0070	0.8246	0.6200	0.0070	0.6130	0.2116	0.0000	0.2115	0.1160	0.1160	0.0000	0.1158	0.1158	0.0000	0.0002	0.0002	0.0000	3.9442	3.5554	0.3889	1.4151	1.3425	0.0726	2.5291	2.2129	0.3162	0.8160	0.4961	0.3199	0.2642	0.2211	0.0431	0.5518	0.2750	0.2768	1.4829	0.0084	56724.0296	0.9997	0.0100	38483.9025	198.5757	0.0120	73761.5261	0.1422	0.2338	0.0000	0.4383	0.5236	0.0002	0.0004	0.0008	0.0000
35	99	0.6599	8	0	0	0	1	0	0	0	0	N	N	N	N	N	N	N	N	N	N	N	N	0.3050	0.1976	1.8985	1.4932	1.3046	16.1133	0.1804	0.0308	1.7782	0.0257	0.0248	0.0332	0.0320	0.0310	0.0451	0.0168	0.0153	0.0254	0.0842	0.1257	0.0175	0.0214	0.0238	0.0028	0.0933	0.4986	0.0143	0.1512	0.6149	-0.0061	-0.0005	53.2438	2.7834	16.6757	1.0450	0.0390	0.0339	0.0051	0.0284	0.0256	0.0028	0.0106	0.0083	0.0024	0.0021	0.0013	0.0008	0.0010	0.0010	0.0000	0.0011	0.0003	0.0008	1.5197	1.3653	0.1544	0.8883	0.8273	0.0611	0.6314	0.5381	0.0933	0.2029	0.1175	0.0854	0.0781	0.0730	0.0051	0.1247	0.0445	0.0803	2.5119	2.2715	3.5895	2.5630	2.3574	16.1133	1.9091	2.1060	2.6288	0.0102	0.0109	0.0093	0.0125	0.0132	0.0028	0.0088	0.0073	0.0097
35	100	0.6499	7	0	0	0	1	0	0	0	0	N	N	N	N	N	N	N	N	N	N	N	N	3.0069	0.5162	156.3338	4.2200	3.6444	35.1757	11.6701	0.0553	298.1190	0.2066	0.0914	1.1555	0.1559	0.1509	0.2243	0.2685	0.0112	1.6467	0.0687	0.1772	0.0074	0.0369	0.0414	0.0064	0.0230	0.2027	0.0055	1.5336	0.2488	0.2108	-0.0021	53.2438	7.6044	16.6757	2.7972	0.6625	0.2615	0.4010	0.2747	0.2478	0.0269	0.3878	0.0136	0.3741	0.0048	0.0039	0.0010	0.0036	0.0035	0.0001	0.0012	0.0003	0.0009	3.2065	2.8595	0.3470	1.7620	1.6421	0.1198	1.4445	1.2173	0.2272	0.5019	0.3099	0.1920	0.1989	0.1820	0.0169	0.3029	0.1279	0.1751	21.4311	7.3134	230.1651	8.5354	7.7909	35.1757	67.5046	4.1115	336.7896	0.0096	0.0125	0.0050	0.0183	0.0194	0.0064	0.0040	0.0027	0.0049
35	101	0.6003	6	0	0	0	1	0	0	0	0	N	N	N	N	N	N	N	N	N	N	N	N	1.0817	0.6648	34.3170	1.2208	1.1794	17.1801	1.0531	0.1697	50.9623	0.8219	0.6558	2.2974	1.4166	1.4513	0.8214	0.4726	0.1495	2.6699	0.7598	0.9865	0.0669	1.1604	1.2306	0.0478	0.4488	0.8808	0.0524	0.3942	0.1195	-0.0148	-0.0537	53.2438	18.4780	16.6757	12.4520	3.3883	2.4302	0.9581	2.1608	2.0918	0.0690	1.2275	0.3384	0.8890	0.1030	0.0920	0.0110	0.0846	0.0831	0.0015	0.0183	0.0089	0.0095	4.1227	3.7057	0.4170	1.5253	1.4413	0.0840	2.5973	2.2644	0.3330	1.0167	0.6241	0.3926	0.3539	0.3131	0.0408	0.6628	0.3110	0.3518	8.1156	4.4504	82.0483	5.9236	5.4679	21.8252	17.0931	5.2418	99.3185	0.1013	0.1474	0.0280	0.2391	0.2654	0.0376	0.0276	0.0285	0.0269
35	102	0.2363	4	0	1	0	1	0	0	0	0	N	N	N	N	N	N	N	N	N	N	N	N	0.4805	0.3600	0.3348	0.4379	0.4954	0.3300	0.4912	0.2887	0.3519	0.6835	0.6178	1.1492	0.3772	0.3384	0.8340	0.8403	0.7722	1.2350	1.4226	1.7159	3.4326	0.8613	0.6832	2.5274	1.7105	2.6748	3.5094	0.2626	0.4574	-0.5975	-0.9183	53.2438	34.1922	16.6757	22.4626	7.5501	5.9797	1.5704	1.4100	1.1664	0.2436	6.1401	4.8133	1.3268	2.9197	2.0034	0.9163	0.0755	0.0571	0.0183	2.8442	1.9462	0.8980	11.0457	9.6792	1.3665	3.7384	3.4463	0.2921	7.3072	6.2329	1.0743	2.3926	1.3621	1.0305	0.4680	0.4354	0.0326	1.9246	0.9268	0.9978	0.5601	0.4200	1.2924	2.3389	2.5785	1.4855	0.5686	0.3677	1.3722	1.2203	1.4708	0.8892	0.1613	0.1313	0.5614	1.4778	2.1000	0.9000
35	103	0.1885	3	0	1	0	1	0	0	0	0	N	N	N	N	N	N	N	N	N	N	N	N	1.2553	0.6533	3.8630	0.5920	0.4235	1.2634	1.2555	0.5489	4.6216	1.0966	0.6984	3.9032	1.1067	0.7468	5.1458	1.0928	0.6793	3.6352	0.8736	1.0690	1.0104	1.8696	1.7635	4.0730	0.8704	1.2375	0.7866	0.7930	0.6048	1.0985	-0.0656	53.2438	22.5884	16.6757	11.0115	7.0803	3.9488	3.1315	1.9257	1.1931	0.7326	5.1546	2.7557	2.3989	0.2608	0.1625	0.0983	0.1241	0.1194	0.0047	0.1366	0.0431	0.0936	6.4567	5.6544	0.8023	1.7400	1.5976	0.1424	4.7167	4.0568	0.6599	1.5569	0.8197	0.7373	0.2318	0.2250	0.0067	1.3252	0.5946	0.7306	6.5474	3.5229	29.2820	2.0664	1.4076	7.3067	10.5993	9.3756	28.3877	0.1675	0.1982	0.1333	0.5356	0.5306	0.7043	0.1031	0.0725	0.1281
35	104	0.1584	2	0	0	0	1	0	0	0	0	N	N	N	N	N	N	N	N	N	N	N	N	0.5433	0.5148	0.5817	0.6977	0.8405	0.0372	0.4144	0.2722	0.6271	0.7176	0.4020	2.6818	0.9195	0.9047	1.0646	0.6405	0.1958	3.0490	1.3207	0.7810	4.6103	1.3179	1.0763	28.6256	1.5456	0.7192	4.8624	1.0715	21.6758	0.6018	0.3749	53.2438	11.8100	16.6757	8.7888	2.6148	1.2622	1.3526	0.9258	0.8265	0.0994	1.6890	0.4358	1.2532	1.1446	0.0505	1.0942	0.0559	0.0445	0.0114	1.0887	0.0060	1.0827	3.6440	3.1396	0.5043	1.0069	0.9136	0.0933	2.6371	2.2260	0.4110	1.1132	0.5760	0.5373	0.1968	0.1943	0.0025	0.9164	0.3817	0.5347	0.6979	4.5872	1.3169	3.2372	3.9529	0.2360	0.5391	12.4313	1.5058	1.0282	0.0876	2.0365	0.2840	0.2289	4.5119	1.1881	0.0157	2.0248
35	106	0.2673	6	0	1	0	1	0	0	0	0	N	N	N	N	N	N	N	N	N	N	N	N	4.8348	1.6564	109966.1386	0.0143	0.0142	0.6350	62358.0441	1091.7188	181615.1887	0.9066	0.7629	2.1011	0.0096	0.0101	0.0002	1.2127	1.0419	2.3935	0.1875	0.4606	0.0000	0.6672	0.7078	0.0002	0.0000	0.0010	0.0000	0.3312	0.0006	-0.1539	-0.0087	53.2438	20.0414	16.6757	7.0324	4.0141	3.0153	0.9987	0.0108	0.0108	0.0000	4.0033	3.0046	0.9987	0.0139	0.0139	0.0000	0.0139	0.0139	0.0000	0.0000	0.0000	0.0000	4.4278	3.9525	0.4753	1.1267	1.0687	0.0581	3.3011	2.8838	0.4173	0.9268	0.4888	0.4380	0.1132	0.1020	0.0112	0.8136	0.3868	0.4267	60.3129	26.7860	109966.1386	0.0777	0.0737	0.6350	108575.9951	116379.8732	181615.1887	0.0150	0.0285	0.0000	0.1230	0.1365	0.0002	0.0000	0.0000	0.0000
35	107	0.2572	5	0	0	0	1	0	0	0	0	N	N	N	N	N	N	N	N	N	N	N	N	259.9091	137.2511	629.3511	35.5167	33.2728	18.8279	402.6501	27.9826	748.1065	0.6249	0.6740	0.2049	0.1422	0.1488	0.0110	0.8512	0.9439	0.2380	0.0024	0.0049	0.0003	0.0040	0.0045	0.0006	0.0021	0.0337	0.0003	0.0355	0.1580	-0.3474	-0.0002	53.2438	7.0315	16.6757	1.2144	1.3742	1.3271	0.0471	0.0998	0.0994	0.0004	1.2744	1.2276	0.0468	0.0003	0.0003	0.0000	0.0002	0.0002	0.0000	0.0002	0.0001	0.0000	2.1991	1.9690	0.2301	0.7020	0.6685	0.0336	1.4971	1.3006	0.1965	0.3179	0.1727	0.1452	0.0479	0.0439	0.0041	0.2700	0.1288	0.1411	573.6456	389.2927	629.3511	38.5601	37.4386	18.8279	1355.4131	975.6520	748.1065	0.0011	0.0017	0.0003	0.0037	0.0040	0.0006	0.0006	0.0010	0.0003
35	108	0.2237	4	0	0	0	1	0	0	0	0	N	N	N	N	N	N	N	N	N	N	N	N	1.1265	0.8776	178.6237	14.7318	13.6192	134.2512	1.0548	0.5684	184.2852	0.8075	0.8770	0.3011	0.3861	0.3990	0.0598	0.8923	0.9842	0.3145	0.7169	0.9994	0.0017	0.0262	0.0293	0.0004	0.8459	1.7315	0.0017	0.0471	0.0091	-0.7286	-0.0438	53.2438	16.2725	16.6757	4.4748	3.0089	2.8735	0.1354	0.2409	0.2395	0.0014	2.7680	2.6340	0.1340	0.0707	0.0701	0.0006	0.0015	0.0015	0.0000	0.0693	0.0686	0.0006	3.7260	3.2764	0.4496	0.6238	0.6002	0.0236	3.1022	2.6762	0.4260	0.8301	0.4502	0.3799	0.1024	0.0961	0.0063	0.7277	0.3541	0.3736	9.4754	5.6323	178.6237	26.9485	26.1833	134.2512	9.3729	5.0780	184.2852	0.0852	0.1557	0.0017	0.0143	0.0152	0.0004	0.0952	0.1938	0.0017
35	109	0.2764	5	0	1	0	1	0	0	0	0	N	N	N	N	N	N	N	N	N	N	N	N	6.3773	1.5547	3147.5695	2.1798	1.3061	399.5241	2062.7589	426.4636	6311.6240	0.6946	0.5540	1.8346	0.9294	0.5933	5.9591	0.6271	0.5420	1.2328	0.1089	0.3564	0.0006	0.4264	0.4542	0.0149	0.0003	0.0013	0.0002	0.4083	0.0240	0.0168	-0.0141	53.2438	40.5309	16.6757	14.7974	5.9924	4.2550	1.7374	1.7893	1.0707	0.7186	4.2032	3.1843	1.0188	0.0233	0.0227	0.0005	0.0231	0.0227	0.0004	0.0002	0.0000	0.0002	8.6273	7.6803	0.9470	1.9252	1.8047	0.1206	6.7021	5.8756	0.8264	2.0192	1.0816	0.9376	0.2800	0.2554	0.0247	1.7392	0.8262	0.9129	60.2236	26.3488	3147.5695	11.2692	6.6661	399.5241	5645.1691	30055.8064	6311.6240	0.0115	0.0210	0.0006	0.0825	0.0890	0.0149	0.0001	0.0000	0.0002
35	110	0.2505	4	0	1	0	1	0	0	0	0	N	N	N	N	N	N	N	N	N	N	N	N	1.4630	1.1135	7.7700	36.7400	27.1092	229.8203	1.1685	0.5890	3.2638	0.5125	0.5682	0.0938	0.3150	0.3100	0.3703	0.5749	0.6540	0.0374	0.3503	0.5103	0.0121	0.0086	0.0114	0.0016	0.4920	1.1102	0.0115	0.0220	0.1420	-0.4634	-0.0114	53.2438	13.5236	16.6757	3.5331	1.7443	1.7068	0.0375	0.2572	0.2321	0.0251	1.4872	1.4747	0.0124	0.0226	0.0198	0.0028	0.0019	0.0018	0.0001	0.0208	0.0180	0.0027	3.4035	3.0038	0.3996	0.8164	0.7487	0.0677	2.5870	2.2551	0.3319	0.9643	0.5719	0.3924	0.2916	0.2355	0.0561	0.6727	0.3364	0.3363	21.8533	16.4085	13.0916	49.6424	41.4824	229.8203	18.6230	12.1910	4.6211	0.0235	0.0346	0.0072	0.0063	0.0075	0.0016	0.0309	0.0536	0.0081
35	111	0.1945	3	0	0	0	1	0	0	0	0	N	N	N	N	N	N	N	N	N	N	N	N	3.5715	16.6859	2.1578	7.0897	9.6648	0.1130	3.8408	49.4012	2.8555	0.9051	1.0047	0.1514	1.3123	1.3692	0.0337	0.8415	0.9422	0.1575	0.2534	0.0602	0.0702	0.1851	0.1417	0.2984	0.2191	0.0191	0.0552	0.0199	3.3093	-0.8740	0.0032	53.2438	16.9399	16.6757	15.9768	3.2660	3.2022	0.0638	0.6400	0.6393	0.0007	2.6260	2.5629	0.0631	0.0232	0.0054	0.0178	0.0058	0.0050	0.0007	0.0175	0.0004	0.0171	3.6085	3.1871	0.4214	0.4877	0.4669	0.0208	3.1208	2.7202	0.4006	1.2840	0.6666	0.6174	0.1176	0.1121	0.0055	1.1664	0.5545	0.6119	50.0371	124.2724	5.2406	26.8188	30.5758	0.2519	56.1792	1419.8847	5.6354	0.0181	0.0081	0.0289	0.0489	0.0448	0.1338	0.0150	0.0007	0.0279
35	112	0.2989	7	1	1	0	2	0	0	0	0	N	N	N	Y	N	N	N	N	N	N	N	N	0.0008	0.0005	6.4945	0.0003	0.0002	8.3185	0.0011	0.0006	5.8800	0.0096	0.0104	0.0039	0.0006	0.0004	0.0092	0.0154	0.0179	0.0033	11.5493	20.0715	0.0006	2.2056	2.3102	0.0011	14.1227	28.1231	0.0006	0.0487	0.0000	-0.0000	-0.5559	53.2438	0.0019	16.6757	1.9928	0.0000	0.0000	0.0000	0.0000	0.0000	0.0000	0.0000	0.0000	0.0000	0.8847	0.8847	0.0000	0.0122	0.0122	0.0000	0.8726	0.8726	0.0000	0.0011	0.0010	0.0001	0.0004	0.0004	0.0000	0.0007	0.0006	0.0001	0.0766	0.0441	0.0325	0.0148	0.0131	0.0018	0.0618	0.0310	0.0308	0.0008	0.0005	6.4945	0.0007	0.0004	8.3185	0.0011	0.0006	5.8800	11.5493	20.0715	0.0006	0.8202	0.9311	0.0011	14.1227	28.1231	0.0006
35	113	0.2753	6	1	1	0	2	0	0	0	0	N	N	N	Y	N	N	N	N	N	N	N	N	0.2914	0.2164	182.6392	0.0553	0.0506	73.7038	0.7599	0.1978	199.8902	0.1322	0.1471	0.0237	0.0411	0.0399	0.0689	0.1555	0.1776	0.0204	0.4538	0.6796	0.0001	0.7429	0.7891	0.0009	0.2046	0.8979	0.0001	0.0220	0.0017	-0.0732	-0.0120	53.2438	8.6942	16.6757	6.0502	0.2755	0.2696	0.0059	0.0174	0.0162	0.0012	0.2581	0.2534	0.0048	0.0192	0.0191	0.0000	0.0123	0.0123	0.0000	0.0069	0.0068	0.0000	2.0833	1.8327	0.2506	0.4230	0.4061	0.0169	1.6602	1.4266	0.2336	0.5681	0.3097	0.2584	0.0889	0.0804	0.0086	0.4792	0.2294	0.2498	3.9180	2.3801	182.6392	0.2967	0.2608	73.7038	10.8487	5.9539	199.8902	0.0338	0.0618	0.0001	0.1384	0.1530	0.0009	0.0143	0.0298	0.0001
35	114	0.2965	10	0	1	0	2	0	0	0	0	N	N	N	Y	N	N	N	N	N	N	N	N	0.0000	0.0000	0.0000	0.0000	0.0000	0.0000	0.0000	0.0000	0.0000	0.0000	0.0000	0.0000	0.0000	0.0000	0.0000	0.0000	0.0000	0.0000	0.0000	0.0000	53.2438	0.0001	16.6757	0.0001	0.0000	0.0000	0.0000	0.0000	0.0000	0.0000	0.0000	0.0000	0.0000	0.0000	0.0000	0.0000	0.0000	0.0000	0.0000	0.0000	0.0000	0.0000	0.0000	0.0000	0.0000	0.0000	0.0000	0.0000	0.0000	0.0000	0.0000	0.0001	0.0000	0.0000	0.0000	0.0000	0.0000	0.0000	0.0000	0.0000	0.0000	0.0000	0.0000	0.0000	0.0000	0.0000	0.0000	0.0000	0.0000	0.0000	0.0000	0.0000	0.0000	0.0000	0.0000	0.0000	0.0000	0.0000											
35	115	0.2898	9	0	1	0	2	0	0	0	0	N	N	N	Y	N	N	N	N	N	N	N	N	0.0033	0.0025	0.0000	0.0026	0.0030	0.0000	0.0000	0.0000	0.0000	0.0000	0.0000	0.0000	0.0000	0.0000	0.0000	0.0000	0.0000	0.0000	0.0000	0.0000	0.0000	0.0000	0.0000	0.0000	0.0000	0.2499	-0.0000	-0.0000	53.2438	3.0007	16.6757	1.0012	0.0000	0.0000	0.0000	0.0000	0.0000	0.0000	0.0000	0.0000	0.0000	0.0000	0.0000	0.0000	0.0000	0.0000	0.0000	0.0000	0.0000	0.0000	0.6517	0.5781	0.0736	0.1243	0.1183	0.0060	0.5274	0.4599	0.0676	0.1464	0.0793	0.0671	0.0217	0.0191	0.0025	0.1247	0.0602	0.0645	0.0033	0.0025	0.0000	0.0026	0.0030	0.0000	0.0000	0.0000	0.0000	0.0000	0.0000	0.0000	0.0000	0.0000	0.0000	0.0000	0.0000	0.0000			
35	116	0.2879	8	0	0	0	2	0	0	0	0	N	N	N	Y	N	N	N	N	N	N	N	N	23.7445	24.1712	4.2203	70.5723	70.4529	0.7163	0.5771	0.0000	4.5989	0.0000	0.0001	0.0000	0.0002	0.0002	0.0000	0.0000	0.0000	0.0000	0.0000	0.0000	0.0000	0.0000	0.0000	0.0000	0.0000	0.0004	0.0000	0.0179	0.7039	-0.0000	-0.0000	53.2438	1.1177	16.6757	0.0023	0.0000	0.0000	0.0000	0.0000	0.0000	0.0000	0.0000	0.0000	0.0000	0.0000	0.0000	0.0000	0.0000	0.0000	0.0000	0.0000	0.0000	0.0000	0.2559	0.2278	0.0281	0.0581	0.0553	0.0027	0.1978	0.1724	0.0254	0.0412	0.0223	0.0189	0.0061	0.0053	0.0007	0.0351	0.0169	0.0182	23.7445	24.1712	4.2203	70.5723	70.4529	0.7163	0.5771	0.0000	4.5989	0.0000	0.0000	0.0000	0.0000	0.0000	0.0000	0.0000	0.0000	0.0000
35	117	0.2849	4	0	1	0	1	0	0	0	0	N	N	N	N	N	N	N	N	N	N	N	N	0.9591	0.6623	1338.2016	6.6070	6.2551	81.7276	0.8805	0.4575	1651.4078	1.0468	1.0015	1.4199	0.7848	0.8076	0.3679	1.1347	1.0722	1.5639	1.0914	1.5121	0.0011	0.1188	0.1291	0.0045	1.2887	2.3434	0.0009	0.1722	0.0010	-0.9956	-0.6340	53.2438	31.2782	16.6757	23.9277	7.0993	6.0565	1.0429	1.3380	1.3055	0.0325	5.7613	4.7510	1.0103	1.0105	1.0095	0.0010	0.0146	0.0145	0.0001	0.9959	0.9951	0.0008	6.7820	6.0476	0.7344	1.7048	1.6164	0.0884	5.0772	4.4311	0.6461	2.0560	1.1430	0.9131	0.3677	0.3384	0.0293	1.6883	0.8045	0.8838	2.1299	1.1339	1338.2016	19.7679	18.8919	81.7276	1.9237	0.8669	1651.4078	0.4915	0.8832	0.0011	0.0397	0.0428	0.0045	0.5899	1.2368	0.0009
35	118	0.2879	8	0	0	1	2	0	0	0	0	N	N	N	Y	N	N	N	N	N	N	N	N	9735.2191	5288.4574	inf	1.5080	1.3975	inf	inf	inf	inf	1.1699	1.3174	0.0000	0.0012	0.0013	0.0000	1.4639	1.6788	0.0000	0.0001	0.0002	0.0000	0.0008	0.0009	0.0000	0.0000	0.0000	0.0000	0.0000	0.0000	-0.2866	-0.0000	53.2438	3.8827	16.6757	2.9998	0.9982	0.9982	0.0000	0.0002	0.0002	0.0000	0.9979	0.9979	0.0000	0.0000	0.0000	0.0000	0.0000	0.0000	0.0000	0.0000	0.0000	0.0000	0.8532	0.7577	0.0955	0.1715	0.1632	0.0082	0.6817	0.5944	0.0873	0.2496	0.1352	0.1145	0.0365	0.0322	0.0043	0.2131	0.1029	0.1102	9735.2191	5935.9709	inf	1.5080	1.3975	inf	inf	inf	inf	0.0001	0.0002	0.0000	0.0008	0.0009	0.0000	0.0000	0.0000	0.0000
35	119	0.2850	7	0	0	0	2	0	0	0	0	N	N	N	Y	N	N	N	N	N	N	N	N	121.1244	72.5665	52.3194	2065.4145	1949.7965	57.2202	0.8034	0.0264	56.5853	0.0129	0.0143	0.0009	0.0461	0.0484	0.0002	0.0003	0.0002	0.0010	0.0001	0.0002	0.0000	0.0000	0.0000	0.0000	0.0003	0.0060	0.0000	0.0073	0.0805	-0.0027	-0.0000	53.2438	2.8083	16.6757	0.0030	0.0097	0.0096	0.0001	0.0095	0.0095	0.0000	0.0001	0.0001	0.0001	0.0000	0.0000	0.0000	0.0000	0.0000	0.0000	0.0000	0.0000	0.0000	0.7485	0.6711	0.0774	0.2071	0.1973	0.0098	0.5414	0.4738	0.0676	0.1041	0.0562	0.0479	0.0154	0.0136	0.0018	0.0887	0.0425	0.0461	121.1244	78.2097	52.3194	2065.4145	1949.7965	57.2202	2.1721	0.6738	56.5853	0.0001	0.0002	0.0000	0.0000	0.0000	0.0000	0.0001	0.0002	0.0000
35	120	0.2850	7	0	0	1	2	0	0	0	0	N	N	N	Y	N	N	N	N	N	N	N	N	128.8639	95.4126	3.0819	4332.2936	4104.4515	36.1628	0.3918	0.0167	3.1156	0.0050	0.0056	0.0001	0.0232	0.0244	0.0000	0.0000	0.0000	0.0001	0.0000	0.0001	0.0000	0.0000	0.0000	0.0000	0.0001	0.0026	0.0000	0.0014	0.3275	-0.0031	-0.0000	53.2438	9.6158	16.6757	0.0030	0.0109	0.0109	0.0000	0.0109	0.0109	0.0000	0.0001	0.0001	0.0000	0.0000	0.0000	0.0000	0.0000	0.0000	0.0000	0.0000	0.0000	0.0000	2.1862	1.9464	0.2399	0.4679	0.4453	0.0226	1.7183	1.5011	0.2172	0.3494	0.1884	0.1610	0.0510	0.0451	0.0060	0.2983	0.1433	0.1550	128.8639	103.4623	3.0819	4332.2936	4104.4515	36.1628	1.0356	0.6208	3.1156	0.0000	0.0001	0.0000	0.0000	0.0000	0.0000	0.0000	0.0001	0.0000
35	121	0.2753	6	0	0	0	2	0	0	0	0	N	N	N	Y	N	N	N	N	N	N	N	N	6.4950	2.4318	3.2771	73.4222	68.3357	4.0191	4.3711	1.1338	3.2928	0.7140	0.8158	0.0053	0.3720	0.3850	0.0039	0.8199	0.9679	0.0054	0.1099	0.3354	0.0016	0.0051	0.0056	0.0010	0.1876	0.8537	0.0016	0.0009	0.0669	-0.2345	-0.0017	53.2438	4.2457	16.6757	2.0144	0.8194	0.8186	0.0008	0.1009	0.1009	0.0000	0.7185	0.7178	0.0007	0.0031	0.0029	0.0002	0.0002	0.0002	0.0000	0.0029	0.0027	0.0002	1.1475	1.0035	0.1440	0.2712	0.2619	0.0093	0.8763	0.7416	0.1347	0.2653	0.1469	0.1184	0.0484	0.0447	0.0037	0.2169	0.1022	0.1146	61.7549	41.6825	3.2771	85.7092	83.3114	4.0191	62.2275	37.0737	3.2928	0.0116	0.0196	0.0016	0.0043	0.0046	0.0010	0.0132	0.0261	0.0016
35	122	0.2332	5	0	0	0	2	0	0	0	0	N	N	N	Y	N	N	N	N	N	N	N	N	0.2717	0.0010	25307.9925	0.0743	0.0061	4032.5401	0.2821	0.0004	27108.3203	0.3668	0.0021	3.0181	0.0666	0.0057	1.7360	0.4367	0.0012	3.0927	1.3498	2.0943	0.0001	0.8961	0.9279	0.0004	1.5480	2.8507	0.0001	193.4386	0.0001	0.7364	-0.6329	53.2438	11.9190	16.6757	13.1740	1.0405	0.0054	1.0351	0.0357	0.0029	0.0327	1.0048	0.0024	1.0024	1.0074	1.0073	0.0001	0.0156	0.0156	0.0000	0.9918	0.9917	0.0000	2.8368	2.4938	0.3430	0.5358	0.5169	0.0189	2.3010	1.9769	0.3241	0.9155	0.4810	0.4345	0.0916	0.0845	0.0071	0.8239	0.3965	0.4274	0.3333	0.0010	25307.9925	0.3902	0.0307	4032.5401	0.3628	0.0005	27108.3203	1.1004	2.0943	0.0001	0.1706	0.1849	0.0004	1.2037	2.5009	0.0001
35	123	0.6601	9	0	0	1	2	0	0	0	0	N	N	N	Y	N	N	N	N	N	N	N	N	31.1027	13.8374	0.0135	0.0050	0.0043	0.1665	2378.8329	272.1711	0.0001	0.3502	0.3875	0.0000	0.0001	0.0001	0.0000	0.5795	0.6632	0.0000	0.0113	0.0280	0.0001	0.0161	0.0194	0.0000	0.0002	0.0024	0.0001	0.0000	0.0121	-0.2870	-0.0011	53.2438	12.8936	16.6757	4.1514	0.9994	0.9994	0.0000	0.0001	0.0001	0.0000	0.9993	0.9993	0.0000	0.0017	0.0017	0.0000	0.0017	0.0017	0.0000	0.0000	0.0000	0.0000	2.8535	2.5789	0.2746	1.1289	1.0721	0.0568	1.7245	1.5068	0.2178	0.4837	0.2985	0.1852	0.1683	0.1482	0.0201	0.3154	0.1504	0.1651	98.3639	67.9895	0.0135	0.0080	0.0073	0.1665	6143.0941	10000.2514	0.0001	0.0036	0.0057	0.0001	0.0101	0.0114	0.0000	0.0001	0.0001	0.0001
35	124	0.2485	6	0	1	0	1	0	0	0	0	N	N	N	N	N	N	N	N	N	N	N	N	0.1099	0.0315	2.3902	0.1118	0.1102	0.0096	0.5093	0.0277	3.7050	0.0095	0.0107	0.0002	0.0507	0.0528	0.0000	0.0000	0.0000	0.0002	0.0860	0.3377	0.0001	0.4531	0.4790	0.0013	0.0001	0.0002	0.0001	0.0021	0.0034	-0.0077	-0.0053	53.2438	12.7386	16.6757	8.7370	0.0271	0.0270	0.0001	0.0270	0.0270	0.0000	0.0001	0.0000	0.0001	0.0084	0.0084	0.0000	0.0084	0.0084	0.0000	0.0000	0.0000	0.0000	2.8616	2.5353	0.3263	0.5328	0.5116	0.0212	2.3288	2.0237	0.3051	0.8067	0.4264	0.3803	0.0957	0.0888	0.0069	0.7110	0.3375	0.3735	0.9082	0.5424	2.3902	0.5786	0.5600	0.0096	1.0810	8.2894	3.7050	0.0104	0.0196	0.0001	0.0876	0.0942	0.0013	0.0000	0.0000	0.0001
35	125	0.2332	5	0	1	0	1	0	0	0	0	N	N	N	N	N	N	N	N	N	N	N	N	0.8910	0.1659	64.6551	0.2967	0.2828	4.7949	5.2271	0.2520	69.4357	0.0121	0.0083	0.0392	0.0281	0.0288	0.0077	0.0080	0.0024	0.0409	0.0136	0.0500	0.0006	0.0949	0.1019	0.0016	0.0015	0.0095	0.0006	0.6623	0.0727	0.0029	-0.0009	53.2438	8.6431	16.6757	1.4782	0.0262	0.0158	0.0105	0.0124	0.0123	0.0001	0.0139	0.0035	0.0103	0.0016	0.0015	0.0001	0.0015	0.0015	0.0000	0.0002	0.0001	0.0001	2.1684	1.9015	0.2669	0.4394	0.4253	0.0141	1.7290	1.4762	0.2528	0.3900	0.2056	0.1844	0.0428	0.0398	0.0030	0.3472	0.1658	0.1814	2.8632	1.1107	64.6551	0.8147	0.7782	4.7949	16.5661	6.4661	69.4357	0.0042	0.0075	0.0006	0.0346	0.0370	0.0016	0.0005	0.0004	0.0006
35	126	0.2237	4	0	0	0	1	0	0	0	0	N	N	N	N	N	N	N	N	N	N	N	N	5.0438	0.2546	1226.3770	5.2997	4.9961	25.4851	4.2470	0.0007	1372.3546	0.1563	0.0361	0.9669	0.1369	0.1380	0.0956	0.1622	0.0004	1.0114	0.0310	0.1417	0.0008	0.0258	0.0276	0.0037	0.0382	0.6095	0.0007	3.9740	0.0502	0.0971	-0.0012	53.2438	4.1618	16.6757	2.0491	0.1897	0.0381	0.1516	0.0385	0.0378	0.0007	0.1512	0.0003	0.1509	0.0021	0.0020	0.0001	0.0007	0.0007	0.0000	0.0013	0.0012	0.0001	1.2139	1.0571	0.1568	0.2816	0.2740	0.0076	0.9323	0.7831	0.1492	0.2976	0.1719	0.1258	0.0526	0.0504	0.0021	0.2451	0.1214	0.1236	22.4342	3.1406	1226.3770	9.6456	9.4313	25.4851	29.9345	0.0411	1372.3546	0.0070	0.0115	0.0008	0.0142	0.0146	0.0037	0.0054	0.0102	0.0007
35	127	0.1945	3	0	0	0	1	0	0	0	0	N	N	N	N	N	N	N	N	N	N	N	N	1.5603	0.6467	14771.9186	0.0253	0.0182	11209.5299	348.9466	11.0443	15348.6678	0.7377	0.4582	2.8346	0.0351	0.0255	0.2499	0.8476	0.5327	2.9687	0.4728	0.7085	0.0002	1.3846	1.4006	0.0000	0.0024	0.0482	0.0002	0.8243	0.0025	0.2502	-0.0161	53.2438	9.4810	16.6757	7.4917	1.5188	0.8325	0.6863	0.0098	0.0068	0.0030	1.5091	0.8257	0.6833	0.0257	0.0256	0.0001	0.0252	0.0252	0.0000	0.0004	0.0004	0.0001	2.0590	1.8169	0.2421	0.2787	0.2667	0.0119	1.7803	1.5502	0.2302	0.7195	0.3824	0.3372	0.0797	0.0767	0.0030	0.6398	0.3057	0.3342	20.6883	6.8466	14771.9186	0.1109	0.0774	11209.5299	1232.5744	433.7745	15348.6678	0.0357	0.0669	0.0002	0.3164	0.3288	0.0000	0.0007	0.0012	0.0002
35	128	0.6724	10	1	1	0	1	0	0	0	0	N	N	N	N	N	N	N	N	N	N	N	N	17.3549	15.0959	0.0000	20.2405	18.9180	0.0000	0.0000	0.0000	0.0000	0.0000	0.0000	0.0000	0.0000	0.0000	0.0000	0.0000	0.0000	0.0000	0.0000	0.0000	0.0000	0.0000	0.0000	0.0000	0.0000	0.0000	0.2407	-0.0000	-0.0000	53.2438	2.0107	16.6757	1.9995	0.0000	0.0000	0.0000	0.0000	0.0000	0.0000	0.0000	0.0000	0.0000	0.0000	0.0000	0.0000	0.0000	0.0000	0.0000	0.0000	0.0000	0.0000	0.4190	0.3766	0.0425	0.1643	0.1553	0.0090	0.2548	0.2212	0.0335	0.1076	0.0678	0.0398	0.0399	0.0351	0.0049	0.0677	0.0328	0.0350	17.3549	15.0959	0.0000	20.2405	18.9180	0.0000	0.0000	0.0000	0.0000	0.0000	0.0000	0.0000	0.0000	0.0000	0.0000	0.0000	0.0000	0.0000		
35	129	0.6601	9	1	1	0	1	0	0	0	0	N	N	N	N	N	N	N	N	N	N	N	N	14.9725	13.7132	0.0032	29.3569	27.8589	0.0000	0.0002	0.0000	0.0037	0.0053	0.0058	0.0000	0.0126	0.0132	0.0000	0.0000	0.0000	0.0000	0.0004	0.0004	0.0002	0.0004	0.0005	0.0001	0.0006	0.0045	0.0003	0.0000	0.4780	-0.0021	-0.0000	53.2438	5.6459	16.6757	1.1399	0.0074	0.0074	0.0000	0.0074	0.0074	0.0000	0.0000	0.0000	0.0000	0.0001	0.0000	0.0000	0.0000	0.0000	0.0000	0.0000	0.0000	0.0000	1.3963	1.2690	0.1273	0.5852	0.5586	0.0266	0.8111	0.7104	0.1007	0.2091	0.1283	0.0808	0.0748	0.0666	0.0082	0.1343	0.0616	0.0727	18.0032	17.9592	0.0032	29.3569	27.8589	0.0000	0.0006	0.0000	0.0037	0.0003	0.0003	0.0002	0.0004	0.0005	0.0001	0.0002	0.0002	0.0003
35	130	0.6298	8	0	0	0	1	0	0	0	0	N	N	N	N	N	N	N	N	N	N	N	N	1.0359	0.7102	1.5199	24.8407	24.7483	0.0332	0.7373	0.1570	2.2026	0.9358	0.7045	2.9418	1.0700	1.1510	0.0005	0.8210	0.2957	4.2868	0.9034	0.9921	1.9355	0.0431	0.0465	0.0161	1.1135	1.8834	1.9462	0.4814	1.1110	0.1151	-0.0122	53.2438	11.6079	16.6757	5.3766	3.0444	2.0551	0.9893	1.6050	1.6049	0.0001	1.4394	0.4501	0.9892	0.1197	0.0567	0.0630	0.0045	0.0042	0.0003	0.1152	0.0525	0.0626	3.2532	2.9169	0.3363	1.5000	1.3944	0.1055	1.7532	1.5225	0.2308	0.6070	0.3686	0.2384	0.2182	0.1976	0.0206	0.3888	0.1710	0.2178	4.7471	4.5815	11.1365	52.0903	54.7871	0.0332	2.7713	0.9624	14.9038	0.1971	0.1538	0.2642	0.0205	0.0210	0.0161	0.2962	0.3072	0.2876
35	131	0.6119	7	0	0	0	1	0	0	0	0	N	N	N	N	N	N	N	N	N	N	N	N	0.1974	0.2546	0.0285	5.9603	6.9388	3.2286	0.0888	0.0833	0.0248	0.6121	0.6557	0.2115	0.8497	0.8855	0.2170	0.4472	0.4824	0.2099	3.1009	2.5749	7.4186	0.1426	0.1276	0.0672	5.0336	5.7888	8.4803	0.0351	0.8827	-0.1688	-0.2829	53.2438	3.9355	16.6757	8.7078	0.6668	0.6442	0.0226	0.3792	0.3740	0.0052	0.2876	0.2701	0.0174	1.7739	0.9422	0.8317	0.0095	0.0087	0.0008	1.7643	0.9335	0.8309	1.0893	0.9824	0.1069	0.4463	0.4224	0.0239	0.6431	0.5600	0.0830	0.5721	0.3659	0.2061	0.2215	0.2047	0.0169	0.3505	0.1613	0.1893	0.1974	0.2546	0.0524	19.7449	20.8084	4.4407	0.0888	0.0833	0.0478	3.1009	2.5749	4.0345	0.0430	0.0426	0.0489	5.0336	5.7888	4.3902
35	132	0.6003	6	0	0	0	1	0	0	0	0	N	N	N	N	N	N	N	N	N	N	N	N	0.7444	0.1516	2.2913	0.1903	0.1955	2.8936	0.9326	0.0605	2.7893	0.7594	0.1851	6.0046	0.2962	0.3058	0.1269	1.0669	0.0981	7.6233	1.0201	1.2214	2.6206	1.5561	1.5642	0.0439	1.1440	1.6222	2.7331	3.5517	0.8477	0.6329	-0.0284	53.2438	6.2657	16.6757	3.9760	1.2833	0.2819	1.0014	0.1997	0.1952	0.0046	1.0836	0.0868	0.9968	0.1673	0.0906	0.0768	0.0710	0.0704	0.0006	0.0963	0.0201	0.0762	1.6899	1.5232	0.1668	0.6743	0.6383	0.0360	1.0156	0.8849	0.1308	0.4787	0.3020	0.1767	0.1914	0.1745	0.0169	0.2873	0.1275	0.1597	2.1724	0.6173	13.8187	0.7981	0.7573	3.5684	3.1831	0.6215	15.9877	0.3496	0.2999	0.4345	0.3712	0.4037	0.0356	0.3352	0.1578	0.4768
35	133	0.5230	5	0	0	0	1	0	0	0	0	N	N	N	N	N	N	N	N	N	N	N	N	0.3586	0.2954	0.0901	0.1111	0.1127	0.6883	0.4126	0.2608	0.1182	0.4139	0.4559	0.0424	0.1184	0.1243	0.0104	0.5702	0.6465	0.0494	1.1541	1.5432	0.4707	1.0654	1.1034	0.0151	1.3819	2.4786	0.4176	0.0105	0.0550	-0.6814	-0.6607	53.2438	26.7012	16.6757	18.2690	2.4624	2.4368	0.0257	0.2437	0.2426	0.0011	2.2187	2.1942	0.0245	1.1466	1.0868	0.0598	0.1394	0.1385	0.0009	1.0072	0.9483	0.0589	5.9498	5.3450	0.6048	2.0586	1.9510	0.1075	3.8912	3.3940	0.4972	1.8520	1.1317	0.7203	0.6416	0.5846	0.0570	1.2104	0.5470	0.6634	0.6685	0.4747	0.5112	0.5450	0.5248	0.6883	0.6852	0.3729	0.5557	0.6191	0.9604	0.0830	0.2172	0.2369	0.0151	0.8321	1.7335	0.0888
35	134	0.2849	4	0	0	0	1	0	0	0	0	N	N	N	N	N	N	N	N	N	N	N	N	0.5297	0.4208	1.5233	0.8566	0.8544	1.3897	0.5463	0.2834	2.1029	0.3865	0.3386	0.7863	0.1299	0.1365	0.0110	0.4655	0.4060	0.8870	0.7296	0.8046	0.5162	0.1517	0.1597	0.0079	0.8522	1.4325	0.4218	0.2780	0.7966	-0.3198	-0.0588	53.2438	61.4372	16.6757	55.8589	4.5952	3.5955	0.9997	0.3639	0.3623	0.0016	4.2313	3.2332	0.9981	0.3179	0.1769	0.1410	0.0227	0.0223	0.0004	0.2952	0.1546	0.1406	11.8899	10.6186	1.2713	2.8008	2.6547	0.1461	9.0891	7.9639	1.1252	3.5564	1.9389	1.6175	0.5137	0.4691	0.0446	3.0427	1.4698	1.5730	4.3236	3.7103	9.0238	2.9402	2.8648	1.3897	4.7984	3.8597	9.9232	0.0894	0.0913	0.0871	0.0442	0.0476	0.0079	0.0970	0.1052	0.0894
35	135	0.1945	3	0	0	0	1	0	0	0	0	N	N	N	N	N	N	N	N	N	N	N	N	0.5410	0.7299	0.0988	0.7278	0.8711	0.0020	0.4400	0.4433	0.1009	0.5951	0.6283	0.3404	0.8460	0.8829	0.0094	0.5560	0.5848	0.3576	1.1001	0.8609	3.4458	1.1625	1.0136	4.6968	1.2638	1.3192	3.5443	0.0706	8.2510	-0.8583	0.2463	53.2438	31.7621	16.6757	18.5886	3.8796	3.6239	0.2557	0.7440	0.7437	0.0003	3.1356	2.8803	0.2553	0.9346	0.1010	0.8336	0.0375	0.0311	0.0065	0.8971	0.0700	0.8271	6.5188	5.7676	0.7512	0.8794	0.8423	0.0371	5.6394	4.9253	0.7141	1.8568	0.9571	0.8997	0.1562	0.1481	0.0080	1.7006	0.8089	0.8917	1.1823	5.9523	0.3673	3.5189	4.2097	0.0117	1.0540	6.7619	0.3855	0.5034	0.1056	0.9266	0.2404	0.2097	0.8078	0.5275	0.0865	0.9276
36	37	0.5513	10	1	2	0	0	0	0	0	0	N	Y	N	N	N	N	N	N	N	N	N	N	0.0000	0.0000	0.0000	0.0000	0.0000	0.0000	0.0000	0.0000	0.0000	0.0000	0.0000	0.0000	0.0000	0.0000	0.0000	0.0000	0.0000	0.0000	0.0000	0.0000	0.0000	0.0000	0.0000	0.0000	-0.0000	17.9460	1.9903	11.6991	0.0021	0.0000	0.0000	0.0000	0.0000	0.0000	0.0000	0.0000	0.0000	0.0000	0.0000	0.0000	0.0000	0.0000	0.0000	0.0000	0.0000	0.0000	0.0000	0.1475	0.1309	0.0166	0.0514	0.0477	0.0036	0.0961	0.0832	0.0129	0.0267	0.0163	0.0104	0.0087	0.0078	0.0009	0.0180	0.0085	0.0095	0.0000	0.0000	0.0000	0.0000	0.0000	0.0000	0.0000	0.0000	0.0000	0.0000	0.0000	0.0000	0.0000	0.0000	0.0000	0.0000	0.0000	0.0000						
36	38	0.1366	5	0	2	0	1	0	0	0	0	N	Y	N	N	N	N	N	N	N	N	N	N	0.2479	0.5968	0.0001	0.0299	0.0330	0.0038	0.2810	366.2998	0.0000	0.3152	0.3552	0.0005	0.0288	0.0308	0.0029	0.4203	0.4820	0.0000	1.2713	0.5952	4.4637	0.9622	0.9335	0.7559	1.4956	0.0013	4.7745	0.0002	36.2494	-0.3612	0.3510	17.9460	45.5232	11.6991	15.8903	1.2588	1.2586	0.0002	0.0308	0.0306	0.0002	1.2280	1.2280	0.0000	1.0180	0.0273	0.9907	0.0293	0.0273	0.0020	0.9887	0.0000	0.9887	3.9934	3.5433	0.4501	1.0716	0.9954	0.0762	2.9219	2.5480	0.3739	1.0876	0.5693	0.5183	0.1543	0.1462	0.0081	0.9333	0.4231	0.5102	0.3368	7.3987	0.0003	0.1516	0.1646	0.0117	0.3967	24196.7872	0.0000	0.9361	0.0480	1.9115	0.1899	0.1869	0.2435	1.0594	0.0000	1.9380
36	39	0.1095	4	0	1	0	1	0	0	0	0	N	N	N	N	N	N	N	N	N	N	N	N	1.0458	0.9647	0.1006	2.7958	3.0456	2.6526	0.7766	0.4945	0.0602	0.8484	0.9489	0.0607	1.0753	1.1522	0.1591	0.7218	0.8283	0.0288	0.8112	0.9836	0.6032	0.3846	0.3783	0.0600	0.9295	1.6750	0.4790	0.0082	0.5834	-0.3755	-0.0125	17.9460	13.8166	11.6991	4.5847	1.3458	1.3349	0.0109	0.6108	0.6038	0.0070	0.7351	0.7311	0.0039	0.0483	0.0305	0.0178	0.0046	0.0044	0.0001	0.0437	0.0260	0.0177	1.5863	1.4068	0.1795	0.5680	0.5241	0.0439	1.0183	0.8828	0.1356	0.3945	0.2083	0.1862	0.0588	0.0561	0.0027	0.3357	0.1522	0.1835	6.9358	6.4853	0.6358	13.8776	14.5804	3.5156	5.5452	4.8401	0.2996	0.1223	0.1463	0.0955	0.0775	0.0790	0.0453	0.1302	0.1711	0.0962
36	40	0.2714	8	0	1	1	0	0	0	0	0	N	N	N	N	N	N	N	N	N	N	N	N	0.0665	0.1031	0.0001	0.7777	0.9471	0.0000	0.0000	0.0000	0.0001	0.0006	0.0006	0.0000	0.0025	0.0026	0.0000	0.0000	0.0000	0.0000	0.0083	0.0061	0.0055	0.0032	0.0028	0.0101	0.0142	0.0761	0.0039	0.0001	1.4752	-0.0002	-0.0000	17.9460	12.6411	11.6991	7.4648	0.0006	0.0006	0.0000	0.0006	0.0006	0.0000	0.0000	0.0000	0.0000	0.0012	0.0005	0.0007	0.0003	0.0002	0.0001	0.0009	0.0002	0.0007	1.0511	0.9274	0.1237	0.2330	0.2224	0.0106	0.8180	0.7050	0.1131	0.4161	0.2399	0.1762	0.0961	0.0904	0.0057	0.3200	0.1496	0.1705	0.1901	0.3074	0.0001	0.7811	0.9471	0.0000	0.0000	0.0000	0.0001	0.0029	0.0020	0.0041	0.0032	0.0028	0.0101	0.0028	0.0016	0.0039
36	41	0.5388	8	0	2	0	0	0	0	0	0	N	Y	N	N	N	N	N	N	N	N	N	N	8.1533	1.8986	708.8544	11.5898	10.0259	0.0149	1694.6057	398.9148	1049.5346	0.3526	0.3912	0.0308	0.8852	0.9430	0.0000	0.0650	0.0690	0.0386	0.0432	0.2060	0.0000	0.0764	0.0941	0.0001	0.0000	0.0002	0.0000	0.0095	0.0022	-0.1600	-0.0021	17.9460	22.0894	11.6991	9.3639	0.5760	0.5706	0.0054	0.5071	0.5071	0.0000	0.0689	0.0635	0.0054	0.0033	0.0033	0.0000	0.0033	0.0033	0.0000	0.0000	0.0000	0.0000	1.6338	1.4588	0.1750	0.5729	0.5378	0.0351	1.0609	0.9210	0.1399	0.4119	0.2413	0.1706	0.1084	0.0949	0.0135	0.3035	0.1464	0.1571	43.8813	28.5853	708.8544	29.0505	27.1070	0.0149	3364.8162	123253.5151	1049.5346	0.0080	0.0137	0.0000	0.0305	0.0348	0.0001	0.0000	0.0000	0.0000
36	42	0.1095	4	0	2	0	0	0	0	0	0	N	Y	N	N	N	N	N	N	N	N	N	N	1.0555	26.5926	1.2895	13.5442	2.1963	62.7907	0.8055	10484.3989	0.1639	0.7858	0.6358	1.8983	1.1177	0.1382	13.3808	0.7005	0.7721	0.2227	0.7445	0.0239	1.4721	0.0825	0.0629	0.2131	0.8696	0.0001	1.3586	0.4026	34.5637	-0.0003	0.0345	17.9460	43.3975	11.6991	17.3745	2.7710	1.9756	0.7953	0.8062	0.0923	0.7139	1.9647	1.8833	0.0814	0.1005	0.0028	0.0977	0.0036	0.0028	0.0007	0.0970	0.0000	0.0970	3.5262	3.1073	0.4190	0.7213	0.6680	0.0534	2.8049	2.4393	0.3656	1.0600	0.5448	0.5152	0.1114	0.1047	0.0067	0.9486	0.4402	0.5084	8.2853	122.5421	10.0088	35.0287	5.1194	123.5447	6.8514	3603741.7143	1.1677	0.0948	0.0052	0.1897	0.0319	0.0270	0.1083	0.1022	0.0000	0.1907
36	43	0.4690	7	1	1	1	0	0	0	0	0	N	N	N	N	N	N	N	N	N	N	N	N	0.2004	0.2221	0.0052	0.4496	0.4258	2.8847	0.0000	0.0000	0.0002	0.0002	0.0002	0.0000	0.0005	0.0005	0.0000	0.0000	0.0000	0.0000	0.0009	0.0009	0.0006	0.0011	0.0013	0.0000	0.0010	0.0008	0.0006	0.0018	0.8553	-0.0001	-0.0000	17.9460	18.2331	11.6991	4.4208	0.0003	0.0003	0.0000	0.0003	0.0003	0.0000	0.0000	0.0000	0.0000	0.0002	0.0001	0.0001	0.0001	0.0001	0.0000	0.0001	0.0000	0.0001	1.4064	1.2549	0.1515	0.4953	0.4638	0.0315	0.9111	0.7912	0.1200	0.3188	0.1781	0.1407	0.0819	0.0727	0.0092	0.2369	0.1054	0.1315	0.3298	0.3824	0.0052	0.4496	0.4258	2.8847	0.0001	0.0004	0.0002	0.0005	0.0005	0.0006	0.0011	0.0013	0.0000	0.0003	0.0000	0.0006
36	44	0.5288	7	0	2	0	1	0	0	0	0	N	Y	N	N	N	N	N	N	N	N	N	N	0.6436	0.5201	3.0103	144.2870	128.9345	0.0884	0.0058	0.0035	3.9548	0.8010	0.8987	0.0024	2.1542	2.3394	0.0000	0.0090	0.0099	0.0033	1.2446	1.7281	0.0008	0.0149	0.0181	0.0005	1.5478	2.8567	0.0008	0.0003	0.0004	-1.0495	-0.6295	17.9460	62.5878	11.6991	29.9840	3.6594	3.6581	0.0012	3.6333	3.6333	0.0000	0.0261	0.0248	0.0012	1.0024	1.0020	0.0004	0.0030	0.0030	0.0000	0.9994	0.9990	0.0004	4.5683	4.0704	0.4978	1.6866	1.5531	0.1335	2.8816	2.5174	0.3643	1.1440	0.6711	0.4730	0.3104	0.2726	0.0378	0.8336	0.3984	0.4351	0.9142	0.6019	3.0103	224.6946	215.6041	0.0884	0.0075	0.0039	3.9548	0.8762	1.4931	0.0008	0.0096	0.0109	0.0005	1.1989	2.5073	0.0008
36	45	0.4690	7	1	1	1	0	0	0	0	0	N	N	N	N	N	N	N	N	N	N	N	N	0.0034	0.0028	0.4667	0.2476	0.2195	534.0770	0.0000	0.0000	0.4910	0.0036	0.0040	0.0004	0.0098	0.0104	0.0002	0.0001	0.0000	0.0004	1.0505	1.4441	0.0008	0.0396	0.0476	0.0000	1.2678	2.2942	0.0008	0.0105	0.0008	-0.0011	-0.0607	17.9460	13.5293	11.6991	3.1702	0.0039	0.0039	0.0000	0.0039	0.0039	0.0000	0.0000	0.0000	0.0000	0.0967	0.0966	0.0001	0.0012	0.0012	0.0000	0.0955	0.0954	0.0001	1.0877	0.9722	0.1155	0.3938	0.3695	0.0243	0.6939	0.6027	0.0913	0.2423	0.1360	0.1064	0.0635	0.0566	0.0069	0.1789	0.0794	0.0995	0.0090	0.0056	0.4667	0.5152	0.4889	534.0770	0.0001	0.0000	0.4910	0.3989	0.7104	0.0008	0.0191	0.0214	0.0000	0.5337	1.2015	0.0008
36	46	0.4646	6	1	1	1	0	0	0	0	0	N	N	N	N	N	N	N	N	N	N	N	N	0.7918	0.8420	0.2586	5.5036	4.8401	7.1483	0.0107	0.0000	0.3631	0.0084	0.0091	0.0013	0.0194	0.0203	0.0004	0.0002	0.0000	0.0015	0.0106	0.0108	0.0051	0.0035	0.0042	0.0001	0.0180	0.1830	0.0042	0.0143	0.8759	-0.0011	-0.0001	17.9460	4.1147	11.6991	1.2946	0.0040	0.0039	0.0001	0.0039	0.0039	0.0000	0.0001	0.0000	0.0001	0.0003	0.0002	0.0002	0.0001	0.0001	0.0000	0.0002	0.0001	0.0002	0.4744	0.4314	0.0430	0.2025	0.1936	0.0089	0.2719	0.2378	0.0341	0.1006	0.0592	0.0414	0.0311	0.0288	0.0023	0.0696	0.0305	0.0391	2.4539	2.9369	0.3363	5.6779	5.4999	7.1483	0.0562	0.0001	0.3732	0.0034	0.0031	0.0039	0.0034	0.0037	0.0001	0.0034	0.0025	0.0041
36	47	0.4019	5	1	1	0	0	0	0	0	0	N	N	N	N	N	N	N	N	N	N	N	N	0.0300	0.0800	0.0903	0.6227	0.5846	8.9766	0.0105	0.7053	0.1188	0.0133	0.0116	0.0275	0.0297	0.0311	0.0093	0.0058	0.0019	0.0315	0.4434	0.1444	0.3049	0.0478	0.0533	0.0010	0.5558	0.0027	0.2654	0.2953	3.6807	-0.0014	0.0038	17.9460	22.0103	11.6991	13.6452	0.0241	0.0186	0.0055	0.0169	0.0166	0.0003	0.0072	0.0021	0.0052	0.0238	0.0051	0.0188	0.0051	0.0051	0.0000	0.0188	0.0000	0.0187	1.8129	1.6130	0.1999	0.5680	0.5320	0.0360	1.2448	1.0810	0.1639	0.7295	0.4389	0.2906	0.2316	0.2142	0.0173	0.4979	0.2247	0.2733	0.4073	0.9953	0.4266	1.3518	1.3132	8.9766	0.1545	25.2086	0.4599	0.0327	0.0116	0.0645	0.0220	0.0237	0.0010	0.0377	0.0001	0.0686
36	48	0.2714	8	0	2	0	0	0	0	0	0	N	Y	N	N	N	N	N	N	N	N	N	N	0.0008	0.0006	0.0019	0.0040	0.0037	0.0124	0.0000	0.0000	0.0006	0.0000	0.0000	0.0000	0.0001	0.0001	0.0001	0.0000	0.0000	0.0000	0.0170	0.0226	0.0067	0.0156	0.0159	0.0098	0.0172	0.1071	0.0047	0.1223	0.6557	-0.0000	-0.0004	17.9460	12.3962	11.6991	3.7178	0.0000	0.0000	0.0000	0.0000	0.0000	0.0000	0.0000	0.0000	0.0000	0.0017	0.0010	0.0007	0.0009	0.0008	0.0000	0.0009	0.0002	0.0006	1.0449	0.9220	0.1230	0.2320	0.2214	0.0106	0.8130	0.7006	0.1124	0.3571	0.2091	0.1480	0.0870	0.0823	0.0047	0.2701	0.1268	0.1433	0.0029	0.0028	0.0028	0.0063	0.0060	0.0124	0.0001	0.0000	0.0006	0.0049	0.0050	0.0047	0.0098	0.0098	0.0098	0.0033	0.0019	0.0045
36	49	0.2425	7	0	1	0	0	0	0	0	0	N	N	N	N	N	N	N	N	N	N	N	N	0.0006	0.0009	0.0000	0.0049	0.0065	0.0002	0.0000	0.0000	0.0000	0.0005	0.0006	0.0000	0.0014	0.0015	0.0001	0.0000	0.0000	0.0000	0.9447	0.6910	2.7445	0.2981	0.2355	0.3120	1.1155	1.2200	2.7609	0.0035	5.5417	-0.0003	0.0246	17.9460	14.4870	11.6991	5.8627	0.0009	0.0009	0.0000	0.0009	0.0009	0.0000	0.0000	0.0000	0.0000	0.1126	0.0172	0.0954	0.0079	0.0067	0.0012	0.1047	0.0105	0.0942	1.6068	1.4403	0.1665	0.6021	0.5713	0.0308	1.0046	0.8690	0.1356	0.4734	0.2706	0.2027	0.1242	0.1155	0.0088	0.3491	0.1552	0.1939	0.0023	0.0096	0.0000	0.0227	0.0262	0.0005	0.0000	0.0002	0.0000	0.2379	0.0636	0.4706	0.0639	0.0581	0.1393	0.2998	0.0677	0.4856
36	50	0.2387	8	1	2	1	0	0	0	0	0	N	Y	N	N	N	N	N	N	N	N	N	N	0.0000	0.0000	0.0000	0.0000	0.0000	0.0000	0.0000	0.0000	0.0000	0.0000	0.0000	0.0000	0.0000	0.0008	0.0021	0.0000	0.0044	0.0053	0.0000	0.0000	0.0000	0.0000	0.0000	0.0000	-0.0000	17.9460	0.9856	11.6991	2.8295	0.0000	0.0000	0.0000	0.0000	0.0000	0.0000	0.0000	0.0000	0.0000	0.0000	0.0000	0.0000	0.0000	0.0000	0.0000	0.0000	0.0000	0.0000	0.0767	0.0678	0.0089	0.0171	0.0163	0.0008	0.0596	0.0516	0.0080	0.0631	0.0327	0.0304	0.0076	0.0067	0.0010	0.0555	0.0260	0.0295	0.0000	0.0000	0.0000	0.0000	0.0000	0.0000	0.0000	0.0000	0.0000	0.0005	0.0009	0.0000	0.0039	0.0045	0.0000	0.0000	0.0000	0.0000						
36	51	0.5087	8	1	2	0	0	0	0	0	0	N	Y	N	N	N	N	N	N	N	N	N	N	0.0000	0.0000	0.0000	0.0000	0.0000	0.0000	0.0000	0.0000	0.0000	0.0000	0.0000	0.0000	0.0000	0.0000	0.0000	0.0000	0.0000	0.0000	0.0040	0.0052	0.0013	0.0036	0.0039	0.0023	0.0025	0.0005	0.0012	inf	0.5164	0.0000	-0.0002	17.9460	13.3057	11.6991	8.6321	0.0000	0.0000	0.0000	0.0000	0.0000	0.0000	0.0000	0.0000	0.0000	0.0006	0.0004	0.0002	0.0004	0.0004	0.0000	0.0002	0.0000	0.0002	1.1813	1.0522	0.1291	0.4533	0.4237	0.0296	0.7279	0.6285	0.0994	0.3691	0.2167	0.1524	0.1183	0.1087	0.0095	0.2508	0.1080	0.1429	0.0000	0.0000	0.0000	0.0000	0.0000	0.0000	0.0000	0.0000	0.0000	0.0016	0.0018	0.0013	0.0035	0.0036	0.0023	0.0007	0.0000	0.0012
36	52	0.3735	10	0	2	0	1	0	0	0	0	N	Y	N	N	N	N	N	N	N	N	N	N	0.0085	0.0030	0.0000	0.0087	0.0074	0.0000	0.0000	0.0000	0.0000	0.0001	0.0001	0.0000	0.0003	0.0003	0.0000	0.0000	0.0000	0.0000	0.0122	0.0384	0.0000	0.0292	0.0362	0.0000	0.0003	0.0054	0.0000	0.0000	0.0021	-0.0000	-0.0001	17.9460	2.1073	11.6991	0.0711	0.0000	0.0000	0.0000	0.0000	0.0000	0.0000	0.0000	0.0000	0.0000	0.0001	0.0001	0.0000	0.0001	0.0001	0.0000	0.0000	0.0000	0.0000	0.1936	0.1739	0.0197	0.0793	0.0748	0.0045	0.1144	0.0991	0.0152	0.0332	0.0194	0.0139	0.0079	0.0070	0.0009	0.0253	0.0123	0.0130	0.0272	0.0177	0.0000	0.0163	0.0152	0.0000	0.0000	0.0000	0.0000	0.0038	0.0065	0.0000	0.0156	0.0176	0.0000	0.0001	0.0002	0.0000
36	53	0.3111	9	0	1	0	1	0	0	0	0	N	N	N	N	N	N	N	N	N	N	N	N	615.6864	1099.2270	0.0029	352.0173	796.5007	0.0000	0.0083	0.0025	0.0229	0.5628	0.6272	0.0000	1.4461	1.5394	0.0000	0.0000	0.0000	0.0000	0.0009	0.0006	0.0007	0.0041	0.0019	0.0127	0.0002	0.0005	0.0001	0.0000	1.5860	-0.2818	-0.0000	17.9460	21.8329	11.6991	8.0592	0.9816	0.9816	0.0000	0.9816	0.9816	0.0000	0.0000	0.0000	0.0000	0.0002	0.0001	0.0001	0.0002	0.0001	0.0001	0.0000	0.0000	0.0000	1.7442	1.5649	0.1793	0.6788	0.6376	0.0412	1.0654	0.9273	0.1381	0.3625	0.1939	0.1686	0.0482	0.0400	0.0082	0.3142	0.1538	0.1604	1014.1704	1563.5579	0.0029	384.9471	796.5007	0.0000	0.0231	0.4987	0.0229	0.0006	0.0004	0.0007	0.0038	0.0019	0.0127	0.0001	0.0000	0.0001
36	54	0.6212	10	0	2	0	1	0	0	0	0	N	Y	N	N	N	N	N	N	N	N	N	N	0.0000	0.0000	0.0000	0.0000	0.0000	0.0000	0.0000	0.0000	0.0000	0.0000	0.0000	0.0000	0.0000	0.0000	0.0000	0.0000	0.0000	0.0000	0.0000	0.0000	17.9460	0.0000	11.6991	0.0000	0.0000	0.0000	0.0000	0.0000	0.0000	0.0000	0.0000	0.0000	0.0000	0.0000	0.0000	0.0000	0.0000	0.0000	0.0000	0.0000	0.0000	0.0000	0.0000	0.0000	0.0000	0.0000	0.0000	0.0000	0.0000	0.0000	0.0000	0.0000	0.0000	0.0000	0.0000	0.0000	0.0000	0.0000	0.0000	0.0000	0.0000	0.0000	0.0000	0.0000	0.0000	0.0000	0.0000	0.0000	0.0000	0.0000	0.0000	0.0000	0.0000	0.0000	0.0000	0.0000	0.0000	0.0000											
36	55	0.3111	9	0	1	0	1	0	0	0	0	N	N	N	N	N	N	N	N	N	N	N	N	62.9375	0.2044	75464.1524	0.4325	0.3486	160.3498	6178.2303	0.0120	109437.6043	0.1342	0.0009	1.3796	0.0021	0.0019	0.0051	0.2490	0.0000	1.9319	0.0021	0.0046	0.0000	0.0049	0.0055	0.0000	0.0000	0.0015	0.0000	158.0139	0.0072	0.0135	-0.0000	17.9460	1.2825	11.6991	0.1503	0.0192	0.0001	0.0190	0.0001	0.0001	0.0000	0.0190	0.0000	0.0190	0.0000	0.0000	0.0000	0.0000	0.0000	0.0000	0.0000	0.0000	0.0000	0.1428	0.1290	0.0138	0.0664	0.0624	0.0040	0.0764	0.0666	0.0098	0.0247	0.0149	0.0098	0.0058	0.0054	0.0004	0.0189	0.0095	0.0094	132.4641	0.5600	75464.1524	0.4961	0.4176	160.3498	11979.5568	0.7383	109437.6043	0.0010	0.0017	0.0000	0.0042	0.0046	0.0000	0.0000	0.0000	0.0000
36	56	0.2701	8	0	1	0	1	0	0	0	0	N	N	N	N	N	N	N	N	N	N	N	N	8.9408	2.6947	1679.7595	6.9478	5.8538	3.4797	100.7958	0.7556	9065.5918	0.1252	0.1249	0.1277	0.2421	0.2544	0.0030	0.0253	0.0036	0.1673	0.0140	0.0464	0.0001	0.0348	0.0435	0.0009	0.0003	0.0048	0.0000	0.1058	0.0072	-0.0378	-0.0010	17.9460	14.8542	11.6991	6.8183	0.1972	0.1783	0.0189	0.1757	0.1756	0.0001	0.0214	0.0027	0.0188	0.0017	0.0017	0.0000	0.0017	0.0016	0.0000	0.0000	0.0000	0.0000	1.5750	1.4273	0.1477	0.7260	0.6904	0.0356	0.8490	0.7370	0.1121	0.3905	0.2325	0.1580	0.0942	0.0836	0.0106	0.2963	0.1489	0.1473	28.9698	17.3372	1679.7595	13.7452	12.8885	3.4797	259.0028	20.7551	9065.5918	0.0043	0.0072	0.0001	0.0176	0.0197	0.0009	0.0001	0.0002	0.0000
36	57	0.1951	7	0	1	0	1	0	0	0	0	N	N	N	N	N	N	N	N	N	N	N	N	1.2520	0.5203	383.4497	0.6631	0.6903	12.6046	6.6867	0.2264	622.9616	0.6300	0.3734	2.8847	0.6863	0.7328	0.0067	0.5968	0.1469	3.7573	0.5032	0.7176	0.0075	1.0349	1.0616	0.0005	0.0893	0.6489	0.0060	0.8794	0.0643	0.3790	-0.0159	17.9460	33.5853	11.6991	9.3450	2.0965	1.1156	0.9810	0.8469	0.8463	0.0005	1.2497	0.2692	0.9804	0.0280	0.0263	0.0017	0.0228	0.0228	0.0000	0.0052	0.0035	0.0017	3.3280	2.9879	0.3401	1.2340	1.1549	0.0791	2.0939	1.8330	0.2609	0.7187	0.3838	0.3350	0.1096	0.1023	0.0073	0.6091	0.2815	0.3276	16.1560	5.4415	570.6258	3.2956	3.2851	12.6046	69.9535	11.7877	728.6945	0.0390	0.0686	0.0051	0.2082	0.2231	0.0005	0.0085	0.0125	0.0052
36	58	0.1744	6	0	1	0	0	0	0	0	0	N	N	N	N	N	N	N	N	N	N	N	N	1.6636	1.7357	0.1594	2.5352	2.7883	2.6842	2.0652	2.5471	0.0372	0.6544	0.7284	0.0120	0.7410	0.7796	0.0513	0.6005	0.6935	0.0024	0.3934	0.4196	0.0751	0.2923	0.2796	0.0191	0.2908	0.2723	0.0634	0.0019	1.0337	-0.3413	-0.0013	17.9460	15.2419	11.6991	2.5705	1.1965	1.1942	0.0023	0.5194	0.5175	0.0019	0.6771	0.6767	0.0004	0.0105	0.0052	0.0054	0.0048	0.0047	0.0001	0.0058	0.0005	0.0053	1.8285	1.6396	0.1888	0.7009	0.6638	0.0371	1.1275	0.9758	0.1517	0.3816	0.2031	0.1785	0.0756	0.0717	0.0039	0.3061	0.1314	0.1747	23.6977	28.5477	0.3989	11.7165	11.8800	2.6842	31.9145	191.3083	0.0779	0.0276	0.0255	0.0300	0.0632	0.0656	0.0191	0.0188	0.0036	0.0302
36	59	0.6212	10	0	1	0	1	0	0	0	0	N	N	N	N	N	N	N	N	N	N	N	N	0.0000	0.0000	0.0000	0.0000	0.0000	0.0000	0.0000	0.0000	0.0000	0.0000	0.0000	0.0000	0.0000	0.0000	0.0000	0.0000	0.0000	0.0000	0.0000	0.0000	17.9460	0.0000	11.6991	0.0000	0.0000	0.0000	0.0000	0.0000	0.0000	0.0000	0.0000	0.0000	0.0000	0.0000	0.0000	0.0000	0.0000	0.0000	0.0000	0.0000	0.0000	0.0000	0.0000	0.0000	0.0000	0.0000	0.0000	0.0000	0.0000	0.0000	0.0000	0.0000	0.0000	0.0000	0.0000	0.0000	0.0000	0.0000	0.0000	0.0000	0.0000	0.0000	0.0000	0.0000	0.0000	0.0000	0.0000	0.0000	0.0000	0.0000	0.0000	0.0000	0.0000	0.0000	0.0000	0.0000	0.0000	0.0000											
36	60	0.5438	9	0	1	0	1	0	0	0	0	N	N	N	N	N	N	N	N	N	N	N	N	5.2522	1.3571	0.0000	8.3183	6.9574	0.0000	0.0000	0.0000	0.0000	0.1081	0.1208	0.0000	0.3488	0.3666	0.0000	0.0000	0.0000	0.0000	0.0206	0.0890	0.0002	0.0419	0.0527	0.0013	0.0000	0.0005	0.0000	0.0000	0.0110	-0.0398	-0.0012	17.9460	19.3360	11.6991	7.9957	0.1387	0.1387	0.0000	0.1387	0.1387	0.0000	0.0000	0.0000	0.0000	0.0020	0.0019	0.0000	0.0020	0.0019	0.0000	0.0000	0.0000	0.0000	1.2826	1.1480	0.1346	0.3976	0.3784	0.0193	0.8850	0.7697	0.1153	0.3525	0.2118	0.1407	0.0975	0.0824	0.0151	0.2550	0.1294	0.1256	19.4689	13.2151	0.0000	17.3832	15.6018	0.0000	0.0000	0.0000	0.0000	0.0056	0.0091	0.0002	0.0201	0.0235	0.0013	0.0000	0.0000	0.0000
36	61	0.2337	7	0	2	1	0	0	0	0	0	N	Y	N	N	N	N	N	N	N	N	N	N	16.2639	5.7127	0.0188	0.0375	0.0368	0.0697	2375.5528	7175.4790	0.0213	1.8824	2.1341	0.0000	0.0169	0.0182	0.0000	2.5508	2.9473	0.0000	0.1157	0.3736	0.0006	0.4495	0.4932	0.0000	0.0011	0.0004	0.0007	0.0000	0.0265	-0.5748	-0.0029	17.9460	14.2360	11.6991	11.9336	2.0018	2.0018	0.0000	0.0047	0.0047	0.0000	1.9971	1.9971	0.0000	0.0049	0.0047	0.0001	0.0047	0.0047	0.0000	0.0001	0.0000	0.0001	1.0635	0.9380	0.1255	0.2805	0.2604	0.0201	0.7829	0.6776	0.1053	0.4086	0.2124	0.1962	0.0545	0.0493	0.0052	0.3542	0.1631	0.1911	158.4479	95.8458	0.0188	0.1941	0.1893	0.0697	7210.4236	1631715.5056	0.0213	0.0119	0.0223	0.0006	0.0868	0.0959	0.0000	0.0004	0.0000	0.0007
36	62	0.1615	7	1	1	1	0	0	0	0	0	N	N	N	N	N	N	N	N	N	N	N	N	1816.1872	593.9062	16400.3793	358.4804	345.6990	2.8613	2496.8040	4058.2024	17743.6190	0.8725	0.4408	4.1103	0.7155	0.7542	0.0005	0.9093	0.3604	4.4811	0.0005	0.0007	0.0003	0.0020	0.0022	0.0002	0.0004	0.0001	0.0003	1.2433	0.5071	0.4818	-0.0001	17.9460	28.8660	11.6991	13.2209	1.8040	0.8042	0.9998	0.2809	0.2809	0.0000	1.5231	0.5233	0.9998	0.0002	0.0002	0.0001	0.0002	0.0002	0.0000	0.0001	0.0000	0.0001	2.0676	1.8244	0.2432	0.3925	0.3724	0.0201	1.6751	1.4520	0.2231	0.6820	0.3551	0.3270	0.0816	0.0740	0.0075	0.6005	0.2810	0.3195	2443.1999	968.3967	16400.3793	358.4804	345.6990	2.8613	6761.0585	1311956.5242	17743.6190	0.0004	0.0005	0.0003	0.0020	0.0022	0.0002	0.0001	0.0000	0.0003
36	63	0.1141	2	1	2	0	0	0	0	0	0	N	Y	N	N	N	N	N	N	N	N	N	N	0.0179	0.0236	0.0004	0.1214	0.1318	0.0001	0.0116	21.2496	0.0004	0.0060	0.0068	0.0000	0.0317	0.0339	0.0000	0.0027	0.0031	0.0000	0.3334	0.2897	0.0651	0.2608	0.2570	0.0088	0.2331	0.0001	0.0546	0.0005	1.4478	-0.0007	-0.0002	17.9460	5.0237	11.6991	8.0282	0.0023	0.0023	0.0000	0.0014	0.0014	0.0000	0.0009	0.0009	0.0000	0.0061	0.0025	0.0036	0.0025	0.0025	0.0000	0.0036	0.0000	0.0036	0.3928	0.3426	0.0502	0.0443	0.0414	0.0029	0.3485	0.3012	0.0473	0.2767	0.1446	0.1321	0.0419	0.0407	0.0012	0.2348	0.1039	0.1309	0.2690	0.3943	0.0008	0.5258	0.5489	0.0001	0.1756	6458.7119	0.0009	0.0222	0.0174	0.0275	0.0602	0.0617	0.0088	0.0154	0.0000	0.0277
36	66	0.2337	7	0	2	0	0	0	0	0	0	N	Y	N	N	N	N	N	N	N	N	N	N	0.0024	42.9192	0.0000	0.3506	36.6555	0.0001	0.0000	0.5168	0.0000	0.0050	0.0057	0.0000	0.0193	0.0208	0.0000	0.0000	0.0000	0.0000	2.0620	0.0001	7.9392	0.0549	0.0006	0.7859	2.3697	0.0000	8.4899	0.0002	30701.6530	-0.0022	0.3693	17.9460	21.1811	11.6991	10.1862	0.0076	0.0076	0.0000	0.0076	0.0076	0.0000	0.0000	0.0000	0.0000	0.9937	0.0000	0.9936	0.0015	0.0000	0.0015	0.9921	0.0000	0.9921	1.5324	1.3523	0.1802	0.3969	0.3678	0.0291	1.1356	0.9844	0.1511	0.4819	0.2504	0.2315	0.0632	0.0571	0.0061	0.4187	0.1933	0.2254	0.0024	43.7597	0.0000	0.7867	36.6555	0.0002	0.0000	189.9756	0.0000	2.0620	0.0001	4.2928	0.0245	0.0006	0.2479	2.3697	0.0000	4.4025
36	67	0.2199	6	0	2	0	0	0	0	0	0	N	Y	N	N	N	N	N	N	N	N	N	N	3.6271	8.4108	0.0012	558.0371	511.3418	1.4138	0.0091	0.0083	0.0000	1.7028	1.9250	0.0003	6.7979	7.2952	0.0020	0.0052	0.0060	0.0000	0.4695	0.2289	0.2389	0.0122	0.0143	0.0014	0.5679	0.7229	0.1997	0.0000	3.7074	-0.2865	0.0008	17.9460	7.4253	11.6991	0.9851	0.9980	0.9980	0.0000	0.9957	0.9957	0.0000	0.0023	0.0023	0.0000	0.0048	0.0010	0.0038	0.0001	0.0001	0.0000	0.0047	0.0009	0.0038	0.5861	0.5184	0.0677	0.1465	0.1365	0.0100	0.4396	0.3819	0.0577	0.1363	0.0701	0.0662	0.0167	0.0150	0.0017	0.1195	0.0550	0.0645	48.2168	131.8937	0.0052	828.2846	811.9692	1.4138	0.1326	0.3701	0.0000	0.0353	0.0146	0.0572	0.0082	0.0090	0.0014	0.0391	0.0161	0.0587
36	68	0.2425	7	0	1	1	0	0	0	0	0	N	N	N	N	N	N	N	N	N	N	N	N	0.0008	0.0006	0.3702	0.0198	0.0182	0.0172	0.0000	0.0000	0.6181	0.0003	0.0003	0.0000	0.0008	0.0008	0.0000	0.0000	0.0000	0.0000	0.3790	0.5811	0.0000	0.0397	0.0455	0.0001	0.4595	1.1834	0.0000	0.0019	0.0002	-0.0001	-0.0080	17.9460	15.0354	11.6991	6.2061	0.0005	0.0005	0.0000	0.0005	0.0005	0.0000	0.0000	0.0000	0.0000	0.0127	0.0127	0.0000	0.0024	0.0024	0.0000	0.0103	0.0103	0.0000	1.6457	1.4746	0.1711	0.6098	0.5783	0.0315	1.0359	0.8963	0.1397	0.4871	0.2778	0.2093	0.1262	0.1172	0.0090	0.3609	0.1606	0.2003	0.0112	0.0071	0.3702	0.0413	0.0405	0.0172	0.0000	0.0000	0.6181	0.0261	0.0457	0.0000	0.0191	0.0205	0.0001	0.0285	0.0640	0.0000
36	69	0.1744	6	0	1	0	0	0	0	0	0	N	N	N	N	N	N	N	N	N	N	N	N	0.1361	0.0877	0.5269	12.1503	12.3150	2.3504	0.0069	0.0040	0.0704	0.2036	0.2279	0.0050	0.6408	0.6777	0.0285	0.0124	0.0142	0.0005	1.4956	2.5977	0.0094	0.0527	0.0550	0.0121	1.8054	3.5706	0.0073	0.0027	0.0021	-0.1545	-0.6249	17.9460	27.6811	11.6991	13.1592	0.5430	0.5415	0.0014	0.5200	0.5187	0.0013	0.0229	0.0228	0.0001	0.9978	0.9957	0.0021	0.0027	0.0026	0.0001	0.9951	0.9931	0.0020	2.6668	2.3760	0.2909	0.8115	0.7654	0.0462	1.8553	1.6106	0.2447	0.7316	0.3833	0.3483	0.1126	0.1052	0.0074	0.6189	0.2781	0.3408	0.1493	0.0877	0.8330	26.8424	27.4324	2.3504	0.0077	0.0040	0.0884	1.3639	2.5977	0.0059	0.0239	0.0247	0.0121	1.6078	3.5706	0.0058
36	70	0.1396	5	0	1	0	0	0	0	0	0	N	N	N	N	N	N	N	N	N	N	N	N	0.7982	0.6572	0.2660	5.2997	5.7447	2.5294	0.1626	0.0625	0.0438	0.2480	0.2773	0.0085	0.6577	0.6958	0.0417	0.0407	0.0469	0.0012	0.3106	0.4219	0.0320	0.1241	0.1211	0.0165	0.2506	0.7499	0.0282	0.0038	0.5047	-0.1512	-0.0032	17.9460	19.6565	11.6991	4.0504	0.5336	0.5316	0.0020	0.4754	0.4737	0.0018	0.0582	0.0580	0.0002	0.0111	0.0074	0.0037	0.0040	0.0039	0.0001	0.0071	0.0035	0.0037	2.1522	1.9174	0.2348	0.7229	0.6807	0.0422	1.4293	1.2367	0.1926	0.5294	0.2882	0.2412	0.0979	0.0938	0.0040	0.4315	0.1943	0.2372	11.8434	10.8477	0.5521	16.2248	16.7393	2.5294	2.4700	2.6292	0.0802	0.0209	0.0256	0.0154	0.0405	0.0416	0.0165	0.0165	0.0178	0.0154
36	71	0.2231	7	1	2	0	0	0	0	0	0	N	Y	N	N	N	N	N	N	N	N	N	N	12517.3032	4247347.6264	0.0047	2922455.6127	3278337.3681	2.6040	0.0000	0.0000	0.7623	0.8623	0.0000	2.9232	3.1521	0.0000	0.0000	0.0000	0.0000	0.0001	0.0000	0.0001	0.0000	0.0000	0.0000	0.0002	0.0000	0.0001	0.0000	579.6364	-0.2878	0.0000	17.9460	17.5448	11.6991	6.0013	1.0023	1.0023	0.0000	1.0023	1.0023	0.0000	0.0000	0.0000	0.0000	0.0000	0.0000	0.0000	0.0000	0.0000	0.0000	0.0000	0.0000	0.0000	1.3148	1.1624	0.1524	0.3429	0.3180	0.0249	0.9719	0.8444	0.1275	0.3671	0.1896	0.1774	0.0447	0.0400	0.0046	0.3224	0.1496	0.1728	12517.3032	4247347.6264	0.0047	2922455.6127	3278337.3681	2.6040	0.0000	0.0000	0.0000	0.0001	0.0000	0.0001	0.0000	0.0000	0.0000	0.0001	0.0000	0.0001	
36	72	0.2915	10	1	2	1	0	0	0	0	0	N	Y	N	N	N	N	N	N	N	N	N	N	0.0000	0.0000	0.0000	0.0000	0.0000	0.0000	0.0000	0.0000	0.0000	0.0000	0.0000	0.0000	0.0000	0.0000	0.0000	0.0000	0.0098	0.0230	0.0000	0.0164	0.0170	0.0000	0.0000	0.0000	0.0000	0.0000	0.0000	-0.0002	17.9460	1.8980	11.6991	2.9698	0.0000	0.0000	0.0000	0.0000	0.0000	0.0000	0.0000	0.0000	0.0000	0.0004	0.0004	0.0000	0.0004	0.0004	0.0000	0.0000	0.0000	0.0000	0.1572	0.1388	0.0183	0.0550	0.0512	0.0038	0.1022	0.0876	0.0145	0.1138	0.0725	0.0413	0.0360	0.0351	0.0010	0.0777	0.0374	0.0403	0.0000	0.0000	0.0000	0.0000	0.0000	0.0000	0.0000	0.0000	0.0000	0.0032	0.0051	0.0000	0.0102	0.0105	0.0000	0.0000	0.0000	0.0000			
36	73	0.2719	9	1	1	1	0	0	0	0	0	N	N	N	N	N	N	N	N	N	N	N	N	0.0318	0.0166	0.0001	0.0563	0.0527	0.0000	0.0019	0.0002	0.0002	0.0007	0.0008	0.0000	0.0016	0.0017	0.0000	0.0000	0.0000	0.0000	0.0223	0.0466	0.0050	0.0292	0.0323	0.0006	0.0163	0.1453	0.0040	0.0001	0.3531	-0.0001	-0.0003	17.9460	3.5853	11.6991	4.3819	0.0004	0.0004	0.0000	0.0004	0.0004	0.0000	0.0000	0.0000	0.0000	0.0009	0.0007	0.0002	0.0005	0.0005	0.0000	0.0004	0.0001	0.0002	0.5334	0.4880	0.0454	0.2242	0.2167	0.0075	0.3091	0.2713	0.0378	0.1501	0.0906	0.0596	0.0336	0.0318	0.0018	0.1165	0.0588	0.0577	0.1203	0.1073	0.0002	0.1052	0.1031	0.0000	0.0098	0.0156	0.0002	0.0059	0.0072	0.0039	0.0156	0.0165	0.0006	0.0031	0.0022	0.0040
36	74	0.2405	8	1	1	1	0	0	0	0	0	N	N	N	N	N	N	N	N	N	N	N	N	4.2503	4.0760	0.0168	28.5206	26.5845	1.3915	0.0054	0.0007	0.0009	0.1153	0.1296	0.0002	0.4051	0.4307	0.0013	0.0002	0.0003	0.0000	0.0271	0.0318	0.0119	0.0142	0.0162	0.0009	0.0429	0.3516	0.0098	0.0002	1.0012	-0.0317	-0.0003	17.9460	12.3589	11.6991	7.3592	0.1103	0.1103	0.0000	0.1102	0.1101	0.0000	0.0002	0.0002	0.0000	0.0021	0.0011	0.0011	0.0004	0.0004	0.0000	0.0017	0.0006	0.0011	0.9568	0.8511	0.1057	0.2719	0.2557	0.0162	0.6848	0.5954	0.0894	0.3225	0.1738	0.1487	0.0475	0.0436	0.0039	0.2750	0.1302	0.1448	17.5950	21.3264	0.0281	43.9148	43.2030	1.3915	0.0378	0.0552	0.0012	0.0066	0.0061	0.0071	0.0092	0.0100	0.0009	0.0061	0.0048	0.0073
36	75	0.2231	7	1	1	1	0	0	0	0	0	N	N	N	N	N	N	N	N	N	N	N	N	0.0609	0.0154	0.0490	0.0557	0.0536	0.0000	0.0017	0.0000	0.0577	0.0017	0.0019	0.0001	0.0059	0.0064	0.0000	0.0000	0.0000	0.0001	0.0273	0.1213	0.0022	0.1062	0.1187	0.0000	0.0112	0.1746	0.0023	0.0075	0.1938	-0.0004	-0.0006	17.9460	10.2127	11.6991	1.0234	0.0013	0.0013	0.0000	0.0013	0.0013	0.0000	0.0000	0.0000	0.0000	0.0012	0.0010	0.0002	0.0008	0.0008	0.0000	0.0004	0.0002	0.0002	0.8095	0.7168	0.0927	0.2260	0.2101	0.0159	0.5835	0.5068	0.0767	0.1805	0.0931	0.0874	0.0223	0.0200	0.0023	0.1582	0.0731	0.0851	0.2525	0.1743	0.0490	0.1614	0.1558	0.0000	0.0079	0.0006	0.0577	0.0066	0.0107	0.0022	0.0366	0.0408	0.0000	0.0024	0.0025	0.0023
36	76	0.2199	6	1	1	0	0	0	0	0	0	N	N	N	N	N	N	N	N	N	N	N	N	1.2548	0.5451	0.0000	0.8710	0.7667	0.0000	0.0000	0.0007	0.0008	0.0000	0.0026	0.0028	0.0000	0.0000	0.0000	0.0000	0.0006	0.0014	0.0001	0.0030	0.0036	0.0000	0.0001	0.0000	0.0001	0.0000	0.0714	-0.0001	-0.0000	17.9460	3.7027	11.6991	0.0091	0.0002	0.0002	0.0000	0.0002	0.0002	0.0000	0.0000	0.0000	0.0000	0.0000	0.0000	0.0000	0.0000	0.0000	0.0000	0.0000	0.0000	0.0000	0.3160	0.2809	0.0352	0.0844	0.0793	0.0051	0.2317	0.2016	0.0301	0.0608	0.0313	0.0296	0.0075	0.0067	0.0008	0.0533	0.0245	0.0288	1.7588	1.0891	0.0000	0.8710	0.8318	0.0000	0.0000	0.0000	0.0000	0.0004	0.0007	0.0001	0.0030	0.0033	0.0000	0.0000	0.0000	0.0001		
36	77	0.2029	5	0	1	0	0	0	0	0	0	N	N	N	N	N	N	N	N	N	N	N	N	0.0112	0.1701	0.0004	0.0861	0.0898	0.0288	0.0055	1.4252	0.0000	0.0002	0.0002	0.0000	0.0002	0.0002	0.0000	0.0002	0.0003	0.0000	0.0179	0.0013	0.0206	0.0019	0.0020	0.0011	0.0402	0.0002	0.0169	0.0044	12.3341	-0.0000	0.0003	17.9460	3.8334	11.6991	6.1787	0.0001	0.0001	0.0000	0.0000	0.0000	0.0000	0.0001	0.0001	0.0000	0.0011	0.0001	0.0010	0.0001	0.0001	0.0000	0.0010	0.0000	0.0010	0.3922	0.3500	0.0422	0.1483	0.1374	0.0109	0.2439	0.2126	0.0313	0.2164	0.1211	0.0953	0.0439	0.0419	0.0020	0.1725	0.0792	0.0933	0.0398	0.3315	0.0008	0.0861	0.0898	0.0288	0.0381	432.9424	0.0000	0.0051	0.0007	0.0106	0.0019	0.0020	0.0011	0.0058	0.0000	0.0108
36	78	0.1638	4	0	1	0	0	0	0	0	0	N	N	N	N	N	N	N	N	N	N	N	N	0.0061	0.0143	0.0049	0.0221	0.0142	10.0811	0.0057	0.8731	0.0019	0.0034	0.0036	0.0026	0.0025	0.0017	0.0141	0.0037	0.0042	0.0009	0.5610	0.2490	0.5381	0.1115	0.1183	0.0014	0.6540	0.0048	0.4489	0.0930	4.6347	-0.0010	0.0049	17.9460	16.9094	11.6991	5.8161	0.0050	0.0046	0.0004	0.0008	0.0005	0.0003	0.0041	0.0040	0.0001	0.0251	0.0045	0.0207	0.0044	0.0044	0.0000	0.0207	0.0000	0.0207	1.4446	1.2828	0.1617	0.3413	0.3197	0.0216	1.1033	0.9631	0.1401	0.5197	0.2882	0.2315	0.1167	0.1091	0.0076	0.4030	0.1791	0.2239	0.0713	0.2295	0.0293	0.0649	0.0415	10.0811	0.0730	23.9929	0.0092	0.0483	0.0155	0.0893	0.0380	0.0406	0.0014	0.0513	0.0002	0.0923
36	79	0.0573	2	0	2	0	0	0	0	0	0	N	Y	N	N	N	N	N	N	N	N	N	N	0.8053	0.6605	0.0355	0.4272	0.4417	0.0091	914.5347	981.5723	0.0360	0.5991	0.6909	0.0000	0.9135	0.9374	0.0000	0.5782	0.6724	0.0000	0.7440	1.0461	0.0004	2.1383	2.1225	0.0033	0.0006	0.0007	0.0004	0.0000	0.0021	-0.3167	-0.0521	17.9460	23.9173	11.6991	17.8091	1.1029	1.1029	0.0000	0.1048	0.1048	0.0000	0.9981	0.9981	0.0000	0.0832	0.0830	0.0002	0.0830	0.0830	0.0000	0.0002	0.0000	0.0002	1.8409	1.5962	0.2447	0.1147	0.1118	0.0029	1.7262	1.4845	0.2418	0.8803	0.4510	0.4292	0.1121	0.1105	0.0016	0.7681	0.3405	0.4276	6.3383	3.7534	0.0355	1.2337	1.2480	0.0091	2545.7816	144823.5292	0.0360	0.0945	0.1841	0.0004	0.7405	0.7511	0.0033	0.0002	0.0000	0.0004
36	81	0.1615	7	1	1	1	0	0	0	0	0	N	N	N	N	N	N	N	N	N	N	N	N	15.1349	3.7975	0.0004	0.0035	0.0033	0.0182	3340.9579	16333.8755	0.0000	1.0086	1.1432	0.0000	0.0013	0.0014	0.0000	1.2462	1.4381	0.0000	0.0666	0.3011	0.0003	0.3883	0.4270	0.0001	0.0004	0.0001	0.0003	0.0000	0.0130	-0.5742	-0.0038	17.9460	27.2690	11.6991	12.3406	1.9998	1.9998	0.0000	0.0005	0.0005	0.0000	1.9992	1.9992	0.0000	0.0062	0.0061	0.0001	0.0061	0.0061	0.0000	0.0001	0.0000	0.0001	1.9826	1.7492	0.2334	0.3784	0.3590	0.0194	1.6043	1.3902	0.2141	0.6531	0.3403	0.3128	0.0791	0.0719	0.0072	0.5741	0.2685	0.3056	105.9622	63.4015	0.0004	0.0174	0.0166	0.0182	8988.0567	5238659.9837	0.0000	0.0095	0.0180	0.0003	0.0776	0.0854	0.0001	0.0001	0.0000	0.0003
36	82	0.1462	6	0	1	0	0	0	0	0	0	N	N	N	N	N	N	N	N	N	N	N	N	3.7409	2.9823	0.3402	0.9444	0.8147	2.2278	3.7393	0.4894	0.3654	0.0148	0.0166	0.0004	0.0056	0.0059	0.0001	0.0179	0.0205	0.0005	0.0040	0.0056	0.0013	0.0059	0.0072	0.0000	0.0048	0.0418	0.0013	0.0032	0.6465	-0.0034	-0.0001	17.9460	9.0798	11.6991	0.9519	0.0120	0.0119	0.0000	0.0011	0.0011	0.0000	0.0108	0.0108	0.0000	0.0003	0.0002	0.0001	0.0001	0.0001	0.0000	0.0002	0.0001	0.0001	0.8062	0.7186	0.0876	0.2000	0.1911	0.0090	0.6062	0.5276	0.0786	0.1727	0.0879	0.0847	0.0178	0.0158	0.0020	0.1549	0.0721	0.0828	9.3398	8.7578	0.3402	1.1656	1.0858	2.2278	14.6865	18.2484	0.3654	0.0016	0.0019	0.0013	0.0048	0.0054	0.0000	0.0012	0.0011	0.0013
36	83	0.0734	3	0	2	0	0	0	0	0	0	N	Y	N	N	N	N	N	N	N	N	N	N	2.7084	15.9897	0.0000	0.6139	0.9448	0.0000	2.4433	1.6609	0.0000	0.6367	0.7293	0.0000	0.0113	0.0118	0.0000	0.6781	0.7817	0.0000	0.2351	0.0456	0.0659	0.0184	0.0124	0.1206	0.2775	0.4707	0.0529	0.0000	3.6445	-0.2875	0.0019	17.9460	21.0000	11.6991	14.4214	1.0011	1.0011	0.0000	0.0011	0.0011	0.0000	1.0000	1.0000	0.0000	0.0121	0.0026	0.0095	0.0009	0.0006	0.0003	0.0112	0.0020	0.0092	1.5723	1.3728	0.1995	0.0975	0.0935	0.0040	1.4748	1.2793	0.1955	0.7052	0.3638	0.3414	0.0827	0.0789	0.0038	0.6225	0.2849	0.3376	37.1820	102.0401	0.0000	1.0167	1.4494	0.0000	37.8276	113.6444	0.0000	0.0171	0.0071	0.0278	0.0111	0.0081	0.0732	0.0179	0.0069	0.0272
36	84	0.1311	7	0	1	1	0	0	0	0	0	N	N	N	N	N	N	N	N	N	N	N	N	0.1791	0.2111	0.0000	0.0007	0.0006	0.0000	0.3483	9758.3253	0.0000	0.6283	0.7175	0.0000	0.0079	0.0085	0.0000	0.7211	0.8317	0.0000	3.5083	3.3986	6.9267	11.4336	13.0928	0.0267	2.0703	0.0001	7.5993	0.0000	0.9984	-0.2876	-0.2571	17.9460	20.4085	11.6991	11.0867	1.0016	1.0016	0.0000	0.0016	0.0016	0.0000	0.9999	0.9999	0.0000	1.9969	0.9992	0.9977	0.9995	0.9992	0.0003	0.9974	0.0000	0.9974	1.5941	1.3959	0.1982	0.2074	0.1936	0.0137	1.3867	1.2023	0.1845	0.5692	0.2940	0.2752	0.0874	0.0763	0.0111	0.4818	0.2177	0.2641	0.1791	0.2111	0.0000	0.0007	0.0006	0.0000	0.3483	3143251.5193	0.0000	3.5083	3.3986	3.6255	11.4336	13.0928	0.0252	2.0703	0.0000	3.7769
36	85	0.1274	6	0	1	1	0	0	0	0	0	N	N	N	N	N	N	N	N	N	N	N	N	1.6479	1.8111	0.0008	3.8550	3.9654	0.0182	0.0124	0.5026	0.0009	1.0649	1.2080	0.0003	3.5018	3.7901	0.0003	0.0069	0.0080	0.0003	0.6462	0.6670	0.3407	0.9084	0.9558	0.0146	0.5581	0.0159	0.2777	0.0000	0.9501	-0.1091	-0.0008	17.9460	3.1287	11.6991	1.1816	0.3801	0.3801	0.0000	0.3784	0.3784	0.0000	0.0017	0.0017	0.0000	0.0059	0.0030	0.0029	0.0030	0.0030	0.0000	0.0029	0.0000	0.0028	0.3570	0.3147	0.0423	0.1081	0.0998	0.0082	0.2489	0.2148	0.0341	0.0924	0.0503	0.0420	0.0172	0.0156	0.0016	0.0751	0.0347	0.0405	16.7053	20.1404	0.0038	19.9577	19.7793	0.0182	0.1813	13.6880	0.0037	0.0637	0.0600	0.0683	0.1755	0.1916	0.0146	0.0381	0.0006	0.0703
36	86	0.1204	5	0	1	0	0	0	0	0	0	N	N	N	N	N	N	N	N	N	N	N	N	4.9221	6.8840	0.0054	11.4311	13.5362	0.0102	2.6472	2302.6600	0.0067	3.1992	3.6477	0.0034	7.9294	8.6729	0.0046	1.7216	1.9891	0.0031	0.6500	0.5299	0.6281	0.6937	0.6407	0.4471	0.6504	0.0009	0.4715	0.0001	2.1276	-0.3639	0.0005	17.9460	4.0532	11.6991	2.2470	1.2678	1.2676	0.0002	0.7479	0.7479	0.0000	0.5198	0.5197	0.0001	0.0090	0.0029	0.0061	0.0033	0.0029	0.0004	0.0058	0.0000	0.0058	0.3963	0.3475	0.0488	0.0943	0.0862	0.0081	0.3019	0.2613	0.0407	0.1387	0.0756	0.0631	0.0256	0.0235	0.0022	0.1131	0.0522	0.0609	49.2335	95.7105	0.0347	62.4725	70.6284	0.0266	33.8010	269496.5119	0.0332	0.0650	0.0381	0.0972	0.1269	0.1228	0.1715	0.0509	0.0000	0.0945
36	87	0.0973	4	0	1	0	0	0	0	0	0	N	N	N	N	N	N	N	N	N	N	N	N	0.3769	1.1895	0.0005	1.4163	1.6886	0.0007	0.1491	2.7040	0.0004	0.9884	1.1423	0.0053	2.2805	2.5405	0.0079	0.4786	0.5611	0.0046	2.6228	0.9603	10.6254	1.6102	1.5045	10.7117	3.2093	0.2075	11.5884	0.0007	33.0797	-0.1536	0.3409	17.9460	4.7288	11.6991	9.8540	0.5364	0.5360	0.0004	0.3502	0.3500	0.0001	0.1862	0.1860	0.0003	0.9958	0.0292	0.9665	0.0319	0.0288	0.0030	0.9639	0.0004	0.9635	0.5427	0.4692	0.0735	0.1535	0.1378	0.0158	0.3891	0.3315	0.0577	0.3797	0.2124	0.1672	0.0793	0.0771	0.0022	0.3003	0.1353	0.1650	0.3769	8.3040	0.0009	5.6741	6.7883	0.0058	0.1491	201.7859	0.0008	2.6228	0.1376	5.7791	0.4019	0.3742	1.3538	3.2093	0.0028	5.8392
36	88	0.0734	3	0	1	0	0	0	0	0	0	N	N	N	N	N	N	N	N	N	N	N	N	1.4545	1.5973	0.2391	0.0486	0.0497	0.0687	1.4210	2.0090	0.2612	1.2853	1.4099	0.4405	0.0693	0.0710	0.0288	1.3663	1.5087	0.4490	0.8836	0.8827	1.8425	1.4259	1.4292	0.4189	0.9615	0.7509	1.7192	0.0461	1.9898	-0.2087	0.0024	17.9460	8.6320	11.6991	7.0881	0.8587	0.8208	0.0378	0.0029	0.0028	0.0000	0.8558	0.8180	0.0378	0.0651	0.0218	0.0433	0.0196	0.0193	0.0003	0.0455	0.0025	0.0430	0.6681	0.5822	0.0859	0.0417	0.0400	0.0017	0.6264	0.5422	0.0842	0.3676	0.1944	0.1732	0.0588	0.0569	0.0018	0.3088	0.1374	0.1714	7.2548	12.5829	1.7603	0.2077	0.2095	0.1754	9.2704	83.9192	1.7875	0.1772	0.1121	0.2502	0.3336	0.3391	0.1641	0.1474	0.0180	0.2512
36	89	0.1412	5	0	2	0	0	0	0	0	0	N	Y	N	N	N	N	N	N	N	N	N	N	0.0004	0.0025	0.0000	0.0080	0.0089	0.0001	0.0001	0.2764	0.0000	0.0009	0.0010	0.0000	0.0034	0.0037	0.0000	0.0003	0.0003	0.0000	2.3578	0.3916	9.6867	0.4234	0.4125	0.0435	2.7801	0.0011	10.6376	0.0038	185.7732	-0.0003	0.3639	17.9460	15.4622	11.6991	5.2688	0.0011	0.0011	0.0000	0.0008	0.0008	0.0000	0.0003	0.0003	0.0000	0.9935	0.0053	0.9882	0.0054	0.0053	0.0001	0.9881	0.0000	0.9881	1.2840	1.1273	0.1567	0.2516	0.2311	0.0205	1.0324	0.8962	0.1362	0.4214	0.2279	0.1935	0.0660	0.0631	0.0028	0.3554	0.1647	0.1907	0.0004	0.0426	0.0000	0.0410	0.0436	0.0002	0.0001	24.0462	0.0000	2.3578	0.0233	5.1075	0.0821	0.0842	0.0354	2.7801	0.0000	5.1824
36	90	0.1294	4	0	1	0	0	0	0	0	0	N	N	N	N	N	N	N	N	N	N	N	N	0.0223	0.0244	0.0049	0.0570	0.0598	0.8249	0.0079	0.0277	0.0058	0.0165	0.0182	0.0037	0.0587	0.0625	0.0024	0.0056	0.0059	0.0038	0.7390	0.7472	0.7615	1.0303	1.0444	0.0029	0.7148	0.2125	0.6690	0.0273	1.1102	-0.0030	-0.0021	17.9460	7.5917	11.6991	1.5198	0.0117	0.0114	0.0003	0.0085	0.0085	0.0000	0.0032	0.0029	0.0003	0.0206	0.0098	0.0108	0.0095	0.0095	0.0000	0.0111	0.0002	0.0108	0.7076	0.6236	0.0840	0.1451	0.1360	0.0090	0.5626	0.4875	0.0750	0.2226	0.1250	0.0977	0.0468	0.0436	0.0032	0.1758	0.0814	0.0944	0.1783	0.2334	0.0333	0.2880	0.2855	0.8249	0.0893	2.0653	0.0336	0.0926	0.0781	0.1110	0.2039	0.2187	0.0029	0.0629	0.0029	0.1147
36	91	0.2387	8	1	1	1	0	0	0	0	0	N	N	N	N	N	N	N	N	N	N	N	N	0.0000	0.0000	0.0000	0.0000	0.0000	0.0000	0.0000	0.0000	0.0000	0.0000	0.0000	0.0000	0.0000	0.0000	0.0000	0.0000	0.0000	0.0000	0.0000	0.0000	0.0000	0.0000	inf	0.0000	0.0000	17.9460	3.0317	11.6991	0.1644	0.0000	0.0000	0.0000	0.0000	0.0000	0.0000	0.0000	0.0000	0.0000	0.0000	0.0000	0.0000	0.0000	0.0000	0.0000	0.0000	0.0000	0.0000	0.2295	0.2028	0.0267	0.0493	0.0468	0.0025	0.1803	0.1560	0.0242	0.0530	0.0274	0.0255	0.0064	0.0056	0.0008	0.0465	0.0218	0.0247	0.0000	0.0000	0.0000	0.0000	0.0000	0.0000	0.0000	0.0000	0.0000	0.0000	0.0000	0.0000	0.0000	0.0000	0.0000	0.0000	0.0000	0.0000						
36	92	0.2329	7	1	1	1	0	0	0	0	0	N	N	N	N	N	N	N	N	N	N	N	N	0.0007	0.0137	0.0018	0.0040	0.0048	0.0000	0.0003	0.0005	0.0022	0.0000	0.0000	0.0000	0.0000	0.0000	0.0000	0.0000	0.0000	0.0000	0.0003	0.0000	0.0006	0.0000	0.0000	0.0001	0.0010	0.0002	0.0006	0.9091	55.8908	0.0000	0.0000	17.9460	2.6632	11.6991	1.0147	0.0000	0.0000	0.0000	0.0000	0.0000	0.0000	0.0000	0.0000	0.0000	0.0000	0.0000	0.0000	0.0000	0.0000	0.0000	0.0000	0.0000	0.0000	0.2847	0.2569	0.0278	0.1136	0.1078	0.0057	0.1711	0.1490	0.0221	0.0643	0.0342	0.0302	0.0088	0.0079	0.0009	0.0555	0.0263	0.0293	0.0008	0.0137	0.0018	0.0040	0.0048	0.0000	0.0008	0.1497	0.0022	0.0003	0.0000	0.0006	0.0000	0.0000	0.0001	0.0003	0.0000	0.0006
36	93	0.1496	6	1	1	1	0	0	0	0	0	N	N	N	N	N	N	N	N	N	N	N	N	0.5680	0.0825	32.3425	0.2730	0.2527	325.7823	2.2657	0.4450	33.4381	0.0172	0.0135	0.0465	0.0602	0.0624	0.0105	0.0067	0.0003	0.0494	0.0303	0.1638	0.0014	0.2204	0.2469	0.0000	0.0030	0.0007	0.0015	0.4383	0.1116	0.0008	-0.0028	17.9460	35.0787	11.6991	12.2568	0.0471	0.0327	0.0143	0.0323	0.0321	0.0002	0.0147	0.0006	0.0141	0.0053	0.0048	0.0005	0.0048	0.0048	0.0000	0.0005	0.0000	0.0005	2.7305	2.4222	0.3083	0.5371	0.5144	0.0227	2.1934	1.9077	0.2857	0.7654	0.3937	0.3717	0.0900	0.0802	0.0098	0.6754	0.3135	0.3619	2.4777	1.1103	32.3425	1.1311	1.0440	325.7823	8.4675	61.7996	33.4381	0.0070	0.0122	0.0014	0.0532	0.0597	0.0000	0.0008	0.0000	0.0015
36	94	0.1361	5	1	1	0	0	0	0	0	0	N	N	N	N	N	N	N	N	N	N	N	N	2.6233	0.1271	2039.7591	0.2031	0.1997	13.9627	6.1959	0.0547	2789.0890	1.1892	0.0862	10.6242	0.1762	0.1827	0.0015	1.5368	0.0496	11.6429	0.4533	0.6781	0.0052	0.8676	0.9149	0.0001	0.2480	0.9066	0.0042	14.4075	0.0605	0.6828	-0.0038	17.9460	8.4810	11.6991	2.3446	1.0538	0.0684	0.9854	0.0399	0.0399	0.0000	1.0139	0.0285	0.9853	0.0066	0.0062	0.0004	0.0038	0.0038	0.0000	0.0028	0.0024	0.0004	0.8861	0.7934	0.0927	0.2264	0.2182	0.0081	0.6597	0.5751	0.0846	0.1966	0.1018	0.0948	0.0232	0.0209	0.0023	0.1734	0.0808	0.0925	35.3298	1.4061	2666.5092	1.0781	1.0080	13.9627	94.3443	1.6389	2853.6848	0.0337	0.0613	0.0040	0.1634	0.1812	0.0001	0.0163	0.0303	0.0041
36	95	0.0734	3	0	2	0	1	0	0	0	0	N	Y	N	N	N	N	N	N	N	N	N	N	0.8006	0.2794	5533289.6954	0.5727	0.5857	0.0000	0.7103	0.2048	6061315.4156	1.1159	0.6359	4.4308	0.8347	0.8704	0.0000	1.1345	0.6188	4.5216	1.3940	2.2764	0.0000	1.4576	1.4862	0.0000	1.5973	3.0218	0.0000	1.0089	0.0000	0.4280	-0.6482	17.9460	24.0032	11.6991	22.6134	1.9898	0.9905	0.9993	0.0922	0.0922	0.0000	1.8976	0.8983	0.9993	1.0316	1.0316	0.0000	0.0321	0.0321	0.0000	0.9995	0.9995	0.0000	1.7831	1.5576	0.2255	0.1105	0.1059	0.0045	1.6726	1.4516	0.2210	0.8824	0.4532	0.4292	0.0945	0.0896	0.0048	0.7879	0.3635	0.4244	0.9545	0.2794	5533289.6954	2.4566	2.4313	0.0000	0.8944	0.2251	6061315.4156	1.1691	2.2764	0.0000	0.3398	0.3580	0.0000	1.2685	2.7495	0.0000
36	96	0.4908	7	0	2	0	0	0	0	0	0	N	Y	N	N	N	N	N	N	N	N	N	N	0.0006	0.0004	49.5885	0.0023	0.0024	13.6909	0.0001	0.0000	64.3747	0.0028	0.0029	0.0025	0.0081	0.0084	0.0045	0.0003	0.0000	0.0021	4.6901	7.8214	0.0001	3.4523	3.5500	0.0003	5.7491	12.9367	0.0000	0.1105	0.0000	-0.0008	-1.5175	17.9460	18.5150	11.6991	10.2301	0.0040	0.0036	0.0004	0.0037	0.0036	0.0001	0.0003	0.0000	0.0003	2.4150	2.4150	0.0000	0.4209	0.4209	0.0000	1.9941	1.9941	0.0000	1.4209	1.2636	0.1573	0.4623	0.4308	0.0314	0.9586	0.8327	0.1259	0.5149	0.3088	0.2061	0.1681	0.1546	0.0134	0.3468	0.1541	0.1927	0.0006	0.0004	49.5885	0.0032	0.0031	13.6909	0.0001	0.0000	64.3747	4.6901	7.8214	0.0001	2.5046	2.7222	0.0003	5.7491	12.9367	0.0000
36	97	0.1026	4	0	2	0	0	0	0	0	0	N	Y	N	N	N	N	N	N	N	N	N	N	0.3627	23.0965	0.3866	6.2465	6.4506	0.2379	0.3259	25933.9320	0.3706	0.6188	0.3439	2.5942	0.3521	0.3666	0.0047	0.6423	0.3417	2.6647	1.7062	0.0149	6.7106	0.0564	0.0568	0.0198	1.9708	0.0000	7.1894	1.0499	849.7610	0.4564	0.7416	17.9460	46.1140	11.6991	26.4917	2.0278	0.9892	1.0386	0.0935	0.0935	0.0001	1.9343	0.8958	1.0386	2.0017	0.0024	1.9994	0.0026	0.0024	0.0002	1.9992	0.0000	1.9992	3.2771	2.8767	0.4004	0.2656	0.2550	0.0106	3.0115	2.6218	0.3898	1.1732	0.6011	0.5722	0.1033	0.0925	0.0108	1.0699	0.5085	0.5614	0.3627	87.8449	0.7424	14.1744	14.4167	0.2379	0.3438	9816197.0873	0.7483	1.7062	0.0039	3.4945	0.0248	0.0254	0.0198	1.8685	0.0000	3.5611
36	98	0.5438	9	0	2	0	0	0	0	0	0	N	Y	N	N	N	N	N	N	N	N	N	N	60.5377	987.2675	0.0000	1020.8043	1340.1268	0.0000	15.0914	36418.8966	0.0000	1.5711	1.7560	0.0000	2.7355	2.8768	0.0000	1.0576	1.2157	0.0000	0.0260	0.0018	0.0303	0.0027	0.0021	0.0056	0.0701	0.0000	0.0297	0.0000	11.8350	-0.6138	0.0007	17.9460	20.7840	11.6991	8.9470	2.1377	2.1377	0.0000	1.1392	1.1392	0.0000	0.9986	0.9986	0.0000	0.0024	0.0002	0.0022	0.0003	0.0002	0.0001	0.0022	0.0000	0.0022	1.3606	1.2174	0.1433	0.4164	0.3960	0.0205	0.9442	0.8214	0.1228	0.3794	0.2280	0.1514	0.1045	0.0882	0.0163	0.2749	0.1398	0.1351	245.2089	2113.9193	0.0000	1020.8043	1340.1268	0.0000	135.1553	13486879.6860	0.0000	0.0064	0.0008	0.0148	0.0027	0.0021	0.0056	0.0078	0.0000	0.0159
36	99	0.5388	8	0	1	0	0	0	0	0	0	N	N	N	N	N	N	N	N	N	N	N	N	28.6093	11.0252	2.1084	513.4251	501.8024	0.0000	0.0227	0.0003	4.1143	1.6135	1.7823	0.0147	2.7618	2.9440	0.0000	0.0036	0.0002	0.0237	0.0564	0.1617	0.0070	0.0054	0.0059	0.0004	0.1571	0.8189	0.0058	0.0009	0.2942	-0.2454	-0.0004	17.9460	2.7834	11.6991	1.0450	0.8571	0.8564	0.0007	0.8563	0.8563	0.0000	0.0008	0.0000	0.0007	0.0009	0.0007	0.0002	0.0002	0.0002	0.0000	0.0007	0.0005	0.0002	0.5312	0.4805	0.0507	0.3101	0.2909	0.0192	0.2212	0.1896	0.0316	0.0991	0.0569	0.0422	0.0364	0.0345	0.0019	0.0627	0.0224	0.0403	179.6654	147.4425	3.0747	608.3877	617.0924	0.0000	0.3083	0.0091	4.7375	0.0090	0.0121	0.0048	0.0045	0.0048	0.0004	0.0116	0.0233	0.0050
36	100	0.5288	7	0	1	0	0	0	0	0	0	N	N	N	N	N	N	N	N	N	N	N	N	10.9654	2.3818	541.4782	22.5252	14.3867	8093.1773	10.2814	0.5516	173.2067	0.4592	0.3278	1.4629	0.7203	0.5232	2.5098	0.1261	0.0678	0.4940	0.0419	0.1376	0.0027	0.0320	0.0364	0.0003	0.0123	0.1230	0.0029	0.5837	0.1578	0.0462	-0.0011	17.9460	7.6044	11.6991	2.7972	0.5668	0.3579	0.2089	0.4984	0.3261	0.1723	0.0684	0.0318	0.0366	0.0021	0.0018	0.0003	0.0017	0.0017	0.0000	0.0004	0.0001	0.0003	1.2344	1.0916	0.1428	0.6919	0.6233	0.0686	0.5425	0.4683	0.0742	0.2698	0.1620	0.1079	0.1030	0.0966	0.0064	0.1668	0.0654	0.1015	57.9289	28.7444	541.4782	43.2030	29.4710	8093.1773	49.8943	33.5303	173.2067	0.0079	0.0114	0.0027	0.0167	0.0178	0.0003	0.0025	0.0020	0.0029
36	101	0.4792	6	0	1	0	0	0	0	0	0	N	N	N	N	N	N	N	N	N	N	N	N	0.6250	0.7270	0.0143	2.3319	2.3425	31.0721	0.0039	0.0071	0.0037	0.4218	0.4731	0.0077	1.2909	1.3805	0.0318	0.0026	0.0028	0.0018	0.6749	0.6507	0.5393	0.5536	0.5893	0.0010	0.6768	0.3914	0.4976	0.0020	1.0619	-0.1750	-0.0041	17.9460	18.4780	11.6991	12.4520	0.6139	0.6127	0.0012	0.6113	0.6103	0.0010	0.0026	0.0024	0.0002	0.0358	0.0174	0.0184	0.0165	0.0165	0.0000	0.0193	0.0009	0.0184	1.4556	1.2951	0.1605	0.4736	0.4421	0.0314	0.9820	0.8530	0.1290	0.5080	0.3025	0.2055	0.1588	0.1432	0.0156	0.3492	0.1593	0.1899	5.9875	8.2451	0.0860	12.4194	11.9889	31.0721	0.0480	0.5081	0.0189	0.0704	0.0574	0.0897	0.1039	0.1151	0.0010	0.0552	0.0055	0.0969
36	102	0.1875	6	0	2	0	0	0	0	0	0	N	Y	N	N	N	N	N	N	N	N	N	N	0.1851	0.1203	0.0001	1.5430	1.5609	0.7651	0.1230	0.0688	0.0000	0.3361	0.3731	0.0001	0.4417	0.4603	0.0006	0.2798	0.3217	0.0000	1.8162	3.1001	1.0185	0.2863	0.2949	0.0007	2.2738	4.6785	0.9294	0.0000	0.0330	-0.3649	-1.2166	17.9460	34.1922	11.6991	22.4626	1.2710	1.2710	0.0000	0.5813	0.5813	0.0000	0.6897	0.6897	0.0000	2.0397	1.9746	0.0651	0.0145	0.0145	0.0000	2.0252	1.9601	0.0651	3.7812	3.4068	0.3743	1.3161	1.2630	0.0531	2.4651	2.1439	0.3212	1.1231	0.6369	0.4861	0.2324	0.2180	0.0144	0.8906	0.4190	0.4717	0.1851	0.1203	0.0007	7.0648	6.9094	0.7651	0.1230	0.0688	0.0001	1.8162	3.1001	0.1339	0.0625	0.0666	0.0007	2.2738	4.6785	0.1379
36	103	0.1396	5	0	2	0	0	0	0	0	0	N	Y	N	N	N	N	N	N	N	N	N	N	0.4824	0.4506	0.0189	0.6865	0.7059	2.6041	0.2517	0.1754	0.0042	0.4277	0.4778	0.0237	0.8110	0.8544	0.1160	0.2510	0.2891	0.0051	0.8866	1.0604	1.2576	1.1814	1.2105	0.0445	0.9972	1.6478	1.2141	0.0062	0.7461	-0.2824	-0.0248	17.9460	22.5884	11.6991	11.0115	1.0050	0.9989	0.0062	0.6014	0.5964	0.0051	0.4036	0.4025	0.0011	0.1231	0.0705	0.0526	0.0279	0.0277	0.0002	0.0952	0.0428	0.0524	2.3498	2.0904	0.2594	0.7416	0.6980	0.0436	1.6082	1.3924	0.2158	0.6865	0.3679	0.3187	0.1115	0.1062	0.0053	0.5751	0.2617	0.3134	2.3851	2.4930	0.1438	3.2426	3.2767	3.2087	1.5154	1.7665	0.0305	0.1793	0.1917	0.1651	0.2501	0.2608	0.0361	0.1656	0.1636	0.1673
36	104	0.1095	4	0	1	0	0	0	0	0	0	N	N	N	N	N	N	N	N	N	N	N	N	0.8029	0.7052	0.6307	1.7601	1.8739	4.5108	0.1735	0.0985	0.1012	0.4143	0.4624	0.0314	0.9351	1.0050	0.1048	0.0876	0.1003	0.0045	0.5160	0.6557	0.0497	0.5313	0.5363	0.0232	0.5048	1.0188	0.0442	0.0085	0.3570	-0.1666	-0.0066	17.9460	11.8100	11.6991	8.7888	0.5979	0.5928	0.0051	0.5202	0.5157	0.0045	0.0776	0.0771	0.0005	0.0180	0.0133	0.0047	0.0061	0.0061	0.0001	0.0119	0.0072	0.0047	1.4432	1.2820	0.1612	0.5563	0.5132	0.0432	0.8869	0.7688	0.1180	0.4327	0.2275	0.2052	0.0620	0.0591	0.0029	0.3707	0.1684	0.2023	9.9386	7.9149	1.3559	9.4504	9.7864	4.6370	2.7270	2.3388	0.1935	0.0417	0.0584	0.0231	0.0989	0.1027	0.0226	0.0321	0.0429	0.0231
36	105	0.0734	3	0	1	0	0	0	0	0	0	N	N	N	N	N	N	N	N	N	N	N	N	1.0327	1.0587	0.3126	3.1050	3.2516	5.0619	0.9905	228.6127	0.2619	0.6321	0.7161	0.0584	3.4928	3.5995	1.0135	0.4423	0.5045	0.0388	0.6121	0.6764	0.1868	1.1249	1.1070	0.2002	0.4466	0.0022	0.1482	0.0119	0.7504	-0.1953	-0.0054	17.9460	14.7392	11.6991	7.3617	0.7092	0.7008	0.0084	0.2438	0.2409	0.0029	0.4654	0.4600	0.0055	0.0269	0.0154	0.0115	0.0156	0.0154	0.0003	0.0113	0.0000	0.0113	1.1220	0.9787	0.1433	0.0698	0.0669	0.0029	1.0522	0.9118	0.1404	0.4807	0.2510	0.2297	0.0670	0.0645	0.0025	0.4137	0.1865	0.2272	11.2968	11.6988	1.1632	14.9886	15.1252	9.6723	16.2225	9023.9628	0.7824	0.0560	0.0612	0.0502	0.2330	0.2380	0.1048	0.0273	0.0001	0.0496
36	106	0.1462	6	0	2	0	0	0	0	0	0	N	Y	N	N	N	N	N	N	N	N	N	N	32.2167	164.9799	0.0000	14.2426	13.2745	0.0000	13.6574	38.4278	0.0000	0.0072	0.0081	0.0000	0.0034	0.0036	0.0000	0.0082	0.0095	0.0000	0.0002	0.0000	0.0004	0.0002	0.0003	0.0000	0.0006	0.0002	0.0004	0.0000	8.6341	-0.0033	0.0000	17.9460	20.0414	11.6991	7.0324	0.0114	0.0114	0.0000	0.0011	0.0011	0.0000	0.0103	0.0103	0.0000	0.0001	0.0000	0.0001	0.0000	0.0000	0.0000	0.0001	0.0000	0.0001	1.5786	1.3993	0.1793	0.3266	0.3110	0.0156	1.2520	1.0882	0.1638	0.4422	0.2244	0.2178	0.0420	0.0371	0.0049	0.4002	0.1873	0.2129	32.6111	179.8368	0.0000	14.2426	13.2745	0.0000	37.4200	11471.9341	0.0000	0.0002	0.0000	0.0004	0.0002	0.0003	0.0000	0.0002	0.0000	0.0004
36	107	0.1361	5	0	1	0	0	0	0	0	0	N	N	N	N	N	N	N	N	N	N	N	N	144.1551	403.5705	0.0502	63.7328	56.4026	4.0210	114.0412	562.7397	0.0679	1.2061	1.3431	0.0003	0.4180	0.4331	0.0001	1.5031	1.7225	0.0004	0.0084	0.0033	0.0068	0.0066	0.0077	0.0000	0.0132	0.0031	0.0054	0.0000	3.2746	-0.2710	0.0001	17.9460	7.0315	11.6991	1.2144	0.9439	0.9438	0.0000	0.0896	0.0896	0.0000	0.8543	0.8543	0.0000	0.0004	0.0001	0.0003	0.0001	0.0001	0.0000	0.0003	0.0000	0.0003	0.7826	0.7027	0.0799	0.2142	0.2068	0.0074	0.5684	0.4959	0.0724	0.1533	0.0800	0.0733	0.0193	0.0175	0.0018	0.1340	0.0625	0.0715	411.6222	1022.4842	0.0733	81.1526	76.1675	4.0210	575.9905	19300.6803	0.0759	0.0029	0.0013	0.0047	0.0052	0.0057	0.0000	0.0026	0.0001	0.0048
36	108	0.1026	4	0	1	0	0	0	0	0	0	N	N	N	N	N	N	N	N	N	N	N	N	0.0758	0.0975	0.0324	0.6611	0.6048	4.6382	0.0598	0.0441	0.0382	0.0325	0.0365	0.0042	0.0586	0.0606	0.0000	0.0297	0.0336	0.0044	0.4286	0.3741	0.1308	0.0886	0.1003	0.0000	0.4961	0.7609	0.1141	0.0164	1.7102	-0.0114	0.0000	17.9460	16.2725	11.6991	4.4748	0.0422	0.0416	0.0007	0.0075	0.0075	0.0000	0.0348	0.0341	0.0007	0.0127	0.0047	0.0080	0.0016	0.0016	0.0000	0.0111	0.0031	0.0080	1.2998	1.1388	0.1609	0.1276	0.1234	0.0043	1.1721	1.0155	0.1566	0.4040	0.2100	0.1940	0.0478	0.0443	0.0036	0.3562	0.1657	0.1905	1.0332	1.6342	0.1027	1.7461	1.6723	4.6382	0.9514	1.8034	0.1036	0.0314	0.0223	0.0413	0.0336	0.0363	0.0000	0.0312	0.0186	0.0421
36	109	0.1553	5	0	2	0	0	0	0	0	0	N	Y	N	N	N	N	N	N	N	N	N	N	0.8062	0.5587	0.0803	1.1833	1.2295	0.0011	1465.7698	110.6485	0.1003	0.2843	0.3230	0.0000	1.0898	1.1675	0.0000	0.1224	0.1407	0.0000	0.3527	0.5781	0.0001	0.9209	0.9496	0.0004	0.0001	0.0013	0.0000	0.0000	0.0011	-0.2456	-0.0144	17.9460	40.5309	11.6991	14.7974	0.8555	0.8555	0.0000	0.5490	0.5490	0.0000	0.3065	0.3065	0.0000	0.0230	0.0230	0.0000	0.0230	0.0230	0.0000	0.0000	0.0000	0.0000	3.0087	2.6488	0.3599	0.5037	0.4702	0.0335	2.5049	2.1786	0.3263	0.9721	0.5122	0.4600	0.1290	0.1205	0.0086	0.8431	0.3917	0.4514	12.0137	7.1970	0.0803	6.1193	6.1210	0.0011	3612.6337	7796.3399	0.1003	0.0237	0.0449	0.0001	0.1781	0.1907	0.0004	0.0000	0.0000	0.0000
36	110	0.1294	4	0	2	0	0	0	0	0	0	N	Y	N	N	N	N	N	N	N	N	N	N	0.4800	1.0431	0.0006	2.5301	2.7799	0.4404	0.3903	0.5964	0.0002	0.9308	1.0584	0.0043	1.0806	1.1511	0.0329	0.9009	1.0383	0.0016	1.9392	1.0146	7.3303	0.4271	0.4141	0.0747	2.3084	1.7409	8.0850	0.0006	20.8436	-0.3041	0.2297	17.9460	13.5236	11.6991	3.5331	1.0613	1.0607	0.0006	0.2051	0.2047	0.0004	0.8562	0.8560	0.0002	0.7048	0.0323	0.6726	0.0050	0.0048	0.0002	0.6999	0.0275	0.6724	1.1402	1.0022	0.1380	0.1898	0.1779	0.0120	0.9504	0.8244	0.1260	0.3635	0.1960	0.1675	0.0603	0.0562	0.0041	0.3032	0.1398	0.1634	0.4800	6.4283	0.0011	13.0868	13.5810	0.6263	0.3903	5.2774	0.0004	1.9392	0.1646	4.0158	0.0826	0.0848	0.0525	2.3084	0.1968	4.1151
36	111	0.0734	3	0	1	0	0	0	0	0	0	N	N	N	N	N	N	N	N	N	N	N	N	1.0822	1.2378	0.0048	3.6181	3.7897	0.1448	0.8721	4.6423	0.0042	0.6296	0.7213	0.0011	3.5430	3.6944	0.0196	0.4365	0.5035	0.0008	0.5817	0.5827	0.2372	0.9792	0.9749	0.1357	0.5006	0.1084	0.1813	0.0002	1.1603	-0.2316	-0.0031	17.9460	16.9399	11.6991	15.9768	0.8071	0.8069	0.0002	0.2822	0.2822	0.0001	0.5249	0.5247	0.0001	0.0340	0.0157	0.0183	0.0155	0.0152	0.0003	0.0185	0.0005	0.0180	1.2820	1.1186	0.1634	0.0797	0.0764	0.0033	1.2023	1.0423	0.1601	0.6641	0.3431	0.3210	0.0799	0.0763	0.0035	0.5842	0.2668	0.3174	12.2944	15.7236	0.0200	18.2483	18.5146	0.2510	13.7876	263.8035	0.0134	0.0512	0.0459	0.0569	0.1942	0.1995	0.0783	0.0317	0.0019	0.0567
36	112	0.1778	7	1	2	0	1	0	0	0	0	N	Y	N	N	N	N	N	N	N	N	N	N	38.4966	18.3803	inf	1055.1108	957.8771	25.7178	0.8088	inf	0.0963	0.1101	0.0029	0.0239	0.0246	0.0000	0.1395	0.1712	0.0031	0.0025	0.0060	0.0000	0.0000	0.0000	0.0000	0.0054	0.2116	0.0000	0.0038	0.0000	-0.0000	-0.0000	17.9460	0.0019	11.6991	1.9928	0.0000	0.0000	0.0000	0.0000	0.0000	0.0000	0.0000	0.0000	0.0000	0.0000	0.0000	0.0000	0.0000	0.0000	0.0000	0.0000	0.0000	0.0000	0.0004	0.0004	0.0001	0.0002	0.0002	0.0000	0.0003	0.0002	0.0000	0.0359	0.0198	0.0161	0.0065	0.0057	0.0008	0.0295	0.0141	0.0154	86.5192	54.5052	inf	1055.1108	957.8771	0.0000	103.2263	60.6143	inf	0.0011	0.0020	0.0000	0.0000	0.0000	0.0000	0.0014	0.0028	0.0000	
36	113	0.1542	6	1	2	0	1	0	0	0	0	N	Y	N	N	N	N	N	N	N	N	N	N	17.3828	109.8655	0.4648	18.5243	27.4722	0.0001	16.9313	4874.9751	0.5862	1.3107	1.5055	0.0161	0.7527	0.7790	0.0000	1.4185	1.6649	0.0168	0.0754	0.0137	0.0346	0.0406	0.0284	0.0805	0.0838	0.0003	0.0287	0.0016	4.1914	-0.2821	0.0005	17.9460	8.6942	11.6991	6.0502	0.9881	0.9865	0.0016	0.0918	0.0918	0.0000	0.8962	0.8947	0.0016	0.0027	0.0005	0.0022	0.0008	0.0005	0.0002	0.0019	0.0000	0.0019	0.7538	0.6553	0.0986	0.1220	0.1179	0.0041	0.6318	0.5374	0.0945	0.2694	0.1417	0.1278	0.0394	0.0348	0.0046	0.2301	0.1069	0.1232	131.6000	412.5949	0.9497	38.6593	52.4059	0.0001	170.2395	1162537.7021	1.0798	0.0100	0.0036	0.0170	0.0195	0.0149	0.0542	0.0083	0.0000	0.0156
36	114	0.1754	10	0	2	0	1	0	0	0	0	N	Y	N	N	N	N	N	N	N	N	N	N	0.0000	0.0000	0.0000	0.0000	0.0000	0.0000	0.0000	0.0000	0.0000	0.0000	0.0000	0.0000	0.0000	0.0074	0.0245	0.0000	0.0086	0.0089	0.0000	0.0000	0.0000	0.0000	0.0000	0.0000	-0.0000	17.9460	0.0001	11.6991	0.0001	0.0000	0.0000	0.0000	0.0000	0.0000	0.0000	0.0000	0.0000	0.0000	0.0000	0.0000	0.0000	0.0000	0.0000	0.0000	0.0000	0.0000	0.0000	0.0000	0.0000	0.0000	0.0000	0.0000	0.0000	0.0000	0.0000	0.0000	0.0000	0.0000	0.0000	0.0000	0.0000	0.0000	0.0000	0.0000	0.0000	0.0000	0.0000	0.0000	0.0000	0.0000	0.0000	0.0000	0.0000	0.0000	0.0027	0.0053	0.0000	0.0063	0.0064	0.0000	0.0000	0.0000	0.0000						
36	115	0.1687	9	0	2	0	1	0	0	0	0	N	Y	N	N	N	N	N	N	N	N	N	N	0.0000	0.0000	0.0000	0.0000	0.0000	0.0000	0.0000	0.0000	0.0000	0.0000	0.0000	0.0000	0.0000	0.0249	0.1606	0.0000	0.1520	0.1860	0.0000	0.0000	0.0000	0.0000	0.0000	0.0000	-0.0003	17.9460	3.0007	11.6991	1.0012	0.0000	0.0000	0.0000	0.0000	0.0000	0.0000	0.0000	0.0000	0.0000	0.0004	0.0004	0.0000	0.0004	0.0004	0.0000	0.0000	0.0000	0.0000	0.2328	0.2047	0.0281	0.0330	0.0314	0.0016	0.1998	0.1733	0.0265	0.0703	0.0366	0.0337	0.0099	0.0086	0.0013	0.0604	0.0281	0.0323	0.0000	0.0000	0.0000	0.0000	0.0000	0.0000	0.0000	0.0000	0.0000	0.0063	0.0120	0.0000	0.0444	0.0513	0.0000	0.0000	0.0000	0.0000						
36	116	0.1668	8	0	1	0	1	0	0	0	0	N	N	N	N	N	N	N	N	N	N	N	N	0.0000	0.0000	0.0000	0.0000	0.0000	0.0000	0.0000	0.0000	0.0000	0.0000	0.0000	0.0000	0.0000	0.0000	0.0000	0.0000	0.0000	0.0000	0.0000	0.0001	0.0001	0.0000	0.0000	0.0000	0.0000	0.0775	0.0000	-0.0000	17.9460	1.1177	11.6991	0.0023	0.0000	0.0000	0.0000	0.0000	0.0000	0.0000	0.0000	0.0000	0.0000	0.0000	0.0000	0.0000	0.0000	0.0000	0.0000	0.0000	0.0000	0.0000	0.0913	0.0806	0.0107	0.0163	0.0156	0.0008	0.0750	0.0650	0.0100	0.0198	0.0103	0.0095	0.0028	0.0024	0.0004	0.0170	0.0079	0.0091	0.0000	0.0000	0.0000	0.0000	0.0000	0.0000	0.0000	0.0000	0.0000	0.0000	0.0000	0.0000	0.0001	0.0001	0.0000	0.0000	0.0000	0.0000			
36	117	0.1638	4	0	2	0	0	0	0	0	0	N	Y	N	N	N	N	N	N	N	N	N	N	0.3142	10.5473	0.0003	0.0242	0.0151	0.1722	0.3338	1139.8082	0.0001	0.4185	0.4730	0.0016	0.0015	0.0009	0.0088	0.5303	0.6078	0.0005	1.3321	0.0448	4.9331	0.0621	0.0622	0.0514	1.5886	0.0005	5.2041	0.0004	277.8356	-0.2881	0.3760	17.9460	31.2782	11.6991	23.9277	1.0048	1.0044	0.0004	0.0008	0.0004	0.0003	1.0041	1.0040	0.0001	1.0215	0.0037	1.0179	0.0041	0.0037	0.0005	1.0174	0.0000	1.0174	2.4012	2.1235	0.2777	0.5077	0.4718	0.0359	1.8935	1.6517	0.2418	0.9658	0.5160	0.4498	0.1490	0.1367	0.0123	0.8168	0.3793	0.4375	0.3956	66.6192	0.0007	0.0539	0.0352	0.2243	0.4257	217784.5842	0.0002	1.0577	0.0071	2.2630	0.0278	0.0268	0.0394	1.2456	0.0000	2.3254
36	118	0.1668	8	0	1	1	1	0	0	0	0	N	N	N	N	N	N	N	N	N	N	N	N	0.0000	0.0000	0.0000	0.0000	0.0000	0.0000	0.0000	0.0000	0.0000	0.0000	0.0000	0.0000	0.0000	0.0000	0.0000	0.0000	0.0000	0.0000	0.0000	0.0000	0.0000	0.0000	inf	0.0000	0.0000	17.9460	3.8827	11.6991	2.9998	0.0000	0.0000	0.0000	0.0000	0.0000	0.0000	0.0000	0.0000	0.0000	0.0000	0.0000	0.0000	0.0000	0.0000	0.0000	0.0000	0.0000	0.0000	0.3046	0.2682	0.0365	0.0464	0.0442	0.0022	0.2582	0.2239	0.0343	0.1199	0.0624	0.0574	0.0168	0.0145	0.0023	0.1031	0.0480	0.0551	0.0000	0.0000	0.0000	0.0000	0.0000	0.0000	0.0000	0.0000	0.0000	0.0000	0.0000	0.0000	0.0000	0.0000	0.0000	0.0000	0.0000	0.0000						
36	119	0.1639	7	0	1	0	1	0	0	0	0	N	N	N	N	N	N	N	N	N	N	N	N	0.0635	11.2008	0.0000	11.2051	10.3755	0.0000	0.0000	0.0000	0.0000	0.0000	0.0000	0.0000	0.0000	0.0000	0.0000	0.0000	0.0001	0.0000	0.0002	0.0000	0.0000	0.0000	0.0003	0.0000	0.0002	0.0000	301.5567	-0.0000	0.0000	17.9460	2.8083	11.6991	0.0030	0.0000	0.0000	0.0000	0.0000	0.0000	0.0000	0.0000	0.0000	0.0000	0.0000	0.0000	0.0000	0.0000	0.0000	0.0000	0.0000	0.0000	0.0000	0.2680	0.2386	0.0294	0.0636	0.0607	0.0030	0.2043	0.1779	0.0264	0.0500	0.0260	0.0240	0.0071	0.0061	0.0009	0.0429	0.0198	0.0231	0.0635	11.2008	0.0000	11.2051	10.3755	0.0000	0.0000	0.0000	0.0000	0.0001	0.0000	0.0002	0.0000	0.0000	0.0000	0.0001	0.0000	0.0002		
36	120	0.1639	7	0	1	1	1	0	0	0	0	N	N	N	N	N	N	N	N	N	N	N	N	0.0732	137.2273	0.0000	159.3312	175.2809	0.0000	0.0000	0.0000	0.0000	0.0000	0.0000	0.0000	0.0000	0.0000	0.0000	0.0000	0.0000	0.0000	0.0001	0.0000	0.0000	0.0000	0.0001	0.0000	0.0001	0.0000	3190.0000	-0.0000	0.0000	17.9460	9.6158	11.6991	0.0030	0.0000	0.0000	0.0000	0.0000	0.0000	0.0000	0.0000	0.0000	0.0000	0.0000	0.0000	0.0000	0.0000	0.0000	0.0000	0.0000	0.0000	0.0000	0.7810	0.6898	0.0913	0.1313	0.1251	0.0062	0.6498	0.5647	0.0851	0.1676	0.0870	0.0807	0.0233	0.0201	0.0032	0.1443	0.0668	0.0775	0.0732	137.2273	0.0000	159.3312	175.2809	0.0000	0.0000	0.0000	0.0000	0.0000	0.0000	0.0001	0.0000	0.0000	0.0000	0.0000	0.0000	0.0001		
36	121	0.1542	6	0	1	0	1	0	0	0	0	N	N	N	N	N	N	N	N	N	N	N	N	0.0489	114.1267	0.0002	2.7443	141.7872	0.0000	0.0002	1.3218	0.0002	0.0118	0.0137	0.0000	0.0579	0.0595	0.0000	0.0001	0.0001	0.0000	0.2416	0.0001	0.1061	0.0211	0.0004	0.2622	0.2900	0.0000	0.0775	0.0002	272.3190	-0.0014	0.0008	17.9460	4.2457	11.6991	2.0144	0.0050	0.0050	0.0000	0.0050	0.0050	0.0000	0.0000	0.0000	0.0000	0.0022	0.0000	0.0022	0.0003	0.0000	0.0002	0.0019	0.0000	0.0019	0.4218	0.3637	0.0581	0.0858	0.0835	0.0023	0.3360	0.2802	0.0558	0.1245	0.0666	0.0578	0.0210	0.0190	0.0020	0.1034	0.0476	0.0558	0.6743	114.4261	0.0004	4.7185	141.7872	0.0000	0.0028	508.1529	0.0005	0.0175	0.0001	0.0376	0.0123	0.0004	0.1245	0.0186	0.0000	0.0345
36	122	0.1121	5	0	1	0	1	0	0	0	0	N	N	N	N	N	N	N	N	N	N	N	N	0.0050	0.0248	0.0051	0.0350	0.0352	0.0482	0.0042	0.0869	0.0050	0.0113	0.0066	0.0431	0.0155	0.0158	0.0050	0.0106	0.0049	0.0443	2.2647	0.2653	8.3839	0.4420	0.4483	0.1027	2.5018	0.0564	8.9067	0.9601	274.1547	0.0023	0.3683	17.9460	11.9190	11.6991	13.1740	0.0114	0.0058	0.0056	0.0022	0.0022	0.0000	0.0092	0.0037	0.0056	1.0007	0.0036	0.9971	0.0037	0.0034	0.0003	0.9970	0.0003	0.9968	1.0123	0.8828	0.1295	0.1410	0.1370	0.0040	0.8713	0.7458	0.1255	0.4419	0.2238	0.2181	0.0433	0.0386	0.0048	0.3985	0.1853	0.2133	0.0050	0.4054	0.0094	0.1818	0.1795	0.0792	0.0042	3.6044	0.0095	2.2647	0.0162	4.5725	0.0850	0.0878	0.0625	2.5018	0.0014	4.6737
36	123	0.5390	9	0	1	1	1	0	0	0	0	N	N	N	N	N	N	N	N	N	N	N	N	0.0000	0.0000	0.0000	0.0000	0.0000	0.0000	0.0000	0.0000	0.0000	0.0000	0.0000	0.0000	0.0000	0.0000	0.0000	0.0000	0.0000	0.0003	0.0001	0.0004	0.0003	0.0003	0.0004	0.0006	0.0000	0.0004	1.8273	0.0000	0.0000	17.9460	12.8936	11.6991	4.1514	0.0000	0.0000	0.0000	0.0000	0.0000	0.0000	0.0000	0.0000	0.0000	0.0001	0.0000	0.0000	0.0000	0.0000	0.0000	0.0000	0.0000	0.0000	1.0162	0.9085	0.1077	0.3599	0.3369	0.0230	0.6564	0.5716	0.0847	0.2376	0.1420	0.0956	0.0722	0.0646	0.0075	0.1654	0.0774	0.0881	0.0000	0.0000	0.0000	0.0000	0.0000	0.0000	0.0000	0.0000	0.0000	0.0003	0.0001	0.0004	0.0003	0.0003	0.0004	0.0002	0.0000	0.0004		
36	124	0.1274	6	0	2	0	0	0	0	0	0	N	Y	N	N	N	N	N	N	N	N	N	N	0.0004	0.0056	0.0002	0.8328	0.6781	18.4738	0.0001	0.0000	0.0002	0.0011	0.0010	0.0020	0.0064	0.0066	0.0004	0.0003	0.0000	0.0021	2.5215	0.1691	9.8304	0.0077	0.0098	0.0000	2.9124	0.6801	10.9677	0.2831	398.6705	-0.0001	0.3693	17.9460	12.7386	11.6991	8.7370	0.0011	0.0008	0.0002	0.0009	0.0008	0.0000	0.0002	0.0000	0.0002	1.0004	0.0025	0.9979	0.0003	0.0003	0.0000	1.0001	0.0022	0.9979	1.0103	0.8895	0.1208	0.1329	0.1279	0.0049	0.8774	0.7616	0.1159	0.3968	0.2033	0.1935	0.0534	0.0451	0.0082	0.3434	0.1581	0.1853	0.0004	0.0775	0.0004	1.1216	0.9835	18.4738	0.0001	0.0000	0.0004	2.5215	0.0123	5.1571	0.0057	0.0067	0.0000	2.9124	0.0139	5.3858
36	125	0.1121	5	0	2	0	0	0	0	0	0	N	Y	N	N	N	N	N	N	N	N	N	N	0.0095	0.0030	0.3855	0.0221	0.0213	7.0603	0.0069	0.0006	0.4482	0.0106	0.0047	0.0500	0.0199	0.0203	0.0067	0.0089	0.0014	0.0513	1.1105	1.5654	0.1297	0.9021	0.9508	0.0009	1.2778	2.2921	0.1145	1.5813	0.0401	0.0027	-0.0593	17.9460	8.6431	11.6991	1.4782	0.0082	0.0032	0.0050	0.0024	0.0024	0.0000	0.0058	0.0008	0.0050	0.1005	0.0967	0.0039	0.0038	0.0038	0.0000	0.0968	0.0929	0.0039	0.7752	0.6747	0.1005	0.1207	0.1177	0.0030	0.6545	0.5571	0.0975	0.1913	0.0973	0.0941	0.0220	0.0197	0.0022	0.1694	0.0775	0.0918	0.0201	0.0047	1.2129	0.1161	0.1061	7.0603	0.0155	0.0012	1.2162	0.5254	0.9936	0.0412	0.1716	0.1910	0.0009	0.5713	1.1979	0.0422
36	126	0.1026	4	0	1	0	0	0	0	0	0	N	N	N	N	N	N	N	N	N	N	N	N	3.5670	0.0332	21.3960	0.1757	0.1799	0.7736	3.7772	0.0083	24.7247	2.4716	0.0162	20.9330	0.0728	0.0742	0.0009	2.9278	0.0037	21.5309	0.6929	0.4887	0.9784	0.4141	0.4128	0.0012	0.7751	0.4506	0.8708	171.4223	3.3790	0.7074	0.0016	17.9460	4.1618	11.6991	2.0491	1.0004	0.0058	0.9946	0.0047	0.0047	0.0000	0.9957	0.0011	0.9946	0.0115	0.0026	0.0089	0.0023	0.0023	0.0000	0.0092	0.0004	0.0089	0.4048	0.3573	0.0475	0.0647	0.0634	0.0013	0.3401	0.2939	0.0462	0.1511	0.0826	0.0685	0.0280	0.0268	0.0011	0.1232	0.0558	0.0674	32.4555	0.5105	161.5021	0.8989	0.8803	0.7736	39.0020	0.5706	163.3576	0.0762	0.0318	0.1296	0.0809	0.0843	0.0012	0.0751	0.0065	0.1318
36	127	0.0734	3	0	1	0	0	0	0	0	0	N	N	N	N	N	N	N	N	N	N	N	N	0.0058	0.0125	0.0002	0.0585	0.0614	0.0000	0.0026	4.2138	0.0002	0.0079	0.0089	0.0010	0.0647	0.0674	0.0000	0.0041	0.0046	0.0010	1.3649	0.7096	4.9582	1.1043	1.0990	0.0000	1.6037	0.0011	5.1830	0.0160	30.5338	-0.0016	0.1477	17.9460	9.4810	11.6991	7.4917	0.0058	0.0057	0.0001	0.0030	0.0030	0.0000	0.0028	0.0027	0.0001	0.4346	0.0138	0.4208	0.0138	0.0138	0.0000	0.4208	0.0000	0.4208	0.7321	0.6380	0.0940	0.0457	0.0438	0.0019	0.6864	0.5943	0.0921	0.3901	0.2056	0.1844	0.0604	0.0585	0.0020	0.3296	0.1472	0.1825	0.0071	0.1328	0.0004	0.2836	0.2862	0.0000	0.0032	365.3145	0.0004	1.1140	0.0670	2.2815	0.2280	0.2357	0.0000	1.2765	0.0000	2.3061
36	128	0.5513	10	1	2	0	0	0	0	0	0	N	Y	N	N	N	N	N	N	N	N	N	N	0.0000	0.0000	0.0000	0.0000	0.0000	0.0000	0.0000	0.0000	0.0000	0.0000	0.0000	0.0000	0.0000	0.0000	0.0000	0.0000	0.0000	0.0000	0.0000	0.0000	0.0000	0.0000	0.0114	0.0000	-0.0000	17.9460	2.0107	11.6991	1.9995	0.0000	0.0000	0.0000	0.0000	0.0000	0.0000	0.0000	0.0000	0.0000	0.0000	0.0000	0.0000	0.0000	0.0000	0.0000	0.0000	0.0000	0.0000	0.1490	0.1323	0.0167	0.0519	0.0482	0.0037	0.0971	0.0841	0.0131	0.0534	0.0325	0.0209	0.0174	0.0155	0.0018	0.0360	0.0170	0.0190	0.0000	0.0000	0.0000	0.0000	0.0000	0.0000	0.0000	0.0000	0.0000	0.0000	0.0000	0.0000	0.0000	0.0000	0.0000	0.0000	0.0000	0.0000						
36	129	0.5390	9	1	2	0	0	0	0	0	0	N	Y	N	N	N	N	N	N	N	N	N	N	0.0000	0.0000	0.0000	0.0000	0.0000	0.0000	0.0000	0.0000	0.0000	0.0000	0.0000	0.0000	0.0000	0.0000	0.0000	0.0000	0.0000	0.0008	0.0002	0.0009	0.0004	0.0004	0.0009	0.0016	0.0000	0.0009	3.4691	0.0000	0.0000	17.9460	5.6459	11.6991	1.1399	0.0000	0.0000	0.0000	0.0000	0.0000	0.0000	0.0000	0.0000	0.0000	0.0000	0.0000	0.0000	0.0000	0.0000	0.0000	0.0000	0.0000	0.0000	0.4983	0.4484	0.0500	0.1903	0.1795	0.0108	0.3080	0.2689	0.0392	0.1030	0.0612	0.0418	0.0326	0.0295	0.0031	0.0704	0.0317	0.0387	0.0000	0.0000	0.0000	0.0000	0.0000	0.0000	0.0000	0.0000	0.0000	0.0005	0.0002	0.0009	0.0004	0.0004	0.0009	0.0005	0.0000	0.0009		
36	130	0.5087	8	0	1	0	0	0	0	0	0	N	N	N	N	N	N	N	N	N	N	N	N	0.0010	0.1019	0.0029	0.3787	0.1593	3.0027	0.0004	0.6124	0.0007	0.0006	0.0003	0.0025	0.0009	0.0004	0.0088	0.0003	0.0003	0.0005	0.5667	0.0033	0.8447	0.0025	0.0024	0.0029	0.7574	0.0005	0.7301	0.9086	64.1872	0.0001	0.0054	17.9460	11.6079	11.6991	5.3766	0.0006	0.0003	0.0003	0.0004	0.0002	0.0002	0.0002	0.0002	0.0000	0.0152	0.0002	0.0149	0.0003	0.0002	0.0000	0.0149	0.0000	0.0149	1.0770	0.9597	0.1174	0.4215	0.3942	0.0273	0.6555	0.5654	0.0901	0.3114	0.1826	0.1289	0.1032	0.0956	0.0076	0.2082	0.0870	0.1212	0.0116	0.2604	0.0213	0.3787	0.1593	3.0027	0.0046	123.0162	0.0043	0.0487	0.0013	0.1159	0.0025	0.0024	0.0029	0.0716	0.0000	0.1230
36	131	0.4908	7	0	1	0	0	0	0	0	0	N	N	N	N	N	N	N	N	N	N	N	N	0.0033	0.0034	0.0019	0.0066	0.0061	0.0608	0.0014	0.0045	0.0007	0.0029	0.0028	0.0040	0.0054	0.0049	0.0150	0.0014	0.0014	0.0014	0.8727	0.8056	2.0797	0.8161	0.7924	0.2463	1.0104	0.3160	1.9831	0.1696	1.9873	-0.0002	0.0020	17.9460	3.9355	11.6991	8.7078	0.0011	0.0009	0.0002	0.0008	0.0006	0.0001	0.0003	0.0003	0.0000	0.0531	0.0178	0.0353	0.0182	0.0174	0.0008	0.0349	0.0003	0.0345	0.3823	0.3426	0.0397	0.1408	0.1332	0.0077	0.2415	0.2094	0.0321	0.3182	0.1944	0.1238	0.1195	0.1128	0.0067	0.1987	0.0816	0.1171	0.0174	0.0302	0.0142	0.0355	0.0315	0.1250	0.0081	0.3330	0.0049	0.1669	0.0915	0.2854	0.1526	0.1546	0.1197	0.1756	0.0043	0.2949
36	132	0.4792	6	0	1	0	0	0	0	0	0	N	N	N	N	N	N	N	N	N	N	N	N	0.0121	0.0087	0.0153	0.0155	0.0100	1.9705	0.0069	0.0077	0.0036	0.0109	0.0088	0.0290	0.0182	0.0119	0.1236	0.0069	0.0069	0.0065	0.9059	1.0074	1.8956	1.1745	1.1889	0.0627	1.0016	0.9004	1.8347	0.3865	1.0245	-0.0001	-0.0061	17.9460	6.2657	11.6991	3.9760	0.0065	0.0047	0.0018	0.0039	0.0024	0.0015	0.0026	0.0023	0.0003	0.0496	0.0245	0.0251	0.0229	0.0226	0.0003	0.0267	0.0019	0.0248	0.5940	0.5315	0.0624	0.2126	0.2006	0.0120	0.3814	0.3309	0.0504	0.2498	0.1523	0.0975	0.0943	0.0877	0.0066	0.1555	0.0646	0.0908	0.0550	0.0547	0.1125	0.0750	0.0463	2.6377	0.0400	0.2311	0.0239	0.1987	0.1609	0.2577	0.2426	0.2575	0.0469	0.1720	0.0300	0.2731
36	133	0.4019	5	0	1	0	0	0	0	0	0	N	N	N	N	N	N	N	N	N	N	N	N	1.7251	1.9778	0.0429	0.0208	0.0195	2.9886	2.6112	24.8614	0.0526	0.9392	1.0551	0.0102	0.0077	0.0077	0.0069	1.3502	1.5525	0.0109	0.5444	0.5335	0.2368	0.3684	0.3948	0.0023	0.5171	0.0624	0.2064	0.0012	1.0036	-0.5692	-0.0049	17.9460	26.7012	11.6991	18.2690	1.9907	1.9883	0.0024	0.0050	0.0047	0.0003	1.9858	1.9837	0.0021	0.0384	0.0192	0.0192	0.0188	0.0188	0.0000	0.0196	0.0004	0.0192	2.1197	1.8845	0.2351	0.6489	0.6068	0.0421	1.4707	1.2777	0.1930	0.8362	0.4966	0.3397	0.2509	0.2306	0.0203	0.5853	0.2659	0.3194	20.4482	27.3309	0.1793	0.1021	0.0947	2.9886	40.3833	1088.4573	0.1807	0.0459	0.0386	0.0566	0.0751	0.0815	0.0023	0.0334	0.0014	0.0601
36	134	0.1638	4	0	1	0	0	0	0	0	0	N	N	N	N	N	N	N	N	N	N	N	N	1.0414	1.5617	1.5885	0.0042	0.0033	0.7605	1.1308	6.5392	1.7629	1.2029	0.5432	6.2336	0.0019	0.0016	0.0055	1.4903	0.6804	7.1172	1.1550	0.3478	3.9242	0.4522	0.4966	0.0073	1.3180	0.1041	4.0373	1.5047	56.3631	1.5850	0.3656	17.9460	61.4372	11.6991	55.8589	5.0539	2.0178	3.0362	0.0016	0.0012	0.0003	5.0524	2.0165	3.0359	1.0321	0.0180	1.0141	0.0168	0.0167	0.0001	1.0153	0.0013	1.0140	4.2016	3.7145	0.4871	0.8115	0.7510	0.0605	3.3901	2.9635	0.4266	1.6540	0.8727	0.7812	0.1927	0.1735	0.0192	1.4613	0.6992	0.7620	1.9276	26.3490	4.8021	0.0219	0.0169	0.7605	2.1450	363.6679	5.3490	0.6240	0.0206	1.2981	0.0873	0.0961	0.0073	0.6948	0.0019	1.3306
36	135	0.0734	3	0	1	0	0	0	0	0	0	N	N	N	N	N	N	N	N	N	N	N	N	1.9251	2.7929	1.8064	2.7909	0.7371	2486.6102	1.6282	66.4177	1.5203	2.0730	1.4790	6.2127	2.6438	0.7109	48.1436	2.0354	1.5348	5.3544	1.0768	0.5296	3.4393	0.9473	0.9644	0.0194	1.2501	0.0231	3.5220	0.6027	22.4746	0.4263	0.1418	17.9460	31.7621	11.6991	18.5886	4.7940	2.9911	1.8029	0.3776	0.0974	0.2802	4.4164	2.8937	1.5226	0.4311	0.0184	0.4127	0.0182	0.0181	0.0001	0.4129	0.0003	0.4126	2.3126	2.0224	0.2902	0.1428	0.1370	0.0058	2.1698	1.8854	0.2844	0.9393	0.4819	0.4574	0.0981	0.0930	0.0051	0.8412	0.3890	0.4522	4.5168	38.8137	6.8846	14.2797	3.6585	2486.6102	4.1464	1998.3210	5.8683	0.4589	0.0381	0.9024	0.1851	0.1943	0.0194	0.4909	0.0008	0.9124
37	38	0.5446	10	1	2	0	1	0	0	0	0	N	Y	N	N	N	N	N	N	N	N	N	N	46.2168	26.4724	0.0650	0.0605	inf	inf	0.0010	0.0011	0.0000	0.0000	0.0000	0.0000	0.0017	0.0019	0.0000	0.0000	0.0000	0.0000	0.0001	0.0001	0.0000	0.0000	0.0000	0.0000	0.0000	0.0006	-0.0001	-0.0000	1.9903	45.5232	0.0021	15.8903	0.0004	0.0004	0.0000	0.0000	0.0000	0.0000	0.0004	0.0004	0.0000	0.0000	0.0000	0.0000	0.0000	0.0000	0.0000	0.0000	0.0000	0.0000	0.3686	0.3313	0.0373	0.1474	0.1394	0.0080	0.2213	0.1919	0.0293	0.0488	0.0308	0.0180	0.0183	0.0161	0.0022	0.0305	0.0147	0.0158	46.2168	32.4886	0.0000	0.0650	0.0605	0.0000	inf	inf	0.0000	0.0000	0.0000	0.0000	0.0001	0.0001	0.0000	0.0000	0.0000	0.0000			
37	39	0.5176	9	1	1	0	1	0	0	0	0	N	N	N	N	N	N	N	N	N	N	N	N	0.1865	9.5664	0.0058	0.0000	0.0000	0.0717	0.0733	0.0063	0.0000	0.0000	0.0000	0.0000	0.0000	0.0000	0.0000	0.0000	0.0000	0.0001	0.0000	0.0002	0.0000	0.0000	0.0000	0.0003	0.0003	0.0002	0.0090	71.3244	-0.0000	0.0000	1.9903	13.8166	0.0021	4.5847	0.0000	0.0000	0.0000	0.0000	0.0000	0.0000	0.0000	0.0000	0.0000	0.0000	0.0000	0.0000	0.0000	0.0000	0.0000	0.0000	0.0000	0.0000	0.1239	0.1110	0.0128	0.0491	0.0465	0.0026	0.0747	0.0645	0.0102	0.0181	0.0116	0.0065	0.0074	0.0065	0.0009	0.0108	0.0052	0.0056	0.1865	9.5664	0.0058	0.0000	0.0000	0.0000	0.1852	19.9572	0.0063	0.0001	0.0000	0.0002	0.0000	0.0000	0.0000	0.0001	0.0000	0.0002	
37	40	0.6794	13	1	1	1	0	0	0	0	0	N	N	N	N	N	N	N	N	N	N	N	N	3.3681	2.4700	3.3715	3.1878	0.0000	0.0000	0.0000	0.0000	0.0000	0.0000	0.0000	0.0000	0.0000	0.0000	0.0000	0.0000	0.0000	0.0000	0.0000	0.0000	0.0000	0.0000	0.0000	0.0000	-0.0000	-0.0000	1.9903	12.6411	0.0021	7.4648	0.0000	0.0000	0.0000	0.0000	0.0000	0.0000	0.0000	0.0000	0.0000	0.0000	0.0000	0.0000	0.0000	0.0000	0.0000	0.0000	0.0000	0.0000	0.1121	0.1010	0.0111	0.0456	0.0434	0.0022	0.0665	0.0576	0.0090	0.0175	0.0115	0.0059	0.0071	0.0064	0.0007	0.0104	0.0051	0.0052	3.3681	2.4700	0.0000	3.3715	3.1878	0.0000	0.0000	0.0000	0.0000	0.0000	0.0000	0.0000	0.0000	0.0000	0.0000	0.0000	0.0000	0.0000					
37	41	0.1353	7	1	2	0	0	0	0	0	0	N	Y	N	N	N	N	N	N	N	N	N	N	45.1498	39.8667	0.0000	26.1598	30.0441	0.0000	0.0000	0.0000	0.0002	0.0002	0.0000	0.0008	0.0008	0.0000	0.0000	0.0000	0.0000	0.0000	0.0000	0.0000	0.0000	0.0000	0.0001	0.0000	0.0000	0.0000	0.0000	0.5428	-0.0000	-0.0000	1.9903	22.0894	0.0021	9.3639	0.0000	0.0000	0.0000	0.0000	0.0000	0.0000	0.0000	0.0000	0.0000	0.0000	0.0000	0.0000	0.0000	0.0000	0.0000	0.0000	0.0000	0.0000	0.1969	0.1747	0.0222	0.0464	0.0446	0.0018	0.1505	0.1302	0.0203	0.0338	0.0172	0.0166	0.0037	0.0033	0.0004	0.0301	0.0139	0.0162	45.1498	39.8667	0.0000	26.1598	30.0441	0.0000	0.0000	0.0000	0.0000	0.0000	0.0000	0.0000	0.0000	0.0000	0.0001	0.0000	0.0000	0.0000	
37	42	0.5176	9	1	2	0	0	0	0	0	0	N	Y	N	N	N	N	N	N	N	N	N	N	16633219.2476	11706831.4223	688.0092	637.2529	inf	inf	3.0579	3.4182	0.0000	0.0003	0.0004	0.0000	4.7332	5.4549	0.0000	0.0000	0.0000	0.0000	0.0000	0.0000	0.0000	0.0000	0.0000	0.0000	0.0000	0.0000	-0.2862	-0.0000	1.9903	43.3975	0.0021	17.3745	0.9968	0.9968	0.0000	0.0000	0.0000	0.0000	0.9968	0.9968	0.0000	0.0000	0.0000	0.0000	0.0000	0.0000	0.0000	0.0000	0.0000	0.0000	0.3260	0.2916	0.0344	0.1154	0.1089	0.0065	0.2106	0.1827	0.0279	0.0479	0.0301	0.0177	0.0175	0.0153	0.0022	0.0304	0.0149	0.0155	16633219.2476	11706831.4223	0.0000	688.0092	637.2529	0.0000	inf	inf	0.0000	0.0000	0.0000	0.0000	0.0000	0.0000	0.0000	0.0000	0.0000	0.0000			
37	43	0.2201	8	2	1	1	0	0	0	0	0	Y	N	N	N	N	N	N	N	N	N	N	N	6188488.0088	3855860.0227	inf	212061.6494	189452.6471	inf	inf	inf	6.1566	6.9879	0.0000	1.2522	1.3331	0.0000	7.4514	8.6077	0.0000	0.0000	0.0000	0.0000	0.0000	0.0000	0.0000	0.0000	0.0000	0.0000	0.0000	0.0000	-0.2786	-0.0000	1.9903	18.2331	0.0021	4.4208	0.9704	0.9704	0.0000	0.0412	0.0412	0.0000	0.9292	0.9292	0.0000	0.0000	0.0000	0.0000	0.0000	0.0000	0.0000	0.0000	0.0000	0.0000	0.1576	0.1389	0.0187	0.0329	0.0309	0.0020	0.1247	0.1079	0.0168	0.0264	0.0145	0.0119	0.0044	0.0037	0.0007	0.0220	0.0108	0.0112	6188488.0088	3855860.0227	inf	212061.6494	189452.6471	inf	inf	inf	0.0000	0.0000	0.0000	0.0000	0.0000	0.0000	0.0000	0.0000	0.0000	0.0000	
37	44	0.1253	6	1	2	0	1	0	0	0	0	N	Y	N	N	N	N	N	N	N	N	N	N	789.6448	596.9564	14.3862	470.4079	533.9754	6.7153	0.0000	0.0000	0.0003	0.0003	0.0000	0.0017	0.0018	0.0000	0.0000	0.0000	0.0000	0.0000	0.0000	0.0000	0.0000	0.0000	0.0000	0.0000	0.0000	0.0000	0.0010	0.2926	-0.0000	-0.0000	1.9903	62.5878	0.0021	29.9840	0.0001	0.0001	0.0000	0.0001	0.0001	0.0000	0.0000	0.0000	0.0000	0.0000	0.0000	0.0000	0.0000	0.0000	0.0000	0.0000	0.0000	0.0000	0.4937	0.4367	0.0570	0.0831	0.0793	0.0038	0.4106	0.3574	0.0532	0.0971	0.0503	0.0468	0.0094	0.0082	0.0012	0.0877	0.0421	0.0456	789.6448	596.9564	14.3862	470.4079	533.9754	6.7153	0.0000	0.0000	0.0000	0.0000	0.0000	0.0000	0.0000	0.0000	0.0000	0.0000	0.0000	0.0000	
37	45	0.2201	8	2	1	1	0	0	0	0	0	Y	N	N	N	N	N	N	N	N	N	N	N	10098220.1143	6312483.3615	inf	183253.0570	165322.8781	inf	inf	inf	7.7793	8.8162	0.0000	0.8198	0.8729	0.0000	9.7965	11.3133	0.0000	0.0000	0.0000	0.0000	0.0000	0.0000	0.0000	0.0000	0.0000	0.0000	0.0000	0.0000	-0.2733	-0.0000	1.9903	13.5293	0.0021	3.1702	0.9517	0.9517	0.0000	0.0225	0.0225	0.0000	0.9292	0.9292	0.0000	0.0000	0.0000	0.0000	0.0000	0.0000	0.0000	0.0000	0.0000	0.0000	0.1223	0.1080	0.0144	0.0275	0.0258	0.0017	0.0948	0.0821	0.0127	0.0200	0.0110	0.0090	0.0034	0.0029	0.0005	0.0165	0.0081	0.0084	10098220.1143	6312483.3615	inf	183253.0570	165322.8781	inf	inf	inf	0.0000	0.0000	0.0000	0.0000	0.0000	0.0000	0.0000	0.0000	0.0000	0.0000	
37	46	0.2156	7	2	1	1	0	0	0	0	0	Y	N	N	N	N	N	N	N	N	N	N	N	127220.7642	93911.0577	1476.7377	3005.4889	2789.8858	inf	671485.9030	inf	1698.2606	1.2753	1.4143	0.0078	0.1149	0.1198	0.0002	1.8496	2.1188	0.0091	0.0000	0.0000	0.0000	0.0000	0.0000	0.0000	0.0000	0.0000	0.0000	0.0006	0.2930	-0.0188	-0.0000	1.9903	4.1147	0.0021	1.2946	0.0655	0.0654	0.0000	0.0020	0.0020	0.0000	0.0635	0.0635	0.0000	0.0000	0.0000	0.0000	0.0000	0.0000	0.0000	0.0000	0.0000	0.0000	0.0513	0.0463	0.0051	0.0170	0.0163	0.0007	0.0343	0.0300	0.0044	0.0073	0.0042	0.0031	0.0015	0.0013	0.0002	0.0058	0.0029	0.0030	127220.7642	104449.6644	1476.7377	3005.4889	2789.8858	inf	671485.9030	inf	1698.2606	0.0000	0.0000	0.0000	0.0000	0.0000	0.0000	0.0000	0.0000	0.0000
37	47	0.1530	6	2	1	0	0	0	0	0	0	Y	N	N	N	N	N	N	N	N	N	N	N	110.8185	70.3231	0.9772	6.0890	5.8042	3.6868	3451.5631	19.9702	0.4211	0.0115	0.0131	0.0000	0.0024	0.0025	0.0000	0.0134	0.0155	0.0000	0.0001	0.0002	0.0000	0.0004	0.0004	0.0000	0.0000	0.0008	0.0000	0.0000	0.0097	-0.0007	-0.0000	1.9903	22.0103	0.0021	13.6452	0.0023	0.0023	0.0000	0.0001	0.0001	0.0000	0.0022	0.0022	0.0000	0.0000	0.0000	0.0000	0.0000	0.0000	0.0000	0.0000	0.0000	0.0000	0.1981	0.1742	0.0239	0.0332	0.0318	0.0014	0.1649	0.1424	0.0225	0.0592	0.0345	0.0247	0.0150	0.0137	0.0013	0.0442	0.0209	0.0233	110.8185	74.2426	0.9772	6.0890	5.8042	3.6868	3451.5631	2665.0980	0.4211	0.0001	0.0002	0.0000	0.0004	0.0004	0.0000	0.0000	0.0000	0.0000
37	48	0.6794	13	1	2	0	0	0	0	0	0	N	Y	N	N	N	N	N	N	N	N	N	N	1419.4751	1047.9644	1.5247	1.4500	inf	inf	0.0019	0.0021	0.0000	0.0000	0.0000	0.0000	0.0032	0.0037	0.0000	0.0000	0.0000	0.0000	0.0000	0.0000	0.0000	0.0000	0.0000	0.0000	0.0000	0.0000	-0.0001	-0.0000	1.9903	12.3962	0.0021	3.7178	0.0002	0.0002	0.0000	0.0000	0.0000	0.0000	0.0002	0.0002	0.0000	0.0000	0.0000	0.0000	0.0000	0.0000	0.0000	0.0000	0.0000	0.0000	0.1115	0.1004	0.0111	0.0453	0.0432	0.0021	0.0662	0.0572	0.0089	0.0149	0.0099	0.0050	0.0061	0.0056	0.0006	0.0088	0.0044	0.0044	1419.4751	1047.9644	0.0000	1.5247	1.4500	0.0000	inf	inf	0.0000	0.0000	0.0000	0.0000	0.0000	0.0000	0.0000	0.0000	0.0000	0.0000			
37	49	0.6505	12	1	1	0	0	0	0	0	0	N	N	N	N	N	N	N	N	N	N	N	N	0.6538	0.5895	0.0560	0.0078	0.0074	3.1501	inf	0.0626	0.0000	0.0000	0.0000	0.0000	0.0000	0.0000	0.0000	0.0000	0.0000	0.0000	0.0000	0.0000	0.0000	0.0000	0.0000	0.0000	0.0000	0.0000	0.0049	0.2646	-0.0000	-0.0000	1.9903	14.4870	0.0021	5.8627	0.0000	0.0000	0.0000	0.0000	0.0000	0.0000	0.0000	0.0000	0.0000	0.0000	0.0000	0.0000	0.0000	0.0000	0.0000	0.0000	0.0000	0.0000	0.1476	0.1336	0.0141	0.0648	0.0617	0.0031	0.0828	0.0718	0.0110	0.0211	0.0137	0.0074	0.0090	0.0081	0.0009	0.0121	0.0056	0.0065	0.6538	0.5895	0.0560	0.0078	0.0074	0.0000	3.1501	inf	0.0626	0.0000	0.0000	0.0000	0.0000	0.0000	0.0000	0.0000	0.0000	0.0000	
37	50	0.6467	13	2	2	1	0	0	0	0	0	Y	Y	N	N	N	N	N	N	N	N	N	N	0.0000	0.0000	0.0000	0.0000	0.0000	0.0000	0.0000	0.0000	0.0000	0.0000	0.0000	0.0000	0.0000	0.0000	0.0000	0.0000	0.0000	0.0000	0.0000	0.0000	1.9903	0.9856	0.0021	2.8295	0.0000	0.0000	0.0000	0.0000	0.0000	0.0000	0.0000	0.0000	0.0000	0.0000	0.0000	0.0000	0.0000	0.0000	0.0000	0.0000	0.0000	0.0000	0.0078	0.0070	0.0008	0.0034	0.0032	0.0002	0.0044	0.0038	0.0006	0.0028	0.0017	0.0011	0.0009	0.0008	0.0001	0.0019	0.0009	0.0010	0.0000	0.0000	0.0000	0.0000	0.0000	0.0000	0.0000	0.0000	0.0000	0.0000	0.0000	0.0000	0.0000	0.0000	0.0000	0.0000	0.0000	0.0000											
37	51	0.0462	3	2	2	0	0	0	0	0	0	Y	Y	N	N	N	N	N	N	N	N	N	N	inf	inf	inf	inf	inf	inf	inf	0.0001	0.0001	0.0000	0.0005	0.0005	0.0000	0.0000	0.0000	0.0000	0.0000	0.0000	0.0000	0.0000	0.0000	0.0000	0.0000	0.0000	0.0000	0.0024	-0.0000	0.0000	1.9903	13.3057	0.0021	8.6321	0.0000	0.0000	0.0000	0.0000	0.0000	0.0000	0.0000	0.0000	0.0000	0.0000	0.0000	0.0000	0.0000	0.0000	0.0000	0.0000	0.0000	0.0000	0.1339	0.1183	0.0157	0.0191	0.0187	0.0003	0.1149	0.0996	0.0153	0.0349	0.0188	0.0161	0.0044	0.0043	0.0001	0.0305	0.0145	0.0160	inf	inf	inf	inf	inf	0.0000	inf	0.0000	inf	0.0000	0.0000	0.0000	0.0000	0.0000	0.0000	0.0000	0.0000	0.0000			
37	52	0.7815	15	1	2	0	1	0	0	0	0	N	Y	N	N	N	N	N	N	N	N	N	N	inf	inf	inf	inf	0.0000	0.0000	0.0000	0.0000	0.0000	0.0000	0.0000	0.0000	0.0000	0.0000	0.0000	0.0000	0.0000	0.0000	0.0000	0.0000	0.0000	0.0000	0.1538	-0.0000	0.0000	1.9903	2.1073	0.0021	0.0711	0.0000	0.0000	0.0000	0.0000	0.0000	0.0000	0.0000	0.0000	0.0000	0.0000	0.0000	0.0000	0.0000	0.0000	0.0000	0.0000	0.0000	0.0000	0.0175	0.0157	0.0018	0.0080	0.0076	0.0005	0.0095	0.0081	0.0013	0.0016	0.0010	0.0006	0.0007	0.0006	0.0001	0.0009	0.0004	0.0005	inf	inf	0.0000	inf	inf	0.0000	0.0000	0.0000	0.0000	0.0000	0.0000	0.0000	0.0000	0.0000	0.0000	0.0000	0.0000	0.0000						
37	53	0.7191	14	1	1	0	1	0	0	0	0	N	N	N	N	N	N	N	N	N	N	N	N	inf	inf	inf	inf	inf	inf	inf	0.0004	0.0003	0.0012	0.0005	0.0005	0.0000	0.0002	0.0000	0.0018	0.0000	0.0000	0.0000	0.0000	0.0000	0.0000	0.0000	0.0000	0.0000	0.5215	0.0000	0.0000	1.9903	21.8329	0.0021	8.0592	0.0001	0.0000	0.0000	0.0000	0.0000	0.0000	0.0000	0.0000	0.0000	0.0000	0.0000	0.0000	0.0000	0.0000	0.0000	0.0000	0.0000	0.0000	0.1625	0.1464	0.0161	0.0788	0.0739	0.0049	0.0837	0.0725	0.0112	0.0168	0.0105	0.0063	0.0066	0.0056	0.0010	0.0102	0.0050	0.0052	inf	inf	inf	inf	inf	0.0000	inf	0.0000	inf	0.0000	0.0000	0.0000	0.0000	0.0000	0.0000	0.0000	0.0000	0.0000			
37	54	0.2176	9	1	2	0	1	0	0	0	0	N	Y	N	N	N	N	N	N	N	N	N	N	0.0000	0.0000	0.0000	0.0000	0.0000	0.0000	0.0000	0.0000	0.0000	0.0000	0.0000	0.0000	0.0000	0.0000	0.0000	0.0000	0.0000	0.0000	0.0000	0.0000	1.9903	0.0000	0.0021	0.0000	0.0000	0.0000	0.0000	0.0000	0.0000	0.0000	0.0000	0.0000	0.0000	0.0000	0.0000	0.0000	0.0000	0.0000	0.0000	0.0000	0.0000	0.0000	0.0000	0.0000	0.0000	0.0000	0.0000	0.0000	0.0000	0.0000	0.0000	0.0000	0.0000	0.0000	0.0000	0.0000	0.0000	0.0000	0.0000	0.0000	0.0000	0.0000	0.0000	0.0000	0.0000	0.0000	0.0000	0.0000	0.0000	0.0000	0.0000	0.0000	0.0000	0.0000	0.0000	0.0000	0.0000	0.0000											
37	55	0.7191	14	1	1	0	1	0	0	0	0	N	N	N	N	N	N	N	N	N	N	N	N	inf	inf	inf	inf	inf	inf	4.2787	4.7401	0.0000	0.1465	0.1589	0.0000	9.9362	11.3481	0.0000	0.0000	0.0000	0.0000	0.0000	0.0000	0.0000	0.0000	0.0000	0.0000	0.0000	-0.0182	0.0000	1.9903	1.2825	0.0021	0.1503	0.0635	0.0635	0.0000	0.0013	0.0013	0.0000	0.0623	0.0623	0.0000	0.0000	0.0000	0.0000	0.0000	0.0000	0.0000	0.0000	0.0000	0.0000	0.0148	0.0134	0.0014	0.0086	0.0079	0.0007	0.0063	0.0055	0.0008	0.0012	0.0008	0.0004	0.0005	0.0005	0.0001	0.0007	0.0003	0.0003	inf	inf	0.0000	inf	inf	0.0000	inf	inf	0.0000	0.0000	0.0000	0.0000	0.0000	0.0000	0.0000	0.0000	0.0000	0.0000				
37	56	0.6781	13	1	1	0	1	0	0	0	0	N	N	N	N	N	N	N	N	N	N	N	N	17503900.1365	inf	55927.0371	inf	inf	inf	20429310.2021	inf	63458.6736	6.5492	7.2515	0.0596	0.0054	0.0056	0.0007	13.0393	15.1652	0.0819	0.0000	0.0000	0.0000	0.0000	0.0000	0.0000	0.0000	0.0000	0.0000	0.0009	inf	-0.2667	0.0000	1.9903	14.8542	0.0021	6.8183	0.9317	0.9308	0.0008	0.0004	0.0004	0.0000	0.9313	0.9305	0.0008	0.0000	0.0000	0.0000	0.0000	0.0000	0.0000	0.0000	0.0000	0.0000	0.1423	0.1284	0.0139	0.0708	0.0670	0.0038	0.0714	0.0614	0.0101	0.0195	0.0130	0.0065	0.0087	0.0076	0.0011	0.0108	0.0055	0.0053	17503900.1365	inf	55927.0371	inf	inf	inf	20429310.2021	inf	63458.6736	0.0000	0.0000	0.0000	0.0000	0.0000	0.0000	0.0000	0.0000	0.0000
37	57	0.6032	12	1	1	0	1	0	0	0	0	N	N	N	N	N	N	N	N	N	N	N	N	264.6461	1514.4484	46.9256	90.6072	204.3807	0.0085	110.5075	19.7796	57.5786	0.0115	0.0123	0.0047	0.0004	0.0004	0.0000	0.0209	0.0231	0.0065	0.0000	0.0000	0.0001	0.0000	0.0000	0.0000	0.0002	0.0012	0.0001	0.0416	7.7000	-0.0009	0.0000	1.9903	33.5853	0.0021	9.3450	0.0035	0.0034	0.0001	0.0001	0.0001	0.0000	0.0034	0.0033	0.0001	0.0000	0.0000	0.0000	0.0000	0.0000	0.0000	0.0000	0.0000	0.0000	0.3031	0.2737	0.0294	0.1386	0.1306	0.0080	0.1645	0.1431	0.0214	0.0326	0.0202	0.0124	0.0122	0.0106	0.0016	0.0204	0.0096	0.0108	264.6461	1514.4484	46.9256	90.6072	204.3807	0.0085	312.1649	1573.0524	57.5786	0.0000	0.0000	0.0001	0.0000	0.0000	0.0000	0.0001	0.0000	0.0001
37	58	0.5824	11	1	1	0	0	0	0	0	0	N	N	N	N	N	N	N	N	N	N	N	N	3.6925	2.5571	0.0000	1.6775	1.5765	73.3896	0.8009	0.0000	0.0002	0.0003	0.0000	0.0003	0.0003	0.0000	0.0002	0.0002	0.0000	0.0001	0.0001	0.0000	0.0002	0.0002	0.0000	0.0000	0.0003	0.0000	0.0000	0.0229	-0.0000	-0.0000	1.9903	15.2419	0.0021	2.5705	0.0000	0.0000	0.0000	0.0000	0.0000	0.0000	0.0000	0.0000	0.0000	0.0000	0.0000	0.0000	0.0000	0.0000	0.0000	0.0000	0.0000	0.0000	0.1620	0.1465	0.0156	0.0698	0.0664	0.0034	0.0922	0.0801	0.0121	0.0163	0.0100	0.0063	0.0062	0.0055	0.0007	0.0101	0.0044	0.0057	3.6925	2.5571	0.0000	1.6775	1.5765	0.0000	73.3896	204.7044	0.0000	0.0001	0.0001	0.0000	0.0002	0.0002	0.0000	0.0000	0.0000	0.0000	
37	59	0.2176	9	1	1	0	1	0	0	0	0	N	N	N	N	N	N	N	N	N	N	N	N	inf	inf	inf	inf	0.0024	0.0000	0.0194	0.0000	0.0000	0.0000	0.0038	0.0000	0.0200	0.0000	0.0000	0.0000	0.0000	0.0000	0.0000	0.0000	0.0000	0.0000	inf	0.0000	0.0000	1.9903	0.0000	0.0021	0.0000	0.0000	0.0000	0.0000	0.0000	0.0000	0.0000	0.0000	0.0000	0.0000	0.0000	0.0000	0.0000	0.0000	0.0000	0.0000	0.0000	0.0000	0.0000	0.0000	0.0000	0.0000	0.0000	0.0000	0.0000	0.0000	0.0000	0.0000	0.0000	0.0000	0.0000	0.0000	0.0000	0.0000	0.0000	0.0000	0.0000	inf	0.0000	inf	0.0000	0.0000	0.0000	inf	0.0000	inf	0.0000	0.0000	0.0000	0.0000	0.0000	0.0000	0.0000	0.0000	0.0000						
37	60	0.1402	8	1	1	0	1	0	0	0	0	N	N	N	N	N	N	N	N	N	N	N	N	inf	inf	inf	inf	inf	inf	0.0011	0.0000	0.0096	0.0002	0.0000	0.0061	0.0013	0.0000	0.0099	0.0000	0.0000	0.0000	0.0000	0.0000	0.0000	0.0000	0.0000	0.0000	inf	0.0001	0.0000	1.9903	19.3360	0.0021	7.9957	0.0002	0.0000	0.0002	0.0000	0.0000	0.0000	0.0002	0.0000	0.0002	0.0000	0.0000	0.0000	0.0000	0.0000	0.0000	0.0000	0.0000	0.0000	0.1471	0.1303	0.0168	0.0275	0.0265	0.0010	0.1197	0.1038	0.0159	0.0286	0.0147	0.0139	0.0028	0.0024	0.0004	0.0257	0.0123	0.0134	inf	0.0000	inf	inf	0.0000	inf	inf	0.0000	inf	0.0000	0.0000	0.0000	0.0000	0.0000	0.0000	0.0000	0.0000	0.0000				
37	61	0.4610	10	1	2	1	0	0	0	0	0	N	Y	N	N	N	N	N	N	N	N	N	N	inf	inf	inf	inf	0.0000	0.0000	0.0000	0.0000	0.0000	0.0000	0.0000	0.0000	0.0000	0.0000	0.0000	0.0000	0.0000	0.0000	0.0000	0.0000	0.0000	0.0000	0.0000	-0.0000	-0.0000	1.9903	14.2360	0.0021	11.9336	0.0000	0.0000	0.0000	0.0000	0.0000	0.0000	0.0000	0.0000	0.0000	0.0000	0.0000	0.0000	0.0000	0.0000	0.0000	0.0000	0.0000	0.0000	0.1136	0.1007	0.0129	0.0324	0.0307	0.0017	0.0812	0.0700	0.0113	0.0253	0.0151	0.0103	0.0076	0.0064	0.0011	0.0178	0.0086	0.0091	inf	inf	0.0000	inf	inf	0.0000	0.0000	0.0000	0.0000	0.0000	0.0000	0.0000	0.0000	0.0000	0.0000	0.0000	0.0000	0.0000						
37	62	0.5696	12	2	1	1	0	0	0	0	0	Y	N	N	N	N	N	N	N	N	N	N	N	0.1487	0.0000	inf	0.1303	0.0000	inf	0.0000	0.0000	0.0000	0.0000	0.0000	0.0000	0.0000	0.0000	0.0000	0.0000	0.0000	0.0000	0.0000	0.0000	0.0000	0.0000	0.0000	0.0000	inf	0.0023	0.0000	-0.0000	1.9903	28.8660	0.0021	13.2209	0.0000	0.0000	0.0000	0.0000	0.0000	0.0000	0.0000	0.0000	0.0000	0.0000	0.0000	0.0000	0.0000	0.0000	0.0000	0.0000	0.0000	0.0000	0.2182	0.1947	0.0234	0.0877	0.0822	0.0055	0.1305	0.1125	0.0180	0.0319	0.0201	0.0118	0.0112	0.0098	0.0014	0.0207	0.0103	0.0104	0.1487	0.0000	inf	0.1303	0.0000	inf	0.0000	0.0000	0.0000	0.0000	0.0000	0.0000	0.0000	0.0000	0.0000	0.0000	0.0000	0.0000			
37	63	0.5669	11	2	2	0	0	0	0	0	0	Y	Y	N	N	N	N	N	N	N	N	N	N	0.0000	0.0000	0.0000	0.0000	0.0000	0.0000	0.0000	0.0000	0.0000	0.0000	0.0000	0.0000	0.0000	0.0000	0.0000	0.0000	0.0000	0.0000	0.0000	0.0000	0.0000	0.0000	0.0000	0.0000	-0.0000	1.9903	5.0237	0.0021	8.0282	0.0000	0.0000	0.0000	0.0000	0.0000	0.0000	0.0000	0.0000	0.0000	0.0000	0.0000	0.0000	0.0000	0.0000	0.0000	0.0000	0.0000	0.0000	0.0393	0.0349	0.0043	0.0137	0.0129	0.0008	0.0255	0.0220	0.0035	0.0136	0.0081	0.0055	0.0051	0.0047	0.0005	0.0085	0.0035	0.0050	0.0000	0.0000	0.0000	0.0000	0.0000	0.0000	0.0000	0.0000	0.0000	0.0000	0.0000	0.0000	0.0000	0.0000	0.0000	0.0000	0.0000	0.0000						
37	64	0.5038	10	2	2	0	0	0	0	0	0	Y	Y	N	N	N	N	N	N	N	N	N	N	0.0000	0.0000	0.0000	0.0000	0.0000	0.0000	0.0000	0.0000	0.0000	0.0000	0.0000	0.0000	0.0000	0.0000	0.0000	0.0000	0.0000	0.0000	0.0000	0.0000	0.0000	0.0000	0.0000	0.0000	0.0000	2.9661	0.0000	0.0000	1.9903	17.5893	0.0021	19.0270	0.0000	0.0000	0.0000	0.0000	0.0000	0.0000	0.0000	0.0000	0.0000	0.0000	0.0000	0.0000	0.0000	0.0000	0.0000	0.0000	0.0000	0.0000	0.1449	0.1287	0.0163	0.0506	0.0470	0.0036	0.0944	0.0817	0.0127	0.0317	0.0194	0.0124	0.0102	0.0091	0.0011	0.0216	0.0103	0.0113	0.0000	0.0000	0.0000	0.0000	0.0000	0.0000	0.0000	0.0000	0.0000	0.0000	0.0000	0.0000	0.0000	0.0000	0.0000	0.0000	0.0000	0.0000			
37	65	0.4975	9	1	2	0	0	0	0	0	0	N	Y	N	N	N	N	N	N	N	N	N	N	0.0721	0.1653	0.0000	0.2411	0.2407	0.0000	0.0000	0.0000	0.0000	0.0000	0.0000	0.0000	0.0000	0.0000	0.0000	0.0000	0.0000	0.0000	0.0000	0.0000	0.0000	0.0000	0.0000	0.0000	0.0000	0.0000	2.0001	-0.0000	0.0000	1.9903	1.7566	0.0021	2.8742	0.0000	0.0000	0.0000	0.0000	0.0000	0.0000	0.0000	0.0000	0.0000	0.0000	0.0000	0.0000	0.0000	0.0000	0.0000	0.0000	0.0000	0.0000	0.0167	0.0150	0.0017	0.0060	0.0057	0.0003	0.0107	0.0093	0.0014	0.0072	0.0050	0.0023	0.0029	0.0028	0.0001	0.0043	0.0022	0.0021	0.0721	0.1653	0.0000	0.2411	0.2407	0.0000	0.0000	0.0000	0.0000	0.0000	0.0000	0.0000	0.0000	0.0000	0.0000	0.0000	0.0000	0.0000		
37	66	0.4610	10	1	2	0	0	0	0	0	0	N	Y	N	N	N	N	N	N	N	N	N	N	inf	inf	inf	inf	inf	inf	0.0013	0.0014	0.0000	0.0000	0.0000	0.0000	0.0018	0.0021	0.0000	0.0000	0.0000	0.0000	0.0000	0.0000	0.0000	0.0000	0.0000	0.0000	0.0000	-0.0001	-0.0000	1.9903	21.1811	0.0021	10.1862	0.0002	0.0002	0.0000	0.0000	0.0000	0.0000	0.0002	0.0002	0.0000	0.0000	0.0000	0.0000	0.0000	0.0000	0.0000	0.0000	0.0000	0.0000	0.1635	0.1449	0.0185	0.0459	0.0435	0.0024	0.1175	0.1014	0.0161	0.0299	0.0178	0.0121	0.0089	0.0076	0.0013	0.0210	0.0102	0.0108	inf	inf	0.0000	inf	inf	0.0000	inf	inf	0.0000	0.0000	0.0000	0.0000	0.0000	0.0000	0.0000	0.0000	0.0000	0.0000				
37	67	0.4472	9	1	2	0	0	0	0	0	0	N	Y	N	N	N	N	N	N	N	N	N	N	27.5477	inf	0.0000	40.9006	inf	0.0000	0.0000	0.0000	0.0000	0.0000	0.0000	0.0000	0.0000	0.0000	0.0000	0.0000	0.0000	0.0000	0.0000	0.0000	0.0000	0.0000	0.0000	0.0000	0.0000	inf	-0.0000	0.0000	1.9903	7.4253	0.0021	0.9851	0.0000	0.0000	0.0000	0.0000	0.0000	0.0000	0.0000	0.0000	0.0000	0.0000	0.0000	0.0000	0.0000	0.0000	0.0000	0.0000	0.0000	0.0000	0.0656	0.0584	0.0071	0.0209	0.0197	0.0011	0.0447	0.0387	0.0060	0.0086	0.0051	0.0035	0.0025	0.0022	0.0004	0.0060	0.0029	0.0031	27.5477	inf	0.0000	0.0000	0.0000	0.0000	40.9006	inf	0.0000	0.0000	0.0000	0.0000	0.0000	0.0000	0.0000	0.0000	0.0000	0.0000			
37	68	0.6505	12	1	1	1	0	0	0	0	0	N	N	N	N	N	N	N	N	N	N	N	N	0.0080	0.0058	0.0078	0.0074	0.0000	0.0000	0.0000	0.0000	0.0000	0.0000	0.0000	0.0000	0.0000	0.0000	0.0000	0.0000	0.0000	0.0000	0.0000	0.0000	0.0000	0.0000	0.0000	0.0000	-0.0000	-0.0000	1.9903	15.0354	0.0021	6.2061	0.0000	0.0000	0.0000	0.0000	0.0000	0.0000	0.0000	0.0000	0.0000	0.0000	0.0000	0.0000	0.0000	0.0000	0.0000	0.0000	0.0000	0.0000	0.1516	0.1371	0.0145	0.0663	0.0631	0.0032	0.0853	0.0740	0.0113	0.0217	0.0141	0.0076	0.0093	0.0083	0.0010	0.0124	0.0058	0.0067	0.0080	0.0058	0.0000	0.0078	0.0074	0.0000	0.0000	0.0000	0.0000	0.0000	0.0000	0.0000	0.0000	0.0000	0.0000	0.0000	0.0000	0.0000					
37	69	0.5824	11	1	1	0	0	0	0	0	0	N	N	N	N	N	N	N	N	N	N	N	N	0.0055	0.0008	0.1785	0.0007	0.0006	0.0556	inf	0.2003	0.0000	0.0000	0.0000	0.0000	0.0000	0.0000	0.0000	0.0000	0.0000	0.0000	0.0000	0.0000	0.0001	0.0001	0.0000	0.0000	0.0000	0.0000	3.5506	0.1017	0.0000	-0.0000	1.9903	27.6811	0.0021	13.1592	0.0000	0.0000	0.0000	0.0000	0.0000	0.0000	0.0000	0.0000	0.0000	0.0000	0.0000	0.0000	0.0000	0.0000	0.0000	0.0000	0.0000	0.0000	0.2478	0.2231	0.0246	0.0994	0.0941	0.0053	0.1484	0.1291	0.0193	0.0318	0.0196	0.0122	0.0115	0.0101	0.0014	0.0204	0.0095	0.0109	0.0055	0.0009	0.1785	0.0007	0.0006	0.0000	0.0556	inf	0.2003	0.0000	0.0000	0.0000	0.0001	0.0001	0.0000	0.0000	0.0000	0.0000	
37	70	0.5476	10	1	1	0	0	0	0	0	0	N	N	N	N	N	N	N	N	N	N	N	N	18.6159	81.0229	0.0000	104.5949	98.7521	0.0000	0.0000	0.0009	0.0010	0.0000	0.0020	0.0022	0.0000	0.0000	0.0000	0.0000	0.0000	0.0000	0.0001	0.0000	0.0000	0.0000	0.0002	0.0000	0.0001	0.0000	5.2894	-0.0000	0.0000	1.9903	19.6565	0.0021	4.0504	0.0002	0.0002	0.0000	0.0002	0.0002	0.0000	0.0000	0.0000	0.0000	0.0000	0.0000	0.0000	0.0000	0.0000	0.0000	0.0000	0.0000	0.0000	0.1854	0.1666	0.0188	0.0782	0.0740	0.0042	0.1072	0.0926	0.0146	0.0219	0.0139	0.0080	0.0083	0.0074	0.0009	0.0137	0.0065	0.0071	18.6159	82.7417	0.0000	104.5949	98.7521	0.0000	0.0000	0.0000	0.0000	0.0000	0.0000	0.0001	0.0000	0.0000	0.0000	0.0001	0.0000	0.0001		
37	71	0.4504	10	2	2	0	0	0	0	0	0	Y	Y	N	N	N	N	N	N	N	N	N	N	inf	inf	inf	inf	0.0009	0.0010	0.0000	0.0030	0.0031	0.0000	0.0000	0.0000	0.0000	0.0000	0.0000	0.0000	0.0000	0.0000	0.0000	0.0000	0.0000	0.0000	0.0000	-0.0000	0.0000	1.9903	17.5448	0.0021	6.0013	0.0001	0.0001	0.0000	0.0001	0.0001	0.0000	0.0000	0.0000	0.0000	0.0000	0.0000	0.0000	0.0000	0.0000	0.0000	0.0000	0.0000	0.0000	0.1497	0.1341	0.0156	0.0471	0.0447	0.0024	0.1026	0.0894	0.0132	0.0223	0.0131	0.0092	0.0067	0.0056	0.0010	0.0156	0.0075	0.0082	inf	inf	0.0000	inf	inf	0.0000	0.0000	0.0000	0.0000	0.0000	0.0000	0.0000	0.0000	0.0000	0.0000	0.0000	0.0000	0.0000						
37	72	0.5188	13	2	2	1	0	0	0	0	0	Y	Y	N	N	N	N	N	N	N	N	N	N	0.0000	0.0000	0.0000	0.0000	0.0000	0.0000	0.0000	0.0000	0.0000	0.0000	0.0000	0.0000	0.0000	0.0000	0.0000	0.0000	0.0000	0.0000	0.0000	0.0000	1.9903	1.8980	0.0021	2.9698	0.0000	0.0000	0.0000	0.0000	0.0000	0.0000	0.0000	0.0000	0.0000	0.0000	0.0000	0.0000	0.0000	0.0000	0.0000	0.0000	0.0000	0.0000	0.0169	0.0150	0.0019	0.0056	0.0054	0.0002	0.0112	0.0096	0.0016	0.0082	0.0057	0.0025	0.0035	0.0032	0.0003	0.0046	0.0025	0.0022	0.0000	0.0000	0.0000	0.0000	0.0000	0.0000	0.0000	0.0000	0.0000	0.0000	0.0000	0.0000	0.0000	0.0000	0.0000	0.0000	0.0000	0.0000											
37	73	0.4992	12	2	1	1	0	0	0	0	0	Y	N	N	N	N	N	N	N	N	N	N	N	35.0351	0.0000	254.9104	0.0000	0.0000	0.0000	66.5646	0.0000	368.9653	0.0002	0.0000	0.0021	0.0000	0.0000	0.0000	0.0004	0.0000	0.0029	0.0000	0.0000	0.0000	0.0000	0.0000	0.0000	0.0000	0.0006	0.0000	inf	1.0659	0.0000	-0.0000	1.9903	3.5853	0.0021	4.3819	0.0000	0.0000	0.0000	0.0000	0.0000	0.0000	0.0000	0.0000	0.0000	0.0000	0.0000	0.0000	0.0000	0.0000	0.0000	0.0000	0.0000	0.0000	0.0547	0.0500	0.0048	0.0266	0.0253	0.0013	0.0281	0.0247	0.0035	0.0097	0.0065	0.0031	0.0036	0.0032	0.0004	0.0061	0.0033	0.0028	35.0351	0.0000	254.9104	0.0000	0.0000	0.0000	66.5646	0.0000	368.9653	0.0000	0.0000	0.0000	0.0000	0.0000	0.0000	0.0000	0.0000	0.0000
37	74	0.4677	11	2	1	1	0	0	0	0	0	Y	N	N	N	N	N	N	N	N	N	N	N	290.6491	239.7762	2.4106	47.0581	43.1348	inf	1703.5920	21.9466	2.2247	0.0015	0.0017	0.0000	0.0006	0.0006	0.0000	0.0020	0.0023	0.0000	0.0000	0.0000	0.0000	0.0000	0.0000	0.0000	0.0000	0.0001	0.0000	0.0003	0.1459	-0.0001	-0.0000	1.9903	12.3589	0.0021	7.3592	0.0002	0.0002	0.0000	0.0000	0.0000	0.0000	0.0002	0.0002	0.0000	0.0000	0.0000	0.0000	0.0000	0.0000	0.0000	0.0000	0.0000	0.0000	0.1163	0.1053	0.0110	0.0421	0.0403	0.0018	0.0742	0.0650	0.0092	0.0206	0.0134	0.0072	0.0073	0.0064	0.0009	0.0133	0.0070	0.0063	290.6491	239.7762	2.4106	47.0581	43.1348	inf	1703.5920	6757.9374	2.2247	0.0000	0.0000	0.0000	0.0000	0.0000	0.0000	0.0000	0.0000	0.0000
37	75	0.4504	10	2	1	1	0	0	0	0	0	Y	N	N	N	N	N	N	N	N	N	N	N	12.9704	0.8834	119.1849	0.0554	0.0348	0.3625	16.9207	0.0130	155.7985	0.0001	0.0000	0.0010	0.0000	0.0000	0.0000	0.0002	0.0000	0.0013	0.0000	0.0000	0.0000	0.0000	0.0000	0.0000	0.0000	0.0009	0.0000	15.7360	0.7468	0.0000	-0.0000	1.9903	10.2127	0.0021	1.0234	0.0000	0.0000	0.0000	0.0000	0.0000	0.0000	0.0000	0.0000	0.0000	0.0000	0.0000	0.0000	0.0000	0.0000	0.0000	0.0000	0.0000	0.0000	0.0967	0.0871	0.0095	0.0333	0.0317	0.0016	0.0634	0.0554	0.0080	0.0110	0.0065	0.0045	0.0033	0.0028	0.0005	0.0077	0.0037	0.0040	12.9704	0.8834	119.1849	0.0554	0.0348	0.3625	21.5973	1.5206	155.7985	0.0000	0.0000	0.0000	0.0000	0.0000	0.0000	0.0000	0.0000	0.0000
37	76	0.4472	9	2	1	0	0	0	0	0	0	Y	N	N	N	N	N	N	N	N	N	N	N	0.6816	0.5560	0.4332	0.4794	inf	inf	0.0000	0.0000	0.0000	0.0000	0.0000	0.0000	0.0000	0.0000	0.0000	0.0000	0.0000	0.0000	0.0000	0.0000	0.0000	0.0000	0.0000	0.0000	0.0000	0.2308	-0.0000	-0.0000	1.9903	3.7027	0.0021	0.0091	0.0000	0.0000	0.0000	0.0000	0.0000	0.0000	0.0000	0.0000	0.0000	0.0000	0.0000	0.0000	0.0000	0.0000	0.0000	0.0000	0.0000	0.0000	0.0369	0.0331	0.0038	0.0138	0.0131	0.0007	0.0230	0.0199	0.0031	0.0038	0.0023	0.0016	0.0011	0.0010	0.0002	0.0027	0.0013	0.0014	0.6816	0.5560	0.0000	0.4332	0.4794	0.0000	inf	inf	0.0000	0.0000	0.0000	0.0000	0.0000	0.0000	0.0000	0.0000	0.0000	0.0000			
37	77	0.4302	8	1	1	0	0	0	0	0	0	N	N	N	N	N	N	N	N	N	N	N	N	3.2930	2.2510	4.0291	3.7868	0.0000	0.0000	0.0000	0.0000	0.0000	0.0000	0.0000	0.0000	0.0000	0.0000	0.0000	0.0000	0.0000	0.0000	0.0000	0.0000	0.0000	0.0000	0.0000	0.0000	-0.0000	-0.0000	1.9903	3.8334	0.0021	6.1787	0.0000	0.0000	0.0000	0.0000	0.0000	0.0000	0.0000	0.0000	0.0000	0.0000	0.0000	0.0000	0.0000	0.0000	0.0000	0.0000	0.0000	0.0000	0.0361	0.0320	0.0041	0.0104	0.0099	0.0005	0.0257	0.0221	0.0036	0.0130	0.0079	0.0051	0.0046	0.0041	0.0005	0.0084	0.0038	0.0047	3.2930	2.2510	0.0000	4.0291	3.7868	0.0000	0.0000	0.0000	0.0000	0.0000	0.0000	0.0000	0.0000	0.0000	0.0000	0.0000	0.0000	0.0000					
37	78	0.3911	7	1	1	0	0	0	0	0	0	N	N	N	N	N	N	N	N	N	N	N	N	0.1339	0.0911	0.0413	0.1108	0.1044	0.0000	1.3435	0.0124	0.0449	0.0000	0.0000	0.0000	0.0000	0.0000	0.0000	0.0000	0.0000	0.0000	0.0000	0.0001	0.0000	0.0001	0.0001	0.0000	0.0000	0.0003	0.0000	0.0027	0.0322	-0.0000	-0.0000	1.9903	16.9094	0.0021	5.8161	0.0000	0.0000	0.0000	0.0000	0.0000	0.0000	0.0000	0.0000	0.0000	0.0000	0.0000	0.0000	0.0000	0.0000	0.0000	0.0000	0.0000	0.0000	0.1517	0.1349	0.0167	0.0384	0.0365	0.0019	0.1132	0.0984	0.0148	0.0307	0.0188	0.0119	0.0107	0.0096	0.0011	0.0200	0.0092	0.0108	0.1339	0.0948	0.0413	0.1108	0.1044	0.0000	1.3435	3.5403	0.0449	0.0000	0.0001	0.0000	0.0001	0.0001	0.0000	0.0000	0.0000	0.0000
37	79	0.4975	9	1	2	0	0	0	0	0	0	N	Y	N	N	N	N	N	N	N	N	N	N	886.1076	628.4771	888.1009	841.4588	0.0002	0.0002	0.0000	0.0007	0.0007	0.0000	0.0000	0.0000	0.0000	0.0000	0.0000	0.0000	0.0000	0.0000	0.0000	0.0000	0.0000	0.0000	0.0000	0.0000	-0.0000	-0.0000	1.9903	23.9173	0.0021	17.8091	0.0000	0.0000	0.0000	0.0000	0.0000	0.0000	0.0000	0.0000	0.0000	0.0000	0.0000	0.0000	0.0000	0.0000	0.0000	0.0000	0.0000	0.0000	0.1817	0.1617	0.0200	0.0591	0.0555	0.0035	0.1226	0.1062	0.0165	0.0354	0.0224	0.0131	0.0115	0.0103	0.0013	0.0239	0.0121	0.0118	886.1076	628.4771	0.0000	888.1009	841.4588	0.0000	0.0000	0.0000	0.0000	0.0000	0.0000	0.0000	0.0000	0.0000	0.0000	0.0000	0.0000	0.0000					
37	80	0.4814	8	1	2	0	0	0	0	0	0	N	Y	N	N	N	N	N	N	N	N	N	N	0.1100	inf	0.0000	inf	inf	0.0000	0.0000	0.0000	0.0000	0.0000	0.0000	0.0000	0.0000	0.0000	0.0000	0.0000	0.0000	0.0000	0.0000	0.0000	0.0000	0.0000	0.0000	0.0000	0.0000	0.0000	inf	-0.0000	0.0000	1.9903	6.1279	0.0021	3.6878	0.0000	0.0000	0.0000	0.0000	0.0000	0.0000	0.0000	0.0000	0.0000	0.0000	0.0000	0.0000	0.0000	0.0000	0.0000	0.0000	0.0000	0.0000	0.0478	0.0425	0.0054	0.0149	0.0141	0.0009	0.0329	0.0284	0.0045	0.0105	0.0070	0.0035	0.0038	0.0035	0.0003	0.0067	0.0035	0.0031	0.1100	inf	0.0000	inf	inf	0.0000	0.0000	0.0000	0.0000	0.0000	0.0000	0.0000	0.0000	0.0000	0.0000	0.0000	0.0000	0.0000		
37	81	0.5696	12	2	1	1	0	0	0	0	0	Y	N	N	N	N	N	N	N	N	N	N	N	inf	inf	inf	inf	0.0001	0.0001	0.0000	0.0002	0.0003	0.0000	0.0000	0.0000	0.0000	0.0000	0.0000	0.0000	0.0000	0.0000	0.0000	0.0000	0.0000	0.0000	0.0000	-0.0000	0.0000	1.9903	27.2690	0.0021	12.3406	0.0000	0.0000	0.0000	0.0000	0.0000	0.0000	0.0000	0.0000	0.0000	0.0000	0.0000	0.0000	0.0000	0.0000	0.0000	0.0000	0.0000	0.0000	0.2094	0.1869	0.0225	0.0845	0.0792	0.0053	0.1250	0.1077	0.0172	0.0306	0.0193	0.0113	0.0108	0.0094	0.0013	0.0198	0.0098	0.0100	inf	inf	0.0000	inf	inf	0.0000	0.0000	0.0000	0.0000	0.0000	0.0000	0.0000	0.0000	0.0000	0.0000	0.0000	0.0000	0.0000						
37	82	0.5542	11	1	1	0	0	0	0	0	0	N	N	N	N	N	N	N	N	N	N	N	N	0.0854	0.3834	0.0000	0.4073	0.3766	0.0000	0.0000	0.0000	0.0000	0.0000	0.0000	0.0000	0.0000	0.0000	0.0000	0.0000	0.0000	0.0000	0.0000	0.0000	0.0000	0.0000	0.0000	0.0000	0.0000	0.0000	5.5168	-0.0000	0.0000	1.9903	9.0798	0.0021	0.9519	0.0000	0.0000	0.0000	0.0000	0.0000	0.0000	0.0000	0.0000	0.0000	0.0000	0.0000	0.0000	0.0000	0.0000	0.0000	0.0000	0.0000	0.0000	0.0885	0.0798	0.0088	0.0408	0.0383	0.0025	0.0477	0.0414	0.0063	0.0080	0.0049	0.0030	0.0027	0.0023	0.0004	0.0053	0.0026	0.0027	0.0854	0.3834	0.0000	0.4073	0.3766	0.0000	0.0000	0.0000	0.0000	0.0000	0.0000	0.0000	0.0000	0.0000	0.0000	0.0000	0.0000	0.0000		
37	83	0.4814	8	1	2	0	0	0	0	0	0	N	Y	N	N	N	N	N	N	N	N	N	N	inf	inf	inf	inf	0.0013	0.0015	0.0000	0.0000	0.0000	0.0000	0.0019	0.0022	0.0000	0.0000	0.0000	0.0000	0.0000	0.0000	0.0000	0.0000	0.0000	0.0000	0.0000	-0.0001	0.0000	1.9903	21.0000	0.0021	14.4214	0.0002	0.0002	0.0000	0.0000	0.0000	0.0000	0.0002	0.0002	0.0000	0.0000	0.0000	0.0000	0.0000	0.0000	0.0000	0.0000	0.0000	0.0000	0.1580	0.1404	0.0175	0.0490	0.0461	0.0028	0.1090	0.0943	0.0147	0.0307	0.0195	0.0112	0.0103	0.0091	0.0012	0.0203	0.0103	0.0100	inf	inf	0.0000	0.0000	0.0000	0.0000	inf	inf	0.0000	0.0000	0.0000	0.0000	0.0000	0.0000	0.0000	0.0000	0.0000	0.0000						
37	84	0.5391	12	1	1	1	0	0	0	0	0	N	N	N	N	N	N	N	N	N	N	N	N	inf	inf	inf	inf	6.1258	6.8665	0.0000	0.0000	0.0000	0.0000	9.5774	11.0877	0.0000	0.0000	0.0000	0.0000	0.0000	0.0000	0.0000	0.0000	0.0000	0.0000	0.0000	-0.2851	0.0000	1.9903	20.4085	0.0021	11.0867	0.9928	0.9928	0.0000	0.0000	0.0000	0.0000	0.9928	0.9928	0.0000	0.0000	0.0000	0.0000	0.0000	0.0000	0.0000	0.0000	0.0000	0.0000	0.1621	0.1446	0.0175	0.0584	0.0550	0.0034	0.1037	0.0895	0.0141	0.0261	0.0159	0.0102	0.0096	0.0081	0.0015	0.0165	0.0078	0.0087	inf	inf	0.0000	0.0000	0.0000	0.0000	inf	inf	0.0000	0.0000	0.0000	0.0000	0.0000	0.0000	0.0000	0.0000	0.0000	0.0000						
37	85	0.5354	11	1	1	1	0	0	0	0	0	N	N	N	N	N	N	N	N	N	N	N	N	598.6252	inf	0.0000	668.1298	inf	0.0000	0.0006	0.0007	0.0000	0.0000	0.0000	0.0000	0.0011	0.0013	0.0000	0.0000	0.0000	0.0000	0.0000	0.0000	0.0000	0.0000	0.0000	0.0000	0.0000	inf	-0.0000	0.0000	1.9903	3.1287	0.0021	1.1816	0.0000	0.0000	0.0000	0.0000	0.0000	0.0000	0.0000	0.0000	0.0000	0.0000	0.0000	0.0000	0.0000	0.0000	0.0000	0.0000	0.0000	0.0000	0.0332	0.0298	0.0033	0.0153	0.0144	0.0008	0.0179	0.0154	0.0025	0.0044	0.0028	0.0016	0.0018	0.0015	0.0002	0.0026	0.0013	0.0013	598.6252	inf	0.0000	0.0000	0.0000	0.0000	668.1298	inf	0.0000	0.0000	0.0000	0.0000	0.0000	0.0000	0.0000	0.0000	0.0000	0.0000			
37	86	0.5284	10	1	1	0	0	0	0	0	0	N	N	N	N	N	N	N	N	N	N	N	N	0.0000	0.0000	0.0000	0.0000	0.0000	0.0000	0.0000	0.0000	0.0000	0.0000	0.0000	0.0000	0.0000	0.0000	0.0000	0.0000	0.0000	0.0000	0.0000	0.0000	0.0000	0.0000	0.0000	0.0000	-0.0000	1.9903	4.0532	0.0021	2.2470	0.0000	0.0000	0.0000	0.0000	0.0000	0.0000	0.0000	0.0000	0.0000	0.0000	0.0000	0.0000	0.0000	0.0000	0.0000	0.0000	0.0000	0.0000	0.0362	0.0324	0.0038	0.0146	0.0137	0.0008	0.0217	0.0187	0.0030	0.0065	0.0042	0.0024	0.0024	0.0021	0.0003	0.0041	0.0020	0.0021	0.0000	0.0000	0.0000	0.0000	0.0000	0.0000	0.0000	0.0000	0.0000	0.0000	0.0000	0.0000	0.0000	0.0000	0.0000	0.0000	0.0000	0.0000						
37	87	0.5053	9	1	1	0	0	0	0	0	0	N	N	N	N	N	N	N	N	N	N	N	N	0.0428	0.0368	0.0000	0.0378	0.0368	0.0000	0.0000	0.0000	0.0000	0.0000	0.0000	0.0000	0.0000	0.0000	0.0000	0.0000	0.0000	0.0000	0.0000	0.0000	0.0000	0.0000	0.0000	0.0000	0.0000	0.0000	0.1818	-0.0000	-0.0000	1.9903	4.7288	0.0021	9.8540	0.0000	0.0000	0.0000	0.0000	0.0000	0.0000	0.0000	0.0000	0.0000	0.0000	0.0000	0.0000	0.0000	0.0000	0.0000	0.0000	0.0000	0.0000	0.0485	0.0439	0.0046	0.0228	0.0217	0.0011	0.0256	0.0221	0.0035	0.0174	0.0115	0.0060	0.0062	0.0057	0.0005	0.0113	0.0058	0.0055	0.0428	0.0368	0.0000	0.0378	0.0368	0.0000	0.0000	0.0000	0.0000	0.0000	0.0000	0.0000	0.0000	0.0000	0.0000	0.0000	0.0000	0.0000		
37	88	0.4814	8	1	1	0	0	0	0	0	0	N	N	N	N	N	N	N	N	N	N	N	N	0.0322	inf	0.0588	0.0303	inf	0.0629	0.0000	0.0000	0.0000	0.0000	0.0000	0.0000	0.0000	0.0000	0.0000	0.0000	0.0000	0.0000	0.0000	0.0000	0.0000	0.0000	0.0000	0.0000	1.4286	inf	0.0000	0.0000	1.9903	8.6320	0.0021	7.0881	0.0000	0.0000	0.0000	0.0000	0.0000	0.0000	0.0000	0.0000	0.0000	0.0000	0.0000	0.0000	0.0000	0.0000	0.0000	0.0000	0.0000	0.0000	0.0669	0.0594	0.0075	0.0209	0.0197	0.0012	0.0461	0.0398	0.0063	0.0154	0.0100	0.0053	0.0054	0.0049	0.0005	0.0099	0.0052	0.0048	0.0322	inf	0.0588	0.0000	0.0000	0.0000	0.0303	inf	0.0629	0.0000	0.0000	0.0000	0.0000	0.0000	0.0000	0.0000	0.0000	0.0000			
37	89	0.5492	10	1	2	0	0	0	0	0	0	N	Y	N	N	N	N	N	N	N	N	N	N	15.1848	10.6757	13.8439	13.0278	0.0000	0.0000	0.0000	0.0001	0.0001	0.0000	0.0000	0.0000	0.0000	0.0000	0.0000	0.0000	0.0000	0.0000	0.0000	0.0000	0.0000	0.0000	0.0000	0.0000	-0.0000	-0.0000	1.9903	15.4622	0.0021	5.2688	0.0000	0.0000	0.0000	0.0000	0.0000	0.0000	0.0000	0.0000	0.0000	0.0000	0.0000	0.0000	0.0000	0.0000	0.0000	0.0000	0.0000	0.0000	0.1343	0.1205	0.0139	0.0539	0.0510	0.0029	0.0805	0.0695	0.0110	0.0184	0.0116	0.0068	0.0067	0.0060	0.0007	0.0117	0.0056	0.0061	15.1848	10.6757	0.0000	13.8439	13.0278	0.0000	0.0000	0.0000	0.0000	0.0000	0.0000	0.0000	0.0000	0.0000	0.0000	0.0000	0.0000	0.0000					
37	90	0.5374	9	1	1	0	0	0	0	0	0	N	N	N	N	N	N	N	N	N	N	N	N	16.3116	26.6620	0.4277	17.2722	16.1901	15.4732	inf	0.4718	0.0001	0.0001	0.0000	0.0001	0.0001	0.0000	0.0001	0.0001	0.0000	0.0000	0.0000	0.0000	0.0000	0.0000	0.0000	0.0000	0.0000	0.0000	0.0042	1.2501	-0.0000	-0.0000	1.9903	7.5917	0.0021	1.5198	0.0000	0.0000	0.0000	0.0000	0.0000	0.0000	0.0000	0.0000	0.0000	0.0000	0.0000	0.0000	0.0000	0.0000	0.0000	0.0000	0.0000	0.0000	0.0752	0.0678	0.0073	0.0323	0.0306	0.0017	0.0429	0.0372	0.0056	0.0105	0.0069	0.0036	0.0044	0.0039	0.0005	0.0061	0.0030	0.0031	16.3116	26.6620	0.4277	17.2722	16.1901	0.0000	15.4732	inf	0.4718	0.0000	0.0000	0.0000	0.0000	0.0000	0.0000	0.0000	0.0000	0.0000	
37	91	0.6467	13	2	1	1	0	0	0	0	0	Y	N	N	N	N	N	N	N	N	N	N	N	0.0000	0.0000	0.0000	0.0000	0.0000	0.0000	0.0000	0.0000	0.0000	0.0000	0.0000	0.0000	0.0000	0.0000	0.0000	0.0000	0.0000	0.0000	0.0000	0.0000	1.9903	3.0317	0.0021	0.1644	0.0000	0.0000	0.0000	0.0000	0.0000	0.0000	0.0000	0.0000	0.0000	0.0000	0.0000	0.0000	0.0000	0.0000	0.0000	0.0000	0.0000	0.0000	0.0233	0.0209	0.0024	0.0100	0.0095	0.0006	0.0133	0.0114	0.0018	0.0024	0.0015	0.0009	0.0008	0.0007	0.0001	0.0016	0.0008	0.0008	0.0000	0.0000	0.0000	0.0000	0.0000	0.0000	0.0000	0.0000	0.0000	0.0000	0.0000	0.0000	0.0000	0.0000	0.0000	0.0000	0.0000	0.0000											
37	92	0.6409	12	2	1	1	0	0	0	0	0	Y	N	N	N	N	N	N	N	N	N	N	N	inf	inf	inf	inf	0.0000	0.0000	0.0000	0.0000	0.0000	0.0000	0.0000	0.0000	0.0000	0.0000	0.0000	0.0000	0.0000	0.0000	0.0000	0.0000	0.0000	0.0000	0.0000	-0.0000	0.0000	1.9903	2.6632	0.0021	1.0147	0.0000	0.0000	0.0000	0.0000	0.0000	0.0000	0.0000	0.0000	0.0000	0.0000	0.0000	0.0000	0.0000	0.0000	0.0000	0.0000	0.0000	0.0000	0.0303	0.0277	0.0026	0.0172	0.0163	0.0009	0.0132	0.0115	0.0017	0.0030	0.0019	0.0011	0.0010	0.0009	0.0001	0.0020	0.0010	0.0010	inf	inf	0.0000	inf	inf	0.0000	0.0000	0.0000	0.0000	0.0000	0.0000	0.0000	0.0000	0.0000	0.0000	0.0000	0.0000	0.0000						
37	93	0.5577	11	2	1	1	0	0	0	0	0	Y	N	N	N	N	N	N	N	N	N	N	N	7137.6965	5095.7551	6398.3436	5901.9383	inf	inf	0.0012	0.0013	0.0000	0.0029	0.0031	0.0000	0.0000	0.0000	0.0000	0.0000	0.0000	0.0000	0.0000	0.0000	0.0000	0.0000	0.0000	0.0000	0.0000	0.0369	-0.0001	-0.0000	1.9903	35.0787	0.0021	12.2568	0.0003	0.0003	0.0000	0.0003	0.0003	0.0000	0.0000	0.0000	0.0000	0.0000	0.0000	0.0000	0.0000	0.0000	0.0000	0.0000	0.0000	0.0000	0.2765	0.2478	0.0286	0.1082	0.1020	0.0062	0.1683	0.1458	0.0225	0.0348	0.0215	0.0133	0.0118	0.0102	0.0015	0.0230	0.0112	0.0118	7137.6965	5095.7551	0.0000	6398.3436	5901.9383	0.0000	inf	inf	0.0000	0.0000	0.0000	0.0000	0.0000	0.0000	0.0000	0.0000	0.0000	0.0000			
37	94	0.5441	10	2	1	0	0	0	0	0	0	Y	N	N	N	N	N	N	N	N	N	N	N	47.6137	336.2166	0.0000	188.6949	173.2139	15.5742	inf	0.0000	0.0006	0.0007	0.0000	0.0007	0.0007	0.0000	0.0005	0.0006	0.0000	0.0000	0.0000	0.0000	0.0000	0.0000	0.0000	0.0000	0.0000	0.0000	0.0000	9.3915	-0.0000	0.0000	1.9903	8.4810	0.0021	2.3446	0.0001	0.0001	0.0000	0.0000	0.0000	0.0000	0.0000	0.0000	0.0000	0.0000	0.0000	0.0000	0.0000	0.0000	0.0000	0.0000	0.0000	0.0000	0.0902	0.0816	0.0086	0.0394	0.0373	0.0022	0.0507	0.0443	0.0065	0.0086	0.0053	0.0033	0.0029	0.0025	0.0004	0.0057	0.0028	0.0029	47.6137	336.2166	0.0000	188.6949	173.2139	0.0000	31.1248	inf	0.0000	0.0000	0.0000	0.0000	0.0000	0.0000	0.0000	0.0000	0.0000	0.0000	
37	95	0.4814	8	1	2	0	1	0	0	0	0	N	Y	N	N	N	N	N	N	N	N	N	N	0.0013	0.0007	inf	inf	0.0000	0.0000	0.0002	0.0003	0.0000	0.0007	0.0008	0.0000	0.0000	0.0000	0.0000	0.1656	0.3702	0.0000	0.0000	0.0000	0.0000	0.3424	1.0068	0.0000	0.0000	0.0000	-0.0000	-0.0003	1.9903	24.0032	0.0021	22.6134	0.0000	0.0000	0.0000	0.0000	0.0000	0.0000	0.0000	0.0000	0.0000	0.0005	0.0005	0.0000	0.0000	0.0000	0.0000	0.0005	0.0005	0.0000	0.1793	0.1594	0.0198	0.0555	0.0523	0.0032	0.1238	0.1071	0.0166	0.0388	0.0245	0.0143	0.0129	0.0114	0.0015	0.0259	0.0131	0.0128	0.0160	0.0114	0.0000	inf	inf	0.0000	0.0000	0.0000	0.0000	0.0139	0.0221	0.0000	0.0000	0.0000	0.0000	0.0209	0.0411	0.0000			
37	96	0.0640	4	1	2	0	0	0	0	0	0	N	Y	N	N	N	N	N	N	N	N	N	N	8439.7030	5434.7395	0.0000	0.0000	inf	inf	0.0010	0.0012	0.0000	0.0000	0.0000	0.0000	0.0011	0.0013	0.0000	0.0000	0.0000	0.0000	0.0000	0.0000	0.0000	0.0000	0.0000	0.0000	0.0000	0.0000	-0.0000	-0.0000	1.9903	18.5150	0.0021	10.2301	0.0002	0.0002	0.0000	0.0000	0.0000	0.0000	0.0002	0.0002	0.0000	0.0000	0.0000	0.0000	0.0000	0.0000	0.0000	0.0000	0.0000	0.0000	0.1585	0.1385	0.0200	0.0154	0.0150	0.0005	0.1431	0.1235	0.0196	0.0452	0.0254	0.0198	0.0065	0.0062	0.0003	0.0386	0.0192	0.0194	8439.7030	5434.7395	0.0000	0.0000	0.0000	0.0000	inf	inf	0.0000	0.0000	0.0000	0.0000	0.0000	0.0000	0.0000	0.0000	0.0000	0.0000			
37	97	0.5106	9	1	2	0	0	0	0	0	0	N	Y	N	N	N	N	N	N	N	N	N	N	0.0000	0.0000	0.0000	0.0000	0.0000	0.0000	0.0000	0.0000	0.0000	0.0000	0.0000	0.0000	0.0000	0.0000	0.0000	0.0000	0.0000	0.0000	0.0000	0.0000	0.0000	0.0000	0.0000	0.0000	-0.0000	1.9903	46.1140	0.0021	26.4917	0.0000	0.0000	0.0000	0.0000	0.0000	0.0000	0.0000	0.0000	0.0000	0.0000	0.0000	0.0000	0.0000	0.0000	0.0000	0.0000	0.0000	0.0000	0.3319	0.2963	0.0356	0.1076	0.1015	0.0061	0.2243	0.1947	0.0296	0.0548	0.0331	0.0217	0.0186	0.0154	0.0032	0.0362	0.0177	0.0185	0.0000	0.0000	0.0000	0.0000	0.0000	0.0000	0.0000	0.0000	0.0000	0.0000	0.0000	0.0000	0.0000	0.0000	0.0000	0.0000	0.0000	0.0000						
37	98	0.1402	8	1	2	0	0	0	0	0	0	N	Y	N	N	N	N	N	N	N	N	N	N	inf	inf	inf	inf	inf	inf	0.0012	0.0014	0.0000	0.0013	0.0014	0.0000	0.0012	0.0014	0.0000	0.0000	0.0000	0.0000	0.0000	0.0000	0.0000	0.0000	0.0000	0.0000	0.0000	-0.0001	0.0000	1.9903	20.7840	0.0021	8.9470	0.0002	0.0002	0.0000	0.0000	0.0000	0.0000	0.0002	0.0002	0.0000	0.0000	0.0000	0.0000	0.0000	0.0000	0.0000	0.0000	0.0000	0.0000	0.1558	0.1379	0.0179	0.0283	0.0273	0.0010	0.1276	0.1106	0.0169	0.0308	0.0158	0.0149	0.0030	0.0026	0.0005	0.0277	0.0133	0.0145	inf	inf	0.0000	inf	inf	0.0000	inf	inf	0.0000	0.0000	0.0000	0.0000	0.0000	0.0000	0.0000	0.0000	0.0000	0.0000				
37	99	0.1353	7	1	1	0	0	0	0	0	0	N	N	N	N	N	N	N	N	N	N	N	N	inf	inf	inf	inf	inf	inf	inf	inf	inf	0.0002	0.0001	0.0011	0.0003	0.0001	0.0050	0.0001	0.0000	0.0005	0.0000	0.0000	0.0000	0.0000	0.0000	0.0000	0.0000	0.0000	0.0000	1.2997	0.0000	-0.0000	1.9903	2.7834	0.0021	1.0450	0.0000	0.0000	0.0000	0.0000	0.0000	0.0000	0.0000	0.0000	0.0000	0.0000	0.0000	0.0000	0.0000	0.0000	0.0000	0.0000	0.0000	0.0000	0.0698	0.0637	0.0060	0.0329	0.0320	0.0009	0.0369	0.0317	0.0052	0.0078	0.0042	0.0036	0.0021	0.0020	0.0001	0.0057	0.0022	0.0035	inf	inf	inf	inf	inf	inf	inf	inf	inf	0.0000	0.0000	0.0000	0.0000	0.0000	0.0000	0.0000	0.0000	0.0000	
37	100	0.1253	6	1	1	0	0	0	0	0	0	N	N	N	N	N	N	N	N	N	N	N	N	5.4523	5.3166	2.4530	7.9835	8.2821	4.0142	0.3162	0.0012	1.1615	0.0000	0.0000	0.0000	0.0001	0.0001	0.0001	0.0000	0.0000	0.0000	0.0000	0.0000	0.0000	0.0000	0.0000	0.0000	0.0000	0.0007	0.0000	0.0403	0.5614	-0.0000	-0.0000	1.9903	7.6044	0.0021	2.7972	0.0000	0.0000	0.0000	0.0000	0.0000	0.0000	0.0000	0.0000	0.0000	0.0000	0.0000	0.0000	0.0000	0.0000	0.0000	0.0000	0.0000	0.0000	0.1219	0.1099	0.0119	0.0438	0.0425	0.0013	0.0781	0.0674	0.0106	0.0223	0.0132	0.0091	0.0060	0.0057	0.0003	0.0163	0.0075	0.0088	5.4523	5.3653	2.4530	7.9835	8.2821	4.0142	0.3162	0.1902	1.1615	0.0000	0.0000	0.0000	0.0000	0.0000	0.0000	0.0000	0.0000	0.0000
37	101	0.0757	5	1	1	0	0	0	0	0	0	N	N	N	N	N	N	N	N	N	N	N	N	6.0732	3.0261	27.0984	0.0163	0.0257	0.0017	32.2262	1.1781	142.3169	0.0009	0.0004	0.0039	0.0000	0.0000	0.0000	0.0010	0.0005	0.0041	0.0001	0.0001	0.0001	0.0009	0.0006	0.0055	0.0000	0.0004	0.0000	1.3286	0.8291	0.0000	-0.0000	1.9903	18.4780	0.0021	12.4520	0.0001	0.0001	0.0001	0.0000	0.0000	0.0000	0.0001	0.0001	0.0001	0.0000	0.0000	0.0000	0.0000	0.0000	0.0000	0.0000	0.0000	0.0000	0.1626	0.1424	0.0202	0.0180	0.0175	0.0005	0.1446	0.1249	0.0197	0.0473	0.0264	0.0208	0.0068	0.0063	0.0004	0.0405	0.0201	0.0204	6.0732	3.0476	27.0984	0.0163	0.0257	0.0017	63.5028	270.7729	142.3169	0.0001	0.0001	0.0001	0.0009	0.0006	0.0055	0.0000	0.0000	0.0000
37	102	0.5955	11	1	2	0	0	0	0	0	0	N	Y	N	N	N	N	N	N	N	N	N	N	156798.9016	128014.1198	0.0058	8053.7746	7583.4589	inf	874459.6735	inf	0.0000	1.9588	2.1667	0.0000	0.2236	0.2366	0.0000	3.4826	4.0130	0.0000	0.0000	0.0000	0.0000	0.0000	0.0000	0.0000	0.0000	0.0000	0.0000	0.0000	0.2574	-0.1998	-0.0000	1.9903	34.1922	0.0021	22.4626	0.6960	0.6960	0.0000	0.0372	0.0372	0.0000	0.6588	0.6588	0.0000	0.0000	0.0000	0.0000	0.0000	0.0000	0.0000	0.0000	0.0000	0.0000	0.3553	0.3212	0.0341	0.1661	0.1570	0.0091	0.1892	0.1642	0.0250	0.0500	0.0319	0.0182	0.0179	0.0159	0.0020	0.0321	0.0159	0.0162	156798.9016	138925.8088	0.0058	8053.7746	7583.4589	inf	874459.6735	inf	0.0000	0.0000	0.0000	0.0000	0.0000	0.0000	0.0000	0.0000	0.0000	0.0000
37	103	0.5476	10	1	2	0	0	0	0	0	0	N	Y	N	N	N	N	N	N	N	N	N	N	40880.1769	52661.5762	11674.9841	60.1353	55.7293	inf	21173.7436	2118.4582	13292.8206	1.6421	1.7436	0.7480	0.0015	0.0016	0.0003	2.7987	3.0868	0.9599	0.0000	0.0000	0.0001	0.0000	0.0000	0.0000	0.0001	0.0015	0.0001	0.0487	1.4301	-0.0814	-0.0000	1.9903	22.5884	0.0021	11.0115	0.3380	0.3224	0.0157	0.0001	0.0001	0.0000	0.3379	0.3222	0.0157	0.0000	0.0000	0.0000	0.0000	0.0000	0.0000	0.0000	0.0000	0.0000	0.2059	0.1849	0.0210	0.0851	0.0805	0.0046	0.1207	0.1044	0.0164	0.0290	0.0183	0.0107	0.0107	0.0095	0.0012	0.0183	0.0088	0.0095	40880.1769	66563.1617	11674.9841	60.1353	55.7293	inf	57593.5526	132870.9033	13292.8206	0.0000	0.0000	0.0001	0.0000	0.0000	0.0000	0.0000	0.0000	0.0001
37	104	0.5176	9	1	1	0	0	0	0	0	0	N	N	N	N	N	N	N	N	N	N	N	N	184.2965	1469.6551	256.0349	0.0000	0.0000	105.5133	inf	278.9882	0.0015	0.0010	0.0053	0.0000	0.0000	0.0000	0.0025	0.0018	0.0067	0.0000	0.0000	0.0000	0.0000	0.0000	0.0000	0.0000	0.0000	0.0000	0.6000	16.8812	0.0000	0.0000	1.9903	11.8100	0.0021	8.7888	0.0002	0.0001	0.0001	0.0000	0.0000	0.0000	0.0002	0.0001	0.0001	0.0000	0.0000	0.0000	0.0000	0.0000	0.0000	0.0000	0.0000	0.0000	0.1091	0.0979	0.0112	0.0442	0.0419	0.0023	0.0648	0.0559	0.0089	0.0198	0.0127	0.0071	0.0079	0.0070	0.0010	0.0119	0.0057	0.0062	184.2965	1469.6551	256.0349	0.0000	0.0000	0.0000	196.6719	inf	278.9882	0.0000	0.0000	0.0000	0.0000	0.0000	0.0000	0.0000	0.0000	0.0000	
37	105	0.4814	8	1	1	0	0	0	0	0	0	N	N	N	N	N	N	N	N	N	N	N	N	0.0000	0.0000	0.0000	0.0000	0.0000	0.0000	0.0000	0.0000	0.0000	0.0000	0.0000	0.0000	0.0000	0.0000	0.0000	0.0000	0.0000	0.0000	0.0000	0.0000	0.0000	0.0000	inf	0.0000	0.0000	1.9903	14.7392	0.0021	7.3617	0.0000	0.0000	0.0000	0.0000	0.0000	0.0000	0.0000	0.0000	0.0000	0.0000	0.0000	0.0000	0.0000	0.0000	0.0000	0.0000	0.0000	0.0000	0.1126	0.1000	0.0125	0.0350	0.0329	0.0020	0.0776	0.0671	0.0105	0.0205	0.0132	0.0073	0.0071	0.0063	0.0008	0.0134	0.0069	0.0065	0.0000	0.0000	0.0000	0.0000	0.0000	0.0000	0.0000	0.0000	0.0000	0.0000	0.0000	0.0000	0.0000	0.0000	0.0000	0.0000	0.0000	0.0000						
37	106	0.5542	11	1	2	0	0	0	0	0	0	N	Y	N	N	N	N	N	N	N	N	N	N	inf	inf	inf	inf	0.0000	0.0000	0.0000	0.0000	0.0000	0.0000	0.0000	0.0000	0.0000	0.0000	0.0000	0.0000	0.0000	0.0000	0.0000	0.0000	0.0000	0.0000	0.0000	-0.0000	0.0000	1.9903	20.0414	0.0021	7.0324	0.0000	0.0000	0.0000	0.0000	0.0000	0.0000	0.0000	0.0000	0.0000	0.0000	0.0000	0.0000	0.0000	0.0000	0.0000	0.0000	0.0000	0.0000	0.1674	0.1500	0.0174	0.0692	0.0649	0.0043	0.0982	0.0851	0.0131	0.0205	0.0127	0.0078	0.0068	0.0059	0.0009	0.0137	0.0068	0.0069	inf	inf	0.0000	0.0000	0.0000	0.0000	inf	inf	0.0000	0.0000	0.0000	0.0000	0.0000	0.0000	0.0000	0.0000	0.0000	0.0000						
37	107	0.5441	10	1	1	0	0	0	0	0	0	N	N	N	N	N	N	N	N	N	N	N	N	110.9420	182.0819	0.0000	8.2416	7.5688	219.8337	inf	0.0000	0.0004	0.0004	0.0000	0.0000	0.0000	0.0000	0.0007	0.0008	0.0000	0.0000	0.0000	0.0000	0.0000	0.0000	0.0000	0.0000	0.0000	0.0000	0.0000	1.4207	-0.0000	-0.0000	1.9903	7.0315	0.0021	1.2144	0.0000	0.0000	0.0000	0.0000	0.0000	0.0000	0.0000	0.0000	0.0000	0.0000	0.0000	0.0000	0.0000	0.0000	0.0000	0.0000	0.0000	0.0000	0.0797	0.0722	0.0075	0.0359	0.0339	0.0019	0.0438	0.0383	0.0055	0.0066	0.0041	0.0025	0.0022	0.0019	0.0003	0.0044	0.0021	0.0023	110.9420	182.0819	0.0000	8.2416	7.5688	0.0000	219.8337	inf	0.0000	0.0000	0.0000	0.0000	0.0000	0.0000	0.0000	0.0000	0.0000	0.0000	
37	108	0.5106	9	1	1	0	0	0	0	0	0	N	N	N	N	N	N	N	N	N	N	N	N	2018.8469	8673.4653	0.0000	4.9492	4.0222	2142.1288	inf	0.0000	0.0014	0.0015	0.0000	0.0000	0.0000	0.0000	0.0020	0.0024	0.0000	0.0000	0.0000	0.0000	0.0000	0.0000	0.0000	0.0000	0.0000	0.0000	0.0000	5.4215	-0.0001	0.0000	1.9903	16.2725	0.0021	4.4748	0.0002	0.0002	0.0000	0.0000	0.0000	0.0000	0.0002	0.0002	0.0000	0.0000	0.0000	0.0000	0.0000	0.0000	0.0000	0.0000	0.0000	0.0000	0.1316	0.1175	0.0142	0.0443	0.0419	0.0024	0.0873	0.0755	0.0118	0.0194	0.0116	0.0078	0.0079	0.0061	0.0018	0.0115	0.0055	0.0060	2018.8469	8673.4653	0.0000	4.9492	4.0222	0.0000	2142.1288	inf	0.0000	0.0000	0.0000	0.0000	0.0000	0.0000	0.0000	0.0000	0.0000	0.0000	
37	109	0.5633	10	1	2	0	0	0	0	0	0	N	Y	N	N	N	N	N	N	N	N	N	N	160.5873	0.1073	inf	9.5708	0.1334	inf	inf	inf	0.0005	0.0000	0.0046	0.0001	0.0000	0.0014	0.0007	0.0000	0.0055	0.0000	0.0000	0.0000	0.0000	0.0000	0.0000	0.0000	0.0000	0.0000	1043.6549	0.0031	0.0001	-0.0000	1.9903	40.5309	0.0021	14.7974	0.0002	0.0000	0.0002	0.0000	0.0000	0.0000	0.0001	0.0000	0.0001	0.0000	0.0000	0.0000	0.0000	0.0000	0.0000	0.0000	0.0000	0.0000	0.3114	0.2786	0.0327	0.1146	0.1077	0.0069	0.1967	0.1709	0.0258	0.0433	0.0270	0.0163	0.0148	0.0130	0.0018	0.0286	0.0140	0.0145	160.5873	0.1073	inf	9.5708	0.1334	inf	inf	0.0000	inf	0.0000	0.0000	0.0000	0.0000	0.0000	0.0000	0.0000	0.0000	0.0000	
37	110	0.5374	9	1	2	0	0	0	0	0	0	N	Y	N	N	N	N	N	N	N	N	N	N	19.1608	47.4326	33.3636	16.8619	14.8651	inf	10.4387	inf	36.0926	0.0002	0.0001	0.0007	0.0001	0.0001	0.0001	0.0002	0.0002	0.0009	0.0000	0.0000	0.0000	0.0000	0.0000	0.0000	0.0000	0.0000	0.0000	0.6997	4.8830	0.0000	0.0000	1.9903	13.5236	0.0021	3.5331	0.0000	0.0000	0.0000	0.0000	0.0000	0.0000	0.0000	0.0000	0.0000	0.0000	0.0000	0.0000	0.0000	0.0000	0.0000	0.0000	0.0000	0.0000	0.1192	0.1071	0.0121	0.0466	0.0440	0.0025	0.0726	0.0630	0.0096	0.0169	0.0108	0.0060	0.0066	0.0058	0.0008	0.0103	0.0051	0.0053	19.1608	47.4326	33.3636	16.8619	14.8651	inf	19.6895	inf	36.0926	0.0000	0.0000	0.0000	0.0000	0.0000	0.0000	0.0000	0.0000	0.0000
37	111	0.4814	8	1	1	0	0	0	0	0	0	N	N	N	N	N	N	N	N	N	N	N	N	28.8605	inf	1.9483	27.6944	inf	2.0783	0.0000	0.0000	0.0000	0.0000	0.0000	0.0000	0.0000	0.0000	0.0000	0.0000	0.0000	0.0000	0.0000	0.0000	0.0000	0.0000	0.0000	0.0000	0.0211	inf	-0.0000	0.0000	1.9903	16.9399	0.0021	15.9768	0.0000	0.0000	0.0000	0.0000	0.0000	0.0000	0.0000	0.0000	0.0000	0.0000	0.0000	0.0000	0.0000	0.0000	0.0000	0.0000	0.0000	0.0000	0.1287	0.1144	0.0143	0.0400	0.0376	0.0023	0.0887	0.0767	0.0120	0.0288	0.0183	0.0105	0.0097	0.0086	0.0011	0.0190	0.0097	0.0093	28.8605	inf	1.9483	0.0000	0.0000	0.0000	27.6944	inf	2.0783	0.0000	0.0000	0.0000	0.0000	0.0000	0.0000	0.0000	0.0000	0.0000			
37	112	0.5858	12	2	2	0	1	0	0	0	0	Y	Y	N	N	N	N	N	N	N	N	N	N	0.0000	0.0000	0.0000	0.0000	0.0000	0.0000	0.0000	0.0000	0.0000	0.0000	0.0000	0.0000	0.0000	0.0000	0.0000	0.0000	0.0000	0.0000	0.0000	0.0000	1.9903	0.0019	0.0021	1.9928	0.0000	0.0000	0.0000	0.0000	0.0000	0.0000	0.0000	0.0000	0.0000	0.0000	0.0000	0.0000	0.0000	0.0000	0.0000	0.0000	0.0000	0.0000	0.0000	0.0000	0.0000	0.0000	0.0000	0.0000	0.0000	0.0000	0.0000	0.0016	0.0010	0.0006	0.0005	0.0004	0.0001	0.0011	0.0006	0.0005	0.0000	0.0000	0.0000	0.0000	0.0000	0.0000	0.0000	0.0000	0.0000	0.0000	0.0000	0.0000	0.0000	0.0000	0.0000	0.0000	0.0000	0.0000											
37	113	0.5623	11	2	2	0	1	0	0	0	0	Y	Y	N	N	N	N	N	N	N	N	N	N	0.0000	0.0000	0.0000	0.0000	0.0000	0.0000	0.0000	0.0000	0.0000	0.0000	0.0000	0.0000	0.0000	0.0000	0.0000	0.0000	0.0000	0.0000	0.0000	0.0000	0.0000	0.0000	0.0000	0.0000	-0.0000	1.9903	8.6942	0.0021	6.0502	0.0000	0.0000	0.0000	0.0000	0.0000	0.0000	0.0000	0.0000	0.0000	0.0000	0.0000	0.0000	0.0000	0.0000	0.0000	0.0000	0.0000	0.0000	0.0731	0.0656	0.0076	0.0288	0.0273	0.0015	0.0443	0.0383	0.0061	0.0124	0.0077	0.0047	0.0041	0.0036	0.0005	0.0082	0.0040	0.0042	0.0000	0.0000	0.0000	0.0000	0.0000	0.0000	0.0000	0.0000	0.0000	0.0000	0.0000	0.0000	0.0000	0.0000	0.0000	0.0000	0.0000	0.0000						
37	114	0.5834	15	1	2	0	1	0	0	0	0	N	Y	N	N	N	N	N	N	N	N	N	N	0.0000	0.0000	0.0000	0.0000	0.0000	0.0000	0.0000	0.0000	0.0000	0.0000	0.0000	0.0000	0.0000	0.0000	0.0000	0.0000	0.0000	0.0000	0.0000	0.0000	1.9903	0.0001	0.0021	0.0001	0.0000	0.0000	0.0000	0.0000	0.0000	0.0000	0.0000	0.0000	0.0000	0.0000	0.0000	0.0000	0.0000	0.0000	0.0000	0.0000	0.0000	0.0000	0.0000	0.0000	0.0000	0.0000	0.0000	0.0000	0.0000	0.0000	0.0000	0.0000	0.0000	0.0000	0.0000	0.0000	0.0000	0.0000	0.0000	0.0000	0.0000	0.0000	0.0000	0.0000	0.0000	0.0000	0.0000	0.0000	0.0000	0.0000	0.0000	0.0000	0.0000	0.0000	0.0000	0.0000	0.0000	0.0000											
37	115	0.5767	14	1	2	0	1	0	0	0	0	N	Y	N	N	N	N	N	N	N	N	N	N	0.0000	0.0000	0.0000	0.0000	0.0000	0.0000	0.0000	0.0000	0.0000	0.0000	0.0000	0.0000	0.0000	0.0000	0.0000	0.0000	0.0000	0.0000	0.0000	0.0000	1.9903	3.0007	0.0021	1.0012	0.0000	0.0000	0.0000	0.0000	0.0000	0.0000	0.0000	0.0000	0.0000	0.0000	0.0000	0.0000	0.0000	0.0000	0.0000	0.0000	0.0000	0.0000	0.0234	0.0209	0.0026	0.0082	0.0078	0.0005	0.0152	0.0131	0.0021	0.0032	0.0020	0.0012	0.0011	0.0010	0.0001	0.0021	0.0010	0.0011	0.0000	0.0000	0.0000	0.0000	0.0000	0.0000	0.0000	0.0000	0.0000	0.0000	0.0000	0.0000	0.0000	0.0000	0.0000	0.0000	0.0000	0.0000											
37	116	0.5748	13	1	1	0	1	0	0	0	0	N	N	N	N	N	N	N	N	N	N	N	N	0.0000	0.0000	0.0000	0.0000	0.0000	0.0000	0.0000	0.0000	0.0000	0.0000	0.0000	0.0000	0.0000	0.0000	0.0000	0.0000	0.0000	0.0000	0.0000	0.0000	1.9903	1.1177	0.0021	0.0023	0.0000	0.0000	0.0000	0.0000	0.0000	0.0000	0.0000	0.0000	0.0000	0.0000	0.0000	0.0000	0.0000	0.0000	0.0000	0.0000	0.0000	0.0000	0.0092	0.0083	0.0010	0.0035	0.0033	0.0002	0.0057	0.0049	0.0008	0.0009	0.0006	0.0003	0.0003	0.0003	0.0000	0.0006	0.0003	0.0003	0.0000	0.0000	0.0000	0.0000	0.0000	0.0000	0.0000	0.0000	0.0000	0.0000	0.0000	0.0000	0.0000	0.0000	0.0000	0.0000	0.0000	0.0000											
37	117	0.3911	7	1	2	0	0	0	0	0	0	N	Y	N	N	N	N	N	N	N	N	N	N	0.0173	330.0300	0.0000	2.2002	150.6046	0.0000	0.0056	inf	0.0000	0.0011	0.0012	0.0000	0.0012	0.0013	0.0000	0.0011	0.0012	0.0000	0.0638	0.0000	0.0537	0.0005	0.0000	0.0042	0.1933	0.0000	0.0511	0.0000	4091.2198	-0.0001	0.0002	1.9903	31.2782	0.0021	23.9277	0.0003	0.0003	0.0000	0.0001	0.0001	0.0000	0.0002	0.0002	0.0000	0.0005	0.0000	0.0005	0.0000	0.0000	0.0000	0.0005	0.0000	0.0005	0.2535	0.2250	0.0285	0.0590	0.0559	0.0031	0.1945	0.1691	0.0255	0.0586	0.0356	0.0231	0.0184	0.0160	0.0023	0.0403	0.0195	0.0207	0.1179	330.0300	0.0000	2.2002	150.6046	0.0000	0.0804	inf	0.0000	0.0094	0.0000	0.0238	0.0005	0.0000	0.0042	0.0134	0.0000	0.0260
37	118	0.5748	13	1	1	1	1	0	0	0	0	N	N	N	N	N	N	N	N	N	N	N	N	0.0000	0.0000	0.0000	0.0000	0.0000	0.0000	0.0000	0.0000	0.0000	0.0000	0.0000	0.0000	0.0000	0.0000	0.0000	0.0000	0.0000	0.0000	0.0000	0.0000	1.9903	3.8827	0.0021	2.9998	0.0000	0.0000	0.0000	0.0000	0.0000	0.0000	0.0000	0.0000	0.0000	0.0000	0.0000	0.0000	0.0000	0.0000	0.0000	0.0000	0.0000	0.0000	0.0307	0.0274	0.0033	0.0110	0.0104	0.0006	0.0197	0.0170	0.0027	0.0055	0.0034	0.0021	0.0019	0.0017	0.0002	0.0037	0.0018	0.0019	0.0000	0.0000	0.0000	0.0000	0.0000	0.0000	0.0000	0.0000	0.0000	0.0000	0.0000	0.0000	0.0000	0.0000	0.0000	0.0000	0.0000	0.0000											
37	119	0.5719	12	1	1	0	1	0	0	0	0	N	N	N	N	N	N	N	N	N	N	N	N	0.0000	0.0000	0.0000	0.0000	0.0000	0.0000	0.0000	0.0000	0.0000	0.0000	0.0000	0.0000	0.0000	0.0000	0.0000	0.0000	0.0000	0.0000	0.0000	0.0000	0.0000	0.0000	0.0000	0.0000	-0.0000	1.9903	2.8083	0.0021	0.0030	0.0000	0.0000	0.0000	0.0000	0.0000	0.0000	0.0000	0.0000	0.0000	0.0000	0.0000	0.0000	0.0000	0.0000	0.0000	0.0000	0.0000	0.0000	0.0277	0.0250	0.0027	0.0115	0.0109	0.0006	0.0162	0.0140	0.0021	0.0023	0.0014	0.0009	0.0008	0.0007	0.0001	0.0015	0.0007	0.0008	0.0000	0.0000	0.0000	0.0000	0.0000	0.0000	0.0000	0.0000	0.0000	0.0000	0.0000	0.0000	0.0000	0.0000	0.0000	0.0000	0.0000	0.0000						
37	120	0.5719	12	1	1	1	1	0	0	0	0	N	N	N	N	N	N	N	N	N	N	N	N	0.0000	0.0000	0.0000	0.0000	0.0000	0.0000	0.0000	0.0000	0.0000	0.0000	0.0000	0.0000	0.0000	0.0000	0.0000	0.0000	0.0000	0.0000	0.0000	0.0000	1.9903	9.6158	0.0021	0.0030	0.0000	0.0000	0.0000	0.0000	0.0000	0.0000	0.0000	0.0000	0.0000	0.0000	0.0000	0.0000	0.0000	0.0000	0.0000	0.0000	0.0000	0.0000	0.0792	0.0708	0.0084	0.0291	0.0275	0.0016	0.0501	0.0434	0.0068	0.0077	0.0048	0.0029	0.0026	0.0023	0.0003	0.0051	0.0025	0.0026	0.0000	0.0000	0.0000	0.0000	0.0000	0.0000	0.0000	0.0000	0.0000	0.0000	0.0000	0.0000	0.0000	0.0000	0.0000	0.0000	0.0000	0.0000											
37	121	0.5623	11	1	1	0	1	0	0	0	0	N	N	N	N	N	N	N	N	N	N	N	N	0.0000	0.0000	0.0000	0.0000	0.0000	0.0000	0.0000	0.0000	0.0000	0.0000	0.0000	0.0000	0.0000	0.0000	0.0000	0.0000	0.0000	0.0000	0.0000	0.0000	0.0000	0.0000	0.0000	0.0000	0.0000	0.3333	0.0000	-0.0000	1.9903	4.2457	0.0021	2.0144	0.0000	0.0000	0.0000	0.0000	0.0000	0.0000	0.0000	0.0000	0.0000	0.0000	0.0000	0.0000	0.0000	0.0000	0.0000	0.0000	0.0000	0.0000	0.0397	0.0358	0.0039	0.0178	0.0169	0.0008	0.0219	0.0189	0.0030	0.0057	0.0036	0.0021	0.0020	0.0018	0.0002	0.0037	0.0018	0.0019	0.0000	0.0000	0.0000	0.0000	0.0000	0.0000	0.0000	0.0000	0.0000	0.0000	0.0000	0.0000	0.0000	0.0000	0.0000	0.0000	0.0000	0.0000			
37	122	0.5201	10	1	1	0	1	0	0	0	0	N	N	N	N	N	N	N	N	N	N	N	N	0.1149	0.1939	0.0000	0.2503	0.2271	0.0000	0.0000	0.0000	0.0000	0.0000	0.0000	0.0000	0.0000	0.0000	0.0000	0.0000	0.0000	0.0000	0.0000	0.0000	0.0000	0.0000	0.0000	0.0000	0.0000	0.0000	1.5000	-0.0000	-0.0000	1.9903	11.9190	0.0021	13.1740	0.0000	0.0000	0.0000	0.0000	0.0000	0.0000	0.0000	0.0000	0.0000	0.0000	0.0000	0.0000	0.0000	0.0000	0.0000	0.0000	0.0000	0.0000	0.1005	0.0901	0.0104	0.0374	0.0356	0.0019	0.0631	0.0545	0.0085	0.0202	0.0122	0.0080	0.0065	0.0056	0.0009	0.0136	0.0066	0.0071	0.1149	0.1939	0.0000	0.2503	0.2271	0.0000	0.0000	0.0000	0.0000	0.0000	0.0000	0.0000	0.0000	0.0000	0.0000	0.0000	0.0000	0.0000		
37	123	0.0158	2	1	1	1	1	0	0	0	0	N	N	N	N	N	N	N	N	N	N	N	N	3010.7996	12.7646	27872.0004	21.0007	21.4484	0.0000	1757.0676	28054.5976	8.6860	0.0004	66.7797	0.0079	0.0081	0.0000	9.1114	0.0000	67.2287	0.0029	0.0000	0.0024	0.0004	0.0004	0.0006	0.0052	0.0000	0.0024	23487.9775	99.8234	0.7042	0.0000	1.9903	12.8936	0.0021	4.1514	0.9878	0.0000	0.9878	0.0000	0.0000	0.0000	0.9878	0.0000	0.9878	0.0000	0.0000	0.0000	0.0000	0.0000	0.0000	0.0000	0.0000	0.0000	0.1137	0.0989	0.0148	0.0053	0.0052	0.0001	0.1084	0.0937	0.0147	0.0241	0.0115	0.0126	0.0008	0.0008	0.0000	0.0233	0.0107	0.0126	6873.1498	16.2027	27872.0004	21.0007	21.4484	0.0000	7038.7389	0.0000	28054.5976	0.0013	0.0000	0.0024	0.0004	0.0004	0.0006	0.0013	0.0000	0.0024	
37	124	0.5354	11	1	2	0	0	0	0	0	0	N	Y	N	N	N	N	N	N	N	N	N	N	1362.7012	929.9126	1309.1180	1201.6441	0.0014	0.0015	0.0000	0.0039	0.0041	0.0000	0.0000	0.0000	0.0000	0.0000	0.0000	0.0000	0.0000	0.0000	0.0000	0.0000	0.0000	0.0000	0.0000	0.0000	-0.0000	-0.0000	1.9903	12.7386	0.0021	8.7370	0.0001	0.0001	0.0000	0.0001	0.0001	0.0000	0.0000	0.0000	0.0000	0.0000	0.0000	0.0000	0.0000	0.0000	0.0000	0.0000	0.0000	0.0000	0.1031	0.0922	0.0109	0.0356	0.0338	0.0018	0.0674	0.0584	0.0091	0.0177	0.0108	0.0069	0.0059	0.0051	0.0008	0.0118	0.0057	0.0061	1362.7012	929.9126	0.0000	1309.1180	1201.6441	0.0000	0.0000	0.0000	0.0000	0.0000	0.0000	0.0000	0.0000	0.0000	0.0000	0.0000	0.0000	0.0000					
37	125	0.5201	10	1	2	0	0	0	0	0	0	N	Y	N	N	N	N	N	N	N	N	N	N	0.2382	0.8010	0.0000	1.0168	0.9153	0.0000	0.0000	0.0000	0.0000	0.0000	0.0000	0.0000	0.0000	0.0000	0.0000	0.0000	0.0000	0.0000	0.0000	0.0000	0.0000	0.0000	0.0000	0.0000	0.0000	0.0000	4.0002	-0.0000	0.0000	1.9903	8.6431	0.0021	1.4782	0.0000	0.0000	0.0000	0.0000	0.0000	0.0000	0.0000	0.0000	0.0000	0.0000	0.0000	0.0000	0.0000	0.0000	0.0000	0.0000	0.0000	0.0000	0.0765	0.0687	0.0077	0.0299	0.0285	0.0014	0.0466	0.0403	0.0063	0.0085	0.0052	0.0034	0.0029	0.0024	0.0004	0.0057	0.0027	0.0030	0.2382	0.8010	0.0000	1.0168	0.9153	0.0000	0.0000	0.0000	0.0000	0.0000	0.0000	0.0000	0.0000	0.0000	0.0000	0.0000	0.0000	0.0000		
37	126	0.5106	9	1	1	0	0	0	0	0	0	N	N	N	N	N	N	N	N	N	N	N	N	10.8241	21.1257	0.0000	46.4929	33.1943	0.2001	inf	0.0000	0.0000	0.0000	0.0000	0.0000	0.0000	0.0000	0.0000	0.0000	0.0000	0.0000	0.0000	0.0000	0.0000	0.0000	0.0000	0.0000	0.0000	0.0000	0.0000	2.0000	-0.0000	0.0000	1.9903	4.1618	0.0021	2.0491	0.0000	0.0000	0.0000	0.0000	0.0000	0.0000	0.0000	0.0000	0.0000	0.0000	0.0000	0.0000	0.0000	0.0000	0.0000	0.0000	0.0000	0.0000	0.0419	0.0376	0.0043	0.0155	0.0148	0.0007	0.0264	0.0228	0.0036	0.0080	0.0047	0.0033	0.0043	0.0029	0.0014	0.0037	0.0017	0.0020	10.8241	21.1257	0.0000	46.4929	33.1943	0.0000	0.2001	inf	0.0000	0.0000	0.0000	0.0000	0.0000	0.0000	0.0000	0.0000	0.0000	0.0000	
37	127	0.4814	8	1	1	0	0	0	0	0	0	N	N	N	N	N	N	N	N	N	N	N	N	37.2853	inf	0.0000	35.1558	inf	0.0000	0.0000	0.0000	0.0000	0.0000	0.0000	0.0000	0.0000	0.0000	0.0000	0.0000	0.0000	0.0000	0.0000	0.0000	0.0000	0.0000	0.0000	0.0000	0.0000	inf	-0.0000	0.0000	1.9903	9.4810	0.0021	7.4917	0.0000	0.0000	0.0000	0.0000	0.0000	0.0000	0.0000	0.0000	0.0000	0.0000	0.0000	0.0000	0.0000	0.0000	0.0000	0.0000	0.0000	0.0000	0.0733	0.0651	0.0082	0.0229	0.0215	0.0013	0.0505	0.0436	0.0069	0.0164	0.0107	0.0057	0.0057	0.0052	0.0006	0.0106	0.0055	0.0051	37.2853	inf	0.0000	0.0000	0.0000	0.0000	35.1558	inf	0.0000	0.0000	0.0000	0.0000	0.0000	0.0000	0.0000	0.0000	0.0000	0.0000			
38	40	0.3124	6	0	1	1	1	0	0	0	0	N	N	N	N	N	N	N	N	N	N	N	N	179.4516	1.0969	3518.2366	38.4837	3.4940	519.6973	442.6056	2.9686	5309.5501	0.3569	0.0027	3.2069	0.1222	0.0099	2.9854	0.4264	0.0003	3.2256	0.0020	0.0025	0.0009	0.0032	0.0028	0.0057	0.0010	0.0001	0.0006	147.5757	0.6629	0.6698	-0.0002	45.5232	12.6411	15.8903	7.4648	0.9485	0.0064	0.9421	0.0741	0.0058	0.0683	0.8744	0.0006	0.8738	0.0008	0.0005	0.0003	0.0006	0.0005	0.0001	0.0002	0.0000	0.0002	2.6575	2.3637	0.2938	0.6066	0.5837	0.0229	2.0509	1.7800	0.2709	0.8339	0.4779	0.3560	0.1939	0.1728	0.0211	0.6400	0.3050	0.3350	365.5941	2.6362	3518.2366	38.7976	3.4940	519.6973	1340.1420	927.9554	5309.5501	0.0010	0.0010	0.0009	0.0031	0.0028	0.0057	0.0003	0.0000	0.0006
38	41	0.6521	8	0	2	0	1	0	0	0	0	N	Y	N	N	N	N	N	N	N	N	N	N	195.8162	101.0441	59.7189	322.6983	280.9700	76.4402	8.1560	0.5151	60.2870	0.5853	0.6525	0.0055	1.4963	1.5950	0.0047	0.0014	0.0007	0.0058	0.0030	0.0065	0.0001	0.0046	0.0057	0.0001	0.0002	0.0014	0.0001	0.0010	0.0300	-0.6923	-0.0006	45.5232	22.0894	15.8903	9.3639	2.4193	2.4170	0.0024	2.4158	2.4153	0.0005	0.0035	0.0016	0.0019	0.0010	0.0010	0.0000	0.0010	0.0010	0.0000	0.0000	0.0000	0.0000	4.1336	3.7043	0.4293	1.6145	1.5143	0.1001	2.5191	2.1900	0.3292	0.8028	0.4754	0.3274	0.2472	0.2149	0.0322	0.5557	0.2605	0.2952	450.7397	306.4607	59.7189	366.8008	340.6539	76.4402	22.7771	33.1750	60.2870	0.0013	0.0021	0.0001	0.0041	0.0047	0.0001	0.0001	0.0000	0.0001
38	42	0.1506	2	0	2	0	1	0	0	0	0	N	Y	N	N	N	N	N	N	N	N	N	N	0.4404	0.4418	0.0746	0.2698	0.2981	0.0255	0.4090	0.3230	0.0796	0.6342	0.6790	0.3141	0.4320	0.4630	0.0061	0.6767	0.7278	0.3469	1.4400	1.5368	4.2110	1.6011	1.5534	0.2375	1.6543	2.2532	4.3569	0.0648	1.6089	-1.2449	-0.0334	45.5232	43.3975	15.8903	17.3745	5.5009	5.1664	0.3346	0.6510	0.6504	0.0006	4.8500	4.5160	0.3340	2.8675	1.0991	1.7684	0.1024	0.1018	0.0006	2.7651	0.9973	1.7678	8.6744	7.6093	1.0652	1.5070	1.4045	0.1024	7.1675	6.2048	0.9627	2.2614	1.1530	1.1084	0.2601	0.2551	0.0050	2.0013	0.8979	1.1034	0.5001	0.7123	0.1969	1.0974	1.1605	0.0517	0.4897	0.6553	0.2165	1.2680	0.9533	1.5955	0.3936	0.3990	0.1172	1.3817	1.1108	1.6021
38	43	0.5823	7	1	1	1	1	0	0	0	0	N	N	N	N	N	N	N	N	N	N	N	N	1582.8382	736.2575	4.3018	3.5256	3.2732	0.0086	376059.7327	241074.8815	5.3877	0.8583	0.9510	0.0000	0.0043	0.0046	0.0000	1.4546	1.6706	0.0000	0.0005	0.0013	0.0000	0.0012	0.0014	0.0000	0.0000	0.0000	0.0000	0.0000	0.0074	-0.8580	-0.0001	45.5232	18.2331	15.8903	4.4208	2.9883	2.9882	0.0000	0.0062	0.0062	0.0000	2.9820	2.9820	0.0000	0.0002	0.0002	0.0000	0.0002	0.0002	0.0000	0.0000	0.0000	0.0000	3.4817	3.1421	0.3396	1.4317	1.3571	0.0745	2.0501	1.7850	0.2650	0.5933	0.3456	0.2477	0.1852	0.1629	0.0223	0.4080	0.1826	0.2254	2213.4798	1439.2455	4.3018	3.5256	3.2732	0.0086	376059.7327	132658045.0726	5.3877	0.0004	0.0007	0.0000	0.0012	0.0014	0.0000	0.0000	0.0000	0.0000
38	44	0.6420	7	0	2	0	2	0	0	0	0	N	Y	N	Y	N	N	N	N	N	N	N	N	3.4760	1.0094	442.9946	2.7791	2.5094	3.3321	159.0275	147.0048	862.9018	0.3428	0.2800	0.9037	0.2436	0.2572	0.0259	0.4094	0.2965	1.1713	0.0986	0.2774	0.0020	0.0877	0.1025	0.0078	0.0026	0.0020	0.0014	0.3616	0.0800	-0.0841	-0.0129	45.5232	62.5878	15.8903	29.9840	3.9029	2.8664	1.0366	1.1143	1.1073	0.0069	2.7887	1.7591	1.0296	0.0233	0.0216	0.0017	0.0223	0.0216	0.0007	0.0011	0.0000	0.0010	11.3856	10.2386	1.1470	4.5732	4.3052	0.2680	6.8124	5.9334	0.8790	2.1352	1.2886	0.8466	0.6691	0.5791	0.0900	1.4661	0.7095	0.7566	31.3820	16.7043	442.9946	7.3224	6.9071	3.3321	566.0365	6319.4528	862.9018	0.0109	0.0168	0.0020	0.0333	0.0372	0.0078	0.0007	0.0000	0.0014
38	45	0.5823	7	1	1	1	1	0	0	0	0	N	N	N	N	N	N	N	N	N	N	N	N	1974.6308	938.4343	4.1434	712.4305	663.3868	0.0101	243856.2259	180012.8869	5.2434	1.1163	1.2353	0.0000	0.8923	0.9402	0.0000	1.2777	1.4670	0.0000	0.0006	0.0013	0.0000	0.0013	0.0014	0.0000	0.0000	0.0000	0.0000	0.0000	0.0098	-0.8606	-0.0001	45.5232	13.5293	15.8903	3.1702	2.9972	2.9971	0.0000	1.0032	1.0032	0.0000	1.9939	1.9939	0.0000	0.0002	0.0002	0.0000	0.0002	0.0002	0.0000	0.0000	0.0000	0.0000	2.6848	2.4263	0.2585	1.1243	1.0671	0.0572	1.5605	1.3592	0.2013	0.4505	0.2635	0.1871	0.1424	0.1258	0.0166	0.3081	0.1377	0.1704	2793.9458	1825.6897	4.1434	712.4305	663.3868	0.0101	243856.2259	80795903.5479	5.2434	0.0004	0.0007	0.0000	0.0013	0.0014	0.0000	0.0000	0.0000	0.0000
38	46	0.5778	6	1	1	1	1	0	0	0	0	N	N	N	N	N	N	N	N	N	N	N	N	9.6886	5.5894	3.8285	2.8047	2.5146	3.5590	46.0488	24.4051	4.4536	0.0676	0.0734	0.0038	0.0223	0.0232	0.0005	0.1070	0.1212	0.0047	0.0070	0.0131	0.0010	0.0080	0.0092	0.0001	0.0023	0.0050	0.0011	0.0047	0.1780	-0.0219	-0.0002	45.5232	4.1147	15.8903	1.2946	0.0774	0.0770	0.0004	0.0119	0.0119	0.0000	0.0655	0.0651	0.0003	0.0005	0.0004	0.0001	0.0004	0.0004	0.0000	0.0001	0.0000	0.0001	1.1446	1.0491	0.0955	0.5325	0.5114	0.0211	0.6121	0.5377	0.0744	0.1890	0.1150	0.0740	0.0670	0.0613	0.0057	0.1221	0.0537	0.0684	26.4960	20.6244	3.8285	3.7314	3.5612	3.5590	159.2341	652.8982	4.4536	0.0026	0.0036	0.0010	0.0060	0.0065	0.0001	0.0007	0.0002	0.0011
38	47	0.5152	5	1	1	0	1	0	0	0	0	N	N	N	N	N	N	N	N	N	N	N	N	1.0770	0.5155	6.1312	0.0670	0.0655	1.3966	1.7774	1.0562	8.3868	0.8689	0.4868	4.2634	0.0702	0.0702	0.0709	1.3162	0.7408	5.2032	0.8067	0.9442	0.6954	1.0483	1.0712	0.0508	0.7405	0.7014	0.6204	0.9859	0.4974	0.8192	-0.0527	45.5232	22.0103	15.8903	13.6452	3.9140	1.9710	1.9431	0.1135	0.1076	0.0059	3.8005	1.8634	1.9371	0.1781	0.1189	0.0591	0.1144	0.1127	0.0017	0.0636	0.0062	0.0574	4.5047	4.0490	0.4558	1.6172	1.5338	0.0835	2.8875	2.5152	0.3723	1.4794	0.9144	0.5650	0.5404	0.4964	0.0440	0.9390	0.4180	0.5210	7.2193	3.7434	40.7276	0.3314	0.3090	1.8069	19.4302	50.0420	47.2121	0.1204	0.1300	0.1047	0.2118	0.2271	0.0392	0.0677	0.0148	0.1102
38	48	0.3124	6	0	2	0	1	0	0	0	0	N	Y	N	N	N	N	N	N	N	N	N	N	13.1997	1.8192	44814.5985	15.8461	4.2938	548581.8843	4455.8794	872.7336	24528.4732	1.3235	0.5944	7.1903	2.3725	0.7373	44.1512	1.0128	0.5475	4.0695	0.1003	0.3267	0.0002	0.1497	0.1717	0.0001	0.0002	0.0006	0.0002	1.5034	0.0061	1.0959	-0.0049	45.5232	12.3962	15.8903	3.7178	3.4966	1.3967	2.0999	1.4323	0.4283	1.0039	2.0643	0.9684	1.0959	0.0079	0.0079	0.0000	0.0079	0.0079	0.0000	0.0000	0.0000	0.0000	2.6419	2.3498	0.2920	0.6037	0.5809	0.0227	2.0382	1.7689	0.2693	0.7200	0.4198	0.3002	0.1796	0.1604	0.0192	0.5404	0.2595	0.2810	119.9318	31.5965	44814.5985	53.9443	14.9745	548581.8843	11491.0080	139884.6941	24528.4732	0.0110	0.0188	0.0002	0.0440	0.0492	0.0001	0.0001	0.0000	0.0002
38	49	0.2835	5	0	1	0	1	0	0	0	0	N	N	N	N	N	N	N	N	N	N	N	N	11.8660	0.1366	1460.7106	0.7626	0.6798	12.4099	110.9855	0.6139	1903.4650	0.2991	0.0141	2.4859	0.0352	0.0363	0.0222	0.4255	0.0028	3.2278	0.0252	0.1030	0.0017	0.0461	0.0535	0.0018	0.0038	0.0046	0.0017	23.0171	0.1309	0.7688	-0.0031	45.5232	14.4870	15.8903	5.8627	1.1454	0.0477	1.0977	0.0436	0.0414	0.0023	1.1017	0.0063	1.0954	0.0060	0.0053	0.0007	0.0053	0.0052	0.0000	0.0007	0.0001	0.0006	3.8297	3.3881	0.4416	1.2402	1.1380	0.1022	2.5895	2.2501	0.3394	0.9491	0.5422	0.4069	0.2455	0.2198	0.0257	0.7036	0.3224	0.3812	47.4444	1.4426	1460.7106	1.6352	1.5259	12.4099	427.6398	16.9198	1903.4650	0.0063	0.0098	0.0017	0.0215	0.0238	0.0018	0.0010	0.0002	0.0017
38	50	0.3519	8	1	2	1	1	0	0	0	0	N	Y	N	N	N	N	N	N	N	N	N	N	0.6024	7078.4240	0.0000	10710.0051	10046.5482	inf	0.0000	inf	0.0000	5.0514	5.6723	0.0000	18.5818	19.5167	0.0000	0.0001	0.0001	0.0000	8.3860	0.0008	27.3385	0.0017	0.0019	0.0000	9.8181	0.0000	29.8815	0.0000	33130.9484	-0.2787	0.3692	45.5232	0.9856	15.8903	2.8295	0.9705	0.9705	0.0000	0.9705	0.9705	0.0000	0.0000	0.0000	0.0000	0.9936	0.0000	0.9935	0.0000	0.0000	0.0000	0.9935	0.0000	0.9935	0.1921	0.1711	0.0210	0.0522	0.0497	0.0025	0.1399	0.1214	0.0185	0.1185	0.0635	0.0550	0.0173	0.0154	0.0018	0.1012	0.0481	0.0531	0.6024	12016.4918	0.0000	10710.0051	10046.5482	inf	0.0000	inf	0.0000	8.3860	0.0005	18.0805	0.0017	0.0019	0.0000	9.8181	0.0000	18.7095
38	51	0.6220	8	1	2	0	1	0	0	0	0	N	Y	N	N	N	N	N	N	N	N	N	N	0.3317	0.6084	0.0148	1.3818	1.2724	0.0033	0.1073	3.2127	0.0241	0.0031	0.0034	0.0001	0.0047	0.0051	0.0000	0.0016	0.0019	0.0002	0.0093	0.0056	0.0073	0.0034	0.0040	0.0006	0.0153	0.0006	0.0065	0.0036	1.6666	-0.0028	-0.0000	45.5232	13.3057	15.8903	8.6321	0.0098	0.0097	0.0000	0.0070	0.0070	0.0000	0.0028	0.0028	0.0000	0.0020	0.0008	0.0013	0.0008	0.0008	0.0000	0.0013	0.0000	0.0013	3.1808	2.8510	0.3297	1.4701	1.3658	0.1042	1.7107	1.4852	0.2255	0.6596	0.4015	0.2582	0.2341	0.2109	0.0232	0.4256	0.1906	0.2350	0.9898	1.7856	0.0216	1.4185	1.4012	0.0033	0.5520	550.3122	0.0290	0.0031	0.0019	0.0050	0.0033	0.0036	0.0006	0.0030	0.0000	0.0054
38	52	0.4145	8	0	2	0	2	0	0	0	0	N	Y	N	Y	N	N	N	N	N	N	N	N	269.6545	1.8306	112102.7433	3.9782	3.8836	1.6583	12155.8231	0.0928	181905.3167	0.2978	0.0047	2.8847	0.0114	0.0120	0.0003	0.4616	0.0001	3.6228	0.0011	0.0026	0.0000	0.0029	0.0031	0.0002	0.0000	0.0013	0.0000	69.9473	0.0173	0.0954	-0.0000	45.5232	2.1073	15.8903	0.0711	0.1365	0.0019	0.1346	0.0019	0.0019	0.0000	0.1346	0.0000	0.1346	0.0000	0.0000	0.0000	0.0000	0.0000	0.0000	0.0000	0.0000	0.0000	0.4583	0.4117	0.0467	0.1667	0.1572	0.0095	0.2916	0.2545	0.0371	0.0679	0.0395	0.0284	0.0147	0.0136	0.0011	0.0532	0.0259	0.0273	469.8274	4.3662	112102.7433	3.9782	3.9167	1.6583	24349.7316	6.5658	181905.3167	0.0006	0.0011	0.0000	0.0029	0.0031	0.0002	0.0000	0.0000	0.0000
38	53	0.3521	7	0	1	0	2	0	0	0	0	N	N	N	Y	N	N	N	N	N	N	N	N	213.9515	82.2801	4438.6951	38.2232	41.8618	0.0333	3235.5211	241.9746	20804.6338	0.6800	0.5271	2.0298	0.6663	0.7096	0.0004	0.6875	0.4206	2.5745	0.0032	0.0064	0.0005	0.0174	0.0170	0.0123	0.0002	0.0017	0.0001	0.4363	0.1872	0.0474	-0.0005	45.5232	21.8329	15.8903	8.0592	2.8486	1.9832	0.8654	0.9838	0.9838	0.0000	1.8647	0.9994	0.8653	0.0010	0.0009	0.0002	0.0010	0.0008	0.0001	0.0001	0.0000	0.0000	4.1892	3.7628	0.4263	1.4767	1.3864	0.0902	2.7125	2.3764	0.3361	0.7531	0.4033	0.3497	0.0902	0.0806	0.0096	0.6629	0.3227	0.3402	504.8391	248.8028	4438.6951	62.5367	67.8572	0.0333	8552.1397	12129.3200	20804.6338	0.0013	0.0021	0.0005	0.0107	0.0105	0.0123	0.0001	0.0000	0.0001
38	54	0.7344	10	0	2	0	2	0	0	0	0	N	Y	N	Y	N	N	N	N	N	N	N	N	0.0000	0.0000	0.0000	0.0000	0.0000	0.0000	0.0000	0.0000	0.0000	0.0000	0.0000	0.0000	0.0000	0.0000	0.0000	0.0000	0.0000	0.0000	0.0000	0.0000	45.5232	0.0000	15.8903	0.0000	0.0000	0.0000	0.0000	0.0000	0.0000	0.0000	0.0000	0.0000	0.0000	0.0000	0.0000	0.0000	0.0000	0.0000	0.0000	0.0000	0.0000	0.0000	0.0000	0.0000	0.0000	0.0000	0.0000	0.0000	0.0000	0.0000	0.0000	0.0000	0.0000	0.0000	0.0000	0.0000	0.0000	0.0000	0.0000	0.0000	0.0000	0.0000	0.0000	0.0000	0.0000	0.0000	0.0000	0.0000	0.0000	0.0000	0.0000	0.0000	0.0000	0.0000	0.0000	0.0000	0.0000	0.0000											
38	55	0.3521	7	0	1	0	2	0	0	0	0	N	N	N	Y	N	N	N	N	N	N	N	N	3.1644	0.1386	419.9182	0.0853	0.0845	0.1271	42.5753	0.2898	630.6341	0.0064	0.0006	0.0596	0.0004	0.0004	0.0001	0.0110	0.0007	0.0848	0.0020	0.0041	0.0001	0.0047	0.0050	0.0004	0.0003	0.0024	0.0001	11.4030	0.0608	0.0014	-0.0000	45.5232	1.2825	15.8903	0.1503	0.0022	0.0002	0.0020	0.0001	0.0001	0.0000	0.0021	0.0001	0.0020	0.0000	0.0000	0.0000	0.0000	0.0000	0.0000	0.0000	0.0000	0.0000	0.3455	0.3114	0.0341	0.1499	0.1397	0.0101	0.1956	0.1716	0.0240	0.0506	0.0304	0.0202	0.0112	0.0107	0.0005	0.0394	0.0197	0.0197	6.4711	0.3690	419.9182	0.0971	0.0987	0.1271	111.1012	10.8873	630.6341	0.0010	0.0015	0.0001	0.0041	0.0043	0.0004	0.0001	0.0001	0.0001
38	56	0.3111	6	0	1	0	2	0	0	0	0	N	N	N	Y	N	N	N	N	N	N	N	N	0.7068	0.4431	30.6353	0.1122	0.1119	0.2687	55.1326	1.8449	48.3044	0.1968	0.2187	0.0059	0.0433	0.0464	0.0002	0.2954	0.3371	0.0078	0.2784	0.4937	0.0002	0.3857	0.4142	0.0008	0.0054	0.1827	0.0002	0.0031	0.0041	-0.2035	-0.0097	45.5232	14.8542	15.8903	6.8183	0.7165	0.7143	0.0022	0.0617	0.0616	0.0000	0.6549	0.6527	0.0022	0.0156	0.0155	0.0001	0.0148	0.0148	0.0000	0.0008	0.0008	0.0001	3.6416	3.2659	0.3757	1.4248	1.3295	0.0953	2.2169	1.9364	0.2805	0.8135	0.4819	0.3315	0.1906	0.1741	0.0165	0.6229	0.3078	0.3150	10.2529	6.7799	30.6353	0.5582	0.5468	0.2687	220.4502	132.3696	48.3044	0.0192	0.0323	0.0002	0.0775	0.0848	0.0008	0.0013	0.0025	0.0002
38	57	0.2362	5	0	1	0	2	0	0	0	0	N	N	N	Y	N	N	N	N	N	N	N	N	3.3767	5.0659	22.7071	3.7571	4.1044	0.2657	4.8142	25.5190	33.1856	0.8036	0.7590	1.1766	0.6115	0.6563	0.0019	0.8964	0.8118	1.4859	0.2380	0.1498	0.0518	0.1628	0.1599	0.0072	0.1862	0.0318	0.0448	0.1856	1.7785	-0.8245	0.0003	45.5232	33.5853	15.8903	9.3450	6.3137	5.3254	0.9883	1.5646	1.5642	0.0003	4.7491	3.7611	0.9880	0.0245	0.0088	0.0157	0.0083	0.0083	0.0001	0.0162	0.0005	0.0156	7.8566	7.0166	0.8400	2.5585	2.3834	0.1751	5.2981	4.6332	0.6649	1.4231	0.7540	0.6690	0.1818	0.1735	0.0082	1.2413	0.5805	0.6608	46.6534	64.8701	50.1677	13.3367	13.7645	0.2657	68.7755	861.1717	62.8153	0.0172	0.0117	0.0235	0.0459	0.0477	0.0072	0.0130	0.0009	0.0237
38	58	0.2154	4	0	1	0	1	0	0	0	0	N	N	N	N	N	N	N	N	N	N	N	N	19.5137	14.9647	59.5860	3.9595	3.5743	16.2064	28.5738	20.5640	85.8689	0.3994	0.3843	0.5151	0.1130	0.1089	0.1720	0.5257	0.5159	0.5866	0.0205	0.0257	0.0086	0.0285	0.0305	0.0106	0.0184	0.0251	0.0068	0.1752	0.9249	-0.2303	-0.0006	45.5232	15.2419	15.8903	2.5705	1.6683	1.4196	0.2487	0.1444	0.1301	0.0143	1.5239	1.2895	0.2344	0.0041	0.0021	0.0020	0.0020	0.0019	0.0001	0.0021	0.0002	0.0019	4.1767	3.6939	0.4828	1.2777	1.1945	0.0832	2.8990	2.4994	0.3996	0.7416	0.3907	0.3509	0.1285	0.1225	0.0060	0.6130	0.2682	0.3448	72.3147	70.5631	91.8347	7.3698	6.9955	16.2064	151.6261	625.5436	106.2309	0.0055	0.0054	0.0056	0.0153	0.0156	0.0106	0.0035	0.0008	0.0055
38	59	0.7344	10	0	1	0	2	0	0	0	0	N	N	N	Y	N	N	N	N	N	N	N	N	inf	inf	inf	inf	0.8056	0.8962	0.0000	0.0000	0.0000	0.0000	1.4364	1.7008	0.0000	0.0000	0.0000	0.0000	0.0000	0.0000	0.0000	0.0000	0.0000	0.0000	0.0000	-0.0000	0.0000	45.5232	0.0000	15.8903	0.0000	0.0000	0.0000	0.0000	0.0000	0.0000	0.0000	0.0000	0.0000	0.0000	0.0000	0.0000	0.0000	0.0000	0.0000	0.0000	0.0000	0.0000	0.0000	0.0000	0.0000	0.0000	0.0000	0.0000	0.0000	0.0000	0.0000	0.0000	0.0000	0.0000	0.0000	0.0000	0.0000	0.0000	0.0000	0.0000	0.0000	inf	inf	0.0000	0.0000	0.0000	0.0000	inf	inf	0.0000	0.0000	0.0000	0.0000	0.0000	0.0000	0.0000	0.0000	0.0000	0.0000						
38	60	0.6570	9	0	1	0	2	0	0	0	0	N	N	N	Y	N	N	N	N	N	N	N	N	230.2591	95.4553	4264.9865	52.3079	53.8039	3.4927	940.6154	52.6221	14281.6898	0.7332	0.4750	3.0998	0.1803	0.1894	0.0128	1.0539	0.6548	3.8272	0.0032	0.0050	0.0007	0.0034	0.0035	0.0037	0.0011	0.0124	0.0003	0.7123	0.2665	0.3097	-0.0004	45.5232	19.3360	15.8903	7.9957	2.4033	1.4035	0.9998	0.2170	0.2162	0.0008	2.1863	1.1874	0.9990	0.0009	0.0007	0.0002	0.0008	0.0006	0.0001	0.0002	0.0001	0.0001	3.2776	2.9551	0.3225	1.2031	1.1416	0.0615	2.0745	1.8134	0.2610	0.6848	0.4174	0.2673	0.2246	0.1887	0.0360	0.4601	0.2288	0.2313	543.8204	271.9756	4264.9865	53.7906	57.5462	3.4927	2850.0346	1384.9815	14281.6898	0.0013	0.0017	0.0007	0.0034	0.0033	0.0037	0.0004	0.0005	0.0003
38	61	0.3470	7	0	2	1	1	0	0	0	0	N	Y	N	N	N	N	N	N	N	N	N	N	31.6584	6.2789	16.8998	16.6793	16.1122	0.2269	18460.8609	5556.3353	179.9933	1.0971	1.2278	0.0046	2.3113	2.4353	0.0017	0.5578	0.6417	0.0050	0.0347	0.1955	0.0003	0.1386	0.1511	0.0075	0.0000	0.0001	0.0000	0.0004	0.0174	-0.8342	-0.0034	45.5232	14.2360	15.8903	11.9336	2.9097	2.9084	0.0013	1.8852	1.8851	0.0001	1.0245	1.0233	0.0012	0.0056	0.0055	0.0001	0.0056	0.0055	0.0001	0.0000	0.0000	0.0000	2.6522	2.3688	0.2835	0.8157	0.7741	0.0416	1.8366	1.5947	0.2419	0.7758	0.4179	0.3579	0.1314	0.1198	0.0116	0.6444	0.2982	0.3463	151.2374	92.7699	16.8998	54.0635	52.7392	0.2269	36612.7931	1739252.9188	179.9933	0.0073	0.0132	0.0003	0.0428	0.0462	0.0075	0.0000	0.0000	0.0000
38	62	0.2748	7	1	1	1	1	0	0	0	0	N	N	N	N	N	N	N	N	N	N	N	N	26.2396	8.8443	33.9258	0.2541	0.2634	0.7480	10667.2091	3013.3532	872.2158	0.4059	0.4511	0.0400	0.0200	0.0188	0.0417	0.5352	0.6089	0.0398	0.0155	0.0510	0.0012	0.0787	0.0714	0.0558	0.0001	0.0002	0.0000	0.0110	0.1317	-0.5811	-0.0031	45.5232	28.8660	15.8903	13.2209	2.1031	2.0803	0.0228	0.0260	0.0232	0.0028	2.0771	2.0571	0.0200	0.0060	0.0053	0.0007	0.0060	0.0053	0.0007	0.0000	0.0000	0.0000	5.1819	4.6117	0.5702	1.3013	1.2332	0.0681	3.8806	3.3785	0.5021	1.2892	0.6981	0.5911	0.1926	0.1769	0.0157	1.0966	0.5211	0.5754	87.3377	59.4861	33.9258	0.6458	0.6283	0.9739	22064.7271	894561.4960	872.2158	0.0046	0.0076	0.0012	0.0310	0.0299	0.0428	0.0000	0.0000	0.0000
38	63	0.2721	6	1	2	0	1	0	0	0	0	N	Y	N	N	N	N	N	N	N	N	N	N	36.1457	0.0253	15340.0948	0.0437	0.0332	4.8222	46.1187	0.0081	17493.8222	1.0171	0.0038	8.9300	0.0013	0.0012	0.0040	1.2948	0.0046	10.0461	0.0281	0.1519	0.0006	0.0304	0.0349	0.0008	0.0281	0.5729	0.0006	297.8425	0.0414	0.7121	-0.0019	45.5232	5.0237	15.8903	8.0282	1.0036	0.0034	1.0002	0.0003	0.0002	0.0001	1.0033	0.0031	1.0002	0.0032	0.0031	0.0001	0.0015	0.0015	0.0000	0.0018	0.0016	0.0001	0.9867	0.8747	0.1120	0.2118	0.1994	0.0124	0.7748	0.6753	0.0996	0.4850	0.2642	0.2208	0.0922	0.0857	0.0066	0.3927	0.1785	0.2142	152.4651	0.3265	15340.0948	0.0828	0.0674	4.8222	289.7149	0.5065	17493.8222	0.0067	0.0118	0.0006	0.0160	0.0172	0.0008	0.0045	0.0091	0.0006
38	64	0.2091	5	1	2	0	1	0	0	0	0	N	Y	N	N	N	N	N	N	N	N	N	N	0.4668	0.2030	4935.1577	0.0687	0.0676	2.0723	0.5414	0.1860	7952.3311	0.5747	0.3619	2.2504	0.0162	0.0162	0.0157	0.7816	0.4982	2.7120	1.2312	1.7824	0.0005	0.2353	0.2394	0.0076	1.4436	2.6793	0.0003	0.7898	0.0003	0.3481	-0.6915	45.5232	17.5893	15.8903	19.0270	2.2586	1.2620	0.9967	0.0172	0.0160	0.0012	2.2415	1.2460	0.9955	1.1010	1.1007	0.0003	0.0096	0.0096	0.0001	1.0914	1.0912	0.0002	3.9302	3.4873	0.4429	1.0623	0.9865	0.0758	2.8679	2.5009	0.3671	1.2939	0.6766	0.6172	0.1728	0.1630	0.0098	1.1211	0.5136	0.6074	0.6753	0.2224	4935.1577	0.2898	0.2761	2.0723	0.8028	0.2345	7952.3311	0.8509	1.6268	0.0005	0.0557	0.0586	0.0076	0.9735	2.1245	0.0003
38	65	0.2028	4	0	2	0	1	0	0	0	0	N	Y	N	N	N	N	N	N	N	N	N	N	0.1800	0.2184	0.2420	0.1954	0.2093	0.1999	0.2041	0.1502	0.2779	0.0748	0.0804	0.0295	0.0193	0.0179	0.0526	0.0905	0.0999	0.0274	0.4153	0.3681	0.1217	0.0988	0.0853	0.2634	0.4434	0.6654	0.0985	0.0454	1.2623	-0.0075	-0.0006	45.5232	1.7566	15.8903	2.8742	0.0307	0.0294	0.0013	0.0018	0.0016	0.0002	0.0290	0.0278	0.0011	0.0081	0.0036	0.0045	0.0025	0.0024	0.0002	0.0055	0.0012	0.0043	0.4108	0.3654	0.0453	0.0908	0.0870	0.0038	0.3200	0.2784	0.0416	0.2749	0.1623	0.1125	0.0719	0.0703	0.0016	0.2030	0.0920	0.1109	2.5479	3.6603	0.7363	0.5445	0.5346	0.4187	3.3296	7.5667	0.7056	0.0293	0.0220	0.0400	0.0355	0.0334	0.1257	0.0272	0.0132	0.0388
38	66	0.3470	7	0	2	0	1	0	0	0	0	N	Y	N	N	N	N	N	N	N	N	N	N	2.8004	1.5891	944.6937	1.2392	1.2050	44.0713	429.0590	617.1017	1512.7393	0.9649	0.8760	1.7108	0.9071	0.9108	0.8394	0.9900	0.8594	1.8620	0.3445	0.5513	0.0018	0.7320	0.7559	0.0190	0.0023	0.0014	0.0012	0.2327	0.0375	-0.3634	-0.0125	45.5232	21.1811	15.8903	10.1862	3.6929	2.9959	0.6970	1.0547	1.0041	0.0506	2.6382	1.9918	0.6464	0.0212	0.0204	0.0008	0.0207	0.0204	0.0003	0.0005	0.0000	0.0005	3.8274	3.4200	0.4074	1.1627	1.1024	0.0602	2.6647	2.3176	0.3472	0.9158	0.4931	0.4227	0.1535	0.1398	0.0138	0.7623	0.3534	0.4089	41.7190	21.1607	944.6937	6.7376	6.2378	44.0713	1477.7067	40888.1264	1512.7393	0.0231	0.0414	0.0018	0.1346	0.1460	0.0190	0.0007	0.0000	0.0012
38	67	0.3332	6	0	2	0	1	0	0	0	0	N	Y	N	N	N	N	N	N	N	N	N	N	0.5416	0.8408	0.1206	1.4110	1.2370	2.8831	0.2456	0.1034	0.1537	0.0101	0.0111	0.0014	0.0165	0.0173	0.0009	0.0075	0.0083	0.0015	0.0187	0.0132	0.0119	0.0117	0.0140	0.0003	0.0304	0.0806	0.0099	0.0150	1.7379	-0.0040	0.0000	45.5232	7.4253	15.8903	0.9851	0.0148	0.0145	0.0002	0.0071	0.0070	0.0000	0.0077	0.0075	0.0002	0.0013	0.0005	0.0009	0.0003	0.0003	0.0000	0.0010	0.0002	0.0009	1.4576	1.3049	0.1527	0.4269	0.4066	0.0203	1.0307	0.8983	0.1324	0.2575	0.1374	0.1201	0.0406	0.0367	0.0038	0.2169	0.1007	0.1162	1.9414	3.1215	0.2019	2.0565	1.9573	2.8831	1.5928	5.0864	0.2071	0.0052	0.0036	0.0071	0.0080	0.0089	0.0003	0.0047	0.0016	0.0073
38	68	0.2835	5	0	1	1	1	0	0	0	0	N	N	N	N	N	N	N	N	N	N	N	N	0.7516	0.4443	24032.0181	63.4610	58.3190	1.4215	0.6770	0.2739	32718.7438	0.9884	0.8295	2.2096	0.7152	0.7789	0.0002	1.1173	0.8548	2.8614	1.3152	1.8672	0.0001	0.0113	0.0134	0.0002	1.6503	3.1212	0.0001	0.3466	0.0000	-0.1156	-0.6242	45.5232	15.0354	15.8903	6.2061	3.8825	2.8832	0.9992	0.9004	0.9004	0.0000	2.9821	1.9829	0.9992	0.9934	0.9934	0.0000	0.0019	0.0019	0.0000	0.9915	0.9914	0.0000	3.9279	3.4757	0.4522	1.2589	1.1559	0.1030	2.6690	2.3198	0.3492	0.9761	0.5561	0.4200	0.2486	0.2226	0.0260	0.7275	0.3335	0.3940	0.9712	0.4644	24032.0181	92.3202	90.2065	1.4215	0.8198	0.2875	32718.7438	1.0177	1.7864	0.0001	0.0077	0.0086	0.0002	1.3629	2.9729	0.0001
38	69	0.2154	4	0	1	0	1	0	0	0	0	N	N	N	N	N	N	N	N	N	N	N	N	3.2629	0.1412	564.8954	2.3784	0.9613	361.1197	4.7497	0.0182	502.5762	0.1737	0.0332	1.2718	0.2347	0.0979	2.3878	0.1531	0.0095	1.1007	0.0532	0.2349	0.0023	0.0987	0.1019	0.0066	0.0322	0.5223	0.0022	4.9070	0.1405	0.5963	-0.0064	45.5232	27.6811	15.8903	13.1592	1.0970	0.1857	0.9113	0.3742	0.1468	0.2274	0.7227	0.0389	0.6839	0.0126	0.0111	0.0016	0.0065	0.0065	0.0001	0.0061	0.0046	0.0015	6.3153	5.5988	0.7165	1.5947	1.4995	0.0952	4.7206	4.0993	0.6213	1.4351	0.7442	0.6908	0.1844	0.1749	0.0096	1.2507	0.5694	0.6813	19.7444	2.2300	564.8954	6.6296	2.6482	361.1197	31.4067	1.1732	502.5762	0.0088	0.0149	0.0023	0.0354	0.0370	0.0066	0.0049	0.0081	0.0022
38	70	0.1806	3	0	1	0	1	0	0	0	0	N	N	N	N	N	N	N	N	N	N	N	N	1.3976	1.2385	10.6161	1.1766	1.6034	0.0295	1.6601	68.9569	17.8245	0.6847	0.3478	2.9837	0.2576	0.2811	0.0126	0.8695	0.3785	3.7588	0.4899	0.2808	0.2811	0.2189	0.1753	0.4276	0.5237	0.0055	0.2109	1.2574	3.2029	0.9877	0.0056	45.5232	19.6565	15.8903	4.0504	3.6598	1.6213	2.0385	0.4158	0.4140	0.0018	3.2440	1.2072	2.0367	0.0422	0.0100	0.0321	0.0109	0.0100	0.0010	0.0313	0.0001	0.0312	5.3452	4.6620	0.6832	1.6142	1.4728	0.1414	3.7310	3.1891	0.5419	1.1130	0.5954	0.5176	0.2052	0.1996	0.0056	0.9078	0.3958	0.5120	18.0683	20.6340	48.0477	4.8488	5.6393	0.0745	25.2380	1759.6593	61.7003	0.0379	0.0169	0.0621	0.0531	0.0498	0.1692	0.0345	0.0002	0.0609
38	71	0.3363	7	1	2	0	1	0	0	0	0	N	Y	N	N	N	N	N	N	N	N	N	N	326.8645	144.3094	8.7063	266.4243	252.3591	1.8282	0.0039	0.0001	0.1801	0.3052	0.3411	0.0005	1.0013	1.0576	0.0035	0.0000	0.0000	0.0000	0.0009	0.0024	0.0001	0.0038	0.0042	0.0019	0.0000	0.0018	0.0000	0.0002	0.0537	-0.2873	-0.0002	45.5232	17.5448	15.8903	6.0013	1.0011	1.0009	0.0002	1.0011	1.0009	0.0002	0.0000	0.0000	0.0000	0.0004	0.0004	0.0000	0.0004	0.0004	0.0000	0.0000	0.0000	0.0000	3.2804	2.9340	0.3464	0.9998	0.9464	0.0534	2.2806	1.9876	0.2930	0.6961	0.3730	0.3231	0.1096	0.0992	0.0104	0.5865	0.2737	0.3127	536.2263	338.4150	8.7063	284.3698	286.7759	1.8282	0.0079	0.0040	0.1801	0.0006	0.0010	0.0001	0.0035	0.0037	0.0019	0.0000	0.0000	0.0000
38	72	0.4048	10	1	2	1	1	0	0	0	0	N	Y	N	N	N	N	N	N	N	N	N	N	776.0813	452.4173	0.0000	1434.4455	1402.2947	0.0000	0.0000	0.0000	2.2639	2.5385	0.0000	6.0925	6.4374	0.0000	0.0000	0.0000	0.0000	0.0029	0.0056	0.0000	0.0042	0.0046	0.0000	0.0000	0.0000	0.0000	0.0000	0.0005	-0.2530	-0.0002	45.5232	1.8980	15.8903	2.9698	0.8810	0.8810	0.0000	0.8810	0.8810	0.0000	0.0000	0.0000	0.0000	0.0002	0.0002	0.0000	0.0002	0.0002	0.0000	0.0000	0.0000	0.0000	0.3891	0.3470	0.0421	0.1446	0.1369	0.0077	0.2445	0.2102	0.0343	0.1943	0.1291	0.0652	0.0637	0.0610	0.0026	0.1306	0.0680	0.0626	1785.6891	1330.6192	0.0000	1575.5688	1595.5278	0.0000	0.0000	0.0000	0.0000	0.0013	0.0019	0.0000	0.0039	0.0040	0.0000	0.0000	0.0000	0.0000	
38	73	0.3852	9	1	1	1	1	0	0	0	0	N	N	N	N	N	N	N	N	N	N	N	N	0.5195	0.6316	7.2187	3.0047	2.9455	0.0017	0.4662	0.4224	11.6298	0.1749	0.1097	0.8281	0.1972	0.2110	0.0000	0.1552	0.0151	1.2500	0.3367	0.1737	0.1147	0.0656	0.0716	0.0011	0.3328	0.0357	0.1075	0.7537	1.9231	0.0346	0.0002	45.5232	3.5853	15.8903	4.3819	0.2423	0.1382	0.1041	0.1283	0.1283	0.0000	0.1139	0.0098	0.1041	0.0065	0.0022	0.0043	0.0021	0.0021	0.0000	0.0044	0.0001	0.0043	1.3851	1.2594	0.1257	0.6508	0.6084	0.0424	0.7343	0.6510	0.0833	0.2881	0.1788	0.1093	0.0741	0.0699	0.0042	0.2139	0.1088	0.1051	7.7591	8.8264	21.1870	6.9041	6.9821	0.0017	7.5846	15.0648	30.7861	0.0225	0.0124	0.0391	0.0286	0.0302	0.0011	0.0205	0.0010	0.0406
38	74	0.3537	8	1	1	1	1	0	0	0	0	N	N	N	N	N	N	N	N	N	N	N	N	0.6862	156.6125	0.5705	4.4052	5.9212	0.6743	0.7927	46.7815	0.6377	1.0065	0.7132	3.5688	0.0227	0.0234	0.0098	1.4636	1.0612	4.2436	1.4668	0.0046	6.2556	0.0051	0.0039	0.0146	1.8464	0.0227	6.6546	0.5728	1382.7592	0.1865	0.3204	45.5232	12.3589	15.8903	7.3592	2.4206	1.5391	0.8816	0.0173	0.0169	0.0004	2.4034	1.5222	0.8812	0.8638	0.0006	0.8632	0.0006	0.0004	0.0001	0.8633	0.0002	0.8631	2.4049	2.1579	0.2470	0.7628	0.7234	0.0394	1.6421	1.4344	0.2076	0.6517	0.3753	0.2764	0.1308	0.1212	0.0096	0.5209	0.2541	0.2668	0.7594	428.8123	1.1427	5.1684	6.5340	0.6743	0.8832	1410.9723	1.3117	1.3255	0.0017	3.1231	0.0044	0.0036	0.0146	1.6573	0.0008	3.2352
38	75	0.3363	7	1	1	1	1	0	0	0	0	N	N	N	N	N	N	N	N	N	N	N	N	1.8010	292.5938	0.0160	590.6882	567.4564	0.5562	0.0839	8.5394	0.0213	0.5124	0.5721	0.0020	1.5260	1.6139	0.0000	0.0315	0.0358	0.0024	0.2845	0.0020	0.1275	0.0026	0.0028	0.0001	0.3753	0.0042	0.1147	0.0004	40.7631	-0.2965	0.0023	45.5232	10.2127	15.8903	1.0234	1.0340	1.0336	0.0004	0.9909	0.9909	0.0000	0.0431	0.0427	0.0004	0.0067	0.0002	0.0065	0.0001	0.0001	0.0000	0.0065	0.0000	0.0065	2.0181	1.8065	0.2117	0.6493	0.6140	0.0354	1.3688	1.1925	0.1763	0.3414	0.1828	0.1586	0.0541	0.0490	0.0051	0.2873	0.1338	0.1535	26.3005	656.8551	0.0498	590.6882	567.4564	0.5562	1.3890	242.1750	0.0576	0.0195	0.0009	0.0409	0.0026	0.0028	0.0001	0.0227	0.0001	0.0423
38	76	0.3332	6	1	1	0	1	0	0	0	0	N	N	N	N	N	N	N	N	N	N	N	N	11.5475	372.0552	0.1178	299.2009	303.6406	19.0610	0.0592	2.3319	0.0100	0.0027	0.0030	0.0001	0.0088	0.0092	0.0004	0.0000	0.0001	0.0000	0.0002	0.0000	0.0005	0.0000	0.0000	0.0000	0.0008	0.0000	0.0005	0.0022	52.6931	-0.0006	0.0000	45.5232	3.7027	15.8903	0.0091	0.0021	0.0021	0.0000	0.0021	0.0021	0.0000	0.0000	0.0000	0.0000	0.0000	0.0000	0.0000	0.0000	0.0000	0.0000	0.0000	0.0000	0.0000	0.7834	0.7039	0.0795	0.2401	0.2298	0.0103	0.5433	0.4741	0.0692	0.1148	0.0612	0.0536	0.0181	0.0164	0.0017	0.0967	0.0448	0.0519	11.6973	372.0552	0.1178	299.2009	303.6406	19.0610	0.1698	864.0200	0.0100	0.0002	0.0000	0.0005	0.0000	0.0000	0.0000	0.0003	0.0000	0.0005
38	77	0.3162	5	0	1	0	1	0	0	0	0	N	N	N	N	N	N	N	N	N	N	N	N	45.1326	0.0414	112444.9264	9.1917	0.1871	4982.3315	17203.3879	0.0011	248282.9994	1.2827	0.0059	11.1360	0.5751	0.0133	6.3579	1.8246	0.0000	13.5407	0.0284	0.1433	0.0001	0.0626	0.0710	0.0013	0.0001	0.0015	0.0001	243.1671	0.0062	0.9503	-0.0018	45.5232	3.8334	15.8903	6.1787	1.3408	0.0055	1.3353	0.2607	0.0055	0.2552	1.0801	0.0000	1.0801	0.0028	0.0028	0.0000	0.0028	0.0028	0.0000	0.0000	0.0000	0.0000	1.0453	0.9254	0.1199	0.4533	0.4132	0.0401	0.5919	0.5122	0.0798	0.4178	0.2417	0.1760	0.1005	0.0941	0.0064	0.3172	0.1476	0.1696	190.3226	0.5126	112444.9264	20.6285	0.4475	4982.3315	44246.0399	0.0625	248282.9994	0.0067	0.0116	0.0001	0.0279	0.0297	0.0013	0.0000	0.0000	0.0001
38	78	0.2771	4	0	1	0	1	0	0	0	0	N	N	N	N	N	N	N	N	N	N	N	N	2.4284	0.1836	2123.5946	0.6010	0.4387	93.2393	44.3094	0.1675	2768.3182	0.7264	0.0910	5.9238	0.1998	0.1525	1.0649	0.9345	0.0645	6.6810	0.2991	0.4957	0.0028	0.3324	0.3476	0.0114	0.0211	0.3848	0.0024	7.9592	0.0611	1.5894	-0.0115	45.5232	16.9094	15.8903	5.8161	2.6435	0.2951	2.3485	0.2060	0.1490	0.0569	2.4376	0.1460	2.2916	0.0201	0.0189	0.0012	0.0173	0.0171	0.0002	0.0028	0.0018	0.0010	3.6393	3.2429	0.3964	1.0308	0.9774	0.0535	2.6085	2.2655	0.3430	0.9962	0.5814	0.4148	0.2486	0.2313	0.0173	0.7475	0.3501	0.3974	36.0119	2.7937	2123.5946	2.8738	2.0641	93.2393	248.8158	12.2096	2768.3182	0.0202	0.0326	0.0028	0.0695	0.0739	0.0114	0.0038	0.0053	0.0024
38	79	0.2028	4	0	2	0	1	0	0	0	0	N	Y	N	N	N	N	N	N	N	N	N	N	0.1591	0.0009	0.4053	0.0728	0.0060	0.0809	0.1494	0.0000	0.3783	0.2056	0.0009	1.7850	0.1366	0.0052	2.9474	0.2190	0.0000	1.7060	1.2917	1.0191	4.4042	1.8781	0.8682	36.4252	1.4657	1.6650	4.5098	252.4345	9.9196	0.6592	0.3867	45.5232	23.9173	15.8903	17.8091	0.9298	0.0037	0.9261	0.1011	0.0037	0.0974	0.8287	0.0000	0.8287	1.3806	0.1264	1.2542	0.0931	0.0276	0.0654	1.2875	0.0988	1.1887	4.5231	4.0043	0.5188	0.7396	0.7066	0.0330	3.7835	3.2977	0.4858	1.4400	0.7555	0.6845	0.1732	0.1624	0.0108	1.2668	0.5932	0.6737	0.2144	0.0055	0.9743	0.2543	0.0305	0.4872	0.2155	0.0000	0.9668	0.9587	0.1673	1.8322	0.5374	0.1701	6.0497	1.0163	0.1666	1.7645
38	80	0.1867	3	0	2	0	1	0	0	0	0	N	Y	N	N	N	N	N	N	N	N	N	N	0.0094	0.0103	0.0435	0.0206	0.0251	0.0064	0.0147	0.0714	0.0499	0.0016	0.0017	0.0015	0.0037	0.0038	0.0017	0.0013	0.0013	0.0015	0.1737	0.1612	0.0342	0.1809	0.1516	0.2706	0.0877	0.0176	0.0296	0.1197	1.1398	-0.0004	-0.0006	45.5232	6.1279	15.8903	3.6878	0.0020	0.0018	0.0002	0.0006	0.0006	0.0000	0.0013	0.0011	0.0002	0.0058	0.0027	0.0031	0.0028	0.0026	0.0002	0.0030	0.0001	0.0029	1.1960	1.0553	0.1407	0.1738	0.1666	0.0071	1.0222	0.8887	0.1335	0.4112	0.2263	0.1849	0.0584	0.0567	0.0017	0.3528	0.1696	0.1832	0.1156	0.1377	0.0886	0.0766	0.0823	0.0136	0.1513	2.0177	0.0935	0.0142	0.0120	0.0168	0.0485	0.0462	0.1279	0.0085	0.0006	0.0158
38	81	0.2748	7	1	1	1	1	0	0	0	0	N	N	N	N	N	N	N	N	N	N	N	N	0.7811	44.7172	0.0232	49.0743	53.4318	0.0054	0.3255	1555.5485	0.0281	0.5828	0.6504	0.0365	1.4610	1.5415	0.0001	0.2871	0.3237	0.0414	0.7462	0.0145	1.5745	0.0298	0.0289	0.0265	0.8820	0.0002	1.4713	0.0069	44.9356	-0.8114	0.0413	45.5232	27.2690	15.8903	12.3406	2.8954	2.8754	0.0200	1.8282	1.8282	0.0000	1.0672	1.0472	0.0199	0.1180	0.0026	0.1154	0.0029	0.0026	0.0004	0.1151	0.0000	0.1151	4.9679	4.4208	0.5471	1.2514	1.1860	0.0654	3.7165	3.2348	0.4817	1.2342	0.6689	0.5652	0.1860	0.1710	0.0150	1.0482	0.4979	0.5503	6.0959	169.3841	0.1786	92.3575	102.6610	0.0057	2.6159	451117.7314	0.1980	0.0956	0.0038	0.2042	0.0158	0.0150	0.0250	0.1098	0.0000	0.2091
38	82	0.2594	6	0	1	0	1	0	0	0	0	N	N	N	N	N	N	N	N	N	N	N	N	19.0092	3.4546	616.4906	0.1139	0.0884	592.0703	95.0989	165.7094	900.6192	0.9854	0.5439	4.8144	0.0191	0.0163	0.0721	1.3975	0.7884	5.6215	0.0518	0.1574	0.0078	0.1680	0.1848	0.0001	0.0147	0.0048	0.0062	1.0205	0.3813	0.4296	-0.0010	45.5232	9.0798	15.8903	0.9519	1.9709	0.9755	0.9955	0.0114	0.0093	0.0022	1.9595	0.9662	0.9933	0.0029	0.0021	0.0008	0.0021	0.0021	0.0000	0.0008	0.0000	0.0008	2.0002	1.7934	0.2068	0.5980	0.5679	0.0301	1.4021	1.2254	0.1767	0.3271	0.1739	0.1532	0.0441	0.0401	0.0040	0.2829	0.1337	0.1492	112.4782	45.5891	932.4983	0.4119	0.3196	592.0703	485.9714	4557.1147	1060.9534	0.0088	0.0119	0.0052	0.0465	0.0511	0.0001	0.0029	0.0002	0.0053
38	83	0.1867	3	0	2	0	1	0	0	0	0	N	Y	N	N	N	N	N	N	N	N	N	N	0.3134	47.4268	0.0207	0.2054	0.2158	0.1162	0.3138	106964.7805	0.0212	0.4850	0.5320	0.1265	0.0079	0.0080	0.0047	0.5658	0.6298	0.1330	1.5474	0.0112	6.1263	0.0384	0.0371	0.0407	1.8033	0.0000	6.2635	0.0312	876.5341	-0.4911	0.6686	45.5232	21.0000	15.8903	14.4214	1.9120	1.8541	0.0579	0.0045	0.0044	0.0001	1.9075	1.8498	0.0577	1.8045	0.0021	1.8024	0.0022	0.0021	0.0002	1.8022	0.0000	1.8022	3.9424	3.4851	0.4573	0.5712	0.5479	0.0233	3.3713	2.9372	0.4340	1.2428	0.6462	0.5966	0.1195	0.1142	0.0054	1.1233	0.5321	0.5913	0.3340	167.1934	0.0419	0.4210	0.4448	0.1404	0.3527	98549722.9655	0.0436	1.4519	0.0032	3.0211	0.0187	0.0180	0.0337	1.6044	0.0000	3.0481
38	84	0.2444	7	0	1	1	1	0	0	0	0	N	N	N	N	N	N	N	N	N	N	N	N	0.2829	292.9404	0.3191	0.0036	1.2702	0.0004	0.3086	3430.4545	0.3284	0.4997	0.2814	2.2339	0.0025	0.0025	0.0020	0.6447	0.3698	2.5011	1.7668	0.0010	6.9997	0.6901	0.0020	5.6034	2.0892	0.0001	7.6157	0.9992	6234.8705	0.4258	0.6785	45.5232	20.4085	15.8903	11.0867	2.0022	1.0015	1.0007	0.0023	0.0022	0.0001	1.9999	0.9993	1.0006	1.8265	0.0003	1.8262	0.0215	0.0003	0.0212	1.8050	0.0000	1.8050	4.0066	3.5586	0.4480	0.9044	0.8565	0.0479	3.1021	2.7021	0.4001	1.0338	0.5399	0.4939	0.1698	0.1462	0.0237	0.8640	0.3937	0.4703	0.2829	518.7476	0.6042	0.0199	1.2702	0.0022	0.3086	1057431.3538	0.6516	1.7668	0.0005	3.6973	0.1267	0.0020	0.8968	2.0892	0.0000	3.8383
38	85	0.2406	6	0	1	1	1	0	0	0	0	N	N	N	N	N	N	N	N	N	N	N	N	0.0458	0.0542	0.3287	0.0955	0.1043	0.0861	0.0278	0.0000	0.5099	0.0014	0.0008	0.0068	0.0021	0.0021	0.0018	0.0011	0.0000	0.0082	0.0315	0.0147	0.0207	0.0217	0.0200	0.0213	0.0390	0.0079	0.0161	1.0287	2.2690	0.0003	0.0001	45.5232	3.1287	15.8903	1.1816	0.0013	0.0006	0.0006	0.0007	0.0006	0.0000	0.0006	0.0000	0.0006	0.0012	0.0004	0.0008	0.0004	0.0003	0.0001	0.0008	0.0000	0.0007	0.8805	0.7857	0.0948	0.3207	0.2998	0.0209	0.5599	0.4859	0.0739	0.1673	0.0923	0.0750	0.0325	0.0292	0.0034	0.1348	0.0631	0.0717	0.2067	0.2059	0.6290	0.1649	0.1806	0.0861	0.1922	0.0001	0.7948	0.0070	0.0039	0.0108	0.0126	0.0116	0.0213	0.0056	0.0003	0.0103
38	86	0.2337	5	0	1	0	1	0	0	0	0	N	N	N	N	N	N	N	N	N	N	N	N	0.6796	0.2063	18.1883	0.7054	0.4376	4.9958	0.7675	0.0038	9.0431	0.0035	0.0021	0.0154	0.0106	0.0064	0.0664	0.0003	0.0000	0.0024	0.0052	0.0101	0.0008	0.0150	0.0145	0.0133	0.0004	0.0012	0.0003	0.9065	0.2408	0.0006	-0.0002	45.5232	4.0532	15.8903	2.2470	0.0034	0.0018	0.0016	0.0032	0.0018	0.0014	0.0002	0.0000	0.0002	0.0005	0.0004	0.0001	0.0005	0.0004	0.0001	0.0000	0.0000	0.0000	0.9692	0.8636	0.1056	0.3035	0.2820	0.0214	0.6657	0.5815	0.0842	0.2473	0.1350	0.1124	0.0480	0.0430	0.0050	0.1994	0.0920	0.1074	1.7805	0.7097	18.1883	1.1045	0.6936	4.9958	2.0444	0.2866	9.0431	0.0020	0.0029	0.0008	0.0096	0.0092	0.0133	0.0002	0.0000	0.0003
38	87	0.2105	4	0	1	0	1	0	0	0	0	N	N	N	N	N	N	N	N	N	N	N	N	1.2994	0.0040	13829.7077	1.4555	0.0042	1617.9796	821.1427	0.6890	13150.0397	0.6015	0.0027	4.8917	1.3166	0.0038	15.4427	0.2446	0.0020	1.7203	0.4629	0.6713	0.0004	0.9045	0.9214	0.0095	0.0003	0.0029	0.0001	257.0295	0.0044	0.5529	-0.0138	45.5232	4.7288	15.8903	9.8540	0.7799	0.0030	0.7769	0.5683	0.0015	0.5668	0.2116	0.0015	0.2101	0.0221	0.0220	0.0001	0.0220	0.0219	0.0001	0.0001	0.0000	0.0000	1.2965	1.1377	0.1588	0.4317	0.3950	0.0367	0.8648	0.7427	0.1221	0.6372	0.3630	0.2742	0.1266	0.1201	0.0065	0.5106	0.2429	0.2677	17.3784	0.0439	13829.7077	7.5773	0.0210	1617.9796	2226.9911	23.4029	13150.0397	0.0346	0.0605	0.0004	0.1738	0.1826	0.0095	0.0001	0.0001	0.0001
38	88	0.1867	3	0	1	0	1	0	0	0	0	N	N	N	N	N	N	N	N	N	N	N	N	31.9900	9.9056	218.6259	0.1450	0.1168	2.9383	140.4354	232.6816	323.5856	1.0691	1.0619	1.1235	0.0228	0.0170	0.1574	1.2468	1.2575	1.1752	0.0334	0.1072	0.0051	0.1573	0.1459	0.0536	0.0089	0.0054	0.0036	0.1407	0.3477	-0.2931	-0.0016	45.5232	8.6320	15.8903	7.0881	1.7890	1.5684	0.2206	0.0055	0.0040	0.0016	1.7835	1.5644	0.2191	0.0044	0.0033	0.0011	0.0033	0.0032	0.0001	0.0011	0.0001	0.0010	1.6734	1.4770	0.1964	0.2429	0.2330	0.0100	1.4304	1.2440	0.1864	0.6117	0.3271	0.2846	0.0731	0.0706	0.0026	0.5385	0.2565	0.2820	149.2880	106.8649	282.9132	0.5052	0.3764	3.8119	622.6533	5951.0115	323.5856	0.0072	0.0099	0.0040	0.0451	0.0453	0.0413	0.0020	0.0002	0.0036
38	89	0.2545	5	0	2	0	1	0	0	0	0	N	Y	N	N	N	N	N	N	N	N	N	N	2.3286	0.6789	33493.0117	0.1849	0.1734	11.3745	4.8071	0.5417	70695.4772	0.6249	0.3447	2.7843	0.0352	0.0370	0.0114	0.8312	0.4601	3.2931	0.2684	0.5077	0.0001	0.1905	0.2133	0.0010	0.1729	0.8493	0.0000	1.0483	0.0020	0.4720	-0.0092	45.5232	15.4622	15.8903	5.2688	2.1012	1.0258	1.0753	0.0307	0.0300	0.0007	2.0705	0.9958	1.0747	0.0147	0.0147	0.0000	0.0068	0.0068	0.0000	0.0079	0.0079	0.0000	3.3623	2.9761	0.3862	0.8714	0.8115	0.0599	2.4909	2.1645	0.3263	0.7849	0.4284	0.3565	0.1362	0.1226	0.0136	0.6487	0.3058	0.3429	33.4086	10.0778	33493.0117	0.7090	0.6715	11.3745	68.1229	17.8086	70695.4772	0.0187	0.0342	0.0001	0.0497	0.0551	0.0010	0.0122	0.0258	0.0000
38	90	0.2427	4	0	1	0	1	0	0	0	0	N	N	N	N	N	N	N	N	N	N	N	N	0.5729	0.0165	126.4679	0.0506	0.0311	3.5668	0.7397	0.0047	923.0647	0.5407	0.0211	4.2876	0.0722	0.0488	0.2831	0.7395	0.0089	5.5810	0.9438	1.2782	0.0339	1.4266	1.5717	0.0794	0.9998	1.8932	0.0060	28.1589	0.0260	0.7191	-0.0921	45.5232	7.5917	15.8903	1.5198	1.0597	0.0363	1.0233	0.0422	0.0257	0.0165	1.0175	0.0107	1.0068	0.1527	0.1488	0.0039	0.0881	0.0851	0.0029	0.0647	0.0637	0.0009	1.9599	1.7212	0.2387	0.5840	0.5257	0.0583	1.3759	1.1955	0.1804	0.6427	0.4085	0.2343	0.2634	0.2089	0.0545	0.3793	0.1995	0.1798	2.2755	0.0579	259.1652	0.2159	0.1198	5.2314	4.3386	0.0280	1080.9592	0.2376	0.3644	0.0165	0.3343	0.4074	0.0541	0.1705	0.3194	0.0052
38	91	0.3519	8	1	1	1	1	0	0	0	0	N	N	N	N	N	N	N	N	N	N	N	N	1.4515	0.0210	591770.3015	0.0691	0.0635	inf	163721.3762	inf	649672.4085	0.0494	0.0042	0.4157	0.0130	0.0137	0.0001	0.0625	0.0005	0.4723	0.0340	0.2000	0.0000	0.1879	0.2150	0.0000	0.0000	0.0000	0.0000	12.2234	0.0000	0.0181	-0.0004	45.5232	3.0317	15.8903	0.1644	0.0284	0.0021	0.0262	0.0020	0.0020	0.0000	0.0264	0.0002	0.0262	0.0007	0.0007	0.0000	0.0007	0.0007	0.0000	0.0000	0.0000	0.0000	0.5748	0.5117	0.0631	0.1522	0.1447	0.0076	0.4226	0.3671	0.0555	0.0994	0.0533	0.0461	0.0145	0.0130	0.0015	0.0849	0.0403	0.0446	6.8570	0.3124	591770.3015	0.2636	0.2477	inf	163721.3762	inf	649672.4085	0.0072	0.0134	0.0000	0.0493	0.0552	0.0000	0.0000	0.0000	0.0000
38	92	0.3462	7	1	1	1	1	0	0	0	0	N	N	N	N	N	N	N	N	N	N	N	N	10.3640	15.0746	14.4285	27.6294	24.9231	2299.4460	3.7718	137.4825	22.1477	0.8752	0.9252	0.3768	1.6619	1.7493	0.0017	0.2162	0.1751	0.5016	0.0844	0.0614	0.0261	0.0602	0.0702	0.0000	0.0573	0.0013	0.0226	0.0409	1.3056	-0.1604	-0.0001	45.5232	2.6632	15.8903	1.0147	0.6471	0.6217	0.0254	0.5601	0.5601	0.0000	0.0870	0.0616	0.0254	0.0013	0.0005	0.0007	0.0005	0.0005	0.0000	0.0007	0.0000	0.0007	0.7394	0.6719	0.0675	0.3370	0.3202	0.0168	0.4024	0.3518	0.0506	0.1227	0.0674	0.0553	0.0204	0.0186	0.0018	0.1023	0.0488	0.0535	84.9132	113.7510	29.0821	61.7769	59.3738	2299.4460	30.8632	9693.2867	37.4734	0.0103	0.0081	0.0130	0.0269	0.0295	0.0000	0.0070	0.0000	0.0134
38	93	0.2629	6	1	1	1	1	0	0	0	0	N	N	N	N	N	N	N	N	N	N	N	N	347.9128	218.5929	1939.9461	199.8368	204.0581	2.2447	443.2094	258.2387	2423.5303	0.6549	0.5360	1.6274	0.9014	0.9489	0.0075	0.5692	0.3796	1.8474	0.0019	0.0025	0.0008	0.0045	0.0047	0.0033	0.0013	0.0015	0.0008	0.3709	0.7168	-0.0744	-0.0003	45.5232	35.0787	15.8903	12.2568	4.4929	3.2772	1.2156	1.5951	1.5945	0.0007	2.8977	1.6827	1.2150	0.0013	0.0008	0.0006	0.0008	0.0008	0.0001	0.0005	0.0000	0.0005	6.8607	6.1137	0.7470	1.7696	1.6803	0.0893	5.0910	4.4334	0.6577	1.4377	0.7672	0.6706	0.2098	0.1897	0.0201	1.2280	0.5775	0.6505	698.8452	524.0353	1939.9461	225.7998	233.5401	2.2447	1370.9609	15716.0873	2423.5303	0.0009	0.0010	0.0008	0.0040	0.0041	0.0033	0.0004	0.0000	0.0008
38	94	0.2494	5	1	1	0	1	0	0	0	0	N	N	N	N	N	N	N	N	N	N	N	N	229.6185	182.4927	290.9054	104.0039	84.0387	4274.4455	288.3496	96.8751	91.6219	0.6954	0.7420	0.3071	0.5869	0.5371	1.5320	0.7445	0.8436	0.0985	0.0030	0.0041	0.0011	0.0056	0.0064	0.0004	0.0026	0.0087	0.0011	0.0497	0.5867	-0.3703	-0.0001	45.5232	8.4810	15.8903	2.3446	1.5444	1.4713	0.0731	0.4061	0.3530	0.0531	1.1383	1.1182	0.0200	0.0005	0.0003	0.0002	0.0003	0.0003	0.0000	0.0002	0.0001	0.0002	2.2210	1.9829	0.2381	0.6920	0.6573	0.0346	1.5290	1.3256	0.2034	0.3696	0.1999	0.1698	0.0550	0.0504	0.0046	0.3146	0.1494	0.1652	530.2846	485.4668	290.9054	126.1503	106.4998	4274.4455	1024.1698	2467.1153	91.6219	0.0013	0.0015	0.0011	0.0047	0.0050	0.0004	0.0007	0.0003	0.0011
38	95	0.1867	3	0	2	0	2	0	0	0	0	N	Y	N	Y	N	N	N	N	N	N	N	N	0.6043	0.2460	0.4536	0.0105	0.0110	0.0666	10687809.9118	inf	0.8044	0.0950	0.1074	0.0000	0.0085	0.0088	0.0000	0.1096	0.1258	0.0000	0.1572	0.4366	0.0000	0.8040	0.8039	0.0000	0.0000	0.0000	0.0000	0.0000	0.0000	-0.1220	-0.0137	45.5232	24.0032	15.8903	22.6134	0.4247	0.4247	0.0000	0.0055	0.0055	0.0000	0.4193	0.4193	0.0000	0.0217	0.0217	0.0000	0.0217	0.0217	0.0000	0.0000	0.0000	0.0000	4.4720	3.9547	0.5173	0.6476	0.6213	0.0263	3.8244	3.3334	0.4909	1.5773	0.8164	0.7608	0.1441	0.1373	0.0068	1.4331	0.6792	0.7540	6.8920	4.0341	0.4536	0.0561	0.0557	0.0666	10687809.9118	inf	0.8044	0.0138	0.0266	0.0000	0.1508	0.1583	0.0000	0.0000	0.0000	0.0000
38	96	0.6041	7	0	2	0	1	0	0	0	0	N	Y	N	N	N	N	N	N	N	N	N	N	0.6159	0.3356	517.4552	60.1939	55.6128	0.1596	0.4772	0.1415	800.8569	0.8380	0.6219	2.7587	0.7391	0.7823	0.0004	0.8980	0.5164	3.4760	1.3607	1.8529	0.0053	0.0123	0.0141	0.0025	1.8818	3.6485	0.0043	0.4990	0.0014	0.1369	-0.6232	45.5232	18.5150	15.8903	10.2301	2.9915	1.9957	0.9959	0.9966	0.9966	0.0000	1.9950	0.9991	0.9958	0.9940	0.9926	0.0014	0.0026	0.0025	0.0001	0.9914	0.9901	0.0013	3.5698	3.2088	0.3610	1.3484	1.2739	0.0745	2.2214	1.9349	0.2865	0.8950	0.5575	0.3375	0.3177	0.2861	0.0316	0.5773	0.2714	0.3059	0.7545	0.3493	680.1039	89.5975	88.1107	0.1596	0.5230	0.1415	825.1517	1.1106	1.7805	0.0041	0.0082	0.0089	0.0025	1.7172	3.6485	0.0042
38	97	0.2158	4	0	2	0	1	0	0	0	0	N	Y	N	N	N	N	N	N	N	N	N	N	0.2268	6.6295	0.2512	0.1483	0.1186	0.9041	0.2326	35803.4159	0.2521	0.2771	0.1724	1.0783	0.0126	0.0083	0.1137	0.3269	0.2064	1.1357	1.2218	0.0260	4.2923	0.0850	0.0699	0.1258	1.4054	0.0000	4.5054	0.8174	275.8100	0.3730	0.6682	45.5232	46.1140	15.8903	26.4917	2.2937	1.2620	1.0316	0.0165	0.0104	0.0061	2.2772	1.2516	1.0255	1.8155	0.0066	1.8089	0.0078	0.0066	0.0013	1.8077	0.0000	1.8077	8.2780	7.3213	0.9567	1.3114	1.2577	0.0536	6.9666	6.0635	0.9030	2.2428	1.1964	1.0464	0.2410	0.2240	0.0170	2.0018	0.9725	1.0293	0.3423	31.4455	0.6238	0.3875	0.2829	1.5193	0.3620	45621137.9438	0.6467	0.8095	0.0055	1.7288	0.0325	0.0293	0.0748	0.9030	0.0000	1.7562
38	98	0.6570	9	0	2	0	1	0	0	0	0	N	Y	N	N	N	N	N	N	N	N	N	N	1.0669	0.6076	46423.7752	0.4676	0.4587	1021.7792	637.3101	19.5335	105494.5614	0.9204	0.7046	2.8921	0.8344	0.8659	0.2537	0.9696	0.6047	3.5091	0.8627	1.1598	0.0001	1.7846	1.8877	0.0002	0.0015	0.0310	0.0000	0.4492	0.0002	0.0731	-0.0737	45.5232	20.7840	15.8903	8.9470	3.2001	2.2082	0.9919	1.0545	1.0380	0.0165	2.1456	1.1702	0.9754	0.1174	0.1173	0.0000	0.1171	0.1171	0.0000	0.0002	0.0002	0.0000	3.4768	3.1338	0.3430	1.2637	1.1987	0.0650	2.2130	1.9350	0.2780	0.7376	0.4497	0.2879	0.2414	0.2025	0.0389	0.4961	0.2471	0.2490	5.7849	2.7005	46423.7752	1.7201	1.4977	1021.7792	2019.5487	650.0808	105494.5614	0.1591	0.2609	0.0001	0.4851	0.5782	0.0002	0.0005	0.0009	0.0000
38	99	0.6521	8	0	1	0	1	0	0	0	0	N	N	N	N	N	N	N	N	N	N	N	N	6.4331	4.3255	20.9872	2.9773	2.6708	13.2045	12.4163	1.1870	26.0371	0.0640	0.0655	0.0503	0.0185	0.0174	0.0321	0.1284	0.1401	0.0624	0.0099	0.0151	0.0024	0.0062	0.0065	0.0024	0.0103	0.1180	0.0024	0.0884	0.4405	-0.0176	-0.0002	45.5232	2.7834	15.8903	1.0450	0.0855	0.0786	0.0069	0.0145	0.0127	0.0018	0.0711	0.0659	0.0052	0.0006	0.0004	0.0002	0.0003	0.0003	0.0000	0.0003	0.0001	0.0002	1.3375	1.1993	0.1381	0.7839	0.7289	0.0549	0.5536	0.4704	0.0832	0.1830	0.1062	0.0768	0.0708	0.0662	0.0046	0.1122	0.0400	0.0722	19.4322	16.6378	20.9872	3.7347	3.4065	13.2045	57.0432	70.3832	26.0371	0.0033	0.0039	0.0024	0.0049	0.0051	0.0024	0.0023	0.0020	0.0024
38	100	0.6420	7	0	1	0	1	0	0	0	0	N	N	N	N	N	N	N	N	N	N	N	N	0.6322	0.4218	3.0232	1.2710	1.2480	11.1335	10.2885	51.4666	3.5901	0.1737	0.1925	0.0213	0.1847	0.1967	0.0211	0.1599	0.1867	0.0214	0.2747	0.4564	0.0070	0.1453	0.1576	0.0019	0.0155	0.0036	0.0060	0.0137	0.1073	-0.1368	-0.0046	45.5232	7.6044	15.8903	2.7972	0.5000	0.4933	0.0068	0.2960	0.2937	0.0023	0.2040	0.1996	0.0044	0.0086	0.0078	0.0008	0.0078	0.0078	0.0000	0.0008	0.0000	0.0008	2.8790	2.5620	0.3170	1.6030	1.4929	0.1101	1.2760	1.0690	0.2069	0.4530	0.2800	0.1730	0.1804	0.1651	0.0152	0.2727	0.1149	0.1578	9.1066	6.9097	4.4018	4.2603	4.1704	11.1335	53.0433	1620.4952	4.1776	0.0191	0.0279	0.0048	0.0433	0.0472	0.0019	0.0030	0.0001	0.0051
38	101	0.5925	6	0	1	0	1	0	0	0	0	N	N	N	N	N	N	N	N	N	N	N	N	0.3412	0.2521	86.2032	0.0616	0.0508	89.9227	73.4680	78.4125	101.8829	0.4475	0.4497	0.4280	0.2271	0.1934	0.8051	0.5809	0.6180	0.3304	1.3117	1.7835	0.0050	3.6842	3.8065	0.0090	0.0079	0.0079	0.0032	0.1071	0.0015	-0.3118	-0.5850	45.5232	18.4780	15.8903	12.4520	1.6375	1.4791	0.1584	0.3133	0.2521	0.0612	1.3242	1.2271	0.0972	0.9332	0.9318	0.0014	0.9320	0.9317	0.0003	0.0011	0.0001	0.0010	3.6592	3.2891	0.3701	1.3798	1.3037	0.0761	2.2794	1.9854	0.2940	0.9232	0.5675	0.3557	0.3246	0.2878	0.0368	0.5985	0.2796	0.3189	0.4427	0.2739	111.6334	0.0791	0.0597	89.9227	309.7903	1960.7577	101.8829	1.0108	1.6421	0.0038	2.8712	3.2370	0.0090	0.0019	0.0003	0.0032
38	102	0.2285	4	0	2	0	1	0	0	0	0	N	Y	N	N	N	N	N	N	N	N	N	N	0.4980	0.3729	37.4017	0.2597	0.2681	3.0105	0.5800	0.3423	66.6264	0.5401	0.5590	0.4107	0.1732	0.1783	0.1168	0.7392	0.7823	0.4974	1.0846	1.4988	0.0110	0.6670	0.6650	0.0388	1.2743	2.2855	0.0075	0.1069	0.0061	-1.0287	-0.6461	45.5232	34.1922	15.8903	22.4626	5.3995	4.8778	0.5217	0.6090	0.5752	0.0338	4.7905	4.3026	0.4879	1.0383	1.0319	0.0063	0.0535	0.0525	0.0010	0.9848	0.9795	0.0053	9.9964	8.7263	1.2701	3.5153	3.2260	0.2894	6.4811	5.5003	0.9807	2.1728	1.2389	0.9338	0.4367	0.4067	0.0300	1.7361	0.8322	0.9039	1.1303	0.6711	60.6972	1.4146	1.3814	3.5446	1.3030	0.6646	84.3423	0.4779	0.8330	0.0068	0.1225	0.1291	0.0330	0.5673	1.1770	0.0059
38	103	0.1806	3	0	2	0	1	0	0	0	0	N	Y	N	N	N	N	N	N	N	N	N	N	1.0385	0.8381	4.2963	0.2803	0.3051	0.4955	1.6269	0.9570	6.0212	0.7593	0.8101	0.4084	0.4417	0.4694	0.1441	0.8860	0.9550	0.4714	0.7312	0.9666	0.0951	1.5759	1.5383	0.2908	0.5446	0.9980	0.0783	0.0729	0.2272	-0.9733	-0.0571	45.5232	22.5884	15.8903	11.0115	4.4407	4.1390	0.3017	0.7365	0.7160	0.0205	3.7042	3.4230	0.2813	0.1287	0.1049	0.0238	0.0845	0.0836	0.0009	0.0442	0.0213	0.0230	5.8483	5.1095	0.7389	1.6675	1.5253	0.1422	4.1808	3.5841	0.5967	1.4229	0.7510	0.6719	0.2229	0.2164	0.0064	1.2000	0.5346	0.6655	8.3932	5.7996	11.5155	1.1651	1.2148	1.0884	24.0337	24.0118	13.6516	0.0905	0.1397	0.0355	0.3791	0.3864	0.1324	0.0369	0.0398	0.0345
38	104	0.1506	2	0	1	0	1	0	0	0	0	N	N	N	N	N	N	N	N	N	N	N	N	0.1328	0.1184	0.0450	0.1078	0.1171	0.0041	0.0872	0.6566	0.0478	0.1346	0.1376	0.1161	0.2353	0.2474	0.1221	0.0924	0.0881	0.1147	1.0130	1.1623	2.5817	2.1826	2.1118	29.9220	1.0590	0.1341	2.3988	0.1400	1.4592	-0.0737	-0.0121	45.5232	11.8100	15.8903	8.7888	0.4488	0.3937	0.0551	0.2317	0.2201	0.0116	0.2171	0.1736	0.0435	0.3454	0.1404	0.2049	0.1509	0.1397	0.0112	0.1944	0.0007	0.1937	3.3355	2.8609	0.4746	0.9847	0.8896	0.0951	2.3508	1.9713	0.3795	1.0291	0.5332	0.4959	0.1928	0.1904	0.0024	0.8363	0.3428	0.4935	0.4010	0.5225	0.2811	0.3006	0.3371	0.0265	0.3972	41.8137	0.2921	0.3356	0.2634	0.4132	0.7827	0.7339	4.6046	0.2325	0.0021	0.3925
38	106	0.2594	6	0	2	0	1	0	0	0	0	N	Y	N	N	N	N	N	N	N	N	N	N	0.3664	341.8835	0.4399	7.0658	5.8594	3669.5083	0.4202	14303.9329	0.4870	0.5125	0.2908	2.3584	0.0145	0.0133	0.0371	0.6909	0.3988	2.6975	1.3986	0.0009	5.3611	0.0021	0.0023	0.0000	1.6444	0.0000	5.5396	0.9740	4450.1911	0.4159	0.3657	45.5232	20.0414	15.8903	7.0324	2.0164	1.0215	0.9949	0.0151	0.0131	0.0020	2.0014	1.0084	0.9929	0.9846	0.0002	0.9843	0.0002	0.0002	0.0000	0.9843	0.0000	0.9843	3.9348	3.5130	0.4219	1.0382	0.9844	0.0538	2.8966	2.5285	0.3681	0.8405	0.4450	0.3955	0.1078	0.0977	0.0101	0.7327	0.3473	0.3854	0.4375	585.0300	0.9477	7.0658	5.8594	3669.5083	0.5143	5286963.4907	1.0562	1.1713	0.0005	2.4887	0.0021	0.0023	0.0000	1.3434	0.0000	2.5540
38	107	0.2494	5	0	1	0	1	0	0	0	0	N	N	N	N	N	N	N	N	N	N	N	N	6.2027	41.5756	14.7240	15.8800	2.5827	42849.5067	4.0418	72.1764	4.9668	0.2559	0.2318	0.4584	0.1335	0.0251	2.1812	0.3155	0.3422	0.1421	0.0412	0.0056	0.0311	0.0084	0.0097	0.0001	0.0781	0.0047	0.0286	0.2349	6.6494	-0.0487	0.0005	45.5232	7.0315	15.8903	1.2144	0.5023	0.4067	0.0956	0.0859	0.0153	0.0705	0.4164	0.3914	0.0250	0.0023	0.0003	0.0020	0.0003	0.0003	0.0000	0.0020	0.0000	0.0020	1.9631	1.7546	0.2085	0.6433	0.6110	0.0323	1.3197	1.1436	0.1761	0.2881	0.1570	0.1311	0.0450	0.0413	0.0037	0.2431	0.1156	0.1275	32.4032	122.3447	30.3966	21.6119	3.7374	42849.5067	38.4109	1992.1787	9.1597	0.0079	0.0019	0.0151	0.0062	0.0067	0.0001	0.0082	0.0002	0.0155
38	108	0.2158	4	0	1	0	1	0	0	0	0	N	N	N	N	N	N	N	N	N	N	N	N	188.1325	38.9500	6500.2657	11.7017	3.6472	1818.1199	851.0159	164.9953	6791.3289	0.8304	0.3295	4.4512	0.2119	0.0726	3.8091	0.9634	0.3913	4.4880	0.0044	0.0085	0.0007	0.0181	0.0199	0.0021	0.0011	0.0024	0.0007	1.8690	0.2185	1.0047	-0.0006	45.5232	16.2725	15.8903	4.4748	2.7579	0.9613	1.7966	0.1246	0.0411	0.0835	2.6333	0.9202	1.7131	0.0013	0.0011	0.0002	0.0011	0.0011	0.0000	0.0002	0.0000	0.0002	3.3213	2.9177	0.4036	0.5880	0.5661	0.0219	2.7333	2.3516	0.3817	0.7530	0.4097	0.3433	0.0972	0.0915	0.0057	0.6558	0.3182	0.3376	476.8798	125.4352	6500.2657	19.2829	6.2876	1818.1199	2598.3386	6206.3605	6791.3289	0.0017	0.0026	0.0007	0.0110	0.0115	0.0021	0.0004	0.0001	0.0007
38	109	0.2686	5	0	2	0	1	0	0	0	0	N	Y	N	N	N	N	N	N	N	N	N	N	2.8200	60.3380	0.0033	1.3971	32.3728	0.0003	29.3961	1012.2746	0.0022	0.5172	0.5808	0.0002	0.6042	0.6451	0.0016	0.4906	0.5599	0.0000	0.1834	0.0096	0.0691	0.4325	0.0199	4.8966	0.0167	0.0006	0.0076	0.0000	8.6429	-1.1416	0.0073	45.5232	40.5309	15.8903	14.7974	3.9766	3.9764	0.0002	1.0858	1.0856	0.0002	2.8908	2.8908	0.0000	0.0272	0.0028	0.0244	0.0223	0.0028	0.0194	0.0050	0.0000	0.0050	7.6891	6.8459	0.8432	1.7969	1.6829	0.1140	5.8922	5.1630	0.7292	1.8360	0.9869	0.8491	0.2672	0.2439	0.0233	1.5688	0.7430	0.8258	34.8838	203.0687	0.0079	7.2524	55.7812	0.0019	155.2881	181306.3917	0.0028	0.0148	0.0029	0.0287	0.0833	0.0116	0.8338	0.0032	0.0000	0.0060
38	110	0.2427	4	0	2	0	1	0	0	0	0	N	Y	N	N	N	N	N	N	N	N	N	N	0.1385	0.3377	0.0466	0.0387	0.7315	0.0001	0.1831	0.2467	0.1296	0.1463	0.1436	0.1658	0.0938	0.1023	0.0037	0.1639	0.1583	0.2023	1.0561	0.4254	3.5555	2.4238	0.1399	34.3772	0.8952	0.6415	1.5606	0.1553	25.5209	-0.0681	0.1232	45.5232	13.5236	15.8903	3.5331	0.4461	0.3861	0.0600	0.0721	0.0719	0.0002	0.3740	0.3143	0.0597	0.3689	0.0139	0.3550	0.2973	0.0103	0.2870	0.0717	0.0036	0.0681	3.0500	2.6884	0.3616	0.7687	0.7024	0.0663	2.2814	1.9860	0.2953	0.8987	0.5374	0.3613	0.2861	0.2302	0.0560	0.6126	0.3072	0.3053	0.3563	5.5488	0.1688	0.0903	2.2868	0.0007	1.4013	13.4520	0.9074	0.4105	0.0259	0.9826	1.0390	0.0447	5.1288	0.1170	0.0118	0.2229
38	111	0.1867	3	0	1	0	1	0	0	0	0	N	N	N	N	N	N	N	N	N	N	N	N	0.3345	0.2656	0.1401	0.0132	0.0149	0.0012	0.3464	0.2033	0.1924	0.3366	0.3594	0.1634	0.0240	0.0242	0.0189	0.3896	0.4220	0.1711	1.0062	1.3534	1.1667	1.8226	1.6199	15.9732	1.1248	2.0757	0.8893	0.0599	0.2830	-0.2495	-0.1568	45.5232	16.9399	15.8903	15.9768	1.0817	1.0206	0.0611	0.0112	0.0108	0.0004	1.0705	1.0098	0.0608	0.3845	0.2997	0.0848	0.0574	0.0461	0.0113	0.3271	0.2536	0.0735	3.2134	2.8393	0.3741	0.4658	0.4468	0.0190	2.7476	2.3925	0.3551	1.1657	0.6071	0.5586	0.1138	0.1088	0.0050	1.0518	0.4982	0.5536	1.0204	0.7281	1.0762	0.0475	0.0570	0.0084	1.2530	0.8293	1.2888	0.3299	0.4937	0.1518	0.5046	0.4240	2.2538	0.3110	0.5089	0.1328
38	112	0.2911	7	1	2	0	2	0	0	0	0	N	Y	N	Y	N	N	N	N	N	N	N	N	6.6517	18.6090	6.2344	24.1908	20.5744	2.1239	inf	8.2193	0.0909	0.0916	0.0854	0.1535	0.1582	0.0000	0.0506	0.0412	0.0948	0.0137	0.0049	0.0137	0.0063	0.0077	0.0000	0.0238	0.0000	0.0115	0.1246	3.2642	-0.0000	0.0000	45.5232	0.0019	15.8903	1.9928	0.0001	0.0001	0.0000	0.0001	0.0001	0.0000	0.0000	0.0000	0.0000	0.0003	0.0001	0.0002	0.0001	0.0001	0.0000	0.0002	0.0000	0.0002	0.0010	0.0009	0.0001	0.0004	0.0004	0.0000	0.0006	0.0005	0.0001	0.0696	0.0402	0.0294	0.0139	0.0123	0.0016	0.0557	0.0279	0.0278	21.2453	52.7394	11.0178	30.5360	27.7802	0.0000	12.3563	inf	11.5575	0.0043	0.0017	0.0078	0.0050	0.0057	0.0000	0.0041	0.0000	0.0082	
38	113	0.2675	6	1	2	0	2	0	0	0	0	N	Y	N	Y	N	N	N	N	N	N	N	N	0.9563	149.6461	0.6705	85.8006	118.3225	0.0472	0.7783	4380.5818	0.6620	1.5430	1.1450	4.4458	1.5967	1.6625	0.0019	1.5285	0.9892	4.7786	1.6135	0.0077	6.6310	0.0186	0.0141	0.0412	1.9640	0.0002	7.2186	0.5324	1199.0705	0.1726	0.2994	45.5232	8.6942	15.8903	6.0502	2.8630	1.8683	0.9947	0.6277	0.6276	0.0000	2.2353	1.2406	0.9947	0.8074	0.0007	0.8067	0.0009	0.0007	0.0003	0.8064	0.0000	0.8064	1.8555	1.6317	0.2237	0.3931	0.3775	0.0156	1.4624	1.2542	0.2081	0.5155	0.2819	0.2336	0.0835	0.0758	0.0077	0.4319	0.2061	0.2259	0.9852	479.7294	1.2874	142.6859	187.4432	0.0571	0.8187	1297761.9206	1.3385	1.5662	0.0024	3.4533	0.0112	0.0089	0.0340	1.8670	0.0000	3.5700
38	114	0.2886	10	0	2	0	2	0	0	0	0	N	Y	N	Y	N	N	N	N	N	N	N	N	0.0000	0.0000	0.0000	0.0000	0.0000	0.0000	0.0000	0.0000	0.0000	0.0000	0.0000	0.0000	0.0000	1.3662	0.0000	4.8802	0.0000	0.0000	0.0000	2.1036	0.0000	5.0973	inf	0.0000	0.0000	45.5232	0.0001	15.8903	0.0001	0.0000	0.0000	0.0000	0.0000	0.0000	0.0000	0.0000	0.0000	0.0000	0.0001	0.0000	0.0001	0.0000	0.0000	0.0000	0.0001	0.0000	0.0001	0.0000	0.0000	0.0000	0.0000	0.0000	0.0000	0.0000	0.0000	0.0000	0.0001	0.0000	0.0000	0.0000	0.0000	0.0000	0.0000	0.0000	0.0000	0.0000	0.0000	0.0000	0.0000	0.0000	0.0000	0.0000	0.0000	0.0000	1.1170	0.0000	2.2542	0.0000	0.0000	0.0000	2.1036	0.0000	2.2613						
38	115	0.2819	9	0	2	0	2	0	0	0	0	N	Y	N	Y	N	N	N	N	N	N	N	N	0.0000	0.1031	0.0000	0.0823	0.1205	0.0000	0.0000	0.0000	0.0000	0.0000	0.0000	0.0000	0.0000	0.0000	0.0000	0.0000	0.0000	6.1320	0.0000	21.3676	0.0000	0.0000	0.0000	7.2429	0.0000	23.2248	0.0000	28476354.7674	-0.0000	0.3025	45.5232	3.0007	15.8903	1.0012	0.0000	0.0000	0.0000	0.0000	0.0000	0.0000	0.0000	0.0000	0.0000	0.8140	0.0000	0.8140	0.0000	0.0000	0.0000	0.8140	0.0000	0.8140	0.5796	0.5143	0.0653	0.1158	0.1103	0.0055	0.4638	0.4040	0.0598	0.1327	0.0722	0.0606	0.0204	0.0181	0.0023	0.1124	0.0541	0.0583	0.0000	0.1031	0.0000	0.0823	0.1205	0.0000	0.0000	0.0000	0.0000	6.1320	0.0000	13.4417	0.0000	0.0000	0.0000	7.2429	0.0000	13.9649	
38	116	0.2801	8	0	1	0	2	0	0	0	0	N	N	N	Y	N	N	N	N	N	N	N	N	0.0208	0.0812	0.2354	0.1877	0.1623	23.6425	0.0109	0.2769	0.0012	0.0002	0.0091	0.0009	0.0010	0.0000	0.0013	0.0000	0.0101	0.0588	0.0030	0.0388	0.0050	0.0060	0.0000	0.1206	0.0000	0.0366	4.5825	12.9993	0.0001	0.0001	45.5232	1.1177	15.8903	0.0023	0.0003	0.0000	0.0002	0.0000	0.0000	0.0000	0.0002	0.0000	0.0002	0.0003	0.0000	0.0003	0.0000	0.0000	0.0000	0.0003	0.0000	0.0003	0.2272	0.2023	0.0249	0.0533	0.0508	0.0025	0.1740	0.1515	0.0225	0.0373	0.0203	0.0171	0.0057	0.0051	0.0006	0.0316	0.0152	0.0164	0.1333	0.2040	0.4904	0.2179	0.2024	23.6425	0.1304	0.0000	0.5237	0.0092	0.0012	0.0186	0.0043	0.0048	0.0000	0.0100	0.0000	0.0194	
38	117	0.2771	4	0	2	0	1	0	0	0	0	N	Y	N	N	N	N	N	N	N	N	N	N	0.7998	18.0922	0.0203	4.0903	6.0114	0.0336	0.8253	902.4424	0.0217	1.0348	1.1491	0.0960	0.3565	0.3756	0.0070	1.2747	1.4468	0.1087	1.2937	0.0635	4.7271	0.0871	0.0625	0.2092	1.5446	0.0016	5.0082	0.0102	210.5512	-1.7306	0.6617	45.5232	31.2782	15.8903	23.9277	6.2462	6.1834	0.0629	0.5623	0.5617	0.0006	5.6840	5.6217	0.0623	1.8034	0.0085	1.7949	0.0113	0.0085	0.0028	1.7921	0.0000	1.7921	6.0363	5.3812	0.6551	1.5774	1.4955	0.0819	4.4589	3.8857	0.5732	1.8636	1.0386	0.8251	0.3426	0.3161	0.0265	1.5210	0.7224	0.7986	1.0693	139.9897	0.0441	10.7800	13.9628	0.0658	1.0819	49262.2581	0.0484	0.9677	0.0082	2.1755	0.0331	0.0269	0.1067	1.1782	0.0000	2.2441
38	118	0.2801	8	0	1	1	2	0	0	0	0	N	N	N	Y	N	N	N	N	N	N	N	N	4.9834	1.9432	3888.9252	4.6465	4.2335	inf	1021.8527	4109.8102	0.0030	0.0030	0.0027	0.0128	0.0134	0.0000	0.0004	0.0000	0.0030	0.0006	0.0016	0.0000	0.0027	0.0032	0.0000	0.0000	0.0000	0.0000	0.1123	0.0008	-0.0004	-0.0001	45.5232	3.8827	15.8903	2.9998	0.0023	0.0020	0.0002	0.0020	0.0020	0.0000	0.0002	0.0000	0.0002	0.0001	0.0001	0.0000	0.0001	0.0001	0.0000	0.0000	0.0000	0.0000	0.7584	0.6737	0.0847	0.1590	0.1515	0.0075	0.5994	0.5222	0.0772	0.2263	0.1230	0.1033	0.0344	0.0305	0.0039	0.1920	0.0925	0.0995	7.1298	3.9240	3888.9252	4.6465	4.3260	inf	1021.8527	0.0000	4109.8102	0.0004	0.0008	0.0000	0.0027	0.0031	0.0000	0.0000	0.0000	0.0000	
38	119	0.2772	7	0	1	0	2	0	0	0	0	N	N	N	Y	N	N	N	N	N	N	N	N	887.8508	4.4014	25455.4765	8.2524	6.7558	14085.7559	2229.0375	inf	28093.2471	1.5027	0.0118	14.4334	0.0364	0.0357	0.0502	2.0800	0.0016	16.5363	0.0017	0.0027	0.0006	0.0044	0.0053	0.0000	0.0009	0.0000	0.0006	140.6496	0.4292	0.7030	-0.0000	45.5232	2.8083	15.8903	0.0030	0.9961	0.0070	0.9891	0.0068	0.0064	0.0004	0.9893	0.0007	0.9886	0.0001	0.0001	0.0000	0.0001	0.0001	0.0000	0.0000	0.0000	0.0000	0.6628	0.5943	0.0685	0.1872	0.1785	0.0087	0.4756	0.4158	0.0598	0.0943	0.0511	0.0433	0.0145	0.0129	0.0016	0.0799	0.0382	0.0417	1736.0635	10.5798	25455.4765	9.2062	8.0369	14085.7559	6777.0747	inf	28093.2471	0.0009	0.0011	0.0006	0.0040	0.0044	0.0000	0.0003	0.0000	0.0006
38	120	0.2772	7	0	1	1	2	0	0	0	0	N	N	N	Y	N	N	N	N	N	N	N	N	2818.4733	5.5640	41489387.9010	7.4887	6.5482	10995.5805	16667576.8882	inf	68187068.2581	0.5085	0.0025	4.6237	0.0089	0.0088	0.0116	0.6511	0.0005	5.1146	0.0002	0.0004	0.0000	0.0012	0.0013	0.0000	0.0000	0.0000	0.0000	230.4289	0.0003	0.6995	-0.0000	45.5232	9.6158	15.8903	0.0030	0.9872	0.0043	0.9830	0.0038	0.0036	0.0002	0.9834	0.0007	0.9827	0.0001	0.0001	0.0000	0.0001	0.0001	0.0000	0.0000	0.0000	0.0000	1.9413	1.7288	0.2126	0.4311	0.4106	0.0205	1.5103	1.3181	0.1921	0.3168	0.1714	0.1454	0.0480	0.0426	0.0054	0.2688	0.1288	0.1400	2818.4733	7.4021	41489387.9010	7.4887	6.5482	10995.5805	16667576.8882	inf	68187068.2581	0.0002	0.0003	0.0000	0.0012	0.0013	0.0000	0.0000	0.0000	0.0000
38	121	0.2675	6	0	1	0	2	0	0	0	0	N	N	N	Y	N	N	N	N	N	N	N	N	2.0735	1.9350	0.9427	0.7033	0.7117	0.0083	7.2212	5050.2272	1.3143	1.2689	1.4436	0.0609	0.8005	0.8289	0.0011	1.4204	1.6712	0.0651	0.6119	0.7460	0.0646	1.1382	1.1647	0.1356	0.1967	0.0003	0.0496	0.0061	0.2812	-0.3649	-0.0055	45.5232	4.2457	15.8903	2.0144	1.2982	1.2903	0.0079	0.2003	0.2002	0.0000	1.0979	1.0901	0.0079	0.0134	0.0104	0.0029	0.0107	0.0104	0.0003	0.0027	0.0000	0.0027	1.0231	0.8938	0.1293	0.2502	0.2416	0.0086	0.7730	0.6523	0.1207	0.2410	0.1338	0.1073	0.0453	0.0419	0.0034	0.1957	0.0918	0.1039	22.8828	18.5123	2.2259	3.3921	3.3333	0.0145	104.1295	1243577.3081	2.5347	0.0555	0.0780	0.0274	0.2360	0.2487	0.0783	0.0136	0.0000	0.0257
38	122	0.2254	5	0	1	0	2	0	0	0	0	N	N	N	Y	N	N	N	N	N	N	N	N	0.2483	3.2881	0.0200	1.1372	1.6256	0.0286	0.2315	33.1264	0.0192	0.5988	0.6549	0.1935	0.5049	0.5221	0.0280	0.6220	0.6918	0.2035	2.4117	0.1992	9.6695	0.4440	0.3212	0.9814	2.6871	0.0209	10.6060	0.0409	340.5603	-0.3751	0.7377	45.5232	11.9190	15.8903	13.1740	1.5134	1.4539	0.0595	0.2528	0.2523	0.0005	1.2606	1.2016	0.0590	2.0008	0.0059	1.9949	0.0075	0.0056	0.0019	1.9933	0.0003	1.9930	2.5274	2.2201	0.3073	0.5007	0.4832	0.0174	2.0267	1.7369	0.2898	0.8296	0.4375	0.3921	0.0878	0.0814	0.0064	0.7418	0.3561	0.3857	0.2483	48.9130	0.0380	5.9028	7.5873	0.0944	0.2315	956.5399	0.0394	2.4117	0.0134	5.0877	0.0855	0.0688	0.2969	2.6871	0.0007	5.1677
38	123	0.6523	9	0	1	1	2	0	0	0	0	N	N	N	Y	N	N	N	N	N	N	N	N	0.0886	0.0450	0.0000	0.1637	0.1406	0.0000	0.0546	inf	0.0000	0.0003	0.0004	0.0000	0.0008	0.0008	0.0000	0.0000	0.0000	0.0000	0.0037	0.0080	0.0000	0.0049	0.0060	0.0000	0.0000	0.0000	0.0000	0.0000	0.0013	-0.0002	-0.0004	45.5232	12.8936	15.8903	4.1514	0.0008	0.0008	0.0000	0.0008	0.0008	0.0000	0.0000	0.0000	0.0000	0.0007	0.0007	0.0000	0.0007	0.0007	0.0000	0.0000	0.0000	0.0000	2.5309	2.2877	0.2432	1.0183	0.9674	0.0509	1.5126	1.3203	0.1923	0.4394	0.2718	0.1676	0.1545	0.1364	0.0181	0.2849	0.1354	0.1495	0.2156	0.1478	0.0000	0.1886	0.1754	0.0000	0.0546	inf	0.0000	0.0015	0.0024	0.0000	0.0043	0.0048	0.0000	0.0000	0.0000	0.0000
38	124	0.2407	6	0	2	0	1	0	0	0	0	N	Y	N	N	N	N	N	N	N	N	N	N	0.2663	39.3253	0.0000	0.4809	0.7285	0.0012	0.2777	3148.5870	0.0000	0.3969	0.4481	0.0000	0.0199	0.0207	0.0002	0.4884	0.5631	0.0000	1.4906	0.0114	5.8981	0.0414	0.0284	0.1608	1.7587	0.0002	6.0872	0.0000	789.2758	-0.2902	0.3672	45.5232	12.7386	15.8903	8.7370	1.0106	1.0106	0.0000	0.0099	0.0099	0.0000	1.0007	1.0007	0.0000	0.9913	0.0013	0.9901	0.0018	0.0013	0.0005	0.9895	0.0000	0.9895	2.5464	2.2553	0.2911	0.4974	0.4780	0.0194	2.0490	1.7773	0.2717	0.7306	0.3875	0.3431	0.0906	0.0844	0.0062	0.6400	0.3031	0.3369	0.2925	138.4195	0.0000	1.0020	1.3923	0.0022	0.3159	962617.8867	0.0000	1.3569	0.0032	2.8857	0.0199	0.0149	0.0876	1.5461	0.0000	2.9373
38	125	0.2254	5	0	2	0	1	0	0	0	0	N	Y	N	N	N	N	N	N	N	N	N	N	0.9875	2.1590	0.6644	0.3767	0.3663	1.1432	1.3964	4.6508	0.7955	0.2167	0.2425	0.0342	0.0518	0.0532	0.0062	0.2609	0.3003	0.0359	0.2194	0.1123	0.0515	0.1374	0.1454	0.0055	0.1869	0.0646	0.0451	0.0200	2.0140	-0.1120	0.0002	45.5232	8.6431	15.8903	1.4782	0.4188	0.4106	0.0082	0.0212	0.0211	0.0001	0.3976	0.3895	0.0081	0.0058	0.0019	0.0039	0.0017	0.0017	0.0000	0.0041	0.0002	0.0039	1.9327	1.6929	0.2398	0.4089	0.3959	0.0130	1.5238	1.2970	0.2268	0.3534	0.1870	0.1665	0.0408	0.0381	0.0027	0.3126	0.1489	0.1637	13.1420	23.4546	1.4639	1.2191	1.1806	1.1432	19.9228	207.4836	1.5133	0.0165	0.0103	0.0234	0.0425	0.0451	0.0055	0.0131	0.0014	0.0237
38	126	0.2158	4	0	1	0	1	0	0	0	0	N	N	N	N	N	N	N	N	N	N	N	N	29.1080	429.0132	1.7440	1.2354	9.6140	0.0147	28.9430	104.7689	2.8420	1.4357	1.6447	0.0669	0.0300	0.0305	0.0125	1.8817	2.2418	0.0697	0.0493	0.0038	0.0384	0.0243	0.0032	0.8477	0.0650	0.0214	0.0245	0.0062	9.2927	-0.4381	0.0006	45.5232	4.1618	15.8903	2.0491	1.5593	1.5497	0.0096	0.0078	0.0078	0.0001	1.5514	1.5419	0.0095	0.0023	0.0002	0.0021	0.0007	0.0001	0.0005	0.0017	0.0001	0.0016	1.0861	0.9422	0.1439	0.2616	0.2544	0.0072	0.8245	0.6878	0.1367	0.2698	0.1560	0.1137	0.0489	0.0469	0.0020	0.2209	0.1091	0.1118	166.8340	1137.8407	3.6292	2.1992	9.7925	0.0471	251.1357	3077.4117	4.9478	0.0086	0.0014	0.0184	0.0136	0.0031	0.2654	0.0075	0.0007	0.0141
38	127	0.1867	3	0	1	0	1	0	0	0	0	N	N	N	N	N	N	N	N	N	N	N	N	0.3929	7.3167	0.0000	0.0080	0.1624	0.0000	0.4117	538.0606	0.0000	0.4624	0.5238	0.0002	0.0184	0.0192	0.0001	0.5378	0.6183	0.0002	1.1771	0.0716	4.0637	2.3026	0.1180	69.4461	1.3063	0.0011	3.9290	0.0000	148.0671	-0.2435	0.1621	45.5232	9.4810	15.8903	7.4917	0.8480	0.8480	0.0000	0.0049	0.0049	0.0000	0.8432	0.8431	0.0000	0.4443	0.0030	0.4413	0.0686	0.0030	0.0656	0.3757	0.0000	0.3757	1.8338	1.6188	0.2150	0.2662	0.2552	0.0109	1.5677	1.3636	0.2041	0.6535	0.3482	0.3053	0.0762	0.0735	0.0027	0.5773	0.2747	0.3026	0.6802	61.1999	0.0001	0.0204	0.4729	0.0000	0.8264	44709.8821	0.0001	0.6798	0.0086	1.4453	0.8997	0.0405	23.8587	0.6508	0.0000	1.2416
38	128	0.6645	10	1	2	0	1	0	0	0	0	N	Y	N	N	N	N	N	N	N	N	N	N	91.2716	53.7200	0.0000	0.1285	0.1196	26506.2012	inf	0.0000	0.0010	0.0011	0.0000	0.0000	0.0000	0.0000	0.0016	0.0019	0.0000	0.0000	0.0000	0.0000	0.0000	0.0000	0.0000	0.0000	0.0000	0.0000	0.0000	0.0037	-0.0001	-0.0000	45.5232	2.0107	15.8903	1.9995	0.0004	0.0004	0.0000	0.0000	0.0000	0.0000	0.0004	0.0004	0.0000	0.0000	0.0000	0.0000	0.0000	0.0000	0.0000	0.0000	0.0000	0.0000	0.3723	0.3347	0.0377	0.1489	0.1408	0.0080	0.2235	0.1939	0.0296	0.0976	0.0617	0.0360	0.0366	0.0322	0.0044	0.0611	0.0295	0.0316	91.2716	64.3509	0.0000	0.1285	0.1196	0.0000	26506.2012	inf	0.0000	0.0000	0.0000	0.0000	0.0000	0.0000	0.0000	0.0000	0.0000	0.0000	
38	129	0.6523	9	1	2	0	1	0	0	0	0	N	Y	N	N	N	N	N	N	N	N	N	N	142.7869	61.2063	0.0409	0.3185	0.2819	0.0000	222442.1844	inf	0.0674	1.6136	1.7755	0.0000	0.0050	0.0053	0.0000	2.8015	3.2020	0.0000	0.0113	0.0290	0.0000	0.0158	0.0187	0.0001	0.0000	0.0000	0.0000	0.0000	0.0023	-0.5728	-0.0004	45.5232	5.6459	15.8903	1.1399	1.9947	1.9947	0.0000	0.0026	0.0026	0.0000	1.9921	1.9921	0.0000	0.0007	0.0007	0.0000	0.0007	0.0007	0.0000	0.0000	0.0000	0.0000	1.2362	1.1235	0.1127	0.5251	0.5013	0.0238	0.7111	0.6221	0.0889	0.1902	0.1169	0.0733	0.0687	0.0614	0.0073	0.1215	0.0555	0.0660	451.0399	305.6957	0.0409	0.5085	0.4761	0.0000	313400.9557	inf	0.0674	0.0036	0.0058	0.0000	0.0099	0.0111	0.0001	0.0000	0.0000	0.0000
38	130	0.6220	8	0	1	0	1	0	0	0	0	N	N	N	N	N	N	N	N	N	N	N	N	10.8115	5.7580	0.0425	2.9805	2.7786	0.1977	40.3482	1956.4663	0.0305	0.5409	0.6036	0.0005	0.0963	0.1037	0.0009	0.9374	1.0802	0.0003	0.0500	0.1048	0.0113	0.0323	0.0373	0.0044	0.0232	0.0006	0.0096	0.0001	0.4541	-0.4534	-0.0015	45.5232	11.6079	15.8903	5.3766	1.5797	1.5795	0.0001	0.1326	0.1325	0.0001	1.4471	1.4470	0.0001	0.0048	0.0033	0.0015	0.0034	0.0033	0.0001	0.0014	0.0000	0.0014	2.9205	2.6170	0.3034	1.3767	1.2775	0.0993	1.5437	1.3396	0.2042	0.5509	0.3350	0.2159	0.1998	0.1812	0.0186	0.3511	0.1538	0.1973	62.4096	61.5737	0.0699	5.7184	5.7260	0.1977	233.5526	351414.7990	0.0408	0.0087	0.0098	0.0069	0.0168	0.0181	0.0044	0.0040	0.0000	0.0071
38	131	0.6041	7	0	1	0	1	0	0	0	0	N	N	N	N	N	N	N	N	N	N	N	N	1.1016	1.8086	0.0301	2.0132	2.0926	0.5892	1.3427	7.1360	0.0349	0.5953	0.6587	0.0153	0.2011	0.2118	0.0145	0.8759	1.0043	0.0156	0.5404	0.3642	0.5090	0.0999	0.1012	0.0245	0.6523	0.1407	0.4464	0.0025	2.2657	-0.1636	0.0015	45.5232	3.9355	15.8903	8.7078	0.5748	0.5734	0.0015	0.0807	0.0804	0.0003	0.4941	0.4930	0.0011	0.0234	0.0072	0.0162	0.0072	0.0069	0.0004	0.0162	0.0003	0.0159	0.9656	0.8704	0.0952	0.4015	0.3795	0.0219	0.5641	0.4909	0.0733	0.5196	0.3322	0.1874	0.2026	0.1874	0.0152	0.3170	0.1448	0.1721	13.2180	30.5411	0.1768	5.6489	5.7910	0.6162	17.1481	467.2929	0.1689	0.0450	0.0216	0.0867	0.0356	0.0366	0.0235	0.0511	0.0021	0.0923
38	132	0.5925	6	0	1	0	1	0	0	0	0	N	N	N	N	N	N	N	N	N	N	N	N	0.3119	0.5050	0.0035	0.5605	0.5695	0.2120	0.2858	0.6733	0.0035	0.2868	0.3172	0.0097	0.2394	0.2526	0.0089	0.3190	0.3650	0.0099	0.9193	0.6282	2.7564	0.4270	0.4436	0.0419	1.1165	0.5422	2.8512	0.0034	5.2106	-0.1219	0.0195	45.5232	6.2657	15.8903	3.9760	0.4295	0.4281	0.0014	0.1453	0.1450	0.0003	0.2843	0.2831	0.0011	0.0925	0.0149	0.0776	0.0145	0.0139	0.0005	0.0781	0.0010	0.0771	1.4979	1.3495	0.1484	0.6070	0.5739	0.0330	0.8910	0.7756	0.1154	0.4352	0.2745	0.1608	0.1751	0.1599	0.0152	0.2601	0.1146	0.1455	1.3487	5.8437	0.0201	2.8993	2.9003	0.2544	1.0629	42.9726	0.0187	0.2126	0.0543	0.4829	0.0826	0.0871	0.0349	0.3002	0.0085	0.5298
38	133	0.5152	5	0	1	0	1	0	0	0	0	N	N	N	N	N	N	N	N	N	N	N	N	0.9279	1.2510	0.4906	0.8030	0.8225	2.3556	0.9690	1.7107	0.5692	1.0115	0.9182	1.8367	0.5319	0.5578	0.0602	1.2733	1.1322	2.2297	1.0900	0.7340	3.7435	0.6625	0.6783	0.0255	1.3140	0.6618	3.9174	0.2261	9.6764	-0.5479	0.2275	45.5232	26.7012	15.8903	18.2690	5.3333	4.3498	0.9835	0.9904	0.9846	0.0058	4.3430	3.3653	0.9777	0.8183	0.0766	0.7417	0.0715	0.0702	0.0013	0.7468	0.0064	0.7404	5.2727	4.7372	0.5355	1.8619	1.7649	0.0970	3.4108	2.9723	0.4385	1.6837	1.0293	0.6545	0.5893	0.5378	0.0514	1.0945	0.4914	0.6031	2.0812	12.3301	1.6208	4.3838	4.2713	2.4611	1.8660	86.8903	1.8161	0.4860	0.0745	1.1332	0.1213	0.1306	0.0244	0.6824	0.0130	1.2278
38	134	0.2771	4	0	1	0	1	0	0	0	0	N	N	N	N	N	N	N	N	N	N	N	N	0.3033	0.2295	0.1794	1.1461	0.8627	44.3958	0.3122	0.1834	0.1750	0.3537	0.3261	0.5851	0.1358	0.1062	0.6801	0.4246	0.4036	0.5723	1.1662	1.4209	3.2618	0.1185	0.1231	0.0153	1.3601	2.2011	3.2692	0.2144	0.9332	-0.4134	-0.3156	45.5232	61.4372	15.8903	55.8589	3.7386	3.0785	0.6601	0.3523	0.2613	0.0910	3.3863	2.8172	0.5691	2.1670	1.1209	1.0461	0.0192	0.0186	0.0006	2.1478	1.1024	1.0455	10.5699	9.4416	1.1283	2.5948	2.4609	0.1339	7.9751	6.9807	0.9944	3.2228	1.7626	1.4602	0.4834	0.4431	0.0403	2.7394	1.3194	1.4199	0.5260	0.5127	0.8167	3.4219	2.5342	44.3958	0.5416	0.4830	0.7773	0.6724	0.6360	0.7164	0.0397	0.0419	0.0153	0.7841	0.8355	0.7363
38	135	0.1867	3	0	1	0	1	0	0	0	0	N	N	N	N	N	N	N	N	N	N	N	N	0.3372	6.1132	0.1932	0.0317	0.2522	0.0196	0.3397	1.6132	0.1886	0.4175	0.3620	0.8452	0.0549	0.0187	0.9140	0.4789	0.4259	0.8415	1.2380	0.0592	4.3754	1.7284	0.0741	46.7150	1.4098	0.2640	4.4619	0.3029	207.0078	-0.1324	0.5347	45.5232	31.7621	15.8903	18.5886	2.4231	1.8598	0.5633	0.0461	0.0151	0.0310	2.3770	1.8447	0.5323	1.4577	0.0070	1.4507	0.0700	0.0045	0.0655	1.3877	0.0025	1.3852	5.8036	5.1370	0.6665	0.8397	0.8058	0.0339	4.9639	4.3313	0.6326	1.6851	0.8715	0.8136	0.1520	0.1447	0.0073	1.5331	0.7268	0.8063	0.4826	45.0214	0.4740	0.1192	0.6022	0.1023	0.5290	123.0177	0.4898	0.8650	0.0080	1.7830	0.4601	0.0310	8.9360	0.9052	0.0035	1.7180
39	40	0.1889	5	0	0	1	1	0	0	0	0	N	N	N	N	N	N	N	N	N	N	N	N	0.1556	0.0721	14.9562	0.0059	0.0060	0.0309	1.3666	0.9937	18.0572	0.1575	0.1003	0.5700	0.0161	0.0169	0.0010	0.1929	0.1234	0.6202	1.0122	1.3921	0.0381	2.7456	2.8227	0.0320	0.1411	0.1242	0.0343	0.7876	0.0242	0.0203	-0.0573	13.8166	12.6411	4.5847	7.4648	0.1325	0.0741	0.0584	0.0027	0.0027	0.0000	0.1298	0.0714	0.0584	0.0948	0.0925	0.0022	0.0924	0.0923	0.0001	0.0024	0.0002	0.0022	0.8414	0.7390	0.1024	0.1685	0.1602	0.0083	0.6729	0.5788	0.0941	0.2826	0.1605	0.1221	0.0589	0.0561	0.0028	0.2237	0.1043	0.1193	0.4696	0.1740	31.0230	0.0103	0.0103	0.0357	18.1407	60.8201	34.1591	0.3354	0.5766	0.0184	1.5685	1.6449	0.0278	0.0106	0.0020	0.0182
39	41	0.5286	7	0	1	0	1	0	0	0	0	N	N	N	N	N	N	N	N	N	N	N	N	9.6258	57.4642	2.5181	43.7332	38.0934	173.3132	6.5543	57.6494	1.5475	0.9072	1.0046	0.1075	0.4547	0.4661	0.2692	1.1713	1.3476	0.0675	0.0943	0.0175	0.0427	0.0104	0.0122	0.0016	0.1787	0.0234	0.0436	0.0130	3.0980	-0.3388	0.0004	13.8166	22.0894	4.5847	9.3639	1.2351	1.2193	0.0159	0.2281	0.2202	0.0079	1.0071	0.9991	0.0080	0.0032	0.0008	0.0024	0.0007	0.0007	0.0000	0.0025	0.0001	0.0024	1.3614	1.2137	0.1477	0.5016	0.4723	0.0292	0.8598	0.7414	0.1185	0.3009	0.1819	0.1190	0.1017	0.0886	0.0132	0.1992	0.0934	0.1058	84.7431	232.5072	5.2499	63.0482	57.8838	173.3132	93.7694	1726.6616	2.9591	0.0107	0.0043	0.0205	0.0072	0.0081	0.0016	0.0125	0.0008	0.0228
39	43	0.4588	6	1	0	1	1	0	0	0	0	N	N	N	N	N	N	N	N	N	N	N	N	5.1935	11.6455	1.1695	4.0256	3.6867	16.6710	3.8706	1.5309	1.2727	0.0183	0.0201	0.0029	0.0031	0.0032	0.0005	0.0290	0.0330	0.0035	0.0035	0.0017	0.0024	0.0008	0.0009	0.0000	0.0075	0.0215	0.0027	0.0158	2.0446	-0.0058	0.0000	13.8166	18.2331	4.5847	4.4208	0.0214	0.0211	0.0003	0.0015	0.0015	0.0000	0.0199	0.0196	0.0003	0.0003	0.0001	0.0002	0.0001	0.0001	0.0000	0.0003	0.0000	0.0002	1.1688	1.0518	0.1170	0.4818	0.4568	0.0249	0.6870	0.5950	0.0920	0.2135	0.1277	0.0858	0.0736	0.0642	0.0095	0.1398	0.0635	0.0763	12.5402	24.9785	1.1695	4.0256	3.6867	16.6710	15.8741	45.1143	1.2727	0.0015	0.0008	0.0024	0.0008	0.0009	0.0000	0.0018	0.0007	0.0027
39	44	0.5185	6	0	1	0	2	0	0	0	0	N	N	N	Y	N	N	N	N	N	N	N	N	2.0576	10.8292	7.8257	33.7580	23.4222	2884.3542	1.8693	3.3602	8.7961	0.9792	0.7041	3.4413	0.6825	0.5803	2.2876	1.1871	0.7977	3.8161	0.4759	0.0650	0.4397	0.0202	0.0248	0.0008	0.6351	0.2374	0.4338	0.5463	6.0910	0.2520	0.0066	13.8166	62.5878	4.5847	29.9840	3.8094	2.4636	1.3458	1.0937	0.8743	0.2194	2.7157	1.5893	1.1264	0.0288	0.0041	0.0247	0.0033	0.0033	0.0000	0.0255	0.0008	0.0247	3.8902	3.4991	0.3911	1.6025	1.5066	0.0959	2.2876	1.9925	0.2952	0.8005	0.4907	0.3098	0.2762	0.2392	0.0370	0.5243	0.2515	0.2728	27.2075	85.0328	43.0764	57.1561	42.4677	2884.3542	24.3968	252.4188	42.1145	0.0360	0.0083	0.0799	0.0119	0.0137	0.0008	0.0487	0.0032	0.0906
39	45	0.4588	6	1	0	1	1	0	0	0	0	N	N	N	N	N	N	N	N	N	N	N	N	3.4085	3.1853	0.2678	9.4317	8.1269	20.7271	1.5552	0.9371	0.1870	0.0204	0.0226	0.0006	0.0361	0.0380	0.0010	0.0090	0.0104	0.0004	0.0060	0.0071	0.0021	0.0038	0.0047	0.0000	0.0058	0.0110	0.0023	0.0027	0.6076	-0.0052	-0.0001	13.8166	13.5293	4.5847	3.1702	0.0184	0.0183	0.0000	0.0137	0.0136	0.0000	0.0047	0.0047	0.0000	0.0004	0.0002	0.0001	0.0002	0.0002	0.0000	0.0002	0.0000	0.0001	0.9011	0.8120	0.0890	0.3783	0.3591	0.0192	0.5228	0.4529	0.0699	0.1618	0.0971	0.0647	0.0563	0.0492	0.0071	0.1055	0.0479	0.0577	9.3045	9.9335	0.2678	10.1203	9.3275	20.7271	6.1920	24.6011	0.1870	0.0022	0.0023	0.0021	0.0036	0.0041	0.0000	0.0015	0.0004	0.0023
39	46	0.4543	5	1	0	1	1	0	0	0	0	N	N	N	N	N	N	N	N	N	N	N	N	0.0922	0.0697	1.2331	0.2826	0.2463	6.3592	0.0775	0.0158	1.6072	0.0062	0.0040	0.0295	0.0052	0.0053	0.0027	0.0070	0.0027	0.0367	0.0668	0.0570	0.0239	0.0184	0.0215	0.0004	0.0902	0.1710	0.0229	0.6938	0.9651	0.0003	-0.0001	13.8166	4.1147	4.5847	1.2946	0.0024	0.0014	0.0010	0.0009	0.0009	0.0000	0.0014	0.0005	0.0009	0.0006	0.0003	0.0003	0.0003	0.0003	0.0000	0.0004	0.0000	0.0003	0.3830	0.3503	0.0327	0.1784	0.1714	0.0070	0.2047	0.1789	0.0258	0.0663	0.0411	0.0252	0.0249	0.0226	0.0024	0.0414	0.0185	0.0229	0.6462	0.5079	2.3980	0.4674	0.4330	6.3592	0.8162	1.1143	2.7153	0.0095	0.0078	0.0123	0.0111	0.0123	0.0004	0.0086	0.0024	0.0135
39	47	0.3917	4	1	0	0	1	0	0	0	0	N	N	N	N	N	N	N	N	N	N	N	N	0.0277	0.0182	0.0708	0.0281	0.0278	0.6608	0.0248	0.0115	0.0851	0.0226	0.0166	0.0750	0.0252	0.0260	0.0094	0.0212	0.0108	0.0883	0.8173	0.9118	1.0594	0.8979	0.9345	0.0142	0.8566	0.9407	1.0372	0.5214	0.6985	0.0019	-0.0140	13.8166	22.0103	4.5847	13.6452	0.0341	0.0224	0.0117	0.0136	0.0133	0.0002	0.0205	0.0091	0.0114	0.0646	0.0380	0.0266	0.0334	0.0332	0.0003	0.0312	0.0049	0.0263	1.5039	1.3483	0.1557	0.5377	0.5114	0.0263	0.9662	0.8369	0.1294	0.5140	0.3237	0.1903	0.1956	0.1775	0.0181	0.3184	0.1462	0.1722	0.1802	0.1413	0.5371	0.1475	0.1392	0.6608	0.2167	0.3265	0.5780	0.1257	0.1175	0.1396	0.1709	0.1869	0.0142	0.0979	0.0332	0.1528
39	48	0.1889	5	0	1	0	1	0	0	0	0	N	N	N	N	N	N	N	N	N	N	N	N	1.5346	1.3501	1.9574	338.5934	336.1708	320.6201	0.2029	0.0361	2.1870	1.1754	1.1899	1.0709	5.1114	5.2638	2.1616	0.1883	0.0604	0.9749	0.7659	0.8813	0.5471	0.0151	0.0157	0.0067	0.9284	1.6712	0.4458	0.1247	0.5935	-0.1733	-0.0063	13.8166	12.3962	4.5847	3.7178	0.9832	0.8741	0.1090	0.8572	0.8394	0.0178	0.1260	0.0347	0.0912	0.0247	0.0155	0.0092	0.0005	0.0005	0.0000	0.0242	0.0150	0.0092	0.8365	0.7347	0.1018	0.1677	0.1595	0.0082	0.6688	0.5752	0.0936	0.2414	0.1392	0.1022	0.0533	0.0510	0.0023	0.1881	0.0882	0.0999	11.4786	10.6759	11.8904	532.3279	540.9268	320.6201	1.4635	0.3546	10.5976	0.1024	0.1115	0.0901	0.0096	0.0097	0.0067	0.1287	0.1703	0.0920
39	49	0.1600	4	0	0	0	1	0	0	0	0	N	N	N	N	N	N	N	N	N	N	N	N	0.8150	0.6928	3.2272	1.3474	1.5275	0.0386	0.2089	0.0986	5.1987	0.6135	0.6961	0.1162	1.3780	1.5679	0.0007	0.1508	0.1471	0.1707	0.7527	1.0048	0.0360	1.0227	1.0264	0.0192	0.7218	1.4929	0.0328	0.0277	0.0839	-0.2407	-0.0171	13.8166	14.4870	4.5847	5.8627	0.9251	0.9001	0.0250	0.7834	0.7834	0.0001	0.1417	0.1168	0.0249	0.0311	0.0287	0.0024	0.0153	0.0152	0.0001	0.0159	0.0135	0.0023	1.5080	1.2932	0.2149	0.5685	0.4996	0.0689	0.9395	0.7935	0.1460	0.3191	0.1803	0.1388	0.0752	0.0709	0.0043	0.2440	0.1095	0.1345	6.2923	4.3722	6.7008	6.7880	7.3186	0.0386	2.3209	1.1906	9.8790	0.0975	0.1592	0.0173	0.2030	0.2142	0.0192	0.0650	0.1236	0.0173
39	50	0.2284	7	1	1	1	1	0	0	0	0	N	N	N	N	N	N	N	N	N	N	N	N	0.0614	129428.6371	0.0000	inf	inf	inf	0.0000	0.0076	0.0000	0.0516	0.0583	0.0000	0.1990	0.2090	0.0004	0.0000	0.0000	0.0000	0.8403	0.0000	2.2064	0.0000	0.0000	0.0000	0.9902	0.0002	2.0812	0.0001	559790.8058	-0.0010	0.0021	13.8166	0.9856	4.5847	2.8295	0.0033	0.0033	0.0000	0.0033	0.0033	0.0000	0.0000	0.0000	0.0000	0.0058	0.0000	0.0058	0.0000	0.0000	0.0000	0.0058	0.0000	0.0058	0.0643	0.0569	0.0074	0.0167	0.0159	0.0008	0.0476	0.0410	0.0066	0.0417	0.0229	0.0188	0.0060	0.0054	0.0006	0.0357	0.0174	0.0182	0.3729	129428.6371	0.0001	inf	inf	inf	0.0000	2.3121	0.0000	0.1383	0.0000	0.3067	0.0000	0.0000	0.0000	0.1617	0.0000	0.3167
39	51	0.4985	7	1	1	0	1	0	0	0	0	N	N	N	N	N	N	N	N	N	N	N	N	0.0239	0.2334	0.0319	0.4778	0.5139	0.0249	0.0128	0.0217	0.0422	0.0037	0.0038	0.0022	0.0036	0.0038	0.0002	0.0037	0.0038	0.0028	0.1534	0.0164	0.0695	0.0076	0.0075	0.0065	0.2878	0.1762	0.0662	0.0663	4.3040	-0.0008	0.0006	13.8166	13.3057	4.5847	8.6321	0.0036	0.0034	0.0002	0.0015	0.0015	0.0000	0.0021	0.0019	0.0002	0.0033	0.0006	0.0026	0.0005	0.0005	0.0001	0.0027	0.0002	0.0026	0.9768	0.8765	0.1003	0.4114	0.3896	0.0218	0.5654	0.4869	0.0784	0.2387	0.1468	0.0919	0.0903	0.0808	0.0095	0.1484	0.0660	0.0824	0.2686	0.9157	0.0772	0.6428	0.6895	0.0249	0.1988	1.5408	0.0891	0.0136	0.0042	0.0287	0.0057	0.0056	0.0065	0.0185	0.0025	0.0313
39	52	0.2910	7	0	1	0	2	0	0	0	0	N	N	N	Y	N	N	N	N	N	N	N	N	0.0855	0.0020	235.5312	0.0001	0.0001	0.0134	3.0306	0.0058	385.7737	0.0113	0.0007	0.1029	0.0000	0.0000	0.0000	0.0184	0.0012	0.1342	0.1317	0.3548	0.0004	0.1467	0.1685	0.0016	0.0061	0.2080	0.0003	16.3606	0.0147	0.0013	-0.0002	13.8166	2.1073	4.5847	0.0711	0.0019	0.0001	0.0018	0.0000	0.0000	0.0000	0.0019	0.0001	0.0018	0.0003	0.0003	0.0000	0.0003	0.0003	0.0000	0.0000	0.0000	0.0000	0.1705	0.1529	0.0176	0.0662	0.0621	0.0041	0.1042	0.0907	0.0135	0.0259	0.0152	0.0107	0.0067	0.0060	0.0007	0.0191	0.0092	0.0099	0.9019	0.0345	235.5312	0.0004	0.0003	0.0134	12.1139	0.4328	385.7737	0.0125	0.0210	0.0004	0.0436	0.0488	0.0016	0.0015	0.0028	0.0003
39	53	0.2286	6	0	0	0	2	0	0	0	0	N	N	N	Y	N	N	N	N	N	N	N	N	0.1429	0.1234	0.7186	1.1770	1.8598	0.6615	0.0108	0.0014	0.2719	0.0136	0.0132	0.0164	0.0343	0.0327	0.0568	0.0013	0.0008	0.0041	0.0949	0.1073	0.0228	0.0291	0.0176	0.0859	0.1169	0.5940	0.0150	0.1428	0.9963	-0.0034	-0.0004	13.8166	21.8329	4.5847	8.0592	0.0207	0.0181	0.0026	0.0195	0.0174	0.0021	0.0012	0.0007	0.0005	0.0030	0.0015	0.0015	0.0007	0.0004	0.0003	0.0023	0.0011	0.0012	1.5247	1.3668	0.1579	0.5686	0.5318	0.0368	0.9561	0.8350	0.1211	0.2799	0.1517	0.1283	0.0447	0.0399	0.0048	0.2353	0.1117	0.1235	1.2605	1.3308	1.3961	2.1971	3.0616	1.0009	0.1277	0.0876	0.4081	0.0108	0.0100	0.0117	0.0156	0.0107	0.0568	0.0098	0.0097	0.0100
39	54	0.6109	9	0	1	0	2	0	0	0	0	N	N	N	Y	N	N	N	N	N	N	N	N	0.0000	0.0000	0.0000	0.0000	0.0000	0.0000	0.0000	0.0000	0.0000	0.0000	0.0000	0.0000	0.0000	0.0000	0.0000	0.0000	0.0000	0.0000	0.0000	0.0000	13.8166	0.0000	4.5847	0.0000	0.0000	0.0000	0.0000	0.0000	0.0000	0.0000	0.0000	0.0000	0.0000	0.0000	0.0000	0.0000	0.0000	0.0000	0.0000	0.0000	0.0000	0.0000	0.0000	0.0000	0.0000	0.0000	0.0000	0.0000	0.0000	0.0000	0.0000	0.0000	0.0000	0.0000	0.0000	0.0000	0.0000	0.0000	0.0000	0.0000	0.0000	0.0000	0.0000	0.0000	0.0000	0.0000	0.0000	0.0000	0.0000	0.0000	0.0000	0.0000	0.0000	0.0000	0.0000	0.0000	0.0000	0.0000											
39	55	0.2286	6	0	0	0	2	0	0	0	0	N	N	N	Y	N	N	N	N	N	N	N	N	0.3191	0.1335	8.0460	0.1453	0.1171	1.0524	1.1772	0.1005	10.8861	0.0020	0.0016	0.0058	0.0016	0.0014	0.0049	0.0024	0.0018	0.0061	0.0064	0.0122	0.0007	0.0112	0.0120	0.0047	0.0020	0.0181	0.0006	0.3907	0.1417	-0.0000	-0.0000	13.8166	1.2825	4.5847	0.1503	0.0002	0.0002	0.0001	0.0001	0.0001	0.0000	0.0002	0.0001	0.0001	0.0000	0.0000	0.0000	0.0000	0.0000	0.0000	0.0000	0.0000	0.0000	0.1224	0.1103	0.0121	0.0541	0.0507	0.0035	0.0682	0.0596	0.0086	0.0182	0.0109	0.0073	0.0044	0.0041	0.0003	0.0138	0.0068	0.0070	0.8762	0.4779	8.0460	0.2112	0.1773	1.0524	3.9194	2.8239	10.8861	0.0023	0.0034	0.0007	0.0077	0.0079	0.0047	0.0006	0.0006	0.0006
39	56	0.1876	5	0	0	0	2	0	0	0	0	N	N	N	Y	N	N	N	N	N	N	N	N	3.7356	1.8900	40.2905	2.4597	2.8354	4.4613	19.8810	1.5338	150.8592	0.5120	0.5085	0.5380	0.2501	0.2184	0.5754	0.7152	0.7469	0.5196	0.1371	0.2691	0.0134	0.1017	0.0770	0.1290	0.0360	0.4870	0.0034	0.1405	0.3236	-0.1186	-0.0014	13.8166	14.8542	4.5847	6.8183	0.7234	0.6343	0.0891	0.1544	0.1229	0.0315	0.5690	0.5114	0.0576	0.0037	0.0028	0.0009	0.0025	0.0020	0.0005	0.0011	0.0008	0.0004	1.4130	1.2474	0.1656	0.6175	0.5627	0.0547	0.7955	0.6846	0.1109	0.2865	0.1694	0.1171	0.0707	0.0639	0.0069	0.2158	0.1055	0.1103	39.9318	31.0360	70.1653	6.9567	6.8934	7.6072	136.4031	104.8466	150.8592	0.0128	0.0164	0.0077	0.0359	0.0317	0.0756	0.0052	0.0071	0.0034
39	57	0.1127	4	0	0	0	2	0	0	0	0	N	N	N	Y	N	N	N	N	N	N	N	N	0.5377	0.4182	8.2004	0.3327	0.3347	6.8076	0.7908	0.3492	6.2407	0.4450	0.4682	0.3023	0.7317	0.7343	0.7009	0.2866	0.3037	0.2056	0.8275	1.1195	0.0369	2.1994	2.1938	0.1030	0.3624	0.8697	0.0329	0.1051	0.0669	-0.2567	-0.0381	13.8166	33.5853	4.5847	9.3450	1.3368	1.2096	0.1272	0.7822	0.7246	0.0576	0.5546	0.4850	0.0696	0.0674	0.0632	0.0042	0.0578	0.0576	0.0002	0.0096	0.0056	0.0041	3.0042	2.5836	0.4206	1.0689	0.9868	0.0821	1.9353	1.5968	0.3385	0.5080	0.2704	0.2376	0.0718	0.0694	0.0025	0.4362	0.2011	0.2352	3.3548	2.0045	16.9993	0.9098	0.8840	11.0779	12.9949	11.0035	11.8792	0.1326	0.2336	0.0178	0.8043	0.8306	0.0633	0.0221	0.0276	0.0173
39	58	0.0919	3	0	0	0	1	0	0	0	0	N	N	N	N	N	N	N	N	N	N	N	N	1.1398	1.1778	2.1048	1.0196	1.1035	0.8258	1.2255	1.0593	2.8447	0.7098	0.7140	0.6904	0.6680	0.6481	0.8579	0.7349	0.7605	0.6482	0.6228	0.6062	0.3280	0.6552	0.5873	1.0389	0.5997	0.7179	0.2279	0.2090	1.1987	-0.1485	-0.0013	13.8166	15.2419	4.5847	2.5705	1.2995	1.0749	0.2246	0.4599	0.4037	0.0562	0.8396	0.6711	0.1685	0.0159	0.0072	0.0087	0.0063	0.0058	0.0005	0.0097	0.0015	0.0082	1.8308	1.5055	0.3253	0.6884	0.6230	0.0655	1.1424	0.8825	0.2599	0.2738	0.1445	0.1294	0.0524	0.0508	0.0016	0.2214	0.0936	0.1278	12.2015	14.2375	10.2843	5.5955	5.7003	2.8048	16.8217	48.6022	10.0917	0.0582	0.0501	0.0671	0.1194	0.1137	0.3059	0.0437	0.0156	0.0642
39	59	0.6109	9	0	0	0	2	0	0	0	0	N	N	N	Y	N	N	N	N	N	N	N	N	inf	inf	inf	inf	0.0099	0.0110	0.0000	0.0000	0.0000	0.0000	0.0172	0.0205	0.0000	0.0000	0.0000	0.0000	0.0000	0.0000	0.0000	0.0000	0.0000	0.0000	0.0026	-0.0000	-0.0000	13.8166	0.0000	4.5847	0.0000	0.0000	0.0000	0.0000	0.0000	0.0000	0.0000	0.0000	0.0000	0.0000	0.0000	0.0000	0.0000	0.0000	0.0000	0.0000	0.0000	0.0000	0.0000	0.0000	0.0000	0.0000	0.0000	0.0000	0.0000	0.0000	0.0000	0.0000	0.0000	0.0000	0.0000	0.0000	0.0000	0.0000	0.0000	0.0000	0.0000	inf	inf	0.0000	0.0000	0.0000	0.0000	inf	inf	0.0000	0.0000	0.0000	0.0000	0.0000	0.0000	0.0000	0.0000	0.0000	0.0000						
39	60	0.5335	8	0	0	0	2	0	0	0	0	N	N	N	Y	N	N	N	N	N	N	N	N	32.0526	22.6616	1.2654	21.7176	20.1349	2.2213	23.4097	2.5481	1.5105	0.7081	0.7897	0.0098	0.1584	0.1666	0.0055	0.9958	1.1465	0.0107	0.0221	0.0348	0.0078	0.0073	0.0083	0.0025	0.0425	0.4499	0.0071	0.0015	0.4870	-0.2169	-0.0005	13.8166	19.3360	4.5847	7.9957	0.7591	0.7580	0.0011	0.0583	0.0582	0.0001	0.7007	0.6997	0.0010	0.0016	0.0011	0.0005	0.0006	0.0005	0.0000	0.0010	0.0005	0.0005	1.0719	0.9599	0.1121	0.3682	0.3495	0.0187	0.7037	0.6103	0.0934	0.2703	0.1697	0.1007	0.1013	0.0862	0.0151	0.1690	0.0835	0.0856	121.0382	125.9725	1.9116	28.9198	27.7533	2.2213	163.9577	175.2482	1.9057	0.0059	0.0063	0.0051	0.0055	0.0060	0.0025	0.0061	0.0065	0.0056
39	61	0.2235	6	0	1	1	1	0	0	0	0	N	N	N	N	N	N	N	N	N	N	N	N	2.7887	2.9864	1.4703	224.3393	204.8549	317.0916	2.1618	1.2358	0.1194	0.8665	0.9643	0.0792	0.8176	0.8338	0.5200	0.8882	1.0279	0.0056	0.3107	0.3229	0.0539	0.0036	0.0041	0.0016	0.4109	0.8317	0.0469	0.0102	1.0493	-0.2137	-0.0007	13.8166	14.2360	4.5847	11.9336	0.7713	0.7635	0.0078	0.2236	0.2163	0.0073	0.5478	0.5473	0.0005	0.0056	0.0028	0.0029	0.0002	0.0001	0.0000	0.0055	0.0026	0.0029	0.8901	0.7918	0.0983	0.2735	0.2594	0.0141	0.6167	0.5324	0.0843	0.2689	0.1478	0.1211	0.0438	0.0403	0.0035	0.2251	0.1075	0.1176	41.3412	51.8316	3.3224	234.2591	228.3354	317.0916	36.4593	42.4570	0.2285	0.0210	0.0186	0.0238	0.0035	0.0037	0.0016	0.0244	0.0242	0.0245
39	62	0.1513	6	1	0	1	1	0	0	0	0	N	N	N	N	N	N	N	N	N	N	N	N	4.3083	2.9517	5.7979	50.2491	48.9219	64.8644	3.0961	1.1288	2.0663	0.9960	1.1108	0.1149	1.5631	1.5994	0.8556	0.8212	0.9450	0.0328	0.2312	0.3763	0.0198	0.0311	0.0327	0.0132	0.2652	0.8372	0.0159	0.0135	0.3729	-0.4722	-0.0028	13.8166	28.8660	4.5847	13.2209	1.7243	1.7014	0.0229	0.6375	0.6205	0.0170	1.0868	1.0809	0.0059	0.0078	0.0057	0.0021	0.0012	0.0011	0.0001	0.0066	0.0046	0.0021	1.7312	1.5317	0.1995	0.4079	0.3880	0.0199	1.3233	1.1437	0.1796	0.4586	0.2526	0.2060	0.0711	0.0663	0.0047	0.3875	0.1862	0.2013	58.5388	49.3633	11.1706	95.7978	96.7016	64.8644	47.9059	38.3757	3.2053	0.0170	0.0225	0.0103	0.0163	0.0165	0.0132	0.0171	0.0246	0.0102
39	63	0.1486	5	1	1	0	1	0	0	0	0	N	N	N	N	N	N	N	N	N	N	N	N	0.0526	0.0438	0.1330	0.5669	0.5454	3.9726	0.0244	0.0112	0.0752	0.0192	0.0213	0.0045	0.0580	0.0615	0.0176	0.0087	0.0097	0.0024	0.3652	0.4854	0.0338	0.1023	0.1127	0.0044	0.3568	0.8634	0.0325	0.0300	0.4283	-0.0016	-0.0014	13.8166	5.0237	4.5847	8.0282	0.0064	0.0062	0.0002	0.0041	0.0040	0.0001	0.0023	0.0022	0.0001	0.0044	0.0031	0.0013	0.0014	0.0013	0.0000	0.0030	0.0017	0.0013	0.3308	0.2897	0.0411	0.0705	0.0649	0.0056	0.2603	0.2248	0.0355	0.1764	0.0971	0.0792	0.0378	0.0341	0.0036	0.1386	0.0630	0.0756	0.7772	0.6778	0.2731	1.6101	1.5615	3.9726	0.4022	0.3576	0.1431	0.0247	0.0314	0.0165	0.0360	0.0394	0.0044	0.0216	0.0271	0.0171
39	64	0.0856	4	1	1	0	1	0	0	0	0	N	N	N	N	N	N	N	N	N	N	N	N	0.9250	0.5922	0.4075	0.4491	0.4817	6.5609	0.9570	0.5804	0.3586	1.4209	1.5833	0.1457	0.9049	0.9567	0.2879	1.7128	1.9606	0.0989	1.5360	2.6735	0.3576	2.0151	1.9862	0.0439	1.7897	3.3781	0.2757	0.0117	0.0233	-0.6131	-0.4086	13.8166	17.5893	4.5847	19.0270	2.2249	2.1992	0.0258	0.5120	0.4994	0.0126	1.7129	1.6997	0.0132	0.6748	0.6594	0.0154	0.0397	0.0396	0.0001	0.6351	0.6198	0.0153	1.5659	1.3889	0.1770	0.5658	0.5220	0.0439	1.0001	0.8669	0.1331	0.4674	0.2467	0.2207	0.0651	0.0620	0.0031	0.4022	0.1847	0.2176	0.9841	0.5922	2.0900	1.4837	1.4974	8.0554	1.0848	0.5841	1.4084	1.4439	2.6735	0.0697	0.6099	0.6389	0.0357	1.5789	3.3566	0.0702
39	65	0.0793	3	0	1	0	1	0	0	0	0	N	N	N	N	N	N	N	N	N	N	N	N	3.1791	3.8080	0.2391	11.3386	11.8927	17.9445	1.0616	1.3212	0.0863	3.1321	3.4577	0.6836	9.8668	10.1027	5.1678	1.2216	1.3776	0.2400	0.9852	0.9080	2.8586	0.8702	0.8495	0.2880	1.1507	1.0427	2.7813	0.0263	3.3468	-0.1152	0.0059	13.8166	1.7566	4.5847	2.8742	0.4406	0.4293	0.0113	0.3067	0.2990	0.0077	0.1339	0.1303	0.0036	0.0414	0.0095	0.0319	0.0081	0.0080	0.0001	0.0334	0.0015	0.0318	0.1407	0.1242	0.0165	0.0311	0.0296	0.0015	0.1096	0.0946	0.0150	0.1457	0.0818	0.0639	0.0494	0.0489	0.0005	0.0963	0.0329	0.0635	11.0109	29.6535	1.3695	60.2570	61.5818	39.4103	3.5277	29.9336	0.4783	0.2845	0.1166	0.4991	0.1637	0.1641	0.1311	0.3463	0.0460	0.5018
39	66	0.2235	6	0	1	0	1	0	0	0	0	N	N	N	N	N	N	N	N	N	N	N	N	0.4336	0.0523	1219.4296	0.1699	0.1145	37.9437	0.5269	0.0421	1410.2249	0.2830	0.0477	2.1864	0.0099	0.0075	0.0531	0.4019	0.0668	2.5451	0.6527	0.9111	0.0018	0.0581	0.0653	0.0014	0.7627	1.5863	0.0018	5.6705	0.0125	0.2046	-0.0128	13.8166	21.1811	4.5847	10.1862	0.3634	0.0545	0.3089	0.0038	0.0028	0.0011	0.3596	0.0517	0.3078	0.0207	0.0205	0.0003	0.0013	0.0013	0.0000	0.0194	0.0191	0.0003	1.2840	1.1427	0.1413	0.3893	0.3690	0.0203	0.8946	0.7737	0.1210	0.3175	0.1745	0.1430	0.0513	0.0471	0.0042	0.2663	0.1274	0.1388	4.3374	0.4066	1219.4296	0.3807	0.2664	37.9437	5.5187	0.4450	1410.2249	0.0653	0.1172	0.0018	0.0259	0.0281	0.0014	0.0728	0.1502	0.0018
39	67	0.2097	5	0	1	0	1	0	0	0	0	N	N	N	N	N	N	N	N	N	N	N	N	0.3829	0.6630	0.4476	3.7851	3.6182	7.6464	0.1770	0.0271	0.5534	0.0061	0.0062	0.0051	0.0050	0.0051	0.0039	0.0066	0.0068	0.0053	0.0159	0.0094	0.0114	0.0013	0.0014	0.0005	0.0370	0.2492	0.0096	0.0999	2.0622	-0.0006	0.0000	13.8166	7.4253	4.5847	0.9851	0.0030	0.0027	0.0003	0.0007	0.0007	0.0000	0.0023	0.0020	0.0002	0.0004	0.0001	0.0003	0.0000	0.0000	0.0000	0.0004	0.0001	0.0003	0.4890	0.4360	0.0529	0.1431	0.1363	0.0068	0.3459	0.2998	0.0461	0.0894	0.0487	0.0407	0.0136	0.0124	0.0012	0.0758	0.0363	0.0395	1.2979	2.2070	0.7365	3.7851	3.6182	7.6464	1.2354	2.0421	0.7417	0.0047	0.0028	0.0070	0.0013	0.0014	0.0005	0.0053	0.0033	0.0071
39	68	0.1600	4	0	0	1	1	0	0	0	0	N	N	N	N	N	N	N	N	N	N	N	N	0.2096	0.1879	0.2464	6.5452	7.0763	0.0046	0.1640	0.0938	0.3834	0.1411	0.1626	0.0111	0.1519	0.1727	0.0000	0.1347	0.1563	0.0162	0.6732	0.8650	0.0449	0.0232	0.0244	0.0102	0.8210	1.6665	0.0421	0.0112	0.1564	-0.0600	-0.0113	13.8166	15.0354	4.5847	6.2061	0.2173	0.2149	0.0024	0.0872	0.0872	0.0000	0.1301	0.1277	0.0024	0.0230	0.0199	0.0031	0.0010	0.0010	0.0000	0.0220	0.0189	0.0031	1.5400	1.3216	0.2184	0.5741	0.5050	0.0691	0.9658	0.8166	0.1493	0.3288	0.1853	0.1435	0.0764	0.0719	0.0044	0.2524	0.1134	0.1391	2.0190	1.5163	0.5103	11.4484	12.8332	0.0046	1.5477	0.9377	0.7333	0.0699	0.1072	0.0217	0.0133	0.0135	0.0102	0.0870	0.1667	0.0220
39	69	0.0919	3	0	0	0	1	0	0	0	0	N	N	N	N	N	N	N	N	N	N	N	N	0.9533	0.6501	2.8596	2.1427	2.6345	1.2032	0.9142	0.4511	4.0717	0.8669	0.8084	1.1788	0.6447	0.6299	0.8003	0.9652	0.8974	1.2558	0.9094	1.2435	0.4122	0.3009	0.2391	0.6652	1.0558	1.9893	0.3084	0.2733	0.2192	-0.1585	-0.0476	13.8166	27.6811	4.5847	13.1592	2.1854	1.7163	0.4690	0.4987	0.4449	0.0538	1.6867	1.2715	0.4153	0.1061	0.0870	0.0191	0.0048	0.0043	0.0006	0.1013	0.0828	0.0185	2.5210	2.1231	0.3979	0.7735	0.7063	0.0672	1.7475	1.4168	0.3307	0.5212	0.2715	0.2497	0.0754	0.0729	0.0026	0.4457	0.1986	0.2471	4.2583	2.5224	15.4281	10.0464	10.7516	3.5943	4.2489	2.1542	16.7684	0.2036	0.3205	0.0764	0.0642	0.0586	0.2227	0.2272	0.4166	0.0749
39	70	0.0571	2	0	0	0	1	0	0	0	0	N	N	N	N	N	N	N	N	N	N	N	N	1.3101	1.1288	0.8081	1.1871	1.3792	0.0325	1.1950	0.7573	0.9548	1.3270	1.0689	2.3780	1.1518	1.1982	0.7676	1.4300	0.9785	2.7868	1.0129	0.9469	2.9426	0.9703	0.8688	23.6460	1.1967	1.2921	2.9186	0.5462	3.8182	0.2135	0.0344	13.8166	19.6565	4.5847	4.0504	3.2297	2.0888	1.1409	1.0380	0.9635	0.0746	2.1917	1.1253	1.0663	0.2095	0.0435	0.1660	0.0362	0.0319	0.0043	0.1733	0.0115	0.1617	2.4339	1.9541	0.4798	0.9012	0.8041	0.0971	1.5327	1.1500	0.3826	0.6247	0.3284	0.2963	0.1889	0.1876	0.0013	0.4358	0.1407	0.2950	3.9563	8.0716	4.2440	6.0043	7.0381	0.2332	3.5960	11.9307	5.0833	0.3354	0.1324	0.5603	0.1918	0.1702	3.2914	0.3977	0.0820	0.5482
39	71	0.2128	6	1	1	0	1	0	0	0	0	N	N	N	N	N	N	N	N	N	N	N	N	1.9838	3.9954	0.0507	13.9019	16.3460	0.0173	0.2318	0.0772	0.0772	0.0161	0.0180	0.0003	0.0453	0.0479	0.0001	0.0032	0.0037	0.0003	0.0081	0.0045	0.0060	0.0033	0.0029	0.0063	0.0139	0.0476	0.0044	0.0021	2.1692	-0.0050	0.0000	13.8166	17.5448	4.5847	6.0013	0.0177	0.0176	0.0000	0.0152	0.0152	0.0000	0.0025	0.0024	0.0000	0.0007	0.0002	0.0005	0.0001	0.0001	0.0000	0.0006	0.0001	0.0005	1.1012	0.9808	0.1204	0.3360	0.3176	0.0184	0.7652	0.6632	0.1020	0.2417	0.1322	0.1095	0.0368	0.0336	0.0032	0.2049	0.0986	0.1063	5.6063	10.8913	0.0706	14.0517	16.3460	0.0173	1.1530	3.0192	0.0798	0.0029	0.0017	0.0043	0.0032	0.0029	0.0063	0.0028	0.0012	0.0043
39	72	0.2813	9	1	1	1	1	0	0	0	0	N	N	N	N	N	N	N	N	N	N	N	N	0.0113	262.9711	0.0000	399.6510	408.3380	0.0000	0.0027	0.0000	0.0061	0.0068	0.0000	0.0159	0.0167	0.0000	0.0000	0.0000	0.0000	0.5367	0.0000	0.9685	0.0000	0.0000	0.0000	0.7353	0.0003	0.9068	0.0000	3211.7523	-0.0002	0.0012	13.8166	1.8980	4.5847	2.9698	0.0008	0.0008	0.0000	0.0008	0.0008	0.0000	0.0000	0.0000	0.0000	0.0032	0.0000	0.0032	0.0000	0.0000	0.0000	0.0032	0.0000	0.0032	0.1274	0.1137	0.0138	0.0489	0.0465	0.0024	0.0785	0.0671	0.0113	0.0734	0.0483	0.0251	0.0249	0.0242	0.0007	0.0485	0.0241	0.0244	0.1378	326.4398	0.0000	399.6510	408.3380	0.0000	0.0000	0.7523	0.0000	0.0442	0.0000	0.1292	0.0000	0.0000	0.0000	0.0669	0.0000	0.1331	
39	73	0.2617	8	1	0	1	1	0	0	0	0	N	N	N	N	N	N	N	N	N	N	N	N	0.0344	0.0415	0.0475	0.1596	0.1669	0.6193	0.0297	0.0195	0.0987	0.0102	0.0111	0.0029	0.0135	0.0150	0.0002	0.0070	0.0072	0.0052	0.2959	0.2664	0.0603	0.0844	0.0896	0.0003	0.2343	0.3679	0.0527	0.0309	0.9557	-0.0013	-0.0003	13.8166	3.5853	4.5847	4.3819	0.0052	0.0050	0.0002	0.0034	0.0034	0.0000	0.0018	0.0016	0.0002	0.0020	0.0010	0.0010	0.0008	0.0008	0.0000	0.0012	0.0002	0.0010	0.5071	0.4531	0.0541	0.2518	0.2267	0.0251	0.2553	0.2264	0.0290	0.1002	0.0627	0.0374	0.0256	0.0243	0.0013	0.0746	0.0384	0.0361	0.5109	0.6795	0.1097	0.4162	0.4384	0.6193	0.4433	1.4253	0.1927	0.0199	0.0163	0.0261	0.0324	0.0341	0.0003	0.0157	0.0050	0.0270
39	74	0.2302	7	1	0	1	1	0	0	0	0	N	N	N	N	N	N	N	N	N	N	N	N	0.1438	0.1381	0.0053	0.0924	0.0957	17.8600	0.1072	0.1851	0.0053	0.1845	0.2045	0.0202	0.2936	0.3087	0.0184	0.1387	0.1566	0.0205	1.2829	1.4802	3.8287	3.1767	3.2249	0.0010	1.2938	0.8462	3.9012	0.0120	1.0776	-0.0392	-0.0236	13.8166	12.3589	4.5847	7.3592	0.1425	0.1408	0.0017	0.0671	0.0669	0.0002	0.0754	0.0739	0.0015	0.2148	0.1034	0.1114	0.1011	0.1011	0.0000	0.1137	0.0023	0.1114	0.7724	0.6888	0.0837	0.2286	0.2168	0.0118	0.5439	0.4720	0.0718	0.2260	0.1320	0.0940	0.0444	0.0416	0.0028	0.1816	0.0904	0.0912	0.1942	0.2611	0.0171	0.1290	0.1270	17.8600	0.2214	6.1004	0.0168	0.9504	0.7833	1.1851	2.2764	2.4297	0.0010	0.6262	0.0257	1.2215
39	75	0.2128	6	1	0	1	1	0	0	0	0	N	N	N	N	N	N	N	N	N	N	N	N	4.1632	3.7073	0.0106	0.3749	0.3617	2.5062	6.7943	3.1485	0.0114	1.4577	1.6356	0.0004	0.0556	0.0589	0.0004	2.1234	2.4508	0.0004	0.3502	0.4412	0.0399	0.1482	0.1627	0.0002	0.3125	0.7784	0.0375	0.0000	0.5877	-0.2834	-0.0007	13.8166	10.2127	4.5847	1.0234	0.9871	0.9871	0.0000	0.0121	0.0121	0.0000	0.9750	0.9750	0.0000	0.0028	0.0017	0.0010	0.0008	0.0008	0.0000	0.0020	0.0010	0.0010	0.6772	0.6035	0.0737	0.2180	0.2057	0.0123	0.4592	0.3978	0.0614	0.1185	0.0648	0.0537	0.0181	0.0166	0.0016	0.1004	0.0482	0.0522	62.2371	60.6147	0.0220	1.2668	1.2278	2.5062	107.6220	123.9465	0.0217	0.0234	0.0270	0.0191	0.0439	0.0479	0.0002	0.0197	0.0198	0.0197
39	76	0.2097	5	1	0	0	1	0	0	0	0	N	N	N	N	N	N	N	N	N	N	N	N	1110.2815	863.9525	23.5679	1756.4516	1682.3398	429.0116	13.8767	2.0629	18.4030	0.6799	0.7586	0.0075	2.1972	2.2951	0.0178	0.0109	0.0116	0.0060	0.0006	0.0009	0.0003	0.0013	0.0014	0.0000	0.0008	0.0056	0.0003	0.0012	0.5150	-0.0510	-0.0000	13.8166	3.7027	4.5847	0.0091	0.1784	0.1782	0.0002	0.1765	0.1764	0.0001	0.0020	0.0018	0.0001	0.0000	0.0000	0.0000	0.0000	0.0000	0.0000	0.0000	0.0000	0.0000	0.2625	0.2350	0.0275	0.0803	0.0769	0.0035	0.1822	0.1581	0.0240	0.0399	0.0217	0.0182	0.0061	0.0055	0.0005	0.0338	0.0162	0.0176	1599.7409	1472.1514	23.5679	1756.4516	1682.3398	429.0116	39.3069	51.9349	18.4030	0.0004	0.0005	0.0003	0.0013	0.0014	0.0000	0.0003	0.0002	0.0003
39	77	0.1927	4	0	0	0	1	0	0	0	0	N	N	N	N	N	N	N	N	N	N	N	N	0.3609	0.1432	35.4827	0.3724	0.1816	14.1613	0.8752	0.0945	37.2054	0.2452	0.1255	1.2974	0.4271	0.2136	3.6930	0.1203	0.0602	0.5217	0.6796	0.8765	0.0366	1.1469	1.1762	0.2608	0.1375	0.6372	0.0140	1.1761	0.1112	0.0201	-0.0059	13.8166	3.8334	4.5847	6.1787	0.0795	0.0365	0.0429	0.0564	0.0265	0.0299	0.0231	0.0101	0.0130	0.0112	0.0101	0.0011	0.0100	0.0095	0.0006	0.0012	0.0006	0.0006	0.3240	0.2909	0.0331	0.1320	0.1239	0.0081	0.1920	0.1670	0.0250	0.1560	0.0926	0.0634	0.0423	0.0378	0.0045	0.1137	0.0549	0.0588	3.4087	1.1512	73.1995	1.8017	0.8524	29.7380	11.4202	5.1856	54.7536	0.0719	0.1090	0.0177	0.2370	0.2506	0.1242	0.0105	0.0116	0.0095
39	78	0.1536	3	0	0	0	1	0	0	0	0	N	N	N	N	N	N	N	N	N	N	N	N	0.2222	0.1260	11.8661	0.1923	0.1882	2.1157	0.2474	0.0758	15.7129	0.1442	0.1033	0.4901	0.1262	0.1213	0.2362	0.1508	0.0959	0.5214	0.6490	0.8194	0.0413	0.6565	0.6444	0.1116	0.6096	1.2651	0.0332	0.5620	0.1458	0.0125	-0.0113	13.8166	16.9094	4.5847	5.8161	0.1719	0.1100	0.0618	0.0405	0.0373	0.0033	0.1313	0.0728	0.0586	0.0225	0.0196	0.0029	0.0106	0.0101	0.0005	0.0119	0.0095	0.0024	1.1919	1.0658	0.1262	0.3212	0.3073	0.0138	0.8708	0.7584	0.1123	0.3509	0.2073	0.1435	0.0889	0.0821	0.0069	0.2619	0.1253	0.1367	2.2490	1.0904	24.5730	1.0572	0.9812	3.4151	3.3266	1.2666	29.8447	0.0641	0.0947	0.0199	0.1194	0.1236	0.0692	0.0453	0.0757	0.0175
39	79	0.0793	3	0	1	0	1	0	0	0	0	N	N	N	N	N	N	N	N	N	N	N	N	0.2167	0.0247	0.8360	0.1446	0.0299	25.5249	0.2085	0.0201	0.8114	0.6850	0.0833	4.9833	0.2828	0.0573	4.6301	0.7527	0.0881	5.0049	3.1608	3.3680	5.9608	1.9557	1.9183	0.1814	3.6091	4.3917	6.1682	8.3776	0.7790	0.6259	-0.3335	13.8166	23.9173	4.5847	17.8091	1.0325	0.1101	0.9224	0.0614	0.0118	0.0496	0.9711	0.0983	0.8728	1.7510	0.9843	0.7668	0.0469	0.0466	0.0003	1.7042	0.9377	0.7665	1.5073	1.3222	0.1851	0.2171	0.2064	0.0107	1.2902	1.1158	0.1744	0.5540	0.2922	0.2618	0.0818	0.0787	0.0031	0.4722	0.2135	0.2587	0.2167	0.0247	1.7011	0.4934	0.0968	49.1478	0.2085	0.0201	1.6891	3.1608	3.3680	2.9294	0.5732	0.5919	0.0942	3.6091	4.3917	2.9631
39	80	0.0632	2	0	1	0	1	0	0	0	0	N	N	N	N	N	N	N	N	N	N	N	N	0.0165	0.0151	0.0057	0.0370	0.0384	1.3527	0.0092	0.0107	0.0050	0.0148	0.0156	0.0095	0.0588	0.0591	0.0530	0.0086	0.0088	0.0075	0.8979	1.0361	1.6632	1.5907	1.5395	0.0392	0.9426	0.8246	1.4961	0.0879	1.0390	-0.0012	-0.0044	13.8166	6.1279	4.5847	3.6878	0.0059	0.0054	0.0005	0.0029	0.0028	0.0001	0.0030	0.0026	0.0004	0.0370	0.0182	0.0189	0.0167	0.0167	0.0000	0.0203	0.0014	0.0189	0.3979	0.3476	0.0503	0.0491	0.0469	0.0022	0.3487	0.3006	0.0481	0.1925	0.1040	0.0884	0.0437	0.0433	0.0004	0.1488	0.0608	0.0881	0.0770	0.0893	0.0444	0.1534	0.1529	1.6052	0.0632	0.3726	0.0349	0.1925	0.1746	0.2135	0.3835	0.3866	0.0330	0.1364	0.0236	0.2142
39	81	0.1513	6	1	0	1	1	0	0	0	0	N	N	N	N	N	N	N	N	N	N	N	N	0.5249	0.9287	0.0003	0.5127	0.5382	2.0398	0.4209	3.8615	0.0002	0.8178	0.9242	0.0016	0.9622	1.0113	0.0043	0.7731	0.8946	0.0013	1.5580	0.9952	6.2454	1.8768	1.8789	0.0021	1.8368	0.2317	6.4770	0.0002	16.3090	-0.3894	0.2028	13.8166	27.2690	4.5847	12.3406	1.3574	1.3571	0.0003	0.3775	0.3774	0.0001	0.9799	0.9796	0.0002	0.6461	0.0373	0.6088	0.0368	0.0368	0.0000	0.6093	0.0006	0.6088	1.6597	1.4683	0.1914	0.3924	0.3732	0.0191	1.2674	1.0951	0.1723	0.4390	0.2419	0.1970	0.0685	0.0640	0.0045	0.3704	0.1779	0.1925	0.5556	5.9908	0.0005	1.7930	1.7606	2.0398	0.4700	287.9485	0.0004	1.4719	0.1543	3.0901	0.5366	0.5744	0.0021	1.6450	0.0031	3.1626
39	82	0.1359	5	0	0	0	1	0	0	0	0	N	N	N	N	N	N	N	N	N	N	N	N	0.3804	0.9561	1.4263	0.6092	0.3944	354.9019	0.2751	0.0931	1.5950	0.0268	0.0249	0.0431	0.0055	0.0041	0.0366	0.0352	0.0339	0.0439	0.0705	0.0260	0.0302	0.0091	0.0105	0.0001	0.1280	0.3640	0.0275	0.2080	2.2912	-0.0021	0.0001	13.8166	9.0798	4.5847	0.9519	0.0179	0.0148	0.0031	0.0010	0.0007	0.0003	0.0168	0.0140	0.0028	0.0011	0.0003	0.0008	0.0001	0.0001	0.0000	0.0010	0.0002	0.0008	0.6666	0.5952	0.0714	0.1891	0.1809	0.0082	0.4775	0.4143	0.0632	0.1159	0.0627	0.0532	0.0162	0.0149	0.0012	0.0998	0.0478	0.0520	2.7492	4.5398	2.9121	0.8449	0.5844	354.9019	3.4310	6.8199	2.9012	0.0098	0.0055	0.0148	0.0066	0.0071	0.0001	0.0103	0.0050	0.0151
39	83	0.0632	2	0	1	0	1	0	0	0	0	N	N	N	N	N	N	N	N	N	N	N	N	1.4773	6.4905	1.6340	0.0043	0.0047	0.0000	1.4375	7.4003	1.6770	1.5969	1.0039	5.7735	0.0005	0.0006	0.0000	1.8218	1.1602	6.0392	1.0810	0.1547	3.5334	0.1244	0.1197	0.0164	1.2674	0.1568	3.6011	0.8166	74.9312	0.3400	0.0813	13.8166	21.0000	4.5847	14.4214	2.0935	1.1524	0.9411	0.0001	0.0001	0.0000	2.0934	1.1523	0.9411	0.2267	0.0030	0.2237	0.0026	0.0025	0.0000	0.2241	0.0004	0.2237	1.3109	1.1479	0.1630	0.1619	0.1547	0.0072	1.1491	0.9932	0.1558	0.4839	0.2529	0.2310	0.0632	0.0619	0.0013	0.4207	0.1910	0.2297	3.4090	85.0540	5.9611	0.0132	0.0137	0.0000	3.4197	502.6064	6.2014	0.4684	0.0118	0.9685	0.0406	0.0411	0.0164	0.5327	0.0023	0.9738
39	84	0.1209	6	0	0	1	1	0	0	0	0	N	N	N	N	N	N	N	N	N	N	N	N	0.0043	0.0046	0.0014	0.0023	0.0025	0.0116	0.0039	0.0076	0.0015	0.0050	0.0050	0.0051	0.0047	0.0051	0.0001	0.0051	0.0050	0.0058	1.1558	1.0733	3.7387	2.0163	2.0446	0.0066	1.2977	0.6507	3.8161	0.1421	4.9309	-0.0011	0.0470	13.8166	20.4085	4.5847	11.0867	0.0066	0.0058	0.0008	0.0013	0.0013	0.0000	0.0053	0.0045	0.0008	0.2314	0.0390	0.1924	0.0373	0.0372	0.0000	0.1941	0.0018	0.1924	1.3198	1.1599	0.1599	0.2751	0.2569	0.0182	1.0448	0.9031	0.1417	0.3687	0.1954	0.1733	0.0610	0.0535	0.0076	0.3077	0.1419	0.1658	0.0080	0.0250	0.0046	0.0077	0.0073	0.0116	0.0080	0.3970	0.0050	0.6277	0.1997	1.1101	0.6111	0.6964	0.0066	0.6310	0.0125	1.1604
39	85	0.1171	5	0	0	1	1	0	0	0	0	N	N	N	N	N	N	N	N	N	N	N	N	0.0344	0.0203	1.8564	0.7475	0.6629	9.9294	0.0132	0.0022	2.6211	0.0113	0.0103	0.0194	0.0225	0.0238	0.0068	0.0051	0.0022	0.0232	0.3284	0.5060	0.0104	0.0301	0.0358	0.0007	0.3860	1.0126	0.0088	0.2456	0.1544	-0.0003	-0.0006	13.8166	3.1287	4.5847	1.1816	0.0033	0.0026	0.0006	0.0023	0.0023	0.0001	0.0010	0.0004	0.0006	0.0013	0.0011	0.0002	0.0002	0.0002	0.0000	0.0011	0.0009	0.0002	0.2911	0.2576	0.0335	0.1037	0.0959	0.0077	0.1874	0.1617	0.0257	0.0592	0.0329	0.0263	0.0114	0.0103	0.0011	0.0478	0.0226	0.0252	0.5192	0.3021	2.9588	1.4080	1.3542	9.9294	0.2209	0.0541	3.4087	0.0218	0.0339	0.0066	0.0160	0.0175	0.0007	0.0231	0.0414	0.0068
39	86	0.1102	4	0	0	0	1	0	0	0	0	N	N	N	N	N	N	N	N	N	N	N	N	13.9391	7.6383	42.8471	192.8914	171.7681	2549.6135	2.8927	0.7851	12.6563	2.3000	2.5332	0.5287	6.2229	6.5803	2.0418	0.5463	0.6104	0.1286	0.1650	0.3316	0.0123	0.0323	0.0383	0.0008	0.1889	0.7775	0.0102	0.0275	0.3051	-0.1965	-0.0005	13.8166	4.0532	4.5847	2.2470	0.7545	0.7343	0.0202	0.6307	0.6144	0.0163	0.1238	0.1200	0.0039	0.0012	0.0009	0.0003	0.0003	0.0003	0.0000	0.0009	0.0007	0.0003	0.3280	0.2899	0.0382	0.1013	0.0934	0.0080	0.2267	0.1965	0.0302	0.0885	0.0490	0.0395	0.0169	0.0154	0.0015	0.0715	0.0335	0.0380	165.5063	131.6683	72.6695	369.9206	357.7939	2549.6135	41.3727	31.0998	17.0712	0.0139	0.0192	0.0073	0.0168	0.0184	0.0008	0.0132	0.0196	0.0075
39	87	0.0870	3	0	0	0	1	0	0	0	0	N	N	N	N	N	N	N	N	N	N	N	N	0.0390	0.0292	0.2461	0.0384	0.0399	17.9881	0.0214	0.0119	0.1364	0.0377	0.0391	0.0287	0.0702	0.0696	0.0761	0.0218	0.0232	0.0139	0.9676	1.3384	0.1168	1.8302	1.7454	0.0042	1.0198	1.9553	0.1016	0.1139	0.0701	-0.0031	-0.0403	13.8166	4.7288	4.5847	9.8540	0.0167	0.0150	0.0017	0.0102	0.0091	0.0011	0.0065	0.0059	0.0006	0.0717	0.0670	0.0047	0.0341	0.0341	0.0000	0.0376	0.0329	0.0047	0.4423	0.3830	0.0593	0.1453	0.1311	0.0142	0.2970	0.2519	0.0451	0.2720	0.1526	0.1194	0.0670	0.0653	0.0017	0.2050	0.0873	0.1177	0.1431	0.0890	0.7314	0.1379	0.1332	17.9881	0.1190	0.0617	0.3480	0.2635	0.4390	0.0393	0.5091	0.5222	0.0042	0.1833	0.3768	0.0398
39	88	0.0632	2	0	0	0	1	0	0	0	0	N	N	N	N	N	N	N	N	N	N	N	N	0.0243	0.0145	0.0564	0.0367	0.0392	0.0656	0.0181	0.0067	0.0676	0.0209	0.0147	0.0636	0.0557	0.0583	0.0015	0.0160	0.0079	0.0664	0.8587	1.0149	1.1266	1.5173	1.4876	0.0235	0.8837	1.1830	0.9831	0.6239	0.7778	0.0011	-0.0078	13.8166	8.6320	4.5847	7.0881	0.0116	0.0072	0.0045	0.0038	0.0038	0.0000	0.0078	0.0033	0.0045	0.0410	0.0230	0.0179	0.0172	0.0172	0.0000	0.0238	0.0059	0.0179	0.5567	0.4865	0.0702	0.0687	0.0656	0.0031	0.4879	0.4208	0.0671	0.2628	0.1398	0.1230	0.0483	0.0477	0.0006	0.2144	0.0920	0.1224	0.1339	0.0892	0.4363	0.1567	0.1619	0.0672	0.1440	0.1242	0.4541	0.1559	0.1648	0.1457	0.3557	0.3599	0.0230	0.1108	0.0637	0.1463
39	89	0.1310	4	0	1	0	1	0	0	0	0	N	N	N	N	N	N	N	N	N	N	N	N	1.4716	0.3071	42.8178	1.0111	1.1224	1.4887	1.4612	0.0435	62.4673	1.1017	0.2943	6.8659	0.8446	0.9000	0.3016	1.1945	0.0655	8.5072	0.7487	0.9583	0.1604	0.8353	0.8019	0.2026	0.8175	1.5049	0.1362	3.2684	0.2846	0.6002	-0.0108	13.8166	15.4622	4.5847	5.2688	1.2542	0.2938	0.9604	0.2548	0.2464	0.0084	0.9994	0.0475	0.9519	0.0265	0.0206	0.0059	0.0066	0.0064	0.0002	0.0199	0.0142	0.0057	1.1384	0.9985	0.1399	0.3017	0.2737	0.0280	0.8367	0.7248	0.1119	0.2745	0.1507	0.1239	0.0423	0.0407	0.0016	0.2323	0.1100	0.1223	11.4189	2.1502	144.9312	5.4244	5.7085	2.8740	13.9363	0.5069	182.4441	0.0965	0.1369	0.0474	0.1557	0.1577	0.1049	0.0857	0.1292	0.0466
39	90	0.1192	3	0	0	0	1	0	0	0	0	N	N	N	N	N	N	N	N	N	N	N	N	0.6617	0.1099	4.8360	0.4426	0.1380	0.7018	0.4896	0.0540	11.1436	1.0055	0.2579	6.0639	1.6834	0.5253	9.5627	0.6934	0.1346	4.4640	1.5197	2.3465	1.2539	3.8033	3.8069	13.6268	1.4162	2.4945	0.4006	3.4750	0.0521	0.3287	-0.1255	13.8166	7.5917	4.5847	1.5198	0.6717	0.1501	0.5216	0.3546	0.0965	0.2581	0.3171	0.0536	0.2635	0.2169	0.2061	0.0107	0.1090	0.1035	0.0054	0.1079	0.1026	0.0053	0.6680	0.5820	0.0860	0.2106	0.1837	0.0270	0.4574	0.3983	0.0590	0.1531	0.0879	0.0652	0.0352	0.0319	0.0032	0.1179	0.0559	0.0620	0.7097	0.1099	36.8159	0.5434	0.1621	5.6758	0.7574	0.0733	52.0428	1.4169	2.3465	0.1647	3.0980	3.2404	1.6848	0.9155	1.8356	0.0858
39	91	0.2284	7	1	0	1	1	0	0	0	0	N	N	N	N	N	N	N	N	N	N	N	N	94.4076	48.5897	10045.8683	49.4285	45.9410	inf	1991.7009	3.5849	7979.2028	0.0113	0.0119	0.0067	0.0406	0.0419	0.0166	0.0014	0.0007	0.0055	0.0001	0.0002	0.0000	0.0008	0.0009	0.0000	0.0000	0.0002	0.0000	0.0733	0.0025	-0.0005	-0.0000	13.8166	3.0317	4.5847	0.1644	0.0022	0.0020	0.0001	0.0020	0.0019	0.0000	0.0002	0.0001	0.0001	0.0000	0.0000	0.0000	0.0000	0.0000	0.0000	0.0000	0.0000	0.0000	0.1926	0.1704	0.0222	0.0486	0.0462	0.0024	0.1440	0.1242	0.0198	0.0350	0.0192	0.0158	0.0051	0.0046	0.0005	0.0299	0.0146	0.0153	94.4076	54.7255	10045.8683	49.4285	45.9410	inf	1991.7009	1038.4152	7979.2028	0.0001	0.0002	0.0000	0.0008	0.0009	0.0000	0.0000	0.0000	0.0000
39	92	0.2227	6	1	0	1	1	0	0	0	0	N	N	N	N	N	N	N	N	N	N	N	N	0.0997	0.0797	3.1538	0.0815	0.0856	2.0202	3.0548	0.7363	3.6503	0.0744	0.0820	0.0043	0.1615	0.1699	0.0016	0.0121	0.0132	0.0050	0.7464	1.0281	0.0014	1.9813	1.9858	0.0008	0.0040	0.0179	0.0014	0.0057	0.0063	-0.0049	-0.0026	13.8166	2.6632	4.5847	1.0147	0.0174	0.0173	0.0001	0.0158	0.0157	0.0000	0.0017	0.0016	0.0001	0.0041	0.0041	0.0000	0.0041	0.0041	0.0000	0.0000	0.0000	0.0000	0.2340	0.2111	0.0229	0.0976	0.0927	0.0049	0.1364	0.1184	0.0180	0.0428	0.0239	0.0188	0.0069	0.0064	0.0006	0.0359	0.0176	0.0183	0.7760	0.4818	3.1538	0.2748	0.2660	2.0202	11.9023	20.6697	3.6503	0.0959	0.1702	0.0014	0.5877	0.6387	0.0008	0.0010	0.0006	0.0014
39	93	0.1394	5	1	0	1	1	0	0	0	0	N	N	N	N	N	N	N	N	N	N	N	N	0.4095	0.3421	3.3554	49.1551	47.0583	97.7816	0.1703	0.0707	3.1927	0.1383	0.1377	0.1431	0.3414	0.3425	0.3168	0.0728	0.0647	0.1257	0.3378	0.4026	0.0426	0.0069	0.0073	0.0032	0.4275	0.9143	0.0394	0.1295	0.6986	-0.0541	-0.0025	13.8166	35.0787	4.5847	12.2568	0.3136	0.2777	0.0360	0.1888	0.1816	0.0072	0.1248	0.0961	0.0287	0.0116	0.0068	0.0048	0.0004	0.0004	0.0000	0.0112	0.0064	0.0048	2.2675	2.0161	0.2514	0.5530	0.5303	0.0228	1.7145	1.4859	0.2286	0.5140	0.2804	0.2336	0.0789	0.0727	0.0062	0.4351	0.2077	0.2274	6.1214	5.6482	6.9962	64.5506	62.6773	97.7816	2.8290	2.0855	6.0109	0.0226	0.0244	0.0204	0.0053	0.0055	0.0032	0.0257	0.0310	0.0209
39	94	0.1259	4	1	0	0	1	0	0	0	0	N	N	N	N	N	N	N	N	N	N	N	N	67.9104	141.4403	16.2868	98.7781	86.2735	975.6826	44.5781	10.2866	13.3020	1.5160	1.6573	0.2792	0.4867	0.4608	1.2853	1.9315	2.1959	0.1820	0.0223	0.0117	0.0171	0.0049	0.0053	0.0013	0.0433	0.2135	0.0137	0.0192	2.2713	-0.2934	0.0001	13.8166	8.4810	4.5847	2.3446	1.0937	1.0730	0.0207	0.1010	0.0926	0.0084	0.9927	0.9804	0.0123	0.0008	0.0002	0.0005	0.0001	0.0001	0.0000	0.0007	0.0002	0.0005	0.7214	0.6474	0.0740	0.2075	0.2009	0.0065	0.5139	0.4465	0.0675	0.1310	0.0719	0.0591	0.0198	0.0184	0.0014	0.1113	0.0536	0.0577	257.1564	504.8252	30.7647	114.0250	102.5613	975.6826	312.3247	765.5798	19.6494	0.0059	0.0033	0.0091	0.0043	0.0045	0.0013	0.0062	0.0029	0.0093
39	95	0.0632	2	0	1	0	2	0	0	0	0	N	N	N	Y	N	N	N	N	N	N	N	N	1.3259	1.1796	0.0238	0.0124	0.0131	0.1794	1.4777	1.0396	0.0308	1.1815	1.3457	0.0205	0.0256	0.0268	0.0001	1.3444	1.5511	0.0215	0.8911	1.1409	0.8613	2.0653	2.0386	0.0008	0.9098	1.4920	0.6978	0.0022	0.4406	-0.5007	-0.0358	13.8166	24.0032	4.5847	22.6134	1.7568	1.7530	0.0038	0.0047	0.0047	0.0000	1.7521	1.7483	0.0038	0.1110	0.0771	0.0340	0.0470	0.0470	0.0000	0.0640	0.0301	0.0340	1.4869	1.3026	0.1843	0.1836	0.1755	0.0081	1.3033	1.1271	0.1761	0.6010	0.3133	0.2877	0.0712	0.0696	0.0016	0.5298	0.2437	0.2860	6.3958	5.4709	0.1739	0.0388	0.0397	0.1794	11.1225	12.5690	0.1809	0.1847	0.2460	0.1180	0.6599	0.6755	0.0008	0.1209	0.1234	0.1187
39	96	0.4806	6	0	1	0	1	0	0	0	0	N	N	N	N	N	N	N	N	N	N	N	N	0.2277	0.1971	0.3299	0.6412	0.6321	32.9396	0.0101	0.0011	0.2846	0.1672	0.1802	0.0548	0.4371	0.4560	0.0914	0.0075	0.0015	0.0464	0.7342	0.9141	0.1660	0.6817	0.7214	0.0028	0.7448	1.3352	0.1629	0.0351	0.2520	-0.0502	-0.0143	13.8166	18.5150	4.5847	10.2301	0.1982	0.1914	0.0067	0.1926	0.1905	0.0021	0.0056	0.0010	0.0046	0.0336	0.0268	0.0068	0.0182	0.0182	0.0000	0.0153	0.0086	0.0067	1.1852	1.0626	0.1226	0.4406	0.4177	0.0229	0.7446	0.6449	0.0997	0.3681	0.2270	0.1411	0.1452	0.1315	0.0137	0.2229	0.0956	0.1274	1.8346	1.5264	1.1445	3.4832	3.2971	32.9396	0.1089	0.0164	0.8797	0.0911	0.1180	0.0479	0.1255	0.1383	0.0028	0.0688	0.0901	0.0527
39	97	0.0923	3	0	1	0	1	0	0	0	0	N	N	N	N	N	N	N	N	N	N	N	N	0.8391	1.5385	0.8761	12.7590	10.2250	259.3838	0.7333	0.6977	0.8705	0.8092	0.5750	2.5326	0.7885	0.6842	3.2370	0.8124	0.5561	2.4984	0.9643	0.3737	2.8907	0.0618	0.0669	0.0125	1.1078	0.7969	2.8700	0.5985	20.1083	0.1935	0.0659	13.8166	46.1140	4.5847	26.4917	2.2178	1.3874	0.8303	0.2933	0.2441	0.0492	1.9244	1.1433	0.7811	0.2032	0.0096	0.1936	0.0024	0.0024	0.0001	0.2008	0.0072	0.1935	2.7408	2.4129	0.3279	0.3720	0.3568	0.0152	2.3687	2.0561	0.3127	0.7963	0.4313	0.3649	0.0883	0.0834	0.0049	0.7080	0.3480	0.3600	3.1707	25.7621	4.7744	28.4745	23.9361	259.3838	2.8651	26.7086	4.6481	0.2552	0.0223	0.5305	0.0277	0.0286	0.0125	0.2836	0.0208	0.5375
39	98	0.5335	8	0	1	0	1	0	0	0	0	N	N	N	N	N	N	N	N	N	N	N	N	0.3787	0.2306	0.6169	0.1132	0.1002	0.0570	9.5824	1.5393	110.6468	0.8355	0.7635	1.4506	0.6662	0.6540	0.8925	0.9227	0.8252	1.5611	2.2065	3.3112	2.3515	5.8829	6.5260	15.6569	0.0963	0.5361	0.0141	0.2224	0.0617	-0.1000	-0.3663	13.8166	20.7840	4.5847	8.9470	0.9501	0.7772	0.1728	0.2574	0.2399	0.0176	0.6926	0.5374	0.1553	0.6423	0.6050	0.0373	0.6407	0.6043	0.0364	0.0016	0.0008	0.0009	1.1371	1.0180	0.1192	0.3865	0.3668	0.0197	0.7507	0.6512	0.0995	0.2911	0.1827	0.1084	0.1089	0.0926	0.0163	0.1822	0.0901	0.0921	0.3787	0.2306	4.2144	0.1132	0.1002	0.3998	102.3003	98.4179	161.9277	2.2065	3.3112	0.3442	5.8829	6.5260	2.2326	0.0090	0.0084	0.0096
39	99	0.5286	7	0	0	0	1	0	0	0	0	N	N	N	N	N	N	N	N	N	N	N	N	0.2091	0.1828	0.7366	0.1856	0.1937	0.4667	0.6343	0.3063	1.0359	0.0747	0.0799	0.0317	0.0196	0.0197	0.0184	0.1493	0.1712	0.0388	0.3573	0.4372	0.0430	0.1056	0.1016	0.0394	0.2353	0.5587	0.0374	0.0478	0.5389	-0.0079	-0.0005	13.8166	2.7834	4.5847	1.0450	0.0326	0.0311	0.0015	0.0049	0.0046	0.0003	0.0277	0.0265	0.0012	0.0016	0.0011	0.0006	0.0010	0.0009	0.0001	0.0006	0.0001	0.0005	0.4364	0.3895	0.0470	0.2510	0.2347	0.0163	0.1855	0.1548	0.0306	0.0674	0.0397	0.0277	0.0272	0.0253	0.0019	0.0402	0.0144	0.0258	3.0885	2.9935	1.5382	0.5352	0.5336	0.5548	9.4647	19.4255	1.9721	0.0242	0.0267	0.0206	0.0366	0.0369	0.0331	0.0158	0.0088	0.0197
39	100	0.5185	6	0	0	0	1	0	0	0	0	N	N	N	N	N	N	N	N	N	N	N	N	0.1166	0.1103	1.3069	0.6609	0.6641	1.4017	0.1299	0.0653	2.3137	0.0386	0.0324	0.0945	0.0382	0.0383	0.0369	0.0393	0.0224	0.1409	0.3312	0.2938	0.0723	0.0578	0.0577	0.0263	0.3025	0.3426	0.0609	0.3239	1.0110	-0.0018	-0.0005	13.8166	7.6044	4.5847	2.7972	0.0427	0.0322	0.0104	0.0258	0.0240	0.0018	0.0169	0.0082	0.0086	0.0039	0.0019	0.0019	0.0019	0.0017	0.0002	0.0020	0.0002	0.0018	1.1053	0.9948	0.1105	0.6763	0.6271	0.0492	0.4290	0.3677	0.0613	0.1759	0.1093	0.0666	0.0741	0.0676	0.0065	0.1017	0.0417	0.0600	1.7556	1.8416	3.2350	1.4985	1.4986	1.4871	2.0197	4.7622	4.7419	0.0220	0.0176	0.0292	0.0255	0.0256	0.0248	0.0195	0.0047	0.0297
39	101	0.4690	5	0	0	0	1	0	0	0	0	N	N	N	N	N	N	N	N	N	N	N	N	1.5902	0.3430	19.3214	3.3006	0.7664	232.4477	0.3346	0.1038	3.6196	1.1442	0.2716	8.7143	2.7396	0.6407	41.9526	0.2024	0.0327	1.2958	0.7195	0.7920	0.4510	0.8300	0.8360	0.1805	0.6051	0.3152	0.3580	3.6978	0.5528	0.6943	-0.0080	13.8166	18.4780	4.5847	12.4520	1.3886	0.2956	1.0930	1.2341	0.2740	0.9602	0.1545	0.0216	0.1329	0.0293	0.0189	0.0104	0.0199	0.0185	0.0014	0.0095	0.0004	0.0090	1.2137	1.0882	0.1254	0.4505	0.4276	0.0229	0.7632	0.6607	0.1025	0.3405	0.2121	0.1284	0.1285	0.1135	0.0151	0.2119	0.0986	0.1133	13.2777	3.0493	107.0965	17.7192	3.9355	451.4726	4.5332	7.6807	16.2323	0.0862	0.0891	0.0814	0.1546	0.1628	0.0929	0.0447	0.0043	0.0798
39	102	0.1050	3	0	1	0	1	0	0	0	0	N	N	N	N	N	N	N	N	N	N	N	N	0.8074	0.4762	0.9583	0.4666	0.5252	0.0530	0.8358	0.2724	1.2039	0.7985	0.5077	2.5121	0.5681	0.5969	0.2214	0.9399	0.4455	3.0878	0.9890	1.0662	2.6213	1.2175	1.1366	4.1750	1.1245	1.6353	2.5649	0.8398	1.6948	0.5020	0.0001	13.8166	34.1922	4.5847	22.4626	2.9648	1.6115	1.3533	0.8021	0.7782	0.0240	2.1627	0.8334	1.3294	0.2628	0.0975	0.1653	0.0564	0.0496	0.0067	0.2064	0.0479	0.1586	3.7129	3.1741	0.5387	1.4119	1.3036	0.1082	2.3010	1.8705	0.4305	0.8785	0.4986	0.3799	0.2127	0.2032	0.0095	0.6658	0.2954	0.3705	2.6695	2.5959	5.7744	2.1442	2.4439	0.3120	3.0315	2.7486	7.2143	0.2991	0.1956	0.4350	0.2650	0.2442	0.7097	0.3100	0.1621	0.4280
39	103	0.0571	2	0	1	0	1	0	0	0	0	N	N	N	N	N	N	N	N	N	N	N	N	1.0609	0.6306	0.9744	0.4184	0.4153	0.0698	1.1771	0.8073	1.1224	1.2689	1.0051	2.3846	1.2610	1.2450	1.3975	1.2732	0.8528	2.6214	1.1961	1.5937	2.4472	3.0140	2.9975	20.0202	1.0816	1.0564	2.3356	0.5611	0.3279	0.2379	-0.2049	13.8166	22.5884	4.5847	11.0115	3.2909	2.1081	1.1828	1.1480	1.0140	0.1341	2.1429	1.0941	1.0487	0.5373	0.4046	0.1327	0.3997	0.3957	0.0040	0.1376	0.0090	0.1286	2.5935	2.0975	0.4960	0.9104	0.8144	0.0959	1.6831	1.2830	0.4001	0.7308	0.3825	0.3483	0.1941	0.1926	0.0015	0.5367	0.1899	0.3468	1.7258	0.9500	6.2606	0.6123	0.6059	0.5246	4.9663	18.0930	7.0670	0.7353	1.0580	0.3809	2.0596	2.0548	2.6638	0.2564	0.0471	0.3709
39	106	0.1359	5	0	1	0	1	0	0	0	0	N	N	N	N	N	N	N	N	N	N	N	N	0.0398	13.0677	0.0672	9.0267	8.2420	2068.3492	0.0372	1.6187	0.0859	0.0219	0.0191	0.0441	0.0129	0.0128	0.0159	0.0249	0.0214	0.0474	0.5498	0.0015	0.6571	0.0014	0.0015	0.0000	0.6690	0.0132	0.5516	0.2909	117.3899	-0.0018	0.0051	13.8166	20.0414	4.5847	7.0324	0.0288	0.0223	0.0065	0.0042	0.0040	0.0002	0.0245	0.0183	0.0062	0.0139	0.0001	0.0138	0.0001	0.0001	0.0000	0.0139	0.0001	0.0138	1.3137	1.1669	0.1468	0.3270	0.3119	0.0151	0.9867	0.8550	0.1317	0.2982	0.1609	0.1374	0.0398	0.0367	0.0031	0.2584	0.1241	0.1343	0.4681	26.0695	0.4385	9.0267	8.2420	2068.3492	0.4627	43.5835	0.4602	0.0468	0.0007	0.1007	0.0014	0.0015	0.0000	0.0537	0.0005	0.1030
39	107	0.1259	4	0	0	0	1	0	0	0	0	N	N	N	N	N	N	N	N	N	N	N	N	285.2331	258.3878	248.2848	47.4333	28.8257	16821.4939	263.3341	23.9779	190.2256	1.4351	1.5431	0.4612	0.1184	0.0771	1.4675	2.0066	2.2531	0.3618	0.0050	0.0060	0.0019	0.0025	0.0027	0.0001	0.0076	0.0940	0.0019	0.0332	0.7460	-0.2323	-0.0000	13.8166	7.0315	4.5847	1.2144	0.9107	0.8814	0.0292	0.0227	0.0144	0.0084	0.8879	0.8671	0.0209	0.0002	0.0001	0.0001	0.0000	0.0000	0.0000	0.0002	0.0001	0.0001	0.6346	0.5712	0.0634	0.1921	0.1864	0.0057	0.4425	0.3848	0.0577	0.1020	0.0563	0.0456	0.0160	0.0149	0.0011	0.0859	0.0414	0.0445	737.5814	765.0529	248.2848	47.4333	28.8257	16821.4939	1088.7443	1265.8939	190.2256	0.0019	0.0020	0.0019	0.0025	0.0027	0.0001	0.0018	0.0018	0.0019
39	108	0.0923	3	0	0	0	1	0	0	0	0	N	N	N	N	N	N	N	N	N	N	N	N	11.6913	4.4496	130.1349	18.8288	18.9385	2.5792	7.0048	0.3710	172.6968	0.2703	0.1654	1.0315	0.1231	0.1275	0.0091	0.2962	0.1729	1.0802	0.0231	0.0372	0.0079	0.0065	0.0067	0.0035	0.0423	0.4660	0.0063	0.8594	0.6700	0.0514	-0.0004	13.8166	16.2725	4.5847	4.4748	0.2934	0.1578	0.1356	0.0200	0.0200	0.0001	0.2734	0.1378	0.1355	0.0016	0.0009	0.0006	0.0002	0.0002	0.0000	0.0014	0.0008	0.0006	1.0853	0.9538	0.1315	0.1625	0.1565	0.0060	0.9228	0.7973	0.1255	0.2669	0.1470	0.1199	0.0347	0.0331	0.0016	0.2323	0.1140	0.1183	45.5936	25.6642	194.7836	23.9683	24.4390	2.5792	48.9888	25.4140	203.0535	0.0059	0.0064	0.0053	0.0051	0.0052	0.0035	0.0060	0.0068	0.0053
39	109	0.1451	4	0	1	0	1	0	0	0	0	N	N	N	N	N	N	N	N	N	N	N	N	1.0293	2.1638	0.5463	0.9325	4.2366	0.1450	0.8490	1.1819	0.0775	0.7639	0.7659	0.7491	1.4034	1.1200	4.6963	0.5745	0.6549	0.0385	0.7421	0.3539	1.3712	1.5049	0.2644	32.3865	0.6767	0.5541	0.4972	0.1317	7.3460	-0.3348	0.0147	13.8166	40.5309	4.5847	14.7974	1.9608	1.7326	0.2282	0.8230	0.6047	0.2182	1.1378	1.1279	0.0100	0.0582	0.0070	0.0512	0.0281	0.0047	0.0234	0.0301	0.0023	0.0279	2.5669	2.2623	0.3046	0.5864	0.5399	0.0465	1.9805	1.7223	0.2582	0.6253	0.3329	0.2924	0.0795	0.0747	0.0048	0.5458	0.2582	0.2876	8.2043	36.5533	4.2737	3.9668	17.7177	0.9541	10.4169	75.0667	0.3980	0.0931	0.0210	0.1753	0.3538	0.0632	4.9221	0.0552	0.0087	0.0968
39	110	0.1192	3	0	1	0	1	0	0	0	0	N	N	N	N	N	N	N	N	N	N	N	N	0.7181	1.2429	0.0320	0.2824	1.0441	0.0055	0.8843	0.7646	0.0133	1.5114	1.6959	0.2356	2.6255	2.8497	0.8627	1.1218	1.2838	0.0467	2.1047	1.3644	7.3534	9.2971	2.7292	157.8921	1.2685	1.6791	3.5050	0.0201	6.0282	-0.4151	0.1183	13.8166	13.5236	4.5847	3.5331	1.5521	1.5215	0.0306	0.6986	0.6728	0.0259	0.8534	0.8488	0.0047	0.5158	0.0734	0.4424	0.4064	0.0568	0.3496	0.1094	0.0166	0.0928	1.0269	0.8972	0.1297	0.2661	0.2361	0.0300	0.7608	0.6611	0.0997	0.2451	0.1350	0.1101	0.0437	0.0401	0.0036	0.2014	0.0949	0.1065	0.7181	3.1197	0.0586	0.2824	2.0108	0.0089	2.0645	7.3526	0.0536	2.1047	0.5436	4.0194	9.2971	1.4172	96.5896	0.5434	0.1746	0.8722
39	111	0.0632	2	0	0	0	1	0	0	0	0	N	N	N	N	N	N	N	N	N	N	N	N	1.0747	0.6950	1.1971	3.1690	3.3179	7.6712	0.6485	0.2458	1.1876	1.7321	1.3242	4.5898	5.3284	5.4439	2.8482	1.2256	0.6823	4.6699	1.6117	1.9054	3.8340	1.6814	1.6408	0.3713	1.8899	2.7760	3.9322	0.4947	0.6079	0.0812	-0.1789	13.8166	16.9399	4.5847	15.9768	1.8511	1.2384	0.6127	0.7031	0.6863	0.0167	1.1481	0.5521	0.5960	0.7148	0.4446	0.2702	0.0262	0.0260	0.0002	0.6886	0.4185	0.2701	1.0687	0.9352	0.1335	0.1319	0.1261	0.0059	0.9367	0.8091	0.1276	0.4569	0.2390	0.2178	0.0614	0.0602	0.0012	0.3955	0.1789	0.2166	1.1071	0.7121	3.6995	12.4802	12.5898	18.6695	0.7039	0.2916	3.7460	1.5646	1.8597	1.2406	0.4269	0.4324	0.1526	1.7411	2.3399	1.2467
39	112	0.1676	6	1	1	0	2	0	0	0	0	N	N	N	Y	N	N	N	N	N	N	N	N	0.0212	0.0153	0.0023	0.0030	0.0030	0.0000	0.0273	0.0185	0.0023	0.0943	0.1069	0.0078	0.0056	0.0056	0.0000	0.1473	0.1805	0.0082	4.4534	6.9865	3.4475	1.8334	1.8523	0.0022	5.3889	9.7675	3.5884	0.0106	0.0954	-0.0000	-0.0591	13.8166	0.0019	4.5847	1.9928	0.0000	0.0000	0.0000	0.0000	0.0000	0.0000	0.0000	0.0000	0.0000	0.1093	0.0997	0.0095	0.0024	0.0024	0.0000	0.1068	0.0973	0.0095	0.0003	0.0003	0.0000	0.0001	0.0001	0.0000	0.0002	0.0002	0.0000	0.0245	0.0143	0.0103	0.0047	0.0043	0.0004	0.0198	0.0100	0.0099	0.0212	0.0153	0.0084	0.0108	0.0101	0.0000	0.0273	0.0185	0.0085	4.4534	6.9865	0.9279	0.5140	0.5609	0.0022	5.3889	9.7675	0.9650
39	113	0.1440	5	1	1	0	2	0	0	0	0	N	N	N	Y	N	N	N	N	N	N	N	N	0.9049	14.6869	0.0161	20.0412	18.7286	0.0462	0.9313	2.7753	0.0160	1.2090	1.3777	0.0831	0.0802	0.0831	0.0000	1.4918	1.7478	0.0878	1.3361	0.0938	5.1633	0.0040	0.0044	0.0011	1.6018	0.6298	5.4817	0.0090	206.1434	-0.2109	0.0716	13.8166	8.6942	4.5847	6.0502	0.7580	0.7512	0.0068	0.0101	0.0101	0.0000	0.7479	0.7411	0.0068	0.1951	0.0009	0.1941	0.0001	0.0001	0.0000	0.1950	0.0008	0.1941	0.6269	0.5452	0.0817	0.1256	0.1212	0.0044	0.5013	0.4240	0.0773	0.1822	0.1011	0.0812	0.0293	0.0270	0.0024	0.1529	0.0741	0.0788	1.1296	147.8903	0.0347	21.7585	21.2225	0.0462	1.1701	154.9107	0.0356	1.0703	0.0093	2.3917	0.0037	0.0039	0.0011	1.2750	0.0113	2.4633
39	114	0.1651	9	0	1	0	2	0	0	0	0	N	N	N	Y	N	N	N	N	N	N	N	N	0.0000	0.0000	0.0000	0.0000	0.0000	0.0000	0.0000	0.0000	0.0000	0.0000	0.0000	0.0000	0.0000	0.0000	0.0000	0.0000	1.7513	0.0020	6.9149	0.0011	0.0011	0.0000	3.0399	0.0000	7.2515	3779.5866	0.0000	0.0000	13.8166	0.0001	4.5847	0.0001	0.0000	0.0000	0.0000	0.0000	0.0000	0.0000	0.0000	0.0000	0.0000	0.0000	0.0000	0.0000	0.0000	0.0000	0.0000	0.0000	0.0000	0.0000	0.0000	0.0000	0.0000	0.0000	0.0000	0.0000	0.0000	0.0000	0.0000	0.0000	0.0000	0.0000	0.0000	0.0000	0.0000	0.0000	0.0000	0.0000	0.0000	0.0000	0.0000	0.0000	0.0000	0.0000	0.0000	0.0000	0.0000	1.7513	0.0009	3.5984	0.0011	0.0011	0.0000	3.0399	0.0000	3.6233			
39	115	0.1584	8	0	1	0	2	0	0	0	0	N	N	N	Y	N	N	N	N	N	N	N	N	0.0000	0.0000	0.0000	0.0000	0.0000	0.0000	0.0000	0.0000	0.0000	0.0000	0.0000	0.0000	0.0000	0.0000	0.0000	0.0000	3.8763	0.0055	14.5708	0.0091	0.0108	0.0000	4.5946	0.0000	15.8442	16.5000	3777.8244	0.0000	0.0686	13.8166	3.0007	4.5847	1.0012	0.0000	0.0000	0.0000	0.0000	0.0000	0.0000	0.0000	0.0000	0.0000	0.1846	0.0000	0.1846	0.0000	0.0000	0.0000	0.1846	0.0000	0.1846	0.1945	0.1712	0.0232	0.0361	0.0344	0.0017	0.1584	0.1369	0.0215	0.0476	0.0263	0.0213	0.0075	0.0068	0.0007	0.0402	0.0196	0.0206	0.0000	0.0000	0.0000	0.0000	0.0000	0.0000	0.0000	0.0000	0.0000	3.8763	0.0019	8.6599	0.0066	0.0072	0.0000	4.5946	0.0000	8.9531		
39	116	0.1566	7	0	0	0	2	0	0	0	0	N	N	N	Y	N	N	N	N	N	N	N	N	0.0208	0.0214	0.1549	0.0472	0.0448	0.0117	0.0035	0.1933	0.0005	0.0000	0.0036	0.0001	0.0001	0.0000	0.0005	0.0000	0.0040	0.0216	0.0015	0.0233	0.0027	0.0029	0.0000	0.0463	0.0005	0.0205	14.6843	12.9012	0.0000	0.0000	13.8166	1.1177	4.5847	0.0023	0.0000	0.0000	0.0000	0.0000	0.0000	0.0000	0.0000	0.0000	0.0000	0.0001	0.0000	0.0001	0.0000	0.0000	0.0000	0.0001	0.0000	0.0001	0.0760	0.0671	0.0089	0.0166	0.0158	0.0008	0.0594	0.0513	0.0081	0.0134	0.0074	0.0060	0.0021	0.0019	0.0002	0.0113	0.0055	0.0058	0.0778	0.0431	0.3014	0.0472	0.0448	0.0000	0.0849	0.6456	0.3192	0.0058	0.0008	0.0120	0.0027	0.0029	0.0000	0.0064	0.0000	0.0124	
39	117	0.1536	3	0	1	0	1	0	0	0	0	N	N	N	N	N	N	N	N	N	N	N	N	0.7873	0.6497	1.3849	1.6673	1.9245	0.2223	0.7493	0.3300	1.5442	0.7858	0.3404	4.4270	0.5012	0.5252	0.0196	0.8815	0.2724	4.9697	0.9981	0.5239	3.1967	0.3006	0.2729	0.0883	1.1764	0.8253	3.2182	1.5910	14.2909	0.5124	0.0634	13.8166	31.2782	4.5847	23.9277	1.5676	0.6050	0.9625	0.2515	0.2511	0.0005	1.3160	0.3539	0.9621	0.2069	0.0135	0.1934	0.0080	0.0074	0.0005	0.1989	0.0061	0.1928	1.9948	1.7774	0.2174	0.5019	0.4780	0.0238	1.4929	1.2994	0.1936	0.6589	0.3728	0.2861	0.1243	0.1147	0.0096	0.5346	0.2581	0.2766	2.5024	9.3773	6.5505	7.8115	8.1104	0.3440	2.3688	11.5183	7.1271	0.3140	0.0363	0.6758	0.0642	0.0648	0.0570	0.3721	0.0236	0.6973
39	118	0.1566	7	0	0	1	2	0	0	0	0	N	N	N	Y	N	N	N	N	N	N	N	N	4.2756	8.8396	0.0503	0.5567	0.5290	2.4689	0.6854	0.0527	0.0080	0.0090	0.0001	0.0002	0.0003	0.0000	0.0098	0.0114	0.0001	0.0019	0.0010	0.0014	0.0004	0.0005	0.0000	0.0040	0.0166	0.0014	0.0010	1.9576	-0.0006	0.0000	13.8166	3.8827	4.5847	2.9998	0.0020	0.0020	0.0000	0.0000	0.0000	0.0000	0.0020	0.0020	0.0000	0.0001	0.0000	0.0000	0.0000	0.0000	0.0000	0.0001	0.0000	0.0000	0.2542	0.2241	0.0301	0.0495	0.0472	0.0023	0.2047	0.1769	0.0278	0.0813	0.0449	0.0364	0.0126	0.0115	0.0012	0.0687	0.0334	0.0352	8.5708	15.8603	0.0503	0.5567	0.5290	0.0000	9.6414	18.9954	0.0527	0.0009	0.0006	0.0014	0.0004	0.0005	0.0000	0.0010	0.0006	0.0014	
39	119	0.1537	6	0	0	0	2	0	0	0	0	N	N	N	Y	N	N	N	N	N	N	N	N	81.1161	28.8101	974.1877	52.1007	49.5636	inf	101.3169	4.4077	1063.8027	0.0795	0.0433	0.3742	0.1364	0.1430	0.0002	0.0587	0.0032	0.4223	0.0010	0.0015	0.0004	0.0026	0.0029	0.0000	0.0006	0.0007	0.0004	1.0595	0.4196	0.0040	-0.0000	13.8166	2.8083	4.5847	0.0030	0.0176	0.0085	0.0090	0.0081	0.0081	0.0000	0.0095	0.0005	0.0090	0.0000	0.0000	0.0000	0.0000	0.0000	0.0000	0.0000	0.0000	0.0000	0.2209	0.1968	0.0241	0.0592	0.0565	0.0027	0.1617	0.1403	0.0214	0.0338	0.0186	0.0152	0.0053	0.0048	0.0005	0.0285	0.0138	0.0147	135.9647	57.8891	974.1877	52.1007	49.5636	inf	282.8845	627.8063	1063.8027	0.0006	0.0007	0.0004	0.0026	0.0029	0.0000	0.0002	0.0000	0.0004
39	120	0.1537	6	0	0	1	2	0	0	0	0	N	N	N	Y	N	N	N	N	N	N	N	N	134.8681	11.9838	21484.8470	0.1514	0.1379	inf	5890.9432	13.9228	22707.7579	0.0198	0.0038	0.1420	0.0001	0.0001	0.0001	0.0250	0.0049	0.1551	0.0001	0.0003	0.0000	0.0009	0.0010	0.0000	0.0000	0.0004	0.0000	4.8513	0.0206	0.0070	-0.0000	13.8166	9.6158	4.5847	0.0030	0.0129	0.0022	0.0107	0.0000	0.0000	0.0000	0.0129	0.0022	0.0107	0.0000	0.0000	0.0000	0.0000	0.0000	0.0000	0.0000	0.0000	0.0000	0.6498	0.5745	0.0753	0.1350	0.1287	0.0064	0.5148	0.4458	0.0689	0.1137	0.0625	0.0512	0.0176	0.0160	0.0017	0.0960	0.0465	0.0495	134.8681	14.6301	21484.8470	0.1514	0.1379	inf	5890.9432	3276.4659	22707.7579	0.0001	0.0003	0.0000	0.0009	0.0010	0.0000	0.0000	0.0000	0.0000
39	121	0.1440	5	0	0	0	2	0	0	0	0	N	N	N	Y	N	N	N	N	N	N	N	N	1.9186	1.4987	27.9279	0.0669	0.0668	4.1159	150.6169	25.0179	28.9860	0.8267	0.9494	0.0624	0.0593	0.0608	0.0077	1.0635	1.2718	0.0650	0.4309	0.6335	0.0022	0.8863	0.9101	0.0019	0.0071	0.0508	0.0022	0.0105	0.0317	-0.0799	-0.0016	13.8166	4.2457	4.5847	2.0144	0.2888	0.2858	0.0030	0.0049	0.0049	0.0000	0.2839	0.2809	0.0030	0.0027	0.0026	0.0001	0.0025	0.0025	0.0000	0.0001	0.0000	0.0001	0.3493	0.3010	0.0483	0.0824	0.0801	0.0023	0.2670	0.2209	0.0461	0.0837	0.0471	0.0366	0.0152	0.0141	0.0010	0.0685	0.0329	0.0356	25.9695	17.3001	27.9279	0.3537	0.3380	4.1159	596.7542	990.8001	28.9860	0.0318	0.0549	0.0022	0.1678	0.1798	0.0019	0.0018	0.0013	0.0022
39	122	0.1019	4	0	0	0	2	0	0	0	0	N	N	N	Y	N	N	N	N	N	N	N	N	1.5008	0.1057	10.0358	2.4420	2.2708	1.3518	1.5538	0.0597	12.3895	1.0172	0.0563	7.6016	0.0315	0.0325	0.0010	1.2336	0.0622	7.9698	0.6778	0.5321	0.7574	0.0129	0.0143	0.0008	0.7939	1.0419	0.6433	19.7183	2.4712	0.5694	0.0018	13.8166	11.9190	4.5847	13.1740	0.8568	0.0414	0.8154	0.0048	0.0048	0.0000	0.8520	0.0366	0.8154	0.0214	0.0062	0.0152	0.0003	0.0003	0.0000	0.0211	0.0059	0.0152	0.8423	0.7350	0.1073	0.1516	0.1467	0.0050	0.6907	0.5884	0.1023	0.2977	0.1598	0.1379	0.0337	0.0318	0.0019	0.2640	0.1279	0.1360	14.1816	1.4613	68.9690	3.6872	3.6128	1.3518	15.4600	1.3565	71.3286	0.0717	0.0385	0.1102	0.0085	0.0090	0.0008	0.0798	0.0458	0.1117
39	123	0.5288	8	0	0	1	2	0	0	0	0	N	N	N	Y	N	N	N	N	N	N	N	N	0.0047	0.0038	0.0195	0.0065	0.0115	0.0000	0.0035	0.0016	0.0233	0.0008	0.0009	0.0006	0.0000	0.0000	0.0000	0.0014	0.0015	0.0007	0.1770	0.2245	0.0306	0.0002	0.0001	0.0009	0.3941	0.9107	0.0320	0.0757	0.6169	-0.0002	-0.0006	13.8166	12.8936	4.5847	4.1514	0.0007	0.0007	0.0000	0.0000	0.0000	0.0000	0.0007	0.0007	0.0000	0.0024	0.0015	0.0009	0.0000	0.0000	0.0000	0.0023	0.0015	0.0009	0.8479	0.7643	0.0836	0.3375	0.3208	0.0166	0.5104	0.4435	0.0670	0.1616	0.1013	0.0603	0.0614	0.0540	0.0074	0.1001	0.0473	0.0528	0.0574	0.0601	0.0401	0.0065	0.0115	0.0000	0.0595	0.0486	0.0442	0.0146	0.0144	0.0149	0.0002	0.0001	0.0009	0.0234	0.0306	0.0169
39	124	0.1172	5	0	1	0	1	0	0	0	0	N	N	N	N	N	N	N	N	N	N	N	N	0.4127	0.7584	0.0263	8.1285	8.1584	0.0115	0.0569	0.0557	0.0346	0.1998	0.2257	0.0068	1.0009	1.0422	0.0000	0.0308	0.0345	0.0073	0.4843	0.2976	0.2599	0.1231	0.1277	0.0034	0.5409	0.6184	0.2097	0.0041	2.8385	-0.0476	0.0011	13.8166	12.7386	4.5847	8.7370	0.1681	0.1674	0.0007	0.1467	0.1467	0.0000	0.0214	0.0207	0.0007	0.0096	0.0025	0.0071	0.0014	0.0014	0.0000	0.0083	0.0012	0.0071	0.8411	0.7417	0.0994	0.1466	0.1408	0.0058	0.6946	0.6010	0.0936	0.2614	0.1410	0.1204	0.0338	0.0320	0.0018	0.2276	0.1091	0.1185	5.4139	12.6617	0.1154	24.7585	24.4898	0.0115	0.8464	3.2593	0.1208	0.0369	0.0178	0.0593	0.0404	0.0426	0.0034	0.0364	0.0106	0.0601
39	125	0.1019	4	0	1	0	1	0	0	0	0	N	N	N	N	N	N	N	N	N	N	N	N	179.4823	218.0291	262.5253	64.1414	62.6062	0.8088	168.9323	102.1144	362.2794	1.9344	1.9959	1.5207	1.0080	1.0383	0.0014	2.1573	2.2601	1.5903	0.0108	0.0092	0.0058	0.0157	0.0166	0.0017	0.0128	0.0221	0.0044	0.1133	1.2954	-0.2309	-0.0000	13.8166	8.6431	4.5847	1.4782	1.2455	1.1188	0.1267	0.1259	0.1259	0.0000	1.1196	0.9929	0.1267	0.0004	0.0002	0.0002	0.0002	0.0002	0.0000	0.0003	0.0000	0.0002	0.6439	0.5605	0.0833	0.1249	0.1212	0.0036	0.5190	0.4393	0.0797	0.1267	0.0681	0.0585	0.0154	0.0146	0.0008	0.1113	0.0535	0.0577	561.4542	715.2396	361.4264	102.3125	100.8452	0.8088	843.5941	3055.3434	374.8999	0.0034	0.0028	0.0042	0.0099	0.0103	0.0017	0.0026	0.0007	0.0042
39	126	0.0923	3	0	0	0	1	0	0	0	0	N	N	N	N	N	N	N	N	N	N	N	N	4.0981	0.5724	181.0480	0.4967	0.6057	0.0428	15.2766	2.0525	256.7803	0.6461	0.1295	4.6801	0.0848	0.0867	0.0078	0.7886	0.1418	4.8883	0.1577	0.2263	0.0259	0.1708	0.1432	0.1835	0.0516	0.0691	0.0190	4.6263	0.6373	0.1167	-0.0003	13.8166	4.1618	4.5847	2.0491	0.2180	0.0387	0.1793	0.0058	0.0058	0.0000	0.2122	0.0330	0.1793	0.0013	0.0008	0.0005	0.0008	0.0007	0.0001	0.0005	0.0001	0.0005	0.3374	0.2991	0.0383	0.0683	0.0667	0.0016	0.2691	0.2324	0.0367	0.0949	0.0552	0.0397	0.0170	0.0164	0.0005	0.0779	0.0388	0.0391	46.8761	8.9549	364.6918	1.8193	1.9252	0.0827	119.0319	94.3246	417.7664	0.0138	0.0145	0.0128	0.0466	0.0450	0.0948	0.0066	0.0015	0.0117
39	127	0.0632	2	0	0	0	1	0	0	0	0	N	N	N	N	N	N	N	N	N	N	N	N	0.3427	0.4743	0.2290	0.0035	0.0037	0.0023	0.3421	0.3761	0.2289	0.8379	0.6905	1.8605	0.0079	0.0082	0.0003	0.9548	0.7969	1.9461	2.4454	1.4557	8.1245	2.2505	2.2138	0.1234	2.7910	2.1188	8.5004	0.3884	5.3193	-0.0038	0.1448	13.8166	9.4810	4.5847	7.4917	0.5111	0.3681	0.1430	0.0006	0.0006	0.0000	0.5106	0.3676	0.1430	0.6784	0.1074	0.5710	0.0417	0.0417	0.0000	0.6367	0.0657	0.5710	0.6100	0.5332	0.0769	0.0753	0.0719	0.0034	0.5347	0.4612	0.0735	0.2774	0.1472	0.1302	0.0493	0.0487	0.0006	0.2281	0.0986	0.1295	0.3427	0.9471	0.4241	0.0093	0.0096	0.0038	0.3421	1.1962	0.4415	2.4454	0.7291	4.3867	0.8462	0.8565	0.0740	2.7910	0.6662	4.4082
39	128	0.5410	9	1	1	0	1	0	0	0	0	N	N	N	N	N	N	N	N	N	N	N	N	0.3683	15.4851	0.0116	0.0000	0.0000	0.1338	0.1286	0.0125	0.0000	0.0000	0.0000	0.0000	0.0000	0.0000	0.0000	0.0000	0.0000	0.0000	0.0000	0.0001	0.0000	0.0000	0.0000	0.0001	0.0002	0.0001	0.0090	58.2776	-0.0000	0.0000	13.8166	2.0107	4.5847	1.9995	0.0000	0.0000	0.0000	0.0000	0.0000	0.0000	0.0000	0.0000	0.0000	0.0000	0.0000	0.0000	0.0000	0.0000	0.0000	0.0000	0.0000	0.0000	0.1251	0.1122	0.0130	0.0496	0.0470	0.0026	0.0755	0.0651	0.0103	0.0363	0.0233	0.0130	0.0147	0.0129	0.0018	0.0216	0.0103	0.0112	0.3683	15.4851	0.0116	0.0000	0.0000	0.0000	0.3671	39.5944	0.0125	0.0000	0.0000	0.0001	0.0000	0.0000	0.0000	0.0000	0.0000	0.0001	
39	129	0.5288	8	1	1	0	1	0	0	0	0	N	N	N	N	N	N	N	N	N	N	N	N	0.2350	33.4225	0.0259	0.0011	0.0019	0.0000	0.1288	2.4929	0.0333	0.0179	0.0196	0.0015	0.0000	0.0000	0.0000	0.0309	0.0352	0.0019	0.0762	0.0006	0.0598	0.0005	0.0003	0.0023	0.2399	0.0141	0.0582	0.0082	38.4245	-0.0021	0.0002	13.8166	5.6459	4.5847	1.1399	0.0074	0.0073	0.0001	0.0000	0.0000	0.0000	0.0074	0.0073	0.0001	0.0007	0.0000	0.0007	0.0000	0.0000	0.0000	0.0007	0.0000	0.0007	0.4131	0.3744	0.0387	0.1736	0.1658	0.0078	0.2395	0.2085	0.0310	0.0697	0.0434	0.0263	0.0270	0.0240	0.0030	0.0427	0.0194	0.0233	1.7928	48.1754	0.0600	0.0011	0.0019	0.0000	1.9338	67.9887	0.0672	0.0100	0.0004	0.0258	0.0005	0.0003	0.0023	0.0160	0.0005	0.0288
39	130	0.4985	7	0	0	0	1	0	0	0	0	N	N	N	N	N	N	N	N	N	N	N	N	0.5739	5.7496	0.0674	16.7023	17.0754	1.4165	0.4539	1.2879	0.0808	0.3359	0.3676	0.0587	0.3107	0.3273	0.0139	0.3548	0.4008	0.0714	0.5854	0.0639	0.8720	0.0186	0.0192	0.0098	0.7817	0.3112	0.8847	0.0183	9.2096	-0.0804	0.0028	13.8166	11.6079	4.5847	5.3766	0.2987	0.2934	0.0054	0.1181	0.1178	0.0003	0.1806	0.1755	0.0051	0.0102	0.0010	0.0092	0.0009	0.0008	0.0001	0.0094	0.0002	0.0092	0.8892	0.7981	0.0912	0.3802	0.3601	0.0201	0.5091	0.4380	0.0710	0.1988	0.1221	0.0767	0.0764	0.0688	0.0076	0.1223	0.0532	0.0691	6.5151	44.6958	0.4873	27.7822	28.8700	1.4165	4.6205	95.4348	0.5385	0.0516	0.0082	0.1205	0.0112	0.0113	0.0098	0.0768	0.0042	0.1327
39	131	0.4806	6	0	0	0	1	0	0	0	0	N	N	N	N	N	N	N	N	N	N	N	N	0.5686	0.8475	0.0147	0.9788	1.1432	0.0697	0.4853	0.6565	0.0156	0.5707	0.6282	0.0477	0.5187	0.5409	0.0312	0.6061	0.6939	0.0513	1.0037	0.7412	3.2401	0.5299	0.4732	0.4485	1.2490	1.0569	3.2877	0.0084	5.7296	-0.0501	0.0166	13.8166	3.9355	4.5847	8.7078	0.1795	0.1780	0.0015	0.0660	0.0658	0.0002	0.1135	0.1122	0.0013	0.0744	0.0111	0.0634	0.0099	0.0086	0.0012	0.0646	0.0024	0.0622	0.3145	0.2834	0.0312	0.1273	0.1217	0.0056	0.1873	0.1617	0.0256	0.2328	0.1440	0.0888	0.0999	0.0928	0.0071	0.1329	0.0512	0.0817	1.7851	8.1816	0.0669	5.2573	5.8120	0.1819	1.2476	14.6741	0.0674	0.3197	0.0768	0.7139	0.0987	0.0931	0.1718	0.4858	0.0473	0.7609
39	132	0.4690	5	0	0	0	1	0	0	0	0	N	N	N	N	N	N	N	N	N	N	N	N	0.0411	0.0478	0.0082	0.0589	0.0596	0.1045	0.0313	0.0395	0.0092	0.0398	0.0416	0.0239	0.0454	0.0473	0.0040	0.0362	0.0374	0.0282	0.9684	0.8696	2.8953	0.7700	0.7939	0.0379	1.1550	0.9466	3.0646	0.0639	2.8775	-0.0044	0.0048	13.8166	6.2657	4.5847	3.9760	0.0196	0.0184	0.0012	0.0088	0.0088	0.0000	0.0107	0.0096	0.0011	0.0425	0.0110	0.0316	0.0098	0.0096	0.0002	0.0328	0.0014	0.0314	0.4913	0.4421	0.0492	0.1949	0.1862	0.0087	0.2964	0.2559	0.0405	0.1609	0.1020	0.0589	0.0679	0.0616	0.0063	0.0930	0.0404	0.0526	0.1506	0.3867	0.0445	0.3152	0.3045	0.1234	0.1027	1.0768	0.0472	0.2644	0.1075	0.5361	0.1439	0.1553	0.0321	0.3523	0.0348	0.5963
39	133	0.3917	4	0	0	0	1	0	0	0	0	N	N	N	N	N	N	N	N	N	N	N	N	0.2238	0.3236	0.0112	0.7701	0.7314	4.3023	0.1463	0.1594	0.0096	0.2269	0.2490	0.0370	0.3085	0.3216	0.0580	0.1826	0.2057	0.0328	1.0140	0.7694	3.2937	0.4006	0.4397	0.0135	1.2481	1.2904	3.4163	0.0173	5.4089	-0.1080	0.0426	13.8166	26.7012	4.5847	18.2690	0.3998	0.3930	0.0068	0.1912	0.1895	0.0018	0.2085	0.2035	0.0050	0.1978	0.0309	0.1669	0.0171	0.0168	0.0003	0.1807	0.0141	0.1666	1.7616	1.5785	0.1831	0.6199	0.5891	0.0308	1.1417	0.9894	0.1523	0.5881	0.3663	0.2218	0.2160	0.1946	0.0213	0.3721	0.1716	0.2004	0.6747	2.9547	0.0492	3.8974	3.7242	4.3023	0.3761	2.5123	0.0395	0.3363	0.0843	0.7526	0.0792	0.0864	0.0135	0.4856	0.0819	0.8313
39	134	0.1536	3	0	0	0	1	0	0	0	0	N	N	N	N	N	N	N	N	N	N	N	N	0.3751	0.2901	0.4077	0.0137	0.0098	0.8787	0.4279	0.2575	0.5506	0.4311	0.4581	0.2111	0.0165	0.0122	0.0978	0.5606	0.6097	0.2250	1.1493	1.5789	0.5178	1.2045	1.2551	0.1113	1.3100	2.3675	0.4086	0.0565	0.0679	-0.3533	-0.3926	13.8166	61.4372	4.5847	55.8589	1.5120	1.4311	0.0809	0.0138	0.0097	0.0041	1.4982	1.4214	0.0768	0.6951	0.6509	0.0442	0.0461	0.0452	0.0009	0.6489	0.6057	0.0433	3.5075	3.1244	0.3831	0.8348	0.7931	0.0417	2.6727	2.3313	0.3414	1.1408	0.6344	0.5064	0.1783	0.1646	0.0136	0.9625	0.4697	0.4928	0.7075	0.4464	2.4184	0.0638	0.0446	1.4183	0.8315	0.4729	2.5622	0.6093	1.0260	0.0873	0.2588	0.2746	0.0689	0.6742	1.2894	0.0878
39	135	0.0632	2	0	0	0	1	0	0	0	0	N	N	N	N	N	N	N	N	N	N	N	N	0.7991	0.7034	0.6245	1.4017	1.4723	31.8173	0.5718	0.3206	0.6212	1.1904	0.8979	3.2790	2.7079	2.7952	0.7994	0.9765	0.6026	3.3931	1.4897	1.2765	5.2509	1.9318	1.8986	0.0251	1.7078	1.8794	5.4623	0.5115	6.1530	0.1178	0.2006	13.8166	31.7621	4.5847	18.5886	2.2964	1.5193	0.7772	0.6453	0.6370	0.0083	1.6511	0.8823	0.7688	0.8652	0.1210	0.7443	0.0418	0.0417	0.0000	0.8235	0.0792	0.7442	1.9291	1.6921	0.2370	0.2383	0.2279	0.0104	1.6908	1.4642	0.2266	0.6387	0.3328	0.3059	0.0738	0.0720	0.0018	0.5649	0.2608	0.3041	0.8788	2.4706	1.3477	4.7846	4.8260	33.5444	0.6699	1.9834	1.3866	1.3546	0.3634	2.4331	0.5660	0.5792	0.0238	1.4576	0.3038	2.4470
40	41	0.6979	11	0	1	1	0	0	0	0	0	N	N	N	N	N	N	N	N	N	N	N	N	0.2966	0.1882	8.0154	0.7319	0.7730	0.5046	0.8128	3.0036	15.9745	0.1070	0.0890	0.2540	0.1710	0.1853	0.0150	0.0513	0.0004	0.3867	0.3609	0.4727	0.0317	0.2337	0.2397	0.0298	0.0631	0.0001	0.0242	0.3508	0.3127	-0.0038	-0.0028	12.6411	22.0894	7.4648	9.3639	0.1398	0.1035	0.0363	0.1040	0.1032	0.0008	0.0358	0.0003	0.0355	0.0073	0.0056	0.0017	0.0059	0.0056	0.0003	0.0014	0.0000	0.0014	1.3059	1.1630	0.1429	0.6081	0.5571	0.0510	0.6978	0.6059	0.0919	0.3006	0.1869	0.1137	0.1057	0.0946	0.0111	0.1949	0.0923	0.1026	4.4080	2.9907	16.6080	3.0863	3.1526	0.5636	6.9263	925.3875	27.4905	0.0243	0.0298	0.0153	0.0554	0.0588	0.0266	0.0074	0.0000	0.0141
40	42	0.1964	5	0	1	1	0	0	0	0	0	N	N	N	N	N	N	N	N	N	N	N	N	97.1270	673.5869	364.4673	10.7806	14.5378	0.1898	60.6299	29056.5592	487.1449	0.8546	0.4862	3.6353	0.0210	0.0218	0.0017	1.0386	0.5996	3.8836	0.0088	0.0007	0.0100	0.0019	0.0015	0.0090	0.0171	0.0000	0.0080	0.9906	10.9300	0.4232	0.0007	12.6411	43.3975	7.4648	17.3745	2.0106	1.0101	1.0006	0.0089	0.0089	0.0000	2.0017	1.0012	1.0005	0.0023	0.0002	0.0021	0.0003	0.0002	0.0001	0.0021	0.0000	0.0021	2.3527	2.0775	0.2752	0.4254	0.4078	0.0176	1.9273	1.6697	0.2576	0.7706	0.4325	0.3381	0.1378	0.1296	0.0082	0.6328	0.3029	0.3299	283.9415	1081.5467	578.4769	10.7806	14.5378	0.1898	320.4120	10620718.9637	624.6657	0.0030	0.0004	0.0063	0.0019	0.0015	0.0090	0.0032	0.0000	0.0062
40	43	0.6281	10	1	0	2	0	0	0	0	0	N	N	Y	N	N	N	N	N	N	N	N	N	150.4724	5915.3817	6.3897	6845.0331	6386.8238	82518.2868	0.2890	7.2917	0.0003	0.7463	0.8237	0.0429	1.6675	1.7467	0.1877	0.0040	0.0046	0.0000	0.0050	0.0001	0.0067	0.0002	0.0003	0.0000	0.0138	0.0006	0.0059	0.0057	22.3905	-0.2216	0.0001	12.6411	18.2331	7.4648	4.4208	0.7872	0.7827	0.0045	0.7849	0.7804	0.0045	0.0023	0.0023	0.0000	0.0004	0.0000	0.0004	0.0000	0.0000	0.0000	0.0004	0.0000	0.0004	1.0548	0.9503	0.1046	0.4707	0.4468	0.0239	0.5841	0.5035	0.0807	0.2062	0.1239	0.0823	0.0687	0.0611	0.0076	0.1375	0.0628	0.0747	387.8557	6015.7394	9.2968	6845.0331	6386.8238	82518.2868	1.4386	1150.1437	0.0004	0.0019	0.0001	0.0046	0.0002	0.0003	0.0000	0.0028	0.0000	0.0051
40	44	0.6879	10	0	1	1	1	0	0	0	0	N	N	N	N	N	N	N	N	N	N	N	N	0.6094	0.9657	0.3666	2.9114	2.1742	718.0937	0.0017	118.6240	0.0018	0.7753	0.6470	1.9169	1.7288	1.3886	6.5866	0.0028	0.0017	0.0100	1.2723	0.6700	5.2286	0.5938	0.6387	0.0092	1.6553	0.0000	5.6781	0.3330	23.6017	-0.0979	0.2406	12.6411	62.5878	7.4648	29.9840	2.6212	1.9665	0.6548	2.6160	1.9637	0.6523	0.0052	0.0027	0.0024	0.7270	0.0296	0.6975	0.0298	0.0296	0.0003	0.6972	0.0000	0.6972	3.3810	3.0394	0.3416	1.5132	1.4142	0.0990	1.8677	1.6252	0.2425	0.7758	0.4889	0.2869	0.2713	0.2418	0.0295	0.5045	0.2470	0.2575	0.8273	10.7030	0.7886	15.7272	11.3630	718.0937	0.0020	43031.6552	0.0037	0.9371	0.0604	2.4307	0.1099	0.1222	0.0092	1.3819	0.0000	2.7079
40	45	0.6281	10	1	0	2	0	0	0	0	0	N	N	Y	N	N	N	N	N	N	N	N	N	0.0123	0.0099	2.4019	0.6509	0.5856	0.9746	0.0075	0.0041	0.0227	0.0066	0.0073	0.0007	0.0081	0.0084	0.0029	0.0054	0.0063	0.0000	0.5405	0.7340	0.0003	0.0124	0.0143	0.0030	0.7177	1.5408	0.0000	0.0103	0.0025	-0.0015	-0.0044	12.6411	13.5293	7.4648	3.1702	0.0054	0.0053	0.0001	0.0030	0.0029	0.0001	0.0024	0.0024	0.0000	0.0071	0.0070	0.0000	0.0004	0.0004	0.0000	0.0066	0.0066	0.0000	0.8153	0.7352	0.0801	0.3698	0.3511	0.0187	0.4454	0.3841	0.0614	0.1565	0.0943	0.0622	0.0526	0.0470	0.0056	0.1039	0.0473	0.0565	0.1470	0.0975	2.4019	0.9704	0.9318	0.9746	0.0849	0.0449	0.0227	0.0451	0.0746	0.0003	0.0083	0.0090	0.0030	0.0637	0.1397	0.0000
40	46	0.6236	9	1	0	2	0	0	0	0	0	N	N	Y	N	N	N	N	N	N	N	N	N	42.8249	70.8575	18.8164	11.9748	19.9008	8.8724	119.6906	58.3061	0.0964	0.2106	0.2255	0.0558	0.0487	0.0407	0.2119	0.3697	0.4239	0.0001	0.0049	0.0032	0.0030	0.0041	0.0020	0.0239	0.0031	0.0073	0.0013	0.0237	1.4339	-0.0197	-0.0000	12.6411	4.1147	7.4648	1.2946	0.0745	0.0728	0.0017	0.0085	0.0068	0.0017	0.0660	0.0660	0.0000	0.0001	0.0001	0.0001	0.0001	0.0000	0.0000	0.0000	0.0000	0.0000	0.3539	0.3229	0.0310	0.1753	0.1672	0.0081	0.1785	0.1557	0.0228	0.0651	0.0407	0.0245	0.0240	0.0221	0.0019	0.0411	0.0185	0.0226	111.4293	181.1783	18.8385	13.0598	19.9008	9.1418	451.6901	1461.4578	0.0964	0.0019	0.0012	0.0030	0.0037	0.0020	0.0232	0.0008	0.0003	0.0013
40	47	0.5610	8	1	0	1	0	0	0	0	0	N	N	N	N	N	N	N	N	N	N	N	N	26.2383	14.8118	2.1050	5.6975	6.5408	0.8731	239.6883	1525.6786	3.0108	0.7053	0.7911	0.0130	0.1627	0.1745	0.0266	1.1188	1.2903	0.0068	0.0269	0.0534	0.0062	0.0286	0.0267	0.0305	0.0047	0.0008	0.0023	0.0020	0.3125	-0.2865	-0.0012	12.6411	22.0103	7.4648	13.6452	1.0048	1.0028	0.0020	0.1003	0.0990	0.0013	0.9046	0.9038	0.0007	0.0032	0.0024	0.0008	0.0028	0.0024	0.0004	0.0004	0.0000	0.0004	1.4248	1.2676	0.1572	0.6163	0.5672	0.0491	0.8085	0.7005	0.1081	0.4902	0.3170	0.1732	0.1850	0.1700	0.0150	0.3052	0.1470	0.1582	108.1757	103.0014	2.9609	10.6127	12.1901	0.9905	950.0557	180667.4632	3.0108	0.0065	0.0077	0.0044	0.0153	0.0143	0.0269	0.0012	0.0000	0.0023
40	50	0.3978	11	1	1	2	0	0	0	0	0	N	N	Y	N	N	N	N	N	N	N	N	N	0.0000	0.0000	0.0000	0.0000	0.0000	0.0000	0.0000	0.0000	0.0000	0.0000	0.0000	0.0000	0.0000	0.0000	0.0000	0.0000	0.0000	0.0000	0.0000	0.0000	12.6411	0.9856	7.4648	2.8295	0.0000	0.0000	0.0000	0.0000	0.0000	0.0000	0.0000	0.0000	0.0000	0.0000	0.0000	0.0000	0.0000	0.0000	0.0000	0.0000	0.0000	0.0000	0.0580	0.0515	0.0066	0.0165	0.0158	0.0007	0.0416	0.0357	0.0059	0.0449	0.0261	0.0188	0.0102	0.0092	0.0009	0.0347	0.0169	0.0178	0.0000	0.0000	0.0000	0.0000	0.0000	0.0000	0.0000	0.0000	0.0000	0.0000	0.0000	0.0000	0.0000	0.0000	0.0000	0.0000	0.0000	0.0000											
40	51	0.6678	11	1	1	1	0	0	0	0	0	N	N	N	N	N	N	N	N	N	N	N	N	0.0034	0.0025	0.0109	0.0022	0.0021	0.0003	1.8145	9.9854	0.0145	0.0104	0.0120	0.0000	0.0180	0.0190	0.0000	0.0036	0.0046	0.0000	3.0774	4.8296	0.0012	8.1253	8.8713	0.0023	0.0020	0.0005	0.0011	0.0002	0.0001	-0.0030	-0.4584	12.6411	13.3057	7.4648	8.6321	0.0105	0.0105	0.0000	0.0085	0.0085	0.0000	0.0020	0.0019	0.0000	0.7297	0.7296	0.0001	0.7296	0.7296	0.0000	0.0001	0.0000	0.0001	1.0087	0.8699	0.1389	0.4737	0.4478	0.0259	0.5350	0.4221	0.1129	0.2371	0.1511	0.0861	0.0898	0.0822	0.0076	0.1473	0.0688	0.0785	0.0034	0.0025	0.0109	0.0022	0.0021	0.0003	6.0361	2028.7628	0.0145	3.0774	4.8296	0.0012	8.1253	8.8713	0.0023	0.0006	0.0000	0.0011
40	52	0.3306	7	0	1	1	1	0	0	0	0	N	N	N	N	N	N	N	N	N	N	N	N	39.1580	1.9506	279.7054	2.2840	1.1784	13.8342	21.3878	inf	334.1408	2.2450	0.0018	13.0001	0.0029	0.0015	0.0308	3.6359	0.0021	14.6373	0.0573	0.0009	0.0465	0.0013	0.0012	0.0022	0.1700	0.0000	0.0438	1477.7928	26.9627	0.2586	0.0001	12.6411	2.1073	7.4648	0.0711	0.3631	0.0002	0.3628	0.0002	0.0001	0.0001	0.3629	0.0002	0.3627	0.0003	0.0000	0.0002	0.0000	0.0000	0.0000	0.0002	0.0000	0.0002	0.1617	0.1338	0.0279	0.0619	0.0588	0.0031	0.0998	0.0750	0.0248	0.0281	0.0170	0.0111	0.0077	0.0073	0.0004	0.0204	0.0097	0.0107	248.0321	3.4375	586.2207	2.2840	1.1784	13.8342	303.1804	inf	639.3213	0.0091	0.0005	0.0222	0.0013	0.0012	0.0022	0.0120	0.0000	0.0229
40	53	0.2682	6	0	0	1	1	0	0	0	0	N	N	N	N	N	N	N	N	N	N	N	N	1.0282	3.8316	1.1444	0.0312	0.0186	10.5640	1.3136	2302.6333	1.3815	1.6046	0.8996	7.2596	0.0073	0.0047	0.0433	2.4694	1.4213	9.2314	1.5605	0.2348	6.3437	0.2344	0.2527	0.0041	1.8799	0.0006	6.6821	1.0061	184.1994	0.4303	0.1593	12.6411	21.8329	7.4648	8.0592	2.0073	1.0006	1.0067	0.0032	0.0019	0.0013	2.0041	0.9987	1.0054	0.4350	0.0023	0.4327	0.0024	0.0023	0.0000	0.4327	0.0000	0.4327	1.2510	1.1123	0.1387	0.4394	0.4096	0.0298	0.8115	0.7026	0.1089	0.2955	0.1581	0.1375	0.0426	0.0387	0.0039	0.2530	0.1194	0.1336	1.0901	60.5395	2.3064	0.1317	0.0774	10.5640	1.4438	372067.0788	2.8504	1.4720	0.0149	3.1475	0.0555	0.0607	0.0041	1.7104	0.0000	3.2387
40	54	0.7803	13	0	1	1	1	0	0	0	0	N	N	N	N	N	N	N	N	N	N	N	N	0.0000	0.0000	0.0000	0.0000	0.0000	0.0000	0.0000	0.0000	0.0000	0.0000	0.0000	0.0000	0.0000	0.0000	0.0000	0.0000	0.0000	0.0000	0.0000	0.0000	12.6411	0.0000	7.4648	0.0000	0.0000	0.0000	0.0000	0.0000	0.0000	0.0000	0.0000	0.0000	0.0000	0.0000	0.0000	0.0000	0.0000	0.0000	0.0000	0.0000	0.0000	0.0000	0.0000	0.0000	0.0000	0.0000	0.0000	0.0000	0.0000	0.0000	0.0000	0.0000	0.0000	0.0000	0.0000	0.0000	0.0000	0.0000	0.0000	0.0000	0.0000	0.0000	0.0000	0.0000	0.0000	0.0000	0.0000	0.0000	0.0000	0.0000	0.0000	0.0000	0.0000	0.0000	0.0000	0.0000	0.0000	0.0000											
40	55	0.2682	6	0	0	1	1	0	0	0	0	N	N	N	N	N	N	N	N	N	N	N	N	0.0454	0.0378	0.0883	0.0580	0.0620	0.0000	0.0345	0.0358	0.2752	0.0295	0.0330	0.0004	0.0687	0.0739	0.0000	0.0001	0.0001	0.0005	0.6496	0.8738	0.0042	1.1841	1.1935	0.1220	0.0041	0.0024	0.0019	0.0013	0.0238	-0.0009	-0.0008	12.6411	1.2825	7.4648	0.1503	0.0030	0.0030	0.0000	0.0030	0.0030	0.0000	0.0000	0.0000	0.0000	0.0014	0.0014	0.0000	0.0014	0.0014	0.0000	0.0000	0.0000	0.0000	0.1020	0.0911	0.0109	0.0437	0.0406	0.0031	0.0583	0.0505	0.0078	0.0214	0.0125	0.0089	0.0055	0.0052	0.0002	0.0159	0.0072	0.0087	0.4559	0.3045	0.1024	0.2742	0.2868	0.0000	0.1350	1.3531	0.2752	0.0647	0.1083	0.0036	0.2505	0.2578	0.0739	0.0011	0.0001	0.0019
40	56	0.2272	5	0	0	1	1	0	0	0	0	N	N	N	N	N	N	N	N	N	N	N	N	1.4718	31.5950	0.0346	2.8527	137.5633	0.0021	0.1280	0.0312	1.1970	0.7944	0.8901	0.0230	2.2787	2.4330	0.0203	0.0080	0.0055	0.0237	0.5397	0.0282	0.6658	0.7988	0.0177	9.7162	0.0624	0.1772	0.0198	0.0032	12.1788	-0.2235	0.0043	12.6411	14.8542	7.4648	6.8183	0.7872	0.7847	0.0025	0.7821	0.7816	0.0004	0.0052	0.0031	0.0021	0.0144	0.0011	0.0133	0.0127	0.0008	0.0119	0.0018	0.0003	0.0015	0.9910	0.8816	0.1094	0.3432	0.3213	0.0220	0.6478	0.5603	0.0875	0.3222	0.1905	0.1317	0.0842	0.0750	0.0092	0.2379	0.1154	0.1225	17.7595	155.0297	0.2277	15.1634	226.9056	0.0157	1.0843	2.2106	1.9842	0.0447	0.0057	0.1011	0.1503	0.0107	1.2899	0.0074	0.0025	0.0119
40	57	0.1523	4	0	0	1	1	0	0	0	0	N	N	N	N	N	N	N	N	N	N	N	N	1.5296	1.2429	0.8099	0.6812	0.7301	0.0604	46.4849	325.4524	1.4635	0.6885	0.7807	0.0100	0.5930	0.6322	0.0083	0.7268	0.8459	0.0103	0.4501	0.6282	0.0123	0.8706	0.8659	0.1374	0.0156	0.0026	0.0070	0.0017	0.1068	-0.4524	-0.0107	12.6411	33.5853	7.4648	9.3450	1.5851	1.5823	0.0028	0.3912	0.3909	0.0003	1.1939	1.1915	0.0024	0.0201	0.0181	0.0019	0.0186	0.0181	0.0005	0.0015	0.0000	0.0015	2.3024	2.0267	0.2757	0.6597	0.6183	0.0414	1.6427	1.4084	0.2342	0.6012	0.3343	0.2669	0.1136	0.1075	0.0060	0.4876	0.2267	0.2608	20.6195	14.3913	1.3767	3.6212	3.7522	0.1044	240.6945	12119.6308	1.8428	0.0334	0.0543	0.0073	0.1638	0.1685	0.0796	0.0030	0.0001	0.0056
40	58	0.1316	3	0	0	1	0	0	0	0	0	N	N	N	N	N	N	N	N	N	N	N	N	0.7356	0.4544	0.9115	0.3673	0.4053	0.0741	0.7466	12.3765	1.3563	0.7008	0.5321	1.5318	0.7640	0.8141	0.4490	0.6697	0.3852	1.9286	0.9528	1.1710	1.6806	2.0802	2.0084	6.0555	0.8970	0.0311	1.4220	0.5845	0.6780	0.0820	-0.0179	12.6411	15.2419	7.4648	2.5705	1.0029	0.6329	0.3699	0.3608	0.3317	0.0291	0.6421	0.3012	0.3409	0.0799	0.0476	0.0323	0.0499	0.0475	0.0024	0.0300	0.0001	0.0299	1.4310	1.1895	0.2415	0.4723	0.4075	0.0648	0.9587	0.7820	0.1767	0.3275	0.1782	0.1493	0.0744	0.0719	0.0025	0.2531	0.1063	0.1468	2.8734	1.9918	7.0861	1.1386	1.2315	0.4703	5.6572	411.6917	9.4790	0.2439	0.2671	0.2162	0.6710	0.6611	0.9547	0.1184	0.0009	0.2035
40	59	0.7803	13	0	0	1	1	0	0	0	0	N	N	N	N	N	N	N	N	N	N	N	N	0.0000	0.0000	0.0000	0.0000	0.0000	0.0000	0.0000	0.0000	0.0000	0.0000	0.0000	0.0000	0.0000	0.0000	0.0000	0.0000	0.0000	0.0000	0.0000	0.0000	12.6411	0.0000	7.4648	0.0000	0.0000	0.0000	0.0000	0.0000	0.0000	0.0000	0.0000	0.0000	0.0000	0.0000	0.0000	0.0000	0.0000	0.0000	0.0000	0.0000	0.0000	0.0000	0.0000	0.0000	0.0000	0.0000	0.0000	0.0000	0.0000	0.0000	0.0000	0.0000	0.0000	0.0000	0.0000	0.0000	0.0000	0.0000	0.0000	0.0000	0.0000	0.0000	0.0000	0.0000	0.0000	0.0000	0.0000	0.0000	0.0000	0.0000	0.0000	0.0000	0.0000	0.0000	0.0000	0.0000	0.0000	0.0000											
40	60	0.7029	12	0	0	1	1	0	0	0	0	N	N	N	N	N	N	N	N	N	N	N	N	1.0411	3.5875	1.0052	11.3950	10.0382	7.3716	0.0547	0.0192	1.1516	0.0361	0.0368	0.0296	0.0793	0.0831	0.0055	0.0047	0.0000	0.0363	0.0347	0.0103	0.0295	0.0070	0.0083	0.0007	0.0864	0.0001	0.0315	0.0856	2.8860	-0.0073	0.0002	12.6411	19.3360	7.4648	7.9957	0.0349	0.0322	0.0028	0.0323	0.0322	0.0001	0.0026	0.0000	0.0026	0.0017	0.0004	0.0013	0.0004	0.0004	0.0000	0.0012	0.0000	0.0012	0.9667	0.8737	0.0930	0.4072	0.3872	0.0201	0.5595	0.4866	0.0729	0.2325	0.1461	0.0864	0.0838	0.0722	0.0116	0.1487	0.0739	0.0748	4.9709	12.3719	2.0398	14.9824	13.8024	7.3716	0.5640	6.0122	2.1763	0.0073	0.0030	0.0145	0.0053	0.0060	0.0007	0.0084	0.0000	0.0167
40	61	0.3928	10	0	1	2	0	0	0	0	0	N	N	Y	N	N	N	N	N	N	N	N	N	300.0809	9139.4909	0.1252	972.8277	8963.2804	0.0634	0.0027	inf	0.0398	0.9619	1.0786	0.0004	2.7796	2.9162	0.0021	0.0000	0.0000	0.0001	0.0032	0.0001	0.0030	0.0029	0.0003	0.0333	0.0035	0.0000	0.0017	0.0000	19.1046	-0.2209	0.0001	12.6411	14.2360	7.4648	11.9336	0.7695	0.7694	0.0000	0.7695	0.7694	0.0000	0.0000	0.0000	0.0000	0.0004	0.0000	0.0004	0.0002	0.0000	0.0002	0.0002	0.0000	0.0002	0.7999	0.7133	0.0866	0.2768	0.2638	0.0130	0.5231	0.4495	0.0736	0.2805	0.1597	0.1208	0.0635	0.0579	0.0056	0.2170	0.1018	0.1152	712.1603	9139.4909	0.1258	972.8277	8963.2804	0.0728	0.0106	inf	0.0398	0.0014	0.0001	0.0030	0.0029	0.0003	0.0290	0.0009	0.0000	0.0017
40	62	0.3206	10	1	0	2	0	0	0	0	0	N	N	Y	N	N	N	N	N	N	N	N	N	3141.6633	4465.5667	0.0000	3728.7981	5732.9584	0.0000	0.0470	0.4717	0.0000	0.6074	0.6840	0.0000	2.1641	2.2618	0.0000	0.0000	0.0000	0.0000	0.0002	0.0002	0.0003	0.0006	0.0004	0.0027	0.0002	0.0000	0.0001	0.0000	1.1321	-0.2711	-0.0000	12.6411	28.8660	7.4648	13.2209	0.9443	0.9443	0.0000	0.9443	0.9443	0.0000	0.0000	0.0000	0.0000	0.0001	0.0000	0.0000	0.0001	0.0000	0.0000	0.0000	0.0000	0.0000	1.5548	1.3807	0.1741	0.4363	0.4175	0.0188	1.1184	0.9632	0.1553	0.4852	0.2872	0.1980	0.1214	0.1115	0.0099	0.3638	0.1758	0.1880	3141.6633	4465.5667	0.0000	3728.7981	5732.9584	0.0000	0.1319	171.0057	0.0000	0.0002	0.0002	0.0003	0.0006	0.0004	0.0027	0.0001	0.0000	0.0001
40	63	0.3179	9	1	1	1	0	0	0	0	0	N	N	N	N	N	N	N	N	N	N	N	N	0.0045	0.0044	0.0000	0.0004	0.0004	0.0000	0.0060	6.1001	0.0000	0.0039	0.0044	0.0000	0.0006	0.0006	0.0000	0.0050	0.0058	0.0000	0.8645	1.0042	1.2439	1.4757	1.4624	0.5537	0.8247	0.0009	1.1105	0.0002	0.7138	-0.0003	-0.0069	12.6411	5.0237	7.4648	8.0282	0.0011	0.0011	0.0000	0.0000	0.0000	0.0000	0.0011	0.0011	0.0000	0.0324	0.0189	0.0135	0.0195	0.0189	0.0006	0.0129	0.0000	0.0129	0.2936	0.2594	0.0341	0.0724	0.0690	0.0034	0.2212	0.1905	0.0307	0.2028	0.1192	0.0835	0.0563	0.0533	0.0030	0.1465	0.0659	0.0806	0.0244	0.0278	0.0000	0.0017	0.0018	0.0001	0.0564	657.6729	0.0000	0.1596	0.1584	0.1613	0.3460	0.3541	0.2019	0.0879	0.0000	0.1598
40	64	0.2549	8	1	1	1	0	0	0	0	0	N	N	N	N	N	N	N	N	N	N	N	N	1.4587	1.2165	1.9305	0.0130	0.0134	0.3424	1.9147	1.0131	2.5106	0.9682	1.0963	0.0080	0.0090	0.0093	0.0029	1.2421	1.4400	0.0085	0.6637	0.9011	0.0041	0.6954	0.6962	0.0084	0.6487	1.4215	0.0034	0.0010	0.0225	-0.2859	-0.0204	12.6411	17.5893	7.4648	19.0270	0.9991	0.9981	0.0010	0.0021	0.0020	0.0000	0.9970	0.9961	0.0009	0.0336	0.0329	0.0007	0.0141	0.0140	0.0001	0.0195	0.0188	0.0007	1.0319	0.9105	0.1215	0.2292	0.2188	0.0105	0.8027	0.6917	0.1110	0.4942	0.2851	0.2091	0.1108	0.1039	0.0069	0.3834	0.1812	0.2022	14.2428	9.5135	2.2568	0.0710	0.0690	0.3424	24.3876	13.8483	2.5106	0.0680	0.1152	0.0035	0.1270	0.1349	0.0084	0.0509	0.1040	0.0034
40	65	0.2486	7	0	1	1	0	0	0	0	0	N	N	N	N	N	N	N	N	N	N	N	N	0.0074	0.9113	0.0011	0.0334	0.3490	0.0000	0.0083	0.1129	0.0015	0.0047	0.0051	0.0013	0.0008	0.0008	0.0000	0.0068	0.0076	0.0017	0.6370	0.0056	1.2491	0.0232	0.0024	1.2385	0.8117	0.0674	1.0960	0.0339	50.8696	-0.0002	0.0022	12.6411	1.7566	7.4648	2.8742	0.0006	0.0006	0.0000	0.0000	0.0000	0.0000	0.0006	0.0006	0.0000	0.0063	0.0001	0.0062	0.0004	0.0001	0.0004	0.0059	0.0000	0.0058	0.1293	0.1145	0.0148	0.0449	0.0420	0.0028	0.0844	0.0724	0.0120	0.1022	0.0639	0.0383	0.0324	0.0313	0.0011	0.0698	0.0326	0.0372	0.0756	2.6800	0.0083	0.0584	0.3490	0.0000	0.0800	5.1903	0.0105	0.0619	0.0019	0.1622	0.0133	0.0024	0.3333	0.0845	0.0015	0.1572
40	66	0.3928	10	0	1	1	0	0	0	0	0	N	N	N	N	N	N	N	N	N	N	N	N	458.3740	428.5369	0.0000	33.8278	35.5230	0.0000	984.4502	8208.9035	0.0000	0.8960	1.0041	0.0000	0.0939	0.0986	0.0000	1.3142	1.5264	0.0000	0.0020	0.0023	0.0009	0.0028	0.0028	0.0028	0.0013	0.0002	0.0008	0.0000	0.6873	-0.2968	-0.0001	12.6411	21.1811	7.4648	10.1862	1.0335	1.0335	0.0000	0.0371	0.0371	0.0000	0.9964	0.9964	0.0000	0.0003	0.0002	0.0001	0.0002	0.0002	0.0000	0.0001	0.0000	0.0001	1.1534	1.0292	0.1242	0.3953	0.3764	0.0188	0.7582	0.6528	0.1054	0.3312	0.1885	0.1427	0.0746	0.0679	0.0066	0.2566	0.1206	0.1360	932.6612	1003.8191	0.0000	33.8278	35.5230	0.0000	3031.7956	2520972.5417	0.0000	0.0010	0.0010	0.0009	0.0028	0.0028	0.0028	0.0004	0.0000	0.0008
40	67	0.3790	9	0	1	1	0	0	0	0	0	N	N	N	N	N	N	N	N	N	N	N	N	3.4307	1.8665	0.0000	1.8821	1.6853	0.0000	13.2486	18.5359	0.0000	0.0047	0.0052	0.0000	0.0056	0.0059	0.0000	0.0042	0.0048	0.0000	0.0014	0.0028	0.0002	0.0030	0.0035	0.0002	0.0003	0.0003	0.0002	0.0000	0.1461	-0.0006	-0.0000	12.6411	7.4253	7.4648	0.9851	0.0020	0.0020	0.0000	0.0008	0.0008	0.0000	0.0012	0.0012	0.0000	0.0001	0.0001	0.0000	0.0001	0.0001	0.0000	0.0000	0.0000	0.0000	0.4395	0.3928	0.0467	0.1447	0.1383	0.0063	0.2948	0.2544	0.0404	0.0935	0.0528	0.0407	0.0202	0.0183	0.0018	0.0734	0.0345	0.0389	6.3158	4.5742	0.0000	1.8821	1.8007	0.0000	36.3944	5298.2986	0.0000	0.0007	0.0011	0.0002	0.0030	0.0033	0.0002	0.0001	0.0000	0.0002
40	68	0.0635	2	0	0	2	0	0	0	0	0	N	N	Y	N	N	N	N	N	N	N	N	N	0.4667	0.3899	0.1670	0.5305	0.5234	23.9350	0.1506	0.0034	0.1786	0.5688	0.6430	0.3871	1.4689	1.4749	0.2364	0.1627	0.0006	0.3879	1.2187	1.6490	2.3179	2.7692	2.8180	0.0099	1.0807	0.1871	2.1713	0.2458	0.2367	-0.0975	-0.4245	12.6411	15.0354	7.4648	6.2061	1.0848	0.8708	0.2140	0.8710	0.8703	0.0007	0.2138	0.0005	0.2134	0.9715	0.7855	0.1860	0.7851	0.7851	0.0000	0.1864	0.0004	0.1859	1.9072	1.3542	0.5529	0.5929	0.5901	0.0029	1.3142	0.7641	0.5501	1.2148	0.6535	0.5612	0.4878	0.4837	0.0041	0.7270	0.1699	0.5571	0.7113	0.5350	1.1682	0.9126	0.9087	23.9350	0.6348	0.2450	1.1623	0.7997	1.2019	0.3313	1.6096	1.6231	0.0099	0.2563	0.0026	0.3337
40	71	0.3822	10	1	1	1	0	0	0	0	0	N	N	N	N	N	N	N	N	N	N	N	N	0.1019	0.0260	22.6498	0.0562	0.0481	1.2829	26.7354	102.8149	0.0001	0.0000	0.0002	0.0001	0.0001	0.0002	0.0000	0.0000	0.0002	0.0005	0.0013	0.0000	0.0018	0.0020	0.0002	0.0000	0.0000	0.0000	0.8023	0.0114	0.0000	-0.0001	12.6411	17.5448	7.4648	6.0013	0.0001	0.0000	0.0000	0.0000	0.0000	0.0000	0.0000	0.0000	0.0000	0.0001	0.0001	0.0000	0.0001	0.0001	0.0000	0.0000	0.0000	0.0000	0.9891	0.8829	0.1061	0.3391	0.3221	0.0171	0.6499	0.5609	0.0890	0.2525	0.1432	0.1093	0.0545	0.0495	0.0050	0.1979	0.0937	0.1043	0.1424	0.0508	22.6498	0.0562	0.0481	1.2829	26.7354	0.0000	102.8149	0.0004	0.0007	0.0000	0.0018	0.0020	0.0002	0.0000	0.0000	0.0000	
40	72	0.4506	13	1	1	2	0	0	0	0	0	N	N	Y	N	N	N	N	N	N	N	N	N	0.0000	0.0000	0.0000	0.0000	0.0000	0.0000	0.0000	0.0000	0.0000	0.0000	0.0000	0.0000	0.0000	0.0000	0.0000	0.0000	0.7146	0.9234	0.0000	1.0954	1.1082	0.0000	0.0000	0.0000	0.0000	0.0000	0.0000	-0.0035	12.6411	1.8980	7.4648	2.9698	0.0000	0.0000	0.0000	0.0000	0.0000	0.0000	0.0000	0.0000	0.0000	0.0056	0.0056	0.0000	0.0056	0.0056	0.0000	0.0000	0.0000	0.0000	0.1128	0.1002	0.0126	0.0450	0.0429	0.0021	0.0678	0.0573	0.0105	0.0670	0.0460	0.0210	0.0246	0.0234	0.0012	0.0424	0.0226	0.0198	0.0000	0.0000	0.0000	0.0000	0.0000	0.0000	0.0000	0.0000	0.0000	0.0832	0.1212	0.0000	0.2265	0.2384	0.0000	0.0000	0.0000	0.0000			
40	73	0.4310	12	1	0	2	0	0	0	0	0	N	N	Y	N	N	N	N	N	N	N	N	N	0.1447	5.7270	0.0012	9.4409	8.6457	0.0000	0.0657	322.4986	0.0015	0.0905	0.0985	0.0015	0.1353	0.1403	0.0000	0.0523	0.0595	0.0018	0.6251	0.0172	1.2379	0.0143	0.0162	0.0000	0.7968	0.0002	1.2331	0.0014	20.0885	-0.0103	0.0019	12.6411	3.5853	7.4648	4.3819	0.0361	0.0360	0.0000	0.0248	0.0248	0.0000	0.0113	0.0112	0.0000	0.0058	0.0003	0.0056	0.0003	0.0003	0.0000	0.0056	0.0000	0.0056	0.3986	0.3654	0.0332	0.1832	0.1767	0.0065	0.2155	0.1888	0.0267	0.0989	0.0644	0.0345	0.0297	0.0276	0.0021	0.0692	0.0368	0.0324	1.5352	22.9608	0.0092	14.5498	14.0241	0.0000	0.6522	99104.7235	0.0108	0.0589	0.0043	0.1608	0.0093	0.0100	0.0000	0.0802	0.0000	0.1712
40	74	0.3996	11	1	0	2	0	0	0	0	0	N	N	Y	N	N	N	N	N	N	N	N	N	110.3660	91.2596	5.5698	3.1758	3.7044	0.1872	462.5435	299.6312	10.5042	0.9855	1.0973	0.0140	0.0466	0.0488	0.0042	1.5516	1.7925	0.0162	0.0089	0.0120	0.0025	0.0147	0.0132	0.0223	0.0034	0.0060	0.0015	0.0015	0.4849	-0.2146	-0.0002	12.6411	12.3589	7.4648	7.3592	0.7514	0.7503	0.0011	0.0134	0.0133	0.0001	0.7380	0.7370	0.0010	0.0007	0.0005	0.0002	0.0006	0.0005	0.0001	0.0002	0.0000	0.0001	0.7624	0.6837	0.0787	0.2868	0.2726	0.0142	0.4756	0.4112	0.0645	0.2331	0.1413	0.0918	0.0580	0.0536	0.0044	0.1751	0.0877	0.0874	325.1733	325.9236	5.5698	4.9025	5.7469	0.1919	1753.1297	7645.8154	10.5042	0.0030	0.0034	0.0025	0.0095	0.0085	0.0218	0.0009	0.0002	0.0015
40	75	0.3822	10	1	0	2	0	0	0	0	0	N	N	Y	N	N	N	N	N	N	N	N	N	2.5515	7.4143	0.0671	12.7789	11.6401	0.0141	0.5456	113.5445	0.0920	0.0754	0.0843	0.0015	0.1628	0.1718	0.0000	0.0266	0.0306	0.0018	0.0296	0.0114	0.0226	0.0127	0.0148	0.0004	0.0488	0.0003	0.0200	0.0022	2.7621	-0.0131	0.0001	12.6411	10.2127	7.4648	1.0234	0.0459	0.0458	0.0001	0.0355	0.0355	0.0000	0.0104	0.0103	0.0001	0.0009	0.0002	0.0006	0.0002	0.0002	0.0000	0.0006	0.0000	0.0006	0.6084	0.5433	0.0651	0.2179	0.2065	0.0114	0.3905	0.3368	0.0537	0.1239	0.0703	0.0537	0.0269	0.0244	0.0025	0.0971	0.0458	0.0512	10.9464	26.0836	0.1302	19.2190	18.4932	0.0141	4.1261	32165.7012	0.1508	0.0069	0.0032	0.0117	0.0085	0.0093	0.0004	0.0064	0.0000	0.0122
40	76	0.3790	9	1	0	1	0	0	0	0	0	N	N	N	N	N	N	N	N	N	N	N	N	0.9630	3.9798	0.0000	2.3773	2.2533	0.0000	0.2169	inf	0.0000	0.0002	0.0002	0.0000	0.0003	0.0003	0.0000	0.0001	0.0001	0.0000	0.0002	0.0001	0.0004	0.0001	0.0001	0.0000	0.0006	0.0000	0.0004	0.0000	6.0526	-0.0000	0.0000	12.6411	3.7027	7.4648	0.0091	0.0000	0.0000	0.0000	0.0000	0.0000	0.0000	0.0000	0.0000	0.0000	0.0000	0.0000	0.0000	0.0000	0.0000	0.0000	0.0000	0.0000	0.0000	0.2363	0.2120	0.0243	0.0804	0.0772	0.0032	0.1559	0.1347	0.0211	0.0417	0.0235	0.0182	0.0090	0.0082	0.0008	0.0327	0.0154	0.0173	0.9630	4.2745	0.0000	2.3773	2.2533	0.0000	0.5965	inf	0.0000	0.0002	0.0000	0.0004	0.0001	0.0001	0.0000	0.0002	0.0000	0.0004
40	77	0.3620	8	0	0	1	0	0	0	0	0	N	N	N	N	N	N	N	N	N	N	N	N	0.9034	0.9051	0.7572	1.0136	1.9906	0.0107	0.8310	0.0512	8.4827	0.0033	0.0035	0.0012	0.0073	0.0077	0.0004	0.0002	0.0000	0.0014	0.0037	0.0039	0.0015	0.0072	0.0039	0.0380	0.0002	0.0000	0.0002	0.0365	0.7085	-0.0002	-0.0000	12.6411	3.8334	7.4648	6.1787	0.0010	0.0009	0.0000	0.0009	0.0009	0.0000	0.0000	0.0000	0.0000	0.0002	0.0001	0.0001	0.0002	0.0001	0.0001	0.0000	0.0000	0.0000	0.2929	0.2634	0.0295	0.1285	0.1209	0.0075	0.1644	0.1425	0.0220	0.1408	0.0833	0.0575	0.0373	0.0349	0.0024	0.1035	0.0484	0.0550	2.1997	2.3859	0.7572	1.3443	2.1749	0.0127	2.1382	18.9059	8.4827	0.0015	0.0015	0.0015	0.0054	0.0035	0.0323	0.0001	0.0000	0.0002
40	78	0.3229	7	0	0	1	0	0	0	0	0	N	N	N	N	N	N	N	N	N	N	N	N	17.2311	6.7894	1.5395	33.9455	43.5782	0.0131	0.8047	0.0004	10.8371	0.9424	1.0623	0.0089	2.6129	2.8681	0.0013	0.0015	0.0000	0.0119	0.0547	0.1565	0.0058	0.0770	0.0658	0.0978	0.0019	0.0006	0.0011	0.0011	0.2301	-0.3143	-0.0013	12.6411	16.9094	7.4648	5.8161	1.0989	1.0977	0.0012	1.0977	1.0977	0.0000	0.0011	0.0000	0.0011	0.0030	0.0024	0.0006	0.0028	0.0024	0.0004	0.0001	0.0000	0.0001	1.1661	1.0333	0.1328	0.4201	0.3827	0.0374	0.7459	0.6506	0.0954	0.3334	0.2018	0.1316	0.0924	0.0856	0.0068	0.2410	0.1162	0.1248	106.1686	89.1037	2.1185	85.5202	102.0132	0.0210	2.6681	0.0629	10.8371	0.0089	0.0119	0.0042	0.0306	0.0281	0.0612	0.0006	0.0000	0.0011
40	79	0.2486	7	0	1	1	0	0	0	0	0	N	N	N	N	N	N	N	N	N	N	N	N	0.6607	0.0001	64245.9527	0.0046	0.0002	161.6786	22824.4317	0.2386	116775.0370	0.2024	0.0000	1.7122	0.0024	0.0001	0.0494	0.2556	0.0000	1.8590	0.3063	0.5163	0.0000	0.5066	0.5417	0.0003	0.0000	0.0001	0.0000	5740.3195	0.0005	0.1951	-0.0070	12.6411	23.9173	7.4648	17.8091	0.2738	0.0000	0.2737	0.0007	0.0000	0.0006	0.2731	0.0000	0.2731	0.0112	0.0112	0.0000	0.0112	0.0112	0.0000	0.0000	0.0000	0.0000	1.3528	1.1929	0.1599	0.2844	0.2715	0.0130	1.0684	0.9215	0.1469	0.5442	0.3148	0.2294	0.1166	0.1081	0.0085	0.4276	0.2067	0.2209	9.8156	0.0011	64245.9527	0.0245	0.0011	161.6786	30640.2360	79.5956	116775.0370	0.0206	0.0356	0.0000	0.0962	0.1037	0.0003	0.0000	0.0000	0.0000
40	80	0.2325	6	0	1	1	0	0	0	0	0	N	N	N	N	N	N	N	N	N	N	N	N	0.0229	0.0127	0.2100	0.0003	0.0002	0.0017	0.0237	0.0322	0.2428	0.0001	0.0000	0.0007	0.0000	0.0000	0.0000	0.0001	0.0000	0.0008	0.0053	0.0031	0.0034	0.0037	0.0037	0.0060	0.0062	0.0015	0.0031	2.5221	1.7544	0.0000	0.0000	12.6411	6.1279	7.4648	3.6878	0.0000	0.0000	0.0000	0.0000	0.0000	0.0000	0.0000	0.0000	0.0000	0.0003	0.0001	0.0002	0.0001	0.0001	0.0000	0.0002	0.0000	0.0002	0.3563	0.3130	0.0434	0.0661	0.0635	0.0026	0.2903	0.2495	0.0408	0.1532	0.0918	0.0614	0.0344	0.0326	0.0018	0.1188	0.0592	0.0596	0.0602	0.0321	0.2227	0.0004	0.0003	0.0017	0.0942	1.8920	0.2428	0.0020	0.0012	0.0032	0.0035	0.0034	0.0060	0.0016	0.0000	0.0031
40	81	0.3206	10	1	0	2	0	0	0	0	0	N	N	Y	N	N	N	N	N	N	N	N	N	3933.1433	2319.4455	0.0000	3332.9785	3234.8336	0.0000	18899.8975	6959.5468	0.0000	0.5604	0.6312	0.0000	1.8646	1.9487	0.0000	0.0498	0.0579	0.0000	0.0001	0.0003	0.0000	0.0006	0.0006	0.0001	0.0000	0.0000	0.0000	0.0000	0.0249	-0.2399	-0.0000	12.6411	27.2690	7.4648	12.3406	0.8354	0.8354	0.0000	0.7820	0.7820	0.0000	0.0534	0.0534	0.0000	0.0001	0.0001	0.0000	0.0001	0.0001	0.0000	0.0000	0.0000	0.0000	1.4907	1.3236	0.1671	0.4194	0.4013	0.0181	1.0713	0.9223	0.1490	0.4644	0.2751	0.1893	0.1166	0.1072	0.0095	0.3478	0.1679	0.1798	3933.1433	2689.3975	0.0000	3332.9785	3234.8336	0.0000	18899.8975	3135484.0465	0.0000	0.0001	0.0002	0.0000	0.0006	0.0006	0.0001	0.0000	0.0000	0.0000
40	82	0.3053	9	0	0	1	0	0	0	0	0	N	N	N	N	N	N	N	N	N	N	N	N	449.6660	278.1268	2.6106	243.2870	230.8094	659.0262	646.1321	3034.3675	0.1483	0.1663	0.1856	0.0003	0.2587	0.2692	0.0025	0.1219	0.1410	0.0000	0.0004	0.0007	0.0001	0.0011	0.0012	0.0000	0.0002	0.0000	0.0001	0.0002	0.2001	-0.0287	-0.0000	12.6411	9.0798	7.4648	0.9519	0.1001	0.1001	0.0000	0.0506	0.0506	0.0000	0.0495	0.0495	0.0000	0.0000	0.0000	0.0000	0.0000	0.0000	0.0000	0.0000	0.0000	0.0000	0.6018	0.5390	0.0627	0.1955	0.1878	0.0077	0.4063	0.3512	0.0550	0.1217	0.0714	0.0503	0.0288	0.0263	0.0026	0.0929	0.0451	0.0478	550.4479	432.4979	2.6106	243.2870	230.8094	659.0262	1847.2749	1131797.0037	0.1483	0.0003	0.0004	0.0001	0.0011	0.0012	0.0000	0.0001	0.0000	0.0001
40	83	0.2325	6	0	1	1	0	0	0	0	0	N	N	N	N	N	N	N	N	N	N	N	N	381.3920	249.2836	0.0000	393.8896	382.4394	0.0000	1160.4808	inf	0.0000	0.0327	0.0371	0.0000	0.1756	0.1827	0.0000	0.0001	0.0001	0.0000	0.0001	0.0001	0.0000	0.0004	0.0005	0.0000	0.0000	0.0000	0.0000	0.0000	0.0009	-0.0110	-0.0000	12.6411	21.0000	7.4648	14.4214	0.0384	0.0384	0.0000	0.0383	0.0383	0.0000	0.0001	0.0001	0.0000	0.0000	0.0000	0.0000	0.0000	0.0000	0.0000	0.0000	0.0000	0.0000	1.1740	1.0339	0.1402	0.2182	0.2098	0.0084	0.9558	0.8241	0.1317	0.4669	0.2685	0.1984	0.0897	0.0837	0.0060	0.3771	0.1848	0.1924	381.3920	249.2836	0.0000	393.8896	382.4394	0.0000	1160.4808	inf	0.0000	0.0001	0.0001	0.0000	0.0004	0.0005	0.0000	0.0000	0.0000	0.0000
40	84	0.2902	10	0	0	2	0	0	0	0	0	N	N	Y	N	N	N	N	N	N	N	N	N	0.0009	3.4836	0.0000	0.3228	4.5153	0.0000	0.0000	0.0000	0.0004	0.0005	0.0000	0.0016	0.0017	0.0000	0.0000	0.0000	0.0000	0.4824	0.0001	0.4963	0.0050	0.0004	0.0448	0.6228	0.0000	0.4205	0.0000	454.1200	-0.0001	0.0052	12.6411	20.4085	7.4648	11.0867	0.0005	0.0005	0.0000	0.0005	0.0005	0.0000	0.0000	0.0000	0.0000	0.0142	0.0000	0.0142	0.0004	0.0000	0.0004	0.0138	0.0000	0.0138	1.1967	1.0605	0.1362	0.3225	0.3065	0.0161	0.8741	0.7540	0.1201	0.3893	0.2237	0.1656	0.0933	0.0831	0.0102	0.2960	0.1406	0.1554	0.0119	3.5125	0.0000	0.3750	4.5153	0.0000	0.0000	0.0000	0.0000	0.0365	0.0001	0.0856	0.0043	0.0004	0.0363	0.0467	0.0000	0.0888	
40	85	0.2864	9	0	0	2	0	0	0	0	0	N	N	Y	N	N	N	N	N	N	N	N	N	0.0003	0.0046	0.0000	0.0024	0.0049	0.0000	0.0000	0.0000	0.0000	0.0000	0.0000	0.0000	0.0000	0.0000	0.0000	0.0000	0.0000	0.0000	0.0007	0.0001	0.0010	0.0002	0.0001	0.0013	0.0017	0.0000	0.0010	0.0000	13.7979	-0.0000	0.0000	12.6411	3.1287	7.4648	1.1816	0.0000	0.0000	0.0000	0.0000	0.0000	0.0000	0.0000	0.0000	0.0000	0.0000	0.0000	0.0000	0.0000	0.0000	0.0000	0.0000	0.0000	0.0000	0.2615	0.2328	0.0287	0.1033	0.0966	0.0066	0.1583	0.1362	0.0221	0.0625	0.0373	0.0252	0.0166	0.0151	0.0015	0.0459	0.0223	0.0237	0.0005	0.0050	0.0000	0.0024	0.0049	0.0000	0.0000	0.0000	0.0000	0.0004	0.0000	0.0010	0.0002	0.0001	0.0013	0.0005	0.0000	0.0010
40	86	0.2795	8	0	0	1	0	0	0	0	0	N	N	N	N	N	N	N	N	N	N	N	N	0.0012	0.0009	0.0014	0.0006	0.0006	0.0005	0.0024	0.0005	0.0011	0.0000	0.0000	0.0000	0.0000	0.0000	0.0000	0.0000	0.0000	0.0000	0.0002	0.0003	0.0001	0.0006	0.0006	0.0014	0.0001	0.0003	0.0001	0.0968	0.3904	-0.0000	-0.0000	12.6411	4.0532	7.4648	2.2470	0.0000	0.0000	0.0000	0.0000	0.0000	0.0000	0.0000	0.0000	0.0000	0.0000	0.0000	0.0000	0.0000	0.0000	0.0000	0.0000	0.0000	0.0000	0.2870	0.2547	0.0323	0.0996	0.0927	0.0069	0.1874	0.1620	0.0255	0.0929	0.0551	0.0378	0.0247	0.0224	0.0022	0.0683	0.0327	0.0356	0.0012	0.0011	0.0014	0.0006	0.0006	0.0005	0.0057	0.1319	0.0011	0.0002	0.0002	0.0001	0.0006	0.0006	0.0014	0.0000	0.0000	0.0001
40	87	0.2564	7	0	0	1	0	0	0	0	0	N	N	N	N	N	N	N	N	N	N	N	N	0.7245	0.3495	7.2801	0.9285	0.8807	2.4407	0.1584	0.0513	0.8710	0.0072	0.0075	0.0050	0.0191	0.0191	0.0185	0.0001	0.0001	0.0004	0.0099	0.0215	0.0007	0.0205	0.0217	0.0076	0.0007	0.0010	0.0005	0.0992	0.0886	-0.0006	-0.0004	12.6411	4.7288	7.4648	9.8540	0.0029	0.0026	0.0003	0.0028	0.0026	0.0002	0.0000	0.0000	0.0000	0.0008	0.0007	0.0001	0.0007	0.0007	0.0000	0.0000	0.0000	0.0000	0.3966	0.3454	0.0513	0.1483	0.1352	0.0131	0.2483	0.2101	0.0382	0.2375	0.1454	0.0921	0.0611	0.0582	0.0029	0.1765	0.0873	0.0892	2.1887	1.5240	7.2801	1.5769	1.5523	2.4407	0.4489	4.8536	0.8710	0.0033	0.0049	0.0007	0.0121	0.0123	0.0076	0.0002	0.0000	0.0005
40	88	0.2325	6	0	0	1	0	0	0	0	0	N	N	N	N	N	N	N	N	N	N	N	N	1.8200	0.5299	36.1629	0.4624	0.4835	0.0014	5.7343	0.9107	46.5715	0.0057	0.0026	0.0283	0.0030	0.0031	0.0000	0.0064	0.0025	0.0301	0.0031	0.0049	0.0008	0.0064	0.0064	0.0053	0.0011	0.0027	0.0006	1.4989	0.3181	0.0009	-0.0001	12.6411	8.6320	7.4648	7.0881	0.0029	0.0011	0.0017	0.0003	0.0003	0.0000	0.0026	0.0009	0.0017	0.0003	0.0002	0.0001	0.0002	0.0002	0.0000	0.0001	0.0000	0.0001	0.4985	0.4381	0.0605	0.0925	0.0889	0.0036	0.4061	0.3492	0.0569	0.2289	0.1343	0.0946	0.0478	0.0450	0.0028	0.1812	0.0894	0.0918	4.2723	1.5049	36.1629	0.5869	0.6122	0.0014	17.4111	32.5607	46.5715	0.0013	0.0017	0.0008	0.0050	0.0050	0.0053	0.0004	0.0001	0.0006
40	89	0.3003	8	0	1	1	0	0	0	0	0	N	N	N	N	N	N	N	N	N	N	N	N	0.3069	0.2787	0.0243	0.5624	0.8660	0.0082	0.0056	0.0247	0.0100	0.0009	0.0010	0.0000	0.0036	0.0038	0.0002	0.0000	0.0000	0.0000	0.0030	0.0037	0.0011	0.0064	0.0043	0.0305	0.0005	0.0001	0.0003	0.0034	0.5404	-0.0002	-0.0001	12.6411	15.4622	7.4648	5.2688	0.0009	0.0009	0.0000	0.0009	0.0008	0.0000	0.0000	0.0000	0.0000	0.0004	0.0002	0.0001	0.0003	0.0002	0.0001	0.0000	0.0000	0.0000	0.9345	0.8267	0.1078	0.2358	0.2254	0.0104	0.6987	0.6013	0.0974	0.2943	0.1745	0.1198	0.0670	0.0635	0.0035	0.2273	0.1110	0.1164	0.7078	0.7282	0.0243	0.7122	0.9705	0.0093	0.0151	7.7289	0.0100	0.0013	0.0014	0.0011	0.0051	0.0039	0.0269	0.0002	0.0000	0.0003
40	90	0.2885	7	0	0	1	0	0	0	0	0	N	N	N	N	N	N	N	N	N	N	N	N	5.9216	6.2487	0.0422	14.6120	21.0329	0.0053	0.0079	0.0033	0.1030	0.0664	0.0750	0.0002	0.2534	0.2651	0.0003	0.0000	0.0000	0.0002	0.0112	0.0120	0.0050	0.0173	0.0126	0.0584	0.0039	0.0008	0.0019	0.0004	0.7394	-0.0095	-0.0001	12.6411	7.5917	7.4648	1.5198	0.0333	0.0333	0.0000	0.0333	0.0333	0.0000	0.0000	0.0000	0.0000	0.0005	0.0003	0.0002	0.0004	0.0003	0.0001	0.0001	0.0000	0.0001	0.5009	0.4437	0.0572	0.1313	0.1255	0.0058	0.3696	0.3182	0.0514	0.1536	0.0934	0.0601	0.0411	0.0384	0.0027	0.1124	0.0550	0.0574	18.6811	22.3178	0.0547	24.0067	32.4652	0.0069	0.0304	0.3924	0.1030	0.0036	0.0034	0.0039	0.0106	0.0082	0.0444	0.0010	0.0000	0.0019
40	91	0.3978	11	1	0	2	0	0	0	0	0	N	N	Y	N	N	N	N	N	N	N	N	N	0.0000	0.0000	0.0000	0.0000	0.0000	0.0000	0.0000	0.0000	0.0000	0.0000	0.0000	0.0000	0.0000	0.0000	0.0000	0.0000	0.0000	0.0000	0.0000	0.0000	12.6411	3.0317	7.4648	0.1644	0.0000	0.0000	0.0000	0.0000	0.0000	0.0000	0.0000	0.0000	0.0000	0.0000	0.0000	0.0000	0.0000	0.0000	0.0000	0.0000	0.0000	0.0000	0.1739	0.1541	0.0198	0.0482	0.0462	0.0020	0.1257	0.1080	0.0178	0.0377	0.0219	0.0158	0.0085	0.0078	0.0008	0.0291	0.0141	0.0150	0.0000	0.0000	0.0000	0.0000	0.0000	0.0000	0.0000	0.0000	0.0000	0.0000	0.0000	0.0000	0.0000	0.0000	0.0000	0.0000	0.0000	0.0000											
40	92	0.3920	10	1	0	2	0	0	0	0	0	N	N	Y	N	N	N	N	N	N	N	N	N	3.6699	167.1096	0.0654	0.8906	45.4057	0.0180	6.3407	16.2396	0.0240	0.0003	0.0003	0.0000	0.0002	0.0002	0.0001	0.0003	0.0004	0.0000	0.0001	0.0000	0.0002	0.0002	0.0000	0.0030	0.0001	0.0000	0.0000	0.0042	68.8373	-0.0000	0.0000	12.6411	2.6632	7.4648	1.0147	0.0001	0.0001	0.0000	0.0000	0.0000	0.0000	0.0000	0.0000	0.0000	0.0000	0.0000	0.0000	0.0000	0.0000	0.0000	0.0000	0.0000	0.0000	0.2125	0.1921	0.0205	0.0929	0.0886	0.0043	0.1196	0.1034	0.0161	0.0456	0.0270	0.0186	0.0108	0.0099	0.0009	0.0348	0.0171	0.0177	3.6699	167.1096	0.0654	0.8906	45.4057	0.0180	13.1990	5992.2237	0.0240	0.0001	0.0000	0.0002	0.0002	0.0000	0.0030	0.0000	0.0000	0.0000
40	93	0.3087	9	1	0	2	0	0	0	0	0	N	N	Y	N	N	N	N	N	N	N	N	N	43.7957	9222.2260	0.4083	232.2755	5182.1267	0.9777	17.0575	3767.6096	0.2074	0.9708	1.0875	0.0115	1.5958	1.6557	0.0808	0.7244	0.8380	0.0039	0.0222	0.0001	0.0283	0.0069	0.0003	0.0826	0.0425	0.0002	0.0189	0.0013	85.3415	-0.5706	0.0011	12.6411	35.0787	7.4648	12.2568	1.9961	1.9935	0.0026	0.9277	0.9259	0.0018	1.0683	1.0675	0.0008	0.0031	0.0000	0.0031	0.0006	0.0000	0.0006	0.0025	0.0000	0.0025	2.0561	1.8332	0.2229	0.5814	0.5593	0.0221	1.4747	1.2739	0.2008	0.5269	0.3043	0.2226	0.1230	0.1119	0.0111	0.4039	0.1925	0.2114	165.1008	9222.2260	0.8389	303.1870	5182.1267	1.4720	119.3871	1106172.4944	0.3377	0.0059	0.0001	0.0138	0.0053	0.0003	0.0549	0.0061	0.0000	0.0116
40	94	0.2952	8	1	0	1	0	0	0	0	0	N	N	N	N	N	N	N	N	N	N	N	N	0.5918	0.4313	9.5101	0.6169	0.5990	16.2627	176.1388	63.2268	1.4302	0.2187	0.2421	0.0064	0.3428	0.3512	0.0606	0.1592	0.1836	0.0007	0.3696	0.5614	0.0007	0.5558	0.5864	0.0037	0.0009	0.0029	0.0005	0.0029	0.0108	-0.0407	-0.0022	12.6411	8.4810	7.4648	2.3446	0.1432	0.1428	0.0004	0.0727	0.0724	0.0004	0.0705	0.0705	0.0000	0.0035	0.0035	0.0000	0.0035	0.0035	0.0000	0.0000	0.0000	0.0000	0.6549	0.5899	0.0650	0.2122	0.2060	0.0061	0.4427	0.3838	0.0589	0.1378	0.0816	0.0562	0.0335	0.0307	0.0028	0.1043	0.0509	0.0534	8.5621	5.6713	9.5101	3.2936	3.0980	16.2627	529.0518	2208.8659	1.4302	0.0255	0.0427	0.0007	0.1041	0.1134	0.0037	0.0003	0.0001	0.0005
40	95	0.2325	6	0	1	1	1	0	0	0	0	N	N	N	N	N	N	N	N	N	N	N	N	0.0890	0.0620	0.0000	0.2687	0.2719	0.0000	0.0274	0.1111	0.0000	0.0272	0.0309	0.0000	0.1456	0.1515	0.0000	0.0002	0.0002	0.0000	0.3060	0.4987	0.0045	0.5419	0.5571	0.0156	0.0067	0.0019	0.0033	0.0000	0.0827	-0.0104	-0.0067	12.6411	24.0032	7.4648	22.6134	0.0363	0.0363	0.0000	0.0361	0.0361	0.0000	0.0002	0.0002	0.0000	0.0122	0.0112	0.0009	0.0113	0.0112	0.0001	0.0008	0.0000	0.0008	1.3316	1.1733	0.1584	0.2476	0.2381	0.0096	1.0840	0.9352	0.1488	0.5926	0.3397	0.2529	0.1119	0.1042	0.0077	0.4807	0.2356	0.2452	1.3260	0.9341	0.0000	1.4352	1.4051	0.0000	0.1082	5.0376	0.0000	0.0205	0.0331	0.0037	0.1015	0.1078	0.0156	0.0017	0.0000	0.0033
40	96	0.6499	10	0	1	1	0	0	0	0	0	N	N	N	N	N	N	N	N	N	N	N	N	117.1947	48.2562	21134.7394	43.4100	26.2573	13893.0050	10803.9414	50.9844	19356.4520	0.0164	0.0116	0.0580	0.0159	0.0105	0.1002	0.0168	0.0124	0.0441	0.0001	0.0002	0.0000	0.0004	0.0004	0.0000	0.0000	0.0002	0.0000	0.5863	0.0068	0.0015	-0.0000	12.6411	18.5150	7.4648	10.2301	0.0179	0.0113	0.0066	0.0074	0.0046	0.0028	0.0104	0.0067	0.0038	0.0000	0.0000	0.0000	0.0000	0.0000	0.0000	0.0000	0.0000	0.0000	1.0870	0.9731	0.1139	0.4655	0.4374	0.0281	0.6215	0.5357	0.0858	0.3158	0.2065	0.1093	0.1198	0.1095	0.0103	0.1961	0.0970	0.0991	117.1947	54.3242	21134.7394	43.4100	26.2573	13893.0050	10803.9414	15253.7888	19356.4520	0.0001	0.0002	0.0000	0.0004	0.0004	0.0000	0.0000	0.0000	0.0000
40	97	0.2617	7	0	1	1	0	0	0	0	0	N	N	N	N	N	N	N	N	N	N	N	N	4934.2251	1564.0747	77924.9244	5.6981	6.1549	0.0000	3308298.1178	97838.4045	6306588.6517	0.7947	0.4437	3.4990	0.0044	0.0046	0.0000	0.9839	0.5605	3.7325	0.0002	0.0003	0.0000	0.0008	0.0007	0.0011	0.0000	0.0000	0.0000	1.0235	0.1294	0.4266	-0.0001	12.6411	46.1140	7.4648	26.4917	1.9507	0.9640	0.9867	0.0021	0.0021	0.0000	1.9486	0.9619	0.9867	0.0001	0.0001	0.0000	0.0001	0.0001	0.0000	0.0000	0.0000	0.0000	2.4545	2.1725	0.2820	0.4740	0.4563	0.0176	1.9805	1.7162	0.2643	0.8403	0.4950	0.3453	0.1756	0.1619	0.0137	0.6648	0.3331	0.3317	4934.2251	1832.7477	77924.9244	5.6981	6.1549	0.0000	3308298.1178	133354084.0062	6306588.6517	0.0002	0.0002	0.0000	0.0008	0.0007	0.0011	0.0000	0.0000	0.0000
40	98	0.7029	12	0	1	1	0	0	0	0	0	N	N	N	N	N	N	N	N	N	N	N	N	494.0474	18520690.7314	0.0947	1637.1136	20663205.4645	0.0501	1.8788	inf	0.1220	0.9055	1.0019	0.0002	2.1584	2.2711	0.0005	0.0045	0.0052	0.0002	0.0018	0.0000	0.0025	0.0013	0.0000	0.0095	0.0024	0.0000	0.0014	0.0000	26835.1412	-0.2666	0.0001	12.6411	20.7840	7.4648	8.9470	0.9286	0.9286	0.0000	0.9259	0.9259	0.0000	0.0027	0.0027	0.0000	0.0002	0.0000	0.0002	0.0001	0.0000	0.0001	0.0001	0.0000	0.0001	1.0255	0.9268	0.0987	0.4290	0.4077	0.0213	0.5966	0.5191	0.0774	0.2499	0.1571	0.0928	0.0899	0.0773	0.0125	0.1600	0.0798	0.0802	991.9875	18520690.7314	0.0947	1637.1136	20663205.4645	0.0501	6.6012	inf	0.1220	0.0009	0.0000	0.0025	0.0013	0.0000	0.0095	0.0007	0.0000	0.0014
40	99	0.6979	11	0	0	1	0	0	0	0	0	N	N	N	N	N	N	N	N	N	N	N	N	0.4616	0.3809	2.7081	1.5745	1.7608	0.3852	0.3555	0.0160	8.2493	0.2383	0.1905	0.5741	0.2597	0.2947	0.0025	0.1999	0.0011	1.4897	0.5162	0.5001	0.2120	0.1650	0.1673	0.0066	0.5623	0.0659	0.1806	0.4289	1.1341	0.0014	-0.0003	12.6411	2.7834	7.4648	1.0450	0.1095	0.0766	0.0329	0.0766	0.0765	0.0001	0.0329	0.0001	0.0328	0.0031	0.0014	0.0016	0.0014	0.0014	0.0000	0.0016	0.0000	0.0016	0.4595	0.4023	0.0573	0.2948	0.2595	0.0352	0.1647	0.1427	0.0220	0.0735	0.0432	0.0303	0.0310	0.0292	0.0017	0.0426	0.0140	0.0286	5.7137	5.7309	10.6747	5.6295	6.0747	0.3852	5.1946	0.7230	26.2889	0.0417	0.0332	0.0538	0.0461	0.0485	0.0066	0.0385	0.0015	0.0567
40	100	0.6879	10	0	0	1	0	0	0	0	0	N	N	N	N	N	N	N	N	N	N	N	N	0.3871	0.2634	0.7915	0.8414	0.5758	30.7043	0.1074	0.6509	0.4920	0.3120	0.1892	1.2337	0.4645	0.3202	1.7008	0.1001	0.0005	0.7341	0.8059	0.7183	1.5586	0.5520	0.5562	0.0554	0.9322	0.0008	1.4919	0.8686	1.8345	0.0458	0.0004	12.6411	7.6044	7.4648	2.7972	0.2576	0.1379	0.1197	0.2230	0.1377	0.0853	0.0346	0.0002	0.0344	0.0204	0.0072	0.0132	0.0074	0.0072	0.0002	0.0130	0.0000	0.0130	0.8257	0.7287	0.0971	0.4801	0.4300	0.0502	0.3456	0.2987	0.0469	0.1708	0.1050	0.0658	0.0717	0.0669	0.0047	0.0991	0.0381	0.0611	2.6070	2.7544	6.1382	4.4902	2.9723	39.7885	0.7618	77.8505	3.4421	0.1197	0.0687	0.2010	0.1034	0.1077	0.0427	0.1314	0.0000	0.2133
40	101	0.6383	9	0	0	1	0	0	0	0	0	N	N	N	N	N	N	N	N	N	N	N	N	0.4624	13.0278	1.1747	47.9076	36.9293	164.0622	0.0087	4.8951	0.0412	0.2203	0.1550	0.7183	0.4721	0.3254	1.8745	0.0058	0.0031	0.0232	0.4764	0.0119	0.6114	0.0099	0.0088	0.0114	0.6681	0.0006	0.5613	0.6081	15.6608	0.0240	0.0037	12.6411	18.4780	7.4648	12.4520	0.2640	0.1642	0.0998	0.2602	0.1624	0.0978	0.0038	0.0018	0.0020	0.0117	0.0007	0.0110	0.0008	0.0007	0.0001	0.0109	0.0000	0.0109	1.1983	1.0593	0.1390	0.5513	0.4991	0.0522	0.6471	0.5603	0.0868	0.3257	0.2105	0.1151	0.1227	0.1106	0.0121	0.2030	0.0999	0.1030	6.1201	46.3666	7.5053	68.8229	51.1757	164.0622	0.1087	753.7913	0.2192	0.0360	0.0033	0.0957	0.0069	0.0064	0.0114	0.0536	0.0000	0.1056
40	102	0.2142	5	0	1	1	0	0	0	0	0	N	N	N	N	N	N	N	N	N	N	N	N	1.0701	0.8005	2.5157	0.7866	0.8524	0.2307	1.1403	1.7372	3.8503	0.8176	0.6177	2.4440	0.8317	0.8603	0.2062	0.8116	0.5017	2.7493	0.7641	0.7716	0.9715	1.0573	1.0092	0.8937	0.7117	0.2888	0.7140	0.4865	0.9920	0.0812	-0.0106	12.6411	34.1922	7.4648	22.4626	2.0237	1.3614	0.6623	0.6202	0.6135	0.0067	1.4035	0.7480	0.6556	0.0815	0.0409	0.0406	0.0447	0.0398	0.0049	0.0368	0.0011	0.0356	2.4750	2.2040	0.2710	0.7457	0.7131	0.0325	1.7294	1.4909	0.2384	0.7977	0.4839	0.3138	0.2096	0.1916	0.0180	0.5880	0.2922	0.2958	8.0065	7.3086	18.9062	3.9001	4.1442	0.7535	12.9852	131.5905	22.8198	0.1021	0.0845	0.1293	0.2133	0.2076	0.2737	0.0625	0.0038	0.1205
40	103	0.1664	4	0	1	1	0	0	0	0	0	N	N	N	N	N	N	N	N	N	N	N	N	0.8836	0.6255	1.0925	0.6899	0.7380	0.6741	0.7324	30.1805	1.2391	0.8006	0.6490	1.8934	1.2684	1.3132	0.3047	0.6681	0.4389	2.0326	0.9061	1.0375	1.7331	1.8384	1.7794	0.4520	0.9121	0.0145	1.6404	0.4049	1.0090	0.0012	-0.0123	12.6411	22.5884	7.4648	11.0115	1.1697	0.8326	0.3371	0.4092	0.4048	0.0044	0.7605	0.4277	0.3327	0.0978	0.0487	0.0491	0.0494	0.0486	0.0009	0.0484	0.0001	0.0483	1.4610	1.2829	0.1780	0.3226	0.3083	0.0143	1.1383	0.9746	0.1637	0.4914	0.2786	0.2128	0.0958	0.0909	0.0049	0.3956	0.1877	0.2079	4.0226	3.7137	8.2032	2.4574	2.4562	1.7544	5.4642	824.9689	8.7553	0.1990	0.1748	0.2308	0.5162	0.5347	0.1737	0.1223	0.0005	0.2322
40	106	0.3053	9	0	1	1	0	0	0	0	0	N	N	N	N	N	N	N	N	N	N	N	N	628.6399	440.1772	0.0000	3.7781	3.5890	0.0000	10889.3030	inf	0.0000	0.0445	0.0500	0.0000	0.0011	0.0011	0.0000	0.0626	0.0724	0.0000	0.0001	0.0001	0.0000	0.0003	0.0003	0.0000	0.0000	0.0000	0.0000	0.0000	0.0669	-0.0151	-0.0000	12.6411	20.0414	7.4648	7.0324	0.0527	0.0527	0.0000	0.0004	0.0004	0.0000	0.0523	0.0523	0.0000	0.0000	0.0000	0.0000	0.0000	0.0000	0.0000	0.0000	0.0000	0.0000	1.1835	1.0550	0.1285	0.3468	0.3324	0.0144	0.8367	0.7225	0.1142	0.3132	0.1832	0.1300	0.0725	0.0660	0.0065	0.2407	0.1172	0.1235	628.6399	440.1772	0.0000	3.7781	3.5890	0.0000	10889.3030	inf	0.0000	0.0001	0.0001	0.0000	0.0003	0.0003	0.0000	0.0000	0.0000	0.0000
40	107	0.2952	8	0	0	1	0	0	0	0	0	N	N	N	N	N	N	N	N	N	N	N	N	204.2228	5350.2743	0.5295	197.4738	2774.7713	0.5347	163.2592	18013.1171	0.0348	0.2092	0.2316	0.0008	0.2546	0.2615	0.0077	0.1862	0.2145	0.0000	0.0010	0.0000	0.0014	0.0013	0.0001	0.0144	0.0011	0.0000	0.0007	0.0004	27.0515	-0.0346	0.0000	12.6411	7.0315	7.4648	1.2144	0.1207	0.1206	0.0000	0.0495	0.0494	0.0000	0.0712	0.0712	0.0000	0.0001	0.0000	0.0001	0.0000	0.0000	0.0000	0.0000	0.0000	0.0000	0.5768	0.5210	0.0558	0.1944	0.1891	0.0053	0.3824	0.3320	0.0505	0.1072	0.0638	0.0434	0.0266	0.0244	0.0022	0.0806	0.0394	0.0412	347.3398	6414.7171	0.5295	197.4738	2774.7713	0.5347	496.0317	7223950.0714	0.0348	0.0006	0.0000	0.0014	0.0013	0.0001	0.0144	0.0004	0.0000	0.0007
40	108	0.2617	7	0	0	1	0	0	0	0	0	N	N	N	N	N	N	N	N	N	N	N	N	1703.3799	868.1236	15.2976	1752.0707	1671.0738	9.7666	320071.9576	10614.2458	17.0273	1.9521	2.2107	0.0004	5.0807	5.2615	0.0047	1.1507	1.3351	0.0001	0.0011	0.0025	0.0000	0.0029	0.0031	0.0005	0.0000	0.0001	0.0000	0.0000	0.0164	-0.5436	-0.0001	12.6411	16.2725	7.4648	4.4748	1.8934	1.8934	0.0000	1.0050	1.0049	0.0000	0.8885	0.8884	0.0000	0.0002	0.0002	0.0000	0.0002	0.0002	0.0000	0.0000	0.0000	0.0000	0.9699	0.8565	0.1135	0.1978	0.1910	0.0068	0.7721	0.6655	0.1067	0.2773	0.1645	0.1128	0.0611	0.0566	0.0045	0.2162	0.1079	0.1083	3042.6066	2077.6454	15.2976	1752.0707	1702.7112	9.7666	320071.9576	3293633.7352	17.0273	0.0006	0.0011	0.0000	0.0029	0.0031	0.0005	0.0000	0.0000	0.0000
40	109	0.3144	8	0	1	1	0	0	0	0	0	N	N	N	N	N	N	N	N	N	N	N	N	55.0534	2248.1898	186.3399	50.5230	3211.2648	0.0023	130.1908	0.3943	1976.7837	0.8866	0.5005	3.9535	1.8410	1.9250	0.0018	0.5829	0.0002	4.3647	0.0161	0.0002	0.0212	0.0364	0.0006	0.7730	0.0045	0.0005	0.0022	0.9944	38.5886	0.4171	0.0011	12.6411	40.5309	7.4648	14.7974	1.9725	0.9891	0.9835	0.9888	0.9887	0.0000	0.9838	0.0003	0.9834	0.0032	0.0001	0.0031	0.0026	0.0001	0.0025	0.0006	0.0000	0.0006	2.2249	1.9761	0.2488	0.5371	0.5136	0.0234	1.6878	1.4625	0.2253	0.6739	0.3919	0.2820	0.1430	0.1329	0.0101	0.5309	0.2590	0.2719	187.7392	2440.1108	359.3777	101.9808	3211.2648	0.0072	514.8672	75.1973	1976.7837	0.0047	0.0002	0.0110	0.0181	0.0006	0.2475	0.0011	0.0000	0.0022
40	110	0.2885	7	0	1	1	0	0	0	0	0	N	N	N	N	N	N	N	N	N	N	N	N	0.0567	0.0551	0.3004	0.2777	0.2931	0.4060	0.0170	0.0247	0.3666	0.0247	0.0225	0.0414	0.0838	0.0869	0.0147	0.0062	0.0001	0.0441	0.4353	0.4086	0.1379	0.3017	0.2965	0.0362	0.3639	0.0052	0.1202	0.2401	1.1900	-0.0019	-0.0007	12.6411	13.5236	7.4648	3.5331	0.0204	0.0165	0.0040	0.0165	0.0164	0.0001	0.0039	0.0001	0.0038	0.0081	0.0037	0.0044	0.0038	0.0037	0.0001	0.0043	0.0000	0.0043	0.8277	0.7321	0.0955	0.1974	0.1888	0.0086	0.6303	0.5433	0.0870	0.2523	0.1492	0.1031	0.0591	0.0552	0.0039	0.1933	0.0940	0.0992	0.7688	0.9074	0.9700	1.3011	1.3015	0.4794	0.2781	0.6578	1.0203	0.0321	0.0248	0.0427	0.0644	0.0668	0.0306	0.0223	0.0002	0.0432
40	111	0.2325	6	0	0	1	0	0	0	0	0	N	N	N	N	N	N	N	N	N	N	N	N	0.0598	0.0343	0.4319	0.1318	0.1330	0.0000	0.0337	0.0000	0.5131	0.0002	0.0001	0.0003	0.0007	0.0007	0.0000	0.0001	0.0000	0.0004	0.0027	0.0041	0.0008	0.0050	0.0052	0.0035	0.0015	0.0059	0.0007	0.3369	0.3841	-0.0000	-0.0002	12.6411	16.9399	7.4648	15.9768	0.0002	0.0001	0.0000	0.0001	0.0001	0.0000	0.0000	0.0000	0.0000	0.0005	0.0004	0.0001	0.0004	0.0003	0.0000	0.0002	0.0000	0.0001	0.9571	0.8422	0.1149	0.1778	0.1709	0.0069	0.7793	0.6714	0.1080	0.4378	0.2520	0.1858	0.0846	0.0790	0.0056	0.3532	0.1731	0.1802	0.1345	0.0911	0.4319	0.1530	0.1570	0.0000	0.1064	0.0003	0.5131	0.0012	0.0015	0.0008	0.0043	0.0044	0.0035	0.0005	0.0002	0.0007
40	112	0.3369	10	1	1	1	1	0	0	0	0	N	N	N	N	N	N	N	N	N	N	N	N	0.0000	0.0000	177.3607	0.0000	0.0000	26.5987	0.0000	173.3854	0.0012	0.0013	0.0000	0.0029	0.0030	0.0000	0.0000	0.0000	0.0000	29.6054	47.4882	0.0000	94.3165	102.3731	0.0000	0.0000	0.0001	0.0000	0.0035	0.0000	-0.0000	-0.5296	12.6411	0.0019	7.4648	1.9928	0.0000	0.0000	0.0000	0.0000	0.0000	0.0000	0.0000	0.0000	0.0000	0.8429	0.8429	0.0000	0.8429	0.8429	0.0000	0.0000	0.0000	0.0000	0.0003	0.0003	0.0000	0.0001	0.0001	0.0000	0.0002	0.0001	0.0000	0.0285	0.0177	0.0107	0.0089	0.0082	0.0007	0.0195	0.0095	0.0100	0.0000	0.0000	177.3607	0.0000	0.0000	0.0000	26.5987	0.0000	173.3854	29.6054	47.4882	0.0000	94.3165	102.3731	0.0000	0.0000	0.0000	0.0000	
40	113	0.3133	9	1	1	1	1	0	0	0	0	N	N	N	N	N	N	N	N	N	N	N	N	0.1405	0.1393	0.0026	0.5047	0.4889	0.0000	0.0001	0.0187	0.0030	0.0664	0.0758	0.0002	0.2627	0.2717	0.0000	0.0000	0.0000	0.0002	0.4722	0.5441	0.0693	0.5204	0.5557	0.0004	0.2309	0.0001	0.0638	0.0003	0.4814	-0.0107	-0.0021	12.6411	8.6942	7.4648	6.0502	0.0373	0.0372	0.0000	0.0372	0.0372	0.0000	0.0000	0.0000	0.0000	0.0069	0.0046	0.0022	0.0046	0.0046	0.0000	0.0022	0.0000	0.0022	0.5613	0.4913	0.0700	0.1418	0.1371	0.0047	0.4196	0.3543	0.0653	0.1929	0.1153	0.0776	0.0473	0.0433	0.0040	0.1456	0.0720	0.0736	1.8651	1.8858	0.0062	2.6810	2.5378	0.0000	0.0020	7.1027	0.0063	0.0356	0.0402	0.0287	0.0980	0.1071	0.0004	0.0153	0.0000	0.0303
40	114	0.3345	13	0	1	1	1	0	0	0	0	N	N	N	N	N	N	N	N	N	N	N	N	0.0000	0.0000	0.0000	0.0000	0.0000	0.0000	0.0000	0.0000	0.0000	0.0000	0.0000	0.0000	0.0000	0.0002	0.0004	0.0000	0.0004	0.0004	0.0000	0.0000	0.0000	0.0000	0.0000	0.0000	-0.0000	12.6411	0.0001	7.4648	0.0001	0.0000	0.0000	0.0000	0.0000	0.0000	0.0000	0.0000	0.0000	0.0000	0.0000	0.0000	0.0000	0.0000	0.0000	0.0000	0.0000	0.0000	0.0000	0.0000	0.0000	0.0000	0.0000	0.0000	0.0000	0.0000	0.0000	0.0000	0.0000	0.0000	0.0000	0.0000	0.0000	0.0000	0.0000	0.0000	0.0000	0.0000	0.0000	0.0000	0.0000	0.0000	0.0000	0.0000	0.0000	0.0000	0.0002	0.0003	0.0000	0.0004	0.0004	0.0000	0.0000	0.0000	0.0000						
40	115	0.3278	12	0	1	1	1	0	0	0	0	N	N	N	N	N	N	N	N	N	N	N	N	0.0000	0.0007	0.0000	0.0000	0.0000	0.0000	0.7957	inf	0.0000	0.0000	0.0000	0.0000	0.0000	0.0000	0.0000	0.0000	0.0000	0.0000	0.3473	0.0012	0.2385	0.4915	0.0017	5.1463	0.0000	0.0000	0.0000	0.0000	59.6206	-0.0000	0.0004	12.6411	3.0007	7.4648	1.0012	0.0000	0.0000	0.0000	0.0000	0.0000	0.0000	0.0000	0.0000	0.0000	0.0012	0.0000	0.0012	0.0012	0.0000	0.0012	0.0000	0.0000	0.0000	0.1744	0.1543	0.0201	0.0418	0.0401	0.0017	0.1326	0.1142	0.0184	0.0522	0.0314	0.0209	0.0131	0.0117	0.0014	0.0391	0.0196	0.0195	0.0000	0.0013	0.0000	0.0000	0.0000	0.0000	0.7957	inf	0.0000	0.0232	0.0006	0.0571	0.0922	0.0017	0.8520	0.0000	0.0000	0.0000
40	116	0.3259	11	0	0	1	1	0	0	0	0	N	N	N	N	N	N	N	N	N	N	N	N	0.0045	0.0034	2.2282	0.0007	0.0000	0.9378	34331.9888	inf	2054.3807	0.0032	0.0033	0.0028	0.0010	0.0000	0.0233	0.0041	0.0047	0.0005	0.7148	0.9652	0.0013	1.4892	1.5334	0.0248	0.0000	0.0000	0.0000	0.1083	0.0061	-0.0000	-0.0007	12.6411	1.1177	7.4648	0.0023	0.0002	0.0002	0.0000	0.0000	0.0000	0.0000	0.0002	0.0002	0.0000	0.0012	0.0012	0.0000	0.0012	0.0012	0.0000	0.0000	0.0000	0.0000	0.0683	0.0606	0.0077	0.0186	0.0178	0.0008	0.0497	0.0428	0.0069	0.0143	0.0085	0.0058	0.0034	0.0031	0.0003	0.0109	0.0054	0.0055	0.0388	0.0236	2.2282	0.0028	0.0000	0.9814	34331.9888	inf	2054.3807	0.0836	0.1394	0.0013	0.3509	0.3832	0.0237	0.0000	0.0000	0.0000
40	117	0.3229	7	0	1	1	0	0	0	0	0	N	N	N	N	N	N	N	N	N	N	N	N	0.5002	11.5105	0.4512	60.9198	33.9571	1186.6509	0.0000	0.0053	0.0000	0.8059	0.5059	3.1858	2.4497	1.4769	14.3953	0.0000	0.0000	0.0003	1.6110	0.0440	7.0613	0.0402	0.0435	0.0121	2.0591	0.0001	7.7695	0.7938	376.6962	0.2355	0.3689	12.6411	31.2782	7.4648	23.9277	1.5160	0.8451	0.6708	1.5159	0.8451	0.6708	0.0000	0.0000	0.0000	0.9997	0.0026	0.9970	0.0028	0.0026	0.0001	0.9969	0.0000	0.9969	1.8812	1.6706	0.2106	0.6188	0.5722	0.0466	1.2623	1.0983	0.1640	0.6407	0.3742	0.2665	0.1457	0.1337	0.0120	0.4950	0.2405	0.2546	0.5165	71.5161	0.8516	127.7942	74.5953	1186.6509	0.0000	1.8729	0.0001	1.5603	0.0071	3.7408	0.0192	0.0198	0.0121	2.0137	0.0000	3.9161
40	118	0.3259	11	0	0	2	1	0	0	0	0	N	N	Y	N	N	N	N	N	N	N	N	N	277.0832	187.0098	0.0000	329.6042	389.2601	0.0000	1689571.6427	inf	0.0000	0.1733	0.1956	0.0000	0.5952	0.6211	0.0000	0.0332	0.0385	0.0000	0.0006	0.0010	0.0002	0.0018	0.0016	0.0039	0.0000	0.0000	0.0000	0.0000	0.2438	-0.0113	-0.0000	12.6411	3.8827	7.4648	2.9998	0.0395	0.0395	0.0000	0.0338	0.0338	0.0000	0.0057	0.0057	0.0000	0.0000	0.0000	0.0000	0.0000	0.0000	0.0000	0.0000	0.0000	0.0000	0.2281	0.2020	0.0261	0.0569	0.0545	0.0024	0.1712	0.1475	0.0237	0.0869	0.0518	0.0351	0.0207	0.0188	0.0019	0.0662	0.0330	0.0332	403.4345	337.8896	0.0000	329.6042	389.2601	0.0000	1689571.6427	inf	0.0000	0.0004	0.0006	0.0002	0.0018	0.0016	0.0039	0.0000	0.0000	0.0000
40	119	0.3230	10	0	0	1	1	0	0	0	0	N	N	N	N	N	N	N	N	N	N	N	N	4.2423	1.8984	599.3164	0.7210	0.3792	inf	1131.6301	inf	104.0749	0.0009	0.0009	0.0010	0.0006	0.0004	0.0064	0.0010	0.0011	0.0002	0.0002	0.0004	0.0000	0.0009	0.0009	0.0000	0.0000	0.0000	0.0000	0.1373	0.0033	-0.0000	-0.0000	12.6411	2.8083	7.4648	0.0030	0.0002	0.0002	0.0000	0.0000	0.0000	0.0000	0.0001	0.0001	0.0000	0.0000	0.0000	0.0000	0.0000	0.0000	0.0000	0.0000	0.0000	0.0000	0.1991	0.1781	0.0210	0.0636	0.0608	0.0028	0.1355	0.1173	0.0182	0.0360	0.0214	0.0146	0.0086	0.0078	0.0008	0.0274	0.0136	0.0138	4.2423	2.4902	599.3164	0.7210	0.3792	inf	1131.6301	inf	104.0749	0.0002	0.0003	0.0000	0.0009	0.0009	0.0000	0.0000	0.0000	0.0000
40	120	0.3230	10	0	0	2	1	0	0	0	0	N	N	Y	N	N	N	N	N	N	N	N	N	1555.3517	inf	663.3478	inf	inf	inf	1237.3207	inf	110.2339	0.0003	0.0003	0.0003	0.0003	0.0002	0.0026	0.0003	0.0003	0.0001	0.0000	0.0000	0.0000	0.0000	0.0000	0.0000	0.0000	0.0000	0.0000	0.1294	inf	-0.0000	0.0000	12.6411	9.6158	7.4648	0.0030	0.0002	0.0002	0.0000	0.0000	0.0000	0.0000	0.0001	0.0001	0.0000	0.0000	0.0000	0.0000	0.0000	0.0000	0.0000	0.0000	0.0000	0.0000	0.5837	0.5186	0.0651	0.1548	0.1482	0.0066	0.4289	0.3704	0.0584	0.1210	0.0720	0.0490	0.0287	0.0261	0.0026	0.0923	0.0459	0.0464	1555.3517	inf	663.3478	inf	inf	inf	1237.3207	inf	110.2339	0.0000	0.0000	0.0000	0.0000	0.0000	0.0000	0.0000	0.0000	0.0000
40	121	0.3133	9	0	0	1	1	0	0	0	0	N	N	N	N	N	N	N	N	N	N	N	N	8.6940	595277.5057	0.0050	25.5935	127.2915	19.3825	8.5216	292014.9827	0.0010	3.1812	3.6637	0.0014	0.0025	0.0020	0.0207	4.4283	5.3532	0.0002	0.3659	0.0000	0.2878	0.0001	0.0000	0.0011	0.5197	0.0000	0.2401	0.0001	6773.2503	-0.2853	0.0008	12.6411	4.2457	7.4648	2.0144	0.9937	0.9936	0.0001	0.0002	0.0002	0.0000	0.9935	0.9934	0.0000	0.0022	0.0000	0.0022	0.0000	0.0000	0.0000	0.0022	0.0000	0.0022	0.3124	0.2712	0.0412	0.0880	0.0856	0.0024	0.2243	0.1856	0.0388	0.0878	0.0527	0.0351	0.0227	0.0209	0.0017	0.0651	0.0318	0.0333	127.0940	595277.5057	0.0228	25.5935	127.2915	19.3825	131.3875	106137759.3867	0.0037	0.0250	0.0000	0.0626	0.0001	0.0000	0.0011	0.0337	0.0000	0.0659
40	122	0.2712	8	0	0	1	1	0	0	0	0	N	N	N	N	N	N	N	N	N	N	N	N	0.0019	4.1382	0.0000	2.5847	2.5339	0.0988	0.0015	7.9348	0.0000	0.0059	0.0068	0.0001	0.0058	0.0060	0.0001	0.0060	0.0070	0.0001	3.1248	0.0016	13.2004	0.0023	0.0024	0.0007	3.9278	0.0009	14.2497	0.0011	6851.5166	-0.0013	0.3695	12.6411	11.9190	7.4648	13.1740	0.0045	0.0045	0.0000	0.0010	0.0010	0.0000	0.0035	0.0034	0.0000	0.9946	0.0001	0.9944	0.0001	0.0001	0.0000	0.9944	0.0000	0.9944	0.7548	0.6627	0.0922	0.1756	0.1702	0.0055	0.5792	0.4925	0.0867	0.3183	0.1861	0.1322	0.0651	0.0605	0.0046	0.2532	0.1256	0.1276	0.0019	8.6633	0.0000	2.5847	2.5339	0.0988	0.0015	906.2475	0.0000	3.1248	0.0008	7.5245	0.0023	0.0024	0.0007	3.9278	0.0000	7.7949
40	123	0.6981	12	0	0	2	1	0	0	0	0	N	N	Y	N	N	N	N	N	N	N	N	N	3727.3558	2066.2756	0.0737	20.9688	20.2205	0.0413	8788598.2767	inf	0.0000	1.2974	1.4326	0.0000	0.0158	0.0166	0.0000	2.1792	2.5022	0.0000	0.0003	0.0007	0.0000	0.0008	0.0008	0.0001	0.0000	0.0000	0.0000	0.0000	0.0187	-0.2863	-0.0000	12.6411	12.8936	7.4648	4.1514	0.9971	0.9971	0.0000	0.0050	0.0050	0.0000	0.9921	0.9921	0.0000	0.0000	0.0000	0.0000	0.0000	0.0000	0.0000	0.0000	0.0000	0.0000	0.7685	0.6960	0.0726	0.3133	0.2995	0.0138	0.4552	0.3965	0.0588	0.1619	0.1053	0.0565	0.0622	0.0564	0.0059	0.0996	0.0490	0.0506	4460.7618	3265.6095	0.0737	20.9688	20.2205	0.0413	8788598.2767	inf	0.0000	0.0003	0.0004	0.0000	0.0008	0.0008	0.0001	0.0000	0.0000	0.0000
40	124	0.2865	9	0	1	1	0	0	0	0	0	N	N	N	N	N	N	N	N	N	N	N	N	572.8666	0.0012	82374.8874	0.1590	0.0098	3.7356	660.2001	0.0000	289109.5303	1.2946	0.0000	11.3740	0.0004	0.0000	0.0093	1.6855	0.0000	12.2816	0.0023	0.0047	0.0001	0.0023	0.0022	0.0025	0.0026	0.0623	0.0000	264881.2620	0.0578	0.6973	-0.0002	12.6411	12.7386	7.4648	8.7370	0.9781	0.0000	0.9781	0.0001	0.0000	0.0001	0.9781	0.0000	0.9781	0.0003	0.0003	0.0000	0.0001	0.0001	0.0000	0.0002	0.0002	0.0000	0.7555	0.6695	0.0860	0.1753	0.1689	0.0064	0.5803	0.5006	0.0796	0.2793	0.1632	0.1161	0.0604	0.0559	0.0045	0.2190	0.1074	0.1116	1231.7438	0.0032	82374.8874	0.1590	0.0098	3.7356	2347.0157	0.0000	289109.5303	0.0011	0.0017	0.0001	0.0023	0.0022	0.0025	0.0007	0.0014	0.0000
40	125	0.2712	8	0	1	1	0	0	0	0	0	N	N	N	N	N	N	N	N	N	N	N	N	0.0302	0.0033	82.1521	0.1014	0.0942	0.0326	0.0305	0.0001	88.0400	0.0185	0.0027	0.1299	0.0093	0.0096	0.0001	0.0214	0.0002	0.1376	0.6111	0.8153	0.0016	0.0917	0.1015	0.0021	0.7032	1.4857	0.0016	6.7867	0.0120	0.0062	-0.0046	12.6411	8.6431	7.4648	1.4782	0.0107	0.0014	0.0093	0.0013	0.0013	0.0000	0.0093	0.0001	0.0093	0.0075	0.0074	0.0001	0.0010	0.0010	0.0000	0.0065	0.0064	0.0001	0.5769	0.5054	0.0715	0.1409	0.1369	0.0040	0.4360	0.3686	0.0675	0.1355	0.0792	0.0562	0.0287	0.0267	0.0020	0.1068	0.0526	0.0542	0.3332	0.0289	82.1521	0.2711	0.2608	0.0326	0.3508	0.0013	88.0400	0.0554	0.0936	0.0016	0.0343	0.0367	0.0021	0.0611	0.1225	0.0016
40	126	0.2617	7	0	0	1	0	0	0	0	0	N	N	N	N	N	N	N	N	N	N	N	N	4.9793	128.4106	0.6534	267.8033	757.2934	0.0920	0.0584	0.0842	0.7917	0.1325	0.1462	0.0211	0.5219	0.5357	0.0019	0.0042	0.0013	0.0222	0.0266	0.0011	0.0322	0.0019	0.0007	0.0210	0.0716	0.0153	0.0281	0.0178	16.2856	-0.0107	0.0002	12.6411	4.1618	7.4648	2.0491	0.0396	0.0389	0.0007	0.0387	0.0387	0.0000	0.0009	0.0003	0.0007	0.0006	0.0000	0.0006	0.0000	0.0000	0.0000	0.0006	0.0000	0.0005	0.2993	0.2663	0.0330	0.0741	0.0722	0.0019	0.2251	0.1940	0.0311	0.0938	0.0571	0.0367	0.0230	0.0216	0.0014	0.0708	0.0355	0.0353	20.4883	238.0734	1.3530	267.8033	757.2934	0.0920	0.5272	2.3116	1.4486	0.0065	0.0006	0.0156	0.0019	0.0007	0.0210	0.0079	0.0006	0.0154
40	127	0.2325	6	0	0	1	0	0	0	0	0	N	N	N	N	N	N	N	N	N	N	N	N	404.2485	382.3171	67.6550	0.6053	0.6950	0.0000	581.9156	7108.9879	102.9675	0.0686	0.0768	0.0097	0.0004	0.0004	0.0000	0.0842	0.0962	0.0103	0.0002	0.0002	0.0001	0.0006	0.0006	0.0016	0.0001	0.0000	0.0001	0.0174	0.5387	-0.0101	-0.0000	12.6411	9.4810	7.4648	7.4917	0.0375	0.0369	0.0006	0.0000	0.0000	0.0000	0.0375	0.0368	0.0006	0.0000	0.0000	0.0000	0.0000	0.0000	0.0000	0.0000	0.0000	0.0000	0.5463	0.4801	0.0662	0.1013	0.0974	0.0039	0.4450	0.3827	0.0623	0.2447	0.1432	0.1015	0.0506	0.0475	0.0030	0.1942	0.0957	0.0985	404.2485	407.1147	67.6550	0.6053	0.6950	0.0000	1657.1599	2557319.4397	102.9675	0.0002	0.0002	0.0001	0.0006	0.0006	0.0016	0.0001	0.0000	0.0001
40	128	0.7104	13	1	1	1	0	0	0	0	0	N	N	N	N	N	N	N	N	N	N	N	N	6.6054	4.8926	6.6728	6.3068	0.0000	0.0000	0.0000	0.0000	0.0000	0.0000	0.0000	0.0000	0.0000	0.0000	0.0000	0.0000	0.0000	0.0000	0.0000	0.0000	0.0000	0.0000	0.0000	0.0101	-0.0000	-0.0000	12.6411	2.0107	7.4648	1.9995	0.0000	0.0000	0.0000	0.0000	0.0000	0.0000	0.0000	0.0000	0.0000	0.0000	0.0000	0.0000	0.0000	0.0000	0.0000	0.0000	0.0000	0.0000	0.1132	0.1020	0.0112	0.0460	0.0438	0.0022	0.0672	0.0582	0.0091	0.0349	0.0231	0.0119	0.0142	0.0128	0.0014	0.0207	0.0103	0.0104	6.6054	4.8926	0.0000	6.6728	6.3068	0.0000	0.0000	0.0000	0.0000	0.0000	0.0000	0.0000	0.0000	0.0000	0.0000	0.0000	0.0000	0.0000					
40	129	0.6981	12	1	1	1	0	0	0	0	0	N	N	N	N	N	N	N	N	N	N	N	N	104.6304	61.9114	0.0000	95.8863	91.2838	2.8041	inf	0.0000	0.0186	0.0204	0.0000	0.0433	0.0451	0.0000	0.0000	0.0000	0.0000	0.0002	0.0003	0.0000	0.0005	0.0005	0.0000	0.0000	0.0000	0.0000	0.0000	0.0015	-0.0020	-0.0000	12.6411	5.6459	7.4648	1.1399	0.0070	0.0070	0.0000	0.0070	0.0070	0.0000	0.0000	0.0000	0.0000	0.0000	0.0000	0.0000	0.0000	0.0000	0.0000	0.0000	0.0000	0.0000	0.3751	0.3413	0.0338	0.1608	0.1543	0.0065	0.2143	0.1870	0.0273	0.0703	0.0453	0.0250	0.0276	0.0252	0.0024	0.0427	0.0201	0.0226	104.6304	74.2179	0.0000	95.8863	91.2838	0.0000	2.8041	inf	0.0000	0.0002	0.0003	0.0000	0.0005	0.0005	0.0000	0.0000	0.0000	0.0000	
40	130	0.6678	11	0	0	1	0	0	0	0	0	N	N	N	N	N	N	N	N	N	N	N	N	17.3475	354.5784	0.2755	413.7211	1040.9284	1.7480	0.0720	1960.1997	0.0033	1.6395	1.9068	0.0168	3.4241	3.6185	0.0899	0.0141	0.0181	0.0002	0.0945	0.0054	0.0611	0.0083	0.0035	0.0514	0.1963	0.0000	0.0483	0.0015	8.2510	-0.4365	0.0006	12.6411	11.6079	7.4648	5.3766	1.5278	1.5256	0.0022	1.5209	1.5187	0.0022	0.0069	0.0069	0.0000	0.0021	0.0002	0.0019	0.0005	0.0002	0.0002	0.0017	0.0000	0.0017	0.9319	0.8001	0.1318	0.4442	0.4197	0.0245	0.4877	0.3804	0.1073	0.1978	0.1258	0.0720	0.0762	0.0701	0.0060	0.1216	0.0556	0.0660	152.7438	1044.9726	0.6402	557.1267	1105.5922	2.2778	1.0384	800017.5411	0.0064	0.0107	0.0018	0.0263	0.0061	0.0033	0.0395	0.0136	0.0000	0.0251
40	131	0.6499	10	0	0	1	0	0	0	0	0	N	N	N	N	N	N	N	N	N	N	N	N	3.9824	3.6860	3.8558	21.9332	25.3547	3.1963	0.7567	72.7646	3.8518	1.1099	1.2341	0.1519	2.1289	2.3071	0.2118	0.0622	0.0531	0.1158	0.2787	0.3348	0.0394	0.0971	0.0910	0.0663	0.0822	0.0007	0.0301	0.0160	0.4787	-0.0930	-0.0011	12.6411	3.9355	7.4648	8.7078	0.3427	0.3373	0.0054	0.3332	0.3304	0.0028	0.0095	0.0069	0.0026	0.0035	0.0024	0.0011	0.0026	0.0024	0.0002	0.0009	0.0000	0.0009	0.3088	0.2733	0.0354	0.1565	0.1432	0.0133	0.1522	0.1301	0.0221	0.1810	0.1209	0.0601	0.0737	0.0687	0.0050	0.1073	0.0521	0.0552	57.7085	63.3638	8.1022	60.5330	67.3924	4.3971	7.5141	10407.7307	7.1937	0.0192	0.0195	0.0187	0.0352	0.0342	0.0482	0.0083	0.0000	0.0161
40	132	0.6383	9	0	0	1	0	0	0	0	0	N	N	N	N	N	N	N	N	N	N	N	N	19.5369	9.7431	336.8171	41.1741	0.3581	670.5936	85.6354	682.2192	2.2785	2.9340	2.0592	8.6421	2.1492	0.0191	15.7567	3.8452	4.4134	0.0430	0.1502	0.2113	0.0257	0.0522	0.0532	0.0235	0.0449	0.0065	0.0189	0.6432	0.4732	0.1702	-0.0006	12.6411	6.2657	7.4648	3.9760	1.6320	0.9932	0.6388	0.6423	0.0049	0.6374	0.9897	0.9883	0.0014	0.0020	0.0014	0.0007	0.0015	0.0014	0.0001	0.0005	0.0000	0.0005	0.5563	0.4823	0.0739	0.2989	0.2584	0.0405	0.2574	0.2239	0.0335	0.1501	0.0989	0.0511	0.0627	0.0577	0.0050	0.0873	0.0412	0.0461	217.1598	148.0187	678.6031	91.0445	0.8058	686.9297	614.5478	17543.4474	3.7033	0.0135	0.0139	0.0127	0.0236	0.0237	0.0229	0.0063	0.0003	0.0116
40	133	0.5610	8	0	0	1	0	0	0	0	0	N	N	N	N	N	N	N	N	N	N	N	N	2.3525	1.9276	22.8043	8.8198	7.3608	17.5850	0.2027	6.2909	0.1610	0.1369	0.0750	0.6427	0.3175	0.1642	2.1915	0.0049	0.0053	0.0018	0.0582	0.0389	0.0282	0.0360	0.0223	0.1246	0.0240	0.0008	0.0111	1.0508	1.1782	0.0510	-0.0004	12.6411	26.7012	7.4648	18.2690	0.2265	0.1105	0.1161	0.2219	0.1060	0.1159	0.0047	0.0044	0.0002	0.0051	0.0024	0.0028	0.0037	0.0024	0.0013	0.0015	0.0000	0.0015	1.6543	1.4737	0.1806	0.6988	0.6460	0.0529	0.9554	0.8277	0.1277	0.5627	0.3599	0.2028	0.2051	0.1876	0.0175	0.3577	0.1724	0.1853	15.0024	11.4404	46.9143	17.7836	13.0630	29.4362	1.1809	740.0458	0.2252	0.0091	0.0066	0.0137	0.0179	0.0126	0.0745	0.0041	0.0000	0.0080
40	134	0.3229	7	0	0	1	0	0	0	0	0	N	N	N	N	N	N	N	N	N	N	N	N	1.5000	0.7351	37.6436	21.3541	1.7648	461.4271	0.0559	4.4877	0.0456	0.3692	0.0406	3.0685	1.1741	0.0944	17.0131	0.0135	0.0150	0.0031	0.2461	0.0552	0.0815	0.0550	0.0535	0.0369	0.2413	0.0033	0.0677	9.2065	2.9894	0.7333	0.0024	12.6411	61.4372	7.4648	55.8589	1.1925	0.1168	1.0757	1.1623	0.0875	1.0748	0.0302	0.0293	0.0009	0.0199	0.0050	0.0149	0.0056	0.0049	0.0006	0.0143	0.0000	0.0143	3.2303	2.8797	0.3506	0.9900	0.9268	0.0632	2.2403	1.9529	0.2874	1.1189	0.6445	0.4745	0.2270	0.2069	0.0201	0.8919	0.4376	0.4544	20.7453	5.2388	97.5767	47.8383	3.9492	547.6420	0.8389	149.0159	0.0981	0.0178	0.0077	0.0314	0.0245	0.0239	0.0311	0.0161	0.0001	0.0315
40	135	0.2325	6	0	0	1	0	0	0	0	0	N	N	N	N	N	N	N	N	N	N	N	N	0.2859	0.2277	0.0257	0.3538	0.3426	0.0000	0.0035	0.0029	0.0268	0.3886	0.4405	0.0000	2.0865	2.1705	0.0000	0.0000	0.0000	0.0001	1.3594	1.9346	0.0019	5.8971	6.3361	0.0006	0.0040	0.0028	0.0019	0.0000	0.0007	-0.1928	-0.4408	12.6411	31.7621	7.4648	18.5886	0.6714	0.6714	0.0000	0.6714	0.6714	0.0000	0.0000	0.0000	0.0000	0.7023	0.7018	0.0005	0.7017	0.7017	0.0000	0.0005	0.0000	0.0005	1.7276	1.5242	0.2034	0.3218	0.3093	0.0124	1.4059	1.2149	0.1910	0.6331	0.3627	0.2704	0.1190	0.1108	0.0082	0.5141	0.2520	0.2621	0.3504	0.2277	0.0257	0.3538	0.3426	0.0000	0.0138	0.1016	0.0268	1.1092	1.9346	0.0019	5.8971	6.3361	0.0006	0.0010	0.0001	0.0019
41	42	0.5619	7	0	2	0	0	0	0	0	0	N	Y	N	N	N	N	N	N	N	N	N	N	72.9322	49.5103	555.0869	132.4079	67.5487	2369.4997	58.9492	59550.6263	2.7781	0.7659	0.5965	2.1925	1.3959	0.7959	10.6483	0.4150	0.4763	0.0093	0.0105	0.0120	0.0039	0.0105	0.0118	0.0045	0.0070	0.0000	0.0034	0.4366	0.7194	0.0484	-0.0006	22.0894	43.3975	9.3639	17.3745	2.8853	2.0084	0.8769	1.8814	1.0075	0.8739	1.0039	1.0010	0.0030	0.0027	0.0016	0.0011	0.0017	0.0016	0.0001	0.0010	0.0000	0.0010	3.7672	3.3673	0.4000	1.3479	1.2658	0.0821	2.4194	2.1015	0.3179	0.7990	0.4700	0.3290	0.2359	0.2040	0.0319	0.5631	0.2660	0.2971	223.9895	176.4378	630.9546	190.0613	102.1796	2369.4997	233.6974	28159658.9396	2.7781	0.0034	0.0034	0.0035	0.0073	0.0078	0.0045	0.0018	0.0000	0.0034
41	43	0.2644	6	1	1	1	0	0	0	0	0	N	N	N	N	N	N	N	N	N	N	N	N	8.0759	3.7378	62.6885	3.0939	2.8947	0.6205	290.5261	18.5225	123.4297	0.0014	0.0015	0.0005	0.0029	0.0031	0.0000	0.0008	0.0008	0.0006	0.0002	0.0004	0.0000	0.0009	0.0011	0.0001	0.0000	0.0000	0.0000	0.0400	0.0217	-0.0007	-0.0000	22.0894	18.2331	9.3639	4.4208	0.0027	0.0026	0.0001	0.0017	0.0017	0.0000	0.0010	0.0009	0.0001	0.0001	0.0001	0.0000	0.0001	0.0001	0.0000	0.0000	0.0000	0.0000	1.8509	1.6545	0.1964	0.5782	0.5495	0.0287	1.2727	1.1051	0.1677	0.3782	0.2060	0.1722	0.0708	0.0624	0.0084	0.3074	0.1436	0.1638	8.0759	4.8340	62.6885	3.0939	2.8947	0.6205	290.5261	6971.0094	123.4297	0.0002	0.0003	0.0000	0.0009	0.0011	0.0001	0.0000	0.0000	0.0000
41	44	0.0704	2	0	2	0	1	0	0	0	0	N	Y	N	N	N	N	N	N	N	N	N	N	0.8395	0.6968	1.9666	0.4094	0.4421	0.0498	1754.4081	1288.2382	2.0014	0.7450	0.8846	0.0005	1.0953	1.1978	0.0007	0.6352	0.7751	0.0005	0.8874	1.2695	0.0003	2.6758	2.7093	0.0141	0.0004	0.0006	0.0002	0.0001	0.0007	-1.4921	-0.2039	22.0894	62.5878	9.3639	29.9840	5.1985	5.1979	0.0005	1.8236	1.8235	0.0001	3.3749	3.3745	0.0004	0.3248	0.3246	0.0002	0.3246	0.3246	0.0000	0.0002	0.0000	0.0002	6.9779	5.8760	1.1019	1.6649	1.5224	0.1425	5.3130	4.3537	0.9594	1.8042	0.9253	0.8789	0.2355	0.2343	0.0012	1.5686	0.6910	0.8776	4.1383	2.5218	1.9666	0.7948	0.8646	0.0498	4815.9162	219728.9308	2.0014	0.1800	0.3508	0.0003	1.3781	1.3853	0.0141	0.0001	0.0000	0.0002
41	45	0.2644	6	1	1	1	0	0	0	0	0	N	N	N	N	N	N	N	N	N	N	N	N	7326.5555	4406.9787	120.1413	4469.6485	4183.4716	0.6324	387.3815	55.7525	163.7907	0.7064	0.7893	0.0007	2.1941	2.3067	0.0000	0.0010	0.0010	0.0008	0.0001	0.0002	0.0000	0.0005	0.0006	0.0000	0.0000	0.0000	0.0000	0.0001	0.0272	-0.2882	-0.0000	22.0894	13.5293	9.3639	3.1702	1.0042	1.0041	0.0001	1.0032	1.0032	0.0000	0.0010	0.0009	0.0001	0.0000	0.0000	0.0000	0.0000	0.0000	0.0000	0.0000	0.0000	0.0000	1.4216	1.2721	0.1495	0.4572	0.4349	0.0223	0.9643	0.8372	0.1272	0.2868	0.1569	0.1299	0.0551	0.0488	0.0063	0.2317	0.1081	0.1236	7326.5555	4599.8120	120.1413	4469.6485	4183.4716	0.6324	387.3815	20136.7218	163.7907	0.0001	0.0002	0.0000	0.0005	0.0006	0.0000	0.0000	0.0000	0.0000
41	46	0.2599	5	1	1	1	0	0	0	0	0	N	N	N	N	N	N	N	N	N	N	N	N	22.8637	13.7259	32.4731	2.3158	2.2059	11.5380	118.8004	341.3488	40.9043	0.0986	0.1070	0.0247	0.0173	0.0183	0.0041	0.1552	0.1735	0.0318	0.0043	0.0078	0.0008	0.0075	0.0083	0.0004	0.0013	0.0005	0.0008	0.0263	0.2328	-0.0160	-0.0001	22.0894	4.1147	9.3639	1.2946	0.0613	0.0597	0.0016	0.0044	0.0044	0.0001	0.0568	0.0553	0.0015	0.0002	0.0002	0.0000	0.0002	0.0002	0.0000	0.0000	0.0000	0.0000	0.6214	0.5577	0.0637	0.2553	0.2388	0.0164	0.3661	0.3189	0.0472	0.1172	0.0674	0.0498	0.0292	0.0270	0.0022	0.0881	0.0404	0.0476	57.6857	44.4041	32.4731	3.1010	3.0352	11.5380	367.7274	66068.0855	40.9043	0.0017	0.0024	0.0008	0.0056	0.0060	0.0004	0.0004	0.0000	0.0008
41	47	0.1973	4	1	1	0	0	0	0	0	0	N	N	N	N	N	N	N	N	N	N	N	N	0.7804	2.3192	0.8356	0.6534	0.5968	4.5310	0.8775	194.0968	1.0849	0.3637	0.3781	0.2606	0.0400	0.0412	0.0182	0.4875	0.5223	0.2913	0.4660	0.1630	0.3119	0.0613	0.0690	0.0040	0.5556	0.0027	0.2686	0.0964	3.9896	-0.1765	0.0051	22.0894	22.0103	9.3639	13.6452	0.8862	0.8083	0.0779	0.0270	0.0264	0.0006	0.8592	0.7819	0.0773	0.0297	0.0060	0.0238	0.0060	0.0059	0.0001	0.0237	0.0000	0.0237	2.4368	2.1379	0.2989	0.6745	0.6409	0.0336	1.7623	1.4969	0.2654	0.8504	0.4906	0.3598	0.2191	0.2037	0.0154	0.6313	0.2870	0.3444	10.4019	31.1304	3.9445	1.4622	1.4128	4.5310	12.9689	7031.0335	4.2310	0.0350	0.0121	0.0661	0.0274	0.0292	0.0040	0.0376	0.0001	0.0689
41	48	0.7237	11	0	2	0	0	0	0	0	0	N	Y	N	N	N	N	N	N	N	N	N	N	5.7336	41.4382	67.4993	113.4489	108.0258	4290.0293	4.1911	157.9516	99.2055	1.2187	0.4868	7.1704	0.8862	0.9612	0.0695	1.5086	0.0505	11.1217	0.2125	0.0117	0.1062	0.0078	0.0089	0.0000	0.3599	0.0003	0.1121	1.8109	6.7600	0.5651	0.0010	22.0894	12.3962	9.3639	3.7178	1.5823	0.5629	1.0194	0.5360	0.5325	0.0035	1.0463	0.0304	1.0159	0.0042	0.0005	0.0036	0.0005	0.0005	0.0000	0.0036	0.0000	0.0036	1.2984	1.1562	0.1422	0.6048	0.5540	0.0508	0.6936	0.6022	0.0913	0.2594	0.1628	0.0966	0.0933	0.0841	0.0091	0.1661	0.0786	0.0875	75.6500	147.1854	190.2793	153.4825	150.2239	4290.0293	68.8487	39036.8722	267.2823	0.0161	0.0033	0.0377	0.0058	0.0064	0.0000	0.0219	0.0000	0.0416
41	49	0.6948	10	0	1	0	0	0	0	0	0	N	N	N	N	N	N	N	N	N	N	N	N	0.6367	6.5675	0.0043	1.0263	0.9205	1.1933	0.9319	590.8916	0.0056	0.6284	0.7007	0.0141	0.0324	0.0347	0.0038	1.1529	1.3251	0.0192	0.9870	0.1067	3.2914	0.0315	0.0377	0.0032	1.2372	0.0022	3.4504	0.0024	46.7962	-0.2988	0.0352	22.0894	14.4870	9.3639	5.8627	1.0492	1.0468	0.0025	0.0253	0.0251	0.0002	1.0240	1.0217	0.0023	0.1003	0.0021	0.0982	0.0021	0.0021	0.0000	0.0982	0.0000	0.0982	1.6697	1.4940	0.1757	0.7815	0.7229	0.0586	0.8881	0.7710	0.1171	0.3434	0.2120	0.1313	0.1298	0.1153	0.0145	0.2136	0.0968	0.1168	2.1508	70.7760	0.0188	1.9623	1.9087	1.1933	2.5080	22420.8976	0.0229	0.2922	0.0099	0.7478	0.0165	0.0182	0.0032	0.4597	0.0001	0.8404
41	50	0.6910	11	1	2	1	0	0	0	0	0	N	Y	N	N	N	N	N	N	N	N	N	N	1682.5438	inf	0.1260	inf	inf	inf	0.4723	inf	0.0318	0.0125	0.0139	0.0000	0.0267	0.0283	0.0000	0.0000	0.0000	0.0000	0.0000	0.0000	0.0000	0.0000	0.0000	0.0000	0.0000	0.0000	0.0000	0.0000	inf	-0.0003	0.0000	22.0894	0.9856	9.3639	2.8295	0.0012	0.0012	0.0000	0.0012	0.0012	0.0000	0.0000	0.0000	0.0000	0.0000	0.0000	0.0000	0.0000	0.0000	0.0000	0.0000	0.0000	0.0000	0.0944	0.0849	0.0094	0.0441	0.0416	0.0025	0.0503	0.0434	0.0069	0.0486	0.0287	0.0199	0.0137	0.0123	0.0014	0.0349	0.0164	0.0185	1682.5438	inf	0.1260	inf	inf	inf	0.7665	inf	0.0318	0.0000	0.0000	0.0000	0.0000	0.0000	0.0000	0.0000	0.0000	0.0000
41	51	0.1495	5	1	2	0	0	0	0	0	0	N	Y	N	N	N	N	N	N	N	N	N	N	5.9394	8.0168	0.0368	19.4551	18.7163	0.0032	0.3781	86.2424	0.0457	0.4074	0.4726	0.0008	1.4567	1.4994	0.0000	0.0169	0.0204	0.0009	0.0686	0.0590	0.0222	0.0749	0.0801	0.0027	0.0448	0.0002	0.0189	0.0003	1.2614	-0.1867	-0.0003	22.0894	13.3057	9.3639	8.6321	0.6508	0.6506	0.0002	0.6311	0.6311	0.0000	0.0197	0.0195	0.0002	0.0041	0.0018	0.0023	0.0018	0.0018	0.0000	0.0023	0.0000	0.0023	1.5972	1.3765	0.2207	0.4332	0.4209	0.0123	1.1640	0.9556	0.2084	0.4283	0.2278	0.2006	0.0608	0.0568	0.0040	0.3676	0.1710	0.1966	42.2924	58.9889	0.0711	48.2285	46.6493	0.0032	2.7171	25717.1526	0.0741	0.0096	0.0080	0.0115	0.0302	0.0321	0.0027	0.0062	0.0000	0.0117
41	52	0.8258	13	0	2	0	1	0	0	0	0	N	Y	N	N	N	N	N	N	N	N	N	N	0.0318	381.8733	0.0000	628.5042	605.1694	0.0759	0.0000	0.0030	0.0000	0.0376	0.0421	0.0000	0.0957	0.1016	0.0000	0.0000	0.0000	0.0000	1.1829	0.0001	4.4079	0.0002	0.0002	0.0001	1.5881	0.0014	4.9716	0.0000	10343.8811	-0.0020	0.0078	22.0894	2.1073	9.3639	0.0711	0.0071	0.0071	0.0000	0.0071	0.0071	0.0000	0.0000	0.0000	0.0000	0.0210	0.0000	0.0210	0.0000	0.0000	0.0000	0.0210	0.0000	0.0210	0.1880	0.1681	0.0199	0.0740	0.0696	0.0043	0.1140	0.0984	0.0156	0.0298	0.0184	0.0114	0.0128	0.0111	0.0017	0.0169	0.0073	0.0097	0.0535	381.8733	0.0000	628.5042	605.1694	0.0759	0.0000	0.1908	0.0000	0.7040	0.0001	1.8392	0.0002	0.0002	0.0001	1.2373	0.0000	2.1673
41	53	0.7634	12	0	1	0	1	0	0	0	0	N	N	N	N	N	N	N	N	N	N	N	N	0.6830	0.7205	0.0022	1.4735	1.4430	16.7497	0.0080	2.2197	0.0000	0.5469	0.6088	0.0024	1.3178	1.3952	0.0106	0.0066	0.0076	0.0000	0.8007	0.8449	1.0730	0.8943	0.9668	0.0006	0.8187	0.0034	1.1191	0.0004	0.8914	-0.2797	-0.0061	22.0894	21.8329	9.3639	8.0592	0.9757	0.9752	0.0004	0.9688	0.9683	0.0004	0.0069	0.0069	0.0000	0.0390	0.0206	0.0184	0.0206	0.0206	0.0000	0.0184	0.0000	0.0184	1.7841	1.6019	0.1821	0.7351	0.6940	0.0411	1.0489	0.9079	0.1410	0.3358	0.2052	0.1305	0.1214	0.1055	0.0159	0.2143	0.0997	0.1146	4.7066	6.0574	0.0170	7.7577	7.1405	16.7497	0.0766	72.4770	0.0000	0.1162	0.1005	0.1409	0.1699	0.1954	0.0006	0.0858	0.0001	0.1603
41	54	0.1427	3	0	2	0	1	0	0	0	0	N	Y	N	N	N	N	N	N	N	N	N	N	0.0000	0.0000	0.0000	0.0000	0.0000	0.0000	0.0000	0.0000	0.0000	0.0000	0.0000	0.0000	0.0000	0.0000	0.0000	0.0000	0.0000	0.0000	0.0000	0.0000	22.0894	0.0000	9.3639	0.0000	0.0000	0.0000	0.0000	0.0000	0.0000	0.0000	0.0000	0.0000	0.0000	0.0000	0.0000	0.0000	0.0000	0.0000	0.0000	0.0000	0.0000	0.0000	0.0000	0.0000	0.0000	0.0000	0.0000	0.0000	0.0000	0.0000	0.0000	0.0000	0.0000	0.0000	0.0000	0.0000	0.0000	0.0000	0.0000	0.0000	0.0000	0.0000	0.0000	0.0000	0.0000	0.0000	0.0000	0.0000	0.0000	0.0000	0.0000	0.0000	0.0000	0.0000	0.0000	0.0000	0.0000	0.0000											
41	55	0.7634	12	0	1	0	1	0	0	0	0	N	N	N	N	N	N	N	N	N	N	N	N	0.2149	202.3679	0.0015	412.8693	394.5476	182.7644	0.0001	0.0361	0.0001	0.2610	0.2844	0.0078	0.4787	0.4980	0.0274	0.0001	0.0000	0.0007	1.2146	0.0014	5.1484	0.0012	0.0013	0.0001	1.6423	0.0005	5.6222	0.0025	1679.8674	-0.0112	0.0070	22.0894	1.2825	9.3639	0.1503	0.0394	0.0393	0.0001	0.0393	0.0393	0.0001	0.0000	0.0000	0.0000	0.0188	0.0000	0.0188	0.0000	0.0000	0.0000	0.0188	0.0000	0.0188	0.1508	0.1380	0.0127	0.0822	0.0788	0.0034	0.0686	0.0592	0.0093	0.0237	0.0158	0.0079	0.0097	0.0088	0.0009	0.0140	0.0069	0.0070	0.3298	401.6854	0.0033	412.8693	394.5476	182.7644	0.0001	7.2003	0.0003	0.7915	0.0007	2.3631	0.0012	0.0013	0.0001	1.3418	0.0000	2.6650
41	56	0.7224	11	0	1	0	1	0	0	0	0	N	N	N	N	N	N	N	N	N	N	N	N	0.1073	20.4622	0.0024	71.9631	60.4644	276.1436	0.0020	14.7943	0.0000	0.2916	0.3204	0.0321	0.6566	0.6830	0.1473	0.0089	0.0103	0.0005	2.7185	0.0157	13.3965	0.0091	0.0113	0.0005	4.5351	0.0007	15.7714	0.0111	1038.0311	-0.1207	0.3569	22.0894	14.8542	9.3639	6.8183	0.4372	0.4324	0.0048	0.4297	0.4250	0.0048	0.0075	0.0075	0.0001	0.9628	0.0009	0.9619	0.0009	0.0009	0.0000	0.9619	0.0000	0.9619	1.4992	1.3496	0.1496	0.6545	0.6222	0.0323	0.8447	0.7274	0.1173	0.3542	0.2291	0.1251	0.1421	0.1245	0.0176	0.2121	0.1046	0.1075	0.1073	79.2103	0.0042	99.7164	91.8343	276.1436	0.0020	2143.4968	0.0001	2.7185	0.0040	7.6891	0.0066	0.0074	0.0005	4.5351	0.0000	8.9439
41	57	0.6475	10	0	1	0	1	0	0	0	0	N	N	N	N	N	N	N	N	N	N	N	N	1.7225	44.2553	5.4709	305.7998	174.6089	60462.7187	0.0104	0.1000	0.0145	0.8489	0.6113	2.8956	2.1301	1.4647	12.0017	0.0070	0.0069	0.0073	0.4928	0.0138	0.5293	0.0070	0.0084	0.0002	0.6683	0.0691	0.5049	0.5497	16.4690	0.1760	0.0068	22.0894	33.5853	9.3639	9.3450	2.6034	1.6799	0.9235	2.5906	1.6688	0.9218	0.0129	0.0111	0.0018	0.0218	0.0012	0.0205	0.0010	0.0010	0.0000	0.0208	0.0003	0.0205	3.0669	2.7479	0.3189	1.2162	1.1394	0.0768	1.8507	1.6086	0.2421	0.5724	0.3393	0.2331	0.1853	0.1603	0.0250	0.3871	0.1790	0.2081	22.3350	166.5526	32.9113	402.3388	240.5206	60462.7187	0.1298	4.5960	0.0741	0.0380	0.0037	0.0880	0.0053	0.0061	0.0002	0.0537	0.0015	0.0985
41	58	0.6267	9	0	1	0	0	0	0	0	0	N	N	N	N	N	N	N	N	N	N	N	N	25.3434	16.6211	45.6921	69.7325	54.4141	4276.8915	1.3170	6.4932	0.4805	0.7192	0.7496	0.4474	1.6721	1.6585	1.9010	0.0274	0.0310	0.0043	0.0284	0.0451	0.0098	0.0240	0.0305	0.0004	0.0208	0.0048	0.0089	0.0669	0.6088	-0.2623	-0.0004	22.0894	15.2419	9.3639	2.5705	1.1684	1.0952	0.0732	1.1426	1.0699	0.0727	0.0258	0.0253	0.0005	0.0016	0.0010	0.0006	0.0010	0.0010	0.0000	0.0006	0.0000	0.0006	1.6246	1.4610	0.1636	0.6833	0.6451	0.0382	0.9413	0.8159	0.1254	0.2432	0.1432	0.1001	0.0745	0.0645	0.0101	0.1687	0.0787	0.0900	106.7867	105.3871	72.2410	123.4885	106.4259	4276.8915	7.3528	178.5067	0.6240	0.0067	0.0071	0.0062	0.0135	0.0156	0.0004	0.0037	0.0002	0.0068
41	59	0.1427	3	0	1	0	1	0	0	0	0	N	N	N	N	N	N	N	N	N	N	N	N	0.3044	0.1918	0.5526	0.5533	0.0009	0.0011	0.0000	0.0030	0.0030	0.0000	0.0000	0.0000	0.0000	0.0031	0.0055	0.0000	0.0054	0.0055	0.0000	0.0000	0.0000	0.0000	0.0000	0.0000	-0.0000	-0.0000	22.0894	0.0000	9.3639	0.0000	0.0000	0.0000	0.0000	0.0000	0.0000	0.0000	0.0000	0.0000	0.0000	0.0000	0.0000	0.0000	0.0000	0.0000	0.0000	0.0000	0.0000	0.0000	0.0000	0.0000	0.0000	0.0000	0.0000	0.0000	0.0000	0.0000	0.0000	0.0000	0.0000	0.0000	0.0000	0.0000	0.0000	0.0000	0.0000	0.0000	0.7013	0.5671	0.0000	0.6556	0.6606	0.0000	0.0000	0.0000	0.0000	0.0013	0.0019	0.0000	0.0045	0.0046	0.0000	0.0000	0.0000	0.0000					
41	60	0.0653	2	0	1	0	1	0	0	0	0	N	N	N	N	N	N	N	N	N	N	N	N	0.3196	0.2714	0.0061	0.4464	0.4876	0.0002	0.0518	41.4698	0.0079	0.2806	0.3347	0.0006	1.2274	1.3631	0.0001	0.0153	0.0186	0.0007	0.8782	1.2331	0.0946	2.7498	2.7955	0.4955	0.2963	0.0004	0.0826	0.0003	0.1123	-0.1811	-0.0536	22.0894	19.3360	9.3639	7.9957	0.6315	0.6313	0.0002	0.6046	0.6046	0.0000	0.0270	0.0268	0.0002	0.1017	0.0914	0.0103	0.0914	0.0914	0.0000	0.0102	0.0000	0.0102	2.2503	1.8864	0.3639	0.4926	0.4435	0.0490	1.7578	1.4429	0.3149	0.5894	0.2975	0.2919	0.0580	0.0579	0.0001	0.5314	0.2396	0.2918	1.6270	1.0892	0.0164	0.7787	0.8635	0.0004	0.7959	8847.9583	0.0187	0.1725	0.3073	0.0352	1.5762	1.5786	0.1898	0.0193	0.0000	0.0351
41	61	0.5053	8	0	2	1	0	0	0	0	0	N	Y	N	N	N	N	N	N	N	N	N	N	326.0248	1396.4142	1458.4981	929.9396	2260.6578	10.9504	176.7806	10.2663	2742.5155	1.5630	0.9334	7.0183	2.3452	2.4523	0.1491	1.1273	0.0009	8.3338	0.0048	0.0007	0.0048	0.0025	0.0011	0.0136	0.0064	0.0001	0.0030	0.8677	6.3887	0.3813	0.0002	22.0894	14.2360	9.3639	11.9336	2.1487	1.1504	0.9983	1.1532	1.1498	0.0034	0.9955	0.0006	0.9949	0.0007	0.0001	0.0006	0.0002	0.0001	0.0002	0.0005	0.0000	0.0005	1.3748	1.2325	0.1422	0.4917	0.4689	0.0229	0.8831	0.7637	0.1194	0.3806	0.2203	0.1602	0.0989	0.0875	0.0113	0.2817	0.1328	0.1489	847.5416	2165.2577	1853.1173	929.9396	2260.6578	10.9504	701.8691	3403.3452	2742.5155	0.0018	0.0004	0.0038	0.0025	0.0011	0.0136	0.0016	0.0000	0.0030
41	62	0.6139	10	1	1	1	0	0	0	0	0	N	N	N	N	N	N	N	N	N	N	N	N	46.2483	6.9325	20784.0538	23.2975	21.1682	1.1939	28323.3866	0.5040	219367.0352	0.6119	0.2779	3.4145	0.5367	0.5779	0.0021	0.6767	0.0002	4.9543	0.0132	0.0401	0.0002	0.0230	0.0273	0.0017	0.0000	0.0004	0.0000	1.4642	0.0164	0.5167	-0.0013	22.0894	28.8660	9.3639	13.2209	1.6829	0.6829	0.9999	0.6829	0.6827	0.0002	1.0000	0.0003	0.9998	0.0021	0.0021	0.0000	0.0021	0.0021	0.0000	0.0000	0.0000	0.0000	2.7501	2.4572	0.2929	1.2723	1.1812	0.0911	1.4778	1.2760	0.2018	0.5223	0.3128	0.2095	0.1617	0.1442	0.0175	0.3607	0.1686	0.1920	149.9449	41.4545	20784.0538	40.7964	39.7383	1.1939	52534.9441	115.1814	219367.0352	0.0041	0.0067	0.0002	0.0132	0.0145	0.0017	0.0000	0.0000	0.0000
41	63	0.6112	9	1	2	0	0	0	0	0	0	N	Y	N	N	N	N	N	N	N	N	N	N	0.0099	4.1510	0.0002	3.4684	4.1584	0.0042	0.0037	1.0803	0.0003	0.0019	0.0021	0.0000	0.0028	0.0030	0.0000	0.0014	0.0016	0.0000	0.1934	0.0005	0.0968	0.0008	0.0007	0.0016	0.3638	0.0014	0.0982	0.0013	68.9969	-0.0003	0.0012	22.0894	5.0237	9.3639	8.0282	0.0009	0.0009	0.0000	0.0005	0.0005	0.0000	0.0004	0.0004	0.0000	0.0033	0.0000	0.0032	0.0001	0.0000	0.0000	0.0032	0.0000	0.0032	0.4685	0.4175	0.0510	0.1807	0.1685	0.0122	0.2879	0.2490	0.0389	0.2135	0.1234	0.0901	0.0696	0.0625	0.0071	0.1439	0.0610	0.0829	0.1253	5.6857	0.0006	3.4684	4.1584	0.0042	0.0608	69.4570	0.0007	0.0153	0.0004	0.0357	0.0008	0.0007	0.0016	0.0223	0.0000	0.0386
41	64	0.5482	8	1	2	0	0	0	0	0	0	N	Y	N	N	N	N	N	N	N	N	N	N	0.7132	47.4317	0.0010	80.4763	70.6959	0.4523	0.3824	851.7837	0.0011	1.1572	1.2952	0.0071	1.7971	1.9144	0.0006	0.8115	0.9335	0.0088	1.6226	0.0273	7.1422	0.0223	0.0271	0.0013	2.1221	0.0011	8.0781	0.0007	473.2664	-0.5315	0.2889	22.0894	17.5893	9.3639	19.0270	1.8554	1.8542	0.0012	1.0106	1.0106	0.0000	0.8448	0.8436	0.0012	0.7818	0.0016	0.7801	0.0017	0.0016	0.0000	0.7801	0.0000	0.7801	1.6033	1.4316	0.1717	0.5623	0.5279	0.0345	1.0410	0.9037	0.1373	0.4976	0.2909	0.2067	0.1300	0.1135	0.0165	0.3676	0.1774	0.1902	0.7365	228.5482	0.0019	140.0786	132.0001	0.4523	0.3824	73750.4163	0.0021	1.5712	0.0057	3.7743	0.0128	0.0145	0.0013	2.1221	0.0000	4.1005
41	65	0.5418	7	0	2	0	0	0	0	0	0	N	Y	N	N	N	N	N	N	N	N	N	N	0.0196	0.2701	0.0004	0.6078	0.5759	0.0062	0.0094	8.6943	0.0005	0.0089	0.0099	0.0003	0.0144	0.0152	0.0000	0.0057	0.0065	0.0003	0.4554	0.0367	0.6973	0.0237	0.0264	0.0009	0.6061	0.0007	0.6484	0.0029	6.3053	-0.0005	0.0009	22.0894	1.7566	9.3639	2.8742	0.0017	0.0017	0.0000	0.0010	0.0010	0.0000	0.0007	0.0007	0.0000	0.0037	0.0005	0.0032	0.0005	0.0005	0.0000	0.0032	0.0000	0.0032	0.1906	0.1712	0.0194	0.0712	0.0675	0.0036	0.1194	0.1037	0.0157	0.1082	0.0780	0.0302	0.0376	0.0355	0.0021	0.0705	0.0425	0.0280	0.2637	1.5415	0.0024	1.0779	1.0755	0.0062	0.1264	1225.5859	0.0028	0.0339	0.0064	0.1049	0.0134	0.0141	0.0009	0.0448	0.0000	0.1128
41	66	0.5053	8	0	2	0	0	0	0	0	0	N	Y	N	N	N	N	N	N	N	N	N	N	4.0958	3.3814	0.2014	1.5709	1.5513	0.1126	285.7858	24.8562	0.2932	2.7145	3.0275	0.0015	1.8808	1.9738	0.0060	3.1638	3.6518	0.0007	0.6628	0.8954	0.0077	1.1973	1.2724	0.0529	0.0111	0.1469	0.0024	0.0001	0.0327	-1.5323	-0.0181	22.0894	21.1811	9.3639	10.1862	5.3376	5.3373	0.0003	1.2949	1.2947	0.0002	4.0427	4.0426	0.0001	0.0304	0.0294	0.0010	0.0296	0.0291	0.0005	0.0008	0.0003	0.0004	1.9663	1.7629	0.2034	0.6885	0.6559	0.0326	1.2778	1.1070	0.1708	0.4486	0.2597	0.1889	0.1159	0.1025	0.0134	0.3326	0.1571	0.1755	40.0544	26.7048	0.3032	7.3599	6.9562	0.1479	1364.7587	1642.8024	0.2932	0.0678	0.1134	0.0051	0.2555	0.2838	0.0403	0.0023	0.0022	0.0024
41	67	0.4915	7	0	2	0	0	0	0	0	0	N	Y	N	N	N	N	N	N	N	N	N	N	99.9798	48.5861	79.9686	113.0356	98.9067	0.2616	34.5108	4.6183	98.5953	0.7349	0.8058	0.0425	1.5949	1.6671	0.0001	0.0560	0.0564	0.0535	0.0074	0.0166	0.0005	0.0141	0.0169	0.0004	0.0016	0.0122	0.0005	0.0054	0.0929	-0.1749	-0.0002	22.0894	7.4253	9.3639	0.9851	0.6206	0.6173	0.0033	0.5942	0.5942	0.0000	0.0264	0.0231	0.0033	0.0003	0.0003	0.0000	0.0003	0.0003	0.0000	0.0000	0.0000	0.0000	0.8446	0.7660	0.0785	0.3726	0.3564	0.0161	0.4720	0.4096	0.0624	0.1256	0.0723	0.0532	0.0311	0.0273	0.0037	0.0945	0.0450	0.0495	276.9992	191.2499	79.9686	173.5742	160.5182	0.2616	110.7355	121.1951	98.5953	0.0027	0.0042	0.0005	0.0092	0.0104	0.0004	0.0005	0.0005	0.0005
41	68	0.6948	10	0	1	1	0	0	0	0	0	N	N	N	N	N	N	N	N	N	N	N	N	0.0621	0.0531	0.0707	0.0537	0.0504	0.0003	0.2399	10.4597	0.1045	0.0221	0.0244	0.0025	0.0090	0.0098	0.0000	0.0335	0.0381	0.0038	0.3561	0.4595	0.0358	0.1685	0.1939	0.0014	0.1398	0.0036	0.0363	0.0122	0.3799	-0.0104	-0.0030	22.0894	15.0354	9.3639	6.2061	0.0379	0.0375	0.0005	0.0072	0.0072	0.0000	0.0307	0.0302	0.0005	0.0085	0.0062	0.0023	0.0062	0.0062	0.0000	0.0023	0.0000	0.0023	1.7162	1.5358	0.1804	0.8013	0.7415	0.0599	0.9149	0.7944	0.1205	0.3532	0.2178	0.1354	0.1328	0.1178	0.0150	0.2204	0.1001	0.1204	0.9176	0.8621	0.1464	0.1944	0.1871	0.0003	3.1701	327.2319	0.1967	0.0241	0.0283	0.0173	0.0465	0.0523	0.0014	0.0106	0.0001	0.0193
41	69	0.6267	9	0	1	0	0	0	0	0	0	N	N	N	N	N	N	N	N	N	N	N	N	0.1149	0.6830	0.0049	5.0894	4.2475	21.2328	0.1179	0.1417	0.0037	0.0590	0.0654	0.0024	0.0286	0.0301	0.0046	0.0801	0.0919	0.0018	0.5138	0.0958	0.4934	0.0056	0.0071	0.0002	0.6791	0.6484	0.4725	0.0042	6.4574	-0.0444	0.0049	22.0894	27.6811	9.3639	13.1592	0.1570	0.1563	0.0007	0.0311	0.0308	0.0003	0.1259	0.1255	0.0004	0.0208	0.0028	0.0180	0.0007	0.0007	0.0000	0.0201	0.0021	0.0180	2.6592	2.3888	0.2704	1.0869	1.0225	0.0643	1.5724	1.3663	0.2061	0.5084	0.2977	0.2106	0.1494	0.1287	0.0208	0.3589	0.1691	0.1899	1.4453	6.9977	0.0286	6.1558	5.6166	21.2328	1.4321	7.4160	0.0186	0.0408	0.0094	0.0854	0.0046	0.0054	0.0002	0.0559	0.0124	0.0947
41	70	0.5919	8	0	1	0	0	0	0	0	0	N	N	N	N	N	N	N	N	N	N	N	N	7.1976	8.9538	2.8216	18.8986	17.1368	33.8081	3.5161	7.1589	0.9201	0.0557	0.0608	0.0121	0.0886	0.0913	0.0434	0.0337	0.0386	0.0036	0.0077	0.0068	0.0043	0.0047	0.0053	0.0013	0.0096	0.0054	0.0039	0.0233	1.0937	-0.0304	-0.0001	22.0894	19.6565	9.3639	4.0504	0.1151	0.1125	0.0026	0.0732	0.0712	0.0020	0.0419	0.0413	0.0006	0.0010	0.0005	0.0005	0.0005	0.0005	0.0000	0.0005	0.0000	0.0005	2.0678	1.8506	0.2172	0.8260	0.7797	0.0463	1.2417	1.0709	0.1708	0.3657	0.2196	0.1462	0.1162	0.1030	0.0132	0.2495	0.1165	0.1330	19.9620	27.3971	3.3125	21.4847	20.3418	33.8081	15.5796	182.6838	0.9201	0.0028	0.0022	0.0036	0.0041	0.0045	0.0013	0.0022	0.0002	0.0039
41	71	0.4947	8	1	2	0	0	0	0	0	0	N	Y	N	N	N	N	N	N	N	N	N	N	8.0028	1.7915	0.3746	3.7477	3.3145	0.0204	1628.3266	88.2295	0.5847	0.3331	0.3721	0.0000	0.3043	0.3298	0.0000	0.3542	0.4046	0.0000	0.0416	0.2077	0.0000	0.0812	0.0995	0.0000	0.0002	0.0046	0.0000	0.0000	0.0004	-0.1844	-0.0017	22.0894	17.5448	9.3639	6.0013	0.6423	0.6423	0.0000	0.2474	0.2474	0.0000	0.3949	0.3949	0.0000	0.0027	0.0027	0.0000	0.0026	0.0026	0.0000	0.0000	0.0000	0.0000	1.9279	1.7262	0.2017	0.8130	0.7501	0.0629	1.1149	0.9761	0.1388	0.3362	0.1931	0.1431	0.0834	0.0733	0.0101	0.2528	0.1197	0.1330	42.1056	27.0172	0.3746	9.6173	9.1625	0.0204	4284.2827	2423.0737	0.5847	0.0079	0.0138	0.0000	0.0316	0.0360	0.0000	0.0001	0.0002	0.0000
41	72	0.5631	11	1	2	1	0	0	0	0	0	N	Y	N	N	N	N	N	N	N	N	N	N	11.1420	6.4910	0.6725	0.8736	0.8686	inf	8384.2003	inf	0.0000	0.0144	0.0160	0.0000	0.0016	0.0017	0.0000	0.0216	0.0250	0.0000	0.0013	0.0025	0.0000	0.0019	0.0020	0.0000	0.0000	0.0000	0.0000	0.0000	0.0023	-0.0007	-0.0000	22.0894	1.8980	9.3639	2.9698	0.0024	0.0024	0.0000	0.0001	0.0001	0.0000	0.0023	0.0023	0.0000	0.0001	0.0001	0.0000	0.0001	0.0001	0.0000	0.0000	0.0000	0.0000	0.1692	0.1517	0.0175	0.0610	0.0586	0.0024	0.1082	0.0931	0.0151	0.1144	0.0775	0.0369	0.0426	0.0406	0.0019	0.0718	0.0368	0.0350	20.6060	15.6003	0.6725	0.8736	0.8686	inf	8384.2003	inf	0.0000	0.0007	0.0010	0.0000	0.0019	0.0020	0.0000	0.0000	0.0000	0.0000
41	73	0.5435	10	1	1	1	0	0	0	0	0	N	N	N	N	N	N	N	N	N	N	N	N	86.0479	334.9136	0.0532	49.3400	95.6812	0.0091	98.4475	108.9997	0.1520	1.0504	1.1709	0.0008	0.1782	0.1962	0.0002	2.2724	2.5782	0.0016	0.0122	0.0035	0.0159	0.0036	0.0021	0.0201	0.0231	0.0237	0.0103	0.0001	3.2528	-0.2530	0.0001	22.0894	3.5853	9.3639	4.3819	0.8814	0.8813	0.0001	0.0873	0.0873	0.0000	0.7941	0.7941	0.0001	0.0006	0.0001	0.0004	0.0002	0.0001	0.0001	0.0004	0.0000	0.0004	0.8391	0.7527	0.0864	0.4897	0.4447	0.0450	0.3495	0.3080	0.0415	0.1464	0.0964	0.0500	0.0476	0.0439	0.0038	0.0987	0.0525	0.0462	275.3368	859.4952	0.0992	51.3676	95.6812	0.0091	570.7020	3277.5260	0.2061	0.0038	0.0014	0.0085	0.0035	0.0021	0.0201	0.0040	0.0008	0.0076
41	74	0.5121	9	1	1	1	0	0	0	0	0	N	N	N	N	N	N	N	N	N	N	N	N	123.4408	144.0688	1.5556	108.2774	162.3836	0.0164	221.0777	228.5765	5.9748	1.2600	1.4098	0.0084	1.4721	1.6171	0.0004	1.0755	1.2228	0.0135	0.0102	0.0098	0.0054	0.0136	0.0100	0.0266	0.0049	0.0053	0.0023	0.0007	0.9078	-0.5422	-0.0002	22.0894	12.3589	9.3639	7.3592	1.8932	1.8918	0.0014	1.0291	1.0290	0.0000	0.8641	0.8628	0.0013	0.0010	0.0005	0.0005	0.0007	0.0005	0.0002	0.0003	0.0000	0.0002	1.5025	1.3419	0.1606	0.6991	0.6364	0.0627	0.8034	0.7056	0.0979	0.2939	0.1788	0.1151	0.0812	0.0721	0.0091	0.2127	0.1067	0.1060	376.4798	488.8750	2.0723	165.7891	236.4142	0.0174	871.2778	5883.8172	5.9748	0.0033	0.0029	0.0041	0.0089	0.0068	0.0251	0.0012	0.0002	0.0023
41	75	0.4947	8	1	1	1	0	0	0	0	0	N	N	N	N	N	N	N	N	N	N	N	N	58.8388	90.1297	1.7411	142.2150	169.7715	1.4406	36.5449	8.3211	1.7233	0.3299	0.3684	0.0050	0.3259	0.3574	0.0053	0.3335	0.3786	0.0049	0.0056	0.0041	0.0029	0.0023	0.0021	0.0037	0.0091	0.0455	0.0028	0.0016	1.3963	-0.1234	-0.0000	22.0894	10.2127	9.3639	1.0234	0.4322	0.4315	0.0007	0.2026	0.2023	0.0003	0.2296	0.2291	0.0004	0.0003	0.0001	0.0002	0.0001	0.0001	0.0000	0.0003	0.0001	0.0002	1.3100	1.1713	0.1387	0.6217	0.5661	0.0556	0.6882	0.6052	0.0830	0.1651	0.0948	0.0703	0.0410	0.0361	0.0049	0.1241	0.0587	0.0654	155.9167	239.5000	1.7411	142.2150	169.7715	1.4406	162.0802	318.3296	1.7233	0.0021	0.0015	0.0029	0.0023	0.0021	0.0037	0.0021	0.0012	0.0028
41	76	0.4915	7	1	1	0	0	0	0	0	0	N	N	N	N	N	N	N	N	N	N	N	N	520.5638	19704.0165	2.1758	10843.6209	10499.3805	50.2947	114.8952	8441.8029	2.3018	1.5915	1.7371	0.0067	2.3440	2.4428	0.0048	0.7604	0.8753	0.0074	0.0031	0.0001	0.0031	0.0002	0.0002	0.0001	0.0066	0.0001	0.0032	0.0004	25.0967	-0.2291	0.0000	22.0894	3.7027	9.3639	0.0091	0.7988	0.7985	0.0003	0.6174	0.6174	0.0001	0.1814	0.1811	0.0002	0.0001	0.0000	0.0001	0.0000	0.0000	0.0000	0.0001	0.0000	0.0001	0.5019	0.4597	0.0422	0.2634	0.2527	0.0107	0.2385	0.2069	0.0316	0.0560	0.0323	0.0238	0.0139	0.0122	0.0017	0.0422	0.0201	0.0221	1200.9396	19704.0165	2.2449	10843.6209	10499.3805	50.2947	450.0554	2621717.1229	2.3018	0.0013	0.0001	0.0030	0.0002	0.0002	0.0001	0.0017	0.0000	0.0032
41	77	0.4745	6	0	1	0	0	0	0	0	0	N	N	N	N	N	N	N	N	N	N	N	N	1.2507	101.5862	0.0003	32.2017	348.2280	0.0000	0.0054	15.1799	0.0004	1.0041	1.1212	0.0006	2.8038	2.9342	0.0001	0.0054	0.0061	0.0007	0.8028	0.0110	2.1489	0.0871	0.0084	1.7171	0.9829	0.0004	1.9558	0.0001	60.1587	-0.1243	0.0093	22.0894	3.8334	9.3639	6.1787	0.4328	0.4328	0.0000	0.4313	0.4313	0.0000	0.0015	0.0015	0.0000	0.0261	0.0004	0.0257	0.0025	0.0004	0.0020	0.0237	0.0000	0.0237	0.4311	0.3860	0.0450	0.1538	0.1470	0.0068	0.2772	0.2390	0.0382	0.2218	0.1356	0.0862	0.0746	0.0700	0.0046	0.1472	0.0656	0.0816	8.5233	355.7739	0.0021	84.8899	480.7986	0.0001	0.0333	3466.3629	0.0025	0.1178	0.0032	0.2981	0.0330	0.0061	0.4399	0.1608	0.0000	0.2900
41	78	0.4354	5	0	1	0	0	0	0	0	0	N	N	N	N	N	N	N	N	N	N	N	N	2.8014	2.7268	33.5162	24.7669	19.4978	510.3941	0.8362	27.3305	16.2257	0.5150	0.4068	1.3509	1.3230	1.0862	6.1305	0.1231	0.0383	0.6132	0.1839	0.1492	0.0403	0.0534	0.0557	0.0120	0.1473	0.0014	0.0378	0.4302	1.1440	0.0126	-0.0006	22.0894	16.9094	9.3639	5.8161	0.9242	0.6462	0.2780	0.7754	0.6067	0.1687	0.1488	0.0395	0.1093	0.0064	0.0030	0.0034	0.0031	0.0030	0.0001	0.0033	0.0000	0.0033	1.7944	1.5886	0.2058	0.5861	0.5586	0.0275	1.2083	1.0300	0.1782	0.4311	0.2549	0.1761	0.1294	0.1185	0.0109	0.3016	0.1365	0.1652	34.7383	34.7873	69.7754	55.0616	43.2129	510.3941	11.3193	1787.9702	30.8948	0.0148	0.0117	0.0194	0.0240	0.0251	0.0120	0.0109	0.0000	0.0198
41	79	0.5418	7	0	2	0	0	0	0	0	0	N	Y	N	N	N	N	N	N	N	N	N	N	14.9533	5.1818	0.0019	20.9039	19.1934	0.0000	5682.1460	inf	0.0096	1.3226	1.4805	0.0000	2.5157	2.6798	0.0000	0.6743	0.7762	0.0000	0.0884	0.2857	0.0004	0.1203	0.1396	0.0037	0.0001	0.0000	0.0001	0.0000	0.0142	-0.8099	-0.0037	22.0894	23.9173	9.3639	17.8091	2.8206	2.8206	0.0000	1.8889	1.8889	0.0000	0.9317	0.9317	0.0000	0.0061	0.0060	0.0001	0.0061	0.0060	0.0001	0.0000	0.0000	0.0000	2.1327	1.9052	0.2275	0.7509	0.7049	0.0460	1.3818	1.2003	0.1815	0.5793	0.3478	0.2315	0.1516	0.1340	0.0176	0.4277	0.2139	0.2139	126.2169	86.0333	0.0019	63.0132	59.9821	0.0000	15022.0904	inf	0.0096	0.0105	0.0172	0.0004	0.0399	0.0447	0.0037	0.0000	0.0000	0.0001
41	80	0.5258	6	0	2	0	0	0	0	0	0	N	Y	N	N	N	N	N	N	N	N	N	N	0.1084	2.1725	0.0115	1.4796	2.6301	0.1101	0.0152	5.9217	0.0003	0.0009	0.0010	0.0002	0.0021	0.0022	0.0008	0.0003	0.0004	0.0000	0.0086	0.0005	0.0145	0.0014	0.0008	0.0073	0.0205	0.0001	0.0115	0.0197	11.8052	-0.0001	0.0002	22.0894	6.1279	9.3639	3.6878	0.0005	0.0005	0.0000	0.0004	0.0004	0.0000	0.0001	0.0001	0.0000	0.0005	0.0000	0.0005	0.0001	0.0000	0.0000	0.0004	0.0000	0.0004	0.5637	0.5024	0.0613	0.1975	0.1851	0.0124	0.3662	0.3173	0.0489	0.1755	0.1156	0.0599	0.0544	0.0495	0.0049	0.1211	0.0661	0.0550	0.3126	2.9007	0.0206	1.4796	2.6301	0.1101	0.0843	2174.6256	0.0005	0.0030	0.0004	0.0081	0.0014	0.0008	0.0073	0.0037	0.0000	0.0081
41	81	0.6139	10	1	1	1	0	0	0	0	0	N	N	N	N	N	N	N	N	N	N	N	N	74.2821	67.2744	230.1784	162.6394	186.6180	133.9274	8.0465	2.0480	34.5726	0.2671	0.2563	0.3573	0.5535	0.5138	1.0667	0.0183	0.0159	0.0335	0.0036	0.0038	0.0016	0.0034	0.0028	0.0080	0.0023	0.0077	0.0010	0.1664	0.7209	-0.1022	-0.0002	22.0894	27.2690	9.3639	12.3406	0.7069	0.6061	0.1008	0.6811	0.5867	0.0943	0.0259	0.0194	0.0065	0.0007	0.0004	0.0003	0.0005	0.0004	0.0001	0.0002	0.0000	0.0002	2.6469	2.3647	0.2822	1.2305	1.1420	0.0884	1.4164	1.2226	0.1938	0.5000	0.2997	0.2003	0.1552	0.1385	0.0167	0.3448	0.1612	0.1836	179.9396	178.1307	230.1784	167.0450	186.6180	133.9274	27.6418	51.1490	34.5726	0.0015	0.0014	0.0016	0.0033	0.0028	0.0080	0.0007	0.0003	0.0010
41	82	0.5985	9	0	1	0	0	0	0	0	0	N	N	N	N	N	N	N	N	N	N	N	N	5.9811	1.1204	554.9447	7.9414	5.2587	3696.7543	5.1607	6.0599	48.0624	0.2442	0.1922	0.7068	0.4388	0.3404	1.6256	0.0134	0.0057	0.0649	0.0408	0.1715	0.0013	0.0553	0.0647	0.0004	0.0026	0.0009	0.0013	0.4131	0.0716	0.0015	-0.0006	22.0894	9.0798	9.3639	0.9519	0.2968	0.2101	0.0868	0.2894	0.2073	0.0821	0.0074	0.0028	0.0047	0.0010	0.0010	0.0001	0.0010	0.0010	0.0000	0.0001	0.0000	0.0001	1.2157	1.0930	0.1228	0.6595	0.6090	0.0505	0.5562	0.4840	0.0723	0.1316	0.0775	0.0540	0.0392	0.0346	0.0045	0.0924	0.0429	0.0495	31.1828	15.5018	554.9447	17.8493	12.2723	3696.7543	18.3993	651.7912	48.0624	0.0078	0.0124	0.0013	0.0246	0.0277	0.0004	0.0007	0.0000	0.0013
41	83	0.5258	6	0	2	0	0	0	0	0	0	N	Y	N	N	N	N	N	N	N	N	N	N	0.3146	0.1739	0.0000	0.4849	0.4479	0.0000	0.0000	0.0000	0.0007	0.0008	0.0000	0.0020	0.0022	0.0000	0.0000	0.0000	0.0000	0.0023	0.0046	0.0001	0.0042	0.0048	0.0012	0.0000	0.0000	0.0000	0.0000	0.0408	-0.0004	-0.0003	22.0894	21.0000	9.3639	14.4214	0.0013	0.0013	0.0000	0.0013	0.0013	0.0000	0.0000	0.0000	0.0000	0.0005	0.0005	0.0000	0.0005	0.0005	0.0000	0.0000	0.0000	0.0000	1.8643	1.6638	0.2006	0.6513	0.6107	0.0406	1.2131	1.0531	0.1600	0.5067	0.3054	0.2013	0.1389	0.1221	0.0168	0.3678	0.1833	0.1845	0.6774	0.4762	0.0000	0.5323	0.5188	0.0000	0.0000	0.0000	0.0000	0.0010	0.0017	0.0001	0.0038	0.0042	0.0012	0.0000	0.0000	0.0000	
41	84	0.5834	10	0	1	1	0	0	0	0	0	N	N	N	N	N	N	N	N	N	N	N	N	86.6685	18974.3079	0.0000	736.2877	23221.6775	0.0000	0.9626	inf	0.0000	0.8341	0.9360	0.0000	2.1858	2.3458	0.0000	0.0166	0.0192	0.0000	0.0096	0.0000	0.0128	0.0030	0.0001	0.0183	0.0173	0.0000	0.0077	0.0000	125.1389	-0.4553	0.0005	22.0894	20.4085	9.3639	11.0867	1.5858	1.5858	0.0000	1.5661	1.5661	0.0000	0.0197	0.0197	0.0000	0.0014	0.0000	0.0014	0.0004	0.0000	0.0004	0.0010	0.0000	0.0010	1.9013	1.6943	0.2070	0.7165	0.6676	0.0489	1.1848	1.0266	0.1582	0.4374	0.2495	0.1879	0.1301	0.1096	0.0205	0.3073	0.1399	0.1674	261.2166	21092.8093	0.0000	736.2877	23221.6775	0.0000	5.0561	inf	0.0000	0.0032	0.0000	0.0074	0.0030	0.0001	0.0183	0.0033	0.0000	0.0060
41	85	0.5797	9	0	1	1	0	0	0	0	0	N	N	N	N	N	N	N	N	N	N	N	N	5.6896	1.7010	138.1526	8.3119	8.3111	0.0023	19.6379	0.1081	302.6613	0.3690	0.2057	1.8073	0.3889	0.4140	0.0000	0.3510	0.0000	2.5184	0.0649	0.1209	0.0131	0.0468	0.0498	0.0167	0.0179	0.0002	0.0083	0.9982	0.4703	0.0302	-0.0002	22.0894	3.1287	9.3639	1.1816	0.1420	0.0711	0.0709	0.0711	0.0711	0.0000	0.0709	0.0000	0.0709	0.0007	0.0005	0.0002	0.0005	0.0005	0.0001	0.0002	0.0000	0.0002	0.3848	0.3455	0.0392	0.1827	0.1716	0.0111	0.2021	0.1739	0.0282	0.0741	0.0445	0.0296	0.0246	0.0212	0.0034	0.0495	0.0233	0.0262	39.0404	19.2280	238.4654	17.9620	18.4544	0.0023	103.5378	33.3177	393.1229	0.0095	0.0107	0.0076	0.0217	0.0224	0.0167	0.0034	0.0000	0.0064
41	86	0.5728	8	0	1	0	0	0	0	0	0	N	N	N	N	N	N	N	N	N	N	N	N	154.3187	16.6308	2136.6998	38.3846	43.0194	9.8185	255.4665	4.4575	4473.6510	2.1947	0.2031	19.1327	0.4360	0.4573	0.1308	3.4810	0.0023	25.8684	0.0142	0.0122	0.0090	0.0114	0.0106	0.0133	0.0136	0.0005	0.0058	11.0741	1.1262	0.5882	-0.0000	22.0894	4.0532	9.3639	2.2470	0.9336	0.0773	0.8562	0.0784	0.0768	0.0015	0.8552	0.0005	0.8547	0.0005	0.0002	0.0003	0.0003	0.0002	0.0001	0.0002	0.0000	0.0002	0.4254	0.3806	0.0448	0.1797	0.1680	0.0117	0.2457	0.2126	0.0330	0.1135	0.0680	0.0456	0.0364	0.0325	0.0039	0.0771	0.0355	0.0416	504.3448	59.4252	3331.0638	55.7872	63.9286	9.8185	1280.6282	841.4208	5139.8550	0.0044	0.0034	0.0057	0.0078	0.0072	0.0133	0.0027	0.0000	0.0050
41	87	0.5496	7	0	1	0	0	0	0	0	0	N	N	N	N	N	N	N	N	N	N	N	N	0.2441	0.5558	0.6691	0.5583	0.7123	0.0211	0.2810	14.8867	1.1209	0.0164	0.0156	0.0225	0.0151	0.0161	0.0011	0.0172	0.0153	0.0298	0.0671	0.0281	0.0336	0.0270	0.0226	0.0498	0.0613	0.0010	0.0266	0.1727	1.6073	-0.0011	-0.0000	22.0894	4.7288	9.3639	9.8540	0.0079	0.0067	0.0012	0.0029	0.0029	0.0000	0.0050	0.0038	0.0011	0.0028	0.0011	0.0017	0.0013	0.0011	0.0003	0.0015	0.0000	0.0015	0.4809	0.4294	0.0515	0.1929	0.1799	0.0130	0.2880	0.2496	0.0385	0.2924	0.1871	0.1053	0.0915	0.0846	0.0069	0.2009	0.1025	0.0984	1.7101	2.7250	1.3734	1.0331	1.2717	0.0274	2.3672	1483.9817	2.0063	0.0096	0.0057	0.0164	0.0146	0.0127	0.0385	0.0073	0.0000	0.0148
41	88	0.5258	6	0	1	0	0	0	0	0	0	N	N	N	N	N	N	N	N	N	N	N	N	1.3854	651.7183	0.0061	0.4750	17.9229	0.0020	1.7189	1010.6627	0.0080	1.0784	1.2080	0.0130	0.0336	0.0357	0.0017	1.6414	1.8911	0.0159	0.7784	0.0019	2.1302	0.0707	0.0020	0.8557	0.9549	0.0019	1.9948	0.0013	203.3764	-0.2433	0.0103	22.0894	8.6320	9.3639	7.0881	0.8510	0.8499	0.0011	0.0093	0.0093	0.0000	0.8418	0.8407	0.0011	0.0281	0.0001	0.0279	0.0022	0.0001	0.0021	0.0258	0.0000	0.0258	0.7892	0.7036	0.0856	0.2764	0.2590	0.0173	0.5128	0.4445	0.0683	0.2551	0.1612	0.0939	0.0748	0.0670	0.0078	0.1803	0.0941	0.0862	9.8046	1418.2161	0.0438	1.1348	17.9229	0.0065	11.4532	48562.1110	0.0529	0.1100	0.0009	0.2972	0.0296	0.0020	0.2683	0.1433	0.0000	0.2998
41	89	0.5935	8	0	2	0	0	0	0	0	0	N	Y	N	N	N	N	N	N	N	N	N	N	437.8948	566.2517	0.1033	77.9903	75.4556	0.6147	600.4021	3239.3113	0.0373	0.6570	0.7308	0.0001	0.1079	0.1148	0.0003	1.0591	1.2188	0.0000	0.0015	0.0013	0.0010	0.0014	0.0015	0.0005	0.0018	0.0004	0.0010	0.0000	1.0273	-0.2858	-0.0000	22.0894	15.4622	9.3639	5.2688	0.9955	0.9955	0.0000	0.0691	0.0691	0.0000	0.9264	0.9264	0.0000	0.0002	0.0001	0.0001	0.0001	0.0001	0.0000	0.0001	0.0000	0.0001	1.5152	1.3621	0.1530	0.6405	0.6021	0.0384	0.8747	0.7601	0.1146	0.2916	0.1711	0.1205	0.0852	0.0742	0.0111	0.2064	0.0969	0.1094	836.1432	1106.4710	0.1033	77.9903	75.4556	0.6147	1966.0485	761804.3424	0.0373	0.0008	0.0007	0.0010	0.0014	0.0015	0.0005	0.0005	0.0000	0.0010
41	90	0.5818	7	0	1	0	0	0	0	0	0	N	N	N	N	N	N	N	N	N	N	N	N	1.1467	0.7177	4.8202	2.7386	2.0863	84.6837	0.4296	0.0832	0.2506	0.0164	0.0163	0.0175	0.0293	0.0273	0.0620	0.0057	0.0065	0.0009	0.0143	0.0227	0.0036	0.0107	0.0131	0.0007	0.0134	0.0776	0.0037	0.1144	0.4027	-0.0026	-0.0002	22.0894	7.5917	9.3639	1.5198	0.0143	0.0128	0.0015	0.0115	0.0101	0.0014	0.0027	0.0027	0.0001	0.0007	0.0005	0.0002	0.0004	0.0004	0.0000	0.0003	0.0001	0.0002	0.8694	0.7856	0.0838	0.3936	0.3709	0.0227	0.4758	0.4147	0.0611	0.1627	0.1008	0.0619	0.0579	0.0504	0.0075	0.1048	0.0504	0.0544	3.7504	3.2357	5.2952	3.9284	3.2264	84.6837	2.1511	4.0122	0.2506	0.0044	0.0050	0.0033	0.0075	0.0085	0.0007	0.0027	0.0016	0.0037
41	91	0.6910	11	1	1	1	0	0	0	0	0	N	N	N	N	N	N	N	N	N	N	N	N	269962.5934	inf	0.0000	inf	inf	33.7560	inf	0.0000	2.3872	2.6585	0.0000	5.2356	5.5677	0.0000	0.0007	0.0008	0.0000	0.0000	0.0000	0.0000	0.0000	0.0000	0.0000	0.0000	0.0000	0.0000	0.0000	inf	-0.1908	0.0000	22.0894	3.0317	9.3639	0.1644	0.6646	0.6646	0.0000	0.6644	0.6644	0.0000	0.0001	0.0001	0.0000	0.0000	0.0000	0.0000	0.0000	0.0000	0.0000	0.0000	0.0000	0.0000	0.2784	0.2500	0.0284	0.1269	0.1193	0.0076	0.1515	0.1306	0.0208	0.0408	0.0241	0.0167	0.0115	0.0103	0.0012	0.0293	0.0138	0.0155	269962.5934	inf	0.0000	inf	inf	0.0000	59.0957	inf	0.0000	0.0000	0.0000	0.0000	0.0000	0.0000	0.0000	0.0000	0.0000	0.0000	
41	92	0.6852	10	1	1	1	0	0	0	0	0	N	N	N	N	N	N	N	N	N	N	N	N	0.1863	92.5192	0.0625	59.1544	62.2797	2.1386	0.0187	inf	0.0962	0.0068	0.0073	0.0025	0.0100	0.0106	0.0003	0.0027	0.0025	0.0037	0.0367	0.0001	0.0397	0.0002	0.0002	0.0002	0.1414	0.0000	0.0386	0.0331	161.2241	-0.0006	0.0001	22.0894	2.6632	9.3639	1.0147	0.0024	0.0023	0.0001	0.0020	0.0020	0.0000	0.0004	0.0003	0.0001	0.0004	0.0000	0.0004	0.0000	0.0000	0.0000	0.0004	0.0000	0.0004	0.3478	0.3171	0.0307	0.1986	0.1874	0.0112	0.1492	0.1297	0.0195	0.0507	0.0307	0.0200	0.0152	0.0138	0.0014	0.0355	0.0169	0.0186	0.9117	95.0057	0.1315	59.1544	62.2797	2.1386	0.2488	inf	0.1831	0.0075	0.0001	0.0189	0.0002	0.0002	0.0002	0.0107	0.0000	0.0203
41	93	0.6020	9	1	1	1	0	0	0	0	0	N	N	N	N	N	N	N	N	N	N	N	N	1.4228	2.1573	1.2446	5.0918	5.0303	1714.7979	1.2248	9290.5022	1.7077	1.3360	1.0861	3.5328	1.2850	1.3621	0.1952	1.3796	0.8320	4.9491	0.9390	0.5034	2.8386	0.2524	0.2708	0.0001	1.1264	0.0001	2.8981	0.3702	10.7343	-0.0780	0.0439	22.0894	35.0787	9.3639	12.2568	4.5906	3.3504	1.2402	2.0342	2.0138	0.0204	2.5564	1.3366	1.2198	0.1532	0.0131	0.1401	0.0131	0.0131	0.0000	0.1401	0.0000	0.1401	3.4360	3.0850	0.3510	1.5831	1.4785	0.1046	1.8530	1.6065	0.2465	0.6695	0.3879	0.2816	0.2234	0.2020	0.0214	0.4461	0.1859	0.2602	5.8400	32.2751	7.1004	21.9890	21.0833	1714.7979	4.3927	2973158.8320	9.1926	0.2288	0.0337	0.4975	0.0584	0.0646	0.0001	0.3141	0.0000	0.5384
41	94	0.5885	8	1	1	0	0	0	0	0	0	N	N	N	N	N	N	N	N	N	N	N	N	0.2323	2.6589	0.0041	4.1789	3.9417	900.0523	0.2241	270.3186	0.0039	0.9429	1.0348	0.0659	0.6065	0.6466	0.0595	1.3243	1.5038	0.0698	4.0592	0.3892	16.0058	0.1451	0.1640	0.0001	5.9104	0.0056	17.8959	0.0067	294.6865	-0.3275	0.2352	22.0894	8.4810	9.3639	2.3446	1.1676	1.1598	0.0077	0.3991	0.3964	0.0027	0.7685	0.7634	0.0051	0.6387	0.0022	0.6365	0.0021	0.0021	0.0000	0.6365	0.0000	0.6365	1.2383	1.1208	0.1175	0.6580	0.6131	0.0449	0.5803	0.5076	0.0727	0.1573	0.0931	0.0643	0.0496	0.0447	0.0050	0.1077	0.0484	0.0593	0.2323	44.5971	0.0066	14.0073	13.4317	900.0523	0.2241	6861.8630	0.0065	4.0592	0.0232	9.9058	0.0433	0.0481	0.0001	5.9104	0.0002	10.7408
41	95	0.5258	6	0	2	0	1	0	0	0	0	N	Y	N	N	N	N	N	N	N	N	N	N	7.0322	3.0384	1594.9106	7.9755	7.0203	0.1239	269.7642	220.0930	2180.8013	1.6799	1.3532	4.3954	2.1043	2.2438	0.0007	1.4521	0.8373	5.5099	0.2389	0.4454	0.0028	0.2638	0.3196	0.0053	0.0054	0.0038	0.0025	0.3907	0.0683	-0.0221	-0.0063	22.0894	24.0032	9.3639	22.6134	3.5547	2.5561	0.9986	1.5548	1.5547	0.0000	2.0000	1.0014	0.9986	0.0111	0.0104	0.0007	0.0105	0.0104	0.0001	0.0006	0.0000	0.0006	2.1161	1.8889	0.2272	0.7389	0.6929	0.0460	1.3772	1.1960	0.1812	0.6408	0.3824	0.2583	0.1730	0.1514	0.0216	0.4678	0.2311	0.2367	96.6924	49.6658	1594.9106	34.6524	32.6885	0.1239	1081.5527	6448.9219	2180.8013	0.0174	0.0272	0.0028	0.0607	0.0686	0.0053	0.0013	0.0001	0.0025
41	96	0.1316	4	0	2	0	0	0	0	0	0	N	Y	N	N	N	N	N	N	N	N	N	N	0.9507	0.4440	0.0533	0.9970	0.9474	0.0571	0.0672	0.3616	0.0013	0.0051	0.0059	0.0000	0.0212	0.0219	0.0001	0.0000	0.0000	0.0000	0.0053	0.0133	0.0001	0.0213	0.0231	0.0010	0.0000	0.0000	0.0000	0.0001	0.0129	-0.0031	-0.0008	22.0894	18.5150	9.3639	10.2301	0.0107	0.0107	0.0000	0.0107	0.0107	0.0000	0.0000	0.0000	0.0000	0.0013	0.0013	0.0000	0.0013	0.0013	0.0000	0.0000	0.0000	0.0000	2.1097	1.8054	0.3044	0.5047	0.4888	0.0159	1.6050	1.3165	0.2885	0.6277	0.3483	0.2794	0.1014	0.0969	0.0045	0.5263	0.2514	0.2749	2.5075	1.6468	0.0533	1.7081	1.6911	0.0571	0.1327	146.0615	0.0013	0.0020	0.0036	0.0001	0.0124	0.0129	0.0010	0.0000	0.0000	0.0000
41	97	0.5549	7	0	2	0	0	0	0	0	0	N	Y	N	N	N	N	N	N	N	N	N	N	249.7342	144.7240	16.6477	393.9287	347.6860	0.2649	261.2075	23.2506	29.0642	0.6554	0.7340	0.0058	1.2022	1.2850	0.0003	0.3391	0.3900	0.0073	0.0026	0.0051	0.0003	0.0031	0.0037	0.0011	0.0013	0.0168	0.0003	0.0010	0.1429	-0.7436	-0.0005	22.0894	46.1140	9.3639	26.4917	2.5984	2.5959	0.0025	1.7467	1.7467	0.0000	0.8517	0.8492	0.0024	0.0011	0.0009	0.0001	0.0008	0.0007	0.0000	0.0003	0.0002	0.0001	3.9648	3.5367	0.4281	1.4529	1.3592	0.0937	2.5119	2.1775	0.3344	0.9077	0.5251	0.3826	0.2578	0.2165	0.0413	0.6499	0.3086	0.3414	561.3942	415.6892	16.6477	393.9287	376.0565	0.2649	807.4755	642.7298	29.0642	0.0012	0.0018	0.0003	0.0031	0.0034	0.0011	0.0004	0.0006	0.0003
41	98	0.0653	2	0	2	0	0	0	0	0	0	N	Y	N	N	N	N	N	N	N	N	N	N	5.3584	1.1624	94330.8325	0.2802	0.3201	0.0285	130812.5037	9111.4324	192243.3733	0.7368	0.4912	2.0316	0.2092	0.2319	0.0009	0.8775	0.5670	2.3340	0.1375	0.4226	0.0000	0.7467	0.7243	0.0315	0.0000	0.0001	0.0000	0.7842	0.0008	0.2647	-0.0051	22.0894	20.7840	9.3639	8.9470	1.7368	0.9734	0.7633	0.1039	0.1038	0.0000	1.6329	0.8696	0.7633	0.0081	0.0081	0.0000	0.0081	0.0081	0.0000	0.0000	0.0000	0.0000	2.3573	1.9816	0.3757	0.4965	0.4478	0.0487	1.8608	1.5338	0.3270	0.6286	0.3172	0.3114	0.0586	0.0584	0.0001	0.5700	0.2587	0.3113	56.9328	19.1711	94330.8325	1.5068	1.6675	0.0325	130812.5037	3289040.6487	192243.3733	0.0129	0.0256	0.0000	0.1388	0.1390	0.0276	0.0000	0.0000	0.0000
41	102	0.6398	9	0	2	0	0	0	0	0	0	N	Y	N	N	N	N	N	N	N	N	N	N	4.1041	1.6530	224.8537	3.3998	3.1537	92.6668	242.9856	43.4122	263.9056	0.5091	0.5483	0.2026	0.3905	0.4090	0.1584	0.6054	0.6711	0.2208	0.1240	0.3317	0.0009	0.1149	0.1297	0.0017	0.0025	0.0155	0.0008	0.0474	0.0298	-0.4899	-0.0062	22.0894	34.1922	9.3639	22.4626	2.0252	1.9336	0.0916	0.6965	0.6756	0.0209	1.3287	1.2580	0.0707	0.0103	0.0100	0.0003	0.0099	0.0098	0.0000	0.0004	0.0002	0.0003	3.9783	3.5262	0.4520	1.7835	1.6518	0.1317	2.1948	1.8744	0.3204	0.8505	0.5197	0.3308	0.2543	0.2298	0.0244	0.5963	0.2899	0.3064	41.9887	28.4611	224.8537	10.0393	9.5450	92.6668	856.9354	1179.8445	263.9056	0.0121	0.0193	0.0009	0.0389	0.0429	0.0017	0.0007	0.0006	0.0008
41	103	0.5919	8	0	2	0	0	0	0	0	0	N	Y	N	N	N	N	N	N	N	N	N	N	1.5926	5.9452	8.4729	2.4645	1.6786	27.2319	1.8712	1.4399	10.6696	0.3617	0.3292	0.6393	0.0431	0.0305	0.2513	0.5702	0.5425	0.7450	0.2271	0.0554	0.0755	0.0175	0.0182	0.0092	0.3047	0.3768	0.0698	0.2279	2.6395	-0.0849	0.0008	22.0894	22.5884	9.3639	11.0115	0.8361	0.6809	0.1552	0.0394	0.0263	0.0131	0.7967	0.6546	0.1422	0.0081	0.0022	0.0059	0.0016	0.0014	0.0002	0.0065	0.0008	0.0057	2.3114	2.0686	0.2428	0.9141	0.8621	0.0520	1.3973	1.2065	0.1908	0.4843	0.2883	0.1960	0.1488	0.1309	0.0179	0.3355	0.1574	0.1781	21.5366	42.4541	21.2434	4.0365	2.8093	27.2319	29.2226	105.2061	23.1405	0.0168	0.0078	0.0301	0.0107	0.0109	0.0092	0.0195	0.0052	0.0322
41	104	0.5619	7	0	1	0	0	0	0	0	0	N	N	N	N	N	N	N	N	N	N	N	N	102.5827	405.5375	4.3999	37.5693	63.4333	2.2310	80.4947	133.7550	6.8414	0.8490	0.9476	0.0399	0.0972	0.1018	0.0204	1.2916	1.4926	0.0447	0.0083	0.0023	0.0091	0.0026	0.0016	0.0091	0.0160	0.0112	0.0065	0.0051	3.8516	-0.2839	0.0002	22.0894	11.8100	9.3639	8.7888	1.0067	1.0015	0.0051	0.0427	0.0422	0.0005	0.9640	0.9593	0.0046	0.0010	0.0002	0.0008	0.0003	0.0002	0.0001	0.0007	0.0000	0.0006	1.1857	1.0569	0.1288	0.4394	0.4142	0.0253	0.7463	0.6427	0.1036	0.3289	0.1981	0.1308	0.1093	0.0951	0.0142	0.2196	0.1030	0.1166	291.8965	952.0668	6.8780	37.5693	63.4333	2.2310	420.8671	3452.8962	8.2793	0.0029	0.0010	0.0058	0.0026	0.0016	0.0091	0.0031	0.0004	0.0054
41	105	0.5258	6	0	1	0	0	0	0	0	0	N	N	N	N	N	N	N	N	N	N	N	N	2.6440	1.4091	22.0035	5.5291	6.3596	12.7029	2.4138	0.0883	35.2999	1.3760	0.5760	7.9801	1.5914	1.5632	2.0144	1.2601	0.0021	9.4935	0.5204	0.4087	0.3627	0.2878	0.2458	0.1586	0.5220	0.0239	0.2689	1.6784	1.7606	0.6204	0.0001	22.0894	14.7392	9.3639	7.3617	1.8273	0.6822	1.1450	0.7391	0.6806	0.0585	1.0881	0.0016	1.0866	0.0144	0.0052	0.0092	0.0060	0.0051	0.0009	0.0083	0.0001	0.0082	1.3280	1.1845	0.1435	0.4644	0.4354	0.0290	0.8635	0.7491	0.1145	0.3388	0.2092	0.1297	0.0961	0.0854	0.0108	0.2427	0.1238	0.1189	32.4895	23.1740	113.0768	25.3401	26.1701	23.1067	36.7917	2.6723	137.4459	0.0424	0.0249	0.0706	0.0628	0.0597	0.0872	0.0342	0.0008	0.0691
41	106	0.5985	9	0	2	0	0	0	0	0	0	N	Y	N	N	N	N	N	N	N	N	N	N	37.7307	14.1169	7047.3297	40.5899	31.8022	6047.0868	364.0125	1560.0540	721.7831	0.3561	0.3444	0.4576	0.7168	0.6723	1.2928	0.0213	0.0189	0.0371	0.0094	0.0244	0.0001	0.0177	0.0211	0.0002	0.0001	0.0000	0.0001	0.1528	0.0086	-0.1189	-0.0007	22.0894	20.0414	9.3639	7.0324	0.7690	0.6671	0.1019	0.7451	0.6487	0.0964	0.0239	0.0184	0.0055	0.0011	0.0011	0.0000	0.0011	0.0011	0.0000	0.0000	0.0000	0.0000	2.1597	1.9370	0.2227	1.0395	0.9649	0.0746	1.1202	0.9720	0.1481	0.3374	0.1981	0.1393	0.0984	0.0868	0.0116	0.2389	0.1112	0.1277	113.2367	64.8521	7047.3297	66.9239	55.4841	6047.0868	777.0199	619862.2151	721.7831	0.0031	0.0053	0.0001	0.0107	0.0121	0.0002	0.0000	0.0000	0.0001
41	107	0.5885	8	0	1	0	0	0	0	0	0	N	N	N	N	N	N	N	N	N	N	N	N	1.1571	0.3863	234.9558	1.0792	0.3474	539866.1096	4.1814	4195.4058	4.6692	0.8581	0.3815	5.4857	1.3612	0.4663	13.5617	0.2514	0.2727	0.1004	0.7416	0.9875	0.0233	1.2613	1.3425	0.0000	0.0601	0.0001	0.0215	1.4810	0.0553	0.2964	-0.0067	22.0894	7.0315	9.3639	1.2144	0.9569	0.3857	0.5712	0.8298	0.2648	0.5649	0.1271	0.1208	0.0063	0.0116	0.0110	0.0006	0.0110	0.0110	0.0000	0.0006	0.0000	0.0006	1.1151	1.0110	0.1041	0.6096	0.5679	0.0417	0.5055	0.4431	0.0625	0.1250	0.0743	0.0508	0.0405	0.0366	0.0039	0.0846	0.0377	0.0469	9.2212	2.5699	456.9482	4.9962	1.5466	539866.1096	34.9016	1447593.9495	7.7206	0.0931	0.1484	0.0120	0.2725	0.3015	0.0000	0.0072	0.0000	0.0130
41	108	0.5549	7	0	1	0	0	0	0	0	0	N	N	N	N	N	N	N	N	N	N	N	N	2.6523	8376.7626	0.2523	7677.2411	6381.8823	23327.4450	1.0472	42485.2648	0.1894	1.2386	1.3832	0.1165	2.1159	2.2604	0.1743	0.6985	0.7976	0.0991	0.4670	0.0002	0.4616	0.0003	0.0004	0.0000	0.6671	0.0000	0.5233	0.0109	371.3102	-0.5459	0.0041	22.0894	16.2725	9.3639	4.4748	1.9750	1.9538	0.0212	1.2856	1.2783	0.0073	0.6894	0.6756	0.0139	0.0111	0.0000	0.0110	0.0000	0.0000	0.0000	0.0110	0.0000	0.0110	1.5946	1.4125	0.1821	0.6076	0.5655	0.0421	0.9870	0.8470	0.1400	0.3154	0.1814	0.1340	0.1083	0.0838	0.0246	0.2071	0.0976	0.1095	35.3509	8453.1723	1.4163	7677.2411	6381.8823	23327.4450	13.1236	15357484.0454	0.9842	0.0350	0.0002	0.0822	0.0003	0.0004	0.0000	0.0532	0.0000	0.1007
41	109	0.6077	8	0	2	0	0	0	0	0	0	N	Y	N	N	N	N	N	N	N	N	N	N	0.7768	65.2952	0.4817	83.5422	84.8098	0.0264	0.5816	842.8394	0.5788	1.0631	0.8812	2.6654	1.1246	1.1995	0.0002	1.0208	0.6456	3.5522	1.3686	0.0135	5.5334	0.0135	0.0141	0.0082	1.7551	0.0008	6.1370	0.3434	527.8755	-0.1233	0.2895	22.0894	40.5309	9.3639	14.7974	3.9090	2.9099	0.9991	1.6846	1.6846	0.0000	2.2245	1.2253	0.9991	0.7831	0.0015	0.7816	0.0017	0.0015	0.0002	0.7814	0.0000	0.7814	3.6771	3.3022	0.3749	1.4980	1.4044	0.0936	2.1792	1.8979	0.2813	0.7002	0.4083	0.2919	0.1920	0.1655	0.0265	0.5081	0.2428	0.2653	0.9505	242.9917	0.9953	127.3531	134.2174	0.0264	0.6638	114277.5592	1.2063	1.1184	0.0036	2.6780	0.0088	0.0089	0.0082	1.5378	0.0000	2.9448
41	110	0.5818	7	0	2	0	0	0	0	0	0	N	Y	N	N	N	N	N	N	N	N	N	N	0.0276	0.6232	0.0273	2.0908	1.6630	66.5451	0.0083	0.1252	0.0178	0.0146	0.0143	0.0182	0.0268	0.0261	0.0380	0.0058	0.0050	0.0115	0.5316	0.0229	0.6665	0.0128	0.0157	0.0006	0.6973	0.0395	0.6493	0.1414	13.3069	-0.0033	0.0035	22.0894	13.5236	9.3639	3.5331	0.0204	0.0179	0.0025	0.0157	0.0144	0.0013	0.0047	0.0035	0.0012	0.0115	0.0008	0.0107	0.0007	0.0007	0.0000	0.0108	0.0001	0.0107	1.3942	1.2550	0.1392	0.5882	0.5533	0.0348	0.8061	0.7016	0.1044	0.2647	0.1590	0.1056	0.0845	0.0730	0.0115	0.1802	0.0860	0.0942	0.3375	2.8238	0.1796	3.1517	2.6760	66.5451	0.0971	4.6375	0.1018	0.0434	0.0050	0.1011	0.0085	0.0097	0.0006	0.0598	0.0011	0.1134
41	111	0.5258	6	0	1	0	0	0	0	0	0	N	N	N	N	N	N	N	N	N	N	N	N	12.1173	6.3140	0.0001	15.8249	13.9078	0.0001	89.0568	17.2939	0.0002	1.8699	2.0960	0.0000	1.8979	2.0243	0.0000	1.8548	2.1376	0.0000	0.1543	0.3320	0.0075	0.1199	0.1456	0.0006	0.0208	0.1236	0.0067	0.0000	0.1702	-0.8152	-0.0031	22.0894	16.9399	9.3639	15.9768	2.8390	2.8390	0.0000	1.0074	1.0074	0.0000	1.8316	1.8316	0.0000	0.0065	0.0056	0.0009	0.0052	0.0052	0.0000	0.0013	0.0003	0.0009	1.5183	1.3545	0.1638	0.5308	0.4976	0.0331	0.9875	0.8569	0.1307	0.4758	0.2877	0.1881	0.1311	0.1154	0.0157	0.3448	0.1724	0.1724	136.6850	108.4155	0.0002	47.6185	44.8021	0.0001	497.2121	1054.4642	0.0002	0.0137	0.0193	0.0050	0.0399	0.0452	0.0006	0.0037	0.0020	0.0054
41	112	0.6302	10	1	2	0	1	0	0	0	0	N	Y	N	N	N	N	N	N	N	N	N	N	0.1422	0.0895	0.0964	0.0873	0.0000	0.0000	0.0000	0.0000	0.0000	0.0000	0.0000	0.0000	0.0000	0.0001	0.0002	0.0000	0.0004	0.0005	0.0000	0.0000	0.0000	0.0000	0.0000	0.0002	-0.0000	-0.0000	22.0894	0.0019	9.3639	1.9928	0.0000	0.0000	0.0000	0.0000	0.0000	0.0000	0.0000	0.0000	0.0000	0.0000	0.0000	0.0000	0.0000	0.0000	0.0000	0.0000	0.0000	0.0000	0.0004	0.0004	0.0000	0.0002	0.0002	0.0000	0.0002	0.0002	0.0000	0.0264	0.0162	0.0103	0.0081	0.0072	0.0009	0.0183	0.0089	0.0094	0.1422	0.0978	0.0000	0.0964	0.0873	0.0000	0.0000	0.0000	0.0000	0.0001	0.0002	0.0000	0.0004	0.0005	0.0000	0.0000	0.0000	0.0000					
41	113	0.6066	9	1	2	0	1	0	0	0	0	N	Y	N	N	N	N	N	N	N	N	N	N	0.0033	0.0015	262.6235	0.0031	0.0031	6.9197	54.0435	0.0001	409.0100	0.0019	0.0011	0.0082	0.0028	0.0029	0.0008	0.0013	0.0000	0.0098	0.5590	0.7562	0.0000	0.8860	0.9358	0.0001	0.0000	0.0003	0.0000	0.8370	0.0003	0.0002	-0.0062	22.0894	8.6942	9.3639	6.0502	0.0015	0.0008	0.0007	0.0008	0.0008	0.0000	0.0007	0.0000	0.0007	0.0099	0.0099	0.0000	0.0099	0.0099	0.0000	0.0000	0.0000	0.0000	0.7881	0.7068	0.0813	0.2920	0.2773	0.0148	0.4961	0.4296	0.0665	0.2055	0.1219	0.0837	0.0589	0.0527	0.0062	0.1466	0.0692	0.0775	0.0386	0.0139	262.6235	0.0165	0.0153	6.9197	100.5700	0.0203	409.0100	0.0480	0.0809	0.0000	0.1675	0.1873	0.0001	0.0000	0.0000	0.0000
41	114	0.6277	13	0	2	0	1	0	0	0	0	N	Y	N	N	N	N	N	N	N	N	N	N	0.0000	0.0000	0.0000	0.0000	0.0000	0.0000	0.0000	0.0000	0.0000	0.0000	0.0000	0.0000	0.0000	0.0000	0.0000	0.0000	0.0000	0.0000	0.0000	0.0000	22.0894	0.0001	9.3639	0.0001	0.0000	0.0000	0.0000	0.0000	0.0000	0.0000	0.0000	0.0000	0.0000	0.0000	0.0000	0.0000	0.0000	0.0000	0.0000	0.0000	0.0000	0.0000	0.0000	0.0000	0.0000	0.0000	0.0000	0.0000	0.0000	0.0000	0.0000	0.0000	0.0000	0.0000	0.0000	0.0000	0.0000	0.0000	0.0000	0.0000	0.0000	0.0000	0.0000	0.0000	0.0000	0.0000	0.0000	0.0000	0.0000	0.0000	0.0000	0.0000	0.0000	0.0000	0.0000	0.0000	0.0000	0.0000											
41	115	0.6210	12	0	2	0	1	0	0	0	0	N	Y	N	N	N	N	N	N	N	N	N	N	4.3101	inf	0.0000	3.7944	inf	0.0000	0.0000	0.0000	0.0000	0.0000	0.0000	0.0000	0.0001	0.0000	0.0000	0.0000	0.0000	0.0000	0.0000	0.0000	0.0000	0.0000	0.0001	0.0000	0.0000	0.0000	0.0000	inf	-0.0000	0.0000	22.0894	3.0007	9.3639	1.0012	0.0000	0.0000	0.0000	0.0000	0.0000	0.0000	0.0000	0.0000	0.0000	0.0000	0.0000	0.0000	0.0000	0.0000	0.0000	0.0000	0.0000	0.0000	0.2743	0.2463	0.0280	0.1056	0.1003	0.0053	0.1687	0.1460	0.0227	0.0533	0.0316	0.0217	0.0155	0.0137	0.0018	0.0378	0.0179	0.0200	4.3101	inf	0.0000	3.7944	inf	0.0000	0.0000	0.0000	0.0000	0.0000	0.0000	0.0000	0.0000	0.0000	0.0001	0.0000	0.0000	0.0000	
41	116	0.6191	11	0	1	0	1	0	0	0	0	N	N	N	N	N	N	N	N	N	N	N	N	3.3279	1.6135	58.0234	1.1694	0.9009	91.8035	132.1120	inf	0.0000	0.0001	0.0001	0.0000	0.0001	0.0001	0.0002	0.0000	0.0001	0.0000	0.0000	0.0000	0.0000	0.0001	0.0001	0.0000	0.0000	0.0000	0.0000	0.0958	0.0210	-0.0000	-0.0000	22.0894	1.1177	9.3639	0.0023	0.0000	0.0000	0.0000	0.0000	0.0000	0.0000	0.0000	0.0000	0.0000	0.0000	0.0000	0.0000	0.0000	0.0000	0.0000	0.0000	0.0000	0.0000	0.1079	0.0971	0.0107	0.0445	0.0423	0.0022	0.0633	0.0548	0.0085	0.0150	0.0089	0.0061	0.0043	0.0039	0.0005	0.0107	0.0050	0.0056	3.3279	2.0368	58.0234	1.1694	0.9009	91.8035	132.1120	inf	0.0000	0.0000	0.0000	0.0000	0.0001	0.0001	0.0000	0.0000	0.0000	0.0000
41	117	0.4354	5	0	2	0	0	0	0	0	0	N	Y	N	N	N	N	N	N	N	N	N	N	58.0910	9.6956	2689.0896	27.5278	24.3512	217.5726	233.0705	55.5933	3052.5047	0.9325	0.3783	5.3886	0.7460	0.7641	0.3857	1.0168	0.1856	6.1668	0.0161	0.0390	0.0020	0.0271	0.0314	0.0018	0.0044	0.0033	0.0020	1.7713	0.2125	0.9886	-0.0018	22.0894	31.2782	9.3639	23.9277	2.8083	1.0134	1.7950	0.6991	0.6818	0.0173	2.1092	0.3315	1.7777	0.0040	0.0033	0.0007	0.0033	0.0033	0.0000	0.0007	0.0000	0.0007	3.0115	2.6784	0.3331	0.9371	0.8923	0.0448	2.0744	1.7861	0.2883	0.8446	0.4965	0.3482	0.2247	0.2017	0.0230	0.6200	0.2948	0.3252	197.8743	57.2158	2689.0896	50.8872	47.3740	217.5726	918.0228	1842.1822	3052.5047	0.0047	0.0066	0.0020	0.0147	0.0161	0.0018	0.0011	0.0001	0.0020
41	118	0.6191	11	0	1	1	1	0	0	0	0	N	N	N	N	N	N	N	N	N	N	N	N	146584.2828	inf	0.0000	126055.7680	inf	0.0000	inf	inf	0.0023	0.0025	0.0000	0.0057	0.0060	0.0000	0.0000	0.0000	0.0000	0.0000	0.0000	0.0000	0.0000	0.0000	0.0000	0.0000	0.0000	0.0000	0.0000	inf	-0.0002	0.0000	22.0894	3.8827	9.3639	2.9998	0.0008	0.0008	0.0000	0.0008	0.0008	0.0000	0.0000	0.0000	0.0000	0.0000	0.0000	0.0000	0.0000	0.0000	0.0000	0.0000	0.0000	0.0000	0.3593	0.3230	0.0364	0.1412	0.1341	0.0071	0.2182	0.1889	0.0293	0.0911	0.0539	0.0372	0.0264	0.0233	0.0030	0.0647	0.0306	0.0342	146584.2828	inf	0.0000	126055.7680	inf	0.0000	inf	inf	0.0000	0.0000	0.0000	0.0000	0.0000	0.0000	0.0000	0.0000	0.0000	0.0000	
41	119	0.6162	10	0	1	0	1	0	0	0	0	N	N	N	N	N	N	N	N	N	N	N	N	60.2219	870.7751	0.4856	235.8479	230.1228	55.0465	27.7975	inf	0.1207	0.0011	0.0012	0.0000	0.0007	0.0007	0.0001	0.0014	0.0016	0.0000	0.0000	0.0000	0.0000	0.0000	0.0000	0.0000	0.0001	0.0000	0.0000	0.0018	21.2213	-0.0001	0.0000	22.0894	2.8083	9.3639	0.0030	0.0003	0.0003	0.0000	0.0001	0.0001	0.0000	0.0002	0.0002	0.0000	0.0000	0.0000	0.0000	0.0000	0.0000	0.0000	0.0000	0.0000	0.0000	0.3186	0.2887	0.0299	0.1399	0.1330	0.0069	0.1787	0.1557	0.0230	0.0379	0.0224	0.0155	0.0110	0.0097	0.0012	0.0269	0.0127	0.0143	60.2219	870.7751	0.4856	235.8479	230.1228	55.0465	57.5559	inf	0.1207	0.0000	0.0000	0.0000	0.0000	0.0000	0.0000	0.0000	0.0000	0.0000
41	120	0.6162	10	0	1	1	1	0	0	0	0	N	N	N	N	N	N	N	N	N	N	N	N	130335.0170	8859.0129	555689.0665	2402104.1022	9140.5691	92183602.8565	3970.6727	inf	18970.7588	0.7238	0.0030	7.2581	1.7647	0.0071	34.9909	0.0355	0.0000	0.2689	0.0000	0.0000	0.0000	0.0000	0.0000	0.0000	0.0000	0.0000	0.0000	267.3017	26.8346	0.4738	0.0000	22.0894	9.6158	9.3639	0.0030	0.6681	0.0025	0.6656	0.6484	0.0025	0.6459	0.0197	0.0000	0.0197	0.0000	0.0000	0.0000	0.0000	0.0000	0.0000	0.0000	0.0000	0.0000	0.9231	0.8313	0.0917	0.3674	0.3490	0.0185	0.5556	0.4824	0.0733	0.1273	0.0751	0.0522	0.0368	0.0325	0.0042	0.0906	0.0426	0.0480	130335.0170	8859.0129	555689.0665	2402104.1022	9140.5691	92183602.8565	4721.3140	inf	18970.7588	0.0000	0.0000	0.0000	0.0000	0.0000	0.0000	0.0000	0.0000	0.0000
41	121	0.6066	9	0	1	0	1	0	0	0	0	N	N	N	N	N	N	N	N	N	N	N	N	0.4189	0.3711	3.3249	1.0011	0.7201	15.4113	0.2520	0.0034	4.4976	0.0020	0.0003	0.0171	0.0010	0.0008	0.0053	0.0027	0.0000	0.0198	0.0049	0.0008	0.0052	0.0010	0.0011	0.0003	0.0106	0.0004	0.0044	6.5340	5.5040	0.0005	0.0000	22.0894	4.2457	9.3639	2.0144	0.0008	0.0001	0.0007	0.0001	0.0001	0.0000	0.0007	0.0000	0.0007	0.0002	0.0000	0.0002	0.0000	0.0000	0.0000	0.0002	0.0000	0.0002	0.3921	0.3517	0.0404	0.1466	0.1392	0.0074	0.2455	0.2125	0.0331	0.0954	0.0573	0.0382	0.0288	0.0261	0.0027	0.0666	0.0312	0.0354	1.0837	0.6257	4.3110	1.0011	0.7201	15.4113	1.1751	0.8012	4.6461	0.0019	0.0005	0.0040	0.0010	0.0011	0.0003	0.0023	0.0000	0.0043
41	122	0.5644	8	0	1	0	1	0	0	0	0	N	N	N	N	N	N	N	N	N	N	N	N	564.9755	3.2496	28664.0470	26.7149	9.4991	466.0292	2366.7640	0.0803	63863.2171	0.8602	0.0095	8.0121	0.0653	0.0240	0.8638	1.3094	0.0005	9.4448	0.0015	0.0029	0.0003	0.0024	0.0025	0.0019	0.0006	0.0067	0.0001	99.8147	0.1735	0.6729	-0.0001	22.0894	11.9190	9.3639	13.1740	0.9573	0.0095	0.9478	0.0262	0.0092	0.0171	0.9310	0.0003	0.9307	0.0003	0.0002	0.0000	0.0002	0.0002	0.0000	0.0000	0.0000	0.0000	1.1128	0.9945	0.1183	0.4018	0.3820	0.0198	0.7111	0.6125	0.0985	0.3346	0.1938	0.1408	0.0889	0.0780	0.0109	0.2457	0.1158	0.1300	1080.9844	8.1533	28664.0470	26.7149	9.4991	466.0292	6546.9963	2.0854	63863.2171	0.0008	0.0012	0.0003	0.0024	0.0025	0.0019	0.0002	0.0003	0.0001
41	123	0.1798	6	0	1	1	1	0	0	0	0	N	N	N	N	N	N	N	N	N	N	N	N	29.8980	6.7222	0.0920	0.0023	0.0022	0.0250	353095.6573	17725.6451	0.0850	0.4255	0.4780	0.0000	0.0003	0.0003	0.0000	0.5912	0.6760	0.0000	0.0142	0.0711	0.0000	0.1173	0.1326	0.0000	0.0000	0.0000	0.0000	0.0000	0.0004	-0.1823	-0.0008	22.0894	12.8936	9.3639	4.1514	0.6350	0.6350	0.0000	0.0001	0.0001	0.0000	0.6349	0.6349	0.0000	0.0013	0.0013	0.0000	0.0013	0.0013	0.0000	0.0000	0.0000	0.0000	1.4925	1.3284	0.1641	0.4186	0.3892	0.0294	1.0739	0.9392	0.1347	0.2958	0.1514	0.1444	0.0328	0.0296	0.0032	0.2630	0.1217	0.1412	97.7048	56.1970	0.0920	0.0069	0.0068	0.0250	353095.6573	6799761.1084	0.0850	0.0044	0.0085	0.0000	0.0392	0.0434	0.0000	0.0000	0.0000	0.0000
41	124	0.5797	9	0	2	0	0	0	0	0	0	N	Y	N	N	N	N	N	N	N	N	N	N	1.7607	0.8721	0.0089	0.0846	0.0736	0.0445	93.8925	68.5520	0.0027	0.0052	0.0058	0.0000	0.0005	0.0005	0.0000	0.0080	0.0093	0.0000	0.0030	0.0067	0.0001	0.0054	0.0065	0.0001	0.0001	0.0001	0.0001	0.0000	0.0209	-0.0018	-0.0002	22.0894	12.7386	9.3639	8.7370	0.0062	0.0062	0.0000	0.0002	0.0002	0.0000	0.0060	0.0060	0.0000	0.0004	0.0004	0.0000	0.0004	0.0004	0.0000	0.0000	0.0000	0.0000	1.1833	1.0649	0.1184	0.4362	0.4160	0.0202	0.7470	0.6488	0.0982	0.2963	0.1719	0.1244	0.0825	0.0734	0.0091	0.2138	0.0986	0.1152	4.0434	2.6617	0.0089	0.1006	0.0939	0.0445	232.6479	21406.2147	0.0027	0.0013	0.0022	0.0001	0.0046	0.0051	0.0001	0.0000	0.0000	0.0001
41	125	0.5644	8	0	2	0	0	0	0	0	0	N	Y	N	N	N	N	N	N	N	N	N	N	189.5649	778.0856	0.2366	24.2406	25.4211	0.0209	140.1122	194.8525	0.3465	1.2077	1.3522	0.0015	0.0324	0.0341	0.0000	1.8867	2.1953	0.0018	0.0064	0.0017	0.0062	0.0013	0.0013	0.0013	0.0135	0.0113	0.0051	0.0001	3.9610	-0.2880	0.0001	22.0894	8.6431	9.3639	1.4782	1.0035	1.0034	0.0001	0.0099	0.0099	0.0000	0.9937	0.9935	0.0001	0.0003	0.0001	0.0003	0.0001	0.0000	0.0000	0.0003	0.0000	0.0003	0.8310	0.7420	0.0889	0.3043	0.2894	0.0148	0.5267	0.4526	0.0741	0.1412	0.0818	0.0594	0.0385	0.0336	0.0050	0.1027	0.0482	0.0544	521.0199	1676.2096	0.3338	24.2406	25.4211	0.0209	702.3647	5041.2777	0.3753	0.0023	0.0008	0.0044	0.0013	0.0013	0.0013	0.0027	0.0004	0.0047
41	126	0.5549	7	0	1	0	0	0	0	0	0	N	N	N	N	N	N	N	N	N	N	N	N	5533.1485	6046.8505	31.5678	12079.2379	9399.9606	10.1836	311.8119	503.3814	29.2833	2.1566	2.4728	0.0099	4.7870	5.2072	0.0006	0.2129	0.2520	0.0132	0.0004	0.0004	0.0003	0.0004	0.0006	0.0001	0.0007	0.0005	0.0005	0.0006	0.7425	-0.3304	-0.0000	22.0894	4.1618	9.3639	2.0491	1.1529	1.1522	0.0007	1.0874	1.0874	0.0000	0.0654	0.0648	0.0007	0.0000	0.0000	0.0000	0.0000	0.0000	0.0000	0.0000	0.0000	0.0000	0.5346	0.4659	0.0686	0.2272	0.2088	0.0183	0.3074	0.2571	0.0503	0.1251	0.0713	0.0538	0.0600	0.0407	0.0193	0.0651	0.0306	0.0345	6843.5124	7795.3821	31.5678	12079.2379	9399.9606	10.1836	885.6134	97159.8892	29.2833	0.0003	0.0003	0.0003	0.0004	0.0006	0.0001	0.0002	0.0000	0.0005
41	127	0.5258	6	0	1	0	0	0	0	0	0	N	N	N	N	N	N	N	N	N	N	N	N	0.3696	0.2439	0.0001	0.2226	0.2165	0.0000	343.6242	inf	0.0003	0.1034	0.1159	0.0000	0.0687	0.0733	0.0000	0.1220	0.1408	0.0000	0.2796	0.4752	0.0009	0.3085	0.3384	0.0077	0.0004	0.0000	0.0003	0.0000	0.0173	-0.0257	-0.0032	22.0894	9.4810	9.3639	7.4917	0.0894	0.0894	0.0000	0.0208	0.0208	0.0000	0.0686	0.0686	0.0000	0.0052	0.0052	0.0001	0.0052	0.0052	0.0001	0.0000	0.0000	0.0000	0.8650	0.7712	0.0938	0.3029	0.2839	0.0190	0.5622	0.4874	0.0748	0.2717	0.1707	0.1010	0.0790	0.0707	0.0083	0.1927	0.1000	0.0927	5.3491	3.8341	0.0001	1.0385	1.0032	0.0000	927.5890	inf	0.0003	0.0193	0.0302	0.0009	0.0661	0.0730	0.0077	0.0001	0.0000	0.0003
41	128	0.1921	7	1	2	0	0	0	0	0	0	N	Y	N	N	N	N	N	N	N	N	N	N	0.0801	0.0327	0.0000	0.0507	0.0446	0.0000	0.0000	0.0002	0.0002	0.0000	0.0007	0.0008	0.0000	0.0000	0.0000	0.0000	0.0022	0.0061	0.0000	0.0148	0.0175	0.0000	0.0000	0.0000	0.0000	0.0000	0.0000	-0.0000	-0.0000	22.0894	2.0107	9.3639	1.9995	0.0000	0.0000	0.0000	0.0000	0.0000	0.0000	0.0000	0.0000	0.0000	0.0001	0.0001	0.0000	0.0001	0.0001	0.0000	0.0000	0.0000	0.0000	0.1989	0.1765	0.0224	0.0469	0.0450	0.0019	0.1520	0.1315	0.0206	0.0676	0.0343	0.0333	0.0073	0.0066	0.0008	0.0603	0.0278	0.0325	0.1703	0.0975	0.0000	0.0785	0.0731	0.0000	0.0000	0.0000	0.0000	0.0010	0.0020	0.0000	0.0095	0.0107	0.0000	0.0000	0.0000	0.0000		
41	129	0.1798	6	1	2	0	0	0	0	0	0	N	Y	N	N	N	N	N	N	N	N	N	N	92.1201	39.1692	1.0127	44.7070	42.0772	inf	16.7061	0.7467	1.0879	0.2962	0.3321	0.0000	0.8832	0.9685	0.0000	0.0001	0.0001	0.0000	0.0032	0.0085	0.0000	0.0198	0.0230	0.0000	0.0000	0.0001	0.0000	0.0000	0.0020	-0.0688	-0.0001	22.0894	5.6459	9.3639	1.1399	0.2396	0.2396	0.0000	0.2396	0.2396	0.0000	0.0000	0.0000	0.0000	0.0002	0.0002	0.0000	0.0002	0.0002	0.0000	0.0000	0.0000	0.0000	0.8089	0.7215	0.0874	0.2712	0.2473	0.0239	0.5376	0.4741	0.0635	0.1218	0.0625	0.0592	0.0140	0.0127	0.0013	0.1077	0.0498	0.0579	219.0930	126.3580	1.0127	75.3253	74.9392	inf	16.7061	246.1937	1.0879	0.0014	0.0026	0.0000	0.0117	0.0129	0.0000	0.0000	0.0000	0.0000
41	130	0.1495	5	0	1	0	0	0	0	0	0	N	N	N	N	N	N	N	N	N	N	N	N	2.4108	0.4470	2682.1730	0.1221	0.1225	10.0341	460.4325	1120.3760	2976.0034	0.5526	0.2138	2.6242	0.0711	0.0722	0.0327	0.7390	0.2792	2.7748	0.2292	0.4783	0.0010	0.5823	0.5894	0.0033	0.0016	0.0002	0.0009	2.0070	0.0277	0.3062	-0.0036	22.0894	11.6079	9.3639	5.3766	0.8051	0.2677	0.5374	0.0289	0.0285	0.0004	0.7762	0.2392	0.5370	0.0059	0.0057	0.0002	0.0058	0.0057	0.0000	0.0001	0.0000	0.0001	1.4568	1.2521	0.2048	0.4064	0.3952	0.0112	1.0504	0.8569	0.1935	0.3499	0.1873	0.1626	0.0531	0.0499	0.0032	0.2968	0.1374	0.1594	32.7499	6.9701	2682.1730	0.6559	0.6268	10.0341	1474.3557	323795.9072	2976.0034	0.0169	0.0307	0.0010	0.1084	0.1152	0.0033	0.0005	0.0000	0.0009
41	131	0.1316	4	0	1	0	0	0	0	0	0	N	N	N	N	N	N	N	N	N	N	N	N	0.8478	0.2986	31.7992	0.3695	0.3855	3.7675	3.0899	0.9305	38.8254	0.7168	0.3290	2.1798	0.7238	0.7402	0.0282	0.7130	0.0101	2.2665	0.8455	1.1018	0.0686	1.9590	1.9200	0.0075	0.2308	0.0109	0.0584	1.7568	0.0898	0.1764	-0.0274	22.0894	3.9355	9.3639	8.7078	0.5039	0.1828	0.3211	0.1798	0.1796	0.0002	0.3241	0.0032	0.3209	0.0502	0.0461	0.0041	0.0460	0.0460	0.0000	0.0042	0.0001	0.0041	0.7029	0.5556	0.1473	0.2484	0.2427	0.0057	0.4545	0.3129	0.1416	0.3528	0.2082	0.1446	0.0802	0.0777	0.0025	0.2726	0.1306	0.1421	5.0392	1.4874	76.2144	1.2613	1.2499	3.7675	46.6217	24.8182	78.2240	0.1423	0.2212	0.0286	0.5739	0.5922	0.0075	0.0153	0.0004	0.0290
41	132	0.1200	3	0	1	0	0	0	0	0	0	N	N	N	N	N	N	N	N	N	N	N	N	0.3716	0.2951	0.1731	0.3853	0.3914	7.4802	0.1276	0.5520	0.1868	0.3836	0.3828	0.3866	0.8893	0.9075	0.1011	0.1299	0.0075	0.3969	1.0322	1.2970	2.2339	2.3082	2.3183	0.0135	1.0181	0.0135	2.1247	0.2798	0.5840	-0.0287	-0.0303	22.0894	6.2657	9.3639	3.9760	0.4197	0.3279	0.0918	0.3250	0.3242	0.0008	0.0947	0.0037	0.0909	0.1167	0.0737	0.0430	0.0737	0.0736	0.0000	0.0431	0.0001	0.0430	1.0941	0.8567	0.2374	0.3655	0.3572	0.0083	0.7286	0.4995	0.2291	0.3204	0.1849	0.1355	0.0812	0.0788	0.0024	0.2392	0.1061	0.1331	1.0530	0.9606	1.2169	0.9804	0.9715	7.4802	0.7217	14.8925	1.2282	0.3643	0.3984	0.3177	0.9070	0.9342	0.0135	0.1800	0.0005	0.3231
42	43	0.5359	6	1	1	1	0	0	0	0	0	N	N	N	N	N	N	N	N	N	N	N	N	270.2053	133.9270	1.0304	0.0003	0.0003	0.0000	13884.0571	inf	1.1634	0.3219	0.3583	0.0000	0.0000	0.0000	0.0000	0.5142	0.5909	0.0000	0.0012	0.0027	0.0000	0.0022	0.0025	0.0000	0.0000	0.0000	0.0000	0.0000	0.0201	-0.2871	-0.0002	43.3975	18.2331	17.3745	4.4208	1.0000	1.0000	0.0000	0.0000	0.0000	0.0000	1.0000	1.0000	0.0000	0.0004	0.0004	0.0000	0.0004	0.0004	0.0000	0.0000	0.0000	0.0000	3.1063	2.7911	0.3152	1.1614	1.0987	0.0626	1.9449	1.6923	0.2526	0.5706	0.3307	0.2399	0.1713	0.1482	0.0230	0.3993	0.1824	0.2169	488.8554	321.6559	1.0304	0.0003	0.0003	0.0000	27817.8081	inf	1.1634	0.0007	0.0011	0.0000	0.0022	0.0025	0.0000	0.0000	0.0000	0.0000
42	44	0.5957	6	0	2	0	1	0	0	0	0	N	Y	N	N	N	N	N	N	N	N	N	N	0.8799	26.1134	0.6908	70.5793	60.5260	207.7903	0.5246	20890.8475	0.8133	0.9528	0.7617	2.6387	1.4213	1.4876	0.3999	0.6875	0.3208	3.2573	1.0828	0.0292	3.8199	0.0201	0.0246	0.0019	1.3105	0.0000	4.0052	0.3925	135.5312	-0.0503	0.3670	43.3975	62.5878	17.3745	29.9840	9.5522	6.8597	2.6925	5.1509	5.0625	0.0883	4.4013	1.7972	2.6041	1.0074	0.0074	1.0000	0.0076	0.0074	0.0002	0.9998	0.0000	0.9998	10.0258	9.0055	1.0204	3.6241	3.4032	0.2209	6.4017	5.6023	0.7995	2.1175	1.2667	0.8507	0.6348	0.5452	0.0896	1.4827	0.7215	0.7612	2.0026	130.7712	2.2448	119.4819	109.9190	207.7903	1.0195	7872862.3732	2.4798	0.4758	0.0058	1.1755	0.0119	0.0135	0.0019	0.6743	0.0000	1.3135
42	45	0.5359	6	1	1	1	0	0	0	0	0	N	N	N	N	N	N	N	N	N	N	N	N	0.6979	0.3433	1.0160	1.1249	0.9685	0.0000	0.1332	0.0000	1.1586	0.0020	0.0022	0.0000	0.0052	0.0055	0.0000	0.0000	0.0000	0.0001	0.0029	0.0065	0.0000	0.0046	0.0057	0.0000	0.0001	0.0000	0.0000	0.0021	0.0138	-0.0014	-0.0003	43.3975	13.5293	17.3745	3.1702	0.0048	0.0048	0.0000	0.0048	0.0048	0.0000	0.0000	0.0000	0.0000	0.0005	0.0005	0.0000	0.0005	0.0005	0.0000	0.0000	0.0000	0.0000	2.4001	2.1600	0.2400	0.9193	0.8711	0.0482	1.4807	1.2889	0.1918	0.4335	0.2524	0.1811	0.1320	0.1148	0.0172	0.3015	0.1376	0.1640	1.5917	1.0416	1.0160	1.2797	1.1750	0.0000	0.2759	0.0000	1.1586	0.0013	0.0021	0.0000	0.0041	0.0047	0.0000	0.0000	0.0000	0.0000
42	46	0.5314	5	1	1	1	0	0	0	0	0	N	N	N	N	N	N	N	N	N	N	N	N	0.0046	0.0013	0.2421	0.0047	0.0043	1.9673	0.0200	0.0018	0.3380	0.0005	0.0003	0.0024	0.0002	0.0002	0.0000	0.0006	0.0003	0.0030	0.0982	0.2120	0.0098	0.0485	0.0550	0.0000	0.0317	0.1712	0.0088	0.7981	0.2872	0.0001	-0.0008	43.3975	4.1147	17.3745	1.2946	0.0005	0.0003	0.0002	0.0001	0.0001	0.0000	0.0004	0.0002	0.0002	0.0020	0.0015	0.0004	0.0014	0.0014	0.0000	0.0006	0.0001	0.0004	1.0417	0.9529	0.0888	0.4598	0.4420	0.0178	0.5819	0.5109	0.0709	0.1824	0.1108	0.0716	0.0630	0.0572	0.0058	0.1194	0.0536	0.0658	0.0418	0.0199	0.3826	0.0101	0.0095	1.9673	0.1323	0.1285	0.4399	0.0109	0.0139	0.0062	0.0224	0.0247	0.0000	0.0048	0.0024	0.0067
42	47	0.4688	4	1	1	0	0	0	0	0	0	N	N	N	N	N	N	N	N	N	N	N	N	0.5383	0.2447	2.9514	0.0204	0.0208	0.8922	1.0284	31.3357	3.7819	0.5201	0.3111	2.3128	0.0415	0.0426	0.0210	0.7443	0.4482	2.7328	0.9662	1.2714	0.7836	2.0349	2.0429	0.0235	0.7237	0.0143	0.7226	0.8669	0.1946	0.3708	-0.1714	43.3975	22.0103	17.3745	13.6452	2.0925	1.1209	0.9716	0.0532	0.0519	0.0014	2.0393	1.0690	0.9703	0.3682	0.3083	0.0600	0.3090	0.3080	0.0010	0.0592	0.0002	0.0590	4.0233	3.6032	0.4201	1.2834	1.2184	0.0651	2.7399	2.3849	0.3550	1.3995	0.8710	0.5286	0.4914	0.4477	0.0437	0.9082	0.4233	0.4849	1.9766	0.8789	20.3774	0.0660	0.0619	0.9143	11.4150	853.3858	22.4618	0.2631	0.3539	0.1135	0.6289	0.6881	0.0229	0.0652	0.0005	0.1217
42	48	0.2660	5	0	2	0	0	0	0	0	0	N	Y	N	N	N	N	N	N	N	N	N	N	266.4455	119.7934	12519.0046	443.2746	420.5051	188.7678	1748.8768	17.8363	13165.0507	0.4723	0.4873	0.3590	2.3717	2.4737	0.0020	0.0522	0.0011	0.3833	0.0018	0.0041	0.0000	0.0054	0.0059	0.0000	0.0000	0.0001	0.0000	0.0976	0.0141	-0.2190	-0.0004	43.3975	12.3962	17.3745	3.7178	1.1048	1.0066	0.0982	1.0048	1.0048	0.0000	0.0999	0.0018	0.0982	0.0006	0.0006	0.0000	0.0006	0.0006	0.0000	0.0000	0.0000	0.0000	2.3390	2.0654	0.2736	0.4237	0.4062	0.0175	1.9154	1.6593	0.2561	0.6606	0.3773	0.2833	0.1278	0.1210	0.0068	0.5328	0.2563	0.2765	532.3839	318.1558	12519.0046	524.5456	518.1059	188.7678	3435.3872	6635.2104	13165.0507	0.0009	0.0015	0.0000	0.0045	0.0048	0.0000	0.0000	0.0000	0.0000
42	49	0.2371	4	0	1	0	0	0	0	0	0	N	N	N	N	N	N	N	N	N	N	N	N	163.2707	31.8619	5525.3017	82.8998	81.2324	2.5085	446.5871	17.9067	6667.9721	1.3173	0.5017	7.3203	1.4444	1.5641	0.0024	1.2678	0.0591	8.9224	0.0081	0.0157	0.0013	0.0174	0.0193	0.0009	0.0028	0.0033	0.0013	1.9825	0.2569	1.7039	-0.0011	43.3975	14.4870	17.3745	5.8627	4.5126	1.5130	2.9996	1.3874	1.3872	0.0002	3.1252	0.1258	2.9994	0.0025	0.0020	0.0005	0.0020	0.0020	0.0000	0.0005	0.0000	0.0005	3.4256	3.0159	0.4098	0.9605	0.8869	0.0736	2.4651	2.1289	0.3362	0.8793	0.4921	0.3872	0.1860	0.1729	0.0131	0.6933	0.3192	0.3741	461.5554	123.6523	5525.3017	135.8298	137.5959	2.5085	1652.2571	600.6167	6667.9721	0.0029	0.0041	0.0013	0.0106	0.0114	0.0009	0.0008	0.0001	0.0013
42	50	0.3056	7	1	2	1	0	0	0	0	0	N	Y	N	N	N	N	N	N	N	N	N	N	0.0000	0.0000	0.0000	0.0000	0.0000	0.0000	0.0000	0.0000	0.0000	0.0000	0.0000	0.0000	0.0000	0.0000	0.0000	0.0000	0.0000	0.0000	0.0000	0.0000	43.3975	0.9856	17.3745	2.8295	0.0000	0.0000	0.0000	0.0000	0.0000	0.0000	0.0000	0.0000	0.0000	0.0000	0.0000	0.0000	0.0000	0.0000	0.0000	0.0000	0.0000	0.0000	0.1700	0.1504	0.0196	0.0367	0.0349	0.0018	0.1333	0.1155	0.0178	0.1148	0.0607	0.0541	0.0125	0.0108	0.0017	0.1023	0.0499	0.0524	0.0000	0.0000	0.0000	0.0000	0.0000	0.0000	0.0000	0.0000	0.0000	0.0000	0.0000	0.0000	0.0000	0.0000	0.0000	0.0000	0.0000	0.0000											
42	51	0.5756	7	1	2	0	0	0	0	0	0	N	Y	N	N	N	N	N	N	N	N	N	N	129.5859	13435.7713	0.0000	4721.7789	17802.5596	0.0000	0.1127	3.0127	0.0000	0.7676	0.8557	0.0000	1.9677	2.0821	0.0000	0.0019	0.0021	0.0000	0.0059	0.0001	0.0082	0.0004	0.0001	0.0030	0.0164	0.0007	0.0071	0.0000	57.4331	-0.5770	0.0005	43.3975	13.3057	17.3745	8.6321	2.0095	2.0095	0.0000	2.0065	2.0065	0.0000	0.0030	0.0030	0.0000	0.0014	0.0000	0.0014	0.0001	0.0000	0.0001	0.0013	0.0000	0.0013	2.6180	2.3483	0.2697	1.0197	0.9637	0.0560	1.5983	1.3846	0.2137	0.6393	0.3874	0.2519	0.2193	0.1961	0.0232	0.4200	0.1913	0.2287	351.9820	13895.1290	0.0000	4721.7789	17802.5596	0.0000	0.5971	442.4597	0.0000	0.0022	0.0001	0.0054	0.0004	0.0001	0.0030	0.0031	0.0000	0.0057
42	52	0.3681	7	0	2	0	1	0	0	0	0	N	Y	N	N	N	N	N	N	N	N	N	N	0.0029	0.0018	597.8386	0.0352	0.0336	0.0000	0.0007	0.0000	706.5243	0.0014	0.0013	0.0025	0.0036	0.0039	0.0000	0.0004	0.0000	0.0031	0.4930	0.7033	0.0000	0.1034	0.1153	0.0000	0.5626	1.2774	0.0000	0.2351	0.0000	-0.0001	-0.0016	43.3975	2.1073	17.3745	0.0711	0.0006	0.0005	0.0001	0.0005	0.0005	0.0000	0.0001	0.0000	0.0001	0.0026	0.0026	0.0000	0.0005	0.0005	0.0000	0.0021	0.0021	0.0000	0.4078	0.3643	0.0435	0.1289	0.1212	0.0078	0.2789	0.2431	0.0357	0.0672	0.0386	0.0286	0.0139	0.0125	0.0014	0.0533	0.0261	0.0272	0.0374	0.0195	597.8386	0.1010	0.0969	0.0000	0.0103	0.0000	706.5243	0.0381	0.0662	0.0000	0.0361	0.0400	0.0000	0.0386	0.0787	0.0000
42	53	0.3057	6	0	1	0	1	0	0	0	0	N	N	N	N	N	N	N	N	N	N	N	N	0.2989	0.0572	5492.1555	0.0663	0.0614	0.0000	0.4474	0.0001	40180.5307	0.7974	0.2896	5.0266	0.8515	0.9107	0.0000	0.7738	0.0003	6.1610	2.6680	5.0606	0.0009	12.8348	14.8220	0.0285	1.7295	3.1929	0.0002	2.0841	0.0002	1.1500	-1.2441	43.3975	21.8329	17.3745	8.0592	2.9592	0.9595	1.9997	0.9588	0.9588	0.0000	2.0004	0.0007	1.9997	1.9805	1.9802	0.0003	0.9844	0.9841	0.0003	0.9961	0.9960	0.0001	3.7111	3.3133	0.3978	1.1260	1.0528	0.0732	2.5851	2.2606	0.3246	0.7423	0.3913	0.3510	0.0767	0.0664	0.0103	0.6656	0.3249	0.3407	0.2989	0.0572	5492.1555	0.0663	0.0614	0.0000	0.5171	0.0001	40180.5307	2.6680	5.0606	0.0009	12.8348	14.8220	0.0261	1.4965	3.0657	0.0002
42	54	0.6881	9	0	2	0	1	0	0	0	0	N	Y	N	N	N	N	N	N	N	N	N	N	0.0000	0.0000	0.0000	0.0000	0.0000	0.0000	0.0000	0.0000	0.0000	0.0000	0.0000	0.0000	0.0000	0.0000	0.0000	0.0000	0.0000	0.0000	0.0000	0.0000	43.3975	0.0000	17.3745	0.0000	0.0000	0.0000	0.0000	0.0000	0.0000	0.0000	0.0000	0.0000	0.0000	0.0000	0.0000	0.0000	0.0000	0.0000	0.0000	0.0000	0.0000	0.0000	0.0000	0.0000	0.0000	0.0000	0.0000	0.0000	0.0000	0.0000	0.0000	0.0000	0.0000	0.0000	0.0000	0.0000	0.0000	0.0000	0.0000	0.0000	0.0000	0.0000	0.0000	0.0000	0.0000	0.0000	0.0000	0.0000	0.0000	0.0000	0.0000	0.0000	0.0000	0.0000	0.0000	0.0000	0.0000	0.0000											
42	55	0.3057	6	0	1	0	1	0	0	0	0	N	N	N	N	N	N	N	N	N	N	N	N	0.3360	0.5681	0.0000	0.0136	0.0146	0.0000	0.4694	395.1197	0.0000	0.3448	0.3828	0.0000	0.0126	0.0135	0.0000	0.5621	0.6420	0.0000	1.0262	0.6740	3.3095	0.9291	0.9227	0.2501	1.1975	0.0016	3.3563	0.0000	8.7988	-0.0303	0.0048	43.3975	1.2825	17.3745	0.1503	0.1056	0.1056	0.0000	0.0015	0.0015	0.0000	0.1041	0.1041	0.0000	0.0177	0.0018	0.0159	0.0019	0.0018	0.0001	0.0158	0.0000	0.0158	0.3063	0.2758	0.0305	0.1211	0.1137	0.0074	0.1851	0.1621	0.0231	0.0500	0.0297	0.0202	0.0105	0.0099	0.0006	0.0395	0.0198	0.0197	0.9723	6.2935	0.0000	0.0704	0.0736	0.0000	1.4016	21106.6708	0.0000	0.3546	0.0608	0.7859	0.1794	0.1829	0.1201	0.4010	0.0000	0.8057
42	56	0.2647	5	0	1	0	1	0	0	0	0	N	N	N	N	N	N	N	N	N	N	N	N	1.0778	1.0745	0.0421	0.2245	0.2308	0.0070	1.9658	2.7040	0.0659	0.6881	0.7701	0.0086	0.2076	0.2228	0.0001	0.9520	1.0920	0.0111	0.6384	0.7167	0.2048	0.9250	0.9652	0.0214	0.4843	0.4039	0.1681	0.0014	0.5413	-0.6425	-0.0136	43.3975	14.8542	17.3745	6.8183	2.2481	2.2451	0.0030	0.2405	0.2405	0.0000	2.0076	2.0045	0.0030	0.0490	0.0318	0.0172	0.0304	0.0301	0.0004	0.0186	0.0018	0.0169	3.2673	2.9152	0.3521	1.1585	1.0796	0.0789	2.1089	1.8356	0.2732	0.7911	0.4639	0.3272	0.1707	0.1539	0.0167	0.6204	0.3099	0.3105	11.0982	11.2266	0.1640	1.1647	1.1407	0.0070	31.7218	193.1604	0.2040	0.0620	0.0686	0.0526	0.1783	0.1953	0.0214	0.0300	0.0057	0.0543
42	57	0.1898	4	0	1	0	1	0	0	0	0	N	N	N	N	N	N	N	N	N	N	N	N	0.6200	0.8064	0.3879	0.3497	0.3793	0.0801	0.5864	5.3147	0.4329	0.7498	0.6375	1.5954	0.6122	0.6485	0.0239	0.8020	0.6329	1.8438	1.2093	0.7905	4.1127	1.7507	1.7098	0.2982	1.3677	0.1191	4.2597	0.3322	15.7766	-0.1990	0.3295	43.3975	33.5853	17.3745	9.3450	5.2703	3.9560	1.3143	1.1841	1.1814	0.0027	4.0862	2.7746	1.3116	1.0560	0.0629	0.9931	0.0627	0.0618	0.0009	0.9934	0.0012	0.9922	7.0292	6.2054	0.8238	1.9342	1.8217	0.1124	5.0951	4.3837	0.7114	1.3657	0.7093	0.6563	0.1321	0.1255	0.0066	1.2335	0.5838	0.6497	0.9696	7.1838	1.0544	1.2909	1.3174	0.1790	0.9959	315.9552	1.2074	0.7733	0.0887	1.5131	0.4742	0.4923	0.1334	0.8053	0.0020	1.5271
42	58	0.1691	3	0	1	0	0	0	0	0	0	N	N	N	N	N	N	N	N	N	N	N	N	1.6483	1.2732	17.4664	1.1064	1.1752	0.6151	3.0814	1.9918	23.8713	0.7396	0.7051	0.9577	0.8282	0.8825	0.0435	0.7064	0.6308	1.0934	0.4487	0.5538	0.0548	0.7485	0.7509	0.0708	0.2292	0.3167	0.0458	0.2146	0.5381	-0.3185	-0.0067	43.3975	15.2419	17.3745	2.5705	2.8845	2.3747	0.5097	0.8801	0.8771	0.0030	2.0044	1.4977	0.5067	0.0240	0.0156	0.0084	0.0146	0.0144	0.0002	0.0094	0.0012	0.0082	3.9003	3.3680	0.5322	1.0627	0.9939	0.0688	2.8376	2.3742	0.4634	0.7200	0.3726	0.3474	0.1049	0.1010	0.0039	0.6151	0.2716	0.3435	22.1826	16.8328	39.6204	5.9356	6.1712	0.8724	46.3693	146.7412	45.7895	0.0333	0.0419	0.0242	0.1395	0.1430	0.0499	0.0152	0.0043	0.0239
42	59	0.6881	9	0	1	0	1	0	0	0	0	N	N	N	N	N	N	N	N	N	N	N	N	0.0000	0.0000	0.0000	0.0000	0.0000	0.0000	0.0000	0.0000	0.0000	0.0000	0.0000	0.0000	0.0000	0.0000	0.0000	0.0000	0.0000	0.0000	0.0000	0.0000	43.3975	0.0000	17.3745	0.0000	0.0000	0.0000	0.0000	0.0000	0.0000	0.0000	0.0000	0.0000	0.0000	0.0000	0.0000	0.0000	0.0000	0.0000	0.0000	0.0000	0.0000	0.0000	0.0000	0.0000	0.0000	0.0000	0.0000	0.0000	0.0000	0.0000	0.0000	0.0000	0.0000	0.0000	0.0000	0.0000	0.0000	0.0000	0.0000	0.0000	0.0000	0.0000	0.0000	0.0000	0.0000	0.0000	0.0000	0.0000	0.0000	0.0000	0.0000	0.0000	0.0000	0.0000	0.0000	0.0000	0.0000	0.0000											
42	60	0.6106	8	0	1	0	1	0	0	0	0	N	N	N	N	N	N	N	N	N	N	N	N	31.2806	144.9040	0.2710	65.9249	92.4386	0.0842	19.9621	325.5949	0.3984	0.3724	0.4146	0.0037	0.2251	0.2370	0.0006	0.4442	0.5089	0.0042	0.0119	0.0029	0.0135	0.0034	0.0026	0.0073	0.0223	0.0016	0.0107	0.0010	4.3065	-0.3151	0.0005	43.3975	19.3360	17.3745	7.9957	1.1014	1.1002	0.0011	0.2183	0.2182	0.0000	0.8831	0.8820	0.0011	0.0026	0.0005	0.0021	0.0007	0.0005	0.0003	0.0018	0.0000	0.0018	2.9576	2.6538	0.3039	0.9697	0.9207	0.0490	1.9880	1.7331	0.2549	0.6907	0.4203	0.2703	0.2223	0.1864	0.0360	0.4683	0.2340	0.2343	100.0944	359.9016	0.4746	67.6178	92.4386	0.0842	113.7242	18741.7799	0.5459	0.0037	0.0012	0.0077	0.0033	0.0026	0.0073	0.0039	0.0000	0.0078
42	61	0.3006	6	0	2	1	0	0	0	0	0	N	Y	N	N	N	N	N	N	N	N	N	N	6645.9133	3185.8636	0.9663	2066.6894	1951.0756	0.0000	22226.6895	10984.1620	1.0817	1.5067	1.6978	0.0000	3.2809	3.4701	0.0000	0.8920	1.0285	0.0000	0.0002	0.0005	0.0000	0.0016	0.0018	0.0000	0.0000	0.0001	0.0000	0.0000	0.0881	-1.0186	-0.0001	43.3975	14.2360	17.3745	11.9336	3.5474	3.5473	0.0000	1.9875	1.9875	0.0000	1.5598	1.5598	0.0000	0.0002	0.0002	0.0000	0.0002	0.0002	0.0000	0.0000	0.0000	0.0000	2.3544	2.0894	0.2650	0.6058	0.5728	0.0330	1.7486	1.5167	0.2320	0.7433	0.3931	0.3501	0.0962	0.0858	0.0104	0.6471	0.3074	0.3397	6743.8973	4373.5635	0.9663	2066.6894	1951.0756	0.0000	43061.6321	3410217.8208	1.0817	0.0002	0.0004	0.0000	0.0016	0.0018	0.0000	0.0000	0.0000	0.0000
42	62	0.2284	6	1	1	1	0	0	0	0	0	N	N	N	N	N	N	N	N	N	N	N	N	0.1851	425.4473	0.0003	402.7239	510.9047	2.1135	0.0330	338.6523	0.0000	0.2254	0.2550	0.0012	1.0042	1.0573	0.0139	0.0462	0.0532	0.0001	1.2174	0.0006	4.2821	0.0025	0.0021	0.0066	1.3999	0.0002	4.4816	0.0006	3634.3820	-0.2956	0.3711	43.3975	28.8660	17.3745	13.2209	1.0316	1.0310	0.0006	0.8596	0.8590	0.0006	0.1720	0.1720	0.0000	0.9993	0.0003	0.9990	0.0004	0.0003	0.0001	0.9989	0.0000	0.9989	4.5777	4.0436	0.5342	0.8560	0.8124	0.0436	3.7217	3.2311	0.4906	1.2570	0.6692	0.5878	0.1465	0.1327	0.0138	1.1105	0.5365	0.5740	0.2835	620.7327	0.0007	402.7239	510.9047	2.1135	0.0514	103611.6121	0.0000	0.7950	0.0004	1.6995	0.0025	0.0021	0.0066	0.8995	0.0000	1.7403
42	63	0.2257	5	1	2	0	0	0	0	0	0	N	Y	N	N	N	N	N	N	N	N	N	N	2.7642	1.4981	12.7004	4.8535	4.6324	1.4096	2.3532	1.7730	14.0241	0.0187	0.0191	0.0158	0.0919	0.0984	0.0033	0.0055	0.0038	0.0170	0.0068	0.0127	0.0012	0.0189	0.0212	0.0023	0.0024	0.0021	0.0012	0.1158	0.3074	-0.0030	-0.0005	43.3975	5.0237	17.3745	8.0282	0.0162	0.0145	0.0017	0.0121	0.0121	0.0000	0.0041	0.0024	0.0016	0.0012	0.0009	0.0003	0.0009	0.0009	0.0000	0.0003	0.0000	0.0003	0.8670	0.7608	0.1061	0.1320	0.1229	0.0091	0.7350	0.6379	0.0971	0.4806	0.2580	0.2226	0.0802	0.0735	0.0067	0.4004	0.1845	0.2159	7.6066	5.4518	12.7004	8.1034	8.0926	1.4096	8.1690	72.6947	14.0241	0.0025	0.0035	0.0012	0.0113	0.0122	0.0023	0.0007	0.0001	0.0012
42	64	0.1627	4	1	2	0	0	0	0	0	0	N	Y	N	N	N	N	N	N	N	N	N	N	1.6142	0.6369	6.1632	0.2668	0.2809	2.3210	2.2116	224.5295	7.4881	1.6249	0.8613	7.2925	0.9409	1.0152	0.0119	1.8031	0.8186	8.3705	1.0066	1.3523	1.1832	3.5271	3.6144	0.0051	0.8153	0.0036	1.1178	1.1408	0.3044	1.3860	-0.1644	43.3975	17.5893	17.3745	19.0270	5.6397	2.6344	3.0054	0.6750	0.6744	0.0006	4.9647	1.9600	3.0047	0.4162	0.3191	0.0971	0.3191	0.3190	0.0000	0.0971	0.0001	0.0971	3.4708	3.0587	0.4121	0.7174	0.6643	0.0532	2.7534	2.3944	0.3590	1.2608	0.6471	0.6137	0.1209	0.1128	0.0081	1.1399	0.5343	0.6056	4.9222	1.7467	46.0770	0.3566	0.3591	2.3210	21.1577	6951.2282	52.2152	0.3301	0.4931	0.1583	2.6387	2.8270	0.0051	0.0852	0.0001	0.1603
42	65	0.1564	3	0	2	0	0	0	0	0	0	N	Y	N	N	N	N	N	N	N	N	N	N	0.5290	2.1521	0.3719	14.9623	9.5983	399.4516	0.1349	39.9453	0.0579	1.5853	1.1793	4.6497	7.1004	4.3701	78.6624	0.5474	0.5129	0.7739	2.9965	0.5480	12.5028	0.4745	0.4553	0.1969	4.0586	0.0128	13.3651	0.5223	125.7229	0.0323	0.3316	43.3975	1.7566	17.3745	2.8742	0.5774	0.3793	0.1981	0.4096	0.2428	0.1668	0.1678	0.1364	0.0313	0.9115	0.0072	0.9043	0.0073	0.0071	0.0001	0.9042	0.0000	0.9042	0.3642	0.3216	0.0426	0.0577	0.0556	0.0021	0.3065	0.2660	0.0405	0.3042	0.1755	0.1287	0.0814	0.0802	0.0011	0.2228	0.0952	0.1276	0.5290	28.7697	0.6618	79.5385	49.0679	757.9871	0.1349	1062.8393	0.1092	2.9965	0.0410	7.0256	0.0893	0.0891	0.1038	4.0586	0.0005	7.0878
42	66	0.3006	6	0	2	0	0	0	0	0	0	N	Y	N	N	N	N	N	N	N	N	N	N	8.3948	3.5582	57.9917	4.5633	3.7723	4790.0791	0.3340	0.1058	0.8957	0.0017	0.0017	0.0019	0.0066	0.0062	0.0146	0.0000	0.0000	0.0000	0.0002	0.0005	0.0000	0.0015	0.0016	0.0000	0.0000	0.0001	0.0000	0.1417	0.0816	-0.0009	-0.0001	43.3975	21.1811	17.3745	10.1862	0.0057	0.0050	0.0007	0.0057	0.0050	0.0007	0.0000	0.0000	0.0000	0.0002	0.0002	0.0000	0.0002	0.0002	0.0000	0.0000	0.0000	0.0000	3.3935	3.0126	0.3808	0.8567	0.8089	0.0478	2.5368	2.2037	0.3330	0.8774	0.4639	0.4135	0.1119	0.0995	0.0123	0.7655	0.3643	0.4012	8.3948	4.7362	57.9917	4.5633	3.7723	4790.0791	0.6739	34.1185	0.8957	0.0002	0.0004	0.0000	0.0015	0.0016	0.0000	0.0000	0.0000	0.0000
42	67	0.2868	5	0	2	0	0	0	0	0	0	N	Y	N	N	N	N	N	N	N	N	N	N	3.1305	6.5708	0.0105	28.4049	26.3174	inf	0.3254	0.0866	0.0000	0.0039	0.0043	0.0000	0.0134	0.0141	0.0001	0.0008	0.0009	0.0000	0.0012	0.0007	0.0009	0.0005	0.0005	0.0000	0.0025	0.0106	0.0010	0.0003	2.0120	-0.0014	0.0000	43.3975	7.4253	17.3745	0.9851	0.0050	0.0050	0.0000	0.0042	0.0042	0.0000	0.0008	0.0008	0.0000	0.0002	0.0001	0.0001	0.0000	0.0000	0.0000	0.0002	0.0000	0.0001	1.2982	1.1553	0.1429	0.3163	0.3004	0.0158	0.9819	0.8549	0.1270	0.2467	0.1292	0.1175	0.0289	0.0254	0.0035	0.2178	0.1038	0.1141	5.7343	10.1597	0.0105	28.4049	26.3174	inf	1.1467	2.3020	0.0000	0.0007	0.0004	0.0009	0.0005	0.0005	0.0000	0.0007	0.0004	0.0010
42	68	0.2371	4	0	1	1	0	0	0	0	0	N	N	N	N	N	N	N	N	N	N	N	N	296.0764	87.8083	76512.3994	21.1382	0.9782	8090.8364	57247.2297	3173.9453	102655.4050	0.4579	0.3261	1.4285	0.0888	0.0046	1.1068	0.5992	0.4577	1.4977	0.0015	0.0037	0.0000	0.0042	0.0047	0.0001	0.0000	0.0001	0.0000	0.5946	0.0104	0.1379	-0.0004	43.3975	15.0354	17.3745	6.2061	1.6080	1.0084	0.5996	0.0863	0.0041	0.0822	1.5217	1.0043	0.5174	0.0007	0.0007	0.0000	0.0007	0.0007	0.0000	0.0000	0.0000	0.0000	3.5116	3.0919	0.4197	0.9719	0.8977	0.0742	2.5397	2.1942	0.3455	0.9051	0.5051	0.4000	0.1879	0.1746	0.0134	0.7172	0.3305	0.3867	571.4454	229.4925	76512.3994	23.1899	1.1190	8090.8364	74151.8745	983013.3219	102655.4050	0.0008	0.0014	0.0000	0.0038	0.0041	0.0001	0.0000	0.0000	0.0000
42	69	0.1691	3	0	1	0	0	0	0	0	0	N	N	N	N	N	N	N	N	N	N	N	N	5.5758	1.6935	415.8621	1.2019	1.3055	0.9008	107.7617	106.0657	544.2205	0.7157	0.6062	1.4489	0.7273	0.7749	0.0294	0.7126	0.5569	1.6123	0.1284	0.3580	0.0035	0.6051	0.5935	0.0326	0.0066	0.0053	0.0030	0.3571	0.1472	-0.0992	-0.0086	43.3975	27.6811	17.3745	13.1592	4.1292	3.0427	1.0865	0.8820	0.8797	0.0023	3.2472	2.1630	1.0842	0.0171	0.0149	0.0022	0.0150	0.0148	0.0002	0.0021	0.0001	0.0020	5.7694	5.0195	0.7498	1.2127	1.1353	0.0774	4.5567	3.8843	0.6725	1.3871	0.7048	0.6822	0.1348	0.1280	0.0068	1.2523	0.5769	0.6754	58.0442	28.6593	450.3562	6.5411	6.7027	1.0341	421.8127	2799.0854	544.2205	0.0123	0.0212	0.0032	0.1112	0.1156	0.0284	0.0017	0.0002	0.0030
42	70	0.1343	2	0	1	0	0	0	0	0	0	N	N	N	N	N	N	N	N	N	N	N	N	0.9521	0.5744	5.4589	0.5575	0.5122	48.0518	1.3255	38.9630	6.5111	0.9076	0.7525	1.7785	1.3803	1.2630	2.7547	0.7581	0.5724	1.6390	0.9533	1.3100	0.3258	2.4761	2.4659	0.0573	0.5719	0.0147	0.2517	0.4210	0.1484	0.0402	-0.1514	43.3975	19.6565	17.3745	4.0504	4.4014	3.0975	1.3040	1.6081	1.3556	0.2525	2.7933	1.7418	1.0515	0.3034	0.2642	0.0392	0.2641	0.2640	0.0001	0.0393	0.0002	0.0391	4.8495	4.1164	0.7332	1.1650	1.0734	0.0917	3.6845	3.0430	0.6415	1.2360	0.6510	0.5850	0.2467	0.2438	0.0029	0.9894	0.4073	0.5821	3.6975	1.8542	26.5412	1.2893	1.1662	62.7584	19.0893	1066.4714	24.4173	0.2455	0.4058	0.0670	1.0706	1.0830	0.0439	0.0397	0.0005	0.0671
42	71	0.2900	6	1	2	0	0	0	0	0	0	N	Y	N	N	N	N	N	N	N	N	N	N	6340.7268	70.6078	53539831.5589	23.9415	22.3779	0.0000	53745501.6620	inf	214046043.7997	0.3492	0.0074	3.0809	0.0113	0.0120	0.0000	0.4654	0.0057	3.5569	0.0001	0.0001	0.0000	0.0005	0.0005	0.0000	0.0000	0.0000	0.0000	52.1613	0.0005	0.7073	-0.0000	43.3975	17.5448	17.3745	6.0013	1.0191	0.0192	0.9999	0.0084	0.0084	0.0000	1.0107	0.0108	0.9999	0.0000	0.0000	0.0000	0.0000	0.0000	0.0000	0.0000	0.0000	0.0000	2.9185	2.5939	0.3246	0.7467	0.7033	0.0434	2.1718	1.8907	0.2811	0.6671	0.3508	0.3163	0.0781	0.0687	0.0094	0.5890	0.2821	0.3069	6340.7268	70.6078	53539831.5589	23.9415	22.3779	0.0000	53745501.6620	inf	214046043.7997	0.0001	0.0001	0.0000	0.0005	0.0005	0.0000	0.0000	0.0000	0.0000
42	72	0.3584	9	1	2	1	0	0	0	0	0	N	Y	N	N	N	N	N	N	N	N	N	N	1737788.2598	inf	0.0000	inf	inf	1962379.4373	inf	0.0000	0.0139	0.0156	0.0000	0.0003	0.0003	0.0000	0.0206	0.0240	0.0000	0.0000	0.0000	0.0000	0.0000	0.0000	0.0000	0.0000	0.0000	0.0000	0.0000	inf	-0.0013	0.0000	43.3975	1.8980	17.3745	2.9698	0.0047	0.0047	0.0000	0.0000	0.0000	0.0000	0.0047	0.0047	0.0000	0.0000	0.0000	0.0000	0.0000	0.0000	0.0000	0.0000	0.0000	0.0000	0.3370	0.2997	0.0373	0.1110	0.1055	0.0055	0.2260	0.1942	0.0318	0.2123	0.1396	0.0727	0.0695	0.0673	0.0023	0.1428	0.0723	0.0704	1737788.2598	inf	0.0000	inf	inf	0.0000	1962379.4373	inf	0.0000	0.0000	0.0000	0.0000	0.0000	0.0000	0.0000	0.0000	0.0000	0.0000	
42	73	0.3388	8	1	1	1	0	0	0	0	0	N	N	N	N	N	N	N	N	N	N	N	N	0.0971	0.2061	0.0027	0.5997	0.5827	146.8077	0.0578	1.4519	0.0032	0.0338	0.0372	0.0003	0.0517	0.0552	0.0003	0.0190	0.0214	0.0004	0.3483	0.1804	0.1236	0.0862	0.0947	0.0000	0.3291	0.0148	0.1126	0.0009	2.0086	-0.0123	0.0003	43.3975	3.5853	17.3745	4.3819	0.0429	0.0429	0.0000	0.0297	0.0297	0.0000	0.0132	0.0132	0.0000	0.0065	0.0021	0.0043	0.0021	0.0021	0.0000	0.0044	0.0001	0.0043	1.2698	1.1537	0.1161	0.5749	0.5383	0.0366	0.6949	0.6154	0.0794	0.2780	0.1712	0.1068	0.0636	0.0598	0.0038	0.2144	0.1114	0.1030	1.4559	2.9666	0.0083	1.5770	1.5830	146.8077	0.9325	39.8155	0.0086	0.0232	0.0125	0.0404	0.0328	0.0349	0.0000	0.0204	0.0005	0.0419
42	74	0.3073	7	1	1	1	0	0	0	0	0	N	N	N	N	N	N	N	N	N	N	N	N	0.0421	8.4300	0.0003	11.3810	11.0261	42.7022	0.0417	0.4661	0.0003	0.0636	0.0710	0.0018	0.0275	0.0289	0.0021	0.0778	0.0890	0.0017	1.5116	0.0084	6.4148	0.0024	0.0026	0.0000	1.8651	0.1909	6.7934	0.0030	945.0426	-0.0392	0.3243	43.3975	12.3589	17.3745	7.3592	0.1379	0.1375	0.0004	0.0168	0.0168	0.0001	0.1211	0.1208	0.0003	0.8752	0.0009	0.8743	0.0002	0.0002	0.0000	0.8749	0.0007	0.8743	2.1683	1.9369	0.2315	0.6121	0.5797	0.0324	1.5562	1.3572	0.1991	0.6236	0.3546	0.2690	0.1031	0.0949	0.0083	0.5205	0.2597	0.2608	0.0453	27.2189	0.0005	11.3810	11.0261	42.7022	0.0463	34.1742	0.0005	1.4034	0.0026	3.2495	0.0024	0.0026	0.0000	1.6810	0.0026	3.3527
42	75	0.2900	6	1	1	1	0	0	0	0	0	N	N	N	N	N	N	N	N	N	N	N	N	7.3029	2673.4319	0.0012	1286.3819	1204.8057	30.3039	6.0090	469.0878	0.0014	2.2239	2.4994	0.0002	2.0110	2.1373	0.0001	2.3049	2.6484	0.0002	0.3045	0.0009	0.1366	0.0016	0.0018	0.0000	0.3836	0.0056	0.1265	0.0000	72.2636	-1.1495	0.0024	43.3975	10.2127	17.3745	1.0234	4.0035	4.0034	0.0000	0.9983	0.9983	0.0000	3.0051	3.0051	0.0000	0.0067	0.0001	0.0066	0.0001	0.0001	0.0000	0.0066	0.0000	0.0066	1.8002	1.6018	0.1985	0.4964	0.4671	0.0293	1.3038	1.1347	0.1691	0.3271	0.1719	0.1552	0.0386	0.0340	0.0046	0.2885	0.1379	0.1506	108.7227	4705.1737	0.0038	1286.3819	1204.8057	30.3039	100.2807	11803.6390	0.0040	0.0205	0.0005	0.0425	0.0016	0.0018	0.0000	0.0230	0.0002	0.0438
42	76	0.2868	5	1	1	0	0	0	0	0	0	N	N	N	N	N	N	N	N	N	N	N	N	1675.6097	3452.4712	1.7422	1698.2659	1560.9254	inf	985.2437	196.0507	1.8770	1.4159	1.5839	0.0012	0.0024	0.0025	0.0001	1.9163	2.1980	0.0014	0.0008	0.0005	0.0007	0.0000	0.0000	0.0000	0.0019	0.0112	0.0007	0.0001	1.8359	-0.2849	0.0000	43.3975	3.7027	17.3745	0.0091	0.9926	0.9925	0.0001	0.0004	0.0004	0.0000	0.9921	0.9920	0.0001	0.0001	0.0000	0.0000	0.0000	0.0000	0.0000	0.0001	0.0000	0.0000	0.7010	0.6266	0.0744	0.1833	0.1753	0.0080	0.5177	0.4513	0.0664	0.1100	0.0576	0.0524	0.0129	0.0114	0.0015	0.0971	0.0462	0.0509	2744.0993	4556.2684	1.7422	1698.2659	1560.9254	inf	3279.0853	5079.1836	1.8770	0.0005	0.0003	0.0007	0.0000	0.0000	0.0000	0.0006	0.0004	0.0007
42	77	0.2698	4	0	1	0	0	0	0	0	0	N	N	N	N	N	N	N	N	N	N	N	N	1.8073	23.2945	0.0069	2.8893	36.8116	0.0000	7.5947	1142.5353	0.0743	0.4502	0.5023	0.0007	0.8948	0.9557	0.0000	0.1946	0.2228	0.0009	0.2491	0.0216	0.0962	0.3097	0.0260	3.6935	0.0256	0.0002	0.0116	0.0002	5.3339	-0.1102	0.0016	43.3975	3.8334	17.3745	6.1787	0.3839	0.3838	0.0001	0.2785	0.2785	0.0000	0.1054	0.1053	0.0001	0.0074	0.0012	0.0062	0.0060	0.0012	0.0048	0.0014	0.0000	0.0014	0.8526	0.7642	0.0884	0.3112	0.2914	0.0198	0.5414	0.4728	0.0686	0.4108	0.2362	0.1746	0.0905	0.0834	0.0070	0.3204	0.1528	0.1676	25.0673	101.8501	0.0187	13.4915	68.4571	0.0000	45.2526	341411.5037	0.1046	0.0180	0.0049	0.0356	0.0663	0.0140	0.6867	0.0043	0.0000	0.0082
42	78	0.2307	3	0	1	0	0	0	0	0	0	N	N	N	N	N	N	N	N	N	N	N	N	0.6425	1.0666	0.0084	0.3522	0.3978	0.0401	0.6569	14.2787	0.0088	0.5403	0.6031	0.0165	0.2353	0.2453	0.0183	0.6273	0.7147	0.0163	0.8410	0.5655	1.9737	0.6683	0.6165	0.4548	0.9548	0.0501	1.8443	0.0033	4.5433	-0.4865	0.0256	43.3975	16.9094	17.3745	5.8161	1.7139	1.7083	0.0056	0.1657	0.1651	0.0006	1.5482	1.5432	0.0050	0.1337	0.0241	0.1096	0.0266	0.0237	0.0029	0.1071	0.0005	0.1067	3.1723	2.8325	0.3398	0.7041	0.6733	0.0308	2.4682	2.1592	0.3090	0.9627	0.5574	0.4053	0.2151	0.1984	0.0167	0.7476	0.3590	0.3886	3.8906	13.9401	0.0610	1.9061	2.0569	0.1051	4.3774	563.0187	0.0594	0.1389	0.0433	0.2704	0.1235	0.1192	0.1737	0.1433	0.0013	0.2745
42	79	0.1564	3	0	2	0	0	0	0	0	0	N	Y	N	N	N	N	N	N	N	N	N	N	1.5031	0.8989	1643.3103	0.2180	0.2292	0.0000	514.5986	68186.0899	1814.2233	0.9952	0.8486	2.0338	0.4668	0.4929	0.0000	1.0467	0.8863	2.1141	0.6621	0.9441	0.0012	2.1418	2.1502	0.0070	0.0020	0.0000	0.0012	0.3384	0.0090	-0.1358	-0.0599	43.3975	23.9173	17.3745	17.8091	3.9552	2.9553	0.9999	0.1645	0.1645	0.0000	3.7907	2.7908	0.9999	0.0967	0.0959	0.0009	0.0959	0.0959	0.0001	0.0008	0.0000	0.0008	3.9741	3.4825	0.4917	0.3525	0.3338	0.0187	3.6216	3.1486	0.4730	1.4342	0.7384	0.6958	0.1294	0.1209	0.0086	1.3047	0.6175	0.6872	14.7535	6.5349	1643.3103	0.6298	0.6215	0.0000	1705.2060	25816541.8754	1814.2233	0.0675	0.1299	0.0012	0.7412	0.7932	0.0070	0.0006	0.0000	0.0012
42	80	0.1403	2	0	2	0	0	0	0	0	0	N	Y	N	N	N	N	N	N	N	N	N	N	0.0104	0.0117	0.0076	0.0656	0.0565	25.2355	0.0041	0.8778	0.0031	0.0085	0.0080	0.0122	0.0763	0.0645	0.3103	0.0036	0.0035	0.0044	0.8209	0.6837	1.5937	1.1630	1.1418	0.0123	0.8826	0.0040	1.4539	0.2221	2.8099	-0.0009	0.0062	43.3975	6.1279	17.3745	3.6878	0.0089	0.0073	0.0016	0.0054	0.0043	0.0010	0.0035	0.0030	0.0006	0.0564	0.0148	0.0416	0.0148	0.0148	0.0000	0.0416	0.0000	0.0416	1.0495	0.9160	0.1335	0.0707	0.0674	0.0034	0.9788	0.8486	0.1302	0.4381	0.2363	0.2018	0.0614	0.0604	0.0010	0.3767	0.1760	0.2008	0.0662	0.1275	0.0590	0.3166	0.2638	25.2355	0.0328	25.4733	0.0214	0.1286	0.0626	0.2060	0.2408	0.2447	0.0123	0.1104	0.0001	0.2070
42	81	0.2284	6	1	1	1	0	0	0	0	0	N	N	N	N	N	N	N	N	N	N	N	N	0.7118	0.5763	0.0003	0.3818	0.3865	0.0000	14982.4215	3763.6966	0.0003	0.6897	0.7809	0.0000	1.2013	1.2655	0.0000	0.5713	0.6582	0.0000	0.9690	1.3551	0.0000	3.1466	3.2743	0.0001	0.0000	0.0002	0.0000	0.0000	0.0001	-0.8693	-0.2003	43.3975	27.2690	17.3745	12.3406	3.0275	3.0275	0.0000	0.9912	0.9912	0.0000	2.0363	2.0363	0.0000	0.3188	0.3187	0.0000	0.3187	0.3187	0.0000	0.0000	0.0000	0.0000	4.3895	3.8769	0.5125	0.8251	0.7832	0.0419	3.5644	3.0937	0.4707	1.2034	0.6413	0.5621	0.1420	0.1288	0.0132	1.0614	0.5126	0.5489	2.6039	1.5713	0.0003	0.5351	0.5113	0.0000	29737.6071	1171444.7309	0.0003	0.2649	0.4970	0.0000	2.2451	2.4752	0.0001	0.0000	0.0000	0.0000
42	82	0.2131	5	0	1	0	0	0	0	0	0	N	N	N	N	N	N	N	N	N	N	N	N	11.2188	16.2413	0.2321	0.4196	0.3497	618.7020	10.5875	2.8826	0.2836	0.5419	0.6064	0.0049	0.0151	0.0156	0.0035	0.7117	0.8157	0.0050	0.0483	0.0373	0.0210	0.0360	0.0446	0.0000	0.0672	0.2830	0.0177	0.0010	1.5443	-0.2756	-0.0001	43.3975	9.0798	17.3745	0.9519	0.9632	0.9622	0.0009	0.0065	0.0065	0.0001	0.9566	0.9558	0.0009	0.0027	0.0011	0.0016	0.0006	0.0006	0.0000	0.0022	0.0005	0.0016	1.7775	1.5869	0.1907	0.4334	0.4152	0.0182	1.3441	1.1717	0.1724	0.3162	0.1650	0.1512	0.0309	0.0273	0.0036	0.2853	0.1377	0.1476	63.2278	93.9487	0.4474	0.8466	0.7742	618.7020	94.0345	218.1846	0.4499	0.0086	0.0065	0.0109	0.0178	0.0202	0.0000	0.0076	0.0037	0.0111
42	83	0.1403	2	0	2	0	0	0	0	0	0	N	Y	N	N	N	N	N	N	N	N	N	N	4.9463	2043.3522	37.9530	0.0000	0.0000	0.0000	4.4909	inf	45.0912	1.4446	0.9912	4.6084	0.0000	0.0000	0.0000	1.5489	1.0697	4.7292	0.2921	0.0005	0.1214	0.0029	0.0028	0.0061	0.3449	0.0000	0.1049	0.6662	106.5269	0.5634	0.0089	43.3975	21.0000	17.3745	14.4214	4.9986	3.0000	1.9987	0.0000	0.0000	0.0000	4.9986	3.0000	1.9987	0.0246	0.0002	0.0244	0.0002	0.0002	0.0000	0.0243	0.0000	0.0243	3.4602	3.0265	0.4337	0.2330	0.2219	0.0111	3.2272	2.8046	0.4226	1.2446	0.6348	0.6097	0.0854	0.0819	0.0035	1.1592	0.5529	0.6063	73.1111	2751.5319	115.3338	0.0000	0.0000	0.0000	73.7625	inf	117.7894	0.0198	0.0004	0.0400	0.0029	0.0028	0.0061	0.0210	0.0000	0.0401
42	84	0.1980	6	0	1	1	0	0	0	0	0	N	N	N	N	N	N	N	N	N	N	N	N	0.1958	0.2070	0.0000	0.1293	0.2127	0.0000	40.2839	inf	0.0000	0.0000	0.0000	0.0000	0.0001	0.0001	0.0000	0.0000	0.0000	0.0000	0.0001	0.0001	0.0001	0.0010	0.0006	0.0027	0.0000	0.0000	0.0000	0.0000	0.8573	-0.0000	-0.0000	43.3975	20.4085	17.3745	11.0867	0.0001	0.0001	0.0000	0.0001	0.0001	0.0000	0.0000	0.0000	0.0000	0.0001	0.0001	0.0001	0.0001	0.0001	0.0001	0.0000	0.0000	0.0000	3.5275	3.1036	0.4239	0.5632	0.5277	0.0355	2.9643	2.5759	0.3884	1.0066	0.5167	0.4899	0.1309	0.1088	0.0222	0.8757	0.4079	0.4678	0.1958	0.2122	0.0000	0.1293	0.2127	0.0000	40.2839	inf	0.0000	0.0001	0.0001	0.0001	0.0010	0.0006	0.0027	0.0000	0.0000	0.0000
42	85	0.1942	5	0	1	1	0	0	0	0	0	N	N	N	N	N	N	N	N	N	N	N	N	52.1268	942.0096	0.0000	416.9824	630.5138	0.0000	3.6866	inf	0.0000	0.0034	0.0038	0.0000	0.0089	0.0096	0.0000	0.0007	0.0008	0.0000	0.0001	0.0000	0.0001	0.0000	0.0000	0.0001	0.0002	0.0000	0.0001	0.0000	28.4425	-0.0008	0.0000	43.3975	3.1287	17.3745	1.1816	0.0027	0.0027	0.0000	0.0023	0.0023	0.0000	0.0004	0.0004	0.0000	0.0000	0.0000	0.0000	0.0000	0.0000	0.0000	0.0000	0.0000	0.0000	0.7918	0.7025	0.0893	0.2574	0.2390	0.0184	0.5344	0.4635	0.0709	0.1635	0.0890	0.0745	0.0269	0.0238	0.0031	0.1366	0.0653	0.0714	52.1268	942.0096	0.0000	416.9824	630.5138	0.0000	10.0077	inf	0.0000	0.0001	0.0000	0.0001	0.0000	0.0000	0.0001	0.0001	0.0000	0.0001
42	86	0.1873	4	0	1	0	0	0	0	0	0	N	N	N	N	N	N	N	N	N	N	N	N	1401.1368	717.8923	1.1045	1464.7647	1419.7271	10.6595	852.1800	73.5709	0.2167	1.1358	1.2851	0.0001	3.7145	4.0410	0.0005	0.2167	0.2487	0.0000	0.0008	0.0018	0.0001	0.0025	0.0028	0.0000	0.0003	0.0034	0.0001	0.0000	0.0927	-0.2819	-0.0001	43.3975	4.0532	17.3745	2.2470	0.9818	0.9818	0.0000	0.8437	0.8437	0.0000	0.1381	0.1381	0.0000	0.0001	0.0001	0.0000	0.0001	0.0001	0.0000	0.0000	0.0000	0.0000	0.8644	0.7640	0.1004	0.2271	0.2088	0.0184	0.6373	0.5552	0.0820	0.2442	0.1324	0.1118	0.0398	0.0354	0.0044	0.2044	0.0970	0.1074	2292.9471	1536.9444	1.1045	1464.7647	1419.7271	10.6595	2206.3574	2410.9156	0.2167	0.0005	0.0008	0.0001	0.0025	0.0028	0.0000	0.0001	0.0001	0.0001
42	87	0.1642	3	0	1	0	0	0	0	0	0	N	N	N	N	N	N	N	N	N	N	N	N	0.0690	0.0577	1.6759	0.0167	0.0182	4.4334	0.4089	0.0763	2.0149	0.0433	0.0495	0.0014	0.0210	0.0232	0.0003	0.0524	0.0609	0.0017	0.6269	0.8583	0.0008	1.2637	1.2738	0.0001	0.1282	0.7978	0.0008	0.0041	0.0061	-0.0143	-0.0244	43.3975	4.7288	17.3745	9.8540	0.0505	0.0503	0.0002	0.0071	0.0071	0.0000	0.0434	0.0432	0.0002	0.0393	0.0391	0.0002	0.0337	0.0337	0.0000	0.0055	0.0053	0.0002	1.1676	1.0164	0.1512	0.3397	0.3072	0.0325	0.8279	0.7092	0.1187	0.6633	0.3720	0.2913	0.1235	0.1188	0.0047	0.5398	0.2532	0.2866	0.7307	0.4717	1.6759	0.0770	0.0818	4.4334	5.1036	2.9069	2.0149	0.0592	0.1050	0.0008	0.2734	0.2841	0.0001	0.0103	0.0210	0.0008
42	88	0.1403	2	0	1	0	0	0	0	0	0	N	N	N	N	N	N	N	N	N	N	N	N	0.4004	0.2470	0.0132	0.0364	0.0386	0.0009	0.3659	0.2164	0.0157	0.6564	0.7515	0.0022	0.0398	0.0418	0.0000	0.7009	0.8078	0.0023	1.6396	3.0424	0.1673	1.0933	1.0822	0.0076	1.9156	3.7334	0.1448	0.0004	0.0142	-0.2764	-0.6292	43.3975	8.6320	17.3745	7.0881	0.9639	0.9635	0.0004	0.0039	0.0039	0.0000	0.9600	0.9596	0.0004	1.0242	1.0099	0.0144	0.0151	0.0151	0.0000	1.0091	0.9947	0.0144	1.4685	1.2821	0.1864	0.0989	0.0942	0.0047	1.3696	1.1879	0.1817	0.6325	0.3319	0.3005	0.0671	0.0655	0.0016	0.5654	0.2664	0.2989	0.4053	0.2470	0.0462	0.1765	0.1810	0.0009	0.3927	0.2164	0.0472	1.6194	3.0424	0.0479	0.2255	0.2309	0.0076	1.7849	3.7334	0.0481
42	89	0.2081	4	0	2	0	0	0	0	0	0	N	Y	N	N	N	N	N	N	N	N	N	N	48.7213	491.7077	154.2932	569.1411	839.2495	0.0001	17.1149	49.9265	223.4405	0.8428	0.5665	2.8916	1.8779	2.0180	0.0000	0.6006	0.2031	3.2517	0.0173	0.0012	0.0187	0.0033	0.0024	0.0210	0.0351	0.0041	0.0146	0.6885	13.8223	0.2949	0.0011	43.3975	15.4622	17.3745	5.2688	2.4451	1.4481	0.9970	1.0330	1.0330	0.0000	1.4121	0.4151	0.9970	0.0037	0.0002	0.0034	0.0003	0.0002	0.0001	0.0034	0.0000	0.0033	2.9011	2.5563	0.3448	0.5501	0.5119	0.0382	2.3511	2.0445	0.3066	0.7497	0.4021	0.3477	0.0882	0.0841	0.0040	0.6615	0.3179	0.3436	171.6620	917.1084	292.8764	576.2618	839.2495	0.0001	117.0880	1403.0628	333.7868	0.0049	0.0006	0.0099	0.0033	0.0024	0.0210	0.0051	0.0001	0.0097
42	90	0.1963	3	0	1	0	0	0	0	0	0	N	N	N	N	N	N	N	N	N	N	N	N	1.4387	2.2287	0.0933	5.7327	7.5827	0.3515	0.7891	1.3545	0.0873	0.7457	0.8418	0.0313	1.8330	1.9994	0.0843	0.4247	0.4840	0.0207	0.5183	0.3777	0.3359	0.3197	0.2637	0.2399	0.5382	0.3573	0.2373	0.0050	2.3134	-0.3448	0.0012	43.3975	7.5917	17.3745	1.5198	1.2220	1.2159	0.0061	0.6846	0.6819	0.0027	0.5374	0.5340	0.0034	0.0171	0.0052	0.0120	0.0051	0.0044	0.0008	0.0120	0.0008	0.0112	1.6388	1.4445	0.1943	0.3735	0.3411	0.0325	1.2653	1.1034	0.1618	0.4067	0.2290	0.1776	0.0759	0.0695	0.0064	0.3308	0.1596	0.1712	17.7089	37.3058	0.4657	27.0256	31.6490	0.7146	11.7306	99.1496	0.3169	0.0421	0.0226	0.0673	0.0678	0.0632	0.1180	0.0362	0.0049	0.0654
42	91	0.3056	7	1	1	1	0	0	0	0	0	N	N	N	N	N	N	N	N	N	N	N	N	0.0000	0.0000	0.0000	0.0000	0.0000	0.0000	0.0000	0.0000	0.0000	0.0000	0.0000	0.0000	0.0000	0.0000	0.0000	0.0000	0.0000	0.0000	0.0000	0.0000	43.3975	3.0317	17.3745	0.1644	0.0000	0.0000	0.0000	0.0000	0.0000	0.0000	0.0000	0.0000	0.0000	0.0000	0.0000	0.0000	0.0000	0.0000	0.0000	0.0000	0.0000	0.0000	0.5084	0.4493	0.0591	0.1054	0.0999	0.0055	0.4030	0.3494	0.0536	0.0964	0.0510	0.0454	0.0105	0.0091	0.0015	0.0858	0.0419	0.0440	0.0000	0.0000	0.0000	0.0000	0.0000	0.0000	0.0000	0.0000	0.0000	0.0000	0.0000	0.0000	0.0000	0.0000	0.0000	0.0000	0.0000	0.0000											
42	92	0.2998	6	1	1	1	0	0	0	0	0	N	N	N	N	N	N	N	N	N	N	N	N	0.2361	2.6489	0.4939	0.9390	1.2323	0.0000	0.0547	inf	0.6306	0.0005	0.0004	0.0010	0.0009	0.0009	0.0000	0.0002	0.0001	0.0012	0.0020	0.0002	0.0020	0.0009	0.0008	0.0025	0.0038	0.0000	0.0020	0.2505	10.4416	-0.0000	0.0000	43.3975	2.6632	17.3745	1.0147	0.0003	0.0002	0.0001	0.0002	0.0002	0.0000	0.0001	0.0000	0.0001	0.0001	0.0000	0.0001	0.0000	0.0000	0.0000	0.0001	0.0000	0.0001	0.6319	0.5701	0.0618	0.2494	0.2364	0.0130	0.3825	0.3337	0.0488	0.1179	0.0640	0.0539	0.0151	0.0135	0.0016	0.1028	0.0505	0.0523	0.4813	2.6489	0.4939	0.9390	1.2323	0.0000	0.2108	inf	0.6306	0.0010	0.0002	0.0020	0.0009	0.0008	0.0025	0.0010	0.0000	0.0020
42	93	0.2165	5	1	1	1	0	0	0	0	0	N	N	N	N	N	N	N	N	N	N	N	N	450.0721	143.7620	23599.5070	76.5664	64.8751	12.7400	7842.5387	2954.8181	26934.4087	0.6451	0.5284	1.5742	0.6792	0.7083	0.0025	0.6366	0.4794	1.6985	0.0014	0.0037	0.0001	0.0089	0.0109	0.0002	0.0001	0.0002	0.0001	0.3741	0.0428	-0.0578	-0.0006	43.3975	35.0787	17.3745	12.2568	3.8815	2.8248	1.0567	0.8111	0.8110	0.0001	3.0704	2.0138	1.0566	0.0011	0.0010	0.0000	0.0010	0.0010	0.0000	0.0000	0.0000	0.0000	6.0170	5.3457	0.6713	1.1942	1.1450	0.0492	4.8228	4.2007	0.6221	1.4065	0.7419	0.6647	0.1610	0.1427	0.0183	1.2456	0.5992	0.6464	839.8424	378.3870	23599.5070	105.1952	97.5742	12.7400	19303.1831	901499.6975	26934.4087	0.0008	0.0014	0.0001	0.0065	0.0073	0.0002	0.0000	0.0000	0.0001
42	94	0.2030	4	1	1	0	0	0	0	0	0	N	N	N	N	N	N	N	N	N	N	N	N	83.2168	57.9857	130.4289	142.8069	123.2583	14184.3067	50.8787	3.1479	133.2297	0.7866	0.8404	0.3112	0.8417	0.8624	0.1117	0.7680	0.8321	0.3258	0.0095	0.0145	0.0024	0.0059	0.0070	0.0000	0.0151	0.2643	0.0024	0.0419	0.5498	-0.3751	-0.0003	43.3975	8.4810	17.3745	2.3446	1.5192	1.4581	0.0611	0.4092	0.4077	0.0015	1.1100	1.0504	0.0596	0.0011	0.0007	0.0004	0.0002	0.0002	0.0000	0.0009	0.0005	0.0004	1.9314	1.7351	0.1963	0.4862	0.4728	0.0134	1.4452	1.2623	0.1829	0.3592	0.1911	0.1681	0.0405	0.0364	0.0041	0.3187	0.1547	0.1640	249.9045	220.1411	130.4289	176.2421	162.3558	14184.3067	261.2011	240.1276	133.2297	0.0031	0.0038	0.0024	0.0048	0.0053	0.0000	0.0029	0.0035	0.0024
42	95	0.1403	2	0	2	0	1	0	0	0	0	N	Y	N	N	N	N	N	N	N	N	N	N	0.8747	2.0807	0.0000	0.0065	0.0069	0.0000	0.8311	inf	0.0000	1.0157	1.1607	0.0000	0.0099	0.0104	0.0000	1.0883	1.2517	0.0000	1.1611	0.5578	3.8972	1.5142	1.4995	0.0000	1.3094	0.0000	3.9882	0.0000	29.4177	-1.1447	0.3476	43.3975	24.0032	17.3745	22.6134	3.9867	3.9866	0.0000	0.0026	0.0026	0.0000	3.9840	3.9840	0.0000	1.0261	0.0337	0.9924	0.0337	0.0337	0.0000	0.9924	0.0000	0.9924	3.9251	3.4346	0.4905	0.2644	0.2518	0.0126	3.6607	3.1828	0.4779	1.5689	0.7965	0.7724	0.0952	0.0908	0.0044	1.4737	0.7057	0.7680	1.5529	27.4059	0.0000	0.0280	0.0280	0.0000	1.6162	inf	0.0000	0.6540	0.0424	1.2848	0.3544	0.3717	0.0000	0.6734	0.0000	1.2922
42	96	0.5577	6	0	2	0	0	0	0	0	0	N	Y	N	N	N	N	N	N	N	N	N	N	0.2244	166.5073	0.0592	108.0161	169.1418	3.8506	0.0294	417.2128	0.0591	0.0089	0.0097	0.0025	0.0172	0.0180	0.0024	0.0048	0.0052	0.0025	0.0398	0.0001	0.0425	0.0002	0.0001	0.0006	0.1647	0.0000	0.0429	0.0303	232.2141	-0.0073	0.0026	43.3975	18.5150	17.3745	10.2301	0.0281	0.0273	0.0008	0.0180	0.0178	0.0001	0.0102	0.0095	0.0007	0.0070	0.0000	0.0070	0.0001	0.0000	0.0000	0.0070	0.0000	0.0070	3.1505	2.8209	0.3295	1.0467	0.9896	0.0571	2.1038	1.8313	0.2724	0.9039	0.5584	0.3455	0.3158	0.2836	0.0322	0.5881	0.2748	0.3133	1.1454	178.8809	0.1237	108.0161	169.1418	3.8506	0.4062	158062.4307	0.1136	0.0078	0.0001	0.0203	0.0002	0.0001	0.0006	0.0119	0.0000	0.0223
42	97	0.1694	3	0	2	0	0	0	0	0	0	N	Y	N	N	N	N	N	N	N	N	N	N	0.5058	8019.8150	0.0002	1580.3145	2305.5403	0.0000	0.3778	117812.8424	0.0002	0.6400	0.7278	0.0010	1.6606	1.7336	0.0000	0.5490	0.6292	0.0010	1.2653	0.0001	4.4955	0.0011	0.0008	0.0040	1.4529	0.0000	4.7791	0.0002	19345.3440	-1.3318	0.7431	43.3975	46.1140	17.3745	26.4917	4.6413	4.6405	0.0009	0.9861	0.9861	0.0000	3.6552	3.6544	0.0009	1.9997	0.0001	1.9996	0.0002	0.0001	0.0001	1.9995	0.0000	1.9995	7.2521	6.3764	0.8757	0.5938	0.5688	0.0250	6.6583	5.8076	0.8507	2.1793	1.1418	1.0375	0.1514	0.1375	0.0139	2.0279	1.0043	1.0236	0.6975	8039.0906	0.0005	1580.3145	2305.5403	0.0000	0.5568	574512680.9168	0.0005	0.9176	0.0001	1.9273	0.0011	0.0008	0.0040	0.9860	0.0000	1.9534
42	98	0.6106	8	0	2	0	0	0	0	0	0	N	Y	N	N	N	N	N	N	N	N	N	N	0.8608	4000.7332	1.5556	0.3648	585.2306	0.3885	11234.9029	72307.3541	56815.7071	0.9142	0.3536	5.7936	0.9703	0.1171	16.8439	0.8873	0.4770	3.6823	1.0621	0.0001	3.7243	2.6596	0.0002	43.3593	0.0001	0.0000	0.0001	1.8828	7912.4185	1.0498	0.1176	43.3975	20.7840	17.3745	8.9470	2.8684	0.9950	1.8734	0.9867	0.1130	0.8737	1.8817	0.8820	0.9997	0.3165	0.0000	0.3165	0.3165	0.0000	0.3164	0.0000	0.0000	0.0000	3.1376	2.8143	0.3234	1.0169	0.9650	0.0519	2.1207	1.8492	0.2715	0.7437	0.4526	0.2911	0.2388	0.1999	0.0389	0.5049	0.2527	0.2522	2.1481	4000.7332	5.3295	0.7320	585.2306	2.0697	27401.9550	48207728.5732	56815.7071	0.4256	0.0001	1.0871	1.3255	0.0002	8.1382	0.0000	0.0000	0.0001
42	99	0.6057	7	0	1	0	0	0	0	0	0	N	N	N	N	N	N	N	N	N	N	N	N	0.7117	0.3787	23.7695	3.0574	2.1332	14.5272	0.5466	0.3049	1.1715	0.2177	0.1394	0.9279	0.3275	0.1812	2.4786	0.0706	0.0778	0.0294	0.3059	0.3680	0.0390	0.1071	0.0849	0.1706	0.1293	0.2550	0.0251	0.7348	0.6240	0.0363	-0.0009	43.3975	2.7834	17.3745	1.0450	0.2661	0.1534	0.1127	0.2292	0.1187	0.1104	0.0369	0.0346	0.0023	0.0038	0.0023	0.0015	0.0026	0.0022	0.0004	0.0012	0.0001	0.0010	1.2221	1.1006	0.1215	0.6999	0.6553	0.0446	0.5222	0.4453	0.0769	0.1854	0.1072	0.0782	0.0707	0.0662	0.0046	0.1147	0.0411	0.0736	10.6219	6.3860	49.6718	8.8641	5.4449	27.5095	6.8214	23.0992	2.0628	0.0205	0.0218	0.0187	0.0369	0.0333	0.0901	0.0104	0.0034	0.0143
42	100	0.5957	6	0	1	0	0	0	0	0	0	N	N	N	N	N	N	N	N	N	N	N	N	0.1458	0.0253	5.6991	0.4355	0.0848	13.6293	0.0572	0.0413	1.5587	0.0698	0.0131	0.5868	0.1128	0.0211	1.3668	0.0193	0.0031	0.1237	0.4787	0.5179	0.1030	0.2590	0.2483	0.1003	0.3382	0.0751	0.0793	4.9011	0.6415	0.0960	-0.0040	43.3975	7.6044	17.3745	2.7972	0.1766	0.0299	0.1467	0.1541	0.0268	0.1273	0.0225	0.0031	0.0194	0.0169	0.0103	0.0066	0.0110	0.0101	0.0010	0.0058	0.0002	0.0056	2.5312	2.2812	0.2500	1.3661	1.2730	0.0931	1.1650	1.0082	0.1568	0.4655	0.2874	0.1782	0.1837	0.1682	0.0155	0.2818	0.1191	0.1627	1.9271	0.3671	15.8730	1.8783	0.3514	22.2066	0.9357	1.9371	3.5721	0.0362	0.0357	0.0370	0.0600	0.0599	0.0615	0.0207	0.0016	0.0346
42	101	0.5461	5	0	1	0	0	0	0	0	0	N	N	N	N	N	N	N	N	N	N	N	N	0.7802	0.2256	4.7040	0.5315	0.2896	21.5776	0.7022	0.0766	3.5519	1.0665	0.4090	6.7203	2.0307	1.1587	17.6100	0.5869	0.0032	4.5053	1.3670	1.8129	1.4286	3.8211	4.0004	0.8161	0.8358	0.0419	1.2684	1.9111	0.0682	1.2728	-0.5663	43.3975	18.4780	17.3745	12.4520	3.4460	1.1837	2.2623	2.1797	1.1777	1.0020	1.2663	0.0060	1.2603	1.0032	0.9391	0.0641	0.9481	0.9388	0.0093	0.0551	0.0003	0.0548	3.2310	2.8944	0.3366	1.0733	1.0164	0.0569	2.1577	1.8779	0.2797	0.8977	0.5506	0.3470	0.3042	0.2673	0.0370	0.5934	0.2833	0.3101	0.9544	0.2398	36.4055	0.6517	0.3299	69.9995	6.3227	2.8476	25.5096	1.1175	1.7056	0.1846	3.1163	3.5124	0.2516	0.0928	0.0011	0.1766
42	102	0.1821	3	0	2	0	0	0	0	0	0	N	Y	N	N	N	N	N	N	N	N	N	N	0.5488	1.3127	0.2609	0.9370	1.1089	0.1293	0.5203	760.5961	0.2882	0.5918	0.5451	0.9351	0.4204	0.4413	0.0481	0.6597	0.5907	1.0625	1.0784	0.4152	3.5841	0.4487	0.3979	0.3720	1.2681	0.0008	3.6864	0.2337	31.4040	-0.4864	0.3408	43.3975	34.1922	17.3745	22.4626	4.9769	4.0343	0.9426	1.0037	0.9976	0.0061	3.9732	3.0367	0.9365	1.0001	0.0309	0.9692	0.0347	0.0309	0.0039	0.9653	0.0000	0.9653	8.4096	7.4016	1.0080	2.3873	2.2607	0.1266	6.0224	5.1409	0.8815	2.1777	1.2284	0.9493	0.4007	0.3754	0.0253	1.7770	0.8531	0.9239	1.2887	21.6955	0.9159	4.8515	5.3681	0.3149	1.2145	100742.1579	1.0169	0.4592	0.0251	1.0210	0.0867	0.0822	0.1527	0.5432	0.0000	1.0448
42	103	0.1343	2	0	2	0	0	0	0	0	0	N	Y	N	N	N	N	N	N	N	N	N	N	0.6235	0.5914	0.5292	0.4830	0.5205	0.1103	0.5564	0.9139	0.5626	1.1426	0.7232	3.5492	1.1329	1.2168	0.1363	1.1454	0.5664	3.9991	1.8327	1.2228	6.7074	2.3454	2.3376	1.2365	2.0586	0.6197	7.1078	0.8553	10.6900	1.0510	0.8046	43.3975	22.5884	17.3745	11.0115	6.0445	3.2579	2.7866	1.3340	1.3215	0.0125	4.7105	1.9364	2.7742	2.8123	0.2406	2.5717	0.2358	0.2346	0.0012	2.5765	0.0059	2.5706	5.2901	4.5050	0.7851	1.1775	1.0861	0.0914	4.1126	3.4189	0.6937	1.5345	0.7982	0.7363	0.2519	0.2483	0.0036	1.2826	0.5499	0.7328	0.6235	2.3994	1.0162	1.2100	1.2877	0.4091	0.5702	52.5042	1.1400	1.8327	0.3014	3.4927	0.9363	0.9449	0.3332	2.0088	0.0108	3.5080
42	106	0.2131	5	0	2	0	0	0	0	0	0	N	Y	N	N	N	N	N	N	N	N	N	N	6501.5222	1659.2894	69917.4682	42.5828	39.2375	0.0000	11205.3931	inf	74639.5948	0.8739	0.3378	5.0988	0.0468	0.0491	0.0000	1.0845	0.4183	5.5672	0.0001	0.0002	0.0001	0.0011	0.0013	0.0000	0.0001	0.0000	0.0001	1.9151	0.3526	1.1260	-0.0000	43.3975	20.0414	17.3745	7.0324	3.0447	1.0445	2.0003	0.0331	0.0331	0.0000	3.0117	1.0114	2.0003	0.0001	0.0001	0.0000	0.0001	0.0001	0.0000	0.0000	0.0000	0.0000	3.4842	3.0919	0.3923	0.7073	0.6743	0.0330	2.7769	2.4176	0.3593	0.8126	0.4221	0.3904	0.0735	0.0646	0.0090	0.7391	0.3576	0.3815	6501.5222	1766.0730	69917.4682	42.5828	39.2375	0.0000	28169.5062	inf	74639.5948	0.0001	0.0002	0.0001	0.0011	0.0013	0.0000	0.0000	0.0000	0.0001
42	107	0.2030	4	0	1	0	0	0	0	0	0	N	N	N	N	N	N	N	N	N	N	N	N	585.7028	477.1058	638.4787	87.5101	80.9354	3.6624	776.7593	197.3602	670.0700	0.6766	0.7139	0.3358	0.2384	0.2447	0.0001	0.8381	0.9066	0.3610	0.0012	0.0015	0.0005	0.0027	0.0030	0.0000	0.0011	0.0046	0.0005	0.0515	0.6094	-0.2744	-0.0000	43.3975	7.0315	17.3745	1.2144	1.1522	1.0957	0.0564	0.1093	0.1093	0.0000	1.0429	0.9864	0.0564	0.0002	0.0001	0.0001	0.0001	0.0001	0.0000	0.0001	0.0000	0.0001	1.7028	1.5347	0.1681	0.4584	0.4467	0.0117	1.2444	1.0880	0.1564	0.2800	0.1502	0.1298	0.0338	0.0306	0.0033	0.2462	0.1197	0.1266	1050.6929	957.0749	638.4787	87.5101	81.2149	3.6624	2339.7832	5424.9250	670.0700	0.0006	0.0007	0.0005	0.0027	0.0030	0.0000	0.0004	0.0002	0.0005
42	108	0.1694	3	0	1	0	0	0	0	0	0	N	N	N	N	N	N	N	N	N	N	N	N	216.6271	964.0115	177.5739	76.2340	73.5289	2.8395	154.0022	390.9238	180.1163	0.7829	0.8267	0.4665	0.2008	0.2077	0.0001	0.8472	0.9026	0.4796	0.0036	0.0009	0.0026	0.0026	0.0028	0.0000	0.0055	0.0023	0.0027	0.0780	4.5197	-0.4841	0.0002	43.3975	16.2725	17.3745	4.4748	2.2535	2.0905	0.1630	0.0574	0.0574	0.0000	2.1961	2.0331	0.1630	0.0011	0.0002	0.0009	0.0002	0.0002	0.0000	0.0009	0.0000	0.0009	2.8782	2.5288	0.3494	0.2859	0.2763	0.0096	2.5923	2.2525	0.3398	0.7318	0.3916	0.3402	0.0675	0.0629	0.0046	0.6643	0.3287	0.3356	524.9639	1637.1848	177.5739	76.2340	73.5289	2.8395	615.9638	14801.0321	180.1163	0.0015	0.0005	0.0026	0.0026	0.0028	0.0000	0.0014	0.0001	0.0027
42	109	0.2222	4	0	2	0	0	0	0	0	0	N	Y	N	N	N	N	N	N	N	N	N	N	85.6259	237.6190	302.5117	180.9365	170.9830	51.6125	50.2321	509.2779	416.5428	0.5223	0.3983	1.4633	0.9472	1.0079	0.0547	0.4388	0.2697	1.6024	0.0061	0.0017	0.0048	0.0052	0.0059	0.0011	0.0087	0.0005	0.0038	0.4843	4.4203	0.1372	0.0007	43.3975	40.5309	17.3745	14.7974	3.5027	2.3598	1.1429	1.0438	1.0399	0.0038	2.4589	1.3199	1.1390	0.0039	0.0007	0.0031	0.0007	0.0007	0.0000	0.0031	0.0000	0.0031	6.7059	5.9249	0.7810	1.1020	1.0318	0.0702	5.6039	4.8931	0.7108	1.7303	0.9031	0.8271	0.1616	0.1486	0.0130	1.5687	0.7546	0.8141	234.3047	505.4719	384.7826	211.6164	211.0471	51.6125	219.6323	96884.7332	416.5428	0.0022	0.0008	0.0038	0.0045	0.0048	0.0011	0.0020	0.0000	0.0038
42	110	0.1963	3	0	2	0	0	0	0	0	0	N	Y	N	N	N	N	N	N	N	N	N	N	3.4984	3.1524	27.7448	1.8803	1.8538	13.2589	5.1838	30.2298	35.1373	1.4647	1.2805	2.8166	0.9771	0.9969	0.7501	1.5716	1.3461	3.1008	0.4187	0.4062	0.1015	0.5196	0.5378	0.0566	0.3032	0.0445	0.0882	0.2996	1.2759	-0.2152	-0.0013	43.3975	13.5236	17.3745	3.5331	3.8018	2.9253	0.8764	0.4562	0.4279	0.0282	3.3456	2.4974	0.8482	0.0198	0.0087	0.0111	0.0087	0.0084	0.0003	0.0111	0.0003	0.0108	2.5956	2.2845	0.3112	0.4669	0.4292	0.0376	2.1288	1.8552	0.2736	0.6581	0.3541	0.3041	0.0889	0.0813	0.0076	0.5692	0.2727	0.2965	48.7250	52.1583	77.2211	9.9864	9.6868	17.2894	80.7180	1144.5284	85.4260	0.0301	0.0246	0.0365	0.0978	0.1029	0.0434	0.0195	0.0012	0.0363
42	111	0.1403	2	0	1	0	0	0	0	0	0	N	N	N	N	N	N	N	N	N	N	N	N	0.6064	13.7172	0.0060	21.1984	23.9427	0.3922	0.3482	10.1218	0.0057	0.7908	0.9007	0.0275	4.4943	4.7178	0.0221	0.5235	0.5986	0.0277	1.3042	0.0657	4.6016	0.2120	0.1970	0.0562	1.5034	0.0591	4.8866	0.0044	234.4808	-0.6306	0.4286	43.3975	16.9399	17.3745	15.9768	2.2303	2.2205	0.0098	0.8533	0.8531	0.0002	1.3770	1.3674	0.0096	1.1667	0.0050	1.1618	0.0044	0.0042	0.0001	1.1623	0.0007	1.1616	2.8202	2.4653	0.3549	0.1899	0.1808	0.0090	2.6304	2.2845	0.3459	1.1697	0.5977	0.5721	0.0831	0.0799	0.0032	1.0866	0.5178	0.5688	0.7929	108.6486	0.0135	85.4193	89.0086	0.5133	0.4894	430.1945	0.0135	0.9974	0.0083	2.0308	0.0526	0.0530	0.0430	1.0697	0.0014	2.0420
42	112	0.2447	6	1	2	0	1	0	0	0	0	N	Y	N	N	N	N	N	N	N	N	N	N	0.0901	0.0705	3.9339	0.0000	0.0000	0.0000	143.4950	inf	7.7634	0.0439	0.0494	0.0027	0.0000	0.0000	0.0000	0.0687	0.0830	0.0028	0.4873	0.7003	0.0007	1.1519	1.2452	0.0086	0.0005	0.0000	0.0004	0.0073	0.0080	-0.0000	-0.0016	43.3975	0.0019	17.3745	1.9928	0.0000	0.0000	0.0000	0.0000	0.0000	0.0000	0.0000	0.0000	0.0000	0.0025	0.0025	0.0000	0.0025	0.0025	0.0000	0.0000	0.0000	0.0000	0.0009	0.0008	0.0001	0.0003	0.0003	0.0000	0.0006	0.0005	0.0001	0.0668	0.0379	0.0289	0.0105	0.0093	0.0012	0.0563	0.0285	0.0278	1.1695	0.7516	3.9339	0.0000	0.0000	0.0000	386.7540	inf	7.7634	0.0376	0.0657	0.0007	0.2382	0.2669	0.0086	0.0002	0.0000	0.0004
42	113	0.2211	5	1	2	0	1	0	0	0	0	N	Y	N	N	N	N	N	N	N	N	N	N	61.9717	1128.9122	1.3808	2.5226	4.5676	0.0004	41.8684	34135.4489	1.8588	0.5977	0.6833	0.0142	0.0089	0.0092	0.0000	0.7031	0.8197	0.0148	0.0096	0.0006	0.0103	0.0035	0.0020	0.0144	0.0168	0.0000	0.0080	0.0030	13.2887	-0.2798	0.0005	43.3975	8.6942	17.3745	6.0502	0.9847	0.9817	0.0030	0.0022	0.0022	0.0000	0.9825	0.9795	0.0030	0.0016	0.0001	0.0015	0.0002	0.0001	0.0001	0.0014	0.0000	0.0014	1.6475	1.4368	0.2107	0.2501	0.2418	0.0083	1.3974	1.1950	0.2024	0.4993	0.2689	0.2304	0.0626	0.0556	0.0070	0.4367	0.2133	0.2234	186.8480	1643.8732	2.2034	2.6167	4.5676	0.0004	221.7064	12672095.6752	2.3863	0.0032	0.0004	0.0064	0.0034	0.0020	0.0144	0.0032	0.0000	0.0062
42	114	0.2423	9	0	2	0	1	0	0	0	0	N	Y	N	N	N	N	N	N	N	N	N	N	0.0000	0.0000	0.0000	0.0000	0.0000	0.0000	0.0000	0.0000	0.0000	0.0000	0.0000	0.0000	0.0000	0.0002	0.0005	0.0000	0.0005	0.0005	0.0000	0.0000	0.0000	0.0000	0.0000	0.0000	-0.0000	43.3975	0.0001	17.3745	0.0001	0.0000	0.0000	0.0000	0.0000	0.0000	0.0000	0.0000	0.0000	0.0000	0.0000	0.0000	0.0000	0.0000	0.0000	0.0000	0.0000	0.0000	0.0000	0.0000	0.0000	0.0000	0.0000	0.0000	0.0000	0.0000	0.0000	0.0000	0.0000	0.0000	0.0000	0.0000	0.0000	0.0000	0.0000	0.0000	0.0000	0.0000	0.0000	0.0000	0.0000	0.0000	0.0000	0.0000	0.0000	0.0000	0.0002	0.0004	0.0000	0.0005	0.0005	0.0000	0.0000	0.0000	0.0000						
42	115	0.2356	8	0	2	0	1	0	0	0	0	N	Y	N	N	N	N	N	N	N	N	N	N	1.7542	0.7637	0.0000	0.0000	inf	inf	0.0013	0.0015	0.0000	0.0000	0.0000	0.0000	0.0015	0.0017	0.0000	0.0007	0.0019	0.0000	0.0043	0.0054	0.0000	0.0000	0.0000	0.0000	0.0000	0.0000	-0.0002	-0.0000	43.3975	3.0007	17.3745	1.0012	0.0007	0.0007	0.0000	0.0000	0.0000	0.0000	0.0007	0.0007	0.0000	0.0001	0.0001	0.0000	0.0001	0.0001	0.0000	0.0000	0.0000	0.0000	0.5131	0.4514	0.0617	0.0688	0.0654	0.0034	0.4443	0.3860	0.0583	0.1297	0.0694	0.0604	0.0153	0.0133	0.0021	0.1144	0.0561	0.0583	2.7826	1.6918	0.0000	0.0000	0.0000	0.0000	inf	inf	0.0000	0.0005	0.0009	0.0000	0.0039	0.0045	0.0000	0.0000	0.0000	0.0000			
42	116	0.2337	7	0	1	0	1	0	0	0	0	N	N	N	N	N	N	N	N	N	N	N	N	7167134.8759	4668138.6153	0.0000	13.0784	11.8668	107294053.6041	inf	0.0000	4.9462	5.6010	0.0000	0.0001	0.0001	0.0000	5.9914	6.8991	0.0000	0.0000	0.0000	0.0000	0.0000	0.0000	0.0000	0.0000	0.0000	0.0000	0.0000	0.0769	-0.2867	-0.0000	43.3975	1.1177	17.3745	0.0023	0.9986	0.9986	0.0000	0.0000	0.0000	0.0000	0.9986	0.9986	0.0000	0.0000	0.0000	0.0000	0.0000	0.0000	0.0000	0.0000	0.0000	0.0000	0.2019	0.1783	0.0236	0.0352	0.0335	0.0017	0.1667	0.1447	0.0219	0.0365	0.0195	0.0170	0.0043	0.0037	0.0006	0.0322	0.0158	0.0164	7167134.8759	4668138.6153	0.0000	13.0784	11.8668	0.0000	107294053.6041	inf	0.0000	0.0000	0.0000	0.0000	0.0000	0.0000	0.0000	0.0000	0.0000	0.0000	
42	117	0.2307	3	0	2	0	0	0	0	0	0	N	Y	N	N	N	N	N	N	N	N	N	N	0.2285	15.9696	0.4311	7.5715	36.4569	0.0187	0.1791	0.7869	0.4600	0.2621	0.0813	1.7148	0.3613	0.3799	0.0084	0.2373	0.0001	1.8846	1.1474	0.0051	3.9778	0.0477	0.0104	0.4510	1.3250	0.0001	4.0966	2.6243	625.2444	0.6064	0.4056	43.3975	31.2782	17.3745	23.9277	1.3878	0.3829	1.0049	0.3830	0.3826	0.0004	1.0048	0.0004	1.0045	1.0960	0.0018	1.0943	0.0060	0.0017	0.0043	1.0900	0.0000	1.0900	5.2946	4.7085	0.5860	1.0600	1.0070	0.0530	4.2345	3.7015	0.5330	1.8010	0.9905	0.8105	0.2735	0.2488	0.0246	1.5276	0.7417	0.7859	0.4307	46.0272	1.2701	16.4193	54.0233	0.0487	0.3325	244.8180	1.3587	0.6086	0.0018	1.3502	0.0220	0.0070	0.1733	0.7136	0.0000	1.3870
42	118	0.2337	7	0	1	1	1	0	0	0	0	N	N	N	N	N	N	N	N	N	N	N	N	226959.0320	inf	0.0000	inf	inf	43152.8954	inf	0.0000	0.0018	0.0021	0.0000	0.0103	0.0109	0.0000	0.0004	0.0005	0.0000	0.0000	0.0000	0.0000	0.0000	0.0000	0.0000	0.0000	0.0000	0.0000	0.0000	inf	-0.0004	0.0000	43.3975	3.8827	17.3745	2.9998	0.0012	0.0012	0.0000	0.0010	0.0010	0.0000	0.0002	0.0002	0.0000	0.0000	0.0000	0.0000	0.0000	0.0000	0.0000	0.0000	0.0000	0.0000	0.6722	0.5920	0.0801	0.0979	0.0931	0.0048	0.5743	0.4989	0.0753	0.2215	0.1183	0.1031	0.0259	0.0224	0.0035	0.1955	0.0959	0.0996	226959.0320	inf	0.0000	inf	inf	0.0000	43152.8954	inf	0.0000	0.0000	0.0000	0.0000	0.0000	0.0000	0.0000	0.0000	0.0000	0.0000	
42	119	0.2308	6	0	1	0	1	0	0	0	0	N	N	N	N	N	N	N	N	N	N	N	N	2261107.6906	1481062.6199	0.0000	10086.3695	9179.1136	29491310.2225	inf	0.0000	1.6787	1.8837	0.0000	0.0576	0.0605	0.0000	2.1758	2.4943	0.0000	0.0000	0.0000	0.0000	0.0000	0.0000	0.0000	0.0000	0.0000	0.0000	0.0000	0.0960	-0.2869	-0.0000	43.3975	2.8083	17.3745	0.0030	0.9992	0.9992	0.0000	0.0080	0.0080	0.0000	0.9912	0.9912	0.0000	0.0000	0.0000	0.0000	0.0000	0.0000	0.0000	0.0000	0.0000	0.0000	0.5952	0.5304	0.0648	0.1397	0.1331	0.0066	0.4555	0.3974	0.0582	0.0923	0.0491	0.0431	0.0109	0.0095	0.0015	0.0813	0.0397	0.0417	2261107.6906	1481062.6199	0.0000	10086.3695	9179.1136	0.0000	29491310.2225	inf	0.0000	0.0000	0.0000	0.0000	0.0000	0.0000	0.0000	0.0000	0.0000	0.0000	
42	120	0.2308	6	0	1	1	1	0	0	0	0	N	N	N	N	N	N	N	N	N	N	N	N	4607.8111	3030.4914	0.0000	3403.4231	3094.6588	3474.5003	inf	0.0000	0.0010	0.0011	0.0000	0.0057	0.0060	0.0000	0.0001	0.0001	0.0000	0.0000	0.0000	0.0000	0.0000	0.0000	0.0000	0.0000	0.0000	0.0000	0.0000	0.0923	-0.0005	-0.0000	43.3975	9.6158	17.3745	0.0030	0.0017	0.0017	0.0000	0.0016	0.0016	0.0000	0.0001	0.0001	0.0000	0.0000	0.0000	0.0000	0.0000	0.0000	0.0000	0.0000	0.0000	0.0000	1.7269	1.5260	0.2010	0.2803	0.2665	0.0138	1.4466	1.2594	0.1872	0.3098	0.1648	0.1450	0.0362	0.0313	0.0049	0.2736	0.1336	0.1401	4607.8111	3030.4914	0.0000	3403.4231	3094.6588	0.0000	3474.5003	inf	0.0000	0.0000	0.0000	0.0000	0.0000	0.0000	0.0000	0.0000	0.0000	0.0000	
42	121	0.2211	5	0	1	0	1	0	0	0	0	N	N	N	N	N	N	N	N	N	N	N	N	38.9871	2250.4845	0.0005	6.6686	21.8296	0.0000	23.0390	inf	0.0007	1.1000	1.2686	0.0000	0.0341	0.0349	0.0000	1.3528	1.6078	0.0000	0.0282	0.0006	0.0292	0.0051	0.0016	0.0389	0.0587	0.0000	0.0232	0.0000	29.6035	-0.2887	0.0005	43.3975	4.2457	17.3745	2.0144	1.0055	1.0055	0.0000	0.0060	0.0060	0.0000	0.9995	0.9995	0.0000	0.0015	0.0001	0.0015	0.0002	0.0001	0.0001	0.0014	0.0000	0.0014	0.9141	0.7926	0.1215	0.1752	0.1710	0.0043	0.7389	0.6216	0.1172	0.2305	0.1264	0.1041	0.0345	0.0314	0.0030	0.1961	0.0950	0.1011	164.8014	3188.8753	0.0010	7.8121	21.8296	0.0000	191.0407	inf	0.0011	0.0067	0.0004	0.0143	0.0044	0.0016	0.0330	0.0071	0.0000	0.0137
42	122	0.1790	4	0	1	0	1	0	0	0	0	N	N	N	N	N	N	N	N	N	N	N	N	0.3199	504.0542	0.0025	1.9546	4.9864	0.0002	0.3194	87.9798	0.0025	0.4559	0.5194	0.0136	0.0129	0.0133	0.0000	0.5221	0.6050	0.0140	1.4251	0.0010	5.3670	0.0066	0.0027	0.0353	1.6346	0.0069	5.5676	0.0038	4133.1964	-0.2872	0.3705	43.3975	11.9190	17.3745	13.1740	1.0134	1.0096	0.0038	0.0037	0.0037	0.0000	1.0097	1.0059	0.0038	0.9975	0.0002	0.9973	0.0003	0.0001	0.0002	0.9972	0.0001	0.9971	2.2231	1.9436	0.2795	0.2893	0.2809	0.0084	1.9337	1.6627	0.2710	0.8140	0.4220	0.3919	0.0582	0.0529	0.0054	0.7557	0.3692	0.3865	0.3720	908.6044	0.0053	2.4974	4.9864	0.0002	0.3957	2236.7049	0.0054	1.2255	0.0006	2.5446	0.0052	0.0027	0.0299	1.3195	0.0003	2.5795
42	123	0.6059	8	0	1	1	1	0	0	0	0	N	N	N	N	N	N	N	N	N	N	N	N	30252.3806	21493.5028	90097.5307	10181.5328	20290.7846	0.0000	254217.4776	inf	685525.5273	0.9990	0.6166	4.4530	0.9083	0.9574	0.0000	1.0501	0.4076	5.4683	0.0000	0.0000	0.0000	0.0001	0.0000	0.0004	0.0000	0.0000	0.0000	0.7994	1.3562	0.3537	-0.0000	43.3975	12.8936	17.3745	4.1514	2.2510	1.2510	1.0000	0.7384	0.7384	0.0000	1.5126	0.5126	1.0000	0.0000	0.0000	0.0000	0.0000	0.0000	0.0000	0.0000	0.0000	0.0000	2.2533	2.0288	0.2246	0.8129	0.7713	0.0417	1.4404	1.2575	0.1829	0.4277	0.2632	0.1645	0.1452	0.1270	0.0182	0.2825	0.1362	0.1463	30252.3806	27078.6742	90097.5307	10181.5328	20290.7846	0.0000	254217.4776	inf	685525.5273	0.0000	0.0000	0.0000	0.0001	0.0000	0.0004	0.0000	0.0000	0.0000
42	124	0.1943	5	0	2	0	0	0	0	0	0	N	Y	N	N	N	N	N	N	N	N	N	N	0.5959	15.1768	0.0001	0.0361	0.0369	0.0000	0.5832	12978.8843	0.0001	0.8968	1.0174	0.0003	0.0068	0.0070	0.0000	1.0228	1.1756	0.0003	1.5051	0.0670	5.9538	0.1875	0.1910	0.0170	1.7536	0.0001	6.1668	0.0000	318.9169	-0.5747	0.3679	43.3975	12.7386	17.3745	8.7370	2.0017	2.0016	0.0001	0.0019	0.0019	0.0000	1.9999	1.9998	0.0001	0.9983	0.0031	0.9952	0.0032	0.0031	0.0001	0.9951	0.0000	0.9951	2.2321	1.9673	0.2648	0.2767	0.2662	0.0105	1.9554	1.7011	0.2543	0.7174	0.3745	0.3429	0.0652	0.0599	0.0053	0.6521	0.3146	0.3376	0.6444	122.1087	0.0001	0.1376	0.1352	0.0000	0.6703	4006422.6707	0.0001	1.3916	0.0083	2.9025	0.0492	0.0521	0.0170	1.5259	0.0000	2.9479
42	125	0.1790	4	0	2	0	0	0	0	0	0	N	Y	N	N	N	N	N	N	N	N	N	N	1.6682	1.6616	0.2554	0.0650	0.0636	0.0005	1.9496	1.0386	0.2947	0.5923	0.6764	0.0128	0.0137	0.0140	0.0000	0.6915	0.8057	0.0132	0.3551	0.4071	0.0502	0.2106	0.2208	0.0003	0.3547	0.7758	0.0447	0.0027	0.8652	-0.2863	-0.0014	43.3975	8.6431	17.3745	1.4782	1.0066	1.0039	0.0028	0.0034	0.0034	0.0000	1.0032	1.0005	0.0028	0.0083	0.0045	0.0039	0.0015	0.0015	0.0000	0.0069	0.0030	0.0039	1.6994	1.4841	0.2153	0.2486	0.2424	0.0062	1.4508	1.2417	0.2092	0.3467	0.1804	0.1663	0.0283	0.0261	0.0023	0.3184	0.1544	0.1640	24.6556	27.3285	0.5513	0.2645	0.2496	0.0005	32.0767	41.4550	0.5599	0.0240	0.0248	0.0232	0.0518	0.0562	0.0003	0.0216	0.0194	0.0236
42	126	0.1694	3	0	1	0	0	0	0	0	0	N	N	N	N	N	N	N	N	N	N	N	N	2.9148	1.6210	42.1270	6.0505	7.3933	0.0000	1.8301	0.0569	48.4383	0.2007	0.0134	1.6827	0.0550	0.0560	0.0000	0.2293	0.0039	1.7261	0.0689	0.0083	0.0399	0.0091	0.0076	0.0350	0.1253	0.0693	0.0356	15.8805	5.6476	0.1189	0.0006	43.3975	4.1618	17.3745	2.0491	0.1819	0.0108	0.1711	0.0082	0.0082	0.0000	0.1737	0.0026	0.1711	0.0025	0.0004	0.0022	0.0003	0.0002	0.0000	0.0023	0.0002	0.0021	0.9062	0.8045	0.1017	0.1487	0.1461	0.0026	0.7576	0.6584	0.0991	0.2623	0.1499	0.1124	0.0391	0.0376	0.0015	0.2232	0.1122	0.1109	20.7772	5.2654	87.9032	8.3879	9.9676	0.0000	22.4720	2.6044	90.8674	0.0097	0.0025	0.0191	0.0066	0.0056	0.0298	0.0102	0.0015	0.0190
42	127	0.1403	2	0	1	0	0	0	0	0	0	N	N	N	N	N	N	N	N	N	N	N	N	0.3223	0.0035	0.6493	0.0072	0.0077	0.0000	0.3002	5.8103	0.6472	0.5174	0.0033	4.0574	0.0148	0.0155	0.0000	0.5536	0.0023	4.1628	1.6050	0.9393	6.2494	2.0528	2.0251	0.0081	1.8441	0.0004	6.4317	179.2862	22.3855	0.5889	0.3433	43.3975	9.4810	17.3745	7.4917	0.8326	0.0046	0.8280	0.0016	0.0016	0.0000	0.8310	0.0030	0.8280	1.0438	0.0446	0.9991	0.0446	0.0446	0.0000	0.9991	0.0000	0.9991	1.6093	1.4052	0.2041	0.1083	0.1032	0.0052	1.5010	1.3021	0.1989	0.6730	0.3519	0.3211	0.0683	0.0666	0.0017	0.6047	0.2854	0.3194	0.3336	0.0259	1.3040	0.0226	0.0231	0.0000	0.3351	1330.0135	1.3307	1.5509	0.1268	3.1115	0.6537	0.6705	0.0081	1.6522	0.0000	3.1283
42	128	0.6182	9	1	2	0	0	0	0	0	0	N	Y	N	N	N	N	N	N	N	N	N	N	106766.9576	75128.0342	109908.9827	101745.5485	0.0098	0.0110	0.0000	0.0277	0.0294	0.0000	0.0000	0.0000	0.0000	0.0000	0.0000	0.0000	0.0000	0.0000	0.0000	0.0000	0.0000	0.0000	0.0000	0.0000	-0.0009	-0.0000	43.3975	2.0107	17.3745	1.9995	0.0032	0.0032	0.0000	0.0032	0.0032	0.0000	0.0000	0.0000	0.0000	0.0000	0.0000	0.0000	0.0000	0.0000	0.0000	0.0000	0.0000	0.0000	0.3293	0.2946	0.0347	0.1165	0.1100	0.0066	0.2127	0.1846	0.0281	0.0958	0.0603	0.0355	0.0349	0.0305	0.0044	0.0609	0.0298	0.0311	106766.9576	75128.0342	0.0000	109908.9827	101745.5485	0.0000	0.0000	0.0000	0.0000	0.0000	0.0000	0.0000	0.0000	0.0000	0.0000	0.0000	0.0000	0.0000					
42	129	0.6059	8	1	2	0	0	0	0	0	0	N	Y	N	N	N	N	N	N	N	N	N	N	3260.1490	4993.4653	0.0000	3161.0344	6340.5014	0.0000	321.3449	inf	0.0000	0.2495	0.2754	0.0000	0.6346	0.6649	0.0000	0.0047	0.0054	0.0000	0.0001	0.0001	0.0001	0.0002	0.0001	0.0009	0.0000	0.0000	0.0000	0.0000	1.3570	-0.0794	-0.0000	43.3975	5.6459	17.3745	1.1399	0.2765	0.2765	0.0000	0.2733	0.2733	0.0000	0.0032	0.0032	0.0000	0.0000	0.0000	0.0000	0.0000	0.0000	0.0000	0.0000	0.0000	0.0000	1.1080	1.0038	0.1042	0.4307	0.4110	0.0197	0.6774	0.5928	0.0846	0.1846	0.1130	0.0716	0.0645	0.0572	0.0074	0.1200	0.0558	0.0642	3260.1490	5192.0530	0.0000	3161.0344	6340.5014	0.0000	482.2804	inf	0.0000	0.0001	0.0001	0.0001	0.0002	0.0001	0.0009	0.0000	0.0000	0.0000
42	130	0.5756	7	0	1	0	0	0	0	0	0	N	N	N	N	N	N	N	N	N	N	N	N	81.6710	471.3659	1.4050	763.0965	918.7695	4.3764	16.0505	491.5507	1.6028	0.7360	0.8186	0.0146	1.3366	1.4129	0.0162	0.3406	0.3913	0.0142	0.0090	0.0017	0.0104	0.0018	0.0015	0.0037	0.0212	0.0008	0.0089	0.0020	5.2686	-0.5009	0.0003	43.3975	11.6079	17.3745	5.3766	1.7570	1.7534	0.0036	1.2667	1.2658	0.0008	0.4903	0.4876	0.0027	0.0016	0.0003	0.0014	0.0003	0.0003	0.0001	0.0013	0.0000	0.0013	2.3873	2.1420	0.2452	0.9477	0.8959	0.0518	1.4395	1.2461	0.1934	0.5332	0.3230	0.2101	0.1872	0.1687	0.0185	0.3459	0.1543	0.1916	240.3811	1015.3802	2.2375	763.0965	918.7695	4.3764	90.3261	62758.6840	2.0857	0.0031	0.0008	0.0065	0.0018	0.0015	0.0037	0.0038	0.0000	0.0068
42	131	0.5577	6	0	1	0	0	0	0	0	0	N	N	N	N	N	N	N	N	N	N	N	N	0.0798	1.9267	0.0183	3.4227	7.2256	0.1624	0.0241	2.9432	0.0189	0.0595	0.0623	0.0335	0.1203	0.1244	0.0332	0.0230	0.0214	0.0336	0.7456	0.0323	1.8349	0.0352	0.0172	0.2043	0.9569	0.0073	1.7748	0.0588	23.5695	-0.0117	0.0170	43.3975	3.9355	17.3745	8.7078	0.0506	0.0478	0.0028	0.0383	0.0379	0.0005	0.0122	0.0099	0.0023	0.0514	0.0021	0.0493	0.0037	0.0020	0.0017	0.0476	0.0000	0.0476	0.8502	0.7664	0.0838	0.3185	0.3044	0.0140	0.5317	0.4620	0.0698	0.5396	0.3414	0.1982	0.2102	0.1943	0.0159	0.3294	0.1471	0.1823	0.6248	10.1770	0.1347	6.7919	11.7980	0.3148	0.1592	73.7812	0.1285	0.0952	0.0061	0.2486	0.0177	0.0105	0.1054	0.1446	0.0003	0.2611
42	132	0.5461	5	0	1	0	0	0	0	0	0	N	N	N	N	N	N	N	N	N	N	N	N	1.6038	2.4367	0.0335	3.5594	3.7080	0.4770	1.0951	2.3139	0.0347	1.5723	1.7346	0.1039	2.0300	2.1228	0.0605	1.3099	1.4901	0.1125	0.9804	0.7119	3.1058	0.5703	0.5725	0.1268	1.1962	0.6440	3.2441	0.0066	5.6296	-0.5834	0.0262	43.3975	6.2657	17.3745	3.9760	2.0793	2.0656	0.0137	0.9782	0.9769	0.0013	1.1011	1.0887	0.0124	0.1187	0.0179	0.1008	0.0177	0.0165	0.0012	0.1010	0.0014	0.0996	1.3225	1.1908	0.1317	0.4819	0.4602	0.0217	0.8406	0.7306	0.1100	0.4213	0.2666	0.1547	0.1657	0.1503	0.0154	0.2556	0.1164	0.1392	5.5816	25.8365	0.1595	19.0376	19.3205	0.8054	3.3146	124.7160	0.1573	0.2817	0.0671	0.6515	0.1066	0.1099	0.0751	0.3952	0.0119	0.7155
42	133	0.4688	4	0	1	0	0	0	0	0	0	N	N	N	N	N	N	N	N	N	N	N	N	0.2019	0.1085	0.3460	0.1904	0.2317	0.0360	0.1857	0.2383	0.3748	0.2783	0.0743	2.0158	0.1451	0.1510	0.0364	0.3387	0.0364	2.3757	1.3784	0.6848	5.8257	0.7622	0.6518	1.0093	1.8234	0.1529	6.3384	3.1844	28.3112	0.6204	0.6100	43.3975	26.7012	17.3745	18.2690	1.3091	0.3129	0.9963	0.2129	0.2102	0.0028	1.0962	0.1027	0.9935	1.8071	0.0617	1.7455	0.0758	0.0605	0.0153	1.7313	0.0011	1.7302	4.7041	4.2098	0.4942	1.4675	1.3915	0.0760	3.2366	2.8184	0.4182	1.5966	0.9800	0.6166	0.5346	0.4833	0.0513	1.0621	0.4967	0.5653	0.2459	1.1813	0.7121	1.0230	1.2061	0.1219	0.2078	15.9648	0.7762	1.1318	0.0629	2.8308	0.1418	0.1252	0.2984	1.6302	0.0023	3.0605
42	134	0.2307	3	0	1	0	0	0	0	0	0	N	N	N	N	N	N	N	N	N	N	N	N	0.8451	0.9626	0.0159	0.0138	0.0137	1.2460	0.9196	2.0296	0.0169	0.9310	1.0408	0.0543	0.0318	0.0334	0.0049	1.1344	1.2868	0.0592	1.1016	1.0813	3.4145	2.3128	2.4288	0.0040	1.2336	0.6340	3.5073	0.0065	3.5539	-2.4309	0.2398	43.3975	61.4372	17.3745	55.8589	8.6619	8.6056	0.0563	0.0546	0.0542	0.0005	8.6073	8.5515	0.0558	1.5773	0.3464	1.2309	0.3309	0.3308	0.0001	1.2463	0.0156	1.2308	9.3036	8.2685	1.0351	1.7160	1.6232	0.0929	7.5876	6.6453	0.9423	3.1151	1.6771	1.4380	0.3599	0.3234	0.0365	2.7552	1.3537	1.4015	1.8388	5.0395	0.0635	0.0346	0.0326	1.2460	2.5077	111.9215	0.0674	0.5063	0.2065	0.8560	0.9195	1.0229	0.0040	0.4524	0.0115	0.8782
42	135	0.1403	2	0	1	0	0	0	0	0	0	N	N	N	N	N	N	N	N	N	N	N	N	0.9288	1.1638	0.8339	1.4071	0.0120	454745.9120	0.7407	9.3826	0.4801	1.0515	0.7592	3.1155	2.4947	0.0209	52.2115	0.9471	0.8177	1.8170	1.1321	0.6524	3.7361	1.7729	1.7310	0.0001	1.2787	0.0871	3.7850	0.5810	18.6393	0.4304	0.3075	43.3975	31.7621	17.3745	18.5886	5.3565	3.3881	1.9684	0.8568	0.0068	0.8500	4.4997	3.3813	1.1184	0.9586	0.0488	0.9098	0.0475	0.0475	0.0000	0.9111	0.0013	0.9098	5.0943	4.4625	0.6318	0.3435	0.3272	0.0163	4.7508	4.1353	0.6155	1.6735	0.8488	0.8247	0.0984	0.0936	0.0048	1.5751	0.7552	0.8199	1.8356	13.2030	2.8241	5.1642	0.0411	454745.9120	1.6374	480.7552	1.6375	0.5728	0.0575	1.1032	0.4831	0.5076	0.0001	0.5784	0.0017	1.1096
43	44	0.2342	5	1	1	1	1	0	0	0	0	N	N	N	N	N	N	N	N	N	N	N	N	3595.9106	2099.4708	0.0969	7.9245	7.1318	0.5722	14529.6464	337.6892	0.0000	0.3856	0.4321	0.0000	0.0037	0.0039	0.0000	0.5079	0.5817	0.0000	0.0001	0.0002	0.0000	0.0005	0.0006	0.0000	0.0000	0.0017	0.0000	0.0000	0.0094	-0.5181	-0.0001	18.2331	62.5878	4.4208	29.9840	1.8043	1.8043	0.0000	0.0043	0.0043	0.0000	1.8000	1.8000	0.0000	0.0001	0.0001	0.0000	0.0001	0.0001	0.0000	0.0000	0.0000	0.0000	4.6795	4.1752	0.5043	1.1354	1.0809	0.0545	3.5441	3.0943	0.4498	1.1100	0.6139	0.4960	0.2190	0.1874	0.0316	0.8910	0.4265	0.4645	3595.9106	2250.1780	0.0969	7.9245	7.1318	0.5722	29294.1139	17175.1505	0.0000	0.0001	0.0002	0.0000	0.0005	0.0006	0.0000	0.0000	0.0000	0.0000
43	48	0.6337	10	1	1	1	0	0	0	0	0	N	N	N	N	N	N	N	N	N	N	N	N	125.6157	1972.6599	0.0000	2182.5272	2061.2731	0.0000	22.1920	643.4222	0.0000	0.8074	0.8962	0.0000	1.3348	1.4061	0.0000	0.3822	0.4435	0.0000	0.0064	0.0005	0.0083	0.0006	0.0007	0.0000	0.0172	0.0007	0.0077	0.0000	10.3344	-0.2431	0.0001	18.2331	12.3962	4.4208	3.7178	0.8467	0.8467	0.0000	0.6248	0.6248	0.0000	0.2219	0.2219	0.0000	0.0004	0.0000	0.0004	0.0000	0.0000	0.0000	0.0004	0.0000	0.0004	1.0487	0.9447	0.1040	0.4681	0.4443	0.0238	0.5806	0.5004	0.0802	0.1754	0.1065	0.0689	0.0596	0.0534	0.0062	0.1158	0.0531	0.0627	340.4911	2601.3528	0.0000	2182.5272	2061.2731	0.0000	116.6197	93551.8758	0.0000	0.0024	0.0003	0.0055	0.0006	0.0007	0.0000	0.0033	0.0000	0.0060
43	49	0.6048	9	1	0	1	0	0	0	0	0	N	N	N	N	N	N	N	N	N	N	N	N	0.4043	3.6887	0.0228	10.2017	8.4305	2585.5490	0.2875	554.8321	0.0000	0.2566	0.2809	0.0248	0.2802	0.2895	0.1012	0.2356	0.2724	0.0000	0.6347	0.0761	1.0856	0.0275	0.0343	0.0000	0.8196	0.0005	1.1099	0.0092	10.6232	-0.0980	0.0040	18.2331	14.4870	4.4208	5.8627	0.3525	0.3493	0.0032	0.1810	0.1777	0.0032	0.1715	0.1715	0.0000	0.0141	0.0012	0.0129	0.0012	0.0012	0.0000	0.0129	0.0000	0.0129	1.3737	1.2435	0.1302	0.6458	0.6139	0.0319	0.7279	0.6296	0.0983	0.2302	0.1394	0.0907	0.0809	0.0711	0.0098	0.1492	0.0683	0.0809	4.1804	32.2197	0.1743	18.6523	16.9442	2585.5490	2.7236	110917.5672	0.0001	0.0614	0.0087	0.1423	0.0150	0.0171	0.0000	0.0865	0.0000	0.1595
43	50	0.6010	10	2	1	2	0	0	0	0	0	Y	N	Y	N	N	N	N	N	N	N	N	N	inf	inf	inf	inf	inf	inf	inf	inf	12.8758	14.3060	0.0000	30.6192	32.3144	0.0000	0.0000	0.0000	0.0000	0.0000	0.0000	0.0000	0.0000	0.0000	0.0000	0.0000	0.0000	0.0000	0.0000	-0.2795	0.0000	18.2331	0.9856	4.4208	2.8295	0.9735	0.9735	0.0000	0.9735	0.9735	0.0000	0.0000	0.0000	0.0000	0.0000	0.0000	0.0000	0.0000	0.0000	0.0000	0.0000	0.0000	0.0000	0.0756	0.0680	0.0076	0.0318	0.0301	0.0017	0.0438	0.0379	0.0059	0.0350	0.0197	0.0153	0.0085	0.0075	0.0010	0.0265	0.0122	0.0143	inf	inf	inf	inf	inf	0.0000	inf	inf	inf	0.0000	0.0000	0.0000	0.0000	0.0000	0.0000	0.0000	0.0000	0.0000		
43	51	0.2141	6	2	1	1	0	0	0	0	0	Y	N	N	N	N	N	N	N	N	N	N	N	0.0583	0.0779	0.0000	0.1074	0.1030	0.0000	0.0000	0.0000	0.0000	0.0000	0.0000	0.0000	0.0000	0.0000	0.0000	0.0000	0.0000	0.0001	0.0001	0.0002	0.0003	0.0003	0.0001	0.0002	0.0000	0.0002	0.0000	1.0743	-0.0000	-0.0000	18.2331	13.3057	4.4208	8.6321	0.0000	0.0000	0.0000	0.0000	0.0000	0.0000	0.0000	0.0000	0.0000	0.0001	0.0000	0.0000	0.0000	0.0000	0.0000	0.0000	0.0000	0.0000	1.2860	1.1437	0.1423	0.3143	0.3045	0.0098	0.9718	0.8393	0.1325	0.3658	0.2095	0.1563	0.0818	0.0737	0.0081	0.2840	0.1358	0.1482	0.0583	0.0779	0.0000	0.1074	0.1030	0.0000	0.0000	0.0000	0.0000	0.0001	0.0001	0.0002	0.0003	0.0003	0.0001	0.0001	0.0000	0.0002	
43	52	0.7358	12	1	1	1	1	0	0	0	0	N	N	N	N	N	N	N	N	N	N	N	N	30.7001	inf	0.0000	25.7013	inf	0.0000	4.6186	inf	0.0000	0.0005	0.0005	0.0000	0.0009	0.0010	0.0000	0.0000	0.0000	0.0000	0.0000	0.0000	0.0000	0.0000	0.0000	0.0003	0.0000	0.0000	0.0000	0.0000	inf	-0.0000	0.0000	18.2331	2.1073	4.4208	0.0711	0.0001	0.0001	0.0000	0.0001	0.0001	0.0000	0.0000	0.0000	0.0000	0.0000	0.0000	0.0000	0.0000	0.0000	0.0000	0.0000	0.0000	0.0000	0.1733	0.1559	0.0174	0.0881	0.0826	0.0055	0.0851	0.0733	0.0118	0.0201	0.0124	0.0076	0.0083	0.0072	0.0011	0.0118	0.0053	0.0066	30.7001	inf	0.0000	25.7013	inf	0.0000	4.6186	inf	0.0000	0.0000	0.0000	0.0000	0.0000	0.0000	0.0003	0.0000	0.0000	0.0000
43	53	0.6734	11	1	0	1	1	0	0	0	0	N	N	N	N	N	N	N	N	N	N	N	N	7594.3224	352421.5349	0.1886	307142.9365	293927.5558	0.3154	8.3513	inf	0.2618	0.9852	1.0958	0.0001	1.8871	2.0250	0.0000	0.0041	0.0047	0.0001	0.0001	0.0000	0.0003	0.0000	0.0000	0.0000	0.0005	0.0000	0.0003	0.0000	71.2232	-0.4824	0.0000	18.2331	21.8329	4.4208	8.0592	1.6799	1.6799	0.0000	1.6766	1.6766	0.0000	0.0033	0.0033	0.0000	0.0000	0.0000	0.0000	0.0000	0.0000	0.0000	0.0000	0.0000	0.0000	1.7052	1.5331	0.1722	0.8884	0.8279	0.0605	0.8168	0.7051	0.1116	0.2345	0.1355	0.0990	0.0708	0.0611	0.0097	0.1637	0.0743	0.0894	7594.3224	352421.5349	0.1886	307142.9365	293927.5558	0.3154	22.3845	inf	0.2618	0.0001	0.0000	0.0003	0.0000	0.0000	0.0000	0.0002	0.0000	0.0003
43	54	0.3265	8	1	1	1	1	0	0	0	0	N	N	N	N	N	N	N	N	N	N	N	N	0.0000	0.0000	0.0000	0.0000	0.0000	0.0000	0.0000	0.0000	0.0000	0.0000	0.0000	0.0000	0.0000	0.0000	0.0000	0.0000	0.0000	0.0000	0.0000	0.0000	18.2331	0.0000	4.4208	0.0000	0.0000	0.0000	0.0000	0.0000	0.0000	0.0000	0.0000	0.0000	0.0000	0.0000	0.0000	0.0000	0.0000	0.0000	0.0000	0.0000	0.0000	0.0000	0.0000	0.0000	0.0000	0.0000	0.0000	0.0000	0.0000	0.0000	0.0000	0.0000	0.0000	0.0000	0.0000	0.0000	0.0000	0.0000	0.0000	0.0000	0.0000	0.0000	0.0000	0.0000	0.0000	0.0000	0.0000	0.0000	0.0000	0.0000	0.0000	0.0000	0.0000	0.0000	0.0000	0.0000	0.0000	0.0000											
43	55	0.6734	11	1	0	1	1	0	0	0	0	N	N	N	N	N	N	N	N	N	N	N	N	9382.7617	inf	0.0000	inf	inf	4283.6339	inf	0.0000	0.1303	0.1456	0.0000	0.0972	0.1072	0.0000	0.1842	0.2101	0.0000	0.0000	0.0000	0.0000	0.0000	0.0000	0.0000	0.0000	0.0000	0.0000	0.0000	inf	-0.0060	0.0000	18.2331	1.2825	4.4208	0.1503	0.0210	0.0210	0.0000	0.0097	0.0097	0.0000	0.0113	0.0113	0.0000	0.0000	0.0000	0.0000	0.0000	0.0000	0.0000	0.0000	0.0000	0.0000	0.1609	0.1440	0.0169	0.0996	0.0903	0.0094	0.0613	0.0538	0.0075	0.0167	0.0107	0.0060	0.0061	0.0056	0.0005	0.0106	0.0051	0.0055	9382.7617	inf	0.0000	inf	inf	0.0000	8430.6729	inf	0.0000	0.0000	0.0000	0.0000	0.0000	0.0000	0.0000	0.0000	0.0000	0.0000	
43	56	0.6324	10	1	0	1	1	0	0	0	0	N	N	N	N	N	N	N	N	N	N	N	N	1659.0987	854.7272	1174.9811	45.9173	42.8553	236.0258	272397.6203	inf	1621.3076	0.7140	0.7919	0.0115	0.0405	0.0432	0.0017	1.4671	1.7043	0.0164	0.0004	0.0009	0.0000	0.0009	0.0010	0.0000	0.0000	0.0000	0.0000	0.0016	0.0114	-0.2943	-0.0001	18.2331	14.8542	4.4208	6.8183	1.0306	1.0290	0.0017	0.0309	0.0308	0.0001	0.9997	0.9981	0.0016	0.0001	0.0001	0.0000	0.0001	0.0001	0.0000	0.0000	0.0000	0.0000	1.4434	1.2993	0.1441	0.7620	0.7136	0.0484	0.6814	0.5857	0.0957	0.2487	0.1539	0.0948	0.0921	0.0807	0.0115	0.1565	0.0732	0.0833	2159.7727	1499.2762	1174.9811	45.9173	42.8553	236.0258	272397.6203	inf	1621.3076	0.0003	0.0005	0.0000	0.0009	0.0010	0.0000	0.0000	0.0000	0.0000
43	57	0.5574	9	1	0	1	1	0	0	0	0	N	N	N	N	N	N	N	N	N	N	N	N	137.1684	44.4694	7259.2367	91.9961	81.0902	716.8721	1301.5047	373.9376	9708.9203	1.1625	0.9147	3.3453	1.2595	1.3542	0.0059	1.0761	0.4962	4.9515	0.0085	0.0206	0.0005	0.0137	0.0167	0.0000	0.0008	0.0013	0.0005	0.4152	0.0705	0.0213	-0.0007	18.2331	33.5853	4.4208	9.3450	3.3978	2.4009	0.9969	1.7342	1.7336	0.0006	1.6636	0.6672	0.9964	0.0012	0.0011	0.0001	0.0011	0.0011	0.0000	0.0001	0.0000	0.0001	2.9228	2.6248	0.2980	1.3769	1.2801	0.0968	1.5459	1.3447	0.2012	0.4166	0.2410	0.1756	0.1283	0.1111	0.0172	0.2883	0.1300	0.1584	394.1293	192.0643	7259.2367	141.0444	131.3349	716.8721	3721.2395	24667.4806	9708.9203	0.0029	0.0048	0.0005	0.0089	0.0103	0.0000	0.0003	0.0000	0.0005
43	58	0.5367	8	1	0	1	0	0	0	0	0	N	N	N	N	N	N	N	N	N	N	N	N	1.7731	1.4914	0.7578	3.0932	2.9603	681.7316	0.0361	0.5063	0.5310	0.9171	1.0146	0.0234	2.0348	2.1529	0.0431	0.0036	0.0016	0.0166	0.5172	0.6803	0.0308	0.6579	0.7273	0.0001	0.1001	0.0032	0.0312	0.0025	0.1824	-0.3941	-0.0035	18.2331	15.2419	4.4208	2.5705	1.3847	1.3812	0.0035	1.3817	1.3801	0.0016	0.0030	0.0012	0.0018	0.0073	0.0062	0.0011	0.0062	0.0062	0.0000	0.0011	0.0000	0.0011	1.5098	1.3614	0.1485	0.6790	0.6410	0.0380	0.8308	0.7203	0.1105	0.1747	0.0994	0.0752	0.0514	0.0444	0.0070	0.1233	0.0550	0.0682	21.8742	16.2913	1.5552	16.8965	15.4534	681.7316	0.3925	16.8587	1.0021	0.0419	0.0623	0.0150	0.1204	0.1393	0.0001	0.0092	0.0001	0.0165
43	59	0.3265	8	1	0	1	1	0	0	0	0	N	N	N	N	N	N	N	N	N	N	N	N	0.0000	0.0000	0.0000	0.0000	0.0000	0.0000	0.0000	0.0000	0.0000	0.0000	0.0000	0.0000	0.0000	0.0000	0.0000	0.0000	0.0000	0.0000	0.0000	-0.0000	18.2331	0.0000	4.4208	0.0000	0.0000	0.0000	0.0000	0.0000	0.0000	0.0000	0.0000	0.0000	0.0000	0.0000	0.0000	0.0000	0.0000	0.0000	0.0000	0.0000	0.0000	0.0000	0.0000	0.0000	0.0000	0.0000	0.0000	0.0000	0.0000	0.0000	0.0000	0.0000	0.0000	0.0000	0.0000	0.0000	0.0000	0.0000	0.0000	0.0000	0.0000	0.0000	0.0000	0.0000	0.0000	0.0000	0.0000	0.0000	0.0000	0.0000	0.0000	0.0000	0.0000	0.0000	0.0000	0.0000	0.0000	0.0000											
43	60	0.2491	7	1	0	1	1	0	0	0	0	N	N	N	N	N	N	N	N	N	N	N	N	0.3093	0.1391	0.0000	0.4066	0.3624	0.0000	0.0570	0.0206	0.0000	0.0002	0.0003	0.0000	0.0010	0.0010	0.0000	0.0000	0.0000	0.0000	0.0007	0.0018	0.0000	0.0024	0.0028	0.0000	0.0000	0.0000	0.0000	0.0000	0.0141	-0.0001	-0.0001	18.2331	19.3360	4.4208	7.9957	0.0003	0.0003	0.0000	0.0003	0.0003	0.0000	0.0000	0.0000	0.0000	0.0002	0.0001	0.0000	0.0001	0.0001	0.0000	0.0000	0.0000	0.0000	1.3287	1.1827	0.1460	0.3125	0.3004	0.0120	1.0162	0.8822	0.1340	0.3221	0.1745	0.1476	0.0623	0.0533	0.0090	0.2598	0.1212	0.1386	0.4891	0.3019	0.0000	0.4066	0.3624	0.0000	0.0660	7.6522	0.0000	0.0005	0.0009	0.0000	0.0024	0.0028	0.0000	0.0000	0.0000	0.0000
43	61	0.4153	7	1	1	2	0	0	0	0	0	N	N	Y	N	N	N	N	N	N	N	N	N	0.0033	0.8863	0.0000	0.9612	1.1386	0.0001	0.0019	215.1473	0.0000	0.0017	0.0019	0.0000	0.0030	0.0032	0.0000	0.0012	0.0014	0.0000	0.5140	0.0021	0.5227	0.0031	0.0028	0.0073	0.6455	0.0000	0.4225	0.0001	80.3818	-0.0005	0.0052	18.2331	14.2360	4.4208	11.9336	0.0018	0.0018	0.0000	0.0009	0.0009	0.0000	0.0010	0.0010	0.0000	0.0145	0.0002	0.0144	0.0002	0.0002	0.0000	0.0143	0.0000	0.0143	1.0877	0.9663	0.1215	0.2911	0.2772	0.0138	0.7967	0.6891	0.1076	0.3551	0.1905	0.1646	0.0699	0.0643	0.0055	0.2853	0.1262	0.1590	0.0412	2.0272	0.0000	0.9612	1.1386	0.0001	0.0240	146611.0846	0.0000	0.0410	0.0009	0.0873	0.0031	0.0028	0.0073	0.0502	0.0000	0.0901
43	62	0.5238	9	2	0	2	0	0	0	0	0	Y	N	Y	N	N	N	N	N	N	N	N	N	0.2067	38.3236	0.5256	21.5823	48.2474	0.4836	0.2409	inf	0.5598	1.0072	0.0015	9.1775	0.0040	0.0043	0.0005	1.5304	0.0000	11.3765	4.8722	0.0000	17.4602	0.0002	0.0001	0.0010	6.3541	0.0000	20.3211	734.0910	265333.9523	1.4246	0.7379	18.2331	28.8660	4.4208	13.2209	2.0022	0.0027	1.9995	0.0027	0.0027	0.0000	1.9995	0.0000	1.9995	1.9855	0.0000	1.9855	0.0000	0.0000	0.0000	1.9855	0.0000	1.9855	1.9878	1.7700	0.2179	0.6814	0.6393	0.0421	1.3065	1.1307	0.1758	0.4075	0.2281	0.1795	0.0950	0.0847	0.0103	0.3125	0.1433	0.1692	0.2067	46.9006	0.8295	21.5823	48.2474	0.4836	0.2409	inf	0.9692	4.8722	0.0000	11.0640	0.0002	0.0001	0.0010	6.3541	0.0000	11.7380
43	63	0.5211	8	2	1	1	0	0	0	0	0	Y	N	N	N	N	N	N	N	N	N	N	N	2.5281	2.9661	0.2593	4.7928	4.6989	0.1570	0.0243	0.0000	0.2864	0.0008	0.0009	0.0001	0.0024	0.0025	0.0000	0.0000	0.0000	0.0001	0.0003	0.0003	0.0003	0.0005	0.0005	0.0002	0.0005	0.0005	0.0003	0.0103	0.9514	-0.0001	-0.0000	18.2331	5.0237	4.4208	8.0282	0.0003	0.0003	0.0000	0.0003	0.0003	0.0000	0.0000	0.0000	0.0000	0.0000	0.0000	0.0000	0.0000	0.0000	0.0000	0.0000	0.0000	0.0000	0.3797	0.3394	0.0403	0.1315	0.1244	0.0070	0.2482	0.2149	0.0333	0.1576	0.0876	0.0700	0.0468	0.0420	0.0048	0.1107	0.0456	0.0651	2.9729	3.5710	0.2593	4.7928	4.6989	0.1570	0.0649	0.0048	0.2864	0.0003	0.0003	0.0003	0.0005	0.0005	0.0002	0.0002	0.0000	0.0003
43	64	0.4581	7	2	1	1	0	0	0	0	0	Y	N	N	N	N	N	N	N	N	N	N	N	0.6369	1.1437	4.6768	0.7748	1.9597	0.1802	0.5743	0.0002	9.5225	0.0032	0.0008	0.0228	0.0022	0.0022	0.0029	0.0037	0.0000	0.0281	0.0050	0.0007	0.0049	0.0029	0.0011	0.0160	0.0064	0.0008	0.0029	3.4348	6.8323	0.0021	0.0002	18.2331	17.5893	4.4208	19.0270	0.0044	0.0010	0.0034	0.0011	0.0010	0.0001	0.0033	0.0000	0.0033	0.0007	0.0001	0.0006	0.0003	0.0001	0.0002	0.0005	0.0000	0.0005	1.3817	1.2328	0.1489	0.4874	0.4563	0.0311	0.8943	0.7765	0.1178	0.3801	0.2120	0.1680	0.0954	0.0842	0.0112	0.2847	0.1278	0.1568	1.6395	1.8106	5.9719	0.7748	1.9597	0.1802	2.2722	0.0199	9.5225	0.0019	0.0004	0.0038	0.0029	0.0011	0.0160	0.0016	0.0000	0.0029
43	65	0.4518	6	1	1	1	0	0	0	0	0	N	N	N	N	N	N	N	N	N	N	N	N	0.2256	0.0903	3.0375	0.7066	0.6946	0.0258	0.3397	0.5066	4.0928	0.0143	0.0145	0.0125	0.0354	0.0371	0.0000	0.0023	0.0003	0.0149	0.0635	0.1609	0.0041	0.0500	0.0534	0.0016	0.0067	0.0006	0.0036	0.0990	0.1350	-0.0004	-0.0004	18.2331	1.7566	4.4208	2.8742	0.0023	0.0021	0.0002	0.0020	0.0020	0.0000	0.0002	0.0000	0.0002	0.0009	0.0008	0.0001	0.0008	0.0008	0.0000	0.0001	0.0000	0.0001	0.1592	0.1427	0.0165	0.0579	0.0553	0.0027	0.1012	0.0874	0.0138	0.0913	0.0625	0.0287	0.0330	0.0316	0.0014	0.0583	0.0310	0.0273	1.5321	1.2093	3.5326	1.5482	1.5569	0.0258	1.3376	88.6472	4.0928	0.0093	0.0120	0.0035	0.0228	0.0238	0.0016	0.0017	0.0000	0.0036
43	66	0.4153	7	1	1	1	0	0	0	0	0	N	N	N	N	N	N	N	N	N	N	N	N	0.9774	1979.1000	0.0910	2443.8317	2358.9310	255.2230	0.0955	5580.3098	0.1216	0.4556	0.5079	0.0363	1.5668	1.6463	0.0061	0.0571	0.0597	0.0402	0.4661	0.0003	0.3989	0.0006	0.0007	0.0000	0.5981	0.0000	0.3307	0.0089	286.9891	-0.1991	0.0053	18.2331	21.1811	4.4208	10.1862	0.7153	0.7090	0.0063	0.6493	0.6492	0.0001	0.0660	0.0598	0.0062	0.0144	0.0000	0.0143	0.0001	0.0000	0.0000	0.0143	0.0000	0.0143	1.5700	1.3959	0.1742	0.4144	0.3943	0.0201	1.1557	1.0016	0.1541	0.4110	0.2207	0.1903	0.0781	0.0715	0.0066	0.3329	0.1492	0.1837	13.0227	2245.3468	0.4820	2443.8317	2358.9310	255.2230	1.3274	2228020.6519	0.5157	0.0350	0.0002	0.0753	0.0006	0.0007	0.0000	0.0430	0.0000	0.0780
43	67	0.4015	6	1	1	1	0	0	0	0	0	N	N	N	N	N	N	N	N	N	N	N	N	0.0008	24.0337	0.0002	19.1776	18.7939	0.9460	0.0002	inf	0.0002	0.0011	0.0011	0.0009	0.0031	0.0032	0.0001	0.0003	0.0002	0.0010	1.3182	0.0000	4.8059	0.0002	0.0002	0.0001	1.5469	0.0000	5.1764	0.0949	46623.9896	-0.0001	0.0404	18.2331	7.4253	4.4208	0.9851	0.0007	0.0006	0.0001	0.0006	0.0006	0.0000	0.0001	0.0001	0.0001	0.1087	0.0000	0.1087	0.0000	0.0000	0.0000	0.1087	0.0000	0.1087	0.6255	0.5585	0.0670	0.1849	0.1755	0.0093	0.4406	0.3829	0.0577	0.1063	0.0572	0.0490	0.0154	0.0136	0.0018	0.0908	0.0436	0.0472	0.0011	27.7162	0.0004	19.1776	18.7939	0.9460	0.0002	inf	0.0004	1.0234	0.0000	2.2173	0.0002	0.0002	0.0001	1.1970	0.0000	2.3029
43	68	0.6048	9	1	0	2	0	0	0	0	0	N	N	Y	N	N	N	N	N	N	N	N	N	0.2648	1410.2000	0.0451	27.5384	6.2233	124.6785	0.3613	inf	0.0000	0.1609	0.1727	0.0477	0.0111	0.0015	0.1945	0.2931	0.3388	0.0000	0.6074	0.0001	1.0569	0.0004	0.0002	0.0016	0.8112	0.0000	1.0476	0.0289	740.6880	-0.0588	0.0048	18.2331	15.0354	4.4208	6.2061	0.2271	0.2207	0.0064	0.0073	0.0009	0.0064	0.2198	0.2198	0.0000	0.0130	0.0000	0.0130	0.0000	0.0000	0.0000	0.0130	0.0000	0.0130	1.4116	1.2777	0.1339	0.6618	0.6290	0.0328	0.7498	0.6487	0.1011	0.2374	0.1435	0.0939	0.0830	0.0729	0.0101	0.1545	0.0707	0.0838	2.9295	1410.2000	0.3437	27.5384	6.2233	124.6785	3.4813	inf	0.0000	0.0549	0.0001	0.1386	0.0004	0.0002	0.0016	0.0842	0.0000	0.1552
43	69	0.5367	8	1	0	1	0	0	0	0	0	N	N	N	N	N	N	N	N	N	N	N	N	0.2896	843.6623	0.0092	746.4460	841.7080	203.6910	0.1560	454.9225	0.0000	0.7735	0.8473	0.1024	1.0397	1.0763	0.4265	0.5784	0.6652	0.0001	2.6707	0.0010	11.1366	0.0014	0.0013	0.0021	3.7078	0.0015	12.8155	0.0133	8468.3758	-0.4950	0.3635	18.2331	27.6811	4.4208	13.1592	1.8065	1.7828	0.0237	1.0267	1.0030	0.0237	0.7798	0.7798	0.0000	0.9784	0.0001	0.9783	0.0001	0.0001	0.0000	0.9783	0.0000	0.9783	2.3356	2.1042	0.2314	0.9875	0.9319	0.0555	1.3481	1.1723	0.1759	0.3664	0.2068	0.1595	0.1025	0.0882	0.0144	0.2638	0.1187	0.1452	0.2896	1516.9094	0.0167	746.4460	841.7080	203.6910	0.1560	28117.2409	0.0000	2.6707	0.0006	6.1327	0.0014	0.0013	0.0021	3.7078	0.0000	6.7393
43	70	0.5019	7	1	0	1	0	0	0	0	0	N	N	N	N	N	N	N	N	N	N	N	N	0.0428	1.7697	0.0118	5.0020	4.4891	33.5822	0.0015	0.4317	0.0029	0.0162	0.0177	0.0031	0.0366	0.0381	0.0111	0.0008	0.0008	0.0007	0.3793	0.0100	0.2633	0.0073	0.0085	0.0003	0.5321	0.0018	0.2368	0.0194	14.1093	-0.0076	0.0020	18.2331	19.6565	4.4208	4.0504	0.0282	0.0276	0.0005	0.0274	0.0270	0.0004	0.0008	0.0007	0.0001	0.0067	0.0004	0.0063	0.0004	0.0004	0.0000	0.0063	0.0000	0.0063	1.7350	1.5623	0.1726	0.7482	0.7082	0.0400	0.9868	0.8542	0.1326	0.2570	0.1520	0.1050	0.0806	0.0713	0.0093	0.1763	0.0806	0.0957	0.6228	6.0634	0.0521	6.6588	6.1677	33.5822	0.0219	21.3169	0.0104	0.0261	0.0029	0.0596	0.0055	0.0062	0.0003	0.0355	0.0000	0.0653
43	71	0.4046	7	2	1	1	0	0	0	0	0	Y	N	N	N	N	N	N	N	N	N	N	N	2062.0866	2.4818	20928226.7025	3.7240	3.4483	0.0000	13758087.4047	inf	56934338.0131	0.7039	0.0023	6.8076	0.0071	0.0074	0.0000	0.9932	0.0000	7.8816	0.0003	0.0009	0.0000	0.0019	0.0022	0.0000	0.0000	0.0000	0.0000	337.6477	0.0005	0.7119	-0.0001	18.2331	17.5448	4.4208	6.0013	1.0028	0.0030	0.9999	0.0030	0.0030	0.0000	0.9999	0.0000	0.9999	0.0001	0.0001	0.0000	0.0001	0.0001	0.0000	0.0000	0.0000	0.0000	1.4246	1.2778	0.1469	0.4179	0.3979	0.0200	1.0067	0.8799	0.1269	0.2788	0.1503	0.1285	0.0420	0.0370	0.0050	0.2369	0.1134	0.1235	2458.2656	4.3658	20928226.7025	3.7240	3.4483	0.0000	13758087.4047	inf	56934338.0131	0.0003	0.0005	0.0000	0.0019	0.0022	0.0000	0.0000	0.0000	0.0000
43	72	0.4731	10	2	1	2	0	0	0	0	0	Y	N	Y	N	N	N	N	N	N	N	N	N	0.0000	0.0000	0.0000	0.0000	0.0000	0.0000	0.0000	0.0000	0.0000	0.0000	0.0000	0.0000	0.0000	0.0000	0.0000	0.0000	0.0000	0.0000	0.0000	0.0000	0.0000	0.0000	0.0000	0.0000	0.0000	2.2174	0.0000	0.0000	18.2331	1.8980	4.4208	2.9698	0.0000	0.0000	0.0000	0.0000	0.0000	0.0000	0.0000	0.0000	0.0000	0.0000	0.0000	0.0000	0.0000	0.0000	0.0000	0.0000	0.0000	0.0000	0.1531	0.1358	0.0172	0.0430	0.0413	0.0017	0.1100	0.0946	0.0155	0.0961	0.0648	0.0313	0.0321	0.0305	0.0017	0.0640	0.0344	0.0297	0.0000	0.0000	0.0000	0.0000	0.0000	0.0000	0.0000	0.0000	0.0000	0.0000	0.0000	0.0000	0.0000	0.0000	0.0000	0.0000	0.0000	0.0000			
43	73	0.4535	9	2	0	2	0	0	0	0	0	Y	N	Y	N	N	N	N	N	N	N	N	N	0.0664	0.1345	0.0005	0.0003	0.0004	0.0002	0.1132	0.4869	0.0000	0.0000	0.0000	0.0000	0.0000	0.0000	0.0000	0.0000	0.0000	0.0000	0.0002	0.0001	0.0003	0.0004	0.0003	0.0026	0.0003	0.0001	0.0002	0.0011	1.9899	-0.0000	0.0000	18.2331	3.5853	4.4208	4.3819	0.0000	0.0000	0.0000	0.0000	0.0000	0.0000	0.0000	0.0000	0.0000	0.0000	0.0000	0.0000	0.0000	0.0000	0.0000	0.0000	0.0000	0.0000	0.7931	0.7277	0.0654	0.5020	0.4788	0.0232	0.2912	0.2489	0.0423	0.1213	0.0755	0.0458	0.0290	0.0270	0.0020	0.0923	0.0485	0.0438	0.0664	0.1345	0.0005	0.0003	0.0004	0.0002	0.3094	163.4234	0.0000	0.0002	0.0001	0.0003	0.0004	0.0003	0.0026	0.0001	0.0000	0.0002
43	74	0.4220	8	2	0	2	0	0	0	0	0	Y	N	Y	N	N	N	N	N	N	N	N	N	0.6827	0.6112	0.3305	0.9277	0.9209	62.2763	0.1893	14.1650	0.3736	0.4727	0.5178	0.0417	1.2603	1.3121	0.0343	0.0662	0.0694	0.0429	0.6924	0.8471	0.1261	1.3585	1.4249	0.0006	0.3495	0.0049	0.1149	0.0084	0.2886	-0.1446	-0.0074	18.2331	12.3589	4.4208	7.3592	0.5188	0.5145	0.0043	0.4709	0.4704	0.0005	0.0479	0.0441	0.0038	0.0183	0.0142	0.0041	0.0142	0.0142	0.0000	0.0041	0.0000	0.0041	1.0975	0.9936	0.1039	0.3736	0.3585	0.0152	0.7239	0.6351	0.0888	0.2406	0.1397	0.1009	0.0466	0.0421	0.0046	0.1939	0.0977	0.0963	6.2147	5.0947	1.0253	4.1445	3.8919	62.2763	3.1195	380.5081	1.0089	0.0761	0.1016	0.0406	0.3041	0.3371	0.0006	0.0212	0.0002	0.0425
43	75	0.4046	7	2	0	2	0	0	0	0	0	Y	N	Y	N	N	N	N	N	N	N	N	N	0.0010	0.2564	0.0002	0.4049	0.3430	1.6476	0.0001	2.1842	0.0001	0.0007	0.0008	0.0003	0.0021	0.0022	0.0010	0.0001	0.0001	0.0001	0.7726	0.0031	1.7110	0.0052	0.0063	0.0006	0.9118	0.0000	1.6554	0.0362	157.8423	-0.0002	0.0052	18.2331	10.2127	4.4208	1.0234	0.0007	0.0006	0.0000	0.0006	0.0006	0.0000	0.0001	0.0000	0.0000	0.0143	0.0001	0.0142	0.0001	0.0001	0.0000	0.0142	0.0000	0.0142	0.9097	0.8203	0.0894	0.2922	0.2790	0.0132	0.6175	0.5413	0.0762	0.1372	0.0739	0.0633	0.0207	0.0182	0.0024	0.1166	0.0557	0.0609	0.0071	0.6492	0.0012	0.4734	0.4351	1.6476	0.0008	816.8469	0.0006	0.1043	0.0012	0.2248	0.0044	0.0049	0.0006	0.1220	0.0000	0.2337
43	76	0.4015	6	2	0	1	0	0	0	0	0	Y	N	N	N	N	N	N	N	N	N	N	N	0.0401	4.3276	0.1981	3.5111	3.2783	0.0000	0.0154	0.2701	0.0002	0.0001	0.0008	0.0002	0.0003	0.0000	0.0001	0.0000	0.0010	0.0043	0.0000	0.0043	0.0001	0.0001	0.0000	0.0086	0.0000	0.0038	1.0161	168.4680	0.0000	0.0000	18.2331	3.7027	4.4208	0.0091	0.0001	0.0000	0.0000	0.0000	0.0000	0.0000	0.0000	0.0000	0.0000	0.0001	0.0000	0.0001	0.0000	0.0000	0.0000	0.0001	0.0000	0.0001	0.3476	0.3120	0.0355	0.1215	0.1154	0.0061	0.2261	0.1967	0.0294	0.0475	0.0255	0.0219	0.0069	0.0061	0.0008	0.0406	0.0195	0.0211	0.1013	5.1052	0.2321	3.5111	3.2783	0.0000	0.0675	0.0000	0.2701	0.0017	0.0000	0.0036	0.0001	0.0001	0.0000	0.0020	0.0000	0.0038	
43	77	0.3845	5	1	0	1	0	0	0	0	0	N	N	N	N	N	N	N	N	N	N	N	N	3.0283	44.7923	0.3473	12.5301	68.2198	0.0000	0.0398	0.4861	0.0014	0.0016	0.0003	0.0049	0.0052	0.0000	0.0000	0.0000	0.0003	0.0005	0.0000	0.0008	0.0004	0.0001	0.0051	0.0010	0.0000	0.0006	0.0210	20.9418	-0.0001	0.0000	18.2331	3.8334	4.4208	6.1787	0.0005	0.0005	0.0000	0.0005	0.0005	0.0000	0.0000	0.0000	0.0000	0.0001	0.0000	0.0001	0.0000	0.0000	0.0000	0.0000	0.0000	0.0000	0.3415	0.3038	0.0377	0.0960	0.0915	0.0044	0.2455	0.2123	0.0332	0.1571	0.0878	0.0693	0.0355	0.0332	0.0023	0.1216	0.0545	0.0670	4.0224	54.2924	0.3473	12.5301	68.2198	0.0000	0.1193	0.0000	0.4861	0.0004	0.0000	0.0008	0.0004	0.0001	0.0051	0.0003	0.0000	0.0006	
43	78	0.3454	4	1	0	1	0	0	0	0	0	N	N	N	N	N	N	N	N	N	N	N	N	0.1041	1.6621	0.3350	0.5660	2.5189	0.0000	0.0388	0.3013	0.6240	0.0007	0.0005	0.0030	0.0014	0.0014	0.0000	0.0005	0.0001	0.0034	0.0069	0.0003	0.0091	0.0024	0.0006	0.0287	0.0127	0.0002	0.0055	0.7827	17.2202	0.0002	0.0003	18.2331	16.9094	4.4208	5.8161	0.0011	0.0006	0.0005	0.0005	0.0005	0.0000	0.0005	0.0001	0.0005	0.0010	0.0001	0.0009	0.0002	0.0001	0.0002	0.0007	0.0000	0.0007	1.4598	1.3082	0.1516	0.3780	0.3622	0.0158	1.0819	0.9460	0.1359	0.3837	0.2267	0.1569	0.1000	0.0927	0.0073	0.2836	0.1340	0.1496	0.2858	1.9263	0.5229	0.5660	2.5189	0.0000	0.1923	89.9745	0.7032	0.0025	0.0002	0.0058	0.0024	0.0006	0.0261	0.0026	0.0000	0.0048
43	79	0.4518	6	1	1	1	0	0	0	0	0	N	N	N	N	N	N	N	N	N	N	N	N	4.4801	3.4619	0.0008	4.0007	4.8554	0.0005	0.0000	inf	0.0000	0.0012	0.0013	0.0000	0.0035	0.0037	0.0000	0.0000	0.0000	0.0000	0.0003	0.0004	0.0002	0.0009	0.0008	0.0018	0.0001	0.0000	0.0001	0.0000	0.4354	-0.0006	-0.0000	18.2331	23.9173	4.4208	17.8091	0.0020	0.0020	0.0000	0.0020	0.0020	0.0000	0.0000	0.0000	0.0000	0.0001	0.0001	0.0000	0.0001	0.0001	0.0000	0.0000	0.0000	0.0000	1.7452	1.5607	0.1845	0.5790	0.5481	0.0310	1.1662	1.0127	0.1535	0.4321	0.2514	0.1807	0.1088	0.0970	0.0118	0.3233	0.1545	0.1688	4.7339	4.4209	0.0008	4.0007	4.8554	0.0005	0.0001	inf	0.0000	0.0002	0.0003	0.0002	0.0009	0.0008	0.0018	0.0000	0.0000	0.0001
43	80	0.4357	5	1	1	1	0	0	0	0	0	N	N	N	N	N	N	N	N	N	N	N	N	3301.6051	4836.4192	0.0027	8181.3121	7924.4064	0.7765	0.0427	1.3678	0.0023	1.8511	2.0732	0.0000	5.4536	5.7747	0.0000	0.0000	0.0000	0.0000	0.0006	0.0004	0.0005	0.0007	0.0007	0.0000	0.0008	0.0000	0.0006	0.0000	0.8773	-0.2435	-0.0000	18.2331	6.1279	4.4208	3.6878	0.8480	0.8480	0.0000	0.8479	0.8479	0.0000	0.0000	0.0000	0.0000	0.0001	0.0000	0.0000	0.0000	0.0000	0.0000	0.0000	0.0000	0.0000	0.4581	0.4090	0.0491	0.1555	0.1468	0.0086	0.3026	0.2622	0.0404	0.1297	0.0841	0.0456	0.0413	0.0377	0.0035	0.0884	0.0463	0.0421	4650.1271	6337.9403	0.0027	8181.3121	7924.4064	0.7765	0.1218	505.1912	0.0023	0.0004	0.0003	0.0005	0.0007	0.0007	0.0000	0.0003	0.0000	0.0006
43	81	0.5238	9	2	0	2	0	0	0	0	0	Y	N	Y	N	N	N	N	N	N	N	N	N	2.5270	1.9263	4.7921	2.2483	2.2279	0.0933	7896.3400	138763.0872	10.0364	1.0493	1.1785	0.0006	1.5253	1.6260	0.0001	0.7994	0.9238	0.0007	0.4152	0.6118	0.0001	0.6784	0.7298	0.0010	0.0001	0.0000	0.0001	0.0001	0.0019	-0.5746	-0.0071	18.2331	27.2690	4.4208	12.3406	2.0017	2.0016	0.0001	1.0016	1.0016	0.0000	1.0001	0.9999	0.0001	0.0114	0.0114	0.0000	0.0114	0.0114	0.0000	0.0000	0.0000	0.0000	1.9077	1.6984	0.2093	0.6567	0.6160	0.0406	1.2510	1.0824	0.1686	0.3901	0.2185	0.1716	0.0913	0.0815	0.0098	0.2987	0.1370	0.1618	35.9143	22.6366	4.7921	12.2384	11.6524	0.0933	20146.0368	90377394.3257	10.0364	0.0292	0.0521	0.0001	0.1246	0.1395	0.0010	0.0000	0.0000	0.0001
43	82	0.5085	8	1	0	1	0	0	0	0	0	N	N	N	N	N	N	N	N	N	N	N	N	0.0053	0.2613	0.0029	0.3817	0.3317	4.7199	0.0016	0.1856	0.0046	0.0042	0.0041	0.0052	0.0062	0.0065	0.0001	0.0015	0.0005	0.0082	0.7950	0.0156	1.8228	0.0162	0.0197	0.0000	0.9522	0.0026	1.7635	0.1220	50.3620	-0.0008	0.0041	18.2331	9.0798	4.4208	0.9519	0.0046	0.0041	0.0005	0.0039	0.0039	0.0000	0.0007	0.0002	0.0005	0.0116	0.0002	0.0114	0.0002	0.0002	0.0000	0.0114	0.0000	0.0114	1.1092	1.0129	0.0963	0.6379	0.6031	0.0348	0.4713	0.4098	0.0615	0.1022	0.0559	0.0463	0.0221	0.0195	0.0026	0.0801	0.0365	0.0436	0.0368	1.0111	0.0213	0.6114	0.5700	4.7199	0.0104	6.8757	0.0313	0.1137	0.0040	0.2463	0.0101	0.0115	0.0000	0.1422	0.0001	0.2610
43	83	0.4357	5	1	1	1	0	0	0	0	0	N	N	N	N	N	N	N	N	N	N	N	N	2886.2368	2005.8614	0.0000	2180.7925	2441.8042	0.0000	267720.2315	inf	0.0000	0.4703	0.5261	0.0000	1.2762	1.3510	0.0000	0.0616	0.0709	0.0000	0.0002	0.0003	0.0001	0.0006	0.0006	0.0008	0.0000	0.0000	0.0000	0.0000	0.2012	-0.2043	-0.0000	18.2331	21.0000	4.4208	14.4214	0.7116	0.7116	0.0000	0.6498	0.6498	0.0000	0.0618	0.0618	0.0000	0.0001	0.0001	0.0000	0.0001	0.0001	0.0000	0.0000	0.0000	0.0000	1.5131	1.3525	0.1606	0.5091	0.4809	0.0282	1.0040	0.8716	0.1324	0.3686	0.2186	0.1501	0.1025	0.0904	0.0122	0.2661	0.1282	0.1379	2886.2368	2299.7093	0.0000	2180.7925	2441.8042	0.0000	267720.2315	inf	0.0000	0.0002	0.0002	0.0001	0.0006	0.0006	0.0008	0.0000	0.0000	0.0000
43	84	0.4934	9	1	0	2	0	0	0	0	0	N	N	Y	N	N	N	N	N	N	N	N	N	7583.1871	4038.3258	30415.4935	3315.5562	1163.6586	2756338.2824	7032.1312	inf	2824.8533	1.7149	1.4058	4.3876	1.9462	0.8099	22.9330	1.5884	1.7621	0.4488	0.0002	0.0003	0.0001	0.0006	0.0007	0.0000	0.0002	0.0000	0.0002	0.3609	0.4017	-0.0587	-0.0000	18.2331	20.4085	4.4208	11.0867	2.6744	1.9652	0.7092	1.0730	0.4236	0.6494	1.6015	1.5416	0.0598	0.0001	0.0001	0.0000	0.0001	0.0001	0.0000	0.0000	0.0000	0.0000	1.5595	1.3979	0.1616	0.5513	0.5230	0.0283	1.0082	0.8749	0.1333	0.3170	0.1764	0.1406	0.0862	0.0726	0.0137	0.2308	0.1038	0.1269	7679.5843	4909.8113	30415.4935	3315.5562	1163.6586	2756338.2824	18171.9896	inf	2824.8533	0.0002	0.0003	0.0001	0.0006	0.0007	0.0000	0.0001	0.0000	0.0002
43	85	0.4897	8	1	0	2	0	0	0	0	0	N	N	Y	N	N	N	N	N	N	N	N	N	2.8950	0.8207	242.2498	1.2332	0.3408	449.4683	82.4298	4.3087	30.8072	0.0006	0.0003	0.0026	0.0008	0.0002	0.0117	0.0004	0.0004	0.0003	0.0002	0.0004	0.0000	0.0006	0.0007	0.0000	0.0000	0.0001	0.0000	0.7915	0.0236	0.0000	-0.0000	18.2331	3.1287	4.4208	1.1816	0.0002	0.0001	0.0001	0.0001	0.0000	0.0001	0.0001	0.0001	0.0000	0.0000	0.0000	0.0000	0.0000	0.0000	0.0000	0.0000	0.0000	0.0000	0.3145	0.2848	0.0297	0.1348	0.1287	0.0061	0.1797	0.1561	0.0236	0.0522	0.0307	0.0215	0.0161	0.0138	0.0023	0.0361	0.0169	0.0192	2.8950	1.0741	242.2498	1.2332	0.3408	449.4683	82.4298	1338.5938	30.8072	0.0002	0.0003	0.0000	0.0006	0.0007	0.0000	0.0000	0.0000	0.0000
43	86	0.4827	7	1	0	1	0	0	0	0	0	N	N	N	N	N	N	N	N	N	N	N	N	0.0220	0.0106	0.0000	0.0014	0.0013	0.0000	1.4843	0.0259	0.0000	0.0000	0.0000	0.0000	0.0000	0.0000	0.0000	0.0000	0.0000	0.0000	0.0004	0.0010	0.0000	0.0012	0.0013	0.0000	0.0000	0.0007	0.0000	0.0000	0.0161	-0.0000	-0.0000	18.2331	4.0532	4.4208	2.2470	0.0000	0.0000	0.0000	0.0000	0.0000	0.0000	0.0000	0.0000	0.0000	0.0000	0.0000	0.0000	0.0000	0.0000	0.0000	0.0000	0.0000	0.0000	0.3486	0.3142	0.0344	0.1310	0.1247	0.0063	0.2176	0.1895	0.0281	0.0774	0.0455	0.0319	0.0224	0.0198	0.0026	0.0550	0.0257	0.0293	0.0289	0.0191	0.0000	0.0014	0.0013	0.0000	1.8918	3.9805	0.0000	0.0003	0.0006	0.0000	0.0012	0.0013	0.0000	0.0000	0.0000	0.0000
43	87	0.4596	6	1	0	1	0	0	0	0	0	N	N	N	N	N	N	N	N	N	N	N	N	0.1564	0.0987	0.5713	0.1646	0.1622	0.2245	79.2633	23.8847	0.5692	0.0423	0.0467	0.0003	0.0458	0.0480	0.0005	0.0392	0.0454	0.0002	0.2702	0.4729	0.0004	0.2784	0.2960	0.0022	0.0005	0.0019	0.0003	0.0006	0.0089	-0.0056	-0.0024	18.2331	4.7288	4.4208	9.8540	0.0194	0.0194	0.0000	0.0097	0.0097	0.0000	0.0097	0.0097	0.0000	0.0039	0.0039	0.0000	0.0039	0.0039	0.0000	0.0000	0.0000	0.0000	0.4594	0.4157	0.0437	0.2112	0.2015	0.0097	0.2481	0.2141	0.0340	0.2067	0.1296	0.0771	0.0628	0.0579	0.0049	0.1439	0.0717	0.0722	2.2408	1.5659	0.5713	0.7436	0.7204	0.2245	212.4094	1097.1763	0.5692	0.0189	0.0298	0.0004	0.0616	0.0666	0.0022	0.0002	0.0000	0.0003
43	88	0.4357	5	1	0	1	0	0	0	0	0	N	N	N	N	N	N	N	N	N	N	N	N	9.3460	55655.6567	0.0661	29534.0891	73060.7274	0.9360	0.0067	3.0411	0.0869	2.8739	3.2164	0.0147	8.4755	8.9741	0.0017	0.0032	0.0010	0.0175	0.3075	0.0001	0.2223	0.0003	0.0001	0.0018	0.4719	0.0003	0.2012	0.0005	617.3691	-0.5281	0.0014	18.2331	8.6320	4.4208	7.0881	1.8426	1.8416	0.0010	1.8413	1.8412	0.0000	0.0013	0.0004	0.0010	0.0039	0.0000	0.0039	0.0000	0.0000	0.0000	0.0039	0.0000	0.0039	0.6411	0.5726	0.0686	0.2172	0.2052	0.0121	0.4239	0.3674	0.0565	0.1870	0.1163	0.0707	0.0561	0.0505	0.0056	0.1309	0.0658	0.0651	138.3094	59547.3619	0.2676	29534.0891	73060.7274	0.9360	0.1070	767.7219	0.2939	0.0208	0.0001	0.0549	0.0003	0.0001	0.0018	0.0296	0.0000	0.0595
43	89	0.5035	7	1	1	1	0	0	0	0	0	N	N	N	N	N	N	N	N	N	N	N	N	1294.0810	735.4619	0.0143	1361.9399	1325.4324	2.2118	907.1712	54.3531	0.0000	1.1509	1.2953	0.0000	0.9271	1.0212	0.0000	1.3453	1.5433	0.0000	0.0009	0.0018	0.0001	0.0007	0.0008	0.0000	0.0015	0.0284	0.0001	0.0000	0.0942	-0.4575	-0.0001	18.2331	15.4622	4.4208	5.2688	1.5933	1.5933	0.0000	0.5968	0.5968	0.0000	0.9965	0.9965	0.0000	0.0001	0.0001	0.0000	0.0000	0.0000	0.0000	0.0001	0.0001	0.0000	1.3844	1.2301	0.1543	0.6437	0.5844	0.0593	0.7407	0.6456	0.0950	0.2165	0.1287	0.0878	0.0692	0.0612	0.0081	0.1473	0.0676	0.0797	2138.2026	1565.3248	0.0143	1361.9399	1325.4324	2.2118	2854.7972	1755.6493	0.0000	0.0005	0.0008	0.0001	0.0007	0.0008	0.0000	0.0005	0.0009	0.0001
43	90	0.4917	6	1	0	1	0	0	0	0	0	N	N	N	N	N	N	N	N	N	N	N	N	929.6600	1632.1438	72.5052	2723.7300	2628.7346	1260.7729	9.4162	3.9418	0.2744	0.4620	0.5062	0.0402	1.0216	1.0698	0.1608	0.0104	0.0119	0.0002	0.0005	0.0003	0.0006	0.0004	0.0004	0.0001	0.0011	0.0030	0.0006	0.0083	1.2774	-0.0914	-0.0000	18.2331	7.5917	4.4208	1.5198	0.3277	0.3250	0.0027	0.3236	0.3209	0.0027	0.0041	0.0041	0.0000	0.0000	0.0000	0.0000	0.0000	0.0000	0.0000	0.0000	0.0000	0.0000	0.7092	0.6419	0.0672	0.3167	0.2999	0.0168	0.3924	0.3420	0.0505	0.1220	0.0767	0.0453	0.0457	0.0405	0.0052	0.0762	0.0361	0.0401	1256.8957	1971.1290	72.5052	2723.7300	2628.7346	1260.7729	28.7049	134.8882	0.2744	0.0004	0.0003	0.0006	0.0004	0.0004	0.0001	0.0004	0.0001	0.0006
43	91	0.6010	10	2	0	2	0	0	0	0	0	Y	N	Y	N	N	N	N	N	N	N	N	N	inf	inf	inf	inf	inf	inf	0.1176	0.1308	0.0000	0.0031	0.0033	0.0000	0.1993	0.2302	0.0000	0.0000	0.0000	0.0000	0.0000	0.0000	0.0000	0.0000	0.0000	0.0000	0.0000	-0.0076	0.0000	18.2331	3.0317	4.4208	0.1644	0.0266	0.0266	0.0000	0.0003	0.0003	0.0000	0.0263	0.0263	0.0000	0.0000	0.0000	0.0000	0.0000	0.0000	0.0000	0.0000	0.0000	0.0000	0.2262	0.2034	0.0227	0.0942	0.0891	0.0050	0.1320	0.1143	0.0177	0.0294	0.0166	0.0128	0.0071	0.0063	0.0008	0.0223	0.0103	0.0120	inf	inf	0.0000	inf	inf	0.0000	inf	inf	0.0000	0.0000	0.0000	0.0000	0.0000	0.0000	0.0000	0.0000	0.0000	0.0000				
43	92	0.5952	9	2	0	2	0	0	0	0	0	Y	N	Y	N	N	N	N	N	N	N	N	N	203452.5156	inf	0.0000	125324.9865	inf	0.0000	257814.0107	inf	0.0000	0.2087	0.2297	0.0000	0.2161	0.2270	0.0000	0.2019	0.2324	0.0000	0.0000	0.0000	0.0000	0.0000	0.0000	0.0000	0.0000	0.0000	0.0000	0.0000	inf	-0.0150	0.0000	18.2331	2.6632	4.4208	1.0147	0.0521	0.0521	0.0000	0.0257	0.0257	0.0000	0.0264	0.0264	0.0000	0.0000	0.0000	0.0000	0.0000	0.0000	0.0000	0.0000	0.0000	0.0000	0.2496	0.2268	0.0228	0.1187	0.1130	0.0057	0.1309	0.1137	0.0172	0.0365	0.0211	0.0154	0.0094	0.0085	0.0009	0.0271	0.0126	0.0145	203452.5156	inf	0.0000	125324.9865	inf	0.0000	257814.0107	inf	0.0000	0.0000	0.0000	0.0000	0.0000	0.0000	0.0000	0.0000	0.0000	0.0000
43	93	0.5120	8	2	0	2	0	0	0	0	0	Y	N	Y	N	N	N	N	N	N	N	N	N	1641.7897	1123.1512	821.3928	192.6340	248.8746	1.8768	155898.3368	100449.7052	23504.9734	0.4433	0.4787	0.1293	0.2135	0.2260	0.0050	0.6047	0.6719	0.1665	0.0003	0.0004	0.0002	0.0011	0.0009	0.0026	0.0000	0.0000	0.0000	0.0305	0.3969	-0.3237	-0.0000	18.2331	35.0787	4.4208	12.2568	1.2566	1.2195	0.0372	0.2497	0.2493	0.0003	1.0070	0.9701	0.0368	0.0001	0.0001	0.0000	0.0001	0.0001	0.0000	0.0000	0.0000	0.0000	2.8346	2.5473	0.2874	1.1694	1.1034	0.0661	1.6652	1.4439	0.2213	0.4401	0.2417	0.1985	0.0980	0.0867	0.0113	0.3421	0.1550	0.1871	1774.1612	1469.5351	821.3928	192.6340	248.8746	1.8768	155898.3368	61203149.1443	23504.9734	0.0002	0.0003	0.0002	0.0011	0.0009	0.0026	0.0000	0.0000	0.0000
43	94	0.4984	7	2	0	1	0	0	0	0	0	Y	N	N	N	N	N	N	N	N	N	N	N	289.4928	68.9004	6186.1362	108.7755	93.7971	7.5493	553.4444	19.5723	8699.7040	1.2248	0.3507	9.5864	0.5563	0.5904	0.0006	1.9949	0.0491	14.2495	0.0042	0.0051	0.0015	0.0051	0.0063	0.0001	0.0036	0.0025	0.0016	2.8579	0.7326	0.5896	-0.0000	18.2331	8.4810	4.4208	2.3446	1.2997	0.3369	0.9628	0.3160	0.3160	0.0000	0.9837	0.0209	0.9628	0.0002	0.0001	0.0001	0.0001	0.0001	0.0000	0.0001	0.0000	0.0001	1.0611	0.9607	0.1004	0.5680	0.5351	0.0329	0.4931	0.4255	0.0676	0.1087	0.0592	0.0494	0.0234	0.0206	0.0028	0.0853	0.0386	0.0467	734.4058	198.5214	6186.1362	127.3342	119.2570	7.5493	2151.4986	715.4384	8699.7040	0.0017	0.0018	0.0015	0.0044	0.0050	0.0001	0.0009	0.0001	0.0016
43	95	0.4357	5	1	1	1	1	0	0	0	0	N	N	N	N	N	N	N	N	N	N	N	N	0.0048	1.1281	0.0000	0.0676	0.0684	0.0000	0.0052	0.1005	0.0000	0.0103	0.0115	0.0000	0.0003	0.0003	0.0000	0.0153	0.0177	0.0001	2.1438	0.0102	9.9290	0.0039	0.0040	0.0032	2.9467	0.1757	11.4477	0.0005	1238.0345	-0.0051	0.3702	18.2331	24.0032	4.4208	22.6134	0.0176	0.0176	0.0000	0.0002	0.0002	0.0000	0.0175	0.0175	0.0000	0.9982	0.0008	0.9974	0.0005	0.0004	0.0000	0.9977	0.0004	0.9973	1.7171	1.5352	0.1819	0.5769	0.5450	0.0319	1.1402	0.9902	0.1500	0.4656	0.2731	0.1925	0.1270	0.1113	0.0157	0.3386	0.1618	0.1768	0.0048	3.8958	0.0000	0.0725	0.0756	0.0000	0.0052	7.1445	0.0000	2.1438	0.0029	5.1820	0.0036	0.0036	0.0032	2.9467	0.0025	5.6414
43	96	0.1962	5	1	1	1	0	0	0	0	0	N	N	N	N	N	N	N	N	N	N	N	N	1819.5828	409.5103	931944.6145	1413.7857	1349.5897	0.0175	371351.6183	inf	1357826.4724	1.1785	0.5998	5.4718	2.7451	2.8657	0.0000	0.8050	0.0000	5.8724	0.0006	0.0015	0.0000	0.0019	0.0021	0.0000	0.0000	0.0000	0.0000	1.2299	0.0055	0.4792	-0.0001	18.2331	18.5150	4.4208	10.2301	1.8123	0.8127	0.9996	0.8127	0.8127	0.0000	0.9996	0.0000	0.9996	0.0002	0.0002	0.0000	0.0002	0.0002	0.0000	0.0000	0.0000	0.0000	1.5377	1.3551	0.1827	0.2961	0.2836	0.0125	1.2417	1.0715	0.1702	0.5045	0.2985	0.2060	0.1129	0.1031	0.0098	0.3916	0.1954	0.1961	2701.2341	817.9206	931944.6145	1413.7857	1349.5897	0.0175	371351.6183	inf	1357826.4724	0.0004	0.0007	0.0000	0.0019	0.0021	0.0000	0.0000	0.0000	0.0000
43	97	0.4649	6	1	1	1	0	0	0	0	0	N	N	N	N	N	N	N	N	N	N	N	N	28.5594	862.8182	1.0325	849.9078	1214.8801	3.8524	0.0895	0.2948	1.2370	0.2672	0.2966	0.0110	0.7705	0.8140	0.0079	0.0020	0.0005	0.0117	0.0094	0.0003	0.0106	0.0009	0.0007	0.0021	0.0221	0.0019	0.0094	0.0042	19.0291	-0.2419	0.0007	18.2331	46.1140	4.4208	26.4917	0.8549	0.8513	0.0036	0.8507	0.8503	0.0005	0.0041	0.0010	0.0031	0.0021	0.0001	0.0020	0.0002	0.0001	0.0001	0.0019	0.0000	0.0019	3.1992	2.8699	0.3293	1.1042	1.0446	0.0595	2.0950	1.8253	0.2698	0.6639	0.3650	0.2988	0.1709	0.1417	0.0293	0.4929	0.2234	0.2696	85.5499	1045.8061	1.6650	849.9078	1214.8801	3.8524	0.5081	14.1928	1.6448	0.0031	0.0003	0.0066	0.0009	0.0007	0.0021	0.0039	0.0000	0.0071
43	98	0.2491	7	1	1	1	0	0	0	0	0	N	N	N	N	N	N	N	N	N	N	N	N	0.0289	0.0085	122.0029	0.0255	0.0227	0.0000	40.6222	0.0000	190.9094	0.0000	0.0000	0.0001	0.0001	0.0001	0.0000	0.0000	0.0000	0.0001	0.0007	0.0019	0.0000	0.0024	0.0028	0.0000	0.0000	0.0000	0.0000	0.4999	0.0005	0.0000	-0.0001	18.2331	20.7840	4.4208	8.9470	0.0000	0.0000	0.0000	0.0000	0.0000	0.0000	0.0000	0.0000	0.0000	0.0002	0.0002	0.0000	0.0002	0.0002	0.0000	0.0000	0.0000	0.0000	1.4084	1.2529	0.1554	0.3250	0.3122	0.0127	1.0834	0.9407	0.1427	0.3465	0.1878	0.1588	0.0665	0.0568	0.0097	0.2800	0.1310	0.1490	0.0459	0.0187	122.0029	0.0255	0.0227	0.0000	40.6222	0.0000	190.9094	0.0005	0.0009	0.0000	0.0024	0.0028	0.0000	0.0000	0.0000	0.0000
43	99	0.2442	6	1	0	1	0	0	0	0	0	N	N	N	N	N	N	N	N	N	N	N	N	0.0193	0.0964	0.0444	0.0669	0.0670	0.0382	0.0119	0.0320	0.0662	0.0001	0.0001	0.0002	0.0001	0.0001	0.0000	0.0001	0.0001	0.0002	0.0047	0.0009	0.0040	0.0008	0.0008	0.0000	0.0110	0.0036	0.0036	0.2126	5.5115	-0.0000	0.0000	18.2331	2.7834	4.4208	1.0450	0.0001	0.0000	0.0000	0.0000	0.0000	0.0000	0.0000	0.0000	0.0000	0.0002	0.0000	0.0001	0.0000	0.0000	0.0000	0.0001	0.0000	0.0001	0.6272	0.5714	0.0557	0.3222	0.3081	0.0141	0.3050	0.2634	0.0416	0.0889	0.0497	0.0392	0.0283	0.0271	0.0012	0.0606	0.0226	0.0380	0.0497	0.1640	0.0511	0.0669	0.0670	0.0382	0.0566	1.0131	0.0662	0.0018	0.0005	0.0035	0.0008	0.0008	0.0000	0.0023	0.0001	0.0036
43	100	0.2342	5	1	0	1	0	0	0	0	0	N	N	N	N	N	N	N	N	N	N	N	N	3.5982	2.9149	2.3731	5.0649	4.9677	2.4956	2.1321	0.3233	2.3175	0.0028	0.0030	0.0008	0.0038	0.0039	0.0011	0.0020	0.0022	0.0008	0.0008	0.0010	0.0004	0.0008	0.0008	0.0004	0.0010	0.0069	0.0003	0.0302	0.4094	-0.0008	-0.0000	18.2331	7.6044	4.4208	2.7972	0.0031	0.0030	0.0001	0.0017	0.0017	0.0000	0.0014	0.0013	0.0001	0.0001	0.0001	0.0000	0.0001	0.0001	0.0000	0.0001	0.0000	0.0000	1.1169	1.0090	0.1079	0.4481	0.4330	0.0151	0.6688	0.5760	0.0928	0.2876	0.1737	0.1139	0.1077	0.0977	0.0100	0.1799	0.0760	0.1039	5.7385	5.2493	2.3731	5.0649	4.9677	2.4956	6.4629	8.1729	2.3175	0.0005	0.0006	0.0004	0.0008	0.0008	0.0004	0.0003	0.0003	0.0003
43	101	0.1846	4	1	0	1	0	0	0	0	0	N	N	N	N	N	N	N	N	N	N	N	N	33.5540	18.9798	222.9415	7.6281	7.7849	0.9139	147.1647	15.8115	547.7894	0.1654	0.1611	0.1980	0.0729	0.0756	0.0065	0.1874	0.1836	0.2113	0.0049	0.0085	0.0009	0.0096	0.0097	0.0072	0.0013	0.0116	0.0004	0.1653	0.2452	-0.0375	-0.0004	18.2331	18.4780	4.4208	12.4520	0.2583	0.2216	0.0366	0.0218	0.0218	0.0001	0.2364	0.1999	0.0365	0.0010	0.0008	0.0002	0.0009	0.0007	0.0001	0.0002	0.0001	0.0001	1.5611	1.3761	0.1849	0.2997	0.2877	0.0120	1.2614	1.0885	0.1730	0.5396	0.3125	0.2271	0.1260	0.1092	0.0168	0.4136	0.2033	0.2102	87.1589	61.1947	222.9415	10.7670	11.2759	0.9139	452.0842	413.1912	547.7894	0.0019	0.0026	0.0009	0.0068	0.0067	0.0072	0.0004	0.0004	0.0004
43	102	0.5498	8	1	1	1	0	0	0	0	0	N	N	N	N	N	N	N	N	N	N	N	N	14.3989	0.0152	29966.0600	0.2418	0.0464	359.5179	5221.0563	0.0957	53359.2034	0.2098	0.0007	2.2373	0.0062	0.0014	0.0931	0.3906	0.0001	2.9935	0.0146	0.0484	0.0001	0.0256	0.0307	0.0003	0.0001	0.0007	0.0001	314.0159	0.0065	0.4847	-0.0016	18.2331	34.1922	4.4208	22.4626	0.6830	0.0022	0.6808	0.0095	0.0021	0.0074	0.6736	0.0001	0.6735	0.0026	0.0026	0.0000	0.0026	0.0026	0.0000	0.0000	0.0000	0.0000	3.2554	2.9511	0.3043	1.5308	1.4514	0.0794	1.7246	1.4996	0.2250	0.5883	0.3587	0.2297	0.1874	0.1664	0.0210	0.4009	0.1923	0.2087	46.6506	0.1002	29966.0600	0.4397	0.0902	359.5179	12400.5630	13.9292	53359.2034	0.0045	0.0073	0.0001	0.0141	0.0158	0.0003	0.0000	0.0000	0.0001
43	103	0.5019	7	1	1	1	0	0	0	0	0	N	N	N	N	N	N	N	N	N	N	N	N	2.3157	0.3193	45.4620	0.2926	0.2047	70.7286	1.9837	0.2643	58.4619	0.1708	0.0055	1.6619	0.0031	0.0026	0.0109	0.2941	0.0078	2.1501	0.0738	0.0172	0.0366	0.0105	0.0129	0.0002	0.1483	0.0294	0.0368	33.6231	2.9321	0.2256	0.0004	18.2331	22.5884	4.4208	11.0115	0.3299	0.0095	0.3204	0.0025	0.0020	0.0005	0.3274	0.0075	0.3199	0.0034	0.0009	0.0025	0.0008	0.0008	0.0000	0.0026	0.0001	0.0025	1.9315	1.7388	0.1928	0.8185	0.7745	0.0440	1.1130	0.9642	0.1488	0.3419	0.1999	0.1420	0.1037	0.0910	0.0126	0.2382	0.1089	0.1294	17.3554	1.2801	94.0702	0.4194	0.3160	70.7286	26.9060	8.6832	110.9635	0.0098	0.0043	0.0177	0.0073	0.0083	0.0002	0.0109	0.0009	0.0194
43	104	0.4719	6	1	0	1	0	0	0	0	0	N	N	N	N	N	N	N	N	N	N	N	N	0.0492	3.4776	0.0537	3.2419	4.5996	0.0000	0.0051	0.0176	0.0800	0.0006	0.0005	0.0009	0.0011	0.0011	0.0000	0.0002	0.0000	0.0011	0.0113	0.0001	0.0164	0.0003	0.0002	0.0009	0.0361	0.0022	0.0141	0.1869	39.1880	-0.0001	0.0003	18.2331	11.8100	4.4208	8.7888	0.0006	0.0005	0.0001	0.0005	0.0005	0.0000	0.0001	0.0000	0.0001	0.0008	0.0000	0.0008	0.0000	0.0000	0.0000	0.0008	0.0000	0.0008	1.0270	0.9249	0.1022	0.4313	0.4092	0.0221	0.5958	0.5157	0.0801	0.2335	0.1391	0.0944	0.0792	0.0690	0.0102	0.1543	0.0701	0.0842	0.1553	3.4776	0.1020	3.2419	4.5996	0.0000	0.0352	0.6982	0.1174	0.0036	0.0001	0.0086	0.0003	0.0002	0.0009	0.0053	0.0001	0.0096
43	105	0.4357	5	1	0	1	0	0	0	0	0	N	N	N	N	N	N	N	N	N	N	N	N	6.4536	5.1521	2.3601	6.3510	6.0120	0.0000	0.7541	inf	2.6751	0.0005	0.0005	0.0001	0.0014	0.0015	0.0000	0.0000	0.0000	0.0001	0.0001	0.0001	0.0000	0.0002	0.0002	0.0000	0.0000	0.0000	0.0000	0.0163	0.1930	-0.0001	-0.0000	18.2331	14.7392	4.4208	7.3617	0.0005	0.0005	0.0000	0.0005	0.0005	0.0000	0.0000	0.0000	0.0000	0.0000	0.0000	0.0000	0.0000	0.0000	0.0000	0.0000	0.0000	0.0000	1.0783	0.9634	0.1149	0.3640	0.3439	0.0202	0.7142	0.6195	0.0947	0.2474	0.1503	0.0971	0.0716	0.0638	0.0078	0.1758	0.0865	0.0893	6.4536	5.1521	2.3601	6.3510	6.0120	0.0000	1.5198	inf	2.6751	0.0001	0.0001	0.0000	0.0002	0.0002	0.0000	0.0000	0.0000	0.0000
43	106	0.5085	8	1	1	1	0	0	0	0	0	N	N	N	N	N	N	N	N	N	N	N	N	8.9364	2.7226	309.8337	3.0691	2.7635	8.8974	764471.6935	inf	478.7092	0.8240	0.9110	0.0009	0.5937	0.6290	0.0001	1.0310	1.1864	0.0012	0.0922	0.3346	0.0000	0.1935	0.2276	0.0000	0.0000	0.0000	0.0000	0.0001	0.0001	-0.4405	-0.0018	18.2331	20.0414	4.4208	7.0324	1.5348	1.5346	0.0002	0.5235	0.5235	0.0000	1.0113	1.0111	0.0002	0.0028	0.0028	0.0000	0.0028	0.0028	0.0000	0.0000	0.0000	0.0000	1.8626	1.6846	0.1781	0.8818	0.8323	0.0494	0.9809	0.8522	0.1286	0.2637	0.1442	0.1196	0.0561	0.0493	0.0068	0.2076	0.0949	0.1128	77.5043	46.8468	309.8337	11.8840	11.0619	8.8974	764471.6935	inf	478.7092	0.0106	0.0194	0.0000	0.0500	0.0569	0.0000	0.0000	0.0000	0.0000
43	107	0.4984	7	1	0	1	0	0	0	0	0	N	N	N	N	N	N	N	N	N	N	N	N	1.1179	82.3831	0.0270	116.6818	106.3927	26.6781	0.1499	34.6563	0.0455	0.5205	0.5730	0.0104	0.8612	0.9141	0.0017	0.0895	0.1013	0.0151	0.4657	0.0070	0.3867	0.0074	0.0086	0.0001	0.5969	0.0029	0.3317	0.0019	27.4023	-0.1427	0.0010	18.2331	7.0315	4.4208	1.2144	0.5002	0.4992	0.0009	0.4622	0.4622	0.0001	0.0379	0.0371	0.0009	0.0029	0.0001	0.0028	0.0001	0.0001	0.0000	0.0028	0.0000	0.0028	0.9609	0.8713	0.0896	0.5367	0.5056	0.0311	0.4242	0.3657	0.0585	0.0835	0.0455	0.0380	0.0181	0.0159	0.0021	0.0654	0.0296	0.0358	14.9557	254.8556	0.1414	155.7489	145.8930	26.6781	2.0856	1184.2370	0.1928	0.0348	0.0022	0.0738	0.0055	0.0063	0.0001	0.0429	0.0001	0.0782
43	108	0.4649	6	1	0	1	0	0	0	0	0	N	N	N	N	N	N	N	N	N	N	N	N	232.9696	1630.7934	49.3622	2196.6345	1769.9981	1577.4501	16.3707	3127.5344	49.1936	0.1994	0.2167	0.0487	0.4912	0.5174	0.0043	0.0370	0.0338	0.0583	0.0009	0.0001	0.0010	0.0002	0.0003	0.0000	0.0023	0.0000	0.0012	0.0258	6.2564	-0.0664	0.0000	18.2331	16.2725	4.4208	4.4748	0.2535	0.2471	0.0064	0.2233	0.2232	0.0001	0.0302	0.0239	0.0063	0.0001	0.0000	0.0001	0.0000	0.0000	0.0000	0.0001	0.0000	0.0001	1.2711	1.1403	0.1308	0.4546	0.4314	0.0232	0.8165	0.7090	0.1075	0.2308	0.1263	0.1045	0.0739	0.0564	0.0175	0.1569	0.0699	0.0869	384.9428	1661.3971	49.3622	2196.6345	1769.9981	1577.4501	56.3416	1241909.5634	49.1936	0.0005	0.0001	0.0010	0.0002	0.0003	0.0000	0.0007	0.0000	0.0012
43	109	0.5176	7	1	1	1	0	0	0	0	0	N	N	N	N	N	N	N	N	N	N	N	N	17.8195	217.0634	0.0297	382.6241	487.1758	0.7180	0.8958	7.8604	0.0000	0.2381	0.2647	0.0005	0.5557	0.5893	0.0023	0.0330	0.0378	0.0000	0.0134	0.0012	0.0173	0.0015	0.0012	0.0032	0.0368	0.0048	0.0146	0.0002	10.0316	-0.2025	0.0006	18.2331	40.5309	4.4208	14.7974	0.7057	0.7056	0.0002	0.6463	0.6462	0.0002	0.0594	0.0594	0.0000	0.0021	0.0002	0.0020	0.0002	0.0002	0.0001	0.0019	0.0000	0.0019	2.9645	2.6659	0.2986	1.1630	1.0965	0.0666	1.8014	1.5694	0.2320	0.5179	0.3058	0.2121	0.1550	0.1361	0.0189	0.3628	0.1697	0.1932	57.4787	416.2515	0.0557	382.6241	487.1758	0.7180	6.2292	215.6865	0.0000	0.0041	0.0006	0.0092	0.0015	0.0012	0.0032	0.0053	0.0002	0.0098
43	110	0.4917	6	1	1	1	0	0	0	0	0	N	N	N	N	N	N	N	N	N	N	N	N	6.8403	10.6068	27.4804	56.5034	32.2389	1974.5334	0.7178	0.2711	0.1404	0.0112	0.0082	0.0391	0.0230	0.0145	0.1732	0.0030	0.0034	0.0002	0.0016	0.0008	0.0014	0.0004	0.0005	0.0001	0.0041	0.0125	0.0016	0.5188	1.9742	0.0007	0.0000	18.2331	13.5236	4.4208	3.5331	0.0127	0.0084	0.0043	0.0107	0.0064	0.0043	0.0020	0.0020	0.0000	0.0002	0.0001	0.0001	0.0000	0.0000	0.0000	0.0001	0.0000	0.0001	1.1311	1.0199	0.1112	0.4660	0.4410	0.0250	0.6651	0.5789	0.0862	0.1972	0.1201	0.0771	0.0671	0.0591	0.0080	0.1301	0.0610	0.0691	13.4266	17.7596	27.4804	56.5034	32.2389	1974.5334	2.8070	7.1502	0.1404	0.0008	0.0005	0.0014	0.0004	0.0005	0.0001	0.0011	0.0005	0.0016
43	111	0.4357	5	1	0	1	0	0	0	0	0	N	N	N	N	N	N	N	N	N	N	N	N	1.6024	0.8652	0.4224	2.8283	2.4690	1.0918	0.5470	0.9913	0.4702	0.0041	0.0046	0.0001	0.0119	0.0126	0.0000	0.0001	0.0001	0.0001	0.0026	0.0053	0.0002	0.0042	0.0051	0.0000	0.0002	0.0001	0.0002	0.0017	0.0592	-0.0014	-0.0002	18.2331	16.9399	4.4208	15.9768	0.0050	0.0050	0.0000	0.0049	0.0049	0.0000	0.0001	0.0001	0.0000	0.0004	0.0004	0.0000	0.0004	0.0004	0.0000	0.0000	0.0000	0.0000	1.2326	1.1015	0.1312	0.4157	0.3926	0.0230	0.8170	0.7089	0.1081	0.3463	0.2060	0.1403	0.0969	0.0855	0.0114	0.2495	0.1205	0.1290	3.5959	2.5311	0.4224	3.0958	2.8935	1.0918	1.4112	307.8384	0.4702	0.0011	0.0018	0.0002	0.0038	0.0044	0.0000	0.0001	0.0000	0.0002
43	112	0.5401	9	2	1	1	1	0	0	0	0	Y	N	N	N	N	N	N	N	N	N	N	N	3230025.8241	2818257.6549	0.0000	2379853.0826	2307856.0091	0.0000	153044.1773	inf	0.0000	4.4635	5.0261	0.0000	9.0704	9.3434	0.0000	0.0505	0.0624	0.0000	0.0000	0.0000	0.0000	0.0000	0.0000	0.0000	0.0000	0.0000	0.0000	0.0000	0.2857	-0.0005	-0.0000	18.2331	0.0019	4.4208	1.9928	0.0017	0.0017	0.0000	0.0017	0.0017	0.0000	0.0000	0.0000	0.0000	0.0000	0.0000	0.0000	0.0000	0.0000	0.0000	0.0000	0.0000	0.0000	0.0004	0.0003	0.0000	0.0002	0.0002	0.0000	0.0002	0.0002	0.0000	0.0195	0.0118	0.0078	0.0059	0.0052	0.0007	0.0136	0.0066	0.0070	3230025.8241	2818257.6549	0.0000	2379853.0826	2307856.0091	0.0000	153044.1773	inf	0.0000	0.0000	0.0000	0.0000	0.0000	0.0000	0.0000	0.0000	0.0000	0.0000
43	113	0.5166	8	2	1	1	1	0	0	0	0	Y	N	N	N	N	N	N	N	N	N	N	N	3.4112	892.9378	0.0025	0.1684	0.1770	0.0000	4.1772	inf	0.0036	1.4220	1.5783	0.0009	0.0003	0.0003	0.0000	2.4322	2.8057	0.0011	0.4169	0.0018	0.3404	0.0019	0.0019	0.0018	0.5823	0.0000	0.3031	0.0001	61.9296	-0.2870	0.0016	18.2331	8.6942	4.4208	6.0502	0.9997	0.9996	0.0001	0.0001	0.0001	0.0000	0.9996	0.9995	0.0001	0.0045	0.0001	0.0044	0.0001	0.0001	0.0000	0.0044	0.0000	0.0044	0.7030	0.6333	0.0697	0.2920	0.2771	0.0149	0.4110	0.3563	0.0547	0.1512	0.0863	0.0649	0.0439	0.0384	0.0055	0.1073	0.0478	0.0595	47.7873	1904.1593	0.0126	0.1684	0.1770	0.0000	59.0883	inf	0.0148	0.0298	0.0008	0.0682	0.0019	0.0019	0.0018	0.0412	0.0000	0.0743
43	114	0.5377	12	1	1	1	1	0	0	0	0	N	N	N	N	N	N	N	N	N	N	N	N	0.0000	0.0000	0.0000	0.0000	0.0000	0.0000	0.0000	0.0000	0.0000	0.0000	0.0000	0.0000	0.0000	0.0006	0.0018	0.0000	0.0009	0.0009	0.0000	0.0000	0.0000	0.0000	0.0000	0.0000	-0.0000	18.2331	0.0001	4.4208	0.0001	0.0000	0.0000	0.0000	0.0000	0.0000	0.0000	0.0000	0.0000	0.0000	0.0000	0.0000	0.0000	0.0000	0.0000	0.0000	0.0000	0.0000	0.0000	0.0000	0.0000	0.0000	0.0000	0.0000	0.0000	0.0000	0.0000	0.0000	0.0000	0.0000	0.0000	0.0000	0.0000	0.0000	0.0000	0.0000	0.0000	0.0000	0.0000	0.0000	0.0000	0.0000	0.0000	0.0000	0.0000	0.0000	0.0004	0.0008	0.0000	0.0009	0.0009	0.0000	0.0000	0.0000	0.0000						
43	115	0.5310	11	1	1	1	1	0	0	0	0	N	N	N	N	N	N	N	N	N	N	N	N	0.0000	0.0000	0.0000	0.0000	0.0000	0.0000	0.0000	0.0000	0.0000	0.0000	0.0000	0.0000	0.0000	0.0030	0.0070	0.0000	0.0051	0.0064	0.0000	0.0000	0.0000	0.0000	0.0000	0.0000	-0.0000	18.2331	3.0007	4.4208	1.0012	0.0000	0.0000	0.0000	0.0000	0.0000	0.0000	0.0000	0.0000	0.0000	0.0000	0.0000	0.0000	0.0000	0.0000	0.0000	0.0000	0.0000	0.0000	0.2269	0.2035	0.0234	0.0865	0.0818	0.0047	0.1404	0.1217	0.0187	0.0391	0.0221	0.0170	0.0115	0.0099	0.0015	0.0276	0.0122	0.0154	0.0000	0.0000	0.0000	0.0000	0.0000	0.0000	0.0000	0.0000	0.0000	0.0013	0.0023	0.0000	0.0044	0.0050	0.0000	0.0000	0.0000	0.0000						
43	116	0.5291	10	1	0	1	1	0	0	0	0	N	N	N	N	N	N	N	N	N	N	N	N	0.0000	0.0000	0.0000	0.0000	0.0000	0.0000	0.0000	0.0000	0.0000	0.0000	0.0000	0.0000	0.0000	0.0000	0.0000	0.0000	0.0000	0.0000	0.0000	0.0000	0.0000	0.0000	0.0000	0.0000	0.0000	0.1179	0.0000	-0.0000	18.2331	1.1177	4.4208	0.0023	0.0000	0.0000	0.0000	0.0000	0.0000	0.0000	0.0000	0.0000	0.0000	0.0000	0.0000	0.0000	0.0000	0.0000	0.0000	0.0000	0.0000	0.0000	0.0891	0.0802	0.0090	0.0365	0.0345	0.0019	0.0527	0.0457	0.0070	0.0110	0.0062	0.0048	0.0032	0.0028	0.0004	0.0078	0.0034	0.0044	0.0000	0.0000	0.0000	0.0000	0.0000	0.0000	0.0000	0.0000	0.0000	0.0000	0.0000	0.0000	0.0000	0.0000	0.0000	0.0000	0.0000	0.0000			
43	117	0.3454	4	1	1	1	0	0	0	0	0	N	N	N	N	N	N	N	N	N	N	N	N	0.9576	75.8078	0.9234	142.9047	131.0083	0.0043	0.6578	516.9768	0.9788	1.1132	0.7877	3.8321	1.7540	1.8397	0.0000	0.9097	0.4232	4.2816	1.1625	0.0104	4.1499	0.0123	0.0140	0.0026	1.3830	0.0008	4.3743	0.5824	385.6405	0.2198	0.1773	18.2331	31.2782	4.4208	23.9277	2.7169	1.7170	0.9999	1.0319	1.0319	0.0000	1.6850	0.6851	0.9999	0.4804	0.0012	0.4792	0.0013	0.0012	0.0000	0.4792	0.0000	0.4792	2.4406	2.1797	0.2609	0.5883	0.5609	0.0274	1.8523	1.6188	0.2335	0.7259	0.4151	0.3109	0.1553	0.1401	0.0152	0.5707	0.2750	0.2957	1.6820	263.1135	2.4860	212.8328	207.7087	0.0043	1.0834	63007.5351	2.6422	0.6618	0.0030	1.5415	0.0082	0.0089	0.0026	0.8397	0.0000	1.6204
43	118	0.5291	10	1	0	2	1	0	0	0	0	N	N	Y	N	N	N	N	N	N	N	N	N	0.0000	0.0000	0.0000	0.0000	0.0000	0.0000	0.0000	0.0000	0.0000	0.0000	0.0000	0.0000	0.0000	0.0000	0.0000	0.0000	0.0000	0.0000	0.0000	0.0000	0.0000	0.0000	inf	0.0000	0.0000	18.2331	3.8827	4.4208	2.9998	0.0000	0.0000	0.0000	0.0000	0.0000	0.0000	0.0000	0.0000	0.0000	0.0000	0.0000	0.0000	0.0000	0.0000	0.0000	0.0000	0.0000	0.0000	0.2972	0.2667	0.0304	0.1155	0.1093	0.0062	0.1816	0.1574	0.0242	0.0668	0.0378	0.0290	0.0195	0.0169	0.0026	0.0473	0.0209	0.0264	0.0000	0.0000	0.0000	0.0000	0.0000	0.0000	0.0000	0.0000	0.0000	0.0000	0.0000	0.0000	0.0000	0.0000	0.0000	0.0000	0.0000	0.0000						
43	119	0.5262	9	1	0	1	1	0	0	0	0	N	N	N	N	N	N	N	N	N	N	N	N	0.0002	2.0560	0.0000	2.1911	2.0017	0.0000	0.0000	0.0000	0.0000	0.0000	0.0000	0.0000	0.0000	0.0000	0.0000	0.0000	0.0013	0.0000	0.0017	0.0000	0.0000	0.0000	0.0040	0.0000	0.0018	0.0000	7978.3705	-0.0000	0.0000	18.2331	2.8083	4.4208	0.0030	0.0000	0.0000	0.0000	0.0000	0.0000	0.0000	0.0000	0.0000	0.0000	0.0000	0.0000	0.0000	0.0000	0.0000	0.0000	0.0000	0.0000	0.0000	0.2628	0.2380	0.0248	0.1157	0.1097	0.0060	0.1471	0.1283	0.0188	0.0277	0.0157	0.0120	0.0081	0.0070	0.0011	0.0195	0.0086	0.0109	0.0004	2.0560	0.0000	2.1911	2.0017	0.0000	0.0000	0.0000	0.0000	0.0007	0.0000	0.0017	0.0000	0.0000	0.0000	0.0010	0.0000	0.0018		
43	120	0.5262	9	1	0	2	1	0	0	0	0	N	N	Y	N	N	N	N	N	N	N	N	N	0.0005	inf	0.0000	inf	inf	0.0000	0.0000	0.0000	0.0000	0.0000	0.0000	0.0000	0.0000	0.0000	0.0000	0.0000	0.0002	0.0000	0.0005	0.0000	0.0000	0.0000	0.0009	0.0000	0.0005	0.0000	inf	-0.0000	0.0000	18.2331	9.6158	4.4208	0.0030	0.0000	0.0000	0.0000	0.0000	0.0000	0.0000	0.0000	0.0000	0.0000	0.0000	0.0000	0.0000	0.0000	0.0000	0.0000	0.0000	0.0000	0.0000	0.7624	0.6861	0.0763	0.3044	0.2880	0.0164	0.4580	0.3981	0.0599	0.0929	0.0527	0.0403	0.0272	0.0235	0.0037	0.0657	0.0291	0.0366	0.0005	inf	0.0000	inf	inf	0.0000	0.0000	0.0000	0.0000	0.0002	0.0000	0.0005	0.0000	0.0000	0.0000	0.0003	0.0000	0.0005		
43	121	0.5166	8	1	0	1	1	0	0	0	0	N	N	N	N	N	N	N	N	N	N	N	N	0.0086	5.9970	0.0015	11.1012	10.3723	0.0004	inf	0.0020	0.0055	0.0059	0.0017	0.0116	0.0122	0.0000	0.0003	0.0000	0.0022	0.6420	0.0010	1.1305	0.0010	0.0012	0.0000	0.8284	0.0000	1.1205	0.0295	193.7268	-0.0005	0.0016	18.2331	4.2457	4.4208	2.0144	0.0021	0.0020	0.0001	0.0020	0.0020	0.0000	0.0001	0.0000	0.0001	0.0044	0.0000	0.0044	0.0000	0.0000	0.0000	0.0044	0.0000	0.0044	0.3779	0.3423	0.0356	0.1745	0.1661	0.0084	0.2034	0.1762	0.0272	0.0705	0.0408	0.0297	0.0216	0.0192	0.0024	0.0489	0.0215	0.0273	0.0886	10.6976	0.0114	11.1012	10.3723	0.0000	0.0036	inf	0.0138	0.0626	0.0006	0.1476	0.0010	0.0012	0.0000	0.0898	0.0000	0.1605	
43	122	0.4744	7	1	0	1	1	0	0	0	0	N	N	N	N	N	N	N	N	N	N	N	N	0.2619	1.4251	0.6955	0.0253	0.0217	0.0000	0.3261	1319.6589	0.7455	1.0583	0.0227	10.4207	0.0004	0.0004	0.0000	1.7356	0.0383	12.9061	4.0406	0.0159	14.9830	0.0143	0.0175	0.0001	5.3224	0.0000	17.3128	50.7882	1801.7321	0.7034	0.3680	18.2331	11.9190	4.4208	13.1740	1.0143	0.0196	0.9947	0.0001	0.0001	0.0000	1.0141	0.0194	0.9947	0.9917	0.0006	0.9912	0.0006	0.0006	0.0000	0.9912	0.0000	0.9912	0.9584	0.8630	0.0955	0.3741	0.3557	0.0184	0.5843	0.5072	0.0771	0.2454	0.1346	0.1108	0.0592	0.0516	0.0076	0.1862	0.0831	0.1032	0.2619	5.5549	1.1648	0.0388	0.0356	0.0000	0.3261	497676.0396	1.3433	4.0406	0.0041	8.9465	0.0093	0.0107	0.0001	5.3224	0.0000	9.6074
43	123	0.2444	7	1	0	2	1	0	0	0	0	N	N	Y	N	N	N	N	N	N	N	N	N	0.6246	0.4629	0.0000	51.9785	42.8082	0.6630	0.4092	0.0000	0.8587	0.9606	0.0000	0.1480	0.1541	0.0000	1.0910	1.2509	0.0000	1.3748	2.0751	0.0000	0.0028	0.0036	0.0000	1.6454	3.0568	0.0000	0.0000	0.0000	-0.2792	-0.1592	18.2331	12.8936	4.4208	4.1514	0.9725	0.9725	0.0000	0.0413	0.0413	0.0000	0.9312	0.9312	0.0000	0.2533	0.2533	0.0000	0.0001	0.0001	0.0000	0.2532	0.2532	0.0000	1.1326	1.0124	0.1202	0.2790	0.2680	0.0111	0.8535	0.7444	0.1091	0.2252	0.1221	0.1032	0.0386	0.0330	0.0057	0.1866	0.0891	0.0975	0.7635	0.4629	0.0000	51.9785	46.1762	0.0000	0.8040	0.4402	0.0000	1.1247	2.0751	0.0000	0.0028	0.0033	0.0000	1.3569	2.8413	0.0000	
43	124	0.4897	8	1	1	1	0	0	0	0	0	N	N	N	N	N	N	N	N	N	N	N	N	0.0055	0.0325	0.0000	7.9155	7.7847	0.0230	0.0000	0.0000	0.0000	0.0054	0.0060	0.0000	0.0146	0.0154	0.0000	0.0000	0.0000	0.0000	0.9884	0.1858	3.0733	0.0018	0.0020	0.0000	1.2281	0.8610	3.0883	0.0000	41.6003	-0.0015	0.0307	18.2331	12.7386	4.4208	8.7370	0.0053	0.0053	0.0000	0.0053	0.0053	0.0000	0.0000	0.0000	0.0000	0.0881	0.0021	0.0860	0.0002	0.0002	0.0000	0.0879	0.0019	0.0860	0.9845	0.8852	0.0993	0.3648	0.3465	0.0184	0.6196	0.5387	0.0809	0.3008	0.1617	0.1390	0.0976	0.0911	0.0065	0.2032	0.0706	0.1325	0.0185	0.4720	0.0000	7.9155	7.7847	0.0230	0.0000	0.0000	0.0000	0.2929	0.0128	0.6188	0.0018	0.0020	0.0000	0.4327	0.0267	0.6490
43	125	0.4744	7	1	1	1	0	0	0	0	0	N	N	N	N	N	N	N	N	N	N	N	N	0.0139	0.0131	0.0226	0.0299	0.0284	0.0534	0.0099	0.0000	0.0270	0.0145	0.0080	0.0749	0.0177	0.0186	0.0000	0.0123	0.0000	0.0933	1.0414	0.6079	3.3072	0.5913	0.6535	0.0000	1.2423	0.0094	3.4541	1.0158	12.7276	0.0023	0.0119	18.2331	8.6431	4.4208	1.4782	0.0105	0.0052	0.0053	0.0052	0.0052	0.0000	0.0053	0.0000	0.0053	0.0399	0.0029	0.0370	0.0029	0.0029	0.0000	0.0370	0.0000	0.0370	0.7266	0.6557	0.0709	0.2953	0.2813	0.0140	0.4313	0.3744	0.0569	0.1048	0.0575	0.0474	0.0264	0.0230	0.0035	0.0784	0.0345	0.0439	0.0381	0.1577	0.0959	0.1619	0.1474	0.0534	0.0261	0.0002	0.1106	0.3806	0.0506	0.7810	0.1094	0.1261	0.0000	0.4721	0.0004	0.8433
43	126	0.4649	6	1	0	1	0	0	0	0	0	N	N	N	N	N	N	N	N	N	N	N	N	0.0391	2.8082	0.6280	7.6912	5.4063	235.6182	0.0345	0.0577	0.4373	0.0142	0.0016	0.1324	0.0036	0.0037	0.0000	0.0209	0.0000	0.1582	0.3638	0.0006	0.2108	0.0005	0.0007	0.0000	0.6074	0.0008	0.3619	9.0913	112.6010	0.0035	0.0008	18.2331	4.1618	4.4208	2.0491	0.0058	0.0006	0.0052	0.0006	0.0006	0.0000	0.0052	0.0000	0.0052	0.0023	0.0000	0.0022	0.0000	0.0000	0.0000	0.0022	0.0000	0.0022	0.4062	0.3670	0.0393	0.1574	0.1510	0.0064	0.2489	0.2160	0.0329	0.0923	0.0505	0.0418	0.0425	0.0287	0.0138	0.0498	0.0219	0.0280	0.5807	3.9606	2.4709	7.6912	5.4063	235.6182	0.4656	7.1964	1.9753	0.0245	0.0004	0.0536	0.0005	0.0007	0.0000	0.0450	0.0000	0.0801
43	127	0.4357	5	1	0	1	0	0	0	0	0	N	N	N	N	N	N	N	N	N	N	N	N	0.7519	21.4135	0.9398	26.9634	25.5738	123.5392	0.0757	inf	1.0257	0.0016	0.0015	0.0024	0.0040	0.0042	0.0003	0.0004	0.0000	0.0029	0.0022	0.0001	0.0026	0.0001	0.0002	0.0000	0.0056	0.0000	0.0028	0.1886	22.3754	-0.0001	0.0001	18.2331	9.4810	4.4208	7.4917	0.0011	0.0010	0.0002	0.0010	0.0009	0.0000	0.0002	0.0000	0.0002	0.0002	0.0000	0.0002	0.0000	0.0000	0.0000	0.0002	0.0000	0.0002	0.7027	0.6276	0.0751	0.2380	0.2248	0.0132	0.4647	0.4028	0.0619	0.1990	0.1231	0.0759	0.0592	0.0531	0.0060	0.1398	0.0699	0.0699	1.5886	21.6374	0.9398	26.9634	25.5738	123.5392	0.3025	inf	1.0257	0.0010	0.0001	0.0026	0.0001	0.0002	0.0000	0.0014	0.0000	0.0028
43	128	0.2566	8	2	1	1	0	0	0	0	0	Y	N	N	N	N	N	N	N	N	N	N	N	88755.9738	55292.3360	inf	71316.8764	63662.4338	inf	inf	inf	0.0442	0.0501	0.0000	0.2115	0.2251	0.0000	0.0000	0.0000	0.0000	0.0000	0.0000	0.0000	0.0000	0.0000	0.0000	0.0000	0.0000	0.0000	0.0000	0.0000	-0.0020	-0.0000	18.2331	2.0107	4.4208	1.9995	0.0070	0.0070	0.0000	0.0070	0.0070	0.0000	0.0000	0.0000	0.0000	0.0000	0.0000	0.0000	0.0000	0.0000	0.0000	0.0000	0.0000	0.0000	0.1592	0.1403	0.0189	0.0332	0.0312	0.0020	0.1260	0.1090	0.0169	0.0529	0.0290	0.0239	0.0088	0.0074	0.0014	0.0440	0.0216	0.0225	88755.9738	55292.3360	inf	71316.8764	63662.4338	inf	inf	inf	0.0000	0.0000	0.0000	0.0000	0.0000	0.0000	0.0000	0.0000	0.0000	0.0000	
43	129	0.2444	7	2	1	1	0	0	0	0	0	Y	N	N	N	N	N	N	N	N	N	N	N	567.7086	280.5987	2235.2953	317.2774	284.7414	inf	33402.1124	700.8716	0.0000	0.0887	0.0980	0.0023	0.2613	0.2688	0.0251	0.0205	0.0234	0.0000	0.0002	0.0003	0.0000	0.0008	0.0009	0.0000	0.0000	0.0000	0.0000	0.0025	0.0030	-0.0149	-0.0000	18.2331	5.6459	4.4208	1.1399	0.0522	0.0521	0.0001	0.0435	0.0434	0.0001	0.0087	0.0087	0.0000	0.0000	0.0000	0.0000	0.0000	0.0000	0.0000	0.0000	0.0000	0.0000	0.5884	0.5314	0.0570	0.1667	0.1615	0.0052	0.4217	0.3699	0.0518	0.0968	0.0525	0.0443	0.0183	0.0160	0.0023	0.0785	0.0365	0.0420	567.7086	340.8331	2235.2953	317.2774	284.7414	inf	33402.1124	259057.6791	0.0000	0.0002	0.0003	0.0000	0.0008	0.0009	0.0000	0.0000	0.0000	0.0000
43	130	0.2141	6	1	0	1	0	0	0	0	0	N	N	N	N	N	N	N	N	N	N	N	N	9.8968	1.0276	565.9970	0.5531	0.1680	197.9941	53.8817	2.0120	589.6925	0.0246	0.0047	0.1854	0.0024	0.0008	0.0536	0.0321	0.0062	0.1949	0.0025	0.0046	0.0003	0.0043	0.0050	0.0003	0.0006	0.0031	0.0003	4.8356	0.1415	0.0157	-0.0002	18.2331	11.6079	4.4208	5.3766	0.0289	0.0050	0.0240	0.0007	0.0002	0.0005	0.0282	0.0047	0.0235	0.0003	0.0003	0.0000	0.0003	0.0003	0.0000	0.0001	0.0000	0.0000	1.1760	1.0467	0.1293	0.2958	0.2871	0.0088	0.8802	0.7597	0.1205	0.3098	0.1796	0.1302	0.0750	0.0683	0.0067	0.2348	0.1113	0.1235	22.1481	2.8217	565.9970	0.6140	0.1958	197.9941	148.0701	69.0398	589.6925	0.0011	0.0017	0.0003	0.0039	0.0043	0.0003	0.0002	0.0001	0.0003
43	131	0.1962	5	1	0	1	0	0	0	0	0	N	N	N	N	N	N	N	N	N	N	N	N	15.2541	9.9836	99.3359	26.1183	38.1924	1.6584	14.1018	0.1269	193.7025	0.1377	0.0609	0.6968	0.2040	0.2082	0.0407	0.1141	0.0003	0.7354	0.0090	0.0061	0.0070	0.0078	0.0055	0.0246	0.0081	0.0020	0.0038	1.5727	1.3593	0.0195	-0.0000	18.2331	3.9355	4.4208	8.7078	0.0602	0.0234	0.0368	0.0235	0.0233	0.0001	0.0368	0.0001	0.0367	0.0009	0.0004	0.0005	0.0005	0.0004	0.0001	0.0004	0.0000	0.0004	0.4373	0.3845	0.0528	0.1150	0.1121	0.0029	0.3223	0.2724	0.0499	0.3079	0.1950	0.1129	0.0921	0.0863	0.0058	0.2157	0.1087	0.1071	44.9633	29.7028	144.7906	35.3587	45.5406	1.7353	59.8041	5.4701	193.7025	0.0031	0.0020	0.0048	0.0058	0.0046	0.0235	0.0019	0.0000	0.0038
43	132	0.1846	4	1	0	1	0	0	0	0	0	N	N	N	N	N	N	N	N	N	N	N	N	8.2251	4.7301	59.2184	18.6544	22.0598	1.1797	8.3999	0.0556	129.8575	0.1119	0.0641	0.4673	0.2343	0.2404	0.0192	0.0729	0.0001	0.4943	0.0136	0.0136	0.0079	0.0126	0.0109	0.0163	0.0087	0.0023	0.0038	0.9784	0.8674	0.0150	-0.0002	18.2331	6.2657	4.4208	3.9760	0.0725	0.0366	0.0358	0.0367	0.0366	0.0001	0.0358	0.0001	0.0358	0.0012	0.0006	0.0006	0.0008	0.0006	0.0002	0.0004	0.0000	0.0004	0.6478	0.5711	0.0767	0.1565	0.1521	0.0043	0.4913	0.4190	0.0723	0.2855	0.1788	0.1067	0.1013	0.0887	0.0126	0.1843	0.0901	0.0942	26.3530	17.6663	88.6167	27.9733	33.1310	1.1797	36.8948	2.0893	129.8575	0.0042	0.0036	0.0053	0.0084	0.0073	0.0163	0.0020	0.0001	0.0038
43	133	0.1073	3	1	0	1	0	0	0	0	0	N	N	N	N	N	N	N	N	N	N	N	N	0.1333	0.0536	219.4072	0.1674	0.1687	17.6648	23.4110	3.5619	253.2946	0.0570	0.0338	0.2248	0.1373	0.1397	0.0854	0.0397	0.0085	0.2347	0.4278	0.6302	0.0010	0.8202	0.8282	0.0048	0.0017	0.0024	0.0009	0.9219	0.0144	0.0253	-0.0171	18.2331	26.7012	4.4208	18.2690	0.1313	0.0683	0.0630	0.0560	0.0545	0.0016	0.0752	0.0138	0.0614	0.0279	0.0275	0.0004	0.0275	0.0275	0.0000	0.0004	0.0000	0.0003	2.3010	2.0210	0.2801	0.4082	0.3897	0.0185	1.8928	1.6313	0.2616	0.8912	0.5045	0.3867	0.1797	0.1700	0.0097	0.7115	0.3345	0.3770	1.8220	0.6198	219.4072	0.8961	0.8643	17.6648	76.3287	134.1308	253.2946	0.0313	0.0545	0.0010	0.1532	0.1617	0.0048	0.0005	0.0001	0.0009
44	45	0.3911	5	1	1	1	1	0	0	0	0	N	N	N	N	N	N	N	N	N	N	N	N	4782.8616	1523.1332	115840.6372	1.1732	0.8283	11.1608	16061.6976	214.4684	1130845.1612	0.5528	0.3090	2.5960	0.0006	0.0004	0.0035	0.7410	0.4239	2.9186	0.0001	0.0002	0.0000	0.0005	0.0005	0.0003	0.0000	0.0020	0.0000	1.0025	0.0944	0.4262	-0.0001	62.5878	13.5293	29.9840	3.1702	1.9963	0.9969	0.9994	0.0005	0.0004	0.0001	1.9958	0.9966	0.9992	0.0001	0.0001	0.0000	0.0001	0.0001	0.0000	0.0000	0.0000	0.0000	3.6113	3.2263	0.3850	0.9180	0.8754	0.0426	2.6933	2.3509	0.3424	0.8413	0.4671	0.3742	0.1700	0.1463	0.0237	0.6713	0.3208	0.3505	4782.8616	1624.5040	115840.6372	1.1732	0.8283	11.1608	32401.3604	9412.5073	1130845.1612	0.0001	0.0002	0.0000	0.0005	0.0005	0.0003	0.0000	0.0000	0.0000
44	46	0.3867	4	1	1	1	1	0	0	0	0	N	N	N	N	N	N	N	N	N	N	N	N	0.0875	0.1378	0.1843	0.4698	0.4121	8.8675	0.0201	0.0126	0.2159	0.0034	0.0034	0.0039	0.0078	0.0080	0.0023	0.0011	0.0007	0.0042	0.0390	0.0244	0.0213	0.0167	0.0195	0.0003	0.0542	0.0518	0.0193	0.1205	1.5225	-0.0009	-0.0001	62.5878	4.1147	29.9840	1.2946	0.0053	0.0047	0.0006	0.0042	0.0041	0.0000	0.0011	0.0006	0.0005	0.0026	0.0010	0.0016	0.0009	0.0009	0.0000	0.0017	0.0002	0.0016	1.5425	1.3983	0.1442	0.5318	0.5138	0.0181	1.0107	0.8846	0.1261	0.3374	0.1956	0.1419	0.0854	0.0772	0.0082	0.2520	0.1184	0.1336	0.4402	0.6336	0.3529	0.7553	0.7011	8.8675	0.1586	0.5012	0.3525	0.0078	0.0053	0.0111	0.0104	0.0114	0.0003	0.0069	0.0013	0.0118
44	47	0.3240	3	1	1	0	1	0	0	0	0	N	N	N	N	N	N	N	N	N	N	N	N	0.5334	0.2024	1049.3139	0.1881	0.1787	371.2117	0.5898	0.1332	1115.3966	0.4213	0.2133	1.8140	0.1451	0.1501	0.0806	0.5076	0.2347	2.0802	0.7899	1.0537	0.0017	0.7713	0.8400	0.0002	0.8606	1.7622	0.0019	1.2703	0.0063	0.7506	-0.1838	62.5878	22.0103	29.9840	13.6452	2.7555	1.2137	1.5418	0.2260	0.2168	0.0091	2.5296	0.9969	1.5327	0.2955	0.2937	0.0018	0.1111	0.1111	0.0000	0.1844	0.1826	0.0018	6.5410	5.6910	0.8499	1.5574	1.4443	0.1131	4.9835	4.2467	0.7368	2.6277	1.5603	1.0674	0.7688	0.6806	0.0882	1.8589	0.8797	0.9792	3.7460	1.1331	1049.3139	1.0038	0.9197	371.2117	5.1170	1.1311	1115.3966	0.1125	0.1882	0.0017	0.1445	0.1632	0.0002	0.0992	0.2075	0.0019
44	48	0.8505	10	0	2	0	1	0	0	0	0	N	Y	N	N	N	N	N	N	N	N	N	N	0.2435	0.3556	0.0105	0.3004	0.3084	2236.3740	0.0942	3832.1783	0.0117	0.4757	0.5202	0.0791	0.7943	0.8481	0.0249	0.2174	0.2347	0.1012	1.9535	1.4631	7.5435	2.6443	2.7504	0.0000	2.3082	0.0001	8.6602	0.0171	3.1599	-0.4323	0.1708	62.5878	12.3962	29.9840	3.7178	1.5990	1.5721	0.0269	1.1954	1.1929	0.0025	0.4036	0.3792	0.0244	1.3012	0.3128	0.9884	0.3128	0.3128	0.0000	0.9884	0.0000	0.9884	3.3616	3.0220	0.3397	1.5050	1.4065	0.0985	1.8566	1.6154	0.2412	0.6661	0.4235	0.2426	0.2379	0.2137	0.0242	0.4282	0.2098	0.2184	0.2435	0.7044	0.0194	0.6040	0.5794	2236.3740	0.0942	1411232.7569	0.0224	1.9535	0.7386	4.0745	1.3150	1.4638	0.0000	2.3082	0.0000	4.5254
44	49	0.8216	9	0	1	0	1	0	0	0	0	N	N	N	N	N	N	N	N	N	N	N	N	0.0358	0.0150	0.1051	0.0322	0.0159	365.8126	0.0008	0.3440	0.0007	0.0705	0.0411	0.3404	0.1471	0.0824	1.1008	0.0009	0.0007	0.0025	1.9722	2.7296	3.2384	4.5717	5.1883	0.0030	1.2197	0.0021	3.3265	0.9040	0.1529	0.0599	-0.8586	62.5878	14.4870	29.9840	5.8627	0.3191	0.1676	0.1515	0.3169	0.1661	0.1508	0.0022	0.0015	0.0008	1.7320	1.5023	0.2297	1.5024	1.5023	0.0001	0.2296	0.0000	0.2295	4.5255	4.0804	0.4451	2.1544	2.0174	0.1370	2.3712	2.0630	0.3081	0.8782	0.5504	0.3278	0.3286	0.2896	0.0391	0.5496	0.2608	0.2887	0.0358	0.0150	0.4859	0.0322	0.0159	365.8126	0.0023	14.5988	0.0031	1.9722	2.7296	0.7006	4.5717	5.1883	0.0030	0.4177	0.0000	0.7950
44	50	0.8178	10	1	2	1	1	0	0	0	0	N	Y	N	N	N	N	N	N	N	N	N	N	29.7385	inf	0.0000	4181.7868	inf	0.0000	0.0318	inf	0.0000	0.0049	0.0055	0.0000	0.0113	0.0120	0.0000	0.0000	0.0000	0.0000	0.0002	0.0000	0.0004	0.0000	0.0000	0.0000	0.0006	0.0000	0.0004	0.0000	inf	-0.0003	0.0000	62.5878	0.9856	29.9840	2.8295	0.0012	0.0012	0.0000	0.0012	0.0012	0.0000	0.0000	0.0000	0.0000	0.0000	0.0000	0.0000	0.0000	0.0000	0.0000	0.0000	0.0000	0.0000	0.2399	0.2163	0.0236	0.1048	0.0989	0.0059	0.1351	0.1174	0.0177	0.1267	0.0747	0.0520	0.0343	0.0295	0.0048	0.0924	0.0452	0.0472	29.7385	inf	0.0000	4181.7868	inf	0.0000	0.0886	inf	0.0000	0.0002	0.0000	0.0004	0.0000	0.0000	0.0000	0.0002	0.0000	0.0004
44	51	0.2763	4	1	2	0	1	0	0	0	0	N	Y	N	N	N	N	N	N	N	N	N	N	634.2694	273.4832	5356.4840	224.2240	221.2530	46.7774	705.9427	1430.1308	5843.7221	1.0826	0.4329	5.3344	0.4933	0.5244	0.0023	1.2765	0.3993	6.0022	0.0017	0.0016	0.0010	0.0022	0.0024	0.0000	0.0018	0.0003	0.0010	1.8829	1.0393	1.7544	-0.0001	62.5878	13.3057	29.9840	8.6321	4.7936	1.6627	3.1308	0.5407	0.5406	0.0002	4.2529	1.1222	3.1307	0.0012	0.0006	0.0006	0.0006	0.0006	0.0000	0.0006	0.0000	0.0006	4.4279	3.8409	0.5869	1.0961	1.0308	0.0653	3.3318	2.8102	0.5216	1.4262	0.7889	0.6373	0.2778	0.2574	0.0204	1.1484	0.5314	0.6170	1239.7249	559.1674	5356.4840	224.2240	221.2530	46.7774	2311.2742	398754.6632	5843.7221	0.0009	0.0008	0.0010	0.0022	0.0024	0.0000	0.0006	0.0000	0.0010
44	52	0.9525	12	0	2	0	2	0	0	0	0	N	Y	N	Y	N	N	N	N	N	N	N	N	0.3416	1.5369	0.0029	0.3051	0.2790	0.1680	0.2100	0.4818	0.0025	0.0006	0.0007	0.0000	0.0001	0.0002	0.0000	0.0010	0.0012	0.0000	0.0019	0.0005	0.0019	0.0005	0.0006	0.0000	0.0049	0.0025	0.0022	0.0008	3.2912	-0.0001	0.0000	62.5878	2.1073	29.9840	0.0711	0.0003	0.0003	0.0000	0.0000	0.0000	0.0000	0.0003	0.0003	0.0000	0.0001	0.0000	0.0001	0.0000	0.0000	0.0000	0.0001	0.0000	0.0001	0.5271	0.4755	0.0517	0.2395	0.2253	0.0142	0.2876	0.2502	0.0375	0.0723	0.0449	0.0275	0.0302	0.0258	0.0044	0.0422	0.0191	0.0231	0.6865	2.0240	0.0029	0.3051	0.2790	0.1680	0.8374	17.7263	0.0025	0.0009	0.0003	0.0019	0.0005	0.0006	0.0000	0.0012	0.0001	0.0022
44	53	0.8902	11	0	1	0	2	0	0	0	0	N	N	N	Y	N	N	N	N	N	N	N	N	201.3305	152.1131	55.6587	43.6465	38.8732	131.1819	364.2015	61.5821	1.3313	0.1956	0.2145	0.0210	0.0490	0.0476	0.0700	0.3220	0.3691	0.0005	0.0010	0.0014	0.0004	0.0011	0.0012	0.0005	0.0009	0.0060	0.0004	0.0106	0.3371	-0.2669	-0.0002	62.5878	21.8329	29.9840	8.0592	0.9648	0.9547	0.0101	0.1118	0.1018	0.0099	0.8530	0.8528	0.0002	0.0005	0.0004	0.0001	0.0003	0.0003	0.0000	0.0002	0.0001	0.0001	4.9322	4.4514	0.4808	2.2830	2.1411	0.1420	2.6492	2.3103	0.3388	0.8200	0.5020	0.3181	0.2820	0.2404	0.0416	0.5380	0.2615	0.2764	337.0704	302.4916	55.6587	43.6465	38.8732	131.1819	1085.9579	1563.7031	1.3313	0.0006	0.0007	0.0004	0.0011	0.0012	0.0005	0.0003	0.0002	0.0004
44	54	0.2896	4	0	2	0	2	0	0	0	0	N	Y	N	Y	N	N	N	N	N	N	N	N	0.0000	0.0000	0.0000	0.0000	0.0000	0.0000	0.0000	0.0000	0.0000	0.0000	0.0000	0.0000	0.0000	0.0000	0.0000	0.0000	0.0000	0.0000	0.0000	0.0000	62.5878	0.0000	29.9840	0.0000	0.0000	0.0000	0.0000	0.0000	0.0000	0.0000	0.0000	0.0000	0.0000	0.0000	0.0000	0.0000	0.0000	0.0000	0.0000	0.0000	0.0000	0.0000	0.0000	0.0000	0.0000	0.0000	0.0000	0.0000	0.0000	0.0000	0.0000	0.0000	0.0000	0.0000	0.0000	0.0000	0.0000	0.0000	0.0000	0.0000	0.0000	0.0000	0.0000	0.0000	0.0000	0.0000	0.0000	0.0000	0.0000	0.0000	0.0000	0.0000	0.0000	0.0000	0.0000	0.0000	0.0000	0.0000											
44	55	0.8902	11	0	1	0	2	0	0	0	0	N	N	N	Y	N	N	N	N	N	N	N	N	0.6588	0.7126	1.9955	1.4384	1.3887	0.1075	0.4447	1.0468	2.9492	0.0033	0.0031	0.0051	0.0039	0.0042	0.0000	0.0026	0.0017	0.0086	0.0050	0.0044	0.0026	0.0027	0.0030	0.0001	0.0058	0.0016	0.0029	0.1604	0.7802	-0.0002	-0.0000	62.5878	1.2825	29.9840	0.1503	0.0014	0.0012	0.0002	0.0010	0.0010	0.0000	0.0005	0.0003	0.0002	0.0001	0.0001	0.0001	0.0001	0.0001	0.0000	0.0001	0.0000	0.0001	0.4365	0.3976	0.0389	0.2461	0.2305	0.0156	0.1904	0.1671	0.0233	0.0593	0.0397	0.0196	0.0238	0.0214	0.0023	0.0355	0.0182	0.0173	1.7032	1.9192	1.9955	1.4384	1.3887	0.1075	1.7845	54.1506	2.9492	0.0019	0.0016	0.0026	0.0027	0.0030	0.0001	0.0014	0.0000	0.0029
44	56	0.8492	10	0	1	0	2	0	0	0	0	N	N	N	Y	N	N	N	N	N	N	N	N	1.0875	0.7095	12.0816	0.3904	0.3401	71.8780	2.1079	14.6888	16.2523	0.5902	0.3920	2.4740	0.1279	0.1276	0.1334	1.0330	0.6673	3.4369	0.5427	0.5525	0.2048	0.3276	0.3751	0.0019	0.4901	0.0454	0.2115	0.6639	0.6852	0.2842	-0.0088	62.5878	14.8542	29.9840	6.8183	2.5407	1.5270	1.0137	0.2694	0.2534	0.0159	2.2714	1.2736	0.9978	0.0398	0.0236	0.0162	0.0234	0.0233	0.0001	0.0164	0.0003	0.0161	4.3048	3.8951	0.4098	2.1061	1.9866	0.1194	2.1987	1.9084	0.2903	0.8749	0.5675	0.3075	0.3405	0.2958	0.0447	0.5344	0.2717	0.2628	12.9827	9.4250	47.0375	1.8639	1.6207	71.8780	33.6428	564.6149	56.1343	0.0455	0.0416	0.0526	0.0686	0.0787	0.0019	0.0307	0.0012	0.0612
44	57	0.7742	9	0	1	0	2	0	0	0	0	N	N	N	Y	N	N	N	N	N	N	N	N	0.6204	1.0696	0.7512	5.6843	5.2834	27.5471	0.4199	0.0685	0.9324	0.7294	0.4378	3.2113	0.8728	0.9027	0.4675	0.6098	0.0203	4.3742	1.1756	0.4093	4.2747	0.1535	0.1709	0.0170	1.4522	0.2965	4.6912	0.8617	44.2428	1.1935	0.3520	62.5878	33.5853	29.9840	9.3450	6.7921	3.6483	3.1438	3.6954	3.5592	0.1362	3.0967	0.0891	3.0076	1.0071	0.0223	0.9849	0.0215	0.0204	0.0012	0.9856	0.0019	0.9837	9.3123	8.3333	0.9790	4.2342	3.9428	0.2914	5.0781	4.3906	0.6876	1.4823	0.8944	0.5880	0.4821	0.4142	0.0678	1.0003	0.4801	0.5201	1.0735	17.5898	1.9171	19.5540	18.3618	27.5471	0.6189	5.1432	2.3128	0.6794	0.0249	1.6751	0.0446	0.0492	0.0170	0.9854	0.0039	1.8913
44	58	0.7535	8	0	1	0	1	0	0	0	0	N	N	N	N	N	N	N	N	N	N	N	N	0.5878	0.6375	0.8461	1.2309	1.5820	1.9241	0.2837	2.0786	0.9344	0.4512	0.3331	1.3199	0.6727	0.6186	1.3395	0.2476	0.0438	1.3115	0.7676	0.5226	1.5600	0.5465	0.3910	0.6962	0.8728	0.0211	1.4035	0.5386	3.7605	0.1536	0.0106	62.5878	15.2419	29.9840	2.5705	2.4425	1.5875	0.8550	1.7443	1.4838	0.2605	0.6982	0.1038	0.5944	0.0654	0.0137	0.0516	0.0200	0.0136	0.0064	0.0454	0.0002	0.0452	5.4130	4.7652	0.6477	2.5931	2.3986	0.1945	2.8198	2.3666	0.4532	0.6344	0.3800	0.2544	0.1959	0.1682	0.0277	0.4385	0.2118	0.2267	4.3792	9.2194	6.5030	6.5974	7.6641	5.7990	2.3917	60.5421	6.5724	0.1030	0.0361	0.2030	0.1020	0.0807	0.2310	0.1035	0.0007	0.1995
44	59	0.2896	4	0	1	0	2	0	0	0	0	N	N	N	Y	N	N	N	N	N	N	N	N	0.2093	0.1329	0.2804	0.2818	0.0001	0.0001	0.0000	0.0004	0.0004	0.0000	0.0000	0.0000	0.0000	0.0006	0.0010	0.0000	0.0013	0.0014	0.0000	0.0000	0.0000	0.0000	0.0000	0.0000	-0.0000	-0.0000	62.5878	0.0000	29.9840	0.0000	0.0000	0.0000	0.0000	0.0000	0.0000	0.0000	0.0000	0.0000	0.0000	0.0000	0.0000	0.0000	0.0000	0.0000	0.0000	0.0000	0.0000	0.0000	0.0000	0.0000	0.0000	0.0000	0.0000	0.0000	0.0000	0.0000	0.0000	0.0000	0.0000	0.0000	0.0000	0.0000	0.0000	0.0000	0.0000	0.0000	0.2943	0.2374	0.0000	0.2804	0.2818	0.0000	0.0000	0.0000	0.0000	0.0004	0.0006	0.0000	0.0013	0.0014	0.0000	0.0000	0.0000	0.0000					
44	60	0.2121	3	0	1	0	2	0	0	0	0	N	N	N	Y	N	N	N	N	N	N	N	N	0.5309	0.3304	103.0516	0.2882	0.3172	7.6089	0.4870	0.2312	140.8575	0.6355	0.5616	1.1338	0.4885	0.5266	0.0254	0.6620	0.5684	1.2434	1.1970	1.7000	0.0110	1.6948	1.6599	0.0033	1.3595	2.4591	0.0088	0.2991	0.0044	-0.1713	-0.6514	62.5878	19.3360	29.9840	7.9957	3.0094	2.3166	0.6928	0.3536	0.3522	0.0014	2.6558	1.9644	0.6914	1.0441	1.0394	0.0046	0.0457	0.0457	0.0000	0.9984	0.9938	0.0046	4.7356	4.1246	0.6110	0.7238	0.6688	0.0550	4.0118	3.4558	0.5560	1.3967	0.7160	0.6808	0.1046	0.1040	0.0005	1.2921	0.6119	0.6802	0.8501	0.3869	167.3316	1.1187	1.1996	7.6089	0.8568	0.3500	183.4345	0.7475	1.4518	0.0068	0.4367	0.4390	0.0033	0.7727	1.6240	0.0068
44	61	0.6321	7	0	2	1	1	0	0	0	0	N	Y	N	N	N	N	N	N	N	N	N	N	4.2529	1.9823	1325.4384	2.2671	0.0543	2442.4822	703.2258	4324.6460	7.4207	1.0139	0.9223	1.7830	0.6684	0.0185	12.3663	1.1554	1.3246	0.0073	0.2384	0.4653	0.0013	0.2948	0.3412	0.0051	0.0016	0.0003	0.0010	0.2302	0.0334	-0.3522	-0.0117	62.5878	14.2360	29.9840	11.9336	3.5226	2.8633	0.6592	0.6746	0.0177	0.6569	2.8479	2.8456	0.0023	0.0196	0.0190	0.0006	0.0192	0.0190	0.0002	0.0004	0.0000	0.0004	3.4742	3.1044	0.3697	1.0093	0.9562	0.0531	2.4648	2.1482	0.3166	1.1281	0.6577	0.4705	0.3005	0.2588	0.0417	0.8276	0.3989	0.4288	58.3898	31.9982	1325.4384	10.4791	0.2530	2442.4822	2264.8694	1112564.7341	7.4207	0.0174	0.0288	0.0013	0.0638	0.0732	0.0051	0.0005	0.0000	0.0010
44	62	0.7406	9	1	1	1	1	0	0	0	0	N	N	N	N	N	N	N	N	N	N	N	N	0.3563	10.7723	0.2808	45.0864	31.0402	842.9559	0.0326	2.7609	0.0760	0.4239	0.3319	1.2288	0.9568	0.7681	3.7596	0.0485	0.0010	0.3659	1.1896	0.0308	4.3769	0.0212	0.0247	0.0045	1.4864	0.0003	4.8145	0.4230	202.0495	0.0284	0.3682	62.5878	28.8660	29.9840	13.2209	2.8126	1.9766	0.8360	2.6237	1.9733	0.6504	0.1889	0.0033	0.1856	1.0041	0.0049	0.9992	0.0052	0.0049	0.0003	0.9989	0.0000	0.9989	6.6356	5.9552	0.6803	2.7420	2.5690	0.1730	3.8935	3.3862	0.5073	1.3848	0.8297	0.5551	0.4211	0.3628	0.0583	0.9636	0.4668	0.4968	0.5845	55.6820	0.6827	77.4228	56.3644	842.9559	0.0468	655.7809	0.1820	0.7251	0.0060	1.8001	0.0124	0.0136	0.0045	1.0367	0.0000	2.0107
44	63	0.7379	8	1	2	0	1	0	0	0	0	N	Y	N	N	N	N	N	N	N	N	N	N	0.0077	0.0223	0.0397	0.1124	0.1030	0.0364	0.0045	0.7233	0.0543	0.0031	0.0025	0.0085	0.0047	0.0050	0.0003	0.0023	0.0010	0.0108	0.4060	0.1108	0.2148	0.0415	0.0482	0.0078	0.5054	0.0014	0.1988	0.4108	3.8031	0.0000	0.0025	62.5878	5.0237	29.9840	8.0282	0.0037	0.0026	0.0011	0.0020	0.0020	0.0000	0.0017	0.0007	0.0011	0.0155	0.0032	0.0123	0.0034	0.0032	0.0002	0.0121	0.0000	0.0121	1.1959	1.0688	0.1271	0.4247	0.3974	0.0272	0.7712	0.6714	0.0998	0.5461	0.3180	0.2281	0.1701	0.1505	0.0196	0.3760	0.1675	0.2085	0.1096	0.2430	0.1584	0.2346	0.2314	0.0364	0.0700	47.7979	0.1853	0.0284	0.0102	0.0539	0.0199	0.0215	0.0078	0.0323	0.0000	0.0582
44	64	0.6749	7	1	2	0	1	0	0	0	0	N	Y	N	N	N	N	N	N	N	N	N	N	1.2242	0.7635	89.5214	1.2969	1.3097	0.3624	9.0372	25.7098	139.5244	0.8184	0.6697	2.0333	1.5214	1.6525	0.0029	0.4054	0.0613	2.7827	0.6685	0.8771	0.0227	1.1731	1.2617	0.0080	0.0449	0.0024	0.0199	0.3717	0.0753	-0.0595	-0.0526	62.5878	17.5893	29.9840	19.0270	3.6747	2.6790	0.9957	2.5279	2.5275	0.0004	1.1468	0.1516	0.9953	0.0943	0.0877	0.0066	0.0880	0.0876	0.0004	0.0063	0.0000	0.0062	4.4903	4.0006	0.4897	1.6615	1.5295	0.1320	2.8288	2.4711	0.3577	1.3651	0.8006	0.5644	0.3636	0.3175	0.0461	1.0015	0.4831	0.5184	11.8513	6.1162	173.8533	6.2860	5.9874	0.3624	64.8394	968.1902	231.4781	0.0691	0.1095	0.0117	0.2420	0.2760	0.0080	0.0063	0.0001	0.0120
44	65	0.6686	6	0	2	0	1	0	0	0	0	N	Y	N	N	N	N	N	N	N	N	N	N	1.5000	1.3936	2.7639	3.7941	3.9275	56.9599	0.0444	0.0253	0.4154	0.8845	0.9624	0.1834	2.3948	2.4867	0.8158	0.0104	0.0085	0.0235	0.5897	0.6906	0.0663	0.6312	0.6332	0.0143	0.2348	0.3375	0.0566	0.0212	0.1978	-0.1173	-0.0078	62.5878	1.7566	29.9840	2.8742	0.4403	0.4312	0.0091	0.4370	0.4288	0.0082	0.0033	0.0024	0.0009	0.0168	0.0141	0.0028	0.0136	0.0135	0.0001	0.0032	0.0005	0.0027	0.4978	0.4480	0.0497	0.1825	0.1724	0.0100	0.3153	0.2756	0.0397	0.3212	0.2212	0.0999	0.1178	0.1116	0.0063	0.2033	0.1096	0.0937	16.8690	15.1438	6.5886	20.6910	20.4792	56.9599	0.6622	1.8406	0.8179	0.0524	0.0635	0.0278	0.1157	0.1214	0.0143	0.0157	0.0046	0.0287
44	66	0.6321	7	0	2	0	1	0	0	0	0	N	Y	N	N	N	N	N	N	N	N	N	N	0.2531	1.0389	0.3426	86.3182	892.4825	69.9335	0.1474	0.0362	0.2860	0.5660	0.2243	3.4475	0.8613	0.6746	4.1747	0.4482	0.0294	3.3257	2.2368	0.2159	10.0626	0.0100	0.0008	0.0597	3.0406	0.8111	11.6286	1.8236	272.8589	1.0149	1.0945	62.5878	21.1811	29.9840	10.1862	2.8293	1.0020	1.8273	1.2279	0.9104	0.3175	1.6015	0.0916	1.5098	2.9741	0.0109	2.9633	0.0024	0.0002	0.0022	2.9717	0.0106	2.9610	4.9984	4.4684	0.5300	1.4256	1.3496	0.0760	3.5728	3.1188	0.4540	1.3296	0.7749	0.5547	0.3523	0.3029	0.0493	0.9773	0.4720	0.5054	0.2531	16.0014	0.6454	123.8961	892.4825	92.7697	0.1474	1.3045	0.5676	2.2368	0.0140	5.3420	0.0070	0.0008	0.0450	3.0406	0.0225	5.8591
44	67	0.6183	6	0	2	0	1	0	0	0	0	N	Y	N	N	N	N	N	N	N	N	N	N	1.3617	111.9755	0.0136	240.6390	211.1422	26.8191	1.1379	9.0512	0.0124	0.7937	0.8824	0.0117	0.7005	0.7422	0.0180	0.8433	0.9629	0.0102	0.5829	0.0079	0.8643	0.0029	0.0035	0.0007	0.7411	0.1064	0.8245	0.0015	35.5360	-0.4594	0.0066	62.5878	7.4253	29.9840	0.9851	1.6085	1.6061	0.0024	0.4932	0.4925	0.0007	1.1153	1.1136	0.0017	0.0192	0.0005	0.0186	0.0003	0.0003	0.0000	0.0189	0.0003	0.0186	2.0265	1.8200	0.2065	0.7040	0.6635	0.0405	1.3225	1.1565	0.1660	0.3733	0.2166	0.1566	0.0957	0.0819	0.0138	0.2775	0.1347	0.1428	15.4684	364.6482	0.0986	240.6390	225.6271	26.8191	12.4003	509.1138	0.0782	0.0513	0.0024	0.1189	0.0029	0.0033	0.0007	0.0680	0.0019	0.1304
44	68	0.8216	9	0	1	1	1	0	0	0	0	N	N	N	N	N	N	N	N	N	N	N	N	0.6586	0.2096	3.8579	0.0396	0.0396	2.7737	1.4916	6987.2984	5.2249	0.6878	0.2856	4.3754	0.0900	0.0952	0.0122	1.2277	0.4706	6.3066	1.0444	1.3629	1.1341	2.2701	2.4076	0.0044	0.8231	0.0001	1.2070	1.6709	0.1691	1.0816	-0.1669	62.5878	15.0354	29.9840	6.2061	3.1955	1.1964	1.9991	0.1983	0.1966	0.0017	2.9971	0.9998	1.9974	0.3451	0.2952	0.0499	0.2954	0.2952	0.0002	0.0498	0.0000	0.0498	4.6458	4.1889	0.4569	2.2045	2.0643	0.1402	2.4413	2.1246	0.3167	0.9043	0.5659	0.3383	0.3365	0.2961	0.0403	0.5678	0.2698	0.2980	1.8022	0.5476	29.6459	0.1025	0.0956	2.7737	14.0106	2436937.3919	37.7712	0.3817	0.5216	0.1476	0.8778	0.9968	0.0044	0.0876	0.0000	0.1670
44	69	0.7535	8	0	1	0	1	0	0	0	0	N	N	N	N	N	N	N	N	N	N	N	N	0.1641	0.0892	0.3270	0.0825	0.0512	282.3652	0.2085	17.2363	0.2756	0.3369	0.1955	1.4478	0.3677	0.2653	1.7019	0.3125	0.1355	1.3496	2.0524	2.1925	4.4273	4.4578	5.1798	0.0060	1.4986	0.0079	4.8969	0.9426	0.5724	0.5344	-0.7190	62.5878	27.6811	29.9840	13.1592	2.6976	1.3887	1.3090	1.3003	0.8711	0.4291	1.3974	0.5175	0.8798	2.7201	1.7299	0.9902	1.7301	1.7297	0.0003	0.9900	0.0001	0.9899	8.0075	7.1034	0.9041	3.5360	3.2839	0.2521	4.4715	3.8195	0.6519	1.3253	0.7890	0.5363	0.3913	0.3339	0.0574	0.9340	0.4551	0.4789	0.1641	0.0892	0.7841	0.0832	0.0512	282.3652	0.2948	432.6375	0.6529	2.0524	2.1925	1.8464	4.4208	5.1798	0.0060	1.0600	0.0003	2.0670
44	70	0.7187	7	0	1	0	1	0	0	0	0	N	N	N	N	N	N	N	N	N	N	N	N	2.7302	1.3192	110.0599	5.3871	1.5460	729.9188	4.8006	1.8225	45.6430	1.0406	0.6234	4.7624	1.1235	0.3393	13.3432	0.9785	0.8536	1.8060	0.3811	0.4725	0.0433	0.2085	0.2195	0.0183	0.2038	0.4684	0.0396	0.8564	0.4459	1.0507	-0.0080	62.5878	19.6565	29.9840	4.0504	6.0316	3.2490	2.7826	2.7894	0.7917	1.9978	3.2421	2.4573	0.7848	0.0251	0.0174	0.0077	0.0159	0.0152	0.0007	0.0092	0.0021	0.0071	5.7962	5.2119	0.5843	2.4829	2.3332	0.1497	3.3133	2.8788	0.4346	0.9593	0.5847	0.3746	0.3091	0.2722	0.0370	0.6502	0.3125	0.3376	39.7252	20.9721	230.2097	21.8212	6.0598	729.9188	69.0501	124.6912	86.2018	0.0262	0.0297	0.0207	0.0515	0.0560	0.0183	0.0142	0.0068	0.0210
44	71	0.6214	7	1	2	0	1	0	0	0	0	N	Y	N	N	N	N	N	N	N	N	N	N	0.8156	1046.3240	0.8226	143.5350	251.1192	0.0000	0.8899	579.2153	0.9555	1.0700	0.7017	4.2899	0.2622	0.2797	0.0000	1.4640	0.9213	5.3671	1.3119	0.0007	5.2148	0.0018	0.0011	0.0059	1.6453	0.0016	5.6168	0.6995	4033.7797	0.6045	0.3704	62.5878	17.5448	29.9840	6.0013	4.8579	2.8585	1.9994	0.3902	0.3902	0.0000	4.4677	2.4683	1.9994	0.9973	0.0002	0.9970	0.0005	0.0002	0.0002	0.9968	0.0000	0.9968	4.5400	4.0739	0.4661	1.4883	1.3948	0.0935	3.0517	2.6791	0.3725	0.9849	0.5721	0.4127	0.2502	0.2128	0.0374	0.7347	0.3593	0.3753	1.0567	1624.2131	1.7758	143.5350	251.1192	0.0000	1.0790	32802.3574	2.0210	1.0126	0.0004	2.4157	0.0018	0.0011	0.0059	1.3568	0.0000	2.6557
44	72	0.6899	10	1	2	1	1	0	0	0	0	N	Y	N	N	N	N	N	N	N	N	N	N	6220.8968	3861.3222	0.0000	0.0542	0.0533	0.0000	46435482.4400	509101.7467	0.0000	2.0146	2.2532	0.0000	0.0000	0.0000	0.0000	2.9169	3.3674	0.0000	0.0003	0.0006	0.0000	0.0007	0.0008	0.0000	0.0000	0.0000	0.0000	0.0000	0.0002	-0.2870	-0.0001	62.5878	1.8980	29.9840	2.9698	0.9996	0.9996	0.0000	0.0000	0.0000	0.0000	0.9996	0.9996	0.0000	0.0001	0.0001	0.0000	0.0001	0.0001	0.0000	0.0000	0.0000	0.0000	0.4962	0.4436	0.0525	0.1535	0.1468	0.0067	0.3427	0.2968	0.0458	0.3595	0.2455	0.1140	0.1351	0.1270	0.0081	0.2245	0.1185	0.1060	7294.5737	5571.9424	0.0000	0.0542	0.0533	0.0000	46435482.4400	332530454.1491	0.0000	0.0003	0.0004	0.0000	0.0007	0.0008	0.0000	0.0000	0.0000	0.0000
44	73	0.6703	9	1	1	1	1	0	0	0	0	N	N	N	N	N	N	N	N	N	N	N	N	0.1421	0.1739	0.0437	0.9125	1.1261	0.0215	0.0361	0.0042	0.0705	0.0020	0.0022	0.0004	0.0028	0.0029	0.0002	0.0012	0.0013	0.0005	0.0142	0.0124	0.0097	0.0030	0.0026	0.0074	0.0330	0.3048	0.0076	0.0172	0.9186	-0.0010	-0.0003	62.5878	3.5853	29.9840	4.3819	0.0037	0.0036	0.0001	0.0026	0.0026	0.0000	0.0010	0.0010	0.0001	0.0018	0.0009	0.0009	0.0004	0.0003	0.0001	0.0014	0.0006	0.0008	1.8329	1.6849	0.1480	0.9534	0.9097	0.0438	0.8795	0.7752	0.1042	0.4149	0.2732	0.1417	0.1330	0.1203	0.0127	0.2820	0.1529	0.1291	0.4631	0.6255	0.0693	0.9125	1.1261	0.0215	0.2403	0.3107	0.0894	0.0043	0.0034	0.0061	0.0030	0.0026	0.0074	0.0050	0.0041	0.0060
44	74	0.6388	8	1	1	1	1	0	0	0	0	N	N	N	N	N	N	N	N	N	N	N	N	13.8980	7.9555	5.3037	9.6680	8.9667	0.1981	57.3717	13.4596	8.3046	0.1450	0.1600	0.0063	0.1516	0.1612	0.0007	0.1412	0.1593	0.0080	0.0104	0.0201	0.0012	0.0157	0.0180	0.0033	0.0025	0.0118	0.0010	0.0043	0.1487	-0.1426	-0.0015	62.5878	12.3589	29.9840	7.3592	0.5040	0.5018	0.0021	0.1940	0.1940	0.0001	0.3100	0.3079	0.0021	0.0031	0.0027	0.0004	0.0026	0.0025	0.0001	0.0004	0.0002	0.0003	3.4750	3.1361	0.3389	1.2795	1.2030	0.0765	2.1955	1.9331	0.2624	0.8971	0.5658	0.3313	0.2654	0.2327	0.0327	0.6317	0.3330	0.2987	42.6314	34.0751	5.3037	15.3929	14.9719	0.1981	203.8142	351.7559	8.3046	0.0034	0.0047	0.0012	0.0099	0.0108	0.0033	0.0007	0.0005	0.0010
44	75	0.6214	7	1	1	1	1	0	0	0	0	N	N	N	N	N	N	N	N	N	N	N	N	1.6439	1.6968	0.2920	6.8317	6.9531	0.7705	1.3991	0.3974	0.2648	0.1923	0.2129	0.0079	0.2783	0.2971	0.0152	0.1426	0.1613	0.0056	0.1170	0.1255	0.0270	0.0407	0.0427	0.0197	0.1019	0.4060	0.0210	0.0042	0.8856	-0.1587	-0.0009	62.5878	10.2127	29.9840	1.0234	0.5609	0.5586	0.0023	0.2973	0.2962	0.0011	0.2636	0.2624	0.0012	0.0058	0.0031	0.0027	0.0024	0.0021	0.0004	0.0034	0.0010	0.0024	2.9172	2.6233	0.2939	1.0680	0.9968	0.0712	1.8492	1.6265	0.2227	0.4847	0.2816	0.2031	0.1238	0.1054	0.0184	0.3610	0.1763	0.1847	16.1294	19.5706	0.5907	14.1975	15.1733	0.7705	15.3530	28.4208	0.4365	0.0119	0.0109	0.0134	0.0196	0.0196	0.0197	0.0093	0.0057	0.0127
44	76	0.6183	6	1	1	0	1	0	0	0	0	N	N	N	N	N	N	N	N	N	N	N	N	49.0299	208.5432	0.6502	434.3776	386.2374	334.8941	12.3635	37.5121	0.7535	0.7597	0.8406	0.0111	1.1803	1.2532	0.0112	0.4589	0.5231	0.0110	0.0155	0.0040	0.0170	0.0027	0.0032	0.0000	0.0371	0.0139	0.0146	0.0014	4.2784	-0.2495	0.0001	62.5878	3.7027	29.9840	0.0091	0.8731	0.8719	0.0012	0.5656	0.5653	0.0003	0.3075	0.3066	0.0009	0.0008	0.0001	0.0006	0.0001	0.0001	0.0000	0.0007	0.0000	0.0006	1.1492	1.0372	0.1120	0.4792	0.4511	0.0281	0.6700	0.5861	0.0839	0.1667	0.0967	0.0699	0.0428	0.0366	0.0062	0.1239	0.0601	0.0638	163.4454	553.9547	1.2316	434.3776	395.3827	334.8941	86.3377	1024.8418	1.1196	0.0046	0.0015	0.0090	0.0027	0.0032	0.0000	0.0053	0.0005	0.0098
44	77	0.6013	5	0	1	0	1	0	0	0	0	N	N	N	N	N	N	N	N	N	N	N	N	0.0794	0.0651	0.0046	0.1027	0.0990	7.3669	0.0101	0.0425	0.0048	0.4001	0.4442	0.0222	1.3019	1.3681	0.0017	0.0161	0.0147	0.0255	5.0390	6.8194	4.7976	12.6717	13.8265	0.0002	1.6026	0.3465	5.2788	0.0058	0.2037	-0.1225	-1.4286	62.5878	3.8334	29.9840	6.1787	0.4355	0.4330	0.0025	0.4232	0.4232	0.0000	0.0123	0.0098	0.0025	3.1115	2.5850	0.5265	2.5841	2.5841	0.0000	0.5274	0.0009	0.5265	1.0884	0.9748	0.1136	0.3251	0.3093	0.0158	0.7633	0.6655	0.0978	0.6175	0.3791	0.2384	0.2039	0.1869	0.0170	0.4136	0.1922	0.2214	0.0794	0.0651	0.0101	0.1027	0.0990	7.3669	0.0126	3.0992	0.0107	5.0390	6.8194	2.2083	12.6717	13.8265	0.0002	1.2753	0.0048	2.3782
44	78	0.5622	4	0	1	0	1	0	0	0	0	N	N	N	N	N	N	N	N	N	N	N	N	0.7152	0.2642	1.6485	0.2697	0.2790	1.3439	0.7337	0.1360	1.8975	0.7984	0.3748	4.0443	0.5884	0.6324	0.0053	0.8826	0.2640	4.8953	1.1163	1.4185	2.4533	2.1812	2.2666	0.0039	1.2029	1.9415	2.5799	1.4081	0.3890	1.1350	-0.2736	62.5878	16.9094	29.9840	5.8161	3.8141	1.5839	2.2302	0.8044	0.8039	0.0005	3.0097	0.7800	2.2297	0.7857	0.5656	0.2200	0.4032	0.4029	0.0003	0.3825	0.1628	0.2197	4.7774	4.2259	0.5514	1.3672	1.2713	0.0960	3.4101	2.9547	0.4555	1.4674	0.8929	0.5745	0.5189	0.4478	0.0710	0.9486	0.4451	0.5034	1.4912	0.5917	10.5592	0.7572	0.7030	1.3439	2.1887	0.7220	11.2154	0.5354	0.6334	0.3830	0.7770	0.8996	0.0039	0.4032	0.3657	0.4365
44	79	0.6686	6	0	2	0	1	0	0	0	0	N	Y	N	N	N	N	N	N	N	N	N	N	0.6979	2.9223	0.4087	10.4131	9.6121	0.0002	0.5092	742.6796	0.4800	0.8097	0.7018	1.7326	1.0090	1.0767	0.0000	0.7089	0.4986	2.1703	1.1602	0.2402	4.2390	0.0969	0.1120	0.0046	1.3920	0.0007	4.5217	0.2885	70.1974	-0.2823	0.3624	62.5878	23.9173	29.9840	17.8091	4.4652	3.4653	0.9999	1.8693	1.8693	0.0000	2.5959	1.5961	0.9998	1.0133	0.0142	0.9991	0.0145	0.0142	0.0002	0.9988	0.0000	0.9988	5.5145	4.9374	0.5771	1.8525	1.7361	0.1164	3.6620	3.2013	0.4607	1.5506	0.9401	0.6105	0.4122	0.3625	0.0497	1.1384	0.5775	0.5608	1.2391	46.3601	1.0587	28.7721	27.4326	0.0002	0.8079	113239.5288	1.2186	0.6535	0.0151	1.6365	0.0351	0.0392	0.0046	0.8774	0.0000	1.7810
44	80	0.6525	5	0	2	0	1	0	0	0	0	N	Y	N	N	N	N	N	N	N	N	N	N	0.0028	0.0014	2.1213	0.0025	0.0017	7.4871	0.0357	0.0718	0.2580	0.0047	0.0036	0.0131	0.0138	0.0104	0.0639	0.0003	0.0002	0.0010	1.6884	2.5676	0.0062	5.4006	5.9687	0.0085	0.0076	0.0022	0.0041	0.4276	0.0009	0.0001	-0.4903	62.5878	6.1279	29.9840	3.6878	0.0068	0.0047	0.0020	0.0065	0.0046	0.0019	0.0003	0.0001	0.0001	0.7814	0.7807	0.0007	0.7808	0.7807	0.0001	0.0006	0.0000	0.0006	1.4530	1.2983	0.1547	0.4721	0.4425	0.0297	0.9809	0.8559	0.1251	0.4628	0.3041	0.1587	0.1446	0.1308	0.0138	0.3182	0.1733	0.1450	0.0028	0.0014	2.9843	0.0025	0.0017	7.4871	0.1476	2.7528	0.2622	1.6884	2.5676	0.0044	5.4006	5.9687	0.0085	0.0019	0.0001	0.0040
44	81	0.7406	9	1	1	1	1	0	0	0	0	N	N	N	N	N	N	N	N	N	N	N	N	0.7015	129.3491	0.0000	181.7382	180.8178	0.0000	0.4392	326.7115	0.0000	0.7442	0.8293	0.0000	0.9942	1.0613	0.0000	0.5671	0.6522	0.0000	1.0609	0.0064	3.6125	0.0055	0.0059	0.0035	1.2911	0.0020	3.8161	0.0000	326.5154	-1.3614	0.2032	62.5878	27.2690	29.9840	12.3406	4.7414	4.7414	0.0000	2.6270	2.6270	0.0000	2.1145	2.1145	0.0000	0.5514	0.0017	0.5497	0.0019	0.0017	0.0002	0.5495	0.0000	0.5495	6.3711	5.7172	0.6539	2.6423	2.4752	0.1671	3.7288	3.2420	0.4868	1.3253	0.7947	0.5307	0.4041	0.3485	0.0556	0.9212	0.4461	0.4751	1.7888	391.4584	0.0000	216.5186	222.4350	0.0000	0.9506	14089.1443	0.0000	0.4160	0.0021	1.0358	0.0046	0.0048	0.0035	0.5965	0.0000	1.1567
44	82	0.7253	8	0	1	0	1	0	0	0	0	N	N	N	N	N	N	N	N	N	N	N	N	0.3857	1.0576	2.1777	5.7800	4.0777	1324.0504	0.0720	3.0583	0.6755	0.1347	0.1184	0.2878	0.2502	0.2189	0.7068	0.0295	0.0206	0.0922	0.3493	0.1120	0.1322	0.0433	0.0537	0.0005	0.4104	0.0067	0.1365	0.2583	2.8217	-0.0297	0.0009	62.5878	9.0798	29.9840	0.9519	0.3632	0.2887	0.0746	0.3215	0.2633	0.0583	0.0417	0.0254	0.0163	0.0081	0.0021	0.0060	0.0021	0.0021	0.0000	0.0060	0.0000	0.0060	2.6962	2.4371	0.2590	1.2850	1.2026	0.0824	1.4111	1.2346	0.1766	0.3478	0.2052	0.1426	0.1018	0.0866	0.0151	0.2461	0.1186	0.1275	5.7937	11.4855	6.8736	12.1603	9.0927	1324.0504	1.2131	79.4030	1.9713	0.0233	0.0103	0.0419	0.0206	0.0241	0.0005	0.0244	0.0003	0.0468
44	83	0.6525	5	0	2	0	1	0	0	0	0	N	Y	N	N	N	N	N	N	N	N	N	N	0.2054	0.0232	9.5186	0.3286	0.0658	4.8582	0.0772	0.0000	1.1578	0.0003	0.0001	0.0022	0.0009	0.0002	0.0113	0.0000	0.0000	0.0000	0.0014	0.0026	0.0002	0.0027	0.0027	0.0023	0.0000	0.0013	0.0000	4.2692	0.1358	0.0007	-0.0005	62.5878	21.0000	29.9840	14.4214	0.0014	0.0003	0.0011	0.0014	0.0003	0.0011	0.0000	0.0000	0.0000	0.0010	0.0009	0.0001	0.0010	0.0009	0.0001	0.0000	0.0000	0.0000	4.8030	4.2962	0.5068	1.5534	1.4562	0.0971	3.2496	2.8400	0.4097	1.3377	0.8162	0.5215	0.3692	0.3220	0.0472	0.9685	0.4941	0.4743	0.3802	0.0559	9.5186	0.3286	0.0658	4.8582	0.1490	0.0000	1.1578	0.0008	0.0011	0.0002	0.0027	0.0027	0.0023	0.0000	0.0000	0.0000
44	84	0.7102	9	0	1	1	1	0	0	0	0	N	N	N	N	N	N	N	N	N	N	N	N	0.2696	0.2160	2.9559	0.0813	0.0791	2.3401	78.4516	259.9279	2.7260	0.3409	0.3797	0.0078	0.3076	0.3272	0.0146	0.3597	0.4116	0.0059	1.2645	1.7583	0.0026	3.7844	4.1378	0.0062	0.0046	0.0016	0.0022	0.0024	0.0012	-0.4767	-0.6531	62.5878	20.4085	29.9840	11.0867	1.6741	1.6701	0.0040	0.5448	0.5431	0.0016	1.1293	1.1269	0.0024	1.0413	1.0401	0.0013	1.0404	1.0401	0.0003	0.0009	0.0000	0.0009	4.9101	4.3980	0.5121	1.7707	1.6600	0.1107	3.1394	2.7380	0.4014	1.1393	0.6631	0.4762	0.3373	0.2829	0.0544	0.8019	0.3802	0.4218	0.3730	0.2421	2.9559	0.0997	0.0890	2.3401	309.8610	14861.0783	2.7260	0.9141	1.5686	0.0026	3.0844	3.6762	0.0062	0.0012	0.0000	0.0022
44	85	0.7064	8	0	1	1	1	0	0	0	0	N	N	N	N	N	N	N	N	N	N	N	N	0.3761	0.0044	1.2200	0.6999	0.0066	2900.6781	0.0004	0.0005	0.0008	0.3830	0.0043	3.8709	0.8367	0.0087	14.4212	0.0005	0.0002	0.0026	1.0186	0.9653	3.1729	1.1955	1.3134	0.0050	1.1922	0.3327	3.2872	98.8250	3.0098	0.2678	0.0081	62.5878	3.1287	29.9840	1.1816	0.3810	0.0038	0.3772	0.3808	0.0037	0.3770	0.0003	0.0001	0.0002	0.0660	0.0165	0.0495	0.0162	0.0162	0.0000	0.0498	0.0003	0.0495	0.9948	0.8973	0.0974	0.4551	0.4289	0.0261	0.5397	0.4684	0.0713	0.1920	0.1179	0.0742	0.0639	0.0550	0.0089	0.1282	0.0629	0.0653	1.1150	0.0305	5.7973	3.2965	0.0297	2900.6781	0.0012	0.0343	0.0034	0.3435	0.1396	0.6677	0.2538	0.2939	0.0050	0.3882	0.0046	0.7576
44	86	0.6995	7	0	1	0	1	0	0	0	0	N	N	N	N	N	N	N	N	N	N	N	N	0.4054	1.2927	0.1570	2.9057	2.4247	263.4366	0.0013	0.0611	0.0002	1.2566	1.1585	2.1301	3.1045	2.7414	8.6201	0.0058	0.0062	0.0028	3.0996	0.8962	13.5680	1.0684	1.1306	0.0327	4.4588	0.1018	15.2771	0.2066	43.6361	-0.1598	0.3172	62.5878	4.0532	29.9840	2.2470	1.3784	1.1424	0.2360	1.3746	1.1389	0.2358	0.0038	0.0035	0.0002	0.9083	0.0203	0.8879	0.0205	0.0202	0.0003	0.8878	0.0002	0.8876	1.0969	0.9862	0.1108	0.4428	0.4154	0.0274	0.6542	0.5707	0.0834	0.2930	0.1792	0.1138	0.0939	0.0831	0.0108	0.1991	0.0961	0.1030	0.4054	10.2045	0.2730	14.2390	11.3004	302.8383	0.0013	3.3545	0.0003	3.0996	0.1135	7.8033	0.2180	0.2426	0.0285	4.4588	0.0019	8.6164
44	87	0.6764	6	0	1	0	1	0	0	0	0	N	N	N	N	N	N	N	N	N	N	N	N	0.4147	0.2469	0.7069	0.4627	0.3122	262.8104	0.0004	0.1606	0.0000	0.4073	0.2878	1.5650	0.8876	0.6002	6.0138	0.0004	0.0004	0.0001	0.9821	1.1660	2.2138	1.9184	1.9225	0.0229	0.9786	0.0028	2.1698	0.5611	0.6427	0.0420	-0.0502	62.5878	4.7288	29.9840	9.8540	0.5806	0.3719	0.2087	0.5803	0.3716	0.2087	0.0003	0.0003	0.0000	0.2116	0.1288	0.0828	0.1292	0.1288	0.0004	0.0824	0.0000	0.0823	1.4255	1.2921	0.1333	0.6538	0.6191	0.0347	0.7717	0.6730	0.0986	0.7500	0.4835	0.2665	0.2345	0.2152	0.0193	0.5155	0.2683	0.2472	1.4440	1.0806	5.0394	1.6110	1.0030	268.7485	0.0025	5.7406	0.0003	0.2821	0.2664	0.3106	0.5509	0.5984	0.0224	0.1598	0.0001	0.3331
44	88	0.6525	5	0	1	0	1	0	0	0	0	N	N	N	N	N	N	N	N	N	N	N	N	0.3223	0.1746	71.5849	0.2938	0.2125	2744.1644	0.0056	0.0112	0.0911	1.3683	1.1655	3.0732	4.2140	3.4232	16.0196	0.0008	0.0004	0.0038	4.2449	6.6769	0.0429	14.3414	16.1055	0.0058	0.1476	0.0347	0.0420	0.3137	0.0018	-0.1345	-1.7896	62.5878	8.6320	29.9840	7.0881	2.7832	2.1185	0.6646	2.7820	2.1181	0.6640	0.0011	0.0005	0.0007	2.8562	2.8511	0.0051	2.8510	2.8509	0.0001	0.0052	0.0002	0.0049	2.0340	1.8177	0.2163	0.6602	0.6187	0.0414	1.3738	1.1990	0.1748	0.6729	0.4270	0.2458	0.1988	0.1770	0.0218	0.4741	0.2500	0.2241	0.3223	0.1746	149.3431	0.2938	0.2125	2744.1644	0.0757	0.3929	0.1739	4.2449	6.6769	0.0206	14.3414	16.1055	0.0058	0.0109	0.0010	0.0220
44	89	0.7203	7	0	2	0	1	0	0	0	0	N	Y	N	N	N	N	N	N	N	N	N	N	9.6040	3.4649	0.6555	22.9555	20.3357	6.8290	13.1350	126.1625	0.0102	0.6153	0.6837	0.0027	1.3584	1.4448	0.0113	0.1170	0.1341	0.0000	0.0641	0.1973	0.0042	0.0592	0.0710	0.0016	0.0089	0.0011	0.0038	0.0004	0.1841	-0.7131	-0.0036	62.5878	15.4622	29.9840	5.2688	2.4873	2.4862	0.0011	2.2041	2.2030	0.0011	0.2832	0.2832	0.0000	0.0075	0.0064	0.0012	0.0064	0.0064	0.0001	0.0011	0.0000	0.0011	4.0425	3.6367	0.4059	1.6225	1.5248	0.0978	2.4200	2.1119	0.3081	0.8040	0.4788	0.3252	0.2448	0.2138	0.0310	0.5593	0.2650	0.2943	65.5342	51.3425	0.7600	51.7644	48.4782	6.8290	58.1517	11472.6683	0.0102	0.0094	0.0133	0.0036	0.0262	0.0298	0.0016	0.0020	0.0000	0.0038
44	90	0.7085	6	0	1	0	1	0	0	0	0	N	N	N	N	N	N	N	N	N	N	N	N	1.3207	1.3418	5.5607	7.9524	5.9499	3374.0611	0.4193	16.9548	0.0541	0.5515	0.5417	0.6442	1.0712	0.9861	2.4730	0.1604	0.1820	0.0071	0.4176	0.4037	0.1159	0.1347	0.1657	0.0007	0.3825	0.0107	0.1308	0.1251	0.9489	-0.2177	-0.0019	62.5878	7.5917	29.9840	1.5198	1.2374	1.0999	0.1376	1.0321	0.8956	0.1365	0.2054	0.2042	0.0011	0.0131	0.0067	0.0064	0.0067	0.0067	0.0000	0.0064	0.0001	0.0064	2.2438	2.0303	0.2136	0.9635	0.9083	0.0552	1.2804	1.1220	0.1584	0.4393	0.2760	0.1634	0.1592	0.1385	0.0206	0.2802	0.1374	0.1428	18.4597	22.1982	16.4702	25.4717	20.4555	3374.0611	6.9870	447.8340	0.1584	0.0299	0.0244	0.0391	0.0421	0.0482	0.0007	0.0230	0.0004	0.0447
44	91	0.8178	10	1	1	1	1	0	0	0	0	N	N	N	N	N	N	N	N	N	N	N	N	8990.9233	6043490.3792	0.0000	606775.7151	5313937.3705	0.0000	3.3134	inf	0.0000	0.9370	1.0407	0.0000	2.1773	2.3133	0.0000	0.0013	0.0015	0.0000	0.0001	0.0000	0.0003	0.0000	0.0000	0.0000	0.0004	0.0000	0.0003	0.0000	1025.2315	-0.1921	0.0000	62.5878	3.0317	29.9840	0.1644	0.6689	0.6689	0.0000	0.6684	0.6684	0.0000	0.0005	0.0005	0.0000	0.0000	0.0000	0.0000	0.0000	0.0000	0.0000	0.0000	0.0000	0.0000	0.7139	0.6427	0.0712	0.3070	0.2889	0.0180	0.4069	0.3538	0.0531	0.1064	0.0627	0.0436	0.0288	0.0248	0.0040	0.0775	0.0379	0.0396	8990.9233	6043490.3792	0.0000	606775.7151	5313937.3705	0.0000	9.0491	inf	0.0000	0.0001	0.0000	0.0003	0.0000	0.0000	0.0000	0.0001	0.0000	0.0003
44	92	0.8120	9	1	1	1	1	0	0	0	0	N	N	N	N	N	N	N	N	N	N	N	N	0.0059	20.3520	0.0018	1.6087	8.9062	0.4012	0.0044	inf	0.0001	0.0041	0.0042	0.0028	0.0043	0.0041	0.0074	0.0039	0.0044	0.0002	0.6970	0.0002	1.5212	0.0026	0.0005	0.0184	0.8813	0.0000	1.4993	0.0626	664.2581	-0.0008	0.0039	62.5878	2.6632	29.9840	1.0147	0.0036	0.0034	0.0002	0.0021	0.0019	0.0002	0.0015	0.0015	0.0000	0.0104	0.0000	0.0104	0.0001	0.0000	0.0001	0.0103	0.0000	0.0103	0.8792	0.8025	0.0766	0.4827	0.4553	0.0274	0.3965	0.3472	0.0493	0.1333	0.0806	0.0527	0.0390	0.0342	0.0048	0.0943	0.0464	0.0480	0.0525	21.7587	0.0140	1.6087	8.9062	0.4012	0.0357	inf	0.0010	0.0780	0.0002	0.1970	0.0026	0.0005	0.0184	0.1092	0.0000	0.2148
44	93	0.7287	8	1	1	1	1	0	0	0	0	N	N	N	N	N	N	N	N	N	N	N	N	3.5864	1.3476	1972.1972	3.1893	1.6708	3033.9649	429.1829	2842.7011	1457.4960	0.7388	0.5768	2.2194	0.6084	0.3883	4.1470	0.8297	0.7185	1.5977	0.2060	0.4281	0.0011	0.1908	0.2324	0.0014	0.0019	0.0003	0.0011	0.4209	0.0299	0.0567	-0.0151	62.5878	35.0787	29.9840	12.2568	6.2289	4.3836	1.8452	2.1062	1.2654	0.8409	4.1226	3.1183	1.0044	0.0251	0.0244	0.0007	0.0245	0.0244	0.0001	0.0006	0.0000	0.0006	8.4307	7.5993	0.8314	3.4618	3.2591	0.2028	4.9689	4.3402	0.6286	1.5881	0.9387	0.6494	0.4920	0.4220	0.0700	1.0962	0.5167	0.5795	46.6850	22.1896	1972.1972	12.2180	6.7141	3033.9649	1430.8318	828008.8682	1457.4960	0.0158	0.0260	0.0011	0.0498	0.0578	0.0014	0.0006	0.0000	0.0011
44	94	0.7152	7	1	1	0	1	0	0	0	0	N	N	N	N	N	N	N	N	N	N	N	N	0.2376	0.1656	8.0559	0.1375	0.1084	69.7247	1.0821	2.3022	0.3781	0.2116	0.2003	0.3254	0.2704	0.2197	1.1619	0.1621	0.1826	0.0143	0.8907	1.2097	0.0404	1.9662	2.0274	0.0167	0.1498	0.0793	0.0377	0.1621	0.0442	-0.0866	-0.0432	62.5878	8.4810	29.9840	2.3446	0.5864	0.5046	0.0818	0.3424	0.2633	0.0792	0.2439	0.2413	0.0026	0.0737	0.0706	0.0031	0.0707	0.0704	0.0003	0.0031	0.0002	0.0028	2.7708	2.5194	0.2514	1.2662	1.1980	0.0682	1.5046	1.3213	0.1832	0.3996	0.2388	0.1609	0.1215	0.1047	0.0169	0.2781	0.1341	0.1440	1.1471	0.6773	16.7571	0.4652	0.3268	69.7247	14.7324	112.5177	0.7229	0.1845	0.2957	0.0194	0.5814	0.6725	0.0167	0.0110	0.0016	0.0197
44	95	0.6525	5	0	2	0	2	0	0	0	0	N	Y	N	Y	N	N	N	N	N	N	N	N	0.3048	265.2686	0.0002	218.8213	385.4738	1.1017	0.1673	304.7673	0.0000	0.7185	0.8027	0.0027	1.0902	1.1619	0.0140	0.5409	0.6188	0.0000	2.3573	0.0030	11.1051	0.0050	0.0030	0.0127	3.2340	0.0020	12.5572	0.0004	3241.7832	-1.1230	1.4812	62.5878	24.0032	29.9840	22.6134	3.9164	3.9148	0.0015	1.9206	1.9191	0.0015	1.9958	1.9958	0.0000	3.9888	0.0012	3.9876	0.0020	0.0012	0.0008	3.9868	0.0000	3.9868	5.4512	4.8770	0.5741	1.7617	1.6517	0.1100	3.6895	3.2254	0.4641	1.6921	1.0236	0.6685	0.4593	0.3985	0.0608	1.2328	0.6251	0.6077	0.3048	667.9806	0.0005	253.9112	385.8450	1.1017	0.1673	12892.7758	0.0000	2.3573	0.0012	5.9651	0.0043	0.0030	0.0127	3.2340	0.0000	6.5604
44	96	0.2584	3	0	2	0	1	0	0	0	0	N	Y	N	N	N	N	N	N	N	N	N	N	0.3299	0.1404	9726.2180	0.0181	0.0180	55.3792	0.3485	0.1133	10470.2099	0.3639	0.2130	1.2562	0.0017	0.0018	0.0004	0.4514	0.2696	1.3904	1.1028	1.5169	0.0001	0.0963	0.1026	0.0000	1.2951	2.3782	0.0001	0.9970	0.0001	0.4229	-0.6370	62.5878	18.5150	29.9840	10.2301	1.9937	0.9983	0.9954	0.0019	0.0018	0.0000	1.9918	0.9965	0.9953	1.0139	1.0138	0.0001	0.0139	0.0139	0.0000	1.0001	0.9999	0.0001	5.4794	4.6870	0.7924	1.0666	0.9901	0.0765	4.4127	3.6969	0.7159	1.9882	1.1329	0.8553	0.3969	0.3721	0.0248	1.5913	0.7608	0.8304	0.7135	0.2380	9726.2180	0.0497	0.0494	55.3792	0.7182	0.2051	10470.2099	0.5100	0.8949	0.0001	0.0350	0.0373	0.0000	0.6285	1.3143	0.0001
44	97	0.6816	6	0	2	0	1	0	0	0	0	N	Y	N	N	N	N	N	N	N	N	N	N	42.9971	30.5061	246.6120	71.6482	54.4697	609.7379	38.4195	106.8851	267.5193	1.0676	0.8695	2.7867	1.6784	1.5020	4.4274	0.7569	0.5240	2.3847	0.0248	0.0285	0.0113	0.0234	0.0276	0.0073	0.0197	0.0049	0.0089	0.3692	0.8546	-0.1886	-0.0025	62.5878	46.1140	29.9840	26.4917	10.7966	7.8851	2.9115	5.7226	4.8123	0.9103	5.0741	3.0728	2.0013	0.0149	0.0080	0.0069	0.0087	0.0079	0.0008	0.0062	0.0002	0.0061	10.1130	9.0682	1.0448	3.4096	3.2040	0.2056	6.7035	5.8643	0.8392	2.3853	1.3871	0.9982	0.6527	0.5396	0.1130	1.7326	0.8475	0.8852	170.6421	149.8961	404.4951	125.7322	102.7053	609.7379	211.1606	2868.2007	348.5524	0.0063	0.0058	0.0069	0.0133	0.0146	0.0073	0.0036	0.0002	0.0068
44	98	0.2121	3	0	2	0	1	0	0	0	0	N	Y	N	N	N	N	N	N	N	N	N	N	42.1457	6.2700	69926.4137	0.5524	0.6015	9.4726	66971.3259	1539.2252	101691.9539	0.7660	0.6740	1.3900	0.1911	0.2019	0.0590	0.8645	0.7607	1.5150	0.0182	0.1075	0.0000	0.3460	0.3357	0.0062	0.0000	0.0005	0.0000	0.3043	0.0019	-0.2061	-0.0048	62.5878	20.7840	29.9840	8.9470	3.8286	2.9353	0.8933	0.1397	0.1365	0.0033	3.6888	2.7988	0.8900	0.0076	0.0076	0.0000	0.0076	0.0076	0.0000	0.0000	0.0000	0.0000	4.9979	4.3553	0.6426	0.7311	0.6759	0.0552	4.2668	3.6793	0.5875	1.4954	0.7664	0.7290	0.1061	0.1055	0.0006	1.3893	0.6609	0.7284	149.8969	67.7184	69926.4137	2.6577	2.7934	9.4726	96265.5427	309307.7258	101691.9539	0.0051	0.0100	0.0000	0.0719	0.0723	0.0062	0.0000	0.0000	0.0000
44	99	0.2072	2	0	1	0	1	0	0	0	0	N	N	N	N	N	N	N	N	N	N	N	N	0.3862	0.2951	0.3728	0.3033	0.3049	62.4673	0.3647	0.2685	0.4180	0.3362	0.2997	0.4760	0.3305	0.3260	0.3757	0.3417	0.2663	0.5035	0.8706	1.0154	1.2768	1.0898	1.0693	0.0060	0.9368	0.9918	1.2046	0.4152	0.9269	0.0066	-0.0152	62.5878	2.7834	29.9840	1.0450	1.0579	0.7475	0.3104	0.5078	0.4550	0.0528	0.5501	0.2925	0.2576	0.1034	0.0537	0.0497	0.0495	0.0495	0.0000	0.0539	0.0041	0.0497	3.1463	2.4943	0.6521	1.5363	1.3959	0.1404	1.6100	1.0984	0.5116	0.6241	0.3251	0.2991	0.2212	0.2205	0.0007	0.4029	0.1046	0.2983	2.0300	1.8158	2.8629	1.4764	1.4515	62.4673	2.5563	6.7331	3.0214	0.1656	0.1651	0.1663	0.2239	0.2246	0.0060	0.1337	0.0395	0.1667
44	102	0.7665	8	0	2	0	1	0	0	0	0	N	Y	N	N	N	N	N	N	N	N	N	N	0.5154	0.3475	21.8590	0.3077	0.3191	0.0713	4.7329	5.4814	55.6340	0.5179	0.4722	0.9418	0.7540	0.8024	0.0130	0.3059	0.1523	1.3358	1.0050	1.3590	0.0431	2.4506	2.5146	0.1826	0.0646	0.0278	0.0240	0.2152	0.0248	-0.6288	-0.4380	62.5878	34.1922	29.9840	22.4626	5.7137	4.7019	1.0118	3.9356	3.9314	0.0042	1.7781	0.7705	1.0076	0.7249	0.7074	0.0175	0.7133	0.7067	0.0066	0.0116	0.0007	0.0109	11.0320	9.9576	1.0743	5.2197	4.8997	0.3200	5.8122	5.0579	0.7544	2.2252	1.3753	0.8498	0.6730	0.6035	0.0696	1.5521	0.7719	0.7803	1.5898	0.9181	45.6993	0.7114	0.6851	0.1379	40.8756	175.7429	95.2048	0.3258	0.5143	0.0206	1.0598	1.1711	0.0944	0.0075	0.0009	0.0140
44	103	0.7187	7	0	2	0	1	0	0	0	0	N	Y	N	N	N	N	N	N	N	N	N	N	0.6684	0.5010	0.7564	0.4876	0.4525	1.8211	0.4205	0.2498	0.6432	0.6885	0.6798	0.7658	1.1218	1.0832	1.7218	0.3751	0.3646	0.4449	1.0299	1.3569	1.0125	2.3005	2.3940	0.9455	0.8921	1.4598	0.6917	0.1265	0.1716	-0.7723	-0.2208	62.5878	22.5884	29.9840	11.0115	4.4173	3.9213	0.4961	3.0207	2.7404	0.2803	1.3967	1.1809	0.2158	0.4582	0.3911	0.0671	0.3565	0.3425	0.0140	0.1017	0.0486	0.0531	6.4162	5.7684	0.6477	2.6927	2.5299	0.1628	3.7235	3.2385	0.4850	1.2720	0.7694	0.5026	0.3964	0.3462	0.0502	0.8756	0.4231	0.4524	1.9112	1.3373	5.7352	1.2474	1.0950	6.1742	3.2293	3.1760	3.7897	0.3602	0.5083	0.1335	0.8993	0.9892	0.2789	0.1162	0.1148	0.1174
44	104	0.6886	6	0	1	0	1	0	0	0	0	N	N	N	N	N	N	N	N	N	N	N	N	3.5733	1.1590	204.4408	35.9270	22.3853	1227.7890	3.0485	0.2942	227.3618	1.0697	0.4488	6.6583	0.8959	0.6812	4.2862	1.1967	0.2652	7.4555	0.2994	0.3872	0.0326	0.0249	0.0304	0.0035	0.3926	0.9014	0.0328	1.6485	0.4313	1.2344	-0.0058	62.5878	11.8100	29.9840	8.7888	3.6815	1.3901	2.2915	1.3022	0.9312	0.3710	2.3793	0.4589	1.9204	0.0176	0.0123	0.0053	0.0041	0.0040	0.0001	0.0135	0.0083	0.0052	3.4418	3.0976	0.3442	1.4535	1.3670	0.0866	1.9882	1.7306	0.2576	0.8746	0.5344	0.3402	0.2966	0.2566	0.0399	0.5781	0.2778	0.3003	53.0160	19.4513	425.9885	64.3256	43.8021	1227.7890	51.1808	8.8334	432.3389	0.0202	0.0231	0.0156	0.0139	0.0156	0.0035	0.0234	0.0300	0.0172
44	105	0.6525	5	0	1	0	1	0	0	0	0	N	N	N	N	N	N	N	N	N	N	N	N	1306.0537	261.3205	41500.9874	1243.1039	616.6006	46426.8543	2938.5749	51.7472	34656.9235	1.4270	0.5041	9.2165	2.3241	1.2752	18.0134	0.9971	0.1075	7.1311	0.0011	0.0019	0.0002	0.0019	0.0021	0.0004	0.0003	0.0021	0.0002	2.1662	0.1554	1.9386	-0.0003	62.5878	14.7392	29.9840	7.3617	4.8829	1.5422	3.3407	2.5762	1.3250	1.2512	2.3067	0.2172	2.0895	0.0006	0.0005	0.0001	0.0005	0.0005	0.0000	0.0001	0.0000	0.0001	3.4218	3.0593	0.3625	1.1085	1.0390	0.0695	2.3133	2.0203	0.2930	0.8941	0.5565	0.3376	0.2557	0.2255	0.0302	0.6384	0.3311	0.3074	2288.5744	581.3947	41500.9874	1243.1039	616.6006	46426.8543	8012.4503	2196.2951	34656.9235	0.0006	0.0009	0.0002	0.0019	0.0021	0.0004	0.0001	0.0000	0.0002
44	106	0.7253	8	0	2	0	1	0	0	0	0	N	Y	N	N	N	N	N	N	N	N	N	N	349.9229	274.6026	0.3227	211.1872	196.0996	1.2174	604.3143	45671.5547	0.1586	0.3575	0.3967	0.0001	0.3229	0.3444	0.0003	0.3835	0.4390	0.0001	0.0010	0.0014	0.0004	0.0015	0.0018	0.0003	0.0006	0.0000	0.0004	0.0000	0.4065	-0.5230	-0.0002	62.5878	20.0414	29.9840	7.0324	1.8216	1.8215	0.0001	0.7059	0.7058	0.0000	1.1157	1.1157	0.0000	0.0005	0.0004	0.0002	0.0004	0.0004	0.0000	0.0001	0.0000	0.0001	5.0957	4.5912	0.5045	2.1861	2.0497	0.1364	2.9095	2.5415	0.3681	0.8940	0.5255	0.3684	0.2566	0.2177	0.0389	0.6374	0.3079	0.3295	594.4822	545.5308	0.3227	211.1872	196.0996	1.2174	1682.0176	19037240.6105	0.1586	0.0006	0.0007	0.0004	0.0015	0.0018	0.0003	0.0002	0.0000	0.0004
44	107	0.7152	7	0	1	0	1	0	0	0	0	N	N	N	N	N	N	N	N	N	N	N	N	6.9936	6.2528	14.1395	29.2577	23.4216	342.6313	0.3581	3.1958	0.4742	0.4652	0.4822	0.2911	0.9741	0.9716	1.0177	0.0152	0.0161	0.0089	0.0665	0.0771	0.0206	0.0333	0.0415	0.0030	0.0424	0.0050	0.0188	0.0589	0.8042	-0.2641	-0.0005	62.5878	7.0315	29.9840	1.2144	1.1407	1.0773	0.0635	1.1210	1.0589	0.0621	0.0198	0.0184	0.0014	0.0030	0.0017	0.0013	0.0017	0.0016	0.0000	0.0013	0.0000	0.0013	2.4521	2.2341	0.2180	1.1508	1.0898	0.0610	1.3013	1.1443	0.1570	0.3138	0.1887	0.1251	0.0975	0.0843	0.0132	0.2163	0.1044	0.1119	48.8876	54.9784	27.3593	56.7265	50.1004	342.6313	2.5046	84.8418	0.7716	0.0095	0.0088	0.0106	0.0172	0.0194	0.0030	0.0061	0.0002	0.0115
44	108	0.6816	6	0	1	0	1	0	0	0	0	N	N	N	N	N	N	N	N	N	N	N	N	0.5868	0.1651	33807.0588	0.2181	0.1923	57107.5173	2223.4147	1.8187	33553.1095	0.7542	0.2961	4.6598	0.8105	0.8018	0.9526	0.7243	0.0045	5.5313	1.2854	1.7936	0.0001	3.7156	4.1692	0.0000	0.0003	0.0025	0.0002	1.8461	0.0001	1.0914	-0.4977	62.5878	16.2725	29.9840	4.4748	3.0190	1.0607	1.9582	1.1266	1.0504	0.0762	1.8923	0.0103	1.8820	0.7922	0.7921	0.0000	0.7921	0.7921	0.0000	0.0001	0.0000	0.0000	4.0027	3.5825	0.4202	1.3900	1.3100	0.0800	2.6127	2.2725	0.3403	0.8273	0.4777	0.3495	0.2740	0.2103	0.0637	0.5532	0.2674	0.2858	0.7876	0.1786	33807.0588	0.2804	0.2129	57107.5173	6128.1348	66.4575	33553.1095	0.9576	1.6581	0.0001	2.8904	3.7661	0.0000	0.0001	0.0001	0.0002
44	109	0.7344	7	0	2	0	1	0	0	0	0	N	Y	N	N	N	N	N	N	N	N	N	N	0.6583	0.4660	1090.8465	0.5296	0.5287	1.7456	245.5385	53.7909	1997.4472	0.7450	0.7265	0.9093	1.5887	1.6964	0.0053	0.2433	0.1100	1.1855	1.1318	1.5588	0.0008	2.9996	3.2086	0.0031	0.0010	0.0020	0.0006	0.1413	0.0006	-1.1440	-0.6769	62.5878	40.5309	29.9840	14.7974	7.0058	6.1382	0.8676	5.5710	5.5699	0.0012	1.4347	0.5683	0.8664	1.0783	1.0777	0.0006	1.0779	1.0777	0.0002	0.0004	0.0000	0.0004	9.4033	8.4492	0.9541	3.5067	3.2834	0.2233	5.8966	5.1658	0.7309	1.8832	1.1174	0.7658	0.5263	0.4515	0.0748	1.3569	0.6658	0.6910	1.3011	0.7532	1090.8465	0.7757	0.7107	1.7456	746.5906	2284.0497	1997.4472	0.5726	0.9645	0.0008	2.0481	2.3868	0.0031	0.0003	0.0000	0.0006
44	110	0.7085	6	0	2	0	1	0	0	0	0	N	Y	N	N	N	N	N	N	N	N	N	N	0.5006	0.6205	0.3182	1.8177	1.6526	31.1576	0.1411	5.7629	0.0869	0.3159	0.3295	0.1916	0.6568	0.6569	0.6557	0.0945	0.1011	0.0485	0.6310	0.5311	0.6022	0.3613	0.3975	0.0210	0.6699	0.0175	0.5582	0.0637	1.5906	-0.2572	-0.0006	62.5878	13.5236	29.9840	3.5331	1.1321	1.0643	0.0678	0.9267	0.8720	0.0547	0.2054	0.1923	0.0131	0.0432	0.0167	0.0265	0.0172	0.0165	0.0007	0.0260	0.0001	0.0259	3.5837	3.2297	0.3540	1.4110	1.3275	0.0834	2.1727	1.9022	0.2706	0.7146	0.4365	0.2780	0.2332	0.2014	0.0318	0.4814	0.2351	0.2463	5.2239	8.6236	2.0081	8.9030	8.0016	31.1576	1.7498	162.5758	0.4621	0.0605	0.0382	0.0954	0.0738	0.0821	0.0210	0.0540	0.0006	0.1050
44	111	0.6525	5	0	1	0	1	0	0	0	0	N	N	N	N	N	N	N	N	N	N	N	N	2.8842	3.9731	0.4301	645.6809	878.2619	4.1454	0.6497	0.3875	0.4540	0.8260	0.9204	0.0276	1.9660	2.0952	0.0315	0.2802	0.3169	0.0266	0.2864	0.2317	0.0641	0.0030	0.0024	0.0076	0.4313	0.8178	0.0587	0.0035	1.1651	-0.9164	-0.0022	62.5878	16.9399	29.9840	15.9768	3.2312	3.2198	0.0114	2.4900	2.4875	0.0025	0.7412	0.7323	0.0089	0.0246	0.0114	0.0132	0.0011	0.0007	0.0003	0.0236	0.0106	0.0129	3.9120	3.4981	0.4138	1.2665	1.1872	0.0793	2.6454	2.3109	0.3345	1.2561	0.7684	0.4877	0.3484	0.3043	0.0441	0.9077	0.4641	0.4436	42.1460	62.2037	1.0152	645.6809	878.2619	4.1454	10.7964	13.8160	0.9155	0.0196	0.0148	0.0272	0.0030	0.0024	0.0076	0.0260	0.0229	0.0291
44	112	0.7569	9	1	2	0	2	0	0	0	0	N	Y	N	Y	N	N	N	N	N	N	N	N	0.0000	0.0000	0.0000	0.0000	0.0000	0.0000	0.0000	0.0000	0.0000	0.0000	0.0000	0.0000	0.0000	0.0000	0.0000	0.0000	0.0000	0.0189	0.0008	0.0257	0.0010	0.0011	0.0000	0.0575	0.0000	0.0244	17.3741	-0.0000	0.0001	62.5878	0.0019	29.9840	1.9928	0.0000	0.0000	0.0000	0.0000	0.0000	0.0000	0.0000	0.0000	0.0000	0.0004	0.0000	0.0003	0.0000	0.0000	0.0000	0.0003	0.0000	0.0003	0.0012	0.0011	0.0001	0.0006	0.0006	0.0000	0.0006	0.0005	0.0001	0.0697	0.0425	0.0271	0.0204	0.0178	0.0026	0.0493	0.0247	0.0246	0.0000	0.0000	0.0000	0.0000	0.0000	0.0000	0.0000	0.0000	0.0000	0.0053	0.0005	0.0127	0.0010	0.0011	0.0000	0.0070	0.0000	0.0141		
44	113	0.7333	8	1	2	0	2	0	0	0	0	N	Y	N	Y	N	N	N	N	N	N	N	N	0.0002	0.0005	0.0000	0.0001	0.0001	0.2143	0.0002	0.9939	0.0000	0.0004	0.0004	0.0000	0.0001	0.0001	0.0000	0.0005	0.0006	0.0000	1.8567	0.8102	8.1985	1.0039	1.0699	0.0000	2.4863	0.0006	9.3725	0.0051	32.8541	-0.0002	0.3428	62.5878	8.6942	29.9840	6.0502	0.0008	0.0008	0.0000	0.0001	0.0001	0.0000	0.0007	0.0007	0.0000	1.0021	0.0296	0.9725	0.0296	0.0296	0.0000	0.9725	0.0000	0.9725	2.1945	1.9779	0.2166	0.8716	0.8242	0.0474	1.3228	1.1536	0.1692	0.5397	0.3211	0.2186	0.1486	0.1307	0.0179	0.3911	0.1904	0.2007	0.0002	0.0042	0.0000	0.0006	0.0006	0.2143	0.0002	173.8872	0.0000	1.8567	0.0922	4.4479	0.1992	0.2265	0.0000	2.4863	0.0000	4.8449
44	114	0.7544	12	0	2	0	2	0	0	0	0	N	Y	N	Y	N	N	N	N	N	N	N	N	0.0000	0.0000	0.0000	0.0000	0.0000	0.0000	0.0000	0.0000	0.0000	0.0000	0.0000	0.0000	0.0000	0.0000	0.0000	0.0000	0.0000	0.0000	0.0000	0.0000	62.5878	0.0001	29.9840	0.0001	0.0000	0.0000	0.0000	0.0000	0.0000	0.0000	0.0000	0.0000	0.0000	0.0000	0.0000	0.0000	0.0000	0.0000	0.0000	0.0000	0.0000	0.0000	0.0000	0.0000	0.0000	0.0000	0.0000	0.0000	0.0000	0.0000	0.0000	0.0000	0.0000	0.0000	0.0000	0.0000	0.0000	0.0000	0.0000	0.0000	0.0000	0.0000	0.0000	0.0000	0.0000	0.0000	0.0000	0.0000	0.0000	0.0000	0.0000	0.0000	0.0000	0.0000	0.0000	0.0000	0.0000	0.0000											
44	115	0.7478	11	0	2	0	2	0	0	0	0	N	Y	N	Y	N	N	N	N	N	N	N	N	229.6253	inf	0.0000	173.8965	inf	0.0000	0.0001	0.0001	0.0000	0.0001	0.0002	0.0000	0.0000	0.0000	0.0000	0.0000	0.0000	0.0000	0.0000	0.0000	0.0000	0.0000	0.0000	0.0000	0.0000	inf	-0.0000	0.0000	62.5878	3.0007	29.9840	1.0012	0.0000	0.0000	0.0000	0.0000	0.0000	0.0000	0.0000	0.0000	0.0000	0.0000	0.0000	0.0000	0.0000	0.0000	0.0000	0.0000	0.0000	0.0000	0.7107	0.6383	0.0724	0.2624	0.2473	0.0151	0.4483	0.3910	0.0573	0.1398	0.0830	0.0568	0.0391	0.0340	0.0051	0.1007	0.0490	0.0517	229.6253	inf	0.0000	173.8965	inf	0.0000	0.0000	0.0000	0.0000	0.0000	0.0000	0.0000	0.0000	0.0000	0.0000	0.0000	0.0000	0.0000			
44	116	0.7459	10	0	1	0	2	0	0	0	0	N	N	N	Y	N	N	N	N	N	N	N	N	474.3085	335.0194	10.7917	337.6536	318.3470	inf	345.5074	inf	0.0000	0.0004	0.0005	0.0000	0.0010	0.0011	0.0000	0.0000	0.0000	0.0000	0.0000	0.0000	0.0000	0.0000	0.0000	0.0000	0.0000	0.0000	0.0000	0.0004	0.0736	-0.0000	-0.0000	62.5878	1.1177	29.9840	0.0023	0.0001	0.0001	0.0000	0.0001	0.0001	0.0000	0.0000	0.0000	0.0000	0.0000	0.0000	0.0000	0.0000	0.0000	0.0000	0.0000	0.0000	0.0000	0.2799	0.2521	0.0278	0.1117	0.1055	0.0062	0.1682	0.1467	0.0215	0.0394	0.0233	0.0160	0.0110	0.0095	0.0014	0.0284	0.0138	0.0146	474.3085	335.0194	10.7917	337.6536	318.3470	inf	345.5074	inf	0.0000	0.0000	0.0000	0.0000	0.0000	0.0000	0.0000	0.0000	0.0000	0.0000
44	117	0.5622	4	0	2	0	1	0	0	0	0	N	Y	N	N	N	N	N	N	N	N	N	N	0.7738	0.5549	0.7393	0.1668	0.1717	2.1432	0.9314	0.6856	0.8706	0.7758	0.7139	1.2660	0.3495	0.3738	0.0053	0.9241	0.8406	1.4914	1.0026	1.2865	1.7124	2.0956	2.1772	0.0025	0.9921	1.2261	1.7130	0.2243	0.3956	-0.6330	-0.2943	62.5878	31.2782	29.9840	23.9277	6.0901	4.9744	1.1157	0.7078	0.7071	0.0007	5.3823	4.2673	1.1150	0.8532	0.6114	0.2419	0.5483	0.5480	0.0003	0.3049	0.0634	0.2416	7.8496	6.9683	0.8813	2.0253	1.8917	0.1337	5.8243	5.0767	0.7476	2.6715	1.5957	1.0758	0.7938	0.6819	0.1118	1.8778	0.9138	0.9639	2.4292	1.8632	5.6311	0.5059	0.4651	2.1432	5.6903	12.1218	5.9507	0.3194	0.3831	0.2248	0.6908	0.8036	0.0025	0.1624	0.0693	0.2506
44	118	0.7459	10	0	1	1	2	0	0	0	0	N	N	N	Y	N	N	N	N	N	N	N	N	4.1016	2.6824	3.0266	2.7892	0.0002	0.0002	0.0000	0.0005	0.0005	0.0000	0.0000	0.0000	0.0000	0.0000	0.0001	0.0000	0.0002	0.0002	0.0000	0.0000	0.0000	0.0000	0.0000	0.0000	-0.0000	-0.0000	62.5878	3.8827	29.9840	2.9998	0.0002	0.0002	0.0000	0.0002	0.0002	0.0000	0.0000	0.0000	0.0000	0.0000	0.0000	0.0000	0.0000	0.0000	0.0000	0.0000	0.0000	0.0000	0.9315	0.8373	0.0942	0.3517	0.3317	0.0201	0.5797	0.5057	0.0741	0.2389	0.1417	0.0972	0.0666	0.0578	0.0087	0.1723	0.0838	0.0885	4.1016	2.7061	0.0000	3.0266	2.7892	0.0000	0.0000	0.0000	0.0000	0.0000	0.0001	0.0000	0.0002	0.0002	0.0000	0.0000	0.0000	0.0000					
44	119	0.7430	9	0	1	0	2	0	0	0	0	N	N	N	Y	N	N	N	N	N	N	N	N	8.1516	3.5327	inf	1140.1994	1049.3469	inf	0.0001	0.0000	1.2128	1.3382	0.0000	2.8456	3.0083	0.0000	0.0000	0.0000	0.0000	0.1488	0.3788	0.0000	0.0025	0.0029	0.0000	0.2722	0.9679	0.0000	0.0000	0.0000	-0.2867	-0.0008	62.5878	2.8083	29.9840	0.0030	0.9986	0.9986	0.0000	0.9986	0.9986	0.0000	0.0000	0.0000	0.0000	0.0013	0.0013	0.0000	0.0001	0.0001	0.0000	0.0013	0.0013	0.0000	0.8234	0.7462	0.0771	0.3509	0.3319	0.0190	0.4724	0.4143	0.0582	0.0994	0.0589	0.0405	0.0277	0.0242	0.0036	0.0717	0.0347	0.0369	90.1110	58.8870	inf	1140.1994	1049.3469	inf	0.0010	0.0005	0.0000	0.0135	0.0227	0.0000	0.0025	0.0029	0.0000	0.0177	0.0365	0.0000	
44	120	0.7430	9	0	1	1	2	0	0	0	0	N	N	N	Y	N	N	N	N	N	N	N	N	54.0856	7.6862	11761297.6919	795.9015	731.5415	inf	21.0999	0.1589	13696041.5021	0.6983	0.3113	4.2115	0.5941	0.6282	0.0258	0.7630	0.0986	5.3834	0.0129	0.0405	0.0000	0.0007	0.0009	0.0000	0.0362	0.6207	0.0000	1.4905	0.0000	0.5195	-0.0008	62.5878	9.6158	29.9840	0.0030	1.6687	0.6700	0.9987	0.5443	0.5430	0.0013	1.1244	0.1270	0.9973	0.0013	0.0013	0.0000	0.0001	0.0001	0.0000	0.0013	0.0013	0.0000	2.3898	2.1527	0.2371	0.9162	0.8643	0.0519	1.4736	1.2884	0.1853	0.3338	0.1975	0.1363	0.0928	0.0806	0.0121	0.2410	0.1169	0.1242	174.1792	45.9425	11761297.6919	795.9015	731.5415	inf	144.9356	9.0828	13696041.5021	0.0040	0.0068	0.0000	0.0007	0.0009	0.0000	0.0053	0.0109	0.0000
44	121	0.7333	8	0	1	0	2	0	0	0	0	N	N	N	Y	N	N	N	N	N	N	N	N	0.0004	0.0003	0.6423	0.0022	0.0022	0.2224	0.0002	0.0001	0.7797	0.0016	0.0018	0.0006	0.0023	0.0024	0.0000	0.0011	0.0012	0.0008	3.9362	6.5380	0.0009	1.0620	1.1285	0.0000	5.4658	11.3177	0.0010	0.0341	0.0001	-0.0005	-0.6182	62.5878	4.2457	29.9840	2.0144	0.0019	0.0019	0.0001	0.0012	0.0012	0.0000	0.0007	0.0007	0.0001	0.9841	0.9840	0.0001	0.0157	0.0157	0.0000	0.9683	0.9682	0.0001	1.1746	1.0638	0.1108	0.5197	0.4930	0.0268	0.6548	0.5708	0.0840	0.2500	0.1505	0.0995	0.0728	0.0649	0.0079	0.1772	0.0856	0.0916	0.0004	0.0003	0.6423	0.0108	0.0101	0.2224	0.0002	0.0001	0.7797	3.9362	6.5380	0.0009	0.2159	0.2421	0.0000	5.4658	11.3177	0.0010
44	122	0.6912	7	0	1	0	2	0	0	0	0	N	N	N	Y	N	N	N	N	N	N	N	N	0.5536	0.5564	0.0930	9.2027	9.0075	0.0586	0.6622	0.4245	0.1167	0.3326	0.3681	0.0144	0.0499	0.0527	0.0002	0.5011	0.5724	0.0178	0.6008	0.6615	0.1544	0.0054	0.0058	0.0033	0.7567	1.3483	0.1526	0.0043	0.5613	-0.2835	-0.0128	62.5878	11.9190	29.9840	13.1740	1.0023	0.9980	0.0043	0.0562	0.0562	0.0000	0.9461	0.9418	0.0043	0.0476	0.0305	0.0171	0.0010	0.0009	0.0001	0.0466	0.0296	0.0170	3.0136	2.7115	0.3021	1.1254	1.0661	0.0593	1.8882	1.6454	0.2428	0.8797	0.5113	0.3684	0.2252	0.1940	0.0312	0.6545	0.3173	0.3372	6.1482	6.1737	0.3092	10.9375	11.0565	0.0586	7.0437	6.1452	0.3533	0.0541	0.0596	0.0464	0.0046	0.0048	0.0033	0.0711	0.0931	0.0504
44	123	0.3066	5	0	1	1	2	0	0	0	0	N	N	N	Y	N	N	N	N	N	N	N	N	299.5378	343.3422	0.0000	2.7103	2.2666	0.0836	386.6748	18609.4700	0.0000	0.5084	0.5685	0.0000	0.0131	0.0136	0.0000	0.6297	0.7178	0.0000	0.0017	0.0017	0.0010	0.0048	0.0060	0.0000	0.0016	0.0000	0.0010	0.0000	1.1281	-0.5189	-0.0001	62.5878	12.8936	29.9840	4.1514	1.8072	1.8072	0.0000	0.0092	0.0092	0.0000	1.7980	1.7980	0.0000	0.0007	0.0003	0.0004	0.0003	0.0003	0.0000	0.0004	0.0000	0.0004	3.5547	3.1788	0.3759	0.6992	0.6741	0.0251	2.8555	2.5047	0.3508	0.8347	0.4334	0.4013	0.0805	0.0706	0.0100	0.7542	0.3628	0.3913	586.5088	724.7032	0.0000	3.1086	2.8256	0.0836	1238.0845	7096515.2014	0.0000	0.0009	0.0008	0.0010	0.0042	0.0048	0.0000	0.0005	0.0000	0.0010
44	124	0.7065	8	0	2	0	1	0	0	0	0	N	Y	N	N	N	N	N	N	N	N	N	N	0.6055	0.0003	7.0575	0.0043	0.0016	0.7467	0.8043	0.0001	9.6248	0.3233	0.0001	3.2385	0.0004	0.0002	0.0052	0.5004	0.0000	3.9881	0.5340	0.2714	0.4589	0.1047	0.1175	0.0069	0.6222	0.0018	0.4144	5237.1763	3.5591	0.7128	0.0052	62.5878	12.7386	29.9840	8.7370	1.0002	0.0002	1.0001	0.0005	0.0002	0.0003	0.9998	0.0000	0.9998	0.0342	0.0075	0.0267	0.0077	0.0075	0.0002	0.0265	0.0000	0.0265	3.0937	2.7849	0.3088	1.0958	1.0376	0.0581	1.9979	1.7473	0.2507	0.7809	0.4557	0.3252	0.2115	0.1852	0.0264	0.5693	0.2705	0.2988	7.3761	0.0042	39.4107	0.0123	0.0045	0.7467	10.7316	0.0073	44.9044	0.0438	0.0165	0.0822	0.0363	0.0405	0.0069	0.0466	0.0000	0.0888
44	125	0.6912	7	0	2	0	1	0	0	0	0	N	Y	N	N	N	N	N	N	N	N	N	N	0.0067	0.0031	3.2234	0.0052	0.0050	0.4512	0.2764	0.0111	4.9364	0.0046	0.0029	0.0207	0.0066	0.0069	0.0008	0.0034	0.0000	0.0257	0.6882	0.9321	0.0064	1.2683	1.3839	0.0017	0.0121	0.0028	0.0052	0.7929	0.0257	0.0016	-0.0167	62.5878	8.6431	29.9840	1.4782	0.0106	0.0059	0.0047	0.0059	0.0059	0.0000	0.0047	0.0000	0.0046	0.0277	0.0270	0.0007	0.0270	0.0270	0.0000	0.0007	0.0000	0.0007	2.2857	2.0598	0.2259	0.8902	0.8448	0.0453	1.3955	1.2150	0.1806	0.3719	0.2160	0.1559	0.0981	0.0840	0.0141	0.2738	0.1321	0.1417	0.0621	0.0229	4.6459	0.0241	0.0216	0.4512	1.3480	0.3970	5.4320	0.0744	0.1249	0.0045	0.2751	0.3211	0.0017	0.0025	0.0001	0.0047
44	126	0.6816	6	0	1	0	1	0	0	0	0	N	N	N	N	N	N	N	N	N	N	N	N	85.9036	51.6776	710.7639	186.5963	221.7749	5.5505	130.6911	0.0164	3625.4401	1.0712	0.8189	3.2253	1.9452	2.0384	0.0488	0.5421	0.0006	3.8688	0.0125	0.0158	0.0045	0.0104	0.0092	0.0088	0.0041	0.0384	0.0011	0.4614	0.6821	0.0388	-0.0003	62.5878	4.1618	29.9840	2.0491	1.3580	0.9293	0.4287	0.9300	0.9289	0.0011	0.4281	0.0004	0.4277	0.0013	0.0008	0.0005	0.0011	0.0007	0.0004	0.0002	0.0001	0.0001	1.2678	1.1349	0.1329	0.4781	0.4557	0.0224	0.7897	0.6792	0.1105	0.3280	0.1877	0.1403	0.1519	0.1038	0.0481	0.1761	0.0839	0.0922	273.4153	201.1924	868.3836	269.0951	313.3303	5.5505	510.9642	0.5987	3625.4401	0.0039	0.0041	0.0037	0.0072	0.0065	0.0088	0.0011	0.0011	0.0011
44	127	0.6525	5	0	1	0	1	0	0	0	0	N	N	N	N	N	N	N	N	N	N	N	N	135.6924	0.1563	2703.4793	2.4870	0.4791	14.7667	587.3485	0.0084	6971.7637	0.4276	0.0005	4.0189	0.0101	0.0014	0.1398	0.6281	0.0000	4.9386	0.0032	0.0032	0.0015	0.0041	0.0030	0.0095	0.0011	0.0017	0.0007	955.7318	0.6882	0.6785	-0.0002	62.5878	9.4810	29.9840	7.4917	0.9532	0.0010	0.9522	0.0073	0.0010	0.0063	0.9458	0.0000	0.9458	0.0010	0.0006	0.0004	0.0008	0.0006	0.0002	0.0002	0.0000	0.0002	2.2294	1.9924	0.2369	0.7234	0.6780	0.0454	1.5060	1.3145	0.1915	0.7168	0.4527	0.2641	0.2101	0.1866	0.0235	0.5067	0.2661	0.2406	318.2552	0.3969	2703.4793	2.7147	0.4793	14.7667	1777.0897	0.4294	6971.7637	0.0013	0.0013	0.0015	0.0037	0.0030	0.0095	0.0004	0.0000	0.0007
44	128	0.3188	6	1	2	0	1	0	0	0	0	N	Y	N	N	N	N	N	N	N	N	N	N	19466.3816	10776.6431	187.6257	0.0021	0.0005	inf	352550836.7080	inf	0.0000	2.0048	2.2665	0.0000	0.0000	0.0000	0.0000	2.4104	2.7693	0.0000	0.0001	0.0002	0.0000	0.0011	0.0012	0.0000	0.0000	0.0000	0.0000	0.0000	0.0001	-0.2871	-0.0000	62.5878	2.0107	29.9840	1.9995	0.9998	0.9998	0.0000	0.0000	0.0000	0.0000	0.9998	0.9998	0.0000	0.0000	0.0000	0.0000	0.0000	0.0000	0.0000	0.0000	0.0000	0.0000	0.4987	0.4411	0.0576	0.0839	0.0801	0.0038	0.4148	0.3610	0.0538	0.1942	0.1006	0.0936	0.0187	0.0162	0.0025	0.1755	0.0843	0.0912	19466.3816	11396.0473	187.6257	0.0021	0.0005	inf	352550836.7080	inf	0.0000	0.0001	0.0002	0.0000	0.0011	0.0012	0.0000	0.0000	0.0000	0.0000
44	129	0.3066	5	1	2	0	1	0	0	0	0	N	Y	N	N	N	N	N	N	N	N	N	N	4.4829	0.8840	86.6937	1.9479	0.4043	14393.4517	1.8856	2.1400	0.2763	0.0008	0.0003	0.0053	0.0028	0.0007	0.0804	0.0002	0.0002	0.0000	0.0002	0.0003	0.0001	0.0014	0.0016	0.0000	0.0001	0.0001	0.0001	1.9298	0.2027	0.0005	-0.0000	62.5878	5.6459	29.9840	1.1399	0.0014	0.0005	0.0009	0.0012	0.0003	0.0009	0.0002	0.0002	0.0000	0.0001	0.0001	0.0000	0.0001	0.0001	0.0000	0.0000	0.0000	0.0000	1.8302	1.6529	0.1773	0.4362	0.4245	0.0117	1.3940	1.2285	0.1655	0.3440	0.1792	0.1649	0.0348	0.0307	0.0041	0.3093	0.1485	0.1607	4.4829	1.0612	86.6937	1.9479	0.4043	14393.4517	4.6493	705.2007	0.2763	0.0002	0.0003	0.0001	0.0014	0.0016	0.0000	0.0000	0.0000	0.0001
44	130	0.2763	4	0	1	0	1	0	0	0	0	N	N	N	N	N	N	N	N	N	N	N	N	12.4323	2.9808	4.2376	3.9594	3.9031	1.3281	108.8369	15.2996	4.6300	0.4797	0.5530	0.0055	0.3142	0.3342	0.0004	0.5376	0.6387	0.0062	0.0386	0.1855	0.0013	0.0793	0.0856	0.0003	0.0049	0.0417	0.0013	0.0016	0.0810	-0.5589	-0.0052	62.5878	11.6079	29.9840	5.3766	1.9571	1.9541	0.0030	0.3321	0.3321	0.0000	1.6250	1.6220	0.0030	0.0093	0.0086	0.0007	0.0081	0.0081	0.0000	0.0012	0.0005	0.0007	4.0800	3.5334	0.5465	1.0572	0.9938	0.0634	3.0228	2.5397	0.4831	1.2107	0.6771	0.5335	0.2614	0.2435	0.0179	0.9493	0.4337	0.5156	62.2775	43.4085	4.2376	10.0789	9.9924	1.3281	433.3508	571.8313	4.6300	0.0077	0.0127	0.0013	0.0312	0.0334	0.0003	0.0012	0.0011	0.0013
44	131	0.2584	3	0	1	0	1	0	0	0	0	N	N	N	N	N	N	N	N	N	N	N	N	0.9342	0.7056	10.3705	1.3882	1.5084	3.8698	1.3268	0.5407	12.9236	0.3689	0.3431	0.4740	0.2199	0.2373	0.0366	0.4516	0.4154	0.5553	0.3949	0.4862	0.0457	0.1584	0.1573	0.0094	0.3404	0.7683	0.0430	0.3397	0.4538	-0.0244	-0.0108	62.5878	3.9355	29.9840	8.7078	0.7272	0.5428	0.1844	0.1547	0.1525	0.0022	0.5725	0.3904	0.1821	0.0341	0.0235	0.0107	0.0159	0.0157	0.0002	0.0183	0.0078	0.0105	1.9712	1.5822	0.3890	0.7035	0.6425	0.0610	1.2677	0.9396	0.3280	1.2316	0.7455	0.4861	0.3514	0.3334	0.0180	0.8802	0.4121	0.4681	13.3061	10.8897	21.6151	4.8618	5.0316	3.8698	21.7765	22.0466	24.7799	0.0277	0.0315	0.0219	0.0452	0.0472	0.0094	0.0207	0.0188	0.0224
44	132	0.2467	2	0	1	0	1	0	0	0	0	N	N	N	N	N	N	N	N	N	N	N	N	0.5368	0.1412	17.0496	0.2807	0.2823	7.4598	0.8314	0.0152	20.1865	0.4297	0.1443	1.5688	0.3415	0.3609	0.0829	0.4713	0.0155	1.7557	0.8005	1.0218	0.0920	1.2165	1.2784	0.0111	0.5668	1.0154	0.0870	2.7242	0.1316	0.5549	-0.0736	62.5878	6.2657	29.9840	3.9760	1.2488	0.3353	0.9135	0.3182	0.3128	0.0054	0.9306	0.0225	0.9081	0.1437	0.1270	0.0167	0.1118	0.1115	0.0004	0.0318	0.0155	0.0163	2.9064	2.3242	0.5823	0.9317	0.8666	0.0650	1.9748	1.4575	0.5172	1.2410	0.7540	0.4870	0.4226	0.3895	0.0330	0.8185	0.3645	0.4540	3.7117	0.8569	45.7395	1.2904	1.2612	7.4598	12.1186	0.3639	48.7871	0.1158	0.1684	0.0343	0.2646	0.2861	0.0111	0.0389	0.0425	0.0360
45	48	0.6218	10	1	1	1	0	0	0	0	0	N	N	N	N	N	N	N	N	N	N	N	N	0.7683	0.6498	0.0000	0.0465	0.0414	0.0000	1.0764	0.5859	0.0000	0.4573	0.5071	0.0000	0.0007	0.0008	0.0000	0.8365	0.9702	0.0000	0.5952	0.7805	0.0000	0.0154	0.0182	0.0000	0.7771	1.6560	0.0000	0.0000	0.0000	-0.1064	-0.0044	13.5293	12.3962	3.1702	3.7178	0.3706	0.3706	0.0000	0.0003	0.0003	0.0000	0.3704	0.3704	0.0000	0.0071	0.0071	0.0000	0.0004	0.0004	0.0000	0.0066	0.0066	0.0000	0.8105	0.7309	0.0796	0.3677	0.3491	0.0186	0.4428	0.3817	0.0610	0.1331	0.0810	0.0520	0.0456	0.0410	0.0046	0.0874	0.0400	0.0474	8.6190	5.8216	0.0000	0.0733	0.0694	0.0000	11.0561	5.8717	0.0000	0.0531	0.0871	0.0000	0.0098	0.0109	0.0000	0.0757	0.1652	0.0000
45	49	0.5929	9	1	0	1	0	0	0	0	0	N	N	N	N	N	N	N	N	N	N	N	N	0.0194	0.0130	0.2656	0.4166	0.3666	0.2933	0.0230	0.0121	0.3733	0.1087	0.1198	0.0021	0.0085	0.0089	0.0006	0.1997	0.2304	0.0026	5.6143	9.2385	0.0078	0.0203	0.0242	0.0021	8.6871	19.0022	0.0068	0.0018	0.0004	-0.0328	-0.6148	13.5293	14.4870	3.1702	5.8627	0.1149	0.1147	0.0002	0.0043	0.0042	0.0000	0.1107	0.1105	0.0002	0.9790	0.9786	0.0004	0.0007	0.0007	0.0000	0.9783	0.9779	0.0003	1.0574	0.9579	0.0995	0.5033	0.4785	0.0248	0.5541	0.4794	0.0747	0.1744	0.1059	0.0684	0.0618	0.0545	0.0073	0.1126	0.0515	0.0611	0.0194	0.0130	0.4013	0.7068	0.6668	0.2933	0.0230	0.0121	0.4623	5.6143	9.2385	0.0052	0.0120	0.0133	0.0021	8.6871	19.0022	0.0055
45	50	0.5891	10	2	1	2	0	0	0	0	0	Y	N	Y	N	N	N	N	N	N	N	N	N	inf	inf	inf	inf	inf	inf	inf	inf	0.0107	0.0082	0.0338	0.0249	0.0181	0.1516	0.0000	0.0000	0.0000	0.0000	0.0000	0.0000	0.0000	0.0000	0.0000	0.0000	0.0000	0.0000	0.4529	0.0000	0.0000	13.5293	0.9856	3.1702	2.8295	0.0006	0.0004	0.0002	0.0006	0.0004	0.0002	0.0000	0.0000	0.0000	0.0000	0.0000	0.0000	0.0000	0.0000	0.0000	0.0000	0.0000	0.0000	0.0585	0.0527	0.0058	0.0251	0.0238	0.0013	0.0334	0.0289	0.0045	0.0267	0.0151	0.0115	0.0066	0.0059	0.0007	0.0200	0.0092	0.0108	inf	inf	inf	inf	inf	inf	inf	inf	0.0000	0.0000	0.0000	0.0000	0.0000	0.0000	0.0000	0.0000	0.0000	0.0000		
45	51	0.2022	6	2	1	1	0	0	0	0	0	Y	N	N	N	N	N	N	N	N	N	N	N	0.0836	0.2215	0.0000	0.2997	0.3062	0.0000	0.0000	0.0000	0.0000	0.0000	0.0000	0.0000	0.0000	0.0000	0.0000	0.0000	0.0000	0.0001	0.0001	0.0002	0.0001	0.0001	0.0001	0.0003	0.0000	0.0002	0.0000	3.4206	-0.0000	0.0000	13.5293	13.3057	3.1702	8.6321	0.0000	0.0000	0.0000	0.0000	0.0000	0.0000	0.0000	0.0000	0.0000	0.0000	0.0000	0.0000	0.0000	0.0000	0.0000	0.0000	0.0000	0.0000	0.9929	0.8830	0.1099	0.2535	0.2458	0.0078	0.7393	0.6372	0.1021	0.2765	0.1589	0.1176	0.0628	0.0567	0.0061	0.2137	0.1022	0.1115	0.0836	0.2389	0.0000	0.2997	0.3062	0.0000	0.0000	0.0000	0.0000	0.0001	0.0000	0.0002	0.0001	0.0001	0.0001	0.0001	0.0000	0.0002	
45	52	0.7238	12	1	1	1	1	0	0	0	0	N	N	N	N	N	N	N	N	N	N	N	N	8.7984	9.4970	0.0000	7.0435	12.0825	0.0000	4.6299	inf	0.0000	0.0004	0.0004	0.0000	0.0007	0.0008	0.0000	0.0000	0.0000	0.0000	0.0000	0.0000	0.0001	0.0001	0.0001	0.0004	0.0000	0.0000	0.0000	0.0000	0.8735	-0.0000	-0.0000	13.5293	2.1073	3.1702	0.0711	0.0001	0.0001	0.0000	0.0001	0.0001	0.0000	0.0000	0.0000	0.0000	0.0000	0.0000	0.0000	0.0000	0.0000	0.0000	0.0000	0.0000	0.0000	0.1351	0.1216	0.0135	0.0706	0.0660	0.0046	0.0645	0.0555	0.0089	0.0153	0.0095	0.0058	0.0063	0.0055	0.0008	0.0090	0.0040	0.0050	8.7984	11.3872	0.0000	7.0435	12.0825	0.0000	4.6299	inf	0.0000	0.0000	0.0000	0.0001	0.0001	0.0001	0.0004	0.0000	0.0000	0.0000
45	53	0.6615	11	1	0	1	1	0	0	0	0	N	N	N	N	N	N	N	N	N	N	N	N	392.4427	189.2929	387.8531	444.0992	378.9890	45843.1606	inf	582.8123	0.7492	0.8330	0.0001	1.3729	1.4764	0.0000	0.0050	0.0058	0.0001	0.0019	0.0044	0.0000	0.0031	0.0039	0.0000	0.0000	0.0000	0.0000	0.0000	0.0001	-0.2900	-0.0001	13.5293	21.8329	3.1702	8.0592	1.0101	1.0101	0.0000	1.0070	1.0070	0.0000	0.0031	0.0031	0.0000	0.0002	0.0002	0.0000	0.0002	0.0002	0.0000	0.0000	0.0000	0.0000	1.3482	1.2125	0.1357	0.7335	0.6821	0.0514	0.6147	0.5304	0.0843	0.1790	0.1040	0.0750	0.0549	0.0477	0.0072	0.1241	0.0563	0.0678	789.6179	510.0668	387.8531	444.0992	414.8729	0.0000	45843.1606	inf	582.8123	0.0009	0.0016	0.0000	0.0031	0.0036	0.0000	0.0000	0.0000	0.0000	
45	54	0.3146	8	1	1	1	1	0	0	0	0	N	N	N	N	N	N	N	N	N	N	N	N	0.0000	0.0000	0.0000	0.0000	0.0000	0.0000	0.0000	0.0000	0.0000	0.0000	0.0000	0.0000	0.0000	0.0000	0.0000	0.0000	0.0000	0.0000	0.0000	0.0000	13.5293	0.0000	3.1702	0.0000	0.0000	0.0000	0.0000	0.0000	0.0000	0.0000	0.0000	0.0000	0.0000	0.0000	0.0000	0.0000	0.0000	0.0000	0.0000	0.0000	0.0000	0.0000	0.0000	0.0000	0.0000	0.0000	0.0000	0.0000	0.0000	0.0000	0.0000	0.0000	0.0000	0.0000	0.0000	0.0000	0.0000	0.0000	0.0000	0.0000	0.0000	0.0000	0.0000	0.0000	0.0000	0.0000	0.0000	0.0000	0.0000	0.0000	0.0000	0.0000	0.0000	0.0000	0.0000	0.0000	0.0000	0.0000											
45	55	0.6615	11	1	0	1	1	0	0	0	0	N	N	N	N	N	N	N	N	N	N	N	N	10.7696	5.4272	0.0000	2.2366	2.1784	0.0000	1400.9961	inf	0.0000	0.1030	0.1155	0.0000	0.0290	0.0322	0.0000	0.2340	0.2661	0.0000	0.0096	0.0213	0.0001	0.0130	0.0148	0.0002	0.0002	0.0000	0.0001	0.0000	0.0136	-0.0039	-0.0000	13.5293	1.2825	3.1702	0.1503	0.0134	0.0134	0.0000	0.0024	0.0024	0.0000	0.0110	0.0110	0.0000	0.0000	0.0000	0.0000	0.0000	0.0000	0.0000	0.0000	0.0000	0.0000	0.1304	0.1163	0.0141	0.0833	0.0749	0.0084	0.0471	0.0414	0.0057	0.0126	0.0081	0.0045	0.0047	0.0043	0.0004	0.0080	0.0039	0.0041	32.2993	23.6029	0.0000	3.3859	3.4650	0.0000	3957.2120	inf	0.0000	0.0032	0.0049	0.0001	0.0086	0.0093	0.0002	0.0001	0.0000	0.0001
45	56	0.6205	10	1	0	1	1	0	0	0	0	N	N	N	N	N	N	N	N	N	N	N	N	1051.5717	1581.7882	21.5394	53.4874	55.1148	36.9704	1857.5468	inf	6.6654	0.8866	0.9834	0.0145	0.0431	0.0438	0.0325	1.9038	2.2153	0.0043	0.0008	0.0006	0.0007	0.0008	0.0008	0.0009	0.0010	0.0000	0.0006	0.0016	0.9806	-0.2863	-0.0000	13.5293	14.8542	3.1702	6.8183	1.0028	1.0012	0.0016	0.0266	0.0253	0.0013	0.9762	0.9759	0.0003	0.0001	0.0000	0.0000	0.0001	0.0000	0.0000	0.0000	0.0000	0.0000	1.1312	1.0181	0.1131	0.6184	0.5776	0.0408	0.5128	0.4405	0.0722	0.1884	0.1169	0.0715	0.0702	0.0617	0.0086	0.1182	0.0552	0.0630	1720.1183	2344.0768	21.5394	53.4874	55.1148	36.9704	5547.0202	inf	6.6654	0.0005	0.0004	0.0007	0.0008	0.0008	0.0009	0.0003	0.0000	0.0006
45	57	0.5455	9	1	0	1	1	0	0	0	0	N	N	N	N	N	N	N	N	N	N	N	N	2099.9782	1145.1898	14884.7222	1937.6061	1113.8806	9835.1866	1602.5847	207.9661	10996.8819	1.4112	0.8170	6.6144	1.7072	0.9330	11.5255	1.1340	0.7013	4.0290	0.0007	0.0007	0.0004	0.0009	0.0008	0.0012	0.0007	0.0034	0.0004	0.9245	0.7186	0.6189	-0.0000	13.5293	33.5853	3.1702	9.3450	3.2024	1.6640	1.5384	1.8736	0.9491	0.9245	1.3288	0.7149	0.6139	0.0001	0.0001	0.0001	0.0001	0.0001	0.0000	0.0001	0.0000	0.0000	2.2692	2.0367	0.2326	1.0975	1.0173	0.0802	1.1718	1.0194	0.1524	0.3165	0.1839	0.1326	0.0987	0.0859	0.0128	0.2178	0.0980	0.1198	3169.2005	1832.0833	14884.7222	1937.6061	1113.8806	9835.1866	4577.8027	6828.1673	10996.8819	0.0004	0.0004	0.0004	0.0009	0.0008	0.0012	0.0002	0.0001	0.0004
45	58	0.5248	8	1	0	1	0	0	0	0	0	N	N	N	N	N	N	N	N	N	N	N	N	522.5127	492.5009	1679.3971	870.4645	852.2788	677.2449	377.7577	174.6395	2038.6654	1.6680	1.5826	2.4534	2.0651	2.1259	1.0602	1.3342	1.0860	2.9568	0.0032	0.0032	0.0015	0.0024	0.0025	0.0016	0.0035	0.0062	0.0015	0.1686	0.8639	-0.2775	-0.0000	13.5293	15.2419	3.1702	2.5705	1.9426	1.6623	0.2803	1.0985	1.0664	0.0321	0.8441	0.5960	0.2482	0.0002	0.0001	0.0001	0.0001	0.0001	0.0000	0.0001	0.0000	0.0001	1.1646	1.0504	0.1143	0.5319	0.5016	0.0303	0.6327	0.5488	0.0839	0.1328	0.0760	0.0568	0.0397	0.0344	0.0052	0.0931	0.0415	0.0516	1236.4920	1250.7777	1679.3971	870.4645	852.2788	677.2449	1460.9671	4430.9980	2038.6654	0.0013	0.0013	0.0015	0.0024	0.0025	0.0016	0.0009	0.0002	0.0015
45	59	0.3146	8	1	0	1	1	0	0	0	0	N	N	N	N	N	N	N	N	N	N	N	N	0.0000	0.0000	0.0000	0.0000	0.0000	0.0000	0.0000	0.0000	0.0000	0.0000	0.0000	0.0000	0.0000	0.0000	0.0000	0.0000	0.0000	0.0000	0.0000	-0.0000	13.5293	0.0000	3.1702	0.0000	0.0000	0.0000	0.0000	0.0000	0.0000	0.0000	0.0000	0.0000	0.0000	0.0000	0.0000	0.0000	0.0000	0.0000	0.0000	0.0000	0.0000	0.0000	0.0000	0.0000	0.0000	0.0000	0.0000	0.0000	0.0000	0.0000	0.0000	0.0000	0.0000	0.0000	0.0000	0.0000	0.0000	0.0000	0.0000	0.0000	0.0000	0.0000	0.0000	0.0000	0.0000	0.0000	0.0000	0.0000	0.0000	0.0000	0.0000	0.0000	0.0000	0.0000	0.0000	0.0000	0.0000	0.0000											
45	60	0.2372	7	1	0	1	1	0	0	0	0	N	N	N	N	N	N	N	N	N	N	N	N	1015.8471	475.6067	0.0006	4.9027	4.6550	0.0004	67840.7248	22582.1986	0.0011	0.9396	1.0556	0.0000	0.0136	0.0141	0.0000	1.2282	1.4155	0.0000	0.0009	0.0022	0.0001	0.0028	0.0030	0.0011	0.0000	0.0001	0.0000	0.0000	0.0757	-0.2710	-0.0001	13.5293	19.3360	3.1702	7.9957	0.9440	0.9440	0.0000	0.0032	0.0032	0.0000	0.9407	0.9407	0.0000	0.0001	0.0001	0.0000	0.0001	0.0001	0.0000	0.0000	0.0000	0.0000	1.0047	0.8943	0.1104	0.2387	0.2297	0.0090	0.7660	0.6646	0.1014	0.2453	0.1337	0.1116	0.0490	0.0423	0.0067	0.1963	0.0914	0.1049	1673.3173	1102.0439	0.0006	4.9027	4.6570	0.0004	115175.4934	8037154.8953	0.0011	0.0006	0.0010	0.0001	0.0028	0.0030	0.0011	0.0000	0.0000	0.0000
45	61	0.4034	7	1	1	2	0	0	0	0	0	N	N	Y	N	N	N	N	N	N	N	N	N	2.0133	416.8312	0.0000	0.5475	0.6536	0.0001	2.2776	273759.9912	0.0000	1.1856	1.3323	0.0000	0.0023	0.0024	0.0000	1.6449	1.9015	0.0000	0.5889	0.0032	0.7625	0.0042	0.0037	0.0098	0.7222	0.0000	0.6631	0.0000	76.1427	-0.2865	0.0052	13.5293	14.2360	3.1702	11.9336	0.9978	0.9978	0.0000	0.0005	0.0005	0.0000	0.9972	0.9972	0.0000	0.0146	0.0002	0.0144	0.0002	0.0002	0.0000	0.0143	0.0000	0.0143	0.8415	0.7489	0.0926	0.2353	0.2245	0.0108	0.6063	0.5244	0.0818	0.2798	0.1504	0.1294	0.0593	0.0552	0.0041	0.2205	0.0952	0.1253	22.7891	1061.7793	0.0000	0.6002	0.7101	0.0001	25.3160	150911087.5605	0.0000	0.0520	0.0013	0.1110	0.0039	0.0034	0.0098	0.0650	0.0000	0.1144
45	62	0.5119	9	2	0	2	0	0	0	0	0	Y	N	Y	N	N	N	N	N	N	N	N	N	7.7244	2.3913	0.2193	13.1505	12.2563	0.0039	9.0616	inf	11.2802	0.6634	0.7447	0.0000	1.9183	2.0429	0.0000	0.0000	0.0000	0.0000	0.0859	0.3114	0.0001	0.1459	0.1667	0.0023	0.0000	0.0000	0.0000	0.0000	0.0057	-0.2880	-0.0020	13.5293	28.8660	3.1702	13.2209	1.0030	1.0030	0.0000	1.0030	1.0030	0.0000	0.0000	0.0000	0.0000	0.0032	0.0032	0.0000	0.0032	0.0032	0.0000	0.0000	0.0000	0.0000	1.5119	1.3468	0.1651	0.5229	0.4910	0.0319	0.9891	0.8558	0.1332	0.3096	0.1741	0.1355	0.0738	0.0661	0.0077	0.2359	0.1080	0.1279	63.9966	40.6203	0.2193	44.0892	42.2956	0.0039	9.0616	inf	11.2802	0.0104	0.0183	0.0001	0.0435	0.0483	0.0023	0.0000	0.0000	0.0000
45	63	0.5092	8	2	1	1	0	0	0	0	0	Y	N	N	N	N	N	N	N	N	N	N	N	573.5299	282.3665	0.2818	16.5308	15.7087	1.0951	470.7925	15.9956	0.3025	3.4078	3.8057	0.0001	0.0286	0.0301	0.0000	5.2839	6.1005	0.0001	0.0059	0.0135	0.0004	0.0017	0.0019	0.0000	0.0112	0.3814	0.0004	0.0000	0.0804	-0.2879	-0.0001	13.5293	5.0237	3.1702	8.0282	1.0027	1.0027	0.0000	0.0030	0.0030	0.0000	0.9997	0.9997	0.0000	0.0003	0.0002	0.0000	0.0001	0.0001	0.0000	0.0002	0.0002	0.0000	0.2942	0.2635	0.0308	0.1050	0.0996	0.0054	0.1892	0.1639	0.0253	0.1197	0.0668	0.0529	0.0360	0.0324	0.0036	0.0836	0.0344	0.0493	1559.0975	1049.5781	0.2818	16.5308	15.7087	1.0951	2217.2004	1164.6810	0.3025	0.0022	0.0036	0.0004	0.0017	0.0019	0.0000	0.0024	0.0052	0.0004
45	64	0.4462	7	2	1	1	0	0	0	0	0	Y	N	N	N	N	N	N	N	N	N	N	N	2.7705	2.2226	25.0389	64.0324	58.3385	0.9142	2.3892	1.5184	37.6713	2.8037	3.1334	0.0303	2.5670	2.7359	0.0039	2.9384	3.3777	0.0374	1.0120	1.4098	0.0012	0.0401	0.0469	0.0043	1.2299	2.2246	0.0010	0.0012	0.0016	-0.8568	-0.0607	13.5293	17.5893	3.1702	19.0270	2.9960	2.9926	0.0034	0.9947	0.9946	0.0001	2.0014	1.9980	0.0034	0.0969	0.0967	0.0002	0.0014	0.0014	0.0000	0.0955	0.0954	0.0001	1.0686	0.9550	0.1135	0.3875	0.3635	0.0240	0.6811	0.5915	0.0896	0.2889	0.1619	0.1270	0.0740	0.0657	0.0084	0.2149	0.0963	0.1186	8.3601	5.2451	25.0389	133.9520	129.9137	0.9142	6.6135	3.4106	37.6713	0.3354	0.5974	0.0012	0.0192	0.0211	0.0043	0.4443	0.9904	0.0010
45	65	0.4399	6	1	1	1	0	0	0	0	0	N	N	N	N	N	N	N	N	N	N	N	N	0.0030	0.0022	0.1643	0.1096	0.1165	0.2056	0.0011	0.0005	0.2170	0.0388	0.0400	0.0286	0.0681	0.0711	0.0052	0.0214	0.0195	0.0332	12.7605	18.5841	0.1744	0.6218	0.6102	0.0254	20.0058	37.6853	0.1529	0.0823	0.0012	-0.0010	-0.5535	13.5293	1.7566	3.1702	2.8742	0.0048	0.0044	0.0004	0.0031	0.0031	0.0000	0.0017	0.0013	0.0004	0.8826	0.8815	0.0011	0.0029	0.0029	0.0000	0.8797	0.8787	0.0010	0.1231	0.1104	0.0127	0.0459	0.0439	0.0021	0.0772	0.0665	0.0106	0.0692	0.0474	0.0217	0.0252	0.0241	0.0011	0.0440	0.0233	0.0207	0.0030	0.0022	0.5830	0.5961	0.6008	0.2150	0.0011	0.0005	0.6577	12.7605	18.5841	0.0491	0.1143	0.1183	0.0243	20.0058	37.6853	0.0504
45	66	0.4034	7	1	1	1	0	0	0	0	0	N	N	N	N	N	N	N	N	N	N	N	N	0.5642	736.0796	0.0769	990.9093	963.0531	407.4184	0.1105	5909.6626	0.1030	0.3040	0.3354	0.0476	0.9041	0.9480	0.0078	0.0750	0.0784	0.0529	0.5388	0.0005	0.6190	0.0009	0.0010	0.0000	0.6788	0.0000	0.5137	0.0174	239.2976	-0.0997	0.0053	13.5293	21.1811	3.1702	10.1862	0.3693	0.3630	0.0063	0.3033	0.3032	0.0001	0.0660	0.0598	0.0062	0.0144	0.0001	0.0143	0.0001	0.0001	0.0000	0.0143	0.0000	0.0143	1.2149	1.0821	0.1328	0.3355	0.3198	0.0157	0.8795	0.7623	0.1171	0.3222	0.1734	0.1488	0.0657	0.0608	0.0049	0.2564	0.1126	0.1439	6.8053	971.1909	0.4942	990.9093	963.0531	407.4184	1.3429	2207293.7451	0.5313	0.0447	0.0003	0.0963	0.0009	0.0010	0.0000	0.0559	0.0000	0.0996
45	67	0.3896	6	1	1	1	0	0	0	0	0	N	N	N	N	N	N	N	N	N	N	N	N	0.0054	165.3043	0.0003	9.3842	8.7403	22.2551	0.0060	inf	0.0002	0.0080	0.0088	0.0015	0.0018	0.0018	0.0022	0.0108	0.0122	0.0014	1.4866	0.0001	5.9664	0.0002	0.0002	0.0001	1.7911	0.0000	6.2562	0.0204	50380.3318	-0.0010	0.0404	13.5293	7.4253	3.1702	0.9851	0.0039	0.0038	0.0001	0.0003	0.0002	0.0000	0.0036	0.0036	0.0001	0.1088	0.0000	0.1088	0.0000	0.0000	0.0000	0.1088	0.0000	0.1088	0.4830	0.4319	0.0511	0.1478	0.1405	0.0072	0.3352	0.2914	0.0438	0.0807	0.0437	0.0370	0.0121	0.0108	0.0014	0.0686	0.0329	0.0357	0.0060	178.3317	0.0005	9.3842	8.7403	22.2551	0.0068	inf	0.0005	1.3475	0.0000	2.9358	0.0002	0.0002	0.0001	1.5854	0.0000	3.0474
45	68	0.5929	9	1	0	2	0	0	0	0	0	N	N	Y	N	N	N	N	N	N	N	N	N	1.1695	0.9589	16.3304	1.5670	1.5228	0.0003	423.5115	2.9041	545.5800	0.8249	0.9104	0.0019	1.7348	1.8249	0.0000	0.0026	0.0027	0.0025	0.7054	0.9495	0.0001	1.1071	1.1984	0.0010	0.0000	0.0009	0.0000	0.0002	0.0006	-0.2572	-0.0091	13.5293	15.0354	3.1702	6.2061	0.8965	0.8963	0.0002	0.8950	0.8950	0.0000	0.0015	0.0013	0.0002	0.0145	0.0145	0.0000	0.0145	0.0145	0.0000	0.0000	0.0000	0.0000	1.0867	0.9845	0.1023	0.5159	0.4904	0.0255	0.5708	0.4940	0.0768	0.1799	0.1091	0.0709	0.0634	0.0558	0.0075	0.1166	0.0532	0.0633	10.2429	6.8563	16.3304	7.5856	7.0351	0.0003	423.5115	322.5855	545.5800	0.0805	0.1328	0.0001	0.2287	0.2594	0.0010	0.0000	0.0000	0.0000
45	69	0.5248	8	1	0	1	0	0	0	0	0	N	N	N	N	N	N	N	N	N	N	N	N	1.5686	0.8679	1529.8335	1.7460	1.5418	9.3527	2.1374	0.7535	2160.0515	1.0006	0.7553	3.2495	0.1733	0.1817	0.0325	1.6265	1.2261	4.3034	0.6379	0.8703	0.0021	0.0993	0.1179	0.0035	0.7610	1.6272	0.0020	0.4692	0.0151	0.0582	-0.0106	13.5293	27.6811	3.1702	13.1592	1.8048	1.2284	0.5764	0.1346	0.1332	0.0014	1.6701	1.0952	0.5750	0.0173	0.0170	0.0003	0.0028	0.0028	0.0000	0.0144	0.0142	0.0002	1.8037	1.6263	0.1774	0.7768	0.7331	0.0438	1.0268	0.8932	0.1336	0.2787	0.1581	0.1205	0.0793	0.0686	0.0107	0.1993	0.0895	0.1098	16.1527	7.0230	1529.8335	4.8821	4.4864	9.3527	22.4434	7.7145	2160.0515	0.0619	0.1076	0.0021	0.0355	0.0405	0.0035	0.0725	0.1589	0.0020
45	70	0.4900	7	1	0	1	0	0	0	0	0	N	N	N	N	N	N	N	N	N	N	N	N	667.1190	530.4807	3642.3137	116.5908	134.1884	1.4854	637.5830	73.9076	5093.5639	1.0357	0.7926	3.2646	0.1066	0.1124	0.0023	1.7594	1.3724	4.2585	0.0016	0.0015	0.0009	0.0009	0.0008	0.0015	0.0028	0.0186	0.0008	0.4492	0.8252	0.0316	-0.0000	13.5293	19.6565	3.1702	4.0504	1.3831	0.9544	0.4287	0.0624	0.0623	0.0001	1.3207	0.8921	0.4287	0.0002	0.0001	0.0001	0.0001	0.0000	0.0000	0.0001	0.0000	0.0001	1.3355	1.2041	0.1313	0.5848	0.5541	0.0307	0.7507	0.6500	0.1007	0.1950	0.1158	0.0792	0.0619	0.0550	0.0069	0.1331	0.0608	0.0723	1285.8312	1066.3146	3642.3137	116.5908	134.1884	1.4854	2331.3839	2086.2709	5093.5639	0.0008	0.0007	0.0009	0.0009	0.0008	0.0015	0.0008	0.0007	0.0008
45	71	0.3927	7	2	1	1	0	0	0	0	0	Y	N	N	N	N	N	N	N	N	N	N	N	37636.8180	23191.0691	0.0000	16.7542	15.5941	2144765.6300	inf	0.0000	1.8152	2.0206	0.0000	0.0051	0.0053	0.0000	2.6066	2.9817	0.0000	0.0000	0.0001	0.0000	0.0003	0.0003	0.0000	0.0000	0.0000	0.0000	0.0000	0.0218	-0.5739	-0.0000	13.5293	17.5448	3.1702	6.0013	1.9987	1.9987	0.0000	0.0017	0.0017	0.0000	1.9970	1.9970	0.0000	0.0000	0.0000	0.0000	0.0000	0.0000	0.0000	0.0000	0.0000	0.0000	1.1010	0.9891	0.1119	0.3349	0.3194	0.0155	0.7661	0.6697	0.0964	0.2118	0.1147	0.0970	0.0330	0.0293	0.0037	0.1788	0.0855	0.0933	37636.8180	23191.0691	0.0000	16.7542	15.5941	0.0000	2144765.6300	inf	0.0000	0.0000	0.0001	0.0000	0.0003	0.0003	0.0000	0.0000	0.0000	0.0000	
45	72	0.4612	10	2	1	2	0	0	0	0	0	Y	N	Y	N	N	N	N	N	N	N	N	N	0.0000	0.0000	0.0000	0.0000	0.0000	0.0000	0.0000	0.0000	0.0000	0.0000	0.0000	0.0000	0.0000	0.0000	0.0000	0.0000	0.0000	0.0000	0.0000	0.0000	0.0000	0.0000	0.0000	0.0000	0.0000	1.0000	0.0000	-0.0000	13.5293	1.8980	3.1702	2.9698	0.0000	0.0000	0.0000	0.0000	0.0000	0.0000	0.0000	0.0000	0.0000	0.0000	0.0000	0.0000	0.0000	0.0000	0.0000	0.0000	0.0000	0.0000	0.1168	0.1037	0.0131	0.0333	0.0319	0.0013	0.0835	0.0718	0.0118	0.0718	0.0484	0.0234	0.0240	0.0227	0.0012	0.0479	0.0257	0.0222	0.0000	0.0000	0.0000	0.0000	0.0000	0.0000	0.0000	0.0000	0.0000	0.0000	0.0000	0.0000	0.0000	0.0000	0.0000	0.0000	0.0000	0.0000			
45	73	0.4416	9	2	0	2	0	0	0	0	0	Y	N	Y	N	N	N	N	N	N	N	N	N	0.5926	0.7357	0.0013	0.0003	0.0004	0.0002	74.9655	2.6838	0.0000	0.0001	0.0001	0.0000	0.0000	0.0000	0.0000	0.0002	0.0003	0.0000	0.0001	0.0001	0.0002	0.0005	0.0003	0.0035	0.0000	0.0001	0.0000	0.0002	0.8337	-0.0000	-0.0000	13.5293	3.5853	3.1702	4.3819	0.0001	0.0001	0.0000	0.0000	0.0000	0.0000	0.0000	0.0000	0.0000	0.0000	0.0000	0.0000	0.0000	0.0000	0.0000	0.0000	0.0000	0.0000	0.6583	0.6053	0.0530	0.4345	0.4140	0.0204	0.2238	0.1912	0.0326	0.0918	0.0572	0.0346	0.0223	0.0208	0.0015	0.0696	0.0365	0.0331	0.5926	0.7365	0.0013	0.0003	0.0004	0.0002	74.9655	829.1928	0.0000	0.0001	0.0001	0.0002	0.0005	0.0003	0.0035	0.0000	0.0000	0.0000
45	74	0.4101	8	2	0	2	0	0	0	0	0	Y	N	Y	N	N	N	N	N	N	N	N	N	61.8424	91.2036	19.3239	321.5139	307.3276	74.9370	11.0304	2.7933	20.1479	0.3133	0.3403	0.0520	0.7344	0.7637	0.0267	0.0869	0.0911	0.0565	0.0051	0.0037	0.0027	0.0023	0.0025	0.0004	0.0079	0.0326	0.0028	0.0158	1.3547	-0.0721	-0.0000	13.5293	12.3589	3.1702	7.3592	0.2654	0.2613	0.0041	0.2175	0.2172	0.0003	0.0479	0.0441	0.0038	0.0004	0.0002	0.0002	0.0001	0.0001	0.0000	0.0003	0.0001	0.0002	0.8471	0.7679	0.0792	0.2962	0.2844	0.0118	0.5509	0.4835	0.0674	0.1826	0.1064	0.0762	0.0362	0.0328	0.0034	0.1463	0.0736	0.0728	160.3573	238.9333	19.3239	321.5139	307.3276	74.9370	46.4188	95.8468	20.1479	0.0020	0.0014	0.0027	0.0023	0.0025	0.0004	0.0019	0.0010	0.0028
45	75	0.3927	7	2	0	2	0	0	0	0	0	Y	N	Y	N	N	N	N	N	N	N	N	N	1.6321	0.7259	6.8988	0.6449	0.5941	2.0273	15.1680	12.2188	6.7017	0.0009	0.0009	0.0004	0.0016	0.0016	0.0016	0.0006	0.0006	0.0002	0.0005	0.0013	0.0001	0.0024	0.0026	0.0008	0.0000	0.0001	0.0000	0.0498	0.0802	-0.0002	-0.0000	13.5293	10.2127	3.1702	1.0234	0.0006	0.0006	0.0000	0.0004	0.0003	0.0000	0.0003	0.0003	0.0000	0.0000	0.0000	0.0000	0.0000	0.0000	0.0000	0.0000	0.0000	0.0000	0.7024	0.6343	0.0681	0.2324	0.2222	0.0102	0.4700	0.4121	0.0579	0.1042	0.0564	0.0478	0.0162	0.0144	0.0018	0.0880	0.0420	0.0460	2.2826	1.4081	6.8988	0.6449	0.5941	2.0273	30.4538	4637.1730	6.7017	0.0004	0.0007	0.0001	0.0024	0.0026	0.0008	0.0000	0.0000	0.0000
45	76	0.3896	6	2	0	1	0	0	0	0	0	Y	N	N	N	N	N	N	N	N	N	N	N	52.0583	25.1842	2.7896	3.4075	3.1985	0.0000	13561.6083	inf	7.8154	0.0007	0.0008	0.0000	0.0003	0.0003	0.0000	0.0009	0.0011	0.0000	0.0000	0.0000	0.0000	0.0001	0.0001	0.0000	0.0000	0.0000	0.0000	0.0001	0.0093	-0.0001	-0.0000	13.5293	3.7027	3.1702	0.0091	0.0002	0.0002	0.0000	0.0000	0.0000	0.0000	0.0002	0.0002	0.0000	0.0000	0.0000	0.0000	0.0000	0.0000	0.0000	0.0000	0.0000	0.0000	0.2678	0.2407	0.0270	0.0958	0.0911	0.0047	0.1720	0.1496	0.0223	0.0360	0.0195	0.0166	0.0054	0.0048	0.0006	0.0306	0.0147	0.0159	52.0583	31.6035	2.7896	3.4075	3.1985	0.0000	13561.6083	inf	7.8154	0.0000	0.0000	0.0000	0.0001	0.0001	0.0000	0.0000	0.0000	0.0000
45	77	0.3726	5	1	0	1	0	0	0	0	0	N	N	N	N	N	N	N	N	N	N	N	N	6.7691	31.6365	0.3751	0.0489	0.0859	0.0001	6.1390	inf	0.5175	0.0057	0.0063	0.0003	0.0000	0.0000	0.0000	0.0080	0.0092	0.0004	0.0008	0.0002	0.0009	0.0008	0.0005	0.0058	0.0013	0.0000	0.0008	0.0067	3.8892	-0.0004	0.0000	13.5293	3.8334	3.1702	6.1787	0.0015	0.0015	0.0000	0.0000	0.0000	0.0000	0.0015	0.0015	0.0000	0.0001	0.0000	0.0000	0.0000	0.0000	0.0000	0.0000	0.0000	0.0000	0.2632	0.2345	0.0287	0.0766	0.0732	0.0034	0.1866	0.1613	0.0253	0.1190	0.0667	0.0523	0.0273	0.0256	0.0017	0.0917	0.0411	0.0506	11.0667	33.8171	0.3751	0.0489	0.0859	0.0001	18.9499	inf	0.5175	0.0005	0.0002	0.0009	0.0008	0.0005	0.0058	0.0004	0.0000	0.0008
45	78	0.3335	4	1	0	1	0	0	0	0	0	N	N	N	N	N	N	N	N	N	N	N	N	2364.0782	6056.6746	0.0408	1.2446	1.6968	0.0008	1864.7670	12300.0859	0.0531	0.8861	0.9874	0.0000	0.0006	0.0007	0.0000	1.2129	1.3869	0.0000	0.0004	0.0002	0.0005	0.0005	0.0004	0.0021	0.0007	0.0001	0.0004	0.0000	2.2001	-0.2863	0.0000	13.5293	16.9094	3.1702	5.8161	0.9971	0.9971	0.0000	0.0002	0.0002	0.0000	0.9969	0.9969	0.0000	0.0001	0.0000	0.0001	0.0000	0.0000	0.0000	0.0000	0.0000	0.0000	1.1253	1.0098	0.1155	0.3034	0.2910	0.0123	0.8220	0.7188	0.1031	0.2910	0.1722	0.1187	0.0768	0.0713	0.0055	0.2142	0.1009	0.1133	2921.6572	6167.4747	0.0408	1.2446	1.6968	0.0008	5251.2513	3857245.8114	0.0531	0.0003	0.0002	0.0005	0.0005	0.0004	0.0021	0.0002	0.0000	0.0004
45	79	0.4399	6	1	1	1	0	0	0	0	0	N	N	N	N	N	N	N	N	N	N	N	N	0.0009	0.0005	34.6692	0.0009	0.0008	3591.8408	3.3431	0.0000	37.9121	0.0007	0.0004	0.0026	0.0012	0.0012	0.0004	0.0004	0.0000	0.0030	0.7105	0.9656	0.0001	1.3964	1.4736	0.0000	0.0001	0.0008	0.0001	0.6701	0.0004	0.0001	-0.0168	13.5293	23.9173	3.1702	17.8091	0.0009	0.0005	0.0004	0.0006	0.0005	0.0000	0.0004	0.0000	0.0004	0.0268	0.0268	0.0000	0.0268	0.0268	0.0000	0.0000	0.0000	0.0000	1.3518	1.2110	0.1409	0.4633	0.4393	0.0239	0.8885	0.7716	0.1169	0.3283	0.1918	0.1365	0.0843	0.0755	0.0088	0.2440	0.1163	0.1276	0.0082	0.0032	34.6692	0.0037	0.0035	3591.8408	8.8341	0.0000	37.9121	0.0816	0.1396	0.0001	0.3175	0.3547	0.0000	0.0000	0.0000	0.0001
45	80	0.4238	5	1	1	1	0	0	0	0	0	N	N	N	N	N	N	N	N	N	N	N	N	0.4372	0.0023	958.7549	33.2170	29.5690	3459.5971	0.5430	0.0002	1250.5381	0.4252	0.0031	4.0059	0.0078	0.0076	0.0119	0.6501	0.0004	4.8750	0.9724	1.3302	0.0042	0.0002	0.0003	0.0000	1.1974	2.1561	0.0039	154.3997	0.0047	0.1065	-0.0167	13.5293	6.1279	3.1702	3.6878	0.1507	0.0010	0.1498	0.0010	0.0009	0.0001	0.1498	0.0001	0.1497	0.0267	0.0266	0.0001	0.0000	0.0000	0.0000	0.0267	0.0266	0.0001	0.3545	0.3171	0.0374	0.1242	0.1175	0.0067	0.2304	0.1997	0.0307	0.0984	0.0639	0.0344	0.0316	0.0290	0.0026	0.0667	0.0349	0.0318	1.5648	0.0073	1112.6466	33.2170	29.5690	3459.5971	1.6234	0.0005	1250.5381	0.2717	0.4162	0.0036	0.0002	0.0003	0.0000	0.4005	0.7619	0.0039
45	81	0.5119	9	2	0	2	0	0	0	0	0	Y	N	Y	N	N	N	N	N	N	N	N	N	742.3179	0.8096	15556.0207	1.4660	1.6096	0.0529	2563.3693	4.1423	27330.9864	0.6896	0.0011	6.3003	0.0027	0.0029	0.0001	1.0550	0.0000	7.8169	0.0009	0.0013	0.0004	0.0019	0.0018	0.0024	0.0004	0.0000	0.0003	716.1950	0.4586	0.7119	-0.0001	13.5293	27.2690	3.1702	12.3406	1.0005	0.0014	0.9991	0.0014	0.0014	0.0000	0.9992	0.0000	0.9991	0.0002	0.0001	0.0001	0.0001	0.0001	0.0000	0.0000	0.0000	0.0000	1.4509	1.2923	0.1586	0.5038	0.4731	0.0308	0.9471	0.8193	0.1278	0.2963	0.1667	0.1296	0.0709	0.0635	0.0073	0.2255	0.1032	0.1223	1224.1591	1.5728	15556.0207	1.4660	1.6096	0.0529	6802.0217	2464.5887	27330.9864	0.0006	0.0007	0.0004	0.0019	0.0018	0.0024	0.0002	0.0000	0.0003
45	82	0.4966	8	1	0	1	0	0	0	0	0	N	N	N	N	N	N	N	N	N	N	N	N	0.4028	0.7161	3.0001	0.4791	0.5436	0.0386	0.4755	inf	5.3008	0.0020	0.0012	0.0105	0.0012	0.0012	0.0001	0.0033	0.0012	0.0169	0.0049	0.0017	0.0035	0.0024	0.0022	0.0039	0.0069	0.0000	0.0032	0.7712	3.3112	0.0003	0.0000	13.5293	9.0798	3.1702	0.9519	0.0018	0.0010	0.0008	0.0007	0.0006	0.0000	0.0012	0.0004	0.0008	0.0001	0.0000	0.0001	0.0000	0.0000	0.0000	0.0001	0.0000	0.0001	0.9222	0.8462	0.0761	0.5618	0.5325	0.0293	0.3605	0.3137	0.0468	0.0777	0.0427	0.0349	0.0172	0.0153	0.0019	0.0605	0.0275	0.0330	1.0485	1.5303	3.2410	0.4791	0.5436	0.0386	1.8769	inf	5.3008	0.0019	0.0008	0.0032	0.0024	0.0022	0.0039	0.0017	0.0000	0.0032
45	83	0.4238	5	1	1	1	0	0	0	0	0	N	N	N	N	N	N	N	N	N	N	N	N	5419.9937	894.9896	92014.9063	972.7403	1091.9729	0.0000	4557979.1286	inf	16929925.5440	1.1626	0.3448	8.1694	0.7371	0.7788	0.0000	1.3889	0.0931	9.9392	0.0002	0.0004	0.0001	0.0008	0.0007	0.0011	0.0000	0.0000	0.0000	2.7650	0.2012	0.6088	-0.0000	13.5293	21.0000	3.1702	14.4214	1.3613	0.3616	0.9997	0.2997	0.2997	0.0000	1.0615	0.0618	0.9997	0.0001	0.0001	0.0000	0.0001	0.0001	0.0000	0.0000	0.0000	0.0000	1.1709	1.0486	0.1224	0.4067	0.3849	0.0218	0.7643	0.6637	0.1006	0.2800	0.1667	0.1133	0.0792	0.0701	0.0091	0.2008	0.0966	0.1042	5419.9937	1149.5612	92014.9063	972.7403	1091.9729	0.0000	4557979.1286	inf	16929925.5440	0.0002	0.0003	0.0001	0.0008	0.0007	0.0011	0.0000	0.0000	0.0000
45	84	0.4815	9	1	0	2	0	0	0	0	0	N	N	Y	N	N	N	N	N	N	N	N	N	4639.9549	3575.3675	0.0000	1133.9660	1012.8892	0.0000	6531.4744	inf	0.0000	1.6404	1.8270	0.0000	0.8607	0.9059	0.0000	2.0855	2.4027	0.0000	0.0004	0.0005	0.0002	0.0008	0.0009	0.0000	0.0003	0.0000	0.0002	0.0000	0.4017	-0.5682	-0.0000	13.5293	20.4085	3.1702	11.0867	1.9788	1.9788	0.0000	0.3773	0.3773	0.0000	1.6015	1.6015	0.0000	0.0001	0.0001	0.0000	0.0001	0.0001	0.0000	0.0000	0.0000	0.0000	1.2063	1.0831	0.1233	0.4384	0.4165	0.0219	0.7679	0.6665	0.1014	0.2409	0.1347	0.1062	0.0667	0.0565	0.0102	0.1742	0.0783	0.0959	5582.0858	4874.1678	0.0000	1133.9660	1012.8892	0.0000	18009.8378	inf	0.0000	0.0003	0.0004	0.0002	0.0008	0.0009	0.0000	0.0001	0.0000	0.0002
45	85	0.4777	8	1	0	2	0	0	0	0	0	N	N	Y	N	N	N	N	N	N	N	N	N	0.5168	0.8857	0.0000	0.5698	0.5175	0.0000	0.3516	4.8442	0.0000	0.0005	0.0006	0.0000	0.0005	0.0005	0.0000	0.0005	0.0006	0.0000	0.0010	0.0006	0.0008	0.0008	0.0009	0.0000	0.0015	0.0001	0.0009	0.0000	1.3516	-0.0000	-0.0000	13.5293	3.1287	3.1702	1.1816	0.0001	0.0001	0.0000	0.0000	0.0000	0.0000	0.0001	0.0001	0.0000	0.0000	0.0000	0.0000	0.0000	0.0000	0.0000	0.0000	0.0000	0.0000	0.2416	0.2190	0.0226	0.1050	0.1003	0.0047	0.1366	0.1187	0.0179	0.0395	0.0233	0.0162	0.0123	0.0106	0.0017	0.0272	0.0127	0.0145	0.8636	1.3217	0.0000	0.5698	0.5175	0.0000	1.1140	1510.5775	0.0000	0.0006	0.0004	0.0008	0.0008	0.0009	0.0000	0.0005	0.0000	0.0009
45	86	0.4708	7	1	0	1	0	0	0	0	0	N	N	N	N	N	N	N	N	N	N	N	N	105.3321	79.9812	0.0000	92.1282	88.5075	0.0000	1.1280	0.0406	0.0000	0.0060	0.0067	0.0000	0.0157	0.0164	0.0000	0.0000	0.0000	0.0000	0.0001	0.0001	0.0000	0.0002	0.0002	0.0000	0.0000	0.0005	0.0000	0.0000	0.1623	-0.0005	-0.0000	13.5293	4.0532	3.1702	2.2470	0.0016	0.0016	0.0000	0.0016	0.0016	0.0000	0.0000	0.0000	0.0000	0.0000	0.0000	0.0000	0.0000	0.0000	0.0000	0.0000	0.0000	0.0000	0.2690	0.2428	0.0262	0.1034	0.0985	0.0049	0.1656	0.1443	0.0214	0.0587	0.0346	0.0241	0.0172	0.0152	0.0020	0.0415	0.0193	0.0221	105.3321	79.9812	0.0000	92.1282	88.5075	0.0000	1.8564	7.2843	0.0000	0.0001	0.0001	0.0000	0.0002	0.0002	0.0000	0.0000	0.0000	0.0000
45	87	0.4477	6	1	0	1	0	0	0	0	0	N	N	N	N	N	N	N	N	N	N	N	N	387.0733	219.5324	52.5345	500.2338	474.7294	1.0184	164.3947	2679.8174	109.6260	2.2279	2.4588	0.0216	4.7188	4.9410	0.0029	0.0550	0.0595	0.0269	0.0058	0.0112	0.0004	0.0094	0.0104	0.0029	0.0003	0.0000	0.0002	0.0009	0.0765	-0.2260	-0.0002	13.5293	4.7288	3.1702	9.8540	0.7896	0.7889	0.0007	0.7792	0.7792	0.0000	0.0104	0.0097	0.0007	0.0003	0.0003	0.0000	0.0003	0.0003	0.0000	0.0000	0.0000	0.0000	0.3544	0.3209	0.0336	0.1651	0.1577	0.0074	0.1893	0.1632	0.0261	0.1569	0.0986	0.0583	0.0483	0.0446	0.0036	0.1086	0.0540	0.0546	1035.8138	773.3431	52.5345	702.7516	703.1359	1.0184	445.6177	1000752.9843	109.6260	0.0022	0.0032	0.0004	0.0067	0.0070	0.0029	0.0001	0.0000	0.0002
45	88	0.4238	5	1	0	1	0	0	0	0	0	N	N	N	N	N	N	N	N	N	N	N	N	277.6732	9614.0214	285.3057	7728.6416	12056.1217	8.3787	26.9052	17.8707	407.9067	1.9004	1.7841	2.8892	4.5647	4.8230	0.0198	0.4680	0.0009	3.5130	0.0068	0.0002	0.0101	0.0006	0.0004	0.0024	0.0174	0.0000	0.0086	0.1906	21.7414	-0.1198	0.0001	13.5293	8.6320	3.1702	7.0881	0.9430	0.7920	0.1510	0.7920	0.7918	0.0002	0.1510	0.0002	0.1508	0.0004	0.0000	0.0003	0.0000	0.0000	0.0000	0.0003	0.0000	0.0003	0.4962	0.4440	0.0523	0.1735	0.1642	0.0093	0.3227	0.2798	0.0429	0.1419	0.0886	0.0534	0.0431	0.0390	0.0042	0.0988	0.0496	0.0492	760.6470	10134.0876	454.7279	7728.6416	12056.1217	8.3787	140.4736	6729.2807	524.9570	0.0025	0.0002	0.0064	0.0006	0.0004	0.0024	0.0033	0.0000	0.0067
45	89	0.4916	7	1	1	1	0	0	0	0	0	N	N	N	N	N	N	N	N	N	N	N	N	90.6383	58.5696	0.0002	40.9037	52.5924	0.0001	78.3271	4.2874	0.0000	0.0970	0.1094	0.0000	0.0245	0.0272	0.0000	0.1639	0.1877	0.0000	0.0011	0.0019	0.0003	0.0006	0.0005	0.0012	0.0021	0.0438	0.0002	0.0000	0.2094	-0.0305	-0.0000	13.5293	15.4622	3.1702	5.2688	0.1062	0.1062	0.0000	0.0129	0.0129	0.0000	0.0934	0.0934	0.0000	0.0001	0.0001	0.0000	0.0000	0.0000	0.0000	0.0001	0.0001	0.0000	1.0954	0.9710	0.1244	0.5259	0.4737	0.0521	0.5695	0.4973	0.0722	0.1644	0.0981	0.0663	0.0532	0.0472	0.0060	0.1112	0.0509	0.0603	157.3657	128.1180	0.0002	40.9037	52.5924	0.0001	262.3806	160.9631	0.0000	0.0006	0.0009	0.0003	0.0006	0.0005	0.0012	0.0006	0.0012	0.0002
45	90	0.4798	6	1	0	1	0	0	0	0	0	N	N	N	N	N	N	N	N	N	N	N	N	504.5279	388.8523	20.4442	27.2018	25.7788	43.9897	845.7613	155.9241	10.7312	0.1100	0.1211	0.0031	0.0118	0.0120	0.0074	0.1914	0.2193	0.0016	0.0002	0.0003	0.0001	0.0004	0.0005	0.0002	0.0002	0.0014	0.0001	0.0026	0.3399	-0.0171	-0.0000	13.5293	7.5917	3.1702	1.5198	0.0601	0.0599	0.0002	0.0029	0.0028	0.0001	0.0572	0.0571	0.0001	0.0000	0.0000	0.0000	0.0000	0.0000	0.0000	0.0000	0.0000	0.0000	0.5459	0.4946	0.0513	0.2472	0.2342	0.0130	0.2987	0.2604	0.0383	0.0922	0.0581	0.0342	0.0348	0.0309	0.0039	0.0575	0.0272	0.0303	505.3748	469.4460	20.4442	27.2018	25.7788	43.9897	2185.4152	10099.5700	10.7312	0.0002	0.0003	0.0001	0.0004	0.0005	0.0002	0.0001	0.0000	0.0001
45	91	0.5891	10	2	0	2	0	0	0	0	0	Y	N	Y	N	N	N	N	N	N	N	N	N	inf	inf	inf	inf	inf	inf	inf	inf	5.7072	0.0000	57.6301	0.0001	0.0001	0.0000	9.9240	0.0000	74.2738	0.0000	0.0000	0.0000	0.0000	0.0000	0.0000	0.0000	0.0000	0.0000	186971.6772	0.7123	0.0000	13.5293	3.0317	3.1702	0.1644	0.9993	0.0000	0.9993	0.0000	0.0000	0.0000	0.9993	0.0000	0.9993	0.0000	0.0000	0.0000	0.0000	0.0000	0.0000	0.0000	0.0000	0.0000	0.1751	0.1577	0.0173	0.0744	0.0705	0.0039	0.1007	0.0872	0.0135	0.0224	0.0127	0.0097	0.0056	0.0049	0.0006	0.0168	0.0077	0.0091	inf	inf	inf	inf	inf	0.0000	inf	inf	inf	0.0000	0.0000	0.0000	0.0000	0.0000	0.0000	0.0000	0.0000	0.0000		
45	92	0.5833	9	2	0	2	0	0	0	0	0	Y	N	Y	N	N	N	N	N	N	N	N	N	5458.9000	inf	7881.9074	201.5964	inf	51.6797	13283.9548	inf	17009.3791	0.0074	0.0056	0.0250	0.0004	0.0004	0.0012	0.0138	0.0109	0.0330	0.0000	0.0000	0.0000	0.0000	0.0000	0.0000	0.0000	0.0000	0.0000	0.4441	inf	0.0000	0.0000	13.5293	2.6632	3.1702	1.0147	0.0014	0.0010	0.0004	0.0000	0.0000	0.0000	0.0014	0.0009	0.0004	0.0000	0.0000	0.0000	0.0000	0.0000	0.0000	0.0000	0.0000	0.0000	0.1919	0.1746	0.0174	0.0923	0.0880	0.0043	0.0996	0.0866	0.0130	0.0277	0.0161	0.0116	0.0073	0.0066	0.0007	0.0204	0.0095	0.0109	5458.9000	inf	7881.9074	201.5964	inf	51.6797	13283.9548	inf	17009.3791	0.0000	0.0000	0.0000	0.0000	0.0000	0.0000	0.0000	0.0000	0.0000
45	93	0.5000	8	2	0	2	0	0	0	0	0	Y	N	Y	N	N	N	N	N	N	N	N	N	303.7557	366.2992	0.1145	165.2787	316.9506	0.0006	83.9240	inf	3.6814	0.0689	0.0766	0.0000	0.1591	0.1685	0.0000	0.0005	0.0005	0.0000	0.0002	0.0002	0.0003	0.0010	0.0005	0.0044	0.0000	0.0000	0.0000	0.0000	1.0768	-0.0442	-0.0000	13.5293	35.0787	3.1702	12.2568	0.1540	0.1540	0.0000	0.1534	0.1534	0.0000	0.0006	0.0006	0.0000	0.0001	0.0000	0.0000	0.0001	0.0000	0.0000	0.0000	0.0000	0.0000	2.2337	2.0115	0.2222	0.9643	0.9106	0.0538	1.2694	1.1009	0.1685	0.3346	0.1847	0.1499	0.0764	0.0679	0.0084	0.2583	0.1168	0.1415	307.7665	391.7455	0.1145	165.2787	316.9506	0.0006	83.9240	inf	3.6814	0.0002	0.0002	0.0003	0.0010	0.0005	0.0044	0.0000	0.0000	0.0000
45	94	0.4865	7	2	0	1	0	0	0	0	0	Y	N	N	N	N	N	N	N	N	N	N	N	1277.3564	1850.4882	35.4897	3451.4900	3307.1408	232.5578	96.1747	23.7547	35.7174	1.2039	1.3235	0.0256	1.9911	2.1116	0.0229	0.1826	0.2072	0.0271	0.0009	0.0007	0.0007	0.0006	0.0006	0.0001	0.0019	0.0087	0.0008	0.0020	1.3279	-0.2981	-0.0000	13.5293	8.4810	3.1702	2.3446	1.0452	1.0432	0.0020	0.9762	0.9756	0.0006	0.0690	0.0676	0.0014	0.0000	0.0000	0.0000	0.0000	0.0000	0.0000	0.0000	0.0000	0.0000	0.8682	0.7882	0.0800	0.4903	0.4620	0.0283	0.3779	0.3262	0.0517	0.0826	0.0453	0.0374	0.0182	0.0161	0.0021	0.0644	0.0291	0.0353	2103.8297	2949.4624	35.4897	3451.4900	3307.1408	232.5578	319.8310	603.4619	35.7174	0.0006	0.0004	0.0007	0.0006	0.0006	0.0001	0.0006	0.0003	0.0008
45	95	0.4238	5	1	1	1	1	0	0	0	0	N	N	N	N	N	N	N	N	N	N	N	N	0.1590	0.0532	0.0000	0.0135	0.0121	0.0000	2.8138	0.0938	0.0000	0.0136	0.0151	0.0000	0.0012	0.0012	0.0000	0.0201	0.0232	0.0000	0.0853	0.2844	0.0008	0.0855	0.1010	0.0043	0.0072	0.2473	0.0004	0.0000	0.0309	-0.0052	-0.0022	13.5293	24.0032	3.1702	22.6134	0.0180	0.0180	0.0000	0.0005	0.0005	0.0000	0.0175	0.0175	0.0000	0.0037	0.0036	0.0001	0.0032	0.0032	0.0001	0.0005	0.0004	0.0001	1.3287	1.1901	0.1386	0.4608	0.4361	0.0247	0.8680	0.7540	0.1139	0.3537	0.2084	0.1453	0.0982	0.0865	0.0117	0.2556	0.1219	0.1336	1.3082	0.8870	0.0000	0.0353	0.0334	0.0000	11.1880	7.0655	0.0000	0.0104	0.0171	0.0008	0.0326	0.0365	0.0043	0.0018	0.0033	0.0004
45	96	0.1843	5	1	1	1	0	0	0	0	0	N	N	N	N	N	N	N	N	N	N	N	N	1940.4313	462.2038	144776.9838	0.6473	0.4093	265.3822	36326.8776	inf	154634.5987	1.7971	0.9508	8.0791	0.0015	0.0011	0.0129	2.2640	1.2262	8.6854	0.0009	0.0021	0.0001	0.0024	0.0026	0.0000	0.0001	0.0000	0.0001	1.1447	0.0421	0.5279	-0.0001	13.5293	18.5150	3.1702	10.2301	2.1407	0.9982	1.1426	0.0004	0.0002	0.0001	2.1404	0.9979	1.1424	0.0002	0.0002	0.0000	0.0002	0.0002	0.0000	0.0000	0.0000	0.0000	1.1912	1.0498	0.1414	0.2459	0.2360	0.0099	0.9454	0.8138	0.1315	0.3824	0.2268	0.1556	0.0872	0.0797	0.0074	0.2953	0.1471	0.1482	3195.6190	1045.0371	144776.9838	0.6473	0.4093	265.3822	80324.9277	inf	154634.5987	0.0006	0.0009	0.0001	0.0024	0.0026	0.0000	0.0000	0.0000	0.0001
45	97	0.4529	6	1	1	1	0	0	0	0	0	N	N	N	N	N	N	N	N	N	N	N	N	4118.3876	1961.0288	13612.4197	1665.3487	1467.4231	1485.6265	5200.5306	340.5546	15113.8239	0.8465	0.8731	0.6112	1.0695	1.1284	0.0036	0.7236	0.7201	0.7475	0.0002	0.0004	0.0000	0.0006	0.0008	0.0000	0.0001	0.0021	0.0000	0.0790	0.1083	-0.4479	-0.0001	13.5293	46.1140	3.1702	26.4917	2.0941	1.9407	0.1534	0.9401	0.9399	0.0002	1.1540	1.0008	0.1532	0.0001	0.0001	0.0000	0.0001	0.0001	0.0000	0.0000	0.0000	0.0000	2.4737	2.2228	0.2509	0.8790	0.8330	0.0460	1.5947	1.3898	0.2049	0.5045	0.2788	0.2257	0.1323	0.1105	0.0219	0.3721	0.1683	0.2038	4118.3876	2601.5069	13612.4197	1665.3487	1467.4231	1485.6265	14399.2012	14059.3832	15113.8239	0.0002	0.0003	0.0000	0.0006	0.0008	0.0000	0.0001	0.0001	0.0000
45	98	0.2372	7	1	1	1	0	0	0	0	0	N	N	N	N	N	N	N	N	N	N	N	N	0.0190	0.0043	1.3495	0.0136	0.0119	0.0000	32.0533	0.0000	144.9157	0.0000	0.0000	0.0001	0.0000	0.0000	0.0000	0.0000	0.0000	0.0001	0.0010	0.0025	0.0001	0.0030	0.0035	0.0010	0.0000	0.0000	0.0000	0.9999	0.0511	0.0000	-0.0001	13.5293	20.7840	3.1702	8.9470	0.0000	0.0000	0.0000	0.0000	0.0000	0.0000	0.0000	0.0000	0.0000	0.0002	0.0001	0.0000	0.0002	0.0001	0.0000	0.0000	0.0000	0.0000	1.0649	0.9475	0.1175	0.2483	0.2388	0.0096	0.8166	0.7087	0.1079	0.2640	0.1439	0.1201	0.0524	0.0451	0.0073	0.2116	0.0988	0.1128	0.0318	0.0103	1.3495	0.0136	0.0128	0.0000	32.0533	0.0000	144.9157	0.0006	0.0010	0.0001	0.0030	0.0033	0.0010	0.0000	0.0000	0.0000
45	99	0.2323	6	1	0	1	0	0	0	0	0	N	N	N	N	N	N	N	N	N	N	N	N	22.3186	16.5206	23.5043	0.3155	0.3163	0.1867	19.2079	0.9446	30.5986	0.1236	0.1318	0.0398	0.0003	0.0003	0.0000	0.2553	0.2873	0.0535	0.0055	0.0080	0.0017	0.0010	0.0010	0.0000	0.0133	0.3042	0.0017	0.0295	0.5461	-0.0153	-0.0000	13.5293	2.7834	3.1702	1.0450	0.0590	0.0573	0.0017	0.0001	0.0001	0.0000	0.0590	0.0573	0.0017	0.0001	0.0001	0.0000	0.0000	0.0000	0.0000	0.0001	0.0001	0.0000	0.4775	0.4351	0.0424	0.2466	0.2358	0.0108	0.2309	0.1993	0.0316	0.0670	0.0376	0.0294	0.0215	0.0206	0.0009	0.0456	0.0170	0.0285	58.6617	54.2254	23.5043	0.3155	0.3163	0.1867	97.1017	69.9466	30.5986	0.0021	0.0024	0.0017	0.0010	0.0010	0.0000	0.0026	0.0041	0.0017
45	100	0.2222	5	1	0	1	0	0	0	0	0	N	N	N	N	N	N	N	N	N	N	N	N	18.0841	17.5697	15.3328	15.2453	17.6191	1.0322	18.5869	6.3846	25.7097	0.0084	0.0087	0.0051	0.0109	0.0112	0.0015	0.0066	0.0068	0.0056	0.0005	0.0005	0.0003	0.0007	0.0006	0.0015	0.0004	0.0011	0.0002	0.0626	0.5905	-0.0016	-0.0000	13.5293	7.6044	3.1702	2.7972	0.0072	0.0067	0.0004	0.0038	0.0038	0.0000	0.0034	0.0030	0.0004	0.0001	0.0000	0.0000	0.0001	0.0000	0.0000	0.0000	0.0000	0.0000	0.8569	0.7734	0.0835	0.3482	0.3366	0.0117	0.5087	0.4368	0.0719	0.2174	0.1315	0.0859	0.0818	0.0743	0.0076	0.1356	0.0573	0.0783	23.8419	23.9259	15.3328	15.2453	17.6191	1.0322	50.4609	565.3958	25.7097	0.0004	0.0004	0.0003	0.0007	0.0006	0.0015	0.0001	0.0000	0.0002
45	101	0.1726	4	1	0	1	0	0	0	0	0	N	N	N	N	N	N	N	N	N	N	N	N	3.3165	1.8529	28.6764	6.2284	5.6263	0.2287	2.9741	0.3177	31.3056	0.0127	0.0106	0.0281	0.0281	0.0292	0.0003	0.0087	0.0052	0.0301	0.0038	0.0057	0.0010	0.0045	0.0052	0.0012	0.0029	0.0165	0.0010	0.3554	0.3627	-0.0004	-0.0002	13.5293	18.4780	3.1702	12.4520	0.0153	0.0113	0.0040	0.0070	0.0070	0.0000	0.0084	0.0043	0.0040	0.0006	0.0005	0.0002	0.0004	0.0004	0.0000	0.0002	0.0001	0.0002	1.2086	1.0655	0.1431	0.2484	0.2389	0.0095	0.9601	0.8265	0.1336	0.4090	0.2375	0.1715	0.0972	0.0845	0.0127	0.3118	0.1530	0.1588	8.2170	5.4408	28.6764	7.0420	6.6263	0.2287	11.1241	8.7887	31.3056	0.0015	0.0020	0.0010	0.0040	0.0044	0.0012	0.0008	0.0006	0.0010
45	102	0.5378	8	1	1	1	0	0	0	0	0	N	N	N	N	N	N	N	N	N	N	N	N	227.2602	175.2973	0.0006	303.2377	351.2412	0.0003	0.6837	0.2015	0.0003	0.2642	0.2912	0.0000	0.5559	0.5858	0.0000	0.0002	0.0002	0.0000	0.0012	0.0017	0.0004	0.0018	0.0017	0.0032	0.0002	0.0009	0.0002	0.0000	0.3493	-0.1896	-0.0001	13.5293	34.1922	3.1702	22.4626	0.6602	0.6602	0.0000	0.6600	0.6600	0.0000	0.0002	0.0002	0.0000	0.0003	0.0002	0.0001	0.0003	0.0002	0.0000	0.0000	0.0000	0.0000	2.4985	2.2671	0.2313	1.1874	1.1268	0.0606	1.3111	1.1404	0.1707	0.4462	0.2728	0.1734	0.1436	0.1280	0.0157	0.3026	0.1448	0.1578	407.4012	370.3498	0.0006	303.2377	351.2412	0.0003	1.7691	23.3056	0.0003	0.0006	0.0008	0.0004	0.0018	0.0017	0.0032	0.0001	0.0000	0.0002
45	103	0.4900	7	1	1	1	0	0	0	0	0	N	N	N	N	N	N	N	N	N	N	N	N	29.6568	18.8483	3.7430	55.6597	49.6885	0.5978	0.7699	0.3515	4.5832	0.2442	0.2703	0.0060	0.5629	0.5942	0.0006	0.0031	0.0024	0.0076	0.0082	0.0143	0.0016	0.0101	0.0120	0.0010	0.0040	0.0068	0.0017	0.0024	0.2973	-0.1034	-0.0003	13.5293	22.5884	3.1702	11.0115	0.3633	0.3625	0.0009	0.3607	0.3607	0.0000	0.0026	0.0018	0.0009	0.0007	0.0006	0.0002	0.0006	0.0006	0.0000	0.0002	0.0000	0.0002	1.4876	1.3410	0.1467	0.6408	0.6071	0.0337	0.8468	0.7339	0.1129	0.2597	0.1524	0.1072	0.0798	0.0704	0.0094	0.1799	0.0821	0.0978	84.6492	71.3437	3.7430	79.4754	75.2241	0.5978	3.0206	9.0473	4.5832	0.0029	0.0038	0.0016	0.0071	0.0079	0.0010	0.0010	0.0003	0.0017
45	104	0.4599	6	1	0	1	0	0	0	0	0	N	N	N	N	N	N	N	N	N	N	N	N	7.8910	171.3959	1.8623	191.4554	236.8779	0.0024	0.2655	1.6117	2.6078	0.0515	0.0554	0.0158	0.1145	0.1205	0.0000	0.0046	0.0022	0.0202	0.0065	0.0003	0.0085	0.0006	0.0005	0.0012	0.0174	0.0014	0.0078	0.0311	14.1399	-0.0105	0.0001	13.5293	11.8100	3.1702	8.7888	0.0408	0.0396	0.0012	0.0387	0.0387	0.0000	0.0021	0.0009	0.0012	0.0004	0.0000	0.0004	0.0000	0.0000	0.0000	0.0004	0.0000	0.0004	0.7913	0.7136	0.0778	0.3380	0.3211	0.0170	0.4533	0.3925	0.0608	0.1771	0.1058	0.0712	0.0606	0.0530	0.0076	0.1165	0.0528	0.0636	21.5026	209.2556	2.8423	191.4554	236.8779	0.0024	1.3859	108.0721	3.3249	0.0024	0.0003	0.0056	0.0006	0.0005	0.0012	0.0033	0.0000	0.0061
45	105	0.4238	5	1	0	1	0	0	0	0	0	N	N	N	N	N	N	N	N	N	N	N	N	11975.3314	9658.3031	0.0000	62.9089	59.6636	0.0000	40745.7427	inf	0.0000	1.2040	1.3451	0.0000	0.0181	0.0191	0.0000	1.8382	2.1185	0.0000	0.0001	0.0001	0.0000	0.0003	0.0003	0.0000	0.0000	0.0000	0.0000	0.0000	0.1920	-0.2885	-0.0000	13.5293	14.7392	3.1702	7.3617	1.0047	1.0047	0.0000	0.0053	0.0053	0.0000	0.9995	0.9995	0.0000	0.0000	0.0000	0.0000	0.0000	0.0000	0.0000	0.0000	0.0000	0.0000	0.8345	0.7469	0.0875	0.2908	0.2752	0.0156	0.5437	0.4718	0.0719	0.1879	0.1146	0.0733	0.0552	0.0494	0.0058	0.1327	0.0652	0.0675	11975.3314	9725.2379	0.0000	62.9089	59.6636	0.0000	81407.8074	inf	0.0000	0.0001	0.0001	0.0000	0.0003	0.0003	0.0000	0.0000	0.0000	0.0000
45	106	0.4966	8	1	1	1	0	0	0	0	0	N	N	N	N	N	N	N	N	N	N	N	N	3969.7315	17943.7653	12.8120	11763.0271	11530.8594	7.9482	111.1414	inf	16.8294	0.1825	0.2009	0.0011	0.3477	0.3675	0.0001	0.0155	0.0176	0.0016	0.0000	0.0000	0.0001	0.0000	0.0000	0.0000	0.0001	0.0000	0.0001	0.0006	6.4722	-0.0786	0.0000	13.5293	20.0414	3.1702	7.0324	0.2742	0.2740	0.0002	0.2626	0.2626	0.0000	0.0116	0.0114	0.0002	0.0000	0.0000	0.0000	0.0000	0.0000	0.0000	0.0000	0.0000	0.0000	1.5029	1.3644	0.1385	0.7553	0.7146	0.0407	0.7476	0.6498	0.0978	0.2005	0.1102	0.0903	0.0438	0.0387	0.0051	0.1567	0.0715	0.0853	3969.7315	17943.7653	12.8120	11763.0271	11530.8594	7.9482	306.7119	inf	16.8294	0.0000	0.0000	0.0001	0.0000	0.0000	0.0000	0.0001	0.0000	0.0001
45	107	0.4865	7	1	0	1	0	0	0	0	0	N	N	N	N	N	N	N	N	N	N	N	N	1596.4762	794.0550	605.2501	623.9349	588.6177	862.2723	2688.2335	11110.3275	351.1511	0.5177	0.5650	0.0439	0.6931	0.7311	0.0750	0.2670	0.3056	0.0251	0.0003	0.0007	0.0001	0.0011	0.0012	0.0001	0.0001	0.0000	0.0001	0.0077	0.1341	-0.1144	-0.0000	13.5293	7.0315	3.1702	1.2144	0.4095	0.4064	0.0031	0.3226	0.3206	0.0020	0.0869	0.0858	0.0011	0.0000	0.0000	0.0000	0.0000	0.0000	0.0000	0.0000	0.0000	0.0000	0.7910	0.7192	0.0718	0.4655	0.4385	0.0270	0.3255	0.2807	0.0448	0.0635	0.0348	0.0287	0.0141	0.0125	0.0016	0.0494	0.0223	0.0271	1868.7885	1267.2938	605.2501	623.9349	588.6177	862.2723	6791.0763	4131876.0612	351.1511	0.0003	0.0004	0.0001	0.0011	0.0012	0.0001	0.0000	0.0000	0.0001
45	108	0.4529	6	1	0	1	0	0	0	0	0	N	N	N	N	N	N	N	N	N	N	N	N	19964.8652	18095.0673	1406.5176	2415.5778	1955.5657	9806.5393	27032.2924	143217.9651	1295.6403	1.1594	1.2836	0.0603	0.2913	0.3047	0.0358	1.6633	1.9052	0.0657	0.0001	0.0001	0.0000	0.0001	0.0002	0.0000	0.0001	0.0000	0.0001	0.0053	0.4978	-0.3209	-0.0000	13.5293	16.2725	3.1702	4.4748	1.1385	1.1325	0.0060	0.1050	0.1044	0.0006	1.0335	1.0281	0.0054	0.0000	0.0000	0.0000	0.0000	0.0000	0.0000	0.0000	0.0000	0.0000	0.9820	0.8823	0.0997	0.3606	0.3427	0.0180	0.6214	0.5396	0.0817	0.1751	0.0963	0.0788	0.0567	0.0436	0.0131	0.1184	0.0527	0.0657	19964.8652	18202.7856	1406.5176	2415.5778	1955.5657	9806.5393	59081.3786	52669952.4877	1295.6403	0.0001	0.0001	0.0000	0.0001	0.0002	0.0000	0.0000	0.0000	0.0001
45	109	0.5057	7	1	1	1	0	0	0	0	0	N	N	N	N	N	N	N	N	N	N	N	N	793.2450	1127.5036	0.0016	1145.0389	2433.1686	0.0007	114.1591	8.3642	0.0001	0.5895	0.6545	0.0000	1.4049	1.4879	0.0000	0.0433	0.0496	0.0000	0.0007	0.0006	0.0006	0.0012	0.0006	0.0058	0.0004	0.0059	0.0001	0.0000	0.9640	-0.3878	-0.0000	13.5293	40.5309	3.1702	14.7974	1.3505	1.3505	0.0000	1.2911	1.2911	0.0000	0.0594	0.0594	0.0000	0.0002	0.0001	0.0001	0.0001	0.0001	0.0001	0.0000	0.0000	0.0000	2.2908	2.0633	0.2275	0.9190	0.8678	0.0513	1.3718	1.1956	0.1762	0.3935	0.2333	0.1602	0.1195	0.1054	0.0141	0.2740	0.1279	0.1461	1253.5380	1620.6544	0.0016	1145.0389	2433.1686	0.0007	308.8186	213.3783	0.0001	0.0005	0.0004	0.0006	0.0012	0.0006	0.0058	0.0001	0.0002	0.0001
45	110	0.4798	6	1	1	1	0	0	0	0	0	N	N	N	N	N	N	N	N	N	N	N	N	6.7908	4.6264	0.1955	14.2668	13.3481	4.9944	1.6500	0.3760	0.0454	0.0144	0.0159	0.0001	0.0317	0.0334	0.0003	0.0018	0.0021	0.0000	0.0021	0.0034	0.0005	0.0022	0.0025	0.0001	0.0011	0.0056	0.0005	0.0006	0.2122	-0.0036	-0.0001	13.5293	13.5236	3.1702	3.5331	0.0125	0.0125	0.0000	0.0116	0.0116	0.0000	0.0009	0.0009	0.0000	0.0001	0.0001	0.0000	0.0001	0.0001	0.0000	0.0000	0.0000	0.0000	0.8725	0.7877	0.0848	0.3661	0.3468	0.0193	0.5064	0.4409	0.0655	0.1494	0.0913	0.0581	0.0513	0.0453	0.0060	0.0981	0.0459	0.0522	14.3073	11.7270	0.1955	14.2668	13.3481	4.9944	5.0047	9.4834	0.0454	0.0010	0.0014	0.0005	0.0022	0.0025	0.0001	0.0004	0.0002	0.0005
45	111	0.4238	5	1	0	1	0	0	0	0	0	N	N	N	N	N	N	N	N	N	N	N	N	535.9743	307.4906	0.2268	476.9467	420.4432	1240.4483	2609.5679	16682.2730	0.0834	2.0962	2.3415	0.0001	3.0106	3.1812	0.0003	1.6081	1.8527	0.0000	0.0039	0.0076	0.0004	0.0063	0.0076	0.0000	0.0006	0.0001	0.0004	0.0000	0.1121	-0.5741	-0.0002	13.5293	16.9399	3.1702	15.9768	1.9996	1.9996	0.0000	0.9995	0.9995	0.0000	1.0001	1.0001	0.0000	0.0004	0.0004	0.0000	0.0004	0.0004	0.0000	0.0000	0.0000	0.0000	0.9539	0.8540	0.0999	0.3320	0.3142	0.0178	0.6219	0.5398	0.0821	0.2631	0.1571	0.1060	0.0748	0.0663	0.0085	0.1883	0.0908	0.0975	1331.7487	988.0082	0.2268	604.7817	566.6548	1240.4483	7248.4527	5159913.9188	0.0834	0.0016	0.0024	0.0004	0.0050	0.0056	0.0000	0.0002	0.0000	0.0004
45	112	0.5282	9	2	1	1	1	0	0	0	0	Y	N	N	N	N	N	N	N	N	N	N	N	64.9223	33.8501	4069.3558	80.9033	67.7198	11468.8876	0.0000	0.0000	0.2044	0.2298	0.0042	0.4153	0.4270	0.0322	0.0000	0.0000	0.0000	0.0031	0.0068	0.0000	0.0051	0.0063	0.0000	0.0000	0.0000	0.0000	0.0023	0.0003	-0.0000	-0.0000	13.5293	0.0019	3.1702	1.9928	0.0001	0.0001	0.0000	0.0001	0.0001	0.0000	0.0000	0.0000	0.0000	0.0000	0.0000	0.0000	0.0000	0.0000	0.0000	0.0000	0.0000	0.0000	0.0003	0.0003	0.0000	0.0001	0.0001	0.0000	0.0001	0.0001	0.0000	0.0149	0.0090	0.0059	0.0045	0.0040	0.0005	0.0103	0.0050	0.0053	152.2901	103.5727	4069.3558	94.7942	86.0144	11468.8876	0.0000	0.0000	0.0000	0.0013	0.0022	0.0000	0.0044	0.0050	0.0000	0.0000	0.0000	0.0000	
45	113	0.5046	8	2	1	1	1	0	0	0	0	Y	N	N	N	N	N	N	N	N	N	N	N	487.5410	390.8491	0.0000	976.8510	1011.4553	0.0000	0.0186	0.4162	0.0000	1.1504	1.2749	0.0000	2.7125	2.8552	0.0000	0.0000	0.0000	0.0000	0.0024	0.0033	0.0008	0.0028	0.0028	0.0024	0.0011	0.0001	0.0007	0.0000	0.4731	-0.1795	-0.0000	13.5293	8.6942	3.1702	6.0502	0.6251	0.6251	0.0000	0.6251	0.6251	0.0000	0.0000	0.0000	0.0000	0.0001	0.0001	0.0000	0.0001	0.0001	0.0000	0.0000	0.0000	0.0000	0.5434	0.4903	0.0531	0.2305	0.2189	0.0115	0.3130	0.2714	0.0416	0.1149	0.0658	0.0491	0.0338	0.0297	0.0041	0.0811	0.0361	0.0450	1068.5566	999.4015	0.0000	976.8510	1011.4553	0.0000	0.0562	153.7476	0.0000	0.0011	0.0013	0.0008	0.0028	0.0028	0.0024	0.0004	0.0000	0.0007
45	114	0.5257	12	1	1	1	1	0	0	0	0	N	N	N	N	N	N	N	N	N	N	N	N	0.0000	0.0000	0.0000	0.0000	0.0000	0.0000	0.0000	0.0000	0.0000	0.0000	0.0000	0.0000	0.0000	0.0009	0.0026	0.0000	0.0012	0.0012	0.0000	0.0000	0.0000	0.0000	0.0000	0.0000	-0.0000	13.5293	0.0001	3.1702	0.0001	0.0000	0.0000	0.0000	0.0000	0.0000	0.0000	0.0000	0.0000	0.0000	0.0000	0.0000	0.0000	0.0000	0.0000	0.0000	0.0000	0.0000	0.0000	0.0000	0.0000	0.0000	0.0000	0.0000	0.0000	0.0000	0.0000	0.0000	0.0000	0.0000	0.0000	0.0000	0.0000	0.0000	0.0000	0.0000	0.0000	0.0000	0.0000	0.0000	0.0000	0.0000	0.0000	0.0000	0.0000	0.0000	0.0006	0.0011	0.0000	0.0012	0.0012	0.0000	0.0000	0.0000	0.0000						
45	115	0.5191	11	1	1	1	1	0	0	0	0	N	N	N	N	N	N	N	N	N	N	N	N	0.0000	0.0000	0.0000	0.0000	0.0000	0.0000	0.0000	0.0000	0.0000	0.0000	0.0000	0.0000	0.0000	0.0043	0.0102	0.0000	0.0076	0.0091	0.0000	0.0000	0.0000	0.0000	0.0000	0.0000	-0.0000	13.5293	3.0007	3.1702	1.0012	0.0000	0.0000	0.0000	0.0000	0.0000	0.0000	0.0000	0.0000	0.0000	0.0000	0.0000	0.0000	0.0000	0.0000	0.0000	0.0000	0.0000	0.0000	0.1758	0.1579	0.0179	0.0688	0.0652	0.0036	0.1070	0.0928	0.0142	0.0298	0.0169	0.0128	0.0089	0.0077	0.0012	0.0209	0.0092	0.0117	0.0000	0.0000	0.0000	0.0000	0.0000	0.0000	0.0000	0.0000	0.0000	0.0017	0.0030	0.0000	0.0056	0.0065	0.0000	0.0000	0.0000	0.0000						
45	116	0.5172	10	1	0	1	1	0	0	0	0	N	N	N	N	N	N	N	N	N	N	N	N	0.0000	0.0000	0.0000	0.0000	0.0000	0.0000	0.0000	0.0000	0.0000	0.0000	0.0000	0.0000	0.0000	0.0000	0.0000	0.0000	0.0000	0.0000	0.0000	0.0000	0.0000	0.0000	0.0000	0.0000	0.0000	0.1179	0.0000	-0.0000	13.5293	1.1177	3.1702	0.0023	0.0000	0.0000	0.0000	0.0000	0.0000	0.0000	0.0000	0.0000	0.0000	0.0000	0.0000	0.0000	0.0000	0.0000	0.0000	0.0000	0.0000	0.0000	0.0689	0.0621	0.0068	0.0288	0.0273	0.0015	0.0401	0.0348	0.0053	0.0084	0.0048	0.0036	0.0025	0.0022	0.0003	0.0059	0.0026	0.0033	0.0000	0.0000	0.0000	0.0000	0.0000	0.0000	0.0000	0.0000	0.0000	0.0000	0.0000	0.0000	0.0000	0.0000	0.0000	0.0000	0.0000	0.0000			
45	117	0.3335	4	1	1	1	0	0	0	0	0	N	N	N	N	N	N	N	N	N	N	N	N	58.9242	26.0537	0.0003	29.4710	27.1276	0.0002	1685.2801	2799.2833	0.0003	0.5527	0.6179	0.0000	0.7482	0.7834	0.0000	0.4866	0.5567	0.0000	0.0094	0.0237	0.0004	0.0254	0.0289	0.0041	0.0003	0.0002	0.0002	0.0000	0.0563	-0.2990	-0.0010	13.5293	31.2782	3.1702	23.9277	1.0414	1.0414	0.0000	0.3564	0.3564	0.0000	0.6850	0.6850	0.0000	0.0017	0.0016	0.0001	0.0017	0.0016	0.0000	0.0000	0.0000	0.0000	1.8842	1.6854	0.1988	0.4764	0.4549	0.0214	1.4078	1.2305	0.1774	0.5509	0.3159	0.2350	0.1201	0.1088	0.0113	0.4308	0.2072	0.2236	176.3548	119.4335	0.0003	53.4558	52.1291	0.0002	4565.5998	819779.0697	0.0003	0.0031	0.0052	0.0004	0.0140	0.0150	0.0041	0.0001	0.0000	0.0002
45	118	0.5172	10	1	0	2	1	0	0	0	0	N	N	Y	N	N	N	N	N	N	N	N	N	0.0000	0.0000	0.0000	0.0000	0.0000	0.0000	0.0000	0.0000	0.0000	0.0000	0.0000	0.0000	0.0000	0.0000	0.0000	0.0000	0.0000	0.0000	0.0000	0.0000	0.0000	0.0000	inf	0.0000	0.0000	13.5293	3.8827	3.1702	2.9998	0.0000	0.0000	0.0000	0.0000	0.0000	0.0000	0.0000	0.0000	0.0000	0.0000	0.0000	0.0000	0.0000	0.0000	0.0000	0.0000	0.0000	0.0000	0.2301	0.2069	0.0232	0.0917	0.0869	0.0048	0.1384	0.1200	0.0184	0.0508	0.0289	0.0219	0.0151	0.0131	0.0020	0.0357	0.0158	0.0200	0.0000	0.0000	0.0000	0.0000	0.0000	0.0000	0.0000	0.0000	0.0000	0.0000	0.0000	0.0000	0.0000	0.0000	0.0000	0.0000	0.0000	0.0000						
45	119	0.5143	9	1	0	1	1	0	0	0	0	N	N	N	N	N	N	N	N	N	N	N	N	956.5675	681.8077	0.0000	723.4197	663.6326	0.0000	0.0000	0.0030	0.0033	0.0000	0.0066	0.0070	0.0000	0.0000	0.0000	0.0000	0.0000	0.0000	0.0000	0.0000	0.0000	0.0000	0.0000	0.0000	0.0000	0.0000	0.1339	-0.0002	-0.0000	13.5293	2.8083	3.1702	0.0030	0.0006	0.0006	0.0000	0.0006	0.0006	0.0000	0.0000	0.0000	0.0000	0.0000	0.0000	0.0000	0.0000	0.0000	0.0000	0.0000	0.0000	0.0000	0.2023	0.1834	0.0189	0.0904	0.0858	0.0046	0.1119	0.0976	0.0143	0.0210	0.0120	0.0090	0.0063	0.0055	0.0008	0.0148	0.0065	0.0082	956.5675	681.8077	0.0000	723.4197	663.6326	0.0000	0.0000	0.0000	0.0000	0.0000	0.0000	0.0000	0.0000	0.0000	0.0000	0.0000	0.0000	0.0000		
45	120	0.5143	9	1	0	2	1	0	0	0	0	N	N	Y	N	N	N	N	N	N	N	N	N	1151.0669	814.3423	0.0000	937.5851	860.2824	0.0000	0.0000	0.0010	0.0011	0.0000	0.0025	0.0026	0.0000	0.0000	0.0000	0.0000	0.0000	0.0000	0.0000	0.0000	0.0000	0.0000	0.0000	0.0000	0.0000	0.0000	0.1201	-0.0002	-0.0000	13.5293	9.6158	3.1702	0.0030	0.0006	0.0006	0.0000	0.0006	0.0006	0.0000	0.0000	0.0000	0.0000	0.0000	0.0000	0.0000	0.0000	0.0000	0.0000	0.0000	0.0000	0.0000	0.5893	0.5312	0.0582	0.2406	0.2280	0.0127	0.3487	0.3032	0.0455	0.0707	0.0402	0.0304	0.0210	0.0182	0.0027	0.0497	0.0220	0.0277	1151.0669	814.3423	0.0000	937.5851	860.2824	0.0000	0.0000	0.0000	0.0000	0.0000	0.0000	0.0000	0.0000	0.0000	0.0000	0.0000	0.0000	0.0000		
45	121	0.5046	8	1	0	1	1	0	0	0	0	N	N	N	N	N	N	N	N	N	N	N	N	3415.7980	1692.7708	0.2801	3009.6748	2819.5265	99.3105	0.5405	0.4368	0.0000	1.2864	1.4183	0.0000	2.7436	2.8799	0.0001	0.0000	0.0000	0.0000	0.0004	0.0008	0.0001	0.0009	0.0010	0.0000	0.0001	0.0001	0.0001	0.0000	0.0771	-0.1077	-0.0000	13.5293	4.2457	3.1702	2.0144	0.3751	0.3751	0.0000	0.3751	0.3751	0.0000	0.0000	0.0000	0.0000	0.0000	0.0000	0.0000	0.0000	0.0000	0.0000	0.0000	0.0000	0.0000	0.2916	0.2645	0.0271	0.1367	0.1302	0.0065	0.1549	0.1342	0.0206	0.0535	0.0310	0.0225	0.0166	0.0148	0.0018	0.0369	0.0162	0.0207	4218.3439	2906.6545	0.2801	3009.6748	2819.5265	99.3105	1.3140	134.7656	0.0000	0.0003	0.0005	0.0001	0.0009	0.0010	0.0000	0.0000	0.0000	0.0001
45	122	0.4625	7	1	0	1	1	0	0	0	0	N	N	N	N	N	N	N	N	N	N	N	N	1.4235	1.0699	0.0006	2.1117	2.0597	0.0000	748.5584	314.1859	0.0007	0.6621	0.7342	0.0000	1.5984	1.6790	0.0000	0.0406	0.0468	0.0000	0.4651	0.6862	0.0000	0.7569	0.8152	0.0000	0.0001	0.0001	0.0000	0.0000	0.0006	-0.1407	-0.0041	13.5293	11.9190	3.1702	13.1740	0.4899	0.4899	0.0000	0.4718	0.4718	0.0000	0.0181	0.0181	0.0000	0.0065	0.0065	0.0000	0.0065	0.0065	0.0000	0.0000	0.0000	0.0000	0.7399	0.6672	0.0727	0.2952	0.2810	0.0142	0.4448	0.3862	0.0585	0.1870	0.1031	0.0839	0.0462	0.0405	0.0057	0.1408	0.0626	0.0782	19.0284	11.6404	0.0006	11.3517	10.4563	0.0000	1551.6729	95111.5863	0.0007	0.0348	0.0631	0.0000	0.1408	0.1606	0.0000	0.0000	0.0000	0.0000
45	123	0.2325	7	1	0	2	1	0	0	0	0	N	N	Y	N	N	N	N	N	N	N	N	N	0.2489	0.1514	0.0000	0.0040	0.0036	6317525.1234	inf	0.0000	1.0913	1.2191	0.0000	0.1002	0.1043	0.0000	1.4358	1.6461	0.0000	4.3850	8.0525	0.0000	24.9356	29.0730	0.0000	0.0000	0.0000	0.0000	0.0000	0.0000	-0.2739	-0.4693	13.5293	12.8936	3.1702	4.1514	0.9538	0.9538	0.0000	0.0226	0.0226	0.0000	0.9312	0.9312	0.0000	0.7468	0.7468	0.0000	0.7468	0.7468	0.0000	0.0000	0.0000	0.0000	0.8739	0.7823	0.0916	0.2254	0.2166	0.0087	0.6486	0.5657	0.0829	0.1703	0.0927	0.0776	0.0299	0.0257	0.0043	0.1404	0.0671	0.0733	0.2489	0.1514	0.0000	0.0040	0.0036	0.0000	6317525.1234	inf	0.0000	4.3850	8.0525	0.0000	24.9356	29.0730	0.0000	0.0000	0.0000	0.0000	
45	124	0.4778	8	1	1	1	0	0	0	0	0	N	N	N	N	N	N	N	N	N	N	N	N	0.0192	303.0104	0.0000	1.2322	454.7766	0.0000	0.0000	inf	0.0000	0.0205	0.0228	0.0000	0.0540	0.0568	0.0000	0.0000	0.0000	0.0000	1.0706	0.0001	3.5003	0.0438	0.0001	1.3250	1.3080	0.0000	3.6015	0.0000	10993.7614	-0.0045	0.0412	13.5293	12.7386	3.1702	8.7370	0.0156	0.0156	0.0000	0.0156	0.0156	0.0000	0.0000	0.0000	0.0000	0.1108	0.0000	0.1108	0.0018	0.0000	0.0018	0.1090	0.0000	0.1090	0.7606	0.6849	0.0757	0.2889	0.2747	0.0142	0.4717	0.4102	0.0615	0.2497	0.1339	0.1158	0.0855	0.0807	0.0048	0.1642	0.0532	0.1109	0.0463	303.0104	0.0000	2.6083	454.7766	0.0000	0.0000	inf	0.0000	0.4438	0.0001	0.9571	0.0207	0.0001	0.3645	0.6641	0.0000	0.9829
45	125	0.4625	7	1	1	1	0	0	0	0	0	N	N	N	N	N	N	N	N	N	N	N	N	0.0553	1.2743	0.0000	17.6826	31.4937	0.0000	0.0001	0.0017	0.0000	0.6979	0.7723	0.0000	1.6818	1.7634	0.0000	0.0018	0.0021	0.0000	12.6160	0.6061	40.0564	0.0951	0.0560	0.1925	17.0020	1.2188	42.1032	0.0000	456.6253	-0.1123	0.3735	13.5293	8.6431	3.1702	1.4782	0.3912	0.3912	0.0000	0.3906	0.3906	0.0000	0.0006	0.0006	0.0000	1.0108	0.0022	1.0086	0.0007	0.0005	0.0003	1.0101	0.0018	1.0083	0.5605	0.5065	0.0540	0.2322	0.2215	0.0108	0.3282	0.2850	0.0433	0.0801	0.0441	0.0360	0.0207	0.0181	0.0026	0.0594	0.0260	0.0334	0.0553	15.4264	0.0000	48.4638	70.0667	0.0000	0.0001	0.0307	0.0000	12.6160	0.0501	28.0150	0.0347	0.0252	0.1009	17.0020	0.0674	30.1947
45	126	0.4529	6	1	0	1	0	0	0	0	0	N	N	N	N	N	N	N	N	N	N	N	N	3.6784	106.6343	0.0001	12960.0735	9362.1007	0.2368	0.3841	0.6048	0.0000	2.1607	2.3899	0.0000	4.9710	5.1793	0.0000	0.3270	0.3768	0.0001	0.5874	0.0224	0.7363	0.0004	0.0006	0.0000	0.8513	0.6231	1.1644	0.0000	17.8266	-0.1939	0.0012	13.5293	4.1618	3.1702	2.0491	0.6752	0.6752	0.0000	0.6134	0.6134	0.0000	0.0618	0.0618	0.0000	0.0036	0.0002	0.0034	0.0000	0.0000	0.0000	0.0036	0.0002	0.0034	0.3125	0.2825	0.0300	0.1234	0.1184	0.0050	0.1891	0.1641	0.0250	0.0699	0.0384	0.0315	0.0323	0.0219	0.0104	0.0376	0.0165	0.0211	41.7702	477.5934	0.0004	12960.0735	9362.1007	0.2368	3.4136	34.4927	0.0003	0.0517	0.0050	0.1086	0.0004	0.0006	0.0000	0.0958	0.0109	0.1619
45	127	0.4238	5	1	0	1	0	0	0	0	0	N	N	N	N	N	N	N	N	N	N	N	N	1198.8243	20646.6455	4977.1754	65.6325	62.4286	212.0011	779.1922	inf	6035.4542	3.5668	1.9319	17.4661	0.0127	0.0133	0.0007	5.4762	3.0567	21.2621	0.0030	0.0001	0.0035	0.0002	0.0002	0.0000	0.0070	0.0000	0.0035	1.0634	21.2165	0.4427	0.0001	13.5293	9.4810	3.1702	7.4917	1.9398	0.9401	0.9997	0.0024	0.0024	0.0000	1.9374	0.9377	0.9997	0.0002	0.0000	0.0002	0.0000	0.0000	0.0000	0.0002	0.0000	0.0002	0.5438	0.4866	0.0572	0.1901	0.1798	0.0102	0.3538	0.3068	0.0470	0.1510	0.0937	0.0573	0.0455	0.0410	0.0045	0.1055	0.0527	0.0528	2764.9673	20646.6455	5379.7394	65.6325	62.4286	212.0011	3105.3793	inf	6035.4542	0.0013	0.0001	0.0032	0.0002	0.0002	0.0000	0.0018	0.0000	0.0035
45	128	0.2447	8	2	1	1	0	0	0	0	0	Y	N	N	N	N	N	N	N	N	N	N	N	145234.6362	90773.8171	inf	110577.6586	99682.2943	inf	inf	inf	0.0559	0.0634	0.0000	0.2484	0.2644	0.0000	0.0002	0.0002	0.0000	0.0000	0.0000	0.0000	0.0000	0.0000	0.0000	0.0000	0.0000	0.0000	0.0000	0.0000	-0.0020	-0.0000	13.5293	2.0107	3.1702	1.9995	0.0069	0.0069	0.0000	0.0069	0.0069	0.0000	0.0000	0.0000	0.0000	0.0000	0.0000	0.0000	0.0000	0.0000	0.0000	0.0000	0.0000	0.0000	0.1236	0.1090	0.0145	0.0278	0.0261	0.0017	0.0958	0.0830	0.0128	0.0400	0.0220	0.0179	0.0069	0.0058	0.0011	0.0331	0.0162	0.0169	145234.6362	90773.8171	inf	110577.6586	99682.2943	inf	inf	inf	0.0000	0.0000	0.0000	0.0000	0.0000	0.0000	0.0000	0.0000	0.0000	0.0000	
45	129	0.2325	7	2	1	1	0	0	0	0	0	Y	N	N	N	N	N	N	N	N	N	N	N	5100.5442	8679.5587	6.6523	177.0663	404.4908	3.7051	3842668.8227	inf	0.0000	2.2336	2.4705	0.0030	0.3082	0.3171	0.0314	3.0302	3.4546	0.0000	0.0004	0.0003	0.0004	0.0017	0.0008	0.0085	0.0000	0.0000	0.0000	0.0001	1.5401	-0.2902	-0.0000	13.5293	5.6459	3.1702	1.1399	1.0113	1.0111	0.0001	0.0408	0.0407	0.0001	0.9704	0.9704	0.0000	0.0000	0.0000	0.0000	0.0000	0.0000	0.0000	0.0000	0.0000	0.0000	0.4528	0.4093	0.0435	0.1325	0.1284	0.0041	0.3203	0.2809	0.0393	0.0732	0.0399	0.0334	0.0142	0.0124	0.0018	0.0591	0.0275	0.0316	6621.0711	10125.5932	6.6523	177.0663	404.4908	3.7051	3842668.8227	inf	0.0000	0.0003	0.0002	0.0004	0.0017	0.0008	0.0085	0.0000	0.0000	0.0000
45	130	0.2022	6	1	0	1	0	0	0	0	0	N	N	N	N	N	N	N	N	N	N	N	N	17.3237	17.1472	0.0049	22.8575	21.9351	0.1067	10.9173	inf	0.0001	0.0119	0.0134	0.0000	0.0257	0.0265	0.0000	0.0070	0.0082	0.0000	0.0007	0.0008	0.0004	0.0011	0.0012	0.0003	0.0006	0.0000	0.0004	0.0000	0.6659	-0.0031	-0.0000	13.5293	11.6079	3.1702	5.3766	0.0108	0.0108	0.0000	0.0061	0.0061	0.0000	0.0047	0.0047	0.0000	0.0001	0.0001	0.0000	0.0001	0.0001	0.0000	0.0000	0.0000	0.0000	0.9078	0.8077	0.1000	0.2380	0.2311	0.0069	0.6698	0.5767	0.0931	0.2342	0.1362	0.0980	0.0575	0.0524	0.0051	0.1767	0.0838	0.0929	26.5322	28.8863	0.0049	22.8575	21.9351	0.1067	30.5850	inf	0.0001	0.0004	0.0005	0.0004	0.0011	0.0012	0.0003	0.0002	0.0000	0.0004
45	131	0.1843	5	1	0	1	0	0	0	0	0	N	N	N	N	N	N	N	N	N	N	N	N	7.6549	21.4293	15.3062	54.7665	56.7055	0.5968	2.1497	13.2611	21.3159	0.0438	0.0355	0.1010	0.0970	0.0995	0.0012	0.0235	0.0073	0.1068	0.0057	0.0017	0.0066	0.0018	0.0018	0.0020	0.0109	0.0005	0.0050	0.4075	3.2997	0.0000	0.0001	13.5293	3.9355	3.1702	8.7078	0.0149	0.0106	0.0043	0.0091	0.0091	0.0000	0.0058	0.0015	0.0043	0.0005	0.0001	0.0004	0.0001	0.0001	0.0000	0.0004	0.0000	0.0004	0.3407	0.2980	0.0427	0.0937	0.0914	0.0023	0.2470	0.2066	0.0404	0.2333	0.1480	0.0854	0.0706	0.0661	0.0044	0.1628	0.0818	0.0809	20.4254	45.2380	22.4803	54.7665	56.7055	0.5968	10.2194	2415.5235	23.0707	0.0021	0.0008	0.0045	0.0018	0.0018	0.0020	0.0023	0.0000	0.0046
45	132	0.1726	4	1	0	1	0	0	0	0	0	N	N	N	N	N	N	N	N	N	N	N	N	2.5969	2.2164	13.3853	9.5547	8.6558	2.0568	1.3794	0.4381	15.5933	0.0320	0.0209	0.1129	0.0540	0.0554	0.0039	0.0246	0.0074	0.1195	0.0123	0.0094	0.0084	0.0057	0.0064	0.0019	0.0178	0.0170	0.0077	0.7435	1.1601	0.0022	-0.0001	13.5293	6.2657	3.1702	3.9760	0.0161	0.0092	0.0069	0.0069	0.0069	0.0000	0.0092	0.0024	0.0069	0.0008	0.0004	0.0004	0.0004	0.0003	0.0000	0.0005	0.0000	0.0004	0.5027	0.4419	0.0608	0.1275	0.1240	0.0035	0.3752	0.3178	0.0574	0.2164	0.1356	0.0808	0.0773	0.0678	0.0095	0.1391	0.0679	0.0712	8.3427	7.3706	20.4353	11.5591	10.9379	2.0568	7.2752	12.2138	19.8687	0.0038	0.0028	0.0055	0.0047	0.0051	0.0019	0.0034	0.0006	0.0060
45	133	0.0953	3	1	0	1	0	0	0	0	0	N	N	N	N	N	N	N	N	N	N	N	N	0.8152	1.9666	0.0237	0.3604	0.5031	0.0033	0.8459	271.9166	0.0280	0.5714	0.6473	0.0280	0.0964	0.1010	0.0017	0.6857	0.7933	0.0301	0.7009	0.3292	1.1813	0.2674	0.2007	0.5203	0.8106	0.0029	1.0755	0.0060	6.3780	-0.2876	0.0128	13.5293	26.7012	3.1702	18.2690	1.0229	1.0167	0.0061	0.0335	0.0334	0.0000	0.9894	0.9833	0.0061	0.0544	0.0074	0.0470	0.0088	0.0074	0.0014	0.0456	0.0000	0.0456	1.7902	1.5707	0.2195	0.3472	0.3312	0.0161	1.4429	1.2395	0.2034	0.6868	0.3888	0.2980	0.1447	0.1373	0.0074	0.5421	0.2515	0.2906	7.2156	34.1403	0.1775	1.5850	1.8854	0.0087	8.1539	9322.0896	0.1918	0.0792	0.0190	0.1577	0.0608	0.0535	0.1952	0.0841	0.0001	0.1568
46	48	0.5935	9	1	1	1	0	0	0	0	0	N	N	N	N	N	N	N	N	N	N	N	N	137.1645	82.4930	0.9309	127.5798	116.2547	83.8901	353.8942	125.8907	0.1924	1.5078	1.6524	0.0015	1.3639	1.4302	0.0046	1.6491	1.8911	0.0003	0.0110	0.0200	0.0016	0.0107	0.0123	0.0001	0.0047	0.0150	0.0017	0.0001	0.1983	-0.1523	-0.0001	4.1147	12.3962	1.2946	3.7178	0.5304	0.5304	0.0000	0.2378	0.2377	0.0000	0.2926	0.2926	0.0000	0.0002	0.0002	0.0000	0.0002	0.0002	0.0000	0.0000	0.0000	0.0000	0.3518	0.3210	0.0308	0.1743	0.1662	0.0081	0.1775	0.1547	0.0227	0.0550	0.0345	0.0204	0.0205	0.0189	0.0016	0.0345	0.0156	0.0189	428.5769	353.6714	0.9309	182.8362	177.1649	83.8901	1407.2602	3484.2985	0.1924	0.0035	0.0047	0.0016	0.0075	0.0081	0.0001	0.0012	0.0005	0.0017
46	49	0.5646	8	1	0	1	0	0	0	0	0	N	N	N	N	N	N	N	N	N	N	N	N	0.0920	0.0419	5.8150	2.9310	2.3137	20.5919	0.0343	0.0125	0.4619	0.0164	0.0148	0.0336	0.0214	0.0168	0.1216	0.0112	0.0125	0.0019	0.1780	0.3528	0.0058	0.0073	0.0073	0.0059	0.3259	1.0005	0.0041	0.2101	0.1202	-0.0008	-0.0005	4.1147	14.4870	1.2946	5.8627	0.0072	0.0060	0.0013	0.0048	0.0036	0.0012	0.0024	0.0024	0.0001	0.0010	0.0009	0.0001	0.0001	0.0001	0.0000	0.0009	0.0008	0.0001	0.4409	0.4035	0.0374	0.2236	0.2137	0.0099	0.2173	0.1898	0.0275	0.0711	0.0445	0.0266	0.0271	0.0246	0.0025	0.0441	0.0199	0.0242	1.1182	0.7080	7.9871	3.8972	3.0771	20.5919	0.5518	0.3135	0.4681	0.0146	0.0209	0.0042	0.0055	0.0055	0.0059	0.0203	0.0400	0.0040
46	50	0.5608	9	2	1	2	0	0	0	0	0	Y	N	Y	N	N	N	N	N	N	N	N	N	2.0469	inf	2.2563	inf	inf	inf	0.0322	inf	0.0005	0.0091	0.0086	0.0136	0.0182	0.0165	0.0590	0.0004	0.0004	0.0000	0.0044	0.0000	0.0060	0.0000	0.0000	0.0000	0.0122	0.0000	0.0050	0.1460	inf	-0.0000	0.0000	4.1147	0.9856	1.2946	2.8295	0.0002	0.0002	0.0000	0.0002	0.0002	0.0000	0.0000	0.0000	0.0000	0.0000	0.0000	0.0000	0.0000	0.0000	0.0000	0.0000	0.0000	0.0000	0.0253	0.0232	0.0021	0.0123	0.0118	0.0005	0.0130	0.0113	0.0016	0.0114	0.0068	0.0046	0.0035	0.0032	0.0002	0.0080	0.0036	0.0044	5.1890	inf	3.1379	inf	inf	inf	0.1558	inf	0.0006	0.0017	0.0000	0.0043	0.0000	0.0000	0.0000	0.0025	0.0000	0.0046
46	51	0.1739	5	2	1	1	0	0	0	0	0	Y	N	N	N	N	N	N	N	N	N	N	N	0.0057	0.0073	0.0038	0.0197	0.0181	0.0134	0.0004	0.0026	0.0040	0.0000	0.0000	0.0000	0.0001	0.0001	0.0000	0.0000	0.0000	0.0000	0.0070	0.0059	0.0038	0.0057	0.0063	0.0012	0.0075	0.0005	0.0035	0.0386	1.1443	-0.0000	-0.0000	4.1147	13.3057	1.2946	8.6321	0.0000	0.0000	0.0000	0.0000	0.0000	0.0000	0.0000	0.0000	0.0000	0.0003	0.0001	0.0001	0.0001	0.0001	0.0000	0.0001	0.0000	0.0001	0.4182	0.3745	0.0437	0.1422	0.1388	0.0034	0.2760	0.2357	0.0403	0.1052	0.0628	0.0425	0.0276	0.0254	0.0022	0.0777	0.0373	0.0403	0.0156	0.0214	0.0042	0.0239	0.0230	0.0134	0.0017	0.5046	0.0040	0.0026	0.0020	0.0034	0.0047	0.0050	0.0012	0.0018	0.0000	0.0035
46	52	0.6956	11	1	1	1	1	0	0	0	0	N	N	N	N	N	N	N	N	N	N	N	N	0.2193	0.2700	0.9086	0.4008	0.5516	0.3529	0.2614	0.1644	0.0160	0.0010	0.0008	0.0026	0.0014	0.0010	0.0059	0.0004	0.0005	0.0000	0.0045	0.0031	0.0028	0.0034	0.0019	0.0167	0.0016	0.0029	0.0008	0.3189	1.2604	-0.0000	-0.0000	4.1147	2.1073	1.2946	0.0711	0.0001	0.0000	0.0000	0.0001	0.0000	0.0000	0.0000	0.0000	0.0000	0.0000	0.0000	0.0000	0.0000	0.0000	0.0000	0.0000	0.0000	0.0000	0.0629	0.0570	0.0059	0.0375	0.0350	0.0026	0.0254	0.0221	0.0033	0.0071	0.0046	0.0025	0.0032	0.0029	0.0003	0.0039	0.0017	0.0022	0.5562	0.6817	0.9086	0.4103	0.5516	0.3529	0.8373	5.6319	0.0160	0.0018	0.0012	0.0028	0.0034	0.0019	0.0167	0.0005	0.0001	0.0008
46	53	0.6332	10	1	0	1	1	0	0	0	0	N	N	N	N	N	N	N	N	N	N	N	N	4.7246	2.7124	335.3887	10.4279	7.6851	18974.0736	5.9967	0.9739	5.7592	1.6346	1.3556	4.3180	2.3080	1.8360	8.2219	0.3024	0.3392	0.0646	0.3460	0.4998	0.0129	0.2213	0.2389	0.0004	0.0504	0.3483	0.0112	0.3311	0.1410	-0.0424	-0.0009	4.1147	21.8329	1.2946	8.0592	1.1049	0.8301	0.2748	1.0363	0.7634	0.2729	0.0686	0.0667	0.0020	0.0019	0.0016	0.0002	0.0015	0.0015	0.0000	0.0003	0.0001	0.0002	0.6760	0.6123	0.0637	0.4490	0.4158	0.0332	0.2270	0.1965	0.0305	0.0799	0.0490	0.0308	0.0283	0.0259	0.0024	0.0515	0.0231	0.0284	70.4720	40.9364	581.7542	43.1888	31.4255	18974.0736	46.0901	71.1740	8.0496	0.0232	0.0331	0.0074	0.0534	0.0584	0.0004	0.0066	0.0048	0.0080
46	54	0.2864	7	1	1	1	1	0	0	0	0	N	N	N	N	N	N	N	N	N	N	N	N	0.0000	0.0000	0.0000	0.0000	0.0000	0.0000	0.0000	0.0000	0.0000	0.0000	0.0000	0.0000	0.0000	0.0000	0.0000	0.0000	0.0000	0.0000	0.0000	0.0000	4.1147	0.0000	1.2946	0.0000	0.0000	0.0000	0.0000	0.0000	0.0000	0.0000	0.0000	0.0000	0.0000	0.0000	0.0000	0.0000	0.0000	0.0000	0.0000	0.0000	0.0000	0.0000	0.0000	0.0000	0.0000	0.0000	0.0000	0.0000	0.0000	0.0000	0.0000	0.0000	0.0000	0.0000	0.0000	0.0000	0.0000	0.0000	0.0000	0.0000	0.0000	0.0000	0.0000	0.0000	0.0000	0.0000	0.0000	0.0000	0.0000	0.0000	0.0000	0.0000	0.0000	0.0000	0.0000	0.0000	0.0000	0.0000											
46	55	0.6332	10	1	0	1	1	0	0	0	0	N	N	N	N	N	N	N	N	N	N	N	N	214.9390	609.4244	0.4872	227.8227	332.0316	0.1162	193.9402	612.2481	1.2019	0.1587	0.1809	0.0004	0.1273	0.1461	0.0003	0.2406	0.2691	0.0009	0.0007	0.0003	0.0009	0.0006	0.0004	0.0023	0.0012	0.0004	0.0008	0.0003	1.8304	-0.0033	0.0000	4.1147	1.2825	1.2946	0.1503	0.0113	0.0113	0.0000	0.0066	0.0066	0.0000	0.0048	0.0048	0.0000	0.0000	0.0000	0.0000	0.0000	0.0000	0.0000	0.0000	0.0000	0.0000	0.0714	0.0627	0.0088	0.0516	0.0449	0.0067	0.0198	0.0177	0.0021	0.0053	0.0035	0.0019	0.0021	0.0020	0.0001	0.0032	0.0015	0.0017	341.9352	719.9549	0.4872	227.8227	332.0316	0.1162	598.2588	136585.5584	1.2019	0.0005	0.0003	0.0009	0.0006	0.0004	0.0023	0.0004	0.0000	0.0008
46	56	0.5922	9	1	0	1	1	0	0	0	0	N	N	N	N	N	N	N	N	N	N	N	N	15.6304	12.1592	70.2740	23.8557	18.8849	177.3265	13.7976	39.9874	1.3446	0.0443	0.0405	0.0794	0.0524	0.0441	0.1568	0.0289	0.0333	0.0016	0.0028	0.0033	0.0011	0.0022	0.0023	0.0009	0.0021	0.0008	0.0012	0.2086	0.4894	-0.0027	-0.0000	4.1147	14.8542	1.2946	6.8183	0.0234	0.0194	0.0040	0.0181	0.0141	0.0040	0.0053	0.0053	0.0000	0.0001	0.0001	0.0000	0.0001	0.0001	0.0000	0.0000	0.0000	0.0000	0.5295	0.4785	0.0510	0.3451	0.3196	0.0256	0.1843	0.1589	0.0254	0.0768	0.0489	0.0279	0.0304	0.0275	0.0029	0.0464	0.0214	0.0250	35.4641	30.7992	70.2740	23.8557	18.8849	177.3265	46.1709	4802.6163	1.3446	0.0012	0.0013	0.0011	0.0022	0.0023	0.0009	0.0006	0.0000	0.0012
46	57	0.5173	8	1	0	1	1	0	0	0	0	N	N	N	N	N	N	N	N	N	N	N	N	4.9269	21.1650	0.1603	54.2858	50.6523	10.6896	2.9807	128.1059	0.1485	1.0728	1.1915	0.0118	1.2708	1.3833	0.0137	0.8284	0.9436	0.0103	0.2177	0.0563	0.0739	0.0234	0.0273	0.0013	0.2779	0.0074	0.0696	0.0011	2.4590	-0.3065	0.0002	4.1147	33.5853	1.2946	9.3450	1.0715	1.0703	0.0012	0.7012	0.7006	0.0006	0.3704	0.3698	0.0006	0.0022	0.0006	0.0015	0.0006	0.0006	0.0000	0.0016	0.0000	0.0015	0.9988	0.8983	0.1005	0.5517	0.5064	0.0453	0.4471	0.3919	0.0552	0.1331	0.0807	0.0524	0.0467	0.0424	0.0043	0.0864	0.0383	0.0481	65.6926	152.9918	0.4017	95.2955	94.9408	10.6896	46.1519	3234.3976	0.3226	0.0163	0.0078	0.0295	0.0133	0.0146	0.0013	0.0179	0.0003	0.0320
46	58	0.4965	7	1	0	1	0	0	0	0	0	N	N	N	N	N	N	N	N	N	N	N	N	38.6663	63.2122	0.9074	106.0697	106.1743	5.5782	25.8714	26.4690	0.5484	1.4015	1.5408	0.0187	1.4144	1.4996	0.0385	1.3888	1.5845	0.0096	0.0362	0.0244	0.0206	0.0133	0.0141	0.0069	0.0537	0.0599	0.0174	0.0012	1.3557	-0.1961	-0.0000	4.1147	15.2419	1.2946	2.5705	0.6859	0.6850	0.0008	0.3439	0.3434	0.0005	0.3420	0.3417	0.0003	0.0004	0.0002	0.0002	0.0002	0.0002	0.0000	0.0003	0.0000	0.0002	0.4894	0.4446	0.0448	0.2431	0.2290	0.0142	0.2463	0.2156	0.0306	0.0561	0.0337	0.0225	0.0191	0.0174	0.0018	0.0370	0.0163	0.0207	187.6398	291.4490	1.7436	161.9903	168.1839	5.5782	203.7726	1126.9796	0.8646	0.0075	0.0053	0.0107	0.0087	0.0089	0.0069	0.0068	0.0014	0.0111
46	59	0.2864	7	1	0	1	1	0	0	0	0	N	N	N	N	N	N	N	N	N	N	N	N	0.0000	0.0000	0.0000	0.0000	0.0000	0.0000	0.0000	0.0000	0.0000	0.0000	0.0000	0.0000	0.0000	0.0000	0.0000	0.0000	0.0000	0.0000	0.0000	-0.0000	4.1147	0.0000	1.2946	0.0000	0.0000	0.0000	0.0000	0.0000	0.0000	0.0000	0.0000	0.0000	0.0000	0.0000	0.0000	0.0000	0.0000	0.0000	0.0000	0.0000	0.0000	0.0000	0.0000	0.0000	0.0000	0.0000	0.0000	0.0000	0.0000	0.0000	0.0000	0.0000	0.0000	0.0000	0.0000	0.0000	0.0000	0.0000	0.0000	0.0000	0.0000	0.0000	0.0000	0.0000	0.0000	0.0000	0.0000	0.0000	0.0000	0.0000	0.0000	0.0000	0.0000	0.0000	0.0000	0.0000	0.0000	0.0000											
46	60	0.2090	6	1	0	1	1	0	0	0	0	N	N	N	N	N	N	N	N	N	N	N	N	0.1793	0.0819	0.0009	0.0239	0.0223	0.0000	2.0634	0.2778	0.0012	0.0014	0.0015	0.0000	0.0004	0.0004	0.0000	0.0017	0.0020	0.0000	0.0077	0.0189	0.0004	0.0152	0.0168	0.0016	0.0008	0.0072	0.0003	0.0000	0.0584	-0.0001	-0.0002	4.1147	19.3360	1.2946	7.9957	0.0005	0.0005	0.0000	0.0000	0.0000	0.0000	0.0004	0.0004	0.0000	0.0003	0.0003	0.0000	0.0003	0.0003	0.0000	0.0000	0.0000	0.0000	0.3361	0.3003	0.0358	0.0859	0.0831	0.0028	0.2502	0.2172	0.0330	0.1055	0.0613	0.0442	0.0282	0.0259	0.0023	0.0773	0.0354	0.0419	0.4962	0.3415	0.0009	0.0377	0.0362	0.0000	5.9767	7.0618	0.0012	0.0028	0.0045	0.0004	0.0096	0.0103	0.0016	0.0003	0.0003	0.0003
46	61	0.3751	6	1	1	2	0	0	0	0	0	N	N	Y	N	N	N	N	N	N	N	N	N	0.1521	0.2936	0.0005	0.0832	0.0862	0.1178	0.1826	41.1375	0.0002	0.1724	0.1926	0.0020	0.0443	0.0456	0.0106	0.2496	0.2928	0.0007	1.1335	0.6559	3.8292	0.5328	0.5288	0.0900	1.3664	0.0071	3.8991	0.0012	16.9500	-0.0189	0.0281	4.1147	14.2360	1.2946	11.9336	0.0660	0.0659	0.0001	0.0064	0.0063	0.0001	0.0596	0.0596	0.0000	0.0889	0.0050	0.0839	0.0050	0.0049	0.0001	0.0839	0.0000	0.0838	0.3828	0.3423	0.0406	0.1439	0.1387	0.0052	0.2389	0.2035	0.0354	0.1547	0.0846	0.0701	0.0504	0.0490	0.0014	0.1043	0.0356	0.0687	0.3001	3.2900	0.0017	0.4446	0.4518	0.1830	0.3105	1047.1007	0.0006	0.5745	0.0585	1.1970	0.0997	0.1009	0.0580	0.8037	0.0003	1.2202
46	62	0.4837	8	2	0	2	0	0	0	0	0	Y	N	Y	N	N	N	N	N	N	N	N	N	0.2839	1.0297	0.1512	6.1811	6.0704	1.2189	0.0138	8.8897	0.2078	0.1215	0.1313	0.0411	0.3104	0.3254	0.0111	0.0073	0.0006	0.0471	0.4280	0.1275	0.2719	0.0502	0.0536	0.0091	0.5283	0.0001	0.2267	0.0380	3.7877	-0.0176	0.0007	4.1147	28.8660	1.2946	13.2209	0.0703	0.0677	0.0026	0.0676	0.0675	0.0001	0.0026	0.0002	0.0025	0.0041	0.0009	0.0032	0.0009	0.0009	0.0000	0.0032	0.0000	0.0032	0.5784	0.5158	0.0626	0.2180	0.2075	0.0104	0.3604	0.3083	0.0521	0.1302	0.0773	0.0529	0.0382	0.0356	0.0026	0.0920	0.0417	0.0503	3.8737	11.8955	0.6729	13.5291	13.5843	1.2189	0.2093	3198.1883	0.7385	0.0314	0.0110	0.0611	0.0229	0.0240	0.0091	0.0349	0.0000	0.0638
46	63	0.4810	7	2	1	1	0	0	0	0	0	Y	N	N	N	N	N	N	N	N	N	N	N	1.0028	1.2389	1.3952	2.6462	2.4936	1.9627	0.5200	4.2354	2.0833	0.0105	0.0106	0.0092	0.0148	0.0153	0.0029	0.0072	0.0067	0.0106	0.0105	0.0086	0.0066	0.0056	0.0061	0.0015	0.0139	0.0016	0.0051	0.0836	1.2030	-0.0003	-0.0000	4.1147	5.0237	1.2946	8.0282	0.0014	0.0013	0.0001	0.0009	0.0009	0.0000	0.0006	0.0004	0.0001	0.0002	0.0001	0.0001	0.0001	0.0001	0.0000	0.0001	0.0000	0.0001	0.1345	0.1227	0.0118	0.0578	0.0557	0.0021	0.0768	0.0671	0.0097	0.0493	0.0289	0.0204	0.0167	0.0155	0.0012	0.0325	0.0133	0.0192	3.0750	4.0138	2.0564	3.1980	3.1263	1.9627	2.5952	241.5769	2.2647	0.0034	0.0026	0.0045	0.0046	0.0049	0.0015	0.0028	0.0000	0.0047
46	64	0.4180	6	2	1	1	0	0	0	0	0	Y	N	N	N	N	N	N	N	N	N	N	N	0.9551	0.0774	32.3167	0.6799	0.4050	3.8279	1.5487	0.0194	51.5887	0.2983	0.0095	3.1957	0.0357	0.0180	0.4188	0.4942	0.0026	3.9261	0.3123	0.1230	0.0989	0.0525	0.0445	0.1094	0.3191	0.1343	0.0761	33.4316	2.3458	0.0950	0.0002	4.1147	17.5893	1.2946	19.0270	0.1390	0.0040	0.1349	0.0071	0.0034	0.0037	0.1319	0.0006	0.1313	0.0025	0.0008	0.0018	0.0009	0.0007	0.0002	0.0017	0.0001	0.0016	0.4659	0.4237	0.0422	0.1991	0.1903	0.0088	0.2668	0.2334	0.0334	0.1204	0.0709	0.0495	0.0367	0.0339	0.0028	0.0837	0.0370	0.0467	14.1167	0.8880	88.7222	1.5045	0.8951	6.2242	24.7281	1.2371	115.0149	0.0211	0.0107	0.0360	0.0237	0.0201	0.0673	0.0200	0.0021	0.0341
46	65	0.4117	5	1	1	1	0	0	0	0	0	N	N	N	N	N	N	N	N	N	N	N	N	0.0280	0.0123	1.3870	0.4915	0.4551	6.2340	0.0199	0.0002	1.8267	0.0144	0.0073	0.0815	0.0155	0.0156	0.0142	0.0135	0.0002	0.0938	0.5143	0.5963	0.0588	0.0316	0.0343	0.0023	0.6798	1.3037	0.0513	1.1786	0.2382	0.0002	-0.0005	4.1147	1.7566	1.2946	2.8742	0.0008	0.0004	0.0004	0.0004	0.0003	0.0000	0.0004	0.0000	0.0004	0.0011	0.0009	0.0002	0.0002	0.0002	0.0000	0.0009	0.0007	0.0002	0.0531	0.0481	0.0051	0.0230	0.0222	0.0008	0.0302	0.0259	0.0043	0.0265	0.0182	0.0083	0.0101	0.0098	0.0004	0.0164	0.0085	0.0079	0.3512	0.1517	3.2300	0.9424	0.9159	6.2340	0.2409	0.0026	3.5675	0.0410	0.0482	0.0252	0.0165	0.0170	0.0023	0.0562	0.0842	0.0263
46	66	0.3751	6	1	1	1	0	0	0	0	0	N	N	N	N	N	N	N	N	N	N	N	N	1.3280	2.1902	1.2603	8.5056	8.7401	1632.5423	0.7970	61.6015	1.3813	1.4621	1.1011	4.6774	2.1500	2.1934	0.9533	1.0555	0.3768	5.2274	1.1010	0.5027	3.7112	0.2528	0.2510	0.0006	1.3243	0.0061	3.7845	0.4769	26.4826	0.0286	0.0291	4.1147	21.1811	1.2946	10.1862	0.7995	0.5413	0.2582	0.4367	0.4299	0.0068	0.3628	0.1114	0.2514	0.0869	0.0032	0.0837	0.0032	0.0032	0.0000	0.0837	0.0000	0.0837	0.5468	0.4916	0.0552	0.2031	0.1960	0.0071	0.3437	0.2956	0.0481	0.1716	0.0943	0.0773	0.0539	0.0522	0.0017	0.1177	0.0421	0.0756	2.8894	32.8748	4.3193	36.7845	36.3786	1632.5423	1.4846	1571.5742	4.7233	0.5060	0.0335	1.0829	0.0584	0.0603	0.0006	0.7110	0.0002	1.1067
46	67	0.3613	5	1	1	1	0	0	0	0	0	N	N	N	N	N	N	N	N	N	N	N	N	0.0012	0.0045	0.0033	0.0018	0.0016	44.7577	0.0014	4.2708	0.0032	0.0238	0.0072	0.1909	0.0065	0.0058	0.0260	0.0345	0.0081	0.2196	19.9110	1.5857	57.6389	3.6743	3.7216	0.0006	24.4995	0.0019	67.7719	2.6394	32.2702	0.0022	0.2236	4.1147	7.4253	1.2946	0.9851	0.0049	0.0014	0.0036	0.0005	0.0004	0.0001	0.0044	0.0009	0.0035	0.6545	0.0197	0.6348	0.0197	0.0197	0.0000	0.6348	0.0000	0.6348	0.2071	0.1883	0.0187	0.0793	0.0765	0.0028	0.1278	0.1118	0.0159	0.0329	0.0188	0.0141	0.0070	0.0065	0.0005	0.0259	0.0123	0.0137	0.0012	0.0069	0.0042	0.0023	0.0019	44.7577	0.0014	194.5387	0.0047	19.9110	1.0487	44.9805	2.8267	3.0272	0.0006	24.4995	0.0000	46.4991
46	68	0.5646	8	1	0	2	0	0	0	0	0	N	N	Y	N	N	N	N	N	N	N	N	N	1.4639	0.7187	16.2492	4.4564	1.9782	111.5838	0.0446	0.0229	0.7370	0.0214	0.0105	0.1400	0.0416	0.0197	0.5156	0.0008	0.0001	0.0053	0.0146	0.0146	0.0086	0.0093	0.0100	0.0046	0.0169	0.0043	0.0072	1.2364	0.8760	0.0026	-0.0001	4.1147	15.0354	1.2946	6.2061	0.0097	0.0043	0.0054	0.0096	0.0043	0.0052	0.0002	0.0000	0.0001	0.0003	0.0002	0.0002	0.0002	0.0002	0.0000	0.0001	0.0000	0.0001	0.4539	0.4155	0.0384	0.2298	0.2196	0.0101	0.2241	0.1958	0.0283	0.0735	0.0460	0.0276	0.0279	0.0254	0.0025	0.0457	0.0206	0.0250	4.7582	2.7256	24.9589	6.2633	2.8812	111.5838	0.2358	0.6520	0.9292	0.0045	0.0038	0.0056	0.0066	0.0068	0.0046	0.0032	0.0001	0.0057
46	69	0.4965	7	1	0	1	0	0	0	0	0	N	N	N	N	N	N	N	N	N	N	N	N	0.0410	0.0388	0.3165	0.3180	0.1826	16.7209	0.0103	0.2068	0.0129	0.0196	0.0135	0.0827	0.0351	0.0213	0.2892	0.0055	0.0058	0.0029	0.4793	0.3481	0.2613	0.1104	0.1165	0.0173	0.5319	0.0283	0.2211	0.5936	1.9457	0.0013	0.0001	4.1147	27.6811	1.2946	13.1592	0.0152	0.0095	0.0056	0.0129	0.0074	0.0055	0.0022	0.0021	0.0001	0.0043	0.0015	0.0028	0.0015	0.0014	0.0001	0.0028	0.0000	0.0028	0.7717	0.7034	0.0682	0.3686	0.3496	0.0190	0.4031	0.3539	0.0492	0.1188	0.0709	0.0478	0.0394	0.0358	0.0036	0.0794	0.0352	0.0442	0.5409	0.6552	1.3892	0.9246	0.5310	16.7209	0.1546	6.6693	0.0453	0.0363	0.0206	0.0595	0.0380	0.0401	0.0173	0.0355	0.0009	0.0630
46	70	0.4617	6	1	0	1	0	0	0	0	0	N	N	N	N	N	N	N	N	N	N	N	N	1.3714	2.9600	0.3817	4.3683	4.3741	1.5359	0.7133	7.6055	0.4185	0.0319	0.0342	0.0075	0.0351	0.0362	0.0094	0.0290	0.0322	0.0069	0.0233	0.0116	0.0197	0.0080	0.0083	0.0061	0.0407	0.0042	0.0166	0.0206	1.9771	-0.0048	0.0000	4.1147	19.6565	1.2946	4.0504	0.0179	0.0175	0.0004	0.0094	0.0093	0.0001	0.0085	0.0082	0.0003	0.0005	0.0002	0.0003	0.0002	0.0002	0.0000	0.0003	0.0000	0.0003	0.5592	0.5112	0.0480	0.2668	0.2558	0.0110	0.2923	0.2554	0.0369	0.0814	0.0501	0.0313	0.0289	0.0265	0.0023	0.0525	0.0235	0.0290	5.3546	10.5055	0.7307	5.8223	6.0158	1.5359	4.8990	216.3897	0.6537	0.0060	0.0033	0.0103	0.0060	0.0060	0.0061	0.0059	0.0001	0.0106
46	71	0.3645	6	2	1	1	0	0	0	0	0	Y	N	N	N	N	N	N	N	N	N	N	N	142.2089	2701.4635	139.3177	1877.3321	1862.1495	41.3055	25.9576	201.2439	159.1695	0.0170	0.0150	0.0379	0.0279	0.0289	0.0002	0.0103	0.0056	0.0448	0.0001	0.0000	0.0003	0.0000	0.0000	0.0000	0.0004	0.0000	0.0003	0.2422	36.6641	-0.0007	0.0000	4.1147	17.5448	1.2946	6.0013	0.0081	0.0065	0.0016	0.0051	0.0051	0.0000	0.0030	0.0014	0.0016	0.0000	0.0000	0.0000	0.0000	0.0000	0.0000	0.0000	0.0000	0.0000	0.4746	0.4331	0.0416	0.1821	0.1757	0.0064	0.2925	0.2574	0.0351	0.0866	0.0495	0.0371	0.0189	0.0176	0.0013	0.0678	0.0319	0.0359	142.2089	2701.4635	139.3177	1877.3321	1862.1495	41.3055	69.1270	74258.8771	159.1695	0.0001	0.0000	0.0003	0.0000	0.0000	0.0000	0.0001	0.0000	0.0003
46	72	0.4329	9	2	1	2	0	0	0	0	0	Y	N	Y	N	N	N	N	N	N	N	N	N	0.0020	0.0012	0.0000	0.0001	0.0001	0.0000	3.9633	inf	0.0000	0.0000	0.0000	0.0000	0.0000	0.0000	0.0000	0.0000	0.0000	0.0000	0.0006	0.0011	0.0000	0.0012	0.0013	0.0000	0.0000	0.0000	0.0000	0.0000	0.0008	-0.0000	-0.0000	4.1147	1.8980	1.2946	2.9698	0.0000	0.0000	0.0000	0.0000	0.0000	0.0000	0.0000	0.0000	0.0000	0.0000	0.0000	0.0000	0.0000	0.0000	0.0000	0.0000	0.0000	0.0000	0.0412	0.0369	0.0043	0.0128	0.0124	0.0004	0.0284	0.0245	0.0039	0.0242	0.0163	0.0079	0.0081	0.0077	0.0004	0.0161	0.0086	0.0075	0.0029	0.0022	0.0000	0.0001	0.0001	0.0000	3.9633	inf	0.0000	0.0004	0.0006	0.0000	0.0012	0.0013	0.0000	0.0000	0.0000	0.0000
46	73	0.4134	8	2	0	2	0	0	0	0	0	Y	N	Y	N	N	N	N	N	N	N	N	N	0.0136	0.0276	0.0013	0.0029	0.0047	0.0004	0.0527	0.0462	0.0000	0.0000	0.0000	0.0000	0.0000	0.0000	0.0000	0.0001	0.0002	0.0000	0.0023	0.0014	0.0017	0.0024	0.0015	0.0192	0.0017	0.0036	0.0010	0.0132	1.3836	-0.0000	-0.0000	4.1147	3.5853	1.2946	4.3819	0.0000	0.0000	0.0000	0.0000	0.0000	0.0000	0.0000	0.0000	0.0000	0.0000	0.0000	0.0000	0.0000	0.0000	0.0000	0.0000	0.0000	0.0000	0.6045	0.4885	0.1160	0.4271	0.3912	0.0359	0.1773	0.0973	0.0801	0.0364	0.0231	0.0133	0.0103	0.0098	0.0005	0.0261	0.0133	0.0127	0.0295	0.0545	0.0013	0.0029	0.0047	0.0004	0.1725	1.4693	0.0000	0.0011	0.0007	0.0017	0.0024	0.0015	0.0192	0.0005	0.0001	0.0010
46	74	0.3819	7	2	0	2	0	0	0	0	0	Y	N	Y	N	N	N	N	N	N	N	N	N	122.0405	191.5882	413.5660	365.5670	361.0045	215.8825	58.1984	40.8701	582.8251	1.6091	1.3309	4.6424	2.1027	2.1510	0.7275	1.2582	0.6911	5.4305	0.0132	0.0069	0.0112	0.0058	0.0060	0.0034	0.0216	0.0169	0.0093	0.3199	2.0040	-0.0260	0.0000	4.1147	12.3589	1.2946	7.3592	0.5808	0.4400	0.1408	0.3154	0.3117	0.0037	0.2654	0.1284	0.1371	0.0003	0.0001	0.0002	0.0001	0.0001	0.0000	0.0002	0.0000	0.0002	0.3609	0.3306	0.0303	0.1500	0.1449	0.0051	0.2110	0.1857	0.0252	0.0743	0.0449	0.0294	0.0187	0.0175	0.0012	0.0556	0.0274	0.0282	394.7758	592.8491	675.3785	446.4072	448.1879	215.8825	325.7323	1136.7245	773.7888	0.0041	0.0022	0.0069	0.0047	0.0048	0.0034	0.0039	0.0006	0.0070
46	75	0.3645	6	2	0	2	0	0	0	0	0	Y	N	Y	N	N	N	N	N	N	N	N	N	1.5613	2.1572	9.2622	5.0412	4.5414	14.2410	0.4495	0.1548	6.2519	0.0073	0.0056	0.0259	0.0141	0.0120	0.0695	0.0028	0.0009	0.0170	0.0047	0.0026	0.0028	0.0028	0.0026	0.0049	0.0062	0.0055	0.0027	0.4340	1.9469	0.0000	0.0000	4.1147	10.2127	1.2946	1.0234	0.0022	0.0015	0.0007	0.0017	0.0014	0.0003	0.0005	0.0001	0.0004	0.0001	0.0000	0.0001	0.0000	0.0000	0.0000	0.0001	0.0000	0.0000	0.2984	0.2730	0.0254	0.1196	0.1153	0.0043	0.1788	0.1577	0.0211	0.0426	0.0243	0.0183	0.0093	0.0086	0.0006	0.0333	0.0157	0.0176	4.0147	5.1510	9.2622	5.0412	4.5414	14.2410	1.7908	3.9390	6.2519	0.0018	0.0011	0.0028	0.0028	0.0026	0.0049	0.0015	0.0002	0.0027
46	76	0.3613	5	2	0	1	0	0	0	0	0	Y	N	N	N	N	N	N	N	N	N	N	N	47.2443	39.8310	1.0832	36.8532	35.9064	0.5793	2.6400	0.2733	1.2452	0.0061	0.0067	0.0001	0.0140	0.0146	0.0000	0.0005	0.0005	0.0001	0.0001	0.0002	0.0001	0.0004	0.0004	0.0000	0.0002	0.0019	0.0001	0.0013	0.3680	-0.0002	-0.0000	4.1147	3.7027	1.2946	0.0091	0.0007	0.0007	0.0000	0.0007	0.0007	0.0000	0.0000	0.0000	0.0000	0.0000	0.0000	0.0000	0.0000	0.0000	0.0000	0.0000	0.0000	0.0000	0.1121	0.1022	0.0098	0.0467	0.0450	0.0017	0.0654	0.0573	0.0081	0.0147	0.0084	0.0063	0.0031	0.0029	0.0002	0.0116	0.0055	0.0061	47.2443	40.3671	1.0832	36.8532	35.9064	0.5793	7.4214	13.1422	1.2452	0.0001	0.0002	0.0001	0.0004	0.0004	0.0000	0.0001	0.0000	0.0001
46	77	0.3443	4	1	0	1	0	0	0	0	0	N	N	N	N	N	N	N	N	N	N	N	N	0.0219	0.1292	0.3349	0.2174	0.3483	0.0768	0.0148	0.0235	0.4684	0.0030	0.0010	0.0220	0.0029	0.0026	0.0090	0.0031	0.0000	0.0240	0.1383	0.0081	0.0657	0.0131	0.0076	0.1165	0.2116	0.0003	0.0513	2.1932	7.9256	0.0001	0.0002	4.1147	3.8334	1.2946	6.1787	0.0003	0.0001	0.0002	0.0001	0.0001	0.0000	0.0002	0.0000	0.0002	0.0006	0.0001	0.0005	0.0001	0.0001	0.0000	0.0005	0.0000	0.0005	0.1119	0.1013	0.0106	0.0414	0.0400	0.0014	0.0704	0.0613	0.0091	0.0469	0.0273	0.0196	0.0126	0.0121	0.0006	0.0343	0.0152	0.0190	0.2333	0.4192	0.7990	0.3307	0.4676	0.1254	0.2146	6.7272	0.9166	0.0130	0.0025	0.0275	0.0086	0.0056	0.0714	0.0146	0.0000	0.0262
46	78	0.3052	3	1	0	1	0	0	0	0	0	N	N	N	N	N	N	N	N	N	N	N	N	0.0068	0.0153	0.0706	0.0380	0.0446	0.0306	0.0070	0.3775	0.0960	0.0020	0.0015	0.0067	0.0022	0.0020	0.0071	0.0019	0.0012	0.0066	0.2900	0.0989	0.0947	0.0579	0.0459	0.2322	0.2645	0.0032	0.0691	0.4322	2.3735	0.0000	0.0002	4.1147	16.9094	1.2946	5.8161	0.0009	0.0007	0.0003	0.0004	0.0003	0.0000	0.0006	0.0003	0.0002	0.0022	0.0007	0.0016	0.0009	0.0007	0.0002	0.0014	0.0000	0.0014	0.4764	0.4339	0.0425	0.1683	0.1632	0.0051	0.3080	0.2707	0.0374	0.1141	0.0692	0.0449	0.0340	0.0322	0.0019	0.0800	0.0370	0.0430	0.1003	0.1573	0.1898	0.0856	0.0993	0.0631	0.1081	12.6736	0.2082	0.0197	0.0096	0.0352	0.0257	0.0206	0.1126	0.0171	0.0001	0.0318
46	79	0.4117	5	1	1	1	0	0	0	0	0	N	N	N	N	N	N	N	N	N	N	N	N	0.0827	0.0298	2.0448	0.0885	0.0812	0.3930	0.1448	0.4499	2.3839	0.0011	0.0006	0.0058	0.0013	0.0013	0.0010	0.0009	0.0000	0.0068	0.0129	0.0202	0.0028	0.0149	0.0164	0.0025	0.0061	0.0001	0.0029	0.9343	0.3864	0.0001	-0.0002	4.1147	23.9173	1.2946	17.8091	0.0006	0.0003	0.0003	0.0003	0.0003	0.0000	0.0003	0.0000	0.0003	0.0005	0.0004	0.0002	0.0004	0.0004	0.0000	0.0001	0.0000	0.0001	0.5984	0.5454	0.0530	0.2487	0.2395	0.0092	0.3497	0.3059	0.0439	0.1366	0.0831	0.0535	0.0417	0.0387	0.0030	0.0949	0.0443	0.0505	0.2669	0.1276	2.0448	0.1376	0.1314	0.3930	0.5801	154.6590	2.3839	0.0040	0.0047	0.0028	0.0096	0.0101	0.0025	0.0015	0.0000	0.0029
46	80	0.3956	4	1	1	1	0	0	0	0	0	N	N	N	N	N	N	N	N	N	N	N	N	87.1604	130.8219	432.5451	313.2994	714.5329	0.6045	37.4239	0.0032	821.1880	1.6227	0.8908	9.1253	1.9244	2.0005	0.0266	1.4025	0.0003	11.1635	0.0186	0.0068	0.0211	0.0061	0.0028	0.0440	0.0375	0.0822	0.0136	0.9992	2.5337	0.0541	0.0000	4.1147	6.1279	1.2946	3.6878	0.2546	0.1273	0.1272	0.1274	0.1273	0.0001	0.1272	0.0000	0.1272	0.0002	0.0001	0.0001	0.0001	0.0000	0.0000	0.0001	0.0000	0.0001	0.1569	0.1429	0.0139	0.0662	0.0636	0.0026	0.0907	0.0793	0.0114	0.0396	0.0261	0.0135	0.0140	0.0131	0.0009	0.0256	0.0131	0.0126	312.4436	399.9020	833.7388	391.5208	714.5329	0.7419	262.3741	0.1601	1216.8299	0.0052	0.0022	0.0109	0.0049	0.0028	0.0358	0.0053	0.0017	0.0092
46	81	0.4837	8	2	0	2	0	0	0	0	0	Y	N	Y	N	N	N	N	N	N	N	N	N	39.9556	41.9686	43.8002	107.9221	133.0075	1.4590	6.0332	0.7850	68.7902	0.1308	0.1387	0.0656	0.3205	0.3360	0.0132	0.0154	0.0051	0.0761	0.0033	0.0033	0.0015	0.0030	0.0025	0.0090	0.0026	0.0065	0.0011	0.0577	0.7868	-0.0169	-0.0000	4.1147	27.2690	1.2946	12.3406	0.0726	0.0687	0.0040	0.0673	0.0672	0.0001	0.0053	0.0015	0.0038	0.0002	0.0001	0.0001	0.0001	0.0001	0.0000	0.0001	0.0000	0.0001	0.5554	0.4951	0.0604	0.2100	0.1999	0.0101	0.3454	0.2951	0.0503	0.1245	0.0740	0.0506	0.0366	0.0341	0.0025	0.0879	0.0398	0.0481	94.7207	106.6463	43.8002	107.9221	133.0075	1.4590	21.4495	20.2072	68.7902	0.0014	0.0013	0.0015	0.0030	0.0025	0.0090	0.0007	0.0003	0.0011
46	82	0.4683	7	1	0	1	0	0	0	0	0	N	N	N	N	N	N	N	N	N	N	N	N	1.9496	2.0525	13.4020	3.0910	3.1073	1.6100	2.2117	0.5273	34.0514	0.0145	0.0086	0.0804	0.0102	0.0104	0.0057	0.0267	0.0028	0.1527	0.0074	0.0042	0.0060	0.0033	0.0034	0.0036	0.0121	0.0053	0.0045	0.8321	1.9537	0.0015	0.0000	4.1147	9.0798	1.2946	0.9519	0.0087	0.0048	0.0040	0.0045	0.0044	0.0001	0.0042	0.0004	0.0038	0.0001	0.0000	0.0001	0.0000	0.0000	0.0000	0.0001	0.0000	0.0001	0.6014	0.5522	0.0492	0.4451	0.4209	0.0242	0.1563	0.1313	0.0250	0.0328	0.0191	0.0136	0.0092	0.0085	0.0007	0.0235	0.0106	0.0129	5.3867	5.5289	18.7838	3.1219	3.2232	1.6100	10.8507	13.6742	35.3864	0.0027	0.0016	0.0043	0.0033	0.0032	0.0036	0.0025	0.0002	0.0043
46	83	0.3956	4	1	1	1	0	0	0	0	0	N	N	N	N	N	N	N	N	N	N	N	N	103.2831	68.3402	4.7784	136.8563	143.0326	1.3032	204.1093	95.4917	6.6479	1.1584	1.2694	0.0097	1.9661	2.0439	0.0170	0.5753	0.6556	0.0080	0.0112	0.0186	0.0020	0.0144	0.0143	0.0130	0.0028	0.0069	0.0012	0.0007	0.2781	-0.1714	-0.0002	4.1147	21.0000	1.2946	14.4214	0.5986	0.5982	0.0004	0.4259	0.4258	0.0001	0.1727	0.1724	0.0003	0.0004	0.0003	0.0001	0.0004	0.0003	0.0000	0.0001	0.0000	0.0001	0.5168	0.4712	0.0455	0.2166	0.2083	0.0083	0.3001	0.2629	0.0372	0.1165	0.0719	0.0446	0.0380	0.0350	0.0031	0.0785	0.0370	0.0415	325.7480	281.6548	4.7784	211.1376	227.4310	1.3032	750.5266	2424.8132	6.6479	0.0036	0.0045	0.0020	0.0093	0.0090	0.0130	0.0008	0.0003	0.0012
46	84	0.4532	8	1	0	2	0	0	0	0	0	N	N	Y	N	N	N	N	N	N	N	N	N	8.1790	30.0384	55.4155	75.8993	73.1190	365.8146	5.1356	316.6045	15.2188	2.0643	1.8123	4.7397	2.9624	2.2666	21.5440	1.3848	1.4340	1.0370	0.2524	0.0603	0.0855	0.0390	0.0310	0.0589	0.2697	0.0045	0.0681	0.2464	2.7435	-0.0993	0.0002	4.1147	20.4085	1.2946	11.0867	1.1102	0.8908	0.2195	0.6863	0.5061	0.1801	0.4240	0.3846	0.0393	0.0019	0.0005	0.0014	0.0007	0.0005	0.0002	0.0012	0.0000	0.0012	0.5378	0.4915	0.0463	0.2317	0.2233	0.0084	0.3062	0.2682	0.0379	0.1043	0.0622	0.0421	0.0352	0.0314	0.0038	0.0691	0.0308	0.0383	114.3020	224.0932	144.4704	156.3740	142.8293	485.1226	78.6360	8835.3141	32.7544	0.0181	0.0081	0.0328	0.0189	0.0159	0.0444	0.0176	0.0002	0.0317
46	85	0.4495	7	1	0	2	0	0	0	0	0	N	N	Y	N	N	N	N	N	N	N	N	N	0.0824	0.0440	1.0245	0.1113	0.0886	0.7943	0.1584	0.1446	0.4858	0.0011	0.0009	0.0033	0.0015	0.0011	0.0128	0.0007	0.0006	0.0008	0.0130	0.0198	0.0032	0.0138	0.0126	0.0161	0.0041	0.0043	0.0017	0.3385	0.4285	-0.0000	-0.0000	4.1147	3.1287	1.2946	1.1816	0.0001	0.0001	0.0000	0.0001	0.0001	0.0000	0.0000	0.0000	0.0000	0.0001	0.0001	0.0000	0.0001	0.0001	0.0000	0.0000	0.0000	0.0000	0.1014	0.0930	0.0083	0.0480	0.0463	0.0017	0.0534	0.0468	0.0066	0.0185	0.0113	0.0072	0.0070	0.0063	0.0007	0.0115	0.0050	0.0065	0.2656	0.1885	1.0628	0.1714	0.1369	0.7943	0.6191	4.0088	0.4858	0.0040	0.0046	0.0031	0.0089	0.0082	0.0161	0.0011	0.0002	0.0017
46	86	0.4426	6	1	0	1	0	0	0	0	0	N	N	N	N	N	N	N	N	N	N	N	N	0.4959	0.3905	0.1384	0.0242	0.0166	0.2184	1.5157	1.0245	0.0034	0.0028	0.0030	0.0002	0.0001	0.0001	0.0012	0.0049	0.0056	0.0000	0.0056	0.0077	0.0017	0.0050	0.0049	0.0056	0.0032	0.0055	0.0014	0.0071	0.4510	-0.0001	-0.0000	4.1147	4.0532	1.2946	2.2470	0.0003	0.0003	0.0000	0.0000	0.0000	0.0000	0.0003	0.0003	0.0000	0.0001	0.0000	0.0000	0.0000	0.0000	0.0000	0.0000	0.0000	0.0000	0.1177	0.1079	0.0098	0.0521	0.0502	0.0018	0.0656	0.0576	0.0080	0.0277	0.0169	0.0108	0.0101	0.0093	0.0008	0.0176	0.0076	0.0100	1.3135	1.2577	0.1384	0.0282	0.0193	0.2184	5.6904	26.1117	0.0034	0.0021	0.0024	0.0017	0.0043	0.0042	0.0056	0.0009	0.0002	0.0014
46	87	0.4194	5	1	0	1	0	0	0	0	0	N	N	N	N	N	N	N	N	N	N	N	N	11.4871	9.6598	3.9861	0.0225	0.0226	0.7693	309.2152	55.5952	7.0722	6.3594	6.9858	0.0671	0.0149	0.0148	0.0167	12.6679	14.7974	0.0796	0.5536	0.7232	0.0168	0.6619	0.6567	0.0217	0.0410	0.2662	0.0113	0.0010	0.0733	-0.2788	-0.0019	4.1147	4.7288	1.2946	9.8540	0.9743	0.9734	0.0009	0.0011	0.0011	0.0000	0.9732	0.9723	0.0009	0.0033	0.0031	0.0002	0.0030	0.0030	0.0000	0.0003	0.0001	0.0002	0.1532	0.1393	0.0139	0.0764	0.0736	0.0028	0.0768	0.0657	0.0111	0.0697	0.0440	0.0256	0.0251	0.0236	0.0014	0.0446	0.0204	0.0242	134.0871	99.9347	7.6276	0.1228	0.1164	0.7742	2127.7423	4244.3731	9.9066	0.0474	0.0699	0.0088	0.1213	0.1274	0.0215	0.0060	0.0035	0.0080
46	88	0.3956	4	1	0	1	0	0	0	0	0	N	N	N	N	N	N	N	N	N	N	N	N	3.2064	48.7853	18.5490	113.3352	134.2480	15.9528	2.4331	6.1935	25.8980	1.4760	0.6538	9.9175	1.4012	1.4425	0.3723	1.5304	0.0224	12.0546	0.4603	0.0134	0.5347	0.0124	0.0107	0.0233	0.6290	0.0036	0.4655	1.4772	13.8947	0.1002	0.0006	4.1147	8.6320	1.2946	7.0881	0.3239	0.1308	0.1932	0.1296	0.1283	0.0013	0.1943	0.0025	0.1918	0.0020	0.0001	0.0019	0.0002	0.0001	0.0000	0.0018	0.0000	0.0018	0.2195	0.2000	0.0195	0.0925	0.0889	0.0036	0.1270	0.1111	0.0159	0.0580	0.0371	0.0209	0.0198	0.0184	0.0014	0.0383	0.0188	0.0195	42.8531	180.7893	111.3086	168.7878	200.4491	16.4497	31.9202	195.9390	128.3476	0.0344	0.0036	0.0891	0.0083	0.0072	0.0226	0.0479	0.0001	0.0939
46	89	0.4633	6	1	1	1	0	0	0	0	0	N	N	N	N	N	N	N	N	N	N	N	N	2.1862	1.0878	1.2637	22.6714	25.3710	0.4020	1.3873	0.3976	0.5438	0.3344	0.3792	0.0028	0.3361	0.3830	0.0043	0.3323	0.3746	0.0008	0.1530	0.3486	0.0022	0.0148	0.0151	0.0106	0.2395	0.9422	0.0015	0.0010	0.0665	-0.0515	-0.0005	4.1147	15.4622	1.2946	5.2688	0.1799	0.1797	0.0002	0.1003	0.1001	0.0002	0.0796	0.0796	0.0000	0.0009	0.0009	0.0001	0.0002	0.0002	0.0000	0.0007	0.0007	0.0000	0.5379	0.4739	0.0640	0.2983	0.2614	0.0369	0.2396	0.2125	0.0271	0.0688	0.0426	0.0262	0.0248	0.0227	0.0021	0.0440	0.0198	0.0242	24.5457	18.3653	1.2637	35.1709	40.4907	0.4020	20.8797	11.1906	0.5438	0.0136	0.0206	0.0022	0.0096	0.0095	0.0106	0.0159	0.0335	0.0015
46	90	0.4516	5	1	0	1	0	0	0	0	0	N	N	N	N	N	N	N	N	N	N	N	N	63.4620	78.3664	9.7776	161.8319	159.3464	79.5193	40.0930	16.0082	2.8673	0.4265	0.4626	0.0332	0.4409	0.4571	0.0989	0.4126	0.4683	0.0098	0.0067	0.0059	0.0034	0.0027	0.0029	0.0012	0.0103	0.0293	0.0034	0.0066	0.8857	-0.0274	-0.0000	4.1147	7.5917	1.2946	1.5198	0.0977	0.0970	0.0006	0.0495	0.0490	0.0005	0.0482	0.0480	0.0001	0.0001	0.0000	0.0000	0.0000	0.0000	0.0000	0.0000	0.0000	0.0000	0.2291	0.2098	0.0193	0.1123	0.1072	0.0051	0.1168	0.1026	0.0142	0.0370	0.0237	0.0132	0.0147	0.0134	0.0013	0.0223	0.0103	0.0119	175.3100	230.1716	10.4143	161.8319	159.3464	79.5193	184.2086	523.5919	2.8673	0.0024	0.0020	0.0032	0.0027	0.0029	0.0012	0.0022	0.0009	0.0034
46	91	0.5608	9	2	0	2	0	0	0	0	0	Y	N	Y	N	N	N	N	N	N	N	N	N	1815.2074	81.1220	inf	40.0230	38.7120	inf	inf	inf	0.0041	0.0003	0.0449	0.0003	0.0003	0.0000	0.0077	0.0003	0.0584	0.0000	0.0000	0.0000	0.0000	0.0000	0.0000	0.0000	0.0000	0.0000	13.6194	0.0000	0.0002	-0.0000	4.1147	3.0317	1.2946	0.1644	0.0003	0.0000	0.0003	0.0000	0.0000	0.0000	0.0003	0.0000	0.0003	0.0000	0.0000	0.0000	0.0000	0.0000	0.0000	0.0000	0.0000	0.0000	0.0762	0.0698	0.0065	0.0370	0.0355	0.0015	0.0392	0.0342	0.0050	0.0096	0.0057	0.0039	0.0029	0.0027	0.0002	0.0067	0.0030	0.0037	1815.2074	81.1220	inf	40.0230	38.7120	0.0000	inf	inf	inf	0.0000	0.0000	0.0000	0.0000	0.0000	0.0000	0.0000	0.0000	0.0000	
46	92	0.5550	8	2	0	2	0	0	0	0	0	Y	N	Y	N	N	N	N	N	N	N	N	N	28204.3986	48085.9486	4.4197	1353.2053	2144.9492	1.4494	48196.1401	inf	2.2488	0.6973	0.7817	0.0002	0.0620	0.0668	0.0004	1.4253	1.6742	0.0001	0.0000	0.0000	0.0000	0.0000	0.0000	0.0003	0.0000	0.0000	0.0000	0.0000	1.7173	-0.0182	0.0000	4.1147	2.6632	1.2946	1.0147	0.0633	0.0633	0.0000	0.0030	0.0030	0.0000	0.0603	0.0603	0.0000	0.0000	0.0000	0.0000	0.0000	0.0000	0.0000	0.0000	0.0000	0.0000	0.0908	0.0810	0.0098	0.0485	0.0450	0.0035	0.0423	0.0360	0.0063	0.0117	0.0071	0.0046	0.0037	0.0034	0.0002	0.0080	0.0037	0.0044	28204.3986	52143.4672	4.4197	1353.2053	2144.9492	1.4494	94046.2701	inf	2.2488	0.0000	0.0000	0.0000	0.0000	0.0000	0.0003	0.0000	0.0000	0.0000
46	93	0.4718	7	2	0	2	0	0	0	0	0	Y	N	Y	N	N	N	N	N	N	N	N	N	123.5207	159.6989	91.2018	165.2075	291.6968	22.4232	22.9711	86.2079	55.3865	0.3478	0.3769	0.1443	0.6309	0.6396	0.4890	0.0212	0.0188	0.0304	0.0028	0.0024	0.0016	0.0038	0.0022	0.0218	0.0009	0.0002	0.0005	0.0547	1.1137	-0.0977	-0.0000	4.1147	35.0787	1.2946	12.2568	0.4151	0.3936	0.0215	0.4034	0.3853	0.0181	0.0117	0.0083	0.0034	0.0002	0.0001	0.0001	0.0001	0.0001	0.0001	0.0000	0.0000	0.0000	1.1935	1.0443	0.1491	0.6394	0.6023	0.0371	0.5541	0.4420	0.1121	0.1428	0.0836	0.0592	0.0413	0.0383	0.0029	0.1015	0.0453	0.0563	279.3785	374.6579	91.2018	177.1890	291.6968	22.6863	69.5670	24998.9715	55.3865	0.0012	0.0010	0.0016	0.0036	0.0022	0.0216	0.0003	0.0000	0.0005
46	94	0.4583	6	2	0	1	0	0	0	0	0	Y	N	N	N	N	N	N	N	N	N	N	N	85.9243	119.6104	148.6305	199.1197	189.0651	261.5967	38.3020	28.9784	146.3420	0.5007	0.5117	0.4460	0.6225	0.6360	0.4462	0.2728	0.1800	0.4460	0.0058	0.0043	0.0030	0.0031	0.0034	0.0017	0.0071	0.0062	0.0030	0.1760	1.3525	-0.0432	-0.0000	4.1147	8.4810	1.2946	2.3446	0.3146	0.2675	0.0471	0.2549	0.2419	0.0130	0.0597	0.0257	0.0341	0.0001	0.0000	0.0000	0.0000	0.0000	0.0000	0.0000	0.0000	0.0000	0.6284	0.5228	0.1056	0.4094	0.3803	0.0292	0.2190	0.1426	0.0764	0.0349	0.0203	0.0146	0.0098	0.0091	0.0007	0.0251	0.0112	0.0139	231.0549	323.4828	149.5614	199.1197	196.4977	261.5967	152.2088	741.4936	146.3420	0.0022	0.0016	0.0030	0.0031	0.0032	0.0017	0.0018	0.0002	0.0030
46	95	0.3956	4	1	1	1	1	0	0	0	0	N	N	N	N	N	N	N	N	N	N	N	N	2.5157	2.7195	0.0017	0.0439	0.0449	0.0017	3.9408	3.0478	0.0025	1.5973	1.7513	0.0006	0.0139	0.0145	0.0001	2.7380	3.1243	0.0007	0.6349	0.6440	0.3592	0.3170	0.3226	0.0630	0.6948	1.0251	0.2845	0.0000	0.7835	-0.2688	-0.0017	4.1147	24.0032	1.2946	22.6134	0.9361	0.9361	0.0000	0.0034	0.0034	0.0000	0.9327	0.9327	0.0000	0.0091	0.0051	0.0040	0.0032	0.0030	0.0002	0.0059	0.0021	0.0038	0.5861	0.5345	0.0515	0.2454	0.2360	0.0094	0.3407	0.2985	0.0421	0.1478	0.0906	0.0573	0.0477	0.0438	0.0040	0.1001	0.0468	0.0533	25.8856	31.0144	0.0087	0.2058	0.2082	0.0023	46.5158	70.6530	0.0100	0.0617	0.0565	0.0700	0.0677	0.0696	0.0469	0.0589	0.0442	0.0717
46	96	0.1560	4	1	1	1	0	0	0	0	0	N	N	N	N	N	N	N	N	N	N	N	N	27.8822	9.6014	497.2155	33.1270	30.7129	19.7791	41.1953	0.2411	609.5621	0.4658	0.2618	2.0786	0.7335	0.7553	0.0229	0.3416	0.0005	2.2673	0.0167	0.0273	0.0042	0.0221	0.0246	0.0012	0.0083	0.0019	0.0037	1.0041	0.4139	0.0523	-0.0002	4.1147	18.5150	1.2946	10.2301	0.2447	0.1221	0.1226	0.1221	0.1220	0.0001	0.1226	0.0001	0.1225	0.0007	0.0005	0.0002	0.0005	0.0005	0.0000	0.0002	0.0000	0.0002	0.5254	0.4664	0.0590	0.1664	0.1615	0.0050	0.3590	0.3050	0.0540	0.1499	0.0910	0.0589	0.0403	0.0377	0.0026	0.1096	0.0533	0.0562	96.2677	46.4437	576.6877	57.5666	55.7200	19.7791	177.0284	11.0031	609.5621	0.0048	0.0056	0.0036	0.0127	0.0136	0.0012	0.0019	0.0000	0.0037
46	97	0.4247	5	1	1	1	0	0	0	0	0	N	N	N	N	N	N	N	N	N	N	N	N	1.1519	0.5919	32.3361	2.5745	2.5551	8.2280	1.8488	3.3309	44.7573	0.4132	0.2014	2.4506	0.3016	0.3052	0.2091	0.4956	0.1161	2.9055	0.3587	0.3403	0.0758	0.1172	0.1194	0.0254	0.2681	0.0348	0.0649	1.2645	1.0736	0.1238	-0.0006	4.1147	46.1140	1.2946	26.4917	0.4563	0.2015	0.2548	0.1415	0.1378	0.0037	0.3148	0.0637	0.2511	0.0051	0.0025	0.0027	0.0026	0.0024	0.0002	0.0025	0.0001	0.0025	1.1044	1.0004	0.1040	0.4691	0.4516	0.0175	0.6353	0.5489	0.0864	0.2122	0.1240	0.0882	0.0661	0.0588	0.0074	0.1461	0.0652	0.0809	17.0734	10.0819	81.3347	7.6971	7.4345	8.5957	28.4557	117.1027	94.7645	0.0242	0.0200	0.0301	0.0392	0.0411	0.0243	0.0174	0.0010	0.0307
46	98	0.2090	6	1	1	1	0	0	0	0	0	N	N	N	N	N	N	N	N	N	N	N	N	0.0162	0.0089	8.6005	0.0400	0.0380	0.0018	0.2554	0.0050	9.4438	0.0045	0.0044	0.0055	0.0126	0.0130	0.0000	0.0018	0.0012	0.0060	0.2788	0.4964	0.0006	0.3153	0.3425	0.0008	0.0070	0.2348	0.0006	0.1500	0.0141	-0.0003	-0.0013	4.1147	20.7840	1.2946	8.9470	0.0016	0.0014	0.0002	0.0011	0.0011	0.0000	0.0005	0.0003	0.0002	0.0022	0.0022	0.0000	0.0020	0.0020	0.0000	0.0001	0.0001	0.0000	0.3565	0.3184	0.0381	0.0897	0.0867	0.0030	0.2668	0.2316	0.0352	0.1137	0.0661	0.0476	0.0303	0.0278	0.0025	0.0834	0.0383	0.0451	0.2346	0.1347	8.6005	0.1872	0.1777	0.0018	1.0116	0.3726	9.4438	0.0192	0.0327	0.0006	0.0673	0.0733	0.0008	0.0018	0.0031	0.0006
46	99	0.2040	5	1	0	1	0	0	0	0	0	N	N	N	N	N	N	N	N	N	N	N	N	0.0011	0.0053	0.0010	0.0008	0.0008	0.0002	0.0015	0.0361	0.0020	0.0001	0.0001	0.0000	0.0000	0.0000	0.0000	0.0003	0.0003	0.0001	0.1188	0.0280	0.0431	0.0144	0.0155	0.0007	0.1938	0.0092	0.0404	0.0377	2.6585	-0.0000	0.0000	4.1147	2.7834	1.2946	1.0450	0.0000	0.0000	0.0000	0.0000	0.0000	0.0000	0.0000	0.0000	0.0000	0.0003	0.0001	0.0002	0.0001	0.0001	0.0000	0.0002	0.0000	0.0002	0.2074	0.1828	0.0246	0.1169	0.1051	0.0118	0.0905	0.0777	0.0128	0.0255	0.0147	0.0108	0.0088	0.0084	0.0003	0.0168	0.0063	0.0105	0.0112	0.0259	0.0020	0.0012	0.0013	0.0002	0.0220	0.9194	0.0037	0.0120	0.0057	0.0206	0.0093	0.0097	0.0007	0.0134	0.0004	0.0212
46	100	0.1940	4	1	0	1	0	0	0	0	0	N	N	N	N	N	N	N	N	N	N	N	N	2.7803	2.0451	7.3822	1.7912	1.5049	11.5384	4.4328	4.8553	9.4668	0.0413	0.0409	0.0454	0.0193	0.0175	0.0684	0.0591	0.0625	0.0413	0.0149	0.0200	0.0061	0.0108	0.0116	0.0059	0.0133	0.0129	0.0044	0.1298	0.5883	-0.0024	-0.0001	4.1147	7.6044	1.2946	2.7972	0.0141	0.0125	0.0016	0.0029	0.0026	0.0004	0.0112	0.0099	0.0013	0.0004	0.0002	0.0001	0.0002	0.0002	0.0000	0.0001	0.0000	0.0001	0.3419	0.3061	0.0358	0.1526	0.1473	0.0053	0.1893	0.1589	0.0305	0.0812	0.0499	0.0313	0.0318	0.0291	0.0027	0.0494	0.0208	0.0286	9.0686	8.7511	10.3575	2.5696	2.2886	11.5384	22.2364	129.2967	9.7613	0.0046	0.0047	0.0044	0.0075	0.0077	0.0059	0.0027	0.0005	0.0042
46	101	0.1444	3	1	0	1	0	0	0	0	0	N	N	N	N	N	N	N	N	N	N	N	N	0.1128	0.0487	10.3346	0.2668	0.2626	0.4157	0.2038	0.0044	17.1418	0.0393	0.0244	0.1573	0.0637	0.0651	0.0095	0.0281	0.0030	0.1690	0.3480	0.5004	0.0152	0.2386	0.2480	0.0227	0.1379	0.6828	0.0099	0.8152	0.1701	0.0034	-0.0018	4.1147	18.4780	1.2946	12.4520	0.0208	0.0114	0.0093	0.0106	0.0105	0.0000	0.0102	0.0009	0.0093	0.0037	0.0032	0.0005	0.0025	0.0024	0.0001	0.0012	0.0008	0.0004	0.5292	0.4699	0.0593	0.1659	0.1616	0.0044	0.3633	0.3083	0.0549	0.1608	0.0959	0.0648	0.0448	0.0403	0.0045	0.1159	0.0557	0.0603	1.6906	0.7325	18.7898	1.1359	1.0882	0.4233	2.6681	0.2136	23.0952	0.0232	0.0333	0.0084	0.0561	0.0599	0.0223	0.0105	0.0140	0.0073
46	102	0.5096	7	1	1	1	0	0	0	0	0	N	N	N	N	N	N	N	N	N	N	N	N	0.0140	0.0052	0.5564	0.0434	0.0357	1.0469	0.0184	0.0021	0.2580	0.0014	0.0013	0.0027	0.0026	0.0023	0.0079	0.0002	0.0001	0.0009	0.1007	0.2458	0.0049	0.0590	0.0650	0.0076	0.0131	0.0719	0.0035	0.1905	0.1469	-0.0002	-0.0010	4.1147	34.1922	1.2946	22.4626	0.0014	0.0012	0.0002	0.0013	0.0011	0.0002	0.0001	0.0001	0.0001	0.0021	0.0018	0.0003	0.0018	0.0017	0.0000	0.0003	0.0001	0.0002	1.0183	0.9342	0.0841	0.5121	0.4903	0.0218	0.5062	0.4439	0.0623	0.1881	0.1181	0.0700	0.0678	0.0623	0.0055	0.1203	0.0558	0.0645	0.1269	0.0837	0.7142	0.0977	0.0833	1.0469	0.0934	0.0970	0.2580	0.0111	0.0154	0.0038	0.0262	0.0278	0.0076	0.0026	0.0015	0.0035
46	103	0.4617	6	1	1	1	0	0	0	0	0	N	N	N	N	N	N	N	N	N	N	N	N	0.0077	0.0060	0.0788	0.0141	0.0108	0.9462	0.0178	0.0089	0.0393	0.0024	0.0024	0.0029	0.0015	0.0013	0.0080	0.0032	0.0034	0.0014	0.3129	0.3923	0.0365	0.1100	0.1170	0.0085	0.1779	0.3852	0.0345	0.1143	0.4761	-0.0003	-0.0007	4.1147	22.5884	1.2946	11.0115	0.0015	0.0013	0.0002	0.0005	0.0004	0.0001	0.0010	0.0010	0.0001	0.0023	0.0016	0.0007	0.0014	0.0014	0.0000	0.0009	0.0002	0.0007	0.6264	0.5728	0.0537	0.2960	0.2838	0.0122	0.3305	0.2889	0.0415	0.1091	0.0666	0.0425	0.0379	0.0347	0.0032	0.0712	0.0319	0.0393	0.1136	0.1005	0.1641	0.0412	0.0316	0.9462	0.2545	0.6458	0.0744	0.0211	0.0234	0.0175	0.0375	0.0401	0.0085	0.0124	0.0053	0.0182
46	104	0.4317	5	1	0	1	0	0	0	0	0	N	N	N	N	N	N	N	N	N	N	N	N	0.0018	0.0078	0.0012	0.0251	0.0232	0.0546	0.0013	0.0714	0.0012	0.0008	0.0009	0.0004	0.0009	0.0009	0.0006	0.0008	0.0009	0.0004	0.4493	0.1096	0.3696	0.0339	0.0370	0.0111	0.5967	0.0119	0.3247	0.0472	4.3995	-0.0001	0.0005	4.1147	11.8100	1.2946	8.7888	0.0003	0.0003	0.0000	0.0001	0.0001	0.0000	0.0001	0.0001	0.0000	0.0024	0.0004	0.0020	0.0005	0.0004	0.0000	0.0020	0.0000	0.0020	0.3345	0.3060	0.0285	0.1574	0.1512	0.0062	0.1771	0.1548	0.0224	0.0728	0.0450	0.0278	0.0271	0.0245	0.0026	0.0457	0.0204	0.0253	0.0246	0.0855	0.0061	0.0491	0.0479	0.0546	0.0185	1.8698	0.0050	0.0334	0.0100	0.0711	0.0173	0.0180	0.0111	0.0429	0.0005	0.0772
46	105	0.3956	4	1	0	1	0	0	0	0	0	N	N	N	N	N	N	N	N	N	N	N	N	2.5552	2.0657	3.1959	5.5393	5.1314	68.8669	1.0958	3.6609	0.0764	0.0075	0.0079	0.0031	0.0152	0.0151	0.0167	0.0019	0.0022	0.0001	0.0029	0.0038	0.0010	0.0027	0.0029	0.0002	0.0018	0.0006	0.0010	0.0383	0.3998	-0.0007	-0.0000	4.1147	14.7392	1.2946	7.3617	0.0028	0.0027	0.0001	0.0023	0.0022	0.0001	0.0004	0.0004	0.0000	0.0001	0.0001	0.0000	0.0001	0.0001	0.0000	0.0000	0.0000	0.0000	0.3687	0.3361	0.0326	0.1550	0.1490	0.0060	0.2137	0.1871	0.0266	0.0775	0.0487	0.0288	0.0259	0.0239	0.0020	0.0516	0.0248	0.0268	5.8903	5.4742	3.1959	5.5393	5.1314	68.8669	3.5877	628.3782	0.0764	0.0013	0.0014	0.0010	0.0027	0.0029	0.0002	0.0005	0.0000	0.0010
46	106	0.4683	7	1	1	1	0	0	0	0	0	N	N	N	N	N	N	N	N	N	N	N	N	632.8001	605.9271	149.6373	647.2791	645.3777	20.5303	128.5379	inf	234.7017	0.4835	0.5225	0.0657	0.7012	0.7397	0.0058	0.0897	0.0871	0.1049	0.0008	0.0009	0.0004	0.0011	0.0011	0.0003	0.0007	0.0000	0.0004	0.0117	0.6148	-0.1131	-0.0000	4.1147	20.0414	1.2946	7.0324	0.4103	0.4055	0.0048	0.3832	0.3830	0.0002	0.0271	0.0225	0.0046	0.0000	0.0000	0.0000	0.0000	0.0000	0.0000	0.0000	0.0000	0.0000	0.8486	0.7761	0.0725	0.5465	0.5178	0.0287	0.3021	0.2583	0.0438	0.0848	0.0496	0.0353	0.0237	0.0220	0.0017	0.0611	0.0276	0.0335	1009.0019	1028.8695	149.6373	647.2791	645.3777	20.5303	365.9448	inf	234.7017	0.0005	0.0005	0.0004	0.0011	0.0011	0.0003	0.0002	0.0000	0.0004
46	107	0.4583	6	1	0	1	0	0	0	0	0	N	N	N	N	N	N	N	N	N	N	N	N	297.8333	586.0842	274.9934	635.7852	714.4816	88.7026	131.4075	84.7251	341.7952	0.7012	0.7523	0.4564	0.7974	0.8446	0.1936	0.5095	0.4806	0.5582	0.0024	0.0013	0.0017	0.0013	0.0012	0.0022	0.0039	0.0057	0.0016	0.1268	1.8193	-0.0730	0.0000	4.1147	7.0315	1.2946	1.2144	0.4179	0.3709	0.0470	0.3164	0.3108	0.0056	0.1015	0.0601	0.0415	0.0000	0.0000	0.0000	0.0000	0.0000	0.0000	0.0000	0.0000	0.0000	0.5960	0.4930	0.1030	0.3968	0.3680	0.0287	0.1993	0.1250	0.0743	0.0268	0.0156	0.0112	0.0075	0.0070	0.0005	0.0193	0.0086	0.0107	652.5735	1149.3791	274.9934	635.7852	714.4816	88.7026	507.4690	2132.3874	341.7952	0.0011	0.0007	0.0017	0.0013	0.0012	0.0022	0.0010	0.0002	0.0016
46	108	0.4247	5	1	0	1	0	0	0	0	0	N	N	N	N	N	N	N	N	N	N	N	N	209.0275	150.4724	1861.2619	337.6663	347.8517	283.5809	182.9752	49.6960	2169.4911	0.8893	0.4697	4.2914	0.7929	0.7943	0.7549	0.9634	0.1805	4.8706	0.0043	0.0031	0.0023	0.0023	0.0023	0.0027	0.0053	0.0036	0.0022	1.1266	1.3666	0.0974	-0.0000	4.1147	16.2725	1.2946	4.4748	0.4017	0.1889	0.2128	0.1558	0.1505	0.0053	0.2459	0.0384	0.2075	0.0001	0.0001	0.0001	0.0001	0.0000	0.0000	0.0001	0.0000	0.0001	0.4517	0.4021	0.0496	0.1964	0.1895	0.0070	0.2552	0.2126	0.0426	0.0722	0.0418	0.0304	0.0258	0.0214	0.0044	0.0464	0.0204	0.0259	529.5927	383.6311	1861.2619	337.6663	347.8517	283.5809	737.1999	1558.0412	2169.4911	0.0017	0.0012	0.0023	0.0023	0.0023	0.0027	0.0013	0.0001	0.0022
46	109	0.4775	6	1	1	1	0	0	0	0	0	N	N	N	N	N	N	N	N	N	N	N	N	1.2916	1.4683	0.2152	6.7891	7.4795	1.7277	0.5685	0.8980	0.0496	0.5340	0.5815	0.0227	0.9256	0.9630	0.0836	0.2049	0.2324	0.0047	0.4134	0.3961	0.1055	0.1363	0.1288	0.0484	0.3604	0.2588	0.0942	0.0036	0.9907	-0.1507	-0.0006	4.1147	40.5309	1.2946	14.7974	0.5315	0.5296	0.0019	0.4207	0.4191	0.0016	0.1108	0.1105	0.0003	0.0048	0.0024	0.0024	0.0024	0.0023	0.0002	0.0024	0.0002	0.0022	0.9954	0.9107	0.0847	0.4545	0.4352	0.0194	0.5409	0.4755	0.0654	0.1662	0.1024	0.0638	0.0574	0.0527	0.0048	0.1088	0.0498	0.0590	18.4321	24.6259	0.6046	21.8752	22.5366	2.2190	9.3460	68.5682	0.1244	0.0290	0.0236	0.0376	0.0423	0.0427	0.0377	0.0219	0.0034	0.0376
46	110	0.4516	5	1	1	1	0	0	0	0	0	N	N	N	N	N	N	N	N	N	N	N	N	1.2262	1.2321	2.7988	4.7161	3.7540	106.3372	0.2517	0.1011	0.0935	0.0164	0.0159	0.0220	0.0293	0.0265	0.0915	0.0052	0.0058	0.0007	0.0134	0.0129	0.0079	0.0062	0.0071	0.0009	0.0206	0.0575	0.0071	0.1285	0.8860	-0.0011	-0.0000	4.1147	13.5236	1.2946	3.5331	0.0061	0.0054	0.0007	0.0051	0.0044	0.0007	0.0010	0.0010	0.0000	0.0003	0.0001	0.0001	0.0001	0.0001	0.0000	0.0001	0.0000	0.0001	0.3736	0.3418	0.0318	0.1746	0.1672	0.0075	0.1990	0.1747	0.0243	0.0613	0.0385	0.0228	0.0229	0.0209	0.0020	0.0384	0.0177	0.0208	3.9418	4.5233	4.1769	5.9194	4.9628	106.3372	1.3961	4.2282	0.1171	0.0042	0.0035	0.0053	0.0049	0.0053	0.0009	0.0037	0.0014	0.0057
46	111	0.3956	4	1	0	1	0	0	0	0	0	N	N	N	N	N	N	N	N	N	N	N	N	0.0236	0.0174	0.0296	0.0628	0.0577	0.1900	0.0750	0.6391	0.0333	0.0046	0.0050	0.0007	0.0053	0.0055	0.0007	0.0041	0.0045	0.0007	0.1947	0.2864	0.0236	0.0851	0.0958	0.0035	0.0542	0.0071	0.0212	0.0136	0.4338	-0.0005	-0.0005	4.1147	16.9399	1.2946	15.9768	0.0019	0.0019	0.0000	0.0009	0.0009	0.0000	0.0010	0.0010	0.0000	0.0017	0.0012	0.0005	0.0012	0.0012	0.0000	0.0005	0.0000	0.0005	0.4213	0.3841	0.0372	0.1769	0.1701	0.0068	0.2444	0.2140	0.0304	0.1094	0.0677	0.0417	0.0358	0.0329	0.0029	0.0735	0.0347	0.0388	0.3010	0.2890	0.0575	0.1641	0.1575	0.1900	0.5916	16.2791	0.0552	0.0153	0.0172	0.0121	0.0326	0.0351	0.0035	0.0069	0.0003	0.0128
46	112	0.5000	8	2	1	1	1	0	0	0	0	Y	N	N	N	N	N	N	N	N	N	N	N	0.0090	0.0042	0.0000	0.4072	0.3609	0.0000	0.0001	0.0000	0.0000	0.0014	0.0015	0.0000	0.0026	0.0027	0.0000	0.0000	0.0000	0.0000	0.1539	0.3704	0.0000	0.0065	0.0075	0.0000	0.2796	0.9786	0.0000	0.0000	0.0006	-0.0000	-0.0001	4.1147	0.0019	1.2946	1.9928	0.0000	0.0000	0.0000	0.0000	0.0000	0.0000	0.0000	0.0000	0.0000	0.0001	0.0001	0.0000	0.0000	0.0000	0.0000	0.0001	0.0001	0.0000	0.0001	0.0001	0.0000	0.0001	0.0001	0.0000	0.0001	0.0000	0.0000	0.0059	0.0036	0.0022	0.0020	0.0018	0.0002	0.0039	0.0018	0.0021	0.1010	0.0698	0.0000	0.5185	0.4857	0.0000	0.0021	0.0012	0.0000	0.0136	0.0221	0.0000	0.0051	0.0056	0.0000	0.0180	0.0383	0.0000
46	113	0.4764	7	2	1	1	1	0	0	0	0	Y	N	N	N	N	N	N	N	N	N	N	N	0.0157	0.0135	0.0000	0.0154	0.0150	0.0000	0.0609	2.7894	0.0000	0.0027	0.0030	0.0000	0.0010	0.0010	0.0000	0.0044	0.0051	0.0000	0.1748	0.2207	0.0296	0.0618	0.0663	0.0224	0.0729	0.0018	0.0241	0.0000	0.7176	-0.0002	-0.0001	4.1147	8.6942	1.2946	6.0502	0.0007	0.0007	0.0000	0.0001	0.0001	0.0000	0.0005	0.0005	0.0000	0.0006	0.0004	0.0003	0.0004	0.0004	0.0000	0.0002	0.0000	0.0002	0.2398	0.2197	0.0202	0.1171	0.1123	0.0048	0.1227	0.1074	0.0153	0.0450	0.0265	0.0185	0.0147	0.0133	0.0014	0.0303	0.0132	0.0171	0.1903	0.2103	0.0000	0.0345	0.0352	0.0000	0.5583	138.8173	0.0001	0.0144	0.0142	0.0146	0.0277	0.0283	0.0219	0.0080	0.0000	0.0141
46	114	0.4975	11	1	1	1	1	0	0	0	0	N	N	N	N	N	N	N	N	N	N	N	N	0.0000	0.0000	0.0000	0.0000	0.0000	0.0000	0.0000	0.0000	0.0000	0.0000	0.0000	0.0000	0.0000	0.0000	0.0000	0.0000	0.0929	0.2919	0.0035	0.0406	0.0425	0.0000	0.0152	0.0000	0.0033	0.1724	0.0000	-0.0000	4.1147	0.0001	1.2946	0.0001	0.0000	0.0000	0.0000	0.0000	0.0000	0.0000	0.0000	0.0000	0.0000	0.0000	0.0000	0.0000	0.0000	0.0000	0.0000	0.0000	0.0000	0.0000	0.0000	0.0000	0.0000	0.0000	0.0000	0.0000	0.0000	0.0000	0.0000	0.0000	0.0000	0.0000	0.0000	0.0000	0.0000	0.0000	0.0000	0.0000	0.0000	0.0000	0.0000	0.0000	0.0000	0.0000	0.0000	0.0000	0.0000	0.0106	0.0175	0.0032	0.0193	0.0195	0.0000	0.0030	0.0000	0.0033			
46	115	0.4908	10	1	1	1	1	0	0	0	0	N	N	N	N	N	N	N	N	N	N	N	N	0.0000	0.0000	0.0000	0.0000	0.0000	0.0000	0.0000	0.0000	0.0000	0.0000	0.0000	0.0000	0.0000	0.0000	0.0000	0.0000	0.0000	0.4109	0.5545	0.0199	0.3665	0.3993	0.0002	0.0460	0.0000	0.0178	0.1727	0.0000	-0.0002	4.1147	3.0007	1.2946	1.0012	0.0000	0.0000	0.0000	0.0000	0.0000	0.0000	0.0000	0.0000	0.0000	0.0003	0.0003	0.0001	0.0003	0.0003	0.0000	0.0000	0.0000	0.0000	0.0795	0.0727	0.0068	0.0374	0.0358	0.0016	0.0422	0.0369	0.0053	0.0118	0.0069	0.0049	0.0039	0.0035	0.0004	0.0079	0.0034	0.0045	0.0000	0.0000	0.0000	0.0000	0.0000	0.0000	0.0000	0.0000	0.0000	0.0289	0.0420	0.0103	0.0745	0.0827	0.0002	0.0063	0.0000	0.0112		
46	116	0.4889	9	1	0	1	1	0	0	0	0	N	N	N	N	N	N	N	N	N	N	N	N	0.0101	0.0000	0.3700	0.0000	0.0000	0.0512	0.4515	0.0000	0.0000	0.0000	0.0000	0.0000	0.0000	0.0000	0.0000	0.0000	0.0001	0.0001	0.0000	0.0002	0.0002	0.0000	0.0000	0.0000	0.0000	inf	0.1543	0.0000	-0.0000	4.1147	1.1177	1.2946	0.0023	0.0000	0.0000	0.0000	0.0000	0.0000	0.0000	0.0000	0.0000	0.0000	0.0000	0.0000	0.0000	0.0000	0.0000	0.0000	0.0000	0.0000	0.0000	0.0307	0.0281	0.0026	0.0149	0.0143	0.0006	0.0158	0.0138	0.0020	0.0033	0.0019	0.0014	0.0011	0.0010	0.0001	0.0022	0.0010	0.0013	0.0101	0.0000	0.3700	0.0000	0.0000	0.0000	0.0995	0.0000	0.4515	0.0001	0.0001	0.0000	0.0002	0.0002	0.0000	0.0000	0.0000	0.0000		
46	117	0.3052	3	1	1	1	0	0	0	0	0	N	N	N	N	N	N	N	N	N	N	N	N	6.6060	5.8405	0.1701	12.5351	13.2993	0.5671	9.1387	4.1664	0.1678	2.5306	2.7808	0.0075	2.4892	2.5701	0.0140	2.5523	2.9028	0.0066	0.3831	0.4761	0.0442	0.1986	0.1932	0.0247	0.2793	0.6967	0.0394	0.0003	0.4749	-0.5872	-0.0018	4.1147	31.2782	1.2946	23.9277	2.0469	2.0463	0.0005	0.6933	0.6931	0.0001	1.3536	1.3532	0.0004	0.0059	0.0040	0.0019	0.0029	0.0028	0.0001	0.0029	0.0011	0.0018	0.8089	0.7359	0.0730	0.2785	0.2697	0.0088	0.5303	0.4662	0.0642	0.2208	0.1313	0.0895	0.0584	0.0545	0.0039	0.1624	0.0768	0.0857	95.4034	91.9379	0.3566	49.5050	49.2625	0.5937	141.9175	197.7959	0.3158	0.0265	0.0302	0.0211	0.0503	0.0522	0.0236	0.0180	0.0147	0.0210
46	118	0.4889	9	1	0	2	1	0	0	0	0	N	N	Y	N	N	N	N	N	N	N	N	N	273.3293	1184.1109	1.7788	1037.9475	1207.9985	0.4895	2.2256	0.0002	0.0002	0.0000	0.0004	0.0004	0.0000	0.0000	0.0000	0.0000	0.0000	0.0000	0.0000	0.0000	0.0000	0.0000	0.0000	0.0000	0.0000	0.0011	5.7633	-0.0000	0.0000	4.1147	3.8827	1.2946	2.9998	0.0000	0.0000	0.0000	0.0000	0.0000	0.0000	0.0000	0.0000	0.0000	0.0000	0.0000	0.0000	0.0000	0.0000	0.0000	0.0000	0.0000	0.0000	0.1036	0.0947	0.0089	0.0491	0.0470	0.0021	0.0545	0.0477	0.0068	0.0201	0.0118	0.0083	0.0066	0.0060	0.0007	0.0135	0.0058	0.0076	273.3293	1184.1109	1.7788	1037.9475	1207.9985	0.0000	0.4895	0.0000	2.2256	0.0000	0.0000	0.0000	0.0000	0.0000	0.0000	0.0000	0.0000	0.0000		
46	119	0.4860	8	1	0	1	1	0	0	0	0	N	N	N	N	N	N	N	N	N	N	N	N	71.5151	0.1112	559.8365	0.1168	0.1083	75.3881	696.8856	0.0012	0.0000	0.0141	0.0000	0.0000	0.0000	0.0023	0.0000	0.0191	0.0000	0.0000	0.0000	0.0000	0.0000	0.0000	0.0000	0.0000	0.0000	1144.1820	1.7804	0.0001	0.0000	4.1147	2.8083	1.2946	0.0030	0.0001	0.0000	0.0001	0.0000	0.0000	0.0000	0.0001	0.0000	0.0001	0.0000	0.0000	0.0000	0.0000	0.0000	0.0000	0.0000	0.0000	0.0000	0.0862	0.0791	0.0071	0.0430	0.0412	0.0018	0.0431	0.0379	0.0052	0.0083	0.0049	0.0034	0.0027	0.0025	0.0003	0.0056	0.0024	0.0032	71.5151	0.1112	559.8365	0.1168	0.1083	0.0000	148.8160	0.0000	696.8856	0.0000	0.0000	0.0000	0.0000	0.0000	0.0000	0.0000	0.0000	0.0000		
46	120	0.4860	8	1	0	2	1	0	0	0	0	N	N	Y	N	N	N	N	N	N	N	N	N	135.9167	0.4455	961.0360	0.4824	0.4513	252.1204	1163.3552	0.0006	0.0000	0.0068	0.0000	0.0000	0.0000	0.0011	0.0000	0.0089	0.0000	0.0000	0.0000	0.0000	0.0000	0.0000	0.0000	0.0000	0.0000	627.5816	2.2111	0.0001	0.0000	4.1147	9.6158	1.2946	0.0030	0.0002	0.0000	0.0001	0.0000	0.0000	0.0000	0.0001	0.0000	0.0001	0.0000	0.0000	0.0000	0.0000	0.0000	0.0000	0.0000	0.0000	0.0000	0.2612	0.2391	0.0221	0.1247	0.1194	0.0053	0.1364	0.1196	0.0168	0.0279	0.0164	0.0115	0.0092	0.0083	0.0009	0.0187	0.0081	0.0106	135.9167	0.4455	961.0360	0.4824	0.4513	0.0000	252.1204	0.0000	1163.3552	0.0000	0.0000	0.0000	0.0000	0.0000	0.0000	0.0000	0.0000	0.0000		
46	121	0.4764	7	1	0	1	1	0	0	0	0	N	N	N	N	N	N	N	N	N	N	N	N	0.6086	0.6039	0.0114	0.2235	0.1973	1.2466	1.1086	3.1847	0.0107	0.0031	0.0034	0.0000	0.0008	0.0008	0.0000	0.0057	0.0065	0.0000	0.0052	0.0057	0.0021	0.0034	0.0040	0.0000	0.0051	0.0020	0.0022	0.0006	0.7333	-0.0001	-0.0000	4.1147	4.2457	1.2946	2.0144	0.0004	0.0004	0.0000	0.0000	0.0000	0.0000	0.0003	0.0003	0.0000	0.0000	0.0000	0.0000	0.0000	0.0000	0.0000	0.0000	0.0000	0.0000	0.1259	0.1156	0.0103	0.0651	0.0625	0.0026	0.0607	0.0531	0.0076	0.0207	0.0123	0.0084	0.0070	0.0064	0.0006	0.0137	0.0059	0.0078	1.5864	1.7782	0.0114	0.2290	0.2182	1.2466	4.4247	134.9756	0.0107	0.0020	0.0019	0.0021	0.0033	0.0036	0.0000	0.0013	0.0000	0.0022
46	122	0.4343	6	1	0	1	1	0	0	0	0	N	N	N	N	N	N	N	N	N	N	N	N	3.9060	3.7449	0.0053	0.0148	0.0147	0.8377	7.9388	14.8951	0.0075	2.9230	3.1944	0.0027	0.0144	0.0149	0.0002	5.3297	6.0909	0.0033	0.7483	0.8530	0.5037	0.9704	1.0115	0.0002	0.6714	0.4089	0.4375	0.0001	0.5983	-0.2682	-0.0020	4.1147	11.9190	1.2946	13.1740	0.9342	0.9341	0.0001	0.0021	0.0021	0.0000	0.9321	0.9320	0.0001	0.0078	0.0049	0.0029	0.0047	0.0047	0.0000	0.0030	0.0001	0.0029	0.3196	0.2924	0.0272	0.1447	0.1394	0.0053	0.1749	0.1530	0.0219	0.0807	0.0469	0.0338	0.0246	0.0226	0.0019	0.0561	0.0243	0.0318	30.3867	30.8715	0.0311	0.0748	0.0715	0.8377	98.2423	1059.8909	0.0360	0.0962	0.1035	0.0861	0.1920	0.2083	0.0002	0.0543	0.0057	0.0913
46	123	0.2042	6	1	0	2	1	0	0	0	0	N	N	Y	N	N	N	N	N	N	N	N	N	0.0311	0.0197	0.3440	0.0012	0.0011	0.0008	0.0717	0.0394	1.1735	0.1772	0.1947	0.0012	0.0154	0.0158	0.0000	0.2625	0.2991	0.0013	5.6956	9.8831	0.0035	12.7540	14.1635	0.0531	3.6617	7.5833	0.0011	0.0006	0.0002	-0.0188	-0.2375	4.1147	12.8936	1.2946	4.1514	0.0656	0.0655	0.0000	0.0020	0.0020	0.0000	0.0636	0.0636	0.0000	0.3781	0.3780	0.0001	0.1894	0.1893	0.0001	0.1887	0.1887	0.0000	0.3700	0.3367	0.0333	0.1277	0.1241	0.0036	0.2423	0.2126	0.0298	0.0664	0.0382	0.0281	0.0149	0.0134	0.0015	0.0515	0.0249	0.0267	0.0311	0.0197	0.3723	0.0012	0.0011	0.0011	0.0717	0.0394	1.1735	5.6956	9.8831	0.0032	12.7540	14.1635	0.0405	3.6617	7.5833	0.0011
46	124	0.4496	7	1	1	1	0	0	0	0	0	N	N	N	N	N	N	N	N	N	N	N	N	0.0002	0.0007	0.0000	0.0014	0.0014	0.0019	0.0000	0.0000	0.0000	0.0006	0.0007	0.0000	0.0015	0.0015	0.0000	0.0000	0.0000	0.0000	2.7663	1.0676	10.4883	1.0652	1.0573	0.0131	4.6939	1.4314	11.5854	0.0021	25.3654	-0.0001	0.1742	4.1147	12.7386	1.2946	8.7370	0.0002	0.0002	0.0000	0.0002	0.0002	0.0000	0.0000	0.0000	0.0000	0.5220	0.0198	0.5022	0.0176	0.0176	0.0000	0.5044	0.0022	0.5022	0.3314	0.3032	0.0282	0.1459	0.1406	0.0054	0.1855	0.1626	0.0229	0.1887	0.1003	0.0884	0.0813	0.0796	0.0016	0.1074	0.0207	0.0867	0.0002	0.0036	0.0000	0.0067	0.0069	0.0019	0.0000	0.0000	0.0000	2.7663	0.1974	5.6823	0.2172	0.2214	0.0131	4.6939	0.1050	5.7898
46	125	0.4343	6	1	1	1	0	0	0	0	0	N	N	N	N	N	N	N	N	N	N	N	N	0.0002	0.0011	0.0000	0.0013	0.0013	0.1155	0.0000	0.0000	0.0000	0.0013	0.0014	0.0002	0.0028	0.0029	0.0001	0.0000	0.0000	0.0003	6.3476	1.3400	22.6368	2.1941	2.2145	0.0008	8.9383	0.6098	26.2616	0.0156	23.8663	-0.0001	0.0746	4.1147	8.6431	1.2946	1.4782	0.0003	0.0003	0.0000	0.0003	0.0003	0.0000	0.0000	0.0000	0.0000	0.2252	0.0091	0.2161	0.0090	0.0090	0.0000	0.2162	0.0001	0.2161	0.2400	0.2198	0.0202	0.1111	0.1071	0.0040	0.1289	0.1127	0.0162	0.0355	0.0205	0.0150	0.0113	0.0104	0.0009	0.0242	0.0101	0.0141	0.0002	0.0032	0.0000	0.0035	0.0034	0.1155	0.0000	0.0006	0.0000	6.3476	0.4418	14.4282	0.7934	0.8607	0.0008	8.9383	0.0103	15.3320
46	126	0.4247	5	1	0	1	0	0	0	0	0	N	N	N	N	N	N	N	N	N	N	N	N	0.0914	0.8783	0.0085	7.9298	5.1755	11.4292	0.0069	0.8622	0.0075	0.0739	0.0844	0.0168	0.1538	0.1583	0.0045	0.0071	0.0033	0.0179	0.8081	0.0961	1.9642	0.0194	0.0306	0.0004	1.0421	0.0039	2.3768	0.0366	21.3814	-0.0029	0.0011	4.1147	4.1618	1.2946	2.0491	0.0115	0.0111	0.0004	0.0109	0.0109	0.0000	0.0006	0.0002	0.0004	0.0033	0.0001	0.0032	0.0001	0.0001	0.0000	0.0032	0.0000	0.0032	0.1564	0.1320	0.0243	0.0711	0.0691	0.0021	0.0852	0.0630	0.0223	0.0276	0.0158	0.0118	0.0129	0.0094	0.0035	0.0147	0.0064	0.0083	0.6128	8.9759	0.0622	13.3225	10.1082	11.4292	0.0330	25.3062	0.0468	0.1205	0.0094	0.2696	0.0115	0.0157	0.0004	0.2165	0.0001	0.3825
46	127	0.3956	4	1	0	1	0	0	0	0	0	N	N	N	N	N	N	N	N	N	N	N	N	0.4428	0.1268	10.0227	0.2922	0.1880	5.2910	0.5144	16.0076	12.6878	0.0386	0.0034	0.3994	0.0054	0.0036	0.0503	0.0627	0.0033	0.4776	0.0871	0.0271	0.0399	0.0185	0.0191	0.0095	0.1219	0.0002	0.0376	11.3350	1.9496	0.0059	0.0000	4.1147	9.4810	1.2946	7.4917	0.0093	0.0008	0.0085	0.0005	0.0004	0.0002	0.0087	0.0004	0.0083	0.0006	0.0002	0.0004	0.0002	0.0002	0.0000	0.0004	0.0000	0.0004	0.2405	0.2192	0.0213	0.1013	0.0974	0.0039	0.1392	0.1218	0.0174	0.0619	0.0394	0.0225	0.0210	0.0195	0.0015	0.0409	0.0200	0.0210	3.6907	0.6166	21.0175	0.4841	0.3190	5.2910	6.2128	4624.1741	24.2483	0.0104	0.0056	0.0190	0.0111	0.0113	0.0095	0.0101	0.0000	0.0197
46	128	0.2165	7	2	1	1	0	0	0	0	0	Y	N	N	N	N	N	N	N	N	N	N	N	2102.2245	1700.9381	768.1407	1646.3168	1493.8101	inf	212.8970	inf	0.0000	0.0135	0.0147	0.0027	0.0399	0.0408	0.0197	0.0004	0.0004	0.0000	0.0000	0.0000	0.0000	0.0000	0.0000	0.0000	0.0000	0.0000	0.0000	0.0201	0.3049	-0.0002	-0.0000	4.1147	2.0107	1.2946	1.9995	0.0007	0.0007	0.0000	0.0007	0.0007	0.0000	0.0000	0.0000	0.0000	0.0000	0.0000	0.0000	0.0000	0.0000	0.0000	0.0000	0.0000	0.0000	0.0518	0.0467	0.0051	0.0172	0.0165	0.0007	0.0347	0.0303	0.0044	0.0147	0.0084	0.0063	0.0030	0.0026	0.0004	0.0117	0.0058	0.0059	2102.2245	1708.3259	768.1407	1646.3168	1493.8101	inf	212.8970	inf	0.0000	0.0000	0.0000	0.0000	0.0000	0.0000	0.0000	0.0000	0.0000	0.0000
46	129	0.2042	6	2	1	1	0	0	0	0	0	Y	N	N	N	N	N	N	N	N	N	N	N	216.0151	168.8656	119.3241	114.4756	118.2341	212.2663	571.2119	736.5587	0.0236	0.7684	0.8271	0.1350	0.6570	0.6411	1.2949	0.8318	0.9443	0.0000	0.0036	0.0049	0.0011	0.0057	0.0054	0.0061	0.0015	0.0013	0.0009	0.0151	0.4848	-0.0387	-0.0000	4.1147	5.6459	1.2946	1.1399	0.1421	0.1399	0.0021	0.0440	0.0419	0.0021	0.0980	0.0980	0.0000	0.0000	0.0000	0.0000	0.0000	0.0000	0.0000	0.0000	0.0000	0.0000	0.1849	0.1692	0.0157	0.0670	0.0654	0.0016	0.1179	0.1038	0.0140	0.0285	0.0164	0.0121	0.0068	0.0062	0.0006	0.0217	0.0102	0.0115	521.1487	478.4620	119.3241	139.8961	140.7409	212.2663	1784.9401	51407.8820	0.0236	0.0015	0.0017	0.0011	0.0047	0.0046	0.0061	0.0005	0.0000	0.0009
46	130	0.1739	5	1	0	1	0	0	0	0	0	N	N	N	N	N	N	N	N	N	N	N	N	0.3180	0.1001	6.9615	0.9981	0.8913	5.9111	0.2762	0.0038	9.1907	0.0202	0.0120	0.0897	0.0292	0.0294	0.0240	0.0155	0.0016	0.0952	0.0636	0.1203	0.0129	0.0293	0.0329	0.0041	0.0561	0.4314	0.0104	0.8780	0.4644	0.0014	-0.0003	4.1147	11.6079	1.2946	5.3766	0.0077	0.0041	0.0036	0.0038	0.0038	0.0001	0.0039	0.0003	0.0035	0.0008	0.0006	0.0003	0.0004	0.0004	0.0000	0.0004	0.0002	0.0003	0.3809	0.3407	0.0401	0.1310	0.1279	0.0031	0.2499	0.2128	0.0371	0.0888	0.0534	0.0354	0.0246	0.0228	0.0018	0.0642	0.0306	0.0336	2.1619	1.1329	12.0613	1.8681	1.7716	5.9111	2.2338	0.2631	12.4875	0.0094	0.0106	0.0074	0.0156	0.0166	0.0041	0.0069	0.0062	0.0076
46	131	0.1560	4	1	0	1	0	0	0	0	0	N	N	N	N	N	N	N	N	N	N	N	N	0.2688	0.2362	1.2506	1.8098	2.1266	0.1619	0.1707	0.0039	1.8188	0.1299	0.0852	0.3782	0.1942	0.1991	0.0214	0.0926	0.0021	0.4036	0.4833	0.3609	0.3024	0.1073	0.0936	0.1322	0.5424	0.5427	0.2219	0.7988	1.7012	0.0032	0.0000	4.1147	3.9355	1.2946	8.7078	0.0202	0.0112	0.0090	0.0111	0.0111	0.0000	0.0091	0.0002	0.0089	0.0033	0.0012	0.0021	0.0011	0.0010	0.0001	0.0022	0.0003	0.0019	0.1556	0.1318	0.0237	0.0572	0.0556	0.0016	0.0984	0.0762	0.0222	0.0895	0.0572	0.0323	0.0295	0.0279	0.0016	0.0601	0.0293	0.0307	3.5402	4.0086	5.9064	5.2497	5.7423	0.2784	2.5319	0.2507	6.3716	0.0367	0.0213	0.0640	0.0370	0.0347	0.0769	0.0366	0.0085	0.0633
46	132	0.1444	3	1	0	1	0	0	0	0	0	N	N	N	N	N	N	N	N	N	N	N	N	0.1821	0.1132	1.2172	0.4303	0.4400	0.3821	0.1374	0.0016	1.6400	0.1094	0.0674	0.3789	0.1676	0.1706	0.0312	0.0786	0.0010	0.3988	0.6007	0.5951	0.3113	0.3896	0.3876	0.0816	0.5718	0.6147	0.2432	0.8765	0.7890	0.0044	-0.0008	4.1147	6.2657	1.2946	3.9760	0.0243	0.0129	0.0113	0.0129	0.0128	0.0001	0.0114	0.0001	0.0113	0.0045	0.0025	0.0020	0.0024	0.0023	0.0002	0.0020	0.0003	0.0018	0.2221	0.1921	0.0299	0.0768	0.0752	0.0016	0.1453	0.1169	0.0283	0.0829	0.0524	0.0305	0.0314	0.0280	0.0035	0.0515	0.0244	0.0271	2.0220	1.4082	5.8453	2.1580	2.1179	0.5714	1.9790	0.0965	6.0300	0.0541	0.0478	0.0648	0.0777	0.0805	0.0545	0.0397	0.0104	0.0661
46	133	0.0671	2	1	0	1	0	0	0	0	0	N	N	N	N	N	N	N	N	N	N	N	N	0.0955	0.0634	0.1742	0.1031	0.1064	0.4787	0.0511	0.0199	0.2071	0.0859	0.0722	0.1736	0.1808	0.1818	0.1586	0.0408	0.0116	0.1753	0.8995	1.1396	0.9966	1.7546	1.7094	0.3312	0.7982	0.5821	0.8468	0.3743	0.4086	-0.0011	-0.0202	4.1147	26.7012	1.2946	18.2690	0.0714	0.0519	0.0194	0.0484	0.0466	0.0018	0.0230	0.0054	0.0176	0.0598	0.0425	0.0174	0.0421	0.0416	0.0004	0.0178	0.0009	0.0169	0.8307	0.7187	0.1119	0.2676	0.2561	0.0114	0.5631	0.4626	0.1005	0.3076	0.1756	0.1320	0.0880	0.0849	0.0031	0.2196	0.0908	0.1289	0.4418	0.2988	1.3207	0.3782	0.3708	1.1012	0.5047	1.2354	1.3368	0.1945	0.2418	0.1315	0.4781	0.4904	0.1440	0.0808	0.0094	0.1312
47	48	0.5891	8	1	1	0	0	0	0	0	0	N	N	N	N	N	N	N	N	N	N	N	N	96.4792	88.4191	0.4473	9.4648	9.3342	0.3512	246.4923	519.7944	0.5638	1.0999	1.2361	0.0017	0.0839	0.0910	0.0011	1.8749	2.1640	0.0019	0.0114	0.0140	0.0037	0.0089	0.0098	0.0031	0.0076	0.0042	0.0034	0.0002	0.4919	-0.4472	-0.0004	22.0103	12.3962	13.6452	3.7178	1.5583	1.5580	0.0003	0.0514	0.0514	0.0001	1.5069	1.5066	0.0002	0.0015	0.0010	0.0005	0.0010	0.0010	0.0000	0.0005	0.0000	0.0005	1.4168	1.2604	0.1563	0.6131	0.5642	0.0489	0.8037	0.6962	0.1075	0.4145	0.2696	0.1449	0.1583	0.1459	0.0124	0.2562	0.1237	0.1325	305.1912	332.7991	0.4910	12.9944	13.5099	0.3512	1017.5181	14811.8266	0.5638	0.0036	0.0037	0.0034	0.0065	0.0067	0.0031	0.0018	0.0001	0.0034
47	49	0.5602	7	1	0	0	0	0	0	0	0	N	N	N	N	N	N	N	N	N	N	N	N	1.3920	0.2696	19.4577	0.8626	0.9481	1.0672	1.9668	0.1465	36.1237	0.5638	0.0374	5.0543	0.0390	0.0351	0.0893	0.9998	0.0395	7.3070	0.4050	0.1388	0.2598	0.0452	0.0370	0.0837	0.5083	0.2696	0.2023	15.8293	2.8512	0.6714	0.0017	22.0103	14.4870	13.6452	5.8627	1.0275	0.0611	0.9665	0.0323	0.0269	0.0053	0.9953	0.0341	0.9611	0.0149	0.0039	0.0111	0.0043	0.0033	0.0010	0.0106	0.0006	0.0101	1.8225	1.6313	0.1912	0.8270	0.7674	0.0597	0.9955	0.8639	0.1315	0.5265	0.3397	0.1868	0.2031	0.1852	0.0179	0.3234	0.1545	0.1689	19.8850	3.2797	85.4502	1.8360	1.9566	1.6121	30.4657	10.9973	122.7090	0.0284	0.0114	0.0591	0.0212	0.0179	0.0554	0.0328	0.0036	0.0595
47	50	0.5564	8	2	1	1	0	0	0	0	0	Y	N	N	N	N	N	N	N	N	N	N	N	0.0026	1.0164	0.0021	1.9360	1.1558	inf	0.0014	inf	0.0000	0.0021	0.0018	0.0045	0.0031	0.0020	0.0233	0.0014	0.0016	0.0000	0.8091	0.0018	2.1803	0.0016	0.0018	0.0000	1.0068	0.0000	2.1350	0.2878	241.4463	-0.0000	0.0036	22.0103	0.9856	13.6452	2.8295	0.0002	0.0002	0.0000	0.0001	0.0001	0.0000	0.0001	0.0001	0.0000	0.0097	0.0000	0.0097	0.0000	0.0000	0.0000	0.0097	0.0000	0.0097	0.0965	0.0866	0.0099	0.0373	0.0354	0.0019	0.0592	0.0512	0.0080	0.0806	0.0485	0.0320	0.0250	0.0229	0.0020	0.0556	0.0256	0.0300	0.0171	2.1649	0.0149	1.9360	1.1558	inf	0.0081	inf	0.0000	0.1210	0.0008	0.3031	0.0016	0.0018	0.0000	0.1746	0.0000	0.3237
47	51	0.1695	4	2	1	0	0	0	0	0	0	Y	N	N	N	N	N	N	N	N	N	N	N	0.0200	0.0269	0.0044	0.0279	0.0274	0.3599	0.0180	0.6524	0.0046	0.0149	0.0166	0.0051	0.0146	0.0149	0.0049	0.0149	0.0172	0.0051	0.7425	0.6177	1.1562	0.5242	0.5430	0.0137	0.8300	0.0264	1.1014	0.0543	2.0177	-0.0063	0.0034	22.0103	13.3057	13.6452	8.6321	0.0266	0.0253	0.0014	0.0060	0.0060	0.0000	0.0206	0.0193	0.0013	0.0841	0.0279	0.0562	0.0279	0.0276	0.0003	0.0562	0.0002	0.0560	1.7936	1.5234	0.2702	0.4115	0.4024	0.0091	1.3821	1.1210	0.2611	0.9027	0.5291	0.3736	0.2839	0.2650	0.0188	0.6188	0.2641	0.3548	0.1595	0.3149	0.0338	0.1490	0.1425	0.3599	0.1643	20.4520	0.0322	0.0932	0.0527	0.1505	0.0983	0.1043	0.0137	0.0908	0.0008	0.1578
47	52	0.6911	10	1	1	0	1	0	0	0	0	N	N	N	N	N	N	N	N	N	N	N	N	0.0625	0.0282	0.0083	0.1462	0.1286	0.0460	0.1239	0.0585	0.0068	0.0032	0.0035	0.0001	0.0045	0.0047	0.0001	0.0021	0.0024	0.0000	0.0504	0.1241	0.0069	0.0304	0.0367	0.0022	0.0169	0.0412	0.0060	0.0018	0.2309	-0.0002	-0.0002	22.0103	2.1073	13.6452	0.0711	0.0007	0.0007	0.0000	0.0004	0.0004	0.0000	0.0003	0.0003	0.0000	0.0004	0.0003	0.0001	0.0003	0.0003	0.0000	0.0001	0.0000	0.0001	0.2181	0.1964	0.0218	0.0979	0.0923	0.0056	0.1202	0.1041	0.0161	0.0473	0.0310	0.0163	0.0202	0.0180	0.0023	0.0270	0.0130	0.0140	0.3622	0.3239	0.0120	0.2772	0.2649	0.0460	0.6559	2.2031	0.0079	0.0087	0.0108	0.0047	0.0161	0.0178	0.0022	0.0032	0.0011	0.0051
47	53	0.6288	9	1	0	0	1	0	0	0	0	N	N	N	N	N	N	N	N	N	N	N	N	1.5235	1.3560	0.0334	0.7273	0.7589	10.8705	1.5721	1.7146	0.0026	1.5319	1.6933	0.0754	1.4149	1.4883	0.2674	1.6242	1.8681	0.0060	1.0055	1.2487	2.2565	1.9452	1.9611	0.0246	1.0331	1.0895	2.2600	0.0049	0.5530	-0.8907	-0.0483	22.0103	21.8329	13.6452	8.0592	3.1561	3.1406	0.0155	1.2848	1.2702	0.0146	1.8713	1.8704	0.0009	0.1774	0.1142	0.0632	0.1054	0.1050	0.0004	0.0720	0.0092	0.0628	2.0602	1.8547	0.2055	0.9081	0.8535	0.0546	1.1522	1.0013	0.1509	0.5406	0.3483	0.1922	0.1857	0.1693	0.0163	0.3549	0.1790	0.1759	4.6692	5.1647	0.2296	2.4936	2.4009	11.3845	8.0049	36.1883	0.0167	0.3281	0.3279	0.3285	0.5674	0.6199	0.0235	0.2029	0.0516	0.3569
47	54	0.2819	6	1	1	0	1	0	0	0	0	N	N	N	N	N	N	N	N	N	N	N	N	0.0000	0.0000	0.0000	0.0000	0.0000	0.0000	0.0000	0.0000	0.0000	0.0000	0.0000	0.0000	0.0000	0.0000	0.0000	0.0000	0.0000	0.0000	0.0000	0.0000	22.0103	0.0000	13.6452	0.0000	0.0000	0.0000	0.0000	0.0000	0.0000	0.0000	0.0000	0.0000	0.0000	0.0000	0.0000	0.0000	0.0000	0.0000	0.0000	0.0000	0.0000	0.0000	0.0000	0.0000	0.0000	0.0000	0.0000	0.0000	0.0000	0.0000	0.0000	0.0000	0.0000	0.0000	0.0000	0.0000	0.0000	0.0000	0.0000	0.0000	0.0000	0.0000	0.0000	0.0000	0.0000	0.0000	0.0000	0.0000	0.0000	0.0000	0.0000	0.0000	0.0000	0.0000	0.0000	0.0000	0.0000	0.0000											
47	55	0.6288	9	1	0	0	1	0	0	0	0	N	N	N	N	N	N	N	N	N	N	N	N	1.9656	10.0710	0.2631	0.2261	1.3557	0.0007	11.6597	60.0072	2.8062	0.0642	0.0698	0.0095	0.0061	0.0065	0.0003	0.1288	0.1452	0.0146	0.0327	0.0069	0.0362	0.0271	0.0048	0.3627	0.0110	0.0024	0.0052	0.0139	3.6826	-0.0030	0.0000	22.0103	1.2825	13.6452	0.1503	0.0111	0.0110	0.0002	0.0006	0.0006	0.0000	0.0106	0.0104	0.0002	0.0003	0.0001	0.0002	0.0002	0.0001	0.0001	0.0001	0.0000	0.0000	0.1731	0.1572	0.0160	0.0912	0.0855	0.0057	0.0820	0.0717	0.0103	0.0355	0.0241	0.0114	0.0138	0.0128	0.0010	0.0217	0.0113	0.0105	9.0293	31.1265	0.5495	0.4180	1.5681	0.0017	55.6008	2218.9166	3.0857	0.0071	0.0022	0.0173	0.0147	0.0042	0.1504	0.0023	0.0001	0.0047
47	56	0.5878	8	1	0	0	1	0	0	0	0	N	N	N	N	N	N	N	N	N	N	N	N	1.7477	0.9619	6.0849	2.7085	2.6300	0.9834	2.6300	0.3602	9.3299	0.0259	0.0273	0.0130	0.0395	0.0414	0.0063	0.0143	0.0141	0.0154	0.0148	0.0284	0.0021	0.0146	0.0157	0.0064	0.0054	0.0392	0.0016	0.0517	0.1919	-0.0108	-0.0012	22.0103	14.8542	13.6452	6.8183	0.0454	0.0432	0.0022	0.0320	0.0317	0.0003	0.0135	0.0115	0.0020	0.0025	0.0021	0.0004	0.0020	0.0019	0.0001	0.0004	0.0002	0.0003	1.7528	1.5814	0.1713	0.8091	0.7653	0.0438	0.9437	0.8161	0.1275	0.5430	0.3582	0.1848	0.2127	0.1933	0.0193	0.3304	0.1649	0.1654	5.7199	4.7395	6.0849	4.1713	4.2344	0.9834	10.5492	13.3133	9.3299	0.0045	0.0058	0.0021	0.0095	0.0098	0.0064	0.0014	0.0011	0.0016
47	57	0.5128	7	1	0	0	1	0	0	0	0	N	N	N	N	N	N	N	N	N	N	N	N	4.1465	1.8003	100.7566	1.9856	1.9155	2.2150	5.6847	1.0310	158.0922	0.6128	0.4013	2.3044	0.0538	0.0565	0.0184	1.0381	0.6856	3.1638	0.1478	0.2229	0.0229	0.0271	0.0295	0.0083	0.1826	0.6650	0.0200	0.7179	0.4874	0.3101	-0.0040	22.0103	33.5853	13.6452	9.3450	2.3718	1.3806	0.9912	0.0900	0.0878	0.0022	2.2818	1.2928	0.9890	0.0134	0.0090	0.0044	0.0054	0.0051	0.0003	0.0081	0.0039	0.0041	3.8702	3.4401	0.4301	1.6721	1.5546	0.1175	2.1982	1.8855	0.3126	1.0049	0.6317	0.3733	0.3660	0.3320	0.0340	0.6390	0.2997	0.3393	45.8062	28.0458	195.2375	3.6667	3.6851	2.2150	82.1659	52.0391	260.2791	0.0134	0.0143	0.0118	0.0147	0.0153	0.0083	0.0126	0.0132	0.0122
47	58	0.4921	6	1	0	0	0	0	0	0	0	N	N	N	N	N	N	N	N	N	N	N	N	1.5217	1.2811	7.3519	2.2012	1.8834	37.0578	1.9195	1.1032	8.3605	0.9464	0.8851	1.2766	0.3971	0.3362	1.2392	1.3762	1.4027	1.2853	0.6219	0.6909	0.1736	0.1804	0.1785	0.0334	0.7169	1.2715	0.1537	0.2674	0.4658	-0.1665	-0.0078	22.0103	15.2419	13.6452	2.5705	2.1864	1.7251	0.4613	0.4027	0.3179	0.0848	1.7837	1.4071	0.3766	0.0250	0.0171	0.0079	0.0074	0.0070	0.0004	0.0176	0.0101	0.0076	2.3103	1.9489	0.3614	1.0142	0.9457	0.0684	1.2961	1.0032	0.2930	0.4311	0.2684	0.1627	0.1532	0.1397	0.0135	0.2778	0.1287	0.1492	16.3088	13.9204	26.1271	8.2299	6.7101	42.5722	21.6980	17.9294	25.3763	0.0580	0.0636	0.0489	0.0482	0.0501	0.0291	0.0634	0.0782	0.0506
47	59	0.2819	6	1	0	0	1	0	0	0	0	N	N	N	N	N	N	N	N	N	N	N	N	0.0051	0.0045	0.0150	0.0148	0.0023	0.0026	0.0000	0.0060	0.0062	0.0000	0.0000	0.0000	0.0000	0.4519	0.5852	0.0000	0.4019	0.4151	0.0000	0.0000	0.0000	0.0000	0.0000	0.0009	-0.0000	-0.0000	22.0103	0.0000	13.6452	0.0000	0.0000	0.0000	0.0000	0.0000	0.0000	0.0000	0.0000	0.0000	0.0000	0.0000	0.0000	0.0000	0.0000	0.0000	0.0000	0.0000	0.0000	0.0000	0.0000	0.0000	0.0000	0.0000	0.0000	0.0000	0.0000	0.0000	0.0000	0.0000	0.0000	0.0000	0.0000	0.0000	0.0000	0.0000	0.0000	0.0000	0.0694	0.0567	0.0000	0.0758	0.0724	0.0000	0.0000	0.0000	0.0000	0.0335	0.0463	0.0000	0.0793	0.0851	0.0000	0.0000	0.0000	0.0000					
47	60	0.2045	5	1	0	0	1	0	0	0	0	N	N	N	N	N	N	N	N	N	N	N	N	2.2089	1.7644	0.4510	0.0256	0.0254	6.1265	712.9882	424.8380	0.0025	1.0748	1.2088	0.0005	0.0189	0.0198	0.0036	1.4602	1.6831	0.0000	0.4866	0.6851	0.0010	0.7375	0.7788	0.0006	0.0020	0.0040	0.0010	0.0000	0.0115	-0.5539	-0.0160	22.0103	19.3360	13.6452	7.9957	1.9295	1.9294	0.0001	0.0091	0.0090	0.0001	1.9204	1.9204	0.0000	0.0259	0.0256	0.0003	0.0256	0.0256	0.0000	0.0003	0.0000	0.0003	1.7953	1.5962	0.1991	0.4801	0.4552	0.0249	1.3152	1.1410	0.1742	0.6995	0.4075	0.2920	0.1872	0.1701	0.0172	0.5123	0.2374	0.2748	28.9874	19.2115	0.4510	0.1383	0.1312	6.1265	2366.3636	12359.4935	0.0025	0.0371	0.0629	0.0010	0.1368	0.1506	0.0006	0.0006	0.0001	0.0010
47	61	0.3707	5	1	1	1	0	0	0	0	0	N	N	N	N	N	N	N	N	N	N	N	N	2.0055	1.2327	3.5334	2.3024	1.4213	8.6038	0.9892	100.1847	0.0080	1.9909	1.5843	5.2566	5.2701	3.2156	47.7282	0.8161	0.9407	0.0095	0.9927	1.2852	1.4877	2.2890	2.2625	5.5473	0.8250	0.0094	1.1967	0.4131	0.3445	0.0149	-0.0833	22.0103	14.2360	13.6452	11.9336	2.8669	2.0288	0.8381	2.0017	1.1650	0.8367	0.8652	0.8639	0.0014	0.2239	0.1665	0.0574	0.1769	0.1664	0.0104	0.0470	0.0001	0.0469	1.4400	1.2806	0.1594	0.3798	0.3623	0.0175	1.0602	0.9183	0.1419	0.7336	0.4353	0.2983	0.1990	0.1873	0.0117	0.5345	0.2480	0.2866	6.5235	4.1415	27.3347	5.9310	3.6193	53.6003	9.2779	2565.9620	0.0583	0.3052	0.3825	0.1923	0.8886	0.8884	0.8904	0.0880	0.0004	0.1637
47	62	0.4792	7	2	0	1	0	0	0	0	0	Y	N	N	N	N	N	N	N	N	N	N	N	1.4567	2.2399	0.2771	16.7902	33.2233	0.2993	0.7372	0.5167	0.2976	0.5737	0.6373	0.0404	0.9601	1.0147	0.0853	0.3423	0.3913	0.0287	0.3939	0.2845	0.1457	0.0572	0.0305	0.2850	0.4644	0.7574	0.0964	0.0076	1.6623	-0.4249	-0.0001	22.0103	28.8660	13.6452	13.2209	1.5195	1.5081	0.0114	0.9525	0.9475	0.0050	0.5670	0.5606	0.0064	0.0238	0.0090	0.0149	0.0068	0.0039	0.0029	0.0170	0.0051	0.0120	2.6484	2.3662	0.2821	0.9921	0.9338	0.0583	1.6563	1.4324	0.2238	0.8616	0.5231	0.3385	0.2717	0.2493	0.0224	0.5899	0.2738	0.3161	20.7462	37.2506	0.9189	38.3473	65.0403	0.6561	11.8610	21.1728	0.7579	0.0277	0.0171	0.0440	0.0250	0.0156	0.1300	0.0289	0.0185	0.0379
47	63	0.4765	6	2	1	0	0	0	0	0	0	Y	N	N	N	N	N	N	N	N	N	N	N	2.3083	2.2988	0.0366	0.0364	0.0342	0.5589	3.1397	3.8786	0.0362	2.0335	2.2754	0.0584	0.0428	0.0406	0.0804	2.9623	3.4159	0.0543	0.8810	0.9898	1.5941	1.1735	1.1875	0.1438	0.9435	0.8807	1.4978	0.0031	0.9174	-0.2843	-0.0091	22.0103	5.0237	13.6452	8.0282	1.0010	0.9979	0.0031	0.0067	0.0060	0.0007	0.9943	0.9918	0.0025	0.0610	0.0318	0.0292	0.0298	0.0291	0.0007	0.0312	0.0027	0.0284	0.4922	0.4385	0.0537	0.1566	0.1482	0.0084	0.3356	0.2904	0.0453	0.3516	0.2099	0.1416	0.1232	0.1141	0.0092	0.2283	0.0959	0.1325	11.7183	15.0118	0.2833	0.1767	0.1593	0.9877	21.6953	119.7984	0.2529	0.1735	0.1516	0.2061	0.2421	0.2550	0.0814	0.1365	0.0285	0.2147
47	64	0.4135	5	2	1	0	0	0	0	0	0	Y	N	N	N	N	N	N	N	N	N	N	N	0.4800	0.0741	0.9136	0.3028	0.8365	0.0453	0.4765	0.0096	0.9797	1.0337	0.0181	9.2244	0.0453	0.0455	0.0418	1.4859	0.0046	11.2538	2.1537	0.2442	10.0969	0.1495	0.0544	0.9220	3.1185	0.4797	11.4871	63.1679	231.7359	1.2835	0.6898	22.0103	17.5893	13.6452	19.0270	1.8407	0.0287	1.8120	0.0253	0.0238	0.0015	1.8154	0.0049	1.8105	1.8777	0.0081	1.8697	0.0120	0.0062	0.0059	1.8657	0.0019	1.8638	1.7808	1.5843	0.1964	0.5590	0.5234	0.0356	1.2218	1.0609	0.1609	0.8719	0.5252	0.3467	0.2736	0.2525	0.0211	0.5983	0.2727	0.3255	0.4800	1.1786	1.7104	1.0296	1.8646	0.1506	0.4765	0.6560	1.9656	2.1537	0.0154	5.3931	0.0440	0.0244	0.2775	3.1185	0.0070	5.7254
47	65	0.4072	4	1	1	0	0	0	0	0	0	N	N	N	N	N	N	N	N	N	N	N	N	0.0338	0.0059	0.1252	0.0569	0.0459	0.7883	0.0361	0.0023	0.1437	0.0247	0.0024	0.2148	0.0086	0.0061	0.0600	0.0326	0.0005	0.2403	0.7315	0.4135	1.7148	0.1509	0.1339	0.0761	0.9026	0.1961	1.6714	10.3496	4.3489	0.0031	0.0031	22.0103	1.7566	13.6452	2.8742	0.0050	0.0004	0.0046	0.0006	0.0004	0.0002	0.0044	0.0001	0.0044	0.0170	0.0032	0.0139	0.0032	0.0030	0.0002	0.0138	0.0002	0.0137	0.2029	0.1816	0.0213	0.0662	0.0632	0.0030	0.1366	0.1183	0.0183	0.1882	0.1274	0.0608	0.0727	0.0695	0.0032	0.1155	0.0578	0.0576	0.2731	0.0973	0.9425	0.1951	0.1408	1.1221	0.2716	0.1705	1.0118	0.0906	0.0250	0.2279	0.0440	0.0436	0.0534	0.1199	0.0027	0.2375
47	66	0.3707	5	1	1	0	0	0	0	0	0	N	N	N	N	N	N	N	N	N	N	N	N	1.9295	0.5551	50.0744	0.4795	0.4757	33.9548	5.3226	178.3858	70.1801	2.6448	1.0539	15.5373	2.0517	2.1224	0.6126	2.8532	0.6416	17.4004	1.3707	1.8986	0.3103	4.2788	4.4613	0.0180	0.5361	0.0036	0.2479	1.8191	0.0241	1.9644	-0.5829	22.0103	21.1811	13.6452	10.1862	5.4851	1.9457	3.5394	1.1066	1.0911	0.0155	4.3785	0.8546	3.5239	0.9638	0.9411	0.0227	0.9413	0.9411	0.0003	0.0225	0.0000	0.0224	2.0740	1.8462	0.2278	0.5394	0.5141	0.0253	1.5346	1.3321	0.2025	0.8616	0.5116	0.3500	0.2324	0.2185	0.0139	0.6293	0.2931	0.3362	2.3644	0.5729	239.6995	0.5065	0.4928	33.9548	79.8929	5618.6334	260.6744	1.1186	1.8396	0.0648	4.0509	4.3072	0.0180	0.0357	0.0001	0.0668
47	67	0.3569	4	1	1	0	0	0	0	0	0	N	N	N	N	N	N	N	N	N	N	N	N	0.0786	0.0343	0.1383	0.0263	0.0272	2.1874	0.0826	5.8641	0.1536	0.0944	0.0362	0.5797	0.0446	0.0460	0.0200	0.1147	0.0318	0.6741	1.2004	1.0541	4.1917	1.6954	1.6880	0.0092	1.3888	0.0054	4.3875	1.9240	5.7256	0.0287	0.0406	22.0103	7.4253	13.6452	0.9851	0.0774	0.0265	0.0509	0.0106	0.0103	0.0003	0.0668	0.0161	0.0506	0.1820	0.0271	0.1549	0.0271	0.0270	0.0000	0.1549	0.0000	0.1549	0.8196	0.7318	0.0878	0.2374	0.2247	0.0127	0.5822	0.5071	0.0751	0.2415	0.1431	0.0983	0.0618	0.0580	0.0039	0.1797	0.0852	0.0945	0.1253	0.1913	0.3680	0.1018	0.0986	2.1874	0.1330	149.1630	0.4112	0.7536	0.1890	1.5754	0.4380	0.4665	0.0092	0.8622	0.0002	1.6394
47	68	0.5602	7	1	0	1	0	0	0	0	0	N	N	N	N	N	N	N	N	N	N	N	N	34.9243	2.0816	452.4440	1.6578	1.8864	0.6260	53.6794	3.3431	892.4979	0.5498	0.0260	5.0209	0.0151	0.0157	0.0074	0.9911	0.0351	7.2796	0.0157	0.0125	0.0111	0.0091	0.0083	0.0118	0.0185	0.0105	0.0082	22.6330	1.0838	0.6901	-0.0003	22.0103	15.0354	13.6452	6.2061	1.0292	0.0435	0.9856	0.0128	0.0123	0.0005	1.0164	0.0312	0.9852	0.0025	0.0012	0.0013	0.0014	0.0012	0.0002	0.0012	0.0001	0.0011	1.8720	1.6757	0.1963	0.8464	0.7855	0.0610	1.0256	0.8902	0.1353	0.5446	0.3510	0.1936	0.2094	0.1909	0.0185	0.3352	0.1601	0.1751	117.9124	7.4858	736.0148	2.2998	2.5925	0.6260	285.1217	88.3952	1156.9094	0.0047	0.0035	0.0068	0.0066	0.0061	0.0118	0.0035	0.0004	0.0063
47	69	0.4921	6	1	0	0	0	0	0	0	0	N	N	N	N	N	N	N	N	N	N	N	N	1.2059	2.3100	2.1472	1.9613	3.7542	1.4733	1.4927	28.9045	3.5966	0.6108	0.5578	0.9417	0.2923	0.2605	0.7568	0.8268	0.7903	0.9843	0.5065	0.2415	0.4386	0.1490	0.0694	0.5137	0.5539	0.0273	0.2737	0.2703	3.1840	-0.1528	0.0047	22.0103	27.6811	13.6452	13.1592	2.0552	1.6179	0.4373	0.3975	0.3316	0.0659	1.6577	1.2863	0.3715	0.0357	0.0085	0.0271	0.0137	0.0083	0.0054	0.0220	0.0002	0.0218	3.3649	2.9005	0.4644	1.3600	1.2730	0.0871	2.0049	1.6275	0.3774	0.9005	0.5607	0.3398	0.3111	0.2832	0.0279	0.5894	0.2775	0.3119	15.4247	36.6981	11.7919	6.6568	8.9078	3.9252	22.1539	915.8506	14.1105	0.0396	0.0152	0.0799	0.0439	0.0292	0.1928	0.0373	0.0009	0.0698
47	70	0.4573	5	1	0	0	0	0	0	0	0	N	N	N	N	N	N	N	N	N	N	N	N	1.0812	0.6860	2.9108	1.8533	2.8206	1.0675	1.3239	0.7634	4.0241	0.8819	0.1970	6.2902	0.1975	0.1865	0.3464	1.3384	0.2046	8.2187	0.8156	0.2871	2.1610	0.1066	0.0661	0.3245	1.0109	0.2680	2.0424	4.0437	10.6015	1.0632	0.0237	22.0103	19.6565	13.6452	4.0504	2.0661	0.4096	1.6564	0.1851	0.1628	0.0223	1.8809	0.2468	1.6341	0.0830	0.0072	0.0758	0.0091	0.0065	0.0026	0.0738	0.0006	0.0732	2.3429	2.0795	0.2633	0.9375	0.8730	0.0645	1.4054	1.2066	0.1988	0.6668	0.4143	0.2525	0.2490	0.2305	0.0185	0.4178	0.1839	0.2339	7.0876	11.4131	20.9471	5.3812	6.6095	2.4367	7.5740	58.0010	26.2726	0.1244	0.0173	0.3003	0.0367	0.0282	0.1422	0.1767	0.0035	0.3128
47	71	0.3600	5	2	1	0	0	0	0	0	0	Y	N	N	N	N	N	N	N	N	N	N	N	2.0309	0.8284	352.7521	0.8322	0.7104	26.9608	10.3826	0.4865	602.3691	0.0057	0.0051	0.0109	0.0039	0.0037	0.0086	0.0064	0.0057	0.0112	0.0028	0.0062	0.0000	0.0047	0.0052	0.0003	0.0006	0.0118	0.0000	0.2444	0.0102	-0.0010	-0.0005	22.0103	17.5448	13.6452	6.0013	0.0106	0.0085	0.0021	0.0021	0.0019	0.0002	0.0085	0.0067	0.0019	0.0008	0.0008	0.0000	0.0007	0.0007	0.0000	0.0001	0.0001	0.0000	1.8601	1.6685	0.1915	0.5321	0.5063	0.0258	1.3280	1.1622	0.1658	0.6368	0.3785	0.2583	0.1657	0.1552	0.0105	0.4712	0.2233	0.2478	4.5815	2.4642	352.7521	0.9452	0.8358	26.9608	28.8771	12.7861	602.3691	0.0012	0.0021	0.0000	0.0042	0.0044	0.0003	0.0002	0.0004	0.0000
47	72	0.4285	8	2	1	1	0	0	0	0	0	Y	N	N	N	N	N	N	N	N	N	N	N	0.0610	0.0310	1.8122	0.0153	0.0081	474.7234	3.3703	2.0318	0.3563	0.0006	0.0006	0.0003	0.0002	0.0001	0.0018	0.0008	0.0009	0.0001	0.0095	0.0197	0.0002	0.0119	0.0134	0.0000	0.0002	0.0004	0.0002	0.0596	0.0177	-0.0000	-0.0004	22.0103	1.8980	13.6452	2.9698	0.0001	0.0001	0.0000	0.0000	0.0000	0.0000	0.0001	0.0001	0.0000	0.0006	0.0006	0.0000	0.0006	0.0006	0.0000	0.0000	0.0000	0.0000	0.2098	0.1875	0.0223	0.0708	0.0677	0.0031	0.1390	0.1198	0.0192	0.1895	0.1278	0.0618	0.0723	0.0680	0.0043	0.1172	0.0597	0.0575	0.1825	0.1322	1.8122	0.0225	0.0126	474.7234	8.6687	453.2249	0.3563	0.0032	0.0046	0.0002	0.0081	0.0086	0.0000	0.0001	0.0000	0.0002
47	73	0.4089	7	2	0	1	0	0	0	0	0	Y	N	N	N	N	N	N	N	N	N	N	N	0.1118	0.4205	0.0001	0.0546	0.2543	0.0000	0.2314	0.5563	0.0003	0.0483	0.0559	0.0000	0.0115	0.0122	0.0001	0.0868	0.1111	0.0000	0.4317	0.1329	0.3442	0.2110	0.0481	2.3253	0.3751	0.1996	0.1208	0.0001	3.3560	-0.0126	0.0011	22.0103	3.5853	13.6452	4.3819	0.0438	0.0438	0.0000	0.0054	0.0053	0.0000	0.0385	0.0384	0.0000	0.0080	0.0018	0.0061	0.0041	0.0016	0.0025	0.0039	0.0002	0.0036	0.9074	0.7838	0.1236	0.4644	0.4376	0.0268	0.4430	0.3462	0.0968	0.2500	0.1613	0.0887	0.0790	0.0743	0.0047	0.1710	0.0870	0.0840	1.5139	4.9255	0.0007	0.2223	0.5698	0.0002	3.8294	40.8555	0.0007	0.0319	0.0113	0.0692	0.0518	0.0215	0.5317	0.0227	0.0027	0.0433
47	74	0.3774	6	2	0	1	0	0	0	0	0	Y	N	N	N	N	N	N	N	N	N	N	N	37.1254	25.7010	546.4850	3.1580	4.5584	0.5383	160.1974	57.5401	1573.2719	3.0096	1.8523	13.9093	0.1638	0.1660	0.1131	4.3991	2.7517	16.1967	0.0811	0.0721	0.0255	0.0519	0.0364	0.2100	0.0275	0.0478	0.0103	0.7972	0.8797	0.6704	-0.0009	22.0103	12.3589	13.6452	7.3592	4.2852	2.3843	1.9009	0.0765	0.0743	0.0022	4.2087	2.3100	1.8987	0.0057	0.0031	0.0027	0.0040	0.0028	0.0012	0.0018	0.0002	0.0015	1.4239	1.2872	0.1367	0.4671	0.4477	0.0194	0.9567	0.8395	0.1172	0.5671	0.3559	0.2112	0.1690	0.1581	0.0109	0.3981	0.1978	0.2003	297.4612	215.9923	1093.8609	6.9598	9.3342	1.0562	994.1529	2254.2132	2133.9659	0.0101	0.0086	0.0127	0.0235	0.0178	0.1071	0.0044	0.0012	0.0076
47	75	0.3600	5	2	0	1	0	0	0	0	0	Y	N	N	N	N	N	N	N	N	N	N	N	6.3809	7.4225	1.7966	37.0741	55.4809	0.2584	0.1958	0.0230	3.2859	0.8481	0.9351	0.0555	2.6921	2.8213	0.0730	0.0098	0.0039	0.0524	0.1329	0.1260	0.0309	0.0726	0.0509	0.2825	0.0502	0.1690	0.0159	0.0065	0.9399	-0.2814	-0.0006	22.0103	10.2127	13.6452	1.0234	1.0025	0.9960	0.0065	0.9945	0.9933	0.0013	0.0080	0.0028	0.0052	0.0040	0.0020	0.0019	0.0024	0.0018	0.0007	0.0015	0.0003	0.0013	1.1821	1.0652	0.1169	0.3694	0.3521	0.0174	0.8127	0.7132	0.0995	0.3140	0.1865	0.1275	0.0818	0.0767	0.0051	0.2321	0.1098	0.1223	67.2776	85.4825	3.6857	90.2823	121.9504	0.5639	1.5037	1.6070	5.1194	0.0126	0.0109	0.0150	0.0298	0.0231	0.1295	0.0065	0.0024	0.0102
47	76	0.3569	4	2	0	0	0	0	0	0	0	Y	N	N	N	N	N	N	N	N	N	N	N	16.2251	10.5023	1.9315	15.5865	15.9307	0.7376	23.9408	3.8721	1.9222	0.0129	0.0143	0.0004	0.0250	0.0264	0.0006	0.0066	0.0075	0.0003	0.0008	0.0014	0.0002	0.0016	0.0017	0.0007	0.0003	0.0019	0.0002	0.0028	0.1787	-0.0017	-0.0000	22.0103	3.7027	13.6452	0.0091	0.0059	0.0058	0.0000	0.0039	0.0039	0.0000	0.0020	0.0020	0.0000	0.0001	0.0000	0.0000	0.0000	0.0000	0.0000	0.0000	0.0000	0.0000	0.4544	0.4074	0.0470	0.1554	0.1467	0.0087	0.2989	0.2607	0.0383	0.1079	0.0639	0.0440	0.0276	0.0259	0.0017	0.0803	0.0380	0.0422	26.4363	20.5379	1.9315	15.5865	15.9307	0.7376	63.4532	170.9788	1.9222	0.0005	0.0007	0.0002	0.0016	0.0017	0.0007	0.0001	0.0000	0.0002
47	77	0.3399	3	1	0	0	0	0	0	0	0	N	N	N	N	N	N	N	N	N	N	N	N	0.9328	1.5003	1.7462	0.4582	6.0397	0.0556	0.8566	1.7590	1.7976	2.1925	0.0314	19.4100	0.1047	0.0891	0.4274	2.9582	0.0081	21.7730	2.3504	0.0210	11.1158	0.2284	0.0148	7.6833	3.4533	0.0046	12.1123	77.4676	799.7398	0.6929	0.3380	22.0103	3.8334	13.6452	6.1787	0.9897	0.0126	0.9771	0.0127	0.0103	0.0024	0.9770	0.0023	0.9747	0.9126	0.0011	0.9115	0.0069	0.0011	0.0058	0.9057	0.0000	0.9057	0.4514	0.4011	0.0503	0.1211	0.1155	0.0056	0.3303	0.2855	0.0448	0.3883	0.2355	0.1528	0.1260	0.1208	0.0052	0.2623	0.1147	0.1475	0.9328	6.4987	3.2532	1.9083	9.6050	0.3863	0.8566	48.1554	3.5468	2.3504	0.0048	5.9664	0.0548	0.0093	1.1065	3.4533	0.0002	6.1388
47	78	0.3008	2	1	0	0	0	0	0	0	0	N	N	N	N	N	N	N	N	N	N	N	N	1.0831	2.3248	0.7536	1.6256	9.8665	0.0100	0.8907	5.3276	0.8368	1.4270	0.9497	3.9753	0.9544	1.0274	0.1115	1.6132	0.9150	4.6186	1.3175	0.4085	5.2748	0.5871	0.1041	11.1965	1.8112	0.1718	5.5193	0.7840	69.0267	0.4870	0.4885	22.0103	16.9094	13.6452	5.8161	3.1972	1.7922	1.4051	0.6043	0.5986	0.0056	2.5930	1.1935	1.3994	1.3670	0.0195	1.3475	0.0577	0.0188	0.0388	1.3093	0.0007	1.3086	2.2405	1.8870	0.3534	0.6331	0.5827	0.0504	1.6074	1.3044	0.3030	1.3368	0.7878	0.5491	0.5280	0.5006	0.0274	0.8088	0.2871	0.5217	1.3956	38.3275	1.6199	8.7388	27.3282	0.0786	0.9966	375.9581	1.8413	1.0225	0.0248	2.4541	0.1092	0.0376	1.4193	1.6188	0.0024	2.5084
47	79	0.4072	4	1	1	0	0	0	0	0	0	N	N	N	N	N	N	N	N	N	N	N	N	0.5452	0.4974	0.0148	0.2438	0.2587	0.3075	0.6429	4686.6709	0.0109	0.4958	0.5538	0.0182	0.4213	0.4420	0.0488	0.5266	0.6042	0.0131	0.9093	1.1135	1.2304	1.7278	1.7083	0.1587	0.8190	0.0001	1.2041	0.0040	0.4318	-0.3171	-0.0654	22.0103	23.9173	13.6452	17.8091	1.1198	1.1153	0.0045	0.2785	0.2768	0.0017	0.8413	0.8386	0.0028	0.2001	0.1398	0.0604	0.1418	0.1398	0.0020	0.0583	0.0000	0.0583	2.2586	2.0140	0.2447	0.6610	0.6261	0.0348	1.5977	1.3878	0.2098	0.9850	0.6091	0.3759	0.3088	0.2857	0.0231	0.6762	0.3234	0.3528	2.4401	2.4133	0.1134	0.9176	0.9035	0.5588	6.1038	1465300.4709	0.0794	0.2032	0.2295	0.1606	0.4591	0.4892	0.0873	0.0863	0.0000	0.1654
47	80	0.3911	3	1	1	0	0	0	0	0	0	N	N	N	N	N	N	N	N	N	N	N	N	1.7636	0.2981	2.8333	0.0483	1.9919	0.0056	1.7140	0.3384	3.2712	3.0241	0.0243	27.2350	0.0769	0.0703	0.1973	4.1819	0.0045	31.3584	1.7148	0.0815	9.6124	1.5906	0.0353	34.9294	2.4398	0.0134	9.5861	138.8828	290.3974	1.2700	0.1861	22.0103	6.1279	13.6452	3.6878	1.7997	0.0129	1.7868	0.0129	0.0112	0.0017	1.7867	0.0017	1.7851	0.5054	0.0017	0.5037	0.0398	0.0017	0.0381	0.4656	0.0000	0.4656	0.5951	0.5295	0.0656	0.1678	0.1592	0.0087	0.4273	0.3703	0.0569	0.2948	0.1948	0.1000	0.1039	0.0971	0.0068	0.1908	0.0977	0.0931	1.7636	2.7285	5.4058	0.2007	4.0486	0.0354	1.7140	9.0725	6.2728	1.7148	0.0089	5.0381	0.3831	0.0174	5.5679	2.4398	0.0005	4.9991
47	81	0.4792	7	2	0	1	0	0	0	0	0	Y	N	N	N	N	N	N	N	N	N	N	N	1.9551	3.2196	1.1407	26.1379	91.1299	0.0045	0.1050	0.0242	2.9754	0.7936	0.8668	0.1803	2.0334	2.1603	0.0031	0.0469	0.0188	0.2266	0.4059	0.2692	0.1580	0.0778	0.0237	0.6923	0.4467	0.7753	0.0762	0.0248	1.8537	-0.5302	0.0005	22.0103	27.2690	13.6452	12.3406	2.0165	1.9677	0.0489	1.9421	1.9419	0.0002	0.0744	0.0257	0.0487	0.0234	0.0082	0.0152	0.0080	0.0031	0.0049	0.0154	0.0051	0.0103	2.5411	2.2701	0.2711	0.9551	0.8989	0.0562	1.5860	1.3712	0.2149	0.8240	0.5005	0.3235	0.2603	0.2389	0.0214	0.5637	0.2615	0.3022	27.9171	52.8518	3.8332	65.9145	164.3652	0.0136	1.7185	0.9686	6.6319	0.0284	0.0164	0.0470	0.0308	0.0131	0.2288	0.0273	0.0194	0.0342
47	82	0.4639	6	1	0	0	0	0	0	0	0	N	N	N	N	N	N	N	N	N	N	N	N	127.2240	106.1514	231.4453	16.5647	16.4383	5.7473	259.0332	152.8583	315.6588	0.9706	1.0124	0.6045	0.1171	0.1237	0.0161	1.6590	1.7904	0.8202	0.0076	0.0095	0.0026	0.0071	0.0075	0.0028	0.0064	0.0117	0.0026	0.0682	0.6124	-0.2388	-0.0001	22.0103	9.0798	13.6452	0.9519	1.0696	1.0013	0.0683	0.0576	0.0571	0.0005	1.0120	0.9442	0.0678	0.0006	0.0004	0.0002	0.0004	0.0003	0.0000	0.0002	0.0000	0.0002	1.1019	0.9890	0.1129	0.4919	0.4616	0.0303	0.6100	0.5273	0.0826	0.2189	0.1312	0.0877	0.0672	0.0614	0.0058	0.1518	0.0698	0.0819	352.3766	355.2506	231.4453	21.9171	22.1654	5.7473	1031.4266	4006.6017	315.6588	0.0028	0.0028	0.0026	0.0053	0.0056	0.0028	0.0016	0.0004	0.0026
47	83	0.3911	3	1	1	0	0	0	0	0	0	N	N	N	N	N	N	N	N	N	N	N	N	1.0013	0.8577	0.1973	0.0386	0.0422	0.0111	7.9908	1.7442	19.6296	0.8941	0.9994	0.0350	0.0725	0.0743	0.0404	1.2144	1.3931	0.0341	0.8929	1.1652	0.1771	1.8797	1.7606	3.6448	0.1520	0.7987	0.0017	0.0043	0.1091	-0.4973	-0.0864	22.0103	21.0000	13.6452	14.4214	1.7579	1.7504	0.0075	0.0400	0.0389	0.0011	1.7179	1.7115	0.0063	0.1631	0.1470	0.0160	0.1565	0.1410	0.0155	0.0066	0.0060	0.0005	1.9660	1.7515	0.2145	0.5514	0.5230	0.0284	1.4146	1.2285	0.1861	0.8804	0.5542	0.3263	0.2896	0.2669	0.0227	0.5909	0.2873	0.3036	4.8277	3.7668	0.7111	0.1342	0.1406	0.0591	109.3659	66.3407	19.6296	0.1852	0.2653	0.0492	0.5405	0.5283	0.6838	0.0111	0.0210	0.0017
47	84	0.4488	7	1	0	1	0	0	0	0	0	N	N	N	N	N	N	N	N	N	N	N	N	1.2631	0.9568	1.3218	0.2643	0.2648	0.9341	2.1486	200.3680	1.8107	1.2844	1.2851	1.2783	0.5985	0.6196	0.2395	1.6149	1.6352	1.4849	1.0168	1.3432	0.9671	2.2645	2.3396	0.2564	0.7516	0.0082	0.8201	0.1218	0.1752	-0.4679	-0.1223	22.0103	20.4085	13.6452	11.0867	2.6207	2.3360	0.2846	0.3971	0.3883	0.0088	2.2235	1.9477	0.2758	0.2553	0.2172	0.0381	0.2202	0.2171	0.0030	0.0351	0.0001	0.0351	2.0404	1.8178	0.2227	0.6636	0.6266	0.0369	1.3769	1.1911	0.1857	0.7571	0.4616	0.2955	0.2541	0.2295	0.0246	0.5031	0.2321	0.2709	3.8092	2.7307	9.9263	0.6906	0.6547	1.9595	23.1278	5058.2934	11.4775	0.3372	0.4706	0.1288	0.8665	0.9464	0.1222	0.0698	0.0003	0.1294
47	85	0.4450	6	1	0	1	0	0	0	0	0	N	N	N	N	N	N	N	N	N	N	N	N	0.0459	0.0228	3.3091	0.0484	0.0348	10.4449	0.0627	0.0038	2.0727	0.0387	0.0249	0.1465	0.0740	0.0543	0.3584	0.0135	0.0020	0.0799	0.8429	1.0916	0.0443	1.5308	1.5600	0.0343	0.2151	0.5402	0.0386	0.7480	0.0592	0.0023	-0.0098	22.0103	3.1287	13.6452	1.1816	0.0166	0.0095	0.0071	0.0132	0.0090	0.0041	0.0034	0.0004	0.0029	0.0172	0.0162	0.0010	0.0160	0.0159	0.0001	0.0011	0.0003	0.0008	0.4288	0.3804	0.0484	0.1783	0.1667	0.0116	0.2505	0.2137	0.0368	0.1219	0.0764	0.0455	0.0437	0.0396	0.0042	0.0781	0.0368	0.0413	0.2744	0.1175	6.9364	0.2021	0.1352	12.0658	0.9172	0.2394	3.9452	0.1409	0.2122	0.0211	0.3664	0.4017	0.0297	0.0147	0.0085	0.0203
47	86	0.4381	5	1	0	0	0	0	0	0	0	N	N	N	N	N	N	N	N	N	N	N	N	0.1013	0.0628	2.3514	1.2694	0.8228	21.7610	0.0093	0.0033	0.0689	0.0289	0.0214	0.0919	0.0770	0.0538	0.3909	0.0022	0.0021	0.0024	0.2853	0.3402	0.0391	0.0606	0.0654	0.0180	0.2328	0.6364	0.0353	0.5140	0.5575	0.0007	-0.0010	22.0103	4.0532	13.6452	2.2470	0.0134	0.0089	0.0046	0.0128	0.0083	0.0045	0.0006	0.0006	0.0001	0.0035	0.0023	0.0013	0.0017	0.0016	0.0001	0.0018	0.0006	0.0012	0.4638	0.4142	0.0495	0.1658	0.1544	0.0114	0.2979	0.2598	0.0381	0.1807	0.1133	0.0674	0.0629	0.0577	0.0052	0.1178	0.0556	0.0622	1.4821	1.0701	4.9103	2.8258	1.9151	21.7610	0.1406	0.1833	0.1294	0.0195	0.0200	0.0187	0.0272	0.0281	0.0180	0.0154	0.0116	0.0188
47	87	0.4150	4	1	0	0	0	0	0	0	0	N	N	N	N	N	N	N	N	N	N	N	N	0.0622	0.0617	0.0622	0.0558	0.0871	0.0101	0.0671	0.0453	0.0760	0.0568	0.0448	0.1672	0.0348	0.0349	0.0317	0.0729	0.0529	0.2007	0.9129	0.7260	2.6893	0.6235	0.4009	3.1454	1.0875	1.1681	2.6398	0.4029	3.5064	0.0000	0.0145	22.0103	4.7288	13.6452	9.8540	0.0330	0.0235	0.0095	0.0086	0.0082	0.0004	0.0245	0.0153	0.0091	0.0969	0.0215	0.0754	0.0186	0.0126	0.0060	0.0783	0.0089	0.0694	0.5821	0.5253	0.0567	0.2467	0.2355	0.0113	0.3354	0.2899	0.0455	0.4624	0.2983	0.1642	0.1620	0.1523	0.0097	0.3005	0.1460	0.1545	0.2709	0.6219	0.3641	0.3023	0.4214	0.0512	0.2800	0.8692	0.4469	0.2095	0.0721	0.4592	0.1150	0.0828	0.6198	0.2604	0.0608	0.4491
47	88	0.3911	3	1	0	0	0	0	0	0	0	N	N	N	N	N	N	N	N	N	N	N	N	2.5547	0.2383	8.3038	0.2806	1.8890	0.0731	2.9301	0.0238	10.7559	2.0466	0.0200	18.4334	0.0659	0.0590	0.1930	2.8233	0.0034	21.2152	0.8011	0.0841	2.2199	0.2348	0.0312	2.6387	0.9635	0.1406	1.9724	113.7207	19.1472	1.2004	0.0164	22.0103	8.6320	13.6452	7.0881	1.7047	0.0149	1.6898	0.0155	0.0131	0.0023	1.6892	0.0017	1.6875	0.0509	0.0025	0.0484	0.0083	0.0022	0.0061	0.0426	0.0003	0.0423	0.8329	0.7413	0.0917	0.2346	0.2225	0.0121	0.5983	0.5188	0.0795	0.4359	0.2814	0.1546	0.1489	0.1382	0.0106	0.2871	0.1431	0.1439	17.5289	2.2327	58.9024	1.1853	3.6741	0.3388	19.0154	1.5610	72.1669	0.1168	0.0090	0.3129	0.0556	0.0160	0.5698	0.1485	0.0021	0.2940
47	89	0.4589	5	1	1	0	0	0	0	0	0	N	N	N	N	N	N	N	N	N	N	N	N	0.2001	0.1398	0.0105	0.3394	0.3383	0.0979	0.1769	0.0929	0.0117	0.3444	0.3858	0.0004	0.1427	0.1529	0.0003	0.4685	0.5400	0.0005	1.7215	2.7589	0.0415	0.4205	0.4519	0.0032	2.6484	5.8159	0.0406	0.0001	0.0044	-0.1673	-0.5590	22.0103	15.4622	13.6452	5.2688	0.5830	0.5829	0.0001	0.0921	0.0920	0.0000	0.4909	0.4909	0.0001	0.8959	0.8920	0.0039	0.0154	0.0153	0.0000	0.8805	0.8767	0.0039	1.6927	1.5111	0.1816	0.6449	0.6021	0.0428	1.0478	0.9090	0.1388	0.5204	0.3233	0.1971	0.1879	0.1726	0.0154	0.3325	0.1507	0.1818	0.2001	0.1398	0.0218	1.7442	1.7207	0.0979	0.1769	0.0929	0.0221	1.7215	2.7589	0.0200	0.0818	0.0888	0.0032	2.6484	5.8159	0.0214
47	90	0.4471	4	1	0	0	0	0	0	0	0	N	N	N	N	N	N	N	N	N	N	N	N	0.5883	0.5282	1.8106	0.4319	0.4288	0.2438	0.7561	0.4301	2.5223	0.3498	0.3776	0.1090	0.0364	0.0381	0.0037	0.5547	0.6229	0.1333	0.5946	0.7149	0.0602	0.0843	0.0889	0.0153	0.7337	1.4483	0.0528	0.0334	0.2168	-0.0819	-0.0067	22.0103	7.5917	13.6452	1.5198	0.3215	0.3111	0.0104	0.0132	0.0132	0.0001	0.3082	0.2979	0.0103	0.0148	0.0122	0.0026	0.0036	0.0034	0.0001	0.0112	0.0087	0.0025	0.9191	0.8238	0.0953	0.3634	0.3455	0.0179	0.5557	0.4783	0.0774	0.2796	0.1783	0.1013	0.1110	0.1015	0.0095	0.1686	0.0768	0.0918	6.6138	5.5400	4.1911	1.1263	1.1235	0.2438	8.3527	5.4920	4.9175	0.0529	0.0682	0.0260	0.0323	0.0339	0.0153	0.0664	0.1134	0.0271
47	91	0.5564	8	2	0	1	0	0	0	0	0	Y	N	N	N	N	N	N	N	N	N	N	N	156.5021	86.8212	251.0268	124.7747	120.9148	1052.3599	inf	291.4029	0.0254	0.0283	0.0003	0.0652	0.0688	0.0000	0.0008	0.0009	0.0004	0.0002	0.0003	0.0000	0.0005	0.0006	0.0000	0.0000	0.0000	0.0000	0.0014	0.0033	-0.0021	-0.0000	22.0103	3.0317	13.6452	0.1644	0.0073	0.0073	0.0000	0.0072	0.0072	0.0000	0.0001	0.0001	0.0000	0.0000	0.0000	0.0000	0.0000	0.0000	0.0000	0.0000	0.0000	0.0000	0.2892	0.2592	0.0299	0.1105	0.1047	0.0058	0.1786	0.1545	0.0241	0.0676	0.0407	0.0269	0.0210	0.0192	0.0017	0.0467	0.0215	0.0252	156.5021	105.3547	251.0268	124.7747	120.9148	0.0000	1052.3599	inf	291.4029	0.0002	0.0003	0.0000	0.0005	0.0006	0.0000	0.0000	0.0000	0.0000	
47	92	0.5506	7	2	0	1	0	0	0	0	0	Y	N	N	N	N	N	N	N	N	N	N	N	159.9509	50.4338	1.4153	43.3214	40.5369	1.6214	4924.7736	83516.7142	0.4056	3.1544	3.4946	0.0010	1.3507	1.4504	0.0022	5.1353	5.8944	0.0003	0.0197	0.0693	0.0007	0.0312	0.0358	0.0014	0.0010	0.0001	0.0007	0.0000	0.0531	-0.3370	-0.0003	22.0103	2.6632	13.6452	1.0147	1.1739	1.1739	0.0000	0.2631	0.2631	0.0000	0.9108	0.9108	0.0000	0.0004	0.0004	0.0000	0.0004	0.0004	0.0000	0.0000	0.0000	0.0000	0.3721	0.3359	0.0362	0.1948	0.1814	0.0134	0.1774	0.1545	0.0228	0.0820	0.0501	0.0319	0.0259	0.0239	0.0019	0.0561	0.0261	0.0300	584.9512	416.8480	1.4153	82.6804	82.6859	1.6214	14657.8024	29244895.7929	0.4056	0.0054	0.0084	0.0007	0.0163	0.0175	0.0014	0.0004	0.0000	0.0007
47	93	0.4673	6	2	0	1	0	0	0	0	0	Y	N	N	N	N	N	N	N	N	N	N	N	4.0300	171.2345	2.9503	42.9358	343.7797	0.0823	2.1520	1099.3595	7.1625	1.5603	1.6427	0.8913	2.6268	2.7708	0.0688	0.9522	0.9332	1.0676	0.3872	0.0096	0.3021	0.0612	0.0081	0.8357	0.4425	0.0008	0.1490	0.0669	14.8316	-1.2134	0.0083	22.0103	35.0787	13.6452	12.2568	5.4055	5.0668	0.3387	3.3046	3.3000	0.0046	2.1009	1.7668	0.3341	0.0268	0.0017	0.0251	0.0086	0.0017	0.0069	0.0182	0.0000	0.0182	3.4644	3.0843	0.3800	1.2581	1.1910	0.0671	2.2063	1.8934	0.3130	0.9863	0.5935	0.3928	0.3155	0.2884	0.0272	0.6707	0.3051	0.3656	57.3792	575.5191	13.9330	96.0459	472.2615	0.2694	35.1116	129780.5776	21.4593	0.0272	0.0029	0.0640	0.0273	0.0059	0.2553	0.0271	0.0000	0.0497
47	94	0.4538	5	2	0	0	0	0	0	0	0	Y	N	N	N	N	N	N	N	N	N	N	N	9.0350	3.2930	324.1097	19.7554	19.6481	10.6135	39.6205	4.0019	501.5553	1.1543	0.8545	3.3586	1.4103	1.4862	0.0974	0.9735	0.3491	4.1171	0.1278	0.2595	0.0104	0.0714	0.0756	0.0092	0.0246	0.0872	0.0082	0.5346	0.2673	0.0832	-0.0013	22.0103	8.4810	13.6452	2.3446	1.3594	0.8858	0.4735	0.6874	0.6848	0.0026	0.6720	0.2010	0.4709	0.0030	0.0024	0.0006	0.0023	0.0023	0.0001	0.0007	0.0001	0.0006	1.1777	1.0367	0.1410	0.4874	0.4608	0.0266	0.6903	0.5759	0.1144	0.2487	0.1501	0.0986	0.0786	0.0722	0.0065	0.1701	0.0779	0.0922	94.1739	53.3246	514.9889	47.5632	47.2035	10.6135	230.9809	204.5414	649.8425	0.0123	0.0160	0.0065	0.0297	0.0315	0.0092	0.0042	0.0017	0.0063
47	95	0.3911	3	1	1	0	1	0	0	0	0	N	N	N	N	N	N	N	N	N	N	N	N	0.4974	0.2961	0.8643	0.0037	0.0039	0.0009	0.5379	0.2677	0.9107	0.9157	0.5259	4.1061	0.0080	0.0083	0.0028	1.2690	0.7458	4.7330	1.8408	1.7759	4.7509	2.1706	2.1309	3.2641	2.3590	2.7864	5.1971	0.9540	0.8082	0.4108	-0.3726	22.0103	24.0032	13.6452	22.6134	2.0429	1.0455	0.9974	0.0050	0.0049	0.0001	2.0379	1.0406	0.9973	2.0540	1.1360	0.9180	0.2791	0.2606	0.0186	1.7749	0.8754	0.8995	2.2311	1.9882	0.2429	0.6251	0.5929	0.0322	1.6059	1.3952	0.2107	1.1159	0.6988	0.4171	0.3635	0.3343	0.0291	0.7524	0.3644	0.3879	0.4974	0.3235	1.8654	0.0104	0.0106	0.0044	0.5379	0.3105	2.0413	1.8408	1.6257	2.2011	0.7680	0.7794	0.6370	2.3590	2.4020	2.3186
47	96	0.1516	3	1	1	0	0	0	0	0	0	N	N	N	N	N	N	N	N	N	N	N	N	0.9215	0.0106	699.8567	0.2823	0.0342	2775.8403	16.9124	0.0002	870.5807	0.6957	0.0108	4.1301	0.3804	0.0476	9.5528	0.7716	0.0001	3.8991	0.7550	1.0137	0.0059	1.3473	1.3901	0.0034	0.0456	0.5593	0.0045	76.4953	0.0175	1.0912	-0.0757	22.0103	18.5150	13.6452	10.2301	1.5590	0.0201	1.5389	0.1654	0.0200	0.1454	1.3936	0.0002	1.3934	0.1239	0.1218	0.0021	0.1186	0.1185	0.0001	0.0053	0.0033	0.0020	2.2408	1.8682	0.3726	0.4348	0.4196	0.0152	1.8060	1.4486	0.3574	1.2418	0.7412	0.5006	0.3922	0.3658	0.0263	0.8496	0.3753	0.4743	6.9712	0.0655	971.6024	1.2580	0.1469	2775.8403	122.5850	0.0125	907.6619	0.0998	0.1643	0.0043	0.3024	0.3239	0.0034	0.0063	0.0088	0.0043
47	97	0.4202	4	1	1	0	0	0	0	0	0	N	N	N	N	N	N	N	N	N	N	N	N	0.9003	0.5134	1.3183	0.0376	0.0353	0.2830	1.0439	0.6863	1.4325	1.0844	0.5354	5.6326	0.0513	0.0496	0.0837	1.5085	0.7532	6.5173	1.2045	1.0428	4.2726	1.3645	1.4062	0.2957	1.4451	1.0974	4.5498	1.2701	5.9067	1.2154	0.2758	22.0103	46.1140	13.6452	26.4917	4.4626	1.9658	2.4967	0.0615	0.0564	0.0051	4.4011	1.9095	2.4916	1.2158	0.1760	1.0397	0.1560	0.1489	0.0071	1.0598	0.0271	1.0326	4.1152	3.6719	0.4433	1.1976	1.1367	0.0610	2.9175	2.5352	0.3823	1.5870	0.9663	0.6207	0.5042	0.4510	0.0532	1.0828	0.5153	0.5675	1.4156	2.9389	3.3626	0.1659	0.1502	0.6288	1.5412	14.3037	3.5814	0.7661	0.1822	1.6751	0.3093	0.3301	0.1331	0.9788	0.0527	1.8198
47	98	0.2045	5	1	1	0	0	0	0	0	0	N	N	N	N	N	N	N	N	N	N	N	N	2.1018	0.0305	8793.2769	0.0500	0.0400	21.4658	33.1316	0.0316	11918.1220	0.5226	0.0145	4.5800	0.0120	0.0105	0.0393	0.7054	0.0161	5.2276	0.2486	0.4765	0.0005	0.2398	0.2615	0.0018	0.0213	0.5095	0.0004	39.4609	0.0123	0.6849	-0.0083	22.0103	20.7840	13.6452	8.9470	0.9953	0.0246	0.9707	0.0060	0.0050	0.0010	0.9893	0.0196	0.9696	0.0135	0.0133	0.0002	0.0114	0.0113	0.0000	0.0021	0.0020	0.0001	1.9045	1.6926	0.2119	0.5022	0.4757	0.0265	1.4023	1.2168	0.1855	0.7524	0.4386	0.3139	0.2006	0.1821	0.0185	0.5519	0.2565	0.2954	29.2319	0.4797	8793.2769	0.2117	0.1683	21.4658	185.8902	2.1049	11918.1220	0.0179	0.0303	0.0005	0.0566	0.0622	0.0018	0.0038	0.0077	0.0004
47	99	0.1996	4	1	0	0	0	0	0	0	0	N	N	N	N	N	N	N	N	N	N	N	N	0.1856	0.1894	0.2973	0.0826	0.0876	0.8005	0.3491	0.6401	0.3612	0.0820	0.0899	0.0291	0.0142	0.0144	0.0079	0.1441	0.1746	0.0325	0.4420	0.4748	0.0980	0.1714	0.1643	0.0099	0.4127	0.2728	0.0899	0.0483	0.8809	-0.0168	-0.0010	22.0103	2.7834	13.6452	1.0450	0.0695	0.0663	0.0032	0.0057	0.0056	0.0001	0.0638	0.0607	0.0031	0.0062	0.0033	0.0029	0.0032	0.0032	0.0000	0.0031	0.0002	0.0029	0.8475	0.7375	0.1100	0.4047	0.3899	0.0149	0.4428	0.3477	0.0951	0.1916	0.1099	0.0817	0.0679	0.0654	0.0025	0.1238	0.0445	0.0793	2.5233	2.9837	0.8162	0.3026	0.2989	0.8005	5.8353	47.8936	0.8892	0.0325	0.0301	0.0357	0.0468	0.0481	0.0099	0.0247	0.0036	0.0365
47	100	0.1895	3	1	0	0	0	0	0	0	0	N	N	N	N	N	N	N	N	N	N	N	N	1.2765	1.1800	2.7350	3.5758	3.1729	1.1880	2.0443	1.0178	3.4063	0.5183	0.6077	0.0990	0.4274	0.4743	0.0042	0.5927	0.7368	0.1315	0.4060	0.5150	0.0362	0.1195	0.1495	0.0035	0.2899	0.7239	0.0386	0.0347	0.2961	-0.2622	-0.0093	22.0103	7.6044	13.6452	2.7972	1.0342	0.9995	0.0347	0.3841	0.3837	0.0004	0.6501	0.6158	0.0343	0.0233	0.0180	0.0053	0.0152	0.0150	0.0002	0.0081	0.0029	0.0051	1.9956	1.6448	0.3508	0.8987	0.8090	0.0897	1.0969	0.8357	0.2612	0.8165	0.5100	0.3065	0.3818	0.3281	0.0538	0.4347	0.1819	0.2527	18.1809	17.2592	5.7040	10.7298	10.3592	1.1880	31.9446	45.6621	6.4797	0.0285	0.0352	0.0173	0.0398	0.0458	0.0035	0.0186	0.0161	0.0203
47	101	0.1399	2	1	0	0	0	0	0	0	0	N	N	N	N	N	N	N	N	N	N	N	N	0.7658	0.5774	2.2219	0.4765	0.4726	0.6774	0.6940	0.3685	2.9219	0.8479	0.8648	0.7759	1.0739	1.1068	0.0714	0.7843	0.7787	0.8028	1.1071	1.4978	0.3492	2.2540	2.3420	0.1054	1.1301	2.1130	0.2747	0.2107	0.0564	-0.2366	-0.4777	22.0103	18.4780	13.6452	12.4520	2.0915	1.7275	0.3639	0.5813	0.5800	0.0012	1.5102	1.1475	0.3627	0.8309	0.7865	0.0444	0.5128	0.5081	0.0047	0.3181	0.2784	0.0397	2.4667	1.9977	0.4690	0.5413	0.5241	0.0172	1.9254	1.4737	0.4518	1.6073	0.9677	0.6396	0.6045	0.5327	0.0718	1.0027	0.4349	0.5678	1.6401	1.0639	11.1828	1.2660	1.1605	1.0899	2.4724	1.2164	11.4878	0.5170	0.8128	0.0694	0.8482	0.9537	0.0655	0.3172	0.6402	0.0699
47	102	0.5051	6	1	1	0	0	0	0	0	0	N	N	N	N	N	N	N	N	N	N	N	N	0.2755	0.1020	1.0578	0.2290	0.0300	5.6122	0.2055	0.1849	0.2098	0.2474	0.1101	1.3708	0.3331	0.0433	3.8738	0.1782	0.1677	0.2451	0.8978	1.0794	1.2959	1.4546	1.4449	0.6902	0.8669	0.9069	1.1682	1.5218	0.4672	0.3462	-0.0905	22.0103	34.1922	13.6452	22.4626	1.0944	0.4340	0.6604	0.6581	0.0791	0.5790	0.4363	0.3548	0.0814	0.2920	0.1990	0.0930	0.1965	0.1858	0.0107	0.0955	0.0132	0.0823	4.4242	3.9424	0.4818	1.9757	1.8262	0.1495	2.4485	2.1162	0.3323	1.5230	0.9679	0.5550	0.5797	0.5329	0.0468	0.9433	0.4350	0.5082	1.2902	0.5354	8.1828	0.9830	0.1243	16.9893	1.7593	5.5139	1.5134	0.1917	0.2056	0.1675	0.3389	0.3486	0.2280	0.1013	0.0304	0.1619
47	103	0.4573	5	1	1	0	0	0	0	0	0	N	N	N	N	N	N	N	N	N	N	N	N	0.3022	0.1420	0.7083	0.2304	0.0966	5.4351	0.1820	0.1287	0.1449	0.3265	0.1993	1.3410	0.5465	0.2348	4.8513	0.1855	0.1746	0.2529	1.0804	1.4038	1.8934	2.3717	2.4313	0.8926	1.0192	1.3567	1.7455	0.8441	0.2618	0.1445	-0.1727	22.0103	22.5884	13.6452	11.0115	0.8471	0.4594	0.3878	0.5538	0.2219	0.3319	0.2933	0.2375	0.0558	0.4105	0.3253	0.0852	0.3088	0.3019	0.0068	0.1017	0.0233	0.0783	2.5943	2.3051	0.2892	1.0135	0.9451	0.0684	1.5808	1.3600	0.2207	0.8764	0.5447	0.3317	0.3195	0.2946	0.0250	0.5569	0.2501	0.3067	0.6972	0.3337	5.2230	0.5655	0.2291	17.7491	1.0161	1.8708	0.9903	0.4683	0.5972	0.2567	0.9663	1.0250	0.2733	0.1826	0.0933	0.2554
47	104	0.4272	4	1	0	0	0	0	0	0	0	N	N	N	N	N	N	N	N	N	N	N	N	0.9346	2.5004	0.1492	4.9234	5.4923	0.2577	0.7080	1.7160	0.1551	1.4417	1.4840	1.0729	1.1310	1.1878	0.0180	1.6208	1.6717	1.2927	1.5426	0.5935	7.1908	0.2297	0.2163	0.0700	2.2894	0.9742	8.3339	0.0830	47.5512	-0.4005	0.2868	22.0103	11.8100	13.6452	8.7888	1.9025	1.7567	0.1458	0.5459	0.5455	0.0004	1.3565	1.2112	0.1454	0.8169	0.0168	0.8001	0.0117	0.0107	0.0010	0.8052	0.0061	0.7991	1.3196	1.1837	0.1359	0.4827	0.4592	0.0234	0.8370	0.7245	0.1125	0.5643	0.3547	0.2096	0.2126	0.1930	0.0196	0.3517	0.1617	0.1900	0.9958	31.2858	0.2810	20.6017	21.4339	0.3623	0.7080	44.1023	0.3073	1.4477	0.0474	3.8179	0.0549	0.0554	0.0498	2.2894	0.0379	4.2059
47	105	0.3911	3	1	0	0	0	0	0	0	0	N	N	N	N	N	N	N	N	N	N	N	N	0.0175	0.0017	1.5046	0.0478	0.0152	21.8144	0.0176	0.0002	1.3884	0.0081	0.0010	0.0660	0.0083	0.0027	0.1102	0.0080	0.0002	0.0593	0.4627	0.5582	0.0439	0.1732	0.1803	0.0051	0.4561	0.9502	0.0427	8.3977	0.2808	0.0069	-0.0083	22.0103	14.7392	13.6452	7.3617	0.0113	0.0012	0.0101	0.0033	0.0010	0.0022	0.0081	0.0002	0.0079	0.0202	0.0158	0.0044	0.0092	0.0091	0.0001	0.0110	0.0067	0.0044	1.4010	1.2474	0.1535	0.3937	0.3734	0.0203	1.0072	0.8740	0.1332	0.5843	0.3724	0.2119	0.1960	0.1814	0.0146	0.3883	0.1910	0.1973	0.2340	0.0228	3.1558	0.1768	0.0544	21.8144	0.2823	0.0061	2.6824	0.0346	0.0424	0.0209	0.0468	0.0502	0.0051	0.0284	0.0349	0.0221
47	106	0.4639	6	1	1	0	0	0	0	0	0	N	N	N	N	N	N	N	N	N	N	N	N	3.7791	1.3109	104.1601	13.3666	14.5834	0.7292	4.2798	0.3254	153.8678	1.4025	0.4351	9.7373	0.6637	0.7033	0.0310	1.8909	0.2424	12.5561	0.3711	0.3319	0.0935	0.0497	0.0482	0.0424	0.4418	0.7451	0.0816	2.5976	1.2160	1.2720	-0.0012	22.0103	20.0414	13.6452	7.0324	2.9248	0.8130	2.1118	0.5509	0.5494	0.0015	2.3739	0.2636	2.1103	0.0145	0.0065	0.0079	0.0039	0.0034	0.0005	0.0106	0.0032	0.0074	2.0854	1.8685	0.2169	0.8300	0.7812	0.0488	1.2554	1.0874	0.1681	0.5642	0.3378	0.2264	0.1711	0.1562	0.0149	0.3931	0.1816	0.2115	54.7418	22.5309	277.9385	29.2044	32.6322	0.8827	70.3465	13.9469	358.4227	0.0256	0.0193	0.0350	0.0227	0.0216	0.0351	0.0269	0.0174	0.0350
47	107	0.4538	5	1	0	0	0	0	0	0	0	N	N	N	N	N	N	N	N	N	N	N	N	252.5817	234.8205	1010.5037	281.5868	328.4058	14.4985	269.4199	293.2746	1668.3867	2.0409	1.6844	4.6246	1.6681	1.7580	0.1164	2.3181	1.6221	5.7008	0.0081	0.0072	0.0046	0.0059	0.0054	0.0080	0.0086	0.0055	0.0034	0.3788	1.0547	-0.0266	-0.0001	22.0103	7.0315	13.6452	1.2144	2.1397	1.5519	0.5878	0.7459	0.7430	0.0029	1.3938	0.8089	0.5849	0.0006	0.0003	0.0003	0.0003	0.0003	0.0000	0.0003	0.0000	0.0002	1.0484	0.9213	0.1271	0.4472	0.4227	0.0245	0.6013	0.4987	0.1026	0.1937	0.1174	0.0763	0.0620	0.0570	0.0051	0.1316	0.0604	0.0713	714.3113	734.1172	1242.3219	348.7288	391.0671	14.4985	1189.2900	7468.4802	1668.3867	0.0029	0.0023	0.0037	0.0048	0.0045	0.0080	0.0019	0.0002	0.0034
47	108	0.4202	4	1	0	0	0	0	0	0	0	N	N	N	N	N	N	N	N	N	N	N	N	2.0551	0.8538	4.3920	0.0840	1.2099	0.0349	2.2640	0.6790	4.5189	2.5824	0.2289	21.4928	0.0815	0.0724	0.2629	3.6697	0.3040	24.6972	1.2566	0.2681	4.8937	0.9698	0.0598	7.5332	1.6209	0.4478	5.4654	11.6872	90.1066	2.6694	0.1788	22.0103	16.2725	13.6452	4.4748	4.2101	0.3318	3.8783	0.0403	0.0340	0.0062	4.1699	0.2978	3.8721	0.4957	0.0054	0.4903	0.0380	0.0044	0.0337	0.4577	0.0011	0.4566	1.6303	1.4499	0.1804	0.4940	0.4704	0.0237	1.1363	0.9795	0.1568	0.5496	0.3324	0.2172	0.1986	0.1676	0.0310	0.3511	0.1649	0.1862	2.8633	13.9845	9.5208	0.4254	2.7781	0.2417	2.8150	46.6151	10.0727	0.9019	0.0164	2.2575	0.1916	0.0260	1.0878	1.3036	0.0065	2.4519
47	109	0.4730	5	1	1	0	0	0	0	0	0	N	N	N	N	N	N	N	N	N	N	N	N	0.9895	0.5645	30.0870	0.1889	0.2196	0.1030	1.2123	0.4608	47.4323	0.7440	0.5416	2.4685	0.0337	0.0353	0.0072	1.1064	0.8225	2.9922	0.7519	0.9595	0.0820	0.1786	0.1606	0.0699	0.9126	1.7852	0.0631	0.5351	0.1419	0.1756	-0.0609	22.0103	40.5309	13.6452	14.7974	2.8586	1.8622	0.9964	0.0438	0.0433	0.0005	2.8148	1.8190	0.9959	0.1209	0.1059	0.0150	0.0207	0.0190	0.0018	0.1001	0.0869	0.0132	3.8423	3.4386	0.4036	1.2980	1.2272	0.0708	2.5442	2.2114	0.3328	1.2456	0.7712	0.4744	0.4330	0.3971	0.0359	0.8126	0.3740	0.4386	7.6659	3.9450	77.9508	0.7043	0.7388	0.1447	8.9774	3.5401	99.1239	0.0971	0.1373	0.0317	0.0479	0.0477	0.0498	0.1232	0.2323	0.0302
47	110	0.4471	4	1	1	0	0	0	0	0	0	N	N	N	N	N	N	N	N	N	N	N	N	0.0504	0.0325	2.9312	0.0504	0.0510	0.2115	0.1704	0.0265	4.5453	0.0338	0.0276	0.0873	0.0445	0.0465	0.0068	0.0279	0.0159	0.1038	0.6712	0.8495	0.0298	0.8843	0.9123	0.0322	0.1635	0.6005	0.0228	0.3711	0.0849	-0.0008	-0.0178	22.0103	13.5236	13.6452	3.5331	0.0497	0.0362	0.0134	0.0235	0.0233	0.0002	0.0262	0.0129	0.0133	0.0323	0.0298	0.0025	0.0289	0.0284	0.0004	0.0034	0.0013	0.0021	1.4677	1.3137	0.1541	0.5267	0.5004	0.0263	0.9411	0.8133	0.1278	0.4622	0.2901	0.1721	0.1725	0.1577	0.0147	0.2898	0.1323	0.1574	0.4845	0.2688	5.9454	0.2662	0.2580	0.2424	2.3544	1.6022	7.7329	0.0698	0.1026	0.0147	0.1673	0.1803	0.0281	0.0118	0.0099	0.0134
47	111	0.3911	3	1	0	0	0	0	0	0	0	N	N	N	N	N	N	N	N	N	N	N	N	0.5233	0.0394	1.2894	0.0649	0.0715	0.0003	0.6065	0.0085	1.4372	0.6640	0.0524	5.6418	0.1495	0.1574	0.0039	0.8649	0.0077	6.5023	1.2689	1.3307	4.3757	2.3043	2.2010	13.0588	1.4261	0.8989	4.5244	13.2211	2.4952	0.6833	0.0657	22.0103	16.9399	13.6452	15.9768	1.0634	0.0748	0.9886	0.0672	0.0671	0.0001	0.9962	0.0077	0.9885	0.7675	0.2196	0.5479	0.2458	0.2115	0.0342	0.5217	0.0081	0.5137	1.6015	1.4263	0.1752	0.4497	0.4265	0.0232	1.1518	0.9998	0.1520	0.8261	0.5208	0.3053	0.2724	0.2512	0.0212	0.5537	0.2696	0.2841	0.7147	0.1244	3.1435	0.1657	0.1869	0.0024	0.9179	0.2561	3.5962	0.9290	0.4216	1.7947	0.9021	0.8419	1.6154	0.9423	0.0299	1.8081
47	112	0.4955	7	2	1	0	1	0	0	0	0	Y	N	N	N	N	N	N	N	N	N	N	N	0.0000	0.0000	0.0000	0.0000	0.0000	0.0000	0.0000	0.0000	0.0000	0.0000	0.0000	0.0000	0.0000	0.0000	0.0000	0.0001	0.0001	0.0000	9.8293	15.1044	0.0008	2.9132	3.0263	0.0003	14.4544	28.1039	0.0009	0.0000	0.0000	-0.0000	-0.3070	22.0103	0.0019	13.6452	1.9928	0.0000	0.0000	0.0000	0.0000	0.0000	0.0000	0.0000	0.0000	0.0000	0.4886	0.4886	0.0000	0.0339	0.0339	0.0000	0.4547	0.4547	0.0000	0.0005	0.0004	0.0001	0.0002	0.0002	0.0000	0.0003	0.0002	0.0000	0.0497	0.0323	0.0174	0.0183	0.0162	0.0021	0.0315	0.0162	0.0153	0.0000	0.0000	0.0000	0.0000	0.0000	0.0000	0.0000	0.0000	0.0000	9.8293	15.1044	0.0008	1.8577	2.0970	0.0003	14.4544	28.1039	0.0009
47	113	0.4719	6	2	1	0	1	0	0	0	0	Y	N	N	N	N	N	N	N	N	N	N	N	0.0006	0.0006	0.0000	0.0004	0.0004	0.0000	0.0005	0.0010	0.0000	0.0007	0.0008	0.0000	0.0009	0.0009	0.0000	0.0006	0.0007	0.0000	1.1573	1.4142	3.1867	2.5174	2.5442	1.5244	1.1864	0.7066	3.2127	0.0003	0.6819	-0.0002	-0.0520	22.0103	8.6942	13.6452	6.0502	0.0007	0.0007	0.0000	0.0003	0.0003	0.0000	0.0004	0.0004	0.0000	0.2332	0.1386	0.0945	0.1410	0.1370	0.0041	0.0922	0.0017	0.0905	0.8983	0.8056	0.0928	0.3203	0.3048	0.0155	0.5780	0.5008	0.0772	0.3664	0.2254	0.1410	0.1242	0.1143	0.0099	0.2422	0.1111	0.1311	0.0011	0.0013	0.0000	0.0008	0.0008	0.0000	0.0017	0.0486	0.0000	0.6364	0.6150	0.6705	1.1351	1.1978	0.4107	0.3805	0.0151	0.6902
47	114	0.4930	10	1	1	0	1	0	0	0	0	N	N	N	N	N	N	N	N	N	N	N	N	0.0000	0.0000	0.0000	0.0000	0.0000	0.0000	0.0000	0.0000	0.0000	0.0000	0.0000	0.0000	0.0000	0.0000	0.0000	0.0000	0.9398	1.3426	0.0009	1.7614	1.7056	0.0000	0.0032	0.0000	0.0009	0.0019	0.0000	-0.0000	22.0103	0.0001	13.6452	0.0001	0.0000	0.0000	0.0000	0.0000	0.0000	0.0000	0.0000	0.0000	0.0000	0.0000	0.0000	0.0000	0.0000	0.0000	0.0000	0.0000	0.0000	0.0000	0.0000	0.0000	0.0000	0.0000	0.0000	0.0000	0.0000	0.0000	0.0000	0.0001	0.0000	0.0000	0.0000	0.0000	0.0000	0.0000	0.0000	0.0000	0.0000	0.0000	0.0000	0.0000	0.0000	0.0000	0.0000	0.0000	0.0000	0.2337	0.4575	0.0009	0.4788	0.4811	0.0000	0.0008	0.0000	0.0009			
47	115	0.4864	9	1	1	0	1	0	0	0	0	N	N	N	N	N	N	N	N	N	N	N	N	0.0000	0.0000	0.0000	0.0000	0.0000	0.0000	0.0000	0.0000	0.0000	0.0000	0.0000	0.0000	0.0000	0.0000	0.0000	0.0000	0.0000	1.5230	2.3025	0.0113	4.3284	4.5755	0.0000	0.0232	0.0000	0.0101	0.0019	0.0000	-0.0850	22.0103	3.0007	13.6452	1.0012	0.0000	0.0000	0.0000	0.0000	0.0000	0.0000	0.0000	0.0000	0.0000	0.1356	0.1354	0.0003	0.1354	0.1354	0.0000	0.0003	0.0000	0.0003	0.2917	0.2604	0.0312	0.0949	0.0900	0.0049	0.1967	0.1704	0.0263	0.0951	0.0588	0.0363	0.0324	0.0296	0.0028	0.0628	0.0292	0.0336	0.0000	0.0000	0.0000	0.0000	0.0000	0.0000	0.0000	0.0000	0.0000	1.4258	2.3025	0.0069	4.1825	4.5745	0.0000	0.0040	0.0000	0.0075		
47	116	0.4845	8	1	0	0	1	0	0	0	0	N	N	N	N	N	N	N	N	N	N	N	N	0.3450	0.0000	45.3678	0.0017	0.0000	48.0937	4.3738	0.0002	50.4884	0.0020	0.0000	0.0187	0.0000	0.0000	0.0003	0.0030	0.0000	0.0225	0.0057	0.0113	0.0004	0.0078	0.0088	0.0000	0.0007	0.0010	0.0004	10481.7444	0.0795	0.0002	-0.0000	22.0103	1.1177	13.6452	0.0023	0.0002	0.0000	0.0002	0.0000	0.0000	0.0000	0.0002	0.0000	0.0002	0.0001	0.0001	0.0000	0.0001	0.0001	0.0000	0.0000	0.0000	0.0000	0.1142	0.1023	0.0119	0.0404	0.0384	0.0020	0.0738	0.0639	0.0099	0.0267	0.0165	0.0102	0.0091	0.0083	0.0008	0.0177	0.0082	0.0094	0.9144	0.0001	45.3678	0.0023	0.0000	48.0937	12.4247	0.0252	50.4884	0.0021	0.0032	0.0004	0.0058	0.0064	0.0000	0.0002	0.0000	0.0004
47	117	0.3008	2	1	1	0	0	0	0	0	0	N	N	N	N	N	N	N	N	N	N	N	N	0.6614	0.5771	0.0107	0.1888	0.1989	0.0057	0.9879	1.0957	0.0150	0.7361	0.8547	0.0106	0.5062	0.5445	0.0039	0.8089	0.9638	0.0116	1.1129	1.4809	0.9983	2.6808	2.7372	0.6878	0.8188	0.8796	0.7691	0.0020	0.1124	-0.7323	-0.5822	22.0103	31.2782	13.6452	23.9277	2.5686	2.5634	0.0052	0.4252	0.4250	0.0002	2.1433	2.1384	0.0050	1.1040	0.9925	0.1115	0.9850	0.9761	0.0089	0.1190	0.0164	0.1026	3.4897	2.9993	0.4904	0.8401	0.7805	0.0596	2.6496	2.2188	0.4308	2.0958	1.2504	0.8453	0.7086	0.6695	0.0392	1.3872	0.5810	0.8062	1.3973	1.0768	0.0806	0.3642	0.3735	0.0173	9.4280	34.1172	0.0908	0.5268	0.7937	0.1319	1.3900	1.4580	0.2275	0.0858	0.0282	0.1273
47	118	0.4845	8	1	0	1	1	0	0	0	0	N	N	N	N	N	N	N	N	N	N	N	N	0.4420	0.0364	83.4008	0.0700	0.0657	inf	9.9699	inf	91.6002	0.0007	0.0001	0.0055	0.0002	0.0002	0.0001	0.0010	0.0001	0.0066	0.0016	0.0032	0.0001	0.0023	0.0025	0.0000	0.0001	0.0000	0.0001	5.5819	0.0323	0.0001	-0.0001	22.0103	3.8827	13.6452	2.9998	0.0003	0.0000	0.0002	0.0000	0.0000	0.0000	0.0002	0.0000	0.0002	0.0001	0.0001	0.0000	0.0001	0.0001	0.0000	0.0000	0.0000	0.0000	0.3816	0.3411	0.0406	0.1272	0.1207	0.0065	0.2544	0.2204	0.0340	0.1621	0.1002	0.0619	0.0550	0.0503	0.0047	0.1071	0.0499	0.0572	0.8551	0.0927	83.4008	0.0700	0.0657	inf	25.0049	inf	91.6002	0.0008	0.0013	0.0001	0.0023	0.0025	0.0000	0.0000	0.0000	0.0001
47	119	0.4816	7	1	0	0	1	0	0	0	0	N	N	N	N	N	N	N	N	N	N	N	N	11483.7265	6.9174	74528.7882	68.2381	3.0884	inf	7431.8105	60.7607	85450.1009	2.9084	0.0010	29.4875	0.0186	0.0009	0.3557	4.7314	0.0011	36.5668	0.0003	0.0002	0.0004	0.0003	0.0003	0.0000	0.0006	0.0000	0.0004	3102.1826	1.6353	0.6910	-0.0000	22.0103	2.8083	13.6452	0.0030	0.9697	0.0003	0.9694	0.0024	0.0001	0.0023	0.9673	0.0002	0.9671	0.0000	0.0000	0.0000	0.0000	0.0000	0.0000	0.0000	0.0000	0.0000	0.3334	0.3006	0.0329	0.1290	0.1225	0.0064	0.2045	0.1780	0.0264	0.0675	0.0417	0.0259	0.0230	0.0210	0.0020	0.0446	0.0206	0.0239	11903.8620	6.9174	74528.7882	68.2381	3.0884	inf	20591.7861	22150.5585	85450.1009	0.0002	0.0002	0.0004	0.0003	0.0003	0.0000	0.0002	0.0000	0.0004
47	120	0.4816	7	1	0	1	1	0	0	0	0	N	N	N	N	N	N	N	N	N	N	N	N	18904.5277	379.9954	84301.1183	392.0229	374.6307	inf	8134.3846	inf	93597.2468	1.0177	0.0066	9.7080	0.0112	0.0117	0.0018	1.5385	0.0038	11.6644	0.0001	0.0000	0.0001	0.0000	0.0000	0.0000	0.0002	0.0000	0.0001	170.1254	4.5436	0.7023	0.0000	22.0103	9.6158	13.6452	0.0030	0.9933	0.0058	0.9875	0.0037	0.0037	0.0000	0.9896	0.0021	0.9875	0.0000	0.0000	0.0000	0.0000	0.0000	0.0000	0.0000	0.0000	0.0000	0.9760	0.8743	0.1017	0.3328	0.3157	0.0171	0.6432	0.5585	0.0847	0.2267	0.1398	0.0869	0.0769	0.0703	0.0066	0.1498	0.0695	0.0803	18904.5277	421.7101	84301.1183	392.0229	374.6307	inf	23040.3411	inf	93597.2468	0.0001	0.0000	0.0001	0.0000	0.0000	0.0000	0.0001	0.0000	0.0001
47	121	0.4719	6	1	0	0	1	0	0	0	0	N	N	N	N	N	N	N	N	N	N	N	N	0.0149	0.0016	0.5209	0.0085	0.0071	2.3224	0.0228	0.0135	0.6980	0.0035	0.0002	0.0342	0.0003	0.0003	0.0005	0.0057	0.0001	0.0420	0.2381	0.1244	0.0656	0.0381	0.0442	0.0002	0.2511	0.0087	0.0602	18.5905	1.5946	0.0011	-0.0000	22.0103	4.2457	13.6452	2.0144	0.0017	0.0001	0.0016	0.0001	0.0001	0.0000	0.0016	0.0000	0.0016	0.0030	0.0011	0.0018	0.0011	0.0011	0.0000	0.0018	0.0000	0.0018	0.4801	0.4328	0.0473	0.1940	0.1851	0.0089	0.2861	0.2477	0.0383	0.1711	0.1053	0.0659	0.0602	0.0559	0.0044	0.1109	0.0494	0.0615	0.2055	0.0186	1.2411	0.0173	0.0156	2.3224	0.3473	0.3433	1.4243	0.0172	0.0108	0.0275	0.0186	0.0201	0.0002	0.0165	0.0003	0.0295
47	122	0.4298	5	1	0	0	1	0	0	0	0	N	N	N	N	N	N	N	N	N	N	N	N	0.0493	0.0408	0.0077	0.0056	0.0060	0.0039	0.0936	0.0650	0.0106	0.0460	0.0512	0.0016	0.0113	0.0119	0.0000	0.0634	0.0729	0.0018	0.9346	1.2559	0.2022	2.0111	1.9939	0.0060	0.6772	1.1208	0.1713	0.0035	0.1004	-0.0160	-0.0713	22.0103	11.9190	13.6452	13.1740	0.0566	0.0564	0.0002	0.0046	0.0046	0.0000	0.0519	0.0517	0.0002	0.1328	0.1207	0.0121	0.1101	0.1100	0.0001	0.0228	0.0107	0.0120	1.2285	1.1005	0.1280	0.4098	0.3909	0.0189	0.8187	0.7096	0.1090	0.5939	0.3611	0.2328	0.1820	0.1677	0.0143	0.4119	0.1934	0.2184	0.2058	0.1532	0.0298	0.0187	0.0181	0.0039	1.1472	1.3140	0.0330	0.2237	0.3343	0.0521	0.6048	0.6559	0.0060	0.0553	0.0555	0.0551
47	123	0.1998	5	1	0	1	1	0	0	0	0	N	N	N	N	N	N	N	N	N	N	N	N	0.0084	0.0058	1.8647	0.0185	0.0183	1.2080	0.0061	0.0034	1.8971	0.0127	0.0140	0.0015	0.0164	0.0169	0.0008	0.0117	0.0133	0.0016	1.5095	2.4168	0.0008	0.8867	0.9224	0.0006	1.9354	3.9179	0.0008	0.0133	0.0002	-0.0050	-0.4538	22.0103	12.8936	13.6452	4.1514	0.0182	0.0180	0.0002	0.0047	0.0047	0.0000	0.0135	0.0133	0.0002	0.7226	0.7224	0.0002	0.0220	0.0220	0.0000	0.7006	0.7004	0.0002	1.4380	1.2806	0.1574	0.2857	0.2769	0.0088	1.1523	1.0037	0.1486	0.5153	0.2989	0.2164	0.1309	0.1201	0.0108	0.3844	0.1788	0.2056	0.0090	0.0058	1.8647	0.0978	0.0925	1.2080	0.0064	0.0034	1.8971	1.4022	2.4168	0.0008	0.1678	0.1829	0.0006	1.8227	3.9179	0.0008
47	124	0.4451	6	1	1	0	0	0	0	0	0	N	N	N	N	N	N	N	N	N	N	N	N	0.0032	0.0029	0.0032	0.0060	0.0020	0.3944	0.0023	0.0024	0.0006	0.0034	0.0025	0.0109	0.0044	0.0014	0.0636	0.0029	0.0031	0.0022	1.0559	0.8712	3.4206	0.7277	0.7168	0.1611	1.2680	1.2711	3.5291	0.5065	5.3060	0.0002	0.0480	22.0103	12.7386	13.6452	8.7370	0.0043	0.0028	0.0014	0.0017	0.0005	0.0012	0.0026	0.0023	0.0003	0.2252	0.0357	0.1895	0.0240	0.0230	0.0011	0.2012	0.0127	0.1884	1.2640	1.1314	0.1327	0.3960	0.3772	0.0187	0.8681	0.7541	0.1139	0.5494	0.3316	0.2178	0.1788	0.1666	0.0122	0.3707	0.1651	0.2056	0.0083	0.0234	0.0125	0.0324	0.0103	0.7237	0.0054	0.0397	0.0024	0.4099	0.1077	0.8700	0.1344	0.1379	0.0878	0.5427	0.0772	0.9164
47	125	0.4298	5	1	1	0	0	0	0	0	0	N	N	N	N	N	N	N	N	N	N	N	N	0.0017	0.0026	0.0003	0.0074	0.0074	0.0491	0.0002	0.0004	0.0003	0.0016	0.0017	0.0009	0.0043	0.0045	0.0003	0.0002	0.0001	0.0010	0.9542	0.6505	2.8977	0.5857	0.6108	0.0070	1.1230	0.1594	2.9909	0.0602	6.1230	-0.0003	0.0144	22.0103	8.6431	13.6452	1.4782	0.0015	0.0014	0.0001	0.0014	0.0014	0.0000	0.0001	0.0000	0.0001	0.0622	0.0087	0.0534	0.0086	0.0085	0.0000	0.0536	0.0002	0.0534	0.9295	0.8343	0.0952	0.3256	0.3112	0.0145	0.6039	0.5232	0.0807	0.2516	0.1528	0.0989	0.0787	0.0722	0.0065	0.1730	0.0806	0.0923	0.0066	0.0301	0.0017	0.0395	0.0380	0.0491	0.0006	0.0287	0.0017	0.2470	0.0571	0.5405	0.1091	0.1183	0.0070	0.3097	0.0023	0.5782
47	126	0.4202	4	1	0	0	0	0	0	0	0	N	N	N	N	N	N	N	N	N	N	N	N	0.5646	0.4813	2.0927	7.3175	4.7318	7.9690	0.0181	0.0003	1.8165	0.2926	0.3222	0.0628	0.8400	0.8725	0.0059	0.0110	0.0003	0.0700	0.5183	0.6695	0.0300	0.1148	0.1844	0.0007	0.6070	1.2514	0.0385	0.0251	0.1626	-0.0397	-0.0044	22.0103	4.1618	13.6452	2.0491	0.1511	0.1474	0.0037	0.1473	0.1473	0.0000	0.0038	0.0001	0.0037	0.0089	0.0077	0.0013	0.0038	0.0038	0.0000	0.0051	0.0039	0.0012	0.5162	0.4573	0.0589	0.1754	0.1688	0.0066	0.3408	0.2885	0.0523	0.2124	0.1274	0.0849	0.0981	0.0742	0.0239	0.1142	0.0532	0.0610	6.9540	5.3426	4.2657	21.6919	17.1162	7.9690	0.2450	0.0045	3.4619	0.0421	0.0603	0.0147	0.0387	0.0510	0.0007	0.0450	0.0733	0.0202
47	127	0.3911	3	1	0	0	0	0	0	0	0	N	N	N	N	N	N	N	N	N	N	N	N	0.4703	0.5478	0.4268	1.9441	2.2377	0.0503	0.1660	0.0010	0.4855	0.4279	0.3355	1.1752	1.0603	1.1170	0.0215	0.1800	0.0006	1.3512	0.9099	0.6126	2.7533	0.5454	0.4992	0.4266	1.0846	0.5724	2.7831	0.4329	5.1066	0.0058	0.0198	22.0103	9.4810	13.6452	7.4917	0.3906	0.2726	0.1180	0.2726	0.2723	0.0003	0.1181	0.0003	0.1177	0.0953	0.0156	0.0797	0.0161	0.0142	0.0019	0.0792	0.0014	0.0778	0.9129	0.8125	0.1004	0.2571	0.2438	0.0133	0.6559	0.5687	0.0871	0.4654	0.2994	0.1660	0.1582	0.1468	0.0114	0.3071	0.1526	0.1545	2.0899	6.4389	2.4476	10.4019	11.5394	0.1277	0.6985	0.0650	2.6850	0.2047	0.0521	0.4802	0.1019	0.0968	0.1680	0.2577	0.0091	0.5032
47	128	0.2120	6	2	1	0	0	0	0	0	0	Y	N	N	N	N	N	N	N	N	N	N	N	9.1362	2.1574	7738.7914	0.5740	0.5267	450.1539	1190.2546	2.3223	8129.5843	0.0020	0.0011	0.0087	0.0005	0.0005	0.0004	0.0023	0.0013	0.0093	0.0002	0.0005	0.0000	0.0009	0.0010	0.0000	0.0000	0.0005	0.0000	1.0689	0.0021	0.0001	-0.0000	22.0103	2.0107	13.6452	1.9995	0.0004	0.0002	0.0002	0.0000	0.0000	0.0000	0.0004	0.0002	0.0002	0.0000	0.0000	0.0000	0.0000	0.0000	0.0000	0.0000	0.0000	0.0000	0.2001	0.1760	0.0241	0.0336	0.0321	0.0014	0.1665	0.1438	0.0227	0.1184	0.0691	0.0493	0.0300	0.0273	0.0027	0.0884	0.0418	0.0466	9.2204	2.9635	7738.7914	0.5740	0.5267	450.1539	1190.2546	433.3230	8129.5843	0.0002	0.0004	0.0000	0.0009	0.0010	0.0000	0.0000	0.0000	0.0000
47	129	0.1998	5	2	1	0	0	0	0	0	0	Y	N	N	N	N	N	N	N	N	N	N	N	6.1359	3.1535	6.9180	0.2670	0.2487	535.4534	801.2637	1107.8097	1.4444	1.2281	1.3644	0.0070	0.0639	0.0630	0.1018	1.5942	1.8211	0.0015	0.2002	0.4327	0.0010	0.2394	0.2535	0.0002	0.0020	0.0016	0.0011	0.0006	0.0284	-0.2604	-0.0021	22.0103	5.6459	13.6452	1.1399	0.9088	0.9082	0.0005	0.0113	0.0109	0.0004	0.8975	0.8973	0.0001	0.0035	0.0034	0.0001	0.0034	0.0034	0.0000	0.0001	0.0000	0.0001	0.7400	0.6657	0.0743	0.1770	0.1729	0.0041	0.5630	0.4928	0.0702	0.2227	0.1286	0.0942	0.0598	0.0553	0.0045	0.1629	0.0732	0.0897	79.1052	52.1663	6.9180	1.1374	1.0378	535.4534	2678.3393	57166.6559	1.4444	0.0155	0.0262	0.0010	0.0562	0.0607	0.0002	0.0006	0.0000	0.0011
47	130	0.1695	4	1	0	0	0	0	0	0	0	N	N	N	N	N	N	N	N	N	N	N	N	0.8106	1.0051	0.0008	0.4948	0.4942	0.1644	0.7938	5.1238	0.0007	0.7122	0.8409	0.0016	0.4494	0.4590	0.0073	0.7947	0.9867	0.0014	0.8785	0.8367	2.0334	0.9082	0.9288	0.0445	1.0012	0.1926	1.9616	0.0004	1.9792	-0.3375	0.0048	22.0103	11.6079	13.6452	5.3766	1.1769	1.1765	0.0004	0.1775	0.1775	0.0001	0.9994	0.9991	0.0004	0.1346	0.0452	0.0894	0.0452	0.0446	0.0006	0.0894	0.0006	0.0889	1.6526	1.3991	0.2535	0.3950	0.3866	0.0084	1.2576	1.0125	0.2451	0.7784	0.4572	0.3212	0.2578	0.2413	0.0165	0.5206	0.2158	0.3047	4.1170	8.5065	0.0059	2.5619	2.4821	0.2027	4.6265	377.6385	0.0049	0.1730	0.0989	0.2785	0.1754	0.1849	0.0361	0.1718	0.0026	0.2916
47	131	0.1516	3	1	0	0	0	0	0	0	0	N	N	N	N	N	N	N	N	N	N	N	N	0.3199	0.3806	0.0973	0.6840	0.7130	0.1761	0.1116	0.0123	0.0954	0.4270	0.3976	0.5154	0.9043	0.9307	0.1116	0.1965	0.0112	0.5331	1.3348	1.0446	5.2948	1.3220	1.3054	0.6339	1.7607	0.9159	5.5890	0.4319	8.5152	0.0052	0.2313	22.0103	3.9355	13.6452	8.7078	0.3560	0.2486	0.1074	0.2455	0.2445	0.0010	0.1105	0.0041	0.1064	0.8678	0.0912	0.7766	0.0889	0.0847	0.0042	0.7789	0.0065	0.7724	0.8336	0.6253	0.2084	0.2715	0.2627	0.0088	0.5621	0.3625	0.1996	0.8126	0.4967	0.3160	0.3104	0.2909	0.0195	0.5023	0.2058	0.2965	0.3999	2.1653	0.2097	3.1573	3.1962	0.5191	0.1267	0.3560	0.2046	1.0679	0.1836	2.4579	0.2864	0.2912	0.2150	1.5507	0.0316	2.6052
47	132	0.1399	2	1	0	0	0	0	0	0	0	N	N	N	N	N	N	N	N	N	N	N	N	0.5028	0.3684	0.2786	0.6191	0.6114	2.6672	0.2110	0.0051	0.2736	0.5346	0.4967	0.6444	1.1624	1.1771	0.6769	0.2394	0.0093	0.6432	1.0632	1.3483	2.3133	1.8774	1.9253	0.2538	1.1346	1.8195	2.3511	0.4471	0.4185	0.0153	-0.1530	22.0103	6.2657	13.6452	3.9760	0.6981	0.4824	0.2157	0.4855	0.4771	0.0083	0.2127	0.0053	0.2074	0.4589	0.3235	0.1354	0.2762	0.2680	0.0082	0.1827	0.0555	0.1272	1.3060	0.9712	0.3347	0.4176	0.4054	0.0123	0.8883	0.5659	0.3224	1.0739	0.6652	0.4088	0.5146	0.4477	0.0669	0.5594	0.2175	0.3419	1.2512	1.0214	1.9460	2.1659	1.9663	5.5505	0.7330	0.0365	1.7286	0.4273	0.4863	0.3312	0.5367	0.5986	0.1219	0.3266	0.2551	0.3721
48	50	0.3903	11	1	2	1	0	0	0	0	0	N	Y	N	N	N	N	N	N	N	N	N	N	0.0000	0.0000	0.0000	0.0000	0.0000	0.0000	0.0000	0.0000	0.0000	0.0000	0.0000	0.0000	0.0000	0.0000	0.0000	0.0000	0.0000	0.0000	0.0000	0.0000	12.3962	0.9856	3.7178	2.8295	0.0000	0.0000	0.0000	0.0000	0.0000	0.0000	0.0000	0.0000	0.0000	0.0000	0.0000	0.0000	0.0000	0.0000	0.0000	0.0000	0.0000	0.0000	0.0577	0.0512	0.0065	0.0164	0.0157	0.0007	0.0413	0.0355	0.0059	0.0384	0.0227	0.0158	0.0092	0.0084	0.0008	0.0292	0.0142	0.0150	0.0000	0.0000	0.0000	0.0000	0.0000	0.0000	0.0000	0.0000	0.0000	0.0000	0.0000	0.0000	0.0000	0.0000	0.0000	0.0000	0.0000	0.0000											
48	51	0.6604	11	1	2	0	0	0	0	0	0	N	Y	N	N	N	N	N	N	N	N	N	N	0.0043	19.6110	0.0000	0.0117	0.4573	0.0000	0.0055	inf	0.0000	0.0063	0.0074	0.0000	0.0002	0.0002	0.0000	0.0118	0.0149	0.0000	1.4733	0.0004	7.0475	0.0199	0.0005	0.3234	2.1507	0.0000	7.9724	0.0003	7001.4743	-0.0018	0.1000	12.3962	13.3057	3.7178	8.6321	0.0064	0.0064	0.0000	0.0001	0.0001	0.0000	0.0063	0.0063	0.0000	0.2691	0.0000	0.2691	0.0009	0.0000	0.0009	0.2682	0.0000	0.2682	1.0034	0.8650	0.1384	0.4713	0.4455	0.0257	0.5321	0.4195	0.1126	0.2025	0.1300	0.0724	0.0778	0.0716	0.0062	0.1247	0.0585	0.0662	0.0048	24.8925	0.0000	0.0197	0.4573	0.0001	0.0055	inf	0.0000	1.3292	0.0003	3.7148	0.0118	0.0005	0.1419	2.1507	0.0000	4.0493
48	52	0.3232	7	0	2	0	1	0	0	0	0	N	Y	N	N	N	N	N	N	N	N	N	N	26.4235	12.5006	91.5545	57.1761	61.1349	831.2667	inf	103.2157	3.7798	4.5698	0.0001	9.8581	10.3825	0.0000	0.0007	0.0009	0.0002	0.1430	0.3656	0.0000	0.1724	0.1698	0.0000	0.0000	0.0000	0.0000	0.0000	0.0000	-0.1747	-0.0002	12.3962	2.1073	3.7178	0.0711	0.6084	0.6084	0.0000	0.6083	0.6083	0.0000	0.0001	0.0001	0.0000	0.0003	0.0003	0.0000	0.0003	0.0003	0.0000	0.0000	0.0000	0.0000	0.1610	0.1331	0.0278	0.0617	0.0586	0.0031	0.0993	0.0745	0.0247	0.0237	0.0145	0.0092	0.0067	0.0064	0.0003	0.0170	0.0081	0.0089	286.2494	211.3622	91.5545	210.7999	211.5569	0.0000	831.2667	inf	103.2157	0.0132	0.0216	0.0000	0.0468	0.0491	0.0000	0.0000	0.0000	0.0000	
48	53	0.2608	6	0	1	0	1	0	0	0	0	N	N	N	N	N	N	N	N	N	N	N	N	0.0088	0.0054	33.9868	0.0038	0.0038	0.0311	388.8876	9.1249	42.7285	0.0201	0.0226	0.0001	0.0563	0.0604	0.0000	0.0005	0.0005	0.0001	2.2772	4.2047	0.0000	14.7587	16.0927	0.0000	0.0000	0.0001	0.0000	0.0004	0.0000	-0.0072	-0.3563	12.3962	21.8329	3.7178	8.0592	0.0250	0.0250	0.0000	0.0247	0.0247	0.0000	0.0004	0.0004	0.0000	0.5670	0.5670	0.0000	0.5670	0.5670	0.0000	0.0000	0.0000	0.0000	1.2439	1.1060	0.1379	0.4376	0.4079	0.0296	0.8064	0.6981	0.1082	0.2490	0.1349	0.1141	0.0384	0.0352	0.0032	0.2106	0.0996	0.1110	0.0088	0.0054	33.9868	0.0038	0.0038	0.0311	388.8876	3368.7092	42.7285	2.2772	4.2047	0.0000	14.7587	16.0927	0.0000	0.0000	0.0000	0.0000
48	54	0.7728	13	0	2	0	1	0	0	0	0	N	Y	N	N	N	N	N	N	N	N	N	N	0.0000	0.0000	0.0000	0.0000	0.0000	0.0000	0.0000	0.0000	0.0000	0.0000	0.0000	0.0000	0.0000	0.0000	0.0000	0.0000	0.0000	0.0000	0.0000	0.0000	12.3962	0.0000	3.7178	0.0000	0.0000	0.0000	0.0000	0.0000	0.0000	0.0000	0.0000	0.0000	0.0000	0.0000	0.0000	0.0000	0.0000	0.0000	0.0000	0.0000	0.0000	0.0000	0.0000	0.0000	0.0000	0.0000	0.0000	0.0000	0.0000	0.0000	0.0000	0.0000	0.0000	0.0000	0.0000	0.0000	0.0000	0.0000	0.0000	0.0000	0.0000	0.0000	0.0000	0.0000	0.0000	0.0000	0.0000	0.0000	0.0000	0.0000	0.0000	0.0000	0.0000	0.0000	0.0000	0.0000	0.0000	0.0000											
48	55	0.2608	6	0	1	0	1	0	0	0	0	N	N	N	N	N	N	N	N	N	N	N	N	0.0062	2.0279	0.0103	0.1298	0.0912	7.7187	0.0069	7.0497	0.0138	0.0018	0.0018	0.0016	0.0002	0.0001	0.0007	0.0030	0.0032	0.0020	0.2881	0.0009	0.1567	0.0012	0.0012	0.0001	0.4338	0.0004	0.1441	0.1075	63.6415	-0.0000	0.0001	12.3962	1.2825	3.7178	0.1503	0.0002	0.0002	0.0000	0.0000	0.0000	0.0000	0.0002	0.0002	0.0000	0.0004	0.0000	0.0003	0.0000	0.0000	0.0000	0.0003	0.0000	0.0003	0.1014	0.0906	0.0108	0.0435	0.0404	0.0031	0.0579	0.0502	0.0077	0.0180	0.0106	0.0074	0.0047	0.0045	0.0002	0.0133	0.0060	0.0073	0.0903	3.4602	0.0345	0.1298	0.0912	7.7187	0.1142	1507.1974	0.0414	0.0197	0.0005	0.0469	0.0012	0.0012	0.0001	0.0263	0.0000	0.0480
48	56	0.2198	5	0	1	0	1	0	0	0	0	N	N	N	N	N	N	N	N	N	N	N	N	0.9084	0.5273	18.7572	0.0088	0.0062	178.7727	504.9179	87.9960	13.1764	0.2219	0.2487	0.0055	0.0027	0.0021	0.0111	0.3382	0.3904	0.0041	0.2443	0.4718	0.0003	0.3041	0.3368	0.0001	0.0007	0.0044	0.0003	0.0027	0.0068	-0.0622	-0.0030	12.3962	14.8542	3.7178	6.8183	0.2186	0.2180	0.0006	0.0009	0.0007	0.0002	0.2177	0.2173	0.0004	0.0048	0.0048	0.0000	0.0048	0.0048	0.0000	0.0000	0.0000	0.0000	0.9851	0.8764	0.1088	0.3415	0.3196	0.0218	0.6437	0.5567	0.0869	0.2724	0.1622	0.1103	0.0739	0.0658	0.0081	0.1985	0.0963	0.1022	12.5191	8.4097	18.7572	0.0413	0.0288	178.7727	1418.4115	2433.6574	13.1764	0.0177	0.0296	0.0003	0.0647	0.0727	0.0001	0.0002	0.0002	0.0003
48	57	0.1449	4	0	1	0	1	0	0	0	0	N	N	N	N	N	N	N	N	N	N	N	N	0.6299	0.2302	20.0635	10.7443	10.2310	48.5447	0.2801	0.0540	24.6044	0.0682	0.0671	0.0758	0.1138	0.1200	0.0209	0.0498	0.0438	0.0855	0.1082	0.2915	0.0038	0.0106	0.0117	0.0004	0.1778	0.8118	0.0035	0.1537	0.1492	-0.0240	-0.0029	12.3962	33.5853	3.7178	9.3450	0.1560	0.1353	0.0208	0.0747	0.0739	0.0009	0.0813	0.0614	0.0199	0.0059	0.0051	0.0008	0.0008	0.0008	0.0000	0.0051	0.0044	0.0008	2.2897	2.0154	0.2743	0.6571	0.6157	0.0414	1.6326	1.3996	0.2330	0.5173	0.2926	0.2248	0.1058	0.1006	0.0052	0.4116	0.1920	0.2196	5.9792	3.8268	22.2473	15.3748	15.4712	48.5447	4.0076	1.9347	24.6044	0.0114	0.0175	0.0034	0.0074	0.0078	0.0004	0.0124	0.0227	0.0035
48	58	0.1241	3	0	1	0	0	0	0	0	0	N	N	N	N	N	N	N	N	N	N	N	N	1.5759	0.5878	14.4129	1.1906	1.3853	5.0462	1.8438	0.1137	25.3485	1.0626	0.4347	4.1496	0.9703	1.1082	0.1043	1.1082	0.0826	5.6363	0.6743	0.7395	0.2879	0.8150	0.7999	0.0207	0.6010	0.7267	0.2224	1.9417	0.6682	0.5645	-0.0046	12.3962	15.2419	3.7178	2.5705	1.5137	0.5146	0.9991	0.4571	0.4504	0.0067	1.0566	0.0642	0.9924	0.0200	0.0120	0.0080	0.0105	0.0105	0.0000	0.0094	0.0015	0.0080	1.4246	1.1838	0.2408	0.4711	0.4064	0.0647	0.9535	0.7774	0.1761	0.2849	0.1571	0.1278	0.0694	0.0672	0.0022	0.2155	0.0899	0.1256	15.1501	5.7010	66.2614	6.3841	7.0887	5.0462	25.3138	5.0308	88.9468	0.0701	0.0762	0.0626	0.1520	0.1563	0.0207	0.0438	0.0164	0.0634
48	59	0.7728	13	0	1	0	1	0	0	0	0	N	N	N	N	N	N	N	N	N	N	N	N	0.0000	0.0000	0.0000	0.0000	0.0000	0.0000	0.0000	0.0000	0.0000	0.0000	0.0000	0.0000	0.0000	0.0000	0.0000	0.0000	0.0000	0.0000	0.0000	0.0000	12.3962	0.0000	3.7178	0.0000	0.0000	0.0000	0.0000	0.0000	0.0000	0.0000	0.0000	0.0000	0.0000	0.0000	0.0000	0.0000	0.0000	0.0000	0.0000	0.0000	0.0000	0.0000	0.0000	0.0000	0.0000	0.0000	0.0000	0.0000	0.0000	0.0000	0.0000	0.0000	0.0000	0.0000	0.0000	0.0000	0.0000	0.0000	0.0000	0.0000	0.0000	0.0000	0.0000	0.0000	0.0000	0.0000	0.0000	0.0000	0.0000	0.0000	0.0000	0.0000	0.0000	0.0000	0.0000	0.0000	0.0000	0.0000											
48	60	0.6954	12	0	1	0	1	0	0	0	0	N	N	N	N	N	N	N	N	N	N	N	N	52.9327	204.1144	276.2697	742.6229	601.1105	6819.8991	13.6160	0.0037	331.0713	1.9637	1.1187	9.9064	2.4140	2.5242	0.2855	1.6359	0.0000	12.5519	0.0371	0.0055	0.0359	0.0033	0.0042	0.0000	0.1201	0.0001	0.0379	0.9422	5.4321	0.3735	0.0003	12.3962	19.3360	3.7178	7.9957	1.8865	0.9713	0.9152	0.9770	0.9713	0.0057	0.9095	0.0000	0.9095	0.0015	0.0002	0.0013	0.0002	0.0002	0.0000	0.0013	0.0000	0.0013	0.9607	0.8683	0.0924	0.4047	0.3848	0.0199	0.5560	0.4835	0.0725	0.1964	0.1241	0.0723	0.0718	0.0622	0.0095	0.1246	0.0619	0.0628	260.1523	602.4492	571.8659	750.3171	681.8241	6819.8991	162.9152	1.1226	629.4969	0.0075	0.0019	0.0173	0.0032	0.0037	0.0000	0.0100	0.0000	0.0199
48	61	0.3854	10	0	2	1	0	0	0	0	0	N	Y	N	N	N	N	N	N	N	N	N	N	87.0017	1936.9604	0.0104	337.1192	2026.3277	0.0078	0.0020	inf	0.0001	0.2949	0.3307	0.0000	0.8516	0.8934	0.0002	0.0000	0.0000	0.0000	0.0034	0.0002	0.0032	0.0025	0.0004	0.0287	0.0042	0.0000	0.0020	0.0000	13.6679	-0.0673	0.0001	12.3962	14.2360	3.7178	11.9336	0.2345	0.2345	0.0000	0.2345	0.2345	0.0000	0.0000	0.0000	0.0000	0.0003	0.0000	0.0003	0.0001	0.0000	0.0001	0.0002	0.0000	0.0002	0.7953	0.7092	0.0861	0.2754	0.2625	0.0129	0.5199	0.4467	0.0732	0.2390	0.1379	0.1011	0.0568	0.0522	0.0046	0.1822	0.0857	0.0965	208.9078	1982.8806	0.0108	337.1192	2026.3277	0.0086	0.0080	inf	0.0001	0.0014	0.0002	0.0031	0.0025	0.0004	0.0262	0.0011	0.0000	0.0020
48	62	0.3132	10	1	1	1	0	0	0	0	0	N	N	N	N	N	N	N	N	N	N	N	N	0.8824	0.0002	44.6552	1.7420	0.0007	48.7138	0.0715	0.0000	0.6825	0.0015	0.0000	0.0130	0.0051	0.0000	0.1193	0.0000	0.0000	0.0001	0.0017	0.0031	0.0003	0.0030	0.0030	0.0024	0.0002	0.0000	0.0002	2424.3697	0.1602	0.0016	-0.0002	12.3962	28.8660	3.7178	13.2209	0.0023	0.0000	0.0023	0.0022	0.0000	0.0022	0.0000	0.0000	0.0000	0.0004	0.0003	0.0000	0.0003	0.0003	0.0000	0.0000	0.0000	0.0000	1.5458	1.3727	0.1731	0.4342	0.4154	0.0187	1.1116	0.9572	0.1544	0.4157	0.2498	0.1659	0.1089	0.1007	0.0082	0.3068	0.1491	0.1577	1.7308	0.0006	44.6552	1.7420	0.0007	48.7138	0.1842	0.0000	0.6825	0.0008	0.0012	0.0003	0.0030	0.0030	0.0024	0.0001	0.0000	0.0002
48	63	0.3105	9	1	2	0	0	0	0	0	0	N	Y	N	N	N	N	N	N	N	N	N	N	0.0001	0.0000	0.0124	0.0003	0.0001	0.1380	0.0000	0.0007	0.0004	0.0001	0.0000	0.0003	0.0002	0.0001	0.0030	0.0000	0.0000	0.0000	0.5373	0.7043	0.0242	0.7370	0.7403	0.0215	0.0518	0.0011	0.0199	1.6673	0.1273	0.0000	-0.0041	12.3962	5.0237	3.7178	8.0282	0.0000	0.0000	0.0000	0.0000	0.0000	0.0000	0.0000	0.0000	0.0000	0.0079	0.0070	0.0009	0.0070	0.0070	0.0001	0.0008	0.0000	0.0008	0.2919	0.2579	0.0339	0.0720	0.0686	0.0034	0.2199	0.1893	0.0306	0.1767	0.1051	0.0716	0.0515	0.0490	0.0025	0.1252	0.0560	0.0691	0.0013	0.0004	0.0243	0.0016	0.0006	0.1383	0.0003	0.0587	0.0006	0.0445	0.0665	0.0124	0.1365	0.1424	0.0214	0.0067	0.0000	0.0121
48	64	0.2475	8	1	2	0	0	0	0	0	0	N	Y	N	N	N	N	N	N	N	N	N	N	0.0158	0.0747	0.0615	0.5199	0.5166	0.2049	0.0033	0.0011	0.0744	0.0053	0.0049	0.0081	0.0192	0.0199	0.0029	0.0013	0.0001	0.0086	0.3328	0.0655	0.1320	0.0368	0.0386	0.0141	0.3975	0.1183	0.1157	0.2212	3.5660	-0.0006	0.0014	12.3962	17.5893	3.7178	19.0270	0.0054	0.0044	0.0010	0.0044	0.0043	0.0000	0.0010	0.0001	0.0009	0.0094	0.0021	0.0073	0.0018	0.0018	0.0001	0.0076	0.0003	0.0073	1.0259	0.9052	0.1207	0.2282	0.2178	0.0104	0.7977	0.6874	0.1103	0.4243	0.2487	0.1756	0.1007	0.0950	0.0057	0.3236	0.1537	0.1699	0.2378	0.5907	0.1940	1.0517	1.0796	0.2049	0.0556	0.0643	0.2013	0.0222	0.0083	0.0418	0.0182	0.0185	0.0141	0.0234	0.0020	0.0428
48	65	0.2412	7	0	2	0	0	0	0	0	0	N	Y	N	N	N	N	N	N	N	N	N	N	0.0004	0.0002	0.0013	0.0006	0.0011	0.0000	0.0004	0.0025	0.0018	0.0003	0.0001	0.0020	0.0001	0.0001	0.0000	0.0004	0.0000	0.0025	0.7188	0.3409	1.5409	0.2042	0.1147	1.4676	0.8689	0.0109	1.3784	3.9202	5.8002	0.0000	0.0017	12.3962	1.7566	3.7178	2.8742	0.0000	0.0000	0.0000	0.0000	0.0000	0.0000	0.0000	0.0000	0.0000	0.0074	0.0011	0.0063	0.0014	0.0011	0.0004	0.0060	0.0000	0.0060	0.1285	0.1138	0.0147	0.0446	0.0418	0.0028	0.0839	0.0720	0.0119	0.0867	0.0546	0.0321	0.0280	0.0272	0.0009	0.0586	0.0274	0.0312	0.0033	0.0033	0.0101	0.0024	0.0033	0.0001	0.0036	0.0663	0.0128	0.0857	0.0200	0.1974	0.0512	0.0398	0.3999	0.1022	0.0004	0.1916
48	66	0.3854	10	0	2	0	0	0	0	0	0	N	Y	N	N	N	N	N	N	N	N	N	N	1194.8437	642.2941	0.0000	7.8544	7.4089	0.0000	8356.5095	14302.2958	0.0000	1.7173	1.9246	0.0000	0.0227	0.0239	0.0000	2.6016	3.0218	0.0000	0.0014	0.0030	0.0002	0.0029	0.0032	0.0000	0.0003	0.0002	0.0002	0.0000	0.1260	-0.5655	-0.0001	12.3962	21.1811	3.7178	10.1862	1.9693	1.9693	0.0000	0.0089	0.0089	0.0000	1.9604	1.9604	0.0000	0.0002	0.0002	0.0000	0.0002	0.0002	0.0000	0.0000	0.0000	0.0000	1.1467	1.0233	0.1235	0.3932	0.3745	0.0187	0.7535	0.6487	0.1048	0.2822	0.1628	0.1194	0.0667	0.0612	0.0055	0.2155	0.1016	0.1139	2227.6104	1622.0083	0.0000	7.8544	7.5728	0.0000	22973.2874	4182300.2424	0.0000	0.0008	0.0012	0.0002	0.0029	0.0032	0.0000	0.0001	0.0000	0.0002
48	67	0.3716	9	0	2	0	0	0	0	0	0	N	Y	N	N	N	N	N	N	N	N	N	N	19.8268	21.7286	1.2501	2.1022	2.0658	0.0682	22.1856	6.7007	1.4207	0.0090	0.0100	0.0004	0.0017	0.0018	0.0000	0.0126	0.0145	0.0005	0.0005	0.0005	0.0003	0.0008	0.0009	0.0002	0.0006	0.0022	0.0003	0.0050	0.7170	-0.0011	-0.0000	12.3962	7.4253	3.7178	0.9851	0.0039	0.0039	0.0000	0.0002	0.0002	0.0000	0.0037	0.0037	0.0000	0.0000	0.0000	0.0000	0.0000	0.0000	0.0000	0.0000	0.0000	0.0000	0.4369	0.3905	0.0465	0.1439	0.1376	0.0063	0.2930	0.2529	0.0402	0.0797	0.0456	0.0340	0.0181	0.0166	0.0015	0.0616	0.0291	0.0325	26.2990	28.7956	1.2501	2.1022	2.0658	0.0682	61.6162	270.0455	1.4207	0.0003	0.0003	0.0003	0.0008	0.0009	0.0002	0.0002	0.0001	0.0003
48	68	0.0561	2	0	1	1	0	0	0	0	0	N	N	N	N	N	N	N	N	N	N	N	N	0.7841	0.7806	0.1377	0.4183	0.4402	0.0117	0.7181	5.5279	0.1381	0.8554	1.0374	0.4110	0.7865	0.7901	0.0289	0.8867	1.2294	0.4130	1.0909	1.3290	2.9851	1.8800	1.7948	2.4732	1.2347	0.2224	2.9907	0.1622	1.1958	-0.2400	-0.0476	12.3962	15.0354	3.7178	6.2061	1.6264	1.3994	0.2270	0.4659	0.4659	0.0001	1.1605	0.9336	0.2269	0.5685	0.2589	0.3096	0.2605	0.2585	0.0020	0.3080	0.0004	0.3075	1.9013	1.3490	0.5523	0.5924	0.5896	0.0029	1.3088	0.7594	0.5495	1.1585	0.6223	0.5363	0.4816	0.4779	0.0037	0.6769	0.1444	0.5325	1.7434	2.4936	0.7119	1.4541	1.4610	0.0526	1.9488	410.1635	0.7151	0.4907	0.4160	0.5773	0.5409	0.5408	0.5494	0.4550	0.0030	0.5775
48	71	0.3747	10	1	2	0	0	0	0	0	0	N	Y	N	N	N	N	N	N	N	N	N	N	4.8148	2.9267	0.0037	3.5210	3.3987	0.0900	0.0001	inf	0.0000	0.0007	0.0008	0.0000	0.0022	0.0023	0.0000	0.0000	0.0000	0.0000	0.0002	0.0003	0.0000	0.0006	0.0007	0.0000	0.0000	0.0000	0.0000	0.0000	0.1040	-0.0002	-0.0000	12.3962	17.5448	3.7178	6.0013	0.0007	0.0007	0.0000	0.0007	0.0007	0.0000	0.0000	0.0000	0.0000	0.0000	0.0000	0.0000	0.0000	0.0000	0.0000	0.0000	0.0000	0.0000	0.9833	0.8778	0.1055	0.3374	0.3204	0.0170	0.6459	0.5574	0.0885	0.2152	0.1237	0.0915	0.0490	0.0448	0.0041	0.1662	0.0789	0.0873	4.8148	3.4235	0.0037	3.5210	3.3987	0.0900	0.0001	inf	0.0000	0.0002	0.0002	0.0000	0.0006	0.0007	0.0000	0.0000	0.0000	0.0000
48	72	0.4432	13	1	2	1	0	0	0	0	0	N	Y	N	N	N	N	N	N	N	N	N	N	0.0000	0.0000	0.0000	0.0000	0.0000	0.0000	0.0000	0.0000	0.0000	0.0000	0.0000	0.0000	0.0000	0.0000	0.0000	0.0000	0.0013	0.0009	0.0011	0.0010	0.0010	0.0000	0.0017	0.0000	0.0011	0.9393	0.0000	-0.0000	12.3962	1.8980	3.7178	2.9698	0.0000	0.0000	0.0000	0.0000	0.0000	0.0000	0.0000	0.0000	0.0000	0.0000	0.0000	0.0000	0.0000	0.0000	0.0000	0.0000	0.0000	0.0000	0.1122	0.0996	0.0125	0.0448	0.0427	0.0020	0.0674	0.0569	0.0105	0.0555	0.0383	0.0173	0.0205	0.0195	0.0010	0.0350	0.0188	0.0163	0.0000	0.0000	0.0000	0.0000	0.0000	0.0000	0.0000	0.0000	0.0000	0.0007	0.0005	0.0011	0.0010	0.0010	0.0000	0.0005	0.0000	0.0011			
48	73	0.4236	12	1	1	1	0	0	0	0	0	N	N	N	N	N	N	N	N	N	N	N	N	0.1342	0.0370	5.6773	0.2304	0.0746	226.2874	0.0570	0.0033	0.9793	0.0002	0.0001	0.0012	0.0003	0.0001	0.0051	0.0001	0.0001	0.0002	0.0013	0.0021	0.0002	0.0012	0.0013	0.0000	0.0015	0.0194	0.0002	1.3462	0.1160	0.0000	-0.0000	12.3962	3.5853	3.7178	4.3819	0.0001	0.0000	0.0000	0.0000	0.0000	0.0000	0.0000	0.0000	0.0000	0.0001	0.0001	0.0000	0.0000	0.0000	0.0000	0.0000	0.0000	0.0000	0.3962	0.3632	0.0330	0.1821	0.1756	0.0065	0.2141	0.1876	0.0266	0.0829	0.0544	0.0286	0.0254	0.0236	0.0017	0.0576	0.0307	0.0268	0.2488	0.0846	5.6773	0.2304	0.0746	226.2874	0.1792	0.0953	0.9793	0.0007	0.0009	0.0002	0.0012	0.0013	0.0000	0.0005	0.0007	0.0002
48	74	0.3921	11	1	1	1	0	0	0	0	0	N	N	N	N	N	N	N	N	N	N	N	N	449.7957	1240.4231	46.3874	15.2164	14.7283	98.2709	454.6161	613.6312	55.3082	1.9068	2.1095	0.1458	0.0239	0.0248	0.0057	3.0429	3.4927	0.1766	0.0042	0.0017	0.0031	0.0016	0.0017	0.0001	0.0067	0.0057	0.0032	0.0080	2.4179	-0.4036	0.0000	12.3962	12.3589	3.7178	7.3592	1.4453	1.4339	0.0114	0.0068	0.0067	0.0001	1.4385	1.4271	0.0113	0.0003	0.0001	0.0002	0.0001	0.0001	0.0000	0.0002	0.0000	0.0002	0.7580	0.6797	0.0782	0.2852	0.2711	0.0141	0.4727	0.4086	0.0641	0.1974	0.1209	0.0765	0.0508	0.0472	0.0036	0.1465	0.0737	0.0729	1143.3250	2647.6103	47.8867	15.2164	14.7283	98.2709	1788.1590	15383.2925	55.3082	0.0017	0.0008	0.0030	0.0016	0.0017	0.0001	0.0017	0.0002	0.0032
48	75	0.3747	10	1	1	1	0	0	0	0	0	N	N	N	N	N	N	N	N	N	N	N	N	207.0901	0.5809	42122.6018	1.7184	0.4361	23174.8893	4218.7449	6.4007	48633.3913	1.5982	0.0112	14.8387	0.0332	0.0097	0.4583	2.4723	0.0122	17.8954	0.0077	0.0194	0.0004	0.0193	0.0222	0.0000	0.0006	0.0019	0.0004	158.1204	0.0568	0.6831	-0.0002	12.3962	10.2127	3.7178	1.0234	0.9667	0.0061	0.9606	0.0072	0.0020	0.0052	0.9595	0.0041	0.9554	0.0003	0.0003	0.0000	0.0003	0.0003	0.0000	0.0000	0.0000	0.0000	0.6049	0.5401	0.0647	0.2168	0.2054	0.0113	0.3881	0.3347	0.0534	0.1056	0.0607	0.0449	0.0241	0.0221	0.0020	0.0815	0.0386	0.0429	573.4141	2.4512	42122.6018	2.8874	0.7711	23174.8893	11579.3451	291.4573	48633.3913	0.0028	0.0046	0.0004	0.0115	0.0125	0.0000	0.0002	0.0000	0.0004
48	76	0.3716	9	1	1	0	0	0	0	0	0	N	N	N	N	N	N	N	N	N	N	N	N	33.4939	0.3191	7264.9091	0.1345	0.0124	inf	2071.7892	inf	7963.7108	0.0030	0.0000	0.0289	0.0001	0.0000	0.0012	0.0046	0.0001	0.0331	0.0001	0.0002	0.0000	0.0004	0.0004	0.0000	0.0000	0.0000	0.0000	67.2787	0.0192	0.0005	-0.0000	12.3962	3.7027	3.7178	0.0091	0.0007	0.0000	0.0007	0.0000	0.0000	0.0000	0.0007	0.0000	0.0007	0.0000	0.0000	0.0000	0.0000	0.0000	0.0000	0.0000	0.0000	0.0000	0.2349	0.2107	0.0242	0.0800	0.0768	0.0032	0.1549	0.1339	0.0210	0.0355	0.0204	0.0152	0.0081	0.0074	0.0007	0.0275	0.0129	0.0145	33.4939	0.3191	7264.9091	0.1345	0.0124	inf	2071.7892	inf	7963.7108	0.0001	0.0002	0.0000	0.0004	0.0004	0.0000	0.0000	0.0000	0.0000
48	77	0.3546	8	0	1	0	0	0	0	0	0	N	N	N	N	N	N	N	N	N	N	N	N	7.4331	5.2277	0.0907	9.0753	9.0992	0.0000	0.2169	8.4066	0.1195	0.0055	0.0061	0.0000	0.0125	0.0132	0.0000	0.0001	0.0001	0.0000	0.0007	0.0012	0.0002	0.0014	0.0015	0.0001	0.0004	0.0000	0.0002	0.0004	0.2590	-0.0005	-0.0000	12.3962	3.8334	3.7178	6.1787	0.0016	0.0016	0.0000	0.0016	0.0016	0.0000	0.0000	0.0000	0.0000	0.0001	0.0000	0.0000	0.0000	0.0000	0.0000	0.0000	0.0000	0.0000	0.2911	0.2618	0.0293	0.1277	0.1202	0.0075	0.1634	0.1416	0.0218	0.1190	0.0711	0.0479	0.0325	0.0304	0.0020	0.0865	0.0406	0.0459	11.7576	9.8257	0.0907	9.0753	9.0992	0.0000	0.5875	3383.5722	0.1195	0.0005	0.0006	0.0002	0.0014	0.0015	0.0001	0.0001	0.0000	0.0002
48	78	0.3155	7	0	1	0	0	0	0	0	0	N	N	N	N	N	N	N	N	N	N	N	N	3.0814	30.5996	0.1737	17.4108	17.9750	0.0565	1.4322	85.0504	0.2870	0.0364	0.0407	0.0026	0.0257	0.0282	0.0000	0.0424	0.0481	0.0037	0.0118	0.0013	0.0152	0.0015	0.0016	0.0002	0.0296	0.0006	0.0128	0.0084	7.8642	-0.0118	0.0003	12.3962	16.9094	3.7178	5.8161	0.0422	0.0418	0.0003	0.0108	0.0108	0.0000	0.0314	0.0311	0.0003	0.0010	0.0001	0.0009	0.0001	0.0001	0.0000	0.0009	0.0000	0.0009	1.1596	1.0275	0.1321	0.4182	0.3809	0.0373	0.7414	0.6466	0.0948	0.2820	0.1720	0.1100	0.0803	0.0746	0.0056	0.2017	0.0974	0.1044	9.8414	59.5413	0.3150	17.4108	17.9750	0.0565	9.2556	14950.9772	0.4163	0.0037	0.0007	0.0084	0.0015	0.0016	0.0002	0.0046	0.0000	0.0088
48	79	0.2412	7	0	2	0	0	0	0	0	0	N	Y	N	N	N	N	N	N	N	N	N	N	0.2552	304.2322	0.0000	1102.5068	1079.0267	0.5204	0.0000	0.2314	0.0000	0.5405	0.6129	0.0000	2.5673	2.6896	0.0000	0.0000	0.0000	0.0000	2.1174	0.0020	9.6902	0.0023	0.0025	0.0000	2.7410	0.0001	10.8793	0.0000	3992.4306	-0.2087	0.3673	12.3962	23.9173	3.7178	17.8091	0.7269	0.7269	0.0000	0.7269	0.7269	0.0000	0.0000	0.0000	0.0000	0.9890	0.0002	0.9887	0.0002	0.0002	0.0000	0.9887	0.0000	0.9887	1.3449	1.1860	0.1589	0.2831	0.2703	0.0129	1.0618	0.9158	0.1460	0.4671	0.2745	0.1925	0.1064	0.0993	0.0070	0.3607	0.1752	0.1855	0.2552	679.3786	0.0000	1102.5068	1079.0267	0.5204	0.0000	76.4161	0.0000	2.1174	0.0009	5.1349	0.0023	0.0025	0.0000	2.7410	0.0000	5.3292
48	80	0.2251	6	0	2	0	0	0	0	0	0	N	Y	N	N	N	N	N	N	N	N	N	N	0.0043	0.0165	0.0084	0.0591	0.0624	0.0000	0.0008	0.0054	0.0108	0.0001	0.0001	0.0002	0.0004	0.0005	0.0000	0.0000	0.0000	0.0002	0.0270	0.0061	0.0275	0.0075	0.0074	0.0073	0.0538	0.0016	0.0229	0.3176	4.2232	-0.0000	0.0002	12.3962	6.1279	3.7178	3.6878	0.0000	0.0000	0.0000	0.0000	0.0000	0.0000	0.0000	0.0000	0.0000	0.0009	0.0002	0.0007	0.0002	0.0002	0.0000	0.0007	0.0000	0.0007	0.3543	0.3112	0.0431	0.0658	0.0633	0.0025	0.2885	0.2479	0.0406	0.1309	0.0795	0.0515	0.0309	0.0294	0.0015	0.1000	0.0500	0.0500	0.0179	0.0490	0.0172	0.0794	0.0838	0.0000	0.0062	0.2889	0.0180	0.0065	0.0021	0.0135	0.0056	0.0055	0.0073	0.0068	0.0000	0.0137
48	81	0.3132	10	1	1	1	0	0	0	0	0	N	N	N	N	N	N	N	N	N	N	N	N	211.9317	329.9376	0.1047	5.2761	5.7320	0.3742	266.3651	26599.3244	0.0000	0.1499	0.1688	0.0001	0.0051	0.0053	0.0006	0.2066	0.2401	0.0000	0.0007	0.0005	0.0006	0.0010	0.0009	0.0015	0.0008	0.0000	0.0005	0.0000	1.0120	-0.0638	-0.0000	12.3962	27.2690	3.7178	12.3406	0.2222	0.2222	0.0000	0.0021	0.0021	0.0000	0.2200	0.2200	0.0000	0.0002	0.0001	0.0001	0.0001	0.0001	0.0000	0.0001	0.0000	0.0001	1.4821	1.3159	0.1662	0.4173	0.3993	0.0180	1.0648	0.9166	0.1482	0.3979	0.2392	0.1586	0.1046	0.0968	0.0078	0.2933	0.1424	0.1509	329.7766	449.2698	0.1047	5.2761	5.7320	0.3742	763.2811	11029110.4215	0.0000	0.0005	0.0004	0.0006	0.0010	0.0009	0.0015	0.0003	0.0000	0.0005
48	82	0.2979	9	0	1	0	0	0	0	0	0	N	N	N	N	N	N	N	N	N	N	N	N	0.1216	0.0433	2.4692	0.2496	0.1199	170.8979	0.0019	0.0000	0.0234	0.0004	0.0002	0.0019	0.0013	0.0007	0.0156	0.0000	0.0000	0.0000	0.0034	0.0056	0.0008	0.0051	0.0058	0.0001	0.0014	0.0031	0.0008	0.9312	0.2815	0.0000	-0.0001	12.3962	9.0798	3.7178	0.9519	0.0002	0.0001	0.0001	0.0002	0.0001	0.0001	0.0000	0.0000	0.0000	0.0001	0.0001	0.0000	0.0001	0.0001	0.0000	0.0000	0.0000	0.0000	0.5982	0.5358	0.0623	0.1944	0.1868	0.0076	0.4038	0.3490	0.0547	0.1043	0.0622	0.0422	0.0260	0.0239	0.0021	0.0783	0.0383	0.0401	0.2901	0.1281	2.4692	0.2923	0.1457	170.8979	0.0058	0.0010	0.0234	0.0014	0.0019	0.0008	0.0044	0.0047	0.0001	0.0005	0.0001	0.0008
48	83	0.2251	6	0	2	0	0	0	0	0	0	N	Y	N	N	N	N	N	N	N	N	N	N	16906.0338	10811.7781	0.0000	78.6598	76.9364	0.0000	27614285.3182	inf	0.0000	1.6898	1.9189	0.0000	0.0381	0.0396	0.0000	2.0677	2.3983	0.0000	0.0001	0.0002	0.0000	0.0005	0.0005	0.0000	0.0000	0.0000	0.0000	0.0000	0.0009	-0.5664	-0.0000	12.3962	21.0000	3.7178	14.4214	1.9724	1.9724	0.0000	0.0083	0.0083	0.0000	1.9642	1.9642	0.0000	0.0000	0.0000	0.0000	0.0000	0.0000	0.0000	0.0000	0.0000	0.0000	1.1672	1.0279	0.1393	0.2173	0.2089	0.0084	0.9499	0.8190	0.1309	0.4006	0.2342	0.1664	0.0827	0.0777	0.0050	0.3179	0.1564	0.1614	16906.0338	11232.9252	0.0000	78.6598	76.9364	0.0000	27614285.3182	inf	0.0000	0.0001	0.0002	0.0000	0.0005	0.0005	0.0000	0.0000	0.0000	0.0000
48	84	0.2828	10	0	1	1	0	0	0	0	0	N	N	N	N	N	N	N	N	N	N	N	N	0.0000	0.0000	0.0000	0.0000	0.0000	0.0000	0.0000	0.0000	0.0000	0.0000	0.0000	0.0000	0.0000	0.0000	0.0000	0.0000	0.0000	0.5221	0.0002	0.6712	0.0058	0.0004	0.0574	0.6762	0.0000	0.5618	465.5600	0.0000	0.0052	12.3962	20.4085	3.7178	11.0867	0.0000	0.0000	0.0000	0.0000	0.0000	0.0000	0.0000	0.0000	0.0000	0.0142	0.0000	0.0142	0.0004	0.0000	0.0004	0.0138	0.0000	0.0138	1.1897	1.0543	0.1354	0.3209	0.3050	0.0160	0.8687	0.7493	0.1194	0.3350	0.1959	0.1391	0.0846	0.0762	0.0084	0.2504	0.1197	0.1307	0.0000	0.0000	0.0000	0.0000	0.0000	0.0000	0.0000	0.0000	0.0000	0.0424	0.0002	0.1019	0.0047	0.0004	0.0441	0.0551	0.0000	0.1056		
48	85	0.2790	9	0	1	1	0	0	0	0	0	N	N	N	N	N	N	N	N	N	N	N	N	0.0001	0.0002	0.0000	0.0001	0.0002	0.0000	0.0000	0.0000	0.0000	0.0000	0.0000	0.0000	0.0000	0.0000	0.0000	0.0000	0.0000	0.0000	0.0001	0.0001	0.0002	0.0002	0.0001	0.0015	0.0002	0.0000	0.0002	0.0000	3.3041	-0.0000	0.0000	12.3962	3.1287	3.7178	1.1816	0.0000	0.0000	0.0000	0.0000	0.0000	0.0000	0.0000	0.0000	0.0000	0.0000	0.0000	0.0000	0.0000	0.0000	0.0000	0.0000	0.0000	0.0000	0.2599	0.2314	0.0285	0.1027	0.0961	0.0066	0.1573	0.1353	0.0219	0.0535	0.0324	0.0211	0.0148	0.0135	0.0013	0.0388	0.0189	0.0199	0.0001	0.0002	0.0000	0.0001	0.0002	0.0000	0.0000	0.0000	0.0000	0.0001	0.0000	0.0002	0.0002	0.0001	0.0015	0.0001	0.0000	0.0002
48	86	0.2721	8	0	1	0	0	0	0	0	0	N	N	N	N	N	N	N	N	N	N	N	N	0.0013	0.0008	0.0021	0.0006	0.0006	0.0007	0.0039	0.0009	0.0015	0.0000	0.0000	0.0000	0.0000	0.0000	0.0000	0.0000	0.0000	0.0000	0.0002	0.0003	0.0001	0.0006	0.0006	0.0009	0.0000	0.0002	0.0000	0.0968	0.2358	-0.0000	-0.0000	12.3962	4.0532	3.7178	2.2470	0.0000	0.0000	0.0000	0.0000	0.0000	0.0000	0.0000	0.0000	0.0000	0.0000	0.0000	0.0000	0.0000	0.0000	0.0000	0.0000	0.0000	0.0000	0.2853	0.2531	0.0321	0.0990	0.0922	0.0068	0.1863	0.1609	0.0253	0.0796	0.0478	0.0317	0.0219	0.0201	0.0018	0.0576	0.0277	0.0299	0.0013	0.0010	0.0021	0.0006	0.0006	0.0007	0.0077	0.2533	0.0015	0.0002	0.0003	0.0001	0.0006	0.0006	0.0009	0.0000	0.0000	0.0000
48	87	0.2489	7	0	1	0	0	0	0	0	0	N	N	N	N	N	N	N	N	N	N	N	N	0.4650	0.0381	26.9435	0.1241	0.0810	20.1106	3.6675	0.0939	32.9356	0.0017	0.0003	0.0116	0.0008	0.0006	0.0032	0.0023	0.0001	0.0145	0.0037	0.0068	0.0004	0.0065	0.0071	0.0002	0.0006	0.0006	0.0004	6.6796	0.1201	0.0004	-0.0002	12.3962	4.7288	3.7178	9.8540	0.0007	0.0001	0.0006	0.0001	0.0001	0.0000	0.0006	0.0000	0.0005	0.0003	0.0003	0.0000	0.0003	0.0003	0.0000	0.0000	0.0000	0.0000	0.3943	0.3433	0.0510	0.1474	0.1345	0.0130	0.2468	0.2088	0.0380	0.2025	0.1253	0.0772	0.0540	0.0516	0.0024	0.1485	0.0737	0.0748	1.1263	0.1167	26.9435	0.1574	0.1072	20.1106	10.1918	16.3096	32.9356	0.0015	0.0022	0.0004	0.0051	0.0053	0.0002	0.0002	0.0000	0.0004
48	88	0.2251	6	0	1	0	0	0	0	0	0	N	N	N	N	N	N	N	N	N	N	N	N	0.6490	0.7828	0.0644	2.7044	3.0944	0.0000	0.0905	0.0447	0.0789	0.0014	0.0015	0.0001	0.0066	0.0069	0.0000	0.0002	0.0002	0.0001	0.0021	0.0020	0.0012	0.0024	0.0022	0.0064	0.0020	0.0044	0.0010	0.0068	0.9101	-0.0002	-0.0000	12.3962	8.6320	3.7178	7.0881	0.0007	0.0007	0.0000	0.0006	0.0006	0.0000	0.0001	0.0001	0.0000	0.0002	0.0001	0.0001	0.0001	0.0001	0.0000	0.0001	0.0000	0.0001	0.4957	0.4355	0.0601	0.0921	0.0885	0.0036	0.4036	0.3470	0.0566	0.1960	0.1167	0.0793	0.0434	0.0411	0.0023	0.1526	0.0756	0.0770	1.3664	1.7564	0.0644	2.7044	3.0944	0.0000	0.3030	1.2492	0.0789	0.0010	0.0009	0.0012	0.0024	0.0022	0.0064	0.0006	0.0002	0.0010
48	89	0.2929	8	0	2	0	0	0	0	0	0	N	Y	N	N	N	N	N	N	N	N	N	N	10.5716	5.5939	0.0453	2.7830	2.6082	0.0720	373.2622	146.6365	0.0440	0.0176	0.0199	0.0000	0.0099	0.0104	0.0000	0.0202	0.0234	0.0000	0.0017	0.0036	0.0001	0.0036	0.0040	0.0000	0.0001	0.0002	0.0001	0.0000	0.0243	-0.0047	-0.0001	12.3962	15.4622	3.7178	5.2688	0.0163	0.0163	0.0000	0.0023	0.0023	0.0000	0.0140	0.0140	0.0000	0.0002	0.0002	0.0000	0.0002	0.0002	0.0000	0.0000	0.0000	0.0000	0.9290	0.8219	0.1071	0.2346	0.2243	0.0103	0.6944	0.5975	0.0968	0.2522	0.1517	0.1006	0.0605	0.0576	0.0029	0.1917	0.0940	0.0977	20.7304	14.4319	0.0453	2.8790	2.8699	0.0720	771.0533	45359.5810	0.0440	0.0008	0.0014	0.0001	0.0035	0.0036	0.0000	0.0000	0.0000	0.0001
48	90	0.2811	7	0	1	0	0	0	0	0	0	N	N	N	N	N	N	N	N	N	N	N	N	826.6909	809.3529	0.8765	18.5001	19.3205	0.0346	1373.2395	585.1955	1.0301	1.9206	2.1682	0.0009	0.0439	0.0460	0.0001	2.5879	3.0063	0.0010	0.0023	0.0027	0.0010	0.0024	0.0024	0.0023	0.0019	0.0051	0.0009	0.0001	0.5562	-0.2746	-0.0000	12.3962	7.5917	3.7178	1.5198	0.9563	0.9563	0.0000	0.0057	0.0057	0.0000	0.9506	0.9506	0.0000	0.0001	0.0001	0.0000	0.0001	0.0001	0.0000	0.0001	0.0000	0.0000	0.4979	0.4410	0.0569	0.1306	0.1249	0.0058	0.3673	0.3162	0.0511	0.1308	0.0805	0.0503	0.0362	0.0340	0.0022	0.0946	0.0465	0.0481	1796.5237	1941.7941	0.8765	18.5001	19.3205	0.0346	4550.2023	15518.7814	1.0301	0.0011	0.0011	0.0010	0.0024	0.0024	0.0023	0.0006	0.0002	0.0009
48	91	0.3903	11	1	1	1	0	0	0	0	0	N	N	N	N	N	N	N	N	N	N	N	N	0.0000	0.0000	0.0000	0.0000	0.0000	0.0000	0.0000	0.0000	0.0000	0.0000	0.0000	0.0000	0.0000	0.0000	0.0000	0.0000	0.0000	0.0000	0.0000	0.0000	12.3962	3.0317	3.7178	0.1644	0.0000	0.0000	0.0000	0.0000	0.0000	0.0000	0.0000	0.0000	0.0000	0.0000	0.0000	0.0000	0.0000	0.0000	0.0000	0.0000	0.0000	0.0000	0.1729	0.1533	0.0197	0.0480	0.0460	0.0020	0.1249	0.1073	0.0177	0.0323	0.0190	0.0132	0.0077	0.0071	0.0006	0.0245	0.0120	0.0126	0.0000	0.0000	0.0000	0.0000	0.0000	0.0000	0.0000	0.0000	0.0000	0.0000	0.0000	0.0000	0.0000	0.0000	0.0000	0.0000	0.0000	0.0000											
48	92	0.3846	10	1	1	1	0	0	0	0	0	N	N	N	N	N	N	N	N	N	N	N	N	50.2259	150.0149	0.0000	86.9894	125.7877	0.0000	0.0101	0.0067	0.0000	0.0006	0.0006	0.0000	0.0013	0.0014	0.0000	0.0000	0.0000	0.0000	0.0000	0.0000	0.0000	0.0000	0.0000	0.0001	0.0000	0.0000	0.0000	0.0000	3.5041	-0.0000	0.0000	12.3962	2.6632	3.7178	1.0147	0.0001	0.0001	0.0000	0.0001	0.0001	0.0000	0.0000	0.0000	0.0000	0.0000	0.0000	0.0000	0.0000	0.0000	0.0000	0.0000	0.0000	0.0000	0.2112	0.1909	0.0203	0.0924	0.0881	0.0043	0.1188	0.1028	0.0160	0.0390	0.0234	0.0156	0.0097	0.0089	0.0007	0.0293	0.0144	0.0149	50.2259	150.0149	0.0000	86.9894	125.7877	0.0000	0.0161	2.4745	0.0000	0.0000	0.0000	0.0000	0.0000	0.0000	0.0001	0.0000	0.0000	0.0000
48	93	0.3013	9	1	1	1	0	0	0	0	0	N	N	N	N	N	N	N	N	N	N	N	N	31.0109	15.3629	0.0938	51.9741	50.8734	0.0367	0.0656	0.1945	0.1116	0.4195	0.4705	0.0002	1.4821	1.5406	0.0005	0.0001	0.0001	0.0001	0.0135	0.0306	0.0017	0.0285	0.0303	0.0130	0.0020	0.0007	0.0011	0.0000	0.2046	-0.2462	-0.0009	12.3962	35.0787	3.7178	12.2568	0.8574	0.8574	0.0000	0.8572	0.8572	0.0000	0.0002	0.0002	0.0000	0.0019	0.0016	0.0003	0.0017	0.0016	0.0001	0.0002	0.0000	0.0002	2.0440	1.8224	0.2216	0.5784	0.5564	0.0220	1.4656	1.2660	0.1996	0.4491	0.2626	0.1865	0.1099	0.1007	0.0092	0.3392	0.1619	0.1773	99.9466	78.9484	0.0938	96.7064	99.1676	0.0367	0.2196	29.2826	0.1116	0.0042	0.0060	0.0017	0.0153	0.0155	0.0130	0.0006	0.0000	0.0011
48	94	0.2878	8	1	1	0	0	0	0	0	0	N	N	N	N	N	N	N	N	N	N	N	N	2.5940	24.9110	0.1939	399.3691	444.3879	8.7008	1.0626	0.7677	0.1965	0.3952	0.4373	0.0126	0.6165	0.6341	0.0255	0.2890	0.3316	0.0112	0.1523	0.0176	0.0647	0.0015	0.0014	0.0029	0.2720	0.4320	0.0570	0.0032	4.2087	-0.0731	0.0003	12.3962	8.4810	3.7178	2.3446	0.2572	0.2564	0.0008	0.1301	0.1299	0.0002	0.1272	0.1265	0.0007	0.0016	0.0003	0.0013	0.0000	0.0000	0.0000	0.0016	0.0003	0.0013	0.6510	0.5863	0.0646	0.2110	0.2049	0.0061	0.4400	0.3814	0.0585	0.1179	0.0708	0.0471	0.0301	0.0277	0.0023	0.0878	0.0431	0.0448	29.1042	100.7545	0.4571	399.3691	444.3879	8.7008	16.3325	53.3561	0.3899	0.0136	0.0043	0.0275	0.0015	0.0014	0.0029	0.0177	0.0062	0.0287
48	95	0.2251	6	0	2	0	1	0	0	0	0	N	Y	N	N	N	N	N	N	N	N	N	N	0.7641	0.0829	1.4550	5.1883	0.0152	29.3309	0.7464	0.1028	1.4215	1.4876	0.0002	12.5097	0.0214	0.0000	0.5535	1.8233	0.0002	13.2794	1.9469	0.0022	8.5979	0.0041	0.0028	0.0189	2.4429	0.0021	9.3418	9377.4286	3536.0414	1.4038	0.3678	12.3962	24.0032	3.7178	22.6134	1.9695	0.0002	1.9693	0.0053	0.0000	0.0053	1.9642	0.0002	1.9640	0.9903	0.0003	0.9900	0.0004	0.0003	0.0001	0.9899	0.0000	0.9899	1.3239	1.1665	0.1574	0.2466	0.2371	0.0095	1.0773	0.9294	0.1479	0.5087	0.2965	0.2121	0.1034	0.0971	0.0064	0.4052	0.1995	0.2058	0.7641	0.1907	2.6803	5.6787	0.0152	29.3309	0.7464	4.2923	2.7603	1.9469	0.0009	4.6672	0.0038	0.0028	0.0189	2.4429	0.0001	4.8109
48	96	0.6425	10	0	2	0	0	0	0	0	0	N	Y	N	N	N	N	N	N	N	N	N	N	0.1065	12.9611	0.0001	15.6250	15.3408	0.3732	0.0006	0.1524	0.0001	0.0015	0.0017	0.0000	0.0034	0.0037	0.0000	0.0000	0.0000	0.0000	0.0140	0.0001	0.0242	0.0002	0.0002	0.0000	0.0543	0.0002	0.0229	0.0002	50.2220	-0.0005	0.0004	12.3962	18.5150	3.7178	10.2301	0.0016	0.0016	0.0000	0.0016	0.0016	0.0000	0.0000	0.0000	0.0000	0.0012	0.0000	0.0011	0.0000	0.0000	0.0000	0.0011	0.0000	0.0011	1.0807	0.9674	0.1132	0.4629	0.4350	0.0279	0.6177	0.5324	0.0853	0.2691	0.1771	0.0920	0.1034	0.0950	0.0084	0.1657	0.0822	0.0835	0.3449	12.9864	0.0003	15.6250	15.3408	0.3732	0.0048	45.5121	0.0002	0.0043	0.0001	0.0124	0.0002	0.0002	0.0000	0.0069	0.0000	0.0136
48	97	0.2542	7	0	2	0	0	0	0	0	0	N	Y	N	N	N	N	N	N	N	N	N	N	42.6228	27.4761	0.0026	46.3214	50.9693	0.0000	971.0270	111.3895	0.1313	0.0074	0.0084	0.0000	0.0360	0.0374	0.0000	0.0006	0.0006	0.0000	0.0002	0.0003	0.0001	0.0008	0.0007	0.0014	0.0000	0.0000	0.0000	0.0000	0.1420	-0.0052	-0.0001	12.3962	46.1140	3.7178	26.4917	0.0181	0.0181	0.0000	0.0170	0.0170	0.0000	0.0011	0.0011	0.0000	0.0001	0.0001	0.0000	0.0001	0.0001	0.0000	0.0000	0.0000	0.0000	2.4402	2.1599	0.2803	0.4719	0.4544	0.0175	1.9683	1.7055	0.2628	0.7222	0.4323	0.2899	0.1612	0.1499	0.0113	0.5610	0.2824	0.2787	42.6228	32.9182	0.0026	46.3214	50.9693	0.0000	971.0270	130086.9772	0.1313	0.0002	0.0003	0.0001	0.0008	0.0007	0.0014	0.0000	0.0000	0.0000
48	98	0.6954	12	0	2	0	0	0	0	0	0	N	Y	N	N	N	N	N	N	N	N	N	N	17519.2175	12748.6933	546.4638	15260.7007	14094.0711	3.7037	19189.3219	1879.8555	889.3810	0.9758	1.0794	0.0032	2.2700	2.3886	0.0001	0.0449	0.0509	0.0041	0.0001	0.0001	0.0000	0.0001	0.0002	0.0000	0.0000	0.0000	0.0000	0.0003	0.0403	-0.2852	-0.0000	12.3962	20.7840	3.7178	8.9470	0.9945	0.9942	0.0003	0.9679	0.9679	0.0000	0.0266	0.0263	0.0003	0.0000	0.0000	0.0000	0.0000	0.0000	0.0000	0.0000	0.0000	0.0000	1.0192	0.9211	0.0981	0.4264	0.4052	0.0212	0.5928	0.5158	0.0769	0.2111	0.1335	0.0776	0.0769	0.0667	0.0103	0.1342	0.0668	0.0673	17519.2175	12748.6933	546.4638	15260.7007	14094.0711	3.7037	19189.3219	694702.8568	889.3810	0.0001	0.0001	0.0000	0.0001	0.0002	0.0000	0.0000	0.0000	0.0000
48	99	0.6905	11	0	1	0	0	0	0	0	0	N	N	N	N	N	N	N	N	N	N	N	N	0.4240	0.2055	4.7309	0.8749	0.9321	329.4365	0.6286	0.6563	13.7018	0.2191	0.1029	1.0344	0.1425	0.1565	0.0398	0.3563	0.0055	2.6335	0.5168	0.5007	0.2187	0.1629	0.1679	0.0001	0.5669	0.0084	0.1922	1.4325	1.1330	0.0302	-0.0003	12.3962	2.7834	3.7178	1.0450	0.1001	0.0412	0.0590	0.0418	0.0404	0.0014	0.0584	0.0008	0.0576	0.0027	0.0013	0.0014	0.0013	0.0013	0.0000	0.0014	0.0000	0.0014	0.4571	0.4001	0.0570	0.2933	0.2581	0.0352	0.1638	0.1419	0.0219	0.0639	0.0377	0.0262	0.0273	0.0258	0.0015	0.0367	0.0119	0.0247	5.2273	3.0898	19.0481	3.0999	3.2210	329.4365	9.1577	16.7780	45.7797	0.0419	0.0333	0.0543	0.0460	0.0486	0.0001	0.0389	0.0003	0.0575
48	100	0.6805	10	0	1	0	0	0	0	0	0	N	N	N	N	N	N	N	N	N	N	N	N	0.9686	1.3944	0.1996	2.5319	2.7013	144.5040	0.8147	19.3151	0.3718	0.7304	0.7893	0.2890	0.7181	0.7938	0.0707	0.7476	0.7828	0.5230	0.7541	0.5660	1.4480	0.2836	0.2938	0.0005	0.9176	0.0405	1.4069	0.0488	2.6829	-0.1443	0.0014	12.3962	7.6044	3.7178	2.7972	0.5998	0.5719	0.0279	0.3429	0.3394	0.0035	0.2569	0.2325	0.0244	0.0145	0.0039	0.0105	0.0039	0.0039	0.0000	0.0106	0.0000	0.0105	0.8212	0.7246	0.0966	0.4776	0.4276	0.0500	0.3436	0.2970	0.0466	0.1471	0.0907	0.0565	0.0624	0.0585	0.0039	0.0848	0.0322	0.0526	7.4283	18.2175	1.5484	11.4993	11.9203	144.5040	5.9931	716.2693	2.6085	0.0983	0.0433	0.1867	0.0624	0.0666	0.0005	0.1247	0.0011	0.2005
48	101	0.6309	9	0	1	0	0	0	0	0	0	N	N	N	N	N	N	N	N	N	N	N	N	2.9762	1.8945	28.7413	8.0436	7.6498	3.3712	3.7689	138.1396	48.3818	1.2688	0.5137	7.0196	0.5064	0.5591	0.0033	1.9189	0.4733	11.2466	0.4263	0.2712	0.2442	0.0630	0.0731	0.0010	0.5092	0.0034	0.2325	1.7941	1.8912	0.5368	0.0002	12.3962	18.4780	3.7178	12.4520	1.5122	0.5412	0.9710	0.2778	0.2776	0.0002	1.2344	0.2636	0.9708	0.0086	0.0030	0.0056	0.0030	0.0030	0.0000	0.0056	0.0000	0.0056	1.1919	1.0535	0.1383	0.5486	0.4966	0.0520	0.6433	0.5570	0.0863	0.2778	0.1809	0.0968	0.1061	0.0962	0.0099	0.1716	0.0847	0.0869	40.9259	31.2065	120.6748	18.0417	18.1118	3.3712	58.4737	4498.1960	173.7868	0.0310	0.0165	0.0582	0.0281	0.0309	0.0010	0.0328	0.0001	0.0647
48	102	0.2068	5	0	2	0	0	0	0	0	0	N	Y	N	N	N	N	N	N	N	N	N	N	1.1551	0.3835	20.5678	1.8429	1.6403	23.9582	3.3983	0.7545	20.3222	0.0205	0.0221	0.0071	0.0641	0.0667	0.0073	0.0016	0.0008	0.0070	0.0177	0.0577	0.0003	0.0348	0.0407	0.0003	0.0005	0.0010	0.0003	0.0393	0.0273	-0.0126	-0.0021	12.3962	34.1922	3.7178	22.4626	0.0504	0.0484	0.0019	0.0476	0.0473	0.0002	0.0028	0.0011	0.0017	0.0034	0.0033	0.0001	0.0033	0.0033	0.0000	0.0001	0.0000	0.0001	2.4602	2.1908	0.2694	0.7416	0.7093	0.0323	1.7186	1.4815	0.2371	0.6849	0.4207	0.2642	0.1887	0.1731	0.0156	0.4963	0.2477	0.2486	4.1106	2.8027	20.5678	3.6420	3.4805	23.9582	9.1368	76.9249	20.3222	0.0050	0.0079	0.0003	0.0176	0.0192	0.0003	0.0002	0.0000	0.0003
48	103	0.1589	4	0	2	0	0	0	0	0	0	N	Y	N	N	N	N	N	N	N	N	N	N	3.2540	2.1897	25.5612	40.5064	40.7640	27.5739	1.4506	0.3436	31.6099	0.7298	0.7473	0.6036	2.2039	2.2996	0.1451	0.3114	0.2555	0.6438	0.2243	0.3413	0.0236	0.0544	0.0564	0.0053	0.2147	0.7435	0.0204	0.1121	0.4468	-0.1975	-0.0022	12.3962	22.5884	3.7178	11.0115	1.0599	0.9531	0.1068	0.7077	0.7056	0.0021	0.3522	0.2475	0.1048	0.0070	0.0049	0.0022	0.0021	0.0021	0.0000	0.0049	0.0027	0.0021	1.4524	1.2754	0.1770	0.3211	0.3069	0.0143	1.1313	0.9685	0.1628	0.4210	0.2425	0.1786	0.0879	0.0838	0.0041	0.3332	0.1587	0.1745	43.7558	37.3289	49.7066	90.6419	91.0814	27.5739	21.2329	14.8045	52.3169	0.0167	0.0200	0.0121	0.0243	0.0252	0.0053	0.0147	0.0173	0.0123
48	106	0.2979	9	0	2	0	0	0	0	0	0	N	Y	N	N	N	N	N	N	N	N	N	N	119.2116	104.0404	0.0000	2.2022	2.1587	0.0000	294.4225	inf	0.0000	0.0065	0.0073	0.0000	0.0004	0.0004	0.0000	0.0091	0.0105	0.0000	0.0001	0.0001	0.0000	0.0002	0.0002	0.0000	0.0000	0.0000	0.0000	0.0000	0.3120	-0.0022	-0.0000	12.3962	20.0414	3.7178	7.0324	0.0077	0.0077	0.0000	0.0001	0.0001	0.0000	0.0075	0.0075	0.0000	0.0000	0.0000	0.0000	0.0000	0.0000	0.0000	0.0000	0.0000	0.0000	1.1766	1.0488	0.1278	0.3450	0.3307	0.0143	0.8316	0.7181	0.1135	0.2687	0.1597	0.1089	0.0657	0.0603	0.0054	0.2030	0.0994	0.1036	119.2116	104.3067	0.0000	2.2022	2.1587	0.0000	568.9968	inf	0.0000	0.0001	0.0001	0.0000	0.0002	0.0002	0.0000	0.0000	0.0000	0.0000
48	107	0.2878	8	0	1	0	0	0	0	0	0	N	N	N	N	N	N	N	N	N	N	N	N	773.4256	420.2713	36.2995	34.5259	32.2530	2158.8266	5394.6970	4424.5903	0.2549	0.2694	0.2980	0.0021	0.0357	0.0361	0.0215	0.3883	0.4473	0.0000	0.0003	0.0007	0.0001	0.0010	0.0011	0.0000	0.0001	0.0001	0.0001	0.0007	0.0843	-0.0442	-0.0000	12.3962	7.0315	3.7178	1.2144	0.1545	0.1543	0.0001	0.0069	0.0068	0.0001	0.1476	0.1476	0.0000	0.0000	0.0000	0.0000	0.0000	0.0000	0.0000	0.0000	0.0000	0.0000	0.5734	0.5179	0.0555	0.1933	0.1880	0.0053	0.3800	0.3299	0.0502	0.0917	0.0553	0.0364	0.0238	0.0220	0.0018	0.0679	0.0333	0.0346	926.0595	670.0537	36.2995	34.5259	32.2530	2158.8266	12759.8617	1380462.9446	0.2549	0.0003	0.0004	0.0001	0.0010	0.0011	0.0000	0.0000	0.0000	0.0001
48	108	0.2542	7	0	1	0	0	0	0	0	0	N	N	N	N	N	N	N	N	N	N	N	N	4464.4781	3587.0217	22.7300	303.8428	294.4904	55.2147	3439.5311	415.7276	22.9247	0.9100	1.0301	0.0032	0.1489	0.1542	0.0010	1.1053	1.2820	0.0033	0.0002	0.0003	0.0001	0.0005	0.0005	0.0000	0.0003	0.0031	0.0001	0.0004	0.3715	-0.2516	-0.0000	12.3962	16.2725	3.7178	4.4748	0.8775	0.8771	0.0004	0.0293	0.0293	0.0000	0.8481	0.8478	0.0003	0.0000	0.0000	0.0000	0.0000	0.0000	0.0000	0.0000	0.0000	0.0000	0.9643	0.8515	0.1128	0.1969	0.1902	0.0068	0.7673	0.6613	0.1060	0.2380	0.1434	0.0947	0.0556	0.0520	0.0037	0.1824	0.0914	0.0910	4464.4781	4174.8765	22.7300	303.8428	294.4904	55.2147	9486.5256	14336.9097	22.9247	0.0002	0.0002	0.0001	0.0005	0.0005	0.0000	0.0001	0.0001	0.0001
48	109	0.3070	8	0	2	0	0	0	0	0	0	N	Y	N	N	N	N	N	N	N	N	N	N	4.0037	2.1111	1.6144	7.0579	6.6237	3.3784	0.1915	0.0357	0.0002	0.0096	0.0108	0.0002	0.0398	0.0416	0.0017	0.0000	0.0000	0.0000	0.0024	0.0051	0.0001	0.0056	0.0063	0.0005	0.0001	0.0008	0.0001	0.0019	0.0390	-0.0061	-0.0004	12.3962	40.5309	3.7178	14.7974	0.0213	0.0213	0.0000	0.0213	0.0213	0.0000	0.0000	0.0000	0.0000	0.0006	0.0006	0.0000	0.0006	0.0006	0.0000	0.0000	0.0000	0.0000	2.2119	1.9646	0.2473	0.5345	0.5112	0.0233	1.6774	1.4534	0.2240	0.5796	0.3427	0.2370	0.1313	0.1228	0.0085	0.4484	0.2199	0.2285	8.8422	6.1032	1.6144	8.5499	8.4058	3.3784	0.5175	4.8512	0.0002	0.0011	0.0018	0.0001	0.0047	0.0049	0.0005	0.0000	0.0000	0.0001
48	110	0.2811	7	0	2	0	0	0	0	0	0	N	Y	N	N	N	N	N	N	N	N	N	N	0.3377	0.2030	0.0152	5.0355	5.0124	0.0305	0.0387	0.0029	0.0144	0.0046	0.0052	0.0000	0.0156	0.0163	0.0001	0.0012	0.0013	0.0000	0.0137	0.0257	0.0025	0.0031	0.0033	0.0018	0.0302	0.4683	0.0026	0.0010	0.3114	-0.0011	-0.0004	12.3962	13.5236	3.7178	3.5331	0.0038	0.0038	0.0000	0.0031	0.0031	0.0000	0.0007	0.0007	0.0000	0.0009	0.0007	0.0002	0.0002	0.0002	0.0000	0.0008	0.0005	0.0002	0.8228	0.7278	0.0950	0.1964	0.1879	0.0085	0.6264	0.5399	0.0865	0.2158	0.1294	0.0865	0.0530	0.0498	0.0032	0.1629	0.0796	0.0833	1.0795	0.9584	0.0152	5.0355	5.1287	0.0305	0.2509	0.1971	0.0144	0.0043	0.0054	0.0025	0.0031	0.0032	0.0018	0.0047	0.0068	0.0026
48	111	0.2251	6	0	1	0	0	0	0	0	0	N	N	N	N	N	N	N	N	N	N	N	N	1.7839	1.1538	0.5787	0.0696	0.0742	0.0055	3.6561	0.4779	0.8290	0.0031	0.0034	0.0003	0.0002	0.0002	0.0000	0.0037	0.0043	0.0003	0.0017	0.0030	0.0004	0.0029	0.0028	0.0042	0.0010	0.0089	0.0003	0.0101	0.2641	-0.0008	-0.0001	12.3962	16.9399	3.7178	15.9768	0.0029	0.0029	0.0000	0.0000	0.0000	0.0000	0.0029	0.0028	0.0000	0.0003	0.0003	0.0001	0.0002	0.0002	0.0000	0.0001	0.0001	0.0000	0.9515	0.8374	0.1142	0.1770	0.1702	0.0068	0.7745	0.6672	0.1073	0.3756	0.2198	0.1558	0.0779	0.0733	0.0046	0.2977	0.1465	0.1512	3.4911	2.9050	0.5787	0.0696	0.0742	0.0055	10.9404	12.0804	0.8290	0.0009	0.0012	0.0004	0.0029	0.0028	0.0042	0.0003	0.0004	0.0003
48	112	0.3295	10	1	2	0	1	0	0	0	0	N	Y	N	N	N	N	N	N	N	N	N	N	0.0054	4657.9312	0.0000	0.0034	27.4819	0.0000	0.0061	inf	0.0000	0.0334	0.0382	0.0000	0.0005	0.0005	0.0000	0.0552	0.0687	0.0000	6.1464	0.0000	25.5140	0.1344	0.0000	2.8494	9.0968	0.0000	28.4094	0.0001	1192888.4595	-0.0000	0.0567	12.3962	0.0019	3.7178	1.9928	0.0000	0.0000	0.0000	0.0000	0.0000	0.0000	0.0000	0.0000	0.0000	0.1527	0.0000	0.1527	0.0003	0.0000	0.0003	0.1523	0.0000	0.1523	0.0003	0.0003	0.0000	0.0001	0.0001	0.0000	0.0002	0.0001	0.0000	0.0248	0.0156	0.0092	0.0081	0.0075	0.0006	0.0167	0.0081	0.0086	0.0054	4657.9312	0.0000	0.0110	27.4819	0.0000	0.0061	inf	0.0000	6.1464	0.0000	16.5596	0.0420	0.0000	0.5873	9.0968	0.0000	17.6293
48	113	0.3059	9	1	2	0	1	0	0	0	0	N	Y	N	N	N	N	N	N	N	N	N	N	38.3733	62.7195	0.0142	1.4483	1.2969	4.4586	51.1793	1831.0254	0.0094	1.7378	1.9853	0.0003	0.0376	0.0389	0.0022	2.3130	2.7395	0.0002	0.0453	0.0317	0.0229	0.0260	0.0300	0.0005	0.0452	0.0015	0.0206	0.0000	1.2673	-0.2784	-0.0001	12.3962	8.6942	3.7178	6.0502	0.9698	0.9698	0.0000	0.0053	0.0053	0.0000	0.9645	0.9645	0.0000	0.0014	0.0006	0.0008	0.0006	0.0006	0.0000	0.0008	0.0000	0.0008	0.5581	0.4885	0.0696	0.1411	0.1364	0.0047	0.4170	0.3521	0.0649	0.1658	0.1006	0.0652	0.0427	0.0394	0.0033	0.1231	0.0612	0.0619	208.4903	327.7184	0.0275	2.6368	2.5174	4.4586	368.6475	108870.3977	0.0155	0.0083	0.0061	0.0119	0.0143	0.0154	0.0005	0.0063	0.0000	0.0125
48	114	0.3270	13	0	2	0	1	0	0	0	0	N	Y	N	N	N	N	N	N	N	N	N	N	0.0000	0.0000	0.0000	0.0000	0.0000	0.0000	0.0000	0.0000	0.0000	0.0000	0.0000	0.0000	0.0000	0.0002	0.0006	0.0000	0.0005	0.0005	0.0000	0.0000	0.0000	0.0000	0.0000	0.0000	-0.0000	12.3962	0.0001	3.7178	0.0001	0.0000	0.0000	0.0000	0.0000	0.0000	0.0000	0.0000	0.0000	0.0000	0.0000	0.0000	0.0000	0.0000	0.0000	0.0000	0.0000	0.0000	0.0000	0.0000	0.0000	0.0000	0.0000	0.0000	0.0000	0.0000	0.0000	0.0000	0.0000	0.0000	0.0000	0.0000	0.0000	0.0000	0.0000	0.0000	0.0000	0.0000	0.0000	0.0000	0.0000	0.0000	0.0000	0.0000	0.0000	0.0000	0.0002	0.0004	0.0000	0.0005	0.0005	0.0000	0.0000	0.0000	0.0000						
48	115	0.3203	12	0	2	0	1	0	0	0	0	N	Y	N	N	N	N	N	N	N	N	N	N	0.0000	0.0000	0.0000	0.0000	0.6786	0.0021	0.0000	0.0000	0.0000	0.0000	0.0000	0.0000	0.0000	0.0000	0.0000	0.0835	0.2772	0.0000	0.1130	0.1269	0.0000	0.0000	0.0005	0.0000	0.0000	0.0000	-0.0000	-0.0003	12.3962	3.0007	3.7178	1.0012	0.0000	0.0000	0.0000	0.0000	0.0000	0.0000	0.0000	0.0000	0.0000	0.0005	0.0005	0.0000	0.0005	0.0005	0.0000	0.0000	0.0000	0.0000	0.1734	0.1534	0.0200	0.0416	0.0399	0.0017	0.1318	0.1135	0.0183	0.0452	0.0276	0.0176	0.0120	0.0108	0.0012	0.0331	0.0167	0.0164	0.0001	0.0001	0.0000	0.0000	0.0000	0.0000	0.6786	0.3985	0.0000	0.0102	0.0167	0.0000	0.0382	0.0424	0.0000	0.0000	0.0000	0.0000			
48	116	0.3185	11	0	1	0	1	0	0	0	0	N	N	N	N	N	N	N	N	N	N	N	N	0.0258	0.0207	inf	26.3945	24.9105	inf	0.0065	0.0035	0.0122	0.0136	0.0013	0.0340	0.0349	0.0127	0.0041	0.0048	0.0000	0.4739	0.6588	0.0000	0.0013	0.0014	0.0000	0.6281	1.3627	0.0000	0.0121	0.0000	-0.0002	-0.0003	12.3962	1.1177	3.7178	0.0023	0.0008	0.0008	0.0000	0.0006	0.0006	0.0000	0.0002	0.0002	0.0000	0.0004	0.0004	0.0000	0.0000	0.0000	0.0000	0.0004	0.0004	0.0000	0.0679	0.0602	0.0077	0.0185	0.0177	0.0008	0.0494	0.0425	0.0069	0.0124	0.0075	0.0049	0.0031	0.0029	0.0003	0.0092	0.0046	0.0046	0.3421	0.2309	inf	26.3945	24.9105	inf	0.0867	0.0505	0.0000	0.0358	0.0591	0.0000	0.0013	0.0014	0.0000	0.0474	0.0946	0.0000	
48	117	0.3155	7	0	2	0	0	0	0	0	0	N	Y	N	N	N	N	N	N	N	N	N	N	23.7091	10.9861	75.2307	23.6194	24.4557	0.0846	105.4127	23822.6135	128.3789	1.7904	1.9207	0.7572	1.9555	2.1148	0.0012	1.7094	1.8194	0.9725	0.0755	0.1748	0.0101	0.0828	0.0865	0.0137	0.0162	0.0001	0.0076	0.0497	0.3526	-0.8030	-0.0020	12.3962	31.2782	3.7178	23.9277	3.3490	3.1904	0.1586	1.2044	1.2043	0.0001	2.1446	1.9861	0.1585	0.0054	0.0040	0.0014	0.0041	0.0040	0.0001	0.0013	0.0000	0.0013	1.8706	1.6611	0.2094	0.6159	0.5695	0.0464	1.2546	1.0916	0.1630	0.5437	0.3209	0.2228	0.1290	0.1192	0.0099	0.4146	0.2017	0.2129	179.7527	153.9280	119.5221	60.9734	62.9453	0.0846	555.1812	8065061.0407	162.2064	0.0100	0.0125	0.0063	0.0321	0.0336	0.0137	0.0031	0.0000	0.0060
48	118	0.3185	11	0	1	1	1	0	0	0	0	N	N	N	N	N	N	N	N	N	N	N	N	240427.9177	158404.6983	0.0000	123115.8163	117994.1994	244581503.3497	inf	0.0000	8.6656	9.7856	0.0000	17.6660	18.4331	0.0000	5.6733	6.5867	0.0000	0.0000	0.0001	0.0000	0.0001	0.0002	0.0000	0.0000	0.0000	0.0000	0.0000	0.0004	-0.5643	-0.0000	12.3962	3.8827	3.7178	2.9998	1.9651	1.9651	0.0000	0.9996	0.9996	0.0000	0.9655	0.9655	0.0000	0.0000	0.0000	0.0000	0.0000	0.0000	0.0000	0.0000	0.0000	0.0000	0.2268	0.2008	0.0260	0.0566	0.0542	0.0024	0.1702	0.1466	0.0236	0.0748	0.0454	0.0295	0.0188	0.0173	0.0015	0.0560	0.0281	0.0279	240427.9177	164619.4829	0.0000	123115.8163	117994.1994	0.0000	244581503.3497	inf	0.0000	0.0000	0.0001	0.0000	0.0001	0.0002	0.0000	0.0000	0.0000	0.0000	
48	119	0.3156	10	0	1	0	1	0	0	0	0	N	N	N	N	N	N	N	N	N	N	N	N	70.1057	47.8304	4.6899	3465.0129	3375.7474	inf	14.3172	0.9037	1.7128	0.0062	0.0069	0.0000	0.0095	0.0100	0.0000	0.0046	0.0053	0.0000	0.0001	0.0001	0.0000	0.0000	0.0000	0.0000	0.0003	0.0059	0.0000	0.0002	0.0089	-0.0004	-0.0000	12.3962	2.8083	3.7178	0.0030	0.0012	0.0012	0.0000	0.0006	0.0006	0.0000	0.0006	0.0006	0.0000	0.0000	0.0000	0.0000	0.0000	0.0000	0.0000	0.0000	0.0000	0.0000	0.1979	0.1771	0.0208	0.0632	0.0605	0.0027	0.1347	0.1166	0.0181	0.0310	0.0187	0.0122	0.0078	0.0071	0.0006	0.0232	0.0116	0.0116	70.1057	47.8304	4.6899	3465.0129	3375.7474	inf	39.4714	22.9927	1.7128	0.0001	0.0001	0.0000	0.0000	0.0000	0.0000	0.0001	0.0002	0.0000
48	120	0.3156	10	0	1	1	1	0	0	0	0	N	N	N	N	N	N	N	N	N	N	N	N	3115.1353	6093.2555	0.0000	8202.4116	8060.1559	25.4506	inf	0.0000	0.0011	0.0012	0.0000	0.0040	0.0042	0.0000	0.0000	0.0000	0.0000	0.0000	0.0000	0.0000	0.0000	0.0000	0.0000	0.0000	0.0000	0.0000	0.0000	1.8720	-0.0002	0.0000	12.3962	9.6158	3.7178	0.0030	0.0006	0.0006	0.0000	0.0006	0.0006	0.0000	0.0000	0.0000	0.0000	0.0000	0.0000	0.0000	0.0000	0.0000	0.0000	0.0000	0.0000	0.0000	0.5803	0.5156	0.0647	0.1540	0.1475	0.0066	0.4262	0.3681	0.0581	0.1042	0.0631	0.0411	0.0261	0.0240	0.0021	0.0781	0.0391	0.0390	3115.1353	6093.2555	0.0000	8202.4116	8060.1559	0.0000	25.4506	inf	0.0000	0.0000	0.0000	0.0000	0.0000	0.0000	0.0000	0.0000	0.0000	0.0000	
48	121	0.3059	9	0	1	0	1	0	0	0	0	N	N	N	N	N	N	N	N	N	N	N	N	49.1456	50.2316	0.0228	76.6303	74.0047	0.7114	7.3189	152.3857	0.0059	0.0168	0.0194	0.0000	0.0528	0.0543	0.0001	0.0027	0.0033	0.0000	0.0003	0.0004	0.0003	0.0007	0.0007	0.0001	0.0004	0.0000	0.0003	0.0000	0.5623	-0.0015	-0.0000	12.3962	4.2457	3.7178	2.0144	0.0052	0.0052	0.0000	0.0046	0.0046	0.0000	0.0006	0.0006	0.0000	0.0000	0.0000	0.0000	0.0000	0.0000	0.0000	0.0000	0.0000	0.0000	0.3105	0.2696	0.0409	0.0875	0.0852	0.0024	0.2230	0.1844	0.0385	0.0753	0.0458	0.0294	0.0203	0.0188	0.0014	0.0550	0.0270	0.0280	58.7695	64.3997	0.0228	76.6303	74.0047	0.7114	19.7001	55465.0656	0.0059	0.0003	0.0003	0.0003	0.0007	0.0007	0.0001	0.0001	0.0000	0.0003
48	122	0.2638	8	0	1	0	1	0	0	0	0	N	N	N	N	N	N	N	N	N	N	N	N	0.0941	0.0494	0.0675	0.0018	0.0018	2.6488	2.7738	24.2625	0.0748	0.0155	0.0176	0.0003	0.0004	0.0004	0.0002	0.0200	0.0235	0.0003	0.1643	0.3556	0.0039	0.2419	0.2544	0.0001	0.0072	0.0010	0.0036	0.0021	0.1127	-0.0033	-0.0020	12.3962	11.9190	3.7178	13.1740	0.0116	0.0116	0.0000	0.0001	0.0001	0.0000	0.0115	0.0115	0.0000	0.0038	0.0034	0.0004	0.0034	0.0034	0.0000	0.0004	0.0000	0.0004	0.7504	0.6588	0.0916	0.1748	0.1694	0.0054	0.5756	0.4894	0.0862	0.2737	0.1628	0.1110	0.0600	0.0562	0.0038	0.2138	0.1066	0.1072	1.1135	0.8374	0.0759	0.0077	0.0074	2.6488	11.0970	2579.1918	0.0748	0.0139	0.0210	0.0035	0.0569	0.0607	0.0001	0.0018	0.0000	0.0036
48	123	0.6907	12	0	1	1	1	0	0	0	0	N	N	N	N	N	N	N	N	N	N	N	N	9.0258	5.0308	0.0000	11.2375	10.7093	inf	inf	0.0039	0.0043	0.0000	0.0096	0.0100	0.0000	0.0000	0.0000	0.0000	0.0004	0.0009	0.0000	0.0009	0.0009	0.0000	0.0000	0.0000	0.0000	0.0000	0.0000	-0.0009	-0.0000	12.3962	12.8936	3.7178	4.1514	0.0030	0.0030	0.0000	0.0030	0.0030	0.0000	0.0000	0.0000	0.0000	0.0000	0.0000	0.0000	0.0000	0.0000	0.0000	0.0000	0.0000	0.0000	0.7641	0.6920	0.0721	0.3115	0.2978	0.0137	0.4525	0.3941	0.0584	0.1389	0.0912	0.0477	0.0542	0.0494	0.0048	0.0847	0.0418	0.0429	11.7390	8.5094	0.0000	11.2375	10.7093	0.0000	inf	inf	0.0000	0.0003	0.0005	0.0000	0.0009	0.0009	0.0000	0.0000	0.0000	0.0000		
48	124	0.2791	9	0	2	0	0	0	0	0	0	N	Y	N	N	N	N	N	N	N	N	N	N	7.4384	3.8005	51.8111	40.1712	38.8429	0.0000	0.1432	0.0041	54.7419	0.0170	0.0191	0.0011	0.0719	0.0746	0.0000	0.0005	0.0003	0.0011	0.0023	0.0050	0.0000	0.0018	0.0019	0.0000	0.0031	0.0837	0.0000	0.0071	0.0079	-0.0036	-0.0002	12.3962	12.7386	3.7178	8.7370	0.0128	0.0127	0.0001	0.0125	0.0125	0.0000	0.0003	0.0002	0.0001	0.0003	0.0003	0.0000	0.0001	0.0001	0.0000	0.0002	0.0002	0.0000	0.7511	0.6656	0.0855	0.1744	0.1681	0.0063	0.5767	0.4975	0.0792	0.2401	0.1426	0.0975	0.0553	0.0515	0.0038	0.1848	0.0912	0.0937	16.1530	10.8379	51.8111	40.1712	38.8429	0.0000	0.5390	0.2040	54.7419	0.0011	0.0018	0.0000	0.0018	0.0019	0.0000	0.0008	0.0017	0.0000
48	125	0.2638	8	0	2	0	0	0	0	0	0	N	Y	N	N	N	N	N	N	N	N	N	N	0.0292	0.0250	0.1266	0.1676	0.1548	0.2200	0.0299	0.0172	0.1249	0.0183	0.0209	0.0002	0.0048	0.0049	0.0002	0.0227	0.0269	0.0002	0.6273	0.8383	0.0013	0.0287	0.0320	0.0007	0.7600	1.5616	0.0013	0.0011	0.0091	-0.0030	-0.0043	12.3962	8.6431	3.7178	1.4782	0.0105	0.0105	0.0000	0.0007	0.0007	0.0000	0.0098	0.0098	0.0000	0.0069	0.0068	0.0001	0.0004	0.0004	0.0000	0.0065	0.0064	0.0001	0.5735	0.5025	0.0710	0.1402	0.1362	0.0040	0.4333	0.3663	0.0671	0.1164	0.0692	0.0472	0.0263	0.0246	0.0016	0.0902	0.0446	0.0456	0.3091	0.2115	0.1266	0.3127	0.3024	0.2200	0.3150	0.1859	0.1249	0.0593	0.0989	0.0013	0.0154	0.0164	0.0007	0.0722	0.1445	0.0013
48	126	0.2542	7	0	1	0	0	0	0	0	0	N	N	N	N	N	N	N	N	N	N	N	N	1948.3023	1761.1902	3.9408	15.7371	23.4152	3.5051	2986.6895	267.2452	1.1917	3.2454	3.6470	0.0029	0.0310	0.0306	0.0458	4.3052	4.9948	0.0003	0.0017	0.0021	0.0007	0.0020	0.0013	0.0131	0.0014	0.0187	0.0003	0.0001	0.5083	-0.2771	-0.0000	12.3962	4.1618	3.7178	2.0491	0.9654	0.9653	0.0001	0.0023	0.0022	0.0001	0.9631	0.9631	0.0000	0.0001	0.0000	0.0000	0.0000	0.0000	0.0000	0.0000	0.0000	0.0000	0.2975	0.2647	0.0328	0.0738	0.0719	0.0019	0.2237	0.1928	0.0309	0.0802	0.0494	0.0308	0.0206	0.0194	0.0012	0.0596	0.0300	0.0296	3819.3496	3990.4520	3.9408	15.7371	23.4152	3.5051	9296.0929	7575.1230	1.1917	0.0008	0.0009	0.0007	0.0020	0.0013	0.0131	0.0005	0.0007	0.0003
48	127	0.2251	6	0	1	0	0	0	0	0	0	N	N	N	N	N	N	N	N	N	N	N	N	2.5706	0.6471	6.9056	0.0177	0.0172	0.0000	14573.7350	4333.6528	54.6807	0.0514	0.0584	0.0004	0.0010	0.0010	0.0000	0.0629	0.0730	0.0005	0.0200	0.0903	0.0001	0.0568	0.0606	0.0019	0.0000	0.0000	0.0000	0.0010	0.0047	-0.0080	-0.0007	12.3962	9.4810	3.7178	7.4917	0.0279	0.0279	0.0000	0.0001	0.0001	0.0000	0.0278	0.0278	0.0000	0.0011	0.0011	0.0000	0.0011	0.0011	0.0000	0.0000	0.0000	0.0000	0.5432	0.4773	0.0658	0.1009	0.0970	0.0039	0.4423	0.3803	0.0619	0.2096	0.1245	0.0851	0.0460	0.0435	0.0025	0.1636	0.0809	0.0826	9.3918	6.3696	6.9056	0.0403	0.0398	0.0000	14573.7350	1642553.1888	54.6807	0.0055	0.0092	0.0001	0.0249	0.0262	0.0019	0.0000	0.0000	0.0000
48	128	0.7029	13	1	2	0	0	0	0	0	0	N	Y	N	N	N	N	N	N	N	N	N	N	2784.0574	2075.9987	3.0180	2.8693	inf	inf	0.0019	0.0021	0.0000	0.0000	0.0000	0.0000	0.0031	0.0036	0.0000	0.0000	0.0000	0.0000	0.0000	0.0000	0.0000	0.0000	0.0000	0.0000	0.0000	0.0101	-0.0001	-0.0000	12.3962	2.0107	3.7178	1.9995	0.0002	0.0002	0.0000	0.0000	0.0000	0.0000	0.0002	0.0002	0.0000	0.0000	0.0000	0.0000	0.0000	0.0000	0.0000	0.0000	0.0000	0.0000	0.1126	0.1014	0.0112	0.0458	0.0436	0.0022	0.0668	0.0578	0.0090	0.0299	0.0199	0.0100	0.0123	0.0111	0.0012	0.0176	0.0087	0.0089	2784.0574	2075.9987	0.0000	3.0180	2.8693	0.0000	inf	inf	0.0000	0.0000	0.0000	0.0000	0.0000	0.0000	0.0000	0.0000	0.0000	0.0000			
48	129	0.6907	12	1	2	0	0	0	0	0	0	N	Y	N	N	N	N	N	N	N	N	N	N	12815.9037	7074.1781	277.5222	12.8100	12.0954	inf	5280628.1163	inf	5.3904	2.6785	2.9433	0.0004	0.0067	0.0069	0.0022	4.6845	5.3680	0.0000	0.0002	0.0004	0.0000	0.0005	0.0006	0.0000	0.0000	0.0000	0.0000	0.0000	0.0026	-0.2868	-0.0000	12.3962	5.6459	3.7178	1.1399	0.9988	0.9987	0.0000	0.0011	0.0011	0.0000	0.9977	0.9977	0.0000	0.0000	0.0000	0.0000	0.0000	0.0000	0.0000	0.0000	0.0000	0.0000	0.3729	0.3393	0.0336	0.1599	0.1535	0.0064	0.2130	0.1859	0.0271	0.0602	0.0391	0.0211	0.0239	0.0220	0.0020	0.0363	0.0172	0.0191	12815.9037	9177.9961	277.5222	12.8100	12.0954	inf	5280628.1163	inf	5.3904	0.0002	0.0003	0.0000	0.0005	0.0006	0.0000	0.0000	0.0000	0.0000
48	130	0.6604	11	0	1	0	0	0	0	0	0	N	N	N	N	N	N	N	N	N	N	N	N	62.5514	24.6182	682.6375	105.4321	97.4665	77.1189	97.4504	12.9949	782.8846	1.1870	1.2574	0.7606	2.2588	2.3889	0.0246	0.2106	0.0076	0.9278	0.0190	0.0511	0.0011	0.0214	0.0245	0.0003	0.0022	0.0006	0.0012	0.0998	0.0823	-0.2161	-0.0005	12.3962	11.6079	3.7178	5.3766	1.1004	1.0005	0.0999	0.9982	0.9976	0.0006	0.1021	0.0029	0.0993	0.0009	0.0008	0.0001	0.0008	0.0008	0.0000	0.0001	0.0000	0.0001	0.9270	0.7957	0.1313	0.4419	0.4176	0.0243	0.4851	0.3781	0.1070	0.1687	0.1081	0.0606	0.0658	0.0608	0.0050	0.1029	0.0473	0.0556	225.6189	165.7461	682.6375	180.9434	177.2610	77.1189	327.7855	2231.8982	782.8846	0.0053	0.0076	0.0011	0.0125	0.0135	0.0003	0.0006	0.0000	0.0012
48	131	0.6425	10	0	1	0	0	0	0	0	0	N	N	N	N	N	N	N	N	N	N	N	N	11.4026	14.7697	55.4203	2.9871	2.9914	0.6635	19.7624	17.7762	92.2757	0.9560	0.8641	1.6642	0.0608	0.0661	0.0032	1.8764	1.7426	2.6624	0.0838	0.0585	0.0300	0.0204	0.0221	0.0048	0.0949	0.0980	0.0289	0.2498	0.9103	-0.0256	-0.0002	12.3962	3.9355	3.7178	8.7078	0.2934	0.2348	0.0586	0.0095	0.0094	0.0000	0.2840	0.2254	0.0586	0.0016	0.0008	0.0007	0.0008	0.0007	0.0000	0.0008	0.0001	0.0007	0.3069	0.2717	0.0352	0.1556	0.1424	0.0132	0.1513	0.1293	0.0220	0.1533	0.1028	0.0505	0.0629	0.0589	0.0041	0.0903	0.0439	0.0464	93.9317	108.7793	113.0156	5.0667	5.2917	0.6635	210.6348	948.6271	170.6376	0.0102	0.0079	0.0147	0.0120	0.0125	0.0048	0.0089	0.0018	0.0156
48	132	0.6309	9	0	1	0	0	0	0	0	0	N	N	N	N	N	N	N	N	N	N	N	N	21.3977	52.3418	0.9233	105.6292	106.3933	0.4470	9.9732	18.6990	2.0098	1.1319	1.3010	0.0297	1.1383	1.3169	0.0003	1.1245	1.2828	0.0653	0.0529	0.0249	0.0322	0.0108	0.0124	0.0008	0.1128	0.0686	0.0325	0.0035	1.4739	-0.1777	-0.0000	12.3962	6.2657	3.7178	3.9760	0.6265	0.6243	0.0022	0.3387	0.3387	0.0000	0.2878	0.2857	0.0022	0.0011	0.0005	0.0007	0.0004	0.0004	0.0000	0.0007	0.0001	0.0007	0.5535	0.4799	0.0736	0.2975	0.2572	0.0403	0.2560	0.2227	0.0333	0.1270	0.0841	0.0429	0.0535	0.0494	0.0041	0.0735	0.0348	0.0388	128.8041	242.5855	1.9149	151.1277	162.5870	0.4470	115.9082	867.4606	3.8225	0.0088	0.0054	0.0155	0.0075	0.0081	0.0008	0.0097	0.0015	0.0171
48	133	0.5536	8	0	1	0	0	0	0	0	0	N	N	N	N	N	N	N	N	N	N	N	N	47.3978	56.6032	2.5445	30.7256	32.3892	0.5277	68.1580	351.5395	4.5549	0.4699	0.5258	0.0145	0.2034	0.2199	0.0021	0.6650	0.7647	0.0197	0.0099	0.0093	0.0057	0.0066	0.0068	0.0040	0.0098	0.0022	0.0043	0.0034	0.8184	-0.2194	-0.0003	12.3962	26.7012	3.7178	18.2690	0.7730	0.7704	0.0026	0.1414	0.1413	0.0001	0.6316	0.6291	0.0025	0.0016	0.0009	0.0007	0.0009	0.0009	0.0001	0.0007	0.0000	0.0006	1.6449	1.4653	0.1797	0.6952	0.6426	0.0526	0.9497	0.8227	0.1270	0.4767	0.3068	0.1698	0.1762	0.1617	0.0145	0.3005	0.1452	0.1553	143.0500	187.3399	3.4966	39.3361	41.6693	0.5277	305.1648	14060.8994	4.7181	0.0033	0.0028	0.0041	0.0052	0.0053	0.0040	0.0022	0.0001	0.0042
48	134	0.3155	7	0	1	0	0	0	0	0	0	N	N	N	N	N	N	N	N	N	N	N	N	0.2595	22.3534	0.0064	7.5936	11.8096	0.0003	0.2108	16.7427	0.0086	0.0601	0.0673	0.0007	0.0361	0.0385	0.0000	0.0707	0.0809	0.0009	0.2314	0.0030	0.1162	0.0048	0.0033	0.0154	0.3351	0.0048	0.1050	0.0013	23.5274	-0.0551	0.0054	12.3962	61.4372	3.7178	55.8589	0.1929	0.1926	0.0003	0.0355	0.0355	0.0000	0.1573	0.1571	0.0003	0.0162	0.0007	0.0155	0.0009	0.0006	0.0003	0.0153	0.0001	0.0153	3.2118	2.8633	0.3486	0.9852	0.9224	0.0629	2.2266	1.9409	0.2857	0.9506	0.5541	0.3966	0.2036	0.1870	0.0166	0.7470	0.3670	0.3800	3.5287	56.5079	0.0190	8.6397	12.1156	0.0003	3.4437	459.8111	0.0226	0.0170	0.0012	0.0391	0.0042	0.0032	0.0154	0.0205	0.0002	0.0402
48	135	0.2251	6	0	1	0	0	0	0	0	0	N	N	N	N	N	N	N	N	N	N	N	N	0.1099	9.0637	0.0001	0.0271	0.0253	0.0031	0.1154	27.3108	0.0001	0.1236	0.1400	0.0005	0.0005	0.0005	0.0000	0.1518	0.1756	0.0005	1.1246	0.0154	3.9550	0.0182	0.0202	0.0008	1.3157	0.0064	4.0450	0.0005	234.9564	-0.0609	0.1093	12.3962	31.7621	3.7178	18.5886	0.2123	0.2122	0.0001	0.0002	0.0002	0.0000	0.2121	0.2120	0.0001	0.2976	0.0013	0.2963	0.0012	0.0012	0.0000	0.2964	0.0001	0.2963	1.7176	1.5154	0.2022	0.3204	0.3081	0.0124	1.3972	1.2073	0.1899	0.5435	0.3167	0.2268	0.1101	0.1033	0.0068	0.4334	0.2134	0.2200	0.2257	35.1605	0.0004	0.0446	0.0437	0.0031	0.2220	699.7943	0.0004	0.5476	0.0040	1.3066	0.0110	0.0117	0.0008	0.6839	0.0003	1.3470
49	50	0.3632	10	1	1	1	0	0	0	0	0	N	N	N	N	N	N	N	N	N	N	N	N	inf	inf	inf	inf	0.0000	0.0000	0.0000	0.0000	0.0000	0.0000	0.0000	0.0000	0.0000	0.0000	0.0000	0.0000	0.0000	0.0000	0.0000	0.0000	0.0000	0.0000	0.0000	-0.0000	0.0000	14.4870	0.9856	5.8627	2.8295	0.0000	0.0000	0.0000	0.0000	0.0000	0.0000	0.0000	0.0000	0.0000	0.0000	0.0000	0.0000	0.0000	0.0000	0.0000	0.0000	0.0000	0.0000	0.0749	0.0667	0.0082	0.0251	0.0239	0.0013	0.0498	0.0428	0.0070	0.0527	0.0305	0.0222	0.0139	0.0126	0.0013	0.0388	0.0179	0.0209	inf	inf	0.0000	inf	inf	0.0000	0.0000	0.0000	0.0000	0.0000	0.0000	0.0000	0.0000	0.0000	0.0000	0.0000	0.0000	0.0000						
49	51	0.6332	10	1	1	0	0	0	0	0	0	N	N	N	N	N	N	N	N	N	N	N	N	0.0001	0.0000	0.0002	0.0000	0.0000	0.0001	0.0002	0.0001	0.0003	0.0002	0.0000	0.0011	0.0000	0.0000	0.0000	0.0003	0.0000	0.0014	1.6116	1.6557	4.6646	2.9528	3.1068	0.1356	1.6194	0.2204	5.3113	5.0277	1.0158	0.0001	-0.0498	14.4870	13.3057	5.8627	8.6321	0.0002	0.0000	0.0002	0.0000	0.0000	0.0000	0.0002	0.0000	0.0002	0.4002	0.1985	0.2017	0.1991	0.1983	0.0008	0.2011	0.0002	0.2009	1.2608	1.1018	0.1591	0.6141	0.5807	0.0334	0.6467	0.5211	0.1256	0.2560	0.1626	0.0934	0.1006	0.0907	0.0099	0.1554	0.0719	0.0835	0.0001	0.0000	0.0005	0.0000	0.0000	0.0001	0.0002	0.0042	0.0006	1.5634	1.2213	2.1587	1.9787	2.1872	0.0782	1.2944	0.0030	2.4066
49	52	0.2960	6	0	1	0	1	0	0	0	0	N	N	N	N	N	N	N	N	N	N	N	N	18.8305	7.9134	317.7037	41.6992	42.0761	47.3362	37.1599	4.2897	434.0746	2.1163	1.2223	7.0598	2.3987	2.5456	0.0142	1.9020	0.0016	8.4361	0.1124	0.1545	0.0222	0.0575	0.0605	0.0003	0.0512	0.0004	0.0194	1.0446	0.6862	0.1045	-0.0001	14.4870	2.1073	5.8627	0.0711	0.4669	0.2284	0.2385	0.2283	0.2282	0.0001	0.2386	0.0002	0.2384	0.0004	0.0002	0.0001	0.0002	0.0002	0.0000	0.0001	0.0000	0.0001	0.2206	0.1868	0.0338	0.0952	0.0896	0.0055	0.1255	0.0972	0.0283	0.0305	0.0179	0.0126	0.0084	0.0081	0.0003	0.0221	0.0098	0.0122	181.0221	103.5625	612.1995	95.4400	97.1773	47.3362	289.6437	1007.1655	711.9822	0.0117	0.0118	0.0115	0.0251	0.0262	0.0003	0.0066	0.0000	0.0118
49	53	0.2337	5	0	0	0	1	0	0	0	0	N	N	N	N	N	N	N	N	N	N	N	N	1.1179	1.1551	0.0269	0.5773	0.5382	0.3145	0.6929	237.5418	0.0335	1.8605	2.0670	0.1147	3.1763	3.3883	0.0012	0.9847	1.1144	0.1498	1.6643	1.7894	4.2585	5.5024	6.2962	0.0038	1.4212	0.0047	4.4652	0.0066	0.8824	-0.9006	-0.0835	14.4870	21.8329	5.8627	8.0592	3.2092	3.1883	0.0209	2.1895	2.1894	0.0001	1.0198	0.9989	0.0209	0.5233	0.2780	0.2453	0.2780	0.2780	0.0000	0.2453	0.0000	0.2453	1.7249	1.5425	0.1824	0.6893	0.6462	0.0431	1.0356	0.8964	0.1392	0.3165	0.1683	0.1482	0.0505	0.0442	0.0064	0.2660	0.1242	0.1418	1.1253	1.2516	0.0693	0.5773	0.5382	0.3145	1.0678	6514.5097	0.0866	1.6533	1.6515	1.6554	5.5024	6.2962	0.0038	0.9222	0.0002	1.7297
49	54	0.7457	12	0	1	0	1	0	0	0	0	N	N	N	N	N	N	N	N	N	N	N	N	0.0000	0.0000	0.0000	0.0000	0.0000	0.0000	0.0000	0.0000	0.0000	0.0000	0.0000	0.0000	0.0000	0.0000	0.0000	0.0000	0.0000	0.0000	0.0000	0.0000	14.4870	0.0000	5.8627	0.0000	0.0000	0.0000	0.0000	0.0000	0.0000	0.0000	0.0000	0.0000	0.0000	0.0000	0.0000	0.0000	0.0000	0.0000	0.0000	0.0000	0.0000	0.0000	0.0000	0.0000	0.0000	0.0000	0.0000	0.0000	0.0000	0.0000	0.0000	0.0000	0.0000	0.0000	0.0000	0.0000	0.0000	0.0000	0.0000	0.0000	0.0000	0.0000	0.0000	0.0000	0.0000	0.0000	0.0000	0.0000	0.0000	0.0000	0.0000	0.0000	0.0000	0.0000	0.0000	0.0000	0.0000	0.0000											
49	55	0.2337	5	0	0	0	1	0	0	0	0	N	N	N	N	N	N	N	N	N	N	N	N	1.0516	0.7630	21.1505	0.0915	0.0945	0.0044	2.7217	146.5783	32.3528	0.2546	0.1748	0.9471	0.0079	0.0085	0.0001	0.4640	0.3272	1.3434	0.2421	0.2292	0.0448	0.0868	0.0900	0.0130	0.1705	0.0022	0.0415	0.6239	1.0728	0.0034	-0.0000	14.4870	1.2825	5.8627	0.1503	0.0349	0.0215	0.0134	0.0005	0.0005	0.0000	0.0344	0.0210	0.0134	0.0004	0.0002	0.0002	0.0002	0.0002	0.0000	0.0002	0.0000	0.0002	0.1370	0.1228	0.0141	0.0629	0.0587	0.0042	0.0741	0.0641	0.0100	0.0225	0.0130	0.0095	0.0059	0.0056	0.0003	0.0166	0.0075	0.0092	14.5221	11.9655	43.9594	0.2409	0.2487	0.0044	38.4933	5620.9349	61.4528	0.0175	0.0146	0.0215	0.0330	0.0342	0.0130	0.0121	0.0001	0.0219
49	56	0.1927	4	0	0	0	1	0	0	0	0	N	N	N	N	N	N	N	N	N	N	N	N	2.5984	0.8070	90.0968	0.7319	1.8249	0.0072	115.3764	1.7281	3003.4144	0.9101	0.2920	5.4738	0.3043	0.3298	0.0076	1.3631	0.2615	7.6467	0.3503	0.3619	0.0608	0.4157	0.1807	1.0643	0.0118	0.1513	0.0025	2.5384	0.8574	0.5874	-0.0013	14.4870	14.8542	5.8627	6.8183	1.3653	0.3859	0.9794	0.1953	0.1949	0.0004	1.1700	0.1910	0.9791	0.0079	0.0043	0.0037	0.0073	0.0040	0.0033	0.0006	0.0003	0.0003	1.5001	1.3212	0.1789	0.6417	0.5909	0.0509	0.8584	0.7303	0.1280	0.3389	0.1991	0.1398	0.0905	0.0796	0.0108	0.2484	0.1195	0.1289	38.8183	13.5934	208.6104	3.7471	6.5544	0.0248	564.3429	114.9697	3003.4144	0.0234	0.0215	0.0262	0.0812	0.0503	0.3078	0.0024	0.0023	0.0025
49	57	0.1177	3	0	0	0	1	0	0	0	0	N	N	N	N	N	N	N	N	N	N	N	N	3.5476	1.3721	222.8589	3.1646	3.3220	0.3324	8.2699	0.8975	395.5388	0.7466	0.5580	1.7440	0.3963	0.4328	0.0047	0.9502	0.6415	2.1698	0.2105	0.4067	0.0078	0.1252	0.1303	0.0142	0.1149	0.7148	0.0055	0.5910	0.1688	0.2285	-0.0050	14.4870	33.5853	5.8627	9.3450	2.7096	1.7030	1.0066	0.5287	0.5281	0.0005	2.1810	1.1749	1.0060	0.0103	0.0088	0.0015	0.0052	0.0051	0.0001	0.0050	0.0037	0.0013	3.6291	3.0519	0.5772	1.3339	1.2204	0.1135	2.2952	1.8316	0.4637	0.6425	0.3566	0.2860	0.1279	0.1184	0.0096	0.5146	0.2382	0.2764	46.7798	22.6777	336.6838	9.6990	10.0612	0.3324	97.2649	41.4964	445.8548	0.0160	0.0246	0.0052	0.0409	0.0430	0.0142	0.0098	0.0155	0.0049
49	58	0.0970	2	0	0	0	0	0	0	0	0	N	N	N	N	N	N	N	N	N	N	N	N	0.5556	0.4732	1.6365	0.7492	0.8877	0.1976	0.4614	0.2683	2.7269	0.3642	0.3430	0.4401	0.4991	0.5517	0.0937	0.2719	0.1656	0.5345	0.6554	0.7250	0.2689	0.6662	0.6215	0.4743	0.5892	0.6172	0.1960	0.3570	0.7466	-0.0212	-0.0062	14.4870	15.2419	5.8627	2.5705	0.8795	0.6482	0.2314	0.4897	0.4791	0.0106	0.3899	0.1691	0.2208	0.0308	0.0177	0.0132	0.0173	0.0165	0.0008	0.0135	0.0012	0.0124	2.4152	1.8894	0.5258	0.9811	0.8684	0.1127	1.4342	1.0211	0.4131	0.4671	0.2494	0.2177	0.1420	0.1376	0.0044	0.3250	0.1117	0.2133	5.5135	4.8429	7.2654	4.0957	4.6038	0.5063	6.5249	15.7973	9.2161	0.0660	0.0708	0.0606	0.1219	0.1198	0.1851	0.0417	0.0105	0.0580
49	59	0.7457	12	0	0	0	1	0	0	0	0	N	N	N	N	N	N	N	N	N	N	N	N	0.0000	0.0000	0.0000	0.0000	0.0000	0.0000	0.0000	0.0000	0.0000	0.0000	0.0000	0.0000	0.0000	0.0000	0.0000	0.0000	0.0000	0.0000	0.0000	0.0000	14.4870	0.0000	5.8627	0.0000	0.0000	0.0000	0.0000	0.0000	0.0000	0.0000	0.0000	0.0000	0.0000	0.0000	0.0000	0.0000	0.0000	0.0000	0.0000	0.0000	0.0000	0.0000	0.0000	0.0000	0.0000	0.0000	0.0000	0.0000	0.0000	0.0000	0.0000	0.0000	0.0000	0.0000	0.0000	0.0000	0.0000	0.0000	0.0000	0.0000	0.0000	0.0000	0.0000	0.0000	0.0000	0.0000	0.0000	0.0000	0.0000	0.0000	0.0000	0.0000	0.0000	0.0000	0.0000	0.0000	0.0000	0.0000											
49	60	0.6683	11	0	0	0	1	0	0	0	0	N	N	N	N	N	N	N	N	N	N	N	N	0.2034	68.6560	0.0647	196.5531	207.7834	7.7571	0.0362	5.3354	0.0789	0.2045	0.2025	0.2220	0.4152	0.4401	0.0161	0.0459	0.0085	0.2911	1.0055	0.0029	3.4319	0.0021	0.0021	0.0021	1.2695	0.0016	3.6904	0.1229	439.4869	-0.0441	0.0337	14.4870	19.3360	5.8627	7.9957	0.2483	0.2211	0.0272	0.2165	0.2160	0.0005	0.0318	0.0051	0.0267	0.0911	0.0002	0.0909	0.0002	0.0002	0.0000	0.0909	0.0000	0.0909	1.2144	1.0920	0.1224	0.5215	0.4907	0.0307	0.6929	0.6012	0.0917	0.2785	0.1759	0.1027	0.1123	0.0966	0.0158	0.1662	0.0793	0.0869	0.6249	172.1318	0.2507	196.5531	207.7834	7.7571	0.0839	293.0985	0.2783	0.3272	0.0012	0.8857	0.0021	0.0021	0.0021	0.5469	0.0000	1.0459
49	61	0.3582	9	0	1	1	0	0	0	0	0	N	N	N	N	N	N	N	N	N	N	N	N	0.7653	49.3660	0.0021	24.3056	121.9376	0.0119	0.0000	0.0006	0.0006	0.3391	0.3779	0.0008	0.8841	0.9272	0.0039	0.0000	0.0000	0.0001	0.4431	0.0077	0.3812	0.0364	0.0076	0.3252	0.5575	0.0010	0.2539	0.0002	23.0603	-0.1020	0.0035	14.4870	14.2360	5.8627	11.9336	0.3554	0.3554	0.0001	0.3554	0.3554	0.0001	0.0000	0.0000	0.0000	0.0108	0.0004	0.0103	0.0016	0.0004	0.0011	0.0092	0.0000	0.0092	1.0481	0.9404	0.1078	0.4020	0.3833	0.0188	0.6461	0.5571	0.0890	0.3298	0.1867	0.1431	0.0867	0.0789	0.0079	0.2431	0.1079	0.1352	10.4022	157.9098	0.0110	49.0268	164.0643	0.0271	0.0005	0.0635	0.0021	0.0326	0.0024	0.0720	0.0180	0.0057	0.1424	0.0378	0.0000	0.0679
49	62	0.2861	9	1	0	1	0	0	0	0	0	N	N	N	N	N	N	N	N	N	N	N	N	0.4739	0.8871	1.2611	3.2058	2.9975	6.9913	0.0327	0.0166	0.3957	0.0025	0.0023	0.0048	0.0072	0.0063	0.0272	0.0003	0.0001	0.0013	0.0053	0.0025	0.0038	0.0022	0.0021	0.0039	0.0085	0.0066	0.0034	0.2526	2.2245	-0.0004	0.0001	14.4870	28.8660	5.8627	13.2209	0.0052	0.0041	0.0010	0.0048	0.0040	0.0008	0.0004	0.0001	0.0003	0.0012	0.0004	0.0008	0.0004	0.0003	0.0001	0.0008	0.0000	0.0007	2.0390	1.8227	0.2163	0.6639	0.6348	0.0291	1.3751	1.1879	0.1872	0.5731	0.3383	0.2348	0.1622	0.1487	0.0135	0.4110	0.1897	0.2213	1.2489	2.1230	1.4102	3.2058	2.9975	6.9913	0.1428	0.4283	0.3957	0.0020	0.0011	0.0034	0.0022	0.0021	0.0039	0.0019	0.0003	0.0034
49	63	0.2834	8	1	1	0	0	0	0	0	0	N	N	N	N	N	N	N	N	N	N	N	N	0.0058	0.0085	0.0036	0.0410	0.0463	0.0594	0.0016	0.0660	0.0039	0.0045	0.0044	0.0059	0.0118	0.0122	0.0054	0.0015	0.0008	0.0060	0.7831	0.5133	1.6417	0.2877	0.2625	0.0914	0.9374	0.0124	1.5282	0.1725	4.5417	-0.0002	0.0056	14.4870	5.0237	5.8627	8.0282	0.0017	0.0015	0.0003	0.0013	0.0013	0.0000	0.0004	0.0002	0.0002	0.0295	0.0053	0.0242	0.0056	0.0053	0.0003	0.0240	0.0000	0.0239	0.3774	0.3351	0.0423	0.1102	0.1044	0.0059	0.2672	0.2307	0.0365	0.2670	0.1527	0.1143	0.0886	0.0843	0.0044	0.1784	0.0685	0.1099	0.0410	0.1247	0.0281	0.1885	0.1935	0.0931	0.0114	1.7306	0.0277	0.1106	0.0349	0.2118	0.0626	0.0629	0.0583	0.1344	0.0005	0.2179
49	64	0.2203	7	1	1	0	0	0	0	0	0	N	N	N	N	N	N	N	N	N	N	N	N	1.2987	0.8655	2.3492	1.4213	1.4938	0.0000	1.0698	1.4428	2.9112	1.2144	0.6511	6.0946	1.3401	1.4126	0.0000	1.1383	0.1460	7.4954	0.9351	0.7523	2.5943	0.9429	0.9457	0.2444	1.0640	0.1012	2.5747	1.0803	3.9279	0.4461	0.0214	14.4870	17.5893	5.8627	19.0270	1.9215	0.9236	0.9978	0.7992	0.7992	0.0000	1.1223	0.1245	0.9978	0.1266	0.0257	0.1009	0.0266	0.0253	0.0013	0.1000	0.0003	0.0996	1.5823	1.4186	0.1637	0.5963	0.5657	0.0306	0.9860	0.8528	0.1331	0.5635	0.3227	0.2409	0.1449	0.1342	0.0107	0.4186	0.1885	0.2302	5.4067	8.1794	14.5512	7.2977	7.4827	0.0000	4.7671	78.8976	17.3207	0.2246	0.0796	0.4188	0.1836	0.1888	0.1190	0.2388	0.0018	0.4327
49	65	0.2140	6	0	1	0	0	0	0	0	0	N	N	N	N	N	N	N	N	N	N	N	N	0.0009	0.0099	0.0001	0.0188	0.0242	0.0003	0.0004	0.0040	0.0001	0.0067	0.0071	0.0034	0.0108	0.0115	0.0005	0.0041	0.0041	0.0042	7.7340	0.7212	29.4876	0.5715	0.4742	1.6137	11.4720	1.0370	31.3587	0.0583	179.5504	-0.0003	0.3173	14.4870	1.7566	5.8627	2.8742	0.0011	0.0011	0.0001	0.0007	0.0007	0.0000	0.0004	0.0004	0.0001	0.8666	0.0048	0.8618	0.0039	0.0033	0.0006	0.8626	0.0015	0.8611	0.1692	0.1506	0.0186	0.0661	0.0619	0.0043	0.1031	0.0888	0.0143	0.1120	0.0689	0.0431	0.0369	0.0354	0.0015	0.0752	0.0335	0.0417	0.0009	0.1024	0.0002	0.1008	0.1230	0.0012	0.0004	0.0920	0.0002	7.7340	0.0696	19.9829	0.1066	0.0932	0.4303	11.4720	0.0448	20.6728
49	66	0.3582	9	0	1	0	0	0	0	0	0	N	N	N	N	N	N	N	N	N	N	N	N	0.2135	0.1049	40.4863	0.2222	0.2101	1.2800	10.2892	0.7275	55.5984	0.0469	0.0483	0.0345	0.0582	0.0609	0.0036	0.0400	0.0398	0.0411	0.2198	0.4608	0.0009	0.2620	0.2899	0.0028	0.0039	0.0547	0.0007	0.0813	0.0229	-0.0151	-0.0039	14.4870	21.1811	5.8627	10.1862	0.0711	0.0657	0.0053	0.0336	0.0335	0.0001	0.0375	0.0322	0.0052	0.0064	0.0063	0.0001	0.0062	0.0061	0.0000	0.0003	0.0002	0.0001	1.5142	1.3594	0.1548	0.5768	0.5496	0.0272	0.9374	0.8098	0.1276	0.3895	0.2205	0.1689	0.1020	0.0927	0.0093	0.2875	0.1279	0.1596	2.8368	1.6925	40.4863	0.9646	0.9210	1.2800	39.8110	29.8145	55.5984	0.0165	0.0286	0.0009	0.0603	0.0661	0.0028	0.0010	0.0013	0.0007
49	67	0.3444	8	0	1	0	0	0	0	0	0	N	N	N	N	N	N	N	N	N	N	N	N	0.1586	0.1152	0.0688	0.4331	0.4106	0.0118	0.0209	0.0025	0.0799	0.0008	0.0008	0.0001	0.0019	0.0020	0.0000	0.0001	0.0001	0.0001	0.0048	0.0073	0.0013	0.0044	0.0049	0.0013	0.0046	0.0371	0.0013	0.0115	0.4207	-0.0001	-0.0001	14.4870	7.4253	5.8627	0.9851	0.0004	0.0004	0.0000	0.0004	0.0004	0.0000	0.0000	0.0000	0.0000	0.0002	0.0001	0.0001	0.0001	0.0001	0.0000	0.0001	0.0000	0.0001	0.5734	0.5153	0.0581	0.2110	0.2017	0.0094	0.3624	0.3137	0.0487	0.1098	0.0617	0.0481	0.0278	0.0252	0.0026	0.0820	0.0364	0.0456	0.4134	0.3629	0.0688	0.4868	0.4769	0.0118	0.0828	0.0926	0.0799	0.0019	0.0023	0.0013	0.0040	0.0042	0.0013	0.0011	0.0010	0.0013
49	71	0.3476	9	1	1	0	0	0	0	0	0	N	N	N	N	N	N	N	N	N	N	N	N	0.0064	0.0016	0.3069	0.0102	0.0094	0.1727	0.0143	0.0000	0.2380	0.0004	0.0004	0.0002	0.0010	0.0010	0.0005	0.0000	0.0000	0.0001	0.0615	0.2602	0.0006	0.1000	0.1110	0.0029	0.0010	0.0053	0.0004	0.0481	0.0279	-0.0001	-0.0017	14.4870	17.5448	5.8627	6.0013	0.0005	0.0005	0.0000	0.0005	0.0005	0.0000	0.0000	0.0000	0.0000	0.0028	0.0027	0.0001	0.0027	0.0027	0.0000	0.0001	0.0000	0.0001	1.2944	1.1623	0.1321	0.4925	0.4682	0.0243	0.8019	0.6941	0.1077	0.2967	0.1673	0.1293	0.0753	0.0682	0.0071	0.2214	0.0991	0.1223	0.0426	0.0262	0.3069	0.0285	0.0267	0.1727	0.0427	0.0006	0.2380	0.0093	0.0160	0.0006	0.0356	0.0390	0.0029	0.0003	0.0002	0.0004
49	72	0.4160	12	1	1	1	0	0	0	0	0	N	N	N	N	N	N	N	N	N	N	N	N	0.0000	0.0000	0.0000	0.0000	0.0000	0.0000	0.0000	0.0000	0.0000	0.0000	0.0000	0.0000	0.0000	0.0000	0.0000	0.0000	0.0034	0.0045	0.0009	0.0031	0.0034	0.0000	0.0014	0.0000	0.0010	0.2574	0.0000	-0.0000	14.4870	1.8980	5.8627	2.9698	0.0000	0.0000	0.0000	0.0000	0.0000	0.0000	0.0000	0.0000	0.0000	0.0001	0.0001	0.0000	0.0001	0.0001	0.0000	0.0000	0.0000	0.0000	0.1452	0.1301	0.0151	0.0635	0.0605	0.0031	0.0817	0.0697	0.0120	0.0687	0.0469	0.0218	0.0250	0.0238	0.0012	0.0437	0.0231	0.0206	0.0000	0.0000	0.0000	0.0000	0.0000	0.0000	0.0000	0.0000	0.0000	0.0014	0.0017	0.0009	0.0031	0.0033	0.0000	0.0005	0.0000	0.0010			
49	73	0.3965	11	1	0	1	0	0	0	0	0	N	N	N	N	N	N	N	N	N	N	N	N	0.0779	0.0575	0.4464	0.1416	0.1101	5.5367	0.0413	0.0076	0.1795	0.0002	0.0002	0.0004	0.0002	0.0002	0.0015	0.0001	0.0001	0.0002	0.0022	0.0026	0.0009	0.0017	0.0019	0.0003	0.0026	0.0125	0.0010	0.2440	0.4741	-0.0000	-0.0000	14.4870	3.5853	5.8627	4.3819	0.0001	0.0001	0.0000	0.0001	0.0000	0.0000	0.0000	0.0000	0.0000	0.0001	0.0001	0.0000	0.0001	0.0001	0.0000	0.0001	0.0000	0.0000	0.4818	0.4433	0.0385	0.2277	0.2205	0.0073	0.2541	0.2228	0.0312	0.1087	0.0703	0.0384	0.0339	0.0311	0.0028	0.0748	0.0392	0.0356	0.1656	0.1379	0.4464	0.1416	0.1101	5.5367	0.1465	0.2023	0.1795	0.0010	0.0011	0.0009	0.0017	0.0019	0.0003	0.0007	0.0005	0.0010
49	74	0.3650	10	1	0	1	0	0	0	0	0	N	N	N	N	N	N	N	N	N	N	N	N	1.2448	0.8274	2.4098	2.2933	2.3046	1.0789	0.9082	0.0541	2.6794	0.0147	0.0157	0.0060	0.0117	0.0122	0.0039	0.0166	0.0182	0.0065	0.0118	0.0190	0.0025	0.0051	0.0053	0.0036	0.0183	0.3361	0.0024	0.0433	0.3684	-0.0033	-0.0004	14.4870	12.3589	5.8627	7.3592	0.0135	0.0129	0.0006	0.0042	0.0041	0.0001	0.0093	0.0088	0.0005	0.0010	0.0007	0.0003	0.0003	0.0003	0.0000	0.0007	0.0004	0.0002	0.9146	0.8216	0.0930	0.3555	0.3380	0.0175	0.5591	0.4836	0.0755	0.2696	0.1614	0.1083	0.0753	0.0692	0.0061	0.1943	0.0922	0.1021	3.9624	3.4626	2.4098	2.6872	2.7365	1.0789	4.8000	3.9480	2.6794	0.0037	0.0045	0.0025	0.0044	0.0044	0.0036	0.0035	0.0046	0.0024
49	75	0.3476	9	1	0	1	0	0	0	0	0	N	N	N	N	N	N	N	N	N	N	N	N	112.4749	96.2819	95.7776	263.9716	238.3955	324.7572	28.4796	10.5302	121.0093	1.2394	1.3411	0.3438	2.6679	2.8101	0.0305	0.3148	0.2983	0.4208	0.0110	0.0139	0.0036	0.0101	0.0118	0.0001	0.0111	0.0283	0.0035	0.0291	0.6874	-0.2543	-0.0001	14.4870	10.2127	5.8627	1.0234	0.9824	0.9546	0.0278	0.8309	0.8304	0.0005	0.1515	0.1242	0.0273	0.0005	0.0003	0.0002	0.0003	0.0003	0.0000	0.0003	0.0000	0.0002	0.7926	0.7118	0.0808	0.3114	0.2955	0.0159	0.4812	0.4163	0.0649	0.1456	0.0821	0.0635	0.0371	0.0336	0.0034	0.1085	0.0484	0.0601	351.2720	361.4576	104.3882	377.1149	360.7144	324.7572	135.8746	339.9867	121.0093	0.0035	0.0037	0.0033	0.0071	0.0078	0.0001	0.0023	0.0009	0.0035
49	76	0.3444	8	1	0	0	0	0	0	0	0	N	N	N	N	N	N	N	N	N	N	N	N	3.9820	2.4787	6.0573	3.2593	3.0851	7.4330	1.0594	0.0734	6.7014	0.0008	0.0008	0.0007	0.0017	0.0018	0.0001	0.0002	0.0002	0.0008	0.0002	0.0003	0.0001	0.0005	0.0006	0.0000	0.0002	0.0022	0.0001	0.0910	0.3224	-0.0000	-0.0000	14.4870	3.7027	5.8627	0.0091	0.0002	0.0002	0.0000	0.0002	0.0002	0.0000	0.0000	0.0000	0.0000	0.0000	0.0000	0.0000	0.0000	0.0000	0.0000	0.0000	0.0000	0.0000	0.3057	0.2756	0.0301	0.1149	0.1102	0.0047	0.1908	0.1654	0.0254	0.0490	0.0275	0.0215	0.0124	0.0113	0.0011	0.0366	0.0162	0.0203	3.9820	3.0065	6.0573	3.2593	3.0851	7.4330	2.7251	2.9412	6.7014	0.0002	0.0003	0.0001	0.0005	0.0006	0.0000	0.0001	0.0001	0.0001
49	77	0.3274	7	0	0	0	0	0	0	0	0	N	N	N	N	N	N	N	N	N	N	N	N	0.3832	0.3390	0.1433	0.8045	0.8122	0.0038	0.0315	0.0473	0.2012	0.0020	0.0022	0.0003	0.0042	0.0045	0.0000	0.0001	0.0001	0.0003	0.0052	0.0065	0.0018	0.0053	0.0055	0.0031	0.0038	0.0018	0.0017	0.0126	0.5938	-0.0002	-0.0001	14.4870	3.8334	5.8627	6.1787	0.0007	0.0007	0.0000	0.0007	0.0007	0.0000	0.0000	0.0000	0.0000	0.0003	0.0002	0.0001	0.0002	0.0002	0.0000	0.0001	0.0000	0.0001	0.3713	0.3352	0.0361	0.1703	0.1606	0.0097	0.2010	0.1746	0.0264	0.1602	0.0939	0.0663	0.0464	0.0431	0.0033	0.1138	0.0508	0.0631	1.0074	1.0292	0.1433	0.9423	0.9761	0.0038	0.1218	2.3714	0.2012	0.0020	0.0021	0.0018	0.0045	0.0046	0.0031	0.0010	0.0000	0.0017
49	78	0.2883	6	0	0	0	0	0	0	0	0	N	N	N	N	N	N	N	N	N	N	N	N	0.5197	0.5967	0.4511	1.4818	1.4655	0.0484	0.5263	1.4570	0.7161	0.0334	0.0362	0.0098	0.0427	0.0462	0.0003	0.0275	0.0295	0.0135	0.0642	0.0607	0.0217	0.0288	0.0316	0.0057	0.0522	0.0203	0.0189	0.0327	0.9471	-0.0126	-0.0005	14.4870	16.9094	5.8627	5.8161	0.0494	0.0478	0.0016	0.0245	0.0245	0.0000	0.0249	0.0234	0.0016	0.0037	0.0019	0.0018	0.0018	0.0018	0.0000	0.0018	0.0001	0.0017	1.4797	1.3201	0.1596	0.5736	0.5288	0.0448	0.9061	0.7913	0.1148	0.3908	0.2325	0.1583	0.1195	0.1109	0.0085	0.2713	0.1216	0.1498	3.5523	4.4662	0.8690	2.7570	2.8500	0.0484	4.0925	41.9511	1.1654	0.0094	0.0081	0.0113	0.0155	0.0162	0.0057	0.0067	0.0007	0.0116
49	79	0.2140	6	0	1	0	0	0	0	0	0	N	N	N	N	N	N	N	N	N	N	N	N	0.3582	0.1760	7.4859	0.4700	0.4687	53.8355	0.3823	1.3110	8.7603	0.2272	0.1295	1.0036	0.4319	0.4504	0.0529	0.1538	0.0027	1.1209	0.6342	0.7360	0.1341	0.9189	0.9609	0.0010	0.4024	0.0021	0.1280	0.9749	0.4153	0.0830	-0.0127	14.4870	23.9173	5.8627	17.8091	0.4017	0.2034	0.1983	0.2015	0.2004	0.0011	0.2002	0.0030	0.1972	0.0380	0.0269	0.0112	0.0269	0.0268	0.0000	0.0112	0.0000	0.0111	1.7680	1.5704	0.1976	0.4665	0.4448	0.0217	1.3014	1.1255	0.1759	0.6218	0.3569	0.2649	0.1514	0.1394	0.0119	0.4704	0.2174	0.2529	3.7164	1.7210	23.8333	2.4341	2.3391	53.8355	6.4876	55.7880	25.4456	0.0611	0.0753	0.0421	0.1774	0.1926	0.0010	0.0237	0.0000	0.0441
49	80	0.1979	5	0	1	0	0	0	0	0	0	N	N	N	N	N	N	N	N	N	N	N	N	0.0047	0.0467	0.0110	0.0837	0.0871	0.0022	0.0049	0.0036	0.0124	0.0040	0.0010	0.0269	0.0007	0.0007	0.0000	0.0050	0.0011	0.0295	0.8581	0.0221	2.4372	0.0084	0.0085	0.0067	1.0342	0.3126	2.3786	3.3801	51.1495	0.0009	0.0094	14.4870	6.1279	5.8627	3.6878	0.0019	0.0004	0.0014	0.0001	0.0001	0.0000	0.0018	0.0003	0.0014	0.0266	0.0005	0.0261	0.0003	0.0003	0.0000	0.0264	0.0003	0.0261	0.4655	0.4120	0.0535	0.1126	0.1079	0.0047	0.3529	0.3042	0.0487	0.1730	0.1026	0.0704	0.0432	0.0406	0.0026	0.1298	0.0620	0.0678	0.0260	0.2071	0.0724	0.1140	0.1195	0.0022	0.0248	0.2701	0.0765	0.1540	0.0050	0.3710	0.0062	0.0062	0.0067	0.2032	0.0042	0.3851
49	81	0.2861	9	1	0	1	0	0	0	0	0	N	N	N	N	N	N	N	N	N	N	N	N	297.5769	182.1064	13.2810	505.9030	460.1413	24.3749	319.3395	72.4370	13.2658	0.6466	0.7229	0.0046	1.5248	1.5944	0.0036	0.2215	0.2558	0.0047	0.0022	0.0040	0.0003	0.0030	0.0035	0.0001	0.0007	0.0035	0.0004	0.0008	0.1591	-0.3619	-0.0003	14.4870	27.2690	5.8627	12.3406	1.2636	1.2627	0.0010	0.9719	0.9718	0.0001	0.2918	0.2909	0.0009	0.0006	0.0005	0.0001	0.0005	0.0005	0.0000	0.0001	0.0000	0.0001	1.9543	1.7468	0.2076	0.6374	0.6095	0.0279	1.3170	1.1373	0.1797	0.5484	0.3239	0.2245	0.1556	0.1427	0.0129	0.3928	0.1812	0.2117	628.1226	480.6936	13.2810	505.9030	487.1828	24.3749	910.5229	2316.4645	13.2658	0.0010	0.0015	0.0003	0.0030	0.0033	0.0001	0.0002	0.0001	0.0004
49	82	0.2707	8	0	0	0	0	0	0	0	0	N	N	N	N	N	N	N	N	N	N	N	N	0.0497	0.0243	0.0289	0.0730	0.0641	30.9695	0.0554	0.0557	0.0089	0.0009	0.0010	0.0001	0.0018	0.0019	0.0004	0.0004	0.0004	0.0000	0.0175	0.0395	0.0026	0.0247	0.0291	0.0000	0.0063	0.0072	0.0027	0.0085	0.2731	-0.0002	-0.0003	14.4870	9.0798	5.8627	0.9519	0.0007	0.0007	0.0000	0.0005	0.0005	0.0000	0.0002	0.0002	0.0000	0.0007	0.0006	0.0002	0.0005	0.0005	0.0000	0.0002	0.0000	0.0002	0.7721	0.6949	0.0772	0.2766	0.2655	0.0111	0.4955	0.4295	0.0660	0.1447	0.0847	0.0600	0.0395	0.0361	0.0034	0.1052	0.0486	0.0566	0.1765	0.1448	0.0289	0.1302	0.1228	30.9695	0.2212	1.4138	0.0089	0.0049	0.0066	0.0026	0.0138	0.0152	0.0000	0.0016	0.0003	0.0027
49	83	0.1979	5	0	1	0	0	0	0	0	0	N	N	N	N	N	N	N	N	N	N	N	N	1323.3362	950.6154	130.5549	1806.7741	1848.3156	6.0008	457.4076	inf	161.0984	0.6446	0.7227	0.0301	2.2459	2.3429	0.0056	0.1330	0.1488	0.0325	0.0005	0.0008	0.0002	0.0012	0.0013	0.0009	0.0003	0.0000	0.0002	0.0053	0.3766	-0.2788	-0.0001	14.4870	21.0000	5.8627	14.4214	0.9891	0.9839	0.0052	0.8344	0.8343	0.0001	0.1547	0.1496	0.0051	0.0002	0.0001	0.0001	0.0001	0.0001	0.0000	0.0000	0.0000	0.0000	1.5344	1.3615	0.1730	0.3715	0.3561	0.0154	1.1629	1.0053	0.1576	0.5335	0.3048	0.2287	0.1195	0.1105	0.0089	0.4141	0.1943	0.2197	1783.4705	1572.6751	130.5549	1806.7741	1848.3156	6.0008	1242.1902	inf	161.0984	0.0004	0.0005	0.0002	0.0012	0.0013	0.0009	0.0001	0.0000	0.0002
49	84	0.2556	9	0	0	1	0	0	0	0	0	N	N	N	N	N	N	N	N	N	N	N	N	0.0002	0.0389	0.0000	0.0003	0.0118	0.0000	0.0002	0.0152	0.0000	0.0004	0.0004	0.0002	0.0001	0.0001	0.0000	0.0005	0.0005	0.0002	2.1750	0.0099	9.6296	0.2484	0.0075	2.0287	2.9501	0.0349	11.1644	0.0566	1311.9628	-0.0001	0.3614	14.4870	20.4085	5.8627	11.0867	0.0006	0.0005	0.0000	0.0000	0.0000	0.0000	0.0005	0.0005	0.0000	0.9744	0.0007	0.9737	0.0069	0.0006	0.0063	0.9675	0.0001	0.9674	1.5464	1.3778	0.1687	0.4775	0.4533	0.0242	1.0689	0.9245	0.1444	0.4480	0.2555	0.1925	0.1201	0.1071	0.0130	0.3280	0.1485	0.1795	0.0002	0.1324	0.0000	0.0015	0.0159	0.0000	0.0002	0.5340	0.0000	2.1750	0.0029	5.0586	0.0576	0.0056	0.4866	2.9501	0.0010	5.3894
49	85	0.2519	8	0	0	1	0	0	0	0	0	N	N	N	N	N	N	N	N	N	N	N	N	0.0001	0.0012	0.0000	0.0011	0.0020	0.0000	0.0000	0.0001	0.0000	0.0000	0.0000	0.0000	0.0000	0.0000	0.0000	0.0000	0.0000	0.0000	0.0099	0.0011	0.0120	0.0022	0.0013	0.0111	0.0206	0.0023	0.0089	0.0263	8.1950	-0.0000	0.0001	14.4870	3.1287	5.8627	1.1816	0.0000	0.0000	0.0000	0.0000	0.0000	0.0000	0.0000	0.0000	0.0000	0.0002	0.0000	0.0002	0.0000	0.0000	0.0000	0.0002	0.0000	0.0002	0.3293	0.2943	0.0350	0.1374	0.1287	0.0087	0.1920	0.1656	0.0263	0.0713	0.0421	0.0292	0.0206	0.0187	0.0019	0.0506	0.0234	0.0272	0.0004	0.0021	0.0000	0.0011	0.0020	0.0000	0.0001	0.0054	0.0000	0.0033	0.0006	0.0071	0.0022	0.0013	0.0111	0.0037	0.0001	0.0069
49	86	0.2449	7	0	0	0	0	0	0	0	0	N	N	N	N	N	N	N	N	N	N	N	N	0.0059	0.0048	0.0069	0.0106	0.0124	0.0035	0.0037	0.0010	0.0006	0.0000	0.0000	0.0000	0.0000	0.0000	0.0000	0.0000	0.0000	0.0000	0.0025	0.0033	0.0009	0.0032	0.0028	0.0069	0.0008	0.0034	0.0004	0.0440	0.4595	-0.0000	-0.0000	14.4870	4.0532	5.8627	2.2470	0.0000	0.0000	0.0000	0.0000	0.0000	0.0000	0.0000	0.0000	0.0000	0.0001	0.0001	0.0000	0.0001	0.0001	0.0000	0.0000	0.0000	0.0000	0.3717	0.3318	0.0399	0.1431	0.1338	0.0094	0.2286	0.1981	0.0305	0.1057	0.0621	0.0437	0.0306	0.0277	0.0029	0.0752	0.0343	0.0408	0.0133	0.0122	0.0069	0.0107	0.0124	0.0035	0.0105	0.0322	0.0006	0.0011	0.0013	0.0009	0.0032	0.0028	0.0069	0.0003	0.0001	0.0004
49	87	0.2218	6	0	0	0	0	0	0	0	0	N	N	N	N	N	N	N	N	N	N	N	N	0.0017	0.0011	1.0675	0.0018	0.0015	2.2638	0.0251	0.0012	0.3486	0.0008	0.0007	0.0011	0.0011	0.0009	0.0033	0.0005	0.0006	0.0004	0.4550	0.6365	0.0011	0.6052	0.6100	0.0015	0.0214	0.4704	0.0011	0.2259	0.0127	-0.0000	-0.0056	14.4870	4.7288	5.8627	9.8540	0.0004	0.0003	0.0001	0.0002	0.0002	0.0001	0.0002	0.0001	0.0000	0.0090	0.0089	0.0001	0.0083	0.0083	0.0000	0.0007	0.0006	0.0001	0.4972	0.4359	0.0613	0.1973	0.1811	0.0162	0.3000	0.2548	0.0452	0.2673	0.1617	0.1056	0.0746	0.0703	0.0043	0.1927	0.0914	0.1013	0.0226	0.0129	1.0675	0.0100	0.0078	2.2638	0.1405	0.0823	0.3486	0.0338	0.0552	0.0011	0.1114	0.1181	0.0015	0.0038	0.0069	0.0011
49	88	0.1979	5	0	0	0	0	0	0	0	0	N	N	N	N	N	N	N	N	N	N	N	N	0.0076	0.0334	0.0134	0.1307	0.1440	0.0000	0.0015	0.0015	0.0162	0.0007	0.0007	0.0005	0.0021	0.0022	0.0000	0.0002	0.0002	0.0006	0.0885	0.0208	0.0382	0.0163	0.0154	0.0191	0.1388	0.1048	0.0347	0.0953	2.7594	-0.0001	0.0003	14.4870	8.6320	5.8627	7.0881	0.0004	0.0004	0.0000	0.0003	0.0003	0.0000	0.0001	0.0001	0.0000	0.0027	0.0007	0.0020	0.0006	0.0005	0.0001	0.0021	0.0002	0.0019	0.6513	0.5768	0.0746	0.1576	0.1510	0.0066	0.4938	0.4258	0.0680	0.2600	0.1512	0.1088	0.0616	0.0575	0.0041	0.1984	0.0937	0.1047	0.0642	0.1447	0.0278	0.2087	0.2324	0.0000	0.0197	0.0812	0.0305	0.0105	0.0048	0.0184	0.0102	0.0096	0.0191	0.0106	0.0019	0.0184
49	89	0.2657	7	0	1	0	0	0	0	0	0	N	N	N	N	N	N	N	N	N	N	N	N	6.7080	2.4553	0.3592	8.9838	8.8967	0.0154	0.2598	0.1064	0.5304	0.1322	0.1497	0.0005	0.3350	0.3699	0.0000	0.0009	0.0010	0.0008	0.0197	0.0610	0.0015	0.0373	0.0416	0.0030	0.0036	0.0091	0.0015	0.0005	0.1318	-0.0549	-0.0009	14.4870	15.4622	5.8627	5.2688	0.1916	0.1916	0.0001	0.1908	0.1908	0.0000	0.0008	0.0007	0.0001	0.0018	0.0016	0.0002	0.0016	0.0016	0.0000	0.0002	0.0000	0.0002	1.4495	1.2792	0.1702	0.5695	0.5158	0.0537	0.8799	0.7634	0.1165	0.3342	0.1961	0.1381	0.0848	0.0796	0.0052	0.2494	0.1165	0.1329	24.5264	18.4457	0.3592	18.1556	19.0070	0.0154	1.0001	2.7150	0.5304	0.0054	0.0081	0.0015	0.0185	0.0195	0.0030	0.0009	0.0004	0.0015
49	90	0.2539	6	0	0	0	0	0	0	0	0	N	N	N	N	N	N	N	N	N	N	N	N	1.1280	4.0819	0.3020	6.5275	7.4792	0.0277	0.5702	0.6832	0.5878	0.0757	0.0855	0.0103	0.0851	0.0986	0.0003	0.0682	0.0752	0.0190	0.0671	0.0209	0.0340	0.0130	0.0132	0.0097	0.1195	0.1100	0.0324	0.0180	2.2833	-0.0180	0.0001	14.4870	7.5917	5.8627	1.5198	0.0669	0.0657	0.0012	0.0334	0.0334	0.0000	0.0335	0.0324	0.0012	0.0016	0.0005	0.0011	0.0004	0.0004	0.0000	0.0012	0.0001	0.0011	0.8846	0.7692	0.1154	0.3925	0.3386	0.0539	0.4920	0.4305	0.0615	0.1718	0.1033	0.0685	0.0493	0.0458	0.0035	0.1225	0.0575	0.0650	7.9214	17.6728	0.6162	9.9085	11.5981	0.0277	6.8570	39.1712	1.1174	0.0096	0.0048	0.0167	0.0086	0.0085	0.0097	0.0099	0.0019	0.0170
49	91	0.3632	10	1	0	1	0	0	0	0	0	N	N	N	N	N	N	N	N	N	N	N	N	inf	inf	inf	inf	0.0001	0.0001	0.0000	0.0003	0.0003	0.0000	0.0000	0.0000	0.0000	0.0000	0.0000	0.0000	0.0000	0.0000	0.0000	0.0000	0.0000	0.0000	0.0000	-0.0000	0.0000	14.4870	3.0317	5.8627	0.1644	0.0000	0.0000	0.0000	0.0000	0.0000	0.0000	0.0000	0.0000	0.0000	0.0000	0.0000	0.0000	0.0000	0.0000	0.0000	0.0000	0.0000	0.0000	0.2251	0.2002	0.0248	0.0745	0.0707	0.0038	0.1506	0.1296	0.0210	0.0442	0.0256	0.0186	0.0116	0.0106	0.0011	0.0326	0.0150	0.0176	inf	inf	0.0000	inf	inf	0.0000	0.0000	0.0000	0.0000	0.0000	0.0000	0.0000	0.0000	0.0000	0.0000	0.0000	0.0000	0.0000						
49	92	0.3574	9	1	0	1	0	0	0	0	0	N	N	N	N	N	N	N	N	N	N	N	N	0.6349	1.5458	0.0018	1.0975	1.3554	0.0007	0.0023	0.0027	0.0021	0.0002	0.0002	0.0000	0.0004	0.0004	0.0000	0.0000	0.0000	0.0000	0.0003	0.0001	0.0004	0.0003	0.0003	0.0008	0.0006	0.0005	0.0004	0.0005	2.5945	-0.0000	0.0000	14.4870	2.6632	5.8627	1.0147	0.0000	0.0000	0.0000	0.0000	0.0000	0.0000	0.0000	0.0000	0.0000	0.0000	0.0000	0.0000	0.0000	0.0000	0.0000	0.0000	0.0000	0.0000	0.2657	0.2403	0.0254	0.1230	0.1167	0.0063	0.1427	0.1236	0.0191	0.0532	0.0313	0.0220	0.0144	0.0132	0.0012	0.0389	0.0181	0.0208	0.6623	1.5458	0.0018	1.0975	1.3554	0.0007	0.0064	0.5153	0.0021	0.0002	0.0001	0.0004	0.0003	0.0003	0.0008	0.0002	0.0000	0.0004
49	93	0.2742	8	1	0	1	0	0	0	0	0	N	N	N	N	N	N	N	N	N	N	N	N	1.4443	17.1432	0.0686	34.2703	59.5690	0.0100	0.0189	1.2913	0.1007	0.4629	0.5160	0.0095	1.4153	1.4787	0.0015	0.0069	0.0063	0.0108	0.3205	0.0301	0.1390	0.0413	0.0248	0.1446	0.3626	0.0049	0.1069	0.0022	5.2572	-0.3483	0.0029	14.4870	35.0787	5.8627	12.2568	1.2221	1.2195	0.0026	1.2099	1.2098	0.0001	0.0123	0.0097	0.0026	0.0135	0.0022	0.0113	0.0034	0.0021	0.0013	0.0101	0.0000	0.0100	2.6401	2.3633	0.2768	0.8548	0.8182	0.0367	1.7853	1.5451	0.2401	0.6271	0.3628	0.2643	0.1701	0.1547	0.0154	0.4570	0.2081	0.2490	21.5654	87.0166	0.2228	71.3295	108.2133	0.0177	0.3113	35.1974	0.2667	0.0215	0.0059	0.0428	0.0198	0.0137	0.0820	0.0221	0.0002	0.0404
49	94	0.2606	7	1	0	0	0	0	0	0	0	N	N	N	N	N	N	N	N	N	N	N	N	4.2123	3.4093	0.1117	28.3079	27.0740	0.1939	1.2653	0.4476	0.1301	1.0823	1.1969	0.0033	2.6641	2.7504	0.0017	0.2176	0.2500	0.0035	0.2569	0.3511	0.0297	0.0941	0.1016	0.0088	0.1720	0.5585	0.0271	0.0003	0.4888	-0.2567	-0.0009	14.4870	8.4810	5.8627	2.3446	0.8950	0.8947	0.0003	0.7787	0.7786	0.0000	0.1163	0.1161	0.0002	0.0030	0.0020	0.0010	0.0015	0.0015	0.0000	0.0014	0.0005	0.0009	0.8269	0.7475	0.0794	0.2923	0.2831	0.0092	0.5347	0.4644	0.0702	0.1623	0.0957	0.0666	0.0449	0.0411	0.0038	0.1174	0.0546	0.0628	59.1002	57.3749	0.2261	77.2010	74.5775	0.1939	17.9572	28.4209	0.2347	0.0183	0.0209	0.0147	0.0345	0.0369	0.0088	0.0121	0.0088	0.0150
49	95	0.1979	5	0	1	0	1	0	0	0	0	N	N	N	N	N	N	N	N	N	N	N	N	0.9115	14.4211	0.1326	1.4645	2.1181	0.1482	0.9769	66.8046	0.1571	0.6144	0.6725	0.1554	0.0846	0.0870	0.0282	0.7838	0.8799	0.1678	0.6741	0.0466	1.1712	0.0578	0.0411	0.1901	0.8023	0.0132	1.0680	0.0292	16.0296	-0.2767	0.0149	14.4870	24.0032	5.8627	22.6134	1.0694	1.0391	0.0304	0.0356	0.0352	0.0005	1.0338	1.0039	0.0299	0.0475	0.0028	0.0447	0.0038	0.0027	0.0011	0.0437	0.0001	0.0436	1.7405	1.5450	0.1955	0.4215	0.4041	0.0174	1.3190	1.1410	0.1780	0.6781	0.3865	0.2916	0.1500	0.1385	0.0115	0.5282	0.2481	0.2801	8.7645	93.1162	1.0124	3.3200	4.5109	0.2821	9.4683	1802.4541	1.0781	0.0701	0.0072	0.1535	0.0255	0.0193	0.0999	0.0828	0.0005	0.1557
49	96	0.6154	9	0	1	0	0	0	0	0	0	N	N	N	N	N	N	N	N	N	N	N	N	0.1322	0.0851	0.8406	0.3697	0.2829	17.9437	0.0515	0.0618	0.5935	0.0031	0.0025	0.0086	0.0056	0.0049	0.0175	0.0011	0.0003	0.0056	0.0237	0.0296	0.0102	0.0152	0.0173	0.0010	0.0207	0.0055	0.0094	0.3884	0.5804	-0.0000	-0.0005	14.4870	18.5150	5.8627	10.2301	0.0045	0.0032	0.0013	0.0036	0.0030	0.0006	0.0008	0.0002	0.0006	0.0021	0.0013	0.0008	0.0013	0.0013	0.0000	0.0008	0.0000	0.0007	1.4265	1.2811	0.1455	0.6486	0.6114	0.0372	0.7780	0.6697	0.1083	0.3424	0.2229	0.1195	0.1351	0.1216	0.0135	0.2073	0.1012	0.1060	0.5177	0.4271	1.3500	0.5824	0.4617	17.9437	0.2866	1.5754	0.7874	0.0061	0.0059	0.0064	0.0097	0.0106	0.0010	0.0037	0.0002	0.0071
49	97	0.2271	6	0	1	0	0	0	0	0	0	N	N	N	N	N	N	N	N	N	N	N	N	644.7883	362.5267	218.0745	648.4202	676.2588	0.7940	1020.7166	83.9726	481.9286	0.6275	0.6993	0.0394	1.2521	1.3036	0.0016	0.4215	0.4789	0.0431	0.0010	0.0019	0.0002	0.0019	0.0019	0.0020	0.0004	0.0057	0.0001	0.0069	0.1480	-0.5638	-0.0003	14.4870	46.1140	5.8627	26.4917	2.0113	1.9976	0.0137	0.9954	0.9953	0.0000	1.0159	1.0022	0.0137	0.0006	0.0005	0.0001	0.0004	0.0004	0.0000	0.0001	0.0001	0.0000	3.2053	2.8566	0.3488	0.7950	0.7636	0.0314	2.4104	2.0930	0.3174	0.9659	0.5645	0.4014	0.2318	0.2124	0.0195	0.7341	0.3521	0.3820	1078.7181	806.5444	218.0745	648.4202	676.2588	0.7940	2710.0347	2107.2823	481.9286	0.0006	0.0009	0.0002	0.0019	0.0019	0.0020	0.0002	0.0002	0.0001
49	98	0.6683	11	0	1	0	0	0	0	0	0	N	N	N	N	N	N	N	N	N	N	N	N	15.9156	19.3823	0.0010	11.2665	12.6497	0.0007	16.9501	126.8912	0.0010	0.0069	0.0076	0.0000	0.0066	0.0071	0.0000	0.0071	0.0081	0.0000	0.0004	0.0004	0.0004	0.0006	0.0006	0.0008	0.0004	0.0001	0.0003	0.0000	0.7171	-0.0025	-0.0000	14.4870	20.7840	5.8627	8.9470	0.0089	0.0089	0.0000	0.0036	0.0036	0.0000	0.0052	0.0052	0.0000	0.0001	0.0001	0.0000	0.0001	0.0001	0.0000	0.0000	0.0000	0.0000	1.2870	1.1575	0.1296	0.5485	0.5164	0.0321	0.7385	0.6410	0.0975	0.2988	0.1889	0.1099	0.1203	0.1032	0.0170	0.1785	0.0857	0.0929	20.7998	25.1043	0.0010	11.2665	12.6497	0.0007	45.0692	43842.1253	0.0010	0.0003	0.0003	0.0004	0.0006	0.0006	0.0008	0.0002	0.0000	0.0003
49	99	0.6633	10	0	0	0	0	0	0	0	0	N	N	N	N	N	N	N	N	N	N	N	N	0.0182	0.0183	0.0081	0.0145	0.0159	0.8595	0.0078	0.0110	0.0164	0.0324	0.0317	0.0379	0.0429	0.0476	0.0057	0.0144	0.0036	0.0838	1.7866	1.7347	4.6803	2.9508	3.0011	0.0067	1.8413	0.3313	5.1204	0.1631	1.0683	-0.0026	-0.0189	14.4870	2.7834	5.8627	1.0450	0.0180	0.0155	0.0025	0.0151	0.0148	0.0002	0.0029	0.0006	0.0023	0.1689	0.0816	0.0872	0.0816	0.0816	0.0000	0.0873	0.0001	0.0872	0.5549	0.4882	0.0667	0.3508	0.3115	0.0393	0.2041	0.1767	0.0274	0.0945	0.0543	0.0402	0.0417	0.0396	0.0021	0.0528	0.0147	0.0381	0.0182	0.0211	0.0175	0.0219	0.0231	0.8595	0.0087	0.8044	0.0367	1.7866	1.5044	2.1672	1.9570	2.0605	0.0067	1.6521	0.0045	2.2863
49	100	0.6533	9	0	0	0	0	0	0	0	0	N	N	N	N	N	N	N	N	N	N	N	N	0.0295	0.0583	0.0132	0.0583	0.0464	13.4086	0.0123	0.1575	0.0011	0.0802	0.0713	0.1482	0.0949	0.0762	0.2603	0.0560	0.0628	0.0136	2.7222	1.2216	11.2673	1.6280	1.6425	0.0194	4.5351	0.3990	12.8731	0.2728	14.1816	-0.0070	0.1785	14.4870	7.6044	5.8627	2.7972	0.0957	0.0752	0.0205	0.0704	0.0507	0.0196	0.0253	0.0244	0.0009	0.5836	0.0384	0.5452	0.0383	0.0382	0.0001	0.5453	0.0002	0.5450	1.1932	1.0548	0.1383	0.7418	0.6663	0.0755	0.4514	0.3885	0.0628	0.2144	0.1280	0.0863	0.0942	0.0883	0.0059	0.1202	0.0398	0.0804	0.0295	0.2374	0.0235	0.2331	0.1759	13.4086	0.0123	11.2284	0.0020	2.7222	0.3002	6.3136	0.4071	0.4330	0.0194	4.5351	0.0056	6.7751
49	101	0.6037	8	0	0	0	0	0	0	0	0	N	N	N	N	N	N	N	N	N	N	N	N	0.8459	1.8011	0.0304	1.7216	1.6607	83.4868	0.7263	18.5527	0.0085	1.0865	1.2033	0.1636	0.8939	0.9416	0.3682	1.2627	1.4583	0.0517	1.2844	0.6681	5.3900	0.5192	0.5670	0.0044	1.7387	0.0786	6.0508	0.0172	23.6208	-0.4524	0.1118	14.4870	18.4780	5.8627	12.4520	1.6743	1.6460	0.0283	0.6582	0.6356	0.0225	1.0161	1.0103	0.0058	0.3378	0.0137	0.3241	0.0136	0.0136	0.0001	0.3242	0.0002	0.3240	1.5410	1.3679	0.1731	0.7363	0.6751	0.0612	0.8047	0.6928	0.1119	0.3547	0.2283	0.1264	0.1394	0.1239	0.0156	0.2153	0.1045	0.1108	1.1408	20.0257	0.0638	9.1499	8.6062	83.4868	0.8386	901.5252	0.0177	0.9524	0.0601	2.5647	0.0977	0.1094	0.0044	1.5058	0.0016	2.9241
49	102	0.1797	4	0	1	0	0	0	0	0	0	N	N	N	N	N	N	N	N	N	N	N	N	0.0117	0.0069	0.8904	0.0382	0.0417	0.0392	0.0067	0.0006	1.8052	0.0076	0.0058	0.0215	0.0117	0.0126	0.0022	0.0048	0.0008	0.0292	0.6475	0.8314	0.0241	0.3066	0.3014	0.0567	0.7160	1.4789	0.0162	0.4892	0.0840	0.0012	-0.0314	14.4870	34.1922	5.8627	22.4626	0.0286	0.0192	0.0094	0.0179	0.0176	0.0003	0.0107	0.0016	0.0091	0.0571	0.0527	0.0044	0.0164	0.0155	0.0009	0.0407	0.0372	0.0035	3.7608	3.3246	0.4362	1.5266	1.4016	0.1250	2.2342	1.9231	0.3111	0.8940	0.5361	0.3578	0.2505	0.2297	0.0208	0.6435	0.3064	0.3371	0.1189	0.0587	1.7402	0.1794	0.1868	0.0512	0.0754	0.0067	2.8014	0.0638	0.0982	0.0124	0.0653	0.0673	0.0434	0.0633	0.1214	0.0104
49	103	0.1318	3	0	1	0	0	0	0	0	0	N	N	N	N	N	N	N	N	N	N	N	N	0.2165	0.2178	0.3718	0.9721	1.0216	0.1783	0.0280	0.0082	0.4792	0.1111	0.1255	0.0357	0.2996	0.3230	0.0050	0.0144	0.0074	0.0413	0.5130	0.5762	0.0960	0.3082	0.3162	0.0283	0.5144	0.9031	0.0863	0.0543	0.6166	-0.0632	-0.0057	14.4870	22.5884	5.8627	11.0115	0.2683	0.2544	0.0138	0.2453	0.2450	0.0003	0.0230	0.0094	0.0135	0.0229	0.0142	0.0087	0.0084	0.0082	0.0002	0.0145	0.0060	0.0085	2.4150	2.0279	0.3871	0.8187	0.7584	0.0603	1.5963	1.2695	0.3268	0.5629	0.3172	0.2457	0.1277	0.1201	0.0077	0.4352	0.1971	0.2381	2.7297	2.8086	1.0039	4.5465	4.7194	0.1939	0.4320	0.2465	1.1530	0.0407	0.0447	0.0356	0.0659	0.0685	0.0260	0.0333	0.0302	0.0359
49	106	0.2707	8	0	1	0	0	0	0	0	0	N	N	N	N	N	N	N	N	N	N	N	N	8.3256	7.9479	0.0778	1.1746	1.1165	10.5481	10.8990	328.9606	0.0692	0.0033	0.0037	0.0000	0.0009	0.0009	0.0000	0.0046	0.0053	0.0000	0.0004	0.0005	0.0003	0.0008	0.0008	0.0000	0.0004	0.0000	0.0003	0.0007	0.5569	-0.0015	-0.0000	14.4870	20.0414	5.8627	7.0324	0.0051	0.0051	0.0000	0.0005	0.0005	0.0000	0.0047	0.0047	0.0000	0.0001	0.0001	0.0000	0.0001	0.0001	0.0000	0.0000	0.0000	0.0000	1.5360	1.3771	0.1589	0.5119	0.4903	0.0216	1.0241	0.8868	0.1373	0.3723	0.2174	0.1549	0.0999	0.0911	0.0089	0.2723	0.1263	0.1460	10.3941	10.5326	0.0778	1.1746	1.1165	10.5481	29.0224	123452.8836	0.0692	0.0003	0.0004	0.0003	0.0008	0.0008	0.0000	0.0002	0.0000	0.0003
49	107	0.2606	7	0	0	0	0	0	0	0	0	N	N	N	N	N	N	N	N	N	N	N	N	1.3884	1.5238	3.1393	2.6085	2.4223	8.5880	0.7985	1.3826	1.7593	0.0030	0.0029	0.0040	0.0052	0.0048	0.0182	0.0018	0.0018	0.0022	0.0022	0.0019	0.0013	0.0020	0.0020	0.0021	0.0023	0.0013	0.0012	0.1405	1.0092	-0.0004	-0.0000	14.4870	7.0315	5.8627	1.2144	0.0022	0.0019	0.0003	0.0014	0.0012	0.0001	0.0008	0.0007	0.0001	0.0001	0.0001	0.0001	0.0001	0.0001	0.0000	0.0001	0.0000	0.0001	0.7242	0.6562	0.0680	0.2634	0.2555	0.0078	0.4608	0.4007	0.0601	0.1261	0.0747	0.0514	0.0354	0.0325	0.0030	0.0907	0.0422	0.0485	2.9451	3.3905	3.1393	2.6085	2.4223	8.5880	2.7545	96.0081	1.7593	0.0010	0.0009	0.0013	0.0020	0.0020	0.0021	0.0007	0.0000	0.0012
49	108	0.2271	6	0	0	0	0	0	0	0	0	N	N	N	N	N	N	N	N	N	N	N	N	7.3054	5.1535	23.7075	6.1790	5.9421	0.3551	5.9903	0.7817	24.9057	0.0062	0.0058	0.0090	0.0065	0.0068	0.0000	0.0061	0.0055	0.0099	0.0008	0.0011	0.0004	0.0011	0.0011	0.0001	0.0010	0.0070	0.0004	0.1926	0.4348	-0.0010	-0.0001	14.4870	16.2725	5.8627	4.4748	0.0078	0.0065	0.0013	0.0021	0.0021	0.0000	0.0057	0.0044	0.0013	0.0002	0.0001	0.0000	0.0001	0.0001	0.0000	0.0001	0.0000	0.0000	1.2602	1.1201	0.1401	0.3228	0.3106	0.0123	0.9374	0.8095	0.1279	0.3175	0.1865	0.1311	0.0792	0.0730	0.0062	0.2383	0.1135	0.1249	11.9829	9.5249	23.7075	6.1790	5.9421	0.3551	17.9462	19.8183	24.9057	0.0005	0.0006	0.0004	0.0011	0.0011	0.0001	0.0003	0.0003	0.0004
49	109	0.2798	7	0	1	0	0	0	0	0	0	N	N	N	N	N	N	N	N	N	N	N	N	9.2013	3.6461	17.1889	12.8333	13.7830	0.0069	2.7846	0.0419	47.5642	0.1968	0.2160	0.0437	0.5718	0.6161	0.0003	0.0075	0.0003	0.0558	0.0214	0.0592	0.0025	0.0446	0.0447	0.0369	0.0027	0.0065	0.0012	0.0253	0.2298	-0.1613	-0.0020	14.4870	40.5309	5.8627	14.7974	0.6147	0.5995	0.0152	0.5990	0.5990	0.0000	0.0156	0.0005	0.0152	0.0045	0.0036	0.0008	0.0040	0.0036	0.0005	0.0004	0.0001	0.0004	3.1225	2.7755	0.3471	1.0476	0.9723	0.0753	2.0749	1.8032	0.2717	0.7774	0.4502	0.3272	0.1909	0.1760	0.0150	0.5864	0.2742	0.3122	34.3594	26.8520	17.1889	27.1730	30.5258	0.0082	10.1479	1.0775	47.5642	0.0057	0.0080	0.0025	0.0210	0.0202	0.0312	0.0007	0.0003	0.0012
49	110	0.2539	6	0	1	0	0	0	0	0	0	N	N	N	N	N	N	N	N	N	N	N	N	0.0339	0.0214	0.1596	0.1706	0.1878	0.1044	0.0259	0.0063	0.2030	0.0080	0.0089	0.0015	0.0135	0.0150	0.0018	0.0045	0.0050	0.0013	0.2348	0.4140	0.0095	0.0791	0.0800	0.0173	0.1735	0.7823	0.0066	0.0240	0.1681	-0.0027	-0.0024	14.4870	13.5236	5.8627	3.5331	0.0104	0.0102	0.0002	0.0068	0.0067	0.0001	0.0036	0.0035	0.0001	0.0049	0.0042	0.0007	0.0023	0.0022	0.0001	0.0026	0.0020	0.0006	1.3074	1.1456	0.1618	0.5026	0.4446	0.0579	0.8049	0.7010	0.1039	0.2857	0.1673	0.1184	0.0740	0.0686	0.0053	0.2117	0.0986	0.1131	0.4649	0.3544	0.2539	0.4343	0.4673	0.1044	0.3676	0.2475	0.2486	0.0171	0.0250	0.0059	0.0311	0.0321	0.0173	0.0122	0.0201	0.0054
49	111	0.1979	5	0	0	0	0	0	0	0	0	N	N	N	N	N	N	N	N	N	N	N	N	0.0169	0.0015	7.5126	0.0736	0.0705	0.1135	0.0120	0.0002	9.5712	0.0017	0.0005	0.0113	0.0014	0.0014	0.0008	0.0018	0.0001	0.0124	0.1011	0.3111	0.0015	0.0191	0.0203	0.0068	0.1510	0.8059	0.0013	3.0035	0.0616	0.0010	-0.0032	14.4870	16.9399	5.8627	15.9768	0.0021	0.0005	0.0016	0.0004	0.0004	0.0000	0.0017	0.0001	0.0016	0.0056	0.0052	0.0003	0.0013	0.0012	0.0001	0.0043	0.0040	0.0003	1.2507	1.1090	0.1417	0.3028	0.2902	0.0126	0.9480	0.8189	0.1291	0.5001	0.2860	0.2141	0.1124	0.1041	0.0084	0.3877	0.1820	0.2058	0.1538	0.0263	7.5126	0.1237	0.1222	0.1135	0.1636	0.0066	9.5712	0.0111	0.0183	0.0015	0.0114	0.0117	0.0068	0.0111	0.0221	0.0013
49	112	0.3023	9	1	1	0	1	0	0	0	0	N	N	N	N	N	N	N	N	N	N	N	N	0.0003	0.0003	0.0001	0.0002	0.0002	0.0006	0.0003	0.0044	0.0001	0.0021	0.0022	0.0016	0.0027	0.0027	0.0009	0.0016	0.0016	0.0016	7.9366	6.4928	16.0821	12.0371	13.0699	1.6254	5.8997	0.3716	18.5994	0.1010	0.9917	-0.0000	-0.0336	14.4870	0.0019	5.8627	1.9928	0.0000	0.0000	0.0000	0.0000	0.0000	0.0000	0.0000	0.0000	0.0000	0.2580	0.1295	0.1285	0.1299	0.1295	0.0004	0.1281	0.0001	0.1281	0.0004	0.0003	0.0000	0.0001	0.0001	0.0000	0.0002	0.0002	0.0000	0.0325	0.0200	0.0126	0.0108	0.0099	0.0009	0.0217	0.0100	0.0117	0.0003	0.0003	0.0002	0.0002	0.0002	0.0021	0.0003	0.3219	0.0001	7.9366	6.4928	10.2305	12.0371	13.0699	0.4315	5.8997	0.0051	10.9704
49	113	0.2788	8	1	1	0	1	0	0	0	0	N	N	N	N	N	N	N	N	N	N	N	N	0.1157	0.0948	0.2996	0.1043	0.1084	33.1006	0.1328	8.8909	0.3775	0.0990	0.1039	0.0624	0.1810	0.1874	0.0128	0.0645	0.0639	0.0674	0.8556	1.0962	0.2082	1.7351	1.7284	0.0004	0.4853	0.0072	0.1786	0.0804	0.1714	-0.0152	-0.0160	14.4870	8.6942	5.8627	6.0502	0.0716	0.0663	0.0053	0.0388	0.0387	0.0001	0.0328	0.0276	0.0052	0.0332	0.0283	0.0049	0.0283	0.0283	0.0000	0.0049	0.0000	0.0049	0.7233	0.6379	0.0854	0.2143	0.2064	0.0079	0.5090	0.4315	0.0775	0.2233	0.1318	0.0915	0.0612	0.0559	0.0053	0.1621	0.0759	0.0862	0.6658	0.4831	1.1750	0.3911	0.3700	33.1006	2.1422	225.2475	1.1971	0.1487	0.2150	0.0531	0.4627	0.5066	0.0004	0.0301	0.0003	0.0563
49	114	0.2999	12	0	1	0	1	0	0	0	0	N	N	N	N	N	N	N	N	N	N	N	N	0.0000	0.0000	0.0000	0.0000	0.0000	0.0000	0.0000	0.0000	0.0000	0.0000	0.0000	0.0000	0.0000	0.0000	0.0000	0.0000	0.0012	0.0022	0.0004	0.0011	0.0011	0.0000	0.0009	0.0000	0.0004	0.3333	0.0000	-0.0000	14.4870	0.0001	5.8627	0.0001	0.0000	0.0000	0.0000	0.0000	0.0000	0.0000	0.0000	0.0000	0.0000	0.0000	0.0000	0.0000	0.0000	0.0000	0.0000	0.0000	0.0000	0.0000	0.0000	0.0000	0.0000	0.0000	0.0000	0.0000	0.0000	0.0000	0.0000	0.0000	0.0000	0.0000	0.0000	0.0000	0.0000	0.0000	0.0000	0.0000	0.0000	0.0000	0.0000	0.0000	0.0000	0.0000	0.0000	0.0000	0.0000	0.0007	0.0010	0.0004	0.0011	0.0011	0.0000	0.0003	0.0000	0.0004			
49	115	0.2932	11	0	1	0	1	0	0	0	0	N	N	N	N	N	N	N	N	N	N	N	N	0.0360	0.0395	0.0000	0.0035	0.0084	0.0000	4.0594	14.3822	0.0000	0.0042	0.0048	0.0000	0.0005	0.0005	0.0000	0.0058	0.0067	0.0000	0.1181	0.1208	0.0285	0.1299	0.0565	0.4686	0.0014	0.0005	0.0009	0.0000	0.8925	-0.0003	-0.0001	14.4870	3.0007	5.8627	1.0012	0.0010	0.0010	0.0000	0.0000	0.0000	0.0000	0.0009	0.0009	0.0000	0.0007	0.0004	0.0003	0.0007	0.0004	0.0003	0.0000	0.0000	0.0000	0.2281	0.2032	0.0249	0.0663	0.0634	0.0029	0.1619	0.1398	0.0221	0.0603	0.0357	0.0245	0.0168	0.0151	0.0017	0.0434	0.0206	0.0228	0.3546	0.4465	0.0000	0.0109	0.0187	0.0000	12.5684	2908.2690	0.0000	0.0120	0.0107	0.0139	0.0417	0.0253	0.1835	0.0005	0.0000	0.0009
49	116	0.2913	10	0	0	0	1	0	0	0	0	N	N	N	N	N	N	N	N	N	N	N	N	22.3424	17.9216	7.4443	0.0062	0.0050	1.7206	37.7370	16.8759	337.2620	11.2260	12.5755	0.0022	0.0022	0.0019	0.0085	16.4150	19.0165	0.0013	0.5025	0.7017	0.0003	0.3588	0.3835	0.0049	0.4350	1.1268	0.0000	0.0000	0.0031	-0.2863	-0.0004	14.4870	1.1177	5.8627	0.0023	0.9971	0.9971	0.0000	0.0001	0.0001	0.0000	0.9971	0.9971	0.0000	0.0006	0.0006	0.0000	0.0003	0.0003	0.0000	0.0003	0.0003	0.0000	0.0888	0.0793	0.0095	0.0281	0.0269	0.0012	0.0607	0.0524	0.0083	0.0166	0.0098	0.0068	0.0045	0.0041	0.0004	0.0122	0.0057	0.0064	288.7236	191.0185	7.4443	0.0302	0.0241	1.7206	624.7155	341.1326	337.2620	0.0389	0.0658	0.0003	0.0733	0.0801	0.0049	0.0263	0.0557	0.0000
49	117	0.2883	6	0	1	0	0	0	0	0	0	N	N	N	N	N	N	N	N	N	N	N	N	0.3628	0.1900	3.3045	0.6140	0.4279	24.0287	0.1631	0.5518	2.6282	0.2403	0.1354	1.1248	0.5052	0.3523	2.6377	0.0891	0.0029	0.6748	0.6624	0.7125	0.3404	0.8228	0.8234	0.1098	0.5467	0.0053	0.2567	0.9852	0.7375	0.1217	-0.0104	14.4870	31.2782	5.8627	23.9277	0.5818	0.2931	0.2888	0.4444	0.2892	0.1552	0.1374	0.0039	0.1335	0.0508	0.0292	0.0216	0.0303	0.0292	0.0011	0.0205	0.0001	0.0205	2.4213	2.1646	0.2567	0.8797	0.8208	0.0589	1.5416	1.3438	0.1979	0.7512	0.4345	0.3167	0.1975	0.1812	0.0164	0.5537	0.2533	0.3004	3.5532	2.0120	16.5201	3.2943	2.1866	39.1250	2.4062	14.4577	9.9056	0.0676	0.0673	0.0681	0.1534	0.1611	0.0674	0.0370	0.0002	0.0681
49	118	0.2913	10	0	0	1	1	0	0	0	0	N	N	N	N	N	N	N	N	N	N	N	N	399.1490	192.0710	3356.8846	874.8377	966.4742	28.2429	136.7119	6.3110	1979844.4874	0.2535	0.2649	0.1598	0.4497	0.4691	0.0226	0.1703	0.1690	0.1783	0.0006	0.0014	0.0000	0.0005	0.0005	0.0008	0.0012	0.0268	0.0000	0.0735	0.0472	-0.0165	-0.0000	14.4870	3.8827	5.8627	2.9998	0.0755	0.0703	0.0052	0.0399	0.0398	0.0001	0.0356	0.0305	0.0051	0.0000	0.0000	0.0000	0.0000	0.0000	0.0000	0.0000	0.0000	0.0000	0.2979	0.2656	0.0323	0.0887	0.0848	0.0038	0.2092	0.1807	0.0285	0.1007	0.0593	0.0414	0.0270	0.0245	0.0025	0.0738	0.0348	0.0389	584.0212	376.4182	3356.8846	874.8377	966.4742	28.2429	420.7375	197.1112	1979844.4874	0.0004	0.0007	0.0000	0.0005	0.0005	0.0008	0.0004	0.0009	0.0000
49	119	0.2884	9	0	0	0	1	0	0	0	0	N	N	N	N	N	N	N	N	N	N	N	N	37.7063	27.9677	46.7600	5.0504	2.4090	10299.2494	26.7038	1.7950	15.6236	0.0044	0.0046	0.0023	0.0009	0.0005	0.0104	0.0063	0.0071	0.0008	0.0001	0.0002	0.0000	0.0002	0.0002	0.0000	0.0002	0.0040	0.0001	0.0561	0.2107	-0.0003	-0.0000	14.4870	2.8083	5.8627	0.0030	0.0011	0.0011	0.0001	0.0001	0.0000	0.0000	0.0010	0.0010	0.0000	0.0000	0.0000	0.0000	0.0000	0.0000	0.0000	0.0000	0.0000	0.0000	0.2545	0.2287	0.0258	0.0898	0.0858	0.0040	0.1647	0.1429	0.0218	0.0417	0.0245	0.0172	0.0112	0.0102	0.0010	0.0305	0.0144	0.0162	37.7063	28.2872	46.7600	5.0504	2.4090	10299.2494	68.3498	52.1021	15.6236	0.0001	0.0002	0.0000	0.0002	0.0002	0.0000	0.0001	0.0001	0.0001
49	120	0.2884	9	0	0	1	1	0	0	0	0	N	N	N	N	N	N	N	N	N	N	N	N	1644.3628	14573.7961	25.4387	18861.7142	18124.3021	inf	7.1128	inf	18.4624	0.0107	0.0119	0.0004	0.0342	0.0358	0.0009	0.0001	0.0000	0.0003	0.0000	0.0000	0.0000	0.0000	0.0000	0.0000	0.0000	0.0000	0.0000	0.0037	12.5184	-0.0023	0.0000	14.4870	9.6158	5.8627	0.0030	0.0081	0.0080	0.0000	0.0080	0.0080	0.0000	0.0000	0.0000	0.0000	0.0000	0.0000	0.0000	0.0000	0.0000	0.0000	0.0000	0.0000	0.0000	0.7579	0.6775	0.0804	0.2347	0.2244	0.0103	0.5232	0.4531	0.0701	0.1403	0.0825	0.0578	0.0375	0.0341	0.0034	0.1028	0.0484	0.0543	1644.3628	14573.7961	25.4387	18861.7142	18124.3021	inf	9.4557	inf	18.4624	0.0000	0.0000	0.0000	0.0000	0.0000	0.0000	0.0000	0.0000	0.0000
49	121	0.2788	8	0	0	0	1	0	0	0	0	N	N	N	N	N	N	N	N	N	N	N	N	0.9290	11.1233	0.1480	7.4544	6.8229	60.6407	0.3886	25.1064	0.0806	0.0105	0.0116	0.0021	0.0091	0.0089	0.0153	0.0111	0.0131	0.0009	0.0113	0.0010	0.0142	0.0012	0.0013	0.0003	0.0285	0.0005	0.0117	0.0257	9.3493	-0.0011	0.0001	14.4870	4.2457	5.8627	2.0144	0.0041	0.0040	0.0001	0.0011	0.0011	0.0001	0.0030	0.0030	0.0000	0.0004	0.0000	0.0003	0.0000	0.0000	0.0000	0.0003	0.0000	0.0003	0.3970	0.3474	0.0496	0.1263	0.1223	0.0040	0.2707	0.2251	0.0456	0.1016	0.0602	0.0414	0.0290	0.0267	0.0023	0.0726	0.0335	0.0391	2.9363	20.0507	0.2661	7.4544	6.8229	60.6407	2.4656	4731.7232	0.1132	0.0036	0.0006	0.0079	0.0012	0.0013	0.0003	0.0045	0.0000	0.0083
49	122	0.2366	7	0	0	0	1	0	0	0	0	N	N	N	N	N	N	N	N	N	N	N	N	0.0008	0.0005	0.0031	0.0024	0.0012	93.9727	0.0003	0.0094	0.0012	0.0005	0.0003	0.0022	0.0013	0.0007	0.0175	0.0002	0.0001	0.0007	0.6625	0.5446	0.7051	0.5199	0.5497	0.0002	0.6915	0.0124	0.6171	1.0167	1.8994	0.0001	0.0007	14.4870	11.9190	5.8627	13.1740	0.0005	0.0002	0.0002	0.0003	0.0002	0.0002	0.0001	0.0001	0.0001	0.0248	0.0085	0.0162	0.0085	0.0085	0.0000	0.0163	0.0001	0.0162	0.9744	0.8617	0.1127	0.2722	0.2624	0.0098	0.7022	0.5993	0.1029	0.3663	0.2124	0.1539	0.0866	0.0800	0.0066	0.2797	0.1323	0.1473	0.0074	0.0070	0.0208	0.0129	0.0062	93.9727	0.0036	0.2466	0.0068	0.0676	0.0402	0.1054	0.0979	0.1060	0.0002	0.0582	0.0005	0.1101
49	123	0.6635	11	0	0	1	1	0	0	0	0	N	N	N	N	N	N	N	N	N	N	N	N	0.1319	0.0358	0.0000	0.0391	0.0337	0.0000	5.6283	0.5864	0.0000	0.0034	0.0038	0.0000	0.0011	0.0012	0.0000	0.0052	0.0060	0.0000	0.0260	0.1053	0.0002	0.0289	0.0351	0.0000	0.0009	0.0102	0.0002	0.0000	0.0116	-0.0010	-0.0007	14.4870	12.8936	5.8627	4.1514	0.0034	0.0034	0.0000	0.0005	0.0005	0.0000	0.0029	0.0029	0.0000	0.0012	0.0012	0.0000	0.0011	0.0011	0.0000	0.0000	0.0000	0.0000	1.0008	0.9093	0.0915	0.4381	0.4184	0.0197	0.5627	0.4909	0.0718	0.1817	0.1166	0.0651	0.0730	0.0652	0.0078	0.1086	0.0513	0.0573	0.5348	0.3821	0.0000	0.0728	0.0681	0.0000	17.0358	15.3494	0.0000	0.0064	0.0099	0.0002	0.0155	0.0173	0.0000	0.0003	0.0004	0.0002
49	124	0.2519	8	0	1	0	0	0	0	0	0	N	N	N	N	N	N	N	N	N	N	N	N	1.4510	0.0088	26853.4766	0.1126	0.1106	1.4825	1.7189	0.0000	31395.0168	1.0385	0.0086	9.4477	0.0267	0.0279	0.0009	1.4450	0.0000	10.6681	0.7157	0.9782	0.0004	0.2374	0.2524	0.0006	0.8406	1.7447	0.0003	134.7123	0.0018	0.7190	-0.0169	14.4870	12.7386	5.8627	8.7370	1.0192	0.0075	1.0117	0.0075	0.0075	0.0000	1.0117	0.0000	1.0117	0.0270	0.0270	0.0000	0.0044	0.0044	0.0000	0.0226	0.0226	0.0000	0.9814	0.8743	0.1071	0.2813	0.2690	0.0123	0.7001	0.6053	0.0948	0.3204	0.1861	0.1343	0.0793	0.0729	0.0063	0.2411	0.1131	0.1280	12.3082	0.0592	26853.4766	0.4787	0.4601	1.4825	15.4115	0.0000	31395.0168	0.0844	0.1450	0.0004	0.0558	0.0606	0.0006	0.0938	0.1995	0.0003
49	125	0.2366	7	0	1	0	0	0	0	0	0	N	N	N	N	N	N	N	N	N	N	N	N	0.0418	0.0275	0.0104	16.4458	15.6502	0.0546	0.0001	0.0000	0.0137	0.2570	0.2909	0.0030	0.8903	0.9214	0.0002	0.0010	0.0006	0.0032	6.1512	10.5632	0.2858	0.0541	0.0589	0.0045	8.1063	17.2041	0.2348	0.0014	0.0043	-0.0544	-0.5973	14.4870	8.6431	5.8627	1.4782	0.1904	0.1902	0.0003	0.1899	0.1899	0.0000	0.0005	0.0003	0.0003	0.9571	0.9530	0.0041	0.0009	0.0009	0.0000	0.9562	0.9521	0.0041	0.7409	0.6538	0.0871	0.2133	0.2061	0.0072	0.5276	0.4477	0.0799	0.1556	0.0902	0.0654	0.0376	0.0349	0.0028	0.1180	0.0553	0.0626	0.0418	0.0275	0.0474	36.6835	35.6596	0.0546	0.0001	0.0000	0.0493	6.1512	10.5632	0.0626	0.0243	0.0258	0.0045	8.1063	17.2041	0.0651
49	126	0.2271	6	0	0	0	0	0	0	0	0	N	N	N	N	N	N	N	N	N	N	N	N	0.0156	0.0079	3.3207	1.0129	1.6639	0.0921	0.0132	0.0038	6.3740	0.0065	0.0047	0.0221	0.0041	0.0041	0.0019	0.0075	0.0049	0.0239	0.4181	0.5877	0.0067	0.0040	0.0025	0.0204	0.5708	1.2759	0.0038	0.5674	0.0638	0.0002	-0.0018	14.4870	4.1618	5.8627	2.0491	0.0025	0.0016	0.0009	0.0004	0.0004	0.0000	0.0020	0.0011	0.0009	0.0032	0.0030	0.0002	0.0001	0.0001	0.0000	0.0031	0.0029	0.0002	0.3823	0.3415	0.0408	0.1104	0.1071	0.0033	0.2719	0.2344	0.0375	0.1063	0.0639	0.0424	0.0286	0.0267	0.0019	0.0777	0.0372	0.0404	0.2176	0.0994	4.9064	1.1019	1.6639	0.0921	0.1896	0.0622	6.3740	0.0300	0.0469	0.0045	0.0037	0.0025	0.0204	0.0397	0.0787	0.0038
49	127	0.1979	5	0	0	0	0	0	0	0	0	N	N	N	N	N	N	N	N	N	N	N	N	0.1428	0.0127	2.0034	0.0168	0.0119	0.7722	0.1524	0.0457	2.6773	0.0045	0.0003	0.0370	0.0003	0.0003	0.0020	0.0058	0.0003	0.0404	0.0314	0.0221	0.0185	0.0205	0.0228	0.0026	0.0380	0.0062	0.0151	17.0697	1.4169	0.0021	-0.0001	14.4870	9.4810	5.8627	7.4917	0.0032	0.0002	0.0030	0.0001	0.0000	0.0000	0.0031	0.0001	0.0030	0.0019	0.0008	0.0011	0.0008	0.0008	0.0000	0.0012	0.0000	0.0011	0.7138	0.6322	0.0816	0.1727	0.1655	0.0072	0.5411	0.4667	0.0744	0.2782	0.1614	0.1168	0.0655	0.0610	0.0044	0.2127	0.1003	0.1123	0.6413	0.0562	3.7932	0.0286	0.0212	0.7722	1.0709	1.1660	4.0255	0.0070	0.0050	0.0098	0.0121	0.0128	0.0026	0.0054	0.0002	0.0100
49	128	0.6758	12	1	1	0	0	0	0	0	0	N	N	N	N	N	N	N	N	N	N	N	N	1.2804	1.1648	0.1061	0.0155	0.0146	5.9723	inf	0.1186	0.0000	0.0000	0.0000	0.0000	0.0000	0.0000	0.0000	0.0000	0.0000	0.0000	0.0000	0.0000	0.0000	0.0000	0.0000	0.0000	0.0000	0.0000	0.0049	0.2759	-0.0000	-0.0000	14.4870	2.0107	5.8627	1.9995	0.0000	0.0000	0.0000	0.0000	0.0000	0.0000	0.0000	0.0000	0.0000	0.0000	0.0000	0.0000	0.0000	0.0000	0.0000	0.0000	0.0000	0.0000	0.1491	0.1349	0.0142	0.0655	0.0624	0.0031	0.0837	0.0726	0.0111	0.0422	0.0274	0.0149	0.0181	0.0162	0.0019	0.0241	0.0112	0.0130	1.2804	1.1648	0.1061	0.0155	0.0146	0.0000	5.9723	inf	0.1186	0.0000	0.0000	0.0000	0.0000	0.0000	0.0000	0.0000	0.0000	0.0000	
49	129	0.6635	11	1	1	0	0	0	0	0	0	N	N	N	N	N	N	N	N	N	N	N	N	2.8416	2.0144	0.5438	0.1026	0.0960	12.5800	9.9499	inf	0.6074	0.0043	0.0047	0.0002	0.0002	0.0002	0.0000	0.0077	0.0088	0.0003	0.0015	0.0023	0.0004	0.0015	0.0017	0.0000	0.0008	0.0000	0.0005	0.0049	0.2554	-0.0006	-0.0000	14.4870	5.6459	5.8627	1.1399	0.0021	0.0021	0.0000	0.0000	0.0000	0.0000	0.0020	0.0020	0.0000	0.0001	0.0000	0.0000	0.0000	0.0000	0.0000	0.0000	0.0000	0.0000	0.4836	0.4411	0.0425	0.2198	0.2106	0.0093	0.2637	0.2305	0.0332	0.0785	0.0499	0.0286	0.0320	0.0289	0.0032	0.0465	0.0210	0.0254	5.4346	4.7343	0.5438	0.1026	0.0960	12.5800	28.5195	inf	0.6074	0.0008	0.0010	0.0004	0.0015	0.0017	0.0000	0.0003	0.0000	0.0005
49	130	0.6332	10	0	0	0	0	0	0	0	0	N	N	N	N	N	N	N	N	N	N	N	N	0.5714	0.3122	12.5176	2.5402	2.3558	3.5185	0.7833	0.2366	15.8741	0.1470	0.0858	0.5585	0.1530	0.1600	0.0326	0.1411	0.0005	0.6977	0.2572	0.2749	0.0446	0.0602	0.0679	0.0093	0.1801	0.0020	0.0440	0.9666	0.7534	0.0348	-0.0008	14.4870	11.6079	5.8627	5.3766	0.1704	0.0866	0.0837	0.0874	0.0864	0.0010	0.0829	0.0002	0.0827	0.0039	0.0022	0.0017	0.0023	0.0022	0.0001	0.0016	0.0000	0.0016	1.1590	1.0091	0.1499	0.5713	0.5399	0.0314	0.5877	0.4691	0.1185	0.2128	0.1349	0.0779	0.0848	0.0768	0.0079	0.1281	0.0581	0.0700	8.0191	5.2054	25.9626	5.6516	5.5341	3.5185	11.2553	9.9974	30.4692	0.0183	0.0165	0.0215	0.0271	0.0289	0.0093	0.0125	0.0000	0.0229
49	131	0.6154	9	0	0	0	0	0	0	0	0	N	N	N	N	N	N	N	N	N	N	N	N	0.4051	0.1945	11.3724	0.3451	0.3560	2.3496	0.8449	0.1425	17.9620	0.2698	0.1494	1.1806	0.2508	0.2681	0.0457	0.2902	0.0088	1.7777	0.6659	0.7681	0.1038	0.7268	0.7530	0.0194	0.3435	0.0616	0.0990	1.0441	0.2232	0.0243	-0.0059	14.4870	3.9355	5.8627	8.7078	0.1088	0.0532	0.0556	0.0525	0.0518	0.0007	0.0563	0.0014	0.0548	0.0132	0.0108	0.0024	0.0109	0.0108	0.0001	0.0024	0.0001	0.0023	0.4034	0.3563	0.0471	0.2095	0.1933	0.0162	0.1939	0.1631	0.0309	0.1941	0.1289	0.0652	0.0812	0.0748	0.0064	0.1129	0.0541	0.0588	3.9544	1.7790	31.8623	1.8730	1.8657	2.3496	13.8326	6.1876	45.6268	0.0682	0.0840	0.0371	0.1339	0.1437	0.0194	0.0210	0.0014	0.0390
49	132	0.6037	8	0	0	0	0	0	0	0	0	N	N	N	N	N	N	N	N	N	N	N	N	0.5416	0.2827	1.2357	0.7711	0.4402	388.3236	0.0421	0.0208	0.1534	0.4671	0.2771	1.7201	0.8312	0.4991	3.3129	0.0372	0.0059	0.2178	0.8623	0.9802	1.3920	1.0780	1.1339	0.0085	0.8838	0.2843	1.4201	0.9411	0.6543	0.0642	-0.0060	14.4870	6.2657	5.8627	3.9760	0.3249	0.1674	0.1575	0.3130	0.1658	0.1472	0.0119	0.0016	0.0103	0.0257	0.0155	0.0101	0.0154	0.0153	0.0001	0.0103	0.0002	0.0101	0.6955	0.6040	0.0916	0.3765	0.3321	0.0444	0.3190	0.2719	0.0471	0.1620	0.1061	0.0558	0.0694	0.0633	0.0062	0.0925	0.0429	0.0497	2.9486	1.8962	9.4664	3.7480	2.0574	388.3236	0.3356	1.5562	1.0716	0.1584	0.1461	0.1817	0.2218	0.2426	0.0085	0.1108	0.0038	0.2032
49	133	0.5264	7	0	0	0	0	0	0	0	0	N	N	N	N	N	N	N	N	N	N	N	N	0.1156	0.2242	0.1788	1.5381	1.4414	6.0160	0.0353	0.7251	0.0640	0.0687	0.0588	0.1538	0.1223	0.1012	0.4069	0.0256	0.0222	0.0478	0.5940	0.2623	0.8601	0.0795	0.0702	0.0676	0.7247	0.0306	0.7469	0.3031	4.1418	-0.0080	0.0057	14.4870	26.7012	5.8627	18.2690	0.1459	0.1120	0.0340	0.1158	0.0893	0.0265	0.0301	0.0227	0.0074	0.0320	0.0062	0.0258	0.0071	0.0061	0.0010	0.0249	0.0002	0.0248	2.1254	1.9047	0.2207	0.9471	0.8819	0.0652	1.1783	1.0227	0.1555	0.6068	0.3874	0.2194	0.2272	0.2059	0.0214	0.3796	0.1815	0.1981	1.3001	3.6545	1.3074	3.9045	3.4359	8.2791	0.3894	24.1806	0.3821	0.0528	0.0161	0.1177	0.0313	0.0295	0.0491	0.0657	0.0009	0.1250
49	134	0.2883	6	0	0	0	0	0	0	0	0	N	N	N	N	N	N	N	N	N	N	N	N	0.0236	0.0701	0.0277	0.4411	0.3403	4.2955	0.0148	0.0328	0.0201	0.0284	0.0179	0.1198	0.0414	0.0295	0.2333	0.0215	0.0112	0.0923	1.2000	0.2549	4.3187	0.0938	0.0868	0.0543	1.4499	0.3422	4.5979	0.7695	82.1453	0.0176	0.3550	14.4870	61.4372	5.8627	55.8589	0.1190	0.0672	0.0517	0.0600	0.0403	0.0196	0.0590	0.0269	0.0321	0.9872	0.0119	0.9753	0.0109	0.0097	0.0012	0.9762	0.0022	0.9741	4.1967	3.7647	0.4320	1.4497	1.3656	0.0841	2.7470	2.3991	0.3479	1.3118	0.7520	0.5597	0.3171	0.2880	0.0291	0.9947	0.4640	0.5307	0.0377	1.1314	0.0687	1.2009	0.8776	5.5371	0.0219	2.3900	0.0503	0.7526	0.0158	1.7424	0.0344	0.0337	0.0421	0.9815	0.0047	1.8355
49	135	0.1979	5	0	0	0	0	0	0	0	0	N	N	N	N	N	N	N	N	N	N	N	N	0.1211	0.1139	0.0010	0.1064	0.1079	0.1049	0.0772	0.1649	0.0011	0.1384	0.1553	0.0033	0.2843	0.2965	0.0004	0.0918	0.1054	0.0036	1.1426	1.3639	3.2120	2.6725	2.7466	0.0038	1.1879	0.6388	3.2518	0.0027	0.9826	-0.0889	-0.0576	14.4870	31.7621	5.8627	18.5886	0.3126	0.3118	0.0008	0.1556	0.1556	0.0000	0.1570	0.1562	0.0008	0.4337	0.2187	0.2149	0.2157	0.2156	0.0000	0.2180	0.0031	0.2149	2.2586	2.0073	0.2513	0.5472	0.5247	0.0225	1.7113	1.4826	0.2288	0.7247	0.4129	0.3118	0.1598	0.1474	0.0123	0.5649	0.2655	0.2995	0.2313	0.2932	0.0048	0.2106	0.2027	0.1049	0.2378	8.9970	0.0050	0.5984	0.5298	0.6893	1.3498	1.4625	0.0038	0.3859	0.0117	0.7176
50	51	0.6068	11	2	2	1	0	0	0	0	0	Y	Y	N	N	N	N	N	N	N	N	N	N	94043.2782	63645.0346	62219.2019	58066.6451	inf	inf	0.0268	0.0298	0.0000	0.0571	0.0604	0.0000	0.0006	0.0007	0.0000	0.0000	0.0000	0.0000	0.0000	0.0000	0.0000	0.0000	0.0000	0.0000	0.0000	0.0000	-0.0005	-0.0000	0.9856	13.3057	2.8295	8.6321	0.0017	0.0017	0.0000	0.0017	0.0017	0.0000	0.0000	0.0000	0.0000	0.0000	0.0000	0.0000	0.0000	0.0000	0.0000	0.0000	0.0000	0.0000	0.0639	0.0574	0.0065	0.0296	0.0280	0.0016	0.0343	0.0294	0.0049	0.0362	0.0220	0.0142	0.0112	0.0099	0.0013	0.0250	0.0121	0.0129	94043.2782	63645.0346	0.0000	62219.2019	58066.6451	0.0000	inf	inf	0.0000	0.0000	0.0000	0.0000	0.0000	0.0000	0.0000	0.0000	0.0000	0.0000			
50	52	0.4715	13	1	2	1	1	0	0	0	0	N	Y	N	N	N	N	N	N	N	N	N	N	0.0000	0.0000	0.0000	0.0000	0.0000	0.0000	0.0000	0.0000	0.0000	0.0000	0.0000	0.0000	0.0000	0.0000	0.0000	0.0000	0.0000	0.0000	0.0000	0.0000	0.9856	2.1073	2.8295	0.0711	0.0000	0.0000	0.0000	0.0000	0.0000	0.0000	0.0000	0.0000	0.0000	0.0000	0.0000	0.0000	0.0000	0.0000	0.0000	0.0000	0.0000	0.0000	0.0091	0.0081	0.0009	0.0033	0.0031	0.0002	0.0058	0.0050	0.0008	0.0041	0.0024	0.0017	0.0012	0.0010	0.0002	0.0030	0.0014	0.0016	0.0000	0.0000	0.0000	0.0000	0.0000	0.0000	0.0000	0.0000	0.0000	0.0000	0.0000	0.0000	0.0000	0.0000	0.0000	0.0000	0.0000	0.0000											
50	53	0.4091	12	1	1	1	1	0	0	0	0	N	N	N	N	N	N	N	N	N	N	N	N	0.0000	0.0000	0.0000	0.0000	0.0000	0.0000	0.0000	0.0000	0.0000	0.0000	0.0000	0.0000	0.0000	0.0000	0.0000	0.0000	0.0000	0.0000	0.0000	0.0000	0.9856	21.8329	2.8295	8.0592	0.0000	0.0000	0.0000	0.0000	0.0000	0.0000	0.0000	0.0000	0.0000	0.0000	0.0000	0.0000	0.0000	0.0000	0.0000	0.0000	0.0000	0.0000	0.0850	0.0762	0.0088	0.0316	0.0299	0.0017	0.0534	0.0462	0.0071	0.0427	0.0230	0.0196	0.0064	0.0053	0.0011	0.0363	0.0177	0.0186	0.0000	0.0000	0.0000	0.0000	0.0000	0.0000	0.0000	0.0000	0.0000	0.0000	0.0000	0.0000	0.0000	0.0000	0.0000	0.0000	0.0000	0.0000											
50	54	0.7192	13	1	2	1	1	0	0	0	0	N	Y	N	N	N	N	N	N	N	N	N	N	0.0000	0.0000	0.0000	0.0000	0.0000	0.0000	0.0000	0.0000	0.0000	0.0000	0.0000	0.0000	0.0000	0.0000	0.0000	0.0000	0.0000	0.0000	0.0000	0.0000	0.9856	0.0000	2.8295	0.0000	0.0000	0.0000	0.0000	0.0000	0.0000	0.0000	0.0000	0.0000	0.0000	0.0000	0.0000	0.0000	0.0000	0.0000	0.0000	0.0000	0.0000	0.0000	0.0000	0.0000	0.0000	0.0000	0.0000	0.0000	0.0000	0.0000	0.0000	0.0000	0.0000	0.0000	0.0000	0.0000	0.0000	0.0000	0.0000	0.0000	0.0000	0.0000	0.0000	0.0000	0.0000	0.0000	0.0000	0.0000	0.0000	0.0000	0.0000	0.0000	0.0000	0.0000	0.0000	0.0000	0.0000	0.0000											
50	55	0.4091	12	1	1	1	1	0	0	0	0	N	N	N	N	N	N	N	N	N	N	N	N	0.0000	0.0000	0.0000	0.0000	0.0000	0.0000	0.0000	0.0000	0.0000	0.0000	0.0000	0.0000	0.0000	0.0000	0.0000	0.0000	0.0000	0.0000	0.0000	0.0000	0.9856	1.2825	2.8295	0.1503	0.0000	0.0000	0.0000	0.0000	0.0000	0.0000	0.0000	0.0000	0.0000	0.0000	0.0000	0.0000	0.0000	0.0000	0.0000	0.0000	0.0000	0.0000	0.0072	0.0065	0.0007	0.0034	0.0032	0.0002	0.0039	0.0034	0.0005	0.0030	0.0018	0.0012	0.0008	0.0007	0.0001	0.0022	0.0011	0.0011	0.0000	0.0000	0.0000	0.0000	0.0000	0.0000	0.0000	0.0000	0.0000	0.0000	0.0000	0.0000	0.0000	0.0000	0.0000	0.0000	0.0000	0.0000											
50	56	0.3682	11	1	1	1	1	0	0	0	0	N	N	N	N	N	N	N	N	N	N	N	N	0.0000	0.0000	0.0000	0.0000	0.0000	0.0000	0.0000	0.0000	0.0000	0.0000	0.0000	0.0000	0.0000	0.0002	0.0005	0.0000	0.0008	0.0009	0.0000	0.0000	0.0000	0.0000	0.0000	0.0000	-0.0000	0.9856	14.8542	2.8295	6.8183	0.0000	0.0000	0.0000	0.0000	0.0000	0.0000	0.0000	0.0000	0.0000	0.0000	0.0000	0.0000	0.0000	0.0000	0.0000	0.0000	0.0000	0.0000	0.0733	0.0656	0.0077	0.0298	0.0281	0.0018	0.0435	0.0376	0.0059	0.0472	0.0286	0.0186	0.0122	0.0107	0.0015	0.0350	0.0180	0.0171	0.0000	0.0000	0.0000	0.0000	0.0000	0.0000	0.0000	0.0000	0.0000	0.0002	0.0003	0.0000	0.0008	0.0009	0.0000	0.0000	0.0000	0.0000						
50	57	0.2932	10	1	1	1	1	0	0	0	0	N	N	N	N	N	N	N	N	N	N	N	N	0.0036	0.0042	0.0000	0.0034	0.0031	0.0000	0.0000	0.0000	0.0000	0.0000	0.0000	0.0000	0.0000	0.0000	0.0000	0.0000	0.0003	0.0003	0.0003	0.0008	0.0010	0.0000	0.0004	0.0000	0.0003	0.0000	0.9979	-0.0000	-0.0000	0.9856	33.5853	2.8295	9.3450	0.0000	0.0000	0.0000	0.0000	0.0000	0.0000	0.0000	0.0000	0.0000	0.0000	0.0000	0.0000	0.0000	0.0000	0.0000	0.0000	0.0000	0.0000	0.1592	0.1430	0.0162	0.0551	0.0523	0.0028	0.1041	0.0907	0.0134	0.0785	0.0430	0.0355	0.0119	0.0103	0.0016	0.0667	0.0328	0.0339	0.0039	0.0048	0.0000	0.0034	0.0031	0.0000	0.0000	0.0000	0.0000	0.0003	0.0002	0.0003	0.0008	0.0010	0.0000	0.0001	0.0000	0.0003		
50	58	0.2725	9	1	1	1	0	0	0	0	0	N	N	N	N	N	N	N	N	N	N	N	N	0.0028	1.7201	0.0000	0.0011	0.0059	0.0000	0.0000	0.0000	0.0000	0.0000	0.0000	0.0000	0.0000	0.0000	0.0000	0.0002	0.0000	0.0005	0.0000	0.0000	0.0000	0.0009	0.0002	0.0005	0.0000	970.8252	-0.0000	0.0000	0.9856	15.2419	2.8295	2.5705	0.0000	0.0000	0.0000	0.0000	0.0000	0.0000	0.0000	0.0000	0.0000	0.0000	0.0000	0.0000	0.0000	0.0000	0.0000	0.0000	0.0000	0.0000	0.0827	0.0735	0.0092	0.0271	0.0257	0.0014	0.0556	0.0478	0.0078	0.0423	0.0229	0.0193	0.0088	0.0080	0.0008	0.0334	0.0149	0.0185	0.0029	1.7201	0.0000	0.0000	0.0000	0.0000	0.0034	1.7213	0.0000	0.0002	0.0000	0.0005	0.0000	0.0000	0.0000	0.0003	0.0000	0.0005			
50	59	0.7192	13	1	1	1	1	0	0	0	0	N	N	N	N	N	N	N	N	N	N	N	N	0.0000	0.0000	0.0000	0.0000	0.0000	0.0000	0.0000	0.0000	0.0000	0.0000	0.0000	0.0000	0.0000	0.0000	0.0000	0.0000	0.0000	0.0000	0.0000	0.0000	0.9856	0.0000	2.8295	0.0000	0.0000	0.0000	0.0000	0.0000	0.0000	0.0000	0.0000	0.0000	0.0000	0.0000	0.0000	0.0000	0.0000	0.0000	0.0000	0.0000	0.0000	0.0000	0.0000	0.0000	0.0000	0.0000	0.0000	0.0000	0.0000	0.0000	0.0000	0.0000	0.0000	0.0000	0.0000	0.0000	0.0000	0.0000	0.0000	0.0000	0.0000	0.0000	0.0000	0.0000	0.0000	0.0000	0.0000	0.0000	0.0000	0.0000	0.0000	0.0000	0.0000	0.0000	0.0000	0.0000	0.0000	0.0000											
50	60	0.6418	12	1	1	1	1	0	0	0	0	N	N	N	N	N	N	N	N	N	N	N	N	62.2547	45.3361	6.4781	14.8589	13.3854	inf	189.6515	inf	4.9858	0.1304	0.1434	0.0042	0.0391	0.0407	0.0064	0.2045	0.2351	0.0035	0.0021	0.0032	0.0006	0.0026	0.0030	0.0000	0.0011	0.0000	0.0007	0.0030	0.3421	-0.0028	-0.0000	0.9856	19.3360	2.8295	7.9957	0.0098	0.0098	0.0000	0.0013	0.0013	0.0000	0.0085	0.0085	0.0000	0.0000	0.0000	0.0000	0.0000	0.0000	0.0000	0.0000	0.0000	0.0000	0.0755	0.0684	0.0070	0.0338	0.0323	0.0015	0.0416	0.0361	0.0055	0.0402	0.0242	0.0160	0.0114	0.0099	0.0015	0.0288	0.0144	0.0145	130.3680	115.8923	6.4781	14.8589	13.3854	inf	575.0117	inf	4.9858	0.0010	0.0012	0.0006	0.0026	0.0030	0.0000	0.0004	0.0000	0.0007
50	61	0.3318	10	1	2	2	0	0	0	0	0	N	Y	Y	N	N	N	N	N	N	N	N	N	37.3077	0.4199	inf	3.8450	0.1871	inf	inf	inf	inf	0.0022	0.0000	0.0186	0.0030	0.0002	0.0539	0.0018	0.0000	0.0133	0.0001	0.0001	0.0000	0.0008	0.0009	0.0000	0.0000	0.0000	0.0000	49.0223	0.0000	0.0001	-0.0000	0.9856	14.2360	2.8295	11.9336	0.0001	0.0000	0.0001	0.0000	0.0000	0.0000	0.0001	0.0000	0.0001	0.0000	0.0000	0.0000	0.0000	0.0000	0.0000	0.0000	0.0000	0.0000	0.0571	0.0505	0.0065	0.0160	0.0151	0.0008	0.0411	0.0354	0.0057	0.0486	0.0242	0.0243	0.0036	0.0032	0.0004	0.0450	0.0210	0.0240	37.3077	0.4201	inf	3.8450	0.1871	inf	inf	inf	inf	0.0001	0.0001	0.0000	0.0008	0.0009	0.0000	0.0000	0.0000	0.0000
50	62	0.1342	6	2	1	2	0	0	0	0	0	Y	N	Y	N	N	N	N	N	N	N	N	N	45250.3520	inf	91316.3201	inf	inf	inf	25578.9707	inf	98696.8550	0.0029	0.0017	0.0117	0.0074	0.0078	0.0007	0.0018	0.0000	0.0128	0.0000	0.0000	0.0000	0.0000	0.0000	0.0000	0.0000	0.0000	0.0000	0.9369	inf	0.0001	0.0000	0.9856	28.8660	2.8295	13.2209	0.0003	0.0002	0.0002	0.0002	0.0002	0.0000	0.0002	0.0000	0.0002	0.0000	0.0000	0.0000	0.0000	0.0000	0.0000	0.0000	0.0000	0.0000	0.1119	0.0985	0.0135	0.0228	0.0216	0.0012	0.0892	0.0769	0.0123	0.0838	0.0418	0.0421	0.0055	0.0051	0.0005	0.0783	0.0367	0.0416	45250.3520	inf	91316.3201	inf	inf	inf	25578.9707	inf	98696.8550	0.0000	0.0000	0.0000	0.0000	0.0000	0.0000	0.0000	0.0000	0.0000
50	63	0.2569	9	2	2	1	0	0	0	0	0	Y	Y	N	N	N	N	N	N	N	N	N	N	0.0183	0.0144	0.0204	0.0203	inf	inf	0.0209	0.0236	0.0000	0.0800	0.0847	0.0000	0.0000	0.0000	0.0000	1.1431	1.6392	0.0000	3.9159	4.1769	0.0000	0.0000	0.0000	0.0000	0.0000	0.0000	-0.0001	-0.0113	0.9856	5.0237	2.8295	8.0282	0.0004	0.0004	0.0000	0.0004	0.0004	0.0000	0.0000	0.0000	0.0000	0.0179	0.0179	0.0000	0.0179	0.0179	0.0000	0.0000	0.0000	0.0000	0.0206	0.0182	0.0024	0.0054	0.0051	0.0003	0.0152	0.0131	0.0021	0.0298	0.0155	0.0142	0.0053	0.0047	0.0005	0.0245	0.0108	0.0137	0.0347	0.0205	0.0000	0.0236	0.0223	0.0000	inf	inf	0.0000	0.6023	1.1531	0.0000	3.3974	3.7915	0.0000	0.0000	0.0000	0.0000			
50	64	0.1939	8	2	2	1	0	0	0	0	0	Y	Y	N	N	N	N	N	N	N	N	N	N	0.0000	0.0062	0.0000	0.0105	0.0088	0.0000	0.0000	0.0000	0.0000	0.0000	0.0000	0.0000	0.0000	0.0000	0.0000	0.0000	0.9464	0.0015	2.8185	0.0036	0.0045	0.0000	1.0993	0.0000	2.7956	0.0000	608.9058	-0.0000	0.0066	0.9856	17.5893	2.8295	19.0270	0.0000	0.0000	0.0000	0.0000	0.0000	0.0000	0.0000	0.0000	0.0000	0.0179	0.0000	0.0179	0.0000	0.0000	0.0000	0.0179	0.0000	0.0179	0.0754	0.0667	0.0087	0.0168	0.0160	0.0008	0.0585	0.0506	0.0079	0.0752	0.0389	0.0364	0.0085	0.0074	0.0012	0.0667	0.0315	0.0352	0.0000	0.0125	0.0000	0.0109	0.0099	0.0000	0.0000	0.0000	0.0000	0.2386	0.0008	0.4927	0.0035	0.0040	0.0000	0.2685	0.0000	0.5088		
50	65	0.1876	7	1	2	1	0	0	0	0	0	N	Y	N	N	N	N	N	N	N	N	N	N	0.0032	0.0170	inf	inf	0.0000	0.0000	0.0000	0.0000	0.0001	0.0001	0.0000	0.0015	0.0000	0.0000	0.0000	0.0043	0.0000	0.0071	0.0000	0.0000	0.0000	0.0112	0.0000	0.0058	inf	inf	0.0000	0.0000	0.9856	1.7566	2.8295	2.8742	0.0000	0.0000	0.0000	0.0000	0.0000	0.0000	0.0000	0.0000	0.0000	0.0000	0.0000	0.0000	0.0000	0.0000	0.0000	0.0000	0.0000	0.0000	0.0086	0.0077	0.0010	0.0021	0.0020	0.0001	0.0066	0.0057	0.0009	0.0176	0.0114	0.0062	0.0050	0.0047	0.0002	0.0126	0.0067	0.0059	0.0080	0.0000	0.0247	inf	0.0000	inf	0.0000	0.0000	0.0000	0.0017	0.0000	0.0049	0.0000	0.0000	0.0000	0.0024	0.0000	0.0051			
50	66	0.3318	10	1	2	1	0	0	0	0	0	N	Y	N	N	N	N	N	N	N	N	N	N	0.0083	0.0034	inf	243.3459	56.6131	inf	0.0065	0.0022	inf	0.0021	0.0018	0.0045	0.0024	0.0006	0.0343	0.0019	0.0022	0.0001	0.2488	0.5197	0.0000	0.0000	0.0000	0.0000	0.2967	1.0113	0.0000	0.3264	0.0000	-0.0000	-0.0006	0.9856	21.1811	2.8295	10.1862	0.0002	0.0001	0.0000	0.0001	0.0000	0.0000	0.0001	0.0001	0.0000	0.0010	0.0010	0.0000	0.0000	0.0000	0.0000	0.0010	0.0010	0.0000	0.0823	0.0730	0.0093	0.0226	0.0214	0.0012	0.0597	0.0516	0.0081	0.0573	0.0286	0.0287	0.0041	0.0037	0.0004	0.0532	0.0249	0.0283	0.1154	0.0490	inf	243.3459	56.6131	inf	0.1001	0.0540	inf	0.0179	0.0359	0.0000	0.0000	0.0000	0.0000	0.0193	0.0413	0.0000
50	67	0.3180	9	1	2	1	0	0	0	0	0	N	Y	N	N	N	N	N	N	N	N	N	N	477.1954	81.1991	87845.9924	inf	inf	inf	2.0369	0.0216	1198.2114	0.0839	0.0380	0.4451	0.2869	0.1230	2.9091	0.0010	0.0002	0.0062	0.0002	0.0005	0.0000	0.0000	0.0000	0.0000	0.0005	0.0103	0.0000	1.4892	0.0148	0.0008	-0.0000	0.9856	7.4253	2.8295	0.9851	0.0027	0.0011	0.0016	0.0027	0.0011	0.0016	0.0000	0.0000	0.0000	0.0000	0.0000	0.0000	0.0000	0.0000	0.0000	0.0000	0.0000	0.0000	0.0319	0.0283	0.0036	0.0092	0.0087	0.0005	0.0226	0.0196	0.0031	0.0160	0.0079	0.0081	0.0010	0.0009	0.0001	0.0151	0.0071	0.0080	477.1954	108.1780	87845.9924	inf	inf	inf	5.4628	0.5640	1198.2114	0.0002	0.0004	0.0000	0.0000	0.0000	0.0000	0.0002	0.0004	0.0000
50	68	0.3406	10	1	1	2	0	0	0	0	0	N	N	Y	N	N	N	N	N	N	N	N	N	inf	inf	inf	inf	0.0000	0.0000	0.0000	0.0000	0.0000	0.0000	0.0000	0.0000	0.0000	0.0000	0.0000	0.0000	0.0000	0.0000	0.0000	0.0000	0.0000	0.0000	0.0000	-0.0000	0.0000	0.9856	15.0354	2.8295	6.2061	0.0000	0.0000	0.0000	0.0000	0.0000	0.0000	0.0000	0.0000	0.0000	0.0000	0.0000	0.0000	0.0000	0.0000	0.0000	0.0000	0.0000	0.0000	0.0770	0.0685	0.0085	0.0256	0.0244	0.0013	0.0514	0.0442	0.0072	0.0542	0.0313	0.0229	0.0141	0.0128	0.0013	0.0401	0.0185	0.0216	inf	inf	0.0000	inf	inf	0.0000	0.0000	0.0000	0.0000	0.0000	0.0000	0.0000	0.0000	0.0000	0.0000	0.0000	0.0000	0.0000						
50	69	0.2725	9	1	1	1	0	0	0	0	0	N	N	N	N	N	N	N	N	N	N	N	N	inf	inf	inf	inf	inf	inf	0.0000	0.0000	0.0000	0.0001	0.0001	0.0000	0.0000	0.0000	0.0000	0.0000	0.0000	0.0000	0.0000	0.0000	0.0000	0.0000	0.0000	0.0000	0.0000	-0.0000	0.0000	0.9856	27.6811	2.8295	13.1592	0.0000	0.0000	0.0000	0.0000	0.0000	0.0000	0.0000	0.0000	0.0000	0.0000	0.0000	0.0000	0.0000	0.0000	0.0000	0.0000	0.0000	0.0000	0.1278	0.1134	0.0143	0.0363	0.0344	0.0019	0.0915	0.0790	0.0125	0.0808	0.0432	0.0375	0.0132	0.0116	0.0016	0.0676	0.0317	0.0359	inf	inf	0.0000	inf	inf	0.0000	inf	inf	0.0000	0.0000	0.0000	0.0000	0.0000	0.0000	0.0000	0.0000	0.0000	0.0000				
50	70	0.2377	8	1	1	1	0	0	0	0	0	N	N	N	N	N	N	N	N	N	N	N	N	0.2235	0.1040	inf	0.1471	0.1340	inf	inf	inf	inf	0.0000	0.0000	0.0000	0.0001	0.0001	0.0002	0.0000	0.0000	0.0000	0.0002	0.0004	0.0000	0.0009	0.0010	0.0000	0.0000	0.0000	0.0000	0.0586	0.0000	-0.0000	-0.0000	0.9856	19.6565	2.8295	4.0504	0.0000	0.0000	0.0000	0.0000	0.0000	0.0000	0.0000	0.0000	0.0000	0.0000	0.0000	0.0000	0.0000	0.0000	0.0000	0.0000	0.0000	0.0000	0.0967	0.0857	0.0110	0.0277	0.0264	0.0013	0.0690	0.0593	0.0097	0.0582	0.0329	0.0253	0.0111	0.0102	0.0009	0.0471	0.0227	0.0244	0.2235	0.1345	inf	0.1471	0.1340	inf	inf	inf	inf	0.0002	0.0003	0.0000	0.0009	0.0010	0.0000	0.0000	0.0000	0.0000
50	71	0.3211	10	2	2	1	0	0	0	0	0	Y	Y	N	N	N	N	N	N	N	N	N	N	inf	inf	inf	inf	inf	inf	0.0007	0.0000	0.0066	0.0026	0.0000	0.0452	0.0000	0.0000	0.0001	0.0000	0.0000	0.0000	0.0000	0.0000	0.0000	0.0000	0.0000	0.0000	inf	0.0000	0.0000	0.9856	17.5448	2.8295	6.0013	0.0001	0.0000	0.0001	0.0001	0.0000	0.0001	0.0000	0.0000	0.0000	0.0000	0.0000	0.0000	0.0000	0.0000	0.0000	0.0000	0.0000	0.0000	0.0710	0.0630	0.0080	0.0198	0.0187	0.0012	0.0512	0.0443	0.0068	0.0435	0.0215	0.0220	0.0026	0.0023	0.0003	0.0409	0.0192	0.0217	inf	0.0000	inf	inf	0.0000	inf	inf	0.0000	inf	0.0000	0.0000	0.0000	0.0000	0.0000	0.0000	0.0000	0.0000	0.0000				
50	72	0.3896	13	2	2	2	0	0	0	0	0	Y	Y	Y	N	N	N	N	N	N	N	N	N	inf	inf	inf	inf	0.0061	0.0069	0.0000	0.0170	0.0182	0.0000	0.0000	0.0000	0.0000	0.0000	0.0000	0.0000	0.0000	0.0000	0.0000	0.0000	0.0000	0.0000	0.0000	-0.0000	0.0000	0.9856	1.8980	2.8295	2.9698	0.0001	0.0001	0.0000	0.0001	0.0001	0.0000	0.0000	0.0000	0.0000	0.0000	0.0000	0.0000	0.0000	0.0000	0.0000	0.0000	0.0000	0.0000	0.0082	0.0072	0.0009	0.0030	0.0028	0.0002	0.0052	0.0045	0.0008	0.0137	0.0089	0.0048	0.0045	0.0043	0.0002	0.0093	0.0046	0.0046	inf	inf	0.0000	inf	inf	0.0000	0.0000	0.0000	0.0000	0.0000	0.0000	0.0000	0.0000	0.0000	0.0000	0.0000	0.0000	0.0000						
50	73	0.3700	12	2	1	2	0	0	0	0	0	Y	N	Y	N	N	N	N	N	N	N	N	N	inf	inf	inf	inf	inf	inf	0.0018	0.0020	0.0000	0.0000	0.0000	0.0000	0.0033	0.0037	0.0000	0.0000	0.0000	0.0000	0.0000	0.0000	0.0000	0.0000	0.0000	0.0000	0.0000	-0.0000	-0.0000	0.9856	3.5853	2.8295	4.3819	0.0001	0.0001	0.0000	0.0000	0.0000	0.0000	0.0000	0.0000	0.0000	0.0000	0.0000	0.0000	0.0000	0.0000	0.0000	0.0000	0.0000	0.0000	0.0279	0.0253	0.0026	0.0125	0.0120	0.0006	0.0154	0.0134	0.0020	0.0202	0.0124	0.0078	0.0046	0.0044	0.0002	0.0156	0.0080	0.0076	inf	inf	0.0000	inf	inf	0.0000	inf	inf	0.0000	0.0000	0.0000	0.0000	0.0000	0.0000	0.0000	0.0000	0.0000	0.0000				
50	74	0.3385	11	2	1	2	0	0	0	0	0	Y	N	Y	N	N	N	N	N	N	N	N	N	0.9512	inf	0.1724	inf	inf	inf	0.5115	inf	0.1198	0.0013	0.0014	0.0003	0.0006	0.0006	0.0007	0.0016	0.0018	0.0002	0.0014	0.0000	0.0016	0.0000	0.0000	0.0000	0.0032	0.0000	0.0016	0.0231	inf	-0.0000	0.0000	0.9856	12.3589	2.8295	7.3592	0.0001	0.0001	0.0000	0.0000	0.0000	0.0000	0.0001	0.0001	0.0000	0.0000	0.0000	0.0000	0.0000	0.0000	0.0000	0.0000	0.0000	0.0000	0.0541	0.0483	0.0058	0.0171	0.0162	0.0009	0.0370	0.0322	0.0049	0.0406	0.0219	0.0188	0.0049	0.0044	0.0005	0.0357	0.0174	0.0183	1.7635	inf	0.1724	inf	inf	inf	1.9200	inf	0.1198	0.0007	0.0000	0.0016	0.0000	0.0000	0.0000	0.0008	0.0000	0.0016
50	75	0.3211	10	2	1	2	0	0	0	0	0	Y	N	Y	N	N	N	N	N	N	N	N	N	inf	inf	inf	inf	inf	inf	inf	inf	inf	0.0012	0.0000	0.0107	0.0040	0.0001	0.0642	0.0000	0.0000	0.0001	0.0000	0.0000	0.0000	0.0000	0.0000	0.0000	0.0000	0.0000	0.0000	82.9487	0.0000	0.0000	0.9856	10.2127	2.8295	1.0234	0.0001	0.0000	0.0001	0.0001	0.0000	0.0001	0.0000	0.0000	0.0000	0.0000	0.0000	0.0000	0.0000	0.0000	0.0000	0.0000	0.0000	0.0000	0.0439	0.0390	0.0049	0.0131	0.0123	0.0008	0.0308	0.0266	0.0041	0.0214	0.0105	0.0108	0.0013	0.0012	0.0001	0.0200	0.0094	0.0107	inf	inf	inf	inf	inf	inf	inf	inf	inf	0.0000	0.0000	0.0000	0.0000	0.0000	0.0000	0.0000	0.0000	0.0000	
50	76	0.3180	9	2	1	1	0	0	0	0	0	Y	N	N	N	N	N	N	N	N	N	N	N	inf	inf	inf	inf	inf	inf	inf	inf	0.0916	0.0003	0.8180	0.2918	0.0008	4.7189	0.0015	0.0000	0.0112	0.0000	0.0000	0.0000	0.0000	0.0000	0.0000	0.0000	0.0000	0.0000	405.6463	0.0011	0.0000	0.9856	3.7027	2.8295	0.0091	0.0016	0.0000	0.0016	0.0016	0.0000	0.0016	0.0000	0.0000	0.0000	0.0000	0.0000	0.0000	0.0000	0.0000	0.0000	0.0000	0.0000	0.0000	0.0174	0.0155	0.0019	0.0054	0.0051	0.0003	0.0120	0.0104	0.0016	0.0072	0.0035	0.0036	0.0004	0.0004	0.0000	0.0067	0.0031	0.0036	inf	inf	inf	inf	inf	inf	inf	0.0000	inf	0.0000	0.0000	0.0000	0.0000	0.0000	0.0000	0.0000	0.0000	0.0000		
50	77	0.3010	8	1	1	1	0	0	0	0	0	N	N	N	N	N	N	N	N	N	N	N	N	0.0454	0.0068	inf	0.0361	0.0099	inf	inf	inf	inf	0.0102	0.0034	0.0610	0.0262	0.0072	0.2191	0.0010	0.0010	0.0010	0.2256	0.4944	0.0000	0.7251	0.7285	0.0000	0.0000	0.0000	0.0000	2.4545	0.0000	0.0001	-0.0002	0.9856	3.8334	2.8295	6.1787	0.0002	0.0001	0.0001	0.0002	0.0000	0.0001	0.0000	0.0000	0.0000	0.0004	0.0004	0.0000	0.0004	0.0004	0.0000	0.0000	0.0000	0.0000	0.0179	0.0158	0.0021	0.0066	0.0060	0.0006	0.0113	0.0098	0.0015	0.0233	0.0121	0.0112	0.0029	0.0028	0.0001	0.0204	0.0093	0.0111	0.6122	0.1043	inf	0.1958	0.0518	inf	inf	inf	inf	0.0167	0.0323	0.0000	0.1339	0.1393	0.0000	0.0000	0.0000	0.0000
50	78	0.2619	7	1	1	1	0	0	0	0	0	N	N	N	N	N	N	N	N	N	N	N	N	0.0000	0.0000	0.0160	0.0000	0.0000	inf	0.0000	inf	0.0002	0.0001	0.0000	0.0005	0.0002	0.0000	0.0028	0.0000	0.0000	0.0000	1.4623	2.3713	0.0283	6.7513	7.2186	0.0000	0.0686	0.0000	0.0250	10.2057	0.0047	0.0000	-0.0477	0.9856	16.9094	2.8295	5.8161	0.0000	0.0000	0.0000	0.0000	0.0000	0.0000	0.0000	0.0000	0.0000	0.0764	0.0761	0.0004	0.0761	0.0761	0.0000	0.0004	0.0000	0.0004	0.0738	0.0658	0.0080	0.0231	0.0218	0.0013	0.0507	0.0440	0.0067	0.0582	0.0321	0.0261	0.0113	0.0105	0.0007	0.0469	0.0215	0.0254	0.0000	0.0000	0.0328	0.0000	0.0000	inf	0.0003	inf	0.0004	1.3136	2.3713	0.0138	6.7513	7.2186	0.0000	0.0077	0.0000	0.0142
50	79	0.1876	7	1	2	1	0	0	0	0	0	N	Y	N	N	N	N	N	N	N	N	N	N	inf	inf	inf	inf	0.0113	0.0128	0.0000	0.0587	0.0620	0.0000	0.0000	0.0000	0.0000	0.0000	0.0000	0.0000	0.0000	0.0000	0.0000	0.0000	0.0000	0.0000	0.0000	-0.0003	0.0000	0.9856	23.9173	2.8295	17.8091	0.0011	0.0011	0.0000	0.0011	0.0011	0.0000	0.0000	0.0000	0.0000	0.0000	0.0000	0.0000	0.0000	0.0000	0.0000	0.0000	0.0000	0.0000	0.0946	0.0833	0.0113	0.0182	0.0173	0.0010	0.0764	0.0660	0.0104	0.0859	0.0463	0.0396	0.0100	0.0088	0.0012	0.0759	0.0375	0.0383	inf	inf	0.0000	inf	inf	0.0000	0.0000	0.0000	0.0000	0.0000	0.0000	0.0000	0.0000	0.0000	0.0000	0.0000	0.0000	0.0000						
50	80	0.1715	6	1	2	1	0	0	0	0	0	N	Y	N	N	N	N	N	N	N	N	N	N	inf	inf	inf	inf	0.0000	0.0000	0.0000	0.0000	0.0000	0.0000	0.0000	0.0000	0.0000	0.0000	0.0000	0.0000	0.0000	0.0000	0.0000	0.0000	0.0000	0.0000	0.0000	-0.0000	0.0000	0.9856	6.1279	2.8295	3.6878	0.0000	0.0000	0.0000	0.0000	0.0000	0.0000	0.0000	0.0000	0.0000	0.0000	0.0000	0.0000	0.0000	0.0000	0.0000	0.0000	0.0000	0.0000	0.0249	0.0219	0.0031	0.0044	0.0041	0.0002	0.0206	0.0177	0.0028	0.0258	0.0154	0.0103	0.0043	0.0041	0.0003	0.0215	0.0114	0.0101	inf	inf	0.0000	inf	inf	0.0000	0.0000	0.0000	0.0000	0.0000	0.0000	0.0000	0.0000	0.0000	0.0000	0.0000	0.0000	0.0000						
50	81	0.1342	6	2	1	2	0	0	0	0	0	Y	N	Y	N	N	N	N	N	N	N	N	N	1496108.7300	inf	1016024.7610	inf	inf	inf	1408107.9502	inf	109528.5091	0.1006	0.0957	0.1364	0.0969	0.0259	1.3567	0.1016	0.1154	0.0149	0.0000	0.0000	0.0000	0.0000	0.0000	0.0000	0.0000	0.0000	0.0000	0.1950	inf	-0.0013	0.0000	0.9856	27.2690	2.8295	12.3406	0.0108	0.0090	0.0018	0.0021	0.0005	0.0016	0.0087	0.0085	0.0002	0.0000	0.0000	0.0000	0.0000	0.0000	0.0000	0.0000	0.0000	0.0000	0.1073	0.0944	0.0129	0.0220	0.0208	0.0012	0.0854	0.0736	0.0118	0.0803	0.0400	0.0402	0.0054	0.0050	0.0004	0.0748	0.0351	0.0398	1496108.7300	inf	1016024.7610	inf	inf	inf	1408107.9502	inf	109528.5091	0.0000	0.0000	0.0000	0.0000	0.0000	0.0000	0.0000	0.0000	0.0000
50	82	0.1189	5	1	1	1	0	0	0	0	0	N	N	N	N	N	N	N	N	N	N	N	N	inf	inf	inf	inf	inf	inf	inf	inf	inf	0.0948	0.0078	0.7686	0.0390	0.0255	0.2908	0.1171	0.0000	0.8380	0.0000	0.0000	0.0000	0.0000	0.0000	0.0000	0.0000	0.0000	0.0000	12.7114	0.0027	-0.0000	0.9856	9.0798	2.8295	0.9519	0.0042	0.0003	0.0039	0.0005	0.0003	0.0002	0.0037	0.0000	0.0037	0.0000	0.0000	0.0000	0.0000	0.0000	0.0000	0.0000	0.0000	0.0000	0.0443	0.0393	0.0051	0.0126	0.0120	0.0006	0.0317	0.0273	0.0044	0.0207	0.0100	0.0107	0.0008	0.0007	0.0001	0.0199	0.0093	0.0106	inf	inf	inf	inf	inf	inf	inf	inf	inf	0.0000	0.0000	0.0000	0.0000	0.0000	0.0000	0.0000	0.0000	0.0000	
50	83	0.1715	6	1	2	1	0	0	0	0	0	N	Y	N	N	N	N	N	N	N	N	N	N	0.0000	0.0000	0.0000	0.0000	0.0000	0.0000	0.0000	0.0000	0.0000	0.0000	0.0000	0.0000	0.0000	0.0000	0.0000	0.0000	0.0000	0.0000	0.0000	0.0000	0.9856	21.0000	2.8295	14.4214	0.0000	0.0000	0.0000	0.0000	0.0000	0.0000	0.0000	0.0000	0.0000	0.0000	0.0000	0.0000	0.0000	0.0000	0.0000	0.0000	0.0000	0.0000	0.0823	0.0724	0.0100	0.0143	0.0136	0.0007	0.0680	0.0588	0.0093	0.0743	0.0403	0.0340	0.0078	0.0069	0.0009	0.0665	0.0333	0.0331	0.0000	0.0000	0.0000	0.0000	0.0000	0.0000	0.0000	0.0000	0.0000	0.0000	0.0000	0.0000	0.0000	0.0000	0.0000	0.0000	0.0000	0.0000											
50	84	0.2292	10	1	1	2	0	0	0	0	0	N	N	Y	N	N	N	N	N	N	N	N	N	inf	inf	inf	inf	inf	inf	0.0210	0.0237	0.0000	0.0744	0.0791	0.0000	0.0003	0.0004	0.0000	0.0000	0.0000	0.0000	0.0000	0.0000	0.0000	0.0000	0.0000	0.0000	0.0000	-0.0005	0.0000	0.9856	20.4085	2.8295	11.0867	0.0018	0.0018	0.0000	0.0017	0.0017	0.0000	0.0000	0.0000	0.0000	0.0000	0.0000	0.0000	0.0000	0.0000	0.0000	0.0000	0.0000	0.0000	0.0843	0.0747	0.0096	0.0235	0.0221	0.0014	0.0608	0.0525	0.0083	0.0594	0.0316	0.0277	0.0093	0.0077	0.0016	0.0501	0.0239	0.0262	inf	inf	0.0000	inf	inf	0.0000	inf	inf	0.0000	0.0000	0.0000	0.0000	0.0000	0.0000	0.0000	0.0000	0.0000	0.0000				
50	85	0.2254	9	1	1	2	0	0	0	0	0	N	N	Y	N	N	N	N	N	N	N	N	N	inf	inf	inf	inf	inf	inf	0.0000	0.0000	0.0000	0.0000	0.0000	0.0000	0.0000	0.0000	0.0000	0.0000	0.0000	0.0000	0.0000	0.0000	0.0000	0.0000	0.0000	0.0000	0.0000	-0.0000	0.0000	0.9856	3.1287	2.8295	1.1816	0.0000	0.0000	0.0000	0.0000	0.0000	0.0000	0.0000	0.0000	0.0000	0.0000	0.0000	0.0000	0.0000	0.0000	0.0000	0.0000	0.0000	0.0000	0.0191	0.0170	0.0021	0.0079	0.0074	0.0006	0.0111	0.0096	0.0015	0.0097	0.0055	0.0042	0.0020	0.0017	0.0002	0.0078	0.0038	0.0040	inf	inf	0.0000	inf	inf	0.0000	inf	inf	0.0000	0.0000	0.0000	0.0000	0.0000	0.0000	0.0000	0.0000	0.0000	0.0000				
50	86	0.2185	8	1	1	1	0	0	0	0	0	N	N	N	N	N	N	N	N	N	N	N	N	0.0000	0.0000	0.0000	0.0000	0.0000	0.0000	0.0000	0.0000	0.0000	0.0000	0.0000	0.0000	0.0000	0.0000	0.0000	0.0000	0.0000	0.0000	0.0000	0.0000	0.9856	4.0532	2.8295	2.2470	0.0000	0.0000	0.0000	0.0000	0.0000	0.0000	0.0000	0.0000	0.0000	0.0000	0.0000	0.0000	0.0000	0.0000	0.0000	0.0000	0.0000	0.0000	0.0207	0.0183	0.0023	0.0074	0.0069	0.0006	0.0132	0.0115	0.0017	0.0146	0.0083	0.0064	0.0029	0.0026	0.0004	0.0117	0.0057	0.0060	0.0000	0.0000	0.0000	0.0000	0.0000	0.0000	0.0000	0.0000	0.0000	0.0000	0.0000	0.0000	0.0000	0.0000	0.0000	0.0000	0.0000	0.0000											
50	87	0.1954	7	1	1	1	0	0	0	0	0	N	N	N	N	N	N	N	N	N	N	N	N	inf	inf	inf	inf	0.0001	0.0002	0.0000	0.0004	0.0004	0.0000	0.0000	0.0000	0.0000	0.0000	0.0000	0.0000	0.0000	0.0000	0.0000	0.0000	0.0000	0.0000	0.0000	-0.0000	0.0000	0.9856	4.7288	2.8295	9.8540	0.0000	0.0000	0.0000	0.0000	0.0000	0.0000	0.0000	0.0000	0.0000	0.0000	0.0000	0.0000	0.0000	0.0000	0.0000	0.0000	0.0000	0.0000	0.0293	0.0254	0.0039	0.0114	0.0103	0.0011	0.0179	0.0151	0.0028	0.0390	0.0235	0.0155	0.0087	0.0080	0.0006	0.0303	0.0155	0.0148	inf	inf	0.0000	inf	inf	0.0000	0.0000	0.0000	0.0000	0.0000	0.0000	0.0000	0.0000	0.0000	0.0000	0.0000	0.0000	0.0000						
50	88	0.1715	6	1	1	1	0	0	0	0	0	N	N	N	N	N	N	N	N	N	N	N	N	inf	inf	inf	inf	inf	inf	inf	inf	0.0001	0.0000	0.0010	0.0000	0.0000	0.0000	0.0001	0.0000	0.0010	0.0000	0.0000	0.0000	0.0000	0.0000	0.0000	0.0000	0.0000	0.0000	49.0000	0.0000	0.0000	0.9856	8.6320	2.8295	7.0881	0.0000	0.0000	0.0000	0.0000	0.0000	0.0000	0.0000	0.0000	0.0000	0.0000	0.0000	0.0000	0.0000	0.0000	0.0000	0.0000	0.0000	0.0000	0.0349	0.0306	0.0043	0.0061	0.0058	0.0003	0.0288	0.0248	0.0040	0.0375	0.0214	0.0161	0.0052	0.0048	0.0004	0.0323	0.0166	0.0156	inf	inf	inf	inf	0.0000	inf	inf	inf	inf	0.0000	0.0000	0.0000	0.0000	0.0000	0.0000	0.0000	0.0000	0.0000		
50	89	0.2393	8	1	2	1	0	0	0	0	0	N	Y	N	N	N	N	N	N	N	N	N	N	2053717.4701	1127863.1096	inf	inf	inf	inf	0.0000	0.0000	14.2955	16.1577	0.0000	50.3311	52.9963	0.0001	0.0000	0.0000	0.0000	0.0000	0.0000	0.0000	0.0000	0.0000	0.0000	0.0000	0.0012	0.0000	0.0000	0.0000	-0.2785	-0.0000	0.9856	15.4622	2.8295	5.2688	0.9700	0.9700	0.0000	0.9700	0.9700	0.0000	0.0000	0.0000	0.0000	0.0000	0.0000	0.0000	0.0000	0.0000	0.0000	0.0000	0.0000	0.0000	0.0679	0.0600	0.0078	0.0193	0.0183	0.0010	0.0486	0.0417	0.0069	0.0414	0.0225	0.0189	0.0052	0.0046	0.0006	0.0363	0.0179	0.0184	2053717.4701	1259989.5043	inf	inf	inf	inf	0.0000	0.0000	0.0000	0.0000	0.0000	0.0000	0.0000	0.0000	0.0000	0.0000	0.0000	0.0000	
50	90	0.2275	7	1	1	1	0	0	0	0	0	N	N	N	N	N	N	N	N	N	N	N	N	817.3943	473.0735	inf	5024.9043	4744.1743	inf	6.0931	0.0000	inf	0.1003	0.1108	0.0148	0.3326	0.3498	0.0038	0.0022	0.0000	0.0165	0.0001	0.0002	0.0000	0.0001	0.0001	0.0000	0.0004	0.0069	0.0000	0.0164	0.0000	-0.0010	-0.0000	0.9856	7.5917	2.8295	1.5198	0.0037	0.0037	0.0001	0.0037	0.0037	0.0000	0.0001	0.0000	0.0001	0.0000	0.0000	0.0000	0.0000	0.0000	0.0000	0.0000	0.0000	0.0000	0.0372	0.0331	0.0041	0.0110	0.0105	0.0005	0.0262	0.0226	0.0035	0.0228	0.0134	0.0095	0.0047	0.0042	0.0005	0.0182	0.0092	0.0090	817.3943	529.0095	inf	5024.9043	4744.1743	inf	16.2192	0.0009	inf	0.0001	0.0002	0.0000	0.0001	0.0001	0.0000	0.0001	0.0003	0.0000
50	95	0.1715	6	1	2	1	1	0	0	0	0	N	Y	N	N	N	N	N	N	N	N	N	N	0.0000	0.0000	0.0000	0.0000	0.0000	0.0000	0.0000	0.0000	0.0000	0.0000	0.0000	0.0000	0.0000	0.0000	0.0000	0.0000	0.0000	0.0000	0.0000	0.0000	0.9856	24.0032	2.8295	22.6134	0.0000	0.0000	0.0000	0.0000	0.0000	0.0000	0.0000	0.0000	0.0000	0.0000	0.0000	0.0000	0.0000	0.0000	0.0000	0.0000	0.0000	0.0000	0.0934	0.0821	0.0113	0.0163	0.0154	0.0008	0.0772	0.0667	0.0105	0.0938	0.0503	0.0435	0.0092	0.0081	0.0011	0.0846	0.0423	0.0423	0.0000	0.0000	0.0000	0.0000	0.0000	0.0000	0.0000	0.0000	0.0000	0.0000	0.0000	0.0000	0.0000	0.0000	0.0000	0.0000	0.0000	0.0000											
50	96	0.5889	10	1	2	1	0	0	0	0	0	N	Y	N	N	N	N	N	N	N	N	N	N	0.0000	0.0000	0.0000	0.0000	0.0000	0.0000	0.0000	0.0000	0.0000	0.0000	0.0000	0.0000	0.0000	0.0000	0.0000	0.0000	0.0002	0.0000	0.0005	0.0000	0.0000	0.0000	0.0008	0.0000	0.0006	42.1663	0.0000	0.0000	0.9856	18.5150	2.8295	10.2301	0.0000	0.0000	0.0000	0.0000	0.0000	0.0000	0.0000	0.0000	0.0000	0.0000	0.0000	0.0000	0.0000	0.0000	0.0000	0.0000	0.0000	0.0000	0.0761	0.0683	0.0077	0.0312	0.0296	0.0017	0.0448	0.0388	0.0061	0.0534	0.0337	0.0197	0.0170	0.0153	0.0017	0.0364	0.0184	0.0180	0.0000	0.0000	0.0000	0.0000	0.0000	0.0000	0.0000	0.0000	0.0000	0.0002	0.0000	0.0005	0.0000	0.0000	0.0000	0.0003	0.0000	0.0006			
50	97	0.1424	5	1	2	1	0	0	0	0	0	N	Y	N	N	N	N	N	N	N	N	N	N	inf	inf	inf	inf	inf	inf	0.0007	0.0008	0.0000	0.0013	0.0014	0.0000	0.0006	0.0007	0.0000	0.0000	0.0000	0.0000	0.0000	0.0000	0.0000	0.0000	0.0000	0.0000	0.0000	-0.0000	0.0000	0.9856	46.1140	2.8295	26.4917	0.0001	0.0001	0.0000	0.0000	0.0000	0.0000	0.0001	0.0001	0.0000	0.0000	0.0000	0.0000	0.0000	0.0000	0.0000	0.0000	0.0000	0.0000	0.1734	0.1530	0.0204	0.0302	0.0287	0.0015	0.1432	0.1242	0.0190	0.1353	0.0678	0.0675	0.0073	0.0062	0.0010	0.1280	0.0615	0.0665	inf	inf	0.0000	inf	inf	0.0000	inf	inf	0.0000	0.0000	0.0000	0.0000	0.0000	0.0000	0.0000	0.0000	0.0000	0.0000				
50	98	0.6418	12	1	2	1	0	0	0	0	0	N	Y	N	N	N	N	N	N	N	N	N	N	0.2423	1625.3240	0.0000	1549.1833	1404.2514	0.0000	0.0000	0.0001	0.0001	0.0000	0.0001	0.0001	0.0000	0.0000	0.0000	0.0000	0.0002	0.0000	0.0006	0.0000	0.0000	0.0000	0.0010	0.0000	0.0006	0.0000	9989.2000	-0.0000	0.0000	0.9856	20.7840	2.8295	8.9470	0.0000	0.0000	0.0000	0.0000	0.0000	0.0000	0.0000	0.0000	0.0000	0.0000	0.0000	0.0000	0.0000	0.0000	0.0000	0.0000	0.0000	0.0000	0.0800	0.0725	0.0075	0.0355	0.0339	0.0016	0.0444	0.0386	0.0059	0.0432	0.0261	0.0172	0.0122	0.0105	0.0016	0.0311	0.0155	0.0155	0.2447	1625.3240	0.0000	1549.1833	1404.2514	0.0000	0.0000	0.0000	0.0000	0.0002	0.0000	0.0006	0.0000	0.0000	0.0000	0.0003	0.0000	0.0006		
50	99	0.6369	11	1	1	1	0	0	0	0	0	N	N	N	N	N	N	N	N	N	N	N	N	3.8485	10.9876	0.0098	27.6437	28.1389	inf	0.0196	inf	0.0003	0.0362	0.0400	0.0001	0.0560	0.0595	0.0002	0.0004	0.0005	0.0000	0.0094	0.0036	0.0084	0.0020	0.0021	0.0000	0.0217	0.0000	0.0073	0.0002	2.9578	-0.0003	0.0000	0.9856	2.7834	2.8295	1.0450	0.0012	0.0012	0.0000	0.0012	0.0012	0.0000	0.0000	0.0000	0.0000	0.0000	0.0000	0.0000	0.0000	0.0000	0.0000	0.0000	0.0000	0.0000	0.0324	0.0293	0.0030	0.0209	0.0196	0.0012	0.0115	0.0097	0.0018	0.0129	0.0074	0.0055	0.0051	0.0048	0.0002	0.0079	0.0026	0.0053	11.5301	28.8936	0.0150	27.6437	28.1389	inf	0.1101	inf	0.0004	0.0031	0.0014	0.0055	0.0020	0.0021	0.0000	0.0039	0.0000	0.0057
50	100	0.6269	10	1	1	1	0	0	0	0	0	N	N	N	N	N	N	N	N	N	N	N	N	16.4671	1010.2641	0.0195	1036.5761	1204.8507	1.6863	0.0238	inf	0.0000	0.0218	0.0241	0.0000	0.0372	0.0396	0.0001	0.0001	0.0001	0.0000	0.0013	0.0000	0.0018	0.0000	0.0000	0.0001	0.0047	0.0000	0.0021	0.0002	59.0428	-0.0004	0.0000	0.9856	7.6044	2.8295	2.7972	0.0013	0.0013	0.0000	0.0013	0.0013	0.0000	0.0000	0.0000	0.0000	0.0000	0.0000	0.0000	0.0000	0.0000	0.0000	0.0000	0.0000	0.0000	0.0587	0.0531	0.0056	0.0343	0.0322	0.0021	0.0244	0.0208	0.0035	0.0300	0.0181	0.0118	0.0125	0.0109	0.0017	0.0174	0.0073	0.0102	30.4547	1222.6528	0.0195	1036.5761	1204.8507	1.6863	0.0939	inf	0.0000	0.0007	0.0000	0.0018	0.0000	0.0000	0.0001	0.0012	0.0000	0.0021
50	101	0.5773	9	1	1	1	0	0	0	0	0	N	N	N	N	N	N	N	N	N	N	N	N	0.0672	54.9726	0.0006	77.3157	72.9466	16.1140	0.0008	0.5970	0.0000	0.0198	0.0221	0.0001	0.0480	0.0506	0.0005	0.0004	0.0004	0.0000	0.2950	0.0004	0.1912	0.0006	0.0007	0.0000	0.4522	0.0007	0.1719	0.0006	104.8454	-0.0004	0.0004	0.9856	18.4780	2.8295	12.4520	0.0015	0.0015	0.0000	0.0015	0.0015	0.0000	0.0000	0.0000	0.0000	0.0011	0.0000	0.0011	0.0000	0.0000	0.0000	0.0011	0.0000	0.0011	0.0780	0.0701	0.0079	0.0319	0.0302	0.0017	0.0461	0.0399	0.0062	0.0540	0.0329	0.0211	0.0163	0.0145	0.0018	0.0377	0.0184	0.0193	0.9975	71.5401	0.0023	77.3157	72.9466	16.1140	0.0132	85.6212	0.0000	0.0199	0.0003	0.0504	0.0006	0.0007	0.0000	0.0282	0.0000	0.0551
50	102	0.2855	9	1	2	1	0	0	0	0	0	N	Y	N	N	N	N	N	N	N	N	N	N	0.3419	0.0802	inf	0.3726	0.3339	inf	inf	inf	0.0097	0.0108	0.0002	0.0296	0.0307	0.0019	0.0002	0.0002	0.0000	0.0282	0.1342	0.0000	0.0794	0.0920	0.0000	0.0000	0.0000	0.0000	0.0025	0.0000	-0.0005	-0.0005	0.9856	34.1922	2.8295	22.4626	0.0017	0.0017	0.0000	0.0017	0.0017	0.0000	0.0000	0.0000	0.0000	0.0008	0.0008	0.0000	0.0008	0.0008	0.0000	0.0000	0.0000	0.0000	0.1810	0.1620	0.0190	0.0584	0.0561	0.0023	0.1226	0.1058	0.0168	0.1249	0.0739	0.0510	0.0269	0.0242	0.0026	0.0980	0.0497	0.0483	1.4370	0.9482	inf	0.9474	0.8867	inf	inf	inf	0.0000	0.0067	0.0113	0.0000	0.0312	0.0346	0.0000	0.0000	0.0000	0.0000	
50	103	0.2377	8	1	2	1	0	0	0	0	0	N	Y	N	N	N	N	N	N	N	N	N	N	0.0030	1.2427	0.0001	1.4060	1.3315	inf	0.0000	0.0363	0.0000	0.0003	0.0003	0.0000	0.0011	0.0012	0.0001	0.0000	0.0000	0.0000	0.1037	0.0003	0.0582	0.0008	0.0009	0.0000	0.1921	0.0001	0.0506	0.0030	83.9664	-0.0000	0.0003	0.9856	22.5884	2.8295	11.0115	0.0000	0.0000	0.0000	0.0000	0.0000	0.0000	0.0000	0.0000	0.0000	0.0008	0.0000	0.0008	0.0000	0.0000	0.0000	0.0008	0.0000	0.0008	0.1074	0.0951	0.0123	0.0297	0.0282	0.0014	0.0777	0.0669	0.0108	0.0756	0.0419	0.0337	0.0127	0.0115	0.0012	0.0629	0.0304	0.0325	0.0274	1.4528	0.0003	1.4060	1.3315	inf	0.0003	11.2305	0.0000	0.0112	0.0002	0.0249	0.0008	0.0009	0.0000	0.0134	0.0000	0.0258
50	104	0.2076	7	1	1	1	0	0	0	0	0	N	N	N	N	N	N	N	N	N	N	N	N	0.0610	inf	0.0000	inf	inf	0.0003	inf	0.0000	0.0000	0.0000	0.0000	0.0000	0.0001	0.0000	0.0000	0.0000	0.0000	0.0002	0.0000	0.0005	0.0000	0.0000	0.0000	0.0007	0.0000	0.0005	0.0000	inf	-0.0000	0.0000	0.9856	11.8100	2.8295	8.7888	0.0000	0.0000	0.0000	0.0000	0.0000	0.0000	0.0000	0.0000	0.0000	0.0000	0.0000	0.0000	0.0000	0.0000	0.0000	0.0000	0.0000	0.0000	0.0565	0.0501	0.0064	0.0152	0.0145	0.0007	0.0413	0.0356	0.0057	0.0458	0.0250	0.0208	0.0064	0.0057	0.0007	0.0394	0.0193	0.0202	0.0612	inf	0.0000	inf	inf	0.0000	0.0008	inf	0.0000	0.0002	0.0000	0.0005	0.0000	0.0000	0.0000	0.0003	0.0000	0.0005	
50	105	0.1715	6	1	1	1	0	0	0	0	0	N	N	N	N	N	N	N	N	N	N	N	N	0.0000	0.0000	0.0000	0.0000	0.0000	0.0000	0.0000	0.0000	0.0000	0.0000	0.0000	0.0000	0.0000	0.0000	0.0000	0.0000	0.0000	0.0000	0.0000	0.0000	0.9856	14.7392	2.8295	7.3617	0.0000	0.0000	0.0000	0.0000	0.0000	0.0000	0.0000	0.0000	0.0000	0.0000	0.0000	0.0000	0.0000	0.0000	0.0000	0.0000	0.0000	0.0000	0.0587	0.0515	0.0072	0.0102	0.0097	0.0005	0.0485	0.0418	0.0066	0.0497	0.0277	0.0220	0.0061	0.0055	0.0006	0.0437	0.0222	0.0215	0.0000	0.0000	0.0000	0.0000	0.0000	0.0000	0.0000	0.0000	0.0000	0.0000	0.0000	0.0000	0.0000	0.0000	0.0000	0.0000	0.0000	0.0000											
50	106	0.1189	5	1	2	1	0	0	0	0	0	N	Y	N	N	N	N	N	N	N	N	N	N	inf	inf	inf	inf	inf	inf	11.3106	12.8039	0.0000	46.9548	49.4587	0.0000	0.0003	0.0003	0.0000	0.0000	0.0000	0.0000	0.0000	0.0000	0.0000	0.0000	0.0000	0.0000	0.0000	-0.2790	0.0000	0.9856	20.0414	2.8295	7.0324	0.9717	0.9717	0.0000	0.9717	0.9717	0.0000	0.0000	0.0000	0.0000	0.0000	0.0000	0.0000	0.0000	0.0000	0.0000	0.0000	0.0000	0.0000	0.0859	0.0759	0.0100	0.0207	0.0196	0.0010	0.0652	0.0562	0.0090	0.0534	0.0258	0.0276	0.0018	0.0016	0.0003	0.0516	0.0243	0.0273	inf	inf	0.0000	inf	inf	0.0000	inf	inf	0.0000	0.0000	0.0000	0.0000	0.0000	0.0000	0.0000	0.0000	0.0000	0.0000				
50	107	0.1088	4	1	1	1	0	0	0	0	0	N	N	N	N	N	N	N	N	N	N	N	N	inf	inf	inf	inf	inf	inf	inf	inf	inf	0.1770	0.1049	0.7587	0.3210	0.3217	0.3035	0.1153	0.0009	0.8112	0.0000	0.0000	0.0000	0.0000	0.0000	0.0000	0.0000	0.0000	0.0000	0.8960	0.0014	-0.0000	0.9856	7.0315	2.8295	1.2144	0.0073	0.0038	0.0034	0.0040	0.0038	0.0001	0.0033	0.0000	0.0033	0.0000	0.0000	0.0000	0.0000	0.0000	0.0000	0.0000	0.0000	0.0000	0.0412	0.0366	0.0045	0.0123	0.0119	0.0005	0.0288	0.0248	0.0041	0.0175	0.0084	0.0091	0.0007	0.0006	0.0001	0.0168	0.0078	0.0090	inf	inf	inf	inf	inf	inf	inf	inf	inf	0.0000	0.0000	0.0000	0.0000	0.0000	0.0000	0.0000	0.0000	0.0000	
50	109	0.2534	8	1	2	1	0	0	0	0	0	N	Y	N	N	N	N	N	N	N	N	N	N	6.2568	3.6259	2.6755	2.5398	27.8187	0.1242	0.0006	0.0007	0.0000	0.0020	0.0021	0.0000	0.0001	0.0001	0.0000	0.0001	0.0002	0.0000	0.0008	0.0008	0.0000	0.0000	0.0008	0.0000	0.0000	0.0000	-0.0000	-0.0000	0.9856	40.5309	2.8295	14.7974	0.0001	0.0001	0.0000	0.0001	0.0001	0.0000	0.0000	0.0000	0.0000	0.0000	0.0000	0.0000	0.0000	0.0000	0.0000	0.0000	0.0000	0.0000	0.1593	0.1416	0.0177	0.0427	0.0404	0.0023	0.1166	0.1011	0.0155	0.1057	0.0571	0.0486	0.0131	0.0118	0.0013	0.0926	0.0453	0.0473	6.2568	3.8033	0.0000	2.6755	2.5398	0.0000	27.8187	15.6924	0.0000	0.0001	0.0002	0.0000	0.0008	0.0008	0.0000	0.0000	0.0000	0.0000			
50	110	0.2275	7	1	2	1	0	0	0	0	0	N	Y	N	N	N	N	N	N	N	N	N	N	41.3736	144.3037	17.3988	1201.6306	1159.2214	9.1347	1.3367	0.0036	18.9793	0.0184	0.0194	0.0105	0.0646	0.0680	0.0001	0.0016	0.0000	0.0119	0.0004	0.0001	0.0006	0.0001	0.0001	0.0000	0.0012	0.0044	0.0006	0.0683	3.5710	-0.0002	0.0000	0.9856	13.5236	2.8295	3.5331	0.0011	0.0010	0.0001	0.0010	0.0010	0.0000	0.0001	0.0000	0.0001	0.0000	0.0000	0.0000	0.0000	0.0000	0.0000	0.0000	0.0000	0.0000	0.0600	0.0532	0.0067	0.0160	0.0152	0.0008	0.0440	0.0380	0.0059	0.0377	0.0211	0.0166	0.0059	0.0053	0.0007	0.0318	0.0158	0.0159	54.2768	146.4280	17.3988	1201.6306	1159.2214	9.1347	4.1207	0.1010	18.9793	0.0003	0.0001	0.0006	0.0001	0.0001	0.0000	0.0004	0.0002	0.0006
50	111	0.1715	6	1	1	1	0	0	0	0	0	N	N	N	N	N	N	N	N	N	N	N	N	0.0400	0.0187	0.0000	inf	inf	0.0000	0.0000	0.0000	0.0073	0.0083	0.0000	0.0420	0.0442	0.0000	0.0000	0.0000	0.0000	0.1829	0.4440	0.0000	0.0000	0.0000	0.0000	0.2513	0.9353	0.0000	0.0000	0.0000	-0.0001	-0.0006	0.9856	16.9399	2.8295	15.9768	0.0005	0.0005	0.0000	0.0005	0.0005	0.0000	0.0000	0.0000	0.0000	0.0010	0.0010	0.0000	0.0000	0.0000	0.0000	0.0010	0.0010	0.0000	0.0671	0.0589	0.0082	0.0117	0.0111	0.0006	0.0554	0.0478	0.0076	0.0698	0.0380	0.0318	0.0075	0.0067	0.0008	0.0623	0.0313	0.0310	0.4963	0.3075	0.0000	inf	inf	0.0000	0.0000	0.0000	0.0000	0.0147	0.0271	0.0000	0.0000	0.0000	0.0000	0.0165	0.0328	0.0000	
50	112	0.2177	8	2	2	1	1	0	0	0	0	Y	Y	N	N	N	N	N	N	N	N	N	N	inf	inf	inf	inf	0.4185	0.4887	0.0000	1.0333	1.0443	0.0000	0.0000	0.0000	0.0000	0.0000	0.0000	0.0000	0.0000	0.0000	0.0000	0.0000	0.0000	0.0000	0.0000	-0.0000	0.0000	0.9856	0.0019	2.8295	1.9928	0.0000	0.0000	0.0000	0.0000	0.0000	0.0000	0.0000	0.0000	0.0000	0.0000	0.0000	0.0000	0.0000	0.0000	0.0000	0.0000	0.0000	0.0000	0.0000	0.0000	0.0000	0.0000	0.0000	0.0000	0.0000	0.0000	0.0000	0.0040	0.0021	0.0019	0.0006	0.0005	0.0001	0.0034	0.0016	0.0018	inf	inf	0.0000	inf	inf	0.0000	0.0000	0.0000	0.0000	0.0000	0.0000	0.0000	0.0000	0.0000	0.0000	0.0000	0.0000	0.0000						
50	113	0.1941	7	2	2	1	1	0	0	0	0	Y	Y	N	N	N	N	N	N	N	N	N	N	32.7656	inf	0.0000	inf	inf	0.0000	0.0000	23.9732	27.5128	0.0000	94.7726	98.4856	0.0000	0.0000	0.0000	0.0000	0.7317	0.0000	1.4180	0.0000	0.0000	0.0000	0.8678	0.0000	1.3517	0.0000	inf	-0.2790	0.0010	0.9856	8.6942	2.8295	6.0502	0.9718	0.9718	0.0000	0.9718	0.9718	0.0000	0.0000	0.0000	0.0000	0.0028	0.0000	0.0028	0.0000	0.0000	0.0000	0.0028	0.0000	0.0028	0.0405	0.0353	0.0052	0.0103	0.0099	0.0004	0.0303	0.0255	0.0048	0.0305	0.0155	0.0150	0.0033	0.0028	0.0005	0.0272	0.0126	0.0145	264.3178	inf	0.0000	inf	inf	0.0000	0.0000	0.0000	0.0000	0.0907	0.0000	0.1840	0.0000	0.0000	0.0000	0.1018	0.0000	0.1902		
50	114	0.2152	11	1	2	1	1	0	0	0	0	N	Y	N	N	N	N	N	N	N	N	N	N	0.0000	0.0000	0.0000	0.0000	0.0000	0.0000	0.0000	0.0000	0.0000	0.0000	0.0000	0.0000	0.0000	0.0000	0.0000	0.0000	0.0000	0.0000	0.0000	0.0000	0.9856	0.0001	2.8295	0.0001	0.0000	0.0000	0.0000	0.0000	0.0000	0.0000	0.0000	0.0000	0.0000	0.0000	0.0000	0.0000	0.0000	0.0000	0.0000	0.0000	0.0000	0.0000	0.0000	0.0000	0.0000	0.0000	0.0000	0.0000	0.0000	0.0000	0.0000	0.0000	0.0000	0.0000	0.0000	0.0000	0.0000	0.0000	0.0000	0.0000	0.0000	0.0000	0.0000	0.0000	0.0000	0.0000	0.0000	0.0000	0.0000	0.0000	0.0000	0.0000	0.0000	0.0000	0.0000	0.0000	0.0000	0.0000											
50	115	0.2085	10	1	2	1	1	0	0	0	0	N	Y	N	N	N	N	N	N	N	N	N	N	0.0000	0.0000	0.0000	0.0000	0.0000	0.0000	0.0000	0.0000	0.0000	0.0000	0.0000	0.0000	0.0000	0.0000	0.0000	0.0000	0.0000	0.0000	0.0000	0.0000	0.9856	3.0007	2.8295	1.0012	0.0000	0.0000	0.0000	0.0000	0.0000	0.0000	0.0000	0.0000	0.0000	0.0000	0.0000	0.0000	0.0000	0.0000	0.0000	0.0000	0.0000	0.0000	0.0123	0.0109	0.0014	0.0028	0.0027	0.0001	0.0094	0.0082	0.0013	0.0080	0.0040	0.0040	0.0008	0.0006	0.0001	0.0072	0.0033	0.0039	0.0000	0.0000	0.0000	0.0000	0.0000	0.0000	0.0000	0.0000	0.0000	0.0000	0.0000	0.0000	0.0000	0.0000	0.0000	0.0000	0.0000	0.0000											
50	116	0.2066	9	1	1	1	1	0	0	0	0	N	N	N	N	N	N	N	N	N	N	N	N	0.0000	0.0000	0.0000	0.0000	0.0000	0.0000	0.0000	0.0000	0.0000	0.0000	0.0000	0.0000	0.0000	0.0000	0.0000	0.0000	0.0000	0.0000	0.0000	0.0000	0.9856	1.1177	2.8295	0.0023	0.0000	0.0000	0.0000	0.0000	0.0000	0.0000	0.0000	0.0000	0.0000	0.0000	0.0000	0.0000	0.0000	0.0000	0.0000	0.0000	0.0000	0.0000	0.0048	0.0043	0.0005	0.0013	0.0012	0.0001	0.0035	0.0031	0.0005	0.0022	0.0011	0.0011	0.0002	0.0002	0.0000	0.0020	0.0009	0.0011	0.0000	0.0000	0.0000	0.0000	0.0000	0.0000	0.0000	0.0000	0.0000	0.0000	0.0000	0.0000	0.0000	0.0000	0.0000	0.0000	0.0000	0.0000											
50	117	0.2619	7	1	2	1	0	0	0	0	0	N	Y	N	N	N	N	N	N	N	N	N	N	0.0000	inf	0.0000	inf	inf	0.0000	inf	0.0000	0.0001	0.0001	0.0000	0.0003	0.0003	0.0000	0.0000	0.0000	0.0000	8.4410	0.0000	27.2356	0.0000	0.0000	0.0000	9.6067	0.0000	28.9091	0.0000	inf	-0.0000	0.3430	0.9856	31.2782	2.8295	23.9277	0.0000	0.0000	0.0000	0.0000	0.0000	0.0000	0.0000	0.0000	0.0000	0.9228	0.0000	0.9228	0.0000	0.0000	0.0000	0.9228	0.0000	0.9228	0.1249	0.1113	0.0136	0.0368	0.0348	0.0020	0.0881	0.0765	0.0116	0.1093	0.0575	0.0518	0.0133	0.0122	0.0011	0.0961	0.0453	0.0507	0.0000	inf	0.0000	inf	inf	0.0000	0.0000	inf	0.0000	8.4410	0.0000	17.8025	0.0000	0.0000	0.0000	9.6067	0.0000	18.1897	
50	118	0.2066	9	1	1	2	1	0	0	0	0	N	N	Y	N	N	N	N	N	N	N	N	N	0.0000	0.0000	0.0000	0.0000	0.0000	0.0000	0.0000	0.0000	0.0000	0.0000	0.0000	0.0000	0.0000	0.0000	0.0000	0.0000	0.0000	0.0000	0.0000	0.0000	0.9856	3.8827	2.8295	2.9998	0.0000	0.0000	0.0000	0.0000	0.0000	0.0000	0.0000	0.0000	0.0000	0.0000	0.0000	0.0000	0.0000	0.0000	0.0000	0.0000	0.0000	0.0000	0.0161	0.0142	0.0018	0.0039	0.0037	0.0002	0.0122	0.0106	0.0016	0.0136	0.0068	0.0068	0.0013	0.0010	0.0002	0.0123	0.0057	0.0066	0.0000	0.0000	0.0000	0.0000	0.0000	0.0000	0.0000	0.0000	0.0000	0.0000	0.0000	0.0000	0.0000	0.0000	0.0000	0.0000	0.0000	0.0000											
50	119	0.2037	8	1	1	1	1	0	0	0	0	N	N	N	N	N	N	N	N	N	N	N	N	0.0011	inf	0.0000	inf	inf	0.0000	0.0000	0.0000	0.0000	0.0000	0.0000	0.0000	0.0000	0.0000	0.0000	0.0000	0.0045	0.0000	0.0041	0.0000	0.0000	0.0000	0.0086	0.0000	0.0037	0.0000	inf	-0.0000	0.0000	0.9856	2.8083	2.8295	0.0030	0.0000	0.0000	0.0000	0.0000	0.0000	0.0000	0.0000	0.0000	0.0000	0.0000	0.0000	0.0000	0.0000	0.0000	0.0000	0.0000	0.0000	0.0000	0.0143	0.0128	0.0015	0.0046	0.0044	0.0002	0.0097	0.0085	0.0013	0.0056	0.0028	0.0028	0.0005	0.0004	0.0001	0.0051	0.0024	0.0027	0.0028	inf	0.0000	inf	inf	0.0000	0.0000	0.0000	0.0000	0.0018	0.0000	0.0035	0.0000	0.0000	0.0000	0.0020	0.0000	0.0037		
50	120	0.2037	8	1	1	2	1	0	0	0	0	N	N	Y	N	N	N	N	N	N	N	N	N	49.1142	inf	0.0000	inf	inf	0.3359	inf	0.0000	0.0427	0.0481	0.0000	0.1633	0.1718	0.0000	0.0007	0.0008	0.0000	0.0009	0.0000	0.0010	0.0000	0.0000	0.0000	0.0019	0.0000	0.0011	0.0000	inf	-0.0005	0.0000	0.9856	9.6158	2.8295	0.0030	0.0018	0.0018	0.0000	0.0017	0.0017	0.0000	0.0000	0.0000	0.0000	0.0000	0.0000	0.0000	0.0000	0.0000	0.0000	0.0000	0.0000	0.0000	0.0414	0.0368	0.0046	0.0107	0.0102	0.0005	0.0307	0.0266	0.0041	0.0189	0.0094	0.0095	0.0018	0.0014	0.0003	0.0172	0.0080	0.0092	81.0284	inf	0.0000	inf	inf	0.0000	1.1194	inf	0.0000	0.0005	0.0000	0.0010	0.0000	0.0000	0.0000	0.0006	0.0000	0.0011	
50	121	0.1941	7	1	1	1	1	0	0	0	0	N	N	N	N	N	N	N	N	N	N	N	N	0.0920	0.0011	0.2359	0.0016	0.0014	0.1105	0.2524	0.0833	0.0000	0.6021	0.0000	0.0000	0.0000	0.1168	0.0000	0.6412	0.9052	0.0036	2.5518	0.0071	0.0084	0.0000	1.0572	0.0000	2.5403	24750.3174	277.7666	0.0014	0.0010	0.9856	4.2457	2.8295	2.0144	0.0019	0.0000	0.0019	0.0000	0.0000	0.0000	0.0019	0.0000	0.0019	0.0028	0.0000	0.0028	0.0000	0.0000	0.0000	0.0028	0.0000	0.0028	0.0230	0.0199	0.0032	0.0066	0.0064	0.0002	0.0164	0.0134	0.0030	0.0140	0.0072	0.0068	0.0019	0.0016	0.0002	0.0122	0.0056	0.0066	0.4204	0.0028	1.4797	0.0022	0.0020	0.0000	0.5134	0.0000	1.5261	0.1980	0.0014	0.4069	0.0054	0.0061	0.0000	0.2275	0.0000	0.4202		
50	122	0.1519	6	1	1	1	1	0	0	0	0	N	N	N	N	N	N	N	N	N	N	N	N	0.0018	342.1676	0.0000	143.3119	126.4792	0.0000	0.0000	0.0356	0.0407	0.0000	0.1537	0.1597	0.0000	0.0000	0.0000	0.0000	19.9654	0.0001	54.2326	0.0011	0.0013	0.0000	21.1129	0.0000	60.7745	0.0000	342507.4466	-0.0006	0.3698	0.9856	11.9190	2.8295	13.1740	0.0019	0.0019	0.0000	0.0019	0.0019	0.0000	0.0000	0.0000	0.0000	0.9951	0.0000	0.9951	0.0000	0.0000	0.0000	0.9951	0.0000	0.9951	0.0541	0.0474	0.0067	0.0125	0.0121	0.0005	0.0416	0.0353	0.0062	0.0498	0.0244	0.0254	0.0027	0.0023	0.0004	0.0471	0.0221	0.0250	0.0018	342.1676	0.0000	143.3119	126.4792	0.0000	0.0000	0.0000	0.0000	19.9654	0.0001	39.1790	0.0011	0.0013	0.0000	21.1129	0.0000	39.8180		
50	123	0.6371	12	1	1	2	1	0	0	0	0	N	N	Y	N	N	N	N	N	N	N	N	N	0.0000	0.0000	0.0000	0.0000	0.0000	0.0000	0.0000	0.0000	0.0000	0.0000	0.0000	0.0000	0.0000	0.0000	0.0000	0.0000	0.0000	0.0000	0.0000	0.0000	0.9856	12.8936	2.8295	4.1514	0.0000	0.0000	0.0000	0.0000	0.0000	0.0000	0.0000	0.0000	0.0000	0.0000	0.0000	0.0000	0.0000	0.0000	0.0000	0.0000	0.0000	0.0000	0.0543	0.0490	0.0053	0.0235	0.0223	0.0012	0.0308	0.0267	0.0041	0.0250	0.0151	0.0098	0.0075	0.0065	0.0010	0.0175	0.0087	0.0088	0.0000	0.0000	0.0000	0.0000	0.0000	0.0000	0.0000	0.0000	0.0000	0.0000	0.0000	0.0000	0.0000	0.0000	0.0000	0.0000	0.0000	0.0000											
50	124	0.1673	7	1	2	1	0	0	0	0	0	N	Y	N	N	N	N	N	N	N	N	N	N	0.1574	0.0593	0.0613	0.0528	0.0003	0.0003	0.0000	0.0013	0.0013	0.0000	0.0000	0.0000	0.0000	0.0018	0.0054	0.0000	0.0204	0.0248	0.0000	0.0000	0.0000	0.0000	0.0000	0.0000	-0.0000	-0.0000	0.9856	12.7386	2.8295	8.7370	0.0000	0.0000	0.0000	0.0000	0.0000	0.0000	0.0000	0.0000	0.0000	0.0000	0.0000	0.0000	0.0000	0.0000	0.0000	0.0000	0.0000	0.0000	0.0535	0.0474	0.0061	0.0121	0.0116	0.0006	0.0414	0.0358	0.0056	0.0440	0.0218	0.0222	0.0033	0.0029	0.0004	0.0406	0.0188	0.0218	0.3120	0.1744	0.0000	0.1039	0.0958	0.0000	0.0000	0.0000	0.0000	0.0009	0.0018	0.0000	0.0120	0.0137	0.0000	0.0000	0.0000	0.0000					
50	125	0.1519	6	1	2	1	0	0	0	0	0	N	Y	N	N	N	N	N	N	N	N	N	N	0.0006	0.0005	0.0000	0.0000	0.0000	0.0541	inf	0.0000	0.0004	0.0004	0.0000	0.0000	0.0000	0.0000	0.0005	0.0006	0.0000	0.5820	0.8437	0.0045	2.1643	2.2439	0.0000	0.0089	0.0000	0.0038	0.0000	0.0381	-0.0000	-0.0006	0.9856	8.6431	2.8295	1.4782	0.0000	0.0000	0.0000	0.0000	0.0000	0.0000	0.0000	0.0000	0.0000	0.0011	0.0010	0.0000	0.0010	0.0010	0.0000	0.0000	0.0000	0.0000	0.0416	0.0364	0.0052	0.0102	0.0099	0.0003	0.0314	0.0265	0.0049	0.0213	0.0105	0.0108	0.0014	0.0012	0.0002	0.0199	0.0093	0.0106	0.0072	0.0042	0.0000	0.0000	0.0000	0.0000	0.2400	inf	0.0000	0.0512	0.1003	0.0037	0.7618	0.8697	0.0000	0.0020	0.0000	0.0038	
50	126	0.1424	5	1	1	1	0	0	0	0	0	N	N	N	N	N	N	N	N	N	N	N	N	0.0000	inf	0.0000	inf	inf	0.0000	inf	0.0000	0.0000	0.0000	0.0000	0.0000	0.0000	0.0000	0.0000	0.0000	0.0000	0.6454	0.0000	1.0869	0.0000	0.0000	0.0000	0.7659	0.0000	0.9713	0.0000	inf	-0.0000	0.0004	0.9856	4.1618	2.8295	2.0491	0.0000	0.0000	0.0000	0.0000	0.0000	0.0000	0.0000	0.0000	0.0000	0.0010	0.0000	0.0010	0.0000	0.0000	0.0000	0.0010	0.0000	0.0010	0.0207	0.0184	0.0024	0.0048	0.0046	0.0002	0.0159	0.0137	0.0022	0.0166	0.0092	0.0074	0.0023	0.0022	0.0001	0.0142	0.0070	0.0073	0.0001	inf	0.0000	inf	inf	0.0000	0.0001	inf	0.0000	0.0633	0.0000	0.1425	0.0000	0.0000	0.0000	0.0736	0.0000	0.1445	
50	128	0.6493	13	2	2	1	0	0	0	0	0	Y	Y	N	N	N	N	N	N	N	N	N	N	0.0000	0.0000	0.0000	0.0000	0.0000	0.0000	0.0000	0.0000	0.0000	0.0000	0.0000	0.0000	0.0000	0.0000	0.0000	0.0000	0.0000	0.0000	0.0000	0.0000	0.9856	2.0107	2.8295	1.9995	0.0000	0.0000	0.0000	0.0000	0.0000	0.0000	0.0000	0.0000	0.0000	0.0000	0.0000	0.0000	0.0000	0.0000	0.0000	0.0000	0.0000	0.0000	0.0079	0.0071	0.0008	0.0034	0.0032	0.0002	0.0045	0.0038	0.0006	0.0057	0.0035	0.0022	0.0019	0.0016	0.0002	0.0038	0.0019	0.0019	0.0000	0.0000	0.0000	0.0000	0.0000	0.0000	0.0000	0.0000	0.0000	0.0000	0.0000	0.0000	0.0000	0.0000	0.0000	0.0000	0.0000	0.0000											
50	129	0.6371	12	2	2	1	0	0	0	0	0	Y	Y	N	N	N	N	N	N	N	N	N	N	0.0000	0.0000	0.0000	0.0000	0.0000	0.0000	0.0000	0.0000	0.0000	0.0000	0.0000	0.0000	0.0000	0.0000	0.0000	0.0000	0.0000	0.0000	0.0000	0.0000	0.9856	5.6459	2.8295	1.1399	0.0000	0.0000	0.0000	0.0000	0.0000	0.0000	0.0000	0.0000	0.0000	0.0000	0.0000	0.0000	0.0000	0.0000	0.0000	0.0000	0.0000	0.0000	0.0267	0.0243	0.0024	0.0122	0.0116	0.0006	0.0146	0.0127	0.0019	0.0103	0.0063	0.0040	0.0031	0.0027	0.0004	0.0072	0.0036	0.0036	0.0000	0.0000	0.0000	0.0000	0.0000	0.0000	0.0000	0.0000	0.0000	0.0000	0.0000	0.0000	0.0000	0.0000	0.0000	0.0000	0.0000	0.0000											
50	130	0.6068	11	1	1	1	0	0	0	0	0	N	N	N	N	N	N	N	N	N	N	N	N	3359.5625	2281.2302	2257.2816	2120.7502	inf	inf	0.0012	0.0013	0.0000	0.0025	0.0026	0.0000	0.0000	0.0000	0.0000	0.0000	0.0000	0.0000	0.0000	0.0000	0.0000	0.0000	0.0000	0.0000	0.0000	0.0000	-0.0000	-0.0000	0.9856	11.6079	2.8295	5.3766	0.0001	0.0001	0.0000	0.0001	0.0001	0.0000	0.0000	0.0000	0.0000	0.0000	0.0000	0.0000	0.0000	0.0000	0.0000	0.0000	0.0000	0.0000	0.0584	0.0525	0.0059	0.0275	0.0260	0.0015	0.0309	0.0265	0.0044	0.0298	0.0182	0.0116	0.0094	0.0084	0.0011	0.0203	0.0098	0.0105	3359.5625	2281.2302	0.0000	2257.2816	2120.7502	0.0000	inf	inf	0.0000	0.0000	0.0000	0.0000	0.0000	0.0000	0.0000	0.0000	0.0000	0.0000			
50	131	0.5889	10	1	1	1	0	0	0	0	0	N	N	N	N	N	N	N	N	N	N	N	N	3.6213	2.9767	10.3971	8.1605	7.3472	inf	0.5918	inf	6.0428	0.0071	0.0068	0.0099	0.0145	0.0141	0.0230	0.0009	0.0001	0.0063	0.0020	0.0023	0.0010	0.0018	0.0019	0.0000	0.0016	0.0000	0.0010	0.1553	0.4945	-0.0000	-0.0000	0.9856	3.9355	2.8295	8.7078	0.0001	0.0001	0.0000	0.0001	0.0001	0.0000	0.0000	0.0000	0.0000	0.0000	0.0000	0.0000	0.0000	0.0000	0.0000	0.0000	0.0000	0.0000	0.0207	0.0187	0.0020	0.0094	0.0089	0.0004	0.0114	0.0098	0.0016	0.0313	0.0209	0.0105	0.0113	0.0105	0.0008	0.0200	0.0103	0.0096	7.3473	6.9981	10.3971	8.1605	7.3472	inf	1.8925	inf	6.0428	0.0010	0.0010	0.0010	0.0018	0.0019	0.0000	0.0005	0.0000	0.0010
50	132	0.5773	9	1	1	1	0	0	0	0	0	N	N	N	N	N	N	N	N	N	N	N	N	0.4178	2.1040	0.0137	5.8299	5.5743	inf	0.0019	inf	0.0002	0.0044	0.0048	0.0002	0.0099	0.0104	0.0009	0.0001	0.0001	0.0000	0.0104	0.0023	0.0135	0.0017	0.0019	0.0000	0.0266	0.0000	0.0118	0.0041	4.4828	-0.0000	0.0000	0.9856	6.2657	2.8295	3.9760	0.0001	0.0001	0.0000	0.0001	0.0001	0.0000	0.0000	0.0000	0.0000	0.0001	0.0000	0.0001	0.0000	0.0000	0.0000	0.0001	0.0000	0.0001	0.0320	0.0289	0.0031	0.0140	0.0133	0.0006	0.0181	0.0156	0.0025	0.0252	0.0161	0.0091	0.0092	0.0084	0.0008	0.0160	0.0077	0.0084	1.2806	4.9405	0.0241	5.8299	5.5743	inf	0.0116	inf	0.0002	0.0034	0.0010	0.0077	0.0017	0.0019	0.0000	0.0044	0.0000	0.0084
50	133	0.5000	8	1	1	1	0	0	0	0	0	N	N	N	N	N	N	N	N	N	N	N	N	0.0134	3.4274	0.0018	10.5070	9.7645	inf	0.0000	0.0573	0.0000	0.0103	0.0111	0.0034	0.0271	0.0276	0.0176	0.0000	0.0000	0.0000	0.7738	0.0032	1.9001	0.0026	0.0028	0.0000	0.9634	0.0004	1.8769	0.0349	138.8825	-0.0003	0.0036	0.9856	26.7012	2.8295	18.2690	0.0012	0.0011	0.0000	0.0012	0.0011	0.0000	0.0000	0.0000	0.0000	0.0098	0.0001	0.0097	0.0001	0.0001	0.0000	0.0097	0.0000	0.0097	0.1130	0.1013	0.0117	0.0431	0.0408	0.0022	0.0700	0.0605	0.0094	0.0927	0.0551	0.0376	0.0271	0.0247	0.0024	0.0656	0.0304	0.0352	0.0979	8.7796	0.0131	10.5070	9.7645	inf	0.0001	12.5315	0.0000	0.1056	0.0013	0.2586	0.0026	0.0028	0.0000	0.1481	0.0000	0.2762
50	134	0.2619	7	1	1	1	0	0	0	0	0	N	N	N	N	N	N	N	N	N	N	N	N	0.0000	0.0050	0.0000	0.0050	0.0046	inf	0.0000	0.0644	0.0000	0.0002	0.0003	0.0000	0.0008	0.0008	0.0000	0.0000	0.0000	0.0000	4.8251	0.0507	16.0273	0.1560	0.1783	0.0000	5.2803	0.0002	17.6325	0.0018	1235.5911	-0.0000	0.3392	0.9856	61.4372	2.8295	55.8589	0.0001	0.0001	0.0000	0.0000	0.0000	0.0000	0.0000	0.0000	0.0000	0.9146	0.0007	0.9139	0.0007	0.0007	0.0000	0.9139	0.0000	0.9139	0.2218	0.1978	0.0240	0.0623	0.0589	0.0034	0.1596	0.1389	0.0207	0.1896	0.0983	0.0913	0.0165	0.0148	0.0017	0.1731	0.0835	0.0896	0.0000	0.0338	0.0000	0.0175	0.0165	inf	0.0000	19.4458	0.0000	4.8251	0.0075	10.0094	0.0449	0.0500	0.0000	5.2803	0.0000	10.1989
50	135	0.1715	6	1	1	1	0	0	0	0	0	N	N	N	N	N	N	N	N	N	N	N	N	0.0000	inf	0.0000	inf	inf	inf	0.0000	0.0000	0.0000	0.0000	0.0000	0.0000	0.0000	0.0000	0.0000	0.0000	0.0000	1.2039	0.0000	4.2289	0.0000	0.0000	0.0000	1.3839	0.0000	4.4313	9.8333	inf	0.0000	0.0283	0.9856	31.7621	2.8295	18.5886	0.0000	0.0000	0.0000	0.0000	0.0000	0.0000	0.0000	0.0000	0.0000	0.0761	0.0000	0.0761	0.0000	0.0000	0.0000	0.0761	0.0000	0.0761	0.1213	0.1068	0.0146	0.0211	0.0200	0.0011	0.1002	0.0867	0.0135	0.1001	0.0536	0.0465	0.0096	0.0084	0.0012	0.0905	0.0451	0.0453	0.0000	inf	0.0000	inf	inf	inf	0.0000	0.0000	0.0000	0.7602	0.0000	1.6358	0.0000	0.0000	0.0000	0.8412	0.0000	1.6794	
51	52	0.7858	13	1	2	0	1	0	0	0	0	N	Y	N	N	N	N	N	N	N	N	N	N	0.0148	0.0081	0.0000	0.0294	0.0256	0.0000	0.0002	0.0000	0.0000	0.0001	0.0001	0.0000	0.0001	0.0002	0.0000	0.0000	0.0000	0.0000	0.0050	0.0100	0.0002	0.0051	0.0062	0.0000	0.0006	0.0040	0.0003	0.0000	0.0462	-0.0000	-0.0000	13.3057	2.1073	8.6321	0.0711	0.0000	0.0000	0.0000	0.0000	0.0000	0.0000	0.0000	0.0000	0.0000	0.0000	0.0000	0.0000	0.0000	0.0000	0.0000	0.0000	0.0000	0.0000	0.1385	0.1253	0.0132	0.0680	0.0640	0.0040	0.0705	0.0613	0.0092	0.0218	0.0137	0.0081	0.0090	0.0080	0.0011	0.0127	0.0057	0.0070	0.0380	0.0277	0.0000	0.0343	0.0322	0.0000	0.0007	0.0012	0.0000	0.0019	0.0029	0.0002	0.0043	0.0049	0.0000	0.0002	0.0001	0.0003
51	53	0.7235	12	1	1	0	1	0	0	0	0	N	N	N	N	N	N	N	N	N	N	N	N	515.5158	366.8092	0.0000	1151.8532	1382.4338	0.0000	1.1149	0.0804	0.0000	0.7765	0.8578	0.0000	1.5614	1.6650	0.0000	0.0016	0.0019	0.0000	0.0015	0.0023	0.0004	0.0014	0.0012	0.0024	0.0015	0.0235	0.0002	0.0000	0.2701	-0.2874	-0.0001	13.3057	21.8329	8.6321	8.0592	1.0010	1.0010	0.0000	0.9999	0.9999	0.0000	0.0011	0.0011	0.0000	0.0002	0.0002	0.0000	0.0001	0.0001	0.0000	0.0001	0.0001	0.0000	1.2891	1.1669	0.1223	0.6404	0.6005	0.0398	0.6487	0.5663	0.0824	0.2467	0.1534	0.0933	0.0883	0.0772	0.0111	0.1584	0.0763	0.0821	986.8322	861.1390	0.0000	1151.8532	1382.4338	0.0000	3.5104	2.4051	0.0000	0.0008	0.0010	0.0004	0.0014	0.0012	0.0024	0.0005	0.0008	0.0002
51	54	0.2220	7	1	2	0	1	0	0	0	0	N	Y	N	N	N	N	N	N	N	N	N	N	0.0000	0.0000	0.0000	0.0000	0.0000	0.0000	0.0000	0.0000	0.0000	0.0000	0.0000	0.0000	0.0000	0.0000	0.0000	0.0000	0.0000	0.0000	0.0000	0.0000	13.3057	0.0000	8.6321	0.0000	0.0000	0.0000	0.0000	0.0000	0.0000	0.0000	0.0000	0.0000	0.0000	0.0000	0.0000	0.0000	0.0000	0.0000	0.0000	0.0000	0.0000	0.0000	0.0000	0.0000	0.0000	0.0000	0.0000	0.0000	0.0000	0.0000	0.0000	0.0000	0.0000	0.0000	0.0000	0.0000	0.0000	0.0000	0.0000	0.0000	0.0000	0.0000	0.0000	0.0000	0.0000	0.0000	0.0000	0.0000	0.0000	0.0000	0.0000	0.0000	0.0000	0.0000	0.0000	0.0000	0.0000	0.0000											
51	55	0.7235	12	1	1	0	1	0	0	0	0	N	N	N	N	N	N	N	N	N	N	N	N	0.5668	0.3219	1.1450	0.1092	0.0990	0.8803	112.6802	3.8509	0.2157	0.0019	0.0021	0.0000	0.0004	0.0004	0.0001	0.0039	0.0044	0.0000	0.0034	0.0065	0.0000	0.0037	0.0043	0.0001	0.0000	0.0012	0.0000	0.0014	0.0065	-0.0001	-0.0000	13.3057	1.2825	8.6321	0.1503	0.0002	0.0002	0.0000	0.0000	0.0000	0.0000	0.0002	0.0002	0.0000	0.0000	0.0000	0.0000	0.0000	0.0000	0.0000	0.0000	0.0000	0.0000	0.1071	0.0975	0.0096	0.0609	0.0569	0.0040	0.0462	0.0406	0.0056	0.0161	0.0105	0.0056	0.0064	0.0058	0.0006	0.0097	0.0047	0.0050	1.3545	0.9763	1.1450	0.1153	0.1107	0.8803	226.9296	315.9419	0.2157	0.0014	0.0021	0.0000	0.0035	0.0039	0.0001	0.0000	0.0000	0.0000
51	56	0.6825	11	1	1	0	1	0	0	0	0	N	N	N	N	N	N	N	N	N	N	N	N	1.4069	1.2071	0.0449	0.0006	0.0006	0.0452	2150.2068	182.5073	0.0058	0.9175	1.0145	0.0000	0.0005	0.0006	0.0000	1.8585	2.1494	0.0000	0.6521	0.8404	0.0002	0.8469	0.9065	0.0006	0.0009	0.0118	0.0001	0.0000	0.0011	-0.2864	-0.0104	13.3057	14.8542	8.6321	6.8183	0.9975	0.9975	0.0000	0.0003	0.0003	0.0000	0.9972	0.9972	0.0000	0.0165	0.0165	0.0000	0.0165	0.0165	0.0000	0.0000	0.0000	0.0000	1.0872	0.9833	0.1040	0.5507	0.5193	0.0314	0.5366	0.4639	0.0726	0.2537	0.1664	0.0873	0.1040	0.0920	0.0120	0.1497	0.0745	0.0753	14.0681	10.2163	0.0449	0.0033	0.0031	0.0452	6354.0748	4790.3749	0.0058	0.0652	0.0993	0.0002	0.1587	0.1794	0.0006	0.0003	0.0004	0.0001
51	57	0.6075	10	1	1	0	1	0	0	0	0	N	N	N	N	N	N	N	N	N	N	N	N	0.0047	0.0040	0.3048	0.0178	0.0170	0.0035	0.0034	0.0018	0.4294	0.0029	0.0032	0.0007	0.0034	0.0037	0.0000	0.0024	0.0026	0.0010	0.6071	0.7823	0.0022	0.1896	0.2166	0.0008	0.6875	1.4819	0.0024	0.0278	0.0158	-0.0019	-0.0149	13.3057	33.5853	8.6321	9.3450	0.0074	0.0072	0.0002	0.0043	0.0043	0.0000	0.0031	0.0029	0.0002	0.0243	0.0239	0.0004	0.0077	0.0077	0.0000	0.0165	0.0162	0.0004	2.5959	2.2981	0.2978	1.2788	1.1779	0.1009	1.3171	1.1202	0.1969	0.4423	0.2720	0.1703	0.1567	0.1394	0.0173	0.2856	0.1327	0.1530	0.0523	0.0359	0.3048	0.0685	0.0662	0.0035	0.0410	0.0214	0.4294	0.0549	0.0878	0.0022	0.0494	0.0555	0.0008	0.0578	0.1218	0.0024
51	58	0.5868	9	1	1	0	0	0	0	0	0	N	N	N	N	N	N	N	N	N	N	N	N	0.0048	0.0042	0.0350	0.0090	0.0091	0.0023	0.0022	0.0001	0.0441	0.0026	0.0028	0.0012	0.0048	0.0051	0.0000	0.0004	0.0001	0.0015	0.5330	0.6767	0.0340	0.5306	0.5646	0.0057	0.2056	0.6096	0.0338	0.0900	0.1776	-0.0009	-0.0042	13.3057	15.2419	8.6321	2.5705	0.0042	0.0039	0.0003	0.0038	0.0038	0.0000	0.0004	0.0000	0.0003	0.0087	0.0074	0.0013	0.0069	0.0068	0.0000	0.0019	0.0006	0.0013	1.6552	1.3623	0.2929	0.8059	0.7465	0.0594	0.8493	0.6158	0.2335	0.2000	0.1209	0.0791	0.0694	0.0625	0.0070	0.1306	0.0584	0.0721	0.0585	0.0464	0.0715	0.0483	0.0472	0.0023	0.0313	0.0053	0.0842	0.0436	0.0613	0.0166	0.0987	0.1091	0.0057	0.0144	0.0102	0.0177
51	59	0.2220	7	1	1	0	1	0	0	0	0	N	N	N	N	N	N	N	N	N	N	N	N	0.0000	0.0000	0.0000	0.0000	0.0000	0.0000	0.0000	0.0000	0.0000	0.0000	0.0000	0.0000	0.0000	0.0000	0.0000	0.0000	0.0000	0.0000	0.0000	-0.0000	13.3057	0.0000	8.6321	0.0000	0.0000	0.0000	0.0000	0.0000	0.0000	0.0000	0.0000	0.0000	0.0000	0.0000	0.0000	0.0000	0.0000	0.0000	0.0000	0.0000	0.0000	0.0000	0.0000	0.0000	0.0000	0.0000	0.0000	0.0000	0.0000	0.0000	0.0000	0.0000	0.0000	0.0000	0.0000	0.0000	0.0000	0.0000	0.0000	0.0000	0.0000	0.0000	0.0000	0.0000	0.0000	0.0000	0.0000	0.0000	0.0000	0.0000	0.0000	0.0000	0.0000	0.0000	0.0000	0.0000	0.0000	0.0000											
51	60	0.1446	6	1	1	0	1	0	0	0	0	N	N	N	N	N	N	N	N	N	N	N	N	13.9667	134.0667	0.0219	257.2120	258.6040	1.6903	0.3545	59.5040	0.0001	0.4663	0.5270	0.0006	2.0983	2.1656	0.0106	0.0221	0.0256	0.0000	0.0334	0.0039	0.0281	0.0082	0.0084	0.0063	0.0622	0.0004	0.0236	0.0002	7.9291	-0.1407	0.0007	13.3057	19.3360	8.6321	7.9957	0.4902	0.4901	0.0001	0.4719	0.4718	0.0001	0.0182	0.0182	0.0000	0.0026	0.0003	0.0023	0.0003	0.0003	0.0000	0.0023	0.0000	0.0023	1.0511	0.9299	0.1212	0.2249	0.2179	0.0070	0.8262	0.7120	0.1142	0.3640	0.1949	0.1691	0.0526	0.0481	0.0045	0.3115	0.1468	0.1647	65.1225	351.8203	0.0450	345.0277	357.1549	1.6903	3.0055	13366.6448	0.0001	0.0072	0.0015	0.0137	0.0061	0.0061	0.0063	0.0073	0.0000	0.0139
51	61	0.4654	8	1	2	1	0	0	0	0	0	N	Y	N	N	N	N	N	N	N	N	N	N	0.0613	37.6028	0.0000	0.3483	0.6646	0.0000	0.0712	2480.0680	0.0000	0.0521	0.0583	0.0000	0.0011	0.0011	0.0000	0.0739	0.0853	0.0000	0.8509	0.0015	2.4387	0.0031	0.0017	0.0141	1.0384	0.0000	2.4583	0.0000	312.0127	-0.0142	0.0196	13.3057	14.2360	8.6321	11.9336	0.0493	0.0493	0.0000	0.0003	0.0003	0.0000	0.0490	0.0490	0.0000	0.0531	0.0002	0.0530	0.0003	0.0002	0.0002	0.0528	0.0000	0.0528	0.9463	0.8468	0.0996	0.2832	0.2718	0.0113	0.6632	0.5750	0.0882	0.3638	0.2212	0.1426	0.1146	0.1018	0.0128	0.2491	0.1194	0.1298	0.3568	75.8977	0.0000	0.3483	0.6646	0.0000	0.3489	916833.4931	0.0000	0.1461	0.0008	0.3715	0.0031	0.0017	0.0141	0.2119	0.0000	0.4067
51	62	0.5739	10	2	1	1	0	0	0	0	0	Y	N	N	N	N	N	N	N	N	N	N	N	63.2156	41.0326	0.0001	84.2675	88.6124	0.0000	0.4873	0.4918	0.0006	0.0546	0.0610	0.0000	0.1234	0.1315	0.0000	0.0000	0.0000	0.0000	0.0009	0.0015	0.0002	0.0015	0.0015	0.0013	0.0001	0.0001	0.0001	0.0000	0.1548	-0.0275	-0.0001	13.3057	28.8660	8.6321	13.2209	0.0957	0.0957	0.0000	0.0956	0.0956	0.0000	0.0000	0.0000	0.0000	0.0002	0.0002	0.0000	0.0002	0.0002	0.0000	0.0000	0.0000	0.0000	1.7533	1.5681	0.1852	0.7749	0.7271	0.0478	0.9784	0.8410	0.1374	0.3987	0.2445	0.1542	0.1368	0.1215	0.0153	0.2618	0.1230	0.1389	104.4335	82.6956	0.0001	84.2675	88.6124	0.0000	1.1529	165.0180	0.0006	0.0005	0.0007	0.0002	0.0015	0.0015	0.0013	0.0000	0.0000	0.0001
51	63	0.5712	9	2	2	0	0	0	0	0	0	Y	Y	N	N	N	N	N	N	N	N	N	N	0.0001	0.0001	0.0000	0.0005	0.0005	0.0000	0.0000	0.0000	0.0000	0.0000	0.0000	0.0000	0.0000	0.0000	0.0000	0.0000	0.0000	0.0000	0.0029	0.0025	0.0016	0.0017	0.0019	0.0004	0.0038	0.0012	0.0017	0.0000	1.0824	-0.0000	-0.0000	13.3057	5.0237	8.6321	8.0282	0.0000	0.0000	0.0000	0.0000	0.0000	0.0000	0.0000	0.0000	0.0000	0.0002	0.0001	0.0001	0.0001	0.0001	0.0000	0.0001	0.0000	0.0001	0.3206	0.2859	0.0347	0.1242	0.1172	0.0071	0.1964	0.1687	0.0277	0.1680	0.0985	0.0695	0.0587	0.0535	0.0052	0.1093	0.0450	0.0644	0.0003	0.0003	0.0000	0.0005	0.0005	0.0000	0.0000	0.0000	0.0000	0.0013	0.0010	0.0016	0.0017	0.0019	0.0004	0.0010	0.0000	0.0017
51	64	0.5082	8	2	2	0	0	0	0	0	0	Y	Y	N	N	N	N	N	N	N	N	N	N	0.0000	0.0000	0.0000	0.0001	0.0001	0.0000	0.0000	0.0000	0.0000	0.0000	0.0000	0.0000	0.0000	0.0000	0.0000	0.0000	0.0000	0.0000	0.3761	0.5621	0.0017	0.3959	0.4309	0.0020	0.0066	0.0842	0.0017	0.0001	0.0278	-0.0000	-0.0068	13.3057	17.5893	8.6321	19.0270	0.0000	0.0000	0.0000	0.0000	0.0000	0.0000	0.0000	0.0000	0.0000	0.0113	0.0110	0.0003	0.0108	0.0107	0.0000	0.0005	0.0002	0.0003	1.1603	1.0335	0.1268	0.4458	0.4166	0.0292	0.7145	0.6169	0.0976	0.4356	0.2563	0.1792	0.1370	0.1254	0.0116	0.2986	0.1310	0.1676	0.0003	0.0002	0.0000	0.0003	0.0003	0.0000	0.0001	0.0001	0.0000	0.0259	0.0428	0.0017	0.0786	0.0857	0.0020	0.0017	0.0017	0.0017
51	65	0.5019	7	1	2	0	0	0	0	0	0	N	Y	N	N	N	N	N	N	N	N	N	N	0.0000	0.0001	0.0000	0.0001	0.0003	0.0000	0.0000	0.0000	0.0000	0.0000	0.0000	0.0000	0.0000	0.0000	0.0000	0.0000	0.0000	0.0000	0.4099	0.0081	0.3924	0.0200	0.0047	0.4933	0.5745	0.0025	0.2691	0.2976	17.1157	-0.0000	0.0010	13.3057	1.7566	8.6321	2.8742	0.0000	0.0000	0.0000	0.0000	0.0000	0.0000	0.0000	0.0000	0.0000	0.0030	0.0002	0.0028	0.0005	0.0002	0.0003	0.0025	0.0000	0.0025	0.1316	0.1179	0.0137	0.0514	0.0488	0.0026	0.0802	0.0691	0.0111	0.1046	0.0666	0.0380	0.0420	0.0402	0.0018	0.0626	0.0264	0.0363	0.0000	0.0002	0.0000	0.0001	0.0004	0.0000	0.0000	0.0000	0.0000	0.0287	0.0025	0.0747	0.0119	0.0041	0.1881	0.0400	0.0001	0.0691
51	66	0.4654	8	1	2	0	0	0	0	0	0	N	Y	N	N	N	N	N	N	N	N	N	N	40.2232	19.9819	0.0000	0.4544	0.4203	0.0000	55116.5116	866.0529	0.0000	0.0362	0.0405	0.0000	0.0008	0.0008	0.0000	0.0511	0.0589	0.0000	0.0009	0.0020	0.0000	0.0018	0.0020	0.0000	0.0000	0.0001	0.0000	0.0000	0.0011	-0.0142	-0.0001	13.3057	21.1811	8.6321	10.1862	0.0494	0.0494	0.0000	0.0003	0.0003	0.0000	0.0491	0.0491	0.0000	0.0002	0.0002	0.0000	0.0002	0.0002	0.0000	0.0000	0.0000	0.0000	1.3625	1.2202	0.1423	0.4030	0.3868	0.0161	0.9596	0.8334	0.1262	0.4287	0.2605	0.1682	0.1346	0.1195	0.0151	0.2941	0.1410	0.1531	65.7593	44.6739	0.0000	0.4544	0.4203	0.0000	55116.5116	302956.9066	0.0000	0.0006	0.0009	0.0000	0.0018	0.0020	0.0000	0.0000	0.0000	0.0000
51	67	0.4516	7	1	2	0	0	0	0	0	0	N	Y	N	N	N	N	N	N	N	N	N	N	424.2125	1723.2312	0.0394	670.9902	961.4896	0.4845	209.2531	65.2950	0.0498	3.4027	3.7965	0.0003	0.0368	0.0387	0.0001	5.0409	5.7901	0.0004	0.0080	0.0022	0.0089	0.0001	0.0000	0.0002	0.0241	0.0887	0.0080	0.0000	3.9712	-0.5308	0.0001	13.3057	7.4253	8.6321	0.9851	1.8486	1.8486	0.0000	0.0065	0.0065	0.0000	1.8421	1.8421	0.0000	0.0004	0.0001	0.0003	0.0000	0.0000	0.0000	0.0004	0.0001	0.0003	0.5433	0.4869	0.0564	0.1779	0.1688	0.0091	0.3654	0.3181	0.0473	0.1254	0.0756	0.0498	0.0394	0.0351	0.0043	0.0860	0.0405	0.0455	1195.7555	3998.7066	0.0609	670.9902	961.4896	0.4845	1221.8792	3329.8996	0.0640	0.0028	0.0009	0.0057	0.0001	0.0000	0.0002	0.0041	0.0017	0.0062
51	68	0.6549	10	1	1	1	0	0	0	0	0	N	N	N	N	N	N	N	N	N	N	N	N	0.0003	6.8268	0.0000	0.0463	7.4995	0.0000	0.0000	0.0030	0.0000	0.0004	0.0004	0.0000	0.0008	0.0008	0.0000	0.0000	0.0000	0.0000	1.3246	0.0001	5.8265	0.0167	0.0001	0.1956	1.8776	0.0000	6.4570	0.0000	26970.5471	-0.0001	0.1019	13.3057	15.0354	8.6321	6.2061	0.0005	0.0005	0.0000	0.0005	0.0005	0.0000	0.0000	0.0000	0.0000	0.2742	0.0000	0.2742	0.0011	0.0000	0.0011	0.2731	0.0000	0.2731	1.2937	1.1315	0.1622	0.6290	0.5945	0.0345	0.6647	0.5370	0.1277	0.2642	0.1676	0.0967	0.1034	0.0932	0.0103	0.1608	0.0744	0.0864	0.0004	7.0850	0.0000	0.0745	7.4995	0.0000	0.0000	1.6483	0.0000	1.0376	0.0001	2.8363	0.0104	0.0001	0.1036	1.6986	0.0000	3.1608
51	69	0.5868	9	1	1	0	0	0	0	0	0	N	N	N	N	N	N	N	N	N	N	N	N	0.0002	0.0248	0.0000	0.1108	0.2737	0.0000	0.0000	0.0001	0.0000	0.0008	0.0009	0.0002	0.0017	0.0018	0.0000	0.0001	0.0000	0.0003	4.1506	0.0382	16.8976	0.0155	0.0067	0.0672	6.2357	0.5116	19.3138	0.0376	1056.4779	-0.0005	0.6362	13.3057	27.6811	8.6321	13.1592	0.0019	0.0019	0.0001	0.0018	0.0018	0.0000	0.0001	0.0000	0.0001	1.7161	0.0016	1.7145	0.0014	0.0006	0.0007	1.7148	0.0010	1.7138	2.3318	1.9824	0.3494	1.0711	0.9973	0.0738	1.2607	0.9852	0.2756	0.4135	0.2493	0.1641	0.1385	0.1239	0.0146	0.2750	0.1254	0.1496	0.0002	0.1456	0.0000	0.1751	0.3532	0.0000	0.0000	0.0053	0.0000	4.1506	0.0065	10.4458	0.0098	0.0052	0.0488	6.2357	0.0078	11.4575
51	70	0.5520	8	1	1	0	0	0	0	0	0	N	N	N	N	N	N	N	N	N	N	N	N	0.0102	0.0839	0.0021	0.3577	0.4566	0.0009	0.0065	0.0100	0.0032	0.0053	0.0058	0.0013	0.0063	0.0067	0.0000	0.0045	0.0050	0.0017	0.5252	0.0695	0.6056	0.0177	0.0147	0.0282	0.7011	0.5008	0.5333	0.0268	7.3431	-0.0021	0.0032	13.3057	19.6565	8.6321	4.0504	0.0080	0.0078	0.0002	0.0042	0.0042	0.0000	0.0037	0.0035	0.0002	0.0129	0.0015	0.0113	0.0012	0.0009	0.0002	0.0117	0.0006	0.0111	1.4925	1.3302	0.1623	0.6685	0.6272	0.0413	0.8240	0.7030	0.1210	0.3019	0.1837	0.1182	0.1089	0.0993	0.0095	0.1930	0.0844	0.1087	0.1254	0.6956	0.0134	0.5895	0.7275	0.0009	0.0750	0.6832	0.0168	0.0426	0.0084	0.0957	0.0107	0.0093	0.0260	0.0605	0.0074	0.1018
51	71	0.4547	8	2	2	0	0	0	0	0	0	Y	Y	N	N	N	N	N	N	N	N	N	N	12344.4359	305187.1076	0.0000	25730.4124	26515.2487	0.0000	12161.1389	inf	0.0000	0.0252	0.0280	0.0000	0.0051	0.0053	0.0000	0.0351	0.0401	0.0000	0.0000	0.0000	0.0000	0.0000	0.0000	0.0000	0.0000	0.0000	0.0000	0.0000	35.7797	-0.0088	0.0000	13.3057	17.5448	8.6321	6.0013	0.0306	0.0306	0.0000	0.0020	0.0020	0.0000	0.0286	0.0286	0.0000	0.0000	0.0000	0.0000	0.0000	0.0000	0.0000	0.0000	0.0000	0.0000	1.2146	1.0943	0.1204	0.3987	0.3807	0.0180	0.8159	0.7136	0.1023	0.3186	0.1929	0.1257	0.0996	0.0881	0.0116	0.2190	0.1049	0.1141	12344.4359	305187.1076	0.0000	25730.4124	26515.2487	0.0000	12161.1389	inf	0.0000	0.0000	0.0000	0.0000	0.0000	0.0000	0.0000	0.0000	0.0000	0.0000
51	72	0.5232	11	2	2	1	0	0	0	0	0	Y	Y	N	N	N	N	N	N	N	N	N	N	0.0000	0.0000	0.0000	0.0000	0.0000	0.1627	inf	0.0000	0.0000	0.0000	0.0000	0.0000	0.0000	0.0000	0.0000	0.0000	0.0000	0.8258	1.0624	0.0000	1.3731	1.4245	0.0000	0.0000	0.0000	0.0000	0.0000	0.0000	-0.0000	-0.0093	13.3057	1.8980	8.6321	2.9698	0.0000	0.0000	0.0000	0.0000	0.0000	0.0000	0.0000	0.0000	0.0000	0.0148	0.0148	0.0000	0.0148	0.0148	0.0000	0.0000	0.0000	0.0000	0.1450	0.1304	0.0146	0.0527	0.0509	0.0017	0.0923	0.0795	0.0128	0.1123	0.0767	0.0356	0.0474	0.0440	0.0034	0.0649	0.0327	0.0323	0.0000	0.0000	0.0000	0.0000	0.0000	0.0000	0.1627	inf	0.0000	0.1321	0.1934	0.0000	0.3130	0.3368	0.0000	0.0000	0.0000	0.0000	
51	73	0.5036	10	2	1	1	0	0	0	0	0	Y	N	N	N	N	N	N	N	N	N	N	N	0.0009	0.0004	0.0017	0.0023	0.0022	0.0004	0.0033	0.0013	0.0022	0.0001	0.0001	0.0000	0.0001	0.0001	0.0000	0.0000	0.0000	0.0000	0.0894	0.2288	0.0023	0.0585	0.0655	0.0043	0.0048	0.0127	0.0020	0.0039	0.0757	-0.0000	-0.0008	13.3057	3.5853	8.6321	4.3819	0.0000	0.0000	0.0000	0.0000	0.0000	0.0000	0.0000	0.0000	0.0000	0.0014	0.0013	0.0001	0.0013	0.0013	0.0000	0.0001	0.0000	0.0001	0.4640	0.4282	0.0358	0.2349	0.2280	0.0068	0.2292	0.2002	0.0290	0.1305	0.0875	0.0429	0.0491	0.0447	0.0044	0.0814	0.0428	0.0386	0.0073	0.0057	0.0017	0.0053	0.0050	0.0004	0.0128	0.0360	0.0022	0.0105	0.0146	0.0023	0.0260	0.0281	0.0043	0.0012	0.0005	0.0020
51	74	0.4721	9	2	1	1	0	0	0	0	0	Y	N	N	N	N	N	N	N	N	N	N	N	0.2787	0.0952	0.1690	0.8837	0.8097	0.0016	0.1395	0.0237	0.1810	0.0167	0.0183	0.0004	0.0442	0.0459	0.0000	0.0010	0.0011	0.0004	0.0599	0.1926	0.0022	0.0500	0.0567	0.0003	0.0072	0.0459	0.0025	0.0021	0.0919	-0.0044	-0.0015	13.3057	12.3589	8.6321	7.3592	0.0154	0.0154	0.0000	0.0148	0.0148	0.0000	0.0006	0.0006	0.0000	0.0027	0.0025	0.0002	0.0023	0.0023	0.0000	0.0003	0.0001	0.0002	0.9249	0.8400	0.0849	0.3362	0.3234	0.0128	0.5888	0.5167	0.0721	0.2888	0.1878	0.1010	0.1026	0.0921	0.0105	0.1862	0.0958	0.0905	1.8009	1.4052	0.1690	1.9351	1.8078	0.0016	0.5598	0.9134	0.1810	0.0093	0.0131	0.0022	0.0228	0.0254	0.0003	0.0018	0.0012	0.0025
51	75	0.4547	8	2	1	1	0	0	0	0	0	Y	N	N	N	N	N	N	N	N	N	N	N	579.8968	312.4039	0.0204	1059.9497	916.0929	0.0000	6652.7009	215.6948	0.1418	1.3130	1.4523	0.0000	3.6165	3.7916	0.0000	0.0590	0.0672	0.0000	0.0023	0.0046	0.0001	0.0034	0.0041	0.0007	0.0000	0.0003	0.0000	0.0000	0.0295	-0.2917	-0.0001	13.3057	10.2127	8.6321	1.0234	1.0157	1.0157	0.0000	0.9862	0.9862	0.0000	0.0295	0.0295	0.0000	0.0002	0.0002	0.0000	0.0002	0.0002	0.0000	0.0000	0.0000	0.0000	0.7736	0.6994	0.0742	0.2727	0.2601	0.0126	0.5009	0.4393	0.0616	0.1575	0.0954	0.0621	0.0496	0.0439	0.0057	0.1079	0.0516	0.0564	1248.8554	861.7262	0.0204	1087.7664	1034.0661	0.0000	7855.8879	54450.1556	0.1418	0.0011	0.0017	0.0001	0.0033	0.0037	0.0007	0.0000	0.0000	0.0000
51	76	0.4516	7	2	1	0	0	0	0	0	0	Y	N	N	N	N	N	N	N	N	N	N	N	244115.2192	141220.8493	0.0000	2110.9459	2022.8247	0.0000	9337586.5359	42396.6607	0.0000	2.8863	3.2142	0.0000	0.0770	0.0818	0.0000	4.5892	5.2629	0.0000	0.0000	0.0000	0.0000	0.0000	0.0000	0.0000	0.0000	0.0001	0.0000	0.0000	0.0295	-0.2507	-0.0000	13.3057	3.7027	8.6321	0.0091	0.8729	0.8729	0.0000	0.0088	0.0088	0.0000	0.8641	0.8641	0.0000	0.0000	0.0000	0.0000	0.0000	0.0000	0.0000	0.0000	0.0000	0.0000	0.3024	0.2716	0.0309	0.1141	0.1074	0.0068	0.1883	0.1642	0.0241	0.0561	0.0338	0.0223	0.0177	0.0158	0.0019	0.0385	0.0181	0.0204	244115.2192	168741.9009	0.0000	2110.9459	2022.8247	0.0000	9337586.5359	13405766.6509	0.0000	0.0000	0.0000	0.0000	0.0000	0.0000	0.0000	0.0000	0.0000	0.0000
51	77	0.4346	6	1	1	0	0	0	0	0	0	N	N	N	N	N	N	N	N	N	N	N	N	41.6711	21.6865	4.2985	3.8365	3.4438	12.0792	18705.9054	506.5691	0.0089	0.2505	0.2802	0.0001	0.0311	0.0322	0.0008	0.3437	0.3979	0.0000	0.0060	0.0129	0.0000	0.0081	0.0093	0.0001	0.0000	0.0008	0.0000	0.0000	0.0031	-0.0211	-0.0003	13.3057	3.8334	8.6321	6.1787	0.0735	0.0735	0.0000	0.0027	0.0027	0.0000	0.0708	0.0708	0.0000	0.0004	0.0004	0.0000	0.0004	0.0004	0.0000	0.0000	0.0000	0.0000	0.2935	0.2624	0.0311	0.0875	0.0844	0.0031	0.2060	0.1780	0.0280	0.1957	0.1223	0.0734	0.0711	0.0659	0.0052	0.1245	0.0564	0.0681	113.4923	79.5766	4.2985	5.1352	4.9296	12.0792	31861.7925	66359.8982	0.0089	0.0022	0.0035	0.0000	0.0061	0.0065	0.0001	0.0000	0.0000	0.0000
51	78	0.3955	5	1	1	0	0	0	0	0	0	N	N	N	N	N	N	N	N	N	N	N	N	0.0100	0.0054	0.0061	0.0012	0.0011	0.1507	3.4953	2.8197	0.0017	0.0019	0.0022	0.0000	0.0002	0.0002	0.0000	0.0026	0.0032	0.0000	0.1882	0.4039	0.0004	0.1276	0.1442	0.0002	0.0007	0.0011	0.0004	0.0002	0.0112	-0.0007	-0.0041	13.3057	16.9094	8.6321	5.8161	0.0025	0.0025	0.0000	0.0001	0.0001	0.0000	0.0025	0.0025	0.0000	0.0067	0.0066	0.0001	0.0066	0.0066	0.0000	0.0001	0.0000	0.0001	1.3464	1.1587	0.1877	0.3941	0.3804	0.0137	0.9523	0.7783	0.1740	0.4457	0.2714	0.1743	0.1607	0.1471	0.0135	0.2851	0.1243	0.1607	0.1251	0.0895	0.0061	0.0038	0.0036	0.1507	10.0569	239.7107	0.0017	0.0150	0.0244	0.0004	0.0413	0.0451	0.0002	0.0003	0.0000	0.0004
51	79	0.5019	7	1	2	0	0	0	0	0	0	N	Y	N	N	N	N	N	N	N	N	N	N	0.0005	0.0004	0.0000	0.0005	0.0005	0.0000	0.0000	0.0000	0.0000	0.0006	0.0007	0.0000	0.0017	0.0018	0.0000	0.0000	0.0000	0.0000	1.2786	1.7561	0.0141	3.7526	3.8558	0.0008	0.0284	0.0004	0.0117	0.0000	0.0033	-0.0003	-0.2842	13.3057	23.9173	8.6321	17.8091	0.0009	0.0009	0.0000	0.0009	0.0009	0.0000	0.0000	0.0000	0.0000	0.4547	0.4532	0.0015	0.4532	0.4532	0.0000	0.0015	0.0000	0.0015	1.4743	1.3163	0.1580	0.5418	0.5108	0.0310	0.9325	0.8055	0.1270	0.4815	0.2913	0.1902	0.1520	0.1387	0.0133	0.3295	0.1526	0.1768	0.0007	0.0005	0.0000	0.0006	0.0006	0.0000	0.0000	0.0000	0.0000	0.9443	1.5556	0.0078	2.9813	3.2673	0.0008	0.0045	0.0000	0.0084
51	80	0.4858	6	1	2	0	0	0	0	0	0	N	Y	N	N	N	N	N	N	N	N	N	N	0.0000	0.0000	0.0000	0.0000	0.0000	0.0000	0.0000	0.0000	0.0000	0.0000	0.0000	0.0000	0.0000	0.0000	0.0000	0.0000	0.0000	0.0000	0.3579	0.3437	0.0795	0.1227	0.1088	0.0928	0.2312	0.0016	0.0585	0.0000	0.9032	-0.0000	-0.0005	13.3057	6.1279	8.6321	3.6878	0.0000	0.0000	0.0000	0.0000	0.0000	0.0000	0.0000	0.0000	0.0000	0.0035	0.0018	0.0016	0.0020	0.0018	0.0002	0.0014	0.0000	0.0014	0.3898	0.3471	0.0427	0.1397	0.1318	0.0079	0.2500	0.2153	0.0347	0.1431	0.0905	0.0526	0.0507	0.0468	0.0038	0.0925	0.0437	0.0488	0.0000	0.0000	0.0000	0.0000	0.0000	0.0000	0.0000	0.0000	0.0000	0.0242	0.0201	0.0312	0.0404	0.0388	0.0589	0.0153	0.0000	0.0290
51	81	0.5739	10	2	1	1	0	0	0	0	0	Y	N	N	N	N	N	N	N	N	N	N	N	0.4201	0.2883	0.0015	2.1076	2.0920	0.0003	0.2339	0.1278	0.0979	1.1132	1.2449	0.0000	1.3432	1.4317	0.0000	0.9303	1.0827	0.0000	2.6498	4.3184	0.0002	0.6373	0.6844	0.0021	3.9776	8.4736	0.0000	0.0000	0.0000	-0.5378	-0.6354	13.3057	27.2690	8.6321	12.3406	1.8730	1.8730	0.0000	1.0013	1.0013	0.0000	0.8717	0.8717	0.0000	1.0113	1.0113	0.0000	0.0154	0.0153	0.0000	0.9959	0.9959	0.0000	1.6825	1.5045	0.1780	0.7455	0.6994	0.0461	0.9370	0.8051	0.1319	0.3816	0.2342	0.1475	0.1313	0.1166	0.0146	0.2504	0.1175	0.1329	0.4201	0.2883	0.0015	11.4848	10.9005	0.0003	0.2339	0.1278	0.0979	2.6498	4.3184	0.0002	0.1170	0.1313	0.0021	3.9776	8.4736	0.0000
51	82	0.5586	9	1	1	0	0	0	0	0	0	N	N	N	N	N	N	N	N	N	N	N	N	82.4002	46.3468	1.9842	420.2018	396.5958	13.7232	36.4860	1.1223	2.3503	0.2408	0.2676	0.0004	0.2488	0.2657	0.0001	0.2331	0.2695	0.0005	0.0029	0.0058	0.0002	0.0006	0.0007	0.0000	0.0064	0.2401	0.0002	0.0002	0.0701	-0.0481	-0.0001	13.3057	9.0798	8.6321	0.9519	0.1675	0.1675	0.0000	0.0846	0.0846	0.0000	0.0829	0.0828	0.0000	0.0001	0.0001	0.0000	0.0000	0.0000	0.0000	0.0001	0.0001	0.0000	0.6957	0.6258	0.0698	0.3402	0.3185	0.0217	0.3555	0.3074	0.0481	0.1010	0.0610	0.0400	0.0336	0.0297	0.0040	0.0673	0.0313	0.0360	189.7422	136.2876	1.9842	420.2018	396.5958	13.7232	145.0501	84.5212	2.3503	0.0013	0.0020	0.0002	0.0006	0.0007	0.0000	0.0016	0.0032	0.0002
51	83	0.4858	6	1	2	0	0	0	0	0	0	N	Y	N	N	N	N	N	N	N	N	N	N	0.0005	0.0005	0.0000	0.1367	0.4018	0.0000	0.0000	0.0000	0.0000	0.0003	0.0003	0.0000	0.0008	0.0008	0.0000	0.0000	0.0000	0.0000	0.5342	0.6361	0.0609	0.0057	0.0021	0.0344	0.7120	1.4251	0.0510	0.0000	0.3061	-0.0001	-0.0071	13.3057	21.0000	8.6321	14.4214	0.0004	0.0004	0.0000	0.0004	0.0004	0.0000	0.0000	0.0000	0.0000	0.0181	0.0139	0.0042	0.0006	0.0003	0.0004	0.0175	0.0136	0.0039	1.2855	1.1467	0.1388	0.4584	0.4325	0.0259	0.8271	0.7141	0.1130	0.4124	0.2511	0.1613	0.1335	0.1208	0.0127	0.2789	0.1303	0.1486	0.0064	0.0057	0.0000	0.1668	0.4018	0.0000	0.0000	0.0000	0.0000	0.0439	0.0552	0.0263	0.0047	0.0021	0.0297	0.0626	0.1043	0.0260
51	84	0.5435	10	1	1	1	0	0	0	0	0	N	N	N	N	N	N	N	N	N	N	N	N	28.6898	0.0016	267.7006	1.9873	0.0052	17.8072	19.1629	0.0000	391.8061	0.7402	0.0000	7.0019	0.0104	0.0000	0.1858	1.2153	0.0000	8.8026	0.0258	0.0054	0.0262	0.0052	0.0039	0.0104	0.0634	0.0000	0.0225	96689.1648	4.8711	0.6892	0.0005	13.3057	20.4085	8.6321	11.0867	0.9669	0.0000	0.9669	0.0054	0.0000	0.0054	0.9615	0.0000	0.9615	0.0022	0.0004	0.0019	0.0006	0.0004	0.0002	0.0017	0.0000	0.0017	1.3062	1.1681	0.1381	0.5151	0.4862	0.0289	0.7912	0.6819	0.1092	0.3506	0.2074	0.1431	0.1230	0.1068	0.0162	0.2276	0.1007	0.1269	115.8826	0.0047	539.3844	2.3295	0.0058	17.8072	163.7957	0.0000	661.5142	0.0064	0.0018	0.0130	0.0045	0.0036	0.0104	0.0074	0.0000	0.0133
51	85	0.5398	9	1	1	1	0	0	0	0	0	N	N	N	N	N	N	N	N	N	N	N	N	0.0180	0.0002	4.2219	0.0013	0.0009	0.5323	0.3562	0.0770	5.0532	0.0006	0.0000	0.0061	0.0000	0.0000	0.0001	0.0012	0.0000	0.0082	0.0358	0.1292	0.0015	0.0366	0.0460	0.0003	0.0033	0.0003	0.0016	21.3693	0.0810	0.0001	-0.0002	13.3057	3.1287	8.6321	1.1816	0.0002	0.0000	0.0002	0.0000	0.0000	0.0000	0.0002	0.0000	0.0002	0.0004	0.0004	0.0000	0.0004	0.0004	0.0000	0.0000	0.0000	0.0000	0.2562	0.2305	0.0257	0.1210	0.1145	0.0065	0.1353	0.1160	0.0192	0.0581	0.0359	0.0222	0.0219	0.0193	0.0027	0.0361	0.0166	0.0195	0.0870	0.0029	4.2219	0.0027	0.0021	0.5323	1.3505	21.5750	5.0532	0.0074	0.0111	0.0015	0.0182	0.0206	0.0003	0.0009	0.0000	0.0016
51	86	0.5328	8	1	1	0	0	0	0	0	0	N	N	N	N	N	N	N	N	N	N	N	N	0.0017	0.0171	0.0047	0.0189	0.0185	0.0007	0.0006	0.0198	0.0065	0.0000	0.0000	0.0001	0.0000	0.0000	0.0000	0.0000	0.0000	0.0001	0.0155	0.0010	0.0217	0.0010	0.0011	0.0002	0.0521	0.0008	0.0205	0.6681	12.0753	0.0000	0.0001	13.3057	4.0532	8.6321	2.2470	0.0000	0.0000	0.0000	0.0000	0.0000	0.0000	0.0000	0.0000	0.0000	0.0004	0.0000	0.0004	0.0000	0.0000	0.0000	0.0004	0.0000	0.0004	0.2883	0.2583	0.0300	0.1228	0.1159	0.0070	0.1655	0.1424	0.0230	0.0865	0.0535	0.0330	0.0312	0.0280	0.0032	0.0553	0.0255	0.0298	0.0057	0.0310	0.0091	0.0189	0.0185	0.0007	0.0048	2.4975	0.0107	0.0046	0.0006	0.0112	0.0010	0.0011	0.0002	0.0067	0.0000	0.0124
51	87	0.5097	7	1	1	0	0	0	0	0	0	N	N	N	N	N	N	N	N	N	N	N	N	0.0000	0.0000	0.0009	0.0000	0.0000	0.0000	0.0035	0.0181	0.0013	0.0000	0.0000	0.0000	0.0000	0.0000	0.0000	0.0000	0.0000	0.0000	0.2599	0.4518	0.0027	0.2014	0.2023	0.0071	0.0052	0.0011	0.0024	0.0195	0.0572	-0.0000	-0.0024	13.3057	4.7288	8.6321	9.8540	0.0000	0.0000	0.0000	0.0000	0.0000	0.0000	0.0000	0.0000	0.0000	0.0042	0.0040	0.0002	0.0040	0.0040	0.0000	0.0002	0.0000	0.0002	0.3765	0.3403	0.0363	0.1813	0.1724	0.0089	0.1953	0.1679	0.0274	0.2288	0.1444	0.0844	0.0793	0.0742	0.0051	0.1495	0.0702	0.0793	0.0006	0.0005	0.0009	0.0001	0.0001	0.0000	0.0141	1.5155	0.0013	0.0184	0.0276	0.0027	0.0507	0.0537	0.0071	0.0013	0.0000	0.0024
51	88	0.4858	6	1	1	0	0	0	0	0	0	N	N	N	N	N	N	N	N	N	N	N	N	0.0000	0.0001	0.0000	0.0009	0.0010	0.0005	0.0000	0.0000	0.0000	0.0000	0.0000	0.0000	0.0001	0.0001	0.0001	0.0000	0.0000	0.0000	0.7102	0.1648	1.5148	0.0635	0.0539	0.1132	0.8810	0.0029	1.4369	0.0834	9.7827	-0.0000	0.0047	13.3057	8.6320	8.6321	7.0881	0.0000	0.0000	0.0000	0.0000	0.0000	0.0000	0.0000	0.0000	0.0000	0.0170	0.0016	0.0154	0.0020	0.0016	0.0004	0.0150	0.0000	0.0150	0.5454	0.4859	0.0596	0.1953	0.1843	0.0111	0.3501	0.3016	0.0485	0.2081	0.1292	0.0789	0.0708	0.0648	0.0060	0.1373	0.0644	0.0729	0.0002	0.0017	0.0001	0.0019	0.0022	0.0009	0.0000	0.0003	0.0000	0.0816	0.0122	0.1952	0.0281	0.0242	0.0702	0.1091	0.0001	0.2054
51	89	0.5536	8	1	2	0	0	0	0	0	0	N	Y	N	N	N	N	N	N	N	N	N	N	783.9133	0.3703	121204.9294	6.8397	0.8460	852.4734	16655.3581	1.9459	184151.1252	1.8351	0.0017	17.4153	0.0201	0.0028	0.2791	3.2219	0.0008	23.3635	0.0023	0.0046	0.0001	0.0029	0.0033	0.0003	0.0002	0.0004	0.0001	1203.3135	0.0554	1.4218	-0.0002	13.3057	15.4622	8.6321	5.2688	1.9968	0.0017	1.9951	0.0095	0.0012	0.0082	1.9873	0.0004	1.9869	0.0003	0.0002	0.0000	0.0003	0.0002	0.0000	0.0000	0.0000	0.0000	1.0881	0.9735	0.1146	0.4713	0.4418	0.0295	0.6168	0.5318	0.0850	0.2443	0.1484	0.0958	0.0852	0.0772	0.0080	0.1590	0.0712	0.0878	1709.9441	1.0178	121204.9294	6.8397	0.8789	852.4734	45494.6770	446.9488	184151.1252	0.0011	0.0017	0.0001	0.0029	0.0032	0.0003	0.0001	0.0000	0.0001
51	90	0.5418	7	1	1	0	0	0	0	0	0	N	N	N	N	N	N	N	N	N	N	N	N	0.2548	0.1371	4.4370	0.7494	0.6770	0.6409	1.2252	4.2797	6.6879	0.0446	0.0426	0.0630	0.0509	0.0536	0.0009	0.0396	0.0329	0.0826	0.1751	0.3109	0.0142	0.0679	0.0792	0.0013	0.0323	0.0077	0.0123	0.1606	0.2533	-0.0039	-0.0008	13.3057	7.5917	8.6321	1.5198	0.0261	0.0225	0.0036	0.0132	0.0132	0.0000	0.0128	0.0092	0.0036	0.0020	0.0016	0.0004	0.0016	0.0016	0.0000	0.0004	0.0000	0.0004	0.5845	0.5272	0.0573	0.2605	0.2468	0.0137	0.3239	0.2804	0.0436	0.1374	0.0866	0.0507	0.0544	0.0491	0.0053	0.0830	0.0376	0.0454	3.0935	2.3359	7.9780	1.7553	1.6780	0.6409	8.1133	106.7132	9.5321	0.0144	0.0182	0.0079	0.0290	0.0320	0.0013	0.0049	0.0003	0.0087
51	91	0.6511	11	2	1	1	0	0	0	0	0	Y	N	N	N	N	N	N	N	N	N	N	N	14882032.0726	10080427.4242	10063145.6405	9405611.8716	inf	inf	5.0475	5.6233	0.0000	11.0002	11.6515	0.0000	0.0016	0.0019	0.0000	0.0000	0.0000	0.0000	0.0000	0.0000	0.0000	0.0000	0.0000	0.0000	0.0000	0.0000	-0.2772	-0.0000	13.3057	3.0317	8.6321	0.1644	0.9653	0.9653	0.0000	0.9651	0.9651	0.0000	0.0002	0.0002	0.0000	0.0000	0.0000	0.0000	0.0000	0.0000	0.0000	0.0000	0.0000	0.0000	0.1912	0.1717	0.0196	0.0877	0.0828	0.0049	0.1035	0.0888	0.0147	0.0304	0.0185	0.0119	0.0094	0.0083	0.0011	0.0209	0.0101	0.0108	14882032.0726	10080427.4242	0.0000	10063145.6405	9405611.8716	0.0000	inf	inf	0.0000	0.0000	0.0000	0.0000	0.0000	0.0000	0.0000	0.0000	0.0000	0.0000			
51	92	0.6453	10	2	1	1	0	0	0	0	0	Y	N	N	N	N	N	N	N	N	N	N	N	31.2844	15.5521	294.7113	19.1741	18.1812	0.0000	449.5533	7.2745	504.9715	0.0101	0.0109	0.0024	0.0165	0.0175	0.0000	0.0018	0.0016	0.0037	0.0003	0.0007	0.0000	0.0009	0.0010	0.0000	0.0000	0.0002	0.0000	0.0219	0.0116	-0.0006	-0.0000	13.3057	2.6632	8.6321	1.0147	0.0023	0.0023	0.0000	0.0021	0.0021	0.0000	0.0002	0.0001	0.0000	0.0000	0.0000	0.0000	0.0000	0.0000	0.0000	0.0000	0.0000	0.0000	0.2304	0.2099	0.0204	0.1299	0.1229	0.0070	0.1005	0.0870	0.0135	0.0375	0.0232	0.0143	0.0119	0.0106	0.0012	0.0256	0.0126	0.0130	36.6352	24.6444	294.7113	19.1741	18.1812	0.0000	449.5533	2100.9331	504.9715	0.0003	0.0004	0.0000	0.0009	0.0010	0.0000	0.0000	0.0000	0.0000
51	93	0.5620	9	2	1	1	0	0	0	0	0	Y	N	N	N	N	N	N	N	N	N	N	N	3.3758	1.6564	18820.4375	0.0192	0.0173	14.0861	678.7081	22.8359	22161.7181	1.2964	0.9441	4.4265	0.0072	0.0076	0.0002	2.2759	1.7225	5.7838	0.3840	0.5700	0.0002	0.3755	0.4402	0.0000	0.0034	0.0754	0.0003	0.5277	0.0035	0.1683	-0.0075	13.3057	35.0787	8.6321	12.2568	2.8863	1.8893	0.9971	0.0069	0.0069	0.0000	2.8794	1.8824	0.9970	0.0120	0.0120	0.0000	0.0117	0.0117	0.0000	0.0003	0.0002	0.0000	2.2264	2.0012	0.2252	0.9612	0.9084	0.0529	1.2652	1.0928	0.1724	0.4493	0.2727	0.1765	0.1543	0.1359	0.0184	0.2950	0.1368	0.1582	48.5483	21.5360	18820.4375	0.0946	0.0881	14.0861	2574.5956	1073.8150	22161.7181	0.0267	0.0438	0.0002	0.0761	0.0864	0.0000	0.0009	0.0016	0.0003
51	94	0.5485	8	2	1	0	0	0	0	0	0	Y	N	N	N	N	N	N	N	N	N	N	N	3.5928	110.9353	0.4336	168.1961	192.4718	0.0472	1.0504	12.3296	0.5789	0.2015	0.2207	0.0194	0.2108	0.2227	0.0001	0.1935	0.2189	0.0261	0.0561	0.0020	0.0448	0.0013	0.0012	0.0020	0.1842	0.0178	0.0451	0.0093	15.5129	-0.0401	0.0003	13.3057	8.4810	8.6321	2.3446	0.1442	0.1428	0.0013	0.0694	0.0694	0.0000	0.0747	0.0734	0.0013	0.0010	0.0001	0.0010	0.0000	0.0000	0.0000	0.0010	0.0000	0.0010	0.7155	0.6470	0.0685	0.3294	0.3118	0.0176	0.3861	0.3352	0.0509	0.1147	0.0699	0.0448	0.0389	0.0345	0.0044	0.0758	0.0354	0.0404	22.4570	247.6118	0.9001	168.1961	192.4718	0.0472	14.9607	346.2983	1.1020	0.0090	0.0009	0.0216	0.0013	0.0012	0.0020	0.0129	0.0006	0.0237
51	95	0.4858	6	1	2	0	1	0	0	0	0	N	Y	N	N	N	N	N	N	N	N	N	N	0.0004	0.0004	0.0000	0.0191	0.0185	0.0000	0.0000	0.0000	0.0000	0.0004	0.0005	0.0000	0.0011	0.0012	0.0000	0.0000	0.0000	0.0000	0.9435	1.1009	1.9236	0.0593	0.0651	0.0122	1.1467	1.9609	1.9289	0.0000	0.7770	-0.0002	-0.0236	13.3057	24.0032	8.6321	22.6134	0.0006	0.0006	0.0000	0.0006	0.0006	0.0000	0.0000	0.0000	0.0000	0.1233	0.0694	0.0539	0.0044	0.0042	0.0002	0.1189	0.0652	0.0537	1.4583	1.3013	0.1571	0.5195	0.4903	0.0293	0.9388	0.8110	0.1278	0.5206	0.3157	0.2049	0.1664	0.1500	0.0164	0.3543	0.1657	0.1886	0.0017	0.0021	0.0000	0.0431	0.0431	0.0000	0.0000	0.0000	0.0000	0.2368	0.2198	0.2631	0.0264	0.0279	0.0122	0.3357	0.3934	0.2849
51	96	0.0684	2	1	2	0	0	0	0	0	0	N	Y	N	N	N	N	N	N	N	N	N	N	0.0049	0.0007	3.0048	0.0133	0.0093	6.7480	0.3299	0.0000	2.2422	0.0002	0.0001	0.0004	0.0007	0.0005	0.0161	0.0000	0.0000	0.0002	0.0360	0.1965	0.0001	0.0496	0.0520	0.0024	0.0001	0.0001	0.0001	0.6725	0.0071	0.0000	-0.0046	13.3057	18.5150	8.6321	10.2301	0.0003	0.0002	0.0001	0.0002	0.0002	0.0001	0.0001	0.0000	0.0001	0.0075	0.0074	0.0001	0.0074	0.0074	0.0000	0.0000	0.0000	0.0000	1.6727	1.3371	0.3356	0.3670	0.3629	0.0041	1.3057	0.9742	0.3315	1.0068	0.5564	0.4504	0.3269	0.3178	0.0092	0.6798	0.2386	0.4413	0.0237	0.0098	3.0048	0.0289	0.0207	6.7480	0.8740	0.0000	2.2422	0.0074	0.0133	0.0001	0.0227	0.0233	0.0024	0.0000	0.0000	0.0001
51	97	0.5150	7	1	2	0	0	0	0	0	0	N	Y	N	N	N	N	N	N	N	N	N	N	0.0658	0.2376	0.0000	0.7640	0.7214	0.0000	0.0000	0.0000	0.0000	0.0005	0.0006	0.0000	0.0014	0.0015	0.0000	0.0000	0.0000	0.0000	0.0077	0.0024	0.0080	0.0018	0.0020	0.0006	0.0170	0.0044	0.0076	0.0000	3.6247	-0.0004	0.0003	13.3057	46.1140	8.6321	26.4917	0.0014	0.0014	0.0000	0.0014	0.0014	0.0000	0.0000	0.0000	0.0000	0.0019	0.0004	0.0015	0.0004	0.0004	0.0000	0.0015	0.0000	0.0015	2.6861	2.4055	0.2806	0.9861	0.9320	0.0541	1.7000	1.4735	0.2265	0.6996	0.4155	0.2841	0.2237	0.1897	0.0340	0.4759	0.2258	0.2502	0.1825	0.5597	0.0000	0.7640	0.7214	0.0000	0.0000	0.0000	0.0000	0.0028	0.0010	0.0053	0.0018	0.0020	0.0006	0.0032	0.0002	0.0060
51	98	0.1446	6	1	2	0	0	0	0	0	0	N	Y	N	N	N	N	N	N	N	N	N	N	0.5861	0.2722	0.2770	0.6812	0.5878	8.3914	0.0024	0.0006	0.0187	0.0005	0.0005	0.0000	0.0022	0.0023	0.0002	0.0000	0.0000	0.0000	0.0008	0.0019	0.0001	0.0033	0.0039	0.0000	0.0001	0.0000	0.0001	0.0035	0.0514	-0.0001	-0.0001	13.3057	20.7840	8.6321	8.9470	0.0005	0.0005	0.0000	0.0005	0.0005	0.0000	0.0000	0.0000	0.0000	0.0002	0.0002	0.0000	0.0002	0.0002	0.0000	0.0000	0.0000	0.0000	1.1109	0.9823	0.1286	0.2304	0.2231	0.0074	0.8805	0.7593	0.1212	0.3914	0.2095	0.1818	0.0558	0.0510	0.0048	0.3356	0.1586	0.1770	0.9543	0.6054	0.2770	0.6890	0.6488	8.3914	0.0051	0.2464	0.0187	0.0005	0.0009	0.0001	0.0033	0.0036	0.0000	0.0000	0.0000	0.0001
51	99	0.1397	5	1	1	0	0	0	0	0	0	N	N	N	N	N	N	N	N	N	N	N	N	1.6797	1.9871	0.1944	4.3228	4.5757	3.1438	0.1366	3.2053	0.2473	0.9583	1.1445	0.0446	1.8467	1.8863	0.0519	0.0733	0.0868	0.0441	0.5705	0.5760	0.2293	0.4272	0.4122	0.0165	0.5368	0.0271	0.1783	0.0079	1.0292	-0.1726	-0.0006	13.3057	2.7834	8.6321	1.0450	0.6179	0.6130	0.0049	0.5942	0.5939	0.0004	0.0237	0.0192	0.0045	0.0051	0.0025	0.0026	0.0025	0.0025	0.0000	0.0026	0.0000	0.0026	0.6448	0.5356	0.1092	0.3218	0.3148	0.0069	0.3230	0.2208	0.1022	0.1020	0.0559	0.0460	0.0300	0.0294	0.0006	0.0720	0.0266	0.0454	19.3169	25.6816	0.8001	22.3441	22.4271	3.1438	2.0463	100.9474	0.7834	0.0496	0.0446	0.0557	0.0826	0.0841	0.0165	0.0358	0.0009	0.0563
51	100	0.1297	4	1	1	0	0	0	0	0	0	N	N	N	N	N	N	N	N	N	N	N	N	2.6172	4.0159	9.2626	30.8847	30.4159	1.4142	2.1952	3.4963	13.4694	1.3063	0.7623	3.5831	1.1472	1.2583	0.0053	1.4436	0.2189	4.5508	0.4991	0.1898	0.3868	0.0371	0.0414	0.0037	0.6576	0.0626	0.3379	1.1232	4.1454	0.4523	0.0032	13.3057	7.6044	8.6321	2.7972	1.8701	0.8808	0.9893	0.7604	0.7601	0.0003	1.1097	0.1207	0.9890	0.0182	0.0035	0.0147	0.0034	0.0034	0.0000	0.0148	0.0001	0.0147	1.4316	1.1555	0.2761	0.6629	0.6041	0.0588	0.7687	0.5514	0.2173	0.4741	0.2753	0.1988	0.1883	0.1761	0.0123	0.2857	0.0992	0.1865	33.9493	59.1944	48.4624	62.6421	65.0967	1.4142	27.8834	153.2355	57.9318	0.0385	0.0129	0.0739	0.0183	0.0193	0.0037	0.0518	0.0014	0.0786
51	101	0.0801	3	1	1	0	0	0	0	0	0	N	N	N	N	N	N	N	N	N	N	N	N	0.6527	1.4629	0.0852	1.5685	1.6170	1.3696	0.6125	94.1095	0.0862	0.5987	0.6909	0.2238	0.3318	0.3359	0.0136	0.6782	0.8306	0.2269	0.9172	0.4723	2.6253	0.2115	0.2077	0.0099	1.1072	0.0088	2.6341	0.0797	11.8221	-0.2161	0.0615	13.3057	18.4780	8.6321	12.4520	1.0129	0.9382	0.0747	0.1288	0.1288	0.0001	0.8841	0.8094	0.0747	0.2095	0.0163	0.1932	0.0164	0.0163	0.0001	0.1932	0.0001	0.1931	1.6919	1.3579	0.3340	0.3883	0.3834	0.0049	1.3036	0.9745	0.3291	0.9934	0.5506	0.4427	0.3117	0.3009	0.0108	0.6817	0.2498	0.4319	2.8386	23.2828	0.5129	6.3204	6.2173	1.3696	2.3936	2401.1561	0.5077	0.2109	0.0297	0.4363	0.0525	0.0540	0.0099	0.2833	0.0003	0.4470
51	102	0.5999	9	1	2	0	0	0	0	0	0	N	Y	N	N	N	N	N	N	N	N	N	N	0.4001	12.8301	0.0000	0.4231	0.5727	0.0003	0.5445	447.5127	0.0000	0.6465	0.7286	0.0001	0.0152	0.0168	0.0000	1.3064	1.5004	0.0002	1.6158	0.0568	7.6285	0.0360	0.0294	0.0540	2.3993	0.0034	8.7644	0.0000	320.9560	-0.5650	0.3852	13.3057	34.1922	8.6321	22.4626	1.9679	1.9678	0.0000	0.0237	0.0237	0.0000	1.9442	1.9442	0.0000	1.0453	0.0032	1.0421	0.0041	0.0032	0.0009	1.0412	0.0000	1.0411	3.0439	2.7007	0.3432	1.5557	1.4049	0.1508	1.4882	1.2958	0.1924	0.6665	0.4153	0.2512	0.2325	0.2106	0.0220	0.4339	0.2048	0.2292	0.4122	93.2065	0.0000	0.8535	1.0993	0.0003	0.5445	14833.0374	0.0000	1.5684	0.0078	4.1490	0.0178	0.0153	0.0418	2.3993	0.0001	4.5427
51	103	0.5520	8	1	2	0	0	0	0	0	0	N	Y	N	N	N	N	N	N	N	N	N	N	0.8421	0.9927	0.0007	4.8101	4.9557	0.0022	0.0217	0.0186	0.0010	0.6013	0.6741	0.0006	1.3408	1.4284	0.0000	0.0182	0.0211	0.0007	0.7141	0.6791	0.7869	0.2788	0.2882	0.0186	0.8398	1.1382	0.7231	0.0001	1.1947	-0.2863	-0.0027	13.3057	22.5884	8.6321	11.0115	0.9974	0.9973	0.0001	0.9806	0.9806	0.0000	0.0169	0.0168	0.0001	0.0326	0.0148	0.0177	0.0086	0.0083	0.0002	0.0240	0.0065	0.0175	1.6588	1.4794	0.1794	0.7313	0.6865	0.0449	0.9275	0.7929	0.1345	0.3966	0.2405	0.1561	0.1391	0.1262	0.0129	0.2575	0.1143	0.1432	7.3201	10.9220	0.0049	21.7401	21.6136	0.0022	0.1951	0.3716	0.0059	0.0821	0.0617	0.1136	0.0617	0.0661	0.0186	0.0932	0.0569	0.1222
51	104	0.5219	7	1	1	0	0	0	0	0	0	N	N	N	N	N	N	N	N	N	N	N	N	0.0034	0.1773	0.0000	0.6097	1.0945	0.0000	0.0007	0.0030	0.0000	0.0032	0.0036	0.0000	0.0063	0.0067	0.0000	0.0009	0.0010	0.0001	0.9423	0.0201	3.0635	0.0104	0.0061	0.0308	1.1779	0.3284	3.1332	0.0015	81.1219	-0.0008	0.0222	13.3057	11.8100	8.6321	8.7888	0.0027	0.0027	0.0000	0.0023	0.0023	0.0000	0.0004	0.0004	0.0000	0.0617	0.0008	0.0609	0.0007	0.0004	0.0003	0.0610	0.0003	0.0607	0.8563	0.7688	0.0875	0.3664	0.3471	0.0193	0.4899	0.4217	0.0682	0.2615	0.1605	0.1010	0.0977	0.0875	0.0103	0.1637	0.0730	0.0907	0.0135	0.7592	0.0001	0.8760	1.3651	0.0000	0.0023	0.2236	0.0001	0.2360	0.0047	0.6035	0.0072	0.0049	0.0270	0.3725	0.0044	0.6687
51	105	0.4858	6	1	1	0	0	0	0	0	0	N	N	N	N	N	N	N	N	N	N	N	N	0.0002	0.0017	0.0000	0.0037	0.0055	0.0000	0.0000	0.0001	0.0000	0.0000	0.0000	0.0000	0.0001	0.0001	0.0000	0.0000	0.0000	0.0000	0.1384	0.0175	0.0625	0.0195	0.0138	0.0527	0.1974	0.0003	0.0494	0.0004	3.8776	-0.0000	0.0006	13.3057	14.7392	8.6321	7.3617	0.0000	0.0000	0.0000	0.0000	0.0000	0.0000	0.0000	0.0000	0.0000	0.0036	0.0007	0.0029	0.0011	0.0007	0.0003	0.0025	0.0000	0.0025	0.9167	0.8171	0.0996	0.3275	0.3090	0.0185	0.5892	0.5081	0.0811	0.2763	0.1699	0.1064	0.0918	0.0836	0.0082	0.1845	0.0863	0.0982	0.0020	0.0067	0.0000	0.0062	0.0087	0.0000	0.0000	0.0361	0.0000	0.0130	0.0043	0.0268	0.0116	0.0088	0.0401	0.0137	0.0000	0.0257
51	106	0.5586	9	1	2	0	0	0	0	0	0	N	Y	N	N	N	N	N	N	N	N	N	N	9123.9296	6052.4970	28.4745	628.4042	588.9360	0.0000	809573.0412	87123.6537	36.4480	0.7212	0.8037	0.0001	0.1497	0.1594	0.0000	1.1930	1.3824	0.0001	0.0001	0.0001	0.0000	0.0002	0.0003	0.0000	0.0000	0.0000	0.0000	0.0000	0.0130	-0.2770	-0.0000	13.3057	20.0414	8.6321	7.0324	0.9646	0.9646	0.0000	0.0905	0.0905	0.0000	0.8741	0.8741	0.0000	0.0000	0.0000	0.0000	0.0000	0.0000	0.0000	0.0000	0.0000	0.0000	1.3374	1.2002	0.1372	0.6047	0.5679	0.0368	0.7327	0.6323	0.1004	0.2590	0.1561	0.1029	0.0849	0.0747	0.0102	0.1741	0.0814	0.0927	9123.9296	6207.3825	28.4745	628.4042	588.9360	0.0000	809573.0412	33109322.7132	36.4480	0.0001	0.0001	0.0000	0.0002	0.0003	0.0000	0.0000	0.0000	0.0000
51	107	0.5485	8	1	1	0	0	0	0	0	0	N	N	N	N	N	N	N	N	N	N	N	N	588.1779	590.2167	0.5480	388.7209	372.7243	0.5032	505.7928	290.3371	0.6355	0.2379	0.2627	0.0002	0.2336	0.2467	0.0001	0.2418	0.2780	0.0002	0.0004	0.0004	0.0003	0.0006	0.0007	0.0001	0.0005	0.0010	0.0003	0.0001	0.5734	-0.0430	-0.0000	13.3057	7.0315	8.6321	1.2144	0.1498	0.1498	0.0000	0.0690	0.0690	0.0000	0.0808	0.0808	0.0000	0.0000	0.0000	0.0000	0.0000	0.0000	0.0000	0.0000	0.0000	0.0000	0.6297	0.5705	0.0593	0.2954	0.2797	0.0157	0.3343	0.2908	0.0436	0.0897	0.0550	0.0348	0.0309	0.0275	0.0034	0.0589	0.0275	0.0313	736.4222	783.7017	0.5480	388.7209	372.7243	0.5032	1363.3449	30836.6404	0.6355	0.0003	0.0003	0.0003	0.0006	0.0007	0.0001	0.0002	0.0000	0.0003
51	108	0.5150	7	1	1	0	0	0	0	0	0	N	N	N	N	N	N	N	N	N	N	N	N	33.4283	16.6852	0.5198	0.4894	0.3807	0.0000	3110.9473	74.8325	0.7760	0.0711	0.0795	0.0000	0.0013	0.0014	0.0000	0.1130	0.1311	0.0000	0.0021	0.0048	0.0000	0.0027	0.0036	0.0000	0.0000	0.0018	0.0000	0.0000	0.0016	-0.0216	-0.0002	13.3057	16.2725	8.6321	4.4748	0.0752	0.0752	0.0000	0.0005	0.0005	0.0000	0.0747	0.0747	0.0000	0.0002	0.0002	0.0000	0.0002	0.0002	0.0000	0.0000	0.0000	0.0000	1.0588	0.9467	0.1121	0.3976	0.3765	0.0211	0.6612	0.5702	0.0910	0.2459	0.1443	0.1016	0.0921	0.0732	0.0189	0.1538	0.0711	0.0827	70.7645	46.5194	0.5198	0.4894	0.4112	0.0000	6281.2981	3728.8128	0.7760	0.0010	0.0017	0.0000	0.0027	0.0033	0.0000	0.0000	0.0000	0.0000
51	109	0.5677	8	1	2	0	0	0	0	0	0	N	Y	N	N	N	N	N	N	N	N	N	N	92.5366	46.5168	0.1643	0.3136	0.2935	0.0123	140.5296	4.1348	0.2934	0.4188	0.4668	0.0000	0.0009	0.0010	0.0000	0.6971	0.8039	0.0000	0.0045	0.0100	0.0001	0.0029	0.0033	0.0003	0.0050	0.1944	0.0000	0.0000	0.0139	-0.2995	-0.0006	13.3057	40.5309	8.6321	14.7974	1.0432	1.0432	0.0000	0.0009	0.0009	0.0000	1.0423	1.0423	0.0000	0.0010	0.0010	0.0000	0.0006	0.0005	0.0000	0.0005	0.0005	0.0000	2.4908	2.2347	0.2562	0.9956	0.9382	0.0574	1.4952	1.2964	0.1988	0.5799	0.3500	0.2299	0.1905	0.1711	0.0195	0.3893	0.1789	0.2104	234.1108	159.6826	0.1643	0.3136	0.3017	0.0123	560.1585	302.3253	0.2934	0.0018	0.0029	0.0001	0.0029	0.0032	0.0003	0.0012	0.0027	0.0000
51	110	0.5418	7	1	2	0	0	0	0	0	0	N	Y	N	N	N	N	N	N	N	N	N	N	13.4916	7.2248	0.0979	0.0171	0.0156	0.0048	184.1430	492.6789	0.1385	2.0584	2.2903	0.0009	0.0013	0.0014	0.0000	3.5238	4.0742	0.0011	0.1526	0.3170	0.0087	0.0782	0.0906	0.0013	0.0191	0.0083	0.0079	0.0000	0.1909	-0.5577	-0.0014	13.3057	13.5236	8.6321	3.5331	1.9425	1.9424	0.0001	0.0005	0.0005	0.0000	1.9420	1.9419	0.0001	0.0030	0.0025	0.0005	0.0025	0.0025	0.0000	0.0005	0.0000	0.0005	0.9437	0.8481	0.0956	0.3926	0.3715	0.0211	0.5511	0.4766	0.0745	0.2228	0.1375	0.0854	0.0819	0.0736	0.0082	0.1410	0.0638	0.0771	151.5991	123.9282	0.1505	0.0433	0.0414	0.0048	1004.1523	12502.6823	0.1784	0.0136	0.0185	0.0057	0.0309	0.0342	0.0013	0.0035	0.0003	0.0061
51	111	0.4858	6	1	1	0	0	0	0	0	0	N	N	N	N	N	N	N	N	N	N	N	N	0.0088	0.0070	0.0452	0.0000	0.0000	0.0000	0.0593	0.0366	0.0686	0.0124	0.0135	0.0033	0.0000	0.0000	0.0000	0.0192	0.0217	0.0041	1.4026	1.9190	0.0735	4.1120	4.3057	0.0336	0.3242	0.5914	0.0595	0.0300	0.0098	-0.0033	-0.2823	13.3057	16.9399	8.6321	15.9768	0.0130	0.0126	0.0004	0.0000	0.0000	0.0000	0.0130	0.0126	0.0004	0.4563	0.4519	0.0044	0.4510	0.4507	0.0003	0.0053	0.0012	0.0041	1.0477	0.9341	0.1136	0.3741	0.3529	0.0211	0.6736	0.5812	0.0924	0.3875	0.2362	0.1513	0.1259	0.1140	0.0119	0.2616	0.1222	0.1394	0.0105	0.0070	0.1132	0.0000	0.0000	0.0000	0.9547	2.2451	0.1390	1.1776	1.9129	0.0294	3.5826	3.9536	0.0294	0.0202	0.0096	0.0294
51	112	0.5902	10	2	2	0	1	0	0	0	0	Y	Y	N	N	N	N	N	N	N	N	N	N	0.0000	0.0000	0.0000	0.0000	0.0000	0.0000	0.0000	0.0000	0.0000	0.0000	0.0000	0.0000	0.0000	0.0000	0.0000	0.0000	0.0000	0.0000	0.0000	0.0001	0.0000	0.0000	0.0000	0.0001	0.0000	0.0001	5.5196	0.0000	0.0000	13.3057	0.0019	8.6321	1.9928	0.0000	0.0000	0.0000	0.0000	0.0000	0.0000	0.0000	0.0000	0.0000	0.0000	0.0000	0.0000	0.0000	0.0000	0.0000	0.0000	0.0000	0.0000	0.0003	0.0003	0.0000	0.0001	0.0001	0.0000	0.0002	0.0001	0.0000	0.0209	0.0128	0.0081	0.0065	0.0058	0.0007	0.0143	0.0070	0.0074	0.0000	0.0000	0.0000	0.0000	0.0000	0.0000	0.0000	0.0000	0.0000	0.0000	0.0000	0.0001	0.0000	0.0000	0.0000	0.0000	0.0000	0.0001		
51	113	0.5666	9	2	2	0	1	0	0	0	0	Y	Y	N	N	N	N	N	N	N	N	N	N	0.0000	0.0000	0.0001	0.0005	0.0000	0.0092	0.0000	0.0000	0.0000	0.0000	0.0000	0.0000	0.0000	0.0000	0.0001	0.0000	0.0000	0.0000	0.4046	0.0106	0.3240	0.0091	0.0086	0.0089	0.5656	0.0001	0.2929	inf	14.3334	0.0000	0.0014	13.3057	8.6942	8.6321	6.0502	0.0000	0.0000	0.0000	0.0000	0.0000	0.0000	0.0000	0.0000	0.0000	0.0045	0.0003	0.0043	0.0003	0.0003	0.0000	0.0042	0.0000	0.0042	0.5908	0.5301	0.0606	0.2518	0.2383	0.0135	0.3390	0.2919	0.0471	0.1609	0.0974	0.0635	0.0527	0.0470	0.0056	0.1082	0.0503	0.0579	0.0001	0.0000	0.0003	0.0007	0.0000	0.0092	0.0000	0.0000	0.0000	0.0283	0.0030	0.0669	0.0066	0.0063	0.0089	0.0388	0.0000	0.0726
51	114	0.5878	13	1	2	0	1	0	0	0	0	N	Y	N	N	N	N	N	N	N	N	N	N	0.0000	0.0000	0.0000	0.0000	0.0000	0.0000	0.0000	0.0000	0.0000	0.0000	0.0000	0.0000	0.0000	0.2553	0.0000	0.1092	0.0000	0.0000	0.0000	0.5151	0.0000	0.0992	inf	0.0000	0.0000	13.3057	0.0001	8.6321	0.0001	0.0000	0.0000	0.0000	0.0000	0.0000	0.0000	0.0000	0.0000	0.0000	0.0000	0.0000	0.0000	0.0000	0.0000	0.0000	0.0000	0.0000	0.0000	0.0000	0.0000	0.0000	0.0000	0.0000	0.0000	0.0000	0.0000	0.0000	0.0000	0.0000	0.0000	0.0000	0.0000	0.0000	0.0000	0.0000	0.0000	0.0000	0.0000	0.0000	0.0000	0.0000	0.0000	0.0000	0.0000	0.0000	0.0181	0.0000	0.0383	0.0000	0.0000	0.0000	0.0333	0.0000	0.0391						
51	115	0.5811	12	1	2	0	1	0	0	0	0	N	Y	N	N	N	N	N	N	N	N	N	N	0.0000	0.0000	0.0000	0.0000	0.0000	0.0000	0.0000	0.0000	0.0000	0.0000	0.0000	0.0000	0.0000	0.0000	0.0000	0.0000	0.0000	0.6859	0.6939	0.5357	0.6309	0.6777	0.0000	0.6651	0.0005	0.5093	0.9096	0.0000	-0.0005	13.3057	3.0007	8.6321	1.0012	0.0000	0.0000	0.0000	0.0000	0.0000	0.0000	0.0000	0.0000	0.0000	0.0031	0.0016	0.0015	0.0016	0.0016	0.0000	0.0015	0.0000	0.0015	0.1888	0.1684	0.0204	0.0759	0.0717	0.0043	0.1129	0.0968	0.0161	0.0420	0.0255	0.0166	0.0141	0.0125	0.0016	0.0280	0.0130	0.0150	0.0000	0.0000	0.0000	0.0000	0.0000	0.0000	0.0000	0.0000	0.0000	0.0739	0.0639	0.0892	0.1157	0.1306	0.0000	0.0528	0.0000	0.0987		
51	116	0.5792	11	1	1	0	1	0	0	0	0	N	N	N	N	N	N	N	N	N	N	N	N	0.0000	0.0000	0.0000	0.0000	0.0000	0.0000	0.0000	0.0000	0.0000	0.0000	0.0000	0.0000	0.0000	0.0000	0.0000	0.0000	0.0000	0.8396	1.1125	0.0001	0.0027	0.0030	0.0000	1.0351	2.0110	0.0001	0.0004	0.0000	-0.0010	13.3057	1.1177	8.6321	0.0023	0.0000	0.0000	0.0000	0.0000	0.0000	0.0000	0.0000	0.0000	0.0000	0.0016	0.0016	0.0000	0.0000	0.0000	0.0000	0.0016	0.0016	0.0000	0.0738	0.0660	0.0078	0.0314	0.0297	0.0017	0.0424	0.0363	0.0061	0.0118	0.0072	0.0047	0.0039	0.0035	0.0004	0.0079	0.0037	0.0042	0.0000	0.0000	0.0000	0.0000	0.0000	0.0000	0.0000	0.0000	0.0000	0.1383	0.2288	0.0001	0.0027	0.0030	0.0000	0.2062	0.4447	0.0001		
51	117	0.3955	5	1	2	0	0	0	0	0	0	N	Y	N	N	N	N	N	N	N	N	N	N	0.0021	0.0108	0.0017	0.1181	0.1092	0.1935	0.0009	0.0320	0.0016	0.0029	0.0019	0.0103	0.0061	0.0063	0.0005	0.0018	0.0000	0.0111	1.4061	0.1730	6.1713	0.0513	0.0574	0.0025	1.9042	0.0005	6.7596	0.7935	157.1441	0.0010	0.3672	13.3057	31.2782	8.6321	23.9277	0.0064	0.0035	0.0028	0.0035	0.0035	0.0000	0.0028	0.0000	0.0028	1.0052	0.0064	0.9988	0.0064	0.0064	0.0001	0.9987	0.0000	0.9987	2.1771	1.9041	0.2731	0.5836	0.5631	0.0206	1.5935	1.3410	0.2525	0.8415	0.5115	0.3300	0.2756	0.2488	0.0267	0.5660	0.2627	0.3033	0.0024	0.1500	0.0034	0.2602	0.2454	0.1935	0.0010	6.4590	0.0034	1.1944	0.0124	3.0265	0.0233	0.0255	0.0025	1.7646	0.0000	3.2933
51	118	0.5792	11	1	1	1	1	0	0	0	0	N	N	N	N	N	N	N	N	N	N	N	N	0.0000	0.0000	0.0000	0.0000	0.0000	0.0000	0.0000	0.0000	0.0000	0.0000	0.0000	0.0000	0.0000	0.0001	0.0003	0.0000	0.0004	0.0005	0.0000	0.0000	0.0000	0.0000	0.0000	0.0000	-0.0000	13.3057	3.8827	8.6321	2.9998	0.0000	0.0000	0.0000	0.0000	0.0000	0.0000	0.0000	0.0000	0.0000	0.0000	0.0000	0.0000	0.0000	0.0000	0.0000	0.0000	0.0000	0.0000	0.2468	0.2204	0.0265	0.1009	0.0952	0.0057	0.1460	0.1251	0.0208	0.0717	0.0434	0.0283	0.0239	0.0212	0.0027	0.0478	0.0222	0.0256	0.0000	0.0000	0.0000	0.0000	0.0000	0.0000	0.0000	0.0000	0.0000	0.0001	0.0002	0.0000	0.0004	0.0005	0.0000	0.0000	0.0000	0.0000						
51	119	0.5763	10	1	1	0	1	0	0	0	0	N	N	N	N	N	N	N	N	N	N	N	N	0.1461	0.1984	0.0000	24.9617	23.4047	0.0000	0.0000	0.0000	0.0002	0.0002	0.0000	0.0004	0.0004	0.0000	0.0000	0.0000	0.0000	0.0012	0.0010	0.0008	0.0000	0.0000	0.0000	0.0039	0.0403	0.0009	0.0000	0.9901	-0.0000	-0.0000	13.3057	2.8083	8.6321	0.0030	0.0000	0.0000	0.0000	0.0000	0.0000	0.0000	0.0000	0.0000	0.0000	0.0000	0.0000	0.0000	0.0000	0.0000	0.0000	0.0000	0.0000	0.0000	0.2139	0.1926	0.0213	0.0958	0.0906	0.0052	0.1182	0.1020	0.0162	0.0299	0.0180	0.0118	0.0099	0.0088	0.0011	0.0199	0.0092	0.0107	0.2680	0.3576	0.0000	24.9617	23.4047	0.0000	0.0000	0.0000	0.0000	0.0007	0.0006	0.0008	0.0000	0.0000	0.0000	0.0010	0.0011	0.0009	
51	120	0.5763	10	1	1	1	1	0	0	0	0	N	N	N	N	N	N	N	N	N	N	N	N	15173.4547	907978.1935	0.0000	6004.1557	5633.8372	6501.6286	inf	0.0000	1.5357	1.7162	0.0000	0.0206	0.0219	0.0000	2.5995	3.0218	0.0000	0.0001	0.0000	0.0003	0.0000	0.0000	0.0000	0.0004	0.0000	0.0003	0.0000	87.7180	-0.2776	0.0000	13.3057	9.6158	8.6321	0.0030	0.9669	0.9669	0.0000	0.0054	0.0054	0.0000	0.9616	0.9616	0.0000	0.0000	0.0000	0.0000	0.0000	0.0000	0.0000	0.0000	0.0000	0.0000	0.6296	0.5634	0.0662	0.2597	0.2452	0.0145	0.3699	0.3182	0.0517	0.1001	0.0604	0.0397	0.0332	0.0294	0.0038	0.0669	0.0310	0.0359	15173.4547	907978.1935	0.0000	6004.1557	5633.8372	0.0000	17354.5872	inf	0.0000	0.0001	0.0000	0.0003	0.0000	0.0000	0.0000	0.0001	0.0000	0.0003	
51	121	0.5666	9	1	1	0	1	0	0	0	0	N	N	N	N	N	N	N	N	N	N	N	N	0.0028	0.0286	0.0000	1.6327	1.5556	0.0000	0.0003	0.0004	0.0000	0.0015	0.0017	0.0000	0.0030	0.0032	0.0000	0.0002	0.0003	0.0000	0.5439	0.0599	0.6910	0.0019	0.0021	0.0000	0.7430	0.6858	0.6626	0.0001	8.2901	-0.0001	0.0009	13.3057	4.2457	8.6321	2.0144	0.0005	0.0005	0.0000	0.0004	0.0004	0.0000	0.0000	0.0000	0.0000	0.0034	0.0004	0.0030	0.0000	0.0000	0.0000	0.0034	0.0003	0.0030	0.3160	0.2849	0.0311	0.1480	0.1403	0.0076	0.1680	0.1446	0.0234	0.0744	0.0454	0.0291	0.0253	0.0228	0.0025	0.0492	0.0226	0.0266	0.0338	0.2120	0.0000	1.6327	1.5556	0.0000	0.0034	0.0188	0.0000	0.0457	0.0081	0.1045	0.0019	0.0021	0.0000	0.0683	0.0141	0.1142
51	122	0.5245	8	1	1	0	1	0	0	0	0	N	N	N	N	N	N	N	N	N	N	N	N	0.0000	0.0002	0.0000	0.0009	0.0005	0.0168	0.0000	0.0000	0.0000	0.0000	0.0000	0.0003	0.0000	0.0000	0.0000	0.0001	0.0000	0.0004	3.8112	0.0079	15.4949	0.0060	0.0067	0.0021	5.4903	0.0037	17.6553	25.1157	2652.4882	0.0000	0.3693	13.3057	11.9190	8.6321	13.1740	0.0000	0.0000	0.0000	0.0000	0.0000	0.0000	0.0000	0.0000	0.0000	0.9948	0.0004	0.9944	0.0004	0.0004	0.0000	0.9944	0.0000	0.9944	0.8041	0.7216	0.0825	0.3246	0.3082	0.0164	0.4795	0.4134	0.0661	0.2610	0.1547	0.1063	0.0799	0.0703	0.0096	0.1811	0.0844	0.0967	0.0000	0.0006	0.0000	0.0011	0.0007	0.0168	0.0000	0.0000	0.0000	3.8112	0.0024	9.3542	0.0048	0.0052	0.0021	5.4903	0.0001	10.2833
51	123	0.0809	2	1	1	1	1	0	0	0	0	N	N	N	N	N	N	N	N	N	N	N	N	0.4702	0.1764	66.5486	0.5250	0.5252	0.0149	25.4534	inf	81.3906	0.0012	0.0012	0.0017	0.0044	0.0045	0.0000	0.0006	0.0004	0.0018	0.0026	0.0066	0.0000	0.0084	0.0085	0.0008	0.0000	0.0000	0.0000	0.1793	0.0106	-0.0002	-0.0003	13.3057	12.8936	8.6321	4.1514	0.0012	0.0010	0.0002	0.0007	0.0007	0.0000	0.0004	0.0003	0.0002	0.0004	0.0004	0.0000	0.0004	0.0004	0.0000	0.0000	0.0000	0.0000	0.9543	0.8513	0.1030	0.1638	0.1613	0.0025	0.7905	0.6900	0.1005	0.3557	0.1889	0.1668	0.0663	0.0654	0.0009	0.2894	0.1235	0.1659	1.0571	0.5392	66.5486	0.7144	0.7168	0.0149	45.4958	inf	81.3906	0.0012	0.0022	0.0000	0.0062	0.0062	0.0008	0.0000	0.0000	0.0000
51	124	0.5398	9	1	2	0	0	0	0	0	0	N	Y	N	N	N	N	N	N	N	N	N	N	1536.5791	2686.8658	0.0086	0.1813	0.1696	0.0170	1665.4660	59841.9235	0.0096	1.2055	1.3452	0.0000	0.0001	0.0001	0.0000	1.9635	2.2739	0.0000	0.0008	0.0005	0.0007	0.0007	0.0008	0.0000	0.0012	0.0000	0.0007	0.0000	1.1949	-0.2868	-0.0000	13.3057	12.7386	8.6321	8.7370	0.9987	0.9987	0.0000	0.0000	0.0000	0.0000	0.9986	0.9986	0.0000	0.0001	0.0000	0.0001	0.0001	0.0000	0.0000	0.0001	0.0000	0.0001	0.8284	0.7424	0.0860	0.3198	0.3032	0.0166	0.5086	0.4392	0.0694	0.2262	0.1350	0.0912	0.0711	0.0630	0.0081	0.1551	0.0720	0.0831	2484.7464	3631.6755	0.0086	0.1813	0.1696	0.0170	5099.7511	23048714.6639	0.0096	0.0005	0.0004	0.0007	0.0007	0.0008	0.0000	0.0004	0.0000	0.0007
51	125	0.5245	8	1	2	0	0	0	0	0	0	N	Y	N	N	N	N	N	N	N	N	N	N	0.0187	0.0043	0.8506	0.0242	0.0217	0.1430	0.2507	0.7027	0.9691	0.0008	0.0008	0.0008	0.0014	0.0014	0.0000	0.0004	0.0004	0.0010	0.0446	0.1954	0.0009	0.0570	0.0668	0.0001	0.0018	0.0005	0.0010	0.1045	0.0481	-0.0001	-0.0005	13.3057	8.6431	8.6321	1.4782	0.0005	0.0005	0.0000	0.0003	0.0003	0.0000	0.0002	0.0001	0.0000	0.0009	0.0009	0.0000	0.0009	0.0009	0.0000	0.0000	0.0000	0.0000	0.6075	0.5463	0.0613	0.2537	0.2414	0.0124	0.3538	0.3049	0.0489	0.1109	0.0656	0.0453	0.0348	0.0305	0.0043	0.0761	0.0351	0.0410	0.1018	0.0635	0.8506	0.0552	0.0508	0.1430	0.8174	135.8608	0.9691	0.0082	0.0132	0.0009	0.0249	0.0285	0.0001	0.0005	0.0000	0.0010
51	126	0.5150	7	1	1	0	0	0	0	0	0	N	N	N	N	N	N	N	N	N	N	N	N	0.0891	0.0032	1.8902	0.0369	0.0121	213.3757	0.0518	0.0002	1.4652	0.0084	0.0000	0.0826	0.0002	0.0001	0.0017	0.0139	0.0000	0.0997	0.0948	0.0118	0.0437	0.0043	0.0073	0.0000	0.2682	0.0008	0.0680	251.5157	4.6072	0.0019	0.0002	13.3057	4.1618	8.6321	2.0491	0.0028	0.0000	0.0027	0.0000	0.0000	0.0000	0.0027	0.0000	0.0027	0.0011	0.0002	0.0009	0.0002	0.0002	0.0000	0.0009	0.0000	0.0009	0.3257	0.2925	0.0331	0.1293	0.1236	0.0058	0.1963	0.1689	0.0274	0.0982	0.0567	0.0415	0.0484	0.0344	0.0140	0.0498	0.0222	0.0275	0.7860	0.0112	3.9587	0.0409	0.0161	213.3757	0.7982	0.0292	3.1661	0.0107	0.0033	0.0209	0.0039	0.0055	0.0000	0.0174	0.0000	0.0315
51	127	0.4858	6	1	1	0	0	0	0	0	0	N	N	N	N	N	N	N	N	N	N	N	N	0.0001	0.0000	9.3378	0.0000	0.0000	0.0137	132.2894	0.1478	555.1164	0.0001	0.0000	0.0011	0.0000	0.0000	0.0000	0.0002	0.0000	0.0014	2.0450	3.3012	0.0001	6.0458	6.6111	0.0016	0.0000	0.0002	0.0000	7.0081	0.0000	0.0000	-0.2848	13.3057	9.4810	8.6321	7.4917	0.0001	0.0000	0.0001	0.0000	0.0000	0.0000	0.0001	0.0000	0.0001	0.4532	0.4532	0.0000	0.4532	0.4532	0.0000	0.0000	0.0000	0.0000	0.5977	0.5325	0.0652	0.2140	0.2019	0.0121	0.3838	0.3306	0.0531	0.2216	0.1373	0.0843	0.0750	0.0686	0.0064	0.1467	0.0687	0.0779	0.0001	0.0000	9.3378	0.0000	0.0000	0.0137	132.2894	43.6320	555.1164	2.0450	3.3012	0.0001	6.0458	6.6111	0.0016	0.0000	0.0000	0.0000
51	128	0.0931	3	2	2	0	0	0	0	0	0	Y	Y	N	N	N	N	N	N	N	N	N	N	inf	inf	inf	inf	inf	inf	inf	0.0000	0.0000	0.0000	0.0000	0.0000	0.0000	0.0000	0.0000	0.0000	0.0000	0.0000	0.0000	0.0000	0.0000	0.0000	0.0000	0.0000	0.0000	1.2291	0.0000	0.0000	13.3057	2.0107	8.6321	1.9995	0.0000	0.0000	0.0000	0.0000	0.0000	0.0000	0.0000	0.0000	0.0000	0.0000	0.0000	0.0000	0.0000	0.0000	0.0000	0.0000	0.0000	0.0000	0.1353	0.1195	0.0158	0.0192	0.0189	0.0004	0.1160	0.1006	0.0155	0.0696	0.0375	0.0321	0.0087	0.0085	0.0002	0.0609	0.0290	0.0319	inf	inf	inf	inf	inf	0.0000	inf	0.0000	inf	0.0000	0.0000	0.0000	0.0000	0.0000	0.0000	0.0000	0.0000	0.0000			
51	129	0.0809	2	2	2	0	0	0	0	0	0	Y	Y	N	N	N	N	N	N	N	N	N	N	0.9878	0.3774	110.1492	2.0589	1.9844	0.0010	15.1337	152.7656	0.0053	0.0056	0.0033	0.0234	0.0237	0.0000	0.0004	0.0000	0.0034	0.0054	0.0147	0.0000	0.0114	0.0119	0.0018	0.0000	0.0000	0.0000	0.0662	0.0070	-0.0006	-0.0002	13.3057	5.6459	8.6321	1.1399	0.0026	0.0024	0.0002	0.0024	0.0024	0.0000	0.0002	0.0000	0.0002	0.0004	0.0004	0.0000	0.0004	0.0004	0.0000	0.0000	0.0000	0.0000	0.4879	0.4392	0.0487	0.1043	0.1032	0.0012	0.3836	0.3360	0.0476	0.1906	0.1001	0.0905	0.0498	0.0494	0.0004	0.1408	0.0507	0.0901	2.6017	1.4332	110.1492	2.9948	3.0099	0.0010	29.5999	0.0000	152.7656	0.0021	0.0039	0.0000	0.0078	0.0079	0.0018	0.0000	0.0000	0.0000	
52	54	0.8517	15	0	2	0	2	0	0	0	0	N	Y	N	Y	N	N	N	N	N	N	N	N	0.0000	0.0000	0.0000	0.0000	0.0000	0.0000	0.0000	0.0000	0.0000	0.0000	0.0000	0.0000	0.0000	0.0000	0.0000	0.0000	0.0000	0.0000	0.0000	0.0000	2.1073	0.0000	0.0711	0.0000	0.0000	0.0000	0.0000	0.0000	0.0000	0.0000	0.0000	0.0000	0.0000	0.0000	0.0000	0.0000	0.0000	0.0000	0.0000	0.0000	0.0000	0.0000	0.0000	0.0000	0.0000	0.0000	0.0000	0.0000	0.0000	0.0000	0.0000	0.0000	0.0000	0.0000	0.0000	0.0000	0.0000	0.0000	0.0000	0.0000	0.0000	0.0000	0.0000	0.0000	0.0000	0.0000	0.0000	0.0000	0.0000	0.0000	0.0000	0.0000	0.0000	0.0000	0.0000	0.0000	0.0000	0.0000											
52	55	0.0663	2	0	1	0	2	0	0	0	0	N	N	N	Y	N	N	N	N	N	N	N	N	0.4753	1.7197	0.0338	33.4152	34.0742	0.0885	0.0106	0.0000	0.0364	0.3772	0.4292	0.0603	2.0061	2.0354	0.0237	0.0103	0.0000	0.0610	0.7936	0.2496	1.7833	0.0600	0.0597	0.2674	0.9752	0.0007	1.6740	0.0231	11.7711	-0.0019	0.0002	2.1073	1.2825	0.0711	0.1503	0.0070	0.0068	0.0002	0.0068	0.0068	0.0000	0.0002	0.0000	0.0002	0.0007	0.0001	0.0006	0.0001	0.0001	0.0000	0.0006	0.0000	0.0006	0.0186	0.0159	0.0026	0.0034	0.0034	0.0000	0.0151	0.0126	0.0026	0.0058	0.0033	0.0025	0.0020	0.0020	0.0000	0.0038	0.0013	0.0025	3.3451	27.5254	0.2516	74.6048	78.1993	0.1866	0.0657	0.0000	0.2537	0.1128	0.0156	0.2396	0.0269	0.0260	0.1268	0.1574	0.0000	0.2403
52	59	0.8517	15	0	1	0	2	0	0	0	0	N	N	N	Y	N	N	N	N	N	N	N	N	0.0000	0.0000	0.0000	0.0000	0.0000	0.0000	0.0000	0.0000	0.0000	0.0000	0.0000	0.0000	0.0000	0.0000	0.0000	0.0000	0.0000	0.0000	0.0000	0.0000	2.1073	0.0000	0.0711	0.0000	0.0000	0.0000	0.0000	0.0000	0.0000	0.0000	0.0000	0.0000	0.0000	0.0000	0.0000	0.0000	0.0000	0.0000	0.0000	0.0000	0.0000	0.0000	0.0000	0.0000	0.0000	0.0000	0.0000	0.0000	0.0000	0.0000	0.0000	0.0000	0.0000	0.0000	0.0000	0.0000	0.0000	0.0000	0.0000	0.0000	0.0000	0.0000	0.0000	0.0000	0.0000	0.0000	0.0000	0.0000	0.0000	0.0000	0.0000	0.0000	0.0000	0.0000	0.0000	0.0000	0.0000	0.0000											
52	60	0.7743	14	0	1	0	2	0	0	0	0	N	N	N	Y	N	N	N	N	N	N	N	N	0.0003	0.1132	0.0004	0.0623	0.4195	0.1375	0.0000	0.0000	0.0000	0.0003	0.0001	0.0018	0.0007	0.0003	0.0088	0.0000	0.0000	0.0000	1.1221	0.0011	4.1115	0.0119	0.0007	0.0641	1.4851	0.0111	4.7105	1.6165	1385.4358	0.0000	0.0051	2.1073	19.3360	0.0711	7.9957	0.0000	0.0000	0.0000	0.0000	0.0000	0.0000	0.0000	0.0000	0.0000	0.0137	0.0000	0.0137	0.0001	0.0000	0.0001	0.0136	0.0000	0.0136	0.1567	0.1408	0.0160	0.0623	0.0591	0.0032	0.0944	0.0817	0.0127	0.0254	0.0163	0.0091	0.0122	0.0103	0.0019	0.0132	0.0061	0.0072	0.0005	0.2078	0.0012	0.0914	0.4195	0.1857	0.0000	0.0000	0.0000	0.5411	0.0006	1.5117	0.0081	0.0007	0.0475	1.0327	0.0004	1.9064
52	61	0.4642	12	0	2	1	1	0	0	0	0	N	Y	N	N	N	N	N	N	N	N	N	N	0.0000	0.0000	0.0279	0.0000	0.0000	0.1316	0.0016	0.0000	0.0229	0.0000	0.0000	0.0000	0.0000	0.0000	0.0000	0.0000	0.0000	0.0000	0.9392	1.2906	0.0001	2.1973	2.2954	0.0000	0.0001	0.0016	0.0001	0.0826	0.0001	-0.0000	-0.0040	2.1073	14.2360	0.0711	11.9336	0.0000	0.0000	0.0000	0.0000	0.0000	0.0000	0.0000	0.0000	0.0000	0.0064	0.0064	0.0000	0.0064	0.0064	0.0000	0.0000	0.0000	0.0000	0.1320	0.1178	0.0141	0.0478	0.0453	0.0025	0.0841	0.0725	0.0116	0.0276	0.0163	0.0113	0.0079	0.0070	0.0010	0.0197	0.0093	0.0104	0.0000	0.0000	0.0279	0.0000	0.0000	0.1316	0.0045	0.0000	0.0229	0.2298	0.3893	0.0001	0.7999	0.9086	0.0000	0.0001	0.0000	0.0001
52	62	0.3921	12	1	1	1	1	0	0	0	0	N	N	N	N	N	N	N	N	N	N	N	N	0.1287	1904.5354	0.0188	5.2412	2049.0395	0.0003	0.0013	inf	0.0295	0.0284	0.0315	0.0023	0.0759	0.0799	0.0000	0.0004	0.0000	0.0027	0.2206	0.0000	0.1201	0.0145	0.0000	0.1183	0.2946	0.0000	0.0926	0.0084	1872.5293	-0.0020	0.0002	2.1073	28.8660	0.0711	13.2209	0.0072	0.0071	0.0001	0.0071	0.0071	0.0000	0.0001	0.0000	0.0001	0.0007	0.0000	0.0007	0.0001	0.0000	0.0001	0.0006	0.0000	0.0006	0.2530	0.2266	0.0264	0.0939	0.0892	0.0047	0.1592	0.1374	0.0217	0.0404	0.0235	0.0168	0.0105	0.0092	0.0014	0.0299	0.0144	0.0155	1.7145	2073.8854	0.0569	8.0730	2049.0395	0.0006	0.0197	inf	0.0743	0.0166	0.0000	0.0397	0.0094	0.0000	0.0724	0.0191	0.0000	0.0368
52	63	0.3894	11	1	2	0	1	0	0	0	0	N	Y	N	N	N	N	N	N	N	N	N	N	0.0071	0.0045	0.0506	0.0643	0.0032	0.2791	0.0004	0.0078	0.0000	0.0000	0.0000	0.0004	0.0001	0.0000	0.0021	0.0000	0.0000	0.0000	0.0068	0.0013	0.0077	0.0020	0.0015	0.0075	0.0134	0.0009	0.0057	8.0797	5.1642	0.0000	0.0000	2.1073	5.0237	0.0711	8.0282	0.0000	0.0000	0.0000	0.0000	0.0000	0.0000	0.0000	0.0000	0.0000	0.0000	0.0000	0.0000	0.0000	0.0000	0.0000	0.0000	0.0000	0.0000	0.0470	0.0419	0.0052	0.0161	0.0151	0.0010	0.0309	0.0267	0.0042	0.0162	0.0097	0.0066	0.0046	0.0042	0.0004	0.0116	0.0054	0.0062	0.0195	0.0088	0.0763	0.0643	0.0032	0.2791	0.0021	0.9079	0.0000	0.0025	0.0007	0.0051	0.0020	0.0015	0.0075	0.0027	0.0000	0.0050
52	64	0.3264	10	1	2	0	1	0	0	0	0	N	Y	N	N	N	N	N	N	N	N	N	N	0.0011	0.0617	0.0000	0.0179	0.0373	0.0000	0.0012	0.1217	0.0000	0.0012	0.0013	0.0000	0.0008	0.0008	0.0000	0.0014	0.0016	0.0000	1.0189	0.0210	3.3461	0.0442	0.0224	0.1470	1.2293	0.0135	3.4680	0.0000	121.2985	-0.0001	0.0050	2.1073	17.5893	0.0711	19.0270	0.0002	0.0002	0.0000	0.0001	0.0001	0.0000	0.0002	0.0002	0.0000	0.0138	0.0001	0.0137	0.0002	0.0001	0.0001	0.0136	0.0000	0.0136	0.1906	0.1712	0.0194	0.0784	0.0740	0.0044	0.1122	0.0973	0.0150	0.0401	0.0233	0.0168	0.0094	0.0084	0.0011	0.0307	0.0150	0.0157	0.0034	0.2672	0.0000	0.0381	0.0663	0.0000	0.0032	3.2766	0.0000	0.3446	0.0048	0.8166	0.0207	0.0126	0.0836	0.4443	0.0005	0.8671
52	65	0.3200	9	0	2	0	1	0	0	0	0	N	Y	N	N	N	N	N	N	N	N	N	N	0.0000	0.0000	0.0013	0.0000	0.0000	0.0000	0.0000	0.0000	0.0009	0.0000	0.0000	0.0000	0.0001	0.0001	0.0000	0.0000	0.0000	0.0000	0.8717	1.1463	0.0068	1.3167	1.5823	0.0004	0.3983	0.9436	0.0121	0.0365	0.0100	-0.0000	-0.0012	2.1073	1.7566	0.0711	2.8742	0.0000	0.0000	0.0000	0.0000	0.0000	0.0000	0.0000	0.0000	0.0000	0.0020	0.0020	0.0000	0.0019	0.0019	0.0000	0.0001	0.0001	0.0000	0.0204	0.0183	0.0021	0.0073	0.0070	0.0004	0.0131	0.0113	0.0018	0.0120	0.0078	0.0042	0.0066	0.0046	0.0020	0.0054	0.0032	0.0022	0.0002	0.0001	0.0020	0.0002	0.0002	0.0000	0.0004	0.0002	0.0013	0.1657	0.2530	0.0047	0.2835	0.4088	0.0004	0.0236	0.0339	0.0086
52	66	0.4642	12	0	2	0	1	0	0	0	0	N	Y	N	N	N	N	N	N	N	N	N	N	3.2608	313.9768	0.0000	3.2230	257.3235	0.0000	46.3950	inf	0.0000	0.0031	0.0035	0.0000	0.0064	0.0068	0.0000	0.0013	0.0015	0.0000	0.0010	0.0000	0.0014	0.0020	0.0000	0.0163	0.0000	0.0000	0.0000	0.0000	86.4620	-0.0002	0.0000	2.1073	21.1811	0.0711	10.1862	0.0006	0.0006	0.0000	0.0004	0.0004	0.0000	0.0002	0.0002	0.0000	0.0000	0.0000	0.0000	0.0000	0.0000	0.0000	0.0000	0.0000	0.0000	0.1906	0.1704	0.0203	0.0686	0.0650	0.0037	0.1220	0.1054	0.0166	0.0326	0.0193	0.0134	0.0093	0.0082	0.0011	0.0233	0.0110	0.0122	5.4349	313.9768	0.0000	3.2230	257.3235	0.0000	90.7285	inf	0.0000	0.0006	0.0000	0.0014	0.0020	0.0000	0.0163	0.0000	0.0000	0.0000
52	67	0.4504	11	0	2	0	1	0	0	0	0	N	Y	N	N	N	N	N	N	N	N	N	N	0.0008	0.0004	0.0087	0.0005	0.0004	0.0089	0.1174	0.0081	0.0000	0.0000	0.0000	0.0000	0.0000	0.0000	0.0000	0.0000	0.0000	0.0000	0.0057	0.0134	0.0001	0.0112	0.0137	0.0003	0.0000	0.0006	0.0000	0.0103	0.0104	-0.0000	-0.0000	2.1073	7.4253	0.0711	0.9851	0.0000	0.0000	0.0000	0.0000	0.0000	0.0000	0.0000	0.0000	0.0000	0.0000	0.0000	0.0000	0.0000	0.0000	0.0000	0.0000	0.0000	0.0000	0.0711	0.0635	0.0075	0.0253	0.0240	0.0013	0.0458	0.0396	0.0062	0.0091	0.0054	0.0038	0.0025	0.0022	0.0003	0.0066	0.0032	0.0035	0.0022	0.0015	0.0087	0.0007	0.0007	0.0089	0.2369	1.3291	0.0000	0.0021	0.0036	0.0001	0.0077	0.0088	0.0003	0.0000	0.0000	0.0000
52	68	0.2711	6	0	1	1	1	0	0	0	0	N	N	N	N	N	N	N	N	N	N	N	N	3.6534	402.3272	10.6714	1.4281	0.7005	70.2393	4.9925	13307.4843	13.8590	2.2021	0.7030	10.5529	0.0025	0.0013	0.0224	3.8487	1.3396	12.6067	0.6028	0.0017	0.9889	0.0017	0.0018	0.0003	0.7709	0.0001	0.9096	2.6949	113.3154	0.2194	0.0006	2.1073	15.0354	0.0711	6.2061	0.4962	0.1343	0.3619	0.0002	0.0001	0.0001	0.4960	0.1342	0.3618	0.0017	0.0000	0.0017	0.0000	0.0000	0.0000	0.0017	0.0000	0.0017	0.2253	0.1910	0.0343	0.0965	0.0909	0.0056	0.1289	0.1002	0.0287	0.0315	0.0185	0.0130	0.0086	0.0083	0.0004	0.0229	0.0102	0.0126	40.5653	869.1929	80.9632	1.4281	0.7005	70.2393	51.9313	4150339.7504	94.0531	0.0543	0.0008	0.1303	0.0017	0.0018	0.0003	0.0741	0.0000	0.1340
52	69	0.2030	5	0	1	0	1	0	0	0	0	N	N	N	N	N	N	N	N	N	N	N	N	38.0649	0.9628	516.6667	2.1489	1.7605	276.7867	26.9222	1.8578	635.8480	1.9681	0.0076	18.1631	0.0175	0.0157	0.0495	2.8426	0.0036	21.3924	0.0517	0.0079	0.0352	0.0081	0.0089	0.0002	0.1056	0.0019	0.0336	290.8903	5.3610	0.4328	0.0001	2.1073	27.6811	0.0711	13.1592	0.6100	0.0021	0.6079	0.0017	0.0014	0.0003	0.6083	0.0007	0.6077	0.0005	0.0001	0.0004	0.0001	0.0001	0.0000	0.0004	0.0000	0.0004	0.3100	0.2765	0.0335	0.0960	0.0909	0.0051	0.2140	0.1856	0.0284	0.0531	0.0302	0.0229	0.0119	0.0113	0.0006	0.0412	0.0189	0.0223	224.9023	3.1264	1061.4326	2.8782	2.4511	276.7867	298.4937	84.8143	1215.8876	0.0088	0.0024	0.0171	0.0061	0.0064	0.0002	0.0095	0.0000	0.0176
52	71	0.4536	12	1	2	0	1	0	0	0	0	N	Y	N	N	N	N	N	N	N	N	N	N	1.0295	inf	3.7357	inf	inf	1.1047	4.2994	0.0000	0.0000	0.0000	0.0000	0.0000	0.0000	0.0000	0.0000	0.0000	0.0000	0.0000	0.0000	0.0000	0.0000	0.0000	0.0000	0.0000	0.0000	11.2216	inf	0.0000	0.0000	2.1073	17.5448	0.0711	6.0013	0.0000	0.0000	0.0000	0.0000	0.0000	0.0000	0.0000	0.0000	0.0000	0.0000	0.0000	0.0000	0.0000	0.0000	0.0000	0.0000	0.0000	0.0000	0.1637	0.1464	0.0173	0.0600	0.0566	0.0034	0.1037	0.0898	0.0139	0.0247	0.0145	0.0102	0.0068	0.0060	0.0008	0.0179	0.0086	0.0094	1.0295	inf	3.7357	inf	inf	0.0000	1.1047	0.0000	4.2994	0.0000	0.0000	0.0000	0.0000	0.0000	0.0000	0.0000	0.0000	0.0000		
52	72	0.5220	15	1	2	1	1	0	0	0	0	N	Y	N	N	N	N	N	N	N	N	N	N	0.0000	0.0000	0.0000	0.0000	0.0000	0.0000	0.0000	0.0000	0.0000	0.0000	0.0000	0.0000	0.0000	0.0001	0.0000	0.0004	0.0000	0.0000	0.0000	0.0005	0.0000	0.0004	inf	0.0000	0.0000	2.1073	1.8980	0.0711	2.9698	0.0000	0.0000	0.0000	0.0000	0.0000	0.0000	0.0000	0.0000	0.0000	0.0000	0.0000	0.0000	0.0000	0.0000	0.0000	0.0000	0.0000	0.0000	0.0180	0.0160	0.0019	0.0074	0.0070	0.0004	0.0106	0.0090	0.0015	0.0085	0.0058	0.0027	0.0033	0.0032	0.0002	0.0052	0.0026	0.0026	0.0000	0.0000	0.0000	0.0000	0.0000	0.0000	0.0000	0.0000	0.0000	0.0001	0.0000	0.0004	0.0000	0.0000	0.0000	0.0002	0.0000	0.0004						
52	73	0.5025	14	1	1	1	1	0	0	0	0	N	N	N	N	N	N	N	N	N	N	N	N	0.0001	0.0000	0.0010	0.0000	0.0000	0.0000	0.0000	0.0012	0.0000	0.0000	0.0000	0.0000	0.0000	0.0000	0.0000	0.0000	0.0001	0.0295	0.0002	0.0417	0.0003	0.0003	0.0001	0.1392	0.0000	0.0423	inf	65.8787	0.0000	0.0000	2.1073	3.5853	0.0711	4.3819	0.0000	0.0000	0.0000	0.0000	0.0000	0.0000	0.0000	0.0000	0.0000	0.0001	0.0000	0.0001	0.0000	0.0000	0.0000	0.0001	0.0000	0.0001	0.0712	0.0661	0.0052	0.0376	0.0365	0.0011	0.0336	0.0296	0.0041	0.0105	0.0069	0.0035	0.0038	0.0034	0.0003	0.0067	0.0035	0.0032	0.0004	0.0000	0.0020	0.0000	0.0000	0.0000	0.0006	0.0000	0.0023	0.0069	0.0002	0.0201	0.0003	0.0003	0.0001	0.0106	0.0000	0.0220	
52	74	0.4710	13	1	1	1	1	0	0	0	0	N	N	N	N	N	N	N	N	N	N	N	N	0.2267	0.0871	10.7407	0.1076	0.0981	0.0047	6.0226	1.0587	19.7603	0.0025	0.0023	0.0045	0.0021	0.0022	0.0000	0.0028	0.0023	0.0057	0.0110	0.0261	0.0004	0.0191	0.0222	0.0018	0.0005	0.0022	0.0003	0.2320	0.0480	-0.0000	-0.0000	2.1073	12.3589	0.0711	7.3592	0.0003	0.0002	0.0001	0.0001	0.0001	0.0000	0.0002	0.0001	0.0001	0.0001	0.0001	0.0000	0.0001	0.0001	0.0000	0.0000	0.0000	0.0000	0.1184	0.1060	0.0124	0.0455	0.0430	0.0026	0.0729	0.0630	0.0098	0.0219	0.0135	0.0085	0.0066	0.0059	0.0007	0.0153	0.0076	0.0077	0.7086	0.4133	10.7407	0.1810	0.1739	0.0047	16.1249	41.9892	19.7603	0.0035	0.0055	0.0004	0.0114	0.0125	0.0018	0.0002	0.0001	0.0003
52	75	0.4536	12	1	1	1	1	0	0	0	0	N	N	N	N	N	N	N	N	N	N	N	N	5.7747	4.4751	0.4109	4.0929	3.9742	0.0000	3.7999	0.5531	0.6012	0.0007	0.0007	0.0000	0.0014	0.0015	0.0000	0.0002	0.0002	0.0000	0.0001	0.0002	0.0000	0.0004	0.0004	0.0001	0.0000	0.0003	0.0000	0.0031	0.2056	-0.0000	-0.0000	2.1073	10.2127	0.0711	1.0234	0.0001	0.0001	0.0000	0.0001	0.0001	0.0000	0.0000	0.0000	0.0000	0.0000	0.0000	0.0000	0.0000	0.0000	0.0000	0.0000	0.0000	0.0000	0.1009	0.0902	0.0107	0.0387	0.0364	0.0023	0.0623	0.0539	0.0084	0.0121	0.0071	0.0050	0.0034	0.0029	0.0004	0.0088	0.0042	0.0046	5.7747	4.5606	0.4109	4.0929	3.9742	0.0000	7.4936	132.9697	0.6012	0.0001	0.0002	0.0000	0.0004	0.0004	0.0001	0.0000	0.0000	0.0000
52	76	0.4504	11	1	1	0	1	0	0	0	0	N	N	N	N	N	N	N	N	N	N	N	N	0.3286	0.4418	0.0000	0.5171	0.4794	0.0285	inf	0.0000	0.0000	0.0000	0.0000	0.0000	0.0000	0.0000	0.0000	0.0000	0.0000	0.0000	0.0000	0.0000	0.0000	0.0000	0.0000	0.0000	0.0000	0.0000	0.0000	1.2675	-0.0000	-0.0000	2.1073	3.7027	0.0711	0.0091	0.0000	0.0000	0.0000	0.0000	0.0000	0.0000	0.0000	0.0000	0.0000	0.0000	0.0000	0.0000	0.0000	0.0000	0.0000	0.0000	0.0000	0.0000	0.0376	0.0337	0.0039	0.0136	0.0130	0.0007	0.0239	0.0207	0.0032	0.0041	0.0024	0.0017	0.0011	0.0010	0.0001	0.0029	0.0014	0.0015	0.3286	0.4881	0.0000	0.5171	0.4794	0.0000	0.0549	inf	0.0000	0.0000	0.0000	0.0000	0.0000	0.0000	0.0000	0.0000	0.0000	0.0000	
52	77	0.4334	10	0	1	0	1	0	0	0	0	N	N	N	N	N	N	N	N	N	N	N	N	82.1668	0.0000	1850.5846	0.9412	0.0000	122.5902	235.5920	2372.2382	0.0145	0.0000	0.1438	0.0004	0.0000	0.0076	0.0251	0.0000	0.1871	0.0002	0.0003	0.0001	0.0005	0.0005	0.0001	0.0001	0.0000	0.0001	inf	0.2009	0.0005	-0.0000	2.1073	3.8334	0.0711	6.1787	0.0008	0.0000	0.0008	0.0000	0.0000	0.0000	0.0008	0.0000	0.0008	0.0000	0.0000	0.0000	0.0000	0.0000	0.0000	0.0000	0.0000	0.0000	0.0531	0.0478	0.0053	0.0229	0.0216	0.0013	0.0302	0.0261	0.0041	0.0155	0.0096	0.0059	0.0051	0.0047	0.0004	0.0104	0.0049	0.0055	82.1668	0.0000	1850.5846	0.9412	0.0000	122.5902	604.5002	0.0000	2372.2382	0.0002	0.0002	0.0001	0.0005	0.0005	0.0001	0.0000	0.0000	0.0001	
52	78	0.3943	9	0	1	0	1	0	0	0	0	N	N	N	N	N	N	N	N	N	N	N	N	1557.6957	0.0106	107146.7018	0.1038	0.0022	20.9837	7477.6420	0.0141	138047.0880	5.5680	0.0001	51.2513	0.0004	0.0000	0.0063	9.1049	0.0001	68.0238	0.0036	0.0063	0.0005	0.0043	0.0049	0.0003	0.0012	0.0075	0.0005	93420.8212	0.1410	0.6925	-0.0000	2.1073	16.9094	0.0711	5.8161	0.9715	0.0000	0.9715	0.0000	0.0000	0.0000	0.9715	0.0000	0.9715	0.0000	0.0000	0.0000	0.0000	0.0000	0.0000	0.0000	0.0000	0.0000	0.1745	0.1555	0.0190	0.0678	0.0631	0.0047	0.1067	0.0924	0.0143	0.0331	0.0205	0.0127	0.0103	0.0094	0.0009	0.0228	0.0111	0.0117	3765.4414	0.0319	107146.7018	0.1147	0.0025	20.9837	22869.7630	0.3523	138047.0880	0.0015	0.0021	0.0005	0.0039	0.0042	0.0003	0.0004	0.0003	0.0005
52	79	0.3200	9	0	2	0	1	0	0	0	0	N	Y	N	N	N	N	N	N	N	N	N	N	0.0024	0.0014	636.8606	0.4070	0.3077	0.0000	0.0008	0.0000	667.6503	0.0015	0.0011	0.0042	0.0033	0.0035	0.0000	0.0007	0.0000	0.0050	0.6156	0.8294	0.0000	0.0080	0.0113	0.0000	0.7839	1.6118	0.0000	0.4537	0.0000	0.0000	-0.0018	2.1073	23.9173	0.0711	17.8091	0.0003	0.0002	0.0001	0.0002	0.0002	0.0000	0.0001	0.0000	0.0001	0.0028	0.0028	0.0000	0.0001	0.0001	0.0000	0.0027	0.0027	0.0000	0.2175	0.1936	0.0239	0.0673	0.0633	0.0040	0.1502	0.1302	0.0200	0.0496	0.0293	0.0203	0.0143	0.0116	0.0027	0.0353	0.0177	0.0176	0.0258	0.0118	636.8606	0.5430	0.4675	0.0000	0.0085	0.0000	667.6503	0.0571	0.0967	0.0000	0.0060	0.0074	0.0000	0.0779	0.1555	0.0000
52	80	0.3040	8	0	2	0	1	0	0	0	0	N	Y	N	N	N	N	N	N	N	N	N	N	0.0106	0.0090	0.0020	0.0329	0.0283	0.0000	0.0000	0.0000	0.0024	0.0087	0.0099	0.0000	0.0288	0.0307	0.0000	0.0000	0.0000	0.0000	0.8286	1.1005	0.0005	0.8746	1.0818	0.0005	0.8860	1.7565	0.0005	0.0000	0.0013	-0.0001	-0.0015	2.1073	6.1279	0.0711	3.6878	0.0005	0.0005	0.0000	0.0005	0.0005	0.0000	0.0000	0.0000	0.0000	0.0023	0.0023	0.0000	0.0012	0.0012	0.0000	0.0011	0.0011	0.0000	0.0572	0.0507	0.0064	0.0174	0.0163	0.0011	0.0398	0.0344	0.0054	0.0173	0.0107	0.0067	0.0073	0.0052	0.0021	0.0101	0.0055	0.0046	0.0653	0.0454	0.0020	0.1752	0.1333	0.0000	0.0000	0.0000	0.0024	0.1339	0.2170	0.0005	0.1644	0.2300	0.0005	0.1119	0.2047	0.0005
52	81	0.3921	12	1	1	1	1	0	0	0	0	N	N	N	N	N	N	N	N	N	N	N	N	0.4719	0.1762	651.8629	0.2866	0.2624	10.0719	48.6896	0.2552	779.6655	0.0005	0.0005	0.0012	0.0007	0.0007	0.0000	0.0004	0.0003	0.0014	0.0011	0.0027	0.0000	0.0024	0.0028	0.0000	0.0000	0.0011	0.0000	0.2956	0.0012	-0.0000	-0.0000	2.1073	27.2690	0.0711	12.3406	0.0001	0.0001	0.0000	0.0001	0.0001	0.0000	0.0001	0.0000	0.0000	0.0000	0.0000	0.0000	0.0000	0.0000	0.0000	0.0000	0.0000	0.0000	0.2426	0.2172	0.0253	0.0901	0.0857	0.0045	0.1524	0.1315	0.0209	0.0386	0.0225	0.0161	0.0101	0.0088	0.0013	0.0285	0.0137	0.0148	0.8437	0.4246	651.8629	0.2866	0.2624	10.0719	59.3669	21.3283	779.6655	0.0006	0.0011	0.0000	0.0024	0.0028	0.0000	0.0000	0.0000	0.0000
52	82	0.3767	11	0	1	0	1	0	0	0	0	N	N	N	N	N	N	N	N	N	N	N	N	1550.3921	0.4251	13410.2117	0.4395	1.3804	0.5924	1261.6032	0.0120	24540.6505	10.0606	0.0003	102.3872	0.0006	0.0004	0.0055	16.9995	0.0002	126.9395	0.0065	0.0006	0.0076	0.0015	0.0003	0.0093	0.0135	0.0134	0.0052	42076.7658	8.7401	0.6935	0.0000	2.1073	9.0798	0.0711	0.9519	0.9729	0.0000	0.9728	0.0000	0.0000	0.0000	0.9728	0.0000	0.9728	0.0000	0.0000	0.0000	0.0000	0.0000	0.0000	0.0000	0.0000	0.0000	0.0967	0.0872	0.0095	0.0395	0.0376	0.0018	0.0572	0.0496	0.0077	0.0106	0.0062	0.0045	0.0027	0.0024	0.0004	0.0079	0.0038	0.0041	4238.2531	0.6316	20163.7722	0.4395	1.3804	0.5924	6320.8339	0.3221	26938.4389	0.0024	0.0004	0.0051	0.0015	0.0003	0.0093	0.0027	0.0005	0.0047
52	83	0.3040	8	0	2	0	1	0	0	0	0	N	Y	N	N	N	N	N	N	N	N	N	N	0.0024	0.0020	0.0000	0.0030	0.0028	0.1195	0.0037	0.0000	0.0013	0.0015	0.0000	0.0026	0.0028	0.0000	0.0008	0.0009	0.0000	0.5450	0.7472	0.0000	0.8682	0.9972	0.0000	0.0064	0.2347	0.0000	0.0000	0.0000	-0.0001	-0.0013	2.1073	21.0000	0.0711	14.4214	0.0003	0.0003	0.0000	0.0002	0.0002	0.0000	0.0001	0.0001	0.0000	0.0020	0.0020	0.0000	0.0020	0.0020	0.0000	0.0001	0.0001	0.0000	0.1886	0.1676	0.0210	0.0568	0.0534	0.0034	0.1318	0.1142	0.0176	0.0437	0.0257	0.0180	0.0120	0.0095	0.0024	0.0317	0.0161	0.0156	0.0289	0.0191	0.0000	0.0162	0.0137	0.0000	0.4777	0.2802	0.0000	0.0459	0.0782	0.0000	0.1636	0.2050	0.0000	0.0016	0.0031	0.0000	
52	84	0.3616	12	0	1	1	1	0	0	0	0	N	N	N	N	N	N	N	N	N	N	N	N	0.0046	0.0034	0.0000	0.0028	0.0026	706.2066	inf	0.0000	0.0017	0.0020	0.0000	0.0015	0.0016	0.0000	0.0019	0.0022	0.0000	0.3822	0.5743	0.0000	0.5176	0.5858	0.0000	0.0000	0.0000	0.0000	0.0000	0.0001	-0.0001	-0.0006	2.1073	20.4085	0.0711	11.0867	0.0003	0.0003	0.0000	0.0001	0.0001	0.0000	0.0002	0.0002	0.0000	0.0009	0.0009	0.0000	0.0009	0.0009	0.0000	0.0000	0.0000	0.0000	0.1887	0.1680	0.0207	0.0616	0.0580	0.0036	0.1270	0.1100	0.0171	0.0346	0.0205	0.0141	0.0094	0.0081	0.0013	0.0253	0.0125	0.0128	0.0664	0.0442	0.0000	0.0150	0.0137	0.0000	706.2066	inf	0.0000	0.0263	0.0444	0.0000	0.0975	0.1130	0.0000	0.0000	0.0000	0.0000	
52	85	0.3579	11	0	1	1	1	0	0	0	0	N	N	N	N	N	N	N	N	N	N	N	N	0.0001	0.0001	0.0000	0.0000	0.0000	0.0000	0.0001	0.0016	0.0000	0.0000	0.0000	0.0000	0.0000	0.0000	0.0000	0.0000	0.0000	0.0000	0.0105	0.0100	0.0057	0.0092	0.0105	0.0029	0.0098	0.0010	0.0044	0.0000	0.9618	-0.0000	-0.0000	2.1073	3.1287	0.0711	1.1816	0.0000	0.0000	0.0000	0.0000	0.0000	0.0000	0.0000	0.0000	0.0000	0.0000	0.0000	0.0000	0.0000	0.0000	0.0000	0.0000	0.0000	0.0000	0.0419	0.0374	0.0045	0.0196	0.0181	0.0014	0.0223	0.0192	0.0031	0.0053	0.0031	0.0021	0.0015	0.0013	0.0002	0.0038	0.0019	0.0019	0.0003	0.0004	0.0000	0.0001	0.0001	0.0000	0.0006	0.1553	0.0000	0.0034	0.0029	0.0042	0.0066	0.0071	0.0029	0.0022	0.0000	0.0043
52	86	0.3510	10	0	1	0	1	0	0	0	0	N	N	N	N	N	N	N	N	N	N	N	N	0.0000	0.0000	0.0000	0.0000	0.0000	0.0000	0.0000	0.0000	0.0000	0.0000	0.0000	0.0000	0.0000	0.0000	0.0000	0.0000	0.0000	0.0000	0.0123	0.0104	0.0077	0.0074	0.0057	0.0119	0.0168	0.0933	0.0047	1.1735	0.0000	-0.0000	2.1073	4.0532	0.0711	2.2470	0.0000	0.0000	0.0000	0.0000	0.0000	0.0000	0.0000	0.0000	0.0000	0.0000	0.0000	0.0000	0.0000	0.0000	0.0000	0.0000	0.0000	0.0000	0.0459	0.0409	0.0050	0.0200	0.0185	0.0015	0.0259	0.0224	0.0035	0.0079	0.0047	0.0032	0.0022	0.0020	0.0003	0.0056	0.0027	0.0029	0.0000	0.0000	0.0000	0.0000	0.0000	0.0000	0.0000	0.0000	0.0000	0.0039	0.0030	0.0051	0.0056	0.0047	0.0119	0.0032	0.0018	0.0045	
52	87	0.3278	9	0	1	0	1	0	0	0	0	N	N	N	N	N	N	N	N	N	N	N	N	0.0000	0.0000	0.0000	0.0002	0.0003	0.0002	0.0000	0.0000	0.0000	0.0000	0.0000	0.0000	0.0000	0.0000	0.0000	0.0000	0.0000	0.0000	0.8562	1.0408	0.6397	0.0248	0.0201	0.0223	1.0667	1.9016	0.7342	0.0552	0.3266	-0.0000	-0.0014	2.1073	4.7288	0.0711	9.8540	0.0000	0.0000	0.0000	0.0000	0.0000	0.0000	0.0000	0.0000	0.0000	0.0037	0.0028	0.0009	0.0001	0.0001	0.0000	0.0035	0.0027	0.0009	0.0623	0.0566	0.0058	0.0297	0.0284	0.0013	0.0326	0.0282	0.0044	0.0245	0.0154	0.0092	0.0100	0.0077	0.0023	0.0146	0.0077	0.0069	0.0000	0.0000	0.0000	0.0004	0.0005	0.0002	0.0000	0.0000	0.0000	0.1490	0.1791	0.0983	0.0139	0.0116	0.0217	0.2412	0.3473	0.1233
52	88	0.3040	8	0	1	0	1	0	0	0	0	N	N	N	N	N	N	N	N	N	N	N	N	0.0000	0.0000	0.0000	0.0000	0.0000	0.0000	0.0000	0.0000	0.0000	0.0000	0.0000	0.0000	0.0000	0.0000	0.0000	0.0000	0.0000	0.0000	0.7602	1.0175	0.0025	0.7692	0.9612	0.0010	0.7848	1.5630	0.0029	0.0000	0.0097	-0.0000	-0.0015	2.1073	8.6320	0.0711	7.0881	0.0000	0.0000	0.0000	0.0000	0.0000	0.0000	0.0000	0.0000	0.0000	0.0024	0.0024	0.0000	0.0012	0.0012	0.0000	0.0012	0.0012	0.0000	0.0800	0.0710	0.0090	0.0242	0.0228	0.0015	0.0557	0.0482	0.0075	0.0237	0.0143	0.0094	0.0084	0.0062	0.0022	0.0153	0.0080	0.0072	0.0000	0.0000	0.0000	0.0000	0.0000	0.0000	0.0000	0.0000	0.0000	0.1013	0.1663	0.0025	0.1436	0.1929	0.0010	0.0780	0.1456	0.0029
52	89	0.3717	10	0	2	0	1	0	0	0	0	N	Y	N	N	N	N	N	N	N	N	N	N	0.7722	32.9694	0.4404	1.6718	35.2138	0.1555	0.0000	0.0000	0.0002	0.0027	0.0028	0.0018	0.0075	0.0074	0.0093	0.0000	0.0000	0.0000	0.0035	0.0001	0.0041	0.0045	0.0002	0.0598	0.0018	0.0003	0.0011	0.0758	27.3452	-0.0001	0.0000	2.1073	15.4622	0.0711	5.2688	0.0004	0.0004	0.0000	0.0004	0.0004	0.0000	0.0000	0.0000	0.0000	0.0000	0.0000	0.0000	0.0000	0.0000	0.0000	0.0000	0.0000	0.0000	0.1587	0.1419	0.0168	0.0565	0.0533	0.0032	0.1021	0.0886	0.0136	0.0244	0.0147	0.0096	0.0064	0.0059	0.0005	0.0180	0.0088	0.0091	1.8530	32.9694	0.5072	1.8901	35.2138	0.2063	0.0000	0.0000	0.0002	0.0014	0.0001	0.0035	0.0040	0.0002	0.0451	0.0005	0.0000	0.0011
52	90	0.3600	9	0	1	0	1	0	0	0	0	N	N	N	N	N	N	N	N	N	N	N	N	0.0445	0.0412	0.0205	0.0192	0.0326	0.0008	0.5055	0.1849	0.2140	0.0007	0.0008	0.0002	0.0005	0.0005	0.0001	0.0009	0.0010	0.0002	0.0165	0.0194	0.0078	0.0258	0.0160	0.0837	0.0017	0.0052	0.0008	0.0231	0.6760	-0.0000	-0.0000	2.1073	7.5917	0.0711	1.5198	0.0001	0.0001	0.0000	0.0000	0.0000	0.0000	0.0000	0.0000	0.0000	0.0001	0.0000	0.0000	0.0001	0.0000	0.0000	0.0000	0.0000	0.0000	0.0827	0.0741	0.0086	0.0299	0.0282	0.0017	0.0527	0.0459	0.0069	0.0135	0.0084	0.0051	0.0042	0.0038	0.0004	0.0093	0.0046	0.0047	0.1525	0.1739	0.0309	0.0350	0.0529	0.0013	1.6504	4.8780	0.2140	0.0048	0.0046	0.0052	0.0142	0.0099	0.0554	0.0005	0.0002	0.0008
52	91	0.4692	13	1	1	1	1	0	0	0	0	N	N	N	N	N	N	N	N	N	N	N	N	0.0000	0.0000	0.0000	0.0000	0.0000	0.0000	0.0000	0.0000	0.0000	0.0000	0.0000	0.0000	0.0000	0.0000	0.0000	0.0000	0.0000	0.0000	0.0000	0.0000	2.1073	3.0317	0.0711	0.1644	0.0000	0.0000	0.0000	0.0000	0.0000	0.0000	0.0000	0.0000	0.0000	0.0000	0.0000	0.0000	0.0000	0.0000	0.0000	0.0000	0.0000	0.0000	0.0275	0.0246	0.0029	0.0099	0.0094	0.0005	0.0176	0.0152	0.0024	0.0035	0.0020	0.0014	0.0010	0.0009	0.0001	0.0025	0.0012	0.0013	0.0000	0.0000	0.0000	0.0000	0.0000	0.0000	0.0000	0.0000	0.0000	0.0000	0.0000	0.0000	0.0000	0.0000	0.0000	0.0000	0.0000	0.0000											
52	92	0.4634	12	1	1	1	1	0	0	0	0	N	N	N	N	N	N	N	N	N	N	N	N	1.0497	0.8868	0.0419	0.5665	0.5292	inf	0.8156	0.0617	0.0000	0.0000	0.0000	0.0000	0.0000	0.0000	0.0000	0.0000	0.0000	0.0000	0.0000	0.0000	0.0000	0.0001	0.0001	0.0000	0.0000	0.0005	0.0000	0.0032	0.5864	-0.0000	-0.0000	2.1073	2.6632	0.0711	1.0147	0.0000	0.0000	0.0000	0.0000	0.0000	0.0000	0.0000	0.0000	0.0000	0.0000	0.0000	0.0000	0.0000	0.0000	0.0000	0.0000	0.0000	0.0000	0.0361	0.0330	0.0032	0.0188	0.0179	0.0009	0.0173	0.0151	0.0022	0.0043	0.0026	0.0017	0.0013	0.0011	0.0001	0.0030	0.0015	0.0016	1.0497	1.0866	0.0419	0.5665	0.5292	inf	1.6458	11.1674	0.0000	0.0000	0.0000	0.0000	0.0001	0.0001	0.0000	0.0000	0.0000	0.0000
52	93	0.3802	11	1	1	1	1	0	0	0	0	N	N	N	N	N	N	N	N	N	N	N	N	91.9150	71.7631	14.6800	80.6885	74.3914	156.4199	5.8179	2.7295	4.4083	0.0135	0.0150	0.0011	0.0340	0.0355	0.0046	0.0006	0.0007	0.0004	0.0001	0.0002	0.0001	0.0004	0.0005	0.0000	0.0001	0.0002	0.0001	0.0089	0.2699	-0.0013	-0.0000	2.1073	35.0787	0.0711	12.2568	0.0046	0.0046	0.0000	0.0045	0.0045	0.0000	0.0001	0.0001	0.0000	0.0000	0.0000	0.0000	0.0000	0.0000	0.0000	0.0000	0.0000	0.0000	0.3437	0.3067	0.0370	0.1328	0.1261	0.0066	0.2109	0.1805	0.0304	0.0483	0.0283	0.0200	0.0134	0.0117	0.0017	0.0349	0.0166	0.0183	91.9150	75.9359	14.6800	80.6885	74.3914	156.4199	14.8363	815.5549	4.4083	0.0001	0.0002	0.0001	0.0004	0.0005	0.0000	0.0000	0.0000	0.0001
52	94	0.3667	10	1	1	0	1	0	0	0	0	N	N	N	N	N	N	N	N	N	N	N	N	99.7323	402.9106	3.6335	438.1115	553.8772	0.2683	0.4197	0.0686	4.4990	0.0901	0.0992	0.0037	0.2099	0.2198	0.0003	0.0008	0.0002	0.0046	0.0009	0.0002	0.0010	0.0005	0.0004	0.0011	0.0019	0.0033	0.0010	0.0040	3.2829	-0.0028	0.0000	2.1073	8.4810	0.0711	2.3446	0.0099	0.0099	0.0000	0.0099	0.0099	0.0000	0.0001	0.0000	0.0000	0.0000	0.0000	0.0000	0.0000	0.0000	0.0000	0.0000	0.0000	0.0000	0.1100	0.0995	0.0105	0.0470	0.0449	0.0021	0.0630	0.0547	0.0084	0.0124	0.0073	0.0051	0.0033	0.0029	0.0004	0.0090	0.0044	0.0047	163.1782	453.4917	3.6335	438.1115	553.8772	0.2683	1.3992	2.2866	4.4990	0.0006	0.0002	0.0010	0.0005	0.0004	0.0011	0.0006	0.0001	0.0010
52	95	0.3040	8	0	2	0	2	0	0	0	0	N	Y	N	Y	N	N	N	N	N	N	N	N	0.0338	0.0480	0.0000	4.1660	7.4151	0.0000	0.0000	0.0000	0.0000	0.0335	0.0377	0.0000	0.1115	0.1186	0.0000	0.0000	0.0000	0.0000	0.9925	0.7846	3.0689	0.0268	0.0160	0.0434	1.2039	1.5140	3.1706	0.0000	4.9071	-0.0021	0.0034	2.1073	24.0032	0.0711	22.6134	0.0072	0.0072	0.0000	0.0072	0.0072	0.0000	0.0000	0.0000	0.0000	0.0166	0.0028	0.0138	0.0002	0.0001	0.0001	0.0164	0.0027	0.0137	0.2139	0.1902	0.0238	0.0643	0.0605	0.0038	0.1497	0.1297	0.0199	0.0543	0.0317	0.0226	0.0138	0.0113	0.0026	0.0405	0.0204	0.0200	0.1099	0.4264	0.0000	7.6653	12.0232	0.0000	0.0000	0.0000	0.0000	0.3050	0.0884	0.6092	0.0145	0.0099	0.0352	0.4043	0.1318	0.6824
52	96	0.7214	12	0	2	0	1	0	0	0	0	N	Y	N	N	N	N	N	N	N	N	N	N	0.0773	0.1026	0.0000	0.1485	0.1330	0.0000	0.0000	0.0000	0.0000	0.0000	0.0000	0.0000	0.0000	0.0000	0.0000	0.0000	0.0000	0.0000	0.0000	0.0000	0.0000	0.0000	0.0000	0.0000	0.0000	0.0000	0.8533	-0.0000	-0.0000	2.1073	18.5150	0.0711	10.2301	0.0000	0.0000	0.0000	0.0000	0.0000	0.0000	0.0000	0.0000	0.0000	0.0000	0.0000	0.0000	0.0000	0.0000	0.0000	0.0000	0.0000	0.0000	0.1726	0.1554	0.0172	0.0769	0.0725	0.0044	0.0958	0.0829	0.0128	0.0337	0.0217	0.0120	0.0163	0.0131	0.0031	0.0174	0.0086	0.0088	0.0773	0.1026	0.0000	0.1485	0.1330	0.0000	0.0000	0.0000	0.0000	0.0000	0.0000	0.0000	0.0000	0.0000	0.0000	0.0000	0.0000	0.0000		
52	97	0.3331	9	0	2	0	1	0	0	0	0	N	Y	N	N	N	N	N	N	N	N	N	N	0.0225	5.9140	0.0000	0.3578	5.2290	0.0000	0.0045	0.9105	0.0000	0.0015	0.0016	0.0000	0.0035	0.0037	0.0000	0.0006	0.0006	0.0000	0.0648	0.0003	0.0471	0.0098	0.0007	0.0735	0.1241	0.0007	0.0388	0.0000	67.3914	-0.0002	0.0003	2.1073	46.1140	0.0711	26.4917	0.0006	0.0006	0.0000	0.0004	0.0004	0.0000	0.0002	0.0002	0.0000	0.0007	0.0000	0.0007	0.0001	0.0000	0.0001	0.0006	0.0000	0.0006	0.4017	0.3585	0.0432	0.1232	0.1161	0.0071	0.2785	0.2424	0.0361	0.0741	0.0432	0.0309	0.0161	0.0142	0.0019	0.0580	0.0290	0.0289	0.1541	6.8934	0.0000	0.5128	5.2290	0.0000	0.0544	132.5233	0.0000	0.0094	0.0002	0.0224	0.0068	0.0007	0.0522	0.0102	0.0000	0.0204
52	98	0.7743	14	0	2	0	1	0	0	0	0	N	Y	N	N	N	N	N	N	N	N	N	N	0.0036	0.0030	4.0719	0.0065	0.0061	9.5146	0.5878	0.0000	3.1521	0.0027	0.0030	0.0000	0.0068	0.0072	0.0000	0.0000	0.0000	0.0000	0.7619	1.0039	0.0000	1.0457	1.1827	0.0000	0.0000	0.0005	0.0000	0.0009	0.0000	-0.0001	-0.0017	2.1073	20.7840	0.0711	8.9470	0.0005	0.0005	0.0000	0.0005	0.0005	0.0000	0.0000	0.0000	0.0000	0.0028	0.0028	0.0000	0.0028	0.0028	0.0000	0.0000	0.0000	0.0000	0.1670	0.1500	0.0170	0.0663	0.0628	0.0034	0.1008	0.0872	0.0136	0.0274	0.0176	0.0098	0.0131	0.0110	0.0021	0.0143	0.0065	0.0077	0.0268	0.0191	4.0719	0.0323	0.0287	9.5146	0.5878	0.0000	3.1521	0.1015	0.1580	0.0000	0.2117	0.2517	0.0000	0.0000	0.0000	0.0000
52	99	0.7694	13	0	1	0	1	0	0	0	0	N	N	N	N	N	N	N	N	N	N	N	N	0.0264	0.0522	0.0275	0.2186	0.2364	0.1812	0.0011	0.0011	0.0071	0.0007	0.0007	0.0006	0.0012	0.0012	0.0015	0.0001	0.0001	0.0001	0.0263	0.0136	0.0202	0.0057	0.0052	0.0083	0.0734	0.0635	0.0165	0.0945	2.0324	-0.0000	0.0000	2.1073	2.7834	0.0711	1.0450	0.0000	0.0000	0.0000	0.0000	0.0000	0.0000	0.0000	0.0000	0.0000	0.0000	0.0000	0.0000	0.0000	0.0000	0.0000	0.0000	0.0000	0.0000	0.0483	0.0431	0.0052	0.0254	0.0238	0.0017	0.0229	0.0193	0.0035	0.0074	0.0043	0.0031	0.0034	0.0032	0.0002	0.0040	0.0011	0.0028	0.1077	0.1956	0.0535	0.2663	0.2790	0.1812	0.0097	0.0485	0.0111	0.0064	0.0036	0.0104	0.0047	0.0044	0.0083	0.0080	0.0014	0.0106
52	100	0.7593	12	0	1	0	1	0	0	0	0	N	N	N	N	N	N	N	N	N	N	N	N	0.1082	0.1391	0.0640	0.3348	0.3294	0.1193	0.0528	0.0592	0.1039	0.0009	0.0009	0.0003	0.0010	0.0010	0.0001	0.0008	0.0008	0.0005	0.0082	0.0068	0.0050	0.0029	0.0031	0.0010	0.0148	0.0141	0.0043	0.0361	1.1462	-0.0000	-0.0000	2.1073	7.6044	0.0711	2.7972	0.0001	0.0001	0.0000	0.0001	0.0001	0.0000	0.0000	0.0000	0.0000	0.0000	0.0000	0.0000	0.0000	0.0000	0.0000	0.0000	0.0000	0.0000	0.1178	0.1065	0.0114	0.0691	0.0646	0.0045	0.0487	0.0419	0.0069	0.0139	0.0084	0.0055	0.0062	0.0056	0.0006	0.0077	0.0028	0.0049	0.3084	0.4255	0.0830	0.3348	0.3322	0.1193	0.2712	1.6074	0.1072	0.0029	0.0022	0.0039	0.0029	0.0031	0.0010	0.0029	0.0005	0.0042
52	101	0.7097	11	0	1	0	1	0	0	0	0	N	N	N	N	N	N	N	N	N	N	N	N	0.0957	0.0323	0.1128	1.0530	0.9108	1.0350	0.0133	0.0018	0.0012	0.0024	0.0027	0.0002	0.0040	0.0042	0.0008	0.0011	0.0013	0.0000	0.0254	0.0829	0.0018	0.0038	0.0047	0.0008	0.0836	0.7118	0.0021	0.0086	0.1195	-0.0001	-0.0001	2.1073	18.4780	0.0711	12.4520	0.0004	0.0004	0.0000	0.0003	0.0003	0.0000	0.0001	0.0001	0.0000	0.0002	0.0002	0.0000	0.0000	0.0000	0.0000	0.0001	0.0001	0.0000	0.1776	0.1598	0.0178	0.0797	0.0752	0.0046	0.0979	0.0847	0.0132	0.0299	0.0189	0.0110	0.0126	0.0107	0.0019	0.0173	0.0082	0.0092	0.3840	0.2993	0.1128	1.1309	1.0445	1.0350	0.1336	0.0837	0.0012	0.0063	0.0089	0.0018	0.0036	0.0041	0.0008	0.0083	0.0153	0.0021
52	102	0.2857	7	0	2	0	1	0	0	0	0	N	Y	N	N	N	N	N	N	N	N	N	N	0.0004	0.0003	0.0001	0.0322	0.0391	0.0000	0.0000	0.0000	0.0001	0.0003	0.0004	0.0000	0.0007	0.0007	0.0000	0.0000	0.0000	0.0000	0.9055	1.2286	0.0829	0.0220	0.0191	0.0238	1.1062	2.0863	0.0728	0.0013	0.0667	-0.0000	-0.0084	2.1073	34.1922	0.0711	22.4626	0.0001	0.0001	0.0000	0.0001	0.0001	0.0000	0.0000	0.0000	0.0000	0.0148	0.0139	0.0009	0.0003	0.0002	0.0001	0.0145	0.0137	0.0009	0.4379	0.3962	0.0417	0.1909	0.1807	0.0102	0.2471	0.2155	0.0316	0.0748	0.0460	0.0288	0.0226	0.0199	0.0027	0.0521	0.0261	0.0261	0.0017	0.0012	0.0001	0.0558	0.0664	0.0000	0.0002	0.0001	0.0002	0.1984	0.3026	0.0322	0.0127	0.0113	0.0231	0.2789	0.5243	0.0332
52	103	0.2378	6	0	2	0	1	0	0	0	0	N	Y	N	N	N	N	N	N	N	N	N	N	0.0020	0.0015	0.2563	0.0802	0.0729	0.0001	0.0010	0.0004	0.4263	0.0017	0.0017	0.0020	0.0030	0.0032	0.0000	0.0010	0.0008	0.0025	0.8547	1.1484	0.0077	0.0372	0.0433	0.0066	1.0268	1.9675	0.0058	0.1367	0.0148	-0.0001	-0.0041	2.1073	22.5884	0.0711	11.0115	0.0005	0.0004	0.0001	0.0003	0.0003	0.0000	0.0002	0.0001	0.0001	0.0066	0.0065	0.0001	0.0002	0.0002	0.0000	0.0064	0.0064	0.0001	0.2706	0.2419	0.0287	0.0999	0.0942	0.0057	0.1707	0.1477	0.0231	0.0448	0.0257	0.0191	0.0106	0.0096	0.0010	0.0342	0.0161	0.0181	0.0117	0.0067	0.3873	0.1617	0.1607	0.0001	0.0054	0.0020	0.4900	0.1483	0.2544	0.0051	0.0184	0.0197	0.0066	0.1885	0.3937	0.0050
52	106	0.3767	11	0	2	0	1	0	0	0	0	N	Y	N	N	N	N	N	N	N	N	N	N	373.0871	192.5299	282.4344	245.7817	224.8256	inf	769.9400	2.6051	323.1592	0.0048	0.0053	0.0001	0.0124	0.0130	0.0000	0.0002	0.0002	0.0001	0.0000	0.0000	0.0000	0.0001	0.0001	0.0000	0.0000	0.0001	0.0000	0.0017	0.0091	-0.0003	-0.0000	2.1073	20.0414	0.0711	7.0324	0.0009	0.0009	0.0000	0.0009	0.0009	0.0000	0.0000	0.0000	0.0000	0.0000	0.0000	0.0000	0.0000	0.0000	0.0000	0.0000	0.0000	0.0000	0.1904	0.1709	0.0195	0.0718	0.0683	0.0035	0.1186	0.1026	0.0160	0.0275	0.0159	0.0116	0.0069	0.0060	0.0009	0.0206	0.0099	0.0107	373.0871	242.5156	282.4344	245.7817	224.8256	inf	769.9400	810.2967	323.1592	0.0000	0.0000	0.0000	0.0001	0.0001	0.0000	0.0000	0.0000	0.0000
52	107	0.3667	10	0	1	0	1	0	0	0	0	N	N	N	N	N	N	N	N	N	N	N	N	57.2764	15.4729	316.2201	16.5765	15.3553	43.1705	33.4299	0.2841	395.0823	0.0035	0.0007	0.0308	0.0013	0.0011	0.0055	0.0052	0.0003	0.0375	0.0001	0.0000	0.0001	0.0001	0.0001	0.0001	0.0002	0.0010	0.0001	4.6845	1.8452	0.0002	0.0000	2.1073	7.0315	0.0711	1.2144	0.0003	0.0001	0.0003	0.0001	0.0000	0.0000	0.0003	0.0000	0.0003	0.0000	0.0000	0.0000	0.0000	0.0000	0.0000	0.0000	0.0000	0.0000	0.0976	0.0884	0.0091	0.0430	0.0411	0.0019	0.0545	0.0473	0.0072	0.0097	0.0057	0.0039	0.0027	0.0024	0.0003	0.0070	0.0034	0.0036	57.2764	18.7687	316.2201	16.5765	15.3553	43.1705	96.4550	27.9420	395.0823	0.0001	0.0000	0.0001	0.0001	0.0001	0.0001	0.0001	0.0000	0.0001
52	108	0.3331	9	0	1	0	1	0	0	0	0	N	N	N	N	N	N	N	N	N	N	N	N	88.6927	36.2217	659.0288	24.3040	23.2921	0.0000	95.9698	1.2889	769.6929	0.0029	0.0017	0.0129	0.0020	0.0021	0.0000	0.0034	0.0015	0.0157	0.0000	0.0000	0.0000	0.0001	0.0001	0.0000	0.0000	0.0012	0.0000	0.8934	0.3119	0.0001	-0.0000	2.1073	16.2725	0.0711	4.4748	0.0005	0.0002	0.0002	0.0001	0.0001	0.0000	0.0004	0.0001	0.0002	0.0000	0.0000	0.0000	0.0000	0.0000	0.0000	0.0000	0.0000	0.0000	0.1611	0.1437	0.0173	0.0532	0.0501	0.0031	0.1078	0.0936	0.0142	0.0250	0.0149	0.0101	0.0059	0.0053	0.0006	0.0191	0.0096	0.0094	88.6927	41.1201	659.0288	24.3040	23.2921	0.0000	191.4489	100.8016	769.6929	0.0000	0.0000	0.0000	0.0001	0.0001	0.0000	0.0000	0.0000	0.0000
52	109	0.3859	10	0	2	0	1	0	0	0	0	N	Y	N	N	N	N	N	N	N	N	N	N	0.0041	0.0020	0.0000	0.0010	0.0009	0.0000	58.7763	1.8893	0.0000	0.0008	0.0008	0.0000	0.0003	0.0003	0.0000	0.0010	0.0011	0.0000	0.1849	0.4146	0.0000	0.2627	0.3036	0.0002	0.0000	0.0006	0.0000	0.0000	0.0008	-0.0001	-0.0005	2.1073	40.5309	0.0711	14.7974	0.0003	0.0003	0.0000	0.0000	0.0000	0.0000	0.0002	0.0002	0.0000	0.0009	0.0009	0.0000	0.0009	0.0009	0.0000	0.0000	0.0000	0.0000	0.3597	0.3214	0.0383	0.1183	0.1114	0.0069	0.2414	0.2100	0.0315	0.0578	0.0343	0.0235	0.0142	0.0128	0.0014	0.0436	0.0215	0.0221	0.0506	0.0336	0.0000	0.0043	0.0041	0.0000	95.4020	319.3788	0.0000	0.0149	0.0251	0.0000	0.0606	0.0673	0.0002	0.0000	0.0000	0.0000
52	110	0.3600	9	0	2	0	1	0	0	0	0	N	Y	N	N	N	N	N	N	N	N	N	N	0.0128	0.0110	0.0300	0.0187	0.0289	0.0001	0.0213	0.0023	0.2060	0.0001	0.0001	0.0001	0.0003	0.0003	0.0000	0.0000	0.0000	0.0001	0.0092	0.0110	0.0030	0.0166	0.0115	0.0453	0.0009	0.0021	0.0005	0.0903	0.6158	-0.0000	-0.0000	2.1073	13.5236	0.0711	3.5331	0.0000	0.0000	0.0000	0.0000	0.0000	0.0000	0.0000	0.0000	0.0000	0.0001	0.0000	0.0000	0.0001	0.0000	0.0000	0.0000	0.0000	0.0000	0.1352	0.1208	0.0144	0.0458	0.0431	0.0027	0.0895	0.0777	0.0118	0.0220	0.0134	0.0086	0.0061	0.0055	0.0006	0.0159	0.0078	0.0080	0.0382	0.0386	0.0305	0.0302	0.0440	0.0001	0.0634	0.0979	0.2060	0.0031	0.0031	0.0030	0.0103	0.0075	0.0368	0.0003	0.0001	0.0005
52	111	0.3040	8	0	1	0	1	0	0	0	0	N	N	N	N	N	N	N	N	N	N	N	N	0.0541	0.0453	0.0083	0.0839	0.0815	0.0251	0.0000	0.0000	0.0000	0.0455	0.0513	0.0000	0.1509	0.1606	0.0000	0.0000	0.0000	0.0000	0.8411	1.1315	0.0000	1.7989	1.9703	0.0000	0.0068	0.2575	0.0000	0.0000	0.0000	-0.0020	-0.0036	2.1073	16.9399	0.0711	15.9768	0.0070	0.0070	0.0000	0.0070	0.0070	0.0000	0.0000	0.0000	0.0000	0.0057	0.0057	0.0000	0.0057	0.0057	0.0000	0.0001	0.0001	0.0000	0.1537	0.1365	0.0172	0.0464	0.0436	0.0028	0.1073	0.0929	0.0144	0.0412	0.0243	0.0170	0.0115	0.0091	0.0024	0.0297	0.0151	0.0146	0.3270	0.2167	0.0083	0.3057	0.2580	0.0251	0.0000	0.0000	0.0000	0.1392	0.2366	0.0000	0.4937	0.6224	0.0000	0.0017	0.0034	0.0000
52	112	0.4084	12	1	2	0	2	0	0	0	0	N	Y	N	Y	N	N	N	N	N	N	N	N	0.0000	0.0000	0.0000	0.0000	0.0000	0.0000	0.0000	0.0000	0.0000	0.0000	0.0000	0.0000	0.0000	0.0000	0.0000	0.0000	0.0000	0.0002	0.0000	0.0003	0.0000	0.0000	0.0000	0.0005	0.0015	0.0004	6.5324	0.0000	0.0000	2.1073	0.0019	0.0711	1.9928	0.0000	0.0000	0.0000	0.0000	0.0000	0.0000	0.0000	0.0000	0.0000	0.0000	0.0000	0.0000	0.0000	0.0000	0.0000	0.0000	0.0000	0.0000	0.0001	0.0000	0.0000	0.0000	0.0000	0.0000	0.0000	0.0000	0.0000	0.0022	0.0014	0.0009	0.0006	0.0005	0.0001	0.0016	0.0008	0.0008	0.0000	0.0000	0.0000	0.0000	0.0000	0.0000	0.0000	0.0000	0.0000	0.0002	0.0000	0.0003	0.0000	0.0000	0.0000	0.0002	0.0000	0.0004		
52	113	0.3848	11	1	2	0	2	0	0	0	0	N	Y	N	Y	N	N	N	N	N	N	N	N	0.0000	0.0023	0.0000	0.0077	0.0070	0.0000	0.0000	0.0000	0.0000	0.0000	0.0000	0.0000	0.0000	0.0000	0.0000	0.0000	0.0000	0.7190	0.0033	1.5865	0.0023	0.0027	0.0000	0.8899	0.0120	1.5757	0.1245	111.8344	-0.0000	0.0005	2.1073	8.6942	0.0711	6.0502	0.0000	0.0000	0.0000	0.0000	0.0000	0.0000	0.0000	0.0000	0.0000	0.0015	0.0000	0.0014	0.0000	0.0000	0.0000	0.0014	0.0000	0.0014	0.0894	0.0802	0.0092	0.0335	0.0319	0.0017	0.0559	0.0483	0.0075	0.0170	0.0100	0.0070	0.0044	0.0038	0.0006	0.0126	0.0062	0.0064	0.0001	0.0057	0.0000	0.0077	0.0070	0.0000	0.0000	0.0000	0.0000	0.0858	0.0013	0.2056	0.0023	0.0027	0.0000	0.1148	0.0005	0.2253	
52	114	0.4059	15	0	2	0	2	0	0	0	0	N	Y	N	Y	N	N	N	N	N	N	N	N	0.0000	0.0000	0.0000	0.0000	0.0000	0.0000	0.0000	0.0000	0.0000	0.0000	0.0000	0.0000	0.0000	0.0000	0.0000	0.0000	0.0000	0.0000	0.0000	0.0000	2.1073	0.0001	0.0711	0.0001	0.0000	0.0000	0.0000	0.0000	0.0000	0.0000	0.0000	0.0000	0.0000	0.0000	0.0000	0.0000	0.0000	0.0000	0.0000	0.0000	0.0000	0.0000	0.0000	0.0000	0.0000	0.0000	0.0000	0.0000	0.0000	0.0000	0.0000	0.0000	0.0000	0.0000	0.0000	0.0000	0.0000	0.0000	0.0000	0.0000	0.0000	0.0000	0.0000	0.0000	0.0000	0.0000	0.0000	0.0000	0.0000	0.0000	0.0000	0.0000	0.0000	0.0000	0.0000	0.0000	0.0000	0.0000											
52	115	0.3992	14	0	2	0	2	0	0	0	0	N	Y	N	Y	N	N	N	N	N	N	N	N	inf	inf	inf	inf	0.0000	0.0000	0.0000	0.0000	0.0000	0.0000	0.0000	0.0000	0.0000	0.0000	0.0000	0.0000	0.0000	0.0000	0.0000	0.0000	0.0000	0.0000	0.0000	-0.0000	0.0000	2.1073	3.0007	0.0711	1.0012	0.0000	0.0000	0.0000	0.0000	0.0000	0.0000	0.0000	0.0000	0.0000	0.0000	0.0000	0.0000	0.0000	0.0000	0.0000	0.0000	0.0000	0.0000	0.0284	0.0252	0.0032	0.0090	0.0085	0.0005	0.0194	0.0168	0.0026	0.0045	0.0026	0.0019	0.0011	0.0010	0.0002	0.0034	0.0017	0.0017	inf	inf	0.0000	inf	inf	0.0000	0.0000	0.0000	0.0000	0.0000	0.0000	0.0000	0.0000	0.0000	0.0000	0.0000	0.0000	0.0000						
52	116	0.3973	13	0	1	0	2	0	0	0	0	N	N	N	Y	N	N	N	N	N	N	N	N	inf	inf	inf	inf	0.0000	0.0000	0.0000	0.0000	0.0000	0.0000	0.0000	0.0000	0.0000	0.0000	0.0000	0.0000	0.0000	0.0000	0.0000	0.0000	0.0000	0.0000	0.0000	-0.0000	0.0000	2.1073	1.1177	0.0711	0.0023	0.0000	0.0000	0.0000	0.0000	0.0000	0.0000	0.0000	0.0000	0.0000	0.0000	0.0000	0.0000	0.0000	0.0000	0.0000	0.0000	0.0000	0.0000	0.0112	0.0100	0.0012	0.0039	0.0037	0.0002	0.0073	0.0063	0.0010	0.0013	0.0007	0.0005	0.0003	0.0003	0.0000	0.0010	0.0005	0.0005	inf	inf	0.0000	inf	inf	0.0000	0.0000	0.0000	0.0000	0.0000	0.0000	0.0000	0.0000	0.0000	0.0000	0.0000	0.0000	0.0000						
52	117	0.3943	9	0	2	0	1	0	0	0	0	N	Y	N	N	N	N	N	N	N	N	N	N	0.0054	0.0058	0.0022	6.1286	5.8501	0.0720	0.0001	0.0000	0.0031	0.0033	0.0037	0.0005	0.0091	0.0097	0.0000	0.0001	0.0000	0.0007	0.6095	0.6273	0.2396	0.0015	0.0017	0.0000	0.7744	1.3251	0.2174	0.0174	0.7123	-0.0003	-0.0007	2.1073	31.2782	0.0711	23.9277	0.0010	0.0009	0.0000	0.0009	0.0009	0.0000	0.0000	0.0000	0.0000	0.0035	0.0020	0.0015	0.0000	0.0000	0.0000	0.0035	0.0020	0.0015	0.2905	0.2590	0.0315	0.1044	0.0976	0.0068	0.1861	0.1615	0.0247	0.0633	0.0379	0.0254	0.0169	0.0151	0.0018	0.0464	0.0228	0.0236	0.0599	0.0677	0.0091	6.1286	5.8501	0.0720	0.0012	0.0000	0.0108	0.0553	0.0540	0.0574	0.0015	0.0017	0.0000	0.0749	0.0885	0.0618
52	118	0.3973	13	0	1	1	2	0	0	0	0	N	N	N	Y	N	N	N	N	N	N	N	N	0.0000	0.0000	0.0000	0.0000	0.0000	0.0000	0.0000	0.0000	0.0000	0.0000	0.0000	0.0000	0.0000	0.0000	0.0000	0.0000	0.0000	0.0000	0.0000	0.0000	2.1073	3.8827	0.0711	2.9998	0.0000	0.0000	0.0000	0.0000	0.0000	0.0000	0.0000	0.0000	0.0000	0.0000	0.0000	0.0000	0.0000	0.0000	0.0000	0.0000	0.0000	0.0000	0.0372	0.0331	0.0041	0.0122	0.0114	0.0007	0.0250	0.0216	0.0034	0.0077	0.0045	0.0032	0.0019	0.0016	0.0003	0.0058	0.0028	0.0029	0.0000	0.0000	0.0000	0.0000	0.0000	0.0000	0.0000	0.0000	0.0000	0.0000	0.0000	0.0000	0.0000	0.0000	0.0000	0.0000	0.0000	0.0000											
52	119	0.3944	12	0	1	0	2	0	0	0	0	N	N	N	Y	N	N	N	N	N	N	N	N	0.0795	0.0444	inf	0.0037	0.0000	inf	inf	inf	0.0000	0.0000	0.0000	0.0000	0.0000	0.0000	0.0000	0.0000	0.0000	0.0000	0.0000	0.0000	0.0000	0.0000	0.0000	0.0000	0.0000	0.0000	0.0773	0.0240	-0.0000	-0.0000	2.1073	2.8083	0.0711	0.0030	0.0000	0.0000	0.0000	0.0000	0.0000	0.0000	0.0000	0.0000	0.0000	0.0000	0.0000	0.0000	0.0000	0.0000	0.0000	0.0000	0.0000	0.0000	0.0336	0.0303	0.0034	0.0133	0.0126	0.0007	0.0203	0.0177	0.0026	0.0032	0.0019	0.0013	0.0008	0.0007	0.0001	0.0024	0.0012	0.0012	0.0795	0.0490	inf	0.0037	0.0000	inf	inf	inf	0.0000	0.0000	0.0000	0.0000	0.0000	0.0000	0.0000	0.0000	0.0000	0.0000	
52	120	0.3944	12	0	1	1	2	0	0	0	0	N	N	N	Y	N	N	N	N	N	N	N	N	334.9461	224.1318	249.5759	225.3237	inf	inf	0.0009	0.0010	0.0000	0.0027	0.0029	0.0000	0.0000	0.0000	0.0000	0.0000	0.0000	0.0000	0.0000	0.0000	0.0000	0.0000	0.0000	0.0000	0.0000	0.0240	-0.0000	-0.0000	2.1073	9.6158	0.0711	0.0030	0.0001	0.0001	0.0000	0.0001	0.0001	0.0000	0.0000	0.0000	0.0000	0.0000	0.0000	0.0000	0.0000	0.0000	0.0000	0.0000	0.0000	0.0000	0.0963	0.0860	0.0103	0.0332	0.0313	0.0019	0.0631	0.0547	0.0084	0.0107	0.0063	0.0045	0.0027	0.0023	0.0004	0.0080	0.0040	0.0041	334.9461	224.1318	0.0000	249.5759	225.3237	0.0000	inf	inf	0.0000	0.0000	0.0000	0.0000	0.0000	0.0000	0.0000	0.0000	0.0000	0.0000			
52	121	0.3848	11	0	1	0	2	0	0	0	0	N	N	N	Y	N	N	N	N	N	N	N	N	0.7803	0.3738	0.1794	0.0001	0.0001	4.2122	0.2322	0.2036	0.0043	0.0048	0.0000	0.0000	0.0000	0.0000	0.0076	0.0088	0.0000	0.0055	0.0127	0.0001	0.0085	0.0106	0.0000	0.0018	0.0377	0.0001	0.0004	0.0179	-0.0001	-0.0000	2.1073	4.2457	0.0711	2.0144	0.0002	0.0002	0.0000	0.0000	0.0000	0.0000	0.0002	0.0002	0.0000	0.0000	0.0000	0.0000	0.0000	0.0000	0.0000	0.0000	0.0000	0.0000	0.0487	0.0440	0.0046	0.0210	0.0201	0.0009	0.0276	0.0239	0.0037	0.0078	0.0046	0.0032	0.0021	0.0018	0.0003	0.0057	0.0027	0.0029	2.0522	1.3603	0.1794	0.0002	0.0002	0.0000	13.7548	8.4765	0.2036	0.0021	0.0035	0.0001	0.0062	0.0072	0.0000	0.0006	0.0010	0.0001	
52	122	0.3426	10	0	1	0	2	0	0	0	0	N	N	N	Y	N	N	N	N	N	N	N	N	0.0028	0.0000	16.7411	0.0030	0.0028	0.0000	0.0035	0.0000	18.7653	0.0020	0.0000	0.0186	0.0000	0.0000	0.0000	0.0030	0.0000	0.0222	0.6855	0.9363	0.0011	0.0017	0.0019	0.0000	0.8403	1.7260	0.0012	291.1480	0.0064	0.0002	-0.0013	2.1073	11.9190	0.0711	13.1740	0.0002	0.0000	0.0002	0.0000	0.0000	0.0000	0.0002	0.0000	0.0002	0.0021	0.0021	0.0000	0.0000	0.0000	0.0000	0.0021	0.0020	0.0000	0.1215	0.1088	0.0127	0.0419	0.0399	0.0021	0.0796	0.0689	0.0107	0.0282	0.0163	0.0119	0.0062	0.0055	0.0007	0.0220	0.0108	0.0111	0.0266	0.0001	16.7411	0.0030	0.0028	0.0000	0.0318	0.0000	18.7653	0.0734	0.1260	0.0011	0.0017	0.0019	0.0000	0.0937	0.1884	0.0012
52	123	0.7696	14	0	1	1	2	0	0	0	0	N	N	N	Y	N	N	N	N	N	N	N	N	0.0042	0.0035	0.0658	0.0528	0.0033	0.0018	0.0024	0.0026	0.0000	0.0022	0.0023	0.0000	0.0025	0.0029	0.0000	0.5614	0.7449	0.0000	0.0334	0.0441	0.0000	0.7553	1.6096	0.0000	0.0000	0.0000	-0.0001	-0.0004	2.1073	12.8936	0.0711	4.1514	0.0003	0.0003	0.0000	0.0001	0.0001	0.0000	0.0002	0.0002	0.0000	0.0007	0.0007	0.0000	0.0001	0.0001	0.0000	0.0006	0.0006	0.0000	0.1198	0.1081	0.0117	0.0555	0.0524	0.0031	0.0643	0.0557	0.0086	0.0143	0.0089	0.0054	0.0059	0.0051	0.0008	0.0084	0.0038	0.0045	0.0487	0.0337	0.0000	0.1279	0.1166	0.0000	0.0356	0.0188	0.0000	0.0484	0.0776	0.0000	0.0172	0.0200	0.0000	0.0703	0.1533	0.0000			
52	124	0.3580	11	0	2	0	1	0	0	0	0	N	Y	N	N	N	N	N	N	N	N	N	N	0.0158	0.2604	0.0000	0.0091	0.2036	0.0000	0.0531	inf	0.0000	0.0000	0.0000	0.0000	0.0000	0.0000	0.0000	0.0000	0.0000	0.0000	0.0003	0.0000	0.0006	0.0011	0.0001	0.0091	0.0001	0.0000	0.0000	0.0000	24.7330	-0.0000	0.0000	2.1073	12.7386	0.0711	8.7370	0.0000	0.0000	0.0000	0.0000	0.0000	0.0000	0.0000	0.0000	0.0000	0.0000	0.0000	0.0000	0.0000	0.0000	0.0000	0.0000	0.0000	0.0000	0.1241	0.1106	0.0135	0.0385	0.0364	0.0021	0.0856	0.0743	0.0114	0.0251	0.0146	0.0105	0.0059	0.0052	0.0007	0.0192	0.0094	0.0099	0.0182	0.3046	0.0000	0.0091	0.2036	0.0000	0.1106	inf	0.0000	0.0003	0.0000	0.0006	0.0011	0.0001	0.0091	0.0000	0.0000	0.0000
52	125	0.3426	10	0	2	0	1	0	0	0	0	N	Y	N	N	N	N	N	N	N	N	N	N	0.9169	0.4664	0.1045	0.2784	0.2416	0.0000	20.1241	1.2994	0.1606	0.0014	0.0016	0.0000	0.0010	0.0010	0.0000	0.0017	0.0020	0.0000	0.0016	0.0034	0.0001	0.0035	0.0043	0.0002	0.0001	0.0015	0.0000	0.0004	0.0294	-0.0000	-0.0000	2.1073	8.6431	0.0711	1.4782	0.0001	0.0001	0.0000	0.0000	0.0000	0.0000	0.0001	0.0001	0.0000	0.0000	0.0000	0.0000	0.0000	0.0000	0.0000	0.0000	0.0000	0.0000	0.0925	0.0830	0.0095	0.0336	0.0321	0.0015	0.0589	0.0509	0.0079	0.0120	0.0070	0.0050	0.0027	0.0024	0.0003	0.0093	0.0045	0.0047	1.7759	1.1811	0.1045	0.2878	0.2691	0.0000	49.4877	77.3529	0.1606	0.0008	0.0014	0.0001	0.0034	0.0038	0.0002	0.0000	0.0000	0.0000
52	126	0.3331	9	0	1	0	1	0	0	0	0	N	N	N	N	N	N	N	N	N	N	N	N	0.5747	0.2915	4.2780	5.1923	5.2090	0.0000	0.0762	0.0003	5.2315	0.0003	0.0002	0.0006	0.0005	0.0006	0.0000	0.0001	0.0000	0.0008	0.0005	0.0008	0.0001	0.0001	0.0001	0.0000	0.0014	0.0219	0.0002	0.2867	0.1730	-0.0000	-0.0000	2.1073	4.1618	0.0711	2.0491	0.0000	0.0000	0.0000	0.0000	0.0000	0.0000	0.0000	0.0000	0.0000	0.0000	0.0000	0.0000	0.0000	0.0000	0.0000	0.0000	0.0000	0.0000	0.0528	0.0475	0.0052	0.0210	0.0199	0.0011	0.0317	0.0277	0.0041	0.0091	0.0058	0.0033	0.0025	0.0023	0.0002	0.0066	0.0035	0.0031	0.7737	0.4988	4.2780	5.1923	5.2090	0.0000	0.2366	0.0084	5.2315	0.0004	0.0005	0.0001	0.0001	0.0001	0.0000	0.0005	0.0007	0.0002
52	127	0.3040	8	0	1	0	1	0	0	0	0	N	N	N	N	N	N	N	N	N	N	N	N	0.0002	0.0001	30.7386	0.0057	0.0040	0.0000	0.0002	0.0001	47.2687	0.0001	0.0001	0.0003	0.0001	0.0001	0.0000	0.0001	0.0001	0.0004	0.7843	1.0505	0.0000	0.0145	0.0224	0.0000	0.9960	1.8911	0.0000	0.3983	0.0000	-0.0000	-0.0017	2.1073	9.4810	0.0711	7.4917	0.0000	0.0000	0.0000	0.0000	0.0000	0.0000	0.0000	0.0000	0.0000	0.0028	0.0028	0.0000	0.0001	0.0001	0.0000	0.0027	0.0027	0.0000	0.0877	0.0778	0.0099	0.0266	0.0249	0.0016	0.0611	0.0529	0.0082	0.0250	0.0150	0.0100	0.0086	0.0065	0.0022	0.0164	0.0086	0.0078	0.0012	0.0006	30.7386	0.0088	0.0070	0.0000	0.0009	0.0004	47.2687	0.1110	0.1845	0.0000	0.0094	0.0126	0.0000	0.1645	0.3140	0.0000
52	128	0.7818	15	1	2	0	1	0	0	0	0	N	Y	N	N	N	N	N	N	N	N	N	N	inf	inf	inf	inf	0.0000	0.0000	0.0000	0.0000	0.0000	0.0000	0.0000	0.0000	0.0000	0.0000	0.0000	0.0000	0.0000	0.0000	0.0000	0.0000	0.0000	0.0000	0.1538	-0.0000	-0.0000	2.1073	2.0107	0.0711	1.9995	0.0000	0.0000	0.0000	0.0000	0.0000	0.0000	0.0000	0.0000	0.0000	0.0000	0.0000	0.0000	0.0000	0.0000	0.0000	0.0000	0.0000	0.0000	0.0177	0.0159	0.0018	0.0081	0.0077	0.0005	0.0096	0.0082	0.0013	0.0032	0.0020	0.0012	0.0014	0.0012	0.0002	0.0018	0.0008	0.0010	inf	inf	0.0000	inf	inf	0.0000	0.0000	0.0000	0.0000	0.0000	0.0000	0.0000	0.0000	0.0000	0.0000	0.0000	0.0000	0.0000						
52	129	0.7696	14	1	2	0	1	0	0	0	0	N	Y	N	N	N	N	N	N	N	N	N	N	7.3074	3.4080	inf	4.4000	4.0109	331.2859	0.0000	inf	0.0009	0.0007	0.0026	0.0013	0.0013	0.0000	0.0005	0.0000	0.0036	0.0001	0.0002	0.0000	0.0003	0.0003	0.0000	0.0000	0.0005	0.0000	0.3924	0.0013	-0.0000	-0.0000	2.1073	5.6459	0.0711	1.1399	0.0001	0.0000	0.0000	0.0000	0.0000	0.0000	0.0000	0.0000	0.0000	0.0000	0.0000	0.0000	0.0000	0.0000	0.0000	0.0000	0.0000	0.0000	0.0579	0.0524	0.0055	0.0286	0.0270	0.0016	0.0293	0.0254	0.0039	0.0058	0.0036	0.0022	0.0024	0.0021	0.0003	0.0034	0.0016	0.0019	7.3074	3.6194	inf	4.4000	4.0109	0.0000	331.2859	0.0000	inf	0.0001	0.0002	0.0000	0.0003	0.0003	0.0000	0.0000	0.0000	0.0000	
52	130	0.7393	13	0	1	0	1	0	0	0	0	N	N	N	N	N	N	N	N	N	N	N	N	0.1855	0.0860	5.4643	0.1330	0.1177	0.0305	1.1152	0.1532	7.0303	0.0009	0.0007	0.0022	0.0006	0.0006	0.0000	0.0012	0.0009	0.0032	0.0047	0.0086	0.0004	0.0043	0.0051	0.0000	0.0011	0.0058	0.0005	0.3071	0.0875	-0.0000	-0.0000	2.1073	11.6079	0.0711	5.3766	0.0001	0.0001	0.0000	0.0000	0.0000	0.0000	0.0001	0.0000	0.0000	0.0000	0.0000	0.0000	0.0000	0.0000	0.0000	0.0000	0.0000	0.0000	0.1260	0.1140	0.0119	0.0627	0.0590	0.0037	0.0633	0.0551	0.0082	0.0181	0.0114	0.0067	0.0076	0.0067	0.0009	0.0105	0.0047	0.0058	0.4798	0.2781	5.4643	0.1466	0.1384	0.0305	3.3601	3.8696	7.0303	0.0018	0.0027	0.0004	0.0039	0.0044	0.0000	0.0004	0.0002	0.0005
52	131	0.7214	12	0	1	0	1	0	0	0	0	N	N	N	N	N	N	N	N	N	N	N	N	0.0000	0.0000	0.0046	0.0000	0.0000	0.0130	0.0001	0.0000	0.0036	0.0000	0.0000	0.0000	0.0000	0.0000	0.0000	0.0000	0.0000	0.0000	0.8356	1.0792	0.0020	1.1782	1.3615	0.0006	0.1232	0.7373	0.0027	0.0899	0.0048	-0.0000	-0.0018	2.1073	3.9355	0.0711	8.7078	0.0000	0.0000	0.0000	0.0000	0.0000	0.0000	0.0000	0.0000	0.0000	0.0029	0.0029	0.0000	0.0028	0.0028	0.0000	0.0001	0.0001	0.0000	0.0483	0.0438	0.0046	0.0235	0.0222	0.0013	0.0248	0.0215	0.0033	0.0211	0.0140	0.0071	0.0115	0.0090	0.0025	0.0096	0.0050	0.0046	0.0001	0.0001	0.0046	0.0000	0.0000	0.0130	0.0012	0.0008	0.0036	0.1364	0.2048	0.0020	0.2428	0.3101	0.0006	0.0101	0.0170	0.0027
52	132	0.7097	11	0	1	0	1	0	0	0	0	N	N	N	N	N	N	N	N	N	N	N	N	0.0000	0.0000	0.0003	0.0000	0.0000	0.0002	0.0000	0.0000	0.0009	0.0000	0.0000	0.0000	0.0000	0.0000	0.0000	0.0000	0.0000	0.0000	0.8661	1.1271	0.0374	1.4155	1.4933	0.1325	0.3215	0.9645	0.0062	0.0441	0.0409	-0.0000	-0.0012	2.1073	6.2657	0.0711	3.9760	0.0000	0.0000	0.0000	0.0000	0.0000	0.0000	0.0000	0.0000	0.0000	0.0021	0.0020	0.0001	0.0019	0.0019	0.0001	0.0001	0.0001	0.0000	0.0745	0.0673	0.0072	0.0363	0.0342	0.0021	0.0383	0.0331	0.0052	0.0131	0.0085	0.0046	0.0059	0.0051	0.0008	0.0072	0.0034	0.0037	0.0002	0.0001	0.0007	0.0001	0.0001	0.0004	0.0006	0.0004	0.0011	0.1598	0.2356	0.0180	0.3288	0.3687	0.0771	0.0201	0.0364	0.0052
52	133	0.6324	10	0	1	0	1	0	0	0	0	N	N	N	N	N	N	N	N	N	N	N	N	0.0006	0.0004	0.0279	0.0222	0.0162	0.2212	0.0004	0.0002	0.0181	0.0003	0.0003	0.0009	0.0004	0.0003	0.0018	0.0003	0.0003	0.0005	0.5327	0.6583	0.0314	0.0172	0.0181	0.0083	0.7380	1.4849	0.0304	0.3594	0.1402	-0.0000	-0.0012	2.1073	26.7012	0.0711	18.2690	0.0001	0.0001	0.0000	0.0000	0.0000	0.0000	0.0000	0.0000	0.0000	0.0024	0.0021	0.0003	0.0002	0.0002	0.0000	0.0021	0.0019	0.0003	0.2551	0.2296	0.0255	0.1128	0.1063	0.0065	0.1423	0.1233	0.0191	0.0542	0.0351	0.0191	0.0226	0.0200	0.0026	0.0316	0.0151	0.0164	0.0076	0.0046	0.0575	0.0363	0.0272	0.2212	0.0043	0.0020	0.0336	0.0435	0.0589	0.0152	0.0105	0.0108	0.0083	0.0672	0.1223	0.0163
52	134	0.3943	9	0	1	0	1	0	0	0	0	N	N	N	N	N	N	N	N	N	N	N	N	0.1425	0.0524	0.0076	0.3426	0.3128	0.0006	0.0022	0.0001	0.0104	0.0025	0.0027	0.0000	0.0072	0.0077	0.0000	0.0000	0.0000	0.0000	0.0172	0.0525	0.0009	0.0210	0.0245	0.0025	0.0126	0.3178	0.0008	0.0003	0.0841	-0.0004	-0.0003	2.1073	61.4372	0.0711	55.8589	0.0013	0.0013	0.0000	0.0012	0.0012	0.0000	0.0000	0.0000	0.0000	0.0005	0.0005	0.0000	0.0003	0.0003	0.0000	0.0002	0.0002	0.0000	0.5105	0.4561	0.0544	0.1728	0.1621	0.0106	0.3377	0.2940	0.0437	0.1104	0.0652	0.0451	0.0268	0.0237	0.0032	0.0835	0.0415	0.0420	0.5013	0.3593	0.0076	0.5905	0.5685	0.0006	0.0107	0.0070	0.0104	0.0049	0.0076	0.0009	0.0122	0.0135	0.0025	0.0026	0.0043	0.0008
52	135	0.3040	8	0	1	0	1	0	0	0	0	N	N	N	N	N	N	N	N	N	N	N	N	0.0067	0.0001	99.3741	0.0000	0.0000	0.0049	0.0076	0.0001	118.6471	0.0038	0.0001	0.0340	0.0000	0.0000	0.0000	0.0054	0.0001	0.0405	0.5683	0.7630	0.0003	0.0082	0.0112	0.0003	0.7151	1.4972	0.0003	53.4310	0.0029	0.0007	-0.0018	2.1073	31.7621	0.0711	18.5886	0.0011	0.0000	0.0010	0.0000	0.0000	0.0000	0.0011	0.0000	0.0010	0.0028	0.0028	0.0000	0.0001	0.0001	0.0000	0.0027	0.0027	0.0000	0.2778	0.2471	0.0306	0.0831	0.0782	0.0049	0.1946	0.1689	0.0257	0.0577	0.0337	0.0241	0.0144	0.0118	0.0026	0.0433	0.0218	0.0215	0.0783	0.0009	99.3741	0.0000	0.0000	0.0049	0.0865	0.0009	118.6471	0.0488	0.0834	0.0003	0.0061	0.0074	0.0003	0.0630	0.1246	0.0003
53	54	0.8478	14	0	1	0	2	0	0	0	0	N	N	N	Y	N	N	N	N	N	N	N	N	0.0000	0.0000	0.0000	0.0000	0.0000	0.0000	0.0000	0.0000	0.0000	0.0000	0.0000	0.0000	0.0000	0.0000	0.0000	0.0000	0.0000	0.0000	0.0000	0.0000	21.8329	0.0000	8.0592	0.0000	0.0000	0.0000	0.0000	0.0000	0.0000	0.0000	0.0000	0.0000	0.0000	0.0000	0.0000	0.0000	0.0000	0.0000	0.0000	0.0000	0.0000	0.0000	0.0000	0.0000	0.0000	0.0000	0.0000	0.0000	0.0000	0.0000	0.0000	0.0000	0.0000	0.0000	0.0000	0.0000	0.0000	0.0000	0.0000	0.0000	0.0000	0.0000	0.0000	0.0000	0.0000	0.0000	0.0000	0.0000	0.0000	0.0000	0.0000	0.0000	0.0000	0.0000	0.0000	0.0000	0.0000	0.0000											
53	59	0.8478	14	0	0	0	2	0	0	0	0	N	N	N	Y	N	N	N	N	N	N	N	N	0.0000	0.0000	0.0000	0.0000	0.0000	0.0000	0.0000	0.0000	0.0000	0.0000	0.0000	0.0000	0.0000	0.0000	0.0000	0.0000	0.0000	0.0000	0.0000	0.0000	21.8329	0.0000	8.0592	0.0000	0.0000	0.0000	0.0000	0.0000	0.0000	0.0000	0.0000	0.0000	0.0000	0.0000	0.0000	0.0000	0.0000	0.0000	0.0000	0.0000	0.0000	0.0000	0.0000	0.0000	0.0000	0.0000	0.0000	0.0000	0.0000	0.0000	0.0000	0.0000	0.0000	0.0000	0.0000	0.0000	0.0000	0.0000	0.0000	0.0000	0.0000	0.0000	0.0000	0.0000	0.0000	0.0000	0.0000	0.0000	0.0000	0.0000	0.0000	0.0000	0.0000	0.0000	0.0000	0.0000	0.0000	0.0000											
53	60	0.7703	13	0	0	0	2	0	0	0	0	N	N	N	Y	N	N	N	N	N	N	N	N	0.9788	0.1236	7.6340	2.5981	0.2818	2799.9935	0.0008	0.0000	0.0050	0.7207	0.0917	6.2492	1.7742	0.2148	28.0235	0.0006	0.0000	0.0046	0.7363	0.7421	0.8186	0.6829	0.7624	0.0100	0.7508	0.0140	0.9238	7.7535	0.8933	0.6350	-0.0041	21.8329	19.3360	8.0592	7.9957	1.0607	0.1212	0.9396	1.0602	0.1212	0.9390	0.0005	0.0000	0.0005	0.0265	0.0140	0.0125	0.0141	0.0139	0.0002	0.0124	0.0000	0.0123	1.4719	1.3215	0.1503	0.5976	0.5641	0.0335	0.8743	0.7575	0.1168	0.2893	0.1811	0.1083	0.1124	0.0946	0.0178	0.1769	0.0865	0.0904	7.8797	1.1879	54.1919	14.1351	1.4584	2799.9935	0.0089	0.0000	0.0342	0.0915	0.0772	0.1153	0.1255	0.1473	0.0100	0.0698	0.0005	0.1361
53	61	0.4603	11	0	1	1	1	0	0	0	0	N	N	N	N	N	N	N	N	N	N	N	N	0.0058	0.0024	43.2969	2.7718	2.1611	2179.9754	0.0019	0.0000	36.3974	0.0019	0.0013	0.0067	0.0038	0.0034	0.0099	0.0008	0.0000	0.0059	0.3225	0.5362	0.0002	0.0014	0.0016	0.0000	0.4266	1.1040	0.0002	0.6367	0.0033	0.0002	-0.0040	21.8329	14.2360	8.0592	11.9336	0.0022	0.0014	0.0009	0.0016	0.0014	0.0002	0.0006	0.0000	0.0006	0.0064	0.0064	0.0000	0.0001	0.0001	0.0000	0.0064	0.0063	0.0000	1.1914	1.0623	0.1292	0.4237	0.3986	0.0251	0.7678	0.6637	0.1041	0.2985	0.1634	0.1351	0.0515	0.0447	0.0068	0.2470	0.1187	0.1283	0.0868	0.0327	43.2969	2.7718	2.1611	2179.9754	0.0312	0.0000	36.3974	0.0215	0.0392	0.0002	0.0014	0.0016	0.0000	0.0257	0.0533	0.0002
53	62	0.3881	11	1	0	1	1	0	0	0	0	N	N	N	N	N	N	N	N	N	N	N	N	0.4008	366.5748	0.4878	5.4081	1087.3680	0.0854	0.2719	0.3755	0.5410	0.8702	0.4767	4.1127	1.2315	1.3001	0.1093	0.6803	0.0054	5.0118	2.1712	0.0013	8.4313	0.2277	0.0012	1.2790	2.5023	0.0143	9.2632	1.0467	6143.4602	0.4411	0.3595	21.8329	28.8660	8.0592	13.2209	1.9666	0.9608	1.0057	0.9588	0.9539	0.0049	1.0077	0.0069	1.0008	0.9679	0.0002	0.9677	0.0033	0.0001	0.0032	0.9646	0.0001	0.9645	2.2600	2.0154	0.2445	0.7786	0.7338	0.0448	1.4814	1.2817	0.1997	0.4458	0.2349	0.2108	0.0603	0.0509	0.0094	0.3855	0.1841	0.2014	0.4008	711.0421	0.8961	22.4911	1087.3680	0.3183	0.2719	10.2433	1.0466	2.1712	0.0007	4.5896	0.0548	0.0012	0.3432	2.5023	0.0005	4.7888
53	63	0.3854	10	1	1	0	1	0	0	0	0	N	N	N	N	N	N	N	N	N	N	N	N	1.6798	1.0896	0.0000	0.0709	0.0659	0.0000	6.8973	42.4080	0.0000	0.0026	0.0030	0.0000	0.0003	0.0003	0.0000	0.0038	0.0044	0.0000	0.0016	0.0027	0.0004	0.0041	0.0047	0.0013	0.0006	0.0001	0.0004	0.0000	0.3132	-0.0003	-0.0001	21.8329	5.0237	8.0592	8.0282	0.0011	0.0011	0.0000	0.0000	0.0000	0.0000	0.0011	0.0011	0.0000	0.0001	0.0001	0.0000	0.0001	0.0001	0.0000	0.0000	0.0000	0.0000	0.4331	0.3858	0.0473	0.1456	0.1362	0.0094	0.2875	0.2496	0.0380	0.1668	0.0915	0.0752	0.0288	0.0251	0.0038	0.1379	0.0664	0.0715	3.2436	2.6248	0.0000	0.0776	0.0755	0.0000	19.1174	13139.5987	0.0000	0.0008	0.0011	0.0004	0.0037	0.0041	0.0013	0.0002	0.0000	0.0004
53	64	0.3224	9	1	1	0	1	0	0	0	0	N	N	N	N	N	N	N	N	N	N	N	N	0.9314	0.9888	0.0013	0.0002	0.0002	0.0000	1.9180	291.5376	0.0020	0.5817	0.6482	0.0003	0.0002	0.0002	0.0000	0.9548	1.0970	0.0004	0.6245	0.6555	0.2621	1.1717	1.2861	0.0176	0.4978	0.0038	0.2145	0.0001	0.8929	-0.2866	-0.0040	21.8329	17.5893	8.0592	19.0270	0.9983	0.9982	0.0001	0.0001	0.0001	0.0000	0.9982	0.9981	0.0001	0.0258	0.0136	0.0122	0.0138	0.0136	0.0002	0.0120	0.0000	0.0120	1.7163	1.5400	0.1762	0.6709	0.6302	0.0406	1.0454	0.9098	0.1356	0.4388	0.2342	0.2046	0.0571	0.0472	0.0098	0.3817	0.1869	0.1948	9.8834	11.1272	0.0056	0.0008	0.0007	0.0000	30.2905	8617.2671	0.0070	0.0589	0.0583	0.0595	0.2417	0.2882	0.0176	0.0315	0.0001	0.0617
53	65	0.3161	8	0	1	0	1	0	0	0	0	N	N	N	N	N	N	N	N	N	N	N	N	0.0120	0.1101	0.0286	0.0092	0.1157	0.0001	0.9339	0.2475	3.0977	0.0046	0.0045	0.0055	0.0031	0.0032	0.0001	0.0054	0.0052	0.0067	0.3821	0.0407	0.1932	0.3352	0.0280	0.4588	0.0058	0.0210	0.0022	0.1413	5.9371	-0.0001	0.0005	21.8329	1.7566	8.0592	2.8742	0.0009	0.0008	0.0001	0.0002	0.0002	0.0000	0.0007	0.0005	0.0001	0.0022	0.0003	0.0019	0.0022	0.0003	0.0018	0.0001	0.0000	0.0001	0.1867	0.1675	0.0192	0.0652	0.0618	0.0034	0.1215	0.1057	0.0158	0.0846	0.0473	0.0374	0.0307	0.0205	0.0102	0.0539	0.0268	0.0271	0.1742	0.6593	0.1081	0.0439	0.2201	0.0003	3.7294	7.1882	3.0977	0.0263	0.0068	0.0510	0.0700	0.0147	0.1807	0.0014	0.0007	0.0022
53	66	0.4603	11	0	1	0	1	0	0	0	0	N	N	N	N	N	N	N	N	N	N	N	N	6394.2274	2566.5163	3.8579	2235.0839	2057.6040	0.0569	2038701.6054	4917.0265	5.5141	1.7391	1.9493	0.0000	3.2845	3.4943	0.0000	0.8968	1.0354	0.0000	0.0003	0.0008	0.0000	0.0015	0.0017	0.0000	0.0000	0.0002	0.0000	0.0000	0.0004	-0.8591	-0.0001	21.8329	21.1811	8.0592	10.1862	2.9918	2.9918	0.0000	1.9933	1.9933	0.0000	0.9985	0.9985	0.0000	0.0001	0.0001	0.0000	0.0001	0.0001	0.0000	0.0000	0.0000	0.0000	1.7203	1.5348	0.1854	0.6069	0.5704	0.0364	1.1134	0.9644	0.1490	0.3524	0.1928	0.1596	0.0602	0.0521	0.0081	0.2922	0.1407	0.1515	6916.5359	4243.2473	3.8579	2235.0839	2057.6040	0.0569	2038701.6054	1434476.4048	5.5141	0.0003	0.0005	0.0000	0.0015	0.0017	0.0000	0.0000	0.0000	0.0000
53	67	0.4465	10	0	1	0	1	0	0	0	0	N	N	N	N	N	N	N	N	N	N	N	N	1.9124	2.6068	0.1299	64.3322	58.2113	229.4542	0.6981	0.1031	0.0000	0.0035	0.0039	0.0001	0.0045	0.0047	0.0008	0.0029	0.0034	0.0000	0.0018	0.0015	0.0011	0.0001	0.0001	0.0000	0.0042	0.0329	0.0012	0.0045	1.2744	-0.0006	-0.0000	21.8329	7.4253	8.0592	0.9851	0.0022	0.0022	0.0000	0.0010	0.0010	0.0000	0.0012	0.0012	0.0000	0.0001	0.0000	0.0001	0.0000	0.0000	0.0000	0.0001	0.0000	0.0001	0.6412	0.5725	0.0687	0.2226	0.2096	0.0130	0.4187	0.3629	0.0557	0.0982	0.0534	0.0448	0.0155	0.0133	0.0023	0.0827	0.0401	0.0426	3.8055	5.2456	0.1299	64.3322	58.2113	229.4542	2.7450	3.5486	0.0000	0.0009	0.0007	0.0011	0.0001	0.0001	0.0000	0.0011	0.0010	0.0012
53	68	0.2671	5	0	0	1	1	0	0	0	0	N	N	N	N	N	N	N	N	N	N	N	N	0.3549	4.9000	0.0046	3.5114	3.2914	8.4959	0.3466	7961.0473	0.0049	1.5196	1.6912	0.0704	1.1611	1.2369	0.0263	1.7551	2.0142	0.0839	4.2819	0.3451	15.4072	0.3306	0.3758	0.0031	5.0643	0.0003	16.9797	0.0049	396.6602	-0.7585	0.5175	21.8329	15.0354	8.0592	6.2061	2.6877	2.6745	0.0132	0.8139	0.8128	0.0012	1.8738	1.8617	0.0120	1.4020	0.0035	1.3985	0.0035	0.0035	0.0000	1.3985	0.0000	1.3985	1.7686	1.5814	0.1872	0.7010	0.6571	0.0439	1.0676	0.9243	0.1433	0.3274	0.1737	0.1537	0.0513	0.0448	0.0065	0.2761	0.1289	0.1472	0.3549	83.3294	0.0077	16.7940	15.7119	8.4959	0.3466	2316034.0403	0.0088	4.2819	0.0203	9.0983	0.0691	0.0787	0.0031	5.0643	0.0000	9.5000
53	69	0.1991	4	0	0	0	1	0	0	0	0	N	N	N	N	N	N	N	N	N	N	N	N	0.0910	0.3028	0.0150	0.4121	0.4095	0.3783	0.0107	1.0383	0.0162	0.1232	0.1296	0.0699	0.3821	0.4038	0.0067	0.0165	0.0070	0.0810	1.3542	0.4279	4.6601	0.9272	0.9861	0.0178	1.5420	0.0068	4.9980	0.0646	85.4497	-0.0776	0.2191	21.8329	27.6811	8.0592	13.1592	0.3428	0.3220	0.0208	0.3103	0.3100	0.0003	0.0325	0.0120	0.0205	0.6086	0.0070	0.6016	0.0071	0.0070	0.0001	0.6015	0.0001	0.6015	2.7830	2.4855	0.2974	0.8121	0.7676	0.0445	1.9708	1.7179	0.2529	0.5502	0.2709	0.2794	0.0394	0.0344	0.0051	0.5108	0.2365	0.2743	0.1114	4.9851	0.0325	2.1324	1.9899	0.3783	0.0140	26.8673	0.0370	1.1061	0.0260	2.1533	0.1792	0.2029	0.0178	1.1777	0.0003	2.1927
53	71	0.4496	11	1	1	0	1	0	0	0	0	N	N	N	N	N	N	N	N	N	N	N	N	8142.1601	188165.4445	1639.9083	115516.8278	124656.3971	inf	507.8475	1979.9371	0.0013	0.0014	0.0006	0.0035	0.0038	0.0000	0.0001	0.0000	0.0007	0.0000	0.0000	0.0000	0.0000	0.0000	0.0000	0.0000	0.0000	0.0000	0.0484	38.7463	-0.0005	0.0000	21.8329	17.5448	8.0592	6.0013	0.0020	0.0019	0.0001	0.0019	0.0019	0.0000	0.0001	0.0000	0.0001	0.0000	0.0000	0.0000	0.0000	0.0000	0.0000	0.0000	0.0000	0.0000	1.4766	1.3182	0.1583	0.5279	0.4947	0.0332	0.9487	0.8236	0.1251	0.2671	0.1454	0.1217	0.0423	0.0361	0.0062	0.2248	0.1092	0.1156	8142.1601	188165.4445	1639.9083	115516.8278	124656.3971	inf	507.8475	0.0000	1979.9371	0.0000	0.0000	0.0000	0.0000	0.0000	0.0000	0.0000	0.0000	0.0000	
53	72	0.5181	14	1	1	1	1	0	0	0	0	N	N	N	N	N	N	N	N	N	N	N	N	0.0000	0.0000	0.0000	0.0000	0.0000	0.0000	0.0000	0.0000	0.0000	0.0000	0.0000	0.0000	0.0000	0.0000	0.0000	0.0000	0.0000	0.0000	0.0000	0.0000	0.0000	0.0000	0.0009	0.0000	-0.0000	21.8329	1.8980	8.0592	2.9698	0.0000	0.0000	0.0000	0.0000	0.0000	0.0000	0.0000	0.0000	0.0000	0.0000	0.0000	0.0000	0.0000	0.0000	0.0000	0.0000	0.0000	0.0000	0.1717	0.1531	0.0187	0.0724	0.0683	0.0042	0.0993	0.0848	0.0145	0.0974	0.0658	0.0317	0.0379	0.0359	0.0020	0.0595	0.0298	0.0297	0.0000	0.0000	0.0000	0.0000	0.0000	0.0000	0.0000	0.0000	0.0000	0.0000	0.0000	0.0000	0.0000	0.0000	0.0000	0.0000	0.0000	0.0000						
53	73	0.4985	13	1	0	1	1	0	0	0	0	N	N	N	N	N	N	N	N	N	N	N	N	0.0001	0.0000	0.0664	0.0001	0.0001	0.0067	0.0156	0.0001	0.0987	0.0000	0.0000	0.0000	0.0000	0.0000	0.0000	0.0000	0.0000	0.0000	0.0049	0.0103	0.0000	0.0098	0.0112	0.0000	0.0000	0.0004	0.0000	0.3907	0.0051	-0.0000	-0.0001	21.8329	3.5853	8.0592	4.3819	0.0000	0.0000	0.0000	0.0000	0.0000	0.0000	0.0000	0.0000	0.0000	0.0002	0.0002	0.0000	0.0002	0.0002	0.0000	0.0000	0.0000	0.0000	0.7437	0.6840	0.0597	0.4411	0.4206	0.0206	0.3026	0.2635	0.0391	0.1160	0.0741	0.0419	0.0321	0.0297	0.0024	0.0839	0.0444	0.0395	0.0003	0.0001	0.0664	0.0001	0.0001	0.0067	0.0291	0.0345	0.0987	0.0019	0.0030	0.0000	0.0068	0.0074	0.0000	0.0000	0.0000	0.0000
53	74	0.4670	12	1	0	1	1	0	0	0	0	N	N	N	N	N	N	N	N	N	N	N	N	92.1822	131.9973	0.3045	681.9603	594.3353	127.8244	34.5800	6.7688	0.3179	2.6894	3.0032	0.0053	3.5316	3.7605	0.0076	2.1710	2.4992	0.0046	0.0292	0.0228	0.0174	0.0052	0.0063	0.0001	0.0628	0.3692	0.0146	0.0002	1.3416	-0.8277	-0.0001	21.8329	12.3589	8.0592	7.3592	2.8847	2.8841	0.0006	1.4432	1.4430	0.0002	1.4415	1.4411	0.0004	0.0016	0.0007	0.0009	0.0002	0.0002	0.0000	0.0014	0.0005	0.0009	1.0726	0.9604	0.1123	0.4086	0.3837	0.0249	0.6640	0.5766	0.0874	0.2379	0.1373	0.1005	0.0459	0.0406	0.0053	0.1920	0.0968	0.0952	394.5791	595.7171	0.5728	797.1457	751.8699	127.8244	293.9336	494.1127	0.4747	0.0068	0.0050	0.0092	0.0044	0.0050	0.0001	0.0074	0.0051	0.0098
53	75	0.4496	11	1	0	1	1	0	0	0	0	N	N	N	N	N	N	N	N	N	N	N	N	582.0308	1789.4994	0.3769	1.8948	1.7328	0.2190	490.6244	399.0754	0.4622	1.0855	1.2152	0.0006	0.0019	0.0020	0.0000	1.7352	1.9995	0.0007	0.0019	0.0007	0.0015	0.0010	0.0012	0.0000	0.0035	0.0050	0.0016	0.0001	2.9218	-0.2840	0.0000	21.8329	10.2127	8.0592	1.0234	0.9893	0.9893	0.0001	0.0007	0.0007	0.0000	0.9887	0.9886	0.0001	0.0001	0.0000	0.0001	0.0000	0.0000	0.0000	0.0001	0.0000	0.0001	0.9115	0.8141	0.0973	0.3417	0.3197	0.0220	0.5698	0.4944	0.0754	0.1307	0.0711	0.0596	0.0207	0.0177	0.0030	0.1099	0.0534	0.0566	1168.0270	2790.0488	0.3769	1.8948	1.7328	0.2190	1898.7399	10669.5381	0.4622	0.0009	0.0004	0.0015	0.0010	0.0012	0.0000	0.0009	0.0002	0.0016
53	76	0.4465	10	1	0	0	1	0	0	0	0	N	N	N	N	N	N	N	N	N	N	N	N	7.5739	2059.0432	0.0060	0.0873	0.0786	4.7706	inf	0.0070	0.0054	0.0061	0.0000	0.0000	0.0000	0.0000	0.0084	0.0097	0.0000	0.0007	0.0000	0.0010	0.0000	0.0000	0.0000	0.0018	0.0000	0.0011	0.0001	283.4408	-0.0005	0.0000	21.8329	3.7027	8.0592	0.0091	0.0019	0.0018	0.0000	0.0000	0.0000	0.0000	0.0019	0.0018	0.0000	0.0000	0.0000	0.0000	0.0000	0.0000	0.0000	0.0000	0.0000	0.0000	0.3396	0.3039	0.0357	0.1206	0.1141	0.0066	0.2190	0.1898	0.0292	0.0438	0.0238	0.0200	0.0069	0.0059	0.0010	0.0368	0.0179	0.0190	11.9211	2059.0432	0.0060	0.0873	0.0786	0.0000	15.6178	inf	0.0070	0.0005	0.0000	0.0010	0.0000	0.0000	0.0000	0.0005	0.0000	0.0011	
53	77	0.4295	9	0	0	0	1	0	0	0	0	N	N	N	N	N	N	N	N	N	N	N	N	0.0080	0.0000	223.9140	0.0000	0.0000	2.1737	64.3952	0.0001	300.1148	0.0002	0.0000	0.0019	0.0000	0.0000	0.0000	0.0003	0.0000	0.0026	0.0244	0.1124	0.0000	0.0547	0.0604	0.0000	0.0000	0.0004	0.0000	1530.7981	0.0006	0.0001	-0.0007	21.8329	3.8334	8.0592	6.1787	0.0001	0.0000	0.0001	0.0000	0.0000	0.0000	0.0001	0.0000	0.0001	0.0011	0.0011	0.0000	0.0011	0.0011	0.0000	0.0000	0.0000	0.0000	0.4679	0.4207	0.0472	0.1968	0.1851	0.0117	0.2711	0.2356	0.0355	0.1731	0.1031	0.0700	0.0438	0.0408	0.0030	0.1293	0.0623	0.0670	0.0317	0.0000	223.9140	0.0001	0.0000	2.1737	64.3952	0.0203	300.1148	0.0062	0.0103	0.0000	0.0244	0.0262	0.0000	0.0000	0.0000	0.0000
53	78	0.3904	8	0	0	0	1	0	0	0	0	N	N	N	N	N	N	N	N	N	N	N	N	0.0988	0.0001	159.8725	0.0007	0.0001	3.6082	4.5531	0.0000	227.3766	0.0590	0.0001	0.5579	0.0008	0.0001	0.0094	0.0950	0.0000	0.7431	0.5969	0.7808	0.0035	1.0775	1.1119	0.0026	0.0209	0.3113	0.0033	1251.4435	0.0254	0.0684	-0.0118	21.8329	16.9094	8.0592	5.8161	0.0960	0.0001	0.0959	0.0005	0.0001	0.0004	0.0955	0.0000	0.0955	0.0196	0.0191	0.0005	0.0185	0.0185	0.0000	0.0011	0.0006	0.0005	1.6273	1.4554	0.1720	0.6217	0.5783	0.0434	1.0056	0.8771	0.1286	0.3676	0.2181	0.1495	0.0839	0.0774	0.0064	0.2837	0.1407	0.1431	1.1082	0.0006	172.2206	0.0034	0.0005	3.6082	25.4676	0.0030	227.3766	0.0532	0.0875	0.0032	0.2208	0.2389	0.0026	0.0037	0.0042	0.0033
53	79	0.3161	8	0	1	0	1	0	0	0	0	N	N	N	N	N	N	N	N	N	N	N	N	40.8265	4.1440	14904.9544	14.3609	10.4368	0.5667	445.5890	0.0000	1132402.3511	0.9798	0.5388	4.5534	1.5998	1.7093	0.0023	0.7143	0.0000	5.5190	0.0240	0.1300	0.0003	0.1114	0.1638	0.0041	0.0016	0.0366	0.0000	1.0430	0.0240	0.4375	-0.0019	21.8329	23.9173	8.0592	17.8091	1.9584	0.9586	0.9998	0.9587	0.9586	0.0001	0.9997	0.0000	0.9997	0.0031	0.0030	0.0001	0.0029	0.0028	0.0001	0.0002	0.0002	0.0000	1.9988	1.7792	0.2196	0.5992	0.5608	0.0384	1.3996	1.2184	0.1811	0.5053	0.2692	0.2361	0.0752	0.0580	0.0172	0.4302	0.2113	0.2189	161.1430	48.3461	14904.9544	42.0815	35.5570	0.5667	1426.5736	0.0000	1132402.3511	0.0061	0.0111	0.0003	0.0380	0.0481	0.0041	0.0005	0.0010	0.0000
53	80	0.3000	7	0	1	0	1	0	0	0	0	N	N	N	N	N	N	N	N	N	N	N	N	0.0053	0.0009	0.2582	0.0018	0.0030	0.0000	0.4150	0.0003	59.9614	0.0013	0.0002	0.0095	0.0007	0.0007	0.0000	0.0015	0.0000	0.0115	0.2436	0.2911	0.0367	0.3834	0.2474	0.2294	0.0037	0.0911	0.0002	4.8193	0.8976	0.0004	-0.0004	21.8329	6.1279	8.0592	3.6878	0.0007	0.0001	0.0006	0.0001	0.0001	0.0000	0.0006	0.0000	0.0006	0.0025	0.0013	0.0012	0.0024	0.0012	0.0012	0.0001	0.0001	0.0000	0.5258	0.4668	0.0590	0.1550	0.1448	0.0102	0.3709	0.3221	0.0488	0.1432	0.0761	0.0671	0.0312	0.0206	0.0106	0.1120	0.0555	0.0565	0.0730	0.0143	0.5339	0.0088	0.0123	0.0000	1.5936	0.0177	59.9614	0.0176	0.0175	0.0178	0.0774	0.0598	0.1116	0.0010	0.0018	0.0002
53	81	0.3881	11	1	0	1	1	0	0	0	0	N	N	N	N	N	N	N	N	N	N	N	N	2.6223	2.0963	98.7248	1.3172	1.3465	0.0009	1454808.9788	4239.8493	18140.0511	1.8590	2.0842	0.0049	2.6424	2.8037	0.0000	1.4458	1.6707	0.0060	0.7089	0.9942	0.0000	2.0061	2.0822	0.0011	0.0000	0.0004	0.0000	0.0003	0.0003	-1.1553	-0.0217	21.8329	27.2690	8.0592	12.3406	4.0275	4.0263	0.0011	1.9766	1.9766	0.0000	2.0508	2.0497	0.0011	0.0346	0.0346	0.0000	0.0346	0.0346	0.0000	0.0000	0.0000	0.0000	2.1665	1.9318	0.2346	0.7480	0.7050	0.0430	1.4184	1.2268	0.1916	0.4254	0.2242	0.2012	0.0577	0.0487	0.0090	0.3677	0.1756	0.1922	22.8668	13.5173	98.7248	4.4071	3.9471	0.0009	1454808.9788	969968.2219	18140.0511	0.0813	0.1542	0.0000	0.5996	0.7103	0.0011	0.0000	0.0000	0.0000
53	82	0.3728	10	0	0	0	1	0	0	0	0	N	N	N	N	N	N	N	N	N	N	N	N	0.2107	0.2117	0.3025	4.5408	3.5417	0.0129	0.2054	0.0883	0.3637	0.2050	0.1290	0.8787	0.1547	0.1637	0.0000	0.2364	0.1054	1.1094	0.9732	0.6093	2.9043	0.0341	0.0462	0.0011	1.1506	1.1946	3.0500	0.7694	8.6887	0.0289	0.0094	21.8329	9.0798	8.0592	0.9519	0.1957	0.1106	0.0851	0.0567	0.0567	0.0000	0.1390	0.0539	0.0851	0.0350	0.0036	0.0314	0.0005	0.0005	0.0000	0.0345	0.0032	0.0314	0.9543	0.8575	0.0968	0.3662	0.3460	0.0201	0.5881	0.5114	0.0767	0.1283	0.0705	0.0578	0.0265	0.0219	0.0046	0.1018	0.0486	0.0532	0.7516	2.5167	1.6182	8.8965	7.8652	0.0129	0.6965	1.6232	1.8802	0.2728	0.0512	0.5430	0.0174	0.0208	0.0011	0.3393	0.0650	0.5900
53	83	0.3000	7	0	1	0	1	0	0	0	0	N	N	N	N	N	N	N	N	N	N	N	N	95.8406	914.9939	0.0000	31.9770	619.0904	0.0000	2566.7851	660.9968	0.0044	1.7117	1.9255	0.0000	3.8915	4.1629	0.0000	0.8143	0.9358	0.0000	0.0179	0.0021	0.0182	0.1217	0.0067	0.3293	0.0003	0.0014	0.0002	0.0000	9.3130	-0.8523	0.0006	21.8329	21.0000	8.0592	14.4214	2.9684	2.9684	0.0000	1.9681	1.9681	0.0000	1.0003	1.0003	0.0000	0.0022	0.0002	0.0020	0.0022	0.0002	0.0019	0.0000	0.0000	0.0000	1.7342	1.5416	0.1925	0.5058	0.4728	0.0330	1.2284	1.0688	0.1596	0.4379	0.2308	0.2072	0.0537	0.0401	0.0136	0.3842	0.1906	0.1936	340.7792	2083.2683	0.0001	97.0137	798.8993	0.0000	7079.8984	42717.3642	0.0044	0.0050	0.0009	0.0096	0.0401	0.0052	0.1431	0.0001	0.0000	0.0002
53	84	0.3577	11	0	0	1	1	0	0	0	0	N	N	N	N	N	N	N	N	N	N	N	N	0.6378	0.3958	0.0000	0.2263	0.2010	0.0000	2359.5266	14718.1216	0.0000	1.6672	1.8687	0.0000	3.4013	3.6270	0.0000	0.8300	0.9538	0.0000	2.6138	4.7213	0.0002	15.0326	18.0419	0.0000	0.0004	0.0001	0.0003	0.0000	0.0000	-0.8549	-0.6220	21.8329	20.4085	8.0592	11.0867	2.9773	2.9773	0.0000	1.9778	1.9778	0.0000	0.9996	0.9996	0.0000	0.9899	0.9899	0.0000	0.9899	0.9899	0.0000	0.0000	0.0000	0.0000	1.7858	1.5933	0.1925	0.5815	0.5453	0.0362	1.2043	1.0480	0.1564	0.3787	0.2097	0.1691	0.0658	0.0549	0.0110	0.3129	0.1548	0.1581	0.6378	0.3958	0.0000	0.2263	0.2010	0.0000	6399.6340	5100361.3654	0.0000	2.6138	4.7213	0.0002	15.0326	18.0419	0.0000	0.0001	0.0000	0.0003
53	85	0.3539	10	0	0	1	1	0	0	0	0	N	N	N	N	N	N	N	N	N	N	N	N	0.0008	0.0007	0.0000	0.0004	0.0004	0.0000	0.0006	0.0121	0.0000	0.0008	0.0009	0.0000	0.0010	0.0011	0.0000	0.0006	0.0007	0.0000	1.0172	1.2411	2.4194	2.3603	2.4738	0.0002	1.0324	0.0557	2.3940	0.0000	0.9171	-0.0001	-0.0029	21.8329	3.1287	8.0592	1.1816	0.0003	0.0003	0.0000	0.0002	0.0002	0.0000	0.0001	0.0001	0.0000	0.0194	0.0101	0.0093	0.0101	0.0101	0.0000	0.0093	0.0000	0.0093	0.4153	0.3725	0.0428	0.1928	0.1793	0.0134	0.2225	0.1932	0.0293	0.0573	0.0320	0.0253	0.0106	0.0091	0.0015	0.0467	0.0229	0.0238	0.0023	0.0027	0.0000	0.0010	0.0009	0.0000	0.0029	0.4962	0.0000	0.3391	0.3165	0.3676	0.9528	1.1103	0.0002	0.1997	0.0014	0.3909
53	86	0.3470	9	0	0	0	1	0	0	0	0	N	N	N	N	N	N	N	N	N	N	N	N	0.0003	0.0004	0.0000	0.0004	0.0004	0.0000	0.0000	0.0000	0.0000	0.0003	0.0004	0.0000	0.0008	0.0008	0.0000	0.0000	0.0000	0.0000	0.9743	1.0388	2.4806	1.8308	1.9172	0.0587	1.0447	0.0490	2.4987	0.0000	1.8065	-0.0000	0.0004	21.8329	4.0532	8.0592	2.2470	0.0001	0.0001	0.0000	0.0001	0.0001	0.0000	0.0000	0.0000	0.0000	0.0234	0.0083	0.0151	0.0084	0.0083	0.0001	0.0150	0.0000	0.0150	0.4437	0.3975	0.0462	0.1910	0.1769	0.0140	0.2527	0.2206	0.0321	0.0856	0.0474	0.0383	0.0164	0.0141	0.0022	0.0693	0.0332	0.0360	0.0012	0.0021	0.0000	0.0015	0.0014	0.0000	0.0000	0.0001	0.0000	0.2735	0.1762	0.3940	0.5134	0.5879	0.0444	0.2168	0.0013	0.4158
53	87	0.3239	8	0	0	0	1	0	0	0	0	N	N	N	N	N	N	N	N	N	N	N	N	0.0005	0.0035	0.0004	0.0127	0.0100	0.2467	0.0001	0.0000	0.0002	0.0019	0.0015	0.0060	0.0035	0.0031	0.0117	0.0006	0.0000	0.0042	4.2629	0.4385	15.8177	0.2775	0.3111	0.0475	5.6937	0.3282	18.9673	0.4026	279.9576	-0.0000	0.3556	21.8329	4.7288	8.0592	9.8540	0.0011	0.0008	0.0003	0.0009	0.0008	0.0001	0.0002	0.0000	0.0002	0.9662	0.0034	0.9627	0.0035	0.0031	0.0005	0.9626	0.0004	0.9622	0.5717	0.5188	0.0529	0.2675	0.2548	0.0127	0.3042	0.2640	0.0401	0.2266	0.1278	0.0988	0.0576	0.0451	0.0125	0.1691	0.0827	0.0863	0.0005	0.0567	0.0006	0.0572	0.0456	0.3121	0.0001	0.0000	0.0004	4.2629	0.0269	9.7442	0.0615	0.0681	0.0376	5.6937	0.0044	11.1448
53	88	0.3000	7	0	0	0	1	0	0	0	0	N	N	N	N	N	N	N	N	N	N	N	N	0.0019	0.0065	0.0000	0.0047	0.0084	0.0000	0.0016	0.0042	0.0000	0.0015	0.0017	0.0000	0.0015	0.0016	0.0000	0.0015	0.0018	0.0000	0.8048	0.2612	1.7667	0.3123	0.1868	0.1934	0.9294	0.4146	1.7198	0.0000	13.0659	-0.0003	0.0077	21.8329	8.6320	8.0592	7.0881	0.0011	0.0011	0.0000	0.0003	0.0003	0.0000	0.0008	0.0008	0.0000	0.0255	0.0018	0.0237	0.0025	0.0013	0.0012	0.0231	0.0005	0.0225	0.7358	0.6534	0.0824	0.2165	0.2022	0.0143	0.5194	0.4512	0.0682	0.2138	0.1131	0.1007	0.0366	0.0253	0.0113	0.1773	0.0878	0.0894	0.0126	0.1058	0.0000	0.0219	0.0306	0.0000	0.0117	0.3009	0.0000	0.1193	0.0160	0.2353	0.0671	0.0515	0.1018	0.1301	0.0058	0.2521
53	89	0.3678	9	0	1	0	1	0	0	0	0	N	N	N	N	N	N	N	N	N	N	N	N	1.8042	586.2957	3.7790	1.9715	831.3066	1.0775	1.2315	0.0001	13.1823	1.3754	0.7684	6.5668	3.9071	2.0803	32.3826	0.0005	0.0000	0.0038	0.7623	0.0013	1.7377	1.9817	0.0025	30.0530	0.0004	0.0009	0.0003	0.9991	266.9275	0.4241	0.0101	21.8329	15.4622	8.0592	5.2688	1.9946	0.9978	0.9969	1.9942	0.9978	0.9964	0.0005	0.0000	0.0005	0.0274	0.0001	0.0273	0.0273	0.0001	0.0272	0.0000	0.0000	0.0000	1.4502	1.2984	0.1518	0.5104	0.4796	0.0308	0.9398	0.8188	0.1210	0.2688	0.1512	0.1175	0.0463	0.0404	0.0059	0.2224	0.1108	0.1116	13.5145	1138.3507	28.3223	6.6266	831.3066	7.0189	3.2907	0.0092	13.1823	0.1018	0.0007	0.2319	0.5896	0.0025	4.6136	0.0001	0.0000	0.0003
53	90	0.3560	8	0	0	0	1	0	0	0	0	N	N	N	N	N	N	N	N	N	N	N	N	0.0106	0.0046	0.0226	0.0101	0.0062	0.0079	0.4270	0.0516	5.1063	0.0107	0.0056	0.0557	0.0267	0.0133	0.2429	0.0016	0.0008	0.0066	1.0087	1.2047	2.4690	2.6556	2.1514	30.5789	0.0036	0.0159	0.0013	1.1385	0.9088	0.0020	-0.0077	21.8329	7.5917	8.0592	1.5198	0.0083	0.0039	0.0044	0.0075	0.0035	0.0040	0.0008	0.0004	0.0004	0.0509	0.0267	0.0242	0.0508	0.0266	0.0242	0.0001	0.0000	0.0001	0.7772	0.6980	0.0792	0.2810	0.2646	0.0165	0.4962	0.4335	0.0627	0.1533	0.0910	0.0623	0.0384	0.0334	0.0050	0.1148	0.0575	0.0573	0.0321	0.0189	0.1433	0.0202	0.0167	0.0504	1.6503	1.3970	5.1063	0.3321	0.2932	0.3889	1.3214	0.7968	4.8187	0.0009	0.0006	0.0013
53	91	0.4653	12	1	0	1	1	0	0	0	0	N	N	N	N	N	N	N	N	N	N	N	N	0.0000	0.0000	0.0000	0.0000	0.0000	0.0000	0.0000	0.0000	0.0000	0.0000	0.0000	0.0000	0.0000	0.0000	0.0000	0.0000	0.0000	0.0000	0.0000	0.0000	21.8329	3.0317	8.0592	0.1644	0.0000	0.0000	0.0000	0.0000	0.0000	0.0000	0.0000	0.0000	0.0000	0.0000	0.0000	0.0000	0.0000	0.0000	0.0000	0.0000	0.0000	0.0000	0.2546	0.2281	0.0265	0.0939	0.0888	0.0051	0.1607	0.1393	0.0214	0.0358	0.0193	0.0165	0.0054	0.0045	0.0009	0.0305	0.0149	0.0156	0.0000	0.0000	0.0000	0.0000	0.0000	0.0000	0.0000	0.0000	0.0000	0.0000	0.0000	0.0000	0.0000	0.0000	0.0000	0.0000	0.0000	0.0000											
53	92	0.4595	11	1	0	1	1	0	0	0	0	N	N	N	N	N	N	N	N	N	N	N	N	1544.7179	2354.9448	979.9113	134.2716	31.7986	10745.1415	3834.1513	264.7144	113.2544	0.0050	0.0050	0.0045	0.0009	0.0002	0.0130	0.0094	0.0107	0.0005	0.0000	0.0000	0.0000	0.0000	0.0000	0.0000	0.0000	0.0000	0.0000	0.0859	1.7002	-0.0003	0.0000	21.8329	2.6632	8.0592	1.0147	0.0016	0.0015	0.0001	0.0002	0.0000	0.0001	0.0015	0.0015	0.0000	0.0000	0.0000	0.0000	0.0000	0.0000	0.0000	0.0000	0.0000	0.0000	0.3324	0.3034	0.0290	0.1747	0.1655	0.0092	0.1577	0.1379	0.0198	0.0449	0.0251	0.0198	0.0077	0.0067	0.0010	0.0372	0.0184	0.0188	1544.7179	2354.9448	979.9113	134.2716	31.7986	10745.1415	3834.1513	98810.3091	113.2544	0.0000	0.0000	0.0000	0.0000	0.0000	0.0000	0.0000	0.0000	0.0000
53	93	0.3762	10	1	0	1	1	0	0	0	0	N	N	N	N	N	N	N	N	N	N	N	N	19.2663	2.6857	14495.0960	8.5838	3.5583	11613.2619	2223.4610	1665.7875	5880.3273	1.0644	0.7094	4.1560	1.6794	0.8521	15.9894	0.7070	0.6191	1.2896	0.0552	0.2641	0.0003	0.1956	0.2395	0.0014	0.0003	0.0004	0.0002	0.6728	0.0149	0.3846	-0.0030	21.8329	35.0787	8.0592	12.2568	3.3427	1.9983	1.3444	1.9384	0.9298	1.0086	1.4043	1.0685	0.3358	0.0048	0.0048	0.0001	0.0048	0.0048	0.0000	0.0001	0.0000	0.0001	3.1405	2.8171	0.3235	1.1542	1.0912	0.0631	1.9863	1.7259	0.2604	0.5426	0.2942	0.2484	0.0956	0.0811	0.0145	0.4470	0.2130	0.2340	119.3803	43.7779	14495.0960	33.5447	14.5051	11613.2619	6119.3127	395319.9867	5880.3273	0.0089	0.0162	0.0003	0.0501	0.0587	0.0014	0.0001	0.0000	0.0002
53	94	0.3627	9	1	0	0	1	0	0	0	0	N	N	N	N	N	N	N	N	N	N	N	N	1.4391	16.0238	8.0341	188.1666	152.8492	4161.3290	0.9906	0.3557	11.4725	0.6588	0.4269	2.8952	0.7700	0.7826	0.5136	0.5798	0.1510	3.5214	0.4578	0.0266	0.3604	0.0041	0.0051	0.0001	0.5854	0.4244	0.3069	0.7032	10.1800	0.0874	0.0014	21.8329	8.4810	8.0592	2.3446	0.6948	0.4079	0.2869	0.3373	0.3267	0.0106	0.3575	0.0812	0.2763	0.0049	0.0004	0.0044	0.0001	0.0001	0.0000	0.0048	0.0003	0.0044	1.0546	0.9555	0.0991	0.4381	0.4175	0.0206	0.6165	0.5381	0.0785	0.1422	0.0789	0.0633	0.0274	0.0234	0.0040	0.1149	0.0556	0.0593	19.2455	77.3962	41.3246	205.7281	179.4874	4161.3290	13.9729	25.1502	47.0981	0.0342	0.0055	0.0701	0.0037	0.0044	0.0001	0.0415	0.0060	0.0748
53	95	0.3000	7	0	1	0	2	0	0	0	0	N	N	N	Y	N	N	N	N	N	N	N	N	1.6819	1.7145	0.2058	2.7796	2.5222	0.0034	0.0120	0.0001	0.2630	0.9871	1.1062	0.0317	3.3793	3.6143	0.0000	0.0050	0.0000	0.0382	0.5869	0.6452	0.1539	1.2158	1.4330	0.0093	0.4144	0.0265	0.1452	0.0036	0.7345	-0.5507	-0.0059	21.8329	24.0032	8.0592	22.6134	1.9419	1.9350	0.0069	1.9350	1.9350	0.0000	0.0069	0.0000	0.0069	0.0288	0.0166	0.0122	0.0165	0.0164	0.0001	0.0123	0.0002	0.0121	1.9672	1.7493	0.2180	0.5726	0.5354	0.0372	1.3946	1.2139	0.1807	0.5578	0.2939	0.2639	0.0630	0.0481	0.0149	0.4948	0.2458	0.2491	19.1099	19.5693	0.6852	12.8610	10.5986	0.0034	0.1997	0.0031	0.7887	0.0517	0.0565	0.0462	0.2628	0.3410	0.0093	0.0248	0.0009	0.0484
53	96	0.7174	11	0	1	0	1	0	0	0	0	N	N	N	N	N	N	N	N	N	N	N	N	2.2097	1.4052	0.0000	1.7888	1.5787	0.0000	18.5757	0.3240	0.0000	0.0001	0.0001	0.0000	0.0001	0.0001	0.0000	0.0000	0.0000	0.0000	0.0000	0.0001	0.0000	0.0001	0.0001	0.0000	0.0000	0.0000	0.0000	0.0000	0.0084	-0.0000	-0.0000	21.8329	18.5150	8.0592	10.2301	0.0001	0.0001	0.0000	0.0001	0.0001	0.0000	0.0000	0.0000	0.0000	0.0000	0.0000	0.0000	0.0000	0.0000	0.0000	0.0000	0.0000	0.0000	1.6381	1.4773	0.1609	0.7528	0.7079	0.0449	0.8854	0.7693	0.1160	0.3371	0.2119	0.1252	0.1319	0.1093	0.0226	0.2052	0.1026	0.1026	2.2097	1.5532	0.0000	1.7888	1.5787	0.0000	18.5757	120.8601	0.0000	0.0000	0.0000	0.0000	0.0001	0.0001	0.0000	0.0000	0.0000	0.0000
53	97	0.3291	8	0	1	0	1	0	0	0	0	N	N	N	N	N	N	N	N	N	N	N	N	0.5635	2406.3636	0.0000	1139.8683	7106.5595	0.0000	0.2247	56.6560	0.0000	0.8013	0.8980	0.0002	1.8215	1.9444	0.0000	0.3710	0.4247	0.0002	1.4220	0.0004	5.4771	0.0016	0.0003	0.0098	1.6509	0.0075	5.7009	0.0000	7638.1501	-0.8489	0.3710	21.8329	46.1140	8.0592	26.4917	2.9568	2.9567	0.0001	1.9938	1.9938	0.0000	0.9629	0.9629	0.0001	0.9987	0.0001	0.9986	0.0001	0.0000	0.0001	0.9986	0.0001	0.9985	3.6901	3.2927	0.3974	1.0946	1.0254	0.0692	2.5955	2.2673	0.3282	0.8195	0.4434	0.3761	0.0880	0.0757	0.0123	0.7315	0.3676	0.3639	0.6575	3045.1860	0.0001	1139.8683	7106.5595	0.0000	0.2718	1419.0980	0.0001	1.2187	0.0003	2.6549	0.0016	0.0003	0.0098	1.3651	0.0003	2.7441
53	98	0.7703	13	0	1	0	1	0	0	0	0	N	N	N	N	N	N	N	N	N	N	N	N	8.6184	259.2822	0.0000	1330.1573	1308.8288	0.0034	0.0017	0.0152	0.0000	0.5352	0.5962	0.0000	1.3253	1.4046	0.0000	0.0004	0.0004	0.0000	0.0621	0.0023	0.0506	0.0010	0.0011	0.0006	0.2120	0.0276	0.0549	0.0000	14.2740	-0.2406	0.0009	21.8329	20.7840	8.0592	8.9470	0.8379	0.8379	0.0000	0.8376	0.8376	0.0000	0.0003	0.0003	0.0000	0.0029	0.0002	0.0027	0.0001	0.0001	0.0000	0.0028	0.0001	0.0027	1.5656	1.4054	0.1602	0.6320	0.5963	0.0357	0.9336	0.8091	0.1245	0.3115	0.1949	0.1165	0.1208	0.1015	0.0193	0.1907	0.0934	0.0972	57.5253	612.6112	0.0001	1330.1573	1308.8288	0.0034	0.0250	0.4858	0.0000	0.0093	0.0010	0.0232	0.0010	0.0011	0.0006	0.0146	0.0009	0.0277
53	99	0.7654	12	0	0	0	1	0	0	0	0	N	N	N	N	N	N	N	N	N	N	N	N	14.4473	4.7517	177.9756	57.5352	50.3834	251.3414	0.0055	0.0002	0.1936	0.5614	0.4847	1.3010	1.0108	0.8310	4.5379	0.0002	0.0001	0.0008	0.0389	0.1020	0.0073	0.0176	0.0165	0.0181	0.0386	0.5529	0.0042	0.2784	0.3684	-0.0190	-0.0002	21.8329	2.7834	8.0592	1.0450	0.2734	0.2138	0.0595	0.2733	0.2138	0.0595	0.0000	0.0000	0.0000	0.0007	0.0005	0.0002	0.0004	0.0004	0.0000	0.0003	0.0001	0.0001	0.4869	0.4412	0.0458	0.2704	0.2573	0.0131	0.2165	0.1839	0.0326	0.0860	0.0500	0.0360	0.0369	0.0346	0.0023	0.0491	0.0154	0.0337	72.5043	49.8359	260.9989	94.6300	81.4783	251.3414	0.0385	0.0122	0.1989	0.0077	0.0097	0.0050	0.0107	0.0102	0.0181	0.0055	0.0087	0.0041
53	100	0.7554	11	0	0	0	1	0	0	0	0	N	N	N	N	N	N	N	N	N	N	N	N	48.7555	27.5826	95.6103	81.0822	83.1043	15.7810	44.1439	1.7643	158.9340	0.3444	0.3701	0.1002	0.4231	0.4483	0.0593	0.2368	0.2544	0.1264	0.0071	0.0134	0.0010	0.0052	0.0054	0.0038	0.0054	0.1442	0.0008	0.0285	0.1952	-0.0966	-0.0002	21.8329	7.6044	8.0592	2.7972	0.3725	0.3622	0.0103	0.2643	0.2619	0.0024	0.1083	0.1003	0.0079	0.0004	0.0003	0.0001	0.0003	0.0003	0.0000	0.0001	0.0001	0.0000	1.0817	0.9786	0.1031	0.6246	0.5842	0.0403	0.4571	0.3943	0.0628	0.1606	0.0959	0.0646	0.0639	0.0584	0.0055	0.0967	0.0375	0.0591	133.3503	102.3387	95.6103	94.8435	99.0075	15.7810	176.5739	115.5990	158.9340	0.0026	0.0036	0.0010	0.0045	0.0045	0.0038	0.0013	0.0022	0.0008
53	101	0.7058	10	0	0	0	1	0	0	0	0	N	N	N	N	N	N	N	N	N	N	N	N	5.1701	2.9877	78.9052	75.9054	68.1469	85.4157	3.3943	1.2786	25.1051	1.1493	1.2645	0.0965	1.2059	1.2642	0.2867	1.1007	1.2648	0.0227	0.2223	0.4232	0.0012	0.0159	0.0186	0.0034	0.3243	0.9892	0.0009	0.0084	0.0281	-0.5371	-0.0033	21.8329	18.4780	8.0592	12.4520	1.9260	1.9101	0.0160	0.9335	0.9203	0.0132	0.9925	0.9898	0.0027	0.0056	0.0054	0.0002	0.0012	0.0011	0.0001	0.0044	0.0043	0.0001	1.6759	1.5105	0.1653	0.7742	0.7280	0.0462	0.9017	0.7826	0.1191	0.3342	0.2100	0.1242	0.1168	0.1007	0.0161	0.2175	0.1093	0.1081	69.1656	49.1654	78.9052	121.2172	114.9209	85.4157	54.4967	32.2023	25.1051	0.0166	0.0257	0.0012	0.0099	0.0110	0.0034	0.0202	0.0393	0.0009
53	102	0.2817	6	0	1	0	1	0	0	0	0	N	N	N	N	N	N	N	N	N	N	N	N	0.1717	0.2533	0.0076	0.0005	0.0002	0.0264	0.2459	0.2934	0.0095	0.2534	0.2755	0.0456	0.0006	0.0003	0.0058	0.4488	0.5033	0.0608	1.4761	1.0875	6.0048	1.1827	1.2247	0.2179	1.8251	1.7156	6.4003	0.0176	9.7775	-0.2791	0.3034	21.8329	34.1922	8.0592	22.4626	1.0342	1.0163	0.0179	0.0011	0.0005	0.0006	1.0331	1.0158	0.0173	1.0881	0.1010	0.9872	0.0449	0.0430	0.0019	1.0433	0.0580	0.9853	4.0812	3.6890	0.3922	1.7791	1.6709	0.1082	2.3021	2.0181	0.2839	0.8180	0.4828	0.3352	0.1792	0.1619	0.0172	0.6389	0.3209	0.3180	0.1905	1.3175	0.0155	0.0025	0.0011	0.0526	0.2748	2.7850	0.0196	1.3302	0.2091	2.9451	0.2503	0.2653	0.1095	1.6330	0.1807	3.0986
53	103	0.2339	5	0	1	0	1	0	0	0	0	N	N	N	N	N	N	N	N	N	N	N	N	0.3983	0.1224	3.2428	0.0022	0.0019	0.1282	0.5391	0.1516	4.3050	0.8059	0.4512	3.8287	0.0015	0.0013	0.0040	1.2514	0.7203	4.8083	2.0232	3.6846	1.1807	0.6664	0.6890	0.0312	2.3213	4.7521	1.1169	0.9958	0.0377	0.4163	-0.5864	21.8329	22.5884	8.0592	11.0115	1.9656	0.9849	0.9807	0.0013	0.0011	0.0002	1.9643	0.9838	0.9805	0.9906	0.9546	0.0360	0.0081	0.0079	0.0002	0.9825	0.9467	0.0359	2.4391	2.1829	0.2562	0.8695	0.8172	0.0522	1.5696	1.3657	0.2039	0.4896	0.2591	0.2306	0.0664	0.0599	0.0065	0.4233	0.1992	0.2241	0.3983	0.1224	24.5006	0.0121	0.0100	0.1467	0.5391	0.1516	30.0496	2.0232	3.6846	0.1563	0.1223	0.1326	0.0273	2.3213	4.7521	0.1600
53	106	0.3728	10	0	1	0	1	0	0	0	0	N	N	N	N	N	N	N	N	N	N	N	N	277.2575	121.3811	162.4147	128.7439	104.0385	inf	17994131.8651	58035.3817	135.0367	0.9644	1.0782	0.0000	1.7775	1.8870	0.0000	0.5201	0.5989	0.0000	0.0035	0.0089	0.0000	0.0138	0.0181	0.0000	0.0000	0.0000	0.0000	0.0000	0.0000	-0.5025	-0.0003	21.8329	20.0414	8.0592	7.0324	1.7501	1.7501	0.0000	1.1397	1.1397	0.0000	0.6104	0.6104	0.0000	0.0005	0.0005	0.0000	0.0005	0.0005	0.0000	0.0000	0.0000	0.0000	1.8148	1.6232	0.1916	0.6412	0.6040	0.0372	1.1736	1.0192	0.1544	0.3163	0.1692	0.1471	0.0514	0.0423	0.0090	0.2649	0.1268	0.1381	663.8525	396.9704	162.4147	198.7903	173.9405	inf	17994131.8651	22835576.7499	135.0367	0.0015	0.0027	0.0000	0.0089	0.0108	0.0000	0.0000	0.0000	0.0000
53	107	0.3627	9	0	0	0	1	0	0	0	0	N	N	N	N	N	N	N	N	N	N	N	N	61.2030	153.5634	92.6753	536.1080	445.9901	641.3158	14.3167	5.6104	135.8657	0.9771	0.9381	1.3627	1.6059	1.6763	0.1374	0.5039	0.3315	1.6959	0.0160	0.0061	0.0147	0.0030	0.0038	0.0002	0.0352	0.0591	0.0125	0.1467	3.0721	-0.1462	0.0001	21.8329	7.0315	8.0592	1.2144	0.9183	0.8008	0.1175	0.6480	0.6454	0.0025	0.2703	0.1553	0.1150	0.0005	0.0001	0.0004	0.0001	0.0001	0.0000	0.0005	0.0001	0.0004	0.9398	0.8536	0.0862	0.4035	0.3851	0.0184	0.5363	0.4685	0.0678	0.1128	0.0635	0.0492	0.0237	0.0204	0.0034	0.0890	0.0432	0.0459	207.6706	457.4344	167.6226	536.1080	485.0453	641.3158	97.6589	238.7308	194.6887	0.0047	0.0021	0.0081	0.0030	0.0035	0.0002	0.0052	0.0014	0.0087
53	108	0.3291	8	0	0	0	1	0	0	0	0	N	N	N	N	N	N	N	N	N	N	N	N	3451.7295	4427.0339	11830.5048	1270.7694	1209.7849	230.7056	2088.8337	348.7397	14089.4425	1.4615	0.9344	5.8483	0.7267	0.7752	0.0004	1.8084	1.0153	7.1944	0.0004	0.0002	0.0005	0.0006	0.0006	0.0000	0.0009	0.0029	0.0005	0.7520	1.9536	0.3075	0.0000	21.8329	16.2725	8.0592	4.4748	2.1646	1.2355	0.9291	0.3451	0.3451	0.0000	1.8194	0.8904	0.9291	0.0001	0.0000	0.0001	0.0000	0.0000	0.0000	0.0001	0.0000	0.0001	1.4811	1.3222	0.1589	0.4750	0.4452	0.0297	1.0061	0.8770	0.1291	0.2750	0.1536	0.1215	0.0360	0.0321	0.0039	0.2390	0.1214	0.1176	4427.8776	4668.9767	11830.5048	1270.7694	1209.7849	230.7056	6159.0337	12161.8025	14089.4425	0.0003	0.0002	0.0005	0.0006	0.0006	0.0000	0.0003	0.0001	0.0005
53	109	0.3819	9	0	1	0	1	0	0	0	0	N	N	N	N	N	N	N	N	N	N	N	N	0.3804	0.2501	0.0350	0.0968	0.0883	0.0000	1037.7780	63.5655	1.4092	0.5978	0.6685	0.0000	0.9091	0.9697	0.0000	0.4466	0.5114	0.0000	1.5712	2.6727	0.0001	9.3872	10.9817	0.0020	0.0004	0.0080	0.0000	0.0000	0.0000	-0.5700	-0.6001	21.8329	40.5309	8.0592	14.7974	1.9851	1.9851	0.0000	0.9870	0.9870	0.0000	0.9981	0.9981	0.0000	0.9550	0.9550	0.0000	0.9549	0.9549	0.0000	0.0001	0.0001	0.0000	3.3208	2.9694	0.3514	1.0857	1.0178	0.0679	2.2351	1.9516	0.2835	0.6460	0.3573	0.2887	0.1017	0.0870	0.0148	0.5443	0.2704	0.2739	0.4044	0.2501	0.0350	0.0968	0.0883	0.0000	2776.1741	1595.6021	1.4092	1.4783	2.6727	0.0001	9.3872	10.9817	0.0020	0.0002	0.0003	0.0000
53	110	0.3560	8	0	1	0	1	0	0	0	0	N	N	N	N	N	N	N	N	N	N	N	N	0.0088	0.0079	0.0014	0.0082	0.0099	0.0004	0.1570	0.0238	0.0418	0.0084	0.0091	0.0024	0.0211	0.0217	0.0118	0.0019	0.0022	0.0001	0.9519	1.1434	1.7253	2.5736	2.1867	26.4086	0.0123	0.0923	0.0033	0.0313	0.6846	-0.0027	-0.0133	21.8329	13.5236	8.0592	3.5331	0.0106	0.0102	0.0003	0.0089	0.0086	0.0003	0.0016	0.0016	0.0000	0.0597	0.0354	0.0243	0.0592	0.0353	0.0239	0.0005	0.0002	0.0003	1.2594	1.1270	0.1324	0.4241	0.3982	0.0260	0.8353	0.7289	0.1064	0.2464	0.1410	0.1054	0.0494	0.0427	0.0067	0.1970	0.0983	0.0987	0.0346	0.0361	0.0105	0.0176	0.0263	0.0033	0.7637	1.2424	0.0418	0.2423	0.2514	0.2302	1.1984	0.8258	3.5750	0.0025	0.0018	0.0033
53	111	0.3000	7	0	0	0	1	0	0	0	0	N	N	N	N	N	N	N	N	N	N	N	N	0.0110	0.0032	2.2146	0.0049	0.0048	0.0066	0.0517	0.0001	159.7427	0.0076	0.0030	0.0442	0.0091	0.0096	0.0023	0.0070	0.0001	0.0529	0.6898	0.9511	0.0200	1.8473	1.9955	0.3441	0.1352	0.7971	0.0003	1.8382	0.0695	0.0039	-0.0174	21.8329	16.9399	8.0592	15.9768	0.0107	0.0038	0.0070	0.0038	0.0037	0.0001	0.0070	0.0001	0.0069	0.0309	0.0288	0.0020	0.0271	0.0251	0.0019	0.0038	0.0037	0.0001	1.4134	1.2560	0.1574	0.4133	0.3863	0.0270	1.0000	0.8697	0.1303	0.4104	0.2163	0.1941	0.0516	0.0383	0.0133	0.3588	0.1780	0.1808	0.1011	0.0226	4.2760	0.0173	0.0146	0.0155	0.6643	0.0050	159.7427	0.0752	0.1334	0.0103	0.5246	0.6562	0.1461	0.0105	0.0209	0.0003
53	112	0.4044	11	1	1	0	2	0	0	0	0	N	N	N	Y	N	N	N	N	N	N	N	N	0.0000	0.0000	0.0000	0.0000	0.0000	0.0000	0.0000	0.0000	0.0000	0.0000	0.0000	0.0000	0.0000	0.0000	0.0000	0.0000	0.0000	0.0579	0.0037	0.0424	0.0020	0.0023	0.0000	0.1486	0.0349	0.0417	10.0093	0.0000	0.0001	21.8329	0.0019	8.0592	1.9928	0.0000	0.0000	0.0000	0.0000	0.0000	0.0000	0.0000	0.0000	0.0000	0.0002	0.0000	0.0002	0.0000	0.0000	0.0000	0.0002	0.0000	0.0002	0.0005	0.0004	0.0001	0.0002	0.0002	0.0000	0.0003	0.0002	0.0000	0.0241	0.0143	0.0098	0.0050	0.0043	0.0007	0.0191	0.0100	0.0091	0.0000	0.0000	0.0000	0.0000	0.0000	0.0000	0.0000	0.0000	0.0000	0.0091	0.0014	0.0203	0.0020	0.0023	0.0000	0.0109	0.0010	0.0219		
53	113	0.3808	10	1	1	0	2	0	0	0	0	N	N	N	Y	N	N	N	N	N	N	N	N	0.0014	0.0332	0.0002	3.2706	2.6686	0.0001	0.0000	0.0002	0.0072	0.0076	0.0037	0.0186	0.0197	0.0000	0.0006	0.0000	0.0046	5.3264	0.2299	19.1356	0.0057	0.0074	0.0000	6.4559	0.7503	21.7733	0.0551	648.3319	-0.0014	0.3664	21.8329	8.6942	8.0592	6.0502	0.0059	0.0056	0.0003	0.0056	0.0056	0.0000	0.0003	0.0000	0.0003	0.9900	0.0015	0.9885	0.0002	0.0002	0.0000	0.9899	0.0014	0.9885	0.8216	0.7375	0.0841	0.3022	0.2861	0.0162	0.5193	0.4514	0.0679	0.1859	0.1041	0.0818	0.0325	0.0277	0.0049	0.1533	0.0764	0.0769	0.0014	0.5207	0.0003	3.9772	3.5732	0.0000	0.0001	0.0000	0.0004	5.3264	0.0146	12.0907	0.0047	0.0055	0.0000	6.4559	0.0180	12.8566	
53	114	0.4019	14	0	1	0	2	0	0	0	0	N	N	N	Y	N	N	N	N	N	N	N	N	0.0000	0.0000	0.0000	0.0000	0.0000	0.0000	0.0000	0.0000	0.0000	0.0000	0.0000	0.0000	0.0000	0.0000	0.0000	0.0000	0.0000	0.0000	0.0000	0.0000	21.8329	0.0001	8.0592	0.0001	0.0000	0.0000	0.0000	0.0000	0.0000	0.0000	0.0000	0.0000	0.0000	0.0000	0.0000	0.0000	0.0000	0.0000	0.0000	0.0000	0.0000	0.0000	0.0000	0.0000	0.0000	0.0000	0.0000	0.0000	0.0000	0.0000	0.0000	0.0000	0.0000	0.0000	0.0000	0.0000	0.0000	0.0000	0.0000	0.0000	0.0000	0.0000	0.0000	0.0000	0.0000	0.0000	0.0000	0.0000	0.0000	0.0000	0.0000	0.0000	0.0000	0.0000	0.0000	0.0000	0.0000	0.0000											
53	115	0.3953	13	0	1	0	2	0	0	0	0	N	N	N	Y	N	N	N	N	N	N	N	N	679.1727	inf	0.0000	116.5435	inf	0.0000	inf	inf	0.0005	0.0005	0.0000	0.0005	0.0005	0.0000	0.0005	0.0005	0.0000	0.0000	0.0000	0.0000	0.0000	0.0000	0.0000	0.0000	0.0000	0.0000	0.0000	inf	-0.0000	0.0000	21.8329	3.0007	8.0592	1.0012	0.0001	0.0001	0.0000	0.0000	0.0000	0.0000	0.0001	0.0001	0.0000	0.0000	0.0000	0.0000	0.0000	0.0000	0.0000	0.0000	0.0000	0.0000	0.2616	0.2331	0.0286	0.0847	0.0793	0.0054	0.1769	0.1538	0.0231	0.0483	0.0270	0.0213	0.0081	0.0067	0.0014	0.0402	0.0203	0.0200	679.1727	inf	0.0000	116.5435	inf	0.0000	inf	inf	0.0000	0.0000	0.0000	0.0000	0.0000	0.0000	0.0000	0.0000	0.0000	0.0000	
53	116	0.3934	12	0	0	0	2	0	0	0	0	N	N	N	Y	N	N	N	N	N	N	N	N	159.9370	100.2916	74.1137	66.0023	inf	inf	0.0004	0.0004	0.0000	0.0011	0.0011	0.0000	0.0000	0.0000	0.0000	0.0000	0.0000	0.0000	0.0000	0.0000	0.0000	0.0000	0.0000	0.0000	0.0000	0.0061	-0.0000	-0.0000	21.8329	1.1177	8.0592	0.0023	0.0000	0.0000	0.0000	0.0000	0.0000	0.0000	0.0000	0.0000	0.0000	0.0000	0.0000	0.0000	0.0000	0.0000	0.0000	0.0000	0.0000	0.0000	0.1033	0.0924	0.0109	0.0370	0.0348	0.0023	0.0663	0.0576	0.0087	0.0136	0.0076	0.0060	0.0023	0.0019	0.0004	0.0113	0.0057	0.0056	159.9370	100.2916	0.0000	74.1137	66.0023	0.0000	inf	inf	0.0000	0.0000	0.0000	0.0000	0.0000	0.0000	0.0000	0.0000	0.0000	0.0000			
53	117	0.3904	8	0	1	0	1	0	0	0	0	N	N	N	N	N	N	N	N	N	N	N	N	0.3958	0.4930	0.0366	160.5359	145.8412	0.3869	0.0116	0.0001	0.0444	1.1244	1.2302	0.2388	3.1114	3.3391	0.0003	0.0397	0.0003	0.3082	2.8405	2.4952	6.5214	0.0194	0.0229	0.0008	3.4098	3.3956	6.9468	0.0232	1.0135	-0.8012	-0.2471	21.8329	31.2782	8.0592	23.9277	3.0295	2.9609	0.0687	2.9604	2.9604	0.0000	0.0692	0.0005	0.0687	1.9768	0.9818	0.9950	0.0013	0.0013	0.0000	1.9754	0.9804	0.9950	2.6945	2.4068	0.2877	0.9514	0.8866	0.0649	1.7430	1.5202	0.2228	0.6959	0.3935	0.3025	0.1166	0.1040	0.0125	0.5793	0.2894	0.2899	0.3958	0.4930	0.0726	270.1635	260.6846	0.3869	0.0116	0.0001	0.0898	2.8405	2.4952	3.2897	0.0115	0.0128	0.0008	3.4098	3.3875	3.4320
53	118	0.3934	12	0	0	1	2	0	0	0	0	N	N	N	Y	N	N	N	N	N	N	N	N	inf	inf	inf	inf	0.0002	0.0003	0.0000	0.0000	0.0000	0.0000	0.0004	0.0004	0.0000	0.0000	0.0000	0.0000	0.0000	0.0000	0.0000	0.0000	0.0000	0.0000	0.0000	-0.0000	0.0000	21.8329	3.8827	8.0592	2.9998	0.0001	0.0001	0.0000	0.0000	0.0000	0.0000	0.0001	0.0001	0.0000	0.0000	0.0000	0.0000	0.0000	0.0000	0.0000	0.0000	0.0000	0.0000	0.3431	0.3060	0.0371	0.1145	0.1073	0.0072	0.2285	0.1987	0.0298	0.0824	0.0459	0.0365	0.0137	0.0114	0.0023	0.0687	0.0346	0.0341	inf	inf	0.0000	0.0000	0.0000	0.0000	inf	inf	0.0000	0.0000	0.0000	0.0000	0.0000	0.0000	0.0000	0.0000	0.0000	0.0000						
53	119	0.3905	11	0	0	0	2	0	0	0	0	N	N	N	Y	N	N	N	N	N	N	N	N	0.7247	0.3119	0.0000	0.0002	0.0001	16538.7112	inf	0.0000	0.0007	0.0008	0.0000	0.0000	0.0000	0.0000	0.0012	0.0013	0.0000	0.0010	0.0025	0.0000	0.0037	0.0049	0.0000	0.0000	0.0000	0.0000	0.0000	0.0001	-0.0001	-0.0000	21.8329	2.8083	8.0592	0.0030	0.0002	0.0002	0.0000	0.0000	0.0000	0.0000	0.0002	0.0002	0.0000	0.0000	0.0000	0.0000	0.0000	0.0000	0.0000	0.0000	0.0000	0.0000	0.3106	0.2801	0.0305	0.1242	0.1170	0.0072	0.1864	0.1630	0.0234	0.0342	0.0190	0.0152	0.0057	0.0047	0.0010	0.0285	0.0143	0.0142	1.2110	0.7471	0.0000	0.0002	0.0002	0.0000	16538.7112	inf	0.0000	0.0006	0.0011	0.0000	0.0035	0.0042	0.0000	0.0000	0.0000	0.0000	
53	120	0.3905	11	0	0	1	2	0	0	0	0	N	N	N	Y	N	N	N	N	N	N	N	N	2.0129	0.9615	0.0000	0.0003	0.0002	25317.9819	inf	0.0000	0.0003	0.0004	0.0000	0.0000	0.0000	0.0000	0.0005	0.0006	0.0000	0.0002	0.0004	0.0000	0.0010	0.0013	0.0000	0.0000	0.0000	0.0000	0.0000	0.0001	-0.0001	-0.0000	21.8329	9.6158	8.0592	0.0030	0.0003	0.0003	0.0000	0.0000	0.0000	0.0000	0.0003	0.0003	0.0000	0.0000	0.0000	0.0000	0.0000	0.0000	0.0000	0.0000	0.0000	0.0000	0.8871	0.7937	0.0934	0.3085	0.2894	0.0191	0.5786	0.5044	0.0743	0.1150	0.0640	0.0511	0.0190	0.0158	0.0032	0.0960	0.0481	0.0479	2.0129	1.2509	0.0000	0.0003	0.0002	0.0000	25317.9819	inf	0.0000	0.0002	0.0003	0.0000	0.0010	0.0013	0.0000	0.0000	0.0000	0.0000	
53	121	0.3808	10	0	0	0	2	0	0	0	0	N	N	N	Y	N	N	N	N	N	N	N	N	5.5118	4.4971	13.2646	0.0024	0.0024	23.6833	8.8585	15.7078	4.4610	4.9280	0.0073	0.0045	0.0047	0.0000	7.7424	8.9103	0.0092	0.8093	1.0958	0.0006	1.8810	1.9741	0.0000	0.3269	1.0058	0.0006	0.0002	0.0020	-0.5718	-0.0065	21.8329	4.2457	8.0592	2.0144	1.9926	1.9923	0.0003	0.0009	0.0009	0.0000	1.9918	1.9914	0.0003	0.0104	0.0103	0.0000	0.0090	0.0090	0.0000	0.0014	0.0014	0.0000	0.4467	0.4043	0.0424	0.1894	0.1808	0.0086	0.2573	0.2235	0.0338	0.0851	0.0482	0.0370	0.0165	0.0144	0.0021	0.0686	0.0338	0.0348	36.6723	22.9685	13.2646	0.0083	0.0076	0.0000	380.7012	218.8462	15.7078	0.1216	0.2146	0.0006	0.5427	0.6224	0.0000	0.0203	0.0407	0.0006	
53	122	0.3387	9	0	0	0	2	0	0	0	0	N	N	N	Y	N	N	N	N	N	N	N	N	0.2737	0.0013	29.8826	0.8599	0.7288	0.0000	0.3677	0.0012	44.7771	0.8891	0.0081	8.4498	0.0065	0.0069	0.0000	1.3362	0.0087	10.2053	3.2489	6.0074	0.2828	0.0076	0.0094	0.0000	3.6335	7.2371	0.2279	122.2083	0.0090	0.7002	-0.6211	21.8329	11.9190	8.0592	13.1740	0.9935	0.0081	0.9855	0.0024	0.0024	0.0000	0.9911	0.0056	0.9855	1.0027	0.9937	0.0089	0.0002	0.0002	0.0000	1.0025	0.9936	0.0089	1.1174	1.0008	0.1166	0.3757	0.3557	0.0201	0.7417	0.6451	0.0966	0.3086	0.1654	0.1432	0.0327	0.0281	0.0046	0.2759	0.1373	0.1386	0.2737	0.0013	135.6723	1.1518	1.0466	0.0000	0.3677	0.0012	158.6143	3.2489	6.0074	0.0623	0.0056	0.0066	0.0000	3.6335	7.2371	0.0643
53	123	0.7656	13	0	0	1	2	0	0	0	0	N	N	N	Y	N	N	N	N	N	N	N	N	0.3516	0.2380	0.0000	150.9000	122.8183	0.0000	0.2392	0.1348	0.0000	2.2682	2.4798	0.0000	2.1365	2.2460	0.0000	2.4020	2.7374	0.0000	6.4513	10.4208	0.0012	0.0142	0.0183	0.0000	10.0412	20.3063	0.0014	0.0000	0.0001	-0.8226	-0.6277	21.8329	12.8936	8.0592	4.1514	2.8650	2.8650	0.0000	1.3600	1.3600	0.0000	1.5051	1.5051	0.0000	0.9991	0.9990	0.0001	0.0005	0.0005	0.0000	0.9986	0.9985	0.0001	1.2631	1.1553	0.1078	0.6365	0.6055	0.0310	0.6266	0.5498	0.0768	0.1549	0.0959	0.0590	0.0554	0.0467	0.0087	0.0994	0.0492	0.0503	0.3516	0.2380	0.0000	232.1309	205.6725	0.0000	0.2392	0.1348	0.0000	6.4513	10.4208	0.0012	0.0092	0.0109	0.0000	10.0412	20.3063	0.0014
53	124	0.3540	10	0	1	0	1	0	0	0	0	N	N	N	N	N	N	N	N	N	N	N	N	4.2377	5.6090	0.0000	2.5721	5.6797	0.0000	6.7341	23.7389	0.0000	0.0105	0.0117	0.0000	0.0273	0.0291	0.0000	0.0030	0.0035	0.0000	0.0025	0.0021	0.0013	0.0106	0.0051	0.0342	0.0004	0.0001	0.0003	0.0000	1.2336	-0.0034	-0.0000	21.8329	12.7386	8.0592	8.7370	0.0119	0.0119	0.0000	0.0095	0.0095	0.0000	0.0024	0.0024	0.0000	0.0003	0.0001	0.0002	0.0003	0.0001	0.0001	0.0000	0.0000	0.0000	1.1417	1.0190	0.1227	0.3492	0.3286	0.0206	0.7925	0.6904	0.1021	0.2751	0.1480	0.1271	0.0355	0.0312	0.0043	0.2396	0.1168	0.1228	9.4731	12.7542	0.0000	3.6783	6.6645	0.0000	18.1418	7366.3636	0.0000	0.0011	0.0009	0.0013	0.0074	0.0044	0.0297	0.0002	0.0000	0.0003
53	125	0.3387	9	0	1	0	1	0	0	0	0	N	N	N	N	N	N	N	N	N	N	N	N	19.2430	7.1614	3.1345	6.6408	6.2496	0.0000	421.8841	39.0445	3.6781	2.3527	2.6194	0.0026	3.3256	3.5001	0.0000	1.8174	2.0898	0.0032	0.1223	0.3658	0.0008	0.5008	0.5600	0.0000	0.0043	0.0535	0.0009	0.0001	0.0329	-0.5742	-0.0009	21.8329	8.6431	8.0592	1.4782	2.0004	2.0002	0.0002	1.0036	1.0036	0.0000	0.9967	0.9965	0.0002	0.0016	0.0015	0.0001	0.0015	0.0015	0.0000	0.0001	0.0001	0.0001	0.8502	0.7636	0.0866	0.3018	0.2867	0.0150	0.5485	0.4769	0.0716	0.1317	0.0710	0.0607	0.0154	0.0135	0.0019	0.1164	0.0575	0.0588	194.9202	120.7889	3.1345	34.9338	32.1931	0.0000	1671.5573	1584.8156	3.6781	0.0121	0.0217	0.0008	0.0952	0.1087	0.0000	0.0011	0.0013	0.0009
53	126	0.3291	8	0	0	0	1	0	0	0	0	N	N	N	N	N	N	N	N	N	N	N	N	0.9316	0.3586	60.8213	260.7919	259.0837	194.2665	0.2087	0.0072	95.9755	0.1372	0.1205	0.2899	0.2718	0.2882	0.0019	0.0521	0.0062	0.3733	0.1473	0.3360	0.0048	0.0010	0.0011	0.0000	0.2496	0.8677	0.0039	0.2637	0.1242	-0.0052	-0.0007	21.8329	4.1618	8.0592	2.0491	0.0665	0.0527	0.0139	0.0511	0.0510	0.0000	0.0155	0.0016	0.0139	0.0014	0.0012	0.0001	0.0000	0.0000	0.0000	0.0013	0.0012	0.0001	0.4850	0.4371	0.0479	0.1879	0.1771	0.0108	0.2972	0.2600	0.0371	0.1013	0.0616	0.0397	0.0195	0.0182	0.0012	0.0819	0.0434	0.0385	10.2558	6.1535	76.9283	260.7919	259.0837	194.2665	3.1945	0.2275	95.9755	0.0134	0.0196	0.0038	0.0010	0.0011	0.0000	0.0163	0.0273	0.0039
53	127	0.3000	7	0	0	0	1	0	0	0	0	N	N	N	N	N	N	N	N	N	N	N	N	0.4407	0.1297	201.7933	0.0018	0.0013	0.0000	18.8118	0.4804	1732.7452	0.0630	0.0521	0.1493	0.0006	0.0007	0.0000	0.0889	0.0751	0.1805	0.1429	0.4017	0.0007	0.3603	0.5393	0.0061	0.0047	0.1564	0.0001	0.3611	0.0272	-0.0011	-0.0018	21.8329	9.4810	8.0592	7.4917	0.0508	0.0373	0.0135	0.0001	0.0001	0.0000	0.0506	0.0372	0.0135	0.0030	0.0029	0.0001	0.0028	0.0027	0.0001	0.0002	0.0002	0.0000	0.8064	0.7161	0.0903	0.2371	0.2215	0.0156	0.5693	0.4947	0.0747	0.2286	0.1208	0.1078	0.0377	0.0262	0.0114	0.1909	0.0946	0.0963	4.7877	2.1508	201.7933	0.0086	0.0065	0.0000	74.4872	32.6115	1732.7452	0.0132	0.0242	0.0007	0.0737	0.1032	0.0061	0.0012	0.0023	0.0001
53	128	0.7779	14	1	1	0	1	0	0	0	0	N	N	N	N	N	N	N	N	N	N	N	N	inf	inf	inf	inf	inf	inf	inf	0.0004	0.0003	0.0012	0.0005	0.0005	0.0000	0.0002	0.0000	0.0018	0.0000	0.0000	0.0000	0.0000	0.0000	0.0000	0.0000	0.0000	0.0000	0.5215	0.0000	-0.0000	21.8329	2.0107	8.0592	1.9995	0.0001	0.0000	0.0000	0.0000	0.0000	0.0000	0.0000	0.0000	0.0000	0.0000	0.0000	0.0000	0.0000	0.0000	0.0000	0.0000	0.0000	0.0000	0.1641	0.1479	0.0163	0.0796	0.0747	0.0049	0.0845	0.0732	0.0114	0.0337	0.0211	0.0126	0.0133	0.0112	0.0021	0.0205	0.0100	0.0105	inf	inf	inf	inf	inf	0.0000	inf	0.0000	inf	0.0000	0.0000	0.0000	0.0000	0.0000	0.0000	0.0000	0.0000	0.0000			
53	129	0.7656	13	1	1	0	1	0	0	0	0	N	N	N	N	N	N	N	N	N	N	N	N	1164.0456	271.2636	256642.0961	533.7514	471.5688	0.0033	41118.7959	0.0014	361821.4316	0.8907	0.4134	6.9162	0.6996	0.7283	0.0000	1.1218	0.0000	9.7945	0.0008	0.0015	0.0000	0.0013	0.0015	0.0000	0.0000	0.0003	0.0000	1.3254	0.0216	0.1756	-0.0000	21.8329	5.6459	8.0592	1.1399	0.6207	0.2669	0.3538	0.2669	0.2669	0.0000	0.3538	0.0000	0.3538	0.0000	0.0000	0.0000	0.0000	0.0000	0.0000	0.0000	0.0000	0.0000	0.6969	0.6458	0.0512	0.3815	0.3665	0.0150	0.3154	0.2793	0.0361	0.0638	0.0397	0.0241	0.0230	0.0194	0.0035	0.0408	0.0203	0.0206	1852.3732	546.3740	256642.0961	533.7514	471.5688	0.0033	79615.0409	0.3882	361821.4316	0.0005	0.0008	0.0000	0.0013	0.0015	0.0000	0.0000	0.0000	0.0000
53	130	0.7353	12	0	0	0	1	0	0	0	0	N	N	N	N	N	N	N	N	N	N	N	N	148.4698	70.9315	2142.4781	332.5770	425.7743	4.2356	94.4477	2.7071	3252.4294	1.1968	0.7103	5.8739	0.4475	0.4764	0.0128	1.9556	0.9645	8.7984	0.0081	0.0100	0.0027	0.0013	0.0011	0.0030	0.0207	0.3563	0.0027	0.8603	0.5668	0.2460	-0.0002	21.8329	11.6079	8.0592	5.3766	1.4032	0.7543	0.6489	0.2640	0.2635	0.0005	1.1392	0.4907	0.6485	0.0006	0.0004	0.0002	0.0001	0.0001	0.0000	0.0005	0.0003	0.0002	1.1725	1.0620	0.1105	0.5899	0.5532	0.0368	0.5825	0.5088	0.0737	0.2051	0.1279	0.0772	0.0748	0.0659	0.0089	0.1302	0.0620	0.0683	419.6256	243.3430	2142.4781	332.5770	425.7743	4.2356	526.0364	199.5783	3252.4294	0.0029	0.0029	0.0027	0.0013	0.0011	0.0030	0.0037	0.0048	0.0027
53	131	0.7174	11	0	0	0	1	0	0	0	0	N	N	N	N	N	N	N	N	N	N	N	N	0.0377	0.0259	0.5180	0.0971	0.4185	0.0845	0.0454	0.0100	41.5544	0.0172	0.0124	0.0647	0.0153	0.0139	0.0386	0.0191	0.0107	0.0760	0.4569	0.4779	0.1250	0.1576	0.0332	0.4574	0.4210	1.0729	0.0018	0.5334	0.7437	0.0005	-0.0013	21.8329	3.9355	8.0592	8.7078	0.0080	0.0052	0.0028	0.0035	0.0030	0.0005	0.0045	0.0022	0.0023	0.0066	0.0038	0.0028	0.0039	0.0012	0.0027	0.0027	0.0026	0.0001	0.4639	0.4210	0.0429	0.2307	0.2177	0.0129	0.2332	0.2032	0.0300	0.1923	0.1232	0.0691	0.0856	0.0703	0.0153	0.1067	0.0529	0.0538	0.5052	0.4055	1.6009	0.3387	0.8360	0.2195	0.7589	0.2191	41.5544	0.0341	0.0305	0.0404	0.0452	0.0166	0.1760	0.0252	0.0489	0.0018
53	132	0.7058	10	0	0	0	1	0	0	0	0	N	N	N	N	N	N	N	N	N	N	N	N	0.0526	0.0406	0.4873	0.0929	0.1257	0.0829	0.0246	0.0069	17.0215	0.0362	0.0328	0.0691	0.0569	0.0545	0.0958	0.0159	0.0095	0.0576	0.6885	0.8064	0.1417	0.6125	0.4334	1.1550	0.6465	1.3826	0.0034	0.2219	0.2540	-0.0027	-0.0046	21.8329	6.2657	8.0592	3.9760	0.0254	0.0208	0.0046	0.0198	0.0179	0.0019	0.0056	0.0029	0.0027	0.0108	0.0086	0.0022	0.0063	0.0043	0.0020	0.0045	0.0043	0.0002	0.7022	0.6353	0.0669	0.3484	0.3283	0.0201	0.3538	0.3070	0.0468	0.1449	0.0939	0.0510	0.0561	0.0498	0.0063	0.0888	0.0441	0.0447	0.4853	0.3568	1.6070	0.5039	0.6324	0.2947	0.3147	0.0971	17.0215	0.0747	0.0918	0.0430	0.1129	0.0862	0.3251	0.0505	0.0983	0.0034
53	133	0.6285	9	0	0	0	1	0	0	0	0	N	N	N	N	N	N	N	N	N	N	N	N	0.8097	0.4038	541.7401	1.6435	1.6264	33.1892	0.6736	0.1965	1504.9793	1.2733	0.9430	4.2375	1.0424	1.0639	0.7076	1.4498	0.8431	5.4810	1.5726	2.3354	0.0078	0.6343	0.6541	0.0213	2.1522	4.2913	0.0036	0.5006	0.0013	0.1423	-0.5767	21.8329	26.7012	8.0592	18.2690	3.0635	2.0416	1.0220	1.0869	1.0424	0.0445	1.9767	0.9992	0.9775	0.9197	0.9185	0.0012	0.0237	0.0233	0.0004	0.8960	0.8952	0.0008	2.4060	2.1649	0.2412	1.0426	0.9798	0.0628	1.3634	1.1851	0.1783	0.6206	0.3933	0.2273	0.2043	0.1847	0.0196	0.4163	0.2086	0.2077	0.8592	0.4038	820.0791	8.9810	8.4348	33.1892	0.6736	0.1965	1504.9793	1.4819	2.3354	0.0052	0.1161	0.1261	0.0213	2.1522	4.2913	0.0036
53	134	0.3904	8	0	0	0	1	0	0	0	0	N	N	N	N	N	N	N	N	N	N	N	N	0.8514	0.7161	0.5039	3.2455	3.1415	0.4405	0.0356	0.0167	0.7105	0.6438	0.7152	0.0422	1.8797	2.0123	0.0036	0.0306	0.0275	0.0522	0.7562	0.9987	0.0837	0.5792	0.6406	0.0083	0.8600	1.6479	0.0734	0.0070	0.1689	-0.8501	-0.0592	21.8329	61.4372	8.0592	55.8589	3.0338	3.0128	0.0211	2.9375	2.9371	0.0004	0.0963	0.0756	0.0207	0.1223	0.1046	0.0177	0.0181	0.0179	0.0002	0.1042	0.0867	0.0175	4.7121	4.2127	0.4994	1.5628	1.4596	0.1032	3.1493	2.7531	0.3962	1.2191	0.6749	0.5442	0.1686	0.1462	0.0223	1.0505	0.5287	0.5218	6.4176	4.6130	1.2982	17.4941	16.4142	0.4405	0.3084	0.1675	1.5573	0.1003	0.1550	0.0325	0.1074	0.1226	0.0083	0.0992	0.1640	0.0335
53	135	0.3000	7	0	0	0	1	0	0	0	0	N	N	N	N	N	N	N	N	N	N	N	N	0.7643	0.0005	125.6449	0.0069	0.0049	0.0000	0.9673	0.0000	173.8605	0.3649	0.0003	3.3090	0.0010	0.0010	0.0000	0.5133	0.0000	3.9861	0.4774	0.6467	0.0263	0.1378	0.2076	0.0046	0.5307	1.1438	0.0229	1277.9250	0.2085	0.6635	-0.0098	21.8329	31.7621	8.0592	18.5886	0.9318	0.0007	0.9310	0.0007	0.0007	0.0000	0.9310	0.0000	0.9310	0.0215	0.0178	0.0037	0.0028	0.0027	0.0001	0.0187	0.0151	0.0036	2.5534	2.2720	0.2814	0.7396	0.6918	0.0478	1.8138	1.5803	0.2336	0.5966	0.3143	0.2823	0.0659	0.0507	0.0153	0.5307	0.2636	0.2670	10.1051	0.0057	251.3348	0.0225	0.0190	0.0000	14.5368	0.0002	291.9349	0.0361	0.0567	0.0132	0.0426	0.0540	0.0046	0.0353	0.0572	0.0137
54	55	0.7854	14	0	1	0	2	0	0	0	0	N	N	N	Y	N	N	N	N	N	N	N	N	0.0000	0.0000	0.0000	0.0000	0.0000	0.0000	0.0000	0.0000	0.0000	0.0000	0.0000	0.0000	0.0000	0.0000	0.0000	0.0000	0.0000	0.0000	0.0000	0.0000	0.0000	1.2825	0.0000	0.1503	0.0000	0.0000	0.0000	0.0000	0.0000	0.0000	0.0000	0.0000	0.0000	0.0000	0.0000	0.0000	0.0000	0.0000	0.0000	0.0000	0.0000	0.0000	0.0000	0.0000	0.0000	0.0000	0.0000	0.0000	0.0000	0.0000	0.0000	0.0000	0.0000	0.0000	0.0000	0.0000	0.0000	0.0000	0.0000	0.0000	0.0000	0.0000	0.0000	0.0000	0.0000	0.0000	0.0000	0.0000	0.0000	0.0000	0.0000	0.0000	0.0000	0.0000	0.0000	0.0000	0.0000	0.0000											
54	56	0.7444	13	0	1	0	2	0	0	0	0	N	N	N	Y	N	N	N	N	N	N	N	N	0.0000	0.0000	0.0000	0.0000	0.0000	0.0000	0.0000	0.0000	0.0000	0.0000	0.0000	0.0000	0.0000	0.0000	0.0000	0.0000	0.0000	0.0000	0.0000	0.0000	0.0000	14.8542	0.0000	6.8183	0.0000	0.0000	0.0000	0.0000	0.0000	0.0000	0.0000	0.0000	0.0000	0.0000	0.0000	0.0000	0.0000	0.0000	0.0000	0.0000	0.0000	0.0000	0.0000	0.0000	0.0000	0.0000	0.0000	0.0000	0.0000	0.0000	0.0000	0.0000	0.0000	0.0000	0.0000	0.0000	0.0000	0.0000	0.0000	0.0000	0.0000	0.0000	0.0000	0.0000	0.0000	0.0000	0.0000	0.0000	0.0000	0.0000	0.0000	0.0000	0.0000	0.0000	0.0000	0.0000	0.0000	0.0000											
54	57	0.6694	12	0	1	0	2	0	0	0	0	N	N	N	Y	N	N	N	N	N	N	N	N	0.0000	0.0000	0.0000	0.0000	0.0000	0.0000	0.0000	0.0000	0.0000	0.0000	0.0000	0.0000	0.0000	0.0000	0.0000	0.0000	0.0000	0.0000	0.0000	0.0000	0.0000	33.5853	0.0000	9.3450	0.0000	0.0000	0.0000	0.0000	0.0000	0.0000	0.0000	0.0000	0.0000	0.0000	0.0000	0.0000	0.0000	0.0000	0.0000	0.0000	0.0000	0.0000	0.0000	0.0000	0.0000	0.0000	0.0000	0.0000	0.0000	0.0000	0.0000	0.0000	0.0000	0.0000	0.0000	0.0000	0.0000	0.0000	0.0000	0.0000	0.0000	0.0000	0.0000	0.0000	0.0000	0.0000	0.0000	0.0000	0.0000	0.0000	0.0000	0.0000	0.0000	0.0000	0.0000	0.0000	0.0000	0.0000											
54	58	0.6487	11	0	1	0	1	0	0	0	0	N	N	N	N	N	N	N	N	N	N	N	N	0.0000	0.0000	0.0000	0.0000	0.0000	0.0000	0.0000	0.0000	0.0000	0.0000	0.0000	0.0000	0.0000	0.0000	0.0000	0.0000	0.0000	0.0000	0.0000	0.0000	0.0000	15.2419	0.0000	2.5705	0.0000	0.0000	0.0000	0.0000	0.0000	0.0000	0.0000	0.0000	0.0000	0.0000	0.0000	0.0000	0.0000	0.0000	0.0000	0.0000	0.0000	0.0000	0.0000	0.0000	0.0000	0.0000	0.0000	0.0000	0.0000	0.0000	0.0000	0.0000	0.0000	0.0000	0.0000	0.0000	0.0000	0.0000	0.0000	0.0000	0.0000	0.0000	0.0000	0.0000	0.0000	0.0000	0.0000	0.0000	0.0000	0.0000	0.0000	0.0000	0.0000	0.0000	0.0000	0.0000	0.0000	0.0000											
54	61	0.5273	10	0	2	1	1	0	0	0	0	N	Y	N	N	N	N	N	N	N	N	N	N	0.0000	0.0000	0.0000	0.0000	0.0000	0.0000	0.0000	0.0000	0.0000	0.0000	0.0000	0.0000	0.0000	0.0000	0.0000	0.0000	0.0000	0.0000	0.0000	0.0000	0.0000	14.2360	0.0000	11.9336	0.0000	0.0000	0.0000	0.0000	0.0000	0.0000	0.0000	0.0000	0.0000	0.0000	0.0000	0.0000	0.0000	0.0000	0.0000	0.0000	0.0000	0.0000	0.0000	0.0000	0.0000	0.0000	0.0000	0.0000	0.0000	0.0000	0.0000	0.0000	0.0000	0.0000	0.0000	0.0000	0.0000	0.0000	0.0000	0.0000	0.0000	0.0000	0.0000	0.0000	0.0000	0.0000	0.0000	0.0000	0.0000	0.0000	0.0000	0.0000	0.0000	0.0000	0.0000	0.0000	0.0000	0.0000											
54	62	0.6358	12	1	1	1	1	0	0	0	0	N	N	N	N	N	N	N	N	N	N	N	N	0.0000	0.0000	0.0000	0.0000	0.0000	0.0000	0.0000	0.0000	0.0000	0.0000	0.0000	0.0000	0.0000	0.0000	0.0000	0.0000	0.0000	0.0000	0.0000	0.0000	0.0000	28.8660	0.0000	13.2209	0.0000	0.0000	0.0000	0.0000	0.0000	0.0000	0.0000	0.0000	0.0000	0.0000	0.0000	0.0000	0.0000	0.0000	0.0000	0.0000	0.0000	0.0000	0.0000	0.0000	0.0000	0.0000	0.0000	0.0000	0.0000	0.0000	0.0000	0.0000	0.0000	0.0000	0.0000	0.0000	0.0000	0.0000	0.0000	0.0000	0.0000	0.0000	0.0000	0.0000	0.0000	0.0000	0.0000	0.0000	0.0000	0.0000	0.0000	0.0000	0.0000	0.0000	0.0000	0.0000	0.0000	0.0000											
54	63	0.6331	11	1	2	0	1	0	0	0	0	N	Y	N	N	N	N	N	N	N	N	N	N	0.0000	0.0000	0.0000	0.0000	0.0000	0.0000	0.0000	0.0000	0.0000	0.0000	0.0000	0.0000	0.0000	0.0000	0.0000	0.0000	0.0000	0.0000	0.0000	0.0000	0.0000	5.0237	0.0000	8.0282	0.0000	0.0000	0.0000	0.0000	0.0000	0.0000	0.0000	0.0000	0.0000	0.0000	0.0000	0.0000	0.0000	0.0000	0.0000	0.0000	0.0000	0.0000	0.0000	0.0000	0.0000	0.0000	0.0000	0.0000	0.0000	0.0000	0.0000	0.0000	0.0000	0.0000	0.0000	0.0000	0.0000	0.0000	0.0000	0.0000	0.0000	0.0000	0.0000	0.0000	0.0000	0.0000	0.0000	0.0000	0.0000	0.0000	0.0000	0.0000	0.0000	0.0000	0.0000	0.0000	0.0000	0.0000											
54	64	0.5701	10	1	2	0	1	0	0	0	0	N	Y	N	N	N	N	N	N	N	N	N	N	0.0000	0.0000	0.0000	0.0000	0.0000	0.0000	0.0000	0.0000	0.0000	0.0000	0.0000	0.0000	0.0000	0.0000	0.0000	0.0000	0.0000	0.0000	0.0000	0.0000	0.0000	17.5893	0.0000	19.0270	0.0000	0.0000	0.0000	0.0000	0.0000	0.0000	0.0000	0.0000	0.0000	0.0000	0.0000	0.0000	0.0000	0.0000	0.0000	0.0000	0.0000	0.0000	0.0000	0.0000	0.0000	0.0000	0.0000	0.0000	0.0000	0.0000	0.0000	0.0000	0.0000	0.0000	0.0000	0.0000	0.0000	0.0000	0.0000	0.0000	0.0000	0.0000	0.0000	0.0000	0.0000	0.0000	0.0000	0.0000	0.0000	0.0000	0.0000	0.0000	0.0000	0.0000	0.0000	0.0000	0.0000	0.0000											
54	65	0.5638	9	0	2	0	1	0	0	0	0	N	Y	N	N	N	N	N	N	N	N	N	N	0.0000	0.0000	0.0000	0.0000	0.0000	0.0000	0.0000	0.0000	0.0000	0.0000	0.0000	0.0000	0.0000	0.0000	0.0000	0.0000	0.0000	0.0000	0.0000	0.0000	0.0000	1.7566	0.0000	2.8742	0.0000	0.0000	0.0000	0.0000	0.0000	0.0000	0.0000	0.0000	0.0000	0.0000	0.0000	0.0000	0.0000	0.0000	0.0000	0.0000	0.0000	0.0000	0.0000	0.0000	0.0000	0.0000	0.0000	0.0000	0.0000	0.0000	0.0000	0.0000	0.0000	0.0000	0.0000	0.0000	0.0000	0.0000	0.0000	0.0000	0.0000	0.0000	0.0000	0.0000	0.0000	0.0000	0.0000	0.0000	0.0000	0.0000	0.0000	0.0000	0.0000	0.0000	0.0000	0.0000	0.0000	0.0000											
54	66	0.5273	10	0	2	0	1	0	0	0	0	N	Y	N	N	N	N	N	N	N	N	N	N	0.0000	0.0000	0.0000	0.0000	0.0000	0.0000	0.0000	0.0000	0.0000	0.0000	0.0000	0.0000	0.0000	0.0000	0.0000	0.0000	0.0000	0.0000	0.0000	0.0000	0.0000	21.1811	0.0000	10.1862	0.0000	0.0000	0.0000	0.0000	0.0000	0.0000	0.0000	0.0000	0.0000	0.0000	0.0000	0.0000	0.0000	0.0000	0.0000	0.0000	0.0000	0.0000	0.0000	0.0000	0.0000	0.0000	0.0000	0.0000	0.0000	0.0000	0.0000	0.0000	0.0000	0.0000	0.0000	0.0000	0.0000	0.0000	0.0000	0.0000	0.0000	0.0000	0.0000	0.0000	0.0000	0.0000	0.0000	0.0000	0.0000	0.0000	0.0000	0.0000	0.0000	0.0000	0.0000	0.0000	0.0000	0.0000											
54	67	0.5135	9	0	2	0	1	0	0	0	0	N	Y	N	N	N	N	N	N	N	N	N	N	0.0000	0.0000	0.0000	0.0000	0.0000	0.0000	0.0000	0.0000	0.0000	0.0000	0.0000	0.0000	0.0000	0.0000	0.0000	0.0000	0.0000	0.0000	0.0000	0.0000	0.0000	7.4253	0.0000	0.9851	0.0000	0.0000	0.0000	0.0000	0.0000	0.0000	0.0000	0.0000	0.0000	0.0000	0.0000	0.0000	0.0000	0.0000	0.0000	0.0000	0.0000	0.0000	0.0000	0.0000	0.0000	0.0000	0.0000	0.0000	0.0000	0.0000	0.0000	0.0000	0.0000	0.0000	0.0000	0.0000	0.0000	0.0000	0.0000	0.0000	0.0000	0.0000	0.0000	0.0000	0.0000	0.0000	0.0000	0.0000	0.0000	0.0000	0.0000	0.0000	0.0000	0.0000	0.0000	0.0000	0.0000	0.0000											
54	68	0.7168	12	0	1	1	1	0	0	0	0	N	N	N	N	N	N	N	N	N	N	N	N	0.0000	0.0000	0.0000	0.0000	0.0000	0.0000	0.0000	0.0000	0.0000	0.0000	0.0000	0.0000	0.0000	0.0000	0.0000	0.0000	0.0000	0.0000	0.0000	0.0000	0.0000	15.0354	0.0000	6.2061	0.0000	0.0000	0.0000	0.0000	0.0000	0.0000	0.0000	0.0000	0.0000	0.0000	0.0000	0.0000	0.0000	0.0000	0.0000	0.0000	0.0000	0.0000	0.0000	0.0000	0.0000	0.0000	0.0000	0.0000	0.0000	0.0000	0.0000	0.0000	0.0000	0.0000	0.0000	0.0000	0.0000	0.0000	0.0000	0.0000	0.0000	0.0000	0.0000	0.0000	0.0000	0.0000	0.0000	0.0000	0.0000	0.0000	0.0000	0.0000	0.0000	0.0000	0.0000	0.0000	0.0000	0.0000											
54	69	0.6487	11	0	1	0	1	0	0	0	0	N	N	N	N	N	N	N	N	N	N	N	N	0.0000	0.0000	0.0000	0.0000	0.0000	0.0000	0.0000	0.0000	0.0000	0.0000	0.0000	0.0000	0.0000	0.0000	0.0000	0.0000	0.0000	0.0000	0.0000	0.0000	0.0000	27.6811	0.0000	13.1592	0.0000	0.0000	0.0000	0.0000	0.0000	0.0000	0.0000	0.0000	0.0000	0.0000	0.0000	0.0000	0.0000	0.0000	0.0000	0.0000	0.0000	0.0000	0.0000	0.0000	0.0000	0.0000	0.0000	0.0000	0.0000	0.0000	0.0000	0.0000	0.0000	0.0000	0.0000	0.0000	0.0000	0.0000	0.0000	0.0000	0.0000	0.0000	0.0000	0.0000	0.0000	0.0000	0.0000	0.0000	0.0000	0.0000	0.0000	0.0000	0.0000	0.0000	0.0000	0.0000	0.0000	0.0000											
54	70	0.6139	10	0	1	0	1	0	0	0	0	N	N	N	N	N	N	N	N	N	N	N	N	0.0000	0.0000	0.0000	0.0000	0.0000	0.0000	0.0000	0.0000	0.0000	0.0000	0.0000	0.0000	0.0000	0.0000	0.0000	0.0000	0.0000	0.0000	0.0000	0.0000	0.0000	19.6565	0.0000	4.0504	0.0000	0.0000	0.0000	0.0000	0.0000	0.0000	0.0000	0.0000	0.0000	0.0000	0.0000	0.0000	0.0000	0.0000	0.0000	0.0000	0.0000	0.0000	0.0000	0.0000	0.0000	0.0000	0.0000	0.0000	0.0000	0.0000	0.0000	0.0000	0.0000	0.0000	0.0000	0.0000	0.0000	0.0000	0.0000	0.0000	0.0000	0.0000	0.0000	0.0000	0.0000	0.0000	0.0000	0.0000	0.0000	0.0000	0.0000	0.0000	0.0000	0.0000	0.0000	0.0000	0.0000	0.0000											
54	71	0.5166	10	1	2	0	1	0	0	0	0	N	Y	N	N	N	N	N	N	N	N	N	N	0.0000	0.0000	0.0000	0.0000	0.0000	0.0000	0.0000	0.0000	0.0000	0.0000	0.0000	0.0000	0.0000	0.0000	0.0000	0.0000	0.0000	0.0000	0.0000	0.0000	0.0000	17.5448	0.0000	6.0013	0.0000	0.0000	0.0000	0.0000	0.0000	0.0000	0.0000	0.0000	0.0000	0.0000	0.0000	0.0000	0.0000	0.0000	0.0000	0.0000	0.0000	0.0000	0.0000	0.0000	0.0000	0.0000	0.0000	0.0000	0.0000	0.0000	0.0000	0.0000	0.0000	0.0000	0.0000	0.0000	0.0000	0.0000	0.0000	0.0000	0.0000	0.0000	0.0000	0.0000	0.0000	0.0000	0.0000	0.0000	0.0000	0.0000	0.0000	0.0000	0.0000	0.0000	0.0000	0.0000	0.0000	0.0000											
54	72	0.5851	13	1	2	1	1	0	0	0	0	N	Y	N	N	N	N	N	N	N	N	N	N	0.0000	0.0000	0.0000	0.0000	0.0000	0.0000	0.0000	0.0000	0.0000	0.0000	0.0000	0.0000	0.0000	0.0000	0.0000	0.0000	0.0000	0.0000	0.0000	0.0000	0.0000	1.8980	0.0000	2.9698	0.0000	0.0000	0.0000	0.0000	0.0000	0.0000	0.0000	0.0000	0.0000	0.0000	0.0000	0.0000	0.0000	0.0000	0.0000	0.0000	0.0000	0.0000	0.0000	0.0000	0.0000	0.0000	0.0000	0.0000	0.0000	0.0000	0.0000	0.0000	0.0000	0.0000	0.0000	0.0000	0.0000	0.0000	0.0000	0.0000	0.0000	0.0000	0.0000	0.0000	0.0000	0.0000	0.0000	0.0000	0.0000	0.0000	0.0000	0.0000	0.0000	0.0000	0.0000	0.0000	0.0000	0.0000											
54	73	0.5655	12	1	1	1	1	0	0	0	0	N	N	N	N	N	N	N	N	N	N	N	N	0.0000	0.0000	0.0000	0.0000	0.0000	0.0000	0.0000	0.0000	0.0000	0.0000	0.0000	0.0000	0.0000	0.0000	0.0000	0.0000	0.0000	0.0000	0.0000	0.0000	0.0000	3.5853	0.0000	4.3819	0.0000	0.0000	0.0000	0.0000	0.0000	0.0000	0.0000	0.0000	0.0000	0.0000	0.0000	0.0000	0.0000	0.0000	0.0000	0.0000	0.0000	0.0000	0.0000	0.0000	0.0000	0.0000	0.0000	0.0000	0.0000	0.0000	0.0000	0.0000	0.0000	0.0000	0.0000	0.0000	0.0000	0.0000	0.0000	0.0000	0.0000	0.0000	0.0000	0.0000	0.0000	0.0000	0.0000	0.0000	0.0000	0.0000	0.0000	0.0000	0.0000	0.0000	0.0000	0.0000	0.0000	0.0000											
54	74	0.5340	11	1	1	1	1	0	0	0	0	N	N	N	N	N	N	N	N	N	N	N	N	0.0000	0.0000	0.0000	0.0000	0.0000	0.0000	0.0000	0.0000	0.0000	0.0000	0.0000	0.0000	0.0000	0.0000	0.0000	0.0000	0.0000	0.0000	0.0000	0.0000	0.0000	12.3589	0.0000	7.3592	0.0000	0.0000	0.0000	0.0000	0.0000	0.0000	0.0000	0.0000	0.0000	0.0000	0.0000	0.0000	0.0000	0.0000	0.0000	0.0000	0.0000	0.0000	0.0000	0.0000	0.0000	0.0000	0.0000	0.0000	0.0000	0.0000	0.0000	0.0000	0.0000	0.0000	0.0000	0.0000	0.0000	0.0000	0.0000	0.0000	0.0000	0.0000	0.0000	0.0000	0.0000	0.0000	0.0000	0.0000	0.0000	0.0000	0.0000	0.0000	0.0000	0.0000	0.0000	0.0000	0.0000	0.0000											
54	75	0.5166	10	1	1	1	1	0	0	0	0	N	N	N	N	N	N	N	N	N	N	N	N	0.0000	0.0000	0.0000	0.0000	0.0000	0.0000	0.0000	0.0000	0.0000	0.0000	0.0000	0.0000	0.0000	0.0000	0.0000	0.0000	0.0000	0.0000	0.0000	0.0000	0.0000	10.2127	0.0000	1.0234	0.0000	0.0000	0.0000	0.0000	0.0000	0.0000	0.0000	0.0000	0.0000	0.0000	0.0000	0.0000	0.0000	0.0000	0.0000	0.0000	0.0000	0.0000	0.0000	0.0000	0.0000	0.0000	0.0000	0.0000	0.0000	0.0000	0.0000	0.0000	0.0000	0.0000	0.0000	0.0000	0.0000	0.0000	0.0000	0.0000	0.0000	0.0000	0.0000	0.0000	0.0000	0.0000	0.0000	0.0000	0.0000	0.0000	0.0000	0.0000	0.0000	0.0000	0.0000	0.0000	0.0000	0.0000											
54	76	0.5135	9	1	1	0	1	0	0	0	0	N	N	N	N	N	N	N	N	N	N	N	N	0.0000	0.0000	0.0000	0.0000	0.0000	0.0000	0.0000	0.0000	0.0000	0.0000	0.0000	0.0000	0.0000	0.0000	0.0000	0.0000	0.0000	0.0000	0.0000	0.0000	0.0000	3.7027	0.0000	0.0091	0.0000	0.0000	0.0000	0.0000	0.0000	0.0000	0.0000	0.0000	0.0000	0.0000	0.0000	0.0000	0.0000	0.0000	0.0000	0.0000	0.0000	0.0000	0.0000	0.0000	0.0000	0.0000	0.0000	0.0000	0.0000	0.0000	0.0000	0.0000	0.0000	0.0000	0.0000	0.0000	0.0000	0.0000	0.0000	0.0000	0.0000	0.0000	0.0000	0.0000	0.0000	0.0000	0.0000	0.0000	0.0000	0.0000	0.0000	0.0000	0.0000	0.0000	0.0000	0.0000	0.0000	0.0000											
54	77	0.4965	8	0	1	0	1	0	0	0	0	N	N	N	N	N	N	N	N	N	N	N	N	0.0000	0.0000	0.0000	0.0000	0.0000	0.0000	0.0000	0.0000	0.0000	0.0000	0.0000	0.0000	0.0000	0.0000	0.0000	0.0000	0.0000	0.0000	0.0000	0.0000	0.0000	3.8334	0.0000	6.1787	0.0000	0.0000	0.0000	0.0000	0.0000	0.0000	0.0000	0.0000	0.0000	0.0000	0.0000	0.0000	0.0000	0.0000	0.0000	0.0000	0.0000	0.0000	0.0000	0.0000	0.0000	0.0000	0.0000	0.0000	0.0000	0.0000	0.0000	0.0000	0.0000	0.0000	0.0000	0.0000	0.0000	0.0000	0.0000	0.0000	0.0000	0.0000	0.0000	0.0000	0.0000	0.0000	0.0000	0.0000	0.0000	0.0000	0.0000	0.0000	0.0000	0.0000	0.0000	0.0000	0.0000	0.0000											
54	78	0.4574	7	0	1	0	1	0	0	0	0	N	N	N	N	N	N	N	N	N	N	N	N	0.0000	0.0000	0.0000	0.0000	0.0000	0.0000	0.0000	0.0000	0.0000	0.0000	0.0000	0.0000	0.0000	0.0000	0.0000	0.0000	0.0000	0.0000	0.0000	0.0000	0.0000	16.9094	0.0000	5.8161	0.0000	0.0000	0.0000	0.0000	0.0000	0.0000	0.0000	0.0000	0.0000	0.0000	0.0000	0.0000	0.0000	0.0000	0.0000	0.0000	0.0000	0.0000	0.0000	0.0000	0.0000	0.0000	0.0000	0.0000	0.0000	0.0000	0.0000	0.0000	0.0000	0.0000	0.0000	0.0000	0.0000	0.0000	0.0000	0.0000	0.0000	0.0000	0.0000	0.0000	0.0000	0.0000	0.0000	0.0000	0.0000	0.0000	0.0000	0.0000	0.0000	0.0000	0.0000	0.0000	0.0000	0.0000											
54	79	0.5638	9	0	2	0	1	0	0	0	0	N	Y	N	N	N	N	N	N	N	N	N	N	0.0000	0.0000	0.0000	0.0000	0.0000	0.0000	0.0000	0.0000	0.0000	0.0000	0.0000	0.0000	0.0000	0.0000	0.0000	0.0000	0.0000	0.0000	0.0000	0.0000	0.0000	23.9173	0.0000	17.8091	0.0000	0.0000	0.0000	0.0000	0.0000	0.0000	0.0000	0.0000	0.0000	0.0000	0.0000	0.0000	0.0000	0.0000	0.0000	0.0000	0.0000	0.0000	0.0000	0.0000	0.0000	0.0000	0.0000	0.0000	0.0000	0.0000	0.0000	0.0000	0.0000	0.0000	0.0000	0.0000	0.0000	0.0000	0.0000	0.0000	0.0000	0.0000	0.0000	0.0000	0.0000	0.0000	0.0000	0.0000	0.0000	0.0000	0.0000	0.0000	0.0000	0.0000	0.0000	0.0000	0.0000	0.0000											
54	80	0.5477	8	0	2	0	1	0	0	0	0	N	Y	N	N	N	N	N	N	N	N	N	N	0.0000	0.0000	0.0000	0.0000	0.0000	0.0000	0.0000	0.0000	0.0000	0.0000	0.0000	0.0000	0.0000	0.0000	0.0000	0.0000	0.0000	0.0000	0.0000	0.0000	0.0000	6.1279	0.0000	3.6878	0.0000	0.0000	0.0000	0.0000	0.0000	0.0000	0.0000	0.0000	0.0000	0.0000	0.0000	0.0000	0.0000	0.0000	0.0000	0.0000	0.0000	0.0000	0.0000	0.0000	0.0000	0.0000	0.0000	0.0000	0.0000	0.0000	0.0000	0.0000	0.0000	0.0000	0.0000	0.0000	0.0000	0.0000	0.0000	0.0000	0.0000	0.0000	0.0000	0.0000	0.0000	0.0000	0.0000	0.0000	0.0000	0.0000	0.0000	0.0000	0.0000	0.0000	0.0000	0.0000	0.0000	0.0000											
54	81	0.6358	12	1	1	1	1	0	0	0	0	N	N	N	N	N	N	N	N	N	N	N	N	0.0000	0.0000	0.0000	0.0000	0.0000	0.0000	0.0000	0.0000	0.0000	0.0000	0.0000	0.0000	0.0000	0.0000	0.0000	0.0000	0.0000	0.0000	0.0000	0.0000	0.0000	27.2690	0.0000	12.3406	0.0000	0.0000	0.0000	0.0000	0.0000	0.0000	0.0000	0.0000	0.0000	0.0000	0.0000	0.0000	0.0000	0.0000	0.0000	0.0000	0.0000	0.0000	0.0000	0.0000	0.0000	0.0000	0.0000	0.0000	0.0000	0.0000	0.0000	0.0000	0.0000	0.0000	0.0000	0.0000	0.0000	0.0000	0.0000	0.0000	0.0000	0.0000	0.0000	0.0000	0.0000	0.0000	0.0000	0.0000	0.0000	0.0000	0.0000	0.0000	0.0000	0.0000	0.0000	0.0000	0.0000	0.0000											
54	82	0.6205	11	0	1	0	1	0	0	0	0	N	N	N	N	N	N	N	N	N	N	N	N	0.0000	0.0000	0.0000	0.0000	0.0000	0.0000	0.0000	0.0000	0.0000	0.0000	0.0000	0.0000	0.0000	0.0000	0.0000	0.0000	0.0000	0.0000	0.0000	0.0000	0.0000	9.0798	0.0000	0.9519	0.0000	0.0000	0.0000	0.0000	0.0000	0.0000	0.0000	0.0000	0.0000	0.0000	0.0000	0.0000	0.0000	0.0000	0.0000	0.0000	0.0000	0.0000	0.0000	0.0000	0.0000	0.0000	0.0000	0.0000	0.0000	0.0000	0.0000	0.0000	0.0000	0.0000	0.0000	0.0000	0.0000	0.0000	0.0000	0.0000	0.0000	0.0000	0.0000	0.0000	0.0000	0.0000	0.0000	0.0000	0.0000	0.0000	0.0000	0.0000	0.0000	0.0000	0.0000	0.0000	0.0000	0.0000											
54	83	0.5477	8	0	2	0	1	0	0	0	0	N	Y	N	N	N	N	N	N	N	N	N	N	0.0000	0.0000	0.0000	0.0000	0.0000	0.0000	0.0000	0.0000	0.0000	0.0000	0.0000	0.0000	0.0000	0.0000	0.0000	0.0000	0.0000	0.0000	0.0000	0.0000	0.0000	21.0000	0.0000	14.4214	0.0000	0.0000	0.0000	0.0000	0.0000	0.0000	0.0000	0.0000	0.0000	0.0000	0.0000	0.0000	0.0000	0.0000	0.0000	0.0000	0.0000	0.0000	0.0000	0.0000	0.0000	0.0000	0.0000	0.0000	0.0000	0.0000	0.0000	0.0000	0.0000	0.0000	0.0000	0.0000	0.0000	0.0000	0.0000	0.0000	0.0000	0.0000	0.0000	0.0000	0.0000	0.0000	0.0000	0.0000	0.0000	0.0000	0.0000	0.0000	0.0000	0.0000	0.0000	0.0000	0.0000	0.0000											
54	84	0.6054	12	0	1	1	1	0	0	0	0	N	N	N	N	N	N	N	N	N	N	N	N	0.0000	0.0000	0.0000	0.0000	0.0000	0.0000	0.0000	0.0000	0.0000	0.0000	0.0000	0.0000	0.0000	0.0000	0.0000	0.0000	0.0000	0.0000	0.0000	0.0000	0.0000	20.4085	0.0000	11.0867	0.0000	0.0000	0.0000	0.0000	0.0000	0.0000	0.0000	0.0000	0.0000	0.0000	0.0000	0.0000	0.0000	0.0000	0.0000	0.0000	0.0000	0.0000	0.0000	0.0000	0.0000	0.0000	0.0000	0.0000	0.0000	0.0000	0.0000	0.0000	0.0000	0.0000	0.0000	0.0000	0.0000	0.0000	0.0000	0.0000	0.0000	0.0000	0.0000	0.0000	0.0000	0.0000	0.0000	0.0000	0.0000	0.0000	0.0000	0.0000	0.0000	0.0000	0.0000	0.0000	0.0000	0.0000											
54	85	0.6017	11	0	1	1	1	0	0	0	0	N	N	N	N	N	N	N	N	N	N	N	N	0.0000	0.0000	0.0000	0.0000	0.0000	0.0000	0.0000	0.0000	0.0000	0.0000	0.0000	0.0000	0.0000	0.0000	0.0000	0.0000	0.0000	0.0000	0.0000	0.0000	0.0000	3.1287	0.0000	1.1816	0.0000	0.0000	0.0000	0.0000	0.0000	0.0000	0.0000	0.0000	0.0000	0.0000	0.0000	0.0000	0.0000	0.0000	0.0000	0.0000	0.0000	0.0000	0.0000	0.0000	0.0000	0.0000	0.0000	0.0000	0.0000	0.0000	0.0000	0.0000	0.0000	0.0000	0.0000	0.0000	0.0000	0.0000	0.0000	0.0000	0.0000	0.0000	0.0000	0.0000	0.0000	0.0000	0.0000	0.0000	0.0000	0.0000	0.0000	0.0000	0.0000	0.0000	0.0000	0.0000	0.0000	0.0000											
54	86	0.5947	10	0	1	0	1	0	0	0	0	N	N	N	N	N	N	N	N	N	N	N	N	0.0000	0.0000	0.0000	0.0000	0.0000	0.0000	0.0000	0.0000	0.0000	0.0000	0.0000	0.0000	0.0000	0.0000	0.0000	0.0000	0.0000	0.0000	0.0000	0.0000	0.0000	4.0532	0.0000	2.2470	0.0000	0.0000	0.0000	0.0000	0.0000	0.0000	0.0000	0.0000	0.0000	0.0000	0.0000	0.0000	0.0000	0.0000	0.0000	0.0000	0.0000	0.0000	0.0000	0.0000	0.0000	0.0000	0.0000	0.0000	0.0000	0.0000	0.0000	0.0000	0.0000	0.0000	0.0000	0.0000	0.0000	0.0000	0.0000	0.0000	0.0000	0.0000	0.0000	0.0000	0.0000	0.0000	0.0000	0.0000	0.0000	0.0000	0.0000	0.0000	0.0000	0.0000	0.0000	0.0000	0.0000	0.0000											
54	87	0.5716	9	0	1	0	1	0	0	0	0	N	N	N	N	N	N	N	N	N	N	N	N	0.0000	0.0000	0.0000	0.0000	0.0000	0.0000	0.0000	0.0000	0.0000	0.0000	0.0000	0.0000	0.0000	0.0000	0.0000	0.0000	0.0000	0.0000	0.0000	0.0000	0.0000	4.7288	0.0000	9.8540	0.0000	0.0000	0.0000	0.0000	0.0000	0.0000	0.0000	0.0000	0.0000	0.0000	0.0000	0.0000	0.0000	0.0000	0.0000	0.0000	0.0000	0.0000	0.0000	0.0000	0.0000	0.0000	0.0000	0.0000	0.0000	0.0000	0.0000	0.0000	0.0000	0.0000	0.0000	0.0000	0.0000	0.0000	0.0000	0.0000	0.0000	0.0000	0.0000	0.0000	0.0000	0.0000	0.0000	0.0000	0.0000	0.0000	0.0000	0.0000	0.0000	0.0000	0.0000	0.0000	0.0000	0.0000											
54	88	0.5477	8	0	1	0	1	0	0	0	0	N	N	N	N	N	N	N	N	N	N	N	N	0.0000	0.0000	0.0000	0.0000	0.0000	0.0000	0.0000	0.0000	0.0000	0.0000	0.0000	0.0000	0.0000	0.0000	0.0000	0.0000	0.0000	0.0000	0.0000	0.0000	0.0000	8.6320	0.0000	7.0881	0.0000	0.0000	0.0000	0.0000	0.0000	0.0000	0.0000	0.0000	0.0000	0.0000	0.0000	0.0000	0.0000	0.0000	0.0000	0.0000	0.0000	0.0000	0.0000	0.0000	0.0000	0.0000	0.0000	0.0000	0.0000	0.0000	0.0000	0.0000	0.0000	0.0000	0.0000	0.0000	0.0000	0.0000	0.0000	0.0000	0.0000	0.0000	0.0000	0.0000	0.0000	0.0000	0.0000	0.0000	0.0000	0.0000	0.0000	0.0000	0.0000	0.0000	0.0000	0.0000	0.0000	0.0000											
54	89	0.6155	10	0	2	0	1	0	0	0	0	N	Y	N	N	N	N	N	N	N	N	N	N	0.0000	0.0000	0.0000	0.0000	0.0000	0.0000	0.0000	0.0000	0.0000	0.0000	0.0000	0.0000	0.0000	0.0000	0.0000	0.0000	0.0000	0.0000	0.0000	0.0000	0.0000	15.4622	0.0000	5.2688	0.0000	0.0000	0.0000	0.0000	0.0000	0.0000	0.0000	0.0000	0.0000	0.0000	0.0000	0.0000	0.0000	0.0000	0.0000	0.0000	0.0000	0.0000	0.0000	0.0000	0.0000	0.0000	0.0000	0.0000	0.0000	0.0000	0.0000	0.0000	0.0000	0.0000	0.0000	0.0000	0.0000	0.0000	0.0000	0.0000	0.0000	0.0000	0.0000	0.0000	0.0000	0.0000	0.0000	0.0000	0.0000	0.0000	0.0000	0.0000	0.0000	0.0000	0.0000	0.0000	0.0000	0.0000											
54	90	0.6037	9	0	1	0	1	0	0	0	0	N	N	N	N	N	N	N	N	N	N	N	N	0.0000	0.0000	0.0000	0.0000	0.0000	0.0000	0.0000	0.0000	0.0000	0.0000	0.0000	0.0000	0.0000	0.0000	0.0000	0.0000	0.0000	0.0000	0.0000	0.0000	0.0000	7.5917	0.0000	1.5198	0.0000	0.0000	0.0000	0.0000	0.0000	0.0000	0.0000	0.0000	0.0000	0.0000	0.0000	0.0000	0.0000	0.0000	0.0000	0.0000	0.0000	0.0000	0.0000	0.0000	0.0000	0.0000	0.0000	0.0000	0.0000	0.0000	0.0000	0.0000	0.0000	0.0000	0.0000	0.0000	0.0000	0.0000	0.0000	0.0000	0.0000	0.0000	0.0000	0.0000	0.0000	0.0000	0.0000	0.0000	0.0000	0.0000	0.0000	0.0000	0.0000	0.0000	0.0000	0.0000	0.0000	0.0000											
54	91	0.7130	13	1	1	1	1	0	0	0	0	N	N	N	N	N	N	N	N	N	N	N	N	0.0000	0.0000	0.0000	0.0000	0.0000	0.0000	0.0000	0.0000	0.0000	0.0000	0.0000	0.0000	0.0000	0.0000	0.0000	0.0000	0.0000	0.0000	0.0000	0.0000	0.0000	3.0317	0.0000	0.1644	0.0000	0.0000	0.0000	0.0000	0.0000	0.0000	0.0000	0.0000	0.0000	0.0000	0.0000	0.0000	0.0000	0.0000	0.0000	0.0000	0.0000	0.0000	0.0000	0.0000	0.0000	0.0000	0.0000	0.0000	0.0000	0.0000	0.0000	0.0000	0.0000	0.0000	0.0000	0.0000	0.0000	0.0000	0.0000	0.0000	0.0000	0.0000	0.0000	0.0000	0.0000	0.0000	0.0000	0.0000	0.0000	0.0000	0.0000	0.0000	0.0000	0.0000	0.0000	0.0000	0.0000	0.0000											
54	92	0.7072	12	1	1	1	1	0	0	0	0	N	N	N	N	N	N	N	N	N	N	N	N	0.0000	0.0000	0.0000	0.0000	0.0000	0.0000	0.0000	0.0000	0.0000	0.0000	0.0000	0.0000	0.0000	0.0000	0.0000	0.0000	0.0000	0.0000	0.0000	0.0000	0.0000	2.6632	0.0000	1.0147	0.0000	0.0000	0.0000	0.0000	0.0000	0.0000	0.0000	0.0000	0.0000	0.0000	0.0000	0.0000	0.0000	0.0000	0.0000	0.0000	0.0000	0.0000	0.0000	0.0000	0.0000	0.0000	0.0000	0.0000	0.0000	0.0000	0.0000	0.0000	0.0000	0.0000	0.0000	0.0000	0.0000	0.0000	0.0000	0.0000	0.0000	0.0000	0.0000	0.0000	0.0000	0.0000	0.0000	0.0000	0.0000	0.0000	0.0000	0.0000	0.0000	0.0000	0.0000	0.0000	0.0000	0.0000											
54	93	0.6239	11	1	1	1	1	0	0	0	0	N	N	N	N	N	N	N	N	N	N	N	N	0.0000	0.0000	0.0000	0.0000	0.0000	0.0000	0.0000	0.0000	0.0000	0.0000	0.0000	0.0000	0.0000	0.0000	0.0000	0.0000	0.0000	0.0000	0.0000	0.0000	0.0000	35.0787	0.0000	12.2568	0.0000	0.0000	0.0000	0.0000	0.0000	0.0000	0.0000	0.0000	0.0000	0.0000	0.0000	0.0000	0.0000	0.0000	0.0000	0.0000	0.0000	0.0000	0.0000	0.0000	0.0000	0.0000	0.0000	0.0000	0.0000	0.0000	0.0000	0.0000	0.0000	0.0000	0.0000	0.0000	0.0000	0.0000	0.0000	0.0000	0.0000	0.0000	0.0000	0.0000	0.0000	0.0000	0.0000	0.0000	0.0000	0.0000	0.0000	0.0000	0.0000	0.0000	0.0000	0.0000	0.0000	0.0000											
54	94	0.6104	10	1	1	0	1	0	0	0	0	N	N	N	N	N	N	N	N	N	N	N	N	0.0000	0.0000	0.0000	0.0000	0.0000	0.0000	0.0000	0.0000	0.0000	0.0000	0.0000	0.0000	0.0000	0.0000	0.0000	0.0000	0.0000	0.0000	0.0000	0.0000	0.0000	8.4810	0.0000	2.3446	0.0000	0.0000	0.0000	0.0000	0.0000	0.0000	0.0000	0.0000	0.0000	0.0000	0.0000	0.0000	0.0000	0.0000	0.0000	0.0000	0.0000	0.0000	0.0000	0.0000	0.0000	0.0000	0.0000	0.0000	0.0000	0.0000	0.0000	0.0000	0.0000	0.0000	0.0000	0.0000	0.0000	0.0000	0.0000	0.0000	0.0000	0.0000	0.0000	0.0000	0.0000	0.0000	0.0000	0.0000	0.0000	0.0000	0.0000	0.0000	0.0000	0.0000	0.0000	0.0000	0.0000	0.0000											
54	95	0.5477	8	0	2	0	2	0	0	0	0	N	Y	N	Y	N	N	N	N	N	N	N	N	0.0000	0.0000	0.0000	0.0000	0.0000	0.0000	0.0000	0.0000	0.0000	0.0000	0.0000	0.0000	0.0000	0.0000	0.0000	0.0000	0.0000	0.0000	0.0000	0.0000	0.0000	24.0032	0.0000	22.6134	0.0000	0.0000	0.0000	0.0000	0.0000	0.0000	0.0000	0.0000	0.0000	0.0000	0.0000	0.0000	0.0000	0.0000	0.0000	0.0000	0.0000	0.0000	0.0000	0.0000	0.0000	0.0000	0.0000	0.0000	0.0000	0.0000	0.0000	0.0000	0.0000	0.0000	0.0000	0.0000	0.0000	0.0000	0.0000	0.0000	0.0000	0.0000	0.0000	0.0000	0.0000	0.0000	0.0000	0.0000	0.0000	0.0000	0.0000	0.0000	0.0000	0.0000	0.0000	0.0000	0.0000	0.0000											
54	96	0.1536	6	0	2	0	1	0	0	0	0	N	Y	N	N	N	N	N	N	N	N	N	N	0.0000	0.0000	0.0000	0.0000	0.0000	0.0000	0.0000	0.0000	0.0000	0.0000	0.0000	0.0000	0.0000	0.0000	0.0000	0.0000	0.0000	0.0000	0.0000	0.0000	0.0000	18.5150	0.0000	10.2301	0.0000	0.0000	0.0000	0.0000	0.0000	0.0000	0.0000	0.0000	0.0000	0.0000	0.0000	0.0000	0.0000	0.0000	0.0000	0.0000	0.0000	0.0000	0.0000	0.0000	0.0000	0.0000	0.0000	0.0000	0.0000	0.0000	0.0000	0.0000	0.0000	0.0000	0.0000	0.0000	0.0000	0.0000	0.0000	0.0000	0.0000	0.0000	0.0000	0.0000	0.0000	0.0000	0.0000	0.0000	0.0000	0.0000	0.0000	0.0000	0.0000	0.0000	0.0000	0.0000	0.0000	0.0000											
54	97	0.5769	9	0	2	0	1	0	0	0	0	N	Y	N	N	N	N	N	N	N	N	N	N	0.0000	0.0000	0.0000	0.0000	0.0000	0.0000	0.0000	0.0000	0.0000	0.0000	0.0000	0.0000	0.0000	0.0000	0.0000	0.0000	0.0000	0.0000	0.0000	0.0000	0.0000	46.1140	0.0000	26.4917	0.0000	0.0000	0.0000	0.0000	0.0000	0.0000	0.0000	0.0000	0.0000	0.0000	0.0000	0.0000	0.0000	0.0000	0.0000	0.0000	0.0000	0.0000	0.0000	0.0000	0.0000	0.0000	0.0000	0.0000	0.0000	0.0000	0.0000	0.0000	0.0000	0.0000	0.0000	0.0000	0.0000	0.0000	0.0000	0.0000	0.0000	0.0000	0.0000	0.0000	0.0000	0.0000	0.0000	0.0000	0.0000	0.0000	0.0000	0.0000	0.0000	0.0000	0.0000	0.0000	0.0000	0.0000											
54	98	0.0774	2	0	2	0	1	0	0	0	0	N	Y	N	N	N	N	N	N	N	N	N	N	0.0000	0.0000	0.0000	0.0000	0.0000	0.0000	0.0000	0.0000	0.0000	0.0000	0.0000	0.0000	0.0000	0.0000	0.0000	0.0000	0.0000	0.0000	0.0000	0.0000	0.0000	20.7840	0.0000	8.9470	0.0000	0.0000	0.0000	0.0000	0.0000	0.0000	0.0000	0.0000	0.0000	0.0000	0.0000	0.0000	0.0000	0.0000	0.0000	0.0000	0.0000	0.0000	0.0000	0.0000	0.0000	0.0000	0.0000	0.0000	0.0000	0.0000	0.0000	0.0000	0.0000	0.0000	0.0000	0.0000	0.0000	0.0000	0.0000	0.0000	0.0000	0.0000	0.0000	0.0000	0.0000	0.0000	0.0000	0.0000	0.0000	0.0000	0.0000	0.0000	0.0000	0.0000	0.0000	0.0000	0.0000	0.0000											
54	102	0.6618	11	0	2	0	1	0	0	0	0	N	Y	N	N	N	N	N	N	N	N	N	N	0.0000	0.0000	0.0000	0.0000	0.0000	0.0000	0.0000	0.0000	0.0000	0.0000	0.0000	0.0000	0.0000	0.0000	0.0000	0.0000	0.0000	0.0000	0.0000	0.0000	0.0000	34.1922	0.0000	22.4626	0.0000	0.0000	0.0000	0.0000	0.0000	0.0000	0.0000	0.0000	0.0000	0.0000	0.0000	0.0000	0.0000	0.0000	0.0000	0.0000	0.0000	0.0000	0.0000	0.0000	0.0000	0.0000	0.0000	0.0000	0.0000	0.0000	0.0000	0.0000	0.0000	0.0000	0.0000	0.0000	0.0000	0.0000	0.0000	0.0000	0.0000	0.0000	0.0000	0.0000	0.0000	0.0000	0.0000	0.0000	0.0000	0.0000	0.0000	0.0000	0.0000	0.0000	0.0000	0.0000	0.0000	0.0000											
54	103	0.6139	10	0	2	0	1	0	0	0	0	N	Y	N	N	N	N	N	N	N	N	N	N	0.0000	0.0000	0.0000	0.0000	0.0000	0.0000	0.0000	0.0000	0.0000	0.0000	0.0000	0.0000	0.0000	0.0000	0.0000	0.0000	0.0000	0.0000	0.0000	0.0000	0.0000	22.5884	0.0000	11.0115	0.0000	0.0000	0.0000	0.0000	0.0000	0.0000	0.0000	0.0000	0.0000	0.0000	0.0000	0.0000	0.0000	0.0000	0.0000	0.0000	0.0000	0.0000	0.0000	0.0000	0.0000	0.0000	0.0000	0.0000	0.0000	0.0000	0.0000	0.0000	0.0000	0.0000	0.0000	0.0000	0.0000	0.0000	0.0000	0.0000	0.0000	0.0000	0.0000	0.0000	0.0000	0.0000	0.0000	0.0000	0.0000	0.0000	0.0000	0.0000	0.0000	0.0000	0.0000	0.0000	0.0000	0.0000											
54	104	0.5839	9	0	1	0	1	0	0	0	0	N	N	N	N	N	N	N	N	N	N	N	N	0.0000	0.0000	0.0000	0.0000	0.0000	0.0000	0.0000	0.0000	0.0000	0.0000	0.0000	0.0000	0.0000	0.0000	0.0000	0.0000	0.0000	0.0000	0.0000	0.0000	0.0000	11.8100	0.0000	8.7888	0.0000	0.0000	0.0000	0.0000	0.0000	0.0000	0.0000	0.0000	0.0000	0.0000	0.0000	0.0000	0.0000	0.0000	0.0000	0.0000	0.0000	0.0000	0.0000	0.0000	0.0000	0.0000	0.0000	0.0000	0.0000	0.0000	0.0000	0.0000	0.0000	0.0000	0.0000	0.0000	0.0000	0.0000	0.0000	0.0000	0.0000	0.0000	0.0000	0.0000	0.0000	0.0000	0.0000	0.0000	0.0000	0.0000	0.0000	0.0000	0.0000	0.0000	0.0000	0.0000	0.0000	0.0000											
54	105	0.5477	8	0	1	0	1	0	0	0	0	N	N	N	N	N	N	N	N	N	N	N	N	0.0000	0.0000	0.0000	0.0000	0.0000	0.0000	0.0000	0.0000	0.0000	0.0000	0.0000	0.0000	0.0000	0.0000	0.0000	0.0000	0.0000	0.0000	0.0000	0.0000	0.0000	14.7392	0.0000	7.3617	0.0000	0.0000	0.0000	0.0000	0.0000	0.0000	0.0000	0.0000	0.0000	0.0000	0.0000	0.0000	0.0000	0.0000	0.0000	0.0000	0.0000	0.0000	0.0000	0.0000	0.0000	0.0000	0.0000	0.0000	0.0000	0.0000	0.0000	0.0000	0.0000	0.0000	0.0000	0.0000	0.0000	0.0000	0.0000	0.0000	0.0000	0.0000	0.0000	0.0000	0.0000	0.0000	0.0000	0.0000	0.0000	0.0000	0.0000	0.0000	0.0000	0.0000	0.0000	0.0000	0.0000	0.0000											
54	106	0.6205	11	0	2	0	1	0	0	0	0	N	Y	N	N	N	N	N	N	N	N	N	N	0.0000	0.0000	0.0000	0.0000	0.0000	0.0000	0.0000	0.0000	0.0000	0.0000	0.0000	0.0000	0.0000	0.0000	0.0000	0.0000	0.0000	0.0000	0.0000	0.0000	0.0000	20.0414	0.0000	7.0324	0.0000	0.0000	0.0000	0.0000	0.0000	0.0000	0.0000	0.0000	0.0000	0.0000	0.0000	0.0000	0.0000	0.0000	0.0000	0.0000	0.0000	0.0000	0.0000	0.0000	0.0000	0.0000	0.0000	0.0000	0.0000	0.0000	0.0000	0.0000	0.0000	0.0000	0.0000	0.0000	0.0000	0.0000	0.0000	0.0000	0.0000	0.0000	0.0000	0.0000	0.0000	0.0000	0.0000	0.0000	0.0000	0.0000	0.0000	0.0000	0.0000	0.0000	0.0000	0.0000	0.0000	0.0000											
54	107	0.6104	10	0	1	0	1	0	0	0	0	N	N	N	N	N	N	N	N	N	N	N	N	0.0000	0.0000	0.0000	0.0000	0.0000	0.0000	0.0000	0.0000	0.0000	0.0000	0.0000	0.0000	0.0000	0.0000	0.0000	0.0000	0.0000	0.0000	0.0000	0.0000	0.0000	7.0315	0.0000	1.2144	0.0000	0.0000	0.0000	0.0000	0.0000	0.0000	0.0000	0.0000	0.0000	0.0000	0.0000	0.0000	0.0000	0.0000	0.0000	0.0000	0.0000	0.0000	0.0000	0.0000	0.0000	0.0000	0.0000	0.0000	0.0000	0.0000	0.0000	0.0000	0.0000	0.0000	0.0000	0.0000	0.0000	0.0000	0.0000	0.0000	0.0000	0.0000	0.0000	0.0000	0.0000	0.0000	0.0000	0.0000	0.0000	0.0000	0.0000	0.0000	0.0000	0.0000	0.0000	0.0000	0.0000	0.0000											
54	108	0.5769	9	0	1	0	1	0	0	0	0	N	N	N	N	N	N	N	N	N	N	N	N	0.0000	0.0000	0.0000	0.0000	0.0000	0.0000	0.0000	0.0000	0.0000	0.0000	0.0000	0.0000	0.0000	0.0000	0.0000	0.0000	0.0000	0.0000	0.0000	0.0000	0.0000	16.2725	0.0000	4.4748	0.0000	0.0000	0.0000	0.0000	0.0000	0.0000	0.0000	0.0000	0.0000	0.0000	0.0000	0.0000	0.0000	0.0000	0.0000	0.0000	0.0000	0.0000	0.0000	0.0000	0.0000	0.0000	0.0000	0.0000	0.0000	0.0000	0.0000	0.0000	0.0000	0.0000	0.0000	0.0000	0.0000	0.0000	0.0000	0.0000	0.0000	0.0000	0.0000	0.0000	0.0000	0.0000	0.0000	0.0000	0.0000	0.0000	0.0000	0.0000	0.0000	0.0000	0.0000	0.0000	0.0000	0.0000											
54	109	0.6296	10	0	2	0	1	0	0	0	0	N	Y	N	N	N	N	N	N	N	N	N	N	0.0000	0.0000	0.0000	0.0000	0.0000	0.0000	0.0000	0.0000	0.0000	0.0000	0.0000	0.0000	0.0000	0.0000	0.0000	0.0000	0.0000	0.0000	0.0000	0.0000	0.0000	40.5309	0.0000	14.7974	0.0000	0.0000	0.0000	0.0000	0.0000	0.0000	0.0000	0.0000	0.0000	0.0000	0.0000	0.0000	0.0000	0.0000	0.0000	0.0000	0.0000	0.0000	0.0000	0.0000	0.0000	0.0000	0.0000	0.0000	0.0000	0.0000	0.0000	0.0000	0.0000	0.0000	0.0000	0.0000	0.0000	0.0000	0.0000	0.0000	0.0000	0.0000	0.0000	0.0000	0.0000	0.0000	0.0000	0.0000	0.0000	0.0000	0.0000	0.0000	0.0000	0.0000	0.0000	0.0000	0.0000	0.0000											
54	110	0.6037	9	0	2	0	1	0	0	0	0	N	Y	N	N	N	N	N	N	N	N	N	N	0.0000	0.0000	0.0000	0.0000	0.0000	0.0000	0.0000	0.0000	0.0000	0.0000	0.0000	0.0000	0.0000	0.0000	0.0000	0.0000	0.0000	0.0000	0.0000	0.0000	0.0000	13.5236	0.0000	3.5331	0.0000	0.0000	0.0000	0.0000	0.0000	0.0000	0.0000	0.0000	0.0000	0.0000	0.0000	0.0000	0.0000	0.0000	0.0000	0.0000	0.0000	0.0000	0.0000	0.0000	0.0000	0.0000	0.0000	0.0000	0.0000	0.0000	0.0000	0.0000	0.0000	0.0000	0.0000	0.0000	0.0000	0.0000	0.0000	0.0000	0.0000	0.0000	0.0000	0.0000	0.0000	0.0000	0.0000	0.0000	0.0000	0.0000	0.0000	0.0000	0.0000	0.0000	0.0000	0.0000	0.0000	0.0000											
54	111	0.5477	8	0	1	0	1	0	0	0	0	N	N	N	N	N	N	N	N	N	N	N	N	0.0000	0.0000	0.0000	0.0000	0.0000	0.0000	0.0000	0.0000	0.0000	0.0000	0.0000	0.0000	0.0000	0.0000	0.0000	0.0000	0.0000	0.0000	0.0000	0.0000	0.0000	16.9399	0.0000	15.9768	0.0000	0.0000	0.0000	0.0000	0.0000	0.0000	0.0000	0.0000	0.0000	0.0000	0.0000	0.0000	0.0000	0.0000	0.0000	0.0000	0.0000	0.0000	0.0000	0.0000	0.0000	0.0000	0.0000	0.0000	0.0000	0.0000	0.0000	0.0000	0.0000	0.0000	0.0000	0.0000	0.0000	0.0000	0.0000	0.0000	0.0000	0.0000	0.0000	0.0000	0.0000	0.0000	0.0000	0.0000	0.0000	0.0000	0.0000	0.0000	0.0000	0.0000	0.0000	0.0000	0.0000	0.0000											
54	112	0.6521	12	1	2	0	2	0	0	0	0	N	Y	N	Y	N	N	N	N	N	N	N	N	0.0000	0.0000	0.0000	0.0000	0.0000	0.0000	0.0000	0.0000	0.0000	0.0000	0.0000	0.0000	0.0000	0.0000	0.0000	0.0000	0.0000	0.0000	0.0000	0.0000	0.0000	0.0019	0.0000	1.9928	0.0000	0.0000	0.0000	0.0000	0.0000	0.0000	0.0000	0.0000	0.0000	0.0000	0.0000	0.0000	0.0000	0.0000	0.0000	0.0000	0.0000	0.0000	0.0000	0.0000	0.0000	0.0000	0.0000	0.0000	0.0000	0.0000	0.0000	0.0000	0.0000	0.0000	0.0000	0.0000	0.0000	0.0000	0.0000	0.0000	0.0000	0.0000	0.0000	0.0000	0.0000	0.0000	0.0000	0.0000	0.0000	0.0000	0.0000	0.0000	0.0000	0.0000	0.0000	0.0000	0.0000	0.0000											
54	113	0.6286	11	1	2	0	2	0	0	0	0	N	Y	N	Y	N	N	N	N	N	N	N	N	0.0000	0.0000	0.0000	0.0000	0.0000	0.0000	0.0000	0.0000	0.0000	0.0000	0.0000	0.0000	0.0000	0.0000	0.0000	0.0000	0.0000	0.0000	0.0000	0.0000	0.0000	8.6942	0.0000	6.0502	0.0000	0.0000	0.0000	0.0000	0.0000	0.0000	0.0000	0.0000	0.0000	0.0000	0.0000	0.0000	0.0000	0.0000	0.0000	0.0000	0.0000	0.0000	0.0000	0.0000	0.0000	0.0000	0.0000	0.0000	0.0000	0.0000	0.0000	0.0000	0.0000	0.0000	0.0000	0.0000	0.0000	0.0000	0.0000	0.0000	0.0000	0.0000	0.0000	0.0000	0.0000	0.0000	0.0000	0.0000	0.0000	0.0000	0.0000	0.0000	0.0000	0.0000	0.0000	0.0000	0.0000	0.0000											
54	114	0.6497	15	0	2	0	2	0	0	0	0	N	Y	N	Y	N	N	N	N	N	N	N	N	0.0000	0.0000	0.0000	0.0000	0.0000	0.0000	0.0000	0.0000	0.0000	0.0000	0.0000	0.0000	0.0000	0.0000	0.0000	0.0000	0.0000	0.0000	0.0000	0.0000	0.0000	0.0001	0.0000	0.0001	0.0000	0.0000	0.0000	0.0000	0.0000	0.0000	0.0000	0.0000	0.0000	0.0000	0.0000	0.0000	0.0000	0.0000	0.0000	0.0000	0.0000	0.0000	0.0000	0.0000	0.0000	0.0000	0.0000	0.0000	0.0000	0.0000	0.0000	0.0000	0.0000	0.0000	0.0000	0.0000	0.0000	0.0000	0.0000	0.0000	0.0000	0.0000	0.0000	0.0000	0.0000	0.0000	0.0000	0.0000	0.0000	0.0000	0.0000	0.0000	0.0000	0.0000	0.0000	0.0000	0.0000	0.0000											
54	115	0.6430	14	0	2	0	2	0	0	0	0	N	Y	N	Y	N	N	N	N	N	N	N	N	0.0000	0.0000	0.0000	0.0000	0.0000	0.0000	0.0000	0.0000	0.0000	0.0000	0.0000	0.0000	0.0000	0.0000	0.0000	0.0000	0.0000	0.0000	0.0000	0.0000	0.0000	3.0007	0.0000	1.0012	0.0000	0.0000	0.0000	0.0000	0.0000	0.0000	0.0000	0.0000	0.0000	0.0000	0.0000	0.0000	0.0000	0.0000	0.0000	0.0000	0.0000	0.0000	0.0000	0.0000	0.0000	0.0000	0.0000	0.0000	0.0000	0.0000	0.0000	0.0000	0.0000	0.0000	0.0000	0.0000	0.0000	0.0000	0.0000	0.0000	0.0000	0.0000	0.0000	0.0000	0.0000	0.0000	0.0000	0.0000	0.0000	0.0000	0.0000	0.0000	0.0000	0.0000	0.0000	0.0000	0.0000	0.0000											
54	116	0.6411	13	0	1	0	2	0	0	0	0	N	N	N	Y	N	N	N	N	N	N	N	N	0.0000	0.0000	0.0000	0.0000	0.0000	0.0000	0.0000	0.0000	0.0000	0.0000	0.0000	0.0000	0.0000	0.0000	0.0000	0.0000	0.0000	0.0000	0.0000	0.0000	0.0000	1.1177	0.0000	0.0023	0.0000	0.0000	0.0000	0.0000	0.0000	0.0000	0.0000	0.0000	0.0000	0.0000	0.0000	0.0000	0.0000	0.0000	0.0000	0.0000	0.0000	0.0000	0.0000	0.0000	0.0000	0.0000	0.0000	0.0000	0.0000	0.0000	0.0000	0.0000	0.0000	0.0000	0.0000	0.0000	0.0000	0.0000	0.0000	0.0000	0.0000	0.0000	0.0000	0.0000	0.0000	0.0000	0.0000	0.0000	0.0000	0.0000	0.0000	0.0000	0.0000	0.0000	0.0000	0.0000	0.0000	0.0000											
54	117	0.4574	7	0	2	0	1	0	0	0	0	N	Y	N	N	N	N	N	N	N	N	N	N	0.0000	0.0000	0.0000	0.0000	0.0000	0.0000	0.0000	0.0000	0.0000	0.0000	0.0000	0.0000	0.0000	0.0000	0.0000	0.0000	0.0000	0.0000	0.0000	0.0000	0.0000	31.2782	0.0000	23.9277	0.0000	0.0000	0.0000	0.0000	0.0000	0.0000	0.0000	0.0000	0.0000	0.0000	0.0000	0.0000	0.0000	0.0000	0.0000	0.0000	0.0000	0.0000	0.0000	0.0000	0.0000	0.0000	0.0000	0.0000	0.0000	0.0000	0.0000	0.0000	0.0000	0.0000	0.0000	0.0000	0.0000	0.0000	0.0000	0.0000	0.0000	0.0000	0.0000	0.0000	0.0000	0.0000	0.0000	0.0000	0.0000	0.0000	0.0000	0.0000	0.0000	0.0000	0.0000	0.0000	0.0000	0.0000											
54	118	0.6411	13	0	1	1	2	0	0	0	0	N	N	N	Y	N	N	N	N	N	N	N	N	0.0000	0.0000	0.0000	0.0000	0.0000	0.0000	0.0000	0.0000	0.0000	0.0000	0.0000	0.0000	0.0000	0.0000	0.0000	0.0000	0.0000	0.0000	0.0000	0.0000	0.0000	3.8827	0.0000	2.9998	0.0000	0.0000	0.0000	0.0000	0.0000	0.0000	0.0000	0.0000	0.0000	0.0000	0.0000	0.0000	0.0000	0.0000	0.0000	0.0000	0.0000	0.0000	0.0000	0.0000	0.0000	0.0000	0.0000	0.0000	0.0000	0.0000	0.0000	0.0000	0.0000	0.0000	0.0000	0.0000	0.0000	0.0000	0.0000	0.0000	0.0000	0.0000	0.0000	0.0000	0.0000	0.0000	0.0000	0.0000	0.0000	0.0000	0.0000	0.0000	0.0000	0.0000	0.0000	0.0000	0.0000	0.0000											
54	119	0.6382	12	0	1	0	2	0	0	0	0	N	N	N	Y	N	N	N	N	N	N	N	N	0.0000	0.0000	0.0000	0.0000	0.0000	0.0000	0.0000	0.0000	0.0000	0.0000	0.0000	0.0000	0.0000	0.0000	0.0000	0.0000	0.0000	0.0000	0.0000	0.0000	0.0000	2.8083	0.0000	0.0030	0.0000	0.0000	0.0000	0.0000	0.0000	0.0000	0.0000	0.0000	0.0000	0.0000	0.0000	0.0000	0.0000	0.0000	0.0000	0.0000	0.0000	0.0000	0.0000	0.0000	0.0000	0.0000	0.0000	0.0000	0.0000	0.0000	0.0000	0.0000	0.0000	0.0000	0.0000	0.0000	0.0000	0.0000	0.0000	0.0000	0.0000	0.0000	0.0000	0.0000	0.0000	0.0000	0.0000	0.0000	0.0000	0.0000	0.0000	0.0000	0.0000	0.0000	0.0000	0.0000	0.0000	0.0000											
54	120	0.6382	12	0	1	1	2	0	0	0	0	N	N	N	Y	N	N	N	N	N	N	N	N	0.0000	0.0000	0.0000	0.0000	0.0000	0.0000	0.0000	0.0000	0.0000	0.0000	0.0000	0.0000	0.0000	0.0000	0.0000	0.0000	0.0000	0.0000	0.0000	0.0000	0.0000	9.6158	0.0000	0.0030	0.0000	0.0000	0.0000	0.0000	0.0000	0.0000	0.0000	0.0000	0.0000	0.0000	0.0000	0.0000	0.0000	0.0000	0.0000	0.0000	0.0000	0.0000	0.0000	0.0000	0.0000	0.0000	0.0000	0.0000	0.0000	0.0000	0.0000	0.0000	0.0000	0.0000	0.0000	0.0000	0.0000	0.0000	0.0000	0.0000	0.0000	0.0000	0.0000	0.0000	0.0000	0.0000	0.0000	0.0000	0.0000	0.0000	0.0000	0.0000	0.0000	0.0000	0.0000	0.0000	0.0000	0.0000											
54	121	0.6286	11	0	1	0	2	0	0	0	0	N	N	N	Y	N	N	N	N	N	N	N	N	0.0000	0.0000	0.0000	0.0000	0.0000	0.0000	0.0000	0.0000	0.0000	0.0000	0.0000	0.0000	0.0000	0.0000	0.0000	0.0000	0.0000	0.0000	0.0000	0.0000	0.0000	4.2457	0.0000	2.0144	0.0000	0.0000	0.0000	0.0000	0.0000	0.0000	0.0000	0.0000	0.0000	0.0000	0.0000	0.0000	0.0000	0.0000	0.0000	0.0000	0.0000	0.0000	0.0000	0.0000	0.0000	0.0000	0.0000	0.0000	0.0000	0.0000	0.0000	0.0000	0.0000	0.0000	0.0000	0.0000	0.0000	0.0000	0.0000	0.0000	0.0000	0.0000	0.0000	0.0000	0.0000	0.0000	0.0000	0.0000	0.0000	0.0000	0.0000	0.0000	0.0000	0.0000	0.0000	0.0000	0.0000	0.0000											
54	122	0.5864	10	0	1	0	2	0	0	0	0	N	N	N	Y	N	N	N	N	N	N	N	N	0.0000	0.0000	0.0000	0.0000	0.0000	0.0000	0.0000	0.0000	0.0000	0.0000	0.0000	0.0000	0.0000	0.0000	0.0000	0.0000	0.0000	0.0000	0.0000	0.0000	0.0000	11.9190	0.0000	13.1740	0.0000	0.0000	0.0000	0.0000	0.0000	0.0000	0.0000	0.0000	0.0000	0.0000	0.0000	0.0000	0.0000	0.0000	0.0000	0.0000	0.0000	0.0000	0.0000	0.0000	0.0000	0.0000	0.0000	0.0000	0.0000	0.0000	0.0000	0.0000	0.0000	0.0000	0.0000	0.0000	0.0000	0.0000	0.0000	0.0000	0.0000	0.0000	0.0000	0.0000	0.0000	0.0000	0.0000	0.0000	0.0000	0.0000	0.0000	0.0000	0.0000	0.0000	0.0000	0.0000	0.0000	0.0000											
54	123	0.2018	8	0	1	1	2	0	0	0	0	N	N	N	Y	N	N	N	N	N	N	N	N	0.0000	0.0000	0.0000	0.0000	0.0000	0.0000	0.0000	0.0000	0.0000	0.0000	0.0000	0.0000	0.0000	0.0000	0.0000	0.0000	0.0000	0.0000	0.0000	0.0000	0.0000	12.8936	0.0000	4.1514	0.0000	0.0000	0.0000	0.0000	0.0000	0.0000	0.0000	0.0000	0.0000	0.0000	0.0000	0.0000	0.0000	0.0000	0.0000	0.0000	0.0000	0.0000	0.0000	0.0000	0.0000	0.0000	0.0000	0.0000	0.0000	0.0000	0.0000	0.0000	0.0000	0.0000	0.0000	0.0000	0.0000	0.0000	0.0000	0.0000	0.0000	0.0000	0.0000	0.0000	0.0000	0.0000	0.0000	0.0000	0.0000	0.0000	0.0000	0.0000	0.0000	0.0000	0.0000	0.0000	0.0000	0.0000											
54	124	0.6017	11	0	2	0	1	0	0	0	0	N	Y	N	N	N	N	N	N	N	N	N	N	0.0000	0.0000	0.0000	0.0000	0.0000	0.0000	0.0000	0.0000	0.0000	0.0000	0.0000	0.0000	0.0000	0.0000	0.0000	0.0000	0.0000	0.0000	0.0000	0.0000	0.0000	12.7386	0.0000	8.7370	0.0000	0.0000	0.0000	0.0000	0.0000	0.0000	0.0000	0.0000	0.0000	0.0000	0.0000	0.0000	0.0000	0.0000	0.0000	0.0000	0.0000	0.0000	0.0000	0.0000	0.0000	0.0000	0.0000	0.0000	0.0000	0.0000	0.0000	0.0000	0.0000	0.0000	0.0000	0.0000	0.0000	0.0000	0.0000	0.0000	0.0000	0.0000	0.0000	0.0000	0.0000	0.0000	0.0000	0.0000	0.0000	0.0000	0.0000	0.0000	0.0000	0.0000	0.0000	0.0000	0.0000	0.0000											
54	125	0.5864	10	0	2	0	1	0	0	0	0	N	Y	N	N	N	N	N	N	N	N	N	N	0.0000	0.0000	0.0000	0.0000	0.0000	0.0000	0.0000	0.0000	0.0000	0.0000	0.0000	0.0000	0.0000	0.0000	0.0000	0.0000	0.0000	0.0000	0.0000	0.0000	0.0000	8.6431	0.0000	1.4782	0.0000	0.0000	0.0000	0.0000	0.0000	0.0000	0.0000	0.0000	0.0000	0.0000	0.0000	0.0000	0.0000	0.0000	0.0000	0.0000	0.0000	0.0000	0.0000	0.0000	0.0000	0.0000	0.0000	0.0000	0.0000	0.0000	0.0000	0.0000	0.0000	0.0000	0.0000	0.0000	0.0000	0.0000	0.0000	0.0000	0.0000	0.0000	0.0000	0.0000	0.0000	0.0000	0.0000	0.0000	0.0000	0.0000	0.0000	0.0000	0.0000	0.0000	0.0000	0.0000	0.0000	0.0000											
54	126	0.5769	9	0	1	0	1	0	0	0	0	N	N	N	N	N	N	N	N	N	N	N	N	0.0000	0.0000	0.0000	0.0000	0.0000	0.0000	0.0000	0.0000	0.0000	0.0000	0.0000	0.0000	0.0000	0.0000	0.0000	0.0000	0.0000	0.0000	0.0000	0.0000	0.0000	4.1618	0.0000	2.0491	0.0000	0.0000	0.0000	0.0000	0.0000	0.0000	0.0000	0.0000	0.0000	0.0000	0.0000	0.0000	0.0000	0.0000	0.0000	0.0000	0.0000	0.0000	0.0000	0.0000	0.0000	0.0000	0.0000	0.0000	0.0000	0.0000	0.0000	0.0000	0.0000	0.0000	0.0000	0.0000	0.0000	0.0000	0.0000	0.0000	0.0000	0.0000	0.0000	0.0000	0.0000	0.0000	0.0000	0.0000	0.0000	0.0000	0.0000	0.0000	0.0000	0.0000	0.0000	0.0000	0.0000	0.0000											
54	127	0.5477	8	0	1	0	1	0	0	0	0	N	N	N	N	N	N	N	N	N	N	N	N	0.0000	0.0000	0.0000	0.0000	0.0000	0.0000	0.0000	0.0000	0.0000	0.0000	0.0000	0.0000	0.0000	0.0000	0.0000	0.0000	0.0000	0.0000	0.0000	0.0000	0.0000	9.4810	0.0000	7.4917	0.0000	0.0000	0.0000	0.0000	0.0000	0.0000	0.0000	0.0000	0.0000	0.0000	0.0000	0.0000	0.0000	0.0000	0.0000	0.0000	0.0000	0.0000	0.0000	0.0000	0.0000	0.0000	0.0000	0.0000	0.0000	0.0000	0.0000	0.0000	0.0000	0.0000	0.0000	0.0000	0.0000	0.0000	0.0000	0.0000	0.0000	0.0000	0.0000	0.0000	0.0000	0.0000	0.0000	0.0000	0.0000	0.0000	0.0000	0.0000	0.0000	0.0000	0.0000	0.0000	0.0000	0.0000											
54	128	0.2140	9	1	2	0	1	0	0	0	0	N	Y	N	N	N	N	N	N	N	N	N	N	0.0000	0.0000	0.0000	0.0000	0.0000	0.0000	0.0000	0.0000	0.0000	0.0000	0.0000	0.0000	0.0000	0.0000	0.0000	0.0000	0.0000	0.0000	0.0000	0.0000	0.0000	2.0107	0.0000	1.9995	0.0000	0.0000	0.0000	0.0000	0.0000	0.0000	0.0000	0.0000	0.0000	0.0000	0.0000	0.0000	0.0000	0.0000	0.0000	0.0000	0.0000	0.0000	0.0000	0.0000	0.0000	0.0000	0.0000	0.0000	0.0000	0.0000	0.0000	0.0000	0.0000	0.0000	0.0000	0.0000	0.0000	0.0000	0.0000	0.0000	0.0000	0.0000	0.0000	0.0000	0.0000	0.0000	0.0000	0.0000	0.0000	0.0000	0.0000	0.0000	0.0000	0.0000	0.0000	0.0000	0.0000	0.0000											
54	129	0.2018	8	1	2	0	1	0	0	0	0	N	Y	N	N	N	N	N	N	N	N	N	N	0.0000	0.0000	0.0000	0.0000	0.0000	0.0000	0.0000	0.0000	0.0000	0.0000	0.0000	0.0000	0.0000	0.0000	0.0000	0.0000	0.0000	0.0000	0.0000	0.0000	0.0000	5.6459	0.0000	1.1399	0.0000	0.0000	0.0000	0.0000	0.0000	0.0000	0.0000	0.0000	0.0000	0.0000	0.0000	0.0000	0.0000	0.0000	0.0000	0.0000	0.0000	0.0000	0.0000	0.0000	0.0000	0.0000	0.0000	0.0000	0.0000	0.0000	0.0000	0.0000	0.0000	0.0000	0.0000	0.0000	0.0000	0.0000	0.0000	0.0000	0.0000	0.0000	0.0000	0.0000	0.0000	0.0000	0.0000	0.0000	0.0000	0.0000	0.0000	0.0000	0.0000	0.0000	0.0000	0.0000	0.0000	0.0000											
54	130	0.1715	7	0	1	0	1	0	0	0	0	N	N	N	N	N	N	N	N	N	N	N	N	0.0000	0.0000	0.0000	0.0000	0.0000	0.0000	0.0000	0.0000	0.0000	0.0000	0.0000	0.0000	0.0000	0.0000	0.0000	0.0000	0.0000	0.0000	0.0000	0.0000	0.0000	11.6079	0.0000	5.3766	0.0000	0.0000	0.0000	0.0000	0.0000	0.0000	0.0000	0.0000	0.0000	0.0000	0.0000	0.0000	0.0000	0.0000	0.0000	0.0000	0.0000	0.0000	0.0000	0.0000	0.0000	0.0000	0.0000	0.0000	0.0000	0.0000	0.0000	0.0000	0.0000	0.0000	0.0000	0.0000	0.0000	0.0000	0.0000	0.0000	0.0000	0.0000	0.0000	0.0000	0.0000	0.0000	0.0000	0.0000	0.0000	0.0000	0.0000	0.0000	0.0000	0.0000	0.0000	0.0000	0.0000	0.0000											
54	131	0.1536	6	0	1	0	1	0	0	0	0	N	N	N	N	N	N	N	N	N	N	N	N	0.0000	0.0000	0.0000	0.0000	0.0000	0.0000	0.0000	0.0000	0.0000	0.0000	0.0000	0.0000	0.0000	0.0000	0.0000	0.0000	0.0000	0.0000	0.0000	0.0000	0.0000	3.9355	0.0000	8.7078	0.0000	0.0000	0.0000	0.0000	0.0000	0.0000	0.0000	0.0000	0.0000	0.0000	0.0000	0.0000	0.0000	0.0000	0.0000	0.0000	0.0000	0.0000	0.0000	0.0000	0.0000	0.0000	0.0000	0.0000	0.0000	0.0000	0.0000	0.0000	0.0000	0.0000	0.0000	0.0000	0.0000	0.0000	0.0000	0.0000	0.0000	0.0000	0.0000	0.0000	0.0000	0.0000	0.0000	0.0000	0.0000	0.0000	0.0000	0.0000	0.0000	0.0000	0.0000	0.0000	0.0000	0.0000											
54	132	0.1420	5	0	1	0	1	0	0	0	0	N	N	N	N	N	N	N	N	N	N	N	N	0.0000	0.0000	0.0000	0.0000	0.0000	0.0000	0.0000	0.0000	0.0000	0.0000	0.0000	0.0000	0.0000	0.0000	0.0000	0.0000	0.0000	0.0000	0.0000	0.0000	0.0000	6.2657	0.0000	3.9760	0.0000	0.0000	0.0000	0.0000	0.0000	0.0000	0.0000	0.0000	0.0000	0.0000	0.0000	0.0000	0.0000	0.0000	0.0000	0.0000	0.0000	0.0000	0.0000	0.0000	0.0000	0.0000	0.0000	0.0000	0.0000	0.0000	0.0000	0.0000	0.0000	0.0000	0.0000	0.0000	0.0000	0.0000	0.0000	0.0000	0.0000	0.0000	0.0000	0.0000	0.0000	0.0000	0.0000	0.0000	0.0000	0.0000	0.0000	0.0000	0.0000	0.0000	0.0000	0.0000	0.0000	0.0000											
55	59	0.7881	14	0	0	0	2	0	0	0	0	N	N	N	Y	N	N	N	N	N	N	N	N	0.0000	0.0000	0.0000	0.0000	0.0000	0.0000	0.0000	0.0000	0.0000	0.0000	0.0000	0.0000	0.0000	0.0000	0.0000	0.0000	0.0000	0.0000	0.0000	0.0000	1.2825	0.0000	0.1503	0.0000	0.0000	0.0000	0.0000	0.0000	0.0000	0.0000	0.0000	0.0000	0.0000	0.0000	0.0000	0.0000	0.0000	0.0000	0.0000	0.0000	0.0000	0.0000	0.0000	0.0000	0.0000	0.0000	0.0000	0.0000	0.0000	0.0000	0.0000	0.0000	0.0000	0.0000	0.0000	0.0000	0.0000	0.0000	0.0000	0.0000	0.0000	0.0000	0.0000	0.0000	0.0000	0.0000	0.0000	0.0000	0.0000	0.0000	0.0000	0.0000	0.0000	0.0000	0.0000	0.0000	0.0000	0.0000											
55	60	0.7107	13	0	0	0	2	0	0	0	0	N	N	N	Y	N	N	N	N	N	N	N	N	0.0463	10.7364	0.0000	4.6587	26.7740	0.0002	0.0063	10.3156	0.0000	0.0533	0.0581	0.0000	0.0861	0.0898	0.0000	0.0095	0.0110	0.0000	1.1504	0.0054	4.4309	0.0185	0.0034	0.1137	1.5074	0.0011	4.9862	0.0000	498.4462	-0.0020	0.0045	1.2825	19.3360	0.1503	7.9957	0.0068	0.0068	0.0000	0.0063	0.0063	0.0000	0.0005	0.0005	0.0000	0.0122	0.0000	0.0122	0.0001	0.0000	0.0001	0.0121	0.0000	0.0121	0.1277	0.1171	0.0106	0.0730	0.0700	0.0030	0.0546	0.0471	0.0076	0.0199	0.0133	0.0066	0.0086	0.0076	0.0010	0.0113	0.0057	0.0056	0.0866	31.5128	0.0000	7.7038	27.7977	0.0003	0.0088	927.8639	0.0000	0.6152	0.0018	1.8489	0.0112	0.0032	0.0707	1.0729	0.0000	2.1700
55	61	0.4007	11	0	1	1	1	0	0	0	0	N	N	N	N	N	N	N	N	N	N	N	N	0.0056	0.0025	0.6723	0.0058	0.0054	0.3042	0.0973	0.0007	0.4548	0.0000	0.0000	0.0000	0.0001	0.0001	0.0000	0.0000	0.0000	0.0000	0.0082	0.0200	0.0000	0.0176	0.0197	0.0001	0.0000	0.0003	0.0000	0.0326	0.0028	-0.0000	-0.0000	1.2825	14.2360	0.1503	11.9336	0.0000	0.0000	0.0000	0.0000	0.0000	0.0000	0.0000	0.0000	0.0000	0.0001	0.0001	0.0000	0.0001	0.0001	0.0000	0.0000	0.0000	0.0000	0.0996	0.0896	0.0101	0.0437	0.0411	0.0026	0.0559	0.0485	0.0075	0.0207	0.0127	0.0079	0.0055	0.0052	0.0004	0.0151	0.0076	0.0076	0.0158	0.0105	0.6723	0.0096	0.0093	0.3042	0.1334	0.2042	0.4548	0.0029	0.0047	0.0000	0.0107	0.0115	0.0001	0.0000	0.0000	0.0000
55	62	0.3285	11	1	0	1	1	0	0	0	0	N	N	N	N	N	N	N	N	N	N	N	N	0.0487	0.0358	449.5575	0.0743	0.0751	1107.9127	0.1745	0.0024	0.0000	0.0190	0.0208	0.0035	0.0442	0.0462	0.0140	0.0000	0.0000	0.0000	0.3902	0.5805	0.0000	0.5952	0.6148	0.0000	0.0000	0.0010	0.0000	0.0194	0.0001	-0.0009	-0.0005	1.2825	28.8660	0.1503	13.2209	0.0035	0.0034	0.0001	0.0035	0.0034	0.0001	0.0000	0.0000	0.0000	0.0009	0.0009	0.0000	0.0009	0.0009	0.0000	0.0000	0.0000	0.0000	0.1839	0.1650	0.0188	0.0790	0.0743	0.0047	0.1048	0.0908	0.0141	0.0313	0.0189	0.0124	0.0077	0.0072	0.0005	0.0236	0.0117	0.0119	0.6968	0.4597	449.5575	0.4003	0.3887	1107.9127	0.2370	0.2447	0.0000	0.0273	0.0452	0.0000	0.1105	0.1188	0.0000	0.0000	0.0000	0.0000
55	63	0.3258	10	1	1	0	1	0	0	0	0	N	N	N	N	N	N	N	N	N	N	N	N	0.0004	0.0004	0.0000	0.0009	0.0009	0.0000	0.0001	0.0050	0.0000	0.0000	0.0000	0.0000	0.0000	0.0000	0.0000	0.0000	0.0000	0.0000	0.0221	0.0248	0.0109	0.0228	0.0235	0.0125	0.0169	0.0005	0.0084	0.0000	0.7650	-0.0000	-0.0000	1.2825	5.0237	0.1503	8.0282	0.0000	0.0000	0.0000	0.0000	0.0000	0.0000	0.0000	0.0000	0.0000	0.0001	0.0000	0.0000	0.0000	0.0000	0.0000	0.0000	0.0000	0.0000	0.0362	0.0325	0.0037	0.0154	0.0144	0.0010	0.0208	0.0181	0.0027	0.0117	0.0073	0.0044	0.0032	0.0030	0.0002	0.0086	0.0043	0.0042	0.0017	0.0021	0.0000	0.0016	0.0017	0.0000	0.0006	1.0300	0.0000	0.0059	0.0053	0.0068	0.0130	0.0131	0.0125	0.0032	0.0000	0.0065
55	64	0.2628	9	1	1	0	1	0	0	0	0	N	N	N	N	N	N	N	N	N	N	N	N	0.0012	0.4575	0.0000	0.1240	0.9770	0.0000	0.0000	0.0030	0.0000	0.0013	0.0014	0.0000	0.0028	0.0029	0.0000	0.0000	0.0000	0.0000	1.0524	0.0031	3.5938	0.0222	0.0030	0.2938	1.2644	0.0060	3.7019	0.0000	550.4749	-0.0001	0.0045	1.2825	17.5893	0.1503	19.0270	0.0002	0.0002	0.0000	0.0002	0.0002	0.0000	0.0000	0.0000	0.0000	0.0122	0.0000	0.0122	0.0001	0.0000	0.0001	0.0121	0.0000	0.0121	0.1405	0.1269	0.0136	0.0655	0.0616	0.0039	0.0750	0.0653	0.0097	0.0300	0.0181	0.0119	0.0070	0.0065	0.0005	0.0230	0.0116	0.0114	0.0032	1.1666	0.0000	0.2151	0.9770	0.0000	0.0000	0.0767	0.0000	0.4072	0.0012	1.0228	0.0128	0.0030	0.1330	0.5276	0.0002	1.0641
55	65	0.2565	8	0	1	0	1	0	0	0	0	N	N	N	N	N	N	N	N	N	N	N	N	0.0124	0.0099	0.0703	0.0443	0.0319	2.0377	0.0020	0.0000	0.0662	0.0052	0.0057	0.0009	0.0120	0.0127	0.0005	0.0001	0.0000	0.0010	0.4185	0.5738	0.0127	0.2718	0.3990	0.0002	0.0683	0.3913	0.0154	0.0174	0.1046	-0.0000	-0.0001	1.2825	1.7566	0.1503	2.8742	0.0001	0.0001	0.0000	0.0001	0.0001	0.0000	0.0000	0.0000	0.0000	0.0002	0.0002	0.0000	0.0001	0.0001	0.0000	0.0000	0.0000	0.0000	0.0149	0.0134	0.0015	0.0063	0.0060	0.0004	0.0086	0.0075	0.0011	0.0057	0.0035	0.0022	0.0024	0.0018	0.0006	0.0033	0.0017	0.0016	0.1729	0.1277	0.1219	0.1968	0.1540	2.0377	0.0182	0.0012	0.1007	0.0300	0.0444	0.0073	0.0611	0.0826	0.0002	0.0077	0.0054	0.0101
55	66	0.4007	11	0	1	0	1	0	0	0	0	N	N	N	N	N	N	N	N	N	N	N	N	1010.8561	1996.9372	3489.5349	1523.9346	2068.4510	339.0431	430.8745	1.6063	4532.5402	0.0398	0.0063	0.3402	0.0133	0.0133	0.0136	0.0604	0.0004	0.4550	0.0000	0.0000	0.0001	0.0000	0.0000	0.0000	0.0001	0.0003	0.0001	6.0102	19.2206	0.0033	0.0000	1.2825	21.1811	0.1503	10.1862	0.0057	0.0008	0.0049	0.0008	0.0008	0.0001	0.0049	0.0000	0.0049	0.0000	0.0000	0.0000	0.0000	0.0000	0.0000	0.0000	0.0000	0.0000	0.1444	0.1299	0.0145	0.0631	0.0594	0.0038	0.0813	0.0706	0.0107	0.0244	0.0151	0.0094	0.0065	0.0061	0.0004	0.0179	0.0090	0.0089	1010.8561	1996.9372	3489.5349	1523.9346	2068.4510	339.0431	1193.7373	453.9914	4532.5402	0.0000	0.0000	0.0001	0.0000	0.0000	0.0000	0.0001	0.0000	0.0001
55	67	0.3869	10	0	1	0	1	0	0	0	0	N	N	N	N	N	N	N	N	N	N	N	N	0.5918	0.1154	170.5314	0.0218	0.0193	0.3904	131.5327	0.1327	1194.7854	0.0001	0.0000	0.0006	0.0000	0.0000	0.0000	0.0001	0.0000	0.0008	0.0001	0.0003	0.0000	0.0006	0.0006	0.0001	0.0000	0.0004	0.0000	2.0713	0.0091	0.0000	-0.0000	1.2825	7.4253	0.1503	0.9851	0.0000	0.0000	0.0000	0.0000	0.0000	0.0000	0.0000	0.0000	0.0000	0.0000	0.0000	0.0000	0.0000	0.0000	0.0000	0.0000	0.0000	0.0000	0.0533	0.0480	0.0054	0.0230	0.0216	0.0014	0.0303	0.0263	0.0040	0.0068	0.0042	0.0026	0.0018	0.0016	0.0001	0.0051	0.0025	0.0025	0.5918	0.1326	170.5314	0.0218	0.0193	0.3904	131.5327	31.2604	1194.7854	0.0001	0.0002	0.0000	0.0006	0.0006	0.0001	0.0000	0.0000	0.0000
55	68	0.2075	5	0	0	1	1	0	0	0	0	N	N	N	N	N	N	N	N	N	N	N	N	0.0205	0.0160	2.5070	0.0171	0.0182	0.1999	0.7010	0.1057	3.4812	0.0123	0.0129	0.0076	0.0174	0.0186	0.0001	0.0081	0.0077	0.0107	0.6014	0.8052	0.0030	1.0122	1.0233	0.0005	0.0116	0.0730	0.0031	0.0679	0.0238	-0.0004	-0.0008	1.2825	15.0354	0.1503	6.2061	0.0017	0.0016	0.0001	0.0011	0.0011	0.0000	0.0006	0.0005	0.0001	0.0013	0.0012	0.0000	0.0012	0.0012	0.0000	0.0000	0.0000	0.0000	0.1406	0.1261	0.0145	0.0643	0.0600	0.0043	0.0764	0.0661	0.0103	0.0233	0.0135	0.0098	0.0061	0.0057	0.0003	0.0173	0.0078	0.0095	0.2279	0.1409	2.5449	0.0861	0.0870	0.1999	3.3854	4.9095	3.4812	0.0541	0.0914	0.0030	0.2015	0.2136	0.0005	0.0024	0.0016	0.0031
55	69	0.1394	4	0	0	0	1	0	0	0	0	N	N	N	N	N	N	N	N	N	N	N	N	0.0474	0.0179	2.2430	0.0271	0.0290	0.6971	0.9691	1.7491	2.7427	0.0061	0.0061	0.0061	0.0064	0.0068	0.0010	0.0059	0.0057	0.0075	0.1289	0.3406	0.0027	0.2372	0.2330	0.0015	0.0061	0.0032	0.0027	0.1136	0.1068	-0.0003	-0.0003	1.2825	27.6811	0.1503	13.1592	0.0014	0.0012	0.0001	0.0006	0.0005	0.0000	0.0008	0.0007	0.0001	0.0005	0.0004	0.0000	0.0004	0.0004	0.0000	0.0000	0.0000	0.0000	0.2260	0.2028	0.0232	0.0859	0.0808	0.0051	0.1402	0.1220	0.0181	0.0391	0.0218	0.0172	0.0078	0.0075	0.0003	0.0313	0.0143	0.0170	0.4936	0.3055	2.2430	0.1152	0.1168	0.6971	3.8839	58.9150	2.7427	0.0124	0.0200	0.0027	0.0558	0.0579	0.0015	0.0015	0.0001	0.0027
55	71	0.3900	11	1	1	0	1	0	0	0	0	N	N	N	N	N	N	N	N	N	N	N	N	4861.1951	19380.1228	inf	inf	7183.0855	27340.5646	0.0007	0.0000	0.0073	0.0000	0.0000	0.0000	0.0013	0.0000	0.0100	0.0000	0.0000	0.0000	0.0000	0.0000	0.0000	0.0000	0.0000	0.0000	inf	inf	0.0001	0.0000	1.2825	17.5448	0.1503	6.0013	0.0001	0.0000	0.0001	0.0000	0.0000	0.0000	0.0001	0.0000	0.0001	0.0000	0.0000	0.0000	0.0000	0.0000	0.0000	0.0000	0.0000	0.0000	0.1230	0.1106	0.0123	0.0540	0.0506	0.0034	0.0690	0.0600	0.0090	0.0186	0.0114	0.0072	0.0048	0.0045	0.0003	0.0137	0.0069	0.0068	4861.1951	0.0000	19380.1228	inf	0.0000	inf	7183.0855	0.0000	27340.5646	0.0000	0.0000	0.0000	0.0000	0.0000	0.0000	0.0000	0.0000	0.0000			
55	72	0.4585	14	1	1	1	1	0	0	0	0	N	N	N	N	N	N	N	N	N	N	N	N	0.7541	0.7747	0.0000	0.8574	0.8449	0.0000	0.0000	0.0000	0.0000	0.0000	0.0000	0.0000	0.0000	0.0000	0.0000	0.0000	0.0000	0.0000	0.0000	0.0000	0.0000	0.0000	0.0000	0.0000	0.0000	0.0000	0.3511	-0.0000	-0.0000	1.2825	1.8980	0.1503	2.9698	0.0000	0.0000	0.0000	0.0000	0.0000	0.0000	0.0000	0.0000	0.0000	0.0000	0.0000	0.0000	0.0000	0.0000	0.0000	0.0000	0.0000	0.0000	0.0144	0.0129	0.0015	0.0073	0.0068	0.0005	0.0071	0.0061	0.0010	0.0057	0.0038	0.0018	0.0023	0.0022	0.0001	0.0033	0.0016	0.0017	0.7541	0.7747	0.0000	0.8574	0.8449	0.0000	0.0000	0.0000	0.0000	0.0000	0.0000	0.0000	0.0000	0.0000	0.0000	0.0000	0.0000	0.0000		
55	73	0.4389	13	1	0	1	1	0	0	0	0	N	N	N	N	N	N	N	N	N	N	N	N	0.0090	0.0091	0.0020	0.0539	0.0543	0.0027	0.0009	0.0001	0.0044	0.0002	0.0002	0.0000	0.0002	0.0003	0.0000	0.0000	0.0000	0.0000	0.0186	0.0200	0.0099	0.0046	0.0049	0.0008	0.0397	0.3690	0.0085	0.0112	0.6463	-0.0000	-0.0000	1.2825	3.5853	0.1503	4.3819	0.0000	0.0000	0.0000	0.0000	0.0000	0.0000	0.0000	0.0000	0.0000	0.0000	0.0000	0.0000	0.0000	0.0000	0.0000	0.0000	0.0000	0.0000	0.0572	0.0520	0.0053	0.0355	0.0330	0.0025	0.0217	0.0190	0.0027	0.0076	0.0051	0.0025	0.0025	0.0024	0.0001	0.0050	0.0027	0.0023	0.0323	0.0391	0.0032	0.0612	0.0631	0.0027	0.0059	0.0066	0.0056	0.0052	0.0047	0.0063	0.0041	0.0043	0.0008	0.0058	0.0050	0.0066
55	74	0.4074	12	1	0	1	1	0	0	0	0	N	N	N	N	N	N	N	N	N	N	N	N	87.1232	48.9142	111.2467	3.3740	3.4104	1.8087	187.9006	12.5899	240.1326	0.0423	0.0464	0.0052	0.0030	0.0032	0.0007	0.0749	0.0851	0.0069	0.0005	0.0009	0.0000	0.0009	0.0009	0.0004	0.0004	0.0068	0.0000	0.0123	0.0495	-0.0010	-0.0000	1.2825	12.3589	0.1503	7.3592	0.0037	0.0037	0.0000	0.0001	0.0001	0.0000	0.0036	0.0036	0.0000	0.0000	0.0000	0.0000	0.0000	0.0000	0.0000	0.0000	0.0000	0.0000	0.0886	0.0798	0.0088	0.0402	0.0377	0.0025	0.0484	0.0421	0.0063	0.0162	0.0103	0.0059	0.0045	0.0043	0.0003	0.0117	0.0061	0.0056	117.8481	86.1924	111.2467	3.3740	3.4104	1.8087	500.8681	325.3974	240.1326	0.0004	0.0005	0.0000	0.0009	0.0009	0.0004	0.0001	0.0003	0.0000
55	75	0.3900	11	1	0	1	1	0	0	0	0	N	N	N	N	N	N	N	N	N	N	N	N	5.5558	9.8037	0.0375	30.5049	31.6711	0.0522	0.0955	0.0175	0.0472	0.0013	0.0015	0.0000	0.0028	0.0030	0.0000	0.0001	0.0001	0.0000	0.0002	0.0001	0.0004	0.0001	0.0001	0.0001	0.0008	0.0049	0.0004	0.0011	1.5577	-0.0000	-0.0000	1.2825	10.2127	0.1503	1.0234	0.0001	0.0001	0.0000	0.0001	0.0001	0.0000	0.0000	0.0000	0.0000	0.0000	0.0000	0.0000	0.0000	0.0000	0.0000	0.0000	0.0000	0.0000	0.0750	0.0675	0.0076	0.0337	0.0316	0.0022	0.0413	0.0359	0.0054	0.0091	0.0056	0.0035	0.0023	0.0022	0.0002	0.0067	0.0034	0.0033	5.6225	9.8037	0.0375	30.5049	31.6711	0.0522	0.2731	0.4699	0.0472	0.0002	0.0001	0.0004	0.0001	0.0001	0.0001	0.0003	0.0002	0.0004
55	76	0.3869	10	1	0	0	1	0	0	0	0	N	N	N	N	N	N	N	N	N	N	N	N	0.6877	0.3747	inf	0.4053	0.3996	inf	inf	0.0000	0.0000	0.0000	0.0000	0.0000	0.0000	0.0000	0.0000	0.0000	0.0000	0.0000	0.0000	0.0000	0.0001	0.0000	0.0000	0.0000	0.0000	0.0267	0.0186	-0.0000	-0.0000	1.2825	3.7027	0.1503	0.0091	0.0000	0.0000	0.0000	0.0000	0.0000	0.0000	0.0000	0.0000	0.0000	0.0000	0.0000	0.0000	0.0000	0.0000	0.0000	0.0000	0.0000	0.0000	0.0278	0.0251	0.0028	0.0121	0.0114	0.0007	0.0157	0.0137	0.0021	0.0030	0.0019	0.0012	0.0008	0.0007	0.0001	0.0023	0.0011	0.0011	0.6877	0.4646	inf	0.4053	0.3996	0.0000	inf	0.0000	inf	0.0000	0.0000	0.0000	0.0000	0.0001	0.0000	0.0000	0.0000	0.0000		
55	77	0.3699	9	0	0	0	1	0	0	0	0	N	N	N	N	N	N	N	N	N	N	N	N	0.0445	2.6449	0.0000	0.0526	3.5327	0.0000	0.0000	0.0000	0.0000	0.0000	0.0000	0.0000	0.0000	0.0000	0.0000	0.0000	0.0000	0.0000	0.0002	0.0000	0.0005	0.0003	0.0000	0.0062	0.0003	0.0004	0.0002	0.0000	83.3556	-0.0000	0.0000	1.2825	3.8334	0.1503	6.1787	0.0000	0.0000	0.0000	0.0000	0.0000	0.0000	0.0000	0.0000	0.0000	0.0000	0.0000	0.0000	0.0000	0.0000	0.0000	0.0000	0.0000	0.0000	0.0368	0.0332	0.0036	0.0175	0.0164	0.0011	0.0194	0.0168	0.0025	0.0109	0.0069	0.0040	0.0034	0.0032	0.0002	0.0076	0.0037	0.0038	0.0445	2.6449	0.0000	0.0526	3.5327	0.0000	0.0000	0.0000	0.0000	0.0002	0.0000	0.0005	0.0003	0.0000	0.0062	0.0001	0.0000	0.0002
55	78	0.3308	8	0	0	0	1	0	0	0	0	N	N	N	N	N	N	N	N	N	N	N	N	0.0173	0.3828	0.0010	0.0270	0.3727	0.0000	0.0042	0.0026	0.0093	0.0001	0.0001	0.0000	0.0001	0.0001	0.0000	0.0000	0.0000	0.0000	0.0033	0.0002	0.0041	0.0045	0.0004	0.1088	0.0009	0.0014	0.0006	0.0069	12.2492	-0.0000	0.0000	1.2825	16.9094	0.1503	5.8161	0.0000	0.0000	0.0000	0.0000	0.0000	0.0000	0.0000	0.0000	0.0000	0.0000	0.0000	0.0000	0.0000	0.0000	0.0000	0.0000	0.0000	0.0000	0.1318	0.1186	0.0132	0.0597	0.0557	0.0040	0.0721	0.0629	0.0092	0.0235	0.0150	0.0085	0.0069	0.0065	0.0004	0.0166	0.0085	0.0082	0.0414	0.3850	0.0011	0.0305	0.3727	0.0000	0.0128	0.1700	0.0093	0.0014	0.0002	0.0036	0.0040	0.0004	0.0668	0.0003	0.0000	0.0006
55	79	0.2565	8	0	1	0	1	0	0	0	0	N	N	N	N	N	N	N	N	N	N	N	N	9.6625	0.0051	589506.5102	1.7275	1.6337	0.0000	5.1867	0.0000	860986.4897	0.2478	0.0006	2.4218	0.0014	0.0015	0.0000	0.4103	0.0000	3.1917	0.0256	0.1195	0.0000	0.0008	0.0009	0.0000	0.0791	0.7240	0.0000	454.3756	0.0003	0.0293	-0.0001	1.2825	23.9173	0.1503	17.8091	0.0413	0.0001	0.0412	0.0001	0.0001	0.0000	0.0412	0.0000	0.0412	0.0002	0.0002	0.0000	0.0000	0.0000	0.0000	0.0002	0.0002	0.0000	0.1666	0.1496	0.0170	0.0662	0.0621	0.0041	0.1004	0.0875	0.0129	0.0346	0.0208	0.0138	0.0087	0.0077	0.0010	0.0259	0.0132	0.0128	38.9815	0.0574	589506.5102	1.7275	1.6337	0.0000	49.9140	0.0000	860986.4897	0.0064	0.0106	0.0000	0.0008	0.0009	0.0000	0.0082	0.0162	0.0000
55	80	0.2404	7	0	1	0	1	0	0	0	0	N	N	N	N	N	N	N	N	N	N	N	N	0.0005	0.0000	4.2478	0.0005	0.0004	0.0335	0.0009	0.0000	5.1312	0.0001	0.0000	0.0010	0.0000	0.0000	0.0000	0.0002	0.0000	0.0013	0.2615	0.4793	0.0002	0.0776	0.1111	0.0001	0.1864	0.8442	0.0003	6.7529	0.0051	0.0000	-0.0001	1.2825	6.1279	0.1503	3.6878	0.0000	0.0000	0.0000	0.0000	0.0000	0.0000	0.0000	0.0000	0.0000	0.0002	0.0002	0.0000	0.0001	0.0001	0.0000	0.0001	0.0001	0.0000	0.0440	0.0394	0.0046	0.0174	0.0163	0.0011	0.0266	0.0231	0.0035	0.0098	0.0058	0.0039	0.0030	0.0024	0.0006	0.0068	0.0035	0.0033	0.0064	0.0006	4.2478	0.0013	0.0011	0.0335	0.0130	0.0000	5.1312	0.0185	0.0308	0.0002	0.0308	0.0391	0.0001	0.0131	0.0252	0.0003
55	81	0.3285	11	1	0	1	1	0	0	0	0	N	N	N	N	N	N	N	N	N	N	N	N	36.8260	123.8113	0.0059	0.6869	1.0767	0.0009	48.0835	5132.5292	0.0078	0.1130	0.1259	0.0000	0.0015	0.0016	0.0000	0.1973	0.2280	0.0000	0.0031	0.0010	0.0025	0.0022	0.0015	0.0116	0.0041	0.0000	0.0021	0.0000	2.9098	-0.0057	0.0000	1.2825	27.2690	0.1503	12.3406	0.0199	0.0199	0.0000	0.0001	0.0001	0.0000	0.0198	0.0198	0.0000	0.0000	0.0000	0.0000	0.0000	0.0000	0.0000	0.0000	0.0000	0.0000	0.1762	0.1581	0.0181	0.0758	0.0713	0.0046	0.1004	0.0869	0.0135	0.0299	0.0180	0.0118	0.0074	0.0069	0.0005	0.0225	0.0112	0.0113	84.9590	223.3860	0.0059	0.6869	1.0767	0.0009	187.6499	1957932.9694	0.0078	0.0013	0.0006	0.0025	0.0022	0.0015	0.0116	0.0011	0.0000	0.0021
55	82	0.3132	10	0	0	0	1	0	0	0	0	N	N	N	N	N	N	N	N	N	N	N	N	0.0376	0.0150	3.7509	0.0304	0.0230	3.7401	1.2122	0.1303	1.0643	0.0004	0.0004	0.0005	0.0005	0.0005	0.0013	0.0003	0.0003	0.0001	0.0104	0.0254	0.0001	0.0180	0.0214	0.0003	0.0002	0.0021	0.0001	0.1555	0.0143	-0.0000	-0.0000	1.2825	9.0798	0.1503	0.9519	0.0000	0.0000	0.0000	0.0000	0.0000	0.0000	0.0000	0.0000	0.0000	0.0000	0.0000	0.0000	0.0000	0.0000	0.0000	0.0000	0.0000	0.0000	0.0817	0.0726	0.0091	0.0379	0.0352	0.0028	0.0437	0.0374	0.0063	0.0089	0.0055	0.0034	0.0027	0.0024	0.0003	0.0062	0.0031	0.0031	0.1153	0.0705	3.7509	0.0503	0.0403	3.7401	3.2174	5.3582	1.0643	0.0034	0.0054	0.0001	0.0109	0.0122	0.0003	0.0001	0.0001	0.0001
55	83	0.2404	7	0	1	0	1	0	0	0	0	N	N	N	N	N	N	N	N	N	N	N	N	1.3767	0.5393	780263.2086	0.0090	0.0050	inf	743.8857	39.2957	947518.6190	0.2218	0.2095	0.3297	0.0023	0.0015	0.0140	0.3637	0.3541	0.4290	0.1611	0.3884	0.0000	0.2544	0.2973	0.0000	0.0005	0.0090	0.0000	0.1807	0.0000	-0.0043	-0.0003	1.2825	21.0000	0.1503	14.4214	0.0322	0.0273	0.0049	0.0001	0.0001	0.0000	0.0321	0.0272	0.0049	0.0004	0.0004	0.0000	0.0004	0.0004	0.0000	0.0000	0.0000	0.0000	0.1452	0.1302	0.0150	0.0570	0.0534	0.0036	0.0882	0.0768	0.0114	0.0300	0.0179	0.0121	0.0069	0.0061	0.0008	0.0230	0.0118	0.0113	16.0135	9.0316	780263.2086	0.0385	0.0224	inf	1994.0225	993.0093	947518.6190	0.0139	0.0232	0.0000	0.0592	0.0670	0.0000	0.0002	0.0004	0.0000
55	84	0.2981	11	0	0	1	1	0	0	0	0	N	N	N	N	N	N	N	N	N	N	N	N	0.3262	0.6941	0.0000	0.1670	0.1856	0.0000	0.4726	inf	0.0000	0.1480	0.1644	0.0000	0.0182	0.0194	0.0000	0.2391	0.2740	0.0000	0.4536	0.2369	0.3030	0.1087	0.1043	0.0395	0.5060	0.0000	0.2421	0.0000	2.6461	-0.0067	0.0001	1.2825	20.4085	0.1503	11.0867	0.0234	0.0234	0.0000	0.0012	0.0012	0.0000	0.0222	0.0222	0.0000	0.0009	0.0002	0.0006	0.0003	0.0002	0.0000	0.0006	0.0000	0.0006	0.1579	0.1420	0.0158	0.0651	0.0611	0.0040	0.0927	0.0809	0.0118	0.0260	0.0161	0.0099	0.0070	0.0064	0.0006	0.0190	0.0097	0.0093	4.3932	11.0072	0.0000	0.4862	0.5128	0.0000	7.3958	inf	0.0000	0.0337	0.0149	0.0640	0.0374	0.0378	0.0332	0.0323	0.0000	0.0660
55	85	0.2943	10	0	0	1	1	0	0	0	0	N	N	N	N	N	N	N	N	N	N	N	N	174.8931	231.7656	0.0354	319.4503	330.0624	0.1299	83.3170	1016.1932	0.0000	1.7069	1.9032	0.0002	2.5854	2.8010	0.0006	0.7958	0.9150	0.0000	0.0098	0.0082	0.0061	0.0081	0.0085	0.0044	0.0096	0.0009	0.0046	0.0000	1.0633	-0.0157	-0.0000	1.2825	3.1287	0.1503	1.1816	0.0546	0.0546	0.0000	0.0421	0.0421	0.0000	0.0125	0.0125	0.0000	0.0000	0.0000	0.0000	0.0000	0.0000	0.0000	0.0000	0.0000	0.0000	0.0320	0.0287	0.0033	0.0163	0.0150	0.0013	0.0157	0.0137	0.0020	0.0039	0.0024	0.0015	0.0011	0.0010	0.0001	0.0028	0.0014	0.0014	529.6601	753.0722	0.0494	427.3240	452.2596	0.1299	368.2067	112906.6347	0.0000	0.0032	0.0025	0.0043	0.0061	0.0062	0.0044	0.0022	0.0000	0.0043
55	86	0.2874	9	0	0	0	1	0	0	0	0	N	N	N	N	N	N	N	N	N	N	N	N	1.3663	1.1596	0.0024	2.0995	2.0037	0.0109	0.4988	0.5992	0.0000	0.0099	0.0110	0.0000	0.0177	0.0190	0.0000	0.0025	0.0029	0.0000	0.0072	0.0095	0.0023	0.0084	0.0095	0.0015	0.0051	0.0049	0.0024	0.0001	0.5146	-0.0001	-0.0000	1.2825	4.0532	0.1503	2.2470	0.0003	0.0003	0.0000	0.0003	0.0003	0.0000	0.0000	0.0000	0.0000	0.0000	0.0000	0.0000	0.0000	0.0000	0.0000	0.0000	0.0000	0.0000	0.0350	0.0315	0.0035	0.0170	0.0158	0.0012	0.0180	0.0157	0.0023	0.0058	0.0035	0.0022	0.0016	0.0015	0.0001	0.0042	0.0021	0.0021	3.7516	3.8693	0.0024	2.8551	2.8881	0.0109	1.9857	16.1882	0.0000	0.0026	0.0028	0.0023	0.0062	0.0066	0.0015	0.0013	0.0002	0.0024
55	87	0.2643	8	0	0	0	1	0	0	0	0	N	N	N	N	N	N	N	N	N	N	N	N	0.0010	0.0009	0.1439	0.0017	0.0016	0.2760	0.0001	0.0000	0.0000	0.0006	0.0007	0.0000	0.0012	0.0012	0.0000	0.0000	0.0000	0.0000	0.6053	0.7878	0.0001	0.6855	0.7643	0.0002	0.3302	1.0043	0.0001	0.0021	0.0007	-0.0000	-0.0005	1.2825	4.7288	0.1503	9.8540	0.0000	0.0000	0.0000	0.0000	0.0000	0.0000	0.0000	0.0000	0.0000	0.0008	0.0008	0.0000	0.0006	0.0006	0.0000	0.0002	0.0002	0.0000	0.0443	0.0403	0.0040	0.0227	0.0215	0.0012	0.0217	0.0188	0.0028	0.0151	0.0093	0.0058	0.0049	0.0042	0.0007	0.0102	0.0051	0.0050	0.0114	0.0077	0.1439	0.0094	0.0084	0.2760	0.0018	0.0011	0.0000	0.0547	0.0885	0.0001	0.1257	0.1479	0.0002	0.0204	0.0402	0.0001
55	88	0.2404	7	0	0	0	1	0	0	0	0	N	N	N	N	N	N	N	N	N	N	N	N	0.0025	0.0011	4.1854	0.0114	0.0087	0.0487	0.0021	0.0003	8.2103	0.0004	0.0004	0.0001	0.0007	0.0008	0.0000	0.0002	0.0002	0.0002	0.1638	0.3901	0.0000	0.0646	0.0898	0.0001	0.0898	0.7321	0.0000	0.0351	0.0009	-0.0000	-0.0001	1.2825	8.6320	0.1503	7.0881	0.0000	0.0000	0.0000	0.0000	0.0000	0.0000	0.0000	0.0000	0.0000	0.0002	0.0002	0.0000	0.0001	0.0001	0.0000	0.0001	0.0001	0.0000	0.0616	0.0551	0.0064	0.0243	0.0227	0.0016	0.0373	0.0324	0.0049	0.0146	0.0087	0.0059	0.0039	0.0033	0.0007	0.0107	0.0055	0.0052	0.0292	0.0188	4.1854	0.0260	0.0230	0.0487	0.0221	0.0115	8.2103	0.0139	0.0232	0.0000	0.0283	0.0342	0.0001	0.0086	0.0167	0.0000
55	89	0.3082	9	0	1	0	1	0	0	0	0	N	N	N	N	N	N	N	N	N	N	N	N	0.1380	0.0617	0.0317	0.2180	0.2091	0.0088	63.9785	19.7808	0.0399	0.0196	0.0217	0.0000	0.0369	0.0393	0.0000	0.0065	0.0075	0.0000	0.1417	0.3522	0.0001	0.1692	0.1879	0.0003	0.0001	0.0004	0.0001	0.0000	0.0028	-0.0007	-0.0002	1.2825	15.4622	0.1503	5.2688	0.0023	0.0023	0.0000	0.0019	0.0019	0.0000	0.0004	0.0004	0.0000	0.0002	0.0002	0.0000	0.0002	0.0002	0.0000	0.0000	0.0000	0.0000	0.1183	0.1065	0.0118	0.0509	0.0477	0.0031	0.0675	0.0588	0.0087	0.0189	0.0118	0.0070	0.0053	0.0048	0.0005	0.0136	0.0070	0.0065	1.4897	1.0402	0.0317	0.7929	0.7622	0.0088	163.6257	4647.7541	0.0399	0.0131	0.0209	0.0001	0.0465	0.0516	0.0003	0.0000	0.0000	0.0001
55	90	0.2964	8	0	0	0	1	0	0	0	0	N	N	N	N	N	N	N	N	N	N	N	N	0.0015	0.0011	1.2114	0.0034	0.0025	0.9385	0.0014	0.0007	0.7983	0.0008	0.0008	0.0007	0.0009	0.0008	0.0018	0.0007	0.0008	0.0003	0.5234	0.7006	0.0006	0.2587	0.3171	0.0019	0.5195	1.1818	0.0004	0.0992	0.0050	-0.0000	-0.0003	1.2825	7.5917	0.1503	1.5198	0.0000	0.0000	0.0000	0.0000	0.0000	0.0000	0.0000	0.0000	0.0000	0.0004	0.0004	0.0000	0.0002	0.0002	0.0000	0.0002	0.0002	0.0000	0.0621	0.0560	0.0061	0.0269	0.0253	0.0016	0.0352	0.0307	0.0045	0.0105	0.0067	0.0037	0.0035	0.0031	0.0005	0.0069	0.0036	0.0033	0.0185	0.0120	1.2114	0.0145	0.0118	0.9385	0.0215	0.0123	0.7983	0.0425	0.0658	0.0006	0.0600	0.0685	0.0019	0.0336	0.0635	0.0004
55	91	0.4057	12	1	0	1	1	0	0	0	0	N	N	N	N	N	N	N	N	N	N	N	N	0.0000	0.0000	0.0000	0.0000	0.0000	0.0000	0.0000	0.0000	0.0000	0.0000	0.0000	0.0000	0.0000	0.0000	0.0000	0.0000	0.0000	0.0000	0.0000	0.0000	1.2825	3.0317	0.1503	0.1644	0.0000	0.0000	0.0000	0.0000	0.0000	0.0000	0.0000	0.0000	0.0000	0.0000	0.0000	0.0000	0.0000	0.0000	0.0000	0.0000	0.0000	0.0000	0.0218	0.0197	0.0021	0.0101	0.0095	0.0006	0.0117	0.0101	0.0015	0.0025	0.0015	0.0010	0.0006	0.0006	0.0001	0.0019	0.0009	0.0009	0.0000	0.0000	0.0000	0.0000	0.0000	0.0000	0.0000	0.0000	0.0000	0.0000	0.0000	0.0000	0.0000	0.0000	0.0000	0.0000	0.0000	0.0000											
55	92	0.3999	11	1	0	1	1	0	0	0	0	N	N	N	N	N	N	N	N	N	N	N	N	1.2487	0.8703	0.0000	0.5742	0.5708	0.0000	3.9513	inf	0.0000	0.0001	0.0001	0.0000	0.0001	0.0001	0.0000	0.0000	0.0000	0.0000	0.0001	0.0001	0.0000	0.0002	0.0002	0.0000	0.0000	0.0000	0.0000	0.0000	0.0298	-0.0000	-0.0000	1.2825	2.6632	0.1503	1.0147	0.0000	0.0000	0.0000	0.0000	0.0000	0.0000	0.0000	0.0000	0.0000	0.0000	0.0000	0.0000	0.0000	0.0000	0.0000	0.0000	0.0000	0.0000	0.0259	0.0237	0.0022	0.0146	0.0138	0.0008	0.0113	0.0099	0.0014	0.0031	0.0019	0.0012	0.0008	0.0008	0.0001	0.0023	0.0012	0.0011	1.2487	0.8760	0.0000	0.5742	0.5708	0.0000	3.9513	inf	0.0000	0.0001	0.0001	0.0000	0.0002	0.0002	0.0000	0.0000	0.0000	0.0000
55	93	0.3166	10	1	0	1	1	0	0	0	0	N	N	N	N	N	N	N	N	N	N	N	N	3.3320	0.8616	0.1443	1.1005	1.0415	0.3269	308.4536	174.3481	0.0263	0.0931	0.1040	0.0000	0.0592	0.0629	0.0001	0.1218	0.1421	0.0000	0.0280	0.1207	0.0003	0.0538	0.0604	0.0004	0.0004	0.0008	0.0003	0.0000	0.0175	-0.0072	-0.0002	1.2825	35.0787	0.1503	12.2568	0.0249	0.0249	0.0000	0.0073	0.0072	0.0000	0.0177	0.0177	0.0000	0.0002	0.0002	0.0000	0.0002	0.0002	0.0000	0.0000	0.0000	0.0000	0.2675	0.2395	0.0280	0.1225	0.1152	0.0073	0.1450	0.1243	0.0207	0.0372	0.0227	0.0144	0.0101	0.0093	0.0008	0.0271	0.0135	0.0136	14.0473	9.7572	0.1443	2.4612	2.4066	0.3269	832.5532	21641.9077	0.0263	0.0066	0.0107	0.0003	0.0240	0.0261	0.0004	0.0001	0.0000	0.0003
55	94	0.3031	9	1	0	0	1	0	0	0	0	N	N	N	N	N	N	N	N	N	N	N	N	344.0077	90.9595	985.3987	2.5127	2.2380	34.5024	826.7540	46.3345	1608.8913	11.1657	12.5312	0.1173	0.0647	0.0672	0.0184	21.0419	25.0869	0.1451	0.0325	0.1378	0.0001	0.0257	0.0300	0.0005	0.0255	0.5414	0.0001	0.0012	0.0064	-0.2743	-0.0000	1.2825	8.4810	0.1503	2.3446	0.9592	0.9581	0.0011	0.0026	0.0026	0.0000	0.9566	0.9555	0.0011	0.0001	0.0001	0.0000	0.0000	0.0000	0.0000	0.0000	0.0000	0.0000	0.0859	0.0765	0.0094	0.0404	0.0384	0.0021	0.0455	0.0381	0.0074	0.0097	0.0060	0.0037	0.0027	0.0025	0.0002	0.0069	0.0035	0.0034	1572.5375	1098.5739	985.3987	4.5648	4.3424	34.5024	4899.8369	2961.5023	1608.8913	0.0071	0.0114	0.0001	0.0142	0.0155	0.0005	0.0043	0.0085	0.0001
55	95	0.2404	7	0	1	0	2	0	0	0	0	N	N	N	Y	N	N	N	N	N	N	N	N	0.4297	0.6180	0.7322	0.5294	0.7630	0.0000	0.5578	0.4551	0.9305	0.4329	0.2037	2.4364	0.0502	0.0535	0.0000	0.6797	0.3079	3.1991	1.0074	0.3296	3.3276	0.0947	0.0701	0.1376	1.2187	0.6767	3.4380	1.3683	28.1555	0.0207	0.0043	1.2825	24.0032	0.1503	22.6134	0.0713	0.0301	0.0412	0.0032	0.0032	0.0000	0.0681	0.0269	0.0412	0.0127	0.0004	0.0122	0.0003	0.0002	0.0001	0.0124	0.0002	0.0122	0.1647	0.1478	0.0169	0.0646	0.0606	0.0040	0.1001	0.0873	0.0129	0.0382	0.0229	0.0154	0.0086	0.0077	0.0009	0.0297	0.0152	0.0145	1.3055	10.7063	3.0607	1.4532	1.8230	0.0000	1.6285	22.3373	3.8117	0.3316	0.0190	0.7960	0.0345	0.0293	0.0799	0.4174	0.0138	0.8393
55	96	0.6578	11	0	1	0	1	0	0	0	0	N	N	N	N	N	N	N	N	N	N	N	N	0.0505	0.0317	0.2808	0.0529	0.0335	inf	0.0077	0.0000	0.0378	0.0000	0.0000	0.0000	0.0000	0.0000	0.0000	0.0000	0.0000	0.0000	0.0000	0.0000	0.0000	0.0000	0.0000	0.0000	0.0000	0.0003	0.0000	0.5238	0.2932	0.0000	-0.0000	1.2825	18.5150	0.1503	10.2301	0.0000	0.0000	0.0000	0.0000	0.0000	0.0000	0.0000	0.0000	0.0000	0.0000	0.0000	0.0000	0.0000	0.0000	0.0000	0.0000	0.0000	0.0000	0.1428	0.1301	0.0127	0.0801	0.0754	0.0048	0.0627	0.0548	0.0079	0.0234	0.0158	0.0076	0.0102	0.0089	0.0013	0.0133	0.0070	0.0063	0.0505	0.0317	0.2808	0.0529	0.0335	inf	0.0077	0.0000	0.0378	0.0000	0.0000	0.0000	0.0000	0.0000	0.0000	0.0000	0.0000	0.0000
55	97	0.2695	8	0	1	0	1	0	0	0	0	N	N	N	N	N	N	N	N	N	N	N	N	1.3045	0.5049	1174465.3588	1.1073	1.1214	inf	322900.0674	501.7277	1487790.3643	0.2494	0.2078	0.6263	0.3689	0.3922	0.0028	0.1718	0.0790	0.8200	0.1912	0.4116	0.0000	0.3332	0.3498	0.0000	0.0000	0.0002	0.0000	0.3331	0.0000	-0.0029	-0.0005	1.2825	46.1140	0.1503	26.4917	0.0766	0.0574	0.0191	0.0446	0.0446	0.0000	0.0320	0.0129	0.0191	0.0009	0.0009	0.0000	0.0008	0.0008	0.0000	0.0000	0.0000	0.0000	0.3070	0.2764	0.0305	0.1209	0.1137	0.0072	0.1861	0.1628	0.0233	0.0560	0.0340	0.0219	0.0122	0.0115	0.0007	0.0438	0.0226	0.0212	16.4262	8.3208	1174465.3588	5.2894	5.2956	inf	322900.0674	153662.1059	1487790.3643	0.0152	0.0250	0.0000	0.0697	0.0741	0.0000	0.0000	0.0000	0.0000
55	98	0.7107	13	0	1	0	1	0	0	0	0	N	N	N	N	N	N	N	N	N	N	N	N	16.7873	6.7598	2.5442	26.5966	22.8826	1.0901	0.0094	0.0000	3.5533	0.2670	0.2914	0.0000	0.4708	0.4913	0.0000	0.0000	0.0000	0.0000	0.0159	0.0431	0.0000	0.0177	0.0215	0.0000	0.0002	0.0046	0.0000	0.0000	0.0005	-0.0103	-0.0001	1.2825	20.7840	0.1503	8.9470	0.0360	0.0360	0.0000	0.0360	0.0360	0.0000	0.0000	0.0000	0.0000	0.0001	0.0001	0.0000	0.0001	0.0001	0.0000	0.0000	0.0000	0.0000	0.1348	0.1235	0.0113	0.0765	0.0733	0.0032	0.0583	0.0503	0.0081	0.0214	0.0143	0.0071	0.0092	0.0081	0.0011	0.0122	0.0062	0.0060	56.9435	41.5388	2.5442	43.6901	40.2097	1.0901	0.0244	0.0000	3.5533	0.0047	0.0070	0.0000	0.0108	0.0122	0.0000	0.0001	0.0002	0.0000
55	99	0.7058	12	0	0	0	1	0	0	0	0	N	N	N	N	N	N	N	N	N	N	N	N	2.6168	4.6180	0.0114	21.5401	21.0670	0.0667	0.0165	0.0089	0.0095	0.1843	0.1966	0.0003	0.2538	0.2612	0.0005	0.0025	0.0029	0.0003	0.0704	0.0426	0.0293	0.0118	0.0124	0.0076	0.1519	0.3273	0.0265	0.0001	1.2693	-0.0026	-0.0000	1.2825	2.7834	0.1503	1.0450	0.0092	0.0092	0.0000	0.0092	0.0092	0.0000	0.0000	0.0000	0.0000	0.0001	0.0000	0.0000	0.0000	0.0000	0.0000	0.0000	0.0000	0.0000	0.0499	0.0468	0.0031	0.0361	0.0351	0.0010	0.0138	0.0117	0.0021	0.0053	0.0033	0.0020	0.0024	0.0022	0.0001	0.0029	0.0010	0.0019	18.9065	28.3574	0.0233	31.4222	32.2254	0.0667	0.2258	0.6612	0.0170	0.0097	0.0069	0.0143	0.0081	0.0081	0.0076	0.0111	0.0044	0.0148
55	100	0.6958	11	0	0	0	1	0	0	0	0	N	N	N	N	N	N	N	N	N	N	N	N	8.5596	12.1554	2.1354	39.8634	43.2218	6.5563	0.0260	0.0041	0.4242	0.0582	0.0637	0.0095	0.0899	0.0971	0.0157	0.0003	0.0002	0.0016	0.0068	0.0052	0.0044	0.0023	0.0022	0.0024	0.0133	0.0401	0.0038	0.0168	1.1358	-0.0015	-0.0000	1.2825	7.6044	0.1503	2.7972	0.0055	0.0054	0.0001	0.0055	0.0054	0.0001	0.0000	0.0000	0.0000	0.0000	0.0000	0.0000	0.0000	0.0000	0.0000	0.0000	0.0000	0.0000	0.0944	0.0848	0.0096	0.0609	0.0556	0.0053	0.0334	0.0292	0.0042	0.0104	0.0067	0.0037	0.0044	0.0041	0.0003	0.0059	0.0025	0.0034	23.5331	35.3134	2.5755	39.8634	43.2218	6.5563	0.1313	0.1504	0.4242	0.0025	0.0018	0.0037	0.0023	0.0022	0.0024	0.0026	0.0011	0.0038
55	101	0.6462	10	0	0	0	1	0	0	0	0	N	N	N	N	N	N	N	N	N	N	N	N	1.4741	0.7062	20.0218	6.1887	2.2978	226.4411	0.1864	0.0310	0.0293	0.0073	0.0035	0.0464	0.0118	0.0047	0.1237	0.0016	0.0018	0.0001	0.0050	0.0050	0.0023	0.0019	0.0021	0.0005	0.0086	0.0586	0.0026	1.2976	0.6354	0.0003	-0.0000	1.2825	18.4780	0.1503	12.4520	0.0011	0.0005	0.0006	0.0010	0.0004	0.0006	0.0001	0.0001	0.0000	0.0000	0.0000	0.0000	0.0000	0.0000	0.0000	0.0000	0.0000	0.0000	0.1450	0.1321	0.0129	0.0814	0.0766	0.0048	0.0636	0.0555	0.0081	0.0235	0.0159	0.0076	0.0094	0.0085	0.0009	0.0140	0.0074	0.0067	3.7963	2.0073	20.0218	6.1887	2.2978	226.4411	0.8224	1.3144	0.0293	0.0019	0.0017	0.0023	0.0019	0.0021	0.0005	0.0019	0.0014	0.0026
55	102	0.2221	6	0	1	0	1	0	0	0	0	N	N	N	N	N	N	N	N	N	N	N	N	0.1316	0.1095	0.0015	0.0723	0.0770	0.0006	0.2134	0.1299	0.0008	0.1246	0.1402	0.0000	0.0185	0.0207	0.0000	0.2411	0.2729	0.0000	0.9467	1.2806	0.0011	0.2558	0.2689	0.0043	1.1297	2.1001	0.0009	0.0000	0.0017	-0.0129	-0.0081	1.2825	34.1922	0.1503	22.4626	0.0449	0.0449	0.0000	0.0035	0.0035	0.0000	0.0414	0.0414	0.0000	0.0130	0.0129	0.0000	0.0010	0.0010	0.0000	0.0120	0.0120	0.0000	0.3603	0.3202	0.0401	0.1886	0.1685	0.0201	0.1718	0.1517	0.0200	0.0542	0.0345	0.0196	0.0163	0.0150	0.0013	0.0379	0.0196	0.0183	0.5209	0.3745	0.0015	0.3110	0.3218	0.0006	0.7614	0.4459	0.0008	0.2392	0.3744	0.0011	0.0595	0.0643	0.0043	0.3166	0.6121	0.0009
55	103	0.1743	5	0	1	0	1	0	0	0	0	N	N	N	N	N	N	N	N	N	N	N	N	0.1681	0.1373	2.4107	0.0091	0.0094	0.5473	0.4642	0.2069	3.2300	0.1137	0.1256	0.0082	0.0102	0.0106	0.0028	0.1904	0.2176	0.0101	0.6765	0.9147	0.0034	1.1181	1.1340	0.0050	0.4102	1.0518	0.0031	0.0074	0.0188	-0.0062	-0.0014	1.2825	22.5884	0.1503	11.0115	0.0222	0.0220	0.0002	0.0008	0.0008	0.0000	0.0213	0.0212	0.0001	0.0023	0.0022	0.0000	0.0017	0.0017	0.0000	0.0006	0.0006	0.0000	0.1948	0.1751	0.0197	0.0828	0.0778	0.0050	0.1119	0.0973	0.0147	0.0322	0.0190	0.0132	0.0073	0.0069	0.0004	0.0249	0.0121	0.0128	1.6000	1.0611	2.5820	0.0440	0.0437	0.5473	7.8957	4.6842	3.2300	0.0711	0.1184	0.0032	0.2310	0.2436	0.0050	0.0241	0.0464	0.0031
55	106	0.3132	10	0	1	0	1	0	0	0	0	N	N	N	N	N	N	N	N	N	N	N	N	1269.3487	inf	70.4171	2791.4763	inf	0.0513	271.4927	inf	114.7816	0.0248	0.0273	0.0035	0.0421	0.0451	0.0000	0.0111	0.0121	0.0048	0.0000	0.0000	0.0000	0.0000	0.0000	0.0002	0.0000	0.0000	0.0000	0.0152	inf	-0.0010	0.0000	1.2825	20.0414	0.1503	7.0324	0.0038	0.0038	0.0001	0.0029	0.0029	0.0000	0.0010	0.0009	0.0001	0.0000	0.0000	0.0000	0.0000	0.0000	0.0000	0.0000	0.0000	0.0000	0.1540	0.1377	0.0163	0.0679	0.0634	0.0045	0.0861	0.0743	0.0118	0.0220	0.0134	0.0086	0.0059	0.0053	0.0005	0.0161	0.0080	0.0081	1269.3487	inf	70.4171	2791.4763	inf	0.0513	524.4405	inf	114.7816	0.0000	0.0000	0.0000	0.0000	0.0000	0.0002	0.0000	0.0000	0.0000
55	107	0.3031	9	0	0	0	1	0	0	0	0	N	N	N	N	N	N	N	N	N	N	N	N	1.0282	0.1889	3549.3910	1.2063	1.1046	237.6309	3.5341	0.0542	4837.3856	0.0642	0.0446	0.2213	0.0611	0.0625	0.0329	0.0671	0.0257	0.2735	0.0624	0.2359	0.0001	0.0506	0.0566	0.0001	0.0190	0.4736	0.0001	0.6207	0.0025	0.0005	-0.0000	1.2825	7.0315	0.1503	1.2144	0.0049	0.0030	0.0019	0.0022	0.0022	0.0001	0.0027	0.0008	0.0018	0.0001	0.0001	0.0000	0.0001	0.0001	0.0000	0.0000	0.0000	0.0000	0.0762	0.0677	0.0085	0.0365	0.0347	0.0018	0.0397	0.0330	0.0066	0.0076	0.0047	0.0029	0.0023	0.0021	0.0002	0.0053	0.0027	0.0027	6.8967	2.9937	3549.3910	2.6508	2.4722	237.6309	19.1735	3.7177	4837.3856	0.0093	0.0149	0.0001	0.0230	0.0253	0.0001	0.0035	0.0069	0.0001
55	108	0.2695	8	0	0	0	1	0	0	0	0	N	N	N	N	N	N	N	N	N	N	N	N	1994.3192	609.4454	42886.1706	76.0927	73.1807	117.6609	9362.9526	28.3885	104636.5652	0.0273	0.0155	0.1322	0.0034	0.0032	0.0054	0.0439	0.0246	0.1753	0.0000	0.0000	0.0000	0.0000	0.0000	0.0000	0.0000	0.0009	0.0000	0.9606	0.0944	0.0007	-0.0000	1.2825	16.2725	0.1503	4.4748	0.0033	0.0017	0.0016	0.0002	0.0001	0.0000	0.0032	0.0015	0.0016	0.0000	0.0000	0.0000	0.0000	0.0000	0.0000	0.0000	0.0000	0.0000	0.1214	0.1091	0.0123	0.0496	0.0465	0.0031	0.0718	0.0626	0.0092	0.0184	0.0114	0.0070	0.0042	0.0040	0.0002	0.0142	0.0074	0.0068	1994.3192	764.0256	42886.1706	76.0927	73.1807	117.6609	9362.9526	3293.9541	104636.5652	0.0000	0.0000	0.0000	0.0000	0.0000	0.0000	0.0000	0.0000	0.0000
55	109	0.3223	9	0	1	0	1	0	0	0	0	N	N	N	N	N	N	N	N	N	N	N	N	0.0208	0.0169	0.0092	4.0034	4.2844	0.0055	0.0279	0.0167	0.0000	0.0185	0.0206	0.0000	0.0023	0.0025	0.0000	0.0300	0.0343	0.0000	0.8905	1.2155	0.0001	0.0006	0.0006	0.0006	1.0768	2.0512	0.0001	0.0000	0.0002	-0.0015	-0.0052	1.2825	40.5309	0.1503	14.7974	0.0051	0.0051	0.0000	0.0003	0.0003	0.0000	0.0048	0.0048	0.0000	0.0083	0.0083	0.0000	0.0000	0.0000	0.0000	0.0083	0.0083	0.0000	0.2754	0.2482	0.0272	0.1142	0.1073	0.0069	0.1611	0.1409	0.0203	0.0450	0.0279	0.0171	0.0119	0.0108	0.0010	0.0331	0.0171	0.0161	0.1006	0.0692	0.0092	4.0034	4.2844	0.0055	0.1201	0.0707	0.0000	0.1842	0.2973	0.0001	0.0006	0.0006	0.0006	0.2500	0.4860	0.0001
55	110	0.2964	8	0	1	0	1	0	0	0	0	N	N	N	N	N	N	N	N	N	N	N	N	0.0014	0.0010	1.5022	0.0023	0.0018	2.7274	0.0017	0.0008	0.3735	0.0006	0.0006	0.0004	0.0005	0.0004	0.0013	0.0007	0.0008	0.0001	0.4448	0.6159	0.0003	0.1995	0.2227	0.0005	0.4287	1.0775	0.0002	0.0699	0.0030	-0.0000	-0.0003	1.2825	13.5236	0.1503	3.5331	0.0001	0.0001	0.0000	0.0000	0.0000	0.0000	0.0000	0.0000	0.0000	0.0006	0.0006	0.0000	0.0003	0.0003	0.0000	0.0003	0.0003	0.0000	0.1026	0.0924	0.0103	0.0430	0.0403	0.0027	0.0597	0.0521	0.0076	0.0169	0.0106	0.0063	0.0050	0.0045	0.0005	0.0119	0.0062	0.0057	0.0185	0.0121	1.5022	0.0090	0.0071	2.7274	0.0281	0.0165	0.3735	0.0331	0.0524	0.0003	0.0503	0.0563	0.0005	0.0258	0.0495	0.0002
55	111	0.2404	7	0	0	0	1	0	0	0	0	N	N	N	N	N	N	N	N	N	N	N	N	0.1420	0.0742	0.7351	0.8259	0.7409	4.4494	0.0002	0.0000	0.0000	0.0288	0.0321	0.0000	0.0733	0.0782	0.0000	0.0000	0.0000	0.0000	0.2030	0.4330	0.0000	0.0887	0.1055	0.0000	0.1279	0.7818	0.0000	0.0000	0.0002	-0.0010	-0.0003	1.2825	16.9399	0.1503	15.9768	0.0034	0.0034	0.0000	0.0034	0.0034	0.0000	0.0000	0.0000	0.0000	0.0004	0.0004	0.0000	0.0002	0.0002	0.0000	0.0002	0.0002	0.0000	0.1183	0.1061	0.0122	0.0465	0.0436	0.0029	0.0718	0.0625	0.0093	0.0281	0.0168	0.0113	0.0066	0.0058	0.0008	0.0215	0.0110	0.0105	1.8337	1.2218	0.7351	2.1765	2.0440	4.4494	0.0022	0.0013	0.0000	0.0157	0.0263	0.0000	0.0337	0.0383	0.0000	0.0102	0.0200	0.0000
55	112	0.3448	11	1	1	0	2	0	0	0	0	N	N	N	Y	N	N	N	N	N	N	N	N	0.0000	0.0000	0.0000	0.0000	0.0000	0.0000	0.0000	0.0000	0.0000	0.0000	0.0000	0.0000	0.0000	0.0001	0.0003	0.0000	0.0005	0.0005	0.0000	0.0000	0.0000	0.0000	0.0000	0.0000	-0.0000	1.2825	0.0019	0.1503	1.9928	0.0000	0.0000	0.0000	0.0000	0.0000	0.0000	0.0000	0.0000	0.0000	0.0000	0.0000	0.0000	0.0000	0.0000	0.0000	0.0000	0.0000	0.0000	0.0000	0.0000	0.0000	0.0000	0.0000	0.0000	0.0000	0.0000	0.0000	0.0016	0.0011	0.0006	0.0005	0.0004	0.0000	0.0012	0.0006	0.0005	0.0000	0.0000	0.0000	0.0000	0.0000	0.0000	0.0000	0.0000	0.0000	0.0001	0.0002	0.0000	0.0005	0.0005	0.0000	0.0000	0.0000	0.0000						
55	113	0.3212	10	1	1	0	2	0	0	0	0	N	N	N	Y	N	N	N	N	N	N	N	N	0.0002	0.0000	73.9119	0.0002	0.0000	58.7186	0.0017	0.0000	0.0255	0.0001	0.0000	0.0013	0.0003	0.0000	0.0050	0.0000	0.0000	0.0000	0.7014	0.9427	0.0000	1.3439	1.3956	0.0001	0.0000	0.0012	0.0000	452.0645	0.0001	0.0000	-0.0006	1.2825	8.6942	0.1503	6.0502	0.0000	0.0000	0.0000	0.0000	0.0000	0.0000	0.0000	0.0000	0.0000	0.0010	0.0010	0.0000	0.0010	0.0010	0.0000	0.0000	0.0000	0.0000	0.0670	0.0605	0.0065	0.0297	0.0280	0.0017	0.0373	0.0325	0.0049	0.0126	0.0078	0.0048	0.0034	0.0031	0.0003	0.0092	0.0047	0.0045	0.0016	0.0000	73.9119	0.0010	0.0000	58.7186	0.0031	0.0000	0.0255	0.0799	0.1287	0.0000	0.2984	0.3271	0.0001	0.0000	0.0000	0.0000
55	114	0.3423	14	0	1	0	2	0	0	0	0	N	N	N	Y	N	N	N	N	N	N	N	N	0.0000	0.0000	0.0000	0.0000	0.0000	0.0000	0.0000	0.0000	0.0000	0.0000	0.0000	0.0000	0.0000	0.0000	0.0000	0.0000	0.0000	0.0000	0.0000	0.0000	1.2825	0.0001	0.1503	0.0001	0.0000	0.0000	0.0000	0.0000	0.0000	0.0000	0.0000	0.0000	0.0000	0.0000	0.0000	0.0000	0.0000	0.0000	0.0000	0.0000	0.0000	0.0000	0.0000	0.0000	0.0000	0.0000	0.0000	0.0000	0.0000	0.0000	0.0000	0.0000	0.0000	0.0000	0.0000	0.0000	0.0000	0.0000	0.0000	0.0000	0.0000	0.0000	0.0000	0.0000	0.0000	0.0000	0.0000	0.0000	0.0000	0.0000	0.0000	0.0000	0.0000	0.0000	0.0000	0.0000	0.0000	0.0000											
55	115	0.3356	13	0	1	0	2	0	0	0	0	N	N	N	Y	N	N	N	N	N	N	N	N	371.3657	inf	0.0000	0.0921	inf	0.0000	inf	inf	0.0037	0.0041	0.0000	0.0000	0.0000	0.0000	0.0063	0.0072	0.0000	0.0000	0.0000	0.0000	0.0000	0.0000	0.0004	0.0000	0.0000	0.0000	0.0000	inf	-0.0000	0.0000	1.2825	3.0007	0.1503	1.0012	0.0001	0.0001	0.0000	0.0000	0.0000	0.0000	0.0001	0.0001	0.0000	0.0000	0.0000	0.0000	0.0000	0.0000	0.0000	0.0000	0.0000	0.0000	0.0218	0.0196	0.0022	0.0091	0.0085	0.0006	0.0127	0.0111	0.0017	0.0033	0.0021	0.0012	0.0009	0.0008	0.0001	0.0024	0.0013	0.0012	371.3657	inf	0.0000	0.0921	inf	0.0000	inf	inf	0.0000	0.0000	0.0000	0.0000	0.0000	0.0000	0.0004	0.0000	0.0000	0.0000	
55	116	0.3338	12	0	0	0	2	0	0	0	0	N	N	N	Y	N	N	N	N	N	N	N	N	0.1227	0.0805	0.0661	0.0643	inf	inf	0.0000	0.0000	0.0000	0.0000	0.0000	0.0000	0.0000	0.0000	0.0000	0.0000	0.0001	0.0000	0.0001	0.0001	0.0000	0.0000	0.0000	0.0000	0.0000	0.0061	-0.0000	-0.0000	1.2825	1.1177	0.1503	0.0023	0.0000	0.0000	0.0000	0.0000	0.0000	0.0000	0.0000	0.0000	0.0000	0.0000	0.0000	0.0000	0.0000	0.0000	0.0000	0.0000	0.0000	0.0000	0.0085	0.0076	0.0009	0.0037	0.0035	0.0002	0.0048	0.0042	0.0006	0.0009	0.0006	0.0004	0.0002	0.0002	0.0000	0.0007	0.0004	0.0003	0.1227	0.0854	0.0000	0.0661	0.0643	0.0000	inf	inf	0.0000	0.0000	0.0001	0.0000	0.0001	0.0001	0.0000	0.0000	0.0000	0.0000			
55	117	0.3308	8	0	1	0	1	0	0	0	0	N	N	N	N	N	N	N	N	N	N	N	N	0.2982	0.2535	0.0000	0.0007	0.0008	0.0000	1743.5568	105.4215	0.0000	0.1845	0.2050	0.0000	0.0008	0.0009	0.0000	0.3255	0.3727	0.0000	0.6189	0.8087	0.0000	1.0856	1.1076	0.0001	0.0002	0.0035	0.0000	0.0000	0.0001	-0.0118	-0.0017	1.2825	31.2782	0.1503	23.9277	0.0410	0.0410	0.0000	0.0001	0.0001	0.0000	0.0409	0.0409	0.0000	0.0027	0.0027	0.0000	0.0027	0.0027	0.0000	0.0000	0.0000	0.0000	0.2220	0.1998	0.0221	0.0964	0.0901	0.0062	0.1256	0.1097	0.0159	0.0465	0.0289	0.0175	0.0119	0.0112	0.0007	0.0346	0.0178	0.0168	3.2189	2.2272	0.0000	0.0036	0.0036	0.0000	4951.8556	3370.6657	0.0000	0.0573	0.0920	0.0000	0.2236	0.2381	0.0001	0.0001	0.0001	0.0000
55	118	0.3338	12	0	0	1	2	0	0	0	0	N	N	N	Y	N	N	N	N	N	N	N	N	inf	inf	inf	inf	0.0028	0.0031	0.0000	0.0000	0.0000	0.0000	0.0049	0.0056	0.0000	0.0000	0.0000	0.0000	0.0000	0.0000	0.0000	0.0000	0.0000	0.0000	0.0000	-0.0000	0.0000	1.2825	3.8827	0.1503	2.9998	0.0001	0.0001	0.0000	0.0000	0.0000	0.0000	0.0001	0.0001	0.0000	0.0000	0.0000	0.0000	0.0000	0.0000	0.0000	0.0000	0.0000	0.0000	0.0285	0.0256	0.0029	0.0120	0.0113	0.0008	0.0165	0.0143	0.0021	0.0056	0.0035	0.0021	0.0015	0.0014	0.0001	0.0041	0.0022	0.0020	inf	inf	0.0000	0.0000	0.0000	0.0000	inf	inf	0.0000	0.0000	0.0000	0.0000	0.0000	0.0000	0.0000	0.0000	0.0000	0.0000						
55	119	0.3309	11	0	0	0	2	0	0	0	0	N	N	N	Y	N	N	N	N	N	N	N	N	1.4673	inf	0.0000	inf	inf	0.0167	inf	0.0000	0.0000	0.0000	0.0000	0.0000	0.0000	0.0000	0.0000	0.0000	0.0000	0.0000	0.0000	0.0000	0.0000	0.0000	0.0000	0.0000	0.0000	0.0000	0.0000	inf	-0.0000	0.0000	1.2825	2.8083	0.1503	0.0030	0.0000	0.0000	0.0000	0.0000	0.0000	0.0000	0.0000	0.0000	0.0000	0.0000	0.0000	0.0000	0.0000	0.0000	0.0000	0.0000	0.0000	0.0000	0.0244	0.0220	0.0023	0.0112	0.0105	0.0007	0.0132	0.0115	0.0017	0.0023	0.0014	0.0009	0.0006	0.0006	0.0001	0.0017	0.0009	0.0008	1.4673	inf	0.0000	inf	inf	0.0000	0.0295	inf	0.0000	0.0000	0.0000	0.0000	0.0000	0.0000	0.0000	0.0000	0.0000	0.0000	
55	120	0.3309	11	0	0	1	2	0	0	0	0	N	N	N	Y	N	N	N	N	N	N	N	N	524.6852	inf	1984.6348	inf	inf	674.0524	2535.6138	0.0015	0.0000	0.0152	0.0000	0.0000	0.0000	0.0027	0.0000	0.0207	0.0000	0.0000	0.0000	0.0000	0.0000	0.0000	0.0000	0.0000	0.0000	347.4207	inf	0.0001	0.0000	1.2825	9.6158	0.1503	0.0030	0.0001	0.0000	0.0001	0.0000	0.0000	0.0000	0.0001	0.0000	0.0001	0.0000	0.0000	0.0000	0.0000	0.0000	0.0000	0.0000	0.0000	0.0000	0.0726	0.0653	0.0072	0.0311	0.0292	0.0019	0.0414	0.0361	0.0053	0.0079	0.0049	0.0030	0.0021	0.0019	0.0002	0.0058	0.0030	0.0028	524.6852	inf	1984.6348	inf	inf	0.0000	674.0524	0.0000	2535.6138	0.0000	0.0000	0.0000	0.0000	0.0000	0.0000	0.0000	0.0000	0.0000		
55	121	0.3212	10	0	0	0	2	0	0	0	0	N	N	N	Y	N	N	N	N	N	N	N	N	12.7500	53.2898	0.0004	91.8742	89.2234	0.0195	0.0000	0.0001	0.0006	0.0688	0.0758	0.0000	0.1428	0.1505	0.0000	0.0000	0.0000	0.0000	0.0054	0.0014	0.0059	0.0016	0.0017	0.0001	0.0103	0.0017	0.0048	0.0000	3.6119	-0.0007	0.0000	1.2825	4.2457	0.1503	2.0144	0.0025	0.0025	0.0000	0.0025	0.0025	0.0000	0.0000	0.0000	0.0000	0.0000	0.0000	0.0000	0.0000	0.0000	0.0000	0.0000	0.0000	0.0000	0.0356	0.0324	0.0033	0.0172	0.0163	0.0009	0.0185	0.0161	0.0024	0.0057	0.0035	0.0021	0.0016	0.0015	0.0001	0.0041	0.0021	0.0020	33.5697	106.1147	0.0006	91.8742	89.2234	0.0195	0.0002	0.0031	0.0006	0.0020	0.0007	0.0042	0.0016	0.0017	0.0001	0.0022	0.0000	0.0045
55	122	0.2791	9	0	0	0	2	0	0	0	0	N	N	N	Y	N	N	N	N	N	N	N	N	0.0011	0.0009	1.2351	0.0012	0.0012	3.6944	0.4492	0.0126	0.0000	0.0008	0.0009	0.0000	0.0018	0.0019	0.0001	0.0000	0.0000	0.0000	0.7059	0.9522	0.0000	1.5620	1.5525	0.0000	0.0000	0.0015	0.0000	0.0018	0.0001	-0.0000	-0.0011	1.2825	11.9190	0.1503	13.1740	0.0001	0.0001	0.0000	0.0001	0.0001	0.0000	0.0000	0.0000	0.0000	0.0017	0.0017	0.0000	0.0017	0.0017	0.0000	0.0000	0.0000	0.0000	0.0910	0.0820	0.0090	0.0381	0.0360	0.0022	0.0529	0.0460	0.0069	0.0210	0.0127	0.0083	0.0045	0.0043	0.0003	0.0165	0.0084	0.0081	0.0095	0.0064	1.2351	0.0048	0.0048	3.6944	0.8975	0.7386	0.0000	0.0806	0.1336	0.0000	0.3736	0.3972	0.0000	0.0000	0.0000	0.0000
55	123	0.7060	13	0	0	1	2	0	0	0	0	N	N	N	Y	N	N	N	N	N	N	N	N	0.3568	0.2904	96.9563	0.3901	0.3823	0.0000	33.3954	inf	285.8325	0.2483	0.2649	0.0062	0.3768	0.3907	0.0000	0.0012	0.0000	0.0097	0.6959	0.9123	0.0001	0.9659	1.0219	0.0003	0.0000	0.0000	0.0000	0.0016	0.0003	-0.0093	-0.0005	1.2825	12.8936	0.1503	4.1514	0.0324	0.0324	0.0001	0.0324	0.0324	0.0000	0.0001	0.0000	0.0001	0.0008	0.0008	0.0000	0.0008	0.0008	0.0000	0.0000	0.0000	0.0000	0.1305	0.1222	0.0084	0.0859	0.0828	0.0031	0.0446	0.0393	0.0053	0.0108	0.0071	0.0037	0.0044	0.0039	0.0005	0.0064	0.0032	0.0032	3.2164	2.2526	96.9563	1.9812	1.8295	0.0000	67.2962	inf	285.8325	0.0772	0.1176	0.0001	0.1902	0.2136	0.0003	0.0000	0.0000	0.0000
55	124	0.2944	10	0	1	0	1	0	0	0	0	N	N	N	N	N	N	N	N	N	N	N	N	0.0011	0.0005	0.0444	0.0012	0.0012	0.0000	3.8937	0.1897	0.0987	0.0002	0.0002	0.0000	0.0003	0.0003	0.0000	0.0001	0.0001	0.0000	0.1486	0.3724	0.0000	0.2515	0.2610	0.0004	0.0000	0.0004	0.0000	0.0009	0.0010	-0.0000	-0.0002	1.2825	12.7386	0.1503	8.7370	0.0000	0.0000	0.0000	0.0000	0.0000	0.0000	0.0000	0.0000	0.0000	0.0002	0.0002	0.0000	0.0002	0.0002	0.0000	0.0000	0.0000	0.0000	0.0939	0.0844	0.0095	0.0374	0.0352	0.0022	0.0564	0.0492	0.0073	0.0186	0.0112	0.0074	0.0043	0.0040	0.0002	0.0143	0.0072	0.0071	0.0118	0.0079	0.0444	0.0050	0.0050	0.0000	6.5306	43.3557	0.0987	0.0134	0.0222	0.0000	0.0584	0.0620	0.0004	0.0000	0.0000	0.0000
55	125	0.2791	9	0	1	0	1	0	0	0	0	N	N	N	N	N	N	N	N	N	N	N	N	13.9557	10.9403	0.1925	14.9757	23.7311	0.0007	10.5768	0.7970	1.6253	0.0240	0.0266	0.0001	0.0409	0.0433	0.0000	0.0112	0.0129	0.0002	0.0017	0.0024	0.0007	0.0027	0.0018	0.0176	0.0011	0.0161	0.0001	0.0005	0.4276	-0.0005	-0.0000	1.2825	8.6431	0.1503	1.4782	0.0016	0.0016	0.0000	0.0012	0.0012	0.0000	0.0004	0.0004	0.0000	0.0000	0.0000	0.0000	0.0000	0.0000	0.0000	0.0000	0.0000	0.0000	0.0686	0.0619	0.0067	0.0296	0.0280	0.0016	0.0390	0.0339	0.0051	0.0089	0.0054	0.0035	0.0020	0.0019	0.0001	0.0069	0.0035	0.0034	27.3523	26.1117	0.1925	14.9757	23.7311	0.0007	31.8898	21.6459	1.6253	0.0009	0.0010	0.0007	0.0027	0.0018	0.0176	0.0004	0.0006	0.0001
55	126	0.2695	8	0	0	0	1	0	0	0	0	N	N	N	N	N	N	N	N	N	N	N	N	3.3651	1.7478	46.8279	0.2552	0.1492	11.4044	237.8998	4.7886	22.8743	0.0017	0.0018	0.0009	0.0004	0.0002	0.0025	0.0028	0.0031	0.0003	0.0005	0.0010	0.0000	0.0014	0.0014	0.0002	0.0000	0.0006	0.0000	0.0561	0.0191	-0.0000	-0.0000	1.2825	4.1618	0.1503	2.0491	0.0001	0.0001	0.0000	0.0000	0.0000	0.0000	0.0001	0.0001	0.0000	0.0000	0.0000	0.0000	0.0000	0.0000	0.0000	0.0000	0.0000	0.0000	0.0379	0.0343	0.0037	0.0170	0.0160	0.0010	0.0209	0.0183	0.0026	0.0065	0.0042	0.0023	0.0017	0.0016	0.0001	0.0048	0.0026	0.0022	4.5433	3.1448	46.8279	0.2552	0.1492	11.4044	327.4050	738.8114	22.8743	0.0004	0.0006	0.0000	0.0014	0.0014	0.0002	0.0000	0.0000	0.0000
55	127	0.2404	7	0	0	0	1	0	0	0	0	N	N	N	N	N	N	N	N	N	N	N	N	0.0263	0.0119	45.7865	0.0901	0.0802	0.8319	0.0236	0.0081	71.2026	0.0041	0.0046	0.0001	0.0001	0.0001	0.0000	0.0067	0.0077	0.0001	0.1566	0.3859	0.0000	0.0014	0.0017	0.0000	0.2837	0.9543	0.0000	0.0023	0.0001	-0.0001	-0.0001	1.2825	9.4810	0.1503	7.4917	0.0003	0.0003	0.0000	0.0000	0.0000	0.0000	0.0003	0.0003	0.0000	0.0002	0.0002	0.0000	0.0000	0.0000	0.0000	0.0002	0.0002	0.0000	0.0675	0.0604	0.0070	0.0266	0.0249	0.0017	0.0409	0.0355	0.0053	0.0156	0.0093	0.0063	0.0041	0.0034	0.0007	0.0115	0.0059	0.0056	0.2989	0.1988	45.7865	0.0901	0.0802	0.8319	0.3685	0.2165	71.2026	0.0138	0.0230	0.0000	0.0014	0.0017	0.0000	0.0182	0.0355	0.0000
55	128	0.7183	14	1	1	0	1	0	0	0	0	N	N	N	N	N	N	N	N	N	N	N	N	inf	inf	inf	inf	inf	inf	0.0137	0.0151	0.0000	0.0234	0.0253	0.0000	0.0004	0.0005	0.0000	0.0000	0.0000	0.0000	0.0000	0.0000	0.0000	0.0000	0.0000	0.0000	0.0000	-0.0001	-0.0000	1.2825	2.0107	0.1503	1.9995	0.0002	0.0002	0.0000	0.0002	0.0002	0.0000	0.0000	0.0000	0.0000	0.0000	0.0000	0.0000	0.0000	0.0000	0.0000	0.0000	0.0000	0.0000	0.0150	0.0135	0.0015	0.0087	0.0080	0.0007	0.0063	0.0055	0.0008	0.0024	0.0016	0.0008	0.0010	0.0009	0.0001	0.0014	0.0007	0.0007	inf	inf	0.0000	inf	inf	0.0000	inf	inf	0.0000	0.0000	0.0000	0.0000	0.0000	0.0000	0.0000	0.0000	0.0000	0.0000				
55	129	0.7060	13	1	1	0	1	0	0	0	0	N	N	N	N	N	N	N	N	N	N	N	N	7485.0854	7004.5422	149.7602	4434.7972	5869.2097	65.6774	3621.0633	inf	8.2730	0.1386	0.1454	0.0030	0.1857	0.1901	0.0080	0.0090	0.0101	0.0000	0.0000	0.0000	0.0000	0.0000	0.0000	0.0001	0.0000	0.0000	0.0000	0.0010	0.5752	-0.0033	-0.0000	1.2825	5.6459	0.1503	1.1399	0.0115	0.0115	0.0000	0.0113	0.0113	0.0000	0.0002	0.0002	0.0000	0.0000	0.0000	0.0000	0.0000	0.0000	0.0000	0.0000	0.0000	0.0000	0.0830	0.0790	0.0040	0.0609	0.0594	0.0015	0.0222	0.0197	0.0025	0.0044	0.0029	0.0015	0.0018	0.0016	0.0002	0.0026	0.0013	0.0013	7485.0854	8138.2518	149.7602	4434.7972	5869.2097	65.6774	3621.0633	inf	8.2730	0.0000	0.0000	0.0000	0.0000	0.0000	0.0001	0.0000	0.0000	0.0000
55	130	0.6757	12	0	0	0	1	0	0	0	0	N	N	N	N	N	N	N	N	N	N	N	N	215.9004	126.4324	0.5828	221.9147	219.5780	0.3935	0.6716	0.0361	0.0565	0.1172	0.1288	0.0000	0.2048	0.2194	0.0001	0.0000	0.0000	0.0000	0.0005	0.0010	0.0001	0.0009	0.0010	0.0002	0.0001	0.0013	0.0000	0.0000	0.0480	-0.0033	-0.0000	1.2825	11.6079	0.1503	5.3766	0.0114	0.0114	0.0000	0.0114	0.0114	0.0000	0.0000	0.0000	0.0000	0.0000	0.0000	0.0000	0.0000	0.0000	0.0000	0.0000	0.0000	0.0000	0.0971	0.0883	0.0087	0.0555	0.0519	0.0037	0.0415	0.0365	0.0050	0.0132	0.0086	0.0046	0.0053	0.0048	0.0005	0.0079	0.0038	0.0041	302.1239	227.1377	0.5828	221.9147	219.5780	0.3935	1.4645	2.5062	0.0565	0.0004	0.0006	0.0001	0.0009	0.0010	0.0002	0.0000	0.0000	0.0000
55	131	0.6578	11	0	0	0	1	0	0	0	0	N	N	N	N	N	N	N	N	N	N	N	N	0.0033	0.0021	0.1919	0.0128	0.0110	0.3516	0.0201	0.0008	0.0951	0.0008	0.0009	0.0001	0.0014	0.0014	0.0001	0.0001	0.0001	0.0000	0.2532	0.4348	0.0004	0.1066	0.1312	0.0004	0.0053	0.1389	0.0004	0.0088	0.0078	-0.0000	-0.0001	1.2825	3.9355	0.1503	8.7078	0.0000	0.0000	0.0000	0.0000	0.0000	0.0000	0.0000	0.0000	0.0000	0.0002	0.0002	0.0000	0.0002	0.0002	0.0000	0.0000	0.0000	0.0000	0.0379	0.0346	0.0033	0.0218	0.0205	0.0013	0.0161	0.0141	0.0020	0.0128	0.0087	0.0041	0.0061	0.0051	0.0009	0.0067	0.0035	0.0032	0.0460	0.0341	0.1919	0.0372	0.0335	0.3516	0.0805	0.0542	0.0951	0.0181	0.0265	0.0004	0.0367	0.0431	0.0004	0.0013	0.0021	0.0004
55	132	0.6462	10	0	0	0	1	0	0	0	0	N	N	N	N	N	N	N	N	N	N	N	N	0.0047	0.0032	0.0832	0.0093	0.0093	0.0355	0.0970	0.0048	0.0833	0.0013	0.0014	0.0004	0.0012	0.0012	0.0010	0.0014	0.0016	0.0001	0.2750	0.4310	0.0051	0.1274	0.1286	0.0271	0.0149	0.3389	0.0010	0.0300	0.0697	-0.0000	-0.0001	1.2825	6.2657	0.1503	3.9760	0.0001	0.0001	0.0000	0.0000	0.0000	0.0000	0.0000	0.0000	0.0000	0.0002	0.0002	0.0000	0.0002	0.0002	0.0000	0.0000	0.0000	0.0000	0.0580	0.0528	0.0051	0.0334	0.0314	0.0020	0.0246	0.0214	0.0031	0.0096	0.0066	0.0030	0.0041	0.0037	0.0004	0.0055	0.0029	0.0027	0.0677	0.0528	0.1080	0.0288	0.0280	0.0379	0.4986	0.3528	0.0833	0.0191	0.0261	0.0039	0.0411	0.0427	0.0253	0.0029	0.0047	0.0010
55	133	0.5689	9	0	0	0	1	0	0	0	0	N	N	N	N	N	N	N	N	N	N	N	N	0.1801	0.1518	0.4502	0.0076	0.0078	0.2756	44.1130	3.0496	0.1198	0.0953	0.1050	0.0004	0.0046	0.0049	0.0010	0.1944	0.2223	0.0001	0.5293	0.6915	0.0009	0.6084	0.6276	0.0037	0.0044	0.0729	0.0006	0.0004	0.0069	-0.0056	-0.0011	1.2825	26.7012	0.1503	18.2690	0.0194	0.0194	0.0000	0.0005	0.0005	0.0000	0.0189	0.0189	0.0000	0.0018	0.0018	0.0000	0.0018	0.0017	0.0000	0.0000	0.0000	0.0000	0.2033	0.1846	0.0187	0.1061	0.0996	0.0065	0.0971	0.0850	0.0122	0.0414	0.0278	0.0136	0.0157	0.0145	0.0012	0.0257	0.0133	0.0124	2.2162	1.6500	0.4502	0.0415	0.0405	0.2756	174.9979	143.0941	0.1198	0.0430	0.0636	0.0009	0.1118	0.1205	0.0037	0.0011	0.0016	0.0006
55	134	0.3308	8	0	0	0	1	0	0	0	0	N	N	N	N	N	N	N	N	N	N	N	N	4.3984	1.2452	4.2033	0.0028	0.0030	0.0002	340.6426	48.6528	22.8540	0.1064	0.1175	0.0041	0.0002	0.0002	0.0000	0.1833	0.2085	0.0055	0.0242	0.0944	0.0010	0.0563	0.0565	0.0185	0.0005	0.0043	0.0002	0.0038	0.0643	-0.0118	-0.0003	1.2825	61.4372	0.1503	55.8589	0.0418	0.0417	0.0002	0.0000	0.0000	0.0000	0.0418	0.0416	0.0002	0.0005	0.0005	0.0000	0.0005	0.0005	0.0000	0.0000	0.0000	0.0000	0.3928	0.3545	0.0382	0.1649	0.1549	0.0100	0.2279	0.1996	0.0283	0.0834	0.0516	0.0318	0.0201	0.0188	0.0013	0.0633	0.0328	0.0305	17.3371	12.6037	4.2033	0.0063	0.0066	0.0002	933.3481	1355.0162	22.8540	0.0061	0.0093	0.0010	0.0248	0.0253	0.0185	0.0002	0.0002	0.0002
55	135	0.2404	7	0	0	0	1	0	0	0	0	N	N	N	N	N	N	N	N	N	N	N	N	0.0716	0.0170	0.0000	0.6971	0.6322	0.0000	0.0005	0.0000	0.0000	0.0018	0.0020	0.0000	0.0045	0.0048	0.0000	0.0000	0.0000	0.0000	0.0247	0.1160	0.0000	0.0064	0.0076	0.0001	0.0513	0.6594	0.0000	0.0000	0.0007	-0.0001	-0.0002	1.2825	31.7621	0.1503	18.5886	0.0004	0.0004	0.0000	0.0004	0.0004	0.0000	0.0000	0.0000	0.0000	0.0003	0.0003	0.0000	0.0000	0.0000	0.0000	0.0002	0.0002	0.0000	0.2139	0.1921	0.0218	0.0836	0.0785	0.0051	0.1303	0.1136	0.0166	0.0409	0.0245	0.0164	0.0091	0.0082	0.0009	0.0318	0.0163	0.0155	0.2840	0.1892	0.0000	0.8838	0.8501	0.0000	0.0036	0.0021	0.0000	0.0062	0.0104	0.0000	0.0051	0.0056	0.0001	0.0066	0.0128	0.0000
56	59	0.7854	13	0	0	0	2	0	0	0	0	N	N	N	Y	N	N	N	N	N	N	N	N	0.0000	0.0000	0.0000	0.0000	0.0000	0.0000	0.0000	0.0000	0.0000	0.0000	0.0000	0.0000	0.0000	0.0000	0.0000	0.0000	0.0000	0.0000	0.0000	0.0000	14.8542	0.0000	6.8183	0.0000	0.0000	0.0000	0.0000	0.0000	0.0000	0.0000	0.0000	0.0000	0.0000	0.0000	0.0000	0.0000	0.0000	0.0000	0.0000	0.0000	0.0000	0.0000	0.0000	0.0000	0.0000	0.0000	0.0000	0.0000	0.0000	0.0000	0.0000	0.0000	0.0000	0.0000	0.0000	0.0000	0.0000	0.0000	0.0000	0.0000	0.0000	0.0000	0.0000	0.0000	0.0000	0.0000	0.0000	0.0000	0.0000	0.0000	0.0000	0.0000	0.0000	0.0000	0.0000	0.0000	0.0000	0.0000											
56	60	0.7080	12	0	0	0	2	0	0	0	0	N	N	N	Y	N	N	N	N	N	N	N	N	0.0110	5.0791	0.0005	6.5484	19.5521	0.8096	0.0009	0.2567	0.0000	0.0323	0.0351	0.0069	0.0715	0.0737	0.0311	0.0045	0.0052	0.0001	2.9361	0.0069	14.6511	0.0109	0.0038	0.0385	5.1415	0.0203	17.8207	0.0218	1971.9342	-0.0102	0.3589	14.8542	19.3360	6.8183	7.9957	0.0382	0.0374	0.0008	0.0350	0.0342	0.0008	0.0031	0.0031	0.0000	0.9669	0.0005	0.9664	0.0011	0.0004	0.0007	0.9658	0.0001	0.9658	1.1810	1.0636	0.1174	0.4904	0.4647	0.0258	0.6906	0.5990	0.0916	0.3293	0.2187	0.1106	0.1415	0.1215	0.0200	0.1878	0.0972	0.0906	0.0110	15.6798	0.0008	9.3814	21.2597	0.9490	0.0009	7.3542	0.0000	2.9361	0.0022	8.7368	0.0076	0.0035	0.0328	5.1415	0.0007	10.6589
56	61	0.3979	10	0	1	1	1	0	0	0	0	N	N	N	N	N	N	N	N	N	N	N	N	5.9517	2.3814	87.1417	11.0103	6.1615	2001.8822	0.0649	0.0000	0.9616	0.0110	0.0073	0.0425	0.0273	0.0172	0.2100	0.0001	0.0000	0.0005	0.0019	0.0031	0.0005	0.0025	0.0028	0.0001	0.0011	0.0050	0.0005	0.6795	0.2739	0.0013	-0.0001	14.8542	14.2360	6.8183	11.9336	0.0113	0.0067	0.0046	0.0112	0.0067	0.0045	0.0000	0.0000	0.0000	0.0003	0.0002	0.0001	0.0002	0.0002	0.0000	0.0001	0.0000	0.0001	1.0247	0.9171	0.1076	0.4123	0.3908	0.0216	0.6123	0.5263	0.0860	0.3085	0.1832	0.1253	0.0819	0.0723	0.0096	0.2266	0.1109	0.1157	11.9703	6.0248	87.1417	11.0103	6.1615	2001.8822	0.1960	0.0006	0.9616	0.0009	0.0012	0.0005	0.0025	0.0028	0.0001	0.0004	0.0002	0.0005
56	62	0.3257	10	1	0	1	1	0	0	0	0	N	N	N	N	N	N	N	N	N	N	N	N	15.5055	11.0203	0.0435	62.8553	63.0503	0.0560	0.1461	0.0123	0.0491	0.2787	0.3128	0.0002	0.7016	0.7530	0.0004	0.0035	0.0040	0.0002	0.0180	0.0284	0.0053	0.0112	0.0119	0.0063	0.0240	0.3266	0.0038	0.0001	0.4715	-0.1577	-0.0008	14.8542	28.8660	6.8183	13.2209	0.5494	0.5494	0.0000	0.5452	0.5452	0.0000	0.0042	0.0042	0.0000	0.0026	0.0018	0.0008	0.0010	0.0009	0.0001	0.0016	0.0008	0.0007	1.9716	1.7562	0.2154	0.7772	0.7241	0.0531	1.1945	1.0322	0.1623	0.5110	0.3050	0.2060	0.1343	0.1197	0.0146	0.3766	0.1853	0.1913	55.0403	54.2661	0.0570	91.1059	95.6943	0.0560	0.8509	0.9147	0.0491	0.0051	0.0058	0.0040	0.0077	0.0079	0.0063	0.0041	0.0044	0.0038
56	63	0.3230	9	1	1	0	1	0	0	0	0	N	N	N	N	N	N	N	N	N	N	N	N	0.0064	1.0152	0.0026	0.4272	2.2793	0.0261	0.0006	0.0319	0.0001	0.0011	0.0012	0.0002	0.0026	0.0027	0.0011	0.0002	0.0002	0.0000	0.1646	0.0011	0.0919	0.0060	0.0012	0.0426	0.2673	0.0059	0.0766	0.0251	36.3334	-0.0001	0.0008	14.8542	5.0237	6.8183	8.0282	0.0004	0.0004	0.0000	0.0004	0.0003	0.0000	0.0000	0.0000	0.0000	0.0024	0.0001	0.0024	0.0002	0.0001	0.0002	0.0022	0.0000	0.0022	0.3672	0.3276	0.0396	0.1360	0.1276	0.0084	0.2311	0.2000	0.0312	0.1763	0.1068	0.0695	0.0488	0.0435	0.0053	0.1276	0.0633	0.0642	0.0761	1.8809	0.0070	0.5309	2.2793	0.0317	0.0094	0.8097	0.0002	0.0139	0.0006	0.0343	0.0049	0.0012	0.0351	0.0173	0.0002	0.0342
56	64	0.2600	8	1	1	0	1	0	0	0	0	N	N	N	N	N	N	N	N	N	N	N	N	0.0493	6.3698	0.0000	9.5207	15.8692	0.0019	0.0012	0.0412	0.0000	0.1005	0.1108	0.0000	0.2133	0.2242	0.0001	0.0032	0.0037	0.0000	2.0401	0.0174	9.5526	0.0224	0.0141	0.0570	2.6783	0.0899	11.1229	0.0000	795.0346	-0.0448	0.3577	14.8542	17.5893	6.8183	19.0270	0.1559	0.1559	0.0000	0.1532	0.1532	0.0000	0.0027	0.0027	0.0000	0.9658	0.0012	0.9646	0.0015	0.0009	0.0006	0.9643	0.0003	0.9640	1.5515	1.4064	0.1451	0.7184	0.6833	0.0351	0.8331	0.7231	0.1100	0.4734	0.2817	0.1917	0.1134	0.1006	0.0128	0.3601	0.1811	0.1790	0.0493	25.7356	0.0000	16.6121	25.1466	0.0025	0.0012	2.1203	0.0000	2.0401	0.0043	5.0310	0.0128	0.0089	0.0438	2.6783	0.0017	5.3865
56	65	0.2537	7	0	1	0	1	0	0	0	0	N	N	N	N	N	N	N	N	N	N	N	N	0.8913	0.8311	0.1291	2.3423	1.9836	5.4678	0.0209	0.0158	0.0058	0.6052	0.6720	0.0154	1.5521	1.6324	0.0752	0.0111	0.0126	0.0009	0.6790	0.8086	0.1194	0.6627	0.8229	0.0137	0.5301	0.8006	0.1541	0.0026	0.2689	-0.0266	-0.0028	14.8542	1.7566	6.8183	2.8742	0.0934	0.0932	0.0002	0.0924	0.0922	0.0002	0.0010	0.0010	0.0000	0.0066	0.0052	0.0014	0.0048	0.0046	0.0001	0.0019	0.0006	0.0013	0.1544	0.1387	0.0157	0.0595	0.0565	0.0031	0.0949	0.0822	0.0126	0.0923	0.0569	0.0354	0.0393	0.0288	0.0105	0.0530	0.0281	0.0249	8.4160	7.3062	0.3881	12.7661	10.1410	5.4678	0.3159	0.5971	0.0178	0.0719	0.0920	0.0397	0.1216	0.1610	0.0137	0.0350	0.0211	0.0507
56	66	0.3979	10	0	1	0	1	0	0	0	0	N	N	N	N	N	N	N	N	N	N	N	N	432.0677	9609.6401	18.6648	8.6449	69.5816	1.2662	464.2318	761.1457	31.4788	0.6813	0.7565	0.0354	0.0101	0.0100	0.0112	1.1297	1.3050	0.0415	0.0016	0.0001	0.0019	0.0012	0.0001	0.0088	0.0024	0.0017	0.0013	0.0054	16.8013	-0.2845	0.0001	14.8542	21.1811	6.8183	10.1862	1.0100	1.0045	0.0055	0.0060	0.0056	0.0003	1.0040	0.9989	0.0051	0.0003	0.0000	0.0003	0.0001	0.0000	0.0001	0.0002	0.0000	0.0002	1.4825	1.3278	0.1546	0.5937	0.5624	0.0313	0.8888	0.7654	0.1234	0.3645	0.2165	0.1480	0.0964	0.0850	0.0114	0.2681	0.1315	0.1367	835.3826	9807.2031	18.6648	8.6449	69.5816	1.2662	1640.2958	38722.3354	31.4788	0.0008	0.0001	0.0019	0.0012	0.0001	0.0088	0.0007	0.0000	0.0013
56	67	0.3841	9	0	1	0	1	0	0	0	0	N	N	N	N	N	N	N	N	N	N	N	N	0.4789	0.2271	4.7014	0.0712	0.0414	8.1387	5.1619	0.4333	1.1847	0.0006	0.0007	0.0003	0.0002	0.0001	0.0014	0.0009	0.0011	0.0001	0.0014	0.0030	0.0001	0.0027	0.0031	0.0002	0.0002	0.0025	0.0001	0.0556	0.0403	-0.0001	-0.0000	14.8542	7.4253	6.8183	0.9851	0.0004	0.0003	0.0000	0.0000	0.0000	0.0000	0.0003	0.0003	0.0000	0.0001	0.0001	0.0000	0.0001	0.0001	0.0000	0.0000	0.0000	0.0000	0.5492	0.4919	0.0574	0.2145	0.2034	0.0112	0.3347	0.2885	0.0462	0.1020	0.0603	0.0417	0.0259	0.0227	0.0032	0.0761	0.0375	0.0386	0.8828	0.5740	4.7014	0.0712	0.0416	8.1387	14.5167	15.8009	1.1847	0.0007	0.0012	0.0001	0.0027	0.0030	0.0002	0.0001	0.0001	0.0001
56	68	0.2048	4	0	0	1	1	0	0	0	0	N	N	N	N	N	N	N	N	N	N	N	N	0.6489	0.4409	1.1494	0.0843	0.0754	27.6074	7.1490	14.9168	1.6276	0.1516	0.1696	0.0188	0.0166	0.0172	0.0098	0.2514	0.2913	0.0224	0.2337	0.3845	0.0164	0.1973	0.2283	0.0004	0.0352	0.0195	0.0138	0.0150	0.2632	-0.0635	-0.0025	14.8542	15.0354	6.8183	6.2061	0.2331	0.2297	0.0034	0.0109	0.0104	0.0005	0.2223	0.2193	0.0029	0.0060	0.0047	0.0012	0.0047	0.0047	0.0000	0.0013	0.0001	0.0012	1.5376	1.3548	0.1828	0.6533	0.6017	0.0515	0.8843	0.7530	0.1313	0.3506	0.2057	0.1448	0.0927	0.0817	0.0111	0.2578	0.1241	0.1338	8.8801	7.3609	2.1875	0.3311	0.3021	27.6074	48.7840	424.9820	2.4086	0.0171	0.0230	0.0086	0.0502	0.0570	0.0004	0.0052	0.0007	0.0093
56	69	0.1367	3	0	0	0	1	0	0	0	0	N	N	N	N	N	N	N	N	N	N	N	N	1.5976	0.7209	865.0780	0.2364	0.2188	62.8574	69.7387	2.5814	1054.9829	0.5769	0.3993	1.7093	0.1458	0.1412	0.2128	0.8211	0.5651	2.0237	0.3611	0.5538	0.0020	0.6169	0.6453	0.0034	0.0118	0.2189	0.0019	0.6714	0.0372	0.1723	-0.0085	14.8542	27.6811	6.8183	13.1592	1.5043	0.9000	0.6043	0.1375	0.1245	0.0131	1.3668	0.7756	0.5912	0.0143	0.0138	0.0005	0.0132	0.0131	0.0000	0.0011	0.0007	0.0005	2.6078	2.2543	0.3535	0.9432	0.8818	0.0614	1.6646	1.3725	0.2921	0.5887	0.3290	0.2597	0.1159	0.1057	0.0102	0.4728	0.2233	0.2495	23.7517	9.5300	865.0780	1.2843	1.1367	62.8574	341.2292	191.4710	1054.9829	0.0243	0.0419	0.0020	0.1135	0.1242	0.0034	0.0024	0.0030	0.0019
56	71	0.3873	10	1	1	0	1	0	0	0	0	N	N	N	N	N	N	N	N	N	N	N	N	1929.8204	5.0167	42625.8010	5.8358	6.9259	0.3847	6889408.1936	inf	25573644.3315	0.7893	0.0033	7.5422	0.0074	0.0078	0.0009	1.3075	0.0000	9.5637	0.0004	0.0007	0.0002	0.0013	0.0011	0.0023	0.0000	0.0000	0.0000	265.5194	0.2864	0.7086	-0.0000	14.8542	17.5448	6.8183	6.0013	0.9993	0.0037	0.9955	0.0038	0.0037	0.0000	0.9955	0.0000	0.9955	0.0001	0.0001	0.0000	0.0001	0.0001	0.0000	0.0000	0.0000	0.0000	1.2660	1.1340	0.1320	0.5046	0.4767	0.0279	0.7614	0.6573	0.1041	0.2773	0.1640	0.1133	0.0706	0.0619	0.0086	0.2067	0.1021	0.1046	2431.5162	7.7504	42625.8010	5.8358	6.9259	0.3847	6889408.1936	inf	25573644.3315	0.0003	0.0004	0.0002	0.0013	0.0011	0.0023	0.0000	0.0000	0.0000
56	72	0.4557	13	1	1	1	1	0	0	0	0	N	N	N	N	N	N	N	N	N	N	N	N	0.0001	0.0000	0.0000	0.0001	0.0001	0.0000	0.0000	0.0000	0.0000	0.0000	0.0000	0.0000	0.0000	0.0000	0.0000	0.0000	0.0000	0.0000	0.0027	0.0050	0.0000	0.0030	0.0033	0.0000	0.0000	0.0001	0.0000	0.0000	0.0006	-0.0000	-0.0001	14.8542	1.8980	6.8183	2.9698	0.0000	0.0000	0.0000	0.0000	0.0000	0.0000	0.0000	0.0000	0.0000	0.0001	0.0001	0.0000	0.0001	0.0001	0.0000	0.0000	0.0000	0.0000	0.1524	0.1361	0.0164	0.0715	0.0677	0.0037	0.0810	0.0683	0.0126	0.0830	0.0562	0.0267	0.0331	0.0310	0.0021	0.0499	0.0252	0.0246	0.0001	0.0001	0.0000	0.0001	0.0001	0.0000	0.0000	0.0000	0.0000	0.0012	0.0018	0.0000	0.0030	0.0032	0.0000	0.0000	0.0000	0.0000
56	73	0.4362	12	1	0	1	1	0	0	0	0	N	N	N	N	N	N	N	N	N	N	N	N	0.0056	0.0035	0.0430	0.0196	0.0201	0.0389	0.0030	0.0002	0.0646	0.0001	0.0001	0.0005	0.0001	0.0001	0.0003	0.0002	0.0001	0.0006	0.0257	0.0310	0.0119	0.0060	0.0053	0.0088	0.0594	0.4938	0.0093	0.4209	0.6348	0.0000	-0.0002	14.8542	3.5853	6.8183	4.3819	0.0001	0.0001	0.0000	0.0000	0.0000	0.0000	0.0000	0.0000	0.0000	0.0007	0.0004	0.0003	0.0002	0.0001	0.0000	0.0005	0.0003	0.0003	0.5567	0.5108	0.0460	0.3284	0.3130	0.0154	0.2283	0.1978	0.0305	0.1128	0.0736	0.0392	0.0368	0.0336	0.0032	0.0760	0.0400	0.0360	0.0224	0.0183	0.0720	0.0242	0.0238	0.0389	0.0254	0.0160	0.0860	0.0064	0.0060	0.0071	0.0048	0.0044	0.0088	0.0071	0.0073	0.0070
56	74	0.4047	11	1	0	1	1	0	0	0	0	N	N	N	N	N	N	N	N	N	N	N	N	10.3241	5.3692	89.9122	6.2776	5.4239	17.1073	105.6474	5.2355	427.9644	0.0116	0.0095	0.0302	0.0140	0.0111	0.0636	0.0100	0.0082	0.0209	0.0011	0.0018	0.0003	0.0022	0.0020	0.0037	0.0001	0.0016	0.0000	0.3688	0.2571	-0.0002	-0.0001	14.8542	12.3589	6.8183	7.3592	0.0106	0.0077	0.0028	0.0052	0.0039	0.0013	0.0054	0.0038	0.0015	0.0002	0.0001	0.0000	0.0001	0.0001	0.0000	0.0000	0.0000	0.0000	0.9084	0.8142	0.0942	0.3718	0.3512	0.0207	0.5366	0.4630	0.0735	0.2415	0.1479	0.0937	0.0659	0.0586	0.0073	0.1756	0.0893	0.0863	18.2489	11.4478	89.9122	6.2776	5.4239	17.1073	262.6218	299.1544	427.9644	0.0006	0.0008	0.0003	0.0022	0.0020	0.0037	0.0000	0.0000	0.0000
56	75	0.3873	10	1	0	1	1	0	0	0	0	N	N	N	N	N	N	N	N	N	N	N	N	13.3543	20.5916	1.4044	47.4604	45.2230	12.0126	0.3062	0.0424	1.3151	0.0040	0.0044	0.0005	0.0093	0.0098	0.0005	0.0003	0.0002	0.0005	0.0003	0.0002	0.0004	0.0002	0.0002	0.0000	0.0008	0.0051	0.0004	0.0135	1.2384	-0.0008	-0.0000	14.8542	10.2127	6.8183	1.0234	0.0031	0.0030	0.0000	0.0030	0.0029	0.0000	0.0001	0.0001	0.0000	0.0000	0.0000	0.0000	0.0000	0.0000	0.0000	0.0000	0.0000	0.0000	0.7739	0.6932	0.0807	0.3179	0.2998	0.0181	0.4560	0.3934	0.0626	0.1356	0.0802	0.0554	0.0345	0.0303	0.0042	0.1011	0.0499	0.0512	14.9360	21.7736	1.4044	47.4604	45.2230	12.0126	0.8802	1.1257	1.3151	0.0003	0.0002	0.0004	0.0002	0.0002	0.0000	0.0003	0.0002	0.0004
56	76	0.3841	9	1	0	0	1	0	0	0	0	N	N	N	N	N	N	N	N	N	N	N	N	59.1896	15.6772	532.5091	14.2795	14.5902	0.3963	192.8218	0.0094	777.9016	0.0003	0.0001	0.0024	0.0002	0.0002	0.0000	0.0004	0.0000	0.0029	0.0000	0.0000	0.0000	0.0000	0.0000	0.0000	0.0000	0.0001	0.0000	2.6597	0.4718	0.0000	-0.0000	14.8542	3.7027	6.8183	0.0091	0.0001	0.0000	0.0001	0.0000	0.0000	0.0000	0.0001	0.0000	0.0001	0.0000	0.0000	0.0000	0.0000	0.0000	0.0000	0.0000	0.0000	0.0000	0.2874	0.2578	0.0296	0.1136	0.1079	0.0056	0.1738	0.1498	0.0240	0.0454	0.0268	0.0186	0.0115	0.0101	0.0014	0.0339	0.0167	0.0172	59.1896	15.6772	532.5091	14.2795	14.5902	0.3963	192.8218	2.9675	777.9016	0.0000	0.0000	0.0000	0.0000	0.0000	0.0000	0.0000	0.0000	0.0000
56	77	0.3671	8	0	0	0	1	0	0	0	0	N	N	N	N	N	N	N	N	N	N	N	N	1.5557	0.8052	2.8320	1.7735	1.6369	1.8061	11.5118	0.7196	0.0882	0.0058	0.0065	0.0001	0.0109	0.0116	0.0004	0.0017	0.0020	0.0000	0.0037	0.0080	0.0000	0.0061	0.0071	0.0002	0.0002	0.0028	0.0000	0.0020	0.0104	-0.0006	-0.0002	14.8542	3.8334	6.8183	6.1787	0.0022	0.0022	0.0000	0.0019	0.0019	0.0000	0.0004	0.0004	0.0000	0.0002	0.0002	0.0000	0.0002	0.0002	0.0000	0.0000	0.0000	0.0000	0.3818	0.3430	0.0388	0.1702	0.1602	0.0101	0.2116	0.1829	0.0287	0.1625	0.1005	0.0620	0.0495	0.0454	0.0041	0.1130	0.0550	0.0579	3.7949	2.6329	2.8320	2.2166	2.1637	1.8061	32.9189	25.0254	0.0882	0.0015	0.0025	0.0000	0.0049	0.0053	0.0002	0.0001	0.0001	0.0000
56	78	0.3280	7	0	0	0	1	0	0	0	0	N	N	N	N	N	N	N	N	N	N	N	N	3.4330	1.7856	31.6103	3.0708	2.7106	7.5250	5.7119	0.4645	41.6752	0.0040	0.0032	0.0114	0.0054	0.0047	0.0171	0.0030	0.0020	0.0095	0.0012	0.0018	0.0004	0.0018	0.0017	0.0023	0.0005	0.0043	0.0002	0.4120	0.2648	0.0000	-0.0001	14.8542	16.9094	6.8183	5.8161	0.0056	0.0039	0.0016	0.0031	0.0025	0.0006	0.0024	0.0014	0.0010	0.0002	0.0002	0.0000	0.0002	0.0002	0.0000	0.0000	0.0000	0.0000	1.3825	1.2408	0.1417	0.5753	0.5400	0.0352	0.8072	0.7007	0.1065	0.3559	0.2213	0.1346	0.1040	0.0953	0.0087	0.2519	0.1260	0.1259	6.1468	3.8144	31.6103	3.0708	2.7106	7.5250	15.6153	12.8982	41.6752	0.0007	0.0008	0.0004	0.0018	0.0017	0.0023	0.0002	0.0002	0.0002
56	79	0.2537	7	0	1	0	1	0	0	0	0	N	N	N	N	N	N	N	N	N	N	N	N	0.2895	0.0885	90.2657	6.9117	5.8501	4.5416	0.1507	0.0039	102.0777	0.0567	0.0355	0.2339	0.0865	0.0919	0.0014	0.0412	0.0036	0.2888	0.1959	0.4012	0.0026	0.0125	0.0157	0.0003	0.2734	0.9278	0.0028	0.7900	0.0733	0.0148	-0.0047	14.8542	23.9173	6.8183	17.8091	0.0962	0.0537	0.0424	0.0503	0.0502	0.0000	0.0459	0.0035	0.0424	0.0084	0.0079	0.0006	0.0012	0.0012	0.0000	0.0072	0.0067	0.0006	1.6949	1.5135	0.1814	0.5814	0.5467	0.0346	1.1135	0.9667	0.1468	0.5493	0.3272	0.2221	0.1418	0.1209	0.0209	0.4075	0.2063	0.2012	3.6984	1.4793	90.2657	10.3531	9.4264	4.5416	2.3180	0.1112	102.0777	0.0153	0.0240	0.0026	0.0084	0.0097	0.0003	0.0178	0.0323	0.0028
56	80	0.2376	6	0	1	0	1	0	0	0	0	N	N	N	N	N	N	N	N	N	N	N	N	0.0258	0.0132	18.3714	0.0678	0.0545	0.0767	0.0203	0.0017	46.0887	0.0132	0.0092	0.0452	0.0211	0.0224	0.0006	0.0091	0.0019	0.0559	0.5100	0.6997	0.0025	0.3107	0.4118	0.0079	0.4490	1.0966	0.0012	0.6055	0.0252	0.0005	-0.0038	14.8542	6.1279	6.8183	3.6878	0.0059	0.0037	0.0022	0.0032	0.0032	0.0000	0.0027	0.0005	0.0022	0.0063	0.0062	0.0002	0.0034	0.0033	0.0001	0.0030	0.0029	0.0001	0.4481	0.3988	0.0493	0.1522	0.1426	0.0096	0.2959	0.2562	0.0397	0.1580	0.0945	0.0634	0.0508	0.0391	0.0117	0.1071	0.0555	0.0517	0.3279	0.1408	18.3714	0.3169	0.2670	0.0767	0.3290	0.0357	46.0887	0.0402	0.0655	0.0025	0.0665	0.0840	0.0079	0.0277	0.0525	0.0012
56	81	0.3257	10	1	0	1	1	0	0	0	0	N	N	N	N	N	N	N	N	N	N	N	N	371.0962	220.3125	0.5628	10.0161	9.6882	1.1113	2623.5113	8794.4132	0.3521	0.5426	0.6093	0.0001	0.0260	0.0279	0.0003	0.8800	1.0186	0.0001	0.0015	0.0028	0.0002	0.0026	0.0029	0.0003	0.0003	0.0001	0.0002	0.0000	0.1458	-0.2946	-0.0002	14.8542	27.2690	6.8183	12.3406	1.0262	1.0261	0.0000	0.0194	0.0194	0.0000	1.0067	1.0067	0.0000	0.0004	0.0003	0.0000	0.0003	0.0003	0.0000	0.0000	0.0000	0.0000	1.8913	1.6842	0.2071	0.7473	0.6958	0.0514	1.1440	0.9883	0.1557	0.4881	0.2913	0.1967	0.1285	0.1145	0.0140	0.3596	0.1768	0.1828	700.2144	537.8022	0.5628	10.0161	9.6882	1.1113	7111.8937	2751588.1608	0.3521	0.0008	0.0011	0.0002	0.0026	0.0029	0.0003	0.0001	0.0000	0.0002
56	82	0.3104	9	0	0	0	1	0	0	0	0	N	N	N	N	N	N	N	N	N	N	N	N	3.6897	6.8068	1.9376	1.5135	1.0711	12.2559	2.0531	0.5596	1.4459	0.0012	0.0013	0.0009	0.0003	0.0003	0.0012	0.0019	0.0021	0.0007	0.0003	0.0002	0.0004	0.0002	0.0002	0.0001	0.0009	0.0038	0.0005	0.0846	1.6215	-0.0002	-0.0000	14.8542	9.0798	6.8183	0.9519	0.0010	0.0010	0.0001	0.0001	0.0001	0.0000	0.0009	0.0009	0.0000	0.0000	0.0000	0.0000	0.0000	0.0000	0.0000	0.0000	0.0000	0.0000	0.8359	0.7430	0.0929	0.3641	0.3329	0.0313	0.4718	0.4102	0.0616	0.1404	0.0852	0.0552	0.0424	0.0369	0.0056	0.0980	0.0483	0.0496	4.3433	7.1670	1.9376	1.5135	1.0711	12.2559	6.2191	16.5682	1.4459	0.0003	0.0002	0.0004	0.0002	0.0002	0.0001	0.0003	0.0001	0.0005
56	83	0.2376	6	0	1	0	1	0	0	0	0	N	N	N	N	N	N	N	N	N	N	N	N	5.2816	2.3014	16.5460	0.4015	0.3515	1.2741	128.8852	7.4261	27.8132	0.6976	0.7781	0.0339	0.0634	0.0669	0.0106	1.0186	1.1679	0.0394	0.1321	0.3381	0.0021	0.1580	0.1902	0.0083	0.0079	0.1573	0.0014	0.0053	0.0714	-0.2903	-0.0034	14.8542	21.0000	6.8183	14.4214	1.0297	1.0243	0.0054	0.0315	0.0312	0.0003	0.9983	0.9932	0.0051	0.0060	0.0056	0.0004	0.0053	0.0052	0.0001	0.0007	0.0004	0.0003	1.4761	1.3164	0.1598	0.4961	0.4660	0.0301	0.9800	0.8504	0.1296	0.4784	0.2836	0.1947	0.1176	0.0996	0.0180	0.3608	0.1840	0.1767	55.6853	39.4612	16.5460	1.4030	1.2885	1.2741	544.0142	505.4013	27.8132	0.0125	0.0197	0.0021	0.0452	0.0519	0.0083	0.0019	0.0023	0.0014
56	84	0.2953	10	0	0	1	1	0	0	0	0	N	N	N	N	N	N	N	N	N	N	N	N	4.1210	4.4850	0.4110	6.1879	6.2029	0.5797	3.9793	213.5274	0.4486	0.0409	0.0456	0.0021	0.0626	0.0663	0.0038	0.0277	0.0318	0.0016	0.0099	0.0102	0.0050	0.0101	0.0107	0.0065	0.0070	0.0001	0.0036	0.0054	0.8263	-0.0184	-0.0002	14.8542	20.4085	6.8183	11.0867	0.0653	0.0650	0.0003	0.0378	0.0377	0.0001	0.0275	0.0273	0.0002	0.0014	0.0008	0.0006	0.0009	0.0008	0.0001	0.0005	0.0000	0.0005	1.5957	1.4262	0.1695	0.6038	0.5683	0.0355	0.9918	0.8578	0.1340	0.4234	0.2600	0.1634	0.1218	0.1062	0.0155	0.3016	0.1537	0.1479	12.4410	15.5266	0.5330	8.8309	9.2311	0.5797	15.7927	64270.3905	0.4486	0.0033	0.0029	0.0039	0.0071	0.0072	0.0065	0.0018	0.0000	0.0036
56	85	0.2916	9	0	0	1	1	0	0	0	0	N	N	N	N	N	N	N	N	N	N	N	N	1788.4220	1277.1730	937.3889	1999.3427	1923.4174	1390.6603	1982.4958	1128.4966	829.0788	2.4600	2.7007	0.3927	3.8381	4.0812	0.4776	1.1612	1.2916	0.3539	0.0014	0.0021	0.0004	0.0019	0.0021	0.0003	0.0006	0.0011	0.0004	0.0169	0.2642	-0.2242	-0.0000	14.8542	3.1287	6.8183	1.1816	0.8291	0.8153	0.0138	0.6276	0.6223	0.0053	0.2015	0.1929	0.0085	0.0000	0.0000	0.0000	0.0000	0.0000	0.0000	0.0000	0.0000	0.0000	0.3370	0.3019	0.0352	0.1635	0.1525	0.0110	0.1735	0.1494	0.0241	0.0659	0.0416	0.0243	0.0204	0.0180	0.0023	0.0456	0.0236	0.0220	3323.3728	2909.6232	937.3889	1999.3427	1923.4174	1390.6603	5441.2174	94261.7750	829.0788	0.0007	0.0009	0.0004	0.0019	0.0021	0.0003	0.0002	0.0000	0.0004
56	86	0.2846	8	0	0	0	1	0	0	0	0	N	N	N	N	N	N	N	N	N	N	N	N	338.9144	236.0433	3.2303	654.5677	627.3865	12.9587	11.1940	1.7145	2.6093	0.5249	0.5843	0.0014	1.1124	1.1932	0.0018	0.0139	0.0159	0.0012	0.0015	0.0025	0.0004	0.0017	0.0019	0.0001	0.0012	0.0093	0.0004	0.0003	0.2466	-0.0562	-0.0000	14.8542	4.0532	6.8183	2.2470	0.1961	0.1960	0.0001	0.1933	0.1933	0.0000	0.0028	0.0028	0.0000	0.0001	0.0001	0.0000	0.0001	0.0000	0.0000	0.0000	0.0000	0.0000	0.3736	0.3355	0.0381	0.1737	0.1620	0.0118	0.1998	0.1735	0.0263	0.0959	0.0596	0.0363	0.0294	0.0261	0.0034	0.0664	0.0335	0.0329	654.3795	564.2339	3.2303	654.5677	627.3865	12.9587	34.4370	43.8374	2.6093	0.0008	0.0010	0.0004	0.0017	0.0019	0.0001	0.0004	0.0004	0.0004
56	87	0.2615	7	0	0	0	1	0	0	0	0	N	N	N	N	N	N	N	N	N	N	N	N	0.0206	0.0172	0.0183	0.6420	0.5096	0.6548	0.0005	0.0003	0.0035	0.0094	0.0105	0.0002	0.0181	0.0194	0.0005	0.0003	0.0004	0.0000	0.4590	0.6098	0.0104	0.0282	0.0381	0.0007	0.6021	1.2786	0.0103	0.0021	0.0785	-0.0014	-0.0046	14.8542	4.7288	6.8183	9.8540	0.0048	0.0048	0.0000	0.0047	0.0047	0.0000	0.0001	0.0001	0.0000	0.0083	0.0077	0.0006	0.0012	0.0012	0.0000	0.0071	0.0065	0.0006	0.5109	0.4579	0.0529	0.2621	0.2439	0.0182	0.2487	0.2140	0.0347	0.2425	0.1499	0.0926	0.0814	0.0674	0.0140	0.1611	0.0825	0.0786	0.2747	0.2039	0.0292	1.1872	1.0636	0.6548	0.0072	0.0046	0.0047	0.0344	0.0516	0.0066	0.0153	0.0183	0.0007	0.0440	0.0788	0.0076
56	88	0.2376	6	0	0	0	1	0	0	0	0	N	N	N	N	N	N	N	N	N	N	N	N	0.0162	0.0125	0.1303	0.0650	0.0560	0.0013	0.0088	0.0030	0.6219	0.0065	0.0073	0.0002	0.0145	0.0155	0.0000	0.0025	0.0028	0.0002	0.4044	0.5870	0.0012	0.2234	0.2763	0.0069	0.2809	0.9511	0.0003	0.0027	0.0180	-0.0012	-0.0041	14.8542	8.6320	6.8183	7.0881	0.0041	0.0041	0.0000	0.0031	0.0031	0.0000	0.0010	0.0010	0.0000	0.0066	0.0065	0.0001	0.0036	0.0035	0.0001	0.0030	0.0030	0.0000	0.6266	0.5579	0.0687	0.2122	0.1990	0.0132	0.4143	0.3589	0.0555	0.2347	0.1398	0.0949	0.0668	0.0536	0.0132	0.1679	0.0862	0.0817	0.2316	0.1572	0.1303	0.2704	0.2372	0.0013	0.1356	0.0802	0.6219	0.0283	0.0466	0.0012	0.0537	0.0653	0.0069	0.0182	0.0351	0.0003
56	89	0.3054	8	0	1	0	1	0	0	0	0	N	N	N	N	N	N	N	N	N	N	N	N	2.6326	2.0371	2.6228	2.2163	3.3675	0.2426	6.9203	0.8284	16.6454	0.0229	0.0254	0.0061	0.0461	0.0505	0.0111	0.0020	0.0019	0.0025	0.0087	0.0125	0.0023	0.0208	0.0150	0.0457	0.0003	0.0023	0.0002	0.0350	0.4537	-0.0091	-0.0003	14.8542	15.4622	6.8183	5.2688	0.0359	0.0347	0.0012	0.0342	0.0333	0.0009	0.0016	0.0013	0.0003	0.0008	0.0006	0.0003	0.0008	0.0005	0.0002	0.0000	0.0000	0.0000	1.5664	1.3659	0.2005	0.7419	0.6594	0.0826	0.8245	0.7065	0.1179	0.2676	0.1591	0.1085	0.0644	0.0581	0.0063	0.2032	0.1011	0.1021	7.6421	7.3187	2.6228	3.8077	5.3765	0.2996	18.7319	31.5206	16.6454	0.0030	0.0035	0.0023	0.0121	0.0094	0.0370	0.0001	0.0001	0.0002
56	90	0.2936	7	0	0	0	1	0	0	0	0	N	N	N	N	N	N	N	N	N	N	N	N	0.3062	0.0947	4.8775	0.6780	0.7167	0.9119	0.0992	0.0040	7.4715	0.0157	0.0130	0.0326	0.0277	0.0228	0.0586	0.0024	0.0020	0.0049	0.0514	0.1372	0.0067	0.0409	0.0318	0.0643	0.0246	0.5129	0.0006	0.4084	0.2512	0.0000	-0.0005	14.8542	7.5917	6.8183	1.5198	0.0153	0.0109	0.0044	0.0142	0.0101	0.0041	0.0011	0.0008	0.0003	0.0013	0.0010	0.0003	0.0008	0.0006	0.0002	0.0004	0.0004	0.0000	0.9723	0.8362	0.1362	0.5118	0.4415	0.0703	0.4606	0.3947	0.0659	0.1434	0.0878	0.0556	0.0415	0.0369	0.0046	0.1019	0.0509	0.0510	1.8042	1.1415	7.2106	1.4031	1.3990	1.2303	0.5758	0.2600	7.4715	0.0087	0.0114	0.0045	0.0198	0.0163	0.0477	0.0042	0.0078	0.0006
56	91	0.4029	11	1	0	1	1	0	0	0	0	N	N	N	N	N	N	N	N	N	N	N	N	0.0000	0.0000	0.0000	0.0000	0.0000	0.0000	0.0000	0.0000	0.0000	0.0000	0.0000	0.0000	0.0000	0.0000	0.0000	0.0000	0.0000	0.0000	0.0000	0.0000	0.0000	0.0000	inf	0.0000	0.0000	14.8542	3.0317	6.8183	0.1644	0.0000	0.0000	0.0000	0.0000	0.0000	0.0000	0.0000	0.0000	0.0000	0.0000	0.0000	0.0000	0.0000	0.0000	0.0000	0.0000	0.0000	0.0000	0.2208	0.1975	0.0232	0.0894	0.0840	0.0054	0.1313	0.1135	0.0178	0.0396	0.0240	0.0156	0.0102	0.0090	0.0013	0.0294	0.0151	0.0143	0.0000	0.0000	0.0000	0.0000	0.0000	0.0000	0.0000	0.0000	0.0000	0.0000	0.0000	0.0000	0.0000	0.0000	0.0000	0.0000	0.0000	0.0000						
56	92	0.3971	10	1	0	1	1	0	0	0	0	N	N	N	N	N	N	N	N	N	N	N	N	27.9386	34.5231	1.3232	11.6402	11.9716	1.0586	53.6911	2.3275	1.2677	0.0003	0.0003	0.0000	0.0003	0.0003	0.0000	0.0003	0.0004	0.0000	0.0000	0.0000	0.0000	0.0000	0.0000	0.0000	0.0000	0.0002	0.0000	0.0051	0.8357	-0.0000	-0.0000	14.8542	2.6632	6.8183	1.0147	0.0001	0.0001	0.0000	0.0000	0.0000	0.0000	0.0000	0.0000	0.0000	0.0000	0.0000	0.0000	0.0000	0.0000	0.0000	0.0000	0.0000	0.0000	0.2659	0.2418	0.0242	0.1396	0.1318	0.0078	0.1263	0.1100	0.0163	0.0481	0.0296	0.0185	0.0128	0.0114	0.0014	0.0353	0.0182	0.0171	27.9386	34.5569	1.3232	11.6402	11.9716	1.0586	53.6911	719.8438	1.2677	0.0000	0.0000	0.0000	0.0000	0.0000	0.0000	0.0000	0.0000	0.0000
56	93	0.3138	9	1	0	1	1	0	0	0	0	N	N	N	N	N	N	N	N	N	N	N	N	12.1534	3.8317	11.9124	2.3507	2.1253	146.1633	476.8154	172.8538	10.2297	0.8193	0.9281	0.0123	0.2014	0.2162	0.0149	1.2562	1.4773	0.0114	0.0674	0.2422	0.0010	0.0857	0.1017	0.0001	0.0026	0.0085	0.0011	0.0018	0.0446	-0.6546	-0.0033	14.8542	35.0787	6.8183	12.2568	2.2939	2.2898	0.0041	0.2335	0.2322	0.0013	2.0604	2.0576	0.0028	0.0057	0.0054	0.0002	0.0054	0.0054	0.0000	0.0003	0.0001	0.0002	2.7997	2.4671	0.3326	1.1595	1.0743	0.0852	1.6402	1.3928	0.2474	0.5917	0.3566	0.2351	0.1641	0.1451	0.0190	0.4276	0.2115	0.2161	85.4820	60.9552	11.9124	6.1660	5.8541	146.1633	1721.7222	4353.6879	10.2297	0.0096	0.0152	0.0010	0.0327	0.0369	0.0001	0.0007	0.0003	0.0011
56	94	0.3003	8	1	0	0	1	0	0	0	0	N	N	N	N	N	N	N	N	N	N	N	N	0.7201	0.5723	35.8063	25.5317	25.3963	4.0373	0.2816	0.1413	71.8372	0.3503	0.3805	0.0713	0.5826	0.6113	0.0472	0.1755	0.1904	0.0782	0.4864	0.6648	0.0020	0.0228	0.0241	0.0117	0.6232	1.3475	0.0011	0.0203	0.0215	-0.0788	-0.0034	14.8542	8.4810	6.8183	2.3446	0.2948	0.2889	0.0059	0.2105	0.2096	0.0009	0.0843	0.0793	0.0050	0.0056	0.0055	0.0001	0.0006	0.0005	0.0001	0.0051	0.0050	0.0001	0.8416	0.7593	0.0823	0.3613	0.3429	0.0184	0.4803	0.4164	0.0639	0.1522	0.0926	0.0596	0.0435	0.0385	0.0051	0.1087	0.0542	0.0545	9.4498	6.3797	35.8063	44.6137	46.1798	4.0373	3.7593	2.0562	71.8372	0.0371	0.0596	0.0020	0.0131	0.0132	0.0117	0.0467	0.0926	0.0011
56	95	0.2376	6	0	1	0	2	0	0	0	0	N	N	N	Y	N	N	N	N	N	N	N	N	0.1796	0.3796	0.0344	0.8198	0.8126	0.6215	0.0323	0.0353	0.0361	0.2975	0.3035	0.2482	0.7523	0.7996	0.0162	0.0678	0.0323	0.3019	1.6567	0.7995	7.2242	0.9176	0.9840	0.0260	2.1027	0.9151	8.3527	0.0989	29.6803	-0.0982	0.3394	14.8542	24.0032	6.8183	22.6134	0.4982	0.4534	0.0448	0.4228	0.4222	0.0005	0.0755	0.0312	0.0443	1.0010	0.0326	0.9684	0.0257	0.0252	0.0005	0.9753	0.0074	0.9678	1.6747	1.4940	0.1807	0.5620	0.5280	0.0340	1.1127	0.9659	0.1467	0.6087	0.3608	0.2479	0.1449	0.1243	0.0206	0.4638	0.2365	0.2273	0.1809	3.3561	0.0635	4.2416	3.9470	0.6524	0.0323	1.0251	0.0709	1.6445	0.0904	3.9064	0.1774	0.2026	0.0248	2.1027	0.0315	4.2575
56	96	0.6550	10	0	1	0	1	0	0	0	0	N	N	N	N	N	N	N	N	N	N	N	N	2.2642	1.4920	0.0639	3.7989	3.5558	0.1463	1.8310	0.3797	0.0005	0.0030	0.0034	0.0000	0.0056	0.0060	0.0001	0.0006	0.0007	0.0000	0.0013	0.0023	0.0003	0.0015	0.0017	0.0004	0.0004	0.0020	0.0002	0.0005	0.1383	-0.0012	-0.0001	14.8542	18.5150	6.8183	10.2301	0.0042	0.0042	0.0000	0.0038	0.0038	0.0000	0.0005	0.0005	0.0000	0.0003	0.0002	0.0000	0.0002	0.0002	0.0000	0.0000	0.0000	0.0000	1.3942	1.2589	0.1353	0.6671	0.6310	0.0362	0.7271	0.6279	0.0992	0.3533	0.2337	0.1196	0.1558	0.1320	0.0238	0.1975	0.1017	0.0958	4.1730	3.4780	0.0639	3.7989	3.5558	0.1463	4.9685	16.6563	0.0005	0.0007	0.0010	0.0003	0.0015	0.0017	0.0004	0.0001	0.0000	0.0002
56	97	0.2668	7	0	1	0	1	0	0	0	0	N	N	N	N	N	N	N	N	N	N	N	N	4.2089	1.7364	1056.3493	5.5238	5.2251	1.0272	100.3207	14.9862	1368.5060	0.9125	0.7324	2.4468	1.7180	1.8246	0.0042	0.5024	0.1316	3.0132	0.2168	0.4218	0.0023	0.3110	0.3492	0.0041	0.0050	0.0088	0.0022	0.3921	0.0603	-0.0156	-0.0082	14.8542	46.1140	6.8183	26.4917	2.8386	2.0391	0.7994	1.8030	1.8027	0.0003	1.0356	0.2364	0.7992	0.0144	0.0135	0.0008	0.0135	0.0134	0.0001	0.0009	0.0001	0.0007	3.1107	2.7840	0.3267	1.0495	0.9880	0.0615	2.0612	1.7960	0.2652	0.8825	0.5298	0.3527	0.2026	0.1813	0.0213	0.6800	0.3485	0.3315	56.0911	28.6579	1056.3493	25.7647	24.6522	1.0272	401.8127	381.2335	1368.5060	0.0163	0.0256	0.0023	0.0667	0.0740	0.0041	0.0013	0.0003	0.0022
56	98	0.7080	12	0	1	0	1	0	0	0	0	N	N	N	N	N	N	N	N	N	N	N	N	0.2357	0.1467	0.9318	1.3112	1.1374	16.9169	0.0006	0.0000	0.3597	0.0578	0.0642	0.0002	0.1399	0.1477	0.0005	0.0000	0.0000	0.0001	0.2453	0.4374	0.0002	0.1067	0.1299	0.0000	0.0187	0.4480	0.0002	0.0003	0.0035	-0.0208	-0.0039	14.8542	20.7840	6.8183	8.9470	0.0726	0.0726	0.0000	0.0726	0.0726	0.0000	0.0000	0.0000	0.0000	0.0063	0.0063	0.0000	0.0056	0.0056	0.0000	0.0007	0.0007	0.0000	1.2558	1.1308	0.1250	0.5187	0.4913	0.0274	0.7371	0.6395	0.0976	0.3546	0.2355	0.1190	0.1521	0.1305	0.0216	0.2025	0.1050	0.0975	3.2491	2.4044	0.9318	3.7985	3.4419	16.9169	0.0030	0.0000	0.3597	0.0178	0.0267	0.0002	0.0368	0.0429	0.0000	0.0035	0.0065	0.0002
56	99	0.7030	11	0	0	0	1	0	0	0	0	N	N	N	N	N	N	N	N	N	N	N	N	0.0694	0.0725	0.0068	0.2217	0.2538	0.0427	0.0015	0.0010	0.0020	0.0483	0.0532	0.0032	0.0856	0.0892	0.0101	0.0012	0.0013	0.0007	0.6961	0.7330	0.4638	0.3862	0.3515	0.2365	0.7822	1.2599	0.3436	0.0064	0.6988	-0.0053	-0.0013	14.8542	2.7834	6.8183	1.0450	0.0187	0.0186	0.0001	0.0185	0.0184	0.0001	0.0002	0.0002	0.0000	0.0062	0.0037	0.0026	0.0028	0.0025	0.0003	0.0034	0.0012	0.0022	0.3869	0.3496	0.0373	0.2160	0.2062	0.0098	0.1709	0.1434	0.0275	0.0803	0.0493	0.0310	0.0360	0.0331	0.0029	0.0443	0.0162	0.0281	0.6245	0.7165	0.0385	1.1036	1.2017	0.0872	0.0157	0.0176	0.0088	0.0774	0.0742	0.0825	0.0776	0.0742	0.1159	0.0772	0.0741	0.0790
56	100	0.6930	10	0	0	0	1	0	0	0	0	N	N	N	N	N	N	N	N	N	N	N	N	0.0417	0.0378	0.0922	0.2990	0.3408	0.0989	0.0148	0.0057	0.0527	0.0139	0.0150	0.0038	0.0204	0.0214	0.0068	0.0040	0.0044	0.0016	0.3341	0.3976	0.0411	0.0681	0.0627	0.0684	0.2685	0.7713	0.0303	0.0269	0.4828	-0.0035	-0.0011	14.8542	7.6044	6.8183	2.7972	0.0134	0.0131	0.0004	0.0119	0.0117	0.0003	0.0015	0.0014	0.0001	0.0035	0.0024	0.0012	0.0019	0.0016	0.0003	0.0016	0.0007	0.0008	0.9632	0.8703	0.0929	0.5856	0.5462	0.0394	0.3776	0.3241	0.0535	0.1580	0.0999	0.0581	0.0668	0.0606	0.0061	0.0912	0.0393	0.0520	0.6235	0.6300	0.1913	0.7018	0.7918	0.1369	0.2270	0.2290	0.0980	0.0224	0.0238	0.0198	0.0290	0.0270	0.0494	0.0175	0.0190	0.0163
56	101	0.6434	9	0	0	0	1	0	0	0	0	N	N	N	N	N	N	N	N	N	N	N	N	1.5190	30.7547	0.0977	6.3173	9.1742	5.7215	1.9647	4.3025	0.0419	0.7440	0.8173	0.0645	0.0797	0.0748	0.1652	1.3577	1.5692	0.0276	0.4898	0.0266	0.6608	0.0126	0.0082	0.0289	0.6911	0.3647	0.6600	0.0085	9.3463	-0.2942	0.0038	14.8542	18.4780	6.8183	12.4520	1.0556	1.0467	0.0089	0.0543	0.0482	0.0061	1.0013	0.9985	0.0028	0.0137	0.0013	0.0123	0.0012	0.0008	0.0005	0.0124	0.0005	0.0119	1.4189	1.2806	0.1382	0.6814	0.6443	0.0371	0.7375	0.6363	0.1012	0.3617	0.2396	0.1221	0.1484	0.1305	0.0179	0.2133	0.1092	0.1041	19.7016	148.3609	0.6384	9.4910	12.5666	6.3051	23.3303	315.2634	0.2425	0.0378	0.0055	0.1011	0.0084	0.0060	0.0262	0.0582	0.0050	0.1140
56	102	0.2194	5	0	1	0	1	0	0	0	0	N	N	N	N	N	N	N	N	N	N	N	N	0.5575	0.4580	0.3315	8.2832	7.9519	0.3943	0.6019	0.3896	0.3146	0.7688	0.8605	0.0009	0.4442	0.4825	0.0010	1.0852	1.2514	0.0009	1.3791	1.8787	0.0028	0.0536	0.0607	0.0025	1.8029	3.2119	0.0028	0.0001	0.0009	-0.8393	-0.6014	14.8542	34.1922	6.8183	22.4626	2.9244	2.9240	0.0004	0.8339	0.8338	0.0001	2.0905	2.0902	0.0002	0.9584	0.9576	0.0009	0.0059	0.0058	0.0001	0.9525	0.9517	0.0008	3.8039	3.3982	0.4057	1.8775	1.7279	0.1496	1.9264	1.6703	0.2561	0.8403	0.5267	0.3136	0.2455	0.2226	0.0229	0.5948	0.3041	0.2907	0.6740	0.4733	0.3315	18.4762	18.3808	0.3943	0.6776	0.3998	0.3146	1.1406	1.8181	0.0028	0.0240	0.0263	0.0025	1.6014	3.1299	0.0028
56	103	0.1715	4	0	1	0	1	0	0	0	0	N	N	N	N	N	N	N	N	N	N	N	N	1.1838	0.8368	51.9460	2.8905	3.1597	4.8939	1.4059	0.6573	99.1577	0.8065	0.7547	1.1299	0.3692	0.3749	0.2997	1.1249	1.0676	1.3799	0.6813	0.9020	0.0218	0.1277	0.1187	0.0612	0.8001	1.6241	0.0139	0.2399	0.0694	-0.1771	-0.0206	14.8542	22.5884	6.8183	11.0115	1.8910	1.5251	0.3659	0.3647	0.3422	0.0225	1.5263	1.1829	0.3434	0.0366	0.0342	0.0024	0.0048	0.0043	0.0005	0.0318	0.0299	0.0019	2.3446	2.0208	0.3238	0.9877	0.9128	0.0749	1.3568	1.1080	0.2488	0.5042	0.2940	0.2103	0.1165	0.1061	0.0104	0.3878	0.1879	0.1999	11.1218	6.4891	100.0651	8.9371	9.1866	6.4564	13.7364	6.7180	145.8038	0.0725	0.1163	0.0113	0.0413	0.0408	0.0464	0.0819	0.1589	0.0095
56	106	0.3104	9	0	1	0	1	0	0	0	0	N	N	N	N	N	N	N	N	N	N	N	N	32.0037	15.4355	132.1212	16.6665	15.7036	154.9681	3098.6158	inf	101.8884	0.0093	0.0104	0.0004	0.0158	0.0170	0.0007	0.0049	0.0056	0.0003	0.0003	0.0007	0.0000	0.0009	0.0011	0.0000	0.0000	0.0000	0.0000	0.0051	0.0051	-0.0041	-0.0001	14.8542	20.0414	6.8183	7.0324	0.0146	0.0145	0.0001	0.0100	0.0099	0.0000	0.0046	0.0046	0.0000	0.0001	0.0001	0.0000	0.0001	0.0001	0.0000	0.0000	0.0000	0.0000	1.5666	1.3954	0.1712	0.6306	0.5838	0.0467	0.9361	0.8116	0.1245	0.3490	0.2090	0.1400	0.0952	0.0833	0.0119	0.2538	0.1257	0.1281	35.7466	24.0295	132.1212	16.6665	15.7036	154.9681	3098.6158	inf	101.8884	0.0003	0.0004	0.0000	0.0009	0.0011	0.0000	0.0000	0.0000	0.0000
56	107	0.3003	8	0	0	0	1	0	0	0	0	N	N	N	N	N	N	N	N	N	N	N	N	7.3918	3.2689	71.8449	1.4401	1.2642	6.8783	43.9959	1.8089	1565.1408	0.0920	0.0959	0.0558	0.0262	0.0246	0.0573	0.1437	0.1572	0.0554	0.0124	0.0293	0.0008	0.0182	0.0195	0.0083	0.0033	0.0869	0.0000	0.0620	0.0836	-0.0156	-0.0003	14.8542	7.0315	6.8183	1.2144	0.0684	0.0644	0.0040	0.0086	0.0076	0.0009	0.0598	0.0567	0.0031	0.0005	0.0004	0.0000	0.0004	0.0004	0.0000	0.0001	0.0001	0.0000	0.7432	0.6716	0.0716	0.3271	0.3107	0.0164	0.4161	0.3609	0.0552	0.1195	0.0733	0.0463	0.0355	0.0313	0.0041	0.0841	0.0419	0.0421	23.6192	16.3447	71.8449	2.3676	2.1495	6.8783	166.0743	92.5157	1565.1408	0.0039	0.0059	0.0008	0.0111	0.0114	0.0083	0.0009	0.0017	0.0000
56	108	0.2668	7	0	0	0	1	0	0	0	0	N	N	N	N	N	N	N	N	N	N	N	N	364.2784	183.5041	2948.1263	154.2272	148.0348	468.8925	328.9375	21.0012	3654.3962	0.1771	0.1965	0.0142	0.1215	0.1290	0.0042	0.2068	0.2356	0.0166	0.0005	0.0011	0.0000	0.0008	0.0009	0.0000	0.0006	0.0112	0.0000	0.0086	0.0053	-0.0605	-0.0001	14.8542	16.2725	6.8183	4.4748	0.2173	0.2155	0.0019	0.0520	0.0519	0.0001	0.1653	0.1635	0.0018	0.0001	0.0001	0.0000	0.0001	0.0001	0.0000	0.0000	0.0000	0.0000	1.2274	1.0964	0.1310	0.4282	0.4024	0.0257	0.7993	0.6940	0.1053	0.2899	0.1764	0.1135	0.0695	0.0628	0.0067	0.2204	0.1136	0.1068	490.6076	333.0957	2948.1263	154.2272	148.0348	468.8925	914.4525	542.5728	3654.3962	0.0004	0.0006	0.0000	0.0008	0.0009	0.0000	0.0002	0.0004	0.0000
56	109	0.3195	8	0	1	0	1	0	0	0	0	N	N	N	N	N	N	N	N	N	N	N	N	0.1769	0.1355	70.3314	0.7353	0.7323	0.3125	0.0147	0.0051	155.0611	0.0762	0.0846	0.0069	0.1827	0.1980	0.0002	0.0060	0.0055	0.0096	0.4307	0.6244	0.0001	0.2485	0.2704	0.0007	0.4071	1.0631	0.0001	0.0100	0.0013	-0.0622	-0.0127	14.8542	40.5309	6.8183	14.7974	0.2244	0.2222	0.0022	0.2137	0.2137	0.0000	0.0107	0.0085	0.0022	0.0203	0.0203	0.0000	0.0085	0.0084	0.0000	0.0119	0.0119	0.0000	2.9452	2.6253	0.3199	1.1697	1.0792	0.0905	1.7755	1.5462	0.2294	0.6417	0.3796	0.2621	0.1465	0.1308	0.0158	0.4952	0.2489	0.2463	2.4048	1.5822	70.3314	3.1675	3.0670	0.3125	0.2501	0.1147	155.0611	0.0317	0.0535	0.0001	0.0577	0.0646	0.0007	0.0240	0.0477	0.0001
56	110	0.2936	7	0	1	0	1	0	0	0	0	N	N	N	N	N	N	N	N	N	N	N	N	0.4547	0.1238	9.0308	0.9545	0.9526	1.4857	0.0770	0.0035	2.7541	0.0144	0.0125	0.0276	0.0286	0.0242	0.0601	0.0017	0.0017	0.0021	0.0318	0.1006	0.0031	0.0300	0.0254	0.0404	0.0226	0.4880	0.0008	0.3341	0.2079	-0.0007	-0.0008	14.8542	13.5236	6.8183	3.5331	0.0200	0.0150	0.0050	0.0187	0.0139	0.0048	0.0013	0.0011	0.0002	0.0017	0.0014	0.0003	0.0010	0.0008	0.0002	0.0007	0.0006	0.0001	1.3828	1.2018	0.1809	0.6537	0.5740	0.0797	0.7291	0.6279	0.1012	0.2382	0.1427	0.0955	0.0610	0.0545	0.0065	0.1772	0.0882	0.0890	2.0635	1.2876	9.2021	1.7987	1.7580	1.7898	0.4431	0.2364	2.7541	0.0070	0.0097	0.0030	0.0159	0.0138	0.0336	0.0039	0.0071	0.0008
56	111	0.2376	6	0	0	0	1	0	0	0	0	N	N	N	N	N	N	N	N	N	N	N	N	0.7643	0.6407	12.1163	1.2795	1.2003	1.7798	0.4727	0.0107	50.7996	0.4759	0.5315	0.0198	1.4020	1.4918	0.0242	0.0055	0.0034	0.0187	0.6226	0.8296	0.0016	1.0957	1.2428	0.0136	0.0115	0.3210	0.0004	0.0045	0.0116	-0.1618	-0.0161	14.8542	16.9399	6.8183	15.9768	0.5724	0.5699	0.0026	0.5681	0.5675	0.0006	0.0044	0.0024	0.0020	0.0261	0.0258	0.0003	0.0252	0.0250	0.0002	0.0008	0.0007	0.0001	1.2030	1.0722	0.1307	0.4052	0.3804	0.0248	0.7978	0.6918	0.1059	0.4484	0.2659	0.1825	0.1113	0.0939	0.0174	0.3371	0.1720	0.1651	8.1902	5.4875	12.1163	6.1833	5.6031	1.7798	2.2778	0.7884	50.7996	0.0581	0.0968	0.0016	0.2267	0.2662	0.0136	0.0024	0.0043	0.0004
56	112	0.3420	10	1	1	0	2	0	0	0	0	N	N	N	Y	N	N	N	N	N	N	N	N	0.6978	0.3795	0.0000	0.8659	0.7854	2.6901	0.1765	0.0000	0.0010	0.0011	0.0000	0.0021	0.0021	0.0000	0.0001	0.0001	0.0000	0.0014	0.0030	0.0000	0.0024	0.0027	0.0000	0.0000	0.0004	0.0000	0.0000	0.0101	-0.0000	-0.0000	14.8542	0.0019	6.8183	1.9928	0.0000	0.0000	0.0000	0.0000	0.0000	0.0000	0.0000	0.0000	0.0000	0.0000	0.0000	0.0000	0.0000	0.0000	0.0000	0.0000	0.0000	0.0000	0.0003	0.0003	0.0000	0.0002	0.0002	0.0000	0.0002	0.0001	0.0000	0.0265	0.0170	0.0094	0.0084	0.0074	0.0010	0.0181	0.0096	0.0085	1.3095	0.9577	0.0000	0.8659	0.7854	0.0000	4.6946	40.3672	0.0000	0.0008	0.0012	0.0000	0.0024	0.0027	0.0000	0.0000	0.0000	0.0000	
56	113	0.3185	9	1	1	0	2	0	0	0	0	N	N	N	Y	N	N	N	N	N	N	N	N	0.1485	0.2462	0.0183	0.7545	0.6544	511.5147	0.0115	0.4354	0.0001	0.0081	0.0090	0.0005	0.0194	0.0204	0.0023	0.0006	0.0007	0.0000	0.0545	0.0364	0.0257	0.0257	0.0311	0.0000	0.0540	0.0016	0.0235	0.0059	1.2650	-0.0016	-0.0001	14.8542	8.6942	6.8183	6.0502	0.0055	0.0055	0.0000	0.0053	0.0053	0.0000	0.0003	0.0003	0.0000	0.0018	0.0008	0.0010	0.0008	0.0008	0.0000	0.0010	0.0000	0.0010	0.6844	0.6150	0.0694	0.2721	0.2577	0.0144	0.4123	0.3572	0.0551	0.2024	0.1239	0.0785	0.0558	0.0495	0.0063	0.1466	0.0744	0.0723	0.9130	1.4002	0.0368	1.3711	1.2768	511.5147	0.0904	22.6713	0.0002	0.0089	0.0064	0.0128	0.0142	0.0160	0.0000	0.0068	0.0000	0.0139
56	114	0.3396	13	0	1	0	2	0	0	0	0	N	N	N	Y	N	N	N	N	N	N	N	N	0.0000	0.0000	0.0000	0.0000	0.0000	0.0000	0.0000	0.0000	0.0000	0.0000	0.0000	0.0000	0.0000	0.0000	0.0000	0.0000	0.0000	0.0000	0.0000	0.0000	14.8542	0.0001	6.8183	0.0001	0.0000	0.0000	0.0000	0.0000	0.0000	0.0000	0.0000	0.0000	0.0000	0.0000	0.0000	0.0000	0.0000	0.0000	0.0000	0.0000	0.0000	0.0000	0.0000	0.0000	0.0000	0.0000	0.0000	0.0000	0.0000	0.0000	0.0000	0.0000	0.0000	0.0000	0.0000	0.0000	0.0000	0.0000	0.0000	0.0000	0.0000	0.0000	0.0000	0.0000	0.0000	0.0000	0.0000	0.0000	0.0000	0.0000	0.0000	0.0000	0.0000	0.0000	0.0000	0.0000	0.0000	0.0000											
56	115	0.3329	12	0	1	0	2	0	0	0	0	N	N	N	Y	N	N	N	N	N	N	N	N	4288.1008	4025220.2055	0.0000	0.9460	732.8393	0.0000	6587730.5113	inf	0.0000	3.5266	3.9510	0.0000	0.0017	0.0018	0.0000	5.5347	6.3893	0.0000	0.0008	0.0000	0.0013	0.0018	0.0000	0.0150	0.0000	0.0000	0.0000	0.0000	827.8367	-0.2241	0.0000	14.8542	3.0007	6.8183	1.0012	0.7805	0.7805	0.0000	0.0001	0.0001	0.0000	0.7803	0.7803	0.0000	0.0000	0.0000	0.0000	0.0000	0.0000	0.0000	0.0000	0.0000	0.0000	0.2213	0.1975	0.0238	0.0803	0.0754	0.0049	0.1410	0.1221	0.0189	0.0533	0.0327	0.0207	0.0145	0.0128	0.0018	0.0388	0.0199	0.0189	7075.6142	4025220.2055	0.0000	0.9460	732.8393	0.0000	6587730.5113	inf	0.0000	0.0005	0.0000	0.0013	0.0018	0.0000	0.0150	0.0000	0.0000	0.0000
56	116	0.3310	11	0	0	0	2	0	0	0	0	N	N	N	Y	N	N	N	N	N	N	N	N	0.2201	0.1122	0.0049	0.1522	0.1309	0.0016	234.9604	1.1006	0.0000	0.0010	0.0011	0.0000	0.0014	0.0015	0.0000	0.0007	0.0009	0.0000	0.0045	0.0099	0.0000	0.0092	0.0114	0.0003	0.0000	0.0008	0.0000	0.0000	0.0062	-0.0000	-0.0000	14.8542	1.1177	6.8183	0.0023	0.0001	0.0001	0.0000	0.0000	0.0000	0.0000	0.0000	0.0000	0.0000	0.0000	0.0000	0.0000	0.0000	0.0000	0.0000	0.0000	0.0000	0.0000	0.0863	0.0773	0.0091	0.0335	0.0315	0.0020	0.0528	0.0458	0.0071	0.0150	0.0091	0.0058	0.0041	0.0036	0.0005	0.0109	0.0056	0.0053	0.5561	0.3825	0.0049	0.2122	0.1996	0.0016	234.9604	148.5128	0.0000	0.0018	0.0029	0.0000	0.0066	0.0074	0.0003	0.0000	0.0000	0.0000
56	117	0.3280	7	0	1	0	1	0	0	0	0	N	N	N	N	N	N	N	N	N	N	N	N	2.1354	1.5041	1.0141	9.2854	9.8215	4.7612	0.8275	0.0785	0.0070	0.0386	0.0424	0.0058	0.0513	0.0530	0.0255	0.0303	0.0349	0.0000	0.0181	0.0282	0.0057	0.0055	0.0054	0.0054	0.0366	0.4445	0.0042	0.0156	0.4745	-0.0242	-0.0011	14.8542	31.2782	6.8183	23.9277	0.0891	0.0878	0.0014	0.0467	0.0454	0.0014	0.0424	0.0424	0.0000	0.0036	0.0024	0.0011	0.0008	0.0007	0.0001	0.0027	0.0017	0.0010	2.3097	2.0715	0.2382	0.9104	0.8569	0.0535	1.3993	1.2146	0.1847	0.6963	0.4203	0.2759	0.1773	0.1590	0.0183	0.5190	0.2614	0.2576	7.5543	7.3828	1.3867	11.1467	11.7171	4.7612	5.7381	5.3856	0.0071	0.0051	0.0057	0.0041	0.0046	0.0045	0.0054	0.0053	0.0065	0.0041
56	118	0.3310	11	0	0	1	2	0	0	0	0	N	N	N	Y	N	N	N	N	N	N	N	N	1485057.6294	inf	0.0000	162.9653	inf	0.0000	128935907.8025	inf	0.0000	2.6992	3.0212	0.0000	0.0011	0.0011	0.0000	4.2846	4.9453	0.0000	0.0000	0.0000	0.0000	0.0000	0.0000	0.0001	0.0000	0.0000	0.0000	0.0000	inf	-0.2241	0.0000	14.8542	3.8827	6.8183	2.9998	0.7804	0.7804	0.0000	0.0001	0.0001	0.0000	0.7803	0.7803	0.0000	0.0000	0.0000	0.0000	0.0000	0.0000	0.0000	0.0000	0.0000	0.0000	0.2891	0.2583	0.0308	0.1070	0.1005	0.0065	0.1821	0.1578	0.0243	0.0908	0.0556	0.0352	0.0246	0.0216	0.0030	0.0662	0.0339	0.0323	1485057.6294	inf	0.0000	162.9653	inf	0.0000	128935907.8025	inf	0.0000	0.0000	0.0000	0.0000	0.0000	0.0000	0.0001	0.0000	0.0000	0.0000
56	119	0.3281	10	0	0	0	2	0	0	0	0	N	N	N	Y	N	N	N	N	N	N	N	N	31.1261	26.2716	0.8624	1.7129	1.5990	184.3926	inf	1.0401	0.0002	0.0002	0.0000	0.0000	0.0000	0.0000	0.0003	0.0004	0.0000	0.0000	0.0000	0.0000	0.0000	0.0000	0.0000	0.0000	0.0000	0.0000	0.0014	0.2467	-0.0000	-0.0000	14.8542	2.8083	6.8183	0.0030	0.0001	0.0001	0.0000	0.0000	0.0000	0.0000	0.0000	0.0000	0.0000	0.0000	0.0000	0.0000	0.0000	0.0000	0.0000	0.0000	0.0000	0.0000	0.2501	0.2254	0.0247	0.1046	0.0986	0.0060	0.1456	0.1268	0.0188	0.0376	0.0230	0.0146	0.0102	0.0090	0.0012	0.0274	0.0140	0.0134	31.1261	26.2716	0.8624	1.7129	1.5990	0.0000	184.3926	inf	1.0401	0.0000	0.0000	0.0000	0.0000	0.0000	0.0000	0.0000	0.0000	0.0000	
56	120	0.3281	10	0	0	1	2	0	0	0	0	N	N	N	Y	N	N	N	N	N	N	N	N	3977.7970	411.5525	23863.7889	458.4244	400.9154	inf	7533.0510	inf	27987.2460	0.0026	0.0002	0.0238	0.0005	0.0005	0.0006	0.0040	0.0000	0.0302	0.0000	0.0000	0.0000	0.0000	0.0000	0.0000	0.0000	0.0000	0.0000	14.8141	1.3989	0.0013	-0.0000	14.8542	9.6158	6.8183	0.0030	0.0020	0.0001	0.0018	0.0001	0.0001	0.0000	0.0018	0.0000	0.0018	0.0000	0.0000	0.0000	0.0000	0.0000	0.0000	0.0000	0.0000	0.0000	0.7386	0.6617	0.0769	0.2803	0.2636	0.0167	0.4583	0.3981	0.0603	0.1266	0.0774	0.0493	0.0343	0.0301	0.0041	0.0924	0.0472	0.0451	3977.7970	411.5525	23863.7889	458.4244	400.9154	inf	7533.0510	inf	27987.2460	0.0000	0.0000	0.0000	0.0000	0.0000	0.0000	0.0000	0.0000	0.0000
56	121	0.3185	9	0	0	0	2	0	0	0	0	N	N	N	Y	N	N	N	N	N	N	N	N	72.9363	71.5853	0.0176	86.2083	82.3147	0.0207	21.3985	5.3957	0.0194	0.0361	0.0399	0.0000	0.0661	0.0693	0.0000	0.0123	0.0142	0.0000	0.0005	0.0006	0.0003	0.0008	0.0008	0.0001	0.0006	0.0026	0.0003	0.0000	0.5140	-0.0038	-0.0000	14.8542	4.2457	6.8183	2.0144	0.0133	0.0133	0.0000	0.0107	0.0107	0.0000	0.0025	0.0025	0.0000	0.0000	0.0000	0.0000	0.0000	0.0000	0.0000	0.0000	0.0000	0.0000	0.3667	0.3318	0.0349	0.1626	0.1550	0.0076	0.2041	0.1767	0.0274	0.0922	0.0566	0.0356	0.0265	0.0238	0.0027	0.0657	0.0328	0.0329	98.3990	101.0925	0.0176	86.2083	82.3147	0.0207	59.4965	198.2951	0.0194	0.0004	0.0004	0.0003	0.0008	0.0008	0.0001	0.0002	0.0001	0.0003
56	122	0.2763	8	0	0	0	2	0	0	0	0	N	N	N	Y	N	N	N	N	N	N	N	N	0.1687	0.0406	7.4416	0.4898	0.4343	0.1632	0.0917	0.0081	9.4528	0.0049	0.0053	0.0006	0.0051	0.0054	0.0000	0.0047	0.0053	0.0008	0.0288	0.1317	0.0001	0.0104	0.0124	0.0001	0.0513	0.6600	0.0001	0.0134	0.0050	-0.0012	-0.0014	14.8542	11.9190	6.8183	13.1740	0.0045	0.0045	0.0001	0.0018	0.0018	0.0000	0.0028	0.0027	0.0001	0.0022	0.0022	0.0000	0.0006	0.0006	0.0000	0.0017	0.0017	0.0000	0.9293	0.8335	0.0958	0.3453	0.3271	0.0182	0.5840	0.5064	0.0776	0.3328	0.1984	0.1344	0.0760	0.0680	0.0080	0.2568	0.1304	0.1264	0.7194	0.4743	7.4416	0.7029	0.6650	0.1632	0.7136	0.4115	9.4528	0.0068	0.0113	0.0001	0.0073	0.0081	0.0001	0.0066	0.0129	0.0001
56	123	0.7032	12	0	0	1	2	0	0	0	0	N	N	N	Y	N	N	N	N	N	N	N	N	3.1956	1.1190	0.8194	63.2574	57.6391	0.0000	0.0579	0.0074	0.9470	0.0668	0.0730	0.0004	0.1247	0.1306	0.0000	0.0047	0.0053	0.0006	0.0209	0.0653	0.0005	0.0020	0.0023	0.0000	0.0813	0.7186	0.0006	0.0005	0.0320	-0.0204	-0.0006	14.8542	12.8936	6.8183	4.1514	0.0713	0.0713	0.0000	0.0689	0.0689	0.0000	0.0024	0.0024	0.0000	0.0010	0.0009	0.0000	0.0001	0.0001	0.0000	0.0008	0.0008	0.0000	1.0682	0.9764	0.0919	0.5526	0.5276	0.0250	0.5156	0.4488	0.0668	0.1723	0.1137	0.0586	0.0720	0.0626	0.0094	0.1003	0.0511	0.0492	11.8391	8.8178	0.8194	63.2574	57.6391	0.0000	0.5688	0.3399	0.9470	0.0056	0.0083	0.0005	0.0020	0.0023	0.0000	0.0083	0.0157	0.0006
56	124	0.2916	9	0	1	0	1	0	0	0	0	N	N	N	N	N	N	N	N	N	N	N	N	0.0015	0.0012	0.0144	0.0005	0.0005	0.0000	0.0809	0.0058	0.0169	0.0008	0.0009	0.0000	0.0005	0.0005	0.0000	0.0010	0.0011	0.0000	0.5422	0.7342	0.0022	0.9136	0.9687	0.0004	0.0119	0.1915	0.0023	0.0042	0.0197	-0.0002	-0.0082	14.8542	12.7386	6.8183	8.7370	0.0008	0.0008	0.0000	0.0002	0.0002	0.0000	0.0006	0.0006	0.0000	0.0135	0.0133	0.0003	0.0130	0.0130	0.0000	0.0006	0.0003	0.0003	0.9552	0.8541	0.1010	0.3316	0.3127	0.0189	0.6236	0.5414	0.0822	0.2989	0.1779	0.1210	0.0735	0.0663	0.0072	0.2254	0.1116	0.1138	0.0176	0.0119	0.0144	0.0027	0.0026	0.0000	0.3951	0.4234	0.0169	0.0453	0.0746	0.0022	0.1767	0.1959	0.0004	0.0024	0.0026	0.0023
56	125	0.2763	8	0	1	0	1	0	0	0	0	N	N	N	N	N	N	N	N	N	N	N	N	6.4840	3.9508	0.0019	9.1099	8.5538	0.0006	5.1213	0.4196	0.0023	0.0159	0.0177	0.0000	0.0262	0.0275	0.0000	0.0094	0.0109	0.0000	0.0025	0.0045	0.0003	0.0029	0.0032	0.0005	0.0018	0.0259	0.0003	0.0000	0.1177	-0.0032	-0.0001	14.8542	8.6431	6.8183	1.4782	0.0112	0.0112	0.0000	0.0071	0.0071	0.0000	0.0041	0.0041	0.0000	0.0002	0.0001	0.0000	0.0001	0.0001	0.0000	0.0001	0.0000	0.0000	0.7021	0.6310	0.0710	0.2711	0.2575	0.0136	0.4309	0.3735	0.0574	0.1407	0.0840	0.0567	0.0328	0.0295	0.0033	0.1079	0.0545	0.0534	14.4585	10.7287	0.0019	9.1099	8.7602	0.0006	16.8263	12.9685	0.0023	0.0011	0.0016	0.0003	0.0029	0.0031	0.0005	0.0006	0.0008	0.0003
56	126	0.2668	7	0	0	0	1	0	0	0	0	N	N	N	N	N	N	N	N	N	N	N	N	299.1967	1416.9009	0.0240	10.8048	50.2668	0.0004	6157.1616	355.6036	1.8290	0.4545	0.5068	0.0000	0.0304	0.0323	0.0000	0.7118	0.8188	0.0000	0.0015	0.0004	0.0017	0.0028	0.0006	0.0332	0.0001	0.0023	0.0000	0.0000	3.3190	-0.0497	0.0000	14.8542	4.1618	6.8183	2.0491	0.1731	0.1731	0.0000	0.0044	0.0044	0.0000	0.1688	0.1688	0.0000	0.0001	0.0000	0.0001	0.0001	0.0000	0.0001	0.0000	0.0000	0.0000	0.3809	0.3416	0.0393	0.1438	0.1355	0.0083	0.2371	0.2061	0.0310	0.1010	0.0644	0.0366	0.0273	0.0252	0.0021	0.0737	0.0392	0.0345	572.5993	1757.8515	0.0240	10.8048	50.2668	0.0004	16001.5193	13499.5755	1.8290	0.0008	0.0003	0.0017	0.0028	0.0006	0.0287	0.0000	0.0001	0.0000
56	127	0.2376	6	0	0	0	1	0	0	0	0	N	N	N	N	N	N	N	N	N	N	N	N	2.8594	2.2088	120.3426	0.0202	0.0162	0.0016	3.3517	1.6871	9820.5099	1.1928	1.3359	0.0295	0.0005	0.0005	0.0000	1.8028	2.0756	0.0366	0.4172	0.6048	0.0002	0.0239	0.0317	0.0018	0.5379	1.2302	0.0000	0.0027	0.0033	-0.2329	-0.0047	14.8542	9.4810	6.8183	7.4917	0.8190	0.8167	0.0022	0.0001	0.0001	0.0000	0.8188	0.8166	0.0022	0.0075	0.0075	0.0000	0.0009	0.0009	0.0000	0.0065	0.0065	0.0000	0.6866	0.6114	0.0752	0.2324	0.2179	0.0145	0.4542	0.3934	0.0608	0.2508	0.1492	0.1015	0.0701	0.0566	0.0135	0.1806	0.0927	0.0880	39.9656	26.7262	120.3426	0.0357	0.0315	0.0016	49.8086	29.4137	9820.5099	0.0298	0.0500	0.0002	0.0135	0.0163	0.0018	0.0362	0.0706	0.0000
56	128	0.7155	13	1	1	0	1	0	0	0	0	N	N	N	N	N	N	N	N	N	N	N	N	72.2438	43.1050	687.3518	71.5430	65.7351	inf	inf	inf	inf	0.0208	0.0230	0.0001	0.0417	0.0441	0.0002	0.0000	0.0000	0.0000	0.0003	0.0005	0.0000	0.0006	0.0007	0.0000	0.0000	0.0000	0.0000	0.0003	0.0001	-0.0009	-0.0000	14.8542	2.0107	6.8183	1.9995	0.0030	0.0030	0.0000	0.0030	0.0030	0.0000	0.0000	0.0000	0.0000	0.0000	0.0000	0.0000	0.0000	0.0000	0.0000	0.0000	0.0000	0.0000	0.1437	0.1297	0.0140	0.0715	0.0677	0.0039	0.0721	0.0620	0.0102	0.0391	0.0261	0.0130	0.0174	0.0151	0.0023	0.0217	0.0110	0.0107	79.9257	59.1420	687.3518	71.5430	65.7351	inf	inf	inf	inf	0.0003	0.0004	0.0000	0.0006	0.0007	0.0000	0.0000	0.0000	0.0000
56	129	0.7032	12	1	1	0	1	0	0	0	0	N	N	N	N	N	N	N	N	N	N	N	N	1498.6914	1064.7473	136.5422	1176.0327	1069.9347	1213.5736	1186.1186	47.5061	69.2947	0.0444	0.0479	0.0018	0.0704	0.0730	0.0038	0.0119	0.0134	0.0010	0.0000	0.0000	0.0000	0.0001	0.0001	0.0000	0.0000	0.0003	0.0000	0.0031	0.1769	-0.0072	-0.0000	14.8542	5.6459	6.8183	1.1399	0.0254	0.0254	0.0001	0.0224	0.0224	0.0000	0.0030	0.0030	0.0000	0.0000	0.0000	0.0000	0.0000	0.0000	0.0000	0.0000	0.0000	0.0000	0.5721	0.5290	0.0431	0.3185	0.3065	0.0120	0.2536	0.2225	0.0311	0.0706	0.0467	0.0239	0.0296	0.0258	0.0038	0.0411	0.0210	0.0201	1498.6914	1258.1227	136.5422	1176.0327	1069.9347	1213.5736	1502.7450	13302.9399	69.2947	0.0000	0.0000	0.0000	0.0001	0.0001	0.0000	0.0000	0.0000	0.0000
56	130	0.6729	11	0	0	0	1	0	0	0	0	N	N	N	N	N	N	N	N	N	N	N	N	13.7801	11.4714	11.9623	24.9479	30.5963	6.3738	2.4876	0.2939	3.9643	0.0266	0.0283	0.0098	0.0507	0.0519	0.0298	0.0014	0.0014	0.0009	0.0019	0.0025	0.0008	0.0020	0.0017	0.0047	0.0005	0.0049	0.0002	0.0362	0.4151	-0.0066	-0.0001	14.8542	11.6079	6.8183	5.3766	0.0262	0.0253	0.0009	0.0255	0.0247	0.0009	0.0007	0.0006	0.0001	0.0002	0.0001	0.0001	0.0002	0.0001	0.0000	0.0000	0.0000	0.0000	0.9853	0.8914	0.0939	0.5039	0.4751	0.0288	0.4814	0.4163	0.0651	0.2080	0.1365	0.0715	0.0860	0.0763	0.0096	0.1221	0.0602	0.0619	27.8150	27.5502	11.9623	24.9479	30.5963	6.3738	6.8462	7.9391	3.9643	0.0010	0.0010	0.0008	0.0020	0.0017	0.0047	0.0002	0.0002	0.0002
56	131	0.6550	10	0	0	0	1	0	0	0	0	N	N	N	N	N	N	N	N	N	N	N	N	0.0130	0.0088	1.6292	0.0251	0.0161	2.7101	0.0637	0.0063	0.6172	0.0066	0.0057	0.0155	0.0096	0.0072	0.0507	0.0036	0.0040	0.0011	0.5124	0.6538	0.0095	0.3803	0.4505	0.0187	0.0572	0.6417	0.0019	0.2775	0.0514	-0.0002	-0.0046	14.8542	3.9355	6.8183	8.7078	0.0025	0.0020	0.0005	0.0018	0.0013	0.0005	0.0007	0.0006	0.0000	0.0079	0.0075	0.0004	0.0072	0.0069	0.0003	0.0007	0.0006	0.0001	0.3754	0.3404	0.0350	0.1902	0.1800	0.0101	0.1853	0.1604	0.0249	0.1956	0.1306	0.0651	0.0942	0.0783	0.0158	0.1015	0.0522	0.0492	0.1638	0.0992	2.5967	0.1246	0.0820	2.7101	0.5213	0.3408	0.6172	0.0405	0.0578	0.0060	0.0767	0.0884	0.0187	0.0070	0.0118	0.0019
56	132	0.6434	9	0	0	0	1	0	0	0	0	N	N	N	N	N	N	N	N	N	N	N	N	0.0031	0.0026	0.0945	0.0065	0.0064	0.0428	0.0058	0.0005	0.4339	0.0016	0.0017	0.0011	0.0028	0.0029	0.0024	0.0004	0.0003	0.0006	0.5120	0.6457	0.0119	0.4361	0.4486	0.0565	0.0615	0.6630	0.0014	0.0714	0.0605	-0.0002	-0.0036	14.8542	6.2657	6.8183	3.9760	0.0009	0.0009	0.0001	0.0008	0.0008	0.0000	0.0001	0.0001	0.0000	0.0064	0.0060	0.0004	0.0057	0.0054	0.0003	0.0006	0.0006	0.0001	0.5732	0.5186	0.0546	0.2901	0.2744	0.0157	0.2831	0.2441	0.0389	0.1568	0.1058	0.0510	0.0683	0.0613	0.0070	0.0886	0.0445	0.0441	0.0397	0.0293	0.1584	0.0339	0.0324	0.0560	0.0486	0.0240	0.4339	0.0405	0.0566	0.0071	0.0836	0.0882	0.0431	0.0073	0.0131	0.0014
56	133	0.5661	8	0	0	0	1	0	0	0	0	N	N	N	N	N	N	N	N	N	N	N	N	0.3688	0.1667	0.3669	1.2103	1.1146	1.4286	0.3123	0.0347	0.1710	0.0219	0.0240	0.0025	0.0275	0.0287	0.0075	0.0172	0.0198	0.0009	0.0594	0.1440	0.0069	0.0227	0.0257	0.0053	0.0551	0.5688	0.0051	0.0115	0.2180	-0.0124	-0.0026	14.8542	26.7012	6.8183	18.2690	0.0450	0.0445	0.0005	0.0258	0.0254	0.0004	0.0192	0.0191	0.0001	0.0058	0.0048	0.0010	0.0031	0.0030	0.0001	0.0027	0.0018	0.0009	2.0544	1.8530	0.2014	0.9368	0.8862	0.0506	1.1177	0.9668	0.1508	0.6294	0.4109	0.2184	0.2408	0.2174	0.0234	0.3886	0.1936	0.1950	2.3747	2.0701	0.5347	2.1152	2.0705	1.4286	2.5005	2.1751	0.1866	0.0092	0.0116	0.0048	0.0130	0.0138	0.0053	0.0069	0.0091	0.0047
56	134	0.3280	7	0	0	0	1	0	0	0	0	N	N	N	N	N	N	N	N	N	N	N	N	0.0495	0.0398	0.2328	0.0427	0.0424	0.0202	2.1337	0.1031	0.3258	0.0246	0.0273	0.0003	0.0356	0.0377	0.0001	0.0179	0.0205	0.0004	0.4963	0.6867	0.0013	0.8344	0.8900	0.0040	0.0084	0.1988	0.0011	0.0013	0.0141	-0.0286	-0.0292	14.8542	61.4372	6.8183	55.8589	0.1000	0.0999	0.0001	0.0548	0.0548	0.0000	0.0452	0.0451	0.0001	0.0474	0.0468	0.0007	0.0456	0.0455	0.0001	0.0018	0.0013	0.0005	4.0660	3.6522	0.4137	1.5363	1.4505	0.0859	2.5297	2.2018	0.3279	1.2373	0.7389	0.4983	0.2938	0.2604	0.0335	0.9434	0.4786	0.4649	0.6413	0.4319	0.2328	0.2296	0.2161	0.0202	9.2435	7.5387	0.3258	0.0383	0.0633	0.0013	0.1553	0.1747	0.0040	0.0019	0.0027	0.0011
56	135	0.2376	6	0	0	0	1	0	0	0	0	N	N	N	N	N	N	N	N	N	N	N	N	2.0192	0.7694	9.9121	60.2512	51.3874	5.5765	0.1136	0.0291	9.1017	0.2350	0.2630	0.0013	0.6598	0.7015	0.0035	0.0216	0.0247	0.0008	0.1164	0.3419	0.0001	0.0110	0.0137	0.0006	0.1902	0.8505	0.0001	0.0006	0.0045	-0.1464	-0.0048	14.8542	31.7621	6.8183	18.5886	0.5110	0.5107	0.0003	0.4797	0.4795	0.0002	0.0313	0.0311	0.0002	0.0078	0.0077	0.0000	0.0012	0.0012	0.0000	0.0066	0.0066	0.0000	2.1745	1.9416	0.2329	0.7271	0.6836	0.0434	1.4474	1.2579	0.1895	0.6509	0.3858	0.2651	0.1537	0.1323	0.0214	0.4972	0.2535	0.2437	19.7128	13.1372	9.9121	86.5810	80.1489	5.5765	1.6301	0.9548	9.1017	0.0119	0.0200	0.0001	0.0076	0.0088	0.0006	0.0132	0.0259	0.0001
57	59	0.7444	12	0	0	0	2	0	0	0	0	N	N	N	Y	N	N	N	N	N	N	N	N	0.0000	0.0000	0.0000	0.0000	0.0000	0.0000	0.0000	0.0000	0.0000	0.0000	0.0000	0.0000	0.0000	0.0000	0.0000	0.0000	0.0000	0.0000	-0.0000	-0.0000	33.5853	0.0000	9.3450	0.0000	0.0000	0.0000	0.0000	0.0000	0.0000	0.0000	0.0000	0.0000	0.0000	0.0000	0.0000	0.0000	0.0000	0.0000	0.0000	0.0000	0.0000	0.0000	0.0000	0.0000	0.0000	0.0000	0.0000	0.0000	0.0000	0.0000	0.0000	0.0000	0.0000	0.0000	0.0000	0.0000	0.0000	0.0000	0.0000	0.0000	0.0000	0.0000	0.0000	0.0000	0.0000	0.0000	0.0000	0.0000	0.0000	0.0000	0.0000	0.0000	0.0000	0.0000	0.0000	0.0000	0.0000	0.0000											
57	60	0.6670	11	0	0	0	2	0	0	0	0	N	N	N	Y	N	N	N	N	N	N	N	N	1.4521	34.8449	0.0057	70.1756	62.1091	1.7693	1.1973	3.6825	0.0050	0.7892	0.8814	0.0041	0.6458	0.6904	0.0053	0.8767	1.0066	0.0038	0.5435	0.0253	0.7221	0.0092	0.0111	0.0030	0.7322	0.2733	0.7514	0.0006	12.9667	-0.5368	0.0064	33.5853	19.3360	9.3450	7.9957	1.8733	1.8722	0.0010	0.5808	0.5805	0.0003	1.2925	1.2917	0.0007	0.0214	0.0015	0.0199	0.0011	0.0010	0.0001	0.0204	0.0006	0.0198	2.3736	2.1240	0.2495	0.8993	0.8407	0.0585	1.4743	1.2833	0.1910	0.4698	0.2847	0.1851	0.1619	0.1343	0.0275	0.3080	0.1504	0.1576	17.2971	163.4983	0.0385	98.0334	94.2464	1.7693	13.2536	274.7938	0.0301	0.0456	0.0054	0.1075	0.0066	0.0073	0.0030	0.0661	0.0037	0.1258
57	61	0.3569	9	0	1	1	1	0	0	0	0	N	N	N	N	N	N	N	N	N	N	N	N	22.8596	2.2336	936.4471	82.4532	15.8128	71598.3177	0.1489	0.0117	0.9501	0.5367	0.1302	4.0364	1.4204	0.3210	20.0083	0.0049	0.0051	0.0036	0.0235	0.0583	0.0043	0.0172	0.0203	0.0003	0.0332	0.4382	0.0038	3.6006	0.3765	0.5827	-0.0011	33.5853	14.2360	9.3450	11.9336	1.1760	0.2556	0.9204	1.1692	0.2495	0.9197	0.0068	0.0061	0.0007	0.0032	0.0023	0.0009	0.0010	0.0010	0.0000	0.0022	0.0013	0.0009	2.1911	1.9631	0.2280	0.8232	0.7772	0.0460	1.3680	1.1859	0.1820	0.5360	0.2949	0.2410	0.0986	0.0883	0.0102	0.4374	0.2066	0.2308	89.4154	16.4315	1105.6202	134.8635	27.3911	71598.3177	0.9919	0.8165	0.9501	0.0060	0.0079	0.0037	0.0105	0.0117	0.0003	0.0050	0.0063	0.0038
57	62	0.2848	9	1	0	1	1	0	0	0	0	N	N	N	N	N	N	N	N	N	N	N	N	0.5521	0.4450	0.6002	1.5124	1.5359	0.4975	0.0174	0.0099	0.5380	0.4739	0.5269	0.0075	1.3588	1.4288	0.0235	0.0168	0.0186	0.0043	0.8583	1.1840	0.0124	0.8984	0.9303	0.0472	0.9652	1.8809	0.0079	0.0016	0.0218	-0.5733	-0.0809	33.5853	28.8660	9.3450	13.2209	2.0078	2.0046	0.0032	1.9610	1.9593	0.0017	0.0469	0.0453	0.0015	0.1332	0.1304	0.0028	0.0247	0.0241	0.0005	0.1085	0.1062	0.0023	4.2370	3.8043	0.4327	1.4431	1.3713	0.0718	2.7939	2.4330	0.3608	0.8644	0.4760	0.3884	0.1442	0.1300	0.0142	0.7201	0.3460	0.3741	3.0753	1.9240	1.0202	7.9476	7.6977	0.6294	0.1113	0.0607	0.6913	0.1541	0.2739	0.0073	0.1710	0.1856	0.0373	0.1507	0.3070	0.0062
57	63	0.2821	8	1	1	0	1	0	0	0	0	N	N	N	N	N	N	N	N	N	N	N	N	0.8570	0.3203	20.7098	0.7253	0.4377	97.9263	2.0305	1.7765	0.7092	0.0061	0.0051	0.0141	0.0144	0.0103	0.0727	0.0022	0.0025	0.0005	0.0071	0.0158	0.0007	0.0199	0.0234	0.0007	0.0011	0.0014	0.0007	0.3478	0.1306	-0.0001	-0.0004	33.5853	5.0237	9.3450	8.0282	0.0049	0.0036	0.0013	0.0036	0.0024	0.0012	0.0012	0.0012	0.0000	0.0008	0.0007	0.0001	0.0007	0.0007	0.0000	0.0001	0.0000	0.0001	0.8078	0.7184	0.0894	0.2525	0.2356	0.0169	0.5552	0.4827	0.0725	0.3165	0.1780	0.1385	0.0613	0.0552	0.0061	0.2553	0.1228	0.1324	2.3442	1.2434	20.7098	1.2201	0.7856	97.9263	6.1871	114.6862	0.7092	0.0026	0.0041	0.0007	0.0118	0.0131	0.0007	0.0004	0.0000	0.0007
57	64	0.2190	7	1	1	0	1	0	0	0	0	N	N	N	N	N	N	N	N	N	N	N	N	0.8354	0.8778	0.0950	0.9789	1.0137	18.3904	0.4790	0.8654	0.1267	0.4995	0.5541	0.0194	0.9465	1.0106	0.0136	0.2338	0.2641	0.0212	0.5979	0.6312	0.2040	0.9669	0.9970	0.0007	0.4881	0.3052	0.1669	0.0040	0.8391	-0.4634	-0.0079	33.5853	17.5893	9.3450	19.0270	1.6365	1.6300	0.0065	1.1560	1.1549	0.0011	0.4806	0.4752	0.0054	0.0458	0.0249	0.0209	0.0235	0.0235	0.0000	0.0223	0.0014	0.0209	3.2766	2.9420	0.3346	1.2213	1.1428	0.0785	2.0553	1.7992	0.2561	0.8553	0.4564	0.3989	0.1235	0.1146	0.0089	0.7318	0.3418	0.3901	9.3281	10.1544	0.3701	4.9742	4.9317	18.3904	7.6738	63.9845	0.3951	0.0535	0.0546	0.0524	0.1903	0.2049	0.0007	0.0305	0.0041	0.0535
57	65	0.2127	6	0	1	0	1	0	0	0	0	N	N	N	N	N	N	N	N	N	N	N	N	0.4936	0.3330	7.1818	0.4167	0.4118	3.3445	0.1805	0.1001	7.8641	1.0476	1.1601	0.0742	2.9488	3.0863	0.2956	0.1584	0.1768	0.0346	2.1225	3.4838	0.0103	7.0768	7.4944	0.0884	0.8778	1.7657	0.0044	0.0074	0.0012	-0.0991	-0.2536	33.5853	1.7566	9.3450	2.8742	0.3542	0.3516	0.0026	0.3177	0.3162	0.0016	0.0365	0.0355	0.0010	0.4043	0.4038	0.0005	0.3899	0.3897	0.0002	0.0144	0.0141	0.0003	0.3381	0.3031	0.0350	0.1078	0.1024	0.0053	0.2304	0.2007	0.0297	0.1905	0.1159	0.0746	0.0551	0.0520	0.0031	0.1354	0.0639	0.0715	0.4936	0.3330	11.4948	0.4167	0.4118	5.1797	1.4864	0.7998	8.1212	2.1225	3.4838	0.0065	7.0768	7.4944	0.0571	0.1066	0.2210	0.0043
57	66	0.3569	9	0	1	0	1	0	0	0	0	N	N	N	N	N	N	N	N	N	N	N	N	5.3439	0.0180	295.3581	0.6545	0.6768	1.2969	4.3941	0.0010	483.7684	0.3158	0.0025	3.0305	0.0061	0.0054	0.0173	0.5001	0.0007	3.7973	0.0591	0.1413	0.0103	0.0093	0.0080	0.0133	0.1138	0.6785	0.0078	137.3448	0.4572	0.7059	-0.0018	33.5853	21.1811	9.3450	10.1862	1.0004	0.0072	0.9932	0.0072	0.0060	0.0011	0.9932	0.0012	0.9920	0.0058	0.0040	0.0018	0.0008	0.0006	0.0002	0.0050	0.0034	0.0017	3.1673	2.8396	0.3277	1.1812	1.1147	0.0665	1.9861	1.7249	0.2612	0.6325	0.3479	0.2846	0.1152	0.1031	0.0121	0.5173	0.2448	0.2725	34.3911	0.2222	473.2589	0.9179	0.9274	1.2969	51.2820	0.0496	622.9113	0.0092	0.0115	0.0064	0.0066	0.0059	0.0133	0.0098	0.0138	0.0061
57	67	0.3431	8	0	1	0	1	0	0	0	0	N	N	N	N	N	N	N	N	N	N	N	N	1.1154	0.1624	20.6144	1.7564	0.1441	21.8965	0.4118	0.0552	5.1763	0.0037	0.0005	0.0308	0.0078	0.0006	0.1309	0.0013	0.0005	0.0067	0.0033	0.0033	0.0015	0.0044	0.0042	0.0060	0.0032	0.0089	0.0013	6.6411	0.9619	0.0025	-0.0000	33.5853	7.4253	9.3450	0.9851	0.0043	0.0006	0.0037	0.0033	0.0002	0.0031	0.0010	0.0003	0.0007	0.0002	0.0001	0.0001	0.0001	0.0001	0.0000	0.0001	0.0000	0.0001	1.1768	1.0553	0.1215	0.4291	0.4056	0.0236	0.7476	0.6497	0.0979	0.1775	0.0970	0.0805	0.0306	0.0272	0.0034	0.1469	0.0698	0.0771	2.6484	0.4145	20.6144	1.9603	0.1634	21.8965	1.5437	1.4115	5.1763	0.0014	0.0013	0.0015	0.0040	0.0037	0.0060	0.0008	0.0003	0.0013
57	68	0.1638	3	0	0	1	1	0	0	0	0	N	N	N	N	N	N	N	N	N	N	N	N	9.2214	1.9585	822.7638	17.4189	16.6045	8.5207	8.7007	0.8304	998.0373	0.7576	0.5288	1.9790	0.3458	0.3771	0.0065	0.9933	0.6282	2.4564	0.0822	0.2700	0.0024	0.0199	0.0227	0.0008	0.1142	0.7565	0.0025	0.7010	0.1184	0.3511	-0.0035	33.5853	15.0354	9.3450	6.2061	2.8093	1.6516	1.1577	0.4667	0.4660	0.0007	2.3426	1.1856	1.1570	0.0067	0.0060	0.0007	0.0015	0.0015	0.0000	0.0052	0.0045	0.0007	3.7081	3.1231	0.5850	1.3498	1.2358	0.1140	2.3583	1.8873	0.4710	0.6625	0.3665	0.2960	0.1296	0.1198	0.0097	0.5329	0.2466	0.2863	74.6132	32.2202	822.7638	29.3102	29.7079	8.5207	101.8339	34.4774	998.0373	0.0102	0.0164	0.0024	0.0118	0.0127	0.0008	0.0098	0.0182	0.0025
57	69	0.0957	2	0	0	0	1	0	0	0	0	N	N	N	N	N	N	N	N	N	N	N	N	0.8370	0.4719	50.9179	0.3634	0.3818	25.9324	1.5582	0.2956	76.6806	0.4590	0.3660	0.8562	0.4998	0.5307	0.1356	0.4386	0.2653	0.9713	0.5484	0.7756	0.0168	1.3752	1.3898	0.0052	0.2814	0.8974	0.0127	0.5475	0.1050	0.2071	-0.0261	33.5853	27.6811	9.3450	13.1592	3.1060	2.0071	1.0989	1.1283	1.1043	0.0240	1.9777	0.9028	1.0750	0.0489	0.0442	0.0046	0.0316	0.0316	0.0000	0.0173	0.0126	0.0046	6.7672	5.4837	1.2835	2.2576	2.0809	0.1767	4.5096	3.4028	1.1068	1.0494	0.5212	0.5282	0.1008	0.0976	0.0032	0.9486	0.4236	0.5250	9.8561	4.3136	97.4138	1.5938	1.6402	25.9324	24.1042	8.8952	110.2370	0.0466	0.0848	0.0088	0.3136	0.3235	0.0052	0.0182	0.0298	0.0088
57	71	0.3463	9	1	1	0	1	0	0	0	0	N	N	N	N	N	N	N	N	N	N	N	N	65.6503	458.8594	3.0493	22.1106	286.9921	0.1340	1444.2412	20781.4392	103.0595	0.4626	0.5132	0.0222	0.5917	0.6262	0.0312	0.3859	0.4405	0.0199	0.0070	0.0011	0.0073	0.0268	0.0022	0.2331	0.0003	0.0000	0.0002	0.0050	6.7455	-0.3535	0.0003	33.5853	17.5448	9.3450	6.0013	1.2528	1.2466	0.0062	0.5972	0.5954	0.0018	0.6556	0.6513	0.0044	0.0012	0.0002	0.0011	0.0012	0.0002	0.0010	0.0000	0.0000	0.0000	2.7081	2.4291	0.2790	1.0092	0.9507	0.0585	1.6989	1.4784	0.2205	0.4809	0.2632	0.2177	0.0826	0.0733	0.0092	0.3983	0.1898	0.2085	179.4628	843.8770	4.4864	40.7332	286.9921	0.2773	3824.9786	7599363.6557	103.0595	0.0026	0.0006	0.0050	0.0145	0.0022	0.1127	0.0001	0.0000	0.0002
57	72	0.4147	12	1	1	1	1	0	0	0	0	N	N	N	N	N	N	N	N	N	N	N	N	0.0058	0.0074	0.0000	0.0193	0.0197	0.0000	0.0000	0.0034	0.0000	0.0000	0.0000	0.0000	0.0000	0.0001	0.0000	0.0000	0.0000	0.0000	0.0038	0.0034	0.0020	0.0025	0.0026	0.0000	0.0039	0.0000	0.0021	0.0000	0.7161	-0.0000	-0.0001	33.5853	1.8980	9.3450	2.9698	0.0000	0.0000	0.0000	0.0000	0.0000	0.0000	0.0000	0.0000	0.0000	0.0002	0.0001	0.0001	0.0001	0.0001	0.0000	0.0001	0.0000	0.0001	0.3396	0.3045	0.0351	0.1582	0.1485	0.0097	0.1814	0.1559	0.0254	0.1535	0.1031	0.0504	0.0556	0.0533	0.0023	0.0979	0.0497	0.0482	0.0145	0.0186	0.0000	0.0193	0.0197	0.0000	0.0001	1.2751	0.0000	0.0015	0.0013	0.0020	0.0025	0.0026	0.0000	0.0010	0.0000	0.0021
57	73	0.3952	11	1	0	1	1	0	0	0	0	N	N	N	N	N	N	N	N	N	N	N	N	0.0483	0.0369	0.2240	0.1240	0.1128	1.0051	0.0270	0.0017	0.1960	0.0003	0.0003	0.0005	0.0003	0.0003	0.0007	0.0004	0.0003	0.0005	0.0072	0.0090	0.0024	0.0028	0.0029	0.0007	0.0130	0.1920	0.0025	0.1401	0.5319	-0.0001	-0.0001	33.5853	3.5853	9.3450	4.3819	0.0004	0.0003	0.0000	0.0002	0.0002	0.0000	0.0002	0.0002	0.0000	0.0005	0.0003	0.0002	0.0001	0.0001	0.0000	0.0004	0.0002	0.0002	1.1176	1.0299	0.0877	0.5819	0.5588	0.0231	0.5357	0.4711	0.0646	0.1994	0.1248	0.0746	0.0528	0.0493	0.0035	0.1465	0.0754	0.0711	0.1327	0.1211	0.2240	0.1240	0.1128	1.0051	0.1373	0.1275	0.1960	0.0026	0.0027	0.0024	0.0028	0.0029	0.0007	0.0026	0.0026	0.0025
57	74	0.3637	10	1	0	1	1	0	0	0	0	N	N	N	N	N	N	N	N	N	N	N	N	57.9240	54.4753	16.4017	0.4129	0.8256	0.1748	161.5096	12.2297	76.2756	0.3651	0.4013	0.0373	0.0047	0.0044	0.0091	0.5983	0.6797	0.0451	0.0063	0.0074	0.0023	0.0114	0.0054	0.0521	0.0037	0.0556	0.0006	0.0103	0.7307	-0.2029	-0.0002	33.5853	12.3589	9.3450	7.3592	0.7327	0.7252	0.0074	0.0037	0.0033	0.0004	0.7290	0.7219	0.0070	0.0010	0.0006	0.0004	0.0006	0.0003	0.0003	0.0003	0.0002	0.0001	2.0066	1.8071	0.1995	0.7881	0.7450	0.0431	1.2185	1.0621	0.1564	0.4230	0.2416	0.1815	0.0830	0.0752	0.0078	0.3401	0.1664	0.1737	158.0015	171.6158	16.4017	0.6003	0.9843	0.2291	620.4677	502.0611	76.2756	0.0023	0.0023	0.0023	0.0078	0.0045	0.0397	0.0010	0.0014	0.0006
57	75	0.3463	9	1	0	1	1	0	0	0	0	N	N	N	N	N	N	N	N	N	N	N	N	15.1225	47.4758	3.4415	28.9555	44.6082	2.3644	1.0676	0.4184	2.1665	0.0080	0.0087	0.0022	0.0190	0.0199	0.0056	0.0011	0.0010	0.0012	0.0005	0.0002	0.0006	0.0007	0.0004	0.0024	0.0010	0.0025	0.0006	0.0287	3.0177	-0.0034	0.0000	33.5853	10.2127	9.3450	1.0234	0.0132	0.0129	0.0004	0.0122	0.0120	0.0002	0.0011	0.0009	0.0002	0.0001	0.0000	0.0001	0.0000	0.0000	0.0000	0.0001	0.0000	0.0001	1.6568	1.4864	0.1704	0.6392	0.6013	0.0378	1.0177	0.8851	0.1326	0.2358	0.1290	0.1068	0.0408	0.0362	0.0045	0.1951	0.0928	0.1023	21.0020	50.0104	3.4415	28.9555	44.6082	2.3644	3.2608	15.4532	2.1665	0.0004	0.0002	0.0006	0.0007	0.0004	0.0024	0.0003	0.0001	0.0006
57	76	0.3431	8	1	0	0	1	0	0	0	0	N	N	N	N	N	N	N	N	N	N	N	N	12.5811	19.9709	0.5482	8.3759	15.7925	0.0760	2.5457	0.1014	0.8892	0.0003	0.0003	0.0000	0.0007	0.0007	0.0000	0.0000	0.0000	0.0000	0.0000	0.0000	0.0000	0.0001	0.0000	0.0004	0.0000	0.0004	0.0000	0.0064	1.8606	-0.0000	0.0000	33.5853	3.7027	9.3450	0.0091	0.0002	0.0002	0.0000	0.0002	0.0002	0.0000	0.0000	0.0000	0.0000	0.0000	0.0000	0.0000	0.0000	0.0000	0.0000	0.0000	0.0000	0.0000	0.6160	0.5532	0.0628	0.2281	0.2162	0.0119	0.3878	0.3369	0.0509	0.0792	0.0433	0.0359	0.0137	0.0122	0.0015	0.0655	0.0311	0.0344	12.5811	21.7620	0.5482	8.3759	15.7925	0.0760	3.8319	23.1543	0.8892	0.0000	0.0000	0.0000	0.0001	0.0000	0.0004	0.0000	0.0000	0.0000
57	77	0.3261	7	0	0	0	1	0	0	0	0	N	N	N	N	N	N	N	N	N	N	N	N	0.4213	0.4322	0.0001	10.0797	10.2764	0.0203	0.1747	0.1238	0.0001	0.4102	0.4580	0.0003	0.6221	0.6774	0.0004	0.2019	0.2312	0.0002	0.9737	1.0597	2.4734	0.0617	0.0659	0.0200	1.1557	1.8682	2.4516	0.0001	1.4429	-0.1021	-0.0030	33.5853	3.8334	9.3450	6.1787	0.3556	0.3556	0.0000	0.2674	0.2673	0.0000	0.0883	0.0883	0.0000	0.0784	0.0321	0.0463	0.0020	0.0019	0.0001	0.0765	0.0302	0.0462	0.8670	0.7764	0.0906	0.4298	0.3947	0.0351	0.4372	0.3818	0.0554	0.2869	0.1683	0.1186	0.0708	0.0663	0.0045	0.2161	0.1019	0.1142	1.5001	2.4001	0.0007	22.4993	24.0527	0.0203	0.5704	0.7793	0.0004	0.2734	0.1908	0.3906	0.0276	0.0282	0.0200	0.3540	0.2967	0.4051
57	78	0.2870	6	0	0	0	1	0	0	0	0	N	N	N	N	N	N	N	N	N	N	N	N	39.6101	22.5234	242.9065	114.5740	103.3399	332.3244	13.2932	0.6854	197.6849	0.5593	0.5330	0.7898	1.0954	1.0740	1.4030	0.2538	0.2039	0.6068	0.0141	0.0237	0.0033	0.0096	0.0104	0.0042	0.0191	0.2975	0.0031	0.1691	0.4127	-0.2380	-0.0010	33.5853	16.9094	9.3450	5.8161	1.6707	1.4290	0.2417	1.1877	1.0890	0.0987	0.4830	0.3400	0.1430	0.0029	0.0020	0.0008	0.0012	0.0011	0.0001	0.0017	0.0009	0.0008	2.9873	2.6813	0.3060	1.0843	1.0139	0.0703	1.9030	1.6673	0.2357	0.6654	0.3956	0.2698	0.1703	0.1568	0.0135	0.4952	0.2388	0.2563	128.8438	103.1182	252.5634	161.6479	153.5183	332.3244	72.4549	51.3850	197.6849	0.0043	0.0052	0.0031	0.0068	0.0070	0.0042	0.0035	0.0040	0.0031
57	79	0.2127	6	0	1	0	1	0	0	0	0	N	N	N	N	N	N	N	N	N	N	N	N	0.4435	0.1750	5.4253	1.1587	1.1101	0.1199	0.5015	0.1507	7.4280	0.5138	0.2858	2.4380	0.0904	0.0953	0.0005	0.6684	0.3613	2.8032	1.1586	1.6336	0.4494	0.0780	0.0858	0.0040	1.3328	2.3984	0.3774	1.0106	0.0619	0.4092	-0.3523	33.5853	23.9173	9.3450	17.8091	1.8990	0.9445	0.9545	0.0894	0.0893	0.0000	1.8096	0.8552	0.9545	0.6180	0.5820	0.0360	0.0040	0.0040	0.0000	0.6140	0.5780	0.0360	3.6962	3.3047	0.3915	0.9889	0.9379	0.0510	2.7073	2.3668	0.3405	0.9600	0.5160	0.4440	0.1307	0.1191	0.0115	0.8294	0.3969	0.4325	0.7981	0.2534	30.0647	2.9240	2.8427	0.1199	0.9029	0.2481	33.7135	0.6438	1.1279	0.0811	0.0309	0.0335	0.0040	0.7403	1.4564	0.0831
57	80	0.1966	5	0	1	0	1	0	0	0	0	N	N	N	N	N	N	N	N	N	N	N	N	0.4223	0.0380	531.9648	0.0052	0.0049	0.1422	0.6542	0.0557	1126.6063	0.7169	0.1129	5.7169	0.0261	0.0268	0.0139	0.9577	0.1456	6.4956	1.6978	2.9708	0.0107	5.0547	5.4489	0.0980	1.4639	2.6132	0.0058	6.1160	0.0017	0.4016	-0.2984	33.5853	6.1279	9.3450	3.6878	0.7017	0.0986	0.6031	0.0066	0.0064	0.0002	0.6951	0.0922	0.6030	0.4762	0.4754	0.0008	0.2441	0.2439	0.0002	0.2321	0.2316	0.0006	0.9788	0.8733	0.1055	0.2530	0.2403	0.0127	0.7259	0.6330	0.0928	0.2805	0.1600	0.1205	0.0483	0.0448	0.0035	0.2322	0.1153	0.1169	0.4223	0.0380	857.7871	0.0052	0.0049	0.2276	0.9579	0.0725	1294.9992	1.6978	2.9708	0.0067	5.0547	5.4489	0.0612	0.9997	2.0087	0.0050
57	81	0.2848	9	1	0	1	1	0	0	0	0	N	N	N	N	N	N	N	N	N	N	N	N	0.6471	0.7397	0.0002	0.3625	0.3782	0.0730	0.5552	61.3662	0.0002	0.6966	0.7758	0.0007	0.7275	0.7656	0.0001	0.6805	0.7816	0.0008	1.0765	1.0488	3.3148	2.0068	2.0244	0.0013	1.2257	0.0127	3.3881	0.0001	3.4979	-0.8119	0.0564	33.5853	27.2690	9.3450	12.3406	2.8285	2.8282	0.0003	1.0081	1.0081	0.0000	1.8203	1.8201	0.0003	0.3780	0.0840	0.2940	0.0839	0.0839	0.0000	0.2941	0.0002	0.2939	4.0607	3.6456	0.4151	1.3858	1.3168	0.0690	2.6749	2.3288	0.3461	0.8273	0.4559	0.3714	0.1391	0.1255	0.0136	0.6882	0.3304	0.3578	1.5245	4.2087	0.0009	1.2063	1.1455	0.0730	1.5924	1624.7290	0.0010	0.4569	0.1843	0.7915	0.6031	0.6683	0.0013	0.4274	0.0005	0.8216
57	82	0.2694	8	0	0	0	1	0	0	0	0	N	N	N	N	N	N	N	N	N	N	N	N	0.1757	0.3550	0.0260	1.0622	1.0451	0.0191	0.1471	0.1073	0.0372	0.0520	0.0573	0.0019	0.0680	0.0714	0.0004	0.0423	0.0480	0.0022	0.2957	0.1614	0.0731	0.0640	0.0683	0.0214	0.2872	0.4475	0.0604	0.0036	2.0374	-0.0237	0.0002	33.5853	9.0798	9.3450	0.9519	0.0835	0.0832	0.0003	0.0412	0.0412	0.0000	0.0423	0.0420	0.0003	0.0043	0.0014	0.0029	0.0009	0.0008	0.0001	0.0034	0.0006	0.0028	1.6078	1.4522	0.1555	0.6064	0.5771	0.0294	1.0013	0.8752	0.1262	0.2174	0.1183	0.0990	0.0327	0.0291	0.0036	0.1847	0.0892	0.0954	2.6068	4.7552	0.0648	2.4120	2.4605	0.0191	2.2881	7.3725	0.0759	0.0199	0.0121	0.0293	0.0282	0.0290	0.0214	0.0185	0.0065	0.0296
57	83	0.1966	5	0	1	0	1	0	0	0	0	N	N	N	N	N	N	N	N	N	N	N	N	0.5591	0.2288	11.6415	0.0008	0.0006	3.4661	1.6426	1.5571	16.1221	0.6219	0.3501	2.9037	0.0036	0.0028	0.0194	0.8338	0.4797	3.2852	1.1124	1.5299	0.2494	4.4090	4.7100	0.0056	0.5076	0.3081	0.2038	0.9881	0.0547	0.4196	-0.2508	33.5853	21.0000	9.3450	14.4214	1.9995	1.0057	0.9937	0.0029	0.0022	0.0008	1.9966	1.0036	0.9930	0.4351	0.4125	0.0225	0.4111	0.4110	0.0000	0.0240	0.0015	0.0225	3.2151	2.8729	0.3422	0.8207	0.7807	0.0400	2.3945	2.0922	0.3023	0.8269	0.4427	0.3842	0.0948	0.0873	0.0075	0.7322	0.3554	0.3767	1.1821	0.3757	49.4889	0.0008	0.0006	3.4661	25.4609	115.5638	54.9974	0.5261	0.9318	0.0587	4.3367	4.7100	0.0056	0.0327	0.0042	0.0597
57	84	0.2543	9	0	0	1	1	0	0	0	0	N	N	N	N	N	N	N	N	N	N	N	N	1.4377	3.4691	0.2615	0.0058	0.0055	0.0066	2.0078	272.0624	0.3620	0.6013	0.6655	0.0471	0.0009	0.0009	0.0001	0.8899	1.0129	0.0563	0.4182	0.1918	0.1803	0.1531	0.1696	0.0208	0.4432	0.0037	0.1556	0.0082	3.3625	-0.5565	0.0029	33.5853	20.4085	9.3450	11.0867	1.9947	1.9784	0.0162	0.0010	0.0010	0.0000	1.9937	1.9775	0.0162	0.0204	0.0047	0.0157	0.0050	0.0046	0.0004	0.0154	0.0000	0.0153	3.3172	2.9727	0.3445	1.0768	1.0204	0.0564	2.2404	1.9523	0.2881	0.6792	0.3603	0.3189	0.1125	0.0948	0.0177	0.5667	0.2655	0.3012	20.0377	51.3244	0.9567	0.0200	0.0191	0.0066	32.8045	8402.5894	1.1058	0.0300	0.0130	0.0493	0.0445	0.0490	0.0208	0.0271	0.0001	0.0509
57	85	0.2506	8	0	0	1	1	0	0	0	0	N	N	N	N	N	N	N	N	N	N	N	N	100.9101	8.5425	6924.4975	0.3196	0.2919	0.4511	415.3698	7.4140	11199.8224	1.0764	0.1994	8.8560	0.0070	0.0073	0.0022	1.8898	0.3569	12.0963	0.0107	0.0233	0.0013	0.0220	0.0251	0.0049	0.0045	0.0481	0.0011	5.0056	0.1957	0.4202	-0.0002	33.5853	3.1287	9.3450	1.1816	0.7692	0.1281	0.6411	0.0022	0.0021	0.0000	0.7670	0.1260	0.6411	0.0004	0.0003	0.0001	0.0003	0.0003	0.0000	0.0001	0.0001	0.0000	0.7146	0.6422	0.0724	0.3087	0.2893	0.0194	0.4059	0.3529	0.0530	0.1107	0.0621	0.0486	0.0218	0.0193	0.0025	0.0889	0.0428	0.0461	313.9243	39.0267	6924.4975	0.5523	0.5353	0.4511	1644.9878	291.8725	11199.8224	0.0034	0.0051	0.0013	0.0127	0.0137	0.0049	0.0011	0.0012	0.0011
57	86	0.2436	7	0	0	0	1	0	0	0	0	N	N	N	N	N	N	N	N	N	N	N	N	4.6699	2.1325	20.6635	26.2195	23.4651	23.3693	0.3184	0.0496	17.5794	0.7425	0.8216	0.0457	1.7985	1.9199	0.0672	0.0378	0.0377	0.0383	0.1590	0.3853	0.0022	0.0686	0.0818	0.0029	0.1187	0.7605	0.0022	0.0063	0.0761	-0.1667	-0.0013	33.5853	4.0532	9.3450	2.2470	0.5936	0.5899	0.0037	0.5755	0.5741	0.0014	0.0181	0.0158	0.0023	0.0023	0.0021	0.0002	0.0010	0.0010	0.0000	0.0013	0.0012	0.0002	0.7995	0.7180	0.0815	0.3200	0.2990	0.0210	0.4795	0.4190	0.0606	0.1669	0.0931	0.0738	0.0339	0.0302	0.0037	0.1329	0.0629	0.0701	53.6805	35.6509	20.6635	61.6274	59.1960	23.3693	3.8120	2.0350	17.5794	0.0138	0.0230	0.0022	0.0292	0.0324	0.0029	0.0099	0.0185	0.0022
57	87	0.2205	6	0	0	0	1	0	0	0	0	N	N	N	N	N	N	N	N	N	N	N	N	0.2577	0.1812	4.9101	0.7654	0.8112	0.2802	0.0694	0.0383	10.5964	0.3806	0.4145	0.0648	0.5979	0.6453	0.0034	0.1280	0.1310	0.1071	1.4771	2.2877	0.0132	0.7812	0.7954	0.0122	1.8445	3.4163	0.0101	0.0168	0.0024	-0.1368	-0.3627	33.5853	4.7288	9.3450	9.8540	0.5056	0.4972	0.0083	0.4269	0.4267	0.0002	0.0787	0.0705	0.0082	0.5794	0.5780	0.0014	0.0136	0.0135	0.0001	0.5658	0.5645	0.0013	1.3283	1.1994	0.1289	0.7140	0.6613	0.0527	0.6143	0.5381	0.0762	0.4344	0.2527	0.1817	0.0930	0.0868	0.0061	0.3414	0.1658	0.1756	0.2854	0.1812	8.4924	4.0811	4.1356	0.2802	0.0773	0.0385	14.3491	1.3338	2.2877	0.0076	0.1465	0.1560	0.0122	1.6570	3.4035	0.0075
57	88	0.1966	5	0	0	0	1	0	0	0	0	N	N	N	N	N	N	N	N	N	N	N	N	0.9365	0.4544	485.1056	0.2851	0.2838	0.5759	1.0202	0.3521	1005.9255	1.3107	0.9613	4.2110	1.2168	1.2783	0.0411	1.3433	0.8414	4.7744	1.3996	2.1157	0.0087	4.2679	4.5040	0.0714	1.3166	2.3895	0.0047	0.5278	0.0022	0.1046	-0.3025	33.5853	8.6320	9.3450	7.0881	1.7934	1.1739	0.6195	0.4290	0.4283	0.0007	1.3644	0.7456	0.6188	0.4831	0.4821	0.0010	0.2409	0.2407	0.0002	0.2422	0.2414	0.0008	1.3683	1.2212	0.1471	0.3526	0.3351	0.0175	1.0157	0.8861	0.1296	0.4121	0.2279	0.1842	0.0595	0.0550	0.0045	0.3526	0.1728	0.1797	1.1180	0.4544	748.2676	0.3006	0.2923	0.8184	1.9555	0.6024	1057.8152	1.1724	2.1157	0.0056	4.0478	4.3739	0.0502	0.6869	1.3966	0.0045
57	89	0.2644	7	0	1	0	1	0	0	0	0	N	N	N	N	N	N	N	N	N	N	N	N	1.2984	1.0354	163.8331	1.1338	1.2057	139.0800	85.8125	28.9013	155.3138	0.7773	0.8538	0.2276	1.5967	1.7282	0.2646	0.3043	0.3191	0.2140	0.5987	0.8246	0.0014	1.4083	1.4334	0.0019	0.0035	0.0110	0.0014	0.0371	0.0116	-0.5897	-0.0172	33.5853	15.4622	9.3450	5.2688	2.3460	2.2621	0.0839	1.7638	1.7376	0.0263	0.5822	0.5245	0.0576	0.0278	0.0275	0.0003	0.0274	0.0274	0.0000	0.0004	0.0001	0.0003	3.0180	2.6494	0.3686	1.1047	1.0054	0.0992	1.9133	1.6439	0.2694	0.5174	0.2885	0.2290	0.0849	0.0799	0.0050	0.4325	0.2086	0.2239	14.4589	8.9562	163.8331	4.9443	5.0369	139.0800	332.1590	759.2767	155.3138	0.0538	0.0953	0.0014	0.3229	0.3431	0.0019	0.0009	0.0004	0.0014
57	90	0.2526	6	0	0	0	1	0	0	0	0	N	N	N	N	N	N	N	N	N	N	N	N	0.3762	0.2265	114.3936	0.3171	0.2744	159.9400	0.2339	0.0888	125.2705	0.3345	0.2802	0.7087	0.5094	0.4513	0.9468	0.2134	0.1596	0.5634	0.8892	1.2371	0.0062	1.6066	1.6447	0.0059	0.9124	1.7973	0.0045	0.3666	0.0101	-0.0110	-0.0315	33.5853	7.5917	9.3450	1.5198	0.5827	0.4263	0.1563	0.3631	0.2839	0.0791	0.2196	0.1424	0.0772	0.0509	0.0504	0.0005	0.0244	0.0244	0.0000	0.0265	0.0260	0.0005	1.7420	1.5214	0.2206	0.7127	0.6292	0.0836	1.0293	0.8923	0.1370	0.2769	0.1607	0.1161	0.0610	0.0562	0.0048	0.2159	0.1045	0.1114	1.8185	0.8934	161.2658	1.2732	1.0410	159.9400	1.7365	0.6405	130.1455	0.1839	0.3137	0.0044	0.4001	0.4335	0.0059	0.1229	0.2492	0.0043
57	91	0.3619	10	1	0	1	1	0	0	0	0	N	N	N	N	N	N	N	N	N	N	N	N	782.0484	347.7382	6184.7497	0.1096	0.1002	3948.4115	inf	7166.1007	0.0005	0.0003	0.0022	0.0000	0.0000	0.0000	0.0008	0.0005	0.0027	0.0000	0.0000	0.0000	0.0000	0.0000	0.0000	0.0000	0.0000	0.0000	0.8458	0.3439	0.0000	-0.0000	33.5853	3.0317	9.3450	0.1644	0.0002	0.0001	0.0001	0.0000	0.0000	0.0000	0.0002	0.0001	0.0001	0.0000	0.0000	0.0000	0.0000	0.0000	0.0000	0.0000	0.0000	0.0000	0.4792	0.4302	0.0490	0.1645	0.1559	0.0086	0.3147	0.2743	0.0404	0.0659	0.0361	0.0298	0.0100	0.0086	0.0013	0.0559	0.0275	0.0284	782.0484	347.7382	6184.7497	0.1096	0.1002	0.0000	3948.4115	inf	7166.1007	0.0000	0.0000	0.0000	0.0000	0.0000	0.0000	0.0000	0.0000	0.0000	
57	92	0.3561	9	1	0	1	1	0	0	0	0	N	N	N	N	N	N	N	N	N	N	N	N	6.4033	2.7000	1.1338	2.4800	2.3351	0.1073	9.2520	0.1966	1.5837	0.0019	0.0021	0.0000	0.0038	0.0040	0.0000	0.0002	0.0002	0.0000	0.0003	0.0008	0.0000	0.0015	0.0017	0.0000	0.0000	0.0011	0.0000	0.0007	0.0209	-0.0003	-0.0000	33.5853	2.6632	9.3450	1.0147	0.0011	0.0011	0.0000	0.0010	0.0010	0.0000	0.0001	0.0001	0.0000	0.0000	0.0000	0.0000	0.0000	0.0000	0.0000	0.0000	0.0000	0.0000	0.5708	0.5198	0.0511	0.2715	0.2573	0.0142	0.2993	0.2625	0.0369	0.0807	0.0454	0.0353	0.0135	0.0120	0.0015	0.0672	0.0333	0.0338	7.1681	4.5151	1.1338	2.4800	2.3351	0.1073	16.0422	17.4447	1.5837	0.0003	0.0005	0.0000	0.0015	0.0017	0.0000	0.0000	0.0000	0.0000
57	93	0.2729	8	1	0	1	1	0	0	0	0	N	N	N	N	N	N	N	N	N	N	N	N	64.3060	29.4847	116.2076	66.2479	58.2208	36.8748	34.7936	1.7700	132.0340	0.4808	0.5257	0.0747	1.0618	1.1121	0.0117	0.1706	0.1830	0.0867	0.0075	0.0178	0.0006	0.0160	0.0191	0.0003	0.0049	0.1034	0.0007	0.0157	0.1208	-0.7373	-0.0014	33.5853	35.0787	9.3450	12.2568	2.7137	2.6718	0.0419	2.0859	2.0849	0.0010	0.6278	0.5869	0.0409	0.0026	0.0023	0.0003	0.0016	0.0016	0.0000	0.0010	0.0007	0.0003	5.6436	5.0821	0.5616	1.9645	1.8748	0.0897	3.6792	3.2073	0.4718	0.9689	0.5307	0.4382	0.1606	0.1430	0.0177	0.8083	0.3877	0.4206	178.2383	119.6267	116.2076	105.7232	98.8968	36.8748	137.8242	97.9065	132.0340	0.0027	0.0044	0.0006	0.0100	0.0112	0.0003	0.0012	0.0019	0.0007
57	94	0.2593	7	1	0	0	1	0	0	0	0	N	N	N	N	N	N	N	N	N	N	N	N	61.5340	11.8248	2485.3944	44.7064	43.0360	16.3843	63.3569	0.5474	3489.9473	1.3384	0.7405	7.2046	1.4794	1.5382	0.2102	1.2491	0.1900	8.7991	0.0218	0.0626	0.0029	0.0331	0.0357	0.0128	0.0197	0.3471	0.0025	0.9917	0.2875	0.5024	-0.0006	33.5853	8.4810	9.3450	2.3446	2.3833	1.1966	1.1867	1.0213	1.0149	0.0064	1.3620	0.1817	1.1803	0.0014	0.0011	0.0003	0.0007	0.0006	0.0001	0.0007	0.0005	0.0003	1.7807	1.6160	0.1647	0.6904	0.6598	0.0306	1.0904	0.9562	0.1341	0.2470	0.1365	0.1105	0.0404	0.0363	0.0040	0.2067	0.1002	0.1065	230.5229	90.7617	2485.3944	86.6805	87.7031	16.3843	346.4433	39.9443	3489.9473	0.0058	0.0082	0.0029	0.0171	0.0175	0.0128	0.0036	0.0048	0.0025
57	95	0.1966	5	0	1	0	2	0	0	0	0	N	N	N	Y	N	N	N	N	N	N	N	N	1.6975	1.1721	4.8252	1.7081	1.7366	0.3809	1.4094	0.7352	6.8370	2.0176	1.9628	2.4789	2.3212	2.4394	0.0052	1.9138	1.7854	2.8051	1.1885	1.6746	0.5137	1.3590	1.4047	0.0136	1.3579	2.4284	0.4103	0.1501	0.0598	-1.1521	-0.4307	33.5853	24.0032	9.3450	22.6134	7.3544	6.3948	0.9596	2.1556	2.1553	0.0002	5.1989	4.2395	0.9594	0.7532	0.7107	0.0425	0.0345	0.0344	0.0001	0.7187	0.6763	0.0424	3.6452	3.2580	0.3871	0.9286	0.8835	0.0451	2.7165	2.3745	0.3420	1.0471	0.5574	0.4897	0.1134	0.1043	0.0091	0.9337	0.4531	0.4806	2.8048	1.5394	28.5406	7.6270	7.3956	0.3809	2.4862	1.1962	31.7856	0.7193	1.2750	0.0869	0.3043	0.3298	0.0136	0.7698	1.4926	0.0882
57	96	0.6141	9	0	1	0	1	0	0	0	0	N	N	N	N	N	N	N	N	N	N	N	N	12.7515	64.6144	0.5853	153.3412	243.3631	1.6253	1.1176	1.7433	0.5998	0.2337	0.2582	0.0129	0.4680	0.4966	0.0178	0.0516	0.0578	0.0111	0.0183	0.0040	0.0220	0.0031	0.0020	0.0110	0.0462	0.0331	0.0186	0.0056	4.3637	-0.1930	0.0006	33.5853	18.5150	9.3450	10.2301	0.6852	0.6814	0.0038	0.6000	0.5986	0.0014	0.0852	0.0828	0.0024	0.0032	0.0006	0.0026	0.0007	0.0004	0.0003	0.0025	0.0002	0.0023	2.9324	2.6389	0.2936	1.2821	1.2054	0.0767	1.6503	1.4335	0.2168	0.6160	0.3902	0.2257	0.2258	0.2002	0.0256	0.3901	0.1900	0.2001	45.4281	170.5929	1.1289	153.3412	243.3631	1.6253	8.1254	60.2689	0.9714	0.0051	0.0015	0.0114	0.0031	0.0020	0.0110	0.0064	0.0010	0.0115
57	97	0.2258	6	0	1	0	1	0	0	0	0	N	N	N	N	N	N	N	N	N	N	N	N	1.3339	1.0634	7.3714	7.9251	7.4283	5.4824	1.3442	0.6784	10.3989	0.8752	0.7823	1.6802	0.4608	0.4806	0.0513	1.0195	0.8966	1.8930	0.6561	0.7357	0.2279	0.0581	0.0647	0.0094	0.7585	1.3216	0.1820	0.2479	0.6134	-0.5215	-0.0245	33.5853	46.1140	9.3450	26.4917	5.8928	4.7223	1.1705	0.8011	0.7970	0.0041	5.0917	3.9253	1.1664	0.0987	0.0612	0.0375	0.0047	0.0045	0.0002	0.0940	0.0567	0.0374	6.7330	6.0363	0.6967	1.7387	1.6582	0.0805	4.9943	4.3781	0.6162	1.4888	0.8131	0.6757	0.1807	0.1634	0.0173	1.3081	0.6497	0.6585	13.1997	10.3956	30.2529	17.7546	17.3487	5.4824	14.1836	10.2802	33.3560	0.0663	0.0753	0.0555	0.0260	0.0277	0.0094	0.0719	0.0872	0.0568
57	98	0.6670	11	0	1	0	1	0	0	0	0	N	N	N	N	N	N	N	N	N	N	N	N	1.4818	0.8326	0.5116	5.0001	4.1221	0.1656	0.3813	0.0303	0.7338	0.3310	0.3698	0.0003	0.8768	0.9376	0.0002	0.0008	0.0009	0.0003	0.2234	0.4442	0.0005	0.1754	0.2274	0.0012	0.0021	0.0288	0.0004	0.0001	0.0120	-0.2398	-0.0052	33.5853	20.7840	9.3450	8.9470	0.8354	0.8353	0.0001	0.8341	0.8341	0.0000	0.0012	0.0012	0.0001	0.0084	0.0083	0.0001	0.0082	0.0082	0.0000	0.0002	0.0001	0.0001	2.5236	2.2586	0.2651	0.9513	0.8897	0.0616	1.5723	1.3689	0.2034	0.5059	0.3066	0.1993	0.1739	0.1441	0.0298	0.3320	0.1624	0.1695	19.8788	13.6204	0.5116	18.5545	16.5184	0.1656	1.2767	0.9839	0.7338	0.0167	0.0272	0.0005	0.0473	0.0568	0.0012	0.0006	0.0009	0.0004
57	99	0.6620	10	0	0	0	1	0	0	0	0	N	N	N	N	N	N	N	N	N	N	N	N	0.6853	0.6311	0.5435	2.5912	3.6044	0.1085	0.3495	0.1854	1.1276	0.3811	0.4219	0.0422	0.5233	0.5644	0.0210	0.2150	0.2420	0.0551	0.5562	0.6685	0.0776	0.2020	0.1566	0.1937	0.6150	1.3053	0.0489	0.0120	0.3713	-0.0907	-0.0024	33.5853	2.7834	9.3450	1.0450	0.3296	0.3257	0.0039	0.2439	0.2432	0.0007	0.0857	0.0825	0.0032	0.0066	0.0048	0.0018	0.0028	0.0024	0.0004	0.0037	0.0024	0.0014	0.8648	0.7719	0.0929	0.4661	0.4308	0.0352	0.3987	0.3410	0.0577	0.1378	0.0797	0.0581	0.0557	0.0518	0.0039	0.0820	0.0279	0.0541	7.9798	7.0096	1.3746	10.2794	12.0016	0.2059	4.7114	2.8594	2.1607	0.0478	0.0602	0.0307	0.0509	0.0470	0.1021	0.0456	0.0846	0.0255
57	100	0.6520	9	0	0	0	1	0	0	0	0	N	N	N	N	N	N	N	N	N	N	N	N	0.1846	0.1455	1.2006	1.1531	1.1417	1.3255	0.0503	0.0043	1.9734	0.0615	0.0660	0.0331	0.0989	0.1078	0.0148	0.0111	0.0032	0.0458	0.3335	0.4533	0.0276	0.0858	0.0945	0.0112	0.2216	0.7413	0.0232	0.0782	0.3102	-0.0313	-0.0027	33.5853	7.6044	9.3450	2.7972	0.1460	0.1354	0.0106	0.1347	0.1328	0.0019	0.0112	0.0026	0.0086	0.0069	0.0052	0.0016	0.0041	0.0040	0.0001	0.0028	0.0013	0.0015	2.3715	2.0521	0.3194	1.3615	1.2312	0.1303	1.0100	0.8209	0.1890	0.3095	0.1890	0.1204	0.1250	0.1136	0.0113	0.1845	0.0754	0.1091	2.7698	2.3760	2.4508	3.0254	3.0944	1.3255	0.7367	0.1853	3.3247	0.0222	0.0278	0.0135	0.0327	0.0349	0.0112	0.0151	0.0171	0.0138
57	101	0.6024	8	0	0	0	1	0	0	0	0	N	N	N	N	N	N	N	N	N	N	N	N	0.2947	0.0963	40.4646	0.2687	0.2415	8.8506	0.3639	0.0366	66.4211	0.2031	0.0852	1.1086	0.1194	0.1187	0.1289	0.2719	0.0552	1.4958	0.6892	0.8847	0.0274	0.4444	0.4914	0.0146	0.7472	1.5089	0.0225	1.6937	0.0725	0.2200	-0.0265	33.5853	18.4780	9.3450	12.4520	0.6441	0.2391	0.4050	0.1708	0.1574	0.0133	0.4733	0.0817	0.3916	0.0473	0.0441	0.0032	0.0195	0.0191	0.0004	0.0279	0.0251	0.0028	3.1708	2.8055	0.3653	1.4300	1.3265	0.1035	1.7408	1.4789	0.2618	0.6308	0.3931	0.2377	0.2272	0.1991	0.0281	0.4036	0.1940	0.2097	2.7071	0.7591	82.3710	1.3938	1.2401	8.8506	3.9379	0.4272	112.3730	0.0750	0.1123	0.0135	0.0857	0.0957	0.0146	0.0690	0.1293	0.0133
57	102	0.1784	4	0	1	0	1	0	0	0	0	N	N	N	N	N	N	N	N	N	N	N	N	0.6211	0.4282	23.1916	0.4770	0.5076	3.6859	0.7032	0.2811	34.4067	0.4176	0.3763	0.7130	0.3276	0.3551	0.0158	0.4779	0.3916	0.9644	0.6724	0.8789	0.0307	0.6868	0.6996	0.0043	0.6796	1.3930	0.0280	0.2652	0.1005	-0.2558	-0.0549	33.5853	34.1922	9.3450	22.4626	3.3011	2.6091	0.6920	1.0382	1.0342	0.0041	2.2628	1.5749	0.6879	0.1023	0.0930	0.0093	0.0367	0.0366	0.0001	0.0656	0.0564	0.0093	7.9040	6.9334	0.9706	3.1695	2.9122	0.2573	4.7346	4.0213	0.7133	1.4647	0.8402	0.6245	0.2913	0.2701	0.0211	1.1734	0.5700	0.6034	5.9785	3.4004	47.6448	2.5997	2.6202	3.6859	8.5470	3.9609	62.8791	0.0699	0.1107	0.0150	0.1260	0.1355	0.0043	0.0559	0.0989	0.0153
57	103	0.1305	3	0	1	0	1	0	0	0	0	N	N	N	N	N	N	N	N	N	N	N	N	0.3717	0.2165	4.0199	0.6147	0.6407	1.0120	0.2986	0.1163	5.7918	0.4881	0.4131	0.9002	0.5452	0.5535	0.4238	0.4587	0.3285	0.9794	1.3132	1.9085	0.2239	0.8869	0.8640	0.4188	1.5363	2.8250	0.1691	0.3967	0.0266	-0.0075	-0.5578	33.5853	22.5884	9.3450	11.0115	2.4328	1.7418	0.6910	0.9238	0.8774	0.0464	1.5090	0.8644	0.6446	0.9259	0.9019	0.0240	0.0204	0.0198	0.0006	0.9055	0.8820	0.0234	4.9838	4.2162	0.7676	1.6945	1.5850	0.1095	3.2893	2.6312	0.6581	0.9099	0.4757	0.4342	0.1217	0.1181	0.0036	0.7882	0.3576	0.4306	0.4797	0.2179	16.2823	3.2483	3.2961	2.5821	0.3993	0.1332	18.0141	1.0175	1.8959	0.0553	0.1678	0.1679	0.1641	1.1488	2.4666	0.0544
57	106	0.2694	8	0	1	0	1	0	0	0	0	N	N	N	N	N	N	N	N	N	N	N	N	39.7007	48.0824	0.4545	216.7735	239.4323	0.8542	9.1419	1.1156	0.3563	0.2788	0.3094	0.0014	0.5856	0.6157	0.0032	0.1137	0.1300	0.0011	0.0070	0.0064	0.0032	0.0027	0.0026	0.0037	0.0124	0.1165	0.0031	0.0005	1.2265	-0.2561	-0.0001	33.5853	20.0414	9.3450	7.0324	0.8934	0.8929	0.0005	0.6565	0.6564	0.0002	0.2368	0.2366	0.0003	0.0014	0.0006	0.0008	0.0002	0.0002	0.0000	0.0012	0.0005	0.0008	3.2050	2.8860	0.3190	1.1212	1.0661	0.0551	2.0838	1.8199	0.2639	0.5589	0.3029	0.2560	0.0802	0.0710	0.0091	0.4788	0.2319	0.2469	108.7478	145.6556	0.4702	216.7735	239.4323	0.8542	44.7461	65.4095	0.3563	0.0026	0.0021	0.0031	0.0027	0.0026	0.0037	0.0025	0.0020	0.0031
57	107	0.2593	7	0	0	0	1	0	0	0	0	N	N	N	N	N	N	N	N	N	N	N	N	1.3143	1.0472	0.9179	21.9377	21.1479	14.9121	1.3440	0.7424	1.0883	1.3790	1.2517	2.6542	0.9424	0.9722	0.2894	1.6708	1.4552	3.2178	1.0493	1.1952	2.8916	0.0430	0.0460	0.0194	1.2432	1.9602	2.9568	0.2118	1.4943	-0.2427	-0.0022	33.5853	7.0315	9.3450	1.2144	2.1599	1.7824	0.3775	0.5913	0.5834	0.0079	1.5686	1.1990	0.3696	0.0763	0.0306	0.0457	0.0007	0.0006	0.0001	0.0756	0.0300	0.0456	1.5662	1.4240	0.1422	0.6274	0.6000	0.0274	0.9388	0.8240	0.1148	0.1927	0.1073	0.0854	0.0329	0.0297	0.0032	0.1598	0.0776	0.0822	3.4836	4.3923	4.9587	45.9139	47.0885	14.9121	3.5306	3.7671	5.7944	0.3959	0.2850	0.5353	0.0205	0.0206	0.0194	0.4732	0.3863	0.5553
57	108	0.2258	6	0	0	0	1	0	0	0	0	N	N	N	N	N	N	N	N	N	N	N	N	332.1411	302.6634	807.2326	981.1935	950.0404	136.1706	179.4726	17.0483	890.8915	1.1648	1.1623	1.1868	1.5171	1.5878	0.0112	1.0337	0.9891	1.3422	0.0035	0.0038	0.0015	0.0015	0.0017	0.0001	0.0058	0.0580	0.0015	0.1188	0.8050	-0.5617	-0.0001	33.5853	16.2725	9.3450	4.4748	3.1038	2.7743	0.3295	1.0968	1.0964	0.0004	2.0070	1.6779	0.3291	0.0007	0.0004	0.0003	0.0001	0.0001	0.0000	0.0006	0.0003	0.0003	2.6646	2.3870	0.2776	0.7230	0.6905	0.0324	1.9417	1.6965	0.2452	0.4995	0.2786	0.2209	0.0716	0.0660	0.0056	0.4279	0.2126	0.2153	798.8681	802.4150	807.2326	981.1935	950.0404	136.1706	716.1486	717.0488	890.8915	0.0015	0.0014	0.0015	0.0015	0.0017	0.0001	0.0014	0.0014	0.0015
57	109	0.2785	7	0	1	0	1	0	0	0	0	N	N	N	N	N	N	N	N	N	N	N	N	0.6130	0.4450	833.9148	14.2528	13.3426	1.5865	0.5554	0.3141	1049.5250	0.7485	0.7664	0.6002	0.6564	0.7001	0.0027	0.7889	0.7976	0.7290	1.2210	1.7223	0.0007	0.0461	0.0525	0.0017	1.4205	2.5398	0.0007	0.0946	0.0004	-0.9271	-0.5900	33.5853	40.5309	9.3450	14.7974	4.6192	4.2200	0.3992	1.2350	1.2347	0.0003	3.3842	2.9853	0.3989	0.9396	0.9392	0.0004	0.0032	0.0032	0.0000	0.9364	0.9360	0.0004	6.1714	5.5063	0.6651	1.8814	1.7635	0.1179	4.2900	3.7428	0.5472	1.1680	0.6339	0.5341	0.1508	0.1375	0.0133	1.0172	0.4964	0.5208	0.9304	0.5172	833.9148	30.5365	29.9088	1.5865	0.8570	0.4230	1049.5250	0.8045	1.4817	0.0007	0.0215	0.0234	0.0017	0.9205	1.8856	0.0007
57	110	0.2526	6	0	1	0	1	0	0	0	0	N	N	N	N	N	N	N	N	N	N	N	N	0.5065	0.4208	2.4507	0.4704	0.4961	52.6363	0.3511	0.1991	1.3492	0.4240	0.4743	0.0582	0.6442	0.7024	0.1292	0.3029	0.3444	0.0280	0.8372	1.1270	0.0237	1.3695	1.4160	0.0025	0.8629	1.7303	0.0207	0.0168	0.0412	-0.3001	-0.0362	33.5853	13.5236	9.3450	3.5331	1.1092	1.0909	0.0184	0.5981	0.5859	0.0122	0.5112	0.5050	0.0062	0.0616	0.0591	0.0024	0.0245	0.0245	0.0000	0.0370	0.0346	0.0024	2.6159	2.3001	0.3157	0.9284	0.8341	0.0943	1.6875	1.4661	0.2215	0.4506	0.2517	0.1988	0.0792	0.0730	0.0063	0.3714	0.1788	0.1926	3.1041	2.0196	4.7476	2.0821	2.0924	52.6363	3.0367	1.7786	2.2238	0.1366	0.2348	0.0123	0.3094	0.3357	0.0025	0.0998	0.1937	0.0126
57	111	0.1966	5	0	0	0	1	0	0	0	0	N	N	N	N	N	N	N	N	N	N	N	N	0.8025	0.6277	0.8959	0.6010	0.5802	6.2377	0.3824	0.2303	1.1558	0.9142	0.9984	0.2099	2.7505	2.8816	0.2026	0.2825	0.2929	0.2108	1.1392	1.5906	0.2343	4.5766	4.9668	0.0325	0.7388	1.2716	0.1824	0.0251	0.0460	-0.6296	-0.2689	33.5853	16.9399	9.3450	15.9768	2.3975	2.3387	0.0588	1.8462	1.8396	0.0067	0.5512	0.4991	0.0521	0.4602	0.4400	0.0202	0.4141	0.4139	0.0002	0.0461	0.0261	0.0200	2.6225	2.3425	0.2800	0.6712	0.6384	0.0329	1.9513	1.7041	0.2472	0.7762	0.4163	0.3598	0.0905	0.0833	0.0071	0.6857	0.3330	0.3527	1.5418	0.9447	3.7322	0.6010	0.5802	7.1853	4.2025	3.7429	3.7119	0.5929	1.0568	0.0562	4.5766	4.9668	0.0282	0.0672	0.0782	0.0568
57	112	0.3010	9	1	1	0	2	0	0	0	0	N	N	N	Y	N	N	N	N	N	N	N	N	13.4603	9.4719	0.0871	18.4794	16.2160	61.6201	5.5399	0.7446	0.0000	0.0719	0.0807	0.0001	0.1205	0.1267	0.0005	0.0253	0.0303	0.0000	0.0053	0.0085	0.0011	0.0065	0.0078	0.0000	0.0046	0.0408	0.0012	0.0002	0.2931	-0.0000	-0.0000	33.5853	0.0019	9.3450	1.9928	0.0001	0.0001	0.0000	0.0001	0.0001	0.0000	0.0000	0.0000	0.0000	0.0001	0.0001	0.0000	0.0001	0.0001	0.0000	0.0000	0.0000	0.0000	0.0009	0.0008	0.0001	0.0004	0.0004	0.0000	0.0004	0.0004	0.0001	0.0456	0.0272	0.0184	0.0101	0.0090	0.0011	0.0355	0.0182	0.0173	35.3717	30.6050	0.0871	23.5260	22.0740	61.6201	21.9437	27.7293	0.0000	0.0020	0.0026	0.0011	0.0051	0.0057	0.0000	0.0012	0.0011	0.0012
57	113	0.2775	8	1	1	0	2	0	0	0	0	N	N	N	Y	N	N	N	N	N	N	N	N	0.9448	0.8581	0.0088	0.9132	0.9189	146.8013	1.0417	1.0918	0.0004	0.5976	0.6683	0.0006	1.1174	1.2103	0.0020	0.2619	0.2991	0.0000	0.6326	0.7788	0.0657	1.2235	1.3171	0.0000	0.2514	0.2740	0.0581	0.0001	0.2497	-0.2912	-0.0089	33.5853	8.6942	9.3450	6.0502	1.0144	1.0143	0.0001	0.7443	0.7442	0.0001	0.2701	0.2701	0.0000	0.0208	0.0167	0.0042	0.0162	0.0162	0.0000	0.0047	0.0005	0.0042	1.6974	1.5176	0.1797	0.6661	0.6149	0.0512	1.0312	0.9027	0.1285	0.3435	0.1924	0.1511	0.0609	0.0542	0.0067	0.2826	0.1381	0.1445	9.8562	7.7137	0.0210	4.2107	4.0613	146.8013	15.8566	81.6145	0.0009	0.0606	0.0866	0.0275	0.2654	0.2980	0.0000	0.0165	0.0037	0.0288
57	114	0.2986	12	0	1	0	2	0	0	0	0	N	N	N	Y	N	N	N	N	N	N	N	N	0.0000	0.0000	0.0000	0.0000	0.0000	0.0000	0.0000	0.0000	0.0000	0.0000	0.0000	0.0000	0.0000	0.0000	0.0000	0.0000	0.2170	0.0070	0.0785	0.0027	0.0027	0.0000	0.4405	0.0000	0.0660	13.0436	0.0000	0.0000	33.5853	0.0001	9.3450	0.0001	0.0000	0.0000	0.0000	0.0000	0.0000	0.0000	0.0000	0.0000	0.0000	0.0000	0.0000	0.0000	0.0000	0.0000	0.0000	0.0000	0.0000	0.0000	0.0000	0.0000	0.0000	0.0000	0.0000	0.0000	0.0000	0.0000	0.0000	0.0000	0.0000	0.0000	0.0000	0.0000	0.0000	0.0000	0.0000	0.0000	0.0000	0.0000	0.0000	0.0000	0.0000	0.0000	0.0000	0.0000	0.0000	0.0163	0.0023	0.0310	0.0027	0.0027	0.0000	0.0267	0.0000	0.0313			
57	115	0.2919	11	0	1	0	2	0	0	0	0	N	N	N	Y	N	N	N	N	N	N	N	N	1.3943	28.7619	0.0000	30.7574	26.6749	0.0000	0.8345	inf	0.0000	0.7155	0.8014	0.0000	1.2158	1.2870	0.0000	0.5076	0.5826	0.0000	0.5131	0.0279	0.4918	0.0395	0.0482	0.0007	0.6083	0.0000	0.4209	0.0000	11.8356	-0.0983	0.0011	33.5853	3.0007	9.3450	1.0012	0.3422	0.3422	0.0000	0.1707	0.1707	0.0000	0.1715	0.1715	0.0000	0.0037	0.0003	0.0034	0.0003	0.0003	0.0000	0.0034	0.0000	0.0034	0.4783	0.4270	0.0513	0.1404	0.1326	0.0078	0.3379	0.2944	0.0435	0.0900	0.0502	0.0398	0.0151	0.0132	0.0019	0.0749	0.0370	0.0380	17.5749	140.8739	0.0000	63.9305	59.6156	0.0000	11.2615	inf	0.0000	0.0407	0.0057	0.0848	0.0190	0.0216	0.0007	0.0451	0.0000	0.0889
57	116	0.2900	10	0	0	0	2	0	0	0	0	N	N	N	Y	N	N	N	N	N	N	N	N	0.0768	0.0279	4.2574	1.2175	0.7340	206.9565	0.0128	0.0004	0.0089	0.0002	0.0002	0.0005	0.0005	0.0003	0.0032	0.0001	0.0001	0.0000	0.0026	0.0059	0.0001	0.0004	0.0005	0.0000	0.0053	0.1854	0.0001	0.3743	0.0490	-0.0000	-0.0000	33.5853	1.1177	9.3450	0.0023	0.0000	0.0000	0.0000	0.0000	0.0000	0.0000	0.0000	0.0000	0.0000	0.0000	0.0000	0.0000	0.0000	0.0000	0.0000	0.0000	0.0000	0.0000	0.1867	0.1671	0.0196	0.0601	0.0568	0.0032	0.1266	0.1103	0.0163	0.0253	0.0141	0.0112	0.0042	0.0037	0.0005	0.0211	0.0104	0.0107	0.1727	0.0820	4.2574	1.2175	0.7340	206.9565	0.0513	0.0305	0.0089	0.0012	0.0020	0.0001	0.0004	0.0005	0.0000	0.0013	0.0026	0.0001
57	117	0.2870	6	0	1	0	1	0	0	0	0	N	N	N	N	N	N	N	N	N	N	N	N	21.5523	16.9209	0.8223	13.3264	12.5752	1.3796	26.1438	4.5850	1.1319	0.9740	1.0844	0.0126	0.4136	0.4404	0.0089	1.2673	1.4457	0.0135	0.0452	0.0641	0.0153	0.0310	0.0350	0.0064	0.0485	0.3153	0.0119	0.0013	0.7746	-1.3753	-0.0020	33.5853	31.2782	9.3450	23.9277	4.8122	4.8058	0.0064	0.7022	0.7013	0.0009	4.1100	4.1045	0.0055	0.0104	0.0059	0.0045	0.0039	0.0038	0.0001	0.0065	0.0021	0.0044	4.9408	4.4317	0.5091	1.6977	1.5925	0.1052	3.2431	2.8392	0.4039	1.2477	0.7092	0.5385	0.2390	0.2168	0.0222	1.0086	0.4924	0.5163	117.0240	131.4297	1.4926	25.3801	25.4457	1.3796	197.0015	339.1052	1.5902	0.0083	0.0083	0.0084	0.0163	0.0173	0.0064	0.0064	0.0043	0.0085
57	118	0.2900	10	0	0	1	2	0	0	0	0	N	N	N	Y	N	N	N	N	N	N	N	N	282778.7728	196367.3838	2010.0536	84197.2645	80345.6063	505.7692	2229689.4283	inf	2398.3378	0.5480	0.6131	0.0009	0.9058	0.9582	0.0013	0.3935	0.4515	0.0008	0.0000	0.0000	0.0000	0.0000	0.0000	0.0000	0.0000	0.0000	0.0000	0.0002	0.1145	-0.0983	-0.0000	33.5853	3.8827	9.3450	2.9998	0.3424	0.3423	0.0001	0.1707	0.1706	0.0000	0.1717	0.1717	0.0000	0.0000	0.0000	0.0000	0.0000	0.0000	0.0000	0.0000	0.0000	0.0000	0.6248	0.5584	0.0665	0.1884	0.1781	0.0103	0.4364	0.3803	0.0561	0.1534	0.0854	0.0680	0.0255	0.0224	0.0032	0.1279	0.0631	0.0648	282778.7728	196367.3838	2010.0536	84197.2645	80345.6063	505.7692	2229689.4283	inf	2398.3378	0.0000	0.0000	0.0000	0.0000	0.0000	0.0000	0.0000	0.0000	0.0000
57	119	0.2871	9	0	0	0	2	0	0	0	0	N	N	N	Y	N	N	N	N	N	N	N	N	35.2288	58.3387	34.3134	49.4793	43.2239	951.8397	10.7977	0.6048	30.4039	0.0010	0.0009	0.0015	0.0016	0.0016	0.0020	0.0006	0.0005	0.0014	0.0000	0.0000	0.0000	0.0000	0.0000	0.0000	0.0001	0.0008	0.0000	0.1816	2.4264	-0.0001	0.0000	33.5853	2.8083	9.3450	0.0030	0.0005	0.0004	0.0001	0.0003	0.0003	0.0000	0.0002	0.0001	0.0001	0.0000	0.0000	0.0000	0.0000	0.0000	0.0000	0.0000	0.0000	0.0000	0.5396	0.4862	0.0534	0.1943	0.1841	0.0102	0.3453	0.3021	0.0432	0.0636	0.0353	0.0282	0.0106	0.0093	0.0013	0.0529	0.0260	0.0269	35.2288	63.0420	34.3134	49.4793	43.2239	951.8397	22.6285	77.1134	30.4039	0.0000	0.0000	0.0000	0.0000	0.0000	0.0000	0.0000	0.0000	0.0000
57	120	0.2871	9	0	0	1	2	0	0	0	0	N	N	N	Y	N	N	N	N	N	N	N	N	91897.9307	99.1697	506904.8774	52.9018	49.4020	0.3211	144748.0460	inf	579403.0605	0.6256	0.0003	6.0090	0.0005	0.0005	0.0000	0.9115	0.0002	7.1851	0.0000	0.0000	0.0000	0.0000	0.0000	0.0000	0.0000	0.0000	0.0000	2534.6757	3.4096	0.7102	0.0000	33.5853	9.6158	9.3450	0.0030	0.9968	0.0004	0.9964	0.0002	0.0002	0.0000	0.9966	0.0001	0.9964	0.0000	0.0000	0.0000	0.0000	0.0000	0.0000	0.0000	0.0000	0.0000	1.5934	1.4275	0.1658	0.5000	0.4728	0.0271	1.0934	0.9547	0.1387	0.2138	0.1189	0.0949	0.0355	0.0311	0.0044	0.1783	0.0878	0.0905	91897.9307	99.1697	506904.8774	52.9018	49.4020	0.3211	144748.0460	inf	579403.0605	0.0000	0.0000	0.0000	0.0000	0.0000	0.0000	0.0000	0.0000	0.0000
57	121	0.2775	8	0	0	0	2	0	0	0	0	N	N	N	Y	N	N	N	N	N	N	N	N	40.5117	136.2016	0.1822	118.2102	119.4798	0.2526	19.0901	212.9342	0.3493	0.2328	0.2601	0.0009	0.2964	0.3250	0.0001	0.1744	0.1983	0.0014	0.0057	0.0019	0.0049	0.0025	0.0027	0.0005	0.0091	0.0009	0.0040	0.0004	3.4021	-0.0684	0.0000	33.5853	4.2457	9.3450	2.0144	0.2384	0.2383	0.0001	0.1452	0.1452	0.0000	0.0932	0.0931	0.0001	0.0003	0.0001	0.0003	0.0001	0.0001	0.0000	0.0003	0.0000	0.0003	1.0241	0.9162	0.1079	0.4899	0.4469	0.0430	0.5342	0.4693	0.0649	0.1577	0.0891	0.0686	0.0310	0.0281	0.0029	0.1267	0.0610	0.0657	108.3533	301.1714	0.2322	118.2102	119.4798	0.2526	84.6434	23572.3435	0.3526	0.0021	0.0009	0.0038	0.0025	0.0027	0.0005	0.0021	0.0000	0.0040
57	122	0.2353	7	0	0	0	2	0	0	0	0	N	N	N	Y	N	N	N	N	N	N	N	N	6.0327	1.3905	0.2044	2.6736	2.6010	2.7517	8.2312	0.6731	0.0445	0.1292	0.1445	0.0002	0.2947	0.3169	0.0007	0.0394	0.0450	0.0000	0.0214	0.1039	0.0010	0.1102	0.1218	0.0003	0.0048	0.0669	0.0010	0.0002	0.0838	-0.0823	-0.0018	33.5853	11.9190	9.3450	13.1740	0.2868	0.2867	0.0000	0.2301	0.2301	0.0000	0.0567	0.0566	0.0000	0.0032	0.0030	0.0003	0.0026	0.0026	0.0000	0.0006	0.0004	0.0002	2.2191	1.9842	0.2349	0.7810	0.7260	0.0549	1.4382	1.2582	0.1799	0.5635	0.3053	0.2581	0.0696	0.0631	0.0065	0.4938	0.2422	0.2516	22.5059	14.7787	0.2044	7.7913	7.5989	2.7517	32.3368	30.8732	0.0445	0.0057	0.0098	0.0010	0.0378	0.0417	0.0003	0.0012	0.0015	0.0010
57	123	0.6622	11	0	0	1	2	0	0	0	0	N	N	N	Y	N	N	N	N	N	N	N	N	89.6915	46.2406	147.2738	241.8548	204.4158	65.8160	3.7914	0.1410	176.0986	0.3295	0.3609	0.0142	0.7122	0.7517	0.0005	0.0103	0.0091	0.0192	0.0037	0.0078	0.0001	0.0029	0.0037	0.0000	0.0027	0.0647	0.0001	0.0039	0.0253	-0.2003	-0.0003	33.5853	12.8936	9.3450	4.1514	0.7074	0.7046	0.0028	0.6953	0.6952	0.0000	0.0121	0.0094	0.0027	0.0004	0.0004	0.0000	0.0003	0.0003	0.0000	0.0001	0.0001	0.0000	2.1471	1.9526	0.1945	0.9762	0.9248	0.0514	1.1709	1.0277	0.1432	0.2893	0.1775	0.1118	0.1011	0.0877	0.0134	0.1882	0.0898	0.0984	217.3005	149.7014	147.2738	241.8548	221.4329	65.8160	13.8193	6.2888	176.0986	0.0015	0.0024	0.0001	0.0029	0.0034	0.0000	0.0007	0.0014	0.0001
57	124	0.2506	8	0	1	0	1	0	0	0	0	N	N	N	N	N	N	N	N	N	N	N	N	0.3225	0.7230	0.0007	0.1435	0.1462	0.0011	0.3525	0.7163	0.0008	0.4713	0.5273	0.0039	0.1285	0.1359	0.0000	0.6100	0.6990	0.0046	1.4615	0.7293	5.7735	0.8958	0.9295	0.0168	1.7307	0.9760	5.9149	0.0009	32.0959	-0.2799	0.2233	33.5853	12.7386	9.3450	8.7370	0.9777	0.9769	0.0009	0.0768	0.0768	0.0000	0.9009	0.9001	0.0009	0.6541	0.0198	0.6344	0.0120	0.0119	0.0001	0.6421	0.0079	0.6343	2.0744	1.8527	0.2218	0.5975	0.5651	0.0324	1.4769	1.2876	0.1894	0.4995	0.2717	0.2278	0.0705	0.0644	0.0061	0.4290	0.2073	0.2217	0.3599	7.2478	0.0014	0.7546	0.7349	0.0011	0.4075	18.4377	0.0016	1.3096	0.0728	2.7848	0.1704	0.1849	0.0168	1.4968	0.0379	2.8611
57	125	0.2353	7	0	1	0	1	0	0	0	0	N	N	N	N	N	N	N	N	N	N	N	N	2.6182	74.9123	0.0008	137.4198	145.5233	0.0202	1.4753	3.7860	0.0008	0.6099	0.6817	0.0001	0.8976	0.9700	0.0001	0.4317	0.4931	0.0001	0.2329	0.0091	0.0895	0.0065	0.0067	0.0047	0.2926	0.1302	0.0799	0.0000	10.3012	-0.3043	0.0012	33.5853	8.6431	9.3450	1.4782	1.0599	1.0599	0.0000	0.5965	0.5965	0.0000	0.4634	0.4634	0.0000	0.0041	0.0004	0.0037	0.0002	0.0002	0.0000	0.0039	0.0002	0.0037	1.7379	1.5546	0.1833	0.6646	0.6150	0.0496	1.0734	0.9397	0.1337	0.2403	0.1306	0.1097	0.0320	0.0293	0.0027	0.2083	0.1013	0.1069	35.7823	245.7262	0.0022	175.0681	187.6921	0.0202	22.8714	236.7322	0.0019	0.0170	0.0028	0.0340	0.0051	0.0052	0.0047	0.0189	0.0021	0.0348
57	126	0.2258	6	0	0	0	1	0	0	0	0	N	N	N	N	N	N	N	N	N	N	N	N	119.1764	148.6597	0.5106	120.4529	275.6696	0.0130	140.1733	23.0445	1.5451	0.4567	0.5069	0.0009	0.9292	0.9650	0.0009	0.2476	0.2834	0.0009	0.0038	0.0034	0.0018	0.0077	0.0035	0.0709	0.0018	0.0123	0.0006	0.0002	0.9420	-0.1072	-0.0000	33.5853	4.1618	9.3450	2.0491	0.3735	0.3734	0.0001	0.2331	0.2331	0.0000	0.1404	0.1403	0.0001	0.0003	0.0001	0.0001	0.0002	0.0001	0.0001	0.0001	0.0000	0.0000	0.8178	0.7367	0.0810	0.2509	0.2416	0.0093	0.5669	0.4952	0.0717	0.1794	0.1064	0.0731	0.0349	0.0331	0.0018	0.1445	0.0733	0.0713	295.1824	377.1191	0.5106	162.4484	294.2949	0.0184	458.8815	602.1731	1.5451	0.0015	0.0013	0.0018	0.0057	0.0033	0.0501	0.0005	0.0005	0.0006
57	127	0.1966	5	0	0	0	1	0	0	0	0	N	N	N	N	N	N	N	N	N	N	N	N	0.2872	0.0073	1062.9245	0.2436	0.2436	0.7489	0.3196	0.0044	1363.4713	0.4182	0.0171	3.7502	0.0247	0.0257	0.0066	0.5547	0.0139	4.2547	1.4561	2.3490	0.0035	0.1016	0.1054	0.0089	1.7358	3.1620	0.0031	26.3345	0.0011	0.4240	-0.3570	33.5853	9.4810	9.3450	7.4917	0.6270	0.0229	0.6040	0.0095	0.0094	0.0001	0.6174	0.0135	0.6039	0.5692	0.5685	0.0006	0.0022	0.0022	0.0000	0.5670	0.5664	0.0006	1.4991	1.3380	0.1611	0.3860	0.3668	0.0191	1.1131	0.9712	0.1419	0.4396	0.2420	0.1975	0.0619	0.0572	0.0047	0.3777	0.1849	0.1928	0.3230	0.0073	1151.5339	0.6891	0.6738	0.7489	0.3695	0.0045	1363.4713	1.2949	2.3490	0.0033	0.0359	0.0381	0.0089	1.5011	3.0637	0.0031
57	128	0.6745	12	1	1	0	1	0	0	0	0	N	N	N	N	N	N	N	N	N	N	N	N	0.0004	0.0003	0.0086	0.0012	0.0010	0.8695	0.0000	0.0000	0.0001	0.0002	0.0002	0.0000	0.0004	0.0004	0.0000	0.0000	0.0000	0.0000	0.3642	0.5365	0.0004	0.3049	0.3574	0.0000	0.0007	0.0009	0.0005	0.0021	0.0064	-0.0000	-0.0010	33.5853	2.0107	9.3450	1.9995	0.0000	0.0000	0.0000	0.0000	0.0000	0.0000	0.0000	0.0000	0.0000	0.0016	0.0016	0.0000	0.0016	0.0016	0.0000	0.0000	0.0000	0.0000	0.3061	0.2765	0.0297	0.1400	0.1319	0.0081	0.1662	0.1446	0.0216	0.0653	0.0404	0.0249	0.0244	0.0212	0.0033	0.0408	0.0192	0.0216	0.0066	0.0045	0.0086	0.0054	0.0050	0.8695	0.0000	0.0000	0.0001	0.0245	0.0393	0.0004	0.0650	0.0750	0.0000	0.0003	0.0000	0.0005
57	129	0.6622	11	1	1	0	1	0	0	0	0	N	N	N	N	N	N	N	N	N	N	N	N	8.3529	9.0243	0.0221	112.8401	95.1664	107.5550	0.0007	0.0000	0.0241	0.2416	0.2638	0.0003	0.5112	0.5361	0.0003	0.0001	0.0000	0.0003	0.0289	0.0292	0.0152	0.0045	0.0056	0.0000	0.0828	0.4825	0.0139	0.0001	0.8871	-0.0753	-0.0001	33.5853	5.6459	9.3450	1.1399	0.2623	0.2622	0.0000	0.2622	0.2622	0.0000	0.0000	0.0000	0.0000	0.0008	0.0004	0.0004	0.0002	0.0002	0.0000	0.0006	0.0003	0.0004	1.0854	0.9941	0.0913	0.5130	0.4891	0.0239	0.5724	0.5050	0.0674	0.1190	0.0733	0.0458	0.0419	0.0364	0.0055	0.0772	0.0369	0.0403	35.5954	45.1450	0.0404	127.1730	116.0257	107.5550	0.0070	0.0030	0.0355	0.0068	0.0058	0.0083	0.0040	0.0046	0.0000	0.0083	0.0071	0.0094
57	130	0.6319	10	0	0	0	1	0	0	0	0	N	N	N	N	N	N	N	N	N	N	N	N	1.1920	0.7425	1.9019	2.3122	2.2525	3.6440	38.7526	24.7724	1.5900	0.3013	0.3405	0.0036	0.4127	0.4485	0.0045	0.1901	0.2237	0.0032	0.2528	0.4587	0.0019	0.1785	0.1991	0.0012	0.0049	0.0090	0.0020	0.0014	0.0424	-0.2053	-0.0039	33.5853	11.6079	9.3450	5.3766	0.7186	0.7176	0.0010	0.4917	0.4912	0.0004	0.2269	0.2264	0.0006	0.0066	0.0063	0.0003	0.0063	0.0063	0.0000	0.0003	0.0000	0.0003	2.3851	2.1073	0.2778	1.1913	1.0952	0.0961	1.1937	1.0121	0.1816	0.3662	0.2256	0.1406	0.1322	0.1183	0.0139	0.2340	0.1073	0.1266	16.6778	12.1063	1.9019	8.6237	8.4096	3.6440	153.5335	627.2337	1.5900	0.0181	0.0281	0.0019	0.0479	0.0533	0.0012	0.0012	0.0004	0.0020
57	131	0.6141	9	0	0	0	1	0	0	0	0	N	N	N	N	N	N	N	N	N	N	N	N	0.2105	0.1536	0.9633	0.0874	0.0874	0.8974	0.7459	0.3782	1.2000	0.3509	0.3872	0.0324	0.3774	0.3990	0.0445	0.3269	0.3756	0.0277	1.6673	2.5204	0.0337	4.3201	4.5639	0.0496	0.4382	0.9931	0.0231	0.0096	0.0034	-0.0792	-0.3676	33.5853	3.9355	9.3450	8.7078	0.2851	0.2824	0.0027	0.1457	0.1447	0.0011	0.1394	0.1377	0.0017	0.5882	0.5862	0.0020	0.5826	0.5821	0.0005	0.0056	0.0041	0.0015	0.8125	0.7292	0.0833	0.3861	0.3625	0.0236	0.4264	0.3667	0.0597	0.3542	0.2326	0.1217	0.1423	0.1289	0.0134	0.2119	0.1037	0.1082	0.2113	0.1536	1.9775	0.0922	0.0883	1.1629	12.3751	9.4623	2.0215	1.6605	2.5204	0.0164	4.0942	4.5174	0.0383	0.0264	0.0397	0.0137
57	132	0.6024	8	0	0	0	1	0	0	0	0	N	N	N	N	N	N	N	N	N	N	N	N	0.0181	0.0125	0.0301	0.0093	0.0095	0.0011	0.0225	0.0081	1.3314	0.0279	0.0272	0.0326	0.0366	0.0392	0.0088	0.0195	0.0141	0.0436	1.5463	2.1681	1.0841	3.9261	4.1103	7.7260	0.8678	1.7427	0.0328	0.1871	0.0359	-0.0051	-0.2503	33.5853	6.2657	9.3450	3.9760	0.0395	0.0333	0.0062	0.0256	0.0250	0.0005	0.0140	0.0083	0.0057	0.4215	0.4069	0.0146	0.4040	0.3910	0.0130	0.0175	0.0160	0.0016	1.4164	1.2252	0.1912	0.6993	0.6389	0.0605	0.7171	0.5864	0.1307	0.2904	0.1877	0.1027	0.1184	0.1067	0.0117	0.1719	0.0810	0.0909	0.0192	0.0125	0.2293	0.0107	0.0107	0.0079	0.1913	0.0716	2.5312	1.4518	2.1681	0.1422	3.4111	3.6639	1.1109	0.1019	0.1970	0.0172
57	133	0.5251	7	0	0	0	1	0	0	0	0	N	N	N	N	N	N	N	N	N	N	N	N	0.4280	0.3805	0.6771	0.0661	0.0737	0.0189	2.8875	0.7812	2.0172	0.2399	0.2657	0.0296	0.0426	0.0454	0.0044	0.3855	0.4419	0.0388	0.5604	0.6983	0.0437	0.6443	0.6158	0.2306	0.1335	0.5656	0.0192	0.0137	0.1975	-0.2953	-0.0256	33.5853	26.7012	9.3450	18.2690	1.0794	1.0648	0.0146	0.0813	0.0808	0.0006	0.9980	0.9840	0.0140	0.0551	0.0461	0.0091	0.0473	0.0429	0.0044	0.0078	0.0031	0.0047	4.5002	4.0069	0.4932	1.9113	1.7800	0.1314	2.5889	2.2270	0.3619	1.1467	0.7110	0.4356	0.3999	0.3602	0.0397	0.7468	0.3508	0.3960	4.9875	4.1030	1.4178	0.3595	0.3809	0.0390	36.9158	49.3695	3.2938	0.0481	0.0648	0.0209	0.1184	0.1191	0.1118	0.0104	0.0090	0.0118
57	134	0.2870	6	0	0	0	1	0	0	0	0	N	N	N	N	N	N	N	N	N	N	N	N	0.2900	0.2453	0.3980	0.2008	0.2325	0.0728	0.3417	0.2025	0.5823	0.2071	0.2267	0.0342	0.0591	0.0624	0.0070	0.2796	0.3130	0.0406	0.7141	0.9244	0.0858	0.2941	0.2682	0.0958	0.8181	1.5457	0.0697	0.0171	0.2165	-0.4828	-0.0799	33.5853	61.4372	9.3450	55.8589	1.7859	1.7558	0.0300	0.1675	0.1663	0.0012	1.6184	1.5896	0.0289	0.1775	0.1459	0.0316	0.0217	0.0196	0.0021	0.1558	0.1263	0.0295	8.6233	7.7444	0.8789	2.8345	2.6667	0.1677	5.7889	5.0777	0.7112	2.1583	1.2032	0.9551	0.3411	0.3055	0.0356	1.8172	0.8977	0.9195	2.5183	1.8697	1.0327	0.9270	0.9712	0.1170	3.2618	2.2253	1.2659	0.0822	0.1213	0.0331	0.0637	0.0642	0.0596	0.0857	0.1407	0.0321
57	135	0.1966	5	0	0	0	1	0	0	0	0	N	N	N	N	N	N	N	N	N	N	N	N	0.8466	0.5327	215.5407	7.0771	7.1583	34.8645	0.6206	0.2713	317.6628	0.9360	0.8268	1.8611	1.3601	1.3946	0.6782	0.7920	0.6170	2.0160	1.1057	1.5521	0.0086	0.1922	0.1948	0.0195	1.2762	2.2740	0.0063	0.2657	0.0051	-0.3415	-0.3583	33.5853	31.7621	9.3450	18.5886	4.4225	3.4941	0.9284	1.6294	1.5902	0.0392	2.7931	1.9039	0.8892	0.5749	0.5720	0.0029	0.0060	0.0058	0.0002	0.5690	0.5662	0.0027	4.7248	4.2260	0.4988	1.1980	1.1403	0.0578	3.5268	3.0857	0.4411	1.1181	0.5945	0.5236	0.1194	0.1097	0.0097	0.9987	0.4847	0.5140	1.8204	0.8593	331.7871	27.2795	26.5453	34.8645	1.3901	0.5282	376.9090	0.5142	0.9622	0.0056	0.0499	0.0525	0.0195	0.5697	1.1681	0.0053
58	59	0.6694	11	0	0	0	1	0	0	0	0	N	N	N	N	N	N	N	N	N	N	N	N	0.0000	0.0000	0.0000	0.0000	0.0000	0.0000	0.0000	0.0000	0.0000	0.0000	0.0000	0.0000	0.0000	0.0000	0.0000	0.0000	0.0000	0.0000	-0.0000	-0.0000	15.2419	0.0000	2.5705	0.0000	0.0000	0.0000	0.0000	0.0000	0.0000	0.0000	0.0000	0.0000	0.0000	0.0000	0.0000	0.0000	0.0000	0.0000	0.0000	0.0000	0.0000	0.0000	0.0000	0.0000	0.0000	0.0000	0.0000	0.0000	0.0000	0.0000	0.0000	0.0000	0.0000	0.0000	0.0000	0.0000	0.0000	0.0000	0.0000	0.0000	0.0000	0.0000	0.0000	0.0000	0.0000	0.0000	0.0000	0.0000	0.0000	0.0000	0.0000	0.0000	0.0000	0.0000	0.0000	0.0000	0.0000	0.0000											
58	60	0.5920	10	0	0	0	1	0	0	0	0	N	N	N	N	N	N	N	N	N	N	N	N	45.1008	37.4686	18.6519	28.1639	23.8039	18.1097	76.9166	32.6972	19.5405	0.4756	0.5227	0.0559	0.2484	0.2613	0.0414	0.6382	0.7254	0.0605	0.0105	0.0140	0.0030	0.0088	0.0110	0.0023	0.0083	0.0222	0.0031	0.0120	0.5205	-0.1716	-0.0002	15.2419	19.3360	2.5705	7.9957	0.6233	0.6160	0.0074	0.1358	0.1345	0.0013	0.4875	0.4815	0.0061	0.0007	0.0005	0.0002	0.0004	0.0004	0.0000	0.0003	0.0000	0.0002	1.3105	1.1783	0.1322	0.5466	0.5146	0.0320	0.7639	0.6638	0.1002	0.2028	0.1231	0.0797	0.0671	0.0560	0.0112	0.1356	0.0671	0.0685	138.8828	140.8405	18.7350	38.5634	35.9346	18.1097	330.5139	978.6609	19.5405	0.0034	0.0037	0.0030	0.0064	0.0073	0.0023	0.0019	0.0007	0.0031
58	61	0.2820	8	0	1	1	0	0	0	0	0	N	N	N	N	N	N	N	N	N	N	N	N	2.1470	1.4256	51.8773	3.7006	2.6700	17053.3851	1.0609	0.5834	0.0931	0.9862	0.8277	2.3760	2.1414	1.5874	13.2538	0.2604	0.3010	0.0040	0.4593	0.5806	0.0458	0.5787	0.5945	0.0008	0.2454	0.5160	0.0430	0.3273	0.4251	-0.0469	-0.0030	15.2419	14.2360	2.5705	11.9336	1.1558	0.8708	0.2850	0.9683	0.6837	0.2846	0.1874	0.1870	0.0004	0.0090	0.0063	0.0027	0.0056	0.0056	0.0000	0.0034	0.0007	0.0027	1.1719	1.0520	0.1199	0.4522	0.4307	0.0215	0.7197	0.6213	0.0985	0.2613	0.1393	0.1220	0.0521	0.0482	0.0039	0.2093	0.0911	0.1182	28.6805	18.2878	108.1606	19.9331	13.6901	17053.3851	16.0605	38.3329	0.1767	0.0344	0.0453	0.0220	0.1074	0.1160	0.0008	0.0162	0.0079	0.0227
58	62	0.2098	8	1	0	1	0	0	0	0	0	N	N	N	N	N	N	N	N	N	N	N	N	0.4793	0.2929	0.3405	1.7692	1.6515	53.3491	0.3760	0.1976	0.0151	0.9539	1.0379	0.2621	0.9791	0.9358	1.8547	0.9424	1.0894	0.0100	1.9902	3.5438	0.7695	0.5534	0.5666	0.0348	2.5065	5.5144	0.6652	0.0307	0.0260	-0.5437	-0.5448	15.2419	28.8660	2.5705	13.2209	2.1124	2.0496	0.0628	0.6796	0.6188	0.0608	1.4328	1.4308	0.0021	0.9035	0.8806	0.0229	0.0101	0.0099	0.0002	0.8934	0.8706	0.0227	2.2145	1.9746	0.2398	0.6941	0.6613	0.0328	1.5204	1.3133	0.2070	0.4540	0.2485	0.2055	0.0975	0.0906	0.0069	0.3564	0.1579	0.1985	0.4793	0.2929	2.3479	9.4410	8.5549	62.3263	0.3760	0.1976	0.0877	1.9902	3.5438	0.1116	0.1037	0.1094	0.0298	2.5065	5.5144	0.1145
58	63	0.2071	7	1	1	0	0	0	0	0	0	N	N	N	N	N	N	N	N	N	N	N	N	0.0114	0.0075	0.1999	0.0283	0.0199	1.9676	0.0064	0.0036	0.0109	0.0139	0.0128	0.0222	0.0243	0.0169	0.1324	0.0095	0.0109	0.0011	1.2181	1.7017	0.1112	0.8570	0.8496	0.0673	1.4859	2.9824	0.0974	0.2272	0.0229	-0.0006	-0.0992	15.2419	5.0237	2.5705	8.0282	0.0058	0.0048	0.0011	0.0030	0.0020	0.0010	0.0028	0.0028	0.0000	0.1637	0.1600	0.0037	0.0090	0.0089	0.0001	0.1547	0.1511	0.0036	0.4206	0.3721	0.0485	0.1235	0.1157	0.0078	0.2971	0.2564	0.0407	0.2056	0.1102	0.0954	0.0564	0.0545	0.0019	0.1493	0.0557	0.0936	0.0174	0.0088	0.5782	0.1514	0.1033	2.7016	0.0092	0.0040	0.0279	0.7960	1.4521	0.0385	0.1603	0.1641	0.0490	1.0362	2.7131	0.0382
58	64	0.1441	6	1	1	0	0	0	0	0	0	N	N	N	N	N	N	N	N	N	N	N	N	2.5193	2.4842	3.9936	5.5831	5.2944	74.7379	2.9086	1.8452	1.6231	1.0493	1.1323	0.3276	0.6642	0.6343	1.1990	1.2911	1.4745	0.1122	0.4165	0.4558	0.0820	0.1190	0.1198	0.0160	0.4439	0.7991	0.0691	0.0333	0.9958	-0.4820	-0.0017	15.2419	17.5893	2.5705	19.0270	1.8908	1.8299	0.0609	0.4617	0.4176	0.0442	1.4290	1.4123	0.0167	0.0134	0.0067	0.0067	0.0034	0.0034	0.0001	0.0100	0.0034	0.0066	1.8019	1.6161	0.1858	0.6951	0.6583	0.0368	1.1068	0.9579	0.1490	0.4530	0.2410	0.2120	0.0862	0.0815	0.0046	0.3669	0.1595	0.2074	35.4751	40.6386	10.3915	16.7080	15.4317	74.7379	47.4879	69.9077	3.5201	0.0296	0.0279	0.0315	0.0398	0.0411	0.0160	0.0272	0.0211	0.0319
58	65	0.1378	5	0	1	0	0	0	0	0	0	N	N	N	N	N	N	N	N	N	N	N	N	2.3511	2.2939	0.5982	3.9127	4.2021	1.3991	0.8178	1.5968	0.0509	2.0568	2.1926	0.9972	5.2228	5.0985	7.7942	0.7257	0.8343	0.0697	0.8748	0.9558	1.6670	1.3348	1.2133	5.5708	0.8873	0.5225	1.3682	0.0583	1.0827	-0.0837	-0.0018	15.2419	1.7566	2.5705	2.8742	0.3607	0.3408	0.0199	0.2711	0.2524	0.0186	0.0896	0.0884	0.0012	0.0170	0.0082	0.0089	0.0092	0.0079	0.0012	0.0079	0.0002	0.0076	0.1754	0.1554	0.0199	0.0519	0.0495	0.0024	0.1235	0.1059	0.0175	0.1011	0.0598	0.0413	0.0318	0.0304	0.0014	0.0694	0.0294	0.0399	12.2037	16.0297	4.6482	18.0670	19.4952	8.7314	6.4031	103.0746	0.3647	0.1685	0.1368	0.2145	0.2891	0.2615	0.8927	0.1133	0.0081	0.1910
58	66	0.2820	8	0	1	0	0	0	0	0	0	N	N	N	N	N	N	N	N	N	N	N	N	0.0899	0.0120	5.4439	0.0232	0.0198	0.2349	0.3490	0.0118	7.5174	0.0032	0.0016	0.0178	0.0014	0.0013	0.0032	0.0043	0.0017	0.0210	0.0357	0.1296	0.0033	0.0603	0.0661	0.0138	0.0124	0.1463	0.0028	1.2946	0.2474	0.0015	-0.0010	15.2419	21.1811	2.5705	10.1862	0.0054	0.0024	0.0031	0.0009	0.0008	0.0001	0.0045	0.0016	0.0030	0.0023	0.0018	0.0005	0.0016	0.0016	0.0001	0.0006	0.0002	0.0004	1.6938	1.5215	0.1723	0.6493	0.6183	0.0310	1.0445	0.9032	0.1413	0.3082	0.1643	0.1440	0.0609	0.0563	0.0046	0.2474	0.1080	0.1394	0.4339	0.1399	5.6671	0.0516	0.0464	0.2349	1.7053	0.7792	7.5174	0.0074	0.0111	0.0031	0.0271	0.0282	0.0138	0.0025	0.0022	0.0028
58	67	0.2682	7	0	1	0	0	0	0	0	0	N	N	N	N	N	N	N	N	N	N	N	N	0.2200	0.2099	1.5683	0.6273	0.3634	69.0470	0.0385	0.0522	0.2105	0.0015	0.0010	0.0052	0.0034	0.0023	0.0277	0.0003	0.0003	0.0007	0.0067	0.0050	0.0033	0.0054	0.0062	0.0004	0.0082	0.0049	0.0032	0.5582	1.6103	0.0001	-0.0000	15.2419	7.4253	2.5705	0.9851	0.0009	0.0006	0.0003	0.0008	0.0005	0.0003	0.0001	0.0001	0.0000	0.0002	0.0001	0.0001	0.0001	0.0001	0.0000	0.0001	0.0000	0.0001	0.6405	0.5759	0.0647	0.2380	0.2272	0.0108	0.4025	0.3487	0.0539	0.0872	0.0461	0.0412	0.0166	0.0153	0.0013	0.0707	0.0308	0.0399	0.6065	0.5967	1.6464	0.7467	0.4588	69.0470	0.1643	1.4046	0.2105	0.0024	0.0018	0.0032	0.0046	0.0049	0.0004	0.0019	0.0002	0.0032
58	68	0.0888	2	0	0	1	0	0	0	0	0	N	N	N	N	N	N	N	N	N	N	N	N	0.7822	0.5065	7.7211	0.7434	0.8230	3.5020	0.9985	0.3611	10.8714	0.4577	0.3475	0.8583	0.3688	0.4087	0.0597	0.5176	0.2966	1.0747	0.5852	0.6861	0.1112	0.4961	0.4966	0.0171	0.5184	0.8214	0.0989	0.6793	0.5337	0.1319	-0.0069	15.2419	15.0354	2.5705	6.2061	1.1240	0.6693	0.4547	0.3645	0.3578	0.0067	0.7595	0.3115	0.4479	0.0246	0.0160	0.0085	0.0134	0.0133	0.0001	0.0112	0.0027	0.0085	2.4555	1.9258	0.5297	0.9883	0.8753	0.1129	1.4672	1.0504	0.4168	0.4763	0.2539	0.2224	0.1427	0.1382	0.0045	0.3336	0.1157	0.2179	8.8794	5.5123	22.3401	3.9392	4.2528	3.5020	15.4268	12.5875	27.6563	0.0516	0.0630	0.0384	0.0936	0.0961	0.0171	0.0336	0.0236	0.0389
58	71	0.2713	8	1	1	0	0	0	0	0	0	N	N	N	N	N	N	N	N	N	N	N	N	1.2972	4.4467	10.3036	1.6940	14.4774	0.8489	0.8290	0.0750	8.5676	0.5405	0.3576	2.1605	1.4090	0.8816	11.5134	0.0012	0.0007	0.0049	0.4166	0.0804	0.2097	0.8318	0.0609	13.5626	0.0015	0.0091	0.0006	0.6821	5.3022	0.0925	0.0015	15.2419	17.5448	2.5705	6.0013	0.7816	0.4646	0.3169	0.7805	0.4641	0.3164	0.0011	0.0005	0.0006	0.0070	0.0011	0.0059	0.0069	0.0011	0.0058	0.0001	0.0000	0.0001	1.4461	1.2994	0.1467	0.5539	0.5264	0.0275	0.8922	0.7730	0.1192	0.2349	0.1246	0.1103	0.0443	0.0409	0.0035	0.1906	0.0837	0.1068	18.2203	40.2897	40.6587	9.0824	33.4859	6.8935	2.6126	1.9113	8.5676	0.0297	0.0089	0.0531	0.1551	0.0263	1.6702	0.0005	0.0004	0.0006
58	72	0.3398	11	1	1	1	0	0	0	0	0	N	N	N	N	N	N	N	N	N	N	N	N	0.0051	0.0142	0.0005	0.0007	0.0007	0.0047	0.4436	0.0008	0.0000	0.0000	0.0000	0.0000	0.0000	0.0000	0.0001	0.0001	0.0000	0.0085	0.0034	0.0098	0.0025	0.0026	0.0000	0.0171	0.0002	0.0084	0.0123	2.3231	-0.0000	0.0000	15.2419	1.8980	2.5705	2.9698	0.0000	0.0000	0.0000	0.0000	0.0000	0.0000	0.0000	0.0000	0.0000	0.0002	0.0001	0.0001	0.0001	0.0001	0.0000	0.0001	0.0000	0.0001	0.1759	0.1582	0.0177	0.0810	0.0772	0.0038	0.0948	0.0810	0.0139	0.0664	0.0443	0.0221	0.0236	0.0228	0.0009	0.0427	0.0215	0.0212	0.0147	0.0358	0.0008	0.0007	0.0007	0.0000	0.0246	128.7788	0.0010	0.0030	0.0013	0.0063	0.0025	0.0026	0.0000	0.0032	0.0000	0.0065	
58	73	0.3202	10	1	0	1	0	0	0	0	0	N	N	N	N	N	N	N	N	N	N	N	N	0.3042	0.1917	0.1684	0.5965	0.5477	1.6419	0.1939	0.0274	0.0927	0.0111	0.0119	0.0017	0.0163	0.0166	0.0055	0.0064	0.0072	0.0008	0.0364	0.0620	0.0103	0.0273	0.0304	0.0034	0.0329	0.2610	0.0084	0.0128	0.4796	-0.0016	-0.0002	15.2419	3.5853	2.5705	4.3819	0.0058	0.0058	0.0001	0.0041	0.0040	0.0000	0.0018	0.0017	0.0000	0.0007	0.0004	0.0002	0.0003	0.0003	0.0000	0.0003	0.0001	0.0002	0.5267	0.4842	0.0425	0.2501	0.2416	0.0085	0.2766	0.2426	0.0340	0.0872	0.0542	0.0330	0.0225	0.0211	0.0014	0.0647	0.0331	0.0316	1.4788	1.4608	0.2698	1.0999	1.0710	1.6419	1.2884	2.0906	0.1191	0.0075	0.0081	0.0064	0.0148	0.0155	0.0034	0.0050	0.0034	0.0065
58	74	0.2887	9	1	0	1	0	0	0	0	0	N	N	N	N	N	N	N	N	N	N	N	N	11.8963	7.6721	1.1004	0.4956	0.4646	1.2626	18.7068	3.2170	1.6053	0.7020	0.7776	0.0169	0.0146	0.0150	0.0058	1.1362	1.3079	0.0193	0.0590	0.1014	0.0154	0.0294	0.0323	0.0046	0.0607	0.4065	0.0120	0.0024	0.6546	-0.2071	-0.0005	15.2419	12.3589	2.5705	7.3592	0.7273	0.7256	0.0017	0.0058	0.0057	0.0001	0.7215	0.7198	0.0016	0.0020	0.0012	0.0008	0.0008	0.0008	0.0000	0.0012	0.0004	0.0008	1.0360	0.9331	0.1030	0.4010	0.3827	0.0184	0.6350	0.5504	0.0846	0.2171	0.1238	0.0933	0.0494	0.0462	0.0033	0.1677	0.0776	0.0901	76.5903	80.0409	2.0023	0.9287	0.9101	1.2626	156.9376	229.8482	2.2507	0.0092	0.0097	0.0084	0.0157	0.0165	0.0046	0.0072	0.0057	0.0086
58	75	0.2713	8	1	0	1	0	0	0	0	0	N	N	N	N	N	N	N	N	N	N	N	N	1.1104	0.4871	17.2504	2.6691	2.6701	0.5089	0.7071	0.0206	21.4520	0.0128	0.0092	0.0447	0.0114	0.0119	0.0014	0.0137	0.0072	0.0555	0.0115	0.0189	0.0026	0.0043	0.0045	0.0027	0.0194	0.3522	0.0026	0.5484	0.5077	0.0008	-0.0001	15.2419	10.2127	2.5705	1.0234	0.0113	0.0073	0.0040	0.0040	0.0039	0.0000	0.0073	0.0034	0.0040	0.0004	0.0003	0.0001	0.0001	0.0001	0.0000	0.0003	0.0002	0.0001	0.8841	0.7944	0.0897	0.3490	0.3311	0.0179	0.5351	0.4633	0.0718	0.1155	0.0612	0.0543	0.0220	0.0203	0.0017	0.0935	0.0409	0.0526	3.5402	2.0335	17.2504	2.9387	3.0022	0.5089	3.8603	1.5115	21.4520	0.0036	0.0045	0.0026	0.0039	0.0040	0.0027	0.0036	0.0048	0.0026
58	76	0.2682	7	1	0	0	0	0	0	0	0	N	N	N	N	N	N	N	N	N	N	N	N	2.5443	2.4150	7.7194	1.3392	2.6337	1.0012	1.1341	0.0314	14.5596	0.0005	0.0003	0.0020	0.0009	0.0007	0.0056	0.0002	0.0001	0.0013	0.0002	0.0001	0.0003	0.0007	0.0003	0.0056	0.0002	0.0025	0.0001	0.6747	1.7479	0.0000	0.0000	15.2419	3.7027	2.5705	0.0091	0.0002	0.0001	0.0001	0.0001	0.0001	0.0000	0.0001	0.0000	0.0000	0.0000	0.0000	0.0000	0.0000	0.0000	0.0000	0.0000	0.0000	0.0000	0.3406	0.3070	0.0336	0.1291	0.1236	0.0055	0.2115	0.1835	0.0281	0.0389	0.0206	0.0184	0.0074	0.0068	0.0006	0.0315	0.0137	0.0178	2.5443	2.4446	7.7194	1.3392	2.6337	1.0012	3.0015	1.1511	14.5596	0.0002	0.0001	0.0003	0.0007	0.0003	0.0056	0.0001	0.0001	0.0001
58	77	0.2512	6	0	0	0	0	0	0	0	0	N	N	N	N	N	N	N	N	N	N	N	N	0.4061	0.4745	0.2432	9.7744	9.5000	6.4069	0.1649	0.1023	0.2579	0.1493	0.1635	0.0199	0.2342	0.2473	0.0247	0.0768	0.0858	0.0181	0.3676	0.3445	0.0818	0.0240	0.0260	0.0039	0.4656	0.8386	0.0700	0.0133	1.1826	-0.0170	-0.0003	15.2419	3.8334	2.5705	6.1787	0.0619	0.0611	0.0008	0.0447	0.0445	0.0003	0.0172	0.0167	0.0005	0.0034	0.0016	0.0019	0.0005	0.0005	0.0000	0.0030	0.0011	0.0019	0.4149	0.3739	0.0410	0.1910	0.1798	0.0112	0.2239	0.1941	0.0297	0.1370	0.0778	0.0592	0.0348	0.0331	0.0017	0.1022	0.0447	0.0575	5.9530	8.0817	0.6324	17.3235	17.6420	6.4069	2.6472	3.4573	0.5596	0.0251	0.0202	0.0315	0.0135	0.0140	0.0039	0.0290	0.0248	0.0323
58	78	0.2121	5	0	0	0	0	0	0	0	0	N	N	N	N	N	N	N	N	N	N	N	N	17.2757	10.2034	116.4635	34.7613	31.9356	96.6290	16.6289	2.0338	162.4594	0.7534	0.5956	1.7664	0.9562	0.8913	2.0250	0.6374	0.4013	1.7191	0.0436	0.0584	0.0152	0.0275	0.0279	0.0210	0.0383	0.1973	0.0106	0.4620	0.7666	0.0366	-0.0005	15.2419	16.9094	2.5705	5.8161	1.2666	0.8663	0.4002	0.5849	0.5140	0.0709	0.6817	0.3523	0.3293	0.0026	0.0015	0.0011	0.0013	0.0012	0.0001	0.0013	0.0003	0.0010	1.6812	1.4546	0.2266	0.6117	0.5767	0.0350	1.0696	0.8780	0.1916	0.3265	0.1880	0.1385	0.0874	0.0821	0.0053	0.2391	0.1059	0.1332	93.4547	75.1472	214.2156	63.5124	60.7375	96.6290	115.8012	149.2106	222.0941	0.0081	0.0079	0.0082	0.0151	0.0147	0.0210	0.0055	0.0027	0.0077
58	79	0.1378	5	0	1	0	0	0	0	0	0	N	N	N	N	N	N	N	N	N	N	N	N	0.6913	0.8324	0.0068	0.5943	0.6191	1.7643	0.5560	0.8344	0.0061	0.7197	0.8100	0.0212	0.9043	0.9495	0.0398	0.6601	0.7605	0.0190	1.0412	0.9731	3.1008	1.5217	1.5336	0.0226	1.1872	0.9115	3.1136	0.0034	3.9763	-0.3926	0.0328	15.2419	23.9173	2.5705	17.8091	1.3837	1.3791	0.0047	0.4244	0.4235	0.0009	0.9593	0.9556	0.0037	0.1922	0.0386	0.1536	0.0331	0.0329	0.0001	0.1591	0.0057	0.1535	1.9226	1.7025	0.2201	0.4693	0.4460	0.0233	1.4533	1.2565	0.1968	0.5071	0.2707	0.2364	0.0915	0.0857	0.0058	0.4156	0.1850	0.2306	1.8986	5.6767	0.0327	2.5019	2.4696	1.8015	1.7237	24.7680	0.0286	0.3791	0.1427	0.6498	0.3615	0.3845	0.0221	0.3830	0.0307	0.6656
58	80	0.1217	4	0	1	0	0	0	0	0	0	N	N	N	N	N	N	N	N	N	N	N	N	6.1071	5.1299	9.7792	1.8839	2.1079	0.0250	7.3236	4.5592	18.1226	4.6743	4.7619	4.0170	2.1167	2.2192	0.0473	5.4222	5.5841	4.4133	0.7654	0.9283	0.4108	1.1236	1.0528	1.8929	0.7404	1.2248	0.2435	0.1125	0.4887	-0.4412	-0.0046	15.2419	6.1279	2.5705	3.6878	2.3713	2.1316	0.2397	0.2430	0.2427	0.0003	2.1283	1.8889	0.2395	0.0152	0.0102	0.0050	0.0073	0.0065	0.0008	0.0079	0.0037	0.0042	0.5073	0.4476	0.0597	0.1148	0.1094	0.0054	0.3925	0.3383	0.0543	0.1484	0.0831	0.0653	0.0312	0.0295	0.0017	0.1172	0.0536	0.0636	45.6762	38.8037	52.5950	9.0872	10.0858	0.1033	80.2133	80.6670	66.6396	0.1023	0.1227	0.0764	0.2329	0.2200	0.4578	0.0676	0.0692	0.0662
58	81	0.2098	8	1	0	1	0	0	0	0	0	N	N	N	N	N	N	N	N	N	N	N	N	0.3614	1.0750	0.0028	0.0165	0.0171	0.0499	0.4183	20.5346	0.0030	0.5717	0.6391	0.0179	0.0107	0.0112	0.0000	0.8285	0.9561	0.0208	1.5819	0.5945	6.4374	0.6477	0.6569	0.0004	1.9809	0.0466	6.8132	0.0034	56.2678	-0.3443	0.2303	15.2419	27.2690	2.5705	12.3406	1.2134	1.2093	0.0041	0.0071	0.0071	0.0000	1.2063	1.2022	0.0041	0.6502	0.0114	0.6389	0.0112	0.0112	0.0000	0.6390	0.0002	0.6389	2.1224	1.8923	0.2301	0.6664	0.6349	0.0315	1.4560	1.2574	0.1987	0.4348	0.2382	0.1966	0.0940	0.0873	0.0066	0.3408	0.1509	0.1899	0.3823	13.4071	0.0055	0.0900	0.0878	0.0499	0.4418	794.8392	0.0062	1.4955	0.0477	3.2498	0.1189	0.1279	0.0004	1.8751	0.0012	3.3634
58	82	0.1945	7	0	0	0	0	0	0	0	0	N	N	N	N	N	N	N	N	N	N	N	N	0.0252	0.0464	0.0081	0.0864	0.0784	0.5478	0.0306	0.0316	0.0102	0.0173	0.0183	0.0082	0.0022	0.0023	0.0005	0.0253	0.0277	0.0095	0.6869	0.3947	1.0066	0.0253	0.0289	0.0010	0.8264	0.8788	0.9281	0.0509	4.8031	-0.0034	0.0017	15.2419	9.0798	2.5705	0.9519	0.0144	0.0137	0.0007	0.0006	0.0006	0.0000	0.0138	0.0131	0.0007	0.0085	0.0015	0.0070	0.0003	0.0003	0.0000	0.0082	0.0011	0.0070	0.8360	0.7503	0.0857	0.2902	0.2774	0.0128	0.5458	0.4729	0.0729	0.1150	0.0621	0.0529	0.0234	0.0216	0.0018	0.0917	0.0405	0.0511	0.2338	0.7766	0.0614	0.1567	0.1504	0.5478	0.2837	0.9864	0.0690	0.0739	0.0236	0.1329	0.0140	0.0151	0.0010	0.0892	0.0281	0.1376
58	83	0.1217	4	0	1	0	0	0	0	0	0	N	N	N	N	N	N	N	N	N	N	N	N	0.0124	0.0074	0.3077	0.0054	0.0072	0.0000	0.0492	0.0420	0.5445	0.0042	0.0030	0.0136	0.0028	0.0029	0.0000	0.0047	0.0031	0.0150	0.3433	0.4067	0.0443	0.5078	0.3991	1.2152	0.0951	0.0728	0.0275	0.5897	0.7574	0.0006	-0.0020	15.2419	21.0000	2.5705	14.4214	0.0071	0.0045	0.0026	0.0010	0.0010	0.0000	0.0060	0.0034	0.0026	0.0101	0.0057	0.0043	0.0068	0.0055	0.0013	0.0033	0.0003	0.0030	1.6715	1.4788	0.1928	0.3781	0.3607	0.0174	1.2934	1.1181	0.1753	0.4373	0.2323	0.2050	0.0702	0.0663	0.0039	0.3671	0.1660	0.2011	0.1840	0.1221	0.6439	0.0285	0.0349	0.0000	0.5199	1.9812	0.9900	0.0231	0.0247	0.0212	0.0966	0.0827	0.3310	0.0090	0.0015	0.0151
58	84	0.1794	8	0	0	1	0	0	0	0	0	N	N	N	N	N	N	N	N	N	N	N	N	0.0033	0.0027	0.0123	0.0002	0.0002	0.0050	0.0218	0.3051	0.0156	0.0018	0.0020	0.0004	0.0002	0.0002	0.0002	0.0025	0.0028	0.0005	0.5339	0.7134	0.0363	0.9304	0.9727	0.0331	0.1131	0.0091	0.0320	0.0289	0.2342	-0.0008	-0.0067	15.2419	20.4085	2.5705	11.0867	0.0030	0.0029	0.0001	0.0001	0.0001	0.0000	0.0029	0.0028	0.0001	0.0154	0.0125	0.0029	0.0126	0.0124	0.0002	0.0027	0.0000	0.0027	1.6816	1.4926	0.1891	0.4936	0.4646	0.0291	1.1880	1.0280	0.1600	0.3517	0.1840	0.1677	0.0703	0.0626	0.0077	0.2813	0.1213	0.1600	0.0409	0.0289	0.0257	0.0009	0.0008	0.0057	0.2529	7.7494	0.0296	0.0437	0.0677	0.0174	0.1797	0.1983	0.0287	0.0097	0.0004	0.0169
58	85	0.1756	7	0	0	1	0	0	0	0	0	N	N	N	N	N	N	N	N	N	N	N	N	0.5295	0.0992	24.1618	0.4348	0.3744	3.9129	0.7666	0.0036	31.1119	0.0095	0.0052	0.0441	0.0116	0.0113	0.0161	0.0080	0.0008	0.0536	0.0179	0.0528	0.0018	0.0268	0.0302	0.0041	0.0104	0.2173	0.0017	1.0304	0.1945	0.0007	-0.0001	15.2419	3.1287	2.5705	1.1816	0.0034	0.0017	0.0017	0.0017	0.0015	0.0002	0.0017	0.0001	0.0016	0.0003	0.0002	0.0000	0.0002	0.0002	0.0000	0.0001	0.0001	0.0000	0.3560	0.3171	0.0388	0.1438	0.1340	0.0098	0.2121	0.1831	0.0290	0.0569	0.0313	0.0256	0.0129	0.0118	0.0011	0.0440	0.0195	0.0245	1.8806	0.6833	24.1618	0.7998	0.7285	3.9129	3.5410	0.2699	31.1119	0.0050	0.0077	0.0018	0.0146	0.0155	0.0041	0.0023	0.0029	0.0017
58	86	0.1687	6	0	0	0	0	0	0	0	0	N	N	N	N	N	N	N	N	N	N	N	N	14.5433	52.9522	38.7790	168.9528	145.2283	1391.0041	0.7141	3.6644	2.0026	1.4301	1.4354	1.3873	3.6741	3.5313	5.5468	0.0928	0.0966	0.0681	0.0983	0.0271	0.0358	0.0217	0.0243	0.0040	0.1300	0.0264	0.0340	0.1193	2.5575	-0.1046	0.0001	15.2419	4.0532	2.5705	2.2470	0.5794	0.5176	0.0618	0.5558	0.4963	0.0595	0.0236	0.0213	0.0023	0.0009	0.0003	0.0007	0.0002	0.0002	0.0000	0.0007	0.0000	0.0007	0.4051	0.3606	0.0445	0.1513	0.1406	0.0107	0.2538	0.2200	0.0338	0.0844	0.0460	0.0383	0.0191	0.0175	0.0016	0.0653	0.0286	0.0367	131.3728	255.9317	80.5504	291.4684	263.2540	1391.0041	8.9412	114.8960	3.8215	0.0109	0.0056	0.0172	0.0126	0.0134	0.0040	0.0104	0.0008	0.0178
58	87	0.1456	5	0	0	0	0	0	0	0	0	N	N	N	N	N	N	N	N	N	N	N	N	3.5525	1.4781	14.8051	2.3912	2.5784	16.9082	3.8857	0.5278	24.3026	2.8224	1.2940	12.8662	2.0128	2.2142	0.0894	3.3518	0.6483	17.9301	0.7945	0.8754	0.8690	0.8417	0.8588	0.0053	0.8626	1.2282	0.7378	1.5129	0.8259	0.4970	-0.0045	15.2419	4.7288	2.5705	9.8540	1.5782	0.6280	0.9502	0.4450	0.4431	0.0019	1.1332	0.1849	0.9483	0.0258	0.0141	0.0117	0.0087	0.0086	0.0000	0.0172	0.0055	0.0117	0.5592	0.4853	0.0738	0.2211	0.2001	0.0210	0.3381	0.2852	0.0529	0.2272	0.1300	0.0971	0.0550	0.0520	0.0030	0.1722	0.0780	0.0942	24.8401	11.9020	107.0631	12.7952	13.3377	16.9082	33.6316	9.1958	144.8201	0.1136	0.1087	0.1202	0.1573	0.1660	0.0053	0.0997	0.0705	0.1238
58	88	0.1217	4	0	0	0	0	0	0	0	0	N	N	N	N	N	N	N	N	N	N	N	N	3.5786	3.4109	1.3851	0.1481	0.1662	0.0048	4.5056	3.1497	2.3090	2.6600	2.9311	0.6182	0.1473	0.1542	0.0077	3.3946	3.8284	0.6790	0.7433	0.8593	0.4463	0.9948	0.9275	1.6071	0.7534	1.2155	0.2941	0.0280	0.6399	-0.4907	-0.0049	15.2419	8.6320	2.5705	7.0881	1.8879	1.8365	0.0514	0.0237	0.0236	0.0001	1.8642	1.8129	0.0514	0.0205	0.0125	0.0080	0.0081	0.0071	0.0010	0.0125	0.0054	0.0071	0.7098	0.6266	0.0832	0.1606	0.1530	0.0075	0.5492	0.4735	0.0757	0.2184	0.1192	0.0992	0.0408	0.0385	0.0022	0.1776	0.0806	0.0970	28.2869	27.8890	7.6554	0.7441	0.8343	0.0182	48.3795	57.1527	9.3265	0.0940	0.1051	0.0807	0.1980	0.1848	0.4242	0.0702	0.0670	0.0728
58	89	0.1895	6	0	1	0	0	0	0	0	0	N	N	N	N	N	N	N	N	N	N	N	N	5.7358	4.3761	85.4308	4.5803	4.2691	97.2228	10.2540	4.4259	100.3357	1.8094	1.5300	3.8967	0.9399	0.8137	2.6709	2.1969	1.8761	4.1613	0.3155	0.3496	0.0456	0.2052	0.1906	0.0275	0.2143	0.4239	0.0415	0.3409	0.8831	-0.0832	-0.0009	15.2419	15.4622	2.5705	5.2688	2.5291	1.8861	0.6430	0.4051	0.3268	0.0782	2.1240	1.5592	0.5648	0.0055	0.0029	0.0026	0.0024	0.0024	0.0000	0.0031	0.0006	0.0026	1.3978	1.2328	0.1650	0.4310	0.4017	0.0293	0.9668	0.8311	0.1357	0.2603	0.1419	0.1184	0.0469	0.0453	0.0016	0.2134	0.0966	0.1168	85.1841	73.9575	177.8955	18.3616	15.6287	103.7820	149.8656	314.8591	190.4175	0.0212	0.0207	0.0219	0.0512	0.0521	0.0257	0.0147	0.0060	0.0219
58	90	0.1777	5	0	0	0	0	0	0	0	0	N	N	N	N	N	N	N	N	N	N	N	N	2.1816	1.1581	47.9421	4.3133	4.0772	40.8859	2.4950	0.6141	66.5357	0.8973	0.5222	3.7262	0.8391	0.7429	1.8936	0.9263	0.4059	4.2969	0.4113	0.4509	0.0777	0.1945	0.1822	0.0463	0.3712	0.6610	0.0646	0.9459	0.8595	0.1383	-0.0007	15.2419	7.5917	2.5705	1.5198	0.6949	0.3571	0.3378	0.2161	0.1754	0.0408	0.4787	0.1817	0.2970	0.0040	0.0022	0.0019	0.0016	0.0015	0.0001	0.0024	0.0006	0.0018	0.7744	0.6838	0.0906	0.2576	0.2361	0.0215	0.5168	0.4477	0.0691	0.1385	0.0783	0.0602	0.0318	0.0301	0.0017	0.1067	0.0482	0.0585	31.0453	18.9964	121.2295	16.7902	14.6550	50.8191	40.9575	31.2527	140.6679	0.0289	0.0275	0.0307	0.0500	0.0507	0.0373	0.0226	0.0130	0.0305
58	91	0.2869	9	1	0	1	0	0	0	0	0	N	N	N	N	N	N	N	N	N	N	N	N	0.2579	0.2346	0.0000	0.0000	0.0000	0.4597	0.0016	0.0000	0.0000	0.0000	0.0000	0.0000	0.0000	0.0000	0.0000	0.0000	0.0000	0.0000	0.0000	0.0000	0.0000	0.0000	0.0000	0.0000	0.0002	0.0000	0.0000	0.4882	-0.0000	-0.0000	15.2419	3.0317	2.5705	0.1644	0.0000	0.0000	0.0000	0.0000	0.0000	0.0000	0.0000	0.0000	0.0000	0.0000	0.0000	0.0000	0.0000	0.0000	0.0000	0.0000	0.0000	0.0000	0.2487	0.2210	0.0277	0.0804	0.0762	0.0042	0.1683	0.1448	0.0235	0.0355	0.0193	0.0162	0.0074	0.0067	0.0007	0.0281	0.0125	0.0155	0.2579	0.2346	0.0000	0.0000	0.0000	0.0000	0.4597	0.4767	0.0000	0.0000	0.0000	0.0000	0.0000	0.0000	0.0000	0.0000	0.0000	0.0000	
58	92	0.2812	8	1	0	1	0	0	0	0	0	N	N	N	N	N	N	N	N	N	N	N	N	2.3237	2.2406	0.3888	0.7820	0.7389	2.3332	2.0756	0.2718	0.2227	0.0028	0.0031	0.0002	0.0005	0.0005	0.0005	0.0047	0.0054	0.0001	0.0012	0.0014	0.0006	0.0007	0.0007	0.0002	0.0022	0.0197	0.0006	0.0083	0.6985	-0.0002	-0.0000	15.2419	2.6632	2.5705	1.0147	0.0008	0.0008	0.0000	0.0001	0.0001	0.0000	0.0007	0.0007	0.0000	0.0000	0.0000	0.0000	0.0000	0.0000	0.0000	0.0000	0.0000	0.0000	0.2897	0.2617	0.0280	0.1309	0.1242	0.0068	0.1588	0.1375	0.0213	0.0429	0.0238	0.0191	0.0094	0.0086	0.0007	0.0335	0.0151	0.0184	4.2358	4.3799	0.3888	0.7820	0.7389	2.3332	7.1198	7.7506	0.2227	0.0007	0.0007	0.0006	0.0007	0.0007	0.0002	0.0007	0.0007	0.0006
58	93	0.1979	7	1	0	1	0	0	0	0	0	N	N	N	N	N	N	N	N	N	N	N	N	1.4157	0.9290	13.0345	2.2914	1.8929	572.7654	3.1352	1.0756	3.8633	0.3407	0.3456	0.3004	0.4730	0.4117	1.8447	0.2792	0.3114	0.0776	0.2407	0.3720	0.0230	0.2064	0.2175	0.0032	0.0890	0.2895	0.0201	0.1050	0.4547	-0.1898	-0.0028	15.2419	35.0787	2.5705	12.2568	0.9881	0.8942	0.0939	0.4356	0.3629	0.0727	0.5525	0.5313	0.0212	0.0088	0.0061	0.0028	0.0054	0.0054	0.0000	0.0034	0.0007	0.0027	2.9001	2.5875	0.3125	0.9210	0.8816	0.0394	1.9791	1.7060	0.2731	0.5044	0.2729	0.2314	0.1054	0.0969	0.0086	0.3989	0.1761	0.2228	19.4999	15.5707	25.2388	9.2180	7.4086	572.7654	32.7309	81.1999	6.3447	0.0175	0.0222	0.0119	0.0513	0.0556	0.0032	0.0085	0.0038	0.0122
58	94	0.1844	6	1	0	0	0	0	0	0	0	N	N	N	N	N	N	N	N	N	N	N	N	10.9797	11.2687	22.0274	28.9272	26.1019	64.2032	3.9705	1.0555	29.4967	0.1477	0.1464	0.1598	0.2922	0.3010	0.0533	0.0714	0.0556	0.1749	0.0135	0.0130	0.0073	0.0101	0.0115	0.0008	0.0180	0.0527	0.0059	0.1196	1.1611	-0.0237	-0.0000	15.2419	8.4810	2.5705	2.3446	0.1317	0.1176	0.0141	0.0900	0.0894	0.0006	0.0416	0.0282	0.0135	0.0005	0.0003	0.0003	0.0002	0.0002	0.0000	0.0003	0.0001	0.0003	0.8914	0.8034	0.0880	0.3081	0.2971	0.0110	0.5834	0.5063	0.0771	0.1297	0.0709	0.0588	0.0273	0.0252	0.0020	0.1024	0.0457	0.0567	35.3845	41.4388	32.2884	41.4230	39.8368	64.2032	20.9474	42.5051	34.3242	0.0042	0.0035	0.0049	0.0071	0.0076	0.0008	0.0034	0.0013	0.0051
58	95	0.1217	4	0	1	0	1	0	0	0	0	N	N	N	N	N	N	N	N	N	N	N	N	0.5578	0.3376	0.1827	0.0790	0.0829	0.0224	0.5921	0.3248	0.2492	0.9524	1.0605	0.1192	0.1187	0.1243	0.0013	1.1961	1.3625	0.1309	1.7074	3.1410	0.6523	1.5015	1.4994	0.0562	2.0202	4.1944	0.5252	0.0146	0.0283	-0.4925	-0.5665	15.2419	24.0032	2.5705	22.6134	1.8056	1.7797	0.0260	0.0509	0.0509	0.0000	1.7547	1.7288	0.0259	0.9429	0.9170	0.0259	0.0301	0.0298	0.0002	0.9129	0.8871	0.0257	1.8959	1.6781	0.2178	0.4289	0.4092	0.0197	1.4670	1.2689	0.1981	0.5522	0.2919	0.2603	0.0852	0.0804	0.0048	0.4670	0.2115	0.2555	0.5578	0.3376	1.1961	0.3365	0.3350	0.0293	0.6120	0.3248	1.2997	1.7074	3.1410	0.0996	0.3527	0.3711	0.0429	1.9546	4.1944	0.1007
58	96	0.5391	8	0	1	0	0	0	0	0	0	N	N	N	N	N	N	N	N	N	N	N	N	0.9252	0.6794	4.0638	0.9715	0.8994	208.5448	0.7722	0.4386	4.3734	1.0771	1.0752	1.0880	1.0594	1.0526	1.1625	1.0911	1.0965	1.0709	1.1642	1.5827	0.2677	1.0905	1.1703	0.0056	1.4129	2.4998	0.2449	0.1735	0.0353	-0.2676	-0.1081	15.2419	18.5150	2.5705	10.2301	1.9211	1.6372	0.2840	0.8343	0.7776	0.0567	1.0868	0.8595	0.2273	0.1819	0.1757	0.0062	0.0220	0.0219	0.0001	0.1600	0.1538	0.0062	1.7837	1.5227	0.2610	0.7875	0.7388	0.0488	0.9961	0.7839	0.2122	0.2741	0.1710	0.1030	0.0979	0.0875	0.0104	0.1762	0.0835	0.0926	1.6224	1.0465	18.0501	4.7178	4.2017	208.5448	1.2016	0.5955	16.1272	0.6639	1.0274	0.0603	0.2246	0.2505	0.0056	0.9080	1.8414	0.0664
58	97	0.1508	5	0	1	0	0	0	0	0	0	N	N	N	N	N	N	N	N	N	N	N	N	15.4375	6.0095	106.9619	17.7137	18.1854	4.9371	14.4871	2.3098	160.2071	1.2566	1.3063	0.8576	0.4125	0.4273	0.0826	1.5166	1.6047	0.9355	0.0814	0.2174	0.0080	0.0233	0.0235	0.0167	0.1047	0.6947	0.0058	0.0818	0.3208	-0.9290	-0.0030	15.2419	46.1140	2.5705	26.4917	4.3910	4.0591	0.3318	0.3395	0.3366	0.0029	4.0515	3.7226	0.3289	0.0078	0.0059	0.0019	0.0017	0.0016	0.0001	0.0061	0.0043	0.0018	3.4944	3.1074	0.3870	0.8230	0.7877	0.0354	2.6713	2.3198	0.3516	0.7709	0.4176	0.3533	0.1280	0.1194	0.0086	0.6429	0.2982	0.3447	124.1821	92.3674	159.9133	30.9629	32.6746	4.9371	159.9660	110.1515	184.1605	0.0101	0.0141	0.0054	0.0133	0.0131	0.0167	0.0095	0.0146	0.0051
58	98	0.5920	10	0	1	0	0	0	0	0	0	N	N	N	N	N	N	N	N	N	N	N	N	0.0105	0.0086	0.0145	0.1499	0.1487	0.0061	0.0047	0.0024	0.0354	0.0048	0.0054	0.0001	0.0079	0.0084	0.0001	0.0027	0.0031	0.0001	0.4599	0.6251	0.0071	0.0527	0.0564	0.0168	0.5714	1.2704	0.0029	0.0021	0.0588	-0.0019	-0.0043	15.2419	20.7840	2.5705	8.9470	0.0067	0.0067	0.0000	0.0045	0.0045	0.0000	0.0022	0.0022	0.0000	0.0075	0.0071	0.0004	0.0017	0.0015	0.0002	0.0058	0.0056	0.0002	1.3898	1.2497	0.1401	0.5752	0.5417	0.0335	0.8146	0.7080	0.1067	0.2183	0.1325	0.0858	0.0721	0.0600	0.0121	0.1462	0.0725	0.0738	0.1407	0.1004	0.0211	0.3321	0.3327	0.0061	0.0678	0.0400	0.0354	0.0344	0.0536	0.0049	0.0238	0.0252	0.0168	0.0397	0.0771	0.0029
58	99	0.5871	9	0	0	0	0	0	0	0	0	N	N	N	N	N	N	N	N	N	N	N	N	0.3368	0.4065	0.5377	0.6238	0.7819	0.0968	0.7345	0.4537	0.9302	0.0819	0.0881	0.0250	0.0296	0.0310	0.0101	0.1583	0.1798	0.0346	0.2432	0.2167	0.0466	0.0475	0.0396	0.1044	0.2156	0.3964	0.0372	0.0310	1.1643	-0.0103	-0.0001	15.2419	2.7834	2.5705	1.0450	0.0402	0.0390	0.0012	0.0086	0.0084	0.0002	0.0316	0.0305	0.0010	0.0010	0.0005	0.0006	0.0005	0.0004	0.0001	0.0005	0.0001	0.0005	0.4909	0.4425	0.0483	0.2915	0.2727	0.0188	0.1994	0.1698	0.0295	0.0585	0.0336	0.0249	0.0230	0.0215	0.0015	0.0356	0.0121	0.0234	4.6598	6.2354	1.1266	1.3518	1.6314	0.1550	10.7183	32.5444	1.7670	0.0176	0.0141	0.0222	0.0219	0.0190	0.0652	0.0148	0.0055	0.0196
58	100	0.5771	8	0	0	0	0	0	0	0	0	N	N	N	N	N	N	N	N	N	N	N	N	0.0147	0.0099	0.1955	0.0515	0.0512	0.3130	0.0165	0.0038	0.3217	0.0062	0.0049	0.0119	0.0056	0.0058	0.0042	0.0070	0.0031	0.0173	0.4189	0.4962	0.0609	0.1096	0.1141	0.0133	0.4249	0.8068	0.0539	0.5208	0.5195	0.0006	-0.0012	15.2419	7.6044	2.5705	2.7972	0.0114	0.0075	0.0039	0.0065	0.0059	0.0006	0.0049	0.0015	0.0033	0.0041	0.0027	0.0014	0.0020	0.0019	0.0001	0.0021	0.0007	0.0013	1.8455	1.5184	0.3271	1.1533	1.0185	0.1348	0.6921	0.4999	0.1922	0.1347	0.0818	0.0528	0.0532	0.0485	0.0046	0.0815	0.0333	0.0482	0.2045	0.1509	0.4534	0.1509	0.1471	0.3130	0.2767	0.1370	0.6302	0.0301	0.0326	0.0263	0.0374	0.0397	0.0133	0.0254	0.0223	0.0275
58	101	0.5275	7	0	0	0	0	0	0	0	0	N	N	N	N	N	N	N	N	N	N	N	N	1.9820	1.4535	26.0109	7.4127	7.5568	23.5233	2.3266	0.4942	32.4987	0.7141	0.6047	1.2519	0.9173	0.9192	0.8932	0.5441	0.2784	1.3361	0.3603	0.4161	0.0481	0.1238	0.1216	0.0380	0.2339	0.5633	0.0411	0.4209	0.5619	0.0128	-0.0018	15.2419	18.4780	2.5705	12.4520	1.4119	0.9937	0.4182	0.8260	0.7692	0.0567	0.5859	0.2244	0.3615	0.0067	0.0043	0.0024	0.0039	0.0035	0.0004	0.0028	0.0008	0.0020	1.9772	1.6432	0.3341	0.9004	0.8369	0.0635	1.0769	0.8063	0.2706	0.2758	0.1698	0.1060	0.0959	0.0845	0.0115	0.1799	0.0854	0.0945	29.4803	24.0087	55.2107	22.6415	22.0675	27.7846	35.0328	31.2950	62.0721	0.0242	0.0252	0.0227	0.0405	0.0417	0.0321	0.0155	0.0089	0.0215
58	102	0.1034	3	0	1	0	0	0	0	0	0	N	N	N	N	N	N	N	N	N	N	N	N	0.6780	0.9140	0.3867	1.0917	1.1620	5.6905	0.6650	0.8720	0.5568	0.4710	0.4917	0.3516	0.4012	0.4270	0.1825	0.5210	0.5421	0.4233	0.6947	0.5380	0.9094	0.3675	0.3674	0.0321	0.7834	0.6217	0.7603	0.1241	2.4873	-0.3858	0.0054	15.2419	34.1922	2.5705	22.4626	2.1833	1.9422	0.2411	0.7754	0.7382	0.0372	1.4079	1.2041	0.2038	0.0635	0.0182	0.0453	0.0156	0.0153	0.0003	0.0478	0.0029	0.0450	4.6354	3.9498	0.6856	1.9328	1.7288	0.2041	2.7026	2.2211	0.4815	0.8259	0.4602	0.3657	0.2090	0.1984	0.0106	0.6169	0.2619	0.3551	6.1284	12.4333	2.8400	5.3614	5.5211	6.5447	6.7180	49.6420	3.3416	0.0769	0.0395	0.1238	0.0748	0.0773	0.0279	0.0775	0.0109	0.1267
58	103	0.0556	2	0	1	0	0	0	0	0	0	N	N	N	N	N	N	N	N	N	N	N	N	0.6922	0.5543	0.4634	0.5174	0.5360	3.6527	0.5520	0.3887	0.5075	0.6328	0.6094	0.7255	0.8035	0.8087	0.7432	0.5360	0.4665	0.7226	0.9142	1.0994	1.5655	1.5530	1.5087	0.2035	0.9711	1.2003	1.4237	0.3009	0.8561	-0.1098	-0.0225	15.2419	22.5884	2.5705	11.0115	1.9668	1.5119	0.4549	0.9034	0.8376	0.0658	1.0635	0.6744	0.3891	0.1344	0.0724	0.0620	0.0616	0.0612	0.0004	0.0728	0.0112	0.0616	3.1082	2.4811	0.6270	1.1242	1.0357	0.0885	1.9839	1.4454	0.5385	0.6390	0.3338	0.3052	0.1664	0.1627	0.0037	0.4725	0.1711	0.3014	3.0089	2.8095	3.5720	2.1702	2.1487	7.0658	3.4815	7.1487	3.5364	0.2103	0.2169	0.2031	0.3703	0.3764	0.1052	0.1540	0.0653	0.2043
58	106	0.1945	7	0	1	0	0	0	0	0	0	N	N	N	N	N	N	N	N	N	N	N	N	46.6742	25.3728	419.2850	122.0186	61.9778	14748.8263	6.0799	1.9736	4.7121	0.0994	0.0631	0.4064	0.2773	0.1520	2.8864	0.0150	0.0166	0.0047	0.0021	0.0025	0.0010	0.0023	0.0025	0.0002	0.0025	0.0084	0.0010	0.7625	0.8011	0.0241	-0.0001	15.2419	20.0414	2.5705	7.0324	0.1656	0.0939	0.0716	0.1486	0.0777	0.0709	0.0169	0.0162	0.0007	0.0003	0.0002	0.0001	0.0001	0.0001	0.0000	0.0002	0.0000	0.0001	1.6658	1.4896	0.1762	0.5360	0.5114	0.0246	1.1298	0.9782	0.1517	0.2945	0.1583	0.1362	0.0576	0.0530	0.0046	0.2369	0.1053	0.1316	98.6203	60.5831	419.2850	122.0186	61.9778	14748.8263	21.4066	50.2525	4.7121	0.0010	0.0010	0.0010	0.0023	0.0025	0.0002	0.0007	0.0003	0.0010
58	107	0.1844	6	0	0	0	0	0	0	0	0	N	N	N	N	N	N	N	N	N	N	N	N	3.3694	2.9357	0.4900	9.4663	8.7104	18.4255	3.7578	1.8133	0.5387	0.9210	1.0175	0.0176	0.0751	0.0774	0.0120	1.3896	1.5967	0.0184	0.2733	0.3466	0.0358	0.0079	0.0089	0.0007	0.3698	0.8805	0.0341	0.0018	0.6879	-0.2049	-0.0004	15.2419	7.0315	2.5705	1.2144	0.7181	0.7168	0.0013	0.0209	0.0208	0.0001	0.6972	0.6960	0.0012	0.0019	0.0011	0.0008	0.0001	0.0001	0.0000	0.0018	0.0010	0.0008	0.7797	0.7044	0.0753	0.2780	0.2685	0.0094	0.5018	0.4359	0.0659	0.1009	0.0555	0.0454	0.0218	0.0202	0.0016	0.0791	0.0353	0.0438	48.4639	49.7398	1.0191	12.5926	12.1080	18.4255	61.4965	56.0300	1.0291	0.0190	0.0205	0.0172	0.0060	0.0064	0.0007	0.0226	0.0285	0.0178
58	108	0.1508	5	0	0	0	0	0	0	0	0	N	N	N	N	N	N	N	N	N	N	N	N	1.2523	1.3591	1.1425	2.1182	1.9179	29.6783	1.2071	0.4068	1.4159	0.1515	0.1668	0.0321	0.0703	0.0728	0.0128	0.1778	0.2004	0.0340	0.1210	0.1227	0.0281	0.0332	0.0380	0.0004	0.1473	0.4928	0.0240	0.0245	1.0362	-0.0549	-0.0004	15.2419	16.2725	2.5705	4.4748	0.2085	0.2035	0.0050	0.0236	0.0234	0.0002	0.1848	0.1800	0.0048	0.0031	0.0015	0.0016	0.0008	0.0008	0.0000	0.0023	0.0007	0.0016	1.3756	1.2202	0.1554	0.3361	0.3220	0.0141	1.0396	0.8982	0.1413	0.2608	0.1440	0.1168	0.0490	0.0461	0.0029	0.2118	0.0979	0.1139	12.5743	15.5519	2.3455	4.1087	4.0060	29.6783	16.3419	27.7903	2.4255	0.0121	0.0107	0.0137	0.0171	0.0182	0.0004	0.0109	0.0072	0.0140
58	109	0.2036	6	0	1	0	0	0	0	0	0	N	N	N	N	N	N	N	N	N	N	N	N	1.2606	0.8998	27.3583	22.1107	23.7454	15.8347	0.3344	0.0595	34.4467	0.6418	0.6107	0.8919	1.7431	1.8340	0.2520	0.1974	0.0745	1.0042	0.5091	0.6787	0.0326	0.0788	0.0772	0.0159	0.5902	1.2518	0.0292	0.1817	0.2263	-0.2743	-0.0106	15.2419	40.5309	2.5705	14.7974	2.0567	1.7404	0.3163	1.6060	1.5927	0.0133	0.4506	0.1477	0.3029	0.0238	0.0194	0.0044	0.0029	0.0028	0.0001	0.0209	0.0166	0.0043	3.2045	2.8500	0.3546	0.9213	0.8684	0.0529	2.2832	1.9815	0.3017	0.5962	0.3151	0.2811	0.0938	0.0894	0.0044	0.5024	0.2257	0.2767	16.0489	9.8973	56.9822	56.2875	57.8371	15.8347	4.7360	1.0130	64.1695	0.0400	0.0617	0.0157	0.0310	0.0317	0.0159	0.0417	0.0736	0.0156
58	110	0.1777	5	0	1	0	0	0	0	0	0	N	N	N	N	N	N	N	N	N	N	N	N	7.9570	5.8332	8.0235	4.2382	4.1588	16.8254	14.1916	4.0970	6.8976	1.5891	1.7727	0.1912	0.4091	0.4079	0.4234	2.0877	2.3895	0.1372	0.1997	0.3039	0.0238	0.0965	0.0981	0.0252	0.1471	0.5832	0.0199	0.0142	0.5672	-0.5361	-0.0009	15.2419	13.5236	2.5705	3.5331	1.9627	1.9353	0.0274	0.1501	0.1386	0.0114	1.8126	1.7967	0.0160	0.0035	0.0022	0.0013	0.0015	0.0015	0.0001	0.0020	0.0008	0.0012	1.2351	1.0917	0.1434	0.3668	0.3398	0.0270	0.8682	0.7519	0.1163	0.2272	0.1235	0.1037	0.0434	0.0412	0.0022	0.1838	0.0823	0.1015	102.7194	97.6302	15.5827	11.6694	11.4447	17.7197	192.4514	254.1547	11.4159	0.0155	0.0182	0.0123	0.0351	0.0356	0.0239	0.0108	0.0094	0.0120
58	111	0.1217	4	0	0	0	0	0	0	0	0	N	N	N	N	N	N	N	N	N	N	N	N	1.9728	1.7719	5.4577	1.7949	1.8067	3.0346	2.4367	1.8517	4.6828	1.2445	1.3100	0.7452	2.1202	2.0185	4.2128	0.9885	1.0813	0.4004	0.6308	0.7393	0.1365	1.1812	1.1173	1.3883	0.4057	0.5840	0.0855	0.0746	0.4899	-0.3692	-0.0074	15.2419	16.9399	2.5705	15.9768	1.6958	1.5781	0.1177	0.6535	0.5933	0.0602	1.0423	0.9848	0.0575	0.0248	0.0167	0.0082	0.0166	0.0152	0.0014	0.0082	0.0015	0.0067	1.3626	1.2046	0.1580	0.3082	0.2939	0.0143	1.0544	0.9107	0.1437	0.4107	0.2185	0.1922	0.0667	0.0629	0.0037	0.3440	0.1555	0.1885	20.5992	17.1871	17.5535	8.5172	8.3701	11.0718	41.3929	114.2292	11.1924	0.0604	0.0762	0.0425	0.2489	0.2412	0.3805	0.0239	0.0095	0.0358
58	112	0.2261	8	1	1	0	1	0	0	0	0	N	N	N	N	N	N	N	N	N	N	N	N	0.1520	0.1427	0.0022	0.0928	0.0915	3.2776	0.1042	0.1226	0.0016	0.2007	0.2282	0.0077	0.3005	0.3057	0.0350	0.1332	0.1643	0.0059	1.3201	1.5988	3.4678	3.2377	3.3403	0.0107	1.2780	1.3400	3.6116	0.0048	0.6189	-0.0000	-0.0062	15.2419	0.0019	2.5705	1.9928	0.0001	0.0001	0.0000	0.0000	0.0000	0.0000	0.0000	0.0000	0.0000	0.0251	0.0155	0.0096	0.0147	0.0147	0.0000	0.0103	0.0008	0.0096	0.0004	0.0003	0.0000	0.0002	0.0002	0.0000	0.0002	0.0002	0.0000	0.0244	0.0142	0.0102	0.0063	0.0058	0.0005	0.0181	0.0084	0.0096	0.1952	0.2095	0.0081	0.1294	0.1207	3.2776	0.2325	1.8064	0.0059	1.0279	1.0891	0.9424	2.3233	2.5333	0.0107	0.5730	0.0909	0.9934
58	113	0.2025	7	1	1	0	1	0	0	0	0	N	N	N	N	N	N	N	N	N	N	N	N	1.8759	2.6814	0.0255	2.6320	2.6519	258.4226	1.4497	7.5393	0.0221	1.5208	1.7350	0.0397	2.0851	2.1788	0.1029	1.2913	1.5300	0.0325	0.8107	0.6471	1.5591	0.7922	0.8216	0.0004	0.8907	0.2029	1.4693	0.0033	2.9235	-0.3459	0.0025	15.2419	8.6942	2.5705	6.0502	1.2185	1.2145	0.0040	0.4830	0.4819	0.0011	0.7355	0.7326	0.0029	0.0215	0.0055	0.0160	0.0053	0.0053	0.0000	0.0162	0.0002	0.0160	0.8012	0.7000	0.1013	0.2316	0.2212	0.0105	0.5696	0.4788	0.0908	0.1758	0.0964	0.0794	0.0357	0.0330	0.0027	0.1401	0.0634	0.0767	12.4339	30.5184	0.1969	14.0231	13.5553	258.4226	11.1714	558.3079	0.1555	0.1223	0.0569	0.2018	0.1487	0.1607	0.0004	0.1156	0.0027	0.2088
58	114	0.2236	11	0	1	0	1	0	0	0	0	N	N	N	N	N	N	N	N	N	N	N	N	0.0000	0.0000	0.0000	0.0000	0.0000	0.0000	0.0000	0.0000	0.0000	0.0000	0.0000	0.0000	0.0000	0.0000	0.0000	0.0000	0.0098	0.0034	0.0078	0.0016	0.0016	0.0000	0.0285	0.0000	0.0061	3.7150	0.0000	0.0000	15.2419	0.0001	2.5705	0.0001	0.0000	0.0000	0.0000	0.0000	0.0000	0.0000	0.0000	0.0000	0.0000	0.0000	0.0000	0.0000	0.0000	0.0000	0.0000	0.0000	0.0000	0.0000	0.0000	0.0000	0.0000	0.0000	0.0000	0.0000	0.0000	0.0000	0.0000	0.0000	0.0000	0.0000	0.0000	0.0000	0.0000	0.0000	0.0000	0.0000	0.0000	0.0000	0.0000	0.0000	0.0000	0.0000	0.0000	0.0000	0.0000	0.0032	0.0013	0.0052	0.0016	0.0016	0.0000	0.0045	0.0000	0.0052			
58	115	0.2169	10	0	1	0	1	0	0	0	0	N	N	N	N	N	N	N	N	N	N	N	N	42.5493	172.3118	0.0000	245.8726	237.9538	0.0000	15.3320	inf	0.0000	1.4804	1.6678	0.0000	3.0249	3.1798	0.0000	0.8926	1.0339	0.0000	0.0348	0.0097	0.0246	0.0123	0.0134	0.0041	0.0582	0.0000	0.0213	0.0000	3.6890	-0.1056	0.0001	15.2419	3.0007	2.5705	1.0012	0.3679	0.3679	0.0000	0.2072	0.2072	0.0000	0.1607	0.1607	0.0000	0.0003	0.0001	0.0003	0.0001	0.0001	0.0000	0.0003	0.0000	0.0003	0.2485	0.2206	0.0279	0.0685	0.0652	0.0033	0.1800	0.1554	0.0246	0.0459	0.0249	0.0210	0.0090	0.0082	0.0007	0.0369	0.0166	0.0203	203.2266	582.2136	0.0000	366.1073	367.9361	0.0000	126.6820	inf	0.0000	0.0073	0.0029	0.0125	0.0083	0.0086	0.0041	0.0070	0.0000	0.0128
58	116	0.2151	9	0	0	0	1	0	0	0	0	N	N	N	N	N	N	N	N	N	N	N	N	0.8951	0.2721	44.4751	0.9047	0.5415	99.6163	0.3303	0.0193	2.0081	0.0004	0.0003	0.0012	0.0011	0.0007	0.0089	0.0001	0.0001	0.0001	0.0005	0.0012	0.0000	0.0012	0.0013	0.0001	0.0004	0.0071	0.0000	0.4591	0.0365	0.0000	-0.0000	15.2419	1.1177	2.5705	0.0023	0.0000	0.0000	0.0000	0.0000	0.0000	0.0000	0.0000	0.0000	0.0000	0.0000	0.0000	0.0000	0.0000	0.0000	0.0000	0.0000	0.0000	0.0000	0.0966	0.0859	0.0106	0.0291	0.0277	0.0014	0.0675	0.0583	0.0092	0.0129	0.0070	0.0059	0.0025	0.0023	0.0002	0.0104	0.0047	0.0057	1.1969	0.5176	44.4751	0.9047	0.5415	99.6163	0.8960	0.4899	2.0081	0.0004	0.0006	0.0000	0.0012	0.0013	0.0001	0.0001	0.0003	0.0000
58	117	0.2121	5	0	1	0	0	0	0	0	0	N	N	N	N	N	N	N	N	N	N	N	N	1.8270	0.7030	86.1227	1.3521	1.3017	19.1433	4.3880	0.5509	110.3550	0.7039	0.3547	3.2061	0.5634	0.5558	0.6948	0.7771	0.2371	3.6572	0.3853	0.5045	0.0372	0.4167	0.4270	0.0363	0.1771	0.4304	0.0331	1.2618	0.4285	0.5152	-0.0054	15.2419	31.2782	2.5705	23.9277	1.9031	0.8414	1.0617	0.5214	0.4864	0.0350	1.3817	0.3550	1.0266	0.0163	0.0114	0.0049	0.0103	0.0101	0.0003	0.0060	0.0014	0.0046	2.7035	2.3724	0.3311	0.9255	0.8751	0.0504	1.7780	1.4973	0.2807	0.6100	0.3365	0.2735	0.1264	0.1180	0.0084	0.4836	0.2185	0.2651	26.3431	10.4580	179.3664	6.9017	6.5177	22.6765	62.8258	38.3561	209.3664	0.0267	0.0339	0.0179	0.0816	0.0853	0.0306	0.0124	0.0062	0.0175
58	118	0.2151	9	0	0	1	1	0	0	0	0	N	N	N	N	N	N	N	N	N	N	N	N	3679.6826	1518.8681	1163.5883	22098.1257	21542.7338	285.3287	751.7556	41.8822	1365.8874	1.1541	1.2988	0.0019	2.2635	2.3785	0.0042	0.7169	0.8299	0.0016	0.0003	0.0009	0.0000	0.0001	0.0001	0.0000	0.0010	0.0198	0.0000	0.0002	0.0028	-0.1074	-0.0000	15.2419	3.8827	2.5705	2.9998	0.3743	0.3742	0.0001	0.2075	0.2075	0.0000	0.1668	0.1667	0.0001	0.0000	0.0000	0.0000	0.0000	0.0000	0.0000	0.0000	0.0000	0.0000	0.3243	0.2881	0.0362	0.0917	0.0872	0.0044	0.2326	0.2009	0.0317	0.0782	0.0424	0.0358	0.0152	0.0140	0.0013	0.0630	0.0284	0.0346	4225.0926	2583.6595	1163.5883	22098.1257	21542.7338	285.3287	2279.7930	1193.2531	1365.8874	0.0003	0.0005	0.0000	0.0001	0.0001	0.0000	0.0003	0.0007	0.0000
58	119	0.2122	8	0	0	0	1	0	0	0	0	N	N	N	N	N	N	N	N	N	N	N	N	182.8821	30.6679	2982.9506	12.4102	5.4006	inf	489.9571	11.8648	3194.5772	0.0094	0.0023	0.0701	0.0025	0.0012	0.0291	0.0128	0.0029	0.0776	0.0001	0.0001	0.0000	0.0002	0.0002	0.0000	0.0000	0.0002	0.0000	3.5449	0.2665	0.0013	-0.0000	15.2419	2.8083	2.5705	0.0030	0.0026	0.0006	0.0020	0.0002	0.0001	0.0001	0.0023	0.0005	0.0019	0.0000	0.0000	0.0000	0.0000	0.0000	0.0000	0.0000	0.0000	0.0000	0.2754	0.2467	0.0287	0.0932	0.0887	0.0045	0.1822	0.1580	0.0242	0.0325	0.0176	0.0149	0.0064	0.0058	0.0005	0.0261	0.0118	0.0144	182.8821	30.8173	2982.9506	12.4102	5.4006	inf	935.3238	3540.1528	3194.5772	0.0001	0.0001	0.0000	0.0002	0.0002	0.0000	0.0000	0.0000	0.0000
58	120	0.2122	8	0	0	1	1	0	0	0	0	N	N	N	N	N	N	N	N	N	N	N	N	233.9197	57.6270	2914.3969	46.1869	44.5037	inf	1008.0036	inf	3242.2444	0.0034	0.0015	0.0188	0.0028	0.0029	0.0000	0.0037	0.0009	0.0217	0.0000	0.0000	0.0000	0.0001	0.0001	0.0000	0.0000	0.0000	0.0000	1.4888	0.2531	0.0009	-0.0000	15.2419	9.6158	2.5705	0.0030	0.0028	0.0011	0.0017	0.0007	0.0007	0.0000	0.0022	0.0005	0.0017	0.0000	0.0000	0.0000	0.0000	0.0000	0.0000	0.0000	0.0000	0.0000	0.8237	0.7339	0.0898	0.2428	0.2311	0.0117	0.5809	0.5028	0.0781	0.1090	0.0590	0.0500	0.0212	0.0194	0.0018	0.0878	0.0396	0.0482	233.9197	71.5528	2914.3969	46.1869	44.5037	inf	1008.0036	inf	3242.2444	0.0000	0.0000	0.0000	0.0001	0.0001	0.0000	0.0000	0.0000	0.0000
58	121	0.2025	7	0	0	0	1	0	0	0	0	N	N	N	N	N	N	N	N	N	N	N	N	47.4029	21.6357	26.1072	2.9651	2.7065	11.2714	226.1109	687.2790	27.9415	0.6673	0.7667	0.0481	0.0881	0.0918	0.0045	0.9355	1.1323	0.0529	0.0141	0.0354	0.0018	0.0297	0.0339	0.0004	0.0041	0.0016	0.0019	0.0101	0.2323	-0.0826	-0.0002	15.2419	4.2457	2.5705	2.0144	0.2981	0.2951	0.0030	0.0124	0.0124	0.0000	0.2856	0.2827	0.0029	0.0004	0.0003	0.0001	0.0003	0.0003	0.0000	0.0001	0.0000	0.0001	0.4467	0.3849	0.0618	0.1413	0.1353	0.0061	0.3053	0.2497	0.0557	0.0811	0.0451	0.0360	0.0180	0.0168	0.0012	0.0631	0.0283	0.0348	153.8623	121.1957	26.1072	5.5694	5.4346	11.2714	884.2033	35442.5954	27.9415	0.0043	0.0063	0.0018	0.0158	0.0169	0.0004	0.0011	0.0000	0.0019
58	122	0.1604	6	0	0	0	1	0	0	0	0	N	N	N	N	N	N	N	N	N	N	N	N	0.7850	0.6579	0.7241	0.7826	0.8083	81.3956	1.6287	0.6616	0.7439	0.3471	0.3925	0.0218	0.6269	0.6536	0.0372	0.2430	0.2829	0.0202	0.4421	0.5965	0.0301	0.8010	0.8086	0.0005	0.1492	0.4276	0.0271	0.0078	0.2715	-0.1041	-0.0039	15.2419	11.9190	2.5705	13.1740	0.3727	0.3698	0.0029	0.1826	0.1821	0.0005	0.1902	0.1878	0.0024	0.0093	0.0073	0.0020	0.0066	0.0066	0.0000	0.0027	0.0007	0.0020	1.0739	0.9424	0.1315	0.2912	0.2786	0.0126	0.7827	0.6638	0.1189	0.2861	0.1516	0.1344	0.0442	0.0418	0.0024	0.2419	0.1099	0.1320	10.6708	8.1332	1.4765	4.1685	4.1066	81.3956	22.1192	46.3126	1.3416	0.0325	0.0483	0.0148	0.1504	0.1592	0.0005	0.0110	0.0061	0.0150
58	123	0.5873	10	0	0	1	1	0	0	0	0	N	N	N	N	N	N	N	N	N	N	N	N	138.2568	0.3933	26850.7625	2.8123	2.6285	4.0615	145.2752	0.0089	32333.7093	0.5905	0.0033	6.3435	0.0042	0.0044	0.0005	1.0327	0.0024	8.0823	0.0043	0.0084	0.0002	0.0015	0.0017	0.0001	0.0071	0.2724	0.0002	195.1589	0.0585	0.4575	-0.0001	15.2419	12.8936	2.5705	4.1514	0.6464	0.0033	0.6431	0.0020	0.0020	0.0000	0.6444	0.0013	0.6431	0.0002	0.0002	0.0000	0.0001	0.0001	0.0000	0.0002	0.0001	0.0000	1.0946	0.9932	0.1014	0.4706	0.4488	0.0218	0.6240	0.5444	0.0796	0.1400	0.0848	0.0551	0.0490	0.0435	0.0055	0.0910	0.0413	0.0497	350.6387	1.2636	26850.7625	2.8123	2.6285	4.0615	578.5407	0.6699	32333.7093	0.0017	0.0026	0.0002	0.0015	0.0017	0.0001	0.0018	0.0036	0.0002
58	124	0.1757	7	0	1	0	0	0	0	0	0	N	N	N	N	N	N	N	N	N	N	N	N	0.1892	0.1300	0.8867	0.9192	0.9091	1.6922	0.1853	0.0679	1.2243	0.1271	0.0784	0.5099	0.0796	0.0835	0.0026	0.1449	0.0763	0.5765	0.6715	0.6033	0.5750	0.0866	0.0918	0.0015	0.7818	1.1246	0.4709	0.8266	1.6599	0.0225	-0.0001	15.2419	12.7386	2.5705	8.7370	0.1360	0.0744	0.0615	0.0232	0.0232	0.0000	0.1128	0.0513	0.0615	0.0175	0.0066	0.0109	0.0014	0.0014	0.0000	0.0161	0.0052	0.0109	1.0700	0.9494	0.1207	0.2916	0.2776	0.0140	0.7784	0.6717	0.1067	0.2499	0.1325	0.1174	0.0412	0.0390	0.0021	0.2087	0.0935	0.1152	1.8189	1.5835	5.4924	2.4186	2.4113	1.6922	1.8777	1.3692	6.0991	0.0699	0.0495	0.0928	0.0329	0.0346	0.0015	0.0771	0.0557	0.0945
58	125	0.1604	6	0	1	0	0	0	0	0	0	N	N	N	N	N	N	N	N	N	N	N	N	119.3588	144.4964	8.2600	52.7865	48.9501	3.7372	120.7982	74.3004	10.4157	1.1175	1.2734	0.0351	0.5365	0.5600	0.0041	1.3452	1.5916	0.0383	0.0094	0.0088	0.0042	0.0102	0.0114	0.0011	0.0111	0.0214	0.0037	0.0040	1.1869	-0.2595	-0.0000	15.2419	8.6431	2.5705	1.4782	0.9164	0.9128	0.0036	0.1239	0.1238	0.0000	0.7926	0.7890	0.0036	0.0004	0.0002	0.0002	0.0001	0.0001	0.0000	0.0002	0.0000	0.0002	0.8201	0.7168	0.1032	0.2309	0.2211	0.0098	0.5892	0.4957	0.0934	0.1221	0.0649	0.0572	0.0200	0.0189	0.0010	0.1021	0.0460	0.0562	356.6964	472.5184	9.6586	75.0962	74.9087	3.7372	572.5582	2183.4319	10.4157	0.0031	0.0027	0.0036	0.0071	0.0075	0.0011	0.0023	0.0007	0.0037
58	126	0.1508	5	0	0	0	0	0	0	0	0	N	N	N	N	N	N	N	N	N	N	N	N	49.3948	56.7444	6.8550	5.9633	6.8487	0.2271	79.0717	213.5821	10.9738	1.1514	1.2795	0.0848	0.1525	0.1573	0.0119	1.5363	1.7634	0.0916	0.0233	0.0225	0.0124	0.0256	0.0230	0.0526	0.0194	0.0083	0.0083	0.0080	1.0444	-0.1346	-0.0001	15.2419	4.1618	2.5705	2.0491	0.4820	0.4782	0.0038	0.0178	0.0177	0.0000	0.4643	0.4605	0.0038	0.0006	0.0003	0.0003	0.0003	0.0003	0.0000	0.0003	0.0000	0.0002	0.4187	0.3738	0.0449	0.1165	0.1126	0.0038	0.3022	0.2611	0.0411	0.0923	0.0537	0.0385	0.0211	0.0201	0.0010	0.0712	0.0336	0.0376	192.9994	255.3430	11.6231	10.8372	12.2598	0.2995	431.3592	5421.4090	14.1902	0.0060	0.0050	0.0073	0.0141	0.0128	0.0399	0.0036	0.0003	0.0065
58	127	0.1217	4	0	0	0	0	0	0	0	0	N	N	N	N	N	N	N	N	N	N	N	N	0.7996	0.4134	3.1322	1.3931	1.4312	0.0768	0.4938	0.0063	4.1435	0.6308	0.3578	2.6892	1.3751	1.4427	0.0006	0.4132	0.0073	2.9572	0.7889	0.8655	0.8586	0.9871	1.0081	0.0075	0.8368	1.1647	0.7137	0.9967	0.9205	0.1040	-0.0039	15.2419	9.4810	2.5705	7.4917	0.4906	0.2457	0.2449	0.2419	0.2419	0.0000	0.2487	0.0038	0.2449	0.0261	0.0136	0.0125	0.0084	0.0084	0.0000	0.0177	0.0052	0.0125	0.7778	0.6867	0.0911	0.1759	0.1677	0.0083	0.6018	0.5190	0.0828	0.2330	0.1267	0.1063	0.0428	0.0404	0.0024	0.1902	0.0863	0.1039	5.6344	3.3374	22.8671	7.0071	6.9615	0.0768	4.4431	0.1207	24.6231	0.1120	0.1072	0.1176	0.1962	0.2072	0.0075	0.0930	0.0603	0.1201
58	128	0.5995	11	1	1	0	0	0	0	0	0	N	N	N	N	N	N	N	N	N	N	N	N	0.0002	0.0106	0.0000	0.1745	0.1639	0.0000	0.0000	0.0000	0.0000	0.0001	0.0001	0.0000	0.0003	0.0003	0.0000	0.0000	0.0000	0.0000	0.5689	0.0129	0.8742	0.0016	0.0018	0.0000	0.7843	0.3994	0.9102	0.0000	21.7778	-0.0000	0.0005	15.2419	2.0107	2.5705	1.9995	0.0000	0.0000	0.0000	0.0000	0.0000	0.0000	0.0000	0.0000	0.0000	0.0016	0.0001	0.0015	0.0000	0.0000	0.0000	0.0016	0.0000	0.0015	0.1637	0.1480	0.0157	0.0705	0.0671	0.0035	0.0931	0.0809	0.0122	0.0327	0.0200	0.0127	0.0124	0.0111	0.0013	0.0203	0.0089	0.0114	0.0025	0.0387	0.0000	0.1745	0.1639	0.0000	0.0000	0.0000	0.0000	0.0489	0.0035	0.1206	0.0016	0.0018	0.0000	0.0779	0.0056	0.1347
58	129	0.5873	10	1	1	0	0	0	0	0	0	N	N	N	N	N	N	N	N	N	N	N	N	676.8004	1603.3033	0.3413	9791.6352	11174.8662	0.0235	0.0276	0.0024	0.4044	0.6677	0.7334	0.0003	1.4942	1.5616	0.0000	0.0001	0.0000	0.0004	0.0010	0.0005	0.0009	0.0002	0.0001	0.0003	0.0031	0.0162	0.0010	0.0000	1.8140	-0.1012	0.0000	15.2419	5.6459	2.5705	1.1399	0.3524	0.3524	0.0000	0.3524	0.3524	0.0000	0.0000	0.0000	0.0000	0.0000	0.0000	0.0000	0.0000	0.0000	0.0000	0.0000	0.0000	0.0000	0.5278	0.4806	0.0473	0.2359	0.2257	0.0102	0.2920	0.2549	0.0371	0.0618	0.0371	0.0247	0.0224	0.0202	0.0022	0.0394	0.0170	0.0225	1137.2139	2111.1908	0.3413	9791.6352	11174.8662	0.0235	0.1041	0.0668	0.4044	0.0006	0.0003	0.0009	0.0002	0.0001	0.0003	0.0008	0.0006	0.0010
58	130	0.5570	9	0	0	0	0	0	0	0	0	N	N	N	N	N	N	N	N	N	N	N	N	10.1921	12.0236	18.4890	46.8899	46.2777	31.7588	4.1871	24.4930	22.4280	0.7867	0.8652	0.4375	1.3491	1.4287	0.3724	0.2397	0.1528	0.4540	0.0772	0.0720	0.0237	0.0288	0.0309	0.0117	0.0573	0.0062	0.0202	0.1136	0.9324	-0.2252	-0.0002	15.2419	11.6079	2.5705	5.3766	1.2165	1.0924	0.1241	1.0286	1.0072	0.0214	0.1879	0.0852	0.1027	0.0017	0.0009	0.0008	0.0009	0.0009	0.0001	0.0008	0.0000	0.0007	1.5463	1.2625	0.2837	0.7625	0.7050	0.0575	0.7838	0.5575	0.2263	0.1677	0.1013	0.0663	0.0597	0.0541	0.0056	0.1080	0.0473	0.0607	78.6120	100.9775	35.8393	87.2878	90.1901	31.7588	34.2579	621.2453	37.0590	0.0100	0.0086	0.0122	0.0155	0.0158	0.0117	0.0070	0.0002	0.0123
58	131	0.5391	8	0	0	0	0	0	0	0	0	N	N	N	N	N	N	N	N	N	N	N	N	1.0044	0.9096	0.8130	1.0783	1.1971	0.6481	0.7659	0.6536	1.1391	0.8092	0.7640	0.9594	1.0312	1.0372	0.9604	0.5911	0.3639	0.9592	0.8057	0.8400	1.1801	0.9563	0.8664	1.4818	0.7717	0.5567	0.8420	0.3780	0.8733	-0.0070	-0.0032	15.2419	3.9355	2.5705	8.7078	0.5482	0.3978	0.1504	0.3463	0.3209	0.0253	0.2019	0.0769	0.1250	0.0195	0.0104	0.0091	0.0122	0.0100	0.0022	0.0073	0.0004	0.0069	0.6774	0.5207	0.1567	0.3358	0.3094	0.0264	0.3416	0.2112	0.1304	0.1630	0.1048	0.0582	0.0647	0.0593	0.0054	0.0983	0.0455	0.0528	6.7765	7.7045	6.1552	5.4791	6.1524	2.3827	7.9696	41.5896	7.3481	0.1194	0.0992	0.1559	0.1882	0.1686	0.4031	0.0742	0.0087	0.1305
58	132	0.5275	7	0	0	0	0	0	0	0	0	N	N	N	N	N	N	N	N	N	N	N	N	0.5593	0.4185	0.9954	0.5475	0.5901	0.6799	0.5380	0.2161	1.7798	0.4220	0.3469	0.6682	0.4806	0.4616	0.6827	0.3631	0.1766	0.6649	0.7544	0.8291	0.6713	0.8778	0.7823	1.0041	0.6750	0.8173	0.3736	0.5868	0.6108	0.0371	-0.0032	15.2419	6.2657	2.5705	3.9760	0.4489	0.2829	0.1660	0.2561	0.2249	0.0312	0.1928	0.0580	0.1349	0.0129	0.0080	0.0049	0.0086	0.0072	0.0014	0.0043	0.0008	0.0035	1.0639	0.8155	0.2485	0.5329	0.4873	0.0456	0.5310	0.3282	0.2028	0.1307	0.0831	0.0476	0.0524	0.0476	0.0048	0.0783	0.0356	0.0428	4.2625	3.5910	6.4774	2.9106	3.0434	2.2884	6.6294	7.7079	8.1817	0.0990	0.0966	0.1032	0.1651	0.1517	0.2983	0.0548	0.0229	0.0813
58	133	0.4502	6	0	0	0	0	0	0	0	0	N	N	N	N	N	N	N	N	N	N	N	N	0.2964	0.2099	1.1513	0.5427	0.5012	12.9553	0.1949	0.0533	1.3059	0.2122	0.1671	0.4707	0.2918	0.2801	0.4583	0.1520	0.0656	0.4736	0.7160	0.7958	0.4088	0.5376	0.5590	0.0354	0.7800	1.2315	0.3626	0.4921	0.5347	0.0239	-0.0116	15.2419	26.7012	2.5705	18.2690	0.5596	0.3751	0.1846	0.3315	0.2975	0.0340	0.2282	0.0776	0.1506	0.0415	0.0271	0.0145	0.0168	0.0163	0.0005	0.0248	0.0108	0.0140	2.6371	2.2450	0.3921	1.1361	1.0620	0.0741	1.5010	1.1830	0.3180	0.4906	0.3011	0.1895	0.1664	0.1506	0.0158	0.3242	0.1505	0.1736	2.5077	1.8598	6.1644	2.8963	2.5901	15.2273	1.9908	0.9171	5.8778	0.0846	0.0898	0.0764	0.1007	0.1082	0.0301	0.0764	0.0715	0.0806
58	134	0.2121	5	0	0	0	0	0	0	0	0	N	N	N	N	N	N	N	N	N	N	N	N	0.6024	0.1864	9.1817	0.3398	0.2357	17.3023	0.6845	0.1577	12.2591	0.7512	0.3271	4.1095	0.1959	0.1365	1.2913	1.0196	0.4289	4.6047	1.2471	1.7546	0.4476	0.5766	0.5792	0.0746	1.4895	2.7196	0.3756	1.5866	0.0440	1.1348	-0.5380	15.2419	61.4372	2.5705	55.8589	3.4783	1.3447	2.1335	0.2955	0.1954	0.1002	3.1827	1.1494	2.0333	0.9177	0.8791	0.0387	0.0195	0.0188	0.0007	0.8982	0.8603	0.0380	4.6301	4.1110	0.5192	1.5087	1.4311	0.0776	3.1215	2.6799	0.4416	1.0449	0.5666	0.4783	0.1815	0.1683	0.0132	0.8633	0.3983	0.4651	0.8553	0.2108	50.8468	1.8253	1.2229	24.6096	0.9800	0.1986	56.4122	0.8783	1.5515	0.0808	0.1073	0.1116	0.0525	1.0404	2.1600	0.0816
58	135	0.1217	4	0	0	0	0	0	0	0	0	N	N	N	N	N	N	N	N	N	N	N	N	2.2273	1.9143	4.9104	0.9633	0.9440	354.6118	2.6854	1.8161	6.3715	1.5849	1.6422	1.1383	1.1800	1.1967	0.8277	1.7033	1.7858	1.1691	0.7116	0.8579	0.2318	1.2249	1.2677	0.0023	0.6343	0.9833	0.1835	0.0890	0.4757	-0.8009	-0.0147	15.2419	31.7621	2.5705	18.5886	3.8986	3.5801	0.3185	0.6566	0.6357	0.0209	3.2420	2.9444	0.2977	0.0482	0.0326	0.0155	0.0239	0.0239	0.0000	0.0243	0.0088	0.0155	2.4598	2.1800	0.2798	0.5564	0.5313	0.0252	1.9034	1.6488	0.2546	0.5892	0.3111	0.2780	0.0900	0.0849	0.0050	0.4992	0.2262	0.2730	19.3891	15.6567	20.3866	4.4434	4.2558	354.6118	35.0378	46.1397	20.5729	0.0817	0.1049	0.0558	0.2656	0.2812	0.0023	0.0486	0.0387	0.0568
59	61	0.5273	10	0	1	1	1	0	0	0	0	N	N	N	N	N	N	N	N	N	N	N	N	0.0000	0.0000	0.0000	0.0000	0.0000	0.0000	0.0000	0.0000	0.0000	0.0000	0.0000	0.0000	0.0000	6.5837	9.5620	0.0000	15.5503	16.4081	0.0000	0.0000	0.0000	0.0000	0.0000	0.0000	-0.0000	0.0000	14.2360	0.0000	11.9336	0.0000	0.0000	0.0000	0.0000	0.0000	0.0000	0.0000	0.0000	0.0000	0.0000	0.0000	0.0000	0.0000	0.0000	0.0000	0.0000	0.0000	0.0000	0.0000	0.0000	0.0000	0.0000	0.0000	0.0000	0.0000	0.0000	0.0000	0.0000	0.0000	0.0000	0.0000	0.0000	0.0000	0.0000	0.0000	0.0000	0.0000	0.0000	0.0000	0.0000	0.0000	0.0000	0.0000	0.0000	0.0000	6.5837	9.5620	0.0000	15.5503	16.4081	0.0000	0.0000	0.0000	0.0000						
59	62	0.6358	12	1	0	1	1	0	0	0	0	N	N	N	N	N	N	N	N	N	N	N	N	0.0000	0.0000	0.0000	0.0000	0.0000	0.0000	0.0000	0.0000	0.0000	0.0000	0.0000	0.0000	0.0000	0.0000	0.0000	0.0000	0.0000	0.0000	0.0000	0.0000	0.0000	28.8660	0.0000	13.2209	0.0000	0.0000	0.0000	0.0000	0.0000	0.0000	0.0000	0.0000	0.0000	0.0000	0.0000	0.0000	0.0000	0.0000	0.0000	0.0000	0.0000	0.0000	0.0000	0.0000	0.0000	0.0000	0.0000	0.0000	0.0000	0.0000	0.0000	0.0000	0.0000	0.0000	0.0000	0.0000	0.0000	0.0000	0.0000	0.0000	0.0000	0.0000	0.0000	0.0000	0.0000	0.0000	0.0000	0.0000	0.0000	0.0000	0.0000	0.0000	0.0000	0.0000	0.0000	0.0000	0.0000	0.0000											
59	63	0.6331	11	1	1	0	1	0	0	0	0	N	N	N	N	N	N	N	N	N	N	N	N	0.0000	0.0000	0.0000	0.0000	0.0000	0.0000	0.0000	0.0000	0.0000	0.0000	0.0000	0.0000	0.0000	0.0000	0.0000	0.7680	0.0000	2.3853	0.9570	0.0000	6.0144	0.0731	0.0000	0.0402	inf	0.0000	0.0000	0.0000	5.0237	0.0000	8.0282	0.0000	0.0000	0.0000	0.0000	0.0000	0.0000	0.0000	0.0000	0.0000	0.0000	0.0000	0.0000	0.0000	0.0000	0.0000	0.0000	0.0000	0.0000	0.0000	0.0000	0.0000	0.0000	0.0000	0.0000	0.0000	0.0000	0.0000	0.0000	0.0000	0.0000	0.0000	0.0000	0.0000	0.0000	0.0000	0.0000	0.0000	0.0000	0.0000	0.0000	0.0000	0.0000	0.0000	0.0000	0.0000	0.1031	0.0000	0.3596	0.1887	0.0000	0.9123	0.0080	0.0000	0.0212				
59	64	0.5701	10	1	1	0	1	0	0	0	0	N	N	N	N	N	N	N	N	N	N	N	N	0.0000	0.0000	0.0000	0.0000	0.0000	0.0000	0.0000	0.0000	0.0000	0.0000	0.0000	0.0000	0.0000	0.6407	0.7881	0.0000	0.8483	0.8680	0.0000	0.0000	0.0000	0.0000	0.0016	0.0000	-0.0000	0.0000	17.5893	0.0000	19.0270	0.0000	0.0000	0.0000	0.0000	0.0000	0.0000	0.0000	0.0000	0.0000	0.0000	0.0000	0.0000	0.0000	0.0000	0.0000	0.0000	0.0000	0.0000	0.0000	0.0000	0.0000	0.0000	0.0000	0.0000	0.0000	0.0000	0.0000	0.0000	0.0000	0.0000	0.0000	0.0000	0.0000	0.0000	0.0000	0.0000	0.0000	0.0000	0.0000	0.0000	0.0000	0.0000	0.0000	0.0000	0.0000	0.0624	0.0885	0.0000	0.1593	0.1692	0.0000	0.0000	0.0000	0.0000						
59	65	0.5638	9	0	1	0	1	0	0	0	0	N	N	N	N	N	N	N	N	N	N	N	N	0.0000	0.0000	0.0000	0.0000	0.0000	0.0000	0.0000	0.0000	0.0000	0.0000	0.0000	0.0000	0.0000	0.0000	0.0000	0.0000	0.0000	0.0000	0.0000	-0.0000	0.0000	1.7566	0.0000	2.8742	0.0000	0.0000	0.0000	0.0000	0.0000	0.0000	0.0000	0.0000	0.0000	0.0000	0.0000	0.0000	0.0000	0.0000	0.0000	0.0000	0.0000	0.0000	0.0000	0.0000	0.0000	0.0000	0.0000	0.0000	0.0000	0.0000	0.0000	0.0000	0.0000	0.0000	0.0000	0.0000	0.0000	0.0000	0.0000	0.0000	0.0000	0.0000	0.0000	0.0000	0.0000	0.0000	0.0000	0.0000	0.0000	0.0000	0.0000	0.0000	0.0000	0.0000	0.0000	0.0000	0.0000	0.0000											
59	66	0.5273	10	0	1	0	1	0	0	0	0	N	N	N	N	N	N	N	N	N	N	N	N	0.0000	0.0000	0.0000	0.0000	0.0000	0.0000	0.0000	0.0000	0.0000	0.0000	0.0000	0.0000	0.0000	0.0000	0.0000	0.3530	0.0000	0.4193	0.0046	0.0000	0.1316	0.5590	0.0000	0.3242	inf	0.0000	0.0000	0.0000	21.1811	0.0000	10.1862	0.0000	0.0000	0.0000	0.0000	0.0000	0.0000	0.0000	0.0000	0.0000	0.0000	0.0000	0.0000	0.0000	0.0000	0.0000	0.0000	0.0000	0.0000	0.0000	0.0000	0.0000	0.0000	0.0000	0.0000	0.0000	0.0000	0.0000	0.0000	0.0000	0.0000	0.0000	0.0000	0.0000	0.0000	0.0000	0.0000	0.0000	0.0000	0.0000	0.0000	0.0000	0.0000	0.0000	0.0000	0.0000	0.0238	0.0000	0.0771	0.0040	0.0000	0.0767	0.0381	0.0000	0.0772				
59	67	0.5135	9	0	1	0	1	0	0	0	0	N	N	N	N	N	N	N	N	N	N	N	N	0.0000	0.0000	0.0000	0.0000	0.0000	0.0000	0.0000	0.0000	0.0000	0.0000	0.0000	0.0000	0.0000	0.7452	0.9535	0.0000	1.1245	1.1522	0.0000	0.0000	0.0000	0.0000	0.0000	0.0000	-0.0000	0.0000	7.4253	0.0000	0.9851	0.0000	0.0000	0.0000	0.0000	0.0000	0.0000	0.0000	0.0000	0.0000	0.0000	0.0000	0.0000	0.0000	0.0000	0.0000	0.0000	0.0000	0.0000	0.0000	0.0000	0.0000	0.0000	0.0000	0.0000	0.0000	0.0000	0.0000	0.0000	0.0000	0.0000	0.0000	0.0000	0.0000	0.0000	0.0000	0.0000	0.0000	0.0000	0.0000	0.0000	0.0000	0.0000	0.0000	0.0000	0.0000	0.0952	0.1347	0.0000	0.2329	0.2468	0.0000	0.0000	0.0000	0.0000						
59	68	0.7168	12	0	0	1	1	0	0	0	0	N	N	N	N	N	N	N	N	N	N	N	N	0.0000	0.0000	0.0000	0.0000	0.0000	0.0000	0.0000	0.0000	0.0000	0.0000	0.0000	0.0000	0.0000	0.0000	0.0000	0.0000	0.0000	0.0000	0.0000	0.0000	0.0000	15.0354	0.0000	6.2061	0.0000	0.0000	0.0000	0.0000	0.0000	0.0000	0.0000	0.0000	0.0000	0.0000	0.0000	0.0000	0.0000	0.0000	0.0000	0.0000	0.0000	0.0000	0.0000	0.0000	0.0000	0.0000	0.0000	0.0000	0.0000	0.0000	0.0000	0.0000	0.0000	0.0000	0.0000	0.0000	0.0000	0.0000	0.0000	0.0000	0.0000	0.0000	0.0000	0.0000	0.0000	0.0000	0.0000	0.0000	0.0000	0.0000	0.0000	0.0000	0.0000	0.0000	0.0000	0.0000	0.0000	0.0000											
59	69	0.6487	11	0	0	0	1	0	0	0	0	N	N	N	N	N	N	N	N	N	N	N	N	0.0000	0.0000	0.0000	0.0000	0.0000	0.0000	0.0000	0.0000	0.0000	0.0000	0.0000	0.0000	0.0000	0.0000	0.0000	0.0000	0.0000	0.0000	0.0000	-0.0000	0.0000	27.6811	0.0000	13.1592	0.0000	0.0000	0.0000	0.0000	0.0000	0.0000	0.0000	0.0000	0.0000	0.0000	0.0000	0.0000	0.0000	0.0000	0.0000	0.0000	0.0000	0.0000	0.0000	0.0000	0.0000	0.0000	0.0000	0.0000	0.0000	0.0000	0.0000	0.0000	0.0000	0.0000	0.0000	0.0000	0.0000	0.0000	0.0000	0.0000	0.0000	0.0000	0.0000	0.0000	0.0000	0.0000	0.0000	0.0000	0.0000	0.0000	0.0000	0.0000	0.0000	0.0000	0.0000	0.0000	0.0000	0.0000											
59	70	0.6139	10	0	0	0	1	0	0	0	0	N	N	N	N	N	N	N	N	N	N	N	N	0.0000	0.0000	0.0000	0.0000	0.0000	0.0000	0.0000	0.0000	0.0000	0.0000	0.0000	0.0000	0.0000	0.0000	0.0000	0.0000	0.0000	0.0000	0.0000	0.0000	0.0000	19.6565	0.0000	4.0504	0.0000	0.0000	0.0000	0.0000	0.0000	0.0000	0.0000	0.0000	0.0000	0.0000	0.0000	0.0000	0.0000	0.0000	0.0000	0.0000	0.0000	0.0000	0.0000	0.0000	0.0000	0.0000	0.0000	0.0000	0.0000	0.0000	0.0000	0.0000	0.0000	0.0000	0.0000	0.0000	0.0000	0.0000	0.0000	0.0000	0.0000	0.0000	0.0000	0.0000	0.0000	0.0000	0.0000	0.0000	0.0000	0.0000	0.0000	0.0000	0.0000	0.0000	0.0000	0.0000	0.0000	0.0000											
59	71	0.5166	10	1	1	0	1	0	0	0	0	N	N	N	N	N	N	N	N	N	N	N	N	0.0000	0.0000	0.0000	0.0000	0.0000	0.0000	0.0000	0.0000	0.0000	0.0000	0.0000	0.0000	0.0000	0.0054	0.0000	0.0115	0.0000	0.0000	0.0000	0.0175	0.0000	0.0097	inf	0.0000	0.0000	0.0000	17.5448	0.0000	6.0013	0.0000	0.0000	0.0000	0.0000	0.0000	0.0000	0.0000	0.0000	0.0000	0.0000	0.0000	0.0000	0.0000	0.0000	0.0000	0.0000	0.0000	0.0000	0.0000	0.0000	0.0000	0.0000	0.0000	0.0000	0.0000	0.0000	0.0000	0.0000	0.0000	0.0000	0.0000	0.0000	0.0000	0.0000	0.0000	0.0000	0.0000	0.0000	0.0000	0.0000	0.0000	0.0000	0.0000	0.0000	0.0000	0.0021	0.0000	0.0070	0.0000	0.0000	0.0000	0.0033	0.0000	0.0073						
59	72	0.5851	13	1	1	1	1	0	0	0	0	N	N	N	N	N	N	N	N	N	N	N	N	0.0000	0.0000	0.0000	0.0000	0.0000	0.0000	0.0000	0.0000	0.0000	0.0000	0.0000	0.0000	0.0000	0.0000	0.0000	0.0000	0.0000	0.0000	0.0000	0.0000	0.0000	1.8980	0.0000	2.9698	0.0000	0.0000	0.0000	0.0000	0.0000	0.0000	0.0000	0.0000	0.0000	0.0000	0.0000	0.0000	0.0000	0.0000	0.0000	0.0000	0.0000	0.0000	0.0000	0.0000	0.0000	0.0000	0.0000	0.0000	0.0000	0.0000	0.0000	0.0000	0.0000	0.0000	0.0000	0.0000	0.0000	0.0000	0.0000	0.0000	0.0000	0.0000	0.0000	0.0000	0.0000	0.0000	0.0000	0.0000	0.0000	0.0000	0.0000	0.0000	0.0000	0.0000	0.0000	0.0000	0.0000	0.0000											
59	73	0.5655	12	1	0	1	1	0	0	0	0	N	N	N	N	N	N	N	N	N	N	N	N	0.0000	0.0000	0.0000	0.0000	0.0000	0.0000	0.0000	0.0000	0.0000	0.0000	0.0000	0.0000	0.0000	0.0000	0.0000	0.0000	0.0000	0.0000	1.3852	2.0191	1.6856	3.0858	3.0726	0.2317	1.0381	1.2821	1.5524	0.0996	0.0000	-0.0000	0.0000	3.5853	0.0000	4.3819	0.0000	0.0000	0.0000	0.0000	0.0000	0.0000	0.0000	0.0000	0.0000	0.0000	0.0000	0.0000	0.0000	0.0000	0.0000	0.0000	0.0000	0.0000	0.0000	0.0000	0.0000	0.0000	0.0000	0.0000	0.0000	0.0000	0.0000	0.0000	0.0000	0.0000	0.0000	0.0000	0.0000	0.0000	0.0000	0.0000	0.0000	0.0000	0.0000	0.0000	0.0000	0.0000	0.0000	0.0000	0.0000	1.1588	2.0191	0.2196	2.1398	2.1512	0.1122	0.2110	0.0789	0.2202	
59	74	0.5340	11	1	0	1	1	0	0	0	0	N	N	N	N	N	N	N	N	N	N	N	N	0.0000	0.0000	0.0000	0.0000	0.0000	0.0000	0.0000	0.0000	0.0000	0.0000	0.0000	0.0000	0.0000	0.0000	0.0000	0.0000	0.0000	1.0605	1.2849	2.6906	1.6886	1.6463	0.2861	1.1981	0.0000	2.6971	1.0126	0.0000	-0.0000	0.0000	12.3589	0.0000	7.3592	0.0000	0.0000	0.0000	0.0000	0.0000	0.0000	0.0000	0.0000	0.0000	0.0000	0.0000	0.0000	0.0000	0.0000	0.0000	0.0000	0.0000	0.0000	0.0000	0.0000	0.0000	0.0000	0.0000	0.0000	0.0000	0.0000	0.0000	0.0000	0.0000	0.0000	0.0000	0.0000	0.0000	0.0000	0.0000	0.0000	0.0000	0.0000	0.0000	0.0000	0.0000	0.0000	0.0000	0.0000	0.0000	0.4157	0.3790	0.4597	0.4304	0.4339	0.1308	0.4020	0.0000	0.4634		
59	75	0.5166	10	1	0	1	1	0	0	0	0	N	N	N	N	N	N	N	N	N	N	N	N	0.0000	0.0000	0.0000	0.0000	0.0000	0.0000	0.0000	0.0000	0.0000	0.0000	0.0000	0.0000	0.0000	0.0000	0.0000	0.0000	2.2503	3.1930	0.0238	5.4757	5.7952	0.0000	0.0406	0.0000	0.0211	0.0016	0.0000	-0.0000	0.0000	10.2127	0.0000	1.0234	0.0000	0.0000	0.0000	0.0000	0.0000	0.0000	0.0000	0.0000	0.0000	0.0000	0.0000	0.0000	0.0000	0.0000	0.0000	0.0000	0.0000	0.0000	0.0000	0.0000	0.0000	0.0000	0.0000	0.0000	0.0000	0.0000	0.0000	0.0000	0.0000	0.0000	0.0000	0.0000	0.0000	0.0000	0.0000	0.0000	0.0000	0.0000	0.0000	0.0000	0.0000	0.0000	0.0000	0.0000	0.0000	2.2503	3.1930	0.0123	5.4757	5.7952	0.0000	0.0059	0.0000	0.0127			
59	76	0.5135	9	1	0	0	1	0	0	0	0	N	N	N	N	N	N	N	N	N	N	N	N	0.0000	0.0000	0.0000	0.0000	0.0000	0.0000	0.0000	0.0000	0.0000	0.0000	0.0000	0.0000	0.0000	0.1346	0.3017	0.0000	0.0794	0.0845	0.0000	0.0000	0.0000	0.0000	0.0000	0.0000	-0.0000	0.0000	3.7027	0.0000	0.0091	0.0000	0.0000	0.0000	0.0000	0.0000	0.0000	0.0000	0.0000	0.0000	0.0000	0.0000	0.0000	0.0000	0.0000	0.0000	0.0000	0.0000	0.0000	0.0000	0.0000	0.0000	0.0000	0.0000	0.0000	0.0000	0.0000	0.0000	0.0000	0.0000	0.0000	0.0000	0.0000	0.0000	0.0000	0.0000	0.0000	0.0000	0.0000	0.0000	0.0000	0.0000	0.0000	0.0000	0.0000	0.0000	0.0128	0.0181	0.0000	0.0313	0.0331	0.0000	0.0000	0.0000	0.0000						
59	77	0.4965	8	0	0	0	1	0	0	0	0	N	N	N	N	N	N	N	N	N	N	N	N	inf	inf	inf	inf	0.0030	0.0000	0.0281	0.0066	0.0000	0.2114	0.0000	0.0000	0.0000	0.0000	0.0000	0.0000	0.0000	0.0000	0.0000	0.0000	0.0000	0.0000	inf	0.0000	0.0000	0.0000	3.8334	0.0000	6.1787	0.0000	0.0000	0.0000	0.0000	0.0000	0.0000	0.0000	0.0000	0.0000	0.0000	0.0000	0.0000	0.0000	0.0000	0.0000	0.0000	0.0000	0.0000	0.0000	0.0000	0.0000	0.0000	0.0000	0.0000	0.0000	0.0000	0.0000	0.0000	0.0000	0.0000	0.0000	0.0000	0.0000	0.0000	0.0000	0.0000	inf	0.0000	inf	inf	0.0000	inf	0.0000	0.0000	0.0000	0.0000	0.0000	0.0000	0.0000	0.0000	0.0000	0.0000	0.0000	0.0000						
59	78	0.4574	7	0	0	0	1	0	0	0	0	N	N	N	N	N	N	N	N	N	N	N	N	0.3283	inf	0.0000	inf	inf	0.0008	0.0008	0.0000	0.0018	0.0019	0.0000	0.0000	0.0000	0.0000	0.0025	0.0000	0.0045	0.0000	0.0000	0.0000	0.0000	0.0000	0.0000	0.0833	inf	-0.0000	0.0000	0.0000	16.9094	0.0000	5.8161	0.0000	0.0000	0.0000	0.0000	0.0000	0.0000	0.0000	0.0000	0.0000	0.0000	0.0000	0.0000	0.0000	0.0000	0.0000	0.0000	0.0000	0.0000	0.0000	0.0000	0.0000	0.0000	0.0000	0.0000	0.0000	0.0000	0.0000	0.0000	0.0000	0.0000	0.0000	0.0000	0.0000	0.0000	0.0000	0.0000	0.7386	inf	0.0000	inf	inf	0.0000	0.0000	0.0000	0.0000	0.0011	0.0000	0.0037	0.0000	0.0000	0.0000	0.0000	0.0000	0.0000				
59	79	0.5638	9	0	1	0	1	0	0	0	0	N	N	N	N	N	N	N	N	N	N	N	N	0.0000	0.0000	0.0000	0.0000	0.0000	0.0000	0.0000	0.0000	0.0000	0.0000	0.0000	0.0000	0.0000	0.0000	0.0000	0.0000	0.0000	0.0000	0.0000	0.0000	0.0000	23.9173	0.0000	17.8091	0.0000	0.0000	0.0000	0.0000	0.0000	0.0000	0.0000	0.0000	0.0000	0.0000	0.0000	0.0000	0.0000	0.0000	0.0000	0.0000	0.0000	0.0000	0.0000	0.0000	0.0000	0.0000	0.0000	0.0000	0.0000	0.0000	0.0000	0.0000	0.0000	0.0000	0.0000	0.0000	0.0000	0.0000	0.0000	0.0000	0.0000	0.0000	0.0000	0.0000	0.0000	0.0000	0.0000	0.0000	0.0000	0.0000	0.0000	0.0000	0.0000	0.0000	0.0000	0.0000	0.0000	0.0000											
59	80	0.5477	8	0	1	0	1	0	0	0	0	N	N	N	N	N	N	N	N	N	N	N	N	0.0000	0.0000	0.0000	0.0000	0.0000	0.0000	0.0000	0.0000	0.0000	0.0000	0.0000	0.0000	0.0000	0.0000	0.0000	0.0000	0.0000	0.0000	0.0000	0.0000	0.0000	6.1279	0.0000	3.6878	0.0000	0.0000	0.0000	0.0000	0.0000	0.0000	0.0000	0.0000	0.0000	0.0000	0.0000	0.0000	0.0000	0.0000	0.0000	0.0000	0.0000	0.0000	0.0000	0.0000	0.0000	0.0000	0.0000	0.0000	0.0000	0.0000	0.0000	0.0000	0.0000	0.0000	0.0000	0.0000	0.0000	0.0000	0.0000	0.0000	0.0000	0.0000	0.0000	0.0000	0.0000	0.0000	0.0000	0.0000	0.0000	0.0000	0.0000	0.0000	0.0000	0.0000	0.0000	0.0000	0.0000	0.0000											
59	81	0.6358	12	1	0	1	1	0	0	0	0	N	N	N	N	N	N	N	N	N	N	N	N	0.0000	0.0000	0.0000	0.0000	0.0000	0.0000	0.0000	0.0000	0.0000	0.0000	0.0000	0.0000	0.0000	4.9624	7.0093	0.0000	12.0690	12.7699	0.0000	0.0000	0.0000	0.0000	0.0000	0.0000	-0.0000	0.0000	27.2690	0.0000	12.3406	0.0000	0.0000	0.0000	0.0000	0.0000	0.0000	0.0000	0.0000	0.0000	0.0000	0.0000	0.0000	0.0000	0.0000	0.0000	0.0000	0.0000	0.0000	0.0000	0.0000	0.0000	0.0000	0.0000	0.0000	0.0000	0.0000	0.0000	0.0000	0.0000	0.0000	0.0000	0.0000	0.0000	0.0000	0.0000	0.0000	0.0000	0.0000	0.0000	0.0000	0.0000	0.0000	0.0000	0.0000	0.0000	4.9624	7.0093	0.0000	12.0690	12.7699	0.0000	0.0000	0.0000	0.0000						
59	82	0.6205	11	0	0	0	1	0	0	0	0	N	N	N	N	N	N	N	N	N	N	N	N	0.0000	0.0000	0.0000	0.0000	0.0000	0.0000	0.0000	0.0000	0.0000	0.0000	0.0000	0.0000	0.0000	0.0000	0.0000	0.0000	0.0000	0.0000	0.0000	-0.0000	0.0000	9.0798	0.0000	0.9519	0.0000	0.0000	0.0000	0.0000	0.0000	0.0000	0.0000	0.0000	0.0000	0.0000	0.0000	0.0000	0.0000	0.0000	0.0000	0.0000	0.0000	0.0000	0.0000	0.0000	0.0000	0.0000	0.0000	0.0000	0.0000	0.0000	0.0000	0.0000	0.0000	0.0000	0.0000	0.0000	0.0000	0.0000	0.0000	0.0000	0.0000	0.0000	0.0000	0.0000	0.0000	0.0000	0.0000	0.0000	0.0000	0.0000	0.0000	0.0000	0.0000	0.0000	0.0000	0.0000	0.0000	0.0000											
59	83	0.5477	8	0	1	0	1	0	0	0	0	N	N	N	N	N	N	N	N	N	N	N	N	0.0000	0.0000	0.0000	0.0000	0.0000	0.0000	0.0000	0.0000	0.0000	0.0000	0.0000	0.0000	0.0000	0.0000	0.0000	0.0000	0.0000	0.0000	0.0000	0.0000	0.0000	21.0000	0.0000	14.4214	0.0000	0.0000	0.0000	0.0000	0.0000	0.0000	0.0000	0.0000	0.0000	0.0000	0.0000	0.0000	0.0000	0.0000	0.0000	0.0000	0.0000	0.0000	0.0000	0.0000	0.0000	0.0000	0.0000	0.0000	0.0000	0.0000	0.0000	0.0000	0.0000	0.0000	0.0000	0.0000	0.0000	0.0000	0.0000	0.0000	0.0000	0.0000	0.0000	0.0000	0.0000	0.0000	0.0000	0.0000	0.0000	0.0000	0.0000	0.0000	0.0000	0.0000	0.0000	0.0000	0.0000	0.0000											
59	84	0.6054	12	0	0	1	1	0	0	0	0	N	N	N	N	N	N	N	N	N	N	N	N	0.0000	0.0000	0.0000	0.0000	0.0000	0.0000	0.0000	0.0000	0.0000	0.0000	0.0000	0.0000	0.0000	0.0000	0.0000	0.0000	0.0000	0.0000	0.0000	0.0000	0.0000	20.4085	0.0000	11.0867	0.0000	0.0000	0.0000	0.0000	0.0000	0.0000	0.0000	0.0000	0.0000	0.0000	0.0000	0.0000	0.0000	0.0000	0.0000	0.0000	0.0000	0.0000	0.0000	0.0000	0.0000	0.0000	0.0000	0.0000	0.0000	0.0000	0.0000	0.0000	0.0000	0.0000	0.0000	0.0000	0.0000	0.0000	0.0000	0.0000	0.0000	0.0000	0.0000	0.0000	0.0000	0.0000	0.0000	0.0000	0.0000	0.0000	0.0000	0.0000	0.0000	0.0000	0.0000	0.0000	0.0000	0.0000											
59	85	0.6017	11	0	0	1	1	0	0	0	0	N	N	N	N	N	N	N	N	N	N	N	N	0.0000	0.0000	0.0000	0.0000	0.0000	0.0000	0.0000	0.0000	0.0000	0.0000	0.0000	0.0000	0.0000	0.0000	0.0000	0.0000	0.0000	0.0000	0.0000	-0.0000	0.0000	3.1287	0.0000	1.1816	0.0000	0.0000	0.0000	0.0000	0.0000	0.0000	0.0000	0.0000	0.0000	0.0000	0.0000	0.0000	0.0000	0.0000	0.0000	0.0000	0.0000	0.0000	0.0000	0.0000	0.0000	0.0000	0.0000	0.0000	0.0000	0.0000	0.0000	0.0000	0.0000	0.0000	0.0000	0.0000	0.0000	0.0000	0.0000	0.0000	0.0000	0.0000	0.0000	0.0000	0.0000	0.0000	0.0000	0.0000	0.0000	0.0000	0.0000	0.0000	0.0000	0.0000	0.0000	0.0000	0.0000	0.0000											
59	86	0.5947	10	0	0	0	1	0	0	0	0	N	N	N	N	N	N	N	N	N	N	N	N	0.0000	0.0000	0.0000	0.0000	0.0000	0.0000	0.0000	0.0000	0.0000	0.0000	0.0000	0.0000	0.0000	0.6259	0.7593	0.0000	0.7091	0.7010	0.0000	0.0000	0.0000	0.0000	0.0057	0.0000	-0.0000	0.0000	4.0532	0.0000	2.2470	0.0000	0.0000	0.0000	0.0000	0.0000	0.0000	0.0000	0.0000	0.0000	0.0000	0.0000	0.0000	0.0000	0.0000	0.0000	0.0000	0.0000	0.0000	0.0000	0.0000	0.0000	0.0000	0.0000	0.0000	0.0000	0.0000	0.0000	0.0000	0.0000	0.0000	0.0000	0.0000	0.0000	0.0000	0.0000	0.0000	0.0000	0.0000	0.0000	0.0000	0.0000	0.0000	0.0000	0.0000	0.0000	0.0590	0.0820	0.0000	0.1293	0.1358	0.0000	0.0000	0.0000	0.0000						
59	87	0.5716	9	0	0	0	1	0	0	0	0	N	N	N	N	N	N	N	N	N	N	N	N	0.0000	0.0000	0.0000	0.0000	0.0000	0.0000	0.0000	0.0000	0.0000	0.0000	0.0000	0.0000	0.0000	5.7890	9.0091	0.0000	12.8380	13.2909	0.0000	0.0000	0.0000	0.0000	0.0001	0.0000	-0.0000	0.0000	4.7288	0.0000	9.8540	0.0000	0.0000	0.0000	0.0000	0.0000	0.0000	0.0000	0.0000	0.0000	0.0000	0.0000	0.0000	0.0000	0.0000	0.0000	0.0000	0.0000	0.0000	0.0000	0.0000	0.0000	0.0000	0.0000	0.0000	0.0000	0.0000	0.0000	0.0000	0.0000	0.0000	0.0000	0.0000	0.0000	0.0000	0.0000	0.0000	0.0000	0.0000	0.0000	0.0000	0.0000	0.0000	0.0000	0.0000	0.0000	5.7890	9.0091	0.0000	12.8380	13.2909	0.0000	0.0000	0.0000	0.0000						
59	88	0.5477	8	0	0	0	1	0	0	0	0	N	N	N	N	N	N	N	N	N	N	N	N	0.0000	0.0000	0.0000	0.0000	0.0000	0.0000	0.0000	0.0000	0.0000	0.0000	0.0000	0.0000	0.0000	0.9009	1.1707	0.0000	1.7648	1.7339	0.0000	0.0000	0.0000	0.0000	0.0000	0.0000	-0.0000	0.0000	8.6320	0.0000	7.0881	0.0000	0.0000	0.0000	0.0000	0.0000	0.0000	0.0000	0.0000	0.0000	0.0000	0.0000	0.0000	0.0000	0.0000	0.0000	0.0000	0.0000	0.0000	0.0000	0.0000	0.0000	0.0000	0.0000	0.0000	0.0000	0.0000	0.0000	0.0000	0.0000	0.0000	0.0000	0.0000	0.0000	0.0000	0.0000	0.0000	0.0000	0.0000	0.0000	0.0000	0.0000	0.0000	0.0000	0.0000	0.0000	0.1952	0.2667	0.0000	0.4816	0.5098	0.0000	0.0000	0.0000	0.0000						
59	89	0.6155	10	0	1	0	1	0	0	0	0	N	N	N	N	N	N	N	N	N	N	N	N	inf	inf	inf	inf	0.0420	0.0482	0.0000	0.0869	0.0968	0.0000	0.0000	0.0000	0.0000	0.0000	0.0000	0.0000	0.0000	0.0000	0.0000	0.0000	0.0000	0.0000	0.0000	-0.0000	0.0000	0.0000	15.4622	0.0000	5.2688	0.0000	0.0000	0.0000	0.0000	0.0000	0.0000	0.0000	0.0000	0.0000	0.0000	0.0000	0.0000	0.0000	0.0000	0.0000	0.0000	0.0000	0.0000	0.0000	0.0000	0.0000	0.0000	0.0000	0.0000	0.0000	0.0000	0.0000	0.0000	0.0000	0.0000	0.0000	0.0000	0.0000	0.0000	0.0000	0.0000	inf	inf	0.0000	inf	inf	0.0000	0.0000	0.0000	0.0000	0.0000	0.0000	0.0000	0.0000	0.0000	0.0000	0.0000	0.0000	0.0000						
59	90	0.6037	9	0	0	0	1	0	0	0	0	N	N	N	N	N	N	N	N	N	N	N	N	inf	inf	inf	inf	inf	inf	inf	inf	0.1331	0.1544	0.0041	0.1254	0.1459	0.0000	0.1416	0.1639	0.0084	0.0000	0.0000	0.0000	0.0000	0.0000	0.0000	0.0000	0.0000	0.0000	0.0044	-0.0000	-0.0000	0.0000	7.5917	0.0000	1.5198	0.0000	0.0000	0.0000	0.0000	0.0000	0.0000	0.0000	0.0000	0.0000	0.0000	0.0000	0.0000	0.0000	0.0000	0.0000	0.0000	0.0000	0.0000	0.0000	0.0000	0.0000	0.0000	0.0000	0.0000	0.0000	0.0000	0.0000	0.0000	0.0000	0.0000	0.0000	0.0000	0.0000	0.0000	0.0000	0.0000	inf	inf	inf	inf	inf	0.0000	inf	inf	inf	0.0000	0.0000	0.0000	0.0000	0.0000	0.0000	0.0000	0.0000	0.0000		
59	91	0.7130	13	1	0	1	1	0	0	0	0	N	N	N	N	N	N	N	N	N	N	N	N	0.0000	0.0000	0.0000	0.0000	0.0000	0.0000	0.0000	0.0000	0.0000	0.0000	0.0000	0.0000	0.0000	0.0000	0.0000	0.0000	0.0000	0.0000	0.0000	0.0000	0.0000	3.0317	0.0000	0.1644	0.0000	0.0000	0.0000	0.0000	0.0000	0.0000	0.0000	0.0000	0.0000	0.0000	0.0000	0.0000	0.0000	0.0000	0.0000	0.0000	0.0000	0.0000	0.0000	0.0000	0.0000	0.0000	0.0000	0.0000	0.0000	0.0000	0.0000	0.0000	0.0000	0.0000	0.0000	0.0000	0.0000	0.0000	0.0000	0.0000	0.0000	0.0000	0.0000	0.0000	0.0000	0.0000	0.0000	0.0000	0.0000	0.0000	0.0000	0.0000	0.0000	0.0000	0.0000	0.0000	0.0000	0.0000											
59	92	0.7072	12	1	0	1	1	0	0	0	0	N	N	N	N	N	N	N	N	N	N	N	N	0.0000	0.0000	0.0000	0.0000	0.0000	0.0000	0.0000	0.0000	0.0000	0.0000	0.0000	0.0000	0.0000	0.0000	0.0000	0.0000	0.0000	0.0000	0.0000	0.0000	0.0000	2.6632	0.0000	1.0147	0.0000	0.0000	0.0000	0.0000	0.0000	0.0000	0.0000	0.0000	0.0000	0.0000	0.0000	0.0000	0.0000	0.0000	0.0000	0.0000	0.0000	0.0000	0.0000	0.0000	0.0000	0.0000	0.0000	0.0000	0.0000	0.0000	0.0000	0.0000	0.0000	0.0000	0.0000	0.0000	0.0000	0.0000	0.0000	0.0000	0.0000	0.0000	0.0000	0.0000	0.0000	0.0000	0.0000	0.0000	0.0000	0.0000	0.0000	0.0000	0.0000	0.0000	0.0000	0.0000	0.0000	0.0000											
59	93	0.6239	11	1	0	1	1	0	0	0	0	N	N	N	N	N	N	N	N	N	N	N	N	0.0000	0.0000	0.0000	0.0000	0.0000	0.0000	0.0000	0.0000	0.0000	0.0000	0.0000	0.0000	0.0000	0.0000	0.0000	0.0000	0.0000	0.0000	0.0000	0.0000	0.0000	35.0787	0.0000	12.2568	0.0000	0.0000	0.0000	0.0000	0.0000	0.0000	0.0000	0.0000	0.0000	0.0000	0.0000	0.0000	0.0000	0.0000	0.0000	0.0000	0.0000	0.0000	0.0000	0.0000	0.0000	0.0000	0.0000	0.0000	0.0000	0.0000	0.0000	0.0000	0.0000	0.0000	0.0000	0.0000	0.0000	0.0000	0.0000	0.0000	0.0000	0.0000	0.0000	0.0000	0.0000	0.0000	0.0000	0.0000	0.0000	0.0000	0.0000	0.0000	0.0000	0.0000	0.0000	0.0000	0.0000	0.0000											
59	94	0.6104	10	1	0	0	1	0	0	0	0	N	N	N	N	N	N	N	N	N	N	N	N	0.0000	0.0000	0.0000	0.0000	0.0000	0.0000	0.0000	0.0000	0.0000	0.0000	0.0000	0.0000	0.0000	0.0000	0.0000	0.0000	0.0000	0.0000	0.0000	-0.0000	0.0000	8.4810	0.0000	2.3446	0.0000	0.0000	0.0000	0.0000	0.0000	0.0000	0.0000	0.0000	0.0000	0.0000	0.0000	0.0000	0.0000	0.0000	0.0000	0.0000	0.0000	0.0000	0.0000	0.0000	0.0000	0.0000	0.0000	0.0000	0.0000	0.0000	0.0000	0.0000	0.0000	0.0000	0.0000	0.0000	0.0000	0.0000	0.0000	0.0000	0.0000	0.0000	0.0000	0.0000	0.0000	0.0000	0.0000	0.0000	0.0000	0.0000	0.0000	0.0000	0.0000	0.0000	0.0000	0.0000	0.0000	0.0000											
59	95	0.5477	8	0	1	0	2	0	0	0	0	N	N	N	Y	N	N	N	N	N	N	N	N	0.0000	0.0000	0.0000	0.0000	0.0000	0.0000	0.0000	0.0000	0.0000	0.0000	0.0000	0.0000	0.0000	0.0000	0.0000	0.0000	0.0000	0.0000	0.0000	0.0000	0.0000	24.0032	0.0000	22.6134	0.0000	0.0000	0.0000	0.0000	0.0000	0.0000	0.0000	0.0000	0.0000	0.0000	0.0000	0.0000	0.0000	0.0000	0.0000	0.0000	0.0000	0.0000	0.0000	0.0000	0.0000	0.0000	0.0000	0.0000	0.0000	0.0000	0.0000	0.0000	0.0000	0.0000	0.0000	0.0000	0.0000	0.0000	0.0000	0.0000	0.0000	0.0000	0.0000	0.0000	0.0000	0.0000	0.0000	0.0000	0.0000	0.0000	0.0000	0.0000	0.0000	0.0000	0.0000	0.0000	0.0000	0.0000											
59	96	0.1536	6	0	1	0	1	0	0	0	0	N	N	N	N	N	N	N	N	N	N	N	N	inf	inf	inf	inf	1.7279	1.9481	0.0000	0.0000	0.0000	0.0000	2.6108	3.1229	0.0000	0.0000	0.0000	0.0000	0.0000	0.0000	0.0000	0.0000	0.0000	0.0000	0.0000	-0.0000	-0.0000	0.0000	18.5150	0.0000	10.2301	0.0000	0.0000	0.0000	0.0000	0.0000	0.0000	0.0000	0.0000	0.0000	0.0000	0.0000	0.0000	0.0000	0.0000	0.0000	0.0000	0.0000	0.0000	0.0000	0.0000	0.0000	0.0000	0.0000	0.0000	0.0000	0.0000	0.0000	0.0000	0.0000	0.0000	0.0000	0.0000	0.0000	0.0000	0.0000	0.0000	inf	inf	0.0000	0.0000	0.0000	0.0000	inf	inf	0.0000	0.0000	0.0000	0.0000	0.0000	0.0000	0.0000	0.0000	0.0000	0.0000						
59	97	0.5769	9	0	1	0	1	0	0	0	0	N	N	N	N	N	N	N	N	N	N	N	N	0.0000	0.0000	0.0000	0.0000	0.0000	0.0000	0.0000	0.0000	0.0000	0.0000	0.0000	0.0000	0.0000	2.7595	3.9480	0.0000	6.7263	7.2963	0.0000	0.0000	0.0000	0.0000	0.0000	0.0000	-0.0000	0.0000	46.1140	0.0000	26.4917	0.0000	0.0000	0.0000	0.0000	0.0000	0.0000	0.0000	0.0000	0.0000	0.0000	0.0000	0.0000	0.0000	0.0000	0.0000	0.0000	0.0000	0.0000	0.0000	0.0000	0.0000	0.0000	0.0000	0.0000	0.0000	0.0000	0.0000	0.0000	0.0000	0.0000	0.0000	0.0000	0.0000	0.0000	0.0000	0.0000	0.0000	0.0000	0.0000	0.0000	0.0000	0.0000	0.0000	0.0000	0.0000	2.7595	3.9480	0.0000	6.7263	7.2963	0.0000	0.0000	0.0000	0.0000						
59	98	0.0774	2	0	1	0	1	0	0	0	0	N	N	N	N	N	N	N	N	N	N	N	N	6.2805	3.4327	0.3206	0.3490	inf	inf	0.9951	1.1597	0.0000	0.0510	0.0524	0.0000	1.4577	1.8194	0.0000	0.1584	0.3378	0.0000	0.1591	0.1501	0.0000	0.0000	0.0000	0.0000	0.0000	0.0000	-0.0000	-0.0000	0.0000	20.7840	0.0000	8.9470	0.0000	0.0000	0.0000	0.0000	0.0000	0.0000	0.0000	0.0000	0.0000	0.0000	0.0000	0.0000	0.0000	0.0000	0.0000	0.0000	0.0000	0.0000	0.0000	0.0000	0.0000	0.0000	0.0000	0.0000	0.0000	0.0000	0.0000	0.0000	0.0000	0.0000	0.0000	0.0000	0.0000	0.0000	0.0000	0.0000	72.0557	59.0149	0.0000	1.1266	1.1413	0.0000	inf	inf	0.0000	0.0138	0.0197	0.0000	0.0453	0.0459	0.0000	0.0000	0.0000	0.0000			
59	102	0.6618	11	0	1	0	1	0	0	0	0	N	N	N	N	N	N	N	N	N	N	N	N	0.0273	0.4825	0.0351	0.0710	1.0589	0.0186	0.0000	0.0000	0.0007	0.0006	0.0015	0.0015	0.0012	0.0097	0.0000	0.0000	0.0000	0.0252	0.0012	0.0421	0.0211	0.0012	0.5243	0.0098	0.0000	0.0054	0.2727	12.8000	-0.0000	0.0000	0.0000	34.1922	0.0000	22.4626	0.0000	0.0000	0.0000	0.0000	0.0000	0.0000	0.0000	0.0000	0.0000	0.0000	0.0000	0.0000	0.0000	0.0000	0.0000	0.0000	0.0000	0.0000	0.0000	0.0000	0.0000	0.0000	0.0000	0.0000	0.0000	0.0000	0.0000	0.0000	0.0000	0.0000	0.0000	0.0000	0.0000	0.0000	0.0000	0.0000	0.1091	0.9336	0.0732	0.1225	1.0589	0.0498	0.0000	0.0000	0.0000	0.0063	0.0006	0.0202	0.0122	0.0012	0.1958	0.0022	0.0000	0.0048	
59	103	0.6139	10	0	1	0	1	0	0	0	0	N	N	N	N	N	N	N	N	N	N	N	N	0.0102	0.0045	0.0000	0.0094	0.0089	0.2604	inf	0.0000	0.0010	0.0010	0.0000	0.0005	0.0005	0.0000	0.0015	0.0015	0.0000	0.1033	0.2279	0.0033	0.0549	0.0591	0.0000	0.0056	0.0000	0.0031	0.1475	0.0885	-0.0000	-0.0000	0.0000	22.5884	0.0000	11.0115	0.0000	0.0000	0.0000	0.0000	0.0000	0.0000	0.0000	0.0000	0.0000	0.0000	0.0000	0.0000	0.0000	0.0000	0.0000	0.0000	0.0000	0.0000	0.0000	0.0000	0.0000	0.0000	0.0000	0.0000	0.0000	0.0000	0.0000	0.0000	0.0000	0.0000	0.0000	0.0000	0.0000	0.0000	0.0000	0.0000	0.0934	0.0701	0.0000	0.0210	0.0204	0.0000	1.0418	inf	0.0000	0.0112	0.0145	0.0032	0.0245	0.0259	0.0000	0.0014	0.0000	0.0031	
59	104	0.5839	9	0	0	0	1	0	0	0	0	N	N	N	N	N	N	N	N	N	N	N	N	0.0000	0.0000	0.0000	0.0000	0.0000	0.0000	0.0000	0.0000	0.0000	0.0000	0.0000	0.0000	0.0000	0.0000	0.0000	0.0000	0.0000	0.0000	0.0000	-0.0000	0.0000	11.8100	0.0000	8.7888	0.0000	0.0000	0.0000	0.0000	0.0000	0.0000	0.0000	0.0000	0.0000	0.0000	0.0000	0.0000	0.0000	0.0000	0.0000	0.0000	0.0000	0.0000	0.0000	0.0000	0.0000	0.0000	0.0000	0.0000	0.0000	0.0000	0.0000	0.0000	0.0000	0.0000	0.0000	0.0000	0.0000	0.0000	0.0000	0.0000	0.0000	0.0000	0.0000	0.0000	0.0000	0.0000	0.0000	0.0000	0.0000	0.0000	0.0000	0.0000	0.0000	0.0000	0.0000	0.0000	0.0000	0.0000											
59	105	0.5477	8	0	0	0	1	0	0	0	0	N	N	N	N	N	N	N	N	N	N	N	N	0.0000	0.0000	0.0000	0.0000	0.0000	0.0000	0.0000	0.0000	0.0000	0.0000	0.0000	0.0000	0.0000	0.0000	0.0000	0.0000	0.0000	0.0000	0.0000	0.0000	0.0000	14.7392	0.0000	7.3617	0.0000	0.0000	0.0000	0.0000	0.0000	0.0000	0.0000	0.0000	0.0000	0.0000	0.0000	0.0000	0.0000	0.0000	0.0000	0.0000	0.0000	0.0000	0.0000	0.0000	0.0000	0.0000	0.0000	0.0000	0.0000	0.0000	0.0000	0.0000	0.0000	0.0000	0.0000	0.0000	0.0000	0.0000	0.0000	0.0000	0.0000	0.0000	0.0000	0.0000	0.0000	0.0000	0.0000	0.0000	0.0000	0.0000	0.0000	0.0000	0.0000	0.0000	0.0000	0.0000	0.0000	0.0000											
59	106	0.6205	11	0	1	0	1	0	0	0	0	N	N	N	N	N	N	N	N	N	N	N	N	0.0000	0.0000	0.0000	0.0000	0.0000	0.0000	0.0000	0.0000	0.0000	0.0000	0.0000	0.0000	0.0000	0.0000	0.0000	0.0000	0.0000	0.0000	0.0000	0.0000	0.0000	20.0414	0.0000	7.0324	0.0000	0.0000	0.0000	0.0000	0.0000	0.0000	0.0000	0.0000	0.0000	0.0000	0.0000	0.0000	0.0000	0.0000	0.0000	0.0000	0.0000	0.0000	0.0000	0.0000	0.0000	0.0000	0.0000	0.0000	0.0000	0.0000	0.0000	0.0000	0.0000	0.0000	0.0000	0.0000	0.0000	0.0000	0.0000	0.0000	0.0000	0.0000	0.0000	0.0000	0.0000	0.0000	0.0000	0.0000	0.0000	0.0000	0.0000	0.0000	0.0000	0.0000	0.0000	0.0000	0.0000	0.0000											
59	107	0.6104	10	0	0	0	1	0	0	0	0	N	N	N	N	N	N	N	N	N	N	N	N	0.0000	0.0000	0.0000	0.0000	0.0000	0.0000	0.0000	0.0000	0.0000	0.0000	0.0000	0.0000	0.0000	0.0000	0.0000	0.0000	0.0000	0.0000	0.0000	0.0000	0.0000	7.0315	0.0000	1.2144	0.0000	0.0000	0.0000	0.0000	0.0000	0.0000	0.0000	0.0000	0.0000	0.0000	0.0000	0.0000	0.0000	0.0000	0.0000	0.0000	0.0000	0.0000	0.0000	0.0000	0.0000	0.0000	0.0000	0.0000	0.0000	0.0000	0.0000	0.0000	0.0000	0.0000	0.0000	0.0000	0.0000	0.0000	0.0000	0.0000	0.0000	0.0000	0.0000	0.0000	0.0000	0.0000	0.0000	0.0000	0.0000	0.0000	0.0000	0.0000	0.0000	0.0000	0.0000	0.0000	0.0000	0.0000											
59	108	0.5769	9	0	0	0	1	0	0	0	0	N	N	N	N	N	N	N	N	N	N	N	N	0.0000	0.0000	0.0000	0.0000	0.0000	0.0000	0.0000	0.0000	0.0000	0.0000	0.0000	0.0000	0.0000	0.0000	0.0000	0.0000	0.0000	0.0000	0.0000	0.0000	0.0000	16.2725	0.0000	4.4748	0.0000	0.0000	0.0000	0.0000	0.0000	0.0000	0.0000	0.0000	0.0000	0.0000	0.0000	0.0000	0.0000	0.0000	0.0000	0.0000	0.0000	0.0000	0.0000	0.0000	0.0000	0.0000	0.0000	0.0000	0.0000	0.0000	0.0000	0.0000	0.0000	0.0000	0.0000	0.0000	0.0000	0.0000	0.0000	0.0000	0.0000	0.0000	0.0000	0.0000	0.0000	0.0000	0.0000	0.0000	0.0000	0.0000	0.0000	0.0000	0.0000	0.0000	0.0000	0.0000	0.0000	0.0000											
59	109	0.6296	10	0	1	0	1	0	0	0	0	N	N	N	N	N	N	N	N	N	N	N	N	0.1887	0.2174	inf	inf	0.2081	0.2320	0.6471	0.0000	3.8624	0.0826	0.0000	0.9029	1.2029	0.0000	4.9617	3.4294	0.0000	17.7703	0.0000	0.0000	0.0000	5.7803	0.0000	21.3897	inf	inf	0.0000	0.0000	0.0000	40.5309	0.0000	14.7974	0.0000	0.0000	0.0000	0.0000	0.0000	0.0000	0.0000	0.0000	0.0000	0.0000	0.0000	0.0000	0.0000	0.0000	0.0000	0.0000	0.0000	0.0000	0.0000	0.0000	0.0000	0.0000	0.0000	0.0000	0.0000	0.0000	0.0000	0.0000	0.0000	0.0000	0.0000	0.0000	0.0000	0.0000	0.0000	0.0000	0.1887	0.0000	0.3445	inf	0.0000	inf	0.2081	0.0000	0.4064	3.4294	0.0000	11.2112	0.0000	0.0000	0.0000	5.7803	0.0000	12.2096			
59	110	0.6037	9	0	1	0	1	0	0	0	0	N	N	N	N	N	N	N	N	N	N	N	N	0.7130	inf	1.5598	inf	inf	inf	0.7496	inf	2.7070	0.2818	0.1893	0.9094	0.0862	0.0910	0.0461	0.4714	0.2893	1.5052	0.3952	0.0000	0.5830	0.0000	0.0000	0.0000	0.6288	0.0000	0.5561	0.7084	inf	0.0000	0.0000	0.0000	13.5236	0.0000	3.5331	0.0000	0.0000	0.0000	0.0000	0.0000	0.0000	0.0000	0.0000	0.0000	0.0000	0.0000	0.0000	0.0000	0.0000	0.0000	0.0000	0.0000	0.0000	0.0000	0.0000	0.0000	0.0000	0.0000	0.0000	0.0000	0.0000	0.0000	0.0000	0.0000	0.0000	0.0000	0.0000	0.0000	0.0000	0.0000	0.0000	10.1175	inf	9.7670	inf	inf	inf	9.8452	inf	14.4169	0.0279	0.0000	0.0931	0.0000	0.0000	0.0000	0.0479	0.0000	0.1044
59	111	0.5477	8	0	0	0	1	0	0	0	0	N	N	N	N	N	N	N	N	N	N	N	N	inf	inf	inf	inf	inf	inf	0.0463	0.0506	0.0091	0.0000	0.0000	0.0000	0.0780	0.0910	0.0101	0.0000	0.0000	0.0000	0.0000	0.0000	0.0000	0.0000	0.0000	0.0000	0.0213	-0.0000	0.0000	0.0000	16.9399	0.0000	15.9768	0.0000	0.0000	0.0000	0.0000	0.0000	0.0000	0.0000	0.0000	0.0000	0.0000	0.0000	0.0000	0.0000	0.0000	0.0000	0.0000	0.0000	0.0000	0.0000	0.0000	0.0000	0.0000	0.0000	0.0000	0.0000	0.0000	0.0000	0.0000	0.0000	0.0000	0.0000	0.0000	0.0000	0.0000	0.0000	0.0000	inf	inf	inf	0.0000	0.0000	0.0000	inf	inf	inf	0.0000	0.0000	0.0000	0.0000	0.0000	0.0000	0.0000	0.0000	0.0000				
59	112	0.6521	12	1	1	0	2	0	0	0	0	N	N	N	Y	N	N	N	N	N	N	N	N	0.0000	0.0000	0.0000	0.0000	0.0000	0.0000	0.0000	0.0000	0.0000	0.0000	0.0000	0.0000	0.0000	0.0000	0.0000	0.0000	0.0000	0.0000	0.0000	0.0000	0.0000	0.0019	0.0000	1.9928	0.0000	0.0000	0.0000	0.0000	0.0000	0.0000	0.0000	0.0000	0.0000	0.0000	0.0000	0.0000	0.0000	0.0000	0.0000	0.0000	0.0000	0.0000	0.0000	0.0000	0.0000	0.0000	0.0000	0.0000	0.0000	0.0000	0.0000	0.0000	0.0000	0.0000	0.0000	0.0000	0.0000	0.0000	0.0000	0.0000	0.0000	0.0000	0.0000	0.0000	0.0000	0.0000	0.0000	0.0000	0.0000	0.0000	0.0000	0.0000	0.0000	0.0000	0.0000	0.0000	0.0000	0.0000											
59	113	0.6286	11	1	1	0	2	0	0	0	0	N	N	N	Y	N	N	N	N	N	N	N	N	0.0000	0.0000	0.0000	0.0000	0.0000	0.0000	0.0000	0.0000	0.0000	0.0000	0.0000	0.0000	0.0000	0.0000	0.0000	0.0000	0.0000	0.0000	0.0000	0.0000	0.0000	8.6942	0.0000	6.0502	0.0000	0.0000	0.0000	0.0000	0.0000	0.0000	0.0000	0.0000	0.0000	0.0000	0.0000	0.0000	0.0000	0.0000	0.0000	0.0000	0.0000	0.0000	0.0000	0.0000	0.0000	0.0000	0.0000	0.0000	0.0000	0.0000	0.0000	0.0000	0.0000	0.0000	0.0000	0.0000	0.0000	0.0000	0.0000	0.0000	0.0000	0.0000	0.0000	0.0000	0.0000	0.0000	0.0000	0.0000	0.0000	0.0000	0.0000	0.0000	0.0000	0.0000	0.0000	0.0000	0.0000	0.0000											
59	114	0.6497	15	0	1	0	2	0	0	0	0	N	N	N	Y	N	N	N	N	N	N	N	N	0.0000	0.0000	0.0000	0.0000	0.0000	0.0000	0.0000	0.0000	0.0000	0.0000	0.0000	0.0000	0.0000	0.0000	0.0000	0.0000	0.0000	0.0000	0.0000	0.0000	0.0000	0.0001	0.0000	0.0001	0.0000	0.0000	0.0000	0.0000	0.0000	0.0000	0.0000	0.0000	0.0000	0.0000	0.0000	0.0000	0.0000	0.0000	0.0000	0.0000	0.0000	0.0000	0.0000	0.0000	0.0000	0.0000	0.0000	0.0000	0.0000	0.0000	0.0000	0.0000	0.0000	0.0000	0.0000	0.0000	0.0000	0.0000	0.0000	0.0000	0.0000	0.0000	0.0000	0.0000	0.0000	0.0000	0.0000	0.0000	0.0000	0.0000	0.0000	0.0000	0.0000	0.0000	0.0000	0.0000	0.0000	0.0000											
59	115	0.6430	14	0	1	0	2	0	0	0	0	N	N	N	Y	N	N	N	N	N	N	N	N	0.0000	0.0000	0.0000	0.0000	0.0000	0.0000	0.0000	0.0000	0.0000	0.0000	0.0000	0.0000	0.0000	0.0000	0.0000	0.0000	0.0000	0.0000	0.0000	0.0000	0.0000	3.0007	0.0000	1.0012	0.0000	0.0000	0.0000	0.0000	0.0000	0.0000	0.0000	0.0000	0.0000	0.0000	0.0000	0.0000	0.0000	0.0000	0.0000	0.0000	0.0000	0.0000	0.0000	0.0000	0.0000	0.0000	0.0000	0.0000	0.0000	0.0000	0.0000	0.0000	0.0000	0.0000	0.0000	0.0000	0.0000	0.0000	0.0000	0.0000	0.0000	0.0000	0.0000	0.0000	0.0000	0.0000	0.0000	0.0000	0.0000	0.0000	0.0000	0.0000	0.0000	0.0000	0.0000	0.0000	0.0000	0.0000											
59	116	0.6411	13	0	0	0	2	0	0	0	0	N	N	N	Y	N	N	N	N	N	N	N	N	0.0000	0.0000	0.0000	0.0000	0.0000	0.0000	0.0000	0.0000	0.0000	0.0000	0.0000	0.0000	0.0000	0.0000	0.0000	0.0000	0.0000	0.0000	0.0000	0.0000	0.0000	1.1177	0.0000	0.0023	0.0000	0.0000	0.0000	0.0000	0.0000	0.0000	0.0000	0.0000	0.0000	0.0000	0.0000	0.0000	0.0000	0.0000	0.0000	0.0000	0.0000	0.0000	0.0000	0.0000	0.0000	0.0000	0.0000	0.0000	0.0000	0.0000	0.0000	0.0000	0.0000	0.0000	0.0000	0.0000	0.0000	0.0000	0.0000	0.0000	0.0000	0.0000	0.0000	0.0000	0.0000	0.0000	0.0000	0.0000	0.0000	0.0000	0.0000	0.0000	0.0000	0.0000	0.0000	0.0000	0.0000	0.0000											
59	117	0.4574	7	0	1	0	1	0	0	0	0	N	N	N	N	N	N	N	N	N	N	N	N	0.0000	0.0000	0.0000	0.0000	0.0000	0.0000	0.0000	0.0000	0.0000	0.0000	0.0000	0.0009	0.0000	0.0017	0.0000	0.0000	0.0000	0.0000	0.0000	0.0000	inf	0.0000	0.0000	0.0000	31.2782	0.0000	23.9277	0.0000	0.0000	0.0000	0.0000	0.0000	0.0000	0.0000	0.0000	0.0000	0.0000	0.0000	0.0000	0.0000	0.0000	0.0000	0.0000	0.0000	0.0000	0.0000	0.0000	0.0000	0.0000	0.0000	0.0000	0.0000	0.0000	0.0000	0.0000	0.0000	0.0000	0.0000	0.0000	0.0000	0.0000	0.0000	0.0000	0.0000	0.0000	0.0000	0.0000	0.0000	0.0000	0.0000	0.0000	0.0000	0.0005	0.0000	0.0017	0.0000	0.0000	0.0000	0.0000	0.0000	0.0000								
59	118	0.6411	13	0	0	1	2	0	0	0	0	N	N	N	Y	N	N	N	N	N	N	N	N	0.0000	0.0000	0.0000	0.0000	0.0000	0.0000	0.0000	0.0000	0.0000	0.0000	0.0000	0.0000	0.0000	0.0000	0.0000	0.0000	0.0000	0.0000	0.0000	0.0000	0.0000	3.8827	0.0000	2.9998	0.0000	0.0000	0.0000	0.0000	0.0000	0.0000	0.0000	0.0000	0.0000	0.0000	0.0000	0.0000	0.0000	0.0000	0.0000	0.0000	0.0000	0.0000	0.0000	0.0000	0.0000	0.0000	0.0000	0.0000	0.0000	0.0000	0.0000	0.0000	0.0000	0.0000	0.0000	0.0000	0.0000	0.0000	0.0000	0.0000	0.0000	0.0000	0.0000	0.0000	0.0000	0.0000	0.0000	0.0000	0.0000	0.0000	0.0000	0.0000	0.0000	0.0000	0.0000	0.0000	0.0000	0.0000											
59	119	0.6382	12	0	0	0	2	0	0	0	0	N	N	N	Y	N	N	N	N	N	N	N	N	0.0000	0.0000	0.0000	0.0000	0.0000	0.0000	0.0000	0.0000	0.0000	0.0000	0.0000	0.0000	0.0000	0.0000	0.0000	0.0000	0.0000	0.0000	0.0000	0.0000	0.0000	2.8083	0.0000	0.0030	0.0000	0.0000	0.0000	0.0000	0.0000	0.0000	0.0000	0.0000	0.0000	0.0000	0.0000	0.0000	0.0000	0.0000	0.0000	0.0000	0.0000	0.0000	0.0000	0.0000	0.0000	0.0000	0.0000	0.0000	0.0000	0.0000	0.0000	0.0000	0.0000	0.0000	0.0000	0.0000	0.0000	0.0000	0.0000	0.0000	0.0000	0.0000	0.0000	0.0000	0.0000	0.0000	0.0000	0.0000	0.0000	0.0000	0.0000	0.0000	0.0000	0.0000	0.0000	0.0000	0.0000	0.0000											
59	120	0.6382	12	0	0	1	2	0	0	0	0	N	N	N	Y	N	N	N	N	N	N	N	N	0.0000	0.0000	0.0000	0.0000	0.0000	0.0000	0.0000	0.0000	0.0000	0.0000	0.0000	0.0000	0.0000	0.0000	0.0000	0.0000	0.0000	0.0000	0.0000	0.0000	0.0000	9.6158	0.0000	0.0030	0.0000	0.0000	0.0000	0.0000	0.0000	0.0000	0.0000	0.0000	0.0000	0.0000	0.0000	0.0000	0.0000	0.0000	0.0000	0.0000	0.0000	0.0000	0.0000	0.0000	0.0000	0.0000	0.0000	0.0000	0.0000	0.0000	0.0000	0.0000	0.0000	0.0000	0.0000	0.0000	0.0000	0.0000	0.0000	0.0000	0.0000	0.0000	0.0000	0.0000	0.0000	0.0000	0.0000	0.0000	0.0000	0.0000	0.0000	0.0000	0.0000	0.0000	0.0000	0.0000	0.0000	0.0000											
59	121	0.6286	11	0	0	0	2	0	0	0	0	N	N	N	Y	N	N	N	N	N	N	N	N	0.0000	0.0000	0.0000	0.0000	0.0000	0.0000	0.0000	0.0000	0.0000	0.0000	0.0000	0.0000	0.0000	0.0000	0.0000	0.0000	0.0000	0.0000	0.0000	0.0000	0.0000	4.2457	0.0000	2.0144	0.0000	0.0000	0.0000	0.0000	0.0000	0.0000	0.0000	0.0000	0.0000	0.0000	0.0000	0.0000	0.0000	0.0000	0.0000	0.0000	0.0000	0.0000	0.0000	0.0000	0.0000	0.0000	0.0000	0.0000	0.0000	0.0000	0.0000	0.0000	0.0000	0.0000	0.0000	0.0000	0.0000	0.0000	0.0000	0.0000	0.0000	0.0000	0.0000	0.0000	0.0000	0.0000	0.0000	0.0000	0.0000	0.0000	0.0000	0.0000	0.0000	0.0000	0.0000	0.0000	0.0000	0.0000											
59	122	0.5864	10	0	0	0	2	0	0	0	0	N	N	N	Y	N	N	N	N	N	N	N	N	0.0000	0.0000	0.0000	0.0000	0.0000	0.0000	0.0000	0.0000	0.0000	0.0000	0.0000	0.0000	0.0000	0.0000	0.0000	0.0000	0.0000	0.0000	0.0000	0.0000	0.0000	11.9190	0.0000	13.1740	0.0000	0.0000	0.0000	0.0000	0.0000	0.0000	0.0000	0.0000	0.0000	0.0000	0.0000	0.0000	0.0000	0.0000	0.0000	0.0000	0.0000	0.0000	0.0000	0.0000	0.0000	0.0000	0.0000	0.0000	0.0000	0.0000	0.0000	0.0000	0.0000	0.0000	0.0000	0.0000	0.0000	0.0000	0.0000	0.0000	0.0000	0.0000	0.0000	0.0000	0.0000	0.0000	0.0000	0.0000	0.0000	0.0000	0.0000	0.0000	0.0000	0.0000	0.0000	0.0000	0.0000	0.0000											
59	123	0.2018	8	0	0	1	2	0	0	0	0	N	N	N	Y	N	N	N	N	N	N	N	N	0.0000	0.0000	0.0000	0.0000	0.0000	0.0000	0.0000	0.0000	0.0000	0.0000	0.0000	0.0000	0.0000	0.0000	0.0000	0.0000	0.0000	0.0000	-0.0000	0.0000	0.0000	12.8936	0.0000	4.1514	0.0000	0.0000	0.0000	0.0000	0.0000	0.0000	0.0000	0.0000	0.0000	0.0000	0.0000	0.0000	0.0000	0.0000	0.0000	0.0000	0.0000	0.0000	0.0000	0.0000	0.0000	0.0000	0.0000	0.0000	0.0000	0.0000	0.0000	0.0000	0.0000	0.0000	0.0000	0.0000	0.0000	0.0000	0.0000	0.0000	0.0000	0.0000	0.0000	0.0000	0.0000	0.0000	0.0000	0.0000	0.0000	0.0000	0.0000	0.0000	0.0000	0.0000	0.0000	0.0000	0.0000	0.0000											
59	124	0.6017	11	0	1	0	1	0	0	0	0	N	N	N	N	N	N	N	N	N	N	N	N	0.0000	0.0000	0.0000	0.0000	0.0000	0.0000	0.0000	0.0000	0.0000	0.0000	0.0000	0.0000	0.0000	0.0000	0.0000	0.0000	0.0000	0.0000	0.0000	0.0000	0.0000	12.7386	0.0000	8.7370	0.0000	0.0000	0.0000	0.0000	0.0000	0.0000	0.0000	0.0000	0.0000	0.0000	0.0000	0.0000	0.0000	0.0000	0.0000	0.0000	0.0000	0.0000	0.0000	0.0000	0.0000	0.0000	0.0000	0.0000	0.0000	0.0000	0.0000	0.0000	0.0000	0.0000	0.0000	0.0000	0.0000	0.0000	0.0000	0.0000	0.0000	0.0000	0.0000	0.0000	0.0000	0.0000	0.0000	0.0000	0.0000	0.0000	0.0000	0.0000	0.0000	0.0000	0.0000	0.0000	0.0000	0.0000											
59	125	0.5864	10	0	1	0	1	0	0	0	0	N	N	N	N	N	N	N	N	N	N	N	N	0.0000	0.0000	0.0000	0.0000	0.0000	0.0000	0.0000	0.0000	0.0000	0.0000	0.0000	0.0000	0.0000	0.0000	0.0000	0.0000	0.0000	0.0000	0.0000	0.0000	0.0000	8.6431	0.0000	1.4782	0.0000	0.0000	0.0000	0.0000	0.0000	0.0000	0.0000	0.0000	0.0000	0.0000	0.0000	0.0000	0.0000	0.0000	0.0000	0.0000	0.0000	0.0000	0.0000	0.0000	0.0000	0.0000	0.0000	0.0000	0.0000	0.0000	0.0000	0.0000	0.0000	0.0000	0.0000	0.0000	0.0000	0.0000	0.0000	0.0000	0.0000	0.0000	0.0000	0.0000	0.0000	0.0000	0.0000	0.0000	0.0000	0.0000	0.0000	0.0000	0.0000	0.0000	0.0000	0.0000	0.0000	0.0000											
59	126	0.5769	9	0	0	0	1	0	0	0	0	N	N	N	N	N	N	N	N	N	N	N	N	0.0000	0.0000	0.0000	0.0000	0.0000	0.0000	0.0000	0.0000	0.0000	0.0000	0.0000	0.0000	0.0000	0.0000	0.0000	0.0000	0.0000	0.0000	0.0000	0.0000	0.0000	4.1618	0.0000	2.0491	0.0000	0.0000	0.0000	0.0000	0.0000	0.0000	0.0000	0.0000	0.0000	0.0000	0.0000	0.0000	0.0000	0.0000	0.0000	0.0000	0.0000	0.0000	0.0000	0.0000	0.0000	0.0000	0.0000	0.0000	0.0000	0.0000	0.0000	0.0000	0.0000	0.0000	0.0000	0.0000	0.0000	0.0000	0.0000	0.0000	0.0000	0.0000	0.0000	0.0000	0.0000	0.0000	0.0000	0.0000	0.0000	0.0000	0.0000	0.0000	0.0000	0.0000	0.0000	0.0000	0.0000	0.0000											
59	127	0.5477	8	0	0	0	1	0	0	0	0	N	N	N	N	N	N	N	N	N	N	N	N	0.0000	0.0000	0.0000	0.0000	0.0000	0.0000	0.0000	0.0000	0.0000	0.0000	0.0000	0.0000	0.0000	0.0000	0.0000	0.0000	0.0000	0.0000	0.0000	0.0000	0.0000	9.4810	0.0000	7.4917	0.0000	0.0000	0.0000	0.0000	0.0000	0.0000	0.0000	0.0000	0.0000	0.0000	0.0000	0.0000	0.0000	0.0000	0.0000	0.0000	0.0000	0.0000	0.0000	0.0000	0.0000	0.0000	0.0000	0.0000	0.0000	0.0000	0.0000	0.0000	0.0000	0.0000	0.0000	0.0000	0.0000	0.0000	0.0000	0.0000	0.0000	0.0000	0.0000	0.0000	0.0000	0.0000	0.0000	0.0000	0.0000	0.0000	0.0000	0.0000	0.0000	0.0000	0.0000	0.0000	0.0000	0.0000											
59	128	0.2140	9	1	1	0	1	0	0	0	0	N	N	N	N	N	N	N	N	N	N	N	N	inf	inf	inf	inf	0.0024	0.0000	0.0192	0.0000	0.0000	0.0000	0.0037	0.0000	0.0198	0.0000	0.0000	0.0000	0.0000	0.0000	0.0000	0.0000	0.0000	0.0000	inf	0.0000	0.0000	0.0000	2.0107	0.0000	1.9995	0.0000	0.0000	0.0000	0.0000	0.0000	0.0000	0.0000	0.0000	0.0000	0.0000	0.0000	0.0000	0.0000	0.0000	0.0000	0.0000	0.0000	0.0000	0.0000	0.0000	0.0000	0.0000	0.0000	0.0000	0.0000	0.0000	0.0000	0.0000	0.0000	0.0000	0.0000	0.0000	0.0000	0.0000	0.0000	0.0000	inf	0.0000	inf	0.0000	0.0000	0.0000	inf	0.0000	inf	0.0000	0.0000	0.0000	0.0000	0.0000	0.0000	0.0000	0.0000	0.0000						
59	129	0.2018	8	1	1	0	1	0	0	0	0	N	N	N	N	N	N	N	N	N	N	N	N	inf	inf	inf	inf	4.4882	0.0000	46.1054	0.0000	0.0000	0.0000	7.2809	0.0000	48.0855	0.0000	0.0000	0.0000	0.0000	0.0000	0.0000	0.0000	0.0000	0.0000	inf	0.0000	0.0000	0.0000	5.6459	0.0000	1.1399	0.0000	0.0000	0.0000	0.0000	0.0000	0.0000	0.0000	0.0000	0.0000	0.0000	0.0000	0.0000	0.0000	0.0000	0.0000	0.0000	0.0000	0.0000	0.0000	0.0000	0.0000	0.0000	0.0000	0.0000	0.0000	0.0000	0.0000	0.0000	0.0000	0.0000	0.0000	0.0000	0.0000	0.0000	0.0000	0.0000	inf	0.0000	inf	0.0000	0.0000	0.0000	inf	0.0000	inf	0.0000	0.0000	0.0000	0.0000	0.0000	0.0000	0.0000	0.0000	0.0000						
59	130	0.1715	7	0	0	0	1	0	0	0	0	N	N	N	N	N	N	N	N	N	N	N	N	0.0000	0.0000	0.0000	0.0000	0.0000	0.0000	0.0000	0.0000	0.0000	0.0000	0.0000	0.0000	0.0000	0.0000	0.0000	0.0000	0.0000	0.0000	0.0000	-0.0000	0.0000	11.6079	0.0000	5.3766	0.0000	0.0000	0.0000	0.0000	0.0000	0.0000	0.0000	0.0000	0.0000	0.0000	0.0000	0.0000	0.0000	0.0000	0.0000	0.0000	0.0000	0.0000	0.0000	0.0000	0.0000	0.0000	0.0000	0.0000	0.0000	0.0000	0.0000	0.0000	0.0000	0.0000	0.0000	0.0000	0.0000	0.0000	0.0000	0.0000	0.0000	0.0000	0.0000	0.0000	0.0000	0.0000	0.0000	0.0000	0.0000	0.0000	0.0000	0.0000	0.0000	0.0000	0.0000	0.0000	0.0000	0.0000											
59	131	0.1536	6	0	0	0	1	0	0	0	0	N	N	N	N	N	N	N	N	N	N	N	N	inf	inf	inf	inf	0.0021	0.0024	0.0000	0.0057	0.0058	0.0000	0.0000	0.0000	0.0000	0.0000	0.0000	0.0000	0.0000	0.0000	0.0000	0.0000	0.0000	0.0000	0.0000	-0.0000	-0.0000	0.0000	3.9355	0.0000	8.7078	0.0000	0.0000	0.0000	0.0000	0.0000	0.0000	0.0000	0.0000	0.0000	0.0000	0.0000	0.0000	0.0000	0.0000	0.0000	0.0000	0.0000	0.0000	0.0000	0.0000	0.0000	0.0000	0.0000	0.0000	0.0000	0.0000	0.0000	0.0000	0.0000	0.0000	0.0000	0.0000	0.0000	0.0000	0.0000	0.0000	inf	inf	0.0000	inf	inf	0.0000	0.0000	0.0000	0.0000	0.0000	0.0000	0.0000	0.0000	0.0000	0.0000	0.0000	0.0000	0.0000						
59	132	0.1420	5	0	0	0	1	0	0	0	0	N	N	N	N	N	N	N	N	N	N	N	N	0.4540	0.3034	0.0000	0.0000	inf	inf	0.0016	0.0017	0.0000	0.0000	0.0000	0.0000	0.0021	0.0025	0.0000	0.0034	0.0058	0.0000	0.0031	0.0045	0.0000	0.0000	0.0000	0.0000	0.0000	0.0000	-0.0000	-0.0000	0.0000	6.2657	0.0000	3.9760	0.0000	0.0000	0.0000	0.0000	0.0000	0.0000	0.0000	0.0000	0.0000	0.0000	0.0000	0.0000	0.0000	0.0000	0.0000	0.0000	0.0000	0.0000	0.0000	0.0000	0.0000	0.0000	0.0000	0.0000	0.0000	0.0000	0.0000	0.0000	0.0000	0.0000	0.0000	0.0000	0.0000	0.0000	0.0000	0.0000	1.0838	0.8926	0.0000	0.0000	0.0000	0.0000	inf	inf	0.0000	0.0014	0.0020	0.0000	0.0031	0.0040	0.0000	0.0000	0.0000	0.0000			
60	61	0.5273	9	0	1	1	1	0	0	0	0	N	N	N	N	N	N	N	N	N	N	N	N	0.0038	0.0026	0.0003	0.0030	0.0027	0.0005	0.1241	2.0872	0.0002	0.0130	0.0145	0.0000	0.0335	0.0350	0.0000	0.0007	0.0008	0.0000	3.3934	5.6312	0.0030	10.9779	12.7426	0.0058	0.0055	0.0004	0.0027	0.0000	0.0004	-0.0038	-0.6248	19.3360	14.2360	7.9957	11.9336	0.0132	0.0132	0.0000	0.0128	0.0128	0.0000	0.0004	0.0004	0.0000	0.9949	0.9945	0.0003	0.9946	0.9945	0.0001	0.0003	0.0000	0.0003	1.0186	0.9137	0.1049	0.3826	0.3655	0.0171	0.6360	0.5482	0.0879	0.2932	0.1766	0.1166	0.0906	0.0780	0.0126	0.2026	0.0986	0.1040	0.0038	0.0026	0.0003	0.0030	0.0027	0.0005	0.4965	489.3993	0.0002	3.3934	5.6312	0.0030	10.9779	12.7426	0.0058	0.0014	0.0000	0.0027
60	62	0.6358	11	1	0	1	1	0	0	0	0	N	N	N	N	N	N	N	N	N	N	N	N	90.6805	62.6945	0.0619	7.2105	7.1733	0.0262	794.8176	6741.8047	0.0914	0.5129	0.5697	0.0001	0.0619	0.0646	0.0002	0.7884	0.9115	0.0001	0.0057	0.0091	0.0012	0.0086	0.0090	0.0058	0.0010	0.0001	0.0006	0.0000	0.2874	-0.3008	-0.0004	19.3360	28.8660	7.9957	13.2209	1.0476	1.0475	0.0000	0.0479	0.0479	0.0000	0.9996	0.9996	0.0000	0.0010	0.0007	0.0002	0.0009	0.0007	0.0001	0.0001	0.0000	0.0001	2.0425	1.8386	0.2038	0.7745	0.7419	0.0326	1.2680	1.0967	0.1713	0.4474	0.2682	0.1792	0.1339	0.1147	0.0191	0.3136	0.1535	0.1601	240.5340	206.2007	0.0619	9.7307	10.0001	0.0262	2400.6389	2097065.1895	0.0914	0.0021	0.0028	0.0012	0.0064	0.0065	0.0058	0.0003	0.0000	0.0006
60	63	0.6331	10	1	1	0	1	0	0	0	0	N	N	N	N	N	N	N	N	N	N	N	N	3.7144	27272.6214	0.0000	0.0284	136.2580	0.0000	9.9647	21394.3972	0.0005	2.6046	2.9109	0.0000	0.0273	0.0288	0.0000	3.8729	4.4664	0.0001	0.7012	0.0001	1.4837	0.9616	0.0002	11.5136	0.3887	0.0002	0.1120	0.0000	1272.0292	-0.2707	0.0054	19.3360	5.0237	7.9957	8.0282	0.9429	0.9429	0.0000	0.0033	0.0033	0.0000	0.9396	0.9396	0.0000	0.0146	0.0000	0.0145	0.0117	0.0000	0.0117	0.0028	0.0000	0.0028	0.3620	0.3239	0.0381	0.1194	0.1135	0.0059	0.2426	0.2104	0.0322	0.1831	0.1071	0.0759	0.0619	0.0540	0.0078	0.1212	0.0531	0.0681	32.7538	27272.6214	0.0003	0.1440	136.2580	0.0000	166.7733	6218218.6396	0.0013	0.0795	0.0001	0.1916	0.1898	0.0002	1.4950	0.0232	0.0000	0.0413
60	64	0.5701	9	1	1	0	1	0	0	0	0	N	N	N	N	N	N	N	N	N	N	N	N	0.0005	0.0021	0.0001	0.0000	0.0000	0.0004	0.0005	0.0393	0.0001	0.0012	0.0012	0.0007	0.0000	0.0000	0.0000	0.0017	0.0018	0.0008	2.3666	0.5956	10.7354	0.5665	0.6408	0.0136	3.2210	0.0469	12.5520	0.0674	81.1044	-0.0003	0.3622	19.3360	17.5893	7.9957	19.0270	0.0015	0.0014	0.0001	0.0000	0.0000	0.0000	0.0015	0.0014	0.0001	1.0076	0.0123	0.9953	0.0123	0.0121	0.0003	0.9953	0.0002	0.9951	1.2589	1.1267	0.1321	0.3904	0.3715	0.0189	0.8684	0.7552	0.1132	0.4258	0.2551	0.1707	0.1168	0.0984	0.0184	0.3090	0.1567	0.1523	0.0005	0.0258	0.0001	0.0002	0.0002	0.0004	0.0005	1.5235	0.0001	2.3666	0.0481	5.8313	0.1056	0.1228	0.0136	3.2210	0.0012	6.5334
60	65	0.5638	8	0	1	0	1	0	0	0	0	N	N	N	N	N	N	N	N	N	N	N	N	0.0034	0.0363	0.0028	0.1569	0.1412	1.0918	0.0001	0.0000	0.0013	0.0007	0.0008	0.0006	0.0021	0.0020	0.0028	0.0000	0.0000	0.0002	0.2171	0.0209	0.2010	0.0131	0.0144	0.0026	0.3417	0.0455	0.1840	0.0810	3.4772	-0.0000	0.0003	19.3360	1.7566	7.9957	2.8742	0.0001	0.0001	0.0000	0.0001	0.0001	0.0000	0.0000	0.0000	0.0000	0.0017	0.0004	0.0013	0.0003	0.0003	0.0000	0.0014	0.0001	0.0013	0.1586	0.1432	0.0154	0.0554	0.0534	0.0020	0.1032	0.0898	0.0134	0.1044	0.0789	0.0255	0.0389	0.0365	0.0024	0.0655	0.0425	0.0231	0.0454	0.1574	0.0110	0.2386	0.2248	1.0918	0.0015	0.0001	0.0041	0.0163	0.0048	0.0518	0.0086	0.0090	0.0026	0.0208	0.0012	0.0570
60	66	0.5273	9	0	1	0	1	0	0	0	0	N	N	N	N	N	N	N	N	N	N	N	N	3.5114	45.4411	0.0010	1.7835	2.5829	0.0005	3.7152	8.0765	0.0014	0.6556	0.7307	0.0001	0.0227	0.0238	0.0000	1.0226	1.1831	0.0001	0.1867	0.0161	0.0816	0.0127	0.0092	0.0205	0.2753	0.1465	0.0706	0.0000	5.0555	-0.2747	0.0011	19.3360	21.1811	7.9957	10.1862	0.9566	0.9566	0.0000	0.0121	0.0121	0.0000	0.9445	0.9444	0.0000	0.0052	0.0009	0.0043	0.0009	0.0006	0.0003	0.0043	0.0003	0.0040	1.4591	1.3092	0.1499	0.5356	0.5109	0.0247	0.9236	0.7983	0.1253	0.3459	0.2084	0.1375	0.1064	0.0915	0.0149	0.2395	0.1169	0.1226	43.7732	177.9784	0.0026	2.6782	3.6508	0.0005	57.2332	532.8469	0.0030	0.0150	0.0041	0.0315	0.0085	0.0065	0.0205	0.0179	0.0022	0.0328
60	67	0.5135	8	0	1	0	1	0	0	0	0	N	N	N	N	N	N	N	N	N	N	N	N	1.2168	0.9838	0.8344	1.5609	1.4803	0.0265	80.4065	39.9010	0.9863	0.6723	0.7373	0.0003	1.3066	1.3642	0.0000	0.0513	0.0591	0.0004	0.5525	0.7495	0.0004	0.8371	0.9216	0.0000	0.0006	0.0015	0.0004	0.0000	0.0033	-0.1293	-0.0028	19.3360	7.4253	7.9957	0.9851	0.4503	0.4503	0.0000	0.4329	0.4329	0.0000	0.0174	0.0173	0.0000	0.0045	0.0045	0.0000	0.0045	0.0045	0.0000	0.0000	0.0000	0.0000	0.6698	0.6107	0.0591	0.3313	0.3173	0.0140	0.3384	0.2934	0.0451	0.0948	0.0567	0.0381	0.0285	0.0244	0.0041	0.0663	0.0323	0.0340	14.2542	9.3769	0.8344	8.3582	7.4637	0.0265	223.0442	2380.3035	0.9863	0.0472	0.0786	0.0004	0.1563	0.1828	0.0000	0.0002	0.0000	0.0004
60	68	0.7168	11	0	0	1	1	0	0	0	0	N	N	N	N	N	N	N	N	N	N	N	N	6.9559	4.7387	40.9460	0.1974	0.1748	0.4628	5746.4495	362.8952	404.9809	2.0996	2.3336	0.0093	0.0390	0.0414	0.0006	3.6452	4.1982	0.0121	0.3018	0.4925	0.0002	0.1977	0.2371	0.0013	0.0006	0.0116	0.0000	0.0004	0.0041	-0.7530	-0.0036	19.3360	15.0354	7.9957	6.2061	2.6266	2.6254	0.0012	0.0209	0.0209	0.0000	2.6056	2.6045	0.0011	0.0058	0.0058	0.0000	0.0058	0.0058	0.0000	0.0000	0.0000	0.0000	1.2510	1.1250	0.1259	0.5362	0.5047	0.0315	0.7148	0.6204	0.0944	0.2869	0.1810	0.1059	0.1152	0.0989	0.0162	0.1718	0.0821	0.0896	103.3591	72.7791	40.9460	0.7765	0.7106	0.4628	16025.9656	9475.8732	404.9809	0.0203	0.0321	0.0002	0.0503	0.0583	0.0013	0.0002	0.0004	0.0000
60	69	0.6487	10	0	0	0	1	0	0	0	0	N	N	N	N	N	N	N	N	N	N	N	N	0.9767	82.5428	0.9568	103.0544	100.5891	8.9655	0.4710	48.4828	1.0939	0.1649	0.1735	0.0872	0.1897	0.2006	0.0099	0.1484	0.1541	0.1097	0.1688	0.0021	0.0911	0.0018	0.0020	0.0011	0.3150	0.0032	0.1003	0.0559	24.3449	-0.0817	0.0020	19.3360	27.6811	7.9957	13.1592	0.3490	0.3306	0.0185	0.1602	0.1597	0.0005	0.1889	0.1709	0.0180	0.0060	0.0002	0.0057	0.0002	0.0002	0.0000	0.0057	0.0000	0.0057	2.1171	1.9051	0.2120	0.8441	0.7961	0.0480	1.2730	1.1090	0.1640	0.4235	0.2557	0.1679	0.1346	0.1114	0.0232	0.2890	0.1443	0.1447	11.6840	188.1448	2.5484	103.0544	100.5891	8.9655	7.4841	1626.6708	2.7780	0.0141	0.0009	0.0342	0.0018	0.0020	0.0011	0.0198	0.0001	0.0395
60	70	0.6139	9	0	0	0	1	0	0	0	0	N	N	N	N	N	N	N	N	N	N	N	N	126.0459	32.1718	3206.7007	90.6151	40.0332	1604.4142	289.0082	24.4610	3792.6360	0.6541	0.2477	4.1743	0.4520	0.2132	4.9508	0.7854	0.2725	3.9899	0.0052	0.0077	0.0013	0.0050	0.0053	0.0031	0.0027	0.0111	0.0011	1.9450	0.3294	0.4211	-0.0002	19.3360	19.6565	7.9957	4.0504	1.1280	0.3830	0.7450	0.3071	0.1375	0.1695	0.8209	0.2455	0.5754	0.0006	0.0005	0.0002	0.0005	0.0004	0.0000	0.0002	0.0000	0.0001	1.7245	1.5460	0.1785	0.6793	0.6451	0.0342	1.0451	0.9009	0.1442	0.3208	0.1997	0.1211	0.1117	0.0968	0.0149	0.2091	0.1029	0.1062	329.8592	103.3965	3206.7007	105.1682	47.5405	1604.4142	1052.1453	632.0162	3792.6360	0.0020	0.0024	0.0013	0.0043	0.0045	0.0031	0.0007	0.0004	0.0011
60	71	0.5166	9	1	1	0	1	0	0	0	0	N	N	N	N	N	N	N	N	N	N	N	N	2.8012	4.2708	0.0970	11.3959	10.7868	0.4435	0.1364	inf	0.0746	0.0121	0.0134	0.0002	0.0295	0.0310	0.0004	0.0007	0.0008	0.0002	0.0043	0.0031	0.0024	0.0026	0.0029	0.0009	0.0053	0.0000	0.0026	0.0019	1.3161	-0.0044	-0.0000	19.3360	17.5448	7.9957	6.0013	0.0155	0.0155	0.0000	0.0149	0.0149	0.0000	0.0006	0.0005	0.0000	0.0004	0.0002	0.0002	0.0002	0.0002	0.0000	0.0002	0.0000	0.0002	1.2846	1.1565	0.1281	0.5061	0.4810	0.0250	0.7785	0.6754	0.1031	0.2577	0.1542	0.1035	0.0773	0.0661	0.0112	0.1804	0.0881	0.0923	7.0641	10.8523	0.0970	11.3959	10.7868	0.4435	0.5477	inf	0.0746	0.0017	0.0012	0.0024	0.0026	0.0029	0.0009	0.0013	0.0000	0.0026
60	72	0.5851	12	1	1	1	1	0	0	0	0	N	N	N	N	N	N	N	N	N	N	N	N	229.1880	163.3701	0.0000	321.7832	321.5284	0.0000	0.0519	0.2015	0.0000	0.0470	0.0528	0.0000	0.1431	0.1501	0.0000	0.0000	0.0000	0.0000	0.0002	0.0003	0.0001	0.0004	0.0005	0.0000	0.0001	0.0000	0.0001	0.0000	0.0933	-0.0017	-0.0000	19.3360	1.8980	7.9957	2.9698	0.0059	0.0059	0.0000	0.0059	0.0059	0.0000	0.0000	0.0000	0.0000	0.0000	0.0000	0.0000	0.0000	0.0000	0.0000	0.0000	0.0000	0.0000	0.1251	0.1115	0.0135	0.0411	0.0392	0.0019	0.0840	0.0723	0.0116	0.1062	0.0753	0.0309	0.0449	0.0427	0.0022	0.0613	0.0326	0.0287	229.1880	199.3243	0.0000	321.7832	321.5284	0.0000	0.1193	74.5742	0.0000	0.0002	0.0003	0.0001	0.0004	0.0005	0.0000	0.0000	0.0000	0.0001
60	73	0.5655	11	1	0	1	1	0	0	0	0	N	N	N	N	N	N	N	N	N	N	N	N	0.0042	0.0032	0.0000	0.0009	0.0008	0.0015	0.0264	0.0432	0.0000	0.0223	0.0244	0.0000	0.0122	0.0127	0.0001	0.0354	0.0412	0.0000	5.3568	7.5407	3.9838	14.2417	16.0429	0.0604	1.3388	0.9535	4.2748	0.0002	0.0996	-0.0026	-0.3101	19.3360	3.5853	7.9957	4.3819	0.0089	0.0089	0.0000	0.0028	0.0028	0.0000	0.0062	0.0062	0.0000	0.5766	0.5244	0.0522	0.5232	0.5231	0.0002	0.0534	0.0013	0.0521	0.4011	0.3663	0.0348	0.2267	0.2167	0.0100	0.1745	0.1496	0.0248	0.1076	0.0695	0.0381	0.0367	0.0326	0.0041	0.0709	0.0369	0.0340	0.0042	0.0032	0.0000	0.0009	0.0008	0.0020	0.0470	1.1660	0.0000	5.3568	7.5407	1.3712	14.2417	16.0429	0.0457	0.7527	0.0354	1.5326
60	74	0.5340	10	1	0	1	1	0	0	0	0	N	N	N	N	N	N	N	N	N	N	N	N	0.0138	0.0030	0.0339	0.0033	0.0033	0.0328	0.0175	0.0564	0.0387	0.0179	0.0045	0.1341	0.0091	0.0095	0.0019	0.0232	0.0011	0.1643	1.2967	1.4798	3.9587	2.7226	2.8588	0.0594	1.3298	0.0193	4.2454	3.4513	1.0140	0.0079	-0.0288	19.3360	12.3589	7.9957	7.3592	0.0161	0.0036	0.0125	0.0031	0.0031	0.0000	0.0130	0.0005	0.0125	0.2304	0.1144	0.1160	0.1148	0.1144	0.0005	0.1156	0.0001	0.1156	0.9031	0.8099	0.0932	0.3437	0.3264	0.0173	0.5594	0.4835	0.0759	0.2337	0.1462	0.0875	0.0767	0.0666	0.0101	0.1570	0.0796	0.0774	0.0181	0.0057	0.1011	0.0061	0.0055	0.0434	0.0315	1.6172	0.1101	0.9859	0.7823	1.3262	1.4969	1.7159	0.0449	0.7363	0.0007	1.4925
60	75	0.5166	9	1	0	1	1	0	0	0	0	N	N	N	N	N	N	N	N	N	N	N	N	0.8791	0.0111	1784.1854	0.0107	0.0101	25.4223	167.1460	2.0773	2774.5315	1.1715	0.0206	11.8423	0.0439	0.0439	0.0435	2.0227	0.0014	15.1646	1.3326	1.8523	0.0066	4.0984	4.3620	0.0017	0.0121	0.0007	0.0055	61.8902	0.0017	0.6598	-0.0838	19.3360	10.2127	7.9957	1.0234	0.9467	0.0151	0.9317	0.0152	0.0145	0.0008	0.9315	0.0006	0.9309	0.1337	0.1335	0.0002	0.1335	0.1335	0.0000	0.0002	0.0000	0.0002	0.8081	0.7294	0.0787	0.3476	0.3303	0.0173	0.4605	0.3991	0.0614	0.1261	0.0754	0.0507	0.0379	0.0324	0.0055	0.0882	0.0430	0.0452	1.1049	0.0117	2630.7973	0.0125	0.0107	25.4223	814.6894	317.0137	3133.0118	1.0603	1.7695	0.0045	3.5186	4.1131	0.0017	0.0025	0.0000	0.0048
60	76	0.5135	8	1	0	0	1	0	0	0	0	N	N	N	N	N	N	N	N	N	N	N	N	46.9617	10.8425	17381.3417	42.5937	35.8430	31.9869	157136.9898	2371.8538	26346.4600	1.0705	1.1594	0.0208	1.7406	1.8129	0.0001	0.1006	0.1116	0.0298	0.0228	0.1069	0.0000	0.0409	0.0506	0.0000	0.0000	0.0000	0.0000	0.0015	0.0001	-0.1278	-0.0002	19.3360	3.7027	7.9957	0.0091	0.4476	0.4469	0.0007	0.4304	0.4304	0.0000	0.0172	0.0165	0.0007	0.0003	0.0003	0.0000	0.0003	0.0003	0.0000	0.0000	0.0000	0.0000	0.4181	0.3855	0.0326	0.2473	0.2374	0.0099	0.1708	0.1481	0.0228	0.0422	0.0252	0.0170	0.0127	0.0109	0.0018	0.0295	0.0144	0.0151	180.7339	117.0248	17381.3417	88.4530	78.8089	31.9869	157136.9898	890455.8754	26346.4600	0.0059	0.0099	0.0000	0.0197	0.0230	0.0000	0.0000	0.0000	0.0000
60	77	0.4965	7	0	0	0	1	0	0	0	0	N	N	N	N	N	N	N	N	N	N	N	N	47.8010	29.0670	267.7902	91.3740	78.1487	1184.1810	44.7355	18.2371	232.1422	0.1176	0.1238	0.0623	0.2767	0.2853	0.0839	0.0148	0.0077	0.0581	0.0025	0.0043	0.0002	0.0030	0.0037	0.0001	0.0003	0.0004	0.0003	0.0573	0.0814	-0.0093	-0.0001	19.3360	3.8334	7.9957	6.1787	0.0398	0.0376	0.0022	0.0367	0.0362	0.0005	0.0030	0.0014	0.0017	0.0002	0.0001	0.0000	0.0001	0.0001	0.0000	0.0000	0.0000	0.0000	0.3382	0.3036	0.0346	0.1327	0.1271	0.0057	0.2055	0.1766	0.0289	0.1419	0.0914	0.0505	0.0478	0.0429	0.0049	0.0941	0.0485	0.0456	106.7890	78.3303	267.7902	91.3740	84.6972	1184.1810	120.7787	4178.1001	232.1422	0.0011	0.0016	0.0002	0.0030	0.0034	0.0001	0.0001	0.0000	0.0003
60	78	0.4574	6	0	0	0	1	0	0	0	0	N	N	N	N	N	N	N	N	N	N	N	N	115.2783	0.3968	2164.6580	3.7839	3.0570	9.9361	106.9332	0.0024	3243.3806	0.6414	0.0018	6.1204	0.0086	0.0045	0.0805	0.9619	0.0002	7.3590	0.0056	0.0044	0.0028	0.0023	0.0015	0.0081	0.0090	0.0937	0.0023	405.5756	1.1306	0.5734	-0.0001	19.3360	16.9094	7.9957	5.8161	0.8072	0.0020	0.8052	0.0036	0.0018	0.0018	0.8036	0.0002	0.8034	0.0007	0.0003	0.0004	0.0002	0.0001	0.0001	0.0004	0.0002	0.0003	1.2585	1.1269	0.1316	0.4231	0.4007	0.0224	0.8354	0.7262	0.1092	0.3181	0.1920	0.1260	0.1027	0.0906	0.0121	0.2154	0.1014	0.1140	303.7659	1.0732	2164.6580	3.7839	3.0570	9.9361	471.8691	0.1264	3243.3806	0.0021	0.0016	0.0028	0.0023	0.0015	0.0081	0.0020	0.0018	0.0023
60	79	0.5638	8	0	1	0	1	0	0	0	0	N	N	N	N	N	N	N	N	N	N	N	N	1.1536	0.4574	2.8231	3.0578	2.8167	2.1138	0.0083	0.0000	0.0868	0.1160	0.1291	0.0040	0.3717	0.3895	0.0274	0.0000	0.0000	0.0000	0.1005	0.2822	0.0014	0.1216	0.1383	0.0130	0.0001	0.0001	0.0001	0.0036	0.0514	-0.0550	-0.0032	19.3360	23.9173	7.9957	17.8091	0.1938	0.1931	0.0007	0.1938	0.1931	0.0007	0.0000	0.0000	0.0000	0.0056	0.0053	0.0003	0.0056	0.0053	0.0003	0.0000	0.0000	0.0000	1.6712	1.4965	0.1747	0.5215	0.4959	0.0255	1.1497	1.0006	0.1491	0.5044	0.3121	0.1923	0.1390	0.1194	0.0196	0.3654	0.1927	0.1726	10.4669	7.5772	2.8231	9.2774	8.7463	2.1138	0.0238	0.0000	0.0868	0.0111	0.0170	0.0014	0.0401	0.0445	0.0130	0.0001	0.0000	0.0001
60	80	0.5477	7	0	1	0	1	0	0	0	0	N	N	N	N	N	N	N	N	N	N	N	N	0.0107	0.0232	0.0004	0.0335	0.0735	0.0006	0.0000	0.0000	0.0000	0.0001	0.0001	0.0000	0.0002	0.0002	0.0000	0.0000	0.0000	0.0000	0.0049	0.0025	0.0046	0.0050	0.0024	0.0210	0.0021	0.0001	0.0016	0.0040	1.5927	-0.0000	-0.0000	19.3360	6.1279	7.9957	3.6878	0.0000	0.0000	0.0000	0.0000	0.0000	0.0000	0.0000	0.0000	0.0000	0.0003	0.0001	0.0002	0.0002	0.0001	0.0001	0.0001	0.0000	0.0001	0.4383	0.3916	0.0468	0.1357	0.1289	0.0068	0.3026	0.2627	0.0399	0.1603	0.1108	0.0495	0.0539	0.0483	0.0056	0.1064	0.0625	0.0439	0.0278	0.0555	0.0005	0.0390	0.0735	0.0006	0.0000	0.0000	0.0000	0.0019	0.0010	0.0037	0.0043	0.0024	0.0210	0.0006	0.0000	0.0016
60	81	0.6358	11	1	0	1	1	0	0	0	0	N	N	N	N	N	N	N	N	N	N	N	N	0.5257	0.3501	0.0024	0.0777	0.0695	0.0036	110.3197	4.5127	0.0014	1.2285	1.3646	0.0000	0.6057	0.6321	0.0000	1.6118	1.8643	0.0000	2.3370	3.8977	0.0000	7.7969	9.0927	0.0001	0.0146	0.4131	0.0000	0.0000	0.0000	-0.6917	-0.6273	19.3360	27.2690	7.9957	12.3406	2.4090	2.4090	0.0000	0.4526	0.4526	0.0000	1.9564	1.9564	0.0000	0.9983	0.9983	0.0000	0.9975	0.9975	0.0000	0.0009	0.0008	0.0000	1.9610	1.7653	0.1956	0.7472	0.7159	0.0313	1.2138	1.0494	0.1644	0.4272	0.2561	0.1711	0.1279	0.1097	0.0182	0.2993	0.1464	0.1528	0.5257	0.3501	0.0024	0.0777	0.0695	0.0036	564.8329	321.3372	0.0014	2.3370	3.8977	0.0000	7.7969	9.0927	0.0001	0.0029	0.0058	0.0000
60	82	0.6205	10	0	0	0	1	0	0	0	0	N	N	N	N	N	N	N	N	N	N	N	N	9.1228	20.6495	0.0901	56.4690	47.2785	81.2363	0.2490	4.7207	0.0428	0.1147	0.1262	0.0010	0.2607	0.2707	0.0036	0.0054	0.0062	0.0004	0.0126	0.0061	0.0109	0.0046	0.0057	0.0000	0.0219	0.0013	0.0102	0.0008	2.1923	-0.0242	0.0000	19.3360	9.0798	7.9957	0.9519	0.0846	0.0846	0.0001	0.0823	0.0823	0.0000	0.0023	0.0023	0.0000	0.0005	0.0001	0.0003	0.0001	0.0001	0.0000	0.0003	0.0000	0.0003	0.7382	0.6701	0.0681	0.3158	0.3040	0.0118	0.4224	0.3661	0.0563	0.1178	0.0707	0.0472	0.0356	0.0306	0.0051	0.0822	0.0401	0.0421	29.1893	61.5213	0.1452	64.3039	57.3883	81.2363	1.4063	311.4671	0.0580	0.0039	0.0021	0.0067	0.0041	0.0047	0.0000	0.0039	0.0000	0.0075
60	83	0.5477	7	0	1	0	1	0	0	0	0	N	N	N	N	N	N	N	N	N	N	N	N	183.6158	113.0328	1.9544	0.3118	0.2651	1.5353	403039.3109	inf	0.0000	0.6487	0.7252	0.0007	0.0020	0.0018	0.0049	0.9367	1.0770	0.0000	0.0035	0.0064	0.0004	0.0063	0.0068	0.0032	0.0000	0.0000	0.0000	0.0001	0.1038	-0.2704	-0.0003	19.3360	21.0000	7.9957	14.4214	0.9422	0.9421	0.0001	0.0009	0.0008	0.0001	0.9413	0.9413	0.0000	0.0006	0.0006	0.0001	0.0006	0.0006	0.0001	0.0000	0.0000	0.0000	1.4526	1.2992	0.1534	0.4476	0.4251	0.0225	1.0050	0.8740	0.1310	0.4413	0.2758	0.1656	0.1296	0.1108	0.0188	0.3117	0.1650	0.1467	443.4406	341.9419	1.9544	0.3951	0.3431	1.5353	403039.3109	inf	0.0000	0.0015	0.0021	0.0004	0.0050	0.0053	0.0032	0.0000	0.0000	0.0000
60	84	0.6054	11	0	0	1	1	0	0	0	0	N	N	N	N	N	N	N	N	N	N	N	N	40.1432	4992.7825	0.9193	121.0760	6530.7221	0.0792	2.3684	inf	5.9353	0.6731	0.7494	0.0211	2.0162	2.1237	0.0064	0.0214	0.0210	0.0239	0.0168	0.0002	0.0229	0.0167	0.0003	0.0804	0.0090	0.0000	0.0040	0.0033	53.1721	-0.2857	0.0006	19.3360	20.4085	7.9957	11.0867	1.0065	1.0032	0.0033	0.9850	0.9848	0.0002	0.0215	0.0184	0.0031	0.0018	0.0000	0.0018	0.0013	0.0000	0.0013	0.0005	0.0000	0.0005	1.4954	1.3386	0.1568	0.4885	0.4637	0.0248	1.0068	0.8749	0.1320	0.3696	0.2210	0.1486	0.1253	0.1020	0.0233	0.2442	0.1190	0.1253	138.4541	4992.7825	1.7774	194.6183	6530.7221	0.1176	10.4817	inf	5.9993	0.0049	0.0002	0.0119	0.0104	0.0003	0.0542	0.0020	0.0000	0.0040
60	85	0.6017	10	0	0	1	1	0	0	0	0	N	N	N	N	N	N	N	N	N	N	N	N	74.4091	205.6015	0.3819	315.6611	261.9967	0.2051	30.9760	3218.0380	0.4871	1.6294	1.8125	0.0078	1.8974	2.0038	0.0003	1.4281	1.6548	0.0100	0.0219	0.0088	0.0205	0.0060	0.0076	0.0013	0.0461	0.0005	0.0205	0.0005	2.5541	-0.1434	0.0000	19.3360	3.1287	7.9957	1.1816	0.5003	0.5001	0.0002	0.2498	0.2498	0.0000	0.2505	0.2502	0.0002	0.0003	0.0001	0.0002	0.0001	0.0001	0.0000	0.0002	0.0000	0.0002	0.3071	0.2759	0.0312	0.1317	0.1247	0.0070	0.1754	0.1512	0.0242	0.0565	0.0341	0.0224	0.0201	0.0163	0.0038	0.0364	0.0178	0.0186	280.3514	669.5767	0.7414	392.2082	354.3147	0.2051	224.8890	619199.9257	0.8049	0.0058	0.0027	0.0105	0.0048	0.0057	0.0013	0.0064	0.0000	0.0124
60	86	0.5947	9	0	0	0	1	0	0	0	0	N	N	N	N	N	N	N	N	N	N	N	N	2.9548	2.4533	6.9428	0.0371	0.0354	0.2009	910.2598	304.0986	8.5961	1.6047	1.7916	0.0079	0.0268	0.0284	0.0003	2.4664	2.8402	0.0097	0.5431	0.7303	0.0011	0.7238	0.8025	0.0013	0.0027	0.0093	0.0011	0.0005	0.0097	-0.1453	-0.0024	19.3360	4.0532	7.9957	2.2470	0.5069	0.5066	0.0003	0.0030	0.0030	0.0000	0.5039	0.5036	0.0003	0.0039	0.0038	0.0000	0.0038	0.0038	0.0000	0.0000	0.0000	0.0000	0.3159	0.2828	0.0331	0.1116	0.1054	0.0061	0.2043	0.1773	0.0270	0.0852	0.0527	0.0325	0.0287	0.0243	0.0044	0.0565	0.0284	0.0281	35.2248	24.5736	6.9428	0.2007	0.1800	0.2009	3316.4863	7799.5176	8.5961	0.0456	0.0729	0.0011	0.1338	0.1577	0.0013	0.0007	0.0004	0.0011
60	87	0.5716	8	0	0	0	1	0	0	0	0	N	N	N	N	N	N	N	N	N	N	N	N	0.0048	0.0036	0.0380	0.0005	0.0005	0.0025	0.1104	0.0326	0.1993	0.0184	0.0206	0.0002	0.0057	0.0060	0.0001	0.0240	0.0277	0.0002	3.8701	5.7001	0.0051	11.4010	12.5579	0.0358	0.2177	0.8474	0.0011	0.0011	0.0003	-0.0018	-0.6158	19.3360	4.7288	7.9957	9.8540	0.0064	0.0063	0.0000	0.0006	0.0006	0.0000	0.0058	0.0057	0.0000	0.9806	0.9802	0.0003	0.9781	0.9778	0.0002	0.0025	0.0024	0.0001	0.3443	0.3075	0.0368	0.1049	0.0996	0.0052	0.2394	0.2078	0.0316	0.2534	0.1720	0.0814	0.0858	0.0779	0.0079	0.1676	0.0941	0.0735	0.0048	0.0036	0.0495	0.0005	0.0005	0.0030	1.6116	1.0746	0.1993	3.8701	5.7001	0.0039	11.4010	12.5579	0.0302	0.0149	0.0257	0.0011
60	88	0.5477	7	0	0	0	1	0	0	0	0	N	N	N	N	N	N	N	N	N	N	N	N	0.0012	0.0010	0.0006	0.0000	0.0000	0.0000	0.8352	3.5186	0.0017	0.0009	0.0010	0.0000	0.0000	0.0000	0.0000	0.0013	0.0015	0.0000	0.7438	0.9701	0.0028	1.3433	1.4219	0.0161	0.0015	0.0004	0.0011	0.0002	0.0101	-0.0002	-0.0133	19.3360	8.6320	7.9957	7.0881	0.0005	0.0005	0.0000	0.0000	0.0000	0.0000	0.0005	0.0005	0.0000	0.0215	0.0213	0.0002	0.0214	0.0213	0.0001	0.0001	0.0000	0.0001	0.6139	0.5485	0.0654	0.1899	0.1803	0.0096	0.4240	0.3682	0.0558	0.2276	0.1503	0.0773	0.0721	0.0633	0.0087	0.1555	0.0870	0.0686	0.0093	0.0070	0.0006	0.0000	0.0000	0.0000	2.6444	807.7633	0.0017	0.0944	0.1415	0.0028	0.2972	0.3360	0.0161	0.0005	0.0000	0.0011
60	89	0.6155	9	0	1	0	1	0	0	0	0	N	N	N	N	N	N	N	N	N	N	N	N	3743.0999	95.4933	60267.7245	82.0263	86.2051	66.4675	33976.9123	48.9279	272789.9898	0.8719	0.0351	8.2308	0.0550	0.0548	0.0573	1.3495	0.0225	10.1383	0.0002	0.0004	0.0001	0.0007	0.0006	0.0009	0.0000	0.0005	0.0000	26.6619	0.3136	0.6578	-0.0000	19.3360	15.4622	7.9957	5.2688	0.9720	0.0351	0.9369	0.0226	0.0214	0.0012	0.9494	0.0138	0.9356	0.0001	0.0000	0.0000	0.0001	0.0000	0.0000	0.0000	0.0000	0.0000	1.1149	1.0011	0.1138	0.4114	0.3899	0.0215	0.7035	0.6112	0.0923	0.2564	0.1537	0.1027	0.0824	0.0700	0.0124	0.1740	0.0837	0.0903	3805.0797	120.6411	60267.7245	82.0263	86.2051	66.4675	66255.4956	10032.0371	272789.9898	0.0002	0.0003	0.0001	0.0007	0.0006	0.0009	0.0000	0.0000	0.0000
60	90	0.6037	8	0	0	0	1	0	0	0	0	N	N	N	N	N	N	N	N	N	N	N	N	517.6542	447.4544	58.1057	65.9742	60.0207	21.4437	488.4192	50.4373	62.2514	1.5241	1.6872	0.0582	0.0849	0.0896	0.0012	2.4641	2.8247	0.0732	0.0029	0.0038	0.0010	0.0013	0.0015	0.0001	0.0050	0.0560	0.0012	0.0038	0.3984	-0.2750	-0.0001	19.3360	7.5917	7.9957	1.5198	0.9708	0.9671	0.0037	0.0214	0.0214	0.0000	0.9495	0.9458	0.0037	0.0002	0.0001	0.0001	0.0001	0.0001	0.0000	0.0001	0.0001	0.0001	0.6370	0.5732	0.0638	0.2517	0.2384	0.0133	0.3853	0.3348	0.0505	0.1508	0.0962	0.0547	0.0595	0.0510	0.0085	0.0914	0.0452	0.0462	1195.3955	1179.6191	58.1057	65.9742	60.0207	21.4437	1944.6034	2076.5455	62.2514	0.0013	0.0014	0.0010	0.0013	0.0015	0.0001	0.0013	0.0014	0.0012
60	91	0.7130	12	1	0	1	1	0	0	0	0	N	N	N	N	N	N	N	N	N	N	N	N	741979.8016	13738663.5391	0.0000	4649822.4595	4234297.3523	365722.1657	inf	0.0000	6.5960	7.2929	0.0000	5.2506	5.5150	0.0000	7.6213	8.7787	0.0000	0.0000	0.0000	0.0000	0.0000	0.0000	0.0000	0.0000	0.0000	0.0000	0.0000	26.7963	-0.4157	0.0000	19.3360	3.0317	7.9957	0.1644	1.4476	1.4476	0.0000	0.4984	0.4984	0.0000	0.9492	0.9492	0.0000	0.0000	0.0000	0.0000	0.0000	0.0000	0.0000	0.0000	0.0000	0.0000	0.2195	0.1985	0.0210	0.0949	0.0904	0.0046	0.1246	0.1081	0.0164	0.0338	0.0203	0.0134	0.0096	0.0083	0.0013	0.0242	0.0121	0.0122	741979.8016	13738663.5391	0.0000	4649822.4595	4234297.3523	0.0000	637431.4382	inf	0.0000	0.0000	0.0000	0.0000	0.0000	0.0000	0.0000	0.0000	0.0000	0.0000	
60	92	0.7072	11	1	0	1	1	0	0	0	0	N	N	N	N	N	N	N	N	N	N	N	N	63.1583	606982.4005	0.0970	596.9356	707.4159	2.2267	42.9936	38285.4482	0.1369	4.4691	4.9054	0.0058	0.0116	0.0121	0.0001	8.7358	10.0468	0.0077	0.0708	0.0000	0.0597	0.0000	0.0000	0.0000	0.2032	0.0003	0.0562	0.0001	1943.2101	-0.2828	0.0002	19.3360	2.6632	7.9957	1.0147	0.9855	0.9853	0.0001	0.0012	0.0012	0.0000	0.9842	0.9841	0.0001	0.0004	0.0000	0.0004	0.0000	0.0000	0.0000	0.0004	0.0000	0.0004	0.2205	0.2009	0.0196	0.1078	0.1029	0.0049	0.1127	0.0980	0.0147	0.0429	0.0267	0.0162	0.0133	0.0118	0.0015	0.0296	0.0149	0.0147	457.8136	606982.4005	0.2246	596.9356	707.4159	2.2267	617.9235	10907159.5477	0.2708	0.0098	0.0000	0.0258	0.0000	0.0000	0.0000	0.0141	0.0000	0.0284
60	93	0.6239	10	1	0	1	1	0	0	0	0	N	N	N	N	N	N	N	N	N	N	N	N	0.3246	2273.9351	0.4661	1322.8018	2423.6768	54.2933	0.2436	158.6092	0.4707	0.5690	0.2090	3.8028	0.4767	0.4966	0.0698	0.6247	0.0181	4.5974	1.7531	0.0001	8.1596	0.0004	0.0002	0.0013	2.5647	0.0001	9.7681	2.0257	31505.3661	0.5374	0.3407	19.3360	35.0787	7.9957	12.2568	1.4055	0.4645	0.9410	0.4434	0.4403	0.0030	0.9622	0.0242	0.9380	0.9168	0.0000	0.9167	0.0001	0.0000	0.0000	0.9167	0.0000	0.9167	2.4703	2.2228	0.2475	0.9301	0.8866	0.0434	1.5402	1.3362	0.2040	0.5229	0.3166	0.2063	0.1655	0.1417	0.0238	0.3574	0.1749	0.1825	0.3246	2273.9351	0.8559	1322.8018	2423.6768	54.2933	0.2436	50224.7104	0.9153	1.7531	0.0001	4.4428	0.0004	0.0002	0.0013	2.5647	0.0000	5.0228
60	94	0.6104	9	1	0	0	1	0	0	0	0	N	N	N	N	N	N	N	N	N	N	N	N	0.1479	5.3190	0.0254	16.7221	13.8253	231.8195	0.0105	0.7126	0.0256	0.1099	0.1166	0.0443	0.2429	0.2510	0.0355	0.0098	0.0041	0.0462	0.7427	0.0219	1.7471	0.0145	0.0182	0.0002	0.9327	0.0057	1.8025	0.0392	29.8358	-0.0195	0.0043	19.3360	8.4810	7.9957	2.3446	0.0783	0.0753	0.0030	0.0743	0.0739	0.0004	0.0040	0.0014	0.0025	0.0127	0.0004	0.0123	0.0004	0.0004	0.0000	0.0123	0.0000	0.0123	0.7125	0.6459	0.0666	0.3059	0.2944	0.0115	0.4066	0.3515	0.0551	0.1350	0.0828	0.0522	0.0425	0.0369	0.0056	0.0925	0.0459	0.0466	1.1707	23.4999	0.1889	25.7093	23.1257	231.8195	0.0737	17.9176	0.1757	0.0938	0.0050	0.2348	0.0094	0.0109	0.0002	0.1326	0.0002	0.2629
60	95	0.5477	7	0	1	0	2	0	0	0	0	N	N	N	Y	N	N	N	N	N	N	N	N	0.6757	25.7873	0.6218	8.3231	10.1318	0.9574	0.6514	287.8010	0.5841	1.2180	0.7230	5.4189	0.2568	0.2688	0.0298	1.6456	0.9436	6.3441	1.8027	0.0280	8.7144	0.0309	0.0265	0.0312	2.5265	0.0033	10.8612	0.8831	510.0835	0.3653	0.3704	19.3360	24.0032	7.9957	22.6134	2.0089	1.0668	0.9421	0.1304	0.1296	0.0008	1.8785	0.9372	0.9413	1.0018	0.0020	0.9998	0.0026	0.0019	0.0007	0.9992	0.0000	0.9992	1.6493	1.4754	0.1739	0.5078	0.4823	0.0255	1.1415	0.9932	0.1484	0.5557	0.3430	0.2128	0.1602	0.1360	0.0242	0.3955	0.2069	0.1885	0.6757	126.5059	1.1531	15.8344	18.8409	1.0976	0.6514	9764.1165	1.1971	1.8027	0.0057	4.6995	0.0162	0.0143	0.0272	2.5265	0.0001	5.2994
60	96	0.1536	5	0	1	0	1	0	0	0	0	N	N	N	N	N	N	N	N	N	N	N	N	1861.6906	1242.2155	0.0000	12.9547	12.6718	0.0000	3986.7267	17583.6939	0.0000	0.6631	0.7486	0.0000	0.0176	0.0182	0.0000	0.8196	0.9465	0.0000	0.0004	0.0006	0.0001	0.0014	0.0014	0.0000	0.0002	0.0001	0.0001	0.0000	0.2728	-0.2826	-0.0001	19.3360	18.5150	7.9957	10.2301	0.9841	0.9841	0.0000	0.0051	0.0051	0.0000	0.9790	0.9790	0.0000	0.0002	0.0001	0.0000	0.0001	0.0001	0.0000	0.0000	0.0000	0.0000	1.4841	1.3145	0.1696	0.2896	0.2801	0.0095	1.1945	1.0343	0.1602	0.5468	0.3087	0.2381	0.0940	0.0889	0.0051	0.4528	0.2198	0.2330	2235.9427	1813.7555	0.0000	12.9547	12.6718	0.0000	10697.4748	6584161.8630	0.0000	0.0003	0.0004	0.0001	0.0014	0.0014	0.0000	0.0001	0.0000	0.0001
60	97	0.5769	8	0	1	0	1	0	0	0	0	N	N	N	N	N	N	N	N	N	N	N	N	0.0000	0.0000	0.0023	0.0000	0.0000	0.0043	0.0000	0.0000	0.0000	0.0000	0.0000	0.0000	0.0000	0.0000	0.0000	0.0000	0.0000	0.0000	1.4440	2.1575	0.0002	4.3340	5.2157	0.0006	0.0004	0.0051	0.0001	0.0033	0.0001	-0.0000	-0.6269	19.3360	46.1140	7.9957	26.4917	0.0000	0.0000	0.0000	0.0000	0.0000	0.0000	0.0000	0.0000	0.0000	0.9978	0.9977	0.0001	0.9977	0.9977	0.0000	0.0001	0.0001	0.0000	3.0499	2.7378	0.3122	0.9754	0.9275	0.0479	2.0745	1.8102	0.2643	0.7842	0.4624	0.3218	0.2377	0.1913	0.0464	0.5465	0.2712	0.2754	0.0000	0.0000	0.0023	0.0000	0.0000	0.0043	0.0000	0.0000	0.0000	1.2724	2.1575	0.0002	4.1981	5.2157	0.0006	0.0001	0.0002	0.0001
60	102	0.6618	10	0	1	0	1	0	0	0	0	N	N	N	N	N	N	N	N	N	N	N	N	0.2585	0.1992	0.0257	6.7378	10.8730	0.0118	0.0194	0.0118	0.0472	0.3816	0.4218	0.0008	0.8701	0.9153	0.0026	0.0387	0.0443	0.0003	1.4760	2.1173	0.0295	0.1291	0.0842	0.2192	1.9957	3.7612	0.0056	0.0002	0.0041	-0.3207	-0.6187	19.3360	34.1922	7.9957	22.4626	1.1178	1.1176	0.0002	1.0512	1.0511	0.0002	0.0666	0.0665	0.0001	0.9911	0.9870	0.0041	0.0096	0.0068	0.0028	0.9814	0.9802	0.0013	2.9294	2.6495	0.2799	1.2081	1.1484	0.0598	1.7213	1.5011	0.2201	0.7454	0.4661	0.2792	0.2312	0.2055	0.0256	0.5142	0.2606	0.2536	0.2870	0.1992	0.0522	20.9222	27.6579	0.0235	0.0203	0.0118	0.0538	1.3296	2.1173	0.0146	0.0416	0.0331	0.1098	1.9086	3.7612	0.0049
60	103	0.6139	9	0	1	0	1	0	0	0	0	N	N	N	N	N	N	N	N	N	N	N	N	1.2012	1.0834	0.2393	12.5793	13.9761	0.1904	0.7240	0.4186	0.3571	0.7426	0.8273	0.0074	1.0554	1.1112	0.0077	0.5444	0.6295	0.0073	0.6182	0.7636	0.0309	0.0839	0.0795	0.0407	0.7520	1.5039	0.0204	0.0010	0.1118	-0.4066	-0.0127	19.3360	22.5884	7.9957	11.0115	1.4211	1.4196	0.0015	0.7834	0.7831	0.0003	0.6377	0.6365	0.0012	0.0240	0.0216	0.0024	0.0046	0.0039	0.0007	0.0195	0.0177	0.0017	1.9136	1.7160	0.1976	0.7422	0.7047	0.0375	1.1714	1.0113	0.1601	0.4196	0.2590	0.1607	0.1410	0.1209	0.0202	0.2786	0.1381	0.1405	12.9760	9.9174	0.4913	32.6652	34.6346	0.2300	7.7950	4.9045	0.5908	0.0572	0.0834	0.0150	0.0323	0.0321	0.0337	0.0698	0.1283	0.0124
60	104	0.5839	8	0	0	0	1	0	0	0	0	N	N	N	N	N	N	N	N	N	N	N	N	70.5124	49.2919	276.9857	49.0774	54.5795	124.8432	45.8241	3.9190	496.7679	1.4651	1.3644	2.3273	0.2514	0.1965	1.2774	2.1092	2.0430	2.5398	0.0208	0.0277	0.0084	0.0051	0.0036	0.0102	0.0460	0.5213	0.0051	0.1994	0.5813	-0.1655	-0.0004	19.3360	11.8100	7.9957	8.7888	1.3695	1.1418	0.2277	0.0815	0.0604	0.0210	1.2881	1.0814	0.2067	0.0017	0.0010	0.0006	0.0005	0.0003	0.0002	0.0012	0.0007	0.0004	0.9348	0.8369	0.0978	0.3241	0.3076	0.0165	0.6107	0.5293	0.0814	0.2939	0.1837	0.1102	0.1081	0.0918	0.0163	0.1857	0.0918	0.0939	260.6304	239.8997	422.2190	57.4874	58.9126	124.8432	332.2656	254.1427	541.0858	0.0056	0.0057	0.0055	0.0044	0.0033	0.0102	0.0063	0.0080	0.0047
60	105	0.5477	7	0	0	0	1	0	0	0	0	N	N	N	N	N	N	N	N	N	N	N	N	0.1762	2.7274	0.0325	0.1390	0.3679	0.0082	0.1969	0.5466	0.0458	0.0790	0.0866	0.0149	0.0059	0.0062	0.0012	0.1116	0.1259	0.0172	0.4484	0.0318	0.4577	0.0428	0.0168	0.1516	0.5669	0.2302	0.3763	0.0204	7.5122	-0.0218	0.0025	19.3360	14.7392	7.9957	7.3617	0.0817	0.0800	0.0016	0.0019	0.0019	0.0000	0.0798	0.0782	0.0016	0.0099	0.0012	0.0088	0.0019	0.0008	0.0010	0.0081	0.0003	0.0077	1.0339	0.9242	0.1097	0.3192	0.3031	0.0160	0.7147	0.6211	0.0936	0.2986	0.1920	0.1066	0.0912	0.0791	0.0121	0.2074	0.1129	0.0946	2.3761	14.2552	0.1813	0.2927	0.5979	0.0146	2.8670	41.0207	0.2109	0.0332	0.0061	0.0822	0.0203	0.0104	0.0855	0.0389	0.0031	0.0817
60	106	0.6205	10	0	1	0	1	0	0	0	0	N	N	N	N	N	N	N	N	N	N	N	N	142.5515	71.9088	20.2503	223.8804	185.5914	449.0543	638.2019	182.9132	7.0827	0.3415	0.3787	0.0005	0.8779	0.9167	0.0022	0.0185	0.0213	0.0002	0.0024	0.0053	0.0000	0.0039	0.0049	0.0000	0.0000	0.0001	0.0000	0.0002	0.0098	-0.1421	-0.0002	19.3360	20.0414	7.9957	7.0324	0.4952	0.4952	0.0001	0.4785	0.4784	0.0001	0.0168	0.0167	0.0000	0.0003	0.0003	0.0000	0.0003	0.0003	0.0000	0.0000	0.0000	0.0000	1.4503	1.3077	0.1426	0.5450	0.5219	0.0231	0.9053	0.7858	0.1195	0.3027	0.1808	0.1220	0.0898	0.0768	0.0130	0.2130	0.1039	0.1090	313.9175	209.8753	20.2503	241.6792	215.9683	449.0543	1241.4426	56733.1454	7.0827	0.0011	0.0018	0.0000	0.0036	0.0042	0.0000	0.0000	0.0000	0.0000
60	107	0.6104	9	0	0	0	1	0	0	0	0	N	N	N	N	N	N	N	N	N	N	N	N	7.9291	3.3730	18.6581	12.0616	9.8867	901.5807	2.7270	15.0358	14.1862	0.1276	0.1379	0.0250	0.2766	0.2854	0.0426	0.0075	0.0053	0.0212	0.0161	0.0409	0.0013	0.0229	0.0289	0.0000	0.0027	0.0004	0.0015	0.0183	0.1216	-0.0211	-0.0003	19.3360	7.0315	7.9957	1.2144	0.0786	0.0771	0.0014	0.0760	0.0756	0.0004	0.0025	0.0016	0.0010	0.0005	0.0004	0.0001	0.0004	0.0004	0.0000	0.0001	0.0000	0.0001	0.6159	0.5594	0.0564	0.2748	0.2648	0.0100	0.3411	0.2946	0.0464	0.1061	0.0656	0.0405	0.0341	0.0297	0.0044	0.0720	0.0359	0.0362	27.0165	20.2514	18.6581	21.1075	19.0030	901.5807	9.9428	3546.6730	14.1862	0.0047	0.0068	0.0013	0.0131	0.0150	0.0000	0.0008	0.0000	0.0015
60	108	0.5769	8	0	0	0	1	0	0	0	0	N	N	N	N	N	N	N	N	N	N	N	N	254.1591	366.5964	2331.4170	916.7046	672.0977	30873.2477	122.4049	1.1630	2070.7800	0.7080	0.0364	6.6015	0.1003	0.0995	0.1174	1.0060	0.0026	7.7455	0.0028	0.0001	0.0028	0.0001	0.0001	0.0000	0.0082	0.0022	0.0037	20.6413	20.3089	0.5630	0.0001	19.3360	16.2725	7.9957	4.4748	0.8446	0.0390	0.8055	0.0394	0.0372	0.0021	0.8052	0.0018	0.8034	0.0003	0.0000	0.0003	0.0000	0.0000	0.0000	0.0003	0.0000	0.0003	1.1930	1.0710	0.1220	0.3926	0.3743	0.0183	0.8004	0.6966	0.1037	0.2763	0.1613	0.1150	0.1046	0.0766	0.0280	0.1718	0.0847	0.0870	572.5260	366.5964	2331.4170	916.7046	672.0977	30873.2477	523.2518	46.1511	2070.7800	0.0012	0.0001	0.0028	0.0001	0.0001	0.0000	0.0019	0.0001	0.0037
60	109	0.6296	9	0	1	0	1	0	0	0	0	N	N	N	N	N	N	N	N	N	N	N	N	0.5763	70.1956	0.7954	18.3953	4.0848	815.6632	0.6351	157.1505	0.8206	0.9565	0.3939	5.9605	0.0795	0.0211	1.0821	1.4863	0.6382	7.2181	1.6596	0.0056	7.4933	0.0043	0.0052	0.0013	2.3403	0.0041	8.7958	1.7011	1456.8377	0.9449	0.3698	19.3360	40.5309	7.9957	14.7974	2.7578	1.0210	1.7368	0.0863	0.0217	0.0646	2.6715	0.9993	1.6722	0.9968	0.0007	0.9962	0.0007	0.0007	0.0000	0.9962	0.0000	0.9961	2.8833	2.5919	0.2914	1.0859	1.0261	0.0597	1.7974	1.5658	0.2317	0.6037	0.3584	0.2454	0.1781	0.1487	0.0294	0.4257	0.2097	0.2160	0.5793	206.4548	1.4681	20.4357	4.8077	815.6632	0.6351	4445.9452	1.5648	1.6511	0.0019	4.0599	0.0039	0.0044	0.0013	2.3403	0.0001	4.6127
60	110	0.6037	8	0	1	0	1	0	0	0	0	N	N	N	N	N	N	N	N	N	N	N	N	0.7270	20.9670	5.2743	21.6606	18.4721	105.7405	0.5079	24.6561	5.5337	0.1340	0.0902	0.5226	0.0589	0.0584	0.0684	0.1784	0.1107	0.6298	0.1844	0.0043	0.0991	0.0027	0.0032	0.0006	0.3512	0.0045	0.1138	0.6532	14.1524	0.0152	0.0011	19.3360	13.5236	7.9957	3.5331	0.1404	0.0849	0.0555	0.0229	0.0215	0.0014	0.1175	0.0634	0.0541	0.0035	0.0002	0.0033	0.0002	0.0002	0.0000	0.0033	0.0000	0.0033	1.0476	0.9414	0.1062	0.3889	0.3686	0.0203	0.6587	0.5728	0.0859	0.2390	0.1474	0.0916	0.0846	0.0716	0.0129	0.1544	0.0757	0.0787	9.0348	56.8225	14.4570	21.6606	18.8721	105.7405	8.3069	687.5373	15.0004	0.0148	0.0016	0.0361	0.0027	0.0031	0.0006	0.0215	0.0002	0.0420
60	111	0.5477	7	0	0	0	1	0	0	0	0	N	N	N	N	N	N	N	N	N	N	N	N	3.8437	2.5591	2.2459	0.0676	0.0559	3.1094	35.3334	15.3181	2.9214	0.8212	0.9148	0.0317	0.0095	0.0099	0.0020	1.1834	1.3559	0.0368	0.2137	0.3575	0.0141	0.1401	0.1763	0.0007	0.0335	0.0885	0.0126	0.0041	0.2198	-0.2748	-0.0030	19.3360	16.9399	7.9957	15.9768	0.9710	0.9671	0.0040	0.0035	0.0034	0.0000	0.9676	0.9636	0.0039	0.0067	0.0055	0.0012	0.0052	0.0052	0.0000	0.0015	0.0003	0.0012	1.1824	1.0572	0.1252	0.3648	0.3465	0.0183	0.8176	0.7107	0.1069	0.4151	0.2603	0.1547	0.1225	0.1050	0.0176	0.2925	0.1554	0.1371	50.7640	43.2618	4.0524	0.2210	0.1976	3.1094	235.8628	781.6577	4.2083	0.0162	0.0211	0.0078	0.0428	0.0499	0.0007	0.0050	0.0017	0.0087
60	112	0.6521	11	1	1	0	2	0	0	0	0	N	N	N	Y	N	N	N	N	N	N	N	N	30.1226	16.5600	0.0000	0.0291	0.0257	0.0000	381549.7679	inf	0.0000	0.0208	0.0234	0.0000	0.0000	0.0000	0.0000	0.0388	0.0482	0.0000	0.0007	0.0014	0.0000	0.0013	0.0015	0.0000	0.0000	0.0000	0.0000	0.0000	0.0004	-0.0000	-0.0000	19.3360	0.0019	7.9957	1.9928	0.0000	0.0000	0.0000	0.0000	0.0000	0.0000	0.0000	0.0000	0.0000	0.0000	0.0000	0.0000	0.0000	0.0000	0.0000	0.0000	0.0000	0.0000	0.0005	0.0004	0.0001	0.0002	0.0002	0.0000	0.0002	0.0002	0.0000	0.0223	0.0141	0.0082	0.0075	0.0065	0.0010	0.0148	0.0076	0.0072	46.1142	32.9223	0.0000	0.0291	0.0257	0.0000	381549.7679	inf	0.0000	0.0005	0.0007	0.0000	0.0013	0.0015	0.0000	0.0000	0.0000	0.0000
60	113	0.6286	10	1	1	0	2	0	0	0	0	N	N	N	Y	N	N	N	N	N	N	N	N	183.2284	82.5472	0.0000	0.2685	0.2318	0.0000	1585489.0568	54438.9183	0.0000	1.4866	1.6571	0.0000	0.0038	0.0040	0.0000	2.3245	2.6790	0.0000	0.0081	0.0201	0.0000	0.0143	0.0174	0.0001	0.0000	0.0000	0.0000	0.0000	0.0015	-0.2701	-0.0003	19.3360	8.6942	7.9957	6.0502	0.9406	0.9406	0.0000	0.0009	0.0009	0.0000	0.9397	0.9397	0.0000	0.0005	0.0005	0.0000	0.0005	0.0005	0.0000	0.0000	0.0000	0.0000	0.6327	0.5676	0.0651	0.2285	0.2168	0.0116	0.4043	0.3508	0.0535	0.1766	0.1080	0.0686	0.0545	0.0476	0.0069	0.1221	0.0604	0.0617	518.0327	353.5773	0.0000	0.4121	0.3795	0.0000	1585489.0568	20476997.2140	0.0000	0.0029	0.0047	0.0000	0.0093	0.0106	0.0001	0.0000	0.0000	0.0000
60	114	0.6497	14	0	1	0	2	0	0	0	0	N	N	N	Y	N	N	N	N	N	N	N	N	0.0000	0.0000	0.0000	0.0000	0.0000	0.0000	0.0000	0.0000	0.0000	0.0000	0.0000	0.0000	0.0000	0.0000	0.0000	0.0000	0.0000	0.0000	0.0000	0.0000	19.3360	0.0001	7.9957	0.0001	0.0000	0.0000	0.0000	0.0000	0.0000	0.0000	0.0000	0.0000	0.0000	0.0000	0.0000	0.0000	0.0000	0.0000	0.0000	0.0000	0.0000	0.0000	0.0000	0.0000	0.0000	0.0000	0.0000	0.0000	0.0000	0.0000	0.0000	0.0000	0.0000	0.0000	0.0000	0.0000	0.0000	0.0000	0.0000	0.0000	0.0000	0.0000	0.0000	0.0000	0.0000	0.0000	0.0000	0.0000	0.0000	0.0000	0.0000	0.0000	0.0000	0.0000	0.0000	0.0000	0.0000	0.0000											
60	115	0.6430	13	0	1	0	2	0	0	0	0	N	N	N	Y	N	N	N	N	N	N	N	N	0.0000	0.0000	0.0000	0.0000	0.0000	0.0000	0.0000	0.0000	0.0000	0.0000	0.0000	0.0000	0.0000	0.0000	0.0000	0.0000	0.0000	0.0000	0.0000	0.0000	19.3360	3.0007	7.9957	1.0012	0.0000	0.0000	0.0000	0.0000	0.0000	0.0000	0.0000	0.0000	0.0000	0.0000	0.0000	0.0000	0.0000	0.0000	0.0000	0.0000	0.0000	0.0000	0.2188	0.1964	0.0224	0.0808	0.0767	0.0041	0.1380	0.1197	0.0183	0.0451	0.0274	0.0176	0.0141	0.0121	0.0020	0.0309	0.0153	0.0156	0.0000	0.0000	0.0000	0.0000	0.0000	0.0000	0.0000	0.0000	0.0000	0.0000	0.0000	0.0000	0.0000	0.0000	0.0000	0.0000	0.0000	0.0000											
60	116	0.6411	12	0	0	0	2	0	0	0	0	N	N	N	Y	N	N	N	N	N	N	N	N	inf	inf	inf	inf	inf	inf	0.0068	0.0076	0.0000	0.0166	0.0175	0.0000	0.0000	0.0000	0.0000	0.0000	0.0000	0.0000	0.0000	0.0000	0.0000	0.0000	0.0000	0.0000	0.0000	-0.0002	0.0000	19.3360	1.1177	7.9957	0.0023	0.0006	0.0006	0.0000	0.0006	0.0006	0.0000	0.0000	0.0000	0.0000	0.0000	0.0000	0.0000	0.0000	0.0000	0.0000	0.0000	0.0000	0.0000	0.0881	0.0794	0.0087	0.0362	0.0344	0.0018	0.0518	0.0450	0.0069	0.0127	0.0077	0.0050	0.0040	0.0034	0.0006	0.0087	0.0043	0.0044	inf	inf	0.0000	inf	inf	0.0000	inf	inf	0.0000	0.0000	0.0000	0.0000	0.0000	0.0000	0.0000	0.0000	0.0000	0.0000				
60	117	0.4574	6	0	1	0	1	0	0	0	0	N	N	N	N	N	N	N	N	N	N	N	N	4.5989	3.5554	0.0775	11.7360	13.2304	0.0020	0.0099	0.0007	0.1583	0.0311	0.0347	0.0001	0.0963	0.1015	0.0000	0.0000	0.0000	0.0002	0.0068	0.0098	0.0018	0.0082	0.0077	0.0090	0.0036	0.0249	0.0010	0.0005	0.4219	-0.0194	-0.0005	19.3360	31.2782	7.9957	23.9277	0.0677	0.0677	0.0000	0.0677	0.0677	0.0000	0.0001	0.0000	0.0000	0.0016	0.0011	0.0005	0.0012	0.0009	0.0002	0.0004	0.0002	0.0002	2.1747	1.9480	0.2267	0.7026	0.6665	0.0361	1.4722	1.2816	0.1906	0.6439	0.3864	0.2575	0.1898	0.1643	0.0255	0.4542	0.2221	0.2320	12.6676	12.0615	0.0775	15.7303	17.8703	0.0020	0.0382	0.0200	0.1583	0.0025	0.0029	0.0018	0.0061	0.0057	0.0090	0.0009	0.0008	0.0010
60	118	0.6411	12	0	0	1	2	0	0	0	0	N	N	N	Y	N	N	N	N	N	N	N	N	inf	inf	inf	inf	inf	inf	3.2615	3.6286	0.0000	0.0069	0.0073	0.0000	5.2674	6.0710	0.0000	0.0000	0.0000	0.0000	0.0000	0.0000	0.0000	0.0000	0.0000	0.0000	0.0000	-0.2703	0.0000	19.3360	3.8827	7.9957	2.9998	0.9415	0.9415	0.0000	0.0008	0.0008	0.0000	0.9407	0.9407	0.0000	0.0000	0.0000	0.0000	0.0000	0.0000	0.0000	0.0000	0.0000	0.0000	0.2887	0.2595	0.0292	0.1101	0.1045	0.0056	0.1786	0.1550	0.0236	0.0772	0.0470	0.0302	0.0241	0.0207	0.0034	0.0531	0.0263	0.0268	inf	inf	0.0000	inf	inf	0.0000	inf	inf	0.0000	0.0000	0.0000	0.0000	0.0000	0.0000	0.0000	0.0000	0.0000	0.0000				
60	119	0.6382	11	0	0	0	2	0	0	0	0	N	N	N	Y	N	N	N	N	N	N	N	N	7425.8970	8198.5523	10.9872	4820.6283	4747.7341	31.5223	11632.1086	inf	4.6092	0.0061	0.0068	0.0000	0.0085	0.0089	0.0000	0.0047	0.0054	0.0000	0.0000	0.0000	0.0000	0.0000	0.0000	0.0000	0.0000	0.0000	0.0000	0.0001	0.6342	-0.0004	-0.0000	19.3360	2.8083	7.9957	0.0030	0.0013	0.0013	0.0000	0.0007	0.0007	0.0000	0.0006	0.0006	0.0000	0.0000	0.0000	0.0000	0.0000	0.0000	0.0000	0.0000	0.0000	0.0000	0.2122	0.1908	0.0214	0.0812	0.0772	0.0041	0.1310	0.1136	0.0174	0.0322	0.0196	0.0126	0.0101	0.0087	0.0014	0.0221	0.0109	0.0112	7425.8970	8198.5523	10.9872	4820.6283	4747.7341	31.5223	11632.1086	inf	4.6092	0.0000	0.0000	0.0000	0.0000	0.0000	0.0000	0.0000	0.0000	0.0000
60	120	0.6382	11	0	0	1	2	0	0	0	0	N	N	N	Y	N	N	N	N	N	N	N	N	1653724.4294	11302743.5397	0.3974	4279622.6283	4284884.2412	20.7049	1347373.0082	inf	0.0000	2.0598	2.2932	0.0000	1.8706	1.9700	0.0000	2.1703	2.4997	0.0000	0.0000	0.0000	0.0000	0.0000	0.0000	0.0000	0.0000	0.0000	0.0000	0.0000	9.1210	-0.4125	0.0000	19.3360	9.6158	7.9957	0.0030	1.4367	1.4367	0.0000	0.4812	0.4812	0.0000	0.9555	0.9555	0.0000	0.0000	0.0000	0.0000	0.0000	0.0000	0.0000	0.0000	0.0000	0.0000	0.6975	0.6265	0.0710	0.2573	0.2443	0.0130	0.4403	0.3822	0.0580	0.1081	0.0656	0.0425	0.0336	0.0289	0.0047	0.0744	0.0366	0.0378	1653724.4294	11302743.5397	0.3974	4279622.6283	4284884.2412	20.7049	1347373.0082	inf	0.0000	0.0000	0.0000	0.0000	0.0000	0.0000	0.0000	0.0000	0.0000	0.0000
60	121	0.6286	10	0	0	0	2	0	0	0	0	N	N	N	Y	N	N	N	N	N	N	N	N	42.1551	39.5557	0.0553	36.6497	37.3200	0.0955	17.1272	inf	0.0277	0.0074	0.0082	0.0000	0.0147	0.0155	0.0000	0.0032	0.0036	0.0000	0.0002	0.0002	0.0001	0.0004	0.0004	0.0003	0.0002	0.0000	0.0001	0.0001	0.4517	-0.0007	-0.0000	19.3360	4.2457	7.9957	2.0144	0.0023	0.0023	0.0000	0.0017	0.0017	0.0000	0.0006	0.0006	0.0000	0.0000	0.0000	0.0000	0.0000	0.0000	0.0000	0.0000	0.0000	0.0000	0.3156	0.2832	0.0325	0.1156	0.1097	0.0059	0.2000	0.1735	0.0266	0.0838	0.0519	0.0319	0.0274	0.0244	0.0030	0.0563	0.0275	0.0288	42.1551	42.2476	0.0553	36.6497	37.3200	0.0955	48.3453	inf	0.0277	0.0002	0.0002	0.0001	0.0004	0.0004	0.0003	0.0001	0.0000	0.0001
60	122	0.5864	9	0	0	0	2	0	0	0	0	N	N	N	Y	N	N	N	N	N	N	N	N	41.2334	120.0004	0.0635	82.0205	207.1855	0.0003	3.8238	137.2780	0.2481	0.0777	0.0864	0.0001	0.2212	0.2317	0.0000	0.0028	0.0032	0.0001	0.0019	0.0007	0.0016	0.0027	0.0011	0.0116	0.0007	0.0000	0.0005	0.0001	2.5205	-0.0199	0.0000	19.3360	11.9190	7.9957	13.1740	0.0692	0.0692	0.0000	0.0676	0.0676	0.0000	0.0016	0.0016	0.0000	0.0003	0.0001	0.0002	0.0002	0.0001	0.0001	0.0001	0.0000	0.0001	0.8913	0.8008	0.0904	0.3056	0.2917	0.0139	0.5857	0.5091	0.0766	0.2853	0.1691	0.1162	0.0800	0.0679	0.0121	0.2053	0.1012	0.1041	82.8229	192.3269	0.0635	82.0205	207.1855	0.0003	11.0447	51015.8918	0.2481	0.0009	0.0004	0.0016	0.0027	0.0011	0.0116	0.0003	0.0000	0.0005
60	123	0.2018	7	0	0	1	2	0	0	0	0	N	N	N	Y	N	N	N	N	N	N	N	N	72.7560	28.5973	0.0000	37.2929	32.5643	0.0000	0.0000	0.0000	0.0000	0.0768	0.0862	0.0000	0.2835	0.3066	0.0000	0.0000	0.0000	0.0000	0.0011	0.0030	0.0000	0.0076	0.0094	0.0000	0.0000	0.0001	0.0000	0.0000	0.0005	-0.0264	-0.0001	19.3360	12.8936	7.9957	4.1514	0.0919	0.0919	0.0000	0.0919	0.0919	0.0000	0.0000	0.0000	0.0000	0.0002	0.0002	0.0000	0.0002	0.0002	0.0000	0.0000	0.0000	0.0000	1.1959	1.0656	0.1303	0.3241	0.2997	0.0244	0.8719	0.7659	0.1060	0.2464	0.1265	0.1200	0.0266	0.0230	0.0036	0.2198	0.1034	0.1163	125.4597	72.2954	0.0000	50.0407	46.7923	0.0000	0.0000	0.0000	0.0000	0.0006	0.0012	0.0000	0.0057	0.0066	0.0000	0.0000	0.0000	0.0000
60	124	0.6017	10	0	1	0	1	0	0	0	0	N	N	N	N	N	N	N	N	N	N	N	N	3.6091	1.9875	0.0308	1.4329	1.2443	0.0518	28.2682	4.1746	0.0266	0.0108	0.0120	0.0000	0.0064	0.0067	0.0000	0.0133	0.0152	0.0000	0.0030	0.0060	0.0002	0.0045	0.0054	0.0002	0.0005	0.0036	0.0002	0.0001	0.0776	-0.0030	-0.0002	19.3360	12.7386	7.9957	8.7370	0.0104	0.0104	0.0000	0.0022	0.0022	0.0000	0.0082	0.0082	0.0000	0.0003	0.0003	0.0000	0.0003	0.0003	0.0000	0.0000	0.0000	0.0000	0.9653	0.8706	0.0947	0.3479	0.3321	0.0158	0.6174	0.5385	0.0789	0.2523	0.1499	0.1024	0.0745	0.0644	0.0102	0.1777	0.0855	0.0922	8.3211	5.9067	0.0308	1.6202	1.4778	0.0518	75.4419	129.9626	0.0266	0.0013	0.0020	0.0002	0.0040	0.0046	0.0002	0.0002	0.0001	0.0002
60	125	0.5864	9	0	1	0	1	0	0	0	0	N	N	N	N	N	N	N	N	N	N	N	N	328.2471	179.5886	1.9201	0.7760	0.6401	62.2681	5902.9918	3406.9133	1.4545	1.3995	1.5556	0.0004	0.0057	0.0059	0.0008	2.1473	2.4701	0.0004	0.0043	0.0087	0.0002	0.0073	0.0092	0.0000	0.0004	0.0007	0.0003	0.0000	0.0589	-0.2679	-0.0001	19.3360	8.6431	7.9957	1.4782	0.9332	0.9332	0.0000	0.0013	0.0013	0.0000	0.9319	0.9319	0.0000	0.0002	0.0002	0.0000	0.0002	0.0002	0.0000	0.0000	0.0000	0.0000	0.6669	0.5999	0.0669	0.2329	0.2226	0.0102	0.4340	0.3773	0.0567	0.1206	0.0715	0.0491	0.0350	0.0295	0.0056	0.0856	0.0421	0.0435	832.8301	581.2586	1.9201	1.0359	0.9056	62.2681	16105.9242	489878.5478	1.4545	0.0017	0.0027	0.0002	0.0055	0.0065	0.0000	0.0001	0.0000	0.0003
60	126	0.5769	8	0	0	0	1	0	0	0	0	N	N	N	N	N	N	N	N	N	N	N	N	14.4633	7.3824	4.6086	12.3616	8.2873	3.5280	27.5629	4.2200	3.1308	0.0042	0.0047	0.0002	0.0055	0.0057	0.0000	0.0035	0.0040	0.0003	0.0003	0.0006	0.0001	0.0004	0.0007	0.0000	0.0001	0.0009	0.0001	0.0053	0.0906	-0.0004	-0.0000	19.3360	4.1618	7.9957	2.0491	0.0016	0.0015	0.0000	0.0007	0.0007	0.0000	0.0008	0.0008	0.0000	0.0000	0.0000	0.0000	0.0000	0.0000	0.0000	0.0000	0.0000	0.0000	0.3665	0.3317	0.0349	0.1301	0.1252	0.0048	0.2365	0.2065	0.0300	0.1146	0.0656	0.0490	0.0616	0.0395	0.0221	0.0530	0.0261	0.0269	16.1420	11.0732	4.6086	12.3616	8.2873	3.5280	73.7985	451.9925	3.1308	0.0003	0.0004	0.0001	0.0004	0.0007	0.0000	0.0000	0.0000	0.0001
60	127	0.5477	7	0	0	0	1	0	0	0	0	N	N	N	N	N	N	N	N	N	N	N	N	0.0032	0.0001	2.6915	0.0005	0.0004	0.0041	5.0378	inf	45.6784	0.0010	0.0001	0.0092	0.0001	0.0002	0.0001	0.0014	0.0000	0.0108	0.3231	0.4846	0.0034	0.3250	0.3551	0.0291	0.0003	0.0000	0.0002	17.4560	0.0537	0.0005	-0.0030	19.3360	9.4810	7.9957	7.4917	0.0007	0.0000	0.0007	0.0000	0.0000	0.0000	0.0007	0.0000	0.0007	0.0052	0.0049	0.0003	0.0052	0.0049	0.0002	0.0000	0.0000	0.0000	0.6730	0.6014	0.0717	0.2081	0.1976	0.0105	0.4649	0.4037	0.0612	0.2417	0.1586	0.0831	0.0759	0.0665	0.0094	0.1658	0.0921	0.0737	0.0482	0.0020	2.8914	0.0022	0.0020	0.0045	13.6900	inf	45.6784	0.0216	0.0312	0.0032	0.0684	0.0744	0.0264	0.0001	0.0000	0.0002
60	128	0.2140	8	1	1	0	1	0	0	0	0	N	N	N	N	N	N	N	N	N	N	N	N	inf	inf	inf	inf	inf	inf	0.0011	0.0000	0.0096	0.0002	0.0000	0.0060	0.0013	0.0000	0.0098	0.0000	0.0000	0.0000	0.0000	0.0000	0.0000	0.0000	0.0000	0.0000	inf	0.0001	0.0000	19.3360	2.0107	7.9957	1.9995	0.0002	0.0000	0.0002	0.0000	0.0000	0.0000	0.0002	0.0000	0.0002	0.0000	0.0000	0.0000	0.0000	0.0000	0.0000	0.0000	0.0000	0.0000	0.1486	0.1316	0.0170	0.0278	0.0268	0.0010	0.1209	0.1048	0.0160	0.0573	0.0295	0.0278	0.0057	0.0048	0.0009	0.0515	0.0246	0.0269	inf	0.0000	inf	inf	0.0000	inf	inf	0.0000	inf	0.0000	0.0000	0.0000	0.0000	0.0000	0.0000	0.0000	0.0000	0.0000				
60	129	0.2018	7	1	1	0	1	0	0	0	0	N	N	N	N	N	N	N	N	N	N	N	N	34944.8354	0.0773	30144349.6437	455.0887	0.0431	166891.7891	3807626.7287	0.0000	138995304.9476	1.4770	0.0000	14.0940	0.1677	0.0000	1.8517	2.1573	0.0000	19.2263	0.0000	0.0001	0.0000	0.0004	0.0004	0.0000	0.0000	0.0003	0.0000	261778.4180	0.0054	0.7261	-0.0000	19.3360	5.6459	7.9957	1.1399	1.0186	0.0000	1.0186	0.0395	0.0000	0.0395	0.9791	0.0000	0.9791	0.0000	0.0000	0.0000	0.0000	0.0000	0.0000	0.0000	0.0000	0.0000	0.6896	0.6174	0.0723	0.2358	0.2144	0.0213	0.4538	0.4029	0.0509	0.1015	0.0523	0.0492	0.0115	0.0100	0.0015	0.0900	0.0423	0.0477	34944.8354	0.0773	30144349.6437	455.0887	0.0431	166891.7891	3807626.7287	0.0000	138995304.9476	0.0000	0.0001	0.0000	0.0004	0.0004	0.0000	0.0000	0.0000	0.0000
60	130	0.1715	6	0	0	0	1	0	0	0	0	N	N	N	N	N	N	N	N	N	N	N	N	12.3865	4.0622	54.2648	0.8838	0.8442	83.0099	402.9855	3162.0300	55.5175	1.1188	1.2529	0.0886	0.2556	0.2630	0.0245	1.3624	1.5675	0.0926	0.0903	0.3084	0.0016	0.2892	0.3116	0.0003	0.0034	0.0005	0.0017	0.0092	0.0767	-0.2939	-0.0018	19.3360	11.6079	7.9957	5.3766	1.0570	1.0474	0.0096	0.0532	0.0530	0.0002	1.0039	0.9944	0.0095	0.0032	0.0029	0.0002	0.0029	0.0029	0.0000	0.0002	0.0000	0.0002	0.9448	0.8359	0.1089	0.2080	0.2016	0.0064	0.7368	0.6344	0.1025	0.2985	0.1610	0.1376	0.0465	0.0430	0.0036	0.2520	0.1180	0.1340	105.9362	68.8820	54.2648	4.0615	3.8597	83.0099	1533.6038	636073.3351	55.5175	0.0106	0.0182	0.0016	0.0629	0.0681	0.0003	0.0009	0.0000	0.0017
60	131	0.1536	5	0	0	0	1	0	0	0	0	N	N	N	N	N	N	N	N	N	N	N	N	0.3337	0.4456	0.6993	2.3963	2.5188	1.8791	0.1322	3.0197	0.8228	0.1187	0.1254	0.0659	0.3047	0.3135	0.0142	0.0379	0.0323	0.0704	0.3558	0.2815	0.0942	0.1271	0.1245	0.0075	0.2869	0.0107	0.0855	0.0664	1.3466	-0.0111	-0.0004	19.3360	3.9355	7.9957	8.7078	0.0492	0.0461	0.0031	0.0382	0.0382	0.0001	0.0110	0.0079	0.0030	0.0077	0.0033	0.0044	0.0033	0.0032	0.0000	0.0044	0.0000	0.0044	0.4142	0.3677	0.0465	0.1255	0.1218	0.0037	0.2887	0.2459	0.0428	0.3201	0.1944	0.1257	0.0793	0.0764	0.0029	0.2408	0.1180	0.1228	4.9378	7.4319	1.8754	7.4211	7.4081	1.8791	2.0561	80.5952	1.9663	0.0240	0.0169	0.0351	0.0411	0.0423	0.0075	0.0184	0.0004	0.0358
60	132	0.1420	4	0	0	0	1	0	0	0	0	N	N	N	N	N	N	N	N	N	N	N	N	0.1188	0.1273	0.1741	0.4517	0.4598	4.8698	0.0286	0.3537	0.2177	0.0696	0.0718	0.0530	0.2243	0.2290	0.0747	0.0154	0.0093	0.0513	0.5860	0.5639	0.3041	0.4966	0.4981	0.0153	0.5376	0.0264	0.2358	0.0954	1.0314	-0.0086	-0.0018	19.3360	6.2657	7.9957	3.9760	0.0430	0.0392	0.0037	0.0359	0.0356	0.0004	0.0070	0.0037	0.0034	0.0149	0.0073	0.0076	0.0073	0.0072	0.0000	0.0076	0.0001	0.0075	0.6171	0.5465	0.0707	0.1603	0.1553	0.0049	0.4569	0.3911	0.0657	0.2884	0.1707	0.1177	0.0777	0.0750	0.0027	0.2107	0.0957	0.1150	1.3500	1.6736	0.8252	2.3937	2.3734	4.8698	0.4268	10.9972	0.7859	0.0516	0.0429	0.0642	0.0937	0.0965	0.0153	0.0360	0.0008	0.0653
61	62	0.2942	9	1	1	2	0	0	0	0	0	N	N	Y	N	N	N	N	N	N	N	N	N	0.0440	0.0037	146058.6059	0.5411	0.5237	12.3213	0.0456	0.0010	242345.3183	0.0780	0.0130	0.4850	0.0359	0.0381	0.0014	0.0913	0.0041	0.5419	1.7725	3.4865	0.0000	0.0663	0.0727	0.0001	2.0038	4.0548	0.0000	5.9392	0.0000	0.0727	-0.6219	14.2360	28.8660	11.9336	13.2209	0.1279	0.0184	0.1095	0.0141	0.0141	0.0000	0.1137	0.0043	0.1094	0.9897	0.9897	0.0000	0.0012	0.0012	0.0000	0.9884	0.9884	0.0000	1.6400	1.4143	0.2257	0.3941	0.3703	0.0238	1.2459	1.0440	0.2019	0.5584	0.2839	0.2745	0.0427	0.0401	0.0026	0.5157	0.2438	0.2719	0.0440	0.0037	146058.6059	1.2480	1.2449	12.3213	0.0476	0.0010	242345.3183	1.7725	3.4865	0.0000	0.0287	0.0306	0.0001	1.9168	4.0548	0.0000
61	63	0.2915	8	1	2	1	0	0	0	0	0	N	Y	N	N	N	N	N	N	N	N	N	N	0.0283	0.0227	0.0000	0.0419	0.0440	0.0000	8.8503	1.6849	0.0000	0.0190	0.0216	0.0000	0.0666	0.0707	0.0000	0.0019	0.0022	0.0000	0.6738	0.9508	0.0001	1.5902	1.6081	0.0001	0.0002	0.0013	0.0001	0.0000	0.0009	-0.0016	-0.0085	14.2360	5.0237	11.9336	8.0282	0.0054	0.0054	0.0000	0.0050	0.0050	0.0000	0.0004	0.0004	0.0000	0.0136	0.0136	0.0000	0.0136	0.0136	0.0000	0.0000	0.0000	0.0000	0.2850	0.2518	0.0332	0.0756	0.0712	0.0044	0.2094	0.1806	0.0288	0.1948	0.1021	0.0927	0.0356	0.0325	0.0031	0.1592	0.0696	0.0897	0.2726	0.1618	0.0000	0.1741	0.1689	0.0000	23.2413	113.9778	0.0000	0.0699	0.1333	0.0001	0.3823	0.4184	0.0001	0.0001	0.0000	0.0001
61	64	0.2285	7	1	2	1	0	0	0	0	0	N	Y	N	N	N	N	N	N	N	N	N	N	2.6083	1.8617	0.0593	3.1594	3.1011	0.0002	2.8404	1.3084	0.0705	0.9609	1.0895	0.0002	0.0122	0.0131	0.0000	1.3022	1.5046	0.0002	0.3684	0.5852	0.0027	0.0039	0.0042	0.0024	0.4585	1.1500	0.0027	0.0000	0.0545	-0.2883	-0.0071	14.2360	17.5893	11.9336	19.0270	1.0040	1.0040	0.0000	0.0034	0.0034	0.0000	1.0006	1.0006	0.0000	0.0124	0.0117	0.0006	0.0002	0.0002	0.0000	0.0122	0.0115	0.0006	1.0448	0.9215	0.1233	0.2764	0.2565	0.0199	0.7684	0.6650	0.1034	0.4881	0.2532	0.2349	0.0616	0.0553	0.0063	0.4265	0.1979	0.2286	37.8930	23.5035	0.0593	3.3771	3.5098	0.0002	45.6930	25.8265	0.0705	0.0254	0.0464	0.0027	0.0036	0.0037	0.0024	0.0285	0.0583	0.0027
61	65	0.2222	6	0	2	1	0	0	0	0	0	N	Y	N	N	N	N	N	N	N	N	N	N	1.8906	3.9250	0.4098	2.9594	3.0777	0.0007	1.2355	0.7648	0.5977	0.0116	0.0127	0.0023	0.0060	0.0063	0.0000	0.0137	0.0155	0.0026	0.0061	0.0032	0.0055	0.0020	0.0021	0.0013	0.0111	0.0202	0.0043	0.0220	1.7203	-0.0004	0.0000	14.2360	1.7566	11.9336	2.8742	0.0014	0.0014	0.0000	0.0002	0.0002	0.0000	0.0012	0.0012	0.0000	0.0003	0.0001	0.0002	0.0001	0.0001	0.0000	0.0002	0.0000	0.0002	0.1200	0.1067	0.0133	0.0334	0.0318	0.0016	0.0866	0.0750	0.0117	0.1117	0.0729	0.0388	0.0311	0.0303	0.0008	0.0805	0.0425	0.0380	5.1438	10.0466	0.5509	2.9594	3.0777	0.0007	5.8787	21.9739	0.6170	0.0023	0.0013	0.0041	0.0020	0.0021	0.0013	0.0023	0.0007	0.0042
61	68	0.3751	9	0	1	2	0	0	0	0	0	N	N	Y	N	N	N	N	N	N	N	N	N	0.5043	43.1758	0.0016	17.8085	109.3675	0.0103	0.0000	0.0105	0.0000	0.2154	0.2401	0.0005	0.5646	0.5922	0.0031	0.0000	0.0000	0.0000	0.4271	0.0056	0.3463	0.0317	0.0054	0.3033	0.5408	0.0001	0.2377	0.0003	28.1952	-0.0665	0.0036	14.2360	15.0354	11.9336	6.2061	0.2320	0.2319	0.0001	0.2320	0.2319	0.0001	0.0000	0.0000	0.0000	0.0106	0.0004	0.0102	0.0015	0.0004	0.0011	0.0091	0.0000	0.0091	1.0769	0.9660	0.1109	0.4109	0.3916	0.0193	0.6661	0.5745	0.0916	0.3396	0.1919	0.1477	0.0882	0.0801	0.0081	0.2514	0.1118	0.1396	6.8996	126.8569	0.0078	34.2092	130.6392	0.0230	0.0000	3.9178	0.0000	0.0312	0.0019	0.0693	0.0165	0.0045	0.1354	0.0364	0.0000	0.0655
61	69	0.3071	8	0	1	1	0	0	0	0	0	N	N	N	N	N	N	N	N	N	N	N	N	0.4452	25.5765	0.3583	156.4530	587.3070	124.9737	0.0004	0.0006	0.0007	0.8535	0.6367	2.6904	2.5008	1.7591	16.3649	0.0010	0.0003	0.0059	1.9170	0.0249	7.5084	0.0160	0.0030	0.1309	2.2890	0.4378	8.3150	0.4985	673.9971	0.0697	0.3641	14.2360	27.6811	11.9336	13.1592	1.5312	1.0219	0.5094	1.5300	1.0216	0.5084	0.0012	0.0003	0.0009	0.9835	0.0015	0.9820	0.0008	0.0002	0.0006	0.9826	0.0012	0.9814	1.7941	1.6048	0.1893	0.6118	0.5808	0.0311	1.1823	1.0241	0.1583	0.5130	0.2713	0.2417	0.0838	0.0757	0.0080	0.4293	0.1956	0.2337	0.4452	118.5612	0.6623	249.5273	587.3070	214.1385	0.0004	0.0402	0.0014	1.9170	0.0054	4.0623	0.0100	0.0030	0.0764	2.2890	0.0063	4.1990
61	70	0.2722	7	0	1	1	0	0	0	0	0	N	N	N	N	N	N	N	N	N	N	N	N	4.5954	6.0565	41.6826	50.4419	34.6575	21351.2247	0.4986	0.5150	0.0020	1.5192	1.2898	3.4356	4.2405	3.3004	22.8334	0.1532	0.1773	0.0001	0.3306	0.2130	0.0824	0.0841	0.0952	0.0011	0.3072	0.3443	0.0713	0.3189	1.8593	-0.0923	0.0002	14.2360	19.6565	11.9336	4.0504	2.0346	1.5427	0.4919	1.8980	1.4061	0.4919	0.1366	0.1366	0.0000	0.0076	0.0027	0.0050	0.0020	0.0020	0.0000	0.0056	0.0006	0.0050	1.3393	1.1961	0.1432	0.4476	0.4261	0.0215	0.8917	0.7701	0.1216	0.3476	0.1918	0.1558	0.0633	0.0584	0.0049	0.2843	0.1334	0.1509	69.1888	92.6884	107.8373	131.1414	94.4024	21351.2247	7.7960	37.6856	0.0044	0.0220	0.0139	0.0319	0.0323	0.0350	0.0011	0.0196	0.0047	0.0329
61	71	0.0628	3	1	2	1	0	0	0	0	0	N	Y	N	N	N	N	N	N	N	N	N	N	1.9494	0.3473	20300.5481	0.0254	0.0260	5.3782	7859.2739	21.3154	25463.6600	0.0121	0.0070	0.0486	0.0239	0.0241	0.0170	0.0108	0.0049	0.0492	0.0062	0.0200	0.0000	0.9409	0.9264	0.0032	0.0000	0.0002	0.0000	0.9803	0.0005	0.0027	-0.0006	14.2360	17.5448	11.9336	6.0013	0.0132	0.0067	0.0065	0.0025	0.0025	0.0000	0.0107	0.0042	0.0065	0.0009	0.0009	0.0000	0.0009	0.0009	0.0000	0.0000	0.0000	0.0000	1.0923	0.9578	0.1345	0.1051	0.1026	0.0025	0.9872	0.8553	0.1320	0.3930	0.1924	0.2007	0.0049	0.0049	0.0000	0.3881	0.1875	0.2006	5.2797	1.4889	20300.5481	0.1307	0.1309	5.3782	7859.2739	6259.0360	25463.6600	0.0023	0.0047	0.0000	0.1831	0.1842	0.0032	0.0000	0.0000	0.0000
61	72	0.1312	6	1	2	2	0	0	0	0	0	N	Y	Y	N	N	N	N	N	N	N	N	N	0.0330	0.0048	6644.2255	0.0273	0.0253	inf	1197.7542	0.0146	6651.8332	0.0002	0.0001	0.0012	0.0005	0.0005	0.0010	0.0002	0.0000	0.0012	0.0067	0.0156	0.0000	0.0177	0.0186	0.0000	0.0000	0.0000	0.0000	2.3969	0.0000	0.0000	-0.0002	14.2360	1.8980	11.9336	2.9698	0.0000	0.0000	0.0000	0.0000	0.0000	0.0000	0.0000	0.0000	0.0000	0.0003	0.0003	0.0000	0.0003	0.0003	0.0000	0.0000	0.0000	0.0000	0.1206	0.1051	0.0155	0.0171	0.0166	0.0004	0.1035	0.0885	0.0151	0.1228	0.0743	0.0485	0.0279	0.0271	0.0008	0.0950	0.0472	0.0477	0.0912	0.0186	6644.2255	0.0450	0.0426	inf	1197.7542	5.4962	6651.8332	0.0024	0.0040	0.0000	0.0107	0.0110	0.0000	0.0000	0.0000	0.0000
61	73	0.1117	5	1	1	2	0	0	0	0	0	N	N	Y	N	N	N	N	N	N	N	N	N	0.0066	0.0045	0.0124	0.0043	0.0046	0.0017	0.0077	0.0001	0.0157	0.0232	0.0067	0.1619	0.0152	0.0160	0.0041	0.0285	0.0001	0.2173	3.5131	1.4983	13.0571	3.4968	3.4703	2.3661	3.6983	1.5006	13.8444	2.8858	6.2777	0.0051	0.1395	14.2360	3.5853	11.9336	4.3819	0.0111	0.0029	0.0083	0.0029	0.0028	0.0001	0.0082	0.0000	0.0082	0.5957	0.0819	0.5138	0.0731	0.0727	0.0004	0.5226	0.0091	0.5135	0.4803	0.4291	0.0511	0.1911	0.1778	0.0133	0.2892	0.2514	0.0378	0.1696	0.0991	0.0704	0.0283	0.0276	0.0007	0.1413	0.0716	0.0697	0.0066	0.0081	0.0222	0.0059	0.0061	0.0075	0.0077	0.0006	0.0295	3.5131	0.8258	7.2943	2.5871	2.6400	0.5414	3.6983	0.1274	7.3633
61	74	0.0802	4	1	1	2	0	0	0	0	0	N	N	Y	N	N	N	N	N	N	N	N	N	0.7478	0.6750	0.0421	0.0703	0.0701	0.2186	0.8287	0.7641	0.0417	0.8886	0.9821	0.1362	0.3455	0.3498	0.1810	1.0015	1.1290	0.1343	1.1884	1.4549	3.2328	4.9140	4.9883	0.8279	1.2086	1.4776	3.2227	0.0172	0.8372	-0.2026	-0.0433	14.2360	12.3589	11.9336	7.3592	0.7498	0.7371	0.0127	0.0502	0.0495	0.0007	0.6996	0.6876	0.0120	0.2505	0.1364	0.1142	0.1167	0.1166	0.0001	0.1338	0.0197	0.1141	0.8438	0.7506	0.0932	0.1452	0.1415	0.0037	0.6986	0.6090	0.0895	0.3513	0.1883	0.1630	0.0238	0.0234	0.0004	0.3275	0.1649	0.1626	1.2460	1.3561	0.1944	0.0703	0.0701	0.7140	2.4517	9.4380	0.1915	0.7132	0.7242	0.7005	4.9140	4.9883	0.2534	0.4085	0.1196	0.7015
61	75	0.0628	3	1	1	2	0	0	0	0	0	N	N	Y	N	N	N	N	N	N	N	N	N	1.2261	13.8372	0.0049	0.0986	0.1164	0.0078	1.2478	3.6278	0.0040	1.4451	1.6391	0.0193	0.0602	0.0580	0.1676	1.6452	1.8977	0.0161	1.1785	0.1185	3.9755	0.6108	0.4986	21.5441	1.3185	0.5231	4.0404	0.0016	134.1707	-0.2869	0.0488	14.2360	10.2127	11.9336	1.0234	1.0047	1.0031	0.0016	0.0053	0.0050	0.0003	0.9994	0.9981	0.0013	0.1340	0.0010	0.1330	0.0003	0.0002	0.0000	0.1337	0.0007	0.1329	0.6953	0.6120	0.0833	0.0878	0.0860	0.0018	0.6075	0.5260	0.0815	0.1936	0.0946	0.0989	0.0025	0.0025	0.0000	0.1910	0.0921	0.0989	2.0880	156.5080	0.0144	0.5355	0.6009	0.0597	2.3511	233.9328	0.0120	0.6921	0.0105	1.3440	0.1125	0.0966	2.8058	0.6998	0.0081	1.3438
61	76	0.0596	2	1	1	1	0	0	0	0	0	N	N	N	N	N	N	N	N	N	N	N	N	8.1489	11.8015	53.5679	3.7892	3.5192	24.9484	4.8130	0.1206	66.8227	0.1030	0.0153	0.6317	0.1056	0.1021	0.4188	0.1026	0.0009	0.6338	0.0126	0.0013	0.0118	0.0279	0.0290	0.0168	0.0213	0.0078	0.0095	6.8547	11.0708	0.0157	0.0001	14.2360	3.7027	11.9336	0.0091	0.0269	0.0034	0.0234	0.0034	0.0032	0.0001	0.0235	0.0002	0.0233	0.0003	0.0000	0.0002	0.0000	0.0000	0.0000	0.0002	0.0000	0.0002	0.2609	0.2238	0.0371	0.0321	0.0317	0.0004	0.2288	0.1920	0.0368	0.0664	0.0326	0.0338	0.0008	0.0008	0.0000	0.0656	0.0318	0.0338	26.1332	22.9640	89.0801	6.9592	6.7323	24.9484	26.9507	3.0096	89.3871	0.0039	0.0007	0.0071	0.0152	0.0152	0.0168	0.0038	0.0003	0.0071
61	79	0.2222	6	0	2	1	0	0	0	0	0	N	Y	N	N	N	N	N	N	N	N	N	N	7585.0839	4630.2441	0.0018	4224.1301	5140.6652	0.0000	1060.2032	427.2232	0.0465	1.5191	1.7202	0.0000	6.5683	6.9774	0.0000	0.0022	0.0026	0.0000	0.0002	0.0004	0.0001	0.0016	0.0014	0.0036	0.0000	0.0000	0.0000	0.0000	0.2680	-0.5738	-0.0000	14.2360	23.9173	11.9336	17.8091	1.9985	1.9985	0.0000	1.9962	1.9962	0.0000	0.0023	0.0023	0.0000	0.0001	0.0001	0.0000	0.0001	0.0001	0.0000	0.0000	0.0000	0.0000	1.3156	1.1617	0.1538	0.3039	0.2861	0.0178	1.0116	0.8756	0.1360	0.5561	0.3006	0.2555	0.0710	0.0647	0.0063	0.4851	0.2359	0.2492	7585.0839	5887.3222	0.0018	4224.1301	5140.6652	0.0000	1060.2032	338183.9539	0.0465	0.0002	0.0003	0.0001	0.0016	0.0014	0.0036	0.0000	0.0000	0.0000
61	80	0.2061	5	0	2	1	0	0	0	0	0	N	Y	N	N	N	N	N	N	N	N	N	N	0.8133	2.1856	0.2280	2.4701	3.4367	0.2393	0.0301	inf	0.0001	0.0009	0.0010	0.0002	0.0040	0.0041	0.0023	0.0000	0.0000	0.0000	0.0011	0.0004	0.0011	0.0016	0.0012	0.0098	0.0013	0.0000	0.0009	0.0333	2.0859	-0.0001	0.0000	14.2360	6.1279	11.9336	3.6878	0.0003	0.0003	0.0000	0.0003	0.0003	0.0000	0.0000	0.0000	0.0000	0.0001	0.0000	0.0001	0.0000	0.0000	0.0000	0.0001	0.0000	0.0001	0.3469	0.3054	0.0415	0.0744	0.0701	0.0043	0.2725	0.2353	0.0372	0.1669	0.0996	0.0674	0.0299	0.0284	0.0015	0.1371	0.0712	0.0659	1.4166	2.8661	0.2280	2.4701	3.4367	0.2393	0.0919	inf	0.0001	0.0006	0.0003	0.0011	0.0016	0.0012	0.0098	0.0004	0.0000	0.0009
61	81	0.2942	9	1	1	2	0	0	0	0	0	N	N	Y	N	N	N	N	N	N	N	N	N	1.0358	3.7706	0.6742	5.9405	3.1609	163.8052	0.4479	2359.6169	0.0366	1.9438	1.4802	4.8288	5.1228	2.6707	43.3565	0.9254	1.0518	0.2787	1.8766	0.3926	7.1621	0.8624	0.8449	0.2647	2.0659	0.0004	7.6122	0.5242	156.0594	0.1741	0.3662	14.2360	27.2690	11.9336	12.3406	3.0650	2.0109	1.0542	1.9599	0.9602	0.9997	1.1051	1.0507	0.0544	1.0024	0.0064	0.9961	0.0067	0.0064	0.0003	0.9958	0.0000	0.9958	1.5768	1.3585	0.2183	0.3826	0.3595	0.0231	1.1942	0.9990	0.1953	0.5342	0.2718	0.2624	0.0415	0.0390	0.0025	0.4927	0.2328	0.2599	1.0358	63.0362	1.2719	31.7326	16.3153	344.5152	0.4579	508029.1662	0.0727	1.8766	0.0235	3.7965	0.1614	0.1637	0.1258	2.0210	0.0000	3.8314
61	82	0.2788	8	0	1	1	0	0	0	0	0	N	N	N	N	N	N	N	N	N	N	N	N	0.1259	0.0433	12.6460	1.8507	1.7103	2.9647	0.1335	0.0192	17.3688	0.0749	0.0349	0.3836	0.0456	0.0484	0.0020	0.0905	0.0270	0.4678	0.5947	0.8066	0.0303	0.0246	0.0283	0.0007	0.6777	1.4107	0.0269	1.4240	0.1651	0.0144	-0.0035	14.2360	9.0798	11.9336	0.9519	0.0480	0.0198	0.0282	0.0102	0.0101	0.0000	0.0379	0.0097	0.0282	0.0072	0.0061	0.0010	0.0001	0.0001	0.0000	0.0070	0.0060	0.0010	0.6416	0.5681	0.0736	0.2228	0.2095	0.0133	0.4188	0.3585	0.0603	0.1352	0.0668	0.0684	0.0082	0.0076	0.0006	0.1271	0.0592	0.0678	1.4156	0.3797	25.8953	3.2964	3.2596	2.9647	1.6327	0.2656	31.3257	0.0529	0.0919	0.0148	0.0138	0.0148	0.0007	0.0554	0.1017	0.0149
61	83	0.2061	5	0	2	1	0	0	0	0	0	N	Y	N	N	N	N	N	N	N	N	N	N	31.7616	13.4640	0.0000	7.5417	7.2989	255203.9049	inf	0.0000	0.0121	0.0137	0.0000	0.0192	0.0203	0.0000	0.0102	0.0118	0.0000	0.0004	0.0010	0.0000	0.0025	0.0028	0.0000	0.0000	0.0000	0.0000	0.0000	0.0001	-0.0040	-0.0001	14.2360	21.0000	11.9336	14.4214	0.0138	0.0138	0.0000	0.0046	0.0046	0.0000	0.0092	0.0092	0.0000	0.0001	0.0001	0.0000	0.0001	0.0001	0.0000	0.0000	0.0000	0.0000	1.1452	1.0097	0.1355	0.2426	0.2288	0.0138	0.9026	0.7809	0.1217	0.4840	0.2618	0.2223	0.0584	0.0533	0.0051	0.4256	0.2085	0.2172	39.4399	24.1953	0.0000	7.5417	7.2989	0.0000	255203.9049	inf	0.0000	0.0003	0.0006	0.0000	0.0025	0.0028	0.0000	0.0000	0.0000	0.0000	
61	84	0.2638	9	0	1	2	0	0	0	0	0	N	N	Y	N	N	N	N	N	N	N	N	N	0.1692	9.9179	0.0000	0.3156	2.3997	0.0000	0.1665	inf	0.0000	0.0234	0.0264	0.0000	0.0126	0.0134	0.0000	0.0273	0.0316	0.0000	0.1381	0.0027	0.0593	0.0400	0.0056	0.1872	0.1641	0.0000	0.0424	0.0000	21.7673	-0.0079	0.0017	14.2360	20.4085	11.9336	11.0867	0.0275	0.0275	0.0000	0.0040	0.0040	0.0000	0.0235	0.0235	0.0000	0.0052	0.0002	0.0050	0.0011	0.0002	0.0009	0.0041	0.0000	0.0041	1.1776	1.0435	0.1341	0.3172	0.2996	0.0176	0.8604	0.7439	0.1165	0.4029	0.2079	0.1950	0.0591	0.0498	0.0093	0.3438	0.1581	0.1857	1.8022	23.8916	0.0000	0.6585	2.8989	0.0000	2.2966	inf	0.0000	0.0130	0.0011	0.0256	0.0192	0.0046	0.0968	0.0119	0.0000	0.0220
61	85	0.2600	8	0	1	2	0	0	0	0	0	N	N	Y	N	N	N	N	N	N	N	N	N	0.0430	0.0119	0.7933	0.0701	0.0415	1.0826	0.0019	0.0026	0.0055	0.0019	0.0011	0.0090	0.0054	0.0028	0.0592	0.0000	0.0000	0.0000	0.0443	0.0902	0.0114	0.0768	0.0680	0.0547	0.0149	0.0107	0.0060	0.9836	0.6130	0.0001	-0.0001	14.2360	3.1287	11.9336	1.1816	0.0005	0.0002	0.0002	0.0005	0.0002	0.0002	0.0000	0.0000	0.0000	0.0005	0.0003	0.0002	0.0004	0.0003	0.0001	0.0002	0.0000	0.0001	0.2428	0.2174	0.0254	0.0851	0.0812	0.0039	0.1578	0.1362	0.0215	0.0664	0.0367	0.0297	0.0127	0.0113	0.0014	0.0537	0.0254	0.0283	0.2329	0.1168	1.3011	0.1764	0.0974	1.3948	0.0098	0.0682	0.0064	0.0082	0.0092	0.0069	0.0305	0.0290	0.0425	0.0029	0.0004	0.0051
61	86	0.2531	7	0	1	1	0	0	0	0	0	N	N	N	N	N	N	N	N	N	N	N	N	0.0050	0.0058	0.0005	0.0063	0.0064	0.0067	0.0038	0.1052	0.0000	0.0033	0.0036	0.0002	0.0056	0.0058	0.0015	0.0023	0.0026	0.0000	0.6557	0.6311	0.4413	0.8976	0.9048	0.2195	0.5909	0.0249	0.3417	0.0068	1.2058	-0.0002	-0.0005	14.2360	4.0532	11.9336	2.2470	0.0009	0.0009	0.0000	0.0004	0.0004	0.0000	0.0004	0.0004	0.0000	0.0066	0.0030	0.0036	0.0032	0.0030	0.0002	0.0034	0.0000	0.0034	0.2633	0.2350	0.0283	0.0788	0.0749	0.0039	0.1845	0.1601	0.0244	0.0995	0.0547	0.0449	0.0186	0.0166	0.0020	0.0809	0.0381	0.0428	0.0495	0.0668	0.0025	0.0329	0.0327	0.0134	0.0541	3.2396	0.0000	0.0661	0.0545	0.0802	0.1707	0.1782	0.1099	0.0420	0.0008	0.0787
61	87	0.2299	6	0	1	1	0	0	0	0	0	N	N	N	N	N	N	N	N	N	N	N	N	0.0005	0.0035	0.0000	0.0077	0.0093	0.0014	0.0000	0.0000	0.0000	0.0019	0.0021	0.0003	0.0048	0.0049	0.0016	0.0000	0.0000	0.0000	3.7297	0.5949	14.8395	0.6190	0.5290	1.1619	4.6797	0.7975	16.3421	0.0177	132.3791	-0.0002	0.3583	14.2360	4.7288	11.9336	9.8540	0.0007	0.0006	0.0000	0.0007	0.0006	0.0000	0.0000	0.0000	0.0000	0.9839	0.0074	0.9765	0.0062	0.0052	0.0010	0.9777	0.0021	0.9755	0.3462	0.3112	0.0350	0.1361	0.1297	0.0063	0.2101	0.1815	0.0287	0.2638	0.1544	0.1094	0.0549	0.0518	0.0031	0.2089	0.1025	0.1064	0.0005	0.0431	0.0000	0.0421	0.0489	0.0050	0.0000	0.0000	0.0000	3.7297	0.0478	8.9221	0.1136	0.1010	0.3251	4.6797	0.0209	9.1705
61	88	0.2061	5	0	1	1	0	0	0	0	0	N	N	N	N	N	N	N	N	N	N	N	N	0.0034	0.0718	0.0000	0.7871	2.0476	0.0000	0.0000	0.0000	0.0000	0.0029	0.0033	0.0000	0.0135	0.0144	0.0000	0.0000	0.0000	0.0000	0.8580	0.0458	2.3680	0.0172	0.0070	0.1570	1.0157	0.5112	2.2360	0.0000	36.6130	-0.0004	0.0129	14.2360	8.6320	11.9336	7.0881	0.0014	0.0014	0.0000	0.0014	0.0014	0.0000	0.0000	0.0000	0.0000	0.0373	0.0010	0.0363	0.0004	0.0002	0.0002	0.0369	0.0008	0.0361	0.4854	0.4275	0.0579	0.1038	0.0979	0.0059	0.3816	0.3296	0.0520	0.2432	0.1385	0.1047	0.0368	0.0345	0.0024	0.2064	0.1041	0.1023	0.0189	0.4589	0.0000	1.2878	2.7013	0.0000	0.0000	0.0000	0.0000	0.1535	0.0072	0.3470	0.0105	0.0053	0.0864	0.1789	0.0078	0.3530
61	89	0.2739	7	0	2	1	0	0	0	0	0	N	Y	N	N	N	N	N	N	N	N	N	N	59.0538	58.5511	0.0883	26.3743	25.7720	0.1309	65.8676	1033.8051	0.0888	0.0452	0.0507	0.0000	0.0487	0.0514	0.0000	0.0435	0.0504	0.0000	0.0008	0.0009	0.0004	0.0018	0.0020	0.0003	0.0007	0.0000	0.0004	0.0001	0.7332	-0.0125	-0.0000	14.2360	15.4622	11.9336	5.2688	0.0436	0.0436	0.0000	0.0149	0.0149	0.0000	0.0286	0.0286	0.0000	0.0001	0.0001	0.0001	0.0001	0.0001	0.0000	0.0001	0.0000	0.0001	0.9649	0.8594	0.1056	0.3066	0.2910	0.0157	0.6583	0.5684	0.0899	0.2798	0.1517	0.1281	0.0424	0.0388	0.0036	0.2374	0.1129	0.1245	94.2192	99.4259	0.0883	26.3743	25.7720	0.1309	185.0732	386750.1614	0.0888	0.0005	0.0005	0.0004	0.0018	0.0020	0.0003	0.0002	0.0000	0.0004
61	90	0.2621	6	0	1	1	0	0	0	0	0	N	N	N	N	N	N	N	N	N	N	N	N	1.7214	2.1684	0.2367	6.3858	6.0742	5.1066	0.7257	0.1716	0.0168	0.0621	0.0688	0.0041	0.1149	0.1196	0.0239	0.0341	0.0392	0.0002	0.0361	0.0317	0.0175	0.0180	0.0197	0.0047	0.0469	0.2285	0.0140	0.0069	1.0946	-0.0094	-0.0001	14.2360	7.5917	11.9336	1.5198	0.0334	0.0332	0.0002	0.0214	0.0212	0.0002	0.0120	0.0120	0.0000	0.0012	0.0005	0.0006	0.0004	0.0004	0.0000	0.0008	0.0002	0.0006	0.5378	0.4822	0.0556	0.1866	0.1774	0.0092	0.3512	0.3048	0.0464	0.1552	0.0906	0.0647	0.0354	0.0324	0.0030	0.1199	0.0582	0.0617	8.3773	11.3380	0.4461	10.5468	10.4331	5.1066	5.3336	12.8089	0.0247	0.0074	0.0061	0.0093	0.0109	0.0115	0.0047	0.0064	0.0031	0.0095
61	91	0.3713	10	1	1	2	0	0	0	0	0	N	N	Y	N	N	N	N	N	N	N	N	N	2203.3282	1223.9009	inf	546.7885	521.3427	inf	inf	inf	inf	0.1525	0.1718	0.0041	0.5094	0.5383	0.0017	0.0188	0.0211	0.0044	0.0001	0.0001	0.0000	0.0009	0.0010	0.0000	0.0000	0.0000	0.0000	0.0031	0.0000	-0.0074	-0.0000	14.2360	3.0317	11.9336	0.1644	0.0260	0.0259	0.0001	0.0236	0.0236	0.0000	0.0023	0.0022	0.0001	0.0000	0.0000	0.0000	0.0000	0.0000	0.0000	0.0000	0.0000	0.0000	0.1702	0.1506	0.0196	0.0464	0.0439	0.0025	0.1238	0.1067	0.0171	0.0408	0.0203	0.0204	0.0030	0.0027	0.0003	0.0377	0.0176	0.0201	2203.3282	1238.2955	inf	546.7885	521.3427	inf	inf	inf	inf	0.0001	0.0001	0.0000	0.0009	0.0010	0.0000	0.0000	0.0000	0.0000
61	92	0.3656	9	1	1	2	0	0	0	0	0	N	N	Y	N	N	N	N	N	N	N	N	N	7.2410	0.0041	985.3865	0.4586	0.0028	65.1740	56.7204	3.2712	1379.5360	4.6464	0.0035	41.9467	0.8507	0.0051	13.6252	6.9285	0.0024	49.5021	0.6417	0.8475	0.0426	1.8552	1.8508	0.2091	0.1222	0.0007	0.0359	1503.0134	0.1878	0.6834	-0.0015	14.2360	2.6632	11.9336	1.0147	0.9596	0.0006	0.9589	0.0660	0.0004	0.0656	0.8936	0.0003	0.8933	0.0032	0.0027	0.0005	0.0027	0.0027	0.0000	0.0005	0.0000	0.0005	0.2065	0.1837	0.0229	0.0775	0.0727	0.0048	0.1290	0.1109	0.0180	0.0505	0.0261	0.0244	0.0051	0.0047	0.0004	0.0454	0.0214	0.0240	74.3784	0.0341	2051.7903	1.6155	0.0092	127.7231	685.3201	471.2754	2592.2095	0.0625	0.1017	0.0204	0.5266	0.5598	0.1067	0.0101	0.0000	0.0191
61	93	0.2823	8	1	1	2	0	0	0	0	0	N	N	Y	N	N	N	N	N	N	N	N	N	0.3638	1.5789	0.3610	1.1111	1.1495	2.3590	0.3365	143.2465	0.3626	1.2281	0.8119	4.2833	1.2281	1.2547	0.7474	1.2281	0.6239	4.7706	3.3756	0.5143	11.8646	1.1053	1.0915	0.3168	3.6494	0.0044	13.1560	0.7185	191.1724	0.3325	0.7340	14.2360	35.0787	11.9336	12.2568	2.5388	1.4774	1.0615	0.7030	0.6806	0.0224	1.8358	0.7967	1.0390	2.0031	0.0104	1.9927	0.0108	0.0104	0.0004	1.9922	0.0000	1.9922	2.0673	1.8195	0.2478	0.5725	0.5425	0.0300	1.4949	1.2771	0.2178	0.5934	0.2975	0.2959	0.0475	0.0443	0.0032	0.5459	0.2532	0.2927	0.3638	23.1708	0.6362	5.3838	5.3505	5.3384	0.3365	3971.8600	0.7010	3.3756	0.0350	6.7331	0.2281	0.2345	0.1400	3.6494	0.0002	6.8054
61	94	0.2688	7	1	1	1	0	0	0	0	0	N	N	N	N	N	N	N	N	N	N	N	N	3.1592	7.4396	0.0359	22.3381	21.9242	11.6528	3.4375	4.5484	0.0425	2.3898	2.7352	0.0508	1.1860	1.2456	0.0202	3.0250	3.6371	0.0554	0.7564	0.3677	1.4140	0.0531	0.0568	0.0017	0.8800	0.7996	1.3027	0.0027	7.9843	-0.4870	0.0040	14.2360	8.4810	11.9336	2.3446	1.7123	1.7077	0.0047	0.2935	0.2933	0.0002	1.4188	1.4144	0.0044	0.0154	0.0017	0.0137	0.0003	0.0003	0.0000	0.0151	0.0014	0.0137	0.7165	0.6243	0.0922	0.2475	0.2355	0.0120	0.4690	0.3889	0.0802	0.1530	0.0785	0.0745	0.0127	0.0120	0.0007	0.1403	0.0665	0.0737	23.7840	125.5301	0.2768	49.3821	49.0247	11.6528	28.1588	172.0737	0.2988	0.1005	0.0218	0.1835	0.0240	0.0254	0.0017	0.1074	0.0211	0.1853
61	95	0.2061	5	0	2	1	1	0	0	0	0	N	Y	N	N	N	N	N	N	N	N	N	N	0.0007	1.2688	0.0000	1.0912	2.0174	0.0000	0.0000	inf	0.0000	0.0022	0.0025	0.0000	0.0104	0.0110	0.0000	0.0000	0.0000	0.0000	3.2576	0.0020	12.4380	0.0095	0.0055	0.0317	3.6754	0.0000	13.4926	0.0000	6901.5486	-0.0008	0.7407	14.2360	24.0032	11.9336	22.6134	0.0029	0.0029	0.0000	0.0029	0.0029	0.0000	0.0000	0.0000	0.0000	1.9938	0.0003	1.9935	0.0005	0.0003	0.0002	1.9933	0.0000	1.9933	1.2995	1.1461	0.1534	0.2748	0.2591	0.0156	1.0247	0.8870	0.1378	0.6120	0.3275	0.2845	0.0697	0.0631	0.0066	0.5423	0.2644	0.2779	0.0007	2.8396	0.0000	1.5422	2.4127	0.0000	0.0000	inf	0.0000	3.2576	0.0009	7.0068	0.0067	0.0046	0.0277	3.6754	0.0000	7.1716
61	96	0.4428	7	0	2	1	0	0	0	0	0	N	Y	N	N	N	N	N	N	N	N	N	N	0.0122	0.0092	0.0049	0.0106	0.0106	0.0033	12.1259	42.3637	0.0029	0.0043	0.0048	0.0000	0.0040	0.0042	0.0001	0.0043	0.0050	0.0000	0.3500	0.5225	0.0021	0.3769	0.3970	0.0251	0.0004	0.0001	0.0003	0.0003	0.0355	-0.0014	-0.0071	14.2360	18.5150	11.9336	10.2301	0.0048	0.0048	0.0000	0.0011	0.0011	0.0000	0.0036	0.0036	0.0000	0.0119	0.0115	0.0004	0.0118	0.0115	0.0004	0.0000	0.0000	0.0000	1.1173	0.9918	0.1255	0.2824	0.2678	0.0146	0.8348	0.7239	0.1109	0.5103	0.3182	0.1921	0.1557	0.1405	0.0152	0.3546	0.1777	0.1769	0.1827	0.1328	0.0049	0.0526	0.0516	0.0035	33.0090	13149.7184	0.0029	0.0233	0.0361	0.0021	0.0761	0.0818	0.0237	0.0001	0.0000	0.0003
61	97	0.2352	6	0	2	1	0	0	0	0	0	N	Y	N	N	N	N	N	N	N	N	N	N	0.8978	0.4132	77418263.6314	165.9387	8.2938	73658383.0047	0.6442	0.4046	0.0000	1.2389	0.9325	3.5936	2.0150	0.1187	34.9291	1.0233	1.1788	0.0000	1.3800	2.2567	0.0000	0.0121	0.0143	0.0000	1.5884	2.9136	0.0000	0.5013	0.0000	0.1400	-0.6261	14.2360	46.1140	11.9336	26.4917	2.9935	1.9939	0.9996	1.0585	0.0590	0.9996	1.9350	1.9350	0.0000	0.9963	0.9963	0.0000	0.0005	0.0005	0.0000	0.9958	0.9958	0.0000	2.4163	2.1381	0.2781	0.5253	0.4967	0.0286	1.8910	1.6414	0.2495	0.8702	0.4415	0.4287	0.0655	0.0596	0.0059	0.8047	0.3819	0.4228	1.0820	0.4132	77418263.6314	246.0422	13.1858	73658383.0047	0.8269	0.4521	0.0000	1.1449	2.2567	0.0000	0.0082	0.0090	0.0000	1.2375	2.6075	0.0000
61	98	0.4957	9	0	2	1	0	0	0	0	0	N	Y	N	N	N	N	N	N	N	N	N	N	0.0002	0.0001	0.0000	0.0988	0.3618	0.0000	0.0000	0.0000	0.0000	0.0006	0.0007	0.0000	0.0017	0.0018	0.0000	0.0000	0.0000	0.0000	3.1711	5.2451	0.0636	0.0176	0.0050	0.0709	4.5770	9.3549	0.0468	0.0001	0.0034	-0.0002	-0.6247	14.2360	20.7840	11.9336	8.9470	0.0007	0.0007	0.0000	0.0007	0.0007	0.0000	0.0000	0.0000	0.0000	0.9997	0.9963	0.0034	0.0010	0.0004	0.0007	0.9986	0.9959	0.0027	1.0795	0.9678	0.1117	0.4010	0.3828	0.0182	0.6785	0.5850	0.0935	0.3152	0.1899	0.1253	0.0971	0.0835	0.0136	0.2182	0.1065	0.1117	0.0002	0.0001	0.0000	0.1628	0.4231	0.0001	0.0000	0.0000	0.0000	3.1711	5.2451	0.0271	0.0107	0.0043	0.0499	4.5770	9.3549	0.0243
61	99	0.4908	8	0	1	1	0	0	0	0	0	N	N	N	N	N	N	N	N	N	N	N	N	0.0598	0.0492	0.5912	0.1048	0.1112	0.0111	0.0140	0.0027	1.2386	0.0365	0.0383	0.0166	0.0624	0.0645	0.0018	0.0053	0.0028	0.0206	0.6101	0.7773	0.0281	0.5960	0.5796	0.1583	0.3823	1.0355	0.0167	0.0394	0.1158	-0.0044	-0.0028	14.2360	2.7834	11.9336	1.0450	0.0175	0.0168	0.0007	0.0163	0.0163	0.0000	0.0012	0.0005	0.0006	0.0053	0.0048	0.0006	0.0040	0.0038	0.0001	0.0014	0.0010	0.0004	0.4786	0.4388	0.0398	0.2609	0.2525	0.0084	0.2176	0.1863	0.0314	0.0964	0.0559	0.0405	0.0357	0.0341	0.0016	0.0607	0.0218	0.0388	0.6584	0.4473	1.2150	0.5649	0.5773	0.0203	0.2329	0.0617	1.9375	0.0554	0.0856	0.0137	0.1105	0.1117	0.0869	0.0229	0.0448	0.0106
61	100	0.4807	7	0	1	1	0	0	0	0	0	N	N	N	N	N	N	N	N	N	N	N	N	15.0939	19.7063	2.3671	32.4165	40.8928	1.2518	11.6367	14.6900	4.1578	0.3043	0.3316	0.0309	0.3664	0.3806	0.0253	0.2494	0.2835	0.0324	0.0202	0.0168	0.0131	0.0113	0.0093	0.0202	0.0214	0.0193	0.0078	0.0093	1.0721	-0.0750	-0.0002	14.2360	7.6044	11.9336	2.7972	0.2698	0.2673	0.0025	0.1524	0.1520	0.0004	0.1174	0.1153	0.0021	0.0017	0.0008	0.0009	0.0010	0.0008	0.0002	0.0007	0.0001	0.0006	0.8867	0.8060	0.0807	0.4159	0.3992	0.0166	0.4709	0.4068	0.0641	0.3119	0.1942	0.1177	0.1302	0.1184	0.0118	0.1817	0.0759	0.1059	55.6065	78.2033	4.1183	47.1697	58.3338	1.2518	65.1734	419.6656	5.3187	0.0055	0.0042	0.0075	0.0078	0.0065	0.0202	0.0038	0.0007	0.0061
61	101	0.4311	6	0	1	1	0	0	0	0	0	N	N	N	N	N	N	N	N	N	N	N	N	1.0434	0.7757	5.6478	4.3898	2.2842	168.8147	0.3153	34.3657	0.0449	0.6032	0.3985	2.2389	1.7965	0.8984	19.3005	0.1777	0.2029	0.0139	0.5781	0.5138	0.3964	0.4092	0.3933	0.1143	0.5635	0.0059	0.3105	0.7028	1.3797	0.0874	-0.0013	14.2360	18.4780	11.9336	12.4520	0.6960	0.4087	0.2873	0.5449	0.2592	0.2857	0.1511	0.1496	0.0016	0.0267	0.0112	0.0155	0.0123	0.0112	0.0011	0.0144	0.0000	0.0144	1.1539	1.0256	0.1283	0.3033	0.2885	0.0148	0.8506	0.7371	0.1135	0.5274	0.3216	0.2058	0.1533	0.1378	0.0154	0.3741	0.1838	0.1904	11.9049	11.4135	29.7446	22.4198	11.0688	272.2245	4.6036	874.5363	0.1843	0.0507	0.0349	0.0753	0.0801	0.0812	0.0709	0.0386	0.0002	0.0756
61	102	0.3201	8	0	2	1	0	0	0	0	0	N	Y	N	N	N	N	N	N	N	N	N	N	0.1250	1.0278	0.0000	0.0265	0.0746	0.0001	0.1552	242.8580	0.0000	0.4264	0.4719	0.0002	0.0274	0.0286	0.0009	0.6742	0.7745	0.0000	3.4123	0.4591	14.0417	1.0353	0.3831	11.8099	4.3443	0.0032	15.0812	0.0000	206.2524	-0.3087	0.9838	14.2360	34.1922	11.9336	22.4626	1.0751	1.0751	0.0000	0.0265	0.0264	0.0000	1.0486	1.0486	0.0000	2.6819	0.0129	2.6690	0.0369	0.0129	0.0240	2.6450	0.0000	2.6450	2.5213	2.2783	0.2430	0.9660	0.9244	0.0416	1.5553	1.3539	0.2014	0.7860	0.4586	0.3274	0.1771	0.1613	0.0158	0.6089	0.2973	0.3116	0.1250	16.7228	0.0000	0.1315	0.3572	0.0006	0.1552	8157.0670	0.0000	3.4123	0.0282	8.1530	0.2084	0.0800	1.5215	4.3443	0.0001	8.4885
61	103	0.2722	7	0	2	1	0	0	0	0	0	N	Y	N	N	N	N	N	N	N	N	N	N	0.4889	0.7077	0.0021	6.0453	5.9084	0.8988	0.4948	0.4953	0.0018	0.5894	0.6594	0.0088	0.3552	0.3728	0.0141	0.7020	0.8110	0.0079	1.2056	0.9318	4.1341	0.0588	0.0631	0.0157	1.4187	1.6375	4.3271	0.0016	10.3071	-0.2503	0.1002	14.2360	22.5884	11.9336	11.0115	0.8767	0.8753	0.0014	0.1715	0.1712	0.0003	0.7052	0.7042	0.0011	0.3538	0.0313	0.3225	0.0020	0.0019	0.0001	0.3518	0.0294	0.3224	1.4874	1.3274	0.1600	0.4828	0.4592	0.0236	1.0046	0.8682	0.1364	0.4611	0.2509	0.2102	0.0768	0.0701	0.0067	0.3842	0.1808	0.2035	0.7680	5.2866	0.0057	13.6299	13.7800	0.8988	0.7666	4.9871	0.0050	0.7674	0.1247	1.5346	0.0261	0.0271	0.0157	0.9157	0.1626	1.5846
61	104	0.2422	6	0	1	1	0	0	0	0	0	N	N	N	N	N	N	N	N	N	N	N	N	22.3216	123.4527	0.2209	1757.0443	1787.3444	102.0599	6.2095	3.0659	0.0000	0.6556	0.7356	0.0056	1.0406	1.0942	0.0380	0.4764	0.5521	0.0000	0.0294	0.0060	0.0253	0.0006	0.0006	0.0004	0.0767	0.1801	0.0219	0.0009	5.2284	-0.1469	0.0004	14.2360	11.8100	11.9336	8.7888	0.5132	0.5128	0.0005	0.2587	0.2582	0.0005	0.2545	0.2545	0.0000	0.0020	0.0003	0.0017	0.0000	0.0000	0.0000	0.0020	0.0003	0.0017	0.7829	0.6970	0.0858	0.2486	0.2360	0.0126	0.5343	0.4610	0.0732	0.2957	0.1616	0.1341	0.0468	0.0429	0.0039	0.2489	0.1187	0.1302	95.5242	364.9333	0.4399	1757.0443	1787.3444	102.0599	59.2353	218.7827	0.0000	0.0069	0.0020	0.0127	0.0006	0.0006	0.0004	0.0080	0.0025	0.0131
61	105	0.2061	5	0	1	1	0	0	0	0	0	N	N	N	N	N	N	N	N	N	N	N	N	4224.1858	2501.9925	0.1033	65.7128	65.6735	0.0000	116894.9270	inf	0.1615	0.5610	0.6366	0.0000	0.0616	0.0653	0.0000	0.6960	0.8051	0.0000	0.0001	0.0003	0.0000	0.0009	0.0010	0.0002	0.0000	0.0000	0.0000	0.0000	0.0589	-0.1315	-0.0000	14.2360	14.7392	11.9336	7.3617	0.4579	0.4579	0.0000	0.0107	0.0107	0.0000	0.4472	0.4472	0.0000	0.0000	0.0000	0.0000	0.0000	0.0000	0.0000	0.0000	0.0000	0.0000	0.8163	0.7193	0.0970	0.1737	0.1638	0.0099	0.6425	0.5555	0.0871	0.3235	0.1795	0.1439	0.0441	0.0408	0.0033	0.2794	0.1388	0.1407	4224.1858	2817.3865	0.1033	65.7128	65.6735	0.0000	116894.9270	inf	0.1615	0.0001	0.0002	0.0000	0.0009	0.0010	0.0002	0.0000	0.0000	0.0000
61	106	0.2788	8	0	2	1	0	0	0	0	0	N	Y	N	N	N	N	N	N	N	N	N	N	57.7296	21.1805	4.1620	1.9910	1.8307	0.6026	56360.5477	3121.6719	0.0000	0.0368	0.0416	0.0000	0.0229	0.0244	0.0001	0.0423	0.0492	0.0000	0.0006	0.0020	0.0000	0.0115	0.0133	0.0001	0.0000	0.0000	0.0000	0.0000	0.0027	-0.0128	-0.0001	14.2360	20.0414	11.9336	7.0324	0.0447	0.0447	0.0000	0.0080	0.0080	0.0000	0.0367	0.0367	0.0000	0.0002	0.0002	0.0000	0.0002	0.0002	0.0000	0.0000	0.0000	0.0000	1.2150	1.0728	0.1422	0.3487	0.3277	0.0210	0.8663	0.7451	0.1211	0.3481	0.1712	0.1768	0.0191	0.0175	0.0015	0.3290	0.1537	0.1753	84.7263	47.3236	4.1620	2.8981	2.8415	0.6026	56360.5477	1182059.2308	0.0000	0.0004	0.0009	0.0000	0.0079	0.0086	0.0001	0.0000	0.0000	0.0000
61	107	0.2688	7	0	1	1	0	0	0	0	0	N	N	N	N	N	N	N	N	N	N	N	N	54.9117	21.1367	34.9933	8.0733	8.0261	0.1587	167.2082	11.2142	52.7791	0.6255	0.7149	0.0261	0.5387	0.5657	0.0029	0.6750	0.8130	0.0297	0.0114	0.0338	0.0007	0.0667	0.0705	0.0184	0.0040	0.0725	0.0006	0.0054	0.1105	-0.1129	-0.0002	14.2360	7.0315	11.9336	1.2144	0.4007	0.3985	0.0022	0.1251	0.1251	0.0000	0.2756	0.2734	0.0021	0.0004	0.0004	0.0000	0.0003	0.0003	0.0000	0.0001	0.0001	0.0000	0.6405	0.5574	0.0831	0.2322	0.2211	0.0111	0.4083	0.3363	0.0719	0.1196	0.0623	0.0573	0.0110	0.0104	0.0006	0.1086	0.0519	0.0567	174.2610	115.1790	34.9933	18.6338	19.1763	0.1587	657.5812	530.0019	52.7791	0.0036	0.0062	0.0007	0.0289	0.0295	0.0184	0.0010	0.0015	0.0006
61	108	0.2352	6	0	1	1	0	0	0	0	0	N	N	N	N	N	N	N	N	N	N	N	N	1057.5056	8206.2406	11.3577	7692.6447	15820.3557	7.8488	195.0317	172.5494	9.1380	2.8121	3.1770	0.0242	9.0533	9.5335	0.0734	0.9122	1.0523	0.0186	0.0027	0.0004	0.0021	0.0012	0.0006	0.0093	0.0047	0.0061	0.0020	0.0010	6.5434	-0.7678	0.0001	14.2360	16.2725	11.9336	4.4748	2.6835	2.6808	0.0027	2.0161	2.0153	0.0008	0.6673	0.6655	0.0018	0.0003	0.0000	0.0003	0.0000	0.0000	0.0000	0.0003	0.0000	0.0003	0.9543	0.8438	0.1105	0.2227	0.2114	0.0113	0.7316	0.6324	0.0992	0.2916	0.1513	0.1403	0.0280	0.0262	0.0018	0.2636	0.1251	0.1385	2379.1420	10517.7199	11.3577	7692.6447	15820.3557	7.8488	771.4156	4398.5646	9.1380	0.0012	0.0003	0.0021	0.0012	0.0006	0.0093	0.0012	0.0002	0.0020
61	109	0.2880	7	0	2	1	0	0	0	0	0	N	Y	N	N	N	N	N	N	N	N	N	N	2.1221	1.5646	269.8549	2.1260	2.1541	0.1009	2042.1042	2948.8145	936.0544	0.8696	0.9648	0.1070	2.1381	2.2623	0.0010	0.3876	0.4278	0.1237	0.4098	0.6166	0.0004	1.0057	1.0502	0.0095	0.0002	0.0001	0.0001	0.0138	0.0063	-0.5298	-0.0124	14.2360	40.5309	11.9336	14.7974	1.9372	1.9107	0.0264	1.3116	1.3115	0.0000	0.6256	0.5992	0.0264	0.0199	0.0198	0.0001	0.0198	0.0198	0.0001	0.0000	0.0000	0.0000	2.2276	1.9805	0.2471	0.6134	0.5797	0.0337	1.6141	1.4008	0.2134	0.6925	0.3774	0.3151	0.0990	0.0901	0.0089	0.5935	0.2873	0.3062	30.2781	18.4223	269.8549	10.6655	10.3186	0.1009	5663.7843	918384.6542	936.0544	0.0287	0.0524	0.0004	0.2005	0.2192	0.0095	0.0001	0.0000	0.0001
61	110	0.2621	6	0	2	1	0	0	0	0	0	N	Y	N	N	N	N	N	N	N	N	N	N	2.2918	11.6105	2.4719	0.9915	0.9442	0.5841	2.7324	3.2636	3.0356	1.6226	1.4223	3.2757	0.0108	0.0112	0.0031	2.3301	2.1001	3.8295	0.7080	0.1225	1.3251	0.0109	0.0119	0.0054	0.8528	0.6435	1.2615	0.2790	12.4991	-0.0960	0.0061	14.2360	13.5236	11.9336	3.5331	1.3906	1.0873	0.3033	0.0028	0.0028	0.0000	1.3878	1.0845	0.3033	0.0206	0.0015	0.0191	0.0004	0.0003	0.0000	0.0202	0.0012	0.0191	0.8570	0.7644	0.0926	0.2614	0.2480	0.0134	0.5956	0.5164	0.0792	0.2545	0.1424	0.1121	0.0463	0.0421	0.0042	0.2082	0.1002	0.1079	20.0452	132.6816	19.2577	1.4195	1.4321	0.5841	23.9585	175.9751	21.6977	0.0809	0.0107	0.1701	0.0076	0.0078	0.0054	0.0973	0.0119	0.1765
61	111	0.2061	5	0	1	1	0	0	0	0	0	N	N	N	N	N	N	N	N	N	N	N	N	0.0093	0.1290	0.0005	0.0820	0.0821	0.0001	0.0085	0.8502	0.0006	0.0205	0.0226	0.0048	0.0177	0.0188	0.0000	0.0212	0.0237	0.0053	2.2000	0.1752	8.9315	0.2160	0.2286	0.0087	2.5003	0.0279	9.3797	0.0285	323.8108	-0.0050	0.3686	14.2360	16.9399	11.9336	15.9768	0.0191	0.0186	0.0005	0.0035	0.0035	0.0000	0.0156	0.0151	0.0005	1.0000	0.0031	0.9969	0.0030	0.0029	0.0000	0.9970	0.0002	0.9969	0.9330	0.8223	0.1107	0.1982	0.1869	0.0113	0.7348	0.6354	0.0994	0.4545	0.2467	0.2079	0.0558	0.0510	0.0048	0.3988	0.1956	0.2031	0.0093	1.8099	0.0010	0.3346	0.3292	0.0001	0.0085	27.3563	0.0011	2.2000	0.0125	4.7954	0.0529	0.0570	0.0087	2.5003	0.0009	4.9077
61	112	0.3105	9	1	2	1	1	0	0	0	0	N	Y	N	N	N	N	N	N	N	N	N	N	0.0706	0.0302	0.0353	0.0332	0.0000	0.0000	0.0000	0.0001	0.0001	0.0000	0.0000	0.0000	0.0000	0.0005	0.0014	0.0000	0.0022	0.0025	0.0000	0.0000	0.0000	0.0000	0.0000	0.0000	-0.0000	-0.0000	14.2360	0.0019	11.9336	1.9928	0.0000	0.0000	0.0000	0.0000	0.0000	0.0000	0.0000	0.0000	0.0000	0.0000	0.0000	0.0000	0.0000	0.0000	0.0000	0.0000	0.0000	0.0000	0.0003	0.0003	0.0000	0.0001	0.0001	0.0000	0.0002	0.0001	0.0000	0.0265	0.0144	0.0121	0.0045	0.0040	0.0005	0.0220	0.0104	0.0115	0.0960	0.0592	0.0000	0.0353	0.0332	0.0000	0.0000	0.0000	0.0000	0.0004	0.0007	0.0000	0.0022	0.0025	0.0000	0.0000	0.0000	0.0000					
61	113	0.2869	8	1	2	1	1	0	0	0	0	N	Y	N	N	N	N	N	N	N	N	N	N	1.7111	0.6908	0.2833	0.9683	0.8514	0.3797	62.7572	3.4644	0.1154	0.0020	0.0022	0.0000	0.0066	0.0070	0.0000	0.0001	0.0001	0.0000	0.0012	0.0033	0.0000	0.0068	0.0082	0.0000	0.0000	0.0000	0.0000	0.0000	0.0013	-0.0003	-0.0001	14.2360	8.6942	11.9336	6.0502	0.0011	0.0011	0.0000	0.0010	0.0010	0.0000	0.0000	0.0000	0.0000	0.0001	0.0001	0.0000	0.0001	0.0001	0.0000	0.0000	0.0000	0.0000	0.5343	0.4751	0.0591	0.1585	0.1506	0.0079	0.3757	0.3245	0.0512	0.2011	0.1029	0.0981	0.0250	0.0220	0.0030	0.1761	0.0810	0.0951	3.0668	1.7676	0.2833	1.2617	1.1683	0.3797	62.7572	1277.2862	0.1154	0.0007	0.0013	0.0000	0.0052	0.0060	0.0000	0.0000	0.0000	0.0000
61	114	0.3080	12	0	2	1	1	0	0	0	0	N	Y	N	N	N	N	N	N	N	N	N	N	0.0000	0.0000	0.0000	0.0000	0.0000	0.0000	0.0000	0.0000	0.0000	0.0000	0.0000	0.0000	0.0000	0.0002	0.0007	0.0000	0.0005	0.0005	0.0000	0.0000	0.0000	0.0000	0.0000	0.0000	-0.0000	14.2360	0.0001	11.9336	0.0001	0.0000	0.0000	0.0000	0.0000	0.0000	0.0000	0.0000	0.0000	0.0000	0.0000	0.0000	0.0000	0.0000	0.0000	0.0000	0.0000	0.0000	0.0000	0.0000	0.0000	0.0000	0.0000	0.0000	0.0000	0.0000	0.0000	0.0000	0.0000	0.0000	0.0000	0.0000	0.0000	0.0000	0.0000	0.0000	0.0000	0.0000	0.0000	0.0000	0.0000	0.0000	0.0000	0.0000	0.0000	0.0000	0.0002	0.0004	0.0000	0.0005	0.0005	0.0000	0.0000	0.0000	0.0000						
61	115	0.3013	11	0	2	1	1	0	0	0	0	N	Y	N	N	N	N	N	N	N	N	N	N	0.0000	0.0000	inf	0.0000	0.0000	inf	0.0000	0.0000	0.0000	0.0000	0.0000	0.0000	0.0000	0.0000	0.0000	0.0009	0.0027	0.0000	0.0065	0.0082	0.0000	0.0000	0.0000	0.0000	inf	0.0000	0.0000	-0.0000	14.2360	3.0007	11.9336	1.0012	0.0000	0.0000	0.0000	0.0000	0.0000	0.0000	0.0000	0.0000	0.0000	0.0000	0.0000	0.0000	0.0000	0.0000	0.0000	0.0000	0.0000	0.0000	0.1714	0.1515	0.0199	0.0429	0.0406	0.0024	0.1285	0.1110	0.0175	0.0526	0.0266	0.0260	0.0059	0.0050	0.0008	0.0468	0.0216	0.0252	0.0001	0.0000	inf	0.0000	0.0000	inf	0.0000	0.0000	0.0000	0.0006	0.0011	0.0000	0.0051	0.0060	0.0000	0.0000	0.0000	0.0000			
61	116	0.2995	10	0	1	1	1	0	0	0	0	N	N	N	N	N	N	N	N	N	N	N	N	3981.4897	2450.9144	inf	1666.5782	1506.2472	inf	inf	inf	inf	0.0034	0.0038	0.0001	0.0119	0.0126	0.0000	0.0000	0.0000	0.0001	0.0000	0.0000	0.0000	0.0000	0.0000	0.0000	0.0000	0.0000	0.0000	0.0021	0.0854	-0.0001	-0.0000	14.2360	1.1177	11.9336	0.0023	0.0002	0.0002	0.0000	0.0002	0.0002	0.0000	0.0000	0.0000	0.0000	0.0000	0.0000	0.0000	0.0000	0.0000	0.0000	0.0000	0.0000	0.0000	0.0674	0.0598	0.0076	0.0192	0.0182	0.0010	0.0482	0.0416	0.0066	0.0148	0.0075	0.0073	0.0016	0.0014	0.0002	0.0132	0.0061	0.0071	3981.4897	2450.9144	inf	1666.5782	1506.2472	inf	inf	inf	inf	0.0000	0.0000	0.0000	0.0000	0.0000	0.0000	0.0000	0.0000	0.0000
61	117	0.1157	4	0	2	1	0	0	0	0	0	N	Y	N	N	N	N	N	N	N	N	N	N	0.9243	80.3722	0.0000	1.8405	3.5157	0.0000	0.8980	11468.4744	0.0000	1.2287	1.3938	0.0000	0.1966	0.2051	0.0000	1.3802	1.5861	0.0000	1.3294	0.0173	4.8277	0.1068	0.0583	0.9526	1.5370	0.0001	5.0429	0.0000	457.6952	-0.6482	0.3536	14.2360	31.2782	11.9336	23.9277	2.2576	2.2576	0.0000	0.0463	0.0462	0.0000	2.2114	2.2114	0.0000	0.9571	0.0021	0.9550	0.0031	0.0021	0.0011	0.9540	0.0000	0.9540	1.8374	1.6198	0.2176	0.2352	0.2256	0.0096	1.6022	1.3942	0.2080	0.9133	0.4846	0.4287	0.0851	0.0814	0.0037	0.8282	0.4032	0.4250	1.1725	323.7207	0.0000	5.3286	8.0017	0.0001	1.1983	3488951.6531	0.0000	1.0479	0.0043	2.2278	0.0369	0.0256	0.2857	1.1518	0.0000	2.2446
61	118	0.2995	10	0	1	2	1	0	0	0	0	N	N	Y	N	N	N	N	N	N	N	N	N	inf	inf	inf	inf	inf	inf	0.0045	0.0050	0.0000	0.0171	0.0181	0.0000	0.0000	0.0000	0.0000	0.0000	0.0000	0.0000	0.0000	0.0000	0.0000	0.0000	0.0000	0.0000	0.0000	-0.0003	0.0000	14.2360	3.8827	11.9336	2.9998	0.0010	0.0010	0.0000	0.0010	0.0010	0.0000	0.0000	0.0000	0.0000	0.0000	0.0000	0.0000	0.0000	0.0000	0.0000	0.0000	0.0000	0.0000	0.2246	0.1988	0.0258	0.0585	0.0553	0.0032	0.1661	0.1435	0.0226	0.0898	0.0453	0.0445	0.0099	0.0085	0.0014	0.0799	0.0369	0.0430	inf	inf	0.0000	inf	inf	0.0000	inf	inf	0.0000	0.0000	0.0000	0.0000	0.0000	0.0000	0.0000	0.0000	0.0000	0.0000				
61	119	0.2966	9	0	1	1	1	0	0	0	0	N	N	N	N	N	N	N	N	N	N	N	N	17141929.5694	inf	42.3036	46888013.4653	inf	inf	282.9517	inf	49.2701	4.9765	5.5575	0.0000	14.7923	15.5949	0.0000	0.0001	0.0001	0.0000	0.0000	0.0000	0.0000	0.0000	0.0000	0.0000	0.0000	0.0000	0.0000	0.0000	inf	-0.2864	0.0000	14.2360	2.8083	11.9336	0.0030	0.9975	0.9975	0.0000	0.9975	0.9975	0.0000	0.0000	0.0000	0.0000	0.0000	0.0000	0.0000	0.0000	0.0000	0.0000	0.0000	0.0000	0.0000	0.2004	0.1795	0.0210	0.0674	0.0640	0.0035	0.1330	0.1155	0.0175	0.0372	0.0187	0.0185	0.0041	0.0035	0.0006	0.0331	0.0152	0.0179	17141929.5694	inf	42.3036	46888013.4653	inf	inf	282.9517	inf	49.2701	0.0000	0.0000	0.0000	0.0000	0.0000	0.0000	0.0000	0.0000	0.0000
61	120	0.2966	9	0	1	2	1	0	0	0	0	N	N	Y	N	N	N	N	N	N	N	N	N	536917.2498	inf	44.1349	inf	inf	inf	676476.2177	inf	49.5070	0.0437	0.0493	0.0000	0.0011	0.0012	0.0000	0.0601	0.0694	0.0000	0.0000	0.0000	0.0000	0.0000	0.0000	0.0000	0.0000	0.0000	0.0000	0.0000	inf	-0.0073	0.0000	14.2360	9.6158	11.9336	0.0030	0.0253	0.0253	0.0000	0.0002	0.0002	0.0000	0.0251	0.0251	0.0000	0.0000	0.0000	0.0000	0.0000	0.0000	0.0000	0.0000	0.0000	0.0000	0.5787	0.5140	0.0648	0.1606	0.1519	0.0087	0.4182	0.3621	0.0561	0.1252	0.0631	0.0621	0.0138	0.0118	0.0020	0.1114	0.0513	0.0601	536917.2498	inf	44.1349	inf	inf	inf	676476.2177	inf	49.5070	0.0000	0.0000	0.0000	0.0000	0.0000	0.0000	0.0000	0.0000	0.0000
61	121	0.2869	8	0	1	1	1	0	0	0	0	N	N	N	N	N	N	N	N	N	N	N	N	121.0862	114.3283	1.4823	78.6009	79.1898	0.8572	1.6407	3.3222	1.3427	0.0057	0.0064	0.0001	0.0161	0.0169	0.0001	0.0001	0.0001	0.0001	0.0000	0.0001	0.0000	0.0002	0.0002	0.0001	0.0000	0.0000	0.0000	0.0011	0.6952	-0.0005	-0.0000	14.2360	4.2457	11.9336	2.0144	0.0017	0.0017	0.0000	0.0016	0.0016	0.0000	0.0000	0.0000	0.0000	0.0000	0.0000	0.0000	0.0000	0.0000	0.0000	0.0000	0.0000	0.0000	0.2881	0.2580	0.0301	0.1022	0.0975	0.0047	0.1859	0.1605	0.0254	0.0922	0.0479	0.0443	0.0134	0.0121	0.0013	0.0787	0.0358	0.0429	121.0862	119.0538	1.4823	78.6009	79.1898	0.8572	3.1806	1219.5678	1.3427	0.0000	0.0001	0.0000	0.0002	0.0002	0.0001	0.0000	0.0000	0.0000
61	122	0.2448	7	0	1	1	1	0	0	0	0	N	N	N	N	N	N	N	N	N	N	N	N	0.3787	0.1494	0.6143	0.1270	0.1197	0.0105	0.1248	0.0609	0.7160	0.0017	0.0019	0.0000	0.0063	0.0066	0.0000	0.0000	0.0000	0.0000	0.0045	0.0128	0.0000	0.0497	0.0554	0.0001	0.0000	0.0000	0.0000	0.0010	0.0074	-0.0004	-0.0004	14.2360	11.9190	11.9336	13.1740	0.0012	0.0012	0.0000	0.0012	0.0012	0.0000	0.0000	0.0000	0.0000	0.0006	0.0006	0.0000	0.0006	0.0006	0.0000	0.0000	0.0000	0.0000	0.7274	0.6460	0.0814	0.1948	0.1855	0.0093	0.5326	0.4605	0.0722	0.3301	0.1649	0.1653	0.0253	0.0231	0.0023	0.3048	0.1418	0.1630	0.9613	0.5440	0.6143	0.2769	0.2649	0.0105	0.2385	21.9666	0.7160	0.0018	0.0035	0.0000	0.0228	0.0250	0.0001	0.0000	0.0000	0.0000
61	123	0.4910	9	0	1	2	1	0	0	0	0	N	N	Y	N	N	N	N	N	N	N	N	N	0.4618	0.4552	0.0125	0.6385	0.5648	22.4599	0.0000	0.0000	0.0000	0.0001	0.0001	0.0000	0.0002	0.0002	0.0000	0.0000	0.0000	0.0000	0.0001	0.0002	0.0001	0.0003	0.0004	0.0000	0.0002	0.0000	0.0001	0.0024	0.5004	-0.0000	-0.0000	14.2360	12.8936	11.9336	4.1514	0.0001	0.0001	0.0000	0.0001	0.0001	0.0000	0.0000	0.0000	0.0000	0.0000	0.0000	0.0000	0.0000	0.0000	0.0000	0.0000	0.0000	0.0000	0.7857	0.7016	0.0842	0.2344	0.2236	0.0108	0.5514	0.4779	0.0734	0.2175	0.1279	0.0896	0.0598	0.0506	0.0092	0.1577	0.0773	0.0804	0.4618	0.4552	0.0125	0.6385	0.5648	22.4599	0.0000	0.0000	0.0000	0.0001	0.0002	0.0001	0.0003	0.0004	0.0000	0.0001	0.0000	0.0001
61	124	0.2601	8	0	2	1	0	0	0	0	0	N	Y	N	N	N	N	N	N	N	N	N	N	0.0497	0.2615	0.0000	0.1251	0.1329	0.0211	0.0520	924.5632	0.0000	0.0466	0.0525	0.0000	0.0134	0.0141	0.0000	0.0572	0.0660	0.0000	0.9363	0.2008	2.6346	0.1074	0.1063	0.0001	1.0986	0.0001	2.6226	0.0000	32.4543	-0.0100	0.0287	14.2360	12.7386	11.9336	8.7370	0.0347	0.0347	0.0000	0.0024	0.0024	0.0000	0.0323	0.0323	0.0000	0.0839	0.0025	0.0814	0.0025	0.0025	0.0000	0.0814	0.0000	0.0814	0.7458	0.6610	0.0848	0.1808	0.1719	0.0089	0.5650	0.4891	0.0759	0.3708	0.1863	0.1846	0.0675	0.0652	0.0022	0.3034	0.1211	0.1823	0.2058	3.9026	0.0000	0.3615	0.3676	0.0211	0.2131	322266.7629	0.0000	0.2262	0.0135	0.4409	0.0372	0.0384	0.0001	0.2682	0.0000	0.4463
61	125	0.2448	7	0	2	1	0	0	0	0	0	N	Y	N	N	N	N	N	N	N	N	N	N	1.8564	41.0358	0.0043	0.0049	0.0047	0.0044	2.2765	16.1954	0.0049	1.8024	2.0233	0.0124	0.0004	0.0004	0.0000	2.5283	2.9236	0.0141	0.9709	0.0493	2.8893	0.0730	0.0802	0.0014	1.1106	0.1805	2.8614	0.0008	71.0396	-0.2847	0.0135	14.2360	8.6431	11.9336	1.4782	0.9942	0.9935	0.0008	0.0001	0.0001	0.0000	0.9942	0.9934	0.0008	0.0377	0.0005	0.0372	0.0004	0.0004	0.0000	0.0374	0.0002	0.0372	0.5516	0.4910	0.0606	0.1584	0.1512	0.0072	0.3932	0.3398	0.0534	0.1416	0.0709	0.0706	0.0126	0.0116	0.0009	0.1290	0.0593	0.0697	6.7618	273.9923	0.0235	0.0121	0.0117	0.0044	8.7300	1154.2891	0.0263	0.2666	0.0074	0.5268	0.0298	0.0321	0.0014	0.2896	0.0025	0.5339
61	126	0.2352	6	0	1	1	0	0	0	0	0	N	N	N	N	N	N	N	N	N	N	N	N	0.2902	49.6019	0.2178	2.6560	6.0195	0.0284	0.1592	inf	0.2870	0.0054	0.0055	0.0050	0.0024	0.0025	0.0004	0.0066	0.0068	0.0054	0.0187	0.0001	0.0228	0.0009	0.0004	0.0143	0.0413	0.0000	0.0190	0.1122	82.8648	-0.0003	0.0002	14.2360	4.1618	11.9336	2.0491	0.0016	0.0014	0.0002	0.0002	0.0002	0.0000	0.0014	0.0012	0.0002	0.0005	0.0000	0.0005	0.0000	0.0000	0.0000	0.0005	0.0000	0.0005	0.2976	0.2648	0.0328	0.0831	0.0799	0.0032	0.2145	0.1849	0.0296	0.1050	0.0590	0.0460	0.0161	0.0155	0.0006	0.0889	0.0434	0.0454	1.0421	49.6019	0.4231	2.6560	6.0195	0.0284	1.0998	inf	0.4662	0.0052	0.0001	0.0117	0.0009	0.0004	0.0143	0.0060	0.0000	0.0117
61	127	0.2061	5	0	1	1	0	0	0	0	0	N	N	N	N	N	N	N	N	N	N	N	N	0.2273	163.5548	0.0011	1.0140	99.1326	0.0000	0.0801	inf	0.0016	0.0007	0.0008	0.0000	0.0020	0.0021	0.0000	0.0004	0.0005	0.0000	0.0032	0.0000	0.0033	0.0019	0.0000	0.0332	0.0050	0.0000	0.0026	0.0006	472.0470	-0.0001	0.0001	14.2360	9.4810	11.9336	7.4917	0.0004	0.0004	0.0000	0.0002	0.0002	0.0000	0.0002	0.0002	0.0000	0.0004	0.0000	0.0004	0.0001	0.0000	0.0001	0.0003	0.0000	0.0003	0.5320	0.4686	0.0634	0.1137	0.1072	0.0065	0.4183	0.3614	0.0569	0.2591	0.1466	0.1125	0.0383	0.0357	0.0025	0.2209	0.1109	0.1100	0.5384	163.5548	0.0012	1.0140	99.1326	0.0000	0.3179	inf	0.0016	0.0014	0.0000	0.0031	0.0019	0.0000	0.0289	0.0013	0.0000	0.0026
61	128	0.5032	10	1	2	1	0	0	0	0	0	N	Y	N	N	N	N	N	N	N	N	N	N	248.6106	inf	inf	inf	0.0000	0.0000	0.0000	0.0000	0.0000	0.0000	0.0000	0.0000	0.0000	0.0000	0.0000	0.0000	0.0000	0.0000	0.0000	0.0000	0.0000	0.0000	0.0000	-0.0000	-0.0000	14.2360	2.0107	11.9336	1.9995	0.0000	0.0000	0.0000	0.0000	0.0000	0.0000	0.0000	0.0000	0.0000	0.0000	0.0000	0.0000	0.0000	0.0000	0.0000	0.0000	0.0000	0.0000	0.1148	0.1017	0.0131	0.0327	0.0311	0.0017	0.0821	0.0707	0.0114	0.0507	0.0301	0.0205	0.0151	0.0128	0.0023	0.0356	0.0173	0.0183	248.6106	inf	0.0000	inf	inf	0.0000	0.0000	0.0000	0.0000	0.0000	0.0000	0.0000	0.0000	0.0000	0.0000	0.0000	0.0000	0.0000						
61	129	0.4910	9	1	2	1	0	0	0	0	0	N	Y	N	N	N	N	N	N	N	N	N	N	68.3379	15350.7804	0.0000	21877.8694	19718.2081	0.0000	0.0000	0.0000	0.0076	0.0085	0.0000	0.0230	0.0240	0.0000	0.0000	0.0000	0.0000	0.0001	0.0000	0.0003	0.0000	0.0000	0.0000	0.0004	0.0000	0.0003	0.0000	341.1532	-0.0008	0.0000	14.2360	5.6459	11.9336	1.1399	0.0029	0.0029	0.0000	0.0029	0.0029	0.0000	0.0000	0.0000	0.0000	0.0000	0.0000	0.0000	0.0000	0.0000	0.0000	0.0000	0.0000	0.0000	0.3866	0.3475	0.0391	0.1281	0.1229	0.0052	0.2585	0.2246	0.0339	0.0898	0.0530	0.0368	0.0250	0.0212	0.0038	0.0648	0.0318	0.0330	68.3379	15350.7804	0.0000	21877.8694	19718.2081	0.0000	0.0000	0.0000	0.0000	0.0001	0.0000	0.0003	0.0000	0.0000	0.0000	0.0002	0.0000	0.0003	
61	130	0.4607	8	0	1	1	0	0	0	0	0	N	N	N	N	N	N	N	N	N	N	N	N	0.8203	20.6585	2.5306	1.0329	11.9149	1.8608	0.9476	6.7180	2.7805	0.7295	0.0046	6.9577	0.0218	0.0050	0.4361	1.0409	0.0044	7.7948	0.8894	0.0002	2.7494	0.0211	0.0004	0.2344	1.0984	0.0007	2.8034	176.5661	1462.1247	0.4469	0.0211	14.2360	11.6079	11.9336	5.3766	0.6319	0.0036	0.6284	0.0058	0.0013	0.0045	0.6262	0.0023	0.6239	0.0569	0.0000	0.0568	0.0012	0.0000	0.0012	0.0556	0.0000	0.0556	0.8662	0.7759	0.0903	0.2647	0.2544	0.0103	0.6016	0.5215	0.0800	0.3089	0.1896	0.1194	0.1015	0.0910	0.0105	0.2074	0.0986	0.1088	3.9631	22.3710	14.6133	1.7793	11.9149	3.8162	3.8811	1036.5460	15.2498	0.1841	0.0002	0.4761	0.0122	0.0004	0.1143	0.2682	0.0000	0.5111
61	131	0.4428	7	0	1	1	0	0	0	0	0	N	N	N	N	N	N	N	N	N	N	N	N	0.4103	0.1160	0.7757	0.2341	0.2834	0.3380	0.3847	0.7380	0.7932	1.2271	0.0463	11.4605	0.0424	0.0416	0.0583	1.7906	0.0488	13.3635	2.9905	0.3990	14.7740	0.1810	0.1468	0.1725	4.6540	0.0661	16.8476	28.5581	188.4864	0.2609	0.3476	14.2360	3.9355	11.9336	8.7078	0.3842	0.0130	0.3712	0.0043	0.0040	0.0003	0.3799	0.0090	0.3709	0.9489	0.0050	0.9439	0.0056	0.0049	0.0007	0.9433	0.0001	0.9431	0.3131	0.2807	0.0324	0.1009	0.0963	0.0046	0.2122	0.1844	0.0278	0.3173	0.2096	0.1077	0.1146	0.1067	0.0079	0.2027	0.1029	0.0998	0.4103	1.9380	1.3078	0.8707	0.9135	0.6432	0.3847	33.4747	1.4138	2.9905	0.0239	8.7632	0.0487	0.0455	0.0906	4.6540	0.0015	9.4521
61	132	0.4311	6	0	1	1	0	0	0	0	0	N	N	N	N	N	N	N	N	N	N	N	N	2.4230	3.2567	0.0088	1.5207	1.6877	0.1163	2.6259	169.6485	0.0067	2.0378	2.2720	0.0179	1.0274	1.0710	0.0492	2.5261	2.9133	0.0130	0.8410	0.6976	2.0346	0.6756	0.6346	0.4231	0.9620	0.0172	1.9425	0.0009	2.3065	-0.2841	0.0027	14.2360	6.2657	11.9336	3.9760	0.9927	0.9918	0.0009	0.1631	0.1627	0.0003	0.8296	0.8290	0.0006	0.0385	0.0116	0.0268	0.0127	0.0116	0.0011	0.0258	0.0001	0.0257	0.4871	0.4365	0.0506	0.1587	0.1520	0.0068	0.3284	0.2846	0.0439	0.2765	0.1802	0.0963	0.1019	0.0952	0.0067	0.1746	0.0851	0.0896	14.6488	35.1968	0.0641	8.2500	8.8005	0.2987	17.1128	4718.0025	0.0454	0.1391	0.0646	0.2786	0.1245	0.1217	0.1647	0.1476	0.0006	0.2872
61	133	0.3538	5	0	1	1	0	0	0	0	0	N	N	N	N	N	N	N	N	N	N	N	N	0.4197	3.9505	0.0731	1.8375	6.5897	1.1083	0.3158	19.9529	0.0014	0.9276	0.9519	0.7345	0.9402	0.6517	6.7945	0.9234	1.0630	0.0160	2.2101	0.2409	10.0473	0.5117	0.0989	6.1308	2.9241	0.0533	11.2544	0.0969	247.9051	-0.3093	0.6809	14.2360	26.7012	11.9336	18.2690	1.5563	1.4187	0.1375	0.3973	0.2625	0.1349	1.1590	1.1563	0.0027	1.8522	0.0074	1.8447	0.0205	0.0071	0.0135	1.8316	0.0004	1.8312	1.6777	1.4905	0.1872	0.4226	0.4027	0.0198	1.2552	1.0878	0.1674	0.8381	0.4900	0.3481	0.2117	0.1976	0.0141	0.6264	0.2924	0.3340	0.4197	62.6792	0.1386	9.6891	18.2461	7.1056	0.3158	807.1270	0.0029	2.2101	0.0152	5.3002	0.0970	0.0357	0.9562	2.9241	0.0013	5.4836
61	134	0.1157	4	0	1	1	0	0	0	0	0	N	N	N	N	N	N	N	N	N	N	N	N	0.4925	3.4307	0.0567	41.0725	87.2390	14.2946	0.3563	1.1293	0.0006	0.9691	1.0412	0.4311	2.6805	2.3362	10.1381	0.7516	0.8609	0.0045	1.9676	0.3035	7.6026	0.0653	0.0268	0.7092	2.1094	0.7623	8.0905	0.0555	207.3308	-0.7354	1.1427	14.2360	61.4372	11.9336	55.8589	3.1355	2.9706	0.1649	0.9782	0.8149	0.1633	2.1573	2.1557	0.0016	3.1149	0.0150	3.0999	0.0031	0.0015	0.0016	3.1118	0.0135	3.0983	3.2354	2.8529	0.3825	0.3649	0.3488	0.0161	2.8705	2.5041	0.3664	1.5831	0.8256	0.7575	0.1079	0.1010	0.0069	1.4752	0.7246	0.7506	0.4925	57.4956	0.1054	93.9640	162.5094	42.9805	0.3563	46.2077	0.0011	1.9676	0.0181	4.0923	0.0285	0.0144	0.2359	2.1094	0.0186	4.1278
62	63	0.2464	8	2	1	1	0	0	0	0	0	Y	N	N	N	N	N	N	N	N	N	N	N	1.4312	0.4415	27.9891	2.3981	1.2736	736.8160	0.7666	0.0005	10.2199	0.0065	0.0036	0.0281	0.0262	0.0163	0.1992	0.0014	0.0000	0.0105	0.0045	0.0081	0.0010	0.0109	0.0128	0.0003	0.0019	0.0001	0.0010	1.0636	0.3569	0.0008	-0.0002	28.8660	5.0237	13.2209	8.0282	0.0036	0.0017	0.0019	0.0030	0.0017	0.0012	0.0006	0.0000	0.0006	0.0006	0.0004	0.0002	0.0004	0.0004	0.0000	0.0002	0.0000	0.0002	0.5559	0.4896	0.0663	0.1136	0.1075	0.0062	0.4423	0.3822	0.0601	0.3264	0.1730	0.1534	0.0568	0.0521	0.0047	0.2696	0.1209	0.1487	3.6215	1.4326	27.9891	3.4405	1.9659	736.8160	2.5163	0.1592	10.2199	0.0018	0.0025	0.0010	0.0076	0.0083	0.0003	0.0006	0.0000	0.0010
62	64	0.1834	7	2	1	1	0	0	0	0	0	Y	N	N	N	N	N	N	N	N	N	N	N	145.1362	35.9423	11524.7244	85.5859	60.5264	340069.2016	701.9963	0.2058	8756.0386	0.8279	0.5286	3.0745	2.9934	2.5777	10.6970	0.3181	0.0005	2.3848	0.0057	0.0147	0.0003	0.0350	0.0426	0.0000	0.0005	0.0022	0.0003	0.7751	0.0637	0.2515	-0.0010	28.8660	17.5893	13.2209	19.0270	1.6819	0.9475	0.7344	1.1589	0.9469	0.2120	0.5230	0.0007	0.5224	0.0017	0.0016	0.0001	0.0016	0.0016	0.0000	0.0001	0.0000	0.0001	2.0315	1.7927	0.2389	0.3872	0.3673	0.0198	1.6444	1.4253	0.2190	0.8164	0.4243	0.3922	0.0921	0.0830	0.0091	0.7244	0.3413	0.3831	386.9910	136.5692	11524.7244	169.8293	131.8420	340069.2016	1861.8232	8.0504	8756.0386	0.0021	0.0039	0.0003	0.0176	0.0196	0.0000	0.0002	0.0001	0.0003
62	65	0.1771	6	1	1	1	0	0	0	0	0	N	N	N	N	N	N	N	N	N	N	N	N	237.0722	75.9426	5527.2799	9.3784	7.8128	762.8961	386.1847	18.1174	5755.3392	2.0586	1.0430	9.9276	0.0844	0.0770	0.2827	2.5743	1.3240	10.6056	0.0087	0.0137	0.0018	0.0090	0.0099	0.0004	0.0067	0.0731	0.0018	1.2286	0.2714	0.1266	-0.0002	28.8660	1.7566	13.2209	2.8742	0.4793	0.2151	0.2642	0.0041	0.0036	0.0005	0.4752	0.2115	0.2637	0.0005	0.0004	0.0001	0.0003	0.0003	0.0000	0.0002	0.0001	0.0001	0.2328	0.2062	0.0266	0.0482	0.0465	0.0017	0.1846	0.1597	0.0249	0.1806	0.1163	0.0643	0.0486	0.0466	0.0020	0.1319	0.0697	0.0622	687.5450	285.2629	5527.2799	12.9828	11.3680	762.8961	1513.7497	841.3264	5755.3392	0.0030	0.0037	0.0018	0.0065	0.0068	0.0004	0.0017	0.0016	0.0018
62	66	0.3213	9	1	1	1	0	0	0	0	0	N	N	N	N	N	N	N	N	N	N	N	N	15.6435	3.5328	652.6636	5.6193	3.0460	2708.9031	67.9696	1402.5942	499.7515	1.7116	0.9790	6.5396	3.4834	1.9159	26.8553	1.1791	0.6677	4.0223	0.1094	0.2771	0.0100	0.6199	0.6290	0.0099	0.0173	0.0005	0.0080	1.0135	0.3666	0.8640	-0.0027	28.8660	21.1811	13.2209	10.1862	3.9957	1.9844	2.0113	1.8792	0.9686	0.9106	2.1165	1.0158	1.1007	0.0076	0.0056	0.0020	0.0056	0.0056	0.0000	0.0020	0.0000	0.0020	2.3345	2.0270	0.3076	0.5395	0.5056	0.0339	1.7951	1.5214	0.2736	0.6595	0.3352	0.3242	0.0492	0.0462	0.0031	0.6102	0.2891	0.3212	148.2541	58.9132	1038.1432	30.6137	15.8758	2708.9031	357.4946	281446.1528	642.0468	0.0115	0.0166	0.0063	0.1138	0.1207	0.0099	0.0033	0.0000	0.0063
62	67	0.3075	8	1	1	1	0	0	0	0	0	N	N	N	N	N	N	N	N	N	N	N	N	2.3953	0.3508	5024.1596	243.8823	218.3991	1478.8079	2.0740	0.0016	5547.1805	1.0043	0.2302	6.3834	0.8790	0.9226	0.1583	1.0417	0.0020	7.1074	0.4193	0.6563	0.0013	0.0036	0.0042	0.0001	0.5023	1.2071	0.0013	3.9904	0.0214	0.4625	-0.0034	28.8660	7.4253	13.2209	0.9851	0.9025	0.1808	0.7217	0.1816	0.1797	0.0019	0.7209	0.0012	0.7198	0.0056	0.0054	0.0001	0.0000	0.0000	0.0000	0.0055	0.0054	0.0001	0.8986	0.7856	0.1131	0.2065	0.1948	0.0118	0.6921	0.5908	0.1013	0.1846	0.0927	0.0918	0.0118	0.0109	0.0008	0.1728	0.0818	0.0910	33.3156	3.9185	5024.1596	253.7303	247.8723	1478.8079	32.5917	0.0296	5547.1805	0.0301	0.0588	0.0013	0.0035	0.0037	0.0001	0.0320	0.0661	0.0013
62	68	0.3301	9	1	0	2	0	0	0	0	0	N	N	Y	N	N	N	N	N	N	N	N	N	0.1207	0.0306	21.0574	0.1607	0.0960	7.3385	21.9291	1.3825	79.6282	0.0012	0.0008	0.0047	0.0033	0.0022	0.0265	0.0003	0.0001	0.0013	0.0102	0.0269	0.0002	0.0202	0.0227	0.0036	0.0000	0.0001	0.0000	0.6741	0.0280	0.0003	-0.0012	28.8660	15.0354	13.2209	6.2061	0.0026	0.0015	0.0010	0.0022	0.0014	0.0008	0.0004	0.0001	0.0003	0.0020	0.0019	0.0001	0.0020	0.0019	0.0001	0.0000	0.0000	0.0000	2.0948	1.8722	0.2226	0.6772	0.6473	0.0298	1.4176	1.2248	0.1928	0.5894	0.3471	0.2423	0.1648	0.1509	0.0139	0.4246	0.1962	0.2284	0.3684	0.1491	21.0574	0.2722	0.1716	7.3385	30.2132	464.8356	79.6282	0.0033	0.0055	0.0002	0.0119	0.0127	0.0036	0.0000	0.0000	0.0000
62	69	0.2620	8	1	0	1	0	0	0	0	0	N	N	N	N	N	N	N	N	N	N	N	N	1.9036	0.8570	1214.9851	2.8118	2.0444	3224.2662	33.7022	1.4024	603.6308	0.7262	0.5033	2.5171	2.1992	1.6900	11.9054	0.1807	0.0215	1.2161	0.3815	0.5873	0.0021	0.7821	0.8266	0.0037	0.0054	0.0153	0.0020	0.6224	0.0377	0.2400	-0.0135	28.8660	27.6811	13.2209	13.1592	2.4868	1.5328	0.9540	2.0354	1.4862	0.5492	0.4514	0.0466	0.4048	0.0229	0.0221	0.0008	0.0219	0.0219	0.0001	0.0010	0.0002	0.0008	3.4242	3.0452	0.3790	0.9255	0.8794	0.0461	2.4987	2.1658	0.3329	0.8721	0.4704	0.4017	0.1492	0.1356	0.0137	0.7229	0.3348	0.3880	27.6750	10.7361	1214.9851	14.9749	10.4767	3224.2662	134.8004	38.5254	603.6308	0.0262	0.0469	0.0021	0.1469	0.1613	0.0037	0.0013	0.0006	0.0020
62	70	0.2272	7	1	0	1	0	0	0	0	0	N	N	N	N	N	N	N	N	N	N	N	N	1.0011	0.7876	13.5822	11.8918	11.8374	84.2162	0.6072	0.2982	11.3325	0.5102	0.5288	0.3620	0.9173	0.9012	1.2619	0.3602	0.3770	0.2539	0.5096	0.6715	0.0266	0.0771	0.0761	0.0150	0.5932	1.2644	0.0224	0.0863	0.1691	-0.2759	-0.0122	28.8660	19.6565	13.2209	4.0504	1.3282	1.2227	0.1055	0.6429	0.6035	0.0394	0.6853	0.6192	0.0661	0.0253	0.0216	0.0037	0.0038	0.0037	0.0001	0.0214	0.0179	0.0035	2.6035	2.3120	0.2914	0.7008	0.6696	0.0312	1.9026	1.6424	0.2602	0.6310	0.3570	0.2741	0.1251	0.1177	0.0075	0.5059	0.2393	0.2666	12.7384	8.7332	27.1413	30.0106	28.5608	84.2162	8.4962	5.0395	19.1066	0.0400	0.0606	0.0133	0.0306	0.0316	0.0150	0.0424	0.0748	0.0133
62	71	0.3107	9	2	1	1	0	0	0	0	0	Y	N	N	N	N	N	N	N	N	N	N	N	7442.1140	1877.5079	9668314.4472	732.3780	694.0915	96.2374	6992446.0746	inf	12900135.2950	1.8063	1.4995	4.2010	2.9457	3.1094	0.0007	1.3691	0.8214	4.8209	0.0002	0.0008	0.0000	0.0040	0.0045	0.0000	0.0000	0.0000	0.0000	0.3590	0.0009	-0.0870	-0.0001	28.8660	17.5448	13.2209	6.0013	3.7846	2.7849	0.9997	1.7115	1.7115	0.0000	2.0730	1.0734	0.9997	0.0001	0.0001	0.0000	0.0001	0.0001	0.0000	0.0000	0.0000	0.0000	2.0952	1.8572	0.2380	0.5810	0.5504	0.0306	1.5141	1.3068	0.2074	0.5000	0.2526	0.2474	0.0321	0.0299	0.0023	0.4678	0.2227	0.2451	7597.4609	3188.8821	9668314.4472	797.1750	781.6603	96.2374	6992446.0746	inf	12900135.2950	0.0002	0.0005	0.0000	0.0037	0.0040	0.0000	0.0000	0.0000	0.0000
62	72	0.3791	12	2	1	2	0	0	0	0	0	Y	N	Y	N	N	N	N	N	N	N	N	N	0.6956	0.3694	164.6501	1.4664	1.4405	50.0024	179.6860	0.0036	0.0040	0.0000	0.0124	0.0130	0.0000	0.0000	0.0000	0.0000	0.0051	0.0109	0.0000	0.0085	0.0090	0.0000	0.0000	0.0000	0.0000	0.0002	0.0000	-0.0002	-0.0002	28.8660	1.8980	13.2209	2.9698	0.0008	0.0008	0.0000	0.0008	0.0008	0.0000	0.0000	0.0000	0.0000	0.0003	0.0003	0.0000	0.0003	0.0003	0.0000	0.0000	0.0000	0.0000	0.2327	0.2056	0.0271	0.0668	0.0639	0.0029	0.1659	0.1418	0.0241	0.1714	0.1083	0.0632	0.0539	0.0522	0.0017	0.1176	0.0561	0.0615	1.8108	1.2938	164.6501	1.9813	2.0070	0.0000	50.0024	0.0000	179.6860	0.0020	0.0031	0.0000	0.0063	0.0065	0.0000	0.0000	0.0000	0.0000		
62	73	0.3595	11	2	0	2	0	0	0	0	0	Y	N	Y	N	N	N	N	N	N	N	N	N	0.0032	0.0014	0.0299	0.0025	0.0023	0.4620	0.0036	0.0010	0.0401	0.0023	0.0012	0.0109	0.0030	0.0028	0.0075	0.0019	0.0001	0.0114	0.7268	0.8401	0.3643	1.1944	1.2041	0.0162	0.5407	0.0602	0.2841	1.2663	0.4475	0.0004	-0.0073	28.8660	3.5853	13.2209	4.3819	0.0016	0.0007	0.0009	0.0008	0.0007	0.0001	0.0008	0.0000	0.0008	0.0230	0.0159	0.0071	0.0157	0.0157	0.0000	0.0072	0.0001	0.0071	0.6870	0.6053	0.0817	0.2562	0.2455	0.0107	0.4309	0.3598	0.0711	0.2602	0.1598	0.1004	0.0620	0.0605	0.0016	0.1982	0.0994	0.0988	0.0263	0.0117	0.1541	0.0117	0.0107	0.4620	0.0531	0.0425	0.1593	0.0882	0.0992	0.0707	0.2538	0.2599	0.0162	0.0364	0.0014	0.0715
62	74	0.3281	10	2	0	2	0	0	0	0	0	Y	N	Y	N	N	N	N	N	N	N	N	N	1.5899	1.6891	0.0055	1.4393	1.4427	0.0128	1.0414	3.6349	0.0079	1.1410	1.2710	0.0031	2.0388	2.1308	0.0002	0.6679	0.7705	0.0036	0.7176	0.7525	0.5701	1.4166	1.4770	0.0137	0.6413	0.2120	0.4616	0.0003	0.9752	-0.5393	-0.0054	28.8660	12.3589	13.2209	7.3592	1.8799	1.8794	0.0005	1.1593	1.1593	0.0000	0.7206	0.7201	0.0005	0.0400	0.0203	0.0198	0.0198	0.0197	0.0001	0.0203	0.0006	0.0197	1.6476	1.4787	0.1690	0.5686	0.5440	0.0246	1.0790	0.9346	0.1444	0.4696	0.2543	0.2153	0.0599	0.0552	0.0047	0.4097	0.1991	0.2106	13.3793	15.9414	0.0340	6.1793	5.9715	0.0128	13.4972	272.7147	0.0388	0.0853	0.0797	0.0918	0.3299	0.3568	0.0137	0.0495	0.0028	0.0936
62	75	0.3107	9	2	0	2	0	0	0	0	0	Y	N	Y	N	N	N	N	N	N	N	N	N	0.5764	71.8895	0.0122	105.2364	114.4404	6.1845	0.0125	0.1994	0.0003	0.4108	0.4593	0.0153	1.2263	1.2837	0.1026	0.0103	0.0119	0.0003	0.7127	0.0064	1.2513	0.0117	0.0112	0.0166	0.8210	0.0595	1.1991	0.0041	75.7271	-0.1576	0.0072	28.8660	10.2127	13.2209	1.0234	0.5567	0.5544	0.0023	0.5473	0.5451	0.0022	0.0093	0.0093	0.0000	0.0200	0.0003	0.0198	0.0001	0.0001	0.0000	0.0199	0.0002	0.0198	1.3550	1.2071	0.1480	0.4463	0.4246	0.0217	0.9087	0.7824	0.1263	0.2449	0.1235	0.1214	0.0159	0.0148	0.0011	0.2291	0.1087	0.1203	5.0226	217.2397	0.0940	152.7467	174.0036	6.1845	0.1182	8.4802	0.0019	0.0818	0.0021	0.1628	0.0080	0.0074	0.0166	0.0869	0.0014	0.1642
62	76	0.3075	8	2	0	1	0	0	0	0	0	Y	N	N	N	N	N	N	N	N	N	N	N	263.9176	200326.3234	9.5104	73181.9941	85123.0193	2106.7259	0.2489	inf	2.2373	0.7187	0.8215	0.0229	2.8232	2.9557	0.1901	0.0013	0.0005	0.0054	0.0027	0.0000	0.0024	0.0000	0.0000	0.0001	0.0051	0.0000	0.0024	0.0041	583.4248	-0.1008	0.0000	28.8660	3.7027	13.2209	0.0091	0.3560	0.3546	0.0015	0.3555	0.3544	0.0011	0.0005	0.0002	0.0003	0.0001	0.0000	0.0001	0.0000	0.0000	0.0000	0.0001	0.0000	0.0001	0.4954	0.4316	0.0638	0.1259	0.1199	0.0060	0.3694	0.3117	0.0577	0.0823	0.0413	0.0410	0.0052	0.0049	0.0004	0.0770	0.0364	0.0406	597.5386	200326.3234	9.5104	73181.9941	85123.0193	2106.7259	0.9936	inf	2.2373	0.0012	0.0000	0.0024	0.0000	0.0000	0.0001	0.0013	0.0000	0.0024
62	77	0.2905	7	1	0	1	0	0	0	0	0	N	N	N	N	N	N	N	N	N	N	N	N	3.8828	3.3432	1.8006	0.7386	0.8044	0.0017	65.8558	50638.9367	3.2429	1.8972	2.1578	0.0428	0.7205	0.7693	0.0013	2.3314	2.7192	0.0495	0.4886	0.6454	0.0238	0.9755	0.9565	0.7604	0.0354	0.0001	0.0153	0.0028	0.1623	-0.2762	-0.0054	28.8660	3.8334	13.2209	6.1787	0.9714	0.9687	0.0027	0.0994	0.0994	0.0000	0.8719	0.8692	0.0027	0.0111	0.0095	0.0015	0.0098	0.0095	0.0003	0.0013	0.0000	0.0013	0.5120	0.4489	0.0631	0.1380	0.1293	0.0088	0.3740	0.3197	0.0543	0.2950	0.1687	0.1263	0.0509	0.0498	0.0012	0.2441	0.1190	0.1251	50.4454	38.1387	3.4898	3.7332	4.0110	0.0053	450.1251	19371210.9483	4.8997	0.0376	0.0566	0.0123	0.1930	0.1918	0.2440	0.0052	0.0000	0.0101
62	78	0.2514	6	1	0	1	0	0	0	0	0	N	N	N	N	N	N	N	N	N	N	N	N	1.9159	1.4540	108.9827	1.7901	1.8503	26.1423	204.5529	70.5177	120.4292	0.8965	0.9917	0.1273	1.8302	1.9302	0.0845	0.5552	0.6186	0.1338	0.4679	0.6821	0.0012	1.0224	1.0432	0.0032	0.0027	0.0088	0.0011	0.0159	0.0151	-0.4988	-0.0126	28.8660	16.9094	13.2209	5.8161	1.8373	1.8086	0.0287	1.0040	1.0015	0.0025	0.8333	0.8071	0.0262	0.0206	0.0203	0.0003	0.0202	0.0202	0.0000	0.0004	0.0001	0.0003	2.0494	1.8237	0.2258	0.5486	0.5188	0.0297	1.5009	1.3048	0.1960	0.5866	0.3250	0.2615	0.0998	0.0928	0.0070	0.4868	0.2323	0.2545	25.5355	15.8884	108.9827	9.0305	8.8625	26.1423	745.0263	1795.1793	120.4292	0.0351	0.0624	0.0012	0.2027	0.2178	0.0032	0.0007	0.0003	0.0011
62	79	0.1771	6	1	1	1	0	0	0	0	0	N	N	N	N	N	N	N	N	N	N	N	N	0.2935	0.0010	39518.4169	6.4466	7.0468	0.1890	0.2958	0.0000	129950.9595	0.3938	0.0021	3.2195	0.0119	0.0126	0.0005	0.4622	0.0000	3.4556	1.3420	1.9921	0.0001	0.0018	0.0018	0.0025	1.5625	2.8378	0.0000	217.3945	0.0000	0.7116	-0.6282	28.8660	23.9173	13.2209	17.8091	1.0046	0.0046	1.0000	0.0046	0.0046	0.0000	1.0000	0.0000	1.0000	0.9999	0.9999	0.0000	0.0002	0.0002	0.0000	0.9997	0.9997	0.0000	2.5509	2.2403	0.3106	0.3875	0.3663	0.0212	2.1634	1.8740	0.2894	0.9314	0.5019	0.4295	0.1075	0.0980	0.0096	0.8238	0.4039	0.4199	0.3668	0.0010	39518.4169	6.4466	7.0468	0.1890	0.3809	0.0000	129950.9595	1.0736	1.9921	0.0001	0.0018	0.0018	0.0025	1.2134	2.4748	0.0000
62	80	0.1610	5	1	1	1	0	0	0	0	0	N	N	N	N	N	N	N	N	N	N	N	N	1.6981	0.4727	47.8808	0.2228	0.2435	0.0001	1.4122	0.0287	57.3460	0.0067	0.0033	0.0311	0.0006	0.0007	0.0000	0.0077	0.0037	0.0329	0.0040	0.0069	0.0006	0.0028	0.0027	0.0049	0.0054	0.1294	0.0006	1.3552	0.1988	0.0013	-0.0002	28.8660	6.1279	13.2209	3.6878	0.0045	0.0019	0.0026	0.0001	0.0001	0.0000	0.0045	0.0019	0.0026	0.0004	0.0004	0.0001	0.0001	0.0001	0.0000	0.0003	0.0002	0.0001	0.6723	0.5883	0.0840	0.0899	0.0852	0.0047	0.5823	0.5031	0.0792	0.2740	0.1625	0.1115	0.0444	0.0425	0.0019	0.2295	0.1200	0.1096	4.2350	1.4608	47.8808	0.2228	0.2435	0.0001	5.6522	1.7872	57.3460	0.0016	0.0022	0.0006	0.0028	0.0027	0.0049	0.0014	0.0021	0.0006
62	83	0.1610	5	1	1	1	0	0	0	0	0	N	N	N	N	N	N	N	N	N	N	N	N	0.2505	0.1104	0.0000	0.2658	0.2475	0.0000	0.0000	0.0002	0.0002	0.0000	0.0016	0.0016	0.0000	0.0000	0.0000	0.0000	0.0008	0.0021	0.0000	0.0059	0.0067	0.0000	0.0000	0.0000	0.0000	0.0000	0.0001	-0.0001	-0.0003	28.8660	21.0000	13.2209	14.4214	0.0005	0.0005	0.0000	0.0005	0.0005	0.0000	0.0000	0.0000	0.0000	0.0004	0.0004	0.0000	0.0004	0.0004	0.0000	0.0000	0.0000	0.0000	2.2202	1.9466	0.2736	0.2946	0.2792	0.0154	1.9256	1.6675	0.2582	0.8057	0.4363	0.3694	0.0853	0.0788	0.0065	0.7204	0.3576	0.3629	0.4103	0.2535	0.0000	0.3274	0.3191	0.0000	0.0000	0.0000	0.0000	0.0005	0.0009	0.0000	0.0048	0.0052	0.0000	0.0000	0.0000	0.0000		
62	84	0.2187	9	1	0	2	0	0	0	0	0	N	N	Y	N	N	N	N	N	N	N	N	N	0.7146	0.4601	0.8564	0.1952	0.1797	0.0793	25534.7198	178457.2876	8.7028	1.1266	1.2764	0.0003	1.8586	1.9794	0.0006	0.9077	1.0484	0.0003	1.5765	2.7738	0.0004	9.5190	11.0172	0.0078	0.0000	0.0000	0.0000	0.0000	0.0001	-0.7403	-0.6213	28.8660	20.4085	13.2209	11.0867	2.5786	2.5785	0.0001	0.9794	0.9793	0.0000	1.5992	1.5992	0.0001	0.9890	0.9889	0.0001	0.9890	0.9889	0.0001	0.0000	0.0000	0.0000	2.2889	2.0202	0.2687	0.5269	0.4948	0.0322	1.7619	1.5254	0.2365	0.6653	0.3565	0.3088	0.1039	0.0898	0.0141	0.5614	0.2667	0.2946	0.7578	0.4601	0.8564	0.1952	0.1797	0.0793	50841.8439	164492477.9004	8.7028	1.4866	2.7738	0.0004	9.5190	11.0172	0.0078	0.0000	0.0000	0.0000
62	85	0.2150	8	1	0	2	0	0	0	0	0	N	N	Y	N	N	N	N	N	N	N	N	N	4.8082	4.1159	28.4809	6.0193	6.1502	1.2263	3.8730	47.9497	41.4053	2.5990	2.3786	4.3605	4.2210	4.5494	0.0127	1.5938	0.9356	5.8028	0.5405	0.5779	0.1531	0.7012	0.7397	0.0103	0.4115	0.0195	0.1401	0.2293	0.7716	-0.1365	-0.0009	28.8660	3.1287	13.2209	1.1816	1.3565	1.1035	0.2530	0.8429	0.8428	0.0002	0.5136	0.2607	0.2529	0.0049	0.0028	0.0021	0.0027	0.0027	0.0000	0.0021	0.0000	0.0021	0.5219	0.4639	0.0580	0.1997	0.1852	0.0145	0.3222	0.2787	0.0436	0.1083	0.0616	0.0468	0.0214	0.0192	0.0022	0.0869	0.0424	0.0446	57.6497	53.1329	95.8427	32.8121	32.0272	1.2263	64.9495	1366.0730	122.9063	0.0451	0.0448	0.0455	0.1286	0.1420	0.0103	0.0245	0.0007	0.0472
62	86	0.2080	7	1	0	1	0	0	0	0	0	N	N	N	N	N	N	N	N	N	N	N	N	8.7338	9.6335	63.2936	35.9278	35.2433	12.9172	8.0271	40.0019	99.0402	4.3084	1.8602	23.2005	3.8963	4.2367	0.0206	4.5016	0.6819	29.9158	0.4933	0.1931	0.3666	0.1084	0.1202	0.0016	0.5608	0.0170	0.3021	1.6163	4.1564	0.8002	0.0011	28.8660	4.0532	13.2209	2.2470	2.4203	0.9251	1.4952	0.6987	0.6984	0.0003	1.7216	0.2267	1.4949	0.0062	0.0012	0.0050	0.0012	0.0012	0.0000	0.0050	0.0000	0.0050	0.5618	0.4973	0.0644	0.1793	0.1648	0.0145	0.3824	0.3325	0.0500	0.1623	0.0916	0.0706	0.0313	0.0282	0.0031	0.1310	0.0635	0.0675	112.8538	141.9091	328.0941	104.4479	102.7083	12.9172	117.2739	1112.3103	404.8064	0.0382	0.0131	0.0707	0.0373	0.0412	0.0016	0.0384	0.0006	0.0739
62	87	0.1849	6	1	0	1	0	0	0	0	0	N	N	N	N	N	N	N	N	N	N	N	N	0.6158	8.7357	0.0144	15.0992	15.7373	0.0833	0.4513	544.5211	0.0177	1.1443	1.2968	0.1217	1.2978	1.4331	0.0004	1.0630	1.2200	0.1626	1.8582	0.1484	8.4370	0.0859	0.0911	0.0045	2.3554	0.0022	9.1846	0.0140	265.3560	-0.2424	0.2918	28.8660	4.7288	13.2209	9.8540	0.8870	0.8748	0.0122	0.3485	0.3485	0.0000	0.5385	0.5262	0.0122	0.7932	0.0030	0.7902	0.0030	0.0030	0.0000	0.7902	0.0000	0.7902	0.7751	0.6745	0.1006	0.2686	0.2432	0.0254	0.5066	0.4314	0.0752	0.4269	0.2548	0.1721	0.0914	0.0861	0.0053	0.3355	0.1687	0.1668	0.6158	110.9442	0.0265	39.6383	41.5819	0.0833	0.4513	20876.1327	0.0343	1.8582	0.0117	4.5915	0.0327	0.0345	0.0045	2.3554	0.0001	4.7364
62	88	0.1610	5	1	0	1	0	0	0	0	0	N	N	N	N	N	N	N	N	N	N	N	N	0.8024	13.3617	0.0004	0.0673	0.0659	0.4045	0.7894	75.6857	0.0004	0.8719	0.9958	0.0014	0.0064	0.0067	0.0013	1.0053	1.1629	0.0014	1.0866	0.0745	3.7384	0.0949	0.1012	0.0032	1.2734	0.0154	3.7870	0.0002	97.0821	-0.2354	0.0701	28.8660	8.6320	13.2209	7.0881	0.8204	0.8202	0.0002	0.0008	0.0008	0.0000	0.8196	0.8194	0.0002	0.1938	0.0020	0.1919	0.0019	0.0019	0.0000	0.1920	0.0001	0.1919	0.9409	0.8237	0.1172	0.1256	0.1191	0.0066	0.8153	0.7046	0.1107	0.4018	0.2281	0.1736	0.0544	0.0513	0.0030	0.3474	0.1768	0.1706	1.8071	114.9520	0.0012	0.1842	0.1825	0.4045	1.8193	2070.0563	0.0012	0.4825	0.0087	1.1051	0.0347	0.0366	0.0032	0.5526	0.0006	1.1247
62	89	0.2288	7	1	1	1	0	0	0	0	0	N	N	N	N	N	N	N	N	N	N	N	N	39.0338	107.7351	176.2975	1.0604	6.8999	0.0119	232.7349	34200.9331	1370.4022	1.6057	1.1949	4.8057	0.1616	0.1694	0.0190	2.1062	1.5847	5.4402	0.0411	0.0111	0.0273	0.1524	0.0246	1.6002	0.0090	0.0000	0.0040	0.5163	3.5713	0.1566	0.0005	28.8660	15.4622	13.2209	5.2688	2.9340	1.9350	0.9991	0.0760	0.0756	0.0005	2.8580	1.8594	0.9986	0.0036	0.0008	0.0028	0.0028	0.0008	0.0020	0.0008	0.0000	0.0008	1.8272	1.6193	0.2079	0.4703	0.4459	0.0243	1.3569	1.1734	0.1836	0.4556	0.2477	0.2079	0.0625	0.0578	0.0047	0.3931	0.1899	0.2032	204.6863	378.6004	357.7692	3.6436	12.5213	0.0448	1032.3110	12808010.6550	1378.0830	0.0078	0.0032	0.0134	0.0444	0.0135	0.4231	0.0020	0.0000	0.0039
62	90	0.2170	6	1	0	1	0	0	0	0	0	N	N	N	N	N	N	N	N	N	N	N	N	0.3560	0.8665	0.0447	0.0574	0.2967	0.0088	0.5224	12.5346	0.0921	0.2869	0.3118	0.0845	0.0836	0.0757	0.2311	0.3640	0.4097	0.0630	0.8058	0.3599	1.8916	1.4567	0.2552	26.3762	0.6967	0.0327	0.6841	0.0334	8.6466	-0.0739	0.0080	28.8660	7.5917	13.2209	1.5198	0.2899	0.2805	0.0094	0.0232	0.0200	0.0033	0.2666	0.2605	0.0061	0.0299	0.0031	0.0268	0.0182	0.0030	0.0152	0.0117	0.0001	0.0117	1.0104	0.8996	0.1108	0.2778	0.2636	0.0142	0.7326	0.6360	0.0966	0.2505	0.1460	0.1045	0.0536	0.0493	0.0043	0.1970	0.0968	0.1002	2.4012	14.6736	0.3292	0.2463	1.2383	0.0654	6.1016	430.8153	0.5415	0.1195	0.0213	0.2567	0.3396	0.0611	3.5318	0.0596	0.0010	0.1163
62	91	0.2009	6	2	0	2	0	0	0	0	0	Y	N	Y	N	N	N	N	N	N	N	N	N	3723582.1302	inf	278.7515	inf	inf	inf	4194470.3156	inf	148.8368	0.2858	0.3250	0.0000	0.0384	0.0405	0.0003	0.3448	0.3996	0.0000	0.0000	0.0000	0.0000	0.0000	0.0000	0.0000	0.0000	0.0000	0.0000	0.0000	inf	-0.0274	0.0000	28.8660	3.0317	13.2209	0.1644	0.0953	0.0953	0.0000	0.0025	0.0025	0.0000	0.0928	0.0928	0.0000	0.0000	0.0000	0.0000	0.0000	0.0000	0.0000	0.0000	0.0000	0.0000	0.3335	0.2932	0.0403	0.0642	0.0608	0.0034	0.2692	0.2323	0.0369	0.0704	0.0351	0.0353	0.0047	0.0043	0.0004	0.0657	0.0308	0.0349	3723582.1302	inf	278.7515	inf	inf	inf	4194470.3156	inf	148.8368	0.0000	0.0000	0.0000	0.0000	0.0000	0.0000	0.0000	0.0000	0.0000
62	92	0.1951	5	2	0	2	0	0	0	0	0	Y	N	Y	N	N	N	N	N	N	N	N	N	5.4251	0.6543	9045.6860	1980.6339	986.4860	1802.5419	2.5139	0.0488	6075.6189	0.0383	0.0147	0.2078	0.0441	0.0033	0.6477	0.0355	0.0207	0.1200	0.0071	0.0225	0.0000	0.0000	0.0000	0.0004	0.0141	0.4234	0.0000	1.9650	0.0043	0.0057	-0.0001	28.8660	2.6632	13.2209	1.0147	0.0152	0.0051	0.0101	0.0056	0.0004	0.0052	0.0096	0.0047	0.0048	0.0002	0.0002	0.0000	0.0000	0.0000	0.0000	0.0002	0.0002	0.0000	0.3969	0.3484	0.0485	0.1273	0.1193	0.0081	0.2695	0.2291	0.0404	0.0854	0.0438	0.0415	0.0074	0.0070	0.0004	0.0780	0.0368	0.0411	14.8249	2.9378	9045.6860	1980.6339	986.4860	1802.5419	12.5831	3.4668	6075.6189	0.0026	0.0050	0.0000	0.0000	0.0000	0.0004	0.0028	0.0060	0.0000
62	93	0.1118	4	2	0	2	0	0	0	0	0	Y	N	Y	N	N	N	N	N	N	N	N	N	0.8581	0.5190	120872.2944	250.6051	93.4768	211862.3062	0.6178	0.3831	13474.4907	1.0899	0.9862	1.8225	2.1220	0.8358	26.4051	0.9038	1.0160	0.1987	1.2701	1.9003	0.0000	0.0085	0.0089	0.0001	1.4629	2.6520	0.0000	0.2616	0.0000	-0.3405	-0.6236	28.8660	35.0787	13.2209	12.2568	4.2694	3.3840	0.8854	1.2698	0.4750	0.7948	2.9995	2.9090	0.0906	0.9924	0.9924	0.0000	0.0004	0.0004	0.0000	0.9920	0.9920	0.0000	3.9172	3.4314	0.4858	0.5984	0.5683	0.0301	3.3188	2.8630	0.4557	1.0638	0.5357	0.5281	0.0638	0.0622	0.0016	1.0000	0.4736	0.5265	1.1683	0.5324	120872.2944	338.7485	130.1587	211862.3062	0.9111	0.4850	13474.4907	0.9329	1.8524	0.0000	0.0063	0.0064	0.0001	0.9920	2.0947	0.0000
62	94	0.0983	3	2	0	1	0	0	0	0	0	Y	N	N	N	N	N	N	N	N	N	N	N	4.9507	3.1866	614.6786	13.0543	10.4207	452.7356	5.0485	2.0091	355.0217	1.6899	1.8007	0.9533	1.1051	0.8685	5.3052	1.8465	2.0794	0.5429	0.3413	0.5651	0.0016	0.0847	0.0833	0.0117	0.3658	1.0350	0.0015	0.0797	0.0340	-0.4402	-0.0037	28.8660	8.4810	13.2209	2.3446	2.0632	1.9110	0.1522	0.2851	0.2121	0.0730	1.7781	1.6989	0.0792	0.0063	0.0061	0.0002	0.0006	0.0006	0.0000	0.0057	0.0055	0.0002	1.2209	1.0612	0.1597	0.2580	0.2442	0.0138	0.9629	0.8170	0.1459	0.2732	0.1402	0.1330	0.0172	0.0169	0.0003	0.2560	0.1232	0.1327	73.6546	41.6475	614.6786	34.0486	26.4751	452.7356	82.7926	46.5486	355.0217	0.0229	0.0432	0.0016	0.0325	0.0328	0.0117	0.0223	0.0447	0.0015
62	95	0.1610	5	1	1	1	1	0	0	0	0	N	N	N	N	N	N	N	N	N	N	N	N	0.9036	0.4653	65783.8906	569.8395	576.0286	0.0000	0.6299	0.2085	128305877.9925	1.1698	0.8811	3.2300	2.5929	2.7358	0.0000	0.9524	0.5712	3.4228	1.2946	1.8935	0.0000	0.0046	0.0047	0.0028	1.5120	2.7396	0.0000	0.5136	0.0000	0.1538	-0.6285	28.8660	24.0032	13.2209	22.6134	2.9471	1.9471	1.0000	0.8656	0.8656	0.0000	2.0815	1.0815	1.0000	1.0003	1.0003	0.0000	0.0004	0.0004	0.0000	0.9999	0.9999	0.0000	2.5194	2.2098	0.3096	0.3338	0.3164	0.0174	2.1855	1.8934	0.2922	1.0207	0.5475	0.4732	0.1014	0.0930	0.0084	0.9193	0.4544	0.4648	1.1935	0.4822	65783.8906	643.5730	660.5903	0.0000	0.8756	0.2596	128305877.9925	0.9801	1.8271	0.0000	0.0040	0.0041	0.0028	1.0877	2.2003	0.0000
62	96	0.5784	9	1	1	1	0	0	0	0	0	N	N	N	N	N	N	N	N	N	N	N	N	408.5585	325.9986	0.0000	4.0824	4.5227	0.0000	2048.8547	3422.6907	0.0000	0.2724	0.3050	0.0000	0.0046	0.0049	0.0000	0.4420	0.5110	0.0000	0.0007	0.0009	0.0003	0.0011	0.0011	0.0015	0.0002	0.0001	0.0002	0.0000	0.3136	-0.1626	-0.0001	28.8660	18.5150	13.2209	10.2301	0.5663	0.5663	0.0000	0.0037	0.0037	0.0000	0.5626	0.5626	0.0000	0.0003	0.0002	0.0001	0.0002	0.0002	0.0000	0.0000	0.0000	0.0000	2.0789	1.8566	0.2223	0.8060	0.7558	0.0503	1.2729	1.1009	0.1720	0.5747	0.3649	0.2098	0.1978	0.1779	0.0199	0.3769	0.1870	0.1899	614.5492	573.8907	0.0000	4.0824	4.5227	0.0000	5393.1142	1027520.7108	0.0000	0.0004	0.0005	0.0003	0.0011	0.0011	0.0015	0.0001	0.0000	0.0002
62	97	0.1319	4	1	1	1	0	0	0	0	0	N	N	N	N	N	N	N	N	N	N	N	N	0.5587	29.5079	0.9724	13.4986	169.1291	7.8350	0.3710	0.0581	0.7529	1.0332	0.2299	6.9148	2.8511	1.5586	27.7158	0.7533	0.0061	5.7074	1.8493	0.0078	7.1108	0.2112	0.0092	3.5374	2.0305	0.1054	7.5805	4.1078	1513.0146	2.5127	1.0151	28.8660	46.1140	13.2209	26.4917	4.8593	0.9514	3.9080	1.7890	0.9297	0.8594	3.0703	0.0217	3.0486	2.7362	0.0018	2.7344	0.0048	0.0006	0.0042	2.7314	0.0012	2.7302	4.7034	4.1382	0.5652	0.6275	0.5965	0.0310	4.0759	3.5417	0.5342	1.4796	0.7504	0.7292	0.0918	0.0855	0.0063	1.3878	0.6649	0.7229	0.5587	95.4600	1.8440	54.6408	239.2153	41.2727	0.3827	3.2590	1.5112	1.8493	0.0024	3.7499	0.0522	0.0065	0.6715	1.9682	0.0019	3.7768
62	98	0.6314	11	1	1	1	0	0	0	0	0	N	N	N	N	N	N	N	N	N	N	N	N	0.0722	0.1348	0.0000	0.1107	0.3589	0.0000	0.0175	0.0005	0.0000	0.0004	0.0004	0.0000	0.0009	0.0010	0.0000	0.0000	0.0000	0.0000	0.0049	0.0029	0.0030	0.0085	0.0028	0.0315	0.0000	0.0000	0.0000	0.0000	1.6885	-0.0002	-0.0000	28.8660	20.7840	13.2209	8.9470	0.0008	0.0008	0.0000	0.0008	0.0008	0.0000	0.0000	0.0000	0.0000	0.0009	0.0003	0.0006	0.0009	0.0003	0.0006	0.0000	0.0000	0.0000	2.1614	1.9445	0.2169	0.8089	0.7744	0.0345	1.3525	1.1702	0.1824	0.4810	0.2884	0.1926	0.1433	0.1226	0.0207	0.3377	0.1657	0.1719	0.1876	0.3362	0.0000	0.1494	0.3589	0.0000	0.0175	0.1702	0.0000	0.0019	0.0012	0.0030	0.0063	0.0028	0.0275	0.0000	0.0000	0.0000
62	99	0.6264	10	1	0	1	0	0	0	0	0	N	N	N	N	N	N	N	N	N	N	N	N	1.1893	1.2179	0.8173	5.9057	6.6537	1.3577	0.0171	0.0036	0.0403	0.0544	0.0589	0.0152	0.0810	0.0859	0.0274	0.0013	0.0014	0.0006	0.0458	0.0484	0.0186	0.0137	0.0129	0.0202	0.0753	0.3901	0.0138	0.0296	0.9786	-0.0156	-0.0001	28.8660	2.7834	13.2209	1.0450	0.0605	0.0588	0.0017	0.0600	0.0583	0.0017	0.0005	0.0004	0.0000	0.0011	0.0005	0.0005	0.0005	0.0004	0.0001	0.0006	0.0001	0.0005	1.1116	0.9971	0.1145	0.7409	0.6786	0.0624	0.3707	0.3185	0.0522	0.1297	0.0749	0.0548	0.0516	0.0491	0.0025	0.0781	0.0258	0.0523	6.4941	8.0376	1.5457	9.0656	10.2797	1.3577	0.1610	0.2624	0.0596	0.0084	0.0073	0.0098	0.0089	0.0084	0.0202	0.0080	0.0054	0.0093
62	100	0.6164	9	1	0	1	0	0	0	0	0	N	N	N	N	N	N	N	N	N	N	N	N	1.8230	1.4494	11.0317	12.5790	10.0662	109.9281	0.9653	0.4123	4.2426	0.3229	0.3204	0.3457	0.4322	0.4172	0.6169	0.1699	0.1754	0.1340	0.1771	0.2211	0.0313	0.0344	0.0414	0.0056	0.1760	0.4255	0.0316	0.1194	0.6786	-0.1043	-0.0010	28.8660	7.6044	13.2209	2.7972	0.5781	0.5164	0.0617	0.4515	0.4032	0.0482	0.1266	0.1132	0.0134	0.0046	0.0027	0.0019	0.0024	0.0023	0.0001	0.0022	0.0004	0.0018	1.7903	1.6119	0.1783	1.0447	0.9665	0.0782	0.7456	0.6455	0.1002	0.3151	0.1922	0.1229	0.1365	0.1185	0.0180	0.1786	0.0737	0.1048	22.1354	22.4880	22.8623	24.6178	21.5345	109.9281	13.7866	29.1804	7.9980	0.0146	0.0142	0.0151	0.0176	0.0194	0.0056	0.0123	0.0060	0.0168
62	101	0.5668	8	1	0	1	0	0	0	0	0	N	N	N	N	N	N	N	N	N	N	N	N	53.7205	137.0731	39.2795	331.7802	306.6705	685.8638	20.5381	10.8066	3.2239	1.1016	1.1395	0.7830	1.1780	1.0374	3.3505	1.0535	1.2092	0.0548	0.0205	0.0083	0.0199	0.0036	0.0034	0.0049	0.0513	0.1119	0.0170	0.0817	2.5191	-0.4964	0.0003	28.8660	18.4780	13.2209	12.4520	2.3454	2.1683	0.1771	0.9687	0.8012	0.1674	1.3768	1.3671	0.0097	0.0032	0.0009	0.0023	0.0007	0.0006	0.0001	0.0026	0.0004	0.0022	2.1291	1.9029	0.2262	0.8223	0.7723	0.0500	1.3068	1.1306	0.1762	0.5816	0.3582	0.2234	0.1913	0.1702	0.0210	0.3903	0.1879	0.2024	198.7130	445.4975	75.7906	343.6436	319.3974	685.8638	160.0994	625.7344	5.0332	0.0055	0.0026	0.0103	0.0034	0.0032	0.0049	0.0066	0.0019	0.0109
62	102	0.2751	8	1	1	1	0	0	0	0	0	N	N	N	N	N	N	N	N	N	N	N	N	0.2544	0.6372	0.0009	0.7509	0.8359	0.0897	0.1529	235.7397	0.0001	0.3062	0.3408	0.0038	0.4836	0.5049	0.0252	0.2179	0.2510	0.0003	1.2036	0.5349	4.3626	0.6441	0.6040	0.2804	1.4251	0.0011	4.6051	0.0013	32.2833	-0.4340	0.3393	28.8660	34.1922	13.2209	22.4626	1.5185	1.5165	0.0020	0.7966	0.7948	0.0018	0.7218	0.7217	0.0001	0.9932	0.0298	0.9634	0.0327	0.0298	0.0028	0.9605	0.0000	0.9605	4.9594	4.4492	0.5102	1.6471	1.5741	0.0731	3.3122	2.8751	0.4372	1.3093	0.7650	0.5443	0.2765	0.2544	0.0221	1.0328	0.5106	0.5221	0.4036	8.7384	0.0022	4.0924	4.3055	0.1957	0.2343	21189.6128	0.0002	0.7586	0.0390	1.7700	0.1182	0.1173	0.1286	0.9300	0.0000	1.8396
62	103	0.2272	7	1	1	1	0	0	0	0	0	N	N	N	N	N	N	N	N	N	N	N	N	1.0175	1.4384	0.0543	6.4228	6.6649	22.2103	0.7590	0.7229	0.0138	0.7687	0.8575	0.0685	1.0473	1.0727	0.5128	0.6713	0.7744	0.0168	0.7555	0.5962	1.2631	0.1631	0.1609	0.0231	0.8844	1.0712	1.2197	0.0101	2.7404	-0.6159	0.0086	28.8660	22.5884	13.2209	11.0115	2.2226	2.2003	0.0223	0.7845	0.7671	0.0174	1.4381	1.4332	0.0049	0.0820	0.0219	0.0601	0.0066	0.0064	0.0002	0.0754	0.0155	0.0599	2.8912	2.5660	0.3253	0.7491	0.7152	0.0339	2.1421	1.8508	0.2914	0.8190	0.4555	0.3636	0.1443	0.1343	0.0100	0.6747	0.3211	0.3535	7.6752	17.8078	0.4146	22.7623	22.4588	22.7164	6.0078	16.0267	0.0994	0.1002	0.0482	0.1653	0.0460	0.0478	0.0226	0.1117	0.0483	0.1694
62	104	0.1971	6	1	0	1	0	0	0	0	0	N	N	N	N	N	N	N	N	N	N	N	N	33.4996	63.8856	7.3660	117.7548	121.2172	82.3325	17.6930	4.5968	2.9288	1.1426	1.2713	0.1472	1.5791	1.6081	1.0090	1.0002	1.1502	0.0471	0.0341	0.0199	0.0200	0.0134	0.0133	0.0123	0.0565	0.2502	0.0161	0.0150	1.8453	-0.4739	0.0001	28.8660	11.8100	13.2209	8.7888	1.7399	1.7142	0.0257	0.5915	0.5732	0.0183	1.1484	1.1410	0.0073	0.0036	0.0013	0.0024	0.0007	0.0006	0.0001	0.0030	0.0007	0.0023	1.5228	1.3485	0.1743	0.3746	0.3564	0.0182	1.1482	0.9920	0.1561	0.5036	0.2760	0.2277	0.0754	0.0702	0.0052	0.4282	0.2058	0.2224	158.1871	274.4071	14.2072	179.8169	188.7074	82.3325	143.9421	347.8381	4.5604	0.0072	0.0046	0.0104	0.0088	0.0085	0.0123	0.0069	0.0033	0.0103
62	105	0.1610	5	1	0	1	0	0	0	0	0	N	N	N	N	N	N	N	N	N	N	N	N	0.9395	529.6156	0.6192	847.4742	0.0114	15404.0164	0.6563	239.0826	0.0433	1.7521	1.3289	4.7444	4.0997	0.0001	78.2942	1.3918	1.5524	0.3619	1.8650	0.0025	7.6627	0.0048	0.0048	0.0051	2.1205	0.0065	8.3561	0.5050	3206.0570	0.1342	0.3714	28.8660	14.7392	13.2209	7.3617	2.7724	1.8422	0.9302	0.8633	0.0000	0.8633	1.9092	1.8422	0.0670	1.0002	0.0003	0.9999	0.0003	0.0003	0.0000	1.0000	0.0001	0.9999	1.5823	1.3862	0.1961	0.2106	0.1995	0.0110	1.3717	1.1867	0.1850	0.5363	0.2974	0.2389	0.0648	0.0606	0.0042	0.4716	0.2368	0.2347	0.9395	1267.1765	1.1337	971.7947	0.0131	15404.0164	0.6563	6127.5615	0.0850	1.8650	0.0010	4.1848	0.0042	0.0042	0.0051	2.1205	0.0003	4.2596
62	106	0.0883	2	1	1	1	0	0	0	0	0	N	N	N	N	N	N	N	N	N	N	N	N	4.2001	1.5553	2.5789	1.0343	1.0947	0.0072	5785.6498	4040.7228	3.2680	0.5589	0.6454	0.0002	1.4194	1.4995	0.0001	0.4620	0.5391	0.0002	0.1331	0.4150	0.0001	1.3723	1.3698	0.0149	0.0001	0.0001	0.0001	0.0000	0.0031	-0.3847	-0.0053	28.8660	20.0414	13.2209	7.0324	1.3401	1.3400	0.0001	0.3445	0.3445	0.0000	0.9956	0.9955	0.0001	0.0084	0.0084	0.0000	0.0084	0.0084	0.0000	0.0000	0.0000	0.0000	2.3977	2.0763	0.3214	0.2427	0.2297	0.0130	2.1550	1.8465	0.3084	0.6668	0.3338	0.3330	0.0268	0.0265	0.0003	0.6400	0.3073	0.3327	44.3333	25.7048	2.5789	4.5402	4.7389	0.0072	14212.0002	1256982.2750	3.2680	0.0126	0.0251	0.0001	0.3126	0.3164	0.0149	0.0000	0.0000	0.0001
62	109	0.2429	7	1	1	1	0	0	0	0	0	N	N	N	N	N	N	N	N	N	N	N	N	0.4307	0.2618	5544.1111	0.4317	0.4192	320.6491	0.0737	0.0430	6974.8479	0.7549	0.8422	0.0709	2.9508	3.1159	0.0312	0.1079	0.1128	0.0757	1.7527	3.2166	0.0000	6.8361	7.4325	0.0001	1.4649	2.6253	0.0000	0.0107	0.0000	-0.8933	-1.2436	28.8660	40.5309	13.2209	14.7974	3.2305	3.1962	0.0343	2.8738	2.8721	0.0016	0.3568	0.3241	0.0327	1.9791	1.9791	0.0000	0.9813	0.9813	0.0000	0.9978	0.9978	0.0000	4.2791	3.7950	0.4841	0.9739	0.9218	0.0521	3.3053	2.8732	0.4320	1.1292	0.6153	0.5139	0.1435	0.1320	0.0115	0.9856	0.4833	0.5024	0.4307	0.2618	5544.1111	0.4317	0.4192	320.6491	0.1066	0.0546	6974.8479	1.7527	3.2166	0.0000	6.8361	7.4325	0.0001	1.0124	2.0647	0.0000
62	110	0.2170	6	1	1	1	0	0	0	0	0	N	N	N	N	N	N	N	N	N	N	N	N	0.9412	0.8517	0.0391	0.2544	0.3155	0.0091	1.1382	0.7425	0.1122	0.8434	0.9451	0.0439	0.5305	0.5503	0.1729	0.9434	1.0829	0.0276	0.8961	1.1097	1.1237	2.0852	1.7444	19.0820	0.8288	1.4584	0.2455	0.0059	0.5072	-0.3856	-0.0229	28.8660	13.5236	13.2209	3.5331	1.3710	1.3630	0.0081	0.2088	0.2053	0.0036	1.1622	1.1577	0.0045	0.0785	0.0521	0.0264	0.0476	0.0329	0.0147	0.0309	0.0192	0.0117	1.6256	1.4421	0.1835	0.3936	0.3730	0.0206	1.2320	1.0691	0.1629	0.4133	0.2313	0.1820	0.0694	0.0636	0.0059	0.3438	0.1677	0.1761	4.4381	4.1951	0.3022	0.7735	1.0627	0.0690	10.4908	9.4630	0.4138	0.1900	0.2253	0.1452	0.6859	0.5179	2.5060	0.0899	0.1144	0.0666
62	111	0.1610	5	1	0	1	0	0	0	0	0	N	N	N	N	N	N	N	N	N	N	N	N	1.4243	3.2840	0.7653	0.5321	0.5290	0.2149	1.4048	1.9557	0.7925	2.0814	1.7491	4.4360	0.0034	0.0035	0.0007	2.4000	2.0421	4.7004	1.4614	0.5326	5.7965	0.0064	0.0067	0.0032	1.7085	1.0442	5.9313	0.3579	61.4812	-0.0887	0.3517	28.8660	16.9399	13.2209	15.9768	3.7647	2.7724	0.9923	0.0008	0.0008	0.0000	3.7639	2.7716	0.9923	0.9890	0.0158	0.9732	0.0004	0.0004	0.0000	0.9886	0.0154	0.9732	1.8088	1.5851	0.2237	0.2404	0.2279	0.0126	1.5683	1.3572	0.2111	0.7562	0.4108	0.3455	0.0815	0.0755	0.0061	0.6747	0.3353	0.3394	1.5915	45.3902	1.5747	0.6726	0.6821	0.2149	1.6379	44.3562	1.6392	1.3078	0.0385	2.8170	0.0050	0.0052	0.0032	1.4653	0.0460	2.8676
62	112	0.2072	7	2	1	1	1	0	0	0	0	Y	N	N	N	N	N	N	N	N	N	N	N	11561128.6895	7121718.0512	4573582.9352	4129428.8951	inf	inf	2.8236	3.2102	0.0000	7.3115	7.4047	0.0000	0.0001	0.0001	0.0000	0.0000	0.0000	0.0000	0.0000	0.0000	0.0000	0.0000	0.0000	0.0000	0.0000	0.0000	-0.0005	-0.0000	28.8660	0.0019	13.2209	1.9928	0.0017	0.0017	0.0000	0.0017	0.0017	0.0000	0.0000	0.0000	0.0000	0.0000	0.0000	0.0000	0.0000	0.0000	0.0000	0.0000	0.0000	0.0000	0.0006	0.0005	0.0001	0.0002	0.0002	0.0000	0.0004	0.0003	0.0001	0.0450	0.0244	0.0206	0.0069	0.0061	0.0007	0.0382	0.0183	0.0199	11561128.6895	7121718.0512	0.0000	4573582.9352	4129428.8951	0.0000	inf	inf	0.0000	0.0000	0.0000	0.0000	0.0000	0.0000	0.0000	0.0000	0.0000	0.0000			
62	113	0.1836	6	2	1	1	1	0	0	0	0	Y	N	N	N	N	N	N	N	N	N	N	N	1.4538	207.5502	0.0022	104.2399	213.1465	0.0000	0.0454	329.8059	0.0025	0.0671	0.0768	0.0001	0.2991	0.3111	0.0000	0.0045	0.0052	0.0001	0.0461	0.0004	0.0345	0.0029	0.0015	0.0144	0.0983	0.0000	0.0322	0.0001	55.3131	-0.0207	0.0010	28.8660	8.6942	13.2209	6.0502	0.0721	0.0721	0.0000	0.0684	0.0684	0.0000	0.0038	0.0038	0.0000	0.0028	0.0000	0.0028	0.0001	0.0000	0.0001	0.0027	0.0000	0.0027	1.0757	0.9395	0.1362	0.2286	0.2198	0.0088	0.8471	0.7198	0.1273	0.3336	0.1705	0.1631	0.0382	0.0341	0.0042	0.2954	0.1364	0.1590	7.9922	263.2670	0.0045	104.2399	213.1465	0.0000	0.4899	125325.9353	0.0048	0.0084	0.0003	0.0169	0.0029	0.0015	0.0144	0.0091	0.0000	0.0169
62	114	0.2047	10	1	1	1	1	0	0	0	0	N	N	N	N	N	N	N	N	N	N	N	N	0.0000	0.0000	0.0000	0.0000	0.0000	0.0000	0.0000	0.0000	0.0000	0.0000	0.0000	0.0000	0.0000	0.0000	0.0000	0.0000	0.0000	0.0000	0.0000	0.0000	28.8660	0.0001	13.2209	0.0001	0.0000	0.0000	0.0000	0.0000	0.0000	0.0000	0.0000	0.0000	0.0000	0.0000	0.0000	0.0000	0.0000	0.0000	0.0000	0.0000	0.0000	0.0000	0.0000	0.0000	0.0000	0.0000	0.0000	0.0000	0.0000	0.0000	0.0000	0.0000	0.0000	0.0000	0.0000	0.0000	0.0000	0.0000	0.0000	0.0000	0.0000	0.0000	0.0000	0.0000	0.0000	0.0000	0.0000	0.0000	0.0000	0.0000	0.0000	0.0000	0.0000	0.0000	0.0000	0.0000	0.0000	0.0000											
62	115	0.1980	9	1	1	1	1	0	0	0	0	N	N	N	N	N	N	N	N	N	N	N	N	inf	inf	inf	inf	0.0004	0.0004	0.0000	0.0020	0.0021	0.0000	0.0000	0.0000	0.0000	0.0000	0.0000	0.0000	0.0000	0.0000	0.0000	0.0000	0.0000	0.0000	0.0000	-0.0000	0.0000	28.8660	3.0007	13.2209	1.0012	0.0001	0.0001	0.0000	0.0001	0.0001	0.0000	0.0000	0.0000	0.0000	0.0000	0.0000	0.0000	0.0000	0.0000	0.0000	0.0000	0.0000	0.0000	0.3308	0.2919	0.0389	0.0645	0.0612	0.0033	0.2663	0.2307	0.0356	0.0871	0.0440	0.0432	0.0089	0.0078	0.0012	0.0782	0.0362	0.0420	inf	inf	0.0000	inf	inf	0.0000	0.0000	0.0000	0.0000	0.0000	0.0000	0.0000	0.0000	0.0000	0.0000	0.0000	0.0000	0.0000						
62	116	0.1962	8	1	0	1	1	0	0	0	0	N	N	N	N	N	N	N	N	N	N	N	N	7928253.7093	inf	33627.2675	inf	inf	inf	0.1811	0.7269	0.9058	1.0216	0.0077	3.8705	4.0681	0.0763	0.0000	0.0000	0.0000	0.0000	0.0000	0.0000	0.0000	0.0000	0.0000	0.0000	0.0000	0.0000	0.0010	inf	-0.0338	0.0000	28.8660	1.1177	13.2209	0.0023	0.1181	0.1180	0.0001	0.1181	0.1180	0.0001	0.0000	0.0000	0.0000	0.0000	0.0000	0.0000	0.0000	0.0000	0.0000	0.0000	0.0000	0.0000	0.1304	0.1155	0.0149	0.0305	0.0290	0.0015	0.0999	0.0865	0.0134	0.0245	0.0123	0.0122	0.0025	0.0022	0.0003	0.0220	0.0102	0.0118	7928253.7093	inf	33627.2675	inf	inf	inf	0.1811	0.0000	0.7269	0.0000	0.0000	0.0000	0.0000	0.0000	0.0000	0.0000	0.0000	0.0000	
62	117	0.2514	6	1	1	1	0	0	0	0	0	N	N	N	N	N	N	N	N	N	N	N	N	0.2054	394.9116	0.0000	0.4959	93.2394	0.0000	0.1918	13961.9381	0.0000	0.3533	0.3982	0.0002	0.2543	0.2702	0.0000	0.3862	0.4442	0.0002	1.7203	0.0010	6.9439	0.5129	0.0029	8.3267	2.0133	0.0000	7.3510	0.0001	5806.2125	-0.3507	0.7405	28.8660	31.2782	13.2209	23.9277	1.2215	1.2215	0.0001	0.2192	0.2192	0.0000	1.0023	1.0022	0.0001	1.9935	0.0003	1.9931	0.0125	0.0003	0.0121	1.9810	0.0000	1.9810	3.4574	3.0676	0.3899	0.8620	0.8115	0.0505	2.5954	2.2561	0.3394	1.1588	0.6121	0.5467	0.1287	0.1185	0.0102	1.0301	0.4936	0.5365	0.2054	710.0083	0.0001	2.6197	93.2394	0.0000	0.2008	5335573.2469	0.0001	1.7203	0.0006	3.6458	0.0971	0.0029	1.1912	1.9230	0.0000	3.6924
62	118	0.1962	8	1	0	2	1	0	0	0	0	N	N	Y	N	N	N	N	N	N	N	N	N	116380983.0369	495067903.5372	inf	inf	0.3434	1.3801	2.0340	0.0000	17.4463	9.8777	0.0000	194.4118	0.0000	0.0000	0.0000	0.0000	0.0000	0.0000	0.0000	0.0000	0.0000	0.0000	0.0000	0.0000	inf	inf	0.6287	0.0000	28.8660	3.8827	13.2209	2.9998	0.8820	0.0000	0.8820	0.8820	0.0000	0.8820	0.0000	0.0000	0.0000	0.0000	0.0000	0.0000	0.0000	0.0000	0.0000	0.0000	0.0000	0.0000	0.4336	0.3831	0.0506	0.0893	0.0848	0.0045	0.3443	0.2983	0.0460	0.1488	0.0750	0.0738	0.0151	0.0131	0.0020	0.1337	0.0619	0.0718	116380983.0369	0.0000	495067903.5372	inf	0.0000	inf	0.3434	0.0000	1.3801	0.0000	0.0000	0.0000	0.0000	0.0000	0.0000	0.0000	0.0000	0.0000			
62	119	0.1933	7	1	0	1	1	0	0	0	0	N	N	N	N	N	N	N	N	N	N	N	N	3346.8016	inf	7927.2263	inf	inf	inf	0.0751	0.8365	0.5439	0.3015	2.5930	1.8547	0.9667	19.0945	0.0000	0.0000	0.0003	0.0002	0.0000	0.0003	0.0000	0.0000	0.0000	0.0005	0.0000	0.0003	1.0175	inf	0.0459	0.0000	28.8660	2.8083	13.2209	0.0030	0.2112	0.1047	0.1065	0.2112	0.1047	0.1065	0.0000	0.0000	0.0000	0.0000	0.0000	0.0000	0.0000	0.0000	0.0000	0.0000	0.0000	0.0000	0.3883	0.3472	0.0411	0.1139	0.1083	0.0056	0.2745	0.2389	0.0355	0.0616	0.0310	0.0306	0.0063	0.0055	0.0008	0.0553	0.0255	0.0298	3346.8016	inf	7927.2263	inf	inf	inf	0.2009	0.0000	0.8365	0.0002	0.0000	0.0003	0.0000	0.0000	0.0000	0.0002	0.0000	0.0003	
62	120	0.1933	7	1	0	2	1	0	0	0	0	N	N	Y	N	N	N	N	N	N	N	N	N	36635.5220	inf	71502.4629	inf	inf	inf	7503.5268	inf	0.0000	1.7666	1.1039	6.9438	3.8636	0.3955	68.2082	1.1547	1.3298	0.0000	0.0000	0.0000	0.0001	0.0000	0.0000	0.0000	0.0002	0.0000	0.0001	0.8051	inf	0.3140	0.0000	28.8660	9.6158	13.2209	0.0030	1.9760	1.0947	0.8813	0.9761	0.0948	0.8813	0.9999	0.9999	0.0000	0.0000	0.0000	0.0000	0.0000	0.0000	0.0000	0.0000	0.0000	0.0000	1.1185	0.9916	0.1269	0.2527	0.2397	0.0129	0.8659	0.7519	0.1140	0.2074	0.1044	0.1030	0.0210	0.0183	0.0028	0.1864	0.0862	0.1002	36635.5220	inf	71502.4629	inf	inf	inf	21518.4965	inf	0.0000	0.0000	0.0000	0.0001	0.0000	0.0000	0.0000	0.0001	0.0000	0.0001
62	121	0.1836	6	1	0	1	1	0	0	0	0	N	N	N	N	N	N	N	N	N	N	N	N	1.1179	385.6050	13.1154	264.0949	384.7229	633.6632	0.0140	136.6181	0.0337	0.2861	0.1185	1.3839	1.1355	0.4128	24.6851	0.0046	0.0049	0.0032	0.2560	0.0003	0.1055	0.0043	0.0011	0.0390	0.3308	0.0000	0.0959	1.7843	136.1525	0.0610	0.0010	28.8660	4.2457	13.2209	2.0144	0.1725	0.0620	0.1106	0.1704	0.0601	0.1103	0.0021	0.0018	0.0002	0.0028	0.0000	0.0028	0.0001	0.0000	0.0001	0.0027	0.0000	0.0027	0.6030	0.5231	0.0799	0.1501	0.1456	0.0045	0.4529	0.3774	0.0754	0.1523	0.0790	0.0733	0.0206	0.0188	0.0018	0.1317	0.0601	0.0715	15.7298	463.0878	36.9017	292.2587	384.7229	748.2116	0.2259	51627.5371	0.0860	0.0182	0.0003	0.0375	0.0039	0.0011	0.0330	0.0204	0.0000	0.0376
62	122	0.1415	5	1	0	1	1	0	0	0	0	N	N	N	N	N	N	N	N	N	N	N	N	0.3736	1155.2169	0.0555	0.0114	0.3852	0.0006	0.4188	145.9149	0.0555	0.6899	0.7329	0.3867	0.0007	0.0007	0.0007	0.8526	0.9276	0.4099	1.8466	0.0006	6.9690	0.0574	0.0017	1.1632	2.0360	0.0064	7.3914	0.0748	8802.5057	-0.2174	0.3747	28.8660	11.9190	13.2209	13.1740	0.9994	0.9298	0.0696	0.0002	0.0002	0.0000	0.9992	0.9296	0.0696	1.0085	0.0001	1.0083	0.0009	0.0001	0.0008	1.0076	0.0001	1.0075	1.4486	1.2687	0.1799	0.2767	0.2665	0.0102	1.1719	1.0022	0.1697	0.5461	0.2718	0.2744	0.0348	0.0323	0.0025	0.5113	0.2394	0.2718	0.3736	1738.7783	0.1052	0.0261	0.3852	0.0023	0.4326	3719.6341	0.1106	1.8466	0.0004	3.6753	0.0251	0.0017	0.3263	1.9707	0.0002	3.7063
62	123	0.6266	11	1	0	2	1	0	0	0	0	N	N	Y	N	N	N	N	N	N	N	N	N	0.1917	0.1308	0.0000	17.1849	15.2507	0.0000	0.0000	0.0000	0.0000	0.6712	0.7472	0.0000	1.6122	1.7112	0.0000	0.0000	0.0000	0.0000	3.5013	5.7122	0.0000	0.0938	0.1122	0.0000	5.2546	10.9571	0.0000	0.0000	0.0000	-0.2879	-0.6089	28.8660	12.8936	13.2209	4.1514	1.0027	1.0027	0.0000	1.0027	1.0027	0.0000	0.0000	0.0000	0.0000	0.9691	0.9691	0.0000	0.0032	0.0032	0.0000	0.9659	0.9659	0.0000	1.4939	1.3420	0.1519	0.6220	0.5860	0.0360	0.8719	0.7560	0.1159	0.2768	0.1697	0.1071	0.0930	0.0815	0.0115	0.1838	0.0882	0.0957	0.1917	0.1308	0.0000	46.7921	43.5396	0.0000	0.0000	0.0000	0.0000	3.5013	5.7122	0.0000	0.0345	0.0393	0.0000	5.2546	10.9571	0.0000
62	124	0.1568	6	1	1	1	0	0	0	0	0	N	N	N	N	N	N	N	N	N	N	N	N	126.7546	0.0157	3172.0277	0.0220	0.0203	0.0608	325.2885	0.0000	4746.5463	0.6923	0.0001	5.9731	0.0007	0.0005	0.0042	0.8522	0.0000	6.4314	0.0055	0.0070	0.0019	0.0317	0.0265	0.0689	0.0026	0.0000	0.0014	7183.7194	0.8308	0.7127	-0.0002	28.8660	12.7386	13.2209	8.7370	1.0000	0.0001	0.9998	0.0002	0.0001	0.0000	0.9998	0.0000	0.9998	0.0010	0.0005	0.0005	0.0007	0.0005	0.0001	0.0003	0.0000	0.0003	1.4443	1.2769	0.1674	0.2712	0.2593	0.0119	1.1731	1.0177	0.1555	0.4818	0.2419	0.2399	0.0409	0.0382	0.0026	0.4409	0.2036	0.2373	335.0269	0.0485	3172.0277	0.0423	0.0377	0.0847	1168.6238	0.0000	4746.5463	0.0021	0.0022	0.0019	0.0165	0.0142	0.0494	0.0007	0.0000	0.0014
62	125	0.1415	5	1	1	1	0	0	0	0	0	N	N	N	N	N	N	N	N	N	N	N	N	0.0009	0.0014	0.0033	0.0017	0.0024	0.0003	0.0006	0.0050	0.0046	0.0006	0.0003	0.0024	0.0014	0.0014	0.0012	0.0004	0.0000	0.0025	0.6390	0.2430	0.7321	0.8125	0.5746	4.4301	0.6759	0.0054	0.5418	1.0472	7.1140	0.0001	0.0036	28.8660	8.6431	13.2209	1.4782	0.0007	0.0003	0.0003	0.0003	0.0003	0.0000	0.0003	0.0000	0.0003	0.0144	0.0018	0.0126	0.0026	0.0018	0.0008	0.0118	0.0000	0.0118	1.1110	0.9716	0.1394	0.2287	0.2212	0.0075	0.8823	0.7504	0.1319	0.2320	0.1158	0.1162	0.0170	0.0159	0.0011	0.2150	0.0999	0.1151	0.0095	0.0215	0.0222	0.0089	0.0123	0.0015	0.0072	0.1275	0.0242	0.0620	0.0153	0.1086	0.1517	0.1102	0.7769	0.0550	0.0002	0.1025
62	126	0.1319	4	1	0	1	0	0	0	0	0	N	N	N	N	N	N	N	N	N	N	N	N	0.0157	0.0183	0.0323	0.0441	0.0563	0.0029	0.0151	0.0006	0.0309	0.0686	0.0099	0.5142	0.0417	0.0417	0.0416	0.0758	0.0003	0.5417	4.3707	0.5435	15.9405	0.9460	0.7398	14.1296	5.0269	0.5394	17.5581	6.8102	194.6883	0.0235	0.2791	28.8660	4.1618	13.2209	2.0491	0.0403	0.0052	0.0351	0.0052	0.0050	0.0002	0.0351	0.0001	0.0350	0.7615	0.0039	0.7576	0.0043	0.0033	0.0011	0.7572	0.0006	0.7565	0.5871	0.5188	0.0683	0.1243	0.1205	0.0038	0.4628	0.3983	0.0645	0.1742	0.0971	0.0771	0.0236	0.0230	0.0006	0.1506	0.0741	0.0765	0.0157	0.2479	0.0523	0.2263	0.2934	0.0242	0.0151	0.0386	0.0548	4.3707	0.0401	9.8222	0.1842	0.1421	1.7163	5.0269	0.0085	9.8892
62	128	0.6389	12	2	1	1	0	0	0	0	0	Y	N	N	N	N	N	N	N	N	N	N	N	0.2946	0.0000	inf	0.2578	0.0000	inf	0.0000	0.0000	0.0000	0.0000	0.0000	0.0000	0.0000	0.0000	0.0000	0.0000	0.0000	0.0000	0.0000	0.0000	0.0000	0.0000	0.0000	0.0000	inf	0.0023	0.0000	-0.0000	28.8660	2.0107	13.2209	1.9995	0.0000	0.0000	0.0000	0.0000	0.0000	0.0000	0.0000	0.0000	0.0000	0.0000	0.0000	0.0000	0.0000	0.0000	0.0000	0.0000	0.0000	0.0000	0.2204	0.1967	0.0237	0.0885	0.0830	0.0055	0.1318	0.1137	0.0181	0.0639	0.0402	0.0236	0.0224	0.0196	0.0028	0.0415	0.0206	0.0208	0.2946	0.0000	inf	0.2578	0.0000	inf	0.0000	0.0000	0.0000	0.0000	0.0000	0.0000	0.0000	0.0000	0.0000	0.0000	0.0000	0.0000			
62	129	0.6266	11	2	1	1	0	0	0	0	0	Y	N	N	N	N	N	N	N	N	N	N	N	1.6293	0.0000	9618.8128	2.3724	0.0001	inf	0.0000	0.0000	0.0000	0.0021	0.0000	0.0217	0.0047	0.0000	0.0888	0.0000	0.0000	0.0000	0.0013	0.0028	0.0000	0.0020	0.0023	0.0000	0.0000	0.0004	0.0000	27379.6678	0.0013	0.0011	-0.0001	28.8660	5.6459	13.2209	1.1399	0.0015	0.0000	0.0015	0.0015	0.0000	0.0015	0.0000	0.0000	0.0000	0.0001	0.0001	0.0000	0.0001	0.0001	0.0000	0.0000	0.0000	0.0000	0.7393	0.6682	0.0712	0.3264	0.3089	0.0174	0.4130	0.3592	0.0537	0.1193	0.0728	0.0466	0.0413	0.0367	0.0047	0.0780	0.0361	0.0419	3.0172	0.0001	9618.8128	2.3724	0.0001	inf	0.0000	0.0000	0.0000	0.0007	0.0011	0.0000	0.0020	0.0023	0.0000	0.0000	0.0000	0.0000
62	130	0.5963	10	1	0	1	0	0	0	0	0	N	N	N	N	N	N	N	N	N	N	N	N	26.1086	13.4178	108.9642	42.6744	38.1598	87.3677	0.1099	0.0096	0.5761	0.1777	0.1941	0.0383	0.3958	0.4122	0.1457	0.0001	0.0001	0.0001	0.0068	0.0145	0.0004	0.0093	0.0108	0.0017	0.0007	0.0074	0.0002	0.0232	0.0578	-0.0752	-0.0005	28.8660	11.6079	13.2209	5.3766	0.2845	0.2781	0.0065	0.2844	0.2780	0.0064	0.0001	0.0001	0.0000	0.0008	0.0008	0.0000	0.0008	0.0007	0.0000	0.0001	0.0000	0.0000	1.6013	1.4325	0.1689	0.7187	0.6744	0.0442	0.8827	0.7581	0.1246	0.3295	0.2024	0.1271	0.1154	0.1031	0.0123	0.2141	0.0992	0.1148	71.6892	50.8910	108.9642	59.8463	57.2364	87.3677	0.3153	0.2436	0.5761	0.0025	0.0038	0.0004	0.0066	0.0072	0.0017	0.0002	0.0003	0.0002
62	131	0.5784	9	1	0	1	0	0	0	0	0	N	N	N	N	N	N	N	N	N	N	N	N	126.8567	93.9066	66.3407	225.2623	228.7356	77.6840	122.2674	30.4410	26.3707	0.8685	0.9552	0.1089	1.3752	1.4412	0.3284	0.4923	0.5630	0.0369	0.0068	0.0102	0.0016	0.0061	0.0063	0.0042	0.0040	0.0185	0.0014	0.0130	0.2816	-0.1335	-0.0003	28.8660	3.9355	13.2209	8.7078	0.4869	0.4806	0.0062	0.3285	0.3238	0.0047	0.1584	0.1568	0.0016	0.0008	0.0007	0.0002	0.0006	0.0006	0.0000	0.0002	0.0001	0.0001	0.5606	0.5032	0.0574	0.2389	0.2247	0.0142	0.3217	0.2785	0.0432	0.3359	0.2231	0.1127	0.1286	0.1189	0.0096	0.2073	0.1042	0.1031	346.3894	324.3371	66.3407	280.6887	290.9284	77.6840	480.7567	862.3580	26.3707	0.0025	0.0029	0.0016	0.0049	0.0050	0.0042	0.0010	0.0007	0.0014
62	132	0.5668	8	1	0	1	0	0	0	0	0	N	N	N	N	N	N	N	N	N	N	N	N	57.6692	61.5538	21.7253	164.8159	202.9052	19.2228	31.7725	3.1526	27.6234	0.6030	0.6583	0.1158	0.7425	0.7765	0.1765	0.5042	0.5671	0.0976	0.0105	0.0107	0.0053	0.0045	0.0038	0.0092	0.0159	0.1799	0.0035	0.0200	0.7414	-0.1403	-0.0002	28.8660	6.2657	13.2209	3.9760	0.5244	0.5142	0.0103	0.2678	0.2642	0.0036	0.2566	0.2500	0.0067	0.0009	0.0005	0.0004	0.0004	0.0003	0.0001	0.0005	0.0002	0.0003	0.8697	0.7810	0.0886	0.3607	0.3403	0.0204	0.5090	0.4408	0.0682	0.2704	0.1734	0.0970	0.1041	0.0952	0.0089	0.1663	0.0782	0.0881	176.6352	215.3456	28.5700	186.3492	221.9861	19.2228	164.9387	224.9818	27.6234	0.0034	0.0031	0.0041	0.0040	0.0035	0.0092	0.0031	0.0025	0.0035
62	133	0.4895	7	1	0	1	0	0	0	0	0	N	N	N	N	N	N	N	N	N	N	N	N	4.0658	4.7922	31.1104	4.3573	7.9660	0.1973	5.4053	2.6152	59.4494	1.4366	1.2551	2.9500	0.2427	0.2551	0.0449	2.1266	1.8834	3.6895	0.3533	0.2619	0.0948	0.0557	0.0320	0.2276	0.3934	0.7201	0.0621	0.2819	1.4723	-0.2994	-0.0008	28.8660	26.7012	13.2209	18.2690	4.4541	3.4746	0.9795	0.2756	0.2725	0.0030	4.1786	3.2021	0.9765	0.0237	0.0096	0.0141	0.0074	0.0045	0.0029	0.0163	0.0051	0.0112	3.1004	2.7683	0.3320	1.1355	1.0681	0.0674	1.9649	1.7002	0.2647	0.9962	0.5966	0.3996	0.2980	0.2718	0.0262	0.6983	0.3248	0.3735	60.4035	78.1300	83.5498	9.8176	15.5723	0.4037	90.9382	119.2235	123.0402	0.0238	0.0161	0.0353	0.0247	0.0164	0.1112	0.0234	0.0158	0.0300
62	134	0.2514	6	1	0	1	0	0	0	0	0	N	N	N	N	N	N	N	N	N	N	N	N	0.3268	0.1871	0.4223	0.3874	0.3750	4.2383	0.3476	0.1525	0.4746	0.4225	0.2846	1.5078	0.1084	0.1146	0.0107	0.5180	0.3404	1.7215	1.2927	1.5215	3.5700	0.2798	0.3057	0.0025	1.4904	2.2318	3.6272	0.6728	0.9989	0.2971	-0.2545	28.8660	61.4372	13.2209	55.8589	2.5818	1.5434	1.0385	0.1545	0.1535	0.0009	2.4274	1.3898	1.0375	1.9782	0.9896	0.9885	0.0108	0.0108	0.0000	1.9674	0.9789	0.9885	6.1111	5.4224	0.6887	1.4253	1.3393	0.0860	4.6858	4.0831	0.6027	2.0633	1.0746	0.9887	0.1743	0.1591	0.0152	1.8890	0.9154	0.9736	0.4407	0.3091	1.5081	1.7483	1.6945	4.2383	0.4974	0.3183	1.6955	0.9587	0.9210	0.9998	0.0620	0.0677	0.0025	1.0415	1.0693	1.0153
62	135	0.1610	5	1	0	1	0	0	0	0	0	N	N	N	N	N	N	N	N	N	N	N	N	5.7657	4.7480	0.1887	126.8537	125.1123	3.8675	4.7350	2.0649	0.1821	1.5787	1.7974	0.0057	2.0065	2.1158	0.0183	1.5137	1.7445	0.0049	0.2738	0.3786	0.0301	0.0158	0.0169	0.0047	0.3197	0.8448	0.0270	0.0004	0.5647	-1.4812	-0.0055	28.8660	31.7621	13.2209	18.5886	5.1665	5.1643	0.0023	0.8672	0.8668	0.0004	4.2994	4.2975	0.0019	0.0207	0.0132	0.0075	0.0011	0.0010	0.0000	0.0197	0.0122	0.0074	3.2725	2.8732	0.3994	0.4322	0.4097	0.0225	2.8404	2.4635	0.3769	1.0901	0.5835	0.5067	0.1066	0.0976	0.0090	0.9836	0.4859	0.4977	83.0347	79.1701	0.3845	202.3474	203.6101	3.8675	75.6884	69.2900	0.3293	0.0190	0.0227	0.0148	0.0099	0.0104	0.0047	0.0200	0.0252	0.0149
63	66	0.2680	8	1	2	0	0	0	0	0	0	N	Y	N	N	N	N	N	N	N	N	N	N	0.0009	0.0010	0.0022	0.0325	0.0022	0.1246	0.0010	0.0032	0.0023	0.0039	0.0000	0.0336	0.0004	0.0000	0.0066	0.0051	0.0000	0.0378	4.3133	0.0046	15.1770	0.0126	0.0069	0.0530	5.2646	0.0001	16.7200	1011.7920	4921.6542	0.0011	0.3682	5.0237	21.1811	8.0282	10.1862	0.0016	0.0000	0.0016	0.0000	0.0000	0.0000	0.0016	0.0000	0.0016	0.9912	0.0002	0.9910	0.0003	0.0002	0.0001	0.9908	0.0000	0.9908	0.4103	0.3627	0.0476	0.1067	0.1004	0.0064	0.3036	0.2623	0.0412	0.2298	0.1204	0.1094	0.0416	0.0380	0.0036	0.1882	0.0825	0.1058	0.0009	0.0026	0.0037	0.0487	0.0028	0.1630	0.0010	0.9841	0.0040	4.3133	0.0017	9.0596	0.0084	0.0053	0.0405	5.2646	0.0000	9.3691
63	67	0.2541	7	1	2	0	0	0	0	0	0	N	Y	N	N	N	N	N	N	N	N	N	N	0.0001	0.0020	0.0006	0.0057	0.0051	0.1594	0.0001	0.0002	0.0008	0.0000	0.0000	0.0001	0.0001	0.0001	0.0000	0.0000	0.0000	0.0001	0.3776	0.0132	0.1860	0.0103	0.0120	0.0001	0.4827	0.0859	0.1587	0.5479	13.0778	0.0000	0.0005	5.0237	7.4253	8.0282	0.9851	0.0000	0.0000	0.0000	0.0000	0.0000	0.0000	0.0000	0.0000	0.0000	0.0017	0.0001	0.0016	0.0001	0.0001	0.0000	0.0016	0.0000	0.0016	0.1574	0.1395	0.0179	0.0393	0.0372	0.0021	0.1181	0.1023	0.0158	0.0650	0.0337	0.0313	0.0112	0.0102	0.0010	0.0538	0.0235	0.0303	0.0014	0.0074	0.0023	0.0082	0.0077	0.1594	0.0010	0.0082	0.0024	0.0260	0.0036	0.0501	0.0072	0.0079	0.0001	0.0299	0.0017	0.0518
63	68	0.2767	8	1	1	1	0	0	0	0	0	N	N	N	N	N	N	N	N	N	N	N	N	0.0009	0.0008	1.4918	0.0007	0.0007	0.9034	23.5349	0.6541	0.0080	0.0009	0.0010	0.0000	0.0014	0.0015	0.0003	0.0007	0.0008	0.0000	0.9387	1.2990	0.0000	2.1028	2.1061	0.0003	0.0000	0.0012	0.0000	0.0048	0.0000	-0.0001	-0.0391	5.0237	15.0354	8.0282	6.2061	0.0003	0.0003	0.0000	0.0002	0.0002	0.0000	0.0002	0.0002	0.0000	0.0623	0.0623	0.0000	0.0623	0.0623	0.0000	0.0000	0.0000	0.0000	0.3879	0.3444	0.0436	0.1123	0.1063	0.0060	0.2756	0.2380	0.0376	0.2728	0.1559	0.1169	0.0895	0.0851	0.0045	0.1833	0.0708	0.1124	0.0039	0.0025	1.4918	0.0020	0.0020	0.9034	45.8722	50.8561	0.0080	0.2284	0.3995	0.0000	0.6957	0.7322	0.0003	0.0000	0.0000	0.0000
63	69	0.2086	7	1	1	0	0	0	0	0	0	N	N	N	N	N	N	N	N	N	N	N	N	0.0185	0.0146	0.0360	0.0285	0.0264	20.8685	0.0064	0.1166	0.0003	0.0157	0.0155	0.0168	0.0510	0.0460	0.1245	0.0041	0.0047	0.0001	0.8459	1.0627	0.4666	1.7863	1.7414	0.0060	0.6366	0.0404	0.3930	0.1424	0.3664	-0.0017	-0.0183	5.0237	27.6811	8.0282	13.1592	0.0102	0.0089	0.0013	0.0082	0.0069	0.0013	0.0020	0.0020	0.0000	0.0509	0.0372	0.0136	0.0371	0.0371	0.0000	0.0137	0.0001	0.0136	0.6493	0.5739	0.0755	0.1601	0.1500	0.0101	0.4892	0.4238	0.0654	0.3563	0.1915	0.1648	0.0763	0.0724	0.0039	0.2800	0.1191	0.1610	0.1098	0.0798	0.2030	0.1048	0.0899	20.8685	0.0836	4.3153	0.0015	0.1427	0.1943	0.0827	0.4865	0.5121	0.0060	0.0491	0.0011	0.0846
63	70	0.1738	6	1	1	0	0	0	0	0	0	N	N	N	N	N	N	N	N	N	N	N	N	0.0092	0.0040	1.3949	0.0183	0.0100	27.6042	0.0008	0.0003	0.0690	0.0076	0.0045	0.0306	0.0297	0.0162	0.2350	0.0006	0.0005	0.0013	0.8292	1.1191	0.0219	1.6199	1.6264	0.0085	0.7016	1.4810	0.0185	0.9097	0.0395	0.0007	-0.0179	5.0237	19.6565	8.0282	4.0504	0.0038	0.0020	0.0018	0.0036	0.0018	0.0017	0.0002	0.0001	0.0001	0.0303	0.0291	0.0011	0.0195	0.0195	0.0000	0.0108	0.0096	0.0011	0.4943	0.4356	0.0587	0.1199	0.1125	0.0074	0.3745	0.3231	0.0514	0.2260	0.1248	0.1012	0.0483	0.0456	0.0027	0.1777	0.0792	0.0985	0.0569	0.0194	2.6917	0.0735	0.0380	27.6042	0.0094	0.0038	0.1114	0.1339	0.2333	0.0114	0.4037	0.4272	0.0085	0.0606	0.1216	0.0114
63	71	0.2573	8	2	2	0	0	0	0	0	0	Y	Y	N	N	N	N	N	N	N	N	N	N	62.4998	40.1334	0.0000	43.5003	48.4069	0.0000	0.0000	0.0000	0.0083	0.0094	0.0000	0.0319	0.0339	0.0000	0.0000	0.0000	0.0000	0.0001	0.0002	0.0001	0.0007	0.0007	0.0011	0.0000	0.0000	0.0000	0.0000	0.2215	-0.0008	-0.0000	5.0237	17.5448	8.0282	6.0013	0.0029	0.0029	0.0000	0.0029	0.0029	0.0000	0.0000	0.0000	0.0000	0.0000	0.0000	0.0000	0.0000	0.0000	0.0000	0.0000	0.0000	0.0000	0.3525	0.3122	0.0403	0.0923	0.0868	0.0055	0.2603	0.2255	0.0348	0.1750	0.0912	0.0839	0.0301	0.0273	0.0027	0.1450	0.0639	0.0811	62.4998	44.9027	0.0000	43.5003	48.4069	0.0000	0.0000	0.0000	0.0000	0.0001	0.0002	0.0001	0.0007	0.0007	0.0011	0.0000	0.0000	0.0000	
63	72	0.3257	11	2	2	1	0	0	0	0	0	Y	Y	N	N	N	N	N	N	N	N	N	N	0.0000	0.0000	0.0000	0.0000	0.0000	0.0000	0.0000	0.0000	0.0000	0.0000	0.0000	0.0000	0.0000	0.0000	0.0000	0.0000	0.0004	0.0008	0.0000	0.0008	0.0009	0.0000	0.0000	0.0000	0.0000	0.0002	0.0000	-0.0000	5.0237	1.8980	8.0282	2.9698	0.0000	0.0000	0.0000	0.0000	0.0000	0.0000	0.0000	0.0000	0.0000	0.0000	0.0000	0.0000	0.0000	0.0000	0.0000	0.0000	0.0000	0.0000	0.0404	0.0357	0.0047	0.0129	0.0122	0.0007	0.0275	0.0235	0.0040	0.0607	0.0402	0.0204	0.0248	0.0214	0.0034	0.0359	0.0188	0.0170	0.0000	0.0000	0.0000	0.0000	0.0000	0.0000	0.0000	0.0000	0.0000	0.0003	0.0005	0.0000	0.0008	0.0009	0.0000	0.0000	0.0000	0.0000			
63	73	0.3062	10	2	1	1	0	0	0	0	0	Y	N	N	N	N	N	N	N	N	N	N	N	0.0000	0.0000	0.0011	0.0000	0.0000	0.0001	0.0002	0.0000	0.0179	0.0000	0.0000	0.0001	0.0000	0.0000	0.0001	0.0000	0.0000	0.0001	0.7473	0.9680	0.0544	1.4144	1.4217	0.8101	0.0365	0.4773	0.0036	4.0385	0.1072	0.0000	-0.0038	5.0237	3.5853	8.0282	4.3819	0.0000	0.0000	0.0000	0.0000	0.0000	0.0000	0.0000	0.0000	0.0000	0.0072	0.0065	0.0007	0.0070	0.0063	0.0006	0.0003	0.0002	0.0001	0.1604	0.1472	0.0131	0.0670	0.0653	0.0017	0.0934	0.0820	0.0114	0.0754	0.0463	0.0291	0.0213	0.0189	0.0024	0.0541	0.0274	0.0267	0.0001	0.0000	0.0026	0.0000	0.0000	0.0002	0.0016	0.0001	0.0179	0.0961	0.1414	0.0241	0.3263	0.3360	0.2505	0.0053	0.0069	0.0036
63	74	0.2747	9	2	1	1	0	0	0	0	0	Y	N	N	N	N	N	N	N	N	N	N	N	0.0170	0.0003	0.7711	0.0007	0.0001	0.0047	0.1484	0.0034	3.3014	0.0065	0.0001	0.0591	0.0004	0.0000	0.0065	0.0091	0.0001	0.0683	0.3832	0.3910	0.0767	0.5467	0.3107	1.3832	0.0614	0.0374	0.0207	73.5457	1.0987	0.0012	-0.0004	5.0237	12.3589	8.0282	7.3592	0.0017	0.0000	0.0017	0.0000	0.0000	0.0000	0.0017	0.0000	0.0017	0.0042	0.0020	0.0022	0.0033	0.0019	0.0013	0.0009	0.0001	0.0009	0.2683	0.2391	0.0292	0.0799	0.0756	0.0043	0.1883	0.1635	0.0248	0.1588	0.0864	0.0724	0.0322	0.0287	0.0035	0.1266	0.0577	0.0689	0.2454	0.0042	1.9401	0.0038	0.0005	0.0172	1.2506	0.1250	5.4522	0.0265	0.0232	0.0305	0.1022	0.0680	0.3802	0.0073	0.0010	0.0125
63	75	0.2573	8	2	1	1	0	0	0	0	0	Y	N	N	N	N	N	N	N	N	N	N	N	0.0193	0.0141	0.0187	0.0003	0.0003	0.0123	0.1539	0.0188	0.0256	0.0071	0.0080	0.0001	0.0002	0.0002	0.0000	0.0098	0.0113	0.0002	0.3683	0.5687	0.0079	0.5980	0.6339	0.0019	0.0640	0.6048	0.0066	0.0023	0.1115	-0.0004	-0.0011	5.0237	10.2127	8.0282	1.0234	0.0015	0.0015	0.0000	0.0000	0.0000	0.0000	0.0015	0.0015	0.0000	0.0022	0.0020	0.0002	0.0016	0.0016	0.0000	0.0005	0.0003	0.0002	0.2175	0.1930	0.0245	0.0612	0.0576	0.0036	0.1564	0.1354	0.0210	0.0860	0.0447	0.0413	0.0149	0.0135	0.0013	0.0712	0.0312	0.0400	0.2815	0.1829	0.0279	0.0016	0.0015	0.0123	1.3185	1.1220	0.0312	0.0253	0.0438	0.0053	0.1107	0.1215	0.0019	0.0075	0.0101	0.0054
63	76	0.2541	7	2	1	0	0	0	0	0	0	Y	N	N	N	N	N	N	N	N	N	N	N	0.0107	0.0230	0.0122	0.0168	0.0141	inf	0.0048	inf	0.0063	0.0000	0.0000	0.0000	0.0000	0.0000	0.0000	0.0000	0.0000	0.0000	0.0007	0.0003	0.0007	0.0009	0.0009	0.0000	0.0012	0.0000	0.0007	0.1248	2.1493	-0.0000	0.0000	5.0237	3.7027	8.0282	0.0091	0.0000	0.0000	0.0000	0.0000	0.0000	0.0000	0.0000	0.0000	0.0000	0.0000	0.0000	0.0000	0.0000	0.0000	0.0000	0.0000	0.0000	0.0000	0.0853	0.0760	0.0093	0.0229	0.0218	0.0011	0.0624	0.0542	0.0082	0.0290	0.0150	0.0140	0.0050	0.0045	0.0004	0.0240	0.0105	0.0135	0.0170	0.0277	0.0122	0.0168	0.0141	inf	0.0145	inf	0.0063	0.0005	0.0003	0.0007	0.0009	0.0009	0.0000	0.0004	0.0000	0.0007
63	77	0.2371	6	1	1	0	0	0	0	0	0	N	N	N	N	N	N	N	N	N	N	N	N	0.0006	0.0003	0.0000	0.0011	0.0012	0.0000	0.0012	0.0008	0.0000	0.0001	0.0001	0.0000	0.0002	0.0002	0.0000	0.0000	0.0000	0.0000	0.1263	0.3475	0.0015	0.1806	0.1815	0.0018	0.0037	0.0064	0.0015	0.0000	0.0584	-0.0000	-0.0007	5.0237	3.8334	8.0282	6.1787	0.0000	0.0000	0.0000	0.0000	0.0000	0.0000	0.0000	0.0000	0.0000	0.0012	0.0012	0.0001	0.0012	0.0012	0.0000	0.0001	0.0000	0.0001	0.1087	0.0972	0.0114	0.0426	0.0397	0.0028	0.0661	0.0575	0.0086	0.1019	0.0572	0.0447	0.0243	0.0231	0.0012	0.0777	0.0341	0.0435	0.0066	0.0044	0.0000	0.0041	0.0042	0.0000	0.0046	0.0207	0.0000	0.0122	0.0206	0.0015	0.0483	0.0506	0.0018	0.0010	0.0002	0.0015
63	78	0.1980	5	1	1	0	0	0	0	0	0	N	N	N	N	N	N	N	N	N	N	N	N	0.0001	0.0000	0.0001	0.0001	0.0001	0.0034	0.0000	0.0000	0.0001	0.0001	0.0001	0.0000	0.0002	0.0002	0.0002	0.0000	0.0000	0.0000	0.9529	1.2923	0.2756	2.2045	2.2193	0.0517	0.6180	0.8333	0.2192	0.0812	0.1245	-0.0000	-0.0308	5.0237	16.9094	8.0282	5.8161	0.0000	0.0000	0.0000	0.0000	0.0000	0.0000	0.0000	0.0000	0.0000	0.0594	0.0529	0.0066	0.0511	0.0510	0.0002	0.0083	0.0019	0.0064	0.3919	0.3487	0.0431	0.0923	0.0877	0.0045	0.2996	0.2610	0.0386	0.2428	0.1356	0.1072	0.0629	0.0588	0.0041	0.1799	0.0768	0.1031	0.0002	0.0001	0.0006	0.0002	0.0002	0.0045	0.0004	0.0007	0.0003	0.2448	0.3897	0.0614	0.8130	0.8668	0.0395	0.0461	0.0243	0.0623
63	79	0.0916	3	1	2	0	0	0	0	0	0	N	Y	N	N	N	N	N	N	N	N	N	N	0.0085	0.0002	94.1440	0.0061	0.0063	0.0000	0.0167	0.0000	98.2531	0.0012	0.0001	0.0085	0.0008	0.0008	0.0000	0.0012	0.0000	0.0088	0.1362	0.3984	0.0001	0.1281	0.1320	0.0001	0.0709	0.7409	0.0001	15.8767	0.0033	0.0004	-0.0029	5.0237	23.9173	8.0282	17.8091	0.0006	0.0000	0.0005	0.0000	0.0000	0.0000	0.0005	0.0000	0.0005	0.0046	0.0046	0.0000	0.0022	0.0022	0.0000	0.0024	0.0024	0.0000	0.4847	0.4227	0.0620	0.0407	0.0385	0.0022	0.4440	0.3842	0.0597	0.3628	0.1938	0.1690	0.0531	0.0509	0.0022	0.3097	0.1429	0.1668	0.0901	0.0033	94.1440	0.0189	0.0192	0.0000	0.1504	0.0002	98.2531	0.0128	0.0239	0.0001	0.0414	0.0432	0.0001	0.0079	0.0170	0.0001
63	81	0.1958	8	2	1	1	0	0	0	0	0	Y	N	N	N	N	N	N	N	N	N	N	N	2.8054	2.7227	0.0059	0.0002	0.0002	2.3350	4.4658	3.6569	0.0070	1.8747	2.1285	0.0010	0.0002	0.0002	0.0004	2.3598	2.7315	0.0010	0.6682	0.7817	0.1615	1.1113	1.1651	0.0002	0.5284	0.7469	0.1462	0.0001	0.4796	-0.2869	-0.0065	5.0237	27.2690	8.0282	12.3406	0.9995	0.9994	0.0001	0.0000	0.0000	0.0000	0.9994	0.9994	0.0001	0.0215	0.0145	0.0070	0.0125	0.0125	0.0000	0.0090	0.0020	0.0070	0.5331	0.4695	0.0636	0.1096	0.1037	0.0059	0.4235	0.3659	0.0576	0.3125	0.1657	0.1468	0.0547	0.0503	0.0045	0.2578	0.1155	0.1423	27.2371	24.2650	0.0202	0.0009	0.0008	2.3350	67.6665	156.2222	0.0208	0.0688	0.0877	0.0475	0.2288	0.2491	0.0002	0.0349	0.0175	0.0490
63	82	0.1804	7	1	1	0	0	0	0	0	0	N	N	N	N	N	N	N	N	N	N	N	N	0.0968	0.1478	0.1324	0.0295	0.0250	40.2454	0.1165	2.6037	0.1691	0.0036	0.0038	0.0025	0.0010	0.0011	0.0008	0.0046	0.0049	0.0027	0.0375	0.0255	0.0188	0.0354	0.0423	0.0000	0.0392	0.0019	0.0160	0.0804	1.6982	-0.0002	0.0000	5.0237	9.0798	8.0282	0.9519	0.0008	0.0007	0.0001	0.0001	0.0001	0.0000	0.0007	0.0007	0.0001	0.0006	0.0002	0.0004	0.0002	0.0002	0.0000	0.0004	0.0000	0.0004	0.2191	0.1953	0.0237	0.0584	0.0558	0.0025	0.1607	0.1395	0.0212	0.0825	0.0428	0.0397	0.0130	0.0118	0.0012	0.0695	0.0310	0.0385	0.4786	0.6953	0.2514	0.0589	0.0541	40.2454	0.8038	125.0950	0.2637	0.0076	0.0054	0.0099	0.0177	0.0195	0.0000	0.0057	0.0000	0.0102
63	83	0.1077	4	1	2	0	0	0	0	0	0	N	Y	N	N	N	N	N	N	N	N	N	N	2.2616	6.8118	0.0000	0.0590	0.1696	0.0000	3.3107	2.1664	0.0000	0.0050	0.0057	0.0000	0.0002	0.0003	0.0000	0.0055	0.0063	0.0000	0.0022	0.0008	0.0017	0.0042	0.0016	0.0502	0.0016	0.0029	0.0009	0.0000	2.9379	-0.0006	0.0000	5.0237	21.0000	8.0282	14.4214	0.0021	0.0021	0.0000	0.0000	0.0000	0.0000	0.0021	0.0021	0.0000	0.0003	0.0001	0.0002	0.0002	0.0001	0.0001	0.0001	0.0000	0.0001	0.4212	0.3672	0.0540	0.0403	0.0377	0.0026	0.3809	0.3295	0.0514	0.3056	0.1644	0.1412	0.0477	0.0448	0.0029	0.2579	0.1196	0.1383	4.8136	11.6966	0.0000	0.0646	0.1696	0.0000	10.6920	75.5304	0.0000	0.0010	0.0005	0.0017	0.0038	0.0016	0.0387	0.0005	0.0001	0.0009
63	84	0.1653	8	1	1	1	0	0	0	0	0	N	N	N	N	N	N	N	N	N	N	N	N	0.6868	0.0000	1.4760	3496.2649	0.0000	14929.0564	0.2455	0.5305	2.2430	0.0000	17.7652	10.7444	0.0000	176.8748	0.9958	0.0000	7.3289	3.2660	0.0012	12.0359	0.0031	0.0020	0.0118	4.0569	0.0000	13.8159	inf	9632.8362	0.6946	0.3251	5.0237	20.4085	8.0282	11.0867	0.9743	0.0000	0.9743	0.5971	0.0000	0.5971	0.3772	0.0000	0.3772	0.8749	0.0001	0.8748	0.0002	0.0001	0.0001	0.8747	0.0000	0.8747	0.4344	0.3795	0.0548	0.0556	0.0522	0.0034	0.3788	0.3273	0.0515	0.2679	0.1417	0.1262	0.0523	0.0464	0.0059	0.2156	0.0953	0.1203	0.6868	0.0000	2.5623	3496.2649	0.0000	14929.0564	0.2455	0.0000	1.0078	3.2660	0.0006	6.9334	0.0031	0.0020	0.0118	4.0569	0.0000	7.2725	
63	85	0.1616	7	1	1	1	0	0	0	0	0	N	N	N	N	N	N	N	N	N	N	N	N	8.9312	11.8890	1.8230	17.8168	17.8677	3053.6562	5.2139	137775.6433	1.1646	6.6064	7.2252	2.0404	11.9622	12.5364	5.2797	4.1949	4.6720	1.2007	0.7397	0.6077	1.1192	0.6714	0.7016	0.0017	0.8045	0.0000	1.0310	0.0383	2.3047	-0.1638	0.0003	5.0237	3.1287	8.0282	1.1816	0.6544	0.6303	0.0241	0.3679	0.3550	0.0128	0.2865	0.2752	0.0113	0.0040	0.0012	0.0028	0.0012	0.0012	0.0000	0.0028	0.0000	0.0028	0.0991	0.0872	0.0118	0.0308	0.0283	0.0024	0.0683	0.0589	0.0094	0.0435	0.0241	0.0194	0.0098	0.0090	0.0009	0.0337	0.0151	0.0185	71.3681	143.0174	14.0817	96.2993	92.1921	3053.6562	50.3349	50598969.8154	7.9229	0.0926	0.0505	0.1449	0.1242	0.1360	0.0017	0.0833	0.0000	0.1515
63	86	0.1547	6	1	1	0	0	0	0	0	0	N	N	N	N	N	N	N	N	N	N	N	N	9.9605	10.5018	8.5337	1.0994	1.0129	419.7719	15.9478	540.2628	9.9161	5.1301	5.6759	1.1955	0.5665	0.5576	0.6649	6.5590	7.3733	1.2982	0.5150	0.5405	0.1401	0.5153	0.5505	0.0016	0.4113	0.0136	0.1309	0.0292	0.8397	-0.1407	-0.0005	5.0237	4.0532	8.0282	2.2470	0.5438	0.5283	0.0154	0.0143	0.0129	0.0014	0.5295	0.5154	0.0140	0.0027	0.0015	0.0012	0.0015	0.0014	0.0000	0.0012	0.0000	0.0012	0.1060	0.0931	0.0129	0.0253	0.0232	0.0021	0.0807	0.0699	0.0108	0.0654	0.0368	0.0286	0.0149	0.0137	0.0013	0.0504	0.0231	0.0273	124.7328	142.8647	27.8488	5.8247	5.2558	419.7719	267.5159	14685.6534	28.9513	0.0411	0.0397	0.0429	0.0973	0.1061	0.0016	0.0245	0.0005	0.0448
63	87	0.1315	5	1	1	0	0	0	0	0	0	N	N	N	N	N	N	N	N	N	N	N	N	0.2443	0.1773	1.6204	0.2046	0.2178	0.4139	0.1973	0.0904	2.0667	0.2311	0.2276	0.2530	0.4215	0.4565	0.0169	0.1659	0.1419	0.2937	0.9459	1.2837	0.1561	2.0597	2.0953	0.0409	0.8408	1.5693	0.1421	0.1781	0.0905	-0.0046	-0.0225	5.0237	4.7288	8.0282	9.8540	0.0337	0.0286	0.0051	0.0157	0.0156	0.0001	0.0180	0.0130	0.0050	0.0412	0.0378	0.0034	0.0291	0.0290	0.0001	0.0121	0.0088	0.0033	0.1459	0.1257	0.0202	0.0372	0.0343	0.0030	0.1087	0.0915	0.0172	0.1729	0.0999	0.0731	0.0442	0.0401	0.0041	0.1287	0.0597	0.0690	0.9698	0.6014	5.4036	0.6399	0.6314	0.5002	1.7674	0.9633	6.1711	0.2383	0.3785	0.0468	0.6587	0.7229	0.0338	0.0939	0.1473	0.0476
63	88	0.1077	4	1	1	0	0	0	0	0	0	N	N	N	N	N	N	N	N	N	N	N	N	0.1178	0.1902	0.1937	0.0088	0.0041	0.0635	0.1107	0.0933	0.2162	0.0947	0.0567	0.3501	0.0006	0.0003	0.0053	0.1048	0.0632	0.3673	0.8041	0.2979	1.8076	0.0663	0.0635	0.0840	0.9468	0.6776	1.6991	0.9212	11.0046	0.0033	0.0051	5.0237	8.6320	8.0282	7.0881	0.0169	0.0088	0.0081	0.0000	0.0000	0.0000	0.0169	0.0088	0.0081	0.0178	0.0015	0.0163	0.0008	0.0007	0.0001	0.0170	0.0008	0.0162	0.1789	0.1557	0.0232	0.0174	0.0162	0.0011	0.1615	0.1394	0.0221	0.1501	0.0829	0.0671	0.0265	0.0251	0.0014	0.1236	0.0578	0.0657	0.7987	3.1693	1.4406	0.0204	0.0096	0.0956	0.7605	4.5776	1.4875	0.1186	0.0179	0.2430	0.0287	0.0272	0.0558	0.1379	0.0138	0.2469
63	89	0.1754	6	1	2	0	0	0	0	0	0	N	Y	N	N	N	N	N	N	N	N	N	N	0.0014	0.0012	0.0007	0.0032	0.0035	0.4593	0.0001	0.0008	0.0008	0.0011	0.0012	0.0003	0.0053	0.0058	0.0002	0.0000	0.0000	0.0003	0.8074	0.9999	0.4009	1.6723	1.6650	0.0004	0.5941	0.0002	0.3267	0.0299	0.3920	-0.0001	-0.0084	5.0237	15.4622	8.0282	5.2688	0.0004	0.0004	0.0000	0.0004	0.0004	0.0000	0.0000	0.0000	0.0000	0.0242	0.0174	0.0068	0.0174	0.0174	0.0000	0.0068	0.0000	0.0068	0.3490	0.3057	0.0433	0.0715	0.0655	0.0060	0.2775	0.2402	0.0374	0.2014	0.1115	0.0900	0.0411	0.0394	0.0018	0.1603	0.0721	0.0882	0.0093	0.0079	0.0035	0.0126	0.0131	0.4593	0.0009	0.2456	0.0036	0.1204	0.1563	0.0759	0.4234	0.4424	0.0004	0.0426	0.0000	0.0774
63	90	0.1637	5	1	1	0	0	0	0	0	0	N	N	N	N	N	N	N	N	N	N	N	N	0.0041	0.0002	0.0138	0.0005	0.0004	1.3895	0.0048	0.0003	0.0153	0.0042	0.0002	0.0339	0.0010	0.0008	0.0049	0.0051	0.0001	0.0370	1.0232	1.2467	2.4622	2.1304	2.1326	0.0036	1.0506	0.2722	2.4257	18.6803	0.8718	0.0005	-0.0060	5.0237	7.5917	8.0282	1.5198	0.0008	0.0000	0.0008	0.0000	0.0000	0.0000	0.0008	0.0000	0.0008	0.0372	0.0198	0.0173	0.0197	0.0197	0.0000	0.0174	0.0001	0.0173	0.1904	0.1679	0.0225	0.0391	0.0370	0.0022	0.1512	0.1309	0.0203	0.1056	0.0606	0.0450	0.0268	0.0252	0.0017	0.0787	0.0354	0.0433	0.0120	0.0007	0.0882	0.0014	0.0010	1.3895	0.0228	0.0247	0.0927	0.3519	0.3275	0.3849	0.7353	0.7836	0.0036	0.2213	0.0036	0.3995
63	91	0.2729	9	2	1	1	0	0	0	0	0	Y	N	N	N	N	N	N	N	N	N	N	N	11092.6443	inf	0.0000	inf	inf	5965.3196	inf	0.0000	16.2432	18.3771	0.0000	0.0006	0.0007	0.0000	21.7389	25.1567	0.0000	0.0015	0.0000	0.0016	0.0000	0.0000	0.0000	0.0036	0.0000	0.0017	0.0000	inf	-0.2866	0.0000	5.0237	3.0317	8.0282	0.1644	0.9981	0.9981	0.0000	0.0000	0.0000	0.0000	0.9981	0.9981	0.0000	0.0000	0.0000	0.0000	0.0000	0.0000	0.0000	0.0000	0.0000	0.0000	0.0614	0.0543	0.0071	0.0155	0.0146	0.0009	0.0459	0.0397	0.0062	0.0250	0.0131	0.0119	0.0044	0.0040	0.0005	0.0205	0.0091	0.0115	20944.4107	inf	0.0000	inf	inf	0.0000	23051.3146	inf	0.0000	0.0008	0.0000	0.0016	0.0000	0.0000	0.0000	0.0009	0.0000	0.0017	
63	92	0.2671	8	2	1	1	0	0	0	0	0	Y	N	N	N	N	N	N	N	N	N	N	N	1.8088	0.8504	0.0000	0.0002	0.0002	0.0000	31.7471	18.8418	0.0000	0.0055	0.0061	0.0000	0.0000	0.0000	0.0000	0.0098	0.0112	0.0000	0.0030	0.0071	0.0002	0.0089	0.0105	0.0000	0.0003	0.0006	0.0002	0.0000	0.0735	-0.0001	-0.0000	5.0237	2.6632	8.0282	1.0147	0.0004	0.0004	0.0000	0.0000	0.0000	0.0000	0.0004	0.0004	0.0000	0.0000	0.0000	0.0000	0.0000	0.0000	0.0000	0.0000	0.0000	0.0000	0.0782	0.0707	0.0075	0.0342	0.0324	0.0018	0.0440	0.0383	0.0057	0.0302	0.0162	0.0140	0.0057	0.0052	0.0005	0.0245	0.0110	0.0135	4.1765	2.6544	0.0000	0.0002	0.0002	0.0000	86.8778	3258.6040	0.0000	0.0013	0.0023	0.0002	0.0065	0.0071	0.0000	0.0001	0.0000	0.0002
63	93	0.1839	7	2	1	1	0	0	0	0	0	Y	N	N	N	N	N	N	N	N	N	N	N	0.1105	0.0505	0.0000	0.7605	0.7097	0.0000	0.0059	0.0005	0.0000	0.0026	0.0029	0.0000	0.0110	0.0116	0.0000	0.0002	0.0003	0.0000	0.0236	0.0583	0.0053	0.0145	0.0163	0.0029	0.0377	0.4794	0.0041	0.0000	0.4673	-0.0006	-0.0007	5.0237	35.0787	8.0282	12.2568	0.0019	0.0019	0.0000	0.0018	0.0018	0.0000	0.0001	0.0001	0.0000	0.0022	0.0015	0.0007	0.0006	0.0006	0.0000	0.0016	0.0009	0.0007	0.7448	0.6604	0.0843	0.1645	0.1567	0.0078	0.5802	0.5037	0.0765	0.3680	0.1915	0.1765	0.0632	0.0573	0.0059	0.3048	0.1343	0.1706	0.4313	0.3714	0.0000	1.1704	1.1465	0.0000	0.0414	0.0365	0.0000	0.0060	0.0079	0.0040	0.0094	0.0101	0.0029	0.0053	0.0070	0.0041
63	94	0.1704	6	2	1	0	0	0	0	0	0	Y	N	N	N	N	N	N	N	N	N	N	N	0.0184	0.4328	0.0154	0.1191	0.1026	7.7328	0.0193	0.3393	0.0202	0.0087	0.0091	0.0054	0.0026	0.0026	0.0016	0.0111	0.0119	0.0058	0.4716	0.0209	0.3504	0.0219	0.0258	0.0002	0.5754	0.0351	0.2859	0.0672	13.0383	-0.0005	0.0010	5.0237	8.4810	8.0282	2.3446	0.0021	0.0020	0.0001	0.0002	0.0002	0.0000	0.0020	0.0018	0.0001	0.0033	0.0002	0.0031	0.0002	0.0002	0.0000	0.0031	0.0000	0.0031	0.2470	0.2219	0.0250	0.0708	0.0686	0.0022	0.1761	0.1533	0.0228	0.0932	0.0490	0.0442	0.0159	0.0146	0.0014	0.0773	0.0344	0.0429	0.2440	1.8768	0.0775	0.2057	0.1906	7.7328	0.2760	11.9433	0.0802	0.0356	0.0048	0.0696	0.0127	0.0139	0.0002	0.0403	0.0010	0.0719
63	95	0.1077	4	1	2	0	1	0	0	0	0	N	Y	N	N	N	N	N	N	N	N	N	N	0.0006	0.0004	0.0000	0.0553	0.0742	0.0000	0.0005	0.0003	0.0000	0.0016	0.0019	0.0000	0.0022	0.0024	0.0000	0.0016	0.0018	0.0000	2.5341	4.7143	0.0472	0.0406	0.0323	0.0990	2.9820	6.4021	0.0412	0.0000	0.0041	-0.0002	-0.6132	5.0237	24.0032	8.0282	22.6134	0.0008	0.0008	0.0000	0.0001	0.0001	0.0000	0.0007	0.0007	0.0000	0.9824	0.9783	0.0040	0.0011	0.0009	0.0002	0.9812	0.9774	0.0038	0.4777	0.4167	0.0610	0.0455	0.0427	0.0029	0.4322	0.3740	0.0582	0.3877	0.2075	0.1801	0.0586	0.0549	0.0038	0.3290	0.1527	0.1764	0.0006	0.0004	0.0000	0.1160	0.1454	0.0000	0.0005	0.0003	0.0000	2.5341	4.7143	0.0224	0.0194	0.0165	0.0613	2.9820	6.4021	0.0215
63	96	0.5251	8	1	2	0	0	0	0	0	0	N	Y	N	N	N	N	N	N	N	N	N	N	0.0025	0.0016	14.5188	0.0366	0.0371	0.0000	0.0007	0.0003	16.1298	0.0109	0.0118	0.0036	0.0237	0.0251	0.0000	0.0048	0.0048	0.0043	4.4049	7.3182	0.0002	0.6473	0.6775	0.0000	6.6836	15.2684	0.0003	0.0373	0.0000	-0.0010	-0.6240	5.0237	18.5150	8.0282	10.2301	0.0042	0.0040	0.0001	0.0029	0.0029	0.0000	0.0012	0.0011	0.0001	0.9932	0.9932	0.0000	0.0093	0.0093	0.0000	0.9839	0.9839	0.0000	0.3819	0.3401	0.0418	0.1240	0.1170	0.0071	0.2579	0.2232	0.0347	0.2255	0.1357	0.0898	0.0783	0.0713	0.0070	0.1472	0.0644	0.0828	0.0025	0.0016	14.5188	0.1993	0.1925	0.0000	0.0007	0.0003	16.1298	4.4049	7.3182	0.0002	0.1189	0.1305	0.0000	6.6836	15.2684	0.0003
63	97	0.1368	5	1	2	0	0	0	0	0	0	N	Y	N	N	N	N	N	N	N	N	N	N	0.0077	0.0030	1.3681	0.0089	0.0085	0.7039	0.1417	168.0872	1.8421	0.0043	0.0023	0.0181	0.0121	0.0121	0.0121	0.0033	0.0010	0.0185	0.5526	0.7671	0.0133	1.3701	1.4319	0.0172	0.0233	0.0000	0.0100	1.1025	0.0842	0.0009	-0.0142	5.0237	46.1140	8.0282	26.4917	0.0038	0.0018	0.0020	0.0012	0.0011	0.0001	0.0026	0.0007	0.0019	0.0258	0.0238	0.0020	0.0239	0.0238	0.0001	0.0019	0.0000	0.0019	0.8828	0.7736	0.1092	0.0977	0.0921	0.0056	0.7850	0.6815	0.1035	0.5450	0.2836	0.2614	0.0769	0.0700	0.0069	0.4681	0.2136	0.2544	0.0905	0.0277	2.3707	0.0391	0.0358	0.7039	0.8212	151795.6480	2.4989	0.0473	0.0838	0.0077	0.3104	0.3395	0.0172	0.0040	0.0000	0.0074
63	98	0.5780	10	1	2	0	0	0	0	0	0	N	Y	N	N	N	N	N	N	N	N	N	N	0.0896	0.0447	0.0002	0.3742	0.3160	0.5720	0.1312	0.0938	0.0000	0.0159	0.0178	0.0000	0.0477	0.0502	0.0000	0.0006	0.0007	0.0000	0.1779	0.3986	0.0016	0.1275	0.1589	0.0000	0.0044	0.0071	0.0018	0.0000	0.0469	-0.0018	-0.0017	5.0237	20.7840	8.0282	8.9470	0.0061	0.0061	0.0000	0.0060	0.0060	0.0000	0.0002	0.0002	0.0000	0.0029	0.0028	0.0001	0.0027	0.0027	0.0000	0.0001	0.0000	0.0001	0.3839	0.3434	0.0405	0.1251	0.1189	0.0062	0.2588	0.2245	0.0343	0.1968	0.1152	0.0816	0.0663	0.0578	0.0085	0.1305	0.0574	0.0731	1.0885	0.7457	0.0002	1.1559	1.0608	0.5720	0.5210	2.3758	0.0000	0.0146	0.0239	0.0016	0.0413	0.0473	0.0000	0.0011	0.0003	0.0018
63	99	0.5731	9	1	1	0	0	0	0	0	0	N	N	N	N	N	N	N	N	N	N	N	N	0.6067	0.5633	0.0507	0.0009	0.0010	0.0002	2.5626	71.6167	0.1128	0.3729	0.4147	0.0043	0.0005	0.0006	0.0000	0.9823	1.1500	0.0079	0.6147	0.7363	0.0857	0.5753	0.5764	0.0515	0.3833	0.0161	0.0704	0.0012	0.3364	-0.0169	-0.0011	5.0237	2.7834	8.0282	1.0450	0.0590	0.0589	0.0001	0.0001	0.0001	0.0000	0.0589	0.0588	0.0001	0.0030	0.0022	0.0008	0.0023	0.0022	0.0000	0.0007	0.0000	0.0007	0.1581	0.1420	0.0161	0.0981	0.0908	0.0073	0.0600	0.0512	0.0088	0.0523	0.0296	0.0227	0.0212	0.0202	0.0011	0.0311	0.0094	0.0217	6.5442	5.4989	0.1317	0.0048	0.0050	0.0003	42.7732	1940.2944	0.2429	0.0570	0.0754	0.0330	0.1069	0.1104	0.0395	0.0230	0.0006	0.0327
63	100	0.5630	8	1	1	0	0	0	0	0	0	N	N	N	N	N	N	N	N	N	N	N	N	0.0006	0.0006	0.0002	0.0003	0.0002	0.0131	0.0008	0.0006	0.0002	0.0005	0.0005	0.0005	0.0001	0.0001	0.0007	0.0009	0.0010	0.0003	0.8942	0.8979	2.1288	0.3441	0.3447	0.0564	1.0914	1.7176	2.0527	0.1095	1.7278	-0.0000	0.0001	5.0237	7.6044	8.0282	2.7972	0.0001	0.0001	0.0000	0.0000	0.0000	0.0000	0.0001	0.0001	0.0000	0.0230	0.0084	0.0146	0.0035	0.0034	0.0001	0.0195	0.0051	0.0144	0.2844	0.2545	0.0299	0.1461	0.1357	0.0105	0.1382	0.1189	0.0194	0.1227	0.0735	0.0492	0.0488	0.0456	0.0032	0.0739	0.0278	0.0460	0.0027	0.0044	0.0016	0.0016	0.0009	0.0171	0.0034	0.0055	0.0010	0.1873	0.1147	0.2957	0.0717	0.0737	0.0431	0.2638	0.1819	0.3133
63	101	0.5134	7	1	1	0	0	0	0	0	0	N	N	N	N	N	N	N	N	N	N	N	N	0.0011	0.0013	0.0023	0.0428	0.0040	8.6253	0.0001	0.0006	0.0001	0.0048	0.0008	0.0377	0.0131	0.0013	0.2116	0.0009	0.0006	0.0028	4.2438	0.6369	16.7364	0.3057	0.3230	0.0245	6.4254	0.9939	19.1282	5.6278	128.3114	0.0011	0.3596	5.0237	18.4780	8.0282	12.4520	0.0019	0.0003	0.0016	0.0017	0.0002	0.0015	0.0002	0.0001	0.0001	0.9883	0.0076	0.9806	0.0052	0.0050	0.0002	0.9831	0.0026	0.9804	0.3922	0.3494	0.0428	0.1275	0.1203	0.0071	0.2648	0.2291	0.0356	0.2329	0.1382	0.0947	0.0799	0.0717	0.0081	0.1530	0.0664	0.0866	0.0011	0.0148	0.0036	0.2010	0.0183	9.0218	0.0001	0.0146	0.0002	4.2438	0.0553	10.3552	0.0651	0.0698	0.0235	6.4254	0.0397	11.3257
63	102	0.2217	7	1	2	0	0	0	0	0	0	N	Y	N	N	N	N	N	N	N	N	N	N	0.0033	0.0079	0.0033	0.0419	0.0430	0.2086	0.0018	0.0004	0.0035	0.0066	0.0039	0.0294	0.0116	0.0120	0.0021	0.0046	0.0002	0.0331	1.9848	0.4939	8.8044	0.2766	0.2798	0.0102	2.5733	0.6548	9.4943	0.8965	104.1455	0.0012	0.3477	5.0237	34.1922	8.0282	22.4626	0.0062	0.0033	0.0029	0.0032	0.0032	0.0000	0.0031	0.0001	0.0029	0.9602	0.0091	0.9511	0.0070	0.0069	0.0001	0.9533	0.0023	0.9510	0.9384	0.8381	0.1003	0.2742	0.2621	0.0121	0.6642	0.5760	0.0882	0.4838	0.2829	0.2009	0.1133	0.1046	0.0087	0.3705	0.1783	0.1922	0.0033	0.1215	0.0062	0.1890	0.1833	0.2086	0.0018	0.0181	0.0067	1.9848	0.0323	4.7342	0.0614	0.0657	0.0102	2.5733	0.0127	4.9492
63	103	0.1738	6	1	2	0	0	0	0	0	0	N	Y	N	N	N	N	N	N	N	N	N	N	0.0136	0.0127	0.0264	0.2599	0.2112	24.4757	0.0044	0.0006	0.0197	0.0103	0.0069	0.0354	0.0315	0.0263	0.1109	0.0039	0.0005	0.0252	0.7549	0.5399	1.3436	0.1210	0.1243	0.0045	0.8895	0.9785	1.2796	0.6955	3.5884	0.0007	0.0046	5.0237	22.5884	8.0282	11.0115	0.0056	0.0033	0.0023	0.0040	0.0031	0.0009	0.0016	0.0002	0.0014	0.0297	0.0065	0.0232	0.0023	0.0023	0.0000	0.0273	0.0041	0.0232	0.5487	0.4834	0.0653	0.1268	0.1191	0.0078	0.4219	0.3643	0.0575	0.2975	0.1630	0.1345	0.0586	0.0550	0.0036	0.2389	0.1080	0.1310	0.1030	0.1734	0.2053	0.7864	0.6207	24.4757	0.0341	0.0142	0.1423	0.0997	0.0397	0.1725	0.0400	0.0423	0.0045	0.1144	0.0383	0.1771
63	104	0.1438	5	1	1	0	0	0	0	0	0	N	N	N	N	N	N	N	N	N	N	N	N	0.0402	0.0197	2.5609	0.5048	0.3303	60.1302	0.0042	0.0009	0.3066	0.0135	0.0100	0.0381	0.0556	0.0396	0.2373	0.0012	0.0008	0.0036	0.3363	0.5079	0.0149	0.1102	0.1199	0.0039	0.2886	0.9092	0.0118	0.5387	0.1966	0.0002	-0.0020	5.0237	11.8100	8.0282	8.7888	0.0039	0.0026	0.0014	0.0037	0.0024	0.0013	0.0003	0.0002	0.0001	0.0044	0.0036	0.0007	0.0015	0.0015	0.0000	0.0028	0.0021	0.0007	0.2914	0.2552	0.0362	0.0658	0.0605	0.0053	0.2255	0.1947	0.0308	0.1937	0.1063	0.0874	0.0403	0.0365	0.0038	0.1535	0.0698	0.0836	0.6013	0.2929	4.6583	1.4778	0.9623	60.1302	0.0656	0.0272	0.4310	0.0225	0.0342	0.0082	0.0376	0.0412	0.0039	0.0185	0.0306	0.0084
63	105	0.1077	4	1	1	0	0	0	0	0	0	N	N	N	N	N	N	N	N	N	N	N	N	0.6147	0.1597	8.4853	4.7526	6.5381	0.1460	0.1782	0.0042	14.3680	0.0164	0.0146	0.0291	0.1138	0.1207	0.0125	0.0061	0.0023	0.0300	0.0267	0.0912	0.0034	0.0239	0.0185	0.0853	0.0340	0.5441	0.0021	0.2962	0.2894	-0.0003	-0.0005	5.0237	14.7392	8.0282	7.3617	0.0049	0.0038	0.0011	0.0033	0.0033	0.0000	0.0016	0.0005	0.0011	0.0013	0.0010	0.0003	0.0005	0.0003	0.0001	0.0009	0.0007	0.0002	0.3005	0.2617	0.0387	0.0289	0.0271	0.0018	0.2716	0.2347	0.0369	0.2021	0.1101	0.0919	0.0337	0.0318	0.0019	0.1684	0.0784	0.0900	2.5318	1.5760	9.0933	8.4205	11.0112	0.2215	1.1921	0.2704	14.3680	0.0065	0.0092	0.0032	0.0135	0.0110	0.0563	0.0051	0.0085	0.0021
63	106	0.1804	7	1	2	0	0	0	0	0	0	N	Y	N	N	N	N	N	N	N	N	N	N	26.8876	13.1088	11.7373	30.6875	29.1801	59.8770	1.1683	0.1827	12.1597	0.0179	0.0200	0.0012	0.0795	0.0835	0.0005	0.0002	0.0000	0.0013	0.0007	0.0015	0.0001	0.0026	0.0029	0.0000	0.0002	0.0001	0.0001	0.0079	0.1293	-0.0021	-0.0000	5.0237	20.0414	8.0282	7.0324	0.0076	0.0076	0.0001	0.0076	0.0076	0.0000	0.0001	0.0000	0.0001	0.0001	0.0001	0.0000	0.0001	0.0001	0.0000	0.0000	0.0000	0.0000	0.4265	0.3778	0.0487	0.0951	0.0905	0.0046	0.3314	0.2873	0.0441	0.2116	0.1095	0.1021	0.0320	0.0290	0.0030	0.1796	0.0805	0.0990	40.4009	26.4458	11.7373	30.6875	29.1801	59.8770	3.3180	55.5430	12.1597	0.0004	0.0008	0.0001	0.0026	0.0029	0.0000	0.0001	0.0000	0.0001
63	107	0.1704	6	1	1	0	0	0	0	0	0	N	N	N	N	N	N	N	N	N	N	N	N	0.5248	0.3422	2.7899	0.1556	0.1391	6.6856	0.9024	1.5625	2.9120	0.0043	0.0041	0.0067	0.0024	0.0024	0.0017	0.0052	0.0049	0.0072	0.0082	0.0119	0.0024	0.0155	0.0174	0.0003	0.0057	0.0031	0.0025	0.1806	0.6442	-0.0001	-0.0000	5.0237	7.0315	8.0282	1.2144	0.0009	0.0008	0.0001	0.0002	0.0002	0.0000	0.0008	0.0006	0.0001	0.0002	0.0001	0.0001	0.0001	0.0001	0.0000	0.0001	0.0000	0.0001	0.2193	0.1977	0.0215	0.0669	0.0649	0.0020	0.1524	0.1328	0.0196	0.0727	0.0385	0.0342	0.0129	0.0118	0.0011	0.0597	0.0266	0.0331	1.4899	1.2176	2.7899	0.2461	0.2278	6.6856	3.6408	52.9710	2.9120	0.0029	0.0033	0.0024	0.0098	0.0106	0.0003	0.0014	0.0001	0.0025
63	108	0.1368	5	1	1	0	0	0	0	0	0	N	N	N	N	N	N	N	N	N	N	N	N	0.0188	0.0005	10.6831	0.0207	0.0103	705.8664	0.0230	0.0001	10.9859	0.0043	0.0002	0.0329	0.0016	0.0009	0.0159	0.0047	0.0001	0.0339	0.2290	0.4713	0.0031	0.0790	0.0878	0.0000	0.2043	0.8728	0.0031	21.3867	0.0931	0.0010	-0.0017	5.0237	16.2725	8.0282	4.4748	0.0015	0.0001	0.0014	0.0001	0.0000	0.0000	0.0014	0.0000	0.0014	0.0030	0.0028	0.0003	0.0009	0.0009	0.0000	0.0022	0.0019	0.0003	0.3518	0.3079	0.0439	0.0461	0.0439	0.0022	0.3057	0.2640	0.0416	0.1807	0.0944	0.0863	0.0280	0.0258	0.0022	0.1527	0.0687	0.0840	0.2554	0.0074	10.9682	0.0527	0.0269	705.8664	0.3303	0.0038	10.9859	0.0168	0.0295	0.0030	0.0310	0.0337	0.0000	0.0142	0.0279	0.0031
63	109	0.1896	6	1	2	0	0	0	0	0	0	N	Y	N	N	N	N	N	N	N	N	N	N	0.0062	0.0129	0.0003	0.0687	0.0725	0.0041	0.0002	0.1155	0.0004	0.0061	0.0068	0.0010	0.0409	0.0434	0.0000	0.0002	0.0001	0.0011	0.9769	0.5273	2.9505	0.5943	0.5984	0.0028	1.1276	0.0005	2.9867	0.0209	12.5617	-0.0013	0.0383	5.0237	40.5309	8.0282	14.7974	0.0049	0.0048	0.0001	0.0048	0.0048	0.0000	0.0001	0.0000	0.0001	0.1285	0.0095	0.1191	0.0095	0.0095	0.0000	0.1190	0.0000	0.1190	0.8086	0.7101	0.0985	0.1171	0.1103	0.0068	0.6915	0.5998	0.0917	0.4648	0.2530	0.2118	0.0863	0.0811	0.0052	0.3785	0.1719	0.2067	0.0220	0.1812	0.0018	0.3714	0.3712	0.0041	0.0006	21.8845	0.0019	0.2765	0.0375	0.5620	0.1100	0.1168	0.0028	0.3145	0.0000	0.5760
63	110	0.1637	5	1	2	0	0	0	0	0	0	N	Y	N	N	N	N	N	N	N	N	N	N	0.0021	0.0042	0.0036	0.0034	0.0033	1.4118	0.0019	0.0159	0.0035	0.0103	0.0029	0.0637	0.0030	0.0030	0.0035	0.0118	0.0029	0.0690	5.0053	0.7046	17.4698	0.8905	0.9095	0.0025	6.3188	0.1831	19.8262	3.0004	134.5623	0.0015	0.3118	5.0237	13.5236	8.0282	3.5331	0.0032	0.0008	0.0024	0.0002	0.0001	0.0000	0.0030	0.0006	0.0024	0.8558	0.0063	0.8495	0.0062	0.0062	0.0000	0.8497	0.0002	0.8495	0.3072	0.2699	0.0373	0.0517	0.0487	0.0030	0.2555	0.2212	0.0343	0.1710	0.0949	0.0761	0.0365	0.0343	0.0023	0.1345	0.0606	0.0738	0.0021	0.0441	0.0057	0.0180	0.0168	1.4118	0.0019	1.1462	0.0060	5.0053	0.0665	11.1644	0.1688	0.1798	0.0025	6.3188	0.0025	11.5060
63	111	0.1077	4	1	1	0	0	0	0	0	0	N	N	N	N	N	N	N	N	N	N	N	N	4.2258	1.0649	18.6971	1.5645	0.0336	5.1638	3.9304	3.5726	20.2970	2.9209	0.0099	22.6356	0.0378	0.0005	0.5866	3.2273	0.0109	23.7348	0.6912	0.0093	1.2107	0.0242	0.0162	0.1136	0.8211	0.0031	1.1694	339.0946	49.0917	0.7120	0.0076	5.0237	16.9399	8.0282	15.9768	1.0030	0.0029	1.0000	0.0012	0.0000	0.0012	1.0017	0.0029	0.9988	0.0216	0.0004	0.0212	0.0006	0.0004	0.0002	0.0210	0.0000	0.0210	0.3434	0.2992	0.0442	0.0330	0.0309	0.0021	0.3104	0.2683	0.0421	0.2866	0.1545	0.1322	0.0452	0.0424	0.0027	0.2415	0.1120	0.1294	38.6899	3.5241	141.0794	2.7758	0.0546	8.3113	37.0668	122.6032	146.1982	0.0755	0.0028	0.1604	0.0136	0.0099	0.0706	0.0871	0.0001	0.1623
63	112	0.2121	8	2	2	0	1	0	0	0	0	Y	Y	N	N	N	N	N	N	N	N	N	N	1.8628	0.8282	1.5200	1.3381	inf	inf	0.0019	0.0021	0.0000	0.0042	0.0042	0.0000	0.0004	0.0005	0.0000	0.0010	0.0026	0.0000	0.0027	0.0032	0.0000	0.0000	0.0000	0.0000	0.0000	0.0000	-0.0000	-0.0000	5.0237	0.0019	8.0282	1.9928	0.0000	0.0000	0.0000	0.0000	0.0000	0.0000	0.0000	0.0000	0.0000	0.0000	0.0000	0.0000	0.0000	0.0000	0.0000	0.0000	0.0000	0.0000	0.0001	0.0001	0.0000	0.0000	0.0000	0.0000	0.0001	0.0001	0.0000	0.0168	0.0092	0.0075	0.0036	0.0032	0.0004	0.0132	0.0060	0.0071	3.1263	1.9779	0.0000	1.5200	1.3673	0.0000	inf	inf	0.0000	0.0006	0.0011	0.0000	0.0027	0.0031	0.0000	0.0000	0.0000	0.0000			
63	113	0.1885	7	2	2	0	1	0	0	0	0	Y	Y	N	N	N	N	N	N	N	N	N	N	0.0587	0.0335	0.0007	2.5771	2.2410	0.0000	0.0171	0.0058	0.0008	0.0136	0.0158	0.0000	0.0579	0.0605	0.0000	0.0047	0.0056	0.0000	0.2317	0.4700	0.0034	0.0225	0.0270	0.0000	0.2785	0.9636	0.0033	0.0000	0.0963	-0.0008	-0.0012	5.0237	8.6942	8.0282	6.0502	0.0027	0.0027	0.0000	0.0019	0.0019	0.0000	0.0008	0.0008	0.0000	0.0022	0.0020	0.0002	0.0003	0.0003	0.0000	0.0019	0.0017	0.0002	0.2012	0.1736	0.0276	0.0335	0.0320	0.0015	0.1677	0.1416	0.0262	0.1289	0.0681	0.0608	0.0241	0.0215	0.0027	0.1048	0.0466	0.0581	0.7981	0.5360	0.0008	4.4980	4.1880	0.0000	0.2642	0.1552	0.0008	0.0170	0.0294	0.0032	0.0129	0.0145	0.0000	0.0180	0.0363	0.0033
63	114	0.2096	11	1	2	0	1	0	0	0	0	N	Y	N	N	N	N	N	N	N	N	N	N	0.0000	0.0000	0.0000	0.0000	0.0000	0.0000	0.0000	0.0000	0.0000	0.0000	0.0000	0.0000	0.0000	0.0006	0.0016	0.0000	0.0009	0.0009	0.0000	0.0000	0.0000	0.0000	0.0000	0.0000	-0.0000	5.0237	0.0001	8.0282	0.0001	0.0000	0.0000	0.0000	0.0000	0.0000	0.0000	0.0000	0.0000	0.0000	0.0000	0.0000	0.0000	0.0000	0.0000	0.0000	0.0000	0.0000	0.0000	0.0000	0.0000	0.0000	0.0000	0.0000	0.0000	0.0000	0.0000	0.0000	0.0000	0.0000	0.0000	0.0000	0.0000	0.0000	0.0000	0.0000	0.0000	0.0000	0.0000	0.0000	0.0000	0.0000	0.0000	0.0000	0.0000	0.0000	0.0004	0.0008	0.0000	0.0009	0.0009	0.0000	0.0000	0.0000	0.0000						
63	115	0.2029	10	1	2	0	1	0	0	0	0	N	Y	N	N	N	N	N	N	N	N	N	N	0.0000	0.0000	0.0000	0.0000	0.0000	0.0000	0.0000	0.0000	0.0000	0.0000	0.0000	0.0000	0.0000	0.0017	0.0047	0.0000	0.0060	0.0074	0.0000	0.0000	0.0000	0.0000	0.0000	0.0000	-0.0000	5.0237	3.0007	8.0282	1.0012	0.0000	0.0000	0.0000	0.0000	0.0000	0.0000	0.0000	0.0000	0.0000	0.0000	0.0000	0.0000	0.0000	0.0000	0.0000	0.0000	0.0000	0.0000	0.0625	0.0544	0.0080	0.0083	0.0078	0.0005	0.0541	0.0466	0.0075	0.0342	0.0178	0.0164	0.0062	0.0054	0.0008	0.0280	0.0124	0.0156	0.0000	0.0000	0.0000	0.0000	0.0000	0.0000	0.0000	0.0000	0.0000	0.0009	0.0017	0.0000	0.0049	0.0055	0.0000	0.0000	0.0000	0.0000						
63	116	0.2010	9	1	1	0	1	0	0	0	0	N	N	N	N	N	N	N	N	N	N	N	N	0.0000	0.0000	0.0000	0.0000	0.0000	0.0000	0.0000	0.0000	0.0000	0.0000	0.0000	0.0000	0.0000	0.0000	0.0000	0.0000	0.0000	0.0000	0.0000	0.0000	0.0000	0.0000	0.0854	0.0000	-0.0000	5.0237	1.1177	8.0282	0.0023	0.0000	0.0000	0.0000	0.0000	0.0000	0.0000	0.0000	0.0000	0.0000	0.0000	0.0000	0.0000	0.0000	0.0000	0.0000	0.0000	0.0000	0.0000	0.0246	0.0215	0.0031	0.0042	0.0040	0.0002	0.0203	0.0175	0.0028	0.0096	0.0050	0.0046	0.0017	0.0015	0.0002	0.0079	0.0035	0.0044	0.0000	0.0000	0.0000	0.0000	0.0000	0.0000	0.0000	0.0000	0.0000	0.0000	0.0000	0.0000	0.0000	0.0000	0.0000	0.0000	0.0000	0.0000						
63	117	0.1980	5	1	2	0	0	0	0	0	0	N	Y	N	N	N	N	N	N	N	N	N	N	0.3599	0.4302	0.0000	0.0000	0.0000	0.0413	0.3695	0.3752	0.0000	1.5359	1.7341	0.0001	0.0001	0.0000	0.0010	1.9416	2.2314	0.0000	4.2681	4.0309	8.2775	1.4564	1.4919	0.0234	5.2552	5.9467	8.9261	0.0000	0.9624	-0.2859	-0.2693	5.0237	31.2782	8.0282	23.9277	0.9957	0.9957	0.0000	0.0000	0.0000	0.0000	0.9957	0.9957	0.0000	1.9526	0.9950	0.9576	0.0312	0.0310	0.0002	1.9214	0.9640	0.9574	0.6483	0.5742	0.0741	0.1355	0.1280	0.0075	0.5128	0.4462	0.0666	0.4575	0.2468	0.2106	0.0919	0.0847	0.0071	0.3656	0.1621	0.2035	0.3599	0.4302	0.0000	0.0002	0.0000	0.0425	0.3695	0.3752	0.0000	4.2681	4.0309	4.5461	0.3393	0.3659	0.0227	5.2552	5.9467	4.7044
63	118	0.2010	9	1	1	1	1	0	0	0	0	N	N	N	N	N	N	N	N	N	N	N	N	0.0000	0.0000	0.0000	0.0000	0.0000	0.0000	0.0000	0.0000	0.0000	0.0000	0.0000	0.0000	0.0000	0.0000	0.0000	0.0000	0.0000	0.0000	0.0000	0.0000	5.0237	3.8827	8.0282	2.9998	0.0000	0.0000	0.0000	0.0000	0.0000	0.0000	0.0000	0.0000	0.0000	0.0000	0.0000	0.0000	0.0000	0.0000	0.0000	0.0000	0.0000	0.0000	0.0818	0.0714	0.0104	0.0118	0.0111	0.0007	0.0700	0.0602	0.0097	0.0583	0.0303	0.0280	0.0105	0.0092	0.0013	0.0478	0.0212	0.0267	0.0000	0.0000	0.0000	0.0000	0.0000	0.0000	0.0000	0.0000	0.0000	0.0000	0.0000	0.0000	0.0000	0.0000	0.0000	0.0000	0.0000	0.0000											
63	119	0.1981	8	1	1	0	1	0	0	0	0	N	N	N	N	N	N	N	N	N	N	N	N	2.1934	0.0000	28.1048	0.0084	0.0000	inf	7.2219	30.0925	0.0000	0.0000	0.0002	0.0000	0.0000	0.0000	0.0000	0.0000	0.0002	0.0000	0.0000	0.0000	0.0000	0.0000	0.0000	0.0000	0.0000	0.0000	inf	0.4834	0.0000	-0.0000	5.0237	2.8083	8.0282	0.0030	0.0000	0.0000	0.0000	0.0000	0.0000	0.0000	0.0000	0.0000	0.0000	0.0000	0.0000	0.0000	0.0000	0.0000	0.0000	0.0000	0.0000	0.0000	0.0728	0.0644	0.0084	0.0172	0.0163	0.0009	0.0556	0.0482	0.0075	0.0243	0.0126	0.0117	0.0044	0.0038	0.0005	0.0199	0.0087	0.0112	2.1934	0.0000	28.1048	0.0084	0.0000	inf	7.2219	0.0000	30.0925	0.0000	0.0000	0.0000	0.0000	0.0000	0.0000	0.0000	0.0000	0.0000	
63	120	0.1981	8	1	1	1	1	0	0	0	0	N	N	N	N	N	N	N	N	N	N	N	N	2.4919	0.0000	28.1384	0.0142	0.0000	inf	7.0946	29.0864	0.0000	0.0000	0.0001	0.0000	0.0000	0.0000	0.0000	0.0000	0.0001	0.0000	0.0000	0.0000	0.0000	0.0000	0.0000	0.0000	0.0000	0.0000	inf	0.5251	0.0000	-0.0000	5.0237	9.6158	8.0282	0.0030	0.0000	0.0000	0.0000	0.0000	0.0000	0.0000	0.0000	0.0000	0.0000	0.0000	0.0000	0.0000	0.0000	0.0000	0.0000	0.0000	0.0000	0.0000	0.2105	0.1844	0.0261	0.0342	0.0322	0.0020	0.1763	0.1522	0.0241	0.0815	0.0422	0.0392	0.0146	0.0128	0.0018	0.0669	0.0294	0.0374	2.4919	0.0000	28.1384	0.0142	0.0000	inf	7.0946	0.0000	29.0864	0.0000	0.0000	0.0000	0.0000	0.0000	0.0000	0.0000	0.0000	0.0000	
63	121	0.1885	7	1	1	0	1	0	0	0	0	N	N	N	N	N	N	N	N	N	N	N	N	0.0236	0.0020	5.7430	0.0128	0.0060	26.5176	0.0239	0.0013	7.0303	0.0109	0.0013	0.0674	0.0003	0.0002	0.0050	0.0137	0.0016	0.0704	0.4637	0.6562	0.0117	0.0273	0.0319	0.0002	0.5740	1.2840	0.0100	8.9017	0.1038	0.0007	-0.0011	5.0237	4.2457	8.0282	2.0144	0.0012	0.0001	0.0011	0.0000	0.0000	0.0000	0.0012	0.0001	0.0011	0.0021	0.0019	0.0002	0.0002	0.0002	0.0000	0.0019	0.0017	0.0002	0.1120	0.0957	0.0164	0.0231	0.0223	0.0008	0.0889	0.0733	0.0156	0.0595	0.0320	0.0275	0.0123	0.0112	0.0012	0.0472	0.0208	0.0264	0.3149	0.0221	9.5321	0.0236	0.0117	26.5176	0.3426	0.0201	9.5472	0.0347	0.0586	0.0071	0.0148	0.0163	0.0002	0.0400	0.0812	0.0074
63	122	0.1463	6	1	1	0	1	0	0	0	0	N	N	N	N	N	N	N	N	N	N	N	N	0.7487	0.4657	0.0071	0.0090	0.0093	0.0296	0.7552	0.4128	0.0074	3.6777	4.2443	0.0196	0.0178	0.0185	0.0015	4.2903	5.0412	0.0204	4.9118	9.1146	2.7419	1.9632	1.9792	0.0507	5.6808	12.2117	2.7495	0.0007	0.0486	-0.2855	-0.6062	5.0237	11.9190	8.0282	13.1740	0.9968	0.9961	0.0007	0.0007	0.0007	0.0000	0.9961	0.9954	0.0007	1.0415	0.9933	0.0482	0.0184	0.0183	0.0001	1.0231	0.9750	0.0481	0.2710	0.2347	0.0364	0.0389	0.0372	0.0016	0.2322	0.1974	0.0347	0.2120	0.1090	0.1031	0.0319	0.0291	0.0028	0.1801	0.0798	0.1003	0.7487	0.4657	0.0418	0.0308	0.0294	0.0383	0.7552	0.4128	0.0426	4.9118	9.1146	0.4681	0.5765	0.6284	0.0391	5.6808	12.2117	0.4801
63	123	0.5733	10	1	1	1	1	0	0	0	0	N	N	N	N	N	N	N	N	N	N	N	N	0.0000	0.0000	0.0000	0.0000	0.0000	0.0000	0.0000	0.0000	0.0000	0.0000	0.0000	0.0000	0.0000	0.0000	0.0000	0.0000	0.0000	0.0003	0.0008	0.0000	0.0008	0.0009	0.0000	0.0000	0.0000	0.0000	0.0225	0.0000	-0.0000	5.0237	12.8936	8.0282	4.1514	0.0000	0.0000	0.0000	0.0000	0.0000	0.0000	0.0000	0.0000	0.0000	0.0000	0.0000	0.0000	0.0000	0.0000	0.0000	0.0000	0.0000	0.0000	0.2729	0.2445	0.0284	0.0971	0.0919	0.0052	0.1758	0.1525	0.0233	0.1174	0.0691	0.0483	0.0412	0.0371	0.0041	0.0762	0.0319	0.0443	0.0000	0.0000	0.0000	0.0000	0.0000	0.0000	0.0000	0.0000	0.0000	0.0003	0.0005	0.0000	0.0008	0.0009	0.0000	0.0000	0.0000	0.0000		
63	124	0.1617	7	1	2	0	0	0	0	0	0	N	Y	N	N	N	N	N	N	N	N	N	N	0.0028	0.1075	0.0124	0.4799	0.4729	0.0146	0.0005	0.0000	0.0140	0.0008	0.0007	0.0013	0.0051	0.0054	0.0001	0.0002	0.0000	0.0014	0.2870	0.0067	0.1075	0.0107	0.0114	0.0074	0.3618	0.0023	0.0996	0.2694	16.4050	-0.0000	0.0012	5.0237	12.7386	8.0282	8.7370	0.0002	0.0002	0.0000	0.0002	0.0002	0.0000	0.0000	0.0000	0.0000	0.0037	0.0002	0.0035	0.0002	0.0002	0.0000	0.0035	0.0000	0.0035	0.2714	0.2370	0.0344	0.0333	0.0316	0.0017	0.2381	0.2054	0.0327	0.1878	0.0967	0.0911	0.0305	0.0278	0.0027	0.1572	0.0689	0.0884	0.0406	0.3281	0.0350	0.6867	0.7227	0.0146	0.0087	0.0000	0.0358	0.0196	0.0022	0.0381	0.0075	0.0075	0.0074	0.0220	0.0001	0.0391
63	125	0.1463	6	1	2	0	0	0	0	0	0	N	Y	N	N	N	N	N	N	N	N	N	N	0.0066	0.0029	0.0110	0.0059	0.0059	0.0361	0.0057	0.0027	0.0111	0.0074	0.0023	0.0397	0.0076	0.0078	0.0032	0.0074	0.0011	0.0413	1.1299	0.8100	3.6166	1.2917	1.3304	0.0888	1.2912	0.4291	3.7286	2.6843	10.6912	0.0007	0.0146	5.0237	8.6431	8.0282	1.4782	0.0015	0.0004	0.0011	0.0003	0.0002	0.0000	0.0013	0.0002	0.0011	0.0509	0.0044	0.0465	0.0042	0.0041	0.0001	0.0467	0.0002	0.0465	0.2074	0.1792	0.0282	0.0331	0.0319	0.0012	0.1744	0.1473	0.0271	0.0918	0.0472	0.0446	0.0151	0.0139	0.0012	0.0767	0.0334	0.0434	0.0134	0.0253	0.0381	0.0273	0.0261	0.0562	0.0121	0.1865	0.0386	0.5542	0.0922	1.0433	0.2796	0.2993	0.0571	0.6081	0.0062	1.0711
63	126	0.1368	5	1	1	0	0	0	0	0	0	N	N	N	N	N	N	N	N	N	N	N	N	0.0013	0.0071	0.0028	0.2115	0.2297	0.3159	0.0012	0.0030	0.0029	0.0194	0.0031	0.1423	0.0041	0.0040	0.0099	0.0231	0.0028	0.1488	15.3198	0.4327	50.2295	0.0196	0.0173	0.0314	18.8234	0.9424	50.5218	6.1251	1082.3917	0.0012	0.3485	5.0237	4.1618	8.0282	2.0491	0.0022	0.0003	0.0019	0.0001	0.0001	0.0000	0.0021	0.0002	0.0019	0.9401	0.0009	0.9393	0.0001	0.0001	0.0000	0.9400	0.0008	0.9392	0.1120	0.0989	0.0131	0.0219	0.0213	0.0006	0.0901	0.0776	0.0125	0.0614	0.0332	0.0282	0.0114	0.0107	0.0007	0.0499	0.0224	0.0275	0.0013	0.1178	0.0043	0.3562	0.3750	0.3608	0.0012	0.0844	0.0044	15.3198	0.0262	33.3138	0.0116	0.0106	0.0275	18.8234	0.0336	34.1568
63	127	0.1077	4	1	1	0	0	0	0	0	0	N	N	N	N	N	N	N	N	N	N	N	N	0.0221	0.0013	0.1247	0.0069	0.0033	101.3945	0.0205	0.0092	0.1545	0.0132	0.0000	0.1018	0.0002	0.0001	0.0012	0.0146	0.0000	0.1069	0.5989	0.0159	0.8162	0.0225	0.0247	0.0000	0.7115	0.0015	0.6915	732.5492	22.8720	0.0018	0.0028	5.0237	9.4810	8.0282	7.4917	0.0026	0.0000	0.0026	0.0000	0.0000	0.0000	0.0026	0.0000	0.0026	0.0086	0.0004	0.0083	0.0004	0.0004	0.0000	0.0083	0.0000	0.0083	0.1960	0.1706	0.0254	0.0190	0.0178	0.0012	0.1770	0.1528	0.0242	0.1604	0.0883	0.0721	0.0279	0.0264	0.0015	0.1325	0.0619	0.0706	0.2458	0.0051	0.8879	0.0121	0.0061	101.3945	0.2343	0.5729	0.9126	0.0538	0.0041	0.1147	0.0129	0.0136	0.0000	0.0624	0.0000	0.1171
63	128	0.5855	11	2	2	0	0	0	0	0	0	Y	Y	N	N	N	N	N	N	N	N	N	N	0.0000	0.0000	0.0000	0.0000	0.0000	0.0000	0.0000	0.0000	0.0000	0.0000	0.0000	0.0000	0.0000	0.0000	0.0000	0.0000	0.0000	0.0000	0.0000	0.0000	0.0000	0.0000	0.0101	0.0000	-0.0000	5.0237	2.0107	8.0282	1.9995	0.0000	0.0000	0.0000	0.0000	0.0000	0.0000	0.0000	0.0000	0.0000	0.0000	0.0000	0.0000	0.0000	0.0000	0.0000	0.0000	0.0000	0.0000	0.0397	0.0353	0.0044	0.0139	0.0131	0.0008	0.0258	0.0222	0.0036	0.0272	0.0162	0.0110	0.0103	0.0093	0.0010	0.0170	0.0069	0.0101	0.0000	0.0000	0.0000	0.0000	0.0000	0.0000	0.0000	0.0000	0.0000	0.0000	0.0000	0.0000	0.0000	0.0000	0.0000	0.0000	0.0000	0.0000						
63	129	0.5733	10	2	2	0	0	0	0	0	0	Y	Y	N	N	N	N	N	N	N	N	N	N	0.0000	0.0000	0.0000	0.0000	0.0000	0.0000	0.0000	0.0000	0.0000	0.0000	0.0000	0.0000	0.0000	0.0000	0.0000	0.0000	0.0000	0.0003	0.0007	0.0000	0.0007	0.0008	0.0000	0.0000	0.0000	0.0000	0.0561	0.0000	-0.0000	5.0237	5.6459	8.0282	1.1399	0.0000	0.0000	0.0000	0.0000	0.0000	0.0000	0.0000	0.0000	0.0000	0.0000	0.0000	0.0000	0.0000	0.0000	0.0000	0.0000	0.0000	0.0000	0.1346	0.1214	0.0132	0.0518	0.0494	0.0024	0.0828	0.0720	0.0108	0.0509	0.0298	0.0211	0.0183	0.0167	0.0016	0.0326	0.0131	0.0195	0.0000	0.0000	0.0000	0.0000	0.0000	0.0000	0.0000	0.0000	0.0000	0.0003	0.0004	0.0000	0.0007	0.0008	0.0000	0.0000	0.0000	0.0000		
63	130	0.5430	9	1	1	0	0	0	0	0	0	N	N	N	N	N	N	N	N	N	N	N	N	0.0001	0.0000	0.0001	0.0002	0.0002	0.0000	0.0000	0.0004	0.0002	0.0000	0.0000	0.0000	0.0000	0.0000	0.0000	0.0000	0.0000	0.0000	0.2889	0.4647	0.0111	0.1761	0.1865	0.0005	0.0269	0.0020	0.0099	0.0076	0.1677	-0.0000	-0.0013	5.0237	11.6079	8.0282	5.3766	0.0000	0.0000	0.0000	0.0000	0.0000	0.0000	0.0000	0.0000	0.0000	0.0028	0.0024	0.0004	0.0024	0.0024	0.0000	0.0004	0.0000	0.0004	0.2928	0.2611	0.0317	0.1158	0.1092	0.0066	0.1770	0.1519	0.0251	0.1397	0.0819	0.0578	0.0498	0.0457	0.0041	0.0899	0.0363	0.0536	0.0009	0.0007	0.0002	0.0009	0.0009	0.0000	0.0002	0.0180	0.0002	0.0197	0.0287	0.0068	0.0473	0.0515	0.0005	0.0044	0.0000	0.0073
63	131	0.5251	8	1	1	0	0	0	0	0	0	N	N	N	N	N	N	N	N	N	N	N	N	0.0005	0.0002	0.0227	0.0018	0.0008	0.1784	0.0000	0.0000	0.0004	0.0004	0.0002	0.0020	0.0009	0.0004	0.0120	0.0000	0.0000	0.0000	0.6538	0.7750	0.0877	0.5164	0.5270	0.0671	0.6167	1.1791	0.0704	1.3273	0.2406	0.0000	-0.0036	5.0237	3.9355	8.0282	8.7078	0.0000	0.0000	0.0000	0.0000	0.0000	0.0000	0.0000	0.0000	0.0000	0.0084	0.0068	0.0016	0.0047	0.0046	0.0002	0.0036	0.0022	0.0015	0.1039	0.0933	0.0106	0.0385	0.0367	0.0017	0.0655	0.0566	0.0089	0.1282	0.0798	0.0484	0.0488	0.0454	0.0034	0.0794	0.0344	0.0450	0.0055	0.0020	0.0592	0.0097	0.0042	0.2454	0.0002	0.0001	0.0008	0.0654	0.0847	0.0336	0.0973	0.1009	0.0488	0.0458	0.0632	0.0325
63	132	0.5134	7	1	1	0	0	0	0	0	0	N	N	N	N	N	N	N	N	N	N	N	N	0.0020	0.0017	0.0103	0.0055	0.0053	0.1196	0.0004	0.0002	0.0007	0.0015	0.0015	0.0009	0.0035	0.0034	0.0050	0.0003	0.0003	0.0001	0.7198	0.9182	0.0857	0.6411	0.6484	0.0421	0.7345	1.4473	0.0705	0.0677	0.1711	-0.0001	-0.0044	5.0237	6.2657	8.0282	3.9760	0.0002	0.0002	0.0000	0.0002	0.0002	0.0000	0.0000	0.0000	0.0000	0.0092	0.0079	0.0013	0.0049	0.0048	0.0001	0.0043	0.0031	0.0012	0.1616	0.1448	0.0168	0.0581	0.0553	0.0028	0.1035	0.0895	0.0140	0.1065	0.0656	0.0410	0.0416	0.0383	0.0033	0.0649	0.0273	0.0376	0.0168	0.0126	0.0269	0.0297	0.0274	0.1440	0.0045	0.0030	0.0016	0.0866	0.1201	0.0329	0.1177	0.1249	0.0349	0.0666	0.1134	0.0327
63	133	0.4361	6	1	1	0	0	0	0	0	0	N	N	N	N	N	N	N	N	N	N	N	N	0.0277	0.0390	0.0299	1.0771	1.1693	1.1041	0.0046	0.0000	0.0242	0.0199	0.0176	0.0386	0.0549	0.0532	0.0837	0.0041	0.0000	0.0303	0.7168	0.4504	1.2924	0.0510	0.0455	0.0758	0.8914	0.9519	1.2514	0.2712	4.2287	-0.0008	0.0062	5.0237	26.7012	8.0282	18.2690	0.0114	0.0090	0.0024	0.0098	0.0090	0.0008	0.0016	0.0000	0.0016	0.0341	0.0065	0.0276	0.0031	0.0026	0.0006	0.0310	0.0040	0.0270	0.5743	0.5113	0.0630	0.1783	0.1685	0.0098	0.3960	0.3428	0.0532	0.4029	0.2377	0.1652	0.1354	0.1246	0.0108	0.2675	0.1131	0.1544	0.2344	0.6390	0.2311	2.3722	2.5919	1.5708	0.0352	0.0001	0.1732	0.0847	0.0275	0.1671	0.0232	0.0205	0.0533	0.1159	0.0351	0.1751
63	134	0.1980	5	1	1	0	0	0	0	0	0	N	N	N	N	N	N	N	N	N	N	N	N	0.2448	0.0046	0.7967	0.0064	0.0073	0.0011	0.2535	0.0035	0.7957	0.8904	0.0111	7.6620	0.0077	0.0081	0.0025	1.0974	0.0118	8.4895	3.6369	2.4150	9.6166	1.2159	1.1121	2.1931	4.3289	3.3714	10.6685	89.9487	1.8189	0.7077	0.0484	5.0237	61.4372	8.0282	55.8589	1.0083	0.0111	0.9972	0.0017	0.0016	0.0000	1.0066	0.0095	0.9972	2.8647	1.0162	1.8484	0.0353	0.0292	0.0061	2.8294	0.9870	1.8423	1.1324	1.0022	0.1302	0.2151	0.2024	0.0127	0.9173	0.7998	0.1175	0.7877	0.4208	0.3669	0.1341	0.1222	0.0118	0.6536	0.2986	0.3550	0.2448	0.0046	1.5207	0.0294	0.0338	0.0049	0.2535	0.0036	1.6360	3.6369	2.4150	5.0386	0.2633	0.2389	0.5153	4.3289	3.3059	5.1892
63	135	0.1077	4	1	1	0	0	0	0	0	0	N	N	N	N	N	N	N	N	N	N	N	N	0.0148	0.0196	0.0136	0.2601	0.2533	0.0122	0.0115	0.0089	0.0153	0.0128	0.0103	0.0300	0.0230	0.0245	0.0001	0.0117	0.0087	0.0315	0.8685	0.5270	2.2075	0.0884	0.0969	0.0044	1.0228	0.9739	2.0622	0.4224	7.1985	0.0001	0.0168	5.0237	31.7621	8.0282	18.5886	0.0079	0.0056	0.0024	0.0013	0.0013	0.0000	0.0066	0.0042	0.0024	0.0673	0.0082	0.0591	0.0021	0.0021	0.0000	0.0653	0.0062	0.0591	0.6198	0.5412	0.0786	0.0586	0.0549	0.0037	0.5612	0.4863	0.0749	0.4141	0.2214	0.1926	0.0621	0.0580	0.0040	0.3520	0.1634	0.1886	0.0788	0.2782	0.0978	0.6886	0.6933	0.0122	0.0634	0.2311	0.1005	0.1626	0.0371	0.3069	0.0334	0.0354	0.0044	0.1854	0.0377	0.3133
64	66	0.2457	7	1	2	0	0	0	0	0	0	N	Y	N	N	N	N	N	N	N	N	N	N	4.4487	0.0160	165.4202	0.0461	0.0442	0.5167	7.5880	0.0059	226.6630	1.3272	0.0027	11.2647	0.0091	0.0097	0.0014	1.7897	0.0001	13.4451	0.2983	0.1667	0.0681	0.1963	0.2186	0.0027	0.2359	0.0086	0.0593	561.8907	2.1745	1.4209	0.0007	17.5893	21.1811	19.0270	10.1862	1.9982	0.0035	1.9946	0.0035	0.0035	0.0000	1.9946	0.0000	1.9946	0.0116	0.0036	0.0079	0.0036	0.0036	0.0000	0.0080	0.0001	0.0079	1.5056	1.3285	0.1771	0.3911	0.3623	0.0287	1.1145	0.9662	0.1484	0.5757	0.2986	0.2771	0.0714	0.0640	0.0074	0.5043	0.2346	0.2697	66.1289	0.2192	394.4114	0.1807	0.1737	0.5167	113.1795	0.1487	459.3147	0.0201	0.0122	0.0286	0.0501	0.0556	0.0027	0.0158	0.0003	0.0293
64	67	0.2319	6	1	2	0	0	0	0	0	0	N	Y	N	N	N	N	N	N	N	N	N	N	1.4819	0.6308	18.9685	0.0387	0.0348	0.1161	2.1440	0.2111	21.6961	0.0108	0.0071	0.0389	0.0006	0.0007	0.0000	0.0142	0.0094	0.0457	0.0073	0.0112	0.0021	0.0161	0.0192	0.0000	0.0066	0.0445	0.0021	0.7167	0.6083	0.0008	-0.0001	17.5893	7.4253	19.0270	0.9851	0.0062	0.0036	0.0026	0.0001	0.0001	0.0000	0.0061	0.0035	0.0026	0.0004	0.0003	0.0002	0.0002	0.0002	0.0000	0.0002	0.0001	0.0002	0.5758	0.5093	0.0665	0.1443	0.1344	0.0099	0.4315	0.3749	0.0566	0.1626	0.0834	0.0792	0.0187	0.0166	0.0021	0.1439	0.0668	0.0771	4.0743	2.2137	18.9685	0.0618	0.0589	0.1161	8.4584	8.0021	21.6961	0.0026	0.0032	0.0021	0.0101	0.0113	0.0000	0.0017	0.0012	0.0021
64	68	0.2545	7	1	1	1	0	0	0	0	0	N	N	N	N	N	N	N	N	N	N	N	N	0.1610	2.0766	0.0000	4.2447	3.9289	0.0000	0.1257	1.6617	0.0000	0.1267	0.1414	0.0000	0.1378	0.1453	0.0000	0.1201	0.1388	0.0000	0.7866	0.0681	1.8304	0.0325	0.0370	0.0040	0.9555	0.0835	1.7564	0.0000	22.3731	-0.0589	0.0212	17.5893	15.0354	19.0270	6.2061	0.2053	0.2053	0.0000	0.0832	0.0832	0.0000	0.1221	0.1221	0.0000	0.0646	0.0028	0.0618	0.0025	0.0024	0.0000	0.0621	0.0003	0.0618	1.6206	1.4523	0.1683	0.6039	0.5727	0.0312	1.0167	0.8796	0.1371	0.5798	0.3311	0.2487	0.1470	0.1361	0.0110	0.4327	0.1950	0.2377	1.1373	16.9409	0.0000	8.1631	8.1112	0.0000	0.8367	83.3287	0.0000	0.1114	0.0083	0.2486	0.0169	0.0179	0.0040	0.1435	0.0017	0.2599
64	69	0.1864	6	1	1	0	0	0	0	0	0	N	N	N	N	N	N	N	N	N	N	N	N	1.3771	1.7087	0.1692	0.7116	0.7057	26.1341	1.6672	3.0011	0.0300	0.8371	0.9318	0.0624	0.5129	0.5231	0.3444	0.9802	1.1279	0.0086	0.6079	0.5453	0.3685	0.7208	0.7412	0.0132	0.5880	0.3758	0.2882	0.0082	1.5892	-0.6132	-0.0007	17.5893	27.6811	19.0270	13.1592	2.1976	2.1798	0.0178	0.4125	0.3968	0.0158	1.7851	1.7830	0.0021	0.0478	0.0185	0.0293	0.0168	0.0167	0.0001	0.0309	0.0017	0.0292	2.6254	2.3393	0.2861	0.8043	0.7586	0.0458	1.8211	1.5808	0.2403	0.8693	0.4550	0.4143	0.1264	0.1174	0.0090	0.7430	0.3377	0.4053	15.2304	22.9764	0.8811	3.8493	3.6724	26.1341	23.5371	219.4085	0.1199	0.0550	0.0406	0.0708	0.1332	0.1424	0.0132	0.0416	0.0051	0.0721
64	70	0.1516	5	1	1	0	0	0	0	0	0	N	N	N	N	N	N	N	N	N	N	N	N	0.3384	0.2847	0.4814	3.1218	3.2552	45.9903	0.0663	0.0306	0.3465	0.2624	0.2699	0.2010	0.6587	0.6629	0.5910	0.0597	0.0511	0.1145	0.7753	0.9481	0.4175	0.2110	0.2036	0.0129	0.8992	1.6685	0.3305	0.0911	0.4848	-0.1133	-0.0203	17.5893	19.6565	19.0270	4.0504	0.5565	0.5101	0.0465	0.4728	0.4480	0.0248	0.0837	0.0621	0.0217	0.0674	0.0454	0.0220	0.0058	0.0057	0.0001	0.0616	0.0397	0.0219	2.1210	1.8899	0.2311	0.7178	0.6759	0.0419	1.4032	1.2140	0.1891	0.6289	0.3423	0.2866	0.1114	0.1066	0.0048	0.5175	0.2358	0.2818	2.4495	2.0363	2.6190	12.6906	12.3494	45.9903	0.5013	0.3039	1.4710	0.1071	0.1325	0.0768	0.0519	0.0537	0.0129	0.1190	0.1682	0.0779
64	71	0.2350	7	2	2	0	0	0	0	0	0	Y	Y	N	N	N	N	N	N	N	N	N	N	3896.7935	4162.1815	0.0000	3297.1755	3155.4255	0.0000	0.0000	0.0000	0.7701	0.8711	0.0000	2.9446	3.1759	0.0000	0.0000	0.0000	0.0000	0.0002	0.0002	0.0002	0.0009	0.0010	0.0000	0.0003	0.0000	0.0002	0.0000	0.9366	-0.2856	-0.0000	17.5893	17.5448	19.0270	6.0013	0.9947	0.9947	0.0000	0.9947	0.9947	0.0000	0.0000	0.0000	0.0000	0.0001	0.0000	0.0000	0.0000	0.0000	0.0000	0.0000	0.0000	0.0000	1.2917	1.1419	0.1498	0.3378	0.3132	0.0246	0.9539	0.8287	0.1252	0.4383	0.2260	0.2123	0.0501	0.0444	0.0057	0.3882	0.1816	0.2067	3896.7935	4401.2554	0.0000	3297.1755	3155.4255	0.0000	0.0000	0.0000	0.0000	0.0002	0.0002	0.0002	0.0009	0.0010	0.0000	0.0001	0.0000	0.0002	
64	72	0.3035	10	2	2	1	0	0	0	0	0	Y	Y	N	N	N	N	N	N	N	N	N	N	0.0000	0.0000	0.0000	0.0000	0.0000	0.0000	0.0000	0.0000	0.0000	0.0000	0.0000	0.0000	0.0000	0.0000	0.0000	0.0000	0.0077	0.0160	0.0004	0.0125	0.0133	0.0000	0.0006	0.0000	0.0004	0.0550	0.0000	-0.0002	17.5893	1.8980	19.0270	2.9698	0.0000	0.0000	0.0000	0.0000	0.0000	0.0000	0.0000	0.0000	0.0000	0.0004	0.0004	0.0000	0.0004	0.0004	0.0000	0.0000	0.0000	0.0000	0.1545	0.1365	0.0180	0.0542	0.0504	0.0038	0.1003	0.0860	0.0143	0.1365	0.0873	0.0491	0.0428	0.0416	0.0012	0.0937	0.0457	0.0480	0.0000	0.0000	0.0000	0.0000	0.0000	0.0000	0.0000	0.0000	0.0000	0.0028	0.0041	0.0004	0.0084	0.0086	0.0000	0.0002	0.0000	0.0004			
64	73	0.2839	9	2	1	1	0	0	0	0	0	Y	N	N	N	N	N	N	N	N	N	N	N	0.0042	0.0005	1.1935	0.0075	0.0052	0.9363	0.0053	0.0001	1.6833	0.0024	0.0003	0.0241	0.0009	0.0007	0.0087	0.0034	0.0001	0.0272	0.5592	0.7292	0.0202	0.1226	0.1241	0.0093	0.6448	1.3259	0.0162	6.8250	0.0938	0.0007	-0.0047	17.5893	3.5853	19.0270	4.3819	0.0012	0.0002	0.0011	0.0002	0.0001	0.0001	0.0010	0.0000	0.0010	0.0086	0.0079	0.0007	0.0016	0.0016	0.0000	0.0071	0.0063	0.0007	0.5237	0.4791	0.0446	0.2203	0.2129	0.0074	0.3034	0.2662	0.0372	0.1799	0.1086	0.0713	0.0394	0.0371	0.0022	0.1405	0.0715	0.0690	0.0491	0.0045	2.3218	0.0230	0.0155	0.9363	0.0677	0.0008	2.6102	0.0480	0.0727	0.0104	0.0402	0.0421	0.0093	0.0502	0.0886	0.0104
64	74	0.2524	8	2	1	1	0	0	0	0	0	Y	N	N	N	N	N	N	N	N	N	N	N	16.2512	0.0527	1220.3066	0.0477	0.0545	0.0594	37.8957	0.0330	2119.7814	2.4681	0.0148	22.2139	0.0070	0.0073	0.0035	3.4468	0.0181	26.2604	0.1519	0.2809	0.0182	0.1474	0.1332	0.0591	0.0910	0.5475	0.0124	186.3258	0.4909	1.6400	-0.0016	17.5893	12.3589	19.0270	7.3592	2.3179	0.0124	2.3055	0.0019	0.0018	0.0001	2.3160	0.0106	2.3054	0.0052	0.0035	0.0017	0.0024	0.0021	0.0002	0.0029	0.0014	0.0015	0.9391	0.8353	0.1038	0.2672	0.2512	0.0160	0.6719	0.5841	0.0878	0.3852	0.2074	0.1778	0.0541	0.0493	0.0047	0.3311	0.1581	0.1731	182.2223	0.8779	2299.0877	0.1610	0.1666	0.0782	399.7236	2.1143	3019.8433	0.0135	0.0169	0.0097	0.0437	0.0436	0.0449	0.0086	0.0085	0.0087
64	75	0.2350	7	2	1	1	0	0	0	0	0	Y	N	N	N	N	N	N	N	N	N	N	N	5.1548	2.9967	7.0625	0.0071	0.0059	169.0596	10.1295	2.5558	10.6190	1.2580	1.4136	0.0545	0.0018	0.0018	0.0029	1.7462	2.0009	0.0653	0.2440	0.4717	0.0077	0.2578	0.2985	0.0000	0.1724	0.7829	0.0061	0.0050	0.1630	-0.2823	-0.0019	17.5893	10.2127	19.0270	1.0234	1.0005	0.9955	0.0050	0.0004	0.0004	0.0000	1.0000	0.9951	0.0049	0.0038	0.0033	0.0005	0.0015	0.0015	0.0000	0.0023	0.0018	0.0005	0.7953	0.7042	0.0911	0.2226	0.2069	0.0157	0.5727	0.4974	0.0753	0.2154	0.1109	0.1045	0.0250	0.0222	0.0028	0.1904	0.0887	0.1017	71.2295	47.9241	10.6861	0.0308	0.0262	169.0596	143.6636	99.6245	12.4597	0.0177	0.0295	0.0051	0.0597	0.0672	0.0000	0.0122	0.0201	0.0052
64	76	0.2319	6	2	1	0	0	0	0	0	0	Y	N	N	N	N	N	N	N	N	N	N	N	0.4533	0.4966	0.7185	0.3535	0.2579	inf	0.3595	0.2981	0.2182	0.0010	0.0011	0.0009	0.0015	0.0013	0.0043	0.0009	0.0010	0.0003	0.0023	0.0021	0.0012	0.0041	0.0050	0.0000	0.0025	0.0033	0.0012	0.0999	1.2024	-0.0001	-0.0000	17.5893	3.7027	19.0270	0.0091	0.0003	0.0003	0.0000	0.0001	0.0001	0.0000	0.0002	0.0002	0.0000	0.0001	0.0000	0.0000	0.0000	0.0000	0.0000	0.0000	0.0000	0.0000	0.3105	0.2759	0.0346	0.0831	0.0781	0.0050	0.2274	0.1978	0.0296	0.0726	0.0372	0.0354	0.0084	0.0075	0.0009	0.0642	0.0297	0.0344	0.9859	1.1387	0.7185	0.3859	0.3004	inf	1.2705	10.0551	0.2182	0.0011	0.0009	0.0012	0.0038	0.0043	0.0000	0.0007	0.0001	0.0012
64	77	0.2149	5	1	1	0	0	0	0	0	0	N	N	N	N	N	N	N	N	N	N	N	N	0.0027	0.0025	0.0000	0.0038	0.0040	0.0000	0.0003	0.0003	0.0000	0.0021	0.0024	0.0000	0.0052	0.0056	0.0000	0.0002	0.0003	0.0000	0.7862	0.9616	0.4204	1.3612	1.3795	0.1618	0.7127	1.0511	0.3204	0.0000	0.4394	-0.0002	-0.0093	17.5893	3.8334	19.0270	6.1787	0.0008	0.0008	0.0000	0.0008	0.0008	0.0000	0.0001	0.0001	0.0000	0.0288	0.0200	0.0088	0.0158	0.0156	0.0002	0.0130	0.0045	0.0086	0.3853	0.3438	0.0415	0.1459	0.1352	0.0108	0.2394	0.2087	0.0307	0.2590	0.1450	0.1140	0.0512	0.0489	0.0024	0.2078	0.0962	0.1116	0.0189	0.0171	0.0000	0.0168	0.0175	0.0000	0.0038	0.0058	0.0000	0.1113	0.1381	0.0772	0.3080	0.3188	0.0878	0.0628	0.0463	0.0770
64	78	0.1758	4	1	1	0	0	0	0	0	0	N	N	N	N	N	N	N	N	N	N	N	N	0.0012	0.0014	0.0005	0.0021	0.0022	0.0014	0.0012	0.0011	0.0005	0.0040	0.0040	0.0033	0.0015	0.0016	0.0001	0.0047	0.0049	0.0038	3.2082	2.8545	6.9471	0.7169	0.7157	0.0663	4.0621	4.4111	7.5685	0.1023	1.0246	-0.0011	-0.2417	17.5893	16.9094	19.0270	5.8161	0.0056	0.0051	0.0005	0.0005	0.0005	0.0000	0.0051	0.0046	0.0005	1.9771	0.9765	1.0005	0.0176	0.0171	0.0004	1.9595	0.9594	1.0001	1.4191	1.2602	0.1589	0.3363	0.3149	0.0214	1.0828	0.9453	0.1376	0.6163	0.3421	0.2741	0.1339	0.1246	0.0093	0.4824	0.2175	0.2649	0.0012	0.0014	0.0009	0.0113	0.0115	0.0019	0.0012	0.0011	0.0010	3.2082	2.8545	3.6497	0.1314	0.1375	0.0482	4.0621	4.4111	3.7756
64	79	0.0693	2	1	2	0	0	0	0	0	0	N	Y	N	N	N	N	N	N	N	N	N	N	0.3328	0.0028	1762.4695	0.0352	0.0366	1.1739	0.3094	0.0001	1787.6084	0.4432	0.0058	3.2948	0.0773	0.0792	0.0034	0.4679	0.0002	3.3350	1.3315	2.0640	0.0019	2.1939	2.1659	0.0029	1.5121	2.8060	0.0019	87.0901	0.0009	0.5625	-0.6813	17.5893	23.9173	19.0270	17.8091	0.8019	0.0091	0.7928	0.0088	0.0088	0.0000	0.7930	0.0003	0.7928	1.0858	1.0848	0.0009	0.0902	0.0902	0.0000	0.9956	0.9947	0.0009	1.8094	1.5688	0.2406	0.1144	0.1115	0.0029	1.6950	1.4573	0.2377	1.0269	0.5256	0.5013	0.1143	0.1124	0.0019	0.9125	0.4132	0.4994	0.4191	0.0028	1762.4695	0.0980	0.0988	1.1739	0.4288	0.0001	1787.6084	1.0574	2.0640	0.0019	0.7889	0.8020	0.0029	1.0910	2.4074	0.0019
64	81	0.1735	7	2	1	1	0	0	0	0	0	Y	N	N	N	N	N	N	N	N	N	N	N	0.2117	0.2348	0.0426	0.2937	0.2206	33.6959	0.2319	0.2286	0.0448	0.5404	0.5814	0.2331	0.0009	0.0008	0.0026	0.6683	0.7321	0.2540	2.5533	2.4761	5.4719	0.0031	0.0037	0.0001	2.8823	3.2022	5.6633	0.0535	0.9823	-0.2488	-0.2651	17.5893	27.2690	19.0270	12.3406	1.0527	0.9993	0.0534	0.0003	0.0003	0.0001	1.0524	0.9990	0.0534	1.9962	1.0070	0.9892	0.0003	0.0003	0.0000	1.9959	1.0067	0.9892	1.9480	1.7188	0.2292	0.3732	0.3541	0.0191	1.5748	1.3646	0.2102	0.7818	0.4067	0.3751	0.0893	0.0807	0.0087	0.6925	0.3260	0.3664	0.2117	0.2348	0.0884	0.2937	0.2387	33.6959	0.2319	0.2371	0.0941	2.5533	2.4761	2.6370	0.0031	0.0034	0.0001	2.8823	3.0877	2.6995
64	82	0.1582	6	1	1	0	0	0	0	0	0	N	N	N	N	N	N	N	N	N	N	N	N	1.1091	0.3895	30.1671	1.5202	1.3746	263.3937	1.1235	0.0449	40.4683	0.1412	0.0873	0.5829	0.2583	0.2703	0.0011	0.1024	0.0208	0.6494	0.1273	0.2242	0.0193	0.1699	0.1967	0.0000	0.0911	0.4639	0.0160	0.8133	0.6791	0.0180	-0.0006	17.5893	9.0798	19.0270	0.9519	0.1118	0.0617	0.0501	0.0509	0.0509	0.0000	0.0609	0.0108	0.0501	0.0025	0.0015	0.0010	0.0009	0.0009	0.0000	0.0016	0.0006	0.0010	0.7921	0.7061	0.0860	0.1970	0.1882	0.0088	0.5951	0.5179	0.0772	0.2063	0.1048	0.1015	0.0196	0.0173	0.0024	0.1867	0.0876	0.0991	11.5222	6.0825	57.8607	5.5481	5.1071	263.3937	11.8494	3.0875	62.9596	0.0123	0.0144	0.0101	0.0466	0.0529	0.0000	0.0086	0.0067	0.0103
64	83	0.0854	3	1	2	0	0	0	0	0	0	N	Y	N	N	N	N	N	N	N	N	N	N	7.0602	38.4817	0.0000	0.0375	0.0530	0.0000	6.2682	3.9174	0.0000	1.2927	1.4804	0.0000	0.0008	0.0009	0.0000	1.3792	1.5901	0.0000	0.1831	0.0385	0.0530	0.0223	0.0165	0.0969	0.2200	0.4059	0.0444	0.0000	3.3924	-0.5734	0.0018	17.5893	21.0000	19.0270	14.4214	1.9970	1.9970	0.0000	0.0001	0.0001	0.0000	1.9970	1.9970	0.0000	0.0123	0.0028	0.0095	0.0011	0.0008	0.0003	0.0112	0.0020	0.0092	1.5449	1.3490	0.1959	0.0970	0.0931	0.0040	1.4479	1.2559	0.1920	0.8311	0.4284	0.4028	0.0872	0.0826	0.0046	0.7440	0.3457	0.3982	87.2887	226.3043	0.0000	0.0653	0.0857	0.0000	91.6772	280.1773	0.0000	0.0148	0.0065	0.0236	0.0128	0.0102	0.0605	0.0150	0.0057	0.0232
64	84	0.1431	7	1	1	1	0	0	0	0	0	N	N	N	N	N	N	N	N	N	N	N	N	0.0009	0.0002	0.0026	0.0103	0.0013	0.7806	0.0003	0.0036	0.0011	0.0008	0.0001	0.0063	0.0041	0.0005	0.0543	0.0004	0.0000	0.0027	0.9024	0.3440	2.4509	0.3950	0.4062	0.0696	1.0410	0.0027	2.4213	11.0156	17.8341	0.0008	0.0422	17.5893	20.4085	19.0270	11.0867	0.0013	0.0001	0.0012	0.0008	0.0001	0.0007	0.0005	0.0000	0.0005	0.1323	0.0070	0.1253	0.0077	0.0070	0.0007	0.1247	0.0000	0.1246	1.5659	1.3713	0.1946	0.2047	0.1912	0.0135	1.3612	1.1801	0.1811	0.6759	0.3485	0.3273	0.0978	0.0844	0.0134	0.5781	0.2642	0.3139	0.0043	0.0040	0.0163	0.0519	0.0062	1.0924	0.0017	0.1266	0.0067	0.1958	0.0202	0.3828	0.0785	0.0830	0.0497	0.2156	0.0001	0.3971
64	85	0.1393	6	1	1	1	0	0	0	0	0	N	N	N	N	N	N	N	N	N	N	N	N	0.4233	0.3263	3.0375	0.8539	0.4593	47.2420	0.2210	1.2345	3.1023	0.0090	0.0039	0.0470	0.0141	0.0087	0.0793	0.0067	0.0016	0.0392	0.0212	0.0118	0.0155	0.0165	0.0190	0.0017	0.0305	0.0013	0.0126	1.6404	2.1381	0.0011	0.0000	17.5893	3.1287	19.0270	1.1816	0.0031	0.0012	0.0020	0.0015	0.0009	0.0006	0.0016	0.0003	0.0013	0.0006	0.0002	0.0004	0.0002	0.0002	0.0000	0.0004	0.0000	0.0004	0.3506	0.3090	0.0416	0.1063	0.0982	0.0081	0.2443	0.2108	0.0335	0.1098	0.0598	0.0499	0.0196	0.0177	0.0019	0.0901	0.0421	0.0480	1.5785	1.1602	5.5226	1.3755	0.7817	47.2420	1.4375	85.7874	4.4652	0.0057	0.0033	0.0085	0.0103	0.0112	0.0017	0.0047	0.0000	0.0088
64	86	0.1324	5	1	1	0	0	0	0	0	0	N	N	N	N	N	N	N	N	N	N	N	N	4.8802	0.0473	148.1136	47.0050	0.9099	825.8369	3.8940	0.0080	138.1457	1.8835	0.0156	15.1899	2.3041	0.0445	26.4034	1.7517	0.0060	12.9546	0.3860	0.3290	0.1026	0.0490	0.0489	0.0320	0.4498	0.7477	0.0938	137.0762	1.6210	0.5176	-0.0000	17.5893	4.0532	19.0270	2.2470	0.7335	0.0053	0.7282	0.2141	0.0038	0.2104	0.5193	0.0015	0.5178	0.0045	0.0017	0.0028	0.0007	0.0006	0.0001	0.0038	0.0011	0.0027	0.3894	0.3415	0.0479	0.0929	0.0850	0.0080	0.2965	0.2565	0.0400	0.1649	0.0899	0.0750	0.0292	0.0266	0.0026	0.1357	0.0633	0.0723	69.6326	0.8219	412.9145	102.3589	2.0246	951.6362	62.5000	0.3378	349.0345	0.0270	0.0189	0.0368	0.0225	0.0220	0.0277	0.0280	0.0176	0.0371
64	87	0.1093	4	1	1	0	0	0	0	0	0	N	N	N	N	N	N	N	N	N	N	N	N	0.3289	0.4135	0.0154	2.4558	2.7913	0.6941	0.1027	0.1062	0.0157	1.4779	1.6862	0.1475	3.7844	4.2053	0.1044	0.5656	0.6363	0.1593	4.4928	4.0776	9.5447	1.5410	1.5066	0.1504	5.5053	5.9906	10.1393	0.0137	0.9650	-0.2156	-0.2739	17.5893	4.7288	19.0270	9.8540	0.7880	0.7774	0.0106	0.5719	0.5703	0.0016	0.2161	0.2071	0.0090	1.9955	1.0156	0.9800	0.0321	0.0319	0.0002	1.9634	0.9836	0.9798	0.5332	0.4610	0.0722	0.1511	0.1356	0.0155	0.3821	0.3254	0.0567	0.4442	0.2491	0.1951	0.0875	0.0849	0.0027	0.3566	0.1642	0.1924	0.3289	0.4135	0.0294	10.3081	11.1848	1.2282	0.1027	0.1062	0.0313	4.4928	4.0776	5.0228	0.3671	0.3760	0.0850	5.5053	5.9906	5.0911
64	88	0.0854	3	1	1	0	0	0	0	0	0	N	N	N	N	N	N	N	N	N	N	N	N	3.1869	0.4061	12.9235	0.0291	0.0292	0.1358	3.1187	0.3274	14.4437	2.7788	0.3989	18.9198	0.0406	0.0407	0.0388	2.9635	0.4257	19.3093	0.8719	0.9822	1.4640	1.3926	1.3933	0.2855	0.9503	1.3001	1.3369	6.9932	1.1471	1.0721	-0.0067	17.5893	8.6320	19.0270	7.0881	1.8240	0.2282	1.5958	0.0017	0.0016	0.0001	1.8224	0.2266	1.5958	0.0712	0.0332	0.0380	0.0197	0.0194	0.0003	0.0515	0.0137	0.0377	0.6564	0.5721	0.0843	0.0415	0.0398	0.0017	0.6149	0.5323	0.0826	0.4283	0.2266	0.2017	0.0620	0.0598	0.0022	0.3662	0.1667	0.1995	16.7198	2.7266	100.3412	0.1279	0.1254	0.2981	21.0806	5.1648	102.0569	0.1662	0.1463	0.1886	0.3174	0.3243	0.1300	0.1406	0.0824	0.1892
64	89	0.1532	5	1	2	0	0	0	0	0	0	N	Y	N	N	N	N	N	N	N	N	N	N	0.0006	0.0025	0.0004	0.0138	0.0099	5.8700	0.0001	0.0277	0.0001	0.0011	0.0008	0.0033	0.0046	0.0034	0.0186	0.0003	0.0002	0.0010	1.9430	0.3329	7.7043	0.3362	0.3432	0.0032	2.2682	0.0066	8.3835	0.5418	184.5853	0.0001	0.3561	17.5893	15.4622	19.0270	5.2688	0.0014	0.0009	0.0005	0.0012	0.0008	0.0004	0.0003	0.0002	0.0001	0.9723	0.0052	0.9671	0.0052	0.0052	0.0000	0.9671	0.0001	0.9671	1.2612	1.1073	0.1539	0.2478	0.2277	0.0202	1.0134	0.8797	0.1337	0.5004	0.2706	0.2299	0.0740	0.0706	0.0034	0.4264	0.1999	0.2265	0.0006	0.0436	0.0008	0.0661	0.0464	5.8700	0.0001	0.7144	0.0002	1.9430	0.0194	4.2071	0.0702	0.0735	0.0032	2.2682	0.0003	4.2705
64	90	0.1414	4	1	1	0	0	0	0	0	0	N	N	N	N	N	N	N	N	N	N	N	N	0.0363	0.0437	0.0431	0.2067	0.1719	19.8514	0.0073	0.0298	0.0233	0.0293	0.0233	0.0735	0.1168	0.1001	0.3680	0.0066	0.0018	0.0379	0.8059	0.5337	1.7080	0.5654	0.5828	0.0185	0.9137	0.0606	1.6294	0.4252	4.5112	0.0002	0.0060	17.5893	7.5917	19.0270	1.5198	0.0204	0.0143	0.0061	0.0167	0.0134	0.0033	0.0037	0.0009	0.0028	0.0317	0.0057	0.0259	0.0057	0.0056	0.0001	0.0260	0.0001	0.0259	0.6952	0.6126	0.0826	0.1429	0.1340	0.0089	0.5522	0.4785	0.0737	0.2647	0.1488	0.1159	0.0539	0.0500	0.0039	0.2109	0.0988	0.1120	0.2447	0.6034	0.3287	1.1075	0.8918	19.8514	0.0537	1.2787	0.1644	0.1197	0.0386	0.2237	0.1055	0.1123	0.0185	0.1233	0.0014	0.2309
64	91	0.2506	8	2	1	1	0	0	0	0	0	Y	N	N	N	N	N	N	N	N	N	N	N	17.0913	6.7895	365.7575	0.0000	0.0000	14608.9513	inf	390.1012	0.0065	0.0073	0.0004	0.0000	0.0000	0.0000	0.0083	0.0095	0.0004	0.0004	0.0011	0.0000	0.0027	0.0032	0.0000	0.0000	0.0000	0.0000	0.0068	0.0016	-0.0004	-0.0000	17.5893	3.0317	19.0270	0.1644	0.0015	0.0015	0.0000	0.0000	0.0000	0.0000	0.0015	0.0015	0.0000	0.0000	0.0000	0.0000	0.0000	0.0000	0.0000	0.0000	0.0000	0.0000	0.2255	0.1993	0.0262	0.0485	0.0461	0.0024	0.1770	0.1532	0.0238	0.0632	0.0326	0.0305	0.0072	0.0062	0.0010	0.0560	0.0264	0.0296	21.2021	12.3314	365.7575	0.0000	0.0000	0.0000	14608.9513	inf	390.1012	0.0003	0.0006	0.0000	0.0027	0.0031	0.0000	0.0000	0.0000	0.0000	
64	92	0.2449	7	2	1	1	0	0	0	0	0	Y	N	N	N	N	N	N	N	N	N	N	N	0.0677	0.1054	0.0001	0.4176	0.3953	0.0000	0.0153	0.0029	0.0001	0.0003	0.0004	0.0000	0.0006	0.0007	0.0000	0.0001	0.0001	0.0000	0.0048	0.0034	0.0024	0.0015	0.0017	0.0001	0.0080	0.0488	0.0025	0.0000	1.5839	-0.0000	-0.0000	17.5893	2.6632	19.0270	1.0147	0.0001	0.0001	0.0000	0.0001	0.0001	0.0000	0.0000	0.0000	0.0000	0.0001	0.0001	0.0001	0.0000	0.0000	0.0000	0.0001	0.0000	0.0001	0.2796	0.2523	0.0273	0.1116	0.1060	0.0056	0.1680	0.1463	0.0217	0.0768	0.0408	0.0361	0.0100	0.0089	0.0011	0.0669	0.0319	0.0350	0.1758	0.2671	0.0001	0.4176	0.3953	0.0000	0.0648	0.1124	0.0001	0.0018	0.0013	0.0024	0.0015	0.0017	0.0001	0.0019	0.0013	0.0025
64	93	0.1616	6	2	1	1	0	0	0	0	0	Y	N	N	N	N	N	N	N	N	N	N	N	0.4937	0.3802	0.0000	181.8418	156.4360	0.9273	0.0284	0.0189	0.0000	0.7146	0.8055	0.0000	3.4258	3.5766	0.0001	0.0481	0.0553	0.0000	1.4476	2.1185	2.4815	0.0188	0.0229	0.0001	1.6923	2.9237	2.4748	0.0000	0.1783	-0.5505	-0.5600	17.5893	35.0787	19.0270	12.2568	1.9171	1.9171	0.0000	1.8135	1.8135	0.0000	0.1036	0.1036	0.0000	1.1739	0.9963	0.1776	0.0011	0.0011	0.0000	1.1728	0.9952	0.1776	2.6827	2.3799	0.3028	0.5293	0.5070	0.0223	2.1534	1.8729	0.2805	0.9160	0.4703	0.4457	0.1014	0.0895	0.0119	0.8146	0.3808	0.4338	0.5576	0.3802	0.0001	303.0740	279.5803	0.9273	0.0334	0.0212	0.0001	1.2816	2.1185	0.3985	0.0113	0.0128	0.0001	1.4397	2.6132	0.4095
64	94	0.1481	5	2	1	0	0	0	0	0	0	Y	N	N	N	N	N	N	N	N	N	N	N	0.4665	2.4111	0.1629	1.4748	1.4186	3324.4015	0.4708	1.8050	0.1653	1.6124	1.5588	2.0712	1.0018	1.0373	0.0509	1.8226	1.7572	2.2664	3.4563	0.6465	12.7164	0.6793	0.7312	0.0000	3.8715	0.9735	13.7111	0.1554	116.9075	-0.2143	0.2949	17.5893	8.4810	19.0270	2.3446	1.4038	1.2151	0.1888	0.2233	0.2229	0.0004	1.1805	0.9922	0.1884	0.8120	0.0069	0.8051	0.0033	0.0033	0.0000	0.8088	0.0036	0.8051	0.8706	0.7795	0.0911	0.2229	0.2149	0.0080	0.6477	0.5646	0.0831	0.2349	0.1214	0.1135	0.0260	0.0233	0.0028	0.2089	0.0982	0.1107	0.4665	27.4888	0.2920	8.0205	7.4255	3324.4015	0.4708	47.4578	0.3117	3.4563	0.0567	7.0942	0.1249	0.1397	0.0000	3.8715	0.0370	7.2709
64	95	0.0854	3	1	2	0	1	0	0	0	0	N	Y	N	N	N	N	N	N	N	N	N	N	0.2676	0.7257	0.0000	0.1432	0.1474	0.0000	0.2559	0.5768	0.0000	0.5242	0.6000	0.0000	0.1882	0.1962	0.0000	0.5467	0.6299	0.0000	1.9592	0.8269	7.2581	1.3143	1.3308	0.0189	2.1362	1.0921	7.8515	0.0000	38.9580	-0.2637	0.7084	17.5893	24.0032	19.0270	22.6134	0.9184	0.9184	0.0000	0.0207	0.0207	0.0000	0.8977	0.8977	0.0000	2.0436	0.0511	1.9925	0.0282	0.0281	0.0001	2.0154	0.0230	1.9924	1.7520	1.5305	0.2215	0.1099	0.1054	0.0045	1.6421	1.4251	0.2170	1.0431	0.5350	0.5081	0.0996	0.0938	0.0058	0.9435	0.4412	0.5022	0.2676	6.2772	0.0000	0.6640	0.6543	0.0000	0.2559	12.0777	0.0000	1.9592	0.0956	3.9218	0.2835	0.2999	0.0189	2.1362	0.0522	3.9669
64	96	0.5028	7	1	2	0	0	0	0	0	0	N	Y	N	N	N	N	N	N	N	N	N	N	1.7900	0.9699	78.3003	0.6972	0.7283	3.2633	3.3238	1.0001	106.0816	2.1423	1.6036	6.4670	2.1824	2.3419	0.0009	2.1229	1.2206	8.0887	1.1968	1.6534	0.0826	3.1301	3.2158	0.0003	0.6387	1.2204	0.0763	0.5024	0.0174	0.1413	-0.2741	17.5893	18.5150	19.0270	10.2301	2.9905	1.9905	1.0000	0.9929	0.9929	0.0000	1.9975	0.9976	1.0000	0.4485	0.4408	0.0077	0.4281	0.4281	0.0000	0.0203	0.0127	0.0077	1.3959	1.2413	0.1546	0.4550	0.4240	0.0310	0.9409	0.8173	0.1236	0.6044	0.3637	0.2407	0.1931	0.1768	0.0163	0.4113	0.1869	0.2244	2.8872	1.3232	202.6894	0.9842	0.9672	3.2633	42.9429	18.0209	236.5267	0.7420	1.2119	0.0319	2.2174	2.4213	0.0003	0.0494	0.0677	0.0342
64	97	0.1145	4	1	2	0	0	0	0	0	0	N	Y	N	N	N	N	N	N	N	N	N	N	0.9644	15.9938	1.2415	44.3932	42.4776	0.7416	0.7229	2.1079	1.2198	1.4811	0.6553	7.4177	3.6361	3.7861	0.0114	1.2892	0.3478	7.6202	1.5358	0.0410	5.9747	0.0819	0.0891	0.0153	1.7834	0.1650	6.2470	1.5745	412.7688	1.5471	0.7477	17.5893	46.1140	19.0270	26.4917	4.7686	1.8523	2.9163	0.9572	0.9571	0.0001	3.8114	0.8952	2.9162	2.0250	0.0049	2.0201	0.0036	0.0034	0.0002	2.0213	0.0015	2.0199	3.2197	2.8266	0.3932	0.2632	0.2528	0.0105	2.9565	2.5738	0.3827	1.4045	0.7181	0.6864	0.1140	0.1009	0.0131	1.2905	0.6172	0.6733	1.0272	96.1577	2.5203	114.3495	111.5760	0.7416	0.8231	146.0466	2.5400	1.4418	0.0068	2.9432	0.0318	0.0339	0.0153	1.5663	0.0024	3.0000
64	98	0.5557	9	1	2	0	0	0	0	0	0	N	Y	N	N	N	N	N	N	N	N	N	N	0.3464	0.2307	11.5856	0.0004	0.0004	0.0149	125.6662	161.9969	13.4512	0.7543	0.8381	0.0426	0.0036	0.0038	0.0000	1.0856	1.2406	0.0497	2.1777	3.6327	0.0037	7.9667	9.4693	0.0005	0.0086	0.0077	0.0037	0.0060	0.0006	-0.2832	-0.6265	17.5893	20.7840	19.0270	8.9470	1.0073	1.0013	0.0060	0.0015	0.0015	0.0000	1.0058	0.9998	0.0060	0.9980	0.9974	0.0006	0.9973	0.9973	0.0000	0.0007	0.0001	0.0006	1.3354	1.1948	0.1406	0.4089	0.3888	0.0201	0.9265	0.8059	0.1205	0.4583	0.2746	0.1837	0.1252	0.1053	0.0199	0.3331	0.1692	0.1639	0.3464	0.2307	12.7079	0.0004	0.0004	0.0149	550.0013	4049.2277	13.4512	2.1777	3.6327	0.0034	7.9667	9.4693	0.0005	0.0020	0.0003	0.0037
64	99	0.5508	8	1	1	0	0	0	0	0	0	N	N	N	N	N	N	N	N	N	N	N	N	0.0019	0.0003	0.0175	0.0007	0.0000	0.1354	0.0037	0.0004	0.0307	0.0013	0.0002	0.0123	0.0001	0.0000	0.0016	0.0031	0.0005	0.0189	0.6920	0.6246	0.7062	0.1515	0.1501	0.0118	0.8416	1.1987	0.6151	6.9742	1.4663	0.0004	-0.0003	17.5893	2.7834	19.0270	1.0450	0.0007	0.0001	0.0006	0.0000	0.0000	0.0000	0.0007	0.0001	0.0006	0.0091	0.0037	0.0054	0.0019	0.0019	0.0000	0.0071	0.0018	0.0054	0.5212	0.4714	0.0498	0.3042	0.2854	0.0188	0.2170	0.1860	0.0310	0.1196	0.0686	0.0510	0.0437	0.0414	0.0023	0.0758	0.0272	0.0487	0.0178	0.0035	0.1169	0.0023	0.0001	0.1354	0.0330	0.0072	0.1715	0.0757	0.0535	0.1055	0.0441	0.0459	0.0118	0.0939	0.0650	0.1100
64	100	0.5408	7	1	1	0	0	0	0	0	0	N	N	N	N	N	N	N	N	N	N	N	N	0.1143	0.1191	0.0145	0.0102	0.0113	0.0150	0.2012	0.5473	0.0263	0.1411	0.1516	0.0609	0.0198	0.0219	0.0009	0.2965	0.3249	0.1169	1.2348	1.2734	4.2137	1.9359	1.9435	0.0602	1.4734	0.5937	4.4521	0.0527	2.9694	-0.0407	0.0324	17.5893	7.6044	19.0270	2.7972	0.1716	0.1630	0.0086	0.0135	0.0135	0.0001	0.1581	0.1496	0.0085	0.2704	0.0681	0.2023	0.0677	0.0673	0.0004	0.2027	0.0008	0.2019	1.2163	1.0752	0.1410	0.6831	0.6150	0.0681	0.5332	0.4602	0.0729	0.3170	0.1911	0.1259	0.1196	0.1118	0.0078	0.1974	0.0793	0.1182	0.1654	0.4253	0.0379	0.0350	0.0363	0.0197	0.2888	33.5406	0.0684	0.8529	0.3565	1.6061	0.5661	0.6023	0.0457	1.0266	0.0097	1.7087
64	101	0.4912	6	1	1	0	0	0	0	0	0	N	N	N	N	N	N	N	N	N	N	N	N	0.0533	0.0597	0.0531	0.0889	0.0579	127.4401	0.0235	0.1096	0.0180	0.1359	0.0983	0.4397	0.2881	0.1990	1.5374	0.0623	0.0459	0.1708	2.5507	1.6462	8.2830	3.2400	3.4343	0.0121	2.6511	0.4190	9.4748	0.5546	2.5704	0.0135	0.1404	17.5893	18.4780	19.0270	12.4520	0.1944	0.1250	0.0693	0.1343	0.0866	0.0477	0.0601	0.0384	0.0216	1.5331	0.4294	1.1037	0.4285	0.4282	0.0002	1.1046	0.0011	1.1035	1.4300	1.2722	0.1577	0.4661	0.4350	0.0310	0.9639	0.8372	0.1267	0.6011	0.3586	0.2425	0.1844	0.1654	0.0190	0.4167	0.1932	0.2235	0.0533	0.0821	0.0966	0.1240	0.0769	127.4401	0.0235	7.7766	0.0346	2.5507	1.1974	4.5522	2.3238	2.5887	0.0121	2.6511	0.0059	4.9374
64	102	0.1994	6	1	2	0	0	0	0	0	0	N	Y	N	N	N	N	N	N	N	N	N	N	0.4114	0.0974	2.8820	0.8252	0.8178	206.4383	0.3802	0.0066	3.4069	0.5062	0.1643	3.6206	0.4018	0.4124	0.1479	0.5623	0.0171	4.2000	1.2303	1.6874	1.2563	0.4869	0.5043	0.0007	1.4788	2.5775	1.2328	2.4179	0.0920	0.7916	-0.6125	17.5893	34.1922	19.0270	22.4626	1.8834	0.5510	1.3324	0.5229	0.5151	0.0078	1.3605	0.0359	1.3246	1.1258	1.0309	0.0949	0.0241	0.0241	0.0000	1.1016	1.0068	0.0949	3.7210	3.3530	0.3680	1.3015	1.2489	0.0526	2.4195	2.1041	0.3154	1.3322	0.7563	0.5759	0.2651	0.2478	0.0174	1.0670	0.5085	0.5585	0.5990	0.1206	21.9760	4.4134	4.2360	206.4383	0.5447	0.0086	24.7268	0.8451	1.3631	0.1648	0.0910	0.0974	0.0007	1.0324	1.9798	0.1699
64	103	0.1516	5	1	2	0	0	0	0	0	0	N	Y	N	N	N	N	N	N	N	N	N	N	0.6032	0.2604	2.2040	0.4712	0.4898	1.9063	0.4465	0.0254	2.8566	0.5544	0.3021	2.5906	0.7808	0.8110	0.2982	0.4489	0.0441	3.0601	0.9192	1.1602	1.1754	1.6568	1.6559	0.1564	1.0054	1.7395	1.0712	1.0627	0.5132	0.2927	-0.0500	17.5893	22.5884	19.0270	11.0115	1.2836	0.6223	0.6613	0.5749	0.5620	0.0129	0.7087	0.0603	0.6484	0.1728	0.1142	0.0586	0.0528	0.0522	0.0005	0.1201	0.0620	0.0581	2.3151	2.0598	0.2553	0.7363	0.6929	0.0434	1.5788	1.3669	0.2119	0.8160	0.4371	0.3790	0.1259	0.1196	0.0064	0.6901	0.3175	0.3726	2.6176	1.1559	16.7477	1.8636	1.8572	3.4665	2.5795	0.2259	19.6334	0.2118	0.2613	0.1547	0.4190	0.4367	0.0860	0.1740	0.1953	0.1559
64	104	0.1215	4	1	1	0	0	0	0	0	0	N	N	N	N	N	N	N	N	N	N	N	N	0.2834	0.1710	6.6780	0.7271	0.7467	16.2524	0.0757	0.0299	7.5963	0.4152	0.4259	0.3299	0.8632	0.9094	0.3153	0.1301	0.0986	0.3354	1.4652	2.4906	0.0494	1.1873	1.2180	0.0194	1.7179	3.2980	0.0442	0.0973	0.0084	-0.1175	-0.4196	17.5893	11.8100	19.0270	8.7888	0.5918	0.5394	0.0525	0.4785	0.4649	0.0136	0.1133	0.0744	0.0389	0.6767	0.6711	0.0056	0.0172	0.0171	0.0001	0.6595	0.6540	0.0055	1.4254	1.2664	0.1590	0.5543	0.5112	0.0431	0.8711	0.7552	0.1159	0.5128	0.2695	0.2433	0.0686	0.0651	0.0034	0.4442	0.2043	0.2399	0.3146	0.1710	14.3027	3.4420	3.4588	16.2524	0.0876	0.0308	14.5062	1.3197	2.4906	0.0231	0.2508	0.2629	0.0194	1.4846	3.2008	0.0231
64	105	0.0854	3	1	1	0	0	0	0	0	0	N	N	N	N	N	N	N	N	N	N	N	N	1.3107	0.4099	50.6322	2.5127	2.5889	8.9086	1.0884	0.2144	62.2586	1.5009	0.6636	7.2228	2.6594	2.7127	1.4108	1.4230	0.5112	7.3425	1.1451	1.6187	0.1427	1.0584	1.0478	0.1584	1.3075	2.3836	0.1179	1.5928	0.0354	0.5414	-0.2031	17.5893	14.7392	19.0270	7.3617	1.6547	0.6382	1.0165	0.1846	0.1806	0.0040	1.4700	0.4576	1.0125	0.3419	0.3302	0.0117	0.0151	0.0148	0.0003	0.3268	0.3154	0.0114	1.1025	0.9617	0.1407	0.0694	0.0666	0.0028	1.0330	0.8951	0.1379	0.5631	0.2940	0.2691	0.0707	0.0677	0.0030	0.4924	0.2263	0.2661	2.4721	0.5908	166.1684	12.4695	12.3946	16.2328	2.1442	0.3668	170.8433	0.6071	1.1231	0.0435	0.2133	0.2189	0.0869	0.6637	1.3936	0.0430
64	106	0.1582	6	1	2	0	0	0	0	0	0	N	Y	N	N	N	N	N	N	N	N	N	N	9.9120	0.6822	954.1173	0.0213	0.0171	581.1810	86.5507	3.2212	1021.2594	0.0458	0.0077	0.3429	0.0008	0.0008	0.0007	0.0576	0.0097	0.3755	0.0046	0.0113	0.0004	0.0370	0.0465	0.0000	0.0007	0.0030	0.0004	5.6789	0.1086	0.0400	-0.0005	17.5893	20.0414	19.0270	7.0324	0.0710	0.0106	0.0604	0.0003	0.0002	0.0000	0.0708	0.0104	0.0604	0.0010	0.0009	0.0001	0.0008	0.0008	0.0000	0.0001	0.0000	0.0001	1.5510	1.3749	0.1761	0.3220	0.3067	0.0153	1.2290	1.0682	0.1608	0.5287	0.2676	0.2611	0.0461	0.0402	0.0059	0.4826	0.2274	0.2551	25.2799	2.3962	954.1173	0.0430	0.0378	581.1810	243.9479	110.0932	1021.2594	0.0018	0.0032	0.0004	0.0183	0.0210	0.0000	0.0002	0.0001	0.0004
64	107	0.1481	5	1	1	0	0	0	0	0	0	N	N	N	N	N	N	N	N	N	N	N	N	2.0168	1.3272	109.7277	0.1601	0.1618	5629.3526	8.9267	2.3932	139.6943	1.4719	1.3362	2.6662	0.3285	0.3384	0.0555	1.9041	1.7533	2.9368	0.7298	1.0067	0.0243	2.0517	2.0915	0.0000	0.2133	0.7326	0.0210	0.2268	0.0710	-0.1157	-0.0092	17.5893	7.0315	19.0270	1.2144	1.1318	0.9225	0.2093	0.0693	0.0689	0.0004	1.0625	0.8537	0.2088	0.0164	0.0153	0.0011	0.0141	0.0141	0.0000	0.0024	0.0013	0.0011	0.7689	0.6904	0.0785	0.2109	0.2035	0.0074	0.5580	0.4869	0.0711	0.1833	0.0955	0.0877	0.0218	0.0196	0.0022	0.1615	0.0759	0.0855	16.4269	8.3243	214.7970	0.5095	0.4716	5629.3526	130.2209	104.6724	230.6392	0.0896	0.1605	0.0124	0.6448	0.7175	0.0000	0.0146	0.0167	0.0127
64	108	0.1145	4	1	1	0	0	0	0	0	0	N	N	N	N	N	N	N	N	N	N	N	N	0.6627	0.0123	18.4973	8.8338	8.0121	7.5815	0.6480	0.0072	23.4947	1.4070	0.0491	11.0222	0.1537	0.1589	0.0042	1.5445	0.0356	11.3244	2.1232	4.0023	0.5959	0.0174	0.0198	0.0006	2.3837	4.9640	0.4820	31.7146	0.0219	1.2259	-0.6193	17.5893	16.2725	19.0270	4.4748	1.7967	0.0549	1.7418	0.0194	0.0194	0.0000	1.7773	0.0355	1.7418	1.0205	0.9986	0.0219	0.0006	0.0006	0.0000	1.0199	0.9980	0.0219	1.2770	1.1190	0.1580	0.1263	0.1221	0.0042	1.1507	0.9969	0.1538	0.4806	0.2495	0.2311	0.0528	0.0484	0.0043	0.4279	0.2011	0.2268	0.6627	0.0123	116.2696	14.4792	13.8004	7.5815	0.6480	0.0072	117.2394	2.1232	4.0023	0.0948	0.0106	0.0115	0.0006	2.3837	4.9640	0.0966
64	109	0.1673	5	1	2	0	0	0	0	0	0	N	Y	N	N	N	N	N	N	N	N	N	N	0.5053	69.2684	0.0472	158.5567	157.8411	0.3639	0.0335	11.0644	0.0498	0.6237	0.6804	0.2067	3.4686	3.7164	0.0028	0.0483	0.0214	0.2279	1.2344	0.0098	4.3763	0.0219	0.0235	0.0076	1.4432	0.0019	4.5788	0.0413	560.0173	-0.4563	0.3644	17.5893	40.5309	19.0270	14.7974	1.8436	1.7705	0.0731	1.7249	1.7248	0.0001	0.1187	0.0457	0.0730	0.9852	0.0018	0.9835	0.0018	0.0017	0.0001	0.9834	0.0000	0.9834	2.9559	2.6023	0.3536	0.4973	0.4641	0.0332	2.4586	2.1382	0.3204	1.1555	0.6084	0.5471	0.1431	0.1327	0.0104	1.0124	0.4757	0.5367	0.7315	235.6988	0.1150	273.6263	284.1681	0.3639	0.0497	489.8473	0.1244	0.8526	0.0029	1.7974	0.0127	0.0131	0.0076	0.9714	0.0000	1.8322
64	110	0.1414	4	1	2	0	0	0	0	0	0	N	Y	N	N	N	N	N	N	N	N	N	N	2.9250	1.7509	7.3976	0.3083	0.2933	20.0551	3.0456	20.7998	8.5637	2.4105	0.8986	13.3908	0.1962	0.1909	0.2753	2.8549	1.0520	14.6450	0.8241	0.5132	1.8102	0.6364	0.6509	0.0137	0.9374	0.0506	1.7101	2.0520	5.9763	1.0401	0.0129	17.5893	13.5236	19.0270	3.5331	2.7001	0.8847	1.8154	0.0367	0.0335	0.0033	2.6634	0.8512	1.8121	0.0567	0.0081	0.0485	0.0080	0.0079	0.0001	0.0487	0.0002	0.0485	1.1201	0.9846	0.1356	0.1872	0.1754	0.0118	0.9329	0.8092	0.1237	0.4320	0.2329	0.1990	0.0682	0.0632	0.0050	0.3638	0.1697	0.1940	18.3736	25.7681	54.8930	1.6783	1.5265	20.0551	21.3259	822.0905	58.6132	0.1312	0.0349	0.2439	0.1169	0.1251	0.0137	0.1339	0.0013	0.2499
64	111	0.0854	3	1	1	0	0	0	0	0	0	N	N	N	N	N	N	N	N	N	N	N	N	0.9451	1.7355	0.8321	2.9536	0.0388	498.8368	0.7582	57.4675	0.5922	1.3815	0.9121	4.5983	2.6893	0.0356	64.9935	1.2937	0.9772	3.3545	1.4617	0.5255	5.5259	0.9105	0.9186	0.1303	1.7063	0.0170	5.6646	0.7358	68.7113	0.2380	0.3670	17.5893	16.9399	19.0270	15.9768	1.7402	1.0026	0.7377	0.2131	0.0027	0.2104	1.5271	0.9998	0.5273	1.0273	0.0147	1.0125	0.0149	0.0145	0.0003	1.0124	0.0002	1.0122	1.2596	1.0992	0.1604	0.0792	0.0760	0.0032	1.1804	1.0232	0.1572	0.7821	0.4037	0.3784	0.0842	0.0800	0.0043	0.6979	0.3238	0.3741	1.0518	24.9888	1.7183	15.2407	0.1960	852.9971	0.8918	1601.2286	1.2397	1.3135	0.0365	2.6761	0.1765	0.1818	0.0762	1.4507	0.0006	2.7058
64	112	0.1898	7	2	2	0	1	0	0	0	0	Y	Y	N	N	N	N	N	N	N	N	N	N	90.5888	42.8002	0.0000	20214.4641	18226.1416	25.1203	0.8113	0.0000	0.2374	0.2725	0.0000	0.3978	0.4097	0.0000	0.1414	0.1743	0.0000	0.0026	0.0064	0.0000	0.0000	0.0000	0.0000	0.0056	0.2148	0.0000	0.0000	0.0007	-0.0000	-0.0000	17.5893	0.0019	19.0270	1.9928	0.0001	0.0001	0.0000	0.0001	0.0001	0.0000	0.0000	0.0000	0.0000	0.0000	0.0000	0.0000	0.0000	0.0000	0.0000	0.0000	0.0000	0.0000	0.0004	0.0004	0.0001	0.0002	0.0001	0.0000	0.0003	0.0002	0.0000	0.0429	0.0236	0.0193	0.0074	0.0065	0.0009	0.0355	0.0171	0.0184	203.8424	128.9280	0.0000	20214.4641	18226.1416	0.0000	100.6570	59.8833	0.0000	0.0012	0.0021	0.0000	0.0000	0.0000	0.0000	0.0014	0.0029	0.0000	
64	113	0.1662	6	2	2	0	1	0	0	0	0	Y	Y	N	N	N	N	N	N	N	N	N	N	93.2585	183.0897	0.0181	252.8065	220.1524	0.0000	44.7479	140.8601	0.0232	2.0715	2.3830	0.0003	5.3203	5.5057	0.0000	1.4412	1.6946	0.0003	0.0222	0.0130	0.0154	0.0210	0.0250	0.0018	0.0322	0.0120	0.0126	0.0000	2.1659	-0.4406	0.0001	17.5893	8.6942	19.0270	6.0502	1.5344	1.5344	0.0000	0.6403	0.6403	0.0000	0.8941	0.8940	0.0000	0.0019	0.0006	0.0013	0.0005	0.0005	0.0000	0.0013	0.0001	0.0013	0.7407	0.6439	0.0968	0.1204	0.1163	0.0041	0.6204	0.5276	0.0928	0.3222	0.1692	0.1530	0.0450	0.0394	0.0056	0.2771	0.1297	0.1474	352.0517	673.2394	0.0329	436.0123	402.4418	0.0000	296.7266	3719.5169	0.0334	0.0059	0.0035	0.0085	0.0122	0.0137	0.0018	0.0049	0.0005	0.0087
64	114	0.1873	10	1	2	0	1	0	0	0	0	N	Y	N	N	N	N	N	N	N	N	N	N	0.0000	0.0000	0.0000	0.0000	0.0000	0.0000	0.0000	0.0000	0.0000	0.0000	0.0000	0.0000	0.0000	0.0000	0.0000	0.0000	0.0065	0.0179	0.0003	0.0069	0.0070	0.0000	0.0008	0.0000	0.0003	0.0682	0.0000	-0.0000	17.5893	0.0001	19.0270	0.0001	0.0000	0.0000	0.0000	0.0000	0.0000	0.0000	0.0000	0.0000	0.0000	0.0000	0.0000	0.0000	0.0000	0.0000	0.0000	0.0000	0.0000	0.0000	0.0000	0.0000	0.0000	0.0000	0.0000	0.0000	0.0000	0.0000	0.0000	0.0000	0.0000	0.0000	0.0000	0.0000	0.0000	0.0000	0.0000	0.0000	0.0000	0.0000	0.0000	0.0000	0.0000	0.0000	0.0000	0.0000	0.0000	0.0024	0.0044	0.0003	0.0053	0.0053	0.0000	0.0003	0.0000	0.0003			
64	115	0.1806	9	1	2	0	1	0	0	0	0	N	Y	N	N	N	N	N	N	N	N	N	N	0.0000	0.0000	0.0000	0.0000	0.0000	0.0000	0.0000	0.0000	0.0000	0.0000	0.0000	0.0000	0.0000	0.0000	0.0000	0.0000	0.0207	0.1098	0.0007	0.1155	0.1489	0.0000	0.0013	0.0000	0.0008	0.0682	0.0000	-0.0003	17.5893	3.0007	19.0270	1.0012	0.0000	0.0000	0.0000	0.0000	0.0000	0.0000	0.0000	0.0000	0.0000	0.0005	0.0004	0.0000	0.0004	0.0004	0.0000	0.0000	0.0000	0.0000	0.2287	0.2011	0.0276	0.0326	0.0310	0.0015	0.1962	0.1701	0.0261	0.0839	0.0437	0.0402	0.0113	0.0096	0.0016	0.0727	0.0341	0.0386	0.0000	0.0000	0.0000	0.0000	0.0000	0.0000	0.0000	0.0000	0.0000	0.0056	0.0101	0.0007	0.0391	0.0457	0.0000	0.0004	0.0000	0.0008			
64	116	0.1788	8	1	1	0	1	0	0	0	0	N	N	N	N	N	N	N	N	N	N	N	N	0.0000	0.0000	0.0000	0.0000	0.0000	0.0000	0.0000	0.0000	0.0000	0.0000	0.0000	0.0000	0.0000	0.0000	0.0000	0.0000	0.0000	0.0000	0.0000	0.0001	0.0001	0.0000	0.0000	0.0000	0.0000	0.1448	0.0000	-0.0000	17.5893	1.1177	19.0270	0.0023	0.0000	0.0000	0.0000	0.0000	0.0000	0.0000	0.0000	0.0000	0.0000	0.0000	0.0000	0.0000	0.0000	0.0000	0.0000	0.0000	0.0000	0.0000	0.0897	0.0792	0.0105	0.0161	0.0154	0.0007	0.0736	0.0638	0.0098	0.0236	0.0123	0.0114	0.0032	0.0027	0.0005	0.0205	0.0096	0.0109	0.0000	0.0000	0.0000	0.0000	0.0000	0.0000	0.0000	0.0000	0.0000	0.0000	0.0000	0.0000	0.0001	0.0001	0.0000	0.0000	0.0000	0.0000			
64	117	0.1758	4	1	2	0	0	0	0	0	0	N	Y	N	N	N	N	N	N	N	N	N	N	0.0030	0.0040	0.0004	0.0005	0.0006	0.0471	0.0031	0.0047	0.0004	0.0039	0.0041	0.0019	0.0010	0.0010	0.0004	0.0047	0.0050	0.0022	1.3078	1.0279	4.5536	1.7744	1.7619	0.0090	1.5159	1.0722	4.8580	0.0613	10.1078	-0.0021	0.3264	17.5893	31.2782	19.0270	23.9277	0.0091	0.0086	0.0005	0.0005	0.0005	0.0000	0.0086	0.0081	0.0005	1.1588	0.1043	1.0545	0.0822	0.0820	0.0001	1.0767	0.0223	1.0544	2.3589	2.0860	0.2729	0.5005	0.4650	0.0355	1.8584	1.6210	0.2374	1.1523	0.6152	0.5371	0.1696	0.1546	0.0149	0.9828	0.4606	0.5222	0.0039	0.0243	0.0010	0.0020	0.0019	0.0471	0.0042	0.1037	0.0011	1.0056	0.1696	1.9632	0.4846	0.5305	0.0090	1.0955	0.0484	2.0190
64	118	0.1788	8	1	1	1	1	0	0	0	0	N	N	N	N	N	N	N	N	N	N	N	N	0.0000	0.0000	0.0000	0.0000	0.0000	0.0000	0.0000	0.0000	0.0000	0.0000	0.0000	0.0000	0.0000	0.0000	0.0000	0.0000	0.0000	0.0000	0.0000	0.0000	0.0000	0.0000	inf	0.0000	0.0000	17.5893	3.8827	19.0270	2.9998	0.0000	0.0000	0.0000	0.0000	0.0000	0.0000	0.0000	0.0000	0.0000	0.0000	0.0000	0.0000	0.0000	0.0000	0.0000	0.0000	0.0000	0.0000	0.2993	0.2635	0.0358	0.0458	0.0436	0.0021	0.2535	0.2199	0.0337	0.1432	0.0744	0.0687	0.0190	0.0162	0.0028	0.1241	0.0582	0.0659	0.0000	0.0000	0.0000	0.0000	0.0000	0.0000	0.0000	0.0000	0.0000	0.0000	0.0000	0.0000	0.0000	0.0000	0.0000	0.0000	0.0000	0.0000						
64	119	0.1759	7	1	1	0	1	0	0	0	0	N	N	N	N	N	N	N	N	N	N	N	N	28.9497	0.0208	129.1884	0.0086	0.0078	12.9656	inf	137.8638	0.0023	0.0000	0.0207	0.0000	0.0000	0.0000	0.0030	0.0000	0.0230	0.0001	0.0000	0.0002	0.0000	0.0000	0.0000	0.0002	0.0000	0.0002	57018.2201	69.5092	0.0004	0.0000	17.5893	2.8083	19.0270	0.0030	0.0006	0.0000	0.0006	0.0000	0.0000	0.0000	0.0006	0.0000	0.0006	0.0000	0.0000	0.0000	0.0000	0.0000	0.0000	0.0000	0.0000	0.0000	0.2632	0.2344	0.0288	0.0626	0.0597	0.0029	0.2006	0.1747	0.0259	0.0597	0.0309	0.0288	0.0080	0.0069	0.0012	0.0517	0.0241	0.0276	28.9497	0.0208	129.1884	0.0086	0.0078	0.0000	33.3526	inf	137.8638	0.0001	0.0000	0.0002	0.0000	0.0000	0.0000	0.0001	0.0000	0.0002	
64	120	0.1759	7	1	1	1	1	0	0	0	0	N	N	N	N	N	N	N	N	N	N	N	N	33.3333	0.0268	139.3524	0.0153	0.0137	16.7386	inf	143.5558	0.0008	0.0000	0.0067	0.0000	0.0000	0.0000	0.0009	0.0000	0.0071	0.0000	0.0000	0.0000	0.0000	0.0000	0.0000	0.0001	0.0000	0.0000	57018.2201	77.1002	0.0004	0.0000	17.5893	9.6158	19.0270	0.0030	0.0006	0.0000	0.0006	0.0000	0.0000	0.0000	0.0006	0.0000	0.0006	0.0000	0.0000	0.0000	0.0000	0.0000	0.0000	0.0000	0.0000	0.0000	0.7673	0.6777	0.0896	0.1294	0.1233	0.0061	0.6379	0.5544	0.0835	0.2002	0.1037	0.0965	0.0265	0.0226	0.0039	0.1737	0.0810	0.0926	33.3333	0.0268	139.3524	0.0153	0.0137	0.0000	35.2418	inf	143.5558	0.0000	0.0000	0.0000	0.0000	0.0000	0.0000	0.0000	0.0000	0.0000	
64	121	0.1662	6	1	1	0	1	0	0	0	0	N	N	N	N	N	N	N	N	N	N	N	N	17.4621	3.1327	182.1971	13.7949	14.0552	1.0987	9.7534	0.0039	200.4204	0.9091	0.0115	6.5278	0.0485	0.0497	0.0046	1.1297	0.0001	6.7925	0.0521	0.0037	0.0358	0.0035	0.0035	0.0042	0.1158	0.0193	0.0339	90.6784	10.7497	0.2645	0.0004	17.5893	4.2457	19.0270	2.0144	0.3768	0.0041	0.3727	0.0041	0.0041	0.0000	0.3727	0.0000	0.3727	0.0013	0.0001	0.0012	0.0001	0.0001	0.0000	0.0012	0.0000	0.0012	0.4145	0.3574	0.0571	0.0845	0.0823	0.0022	0.3299	0.2750	0.0549	0.1489	0.0797	0.0692	0.0243	0.0219	0.0024	0.1246	0.0578	0.0668	103.6294	8.2408	378.1847	14.3172	15.0585	1.0987	114.9969	0.1129	382.9106	0.0088	0.0014	0.0173	0.0034	0.0033	0.0042	0.0098	0.0007	0.0177
64	122	0.1241	5	1	1	0	1	0	0	0	0	N	N	N	N	N	N	N	N	N	N	N	N	0.2449	0.3325	0.2631	5.5310	5.2388	0.1000	0.1349	0.0077	0.2482	0.4824	0.2750	1.8956	1.6568	1.7055	0.0016	0.2912	0.0108	1.9567	1.9700	0.8271	7.2053	0.2995	0.3255	0.0158	2.1588	1.4016	7.8832	1.0112	39.7716	0.1035	0.3607	17.5893	11.9190	19.0270	13.1740	0.4798	0.2385	0.2412	0.2306	0.2306	0.0000	0.2491	0.0079	0.2412	1.0392	0.0255	1.0137	0.0030	0.0030	0.0001	1.0362	0.0225	1.0136	0.9946	0.8674	0.1272	0.1392	0.1352	0.0040	0.8554	0.7321	0.1233	0.5275	0.2666	0.2609	0.0476	0.0418	0.0058	0.4800	0.2248	0.2552	0.2449	2.8766	0.4879	25.8830	24.1432	0.1000	0.1349	0.1079	0.4926	1.9700	0.0956	3.8851	0.0640	0.0706	0.0158	2.1588	0.1003	3.9723
64	123	0.5510	9	1	1	1	1	0	0	0	0	N	N	N	N	N	N	N	N	N	N	N	N	0.0000	0.0000	0.0000	0.0000	0.0000	0.0000	0.0000	0.0000	0.0000	0.0000	0.0000	0.0000	0.0000	0.0000	0.0000	0.0000	0.0000	0.0000	0.0004	0.0003	0.0004	0.0003	0.0003	0.0003	0.0010	0.0054	0.0005	1.2185	0.0000	-0.0000	17.5893	12.8936	19.0270	4.1514	0.0000	0.0000	0.0000	0.0000	0.0000	0.0000	0.0000	0.0000	0.0000	0.0001	0.0000	0.0001	0.0000	0.0000	0.0000	0.0001	0.0000	0.0000	0.9984	0.8925	0.1059	0.3541	0.3314	0.0227	0.6442	0.5611	0.0832	0.2827	0.1691	0.1136	0.0845	0.0753	0.0092	0.1982	0.0938	0.1044	0.0000	0.0000	0.0000	0.0000	0.0000	0.0000	0.0000	0.0000	0.0000	0.0003	0.0002	0.0004	0.0003	0.0003	0.0003	0.0003	0.0002	0.0005	
64	124	0.1394	6	1	2	0	0	0	0	0	0	N	Y	N	N	N	N	N	N	N	N	N	N	0.5317	0.0095	358.3462	0.3558	0.2817	13.3549	0.4662	0.0000	364.7818	0.0174	0.0019	0.1310	0.0129	0.0134	0.0021	0.0180	0.0000	0.1365	0.0326	0.2032	0.0004	0.0364	0.0474	0.0002	0.0387	0.6349	0.0004	9.2083	0.0258	0.0106	-0.0020	17.5893	12.7386	19.0270	8.7370	0.0172	0.0017	0.0155	0.0017	0.0017	0.0000	0.0155	0.0000	0.0155	0.0034	0.0033	0.0001	0.0011	0.0011	0.0000	0.0023	0.0022	0.0001	0.9926	0.8740	0.1186	0.1312	0.1263	0.0048	0.8614	0.7476	0.1138	0.4725	0.2414	0.2311	0.0587	0.0496	0.0091	0.4138	0.1918	0.2220	2.4396	0.1422	358.3462	0.7173	0.6261	13.3549	3.2406	0.0000	364.7818	0.0071	0.0136	0.0004	0.0180	0.0213	0.0002	0.0056	0.0116	0.0004
64	125	0.1241	5	1	2	0	0	0	0	0	0	N	Y	N	N	N	N	N	N	N	N	N	N	0.4819	0.0116	54.6516	0.0941	0.0925	0.2323	0.4776	0.0000	66.9046	0.5157	0.0175	3.8622	0.0969	0.0993	0.0034	0.5932	0.0001	3.9810	1.0701	1.5006	0.0707	1.0297	1.0735	0.0144	1.2421	2.2235	0.0595	32.9063	0.0332	0.2684	-0.0602	17.5893	8.6431	19.0270	1.4782	0.3927	0.0116	0.3812	0.0115	0.0115	0.0000	0.3812	0.0001	0.3812	0.1010	0.0977	0.0032	0.0049	0.0049	0.0000	0.0961	0.0929	0.0032	0.7617	0.6630	0.0987	0.1190	0.1161	0.0029	0.6426	0.5469	0.0957	0.2277	0.1155	0.1122	0.0241	0.0214	0.0027	0.2036	0.0941	0.1095	1.1625	0.0206	133.4535	0.4754	0.4367	0.2323	1.2570	0.0001	135.9042	0.4436	0.8463	0.0289	0.2038	0.2273	0.0144	0.4719	0.9873	0.0293
64	126	0.1145	4	1	1	0	0	0	0	0	0	N	N	N	N	N	N	N	N	N	N	N	N	2.3406	0.6807	6.9219	3.5796	3.5943	0.6112	2.0599	0.0096	7.5806	1.9981	0.3519	14.3782	1.9205	1.9606	0.0002	2.0130	0.0038	14.7914	0.8537	0.5170	2.0772	0.5365	0.5455	0.0003	0.9772	0.3951	1.9512	5.4330	6.5838	0.4429	0.0063	17.5893	4.1618	19.0270	2.0491	0.7945	0.1235	0.6710	0.1224	0.1224	0.0000	0.6721	0.0011	0.6710	0.0264	0.0035	0.0229	0.0031	0.0031	0.0000	0.0233	0.0004	0.0229	0.3976	0.3509	0.0467	0.0637	0.0624	0.0013	0.3339	0.2885	0.0454	0.1779	0.0974	0.0805	0.0310	0.0296	0.0014	0.1468	0.0677	0.0791	13.4834	9.8572	50.5892	19.2001	18.7248	0.6112	12.7101	0.6914	51.1448	0.1482	0.0357	0.2842	0.1000	0.1047	0.0003	0.1584	0.0055	0.2892
64	127	0.0854	3	1	1	0	0	0	0	0	0	N	N	N	N	N	N	N	N	N	N	N	N	2.2099	0.0068	4.9020	0.0082	0.0085	12.1616	2.0243	0.0123	4.7380	2.8574	0.0051	22.2231	0.0107	0.0111	0.0006	3.0494	0.0047	22.6814	1.2930	0.7486	4.5335	1.3036	1.3083	0.0001	1.5064	0.3804	4.7871	640.1481	22.1662	1.4620	0.1434	17.5893	9.4810	19.0270	7.4917	2.0554	0.0032	2.0522	0.0005	0.0005	0.0000	2.0549	0.0027	2.0522	0.4365	0.0188	0.4176	0.0179	0.0179	0.0000	0.4186	0.0009	0.4176	0.7193	0.6270	0.0923	0.0454	0.0436	0.0019	0.6739	0.5834	0.0905	0.4551	0.2400	0.2151	0.0638	0.0614	0.0024	0.3913	0.1786	0.2127	2.9791	0.0651	11.4452	0.0380	0.0381	12.1616	2.8506	0.8934	11.5531	0.9592	0.0785	1.9417	0.2808	0.2916	0.0001	1.0697	0.0052	1.9632
64	128	0.5632	10	2	2	0	0	0	0	0	0	Y	Y	N	N	N	N	N	N	N	N	N	N	0.0000	0.0000	0.0000	0.0000	0.0000	0.0000	0.0000	0.0000	0.0000	0.0000	0.0000	0.0000	0.0000	0.0000	0.0000	0.0000	0.0000	0.0000	0.0000	0.0000	0.0000	0.0000	0.0000	0.0000	0.0000	2.9440	0.0000	0.0000	17.5893	2.0107	19.0270	1.9995	0.0000	0.0000	0.0000	0.0000	0.0000	0.0000	0.0000	0.0000	0.0000	0.0000	0.0000	0.0000	0.0000	0.0000	0.0000	0.0000	0.0000	0.0000	0.1464	0.1300	0.0164	0.0511	0.0475	0.0036	0.0953	0.0825	0.0128	0.0635	0.0387	0.0247	0.0203	0.0181	0.0022	0.0432	0.0206	0.0225	0.0000	0.0000	0.0000	0.0000	0.0000	0.0000	0.0000	0.0000	0.0000	0.0000	0.0000	0.0000	0.0000	0.0000	0.0000	0.0000	0.0000	0.0000			
64	129	0.5510	9	2	2	0	0	0	0	0	0	Y	Y	N	N	N	N	N	N	N	N	N	N	0.0000	0.0000	0.0000	0.0000	0.0000	0.0000	0.0000	0.0000	0.0000	0.0000	0.0000	0.0000	0.0000	0.0000	0.0000	0.0000	0.0000	0.0021	0.0002	0.0022	0.0004	0.0003	0.0007	0.0052	0.0000	0.0024	9.6447	0.0000	0.0000	17.5893	5.6459	19.0270	1.1399	0.0000	0.0000	0.0000	0.0000	0.0000	0.0000	0.0000	0.0000	0.0000	0.0001	0.0000	0.0001	0.0000	0.0000	0.0000	0.0001	0.0000	0.0001	0.4895	0.4404	0.0491	0.1871	0.1765	0.0106	0.3024	0.2639	0.0385	0.1225	0.0729	0.0496	0.0382	0.0345	0.0037	0.0843	0.0384	0.0459	0.0000	0.0000	0.0000	0.0000	0.0000	0.0000	0.0000	0.0000	0.0000	0.0010	0.0002	0.0022	0.0004	0.0003	0.0007	0.0013	0.0000	0.0024		
64	130	0.5207	8	1	1	0	0	0	0	0	0	N	N	N	N	N	N	N	N	N	N	N	N	0.0029	0.0035	0.0003	0.0088	0.0089	0.0029	0.0004	0.0022	0.0005	0.0020	0.0022	0.0003	0.0047	0.0050	0.0000	0.0003	0.0003	0.0003	0.7036	0.6420	0.7998	0.5334	0.5580	0.0024	0.7557	0.1310	0.7200	0.0144	1.4237	-0.0006	-0.0012	17.5893	11.6079	19.0270	5.3766	0.0021	0.0021	0.0000	0.0019	0.0019	0.0000	0.0002	0.0002	0.0000	0.0293	0.0121	0.0172	0.0119	0.0119	0.0000	0.0174	0.0002	0.0172	1.0579	0.9426	0.1153	0.4145	0.3876	0.0269	0.6434	0.5550	0.0884	0.3666	0.2155	0.1511	0.1193	0.1100	0.0093	0.2473	0.1055	0.1418	0.0251	0.0396	0.0023	0.0468	0.0462	0.0029	0.0042	0.1401	0.0028	0.0800	0.0562	0.1141	0.0998	0.1080	0.0024	0.0705	0.0021	0.1214
64	131	0.5028	7	1	1	0	0	0	0	0	0	N	N	N	N	N	N	N	N	N	N	N	N	0.0052	0.0035	0.0030	0.0049	0.0048	0.0903	0.0018	0.0095	0.0015	0.0145	0.0155	0.0060	0.0363	0.0373	0.0190	0.0018	0.0016	0.0029	2.8172	4.4066	2.0165	7.3568	7.8165	0.2103	0.9976	0.1737	1.9414	0.0451	0.0393	-0.0013	-0.6131	17.5893	3.9355	19.0270	8.7078	0.0055	0.0052	0.0002	0.0050	0.0049	0.0001	0.0004	0.0003	0.0001	1.0382	0.9989	0.0392	0.9996	0.9987	0.0009	0.0386	0.0002	0.0384	0.3755	0.3365	0.0390	0.1385	0.1309	0.0076	0.2370	0.2055	0.0315	0.3685	0.2267	0.1418	0.1359	0.1278	0.0081	0.2326	0.0989	0.1337	0.0052	0.0035	0.0218	0.0049	0.0048	0.1772	0.0109	0.6714	0.0102	2.8172	4.4066	0.2766	7.3568	7.8165	0.1072	0.1659	0.0024	0.2869
64	132	0.4912	6	1	1	0	0	0	0	0	0	N	N	N	N	N	N	N	N	N	N	N	N	0.0113	0.0091	0.0081	0.0140	0.0145	0.1335	0.0049	0.0058	0.0092	0.0109	0.0100	0.0182	0.0213	0.0221	0.0086	0.0050	0.0027	0.0204	0.9645	1.0976	2.2510	1.5167	1.5233	0.0642	1.0337	0.4624	2.2253	0.2133	0.9572	-0.0007	-0.0106	17.5893	6.2657	19.0270	3.9760	0.0063	0.0052	0.0011	0.0045	0.0044	0.0001	0.0019	0.0009	0.0010	0.0758	0.0388	0.0371	0.0386	0.0382	0.0004	0.0372	0.0005	0.0367	0.5834	0.5220	0.0613	0.2091	0.1973	0.0118	0.3743	0.3248	0.0495	0.2922	0.1791	0.1130	0.1088	0.1007	0.0081	0.1834	0.0784	0.1050	0.0418	0.0462	0.0553	0.0600	0.0581	0.1803	0.0248	0.3972	0.0585	0.2596	0.2163	0.3282	0.3549	0.3795	0.0475	0.2031	0.0067	0.3497
64	133	0.4139	5	1	1	0	0	0	0	0	0	N	N	N	N	N	N	N	N	N	N	N	N	0.5476	0.0282	12.4136	0.0514	0.0519	1.6884	1.1694	0.0027	18.5509	0.5035	0.0348	4.2582	0.1039	0.1056	0.0787	0.6803	0.0011	5.1760	0.9194	1.2362	0.3430	2.0190	2.0356	0.0466	0.5817	0.4266	0.2790	15.2520	0.1508	0.6828	-0.1058	17.5893	26.7012	19.0270	18.2690	1.0484	0.0645	0.9839	0.0663	0.0631	0.0033	0.9820	0.0014	0.9806	0.2128	0.1849	0.0279	0.1839	0.1829	0.0009	0.0289	0.0020	0.0270	2.0822	1.8512	0.2311	0.6387	0.5971	0.0416	1.4435	1.2540	0.1895	0.9997	0.5941	0.4056	0.2960	0.2713	0.0247	0.7037	0.3228	0.3809	2.3654	0.1120	61.9535	0.1672	0.1566	2.1095	16.5558	0.1877	73.1363	0.2129	0.3112	0.0687	0.6212	0.6743	0.0373	0.0411	0.0061	0.0708
64	134	0.1758	4	1	1	0	0	0	0	0	0	N	N	N	N	N	N	N	N	N	N	N	N	0.1928	0.1750	0.0607	0.0029	0.0027	0.1298	0.2066	0.1502	0.0661	0.2732	0.2772	0.2433	0.0032	0.0032	0.0030	0.3382	0.3469	0.2777	1.4170	1.5836	4.0083	1.1168	1.1869	0.0235	1.6372	2.3097	4.2032	0.1151	1.2236	-0.2074	-0.1867	17.5893	61.4372	19.0270	55.8589	1.1279	1.0114	0.1165	0.0025	0.0024	0.0002	1.1253	1.0091	0.1163	2.3919	1.0757	1.3162	0.0503	0.0497	0.0005	2.3416	1.0260	1.3157	4.1277	3.6491	0.4786	0.8005	0.7406	0.0599	3.3272	2.9084	0.4187	1.9824	1.0444	0.9380	0.2185	0.1952	0.0233	1.7639	0.8493	0.9147	0.2265	0.2691	0.1734	0.0138	0.0125	0.1335	0.2548	0.2872	0.1931	1.2066	1.0299	1.4032	0.2301	0.2548	0.0228	1.3275	1.2081	1.4384
64	135	0.0854	3	1	1	0	0	0	0	0	0	N	N	N	N	N	N	N	N	N	N	N	N	1.3767	1.6378	1.2787	1.7873	1.8182	3.0279	1.2107	1.0399	1.2670	2.0412	1.3302	6.9996	1.6426	1.7097	0.0501	2.0678	1.3022	7.1425	1.4827	0.8122	5.4740	0.9191	0.9404	0.0165	1.7079	1.2523	5.6372	0.7546	27.0824	0.6629	0.5005	17.5893	31.7621	19.0270	18.5886	4.6380	2.6434	1.9946	0.2334	0.2331	0.0003	4.4046	2.4103	1.9943	1.4895	0.0530	1.4364	0.0184	0.0183	0.0001	1.4711	0.0348	1.4363	2.2722	1.9872	0.2850	0.1421	0.1363	0.0057	2.1301	1.8509	0.2792	1.1112	0.5694	0.5418	0.1035	0.0973	0.0062	1.0077	0.4721	0.5356	1.5228	14.2799	2.6402	9.2486	9.0997	3.0279	1.4164	17.6871	2.6634	1.3404	0.0932	2.6512	0.1776	0.1879	0.0165	1.4598	0.0736	2.6817
65	66	0.1827	6	0	2	0	0	0	0	0	0	N	Y	N	N	N	N	N	N	N	N	N	N	0.0163	0.0023	0.1994	0.0378	0.0375	0.0104	0.0167	0.0003	0.2934	0.0068	0.0003	0.0592	0.0005	0.0005	0.0000	0.0091	0.0002	0.0673	0.4152	0.1261	0.2971	0.0134	0.0141	0.0034	0.5464	0.6502	0.2294	25.1926	3.0742	0.0008	0.0005	1.7566	21.1811	2.8742	10.1862	0.0012	0.0000	0.0011	0.0000	0.0000	0.0000	0.0011	0.0000	0.0011	0.0038	0.0009	0.0029	0.0003	0.0003	0.0000	0.0035	0.0006	0.0029	0.1730	0.1540	0.0191	0.0474	0.0451	0.0023	0.1257	0.1089	0.0168	0.1315	0.0858	0.0457	0.0364	0.0355	0.0009	0.0951	0.0503	0.0448	0.2322	0.0265	0.9340	0.0577	0.0594	0.0104	0.2469	0.0155	1.0411	0.0292	0.0110	0.0634	0.0087	0.0089	0.0034	0.0370	0.0125	0.0647
65	67	0.1689	5	0	2	0	0	0	0	0	0	N	Y	N	N	N	N	N	N	N	N	N	N	0.1570	0.0857	0.0782	0.4262	0.4225	1.2944	0.0111	0.0019	0.0846	0.0030	0.0033	0.0002	0.0110	0.0115	0.0000	0.0001	0.0001	0.0002	0.0189	0.0385	0.0028	0.0257	0.0271	0.0000	0.0077	0.0319	0.0029	0.0081	0.2310	-0.0001	-0.0001	1.7566	7.4253	2.8742	0.9851	0.0002	0.0002	0.0000	0.0002	0.0002	0.0000	0.0000	0.0000	0.0000	0.0002	0.0002	0.0000	0.0001	0.0001	0.0000	0.0001	0.0000	0.0000	0.0659	0.0588	0.0072	0.0174	0.0167	0.0008	0.0485	0.0421	0.0064	0.0377	0.0246	0.0132	0.0104	0.0101	0.0003	0.0274	0.0144	0.0129	0.5650	0.5036	0.0782	0.7742	0.7895	1.2944	0.0462	0.0656	0.0846	0.0052	0.0065	0.0028	0.0142	0.0145	0.0000	0.0019	0.0009	0.0029
65	68	0.1914	6	0	1	1	0	0	0	0	0	N	N	N	N	N	N	N	N	N	N	N	N	0.0056	0.0048	0.0041	0.0042	0.0045	0.0038	0.0376	0.6522	0.0056	0.0045	0.0051	0.0001	0.0063	0.0067	0.0000	0.0034	0.0040	0.0002	0.8063	1.0509	0.0315	1.4863	1.4885	0.0067	0.0915	0.0061	0.0287	0.0031	0.0513	-0.0002	-0.0081	1.7566	15.0354	2.8742	6.2061	0.0008	0.0008	0.0000	0.0004	0.0004	0.0000	0.0004	0.0004	0.0000	0.0139	0.0132	0.0007	0.0132	0.0132	0.0000	0.0007	0.0000	0.0007	0.1739	0.1548	0.0191	0.0676	0.0633	0.0044	0.1063	0.0916	0.0147	0.1156	0.0711	0.0446	0.0378	0.0363	0.0015	0.0778	0.0348	0.0431	0.0378	0.0273	0.0085	0.0180	0.0184	0.0038	0.3956	16.6376	0.0103	0.1203	0.1862	0.0152	0.3500	0.3642	0.0067	0.0087	0.0002	0.0155
65	69	0.1234	5	0	1	0	0	0	0	0	0	N	N	N	N	N	N	N	N	N	N	N	N	2.1489	3.7684	0.2090	13.9589	26.9670	0.9065	0.6013	0.9005	0.0319	1.6566	1.8254	0.3414	5.0663	5.1557	3.1322	0.5353	0.6130	0.0444	0.7709	0.4844	1.6332	0.3629	0.1912	3.4555	0.8901	0.6807	1.3907	0.0240	4.6273	-0.1185	0.0038	1.7566	27.6811	2.8742	13.1592	0.4493	0.4388	0.0105	0.3401	0.3308	0.0093	0.1093	0.1080	0.0012	0.0197	0.0035	0.0162	0.0039	0.0026	0.0013	0.0158	0.0009	0.0150	0.2712	0.2404	0.0309	0.0671	0.0642	0.0030	0.2041	0.1762	0.0279	0.1897	0.1125	0.0772	0.0528	0.0508	0.0020	0.1370	0.0617	0.0752	15.9304	58.5917	1.6242	68.5397	98.9940	4.8863	4.6315	44.0026	0.2232	0.1040	0.0312	0.2102	0.0739	0.0521	0.6410	0.1156	0.0139	0.1990
65	70	0.0885	4	0	1	0	0	0	0	0	0	N	N	N	N	N	N	N	N	N	N	N	N	1.6751	2.1103	0.2478	7.0324	7.4505	3.5560	0.2519	0.4759	0.0409	1.5229	1.6422	0.5909	5.4067	5.3805	6.0539	0.2670	0.2948	0.0926	0.9091	0.7782	2.3847	0.7688	0.7222	1.7025	1.0599	0.6195	2.2664	0.0460	3.0967	-0.0761	0.0046	1.7566	19.6565	2.8742	4.0504	0.3131	0.2993	0.0138	0.2716	0.2598	0.0118	0.0415	0.0395	0.0020	0.0361	0.0088	0.0273	0.0088	0.0083	0.0004	0.0273	0.0005	0.0269	0.2056	0.1822	0.0233	0.0502	0.0483	0.0019	0.1553	0.1340	0.0214	0.1785	0.1025	0.0760	0.0612	0.0603	0.0009	0.1173	0.0422	0.0750	7.5351	19.1133	1.6467	37.7656	38.8403	13.8252	1.1465	27.3331	0.2589	0.2021	0.0859	0.3588	0.1432	0.1385	0.4379	0.2329	0.0108	0.3578
65	71	0.1720	6	1	2	0	0	0	0	0	0	N	Y	N	N	N	N	N	N	N	N	N	N	67.5853	457.4601	0.0003	680.4114	696.9110	inf	0.0000	0.0000	0.0208	0.0234	0.0000	0.0759	0.0797	0.0000	0.0000	0.0000	0.0000	0.0003	0.0001	0.0007	0.0001	0.0001	0.0000	0.0010	0.0000	0.0007	0.0000	7.9193	-0.0009	0.0000	1.7566	17.5448	2.8742	6.0013	0.0031	0.0031	0.0000	0.0031	0.0031	0.0000	0.0000	0.0000	0.0000	0.0000	0.0000	0.0000	0.0000	0.0000	0.0000	0.0000	0.0000	0.0000	0.1481	0.1320	0.0161	0.0407	0.0387	0.0020	0.1074	0.0932	0.0141	0.1008	0.0657	0.0351	0.0275	0.0268	0.0007	0.0733	0.0389	0.0344	76.8164	500.9796	0.0003	680.4114	696.9110	inf	0.0000	0.0000	0.0000	0.0003	0.0000	0.0007	0.0001	0.0001	0.0000	0.0003	0.0000	0.0007	
65	72	0.2405	9	1	2	1	0	0	0	0	0	N	Y	N	N	N	N	N	N	N	N	N	N	0.0000	0.0000	0.0000	0.0000	0.0000	0.0000	0.0000	0.0000	0.0000	0.0000	0.0000	0.0000	0.0000	0.0000	0.0000	0.0000	0.6704	0.7777	0.1364	0.8088	0.7904	0.0000	0.4134	0.0000	0.1206	0.2995	0.0000	-0.0006	1.7566	1.8980	2.8742	2.9698	0.0000	0.0000	0.0000	0.0000	0.0000	0.0000	0.0000	0.0000	0.0000	0.0015	0.0012	0.0004	0.0012	0.0012	0.0000	0.0004	0.0000	0.0004	0.0183	0.0164	0.0020	0.0065	0.0062	0.0003	0.0118	0.0101	0.0017	0.0223	0.0139	0.0084	0.0079	0.0077	0.0002	0.0145	0.0062	0.0083	0.0000	0.0000	0.0000	0.0000	0.0000	0.0000	0.0000	0.0000	0.0000	0.0693	0.0856	0.0424	0.1512	0.1543	0.0000	0.0247	0.0000	0.0432			
65	73	0.2209	8	1	1	1	0	0	0	0	0	N	N	N	N	N	N	N	N	N	N	N	N	0.0180	0.0083	0.8961	0.0492	0.0457	63.8692	0.0580	0.0015	0.9636	0.0050	0.0030	0.0262	0.0074	0.0067	0.0332	0.0033	0.0000	0.0252	0.2772	0.3611	0.0293	0.1499	0.1459	0.0005	0.0563	0.0247	0.0262	0.8137	0.2942	0.0000	-0.0003	1.7566	3.5853	2.8742	4.3819	0.0003	0.0002	0.0001	0.0002	0.0002	0.0000	0.0001	0.0000	0.0001	0.0008	0.0006	0.0002	0.0006	0.0006	0.0000	0.0002	0.0000	0.0002	0.0579	0.0529	0.0049	0.0244	0.0237	0.0006	0.0335	0.0292	0.0043	0.0395	0.0275	0.0120	0.0130	0.0127	0.0004	0.0265	0.0148	0.0117	0.2607	0.1415	1.8330	0.1676	0.1476	63.8692	0.4703	0.0473	1.7103	0.0192	0.0213	0.0143	0.0440	0.0452	0.0005	0.0069	0.0008	0.0147
65	74	0.1894	7	1	1	1	0	0	0	0	0	N	N	N	N	N	N	N	N	N	N	N	N	8.9250	21.8098	101.7671	209.0397	211.6629	0.2016	4.5805	0.0017	135.4034	1.7439	0.9724	8.1593	2.8062	2.9351	0.0015	1.2685	0.0007	9.3415	0.1954	0.0446	0.0802	0.0134	0.0139	0.0074	0.2769	0.4139	0.0690	1.0090	2.2655	0.0419	0.0001	1.7566	12.3589	2.8742	7.3592	0.1950	0.0971	0.0979	0.0970	0.0970	0.0000	0.0980	0.0000	0.0979	0.0013	0.0004	0.0009	0.0002	0.0002	0.0000	0.0011	0.0002	0.0009	0.1118	0.0998	0.0120	0.0346	0.0331	0.0015	0.0772	0.0668	0.0105	0.0879	0.0581	0.0298	0.0252	0.0246	0.0006	0.0627	0.0335	0.0292	114.0272	137.3162	260.4248	319.5391	332.9344	0.2016	70.8117	0.1202	293.5989	0.0153	0.0071	0.0313	0.0088	0.0088	0.0074	0.0179	0.0058	0.0318
65	75	0.1720	6	1	1	1	0	0	0	0	0	N	N	N	N	N	N	N	N	N	N	N	N	0.0368	0.0212	1.9403	0.0390	0.0418	35.1789	0.5005	0.7184	2.7256	0.0114	0.0097	0.0258	0.0120	0.0124	0.0035	0.0112	0.0084	0.0292	0.3098	0.4551	0.0133	0.3063	0.2967	0.0001	0.0223	0.0117	0.0107	0.3228	0.1469	-0.0000	-0.0005	1.7566	10.2127	2.8742	1.0234	0.0010	0.0008	0.0003	0.0003	0.0003	0.0000	0.0007	0.0005	0.0002	0.0010	0.0009	0.0001	0.0009	0.0009	0.0000	0.0001	0.0000	0.0001	0.0909	0.0811	0.0098	0.0265	0.0252	0.0013	0.0644	0.0559	0.0085	0.0500	0.0326	0.0174	0.0138	0.0134	0.0003	0.0362	0.0191	0.0170	0.5477	0.3470	3.3688	0.1834	0.1853	35.1789	2.8516	18.8505	3.7343	0.0208	0.0278	0.0077	0.0652	0.0669	0.0001	0.0039	0.0004	0.0078
65	76	0.1689	5	1	1	0	0	0	0	0	0	N	N	N	N	N	N	N	N	N	N	N	N	0.2008	0.0863	5.4807	0.4385	0.2739	inf	0.0081	0.0208	0.0074	0.0008	0.0006	0.0029	0.0029	0.0019	0.0274	0.0000	0.0000	0.0000	0.0041	0.0068	0.0005	0.0067	0.0071	0.0000	0.0007	0.0003	0.0005	0.5737	0.1261	0.0000	-0.0000	1.7566	3.7027	2.8742	0.0091	0.0000	0.0000	0.0000	0.0000	0.0000	0.0000	0.0000	0.0000	0.0000	0.0000	0.0000	0.0000	0.0000	0.0000	0.0000	0.0000	0.0000	0.0000	0.0353	0.0316	0.0037	0.0099	0.0095	0.0004	0.0255	0.0221	0.0033	0.0169	0.0110	0.0059	0.0047	0.0046	0.0001	0.0122	0.0064	0.0058	0.5072	0.2639	5.4807	0.5626	0.3621	inf	0.0232	5.5563	0.0074	0.0016	0.0022	0.0005	0.0052	0.0053	0.0000	0.0003	0.0000	0.0005
65	77	0.1519	4	0	1	0	0	0	0	0	0	N	N	N	N	N	N	N	N	N	N	N	N	0.0133	0.1874	0.0035	0.5803	0.5850	0.5010	0.0012	0.0317	0.0017	0.0047	0.0052	0.0009	0.0112	0.0118	0.0026	0.0006	0.0006	0.0004	0.3544	0.0276	0.2503	0.0193	0.0201	0.0052	0.4711	0.0193	0.2026	0.0196	5.4254	-0.0001	0.0003	1.7566	3.8334	2.8742	6.1787	0.0002	0.0002	0.0000	0.0002	0.0002	0.0000	0.0000	0.0000	0.0000	0.0013	0.0002	0.0011	0.0002	0.0002	0.0000	0.0011	0.0000	0.0011	0.0442	0.0396	0.0046	0.0172	0.0162	0.0011	0.0270	0.0235	0.0035	0.0544	0.0357	0.0187	0.0166	0.0163	0.0003	0.0378	0.0194	0.0184	0.1974	0.9093	0.0150	0.9747	1.0136	0.5010	0.0197	0.9041	0.0059	0.0239	0.0057	0.0587	0.0115	0.0116	0.0052	0.0294	0.0007	0.0596
65	78	0.1128	3	0	1	0	0	0	0	0	0	N	N	N	N	N	N	N	N	N	N	N	N	0.0069	0.0092	0.0025	0.0262	0.0225	0.6437	0.0037	0.0051	0.0007	0.0064	0.0063	0.0071	0.0131	0.0113	0.0543	0.0041	0.0044	0.0018	0.9280	0.6834	2.8159	0.5016	0.5024	0.0843	1.1065	0.8663	2.7871	0.1342	4.5546	-0.0002	0.0059	1.7566	16.9094	2.8742	5.8161	0.0010	0.0009	0.0001	0.0005	0.0004	0.0001	0.0005	0.0005	0.0000	0.0306	0.0055	0.0251	0.0044	0.0043	0.0001	0.0262	0.0012	0.0250	0.1618	0.1446	0.0172	0.0408	0.0391	0.0017	0.1210	0.1055	0.0155	0.1392	0.0882	0.0510	0.0461	0.0447	0.0013	0.0931	0.0434	0.0497	0.0290	0.1007	0.0144	0.1371	0.1166	0.9682	0.0146	0.1640	0.0036	0.2201	0.0626	0.4926	0.0958	0.0970	0.0561	0.2817	0.0271	0.5042
65	81	0.1105	6	1	1	1	0	0	0	0	0	N	N	N	N	N	N	N	N	N	N	N	N	0.0067	0.0085	0.0038	0.0221	0.0209	0.0326	0.0065	0.0049	0.0051	0.0034	0.0037	0.0011	0.0007	0.0007	0.0000	0.0041	0.0046	0.0012	0.5080	0.4344	0.2996	0.0299	0.0326	0.0005	0.6309	0.9379	0.2382	0.0395	1.3263	-0.0002	-0.0004	1.7566	27.2690	2.8742	12.3406	0.0008	0.0007	0.0000	0.0000	0.0000	0.0000	0.0007	0.0007	0.0000	0.0069	0.0029	0.0039	0.0007	0.0007	0.0000	0.0061	0.0022	0.0039	0.2232	0.1977	0.0255	0.0464	0.0447	0.0017	0.1768	0.1529	0.0239	0.1729	0.1114	0.0615	0.0467	0.0448	0.0019	0.1262	0.0666	0.0596	0.0859	0.1399	0.0178	0.0416	0.0414	0.0326	0.0852	0.1383	0.0185	0.0397	0.0265	0.0636	0.0158	0.0165	0.0005	0.0485	0.0331	0.0656
65	82	0.0951	5	0	1	0	0	0	0	0	0	N	N	N	N	N	N	N	N	N	N	N	N	0.8435	1.0055	0.7424	0.5036	0.4692	3.7069	0.8423	0.5017	0.9655	0.0148	0.0157	0.0079	0.0060	0.0062	0.0004	0.0179	0.0193	0.0085	0.0176	0.0156	0.0106	0.0120	0.0133	0.0001	0.0213	0.0385	0.0088	0.0599	0.9214	-0.0003	-0.0000	1.7566	9.0798	2.8742	0.9519	0.0013	0.0013	0.0001	0.0001	0.0001	0.0000	0.0012	0.0011	0.0001	0.0002	0.0001	0.0001	0.0001	0.0001	0.0000	0.0001	0.0000	0.0001	0.0896	0.0800	0.0095	0.0231	0.0223	0.0008	0.0664	0.0577	0.0088	0.0469	0.0300	0.0169	0.0124	0.0119	0.0005	0.0344	0.0181	0.0163	3.0025	3.8997	1.1972	0.7390	0.7301	3.7069	4.7360	18.3032	1.2549	0.0049	0.0040	0.0066	0.0082	0.0085	0.0001	0.0038	0.0011	0.0068
65	83	0.0224	2	0	2	0	0	0	0	0	0	N	Y	N	N	N	N	N	N	N	N	N	N	0.0218	0.0319	0.0000	0.0445	0.0503	0.0000	0.0184	0.0166	0.0000	0.0238	0.0271	0.0000	0.0140	0.0142	0.0000	0.0248	0.0286	0.0000	1.0921	0.8501	3.5166	0.3146	0.2823	1.3007	1.3452	1.7226	3.5944	0.0000	7.7832	-0.0012	0.0488	1.7566	21.0000	2.8742	14.4214	0.0042	0.0042	0.0000	0.0002	0.0002	0.0000	0.0040	0.0040	0.0000	0.1893	0.0216	0.1677	0.0098	0.0095	0.0003	0.1795	0.0120	0.1675	0.1772	0.1553	0.0219	0.0165	0.0162	0.0003	0.1607	0.1390	0.0217	0.3830	0.2092	0.1738	0.1458	0.1451	0.0007	0.2372	0.0641	0.1731	0.0481	0.2631	0.0000	0.2081	0.2160	0.0000	0.0327	0.1528	0.0000	0.4942	0.1030	0.9649	0.0673	0.0658	0.3563	0.7566	0.1873	0.9675
65	84	0.0801	6	0	1	1	0	0	0	0	0	N	N	N	N	N	N	N	N	N	N	N	N	0.0015	0.0013	0.0013	0.0008	0.0008	0.0501	0.0018	0.0030	0.0013	0.0013	0.0013	0.0011	0.0014	0.0012	0.0045	0.0013	0.0013	0.0009	0.8689	1.0589	0.8796	1.6436	1.6347	0.0893	0.7273	0.4426	0.7291	0.1127	0.3860	-0.0000	-0.0089	1.7566	20.4085	2.8742	11.0867	0.0002	0.0002	0.0000	0.0000	0.0000	0.0000	0.0002	0.0002	0.0000	0.0254	0.0184	0.0071	0.0181	0.0180	0.0001	0.0073	0.0004	0.0070	0.1799	0.1586	0.0214	0.0298	0.0286	0.0012	0.1501	0.1300	0.0202	0.1548	0.0962	0.0586	0.0436	0.0419	0.0018	0.1112	0.0543	0.0568	0.0079	0.0070	0.0092	0.0033	0.0029	0.0781	0.0195	0.2084	0.0074	0.1643	0.1908	0.1209	0.4149	0.4299	0.0574	0.0660	0.0065	0.1229
65	85	0.0763	5	0	1	1	0	0	0	0	0	N	N	N	N	N	N	N	N	N	N	N	N	1.8310	0.5407	38.6846	2.1253	1.9708	7.9752	1.7557	0.0605	52.2830	0.0406	0.0255	0.1573	0.0322	0.0309	0.0514	0.0444	0.0228	0.1799	0.0222	0.0471	0.0041	0.0152	0.0157	0.0064	0.0253	0.3769	0.0034	0.7968	0.2823	0.0002	-0.0001	1.7566	3.1287	2.8742	1.1816	0.0016	0.0009	0.0007	0.0004	0.0004	0.0000	0.0012	0.0005	0.0007	0.0001	0.0001	0.0000	0.0001	0.0001	0.0000	0.0001	0.0000	0.0000	0.0389	0.0345	0.0045	0.0122	0.0115	0.0008	0.0267	0.0230	0.0037	0.0246	0.0155	0.0090	0.0073	0.0071	0.0002	0.0173	0.0085	0.0088	6.8998	3.5178	44.6375	3.3475	3.1743	7.9752	10.3428	4.4076	52.2830	0.0059	0.0072	0.0035	0.0096	0.0097	0.0064	0.0043	0.0052	0.0034
65	86	0.0694	4	0	1	0	0	0	0	0	0	N	N	N	N	N	N	N	N	N	N	N	N	32.1525	11.2588	4598.7939	1.2131	1.1144	56.7791	692.7171	317.2377	6878.9586	10.8343	5.5397	49.1609	0.3740	0.3443	0.7722	14.3906	7.4488	57.3824	0.3370	0.4920	0.0107	0.3083	0.3089	0.0136	0.0208	0.0235	0.0083	1.2259	0.1232	0.1251	-0.0004	1.7566	4.0532	2.8742	2.2470	0.4746	0.2132	0.2614	0.0042	0.0036	0.0006	0.4705	0.2097	0.2608	0.0009	0.0008	0.0001	0.0008	0.0007	0.0000	0.0001	0.0000	0.0001	0.0438	0.0385	0.0053	0.0111	0.0103	0.0008	0.0327	0.0281	0.0045	0.0377	0.0237	0.0141	0.0114	0.0110	0.0004	0.0263	0.0127	0.0137	480.4229	173.0892	7406.8716	5.6637	5.0728	56.7791	3866.1042	9505.1878	8908.5324	0.0226	0.0320	0.0066	0.0660	0.0679	0.0136	0.0037	0.0008	0.0064
65	87	0.0462	3	0	1	0	0	0	0	0	0	N	N	N	N	N	N	N	N	N	N	N	N	0.1612	0.0563	1.4578	0.0428	0.0445	0.5950	0.2674	0.0531	2.3202	0.1976	0.0966	0.8217	0.1220	0.1278	0.0698	0.2309	0.0819	1.0327	1.2260	1.7148	0.5636	2.8514	2.8683	0.1173	0.8636	1.5435	0.4451	1.3758	0.0544	0.0035	-0.1501	1.7566	4.7288	2.8742	9.8540	0.0121	0.0051	0.0070	0.0023	0.0022	0.0001	0.0098	0.0029	0.0069	0.2603	0.2468	0.0134	0.2427	0.2426	0.0000	0.0176	0.0042	0.0134	0.0614	0.0528	0.0085	0.0188	0.0169	0.0019	0.0426	0.0359	0.0067	0.3147	0.1685	0.1462	0.1389	0.1382	0.0007	0.1758	0.0303	0.1455	0.2389	0.0660	8.9492	0.0698	0.0728	0.9744	2.3057	0.5859	11.2362	0.8270	1.4649	0.0918	1.7468	1.7549	0.0717	0.1002	0.1399	0.0919
65	88	0.0224	2	0	1	0	0	0	0	0	0	N	N	N	N	N	N	N	N	N	N	N	N	10.4419	0.0290	29.6289	0.0948	0.0919	0.0752	10.5790	0.0328	29.4499	12.6694	0.0422	100.5955	0.2159	0.2079	0.7188	13.9565	0.0226	101.7737	1.2133	1.4528	3.3952	2.2787	2.2618	9.5530	1.3193	0.6894	3.4558	342.5255	1.0406	0.6779	-0.0291	1.7566	8.6320	2.8742	7.0881	0.9549	0.0028	0.9521	0.0015	0.0014	0.0001	0.9533	0.0013	0.9520	0.2454	0.1203	0.1251	0.1203	0.1198	0.0005	0.1251	0.0004	0.1246	0.0754	0.0659	0.0095	0.0071	0.0069	0.0001	0.0683	0.0590	0.0094	0.3133	0.1661	0.1472	0.1355	0.1351	0.0004	0.1778	0.0310	0.1468	16.1746	0.0583	118.3116	0.2431	0.2344	0.5710	19.8414	1.5820	119.8594	0.7833	0.7239	0.8503	0.8881	0.8870	1.2590	0.7034	0.0143	0.8491
65	89	0.0902	4	0	2	0	0	0	0	0	0	N	Y	N	N	N	N	N	N	N	N	N	N	0.0222	0.0370	0.0103	0.0879	0.0776	23.0762	0.0173	0.0836	0.0041	0.0153	0.0158	0.0119	0.0203	0.0173	0.0592	0.0139	0.0153	0.0043	0.6915	0.4272	1.1551	0.2312	0.2225	0.0026	0.8039	0.1836	1.0339	0.1021	3.8445	-0.0004	0.0013	1.7566	15.4622	2.8742	5.2688	0.0022	0.0020	0.0002	0.0007	0.0005	0.0001	0.0016	0.0015	0.0001	0.0079	0.0016	0.0063	0.0015	0.0015	0.0000	0.0064	0.0001	0.0063	0.1463	0.1288	0.0175	0.0333	0.0308	0.0024	0.1130	0.0980	0.0150	0.1049	0.0630	0.0419	0.0281	0.0275	0.0006	0.0769	0.0355	0.0413	0.2028	0.6081	0.0793	0.3680	0.3067	23.0762	0.1670	6.0229	0.0281	0.0756	0.0260	0.1504	0.0552	0.0563	0.0026	0.0831	0.0025	0.1523
65	90	0.0784	3	0	1	0	0	0	0	0	0	N	N	N	N	N	N	N	N	N	N	N	N	0.1139	0.0717	1.1026	0.2177	0.1552	13.3198	0.0938	0.0478	0.9247	0.0746	0.0523	0.2441	0.1544	0.1071	1.3004	0.0519	0.0350	0.1579	0.6549	0.7297	0.2214	0.7089	0.6900	0.0976	0.5534	0.7330	0.1707	0.6118	0.4829	0.0005	-0.0011	1.7566	7.5917	2.8742	1.5198	0.0058	0.0036	0.0022	0.0027	0.0018	0.0009	0.0032	0.0018	0.0013	0.0037	0.0025	0.0012	0.0022	0.0022	0.0001	0.0014	0.0003	0.0011	0.0785	0.0694	0.0091	0.0173	0.0167	0.0007	0.0611	0.0527	0.0084	0.0555	0.0338	0.0217	0.0172	0.0163	0.0009	0.0383	0.0176	0.0208	1.1333	0.7188	4.4503	1.1937	0.8046	21.3648	1.3914	2.0767	2.8913	0.0658	0.0728	0.0549	0.1293	0.1331	0.0609	0.0373	0.0169	0.0546
65	91	0.1876	7	1	1	1	0	0	0	0	0	N	N	N	N	N	N	N	N	N	N	N	N	1930.3140	1416.1172	2338.5125	2314.1275	0.0042	0.0048	0.0000	0.0182	0.0189	0.0000	0.0000	0.0000	0.0000	0.0000	0.0000	0.0000	0.0000	0.0000	0.0000	0.0000	0.0000	0.0000	0.0000	0.0000	-0.0000	-0.0000	1.7566	3.0317	2.8742	0.1644	0.0001	0.0001	0.0000	0.0001	0.0001	0.0000	0.0000	0.0000	0.0000	0.0000	0.0000	0.0000	0.0000	0.0000	0.0000	0.0000	0.0000	0.0000	0.0259	0.0230	0.0030	0.0060	0.0058	0.0002	0.0199	0.0172	0.0027	0.0148	0.0096	0.0052	0.0042	0.0040	0.0002	0.0106	0.0056	0.0050	1930.3140	1416.1172	0.0000	2338.5125	2314.1275	0.0000	0.0000	0.0000	0.0000	0.0000	0.0000	0.0000	0.0000	0.0000	0.0000	0.0000	0.0000	0.0000					
65	92	0.1819	6	1	1	1	0	0	0	0	0	N	N	N	N	N	N	N	N	N	N	N	N	0.0025	0.0329	0.0002	0.0221	0.0316	0.0008	0.0003	0.0025	0.0000	0.0000	0.0000	0.0000	0.0000	0.0000	0.0000	0.0000	0.0000	0.0000	0.0031	0.0003	0.0038	0.0007	0.0005	0.0051	0.0063	0.0010	0.0034	0.0112	7.9797	-0.0000	0.0000	1.7566	2.6632	2.8742	1.0147	0.0000	0.0000	0.0000	0.0000	0.0000	0.0000	0.0000	0.0000	0.0000	0.0000	0.0000	0.0000	0.0000	0.0000	0.0000	0.0000	0.0000	0.0000	0.0314	0.0283	0.0030	0.0126	0.0120	0.0006	0.0188	0.0163	0.0025	0.0175	0.0115	0.0061	0.0050	0.0048	0.0002	0.0125	0.0067	0.0058	0.0058	0.0374	0.0003	0.0221	0.0316	0.0008	0.0014	0.2546	0.0000	0.0013	0.0002	0.0034	0.0007	0.0005	0.0051	0.0016	0.0000	0.0034
65	93	0.0986	5	1	1	1	0	0	0	0	0	N	N	N	N	N	N	N	N	N	N	N	N	0.0719	0.0715	0.0634	7.7557	7.0937	79.0819	0.0024	0.0010	0.0141	0.0152	0.0168	0.0024	0.0679	0.0690	0.0330	0.0007	0.0008	0.0005	0.2116	0.2351	0.0378	0.0088	0.0097	0.0004	0.3058	0.7895	0.0356	0.0176	0.6938	-0.0013	-0.0007	1.7566	35.0787	2.8742	12.2568	0.0046	0.0046	0.0001	0.0045	0.0044	0.0001	0.0002	0.0002	0.0000	0.0032	0.0019	0.0013	0.0003	0.0003	0.0000	0.0029	0.0016	0.0013	0.3050	0.2715	0.0336	0.0657	0.0638	0.0020	0.2393	0.2077	0.0316	0.2016	0.1288	0.0728	0.0537	0.0512	0.0025	0.1479	0.0776	0.0703	0.9455	1.1296	0.1313	10.5683	10.2662	79.0819	0.0379	0.0385	0.0265	0.0161	0.0149	0.0183	0.0064	0.0067	0.0004	0.0196	0.0203	0.0189
65	94	0.0851	4	1	1	0	0	0	0	0	0	N	N	N	N	N	N	N	N	N	N	N	N	0.1120	0.1684	0.0360	0.4181	0.4152	67.7790	0.0642	0.2306	0.0351	0.0823	0.0855	0.0540	0.1594	0.1599	0.1375	0.0546	0.0555	0.0489	0.7351	0.5081	1.5011	0.3812	0.3850	0.0020	0.8516	0.2408	1.3930	0.0719	3.1502	-0.0018	0.0006	1.7566	8.4810	2.8742	2.3446	0.0080	0.0075	0.0005	0.0041	0.0040	0.0001	0.0039	0.0034	0.0005	0.0048	0.0012	0.0036	0.0011	0.0011	0.0000	0.0037	0.0001	0.0036	0.0971	0.0872	0.0099	0.0257	0.0251	0.0006	0.0714	0.0621	0.0094	0.0525	0.0336	0.0189	0.0142	0.0136	0.0006	0.0383	0.0200	0.0182	0.9030	2.4950	0.2805	2.0752	1.9924	67.7790	0.5664	17.3655	0.2454	0.0912	0.0343	0.1926	0.0768	0.0802	0.0020	0.0965	0.0032	0.1991
65	95	0.0224	2	0	2	0	1	0	0	0	0	N	Y	N	N	N	N	N	N	N	N	N	N	0.4534	0.3716	0.0804	0.0486	0.0487	0.0352	0.8299	1.0606	0.1050	0.5243	0.5935	0.0323	0.1362	0.1383	0.0003	0.5641	0.6466	0.0327	1.1563	1.5969	0.4022	2.8039	2.8387	0.0084	0.6797	0.6096	0.3115	0.0077	0.0569	-0.0294	-0.1517	1.7566	24.0032	2.8742	22.6134	0.1053	0.1045	0.0008	0.0025	0.0025	0.0000	0.1028	0.1020	0.0008	0.2640	0.2498	0.0142	0.2490	0.2489	0.0000	0.0151	0.0008	0.0142	0.2009	0.1761	0.0248	0.0187	0.0184	0.0003	0.1822	0.1577	0.0245	0.4187	0.2314	0.1874	0.1507	0.1498	0.0009	0.2681	0.0816	0.1865	0.8316	0.5497	0.4259	0.0825	0.0832	0.0352	10.0441	63.0172	0.4290	0.6305	1.0796	0.0759	1.6521	1.6618	0.0084	0.0562	0.0103	0.0762
65	96	0.4398	6	0	2	0	0	0	0	0	0	N	Y	N	N	N	N	N	N	N	N	N	N	0.0382	0.0215	0.0622	0.0319	0.0329	10.3389	0.0275	0.0067	0.0727	0.0598	0.0491	0.1513	0.1157	0.1198	0.0360	0.0312	0.0095	0.1728	1.5639	2.2866	2.4333	3.6251	3.6387	0.0035	1.1333	1.4155	2.3770	0.3599	0.1180	-0.0002	-0.2717	1.7566	18.5150	2.8742	10.2301	0.0096	0.0070	0.0025	0.0063	0.0062	0.0001	0.0033	0.0009	0.0024	0.5196	0.4648	0.0548	0.4603	0.4603	0.0000	0.0593	0.0045	0.0548	0.1600	0.1432	0.0167	0.0540	0.0514	0.0026	0.1059	0.0918	0.0141	0.3519	0.2033	0.1487	0.1657	0.1595	0.0063	0.1862	0.0438	0.1424	0.0405	0.0215	0.4101	0.0417	0.0415	10.3389	0.0980	0.0923	0.4488	1.4764	2.2866	0.3689	2.7775	2.8865	0.0035	0.3186	0.1029	0.3849
65	97	0.0515	3	0	2	0	0	0	0	0	0	N	Y	N	N	N	N	N	N	N	N	N	N	4.2668	0.8699	18.6008	0.3651	0.4446	0.1430	4.2066	5.1678	21.3195	2.8876	0.3228	21.9026	0.1065	0.1063	0.1204	3.2291	0.3529	22.2769	0.6768	0.3711	1.1775	0.2918	0.2390	0.8419	0.7676	0.0683	1.0449	9.1511	4.0886	0.6529	0.0038	1.7566	46.1140	2.8742	26.4917	1.0628	0.1047	0.9581	0.0043	0.0042	0.0001	1.0585	0.1005	0.9580	0.0215	0.0042	0.0173	0.0045	0.0040	0.0004	0.0170	0.0002	0.0168	0.3680	0.3243	0.0437	0.0403	0.0395	0.0007	0.3278	0.2848	0.0430	0.3014	0.1904	0.1110	0.0706	0.0690	0.0016	0.2307	0.1213	0.1094	40.5207	14.5600	140.9217	1.6861	1.8149	0.4627	43.7920	238.8656	144.7770	0.0713	0.0222	0.1554	0.0632	0.0585	0.2603	0.0737	0.0015	0.1539
65	98	0.4927	8	0	2	0	0	0	0	0	0	N	Y	N	N	N	N	N	N	N	N	N	N	0.0558	0.0470	0.0059	0.1285	0.1297	0.0009	0.7596	1.3296	0.0082	0.0186	0.0206	0.0001	0.0289	0.0300	0.0000	0.0131	0.0150	0.0001	0.3330	0.4377	0.0144	0.2251	0.2314	0.0039	0.0172	0.0113	0.0119	0.0004	0.0968	-0.0009	-0.0013	1.7566	20.7840	2.8742	8.9470	0.0031	0.0031	0.0000	0.0017	0.0017	0.0000	0.0014	0.0014	0.0000	0.0025	0.0023	0.0002	0.0023	0.0023	0.0000	0.0002	0.0000	0.0002	0.1685	0.1521	0.0164	0.0583	0.0562	0.0021	0.1101	0.0959	0.0143	0.1124	0.0849	0.0275	0.0418	0.0392	0.0026	0.0706	0.0458	0.0248	0.8372	0.7683	0.0106	0.5346	0.5223	0.0009	4.0182	34.3417	0.0115	0.0222	0.0268	0.0080	0.0541	0.0575	0.0039	0.0033	0.0004	0.0084
65	99	0.4878	7	0	1	0	0	0	0	0	0	N	N	N	N	N	N	N	N	N	N	N	N	0.0513	0.0342	0.2142	1.2979	1.3029	0.4998	0.0013	0.0000	0.2830	0.0109	0.0118	0.0030	0.0185	0.0195	0.0028	0.0004	0.0000	0.0031	0.2132	0.3445	0.0138	0.0142	0.0149	0.0056	0.3409	0.9500	0.0108	0.0262	0.1877	-0.0002	-0.0002	1.7566	2.7834	2.8742	1.0450	0.0006	0.0006	0.0000	0.0006	0.0006	0.0000	0.0000	0.0000	0.0000	0.0004	0.0003	0.0001	0.0001	0.0001	0.0000	0.0003	0.0002	0.0001	0.0577	0.0522	0.0054	0.0336	0.0316	0.0020	0.0241	0.0207	0.0034	0.0221	0.0149	0.0073	0.0089	0.0085	0.0003	0.0133	0.0063	0.0069	0.6775	0.5813	0.3815	2.0008	2.0761	0.4998	0.0216	0.0003	0.3894	0.0161	0.0202	0.0078	0.0092	0.0094	0.0056	0.0208	0.0349	0.0079
65	100	0.4777	6	0	1	0	0	0	0	0	0	N	N	N	N	N	N	N	N	N	N	N	N	0.0110	0.0130	0.1073	0.1058	0.0736	4.5635	0.0069	0.0109	0.0443	0.0031	0.0025	0.0081	0.0038	0.0028	0.0178	0.0023	0.0022	0.0029	0.2786	0.1927	0.0754	0.0359	0.0383	0.0039	0.3271	0.1968	0.0663	0.3534	1.2967	-0.0000	-0.0001	1.7566	7.6044	2.8742	2.7972	0.0004	0.0003	0.0001	0.0002	0.0002	0.0001	0.0001	0.0001	0.0000	0.0016	0.0007	0.0009	0.0006	0.0006	0.0000	0.0009	0.0000	0.0009	0.1150	0.1036	0.0114	0.0601	0.0562	0.0039	0.0549	0.0474	0.0074	0.0824	0.0526	0.0298	0.0364	0.0350	0.0014	0.0460	0.0177	0.0283	0.1594	0.1918	0.2695	0.2134	0.1532	4.5635	0.1111	0.8029	0.0936	0.0192	0.0131	0.0300	0.0178	0.0184	0.0039	0.0203	0.0027	0.0313
65	101	0.4282	5	0	1	0	0	0	0	0	0	N	N	N	N	N	N	N	N	N	N	N	N	0.6835	0.4940	0.5776	1.1438	0.9728	296.5430	0.0028	0.0049	0.0029	0.6952	0.6097	1.4293	2.0556	1.6965	9.2460	0.0029	0.0023	0.0071	1.0170	1.2342	2.4745	1.7972	1.7439	0.0312	1.0577	0.4711	2.4915	0.2727	0.6478	-0.0083	-0.0134	1.7566	18.4780	2.8742	12.4520	0.1136	0.0892	0.0243	0.1132	0.0890	0.0242	0.0003	0.0002	0.0001	0.0571	0.0347	0.0225	0.0345	0.0344	0.0001	0.0227	0.0003	0.0224	0.1633	0.1463	0.0170	0.0551	0.0525	0.0026	0.1083	0.0939	0.0144	0.1688	0.1114	0.0574	0.0700	0.0664	0.0036	0.0989	0.0451	0.0538	2.0540	1.9598	3.6510	4.1731	3.2766	339.9332	0.0128	0.3352	0.0171	0.3384	0.3111	0.3915	0.4926	0.5178	0.0272	0.2294	0.0069	0.4158
65	102	0.1364	5	0	2	0	0	0	0	0	0	N	Y	N	N	N	N	N	N	N	N	N	N	0.4780	1.0852	0.0077	2.9468	3.0514	0.4713	0.0399	0.0979	0.0073	0.9365	1.0356	0.0745	2.9071	2.9994	0.0181	0.1134	0.1185	0.0800	1.9593	0.9543	9.6995	0.9865	0.9830	0.0384	2.8415	1.2108	10.9005	0.0083	21.8454	-0.0995	0.2055	1.7566	34.1922	2.8742	22.4626	0.3569	0.3540	0.0029	0.3264	0.3263	0.0001	0.0305	0.0276	0.0029	0.6269	0.0274	0.5995	0.0208	0.0207	0.0001	0.6061	0.0068	0.5993	0.3811	0.3418	0.0393	0.1123	0.1088	0.0035	0.2688	0.2330	0.0358	0.3200	0.2033	0.1167	0.1067	0.1022	0.0045	0.2133	0.1011	0.1122	0.4780	7.6713	0.0145	14.8830	14.8116	0.5547	0.0399	1.7752	0.0150	1.9593	0.1350	5.1371	0.1953	0.2025	0.0326	2.8415	0.0668	5.3419
65	103	0.0885	4	0	2	0	0	0	0	0	0	N	Y	N	N	N	N	N	N	N	N	N	N	0.5313	0.6294	0.0539	1.2191	1.2220	3.2398	0.1062	0.3084	0.0131	1.6968	1.8682	0.3624	6.5179	6.6379	3.5099	0.2316	0.2534	0.0940	3.1936	2.9682	6.7203	5.3467	5.4320	1.0834	2.1808	0.8217	7.1528	0.0249	0.8622	-0.1018	-0.1143	1.7566	22.5884	2.8742	11.0115	0.3874	0.3780	0.0094	0.3469	0.3397	0.0072	0.0406	0.0383	0.0023	0.6914	0.3713	0.3201	0.3703	0.3699	0.0004	0.3211	0.0013	0.3197	0.2283	0.2023	0.0260	0.0532	0.0512	0.0020	0.1751	0.1512	0.0239	0.2165	0.1251	0.0914	0.0693	0.0681	0.0012	0.1472	0.0570	0.0903	0.5313	0.6294	0.1035	1.2191	1.2220	11.1769	0.1062	10.7534	0.0265	3.1936	2.9682	3.5021	5.3467	5.4320	0.3140	2.1808	0.0236	3.5429
65	104	0.0585	3	0	1	0	0	0	0	0	0	N	N	N	N	N	N	N	N	N	N	N	N	2.6842	2.4185	0.2630	5.0799	5.3730	24.7760	0.5816	0.7093	0.0516	2.7833	3.0636	0.6658	9.7766	9.9952	5.5702	0.6429	0.7253	0.1266	1.0369	1.2667	2.5314	1.9246	1.8602	0.2248	1.1054	1.0225	2.4525	0.0288	0.8986	-0.0896	-0.0090	1.7566	11.8100	2.8742	8.7888	0.3455	0.3359	0.0097	0.2844	0.2764	0.0080	0.0611	0.0595	0.0017	0.0577	0.0304	0.0273	0.0289	0.0288	0.0001	0.0289	0.0016	0.0273	0.1241	0.1096	0.0145	0.0291	0.0277	0.0014	0.0951	0.0820	0.0131	0.1550	0.0872	0.0678	0.0513	0.0508	0.0005	0.1037	0.0364	0.0673	7.4707	8.7862	1.6508	17.3800	17.6288	50.2072	2.3083	16.4911	0.3121	0.3726	0.3487	0.4033	0.5625	0.5670	0.1109	0.2785	0.0440	0.4055
65	105	0.0224	2	0	1	0	0	0	0	0	0	N	N	N	N	N	N	N	N	N	N	N	N	2.8817	3.4193	0.2020	0.2269	0.2335	0.1025	2.5979	5.1724	0.2000	3.2737	3.6358	0.7303	0.2678	0.2694	0.1698	3.5832	4.0308	0.7369	1.1360	1.0633	3.6156	1.1804	1.1538	1.6565	1.3793	0.7793	3.6849	0.0286	4.6289	-0.1074	0.0384	1.7566	14.7392	2.8742	7.3617	0.4142	0.4026	0.0115	0.0032	0.0031	0.0000	0.4110	0.3995	0.0115	0.1979	0.0351	0.1627	0.0345	0.0343	0.0002	0.1633	0.0008	0.1625	0.1265	0.1107	0.0158	0.0118	0.0116	0.0002	0.1147	0.0991	0.0156	0.3369	0.1807	0.1562	0.1391	0.1386	0.0005	0.1978	0.0421	0.1557	5.5743	18.6875	0.7013	1.0787	1.0879	0.3910	4.3398	202.9056	0.7062	0.5873	0.1946	1.0414	0.2483	0.2476	0.4343	0.8257	0.0199	1.0434
65	106	0.0951	5	0	2	0	0	0	0	0	0	N	Y	N	N	N	N	N	N	N	N	N	N	3.4570	33.8090	1.6306	2.6888	2.6488	30.0186	1.8622	7.4267	1.6877	0.0070	0.0074	0.0039	0.0013	0.0013	0.0002	0.0087	0.0093	0.0042	0.0020	0.0002	0.0024	0.0005	0.0005	0.0000	0.0046	0.0013	0.0025	0.0654	6.5949	-0.0003	0.0000	1.7566	20.0414	2.8742	7.0324	0.0012	0.0012	0.0001	0.0001	0.0001	0.0000	0.0012	0.0011	0.0001	0.0001	0.0000	0.0001	0.0000	0.0000	0.0000	0.0001	0.0000	0.0001	0.1767	0.1571	0.0196	0.0392	0.0379	0.0013	0.1375	0.1193	0.0183	0.1193	0.0763	0.0431	0.0309	0.0296	0.0013	0.0884	0.0467	0.0417	7.0847	36.3000	1.6306	2.6888	2.6488	30.0186	7.3963	548.7760	1.6877	0.0010	0.0002	0.0024	0.0005	0.0005	0.0000	0.0012	0.0000	0.0025
65	107	0.0851	4	0	1	0	0	0	0	0	0	N	N	N	N	N	N	N	N	N	N	N	N	7.4117	17.3205	9.5197	2.8915	2.6597	45.4898	8.8442	16.0322	10.8748	1.1583	1.2338	0.4762	0.0976	0.0992	0.0267	1.5718	1.7313	0.5052	0.1563	0.0712	0.0500	0.0338	0.0373	0.0006	0.1777	0.1080	0.0465	0.0427	1.5174	-0.0243	-0.0000	1.7566	7.0315	2.8742	1.2144	0.0989	0.0948	0.0041	0.0023	0.0023	0.0000	0.0966	0.0925	0.0040	0.0006	0.0002	0.0003	0.0002	0.0002	0.0000	0.0004	0.0000	0.0003	0.0854	0.0769	0.0085	0.0239	0.0234	0.0005	0.0614	0.0534	0.0080	0.0408	0.0262	0.0146	0.0112	0.0107	0.0005	0.0296	0.0155	0.0141	84.1868	144.9149	20.5620	5.6440	5.4875	45.4898	126.5714	910.6879	21.0865	0.0138	0.0085	0.0232	0.0173	0.0181	0.0006	0.0124	0.0019	0.0240
65	108	0.0515	3	0	1	0	0	0	0	0	0	N	N	N	N	N	N	N	N	N	N	N	N	0.0389	0.0279	0.0348	0.0420	0.0434	0.0637	0.0335	0.0172	0.0374	0.0384	0.0346	0.0666	0.0379	0.0382	0.0213	0.0385	0.0340	0.0674	0.9884	1.2374	1.9175	0.9025	0.8805	0.3341	1.1503	1.9709	1.8049	0.2657	0.4913	-0.0004	-0.0095	1.7566	16.2725	2.8742	4.4748	0.0056	0.0044	0.0012	0.0007	0.0007	0.0000	0.0049	0.0037	0.0012	0.0318	0.0213	0.0105	0.0049	0.0048	0.0001	0.0269	0.0165	0.0104	0.1457	0.1280	0.0176	0.0181	0.0178	0.0003	0.1276	0.1103	0.0173	0.1079	0.0680	0.0399	0.0284	0.0279	0.0006	0.0794	0.0401	0.0393	0.1302	0.1100	0.2535	0.2206	0.2215	0.1467	0.1135	0.0824	0.2548	0.2951	0.3141	0.2629	0.1720	0.1725	0.1450	0.3392	0.4124	0.2646
65	109	0.1043	4	0	2	0	0	0	0	0	0	N	Y	N	N	N	N	N	N	N	N	N	N	4.8901	66.9166	0.5276	332.9396	341.2030	1.9003	0.1064	8.3624	0.6186	1.4299	1.6178	0.0674	7.2581	7.5329	0.0369	0.0386	0.0336	0.0693	0.2924	0.0242	0.1278	0.0218	0.0221	0.0194	0.3632	0.0040	0.1120	0.0057	5.3279	-0.1379	0.0010	1.7566	40.5309	2.8742	14.7974	0.4899	0.4871	0.0028	0.4792	0.4792	0.0001	0.0107	0.0080	0.0027	0.0048	0.0008	0.0040	0.0008	0.0007	0.0000	0.0040	0.0000	0.0040	0.3426	0.3011	0.0415	0.0660	0.0636	0.0024	0.2766	0.2375	0.0391	0.2431	0.1446	0.0985	0.0614	0.0599	0.0015	0.1817	0.0847	0.0970	72.2638	307.7276	1.6396	573.3438	603.1499	1.9003	1.7405	241.3230	1.6718	0.0198	0.0053	0.0411	0.0127	0.0125	0.0194	0.0222	0.0001	0.0415
65	110	0.0784	3	0	2	0	0	0	0	0	0	N	Y	N	N	N	N	N	N	N	N	N	N	2.7259	2.3294	3.4311	4.8980	5.1709	2.5927	1.9422	2.1533	3.8446	2.3437	1.7425	6.8774	4.3200	4.4446	1.1404	1.8834	1.0418	7.2489	0.8598	0.7480	2.0044	0.8820	0.8595	0.4398	0.9697	0.4838	1.8855	0.5234	2.3492	0.0169	0.0011	1.7566	13.5236	2.8742	3.5331	0.2989	0.1962	0.1027	0.1041	0.1030	0.0010	0.1948	0.0932	0.1016	0.0144	0.0043	0.0101	0.0043	0.0041	0.0002	0.0101	0.0002	0.0099	0.1275	0.1126	0.0149	0.0241	0.0232	0.0009	0.1034	0.0894	0.0140	0.0915	0.0548	0.0367	0.0256	0.0245	0.0011	0.0659	0.0303	0.0357	14.9163	22.2394	25.0387	25.9210	26.6971	6.6747	12.2754	147.4910	26.0990	0.1571	0.0784	0.2747	0.1667	0.1665	0.1709	0.1534	0.0071	0.2777
65	111	0.0224	2	0	1	0	0	0	0	0	0	N	N	N	N	N	N	N	N	N	N	N	N	2.9853	1.9079	4.0665	0.3540	0.3320	1.4150	2.7077	4.4525	4.0454	3.3195	1.7222	14.5708	0.3083	0.2761	2.3659	3.6292	1.8916	14.7133	1.1119	0.9027	3.5831	0.8707	0.8318	1.6721	1.3403	0.4248	3.6370	1.2011	7.2942	0.1240	0.0495	1.7566	16.9399	2.8742	15.9768	0.4797	0.2180	0.2618	0.0042	0.0037	0.0005	0.4756	0.2143	0.2613	0.1971	0.0238	0.1733	0.0237	0.0234	0.0003	0.1734	0.0004	0.1730	0.1445	0.1266	0.0180	0.0135	0.0133	0.0002	0.1310	0.1133	0.0178	0.3747	0.2040	0.1707	0.1446	0.1439	0.0007	0.2300	0.0601	0.1700	6.3112	14.7878	14.3485	1.8816	1.6987	5.4460	4.8155	314.7941	14.4555	0.5260	0.1165	1.0155	0.1638	0.1626	0.4344	0.7536	0.0060	1.0178
65	112	0.1268	6	1	2	0	1	0	0	0	0	N	Y	N	N	N	N	N	N	N	N	N	N	0.1152	0.0966	790.5058	0.1759	0.1642	0.1416	0.0889	785.0901	0.1011	0.1109	0.0348	0.0157	0.0158	0.0000	0.1499	0.1778	0.0360	0.8775	1.1490	0.0000	0.0890	0.0964	0.0000	1.0588	2.0012	0.0000	0.0467	0.0001	-0.0000	-0.0010	1.7566	0.0019	2.8742	1.9928	0.0000	0.0000	0.0000	0.0000	0.0000	0.0000	0.0000	0.0000	0.0000	0.0017	0.0017	0.0000	0.0001	0.0001	0.0000	0.0016	0.0016	0.0000	0.0000	0.0000	0.0000	0.0000	0.0000	0.0000	0.0000	0.0000	0.0000	0.0097	0.0065	0.0032	0.0030	0.0028	0.0001	0.0067	0.0036	0.0031	0.5932	0.4341	790.5058	0.4637	0.4487	0.0000	0.6509	0.4163	785.0901	0.1704	0.2556	0.0000	0.0338	0.0353	0.0000	0.2303	0.4272	0.0000	
65	113	0.1032	5	1	2	0	1	0	0	0	0	N	Y	N	N	N	N	N	N	N	N	N	N	2.9953	2.7587	8.1421	0.6933	0.7041	36.0016	9.0637	48.6948	9.1822	1.2408	1.3660	0.4007	0.2518	0.2567	0.0290	1.4640	1.6557	0.4123	0.4142	0.4951	0.0492	0.3632	0.3646	0.0008	0.1615	0.0340	0.0449	0.0437	0.3887	-0.0258	-0.0007	1.7566	8.6942	2.8742	6.0502	0.1052	0.1008	0.0044	0.0039	0.0039	0.0000	0.1013	0.0969	0.0044	0.0021	0.0015	0.0006	0.0015	0.0015	0.0000	0.0006	0.0000	0.0006	0.0848	0.0738	0.0110	0.0156	0.0153	0.0003	0.0692	0.0585	0.0107	0.0710	0.0459	0.0251	0.0197	0.0190	0.0007	0.0512	0.0269	0.0244	42.6288	42.1149	17.3981	3.4002	3.3400	36.0016	124.2291	1699.6554	17.4043	0.0291	0.0324	0.0230	0.0741	0.0769	0.0008	0.0118	0.0010	0.0237
65	114	0.1243	9	0	2	0	1	0	0	0	0	N	Y	N	N	N	N	N	N	N	N	N	N	0.0000	0.0000	0.0000	0.0000	0.0000	0.0000	0.0000	0.0000	0.0000	0.0000	0.0000	0.0000	0.0000	0.0000	0.0000	0.0000	0.5858	0.7305	0.0603	0.4733	0.4568	0.0000	0.3564	0.0000	0.0513	0.3031	0.0000	-0.0000	1.7566	0.0001	2.8742	0.0001	0.0000	0.0000	0.0000	0.0000	0.0000	0.0000	0.0000	0.0000	0.0000	0.0000	0.0000	0.0000	0.0000	0.0000	0.0000	0.0000	0.0000	0.0000	0.0000	0.0000	0.0000	0.0000	0.0000	0.0000	0.0000	0.0000	0.0000	0.0000	0.0000	0.0000	0.0000	0.0000	0.0000	0.0000	0.0000	0.0000	0.0000	0.0000	0.0000	0.0000	0.0000	0.0000	0.0000	0.0000	0.0000	0.0516	0.0732	0.0261	0.0891	0.0897	0.0000	0.0216	0.0000	0.0263			
65	115	0.1176	8	0	2	0	1	0	0	0	0	N	Y	N	N	N	N	N	N	N	N	N	N	0.0000	0.0000	0.0000	0.0000	0.0000	0.0000	0.0000	0.0000	0.0000	0.0000	0.0000	0.0000	0.0000	0.0000	0.0000	0.0000	0.7542	0.9109	0.3118	1.2447	1.2656	0.0000	0.5039	0.0000	0.2532	0.3031	0.0000	-0.0007	1.7566	3.0007	2.8742	1.0012	0.0000	0.0000	0.0000	0.0000	0.0000	0.0000	0.0000	0.0000	0.0000	0.0019	0.0014	0.0004	0.0014	0.0014	0.0000	0.0004	0.0000	0.0004	0.0263	0.0232	0.0031	0.0044	0.0042	0.0001	0.0219	0.0189	0.0030	0.0191	0.0124	0.0067	0.0054	0.0052	0.0002	0.0137	0.0072	0.0065	0.0000	0.0000	0.0000	0.0000	0.0000	0.0000	0.0000	0.0000	0.0000	0.0990	0.1170	0.0657	0.2698	0.2809	0.0000	0.0320	0.0000	0.0678			
65	116	0.1158	7	0	1	0	1	0	0	0	0	N	N	N	N	N	N	N	N	N	N	N	N	0.0000	0.0000	0.0000	0.0000	0.0000	0.0000	0.0000	0.0000	0.0000	0.0000	0.0000	0.0000	0.0000	0.0000	0.0000	0.0000	0.0001	0.0002	0.0001	0.0004	0.0004	0.0000	0.0002	0.0000	0.0001	0.3713	0.0000	-0.0000	1.7566	1.1177	2.8742	0.0023	0.0000	0.0000	0.0000	0.0000	0.0000	0.0000	0.0000	0.0000	0.0000	0.0000	0.0000	0.0000	0.0000	0.0000	0.0000	0.0000	0.0000	0.0000	0.0103	0.0091	0.0012	0.0020	0.0020	0.0001	0.0082	0.0071	0.0011	0.0054	0.0035	0.0019	0.0015	0.0015	0.0001	0.0039	0.0020	0.0018	0.0000	0.0000	0.0000	0.0000	0.0000	0.0000	0.0000	0.0000	0.0000	0.0001	0.0002	0.0001	0.0004	0.0004	0.0000	0.0001	0.0000	0.0001			
65	117	0.1128	3	0	2	0	0	0	0	0	0	N	Y	N	N	N	N	N	N	N	N	N	N	0.0069	0.0105	0.0031	0.0175	0.0131	9.9400	0.0054	0.0180	0.0012	0.0057	0.0056	0.0068	0.0073	0.0054	0.0493	0.0053	0.0057	0.0024	0.8305	0.5333	2.2010	0.4186	0.4092	0.0050	0.9732	0.3170	2.0389	0.1494	4.4682	-0.0002	0.0065	1.7566	31.2782	2.8742	23.9277	0.0016	0.0013	0.0002	0.0005	0.0003	0.0001	0.0011	0.0010	0.0001	0.0343	0.0063	0.0281	0.0059	0.0059	0.0000	0.0284	0.0004	0.0280	0.2698	0.2403	0.0295	0.0620	0.0592	0.0028	0.2078	0.1811	0.0267	0.2544	0.1627	0.0917	0.0721	0.0701	0.0020	0.1823	0.0926	0.0897	0.0426	0.1455	0.0223	0.0899	0.0640	9.9400	0.0338	1.3213	0.0077	0.1349	0.0386	0.3060	0.0817	0.0838	0.0050	0.1560	0.0043	0.3127
65	118	0.1158	7	0	1	1	1	0	0	0	0	N	N	N	N	N	N	N	N	N	N	N	N	0.0000	0.0000	0.0000	0.0000	0.0000	0.0000	0.0000	0.0000	0.0000	0.0000	0.0000	0.0000	0.0000	0.0000	0.0000	0.0000	0.0000	0.0000	0.0000	0.0000	0.0000	0.0000	0.0000	0.0000	0.0000	3.2988	0.0000	0.0000	1.7566	3.8827	2.8742	2.9998	0.0000	0.0000	0.0000	0.0000	0.0000	0.0000	0.0000	0.0000	0.0000	0.0000	0.0000	0.0000	0.0000	0.0000	0.0000	0.0000	0.0000	0.0000	0.0343	0.0303	0.0040	0.0060	0.0058	0.0002	0.0283	0.0245	0.0038	0.0325	0.0211	0.0114	0.0091	0.0087	0.0004	0.0234	0.0123	0.0110	0.0000	0.0000	0.0000	0.0000	0.0000	0.0000	0.0000	0.0000	0.0000	0.0000	0.0000	0.0000	0.0000	0.0000	0.0000	0.0000	0.0000	0.0000			
65	119	0.1129	6	0	1	0	1	0	0	0	0	N	N	N	N	N	N	N	N	N	N	N	N	0.1028	0.1441	0.4553	0.2233	0.2229	0.0416	0.4830	0.0001	0.0000	0.0005	0.0000	0.0000	0.0000	0.0001	0.0000	0.0005	0.0006	0.0001	0.0010	0.0002	0.0002	0.0000	0.0016	0.0000	0.0011	5.3135	7.5434	0.0000	0.0000	1.7566	2.8083	2.8742	0.0030	0.0000	0.0000	0.0000	0.0000	0.0000	0.0000	0.0000	0.0000	0.0000	0.0000	0.0000	0.0000	0.0000	0.0000	0.0000	0.0000	0.0000	0.0000	0.0297	0.0265	0.0032	0.0074	0.0071	0.0003	0.0223	0.0193	0.0029	0.0135	0.0088	0.0048	0.0038	0.0037	0.0001	0.0097	0.0051	0.0046	0.1467	0.1441	0.4553	0.2233	0.2229	0.0000	0.1340	0.0000	0.4830	0.0004	0.0001	0.0010	0.0002	0.0002	0.0000	0.0005	0.0000	0.0011		
65	120	0.1129	6	0	1	1	1	0	0	0	0	N	N	N	N	N	N	N	N	N	N	N	N	0.1677	0.1410	0.4889	0.3537	0.3516	0.0529	0.5018	0.0000	0.0000	0.0002	0.0000	0.0000	0.0000	0.0000	0.0000	0.0002	0.0001	0.0000	0.0003	0.0000	0.0001	0.0000	0.0004	0.0000	0.0003	5.3135	8.0192	0.0000	0.0000	1.7566	9.6158	2.8742	0.0030	0.0000	0.0000	0.0000	0.0000	0.0000	0.0000	0.0000	0.0000	0.0000	0.0000	0.0000	0.0000	0.0000	0.0000	0.0000	0.0000	0.0000	0.0000	0.0876	0.0776	0.0100	0.0166	0.0160	0.0006	0.0710	0.0616	0.0095	0.0452	0.0293	0.0160	0.0126	0.0121	0.0005	0.0326	0.0171	0.0155	0.1677	0.1751	0.4889	0.3537	0.3516	0.0000	0.1411	0.0000	0.5018	0.0001	0.0000	0.0003	0.0000	0.0001	0.0000	0.0002	0.0000	0.0003		
65	121	0.1032	5	0	1	0	1	0	0	0	0	N	N	N	N	N	N	N	N	N	N	N	N	2.6505	5.9721	8.4659	25.1722	25.0512	25.6253	0.8796	0.0009	10.7505	0.0340	0.0159	0.1467	0.0627	0.0629	0.0475	0.0259	0.0000	0.1494	0.0128	0.0027	0.0173	0.0025	0.0025	0.0019	0.0294	0.0022	0.0139	1.4785	4.5099	0.0005	0.0000	1.7566	4.2457	2.8742	2.0144	0.0016	0.0006	0.0010	0.0007	0.0006	0.0000	0.0010	0.0000	0.0010	0.0001	0.0000	0.0001	0.0000	0.0000	0.0000	0.0001	0.0000	0.0001	0.0473	0.0408	0.0065	0.0105	0.0103	0.0002	0.0368	0.0305	0.0064	0.0322	0.0209	0.0114	0.0093	0.0090	0.0003	0.0229	0.0119	0.0110	8.5671	14.3163	15.8984	25.1722	25.0512	25.6253	5.6536	0.0369	15.8328	0.0040	0.0011	0.0092	0.0025	0.0025	0.0019	0.0046	0.0001	0.0094
65	122	0.0611	4	0	1	0	1	0	0	0	0	N	N	N	N	N	N	N	N	N	N	N	N	0.0242	0.0210	0.0378	0.0721	0.0752	0.7473	0.0145	0.0092	0.0410	0.0183	0.0134	0.0517	0.0505	0.0513	0.0080	0.0120	0.0049	0.0527	0.7549	0.6386	1.3697	0.7005	0.6820	0.0107	0.8276	0.5282	1.2859	0.5585	1.8151	0.0001	0.0002	1.7566	11.9190	2.8742	13.1740	0.0021	0.0013	0.0007	0.0009	0.0009	0.0000	0.0011	0.0004	0.0007	0.0117	0.0041	0.0075	0.0038	0.0038	0.0000	0.0079	0.0004	0.0075	0.1137	0.0993	0.0144	0.0186	0.0183	0.0003	0.0951	0.0810	0.0141	0.1175	0.0744	0.0431	0.0294	0.0287	0.0007	0.0881	0.0458	0.0424	0.1842	0.2412	0.2965	0.3942	0.3907	0.7473	0.1335	0.5874	0.2973	0.0992	0.0557	0.1745	0.1281	0.1312	0.0107	0.0896	0.0083	0.1774
65	123	0.4880	8	0	1	1	1	0	0	0	0	N	N	N	N	N	N	N	N	N	N	N	N	0.1611	0.6724	0.0000	0.9063	2.7986	0.0000	0.0002	0.0001	0.0000	0.0010	0.0011	0.0000	0.0027	0.0028	0.0000	0.0000	0.0000	0.0000	0.0060	0.0016	0.0078	0.0029	0.0010	0.0488	0.0070	0.0141	0.0030	0.0000	3.2345	-0.0000	0.0000	1.7566	12.8936	2.8742	4.1514	0.0001	0.0001	0.0000	0.0001	0.0001	0.0000	0.0000	0.0000	0.0000	0.0001	0.0000	0.0001	0.0001	0.0000	0.0000	0.0001	0.0000	0.0001	0.1144	0.1030	0.0114	0.0417	0.0397	0.0019	0.0727	0.0633	0.0094	0.0624	0.0420	0.0204	0.0239	0.0226	0.0013	0.0385	0.0194	0.0191	0.4394	1.3911	0.0000	0.9063	2.7986	0.0000	0.0008	0.0030	0.0000	0.0022	0.0008	0.0052	0.0029	0.0010	0.0378	0.0018	0.0005	0.0030
65	124	0.0764	5	0	2	0	0	0	0	0	0	N	Y	N	N	N	N	N	N	N	N	N	N	0.0044	0.0017	0.5173	0.0509	0.0495	3.5191	0.0022	0.0000	0.5390	0.0040	0.0022	0.0177	0.0123	0.0124	0.0049	0.0025	0.0000	0.0181	0.9210	1.2531	0.0341	0.2407	0.2510	0.0014	1.1028	2.0812	0.0335	1.0943	0.0293	0.0001	-0.0135	1.7566	12.7386	2.8742	8.7370	0.0005	0.0002	0.0002	0.0002	0.0002	0.0000	0.0002	0.0000	0.0002	0.0226	0.0219	0.0006	0.0016	0.0016	0.0000	0.0209	0.0203	0.0006	0.1140	0.1005	0.0136	0.0180	0.0176	0.0004	0.0960	0.0828	0.0132	0.1048	0.0665	0.0383	0.0291	0.0272	0.0018	0.0758	0.0393	0.0365	0.0187	0.0066	1.0548	0.2160	0.2057	3.5191	0.0090	0.0000	1.0319	0.2153	0.3296	0.0167	0.0568	0.0604	0.0014	0.2760	0.5164	0.0175
65	125	0.0611	4	0	2	0	0	0	0	0	0	N	Y	N	N	N	N	N	N	N	N	N	N	0.0012	0.0003	0.0568	0.0240	0.0248	0.0737	0.0007	0.0000	0.0617	0.0198	0.0075	0.1030	0.0366	0.0370	0.0106	0.0162	0.0001	0.1050	16.7475	26.4149	1.8135	1.5236	1.4935	0.1444	22.6408	44.3936	1.7036	2.0241	0.0054	0.0007	-0.5389	1.7566	8.6431	2.8742	1.4782	0.0017	0.0006	0.0012	0.0006	0.0006	0.0000	0.0012	0.0000	0.0012	0.8651	0.8604	0.0047	0.0049	0.0049	0.0000	0.8601	0.8555	0.0046	0.0870	0.0758	0.0112	0.0155	0.0153	0.0002	0.0714	0.0605	0.0110	0.0517	0.0326	0.0191	0.0137	0.0133	0.0004	0.0380	0.0193	0.0187	0.0012	0.0003	0.4212	0.1011	0.1001	0.1303	0.0007	0.0000	0.4239	16.7475	26.4149	0.2446	0.3619	0.3696	0.0817	22.6408	44.3936	0.2478
65	126	0.0515	3	0	1	0	0	0	0	0	0	N	N	N	N	N	N	N	N	N	N	N	N	0.0605	0.0177	0.1297	0.0700	0.0692	6.2425	0.0476	0.0021	0.1301	0.0624	0.0200	0.3868	0.0862	0.0864	0.0730	0.0573	0.0036	0.3921	1.0315	1.1298	2.9825	1.2326	1.2488	0.0117	1.2044	1.7496	3.0136	2.5363	1.4732	0.0012	-0.0005	1.7566	4.1618	2.8742	2.0491	0.0028	0.0008	0.0020	0.0007	0.0007	0.0000	0.0021	0.0001	0.0020	0.0152	0.0062	0.0091	0.0035	0.0035	0.0000	0.0117	0.0026	0.0091	0.0447	0.0395	0.0052	0.0079	0.0078	0.0001	0.0368	0.0317	0.0051	0.0419	0.0261	0.0158	0.0131	0.0129	0.0002	0.0288	0.0132	0.0156	0.1717	0.0847	0.6728	0.3211	0.3172	6.2425	0.1410	0.0182	0.6739	0.3634	0.2356	0.5749	0.2685	0.2723	0.0117	0.4064	0.1999	0.5818
65	127	0.0224	2	0	1	0	0	0	0	0	0	N	N	N	N	N	N	N	N	N	N	N	N	0.0268	0.0085	0.0635	0.0346	0.0355	0.0555	0.0230	0.0081	0.0629	0.0638	0.0155	0.4005	0.1067	0.1083	0.0009	0.0594	0.0046	0.4052	2.3834	1.8205	6.3116	3.0829	3.0516	0.0171	2.5797	0.5684	6.4376	3.7030	1.6200	0.0026	-0.0076	1.7566	9.4810	2.8742	7.4917	0.0053	0.0011	0.0041	0.0008	0.0008	0.0000	0.0044	0.0003	0.0041	0.7579	0.2893	0.4686	0.2890	0.2890	0.0000	0.4689	0.0003	0.4686	0.0826	0.0722	0.0104	0.0077	0.0076	0.0001	0.0749	0.0646	0.0102	0.3180	0.1690	0.1490	0.1362	0.1358	0.0004	0.1818	0.0332	0.1486	0.0268	0.0091	0.1273	0.0503	0.0509	0.0555	0.0230	0.5068	0.1285	2.3834	1.7116	3.1455	2.1215	2.1283	0.0171	2.5797	0.0090	3.1546
65	128	0.5002	9	1	2	0	0	0	0	0	0	N	Y	N	N	N	N	N	N	N	N	N	N	0.1416	0.3199	0.0000	0.4660	0.4652	0.0000	0.0000	0.0000	0.0000	0.0000	0.0000	0.0000	0.0000	0.0000	0.0000	0.0000	0.0000	0.0000	0.0000	0.0000	0.0000	0.0000	0.0000	0.0000	0.0000	0.0000	1.9556	-0.0000	0.0000	1.7566	2.0107	2.8742	1.9995	0.0000	0.0000	0.0000	0.0000	0.0000	0.0000	0.0000	0.0000	0.0000	0.0000	0.0000	0.0000	0.0000	0.0000	0.0000	0.0000	0.0000	0.0000	0.0169	0.0151	0.0018	0.0061	0.0058	0.0003	0.0108	0.0094	0.0015	0.0145	0.0099	0.0046	0.0058	0.0055	0.0003	0.0087	0.0044	0.0043	0.1416	0.3199	0.0000	0.4660	0.4652	0.0000	0.0000	0.0000	0.0000	0.0000	0.0000	0.0000	0.0000	0.0000	0.0000	0.0000	0.0000	0.0000		
65	129	0.4880	8	1	2	0	0	0	0	0	0	N	Y	N	N	N	N	N	N	N	N	N	N	0.0374	0.4225	0.0000	0.1774	1.1341	0.0000	0.0000	0.0000	0.0000	0.0005	0.0006	0.0000	0.0014	0.0014	0.0000	0.0000	0.0000	0.0000	0.0144	0.0014	0.0230	0.0078	0.0013	0.1722	0.0193	0.0002	0.0092	0.0000	8.3384	-0.0000	0.0000	1.7566	5.6459	2.8742	1.1399	0.0000	0.0000	0.0000	0.0000	0.0000	0.0000	0.0000	0.0000	0.0000	0.0001	0.0000	0.0001	0.0001	0.0000	0.0000	0.0001	0.0000	0.0001	0.0557	0.0504	0.0053	0.0217	0.0208	0.0009	0.0340	0.0296	0.0044	0.0268	0.0179	0.0089	0.0104	0.0099	0.0005	0.0163	0.0080	0.0084	0.1221	0.8412	0.0000	0.2397	1.1341	0.0000	0.0000	0.0000	0.0000	0.0044	0.0007	0.0119	0.0058	0.0013	0.0902	0.0035	0.0000	0.0069
65	130	0.4577	7	0	1	0	0	0	0	0	0	N	N	N	N	N	N	N	N	N	N	N	N	0.0028	0.0039	0.0018	0.0152	0.0148	0.0366	0.0003	0.0600	0.0002	0.0026	0.0023	0.0055	0.0060	0.0050	0.0253	0.0004	0.0003	0.0007	0.9454	0.5807	2.9697	0.3969	0.3376	0.6894	1.1527	0.0051	3.0130	0.2790	7.3166	-0.0000	0.0054	1.7566	11.6079	2.8742	5.3766	0.0003	0.0002	0.0001	0.0003	0.0002	0.0001	0.0000	0.0000	0.0000	0.0214	0.0026	0.0188	0.0029	0.0026	0.0003	0.0185	0.0000	0.0185	0.1198	0.1073	0.0125	0.0476	0.0452	0.0024	0.0722	0.0621	0.0101	0.0898	0.0565	0.0333	0.0368	0.0353	0.0015	0.0530	0.0212	0.0318	0.0110	0.0501	0.0097	0.0764	0.0688	0.1109	0.0010	1.5969	0.0012	0.2383	0.0455	0.5657	0.0789	0.0727	0.2278	0.3489	0.0002	0.5814
65	131	0.4398	6	0	1	0	0	0	0	0	0	N	N	N	N	N	N	N	N	N	N	N	N	0.0082	0.0073	0.0080	0.0195	0.0190	0.0110	0.0016	0.0003	0.0042	0.0104	0.0076	0.0356	0.0228	0.0184	0.1253	0.0030	0.0002	0.0199	1.2735	1.0306	4.4513	1.1675	0.9701	11.4268	1.8098	0.7011	4.7295	0.5372	8.8909	0.0000	0.0792	1.7566	3.9355	2.8742	8.7078	0.0004	0.0003	0.0002	0.0004	0.0003	0.0001	0.0001	0.0000	0.0001	0.2928	0.0296	0.2632	0.0372	0.0292	0.0080	0.2556	0.0004	0.2552	0.0426	0.0382	0.0044	0.0160	0.0154	0.0007	0.0266	0.0229	0.0037	0.3122	0.1733	0.1389	0.1541	0.1487	0.0054	0.1581	0.0246	0.1335	0.0111	0.0442	0.0188	0.0944	0.0938	0.0852	0.0018	0.0155	0.0104	0.9380	0.1708	1.8952	0.2415	0.1967	1.4703	1.6170	0.0147	1.9124
65	132	0.4282	5	0	1	0	0	0	0	0	0	N	N	N	N	N	N	N	N	N	N	N	N	0.0058	0.0057	0.0063	0.0139	0.0093	0.1256	0.0008	0.0001	0.0019	0.0133	0.0084	0.0565	0.0315	0.0213	0.2674	0.0028	0.0002	0.0195	2.2803	1.4721	8.9771	2.2720	2.2929	2.1283	3.4735	1.9781	10.0477	0.7582	3.7998	0.0001	0.0365	1.7566	6.2657	2.8742	3.9760	0.0009	0.0005	0.0004	0.0008	0.0005	0.0003	0.0001	0.0000	0.0001	0.2233	0.0465	0.1768	0.0401	0.0390	0.0011	0.1832	0.0076	0.1756	0.0659	0.0592	0.0067	0.0241	0.0231	0.0010	0.0418	0.0361	0.0057	0.0979	0.0611	0.0368	0.0452	0.0429	0.0023	0.0527	0.0182	0.0345	0.0058	0.0111	0.0118	0.0355	0.0235	0.5315	0.0008	0.0005	0.0038	2.2803	0.7613	4.8013	0.8877	0.9081	0.5031	3.4735	0.4152	5.0845
65	133	0.3509	4	0	1	0	0	0	0	0	0	N	N	N	N	N	N	N	N	N	N	N	N	0.0154	0.0053	0.0390	0.0129	0.0098	2.5997	0.0130	0.0017	0.0404	0.0144	0.0054	0.0909	0.0166	0.0127	0.0978	0.0133	0.0016	0.0897	0.9312	1.0229	2.3283	1.2861	1.2948	0.0376	1.0260	0.9214	2.2215	1.9875	0.9390	0.0013	-0.0070	1.7566	26.7012	2.8742	18.2690	0.0034	0.0011	0.0023	0.0013	0.0009	0.0003	0.0022	0.0002	0.0019	0.0483	0.0249	0.0234	0.0228	0.0227	0.0001	0.0255	0.0022	0.0233	0.2375	0.2125	0.0250	0.0761	0.0725	0.0035	0.1615	0.1400	0.0215	0.2177	0.1474	0.0703	0.0819	0.0783	0.0036	0.1359	0.0692	0.0667	0.0648	0.0318	0.2732	0.0595	0.0436	3.0692	0.0711	0.0503	0.2572	0.2218	0.1690	0.3326	0.2787	0.2901	0.0319	0.1875	0.0319	0.3489
65	134	0.1128	3	0	1	0	0	0	0	0	0	N	N	N	N	N	N	N	N	N	N	N	N	2.3801	0.0094	9.1502	0.0167	0.0157	0.1025	2.7033	0.0068	10.7301	2.0231	0.0068	18.5056	0.0145	0.0133	0.0378	2.5672	0.0049	20.3184	0.8500	0.7281	2.0224	0.8677	0.8483	0.3683	0.9496	0.7206	1.8936	332.4921	2.1475	0.6783	0.0033	1.7566	61.4372	2.8742	55.8589	0.9556	0.0029	0.9527	0.0015	0.0013	0.0002	0.9541	0.0016	0.9526	0.0616	0.0196	0.0420	0.0174	0.0169	0.0005	0.0442	0.0026	0.0416	0.4723	0.4208	0.0515	0.1007	0.0961	0.0046	0.3717	0.3248	0.0469	0.4221	0.2704	0.1517	0.1062	0.1032	0.0030	0.3159	0.1671	0.1488	13.8651	0.0941	66.8202	0.0884	0.0814	0.2492	18.3388	0.3081	72.7067	0.1459	0.0724	0.2769	0.1636	0.1639	0.1515	0.1400	0.0158	0.2795
65	135	0.0224	2	0	1	0	0	0	0	0	0	N	N	N	N	N	N	N	N	N	N	N	N	1.2695	1.0243	1.1896	0.1092	0.1017	2.0246	1.3097	4.8218	1.1615	2.2655	1.6973	6.3477	0.3206	0.2985	1.7781	2.4641	1.8596	6.4001	1.7846	1.6571	5.3359	2.9368	2.9355	0.8783	1.8814	0.3857	5.5104	0.5206	1.6293	0.0326	-0.0067	1.7566	31.7621	2.8742	18.5886	0.5899	0.3880	0.2020	0.0077	0.0071	0.0006	0.5822	0.3809	0.2013	0.7675	0.2919	0.4756	0.2917	0.2914	0.0003	0.4758	0.0005	0.4753	0.2604	0.2286	0.0318	0.0241	0.0238	0.0004	0.2363	0.2048	0.0315	0.4301	0.2384	0.1917	0.1522	0.1512	0.0009	0.2779	0.0872	0.1907	1.2695	1.3863	2.5579	0.1673	0.1549	6.5225	1.4392	350.4020	2.5678	1.7846	1.2243	2.4816	1.9169	1.9271	0.2726	1.7122	0.0053	2.4924
66	68	0.3831	9	0	1	1	0	0	0	0	0	N	N	N	N	N	N	N	N	N	N	N	N	613.6628	0.1291	16566.6541	14.9764	0.2802	273.9941	2518.4275	0.0003	27397.6719	0.6315	0.0002	6.1636	0.0286	0.0005	0.5913	0.9991	0.0000	7.3506	0.0010	0.0016	0.0004	0.0019	0.0019	0.0022	0.0004	0.0002	0.0003	3315.1299	0.3661	0.7000	-0.0001	21.1811	15.0354	10.1862	6.2061	0.9823	0.0003	0.9821	0.0168	0.0003	0.0165	0.9655	0.0000	0.9655	0.0002	0.0002	0.0001	0.0002	0.0002	0.0000	0.0000	0.0000	0.0000	1.5556	1.3963	0.1593	0.5893	0.5613	0.0280	0.9663	0.8350	0.1314	0.4010	0.2266	0.1744	0.1037	0.0941	0.0096	0.2973	0.1325	0.1648	1045.7877	0.2712	16566.6541	14.9764	0.2802	273.9941	6707.0817	0.0811	27397.6719	0.0006	0.0008	0.0004	0.0019	0.0019	0.0022	0.0001	0.0000	0.0003
66	69	0.3150	8	0	1	0	0	0	0	0	0	N	N	N	N	N	N	N	N	N	N	N	N	0.0621	0.0161	60.8181	0.0123	0.0106	0.8350	0.1131	0.0132	77.5679	0.0135	0.0076	0.0636	0.0013	0.0013	0.0026	0.0197	0.0112	0.0757	0.2173	0.4732	0.0010	0.1083	0.1192	0.0031	0.1743	0.8471	0.0010	0.9788	0.0312	0.0073	-0.0059	21.1811	27.6811	10.1862	13.1592	0.0350	0.0177	0.0173	0.0012	0.0011	0.0001	0.0338	0.0166	0.0172	0.0099	0.0096	0.0003	0.0036	0.0036	0.0000	0.0062	0.0060	0.0003	2.5897	2.3177	0.2719	0.8745	0.8296	0.0449	1.7151	1.4881	0.2270	0.6053	0.3199	0.2854	0.0976	0.0881	0.0095	0.5076	0.2317	0.2759	0.8293	0.2552	60.8181	0.0359	0.0310	0.8350	1.6086	0.4350	77.5679	0.0163	0.0299	0.0010	0.0373	0.0409	0.0031	0.0123	0.0257	0.0010
66	70	0.2802	7	0	1	0	0	0	0	0	0	N	N	N	N	N	N	N	N	N	N	N	N	0.0904	0.0203	2.6444	0.1150	0.0404	1.8097	0.0203	0.0024	0.1766	0.0008	0.0003	0.0050	0.0023	0.0008	0.0315	0.0001	0.0001	0.0002	0.0090	0.0155	0.0019	0.0197	0.0191	0.0174	0.0045	0.0286	0.0014	1.8768	0.3818	0.0006	-0.0004	21.1811	19.6565	10.1862	4.0504	0.0016	0.0005	0.0010	0.0015	0.0005	0.0010	0.0001	0.0001	0.0000	0.0013	0.0009	0.0003	0.0009	0.0008	0.0001	0.0004	0.0001	0.0002	1.9342	1.7282	0.2059	0.6402	0.6090	0.0312	1.2940	1.1193	0.1747	0.4105	0.2265	0.1840	0.0741	0.0683	0.0058	0.3363	0.1581	0.1782	0.2660	0.0789	2.6444	0.1935	0.0686	1.8097	0.0806	0.0779	0.1766	0.0031	0.0040	0.0019	0.0117	0.0112	0.0174	0.0011	0.0009	0.0014
66	71	0.0707	3	1	2	0	0	0	0	0	0	N	Y	N	N	N	N	N	N	N	N	N	N	0.5550	0.3081	7132.2814	5.7680	6.0992	2.6989	0.5352	0.2968	8370.5586	1.1966	1.3577	0.0343	1.5140	1.5530	0.0123	1.1660	1.3366	0.0347	2.1559	4.4068	0.0000	0.2625	0.2546	0.0046	2.1786	4.5032	0.0000	0.0035	0.0000	-0.5317	-0.6279	21.1811	17.5448	10.1862	6.0013	1.8745	1.8679	0.0065	0.2085	0.2084	0.0000	1.6660	1.6595	0.0065	0.9992	0.9992	0.0000	0.0003	0.0003	0.0000	0.9989	0.9989	0.0000	1.5665	1.3758	0.1907	0.1377	0.1342	0.0035	1.4288	1.2416	0.1872	0.4635	0.2267	0.2367	0.0050	0.0049	0.0000	0.4585	0.2218	0.2367	0.5550	0.3081	7132.2814	25.0365	25.5159	2.6989	0.5352	0.2968	8370.5586	2.1559	4.4068	0.0000	0.0605	0.0609	0.0046	2.1786	4.5032	0.0000
66	72	0.1391	6	1	2	1	0	0	0	0	0	N	Y	N	N	N	N	N	N	N	N	N	N	66.9505	35.8078	63.0280	106.2430	108.6494	0.7930	2658.2104	inf	1943.8439	0.0140	0.0160	0.0009	0.0987	0.1012	0.0007	0.0006	0.0005	0.0009	0.0002	0.0004	0.0000	0.0009	0.0009	0.0008	0.0000	0.0000	0.0000	0.0078	0.0260	-0.0007	-0.0000	21.1811	1.8980	10.1862	2.9698	0.0025	0.0024	0.0000	0.0024	0.0024	0.0000	0.0001	0.0001	0.0000	0.0000	0.0000	0.0000	0.0000	0.0000	0.0000	0.0000	0.0000	0.0000	0.1746	0.1524	0.0222	0.0239	0.0233	0.0006	0.1507	0.1291	0.0216	0.1447	0.0877	0.0570	0.0326	0.0317	0.0009	0.1121	0.0560	0.0561	66.9505	47.3255	63.0280	106.2430	108.6494	0.7930	2658.2104	inf	1943.8439	0.0002	0.0003	0.0000	0.0009	0.0009	0.0008	0.0000	0.0000	0.0000
66	73	0.1196	5	1	1	1	0	0	0	0	0	N	N	N	N	N	N	N	N	N	N	N	N	5.9262	3.8715	8.2703	9.3717	10.3184	0.0301	5.2212	0.6525	15.5125	1.3354	1.4701	0.1242	3.1464	3.3318	0.0045	0.2278	0.2382	0.1563	0.2253	0.3797	0.0150	0.3357	0.3229	0.1480	0.0436	0.3651	0.0101	0.0094	0.2554	-0.2473	-0.0014	21.1811	3.5853	10.1862	4.3819	0.8902	0.8819	0.0083	0.7960	0.7959	0.0001	0.0942	0.0860	0.0082	0.0033	0.0027	0.0007	0.0023	0.0022	0.0001	0.0010	0.0004	0.0006	0.6666	0.5999	0.0667	0.2530	0.2389	0.0141	0.4136	0.3610	0.0526	0.1999	0.1170	0.0830	0.0330	0.0322	0.0008	0.1669	0.0848	0.0821	79.8037	64.5262	15.1415	44.9343	47.8291	0.0529	36.7640	47.7352	21.0035	0.0167	0.0228	0.0082	0.0700	0.0697	0.0842	0.0062	0.0050	0.0074
66	74	0.0881	4	1	1	1	0	0	0	0	0	N	N	N	N	N	N	N	N	N	N	N	N	2.4108	7.0763	2.2919	1.4821	1.6569	0.0214	2.4909	4.5951	2.2599	4.1789	2.7135	16.0779	0.7032	0.7211	0.0185	4.8677	3.1540	16.7190	1.7334	0.3835	7.0150	0.4744	0.4352	0.8641	1.9542	0.6864	7.3980	0.7297	139.8828	0.6824	0.2617	21.1811	12.3589	10.1862	7.3592	5.0653	2.9284	2.1369	0.1410	0.1409	0.0001	4.9243	2.7876	2.1368	0.7179	0.0051	0.7128	0.0024	0.0023	0.0001	0.7155	0.0028	0.7127	1.2121	1.0792	0.1329	0.2005	0.1954	0.0051	1.0116	0.8838	0.1278	0.4142	0.2220	0.1922	0.0272	0.0268	0.0004	0.3869	0.1952	0.1917	2.4108	118.2146	4.3343	7.8878	8.3618	0.0682	2.6324	221.1029	4.4978	1.7334	0.0230	3.7094	0.0891	0.0862	0.2709	1.8491	0.0143	3.7172
66	75	0.0707	3	1	1	1	0	0	0	0	0	N	N	N	N	N	N	N	N	N	N	N	N	8.3798	6.7211	2.7353	1.2728	1.3294	14.5143	10.8679	3.7011	2.9876	1.6932	1.9084	0.0798	2.0954	2.1323	0.3011	1.6397	1.8748	0.0753	0.2021	0.2839	0.0292	1.6463	1.6040	0.0207	0.1509	0.5065	0.0252	0.0056	0.8765	-0.4742	-0.0006	21.1811	10.2127	10.1862	1.0234	1.6840	1.6746	0.0093	0.2448	0.2441	0.0007	1.4391	1.4305	0.0086	0.0036	0.0019	0.0017	0.0011	0.0011	0.0000	0.0025	0.0008	0.0017	0.9945	0.8775	0.1170	0.1168	0.1145	0.0024	0.8777	0.7630	0.1147	0.2282	0.1115	0.1167	0.0026	0.0026	0.0000	0.2256	0.1090	0.1167	108.3245	111.9635	5.5896	5.0452	5.1012	14.5143	148.4335	247.1559	5.2718	0.0156	0.0170	0.0143	0.4153	0.4180	0.0207	0.0110	0.0076	0.0143
66	76	0.0676	2	1	1	0	0	0	0	0	0	N	N	N	N	N	N	N	N	N	N	N	N	25.1432	13.4177	45.3724	0.0894	0.0875	841.9243	22.9636	2.8626	56.6649	0.9998	1.0785	0.4951	0.0682	0.0654	0.2936	1.1154	1.2247	0.4972	0.0398	0.0804	0.0109	0.7631	0.7471	0.0003	0.0486	0.4278	0.0088	0.0716	0.7927	-0.0813	-0.0001	21.1811	3.7027	10.1862	0.0091	0.3690	0.3443	0.0247	0.0028	0.0026	0.0001	0.3662	0.3417	0.0245	0.0006	0.0003	0.0003	0.0001	0.0001	0.0000	0.0005	0.0002	0.0003	0.3691	0.3193	0.0498	0.0408	0.0403	0.0005	0.3283	0.2790	0.0493	0.0783	0.0384	0.0399	0.0008	0.0008	0.0000	0.0775	0.0376	0.0399	128.3250	121.6534	73.2666	0.4810	0.4578	841.9243	173.0747	200.3753	73.5638	0.0078	0.0089	0.0068	0.1418	0.1428	0.0003	0.0064	0.0061	0.0068
66	79	0.2301	6	0	2	0	0	0	0	0	0	N	Y	N	N	N	N	N	N	N	N	N	N	3.2668	0.6129	119.7016	1.7025	0.0093	48.2656	17.4008	35.0429	0.7488	0.0032	0.0014	0.0167	0.0087	0.0000	0.1435	0.0015	0.0018	0.0001	0.0010	0.0022	0.0001	0.0051	0.0053	0.0030	0.0001	0.0001	0.0001	1.6299	0.1253	0.0020	-0.0002	21.1811	23.9173	10.1862	17.8091	0.0060	0.0023	0.0037	0.0037	0.0000	0.0037	0.0023	0.0022	0.0000	0.0004	0.0003	0.0000	0.0004	0.0003	0.0000	0.0000	0.0000	0.0000	1.8948	1.6739	0.2209	0.4274	0.4017	0.0257	1.4674	1.2722	0.1952	0.6560	0.3544	0.3016	0.0823	0.0749	0.0074	0.5737	0.2795	0.2942	5.4525	1.4267	119.7016	1.9918	0.0111	48.2656	43.6529	13357.2069	0.7488	0.0006	0.0010	0.0001	0.0044	0.0045	0.0030	0.0000	0.0000	0.0001
66	80	0.2140	5	0	2	0	0	0	0	0	0	N	Y	N	N	N	N	N	N	N	N	N	N	0.0249	0.0340	0.1099	0.2027	0.2587	0.0088	0.0065	0.0000	0.1290	0.0001	0.0001	0.0003	0.0004	0.0004	0.0001	0.0001	0.0000	0.0004	0.0049	0.0027	0.0031	0.0019	0.0016	0.0083	0.0079	0.0320	0.0029	0.5020	1.8152	0.0000	0.0000	21.1811	6.1279	10.1862	3.6878	0.0001	0.0000	0.0000	0.0000	0.0000	0.0000	0.0000	0.0000	0.0000	0.0004	0.0001	0.0002	0.0001	0.0001	0.0000	0.0003	0.0001	0.0002	0.4994	0.4399	0.0595	0.1042	0.0980	0.0061	0.3952	0.3418	0.0534	0.1969	0.1174	0.0795	0.0349	0.0331	0.0018	0.1620	0.0842	0.0777	0.0647	0.0820	0.1136	0.2027	0.2587	0.0088	0.0272	0.0008	0.1290	0.0019	0.0011	0.0030	0.0019	0.0016	0.0083	0.0019	0.0009	0.0029
66	81	0.3021	9	1	1	1	0	0	0	0	0	N	N	N	N	N	N	N	N	N	N	N	N	6.8293	3.0031	32.8632	4.4805	4.7487	0.3153	3.9049	364.8827	47.4452	0.5682	0.5994	0.3639	2.1889	2.3351	0.0070	0.0752	0.0148	0.4084	0.0832	0.1996	0.0111	0.4885	0.4917	0.0221	0.0193	0.0000	0.0086	0.0926	0.4911	-0.2579	-0.0019	21.1811	27.2690	10.1862	12.3406	1.2745	1.1665	0.1080	1.1452	1.1450	0.0002	0.1293	0.0215	0.1078	0.0064	0.0043	0.0021	0.0044	0.0043	0.0001	0.0021	0.0000	0.0021	2.2430	1.9461	0.2968	0.5232	0.4903	0.0329	1.7198	1.4558	0.2640	0.6309	0.3210	0.3099	0.0478	0.0449	0.0029	0.5831	0.2761	0.3070	55.8634	44.7069	53.3564	23.9787	24.3694	0.3223	21.3815	135597.9461	61.1341	0.0102	0.0134	0.0068	0.0913	0.0958	0.0216	0.0035	0.0000	0.0067
66	82	0.2868	8	0	1	0	0	0	0	0	0	N	N	N	N	N	N	N	N	N	N	N	N	15.7516	6.1219	1804.8640	3.8406	3.7124	4310.2658	517.6763	72.1676	1180.4301	2.6056	2.7216	1.6887	4.1687	4.1593	4.3160	1.7960	1.9081	1.1038	0.1654	0.4446	0.0009	1.0854	1.1204	0.0010	0.0035	0.0264	0.0009	0.0785	0.0352	-0.5144	-0.0013	21.1811	9.0798	10.1862	0.9519	2.3996	2.2250	0.1746	1.3099	1.2287	0.0813	1.0896	0.9963	0.0933	0.0022	0.0021	0.0001	0.0021	0.0021	0.0000	0.0001	0.0001	0.0001	0.9209	0.8175	0.1034	0.3142	0.2954	0.0188	0.6067	0.5221	0.0846	0.1597	0.0789	0.0808	0.0093	0.0087	0.0007	0.1504	0.0703	0.0801	187.1756	100.0006	1804.8640	18.6482	17.2430	4310.2658	2005.9177	2244.6521	1180.4301	0.0139	0.0272	0.0009	0.2235	0.2412	0.0010	0.0009	0.0009	0.0009
66	83	0.2140	5	0	2	0	0	0	0	0	0	N	Y	N	N	N	N	N	N	N	N	N	N	6359.0216	854.8883	158594389.3589	0.4703	0.1040	inf	67951982.4541	inf	172640004.6331	1.8221	0.6918	10.2733	0.0010	0.0003	0.0135	2.2948	0.8868	11.4467	0.0003	0.0008	0.0000	0.0022	0.0024	0.0000	0.0000	0.0000	0.0000	1.9861	0.0001	1.1358	-0.0001	21.1811	21.0000	10.1862	14.4214	3.0049	1.0063	1.9986	0.0004	0.0001	0.0003	3.0046	1.0062	1.9984	0.0001	0.0001	0.0000	0.0001	0.0001	0.0000	0.0000	0.0000	0.0000	1.6491	1.4546	0.1945	0.3398	0.3199	0.0200	1.3093	1.1347	0.1746	0.5712	0.3087	0.2624	0.0678	0.0617	0.0060	0.5034	0.2470	0.2564	7011.8026	1439.1156	158594389.3589	0.4703	0.1040	inf	67951982.4541	inf	172640004.6331	0.0003	0.0005	0.0000	0.0022	0.0024	0.0000	0.0000	0.0000	0.0000
66	84	0.2717	9	0	1	1	0	0	0	0	0	N	N	N	N	N	N	N	N	N	N	N	N	0.5255	0.3057	0.0000	0.0001	0.0001	0.0000	29997.9007	21483.2831	0.0000	1.1448	1.2913	0.0000	0.0009	0.0010	0.0000	1.5565	1.7972	0.0000	2.1785	4.2244	0.0001	15.0583	17.9409	0.0021	0.0001	0.0001	0.0000	0.0000	0.0000	-0.5579	-0.6505	21.1811	20.4085	10.1862	11.0867	1.9431	1.9431	0.0000	0.0004	0.0004	0.0000	1.9427	1.9427	0.0000	1.0353	1.0352	0.0000	1.0353	1.0352	0.0000	0.0000	0.0000	0.0000	1.6973	1.5047	0.1926	0.4492	0.4238	0.0254	1.2481	1.0809	0.1672	0.4752	0.2451	0.2302	0.0688	0.0577	0.0110	0.4065	0.1874	0.2191	0.5255	0.3057	0.0000	0.0001	0.0001	0.0000	62460.0006	7089118.3611	0.0000	2.1785	4.2244	0.0001	15.0583	17.9409	0.0021	0.0000	0.0000	0.0000
66	85	0.2680	8	0	1	1	0	0	0	0	0	N	N	N	N	N	N	N	N	N	N	N	N	0.3319	0.3388	0.0000	0.2238	0.2265	0.0000	0.2346	4.3605	0.0000	0.4028	0.4494	0.0000	0.5787	0.6060	0.0000	0.3090	0.3572	0.0000	1.2136	1.3265	3.8623	2.5858	2.6754	0.0664	1.3172	0.0819	4.0183	0.0000	2.4653	-0.0406	0.0051	21.1811	3.1287	10.1862	1.1816	0.1415	0.1415	0.0000	0.0707	0.0707	0.0000	0.0708	0.0708	0.0000	0.0619	0.0179	0.0440	0.0179	0.0178	0.0001	0.0440	0.0000	0.0439	0.3514	0.3149	0.0365	0.1222	0.1167	0.0055	0.2292	0.1982	0.0310	0.0783	0.0433	0.0350	0.0148	0.0131	0.0017	0.0635	0.0301	0.0334	0.5097	1.0889	0.0000	0.4794	0.4467	0.0000	0.4459	216.3319	0.0000	0.7902	0.4127	1.2561	1.2071	1.3567	0.0483	0.6928	0.0017	1.3174
66	86	0.2610	7	0	1	0	0	0	0	0	0	N	N	N	N	N	N	N	N	N	N	N	N	0.2047	0.1953	0.0000	0.0072	0.0074	0.0000	0.2729	560.0923	0.0000	0.2058	0.2305	0.0000	0.0159	0.0167	0.0000	0.2856	0.3286	0.0000	1.0055	1.1802	2.4856	2.2105	2.2723	0.4076	1.0467	0.0006	2.4788	0.0000	1.2082	-0.0225	-0.0031	21.1811	4.0532	10.1862	2.2470	0.0782	0.0782	0.0000	0.0018	0.0018	0.0000	0.0765	0.0765	0.0000	0.0387	0.0175	0.0212	0.0179	0.0175	0.0004	0.0208	0.0000	0.0208	0.3801	0.3394	0.0407	0.1124	0.1068	0.0057	0.2677	0.2326	0.0350	0.1174	0.0645	0.0529	0.0217	0.0193	0.0024	0.0957	0.0452	0.0505	0.6250	0.8492	0.0000	0.0193	0.0185	0.0000	1.3153	96546.2321	0.0000	0.3293	0.2715	0.3999	0.8231	0.9065	0.1567	0.2172	0.0000	0.4115
66	87	0.2379	6	0	1	0	0	0	0	0	0	N	N	N	N	N	N	N	N	N	N	N	N	0.0042	0.0048	0.0066	0.0021	0.0021	0.0004	0.0052	0.0323	0.0075	0.0151	0.0069	0.0877	0.0062	0.0063	0.0023	0.0208	0.0073	0.1069	3.5602	1.4429	13.3212	2.9729	3.0179	5.8487	3.9608	0.2272	14.2714	1.4180	7.8026	0.0023	0.2851	21.1811	4.7288	10.1862	9.8540	0.0075	0.0031	0.0044	0.0012	0.0012	0.0000	0.0063	0.0019	0.0044	1.1050	0.1255	0.9795	0.1285	0.1252	0.0033	0.9765	0.0004	0.9762	0.4998	0.4495	0.0503	0.1951	0.1859	0.0092	0.3048	0.2636	0.0411	0.3104	0.1816	0.1288	0.0638	0.0602	0.0036	0.2465	0.1214	0.1252	0.0042	0.0100	0.0115	0.0031	0.0031	0.0026	0.0052	2.4197	0.0137	3.5602	0.6913	7.6048	2.0126	2.0793	0.9064	3.9608	0.0030	7.7991
66	88	0.2140	5	0	1	0	0	0	0	0	0	N	N	N	N	N	N	N	N	N	N	N	N	0.1415	0.0000	7.5920	0.0000	0.0000	0.2408	2.0260	0.0006	8.9872	1.4243	0.0005	11.9694	0.0004	0.0003	0.0023	1.7984	0.0005	13.3459	10.0674	17.5334	1.5766	66.7351	71.3843	0.0097	0.8877	0.7780	1.4850	3556.8473	0.0088	0.7093	-1.7895	21.1811	8.6320	10.1862	7.0881	0.9954	0.0003	0.9952	0.0001	0.0000	0.0000	0.9954	0.0002	0.9951	2.8882	2.8629	0.0253	2.8605	2.8605	0.0000	0.0277	0.0024	0.0253	0.6989	0.6158	0.0831	0.1454	0.1369	0.0086	0.5535	0.4789	0.0746	0.2869	0.1633	0.1236	0.0429	0.0401	0.0028	0.2440	0.1232	0.1208	0.1415	0.0000	58.4875	0.0000	0.0000	0.2408	15.8452	0.0254	63.8088	10.0674	17.5334	0.2046	66.7351	71.3843	0.0097	0.1135	0.0197	0.2092
66	89	0.2818	7	0	2	0	0	0	0	0	0	N	Y	N	N	N	N	N	N	N	N	N	N	226.1707	1271.2522	1.3755	3.3007	3.2712	4.8735	211.1323	13862.4581	0.0001	0.7483	0.8393	0.0035	0.0064	0.0055	0.0232	1.0881	1.2579	0.0000	0.0033	0.0007	0.0025	0.0020	0.0017	0.0048	0.0052	0.0001	0.0025	0.0005	4.9917	-0.2986	0.0001	21.1811	15.4622	10.1862	5.2688	1.0416	1.0411	0.0005	0.0028	0.0023	0.0005	1.0388	1.0388	0.0000	0.0005	0.0001	0.0004	0.0001	0.0001	0.0000	0.0004	0.0000	0.0004	1.3920	1.2404	0.1515	0.4373	0.4146	0.0226	0.9547	0.8258	0.1289	0.3302	0.1790	0.1512	0.0494	0.0452	0.0042	0.2808	0.1338	0.1470	539.5469	1965.6380	1.3755	3.3007	3.2712	4.8735	845.2510	4283596.4726	0.0001	0.0014	0.0004	0.0025	0.0020	0.0017	0.0048	0.0013	0.0000	0.0025
66	90	0.2700	6	0	1	0	0	0	0	0	0	N	N	N	N	N	N	N	N	N	N	N	N	5.2295	34.1381	0.1885	0.1324	0.1248	0.2244	7.0905	61.5445	0.2488	1.2705	1.4142	0.0159	0.0043	0.0044	0.0027	1.9355	2.2235	0.0186	0.2429	0.0414	0.0845	0.0327	0.0354	0.0120	0.2730	0.0361	0.0747	0.0013	3.4058	-0.2823	0.0005	21.1811	7.5917	10.1862	1.5198	0.9877	0.9864	0.0013	0.0012	0.0011	0.0000	0.9866	0.9853	0.0012	0.0032	0.0007	0.0025	0.0007	0.0007	0.0000	0.0025	0.0001	0.0024	0.7774	0.6975	0.0799	0.2677	0.2544	0.0133	0.5097	0.4431	0.0666	0.1834	0.1071	0.0764	0.0416	0.0381	0.0035	0.1418	0.0690	0.0729	72.2955	206.9159	0.4884	0.2559	0.2541	0.2244	108.9508	2195.9583	0.5528	0.0176	0.0068	0.0326	0.0169	0.0174	0.0120	0.0178	0.0010	0.0336
66	91	0.3793	10	1	1	1	0	0	0	0	0	N	N	N	N	N	N	N	N	N	N	N	N	0.3316	0.2128	30407.4697	28944.1297	0.0342	0.0142	0.1058	0.1195	0.0000	0.3597	0.3805	0.0000	0.0131	0.0152	0.0000	0.3192	0.5617	0.0000	0.0000	0.0000	0.0000	0.3839	1.0741	0.0000	0.0000	0.0000	-0.0075	-0.0006	21.1811	3.0317	10.1862	0.1644	0.0260	0.0260	0.0000	0.0236	0.0236	0.0000	0.0024	0.0024	0.0000	0.0010	0.0010	0.0000	0.0000	0.0000	0.0000	0.0010	0.0010	0.0000	0.2456	0.2176	0.0281	0.0657	0.0621	0.0036	0.1799	0.1554	0.0245	0.0481	0.0240	0.0241	0.0035	0.0031	0.0003	0.0446	0.0209	0.0238	4.9591	2.7934	0.0000	30407.4697	28944.1297	0.0000	0.5708	0.3090	0.0000	0.0213	0.0428	0.0000	0.0000	0.0000	0.0000	0.0230	0.0492	0.0000			
66	92	0.3735	9	1	1	1	0	0	0	0	0	N	N	N	N	N	N	N	N	N	N	N	N	0.2545	0.1472	1429.0990	11.1827	10.6010	inf	0.3431	0.1872	40.2648	4.1155	4.6045	0.0078	0.6073	0.6411	0.0392	6.1577	7.1237	0.0002	16.1703	31.2872	0.0000	0.0543	0.0605	0.0000	17.9469	38.0496	0.0000	0.0002	0.0000	-0.3466	-0.6056	21.1811	2.6632	10.1862	1.0147	1.2079	1.2077	0.0002	0.0656	0.0653	0.0002	1.1423	1.1423	0.0000	0.9637	0.9637	0.0000	0.0001	0.0001	0.0000	0.9636	0.9636	0.0000	0.2935	0.2623	0.0312	0.1080	0.1019	0.0061	0.1855	0.1604	0.0252	0.0596	0.0308	0.0288	0.0059	0.0055	0.0004	0.0537	0.0253	0.0284	0.2545	0.1472	1429.0990	25.0058	24.4770	inf	0.3431	0.1872	40.2648	16.1703	31.2872	0.0000	0.0243	0.0262	0.0000	17.9469	38.0496	0.0000
66	93	0.2902	8	1	1	1	0	0	0	0	0	N	N	N	N	N	N	N	N	N	N	N	N	1.2207	0.6112	2583.4427	0.3787	0.3109	1361.9307	0.0794	0.0307	110.2011	1.8997	1.7934	2.7038	6.8955	6.0830	21.5489	0.0517	0.0442	0.0974	1.5562	2.9344	0.0010	18.2089	19.5677	0.0158	0.6512	1.4383	0.0009	0.1993	0.0004	-0.6806	-0.6477	21.1811	35.0787	10.1862	12.2568	5.6269	4.6918	0.9351	5.5151	4.6096	0.9055	0.1117	0.0821	0.0296	1.0314	1.0310	0.0004	0.9984	0.9984	0.0001	0.0330	0.0326	0.0003	2.9619	2.6161	0.3458	0.7998	0.7578	0.0420	2.1621	1.8583	0.3038	0.7009	0.3514	0.3496	0.0548	0.0510	0.0038	0.6461	0.3003	0.3457	1.2910	0.6112	2583.4427	0.3787	0.3109	1361.9307	1.0132	0.4067	110.2011	1.4715	2.9344	0.0010	18.2089	19.5677	0.0158	0.0510	0.1087	0.0009
66	94	0.2767	7	1	1	0	0	0	0	0	0	N	N	N	N	N	N	N	N	N	N	N	N	3.6359	1.3651	6603.7584	1.7144	1.6124	6101.0332	126.6828	0.0854	6736.9511	1.6530	0.9534	6.7881	2.7389	2.5847	5.8584	1.1028	0.0193	6.9297	0.4546	0.6984	0.0010	1.5976	1.6030	0.0010	0.0087	0.2253	0.0010	0.9700	0.0150	0.3424	-0.0037	21.1811	8.4810	10.1862	2.3446	1.6683	0.8468	0.8214	0.9296	0.8360	0.0937	0.7386	0.0109	0.7278	0.0061	0.0060	0.0001	0.0058	0.0058	0.0000	0.0003	0.0002	0.0001	1.0092	0.8882	0.1210	0.3394	0.3234	0.0160	0.6698	0.5648	0.1050	0.1807	0.0928	0.0880	0.0148	0.0139	0.0009	0.1660	0.0789	0.0871	48.9269	14.7051	6603.7584	6.9929	6.2028	6101.0332	556.7609	6.3524	6736.9511	0.0338	0.0648	0.0010	0.3917	0.4167	0.0010	0.0020	0.0030	0.0010
66	95	0.2140	5	0	2	0	1	0	0	0	0	N	Y	N	N	N	N	N	N	N	N	N	N	15.7443	4.0493	0.0000	5.8386	5.7394	0.0000	21932.8568	inf	0.0000	1.0673	1.2097	0.0000	2.5934	2.7551	0.0000	0.6722	0.7753	0.0000	0.0678	0.2987	0.0001	0.4442	0.4800	0.0015	0.0000	0.0000	0.0000	0.0000	0.0031	-0.5735	-0.0043	21.1811	24.0032	10.1862	22.6134	1.9972	1.9972	0.0000	0.9980	0.9980	0.0000	0.9992	0.9992	0.0000	0.0069	0.0069	0.0000	0.0069	0.0069	0.0000	0.0000	0.0000	0.0000	1.8713	1.6510	0.2203	0.3848	0.3622	0.0226	1.4865	1.2888	0.1977	0.7223	0.3863	0.3360	0.0808	0.0730	0.0078	0.6415	0.3133	0.3282	111.2270	67.6359	0.0000	30.2757	29.1171	0.0000	43323.7438	inf	0.0000	0.0096	0.0179	0.0001	0.0857	0.0946	0.0015	0.0000	0.0000	0.0000
66	96	0.4507	7	0	2	0	0	0	0	0	0	N	Y	N	N	N	N	N	N	N	N	N	N	108.6923	0.5289	9526.5757	2.2782	2.0585	0.0010	1086.0397	0.0006	11786.1478	0.6267	0.0057	5.5612	0.0204	0.0215	0.0000	0.8275	0.0000	6.2952	0.0058	0.0108	0.0006	0.0090	0.0105	0.0012	0.0008	0.0002	0.0005	122.4903	0.1136	0.7104	-0.0007	21.1811	18.5150	10.1862	10.2301	1.0080	0.0082	0.9998	0.0082	0.0082	0.0000	0.9998	0.0000	0.9998	0.0013	0.0012	0.0001	0.0012	0.0012	0.0000	0.0001	0.0000	0.0001	1.6084	1.4286	0.1798	0.4002	0.3792	0.0210	1.2082	1.0494	0.1588	0.6006	0.3745	0.2262	0.1825	0.1646	0.0180	0.4181	0.2099	0.2082	290.8555	1.8409	9526.5757	3.1475	3.0481	0.0010	3108.0517	0.1943	11786.1478	0.0022	0.0031	0.0006	0.0065	0.0071	0.0012	0.0003	0.0000	0.0005
66	97	0.2432	6	0	2	0	0	0	0	0	0	N	Y	N	N	N	N	N	N	N	N	N	N	143.2364	13.7557	491467.9290	10.9153	5.4513	21601867.7373	97996.2111	11817.3124	402291.4537	1.9602	0.9581	9.6900	2.7234	1.4591	24.0137	1.7551	0.8119	8.0369	0.0137	0.0697	0.0000	0.2495	0.2677	0.0000	0.0000	0.0001	0.0000	1.3112	0.0023	1.9123	-0.0028	21.1811	46.1140	10.1862	26.4917	6.8247	2.9528	3.8719	2.0085	1.0157	0.9928	4.8162	1.9371	2.8791	0.0044	0.0044	0.0000	0.0044	0.0044	0.0000	0.0000	0.0000	0.0000	3.4816	3.0820	0.3996	0.7375	0.6962	0.0413	2.7441	2.3858	0.3582	1.0273	0.5211	0.5062	0.0754	0.0684	0.0070	0.9519	0.4527	0.4992	458.0543	113.8202	491467.9290	46.8443	22.7629	21601867.7373	166015.8158	4074628.8850	402291.4537	0.0043	0.0084	0.0000	0.0581	0.0641	0.0000	0.0000	0.0000	0.0000
66	98	0.5036	9	0	2	0	0	0	0	0	0	N	Y	N	N	N	N	N	N	N	N	N	N	0.0017	0.0001	0.8762	0.0015	0.0008	1.2354	0.0704	0.0000	0.8528	0.0001	0.0000	0.0008	0.0001	0.0001	0.0008	0.0001	0.0000	0.0008	0.0662	0.2400	0.0009	0.0728	0.0918	0.0006	0.0016	0.0004	0.0010	3.3169	0.0413	0.0001	-0.0021	21.1811	20.7840	10.1862	8.9470	0.0002	0.0000	0.0001	0.0001	0.0000	0.0000	0.0001	0.0000	0.0001	0.0035	0.0034	0.0001	0.0034	0.0034	0.0000	0.0001	0.0000	0.0001	1.5470	1.3874	0.1596	0.5617	0.5355	0.0262	0.9853	0.8519	0.1334	0.3719	0.2241	0.1478	0.1140	0.0979	0.0161	0.2580	0.1262	0.1317	0.0117	0.0019	0.8762	0.0036	0.0022	1.2354	0.2257	0.0000	0.8528	0.0095	0.0151	0.0009	0.0298	0.0346	0.0006	0.0005	0.0000	0.0010
66	99	0.4987	8	0	1	0	0	0	0	0	0	N	N	N	N	N	N	N	N	N	N	N	N	0.5972	0.3642	0.4526	2.2578	2.1316	1.8684	0.7611	0.2473	0.6720	0.1204	0.1308	0.0063	0.0519	0.0536	0.0012	0.1995	0.2314	0.0077	0.2016	0.3592	0.0140	0.0230	0.0251	0.0006	0.2621	0.9359	0.0114	0.0044	0.2657	-0.0231	-0.0007	21.1811	2.7834	10.1862	1.0450	0.0815	0.0812	0.0004	0.0188	0.0188	0.0000	0.0627	0.0624	0.0003	0.0018	0.0014	0.0004	0.0006	0.0005	0.0000	0.0012	0.0008	0.0004	0.6772	0.6206	0.0565	0.3627	0.3511	0.0116	0.3145	0.2695	0.0449	0.1136	0.0659	0.0477	0.0420	0.0401	0.0019	0.0716	0.0258	0.0458	7.7263	6.1621	0.8147	3.9578	3.9082	1.8684	11.7057	7.0269	0.9490	0.0156	0.0212	0.0078	0.0131	0.0137	0.0006	0.0170	0.0329	0.0081
66	100	0.4887	7	0	1	0	0	0	0	0	0	N	N	N	N	N	N	N	N	N	N	N	N	1.2757	1.1083	0.6050	0.9575	0.9198	31.4621	1.2564	0.8660	0.6407	1.1986	1.1937	1.2474	1.0357	1.0361	1.0245	1.3387	1.3443	1.3026	0.9395	1.0771	2.0617	1.0816	1.1265	0.0326	1.0655	1.5524	2.0331	0.1039	0.8432	-0.2932	-0.0146	21.1811	7.6044	10.1862	2.7972	1.5188	1.3759	0.1429	0.6067	0.5834	0.0233	0.9121	0.7925	0.1196	0.0856	0.0464	0.0392	0.0340	0.0336	0.0004	0.0516	0.0128	0.0388	1.2671	1.1526	0.1146	0.5858	0.5630	0.0228	0.6813	0.5895	0.0918	0.3672	0.2286	0.1386	0.1530	0.1390	0.0140	0.2142	0.0896	0.1246	5.1410	5.8759	4.4138	4.6604	4.2867	36.2435	5.5561	9.3793	4.1871	0.2331	0.2032	0.2826	0.2222	0.2417	0.0283	0.2409	0.1433	0.3111
66	101	0.4391	6	0	1	0	0	0	0	0	0	N	N	N	N	N	N	N	N	N	N	N	N	0.4611	0.3360	0.8332	0.6823	0.6506	1.3262	0.4405	0.2646	0.8323	1.4873	0.8765	6.3986	0.0344	0.0355	0.0130	1.9954	1.1987	7.2299	3.2256	2.6085	7.6797	0.0503	0.0545	0.0098	4.5297	4.5294	8.6865	0.9079	1.0284	0.4665	-0.2430	21.1811	18.4780	10.1862	12.4520	2.4715	1.2954	1.1761	0.0148	0.0145	0.0003	2.4568	1.2809	1.1759	2.0024	0.9872	1.0152	0.0041	0.0039	0.0002	1.9983	0.9832	1.0150	1.6618	1.4780	0.1838	0.4305	0.4094	0.0212	1.2312	1.0686	0.1626	0.6208	0.3785	0.2423	0.1796	0.1614	0.0183	0.4411	0.2171	0.2241	0.4611	0.3360	1.5274	1.4969	1.4510	1.3262	0.4405	0.2646	1.5960	3.2256	2.6085	4.1892	0.0230	0.0244	0.0098	4.5297	4.5294	4.5299
66	102	0.3281	8	0	2	0	0	0	0	0	0	N	Y	N	N	N	N	N	N	N	N	N	N	0.1462	0.0060	31.9654	0.0330	0.0395	0.1016	0.1869	0.0039	72.4498	0.1957	0.0113	1.9351	0.0128	0.0107	0.0601	0.3082	0.0118	2.3250	1.3388	1.8842	0.0605	0.3890	0.2702	0.5918	1.6492	3.0219	0.0321	18.1178	0.0103	0.4715	-0.6152	21.1811	34.1922	10.1862	22.4626	0.7138	0.0373	0.6765	0.0178	0.0142	0.0036	0.6960	0.0231	0.6729	0.9952	0.9851	0.0101	0.0161	0.0122	0.0039	0.9791	0.9729	0.0062	3.6474	3.2978	0.3496	1.3890	1.3288	0.0602	2.2584	1.9689	0.2894	0.9276	0.5412	0.3864	0.2076	0.1889	0.0186	0.7200	0.3522	0.3678	0.1824	0.0062	73.7949	0.1652	0.1654	0.2862	0.2266	0.0043	137.4883	1.0729	1.8203	0.0262	0.0776	0.0646	0.2101	1.3598	2.7620	0.0169
66	103	0.2802	7	0	2	0	0	0	0	0	0	N	Y	N	N	N	N	N	N	N	N	N	N	0.2457	0.0105	153.3012	0.0063	0.0062	0.2729	0.3540	0.0084	234.9438	0.1601	0.0094	1.4154	0.0045	0.0046	0.0041	0.2337	0.0119	1.6619	0.6517	0.8986	0.0092	0.7162	0.7423	0.0150	0.6601	1.4233	0.0071	18.0821	0.0431	0.2271	-0.0208	21.1811	22.5884	10.1862	11.0115	0.3438	0.0180	0.3258	0.0031	0.0030	0.0001	0.3406	0.0150	0.3256	0.0355	0.0340	0.0015	0.0118	0.0117	0.0001	0.0237	0.0224	0.0013	2.1475	1.9173	0.2302	0.6897	0.6555	0.0342	1.4578	1.2619	0.1959	0.5443	0.2961	0.2482	0.0898	0.0819	0.0079	0.4545	0.2142	0.2403	2.4558	0.0818	239.5351	0.0346	0.0321	0.2729	4.4817	0.1141	296.3367	0.0652	0.1149	0.0059	0.1312	0.1425	0.0150	0.0521	0.1043	0.0056
66	104	0.2501	6	0	1	0	0	0	0	0	0	N	N	N	N	N	N	N	N	N	N	N	N	0.2096	0.0171	74.8157	0.2833	0.0475	169.9941	0.0707	0.0004	17.4271	0.0011	0.0002	0.0081	0.0028	0.0005	0.0443	0.0003	0.0001	0.0018	0.0052	0.0130	0.0001	0.0099	0.0114	0.0003	0.0042	0.1359	0.0001	4.4966	0.0255	0.0006	-0.0004	21.1811	11.8100	10.1862	8.7888	0.0012	0.0002	0.0010	0.0010	0.0002	0.0008	0.0002	0.0000	0.0002	0.0007	0.0007	0.0000	0.0004	0.0004	0.0000	0.0003	0.0003	0.0000	1.1295	1.0062	0.1234	0.3544	0.3362	0.0183	0.7751	0.6700	0.1051	0.3491	0.1908	0.1583	0.0547	0.0501	0.0046	0.2944	0.1407	0.1537	0.5469	0.0626	74.8157	0.4074	0.0726	169.9941	0.2775	0.0280	17.4271	0.0020	0.0035	0.0001	0.0069	0.0075	0.0003	0.0011	0.0021	0.0001
66	105	0.2140	5	0	1	0	0	0	0	0	0	N	N	N	N	N	N	N	N	N	N	N	N	10351.4238	3489.9000	98608.2190	5111.0746	1.1236	371499.6118	5809.5787	538.3774	0.0282	1.6994	0.9653	7.1618	4.0995	0.0010	69.6165	1.0728	1.2389	0.0000	0.0002	0.0003	0.0001	0.0008	0.0009	0.0002	0.0002	0.0023	0.0001	0.9971	0.2453	0.4237	-0.0000	21.1811	14.7392	10.1862	7.3617	1.9973	1.0001	0.9972	0.9975	0.0002	0.9972	0.9999	0.9999	0.0000	0.0001	0.0001	0.0000	0.0000	0.0000	0.0000	0.0000	0.0000	0.0000	1.1753	1.0361	0.1392	0.2433	0.2290	0.0143	0.9320	0.8071	0.1249	0.3816	0.2117	0.1699	0.0512	0.0473	0.0039	0.3304	0.1643	0.1661	10351.4238	4061.5391	98608.2190	5111.0746	1.1236	371499.6118	16433.0981	20454.4441	0.0282	0.0002	0.0002	0.0001	0.0008	0.0009	0.0002	0.0001	0.0001	0.0001
66	106	0.2868	8	0	2	0	0	0	0	0	0	N	Y	N	N	N	N	N	N	N	N	N	N	4422.2846	8192.7162	992.7090	1034.0001	1026.9985	181.5663	2098.5088	inf	1134.0425	1.1496	1.2558	0.3362	1.5043	1.5980	0.0609	1.0109	1.1103	0.3841	0.0003	0.0002	0.0003	0.0015	0.0016	0.0003	0.0005	0.0000	0.0003	0.0350	2.2826	-0.5094	0.0000	21.1811	20.0414	10.1862	7.0324	2.0106	1.9427	0.0679	0.7394	0.7376	0.0018	1.2712	1.2051	0.0661	0.0001	0.0000	0.0001	0.0000	0.0000	0.0000	0.0001	0.0000	0.0001	1.7490	1.5470	0.2020	0.4915	0.4616	0.0299	1.2575	1.0854	0.1721	0.4111	0.2022	0.2089	0.0217	0.0199	0.0018	0.3893	0.1823	0.2071	4645.3073	8192.7162	992.7090	1034.0001	1026.9985	181.5663	5612.1313	inf	1134.0425	0.0002	0.0002	0.0003	0.0015	0.0016	0.0003	0.0002	0.0000	0.0003
66	107	0.2767	7	0	1	0	0	0	0	0	0	N	N	N	N	N	N	N	N	N	N	N	N	849.1012	499.6821	7156.6947	312.9339	306.9902	349.5851	897.6127	inf	8577.0587	2.5828	1.5653	10.0529	3.6096	3.5187	5.4854	2.0213	0.3521	10.7737	0.0030	0.0031	0.0014	0.0115	0.0115	0.0157	0.0023	0.0000	0.0013	0.8748	1.0464	0.4169	-0.0000	21.1811	7.0315	10.1862	1.2144	2.3229	1.2390	1.0839	1.1477	1.0671	0.0806	1.1752	0.1719	1.0033	0.0002	0.0001	0.0001	0.0001	0.0001	0.0000	0.0001	0.0000	0.0001	0.8994	0.7916	0.1078	0.3180	0.3033	0.0147	0.5814	0.4883	0.0931	0.1413	0.0736	0.0677	0.0128	0.0121	0.0007	0.1285	0.0615	0.0670	1962.6379	1268.0437	7156.6947	452.6775	467.3856	349.5851	3087.2630	inf	8577.0587	0.0013	0.0012	0.0014	0.0080	0.0075	0.0157	0.0007	0.0000	0.0013
66	108	0.2432	6	0	1	0	0	0	0	0	0	N	N	N	N	N	N	N	N	N	N	N	N	5724.1498	45.1474	117101.8501	120.7845	34.6729	744.0668	25328.5328	inf	267714.2223	2.6652	0.0384	22.8235	0.4004	0.1016	5.8485	3.3347	0.0179	24.7705	0.0005	0.0009	0.0002	0.0033	0.0029	0.0079	0.0001	0.0000	0.0001	77.4714	0.3639	2.5660	-0.0000	21.1811	16.2725	10.1862	4.4748	3.6651	0.0467	3.6184	0.1256	0.0302	0.0954	3.5395	0.0165	3.5230	0.0001	0.0001	0.0000	0.0001	0.0001	0.0000	0.0000	0.0000	0.0000	1.3752	1.2166	0.1585	0.3138	0.2974	0.0163	1.0614	0.9192	0.1422	0.3442	0.1786	0.1657	0.0325	0.0303	0.0022	0.3118	0.1483	0.1635	7580.0607	77.2421	117101.8501	122.7710	34.6729	744.0668	68724.4274	inf	267714.2223	0.0004	0.0005	0.0002	0.0033	0.0029	0.0079	0.0000	0.0000	0.0001
66	109	0.2959	7	0	2	0	0	0	0	0	0	N	Y	N	N	N	N	N	N	N	N	N	N	2.6759	1.9084	28.8524	2.6634	2.7373	0.0151	134.5039	318.9926	52.4328	0.9386	1.0459	0.0745	2.2952	2.4312	0.0006	0.4345	0.4869	0.0862	0.3508	0.5481	0.0026	0.8617	0.8882	0.0418	0.0032	0.0015	0.0016	0.0088	0.0526	-0.8391	-0.0111	21.1811	40.5309	10.1862	14.7974	3.0143	2.9879	0.0264	1.9969	1.9969	0.0000	1.0174	0.9910	0.0264	0.0192	0.0183	0.0010	0.0186	0.0183	0.0004	0.0006	0.0000	0.0006	3.2115	2.8567	0.3548	0.8700	0.8214	0.0487	2.3415	2.0353	0.3061	0.8174	0.4454	0.3721	0.1153	0.1049	0.0105	0.7021	0.3405	0.3616	39.9128	25.5071	28.8524	14.2191	13.9653	0.0181	505.4489	18775.3737	52.4328	0.0235	0.0410	0.0026	0.1614	0.1741	0.0349	0.0009	0.0000	0.0016
66	110	0.2700	6	0	2	0	0	0	0	0	0	N	Y	N	N	N	N	N	N	N	N	N	N	0.0232	0.0193	0.0887	0.3548	0.3279	1.9821	0.0177	0.0102	0.0358	0.0158	0.0172	0.0042	0.0195	0.0195	0.0195	0.0143	0.0162	0.0016	0.6837	0.8940	0.0471	0.0549	0.0594	0.0099	0.8051	1.5845	0.0435	0.0292	0.1558	-0.0051	-0.0108	21.1811	13.5236	10.1862	3.5331	0.0196	0.0190	0.0006	0.0073	0.0069	0.0004	0.0123	0.0121	0.0002	0.0219	0.0190	0.0030	0.0013	0.0013	0.0000	0.0206	0.0177	0.0029	1.2371	1.1040	0.1331	0.3730	0.3536	0.0194	0.8640	0.7504	0.1136	0.3006	0.1681	0.1324	0.0543	0.0493	0.0050	0.2463	0.1188	0.1275	0.2168	0.1526	0.1872	0.7961	0.7507	1.9821	0.1703	0.1086	0.0682	0.0730	0.1129	0.0223	0.0245	0.0260	0.0099	0.0837	0.1490	0.0228
66	111	0.2140	5	0	1	0	0	0	0	0	0	N	N	N	N	N	N	N	N	N	N	N	N	0.3996	6.3329	0.0001	0.0017	0.0015	0.0841	0.4443	19.8368	0.0001	0.7438	0.8435	0.0008	0.0003	0.0003	0.0006	0.9375	1.0822	0.0008	1.8611	0.1332	7.4578	0.1733	0.1813	0.0073	2.1102	0.0546	8.2227	0.0001	301.4865	-0.2868	0.3677	21.1811	16.9399	10.1862	15.9768	0.9993	0.9992	0.0001	0.0001	0.0001	0.0000	0.9992	0.9991	0.0001	0.9982	0.0033	0.9949	0.0030	0.0030	0.0000	0.9952	0.0003	0.9949	1.3435	1.1846	0.1589	0.2777	0.2613	0.0163	1.0658	0.9232	0.1426	0.5363	0.2909	0.2455	0.0647	0.0591	0.0056	0.4716	0.2318	0.2398	0.3996	74.3461	0.0002	0.0061	0.0053	0.0841	0.4443	812.7777	0.0002	1.8611	0.0113	4.0531	0.0468	0.0506	0.0073	2.1102	0.0013	4.1483
66	112	0.3184	9	1	2	0	1	0	0	0	0	N	Y	N	N	N	N	N	N	N	N	N	N	115.0310	24.2939	inf	0.0000	0.0000	inf	inf	inf	0.0456	0.0258	0.1972	0.0000	0.0000	0.0000	0.0819	0.0504	0.2190	0.0004	0.0011	0.0000	0.0019	0.0022	0.0000	0.0000	0.0000	0.0000	0.9995	0.0000	0.0000	-0.0000	21.1811	0.0019	10.1862	1.9928	0.0000	0.0000	0.0000	0.0000	0.0000	0.0000	0.0000	0.0000	0.0000	0.0000	0.0000	0.0000	0.0000	0.0000	0.0000	0.0000	0.0000	0.0000	0.0004	0.0004	0.0001	0.0002	0.0002	0.0000	0.0002	0.0002	0.0000	0.0312	0.0170	0.0142	0.0053	0.0046	0.0006	0.0260	0.0124	0.0136	142.5294	43.8818	inf	0.0000	0.0000	0.0000	inf	inf	inf	0.0003	0.0006	0.0000	0.0019	0.0022	0.0000	0.0000	0.0000	0.0000	
66	113	0.2948	8	1	2	0	1	0	0	0	0	N	Y	N	N	N	N	N	N	N	N	N	N	2329.8062	566.0489	68185.2372	0.5149	0.4157	2502.7442	14730.3789	139561.3536	76446.8208	2.5927	1.4579	11.7480	0.0027	0.0027	0.0026	3.6632	2.1174	13.5881	0.0011	0.0026	0.0002	0.0053	0.0065	0.0000	0.0002	0.0000	0.0002	0.9989	0.1526	0.4243	-0.0001	21.1811	8.6942	10.1862	6.0502	1.9961	0.9986	0.9975	0.0006	0.0006	0.0000	1.9955	0.9980	0.9975	0.0002	0.0001	0.0000	0.0001	0.0001	0.0000	0.0000	0.0000	0.0000	0.7699	0.6850	0.0849	0.2251	0.2136	0.0115	0.5447	0.4713	0.0734	0.2373	0.1215	0.1158	0.0291	0.0256	0.0036	0.2082	0.0959	0.1123	4082.1434	1354.4011	68185.2372	0.6034	0.5305	2502.7442	38215.2331	52131869.5836	76446.8208	0.0006	0.0011	0.0002	0.0045	0.0051	0.0000	0.0001	0.0000	0.0002
66	114	0.3160	12	0	2	0	1	0	0	0	0	N	Y	N	N	N	N	N	N	N	N	N	N	0.0000	0.0000	0.0000	0.0000	0.0000	0.0000	0.0000	0.0000	0.0000	0.0000	0.0000	0.0000	0.0000	0.0002	0.0005	0.0000	0.0004	0.0004	0.0000	0.0000	0.0000	0.0000	0.0000	0.0000	-0.0000	21.1811	0.0001	10.1862	0.0001	0.0000	0.0000	0.0000	0.0000	0.0000	0.0000	0.0000	0.0000	0.0000	0.0000	0.0000	0.0000	0.0000	0.0000	0.0000	0.0000	0.0000	0.0000	0.0000	0.0000	0.0000	0.0000	0.0000	0.0000	0.0000	0.0000	0.0000	0.0000	0.0000	0.0000	0.0000	0.0000	0.0000	0.0000	0.0000	0.0000	0.0000	0.0000	0.0000	0.0000	0.0000	0.0000	0.0000	0.0000	0.0000	0.0002	0.0004	0.0000	0.0004	0.0004	0.0000	0.0000	0.0000	0.0000						
66	115	0.3093	11	0	2	0	1	0	0	0	0	N	Y	N	N	N	N	N	N	N	N	N	N	0.2078	0.0827	0.1281	0.1054	0.0002	0.0002	0.0000	0.0007	0.0007	0.0000	0.0000	0.0000	0.0000	0.0008	0.0022	0.0000	0.0052	0.0066	0.0000	0.0000	0.0000	0.0000	0.0000	0.0000	-0.0000	-0.0000	21.1811	3.0007	10.1862	1.0012	0.0000	0.0000	0.0000	0.0000	0.0000	0.0000	0.0000	0.0000	0.0000	0.0000	0.0000	0.0000	0.0000	0.0000	0.0000	0.0000	0.0000	0.0000	0.2468	0.2183	0.0285	0.0606	0.0572	0.0034	0.1862	0.1611	0.0251	0.0621	0.0314	0.0307	0.0068	0.0058	0.0010	0.0553	0.0256	0.0297	0.3356	0.1917	0.0000	0.1500	0.1358	0.0000	0.0000	0.0000	0.0000	0.0005	0.0010	0.0000	0.0044	0.0052	0.0000	0.0000	0.0000	0.0000					
66	116	0.3074	10	0	1	0	1	0	0	0	0	N	N	N	N	N	N	N	N	N	N	N	N	10127.9436	5926.6769	34826.3015	3968.3108	3416.6602	inf	11147.2678	inf	22209.3679	0.0077	0.0079	0.0064	0.0245	0.0247	0.0205	0.0011	0.0007	0.0042	0.0000	0.0000	0.0000	0.0000	0.0000	0.0000	0.0000	0.0000	0.0000	0.1033	0.1367	-0.0001	-0.0000	21.1811	1.1177	10.1862	0.0023	0.0007	0.0007	0.0001	0.0007	0.0006	0.0000	0.0001	0.0000	0.0000	0.0000	0.0000	0.0000	0.0000	0.0000	0.0000	0.0000	0.0000	0.0000	0.0972	0.0863	0.0109	0.0274	0.0259	0.0015	0.0699	0.0604	0.0094	0.0175	0.0088	0.0087	0.0019	0.0016	0.0003	0.0156	0.0072	0.0084	10127.9436	5926.6769	34826.3015	3968.3108	3416.6602	inf	11147.2678	inf	22209.3679	0.0000	0.0000	0.0000	0.0000	0.0000	0.0000	0.0000	0.0000	0.0000
66	117	0.1237	4	0	2	0	0	0	0	0	0	N	Y	N	N	N	N	N	N	N	N	N	N	1.1924	41.5956	0.0001	0.1462	0.1739	0.0000	1.1843	9911.7789	0.0001	1.1333	1.2849	0.0002	0.0167	0.0174	0.0000	1.2887	1.4787	0.0002	0.9505	0.0309	2.8779	0.1139	0.1000	0.1520	1.0881	0.0001	2.7944	0.0000	74.9283	-0.8611	0.0927	21.1811	31.2782	10.1862	23.9277	2.9991	2.9991	0.0001	0.0054	0.0054	0.0000	2.9937	2.9937	0.0001	0.2587	0.0034	0.2553	0.0038	0.0034	0.0004	0.2549	0.0000	0.2549	2.6464	2.3341	0.3123	0.3233	0.3096	0.0136	2.3231	2.0245	0.2986	1.0765	0.5711	0.5054	0.0985	0.0941	0.0044	0.9780	0.4770	0.5010	4.7164	215.4020	0.0004	0.4340	0.4806	0.0000	4.9445	2973500.3887	0.0004	0.2403	0.0060	0.5051	0.0384	0.0362	0.0855	0.2606	0.0000	0.5088
66	118	0.3074	10	0	1	1	1	0	0	0	0	N	N	N	N	N	N	N	N	N	N	N	N	218114900.2983	943407008.5223	inf	inf	261188169.7669	1041839058.8515	3.0874	0.0000	26.9667	0.0006	0.0000	0.0109	4.1473	0.0000	30.7746	0.0000	0.0000	0.0000	0.0000	0.0000	0.0000	0.0000	0.0000	0.0000	inf	inf	0.7119	0.0000	21.1811	3.8827	10.1862	2.9998	0.9987	0.0000	0.9987	0.0001	0.0000	0.0001	0.9986	0.0000	0.9986	0.0000	0.0000	0.0000	0.0000	0.0000	0.0000	0.0000	0.0000	0.0000	0.3235	0.2864	0.0370	0.0827	0.0781	0.0046	0.2408	0.2083	0.0324	0.1060	0.0535	0.0525	0.0115	0.0098	0.0017	0.0945	0.0437	0.0508	218114900.2983	0.0000	943407008.5223	inf	0.0000	inf	261188169.7669	0.0000	1041839058.8515	0.0000	0.0000	0.0000	0.0000	0.0000	0.0000	0.0000	0.0000	0.0000			
66	119	0.3045	9	0	1	0	1	0	0	0	0	N	N	N	N	N	N	N	N	N	N	N	N	8114686.0479	56125.0201	42490605.4026	10070399.3273	28989.7232	inf	6825667.0350	inf	28305138.9099	2.0518	0.0025	19.7014	2.7337	0.0071	52.2746	1.7103	0.0001	13.1556	0.0000	0.0000	0.0000	0.0000	0.0000	0.0000	0.0000	0.0000	0.0000	900.7368	10.0909	0.4230	0.0000	21.1811	2.8083	10.1862	0.0030	0.5943	0.0007	0.5936	0.2642	0.0006	0.2636	0.3301	0.0000	0.3301	0.0000	0.0000	0.0000	0.0000	0.0000	0.0000	0.0000	0.0000	0.0000	0.2896	0.2595	0.0301	0.0966	0.0916	0.0050	0.1930	0.1679	0.0251	0.0439	0.0221	0.0218	0.0048	0.0041	0.0007	0.0391	0.0180	0.0211	8114686.0479	56125.0201	42490605.4026	10070399.3273	28989.7232	inf	6825667.0350	inf	28305138.9099	0.0000	0.0000	0.0000	0.0000	0.0000	0.0000	0.0000	0.0000	0.0000
66	120	0.3045	9	0	1	1	1	0	0	0	0	N	N	N	N	N	N	N	N	N	N	N	N	13223172.3255	inf	0.0000	inf	inf	7743792.3439	inf	0.0000	0.9129	1.0274	0.0000	1.7928	1.8975	0.0000	0.5821	0.6711	0.0000	0.0000	0.0000	0.0000	0.0000	0.0000	0.0000	0.0000	0.0000	0.0000	0.0000	inf	-0.2187	0.0000	21.1811	9.6158	10.1862	0.0030	0.7617	0.7617	0.0000	0.4087	0.4087	0.0000	0.3530	0.3530	0.0000	0.0000	0.0000	0.0000	0.0000	0.0000	0.0000	0.0000	0.0000	0.0000	0.8343	0.7413	0.0930	0.2280	0.2154	0.0126	0.6064	0.5259	0.0804	0.1477	0.0745	0.0733	0.0160	0.0137	0.0024	0.1317	0.0608	0.0709	13223172.3255	inf	0.0000	inf	inf	0.0000	7743792.3439	inf	0.0000	0.0000	0.0000	0.0000	0.0000	0.0000	0.0000	0.0000	0.0000	0.0000	
66	121	0.2948	8	0	1	0	1	0	0	0	0	N	N	N	N	N	N	N	N	N	N	N	N	7321.7435	14703.7916	22805.5976	158.8604	153.1353	231.2328	3875.9944	65199.9907	26480.5645	1.6235	0.7155	9.4236	0.0260	0.0262	0.0227	2.4883	1.1267	11.1974	0.0002	0.0000	0.0004	0.0002	0.0002	0.0001	0.0006	0.0000	0.0004	1.5331	8.9224	0.2146	0.0000	21.1811	4.2457	10.1862	2.0144	0.6745	0.2663	0.4082	0.0038	0.0036	0.0002	0.6707	0.2627	0.4081	0.0000	0.0000	0.0000	0.0000	0.0000	0.0000	0.0000	0.0000	0.0000	0.4155	0.3722	0.0433	0.1459	0.1390	0.0069	0.2696	0.2331	0.0364	0.1088	0.0566	0.0522	0.0157	0.0141	0.0016	0.0931	0.0424	0.0507	7359.3722	16733.1683	22805.5976	158.8604	153.1353	231.2328	10809.7046	23902701.3646	26480.5645	0.0002	0.0000	0.0004	0.0002	0.0002	0.0001	0.0002	0.0000	0.0004
66	122	0.2527	7	0	1	0	1	0	0	0	0	N	N	N	N	N	N	N	N	N	N	N	N	0.5474	0.3259	5.1776	0.0958	0.0853	1.3065	0.7914	241.4245	5.9694	0.0048	0.0034	0.0162	0.0040	0.0042	0.0001	0.0051	0.0031	0.0183	0.0088	0.0105	0.0031	0.0420	0.0495	0.0001	0.0065	0.0000	0.0031	0.5979	1.0116	0.0004	-0.0001	21.1811	11.9190	10.1862	13.1740	0.0051	0.0032	0.0019	0.0011	0.0011	0.0000	0.0040	0.0021	0.0019	0.0012	0.0006	0.0006	0.0006	0.0006	0.0000	0.0006	0.0000	0.0006	1.0486	0.9316	0.1170	0.2758	0.2624	0.0134	0.7728	0.6692	0.1036	0.3893	0.1944	0.1949	0.0290	0.0263	0.0027	0.3603	0.1681	0.1922	1.6057	1.1361	5.3612	0.2001	0.1907	1.3065	3.1342	91304.2041	5.9694	0.0030	0.0030	0.0030	0.0201	0.0222	0.0001	0.0016	0.0000	0.0031
66	123	0.4989	9	0	1	1	1	0	0	0	0	N	N	N	N	N	N	N	N	N	N	N	N	11277.6235	0.2925	22642053.3724	0.4183	0.3707	5546296.1007	0.0000	23339602.4010	0.8835	0.0000	8.2820	0.0001	0.0001	0.0000	1.2531	0.0000	9.5191	0.0001	0.0001	0.0000	0.0003	0.0003	0.0000	0.0000	0.0000	0.0000	25072.7145	0.0019	0.7128	-0.0000	21.1811	12.8936	10.1862	4.1514	1.0000	0.0000	0.9999	0.0000	0.0000	0.0000	0.9999	0.0000	0.9999	0.0000	0.0000	0.0000	0.0000	0.0000	0.0000	0.0000	0.0000	0.0000	1.1319	1.0112	0.1207	0.3339	0.3183	0.0157	0.7980	0.6929	0.1050	0.2566	0.1508	0.1058	0.0702	0.0593	0.0109	0.1863	0.0914	0.0949	11277.6235	0.2964	22642053.3724	0.4183	0.3707	0.0000	5546296.1007	0.0000	23339602.4010	0.0001	0.0001	0.0000	0.0003	0.0003	0.0000	0.0000	0.0000	0.0000	
66	124	0.2680	8	0	2	0	0	0	0	0	0	N	Y	N	N	N	N	N	N	N	N	N	N	0.0259	82.6526	0.0000	0.2504	0.8931	0.0008	0.0289	1111.5806	0.0000	0.0248	0.0279	0.0000	0.0007	0.0008	0.0001	0.0323	0.0372	0.0000	0.9564	0.0003	2.8700	0.0029	0.0009	0.0855	1.1161	0.0000	2.7934	0.0001	1772.7757	-0.0076	0.0392	21.1811	12.7386	10.1862	8.7370	0.0266	0.0266	0.0000	0.0002	0.0002	0.0000	0.0264	0.0264	0.0000	0.1056	0.0001	0.1055	0.0002	0.0001	0.0002	0.1054	0.0000	0.1054	1.0751	0.9533	0.1218	0.2553	0.2424	0.0129	0.8198	0.7109	0.1089	0.4225	0.2123	0.2103	0.0715	0.0688	0.0027	0.3510	0.1435	0.2076	0.0991	99.6060	0.0000	0.2504	0.8931	0.0013	0.1075	410414.8673	0.0000	0.2499	0.0003	0.5018	0.0029	0.0009	0.0565	0.3001	0.0000	0.5076
66	125	0.2527	7	0	2	0	0	0	0	0	0	N	Y	N	N	N	N	N	N	N	N	N	N	0.0029	0.0027	0.0001	0.0035	0.0035	4.0216	0.0002	0.0375	0.0001	0.0030	0.0033	0.0002	0.0098	0.0103	0.0010	0.0003	0.0003	0.0001	1.0290	1.2080	2.6094	2.8253	2.9164	0.0002	1.0619	0.0072	2.5688	0.0087	1.4471	-0.0007	-0.0022	21.1811	8.6431	10.1862	1.4782	0.0024	0.0023	0.0000	0.0022	0.0022	0.0000	0.0001	0.0001	0.0000	0.0600	0.0245	0.0355	0.0245	0.0245	0.0000	0.0355	0.0000	0.0355	0.7956	0.7085	0.0871	0.2250	0.2146	0.0104	0.5706	0.4939	0.0767	0.1668	0.0836	0.0832	0.0144	0.0133	0.0011	0.1524	0.0703	0.0821	0.0082	0.0112	0.0005	0.0058	0.0056	4.0216	0.0011	0.9508	0.0003	0.3597	0.2934	0.4263	1.7022	1.8458	0.0002	0.2329	0.0003	0.4321
66	126	0.2432	6	0	1	0	0	0	0	0	0	N	N	N	N	N	N	N	N	N	N	N	N	5.0583	4.5970	1.1885	12.8689	13.3483	3.2863	0.0834	inf	1.3987	0.2938	0.3272	0.0222	1.0600	1.1013	0.0389	0.0028	0.0000	0.0204	0.0581	0.0712	0.0187	0.0824	0.0825	0.0118	0.0334	0.0000	0.0146	0.0084	0.9033	-0.0352	-0.0002	21.1811	4.1618	10.1862	2.0491	0.1263	0.1252	0.0010	0.1254	0.1252	0.0002	0.0009	0.0000	0.0009	0.0011	0.0006	0.0005	0.0006	0.0006	0.0000	0.0005	0.0000	0.0005	0.4297	0.3826	0.0470	0.1183	0.1137	0.0046	0.3114	0.2689	0.0424	0.1240	0.0696	0.0543	0.0189	0.0182	0.0007	0.1051	0.0515	0.0536	32.2891	38.4465	2.2559	33.2912	33.7824	3.2863	0.5551	inf	2.0783	0.0091	0.0085	0.0099	0.0318	0.0326	0.0118	0.0050	0.0000	0.0098
66	127	0.2140	5	0	1	0	0	0	0	0	0	N	N	N	N	N	N	N	N	N	N	N	N	59.1694	1.7028	501.6201	17.6018	1.0744	21.8192	44.6562	inf	655.9297	0.1636	0.0001	1.3751	0.0330	0.0003	0.5561	0.1979	0.0001	1.4693	0.0028	0.0001	0.0027	0.0019	0.0002	0.0255	0.0044	0.0000	0.0022	1794.2038	35.4593	0.0893	0.0001	21.1811	9.4810	10.1862	7.4917	0.1253	0.0001	0.1252	0.0053	0.0000	0.0052	0.1200	0.0000	0.1200	0.0004	0.0000	0.0004	0.0001	0.0000	0.0001	0.0003	0.0000	0.0003	0.7660	0.6749	0.0911	0.1593	0.1499	0.0094	0.6067	0.5250	0.0817	0.3057	0.1729	0.1328	0.0445	0.0415	0.0030	0.2612	0.1314	0.1298	133.5883	1.7414	501.6201	17.6018	1.0744	22.8050	177.7208	inf	655.9297	0.0012	0.0001	0.0027	0.0019	0.0002	0.0244	0.0011	0.0000	0.0022
66	128	0.5111	10	1	2	0	0	0	0	0	0	N	Y	N	N	N	N	N	N	N	N	N	N	68907.2943	inf	inf	inf	inf	inf	0.0013	0.0014	0.0000	0.0000	0.0000	0.0000	0.0018	0.0020	0.0000	0.0000	0.0000	0.0000	0.0000	0.0000	0.0000	0.0000	0.0000	0.0000	0.0000	-0.0001	-0.0000	21.1811	2.0107	10.1862	1.9995	0.0002	0.0002	0.0000	0.0000	0.0000	0.0000	0.0002	0.0002	0.0000	0.0000	0.0000	0.0000	0.0000	0.0000	0.0000	0.0000	0.0000	0.0000	0.1651	0.1464	0.0187	0.0464	0.0440	0.0024	0.1187	0.1024	0.0163	0.0598	0.0355	0.0243	0.0177	0.0151	0.0027	0.0420	0.0205	0.0216	68907.2943	inf	0.0000	inf	inf	0.0000	inf	inf	0.0000	0.0000	0.0000	0.0000	0.0000	0.0000	0.0000	0.0000	0.0000	0.0000				
66	129	0.4989	9	1	2	0	0	0	0	0	0	N	Y	N	N	N	N	N	N	N	N	N	N	2019913.1213	1945127.4889	0.0000	52.7255	46.8996	6177428.4029	88873.4123	0.0000	1.7871	1.9869	0.0000	0.0001	0.0001	0.0000	2.6627	3.0598	0.0000	0.0000	0.0000	0.0000	0.0000	0.0000	0.0000	0.0000	0.0000	0.0000	0.0000	0.4687	-0.2862	-0.0000	21.1811	5.6459	10.1862	1.1399	0.9968	0.9968	0.0000	0.0000	0.0000	0.0000	0.9968	0.9968	0.0000	0.0000	0.0000	0.0000	0.0000	0.0000	0.0000	0.0000	0.0000	0.0000	0.5578	0.5017	0.0561	0.1834	0.1759	0.0075	0.3743	0.3258	0.0486	0.1059	0.0625	0.0434	0.0293	0.0249	0.0045	0.0766	0.0376	0.0390	2019913.1213	1945127.4889	0.0000	52.7255	46.8996	0.0000	6177428.4029	32860325.7237	0.0000	0.0000	0.0000	0.0000	0.0000	0.0000	0.0000	0.0000	0.0000	0.0000	
66	130	0.4686	8	0	1	0	0	0	0	0	0	N	N	N	N	N	N	N	N	N	N	N	N	23.2786	8.3416	0.1813	0.1408	0.1300	0.2441	563.7892	1183.2645	0.0000	0.5009	0.5587	0.0003	0.0045	0.0046	0.0027	0.7158	0.8242	0.0000	0.0215	0.0670	0.0017	0.0320	0.0353	0.0112	0.0013	0.0007	0.0008	0.0001	0.1296	-0.1794	-0.0011	21.1811	11.6079	10.1862	5.3766	0.6248	0.6247	0.0000	0.0017	0.0017	0.0000	0.6231	0.6231	0.0000	0.0021	0.0019	0.0002	0.0020	0.0019	0.0001	0.0001	0.0000	0.0001	1.2473	1.1182	0.1291	0.3769	0.3623	0.0146	0.8704	0.7559	0.1145	0.3640	0.2233	0.1408	0.1193	0.1068	0.0124	0.2447	0.1164	0.1283	87.0091	67.2321	0.1813	0.2698	0.2640	0.2441	1731.9742	172034.4656	0.0000	0.0058	0.0083	0.0017	0.0167	0.0174	0.0112	0.0004	0.0000	0.0008
66	131	0.4507	7	0	1	0	0	0	0	0	0	N	N	N	N	N	N	N	N	N	N	N	N	3.4523	2.5687	0.1057	0.5495	0.5689	0.0357	19.9793	3.5689	0.1547	0.8565	0.9541	0.0019	0.0577	0.0604	0.0004	1.2306	1.4136	0.0021	0.2481	0.3714	0.0176	0.1051	0.1062	0.0116	0.0616	0.3961	0.0136	0.0002	0.2166	-0.1108	-0.0030	21.1811	3.9355	10.1862	8.7078	0.3863	0.3863	0.0001	0.0083	0.0083	0.0000	0.3780	0.3779	0.0001	0.0067	0.0055	0.0012	0.0049	0.0048	0.0001	0.0017	0.0007	0.0011	0.4511	0.4049	0.0462	0.1439	0.1375	0.0064	0.3072	0.2674	0.0398	0.3732	0.2465	0.1267	0.1345	0.1251	0.0094	0.2388	0.1214	0.1173	48.0534	43.0160	0.1996	1.5828	1.5755	0.0357	168.2526	255.8543	0.2289	0.0178	0.0222	0.0093	0.0365	0.0383	0.0116	0.0073	0.0055	0.0092
66	132	0.4391	6	0	1	0	0	0	0	0	0	N	N	N	N	N	N	N	N	N	N	N	N	0.1216	0.0919	3.7230	0.1942	0.1925	0.2503	0.4498	0.0879	5.0957	0.0626	0.0592	0.0919	0.0983	0.1025	0.0033	0.0456	0.0365	0.1052	0.5151	0.6446	0.0247	0.5062	0.5323	0.0131	0.1014	0.4150	0.0207	0.1782	0.1184	-0.0060	-0.0070	21.1811	6.2657	10.1862	3.9760	0.0440	0.0373	0.0067	0.0223	0.0223	0.0000	0.0217	0.0151	0.0066	0.0134	0.0120	0.0014	0.0115	0.0114	0.0001	0.0019	0.0006	0.0013	0.7023	0.6299	0.0724	0.2267	0.2173	0.0094	0.4755	0.4126	0.0629	0.3252	0.2120	0.1132	0.1195	0.1116	0.0079	0.2057	0.1004	0.1053	1.5202	1.0486	7.3401	1.0227	1.0039	0.2503	4.9269	6.2170	8.4327	0.0412	0.0565	0.0125	0.0961	0.1021	0.0131	0.0093	0.0059	0.0125
66	133	0.3618	5	0	1	0	0	0	0	0	0	N	N	N	N	N	N	N	N	N	N	N	N	1.0196	0.6353	1.9703	0.3072	0.3278	0.1234	1.1168	0.8362	2.3376	0.8890	0.5431	3.6644	0.3448	0.3591	0.0602	1.0684	0.6096	4.0965	0.8719	0.8548	1.8599	1.1225	1.0955	0.4876	0.9567	0.7290	1.7525	0.8409	1.7228	0.3644	0.0007	21.1811	26.7012	10.1862	18.2690	2.1479	1.1667	0.9811	0.2066	0.2049	0.0017	1.9413	0.9619	0.9794	0.1634	0.0600	0.1034	0.0574	0.0543	0.0031	0.1060	0.0057	0.1002	2.4162	2.1484	0.2677	0.5992	0.5705	0.0287	1.8170	1.5779	0.2391	0.9849	0.5761	0.4087	0.2471	0.2304	0.0167	0.7378	0.3457	0.3920	5.3589	5.2142	14.4898	1.4838	1.5242	0.3202	7.4392	36.8355	16.0230	0.1659	0.1041	0.2529	0.2324	0.2356	0.1880	0.1436	0.0165	0.2557
66	134	0.1237	4	0	1	0	0	0	0	0	0	N	N	N	N	N	N	N	N	N	N	N	N	0.0425	0.0097	7.7460	0.0025	0.0023	4.3340	0.4037	0.3493	8.7778	0.0679	0.0281	0.3658	0.0579	0.0553	0.1117	0.0691	0.0245	0.3770	1.5974	2.8972	0.0472	22.7381	24.3424	0.0258	0.1711	0.0702	0.0429	1.7419	0.0071	0.1102	-1.7644	21.1811	61.4372	10.1862	55.8589	0.3164	0.1154	0.2010	0.0288	0.0262	0.0026	0.2876	0.0892	0.1984	2.8399	2.8199	0.0200	2.8188	2.8186	0.0002	0.0211	0.0013	0.0198	4.6607	4.1113	0.5494	0.4973	0.4742	0.0231	4.1634	3.6371	0.5263	1.8671	0.9733	0.8938	0.1240	0.1158	0.0082	1.7431	0.8575	0.8856	0.0446	0.0097	16.3489	0.0025	0.0023	4.5262	5.7074	16.1713	16.8634	1.5210	2.8972	0.0224	22.7381	24.3424	0.0247	0.0121	0.0015	0.0224
67	68	0.3293	8	0	1	1	0	0	0	0	0	N	N	N	N	N	N	N	N	N	N	N	N	0.4041	0.3232	4.3721	0.7043	0.6837	1.0094	0.3050	0.0215	4.9711	0.0017	0.0005	0.0123	0.0012	0.0012	0.0013	0.0020	0.0001	0.0145	0.0042	0.0016	0.0028	0.0018	0.0018	0.0013	0.0065	0.0028	0.0029	2.6921	2.8455	0.0004	0.0000	7.4253	15.0354	0.9851	6.2061	0.0010	0.0003	0.0007	0.0003	0.0003	0.0000	0.0007	0.0000	0.0007	0.0002	0.0000	0.0001	0.0000	0.0000	0.0000	0.0001	0.0000	0.0001	0.5893	0.5295	0.0598	0.2156	0.2060	0.0096	0.3737	0.3235	0.0501	0.1131	0.0634	0.0497	0.0283	0.0256	0.0027	0.0848	0.0378	0.0470	1.0240	0.6653	4.3721	0.7043	0.6837	1.0094	1.2083	0.7548	4.9711	0.0017	0.0008	0.0028	0.0018	0.0018	0.0013	0.0016	0.0001	0.0029
67	69	0.2613	7	0	1	0	0	0	0	0	0	N	N	N	N	N	N	N	N	N	N	N	N	0.0090	0.2609	0.0140	2.7713	2.4642	16.2197	0.0002	0.0002	0.0016	0.0026	0.0028	0.0015	0.0080	0.0079	0.0091	0.0001	0.0001	0.0002	0.2939	0.0106	0.1078	0.0029	0.0032	0.0006	0.3815	0.2234	0.1005	0.0628	11.4220	-0.0006	0.0010	7.4253	27.6811	0.9851	13.1592	0.0026	0.0024	0.0002	0.0026	0.0024	0.0001	0.0000	0.0000	0.0000	0.0034	0.0003	0.0031	0.0001	0.0001	0.0000	0.0033	0.0002	0.0031	0.9847	0.8826	0.1021	0.3213	0.3058	0.0154	0.6634	0.5768	0.0867	0.1707	0.0893	0.0813	0.0259	0.0232	0.0027	0.1448	0.0661	0.0787	0.1333	0.9099	0.0394	2.7713	2.5196	16.2197	0.0030	0.0178	0.0040	0.0198	0.0030	0.0383	0.0029	0.0031	0.0006	0.0229	0.0030	0.0395
67	70	0.2264	6	0	1	0	0	0	0	0	0	N	N	N	N	N	N	N	N	N	N	N	N	1.3985	2.2537	1.7078	2.5342	2.2281	48.5526	0.7685	0.9295	0.8038	0.0042	0.0043	0.0031	0.0063	0.0060	0.0131	0.0031	0.0034	0.0015	0.0030	0.0019	0.0018	0.0025	0.0027	0.0003	0.0041	0.0036	0.0019	0.0847	1.7454	-0.0006	0.0000	7.4253	19.6565	0.9851	4.0504	0.0031	0.0028	0.0002	0.0015	0.0013	0.0001	0.0016	0.0015	0.0001	0.0001	0.0001	0.0001	0.0000	0.0000	0.0000	0.0001	0.0000	0.0001	0.7340	0.6570	0.0771	0.2348	0.2242	0.0106	0.4993	0.4328	0.0665	0.1156	0.0632	0.0524	0.0198	0.0182	0.0016	0.0958	0.0451	0.0507	3.2205	4.9814	1.7078	2.5342	2.2281	48.5526	3.0112	28.7930	0.8038	0.0013	0.0009	0.0018	0.0025	0.0027	0.0003	0.0010	0.0001	0.0019
67	71	0.0170	2	1	2	0	0	0	0	0	0	N	Y	N	N	N	N	N	N	N	N	N	N	84.9330	12.1435	8151.3504	0.0073	0.0074	inf	67.3895	3.5357	8201.2630	1.7681	1.5904	2.4106	0.0173	0.0173	0.0170	2.2021	2.1201	2.4253	0.0208	0.1310	0.0003	2.3614	2.3459	0.0000	0.0327	0.5996	0.0003	0.4191	0.0277	0.0116	-0.0004	7.4253	17.5448	0.9851	6.0013	1.4194	1.0002	0.4192	0.0028	0.0027	0.0000	1.4167	0.9975	0.4192	0.0007	0.0007	0.0000	0.0001	0.0001	0.0000	0.0006	0.0006	0.0000	0.8028	0.6289	0.1739	0.1595	0.1584	0.0011	0.6433	0.4705	0.1728	0.1318	0.0642	0.0676	0.0001	0.0001	0.0000	0.1317	0.0641	0.0676	314.3115	141.5380	8151.3504	0.0181	0.0179	inf	446.3789	215.8254	8201.2630	0.0056	0.0112	0.0003	0.9535	0.9637	0.0000	0.0049	0.0098	0.0003
67	72	0.0854	5	1	2	1	0	0	0	0	0	N	Y	N	N	N	N	N	N	N	N	N	N	13.4391	6.4908	73.9168	37.2994	16.2660	inf	5.9468	inf	73.3734	0.0190	0.0003	0.1405	0.0034	0.0015	0.0968	0.0216	0.0000	0.1414	0.0014	0.0000	0.0019	0.0001	0.0001	0.0000	0.0036	0.0000	0.0019	84.9880	38.5389	0.0009	0.0000	7.4253	1.8980	0.9851	2.9698	0.0013	0.0000	0.0013	0.0000	0.0000	0.0000	0.0013	0.0000	0.0013	0.0000	0.0000	0.0000	0.0000	0.0000	0.0000	0.0000	0.0000	0.0000	0.0676	0.0586	0.0091	0.0097	0.0095	0.0002	0.0579	0.0490	0.0089	0.0397	0.0242	0.0156	0.0083	0.0081	0.0002	0.0314	0.0161	0.0153	24.9245	8.0510	73.9168	37.2994	16.2660	inf	22.9915	inf	73.3734	0.0008	0.0000	0.0019	0.0001	0.0001	0.0000	0.0009	0.0000	0.0019
67	73	0.0658	4	1	1	1	0	0	0	0	0	N	N	N	N	N	N	N	N	N	N	N	N	3.3349	0.1069	17.5832	0.5468	0.5465	0.0043	4.6217	0.0048	22.5110	1.8014	0.0244	8.9770	0.0483	0.0489	0.0000	2.8884	0.0025	9.1830	0.5402	0.2281	0.5105	0.0883	0.0894	0.0054	0.6250	0.5194	0.4079	91.2123	4.2808	0.3955	0.0005	7.4253	3.5853	0.9851	4.3819	0.5634	0.0061	0.5573	0.0058	0.0058	0.0000	0.5576	0.0003	0.5573	0.0025	0.0005	0.0020	0.0003	0.0003	0.0000	0.0022	0.0002	0.0020	0.3127	0.2507	0.0621	0.1197	0.1183	0.0014	0.1931	0.1324	0.0607	0.0558	0.0325	0.0233	0.0084	0.0082	0.0002	0.0474	0.0243	0.0231	40.2729	1.6762	103.3587	1.4491	1.4368	0.0043	61.7794	0.3118	104.8771	0.0447	0.0145	0.0869	0.0333	0.0340	0.0054	0.0468	0.0080	0.0876
67	74	0.0344	3	1	1	1	0	0	0	0	0	N	N	N	N	N	N	N	N	N	N	N	N	1.3968	1.2056	16.2234	1.2101	1.2723	0.0224	1.4290	0.3577	18.2728	0.3184	0.2423	0.6996	0.4960	0.5030	0.0001	0.2687	0.1512	0.7125	0.2280	0.2010	0.0431	0.4099	0.3953	0.0030	0.1880	0.4227	0.0390	0.5771	1.3378	0.0136	-0.0001	7.4253	12.3589	0.9851	7.3592	0.1728	0.1096	0.0632	0.0589	0.0589	0.0000	0.1139	0.0507	0.0632	0.0020	0.0008	0.0011	0.0005	0.0005	0.0000	0.0015	0.0003	0.0011	0.5426	0.4522	0.0904	0.1187	0.1171	0.0016	0.4239	0.3351	0.0887	0.1172	0.0626	0.0547	0.0064	0.0062	0.0001	0.1109	0.0563	0.0546	18.9412	17.9823	33.9030	6.1816	6.1722	0.0224	20.3864	25.5031	34.4758	0.0168	0.0135	0.0206	0.0802	0.0815	0.0030	0.0132	0.0059	0.0207
67	75	0.0170	2	1	1	1	0	0	0	0	0	N	N	N	N	N	N	N	N	N	N	N	N	7.4318	69.9048	13.8275	27.3511	27.3877	2.1808	1.5736	0.0612	15.4721	0.4745	0.4782	0.4634	1.3695	1.3756	0.0289	0.1633	0.0087	0.4655	0.0638	0.0068	0.0335	0.0501	0.0502	0.0133	0.1037	0.1418	0.0301	0.3269	7.6306	-0.0114	0.0002	7.4253	10.2127	0.9851	1.0234	0.2797	0.2108	0.0689	0.2083	0.2083	0.0000	0.0714	0.0025	0.0689	0.0006	0.0001	0.0005	0.0000	0.0000	0.0000	0.0006	0.0001	0.0005	0.5895	0.4408	0.1487	0.1521	0.1514	0.0007	0.4374	0.2894	0.1480	0.0649	0.0316	0.0333	0.0001	0.0001	0.0000	0.0648	0.0315	0.0333	50.5740	214.0403	28.6860	59.9643	60.0957	2.1808	17.4379	3.9973	28.8113	0.0094	0.0022	0.0162	0.0228	0.0229	0.0133	0.0094	0.0022	0.0162
67	79	0.1764	5	0	2	0	0	0	0	0	0	N	Y	N	N	N	N	N	N	N	N	N	N	886.6392	1297.0557	0.0003	15.5923	14.8900	inf	691.8354	206.7386	0.0000	1.3784	1.5561	0.0000	0.0234	0.0247	0.0000	1.7552	2.0198	0.0000	0.0016	0.0012	0.0010	0.0015	0.0017	0.0000	0.0025	0.0098	0.0010	0.0000	1.3794	-0.2875	-0.0000	7.4253	23.9173	0.9851	17.8091	1.0013	1.0013	0.0000	0.0037	0.0037	0.0000	0.9976	0.9976	0.0000	0.0001	0.0001	0.0001	0.0000	0.0000	0.0000	0.0001	0.0000	0.0001	0.7264	0.6435	0.0830	0.1580	0.1495	0.0085	0.5684	0.4939	0.0745	0.1852	0.0992	0.0860	0.0217	0.0196	0.0021	0.1635	0.0797	0.0839	1710.1080	2461.3916	0.0003	15.5923	14.8900	inf	2458.5674	5327.1075	0.0000	0.0008	0.0006	0.0010	0.0015	0.0017	0.0000	0.0007	0.0004	0.0010
67	80	0.1603	4	0	2	0	0	0	0	0	0	N	Y	N	N	N	N	N	N	N	N	N	N	0.1364	0.0920	0.0036	0.0040	0.0037	1.2149	0.1980	0.0216	0.0016	0.0006	0.0007	0.0000	0.0000	0.0000	0.0000	0.0007	0.0008	0.0000	0.0042	0.0071	0.0008	0.0068	0.0074	0.0000	0.0036	0.0383	0.0008	0.0006	0.2364	-0.0000	-0.0000	7.4253	6.1279	0.9851	3.6878	0.0001	0.0001	0.0000	0.0000	0.0000	0.0000	0.0001	0.0001	0.0000	0.0001	0.0001	0.0000	0.0001	0.0001	0.0000	0.0000	0.0000	0.0000	0.1916	0.1693	0.0224	0.0385	0.0365	0.0020	0.1531	0.1327	0.0204	0.0559	0.0332	0.0227	0.0096	0.0091	0.0005	0.0463	0.0241	0.0222	0.3467	0.2879	0.0036	0.0052	0.0050	1.2149	0.7698	0.7868	0.0016	0.0017	0.0023	0.0008	0.0052	0.0055	0.0000	0.0009	0.0011	0.0008
67	81	0.2484	8	1	1	1	0	0	0	0	0	N	N	N	N	N	N	N	N	N	N	N	N	5.9816	7.7724	103.0748	70.5260	66.7265	1407.3773	5.8118	0.0050	131.5017	2.2087	0.2845	15.5181	1.0776	1.1302	0.2080	2.5503	0.0021	17.3115	0.3692	0.0366	0.1506	0.0153	0.0169	0.0001	0.4388	0.4179	0.1316	7.8857	6.8836	1.1446	0.0011	7.4253	27.2690	0.9851	12.3406	1.9067	0.2146	1.6921	0.2158	0.2134	0.0024	1.6909	0.0012	1.6897	0.0045	0.0006	0.0039	0.0001	0.0001	0.0000	0.0044	0.0005	0.0039	0.8633	0.7542	0.1090	0.2002	0.1888	0.0114	0.6630	0.5654	0.0976	0.1766	0.0888	0.0878	0.0115	0.0107	0.0008	0.1651	0.0781	0.0870	86.6175	44.2269	346.5373	111.1175	108.5335	1407.3773	95.8853	0.3549	383.0731	0.0255	0.0064	0.0448	0.0097	0.0104	0.0001	0.0266	0.0059	0.0452
67	82	0.2330	7	0	1	0	0	0	0	0	0	N	N	N	N	N	N	N	N	N	N	N	N	185.0625	29.6084	3803.0163	35.4503	32.0587	10971.7978	189.5107	0.1107	4404.0693	1.0758	0.2463	6.7869	0.6131	0.6441	0.0627	1.3185	0.0095	7.9246	0.0058	0.0083	0.0018	0.0173	0.0201	0.0000	0.0070	0.0862	0.0018	4.0021	0.7310	0.2046	-0.0000	7.4253	9.0798	0.9851	0.9519	0.3988	0.0797	0.3191	0.0782	0.0778	0.0004	0.3206	0.0019	0.3187	0.0001	0.0001	0.0000	0.0000	0.0000	0.0000	0.0001	0.0000	0.0000	0.3707	0.3237	0.0470	0.1276	0.1208	0.0068	0.2432	0.2029	0.0402	0.0448	0.0219	0.0230	0.0021	0.0019	0.0002	0.0427	0.0199	0.0228	496.7023	95.9626	3803.0163	58.1068	55.5881	10971.7978	753.3943	5.6364	4404.0693	0.0022	0.0026	0.0018	0.0106	0.0116	0.0000	0.0018	0.0017	0.0018
67	83	0.1603	4	0	2	0	0	0	0	0	0	N	Y	N	N	N	N	N	N	N	N	N	N	538.6024	11458.3018	10.0096	7.7636	27089.5965	0.0000	608.1674	383.1569	18.7788	0.9979	1.1258	0.0188	0.0273	0.0288	0.0000	1.2389	1.4232	0.0206	0.0019	0.0001	0.0019	0.0035	0.0000	0.0435	0.0020	0.0037	0.0011	0.0022	16.6206	-0.1799	0.0000	7.4253	21.0000	0.9851	14.4214	0.6314	0.6301	0.0014	0.0034	0.0034	0.0000	0.6280	0.6266	0.0014	0.0001	0.0000	0.0001	0.0001	0.0000	0.0001	0.0001	0.0000	0.0001	0.6327	0.5597	0.0731	0.1258	0.1194	0.0065	0.5069	0.4403	0.0666	0.1611	0.0864	0.0747	0.0177	0.0160	0.0017	0.1434	0.0704	0.0730	1083.4987	11549.2254	10.0096	8.0489	27089.5965	0.0000	2010.2329	11919.3931	18.7788	0.0009	0.0001	0.0019	0.0034	0.0000	0.0355	0.0006	0.0001	0.0011
67	84	0.2180	8	0	1	1	0	0	0	0	0	N	N	N	N	N	N	N	N	N	N	N	N	2.7823	2.1557	0.0722	0.0082	0.0078	182.9483	213.4758	432.2394	0.0815	1.4030	1.5787	0.0003	0.0106	0.0111	0.0001	1.8783	2.1637	0.0003	0.5043	0.7323	0.0037	1.2978	1.4284	0.0000	0.0088	0.0050	0.0036	0.0000	0.0443	-0.2612	-0.0031	7.4253	20.4085	0.9851	11.0867	0.9099	0.9099	0.0000	0.0017	0.0017	0.0000	0.9081	0.9081	0.0000	0.0052	0.0050	0.0002	0.0050	0.0050	0.0000	0.0002	0.0000	0.0002	0.6485	0.5763	0.0722	0.1650	0.1566	0.0084	0.4835	0.4197	0.0638	0.1336	0.0681	0.0654	0.0179	0.0148	0.0031	0.1157	0.0534	0.0623	35.8599	21.4957	0.0787	0.0378	0.0329	182.9483	938.4420	11552.9030	0.0815	0.0391	0.0734	0.0034	0.2796	0.3384	0.0000	0.0020	0.0002	0.0036
67	85	0.2142	7	0	1	1	0	0	0	0	0	N	N	N	N	N	N	N	N	N	N	N	N	0.0133	0.0193	0.0006	0.0288	0.0251	0.0000	0.0158	0.3157	0.0008	0.0046	0.0051	0.0001	0.0052	0.0054	0.0000	0.0043	0.0049	0.0001	0.3444	0.2638	0.0809	0.1807	0.2156	0.0004	0.2687	0.0155	0.0720	0.0012	1.6071	-0.0002	-0.0000	7.4253	3.1287	0.9851	1.1816	0.0006	0.0006	0.0000	0.0002	0.0002	0.0000	0.0004	0.0004	0.0000	0.0005	0.0002	0.0003	0.0002	0.0002	0.0000	0.0003	0.0000	0.0003	0.1320	0.1185	0.0135	0.0441	0.0423	0.0018	0.0879	0.0761	0.0117	0.0219	0.0120	0.0099	0.0039	0.0034	0.0005	0.0180	0.0086	0.0095	0.1983	0.3146	0.0017	0.1072	0.0982	0.0000	0.2425	8.5588	0.0018	0.0231	0.0162	0.0314	0.0485	0.0552	0.0004	0.0175	0.0006	0.0329
67	86	0.2073	6	0	1	0	0	0	0	0	0	N	N	N	N	N	N	N	N	N	N	N	N	0.0372	0.0346	0.0024	0.0025	0.0023	0.0003	0.0864	0.2428	0.0032	0.0028	0.0031	0.0001	0.0002	0.0002	0.0000	0.0038	0.0044	0.0001	0.0753	0.0904	0.0209	0.0615	0.0729	0.0034	0.0446	0.0182	0.0178	0.0019	0.9932	-0.0001	-0.0000	7.4253	4.0532	0.9851	2.2470	0.0004	0.0004	0.0000	0.0000	0.0000	0.0000	0.0004	0.0004	0.0000	0.0003	0.0002	0.0002	0.0002	0.0002	0.0000	0.0002	0.0000	0.0002	0.1446	0.1293	0.0153	0.0411	0.0392	0.0019	0.1035	0.0902	0.0134	0.0329	0.0179	0.0150	0.0057	0.0051	0.0007	0.0272	0.0128	0.0143	0.2815	0.3406	0.0047	0.0057	0.0053	0.0003	0.6184	6.8210	0.0051	0.0099	0.0092	0.0109	0.0276	0.0308	0.0034	0.0062	0.0006	0.0112
67	87	0.1841	5	0	1	0	0	0	0	0	0	N	N	N	N	N	N	N	N	N	N	N	N	0.0010	0.0012	0.0002	0.0023	0.0024	0.0018	0.0001	0.0001	0.0003	0.0009	0.0009	0.0003	0.0021	0.0022	0.0000	0.0001	0.0001	0.0004	0.8380	0.7662	1.6378	0.9173	0.9374	0.0118	0.9254	0.9539	1.5253	0.0384	1.8077	-0.0000	0.0002	7.4253	4.7288	0.9851	9.8540	0.0002	0.0002	0.0000	0.0002	0.0002	0.0000	0.0000	0.0000	0.0000	0.0119	0.0042	0.0076	0.0030	0.0030	0.0000	0.0089	0.0012	0.0076	0.1896	0.1708	0.0188	0.0716	0.0684	0.0031	0.1181	0.1024	0.0157	0.0867	0.0506	0.0361	0.0169	0.0159	0.0010	0.0698	0.0346	0.0351	0.0064	0.0112	0.0015	0.0121	0.0119	0.0018	0.0008	0.0017	0.0018	0.1367	0.0835	0.2111	0.1773	0.1878	0.0118	0.1268	0.0355	0.2168
67	88	0.1603	4	0	1	0	0	0	0	0	0	N	N	N	N	N	N	N	N	N	N	N	N	0.0053	0.0000	0.1284	0.0000	0.0000	0.1234	0.0120	0.0004	0.1758	0.0051	0.0000	0.0437	0.0000	0.0000	0.0000	0.0064	0.0001	0.0480	0.9622	1.2953	0.3403	2.7437	2.8411	0.0001	0.5331	0.1420	0.2727	130.5187	0.1322	0.0010	-0.0105	7.4253	8.6320	0.9851	7.0881	0.0014	0.0000	0.0014	0.0000	0.0000	0.0000	0.0014	0.0000	0.0014	0.0206	0.0182	0.0024	0.0181	0.0181	0.0000	0.0025	0.0001	0.0024	0.2682	0.2370	0.0312	0.0538	0.0510	0.0028	0.2144	0.1859	0.0285	0.0812	0.0460	0.0353	0.0116	0.0108	0.0008	0.0697	0.0352	0.0345	0.0203	0.0001	0.6420	0.0000	0.0000	0.1234	0.1804	0.0253	0.6889	0.2532	0.3952	0.0681	1.5648	1.6783	0.0001	0.0356	0.0022	0.0696
67	89	0.2281	6	0	2	0	0	0	0	0	0	N	Y	N	N	N	N	N	N	N	N	N	N	1569.7852	717.9650	4.9539	0.1158	0.1039	1.3908	14187.6539	1358.5312	5.5095	1.8311	2.0510	0.0004	0.0006	0.0006	0.0001	2.6229	3.0256	0.0004	0.0012	0.0029	0.0001	0.0049	0.0057	0.0001	0.0002	0.0022	0.0001	0.0000	0.0550	-0.2789	-0.0000	7.4253	15.4622	0.9851	5.2688	0.9715	0.9715	0.0000	0.0001	0.0001	0.0000	0.9714	0.9714	0.0000	0.0001	0.0001	0.0000	0.0001	0.0001	0.0000	0.0000	0.0000	0.0000	0.5306	0.4737	0.0569	0.1602	0.1526	0.0076	0.3704	0.3211	0.0493	0.0930	0.0499	0.0431	0.0130	0.0118	0.0012	0.0800	0.0381	0.0419	2813.3123	1785.0510	4.9539	0.1328	0.1260	1.3908	39946.9522	53095.1405	5.5095	0.0007	0.0011	0.0001	0.0043	0.0047	0.0001	0.0001	0.0001	0.0001
67	90	0.2163	5	0	1	0	0	0	0	0	0	N	N	N	N	N	N	N	N	N	N	N	N	6.1320	8.8145	0.4832	10.1110	9.7408	1.2103	3.9266	2.6492	0.5253	0.0174	0.0193	0.0008	0.0210	0.0221	0.0002	0.0156	0.0178	0.0009	0.0028	0.0022	0.0017	0.0021	0.0023	0.0002	0.0040	0.0067	0.0017	0.0047	1.2799	-0.0014	-0.0000	7.4253	7.5917	0.9851	1.5198	0.0051	0.0051	0.0000	0.0021	0.0021	0.0000	0.0031	0.0030	0.0000	0.0001	0.0000	0.0000	0.0000	0.0000	0.0000	0.0000	0.0000	0.0000	0.2944	0.2645	0.0299	0.0975	0.0930	0.0045	0.1969	0.1715	0.0254	0.0515	0.0298	0.0217	0.0112	0.0102	0.0010	0.0403	0.0196	0.0208	13.9309	20.3541	0.4832	10.1110	9.7408	1.2103	15.3247	68.7723	0.5253	0.0012	0.0009	0.0017	0.0021	0.0023	0.0002	0.0010	0.0003	0.0017
67	91	0.3255	9	1	1	1	0	0	0	0	0	N	N	N	N	N	N	N	N	N	N	N	N	95986.6547	37202.1942	166.9055	inf	inf	inf	23606.2922	1382.8401	25.7018	20.1113	22.6542	0.0010	34.2823	36.2251	0.0065	14.6394	16.9219	0.0002	0.0002	0.0006	0.0000	0.0000	0.0000	0.0000	0.0006	0.0122	0.0000	0.0000	0.0148	-0.5459	-0.0000	7.4253	3.0317	0.9851	0.1644	1.9012	1.9012	0.0000	0.9028	0.9028	0.0000	0.9984	0.9984	0.0000	0.0000	0.0000	0.0000	0.0000	0.0000	0.0000	0.0000	0.0000	0.0000	0.0945	0.0839	0.0106	0.0263	0.0249	0.0014	0.0682	0.0590	0.0092	0.0135	0.0066	0.0068	0.0008	0.0007	0.0001	0.0127	0.0059	0.0067	95986.6547	54132.7213	166.9055	inf	inf	inf	65656.0752	36059.0740	25.7018	0.0002	0.0004	0.0000	0.0000	0.0000	0.0000	0.0002	0.0005	0.0000
67	92	0.3198	8	1	1	1	0	0	0	0	0	N	N	N	N	N	N	N	N	N	N	N	N	0.6937	0.4626	122.6652	182.6163	183.3838	268.5654	0.8870	0.4574	172.3490	0.6007	0.5707	0.8789	0.0791	0.0677	0.3499	0.8923	0.8805	0.9717	0.8659	1.2338	0.0072	0.0004	0.0004	0.0013	1.0059	1.9250	0.0056	0.1659	0.0153	-0.0093	-0.0016	7.4253	2.6632	0.9851	1.0147	0.0641	0.0550	0.0091	0.0030	0.0025	0.0005	0.0611	0.0525	0.0086	0.0026	0.0026	0.0000	0.0000	0.0000	0.0000	0.0026	0.0026	0.0000	0.1068	0.0964	0.0104	0.0383	0.0367	0.0015	0.0685	0.0597	0.0088	0.0166	0.0085	0.0081	0.0014	0.0013	0.0001	0.0152	0.0072	0.0080	3.7617	1.8515	178.9262	182.6163	183.3838	268.5654	5.1175	2.4170	196.0890	0.1597	0.3082	0.0049	0.0004	0.0004	0.0013	0.1744	0.3643	0.0050
67	93	0.2365	7	1	1	1	0	0	0	0	0	N	N	N	N	N	N	N	N	N	N	N	N	4.4846	0.4187	119.5943	0.6484	0.6076	170.2962	5.7198	0.0203	153.0879	1.6611	0.0553	14.1391	0.1810	0.1812	0.1753	2.1914	0.0052	15.7529	0.3704	0.1320	0.1182	0.2791	0.2983	0.0010	0.3831	0.2570	0.1029	32.9213	3.5747	1.2874	0.0008	7.4253	35.0787	0.9851	12.2568	1.8838	0.0555	1.8283	0.0541	0.0518	0.0023	1.8297	0.0037	1.8259	0.0050	0.0011	0.0039	0.0008	0.0008	0.0000	0.0042	0.0003	0.0039	1.1341	1.0048	0.1293	0.2992	0.2858	0.0134	0.8349	0.7190	0.1159	0.1965	0.0973	0.0992	0.0131	0.0121	0.0011	0.1834	0.0852	0.0981	64.9933	4.8978	357.4766	2.9268	2.6994	170.2962	95.4304	1.5407	394.1596	0.0256	0.0113	0.0396	0.0618	0.0671	0.0010	0.0230	0.0034	0.0400
67	94	0.2230	6	1	1	0	0	0	0	0	0	N	N	N	N	N	N	N	N	N	N	N	N	31.2805	201.1455	123.5710	233.8351	226.0915	587.7959	12.3481	2.9230	172.9963	0.4263	0.2476	1.7629	0.6289	0.6514	0.0410	0.3273	0.0222	1.9604	0.0136	0.0012	0.0143	0.0027	0.0029	0.0001	0.0265	0.0076	0.0113	0.9516	12.1854	0.0328	0.0001	7.4253	8.4810	0.9851	2.3446	0.1634	0.0837	0.0797	0.0791	0.0789	0.0002	0.0843	0.0048	0.0795	0.0002	0.0000	0.0002	0.0000	0.0000	0.0000	0.0002	0.0000	0.0002	0.3834	0.3382	0.0452	0.1258	0.1212	0.0047	0.2576	0.2170	0.0406	0.0508	0.0257	0.0250	0.0036	0.0033	0.0002	0.0472	0.0224	0.0248	100.1729	388.8425	221.0717	233.8351	226.0915	587.7959	74.8244	73.6178	243.4545	0.0043	0.0006	0.0080	0.0027	0.0029	0.0001	0.0044	0.0003	0.0081
67	95	0.1603	4	0	2	0	1	0	0	0	0	N	Y	N	N	N	N	N	N	N	N	N	N	0.0087	0.5360	0.0007	26.6443	25.1551	0.0024	0.0067	0.0009	0.0040	0.0045	0.0002	0.0148	0.0156	0.0000	0.0013	0.0015	0.0003	0.4625	0.0084	0.3659	0.0006	0.0006	0.0000	0.5621	0.2238	0.2909	0.0070	23.9995	-0.0008	0.0023	7.4253	24.0032	0.9851	22.6134	0.0029	0.0029	0.0000	0.0021	0.0021	0.0000	0.0008	0.0008	0.0000	0.0070	0.0003	0.0068	0.0000	0.0000	0.0000	0.0070	0.0003	0.0068	0.7179	0.6352	0.0827	0.1425	0.1352	0.0073	0.5754	0.5000	0.0754	0.2036	0.1080	0.0956	0.0209	0.0187	0.0022	0.1827	0.0893	0.0934	0.1160	1.7262	0.0034	26.6443	25.1551	0.0000	0.0348	0.4958	0.0037	0.0346	0.0026	0.0707	0.0006	0.0006	0.0000	0.0385	0.0030	0.0723	
67	96	0.3970	6	0	2	0	0	0	0	0	0	N	Y	N	N	N	N	N	N	N	N	N	N	0.0507	0.0075	0.4135	0.0093	0.0092	0.0005	0.0319	0.0011	0.5832	0.0003	0.0000	0.0023	0.0000	0.0000	0.0000	0.0004	0.0000	0.0027	0.0051	0.0012	0.0055	0.0010	0.0011	0.0002	0.0112	0.0084	0.0046	29.7483	3.8711	0.0001	0.0001	7.4253	18.5150	0.9851	10.2301	0.0002	0.0000	0.0002	0.0000	0.0000	0.0000	0.0002	0.0000	0.0002	0.0003	0.0001	0.0003	0.0001	0.0000	0.0000	0.0003	0.0000	0.0003	0.6445	0.5739	0.0706	0.1850	0.1737	0.0113	0.4595	0.4002	0.0593	0.1724	0.1069	0.0655	0.0517	0.0466	0.0051	0.1207	0.0603	0.0604	0.1315	0.0145	0.5555	0.0093	0.0092	0.0005	0.1503	0.0278	0.6123	0.0020	0.0006	0.0041	0.0010	0.0011	0.0002	0.0024	0.0003	0.0044
67	97	0.1894	5	0	2	0	0	0	0	0	0	N	Y	N	N	N	N	N	N	N	N	N	N	0.2748	0.1210	29.2842	5.5369	2.4245	35.3920	0.2611	0.0765	17.7165	0.0546	0.0571	0.0346	0.0142	0.0054	0.1834	0.0650	0.0717	0.0200	0.1986	0.4721	0.0012	0.0026	0.0022	0.0052	0.2489	0.9368	0.0011	0.0767	0.0397	-0.0157	-0.0026	7.4253	46.1140	0.9851	26.4917	0.0728	0.0676	0.0052	0.0039	0.0014	0.0025	0.0689	0.0662	0.0027	0.0045	0.0043	0.0002	0.0000	0.0000	0.0000	0.0044	0.0043	0.0002	1.3336	1.1837	0.1499	0.2731	0.2597	0.0134	1.0604	0.9240	0.1364	0.2886	0.1446	0.1440	0.0178	0.0158	0.0019	0.2708	0.1288	0.1420	3.5348	1.9272	29.2842	5.5369	2.4245	35.3920	3.9905	2.1705	17.7165	0.0154	0.0296	0.0012	0.0026	0.0022	0.0052	0.0163	0.0330	0.0011
67	98	0.4499	8	0	2	0	0	0	0	0	0	N	Y	N	N	N	N	N	N	N	N	N	N	0.0000	0.0000	0.0000	0.0169	0.0188	0.0009	0.0000	0.0000	0.0001	0.0000	0.0000	0.0000	0.0000	0.0000	0.0000	0.0000	0.0000	0.0000	0.4561	0.6092	0.0161	0.0004	0.0004	0.0006	0.6299	1.3299	0.0140	0.0192	0.1128	-0.0000	-0.0018	7.4253	20.7840	0.9851	8.9470	0.0000	0.0000	0.0000	0.0000	0.0000	0.0000	0.0000	0.0000	0.0000	0.0035	0.0031	0.0004	0.0000	0.0000	0.0000	0.0034	0.0031	0.0003	0.7059	0.6431	0.0628	0.3450	0.3302	0.0148	0.3609	0.3129	0.0480	0.1019	0.0609	0.0410	0.0305	0.0260	0.0045	0.0714	0.0349	0.0365	0.0001	0.0001	0.0001	0.0169	0.0188	0.0009	0.0000	0.0000	0.0001	0.0340	0.0510	0.0086	0.0004	0.0004	0.0006	0.0483	0.0888	0.0095
67	99	0.4450	7	0	1	0	0	0	0	0	0	N	N	N	N	N	N	N	N	N	N	N	N	14.2300	60.0729	0.1605	185.8233	178.0769	21.6579	0.7518	5.7183	0.0089	1.7151	1.8375	0.0069	2.5736	2.6428	0.0258	0.1490	0.1734	0.0004	0.1205	0.0306	0.0427	0.0138	0.0148	0.0012	0.1982	0.0303	0.0404	0.0003	2.4853	-0.1636	0.0000	7.4253	2.7834	0.9851	1.0450	0.5703	0.5702	0.0002	0.5528	0.5527	0.0001	0.0175	0.0175	0.0000	0.0004	0.0001	0.0003	0.0001	0.0001	0.0000	0.0003	0.0000	0.0003	0.3326	0.3103	0.0222	0.2148	0.2091	0.0057	0.1178	0.1012	0.0166	0.0321	0.0186	0.0134	0.0117	0.0112	0.0005	0.0204	0.0075	0.0129	142.3868	308.8326	0.3346	287.5434	283.7901	21.6579	10.7829	190.2093	0.0168	0.0120	0.0059	0.0205	0.0090	0.0093	0.0012	0.0138	0.0009	0.0213
67	100	0.4349	6	0	1	0	0	0	0	0	0	N	N	N	N	N	N	N	N	N	N	N	N	30.2139	26.3339	0.4291	121.0538	110.0206	23.4954	9.6239	2.7063	0.3381	1.1579	1.2665	0.0064	1.7690	1.8601	0.0105	0.4405	0.5054	0.0045	0.0383	0.0481	0.0148	0.0146	0.0169	0.0004	0.0458	0.1867	0.0133	0.0005	0.6792	-0.1889	-0.0002	7.4253	7.6044	0.9851	2.7972	0.6591	0.6588	0.0003	0.5437	0.5436	0.0002	0.1153	0.1152	0.0002	0.0008	0.0005	0.0003	0.0004	0.0004	0.0000	0.0004	0.0001	0.0003	0.5692	0.5201	0.0490	0.3074	0.2922	0.0151	0.2618	0.2279	0.0339	0.1048	0.0652	0.0396	0.0434	0.0394	0.0040	0.0614	0.0258	0.0356	151.8253	173.5693	0.7786	186.5346	179.0474	23.4954	69.7723	197.1218	0.4982	0.0076	0.0073	0.0082	0.0095	0.0104	0.0004	0.0063	0.0026	0.0090
67	101	0.3853	5	0	1	0	0	0	0	0	0	N	N	N	N	N	N	N	N	N	N	N	N	2.5615	2.5076	0.2719	2.2122	1.9705	9.6046	2.9467	1.8296	0.3162	1.1991	1.3426	0.0194	0.1465	0.1548	0.0090	1.6394	1.8808	0.0213	0.4681	0.5354	0.0713	0.0662	0.0786	0.0009	0.5564	1.0280	0.0674	0.0018	0.4853	-0.2269	-0.0019	7.4253	18.4780	0.9851	12.4520	0.7951	0.7938	0.0014	0.0286	0.0285	0.0001	0.7665	0.7652	0.0013	0.0062	0.0042	0.0020	0.0014	0.0014	0.0000	0.0048	0.0028	0.0020	0.6631	0.5912	0.0719	0.1955	0.1843	0.0112	0.4676	0.4069	0.0607	0.1772	0.1074	0.0698	0.0503	0.0452	0.0052	0.1269	0.0623	0.0646	34.0918	34.3720	0.6645	5.1083	4.8621	9.6046	43.4275	42.4633	0.6780	0.0352	0.0391	0.0292	0.0287	0.0318	0.0009	0.0378	0.0443	0.0314
67	102	0.2743	7	0	2	0	0	0	0	0	0	N	Y	N	N	N	N	N	N	N	N	N	N	1.0880	1.3795	0.0042	1.2753	1.6416	0.0155	1.3963	1.0805	0.0056	0.6511	0.7194	0.0018	0.0125	0.0131	0.0003	1.0250	1.1733	0.0021	0.5984	0.5215	0.4257	0.0098	0.0080	0.0170	0.7341	1.0859	0.3685	0.0003	1.5780	-0.2575	-0.0002	7.4253	34.1922	0.9851	22.4626	0.8976	0.8974	0.0002	0.0064	0.0064	0.0000	0.8912	0.8910	0.0002	0.0140	0.0054	0.0085	0.0004	0.0003	0.0001	0.0136	0.0051	0.0085	1.3786	1.2474	0.1312	0.5092	0.4880	0.0211	0.8695	0.7594	0.1101	0.2600	0.1507	0.1094	0.0556	0.0504	0.0052	0.2045	0.1003	0.1042	12.1230	20.0104	0.0227	1.8306	2.2499	0.0155	15.4281	22.9669	0.0255	0.0537	0.0359	0.0782	0.0069	0.0058	0.0170	0.0664	0.0511	0.0812
67	103	0.2264	6	0	2	0	0	0	0	0	0	N	Y	N	N	N	N	N	N	N	N	N	N	0.2096	0.7710	0.0505	0.2915	0.2694	0.2236	0.1833	0.0885	0.0622	0.0241	0.0267	0.0019	0.0021	0.0022	0.0001	0.0340	0.0388	0.0022	0.1150	0.0346	0.0382	0.0072	0.0081	0.0004	0.1854	0.4390	0.0356	0.0085	2.5188	-0.0055	0.0002	7.4253	22.5884	0.9851	11.0115	0.0197	0.0195	0.0002	0.0005	0.0005	0.0000	0.0191	0.0190	0.0002	0.0018	0.0005	0.0013	0.0001	0.0001	0.0000	0.0017	0.0004	0.0013	0.8160	0.7298	0.0862	0.2531	0.2415	0.0116	0.5629	0.4883	0.0746	0.1532	0.0826	0.0706	0.0238	0.0216	0.0022	0.1294	0.0610	0.0684	2.0354	4.2803	0.1049	0.3869	0.3694	0.2236	2.6107	6.1192	0.1167	0.0118	0.0062	0.0184	0.0054	0.0059	0.0004	0.0130	0.0063	0.0190
67	104	0.1964	5	0	1	0	0	0	0	0	0	N	N	N	N	N	N	N	N	N	N	N	N	1.0198	5.6734	0.0304	2.1778	2.0607	14.4611	0.5370	0.4072	0.0055	0.0014	0.0016	0.0000	0.0009	0.0009	0.0003	0.0017	0.0019	0.0000	0.0014	0.0003	0.0014	0.0004	0.0004	0.0000	0.0031	0.0047	0.0014	0.0031	4.8588	-0.0002	0.0000	7.4253	11.8100	0.9851	8.7888	0.0006	0.0006	0.0000	0.0001	0.0001	0.0000	0.0005	0.0005	0.0000	0.0001	0.0000	0.0001	0.0000	0.0000	0.0000	0.0001	0.0000	0.0001	0.4297	0.3835	0.0462	0.1302	0.1240	0.0062	0.2995	0.2595	0.0400	0.0983	0.0532	0.0451	0.0145	0.0132	0.0013	0.0838	0.0401	0.0438	1.8847	6.6781	0.0304	2.1778	2.0607	14.4611	2.0319	11.2517	0.0055	0.0008	0.0002	0.0014	0.0004	0.0004	0.0000	0.0008	0.0002	0.0014
67	105	0.1603	4	0	1	0	0	0	0	0	0	N	N	N	N	N	N	N	N	N	N	N	N	9.5766	2.2279	81.6942	133.3337	4.7812	inf	0.6618	0.1063	0.0000	0.0054	0.0010	0.0388	0.0234	0.0009	0.4384	0.0009	0.0010	0.0000	0.0006	0.0004	0.0005	0.0002	0.0002	0.0000	0.0013	0.0095	0.0005	5.1260	1.1503	0.0013	-0.0000	7.4253	14.7392	0.9851	7.3617	0.0024	0.0004	0.0020	0.0021	0.0001	0.0020	0.0003	0.0003	0.0000	0.0000	0.0000	0.0000	0.0000	0.0000	0.0000	0.0000	0.0000	0.0000	0.4510	0.3987	0.0523	0.0900	0.0854	0.0046	0.3609	0.3133	0.0477	0.1079	0.0594	0.0484	0.0136	0.0125	0.0011	0.0942	0.0469	0.0474	13.4865	2.9500	81.6942	133.3337	4.7812	inf	2.0443	2.7025	0.0000	0.0004	0.0003	0.0005	0.0002	0.0002	0.0000	0.0004	0.0004	0.0005
67	106	0.2330	7	0	2	0	0	0	0	0	0	N	Y	N	N	N	N	N	N	N	N	N	N	3433.9249	5238.4834	10.0459	209.9496	198.9200	inf	2642.1372	670.0743	11.1256	2.2283	2.5346	0.0051	0.4448	0.4703	0.0010	2.9302	3.4358	0.0057	0.0006	0.0005	0.0005	0.0021	0.0024	0.0000	0.0011	0.0051	0.0005	0.0003	1.5099	-0.4403	-0.0000	7.4253	20.0414	0.9851	7.0324	1.5350	1.5346	0.0004	0.0865	0.0865	0.0000	1.4485	1.4481	0.0004	0.0001	0.0000	0.0000	0.0000	0.0000	0.0000	0.0000	0.0000	0.0000	0.6889	0.6055	0.0834	0.1946	0.1840	0.0106	0.4943	0.4215	0.0729	0.1153	0.0560	0.0594	0.0048	0.0043	0.0005	0.1106	0.0517	0.0589	5093.8204	7058.3225	10.0459	209.9496	198.9200	inf	8030.9865	17783.8858	11.1256	0.0004	0.0004	0.0005	0.0021	0.0024	0.0000	0.0004	0.0002	0.0005
67	107	0.2230	6	0	1	0	0	0	0	0	0	N	N	N	N	N	N	N	N	N	N	N	N	408.8278	144.0628	4430.6641	91.0619	86.1273	1282.2220	534.7329	21.0042	4893.5858	0.4790	0.2440	2.2339	0.5696	0.5893	0.0393	0.4313	0.0348	2.4907	0.0012	0.0017	0.0005	0.0063	0.0068	0.0000	0.0008	0.0017	0.0005	1.2261	0.5981	0.0431	-0.0000	7.4253	7.0315	0.9851	1.2144	0.1634	0.0734	0.0900	0.0670	0.0669	0.0002	0.0963	0.0065	0.0898	0.0000	0.0000	0.0000	0.0000	0.0000	0.0000	0.0000	0.0000	0.0000	0.3411	0.3008	0.0403	0.1177	0.1135	0.0042	0.2234	0.1873	0.0361	0.0397	0.0204	0.0193	0.0032	0.0030	0.0002	0.0365	0.0174	0.0191	732.2534	306.6393	4430.6641	114.7873	111.5737	1282.2220	1533.4226	1080.7229	4893.5858	0.0007	0.0008	0.0005	0.0050	0.0053	0.0000	0.0003	0.0000	0.0005
67	108	0.1894	5	0	1	0	0	0	0	0	0	N	N	N	N	N	N	N	N	N	N	N	N	171.0504	8.2985	19885.3370	3.0885	2.7270	333.3726	1964.8064	32.2337	21812.3302	0.2362	0.0294	1.8598	0.0390	0.0393	0.0328	0.2919	0.0264	2.0386	0.0014	0.0035	0.0001	0.0126	0.0144	0.0001	0.0001	0.0008	0.0001	8.0474	0.0648	0.0748	-0.0000	7.4253	16.2725	0.9851	4.4748	0.1242	0.0137	0.1104	0.0045	0.0043	0.0002	0.1197	0.0094	0.1103	0.0001	0.0001	0.0000	0.0001	0.0001	0.0000	0.0000	0.0000	0.0000	0.5256	0.4662	0.0594	0.1156	0.1104	0.0053	0.4100	0.3559	0.0541	0.0970	0.0497	0.0473	0.0081	0.0075	0.0006	0.0889	0.0422	0.0467	315.4437	21.4504	19885.3370	4.6429	4.3355	333.3726	5586.1886	3948.6122	21812.3302	0.0007	0.0014	0.0001	0.0084	0.0091	0.0001	0.0001	0.0000	0.0001
67	109	0.2422	6	0	2	0	0	0	0	0	0	N	Y	N	N	N	N	N	N	N	N	N	N	212.6082	4.2688	14586.2420	0.9382	0.8490	5.1138	1008.3495	7.9699	16471.7456	0.8235	0.0344	7.3205	0.0139	0.0145	0.0018	1.1091	0.0420	8.3359	0.0039	0.0081	0.0005	0.0148	0.0171	0.0004	0.0011	0.0053	0.0005	25.8669	0.1733	0.6823	-0.0002	7.4253	40.5309	0.9851	14.7974	1.0098	0.0376	0.9722	0.0044	0.0044	0.0000	1.0054	0.0332	0.9722	0.0004	0.0003	0.0001	0.0003	0.0003	0.0000	0.0001	0.0000	0.0001	1.2263	1.0935	0.1328	0.3198	0.3036	0.0162	0.9065	0.7899	0.1166	0.2297	0.1241	0.1056	0.0301	0.0272	0.0029	0.1996	0.0970	0.1027	527.2758	13.9538	14586.2420	1.4544	1.3795	5.1138	3083.2592	205.2118	16471.7456	0.0016	0.0025	0.0005	0.0095	0.0105	0.0004	0.0004	0.0002	0.0005
67	110	0.2163	5	0	2	0	0	0	0	0	0	N	Y	N	N	N	N	N	N	N	N	N	N	160.8508	266.9720	3.9888	0.5307	0.5042	0.9477	111.7765	16.2835	5.3510	2.0532	2.2924	0.0339	0.0012	0.0012	0.0001	2.8898	3.3146	0.0390	0.0128	0.0086	0.0085	0.0022	0.0024	0.0001	0.0259	0.2036	0.0073	0.0018	1.6817	-0.2759	-0.0000	7.4253	13.5236	0.9851	3.5331	0.9667	0.9650	0.0017	0.0002	0.0002	0.0000	0.9665	0.9648	0.0017	0.0003	0.0001	0.0002	0.0000	0.0000	0.0000	0.0003	0.0001	0.0002	0.4708	0.4209	0.0499	0.1364	0.1299	0.0065	0.3345	0.2911	0.0434	0.0846	0.0469	0.0377	0.0144	0.0131	0.0014	0.0701	0.0338	0.0363	518.7131	860.6419	6.0964	0.5307	0.5042	0.9477	669.7067	1206.4828	6.7543	0.0040	0.0027	0.0056	0.0022	0.0024	0.0001	0.0043	0.0027	0.0058
67	111	0.1603	4	0	1	0	0	0	0	0	0	N	N	N	N	N	N	N	N	N	N	N	N	0.0209	2.7011	0.0012	0.0195	0.0183	0.2450	0.0215	0.1542	0.0015	0.0102	0.0115	0.0005	0.0000	0.0000	0.0000	0.0128	0.0146	0.0006	0.4885	0.0043	0.4376	0.0006	0.0006	0.0000	0.5928	0.0947	0.3749	0.0058	43.3653	-0.0015	0.0020	7.4253	16.9399	0.9851	15.9768	0.0053	0.0052	0.0000	0.0000	0.0000	0.0000	0.0053	0.0052	0.0000	0.0057	0.0001	0.0056	0.0000	0.0000	0.0000	0.0057	0.0001	0.0056	0.5155	0.4558	0.0597	0.1028	0.0975	0.0053	0.4127	0.3583	0.0544	0.1514	0.0815	0.0699	0.0170	0.0154	0.0016	0.1344	0.0661	0.0683	0.2716	7.2909	0.0064	0.0195	0.0183	0.2450	0.3017	8.1197	0.0069	0.0376	0.0016	0.0796	0.0006	0.0006	0.0000	0.0423	0.0018	0.0814
67	112	0.2647	8	1	2	0	1	0	0	0	0	N	Y	N	N	N	N	N	N	N	N	N	N	0.0265	0.0038	48.5645	0.0213	0.0002	51.2157	0.0001	0.0000	0.0004	0.0000	0.0000	0.0000	0.0001	0.0000	0.0004	0.0025	0.0064	0.0000	0.0000	0.0000	0.0000	0.0054	0.2107	0.0000	2.2059	0.0033	0.0000	-0.0000	7.4253	0.0019	0.9851	1.9928	0.0000	0.0000	0.0000	0.0000	0.0000	0.0000	0.0000	0.0000	0.0000	0.0000	0.0000	0.0000	0.0000	0.0000	0.0000	0.0000	0.0000	0.0000	0.0002	0.0001	0.0000	0.0001	0.0001	0.0000	0.0001	0.0001	0.0000	0.0088	0.0047	0.0041	0.0014	0.0012	0.0002	0.0074	0.0035	0.0039	0.0594	0.0113	48.5645	0.0000	0.0000	0.0000	0.0855	0.0144	51.2157	0.0011	0.0021	0.0000	0.0000	0.0000	0.0000	0.0013	0.0028	0.0000			
67	113	0.2411	7	1	2	0	1	0	0	0	0	N	Y	N	N	N	N	N	N	N	N	N	N	0.6019	0.4365	6.6289	0.0502	0.0456	1.1522	0.5177	0.0761	7.8844	0.0036	0.0012	0.0235	0.0001	0.0001	0.0000	0.0050	0.0016	0.0267	0.0060	0.0027	0.0035	0.0024	0.0028	0.0000	0.0096	0.0215	0.0034	2.4191	2.8717	0.0004	0.0000	7.4253	8.6942	0.9851	6.0502	0.0011	0.0003	0.0007	0.0000	0.0000	0.0000	0.0010	0.0003	0.0007	0.0001	0.0000	0.0001	0.0000	0.0000	0.0000	0.0001	0.0000	0.0001	0.2943	0.2624	0.0319	0.0829	0.0791	0.0038	0.2114	0.1833	0.0280	0.0669	0.0338	0.0331	0.0074	0.0064	0.0010	0.0594	0.0273	0.0321	1.6418	1.0534	7.1573	0.0502	0.0456	1.1522	2.2918	2.2369	7.8844	0.0022	0.0011	0.0033	0.0024	0.0028	0.0000	0.0022	0.0007	0.0034
67	114	0.2622	11	0	2	0	1	0	0	0	0	N	Y	N	N	N	N	N	N	N	N	N	N	0.0000	0.0000	0.0000	0.0000	0.0000	0.0000	0.0000	0.0000	0.0000	0.0000	0.0000	0.0000	0.0000	0.0011	0.0000	0.0013	0.0000	0.0000	0.0000	0.0044	0.0000	0.0013	inf	0.0000	0.0000	7.4253	0.0001	0.9851	0.0001	0.0000	0.0000	0.0000	0.0000	0.0000	0.0000	0.0000	0.0000	0.0000	0.0000	0.0000	0.0000	0.0000	0.0000	0.0000	0.0000	0.0000	0.0000	0.0000	0.0000	0.0000	0.0000	0.0000	0.0000	0.0000	0.0000	0.0000	0.0000	0.0000	0.0000	0.0000	0.0000	0.0000	0.0000	0.0000	0.0000	0.0000	0.0000	0.0000	0.0000	0.0000	0.0000	0.0000	0.0000	0.0000	0.0006	0.0000	0.0013	0.0000	0.0000	0.0000	0.0011	0.0000	0.0013						
67	115	0.2555	10	0	2	0	1	0	0	0	0	N	Y	N	N	N	N	N	N	N	N	N	N	0.0000	inf	0.0000	inf	inf	0.0000	0.0000	0.0000	0.0000	0.0000	0.0000	0.0000	0.0000	0.0000	0.0000	0.0000	0.0043	0.0000	0.0038	0.0000	0.0000	0.0000	0.0080	0.0000	0.0035	0.0000	inf	-0.0000	0.0000	7.4253	3.0007	0.9851	1.0012	0.0000	0.0000	0.0000	0.0000	0.0000	0.0000	0.0000	0.0000	0.0000	0.0000	0.0000	0.0000	0.0000	0.0000	0.0000	0.0000	0.0000	0.0000	0.0947	0.0840	0.0107	0.0223	0.0212	0.0011	0.0724	0.0628	0.0096	0.0175	0.0087	0.0088	0.0017	0.0014	0.0003	0.0158	0.0073	0.0085	0.0000	inf	0.0000	inf	inf	0.0000	0.0000	0.0000	0.0000	0.0017	0.0000	0.0034	0.0000	0.0000	0.0000	0.0019	0.0000	0.0035		
67	116	0.2537	9	0	1	0	1	0	0	0	0	N	N	N	N	N	N	N	N	N	N	N	N	6.8074	31.4592	0.1808	20.0242	17.5681	inf	0.1009	inf	0.1136	0.0000	0.0000	0.0000	0.0001	0.0001	0.0000	0.0000	0.0000	0.0000	0.0000	0.0000	0.0000	0.0000	0.0000	0.0000	0.0000	0.0000	0.0000	0.0051	7.3139	-0.0000	0.0000	7.4253	1.1177	0.9851	0.0023	0.0000	0.0000	0.0000	0.0000	0.0000	0.0000	0.0000	0.0000	0.0000	0.0000	0.0000	0.0000	0.0000	0.0000	0.0000	0.0000	0.0000	0.0000	0.0372	0.0331	0.0041	0.0100	0.0095	0.0005	0.0272	0.0235	0.0036	0.0049	0.0024	0.0025	0.0005	0.0004	0.0001	0.0045	0.0021	0.0024	6.8074	31.4592	0.1808	20.0242	17.5681	inf	0.1009	inf	0.1136	0.0000	0.0000	0.0000	0.0000	0.0000	0.0000	0.0000	0.0000	0.0000
67	117	0.0699	3	0	2	0	0	0	0	0	0	N	Y	N	N	N	N	N	N	N	N	N	N	0.0318	0.9918	0.0004	0.4914	0.4903	0.0336	0.0278	0.0701	0.0005	0.0067	0.0075	0.0000	0.0026	0.0027	0.0001	0.0072	0.0082	0.0000	0.2097	0.0076	0.0783	0.0053	0.0055	0.0033	0.2581	0.1171	0.0658	0.0006	11.7484	-0.0019	0.0014	7.4253	31.2782	0.9851	23.9277	0.0067	0.0067	0.0000	0.0003	0.0003	0.0000	0.0064	0.0064	0.0000	0.0049	0.0004	0.0045	0.0001	0.0001	0.0000	0.0048	0.0003	0.0045	1.0108	0.8932	0.1176	0.1124	0.1090	0.0034	0.8984	0.7843	0.1142	0.3063	0.1616	0.1448	0.0245	0.0233	0.0012	0.2818	0.1382	0.1436	0.4191	3.1868	0.0011	0.5807	0.5898	0.0336	0.4244	4.1241	0.0010	0.0159	0.0024	0.0310	0.0045	0.0046	0.0033	0.0169	0.0020	0.0312
67	118	0.2537	9	0	1	1	1	0	0	0	0	N	N	N	N	N	N	N	N	N	N	N	N	123617.9487	1816.3217	inf	11.5536	10.0777	inf	inf	inf	inf	0.0062	0.0002	0.0539	0.0000	0.0000	0.0000	0.0082	0.0002	0.0604	0.0000	0.0000	0.0000	0.0000	0.0000	0.0000	0.0000	0.0000	0.0000	37.1623	0.0000	0.0005	-0.0000	7.4253	3.8827	0.9851	2.9998	0.0008	0.0000	0.0007	0.0000	0.0000	0.0000	0.0008	0.0000	0.0007	0.0000	0.0000	0.0000	0.0000	0.0000	0.0000	0.0000	0.0000	0.0000	0.1240	0.1100	0.0139	0.0304	0.0289	0.0015	0.0936	0.0812	0.0124	0.0299	0.0149	0.0150	0.0029	0.0024	0.0005	0.0270	0.0125	0.0145	123617.9487	1816.3217	inf	11.5536	10.0777	inf	inf	inf	inf	0.0000	0.0000	0.0000	0.0000	0.0000	0.0000	0.0000	0.0000	0.0000
67	119	0.2508	8	0	1	0	1	0	0	0	0	N	N	N	N	N	N	N	N	N	N	N	N	8614.9507	5052.7063	16653.9478	2796.7509	2424.7494	inf	2542.5040	inf	10687.4583	0.0078	0.0084	0.0027	0.0238	0.0246	0.0077	0.0002	0.0000	0.0018	0.0000	0.0000	0.0000	0.0000	0.0000	0.0000	0.0000	0.0000	0.0000	0.0365	0.0982	-0.0002	-0.0000	7.4253	2.8083	0.9851	0.0030	0.0009	0.0008	0.0000	0.0008	0.0008	0.0000	0.0000	0.0000	0.0000	0.0000	0.0000	0.0000	0.0000	0.0000	0.0000	0.0000	0.0000	0.0000	0.1098	0.0985	0.0113	0.0353	0.0335	0.0017	0.0745	0.0649	0.0096	0.0124	0.0061	0.0062	0.0012	0.0010	0.0002	0.0112	0.0051	0.0060	8614.9507	5052.7063	16653.9478	2796.7509	2424.7494	inf	2542.5040	inf	10687.4583	0.0000	0.0000	0.0000	0.0000	0.0000	0.0000	0.0000	0.0000	0.0000
67	120	0.2508	8	0	1	1	1	0	0	0	0	N	N	N	N	N	N	N	N	N	N	N	N	11602626.6688	6477225.6031	inf	8347.7575	7348.6185	inf	inf	inf	2.8426	3.1921	0.0000	0.0212	0.0224	0.0000	3.8463	4.4245	0.0000	0.0000	0.0000	0.0000	0.0000	0.0000	0.0000	0.0000	0.0000	0.0000	0.0000	0.0000	-0.2602	-0.0000	7.4253	9.6158	0.9851	0.0030	0.9062	0.9062	0.0000	0.0018	0.0018	0.0000	0.9044	0.9044	0.0000	0.0000	0.0000	0.0000	0.0000	0.0000	0.0000	0.0000	0.0000	0.0000	0.3188	0.2839	0.0349	0.0836	0.0795	0.0042	0.2351	0.2044	0.0307	0.0416	0.0207	0.0209	0.0040	0.0034	0.0007	0.0376	0.0173	0.0203	11602626.6688	6477225.6031	inf	8347.7575	7348.6185	0.0000	inf	inf	inf	0.0000	0.0000	0.0000	0.0000	0.0000	0.0000	0.0000	0.0000	0.0000	
67	121	0.2411	7	0	1	0	1	0	0	0	0	N	N	N	N	N	N	N	N	N	N	N	N	0.4022	0.1164	119.9974	0.0102	0.0087	inf	48.4598	0.6463	135.4888	0.0005	0.0004	0.0013	0.0001	0.0001	0.0000	0.0007	0.0005	0.0015	0.0012	0.0032	0.0000	0.0059	0.0070	0.0000	0.0000	0.0008	0.0000	0.3978	0.0082	-0.0000	-0.0000	7.4253	4.2457	0.9851	2.0144	0.0001	0.0001	0.0000	0.0000	0.0000	0.0000	0.0001	0.0000	0.0000	0.0000	0.0000	0.0000	0.0000	0.0000	0.0000	0.0000	0.0000	0.0000	0.1583	0.1421	0.0162	0.0537	0.0514	0.0023	0.1046	0.0907	0.0139	0.0307	0.0157	0.0149	0.0041	0.0037	0.0004	0.0266	0.0121	0.0145	0.7207	0.2974	119.9974	0.0125	0.0115	inf	72.6583	77.0209	135.4888	0.0006	0.0012	0.0000	0.0048	0.0053	0.0000	0.0000	0.0000	0.0000
67	122	0.1990	6	0	1	0	1	0	0	0	0	N	N	N	N	N	N	N	N	N	N	N	N	0.0000	0.0000	0.0724	0.0000	0.0000	inf	0.0024	0.0001	0.0787	0.0000	0.0000	0.0000	0.0000	0.0000	0.0000	0.0000	0.0000	0.0000	0.4803	0.7306	0.0004	1.9753	2.0007	0.0000	0.0025	0.0381	0.0004	0.3656	0.0058	-0.0000	-0.0025	7.4253	11.9190	0.9851	13.1740	0.0000	0.0000	0.0000	0.0000	0.0000	0.0000	0.0000	0.0000	0.0000	0.0040	0.0039	0.0000	0.0039	0.0039	0.0000	0.0001	0.0001	0.0000	0.4005	0.3567	0.0439	0.1017	0.0973	0.0044	0.2989	0.2594	0.0395	0.1092	0.0538	0.0554	0.0067	0.0059	0.0007	0.1025	0.0479	0.0547	0.0003	0.0001	0.0724	0.0001	0.0000	inf	0.0086	0.0020	0.0787	0.0363	0.0733	0.0004	0.5846	0.6577	0.0000	0.0007	0.0010	0.0004
67	123	0.4452	8	0	1	1	1	0	0	0	0	N	N	N	N	N	N	N	N	N	N	N	N	0.3341	0.0004	25.7308	0.2546	0.2370	0.0000	0.1367	0.0000	27.5085	0.0001	0.0000	0.0011	0.0000	0.0000	0.0000	0.0002	0.0000	0.0013	0.0003	0.0007	0.0000	0.0000	0.0000	0.0000	0.0012	0.0228	0.0000	423.7288	0.0654	0.0000	-0.0000	7.4253	12.8936	0.9851	4.1514	0.0001	0.0000	0.0001	0.0000	0.0000	0.0000	0.0001	0.0000	0.0001	0.0000	0.0000	0.0000	0.0000	0.0000	0.0000	0.0000	0.0000	0.0000	0.4493	0.4029	0.0464	0.1468	0.1396	0.0072	0.3025	0.2633	0.0392	0.0755	0.0441	0.0314	0.0210	0.0179	0.0031	0.0545	0.0262	0.0283	0.3937	0.0006	25.7308	0.2546	0.2370	0.0000	0.4224	0.0000	27.5085	0.0003	0.0005	0.0000	0.0000	0.0000	0.0000	0.0004	0.0008	0.0000
67	124	0.2143	7	0	2	0	0	0	0	0	0	N	Y	N	N	N	N	N	N	N	N	N	N	0.3713	2358.5089	0.0000	0.2717	0.2787	0.0000	0.4417	262.3573	0.0000	2.3680	2.6644	0.0000	0.0003	0.0003	0.0000	3.0696	3.5324	0.0000	6.3770	0.0011	19.7062	0.0012	0.0012	0.0010	6.9497	0.0135	21.7959	0.0000	20969.4336	-0.2795	0.2296	7.4253	12.7386	0.9851	8.7370	0.9735	0.9735	0.0000	0.0000	0.0000	0.0000	0.9734	0.9734	0.0000	0.6178	0.0000	0.6177	0.0000	0.0000	0.0000	0.6178	0.0000	0.6177	0.4111	0.3654	0.0457	0.0940	0.0898	0.0042	0.3171	0.2756	0.0415	0.0969	0.0481	0.0488	0.0080	0.0072	0.0007	0.0889	0.0409	0.0480	0.3713	4351.6428	0.0000	0.2717	0.2787	0.0000	0.4417	7050.8319	0.0000	6.3770	0.0006	12.6687	0.0012	0.0012	0.0010	6.9497	0.0005	12.8624
67	125	0.1990	6	0	2	0	0	0	0	0	0	N	Y	N	N	N	N	N	N	N	N	N	N	0.0007	0.0048	0.0000	0.0000	0.0000	0.4961	0.0009	2.6242	0.0000	0.0040	0.0045	0.0003	0.0000	0.0000	0.0000	0.0055	0.0063	0.0004	5.7542	0.9324	17.9423	2.2668	2.3487	0.0000	6.1248	0.0024	19.2273	0.0087	92.1220	-0.0003	0.0966	7.4253	8.6431	0.9851	1.4782	0.0012	0.0012	0.0000	0.0000	0.0000	0.0000	0.0012	0.0012	0.0000	0.2677	0.0029	0.2649	0.0029	0.0029	0.0000	0.2649	0.0000	0.2649	0.3034	0.2707	0.0326	0.0828	0.0794	0.0034	0.2205	0.1913	0.0292	0.0465	0.0230	0.0235	0.0033	0.0030	0.0003	0.0432	0.0200	0.0232	0.0007	0.0358	0.0000	0.0000	0.0000	0.4961	0.0009	97.1058	0.0000	5.7542	0.1250	11.2547	0.8751	0.9655	0.0000	6.1248	0.0001	11.4037
67	126	0.1894	5	0	1	0	0	0	0	0	0	N	N	N	N	N	N	N	N	N	N	N	N	0.0015	0.1519	0.0000	0.2618	0.2548	9.7218	0.0000	0.0105	0.0000	0.0012	0.0013	0.0001	0.0045	0.0046	0.0003	0.0000	0.0000	0.0001	0.7927	0.0089	1.8477	0.0172	0.0182	0.0000	0.9292	0.0013	1.7216	0.0082	73.7159	-0.0001	0.0014	7.4253	4.1618	0.9851	2.0491	0.0002	0.0002	0.0000	0.0002	0.0002	0.0000	0.0000	0.0000	0.0000	0.0039	0.0001	0.0039	0.0001	0.0001	0.0000	0.0039	0.0000	0.0039	0.1627	0.1452	0.0175	0.0433	0.0418	0.0015	0.1194	0.1034	0.0160	0.0350	0.0195	0.0155	0.0050	0.0048	0.0002	0.0300	0.0146	0.0153	0.0108	0.4968	0.0004	0.4286	0.4265	9.7218	0.0002	0.7576	0.0003	0.1127	0.0027	0.2508	0.0105	0.0109	0.0000	0.1298	0.0000	0.2538
67	127	0.1603	4	0	1	0	0	0	0	0	0	N	N	N	N	N	N	N	N	N	N	N	N	0.0456	0.0004	5.8560	0.0028	0.0002	32.5470	0.5104	0.0281	5.9471	0.0007	0.0000	0.0056	0.0002	0.0000	0.0035	0.0008	0.0000	0.0058	0.0145	0.0462	0.0009	0.0688	0.0750	0.0001	0.0015	0.0006	0.0010	44.8528	0.1028	0.0001	-0.0002	7.4253	9.4810	0.9851	7.4917	0.0002	0.0000	0.0002	0.0000	0.0000	0.0000	0.0002	0.0000	0.0002	0.0004	0.0003	0.0000	0.0003	0.0003	0.0000	0.0000	0.0000	0.0000	0.2939	0.2597	0.0342	0.0589	0.0559	0.0030	0.2350	0.2039	0.0312	0.0865	0.0486	0.0379	0.0120	0.0111	0.0008	0.0745	0.0375	0.0370	0.1483	0.0023	5.8560	0.0065	0.0004	32.5470	1.6129	4.5066	5.9471	0.0045	0.0072	0.0009	0.0292	0.0314	0.0001	0.0005	0.0000	0.0010
67	128	0.4574	9	1	2	0	0	0	0	0	0	N	Y	N	N	N	N	N	N	N	N	N	N	51.0445	inf	0.0000	0.0000	81.0154	inf	0.0000	0.0000	0.0000	0.0000	0.0000	0.0000	0.0000	0.0000	0.0000	0.0000	0.0000	0.0000	0.0000	0.0000	0.0000	0.0000	0.0000	0.0000	0.0000	0.0000	inf	-0.0000	0.0000	7.4253	2.0107	0.9851	1.9995	0.0000	0.0000	0.0000	0.0000	0.0000	0.0000	0.0000	0.0000	0.0000	0.0000	0.0000	0.0000	0.0000	0.0000	0.0000	0.0000	0.0000	0.0000	0.0662	0.0590	0.0072	0.0211	0.0199	0.0011	0.0452	0.0391	0.0061	0.0171	0.0102	0.0069	0.0051	0.0043	0.0008	0.0120	0.0058	0.0062	51.0445	inf	0.0000	0.0000	0.0000	0.0000	81.0154	inf	0.0000	0.0000	0.0000	0.0000	0.0000	0.0000	0.0000	0.0000	0.0000	0.0000		
67	129	0.4452	8	1	2	0	0	0	0	0	0	N	Y	N	N	N	N	N	N	N	N	N	N	320.2031	5542.5435	0.0000	0.0000	0.0000	0.0000	127.8414	83.1422	0.0000	0.0134	0.0149	0.0000	0.0000	0.0000	0.0000	0.0208	0.0239	0.0000	0.0000	0.0000	0.0001	0.0000	0.0000	0.0000	0.0002	0.0003	0.0001	0.0000	25.8033	-0.0008	0.0000	7.4253	5.6459	0.9851	1.1399	0.0029	0.0029	0.0000	0.0000	0.0000	0.0000	0.0029	0.0029	0.0000	0.0000	0.0000	0.0000	0.0000	0.0000	0.0000	0.0000	0.0000	0.0000	0.2197	0.1981	0.0215	0.0780	0.0746	0.0034	0.1417	0.1235	0.0182	0.0326	0.0190	0.0136	0.0095	0.0082	0.0013	0.0231	0.0108	0.0123	320.2031	5542.5435	0.0000	0.0000	0.0000	0.0000	363.2537	22744.4772	0.0000	0.0000	0.0000	0.0001	0.0000	0.0000	0.0000	0.0001	0.0000	0.0001
67	130	0.4149	7	0	1	0	0	0	0	0	0	N	N	N	N	N	N	N	N	N	N	N	N	10.9628	69.1520	0.8530	230.1841	254.4802	6.0196	0.0676	0.0358	0.9224	0.0730	0.0806	0.0067	0.2171	0.2282	0.0082	0.0011	0.0003	0.0064	0.0067	0.0012	0.0078	0.0009	0.0009	0.0014	0.0166	0.0093	0.0069	0.0095	5.3810	-0.0101	0.0001	7.4253	11.6079	0.9851	5.3766	0.0363	0.0360	0.0003	0.0359	0.0359	0.0001	0.0004	0.0001	0.0003	0.0003	0.0000	0.0002	0.0000	0.0000	0.0000	0.0002	0.0000	0.0002	0.4973	0.4460	0.0513	0.1656	0.1572	0.0084	0.3317	0.2888	0.0429	0.1072	0.0652	0.0420	0.0352	0.0317	0.0035	0.0719	0.0335	0.0384	30.2157	129.4992	1.2870	230.1841	254.4802	6.0196	0.3563	0.9157	1.1530	0.0024	0.0006	0.0052	0.0009	0.0009	0.0014	0.0031	0.0004	0.0056
67	131	0.3970	6	0	1	0	0	0	0	0	0	N	N	N	N	N	N	N	N	N	N	N	N	0.8463	95.5485	0.0473	254.9308	305.8645	3.0104	0.4635	5.5166	0.0605	0.3653	0.4054	0.0257	0.4955	0.5309	0.0144	0.2943	0.3325	0.0290	0.4316	0.0042	0.5427	0.0019	0.0017	0.0048	0.6348	0.0603	0.4794	0.0075	29.8234	-0.0188	0.0012	7.4253	3.9355	0.9851	8.7078	0.0672	0.0667	0.0005	0.0321	0.0321	0.0001	0.0350	0.0346	0.0004	0.0035	0.0001	0.0034	0.0001	0.0001	0.0000	0.0034	0.0000	0.0033	0.1838	0.1644	0.0194	0.0649	0.0604	0.0045	0.1190	0.1040	0.0150	0.1087	0.0714	0.0373	0.0390	0.0364	0.0027	0.0696	0.0350	0.0346	11.4602	257.4489	0.2858	254.9308	305.8645	3.0104	6.0478	236.2805	0.3012	0.0319	0.0016	0.0898	0.0019	0.0017	0.0048	0.0487	0.0014	0.0964
67	132	0.3853	5	0	1	0	0	0	0	0	0	N	N	N	N	N	N	N	N	N	N	N	N	0.4819	0.5973	0.0883	2.0569	2.0972	6.0245	0.3791	5.7898	0.1100	0.2245	0.2484	0.0181	0.3061	0.3239	0.0112	0.1801	0.2039	0.0198	0.4658	0.4159	0.2052	0.1488	0.1545	0.0019	0.4752	0.0352	0.1800	0.0085	1.1335	-0.0176	-0.0003	7.4253	6.2657	0.9851	3.9760	0.0631	0.0626	0.0005	0.0303	0.0302	0.0001	0.0328	0.0323	0.0005	0.0033	0.0015	0.0017	0.0015	0.0015	0.0000	0.0018	0.0000	0.0017	0.2811	0.2519	0.0292	0.0990	0.0934	0.0057	0.1821	0.1585	0.0235	0.0942	0.0611	0.0331	0.0345	0.0322	0.0023	0.0597	0.0289	0.0308	6.4460	9.8715	0.3441	6.9708	6.9147	6.0245	6.0876	204.2200	0.3511	0.0348	0.0252	0.0527	0.0439	0.0468	0.0019	0.0296	0.0010	0.0564
67	133	0.3080	4	0	1	0	0	0	0	0	0	N	N	N	N	N	N	N	N	N	N	N	N	1.2620	0.0502	9.2145	0.0096	0.0095	1.6575	1.9354	0.3273	11.8888	1.0873	0.0520	9.6405	0.0161	0.0160	0.0182	1.5013	0.0672	11.1983	0.8616	1.0356	1.0462	1.6785	1.6819	0.0110	0.7757	0.2052	0.9419	22.4263	0.5595	0.6965	-0.0118	7.4253	26.7012	0.9851	18.2690	1.0393	0.0444	0.9949	0.0043	0.0040	0.0003	1.0350	0.0403	0.9947	0.0438	0.0281	0.0157	0.0278	0.0278	0.0001	0.0159	0.0003	0.0156	0.9558	0.8526	0.1032	0.2664	0.2520	0.0144	0.6894	0.6006	0.0888	0.2766	0.1614	0.1152	0.0655	0.0609	0.0046	0.2111	0.1005	0.1106	6.8748	0.2994	70.7511	0.0380	0.0351	1.6575	19.9029	24.2738	79.1269	0.1582	0.1738	0.1363	0.4247	0.4562	0.0110	0.0754	0.0028	0.1415
67	134	0.0699	3	0	1	0	0	0	0	0	0	N	N	N	N	N	N	N	N	N	N	N	N	0.4619	0.5675	0.0278	0.0175	0.0180	4.1990	0.5044	2.5568	0.0319	0.3572	0.3999	0.0314	0.0351	0.0361	0.0078	0.3918	0.4432	0.0321	0.7733	0.7047	1.1297	2.0119	1.9995	0.0018	0.7767	0.1733	1.0060	0.0103	2.0381	-0.1764	0.0024	7.4253	61.4372	0.9851	55.8589	0.6371	0.6306	0.0065	0.0061	0.0060	0.0000	0.6310	0.6246	0.0065	0.0556	0.0183	0.0373	0.0177	0.0177	0.0000	0.0379	0.0006	0.0373	1.7837	1.5767	0.2070	0.1733	0.1674	0.0058	1.6104	1.4093	0.2011	0.5307	0.2752	0.2555	0.0292	0.0270	0.0022	0.5015	0.2483	0.2532	3.4075	6.0113	0.2149	0.0579	0.0549	4.1990	5.1819	181.0998	0.2177	0.1048	0.0665	0.1461	0.6065	0.6568	0.0018	0.0756	0.0024	0.1473
68	71	0.3557	9	1	1	1	0	0	0	0	0	N	N	N	N	N	N	N	N	N	N	N	N	0.0148	0.0034	0.0024	0.0209	0.0197	0.0105	0.5882	inf	0.0000	0.0008	0.0009	0.0000	0.0020	0.0021	0.0000	0.0000	0.0000	0.0000	0.0516	0.2492	0.0000	0.0956	0.1068	0.0000	0.0000	0.0000	0.0000	0.0000	0.0012	-0.0003	-0.0017	15.0354	17.5448	6.2061	6.0013	0.0010	0.0010	0.0000	0.0010	0.0010	0.0000	0.0000	0.0000	0.0000	0.0027	0.0027	0.0000	0.0027	0.0027	0.0000	0.0000	0.0000	0.0000	1.3300	1.1942	0.1359	0.5034	0.4783	0.0250	0.8267	0.7158	0.1109	0.3054	0.1719	0.1335	0.0765	0.0692	0.0073	0.2289	0.1027	0.1262	0.0874	0.0548	0.0024	0.0572	0.0545	0.0105	1.0981	inf	0.0000	0.0087	0.0155	0.0000	0.0349	0.0385	0.0000	0.0000	0.0000	0.0000
68	72	0.4241	12	1	1	2	0	0	0	0	0	N	N	Y	N	N	N	N	N	N	N	N	N	0.0000	0.0000	0.0000	0.0000	0.0000	0.0000	0.0000	0.0000	0.0000	0.0000	0.0000	0.0000	0.0000	0.0000	0.0000	0.0000	0.0016	0.0031	0.0000	0.0023	0.0024	0.0000	0.0000	0.0000	0.0000	0.0058	0.0000	-0.0000	15.0354	1.8980	6.2061	2.9698	0.0000	0.0000	0.0000	0.0000	0.0000	0.0000	0.0000	0.0000	0.0000	0.0001	0.0001	0.0000	0.0001	0.0001	0.0000	0.0000	0.0000	0.0000	0.1493	0.1338	0.0155	0.0651	0.0619	0.0031	0.0843	0.0719	0.0124	0.0714	0.0487	0.0227	0.0260	0.0247	0.0013	0.0455	0.0240	0.0214	0.0000	0.0000	0.0000	0.0000	0.0000	0.0000	0.0000	0.0000	0.0000	0.0008	0.0012	0.0000	0.0023	0.0024	0.0000	0.0000	0.0000	0.0000			
68	73	0.4046	11	1	0	2	0	0	0	0	0	N	N	Y	N	N	N	N	N	N	N	N	N	0.0273	0.0065	2.4811	0.0286	0.0095	6.0765	0.0422	0.0018	1.1194	0.0001	0.0000	0.0004	0.0001	0.0000	0.0014	0.0000	0.0000	0.0002	0.0021	0.0039	0.0002	0.0024	0.0026	0.0002	0.0011	0.0142	0.0002	1.4396	0.0635	0.0000	-0.0001	15.0354	3.5853	6.2061	4.3819	0.0000	0.0000	0.0000	0.0000	0.0000	0.0000	0.0000	0.0000	0.0000	0.0001	0.0001	0.0000	0.0001	0.0001	0.0000	0.0000	0.0000	0.0000	0.4968	0.4571	0.0397	0.2344	0.2269	0.0075	0.2625	0.2302	0.0322	0.1125	0.0727	0.0398	0.0349	0.0320	0.0028	0.0776	0.0406	0.0370	0.0566	0.0173	2.4811	0.0286	0.0095	6.0765	0.1270	0.0485	1.1194	0.0010	0.0015	0.0002	0.0024	0.0026	0.0002	0.0004	0.0005	0.0002
68	74	0.3731	10	1	0	2	0	0	0	0	0	N	N	Y	N	N	N	N	N	N	N	N	N	1.9778	2.6949	0.0642	1.8600	1.8250	0.3255	1.9207	2.5689	0.0632	0.0189	0.0210	0.0004	0.0114	0.0119	0.0008	0.0236	0.0272	0.0003	0.0095	0.0078	0.0061	0.0061	0.0065	0.0024	0.0123	0.0106	0.0047	0.0021	1.2147	-0.0051	-0.0001	15.0354	12.3589	6.2061	7.3592	0.0178	0.0177	0.0000	0.0042	0.0041	0.0000	0.0136	0.0136	0.0000	0.0009	0.0004	0.0005	0.0004	0.0004	0.0000	0.0005	0.0000	0.0005	0.9420	0.8462	0.0958	0.3648	0.3468	0.0180	0.5772	0.4994	0.0778	0.2779	0.1661	0.1118	0.0768	0.0706	0.0063	0.2011	0.0956	0.1055	5.9219	8.7088	0.0895	2.3212	2.3292	0.3255	9.3303	68.1792	0.0662	0.0032	0.0024	0.0043	0.0049	0.0051	0.0024	0.0025	0.0004	0.0045
68	75	0.3557	9	1	0	2	0	0	0	0	0	N	N	Y	N	N	N	N	N	N	N	N	N	130.9032	82.1276	0.1144	18.0358	17.0163	0.0048	462.1267	950.1375	0.1438	1.4399	1.6035	0.0002	0.3085	0.3253	0.0000	2.1664	2.5032	0.0003	0.0110	0.0195	0.0021	0.0171	0.0191	0.0029	0.0047	0.0026	0.0021	0.0000	0.3604	-0.3368	-0.0002	15.0354	10.2127	6.2061	1.0234	1.1730	1.1730	0.0000	0.0983	0.0983	0.0000	1.0747	1.0747	0.0000	0.0005	0.0004	0.0001	0.0004	0.0004	0.0000	0.0001	0.0000	0.0001	0.8147	0.7315	0.0831	0.3186	0.3022	0.0164	0.4961	0.4293	0.0668	0.1499	0.0843	0.0656	0.0377	0.0341	0.0035	0.1123	0.0502	0.0621	409.2531	348.7112	0.1144	29.4614	28.8862	0.0048	1827.1894	34977.6914	0.1438	0.0035	0.0046	0.0021	0.0105	0.0113	0.0029	0.0012	0.0001	0.0021
68	76	0.3525	8	1	0	1	0	0	0	0	0	N	N	N	N	N	N	N	N	N	N	N	N	9.8934	15.9121	0.0058	1.1045	1.0438	5.9045	6.8106	inf	0.0004	0.0024	0.0027	0.0000	0.0004	0.0004	0.0000	0.0037	0.0042	0.0000	0.0002	0.0002	0.0003	0.0004	0.0004	0.0000	0.0005	0.0000	0.0004	0.0001	1.5741	-0.0002	-0.0000	15.0354	3.7027	6.2061	0.0091	0.0008	0.0008	0.0000	0.0000	0.0000	0.0000	0.0007	0.0007	0.0000	0.0000	0.0000	0.0000	0.0000	0.0000	0.0000	0.0000	0.0000	0.0000	0.3144	0.2833	0.0310	0.1175	0.1127	0.0049	0.1968	0.1707	0.0262	0.0504	0.0283	0.0222	0.0126	0.0114	0.0012	0.0378	0.0168	0.0210	10.1485	16.2385	0.0058	1.1045	1.0438	5.9045	18.6251	inf	0.0004	0.0002	0.0002	0.0003	0.0004	0.0004	0.0000	0.0002	0.0000	0.0004
68	77	0.3355	7	0	0	1	0	0	0	0	0	N	N	N	N	N	N	N	N	N	N	N	N	0.1283	0.0693	0.1992	0.1461	0.1465	0.0027	0.3535	0.6968	0.4369	0.0005	0.0006	0.0001	0.0010	0.0011	0.0000	0.0001	0.0001	0.0001	0.0041	0.0083	0.0003	0.0071	0.0076	0.0025	0.0002	0.0001	0.0002	0.0108	0.0806	-0.0001	-0.0001	15.0354	3.8334	6.2061	6.1787	0.0002	0.0002	0.0000	0.0002	0.0002	0.0000	0.0000	0.0000	0.0000	0.0003	0.0002	0.0000	0.0003	0.0002	0.0000	0.0000	0.0000	0.0000	0.3820	0.3448	0.0372	0.1747	0.1647	0.0100	0.2073	0.1801	0.0272	0.1653	0.0967	0.0686	0.0474	0.0441	0.0033	0.1179	0.0526	0.0652	0.3250	0.2253	0.1992	0.1937	0.1975	0.0027	0.9075	217.5831	0.4369	0.0016	0.0026	0.0003	0.0054	0.0056	0.0025	0.0001	0.0000	0.0002
68	78	0.2964	6	0	0	1	0	0	0	0	0	N	N	N	N	N	N	N	N	N	N	N	N	0.0862	0.0549	0.8216	0.0086	0.0090	0.0180	1.0435	0.2113	1.3853	0.0214	0.0229	0.0091	0.0015	0.0016	0.0001	0.0339	0.0370	0.0125	0.2484	0.4170	0.0111	0.1775	0.1827	0.0055	0.0325	0.1750	0.0091	0.0479	0.1831	-0.0079	-0.0034	15.0354	16.9094	6.2061	5.8161	0.0325	0.0310	0.0015	0.0009	0.0009	0.0000	0.0316	0.0302	0.0015	0.0072	0.0061	0.0011	0.0058	0.0058	0.0000	0.0014	0.0003	0.0011	1.5195	1.3558	0.1637	0.5855	0.5400	0.0455	0.9340	0.8158	0.1182	0.4028	0.2395	0.1633	0.1221	0.1133	0.0088	0.2806	0.1261	0.1545	1.2012	0.9037	1.3351	0.0320	0.0323	0.0180	6.9212	14.9891	1.8236	0.0178	0.0253	0.0068	0.0475	0.0508	0.0055	0.0049	0.0025	0.0069
68	79	0.2222	6	0	1	1	0	0	0	0	0	N	N	N	N	N	N	N	N	N	N	N	N	154.9113	119.0214	754.7387	0.6886	0.0395	53.5005	254.8361	24174.8095	832.5568	0.7019	0.6212	1.3424	0.0035	0.0002	0.0711	0.9487	0.8629	1.4984	0.0045	0.0052	0.0018	0.0051	0.0057	0.0013	0.0037	0.0000	0.0018	0.2725	0.7392	-0.0931	-0.0002	15.0354	23.9173	6.2061	17.8091	1.2751	1.0020	0.2730	0.0017	0.0001	0.0016	1.2734	1.0019	0.2715	0.0011	0.0007	0.0005	0.0007	0.0007	0.0000	0.0005	0.0000	0.0005	1.8166	1.6132	0.2034	0.4743	0.4521	0.0222	1.3423	1.1611	0.1812	0.6398	0.3663	0.2735	0.1535	0.1412	0.0123	0.4863	0.2251	0.2613	392.3440	345.7098	754.7387	0.8066	0.0479	53.5005	981.1774	9118588.0789	832.5568	0.0018	0.0018	0.0018	0.0044	0.0047	0.0013	0.0010	0.0000	0.0018
68	80	0.2061	5	0	1	1	0	0	0	0	0	N	N	N	N	N	N	N	N	N	N	N	N	0.3163	0.0476	11.2782	0.0218	0.0207	0.0096	1.0579	4.3051	12.2725	0.0040	0.0011	0.0261	0.0005	0.0005	0.0000	0.0051	0.0013	0.0287	0.0125	0.0227	0.0023	0.0210	0.0230	0.0019	0.0048	0.0003	0.0023	3.1459	0.3177	0.0009	-0.0003	15.0354	6.1279	6.2061	3.6878	0.0019	0.0005	0.0014	0.0001	0.0001	0.0000	0.0018	0.0004	0.0014	0.0007	0.0005	0.0002	0.0005	0.0005	0.0000	0.0002	0.0000	0.0002	0.4783	0.4232	0.0550	0.1143	0.1095	0.0048	0.3640	0.3138	0.0502	0.1782	0.1055	0.0727	0.0440	0.0413	0.0027	0.1342	0.0642	0.0701	1.0105	0.2148	11.2782	0.0375	0.0371	0.0096	4.1551	1147.9376	12.2725	0.0039	0.0050	0.0023	0.0122	0.0128	0.0019	0.0012	0.0000	0.0023
68	81	0.2942	9	1	0	2	0	0	0	0	0	N	N	Y	N	N	N	N	N	N	N	N	N	156.9538	86.7613	28.1006	53.4360	51.4584	21.0514	1125.2200	13466.8878	29.1184	0.2103	0.2348	0.0044	0.1266	0.1323	0.0035	0.2504	0.2892	0.0046	0.0013	0.0027	0.0002	0.0024	0.0026	0.0002	0.0002	0.0000	0.0002	0.0023	0.0985	-0.1203	-0.0002	15.0354	27.2690	6.2061	12.3406	0.4223	0.4213	0.0010	0.0823	0.0822	0.0001	0.3400	0.3391	0.0009	0.0004	0.0004	0.0000	0.0004	0.0004	0.0000	0.0000	0.0000	0.0000	2.0078	1.7942	0.2136	0.6502	0.6215	0.0286	1.3577	1.1727	0.1850	0.5640	0.3323	0.2317	0.1581	0.1449	0.0132	0.4059	0.1874	0.2185	289.9610	209.5303	28.1006	53.4360	51.4584	21.0514	2947.3960	4972157.9794	29.1184	0.0007	0.0011	0.0002	0.0024	0.0026	0.0002	0.0001	0.0000	0.0002
68	82	0.2788	8	0	0	1	0	0	0	0	0	N	N	N	N	N	N	N	N	N	N	N	N	0.0014	0.0429	0.0010	0.0637	0.0555	30.4378	0.0006	0.0482	0.0001	0.0001	0.0001	0.0001	0.0002	0.0002	0.0004	0.0001	0.0001	0.0000	0.0971	0.0032	0.0555	0.0027	0.0029	0.0000	0.1989	0.0026	0.0499	0.0456	13.6858	-0.0000	0.0005	15.0354	9.0798	6.2061	0.9519	0.0001	0.0001	0.0000	0.0000	0.0000	0.0000	0.0001	0.0001	0.0000	0.0016	0.0001	0.0015	0.0001	0.0001	0.0000	0.0015	0.0000	0.0015	0.7941	0.7146	0.0794	0.2831	0.2716	0.0114	0.5110	0.4430	0.0680	0.1488	0.0868	0.0619	0.0401	0.0366	0.0035	0.1087	0.0502	0.0584	0.0121	0.1099	0.0024	0.0637	0.0555	30.4378	0.0079	1.7843	0.0003	0.0109	0.0013	0.0243	0.0027	0.0029	0.0000	0.0139	0.0001	0.0258
68	83	0.2061	5	0	1	1	0	0	0	0	0	N	N	N	N	N	N	N	N	N	N	N	N	1403.3575	61.8511	208559.5363	99.4066	81.9873	1143.0400	117952.1314	inf	654860.5505	1.3851	0.1442	11.1310	0.2619	0.2275	1.0496	1.7381	0.1152	12.1099	0.0010	0.0023	0.0001	0.0026	0.0028	0.0009	0.0000	0.0000	0.0000	9.8272	0.0407	1.3550	-0.0002	15.0354	21.0000	6.2061	14.4214	2.1836	0.2017	1.9819	0.0987	0.0822	0.0165	2.0849	0.1195	1.9654	0.0003	0.0003	0.0000	0.0003	0.0003	0.0000	0.0000	0.0000	0.0000	1.5765	1.3985	0.1781	0.3770	0.3613	0.0158	1.1995	1.0372	0.1623	0.5491	0.3129	0.2362	0.1209	0.1117	0.0092	0.4282	0.2012	0.2270	2357.4105	145.5673	208559.5363	99.4066	81.9873	1143.0400	177300.2182	inf	654860.5505	0.0006	0.0010	0.0001	0.0026	0.0028	0.0009	0.0000	0.0000	0.0000
68	84	0.2637	9	0	0	2	0	0	0	0	0	N	N	Y	N	N	N	N	N	N	N	N	N	0.0000	0.0000	0.0000	0.0001	0.0001	0.0000	0.0000	0.0000	0.0000	0.0000	0.0000	0.0001	0.0001	0.0000	0.0000	0.0000	0.0000	0.5243	0.7311	0.0019	0.8515	0.9010	0.0195	0.0010	0.0000	0.0006	0.0000	0.0193	-0.0000	-0.0119	15.0354	20.4085	6.2061	11.0867	0.0000	0.0000	0.0000	0.0000	0.0000	0.0000	0.0000	0.0000	0.0000	0.0196	0.0192	0.0004	0.0195	0.0192	0.0003	0.0001	0.0000	0.0001	1.5896	1.4160	0.1736	0.4873	0.4624	0.0248	1.1023	0.9536	0.1487	0.4608	0.2621	0.1987	0.1219	0.1085	0.0134	0.3389	0.1536	0.1853	0.0006	0.0004	0.0000	0.0005	0.0005	0.0000	0.0000	0.0000	0.0000	0.0425	0.0734	0.0019	0.1599	0.1772	0.0195	0.0003	0.0000	0.0006	
68	85	0.2600	8	0	0	2	0	0	0	0	0	N	N	Y	N	N	N	N	N	N	N	N	N	0.0443	0.0482	0.0000	0.0648	0.0777	0.0000	0.0000	0.0000	0.0000	0.0000	0.0000	0.0000	0.0001	0.0001	0.0000	0.0000	0.0000	0.0000	0.0007	0.0007	0.0005	0.0011	0.0010	0.0023	0.0005	0.0006	0.0003	0.0000	0.7076	-0.0000	-0.0000	15.0354	3.1287	6.2061	1.1816	0.0000	0.0000	0.0000	0.0000	0.0000	0.0000	0.0000	0.0000	0.0000	0.0000	0.0000	0.0000	0.0000	0.0000	0.0000	0.0000	0.0000	0.0000	0.3392	0.3031	0.0361	0.1411	0.1321	0.0090	0.1981	0.1710	0.0271	0.0734	0.0432	0.0301	0.0210	0.0190	0.0020	0.0523	0.0242	0.0281	0.0680	0.0766	0.0000	0.0648	0.0777	0.0000	0.0001	0.0037	0.0000	0.0004	0.0004	0.0005	0.0011	0.0010	0.0023	0.0002	0.0000	0.0003
68	86	0.2531	7	0	0	1	0	0	0	0	0	N	N	N	N	N	N	N	N	N	N	N	N	0.0981	0.0464	1.6607	0.1377	0.1321	0.0026	0.3062	0.0017	5.1859	0.0002	0.0002	0.0002	0.0006	0.0006	0.0000	0.0000	0.0000	0.0003	0.0025	0.0054	0.0001	0.0042	0.0047	0.0014	0.0001	0.0019	0.0001	0.1180	0.0571	-0.0000	-0.0001	15.0354	4.0532	6.2061	2.2470	0.0001	0.0001	0.0000	0.0001	0.0001	0.0000	0.0000	0.0000	0.0000	0.0001	0.0001	0.0000	0.0001	0.0001	0.0000	0.0000	0.0000	0.0000	0.3823	0.3412	0.0411	0.1466	0.1369	0.0097	0.2358	0.2043	0.0314	0.1089	0.0638	0.0451	0.0312	0.0282	0.0029	0.0777	0.0355	0.0422	0.2204	0.1367	1.6607	0.1511	0.1515	0.0026	0.8723	0.0795	5.1859	0.0011	0.0018	0.0001	0.0038	0.0041	0.0014	0.0001	0.0000	0.0001
68	87	0.2299	6	0	0	1	0	0	0	0	0	N	N	N	N	N	N	N	N	N	N	N	N	0.1090	0.0620	0.2148	0.0738	0.0728	0.0039	0.2581	0.0356	0.2872	0.0007	0.0008	0.0002	0.0007	0.0008	0.0000	0.0007	0.0008	0.0002	0.0068	0.0132	0.0008	0.0098	0.0109	0.0005	0.0029	0.0235	0.0008	0.0279	0.1385	-0.0001	-0.0003	15.0354	4.7288	6.2061	9.8540	0.0004	0.0004	0.0000	0.0001	0.0001	0.0000	0.0002	0.0002	0.0000	0.0007	0.0006	0.0001	0.0005	0.0005	0.0000	0.0002	0.0001	0.0001	0.5119	0.4487	0.0632	0.2024	0.1857	0.0167	0.3095	0.2629	0.0465	0.2755	0.1664	0.1091	0.0762	0.0718	0.0044	0.1994	0.0947	0.1047	0.3004	0.2293	0.2148	0.1060	0.1093	0.0039	0.9626	1.0674	0.2872	0.0025	0.0036	0.0008	0.0068	0.0072	0.0005	0.0008	0.0008	0.0008
68	88	0.2061	5	0	0	1	0	0	0	0	0	N	N	N	N	N	N	N	N	N	N	N	N	0.0679	0.0720	0.0238	0.2548	0.3318	0.0000	0.0171	0.0032	0.0319	0.0005	0.0006	0.0001	0.0017	0.0018	0.0000	0.0002	0.0002	0.0001	0.0078	0.0082	0.0033	0.0068	0.0054	0.0146	0.0091	0.0528	0.0027	0.0174	0.9067	-0.0001	-0.0001	15.0354	8.6320	6.2061	7.0881	0.0004	0.0003	0.0000	0.0003	0.0003	0.0000	0.0001	0.0001	0.0000	0.0007	0.0004	0.0004	0.0003	0.0003	0.0001	0.0004	0.0001	0.0003	0.6692	0.5924	0.0768	0.1599	0.1532	0.0068	0.5093	0.4393	0.0700	0.2677	0.1554	0.1124	0.0625	0.0583	0.0042	0.2052	0.0970	0.1081	0.1899	0.2333	0.0250	0.3300	0.3963	0.0000	0.0759	0.1270	0.0319	0.0028	0.0025	0.0032	0.0052	0.0045	0.0146	0.0021	0.0013	0.0027
68	89	0.2738	7	0	1	1	0	0	0	0	0	N	N	N	N	N	N	N	N	N	N	N	N	113.3975	59.4169	2.0528	4.0221	4.0056	0.0060	2597.1600	2589.4144	3.6398	0.5695	0.6451	0.0006	0.0426	0.0470	0.0000	0.9046	1.0425	0.0009	0.0050	0.0109	0.0003	0.0106	0.0117	0.0017	0.0003	0.0004	0.0002	0.0001	0.0665	-0.2425	-0.0004	15.0354	15.4622	6.2061	5.2688	0.8449	0.8448	0.0001	0.0245	0.0245	0.0000	0.8203	0.8202	0.0001	0.0007	0.0006	0.0000	0.0006	0.0006	0.0000	0.0000	0.0000	0.0000	1.4836	1.3095	0.1741	0.5768	0.5228	0.0541	0.9068	0.7868	0.1200	0.3441	0.2015	0.1426	0.0862	0.0809	0.0053	0.2579	0.1206	0.1373	293.0898	207.3137	2.0528	5.7704	6.0612	0.0060	7102.1651	591192.2193	3.6398	0.0019	0.0031	0.0003	0.0074	0.0077	0.0017	0.0001	0.0000	0.0002
68	90	0.2621	6	0	0	1	0	0	0	0	0	N	N	N	N	N	N	N	N	N	N	N	N	120.7950	114.9814	63.1364	10.1328	11.4139	0.0059	294.5612	397.1028	128.5668	1.1240	1.2616	0.2033	0.0980	0.1135	0.0000	1.9284	2.1504	0.3768	0.0093	0.0110	0.0032	0.0097	0.0099	0.0063	0.0065	0.0054	0.0029	0.0241	0.6590	-0.2676	-0.0001	15.0354	7.5917	6.2061	1.5198	1.0153	0.9914	0.0239	0.0389	0.0389	0.0000	0.9764	0.9525	0.0239	0.0006	0.0003	0.0002	0.0003	0.0003	0.0000	0.0002	0.0000	0.0002	0.9032	0.7858	0.1174	0.3969	0.3429	0.0541	0.5063	0.4429	0.0634	0.1771	0.1064	0.0707	0.0504	0.0468	0.0036	0.1268	0.0596	0.0672	360.8108	403.5215	65.6208	14.4246	16.5979	0.0059	1166.2960	10092.3259	128.5668	0.0031	0.0031	0.0031	0.0068	0.0068	0.0063	0.0017	0.0002	0.0029
68	91	0.3713	10	1	0	2	0	0	0	0	0	N	N	Y	N	N	N	N	N	N	N	N	N	inf	inf	inf	inf	0.0001	0.0001	0.0000	0.0003	0.0003	0.0000	0.0000	0.0000	0.0000	0.0000	0.0000	0.0000	0.0000	0.0000	0.0000	0.0000	0.0000	0.0000	0.0000	-0.0000	0.0000	15.0354	3.0317	6.2061	0.1644	0.0000	0.0000	0.0000	0.0000	0.0000	0.0000	0.0000	0.0000	0.0000	0.0000	0.0000	0.0000	0.0000	0.0000	0.0000	0.0000	0.0000	0.0000	0.2313	0.2058	0.0255	0.0759	0.0720	0.0039	0.1554	0.1337	0.0216	0.0455	0.0263	0.0192	0.0118	0.0107	0.0011	0.0337	0.0155	0.0181	inf	inf	0.0000	inf	inf	0.0000	0.0000	0.0000	0.0000	0.0000	0.0000	0.0000	0.0000	0.0000	0.0000	0.0000	0.0000	0.0000						
68	92	0.3655	9	1	0	2	0	0	0	0	0	N	N	Y	N	N	N	N	N	N	N	N	N	0.7742	0.4975	0.0038	0.0021	0.0021	0.0006	3.1455	9.8396	0.0052	0.0004	0.0004	0.0000	0.0000	0.0000	0.0000	0.0007	0.0008	0.0000	0.0005	0.0008	0.0002	0.0011	0.0011	0.0008	0.0002	0.0001	0.0001	0.0002	0.2797	-0.0000	-0.0000	15.0354	2.6632	6.2061	1.0147	0.0001	0.0001	0.0000	0.0000	0.0000	0.0000	0.0001	0.0001	0.0000	0.0000	0.0000	0.0000	0.0000	0.0000	0.0000	0.0000	0.0000	0.0000	0.2736	0.2475	0.0261	0.1263	0.1198	0.0065	0.1473	0.1276	0.0197	0.0548	0.0321	0.0226	0.0146	0.0134	0.0012	0.0402	0.0187	0.0214	1.0153	0.8424	0.0038	0.0021	0.0021	0.0006	8.2952	3243.4221	0.0052	0.0004	0.0005	0.0002	0.0011	0.0011	0.0008	0.0001	0.0000	0.0001
68	93	0.2823	8	1	0	2	0	0	0	0	0	N	N	Y	N	N	N	N	N	N	N	N	N	0.9558	3.4704	0.0088	0.2443	0.3055	0.0432	1.4482	68.5728	0.0040	0.3046	0.3402	0.0009	0.0145	0.0149	0.0048	0.4421	0.5106	0.0003	0.3187	0.0980	0.1057	0.0593	0.0488	0.1117	0.3053	0.0074	0.0849	0.0003	2.9156	-0.2371	0.0016	15.0354	35.0787	6.2061	12.2568	0.8268	0.8265	0.0003	0.0126	0.0125	0.0002	0.8142	0.8141	0.0001	0.0138	0.0035	0.0103	0.0045	0.0035	0.0011	0.0092	0.0001	0.0092	2.7146	2.4297	0.2849	0.8729	0.8353	0.0376	1.8417	1.5943	0.2474	0.6454	0.3726	0.2728	0.1728	0.1571	0.0158	0.4725	0.2155	0.2570	14.2781	36.0498	0.0247	0.5511	0.6790	0.0697	22.6501	1724.6207	0.0094	0.0213	0.0094	0.0376	0.0263	0.0220	0.0692	0.0195	0.0003	0.0356
68	94	0.2688	7	1	0	1	0	0	0	0	0	N	N	N	N	N	N	N	N	N	N	N	N	0.7595	0.8859	0.3964	4.6540	4.3360	0.1812	0.7322	0.4037	0.5062	0.2345	0.2569	0.0235	0.2696	0.2783	0.0017	0.2154	0.2439	0.0264	0.3087	0.2900	0.0594	0.0579	0.0642	0.0092	0.2942	0.6042	0.0521	0.0097	1.0353	-0.0554	-0.0004	15.0354	8.4810	6.2061	2.3446	0.1996	0.1976	0.0019	0.0807	0.0807	0.0000	0.1188	0.1169	0.0019	0.0035	0.0017	0.0018	0.0012	0.0011	0.0000	0.0023	0.0006	0.0017	0.8511	0.7693	0.0818	0.2994	0.2900	0.0094	0.5517	0.4793	0.0724	0.1669	0.0982	0.0687	0.0456	0.0417	0.0039	0.1213	0.0565	0.0648	11.2690	14.7827	0.9159	10.4663	10.1911	0.1812	11.3707	24.2986	0.9882	0.0208	0.0174	0.0257	0.0258	0.0273	0.0092	0.0189	0.0100	0.0267
68	95	0.2061	5	0	1	1	1	0	0	0	0	N	N	N	N	N	N	N	N	N	N	N	N	1.9435	149.2783	0.0008	1.6939	4.4437	0.0000	2.0738	188.1205	0.0011	1.1082	1.2486	0.0006	0.0413	0.0431	0.0000	1.4436	1.6684	0.0007	0.5702	0.0084	0.7670	0.0244	0.0097	0.1856	0.6961	0.0089	0.6439	0.0001	32.6688	-0.5689	0.0118	15.0354	24.0032	6.2061	22.6134	1.9817	1.9815	0.0001	0.0177	0.0176	0.0000	1.9640	1.9639	0.0001	0.0346	0.0010	0.0336	0.0021	0.0009	0.0011	0.0325	0.0001	0.0324	1.7882	1.5870	0.2012	0.4277	0.4099	0.0178	1.3605	1.1771	0.1834	0.6978	0.3967	0.3011	0.1516	0.1398	0.0118	0.5462	0.2568	0.2894	22.3550	482.0709	0.0058	3.0263	6.4235	0.0000	24.2429	4761.0639	0.0063	0.0496	0.0026	0.1115	0.0136	0.0067	0.0959	0.0595	0.0004	0.1121
68	96	0.6235	9	0	1	1	0	0	0	0	0	N	N	N	N	N	N	N	N	N	N	N	N	0.3152	1.7020	0.0004	3.5682	3.6674	0.0073	0.0145	1.1325	0.0003	0.0023	0.0026	0.0000	0.0048	0.0050	0.0000	0.0003	0.0003	0.0000	0.0073	0.0015	0.0098	0.0013	0.0014	0.0009	0.0190	0.0003	0.0089	0.0002	4.4401	-0.0010	0.0002	15.0354	18.5150	6.2061	10.2301	0.0034	0.0034	0.0000	0.0032	0.0032	0.0000	0.0002	0.0002	0.0000	0.0009	0.0002	0.0008	0.0002	0.0002	0.0000	0.0008	0.0000	0.0008	1.4658	1.3163	0.1495	0.6646	0.6263	0.0383	0.8012	0.6899	0.1112	0.3535	0.2299	0.1236	0.1389	0.1250	0.0139	0.2146	0.1048	0.1098	0.8708	3.4296	0.0006	3.5682	3.6674	0.0073	0.0788	313.2532	0.0004	0.0026	0.0007	0.0062	0.0013	0.0014	0.0009	0.0035	0.0000	0.0068
68	97	0.2352	6	0	1	1	0	0	0	0	0	N	N	N	N	N	N	N	N	N	N	N	N	0.2924	136.4198	0.0320	140.3382	372.7451	6.5682	0.0016	11.2929	0.0106	0.1654	0.1824	0.0267	0.6713	0.6900	0.2216	0.0011	0.0002	0.0076	0.5657	0.0013	0.8351	0.0048	0.0019	0.0337	0.7117	0.0000	0.7127	0.0179	120.5878	-0.1468	0.0176	15.0354	46.1140	6.2061	26.4917	0.5448	0.5352	0.0096	0.5420	0.5349	0.0071	0.0028	0.0003	0.0025	0.0483	0.0004	0.0479	0.0010	0.0004	0.0006	0.0474	0.0000	0.0474	3.2935	2.9345	0.3591	0.8073	0.7752	0.0321	2.4862	2.1593	0.3270	0.9936	0.5792	0.4144	0.2347	0.2148	0.0199	0.7589	0.3644	0.3945	3.3997	265.6850	0.2308	159.8496	372.7451	7.5123	0.0180	4053.7794	0.0629	0.0487	0.0007	0.1157	0.0042	0.0019	0.0295	0.0624	0.0000	0.1201
68	98	0.6764	11	0	1	1	0	0	0	0	0	N	N	N	N	N	N	N	N	N	N	N	N	2800.5768	1534.7597	0.0102	1.2356	1.1311	0.0000	303687.7951	96653.5808	0.0169	0.7265	0.8078	0.0000	0.0008	0.0008	0.0000	1.2638	1.4556	0.0000	0.0003	0.0005	0.0000	0.0006	0.0007	0.0000	0.0000	0.0000	0.0000	0.0000	0.0156	-0.2766	-0.0000	15.0354	20.7840	6.2061	8.9470	0.9633	0.9633	0.0000	0.0004	0.0004	0.0000	0.9629	0.9629	0.0000	0.0001	0.0001	0.0000	0.0001	0.0001	0.0000	0.0000	0.0000	0.0000	1.3259	1.1925	0.1333	0.5640	0.5311	0.0329	0.7619	0.6615	0.1004	0.3078	0.1944	0.1134	0.1233	0.1057	0.0176	0.1845	0.0887	0.0958	2946.4035	2101.4029	0.0102	1.2356	1.1311	0.0000	303687.7951	35867022.2975	0.0169	0.0002	0.0004	0.0000	0.0006	0.0007	0.0000	0.0000	0.0000	0.0000
68	99	0.6715	10	0	0	1	0	0	0	0	0	N	N	N	N	N	N	N	N	N	N	N	N	0.4889	0.5062	0.0587	0.0276	0.0313	0.0482	1.1828	19.3036	0.1497	0.3817	0.4261	0.0545	0.0198	0.0222	0.0001	1.0021	1.1377	0.1311	0.7806	0.8417	0.9283	0.7152	0.7098	0.0030	0.8472	0.0589	0.8757	0.0174	0.9289	-0.0588	-0.0016	15.0354	2.7834	6.2061	1.0450	0.2176	0.2139	0.0037	0.0071	0.0071	0.0000	0.2105	0.2068	0.0037	0.0107	0.0055	0.0051	0.0055	0.0055	0.0000	0.0052	0.0000	0.0051	0.5703	0.5021	0.0682	0.3602	0.3203	0.0399	0.2101	0.1818	0.0283	0.0967	0.0556	0.0412	0.0425	0.0404	0.0022	0.0542	0.0152	0.0390	3.4542	4.2725	0.4358	0.1521	0.1624	0.0482	10.5216	821.3773	0.9944	0.1105	0.0997	0.1250	0.1299	0.1367	0.0030	0.0952	0.0014	0.1318
68	100	0.6614	9	0	0	1	0	0	0	0	0	N	N	N	N	N	N	N	N	N	N	N	N	0.0653	0.0508	0.2066	0.0257	0.0288	0.0105	0.1546	1.5563	0.5031	0.0584	0.0602	0.0449	0.0405	0.0451	0.0000	0.0877	0.0860	0.0981	0.8946	1.1862	0.2171	1.5757	1.5633	0.0031	0.5672	0.0552	0.1950	0.0973	0.1313	-0.0142	-0.0211	15.0354	7.6044	6.2061	2.7972	0.0714	0.0651	0.0063	0.0307	0.0307	0.0000	0.0407	0.0344	0.0063	0.0412	0.0364	0.0048	0.0364	0.0364	0.0000	0.0048	0.0001	0.0048	1.2220	1.0809	0.1411	0.7580	0.6814	0.0766	0.4640	0.3995	0.0645	0.2198	0.1313	0.0884	0.0962	0.0901	0.0061	0.1235	0.0412	0.0823	0.3118	0.2172	0.8301	0.1073	0.1118	0.0105	2.2488	64.1240	1.6969	0.1874	0.2772	0.0541	0.3780	0.4033	0.0031	0.0390	0.0013	0.0578
68	101	0.6118	8	0	0	1	0	0	0	0	0	N	N	N	N	N	N	N	N	N	N	N	N	0.4498	0.0608	207.4542	0.0549	0.0566	0.0733	26.2325	9.9859	377.6148	0.2964	0.0512	2.2383	0.0482	0.0525	0.0004	0.5220	0.0499	3.4540	0.6589	0.8418	0.0108	0.8770	0.9272	0.0053	0.0199	0.0050	0.0091	5.5244	0.0372	0.2622	-0.0145	15.0354	18.4780	6.2061	12.4520	0.4686	0.0718	0.3967	0.0363	0.0362	0.0000	0.4323	0.0356	0.3967	0.0244	0.0235	0.0009	0.0236	0.0235	0.0001	0.0008	0.0000	0.0008	1.5810	1.4037	0.1773	0.7528	0.6904	0.0624	0.8282	0.7133	0.1149	0.3661	0.2354	0.1307	0.1433	0.1273	0.0161	0.2228	0.1081	0.1147	4.4447	0.5117	333.9308	0.2925	0.2840	0.0733	143.3970	266.7257	500.7950	0.0667	0.1000	0.0067	0.1647	0.1848	0.0053	0.0036	0.0002	0.0069
68	102	0.1878	4	0	1	1	0	0	0	0	0	N	N	N	N	N	N	N	N	N	N	N	N	0.0288	0.0047	320.5784	0.0194	0.0187	5.1299	8.3063	0.0106	563.1802	0.0056	0.0020	0.0335	0.0044	0.0046	0.0025	0.0065	0.0001	0.0458	0.1956	0.4213	0.0001	0.2275	0.2453	0.0005	0.0008	0.0129	0.0001	2.1941	0.0027	0.0087	-0.0088	15.0354	34.1922	6.2061	22.4626	0.0218	0.0068	0.0149	0.0069	0.0065	0.0003	0.0149	0.0003	0.0146	0.0141	0.0141	0.0000	0.0139	0.0139	0.0000	0.0002	0.0002	0.0000	3.8545	3.4086	0.4459	1.5528	1.4266	0.1262	2.3017	1.9821	0.3197	0.9205	0.5510	0.3695	0.2550	0.2338	0.0213	0.6654	0.3172	0.3482	0.3682	0.0782	320.5784	0.0808	0.0770	5.1299	23.6615	0.2819	563.1802	0.0153	0.0255	0.0001	0.0546	0.0595	0.0005	0.0003	0.0005	0.0001
68	103	0.1399	3	0	1	1	0	0	0	0	0	N	N	N	N	N	N	N	N	N	N	N	N	0.9186	0.0079	61.2654	0.0176	0.0186	0.0999	2.3716	0.0014	78.6049	0.4708	0.0050	2.9312	0.0110	0.0118	0.0009	0.7031	0.0010	3.4672	0.5126	0.6312	0.0478	0.6225	0.6323	0.0095	0.2965	0.7018	0.0441	111.7432	0.3223	0.8184	-0.0090	15.0354	22.5884	6.2061	11.0115	1.1624	0.0103	1.1521	0.0091	0.0090	0.0001	1.1533	0.0013	1.1521	0.0235	0.0178	0.0057	0.0148	0.0147	0.0001	0.0087	0.0030	0.0057	2.4690	2.0759	0.3931	0.8285	0.7677	0.0608	1.6405	1.3082	0.3323	0.5793	0.3256	0.2537	0.1293	0.1215	0.0078	0.4500	0.2041	0.2459	11.6092	0.0910	129.8668	0.0959	0.0971	0.0999	36.4406	0.0652	150.8349	0.0406	0.0546	0.0226	0.1146	0.1213	0.0095	0.0193	0.0148	0.0230
68	106	0.2788	8	0	1	1	0	0	0	0	0	N	N	N	N	N	N	N	N	N	N	N	N	4.7497	2.2448	2.4242	0.1892	0.1791	8.8452	2951.9405	326.1077	1.1365	0.0029	0.0033	0.0000	0.0003	0.0003	0.0000	0.0042	0.0049	0.0000	0.0006	0.0015	0.0000	0.0016	0.0018	0.0000	0.0000	0.0000	0.0000	0.0002	0.0026	-0.0013	-0.0001	15.0354	20.0414	6.2061	7.0324	0.0046	0.0046	0.0000	0.0002	0.0002	0.0000	0.0044	0.0044	0.0000	0.0002	0.0002	0.0000	0.0002	0.0002	0.0000	0.0000	0.0000	0.0000	1.5788	1.4152	0.1635	0.5228	0.5006	0.0222	1.0560	0.9147	0.1414	0.3827	0.2229	0.1598	0.1013	0.0922	0.0091	0.2813	0.1306	0.1507	6.8669	4.4722	2.4242	0.1892	0.1791	8.8452	2951.9405	119905.1590	1.1365	0.0004	0.0007	0.0000	0.0016	0.0018	0.0000	0.0000	0.0000	0.0000
68	107	0.2688	7	0	0	1	0	0	0	0	0	N	N	N	N	N	N	N	N	N	N	N	N	0.2057	0.1873	1.7542	0.7487	0.4751	2014.9503	0.0603	0.0869	0.9321	0.0008	0.0004	0.0041	0.0016	0.0011	0.0177	0.0003	0.0000	0.0023	0.0038	0.0024	0.0023	0.0021	0.0023	0.0000	0.0053	0.0003	0.0025	0.9415	1.5868	0.0001	-0.0000	15.0354	7.0315	6.2061	1.2144	0.0006	0.0003	0.0003	0.0004	0.0003	0.0001	0.0002	0.0000	0.0001	0.0002	0.0001	0.0001	0.0001	0.0001	0.0000	0.0001	0.0000	0.0001	0.7456	0.6756	0.0700	0.2700	0.2620	0.0080	0.4755	0.4136	0.0619	0.1297	0.0766	0.0531	0.0360	0.0330	0.0030	0.0937	0.0437	0.0500	0.5091	0.4423	1.7542	0.7487	0.4751	2014.9503	0.2428	24.6056	0.9321	0.0015	0.0010	0.0023	0.0021	0.0023	0.0000	0.0013	0.0000	0.0025
68	108	0.2352	6	0	0	1	0	0	0	0	0	N	N	N	N	N	N	N	N	N	N	N	N	918.5801	2.2555	8618.2284	1.6224	1.4847	22.2180	695.6899	0.2431	9053.8919	0.3652	0.0008	3.2734	0.0009	0.0009	0.0012	0.4889	0.0007	3.5847	0.0004	0.0003	0.0004	0.0005	0.0006	0.0001	0.0007	0.0029	0.0004	544.9465	0.9652	0.3364	-0.0000	15.0354	16.2725	6.2061	4.4748	0.4730	0.0009	0.4722	0.0003	0.0003	0.0000	0.4728	0.0006	0.4722	0.0001	0.0001	0.0001	0.0000	0.0000	0.0000	0.0001	0.0000	0.0001	1.2953	1.1510	0.1442	0.3283	0.3158	0.0125	0.9670	0.8353	0.1317	0.3267	0.1914	0.1353	0.0803	0.0740	0.0064	0.2464	0.1174	0.1289	1140.4476	2.7067	8618.2284	1.6224	1.4847	22.2180	1976.2222	8.4029	9053.8919	0.0003	0.0003	0.0004	0.0005	0.0006	0.0001	0.0002	0.0001	0.0004
68	109	0.2880	7	0	1	1	0	0	0	0	0	N	N	N	N	N	N	N	N	N	N	N	N	0.1961	0.0266	1.0507	0.1333	0.1530	0.0033	0.2395	0.0043	1.4652	0.1287	0.0036	1.1285	0.0095	0.0103	0.0002	0.1879	0.0001	1.4358	0.6562	0.1355	1.0740	0.0716	0.0671	0.0552	0.7844	0.0148	0.9799	39.1915	9.1099	0.2835	0.0145	15.0354	40.5309	6.2061	14.7974	0.4121	0.0103	0.4019	0.0101	0.0101	0.0000	0.4020	0.0001	0.4018	0.0530	0.0052	0.0478	0.0057	0.0051	0.0007	0.0473	0.0002	0.0471	3.2031	2.8470	0.3561	1.0635	0.9873	0.0762	2.1395	1.8596	0.2799	0.7995	0.4618	0.3377	0.1933	0.1781	0.0153	0.6062	0.2838	0.3224	1.9400	0.3171	7.9761	0.3212	0.3589	0.0043	2.4087	0.1186	9.8226	0.0663	0.0114	0.1415	0.0297	0.0286	0.0426	0.0780	0.0005	0.1462
68	110	0.2621	6	0	1	1	0	0	0	0	0	N	N	N	N	N	N	N	N	N	N	N	N	0.0889	0.0623	0.8616	0.3298	0.3696	0.0012	0.0706	0.0135	1.7751	0.0265	0.0280	0.0163	0.0515	0.0582	0.0000	0.0112	0.0092	0.0252	0.2985	0.4489	0.0189	0.1562	0.1574	0.0169	0.1589	0.6794	0.0142	0.0822	0.2591	-0.0075	-0.0025	15.0354	13.5236	6.2061	3.5331	0.0355	0.0328	0.0027	0.0262	0.0262	0.0000	0.0093	0.0066	0.0027	0.0059	0.0047	0.0012	0.0034	0.0033	0.0001	0.0025	0.0014	0.0011	1.3378	1.1726	0.1652	0.5087	0.4505	0.0582	0.8291	0.7221	0.1070	0.2942	0.1719	0.1223	0.0753	0.0698	0.0055	0.2189	0.1021	0.1168	1.3180	1.0224	1.6376	1.1455	1.2332	0.0012	0.9673	0.6613	2.6120	0.0201	0.0274	0.0100	0.0450	0.0472	0.0169	0.0116	0.0138	0.0096
68	111	0.2061	5	0	0	1	0	0	0	0	0	N	N	N	N	N	N	N	N	N	N	N	N	16.3713	3.9777	1.2895	1379.1035	1702.8094	0.0001	0.0249	0.0042	1.8553	0.7617	0.8591	0.0012	3.1763	3.3153	0.0000	0.0031	0.0033	0.0014	0.0465	0.2160	0.0010	0.0023	0.0019	0.0067	0.1235	0.7952	0.0007	0.0002	0.0520	-0.2809	-0.0025	15.0354	16.9399	6.2061	15.9768	0.9789	0.9787	0.0002	0.9759	0.9759	0.0000	0.0030	0.0028	0.0002	0.0043	0.0041	0.0002	0.0003	0.0002	0.0001	0.0041	0.0039	0.0002	1.2851	1.1392	0.1459	0.3072	0.2944	0.0129	0.9778	0.8448	0.1330	0.5147	0.2936	0.2211	0.1137	0.1052	0.0086	0.4010	0.1884	0.2126	90.4981	61.2470	1.2895	1379.1035	1702.8094	0.0001	0.3023	0.1606	1.8553	0.0084	0.0140	0.0010	0.0023	0.0019	0.0067	0.0102	0.0208	0.0007
68	112	0.3105	9	1	1	1	1	0	0	0	0	N	N	N	N	N	N	N	N	N	N	N	N	0.0120	7237.6319	0.0121	0.0094	7.9781	0.0351	0.0135	inf	0.0108	0.0545	0.0311	0.2245	0.0012	0.0001	0.0727	0.0913	0.0573	0.2329	4.5549	0.0000	18.5577	0.1265	0.0000	2.0695	6.7667	0.0000	21.6003	0.9889	1726578.4299	0.0000	0.0565	15.0354	0.0019	6.2061	1.9928	0.0000	0.0000	0.0000	0.0000	0.0000	0.0000	0.0000	0.0000	0.0000	0.1519	0.0000	0.1519	0.0004	0.0000	0.0004	0.1515	0.0000	0.1515	0.0004	0.0003	0.0000	0.0001	0.0001	0.0000	0.0002	0.0002	0.0000	0.0334	0.0204	0.0129	0.0110	0.0101	0.0009	0.0224	0.0104	0.0120	0.0120	7237.6319	0.0191	0.0290	7.9781	0.1470	0.0135	inf	0.0184	4.5549	0.0000	11.7710	0.0410	0.0000	0.4946	6.7667	0.0000	12.6249
68	113	0.2869	8	1	1	1	1	0	0	0	0	N	N	N	N	N	N	N	N	N	N	N	N	0.6303	23.7352	0.6813	15.7728	4.9994	4758.2012	0.6430	3.6985	0.6738	2.6595	1.5195	11.1641	0.1148	0.0407	2.0437	3.7190	2.2187	12.0881	4.2193	0.0640	16.3860	0.0073	0.0081	0.0004	5.7834	0.5999	17.9401	0.9848	868.1888	0.4134	0.3590	15.0354	8.6942	6.2061	6.0502	1.9776	0.9963	0.9812	0.0251	0.0086	0.0165	1.9525	0.9878	0.9647	0.9691	0.0011	0.9680	0.0003	0.0003	0.0000	0.9687	0.0008	0.9680	0.7436	0.6557	0.0879	0.2186	0.2105	0.0081	0.5250	0.4452	0.0798	0.2297	0.1353	0.0944	0.0622	0.0567	0.0055	0.1675	0.0785	0.0890	0.6303	184.3399	1.0890	21.0321	6.8478	4758.2012	0.6430	223.9722	1.1110	4.2193	0.0082	10.2515	0.0055	0.0059	0.0004	5.7834	0.0099	10.8799
68	114	0.3080	12	0	1	1	1	0	0	0	0	N	N	N	N	N	N	N	N	N	N	N	N	0.0000	0.0000	0.0000	0.0000	0.0000	0.0000	0.0000	0.0000	0.0000	0.0000	0.0000	0.0000	0.0000	0.0008	0.0021	0.0000	0.0011	0.0011	0.0000	0.0000	0.0000	0.0000	0.0000	0.0000	-0.0000	15.0354	0.0001	6.2061	0.0001	0.0000	0.0000	0.0000	0.0000	0.0000	0.0000	0.0000	0.0000	0.0000	0.0000	0.0000	0.0000	0.0000	0.0000	0.0000	0.0000	0.0000	0.0000	0.0000	0.0000	0.0000	0.0000	0.0000	0.0000	0.0000	0.0000	0.0000	0.0000	0.0000	0.0000	0.0000	0.0000	0.0000	0.0000	0.0000	0.0000	0.0000	0.0000	0.0000	0.0000	0.0000	0.0000	0.0000	0.0000	0.0000	0.0005	0.0009	0.0000	0.0011	0.0011	0.0000	0.0000	0.0000	0.0000						
68	115	0.3013	11	0	1	1	1	0	0	0	0	N	N	N	N	N	N	N	N	N	N	N	N	0.0305	0.0073	0.0066	0.0057	1154.2813	3.5414	0.0013	0.0015	0.0000	0.0005	0.0005	0.0000	0.0017	0.0019	0.0000	0.0434	0.2040	0.0000	0.0687	0.0831	0.0000	0.0000	0.0005	0.0000	0.0000	0.0000	-0.0001	-0.0003	15.0354	3.0007	6.2061	1.0012	0.0003	0.0003	0.0000	0.0000	0.0000	0.0000	0.0003	0.0003	0.0000	0.0005	0.0005	0.0000	0.0005	0.0005	0.0000	0.0000	0.0000	0.0000	0.2344	0.2087	0.0257	0.0675	0.0645	0.0029	0.1669	0.1442	0.0227	0.0619	0.0366	0.0253	0.0171	0.0153	0.0018	0.0449	0.0213	0.0235	0.1647	0.1093	0.0000	0.0156	0.0146	0.0000	1154.2813	635.4753	0.0000	0.0081	0.0136	0.0000	0.0292	0.0326	0.0000	0.0000	0.0000	0.0000			
68	116	0.2994	10	0	0	1	1	0	0	0	0	N	N	N	N	N	N	N	N	N	N	N	N	0.0500	0.0367	0.0000	62.5702	59.4070	0.0000	0.0000	0.0000	0.0187	0.0210	0.0000	0.0596	0.0623	0.0000	0.0000	0.0000	0.0000	0.3744	0.5715	0.0000	0.0010	0.0010	0.0000	0.5269	1.2576	0.0000	0.0000	0.0000	-0.0005	-0.0003	15.0354	1.1177	6.2061	0.0023	0.0017	0.0017	0.0000	0.0017	0.0017	0.0000	0.0000	0.0000	0.0000	0.0004	0.0004	0.0000	0.0000	0.0000	0.0000	0.0004	0.0004	0.0000	0.0913	0.0815	0.0098	0.0287	0.0274	0.0013	0.0626	0.0541	0.0086	0.0171	0.0100	0.0071	0.0045	0.0041	0.0004	0.0126	0.0059	0.0066	0.7240	0.4765	0.0000	62.5702	59.4070	0.0000	0.0000	0.0000	0.0000	0.0258	0.0440	0.0000	0.0010	0.0010	0.0000	0.0348	0.0737	0.0000	
68	117	0.2964	6	0	1	1	0	0	0	0	0	N	N	N	N	N	N	N	N	N	N	N	N	0.3773	9.6489	0.0973	29.8036	41.6625	0.0453	0.0524	0.0026	0.1182	0.5458	0.5399	0.5957	1.3375	1.4330	0.0048	0.0988	0.0001	0.7697	1.4467	0.0560	6.1206	0.0449	0.0344	0.1056	1.8834	0.0448	6.5139	0.1309	284.4651	-0.2326	0.3646	15.0354	31.2782	6.2061	23.9277	1.3573	1.2002	0.1571	1.2004	1.2001	0.0003	0.1570	0.0002	0.1568	0.9903	0.0035	0.9869	0.0043	0.0032	0.0011	0.9861	0.0003	0.9858	2.4868	2.2231	0.2637	0.8975	0.8375	0.0600	1.5893	1.3856	0.2037	0.7739	0.4470	0.3269	0.2011	0.1843	0.0168	0.5728	0.2627	0.3101	0.4265	69.5627	0.1973	63.1062	83.5634	0.0729	0.0574	0.0981	0.2421	1.2797	0.0078	3.0188	0.0212	0.0171	0.0655	1.7214	0.0012	3.1789
68	118	0.2994	10	0	0	2	1	0	0	0	0	N	N	Y	N	N	N	N	N	N	N	N	N	26259.7136	47.8781	370828770.5225	395.5571	1.1303	inf	90026978.0984	inf	389143532.2982	3.2187	0.0111	29.5170	0.1834	0.0006	4.1877	4.4898	0.0160	32.9239	0.0001	0.0002	0.0000	0.0005	0.0005	0.0000	0.0000	0.0000	0.0000	323.0943	0.0003	0.6993	-0.0000	15.0354	3.8827	6.2061	2.9998	0.9852	0.0030	0.9822	0.0166	0.0000	0.0165	0.9686	0.0030	0.9656	0.0000	0.0000	0.0000	0.0000	0.0000	0.0000	0.0000	0.0000	0.0000	0.3061	0.2728	0.0333	0.0903	0.0864	0.0039	0.2157	0.1864	0.0293	0.1036	0.0608	0.0427	0.0274	0.0248	0.0025	0.0762	0.0360	0.0402	26259.7136	53.4270	370828770.5225	395.5571	1.1303	inf	90026978.0984	inf	389143532.2982	0.0001	0.0002	0.0000	0.0005	0.0005	0.0000	0.0000	0.0000	0.0000
68	119	0.2965	9	0	0	1	1	0	0	0	0	N	N	N	N	N	N	N	N	N	N	N	N	34.3316	15.3177	1494.7344	44.5490	42.2943	inf	17.7020	0.1587	1641.8045	0.0297	0.0304	0.0237	0.0767	0.0802	0.0026	0.0043	0.0008	0.0275	0.0009	0.0020	0.0000	0.0017	0.0019	0.0000	0.0002	0.0049	0.0000	0.0878	0.0126	-0.0016	-0.0000	15.0354	2.8083	6.2061	0.0030	0.0078	0.0072	0.0006	0.0071	0.0070	0.0000	0.0007	0.0001	0.0006	0.0000	0.0000	0.0000	0.0000	0.0000	0.0000	0.0000	0.0000	0.0000	0.2618	0.2353	0.0266	0.0920	0.0879	0.0041	0.1699	0.1474	0.0224	0.0429	0.0251	0.0177	0.0113	0.0103	0.0010	0.0315	0.0149	0.0167	56.7460	34.4875	1494.7344	44.5490	42.2943	inf	45.8946	4.2842	1641.8045	0.0005	0.0009	0.0000	0.0017	0.0019	0.0000	0.0001	0.0002	0.0000
68	120	0.2965	9	0	0	2	1	0	0	0	0	N	N	Y	N	N	N	N	N	N	N	N	N	18604.9525	5385.7633	2589707.4874	12.4944	11.8661	1413568.5472	inf	2803342.4003	2.5508	1.4214	12.0480	0.0064	0.0067	0.0000	3.6802	2.1142	13.8193	0.0001	0.0003	0.0000	0.0005	0.0006	0.0000	0.0000	0.0000	0.0000	1.0080	0.0142	0.4270	-0.0000	15.0354	9.6158	6.2061	0.0030	1.9871	0.9896	0.9975	0.0015	0.0015	0.0000	1.9856	0.9881	0.9975	0.0000	0.0000	0.0000	0.0000	0.0000	0.0000	0.0000	0.0000	0.0000	0.7790	0.6962	0.0828	0.2395	0.2289	0.0106	0.5395	0.4673	0.0722	0.1442	0.0846	0.0596	0.0380	0.0345	0.0035	0.1062	0.0501	0.0561	18604.9525	6169.7110	2589707.4874	12.4944	11.8661	0.0000	1413568.5472	inf	2803342.4003	0.0001	0.0002	0.0000	0.0005	0.0006	0.0000	0.0000	0.0000	0.0000	
68	121	0.2869	8	0	0	1	1	0	0	0	0	N	N	N	N	N	N	N	N	N	N	N	N	3.3684	2.8553	6.8293	0.0493	0.0494	10.1248	23.1415	5.3405	6.9538	2.4792	2.8320	0.0129	0.0662	0.0683	0.0025	3.5942	4.3189	0.0138	0.7360	0.9918	0.0019	1.3413	1.3833	0.0002	0.1553	0.8087	0.0020	0.0007	0.0085	-0.2900	-0.0059	15.0354	4.2457	6.2061	2.0144	1.0124	1.0118	0.0007	0.0085	0.0085	0.0000	1.0039	1.0032	0.0006	0.0095	0.0095	0.0001	0.0087	0.0087	0.0000	0.0009	0.0008	0.0001	0.4084	0.3573	0.0511	0.1291	0.1250	0.0041	0.2793	0.2323	0.0470	0.1045	0.0618	0.0428	0.0295	0.0272	0.0024	0.0750	0.0346	0.0404	27.1788	18.5051	6.8293	0.2252	0.2137	10.1248	314.7950	192.6050	6.9538	0.0912	0.1530	0.0019	0.2940	0.3196	0.0002	0.0114	0.0224	0.0020
68	122	0.2447	7	0	0	1	1	0	0	0	0	N	N	N	N	N	N	N	N	N	N	N	N	0.0050	0.0029	0.0159	2.3733	2.5824	0.5147	0.0041	0.0019	0.0185	0.0136	0.0132	0.0164	0.0113	0.0116	0.0033	0.0144	0.0139	0.0176	2.6968	4.5647	1.0350	0.0048	0.0045	0.0064	3.5130	7.2576	0.9541	0.1629	0.0217	-0.0020	-0.6168	15.0354	11.9190	6.2061	13.1740	0.0136	0.0117	0.0019	0.0031	0.0031	0.0000	0.0105	0.0086	0.0019	1.0160	0.9944	0.0216	0.0004	0.0003	0.0000	1.0157	0.9941	0.0215	1.0017	0.8857	0.1160	0.2773	0.2673	0.0100	0.7244	0.6183	0.1061	0.3768	0.2179	0.1589	0.0876	0.0809	0.0068	0.2891	0.1370	0.1521	0.0050	0.0029	0.1208	2.7050	2.9081	0.5147	0.0041	0.0019	0.1246	2.6968	4.5647	0.1358	0.0042	0.0040	0.0064	3.5130	7.2576	0.1416
68	123	0.6717	11	0	0	2	1	0	0	0	0	N	N	Y	N	N	N	N	N	N	N	N	N	259.2499	243.6094	0.0000	16.7077	15.6355	0.0000	471.4007	inf	0.0000	0.5095	0.5608	0.0000	0.0261	0.0273	0.0000	0.8838	1.0128	0.0000	0.0020	0.0023	0.0009	0.0016	0.0017	0.0000	0.0019	0.0000	0.0011	0.0000	0.5463	-0.1504	-0.0000	15.0354	12.8936	6.2061	4.1514	0.5238	0.5238	0.0000	0.0117	0.0117	0.0000	0.5122	0.5122	0.0000	0.0002	0.0001	0.0001	0.0001	0.0001	0.0000	0.0001	0.0000	0.0001	1.0282	0.9341	0.0941	0.4487	0.4284	0.0203	0.5795	0.5057	0.0738	0.1871	0.1199	0.0672	0.0749	0.0669	0.0080	0.1122	0.0531	0.0591	528.1071	576.1881	0.0000	16.7077	15.6355	0.0000	1557.5238	inf	0.0000	0.0010	0.0010	0.0009	0.0016	0.0017	0.0000	0.0006	0.0000	0.0011
68	124	0.2601	8	0	1	1	0	0	0	0	0	N	N	N	N	N	N	N	N	N	N	N	N	0.0189	0.0134	57.5349	0.8376	0.7481	3.9598	0.0127	0.0057	63.1841	0.0161	0.0154	0.0218	0.0237	0.0247	0.0008	0.0131	0.0113	0.0245	0.8519	1.1451	0.0004	0.0283	0.0331	0.0002	1.0270	1.9685	0.0004	0.1735	0.0011	-0.0023	-0.0303	15.0354	12.7386	6.2061	8.7370	0.0162	0.0138	0.0024	0.0068	0.0068	0.0000	0.0094	0.0071	0.0024	0.0483	0.0483	0.0001	0.0012	0.0012	0.0000	0.0471	0.0471	0.0001	1.0087	0.8985	0.1102	0.2863	0.2738	0.0125	0.7224	0.6247	0.0977	0.3296	0.1909	0.1387	0.0803	0.0739	0.0065	0.2493	0.1171	0.1322	0.1097	0.0609	57.5349	1.5491	1.4884	3.9598	0.0692	0.0281	63.1841	0.1467	0.2529	0.0004	0.0153	0.0166	0.0002	0.1890	0.4020	0.0004
68	125	0.2447	7	0	1	1	0	0	0	0	0	N	N	N	N	N	N	N	N	N	N	N	N	3.1736	1.1807	7262.4697	0.0058	0.0054	38.9207	170.5353	4.2124	7733.9859	2.3613	1.1950	11.1049	0.0093	0.0086	0.0285	3.3013	1.7348	12.0959	0.7440	1.0122	0.0015	1.5915	1.5981	0.0007	0.0194	0.4118	0.0016	1.2394	0.0069	0.4791	-0.0094	15.0354	8.6431	6.2061	1.4782	1.7989	0.8033	0.9956	0.0020	0.0018	0.0002	1.7969	0.8015	0.9954	0.0151	0.0150	0.0001	0.0147	0.0147	0.0000	0.0004	0.0003	0.0001	0.7618	0.6722	0.0897	0.2175	0.2102	0.0074	0.5443	0.4620	0.0823	0.1601	0.0926	0.0675	0.0381	0.0353	0.0028	0.1219	0.0573	0.0647	24.9810	7.3627	7262.4697	0.0240	0.0206	38.9207	930.4258	299.7366	7733.9859	0.0945	0.1623	0.0015	0.3855	0.4163	0.0007	0.0035	0.0058	0.0016
68	126	0.2352	6	0	0	1	0	0	0	0	0	N	N	N	N	N	N	N	N	N	N	N	N	55.0566	20.0653	15.4021	1161.6609	1911.9900	0.0140	0.1515	0.0057	25.2236	1.3463	1.5029	0.0378	4.6751	4.8196	0.0003	0.0089	0.0038	0.0411	0.0245	0.0749	0.0025	0.0040	0.0025	0.0199	0.0589	0.6617	0.0016	0.0030	0.1888	-0.1505	-0.0003	15.0354	4.1618	6.2061	2.0491	0.5295	0.5280	0.0016	0.5270	0.5270	0.0000	0.0025	0.0009	0.0016	0.0007	0.0006	0.0001	0.0001	0.0001	0.0000	0.0006	0.0005	0.0001	0.3933	0.3513	0.0420	0.1127	0.1094	0.0034	0.2806	0.2419	0.0386	0.1094	0.0657	0.0438	0.0291	0.0272	0.0020	0.0803	0.0385	0.0418	217.7678	173.4510	15.4021	1263.4627	1911.9900	0.0140	1.2592	0.2907	25.2236	0.0062	0.0087	0.0025	0.0037	0.0025	0.0199	0.0071	0.0130	0.0016
68	127	0.2061	5	0	0	1	0	0	0	0	0	N	N	N	N	N	N	N	N	N	N	N	N	82.2534	35.9067	164.4701	132.8860	125.0106	0.5266	42.7041	0.1152	412.8302	0.6455	0.7255	0.0275	2.6881	2.8065	0.0014	0.0041	0.0000	0.0300	0.0078	0.0202	0.0002	0.0202	0.0224	0.0026	0.0001	0.0002	0.0001	0.0049	0.0258	-0.1336	-0.0005	15.0354	9.4810	6.2061	7.4917	0.4734	0.4711	0.0023	0.4711	0.4711	0.0000	0.0023	0.0000	0.0023	0.0008	0.0008	0.0000	0.0008	0.0008	0.0000	0.0000	0.0000	0.0000	0.7334	0.6493	0.0840	0.1753	0.1679	0.0074	0.5581	0.4815	0.0766	0.2864	0.1658	0.1206	0.0664	0.0619	0.0046	0.2200	0.1039	0.1160	230.5819	153.8839	164.4701	225.0808	222.1607	0.5266	107.0887	34.6435	412.8302	0.0028	0.0047	0.0002	0.0119	0.0126	0.0026	0.0000	0.0000	0.0001
68	128	0.6839	12	1	1	1	0	0	0	0	0	N	N	N	N	N	N	N	N	N	N	N	N	0.0157	0.0114	0.0155	0.0146	0.0000	0.0000	0.0000	0.0000	0.0000	0.0000	0.0000	0.0000	0.0000	0.0000	0.0000	0.0000	0.0000	0.0000	0.0000	0.0000	0.0000	0.0000	0.0000	0.0120	-0.0000	-0.0000	15.0354	2.0107	6.2061	1.9995	0.0000	0.0000	0.0000	0.0000	0.0000	0.0000	0.0000	0.0000	0.0000	0.0000	0.0000	0.0000	0.0000	0.0000	0.0000	0.0000	0.0000	0.0000	0.1531	0.1385	0.0146	0.0670	0.0638	0.0032	0.0861	0.0747	0.0114	0.0434	0.0281	0.0153	0.0185	0.0166	0.0019	0.0249	0.0115	0.0134	0.0157	0.0114	0.0000	0.0155	0.0146	0.0000	0.0000	0.0000	0.0000	0.0000	0.0000	0.0000	0.0000	0.0000	0.0000	0.0000	0.0000	0.0000					
68	129	0.6717	11	1	1	1	0	0	0	0	0	N	N	N	N	N	N	N	N	N	N	N	N	0.0331	0.0215	0.0179	0.0630	0.0587	12.6296	0.0000	0.0000	0.0000	0.0000	0.0000	0.0001	0.0001	0.0000	0.0000	0.0000	0.0000	0.0012	0.0020	0.0003	0.0014	0.0016	0.0000	0.0004	0.0000	0.0003	0.0099	0.1595	-0.0000	-0.0000	15.0354	5.6459	6.2061	1.1399	0.0000	0.0000	0.0000	0.0000	0.0000	0.0000	0.0000	0.0000	0.0000	0.0001	0.0000	0.0000	0.0000	0.0000	0.0000	0.0000	0.0000	0.0000	0.4971	0.4534	0.0437	0.2255	0.2159	0.0096	0.2717	0.2375	0.0342	0.0809	0.0514	0.0295	0.0329	0.0296	0.0033	0.0480	0.0218	0.0262	0.0606	0.0485	0.0179	0.0630	0.0587	12.6296	0.0000	0.0000	0.0000	0.0007	0.0009	0.0003	0.0014	0.0016	0.0000	0.0002	0.0000	0.0003	
68	130	0.6414	10	0	0	1	0	0	0	0	0	N	N	N	N	N	N	N	N	N	N	N	N	21.2815	7.4161	315.8007	0.1261	0.0648	13.4352	177.2012	80.9432	389.3027	0.4935	0.4701	0.6523	0.0028	0.0017	0.0224	0.9690	1.0056	0.8218	0.0232	0.0634	0.0021	0.0225	0.0261	0.0017	0.0055	0.0124	0.0021	0.2045	0.1462	-0.0688	-0.0007	15.0354	11.6079	6.2061	5.3766	0.5867	0.4871	0.0996	0.0017	0.0009	0.0007	0.5851	0.4862	0.0989	0.0013	0.0011	0.0002	0.0011	0.0011	0.0000	0.0002	0.0000	0.0002	1.1890	1.0363	0.1527	0.5852	0.5528	0.0324	0.6038	0.4835	0.1204	0.2197	0.1391	0.0806	0.0872	0.0790	0.0082	0.1325	0.0601	0.0724	83.0521	57.4037	315.8007	0.2203	0.1206	13.4352	708.3288	2129.9655	389.3027	0.0059	0.0082	0.0021	0.0129	0.0141	0.0017	0.0014	0.0005	0.0021
68	131	0.6235	9	0	0	1	0	0	0	0	0	N	N	N	N	N	N	N	N	N	N	N	N	1.5172	0.7324	26.3204	2.1596	2.3201	0.5455	1.6229	0.0881	41.6475	0.1595	0.0221	1.2017	0.0302	0.0322	0.0067	0.2988	0.0102	1.8353	0.1051	0.0302	0.0457	0.0140	0.0139	0.0122	0.1841	0.1156	0.0441	7.1598	1.8712	0.0391	0.0001	15.0354	3.9355	6.2061	8.7078	0.0662	0.0081	0.0581	0.0065	0.0064	0.0001	0.0597	0.0017	0.0580	0.0023	0.0008	0.0015	0.0008	0.0007	0.0001	0.0015	0.0001	0.0014	0.4149	0.3665	0.0483	0.2152	0.1984	0.0167	0.1997	0.1681	0.0316	0.2007	0.1332	0.0675	0.0837	0.0771	0.0066	0.1170	0.0561	0.0609	14.1023	3.7273	54.8308	3.3269	3.6536	0.5455	23.1648	5.1898	79.9231	0.0113	0.0059	0.0219	0.0091	0.0088	0.0122	0.0129	0.0020	0.0230
68	132	0.6118	8	0	0	1	0	0	0	0	0	N	N	N	N	N	N	N	N	N	N	N	N	1.9904	5.5705	1.1398	26.6101	27.2344	0.1114	0.0863	0.0280	2.2746	0.2886	0.3234	0.0583	0.5191	0.5880	0.0005	0.0182	0.0019	0.1123	0.1450	0.0580	0.0512	0.0195	0.0216	0.0049	0.2107	0.0690	0.0494	0.0272	1.5591	-0.0536	-0.0000	15.0354	6.2657	6.2061	3.9760	0.2056	0.2002	0.0054	0.1997	0.1996	0.0000	0.0060	0.0005	0.0054	0.0022	0.0009	0.0014	0.0008	0.0008	0.0000	0.0014	0.0001	0.0013	0.7124	0.6191	0.0933	0.3846	0.3395	0.0451	0.3278	0.2796	0.0483	0.1674	0.1096	0.0578	0.0716	0.0652	0.0064	0.0958	0.0444	0.0514	21.7940	40.9152	2.4946	44.7130	47.9196	0.1114	1.2566	1.2965	4.3734	0.0132	0.0079	0.0234	0.0116	0.0123	0.0049	0.0145	0.0015	0.0257
68	133	0.5345	7	0	0	1	0	0	0	0	0	N	N	N	N	N	N	N	N	N	N	N	N	1.3487	1.0392	3.3082	2.5579	2.6707	0.5680	1.3555	2.7559	6.1276	0.0361	0.0359	0.0378	0.0498	0.0529	0.0070	0.0253	0.0214	0.0507	0.0268	0.0346	0.0114	0.0194	0.0198	0.0123	0.0186	0.0078	0.0083	0.1219	0.6336	-0.0141	-0.0010	15.0354	26.7012	6.2061	18.2690	0.0789	0.0703	0.0086	0.0482	0.0478	0.0005	0.0307	0.0225	0.0081	0.0041	0.0025	0.0016	0.0027	0.0024	0.0003	0.0014	0.0001	0.0013	2.1831	1.9564	0.2267	0.9692	0.9025	0.0666	1.2139	1.0539	0.1600	0.6274	0.4001	0.2273	0.2341	0.2120	0.0221	0.3934	0.1881	0.2053	5.5599	5.7603	5.4371	4.3004	4.6020	0.5680	7.2546	68.8692	7.9336	0.0065	0.0062	0.0070	0.0116	0.0115	0.0123	0.0035	0.0003	0.0064
68	134	0.2964	6	0	0	1	0	0	0	0	0	N	N	N	N	N	N	N	N	N	N	N	N	0.0235	0.0257	0.0447	0.0341	0.0349	0.0004	0.0213	0.2810	0.0640	0.0156	0.0137	0.0325	0.0172	0.0183	0.0000	0.0148	0.0111	0.0403	0.6663	0.5330	0.7276	0.5044	0.5231	0.0821	0.6960	0.0396	0.6300	0.2728	2.0922	-0.0049	0.0044	15.0354	61.4372	6.2061	55.8589	0.0674	0.0530	0.0145	0.0254	0.0254	0.0000	0.0420	0.0275	0.0145	0.0922	0.0298	0.0624	0.0309	0.0293	0.0016	0.0613	0.0005	0.0607	4.3107	3.8665	0.4443	1.4785	1.3925	0.0859	2.8323	2.4739	0.3583	1.3512	0.7733	0.5780	0.3219	0.2921	0.0298	1.0293	0.4811	0.5482	0.2293	0.3555	0.3015	0.1791	0.1822	0.0006	0.2492	10.4030	0.3640	0.0682	0.0386	0.1079	0.0961	0.1003	0.0546	0.0595	0.0011	0.1108
68	135	0.2061	5	0	0	1	0	0	0	0	0	N	N	N	N	N	N	N	N	N	N	N	N	0.0503	0.0418	0.0009	0.1162	0.1131	0.1060	0.0517	0.0365	0.0010	0.0879	0.0986	0.0032	0.0010	0.0010	0.0004	0.1153	0.1325	0.0035	1.7496	2.3568	3.4890	0.0082	0.0086	0.0037	2.2316	3.6303	3.6044	0.0041	0.3065	-0.0578	-0.5138	15.0354	31.7621	6.2061	18.5886	0.2041	0.2032	0.0008	0.0005	0.0005	0.0000	0.2035	0.2027	0.0008	1.3048	0.9987	0.3061	0.0010	0.0009	0.0000	1.3038	0.9977	0.3060	2.3205	2.0618	0.2587	0.5553	0.5323	0.0230	1.7652	1.5295	0.2357	0.7458	0.4237	0.3220	0.1615	0.1489	0.0126	0.5842	0.2748	0.3094	0.0503	0.0418	0.0034	0.1559	0.1547	0.1060	0.0517	0.0365	0.0035	1.7496	2.3568	0.9505	0.0061	0.0063	0.0037	2.2316	3.6303	0.9892
69	71	0.3187	8	1	1	0	0	0	0	0	0	N	N	N	N	N	N	N	N	N	N	N	N	0.0055	0.0032	0.0156	0.0025	0.0023	0.0050	0.0797	0.0109	0.0112	0.0119	0.0133	0.0000	0.0350	0.0370	0.0000	0.0000	0.0000	0.0000	2.1520	4.0931	0.0002	14.2351	15.8825	0.0023	0.0003	0.0022	0.0001	0.0000	0.0000	-0.0076	-0.6227	27.6811	17.5448	13.1592	6.0013	0.0263	0.0263	0.0000	0.0263	0.0263	0.0000	0.0000	0.0000	0.0000	0.9911	0.9911	0.0000	0.9911	0.9911	0.0000	0.0000	0.0000	0.0000	2.2184	1.9866	0.2317	0.7509	0.7108	0.0401	1.4675	1.2759	0.1916	0.4606	0.2421	0.2184	0.0696	0.0624	0.0072	0.3910	0.1797	0.2112	0.0055	0.0032	0.0156	0.0025	0.0023	0.0050	0.2102	0.4326	0.0112	2.1520	4.0931	0.0002	14.2351	15.8825	0.0023	0.0001	0.0001	0.0001
69	72	0.3871	11	1	1	1	0	0	0	0	0	N	N	N	N	N	N	N	N	N	N	N	N	0.0002	0.0003	0.0000	0.0007	0.0007	0.0000	0.0000	0.0000	0.0000	0.0000	0.0000	0.0000	0.0000	0.0000	0.0000	0.0000	0.0000	0.0016	0.0012	0.0012	0.0012	0.0012	0.0000	0.0022	0.0000	0.0013	0.0000	0.9949	-0.0000	-0.0000	27.6811	1.8980	13.1592	2.9698	0.0000	0.0000	0.0000	0.0000	0.0000	0.0000	0.0000	0.0000	0.0000	0.0001	0.0001	0.0001	0.0001	0.0001	0.0000	0.0001	0.0000	0.0001	0.2640	0.2366	0.0274	0.1096	0.1042	0.0053	0.1544	0.1324	0.0220	0.1417	0.0943	0.0474	0.0495	0.0477	0.0018	0.0922	0.0466	0.0456	0.0004	0.0006	0.0000	0.0007	0.0007	0.0000	0.0000	0.0000	0.0000	0.0008	0.0006	0.0012	0.0012	0.0012	0.0000	0.0006	0.0000	0.0013	
69	73	0.3676	10	1	0	1	0	0	0	0	0	N	N	N	N	N	N	N	N	N	N	N	N	0.2955	0.2005	2.3076	0.2730	0.2058	2.5037	0.2444	0.0130	2.3550	0.0021	0.0018	0.0052	0.0006	0.0004	0.0045	0.0033	0.0031	0.0054	0.0070	0.0089	0.0023	0.0020	0.0020	0.0018	0.0137	0.2352	0.0023	0.2527	0.5092	-0.0002	-0.0001	27.6811	3.5853	13.1592	4.3819	0.0018	0.0014	0.0004	0.0002	0.0002	0.0001	0.0015	0.0012	0.0003	0.0005	0.0003	0.0002	0.0001	0.0001	0.0000	0.0004	0.0002	0.0002	0.8523	0.7843	0.0680	0.3889	0.3764	0.0125	0.4633	0.4079	0.0555	0.1834	0.1136	0.0698	0.0450	0.0421	0.0029	0.1384	0.0715	0.0669	0.8094	0.6565	2.3076	0.2730	0.2058	2.5037	1.2248	0.9751	2.3550	0.0026	0.0027	0.0023	0.0020	0.0020	0.0018	0.0027	0.0031	0.0023
69	74	0.3361	9	1	0	1	0	0	0	0	0	N	N	N	N	N	N	N	N	N	N	N	N	31.0346	9.6780	0.9434	0.3424	0.3155	0.4918	81.0182	4.0989	1.0164	0.6155	0.6845	0.0013	0.0122	0.0128	0.0009	0.9505	1.0918	0.0014	0.0198	0.0707	0.0014	0.0357	0.0406	0.0019	0.0117	0.2664	0.0014	0.0002	0.1241	-0.2876	-0.0012	27.6811	12.3589	13.1592	7.3592	1.0024	1.0022	0.0002	0.0071	0.0071	0.0000	0.9953	0.9951	0.0002	0.0023	0.0021	0.0003	0.0015	0.0015	0.0000	0.0008	0.0006	0.0002	1.6286	1.4641	0.1644	0.5814	0.5527	0.0287	1.0472	0.9114	0.1358	0.4289	0.2443	0.1846	0.0841	0.0776	0.0065	0.3448	0.1667	0.1781	113.6266	80.9058	0.9434	0.6876	0.6700	0.4918	395.6701	311.7904	1.0164	0.0054	0.0085	0.0014	0.0178	0.0191	0.0019	0.0024	0.0035	0.0014
69	75	0.3187	8	1	0	1	0	0	0	0	0	N	N	N	N	N	N	N	N	N	N	N	N	8.6101	2.3802	112.4025	0.0832	0.0743	2.7855	37.9601	2.1994	134.6217	0.6746	0.7393	0.1173	0.0107	0.0113	0.0008	1.0372	1.1717	0.1440	0.0783	0.3106	0.0010	0.1288	0.1518	0.0003	0.0273	0.5328	0.0011	0.0184	0.0517	-0.2472	-0.0013	27.6811	10.2127	13.1592	1.0234	0.9187	0.9021	0.0166	0.0052	0.0051	0.0000	0.9135	0.8969	0.0166	0.0023	0.0022	0.0001	0.0014	0.0014	0.0000	0.0008	0.0007	0.0001	1.3618	1.2201	0.1418	0.4810	0.4546	0.0264	0.8808	0.7655	0.1153	0.2262	0.1188	0.1073	0.0345	0.0310	0.0035	0.1916	0.0879	0.1038	66.9282	40.5393	112.4025	0.2579	0.2441	2.7855	234.9396	140.0767	134.6217	0.0101	0.0182	0.0010	0.0415	0.0462	0.0003	0.0044	0.0084	0.0011
69	76	0.3155	7	1	0	0	0	0	0	0	0	N	N	N	N	N	N	N	N	N	N	N	N	0.0923	0.0167	3.5970	0.0474	0.0433	49.6380	4.0325	0.6937	3.0660	0.0033	0.0037	0.0003	0.0087	0.0091	0.0006	0.0006	0.0007	0.0003	0.0363	0.2206	0.0001	0.1834	0.2095	0.0000	0.0002	0.0010	0.0001	0.0099	0.0058	-0.0005	-0.0004	27.6811	3.7027	13.1592	0.0091	0.0018	0.0017	0.0000	0.0015	0.0015	0.0000	0.0002	0.0002	0.0000	0.0006	0.0006	0.0000	0.0006	0.0006	0.0000	0.0000	0.0000	0.0000	0.5274	0.4743	0.0531	0.1779	0.1700	0.0078	0.3496	0.3043	0.0453	0.0761	0.0398	0.0363	0.0116	0.0104	0.0012	0.0646	0.0294	0.0351	0.4480	0.2596	3.5970	0.1779	0.1666	49.6380	11.5129	73.1240	3.0660	0.0075	0.0142	0.0001	0.0488	0.0544	0.0000	0.0001	0.0000	0.0001
69	77	0.2985	6	0	0	0	0	0	0	0	0	N	N	N	N	N	N	N	N	N	N	N	N	1.8500	1.0496	13.9672	0.9905	0.9425	0.2886	3.4484	1.4498	18.5396	0.0140	0.0128	0.0254	0.0114	0.0121	0.0002	0.0160	0.0133	0.0343	0.0076	0.0121	0.0018	0.0115	0.0128	0.0007	0.0046	0.0092	0.0019	0.2210	0.4049	-0.0010	-0.0003	27.6811	3.8334	13.1592	6.1787	0.0090	0.0074	0.0016	0.0031	0.0031	0.0000	0.0059	0.0043	0.0016	0.0007	0.0005	0.0002	0.0005	0.0005	0.0000	0.0002	0.0000	0.0002	0.6433	0.5790	0.0643	0.2752	0.2584	0.0168	0.3681	0.3206	0.0474	0.2748	0.1563	0.1185	0.0634	0.0598	0.0035	0.2115	0.0965	0.1149	5.1561	3.7498	13.9672	1.4417	1.4557	0.2886	13.6698	37.0031	18.5396	0.0027	0.0034	0.0018	0.0079	0.0083	0.0007	0.0012	0.0004	0.0019
69	78	0.2594	5	0	0	0	0	0	0	0	0	N	N	N	N	N	N	N	N	N	N	N	N	2.0296	1.1595	156.6829	0.4838	0.4955	8.1134	26.9401	20.3552	206.6495	1.3910	1.0597	3.7385	0.6217	0.6573	0.0109	1.7526	1.2715	4.3566	0.6854	0.9139	0.0239	1.2851	1.3265	0.0013	0.0651	0.0625	0.0211	0.4978	0.0763	0.1587	-0.0265	27.6811	16.9094	13.1592	5.8161	3.5097	2.3432	1.1665	0.5016	0.5011	0.0005	3.0082	1.8422	1.1660	0.0475	0.0441	0.0034	0.0438	0.0438	0.0000	0.0037	0.0003	0.0033	2.5232	2.2112	0.3120	0.8067	0.7624	0.0444	1.7164	1.4488	0.2676	0.6479	0.3743	0.2736	0.1576	0.1464	0.0112	0.4903	0.2279	0.2624	18.9912	8.9958	304.0924	2.2378	2.1978	8.1134	233.8686	890.2906	341.3494	0.0732	0.1178	0.0123	0.2778	0.2991	0.0013	0.0075	0.0014	0.0128
69	79	0.1851	5	0	1	0	0	0	0	0	0	N	N	N	N	N	N	N	N	N	N	N	N	13.7717	3.1811	292.9560	5.1264	2.1372	3472.7799	47.0964	21.3138	237.4206	0.7470	0.5852	1.9690	0.9045	0.3977	10.0070	0.7094	0.6340	1.2044	0.0542	0.1839	0.0067	0.1764	0.1861	0.0029	0.0151	0.0297	0.0051	0.4455	0.3317	0.0469	-0.0033	27.6811	23.9173	13.1592	17.8091	2.2224	1.5374	0.6850	0.5182	0.2158	0.3024	1.7042	1.3216	0.3826	0.0086	0.0064	0.0021	0.0061	0.0061	0.0000	0.0025	0.0004	0.0021	2.9753	2.6274	0.3479	0.5729	0.5427	0.0302	2.4024	2.0847	0.3177	0.9704	0.5099	0.4606	0.1291	0.1185	0.0106	0.8413	0.3913	0.4500	84.4317	46.2749	424.1291	19.0716	7.7356	3472.7799	242.3803	699.4076	257.1512	0.0088	0.0126	0.0046	0.0474	0.0514	0.0029	0.0029	0.0009	0.0047
69	80	0.1690	4	0	1	0	0	0	0	0	0	N	N	N	N	N	N	N	N	N	N	N	N	3.2839	0.5868	154.1952	0.4603	0.6649	0.0296	15.6891	4.8821	285.1787	0.9418	0.1947	6.4137	0.1897	0.1980	0.0318	1.0999	0.1940	6.9155	0.2868	0.3319	0.0416	0.4120	0.2978	1.0757	0.0701	0.0397	0.0242	4.4965	0.8319	0.3927	-0.0010	27.6811	6.1279	13.1592	3.6878	0.7397	0.1346	0.6051	0.0259	0.0256	0.0002	0.7138	0.1089	0.6049	0.0055	0.0030	0.0025	0.0037	0.0029	0.0008	0.0018	0.0001	0.0017	0.7854	0.6910	0.0943	0.1364	0.1295	0.0069	0.6490	0.5615	0.0875	0.2811	0.1560	0.1251	0.0456	0.0431	0.0025	0.2356	0.1129	0.1226	48.0317	10.0958	320.5884	2.3571	2.9537	0.1018	140.3174	180.8220	491.5743	0.0196	0.0193	0.0200	0.0805	0.0670	0.3126	0.0078	0.0011	0.0141
69	81	0.2572	8	1	0	1	0	0	0	0	0	N	N	N	N	N	N	N	N	N	N	N	N	1.6129	0.7914	833.1522	0.0071	0.0071	0.8791	147.7764	159.5398	963.4803	0.8121	0.5710	2.7464	0.0076	0.0080	0.0002	1.1111	0.8006	3.1273	0.5035	0.7216	0.0033	1.0662	1.1130	0.0003	0.0075	0.0050	0.0032	0.5993	0.0385	0.2335	-0.0193	27.6811	27.2690	13.1592	12.3406	2.6658	1.6669	0.9989	0.0067	0.0067	0.0000	2.6591	1.6601	0.9989	0.0326	0.0314	0.0012	0.0314	0.0313	0.0000	0.0013	0.0001	0.0012	3.2827	2.9189	0.3637	0.8896	0.8453	0.0443	2.3931	2.0737	0.3194	0.8352	0.4510	0.3842	0.1441	0.1311	0.0131	0.6911	0.3199	0.3712	20.7945	8.1993	873.5128	0.0348	0.0333	0.8791	607.0821	4254.9926	963.4803	0.0391	0.0696	0.0031	0.2175	0.2392	0.0003	0.0018	0.0002	0.0032
69	82	0.2418	7	0	0	0	0	0	0	0	0	N	N	N	N	N	N	N	N	N	N	N	N	0.0683	0.0216	1.0157	0.0573	0.0260	356.5871	0.0669	0.1639	0.5156	0.0016	0.0009	0.0069	0.0030	0.0016	0.0333	0.0009	0.0006	0.0028	0.0227	0.0431	0.0068	0.0523	0.0610	0.0001	0.0133	0.0037	0.0055	0.8583	0.5910	0.0004	-0.0003	27.6811	9.0798	13.1592	0.9519	0.0020	0.0011	0.0009	0.0012	0.0006	0.0006	0.0008	0.0005	0.0003	0.0013	0.0008	0.0005	0.0008	0.0008	0.0000	0.0005	0.0000	0.0005	1.3114	1.1759	0.1355	0.4103	0.3920	0.0183	0.9012	0.7839	0.1172	0.2195	0.1165	0.1031	0.0341	0.0305	0.0036	0.1854	0.0859	0.0995	0.2624	0.1329	1.4826	0.1270	0.0601	356.5871	0.3362	5.0844	0.5827	0.0059	0.0070	0.0047	0.0236	0.0264	0.0001	0.0027	0.0001	0.0048
69	83	0.1690	4	0	1	0	0	0	0	0	0	N	N	N	N	N	N	N	N	N	N	N	N	23.4983	187.1040	3.6241	0.0251	0.2034	0.0000	28.4741	119.0707	9.8921	0.3534	0.3928	0.0590	0.0009	0.0010	0.0000	0.4275	0.4830	0.0636	0.0150	0.0021	0.0163	0.0362	0.0047	0.5337	0.0150	0.0041	0.0064	0.0201	8.5190	-0.2446	0.0010	27.6811	21.0000	13.1592	14.4214	0.9148	0.8968	0.0180	0.0004	0.0004	0.0000	0.9144	0.8964	0.0180	0.0038	0.0004	0.0034	0.0017	0.0004	0.0013	0.0022	0.0001	0.0021	2.5885	2.2829	0.3055	0.4494	0.4271	0.0223	2.1391	1.8558	0.2833	0.8376	0.4375	0.4001	0.0930	0.0863	0.0067	0.7446	0.3512	0.3934	77.1893	426.5531	6.8793	0.0506	0.2333	0.0001	146.7739	3391.2073	11.8183	0.0046	0.0009	0.0086	0.0179	0.0041	0.1962	0.0029	0.0001	0.0054
69	84	0.2267	8	0	0	1	0	0	0	0	0	N	N	N	N	N	N	N	N	N	N	N	N	0.0012	0.0024	0.0000	0.0053	0.0091	0.0001	0.0000	0.0019	0.0000	0.0007	0.0008	0.0000	0.0027	0.0028	0.0000	0.0000	0.0000	0.0000	0.5643	0.3262	0.4483	0.4974	0.3104	0.8006	0.5730	0.0137	0.2892	0.0011	3.9914	-0.0005	0.0057	27.6811	20.4085	13.1592	11.0867	0.0018	0.0018	0.0000	0.0017	0.0017	0.0000	0.0000	0.0000	0.0000	0.0334	0.0067	0.0267	0.0106	0.0066	0.0040	0.0228	0.0001	0.0227	2.6233	2.3245	0.2988	0.6574	0.6178	0.0396	1.9660	1.7068	0.2592	0.6876	0.3571	0.3305	0.1128	0.0967	0.0162	0.5748	0.2604	0.3144	0.0140	0.0410	0.0001	0.0283	0.0416	0.0002	0.0006	0.0507	0.0000	0.0486	0.0188	0.0809	0.0940	0.0679	0.2496	0.0397	0.0005	0.0722
69	85	0.2230	7	0	0	1	0	0	0	0	0	N	N	N	N	N	N	N	N	N	N	N	N	0.9837	0.6456	1.3259	2.3176	2.9304	0.5137	0.0671	0.0044	0.1605	0.0030	0.0033	0.0010	0.0076	0.0078	0.0041	0.0002	0.0002	0.0001	0.0031	0.0050	0.0008	0.0033	0.0027	0.0080	0.0032	0.0550	0.0004	0.0396	0.3667	-0.0004	-0.0001	27.6811	3.1287	13.1592	1.1816	0.0017	0.0017	0.0001	0.0016	0.0016	0.0001	0.0001	0.0001	0.0000	0.0001	0.0001	0.0000	0.0001	0.0001	0.0000	0.0001	0.0001	0.0000	0.5707	0.5084	0.0624	0.2170	0.2020	0.0151	0.3537	0.3064	0.0473	0.1121	0.0617	0.0504	0.0219	0.0197	0.0023	0.0902	0.0420	0.0481	2.2704	1.8437	1.3259	2.3445	2.9304	0.5137	0.2524	0.1795	0.1605	0.0013	0.0018	0.0008	0.0032	0.0027	0.0080	0.0009	0.0013	0.0004
69	86	0.2161	6	0	0	0	0	0	0	0	0	N	N	N	N	N	N	N	N	N	N	N	N	156.0816	91.1188	316.0274	248.2257	238.1723	248.6016	16.2263	1.7162	12.3622	0.8285	0.8938	0.3071	2.3478	2.4301	1.3251	0.0536	0.0602	0.0095	0.0053	0.0098	0.0010	0.0095	0.0102	0.0053	0.0033	0.0351	0.0008	0.0430	0.2819	-0.1294	-0.0001	27.6811	4.0532	13.1592	2.2470	0.5263	0.5046	0.0217	0.5038	0.4826	0.0212	0.0225	0.0220	0.0005	0.0003	0.0003	0.0001	0.0002	0.0002	0.0000	0.0001	0.0001	0.0001	0.6352	0.5646	0.0707	0.2146	0.1986	0.0160	0.4207	0.3660	0.0547	0.1659	0.0903	0.0756	0.0324	0.0290	0.0034	0.1335	0.0613	0.0722	411.4377	309.6942	316.0274	349.4223	353.1575	248.6016	61.5241	60.6027	12.3622	0.0020	0.0029	0.0010	0.0067	0.0069	0.0053	0.0009	0.0010	0.0008
69	87	0.1929	5	0	0	0	0	0	0	0	0	N	N	N	N	N	N	N	N	N	N	N	N	0.0624	0.0522	1.0478	0.0684	0.0736	0.8005	0.0716	0.0256	0.3797	0.0355	0.0404	0.0025	0.0603	0.0658	0.0070	0.0215	0.0251	0.0008	0.5694	0.7752	0.0023	0.8803	0.8936	0.0087	0.2997	0.9798	0.0022	0.0090	0.0207	-0.0086	-0.0131	27.6811	4.7288	13.1592	9.8540	0.0309	0.0307	0.0003	0.0190	0.0188	0.0002	0.0119	0.0119	0.0001	0.0216	0.0212	0.0004	0.0149	0.0148	0.0000	0.0068	0.0064	0.0004	0.8710	0.7582	0.1127	0.3155	0.2857	0.0298	0.5555	0.4725	0.0830	0.4378	0.2501	0.1876	0.0892	0.0847	0.0045	0.3485	0.1654	0.1831	0.7190	0.4774	1.0478	0.3617	0.3759	0.8005	1.1067	0.6526	0.3797	0.0494	0.0847	0.0023	0.1666	0.1751	0.0087	0.0194	0.0384	0.0022
69	88	0.1690	4	0	0	0	0	0	0	0	0	N	N	N	N	N	N	N	N	N	N	N	N	0.0703	0.0784	0.0061	0.4087	0.5797	0.0004	0.0039	0.0025	0.0101	0.0414	0.0468	0.0014	0.2274	0.2394	0.0007	0.0023	0.0025	0.0015	0.5891	0.5971	0.2358	0.5564	0.4130	1.5322	0.6006	0.9725	0.1498	0.0042	1.0030	-0.0129	-0.0028	27.6811	8.6320	13.1592	7.0881	0.0455	0.0453	0.0002	0.0434	0.0434	0.0000	0.0021	0.0019	0.0002	0.0217	0.0108	0.0108	0.0060	0.0045	0.0015	0.0157	0.0063	0.0094	1.0988	0.9672	0.1316	0.1907	0.1812	0.0096	0.9081	0.7861	0.1220	0.4156	0.2238	0.1918	0.0572	0.0537	0.0035	0.3584	0.1701	0.1883	0.7942	0.9691	0.0256	2.1751	2.8373	0.0016	0.0533	0.0666	0.0303	0.0521	0.0483	0.0566	0.1045	0.0844	0.4118	0.0438	0.0370	0.0499
69	89	0.2368	6	0	1	0	0	0	0	0	0	N	N	N	N	N	N	N	N	N	N	N	N	34.5144	19.1722	71.0187	30.3963	30.6595	4.6878	33.8838	9.6631	83.8036	0.4156	0.4507	0.1504	1.0652	1.1344	0.0541	0.1869	0.1900	0.1665	0.0120	0.0235	0.0021	0.0350	0.0370	0.0115	0.0055	0.0197	0.0020	0.0442	0.3475	-0.2189	-0.0007	27.6811	15.4622	13.1592	5.2688	0.8942	0.8564	0.0378	0.5969	0.5949	0.0019	0.2973	0.2615	0.0359	0.0019	0.0014	0.0005	0.0013	0.0013	0.0000	0.0006	0.0001	0.0005	2.1516	1.9003	0.2514	0.5604	0.5245	0.0359	1.5913	1.3758	0.2155	0.5133	0.2785	0.2348	0.0751	0.0719	0.0032	0.4382	0.2066	0.2316	110.5824	87.6584	71.0187	60.3336	63.2647	4.6878	135.8081	274.9824	83.8036	0.0038	0.0051	0.0021	0.0177	0.0179	0.0115	0.0014	0.0007	0.0020
69	90	0.2250	5	0	0	0	0	0	0	0	0	N	N	N	N	N	N	N	N	N	N	N	N	32.2946	3.6630	966.3189	17.3720	17.5609	11.0085	37.6472	0.4802	1730.6289	1.0419	0.2858	6.8649	0.4804	0.5045	0.1813	1.2657	0.1929	8.3816	0.0323	0.0780	0.0071	0.0277	0.0287	0.0165	0.0336	0.4018	0.0048	3.1184	0.4268	0.5836	-0.0006	27.6811	7.5917	13.1592	1.5198	1.2416	0.3015	0.9401	0.1632	0.1586	0.0046	1.0783	0.1428	0.9355	0.0019	0.0014	0.0006	0.0008	0.0008	0.0001	0.0011	0.0006	0.0005	1.1917	1.0547	0.1369	0.3397	0.3144	0.0253	0.8519	0.7403	0.1116	0.2748	0.1556	0.1192	0.0559	0.0523	0.0037	0.2188	0.1033	0.1155	146.9807	32.5730	1404.5961	31.8389	33.6519	11.0085	250.9939	34.2764	1854.7057	0.0071	0.0088	0.0049	0.0151	0.0150	0.0165	0.0050	0.0056	0.0045
69	91	0.3343	9	1	0	1	0	0	0	0	0	N	N	N	N	N	N	N	N	N	N	N	N	inf	inf	inf	inf	inf	inf	0.0044	0.0050	0.0000	0.0148	0.0157	0.0000	0.0004	0.0005	0.0000	0.0000	0.0000	0.0000	0.0000	0.0000	0.0000	0.0000	0.0000	0.0000	0.0000	-0.0005	0.0000	27.6811	3.0317	13.1592	0.1644	0.0017	0.0017	0.0000	0.0016	0.0016	0.0000	0.0001	0.0001	0.0000	0.0000	0.0000	0.0000	0.0000	0.0000	0.0000	0.0000	0.0000	0.0000	0.3831	0.3399	0.0432	0.1064	0.1007	0.0057	0.2767	0.2392	0.0376	0.0678	0.0363	0.0315	0.0111	0.0097	0.0013	0.0567	0.0266	0.0302	inf	inf	0.0000	inf	inf	0.0000	inf	inf	0.0000	0.0000	0.0000	0.0000	0.0000	0.0000	0.0000	0.0000	0.0000	0.0000				
69	92	0.3285	8	1	0	1	0	0	0	0	0	N	N	N	N	N	N	N	N	N	N	N	N	0.0072	0.5884	0.0030	0.0425	0.2511	0.0001	0.0026	0.0656	0.0053	0.0001	0.0001	0.0001	0.0001	0.0001	0.0000	0.0001	0.0001	0.0001	0.0149	0.0002	0.0188	0.0033	0.0006	0.0304	0.0321	0.0013	0.0136	0.0531	44.5219	-0.0000	0.0001	27.6811	2.6632	13.1592	1.0147	0.0000	0.0000	0.0000	0.0000	0.0000	0.0000	0.0000	0.0000	0.0000	0.0004	0.0000	0.0004	0.0000	0.0000	0.0000	0.0003	0.0000	0.0003	0.4608	0.4162	0.0446	0.1986	0.1882	0.0104	0.2621	0.2280	0.0341	0.0826	0.0453	0.0372	0.0146	0.0132	0.0015	0.0679	0.0322	0.0358	0.0235	0.6179	0.0057	0.0430	0.2511	0.0002	0.0172	4.4714	0.0078	0.0046	0.0002	0.0099	0.0032	0.0006	0.0268	0.0049	0.0000	0.0092
69	93	0.2453	7	1	0	1	0	0	0	0	0	N	N	N	N	N	N	N	N	N	N	N	N	0.2517	1.4211	0.0070	1.2888	1.4582	0.3889	0.2404	1.4150	0.0068	0.3316	0.3680	0.0330	0.2202	0.2293	0.0215	0.3742	0.4265	0.0344	1.3173	0.2589	4.6775	0.1708	0.1573	0.0552	1.5569	0.3014	5.0459	0.0109	118.3061	-0.4130	0.3598	27.6811	35.0787	13.1592	12.2568	1.4944	1.4783	0.0161	0.2748	0.2736	0.0012	1.2197	1.2047	0.0150	0.9906	0.0083	0.9823	0.0075	0.0068	0.0007	0.9831	0.0015	0.9815	4.5071	4.0175	0.4896	1.2479	1.1930	0.0549	3.2593	2.8245	0.4347	0.9719	0.5186	0.4533	0.1611	0.1439	0.0171	0.8109	0.3747	0.4362	0.3253	22.9831	0.0152	4.7205	4.8670	0.5035	0.3087	105.0961	0.0153	1.0192	0.0160	2.1668	0.0466	0.0471	0.0427	1.2124	0.0041	2.2501
69	94	0.2317	6	1	0	0	0	0	0	0	0	N	N	N	N	N	N	N	N	N	N	N	N	2.4031	4.2109	0.3466	160.7649	143.5821	103.9631	1.5106	1.3275	0.3737	1.2346	1.3576	0.1112	1.8599	1.9182	0.1975	0.9479	1.0728	0.1007	0.5137	0.3224	0.3207	0.0116	0.0134	0.0019	0.6275	0.8081	0.2695	0.0090	3.0757	-0.4852	0.0013	27.6811	8.4810	13.1592	2.3446	1.7438	1.7283	0.0155	0.8258	0.8228	0.0030	0.9180	0.9055	0.0125	0.0102	0.0025	0.0077	0.0003	0.0003	0.0000	0.0098	0.0022	0.0077	1.4125	1.2730	0.1394	0.4440	0.4290	0.0150	0.9685	0.8441	0.1244	0.2489	0.1342	0.1147	0.0413	0.0373	0.0040	0.2076	0.0969	0.1107	30.2618	73.1344	1.6637	232.9618	222.0602	103.9631	20.0277	47.9218	1.4561	0.0408	0.0186	0.0668	0.0080	0.0086	0.0019	0.0473	0.0224	0.0692
69	95	0.1690	4	0	1	0	1	0	0	0	0	N	N	N	N	N	N	N	N	N	N	N	N	0.0100	0.0232	0.0111	0.0283	0.0291	0.0114	0.0085	0.0174	0.0109	0.0282	0.0162	0.1181	0.0365	0.0383	0.0012	0.0265	0.0112	0.1273	2.8207	0.6996	10.6748	1.2906	1.3150	0.1014	3.1188	0.6421	11.6806	0.9705	82.2950	0.0170	1.0757	27.6811	24.0032	13.1592	22.6134	0.0829	0.0420	0.0408	0.0186	0.0186	0.0000	0.0643	0.0235	0.0408	2.9910	0.0359	2.9551	0.0311	0.0306	0.0005	2.9599	0.0053	2.9546	2.9361	2.5907	0.3454	0.5097	0.4846	0.0252	2.4263	2.1061	0.3202	1.0604	0.5509	0.5095	0.1113	0.1030	0.0083	0.9491	0.4479	0.5012	0.0100	0.2490	0.0204	0.1305	0.1290	0.0187	0.0085	0.9383	0.0216	2.8207	0.0652	5.8003	0.2794	0.2970	0.0619	3.1188	0.0119	5.8956
69	96	0.5865	8	0	1	0	0	0	0	0	0	N	N	N	N	N	N	N	N	N	N	N	N	1.4894	1.4217	0.0362	4.9871	5.0673	0.1053	0.8235	5.7875	0.0388	0.6037	0.6944	0.0017	1.2636	1.3450	0.0018	0.1475	0.1794	0.0017	0.4053	0.4884	0.0480	0.2534	0.2654	0.0166	0.1791	0.0310	0.0446	0.0004	0.4305	-0.4526	-0.0052	27.6811	18.5150	13.1592	10.2301	1.5783	1.5777	0.0006	1.3503	1.3501	0.0001	0.2280	0.2275	0.0005	0.0160	0.0112	0.0048	0.0113	0.0110	0.0003	0.0046	0.0002	0.0045	2.6141	2.2719	0.3422	1.0686	1.0038	0.0648	1.5455	1.2681	0.2774	0.5624	0.3507	0.2117	0.1926	0.1719	0.0207	0.3698	0.1788	0.1910	21.2866	21.8387	0.0765	21.4825	21.0459	0.1053	11.8030	192.8385	0.0742	0.0284	0.0318	0.0227	0.0588	0.0639	0.0166	0.0125	0.0009	0.0233
69	97	0.1982	5	0	1	0	0	0	0	0	0	N	N	N	N	N	N	N	N	N	N	N	N	24.4682	28.4076	144.8839	9.4248	7.5615	160.1871	18.3871	21.6391	193.3649	0.4465	0.2357	2.0920	0.1508	0.1342	0.4955	0.5135	0.2609	2.2211	0.0182	0.0083	0.0144	0.0160	0.0178	0.0031	0.0279	0.0121	0.0115	1.1371	2.7498	0.5926	0.0008	27.6811	46.1140	13.1592	26.4917	2.4192	1.1320	1.2872	0.1511	0.1283	0.0228	2.2681	1.0037	1.2644	0.0076	0.0020	0.0056	0.0018	0.0017	0.0001	0.0058	0.0003	0.0055	5.4187	4.8034	0.6153	1.0015	0.9555	0.0460	4.4171	3.8478	0.5693	1.4916	0.7957	0.6959	0.1789	0.1624	0.0165	1.3127	0.6333	0.6794	87.3353	92.2200	260.3479	15.0444	12.5089	160.1871	115.5933	568.4388	272.3453	0.0051	0.0026	0.0080	0.0100	0.0107	0.0031	0.0044	0.0005	0.0082
69	98	0.6394	10	0	1	0	0	0	0	0	0	N	N	N	N	N	N	N	N	N	N	N	N	42.9075	19.2846	0.0001	0.0848	0.0694	0.0001	2395.2739	350.4510	0.0002	0.4441	0.4936	0.0000	0.0014	0.0015	0.0000	0.7336	0.8419	0.0000	0.0103	0.0256	0.0003	0.0169	0.0219	0.0009	0.0003	0.0024	0.0002	0.0000	0.0325	-0.2863	-0.0009	27.6811	20.7840	13.1592	8.9470	0.9972	0.9972	0.0000	0.0013	0.0013	0.0000	0.9959	0.9959	0.0000	0.0015	0.0015	0.0000	0.0015	0.0015	0.0000	0.0000	0.0000	0.0000	2.2455	2.0204	0.2251	0.8878	0.8374	0.0504	1.3577	1.1830	0.1747	0.4560	0.2753	0.1807	0.1445	0.1194	0.0250	0.3115	0.1559	0.1557	131.3083	90.9677	0.0001	0.1372	0.1222	0.0001	6544.2664	13086.2157	0.0002	0.0034	0.0054	0.0003	0.0104	0.0124	0.0009	0.0001	0.0001	0.0002
69	99	0.6345	9	0	0	0	0	0	0	0	0	N	N	N	N	N	N	N	N	N	N	N	N	0.0395	0.0401	0.0317	0.0388	0.0401	3.5381	0.0477	0.4201	0.0518	0.0288	0.0295	0.0228	0.0232	0.0244	0.0060	0.0369	0.0375	0.0337	0.7286	0.7348	0.7189	0.5987	0.6097	0.0017	0.7739	0.0892	0.6498	0.0832	1.0623	-0.0050	-0.0012	27.6811	2.7834	13.1592	1.0450	0.0239	0.0221	0.0018	0.0114	0.0113	0.0002	0.0125	0.0109	0.0016	0.0109	0.0053	0.0056	0.0053	0.0053	0.0000	0.0057	0.0000	0.0056	0.8310	0.7502	0.0808	0.4923	0.4605	0.0318	0.3386	0.2897	0.0490	0.1231	0.0706	0.0525	0.0475	0.0445	0.0030	0.0757	0.0261	0.0496	0.3246	0.3925	0.2124	0.2097	0.2070	3.5381	0.4926	21.5146	0.2968	0.0888	0.0751	0.1072	0.1108	0.1180	0.0017	0.0749	0.0017	0.1135
69	100	0.6244	8	0	0	0	0	0	0	0	0	N	N	N	N	N	N	N	N	N	N	N	N	0.0930	0.1258	0.0038	0.1055	0.1129	0.2154	0.1026	0.1476	0.0058	0.0846	0.0985	0.0093	0.0662	0.0737	0.0015	0.1116	0.1408	0.0146	0.9097	0.7824	2.4543	0.6272	0.6528	0.0068	1.0878	0.9536	2.5271	0.0175	2.8313	-0.0557	0.0064	27.6811	7.6044	13.1592	2.7972	0.2063	0.2027	0.0035	0.0959	0.0956	0.0002	0.1104	0.1071	0.0033	0.0576	0.0150	0.0426	0.0126	0.0125	0.0001	0.0450	0.0025	0.0425	2.4377	2.0587	0.3790	1.4489	1.2981	0.1507	0.9888	0.7606	0.2282	0.2818	0.1710	0.1108	0.1089	0.0995	0.0095	0.1729	0.0715	0.1014	0.4139	1.1195	0.0243	0.5739	0.5864	0.2154	0.4284	3.9616	0.0347	0.2044	0.0880	0.3841	0.1153	0.1256	0.0068	0.2606	0.0355	0.4194
69	101	0.5748	7	0	0	0	0	0	0	0	0	N	N	N	N	N	N	N	N	N	N	N	N	0.9288	0.9536	1.4084	1.6560	1.5409	20.9177	0.7578	22.1230	1.5548	0.6227	0.5544	1.0183	0.7471	0.7444	0.7857	0.5321	0.3919	1.0733	0.6705	0.5814	0.7230	0.4512	0.4831	0.0376	0.7022	0.0177	0.6904	0.3172	1.4796	-0.0815	-0.0013	27.6811	18.4780	13.1592	12.4520	1.7594	1.3357	0.4237	0.8896	0.8270	0.0626	0.8698	0.5087	0.3611	0.0399	0.0161	0.0238	0.0167	0.0160	0.0008	0.0231	0.0001	0.0230	2.8253	2.4092	0.4161	1.1907	1.1110	0.0797	1.6346	1.2982	0.3364	0.5728	0.3518	0.2210	0.1922	0.1684	0.0238	0.3806	0.1834	0.1972	8.9480	12.1316	9.4609	8.5871	7.8524	24.6707	8.7512	622.5098	9.1924	0.0696	0.0457	0.1076	0.0870	0.0948	0.0318	0.0608	0.0006	0.1168
69	102	0.1508	3	0	1	0	0	0	0	0	0	N	N	N	N	N	N	N	N	N	N	N	N	0.9962	0.7975	3.0380	0.9920	1.0803	0.8640	2.1045	0.5137	4.6934	0.4316	0.4943	0.0258	0.5956	0.6551	0.0070	0.3393	0.3968	0.0319	0.4333	0.6198	0.0085	0.6004	0.6064	0.0081	0.1612	0.7724	0.0068	0.0081	0.0829	-0.8004	-0.0269	27.6811	34.1922	13.1592	22.4626	2.8675	2.8445	0.0229	1.4250	1.4234	0.0015	1.4425	1.4211	0.0214	0.0488	0.0451	0.0037	0.0345	0.0344	0.0002	0.0143	0.0107	0.0036	6.6437	5.7548	0.8889	2.3924	2.1729	0.2195	4.2512	3.5818	0.6694	1.5235	0.8506	0.6729	0.3117	0.2921	0.0196	1.2118	0.5585	0.6533	13.4666	9.3248	4.6381	5.3740	5.5641	0.8640	28.7923	20.7093	5.8266	0.0321	0.0530	0.0056	0.1108	0.1177	0.0081	0.0118	0.0192	0.0055
69	103	0.1029	2	0	1	0	0	0	0	0	0	N	N	N	N	N	N	N	N	N	N	N	N	0.8125	0.5954	5.8153	0.7391	0.7731	1.6470	0.7642	0.3445	7.4961	0.5660	0.5247	0.7594	0.7398	0.7548	0.5485	0.4922	0.4087	0.7892	0.6966	0.8812	0.1306	1.0009	0.9763	0.3330	0.6440	1.1864	0.1053	0.3089	0.3449	-0.1233	-0.0308	27.6811	22.5884	13.1592	11.0115	2.4111	1.8421	0.5690	0.9391	0.8882	0.0509	1.4720	0.9539	0.5181	0.0828	0.0616	0.0212	0.0392	0.0384	0.0007	0.0436	0.0231	0.0205	4.2601	3.5109	0.7492	1.2695	1.1767	0.0928	2.9906	2.3342	0.6564	1.0673	0.5528	0.5146	0.1968	0.1916	0.0051	0.8705	0.3611	0.5094	7.2965	4.7114	18.4057	3.7177	3.7657	3.8070	9.8197	6.3766	19.6211	0.0776	0.1114	0.0413	0.1990	0.2005	0.1441	0.0501	0.0641	0.0402
69	106	0.2418	7	0	1	0	0	0	0	0	0	N	N	N	N	N	N	N	N	N	N	N	N	25.4022	5.9524	12.7017	1.3221	1.1508	315.5255	1437.1915	2241.3514	5.0730	0.4165	0.4662	0.0032	0.1065	0.1110	0.0164	0.5380	0.6189	0.0013	0.0164	0.0783	0.0003	0.0806	0.0965	0.0001	0.0004	0.0003	0.0003	0.0008	0.0256	-0.3091	-0.0016	27.6811	20.0414	13.1592	7.0324	1.0795	1.0786	0.0009	0.0778	0.0772	0.0006	1.0017	1.0014	0.0003	0.0027	0.0026	0.0001	0.0026	0.0026	0.0000	0.0001	0.0000	0.0001	2.5920	2.3135	0.2786	0.7302	0.6955	0.0347	1.8619	1.6180	0.2439	0.5628	0.2971	0.2658	0.0829	0.0739	0.0090	0.4799	0.2232	0.2568	87.6225	53.1024	12.7017	3.3858	3.1464	315.5255	3876.8139	628548.2935	5.0730	0.0048	0.0088	0.0003	0.0315	0.0353	0.0001	0.0001	0.0000	0.0003
69	107	0.2317	6	0	0	0	0	0	0	0	0	N	N	N	N	N	N	N	N	N	N	N	N	0.7379	0.9806	18.6859	19.6214	1.5917	131379.8903	0.2705	0.4391	8.0155	0.1373	0.0106	1.3277	0.2839	0.0268	8.0707	0.0660	0.0018	0.5049	0.1861	0.0108	0.0711	0.0145	0.0168	0.0001	0.2438	0.0040	0.0630	13.3929	7.9037	0.1096	0.0008	27.6811	7.0315	13.1592	1.2144	0.1704	0.0118	0.1585	0.1153	0.0105	0.1048	0.0550	0.0013	0.0537	0.0029	0.0003	0.0026	0.0003	0.0003	0.0000	0.0026	0.0000	0.0026	1.2404	1.1210	0.1194	0.4063	0.3933	0.0130	0.8341	0.7277	0.1064	0.1941	0.1055	0.0886	0.0336	0.0304	0.0032	0.1605	0.0750	0.0854	9.1774	3.4138	45.6307	30.2098	2.5863	131379.8903	4.0888	12.6121	16.7329	0.0150	0.0031	0.0291	0.0094	0.0104	0.0001	0.0161	0.0001	0.0302
69	108	0.1982	5	0	0	0	0	0	0	0	0	N	N	N	N	N	N	N	N	N	N	N	N	257.9626	106.9542	3376.6864	3.1856	2.8181	263.3271	470.1373	96.4065	3557.5458	0.8990	0.5719	3.4147	0.0258	0.0265	0.0098	1.1126	0.7191	3.6848	0.0035	0.0053	0.0010	0.0081	0.0094	0.0000	0.0024	0.0075	0.0010	0.7762	0.4628	0.2885	-0.0002	27.6811	16.2725	13.1592	4.4748	1.9252	1.0839	0.8414	0.0109	0.0107	0.0002	1.9144	1.0732	0.8412	0.0007	0.0005	0.0002	0.0004	0.0004	0.0000	0.0003	0.0001	0.0002	2.1415	1.8952	0.2464	0.4209	0.4028	0.0181	1.7207	1.4924	0.2283	0.5031	0.2743	0.2288	0.0724	0.0668	0.0056	0.4307	0.2075	0.2232	618.4531	313.8033	3376.6864	4.2661	4.0470	263.3271	1635.6028	2414.3990	3557.5458	0.0015	0.0018	0.0010	0.0061	0.0066	0.0000	0.0007	0.0003	0.0010
69	109	0.2509	6	0	1	0	0	0	0	0	0	N	N	N	N	N	N	N	N	N	N	N	N	0.8338	0.4996	19.5702	1.0552	1.0997	19.3484	2.1699	2.5151	25.2083	0.2534	0.2289	0.4482	0.6963	0.7330	0.0919	0.1127	0.0555	0.4983	0.3039	0.4581	0.0229	0.6598	0.6665	0.0048	0.0519	0.0221	0.0198	0.2465	0.3814	-0.1126	-0.0084	27.6811	40.5309	13.1592	14.7974	1.2599	1.0108	0.2491	0.8348	0.8285	0.0063	0.4251	0.1822	0.2428	0.0239	0.0173	0.0066	0.0170	0.0169	0.0000	0.0069	0.0004	0.0065	4.9720	4.4161	0.5559	1.1990	1.1304	0.0686	3.7730	3.2857	0.4873	1.1716	0.6143	0.5573	0.1402	0.1309	0.0094	1.0314	0.4835	0.5479	12.4442	8.1417	37.9164	5.7585	5.6716	19.3484	16.8408	75.0269	41.7331	0.0204	0.0281	0.0118	0.1209	0.1292	0.0048	0.0067	0.0007	0.0119
69	110	0.2250	5	0	1	0	0	0	0	0	0	N	N	N	N	N	N	N	N	N	N	N	N	1.3641	1.4277	0.3776	7.3769	7.3843	14.1890	1.3089	0.8553	0.2032	0.6705	0.7525	0.0431	0.4138	0.4314	0.1750	0.7552	0.8662	0.0204	0.4915	0.5271	0.1142	0.0561	0.0584	0.0123	0.5770	1.0127	0.1002	0.0075	0.8832	-0.3577	-0.0027	27.6811	13.5236	13.1592	3.5331	1.2788	1.2693	0.0095	0.1959	0.1902	0.0057	1.0829	1.0791	0.0038	0.0170	0.0090	0.0080	0.0018	0.0017	0.0001	0.0152	0.0073	0.0079	1.9073	1.6868	0.2205	0.4734	0.4409	0.0325	1.4339	1.2459	0.1880	0.4475	0.2426	0.2049	0.0709	0.0662	0.0047	0.3766	0.1764	0.2002	17.6667	20.2423	1.1097	16.7131	16.8276	14.1890	18.6777	20.8676	0.5155	0.0380	0.0372	0.0389	0.0248	0.0256	0.0123	0.0404	0.0415	0.0395
69	111	0.1690	4	0	0	0	0	0	0	0	0	N	N	N	N	N	N	N	N	N	N	N	N	0.3382	0.2132	7.6719	4.3762	6.2418	1.7758	0.1584	0.0877	8.4353	0.4888	0.5163	0.2845	1.5508	1.5690	1.2045	0.2657	0.2739	0.2122	1.4453	2.4215	0.0371	0.3544	0.2514	0.6783	1.6779	3.1251	0.0252	0.0742	0.0067	-0.2249	-0.6234	27.6811	16.9399	13.1592	15.9768	1.0313	0.9601	0.0712	0.5680	0.5460	0.0220	0.4633	0.4141	0.0492	1.0027	0.9960	0.0067	0.0064	0.0050	0.0014	0.9963	0.9910	0.0053	2.1099	1.8597	0.2502	0.3663	0.3480	0.0182	1.7437	1.5117	0.2320	0.7861	0.4113	0.3748	0.0887	0.0824	0.0063	0.6975	0.3290	0.3685	0.3832	0.2132	15.9507	21.4072	25.8812	5.3149	0.1860	0.0909	14.8824	1.2755	2.4215	0.0178	0.0724	0.0606	0.2266	1.4285	3.0124	0.0143
69	112	0.2734	8	1	1	0	1	0	0	0	0	N	N	N	N	N	N	N	N	N	N	N	N	0.0002	0.0012	0.0004	0.0026	0.0012	0.0653	0.0002	0.0009	0.0003	0.0036	0.0010	0.0227	0.0033	0.0014	0.1237	0.0039	0.0007	0.0175	18.0258	0.8450	54.7916	1.2604	1.1663	1.8939	23.0207	0.8415	67.2469	3.0438	306.3753	0.0000	0.3072	27.6811	0.0019	13.1592	1.9928	0.0000	0.0000	0.0000	0.0000	0.0000	0.0000	0.0000	0.0000	0.0000	0.8340	0.0027	0.8313	0.0028	0.0023	0.0005	0.8313	0.0004	0.8308	0.0006	0.0006	0.0001	0.0002	0.0002	0.0000	0.0004	0.0003	0.0001	0.0463	0.0268	0.0194	0.0102	0.0091	0.0011	0.0361	0.0177	0.0184	0.0002	0.0101	0.0005	0.0120	0.0057	0.2695	0.0002	0.0288	0.0004	18.0258	0.1011	42.7710	0.2718	0.2499	0.4591	23.0207	0.0249	45.2251
69	113	0.2499	7	1	1	0	1	0	0	0	0	N	N	N	N	N	N	N	N	N	N	N	N	0.0172	0.1443	0.0182	0.3182	0.1859	752.5054	0.0151	2.1783	0.0153	0.0515	0.0282	0.2148	0.0435	0.0289	0.3589	0.0541	0.0279	0.2012	3.0027	0.1952	11.8201	0.1367	0.1556	0.0005	3.5901	0.0128	13.1749	1.0919	415.8801	0.0150	0.3795	27.6811	8.6942	13.1592	6.0502	0.0638	0.0305	0.0333	0.0132	0.0084	0.0048	0.0506	0.0221	0.0285	1.0277	0.0025	1.0253	0.0024	0.0024	0.0000	1.0253	0.0001	1.0253	1.2376	1.0826	0.1550	0.3027	0.2894	0.0134	0.9349	0.7933	0.1416	0.3423	0.1865	0.1558	0.0567	0.0511	0.0056	0.2856	0.1354	0.1502	0.0172	2.1305	0.0326	1.0260	0.6154	752.5054	0.0151	57.8017	0.0295	3.0027	0.0132	6.5814	0.0424	0.0470	0.0005	3.5901	0.0005	6.8270
69	114	0.2710	11	0	1	0	1	0	0	0	0	N	N	N	N	N	N	N	N	N	N	N	N	0.0000	0.0000	0.0000	0.0000	0.0000	0.0000	0.0000	0.0000	0.0000	0.0000	0.0000	0.0000	0.0000	0.0000	0.0000	0.0000	0.0010	0.0012	0.0006	0.0008	0.0008	0.0000	0.0016	0.0000	0.0006	0.8571	0.0000	-0.0000	27.6811	0.0001	13.1592	0.0001	0.0000	0.0000	0.0000	0.0000	0.0000	0.0000	0.0000	0.0000	0.0000	0.0000	0.0000	0.0000	0.0000	0.0000	0.0000	0.0000	0.0000	0.0000	0.0000	0.0000	0.0000	0.0000	0.0000	0.0000	0.0000	0.0000	0.0000	0.0000	0.0000	0.0000	0.0000	0.0000	0.0000	0.0000	0.0000	0.0000	0.0000	0.0000	0.0000	0.0000	0.0000	0.0000	0.0000	0.0000	0.0000	0.0006	0.0006	0.0006	0.0008	0.0008	0.0000	0.0005	0.0000	0.0006			
69	115	0.2643	10	0	1	0	1	0	0	0	0	N	N	N	N	N	N	N	N	N	N	N	N	10.3669	4.9843	0.0003	0.0166	0.0159	0.0000	832.2501	27456.3238	0.0003	1.9130	2.1598	0.0000	0.0080	0.0084	0.0000	2.4767	2.8566	0.0000	0.1845	0.4333	0.0015	0.4805	0.5312	0.0005	0.0030	0.0001	0.0015	0.0000	0.0482	-0.2112	-0.0008	27.6811	3.0007	13.1592	1.0012	0.7354	0.7354	0.0000	0.0007	0.0007	0.0000	0.7347	0.7347	0.0000	0.0013	0.0013	0.0001	0.0013	0.0013	0.0000	0.0001	0.0000	0.0001	0.3844	0.3405	0.0439	0.0878	0.0833	0.0045	0.2967	0.2572	0.0395	0.0890	0.0479	0.0410	0.0140	0.0124	0.0016	0.0750	0.0356	0.0395	128.7605	82.0931	0.0003	0.0884	0.0826	0.0000	3098.0697	8518136.7150	0.0003	0.0149	0.0263	0.0015	0.0904	0.1019	0.0005	0.0008	0.0000	0.0015
69	116	0.2624	9	0	0	0	1	0	0	0	0	N	N	N	N	N	N	N	N	N	N	N	N	0.0183	0.0142	150.4263	4.9072	4.5808	1.9618	0.0145	0.0075	175.5577	0.0102	0.0112	0.0018	0.0112	0.0117	0.0000	0.0098	0.0110	0.0020	0.5577	0.7917	0.0000	0.0023	0.0026	0.0000	0.6803	1.4773	0.0000	0.0203	0.0001	-0.0004	-0.0008	27.6811	1.1177	13.1592	0.0023	0.0015	0.0015	0.0000	0.0004	0.0004	0.0000	0.0011	0.0011	0.0000	0.0012	0.0012	0.0000	0.0000	0.0000	0.0000	0.0012	0.0012	0.0000	0.1503	0.1335	0.0168	0.0390	0.0370	0.0019	0.1113	0.0964	0.0148	0.0251	0.0135	0.0116	0.0039	0.0035	0.0004	0.0211	0.0100	0.0111	0.2126	0.1262	150.4263	4.9072	4.5808	1.9618	0.1747	0.0928	175.5577	0.0479	0.0890	0.0000	0.0023	0.0026	0.0000	0.0563	0.1189	0.0000
69	117	0.2594	5	0	1	0	0	0	0	0	0	N	N	N	N	N	N	N	N	N	N	N	N	0.2776	10.4680	0.2426	24.1428	40.2203	9.1227	0.1367	0.1937	0.2375	0.3918	0.2667	1.3351	0.7672	0.7410	1.2174	0.2332	0.0455	1.3541	1.4115	0.0255	5.5038	0.0318	0.0184	0.1334	1.7059	0.2347	5.7018	0.6640	401.5880	0.1801	0.5349	27.6811	31.2782	13.1592	23.9277	1.6093	0.9671	0.6422	0.9362	0.8547	0.0815	0.6730	0.1124	0.5606	1.4489	0.0036	1.4453	0.0035	0.0021	0.0014	1.4454	0.0015	1.4440	4.1071	3.6261	0.4810	1.2204	1.1534	0.0670	2.8867	2.4727	0.4140	1.2086	0.6648	0.5438	0.2122	0.1945	0.0177	0.9964	0.4703	0.5260	0.3268	49.2689	0.5023	46.4491	67.7046	15.6768	0.1607	14.5447	0.4933	1.1988	0.0054	2.6580	0.0165	0.0109	0.0777	1.4507	0.0031	2.7449
69	118	0.2624	9	0	0	1	1	0	0	0	0	N	N	N	N	N	N	N	N	N	N	N	N	1361.1568	571.4473	457316.9263	7.2755	6.3843	777.5039	9773.7910	501.7053	550757.4307	1.5480	1.7073	0.3021	0.0291	0.0305	0.0014	2.0201	2.2779	0.3376	0.0011	0.0030	0.0000	0.0040	0.0048	0.0000	0.0002	0.0045	0.0000	0.0226	0.0005	-0.2062	-0.0001	27.6811	3.8827	13.1592	2.9998	0.7780	0.7607	0.0172	0.0035	0.0035	0.0000	0.7745	0.7573	0.0172	0.0001	0.0001	0.0000	0.0001	0.0001	0.0000	0.0000	0.0000	0.0000	0.5026	0.4456	0.0570	0.1192	0.1131	0.0060	0.3834	0.3324	0.0510	0.1518	0.0817	0.0701	0.0236	0.0209	0.0027	0.1282	0.0608	0.0674	2427.2148	1441.4230	457316.9263	7.8997	7.3504	777.5039	26090.8719	14009.5419	550757.4307	0.0006	0.0012	0.0000	0.0037	0.0042	0.0000	0.0001	0.0002	0.0000
69	119	0.2595	8	0	0	0	1	0	0	0	0	N	N	N	N	N	N	N	N	N	N	N	N	4.8778	0.3604	64.9593	1.4217	0.4763	inf	3.9058	0.0292	68.2740	0.0049	0.0003	0.0442	0.0015	0.0006	0.0198	0.0064	0.0002	0.0484	0.0010	0.0009	0.0007	0.0011	0.0012	0.0000	0.0016	0.0073	0.0007	15.6803	1.1096	0.0014	-0.0000	27.6811	2.8083	13.1592	0.0030	0.0021	0.0001	0.0020	0.0002	0.0001	0.0001	0.0019	0.0001	0.0019	0.0000	0.0000	0.0000	0.0000	0.0000	0.0000	0.0000	0.0000	0.0000	0.4355	0.3899	0.0456	0.1336	0.1270	0.0066	0.3019	0.2629	0.0390	0.0631	0.0339	0.0291	0.0099	0.0088	0.0011	0.0531	0.0251	0.0280	8.2401	0.6264	64.9593	1.4217	0.4763	inf	12.6062	0.7323	68.2740	0.0006	0.0005	0.0007	0.0011	0.0012	0.0000	0.0005	0.0003	0.0007
69	120	0.2595	8	0	0	1	1	0	0	0	0	N	N	N	N	N	N	N	N	N	N	N	N	56.3779	68.9995	106.8067	22.7321	21.2096	inf	27.5457	inf	116.1234	0.0081	0.0064	0.0216	0.0073	0.0077	0.0000	0.0083	0.0059	0.0244	0.0001	0.0001	0.0002	0.0003	0.0004	0.0000	0.0003	0.0000	0.0002	0.4194	1.8742	0.0001	0.0000	27.6811	9.6158	13.1592	0.0030	0.0104	0.0073	0.0031	0.0024	0.0024	0.0000	0.0080	0.0049	0.0031	0.0000	0.0000	0.0000	0.0000	0.0000	0.0000	0.0000	0.0000	0.0000	1.2835	1.1416	0.1420	0.3245	0.3081	0.0164	0.9590	0.8334	0.1256	0.2117	0.1138	0.0979	0.0329	0.0291	0.0038	0.1788	0.0846	0.0941	56.3779	68.9995	106.8067	22.7321	21.2096	inf	75.4264	inf	116.1234	0.0001	0.0001	0.0002	0.0003	0.0004	0.0000	0.0001	0.0000	0.0002
69	121	0.2499	7	0	0	0	1	0	0	0	0	N	N	N	N	N	N	N	N	N	N	N	N	0.0262	0.0301	0.0058	0.0673	0.0673	25.4671	0.0040	0.9657	0.0058	0.0160	0.0182	0.0016	0.0524	0.0544	0.0049	0.0021	0.0022	0.0013	0.6090	0.6040	0.2805	0.7789	0.8081	0.0002	0.5200	0.0023	0.2272	0.0138	1.0002	-0.0030	-0.0011	27.6811	4.2457	13.1592	2.0144	0.0110	0.0109	0.0001	0.0100	0.0099	0.0000	0.0010	0.0009	0.0001	0.0087	0.0044	0.0044	0.0044	0.0044	0.0000	0.0044	0.0000	0.0044	0.6887	0.5964	0.0923	0.1901	0.1826	0.0075	0.4986	0.4138	0.0848	0.1586	0.0879	0.0707	0.0299	0.0274	0.0025	0.1287	0.0605	0.0682	0.2901	0.3663	0.0262	0.3591	0.3418	25.4671	0.0614	36.3310	0.0207	0.0551	0.0497	0.0618	0.1460	0.1590	0.0002	0.0340	0.0001	0.0640
69	122	0.2077	6	0	0	0	1	0	0	0	0	N	N	N	N	N	N	N	N	N	N	N	N	0.0044	0.0150	0.0043	1.3763	0.9790	595.2416	0.0016	0.0001	0.0030	0.0078	0.0046	0.0304	0.0230	0.0187	0.1204	0.0034	0.0001	0.0228	1.7690	0.3091	7.0019	0.0167	0.0191	0.0002	2.0460	0.7805	7.4985	0.9130	184.4250	0.0025	0.3607	27.6811	11.9190	13.1592	13.1740	0.0130	0.0068	0.0062	0.0086	0.0067	0.0019	0.0043	0.0001	0.0043	0.9848	0.0053	0.9795	0.0006	0.0006	0.0000	0.9841	0.0047	0.9795	1.6639	1.4606	0.2033	0.3741	0.3583	0.0159	1.2898	1.1023	0.1874	0.5567	0.2919	0.2648	0.0617	0.0568	0.0050	0.4950	0.2351	0.2599	0.0044	0.2550	0.0082	2.2193	1.6616	595.2416	0.0017	0.0031	0.0061	1.7690	0.0182	3.6986	0.0104	0.0113	0.0002	1.9883	0.0199	3.7693
69	123	0.6347	10	0	0	1	1	0	0	0	0	N	N	N	N	N	N	N	N	N	N	N	N	0.1224	0.0602	0.0000	0.1644	0.1413	0.0000	0.2209	0.0223	0.0000	0.0010	0.0011	0.0000	0.0017	0.0018	0.0000	0.0005	0.0005	0.0000	0.0078	0.0175	0.0004	0.0102	0.0124	0.0001	0.0021	0.0239	0.0005	0.0000	0.0659	-0.0005	-0.0004	27.6811	12.8936	13.1592	4.1514	0.0016	0.0016	0.0000	0.0011	0.0011	0.0000	0.0005	0.0005	0.0000	0.0008	0.0007	0.0000	0.0007	0.0007	0.0000	0.0001	0.0001	0.0000	1.6923	1.5315	0.1608	0.6818	0.6481	0.0336	1.0106	0.8834	0.1272	0.2814	0.1705	0.1108	0.0935	0.0821	0.0114	0.1878	0.0884	0.0994	0.3410	0.2434	0.0000	0.2343	0.2165	0.0000	0.7421	0.6730	0.0000	0.0028	0.0043	0.0004	0.0071	0.0081	0.0001	0.0006	0.0008	0.0005
69	124	0.2230	7	0	1	0	0	0	0	0	0	N	N	N	N	N	N	N	N	N	N	N	N	0.0996	0.0400	35.0986	1.0198	0.9905	0.0915	0.0328	0.0014	39.4595	0.0209	0.0187	0.0375	0.0706	0.0741	0.0002	0.0065	0.0012	0.0414	0.2094	0.4685	0.0011	0.0692	0.0748	0.0021	0.1997	0.8863	0.0010	0.2573	0.0329	-0.0029	-0.0046	27.6811	12.7386	13.1592	8.7370	0.0347	0.0276	0.0071	0.0262	0.0262	0.0000	0.0085	0.0014	0.0071	0.0078	0.0075	0.0002	0.0018	0.0018	0.0000	0.0060	0.0057	0.0002	1.6634	1.4741	0.1893	0.3719	0.3541	0.0178	1.2915	1.1201	0.1715	0.4891	0.2572	0.2319	0.0612	0.0567	0.0044	0.4280	0.2005	0.2275	1.3128	0.6399	35.0986	2.4118	2.3618	0.0915	0.4683	0.0423	39.4595	0.0159	0.0293	0.0011	0.0293	0.0314	0.0021	0.0140	0.0287	0.0010
69	125	0.2077	6	0	1	0	0	0	0	0	0	N	N	N	N	N	N	N	N	N	N	N	N	0.3806	0.3073	1.7811	1.9320	1.8949	13.0167	0.2160	0.1212	2.1534	0.2523	0.2870	0.0080	0.5467	0.5692	0.0071	0.1608	0.1879	0.0081	0.6630	0.9340	0.0045	0.2830	0.3004	0.0005	0.7443	1.5495	0.0038	0.0040	0.0265	-0.0908	-0.0097	27.6811	8.6431	13.1592	1.4782	0.3208	0.3195	0.0013	0.1648	0.1648	0.0001	0.1559	0.1548	0.0012	0.0161	0.0157	0.0004	0.0018	0.0018	0.0000	0.0143	0.0139	0.0004	1.2715	1.1132	0.1583	0.3015	0.2895	0.0121	0.9699	0.8237	0.1462	0.2376	0.1250	0.1126	0.0288	0.0267	0.0021	0.2089	0.0984	0.1105	3.7220	2.2873	2.1675	8.7645	8.4634	13.0167	2.3461	1.3300	2.1534	0.0678	0.1255	0.0037	0.0624	0.0673	0.0005	0.0685	0.1413	0.0038
69	126	0.1982	5	0	0	0	0	0	0	0	0	N	N	N	N	N	N	N	N	N	N	N	N	0.7591	14.3001	0.0673	43.1563	58.8479	0.3164	0.0066	0.0339	0.0710	0.0748	0.0834	0.0034	0.3066	0.3160	0.0066	0.0012	0.0008	0.0032	0.0985	0.0058	0.0504	0.0071	0.0054	0.0208	0.1737	0.0250	0.0444	0.0049	8.4921	-0.0140	0.0005	27.6811	4.1618	13.1592	2.0491	0.0495	0.0493	0.0002	0.0489	0.0489	0.0000	0.0006	0.0004	0.0002	0.0020	0.0002	0.0018	0.0002	0.0001	0.0000	0.0018	0.0001	0.0017	0.6626	0.5911	0.0715	0.1597	0.1548	0.0049	0.5029	0.4363	0.0666	0.1799	0.1044	0.0756	0.0349	0.0330	0.0018	0.1451	0.0713	0.0737	6.8528	42.0841	0.1459	57.1508	70.1472	0.3164	0.0942	1.0420	0.1354	0.0109	0.0020	0.0232	0.0054	0.0045	0.0208	0.0122	0.0008	0.0233
69	127	0.1690	4	0	0	0	0	0	0	0	0	N	N	N	N	N	N	N	N	N	N	N	N	4.2323	0.0666	2436.1656	0.0303	0.0310	0.5752	179.6752	6.0941	3218.9931	1.3630	0.0350	11.1348	0.0237	0.0248	0.0018	1.6444	0.0373	12.0100	0.3221	0.5257	0.0046	0.7820	0.7995	0.0032	0.0092	0.0061	0.0037	43.2437	0.0872	1.1330	-0.0052	27.6811	9.4810	13.1592	7.4917	1.6414	0.0371	1.6043	0.0049	0.0049	0.0000	1.6364	0.0322	1.6042	0.0095	0.0088	0.0008	0.0087	0.0087	0.0000	0.0008	0.0000	0.0008	1.2042	1.0601	0.1441	0.2090	0.1985	0.0105	0.9952	0.8616	0.1336	0.4436	0.2379	0.2057	0.0596	0.0559	0.0037	0.3840	0.1820	0.2019	63.3950	0.9491	2992.6345	0.1614	0.1589	0.5752	792.1210	155.6779	3218.9931	0.0215	0.0369	0.0037	0.1466	0.1562	0.0032	0.0021	0.0002	0.0037
69	128	0.6469	11	1	1	0	0	0	0	0	0	N	N	N	N	N	N	N	N	N	N	N	N	0.0004	0.0000	0.3202	0.0001	0.0000	0.0000	0.1020	inf	0.3670	0.0000	0.0000	0.0000	0.0000	0.0000	0.0000	0.0000	0.0000	0.0000	0.0004	0.0009	0.0000	0.0009	0.0010	0.0000	0.0000	0.0000	0.0000	3.5506	0.0047	0.0000	-0.0000	27.6811	2.0107	13.1592	1.9995	0.0000	0.0000	0.0000	0.0000	0.0000	0.0000	0.0000	0.0000	0.0000	0.0000	0.0000	0.0000	0.0000	0.0000	0.0000	0.0000	0.0000	0.0000	0.2503	0.2254	0.0249	0.1004	0.0950	0.0053	0.1499	0.1304	0.0195	0.0637	0.0392	0.0245	0.0229	0.0201	0.0028	0.0408	0.0191	0.0217	0.0005	0.0001	0.3202	0.0001	0.0000	0.0000	0.1020	inf	0.3670	0.0003	0.0005	0.0000	0.0009	0.0010	0.0000	0.0000	0.0000	0.0000
69	129	0.6347	10	1	1	0	0	0	0	0	0	N	N	N	N	N	N	N	N	N	N	N	N	0.0533	0.0045	7.2665	0.0183	0.0154	1.7464	0.5940	2.2297	8.3768	0.0009	0.0002	0.0075	0.0004	0.0004	0.0002	0.0012	0.0000	0.0094	0.0163	0.0465	0.0010	0.0217	0.0264	0.0001	0.0020	0.0000	0.0011	3.5962	0.0943	0.0004	-0.0003	27.6811	5.6459	13.1592	1.1399	0.0007	0.0002	0.0006	0.0001	0.0001	0.0000	0.0006	0.0000	0.0006	0.0006	0.0005	0.0001	0.0005	0.0005	0.0000	0.0000	0.0000	0.0000	0.8239	0.7489	0.0749	0.3494	0.3336	0.0157	0.4745	0.4153	0.0592	0.1232	0.0741	0.0490	0.0425	0.0379	0.0046	0.0807	0.0363	0.0444	0.1827	0.0288	7.2665	0.0316	0.0288	1.7464	1.9666	826.8570	8.3768	0.0047	0.0072	0.0010	0.0126	0.0141	0.0001	0.0006	0.0000	0.0011
69	130	0.6043	9	0	0	0	0	0	0	0	0	N	N	N	N	N	N	N	N	N	N	N	N	0.6697	0.3114	32.3761	0.5457	0.4798	5.4249	13.3638	22.9334	92.6858	0.2839	0.1720	0.8969	0.2247	0.1861	0.7371	0.3356	0.1571	0.9398	0.4239	0.5523	0.0277	0.4117	0.3879	0.1359	0.0251	0.0069	0.0101	0.9518	0.2142	0.1231	-0.0048	27.6811	11.6079	13.1592	5.3766	0.6137	0.3144	0.2993	0.2266	0.1745	0.0521	0.3871	0.1399	0.2472	0.0105	0.0087	0.0019	0.0096	0.0087	0.0009	0.0010	0.0000	0.0009	2.1617	1.8281	0.3337	1.0083	0.9377	0.0706	1.1534	0.8904	0.2630	0.3461	0.2089	0.1372	0.1191	0.1074	0.0116	0.2270	0.1014	0.1256	9.3168	4.1363	66.1688	2.7946	2.3093	9.3678	78.4654	587.7029	125.0339	0.0305	0.0416	0.0136	0.0804	0.0806	0.0787	0.0043	0.0003	0.0075
69	131	0.5865	8	0	0	0	0	0	0	0	0	N	N	N	N	N	N	N	N	N	N	N	N	1.1874	1.9581	1.1025	3.3130	7.1474	1.4333	1.1064	3.7669	1.5193	0.7384	0.6667	1.0382	0.6849	0.6559	1.0643	0.7854	0.6793	1.0328	0.6219	0.3405	0.9417	0.2067	0.0918	0.7426	0.7099	0.1803	0.6798	0.3724	3.4952	-0.0105	0.0029	27.6811	3.9355	13.1592	8.7078	0.6640	0.4838	0.1802	0.2875	0.2559	0.0317	0.3765	0.2280	0.1485	0.0192	0.0043	0.0149	0.0065	0.0040	0.0025	0.0127	0.0002	0.0124	0.8992	0.7256	0.1736	0.4198	0.3901	0.0298	0.4794	0.3356	0.1438	0.3305	0.2133	0.1172	0.1266	0.1162	0.0104	0.2040	0.0971	0.1069	12.7296	33.3421	8.1636	13.3160	18.9610	4.4314	12.6487	268.2485	8.8871	0.0580	0.0200	0.1272	0.0514	0.0346	0.2402	0.0621	0.0025	0.1162
69	132	0.5748	7	0	0	0	0	0	0	0	0	N	N	N	N	N	N	N	N	N	N	N	N	1.8391	3.3143	0.1243	9.3265	22.1026	0.0685	0.6909	1.5944	0.2561	0.8579	1.0588	0.0375	1.4650	1.5855	0.0335	0.3162	0.4370	0.0384	0.4665	0.3195	0.3015	0.1571	0.0717	0.4893	0.4577	0.2741	0.1499	0.0087	1.9619	-0.3362	0.0003	27.6811	6.2657	13.1592	3.9760	1.2071	1.1967	0.0104	0.9720	0.9702	0.0017	0.2351	0.2265	0.0086	0.0095	0.0032	0.0063	0.0048	0.0029	0.0019	0.0047	0.0003	0.0044	1.4070	1.1302	0.2768	0.6635	0.6120	0.0515	0.7435	0.5183	0.2253	0.2705	0.1725	0.0980	0.1060	0.0960	0.0099	0.1646	0.0764	0.0881	24.5148	57.1386	0.5858	32.4633	52.2159	0.1782	11.1063	119.1419	0.7676	0.0350	0.0185	0.0640	0.0451	0.0304	0.1880	0.0285	0.0037	0.0500
69	133	0.4975	6	0	0	0	0	0	0	0	0	N	N	N	N	N	N	N	N	N	N	N	N	0.4401	0.5890	0.5347	1.2753	2.1155	0.3271	0.3421	1.7606	0.9450	0.2204	0.2305	0.1544	0.3109	0.3225	0.1360	0.1612	0.1618	0.1586	0.5009	0.3914	0.2887	0.2437	0.1525	0.4159	0.4713	0.0919	0.1678	0.1026	1.7009	-0.1656	0.0001	27.6811	26.7012	13.1592	18.2690	0.8535	0.7740	0.0794	0.4761	0.4630	0.0131	0.3774	0.3110	0.0664	0.0396	0.0147	0.0250	0.0194	0.0141	0.0053	0.0203	0.0006	0.0197	3.8720	3.3573	0.5147	1.5315	1.4355	0.0960	2.3404	1.9217	0.4187	1.0256	0.6288	0.3968	0.3368	0.3041	0.0326	0.6889	0.3247	0.3642	5.7034	9.8786	2.4537	5.4062	6.9548	0.8440	5.4786	92.0028	2.9306	0.0386	0.0233	0.0629	0.0575	0.0464	0.1611	0.0294	0.0018	0.0541
69	134	0.2594	5	0	0	0	0	0	0	0	0	N	N	N	N	N	N	N	N	N	N	N	N	0.4665	0.4212	0.2981	0.2180	0.2230	1.7435	0.4392	0.9111	0.3171	0.6561	0.5666	1.3739	0.6347	0.6636	0.1267	0.6645	0.5254	1.5703	1.4066	1.3451	4.6085	2.9119	2.9756	0.0727	1.5130	0.5766	4.9517	0.3025	3.6224	-0.2556	0.3861	27.6811	61.4372	13.1592	55.8589	4.6557	3.5745	1.0812	1.2621	1.2485	0.0136	3.3937	2.3260	1.0676	2.4860	0.5378	1.9482	0.5313	0.5299	0.0014	1.9547	0.0079	1.9468	7.0957	6.3088	0.7869	1.9885	1.8815	0.1070	5.1072	4.4273	0.6799	2.0792	1.1205	0.9586	0.2904	0.2628	0.0276	1.7888	0.8577	0.9310	0.5487	1.1805	0.6760	0.3469	0.3291	2.4771	0.6081	56.7943	0.7510	1.1957	0.4800	2.0323	1.8297	2.0163	0.0512	1.0928	0.0093	2.0910
69	135	0.1690	4	0	0	0	0	0	0	0	0	N	N	N	N	N	N	N	N	N	N	N	N	0.4373	0.4070	0.3732	2.0351	2.0297	26.8545	0.3761	0.2474	0.3861	0.8735	0.7412	1.8758	1.0633	1.1147	0.0630	0.8336	0.6553	2.0182	1.9975	1.8213	5.0269	0.5225	0.5492	0.0023	2.2167	2.6485	5.2273	0.3341	1.2418	-0.1222	-0.1683	27.6811	31.7621	13.1592	18.5886	3.3279	2.4946	0.8334	0.7035	0.7014	0.0020	2.6244	1.7931	0.8313	2.2613	1.0087	1.2526	0.0115	0.0115	0.0000	2.2498	0.9972	1.2526	3.8099	3.3656	0.4443	0.6616	0.6292	0.0324	3.1483	2.7364	0.4119	1.1321	0.5875	0.5446	0.1171	0.1083	0.0088	1.0149	0.4792	0.5357	0.4373	0.4317	0.8155	10.8428	10.5289	26.8545	0.3761	0.3149	0.8632	1.9975	1.7169	2.3001	0.0981	0.1059	0.0023	2.2167	2.0811	2.3380
70	71	0.2506	7	1	1	0	0	0	0	0	0	N	N	N	N	N	N	N	N	N	N	N	N	0.1199	0.0755	4.3648	0.1684	0.1756	0.4949	0.4168	4.8422	0.3382	0.0356	0.0383	0.0121	0.1071	0.1088	0.0754	0.0000	0.0000	0.0000	0.2965	0.5079	0.0028	0.6356	0.6192	0.1523	0.0001	0.0000	0.0001	0.0373	0.0663	-0.0148	-0.0035	19.6565	17.5448	4.0504	6.0013	0.0589	0.0567	0.0021	0.0588	0.0567	0.0021	0.0001	0.0000	0.0000	0.0063	0.0059	0.0004	0.0062	0.0059	0.0004	0.0000	0.0000	0.0000	1.6554	1.4801	0.1754	0.5493	0.5213	0.0280	1.1061	0.9587	0.1474	0.3124	0.1716	0.1408	0.0536	0.0492	0.0044	0.2588	0.1224	0.1364	1.7750	1.1209	4.3648	0.9181	0.9109	0.8804	1.0597	1900.2785	0.3382	0.0200	0.0342	0.0028	0.1166	0.1194	0.0856	0.0000	0.0000	0.0001
70	72	0.3190	10	1	1	1	0	0	0	0	0	N	N	N	N	N	N	N	N	N	N	N	N	0.0002	0.0004	0.0000	0.0000	0.0000	0.0000	0.0002	0.0410	0.0000	0.0000	0.0000	0.0000	0.0000	0.0000	0.0000	0.0000	0.0000	0.0000	0.0023	0.0012	0.0019	0.0012	0.0012	0.0000	0.0038	0.0000	0.0019	0.0000	1.4949	-0.0000	-0.0000	19.6565	1.8980	4.0504	2.9698	0.0000	0.0000	0.0000	0.0000	0.0000	0.0000	0.0000	0.0000	0.0000	0.0001	0.0000	0.0001	0.0000	0.0000	0.0000	0.0001	0.0000	0.0001	0.1923	0.1723	0.0200	0.0782	0.0745	0.0037	0.1140	0.0978	0.0163	0.0939	0.0622	0.0317	0.0332	0.0321	0.0011	0.0607	0.0301	0.0306	0.0005	0.0009	0.0000	0.0000	0.0000	0.0000	0.0008	15.1027	0.0000	0.0011	0.0006	0.0019	0.0012	0.0012	0.0000	0.0010	0.0000	0.0019
70	73	0.2995	9	1	0	1	0	0	0	0	0	N	N	N	N	N	N	N	N	N	N	N	N	0.0314	0.0248	0.1264	0.0699	0.0577	1.1549	0.0108	0.0013	0.0864	0.0004	0.0004	0.0007	0.0006	0.0006	0.0012	0.0002	0.0001	0.0004	0.0130	0.0150	0.0059	0.0092	0.0103	0.0011	0.0165	0.1136	0.0046	0.2207	0.6368	-0.0000	-0.0001	19.6565	3.5853	4.0504	4.3819	0.0003	0.0002	0.0001	0.0002	0.0002	0.0000	0.0001	0.0000	0.0000	0.0005	0.0003	0.0002	0.0002	0.0002	0.0000	0.0003	0.0001	0.0002	0.7075	0.6370	0.0705	0.3492	0.3201	0.0291	0.3582	0.3169	0.0414	0.1260	0.0793	0.0466	0.0333	0.0315	0.0018	0.0927	0.0479	0.0448	0.1014	0.0951	0.1751	0.0980	0.0858	1.1549	0.0570	0.0766	0.0910	0.0040	0.0039	0.0042	0.0066	0.0069	0.0011	0.0031	0.0019	0.0044
70	74	0.2680	8	1	0	1	0	0	0	0	0	N	N	N	N	N	N	N	N	N	N	N	N	1.1223	0.9183	1.0286	1.9368	1.9738	11.6427	0.0986	0.0094	0.3789	0.5430	0.6052	0.0072	1.6038	1.6826	0.0353	0.0038	0.0041	0.0021	0.4838	0.6591	0.0070	0.8281	0.8525	0.0030	0.0385	0.4301	0.0055	0.0014	0.0574	-0.1851	-0.0061	19.6565	12.3589	4.0504	7.3592	0.6479	0.6470	0.0009	0.6449	0.6442	0.0007	0.0030	0.0028	0.0002	0.0106	0.0100	0.0006	0.0094	0.0093	0.0000	0.0013	0.0007	0.0006	1.1932	1.0690	0.1242	0.4021	0.3829	0.0192	0.7911	0.6861	0.1050	0.2887	0.1693	0.1193	0.0608	0.0568	0.0040	0.2279	0.1125	0.1154	14.7665	10.2101	1.5000	10.4197	10.2320	11.6427	0.6880	0.6577	0.4292	0.0368	0.0593	0.0048	0.1539	0.1644	0.0030	0.0055	0.0062	0.0049
70	75	0.2506	7	1	0	1	0	0	0	0	0	N	N	N	N	N	N	N	N	N	N	N	N	53.3247	19.8286	2.4457	238.9103	217.3481	0.5035	0.0787	0.0035	2.8619	0.9776	1.0923	0.0049	2.8183	2.9750	0.0002	0.0023	0.0017	0.0059	0.0183	0.0551	0.0020	0.0118	0.0137	0.0004	0.0290	0.4989	0.0021	0.0005	0.2143	-0.2844	-0.0004	19.6565	10.2127	4.0504	1.0234	0.9923	0.9917	0.0005	0.9908	0.9908	0.0000	0.0015	0.0010	0.0005	0.0008	0.0006	0.0001	0.0002	0.0002	0.0000	0.0006	0.0004	0.0001	1.0151	0.9079	0.1071	0.3515	0.3330	0.0185	0.6635	0.5749	0.0886	0.1532	0.0841	0.0691	0.0264	0.0243	0.0022	0.1268	0.0599	0.0670	190.0360	141.5505	2.4457	348.8165	339.5081	0.5035	0.5044	0.2370	2.8619	0.0051	0.0077	0.0020	0.0081	0.0088	0.0004	0.0045	0.0073	0.0021
70	76	0.2474	6	1	0	0	0	0	0	0	0	N	N	N	N	N	N	N	N	N	N	N	N	29.1811	23.0038	18.1483	8.1104	8.0548	1.7132	21.6250	2.7371	21.1280	0.0054	0.0058	0.0026	0.0049	0.0051	0.0005	0.0057	0.0062	0.0029	0.0002	0.0003	0.0001	0.0006	0.0006	0.0003	0.0003	0.0022	0.0001	0.0507	0.5267	-0.0005	-0.0000	19.6565	3.7027	4.0504	0.0091	0.0021	0.0020	0.0001	0.0006	0.0006	0.0000	0.0015	0.0014	0.0001	0.0000	0.0000	0.0000	0.0000	0.0000	0.0000	0.0000	0.0000	0.0000	0.3924	0.3524	0.0400	0.1298	0.1244	0.0054	0.2626	0.2280	0.0346	0.0516	0.0282	0.0234	0.0089	0.0081	0.0007	0.0427	0.0201	0.0226	29.1811	25.8146	18.1483	8.1104	8.0548	1.7132	56.8930	103.6716	21.1280	0.0002	0.0002	0.0001	0.0006	0.0006	0.0003	0.0001	0.0001	0.0001
70	77	0.2304	5	0	0	0	0	0	0	0	0	N	N	N	N	N	N	N	N	N	N	N	N	0.2259	0.0579	4.6790	0.1958	0.1746	1.5299	0.5126	0.0486	8.0628	0.0087	0.0062	0.0313	0.0089	0.0086	0.0126	0.0086	0.0043	0.0374	0.0386	0.1070	0.0067	0.0453	0.0494	0.0083	0.0168	0.0881	0.0046	0.5630	0.3284	0.0003	-0.0005	19.6565	3.8334	4.0504	6.1787	0.0042	0.0027	0.0015	0.0018	0.0016	0.0001	0.0024	0.0010	0.0013	0.0014	0.0011	0.0004	0.0010	0.0010	0.0000	0.0004	0.0001	0.0003	0.4768	0.4291	0.0478	0.2006	0.1888	0.0117	0.2763	0.2403	0.0360	0.1862	0.1087	0.0776	0.0464	0.0437	0.0027	0.1398	0.0650	0.0748	1.1333	0.6246	6.8677	0.4162	0.3904	1.5299	2.7155	2.4968	8.4509	0.0077	0.0099	0.0046	0.0213	0.0221	0.0083	0.0032	0.0017	0.0044
70	78	0.1913	4	0	0	0	0	0	0	0	0	N	N	N	N	N	N	N	N	N	N	N	N	34.9426	7.0271	1279.5917	1.7631	1.0525	52.1377	89.9112	4.0706	2144.6284	1.6768	1.0280	7.0470	0.0779	0.0504	0.5900	2.3781	1.4971	8.1341	0.0480	0.1463	0.0055	0.0442	0.0479	0.0113	0.0264	0.3678	0.0038	0.8282	0.2455	0.5032	-0.0016	19.6565	16.9094	4.0504	5.8161	3.0330	1.6590	1.3740	0.0430	0.0264	0.0166	2.9900	1.6326	1.3575	0.0037	0.0030	0.0007	0.0023	0.0022	0.0001	0.0014	0.0008	0.0007	1.8088	1.6138	0.1950	0.5515	0.5234	0.0281	1.2573	1.0905	0.1669	0.4355	0.2564	0.1791	0.1108	0.1036	0.0072	0.3246	0.1527	0.1719	196.2379	88.2149	1720.7987	3.7532	2.3548	52.1377	543.9153	297.9914	2144.6284	0.0085	0.0117	0.0041	0.0208	0.0214	0.0113	0.0044	0.0050	0.0038
70	79	0.1171	4	0	1	0	0	0	0	0	0	N	N	N	N	N	N	N	N	N	N	N	N	1.1834	1.0931	0.0756	0.1531	0.1597	0.1768	1.2925	1.1837	0.0798	1.3245	1.4716	0.2292	0.3969	0.4145	0.0106	1.5370	1.7395	0.2454	1.1192	1.3462	3.0332	2.5928	2.5965	0.0599	1.1891	1.4695	3.0755	0.0209	1.0321	-0.7975	-0.0477	19.6565	23.9173	4.0504	17.8091	2.9909	2.9296	0.0613	0.1670	0.1668	0.0002	2.8239	2.7628	0.0611	0.3964	0.1950	0.2013	0.1632	0.1630	0.0002	0.2331	0.0320	0.2011	2.2581	1.9908	0.2673	0.4208	0.4025	0.0184	1.8373	1.5883	0.2490	0.7381	0.4019	0.3362	0.1344	0.1290	0.0055	0.6037	0.2729	0.3307	2.4665	3.0321	0.3829	0.3268	0.3279	0.2345	3.9801	14.8144	0.4036	0.5370	0.4853	0.5988	1.2144	1.2641	0.0452	0.3862	0.1174	0.6079
70	80	0.1010	3	0	1	0	0	0	0	0	0	N	N	N	N	N	N	N	N	N	N	N	N	0.7977	0.0559	4.3009	0.0438	0.0457	0.0713	0.9500	0.0603	4.9985	0.7057	0.0592	5.3657	0.0707	0.0717	0.0482	0.8343	0.0564	5.6826	0.8846	1.0606	1.2476	1.6138	1.5680	0.6758	0.8782	0.9356	1.1369	12.5666	0.6721	0.2694	-0.0099	19.6565	6.1279	4.0504	3.6878	0.4214	0.0311	0.3904	0.0071	0.0069	0.0002	0.4143	0.0241	0.3902	0.0436	0.0261	0.0175	0.0237	0.0235	0.0002	0.0199	0.0026	0.0173	0.5972	0.5244	0.0728	0.1006	0.0965	0.0041	0.4966	0.4279	0.0687	0.2443	0.1360	0.1084	0.0590	0.0580	0.0011	0.1853	0.0780	0.1073	3.9550	0.3089	33.1832	0.1758	0.1768	0.2145	7.7875	1.7146	35.2781	0.1784	0.1918	0.1617	0.4023	0.4055	0.2248	0.1071	0.0329	0.1611
70	81	0.1891	7	1	0	1	0	0	0	0	0	N	N	N	N	N	N	N	N	N	N	N	N	0.4896	1.9248	0.0007	10.6027	11.2921	0.0173	0.0037	0.5091	0.0008	0.4000	0.4503	0.0014	1.4726	1.5412	0.0004	0.0036	0.0039	0.0015	0.8170	0.2339	1.9693	0.1389	0.1365	0.0210	0.9581	0.0077	1.8781	0.0004	13.9426	-0.2862	0.0231	19.6565	27.2690	4.0504	12.3406	0.9982	0.9978	0.0004	0.9917	0.9917	0.0000	0.0065	0.0061	0.0004	0.0758	0.0051	0.0708	0.0052	0.0050	0.0002	0.0707	0.0001	0.0706	2.4956	2.2160	0.2796	0.6734	0.6435	0.0300	1.8222	1.5725	0.2496	0.6040	0.3420	0.2621	0.1204	0.1133	0.0071	0.4836	0.2287	0.2549	3.1861	30.3433	0.0052	34.4074	34.8928	0.0173	0.0245	12.7089	0.0055	0.1255	0.0148	0.2700	0.0428	0.0442	0.0210	0.1462	0.0003	0.2770
70	82	0.1737	6	0	0	0	0	0	0	0	0	N	N	N	N	N	N	N	N	N	N	N	N	0.0953	0.3977	0.0290	1.2914	1.1706	14.2515	0.0073	0.0117	0.0098	0.0037	0.0040	0.0008	0.0106	0.0109	0.0051	0.0005	0.0006	0.0002	0.0384	0.0100	0.0280	0.0082	0.0093	0.0004	0.0746	0.0510	0.0237	0.0238	3.6808	-0.0010	0.0002	19.6565	9.0798	4.0504	0.9519	0.0036	0.0035	0.0001	0.0033	0.0032	0.0001	0.0004	0.0004	0.0000	0.0012	0.0003	0.0010	0.0002	0.0002	0.0000	0.0010	0.0001	0.0010	0.9916	0.8877	0.1039	0.3069	0.2944	0.0124	0.6848	0.5932	0.0915	0.1604	0.0895	0.0708	0.0298	0.0279	0.0019	0.1305	0.0616	0.0689	0.4794	1.3671	0.0597	1.7345	1.6637	14.2515	0.0683	0.4594	0.0166	0.0076	0.0029	0.0136	0.0061	0.0065	0.0004	0.0080	0.0013	0.0140
70	83	0.1010	3	0	1	0	0	0	0	0	0	N	N	N	N	N	N	N	N	N	N	N	N	0.0009	0.0012	0.0014	0.0003	0.0003	0.0000	0.0010	0.0135	0.0019	0.0006	0.0005	0.0007	0.0002	0.0002	0.0000	0.0006	0.0006	0.0008	0.6038	0.4499	0.5065	0.4867	0.4574	0.2868	0.6283	0.0455	0.4016	0.1848	2.6823	-0.0001	0.0035	19.6565	21.0000	4.0504	14.4214	0.0011	0.0009	0.0002	0.0000	0.0000	0.0000	0.0010	0.0009	0.0002	0.0351	0.0095	0.0256	0.0096	0.0092	0.0004	0.0255	0.0003	0.0252	1.9682	1.7324	0.2358	0.3318	0.3184	0.0134	1.6365	1.4140	0.2224	0.6428	0.3474	0.2955	0.1060	0.1030	0.0030	0.5368	0.2444	0.2924	0.0101	0.0194	0.0083	0.0017	0.0017	0.0000	0.0134	0.5206	0.0089	0.0546	0.0274	0.0865	0.0909	0.0897	0.1311	0.0474	0.0012	0.0861
70	84	0.1586	7	0	0	1	0	0	0	0	0	N	N	N	N	N	N	N	N	N	N	N	N	0.0023	0.0024	0.0039	0.0016	0.0020	0.0001	0.0037	0.2792	0.0077	0.0011	0.0012	0.0006	0.0010	0.0010	0.0001	0.0011	0.0012	0.0007	0.4867	0.4800	0.1513	0.6128	0.5074	0.7077	0.3116	0.0044	0.0865	0.0675	1.2710	-0.0005	-0.0012	19.6565	20.4085	4.0504	11.0867	0.0022	0.0020	0.0001	0.0005	0.0005	0.0000	0.0017	0.0016	0.0001	0.0179	0.0079	0.0100	0.0102	0.0078	0.0024	0.0076	0.0000	0.0076	1.9848	1.7540	0.2308	0.4867	0.4583	0.0284	1.4981	1.2957	0.2024	0.4780	0.2556	0.2224	0.0904	0.0803	0.0102	0.3876	0.1754	0.2122	0.0294	0.0379	0.0133	0.0085	0.0104	0.0004	0.0580	7.7545	0.0186	0.0374	0.0308	0.0450	0.1131	0.0977	0.2350	0.0197	0.0002	0.0359
70	85	0.1549	6	0	0	1	0	0	0	0	0	N	N	N	N	N	N	N	N	N	N	N	N	0.4247	0.1998	4.0151	0.9603	1.2431	0.4423	0.1286	0.0029	7.4014	0.0045	0.0043	0.0060	0.0095	0.0096	0.0083	0.0016	0.0010	0.0053	0.0107	0.0218	0.0015	0.0099	0.0077	0.0189	0.0121	0.3315	0.0007	0.1734	0.2378	-0.0003	-0.0001	19.6565	3.1287	4.0504	1.1816	0.0019	0.0017	0.0003	0.0015	0.0014	0.0001	0.0004	0.0002	0.0002	0.0003	0.0002	0.0001	0.0001	0.0001	0.0000	0.0002	0.0001	0.0000	0.4281	0.3804	0.0477	0.1601	0.1490	0.0110	0.2680	0.2314	0.0366	0.0767	0.0430	0.0338	0.0164	0.0150	0.0015	0.0603	0.0280	0.0323	1.3215	0.8787	4.0151	1.3832	1.6795	0.4423	0.6267	0.2133	7.4014	0.0034	0.0049	0.0015	0.0069	0.0057	0.0189	0.0025	0.0045	0.0007
70	86	0.1480	5	0	0	0	0	0	0	0	0	N	N	N	N	N	N	N	N	N	N	N	N	67.7618	28.5151	241.8941	92.5740	87.2499	229.5000	35.8143	6.2231	31.4742	1.3325	1.4183	0.6582	3.4967	3.5497	2.8181	0.2556	0.2837	0.0728	0.0197	0.0497	0.0027	0.0378	0.0407	0.0123	0.0071	0.0456	0.0023	0.0591	0.2889	-0.1487	-0.0002	19.6565	4.0532	4.0504	2.2470	0.6427	0.6068	0.0358	0.5604	0.5276	0.0327	0.0823	0.0792	0.0031	0.0006	0.0005	0.0001	0.0005	0.0004	0.0000	0.0002	0.0000	0.0001	0.4823	0.4279	0.0545	0.1603	0.1486	0.0116	0.3220	0.2792	0.0428	0.1146	0.0639	0.0507	0.0244	0.0223	0.0021	0.0902	0.0416	0.0486	248.2097	189.9448	241.8941	188.0868	185.1067	229.5000	142.3668	238.4239	31.4742	0.0054	0.0075	0.0027	0.0186	0.0192	0.0123	0.0018	0.0012	0.0023
70	87	0.1248	4	0	0	0	0	0	0	0	0	N	N	N	N	N	N	N	N	N	N	N	N	0.1020	0.0787	0.7710	0.0644	0.0704	4.9998	0.1241	0.0640	1.0449	0.0865	0.0871	0.0820	0.1082	0.1174	0.0234	0.0743	0.0691	0.1021	0.8479	1.1068	0.1064	1.6796	1.6672	0.0047	0.5992	1.0789	0.0977	0.1491	0.1268	-0.0091	-0.0258	19.6565	4.7288	4.0504	9.8540	0.0578	0.0503	0.0075	0.0259	0.0253	0.0005	0.0319	0.0250	0.0070	0.0499	0.0443	0.0056	0.0388	0.0388	0.0000	0.0111	0.0055	0.0056	0.6685	0.5771	0.0914	0.2390	0.2157	0.0233	0.4295	0.3614	0.0681	0.3463	0.1973	0.1490	0.0910	0.0871	0.0039	0.2553	0.1102	0.1451	0.5998	0.3881	2.1768	0.2538	0.2636	4.9998	1.7113	1.3866	2.6467	0.1441	0.2245	0.0377	0.4265	0.4454	0.0047	0.0434	0.0498	0.0386
70	88	0.1010	3	0	0	0	0	0	0	0	0	N	N	N	N	N	N	N	N	N	N	N	N	0.0754	0.0585	0.0379	0.1177	0.1291	0.0003	0.0488	0.0254	0.0412	0.0843	0.0811	0.1075	0.1932	0.2013	0.0020	0.0623	0.0540	0.1138	1.1177	1.3868	2.8348	1.6415	1.5586	6.8750	1.2749	2.1260	2.7641	0.1832	0.7079	-0.0093	-0.0391	19.6565	8.6320	4.0504	7.0881	0.0705	0.0595	0.0109	0.0272	0.0272	0.0000	0.0433	0.0324	0.0109	0.1828	0.1071	0.0758	0.0291	0.0276	0.0016	0.1537	0.0795	0.0742	0.8356	0.7341	0.1015	0.1408	0.1350	0.0057	0.6948	0.5990	0.0958	0.3407	0.1870	0.1537	0.0705	0.0689	0.0015	0.2702	0.1180	0.1522	0.1571	0.1417	0.2180	0.4672	0.5035	0.0020	0.1095	0.0802	0.2334	0.5367	0.5726	0.4929	0.4135	0.3998	1.0328	0.5688	0.6736	0.4875
70	89	0.1687	5	0	1	0	0	0	0	0	0	N	N	N	N	N	N	N	N	N	N	N	N	26.8803	23.1409	6.6439	6.0628	6.4537	2.1053	39.8109	19.8256	8.7225	0.8058	0.9020	0.0836	0.2517	0.2615	0.1138	1.0015	1.1464	0.0784	0.0300	0.0390	0.0126	0.0415	0.0405	0.0541	0.0252	0.0578	0.0090	0.0124	0.9018	-0.3618	-0.0004	19.6565	15.4622	4.0504	5.2688	1.3160	1.2999	0.0161	0.1073	0.1041	0.0032	1.2087	1.1959	0.0129	0.0024	0.0013	0.0012	0.0012	0.0011	0.0001	0.0013	0.0002	0.0011	1.6330	1.4411	0.1920	0.4261	0.3980	0.0281	1.2070	1.0431	0.1638	0.3519	0.1945	0.1574	0.0590	0.0569	0.0021	0.2929	0.1376	0.1553	116.7486	137.3811	11.4284	12.6447	13.6893	2.7232	233.9397	831.6287	11.4489	0.0069	0.0066	0.0073	0.0199	0.0191	0.0418	0.0043	0.0014	0.0069
70	90	0.1570	4	0	0	0	0	0	0	0	0	N	N	N	N	N	N	N	N	N	N	N	N	0.3299	0.6400	2.7832	1.6223	2.9991	0.5738	0.2529	0.2870	3.2509	0.0879	0.0717	0.2075	0.1896	0.1625	0.4786	0.0454	0.0318	0.1344	0.2664	0.1121	0.0746	0.1169	0.0542	0.8341	0.1796	0.1108	0.0413	0.3911	2.1550	-0.0005	0.0002	19.6565	7.5917	4.0504	1.5198	0.0809	0.0582	0.0228	0.0514	0.0403	0.0111	0.0295	0.0179	0.0116	0.0036	0.0011	0.0025	0.0017	0.0010	0.0007	0.0019	0.0001	0.0017	0.9208	0.8112	0.1096	0.2711	0.2478	0.0233	0.6497	0.5634	0.0864	0.1927	0.1103	0.0825	0.0444	0.0415	0.0029	0.1483	0.0688	0.0796	4.7125	6.9418	6.9692	4.8405	6.6995	1.8762	3.6318	16.4940	6.2079	0.0187	0.0103	0.0298	0.0392	0.0243	0.2551	0.0125	0.0019	0.0217
70	91	0.2662	8	1	0	1	0	0	0	0	0	N	N	N	N	N	N	N	N	N	N	N	N	32653.1015	inf	1184.2268	inf	inf	inf	0.5856	inf	0.0000	0.0072	0.0081	0.0006	0.0257	0.0268	0.0050	0.0000	0.0000	0.0000	0.0000	0.0000	0.0000	0.0000	0.0000	0.0000	0.0000	0.0000	0.0000	0.0096	inf	-0.0006	0.0000	19.6565	3.0317	4.0504	0.1644	0.0021	0.0021	0.0000	0.0021	0.0021	0.0000	0.0000	0.0000	0.0000	0.0000	0.0000	0.0000	0.0000	0.0000	0.0000	0.0000	0.0000	0.0000	0.2903	0.2570	0.0332	0.0815	0.0775	0.0040	0.2088	0.1795	0.0292	0.0489	0.0276	0.0213	0.0093	0.0086	0.0008	0.0395	0.0190	0.0205	32653.1015	inf	1184.2268	inf	inf	inf	0.5856	inf	0.0000	0.0000	0.0000	0.0000	0.0000	0.0000	0.0000	0.0000	0.0000	0.0000
70	92	0.2604	7	1	0	1	0	0	0	0	0	N	N	N	N	N	N	N	N	N	N	N	N	0.0314	0.0119	1.3440	0.0046	0.0040	0.2693	1.2074	0.1469	1.5985	0.0003	0.0003	0.0002	0.0001	0.0001	0.0002	0.0004	0.0004	0.0002	0.0086	0.0232	0.0002	0.0257	0.0292	0.0006	0.0003	0.0028	0.0002	0.0875	0.0241	-0.0000	-0.0001	19.6565	2.6632	4.0504	1.0147	0.0001	0.0001	0.0000	0.0000	0.0000	0.0000	0.0001	0.0001	0.0000	0.0002	0.0002	0.0000	0.0002	0.0002	0.0000	0.0000	0.0000	0.0000	0.3455	0.3116	0.0339	0.1482	0.1408	0.0074	0.1973	0.1708	0.0265	0.0595	0.0342	0.0253	0.0122	0.0113	0.0009	0.0474	0.0229	0.0245	0.0906	0.0543	1.3440	0.0083	0.0076	0.2693	3.3255	5.1960	1.5985	0.0030	0.0051	0.0002	0.0142	0.0152	0.0006	0.0001	0.0001	0.0002
70	93	0.1772	6	1	0	1	0	0	0	0	0	N	N	N	N	N	N	N	N	N	N	N	N	11.2474	57.2042	7.1188	27.2533	24.1616	172.6278	6.7217	7.5789	6.5605	0.5723	0.6146	0.2367	0.1972	0.1811	0.5869	0.7150	0.7987	0.1990	0.0509	0.0107	0.0333	0.0072	0.0075	0.0034	0.1064	0.1054	0.0303	0.0486	4.0646	-0.4727	0.0011	19.6565	35.0787	4.0504	12.2568	1.9629	1.8720	0.0909	0.1864	0.1645	0.0219	1.7765	1.7075	0.0690	0.0062	0.0012	0.0050	0.0007	0.0007	0.0000	0.0054	0.0005	0.0049	3.4300	3.0460	0.3840	0.9456	0.9082	0.0373	2.4845	2.1378	0.3467	0.7067	0.3959	0.3108	0.1377	0.1283	0.0095	0.5689	0.2676	0.3013	65.5643	199.7681	14.8625	36.3141	32.4678	172.6278	75.0527	425.5430	12.1938	0.0087	0.0031	0.0159	0.0054	0.0056	0.0034	0.0095	0.0019	0.0163
70	94	0.1637	5	1	0	0	0	0	0	0	0	N	N	N	N	N	N	N	N	N	N	N	N	1.1105	0.6582	11.0258	10.3641	9.7601	29.0045	0.4324	0.0149	15.1172	0.0357	0.0210	0.1677	0.0480	0.0487	0.0257	0.0302	0.0071	0.1822	0.0322	0.0319	0.0152	0.0046	0.0050	0.0009	0.0698	0.4751	0.0121	0.8894	1.0627	0.0070	-0.0001	19.6565	8.4810	4.0504	2.3446	0.0380	0.0201	0.0179	0.0158	0.0156	0.0003	0.0221	0.0045	0.0176	0.0013	0.0006	0.0007	0.0001	0.0001	0.0000	0.0011	0.0005	0.0007	1.0624	0.9559	0.1066	0.3301	0.3202	0.0099	0.7324	0.6357	0.0967	0.1803	0.1018	0.0786	0.0349	0.0327	0.0022	0.1454	0.0690	0.0764	5.0464	3.4554	20.0310	11.7888	11.3645	29.0045	3.8694	1.0197	21.2219	0.0071	0.0061	0.0084	0.0041	0.0043	0.0009	0.0078	0.0069	0.0086
70	95	0.1010	3	0	1	0	1	0	0	0	0	N	N	N	N	N	N	N	N	N	N	N	N	0.9723	0.7883	0.5475	0.0364	0.0383	0.0067	1.0982	0.6656	0.7581	0.9279	1.0329	0.1529	0.0747	0.0778	0.0007	1.1009	1.2480	0.1621	0.9543	1.3104	0.2793	2.0558	2.0326	0.1009	1.0024	1.8749	0.2138	0.0201	0.1296	-0.5540	-0.1018	19.6565	24.0032	4.0504	22.6134	2.0715	2.0307	0.0408	0.0281	0.0281	0.0000	2.0433	2.0026	0.0408	0.1982	0.1755	0.0227	0.0816	0.0814	0.0002	0.1166	0.0941	0.0225	2.2325	1.9660	0.2666	0.3764	0.3613	0.0151	1.8561	1.6046	0.2515	0.8020	0.4322	0.3698	0.1245	0.1207	0.0038	0.6775	0.3115	0.3660	3.7548	2.5447	2.4867	0.1140	0.1155	0.0109	6.3986	4.1331	2.6356	0.2471	0.4059	0.0615	0.6555	0.6741	0.0616	0.1720	0.3019	0.0615
70	96	0.5184	7	0	1	0	0	0	0	0	0	N	N	N	N	N	N	N	N	N	N	N	N	1.2098	0.9189	17.0077	4.6347	4.5286	168.2527	0.4412	0.0493	21.5833	0.7733	0.6938	1.4177	1.4564	1.5335	0.2808	0.3068	0.0660	1.7523	0.6392	0.7550	0.0834	0.3142	0.3386	0.0017	0.6953	1.3396	0.0812	0.2521	0.2503	-0.1212	-0.0120	19.6565	18.5150	4.0504	10.2301	1.4127	1.1283	0.2845	1.0797	1.0669	0.0128	0.3331	0.0614	0.2716	0.0281	0.0225	0.0056	0.0116	0.0116	0.0000	0.0165	0.0109	0.0056	1.8270	1.6263	0.2006	0.7413	0.6957	0.0456	1.0857	0.9306	0.1550	0.4532	0.2788	0.1744	0.1727	0.1585	0.0142	0.2805	0.1203	0.1602	12.4622	8.5993	43.9231	21.6763	20.9873	168.2527	5.2101	0.7278	50.0757	0.0620	0.0807	0.0323	0.0672	0.0731	0.0017	0.0589	0.0907	0.0350
70	97	0.1301	4	0	1	0	0	0	0	0	0	N	N	N	N	N	N	N	N	N	N	N	N	1.4703	0.8355	25.8718	1.3286	1.3369	3.9445	2.0069	4.5398	29.9490	0.6276	0.3680	2.6161	0.6637	0.6877	0.0571	0.6197	0.2904	2.7776	0.4268	0.4405	0.1011	0.4995	0.5144	0.0145	0.3088	0.0640	0.0927	0.9278	1.0820	0.5011	-0.0037	19.6565	46.1140	4.0504	26.4917	2.5811	1.3389	1.2422	0.4903	0.4886	0.0016	2.0909	0.8503	1.2406	0.0336	0.0161	0.0175	0.0156	0.0155	0.0001	0.0180	0.0006	0.0173	4.1128	3.6380	0.4748	0.7387	0.7105	0.0282	3.3741	2.9275	0.4467	1.0782	0.5994	0.4788	0.1646	0.1562	0.0084	0.9136	0.4432	0.4704	20.1373	13.6689	71.7250	6.9929	6.9311	3.9445	31.4861	201.3523	75.3434	0.0312	0.0269	0.0365	0.0949	0.0992	0.0145	0.0197	0.0014	0.0369
70	98	0.5713	9	0	1	0	0	0	0	0	0	N	N	N	N	N	N	N	N	N	N	N	N	0.5181	0.4416	1.0700	0.1789	0.1800	0.0243	28.5927	1.4863	12.8959	0.4192	0.4659	0.0142	0.2624	0.2763	0.0018	0.5198	0.5999	0.0171	0.8091	1.0551	0.0133	1.4667	1.5352	0.0748	0.0182	0.4036	0.0013	0.0035	0.0245	-0.2175	-0.0253	19.6565	20.7840	4.0504	8.9470	0.7670	0.7643	0.0027	0.1877	0.1876	0.0001	0.5793	0.5767	0.0026	0.0418	0.0408	0.0010	0.0410	0.0402	0.0008	0.0008	0.0006	0.0002	1.8295	1.6404	0.1892	0.7151	0.6791	0.0360	1.1144	0.9613	0.1531	0.3456	0.2151	0.1304	0.1201	0.1040	0.0161	0.2255	0.1111	0.1144	3.4673	2.4578	1.8572	0.7685	0.7155	0.0344	150.3270	106.1961	12.8959	0.1209	0.1896	0.0077	0.3415	0.3861	0.0527	0.0035	0.0056	0.0013
70	99	0.5664	8	0	0	0	0	0	0	0	0	N	N	N	N	N	N	N	N	N	N	N	N	0.9668	0.6034	13.6722	2.2222	1.2029	49.8687	0.9029	0.1557	18.7753	0.0714	0.0429	0.3118	0.0267	0.0157	0.1878	0.1335	0.0852	0.3792	0.0738	0.0710	0.0228	0.0120	0.0130	0.0038	0.1478	0.5470	0.0202	0.8630	0.9847	0.0080	-0.0001	19.6565	2.7834	4.0504	1.0450	0.0453	0.0243	0.0210	0.0099	0.0054	0.0044	0.0354	0.0189	0.0165	0.0008	0.0004	0.0004	0.0003	0.0003	0.0000	0.0006	0.0002	0.0004	0.6347	0.5674	0.0673	0.3692	0.3455	0.0237	0.2655	0.2219	0.0436	0.0828	0.0484	0.0343	0.0324	0.0305	0.0019	0.0503	0.0179	0.0324	7.2484	5.0553	26.4667	3.2729	1.8594	49.8687	12.2132	9.9714	30.9624	0.0098	0.0085	0.0118	0.0082	0.0084	0.0038	0.0109	0.0085	0.0122
70	100	0.5563	7	0	0	0	0	0	0	0	0	N	N	N	N	N	N	N	N	N	N	N	N	1.0049	1.0963	5.4363	3.7668	3.6972	1.9137	0.5394	0.1097	10.3667	0.0473	0.0373	0.1286	0.0508	0.0546	0.0067	0.0420	0.0091	0.2223	0.0470	0.0340	0.0237	0.0135	0.0148	0.0035	0.0779	0.0834	0.0214	0.4240	1.1831	0.0008	-0.0001	19.6565	7.6044	4.0504	2.7972	0.0742	0.0521	0.0221	0.0478	0.0473	0.0005	0.0265	0.0049	0.0216	0.0017	0.0008	0.0009	0.0007	0.0007	0.0000	0.0010	0.0001	0.0009	1.5705	1.3987	0.1718	0.9409	0.8663	0.0746	0.6296	0.5324	0.0972	0.2039	0.1270	0.0769	0.0822	0.0758	0.0064	0.1217	0.0512	0.0705	5.5926	5.9980	10.5877	5.7442	5.8749	1.9137	5.1326	5.4975	17.1852	0.0085	0.0062	0.0121	0.0088	0.0093	0.0035	0.0082	0.0017	0.0129
70	101	0.5067	6	0	0	0	0	0	0	0	0	N	N	N	N	N	N	N	N	N	N	N	N	4.2360	2.7341	138.3697	11.4082	10.4661	315.4474	12.4029	3.9423	150.2910	1.5922	1.4030	3.0158	2.9119	2.8179	4.1435	0.6586	0.3088	2.6390	0.3759	0.5132	0.0218	0.2552	0.2692	0.0131	0.0531	0.0783	0.0176	0.2856	0.2004	-0.2000	-0.0051	19.6565	18.4780	4.0504	12.4520	3.0781	2.3943	0.6838	2.3324	2.0971	0.2353	0.7457	0.2972	0.4485	0.0110	0.0091	0.0018	0.0091	0.0089	0.0002	0.0018	0.0002	0.0016	1.9332	1.7065	0.2268	0.8010	0.7442	0.0568	1.1323	0.9623	0.1700	0.4236	0.2621	0.1616	0.1540	0.1384	0.0156	0.2697	0.1237	0.1460	61.5613	40.2839	266.3981	49.0861	43.6659	315.4474	97.3948	191.2983	237.1811	0.0259	0.0348	0.0113	0.0593	0.0645	0.0131	0.0068	0.0016	0.0111
70	102	0.0827	2	0	1	0	0	0	0	0	0	N	N	N	N	N	N	N	N	N	N	N	N	0.6444	0.6023	0.3253	0.4754	0.5262	0.4706	0.6703	1.7929	0.4846	0.5244	0.6032	0.1543	0.6473	0.7240	0.0772	0.4383	0.5081	0.1840	0.8138	1.0015	0.4743	1.3616	1.3760	0.1640	0.6538	0.2834	0.3797	0.0545	0.4204	-0.7647	-0.0555	19.6565	34.1922	4.0504	22.4626	3.2474	3.0797	0.1677	1.6518	1.6284	0.0233	1.5957	1.4513	0.1444	0.1671	0.1176	0.0494	0.1176	0.1162	0.0014	0.0495	0.0014	0.0480	6.1926	5.1054	1.0872	2.5517	2.2492	0.3025	3.6409	2.8563	0.7847	1.3446	0.7521	0.5925	0.3810	0.3647	0.0163	0.9637	0.3874	0.5763	4.2208	3.8573	1.8489	2.0968	2.2729	0.8727	8.5399	135.8000	2.2089	0.1242	0.1564	0.0834	0.3087	0.3185	0.0884	0.0513	0.0037	0.0833
70	106	0.1737	6	0	1	0	0	0	0	0	0	N	N	N	N	N	N	N	N	N	N	N	N	644.0062	430.3732	1129.7603	179.1081	152.6573	9433.0588	1047.0587	515.1397	851.8086	0.3788	0.3881	0.3027	0.2877	0.2614	0.8763	0.4142	0.4424	0.2324	0.0006	0.0009	0.0003	0.0016	0.0017	0.0001	0.0004	0.0009	0.0003	0.0953	0.4088	-0.1490	-0.0001	19.6565	20.0414	4.0504	7.0324	0.7447	0.6798	0.0648	0.1579	0.1374	0.0205	0.5867	0.5424	0.0443	0.0002	0.0001	0.0000	0.0001	0.0001	0.0000	0.0000	0.0000	0.0000	1.9657	1.7516	0.2141	0.5491	0.5257	0.0234	1.4166	1.2259	0.1907	0.4117	0.2290	0.1827	0.0741	0.0692	0.0049	0.3376	0.1597	0.1778	924.3845	742.1201	1129.7603	179.1081	152.6573	9433.0588	2814.2525	60324.7242	851.8086	0.0004	0.0005	0.0003	0.0016	0.0017	0.0001	0.0001	0.0000	0.0003
70	107	0.1637	5	0	0	0	0	0	0	0	0	N	N	N	N	N	N	N	N	N	N	N	N	6.7568	6.5401	5.1536	11.0256	10.3133	112.8673	4.8807	0.5151	3.7140	0.0263	0.0283	0.0079	0.0201	0.0199	0.0279	0.0293	0.0328	0.0058	0.0039	0.0043	0.0015	0.0018	0.0019	0.0002	0.0060	0.0638	0.0016	0.0302	0.7286	-0.0063	-0.0000	19.6565	7.0315	4.0504	1.2144	0.0245	0.0238	0.0007	0.0061	0.0058	0.0002	0.0185	0.0180	0.0005	0.0002	0.0001	0.0001	0.0001	0.0001	0.0000	0.0002	0.0001	0.0001	0.9315	0.8404	0.0911	0.3015	0.2930	0.0085	0.6300	0.5474	0.0826	0.1402	0.0796	0.0607	0.0279	0.0262	0.0017	0.1123	0.0534	0.0589	16.7626	17.6912	5.1536	11.0256	10.3133	112.8673	19.4360	22.8077	3.7140	0.0016	0.0016	0.0015	0.0018	0.0019	0.0002	0.0015	0.0014	0.0016
70	108	0.1301	4	0	0	0	0	0	0	0	0	N	N	N	N	N	N	N	N	N	N	N	N	36.8620	45.0890	240.6929	0.5083	0.4046	65.0936	25.7229	5.1158	298.9858	1.2294	0.6996	5.2276	0.0055	0.0048	0.0232	1.5181	0.8827	5.5450	0.0334	0.0155	0.0217	0.0107	0.0119	0.0004	0.0590	0.1725	0.0185	0.9902	2.1672	0.4199	0.0001	19.6565	16.2725	4.0504	4.4748	1.9958	1.0028	0.9930	0.0017	0.0014	0.0003	1.9941	1.0014	0.9927	0.0026	0.0008	0.0018	0.0005	0.0005	0.0000	0.0021	0.0004	0.0018	1.6233	1.4334	0.1899	0.3098	0.2989	0.0109	1.3135	1.1345	0.1790	0.3621	0.2048	0.1574	0.0619	0.0591	0.0028	0.3002	0.1456	0.1545	171.8499	175.1367	464.0413	0.7281	0.6137	65.0936	214.2917	362.3130	483.6230	0.0072	0.0040	0.0113	0.0075	0.0078	0.0004	0.0071	0.0024	0.0115
70	109	0.1829	5	0	1	0	0	0	0	0	0	N	N	N	N	N	N	N	N	N	N	N	N	1.4821	7.7566	4.0404	28.6620	27.9395	25.5772	0.8815	1.0377	4.8452	0.5656	0.5565	0.6355	1.0984	1.1523	0.2443	0.3957	0.3505	0.6915	0.3816	0.0717	0.1573	0.0383	0.0412	0.0096	0.4489	0.3378	0.1427	0.1481	4.7044	-0.3396	0.0042	19.6565	40.5309	4.0504	14.7974	2.1469	1.8700	0.2769	1.0080	0.9947	0.0133	1.1389	0.8753	0.2636	0.0216	0.0038	0.0178	0.0024	0.0023	0.0001	0.0192	0.0015	0.0177	3.7959	3.3602	0.4357	0.9177	0.8632	0.0545	2.8782	2.4970	0.3812	0.8211	0.4417	0.3794	0.1258	0.1182	0.0076	0.6953	0.3235	0.3718	21.5159	64.9609	13.5474	58.7032	59.7020	25.5772	14.3073	75.4514	14.5029	0.0263	0.0086	0.0469	0.0187	0.0193	0.0096	0.0277	0.0046	0.0477
70	110	0.1570	4	0	1	0	0	0	0	0	0	N	N	N	N	N	N	N	N	N	N	N	N	0.3222	0.2061	4.0000	0.9499	1.0099	2.6674	0.3606	0.0785	1.9413	0.0754	0.0715	0.1040	0.1789	0.1547	0.4743	0.0403	0.0414	0.0328	0.2340	0.3470	0.0260	0.1883	0.1532	0.1778	0.1116	0.5276	0.0169	0.1964	0.5111	-0.0136	-0.0016	19.6565	13.5236	4.0504	3.5331	0.1103	0.0922	0.0181	0.0663	0.0530	0.0133	0.0440	0.0392	0.0048	0.0053	0.0035	0.0018	0.0029	0.0026	0.0003	0.0025	0.0010	0.0015	1.4629	1.2889	0.1740	0.3707	0.3426	0.0281	1.0922	0.9463	0.1459	0.3132	0.1727	0.1404	0.0586	0.0551	0.0035	0.2545	0.1176	0.1369	4.4132	3.4898	8.0746	3.6292	3.3225	5.1260	4.1658	5.0034	3.0208	0.0171	0.0205	0.0129	0.0493	0.0466	0.0925	0.0097	0.0083	0.0109
70	111	0.1010	3	0	0	0	0	0	0	0	0	N	N	N	N	N	N	N	N	N	N	N	N	0.5098	0.5671	0.1275	1.4932	1.5174	2.9869	0.1178	0.1486	0.0793	0.5386	0.5552	0.4174	2.4912	2.4673	3.0604	0.1429	0.1245	0.2590	1.0564	0.9791	3.2736	1.6684	1.6260	1.0246	1.2127	0.8376	3.2664	0.1028	4.2337	-0.1675	0.0451	19.6565	16.9399	4.0504	15.9768	0.8641	0.7835	0.0806	0.6735	0.6401	0.0334	0.1906	0.1434	0.0472	0.2500	0.0478	0.2022	0.0430	0.0421	0.0009	0.2070	0.0057	0.2014	1.6044	1.4113	0.1931	0.2704	0.2595	0.0109	1.3340	1.1519	0.1822	0.6060	0.3278	0.2782	0.1017	0.0989	0.0028	0.5043	0.2289	0.2754	1.3056	3.8098	0.5743	5.8971	5.7930	10.1318	0.3480	5.0415	0.3542	0.4125	0.1457	0.7268	0.4224	0.4259	0.3021	0.4105	0.0247	0.7312
70	112	0.2054	7	1	1	0	1	0	0	0	0	N	N	N	N	N	N	N	N	N	N	N	N	0.0077	0.0047	0.0094	0.0061	0.0060	3.8948	0.0063	0.0014	0.0093	0.0086	0.0049	0.0341	0.0094	0.0094	0.0106	0.0081	0.0015	0.0349	1.1132	1.0330	3.6214	1.5495	1.5529	0.0027	1.2782	1.0288	3.7766	1.0032	4.1548	0.0000	0.0032	19.6565	0.0019	4.0504	1.9928	0.0000	0.0000	0.0000	0.0000	0.0000	0.0000	0.0000	0.0000	0.0000	0.0177	0.0034	0.0143	0.0029	0.0029	0.0000	0.0149	0.0006	0.0143	0.0005	0.0004	0.0001	0.0002	0.0002	0.0000	0.0003	0.0002	0.0001	0.0335	0.0200	0.0135	0.0078	0.0072	0.0006	0.0257	0.0128	0.0130	0.0162	0.0284	0.0323	0.0254	0.0235	3.8948	0.0140	0.0331	0.0317	0.5290	0.1721	1.0562	0.3685	0.3980	0.0027	0.5777	0.0443	1.1035
70	113	0.1818	6	1	1	0	1	0	0	0	0	N	N	N	N	N	N	N	N	N	N	N	N	0.1295	0.2833	0.8919	1.1393	1.0722	28.3129	0.0896	0.7878	1.1068	0.0515	0.0339	0.1675	0.0876	0.0896	0.0308	0.0401	0.0137	0.1763	0.3975	0.1195	0.1878	0.0769	0.0835	0.0011	0.4478	0.0173	0.1593	0.7505	3.7484	0.0069	0.0011	19.6565	8.6942	4.0504	6.0502	0.0488	0.0279	0.0209	0.0198	0.0196	0.0002	0.0289	0.0082	0.0207	0.0067	0.0014	0.0053	0.0014	0.0014	0.0000	0.0053	0.0001	0.0053	0.9473	0.8225	0.1248	0.2264	0.2189	0.0075	0.7209	0.6036	0.1173	0.2384	0.1334	0.1050	0.0444	0.0411	0.0033	0.1941	0.0923	0.1017	1.8365	3.2097	3.3358	2.8710	2.7238	28.3129	1.4611	22.0666	3.4026	0.0280	0.0105	0.0502	0.0305	0.0329	0.0011	0.0275	0.0006	0.0518
70	114	0.2029	10	0	1	0	1	0	0	0	0	N	N	N	N	N	N	N	N	N	N	N	N	0.0000	0.0000	0.0000	0.0000	0.0000	0.0000	0.0000	0.0000	0.0000	0.0000	0.0000	0.0000	0.0000	0.0000	0.0000	0.0000	0.0020	0.0019	0.0011	0.0010	0.0011	0.0000	0.0035	0.0000	0.0011	1.1667	0.0000	-0.0000	19.6565	0.0001	4.0504	0.0001	0.0000	0.0000	0.0000	0.0000	0.0000	0.0000	0.0000	0.0000	0.0000	0.0000	0.0000	0.0000	0.0000	0.0000	0.0000	0.0000	0.0000	0.0000	0.0000	0.0000	0.0000	0.0000	0.0000	0.0000	0.0000	0.0000	0.0000	0.0000	0.0000	0.0000	0.0000	0.0000	0.0000	0.0000	0.0000	0.0000	0.0000	0.0000	0.0000	0.0000	0.0000	0.0000	0.0000	0.0000	0.0000	0.0010	0.0009	0.0011	0.0010	0.0011	0.0000	0.0009	0.0000	0.0011			
70	115	0.1962	9	0	1	0	1	0	0	0	0	N	N	N	N	N	N	N	N	N	N	N	N	231.0360	279.5243	0.0002	383.9962	363.3104	0.0000	155.7744	inf	0.0002	1.3364	1.5109	0.0000	2.9710	3.1067	0.0000	0.8619	0.9979	0.0000	0.0058	0.0054	0.0026	0.0077	0.0086	0.0004	0.0055	0.0000	0.0026	0.0000	1.1157	-0.1120	-0.0000	19.6565	3.0007	4.0504	1.0012	0.3900	0.3900	0.0000	0.1951	0.1951	0.0000	0.1949	0.1949	0.0000	0.0001	0.0001	0.0001	0.0001	0.0001	0.0000	0.0001	0.0000	0.0001	0.2918	0.2581	0.0337	0.0657	0.0628	0.0029	0.2262	0.1953	0.0308	0.0618	0.0343	0.0275	0.0110	0.0101	0.0010	0.0507	0.0242	0.0265	619.0151	821.7312	0.0002	517.7480	497.4877	0.0000	624.7172	inf	0.0002	0.0022	0.0018	0.0026	0.0057	0.0062	0.0004	0.0014	0.0000	0.0026
70	116	0.1943	8	0	0	0	1	0	0	0	0	N	N	N	N	N	N	N	N	N	N	N	N	28.1485	7.9415	1581.7120	11.6840	8.2015	915.0706	11.9347	0.4098	1664.1700	0.0057	0.0038	0.0209	0.0015	0.0011	0.0092	0.0071	0.0048	0.0222	0.0002	0.0005	0.0000	0.0001	0.0001	0.0000	0.0006	0.0116	0.0000	0.7067	0.0299	0.0001	-0.0000	19.6565	1.1177	4.0504	0.0023	0.0006	0.0004	0.0003	0.0000	0.0000	0.0000	0.0006	0.0003	0.0003	0.0000	0.0000	0.0000	0.0000	0.0000	0.0000	0.0000	0.0000	0.0000	0.1138	0.1009	0.0129	0.0290	0.0277	0.0013	0.0848	0.0732	0.0116	0.0174	0.0096	0.0077	0.0031	0.0028	0.0003	0.0143	0.0068	0.0075	28.1485	10.6166	1581.7120	11.6840	8.2015	915.0706	32.6191	10.7057	1664.1700	0.0002	0.0004	0.0000	0.0001	0.0001	0.0000	0.0002	0.0004	0.0000
70	117	0.1913	4	0	1	0	0	0	0	0	0	N	N	N	N	N	N	N	N	N	N	N	N	1.5364	1.1291	25.1334	0.5468	0.5376	6.0632	3.5970	4.1896	33.4820	0.5592	0.4606	1.3696	0.1753	0.1802	0.0834	0.7138	0.5841	1.5686	0.3640	0.4079	0.0545	0.3205	0.3351	0.0138	0.1984	0.1394	0.0468	0.3616	0.7483	-0.0364	-0.0041	19.6565	31.2782	4.0504	23.9277	1.6868	1.2389	0.4480	0.1518	0.1481	0.0037	1.5351	1.0908	0.4443	0.0203	0.0116	0.0087	0.0111	0.0109	0.0002	0.0092	0.0007	0.0085	3.0167	2.6896	0.3271	0.8660	0.8222	0.0438	2.1507	1.8674	0.2833	0.8287	0.4687	0.3600	0.1628	0.1516	0.0111	0.6659	0.3171	0.3488	22.8409	18.6061	56.7745	2.5756	2.5009	6.0632	51.6025	272.0955	64.1430	0.0245	0.0248	0.0241	0.0680	0.0720	0.0138	0.0138	0.0021	0.0245
70	118	0.1943	8	0	0	1	1	0	0	0	0	N	N	N	N	N	N	N	N	N	N	N	N	2173.3322	1001.4244	15235.2137	4151.4743	3962.5038	30932.2173	1132.5567	41.6276	13604.6893	3.6233	4.0897	0.0189	2.1946	2.2928	0.0400	4.0580	4.6951	0.0169	0.0017	0.0041	0.0000	0.0005	0.0006	0.0000	0.0036	0.1128	0.0000	0.0006	0.0006	-0.3958	-0.0001	19.6565	3.8827	4.0504	2.9998	1.3812	1.3804	0.0008	0.1952	0.1950	0.0002	1.1860	1.1854	0.0007	0.0001	0.0001	0.0000	0.0000	0.0000	0.0000	0.0001	0.0001	0.0000	0.3812	0.3375	0.0437	0.0889	0.0851	0.0039	0.2923	0.2525	0.0398	0.1054	0.0585	0.0469	0.0187	0.0171	0.0016	0.0867	0.0413	0.0453	4245.6369	2659.4077	15235.2137	4151.4743	3962.5038	30932.2173	4393.3947	2426.2392	13604.6893	0.0009	0.0015	0.0000	0.0005	0.0006	0.0000	0.0009	0.0019	0.0000
70	119	0.1914	7	0	0	0	1	0	0	0	0	N	N	N	N	N	N	N	N	N	N	N	N	68596.5918	29.6915	678808.2458	111.9579	64.6930	9456.8429	37751.2836	0.3917	750590.9020	3.0108	0.0015	28.2685	0.0048	0.0030	0.0440	4.2780	0.0008	32.2375	0.0000	0.0001	0.0000	0.0000	0.0000	0.0000	0.0001	0.0020	0.0000	2259.7677	0.7372	0.7032	-0.0000	19.6565	2.8083	4.0504	0.0030	0.9871	0.0004	0.9866	0.0005	0.0003	0.0002	0.9866	0.0002	0.9864	0.0000	0.0000	0.0000	0.0000	0.0000	0.0000	0.0000	0.0000	0.0000	0.3278	0.2929	0.0349	0.0972	0.0929	0.0043	0.2306	0.2000	0.0306	0.0439	0.0243	0.0196	0.0078	0.0072	0.0007	0.0360	0.0171	0.0190	68596.5918	32.6065	678808.2458	111.9579	64.6930	9456.8429	97165.9734	17.1236	750590.9020	0.0000	0.0000	0.0000	0.0000	0.0000	0.0000	0.0000	0.0000	0.0000
70	120	0.1914	7	0	0	1	1	0	0	0	0	N	N	N	N	N	N	N	N	N	N	N	N	328.9028	258.6722	511.0361	457.3493	439.9587	5.8239	135.3014	2.3548	547.8810	0.0045	0.0043	0.0061	0.0086	0.0090	0.0000	0.0032	0.0026	0.0067	0.0000	0.0000	0.0000	0.0000	0.0000	0.0000	0.0000	0.0011	0.0000	0.1778	0.6327	-0.0006	-0.0000	19.6565	9.6158	4.0504	0.0030	0.0044	0.0037	0.0007	0.0020	0.0020	0.0000	0.0023	0.0017	0.0007	0.0000	0.0000	0.0000	0.0000	0.0000	0.0000	0.0000	0.0000	0.0000	0.9716	0.8626	0.1091	0.2370	0.2266	0.0104	0.7347	0.6360	0.0986	0.1474	0.0814	0.0660	0.0262	0.0239	0.0023	0.1213	0.0575	0.0637	328.9028	283.6672	511.0361	457.3493	439.9587	5.8239	253.1868	203.2514	547.8810	0.0000	0.0000	0.0000	0.0000	0.0000	0.0000	0.0000	0.0000	0.0000
70	121	0.1818	6	0	0	0	1	0	0	0	0	N	N	N	N	N	N	N	N	N	N	N	N	0.4936	0.2681	5.6202	13.1669	12.3822	3.8881	0.1718	0.0138	7.0527	0.0450	0.0346	0.1064	0.0886	0.0909	0.0050	0.0287	0.0094	0.1117	0.0911	0.1290	0.0189	0.0067	0.0073	0.0013	0.1671	0.6804	0.0158	0.5207	0.6864	0.0013	-0.0003	19.6565	4.2457	4.0504	2.0144	0.0239	0.0157	0.0082	0.0128	0.0128	0.0000	0.0111	0.0029	0.0082	0.0012	0.0007	0.0005	0.0001	0.0001	0.0000	0.0010	0.0006	0.0005	0.5311	0.4542	0.0769	0.1442	0.1403	0.0038	0.3869	0.3139	0.0731	0.1094	0.0620	0.0474	0.0224	0.0209	0.0014	0.0871	0.0411	0.0460	4.2474	3.1214	10.6925	16.9843	16.5611	3.8881	2.3984	0.6746	10.9281	0.0106	0.0111	0.0099	0.0052	0.0055	0.0013	0.0120	0.0139	0.0102
70	122	0.1396	5	0	0	0	1	0	0	0	0	N	N	N	N	N	N	N	N	N	N	N	N	0.0441	0.0264	0.7385	0.0612	0.0614	11.8562	0.0427	0.0200	0.8385	0.0226	0.0152	0.0738	0.0538	0.0552	0.0104	0.0139	0.0023	0.0775	0.5127	0.5739	0.0999	0.8781	0.8984	0.0009	0.3244	0.1129	0.0924	0.7113	0.6883	0.0037	-0.0035	19.6565	11.9190	4.0504	13.1740	0.0287	0.0168	0.0119	0.0150	0.0149	0.0001	0.0137	0.0019	0.0118	0.0159	0.0094	0.0065	0.0091	0.0091	0.0000	0.0068	0.0003	0.0065	1.2693	1.1076	0.1618	0.2788	0.2699	0.0089	0.9906	0.8377	0.1529	0.3899	0.2116	0.1784	0.0547	0.0518	0.0029	0.3352	0.1597	0.1755	0.5563	0.3412	2.0357	0.3236	0.3148	11.8562	0.6861	1.1599	2.1034	0.0407	0.0444	0.0363	0.1662	0.1754	0.0009	0.0202	0.0019	0.0368
70	123	0.5666	9	0	0	1	1	0	0	0	0	N	N	N	N	N	N	N	N	N	N	N	N	0.0467	0.0064	0.6615	0.0036	0.0032	0.0000	0.0494	0.0035	0.9517	0.0009	0.0001	0.0083	0.0000	0.0000	0.0000	0.0015	0.0002	0.0106	0.0191	0.0156	0.0125	0.0084	0.0099	0.0010	0.0309	0.0437	0.0112	8.8685	1.1040	0.0007	-0.0001	19.6565	12.8936	4.0504	4.1514	0.0011	0.0001	0.0010	0.0000	0.0000	0.0000	0.0011	0.0001	0.0010	0.0010	0.0005	0.0005	0.0004	0.0004	0.0000	0.0006	0.0001	0.0005	1.2630	1.1406	0.1223	0.5323	0.5055	0.0268	0.7306	0.6351	0.0955	0.1959	0.1218	0.0742	0.0690	0.0617	0.0073	0.1269	0.0601	0.0669	0.1694	0.0249	1.1341	0.0049	0.0047	0.0000	0.3194	0.1326	1.3274	0.0053	0.0040	0.0073	0.0062	0.0068	0.0010	0.0048	0.0012	0.0080
70	124	0.1550	6	0	1	0	0	0	0	0	0	N	N	N	N	N	N	N	N	N	N	N	N	0.0642	0.0282	24.5596	4.8665	4.5862	0.9065	0.0355	0.0018	35.6364	0.0386	0.0233	0.1560	0.0884	0.0918	0.0007	0.0251	0.0026	0.1677	0.6013	0.8279	0.0064	0.0182	0.0200	0.0008	0.7065	1.4974	0.0047	0.8684	0.0389	0.0086	-0.0108	19.6565	12.7386	4.0504	8.7370	0.0486	0.0260	0.0226	0.0238	0.0238	0.0000	0.0249	0.0023	0.0226	0.0183	0.0177	0.0007	0.0006	0.0006	0.0000	0.0178	0.0171	0.0007	1.2610	1.1161	0.1449	0.2691	0.2590	0.0101	0.9919	0.8571	0.1348	0.3391	0.1840	0.1551	0.0513	0.0487	0.0027	0.2878	0.1353	0.1525	0.7129	0.2430	35.2622	8.0266	7.9338	0.9065	0.4056	0.0209	37.3620	0.0541	0.0960	0.0044	0.0110	0.0116	0.0008	0.0618	0.1264	0.0045
70	125	0.1396	5	0	1	0	0	0	0	0	0	N	N	N	N	N	N	N	N	N	N	N	N	30.9531	20.9360	32.8929	13.2722	13.2227	0.6234	24.1239	1.4115	35.1273	0.2197	0.2439	0.0589	0.0635	0.0653	0.0021	0.2669	0.3065	0.0619	0.0071	0.0117	0.0018	0.0048	0.0049	0.0034	0.0111	0.2171	0.0018	0.0364	0.4580	-0.0538	-0.0001	19.6565	8.6431	4.0504	1.4782	0.2134	0.2059	0.0075	0.0143	0.0143	0.0000	0.1991	0.1916	0.0075	0.0004	0.0003	0.0001	0.0001	0.0001	0.0000	0.0003	0.0002	0.0001	0.9716	0.8442	0.1274	0.2256	0.2191	0.0065	0.7460	0.6252	0.1208	0.1659	0.0902	0.0757	0.0246	0.0234	0.0012	0.1413	0.0668	0.0745	84.5349	74.4294	32.8929	15.0849	15.3675	0.6234	115.1352	104.3779	35.1273	0.0026	0.0033	0.0018	0.0042	0.0043	0.0034	0.0023	0.0029	0.0018
70	126	0.1301	4	0	0	0	0	0	0	0	0	N	N	N	N	N	N	N	N	N	N	N	N	4.8420	2.7885	33.5044	9.3381	13.8486	0.0444	3.0045	0.0683	77.5494	0.0737	0.0574	0.2048	0.1777	0.1821	0.0076	0.0418	0.0143	0.2158	0.0152	0.0206	0.0061	0.0190	0.0131	0.1721	0.0139	0.2091	0.0028	0.4423	0.6293	0.0007	-0.0001	19.6565	4.1618	4.0504	2.0491	0.0368	0.0255	0.0113	0.0208	0.0208	0.0000	0.0160	0.0047	0.0113	0.0006	0.0004	0.0002	0.0003	0.0002	0.0001	0.0003	0.0001	0.0001	0.4997	0.4445	0.0552	0.1173	0.1143	0.0029	0.3824	0.3302	0.0522	0.1271	0.0754	0.0517	0.0268	0.0259	0.0009	0.1002	0.0495	0.0508	15.9992	12.0476	46.8395	15.6478	21.4324	0.0847	14.9324	5.0683	77.5494	0.0046	0.0048	0.0044	0.0114	0.0085	0.0901	0.0028	0.0028	0.0028
70	127	0.1010	3	0	0	0	0	0	0	0	0	N	N	N	N	N	N	N	N	N	N	N	N	0.5291	0.0114	27.9173	0.0321	0.0345	0.0506	1.0990	0.0011	33.7302	0.4424	0.0125	3.5551	0.0618	0.0643	0.0009	0.5195	0.0008	3.7673	0.8361	1.0963	0.1273	1.9213	1.8644	0.0174	0.4727	0.6993	0.1117	39.3819	0.1570	0.2787	-0.0243	19.6565	9.4810	4.0504	7.4917	0.4051	0.0100	0.3950	0.0095	0.0095	0.0000	0.3955	0.0005	0.3950	0.0492	0.0425	0.0067	0.0407	0.0407	0.0000	0.0085	0.0019	0.0067	0.9157	0.8045	0.1111	0.1542	0.1480	0.0063	0.7614	0.6566	0.1049	0.3608	0.1976	0.1632	0.0729	0.0712	0.0016	0.2879	0.1264	0.1616	3.2423	0.0579	86.8482	0.1105	0.1126	0.0506	17.5663	0.0527	91.5014	0.1364	0.2153	0.0409	0.5588	0.5712	0.0174	0.0296	0.0147	0.0412
70	128	0.5788	10	1	1	0	0	0	0	0	0	N	N	N	N	N	N	N	N	N	N	N	N	0.0038	0.0376	0.0207	0.4382	0.0448	inf	0.0006	0.0089	0.0000	0.0000	0.0000	0.0000	0.0000	0.0001	0.0000	0.0000	0.0000	0.0008	0.0000	0.0013	0.0000	0.0000	0.0000	0.0028	0.0000	0.0015	13.1885	122.3147	0.0000	0.0000	19.6565	2.0107	4.0504	1.9995	0.0000	0.0000	0.0000	0.0000	0.0000	0.0000	0.0000	0.0000	0.0000	0.0000	0.0000	0.0000	0.0000	0.0000	0.0000	0.0000	0.0000	0.0000	0.1873	0.1683	0.0190	0.0790	0.0748	0.0043	0.1083	0.0935	0.0147	0.0439	0.0279	0.0160	0.0165	0.0148	0.0018	0.0274	0.0131	0.0143	0.0061	0.0376	0.0207	0.4382	0.0448	inf	0.0023	0.0000	0.0089	0.0005	0.0000	0.0013	0.0000	0.0000	0.0000	0.0008	0.0000	0.0015	
70	129	0.5666	9	1	1	0	0	0	0	0	0	N	N	N	N	N	N	N	N	N	N	N	N	0.0258	0.1888	0.0000	0.5854	0.5731	0.0000	0.0000	0.0000	0.0000	0.0010	0.0011	0.0000	0.0022	0.0023	0.0000	0.0000	0.0000	0.0000	0.0377	0.0057	0.0342	0.0038	0.0040	0.0024	0.1191	0.0001	0.0345	0.0000	5.3791	-0.0002	0.0001	19.6565	5.6459	4.0504	1.1399	0.0006	0.0006	0.0000	0.0006	0.0006	0.0000	0.0000	0.0000	0.0000	0.0006	0.0001	0.0005	0.0001	0.0001	0.0000	0.0005	0.0000	0.0005	0.6123	0.5557	0.0566	0.2698	0.2573	0.0125	0.3425	0.2984	0.0441	0.0849	0.0524	0.0325	0.0307	0.0278	0.0030	0.0542	0.0246	0.0295	0.1278	0.5542	0.0000	0.6250	0.6343	0.0000	0.0000	0.0000	0.0000	0.0076	0.0019	0.0167	0.0035	0.0036	0.0024	0.0099	0.0000	0.0182
70	130	0.5363	8	0	0	0	0	0	0	0	0	N	N	N	N	N	N	N	N	N	N	N	N	2.3074	3.6146	19.2279	10.1158	11.7312	4.0951	2.8287	17.5489	29.5709	1.1025	0.1859	8.5592	0.2786	0.2864	0.1611	1.7874	0.0938	11.4856	0.4778	0.0514	0.4451	0.0275	0.0244	0.0393	0.6319	0.0053	0.3884	5.6614	6.8291	0.8448	0.0022	19.6565	11.6079	4.0504	5.3766	1.5012	0.2254	1.2758	0.1722	0.1660	0.0062	1.3290	0.0594	1.2696	0.0092	0.0012	0.0080	0.0014	0.0012	0.0003	0.0078	0.0000	0.0078	1.3616	1.2125	0.1491	0.6181	0.5796	0.0385	0.7435	0.6330	0.1105	0.2540	0.1542	0.0997	0.0937	0.0861	0.0077	0.1602	0.0681	0.0921	30.4883	24.4363	106.5612	18.4898	21.2719	4.8686	36.8509	452.2859	136.3243	0.0362	0.0076	0.0803	0.0151	0.0135	0.0331	0.0485	0.0002	0.0843
70	131	0.5184	7	0	0	0	0	0	0	0	0	N	N	N	N	N	N	N	N	N	N	N	N	0.9147	0.8543	1.0840	1.4234	2.1179	0.2130	0.7978	0.9051	1.3690	0.9569	0.5445	3.7439	0.8706	0.9015	0.4876	1.0280	0.2157	4.8963	1.0462	0.6374	3.4539	0.6116	0.4257	2.2888	1.2885	0.2383	3.5765	1.0175	10.3189	0.1097	0.0319	19.6565	3.9355	4.0504	8.7078	0.5052	0.2504	0.2548	0.2074	0.1987	0.0087	0.2977	0.0516	0.2461	0.1125	0.0099	0.1026	0.0137	0.0097	0.0040	0.0988	0.0002	0.0986	0.5279	0.4598	0.0680	0.2383	0.2205	0.0178	0.2896	0.2394	0.0503	0.2896	0.1792	0.1104	0.1218	0.1142	0.0076	0.1678	0.0650	0.1029	2.4634	9.8176	4.0299	7.7282	10.5806	0.9236	1.7464	67.8933	5.1084	0.3885	0.0555	0.9290	0.1126	0.0852	0.5279	0.5886	0.0032	0.9585
70	132	0.5067	6	0	0	0	0	0	0	0	0	N	N	N	N	N	N	N	N	N	N	N	N	0.6064	0.5518	0.4901	0.9769	1.0714	1.3874	0.3928	0.1982	0.6320	0.5536	0.4440	1.2421	0.7030	0.7399	0.3251	0.4277	0.1676	1.6285	0.9129	0.8046	2.5347	0.7196	0.6906	0.2343	1.0887	0.8459	2.5767	0.4452	2.6222	0.0100	0.0041	19.6565	6.2657	4.0504	3.9760	0.4763	0.3296	0.1467	0.2766	0.2652	0.0114	0.1997	0.0643	0.1353	0.0430	0.0119	0.0312	0.0113	0.0106	0.0008	0.0317	0.0013	0.0304	0.8604	0.7423	0.1181	0.3935	0.3585	0.0350	0.4669	0.3838	0.0831	0.2070	0.1302	0.0768	0.0858	0.0791	0.0067	0.1212	0.0511	0.0701	2.6623	4.8646	3.0619	5.3178	5.5311	2.8599	1.6352	6.5607	3.7551	0.2079	0.0913	0.4057	0.1322	0.1338	0.1137	0.2615	0.0256	0.4337
70	133	0.4294	5	0	0	0	0	0	0	0	0	N	N	N	N	N	N	N	N	N	N	N	N	0.3180	0.1954	4.4207	0.3366	0.3348	8.0211	0.3664	0.1629	6.0047	0.2292	0.1740	0.6713	0.3256	0.3375	0.1604	0.1669	0.0594	0.8293	0.7208	0.8906	0.1519	0.9674	1.0079	0.0200	0.4554	0.3644	0.1381	0.4815	0.2509	0.0237	-0.0280	19.6565	26.7012	4.0504	18.2690	0.6250	0.4219	0.2031	0.3487	0.3373	0.0115	0.2762	0.0846	0.1917	0.0654	0.0523	0.0131	0.0516	0.0512	0.0004	0.0138	0.0011	0.0127	2.7265	2.4239	0.3026	1.0710	0.9995	0.0715	1.6555	1.4244	0.2311	0.7545	0.4643	0.2902	0.2703	0.2487	0.0216	0.4842	0.2156	0.2686	2.6459	1.5464	14.8596	1.7053	1.6395	8.0211	5.8757	11.9319	17.5675	0.0866	0.1125	0.0452	0.1910	0.2058	0.0200	0.0284	0.0050	0.0472
70	134	0.1913	4	0	0	0	0	0	0	0	0	N	N	N	N	N	N	N	N	N	N	N	N	0.4508	0.4056	0.4098	0.2756	0.2600	5.1899	0.4719	0.3040	0.4691	0.3860	0.3570	0.6280	0.2004	0.1905	0.3902	0.4560	0.4255	0.6627	0.8563	0.8801	1.5324	0.7273	0.7328	0.0752	0.9664	1.3997	1.4127	0.2112	1.4133	-0.2305	-0.0092	19.6565	61.4372	4.0504	55.8589	2.0441	1.6877	0.3564	0.2908	0.2626	0.0282	1.7533	1.4251	0.3282	0.2153	0.0892	0.1261	0.0324	0.0315	0.0009	0.1829	0.0577	0.1252	5.2957	4.7282	0.5675	1.4509	1.3787	0.0722	3.8448	3.3495	0.4953	1.4428	0.8035	0.6393	0.2416	0.2245	0.0171	1.2012	0.5790	0.6222	2.5867	3.2150	3.1843	1.4936	1.3571	7.3667	2.9953	4.2697	3.2939	0.1492	0.1110	0.1972	0.1342	0.1404	0.0530	0.1522	0.0996	0.2012
70	135	0.1010	3	0	0	0	0	0	0	0	0	N	N	N	N	N	N	N	N	N	N	N	N	0.9202	0.7848	1.4203	0.9259	0.9553	271.7313	0.8640	0.6311	1.7973	0.6753	0.7144	0.3850	1.3375	1.3794	0.3295	0.5410	0.5647	0.3883	0.7339	0.9102	0.2711	1.4446	1.4439	0.0012	0.6261	0.8947	0.2161	0.0724	0.4480	-0.4297	-0.0248	19.6565	31.7621	4.0504	18.5886	1.9565	1.8244	0.1321	0.6537	0.6473	0.0064	1.3028	1.1771	0.1256	0.0777	0.0537	0.0240	0.0438	0.0438	0.0000	0.0339	0.0099	0.0240	2.8970	2.5539	0.3431	0.4888	0.4692	0.0195	2.4082	2.0847	0.3235	0.8533	0.4596	0.3936	0.1305	0.1264	0.0040	0.7228	0.3332	0.3896	7.4152	6.1175	6.3031	3.9823	3.9803	271.7313	11.5357	19.0854	6.2939	0.0911	0.1168	0.0611	0.3359	0.3466	0.0012	0.0469	0.0296	0.0617
71	72	0.1088	4	2	2	1	0	0	0	0	0	Y	Y	N	N	N	N	N	N	N	N	N	N	0.9283	0.0012	inf	0.0379	0.0057	inf	inf	inf	0.0082	0.0000	0.0653	0.0010	0.0002	0.0349	0.0095	0.0000	0.0662	0.0089	0.0223	0.0000	0.0263	0.0281	0.0000	0.0000	0.0000	0.0000	364.9788	0.0000	0.0009	-0.0002	17.5448	1.8980	6.0013	2.9698	0.0013	0.0000	0.0013	0.0000	0.0000	0.0000	0.0013	0.0000	0.0013	0.0003	0.0003	0.0000	0.0003	0.0003	0.0000	0.0000	0.0000	0.0000	0.1561	0.1365	0.0197	0.0225	0.0219	0.0005	0.1337	0.1145	0.0191	0.1091	0.0660	0.0431	0.0230	0.0224	0.0006	0.0861	0.0436	0.0425	2.7225	0.0052	inf	0.0694	0.0109	inf	inf	0.0000	inf	0.0030	0.0050	0.0000	0.0144	0.0147	0.0000	0.0000	0.0000	0.0000	
71	73	0.0892	3	2	1	1	0	0	0	0	0	Y	N	N	N	N	N	N	N	N	N	N	N	41.2580	0.0218	2199.2561	0.0386	0.0373	4.1211	116.2390	0.0054	2273.4210	0.9340	0.0013	6.5399	0.0021	0.0021	0.0045	1.4488	0.0007	6.7911	0.0226	0.0590	0.0030	0.0551	0.0561	0.0011	0.0125	0.1349	0.0030	845.1136	0.2676	0.4009	-0.0004	17.5448	3.5853	6.0013	4.3819	0.5633	0.0007	0.5626	0.0005	0.0004	0.0000	0.5628	0.0002	0.5626	0.0009	0.0007	0.0002	0.0006	0.0006	0.0000	0.0003	0.0001	0.0002	0.6031	0.5171	0.0860	0.2146	0.2114	0.0032	0.3885	0.3056	0.0828	0.1529	0.0887	0.0641	0.0233	0.0227	0.0006	0.1296	0.0660	0.0635	158.2484	0.1605	2202.1500	0.0866	0.0830	4.1211	569.3625	0.3455	2273.4210	0.0059	0.0080	0.0030	0.0246	0.0252	0.0011	0.0025	0.0021	0.0030
71	74	0.0577	2	2	1	1	0	0	0	0	0	Y	N	N	N	N	N	N	N	N	N	N	N	0.2144	0.1245	16.4669	0.8195	0.8925	0.1171	0.1584	0.0841	24.6836	0.4828	0.5277	0.2624	0.7972	0.8637	0.0009	0.3760	0.3960	0.2965	2.2512	4.2388	0.0159	0.9728	0.9677	0.0077	2.3734	4.7076	0.0120	0.1015	0.0018	-0.1247	-0.4504	17.5448	12.3589	6.0013	7.3592	0.6395	0.5805	0.0589	0.2676	0.2676	0.0000	0.3719	0.3129	0.0589	0.7188	0.7175	0.0013	0.0034	0.0034	0.0000	0.7153	0.7141	0.0013	1.3247	1.1001	0.2246	0.3357	0.3098	0.0259	0.9890	0.7902	0.1987	0.3193	0.1693	0.1500	0.0179	0.0176	0.0003	0.3014	0.1517	0.1497	0.2144	0.1245	30.7149	4.1436	4.4156	0.1171	0.1584	0.0841	34.6942	2.2512	4.2388	0.0085	0.1924	0.1956	0.0077	2.3734	4.7076	0.0085
71	79	0.2060	6	1	2	0	0	0	0	0	0	N	Y	N	N	N	N	N	N	N	N	N	N	22.9735	11.0716	0.0835	11.7232	11.2566	inf	0.0000	0.0000	0.0003	0.0003	0.0000	0.0013	0.0014	0.0000	0.0000	0.0000	0.0000	0.0000	0.0000	0.0000	0.0001	0.0001	0.0000	0.0000	0.0000	0.0000	0.0000	0.0043	-0.0001	-0.0000	17.5448	23.9173	6.0013	17.8091	0.0005	0.0005	0.0000	0.0005	0.0005	0.0000	0.0000	0.0000	0.0000	0.0000	0.0000	0.0000	0.0000	0.0000	0.0000	0.0000	0.0000	0.0000	1.6281	1.4412	0.1869	0.3718	0.3496	0.0222	1.2564	1.0917	0.1647	0.4995	0.2686	0.2309	0.0580	0.0523	0.0056	0.4415	0.2163	0.2253	22.9735	14.0150	0.0835	11.7232	11.2566	inf	0.0000	0.0000	0.0000	0.0000	0.0000	0.0000	0.0001	0.0001	0.0000	0.0000	0.0000	0.0000	
71	80	0.1900	5	1	2	0	0	0	0	0	0	N	Y	N	N	N	N	N	N	N	N	N	N	40.1882	133.0180	0.0000	176.6742	177.8351	0.0010	inf	0.0000	0.0021	0.0023	0.0000	0.0098	0.0104	0.0000	0.0000	0.0000	0.0000	0.0001	0.0000	0.0001	0.0001	0.0001	0.0000	0.0001	0.0000	0.0001	0.0000	4.4805	-0.0003	0.0000	17.5448	6.1279	6.0013	3.6878	0.0009	0.0009	0.0000	0.0009	0.0009	0.0000	0.0000	0.0000	0.0000	0.0000	0.0000	0.0000	0.0000	0.0000	0.0000	0.0000	0.0000	0.0000	0.4292	0.3788	0.0503	0.0909	0.0855	0.0053	0.3383	0.2933	0.0450	0.1503	0.0893	0.0609	0.0255	0.0242	0.0013	0.1247	0.0652	0.0596	40.1882	148.3724	0.0000	176.6742	177.8351	0.0000	0.0028	inf	0.0000	0.0001	0.0000	0.0001	0.0001	0.0001	0.0000	0.0001	0.0000	0.0001	
71	81	0.2781	9	2	1	1	0	0	0	0	0	Y	N	N	N	N	N	N	N	N	N	N	N	440.8339	182.3983	2592.4684	119.3673	114.1167	424.5509	376.9644	inf	2946.1962	0.5422	0.5965	0.1186	1.8845	1.9885	0.0024	0.0189	0.0002	0.1359	0.0012	0.0033	0.0000	0.0158	0.0174	0.0000	0.0001	0.0000	0.0000	0.0255	0.0349	-0.2866	-0.0002	17.5448	27.2690	6.0013	12.3406	1.0926	1.0654	0.0271	1.0652	1.0651	0.0001	0.0274	0.0003	0.0271	0.0003	0.0003	0.0000	0.0003	0.0003	0.0000	0.0000	0.0000	0.0000	2.0149	1.7862	0.2287	0.5652	0.5356	0.0296	1.4496	1.2505	0.1991	0.4783	0.2419	0.2365	0.0313	0.0292	0.0022	0.4470	0.2127	0.2343	808.5377	465.4014	2592.4684	190.5335	187.0505	424.5509	780.5131	inf	2946.1962	0.0007	0.0013	0.0000	0.0099	0.0106	0.0000	0.0000	0.0000	0.0000
71	82	0.2627	8	1	1	0	0	0	0	0	0	N	N	N	N	N	N	N	N	N	N	N	N	9041.2865	958.1156	135889.9611	244.9166	222.2545	883.8579	16679.7353	83.7064	164594.2385	2.5841	0.4580	22.1955	0.9799	1.0218	0.0222	3.7522	0.0014	27.0759	0.0003	0.0005	0.0002	0.0040	0.0046	0.0000	0.0002	0.0000	0.0002	5.2539	0.4730	1.2858	-0.0000	17.5448	9.0798	6.0013	0.9519	2.3253	0.3718	1.9535	0.3715	0.3712	0.0004	1.9537	0.0006	1.9531	0.0000	0.0000	0.0000	0.0000	0.0000	0.0000	0.0000	0.0000	0.0000	0.8998	0.8118	0.0880	0.3792	0.3633	0.0159	0.5207	0.4486	0.0721	0.1214	0.0596	0.0618	0.0058	0.0053	0.0005	0.1156	0.0543	0.0613	9975.0130	1277.8250	135889.9611	266.3231	253.1029	883.8579	42992.3864	31255.1036	164594.2385	0.0003	0.0004	0.0002	0.0037	0.0040	0.0000	0.0001	0.0000	0.0002
71	83	0.1900	5	1	2	0	0	0	0	0	0	N	Y	N	N	N	N	N	N	N	N	N	N	19357.8267	10383.7401	0.0000	28.3167	27.1632	127962185.1850	inf	0.0000	0.4452	0.5037	0.0000	0.0060	0.0063	0.0000	0.5615	0.6465	0.0000	0.0000	0.0000	0.0000	0.0002	0.0002	0.0000	0.0000	0.0000	0.0000	0.0000	0.0002	-0.1812	-0.0000	17.5448	21.0000	6.0013	14.4214	0.6311	0.6311	0.0000	0.0018	0.0018	0.0000	0.6293	0.6293	0.0000	0.0000	0.0000	0.0000	0.0000	0.0000	0.0000	0.0000	0.0000	0.0000	1.4176	1.2529	0.1646	0.2968	0.2795	0.0173	1.1207	0.9734	0.1473	0.4349	0.2340	0.2009	0.0475	0.0429	0.0046	0.3874	0.1911	0.1963	19357.8267	11786.8873	0.0000	28.3167	27.1632	0.0000	127962185.1850	inf	0.0000	0.0000	0.0000	0.0000	0.0002	0.0002	0.0000	0.0000	0.0000	0.0000	
71	84	0.2476	9	1	1	1	0	0	0	0	0	N	N	N	N	N	N	N	N	N	N	N	N	344.6658	405.2944	0.0000	0.2345	0.2179	0.0000	324.4297	inf	0.0000	0.0204	0.0230	0.0000	0.0001	0.0001	0.0000	0.0278	0.0321	0.0000	0.0001	0.0001	0.0001	0.0002	0.0003	0.0001	0.0001	0.0000	0.0001	0.0000	1.1465	-0.0085	-0.0000	17.5448	20.4085	6.0013	11.0867	0.0298	0.0298	0.0000	0.0000	0.0000	0.0000	0.0297	0.0297	0.0000	0.0000	0.0000	0.0000	0.0000	0.0000	0.0000	0.0000	0.0000	0.0000	1.4556	1.2929	0.1627	0.3871	0.3655	0.0216	1.0685	0.9274	0.1411	0.3607	0.1849	0.1758	0.0481	0.0397	0.0084	0.3126	0.1451	0.1674	344.6658	426.8915	0.0000	0.2345	0.2179	0.0000	805.5346	inf	0.0000	0.0001	0.0001	0.0001	0.0002	0.0003	0.0001	0.0000	0.0000	0.0001
71	85	0.2439	8	1	1	1	0	0	0	0	0	N	N	N	N	N	N	N	N	N	N	N	N	0.2716	1.4807	0.0000	0.0981	0.9524	0.0000	2.5367	inf	0.0000	0.0000	0.0001	0.0000	0.0001	0.0001	0.0000	0.0000	0.0000	0.0000	0.0002	0.0000	0.0004	0.0010	0.0001	0.0073	0.0000	0.0000	0.0000	0.0000	9.9552	-0.0000	0.0000	17.5448	3.1287	6.0013	1.1816	0.0000	0.0000	0.0000	0.0000	0.0000	0.0000	0.0000	0.0000	0.0000	0.0000	0.0000	0.0000	0.0000	0.0000	0.0000	0.0000	0.0000	0.0000	0.2986	0.2680	0.0306	0.1033	0.0988	0.0045	0.1953	0.1693	0.0261	0.0592	0.0325	0.0267	0.0105	0.0092	0.0013	0.0487	0.0233	0.0254	0.2716	1.8223	0.0000	0.0981	0.9524	0.0000	3.2060	inf	0.0000	0.0002	0.0000	0.0004	0.0010	0.0001	0.0073	0.0000	0.0000	0.0000
71	86	0.2370	7	1	1	0	0	0	0	0	0	N	N	N	N	N	N	N	N	N	N	N	N	249.5910	166.8298	0.0000	166.6411	170.3167	0.0000	128.3844	15.1572	0.0000	0.0054	0.0061	0.0000	0.0168	0.0177	0.0000	0.0007	0.0008	0.0000	0.0000	0.0000	0.0000	0.0001	0.0001	0.0001	0.0000	0.0000	0.0000	0.0000	0.3595	-0.0005	-0.0000	17.5448	4.0532	6.0013	2.2470	0.0018	0.0018	0.0000	0.0016	0.0016	0.0000	0.0001	0.0001	0.0000	0.0000	0.0000	0.0000	0.0000	0.0000	0.0000	0.0000	0.0000	0.0000	0.3253	0.2909	0.0344	0.0963	0.0915	0.0049	0.2290	0.1994	0.0296	0.0889	0.0486	0.0403	0.0155	0.0137	0.0018	0.0734	0.0349	0.0385	249.5910	207.4011	0.0000	166.6411	170.3167	0.0000	128.3844	5727.6729	0.0000	0.0000	0.0000	0.0000	0.0001	0.0001	0.0001	0.0000	0.0000	0.0000
71	87	0.2138	6	1	1	0	0	0	0	0	0	N	N	N	N	N	N	N	N	N	N	N	N	601.3470	297.5758	3.1119	497.1023	463.4929	0.0962	0.5486	0.0002	4.1253	1.8234	2.0251	0.0001	4.6857	4.9180	0.0000	0.0000	0.0000	0.0001	0.0030	0.0068	0.0000	0.0094	0.0106	0.0001	0.0000	0.0002	0.0000	0.0000	0.0095	-0.2236	-0.0002	17.5448	4.7288	6.0013	9.8540	0.7786	0.7786	0.0000	0.7786	0.7786	0.0000	0.0000	0.0000	0.0000	0.0003	0.0003	0.0000	0.0003	0.0003	0.0000	0.0000	0.0000	0.0000	0.4270	0.3845	0.0425	0.1662	0.1583	0.0078	0.2609	0.2262	0.0347	0.2334	0.1364	0.0970	0.0453	0.0426	0.0027	0.1881	0.0938	0.0943	1387.9623	909.2025	3.1119	698.3271	689.6511	0.0962	1.0664	0.0682	4.1253	0.0013	0.0022	0.0000	0.0067	0.0071	0.0001	0.0000	0.0000	0.0000
71	88	0.1900	5	1	1	0	0	0	0	0	0	N	N	N	N	N	N	N	N	N	N	N	N	3404.4122	20197.7144	0.0000	10275.0476	20991.0810	0.0000	0.0002	0.0091	0.0000	1.3182	1.4930	0.0000	6.2406	6.6290	0.0000	0.0000	0.0000	0.0000	0.0004	0.0001	0.0006	0.0006	0.0003	0.0046	0.0007	0.0000	0.0005	0.0000	6.4632	-0.2273	0.0000	17.5448	8.6320	6.0013	7.0881	0.7917	0.7917	0.0000	0.7917	0.7917	0.0000	0.0000	0.0000	0.0000	0.0001	0.0000	0.0001	0.0000	0.0000	0.0000	0.0000	0.0000	0.0000	0.6006	0.5303	0.0704	0.1269	0.1194	0.0074	0.4738	0.4109	0.0629	0.2187	0.1241	0.0947	0.0309	0.0288	0.0021	0.1879	0.0953	0.0926	4251.7606	20387.0376	0.0000	10275.0476	20991.0810	0.0000	0.0005	3.3741	0.0000	0.0003	0.0001	0.0006	0.0006	0.0003	0.0046	0.0003	0.0000	0.0005
71	89	0.2577	7	1	2	0	0	0	0	0	0	N	Y	N	N	N	N	N	N	N	N	N	N	10352.3233	12480.8565	0.0801	9198.1402	8820.4773	15.0963	0.0008	inf	0.0031	0.8305	0.9305	0.0000	2.6438	2.7874	0.0000	0.0000	0.0000	0.0000	0.0001	0.0001	0.0001	0.0003	0.0003	0.0000	0.0001	0.0000	0.0001	0.0000	1.0001	-0.2844	-0.0000	17.5448	15.4622	6.0013	5.2688	0.9904	0.9904	0.0000	0.9904	0.9904	0.0000	0.0000	0.0000	0.0000	0.0000	0.0000	0.0000	0.0000	0.0000	0.0000	0.0000	0.0000	0.0000	1.1925	1.0643	0.1282	0.3746	0.3553	0.0193	0.8179	0.7090	0.1089	0.2513	0.1355	0.1157	0.0351	0.0319	0.0032	0.2162	0.1036	0.1125	10352.3233	12512.4468	0.0801	9198.1402	8820.4773	15.0963	0.0021	inf	0.0031	0.0001	0.0001	0.0001	0.0003	0.0003	0.0000	0.0000	0.0000	0.0001
71	90	0.2460	6	1	1	0	0	0	0	0	0	N	N	N	N	N	N	N	N	N	N	N	N	235.3230	1985.1813	31.8925	1731.9526	1867.4098	5.3307	4.0550	inf	36.7269	0.0192	0.0207	0.0058	0.0540	0.0569	0.0002	0.0010	0.0001	0.0069	0.0001	0.0000	0.0002	0.0000	0.0000	0.0000	0.0002	0.0000	0.0002	0.0314	12.4489	-0.0033	0.0000	17.5448	7.5917	6.0013	1.5198	0.0128	0.0124	0.0004	0.0123	0.0123	0.0000	0.0004	0.0001	0.0004	0.0000	0.0000	0.0000	0.0000	0.0000	0.0000	0.0000	0.0000	0.0000	0.6639	0.5963	0.0675	0.2279	0.2166	0.0114	0.4359	0.3797	0.0562	0.1395	0.0811	0.0584	0.0305	0.0278	0.0027	0.1090	0.0533	0.0558	235.3230	1985.3058	31.8925	1731.9526	1867.4098	5.3307	10.4540	inf	36.7269	0.0001	0.0000	0.0002	0.0000	0.0000	0.0000	0.0001	0.0000	0.0002
71	91	0.3552	10	2	1	1	0	0	0	0	0	Y	N	N	N	N	N	N	N	N	N	N	N	inf	inf	inf	inf	inf	inf	0.1401	0.1580	0.0000	0.5134	0.5456	0.0000	0.0000	0.0000	0.0000	0.0000	0.0000	0.0000	0.0000	0.0000	0.0000	0.0000	0.0000	0.0000	0.0000	-0.0085	0.0000	17.5448	3.0317	6.0013	0.1644	0.0297	0.0297	0.0000	0.0297	0.0297	0.0000	0.0000	0.0000	0.0000	0.0000	0.0000	0.0000	0.0000	0.0000	0.0000	0.0000	0.0000	0.0000	0.2121	0.1881	0.0240	0.0579	0.0545	0.0034	0.1542	0.1336	0.0206	0.0365	0.0181	0.0184	0.0022	0.0020	0.0003	0.0343	0.0161	0.0182	inf	inf	0.0000	inf	inf	0.0000	inf	inf	0.0000	0.0000	0.0000	0.0000	0.0000	0.0000	0.0000	0.0000	0.0000	0.0000				
71	92	0.3494	9	2	1	1	0	0	0	0	0	Y	N	N	N	N	N	N	N	N	N	N	N	1.3627	0.5314	2963.3530	0.3721	0.3289	inf	761.6938	2.0387	847.4480	0.0017	0.0018	0.0007	0.0042	0.0043	0.0034	0.0002	0.0002	0.0002	0.0012	0.0033	0.0000	0.0114	0.0130	0.0000	0.0000	0.0001	0.0000	0.0449	0.0002	-0.0001	-0.0000	17.5448	2.6632	6.0013	1.0147	0.0004	0.0004	0.0000	0.0004	0.0004	0.0000	0.0000	0.0000	0.0000	0.0000	0.0000	0.0000	0.0000	0.0000	0.0000	0.0000	0.0000	0.0000	0.2420	0.2183	0.0237	0.0867	0.0828	0.0039	0.1553	0.1355	0.0198	0.0450	0.0231	0.0220	0.0038	0.0036	0.0003	0.0412	0.0195	0.0217	2.4883	1.3518	2963.3530	0.5413	0.5086	inf	761.6938	631.5790	847.4480	0.0007	0.0013	0.0000	0.0078	0.0084	0.0000	0.0000	0.0000	0.0000
71	93	0.2662	8	2	1	1	0	0	0	0	0	Y	N	N	N	N	N	N	N	N	N	N	N	0.9643	0.5355	2515.8937	0.1004	0.0969	0.2313	988.1238	46.8709	96147.5074	1.8018	2.0086	0.0983	2.7818	2.9185	0.0008	1.4128	1.6117	0.1120	1.8684	3.7510	0.0000	27.7077	30.1220	0.0035	0.0014	0.0344	0.0000	0.0059	0.0000	-1.3014	-0.6250	17.5448	35.0787	6.0013	12.2568	4.6277	4.6004	0.0273	2.0300	2.0300	0.0000	2.5977	2.5703	0.0273	0.9946	0.9946	0.0000	0.9944	0.9944	0.0000	0.0002	0.0002	0.0000	2.5684	2.2903	0.2781	0.7298	0.6956	0.0342	1.8387	1.5948	0.2439	0.5323	0.2652	0.2672	0.0359	0.0330	0.0029	0.4964	0.2321	0.2643	0.9643	0.5355	2515.8937	0.1004	0.0969	0.2313	3059.9586	1634.5280	96147.5074	1.8684	3.7510	0.0000	27.7077	30.1220	0.0035	0.0005	0.0010	0.0000
71	94	0.2527	7	2	1	0	0	0	0	0	0	Y	N	N	N	N	N	N	N	N	N	N	N	1.3406	1.0038	57.1909	0.2693	0.2796	0.0109	133.0680	7.6799	120.9122	0.6890	0.7513	0.1104	0.5173	0.5358	0.0018	0.7905	0.8933	0.1269	0.5140	0.7485	0.0019	1.9207	1.9160	0.1692	0.0059	0.1163	0.0010	0.0158	0.0236	-0.1658	-0.0034	17.5448	8.4810	6.0013	2.3446	0.6105	0.6010	0.0095	0.1703	0.1703	0.0000	0.4402	0.4307	0.0095	0.0056	0.0055	0.0001	0.0054	0.0054	0.0001	0.0002	0.0001	0.0001	0.8860	0.8000	0.0860	0.3292	0.3178	0.0114	0.5568	0.4821	0.0747	0.1374	0.0701	0.0673	0.0098	0.0091	0.0007	0.1276	0.0609	0.0667	16.8225	9.5773	57.1909	0.9342	0.9116	0.0206	528.7977	450.7669	120.9122	0.0410	0.0784	0.0019	0.5538	0.5877	0.0896	0.0015	0.0020	0.0010
71	95	0.1900	5	1	2	0	1	0	0	0	0	N	Y	N	N	N	N	N	N	N	N	N	N	9913.0149	5968.4973	4835.1764	4593.6786	inf	inf	0.5693	0.6439	0.0000	2.7199	2.8879	0.0000	0.0011	0.0013	0.0000	0.0001	0.0001	0.0000	0.0006	0.0006	0.0000	0.0000	0.0000	0.0000	0.0000	0.0000	-0.2630	-0.0000	17.5448	24.0032	6.0013	22.6134	0.9158	0.9158	0.0000	0.9144	0.9144	0.0000	0.0014	0.0014	0.0000	0.0000	0.0000	0.0000	0.0000	0.0000	0.0000	0.0000	0.0000	0.0000	1.6086	1.4222	0.1864	0.3362	0.3166	0.0196	1.2725	1.1056	0.1669	0.5497	0.2926	0.2571	0.0561	0.0502	0.0059	0.4936	0.2424	0.2512	9913.0149	5968.4973	0.0000	4835.1764	4593.6786	0.0000	inf	inf	0.0000	0.0001	0.0001	0.0000	0.0006	0.0006	0.0000	0.0000	0.0000	0.0000			
71	96	0.4266	7	1	2	0	0	0	0	0	0	N	Y	N	N	N	N	N	N	N	N	N	N	6381.3280	4261.6882	0.0000	0.9373	0.8868	0.0000	2720613.9700	inf	0.0000	0.6871	0.7671	0.0000	0.0003	0.0004	0.0000	0.9568	1.0933	0.0000	0.0001	0.0002	0.0000	0.0004	0.0004	0.0000	0.0000	0.0000	0.0000	0.0000	0.0027	-0.2866	-0.0000	17.5448	18.5150	6.0013	10.2301	0.9981	0.9981	0.0000	0.0001	0.0001	0.0000	0.9980	0.9980	0.0000	0.0000	0.0000	0.0000	0.0000	0.0000	0.0000	0.0000	0.0000	0.0000	1.4526	1.3012	0.1514	0.4096	0.3884	0.0212	1.0431	0.9128	0.1302	0.4430	0.2763	0.1667	0.1330	0.1193	0.0137	0.3099	0.1570	0.1529	6381.3280	4455.4876	0.0000	0.9373	0.8868	0.0000	2720613.9700	inf	0.0000	0.0001	0.0002	0.0000	0.0004	0.0004	0.0000	0.0000	0.0000	0.0000
71	97	0.2191	6	1	2	0	0	0	0	0	0	N	Y	N	N	N	N	N	N	N	N	N	N	1215.2430	851.5136	0.0000	130.8319	181.8716	0.0000	16918.3477	60389.0565	0.0000	0.9723	1.0960	0.0000	1.4085	1.4908	0.0000	0.8523	0.9782	0.0000	0.0008	0.0013	0.0003	0.0108	0.0082	0.0202	0.0001	0.0000	0.0000	0.0000	0.4820	-0.8361	-0.0001	17.5448	46.1140	6.0013	26.4917	2.9117	2.9117	0.0000	0.9105	0.9105	0.0000	2.0012	2.0012	0.0000	0.0004	0.0003	0.0001	0.0004	0.0003	0.0001	0.0000	0.0000	0.0000	2.9945	2.6566	0.3379	0.6464	0.6107	0.0357	2.3481	2.0459	0.3022	0.7809	0.3936	0.3873	0.0487	0.0434	0.0053	0.7322	0.3502	0.3820	1980.9138	1667.9186	0.0000	187.7169	250.2369	0.0000	35007.4635	22835776.1417	0.0000	0.0005	0.0007	0.0003	0.0075	0.0060	0.0202	0.0000	0.0000	0.0000
71	98	0.4796	9	1	2	0	0	0	0	0	0	N	Y	N	N	N	N	N	N	N	N	N	N	0.1223	0.0611	0.0563	0.0228	0.0205	882.9015	18.2378	0.0415	0.0001	0.0001	0.0000	0.0000	0.0000	0.0000	0.0001	0.0001	0.0000	0.0007	0.0017	0.0000	0.0016	0.0018	0.0000	0.0000	0.0000	0.0000	0.0000	0.0002	-0.0000	-0.0001	17.5448	20.7840	6.0013	8.9470	0.0001	0.0001	0.0000	0.0000	0.0000	0.0000	0.0001	0.0001	0.0000	0.0001	0.0001	0.0000	0.0001	0.0001	0.0000	0.0000	0.0000	0.0000	1.3616	1.2252	0.1364	0.5311	0.5045	0.0266	0.8305	0.7208	0.1098	0.2770	0.1658	0.1113	0.0828	0.0706	0.0121	0.1943	0.0951	0.0991	0.1933	0.1286	0.0563	0.0228	0.0205	0.0000	882.9015	8627.0394	0.0415	0.0005	0.0008	0.0000	0.0016	0.0018	0.0000	0.0000	0.0000	0.0000	
71	99	0.4746	8	1	1	0	0	0	0	0	0	N	N	N	N	N	N	N	N	N	N	N	N	1.8445	2.7287	0.0326	36.5858	38.7612	22.4288	0.0602	0.0067	0.0024	0.0241	0.0269	0.0003	0.0367	0.0407	0.0005	0.0024	0.0027	0.0000	0.0130	0.0099	0.0085	0.0010	0.0011	0.0000	0.0398	0.4079	0.0073	0.0012	1.4280	-0.0055	-0.0000	17.5448	2.7834	6.0013	1.0450	0.0191	0.0190	0.0000	0.0184	0.0183	0.0000	0.0007	0.0007	0.0000	0.0003	0.0001	0.0002	0.0000	0.0000	0.0000	0.0003	0.0001	0.0002	0.7924	0.7081	0.0843	0.5004	0.4504	0.0499	0.2920	0.2576	0.0344	0.0846	0.0486	0.0360	0.0307	0.0293	0.0014	0.0539	0.0193	0.0346	5.9523	9.2764	0.0497	36.5858	38.7612	22.4288	0.4150	0.4753	0.0030	0.0040	0.0029	0.0056	0.0010	0.0011	0.0000	0.0058	0.0057	0.0058
71	100	0.4646	7	1	1	0	0	0	0	0	0	N	N	N	N	N	N	N	N	N	N	N	N	1.3458	1.3586	0.0343	6.9172	6.7142	0.2995	1.5291	1.5014	0.0296	0.4187	0.4655	0.0017	0.4754	0.5178	0.0020	0.3546	0.4037	0.0014	0.3111	0.3426	0.0483	0.0687	0.0771	0.0066	0.2319	0.2689	0.0473	0.0004	0.6706	-0.1539	-0.0012	17.5448	7.6044	6.0013	2.7972	0.5366	0.5364	0.0002	0.3234	0.3233	0.0001	0.2132	0.2131	0.0001	0.0055	0.0033	0.0022	0.0031	0.0030	0.0001	0.0024	0.0002	0.0021	1.2815	1.1522	0.1293	0.6802	0.6243	0.0559	0.6013	0.5280	0.0733	0.2601	0.1634	0.0967	0.1063	0.0957	0.0106	0.1538	0.0677	0.0861	19.9134	23.2344	0.0729	16.2788	16.3314	0.2995	23.0658	114.1728	0.0567	0.0210	0.0200	0.0227	0.0292	0.0317	0.0066	0.0154	0.0035	0.0247
71	101	0.4150	6	1	1	0	0	0	0	0	0	N	N	N	N	N	N	N	N	N	N	N	N	32.1159	210.6160	0.1429	77.4157	81.6148	0.5352	14.2792	25.3503	0.1696	0.8625	0.9614	0.0041	0.1696	0.1783	0.0012	1.1464	1.3103	0.0046	0.0269	0.0046	0.0290	0.0022	0.0022	0.0022	0.0803	0.0517	0.0272	0.0005	5.4108	-0.3702	0.0006	17.5448	18.4780	6.0013	12.4520	1.2914	1.2908	0.0006	0.0738	0.0738	0.0000	1.2176	1.2170	0.0006	0.0030	0.0005	0.0025	0.0003	0.0003	0.0000	0.0027	0.0002	0.0025	1.4974	1.3425	0.1548	0.4352	0.4138	0.0215	1.0622	0.9288	0.1334	0.4574	0.2786	0.1788	0.1304	0.1164	0.0139	0.3270	0.1622	0.1648	132.5283	576.9189	0.2950	77.4157	81.6148	0.5352	139.3104	1012.0896	0.3069	0.0065	0.0017	0.0141	0.0022	0.0022	0.0022	0.0082	0.0013	0.0151
71	102	0.3040	8	1	2	0	0	0	0	0	0	N	Y	N	N	N	N	N	N	N	N	N	N	42.5762	23.6509	0.0390	11.7912	15.0340	0.0070	845.2225	536.5822	0.0635	0.7598	0.8400	0.0001	0.5678	0.5945	0.0006	0.8778	1.0049	0.0000	0.0178	0.0355	0.0035	0.0482	0.0395	0.0809	0.0010	0.0019	0.0006	0.0000	0.3655	-0.6794	-0.0013	17.5448	34.1922	6.0013	22.4626	2.3662	2.3662	0.0000	0.6731	0.6731	0.0000	1.6931	1.6931	0.0000	0.0035	0.0026	0.0009	0.0033	0.0026	0.0008	0.0002	0.0000	0.0002	3.1143	2.8170	0.2973	1.1855	1.1322	0.0533	1.9287	1.6847	0.2440	0.7034	0.4089	0.2945	0.1503	0.1363	0.0140	0.5530	0.2726	0.2804	151.2689	132.7580	0.0421	25.5500	31.4508	0.0104	2531.5790	25736.7500	0.0635	0.0050	0.0063	0.0032	0.0222	0.0189	0.0545	0.0003	0.0000	0.0006
71	103	0.2561	7	1	2	0	0	0	0	0	0	N	Y	N	N	N	N	N	N	N	N	N	N	5.7256	5.6701	0.1540	12.1450	16.6724	0.0143	4.6831	0.8170	0.2799	0.3802	0.4252	0.0031	0.6109	0.6442	0.0015	0.2705	0.3113	0.0034	0.0664	0.0750	0.0204	0.0503	0.0386	0.1079	0.0577	0.3810	0.0123	0.0009	1.0232	-0.2002	-0.0005	17.5448	22.5884	6.0013	11.0115	0.6992	0.6986	0.0006	0.3621	0.3621	0.0000	0.3371	0.3365	0.0006	0.0039	0.0019	0.0020	0.0015	0.0011	0.0004	0.0025	0.0009	0.0016	1.8393	1.6432	0.1960	0.5928	0.5620	0.0308	1.2465	1.0812	0.1653	0.4141	0.2242	0.1899	0.0643	0.0583	0.0060	0.3498	0.1659	0.1839	39.9967	48.9892	0.2993	26.6177	34.8823	0.0233	38.4608	59.4339	0.3968	0.0095	0.0087	0.0105	0.0230	0.0185	0.0662	0.0070	0.0052	0.0087
71	104	0.2261	6	1	1	0	0	0	0	0	0	N	N	N	N	N	N	N	N	N	N	N	N	9.7959	5.1633	0.5715	8.0856	7.3864	348.1845	0.0388	2.5846	0.0000	0.0407	0.0457	0.0002	0.1291	0.1364	0.0013	0.0000	0.0000	0.0000	0.0042	0.0088	0.0004	0.0160	0.0185	0.0000	0.0005	0.0000	0.0004	0.0006	0.1120	-0.0113	-0.0002	17.5448	11.8100	6.0013	8.7888	0.0394	0.0394	0.0000	0.0394	0.0394	0.0000	0.0000	0.0000	0.0000	0.0004	0.0004	0.0000	0.0004	0.0004	0.0000	0.0000	0.0000	0.0000	0.9682	0.8631	0.1051	0.3054	0.2889	0.0165	0.6628	0.5742	0.0887	0.2657	0.1445	0.1212	0.0392	0.0356	0.0035	0.2266	0.1089	0.1177	24.8704	16.8637	0.5715	12.9145	12.4209	348.1845	0.1056	1067.8961	0.0000	0.0016	0.0027	0.0004	0.0100	0.0110	0.0000	0.0002	0.0000	0.0004
71	105	0.1900	5	1	1	0	0	0	0	0	0	N	N	N	N	N	N	N	N	N	N	N	N	48445.8083	25789.0938	5.4060	30501.6765	29782.5525	inf	1476.2083	inf	0.0000	0.9099	1.0301	0.0000	4.3214	4.5896	0.0001	0.0017	0.0020	0.0000	0.0000	0.0000	0.0000	0.0001	0.0002	0.0000	0.0000	0.0000	0.0000	0.0000	0.0572	-0.2639	-0.0000	17.5448	14.7392	6.0013	7.3617	0.9192	0.9192	0.0000	0.9178	0.9178	0.0000	0.0014	0.0014	0.0000	0.0000	0.0000	0.0000	0.0000	0.0000	0.0000	0.0000	0.0000	0.0000	1.0102	0.8923	0.1178	0.2124	0.2000	0.0124	0.7978	0.6924	0.1054	0.2908	0.1607	0.1301	0.0365	0.0335	0.0029	0.2543	0.1271	0.1272	48445.8083	32035.5602	5.4060	30501.6765	29782.5525	inf	1476.2083	inf	0.0000	0.0000	0.0000	0.0000	0.0001	0.0002	0.0000	0.0000	0.0000	0.0000
71	106	0.2627	8	1	2	0	0	0	0	0	0	N	Y	N	N	N	N	N	N	N	N	N	N	2953055.1892	inf	37850.4735	249246.4956	inf	1430.6544	4450264.7670	inf	46073.6669	1.1090	1.2370	0.0276	0.2626	0.2752	0.0136	1.5392	1.7751	0.0301	0.0000	0.0000	0.0000	0.0000	0.0000	0.0000	0.0000	0.0000	0.0000	0.0026	inf	-0.5135	0.0000	17.5448	20.0414	6.0013	7.0324	1.8049	1.8001	0.0047	0.1440	0.1437	0.0004	1.6609	1.6565	0.0044	0.0000	0.0000	0.0000	0.0000	0.0000	0.0000	0.0000	0.0000	0.0000	1.6274	1.4552	0.1722	0.5484	0.5220	0.0264	1.0790	0.9332	0.1458	0.3123	0.1525	0.1598	0.0131	0.0117	0.0014	0.2992	0.1408	0.1584	2953055.1892	inf	37850.4735	249246.4956	inf	1430.6544	4450264.7670	inf	46073.6669	0.0000	0.0000	0.0000	0.0000	0.0000	0.0000	0.0000	0.0000	0.0000
71	107	0.2527	7	1	1	0	0	0	0	0	0	N	N	N	N	N	N	N	N	N	N	N	N	1186.5042	457.1925	117215.5084	144138.9414	153731.5749	106.5658	11.9393	0.0702	177189.7908	1.0916	1.1913	0.1366	2.7454	2.8386	0.0030	0.0242	0.0035	0.1577	0.0009	0.0026	0.0000	0.0000	0.0000	0.0000	0.0020	0.0493	0.0000	0.0120	0.0010	-0.2378	-0.0000	17.5448	7.0315	6.0013	1.2144	0.8638	0.8536	0.0102	0.8522	0.8522	0.0000	0.0116	0.0014	0.0102	0.0001	0.0001	0.0000	0.0000	0.0000	0.0000	0.0001	0.0001	0.0000	0.7913	0.7166	0.0748	0.3104	0.3002	0.0102	0.4809	0.4164	0.0646	0.1074	0.0556	0.0518	0.0086	0.0081	0.0005	0.0988	0.0475	0.0513	1948.2619	1101.8403	117215.5084	144138.9414	153731.5749	106.5658	39.7745	2.7434	177189.7908	0.0006	0.0011	0.0000	0.0000	0.0000	0.0000	0.0006	0.0013	0.0000
71	108	0.2191	6	1	1	0	0	0	0	0	0	N	N	N	N	N	N	N	N	N	N	N	N	236.6321	90.8127	1986.0114	94.8850	86.2369	16.2241	1391.7565	8.1442	5252.0865	0.0842	0.0904	0.0360	0.3439	0.3618	0.0135	0.0054	0.0004	0.0386	0.0004	0.0010	0.0000	0.0036	0.0042	0.0008	0.0000	0.0000	0.0000	0.0508	0.0305	-0.0238	-0.0000	17.5448	16.2725	6.0013	4.4748	0.0996	0.0948	0.0048	0.0947	0.0945	0.0002	0.0049	0.0003	0.0046	0.0001	0.0001	0.0000	0.0001	0.0001	0.0000	0.0000	0.0000	0.0000	1.1828	1.0490	0.1339	0.2753	0.2612	0.0141	0.9076	0.7878	0.1198	0.2620	0.1351	0.1269	0.0221	0.0204	0.0017	0.2400	0.1147	0.1253	284.0132	161.9405	1986.0114	98.9223	98.0175	16.2241	1391.7565	3087.2811	5252.0865	0.0003	0.0006	0.0000	0.0035	0.0037	0.0008	0.0000	0.0000	0.0000
71	109	0.2719	7	1	2	0	0	0	0	0	0	N	Y	N	N	N	N	N	N	N	N	N	N	3889.7947	2070.7051	3.5799	1869.3216	1972.6845	0.0118	1096.4206	inf	121.9091	0.6927	0.7772	0.0001	2.5353	2.6843	0.0000	0.0007	0.0008	0.0002	0.0002	0.0004	0.0000	0.0014	0.0014	0.0013	0.0000	0.0000	0.0000	0.0000	0.1078	-0.5481	-0.0001	17.5448	40.5309	6.0013	14.7974	1.9090	1.9089	0.0000	1.9076	1.9076	0.0000	0.0014	0.0014	0.0000	0.0001	0.0001	0.0000	0.0001	0.0001	0.0000	0.0000	0.0000	0.0000	2.7558	2.4561	0.2997	0.7524	0.7106	0.0418	2.0034	1.7454	0.2580	0.6211	0.3370	0.2841	0.0813	0.0734	0.0079	0.5398	0.2637	0.2762	3889.7947	2623.3773	3.5799	1869.3216	1972.6845	0.0118	1096.4206	inf	121.9091	0.0002	0.0003	0.0000	0.0014	0.0014	0.0013	0.0000	0.0000	0.0000
71	110	0.2460	6	1	2	0	0	0	0	0	0	N	Y	N	N	N	N	N	N	N	N	N	N	18.0281	31.2685	6.1931	25.6315	30.3720	0.6673	3.8744	92.4768	7.7939	0.0122	0.0132	0.0037	0.0336	0.0353	0.0018	0.0030	0.0028	0.0041	0.0007	0.0004	0.0006	0.0013	0.0012	0.0027	0.0008	0.0000	0.0005	0.0335	1.4816	-0.0033	-0.0000	17.5448	13.5236	6.0013	3.5331	0.0129	0.0125	0.0004	0.0107	0.0107	0.0000	0.0022	0.0018	0.0004	0.0001	0.0000	0.0001	0.0001	0.0000	0.0000	0.0001	0.0000	0.0001	1.0591	0.9465	0.1125	0.3195	0.3029	0.0166	0.7396	0.6437	0.0959	0.2287	0.1273	0.1014	0.0392	0.0354	0.0038	0.1895	0.0919	0.0976	27.3197	40.8661	6.1931	25.6315	30.3720	0.6673	11.0907	35214.2311	7.7939	0.0004	0.0003	0.0006	0.0013	0.0012	0.0027	0.0003	0.0000	0.0005
71	111	0.1900	5	1	1	0	0	0	0	0	0	N	N	N	N	N	N	N	N	N	N	N	N	29533.1279	17599.7517	0.0000	15906.0817	15300.5188	0.1353	inf	0.0000	0.8658	0.9800	0.0000	4.1243	4.3800	0.0000	0.0000	0.0000	0.0000	0.0000	0.0001	0.0000	0.0003	0.0003	0.0000	0.0000	0.0000	0.0000	0.0000	0.0155	-0.2871	-0.0000	17.5448	16.9399	6.0013	15.9768	0.9998	0.9998	0.0000	0.9998	0.9998	0.0000	0.0000	0.0000	0.0000	0.0000	0.0000	0.0000	0.0000	0.0000	0.0000	0.0000	0.0000	0.0000	1.1548	1.0203	0.1345	0.2424	0.2283	0.0141	0.9124	0.7920	0.1203	0.4084	0.2205	0.1879	0.0455	0.0412	0.0043	0.3630	0.1793	0.1836	29533.1279	18327.2792	0.0000	15906.0817	15300.5188	0.0000	0.1353	inf	0.0000	0.0000	0.0001	0.0000	0.0003	0.0003	0.0000	0.0000	0.0000	0.0000	
71	112	0.2944	9	2	2	0	1	0	0	0	0	Y	Y	N	N	N	N	N	N	N	N	N	N	43994809.2716	26934240.2214	15641789.7523	14041144.2935	inf	inf	4.8077	5.4377	0.0000	10.8636	11.1599	0.0000	0.0000	0.0000	0.0000	0.0000	0.0000	0.0000	0.0000	0.0000	0.0000	0.0000	0.0000	0.0000	0.0000	0.0000	-0.0005	-0.0000	17.5448	0.0019	6.0013	1.9928	0.0018	0.0018	0.0000	0.0018	0.0018	0.0000	0.0000	0.0000	0.0000	0.0000	0.0000	0.0000	0.0000	0.0000	0.0000	0.0000	0.0000	0.0000	0.0004	0.0003	0.0000	0.0002	0.0002	0.0000	0.0002	0.0002	0.0000	0.0238	0.0129	0.0109	0.0037	0.0033	0.0005	0.0200	0.0096	0.0104	43994809.2716	26934240.2214	0.0000	15641789.7523	14041144.2935	0.0000	inf	inf	0.0000	0.0000	0.0000	0.0000	0.0000	0.0000	0.0000	0.0000	0.0000	0.0000			
71	113	0.2708	8	2	2	0	1	0	0	0	0	Y	Y	N	N	N	N	N	N	N	N	N	N	8633.0419	4377.4311	0.0000	3299.5144	3014.2979	0.0000	48465.5543	inf	0.0000	0.9502	1.0663	0.0000	3.2376	3.4124	0.0000	0.0038	0.0043	0.0000	0.0001	0.0002	0.0000	0.0010	0.0011	0.0000	0.0000	0.0000	0.0000	0.0000	0.0012	-0.1802	-0.0000	17.5448	8.6942	6.0013	6.0502	0.6274	0.6274	0.0000	0.6257	0.6257	0.0000	0.0018	0.0018	0.0000	0.0000	0.0000	0.0000	0.0000	0.0000	0.0000	0.0000	0.0000	0.0000	0.6603	0.5884	0.0719	0.1933	0.1834	0.0099	0.4671	0.4051	0.0620	0.1807	0.0919	0.0888	0.0203	0.0175	0.0027	0.1605	0.0744	0.0861	8633.0419	4934.1590	0.0000	3299.5144	3014.2979	0.0000	48465.5543	inf	0.0000	0.0001	0.0002	0.0000	0.0010	0.0011	0.0000	0.0000	0.0000	0.0000
71	114	0.2919	12	1	2	0	1	0	0	0	0	N	Y	N	N	N	N	N	N	N	N	N	N	0.0000	0.0000	0.0000	0.0000	0.0000	0.0000	0.0000	0.0000	0.0000	0.0000	0.0000	0.0000	0.0000	0.0000	0.0000	0.0000	0.0000	0.0000	0.0000	0.0000	17.5448	0.0001	6.0013	0.0001	0.0000	0.0000	0.0000	0.0000	0.0000	0.0000	0.0000	0.0000	0.0000	0.0000	0.0000	0.0000	0.0000	0.0000	0.0000	0.0000	0.0000	0.0000	0.0000	0.0000	0.0000	0.0000	0.0000	0.0000	0.0000	0.0000	0.0000	0.0000	0.0000	0.0000	0.0000	0.0000	0.0000	0.0000	0.0000	0.0000	0.0000	0.0000	0.0000	0.0000	0.0000	0.0000	0.0000	0.0000	0.0000	0.0000	0.0000	0.0000	0.0000	0.0000	0.0000	0.0000	0.0000	0.0000											
71	115	0.2852	11	1	2	0	1	0	0	0	0	N	Y	N	N	N	N	N	N	N	N	N	N	0.0000	0.0000	0.0000	0.0000	0.0000	0.0000	0.0000	0.0000	0.0000	0.0000	0.0000	0.0000	0.0000	0.0000	0.0000	0.0000	0.0000	0.0000	0.0000	0.0000	17.5448	3.0007	6.0013	1.0012	0.0000	0.0000	0.0000	0.0000	0.0000	0.0000	0.0000	0.0000	0.0000	0.0000	0.0000	0.0000	0.0000	0.0000	0.0000	0.0000	0.0000	0.0000	0.2121	0.1879	0.0242	0.0523	0.0494	0.0030	0.1598	0.1385	0.0212	0.0473	0.0237	0.0236	0.0047	0.0039	0.0008	0.0426	0.0198	0.0228	0.0000	0.0000	0.0000	0.0000	0.0000	0.0000	0.0000	0.0000	0.0000	0.0000	0.0000	0.0000	0.0000	0.0000	0.0000	0.0000	0.0000	0.0000											
71	116	0.2833	10	1	1	0	1	0	0	0	0	N	N	N	N	N	N	N	N	N	N	N	N	inf	inf	inf	inf	0.0000	0.0000	0.0001	0.0000	0.0000	0.0004	0.0000	0.0000	0.0000	0.0000	0.0000	0.0000	0.0000	0.0000	0.0000	0.0000	0.0000	0.0000	inf	0.0000	0.0000	17.5448	1.1177	6.0013	0.0023	0.0000	0.0000	0.0000	0.0000	0.0000	0.0000	0.0000	0.0000	0.0000	0.0000	0.0000	0.0000	0.0000	0.0000	0.0000	0.0000	0.0000	0.0000	0.0834	0.0742	0.0092	0.0235	0.0222	0.0013	0.0599	0.0520	0.0080	0.0133	0.0067	0.0066	0.0013	0.0011	0.0002	0.0120	0.0056	0.0064	inf	0.0000	inf	inf	0.0000	inf	0.0000	0.0000	0.0000	0.0000	0.0000	0.0000	0.0000	0.0000	0.0000	0.0000	0.0000	0.0000						
71	117	0.0996	4	1	2	0	0	0	0	0	0	N	Y	N	N	N	N	N	N	N	N	N	N	3.8569	0.0086	439470.1390	0.1635	0.1519	0.0000	2.9088	0.0041	491499.1420	0.4294	0.0032	3.8295	0.0015	0.0016	0.0000	0.4967	0.0034	4.0041	0.1113	0.3682	0.0000	0.0093	0.0104	0.0001	0.1707	0.8356	0.0000	152.3920	0.0004	0.7110	-0.0059	17.5448	31.2782	6.0013	23.9277	1.0066	0.0066	1.0000	0.0005	0.0005	0.0000	1.0061	0.0061	1.0000	0.0094	0.0094	0.0000	0.0004	0.0004	0.0000	0.0090	0.0090	0.0000	2.3444	2.0833	0.2611	0.3186	0.3072	0.0114	2.0258	1.7761	0.2498	0.8102	0.4281	0.3821	0.0666	0.0633	0.0033	0.7436	0.3647	0.3788	36.9250	0.1432	439470.1390	0.2291	0.2260	0.0000	41.1291	0.1391	491499.1420	0.0116	0.0220	0.0000	0.0066	0.0070	0.0001	0.0121	0.0246	0.0000
71	118	0.2833	10	1	1	1	1	0	0	0	0	N	N	N	N	N	N	N	N	N	N	N	N	inf	inf	inf	inf	inf	inf	0.0026	0.0029	0.0000	0.0101	0.0107	0.0000	0.0000	0.0000	0.0000	0.0000	0.0000	0.0000	0.0000	0.0000	0.0000	0.0000	0.0000	0.0000	0.0001	-0.0002	0.0000	17.5448	3.8827	6.0013	2.9998	0.0007	0.0007	0.0000	0.0007	0.0007	0.0000	0.0000	0.0000	0.0000	0.0000	0.0000	0.0000	0.0000	0.0000	0.0000	0.0000	0.0000	0.0000	0.2778	0.2464	0.0314	0.0713	0.0673	0.0040	0.2066	0.1791	0.0274	0.0807	0.0405	0.0402	0.0078	0.0066	0.0013	0.0728	0.0339	0.0390	inf	inf	inf	inf	inf	inf	0.0000	0.0000	0.0000	0.0000	0.0000	0.0000	0.0000	0.0000	0.0000	0.0000	0.0000	0.0000				
71	119	0.2804	9	1	1	0	1	0	0	0	0	N	N	N	N	N	N	N	N	N	N	N	N	inf	inf	inf	inf	inf	inf	0.0032	0.0027	0.0071	0.0095	0.0077	0.0419	0.0000	0.0000	0.0000	0.0000	0.0000	0.0000	0.0000	0.0000	0.0000	0.0000	0.0000	0.0000	0.2994	-0.0000	0.0000	17.5448	2.8083	6.0013	0.0030	0.0008	0.0006	0.0002	0.0008	0.0006	0.0002	0.0000	0.0000	0.0000	0.0000	0.0000	0.0000	0.0000	0.0000	0.0000	0.0000	0.0000	0.0000	0.2474	0.2219	0.0255	0.0823	0.0780	0.0043	0.1651	0.1440	0.0212	0.0334	0.0167	0.0167	0.0033	0.0027	0.0005	0.0302	0.0140	0.0162	inf	inf	inf	inf	inf	inf	0.0000	0.0000	0.0000	0.0000	0.0000	0.0000	0.0000	0.0000	0.0000	0.0000	0.0000	0.0000				
71	120	0.2804	9	1	1	1	1	0	0	0	0	N	N	N	N	N	N	N	N	N	N	N	N	inf	inf	inf	inf	inf	inf	inf	inf	0.0424	0.0477	0.0000	0.0032	0.0034	0.0000	0.0572	0.0658	0.0000	0.0000	0.0000	0.0000	0.0000	0.0000	0.0000	0.0000	0.0000	0.0000	0.0000	-0.0087	0.0000	17.5448	9.6158	6.0013	0.0030	0.0304	0.0304	0.0000	0.0006	0.0006	0.0000	0.0297	0.0297	0.0000	0.0000	0.0000	0.0000	0.0000	0.0000	0.0000	0.0000	0.0000	0.0000	0.7156	0.6368	0.0788	0.1958	0.1850	0.0108	0.5198	0.4518	0.0679	0.1125	0.0563	0.0562	0.0109	0.0092	0.0018	0.1016	0.0472	0.0544	inf	inf	inf	inf	inf	inf	inf	inf	0.0000	0.0000	0.0000	0.0000	0.0000	0.0000	0.0000	0.0000	0.0000	0.0000		
71	121	0.2708	8	1	1	0	1	0	0	0	0	N	N	N	N	N	N	N	N	N	N	N	N	536533.8397	45840565.5568	10.3465	2094450.6283	28628673.9257	20.4651	6.6237	inf	0.0619	1.0546	1.1758	0.0000	3.0106	3.1600	0.0003	0.0000	0.0000	0.0000	0.0000	0.0000	0.0000	0.0000	0.0000	0.0000	0.0000	0.0000	0.0000	0.0000	147.2735	-0.1077	0.0000	17.5448	4.2457	6.0013	2.0144	0.3751	0.3751	0.0000	0.3751	0.3751	0.0000	0.0000	0.0000	0.0000	0.0000	0.0000	0.0000	0.0000	0.0000	0.0000	0.0000	0.0000	0.0000	0.3557	0.3190	0.0367	0.1246	0.1187	0.0059	0.2311	0.2003	0.0308	0.0829	0.0428	0.0400	0.0111	0.0100	0.0012	0.0717	0.0329	0.0389	536533.8397	45840565.5568	10.3465	2094450.6283	28628673.9257	20.4651	6.6237	inf	0.0619	0.0000	0.0000	0.0000	0.0000	0.0000	0.0000	0.0000	0.0000	0.0000
71	122	0.2286	7	1	1	0	1	0	0	0	0	N	N	N	N	N	N	N	N	N	N	N	N	217420.2197	212402.5791	0.0645	78505.7577	81278.2397	0.0223	16824.4586	inf	0.0482	0.5367	0.6031	0.0000	1.9817	2.0830	0.0000	0.0163	0.0188	0.0000	0.0000	0.0000	0.0000	0.0000	0.0000	0.0000	0.0000	0.0000	0.0000	0.0000	0.7532	-0.1386	-0.0000	17.5448	11.9190	6.0013	13.1740	0.4827	0.4827	0.0000	0.4720	0.4720	0.0000	0.0108	0.0108	0.0000	0.0000	0.0000	0.0000	0.0000	0.0000	0.0000	0.0000	0.0000	0.0000	0.8994	0.8004	0.0990	0.2382	0.2266	0.0116	0.6612	0.5738	0.0874	0.2950	0.1463	0.1487	0.0182	0.0162	0.0020	0.2767	0.1301	0.1467	217420.2197	212402.5791	0.0645	78505.7577	81278.2397	0.0223	16824.4586	inf	0.0482	0.0000	0.0000	0.0000	0.0000	0.0000	0.0000	0.0000	0.0000	0.0000
71	123	0.4748	9	1	1	1	1	0	0	0	0	N	N	N	N	N	N	N	N	N	N	N	N	24660721.2744	0.0000	179509318.1045	0.0000	0.0000	45696494.9336	189658799.7058	0.9760	0.0000	9.8283	0.0000	0.0000	0.0000	1.4419	0.0000	11.5854	0.0000	0.0000	0.0000	0.0000	0.0000	0.0000	0.0000	0.0000	0.0000	inf	1.3750	0.7128	-0.0000	17.5448	12.8936	6.0013	4.1514	0.9999	0.0000	0.9999	0.0000	0.0000	0.0000	0.9999	0.0000	0.9999	0.0000	0.0000	0.0000	0.0000	0.0000	0.0000	0.0000	0.0000	0.0000	1.0246	0.9228	0.1017	0.3311	0.3156	0.0154	0.6935	0.6072	0.0863	0.1920	0.1117	0.0804	0.0526	0.0443	0.0083	0.1394	0.0674	0.0720	24660721.2744	0.0000	179509318.1045	0.0000	0.0000	0.0000	45696494.9336	0.0000	189658799.7058	0.0000	0.0000	0.0000	0.0000	0.0000	0.0000	0.0000	0.0000	0.0000		
71	124	0.2440	8	1	2	0	0	0	0	0	0	N	Y	N	N	N	N	N	N	N	N	N	N	1045.8195	6.4488	15717998.6344	7.0838	6.3814	0.0000	15132568.7934	inf	62059378.2812	1.1013	0.0201	9.6993	0.0743	0.0783	0.0000	1.4251	0.0000	10.8788	0.0011	0.0031	0.0000	0.0105	0.0123	0.0000	0.0000	0.0000	0.0000	60.8188	0.0005	0.7079	-0.0001	17.5448	12.7386	6.0013	8.7370	1.0161	0.0164	0.9997	0.0164	0.0164	0.0000	0.9997	0.0000	0.9997	0.0002	0.0002	0.0000	0.0002	0.0002	0.0000	0.0000	0.0000	0.0000	0.9226	0.8195	0.1031	0.2211	0.2100	0.0112	0.7015	0.6096	0.0919	0.2619	0.1309	0.1309	0.0219	0.0199	0.0020	0.2400	0.1111	0.1289	1799.2521	16.3905	15717998.6344	10.1513	9.7110	0.0000	15132568.7934	inf	62059378.2812	0.0006	0.0012	0.0000	0.0073	0.0081	0.0000	0.0000	0.0000	0.0000
71	125	0.2286	7	1	2	0	0	0	0	0	0	N	Y	N	N	N	N	N	N	N	N	N	N	193.7925	509.5995	2.2099	30774.2442	33716.5072	24.9932	0.1084	0.0000	2.3179	0.5737	0.6426	0.0042	2.0177	2.1155	0.0023	0.0006	0.0000	0.0045	0.0030	0.0013	0.0019	0.0001	0.0001	0.0001	0.0055	0.0216	0.0019	0.0008	2.9777	-0.1120	0.0000	17.5448	8.6431	6.0013	1.4782	0.3911	0.3908	0.0003	0.3908	0.3908	0.0000	0.0003	0.0000	0.0003	0.0002	0.0000	0.0001	0.0000	0.0000	0.0000	0.0002	0.0000	0.0001	0.6817	0.6081	0.0737	0.1937	0.1847	0.0090	0.4881	0.4234	0.0647	0.1257	0.0625	0.0631	0.0090	0.0081	0.0008	0.1167	0.0544	0.0623	447.7190	992.8157	2.2099	30774.2442	33716.5072	24.9932	0.4325	0.0007	2.3179	0.0013	0.0006	0.0019	0.0001	0.0001	0.0001	0.0014	0.0007	0.0019
71	126	0.2191	6	1	1	0	0	0	0	0	0	N	N	N	N	N	N	N	N	N	N	N	N	8698.6856	4982.7165	0.0077	4673.0767	5131.7176	0.0000	1.4020	inf	0.0210	1.6679	1.8671	0.0000	5.8940	6.1251	0.0000	0.0000	0.0000	0.0000	0.0002	0.0004	0.0001	0.0013	0.0012	0.0029	0.0000	0.0000	0.0000	0.0000	0.1607	-0.1773	-0.0000	17.5448	4.1618	6.0013	2.0491	0.6174	0.6174	0.0000	0.6174	0.6174	0.0000	0.0000	0.0000	0.0000	0.0000	0.0000	0.0000	0.0000	0.0000	0.0000	0.0000	0.0000	0.0000	0.3701	0.3307	0.0395	0.1047	0.1008	0.0040	0.2654	0.2299	0.0355	0.0945	0.0528	0.0416	0.0136	0.0131	0.0005	0.0809	0.0398	0.0411	8698.6856	6321.5787	0.0077	4673.0767	5131.7176	0.0000	2.4404	inf	0.0210	0.0002	0.0003	0.0001	0.0013	0.0012	0.0029	0.0000	0.0000	0.0000
71	127	0.1900	5	1	1	0	0	0	0	0	0	N	N	N	N	N	N	N	N	N	N	N	N	7.4049	5.5785	0.0070	10.8786	11.2346	0.0000	0.0217	inf	0.0090	0.0109	0.0123	0.0000	0.0515	0.0547	0.0000	0.0000	0.0000	0.0000	0.0015	0.0022	0.0006	0.0047	0.0049	0.0038	0.0007	0.0000	0.0005	0.0000	0.4502	-0.0021	-0.0001	17.5448	9.4810	6.0013	7.4917	0.0072	0.0072	0.0000	0.0072	0.0072	0.0000	0.0000	0.0000	0.0000	0.0002	0.0001	0.0001	0.0001	0.0001	0.0000	0.0000	0.0000	0.0000	0.6583	0.5813	0.0771	0.1390	0.1308	0.0081	0.5194	0.4504	0.0689	0.2331	0.1313	0.1017	0.0320	0.0297	0.0023	0.2011	0.1016	0.0994	14.0306	12.9864	0.0070	12.3640	13.0396	0.0000	0.0612	inf	0.0090	0.0008	0.0009	0.0006	0.0042	0.0042	0.0038	0.0002	0.0000	0.0005
71	128	0.4871	10	2	2	0	0	0	0	0	0	Y	Y	N	N	N	N	N	N	N	N	N	N	inf	inf	inf	inf	inf	inf	6.6113	7.3815	0.0000	0.0000	0.0000	0.0000	9.6443	11.0703	0.0000	0.0000	0.0000	0.0000	0.0000	0.0000	0.0000	0.0000	0.0000	0.0000	0.0000	-0.2871	0.0000	17.5448	2.0107	6.0013	1.9995	0.9998	0.9998	0.0000	0.0000	0.0000	0.0000	0.9998	0.9998	0.0000	0.0000	0.0000	0.0000	0.0000	0.0000	0.0000	0.0000	0.0000	0.0000	0.1512	0.1354	0.0158	0.0476	0.0451	0.0024	0.1037	0.0903	0.0134	0.0446	0.0262	0.0184	0.0133	0.0113	0.0020	0.0313	0.0150	0.0164	inf	inf	0.0000	inf	inf	0.0000	inf	inf	0.0000	0.0000	0.0000	0.0000	0.0000	0.0000	0.0000	0.0000	0.0000	0.0000				
71	129	0.4748	9	2	2	0	0	0	0	0	0	Y	Y	N	N	N	N	N	N	N	N	N	N	3242.3485	4620.3738	0.0000	376.1301	331.3516	6164.6175	inf	0.0000	0.0003	0.0003	0.0000	0.0001	0.0001	0.0000	0.0004	0.0005	0.0000	0.0000	0.0000	0.0000	0.0000	0.0000	0.0000	0.0000	0.0000	0.0000	0.0000	1.2121	-0.0000	-0.0000	17.5448	5.6459	6.0013	1.1399	0.0001	0.0001	0.0000	0.0000	0.0000	0.0000	0.0001	0.0001	0.0000	0.0000	0.0000	0.0000	0.0000	0.0000	0.0000	0.0000	0.0000	0.0000	0.5021	0.4548	0.0472	0.1771	0.1698	0.0073	0.3250	0.2851	0.0399	0.0792	0.0462	0.0330	0.0220	0.0186	0.0034	0.0572	0.0277	0.0296	3242.3485	4620.3738	0.0000	376.1301	331.3516	0.0000	6164.6175	inf	0.0000	0.0000	0.0000	0.0000	0.0000	0.0000	0.0000	0.0000	0.0000	0.0000	
71	130	0.4445	8	1	1	0	0	0	0	0	0	N	N	N	N	N	N	N	N	N	N	N	N	11.5242	5.9226	0.0036	6.3743	5.9949	0.0049	314.7469	inf	0.0019	0.0059	0.0066	0.0000	0.0072	0.0076	0.0000	0.0053	0.0060	0.0000	0.0005	0.0011	0.0000	0.0011	0.0013	0.0001	0.0000	0.0000	0.0000	0.0000	0.0264	-0.0019	-0.0001	17.5448	11.6079	6.0013	5.3766	0.0066	0.0066	0.0000	0.0027	0.0027	0.0000	0.0039	0.0039	0.0000	0.0001	0.0001	0.0000	0.0001	0.0001	0.0000	0.0000	0.0000	0.0000	1.1099	1.0007	0.1092	0.3712	0.3547	0.0165	0.7387	0.6459	0.0927	0.2702	0.1653	0.1049	0.0882	0.0787	0.0095	0.1820	0.0866	0.0954	15.6715	10.9154	0.0036	6.3743	5.9949	0.0049	509.2106	inf	0.0019	0.0004	0.0006	0.0000	0.0011	0.0013	0.0001	0.0000	0.0000	0.0000
71	131	0.4266	7	1	1	0	0	0	0	0	0	N	N	N	N	N	N	N	N	N	N	N	N	13.1150	8.5976	2.7065	15.8686	15.4076	36.3881	14.2285	1.3513	1.6707	0.0198	0.0218	0.0007	0.0232	0.0243	0.0019	0.0180	0.0204	0.0004	0.0015	0.0025	0.0003	0.0015	0.0016	0.0001	0.0013	0.0151	0.0003	0.0033	0.1195	-0.0023	-0.0001	17.5448	3.9355	6.0013	8.7078	0.0080	0.0079	0.0000	0.0032	0.0032	0.0000	0.0048	0.0047	0.0000	0.0002	0.0002	0.0000	0.0001	0.0001	0.0000	0.0001	0.0000	0.0000	0.4031	0.3640	0.0391	0.1384	0.1320	0.0064	0.2647	0.2320	0.0327	0.2747	0.1824	0.0923	0.0983	0.0911	0.0072	0.1764	0.0913	0.0851	25.0605	20.5640	2.7065	15.8686	15.4076	36.3881	43.5399	37.3033	1.6707	0.0008	0.0011	0.0003	0.0015	0.0016	0.0001	0.0004	0.0005	0.0003
71	132	0.4150	6	1	1	0	0	0	0	0	0	N	N	N	N	N	N	N	N	N	N	N	N	1.5675	2.1609	0.0428	5.8276	6.2015	0.1228	0.7312	0.2830	0.0374	0.0104	0.0116	0.0002	0.0157	0.0164	0.0004	0.0076	0.0087	0.0001	0.0067	0.0053	0.0041	0.0027	0.0027	0.0034	0.0104	0.0308	0.0036	0.0017	1.0291	-0.0019	-0.0001	17.5448	6.2657	6.0013	3.9760	0.0066	0.0065	0.0000	0.0034	0.0034	0.0000	0.0031	0.0031	0.0000	0.0006	0.0003	0.0003	0.0002	0.0002	0.0000	0.0003	0.0001	0.0003	0.6277	0.5665	0.0611	0.2180	0.2084	0.0095	0.4097	0.3581	0.0516	0.2385	0.1563	0.0822	0.0870	0.0809	0.0061	0.1515	0.0754	0.0761	4.3149	6.3474	0.0498	5.8276	6.2015	0.1228	3.3757	9.3789	0.0374	0.0024	0.0018	0.0036	0.0027	0.0027	0.0034	0.0023	0.0009	0.0036
71	133	0.3377	5	1	1	0	0	0	0	0	0	N	N	N	N	N	N	N	N	N	N	N	N	1.6004	0.9230	0.5935	1.2415	1.1874	0.3283	3.6587	0.4206	0.5880	0.0049	0.0054	0.0002	0.0060	0.0063	0.0003	0.0044	0.0050	0.0002	0.0030	0.0058	0.0004	0.0048	0.0053	0.0011	0.0012	0.0119	0.0003	0.0046	0.1285	-0.0030	-0.0005	17.5448	26.7012	6.0013	18.2690	0.0105	0.0105	0.0000	0.0036	0.0036	0.0000	0.0069	0.0069	0.0000	0.0010	0.0008	0.0001	0.0007	0.0007	0.0000	0.0002	0.0001	0.0001	2.1687	1.9433	0.2253	0.5962	0.5669	0.0293	1.5725	1.3764	0.1960	0.7297	0.4269	0.3028	0.1759	0.1633	0.0126	0.5538	0.2637	0.2902	3.6964	2.7110	0.5935	1.4252	1.4127	0.3283	11.3299	11.0237	0.5880	0.0013	0.0020	0.0004	0.0042	0.0045	0.0011	0.0004	0.0005	0.0003
71	134	0.0996	4	1	1	0	0	0	0	0	0	N	N	N	N	N	N	N	N	N	N	N	N	10.9092	2.1449	0.6477	0.1203	0.1212	0.0228	7.5290	0.7514	0.7750	0.3953	0.4450	0.0004	0.0027	0.0028	0.0003	0.4484	0.5104	0.0004	0.0362	0.2075	0.0007	0.0227	0.0233	0.0116	0.0596	0.6793	0.0006	0.0001	0.0449	-0.4671	-0.0062	17.5448	61.4372	6.0013	55.8589	1.6273	1.6271	0.0002	0.0013	0.0013	0.0000	1.6260	1.6258	0.0002	0.0105	0.0101	0.0005	0.0010	0.0010	0.0001	0.0095	0.0091	0.0004	4.1165	3.6562	0.4603	0.4902	0.4710	0.0192	3.6263	3.1852	0.4411	1.4091	0.7321	0.6770	0.0797	0.0736	0.0061	1.3294	0.6585	0.6709	52.9680	32.3710	0.6477	0.2109	0.2168	0.0228	62.8416	36.9156	0.7750	0.0075	0.0137	0.0007	0.0129	0.0130	0.0116	0.0071	0.0138	0.0006
72	79	0.2671	9	1	2	1	0	0	0	0	0	N	Y	N	N	N	N	N	N	N	N	N	N	0.0000	0.0000	0.0000	0.0000	0.0000	0.0000	0.0000	0.0000	0.0000	0.0000	0.0000	0.0000	0.0000	6.6449	0.0000	27.8908	0.0000	0.0000	0.0000	9.6694	0.0000	30.1326	inf	0.0000	0.3689	1.8980	23.9173	2.9698	17.8091	0.0000	0.0000	0.0000	0.0000	0.0000	0.0000	0.0000	0.0000	0.0000	0.9927	0.0000	0.9927	0.0000	0.0000	0.0000	0.9927	0.0000	0.9927	0.1892	0.1675	0.0217	0.0586	0.0555	0.0031	0.1307	0.1120	0.0187	0.1494	0.0972	0.0521	0.0467	0.0454	0.0013	0.1027	0.0518	0.0508	0.0000	0.0000	0.0000	0.0000	0.0000	0.0000	0.0000	0.0000	0.0000	6.6449	0.0000	19.0357	0.0000	0.0000	0.0000	9.6694	0.0000	19.5277						
72	80	0.2511	8	1	2	1	0	0	0	0	0	N	Y	N	N	N	N	N	N	N	N	N	N	0.0000	0.0000	0.0000	0.0000	0.0000	0.0000	0.0000	0.0000	0.0000	0.0000	0.0000	0.0000	0.0000	0.0000	0.0000	0.0000	0.4295	0.0000	0.5466	0.0000	0.0000	0.0000	0.6217	0.0000	0.4527	372712.5000	0.0000	0.0004	1.8980	6.1279	2.9698	3.6878	0.0000	0.0000	0.0000	0.0000	0.0000	0.0000	0.0000	0.0000	0.0000	0.0012	0.0000	0.0012	0.0000	0.0000	0.0000	0.0012	0.0000	0.0012	0.0494	0.0436	0.0058	0.0144	0.0137	0.0007	0.0350	0.0299	0.0051	0.0378	0.0245	0.0133	0.0122	0.0118	0.0004	0.0256	0.0127	0.0129	0.0000	0.0000	0.0000	0.0000	0.0000	0.0000	0.0000	0.0000	0.0000	0.0316	0.0000	0.0899	0.0000	0.0000	0.0000	0.0466	0.0000	0.0925			
72	81	0.3392	12	2	1	2	0	0	0	0	0	Y	N	Y	N	N	N	N	N	N	N	N	N	0.7465	inf	1.5644	inf	inf	0.7140	1.5308	4.5067	0.0298	38.4817	0.0914	0.0956	0.0000	6.2962	0.0000	43.1699	6.0370	0.0000	24.5979	0.0000	0.0000	0.0000	8.8180	0.0000	28.2001	170.0085	inf	0.7109	0.3690	1.8980	27.2690	2.9698	12.3406	1.0055	0.0059	0.9996	0.0059	0.0059	0.0000	0.9996	0.0000	0.9996	0.9930	0.0000	0.9930	0.0000	0.0000	0.0000	0.9930	0.0000	0.9930	0.2231	0.1971	0.0260	0.0643	0.0615	0.0028	0.1588	0.1356	0.0232	0.1645	0.1038	0.0607	0.0519	0.0503	0.0016	0.1126	0.0535	0.0591	0.7465	inf	2.3519	inf	inf	0.0000	0.7140	0.0000	2.5679	6.0370	0.0000	16.3620	0.0000	0.0000	0.0000	8.8180	0.0000	16.8115		
72	82	0.3238	11	1	1	1	0	0	0	0	0	N	N	N	N	N	N	N	N	N	N	N	N	0.0001	0.0065	0.0000	0.0116	0.0118	0.0000	0.0000	0.0000	0.0000	0.0000	0.0000	0.0000	0.0000	0.0000	0.0000	0.0000	0.0585	0.0006	0.0550	0.0009	0.0009	0.0000	0.1803	0.0000	0.0478	0.0000	34.0023	-0.0000	0.0001	1.8980	9.0798	2.9698	0.9519	0.0000	0.0000	0.0000	0.0000	0.0000	0.0000	0.0000	0.0000	0.0000	0.0003	0.0000	0.0003	0.0000	0.0000	0.0000	0.0003	0.0000	0.0003	0.0800	0.0709	0.0090	0.0269	0.0255	0.0013	0.0531	0.0454	0.0077	0.0380	0.0241	0.0139	0.0111	0.0107	0.0004	0.0269	0.0134	0.0135	0.0004	0.0095	0.0000	0.0116	0.0118	0.0000	0.0000	0.0000	0.0000	0.0091	0.0004	0.0242	0.0009	0.0009	0.0000	0.0126	0.0000	0.0249		
72	83	0.2511	8	1	2	1	0	0	0	0	0	N	Y	N	N	N	N	N	N	N	N	N	N	1.1379	0.3338	1.2819	1.3062	0.4284	0.0843	0.0412	0.0466	0.0000	0.0013	0.0013	0.0000	0.0574	0.0670	0.0000	0.0362	0.1396	0.0000	0.0010	0.0010	0.0000	0.1339	0.7946	0.0000	0.0000	0.0000	-0.0019	-0.0006	1.8980	21.0000	2.9698	14.4214	0.0067	0.0067	0.0000	0.0001	0.0001	0.0000	0.0067	0.0067	0.0000	0.0009	0.0009	0.0000	0.0000	0.0000	0.0000	0.0009	0.0009	0.0000	0.1635	0.1445	0.0190	0.0472	0.0449	0.0024	0.1162	0.0996	0.0167	0.1274	0.0832	0.0442	0.0404	0.0391	0.0013	0.0870	0.0441	0.0429	5.5208	4.0781	0.0000	1.2819	1.3062	0.0000	5.4880	3.2448	0.0000	0.0075	0.0114	0.0000	0.0010	0.0010	0.0000	0.0105	0.0206	0.0000			
72	84	0.3087	12	1	1	2	0	0	0	0	0	N	N	Y	N	N	N	N	N	N	N	N	N	165.5430	125.6832	145.9212	149.8253	inf	inf	0.0136	0.0153	0.0000	0.0375	0.0395	0.0000	0.0006	0.0007	0.0000	0.0001	0.0001	0.0000	0.0003	0.0003	0.0000	0.0000	0.0000	0.0000	0.0000	0.0001	-0.0006	-0.0000	1.8980	20.4085	2.9698	11.0867	0.0023	0.0023	0.0000	0.0022	0.0022	0.0000	0.0001	0.0001	0.0000	0.0000	0.0000	0.0000	0.0000	0.0000	0.0000	0.0000	0.0000	0.0000	0.1657	0.1471	0.0186	0.0584	0.0553	0.0031	0.1073	0.0918	0.0155	0.1217	0.0820	0.0397	0.0389	0.0379	0.0011	0.0828	0.0442	0.0386	165.5430	125.6832	0.0000	145.9212	149.8253	0.0000	inf	inf	0.0000	0.0001	0.0001	0.0000	0.0003	0.0003	0.0000	0.0000	0.0000	0.0000			
72	85	0.3050	11	1	1	2	0	0	0	0	0	N	N	Y	N	N	N	N	N	N	N	N	N	24599.6904	25066.3483	0.0000	12766.1177	13153.7845	58382.6264	inf	0.0000	0.0104	0.0117	0.0000	0.0122	0.0129	0.0000	0.0091	0.0106	0.0000	0.0000	0.0000	0.0000	0.0000	0.0000	0.0000	0.0000	0.0000	0.0000	0.0000	0.3226	-0.0001	-0.0000	1.8980	3.1287	2.9698	1.1816	0.0003	0.0003	0.0000	0.0002	0.0002	0.0000	0.0002	0.0002	0.0000	0.0000	0.0000	0.0000	0.0000	0.0000	0.0000	0.0000	0.0000	0.0000	0.0332	0.0297	0.0035	0.0144	0.0136	0.0008	0.0188	0.0161	0.0027	0.0193	0.0133	0.0060	0.0065	0.0063	0.0002	0.0128	0.0070	0.0058	24599.6904	25066.3483	0.0000	12766.1177	13153.7845	0.0000	58382.6264	inf	0.0000	0.0000	0.0000	0.0000	0.0000	0.0000	0.0000	0.0000	0.0000	0.0000	
72	86	0.2981	10	1	1	1	0	0	0	0	0	N	N	N	N	N	N	N	N	N	N	N	N	1772.0584	62565.3574	0.0000	73718.9877	75352.3172	94.5994	inf	0.0000	0.0052	0.0059	0.0000	0.0131	0.0137	0.0000	0.0004	0.0005	0.0000	0.0000	0.0000	0.0000	0.0000	0.0000	0.0000	0.0000	0.0000	0.0000	0.0000	46.3871	-0.0001	0.0000	1.8980	4.0532	2.9698	2.2470	0.0002	0.0002	0.0000	0.0002	0.0002	0.0000	0.0000	0.0000	0.0000	0.0000	0.0000	0.0000	0.0000	0.0000	0.0000	0.0000	0.0000	0.0000	0.0365	0.0325	0.0040	0.0139	0.0132	0.0007	0.0226	0.0193	0.0033	0.0319	0.0212	0.0107	0.0112	0.0109	0.0003	0.0206	0.0102	0.0104	1772.0584	62565.3574	0.0000	73718.9877	75352.3172	0.0000	94.5994	inf	0.0000	0.0000	0.0000	0.0000	0.0000	0.0000	0.0000	0.0000	0.0000	0.0000	
72	87	0.2749	9	1	1	1	0	0	0	0	0	N	N	N	N	N	N	N	N	N	N	N	N	0.2653	0.0823	1150.6119	0.2574	0.1606	inf	33.1593	inf	30.0196	0.0001	0.0001	0.0006	0.0003	0.0002	0.0024	0.0000	0.0000	0.0000	0.0005	0.0012	0.0000	0.0011	0.0011	0.0000	0.0000	0.0000	0.0000	0.6117	0.0005	0.0000	-0.0000	1.8980	4.7288	2.9698	9.8540	0.0000	0.0000	0.0000	0.0000	0.0000	0.0000	0.0000	0.0000	0.0000	0.0000	0.0000	0.0000	0.0000	0.0000	0.0000	0.0000	0.0000	0.0000	0.0539	0.0489	0.0051	0.0272	0.0260	0.0012	0.0268	0.0229	0.0039	0.0766	0.0470	0.0296	0.0277	0.0269	0.0008	0.0488	0.0200	0.0288	0.3705	0.1557	1150.6119	0.2574	0.1606	inf	33.1593	inf	30.0196	0.0004	0.0006	0.0000	0.0011	0.0011	0.0000	0.0000	0.0000	0.0000
72	88	0.2511	8	1	1	1	0	0	0	0	0	N	N	N	N	N	N	N	N	N	N	N	N	0.0528	118.7163	0.0000	186.1302	180.3856	0.0000	inf	0.0000	0.0000	0.0000	0.0000	0.0001	0.0002	0.0000	0.0000	0.0000	0.0000	0.0008	0.0000	0.0014	0.0000	0.0000	0.0000	0.0027	0.0000	0.0015	0.0000	1847.7125	-0.0000	0.0000	1.8980	8.6320	2.9698	7.0881	0.0000	0.0000	0.0000	0.0000	0.0000	0.0000	0.0000	0.0000	0.0000	0.0000	0.0000	0.0000	0.0000	0.0000	0.0000	0.0000	0.0000	0.0000	0.0691	0.0610	0.0081	0.0201	0.0191	0.0010	0.0490	0.0419	0.0071	0.0591	0.0385	0.0207	0.0189	0.0183	0.0006	0.0402	0.0202	0.0201	0.0871	118.7163	0.0000	186.1302	180.3856	0.0000	0.0001	inf	0.0000	0.0005	0.0000	0.0014	0.0000	0.0000	0.0000	0.0007	0.0000	0.0015	
72	89	0.3188	10	1	2	1	0	0	0	0	0	N	Y	N	N	N	N	N	N	N	N	N	N	0.0053	0.0030	0.0000	0.0077	0.0074	0.0163	inf	0.0000	0.0000	0.0000	0.0000	0.0000	0.0000	0.0000	0.0000	0.0000	0.0000	0.0010	0.0020	0.0000	0.0017	0.0018	0.0000	0.0000	0.0000	0.0000	0.0000	0.0033	-0.0000	-0.0000	1.8980	15.4622	2.9698	5.2688	0.0000	0.0000	0.0000	0.0000	0.0000	0.0000	0.0000	0.0000	0.0000	0.0000	0.0000	0.0000	0.0000	0.0000	0.0000	0.0000	0.0000	0.0000	0.1437	0.1284	0.0153	0.0571	0.0545	0.0026	0.0866	0.0739	0.0127	0.0676	0.0453	0.0224	0.0233	0.0214	0.0019	0.0444	0.0239	0.0205	0.0090	0.0067	0.0000	0.0077	0.0074	0.0000	0.0163	inf	0.0000	0.0006	0.0009	0.0000	0.0017	0.0018	0.0000	0.0000	0.0000	0.0000	
72	90	0.3071	9	1	1	1	0	0	0	0	0	N	N	N	N	N	N	N	N	N	N	N	N	0.0541	0.1537	0.0000	0.3565	0.3410	0.0000	0.0026	inf	0.0000	0.0002	0.0002	0.0000	0.0005	0.0005	0.0000	0.0000	0.0000	0.0000	0.0039	0.0015	0.0039	0.0013	0.0014	0.0000	0.0070	0.0000	0.0039	0.0000	1.9905	-0.0000	0.0000	1.8980	7.5917	2.9698	1.5198	0.0000	0.0000	0.0000	0.0000	0.0000	0.0000	0.0000	0.0000	0.0000	0.0001	0.0000	0.0000	0.0000	0.0000	0.0000	0.0000	0.0000	0.0000	0.0807	0.0727	0.0080	0.0349	0.0332	0.0017	0.0457	0.0394	0.0063	0.0376	0.0261	0.0115	0.0151	0.0137	0.0014	0.0225	0.0124	0.0102	0.1351	0.3114	0.0000	0.3565	0.3410	0.0000	0.0103	inf	0.0000	0.0016	0.0008	0.0034	0.0013	0.0014	0.0000	0.0018	0.0000	0.0039
72	91	0.4163	13	2	1	2	0	0	0	0	0	Y	N	Y	N	N	N	N	N	N	N	N	N	inf	inf	inf	inf	0.0021	0.0023	0.0000	0.0058	0.0061	0.0000	0.0000	0.0000	0.0000	0.0000	0.0000	0.0000	0.0000	0.0000	0.0000	0.0000	0.0000	0.0000	0.0000	-0.0000	0.0000	1.8980	3.0317	2.9698	0.1644	0.0001	0.0001	0.0000	0.0001	0.0001	0.0000	0.0000	0.0000	0.0000	0.0000	0.0000	0.0000	0.0000	0.0000	0.0000	0.0000	0.0000	0.0000	0.0245	0.0217	0.0028	0.0086	0.0082	0.0005	0.0158	0.0135	0.0023	0.0115	0.0075	0.0040	0.0037	0.0036	0.0002	0.0078	0.0039	0.0039	inf	inf	0.0000	inf	inf	0.0000	0.0000	0.0000	0.0000	0.0000	0.0000	0.0000	0.0000	0.0000	0.0000	0.0000	0.0000	0.0000						
72	92	0.4105	12	2	1	2	0	0	0	0	0	Y	N	Y	N	N	N	N	N	N	N	N	N	414869.0707	325144.4906	inf	339299.8992	342582.6484	inf	inf	inf	0.1994	0.2210	0.0001	0.4531	0.4742	0.0006	0.0000	0.0000	0.0000	0.0000	0.0000	0.0000	0.0000	0.0000	0.0000	0.0000	0.0000	0.0000	0.0001	0.0794	-0.0017	-0.0000	1.8980	2.6632	2.9698	1.0147	0.0058	0.0058	0.0000	0.0058	0.0058	0.0000	0.0000	0.0000	0.0000	0.0000	0.0000	0.0000	0.0000	0.0000	0.0000	0.0000	0.0000	0.0000	0.0290	0.0262	0.0028	0.0128	0.0122	0.0006	0.0163	0.0140	0.0023	0.0141	0.0093	0.0049	0.0047	0.0046	0.0002	0.0094	0.0047	0.0047	414869.0707	325144.4906	inf	339299.8992	342582.6484	inf	inf	inf	0.0000	0.0000	0.0000	0.0000	0.0000	0.0000	0.0000	0.0000	0.0000	0.0000	
72	93	0.3273	11	2	1	2	0	0	0	0	0	Y	N	Y	N	N	N	N	N	N	N	N	N	14.0189	7.6369	7.2236	0.3787	0.3840	inf	172327.5685	2986.1657	0.0000	0.0168	0.0189	0.0000	0.0008	0.0009	0.0000	0.0242	0.0283	0.0000	0.0012	0.0025	0.0000	0.0022	0.0022	0.0000	0.0000	0.0000	0.0000	0.0000	0.0001	-0.0014	-0.0001	1.8980	35.0787	2.9698	12.2568	0.0047	0.0047	0.0000	0.0001	0.0001	0.0000	0.0046	0.0046	0.0000	0.0001	0.0001	0.0000	0.0001	0.0001	0.0000	0.0000	0.0000	0.0000	0.2819	0.2501	0.0318	0.0901	0.0857	0.0043	0.1918	0.1644	0.0274	0.1656	0.1059	0.0597	0.0506	0.0489	0.0017	0.1150	0.0570	0.0579	25.4347	18.3395	7.2236	0.3787	0.3840	inf	172327.5685	1240631.6597	0.0000	0.0007	0.0010	0.0000	0.0022	0.0022	0.0000	0.0000	0.0000	0.0000
72	94	0.3138	10	2	1	1	0	0	0	0	0	Y	N	N	N	N	N	N	N	N	N	N	N	0.0205	21.6978	0.0005	0.3932	0.5252	0.0000	0.0114	0.5003	0.0007	0.0001	0.0002	0.0000	0.0000	0.0000	0.0000	0.0002	0.0002	0.0000	0.0067	0.0000	0.0107	0.0000	0.0000	0.0001	0.0181	0.0005	0.0090	0.0043	536.6903	-0.0000	0.0000	1.8980	8.4810	2.9698	2.3446	0.0000	0.0000	0.0000	0.0000	0.0000	0.0000	0.0000	0.0000	0.0000	0.0001	0.0000	0.0001	0.0000	0.0000	0.0000	0.0001	0.0000	0.0001	0.0788	0.0699	0.0090	0.0268	0.0254	0.0014	0.0520	0.0445	0.0075	0.0407	0.0258	0.0149	0.0119	0.0115	0.0004	0.0288	0.0143	0.0145	0.0566	21.6978	0.0008	0.3932	0.5252	0.0000	0.0598	100.2888	0.0009	0.0024	0.0000	0.0067	0.0000	0.0000	0.0001	0.0034	0.0000	0.0069
72	95	0.2511	8	1	2	1	1	0	0	0	0	N	Y	N	N	N	N	N	N	N	N	N	N	0.0000	0.0000	0.0000	0.0000	0.0000	0.0000	0.0000	0.0000	0.0000	0.0000	0.0000	0.0000	0.0000	0.0000	0.0000	0.0000	0.0000	0.0000	0.0264	0.0831	0.0018	0.0012	0.0010	0.0060	0.0948	0.7223	0.0016	0.1042	0.0000	-0.0006	1.8980	24.0032	2.9698	22.6134	0.0000	0.0000	0.0000	0.0000	0.0000	0.0000	0.0000	0.0000	0.0000	0.0011	0.0010	0.0001	0.0001	0.0000	0.0000	0.0010	0.0009	0.0001	0.1856	0.1641	0.0215	0.0535	0.0509	0.0027	0.1321	0.1132	0.0189	0.1642	0.1073	0.0569	0.0519	0.0502	0.0017	0.1123	0.0571	0.0553	0.0000	0.0000	0.0000	0.0000	0.0000	0.0000	0.0000	0.0000	0.0000	0.0065	0.0089	0.0018	0.0012	0.0010	0.0060	0.0089	0.0159	0.0016	
72	96	0.4877	10	1	2	1	0	0	0	0	0	N	Y	N	N	N	N	N	N	N	N	N	N	0.0000	0.0000	0.0000	0.0000	0.0000	0.0000	0.0000	0.0000	0.0000	0.0000	0.0000	0.0000	0.0000	0.0000	0.0000	0.0000	0.0115	0.0248	0.0000	0.0144	0.0161	0.0000	0.0000	0.0000	0.0000	0.0000	0.0000	-0.0003	1.8980	18.5150	2.9698	10.2301	0.0000	0.0000	0.0000	0.0000	0.0000	0.0000	0.0000	0.0000	0.0000	0.0005	0.0005	0.0000	0.0005	0.0005	0.0000	0.0000	0.0000	0.0000	0.1588	0.1413	0.0175	0.0473	0.0453	0.0021	0.1115	0.0961	0.0154	0.1391	0.0950	0.0441	0.0544	0.0512	0.0032	0.0846	0.0438	0.0409	0.0000	0.0000	0.0000	0.0000	0.0000	0.0000	0.0000	0.0000	0.0000	0.0036	0.0053	0.0000	0.0093	0.0099	0.0000	0.0000	0.0000	0.0000			
72	97	0.2802	9	1	2	1	0	0	0	0	0	N	Y	N	N	N	N	N	N	N	N	N	N	0.0000	0.0000	0.0000	0.0000	0.0000	0.0000	0.0000	0.0000	0.0000	0.0000	0.0000	0.0000	0.0000	0.0000	0.0000	0.0000	0.0000	0.0000	0.0000	0.0000	1.8980	46.1140	2.9698	26.4917	0.0000	0.0000	0.0000	0.0000	0.0000	0.0000	0.0000	0.0000	0.0000	0.0000	0.0000	0.0000	0.0000	0.0000	0.0000	0.0000	0.0000	0.0000	0.3432	0.3041	0.0390	0.0999	0.0950	0.0049	0.2433	0.2091	0.0342	0.2439	0.1581	0.0859	0.0741	0.0715	0.0026	0.1699	0.0865	0.0833	0.0000	0.0000	0.0000	0.0000	0.0000	0.0000	0.0000	0.0000	0.0000	0.0000	0.0000	0.0000	0.0000	0.0000	0.0000	0.0000	0.0000	0.0000											
72	98	0.5407	12	1	2	1	0	0	0	0	0	N	Y	N	N	N	N	N	N	N	N	N	N	0.0011	0.0000	917.6428	0.0029	0.0000	inf	4.0845	0.0000	18.7147	0.0000	0.0000	0.0002	0.0001	0.0000	0.0015	0.0000	0.0000	0.0000	0.0217	0.0632	0.0000	0.0245	0.0269	0.0000	0.0000	0.0000	0.0000	inf	0.0000	0.0000	-0.0004	1.8980	20.7840	2.9698	8.9470	0.0000	0.0000	0.0000	0.0000	0.0000	0.0000	0.0000	0.0000	0.0000	0.0007	0.0007	0.0000	0.0007	0.0007	0.0000	0.0000	0.0000	0.0000	0.1334	0.1189	0.0144	0.0437	0.0416	0.0020	0.0897	0.0773	0.0124	0.1144	0.0812	0.0332	0.0483	0.0460	0.0024	0.0660	0.0353	0.0308	0.0040	0.0000	917.6428	0.0051	0.0000	inf	4.0845	0.0000	18.7147	0.0058	0.0082	0.0000	0.0137	0.0144	0.0000	0.0000	0.0000	0.0000
72	99	0.5357	11	1	1	1	0	0	0	0	0	N	N	N	N	N	N	N	N	N	N	N	N	0.0010	0.0179	0.0001	0.0388	0.0364	1.4712	0.0006	0.0742	0.0000	0.0004	0.0005	0.0000	0.0005	0.0005	0.0001	0.0004	0.0004	0.0000	0.4160	0.0255	0.3793	0.0118	0.0129	0.0001	0.6080	0.0059	0.3061	0.0041	7.5883	-0.0000	0.0002	1.8980	2.7834	2.9698	1.0450	0.0000	0.0000	0.0000	0.0000	0.0000	0.0000	0.0000	0.0000	0.0000	0.0007	0.0001	0.0006	0.0001	0.0001	0.0000	0.0006	0.0000	0.0006	0.0478	0.0442	0.0036	0.0262	0.0255	0.0007	0.0216	0.0187	0.0029	0.0241	0.0153	0.0087	0.0101	0.0098	0.0003	0.0140	0.0056	0.0084	0.0143	0.0845	0.0003	0.0566	0.0562	1.4712	0.0085	1.8922	0.0001	0.0296	0.0054	0.0719	0.0081	0.0083	0.0001	0.0450	0.0002	0.0745
72	100	0.5257	10	1	1	1	0	0	0	0	0	N	N	N	N	N	N	N	N	N	N	N	N	0.0740	0.1096	0.0000	0.2988	0.2890	0.0000	0.0194	0.2985	0.0000	0.0004	0.0004	0.0000	0.0007	0.0007	0.0000	0.0001	0.0002	0.0000	0.0053	0.0039	0.0032	0.0022	0.0024	0.0000	0.0072	0.0005	0.0034	0.0000	0.9984	-0.0000	-0.0000	1.8980	7.6044	2.9698	2.7972	0.0000	0.0000	0.0000	0.0000	0.0000	0.0000	0.0000	0.0000	0.0000	0.0002	0.0001	0.0001	0.0001	0.0001	0.0000	0.0001	0.0000	0.0001	0.1157	0.1058	0.0099	0.0547	0.0530	0.0017	0.0610	0.0528	0.0081	0.0813	0.0551	0.0262	0.0364	0.0341	0.0023	0.0449	0.0210	0.0238	0.1948	0.2887	0.0000	0.2988	0.2890	0.0000	0.0777	54.1921	0.0000	0.0020	0.0015	0.0031	0.0022	0.0024	0.0000	0.0018	0.0000	0.0034
72	101	0.4761	9	1	1	1	0	0	0	0	0	N	N	N	N	N	N	N	N	N	N	N	N	0.0956	0.1138	0.0000	0.1155	0.1134	0.0000	0.0988	13.3801	0.0000	0.0003	0.0003	0.0000	0.0002	0.0002	0.0000	0.0003	0.0004	0.0000	0.0030	0.0029	0.0017	0.0020	0.0022	0.0000	0.0032	0.0000	0.0018	0.0000	0.6580	-0.0000	-0.0000	1.8980	18.4780	2.9698	12.4520	0.0000	0.0000	0.0000	0.0000	0.0000	0.0000	0.0000	0.0000	0.0000	0.0002	0.0001	0.0001	0.0001	0.0001	0.0000	0.0001	0.0000	0.0001	0.1668	0.1488	0.0180	0.0519	0.0498	0.0021	0.1149	0.0990	0.0159	0.1524	0.1047	0.0478	0.0594	0.0559	0.0035	0.0930	0.0487	0.0443	0.2213	0.2824	0.0000	0.1155	0.1134	0.0000	0.3698	4971.2594	0.0000	0.0013	0.0012	0.0017	0.0020	0.0022	0.0000	0.0009	0.0000	0.0018
72	102	0.3651	11	1	2	1	0	0	0	0	0	N	Y	N	N	N	N	N	N	N	N	N	N	0.0001	0.0001	0.0000	0.0002	0.0002	0.0000	0.0000	0.0000	0.0000	0.0000	0.0000	0.0000	0.0000	0.0000	0.0000	0.0000	0.0000	0.0040	0.0076	0.0000	0.0054	0.0057	0.0000	0.0000	0.0000	0.0000	0.0000	0.0009	-0.0000	-0.0002	1.8980	34.1922	2.9698	22.4626	0.0000	0.0000	0.0000	0.0000	0.0000	0.0000	0.0000	0.0000	0.0000	0.0003	0.0003	0.0000	0.0003	0.0003	0.0000	0.0000	0.0000	0.0000	0.3999	0.3626	0.0372	0.1867	0.1774	0.0094	0.2131	0.1853	0.0279	0.1974	0.1326	0.0648	0.0698	0.0667	0.0031	0.1276	0.0659	0.0617	0.0003	0.0002	0.0000	0.0002	0.0002	0.0000	0.0000	0.0000	0.0000	0.0016	0.0024	0.0000	0.0045	0.0047	0.0000	0.0000	0.0000	0.0000	
72	103	0.3172	10	1	2	1	0	0	0	0	0	N	Y	N	N	N	N	N	N	N	N	N	N	0.0001	0.0010	0.0001	0.0003	0.0003	0.0000	0.0001	0.0009	0.0001	0.0000	0.0000	0.0000	0.0000	0.0000	0.0000	0.0000	0.0000	0.0000	0.0079	0.0008	0.0128	0.0009	0.0009	0.0000	0.0214	0.0012	0.0104	0.1334	7.7672	-0.0000	0.0001	1.8980	22.5884	2.9698	11.0115	0.0000	0.0000	0.0000	0.0000	0.0000	0.0000	0.0000	0.0000	0.0000	0.0004	0.0000	0.0003	0.0000	0.0000	0.0000	0.0003	0.0000	0.0003	0.2133	0.1910	0.0224	0.0847	0.0807	0.0041	0.1286	0.1103	0.0183	0.1269	0.0841	0.0428	0.0442	0.0427	0.0015	0.0827	0.0414	0.0413	0.0003	0.0017	0.0001	0.0003	0.0003	0.0000	0.0003	0.0696	0.0001	0.0028	0.0005	0.0074	0.0009	0.0009	0.0000	0.0038	0.0000	0.0076
72	104	0.2872	9	1	1	1	0	0	0	0	0	N	N	N	N	N	N	N	N	N	N	N	N	0.0000	0.0000	0.0000	0.0000	0.0000	0.0000	0.0000	0.0000	0.0000	0.0000	0.0000	0.0000	0.0000	0.0000	0.0000	0.0000	0.0000	0.0008	0.0000	0.0014	0.0000	0.0000	0.0000	0.0027	0.0002	0.0015	992.6481	0.0000	0.0000	1.8980	11.8100	2.9698	8.7888	0.0000	0.0000	0.0000	0.0000	0.0000	0.0000	0.0000	0.0000	0.0000	0.0000	0.0000	0.0000	0.0000	0.0000	0.0000	0.0000	0.0000	0.0000	0.1122	0.1002	0.0120	0.0444	0.0422	0.0022	0.0678	0.0580	0.0098	0.0811	0.0534	0.0278	0.0274	0.0266	0.0008	0.0537	0.0268	0.0269	0.0000	0.0000	0.0000	0.0000	0.0000	0.0000	0.0000	0.0000	0.0000	0.0005	0.0000	0.0014	0.0000	0.0000	0.0000	0.0007	0.0000	0.0015		
72	105	0.2511	8	1	1	1	0	0	0	0	0	N	N	N	N	N	N	N	N	N	N	N	N	0.0000	0.0000	0.0000	0.0000	0.0000	0.0000	0.0000	0.0000	0.0000	0.0000	0.0000	0.0000	0.0000	0.0000	0.0000	0.0000	0.0000	0.0000	0.0000	0.0000	0.0000	0.0000	0.0000	0.0000	-0.0000	1.8980	14.7392	2.9698	7.3617	0.0000	0.0000	0.0000	0.0000	0.0000	0.0000	0.0000	0.0000	0.0000	0.0000	0.0000	0.0000	0.0000	0.0000	0.0000	0.0000	0.0000	0.0000	0.1164	0.1028	0.0136	0.0337	0.0320	0.0017	0.0826	0.0707	0.0119	0.0817	0.0532	0.0285	0.0260	0.0252	0.0008	0.0557	0.0281	0.0277	0.0000	0.0000	0.0000	0.0000	0.0000	0.0000	0.0000	0.0000	0.0000	0.0000	0.0000	0.0000	0.0000	0.0000	0.0000	0.0000	0.0000	0.0000						
72	106	0.3238	11	1	2	1	0	0	0	0	0	N	Y	N	N	N	N	N	N	N	N	N	N	124.1726	89.1335	0.0000	1.7524	1.7757	458226.5883	inf	0.0000	0.0124	0.0141	0.0000	0.0006	0.0006	0.0000	0.0176	0.0206	0.0000	0.0001	0.0002	0.0000	0.0003	0.0004	0.0000	0.0000	0.0000	0.0000	0.0000	0.0003	-0.0006	-0.0000	1.8980	20.0414	2.9698	7.0324	0.0020	0.0020	0.0000	0.0000	0.0000	0.0000	0.0020	0.0020	0.0000	0.0000	0.0000	0.0000	0.0000	0.0000	0.0000	0.0000	0.0000	0.0000	0.1639	0.1451	0.0187	0.0498	0.0474	0.0024	0.1140	0.0977	0.0164	0.0991	0.0630	0.0361	0.0289	0.0279	0.0010	0.0702	0.0351	0.0351	124.1726	89.1335	0.0000	1.7524	1.7757	0.0000	458226.5883	inf	0.0000	0.0001	0.0002	0.0000	0.0003	0.0004	0.0000	0.0000	0.0000	0.0000	
72	107	0.3138	10	1	1	1	0	0	0	0	0	N	N	N	N	N	N	N	N	N	N	N	N	0.0056	5.1418	0.0000	1.8889	1.9866	0.0017	inf	0.0000	0.0000	0.0000	0.0000	0.0000	0.0000	0.0000	0.0000	0.0000	0.0000	0.0004	0.0000	0.0009	0.0000	0.0000	0.0000	0.0014	0.0000	0.0009	0.0000	1041.2552	-0.0000	0.0000	1.8980	7.0315	2.9698	1.2144	0.0000	0.0000	0.0000	0.0000	0.0000	0.0000	0.0000	0.0000	0.0000	0.0000	0.0000	0.0000	0.0000	0.0000	0.0000	0.0000	0.0000	0.0000	0.0676	0.0600	0.0076	0.0238	0.0225	0.0013	0.0438	0.0375	0.0063	0.0312	0.0198	0.0114	0.0092	0.0088	0.0003	0.0220	0.0109	0.0111	0.0069	5.1418	0.0000	1.8889	1.9866	0.0000	0.0051	inf	0.0000	0.0003	0.0000	0.0009	0.0000	0.0000	0.0000	0.0005	0.0000	0.0009	
72	108	0.2802	9	1	1	1	0	0	0	0	0	N	N	N	N	N	N	N	N	N	N	N	N	2.3059	3.5848	0.0000	0.0000	0.0000	4.0698	inf	0.0000	0.0000	0.0000	0.0000	0.0000	0.0000	0.0000	0.0000	0.0000	0.0000	0.0000	0.0000	0.0000	0.0000	0.0000	0.0000	0.0000	0.0000	0.0000	0.0000	1.1228	-0.0000	-0.0000	1.8980	16.2725	2.9698	4.4748	0.0000	0.0000	0.0000	0.0000	0.0000	0.0000	0.0000	0.0000	0.0000	0.0000	0.0000	0.0000	0.0000	0.0000	0.0000	0.0000	0.0000	0.0000	0.1316	0.1163	0.0153	0.0393	0.0374	0.0019	0.0922	0.0788	0.0134	0.0783	0.0507	0.0276	0.0243	0.0234	0.0009	0.0540	0.0273	0.0267	2.3059	3.5848	0.0000	0.0000	0.0000	0.0000	4.0698	inf	0.0000	0.0000	0.0000	0.0000	0.0000	0.0000	0.0000	0.0000	0.0000	0.0000	
72	109	0.3330	10	1	2	1	0	0	0	0	0	N	Y	N	N	N	N	N	N	N	N	N	N	1.5774	0.9046	661.8663	0.1311	0.0918	4678.5762	19811.8677	inf	10.4793	0.0024	0.0027	0.0002	0.0003	0.0002	0.0013	0.0035	0.0041	0.0000	0.0016	0.0030	0.0000	0.0023	0.0025	0.0000	0.0000	0.0000	0.0000	0.0114	0.0001	-0.0002	-0.0001	1.8980	40.5309	2.9698	14.7974	0.0008	0.0008	0.0000	0.0000	0.0000	0.0000	0.0008	0.0008	0.0000	0.0001	0.0001	0.0000	0.0001	0.0001	0.0000	0.0000	0.0000	0.0000	0.3202	0.2833	0.0368	0.1048	0.0983	0.0065	0.2154	0.1851	0.0303	0.1720	0.1156	0.0564	0.0601	0.0545	0.0056	0.1119	0.0611	0.0508	3.0438	2.2861	661.8663	0.1311	0.0918	4678.5762	19811.8677	inf	10.4793	0.0008	0.0012	0.0000	0.0023	0.0025	0.0000	0.0000	0.0000	0.0000
72	110	0.3071	9	1	2	1	0	0	0	0	0	N	Y	N	N	N	N	N	N	N	N	N	N	4.4458	42.6550	0.0439	0.8977	0.8567	9.5527	2.5863	276.5318	0.0567	0.0312	0.0348	0.0005	0.0008	0.0008	0.0000	0.0504	0.0585	0.0006	0.0070	0.0008	0.0116	0.0009	0.0010	0.0000	0.0195	0.0002	0.0108	0.0017	6.8001	-0.0011	0.0000	1.8980	13.5236	2.9698	3.5331	0.0039	0.0039	0.0000	0.0000	0.0000	0.0000	0.0039	0.0039	0.0000	0.0002	0.0000	0.0001	0.0000	0.0000	0.0000	0.0001	0.0000	0.0001	0.1261	0.1129	0.0132	0.0488	0.0464	0.0024	0.0774	0.0665	0.0109	0.0619	0.0422	0.0197	0.0231	0.0210	0.0021	0.0388	0.0212	0.0176	12.1788	72.2235	0.0723	0.8977	0.8567	9.5527	14.1276	80433.9752	0.0779	0.0026	0.0005	0.0070	0.0009	0.0010	0.0000	0.0036	0.0000	0.0079
72	111	0.2511	8	1	1	1	0	0	0	0	0	N	N	N	N	N	N	N	N	N	N	N	N	2.7337	1.6528	0.0000	5.9737	5.7424	1.3029	inf	0.0000	0.0184	0.0209	0.0000	0.0615	0.0647	0.0000	0.0009	0.0010	0.0000	0.0067	0.0126	0.0005	0.0103	0.0113	0.0000	0.0007	0.0000	0.0005	0.0000	0.0727	-0.0007	-0.0002	1.8980	16.9399	2.9698	15.9768	0.0025	0.0025	0.0000	0.0024	0.0024	0.0000	0.0001	0.0001	0.0000	0.0003	0.0003	0.0000	0.0003	0.0003	0.0000	0.0000	0.0000	0.0000	0.1331	0.1175	0.0155	0.0385	0.0366	0.0019	0.0945	0.0810	0.0136	0.1190	0.0776	0.0413	0.0377	0.0365	0.0012	0.0812	0.0411	0.0401	7.5705	5.9996	0.0000	8.5870	8.7517	0.0000	3.6923	inf	0.0000	0.0024	0.0035	0.0005	0.0072	0.0074	0.0000	0.0002	0.0000	0.0005	
72	112	0.3555	12	2	2	1	1	0	0	0	0	Y	Y	N	N	N	N	N	N	N	N	N	N	0.0000	0.0000	0.0000	0.0000	0.0000	0.0000	0.0000	0.0000	0.0000	0.0000	0.0000	0.0000	0.0000	0.0000	0.0000	0.0000	0.0000	0.0000	0.0000	0.0000	0.0000	0.0000	0.0000	0.0000	0.0000	0.0000	1.8571	0.0000	0.0000	1.8980	0.0019	2.9698	1.9928	0.0000	0.0000	0.0000	0.0000	0.0000	0.0000	0.0000	0.0000	0.0000	0.0000	0.0000	0.0000	0.0000	0.0000	0.0000	0.0000	0.0000	0.0000	0.0000	0.0000	0.0000	0.0000	0.0000	0.0000	0.0000	0.0000	0.0000	0.0065	0.0043	0.0022	0.0020	0.0019	0.0001	0.0046	0.0024	0.0021	0.0000	0.0000	0.0000	0.0000	0.0000	0.0000	0.0000	0.0000	0.0000	0.0000	0.0000	0.0000	0.0000	0.0000	0.0000	0.0000	0.0000	0.0000		
72	113	0.3319	11	2	2	1	1	0	0	0	0	Y	Y	N	N	N	N	N	N	N	N	N	N	0.1003	0.3541	0.0000	0.0360	0.0472	0.0000	0.0861	inf	0.0000	0.0007	0.0008	0.0000	0.0001	0.0001	0.0000	0.0011	0.0013	0.0000	0.0074	0.0024	0.0091	0.0028	0.0023	0.0144	0.0133	0.0000	0.0066	0.0000	3.1324	-0.0000	0.0000	1.8980	8.6942	2.9698	6.0502	0.0001	0.0001	0.0000	0.0000	0.0000	0.0000	0.0001	0.0001	0.0000	0.0001	0.0000	0.0001	0.0000	0.0000	0.0000	0.0001	0.0000	0.0001	0.0784	0.0700	0.0084	0.0300	0.0287	0.0014	0.0484	0.0414	0.0070	0.0489	0.0317	0.0172	0.0147	0.0140	0.0007	0.0342	0.0177	0.0165	0.2773	0.8324	0.0000	0.0360	0.0472	0.0000	0.4370	inf	0.0000	0.0027	0.0010	0.0058	0.0028	0.0023	0.0144	0.0026	0.0000	0.0054
72	114	0.3530	15	1	2	1	1	0	0	0	0	N	Y	N	N	N	N	N	N	N	N	N	N	0.0000	0.0000	0.0000	0.0000	0.0000	0.0000	0.0000	0.0000	0.0000	0.0000	0.0000	0.0000	0.0000	0.0000	0.0000	0.0000	0.0000	0.0000	0.0000	0.0000	1.8980	0.0001	2.9698	0.0001	0.0000	0.0000	0.0000	0.0000	0.0000	0.0000	0.0000	0.0000	0.0000	0.0000	0.0000	0.0000	0.0000	0.0000	0.0000	0.0000	0.0000	0.0000	0.0000	0.0000	0.0000	0.0000	0.0000	0.0000	0.0000	0.0000	0.0000	0.0000	0.0000	0.0000	0.0000	0.0000	0.0000	0.0000	0.0000	0.0000	0.0000	0.0000	0.0000	0.0000	0.0000	0.0000	0.0000	0.0000	0.0000	0.0000	0.0000	0.0000	0.0000	0.0000	0.0000	0.0000	0.0000	0.0000											
72	115	0.3463	14	1	2	1	1	0	0	0	0	N	Y	N	N	N	N	N	N	N	N	N	N	inf	inf	inf	inf	inf	inf	0.0000	0.0000	0.0000	0.0000	0.0000	0.0000	0.0000	0.0000	0.0000	0.0000	0.0000	0.0000	0.0000	0.0000	0.0000	0.0000	0.0000	0.0000	0.0000	-0.0000	0.0000	1.8980	3.0007	2.9698	1.0012	0.0000	0.0000	0.0000	0.0000	0.0000	0.0000	0.0000	0.0000	0.0000	0.0000	0.0000	0.0000	0.0000	0.0000	0.0000	0.0000	0.0000	0.0000	0.0242	0.0214	0.0028	0.0076	0.0072	0.0004	0.0167	0.0142	0.0024	0.0129	0.0084	0.0045	0.0038	0.0036	0.0002	0.0091	0.0047	0.0043	inf	inf	0.0000	inf	inf	0.0000	inf	inf	0.0000	0.0000	0.0000	0.0000	0.0000	0.0000	0.0000	0.0000	0.0000	0.0000				
72	116	0.3444	13	1	1	1	1	0	0	0	0	N	N	N	N	N	N	N	N	N	N	N	N	inf	inf	inf	inf	inf	inf	0.0098	0.0110	0.0000	0.0007	0.0007	0.0000	0.0151	0.0177	0.0000	0.0000	0.0000	0.0000	0.0000	0.0000	0.0000	0.0000	0.0000	0.0000	0.0000	-0.0000	0.0000	1.8980	1.1177	2.9698	0.0023	0.0001	0.0001	0.0000	0.0000	0.0000	0.0000	0.0001	0.0001	0.0000	0.0000	0.0000	0.0000	0.0000	0.0000	0.0000	0.0000	0.0000	0.0000	0.0100	0.0089	0.0012	0.0037	0.0035	0.0003	0.0063	0.0054	0.0009	0.0036	0.0024	0.0013	0.0011	0.0010	0.0001	0.0026	0.0013	0.0012	inf	inf	0.0000	inf	inf	0.0000	inf	inf	0.0000	0.0000	0.0000	0.0000	0.0000	0.0000	0.0000	0.0000	0.0000	0.0000				
72	117	0.1607	7	1	2	1	0	0	0	0	0	N	Y	N	N	N	N	N	N	N	N	N	N	0.0088	0.0066	0.0000	0.0337	0.0351	0.0000	0.0000	0.0000	0.0031	0.0035	0.0000	0.0158	0.0164	0.0000	0.0000	0.0000	0.0000	0.3502	0.5263	0.0000	0.4690	0.4662	0.0000	0.0000	0.0000	0.0000	0.0000	0.0000	-0.0002	-0.0035	1.8980	31.2782	2.9698	23.9277	0.0008	0.0008	0.0000	0.0008	0.0008	0.0000	0.0000	0.0000	0.0000	0.0056	0.0056	0.0000	0.0056	0.0056	0.0000	0.0000	0.0000	0.0000	0.2684	0.2375	0.0309	0.0525	0.0507	0.0018	0.2159	0.1869	0.0291	0.2406	0.1524	0.0882	0.0638	0.0619	0.0019	0.1769	0.0905	0.0864	0.1320	0.0945	0.0000	0.1788	0.1799	0.0000	0.0000	0.0000	0.0000	0.0234	0.0370	0.0000	0.0884	0.0911	0.0000	0.0000	0.0000	0.0000	
72	118	0.3444	13	1	1	2	1	0	0	0	0	N	N	Y	N	N	N	N	N	N	N	N	N	inf	inf	inf	inf	inf	inf	0.0227	0.0257	0.0000	0.0679	0.0718	0.0000	0.0004	0.0005	0.0000	0.0000	0.0000	0.0000	0.0000	0.0000	0.0000	0.0000	0.0000	0.0000	0.0000	-0.0002	0.0000	1.8980	3.8827	2.9698	2.9998	0.0007	0.0007	0.0000	0.0007	0.0007	0.0000	0.0000	0.0000	0.0000	0.0000	0.0000	0.0000	0.0000	0.0000	0.0000	0.0000	0.0000	0.0000	0.0323	0.0285	0.0037	0.0107	0.0101	0.0006	0.0216	0.0185	0.0031	0.0221	0.0143	0.0077	0.0065	0.0062	0.0003	0.0155	0.0081	0.0074	inf	inf	0.0000	inf	inf	0.0000	inf	inf	0.0000	0.0000	0.0000	0.0000	0.0000	0.0000	0.0000	0.0000	0.0000	0.0000				
72	119	0.3415	12	1	1	1	1	0	0	0	0	N	N	N	N	N	N	N	N	N	N	N	N	27862.8022	48885.8759	0.0000	29838.7032	30098.3474	25030.6752	inf	0.0000	0.0073	0.0083	0.0000	0.0111	0.0118	0.0000	0.0054	0.0064	0.0000	0.0000	0.0000	0.0000	0.0000	0.0000	0.0000	0.0000	0.0000	0.0000	0.0000	1.4000	-0.0000	-0.0000	1.8980	2.8083	2.9698	0.0030	0.0002	0.0002	0.0000	0.0001	0.0001	0.0000	0.0001	0.0001	0.0000	0.0000	0.0000	0.0000	0.0000	0.0000	0.0000	0.0000	0.0000	0.0000	0.0236	0.0209	0.0027	0.0079	0.0074	0.0005	0.0158	0.0135	0.0023	0.0091	0.0059	0.0032	0.0027	0.0026	0.0001	0.0064	0.0033	0.0031	27862.8022	48885.8759	0.0000	29838.7032	30098.3474	0.0000	25030.6752	inf	0.0000	0.0000	0.0000	0.0000	0.0000	0.0000	0.0000	0.0000	0.0000	0.0000	
72	120	0.3415	12	1	1	2	1	0	0	0	0	N	N	Y	N	N	N	N	N	N	N	N	N	121699.0468	213595.1831	0.0000	270757.9653	271397.7365	2584.4957	inf	0.0000	0.0095	0.0107	0.0000	0.0298	0.0314	0.0000	0.0002	0.0002	0.0000	0.0000	0.0000	0.0000	0.0000	0.0000	0.0000	0.0000	0.0000	0.0000	0.0000	1.4000	-0.0002	-0.0000	1.8980	9.6158	2.9698	0.0030	0.0007	0.0007	0.0000	0.0007	0.0007	0.0000	0.0000	0.0000	0.0000	0.0000	0.0000	0.0000	0.0000	0.0000	0.0000	0.0000	0.0000	0.0000	0.0773	0.0683	0.0089	0.0242	0.0230	0.0013	0.0530	0.0454	0.0077	0.0308	0.0200	0.0109	0.0091	0.0086	0.0005	0.0218	0.0113	0.0104	121699.0468	213595.1831	0.0000	270757.9653	271397.7365	0.0000	2584.4957	inf	0.0000	0.0000	0.0000	0.0000	0.0000	0.0000	0.0000	0.0000	0.0000	0.0000	
72	121	0.3319	11	1	1	1	1	0	0	0	0	N	N	N	N	N	N	N	N	N	N	N	N	3.3104	1.8296	0.0000	2.5355	2.5366	51.7467	inf	0.0000	0.0033	0.0036	0.0000	0.0047	0.0049	0.0000	0.0021	0.0024	0.0000	0.0010	0.0020	0.0000	0.0019	0.0019	0.0000	0.0000	0.0000	0.0000	0.0000	0.0249	-0.0000	-0.0000	1.8980	4.2457	2.9698	2.0144	0.0001	0.0001	0.0000	0.0001	0.0001	0.0000	0.0000	0.0000	0.0000	0.0000	0.0000	0.0000	0.0000	0.0000	0.0000	0.0000	0.0000	0.0000	0.0438	0.0394	0.0044	0.0199	0.0190	0.0009	0.0239	0.0204	0.0035	0.0221	0.0144	0.0077	0.0069	0.0066	0.0003	0.0153	0.0078	0.0074	5.5595	4.1160	0.0000	2.5355	2.5366	0.0000	100.2989	inf	0.0000	0.0006	0.0009	0.0000	0.0019	0.0019	0.0000	0.0000	0.0000	0.0000	
72	122	0.2897	10	1	1	1	1	0	0	0	0	N	N	N	N	N	N	N	N	N	N	N	N	0.0122	0.0106	0.2384	0.0213	0.0223	0.0000	0.0619	0.0011	0.2972	0.0079	0.0088	0.0000	0.0225	0.0235	0.0000	0.0000	0.0000	0.0000	0.6451	0.8326	0.0000	1.0553	1.0545	0.0001	0.0000	0.0001	0.0000	0.0001	0.0001	-0.0002	-0.0035	1.8980	11.9190	2.9698	13.1740	0.0008	0.0008	0.0000	0.0008	0.0008	0.0000	0.0000	0.0000	0.0000	0.0056	0.0056	0.0000	0.0056	0.0056	0.0000	0.0000	0.0000	0.0000	0.1055	0.0940	0.0116	0.0368	0.0352	0.0016	0.0687	0.0588	0.0099	0.0879	0.0565	0.0314	0.0261	0.0252	0.0009	0.0618	0.0313	0.0305	0.1242	0.0896	0.2384	0.1057	0.1066	0.0000	0.0966	0.3465	0.2972	0.0632	0.0983	0.0000	0.2128	0.2207	0.0001	0.0000	0.0000	0.0000
72	123	0.5359	12	1	1	2	1	0	0	0	0	N	N	Y	N	N	N	N	N	N	N	N	N	0.0000	0.0000	0.0000	0.0000	0.0000	0.0000	0.0000	0.0000	0.0000	0.0000	0.0000	0.0000	0.0000	0.0026	0.0000	0.0046	0.0000	0.0000	0.0000	0.0090	0.0000	0.0045	inf	0.0000	0.0000	1.8980	12.8936	2.9698	4.1514	0.0000	0.0000	0.0000	0.0000	0.0000	0.0000	0.0000	0.0000	0.0000	0.0001	0.0000	0.0001	0.0000	0.0000	0.0000	0.0001	0.0000	0.0001	0.1087	0.0969	0.0118	0.0379	0.0363	0.0016	0.0708	0.0606	0.0102	0.0683	0.0470	0.0213	0.0291	0.0263	0.0028	0.0393	0.0207	0.0185	0.0000	0.0000	0.0000	0.0000	0.0000	0.0000	0.0000	0.0000	0.0000	0.0012	0.0000	0.0037	0.0000	0.0000	0.0000	0.0020	0.0000	0.0043						
72	124	0.3051	11	1	2	1	0	0	0	0	0	N	Y	N	N	N	N	N	N	N	N	N	N	83.0939	0.0000	162278.4871	0.7541	0.0000	5500.0750	54955.5400	186664.9061	0.0448	0.0000	0.3869	0.0010	0.0000	0.0207	0.0635	0.0000	0.4370	0.0005	0.0011	0.0000	0.0013	0.0013	0.0000	0.0000	0.0000	0.0000	inf	0.0022	0.0033	-0.0000	1.8980	12.7386	2.9698	8.7370	0.0047	0.0000	0.0047	0.0000	0.0000	0.0000	0.0047	0.0000	0.0047	0.0000	0.0000	0.0000	0.0000	0.0000	0.0000	0.0000	0.0000	0.0000	0.1047	0.0925	0.0121	0.0312	0.0298	0.0015	0.0734	0.0627	0.0107	0.0766	0.0493	0.0273	0.0230	0.0221	0.0008	0.0537	0.0272	0.0265	116.1804	0.0000	162278.4871	0.7541	0.0000	5500.0750	54955.5400	0.0000	186664.9061	0.0004	0.0006	0.0000	0.0013	0.0013	0.0000	0.0000	0.0000	0.0000	
72	125	0.2897	10	1	2	1	0	0	0	0	0	N	Y	N	N	N	N	N	N	N	N	N	N	0.2412	17.6416	0.6531	20.6357	20.5012	inf	0.0582	0.0331	0.7313	0.0003	0.0002	0.0011	0.0004	0.0004	0.0001	0.0002	0.0000	0.0013	0.0010	0.0000	0.0017	0.0000	0.0000	0.0000	0.0033	0.0002	0.0017	0.8755	110.8537	0.0000	0.0000	1.8980	8.6431	2.9698	1.4782	0.0000	0.0000	0.0000	0.0000	0.0000	0.0000	0.0000	0.0000	0.0000	0.0000	0.0000	0.0000	0.0000	0.0000	0.0000	0.0000	0.0000	0.0000	0.0806	0.0720	0.0086	0.0299	0.0287	0.0013	0.0507	0.0433	0.0074	0.0371	0.0238	0.0133	0.0112	0.0108	0.0004	0.0260	0.0130	0.0130	0.4130	17.6640	0.6531	20.6357	20.5012	inf	0.2203	9.7934	0.7313	0.0006	0.0000	0.0017	0.0000	0.0000	0.0000	0.0009	0.0000	0.0017
72	126	0.2802	9	1	1	1	0	0	0	0	0	N	N	N	N	N	N	N	N	N	N	N	N	0.0513	0.0291	70.3924	0.0417	0.0416	24.8614	82.0934	0.0000	0.0000	0.0000	0.0000	0.0000	0.0000	0.0000	0.0000	0.0000	0.0001	0.0002	0.0000	0.0003	0.0003	0.0000	0.0000	0.0000	0.0000	0.2961	0.0005	-0.0000	-0.0000	1.8980	4.1618	2.9698	2.0491	0.0000	0.0000	0.0000	0.0000	0.0000	0.0000	0.0000	0.0000	0.0000	0.0000	0.0000	0.0000	0.0000	0.0000	0.0000	0.0000	0.0000	0.0000	0.0374	0.0330	0.0043	0.0119	0.0114	0.0005	0.0255	0.0216	0.0038	0.0266	0.0175	0.0091	0.0089	0.0085	0.0004	0.0177	0.0089	0.0087	0.0513	0.0294	70.3924	0.0417	0.0416	0.0000	24.8614	0.0000	82.0934	0.0001	0.0002	0.0000	0.0003	0.0003	0.0000	0.0000	0.0000	0.0000		
72	127	0.2511	8	1	1	1	0	0	0	0	0	N	N	N	N	N	N	N	N	N	N	N	N	0.0000	0.0000	0.0000	0.0000	0.0000	0.0000	0.0000	0.0000	0.0000	0.0000	0.0000	0.0000	0.0000	0.0000	0.0000	0.0000	0.0000	0.0000	0.0000	-0.0000	1.8980	9.4810	2.9698	7.4917	0.0000	0.0000	0.0000	0.0000	0.0000	0.0000	0.0000	0.0000	0.0000	0.0000	0.0000	0.0000	0.0000	0.0000	0.0000	0.0000	0.0000	0.0000	0.0758	0.0669	0.0089	0.0220	0.0209	0.0011	0.0537	0.0460	0.0078	0.0636	0.0414	0.0222	0.0203	0.0197	0.0006	0.0433	0.0217	0.0216	0.0000	0.0000	0.0000	0.0000	0.0000	0.0000	0.0000	0.0000	0.0000	0.0000	0.0000	0.0000	0.0000	0.0000	0.0000	0.0000	0.0000	0.0000											
72	128	0.5482	13	2	2	1	0	0	0	0	0	Y	Y	N	N	N	N	N	N	N	N	N	N	0.0000	0.0000	0.0000	0.0000	0.0000	0.0000	0.0000	0.0000	0.0000	0.0000	0.0000	0.0000	0.0000	0.0000	0.0000	0.0000	0.0000	0.0000	0.0000	0.0000	1.8980	2.0107	2.9698	1.9995	0.0000	0.0000	0.0000	0.0000	0.0000	0.0000	0.0000	0.0000	0.0000	0.0000	0.0000	0.0000	0.0000	0.0000	0.0000	0.0000	0.0000	0.0000	0.0170	0.0151	0.0019	0.0057	0.0054	0.0002	0.0113	0.0097	0.0017	0.0164	0.0114	0.0050	0.0071	0.0064	0.0007	0.0093	0.0050	0.0043	0.0000	0.0000	0.0000	0.0000	0.0000	0.0000	0.0000	0.0000	0.0000	0.0000	0.0000	0.0000	0.0000	0.0000	0.0000	0.0000	0.0000	0.0000											
72	129	0.5359	12	2	2	1	0	0	0	0	0	Y	Y	N	N	N	N	N	N	N	N	N	N	0.0000	0.0000	0.0000	0.0000	0.0000	0.0000	0.0000	0.0000	0.0000	0.0000	0.0000	0.0000	0.0000	0.0081	0.0000	0.0172	0.0000	0.0000	0.0000	0.0331	0.0000	0.0163	inf	0.0000	0.0000	1.8980	5.6459	2.9698	1.1399	0.0000	0.0000	0.0000	0.0000	0.0000	0.0000	0.0000	0.0000	0.0000	0.0001	0.0000	0.0001	0.0000	0.0000	0.0000	0.0001	0.0000	0.0001	0.0506	0.0453	0.0053	0.0191	0.0184	0.0008	0.0315	0.0269	0.0046	0.0278	0.0191	0.0087	0.0119	0.0107	0.0011	0.0160	0.0084	0.0076	0.0000	0.0000	0.0000	0.0000	0.0000	0.0000	0.0000	0.0000	0.0000	0.0029	0.0000	0.0091	0.0000	0.0000	0.0000	0.0050	0.0000	0.0105						
72	130	0.5056	11	1	1	1	0	0	0	0	0	N	N	N	N	N	N	N	N	N	N	N	N	0.0000	0.0045	0.0000	0.0070	0.0067	0.0000	inf	0.0000	0.0000	0.0000	0.0000	0.0000	0.0000	0.0000	0.0000	0.0000	0.0000	10.3564	0.0002	49.1635	0.0003	0.0003	0.0000	18.1533	0.0000	57.3834	0.0000	87909.7485	-0.0000	0.3636	1.8980	11.6079	2.9698	5.3766	0.0000	0.0000	0.0000	0.0000	0.0000	0.0000	0.0000	0.0000	0.0000	0.9784	0.0000	0.9784	0.0000	0.0000	0.0000	0.9784	0.0000	0.9784	0.1334	0.1201	0.0132	0.0493	0.0477	0.0015	0.0841	0.0724	0.0117	0.0945	0.0645	0.0299	0.0406	0.0377	0.0029	0.0539	0.0269	0.0270	0.0000	0.0047	0.0000	0.0070	0.0067	0.0000	0.0000	inf	0.0000	10.3564	0.0002	32.6772	0.0003	0.0003	0.0000	18.1533	0.0000	36.1933	
72	131	0.4877	10	1	1	1	0	0	0	0	0	N	N	N	N	N	N	N	N	N	N	N	N	0.0002	0.0020	0.0000	0.0168	0.0156	0.0000	0.0000	0.7792	0.0000	0.0002	0.0002	0.0000	0.0005	0.0005	0.0000	0.0000	0.0000	0.0000	0.9067	0.0966	3.0751	0.0291	0.0326	0.0000	1.1403	0.0000	3.1369	0.0000	29.6842	-0.0000	0.0052	1.8980	3.9355	2.9698	8.7078	0.0000	0.0000	0.0000	0.0000	0.0000	0.0000	0.0000	0.0000	0.0000	0.0153	0.0005	0.0148	0.0005	0.0005	0.0000	0.0148	0.0000	0.0148	0.0429	0.0387	0.0042	0.0150	0.0145	0.0006	0.0279	0.0242	0.0037	0.0770	0.0531	0.0239	0.0320	0.0302	0.0018	0.0450	0.0228	0.0221	0.0009	0.0210	0.0000	0.0314	0.0308	0.0000	0.0000	290.5985	0.0000	0.1990	0.0094	0.6202	0.0156	0.0165	0.0000	0.3297	0.0000	0.6701
72	132	0.4761	9	1	1	1	0	0	0	0	0	N	N	N	N	N	N	N	N	N	N	N	N	0.0056	0.0416	0.0001	0.1106	0.1036	0.7331	0.0010	0.3037	0.0001	0.0003	0.0003	0.0000	0.0005	0.0005	0.0000	0.0002	0.0002	0.0000	0.0497	0.0075	0.0516	0.0042	0.0047	0.0000	0.1732	0.0006	0.0484	0.0012	4.2460	-0.0000	0.0001	1.8980	6.2657	2.9698	3.9760	0.0000	0.0000	0.0000	0.0000	0.0000	0.0000	0.0000	0.0000	0.0000	0.0006	0.0001	0.0005	0.0001	0.0001	0.0000	0.0005	0.0000	0.0005	0.0708	0.0639	0.0069	0.0263	0.0254	0.0009	0.0445	0.0385	0.0060	0.0725	0.0508	0.0217	0.0310	0.0293	0.0016	0.0415	0.0215	0.0201	0.0324	0.1321	0.0002	0.1209	0.1187	0.7331	0.0140	46.7234	0.0002	0.0086	0.0023	0.0234	0.0039	0.0041	0.0000	0.0122	0.0000	0.0253
72	133	0.3988	8	1	1	1	0	0	0	0	0	N	N	N	N	N	N	N	N	N	N	N	N	1.0149	0.7153	0.1577	2.8242	2.6010	404.2766	0.1502	1.4237	0.0308	0.0096	0.0107	0.0003	0.0285	0.0298	0.0016	0.0005	0.0006	0.0001	0.0095	0.0150	0.0016	0.0101	0.0114	0.0000	0.0032	0.0004	0.0018	0.0029	0.2030	-0.0007	-0.0003	1.8980	26.7012	2.9698	18.2690	0.0023	0.0023	0.0000	0.0023	0.0023	0.0000	0.0001	0.0001	0.0000	0.0007	0.0006	0.0001	0.0006	0.0006	0.0000	0.0001	0.0000	0.0001	0.2444	0.2181	0.0263	0.0796	0.0761	0.0035	0.1648	0.1421	0.0227	0.2231	0.1504	0.0727	0.0835	0.0786	0.0049	0.1396	0.0718	0.0678	3.0266	2.7416	0.1577	4.0436	3.9725	404.2766	0.5648	331.2906	0.0308	0.0032	0.0039	0.0016	0.0071	0.0075	0.0000	0.0009	0.0000	0.0018
72	134	0.1607	7	1	1	1	0	0	0	0	0	N	N	N	N	N	N	N	N	N	N	N	N	4.0578	21.5643	19.0093	3.5794	2.9177	inf	2.3637	31.5573	23.8814	0.0145	0.0051	0.0858	0.0019	0.0016	0.0094	0.0172	0.0060	0.0905	0.0036	0.0002	0.0045	0.0005	0.0005	0.0000	0.0073	0.0002	0.0038	2.1941	9.8985	0.0027	0.0002	1.8980	61.4372	2.9698	55.8589	0.0068	0.0021	0.0047	0.0002	0.0001	0.0000	0.0067	0.0020	0.0047	0.0006	0.0001	0.0006	0.0001	0.0001	0.0000	0.0006	0.0000	0.0006	0.4714	0.4169	0.0546	0.0847	0.0815	0.0032	0.3868	0.3354	0.0514	0.4378	0.2793	0.1585	0.1141	0.1106	0.0035	0.3237	0.1687	0.1550	9.7847	24.0852	23.1469	3.5794	2.9177	inf	9.4833	9416.2351	23.8814	0.0015	0.0002	0.0037	0.0005	0.0005	0.0000	0.0018	0.0000	0.0038
73	79	0.2342	8	1	1	1	0	0	0	0	0	N	N	N	N	N	N	N	N	N	N	N	N	0.0038	0.0424	0.0385	0.0487	0.0358	17.7091	0.0047	0.0073	0.0514	0.0017	0.0002	0.0178	0.0001	0.0001	0.0012	0.0027	0.0003	0.0205	0.4384	0.0050	0.4635	0.0029	0.0032	0.0001	0.5780	0.0390	0.3984	7.6405	28.6376	0.0007	0.0022	3.5853	23.9173	4.3819	17.8091	0.0011	0.0001	0.0010	0.0000	0.0000	0.0000	0.0011	0.0001	0.0010	0.0066	0.0002	0.0064	0.0001	0.0001	0.0000	0.0065	0.0001	0.0064	0.6769	0.6209	0.0559	0.2763	0.2687	0.0076	0.4005	0.3522	0.0483	0.2051	0.1277	0.0774	0.0452	0.0428	0.0023	0.1599	0.0849	0.0750	0.0518	0.1206	0.2164	0.0487	0.0366	17.7091	0.0672	0.2683	0.2408	0.0322	0.0017	0.0824	0.0029	0.0031	0.0001	0.0404	0.0011	0.0850
73	80	0.2181	7	1	1	1	0	0	0	0	0	N	N	N	N	N	N	N	N	N	N	N	N	0.0272	0.0017	1.8052	0.0005	0.0002	0.0441	0.2323	0.2787	2.8996	0.0008	0.0001	0.0088	0.0000	0.0000	0.0007	0.0014	0.0002	0.0099	0.0312	0.0728	0.0049	0.0494	0.0506	0.0157	0.0060	0.0008	0.0034	6.4195	0.2252	0.0001	-0.0002	3.5853	6.1279	4.3819	3.6878	0.0002	0.0000	0.0001	0.0000	0.0000	0.0000	0.0002	0.0000	0.0001	0.0004	0.0003	0.0001	0.0004	0.0003	0.0000	0.0001	0.0000	0.0001	0.1807	0.1656	0.0151	0.0729	0.0710	0.0019	0.1078	0.0946	0.0132	0.0603	0.0400	0.0203	0.0156	0.0150	0.0006	0.0448	0.0251	0.0197	0.1215	0.0145	2.3050	0.0012	0.0004	0.0441	0.9282	37.9324	2.8996	0.0070	0.0086	0.0038	0.0227	0.0230	0.0157	0.0015	0.0000	0.0034
73	81	0.3062	11	2	0	2	0	0	0	0	0	Y	N	Y	N	N	N	N	N	N	N	N	N	0.0022	0.0001	0.0078	0.0005	0.0005	0.0000	0.0027	0.0000	0.0080	0.0100	0.0006	0.0788	0.0012	0.0013	0.0000	0.0152	0.0001	0.0906	4.5186	3.9564	10.1126	2.4141	2.4379	0.4119	5.6269	5.7599	11.2754	19.3754	0.8612	0.0044	-0.1872	3.5853	27.2690	4.3819	12.3406	0.0066	0.0003	0.0062	0.0003	0.0003	0.0000	0.0063	0.0000	0.0062	1.1304	0.6073	0.5230	0.0611	0.0609	0.0002	1.0693	0.5465	0.5228	0.6602	0.5809	0.0793	0.2469	0.2366	0.0103	0.4133	0.3443	0.0690	0.2502	0.1535	0.0966	0.0601	0.0586	0.0015	0.1900	0.0949	0.0951	0.0022	0.0001	0.0146	0.0012	0.0012	0.0000	0.0027	0.0000	0.0165	4.5186	3.9564	5.4116	1.0163	1.0382	0.1610	5.6269	5.7599	5.4944
73	82	0.2908	10	1	0	1	0	0	0	0	0	N	N	N	N	N	N	N	N	N	N	N	N	0.0004	0.0004	0.0000	0.0003	0.0003	0.0036	0.0000	0.0000	0.0001	0.0004	0.0005	0.0001	0.0007	0.0009	0.0000	0.0000	0.0000	0.0002	1.0676	1.3458	2.3834	2.7048	2.7535	0.0079	1.0061	0.5334	2.2683	0.0463	0.4517	-0.0001	-0.0080	3.5853	9.0798	4.3819	0.9519	0.0003	0.0003	0.0000	0.0003	0.0002	0.0000	0.0000	0.0000	0.0000	0.0251	0.0173	0.0078	0.0171	0.0171	0.0000	0.0080	0.0002	0.0078	0.5852	0.4732	0.1120	0.3376	0.2859	0.0517	0.2477	0.1874	0.0603	0.0576	0.0356	0.0220	0.0117	0.0113	0.0004	0.0459	0.0243	0.0216	0.0010	0.0011	0.0003	0.0005	0.0006	0.0036	0.0003	0.0009	0.0005	0.4359	0.4853	0.3558	1.4632	1.5099	0.0079	0.1745	0.0084	0.3617
73	83	0.2181	7	1	1	1	0	0	0	0	0	N	N	N	N	N	N	N	N	N	N	N	N	0.2707	0.1841	1.3632	8.7223	8.4820	inf	0.3522	0.2139	0.0030	1.5166	1.6533	0.0002	0.0205	0.0210	0.0016	2.5186	2.8641	0.0000	5.6034	8.9808	0.0001	0.0024	0.0025	0.0000	7.1511	13.3890	0.0002	0.0000	0.0000	-0.2587	-0.6272	3.5853	21.0000	4.3819	14.4214	0.9009	0.9009	0.0000	0.0049	0.0049	0.0000	0.8960	0.8960	0.0000	0.9982	0.9982	0.0000	0.0001	0.0001	0.0000	0.9982	0.9981	0.0000	0.5940	0.5449	0.0491	0.2383	0.2321	0.0062	0.3558	0.3128	0.0429	0.1781	0.1112	0.0670	0.0386	0.0366	0.0020	0.1396	0.0745	0.0650	0.2707	0.1841	1.3632	8.7223	8.4820	inf	0.3522	0.2139	0.0030	5.6034	8.9808	0.0001	0.0024	0.0025	0.0000	7.1511	13.3890	0.0002
73	84	0.2757	11	1	0	2	0	0	0	0	0	N	N	Y	N	N	N	N	N	N	N	N	N	8840.0669	11996.8005	37.3276	8298.5217	8238.2421	210.7547	936.2300	inf	19.7458	1.2112	1.3413	0.0066	2.4757	2.5960	0.0179	0.2110	0.2441	0.0036	0.0001	0.0001	0.0002	0.0003	0.0003	0.0001	0.0002	0.0000	0.0002	0.0005	0.9902	-0.2339	-0.0000	3.5853	20.4085	4.3819	11.0867	0.8162	0.8158	0.0004	0.7368	0.7366	0.0002	0.0794	0.0792	0.0002	0.0000	0.0000	0.0000	0.0000	0.0000	0.0000	0.0000	0.0000	0.0000	0.6739	0.6082	0.0657	0.2976	0.2837	0.0139	0.3762	0.3245	0.0518	0.1553	0.0957	0.0597	0.0366	0.0339	0.0027	0.1187	0.0617	0.0570	8840.0669	11996.8005	37.3276	8298.5217	8238.2421	210.7547	2417.5504	inf	19.7458	0.0001	0.0001	0.0002	0.0003	0.0003	0.0001	0.0001	0.0000	0.0002
73	85	0.2720	10	1	0	2	0	0	0	0	0	N	N	Y	N	N	N	N	N	N	N	N	N	169.9831	197.3362	0.7496	214.8506	211.5220	9.7546	163.6190	78.9743	0.5151	0.7706	0.9149	0.0015	0.7567	0.8427	0.0023	0.7851	1.0008	0.0011	0.0045	0.0046	0.0020	0.0035	0.0040	0.0002	0.0048	0.0127	0.0021	0.0003	0.6740	-0.0360	-0.0000	3.5853	3.1287	4.3819	1.1816	0.1254	0.1254	0.0000	0.0628	0.0628	0.0000	0.0626	0.0626	0.0000	0.0000	0.0000	0.0000	0.0000	0.0000	0.0000	0.0000	0.0000	0.0000	0.1628	0.1371	0.0257	0.0830	0.0745	0.0085	0.0798	0.0626	0.0172	0.0248	0.0157	0.0090	0.0064	0.0060	0.0004	0.0183	0.0097	0.0086	430.2114	543.3069	0.7496	221.4308	232.6038	9.7546	643.1520	2104.0648	0.5151	0.0018	0.0017	0.0020	0.0034	0.0036	0.0002	0.0012	0.0005	0.0021
73	86	0.2651	9	1	0	1	0	0	0	0	0	N	N	N	N	N	N	N	N	N	N	N	N	0.8272	4.2501	0.0096	11.6933	20.0755	0.0940	0.1447	0.5398	0.0021	0.5072	0.5505	0.0096	1.0230	1.0519	0.0518	0.1043	0.1182	0.0017	0.6132	0.1295	1.0040	0.0875	0.0524	0.5503	0.7207	0.2190	0.8221	0.0015	7.0608	-0.0199	0.0005	3.5853	4.0532	4.3819	2.2470	0.0695	0.0694	0.0001	0.0615	0.0614	0.0001	0.0080	0.0080	0.0000	0.0022	0.0003	0.0019	0.0003	0.0002	0.0001	0.0018	0.0000	0.0018	0.1371	0.1261	0.0110	0.0601	0.0584	0.0017	0.0770	0.0677	0.0092	0.0387	0.0243	0.0144	0.0103	0.0097	0.0006	0.0284	0.0146	0.0138	9.0201	49.5532	0.0728	30.7986	44.9841	0.2578	1.6151	40.0580	0.0131	0.0562	0.0111	0.1324	0.0332	0.0234	0.2007	0.0646	0.0030	0.1296
73	87	0.2419	8	1	0	1	0	0	0	0	0	N	N	N	N	N	N	N	N	N	N	N	N	0.0018	0.0073	0.0000	0.0065	0.0066	0.0002	0.0003	0.0016	0.0000	0.0103	0.0113	0.0002	0.0189	0.0194	0.0005	0.0024	0.0028	0.0001	5.6358	1.5391	21.5320	2.9181	2.9342	2.1763	7.1265	1.7854	24.0846	0.0015	8.2496	-0.0005	0.1492	3.5853	4.7288	4.3819	9.8540	0.0018	0.0018	0.0000	0.0016	0.0016	0.0000	0.0002	0.0002	0.0000	0.5660	0.0612	0.5048	0.0532	0.0526	0.0006	0.5128	0.0086	0.5042	0.1730	0.1581	0.0149	0.0830	0.0807	0.0023	0.0900	0.0775	0.0125	0.1004	0.0641	0.0363	0.0285	0.0273	0.0011	0.0720	0.0368	0.0351	0.0018	0.0118	0.0000	0.0101	0.0101	0.0009	0.0003	0.0120	0.0000	5.6358	0.9540	13.9123	1.8689	1.9256	0.5103	7.1265	0.2324	14.3475
73	88	0.2181	7	1	0	1	0	0	0	0	0	N	N	N	N	N	N	N	N	N	N	N	N	0.0003	0.0005	0.0000	0.0009	0.0009	0.0002	0.0001	0.0002	0.0000	0.0002	0.0003	0.0000	0.0004	0.0004	0.0000	0.0001	0.0001	0.0000	0.8247	0.5401	2.1332	0.4383	0.4422	0.0267	0.9602	0.6819	2.0239	0.0125	4.1424	-0.0000	0.0021	3.5853	8.6320	4.3819	7.0881	0.0001	0.0001	0.0000	0.0000	0.0000	0.0000	0.0000	0.0000	0.0000	0.0116	0.0023	0.0094	0.0018	0.0017	0.0000	0.0099	0.0005	0.0094	0.2527	0.2316	0.0211	0.1018	0.0992	0.0027	0.1509	0.1325	0.0184	0.0886	0.0571	0.0315	0.0211	0.0202	0.0009	0.0675	0.0369	0.0306	0.0018	0.0063	0.0001	0.0047	0.0047	0.0002	0.0008	0.0096	0.0001	0.1314	0.0397	0.2974	0.0839	0.0867	0.0253	0.1463	0.0140	0.3059
73	89	0.2858	9	1	1	1	0	0	0	0	0	N	N	N	N	N	N	N	N	N	N	N	N	0.0137	0.0073	0.1617	0.0173	0.0142	3.5245	0.0073	0.0010	0.0381	0.0001	0.0001	0.0003	0.0003	0.0002	0.0015	0.0000	0.0000	0.0001	0.0104	0.0181	0.0017	0.0160	0.0172	0.0004	0.0054	0.0378	0.0017	0.1797	0.2272	-0.0000	-0.0002	3.5853	15.4622	4.3819	5.2688	0.0001	0.0001	0.0000	0.0001	0.0000	0.0000	0.0000	0.0000	0.0000	0.0004	0.0003	0.0001	0.0002	0.0002	0.0000	0.0001	0.0000	0.0001	0.4755	0.4370	0.0384	0.2087	0.2032	0.0055	0.2668	0.2338	0.0330	0.1033	0.0644	0.0390	0.0245	0.0232	0.0013	0.0788	0.0412	0.0377	0.0421	0.0297	0.1617	0.0276	0.0231	3.5245	0.0293	0.0351	0.0381	0.0034	0.0045	0.0017	0.0100	0.0105	0.0004	0.0014	0.0010	0.0017
73	90	0.2741	8	1	0	1	0	0	0	0	0	N	N	N	N	N	N	N	N	N	N	N	N	0.2123	0.0806	2.7446	1.0069	0.9109	16.3109	0.0345	0.0022	0.5037	0.0037	0.0039	0.0016	0.0068	0.0068	0.0083	0.0011	0.0012	0.0003	0.0174	0.0480	0.0006	0.0068	0.0075	0.0005	0.0312	0.5480	0.0006	0.0350	0.0428	-0.0002	-0.0002	3.5853	7.5917	4.3819	1.5198	0.0009	0.0009	0.0000	0.0008	0.0008	0.0000	0.0001	0.0001	0.0000	0.0003	0.0003	0.0000	0.0001	0.0001	0.0000	0.0002	0.0002	0.0000	0.2531	0.2331	0.0200	0.1145	0.1113	0.0032	0.1386	0.1218	0.0168	0.0553	0.0359	0.0194	0.0165	0.0154	0.0011	0.0388	0.0205	0.0183	0.7496	0.5323	2.7446	1.3084	1.2225	16.3109	0.2254	0.1389	0.5037	0.0049	0.0073	0.0006	0.0052	0.0056	0.0005	0.0048	0.0085	0.0006
73	91	0.3833	12	2	0	2	0	0	0	0	0	Y	N	Y	N	N	N	N	N	N	N	N	N	inf	inf	inf	inf	inf	inf	0.0006	0.0007	0.0000	0.0000	0.0000	0.0000	0.0011	0.0012	0.0000	0.0000	0.0000	0.0000	0.0000	0.0000	0.0000	0.0000	0.0000	0.0000	0.0000	-0.0000	-0.0000	3.5853	3.0317	4.3819	0.1644	0.0001	0.0001	0.0000	0.0000	0.0000	0.0000	0.0000	0.0000	0.0000	0.0000	0.0000	0.0000	0.0000	0.0000	0.0000	0.0000	0.0000	0.0000	0.0842	0.0764	0.0078	0.0377	0.0359	0.0018	0.0465	0.0405	0.0060	0.0169	0.0104	0.0065	0.0039	0.0037	0.0002	0.0130	0.0067	0.0064	inf	inf	0.0000	inf	inf	0.0000	inf	inf	0.0000	0.0000	0.0000	0.0000	0.0000	0.0000	0.0000	0.0000	0.0000	0.0000				
73	92	0.3775	11	2	0	2	0	0	0	0	0	Y	N	Y	N	N	N	N	N	N	N	N	N	977.4067	1030.8376	0.0024	7.0876	7.9733	0.0118	827.1276	58.9077	0.0000	0.0445	0.0506	0.0000	0.0003	0.0003	0.0000	0.1041	0.1167	0.0000	0.0000	0.0000	0.0000	0.0000	0.0000	0.0000	0.0001	0.0020	0.0000	0.0000	0.6601	-0.0017	-0.0000	3.5853	2.6632	4.3819	1.0147	0.0058	0.0058	0.0000	0.0000	0.0000	0.0000	0.0058	0.0058	0.0000	0.0000	0.0000	0.0000	0.0000	0.0000	0.0000	0.0000	0.0000	0.0000	0.1308	0.1150	0.0158	0.0752	0.0653	0.0098	0.0556	0.0497	0.0060	0.0206	0.0128	0.0078	0.0050	0.0048	0.0002	0.0156	0.0080	0.0076	977.4067	1148.5997	0.0024	7.0876	7.9733	0.0118	2208.6202	2550.5884	0.0000	0.0000	0.0000	0.0000	0.0000	0.0000	0.0000	0.0000	0.0000	0.0000
73	93	0.2943	10	2	0	2	0	0	0	0	0	Y	N	Y	N	N	N	N	N	N	N	N	N	1.8543	1.8558	0.0516	4.9517	5.4278	0.2527	0.7875	0.0950	0.0040	0.0056	0.0068	0.0001	0.0072	0.0080	0.0002	0.0040	0.0053	0.0000	0.0030	0.0036	0.0012	0.0014	0.0015	0.0007	0.0051	0.0553	0.0012	0.0019	0.5318	-0.0024	-0.0001	3.5853	35.0787	4.3819	12.2568	0.0086	0.0085	0.0000	0.0056	0.0056	0.0000	0.0030	0.0030	0.0000	0.0003	0.0002	0.0001	0.0001	0.0001	0.0000	0.0003	0.0001	0.0001	1.5200	1.2630	0.2571	0.7810	0.6995	0.0815	0.7390	0.5634	0.1756	0.2502	0.1553	0.0950	0.0533	0.0516	0.0017	0.1969	0.1036	0.0933	4.2811	4.8881	0.0516	4.9517	5.4278	0.2527	3.1298	3.9168	0.0040	0.0013	0.0014	0.0012	0.0014	0.0015	0.0007	0.0013	0.0013	0.0012
73	94	0.2808	9	2	0	1	0	0	0	0	0	Y	N	N	N	N	N	N	N	N	N	N	N	0.0180	0.0995	0.0030	0.1357	0.1521	0.0471	0.0024	0.0049	0.0006	0.0002	0.0002	0.0000	0.0002	0.0003	0.0001	0.0000	0.0001	0.0000	0.0091	0.0021	0.0105	0.0018	0.0018	0.0016	0.0179	0.0141	0.0085	0.0508	4.4194	-0.0000	0.0000	3.5853	8.4810	4.3819	2.3446	0.0001	0.0001	0.0000	0.0001	0.0001	0.0000	0.0000	0.0000	0.0000	0.0002	0.0000	0.0002	0.0000	0.0000	0.0000	0.0002	0.0000	0.0002	0.9023	0.6763	0.2260	0.5433	0.4597	0.0836	0.3590	0.2166	0.1424	0.0610	0.0377	0.0233	0.0123	0.0119	0.0004	0.0487	0.0259	0.0229	0.0532	0.2263	0.0048	0.1357	0.1521	0.0471	0.0128	0.1331	0.0008	0.0031	0.0009	0.0066	0.0018	0.0018	0.0016	0.0034	0.0005	0.0067
73	95	0.2181	7	1	1	1	1	0	0	0	0	N	N	N	N	N	N	N	N	N	N	N	N	0.0006	0.0004	0.0007	0.4972	0.8670	0.0217	0.0002	0.0001	0.0000	0.0026	0.0028	0.0002	0.0050	0.0051	0.0014	0.0009	0.0010	0.0000	4.4409	7.1276	0.2473	0.0101	0.0059	0.0654	5.6308	10.5319	0.2002	0.0059	0.0050	-0.0005	-0.6257	3.5853	24.0032	4.3819	22.6134	0.0017	0.0017	0.0000	0.0013	0.0013	0.0000	0.0004	0.0004	0.0000	1.0038	0.9987	0.0050	0.0003	0.0002	0.0001	1.0034	0.9985	0.0049	0.6735	0.6179	0.0556	0.2699	0.2628	0.0071	0.4036	0.3550	0.0486	0.2260	0.1401	0.0859	0.0478	0.0453	0.0025	0.1782	0.0948	0.0834	0.0006	0.0004	0.0031	0.7112	1.0678	0.0297	0.0002	0.0001	0.0000	4.4409	7.1276	0.0586	0.0070	0.0048	0.0478	5.6308	10.5319	0.0589
73	96	0.4547	9	1	1	1	0	0	0	0	0	N	N	N	N	N	N	N	N	N	N	N	N	0.0023	0.0089	0.0052	0.0339	0.0330	0.0004	0.0005	0.0003	0.0065	0.0001	0.0001	0.0002	0.0001	0.0001	0.0000	0.0001	0.0000	0.0003	0.0445	0.0102	0.0405	0.0040	0.0042	0.0030	0.1431	0.1474	0.0401	0.2009	3.0630	-0.0000	0.0002	3.5853	18.5150	4.3819	10.2301	0.0001	0.0000	0.0000	0.0000	0.0000	0.0000	0.0000	0.0000	0.0000	0.0015	0.0004	0.0011	0.0002	0.0002	0.0000	0.0012	0.0001	0.0011	0.5962	0.5482	0.0479	0.2965	0.2866	0.0098	0.2997	0.2616	0.0381	0.1800	0.1229	0.0571	0.0650	0.0597	0.0053	0.1150	0.0632	0.0519	0.0122	0.0308	0.0107	0.0368	0.0374	0.0004	0.0062	0.0171	0.0124	0.0082	0.0030	0.0195	0.0036	0.0037	0.0030	0.0108	0.0022	0.0211
73	97	0.2472	8	1	1	1	0	0	0	0	0	N	N	N	N	N	N	N	N	N	N	N	N	0.0004	0.0003	0.0018	0.0006	0.0006	0.0000	0.0001	0.0001	0.0030	0.0007	0.0008	0.0004	0.0014	0.0014	0.0000	0.0003	0.0002	0.0004	1.8008	2.9870	0.2069	2.3441	2.3476	1.3149	2.0572	3.8089	0.1358	0.0559	0.0120	-0.0002	-0.3570	3.5853	46.1140	4.3819	26.4917	0.0009	0.0009	0.0000	0.0007	0.0007	0.0000	0.0002	0.0002	0.0000	0.5791	0.5722	0.0069	0.0544	0.0534	0.0010	0.5247	0.5188	0.0059	1.3127	1.1763	0.1364	0.5338	0.5206	0.0133	0.7789	0.6557	0.1232	0.3216	0.1916	0.1300	0.0581	0.0554	0.0028	0.2634	0.1362	0.1272	0.0004	0.0003	0.0069	0.0015	0.0015	0.0000	0.0001	0.0001	0.0088	1.8008	2.9870	0.0529	0.9362	0.9651	0.3580	1.9915	3.8089	0.0463
73	98	0.5077	11	1	1	1	0	0	0	0	0	N	N	N	N	N	N	N	N	N	N	N	N	0.0001	0.0011	0.0000	0.0004	0.0008	0.0000	0.0002	0.0011	0.0000	0.0000	0.0000	0.0000	0.0000	0.0000	0.0000	0.0001	0.0001	0.0000	0.2848	0.0311	0.1465	0.0389	0.0191	0.1327	0.3162	0.0548	0.1047	0.0010	4.0401	-0.0000	0.0004	3.5853	20.7840	4.3819	8.9470	0.0000	0.0000	0.0000	0.0000	0.0000	0.0000	0.0000	0.0000	0.0000	0.0023	0.0004	0.0018	0.0007	0.0004	0.0003	0.0015	0.0001	0.0015	0.4264	0.3894	0.0370	0.2404	0.2297	0.0107	0.1860	0.1597	0.0264	0.1157	0.0748	0.0409	0.0394	0.0349	0.0045	0.0763	0.0399	0.0364	0.0016	0.0056	0.0000	0.0008	0.0014	0.0000	0.0025	0.0437	0.0000	0.0195	0.0060	0.0442	0.0188	0.0113	0.0775	0.0199	0.0013	0.0401
73	99	0.5027	10	1	0	1	0	0	0	0	0	N	N	N	N	N	N	N	N	N	N	N	N	0.0306	0.0297	0.0020	0.0208	0.0257	0.0002	0.0608	0.0382	0.0102	0.0216	0.0255	0.0003	0.0161	0.0195	0.0001	0.0332	0.0374	0.0009	0.7040	0.8575	0.1245	0.7746	0.7589	0.2430	0.5469	0.9773	0.0892	0.0018	0.2368	-0.0018	-0.0012	3.5853	2.7834	4.3819	1.0450	0.0062	0.0062	0.0000	0.0032	0.0032	0.0000	0.0030	0.0030	0.0000	0.0026	0.0021	0.0005	0.0019	0.0018	0.0001	0.0007	0.0003	0.0004	0.2873	0.2429	0.0443	0.1960	0.1620	0.0340	0.0913	0.0810	0.0103	0.0329	0.0204	0.0125	0.0131	0.0125	0.0006	0.0198	0.0079	0.0119	0.2691	0.2436	0.0063	0.1108	0.1328	0.0005	0.8970	0.9856	0.0248	0.0802	0.1045	0.0404	0.1457	0.1470	0.1185	0.0371	0.0379	0.0365
73	100	0.4927	9	1	0	1	0	0	0	0	0	N	N	N	N	N	N	N	N	N	N	N	N	0.5658	0.6283	0.0426	0.6820	0.9295	0.0367	0.9787	0.5403	0.0096	0.0154	0.0168	0.0007	0.0118	0.0125	0.0016	0.0205	0.0235	0.0001	0.0272	0.0268	0.0164	0.0173	0.0135	0.0433	0.0209	0.0434	0.0077	0.0041	0.7988	-0.0016	-0.0001	3.5853	7.6044	4.3819	2.7972	0.0058	0.0057	0.0000	0.0026	0.0026	0.0000	0.0032	0.0032	0.0000	0.0006	0.0003	0.0003	0.0004	0.0003	0.0001	0.0002	0.0000	0.0002	0.3744	0.3410	0.0334	0.2202	0.2065	0.0138	0.1542	0.1345	0.0196	0.0953	0.0631	0.0322	0.0396	0.0367	0.0028	0.0557	0.0263	0.0294	2.3399	3.0459	0.0809	1.1186	1.4433	0.0452	5.4743	20.4567	0.0123	0.0066	0.0055	0.0086	0.0106	0.0087	0.0352	0.0037	0.0011	0.0061
73	101	0.4431	8	1	0	1	0	0	0	0	0	N	N	N	N	N	N	N	N	N	N	N	N	0.1327	0.1286	0.0139	0.5842	0.5964	0.0124	0.0961	0.0243	0.0187	0.0117	0.0127	0.0003	0.0146	0.0151	0.0002	0.0087	0.0100	0.0004	0.0879	0.0985	0.0238	0.0250	0.0254	0.0159	0.0907	0.4101	0.0197	0.0023	0.6323	-0.0020	-0.0005	3.5853	18.4780	4.3819	12.4520	0.0071	0.0071	0.0000	0.0044	0.0044	0.0000	0.0027	0.0026	0.0000	0.0019	0.0012	0.0007	0.0009	0.0008	0.0001	0.0010	0.0004	0.0007	0.6078	0.5582	0.0495	0.3033	0.2930	0.0104	0.3045	0.2653	0.0392	0.1842	0.1234	0.0608	0.0637	0.0586	0.0051	0.1205	0.0648	0.0557	1.1152	1.3246	0.0270	1.0485	1.0985	0.0124	1.0122	1.7273	0.0308	0.0105	0.0096	0.0123	0.0139	0.0138	0.0159	0.0086	0.0058	0.0119
73	102	0.3321	10	1	1	1	0	0	0	0	0	N	N	N	N	N	N	N	N	N	N	N	N	0.9615	0.4012	0.3182	0.7915	0.8262	0.0020	6.1702	1.4328	0.9690	0.0224	0.0244	0.0006	0.0309	0.0327	0.0000	0.0138	0.0155	0.0009	0.0233	0.0608	0.0020	0.0390	0.0396	0.0194	0.0022	0.0108	0.0009	0.0024	0.1306	-0.0073	-0.0009	3.5853	34.1922	4.3819	22.4626	0.0258	0.0257	0.0001	0.0178	0.0178	0.0000	0.0080	0.0079	0.0001	0.0017	0.0015	0.0002	0.0016	0.0015	0.0001	0.0001	0.0000	0.0001	1.1539	1.0552	0.0987	0.5779	0.5459	0.0320	0.5761	0.5093	0.0667	0.2841	0.1847	0.0994	0.0825	0.0769	0.0055	0.2017	0.1078	0.0939	3.7517	3.0078	0.3182	1.6301	1.7287	0.0020	21.1443	38.1340	0.9690	0.0060	0.0081	0.0020	0.0189	0.0189	0.0194	0.0007	0.0004	0.0009
73	103	0.2842	9	1	1	1	0	0	0	0	0	N	N	N	N	N	N	N	N	N	N	N	N	0.0355	0.0633	0.0049	1.2535	1.2469	0.5547	0.0168	0.0135	0.0070	0.0152	0.0167	0.0012	0.0213	0.0231	0.0008	0.0094	0.0105	0.0014	0.4290	0.2643	0.2385	0.0170	0.0185	0.0014	0.5637	0.7760	0.2008	0.0075	2.1068	-0.0033	0.0003	3.5853	22.5884	4.3819	11.0115	0.0120	0.0119	0.0001	0.0082	0.0081	0.0000	0.0038	0.0037	0.0001	0.0053	0.0017	0.0036	0.0004	0.0004	0.0000	0.0049	0.0013	0.0036	0.7855	0.7087	0.0768	0.3829	0.3525	0.0303	0.4026	0.3562	0.0465	0.1686	0.1055	0.0631	0.0428	0.0404	0.0024	0.1258	0.0652	0.0606	0.4827	1.0327	0.0203	2.0389	2.0981	0.5547	0.2439	0.5394	0.0237	0.0315	0.0162	0.0572	0.0104	0.0110	0.0014	0.0387	0.0195	0.0594
73	104	0.2542	8	1	0	1	0	0	0	0	0	N	N	N	N	N	N	N	N	N	N	N	N	0.0037	0.0036	0.0063	0.0144	0.0144	5.1273	0.0015	0.0006	0.0064	0.0004	0.0004	0.0002	0.0007	0.0008	0.0002	0.0001	0.0001	0.0001	0.1108	0.1204	0.0266	0.0491	0.0533	0.0000	0.0728	0.1783	0.0232	0.0467	0.7486	-0.0000	-0.0003	3.5853	11.8100	4.3819	8.7888	0.0002	0.0002	0.0000	0.0002	0.0002	0.0000	0.0000	0.0000	0.0000	0.0013	0.0007	0.0005	0.0006	0.0006	0.0000	0.0007	0.0001	0.0005	0.4508	0.4014	0.0494	0.2277	0.2035	0.0243	0.2230	0.1979	0.0251	0.1101	0.0688	0.0413	0.0277	0.0263	0.0014	0.0824	0.0425	0.0399	0.0352	0.0412	0.0126	0.0313	0.0323	5.1273	0.0133	0.0400	0.0108	0.0116	0.0106	0.0133	0.0225	0.0238	0.0000	0.0080	0.0025	0.0137
73	105	0.2181	7	1	0	1	0	0	0	0	0	N	N	N	N	N	N	N	N	N	N	N	N	0.0280	0.1078	0.0097	0.2187	0.2074	inf	0.0015	0.0098	0.0106	0.0016	0.0017	0.0004	0.0039	0.0040	0.0003	0.0001	0.0001	0.0004	0.0583	0.0162	0.0370	0.0176	0.0191	0.0000	0.0913	0.0109	0.0348	0.0187	2.5066	-0.0002	0.0001	3.5853	14.7392	4.3819	7.3617	0.0007	0.0007	0.0000	0.0007	0.0007	0.0000	0.0000	0.0000	0.0000	0.0011	0.0003	0.0008	0.0003	0.0003	0.0000	0.0008	0.0000	0.0008	0.4242	0.3889	0.0352	0.1705	0.1661	0.0045	0.2537	0.2229	0.0308	0.1184	0.0750	0.0433	0.0269	0.0257	0.0013	0.0914	0.0494	0.0420	0.1788	0.4254	0.0202	0.3606	0.3519	inf	0.0159	0.2596	0.0201	0.0091	0.0041	0.0178	0.0107	0.0112	0.0000	0.0087	0.0004	0.0184
73	106	0.2908	10	1	1	1	0	0	0	0	0	N	N	N	N	N	N	N	N	N	N	N	N	175.1683	373.1986	0.0002	0.7570	0.8566	0.0000	216.2384	83.2555	0.0004	1.0332	1.2214	0.0000	0.0015	0.0017	0.0000	2.1494	2.6747	0.0000	0.0059	0.0033	0.0042	0.0020	0.0020	0.0021	0.0099	0.0321	0.0037	0.0000	1.7314	-0.2571	0.0000	3.5853	20.0414	4.3819	7.0324	0.8956	0.8956	0.0000	0.0007	0.0007	0.0000	0.8949	0.8949	0.0000	0.0003	0.0001	0.0002	0.0001	0.0001	0.0000	0.0003	0.0001	0.0002	0.8668	0.7333	0.1335	0.4505	0.3987	0.0518	0.4163	0.3346	0.0818	0.1486	0.0921	0.0565	0.0296	0.0287	0.0009	0.1190	0.0634	0.0556	475.0058	950.5427	0.0003	0.7570	0.8566	0.0000	972.9075	2828.7590	0.0004	0.0022	0.0013	0.0036	0.0020	0.0020	0.0021	0.0022	0.0009	0.0037
73	107	0.2808	9	1	0	1	0	0	0	0	0	N	N	N	N	N	N	N	N	N	N	N	N	0.0622	0.0607	0.0015	0.0504	0.0558	0.0213	0.0334	0.1260	0.0017	0.0008	0.0011	0.0000	0.0012	0.0014	0.0000	0.0002	0.0004	0.0000	0.0127	0.0176	0.0036	0.0230	0.0247	0.0002	0.0064	0.0029	0.0034	0.0018	0.4689	-0.0002	-0.0001	3.5853	7.0315	4.3819	1.2144	0.0007	0.0007	0.0000	0.0006	0.0006	0.0000	0.0001	0.0001	0.0000	0.0002	0.0001	0.0001	0.0001	0.0001	0.0000	0.0001	0.0000	0.0001	0.8669	0.6428	0.2242	0.5302	0.4464	0.0838	0.3367	0.1964	0.1403	0.0468	0.0289	0.0179	0.0095	0.0091	0.0003	0.0374	0.0198	0.0176	0.2007	0.2453	0.0016	0.0882	0.1013	0.0213	0.1321	4.4104	0.0017	0.0040	0.0044	0.0033	0.0132	0.0136	0.0002	0.0016	0.0001	0.0034
73	108	0.2472	8	1	0	1	0	0	0	0	0	N	N	N	N	N	N	N	N	N	N	N	N	0.0125	0.0067	0.0408	0.0102	0.0106	0.0037	0.0078	0.0004	0.1001	0.0001	0.0001	0.0000	0.0002	0.0002	0.0001	0.0000	0.0000	0.0000	0.0088	0.0183	0.0008	0.0235	0.0230	0.0224	0.0018	0.0250	0.0003	0.0456	0.1235	-0.0000	-0.0002	3.5853	16.2725	4.3819	4.4748	0.0001	0.0001	0.0000	0.0001	0.0001	0.0000	0.0000	0.0000	0.0000	0.0003	0.0003	0.0000	0.0003	0.0002	0.0000	0.0000	0.0000	0.0000	0.5687	0.4873	0.0814	0.2397	0.2343	0.0054	0.3290	0.2530	0.0760	0.1042	0.0621	0.0421	0.0199	0.0189	0.0010	0.0843	0.0432	0.0411	0.0365	0.0273	0.0408	0.0180	0.0189	0.0038	0.0255	0.0119	0.1001	0.0030	0.0045	0.0008	0.0133	0.0129	0.0221	0.0006	0.0008	0.0003
73	109	0.3000	9	1	1	1	0	0	0	0	0	N	N	N	N	N	N	N	N	N	N	N	N	0.0947	0.1094	0.0752	0.4126	0.3893	0.2735	0.0228	0.0032	0.1017	0.0018	0.0019	0.0009	0.0033	0.0034	0.0002	0.0008	0.0008	0.0010	0.0194	0.0176	0.0115	0.0079	0.0086	0.0006	0.0351	0.2444	0.0097	0.0396	0.9455	-0.0005	-0.0002	3.5853	40.5309	4.3819	14.7974	0.0021	0.0020	0.0001	0.0016	0.0016	0.0000	0.0005	0.0005	0.0001	0.0014	0.0007	0.0007	0.0004	0.0004	0.0000	0.0010	0.0003	0.0007	1.1342	1.0423	0.0920	0.4772	0.4630	0.0141	0.6571	0.5792	0.0778	0.2566	0.1616	0.0950	0.0623	0.0584	0.0039	0.1943	0.1033	0.0911	0.3449	0.4424	0.1234	0.5510	0.5344	0.2735	0.1563	0.2390	0.1364	0.0053	0.0043	0.0070	0.0059	0.0063	0.0006	0.0051	0.0033	0.0073
73	110	0.2741	8	1	1	1	0	0	0	0	0	N	N	N	N	N	N	N	N	N	N	N	N	1.2831	0.4809	29.0925	5.4615	5.0628	13.3910	0.4227	0.0173	32.0893	0.0186	0.0173	0.0333	0.0268	0.0273	0.0059	0.0123	0.0087	0.0379	0.0145	0.0360	0.0011	0.0049	0.0054	0.0004	0.0290	0.5056	0.0012	0.1664	0.1035	-0.0011	-0.0002	3.5853	13.5236	4.3819	3.5331	0.0078	0.0067	0.0011	0.0049	0.0049	0.0000	0.0029	0.0018	0.0011	0.0004	0.0004	0.0000	0.0001	0.0001	0.0000	0.0003	0.0003	0.0000	0.4203	0.3869	0.0334	0.1828	0.1781	0.0048	0.2375	0.2088	0.0287	0.0921	0.0585	0.0336	0.0244	0.0229	0.0016	0.0677	0.0356	0.0320	4.1691	2.7221	29.0925	6.2754	6.0336	13.3910	2.7112	1.1623	32.0893	0.0045	0.0064	0.0011	0.0043	0.0045	0.0004	0.0045	0.0075	0.0012
73	111	0.2181	7	1	0	1	0	0	0	0	0	N	N	N	N	N	N	N	N	N	N	N	N	0.5420	0.3695	1.5694	2.1683	2.2339	410.7409	0.0716	0.0435	0.8707	1.8241	1.9879	0.0142	4.0984	4.2065	0.0667	0.2974	0.3375	0.0066	3.3655	5.3797	0.0090	1.8901	1.8830	0.0002	4.1514	7.7571	0.0076	0.0006	0.0006	-0.2532	-0.3531	3.5853	16.9399	4.3819	15.9768	0.8839	0.8833	0.0006	0.7977	0.7973	0.0003	0.0862	0.0860	0.0002	0.5625	0.5622	0.0004	0.0199	0.0199	0.0000	0.5426	0.5423	0.0004	0.4846	0.4444	0.0402	0.1946	0.1896	0.0051	0.2899	0.2548	0.0351	0.1671	0.1045	0.0626	0.0364	0.0346	0.0018	0.1307	0.0699	0.0608	0.5420	0.3695	2.4527	7.5008	7.3093	410.7409	0.0716	0.0435	1.1049	3.3655	5.3797	0.0058	0.5464	0.5755	0.0002	4.1514	7.7571	0.0060
73	112	0.3225	11	2	1	1	1	0	0	0	0	Y	N	N	N	N	N	N	N	N	N	N	N	0.0021	0.0013	0.0000	39.1928	68.0527	0.0000	0.0007	0.0003	0.0000	0.0004	0.0004	0.0000	0.0006	0.0006	0.0000	0.0002	0.0003	0.0000	0.1926	0.3560	0.0085	0.0000	0.0000	0.0001	0.3206	0.9313	0.0074	0.0000	0.1586	-0.0000	-0.0001	3.5853	0.0019	4.3819	1.9928	0.0000	0.0000	0.0000	0.0000	0.0000	0.0000	0.0000	0.0000	0.0000	0.0001	0.0001	0.0000	0.0000	0.0000	0.0000	0.0001	0.0001	0.0000	0.0001	0.0001	0.0000	0.0001	0.0001	0.0000	0.0001	0.0000	0.0000	0.0098	0.0062	0.0037	0.0023	0.0022	0.0002	0.0075	0.0040	0.0035	0.0264	0.0213	0.0000	39.1928	68.0527	0.0000	0.0115	0.0086	0.0000	0.0152	0.0210	0.0056	0.0000	0.0000	0.0001	0.0200	0.0325	0.0058
73	113	0.2989	10	2	1	1	1	0	0	0	0	Y	N	N	N	N	N	N	N	N	N	N	N	0.0064	0.0934	0.0000	0.2596	0.6000	0.0011	0.0026	0.0050	0.0000	0.0043	0.0046	0.0000	0.0070	0.0072	0.0002	0.0021	0.0024	0.0000	0.6676	0.0496	1.2352	0.0269	0.0120	0.1993	0.8110	0.4922	1.1744	0.0006	14.3296	-0.0003	0.0016	3.5853	8.6942	4.3819	6.0502	0.0011	0.0011	0.0000	0.0008	0.0008	0.0000	0.0003	0.0003	0.0000	0.0051	0.0003	0.0047	0.0002	0.0001	0.0001	0.0048	0.0002	0.0046	0.2666	0.2452	0.0215	0.1167	0.1135	0.0032	0.1500	0.1317	0.0183	0.0738	0.0444	0.0294	0.0165	0.0154	0.0011	0.0573	0.0290	0.0283	0.0621	0.6224	0.0002	0.4786	0.9105	0.0021	0.0254	0.3383	0.0000	0.0686	0.0074	0.1608	0.0146	0.0079	0.1046	0.0841	0.0072	0.1631
73	114	0.3200	14	1	1	1	1	0	0	0	0	N	N	N	N	N	N	N	N	N	N	N	N	0.0000	0.0000	0.0000	0.0000	0.0000	0.0000	0.0000	0.0000	0.0000	0.0000	0.0000	0.0000	0.0000	0.0000	0.0000	0.0000	0.0000	0.0000	0.0000	0.0000	3.5853	0.0001	4.3819	0.0001	0.0000	0.0000	0.0000	0.0000	0.0000	0.0000	0.0000	0.0000	0.0000	0.0000	0.0000	0.0000	0.0000	0.0000	0.0000	0.0000	0.0000	0.0000	0.0000	0.0000	0.0000	0.0000	0.0000	0.0000	0.0000	0.0000	0.0000	0.0000	0.0000	0.0000	0.0000	0.0000	0.0000	0.0000	0.0000	0.0000	0.0000	0.0000	0.0000	0.0000	0.0000	0.0000	0.0000	0.0000	0.0000	0.0000	0.0000	0.0000	0.0000	0.0000	0.0000	0.0000	0.0000	0.0000											
73	115	0.3133	13	1	1	1	1	0	0	0	0	N	N	N	N	N	N	N	N	N	N	N	N	inf	inf	inf	inf	inf	inf	0.0000	0.0000	0.0000	0.0000	0.0000	0.0000	0.0000	0.0000	0.0000	0.0000	0.0000	0.0000	0.0000	0.0000	0.0000	0.0000	0.0000	0.0000	0.0122	-0.0000	0.0000	3.5853	3.0007	4.3819	1.0012	0.0000	0.0000	0.0000	0.0000	0.0000	0.0000	0.0000	0.0000	0.0000	0.0000	0.0000	0.0000	0.0000	0.0000	0.0000	0.0000	0.0000	0.0000	0.0894	0.0821	0.0073	0.0378	0.0367	0.0010	0.0516	0.0453	0.0063	0.0194	0.0117	0.0077	0.0042	0.0039	0.0003	0.0152	0.0078	0.0074	inf	inf	inf	inf	inf	inf	0.0000	0.0000	0.0000	0.0000	0.0000	0.0000	0.0000	0.0000	0.0000	0.0000	0.0000	0.0000				
73	116	0.3114	12	1	0	1	1	0	0	0	0	N	N	N	N	N	N	N	N	N	N	N	N	8646.3789	5579.2423	inf	4299.5427	4036.5087	inf	inf	inf	0.0029	0.0031	0.0005	0.0065	0.0066	0.0030	0.0000	0.0000	0.0000	0.0000	0.0000	0.0000	0.0000	0.0000	0.0000	0.0000	0.0000	0.0000	0.0132	0.0000	-0.0000	-0.0000	3.5853	1.1177	4.3819	0.0023	0.0001	0.0001	0.0000	0.0001	0.0001	0.0000	0.0000	0.0000	0.0000	0.0000	0.0000	0.0000	0.0000	0.0000	0.0000	0.0000	0.0000	0.0000	0.0343	0.0316	0.0028	0.0150	0.0146	0.0004	0.0194	0.0170	0.0024	0.0055	0.0033	0.0022	0.0012	0.0011	0.0001	0.0043	0.0022	0.0021	8646.3789	5579.2423	inf	4299.5427	4036.5087	inf	inf	inf	0.0000	0.0000	0.0000	0.0000	0.0000	0.0000	0.0000	0.0000	0.0000	0.0000	
73	117	0.1277	6	1	1	1	0	0	0	0	0	N	N	N	N	N	N	N	N	N	N	N	N	0.0037	0.0334	0.0058	0.0005	0.0005	0.0012	0.0045	0.0043	0.0076	0.0013	0.0014	0.0011	0.0000	0.0000	0.0000	0.0021	0.0022	0.0012	0.3604	0.0408	0.1837	0.0057	0.0058	0.0028	0.4617	0.5090	0.1535	0.0712	4.9808	-0.0003	0.0016	3.5853	31.2782	4.3819	23.9277	0.0012	0.0011	0.0001	0.0000	0.0000	0.0000	0.0012	0.0011	0.0001	0.0077	0.0013	0.0064	0.0003	0.0003	0.0000	0.0074	0.0010	0.0064	0.9020	0.8262	0.0757	0.3254	0.3183	0.0071	0.5765	0.5079	0.0686	0.3182	0.1894	0.1288	0.0572	0.0552	0.0019	0.2610	0.1342	0.1269	0.0551	0.2000	0.0212	0.0006	0.0006	0.0012	0.0733	0.2891	0.0231	0.0242	0.0068	0.0499	0.0047	0.0047	0.0028	0.0285	0.0077	0.0506
73	118	0.3114	12	1	0	2	1	0	0	0	0	N	N	Y	N	N	N	N	N	N	N	N	N	3.5082	0.0416	inf	inf	inf	inf	0.0000	0.0000	0.0063	0.0002	0.0754	0.0148	0.0004	0.5317	0.0000	0.0000	0.0000	0.0018	0.0040	0.0000	0.0000	0.0000	0.0000	0.0046	0.1495	0.0000	40.4963	0.0000	0.0005	-0.0000	3.5853	3.8827	4.3819	2.9998	0.0007	0.0000	0.0007	0.0007	0.0000	0.0007	0.0000	0.0000	0.0000	0.0000	0.0000	0.0000	0.0000	0.0000	0.0000	0.0000	0.0000	0.0000	0.1162	0.1068	0.0095	0.0495	0.0482	0.0013	0.0667	0.0586	0.0081	0.0331	0.0199	0.0132	0.0072	0.0066	0.0005	0.0259	0.0133	0.0127	6.9507	0.1096	inf	inf	inf	inf	0.0000	0.0000	0.0000	0.0009	0.0015	0.0000	0.0000	0.0000	0.0000	0.0012	0.0023	0.0000	
73	119	0.3085	11	1	0	1	1	0	0	0	0	N	N	N	N	N	N	N	N	N	N	N	N	231.3167	117.0678	1831.6315	186.2473	90.3999	inf	73.5129	0.6901	0.0000	0.0021	0.0012	0.0114	0.0041	0.0021	0.0673	0.0004	0.0004	0.0000	0.0000	0.0000	0.0000	0.0000	0.0000	0.0000	0.0000	0.0006	0.0000	0.7906	0.3920	0.0000	-0.0000	3.5853	2.8083	4.3819	0.0030	0.0002	0.0001	0.0001	0.0002	0.0001	0.0001	0.0000	0.0000	0.0000	0.0000	0.0000	0.0000	0.0000	0.0000	0.0000	0.0000	0.0000	0.0000	0.0940	0.0865	0.0075	0.0423	0.0410	0.0013	0.0517	0.0455	0.0062	0.0137	0.0082	0.0055	0.0030	0.0027	0.0002	0.0107	0.0055	0.0053	231.3167	117.0678	1831.6315	186.2473	90.3999	inf	73.5129	107.5503	0.0000	0.0000	0.0000	0.0000	0.0000	0.0000	0.0000	0.0000	0.0000	0.0000
73	120	0.3085	11	1	0	2	1	0	0	0	0	N	N	Y	N	N	N	N	N	N	N	N	N	944.7190	20.2893	16494.1431	840.0693	19.3324	inf	39.7042	0.0000	257.8968	0.0025	0.0001	0.0308	0.0059	0.0001	0.2050	0.0001	0.0000	0.0005	0.0000	0.0000	0.0000	0.0000	0.0000	0.0000	0.0000	0.0003	0.0000	41.0128	0.3829	0.0005	-0.0000	3.5853	9.6158	4.3819	0.0030	0.0007	0.0000	0.0007	0.0007	0.0000	0.0007	0.0000	0.0000	0.0000	0.0000	0.0000	0.0000	0.0000	0.0000	0.0000	0.0000	0.0000	0.0000	0.2911	0.2676	0.0235	0.1247	0.1212	0.0035	0.1664	0.1463	0.0200	0.0462	0.0277	0.0185	0.0100	0.0092	0.0008	0.0362	0.0185	0.0177	944.7190	20.2893	16494.1431	840.0693	19.3324	inf	39.7042	0.0000	257.8968	0.0000	0.0000	0.0000	0.0000	0.0000	0.0000	0.0000	0.0000	0.0000
73	121	0.2989	10	1	0	1	1	0	0	0	0	N	N	N	N	N	N	N	N	N	N	N	N	0.1399	0.0584	2.5599	0.4453	0.1518	248.1954	0.0139	0.0025	0.0084	0.0011	0.0005	0.0084	0.0022	0.0008	0.0513	0.0002	0.0002	0.0000	0.0080	0.0086	0.0033	0.0050	0.0055	0.0002	0.0115	0.0709	0.0033	1.4395	0.7770	0.0000	-0.0000	3.5853	4.2457	4.3819	2.0144	0.0002	0.0001	0.0001	0.0001	0.0001	0.0001	0.0000	0.0000	0.0000	0.0001	0.0001	0.0000	0.0000	0.0000	0.0000	0.0001	0.0000	0.0000	0.1382	0.1274	0.0109	0.0640	0.0622	0.0018	0.0742	0.0651	0.0091	0.0336	0.0203	0.0133	0.0080	0.0075	0.0005	0.0256	0.0128	0.0128	0.3949	0.1885	2.6851	0.5198	0.1825	248.1954	0.0667	0.1170	0.0084	0.0029	0.0027	0.0031	0.0043	0.0046	0.0002	0.0024	0.0015	0.0033
73	122	0.2567	9	1	0	1	1	0	0	0	0	N	N	N	N	N	N	N	N	N	N	N	N	0.0052	0.3128	0.0045	0.0038	0.0034	0.0377	0.0075	0.0307	0.0061	0.0029	0.0029	0.0036	0.0000	0.0000	0.0000	0.0052	0.0053	0.0042	0.5606	0.0092	0.8059	0.0037	0.0041	0.0008	0.6920	0.1727	0.6879	0.1120	28.1813	-0.0002	0.0020	3.5853	11.9190	4.3819	13.1740	0.0011	0.0010	0.0001	0.0000	0.0000	0.0000	0.0011	0.0010	0.0001	0.0058	0.0002	0.0056	0.0001	0.0001	0.0000	0.0058	0.0001	0.0056	0.3662	0.3364	0.0298	0.1579	0.1538	0.0041	0.2082	0.1826	0.0257	0.1212	0.0718	0.0494	0.0221	0.0211	0.0010	0.0990	0.0506	0.0484	0.0610	1.0312	0.0318	0.0041	0.0038	0.0377	0.0886	2.1738	0.0362	0.0483	0.0028	0.1143	0.0035	0.0037	0.0008	0.0583	0.0024	0.1167
73	123	0.5029	11	1	0	2	1	0	0	0	0	N	N	Y	N	N	N	N	N	N	N	N	N	0.0905	0.0492	0.5155	0.0000	0.0000	0.0000	0.0596	0.0030	1.3542	0.0001	0.0000	0.0004	0.0000	0.0000	0.0000	0.0002	0.0001	0.0012	0.0010	0.0008	0.0008	0.0000	0.0000	0.0000	0.0034	0.0296	0.0009	1.5000	0.7892	0.0000	-0.0000	3.5853	12.8936	4.3819	4.1514	0.0000	0.0000	0.0000	0.0000	0.0000	0.0000	0.0000	0.0000	0.0000	0.0000	0.0000	0.0000	0.0000	0.0000	0.0000	0.0000	0.0000	0.0000	0.5785	0.5022	0.0763	0.3284	0.2778	0.0506	0.2502	0.2244	0.0258	0.0817	0.0546	0.0271	0.0292	0.0261	0.0031	0.0525	0.0285	0.0240	0.1506	0.0829	0.5155	0.0000	0.0000	0.0000	0.2264	0.0988	1.3542	0.0006	0.0005	0.0008	0.0000	0.0000	0.0000	0.0009	0.0009	0.0009
73	124	0.2721	10	1	1	1	0	0	0	0	0	N	N	N	N	N	N	N	N	N	N	N	N	1.2032	0.3845	33.4041	7.5870	7.2823	0.0143	0.3023	0.0009	38.8003	0.0180	0.0137	0.0663	0.0294	0.0302	0.0000	0.0097	0.0005	0.0765	0.0149	0.0357	0.0020	0.0039	0.0041	0.0025	0.0320	0.5075	0.0020	0.4248	0.2143	0.0001	-0.0002	3.5853	12.7386	4.3819	8.7370	0.0069	0.0048	0.0020	0.0047	0.0047	0.0000	0.0021	0.0001	0.0020	0.0005	0.0004	0.0001	0.0001	0.0001	0.0000	0.0004	0.0003	0.0001	0.3816	0.3508	0.0309	0.1606	0.1565	0.0041	0.2210	0.1943	0.0267	0.1072	0.0636	0.0436	0.0213	0.0204	0.0010	0.0859	0.0433	0.0426	3.9345	2.1647	33.4041	8.1273	8.2161	0.0143	2.0102	0.0605	38.8003	0.0046	0.0063	0.0020	0.0036	0.0037	0.0025	0.0048	0.0076	0.0020
73	125	0.2567	9	1	1	1	0	0	0	0	0	N	N	N	N	N	N	N	N	N	N	N	N	0.0707	0.0601	0.4424	0.0936	0.0892	0.0904	0.0570	0.0088	0.5045	0.0004	0.0003	0.0010	0.0004	0.0004	0.0000	0.0004	0.0002	0.0012	0.0053	0.0052	0.0023	0.0041	0.0045	0.0005	0.0063	0.0277	0.0023	0.2822	0.8729	-0.0000	-0.0000	3.5853	8.6431	4.3819	1.4782	0.0001	0.0001	0.0000	0.0000	0.0000	0.0000	0.0001	0.0000	0.0000	0.0001	0.0001	0.0000	0.0000	0.0000	0.0000	0.0001	0.0000	0.0000	0.2743	0.2521	0.0222	0.1212	0.1180	0.0032	0.1531	0.1340	0.0190	0.0513	0.0303	0.0209	0.0097	0.0092	0.0004	0.0416	0.0211	0.0205	0.1858	0.1747	0.4424	0.1022	0.1006	0.0904	0.2266	0.2810	0.5045	0.0020	0.0018	0.0023	0.0038	0.0039	0.0005	0.0016	0.0009	0.0023
73	126	0.2472	8	1	0	1	0	0	0	0	0	N	N	N	N	N	N	N	N	N	N	N	N	0.0230	0.0177	0.0623	0.0127	0.0118	0.0475	0.0295	0.0028	0.0635	0.0003	0.0003	0.0002	0.0001	0.0001	0.0003	0.0004	0.0005	0.0002	0.0113	0.0163	0.0026	0.0103	0.0110	0.0054	0.0124	0.1817	0.0025	0.1806	0.4084	-0.0000	-0.0000	3.5853	4.1618	4.3819	2.0491	0.0001	0.0001	0.0000	0.0000	0.0000	0.0000	0.0000	0.0000	0.0000	0.0001	0.0001	0.0000	0.0001	0.0001	0.0000	0.0001	0.0000	0.0000	0.2303	0.1747	0.0556	0.1040	0.1023	0.0018	0.1262	0.0724	0.0538	0.0349	0.0212	0.0137	0.0077	0.0073	0.0004	0.0271	0.0139	0.0132	0.0728	0.0696	0.0623	0.0183	0.0177	0.0475	0.1439	0.2039	0.0635	0.0036	0.0042	0.0026	0.0072	0.0073	0.0054	0.0025	0.0025	0.0025
73	127	0.2181	7	1	0	1	0	0	0	0	0	N	N	N	N	N	N	N	N	N	N	N	N	0.0006	0.0001	0.1253	0.0005	0.0005	0.0000	0.0034	0.0000	0.1930	0.0001	0.0001	0.0012	0.0001	0.0001	0.0000	0.0002	0.0000	0.0014	0.2688	0.4235	0.0096	0.2501	0.2499	0.0175	0.0500	0.4932	0.0071	2.0754	0.1306	0.0000	-0.0009	3.5853	9.4810	4.3819	7.4917	0.0000	0.0000	0.0000	0.0000	0.0000	0.0000	0.0000	0.0000	0.0000	0.0018	0.0016	0.0002	0.0013	0.0013	0.0000	0.0005	0.0003	0.0002	0.2769	0.2538	0.0231	0.1115	0.1086	0.0029	0.1654	0.1452	0.0202	0.0945	0.0606	0.0339	0.0223	0.0213	0.0010	0.0722	0.0394	0.0329	0.0079	0.0020	0.1990	0.0020	0.0020	0.0000	0.0258	0.0002	0.2420	0.0187	0.0258	0.0060	0.0582	0.0601	0.0175	0.0065	0.0072	0.0057
73	128	0.5152	12	2	1	1	0	0	0	0	0	Y	N	N	N	N	N	N	N	N	N	N	N	0.0007	0.4380	0.0000	0.6913	1.0013	0.0000	0.0000	0.0000	0.0000	0.0000	0.0000	0.0000	0.0000	0.0000	0.0000	0.0000	0.0000	0.0000	0.0009	0.0000	0.0016	0.0000	0.0000	0.0000	0.0031	0.0004	0.0018	0.0000	532.9667	-0.0000	0.0000	3.5853	2.0107	4.3819	1.9995	0.0000	0.0000	0.0000	0.0000	0.0000	0.0000	0.0000	0.0000	0.0000	0.0000	0.0000	0.0000	0.0000	0.0000	0.0000	0.0000	0.0000	0.0000	0.0553	0.0505	0.0048	0.0269	0.0256	0.0013	0.0284	0.0249	0.0035	0.0193	0.0130	0.0063	0.0071	0.0063	0.0008	0.0122	0.0067	0.0055	0.0011	0.4380	0.0000	0.6913	1.0013	0.0000	0.0000	0.0000	0.0000	0.0005	0.0000	0.0016	0.0000	0.0000	0.0000	0.0008	0.0000	0.0018
73	129	0.5029	11	2	1	1	0	0	0	0	0	Y	N	N	N	N	N	N	N	N	N	N	N	0.0000	0.0000	0.0001	0.0000	0.0000	0.0000	0.0000	0.0000	0.0006	0.0000	0.0000	0.0000	0.0000	0.0000	0.0000	0.0000	0.0000	0.0000	0.0052	0.0029	0.0043	0.0000	0.0000	0.0000	0.0163	0.1460	0.0043	inf	1.5537	0.0000	-0.0000	3.5853	5.6459	4.3819	1.1399	0.0000	0.0000	0.0000	0.0000	0.0000	0.0000	0.0000	0.0000	0.0000	0.0001	0.0000	0.0000	0.0000	0.0000	0.0000	0.0001	0.0000	0.0000	0.3717	0.3116	0.0600	0.2319	0.1837	0.0482	0.1398	0.1279	0.0119	0.0336	0.0224	0.0111	0.0121	0.0108	0.0013	0.0214	0.0116	0.0098	0.0000	0.0000	0.0001	0.0000	0.0000	0.0000	0.0001	0.0000	0.0007	0.0020	0.0012	0.0037	0.0000	0.0000	0.0000	0.0031	0.0022	0.0041
73	130	0.4726	10	1	0	1	0	0	0	0	0	N	N	N	N	N	N	N	N	N	N	N	N	0.0006	0.0002	0.0175	0.0038	0.0038	0.0003	0.0006	0.0000	0.0221	0.0033	0.0012	0.0279	0.0020	0.0021	0.0000	0.0045	0.0002	0.0344	5.0516	7.4102	1.5916	0.5369	0.5473	0.0619	8.1517	15.4408	1.5615	1.9310	0.0135	0.0005	-0.3408	3.5853	11.6079	4.3819	5.3766	0.0014	0.0005	0.0009	0.0004	0.0004	0.0000	0.0009	0.0000	0.0009	0.5541	0.5467	0.0074	0.0042	0.0041	0.0002	0.5499	0.5427	0.0072	0.4191	0.3868	0.0323	0.2125	0.2064	0.0061	0.2066	0.1804	0.0262	0.1097	0.0738	0.0359	0.0422	0.0386	0.0036	0.0675	0.0351	0.0323	0.0006	0.0002	0.1358	0.0203	0.0199	0.0004	0.0006	0.0000	0.1542	5.0516	7.4102	0.2057	0.1004	0.1054	0.0466	8.1517	15.4408	0.2234
73	131	0.4547	9	1	0	1	0	0	0	0	0	N	N	N	N	N	N	N	N	N	N	N	N	0.0703	0.0546	0.0349	2.1990	2.2532	0.0263	0.0108	0.0052	0.0511	0.0185	0.0201	0.0007	0.0318	0.0331	0.0003	0.0045	0.0050	0.0009	0.2627	0.3680	0.0208	0.0144	0.0147	0.0116	0.4141	0.9581	0.0169	0.0034	0.2084	-0.0008	-0.0009	3.5853	3.9355	4.3819	8.7078	0.0028	0.0028	0.0000	0.0025	0.0025	0.0000	0.0003	0.0003	0.0000	0.0020	0.0017	0.0003	0.0004	0.0004	0.0000	0.0016	0.0013	0.0003	0.1531	0.1400	0.0130	0.0785	0.0754	0.0031	0.0746	0.0647	0.0099	0.1079	0.0761	0.0318	0.0432	0.0404	0.0028	0.0648	0.0357	0.0290	0.9928	0.9214	0.0669	3.3933	3.5905	0.0263	0.1807	0.1392	0.0797	0.0186	0.0218	0.0109	0.0094	0.0092	0.0116	0.0248	0.0361	0.0108
73	132	0.4431	8	1	0	1	0	0	0	0	0	N	N	N	N	N	N	N	N	N	N	N	N	0.4495	0.3589	0.0295	1.6493	1.9629	0.0132	0.3634	0.0588	0.0507	0.0301	0.0329	0.0006	0.0348	0.0362	0.0005	0.0251	0.0289	0.0006	0.0670	0.0917	0.0195	0.0211	0.0185	0.0398	0.0691	0.4916	0.0117	0.0016	0.4949	-0.0021	-0.0003	3.5853	6.2657	4.3819	3.9760	0.0072	0.0072	0.0000	0.0043	0.0043	0.0000	0.0029	0.0029	0.0000	0.0009	0.0006	0.0003	0.0004	0.0004	0.0001	0.0004	0.0002	0.0002	0.2400	0.2195	0.0205	0.1239	0.1191	0.0048	0.1161	0.1005	0.0157	0.0905	0.0625	0.0280	0.0360	0.0338	0.0021	0.0545	0.0287	0.0258	3.1568	3.5599	0.0564	2.8322	3.3015	0.0158	3.2501	4.0227	0.0712	0.0095	0.0092	0.0102	0.0123	0.0110	0.0333	0.0077	0.0072	0.0083
73	133	0.3658	7	1	0	1	0	0	0	0	0	N	N	N	N	N	N	N	N	N	N	N	N	2.0224	8.4735	0.0127	9.4787	43.1849	0.0050	0.4855	0.6354	0.0188	0.8208	0.9402	0.0034	1.4573	1.5400	0.0092	0.1703	0.2131	0.0019	0.4059	0.1110	0.2707	0.1537	0.0357	1.8534	0.3508	0.3355	0.0989	0.0005	3.3152	-0.2436	0.0012	3.5853	26.7012	4.3819	18.2690	0.8501	0.8496	0.0005	0.7628	0.7626	0.0003	0.0872	0.0871	0.0002	0.0082	0.0019	0.0063	0.0039	0.0014	0.0025	0.0043	0.0005	0.0038	1.0356	0.9036	0.1320	0.5235	0.4952	0.0283	0.5122	0.4085	0.1037	0.2900	0.1860	0.1040	0.0878	0.0823	0.0055	0.2022	0.1037	0.0985	28.8817	91.5678	0.0564	32.5441	88.4244	0.0203	7.9911	46.3546	0.0478	0.0284	0.0103	0.0609	0.0448	0.0174	0.4527	0.0213	0.0046	0.0389
73	134	0.1277	6	1	0	1	0	0	0	0	0	N	N	N	N	N	N	N	N	N	N	N	N	0.4401	0.5916	0.0032	0.0333	0.0348	0.0148	0.5651	0.9099	0.0033	0.5802	0.6311	0.0154	0.0663	0.0677	0.0021	0.8625	0.9735	0.0168	1.3185	1.0668	4.8297	1.9894	1.9489	0.1452	1.5263	1.0698	5.1149	0.0022	7.7231	-0.2656	0.1483	3.5853	61.4372	4.3819	55.8589	0.9323	0.9302	0.0021	0.0378	0.0377	0.0000	0.8945	0.8925	0.0020	0.5771	0.0662	0.5110	0.0546	0.0543	0.0003	0.5225	0.0119	0.5107	1.6068	1.4740	0.1329	0.5697	0.5571	0.0126	1.0371	0.9168	0.1203	0.5634	0.3354	0.2280	0.0917	0.0882	0.0035	0.4716	0.2472	0.2244	0.5663	3.1990	0.0069	0.1114	0.1100	0.0260	0.7785	20.2782	0.0074	1.0245	0.1973	2.2412	0.5951	0.6157	0.0826	1.1080	0.0480	2.2753
74	79	0.2146	7	1	1	1	0	0	0	0	0	N	N	N	N	N	N	N	N	N	N	N	N	118.5213	48.2873	1699.6847	0.4568	0.4247	0.7588	212.6250	112.2730	2175.3605	1.2343	0.5805	6.5811	0.0099	0.0103	0.0016	1.6934	0.8133	7.5797	0.0104	0.0120	0.0039	0.0216	0.0243	0.0021	0.0080	0.0072	0.0035	1.3864	0.8061	0.4489	-0.0003	12.3589	23.9173	7.3592	17.8091	1.5276	0.6401	0.8875	0.0033	0.0033	0.0000	1.5243	0.6368	0.8875	0.0015	0.0008	0.0007	0.0008	0.0008	0.0000	0.0007	0.0001	0.0007	1.2376	1.1028	0.1349	0.3375	0.3197	0.0178	0.9001	0.7831	0.1171	0.4388	0.2457	0.1930	0.0624	0.0576	0.0047	0.3764	0.1881	0.1883	363.0026	172.6754	1907.8452	0.7854	0.7693	0.7588	897.9406	2845.5448	2175.3605	0.0034	0.0034	0.0034	0.0125	0.0134	0.0021	0.0019	0.0003	0.0035
74	80	0.1985	6	1	1	1	0	0	0	0	0	N	N	N	N	N	N	N	N	N	N	N	N	6.2097	0.0318	131.3212	0.1356	0.3628	0.0009	7.6772	0.0007	343.7898	0.3350	0.0014	3.0051	0.0040	0.0042	0.0005	0.4499	0.0003	3.4122	0.0540	0.0434	0.0229	0.0292	0.0114	0.5444	0.0586	0.4683	0.0099	272.3244	1.0063	0.0775	-0.0002	12.3589	6.1279	7.3592	3.6878	0.1093	0.0004	0.1089	0.0003	0.0003	0.0000	0.1089	0.0001	0.1089	0.0012	0.0006	0.0006	0.0004	0.0002	0.0002	0.0008	0.0004	0.0004	0.3261	0.2899	0.0362	0.0840	0.0797	0.0043	0.2422	0.2103	0.0319	0.1374	0.0858	0.0515	0.0282	0.0270	0.0012	0.1091	0.0588	0.0503	37.9507	0.1959	254.5135	0.2536	0.5536	0.0026	63.6568	0.0480	464.5508	0.0088	0.0070	0.0118	0.0156	0.0075	0.1984	0.0071	0.0068	0.0073
74	81	0.2866	10	2	0	2	0	0	0	0	0	Y	N	Y	N	N	N	N	N	N	N	N	N	0.8874	0.4325	1.5238	0.4723	0.0838	1959.4791	0.6600	0.6905	0.1362	1.0069	0.6051	4.5333	1.4887	0.2728	28.6210	0.7490	0.8018	0.4078	1.1347	1.3991	2.9749	3.1517	3.2539	0.0146	1.1348	1.1612	2.9950	0.8536	0.8240	0.2769	-0.0457	12.3589	27.2690	7.3592	12.3406	1.5970	0.8615	0.7354	0.8234	0.1444	0.6790	0.7736	0.7171	0.0565	0.2587	0.1418	0.1169	0.1306	0.1305	0.0001	0.1281	0.0113	0.1168	1.5860	1.4237	0.1622	0.5531	0.5294	0.0237	1.0329	0.8944	0.1385	0.4497	0.2437	0.2060	0.0580	0.0535	0.0045	0.3917	0.1901	0.2016	1.7505	1.0397	7.9925	0.6615	0.1119	1959.4791	2.2901	13.4862	0.7038	0.5752	0.5820	0.5672	2.2505	2.4375	0.0146	0.3271	0.0595	0.5795
74	82	0.2713	9	1	0	1	0	0	0	0	0	N	N	N	N	N	N	N	N	N	N	N	N	0.4086	0.4029	0.2636	0.3420	0.3480	1.1618	0.1196	0.0909	0.3394	0.3730	0.3533	0.5902	0.6342	0.6561	0.0072	0.1198	0.0266	0.7350	0.9130	0.8768	2.2394	1.8547	1.8851	0.0062	1.0015	0.2928	2.1656	0.1520	2.6082	-0.0422	0.0022	12.3589	9.0798	7.3592	0.9519	0.2718	0.2359	0.0359	0.2275	0.2274	0.0001	0.0443	0.0085	0.0358	0.0236	0.0065	0.0170	0.0063	0.0063	0.0000	0.0172	0.0002	0.0170	0.7286	0.6678	0.0608	0.3586	0.3466	0.0121	0.3700	0.3213	0.0487	0.1123	0.0597	0.0526	0.0121	0.0110	0.0011	0.1002	0.0487	0.0515	1.7775	3.2273	1.8233	1.2073	1.1368	1.1618	0.6974	6.8523	2.2241	0.2099	0.1095	0.3237	0.5253	0.5772	0.0062	0.1718	0.0039	0.3305
74	83	0.1985	6	1	1	1	0	0	0	0	0	N	N	N	N	N	N	N	N	N	N	N	N	75.0729	66.2495	1.9654	418.1821	411.9702	67.1072	41.6392	4.6279	2.6340	1.5358	1.7233	0.0167	0.3655	0.3851	0.0008	1.9375	2.2244	0.0189	0.0205	0.0260	0.0085	0.0009	0.0009	0.0000	0.0465	0.4806	0.0072	0.0012	0.7408	-0.4734	-0.0004	12.3589	21.0000	7.3592	14.4214	1.6557	1.6537	0.0020	0.1007	0.1007	0.0000	1.5550	1.5531	0.0020	0.0022	0.0013	0.0009	0.0001	0.0001	0.0000	0.0022	0.0012	0.0009	1.0781	0.9596	0.1185	0.2755	0.2614	0.0141	0.8026	0.6982	0.1044	0.4021	0.2325	0.1697	0.0624	0.0583	0.0041	0.3397	0.1742	0.1656	278.3550	314.3296	3.0034	418.1821	411.9702	67.1072	304.1423	317.5587	3.3069	0.0055	0.0055	0.0056	0.0009	0.0009	0.0000	0.0064	0.0070	0.0057
74	84	0.2562	10	1	0	2	0	0	0	0	0	N	N	Y	N	N	N	N	N	N	N	N	N	34.4344	17.5684	390.3712	0.0641	0.0547	1.0155	60.1045	28.7719	586.7596	1.4172	0.8415	6.2452	0.0032	0.0032	0.0047	2.0453	1.2481	7.3324	0.0412	0.0479	0.0160	0.0506	0.0579	0.0046	0.0340	0.0434	0.0125	0.8849	0.9980	0.2857	-0.0003	12.3589	20.4085	7.3592	11.0867	1.5669	0.8312	0.7356	0.0011	0.0010	0.0001	1.5658	0.8302	0.7355	0.0025	0.0013	0.0013	0.0011	0.0011	0.0000	0.0014	0.0001	0.0012	1.1056	0.9878	0.1178	0.3401	0.3226	0.0175	0.7655	0.6652	0.1003	0.3227	0.1747	0.1481	0.0497	0.0437	0.0060	0.2730	0.1309	0.1421	180.5175	115.9028	730.6776	0.1409	0.1240	1.0155	402.2667	1089.6936	841.4022	0.0079	0.0073	0.0085	0.0230	0.0256	0.0046	0.0051	0.0011	0.0087
74	85	0.2524	9	1	0	2	0	0	0	0	0	N	N	Y	N	N	N	N	N	N	N	N	N	183.4955	146.7403	1432.5913	113.1898	267.2753	0.0634	377.6034	16.4070	4650.7196	0.5793	0.3630	2.5249	0.7750	0.8086	0.0020	0.4623	0.0682	2.9907	0.0032	0.0025	0.0018	0.0068	0.0030	0.0312	0.0012	0.0042	0.0006	0.7731	1.2704	0.0193	-0.0000	12.3589	3.1287	7.3592	1.1816	0.1296	0.0731	0.0565	0.0648	0.0648	0.0000	0.0648	0.0083	0.0565	0.0001	0.0000	0.0000	0.0001	0.0000	0.0000	0.0000	0.0000	0.0000	0.2237	0.2013	0.0224	0.0837	0.0802	0.0035	0.1401	0.1212	0.0189	0.0527	0.0302	0.0225	0.0103	0.0093	0.0009	0.0424	0.0209	0.0215	430.8008	351.2913	1432.5913	147.4244	267.5134	0.0727	1160.5195	467.0841	4650.7196	0.0013	0.0010	0.0018	0.0053	0.0030	0.0272	0.0004	0.0001	0.0006
74	86	0.2455	8	1	0	1	0	0	0	0	0	N	N	N	N	N	N	N	N	N	N	N	N	1.6217	0.2003	96.8718	0.2728	0.3024	0.0410	5.6976	0.2078	151.7133	0.2992	0.0545	2.4828	0.0389	0.0407	0.0018	0.4271	0.0618	2.9191	0.1845	0.2719	0.0256	0.1428	0.1347	0.0449	0.0750	0.2976	0.0192	5.1094	0.5870	0.0402	-0.0003	12.3589	4.0532	7.3592	2.2470	0.0731	0.0120	0.0612	0.0031	0.0031	0.0000	0.0700	0.0088	0.0612	0.0012	0.0008	0.0004	0.0007	0.0006	0.0000	0.0005	0.0001	0.0004	0.2444	0.2198	0.0246	0.0806	0.0769	0.0037	0.1639	0.1429	0.0210	0.0803	0.0456	0.0347	0.0157	0.0144	0.0013	0.0646	0.0312	0.0333	20.1413	3.3046	195.2269	0.9049	0.9327	0.0507	53.3740	15.5512	247.9725	0.0149	0.0165	0.0127	0.0430	0.0437	0.0363	0.0080	0.0040	0.0118
74	87	0.2224	7	1	0	1	0	0	0	0	0	N	N	N	N	N	N	N	N	N	N	N	N	0.0210	0.0071	0.0487	0.0058	0.0058	0.1785	0.0258	0.0054	0.0577	0.0283	0.0108	0.1931	0.0202	0.0203	0.0198	0.0340	0.0034	0.2356	1.3464	1.5276	3.9680	3.4743	3.4766	0.1109	1.3182	0.6244	4.0842	1.8891	0.9746	0.0033	-0.0306	12.3589	4.7288	7.3592	9.8540	0.0091	0.0031	0.0059	0.0027	0.0026	0.0001	0.0064	0.0006	0.0058	0.2270	0.1150	0.1121	0.1143	0.1141	0.0002	0.1128	0.0009	0.1119	0.3207	0.2900	0.0307	0.1338	0.1278	0.0060	0.1869	0.1622	0.0247	0.2075	0.1237	0.0838	0.0454	0.0430	0.0024	0.1622	0.0808	0.0814	0.0258	0.0116	0.1444	0.0080	0.0076	0.2911	0.0489	0.3084	0.1714	1.0939	0.9292	1.3372	2.5184	2.6539	0.0680	0.6954	0.0110	1.3743
74	88	0.1985	6	1	0	1	0	0	0	0	0	N	N	N	N	N	N	N	N	N	N	N	N	3.6511	0.0303	99.5095	0.0186	0.0253	0.0012	6.4139	0.0328	175.8571	1.5637	0.0120	14.0053	0.0077	0.0081	0.0012	2.1021	0.0135	15.9003	0.4283	0.3968	0.1407	0.4152	0.3182	1.0604	0.3277	0.4116	0.0904	145.3197	1.1954	0.5040	-0.0005	12.3589	8.6320	7.3592	7.0881	0.7139	0.0049	0.7090	0.0009	0.0009	0.0000	0.7130	0.0040	0.7090	0.0063	0.0029	0.0034	0.0030	0.0024	0.0006	0.0033	0.0005	0.0029	0.4565	0.4059	0.0506	0.1174	0.1113	0.0060	0.3392	0.2946	0.0446	0.2011	0.1211	0.0800	0.0365	0.0346	0.0019	0.1646	0.0865	0.0781	49.8434	0.5065	326.1930	0.0951	0.1175	0.0040	103.2779	2.3445	435.5655	0.0314	0.0237	0.0429	0.0810	0.0686	0.3071	0.0204	0.0058	0.0365
74	89	0.2663	8	1	1	1	0	0	0	0	0	N	N	N	N	N	N	N	N	N	N	N	N	0.3345	1.2643	0.1014	2.2703	2.2556	0.2003	0.0374	0.0746	0.1511	0.0021	0.0023	0.0006	0.0055	0.0058	0.0001	0.0004	0.0004	0.0007	0.0063	0.0018	0.0058	0.0024	0.0026	0.0006	0.0109	0.0049	0.0045	0.0303	3.8145	-0.0005	0.0001	12.3589	15.4622	7.3592	5.2688	0.0019	0.0018	0.0001	0.0016	0.0016	0.0000	0.0002	0.0002	0.0001	0.0005	0.0001	0.0004	0.0001	0.0001	0.0000	0.0004	0.0000	0.0004	0.8810	0.7883	0.0927	0.2952	0.2804	0.0148	0.5858	0.5080	0.0778	0.2284	0.1295	0.0990	0.0390	0.0363	0.0028	0.1894	0.0932	0.0962	0.9118	2.6988	0.1394	2.2703	2.2556	0.2003	0.1780	2.0067	0.1569	0.0023	0.0008	0.0042	0.0024	0.0026	0.0006	0.0023	0.0002	0.0043
74	90	0.2545	7	1	0	1	0	0	0	0	0	N	N	N	N	N	N	N	N	N	N	N	N	1.7281	0.5845	19.5136	5.6199	5.4216	0.6579	0.9517	0.0661	23.3138	0.0360	0.0365	0.0322	0.0286	0.0300	0.0008	0.0403	0.0405	0.0390	0.0209	0.0624	0.0017	0.0051	0.0055	0.0012	0.0424	0.6132	0.0017	0.0994	0.1285	-0.0034	-0.0004	12.3589	7.5917	7.3592	1.5198	0.0172	0.0157	0.0016	0.0050	0.0050	0.0000	0.0123	0.0107	0.0016	0.0007	0.0006	0.0001	0.0001	0.0001	0.0000	0.0006	0.0005	0.0001	0.4784	0.4300	0.0484	0.1742	0.1656	0.0086	0.3043	0.2645	0.0398	0.1274	0.0779	0.0495	0.0318	0.0295	0.0024	0.0956	0.0485	0.0471	6.4028	4.4724	19.5136	6.5680	6.5237	0.6579	6.6588	3.9272	23.3138	0.0056	0.0082	0.0017	0.0043	0.0046	0.0012	0.0061	0.0103	0.0017
74	91	0.3638	11	2	0	2	0	0	0	0	0	Y	N	Y	N	N	N	N	N	N	N	N	N	5486.0576	3245.5862	inf	1330.5091	1263.6094	inf	inf	inf	inf	0.0036	0.0039	0.0006	0.0071	0.0075	0.0000	0.0020	0.0022	0.0007	0.0000	0.0000	0.0000	0.0000	0.0000	0.0000	0.0000	0.0000	0.0000	0.0192	0.0000	-0.0002	-0.0000	12.3589	3.0317	7.3592	0.1644	0.0006	0.0006	0.0000	0.0004	0.0004	0.0000	0.0002	0.0002	0.0000	0.0000	0.0000	0.0000	0.0000	0.0000	0.0000	0.0000	0.0000	0.0000	0.1621	0.1447	0.0174	0.0504	0.0477	0.0027	0.1117	0.0970	0.0147	0.0341	0.0184	0.0157	0.0041	0.0037	0.0004	0.0300	0.0146	0.0153	5486.0576	3245.5862	inf	1330.5091	1263.6094	inf	inf	inf	inf	0.0000	0.0000	0.0000	0.0000	0.0000	0.0000	0.0000	0.0000	0.0000
74	92	0.3580	10	2	0	2	0	0	0	0	0	Y	N	Y	N	N	N	N	N	N	N	N	N	4286.4933	1797.3281	72725.9425	37.6031	34.5356	3639.5454	1336909.9578	90773.6557	88828.4244	3.9520	4.2928	0.6712	0.1677	0.1726	0.0604	6.3120	7.1032	0.8034	0.0009	0.0024	0.0000	0.0045	0.0050	0.0000	0.0000	0.0001	0.0000	0.0162	0.0074	-0.1954	-0.0000	12.3589	2.6632	7.3592	1.0147	0.7205	0.7090	0.0115	0.0117	0.0116	0.0002	0.7088	0.6974	0.0113	0.0000	0.0000	0.0000	0.0000	0.0000	0.0000	0.0000	0.0000	0.0000	0.1823	0.1652	0.0172	0.0700	0.0670	0.0031	0.1123	0.0982	0.0141	0.0418	0.0231	0.0188	0.0059	0.0054	0.0005	0.0359	0.0176	0.0183	7043.1718	4249.4128	72725.9425	42.3085	40.1365	3639.5454	1336909.9578	29982500.1408	88828.4244	0.0006	0.0010	0.0000	0.0040	0.0043	0.0000	0.0000	0.0000	0.0000
74	93	0.2747	9	2	0	2	0	0	0	0	0	Y	N	Y	N	N	N	N	N	N	N	N	N	1.3718	0.8753	6.7598	0.4151	0.3948	6.8227	168.6170	145.2679	5.0175	2.1235	2.3644	0.0149	4.8359	5.0493	0.0423	0.8007	0.9206	0.0105	1.5480	2.7013	0.0022	11.6508	12.7891	0.0062	0.0047	0.0063	0.0021	0.0007	0.0007	-1.2006	-0.4502	12.3589	35.0787	7.3592	12.2568	4.1917	4.1887	0.0030	3.1293	3.1281	0.0012	1.0624	1.0606	0.0018	0.7173	0.7168	0.0005	0.7168	0.7167	0.0000	0.0005	0.0001	0.0005	1.9740	1.7716	0.2024	0.6471	0.6195	0.0276	1.3269	1.1520	0.1748	0.4936	0.2653	0.2282	0.0615	0.0560	0.0055	0.4321	0.2093	0.2228	1.4612	0.8753	6.7598	0.4151	0.3948	6.8227	664.9742	3696.6369	5.0175	1.4533	2.7013	0.0022	11.6508	12.7891	0.0062	0.0012	0.0002	0.0021
74	94	0.2612	8	2	0	1	0	0	0	0	0	Y	N	N	N	N	N	N	N	N	N	N	N	2.5283	2.1556	8.2330	1.8336	1.7903	286.3375	2.2237	1.5413	11.2810	1.7406	1.5390	3.8295	2.2045	2.2671	0.2594	1.3984	0.9408	4.4618	0.6885	0.7140	0.4651	1.2023	1.2663	0.0009	0.6288	0.6104	0.3955	0.2402	1.0061	-0.1119	-0.0012	12.3589	8.4810	7.3592	2.3446	1.1973	0.9654	0.2319	0.6438	0.6415	0.0024	0.5535	0.3239	0.2295	0.0094	0.0047	0.0047	0.0041	0.0041	0.0000	0.0053	0.0006	0.0047	0.6878	0.6273	0.0606	0.2921	0.2829	0.0091	0.3958	0.3443	0.0514	0.1266	0.0693	0.0573	0.0161	0.0148	0.0013	0.1105	0.0546	0.0560	23.3315	22.6605	46.3051	8.5410	8.0675	286.3375	29.1803	91.4752	52.7256	0.0746	0.0679	0.0827	0.2581	0.2810	0.0009	0.0479	0.0103	0.0846
74	95	0.1985	6	1	1	1	1	0	0	0	0	N	N	N	N	N	N	N	N	N	N	N	N	0.4970	15.4302	0.0093	92.2828	101.1580	0.0159	0.0067	0.0120	0.0100	0.9690	1.0787	0.0777	3.7519	3.9531	0.0006	0.0154	0.0045	0.0880	1.9498	0.0699	8.3145	0.0407	0.0391	0.0394	2.2885	0.3775	8.8345	0.0089	401.9355	-0.3300	0.3663	12.3589	24.0032	7.3592	22.6134	1.1857	1.1752	0.0104	1.1716	1.1716	0.0000	0.0140	0.0036	0.0104	0.9923	0.0025	0.9899	0.0015	0.0013	0.0002	0.9908	0.0011	0.9897	1.2236	1.0895	0.1341	0.3123	0.2964	0.0159	0.9113	0.7931	0.1182	0.5090	0.2918	0.2171	0.0760	0.0707	0.0053	0.4330	0.2211	0.2119	0.4970	127.8214	0.0170	191.5272	212.7932	0.0189	0.0067	0.8749	0.0188	1.9498	0.0084	4.5588	0.0196	0.0186	0.0331	2.2885	0.0052	4.6716
74	96	0.4352	8	1	1	1	0	0	0	0	0	N	N	N	N	N	N	N	N	N	N	N	N	0.0173	0.0055	0.4409	0.0455	0.0336	10.9038	0.0001	0.0000	0.0020	0.0004	0.0004	0.0007	0.0013	0.0012	0.0051	0.0000	0.0000	0.0000	0.0251	0.0733	0.0017	0.0293	0.0347	0.0005	0.0059	0.0464	0.0018	0.1958	0.0989	-0.0001	-0.0013	12.3589	18.5150	7.3592	10.2301	0.0005	0.0004	0.0001	0.0005	0.0004	0.0001	0.0000	0.0000	0.0000	0.0025	0.0023	0.0002	0.0021	0.0021	0.0000	0.0004	0.0002	0.0002	1.1160	1.0091	0.1069	0.3630	0.3476	0.0154	0.7530	0.6615	0.0915	0.3984	0.2646	0.1338	0.1352	0.1228	0.0124	0.2631	0.1418	0.1214	0.0691	0.0467	0.4409	0.0853	0.0679	10.9038	0.0005	0.0003	0.0020	0.0063	0.0086	0.0017	0.0156	0.0172	0.0005	0.0015	0.0012	0.0018
74	97	0.2276	7	1	1	1	0	0	0	0	0	N	N	N	N	N	N	N	N	N	N	N	N	0.8766	0.3357	1282.8955	0.1907	0.1606	10.4243	1.2142	0.2677	1935.9360	1.1471	0.6245	5.5158	0.8742	0.9148	0.0859	1.2428	0.5136	6.2492	1.3086	1.8604	0.0043	4.5855	5.6981	0.0082	1.0235	1.9186	0.0032	1.0567	0.0016	0.5909	-0.5092	12.3589	46.1140	7.3592	26.4917	2.6072	1.2677	1.3396	0.5158	0.5133	0.0025	2.0915	0.7544	1.3371	0.8124	0.8111	0.0013	0.6898	0.6895	0.0002	0.1226	0.1216	0.0010	2.2729	2.0300	0.2429	0.5899	0.5611	0.0289	1.6829	1.4690	0.2140	0.8073	0.4554	0.3519	0.1504	0.1210	0.0294	0.6569	0.3344	0.3225	1.1399	0.3506	1512.5575	0.1907	0.1606	10.4243	6.6574	1.4124	1935.9360	1.0063	1.7812	0.0036	4.5855	5.6981	0.0082	0.1867	0.3636	0.0032
74	98	0.4881	10	1	1	1	0	0	0	0	0	N	N	N	N	N	N	N	N	N	N	N	N	0.0084	0.0077	0.0134	0.0044	0.0043	0.0012	0.0118	0.0084	0.0227	0.0001	0.0001	0.0001	0.0001	0.0001	0.0000	0.0002	0.0002	0.0001	0.0145	0.0160	0.0078	0.0117	0.0127	0.0071	0.0138	0.0203	0.0056	0.0973	0.7517	-0.0000	-0.0002	12.3589	20.7840	7.3592	8.9470	0.0001	0.0001	0.0000	0.0000	0.0000	0.0000	0.0001	0.0001	0.0000	0.0011	0.0006	0.0005	0.0007	0.0006	0.0001	0.0005	0.0001	0.0004	0.9582	0.8591	0.0991	0.3617	0.3433	0.0184	0.5965	0.5158	0.0807	0.2512	0.1573	0.0940	0.0822	0.0713	0.0109	0.1691	0.0860	0.0831	0.0270	0.0301	0.0202	0.0064	0.0066	0.0012	0.0592	0.2404	0.0257	0.0045	0.0041	0.0052	0.0080	0.0082	0.0071	0.0028	0.0007	0.0049
74	99	0.4832	9	1	0	1	0	0	0	0	0	N	N	N	N	N	N	N	N	N	N	N	N	0.0649	0.0327	1.3769	0.1935	0.2047	0.0144	0.1177	0.0062	5.4284	0.0114	0.0070	0.0430	0.0082	0.0094	0.0002	0.0179	0.0022	0.1501	0.1754	0.2139	0.0312	0.0424	0.0459	0.0128	0.1521	0.3618	0.0276	0.8526	0.7292	0.0013	-0.0002	12.3589	2.7834	7.3592	1.0450	0.0075	0.0041	0.0035	0.0036	0.0036	0.0000	0.0039	0.0004	0.0035	0.0009	0.0005	0.0004	0.0005	0.0005	0.0000	0.0005	0.0001	0.0004	0.6620	0.5814	0.0807	0.4445	0.3869	0.0576	0.2176	0.1945	0.0231	0.0656	0.0391	0.0264	0.0239	0.0225	0.0013	0.0417	0.0166	0.0251	0.7893	0.5007	2.8508	0.4062	0.4555	0.0144	1.6082	0.4515	9.8654	0.0144	0.0140	0.0151	0.0202	0.0206	0.0128	0.0111	0.0050	0.0152
74	100	0.4731	8	1	0	1	0	0	0	0	0	N	N	N	N	N	N	N	N	N	N	N	N	25.8971	26.3700	6.9223	32.7743	42.4091	0.9922	33.6829	4.8704	23.2108	0.4485	0.4950	0.0604	0.3306	0.3664	0.0136	0.6038	0.6667	0.1153	0.0173	0.0188	0.0087	0.0101	0.0086	0.0137	0.0179	0.1369	0.0050	0.0146	0.6519	-0.1209	-0.0002	12.3589	7.6044	7.3592	2.7972	0.4435	0.4371	0.0064	0.1858	0.1850	0.0008	0.2576	0.2520	0.0056	0.0011	0.0006	0.0004	0.0006	0.0005	0.0001	0.0004	0.0001	0.0003	0.9888	0.8830	0.1058	0.5620	0.5050	0.0571	0.4267	0.3780	0.0487	0.2143	0.1411	0.0732	0.0891	0.0804	0.0087	0.1252	0.0607	0.0645	91.2414	109.5347	10.6358	46.9502	57.9736	0.9922	177.4624	312.3702	25.0782	0.0049	0.0045	0.0057	0.0070	0.0063	0.0137	0.0034	0.0021	0.0046
74	101	0.4235	7	1	0	1	0	0	0	0	0	N	N	N	N	N	N	N	N	N	N	N	N	10.2857	4.9261	7.5906	10.3866	10.9120	0.2207	11.1754	1.9016	15.2248	0.8211	0.9011	0.0621	0.2113	0.2203	0.0033	1.1247	1.2715	0.0720	0.0798	0.1829	0.0082	0.0203	0.0202	0.0149	0.1006	0.6687	0.0047	0.0073	0.2298	-0.2640	-0.0018	12.3589	18.4780	7.3592	12.4520	0.9430	0.9362	0.0068	0.0807	0.0806	0.0001	0.8624	0.8556	0.0068	0.0041	0.0034	0.0008	0.0016	0.0014	0.0002	0.0025	0.0020	0.0006	1.1485	1.0390	0.1096	0.3818	0.3661	0.0158	0.7667	0.6729	0.0938	0.4090	0.2661	0.1429	0.1327	0.1201	0.0125	0.2763	0.1459	0.1304	81.1793	71.2807	11.4845	17.6241	18.8455	0.2207	122.0744	94.6992	16.0099	0.0101	0.0126	0.0054	0.0120	0.0117	0.0149	0.0092	0.0134	0.0045
74	102	0.3125	9	1	1	1	0	0	0	0	0	N	N	N	N	N	N	N	N	N	N	N	N	0.0427	0.0358	0.0920	0.0404	0.0403	0.3308	0.0646	0.0271	0.0357	0.0220	0.0241	0.0016	0.0220	0.0227	0.0066	0.0220	0.0251	0.0004	0.5148	0.6740	0.0172	0.5439	0.5638	0.0200	0.3396	0.9242	0.0121	0.0070	0.0944	-0.0137	-0.0145	12.3589	34.1922	7.3592	22.4626	0.0489	0.0486	0.0003	0.0187	0.0184	0.0003	0.0303	0.0302	0.0001	0.0267	0.0244	0.0023	0.0166	0.0163	0.0003	0.0101	0.0081	0.0020	2.2279	2.0146	0.2133	0.8488	0.8090	0.0398	1.3791	1.2056	0.1735	0.6519	0.4008	0.2511	0.1631	0.1499	0.0132	0.4888	0.2510	0.2379	0.5353	0.3956	0.1724	0.2158	0.2084	0.3308	1.0588	0.7768	0.0502	0.0410	0.0610	0.0092	0.1019	0.1091	0.0200	0.0207	0.0322	0.0086
74	103	0.2647	8	1	1	1	0	0	0	0	0	N	N	N	N	N	N	N	N	N	N	N	N	0.8461	0.7966	0.0214	0.0301	0.0305	0.6017	1.1601	0.7888	0.0286	0.6095	0.6797	0.0062	0.0216	0.0225	0.0035	0.9010	1.0368	0.0067	0.7203	0.8533	0.2895	0.7172	0.7377	0.0058	0.7766	1.3144	0.2344	0.0011	0.4397	-0.2327	-0.0107	12.3589	22.5884	7.3592	11.0115	0.8133	0.8124	0.0009	0.0095	0.0095	0.0001	0.8037	0.8029	0.0008	0.0333	0.0231	0.0102	0.0100	0.0099	0.0000	0.0233	0.0132	0.0101	1.3344	1.1952	0.1391	0.4423	0.4208	0.0215	0.8921	0.7744	0.1177	0.3840	0.2231	0.1609	0.0757	0.0704	0.0054	0.3083	0.1527	0.1555	7.0368	6.5639	0.0983	0.1641	0.1595	0.6017	11.9194	12.0207	0.1029	0.0866	0.1036	0.0631	0.1315	0.1411	0.0058	0.0756	0.0863	0.0651
74	104	0.2346	7	1	0	1	0	0	0	0	0	N	N	N	N	N	N	N	N	N	N	N	N	0.1859	0.1530	0.0089	0.1091	0.1116	19.5659	0.2324	0.4844	0.0081	0.2029	0.2271	0.0035	0.3631	0.3822	0.0090	0.1347	0.1549	0.0026	1.0917	1.4844	0.3922	3.3266	3.4236	0.0005	0.5795	0.3197	0.3181	0.0019	0.0674	-0.0388	-0.0694	12.3589	11.8100	7.3592	8.7888	0.1360	0.1358	0.0003	0.0727	0.0726	0.0001	0.0633	0.0632	0.0002	0.1228	0.1150	0.0078	0.1146	0.1146	0.0000	0.0082	0.0004	0.0077	0.6704	0.5979	0.0726	0.2002	0.1900	0.0102	0.4703	0.4079	0.0623	0.2485	0.1445	0.1039	0.0478	0.0447	0.0031	0.2007	0.0999	0.1008	0.4106	0.2853	0.0468	0.1513	0.1489	19.5659	3.3040	35.8562	0.0336	0.4942	0.7959	0.0746	2.3994	2.5664	0.0005	0.0408	0.0043	0.0769
74	105	0.1985	6	1	0	1	0	0	0	0	0	N	N	N	N	N	N	N	N	N	N	N	N	1.4183	89.3362	0.0037	314.9765	295.5520	26.2701	0.8998	4.5311	0.0039	1.5137	1.6999	0.0132	2.6126	2.7535	0.0034	1.1351	1.3037	0.0146	1.0673	0.0190	3.6206	0.0083	0.0093	0.0001	1.2616	0.2877	3.7379	0.0010	161.0560	-0.3327	0.0425	12.3589	14.7392	7.3592	7.3617	1.1626	1.1615	0.0011	0.5142	0.5142	0.0000	0.6484	0.6473	0.0011	0.1164	0.0007	0.1157	0.0003	0.0003	0.0000	0.1161	0.0004	0.1157	0.7680	0.6833	0.0848	0.1968	0.1867	0.0101	0.5712	0.4965	0.0747	0.2681	0.1582	0.1099	0.0452	0.0426	0.0026	0.2229	0.1156	0.1073	3.4866	374.3516	0.0126	424.6552	421.9666	26.2701	2.1790	342.1379	0.0135	0.4342	0.0045	1.0523	0.0062	0.0065	0.0001	0.5209	0.0038	1.0782
74	106	0.2713	9	1	1	1	0	0	0	0	0	N	N	N	N	N	N	N	N	N	N	N	N	227.1187	223.9379	1585.0214	90.9471	25.2860	34228.1678	256.6100	373.5074	563.3842	1.4453	1.1025	4.7262	1.1340	0.3700	19.3876	1.6551	1.6478	1.7032	0.0064	0.0049	0.0030	0.0125	0.0146	0.0006	0.0064	0.0044	0.0030	0.4480	1.5202	0.0414	-0.0000	12.3589	20.0414	7.3592	7.0324	1.8611	1.2853	0.5758	0.5879	0.1841	0.4038	1.2733	1.1012	0.1720	0.0007	0.0003	0.0004	0.0002	0.0002	0.0000	0.0004	0.0000	0.0004	1.2877	1.1659	0.1218	0.5184	0.4976	0.0208	0.7693	0.6683	0.1010	0.2889	0.1529	0.1360	0.0296	0.0267	0.0029	0.2593	0.1262	0.1331	623.5668	634.6091	1590.8204	135.8334	40.2544	34228.1678	1016.0989	10373.0484	563.3842	0.0023	0.0017	0.0030	0.0083	0.0092	0.0006	0.0016	0.0002	0.0030
74	107	0.2612	8	1	0	1	0	0	0	0	0	N	N	N	N	N	N	N	N	N	N	N	N	112.7491	41.0306	1573.6865	44.4635	39.3823	715.2676	163.5146	11.8057	2168.8351	2.4254	1.9002	8.0706	2.3025	2.1608	6.9292	2.5242	1.6669	8.2807	0.0215	0.0463	0.0051	0.0518	0.0549	0.0097	0.0154	0.1412	0.0038	0.3952	0.4420	-0.0058	-0.0002	12.3589	7.0315	7.3592	1.2144	1.4937	1.0706	0.4231	0.6316	0.5752	0.0565	0.8621	0.4955	0.3666	0.0006	0.0004	0.0002	0.0003	0.0003	0.0000	0.0003	0.0001	0.0002	0.6158	0.5634	0.0524	0.2743	0.2662	0.0081	0.3415	0.2973	0.0443	0.0988	0.0548	0.0441	0.0133	0.0123	0.0010	0.0855	0.0425	0.0431	421.5248	263.8258	2040.8052	97.9960	87.6563	715.2676	841.5100	767.9562	2168.8351	0.0058	0.0072	0.0040	0.0235	0.0247	0.0097	0.0030	0.0022	0.0038
74	108	0.2276	7	1	0	1	0	0	0	0	0	N	N	N	N	N	N	N	N	N	N	N	N	3.2227	0.8283	24195.2994	6.8663	4.8522	4216.1516	3.5755	0.6592	22609.0914	2.9773	1.0553	18.9325	0.2719	0.2732	0.2461	3.9956	1.3779	21.4633	0.9238	1.2741	0.0008	0.0396	0.0563	0.0001	1.1175	2.0902	0.0009	2.1613	0.0014	1.0526	-0.0450	12.3589	16.2725	7.3592	4.4748	2.6543	0.8396	1.8147	0.0663	0.0635	0.0028	2.5881	0.7762	1.8119	0.0718	0.0717	0.0001	0.0019	0.0019	0.0000	0.0699	0.0698	0.0001	0.8915	0.7957	0.0959	0.2438	0.2324	0.0114	0.6477	0.5633	0.0844	0.3306	0.1999	0.1306	0.1000	0.0756	0.0245	0.2305	0.1243	0.1062	13.7072	2.9426	24195.2994	14.2792	10.8467	4216.1516	13.1773	2.4548	22609.0914	0.2172	0.3586	0.0008	0.0190	0.0252	0.0001	0.3032	0.5613	0.0009
74	109	0.2804	8	1	1	1	0	0	0	0	0	N	N	N	N	N	N	N	N	N	N	N	N	65.4771	44.1020	63.8595	34.3213	33.4330	0.4609	140.3886	166.3845	80.3172	0.6030	0.6592	0.1244	0.7811	0.8272	0.0023	0.5210	0.5755	0.1490	0.0092	0.0149	0.0019	0.0228	0.0247	0.0050	0.0037	0.0035	0.0019	0.0222	0.3559	-0.3351	-0.0007	12.3589	40.5309	7.3592	14.7974	1.2623	1.2349	0.0274	0.5154	0.5153	0.0001	0.7469	0.7196	0.0273	0.0018	0.0013	0.0005	0.0013	0.0013	0.0000	0.0005	0.0000	0.0004	2.0934	1.8734	0.2200	0.6598	0.6230	0.0368	1.4335	1.2504	0.1832	0.5771	0.3364	0.2406	0.1019	0.0948	0.0071	0.4752	0.2417	0.2335	194.7826	168.3201	63.8595	59.9574	60.6980	0.4609	539.0924	5339.5297	80.3172	0.0031	0.0039	0.0019	0.0130	0.0136	0.0050	0.0010	0.0001	0.0019
74	110	0.2545	7	1	1	1	0	0	0	0	0	N	N	N	N	N	N	N	N	N	N	N	N	63.9801	0.5351	2999.7007	0.8168	0.7486	17.6578	77.2166	0.0741	3937.9644	1.2644	0.0216	11.9982	0.0130	0.0133	0.0067	1.8798	0.0260	14.2655	0.0198	0.0403	0.0040	0.0159	0.0178	0.0004	0.0243	0.3507	0.0036	64.4213	0.3573	0.6879	-0.0004	12.3589	13.5236	7.3592	3.5331	0.9862	0.0151	0.9711	0.0033	0.0033	0.0001	0.9828	0.0118	0.9710	0.0011	0.0008	0.0003	0.0004	0.0004	0.0000	0.0007	0.0004	0.0003	0.7800	0.6990	0.0809	0.2571	0.2443	0.0129	0.5228	0.4548	0.0681	0.2107	0.1249	0.0858	0.0442	0.0409	0.0033	0.1665	0.0840	0.0825	233.6793	3.2061	3431.2555	1.3058	1.2419	17.6578	447.3534	5.4454	3937.9644	0.0054	0.0067	0.0035	0.0100	0.0107	0.0004	0.0042	0.0048	0.0036
74	111	0.1985	6	1	0	1	0	0	0	0	0	N	N	N	N	N	N	N	N	N	N	N	N	1.6698	0.1886	1033.4054	3.3305	3.0669	1874.6198	1.8643	0.1339	1395.1414	1.0493	0.1586	8.2398	0.0396	0.0414	0.0076	1.3966	0.2027	9.3495	0.6284	0.8410	0.0080	0.0119	0.0135	0.0000	0.7491	1.5134	0.0067	6.4331	0.0389	0.5328	-0.0134	12.3589	16.9399	7.3592	15.9768	0.9213	0.1240	0.7974	0.0089	0.0088	0.0001	0.9124	0.1151	0.7973	0.0226	0.0218	0.0008	0.0005	0.0005	0.0000	0.0221	0.0213	0.0008	0.8781	0.7813	0.0968	0.2248	0.2133	0.0115	0.6533	0.5680	0.0853	0.3775	0.2188	0.1587	0.0593	0.0554	0.0038	0.3183	0.1634	0.1549	17.5201	1.5951	1546.3759	4.8845	4.7671	1874.6198	20.0870	1.5561	1712.2382	0.0599	0.0995	0.0053	0.0081	0.0087	0.0000	0.0695	0.1303	0.0055
74	112	0.3029	10	2	1	1	1	0	0	0	0	Y	N	N	N	N	N	N	N	N	N	N	N	2.6023	13.2932	0.0000	18.8746	16.5962	0.0000	0.0127	1.9000	0.0000	0.0848	0.0976	0.0000	0.1708	0.1861	0.0000	0.0008	0.0009	0.0000	0.0326	0.0073	0.0279	0.0090	0.0112	0.0000	0.0609	0.0005	0.0254	0.0000	4.2981	-0.0000	0.0000	12.3589	0.0019	7.3592	1.9928	0.0000	0.0000	0.0000	0.0000	0.0000	0.0000	0.0000	0.0000	0.0000	0.0002	0.0000	0.0001	0.0000	0.0000	0.0000	0.0001	0.0000	0.0001	0.0003	0.0003	0.0000	0.0002	0.0001	0.0000	0.0002	0.0001	0.0000	0.0223	0.0129	0.0095	0.0046	0.0041	0.0005	0.0177	0.0088	0.0089	11.9294	41.8626	0.0000	26.1581	25.2209	0.0000	0.1068	378.9411	0.0000	0.0071	0.0023	0.0136	0.0065	0.0074	0.0000	0.0073	0.0000	0.0144
74	113	0.2793	9	2	1	1	1	0	0	0	0	Y	N	N	N	N	N	N	N	N	N	N	N	0.2229	132.7757	0.0000	123.4580	447.7069	0.0069	0.0046	0.3334	0.0000	1.3121	1.4646	0.0002	3.8978	4.1002	0.0012	0.0322	0.0371	0.0000	5.8869	0.0110	20.9350	0.0316	0.0092	0.1754	7.0465	0.1112	23.1119	0.0000	3425.7841	-0.1892	0.3651	12.3589	8.6942	7.3592	6.0502	0.6588	0.6588	0.0000	0.6480	0.6480	0.0000	0.0108	0.0108	0.0000	0.9833	0.0003	0.9830	0.0005	0.0002	0.0003	0.9828	0.0001	0.9827	0.5021	0.4498	0.0523	0.1662	0.1580	0.0082	0.3359	0.2918	0.0441	0.1670	0.0912	0.0758	0.0276	0.0243	0.0033	0.1395	0.0669	0.0725	0.2229	465.6853	0.0000	236.3741	632.1048	0.0133	0.0046	19.1877	0.0000	5.8869	0.0031	12.9699	0.0165	0.0065	0.0912	7.0465	0.0019	13.5472
74	114	0.3004	13	1	1	1	1	0	0	0	0	N	N	N	N	N	N	N	N	N	N	N	N	0.0000	0.0000	0.0000	0.0000	0.0000	0.0000	0.0000	0.0000	0.0000	0.0000	0.0000	0.0000	0.0000	0.0000	0.0000	0.0000	0.0124	0.0005	0.0130	0.0004	0.0004	0.0000	0.0491	0.0000	0.0103	20.0080	0.0000	0.0000	12.3589	0.0001	7.3592	0.0001	0.0000	0.0000	0.0000	0.0000	0.0000	0.0000	0.0000	0.0000	0.0000	0.0000	0.0000	0.0000	0.0000	0.0000	0.0000	0.0000	0.0000	0.0000	0.0000	0.0000	0.0000	0.0000	0.0000	0.0000	0.0000	0.0000	0.0000	0.0000	0.0000	0.0000	0.0000	0.0000	0.0000	0.0000	0.0000	0.0000	0.0000	0.0000	0.0000	0.0000	0.0000	0.0000	0.0000	0.0000	0.0000	0.0039	0.0004	0.0075	0.0004	0.0004	0.0000	0.0065	0.0000	0.0076			
74	115	0.2937	12	1	1	1	1	0	0	0	0	N	N	N	N	N	N	N	N	N	N	N	N	0.0000	0.0000	0.0000	0.0000	0.0000	0.0000	0.0000	0.0000	0.0000	0.0000	0.0000	0.0000	0.0000	0.0000	0.0000	0.0000	0.0672	0.0018	0.0412	0.0030	0.0037	0.0000	0.1447	0.0000	0.0394	19.8944	0.0000	0.0001	12.3589	3.0007	7.3592	1.0012	0.0000	0.0000	0.0000	0.0000	0.0000	0.0000	0.0000	0.0000	0.0000	0.0004	0.0000	0.0004	0.0000	0.0000	0.0000	0.0004	0.0000	0.0004	0.1614	0.1440	0.0174	0.0471	0.0447	0.0024	0.1143	0.0993	0.0150	0.0438	0.0238	0.0200	0.0068	0.0059	0.0009	0.0370	0.0179	0.0191	0.0000	0.0000	0.0000	0.0000	0.0000	0.0000	0.0000	0.0000	0.0000	0.0096	0.0008	0.0199	0.0030	0.0034	0.0000	0.0108	0.0000	0.0209			
74	116	0.2919	11	1	0	1	1	0	0	0	0	N	N	N	N	N	N	N	N	N	N	N	N	5.8668	5.6731	9.6424	32.8128	23.3471	inf	0.0028	0.0001	0.0000	0.0001	0.0001	0.0003	0.0004	0.0004	0.0019	0.0000	0.0000	0.0000	0.0000	0.0000	0.0000	0.0000	0.0000	0.0000	0.0001	0.0013	0.0000	0.2836	1.4066	-0.0000	-0.0000	12.3589	1.1177	7.3592	0.0023	0.0000	0.0000	0.0000	0.0000	0.0000	0.0000	0.0000	0.0000	0.0000	0.0000	0.0000	0.0000	0.0000	0.0000	0.0000	0.0000	0.0000	0.0000	0.0633	0.0566	0.0067	0.0205	0.0195	0.0010	0.0428	0.0372	0.0056	0.0123	0.0067	0.0057	0.0019	0.0017	0.0003	0.0104	0.0050	0.0054	5.8668	6.6630	9.6424	32.8128	23.3471	inf	0.0058	0.0088	0.0000	0.0000	0.0000	0.0000	0.0000	0.0000	0.0000	0.0000	0.0000	0.0000
74	117	0.1081	5	1	1	1	0	0	0	0	0	N	N	N	N	N	N	N	N	N	N	N	N	3.8768	5.1162	65.5989	0.1064	0.1009	0.8761	5.2907	3.9151	85.9622	0.8017	0.4605	3.8061	0.0099	0.0092	0.0304	1.0039	0.5875	4.0530	0.2068	0.0900	0.0580	0.0928	0.0913	0.0347	0.1897	0.1500	0.0471	0.9386	2.0576	0.2854	0.0005	12.3589	31.2782	7.3592	23.9277	1.4487	0.7473	0.7014	0.0036	0.0033	0.0003	1.4451	0.7440	0.7011	0.0114	0.0037	0.0077	0.0031	0.0030	0.0001	0.0083	0.0007	0.0075	1.8070	1.6227	0.1843	0.3675	0.3562	0.0113	1.4395	1.2665	0.1730	0.7167	0.4067	0.3100	0.0902	0.0867	0.0035	0.6265	0.3200	0.3065	50.5240	50.3582	154.1531	0.2873	0.2669	1.0222	76.0040	259.1806	164.5371	0.0159	0.0091	0.0247	0.0343	0.0345	0.0297	0.0132	0.0023	0.0246
74	118	0.2919	11	1	0	2	1	0	0	0	0	N	N	Y	N	N	N	N	N	N	N	N	N	111.2049	225986.5547	0.5083	42857.9998	38995.1276	inf	47.1673	inf	0.0058	0.0632	0.0707	0.0004	0.0472	0.0495	0.0031	0.0701	0.0807	0.0000	0.0006	0.0000	0.0009	0.0000	0.0000	0.0000	0.0015	0.0000	0.0009	0.0008	2362.0367	-0.0038	0.0000	12.3589	3.8827	7.3592	2.9998	0.0133	0.0133	0.0000	0.0030	0.0030	0.0000	0.0104	0.0104	0.0000	0.0000	0.0000	0.0000	0.0000	0.0000	0.0000	0.0000	0.0000	0.0000	0.2113	0.1887	0.0226	0.0635	0.0603	0.0032	0.1477	0.1283	0.0194	0.0748	0.0406	0.0342	0.0115	0.0100	0.0015	0.0633	0.0306	0.0327	157.5715	225986.5547	0.5083	42857.9998	38995.1276	inf	147.8623	inf	0.0058	0.0004	0.0000	0.0009	0.0000	0.0000	0.0000	0.0005	0.0000	0.0009
74	119	0.2890	10	1	0	1	1	0	0	0	0	N	N	N	N	N	N	N	N	N	N	N	N	22.3094	7.5926	5797.8767	11.8487	8.8533	inf	36.0804	inf	0.0000	0.0089	0.0081	0.0164	0.0246	0.0211	0.0907	0.0001	0.0001	0.0000	0.0004	0.0011	0.0000	0.0021	0.0024	0.0000	0.0000	0.0000	0.0000	0.2209	0.0041	-0.0002	-0.0000	12.3589	2.8083	7.3592	0.0030	0.0017	0.0014	0.0003	0.0017	0.0014	0.0003	0.0000	0.0000	0.0000	0.0000	0.0000	0.0000	0.0000	0.0000	0.0000	0.0000	0.0000	0.0000	0.1859	0.1675	0.0184	0.0674	0.0641	0.0033	0.1184	0.1034	0.0150	0.0310	0.0168	0.0142	0.0048	0.0042	0.0006	0.0262	0.0126	0.0136	27.8521	13.7468	5797.8767	11.8487	8.8533	inf	36.0804	inf	0.0000	0.0003	0.0006	0.0000	0.0021	0.0024	0.0000	0.0000	0.0000	0.0000
74	120	0.2890	10	1	0	2	1	0	0	0	0	N	N	Y	N	N	N	N	N	N	N	N	N	11.7954	6.3241	1136.8217	1.6177	1.4604	inf	3401.9745	inf	1228.4910	0.0011	0.0012	0.0007	0.0010	0.0010	0.0002	0.0012	0.0012	0.0008	0.0001	0.0002	0.0000	0.0006	0.0007	0.0000	0.0000	0.0000	0.0000	0.0732	0.0031	-0.0001	-0.0000	12.3589	9.6158	7.3592	0.0030	0.0006	0.0006	0.0000	0.0002	0.0002	0.0000	0.0004	0.0004	0.0000	0.0000	0.0000	0.0000	0.0000	0.0000	0.0000	0.0000	0.0000	0.0000	0.5424	0.4856	0.0568	0.1691	0.1606	0.0085	0.3733	0.3250	0.0483	0.1044	0.0565	0.0479	0.0161	0.0139	0.0021	0.0883	0.0426	0.0458	11.7954	6.6635	1136.8217	1.6177	1.4604	inf	3401.9745	inf	1228.4910	0.0001	0.0002	0.0000	0.0006	0.0007	0.0000	0.0000	0.0000	0.0000
74	121	0.2793	9	1	0	1	1	0	0	0	0	N	N	N	N	N	N	N	N	N	N	N	N	0.0071	0.0004	135.4968	0.0073	0.0003	2101.2703	0.5083	0.1876	0.1159	0.0051	0.0004	0.0476	0.0129	0.0006	0.2548	0.0003	0.0003	0.0000	0.7264	1.0046	0.0004	1.7646	1.7663	0.0001	0.0006	0.0018	0.0004	11.8344	0.0018	0.0009	-0.0042	12.3589	4.2457	7.3592	2.0144	0.0014	0.0001	0.0013	0.0013	0.0001	0.0013	0.0000	0.0000	0.0000	0.0067	0.0067	0.0000	0.0067	0.0067	0.0000	0.0000	0.0000	0.0000	0.2701	0.2432	0.0269	0.1038	0.0988	0.0050	0.1663	0.1445	0.0219	0.0763	0.0421	0.0342	0.0140	0.0126	0.0014	0.0624	0.0296	0.0328	0.0585	0.0028	135.4968	0.0269	0.0011	2101.2703	1.4205	9.4179	0.1159	0.0878	0.1589	0.0004	0.4792	0.5329	0.0001	0.0002	0.0000	0.0004
74	122	0.2372	8	1	0	1	1	0	0	0	0	N	N	N	N	N	N	N	N	N	N	N	N	0.0339	0.0725	0.0001	0.7468	0.9030	0.0013	0.0314	0.0267	0.0001	0.0149	0.0166	0.0000	0.0108	0.0113	0.0000	0.0168	0.0193	0.0000	0.4389	0.2285	0.2076	0.0144	0.0125	0.0191	0.5352	0.7242	0.1677	0.0001	3.1427	-0.0030	0.0012	12.3589	11.9190	7.3592	13.1740	0.0103	0.0103	0.0000	0.0024	0.0024	0.0000	0.0079	0.0079	0.0000	0.0089	0.0021	0.0067	0.0003	0.0002	0.0001	0.0086	0.0019	0.0067	0.6918	0.6203	0.0715	0.2217	0.2118	0.0099	0.4701	0.4085	0.0617	0.2745	0.1472	0.1272	0.0339	0.0302	0.0037	0.2406	0.1171	0.1235	0.4588	1.1368	0.0003	1.1542	1.3866	0.0013	0.4710	1.1898	0.0003	0.0324	0.0146	0.0530	0.0093	0.0081	0.0191	0.0356	0.0162	0.0540
74	123	0.4834	10	1	0	2	1	0	0	0	0	N	N	Y	N	N	N	N	N	N	N	N	N	59.9099	34.9590	2.4380	1.4112	1.2854	1.0934	30.2235	2.0259	2.5612	0.5879	0.6467	0.0023	0.0003	0.0003	0.0000	0.9260	1.0528	0.0028	0.0098	0.0185	0.0010	0.0002	0.0002	0.0000	0.0306	0.5197	0.0011	0.0004	0.1182	-0.1332	-0.0003	12.3589	12.8936	7.3592	4.1514	0.4644	0.4642	0.0002	0.0001	0.0001	0.0000	0.4643	0.4641	0.0002	0.0006	0.0005	0.0001	0.0000	0.0000	0.0000	0.0006	0.0005	0.0001	0.7899	0.7179	0.0721	0.2885	0.2770	0.0115	0.5014	0.4409	0.0605	0.1770	0.1138	0.0632	0.0585	0.0511	0.0075	0.1185	0.0627	0.0558	181.8423	143.7554	2.4380	1.4112	1.2854	1.0934	195.8116	132.0424	2.5612	0.0032	0.0045	0.0010	0.0002	0.0002	0.0000	0.0047	0.0080	0.0011
74	124	0.2525	9	1	1	1	0	0	0	0	0	N	N	N	N	N	N	N	N	N	N	N	N	0.1975	0.0286	54.0563	0.0676	0.0637	166.2392	3.2281	0.1310	59.7748	0.0157	0.0084	0.0783	0.0210	0.0217	0.0062	0.0135	0.0022	0.0890	0.0795	0.2930	0.0014	0.3104	0.3405	0.0000	0.0042	0.0166	0.0015	1.0948	0.0709	0.0026	-0.0014	12.3589	12.7386	7.3592	8.7370	0.0112	0.0053	0.0058	0.0044	0.0044	0.0001	0.0067	0.0009	0.0058	0.0024	0.0023	0.0002	0.0022	0.0022	0.0000	0.0002	0.0001	0.0002	0.7110	0.6365	0.0745	0.2118	0.2022	0.0096	0.4992	0.4343	0.0649	0.2417	0.1301	0.1117	0.0335	0.0303	0.0031	0.2083	0.0997	0.1086	1.5537	0.4774	54.0563	0.3162	0.2963	166.2392	12.6548	3.6173	59.7748	0.0101	0.0175	0.0014	0.0664	0.0732	0.0000	0.0011	0.0006	0.0015
74	125	0.2372	8	1	1	1	0	0	0	0	0	N	N	N	N	N	N	N	N	N	N	N	N	0.0160	0.0053	7.1490	0.7435	0.6074	9.7493	0.0125	0.0010	10.1124	0.0065	0.0032	0.0357	0.0070	0.0068	0.0102	0.0063	0.0012	0.0400	0.4074	0.6044	0.0050	0.0094	0.0112	0.0010	0.5032	1.1754	0.0040	1.2456	0.0662	0.0009	-0.0019	12.3589	8.6431	7.3592	1.4782	0.0034	0.0015	0.0019	0.0013	0.0012	0.0001	0.0022	0.0003	0.0018	0.0034	0.0032	0.0002	0.0001	0.0001	0.0000	0.0033	0.0031	0.0002	0.5262	0.4729	0.0533	0.1804	0.1726	0.0077	0.3458	0.3002	0.0455	0.1177	0.0634	0.0542	0.0160	0.0142	0.0018	0.1017	0.0492	0.0525	0.2279	0.0649	9.2691	1.0424	0.9235	9.7493	0.1961	0.0188	10.1437	0.0286	0.0497	0.0039	0.0067	0.0074	0.0010	0.0320	0.0620	0.0039
74	126	0.2276	7	1	0	1	0	0	0	0	0	N	N	N	N	N	N	N	N	N	N	N	N	0.3122	0.2575	30.0903	13.8456	8.8734	100.8852	0.0045	0.0011	20.6463	0.3295	0.3640	0.0257	1.0296	1.0696	0.0065	0.0060	0.0026	0.0282	1.0552	1.4137	0.0009	0.0744	0.1205	0.0001	1.3384	2.3235	0.0014	0.0080	0.0007	-0.0251	-0.0453	12.3589	4.1618	7.3592	2.0491	0.0900	0.0893	0.0007	0.0889	0.0888	0.0000	0.0011	0.0004	0.0007	0.0722	0.0721	0.0000	0.0025	0.0025	0.0000	0.0697	0.0696	0.0000	0.2731	0.2453	0.0279	0.0863	0.0831	0.0032	0.1868	0.1622	0.0246	0.1764	0.1181	0.0582	0.0838	0.0609	0.0229	0.0926	0.0573	0.0353	0.8051	0.5961	30.0903	34.1396	25.7721	100.8852	0.0080	0.0022	20.6463	0.4092	0.6105	0.0009	0.0302	0.0415	0.0001	0.7525	1.2154	0.0014
74	127	0.1985	6	1	0	1	0	0	0	0	0	N	N	N	N	N	N	N	N	N	N	N	N	0.0654	0.0017	35.6561	0.0157	0.0158	1.6583	0.0716	0.0003	43.9455	0.1774	0.0078	1.5382	0.0223	0.0229	0.0125	0.2310	0.0021	1.7445	2.7113	4.5117	0.0431	1.4204	1.4498	0.0076	3.2279	6.1448	0.0397	24.6280	0.0031	0.0598	-0.3634	12.3589	9.4810	7.3592	7.4917	0.0888	0.0035	0.0853	0.0029	0.0028	0.0001	0.0859	0.0007	0.0852	0.5812	0.5795	0.0018	0.0127	0.0127	0.0000	0.5685	0.5668	0.0018	0.5004	0.4449	0.0555	0.1286	0.1220	0.0066	0.3718	0.3230	0.0488	0.2144	0.1284	0.0859	0.0382	0.0362	0.0020	0.1761	0.0922	0.0839	0.0654	0.0017	74.5298	0.0672	0.0652	1.6583	0.0716	0.0003	83.2419	2.7113	4.5117	0.0206	0.3321	0.3504	0.0076	3.2279	6.1448	0.0210
74	128	0.4956	11	2	1	1	0	0	0	0	0	Y	N	N	N	N	N	N	N	N	N	N	N	0.8829	0.7150	0.0099	0.9388	0.8587	0.7318	0.1120	0.0102	0.0017	0.0019	0.0000	0.0013	0.0013	0.0000	0.0020	0.0023	0.0000	0.0020	0.0027	0.0007	0.0014	0.0016	0.0000	0.0027	0.0205	0.0008	0.0004	0.3325	-0.0001	-0.0000	12.3589	2.0107	7.3592	1.9995	0.0002	0.0002	0.0000	0.0001	0.0001	0.0000	0.0002	0.0002	0.0000	0.0000	0.0000	0.0000	0.0000	0.0000	0.0000	0.0000	0.0000	0.0000	0.1175	0.1063	0.0112	0.0425	0.0407	0.0018	0.0750	0.0656	0.0093	0.0412	0.0269	0.0144	0.0147	0.0129	0.0018	0.0266	0.0140	0.0125	1.7983	1.7248	0.0099	0.9388	0.8587	0.0000	2.6697	3.2183	0.0102	0.0010	0.0011	0.0007	0.0014	0.0016	0.0000	0.0008	0.0007	0.0008	
74	129	0.4834	10	2	1	1	0	0	0	0	0	Y	N	N	N	N	N	N	N	N	N	N	N	349.5611	174.1579	413.5963	311.8365	261.2705	2419.6033	466.4917	14.9116	412.8833	2.5262	2.7662	0.0067	1.7008	1.7653	0.0025	3.0532	3.4653	0.0075	0.0072	0.0159	0.0000	0.0055	0.0068	0.0000	0.0065	0.2324	0.0000	0.0002	0.0022	-0.2789	-0.0001	12.3589	5.6459	7.3592	1.1399	0.9722	0.9720	0.0002	0.2551	0.2551	0.0000	0.7171	0.7169	0.0002	0.0002	0.0002	0.0000	0.0001	0.0001	0.0000	0.0001	0.0001	0.0000	0.3849	0.3514	0.0335	0.1500	0.1445	0.0055	0.2349	0.2069	0.0280	0.0729	0.0470	0.0259	0.0243	0.0213	0.0031	0.0486	0.0257	0.0229	960.4018	679.0296	413.5963	371.2294	336.8795	2419.6033	1847.2651	1114.9199	412.8833	0.0026	0.0041	0.0000	0.0046	0.0052	0.0000	0.0017	0.0031	0.0000
74	130	0.4531	9	1	0	1	0	0	0	0	0	N	N	N	N	N	N	N	N	N	N	N	N	0.4199	0.0965	226.0412	2.1294	2.0846	2.9476	0.2912	0.0004	287.4957	1.7367	0.6092	12.9640	1.4944	1.5525	0.0030	1.8780	0.0057	15.2724	4.1355	6.3141	0.0574	0.7018	0.7447	0.0010	6.4497	12.6219	0.0531	2.1369	0.0021	0.5774	-0.6325	12.3589	11.6079	7.3592	5.3766	1.4652	0.4671	0.9981	0.4645	0.4644	0.0000	1.0008	0.0027	0.9981	1.0100	1.0079	0.0021	0.0115	0.0115	0.0000	0.9984	0.9964	0.0021	0.8437	0.7667	0.0770	0.3108	0.2992	0.0116	0.5329	0.4675	0.0654	0.2442	0.1596	0.0846	0.0894	0.0807	0.0087	0.1548	0.0789	0.0759	0.4199	0.0965	525.8037	11.6037	10.8862	2.9476	0.2912	0.0004	557.9034	4.1355	6.3141	0.0247	0.1288	0.1426	0.0010	6.4497	12.6219	0.0274
74	131	0.4352	8	1	0	1	0	0	0	0	0	N	N	N	N	N	N	N	N	N	N	N	N	0.0971	0.0460	8.6295	0.9002	1.0250	0.3939	0.0789	0.0163	22.7760	0.0260	0.0183	0.1041	0.0221	0.0224	0.0149	0.0283	0.0156	0.1208	0.2676	0.3972	0.0121	0.0246	0.0219	0.0377	0.3585	0.9566	0.0053	0.5604	0.1335	0.0006	-0.0023	12.3589	3.9355	7.3592	8.7078	0.0079	0.0051	0.0028	0.0025	0.0024	0.0001	0.0054	0.0026	0.0028	0.0046	0.0040	0.0005	0.0013	0.0011	0.0002	0.0033	0.0029	0.0003	0.3038	0.2766	0.0272	0.1136	0.1093	0.0043	0.1903	0.1673	0.0230	0.2438	0.1688	0.0749	0.0941	0.0875	0.0066	0.1497	0.0814	0.0683	1.3897	0.7681	14.5360	1.6045	1.8050	0.4637	1.2987	0.4325	25.3458	0.0187	0.0238	0.0072	0.0138	0.0124	0.0320	0.0218	0.0361	0.0048
74	132	0.4235	7	1	0	1	0	0	0	0	0	N	N	N	N	N	N	N	N	N	N	N	N	0.4526	0.2293	6.1878	1.3796	1.7274	0.2056	0.6665	0.0297	17.6019	0.0325	0.0247	0.1104	0.0424	0.0435	0.0139	0.0264	0.0121	0.1284	0.0717	0.1078	0.0178	0.0307	0.0252	0.0676	0.0396	0.4077	0.0073	0.4449	0.4410	0.0003	-0.0007	12.3589	6.2657	7.3592	3.9760	0.0154	0.0107	0.0048	0.0076	0.0076	0.0001	0.0078	0.0031	0.0047	0.0020	0.0014	0.0006	0.0013	0.0010	0.0003	0.0007	0.0004	0.0004	0.4756	0.4325	0.0431	0.1805	0.1737	0.0068	0.2951	0.2588	0.0363	0.2078	0.1415	0.0663	0.0807	0.0752	0.0055	0.1271	0.0663	0.0608	3.3158	2.4761	11.7486	2.6221	3.1624	0.2832	4.5940	2.1238	22.1337	0.0098	0.0100	0.0094	0.0162	0.0138	0.0491	0.0057	0.0057	0.0058
74	133	0.3463	6	1	0	1	0	0	0	0	0	N	N	N	N	N	N	N	N	N	N	N	N	2.9837	1.4731	126.3347	1.2423	1.4117	0.1799	9.1515	1.7680	186.6142	1.0487	0.6537	4.7414	0.2861	0.2977	0.0183	1.4049	0.8353	5.4942	0.3515	0.4438	0.0375	0.2303	0.2109	0.1017	0.1535	0.4724	0.0294	0.7757	0.4079	0.2610	-0.0052	12.3589	26.7012	7.3592	18.2690	1.7432	0.9817	0.7615	0.1514	0.1510	0.0004	1.5918	0.8307	0.7611	0.0154	0.0109	0.0045	0.0101	0.0093	0.0008	0.0053	0.0016	0.0037	1.6623	1.5016	0.1606	0.5293	0.5072	0.0221	1.1330	0.9945	0.1385	0.6519	0.4053	0.2467	0.1837	0.1709	0.0128	0.4682	0.2344	0.2338	44.3694	24.2075	261.9763	5.1909	5.4540	0.2950	124.4808	121.1321	350.2310	0.0236	0.0270	0.0181	0.0551	0.0546	0.0621	0.0113	0.0069	0.0157
74	134	0.1081	5	1	0	1	0	0	0	0	0	N	N	N	N	N	N	N	N	N	N	N	N	0.3873	0.3284	0.2579	0.0712	0.0726	0.0294	0.4427	0.9512	0.2975	0.3482	0.3379	0.4383	0.1624	0.1676	0.0079	0.3913	0.3813	0.4655	0.8990	1.0289	1.6996	2.2810	2.3072	0.2693	0.8840	0.4009	1.5645	0.1482	1.0182	-0.1747	-0.0301	12.3589	61.4372	7.3592	55.8589	1.1050	0.9624	0.1426	0.0970	0.0969	0.0002	1.0080	0.8655	0.1425	0.2433	0.1205	0.1227	0.1181	0.1173	0.0008	0.1252	0.0033	0.1219	3.1734	2.8480	0.3254	0.5974	0.5781	0.0193	2.5760	2.2699	0.3060	1.2594	0.7081	0.5513	0.1329	0.1266	0.0063	1.1265	0.5815	0.5450	1.8028	1.9854	1.9688	0.1828	0.1809	0.0621	3.5210	67.8532	2.0806	0.1932	0.1702	0.2226	0.8885	0.9263	0.1276	0.1111	0.0056	0.2237
75	79	0.1831	6	1	1	1	0	0	0	0	0	N	N	N	N	N	N	N	N	N	N	N	N	70.1511	162.3075	8.6000	0.1792	0.1309	1646.0936	51.2811	14.6095	9.8847	0.3637	0.4067	0.0272	0.0002	0.0001	0.0007	0.4842	0.5528	0.0311	0.0052	0.0025	0.0032	0.0010	0.0011	0.0000	0.0094	0.0378	0.0031	0.0085	2.5242	-0.1018	0.0000	10.2127	23.9173	1.0234	17.8091	0.3653	0.3622	0.0031	0.0000	0.0000	0.0000	0.3652	0.3622	0.0031	0.0005	0.0001	0.0003	0.0000	0.0000	0.0000	0.0005	0.0001	0.0003	1.0043	0.8906	0.1137	0.2500	0.2354	0.0146	0.7543	0.6552	0.0991	0.2453	0.1319	0.1135	0.0289	0.0261	0.0028	0.2165	0.1058	0.1107	183.4558	388.5832	8.8632	0.1792	0.1309	1646.0936	228.6359	531.2846	9.8847	0.0020	0.0010	0.0031	0.0010	0.0011	0.0000	0.0021	0.0010	0.0031
75	80	0.1670	5	1	1	1	0	0	0	0	0	N	N	N	N	N	N	N	N	N	N	N	N	0.0533	0.0079	5.2597	0.0027	0.0028	0.6931	0.6593	0.1352	5.8189	0.0025	0.0015	0.0100	0.0004	0.0004	0.0001	0.0031	0.0018	0.0113	0.0464	0.1893	0.0019	0.1448	0.1470	0.0001	0.0047	0.0136	0.0019	0.8808	0.1008	0.0001	-0.0003	10.2127	6.1279	1.0234	3.6878	0.0007	0.0003	0.0003	0.0000	0.0000	0.0000	0.0006	0.0003	0.0003	0.0006	0.0006	0.0001	0.0005	0.0005	0.0000	0.0001	0.0000	0.0001	0.2649	0.2342	0.0306	0.0618	0.0582	0.0035	0.2031	0.1760	0.0271	0.0740	0.0441	0.0300	0.0127	0.0121	0.0007	0.0613	0.0320	0.0293	0.2938	0.1157	5.2597	0.0091	0.0090	0.6931	2.6067	3.6705	5.8189	0.0084	0.0128	0.0019	0.0432	0.0455	0.0001	0.0012	0.0005	0.0019
75	81	0.2551	9	2	0	2	0	0	0	0	0	Y	N	Y	N	N	N	N	N	N	N	N	N	2.7096	5.5778	5.4570	0.9729	0.9888	6.5508	3.5100	3.0302	6.2279	3.1346	0.9323	21.1343	0.2019	0.2113	0.0165	4.6009	1.3310	24.7875	1.1569	0.1672	3.8729	0.2075	0.2137	0.0025	1.3108	0.4392	3.9801	2.7735	101.3770	1.8322	0.0538	10.2127	27.2690	1.0234	12.3406	4.0909	1.0841	3.0068	0.0878	0.0875	0.0003	4.0031	0.9966	3.0064	0.1488	0.0015	0.1473	0.0008	0.0008	0.0000	0.1480	0.0007	0.1473	1.3051	1.1628	0.1423	0.4350	0.4140	0.0210	0.8701	0.7488	0.1213	0.2343	0.1183	0.1161	0.0155	0.0144	0.0011	0.2189	0.1039	0.1150	4.9377	75.8787	16.6521	3.9251	3.8368	6.5508	6.8051	209.4924	19.3510	0.6348	0.0123	1.2692	0.0514	0.0551	0.0025	0.6761	0.0064	1.2809
75	82	0.2398	8	1	0	1	0	0	0	0	0	N	N	N	N	N	N	N	N	N	N	N	N	0.5553	7.2293	0.6037	26.2106	23.5429	46.8738	0.2054	0.0229	0.8116	0.4321	0.3764	0.9824	0.6975	0.7221	0.0504	0.1828	0.0107	1.2059	0.7781	0.0521	1.6272	0.0266	0.0307	0.0011	0.8896	0.4666	1.4859	0.2645	28.4346	-0.0205	0.0022	10.2127	9.0798	1.0234	0.9519	0.2634	0.2083	0.0551	0.2060	0.2055	0.0005	0.0574	0.0029	0.0546	0.0065	0.0002	0.0063	0.0000	0.0000	0.0000	0.0065	0.0002	0.0063	0.6096	0.5536	0.0561	0.2954	0.2845	0.0109	0.3143	0.2690	0.0452	0.0595	0.0291	0.0304	0.0029	0.0026	0.0003	0.0566	0.0265	0.0301	3.9394	49.4450	4.7319	48.2997	45.9010	46.8738	1.5957	1.5724	5.7604	0.1097	0.0076	0.2076	0.0144	0.0157	0.0011	0.1145	0.0068	0.2093
75	83	0.1670	5	1	1	1	0	0	0	0	0	N	N	N	N	N	N	N	N	N	N	N	N	2059.9865	45769.1959	0.1791	150.7639	3734.6350	0.0000	7328.1600	3530.1644	0.8693	5.0054	5.6523	0.0004	1.6434	1.7424	0.0000	6.0154	6.9282	0.0005	0.0024	0.0001	0.0022	0.0109	0.0005	0.1284	0.0008	0.0020	0.0005	0.0000	15.5137	-1.2573	0.0001	10.2127	21.0000	1.0234	14.4214	4.3791	4.3790	0.0000	0.3321	0.3321	0.0000	4.0469	4.0469	0.0000	0.0002	0.0000	0.0002	0.0002	0.0000	0.0002	0.0001	0.0000	0.0000	0.8749	0.7747	0.1001	0.2021	0.1906	0.0115	0.6728	0.5841	0.0886	0.2136	0.1149	0.0986	0.0237	0.0214	0.0023	0.1899	0.0935	0.0964	4565.2503	45812.7089	0.1791	215.9625	3734.6350	0.0000	21081.2305	154429.7233	0.8693	0.0011	0.0001	0.0022	0.0076	0.0005	0.0755	0.0003	0.0000	0.0005
75	84	0.2247	9	1	0	2	0	0	0	0	0	N	N	Y	N	N	N	N	N	N	N	N	N	14.0256	31.8595	15.3934	0.5937	0.5252	0.0000	13.6195	inf	17.1536	0.0372	0.0385	0.0270	0.0014	0.0015	0.0000	0.0514	0.0545	0.0314	0.0027	0.0012	0.0018	0.0024	0.0029	0.0002	0.0038	0.0000	0.0018	0.0870	2.6316	-0.0069	0.0000	10.2127	20.4085	1.0234	11.0867	0.0334	0.0307	0.0027	0.0004	0.0004	0.0000	0.0330	0.0303	0.0027	0.0002	0.0001	0.0002	0.0001	0.0001	0.0000	0.0002	0.0000	0.0002	0.8962	0.7973	0.0989	0.2548	0.2408	0.0140	0.6414	0.5565	0.0849	0.1769	0.0906	0.0863	0.0238	0.0197	0.0041	0.1531	0.0709	0.0822	31.5378	60.6505	15.3934	0.5937	0.5252	0.0000	52.2637	inf	17.1536	0.0012	0.0006	0.0018	0.0024	0.0029	0.0002	0.0010	0.0000	0.0018
75	85	0.2209	8	1	0	2	0	0	0	0	0	N	N	Y	N	N	N	N	N	N	N	N	N	0.0631	0.0083	5.8508	0.0308	0.0295	0.0000	0.5025	0.0066	10.4901	0.0025	0.0015	0.0116	0.0036	0.0037	0.0000	0.0019	0.0001	0.0137	0.0400	0.1812	0.0020	0.1157	0.1264	0.0153	0.0039	0.0188	0.0013	0.8775	0.1292	0.0001	-0.0001	10.2127	3.1287	1.0234	1.1816	0.0005	0.0002	0.0002	0.0002	0.0002	0.0000	0.0002	0.0000	0.0002	0.0002	0.0002	0.0000	0.0002	0.0002	0.0000	0.0000	0.0000	0.0000	0.1820	0.1635	0.0185	0.0650	0.0622	0.0029	0.1170	0.1013	0.0157	0.0290	0.0159	0.0131	0.0052	0.0046	0.0006	0.0238	0.0114	0.0125	0.3233	0.1188	5.8508	0.0913	0.0881	0.0000	1.9470	0.1886	10.4901	0.0078	0.0126	0.0020	0.0391	0.0424	0.0153	0.0010	0.0007	0.0013
75	86	0.2140	7	1	0	1	0	0	0	0	0	N	N	N	N	N	N	N	N	N	N	N	N	0.0060	0.0261	0.1229	0.0376	0.0695	0.0000	0.0060	0.0010	0.1712	0.0013	0.0002	0.0106	0.0005	0.0006	0.0000	0.0017	0.0001	0.0125	0.2204	0.0089	0.0863	0.0140	0.0080	0.0410	0.2804	0.0689	0.0729	5.3610	10.1732	0.0001	0.0002	10.2127	4.0532	1.0234	2.2470	0.0003	0.0000	0.0002	0.0000	0.0000	0.0000	0.0002	0.0000	0.0002	0.0007	0.0001	0.0007	0.0001	0.0000	0.0000	0.0007	0.0000	0.0006	0.1996	0.1787	0.0209	0.0622	0.0591	0.0031	0.1374	0.1196	0.0178	0.0436	0.0238	0.0198	0.0076	0.0067	0.0009	0.0359	0.0171	0.0189	0.0796	0.0853	0.3193	0.0578	0.0954	0.0000	0.0925	0.0481	0.3762	0.0166	0.0027	0.0332	0.0091	0.0058	0.0339	0.0181	0.0015	0.0332
75	87	0.1909	6	1	0	1	0	0	0	0	0	N	N	N	N	N	N	N	N	N	N	N	N	0.0195	0.1743	0.0006	1.9751	2.7093	0.0987	0.0002	0.0005	0.0002	0.0268	0.0294	0.0031	0.0663	0.0690	0.0115	0.0004	0.0003	0.0012	1.3796	0.1688	5.6613	0.0336	0.0255	0.1160	1.6668	0.6369	5.8036	0.0117	158.0893	-0.0019	0.0480	10.2127	4.7288	1.0234	9.8540	0.0070	0.0069	0.0001	0.0070	0.0069	0.0001	0.0001	0.0000	0.0000	0.1314	0.0008	0.1306	0.0004	0.0003	0.0001	0.1311	0.0005	0.1305	0.2614	0.2356	0.0258	0.1049	0.0999	0.0049	0.1566	0.1357	0.0209	0.1148	0.0671	0.0477	0.0225	0.0212	0.0013	0.0924	0.0460	0.0464	0.0234	2.3917	0.0011	3.8481	4.9958	0.1611	0.0003	0.0256	0.0004	1.1445	0.0123	2.7376	0.0172	0.0138	0.0711	1.4190	0.0116	2.8147
75	88	0.1670	5	1	0	1	0	0	0	0	0	N	N	N	N	N	N	N	N	N	N	N	N	0.0485	0.0054	0.8472	0.0070	0.0071	0.0043	0.0639	0.0096	1.2059	0.0234	0.0021	0.1867	0.0031	0.0032	0.0000	0.0295	0.0017	0.2110	0.4820	0.3828	0.2203	0.4387	0.4561	0.0095	0.4621	0.1743	0.1750	11.8078	1.8100	0.0055	0.0001	10.2127	8.6320	1.0234	7.0881	0.0087	0.0007	0.0080	0.0003	0.0003	0.0000	0.0084	0.0004	0.0080	0.0039	0.0014	0.0025	0.0013	0.0013	0.0000	0.0026	0.0001	0.0025	0.3707	0.3279	0.0428	0.0863	0.0813	0.0049	0.2844	0.2466	0.0379	0.1076	0.0611	0.0465	0.0154	0.0144	0.0010	0.0922	0.0467	0.0455	0.6407	0.0902	3.4339	0.0364	0.0363	0.0043	1.0343	0.6828	3.8102	0.0365	0.0229	0.0544	0.0840	0.0893	0.0095	0.0286	0.0025	0.0554
75	89	0.2348	7	1	1	1	0	0	0	0	0	N	N	N	N	N	N	N	N	N	N	N	N	1.9526	0.7151	10.9677	0.0738	0.0673	90.3630	45.8385	21.5198	12.1924	0.0214	0.0234	0.0045	0.0038	0.0040	0.0011	0.0300	0.0338	0.0051	0.0109	0.0327	0.0004	0.0519	0.0590	0.0000	0.0007	0.0016	0.0004	0.0228	0.0566	-0.0041	-0.0002	10.2127	15.4622	1.0234	5.2688	0.0156	0.0153	0.0003	0.0009	0.0009	0.0000	0.0147	0.0144	0.0003	0.0004	0.0004	0.0000	0.0004	0.0004	0.0000	0.0000	0.0000	0.0000	0.7326	0.6546	0.0779	0.2414	0.2291	0.0124	0.4911	0.4256	0.0656	0.1232	0.0664	0.0568	0.0173	0.0158	0.0016	0.1059	0.0506	0.0552	6.0805	3.7886	10.9677	0.1626	0.1536	90.3630	129.3337	1238.6714	12.1924	0.0035	0.0062	0.0004	0.0235	0.0259	0.0000	0.0002	0.0000	0.0004
75	90	0.2230	6	1	0	1	0	0	0	0	0	N	N	N	N	N	N	N	N	N	N	N	N	438.2614	237.9556	6.2881	6.7833	6.0280	2.0383	542.0377	19.2902	7.2716	2.4025	2.6719	0.0033	0.0223	0.0234	0.0001	3.7186	4.2697	0.0040	0.0055	0.0112	0.0005	0.0033	0.0039	0.0001	0.0069	0.2213	0.0005	0.0001	0.1198	-0.2800	-0.0001	10.2127	7.5917	1.0234	1.5198	0.9756	0.9755	0.0001	0.0032	0.0032	0.0000	0.9724	0.9723	0.0001	0.0001	0.0001	0.0000	0.0000	0.0000	0.0000	0.0001	0.0001	0.0000	0.4061	0.3651	0.0410	0.1446	0.1374	0.0072	0.2615	0.2277	0.0338	0.0684	0.0397	0.0287	0.0149	0.0136	0.0013	0.0534	0.0260	0.0274	1160.2347	838.6555	6.2881	6.8491	6.5900	2.0383	2136.9525	1427.0245	7.2716	0.0021	0.0032	0.0005	0.0033	0.0036	0.0001	0.0017	0.0030	0.0005
75	91	0.3323	10	2	0	2	0	0	0	0	0	Y	N	Y	N	N	N	N	N	N	N	N	N	inf	inf	inf	inf	inf	inf	0.2293	0.2584	0.0000	0.7725	0.8233	0.0000	0.0038	0.0044	0.0000	0.0000	0.0000	0.0000	0.0000	0.0000	0.0000	0.0000	0.0000	0.0000	0.0000	-0.0086	0.0000	10.2127	3.0317	1.0234	0.1644	0.0301	0.0301	0.0000	0.0297	0.0297	0.0000	0.0003	0.0003	0.0000	0.0000	0.0000	0.0000	0.0000	0.0000	0.0000	0.0000	0.0000	0.0000	0.1311	0.1163	0.0148	0.0385	0.0361	0.0024	0.0926	0.0802	0.0124	0.0179	0.0089	0.0091	0.0011	0.0010	0.0001	0.0168	0.0079	0.0089	inf	inf	0.0000	inf	inf	0.0000	inf	inf	0.0000	0.0000	0.0000	0.0000	0.0000	0.0000	0.0000	0.0000	0.0000	0.0000				
75	92	0.3265	9	2	0	2	0	0	0	0	0	Y	N	Y	N	N	N	N	N	N	N	N	N	50.7932	58.3315	22.0004	35.0675	33.9095	59.9419	16.1353	1.4979	9.0178	0.0030	0.0032	0.0015	0.0038	0.0037	0.0055	0.0025	0.0028	0.0006	0.0001	0.0001	0.0001	0.0001	0.0001	0.0001	0.0002	0.0019	0.0001	0.0510	1.2726	-0.0001	-0.0000	10.2127	2.6632	1.0234	1.0147	0.0004	0.0004	0.0000	0.0002	0.0002	0.0000	0.0002	0.0002	0.0000	0.0000	0.0000	0.0000	0.0000	0.0000	0.0000	0.0000	0.0000	0.0000	0.1481	0.1336	0.0145	0.0550	0.0524	0.0026	0.0931	0.0812	0.0119	0.0221	0.0113	0.0108	0.0019	0.0018	0.0001	0.0202	0.0095	0.0107	50.7932	62.1822	22.0004	35.0675	33.9095	59.9419	46.5451	70.2147	9.0178	0.0001	0.0001	0.0001	0.0001	0.0001	0.0001	0.0001	0.0000	0.0001
75	93	0.2432	8	2	0	2	0	0	0	0	0	Y	N	Y	N	N	N	N	N	N	N	N	N	28.8900	9.9188	30.6994	2.8323	3.4552	0.2957	94.8886	15.8376	75.9089	0.9925	1.0859	0.2047	1.0684	1.1128	0.1173	0.9578	1.0724	0.2180	0.0344	0.1095	0.0067	0.3772	0.3221	0.3968	0.0101	0.0677	0.0029	0.0224	0.4568	-0.4235	-0.0006	10.2127	35.0787	1.0234	12.2568	1.5965	1.5616	0.0349	0.5387	0.5361	0.0026	1.0578	1.0255	0.0323	0.0019	0.0013	0.0006	0.0013	0.0011	0.0002	0.0005	0.0002	0.0004	1.6087	1.4380	0.1706	0.5042	0.4817	0.0225	1.1044	0.9563	0.1481	0.2607	0.1296	0.1311	0.0177	0.0163	0.0014	0.2430	0.1133	0.1297	137.1880	108.6872	45.3870	14.0326	16.0638	0.7546	431.7291	728.9723	75.9089	0.0072	0.0100	0.0045	0.0761	0.0693	0.1555	0.0022	0.0015	0.0029
75	94	0.2297	7	2	0	1	0	0	0	0	0	Y	N	N	N	N	N	N	N	N	N	N	N	101.8342	122.5014	13.1548	42.9511	40.6791	14.0537	87.3115	11.7994	17.3364	1.8777	2.0595	0.1272	0.4394	0.4514	0.0679	2.9005	3.3458	0.1367	0.0184	0.0168	0.0097	0.0102	0.0111	0.0048	0.0332	0.2836	0.0079	0.0064	1.3887	-0.3026	-0.0000	10.2127	8.4810	1.0234	2.3446	1.0779	1.0710	0.0069	0.1048	0.1043	0.0005	0.9731	0.9667	0.0064	0.0003	0.0001	0.0002	0.0000	0.0000	0.0000	0.0003	0.0001	0.0002	0.5740	0.5200	0.0540	0.2386	0.2311	0.0074	0.3355	0.2889	0.0466	0.0673	0.0343	0.0331	0.0048	0.0045	0.0003	0.0625	0.0298	0.0327	364.2855	485.6954	20.8538	61.4823	61.7055	14.0537	580.0544	886.4679	22.3634	0.0052	0.0042	0.0061	0.0071	0.0073	0.0048	0.0050	0.0038	0.0061
75	95	0.1670	5	1	1	1	1	0	0	0	0	N	N	N	N	N	N	N	N	N	N	N	N	4.8164	62.6284	37.7243	3090.0961	2933.9038	inf	2.6134	0.0061	52.2143	1.9555	1.0731	8.7992	4.1185	4.3626	0.0569	1.3071	0.0022	9.9297	0.4060	0.0171	0.2333	0.0013	0.0015	0.0000	0.5002	0.3570	0.1902	1.0572	11.5114	0.4402	0.0022	10.2127	24.0032	1.0234	22.6134	1.9414	0.9437	0.9977	0.9430	0.9423	0.0007	0.9984	0.0014	0.9969	0.0077	0.0006	0.0071	0.0000	0.0000	0.0000	0.0077	0.0006	0.0071	0.9928	0.8794	0.1134	0.2290	0.2160	0.0130	0.7638	0.6634	0.1004	0.2699	0.1436	0.1262	0.0279	0.0250	0.0029	0.2419	0.1186	0.1233	68.6084	250.7356	156.9374	3090.0961	2933.9038	inf	41.3107	0.4470	173.0359	0.0285	0.0043	0.0561	0.0013	0.0015	0.0000	0.0316	0.0049	0.0574
75	96	0.4037	7	1	1	1	0	0	0	0	0	N	N	N	N	N	N	N	N	N	N	N	N	0.0088	0.0882	0.0116	0.7865	0.7465	1.5404	0.0026	0.0022	0.0081	0.0006	0.0006	0.0005	0.0009	0.0008	0.0014	0.0005	0.0005	0.0004	0.0697	0.0071	0.0460	0.0011	0.0011	0.0009	0.1930	0.2349	0.0460	0.0950	5.8452	-0.0001	0.0005	10.2127	18.5150	1.0234	10.2301	0.0006	0.0005	0.0000	0.0003	0.0002	0.0000	0.0003	0.0003	0.0000	0.0021	0.0003	0.0018	0.0001	0.0001	0.0000	0.0020	0.0002	0.0018	0.9284	0.8359	0.0925	0.2883	0.2741	0.0142	0.6400	0.5618	0.0782	0.2191	0.1367	0.0823	0.0662	0.0594	0.0068	0.1529	0.0773	0.0756	0.0635	0.2752	0.0244	0.7865	0.7465	1.5404	0.0372	0.1644	0.0156	0.0097	0.0023	0.0220	0.0011	0.0011	0.0009	0.0134	0.0031	0.0239
75	97	0.1961	6	1	1	1	0	0	0	0	0	N	N	N	N	N	N	N	N	N	N	N	N	0.2267	0.1502	8.9207	0.0993	0.0933	2.8426	0.0028	0.0008	6.1339	0.3199	0.3568	0.0244	1.3364	1.4067	0.1008	0.0033	0.0016	0.0144	1.4111	2.3765	0.0027	13.4617	15.0818	0.0355	1.1792	2.1647	0.0024	0.0085	0.0011	-0.1647	-0.2875	10.2127	46.1140	1.0234	26.4917	0.5911	0.5861	0.0050	0.5865	0.5841	0.0024	0.0046	0.0020	0.0026	0.4583	0.4578	0.0005	0.3238	0.3237	0.0001	0.1345	0.1341	0.0004	1.8480	1.6426	0.2054	0.4388	0.4152	0.0236	1.4091	1.2273	0.1818	0.3828	0.1926	0.1902	0.0241	0.0215	0.0026	0.3588	0.1712	0.1876	0.2672	0.1502	8.9207	0.0993	0.0933	3.3395	0.0088	0.0021	6.1339	1.1971	2.3765	0.0027	13.4617	15.0818	0.0302	0.3750	0.7834	0.0024
75	98	0.4566	9	1	1	1	0	0	0	0	0	N	N	N	N	N	N	N	N	N	N	N	N	0.0009	0.0038	0.0000	0.0069	0.0373	0.0000	0.0003	0.0001	0.0000	0.0000	0.0000	0.0000	0.0000	0.0000	0.0000	0.0000	0.0000	0.0000	0.0169	0.0043	0.0183	0.0026	0.0005	0.0151	0.0401	0.1677	0.0133	0.0001	4.0881	-0.0000	0.0001	10.2127	20.7840	1.0234	8.9470	0.0000	0.0000	0.0000	0.0000	0.0000	0.0000	0.0000	0.0000	0.0000	0.0007	0.0001	0.0005	0.0001	0.0000	0.0001	0.0006	0.0001	0.0004	0.8559	0.7722	0.0837	0.3647	0.3463	0.0184	0.4912	0.4259	0.0653	0.1355	0.0811	0.0544	0.0406	0.0347	0.0059	0.0949	0.0464	0.0485	0.0031	0.0103	0.0000	0.0069	0.0373	0.0000	0.0022	0.0060	0.0000	0.0049	0.0016	0.0097	0.0026	0.0005	0.0151	0.0058	0.0024	0.0091
75	99	0.4517	8	1	0	1	0	0	0	0	0	N	N	N	N	N	N	N	N	N	N	N	N	0.9894	0.1165	249.0659	0.5834	0.6835	0.0121	51.4350	1.6875	1252.3596	0.1297	0.0388	0.8083	0.0475	0.0542	0.0003	0.2995	0.0077	2.7669	0.1311	0.3336	0.0032	0.0815	0.0793	0.0268	0.0058	0.0046	0.0022	2.7865	0.1187	0.0349	-0.0003	10.2127	2.7834	1.0234	1.0450	0.0777	0.0205	0.0572	0.0192	0.0192	0.0000	0.0585	0.0014	0.0572	0.0005	0.0005	0.0001	0.0005	0.0005	0.0000	0.0000	0.0000	0.0000	0.5992	0.5284	0.0708	0.4038	0.3537	0.0501	0.1955	0.1748	0.0207	0.0416	0.0239	0.0177	0.0151	0.0144	0.0007	0.0265	0.0095	0.0170	10.3913	1.9992	259.7234	1.4977	1.6920	0.0128	202.3527	46.3282	1252.3596	0.0125	0.0194	0.0031	0.0317	0.0320	0.0253	0.0015	0.0002	0.0022
75	100	0.4416	7	1	0	1	0	0	0	0	0	N	N	N	N	N	N	N	N	N	N	N	N	37.4865	30.4834	84.7758	95.9044	98.4727	87.3455	20.9930	1.5659	9.2221	0.3932	0.4079	0.2717	0.4524	0.4495	0.4778	0.3138	0.3515	0.0259	0.0105	0.0134	0.0032	0.0047	0.0046	0.0055	0.0149	0.2244	0.0028	0.0809	0.5070	-0.0743	-0.0001	10.2127	7.6044	1.0234	2.7972	0.3501	0.3239	0.0262	0.2307	0.2056	0.0251	0.1195	0.1183	0.0011	0.0004	0.0003	0.0001	0.0002	0.0002	0.0000	0.0002	0.0001	0.0001	0.8905	0.7941	0.0964	0.5099	0.4574	0.0525	0.3806	0.3367	0.0440	0.1290	0.0811	0.0479	0.0529	0.0477	0.0053	0.0761	0.0334	0.0427	115.0098	113.0197	87.7596	108.7124	111.8949	87.3455	108.1629	116.0982	9.2221	0.0034	0.0036	0.0031	0.0042	0.0040	0.0055	0.0029	0.0030	0.0028
75	101	0.3921	6	1	0	1	0	0	0	0	0	N	N	N	N	N	N	N	N	N	N	N	N	1.5654	1.1050	0.4105	8.3226	8.6395	0.7069	1.5824	0.4752	0.4559	0.3424	0.3791	0.0084	0.3810	0.3991	0.0205	0.3244	0.3690	0.0062	0.2187	0.3431	0.0205	0.0458	0.0462	0.0290	0.2050	0.7764	0.0137	0.0024	0.3387	-0.0931	-0.0014	10.2127	18.4780	1.0234	12.4520	0.3270	0.3262	0.0008	0.1158	0.1155	0.0003	0.2113	0.2108	0.0005	0.0037	0.0028	0.0009	0.0014	0.0012	0.0002	0.0023	0.0016	0.0008	0.9552	0.8606	0.0946	0.3038	0.2893	0.0145	0.6514	0.5712	0.0801	0.2261	0.1378	0.0883	0.0648	0.0579	0.0069	0.1613	0.0798	0.0814	20.9184	18.8938	0.7952	17.8082	19.1788	0.7779	22.6091	18.8980	0.6739	0.0164	0.0201	0.0106	0.0214	0.0208	0.0263	0.0143	0.0195	0.0093
75	102	0.2810	8	1	1	1	0	0	0	0	0	N	N	N	N	N	N	N	N	N	N	N	N	0.0990	0.1541	0.0209	0.0578	0.0498	3.7041	0.1683	0.1373	0.0114	0.0293	0.0323	0.0014	0.0037	0.0037	0.0044	0.0459	0.0525	0.0007	0.2963	0.2094	0.0677	0.0638	0.0735	0.0012	0.2728	0.3822	0.0616	0.0046	1.4822	-0.0158	-0.0002	10.2127	34.1922	1.0234	22.4626	0.0558	0.0556	0.0003	0.0028	0.0026	0.0002	0.0531	0.0530	0.0001	0.0069	0.0028	0.0041	0.0021	0.0021	0.0000	0.0048	0.0007	0.0041	1.9030	1.7216	0.1814	0.7468	0.7120	0.0348	1.1563	1.0096	0.1466	0.3449	0.2005	0.1444	0.0741	0.0672	0.0069	0.2708	0.1333	0.1375	1.4677	2.3298	0.0496	0.1310	0.1181	3.7041	2.5857	9.9994	0.0236	0.0200	0.0139	0.0285	0.0282	0.0309	0.0012	0.0178	0.0052	0.0299
75	103	0.2332	7	1	1	1	0	0	0	0	0	N	N	N	N	N	N	N	N	N	N	N	N	6.2964	2.8787	0.5890	0.3224	0.2823	3.4368	6.7233	1.8495	0.7586	0.8719	0.9749	0.0042	0.0052	0.0054	0.0032	1.3133	1.5138	0.0044	0.1385	0.3387	0.0071	0.0163	0.0190	0.0009	0.1953	0.8185	0.0057	0.0005	0.2080	-0.2821	-0.0012	10.2127	22.5884	1.0234	11.0115	0.9841	0.9836	0.0005	0.0020	0.0019	0.0001	0.9821	0.9817	0.0004	0.0026	0.0022	0.0005	0.0003	0.0003	0.0000	0.0023	0.0019	0.0005	1.1287	1.0090	0.1198	0.3809	0.3605	0.0204	0.7478	0.6485	0.0994	0.2031	0.1099	0.0932	0.0318	0.0288	0.0030	0.1714	0.0811	0.0903	67.1520	49.0782	0.8550	0.5146	0.4810	3.4368	97.2623	65.9227	0.8714	0.0130	0.0199	0.0049	0.0102	0.0111	0.0009	0.0135	0.0230	0.0050
75	104	0.2031	6	1	0	1	0	0	0	0	0	N	N	N	N	N	N	N	N	N	N	N	N	1.0515	0.1781	80.2694	0.3327	0.3210	3.4754	5.5372	0.1894	94.0954	0.0474	0.0385	0.1211	0.0522	0.0552	0.0002	0.0450	0.0294	0.1461	0.0451	0.2160	0.0015	0.1568	0.1720	0.0001	0.0081	0.1553	0.0016	0.3816	0.0904	-0.0003	-0.0006	10.2127	11.8100	1.0234	8.7888	0.0282	0.0204	0.0078	0.0103	0.0103	0.0000	0.0179	0.0101	0.0078	0.0011	0.0010	0.0001	0.0009	0.0009	0.0000	0.0002	0.0001	0.0001	0.5950	0.5307	0.0643	0.1973	0.1863	0.0110	0.3977	0.3444	0.0533	0.1303	0.0708	0.0595	0.0193	0.0176	0.0017	0.1110	0.0532	0.0578	5.7038	2.7432	80.2694	1.1573	1.1164	3.4754	23.5724	12.7851	94.0954	0.0083	0.0140	0.0015	0.0451	0.0495	0.0001	0.0019	0.0023	0.0016
75	105	0.1670	5	1	0	1	0	0	0	0	0	N	N	N	N	N	N	N	N	N	N	N	N	22.4498	1675.3634	0.9300	4599.5810	4472.5920	inf	0.0505	0.8038	0.0064	0.9570	1.0769	0.0336	4.1118	4.3431	0.2901	0.0049	0.0056	0.0002	0.0426	0.0006	0.0361	0.0009	0.0010	0.0000	0.0965	0.0070	0.0340	0.0040	33.2543	-0.1689	0.0004	10.2127	14.7392	1.0234	7.3617	0.5966	0.5942	0.0024	0.5943	0.5919	0.0024	0.0023	0.0023	0.0000	0.0011	0.0000	0.0011	0.0000	0.0000	0.0000	0.0011	0.0000	0.0011	0.6234	0.5518	0.0717	0.1445	0.1363	0.0082	0.4789	0.4155	0.0634	0.1429	0.0790	0.0639	0.0182	0.0167	0.0014	0.1248	0.0623	0.0625	119.7439	2551.4101	1.9350	4599.5810	4472.5920	inf	0.5402	20.3445	0.0123	0.0080	0.0004	0.0173	0.0009	0.0010	0.0000	0.0090	0.0003	0.0177
75	106	0.2398	8	1	1	1	0	0	0	0	0	N	N	N	N	N	N	N	N	N	N	N	N	195.1168	178.0940	5.5610	91.6020	80.1711	1090.6178	46.9179	10.5428	3.3408	0.4862	0.5404	0.0057	1.0201	1.0665	0.0166	0.1446	0.1672	0.0034	0.0025	0.0030	0.0010	0.0111	0.0133	0.0000	0.0031	0.0159	0.0010	0.0012	0.8893	-0.1480	-0.0000	10.2127	20.0414	1.0234	7.0324	0.5176	0.5170	0.0006	0.4237	0.4234	0.0003	0.0939	0.0936	0.0003	0.0002	0.0001	0.0001	0.0001	0.0001	0.0000	0.0001	0.0000	0.0001	1.0644	0.9566	0.1078	0.4153	0.3970	0.0184	0.6491	0.5597	0.0894	0.1530	0.0746	0.0784	0.0065	0.0058	0.0007	0.1465	0.0687	0.0778	437.8250	448.0302	5.5610	132.5218	124.4364	1090.6178	176.7243	287.7959	3.3408	0.0011	0.0012	0.0010	0.0077	0.0086	0.0000	0.0008	0.0006	0.0010
75	107	0.2297	7	1	0	1	0	0	0	0	0	N	N	N	N	N	N	N	N	N	N	N	N	156.1707	105.9594	53.8650	217.9275	197.7710	431.5959	1.9718	0.0439	47.4438	1.0676	1.1651	0.0980	2.4155	2.4840	0.1648	0.0178	0.0066	0.0870	0.0068	0.0110	0.0018	0.0111	0.0126	0.0004	0.0090	0.1498	0.0018	0.0085	0.5448	-0.1535	-0.0000	10.2127	7.0315	1.0234	1.2144	0.5506	0.5460	0.0046	0.5455	0.5444	0.0011	0.0052	0.0016	0.0035	0.0001	0.0001	0.0000	0.0000	0.0000	0.0000	0.0001	0.0001	0.0000	0.5158	0.4686	0.0472	0.2258	0.2192	0.0067	0.2900	0.2495	0.0405	0.0526	0.0272	0.0254	0.0042	0.0040	0.0003	0.0484	0.0232	0.0252	427.9155	372.6456	53.8650	314.6392	304.9029	431.5959	8.7333	2.9071	47.4438	0.0025	0.0031	0.0018	0.0077	0.0081	0.0004	0.0020	0.0023	0.0018
75	108	0.1961	6	1	0	1	0	0	0	0	0	N	N	N	N	N	N	N	N	N	N	N	N	1.4655	1.1617	3.6297	29.8629	33.1413	0.5073	0.0139	0.0015	4.8984	1.4617	1.6336	0.0916	5.7082	6.0099	0.0263	0.0160	0.0032	0.1001	0.9974	1.4062	0.0252	0.1911	0.1813	0.0519	1.1496	2.1432	0.0204	0.0070	0.0200	-0.2989	-0.0245	10.2127	16.2725	1.0234	4.4748	1.0669	1.0594	0.0075	1.0582	1.0579	0.0002	0.0087	0.0015	0.0072	0.0403	0.0395	0.0008	0.0005	0.0005	0.0000	0.0398	0.0390	0.0008	0.7299	0.6485	0.0814	0.1854	0.1760	0.0093	0.5445	0.4725	0.0720	0.1286	0.0662	0.0624	0.0109	0.0101	0.0008	0.1177	0.0561	0.0616	4.6612	2.7353	7.2186	114.6241	118.7237	0.6648	0.0473	0.0045	8.1131	0.3136	0.5972	0.0127	0.0498	0.0506	0.0396	0.3380	0.6956	0.0123
75	109	0.2489	7	1	1	1	0	0	0	0	0	N	N	N	N	N	N	N	N	N	N	N	N	49.0531	283.1745	0.5585	384.4274	339.6888	234.1058	8.4742	55.9633	0.2058	0.4451	0.4980	0.0050	1.1995	1.2674	0.0251	0.1349	0.1547	0.0015	0.0091	0.0018	0.0090	0.0031	0.0037	0.0001	0.0159	0.0028	0.0075	0.0012	5.9308	-0.2160	0.0002	10.2127	40.5309	1.0234	14.7974	0.7555	0.7546	0.0009	0.5932	0.5925	0.0007	0.1623	0.1621	0.0002	0.0009	0.0001	0.0008	0.0001	0.0001	0.0000	0.0008	0.0000	0.0008	1.6975	1.5153	0.1822	0.4945	0.4675	0.0270	1.2030	1.0478	0.1552	0.3046	0.1652	0.1394	0.0402	0.0363	0.0039	0.2644	0.1289	0.1355	144.8673	609.2578	0.8760	384.4274	368.2589	234.1058	44.0293	2000.5799	0.2605	0.0031	0.0008	0.0057	0.0031	0.0034	0.0001	0.0031	0.0001	0.0059
75	110	0.2230	6	1	1	1	0	0	0	0	0	N	N	N	N	N	N	N	N	N	N	N	N	142.8467	75.0582	49.2813	4.9274	4.3981	49.5580	132.5104	6.4998	55.6701	1.2943	1.4396	0.0582	0.0238	0.0248	0.0047	1.8845	2.1559	0.0680	0.0091	0.0192	0.0012	0.0048	0.0056	0.0001	0.0142	0.3317	0.0012	0.0047	0.2058	-0.2376	-0.0002	10.2127	13.5236	1.0234	3.5331	0.8414	0.8375	0.0040	0.0049	0.0049	0.0001	0.8365	0.8326	0.0039	0.0003	0.0003	0.0001	0.0001	0.0001	0.0000	0.0003	0.0002	0.0001	0.6501	0.5817	0.0684	0.2062	0.1955	0.0107	0.4439	0.3862	0.0577	0.1121	0.0624	0.0497	0.0193	0.0174	0.0018	0.0928	0.0449	0.0479	421.8450	314.6845	49.2813	5.6422	5.3373	49.5580	665.9768	474.4095	55.6701	0.0031	0.0046	0.0012	0.0042	0.0047	0.0001	0.0028	0.0045	0.0012
75	111	0.1670	5	1	0	1	0	0	0	0	0	N	N	N	N	N	N	N	N	N	N	N	N	4.6088	1.2985	88.0868	1.8562	1.7849	7.7412	3.2645	0.0624	97.2579	0.0242	0.0100	0.1340	0.0015	0.0016	0.0000	0.0310	0.0127	0.1514	0.0053	0.0077	0.0015	0.0008	0.0009	0.0000	0.0095	0.2032	0.0016	1.7464	0.5412	0.0060	-0.0001	10.2127	16.9399	1.0234	15.9768	0.0172	0.0063	0.0110	0.0003	0.0003	0.0000	0.0170	0.0060	0.0110	0.0004	0.0003	0.0001	0.0000	0.0000	0.0000	0.0004	0.0002	0.0001	0.7127	0.6309	0.0818	0.1650	0.1556	0.0094	0.5477	0.4753	0.0724	0.2006	0.1083	0.0923	0.0227	0.0206	0.0021	0.1780	0.0878	0.0902	12.1393	4.1558	88.0868	1.8562	1.7849	7.7412	14.4803	4.6217	97.2579	0.0020	0.0024	0.0015	0.0008	0.0009	0.0000	0.0021	0.0027	0.0016
75	112	0.2714	9	2	1	1	1	0	0	0	0	Y	N	N	N	N	N	N	N	N	N	N	N	1431.3292	27038.1510	15.4614	55412.2771	49619.9752	inf	347.9918	136.2890	0.0000	0.1088	0.1230	0.0025	0.1439	0.1473	0.0235	0.0805	0.0993	0.0000	0.0001	0.0000	0.0002	0.0000	0.0000	0.0000	0.0002	0.0007	0.0002	0.0027	29.9408	-0.0000	0.0000	10.2127	0.0019	1.0234	1.9928	0.0000	0.0000	0.0000	0.0000	0.0000	0.0000	0.0000	0.0000	0.0000	0.0000	0.0000	0.0000	0.0000	0.0000	0.0000	0.0000	0.0000	0.0000	0.0002	0.0002	0.0000	0.0001	0.0001	0.0000	0.0001	0.0001	0.0000	0.0117	0.0063	0.0054	0.0018	0.0016	0.0002	0.0098	0.0047	0.0051	1431.3292	27038.1510	15.4614	55412.2771	49619.9752	inf	896.1410	19515.4387	0.0000	0.0001	0.0000	0.0002	0.0000	0.0000	0.0000	0.0001	0.0000	0.0002
75	113	0.2478	8	2	1	1	1	0	0	0	0	Y	N	N	N	N	N	N	N	N	N	N	N	4.7862	182.7508	0.0066	780.9353	672.6123	78.2222	4.3385	11.3206	0.0003	3.3053	3.7030	0.0075	2.8250	2.9740	0.0498	3.5209	4.0613	0.0003	0.6906	0.0203	1.1471	0.0036	0.0044	0.0006	0.8115	0.3588	1.0353	0.0002	30.3373	-0.3853	0.0023	10.2127	8.6942	1.0234	6.0502	1.3431	1.3427	0.0003	0.3557	0.3554	0.0003	0.9873	0.9873	0.0000	0.0067	0.0002	0.0065	0.0000	0.0000	0.0000	0.0066	0.0002	0.0065	0.4063	0.3626	0.0437	0.1259	0.1195	0.0064	0.2804	0.2431	0.0373	0.0887	0.0450	0.0437	0.0100	0.0086	0.0013	0.0787	0.0364	0.0423	43.9445	783.2180	0.0509	812.6976	760.4212	78.2222	41.7671	825.1378	0.0018	0.0752	0.0047	0.1479	0.0035	0.0039	0.0006	0.0843	0.0049	0.1525
75	114	0.2690	12	1	1	1	1	0	0	0	0	N	N	N	N	N	N	N	N	N	N	N	N	0.0000	0.0000	0.0000	0.0000	0.0000	0.0000	0.0000	0.0000	0.0000	0.0000	0.0000	0.0000	0.0000	0.0004	0.0000	0.0006	0.0000	0.0000	0.0000	0.0018	0.0000	0.0006	inf	0.0000	0.0000	10.2127	0.0001	1.0234	0.0001	0.0000	0.0000	0.0000	0.0000	0.0000	0.0000	0.0000	0.0000	0.0000	0.0000	0.0000	0.0000	0.0000	0.0000	0.0000	0.0000	0.0000	0.0000	0.0000	0.0000	0.0000	0.0000	0.0000	0.0000	0.0000	0.0000	0.0000	0.0000	0.0000	0.0000	0.0000	0.0000	0.0000	0.0000	0.0000	0.0000	0.0000	0.0000	0.0000	0.0000	0.0000	0.0000	0.0000	0.0000	0.0000	0.0003	0.0000	0.0006	0.0000	0.0000	0.0000	0.0006	0.0000	0.0006						
75	115	0.2623	11	1	1	1	1	0	0	0	0	N	N	N	N	N	N	N	N	N	N	N	N	0.0000	0.0000	0.0000	0.0000	0.0000	0.0000	0.0000	0.0000	0.0000	0.0000	0.0000	0.0000	0.0000	0.0017	0.0000	0.0017	0.0000	0.0000	0.0000	0.0037	0.0000	0.0018	inf	0.0000	0.0000	10.2127	3.0007	1.0234	1.0012	0.0000	0.0000	0.0000	0.0000	0.0000	0.0000	0.0000	0.0000	0.0000	0.0000	0.0000	0.0000	0.0000	0.0000	0.0000	0.0000	0.0000	0.0000	0.1309	0.1161	0.0147	0.0349	0.0329	0.0019	0.0960	0.0832	0.0128	0.0232	0.0116	0.0116	0.0023	0.0019	0.0004	0.0209	0.0097	0.0112	0.0000	0.0000	0.0000	0.0000	0.0000	0.0000	0.0000	0.0000	0.0000	0.0009	0.0000	0.0017	0.0000	0.0000	0.0000	0.0010	0.0000	0.0018						
75	116	0.2604	10	1	0	1	1	0	0	0	0	N	N	N	N	N	N	N	N	N	N	N	N	12906.5922	inf	0.3591	inf	inf	inf	0.0672	inf	0.0000	0.0168	0.0189	0.0000	0.0562	0.0594	0.0000	0.0000	0.0000	0.0000	0.0000	0.0000	0.0000	0.0000	0.0000	0.0000	0.0000	0.0000	0.0000	0.0000	inf	-0.0002	0.0000	10.2127	1.1177	1.0234	0.0023	0.0009	0.0009	0.0000	0.0009	0.0009	0.0000	0.0000	0.0000	0.0000	0.0000	0.0000	0.0000	0.0000	0.0000	0.0000	0.0000	0.0000	0.0000	0.0513	0.0457	0.0056	0.0153	0.0145	0.0008	0.0360	0.0312	0.0048	0.0065	0.0033	0.0033	0.0006	0.0005	0.0001	0.0059	0.0027	0.0032	12906.5922	inf	0.3591	inf	inf	inf	0.0672	inf	0.0000	0.0000	0.0000	0.0000	0.0000	0.0000	0.0000	0.0000	0.0000	0.0000
75	117	0.0767	4	1	1	1	0	0	0	0	0	N	N	N	N	N	N	N	N	N	N	N	N	5.2084	3.5083	0.1058	0.7110	0.7427	0.1769	4.5649	1.3524	0.1258	0.6935	0.7761	0.0022	0.0182	0.0187	0.0039	0.8219	0.9352	0.0021	0.1332	0.2212	0.0207	0.0256	0.0251	0.0221	0.1801	0.6915	0.0168	0.0003	0.6781	-0.2942	-0.0011	10.2127	31.2782	1.0234	23.9277	1.0257	1.0253	0.0003	0.0043	0.0043	0.0000	1.0214	1.0210	0.0003	0.0050	0.0030	0.0020	0.0005	0.0004	0.0000	0.0046	0.0026	0.0020	1.4789	1.3211	0.1578	0.2362	0.2293	0.0070	1.2427	1.0918	0.1508	0.3988	0.2105	0.1883	0.0330	0.0314	0.0016	0.3658	0.1791	0.1867	54.8230	54.3410	0.2025	1.2935	1.3617	0.1806	65.6453	65.0149	0.1969	0.0127	0.0143	0.0108	0.0141	0.0137	0.0216	0.0125	0.0144	0.0107
75	118	0.2604	10	1	0	2	1	0	0	0	0	N	N	Y	N	N	N	N	N	N	N	N	N	inf	inf	inf	inf	inf	inf	inf	inf	inf	5.7711	6.4957	0.0005	0.0050	0.0053	0.0000	7.9661	9.1884	0.0006	0.0000	0.0000	0.0000	0.0000	0.0000	0.0000	0.0000	0.0000	0.0000	0.0000	-0.2838	-0.0000	10.2127	3.8827	1.0234	2.9998	0.9885	0.9885	0.0000	0.0002	0.0002	0.0000	0.9883	0.9883	0.0000	0.0000	0.0000	0.0000	0.0000	0.0000	0.0000	0.0000	0.0000	0.0000	0.1713	0.1522	0.0191	0.0472	0.0446	0.0026	0.1241	0.1076	0.0165	0.0396	0.0198	0.0198	0.0039	0.0032	0.0006	0.0357	0.0166	0.0192	inf	inf	inf	inf	inf	inf	inf	inf	inf	0.0000	0.0000	0.0000	0.0000	0.0000	0.0000	0.0000	0.0000	0.0000	
75	119	0.2575	9	1	0	1	1	0	0	0	0	N	N	N	N	N	N	N	N	N	N	N	N	1196845.0887	677548.7838	72.8095	344842.4512	306153.0172	inf	71923.7010	inf	2.8580	6.5948	7.3451	0.0000	19.0608	20.1106	0.0001	0.0068	0.0078	0.0000	0.0000	0.0000	0.0000	0.0001	0.0001	0.0000	0.0000	0.0000	0.0000	0.0000	0.0180	-0.2866	-0.0000	10.2127	2.8083	1.0234	0.0030	0.9982	0.9982	0.0000	0.9975	0.9975	0.0000	0.0007	0.0007	0.0000	0.0000	0.0000	0.0000	0.0000	0.0000	0.0000	0.0000	0.0000	0.0000	0.1514	0.1359	0.0155	0.0523	0.0496	0.0027	0.0990	0.0863	0.0127	0.0164	0.0082	0.0082	0.0016	0.0014	0.0003	0.0148	0.0068	0.0080	1196845.0887	677548.7838	72.8095	344842.4512	306153.0172	inf	71923.7010	inf	2.8580	0.0000	0.0000	0.0000	0.0001	0.0001	0.0000	0.0000	0.0000	0.0000
75	120	0.2575	9	1	0	2	1	0	0	0	0	N	N	Y	N	N	N	N	N	N	N	N	N	41728.6200	23613.2279	inf	427.7767	379.9571	inf	inf	inf	0.0734	0.0824	0.0000	0.0077	0.0081	0.0000	0.1004	0.1156	0.0000	0.0000	0.0000	0.0000	0.0000	0.0000	0.0000	0.0000	0.0000	0.0000	0.0000	0.0093	-0.0093	-0.0000	10.2127	9.6158	1.0234	0.0030	0.0323	0.0323	0.0000	0.0010	0.0010	0.0000	0.0313	0.0313	0.0000	0.0000	0.0000	0.0000	0.0000	0.0000	0.0000	0.0000	0.0000	0.0000	0.4403	0.3924	0.0479	0.1283	0.1212	0.0070	0.3120	0.2711	0.0409	0.0552	0.0276	0.0276	0.0054	0.0045	0.0009	0.0498	0.0231	0.0267	41728.6200	23613.2279	inf	427.7767	379.9571	inf	inf	inf	0.0000	0.0000	0.0000	0.0000	0.0000	0.0000	0.0000	0.0000	0.0000	0.0000	
75	121	0.2478	8	1	0	1	1	0	0	0	0	N	N	N	N	N	N	N	N	N	N	N	N	7.9321	2.7687	1488.8135	3.6580	2.7144	1124.1425	176.3594	5.1863	0.0581	0.0222	0.0211	0.0313	0.0513	0.0446	0.1856	0.0054	0.0063	0.0000	0.0028	0.0076	0.0000	0.0140	0.0164	0.0002	0.0000	0.0012	0.0000	0.1684	0.0083	-0.0007	-0.0000	10.2127	4.2457	1.0234	2.0144	0.0048	0.0041	0.0007	0.0041	0.0034	0.0007	0.0008	0.0008	0.0000	0.0001	0.0000	0.0000	0.0000	0.0000	0.0000	0.0000	0.0000	0.0000	0.2183	0.1961	0.0223	0.0796	0.0758	0.0038	0.1387	0.1202	0.0185	0.0407	0.0210	0.0197	0.0055	0.0049	0.0006	0.0352	0.0161	0.0191	17.8848	8.8657	1488.8135	5.6362	4.3986	1124.1425	335.4953	400.6275	0.0581	0.0012	0.0024	0.0000	0.0091	0.0101	0.0002	0.0000	0.0000	0.0000
75	122	0.2057	7	1	0	1	1	0	0	0	0	N	N	N	N	N	N	N	N	N	N	N	N	44.1103	8.1140	0.2681	2.2635	1.9629	3.9243	36.3190	3.2187	0.2828	1.3085	1.4681	0.0004	0.0497	0.0523	0.0002	1.8052	2.0809	0.0004	0.0297	0.1809	0.0013	0.0220	0.0266	0.0000	0.0497	0.6465	0.0013	0.0000	0.1073	-0.2079	-0.0005	10.2127	11.9190	1.0234	13.1740	0.7241	0.7240	0.0000	0.0078	0.0078	0.0000	0.7163	0.7163	0.0000	0.0010	0.0009	0.0001	0.0001	0.0001	0.0000	0.0009	0.0008	0.0001	0.5534	0.4932	0.0602	0.1566	0.1490	0.0076	0.3968	0.3442	0.0526	0.1447	0.0716	0.0731	0.0090	0.0080	0.0010	0.1357	0.0636	0.0721	189.9427	116.7642	0.2681	3.9137	3.6620	3.9243	277.5873	168.3680	0.2828	0.0069	0.0126	0.0013	0.0127	0.0143	0.0000	0.0065	0.0124	0.0013
75	123	0.4519	9	1	0	2	1	0	0	0	0	N	N	Y	N	N	N	N	N	N	N	N	N	2.5076	1.6496	0.0000	19.8253	19.7339	0.0000	0.6035	0.0393	0.0000	0.0003	0.0003	0.0000	0.0004	0.0004	0.0000	0.0003	0.0003	0.0000	0.0001	0.0002	0.0000	0.0000	0.0000	0.0000	0.0004	0.0077	0.0000	0.0000	0.0984	-0.0001	-0.0000	10.2127	12.8936	1.0234	4.1514	0.0002	0.0002	0.0000	0.0001	0.0001	0.0000	0.0001	0.0001	0.0000	0.0000	0.0000	0.0000	0.0000	0.0000	0.0000	0.0000	0.0000	0.0000	0.6552	0.5932	0.0620	0.2288	0.2187	0.0101	0.4264	0.3745	0.0519	0.0947	0.0551	0.0396	0.0261	0.0220	0.0041	0.0686	0.0331	0.0355	2.5076	1.7694	0.0000	19.8253	19.7339	0.0000	1.6307	0.9822	0.0000	0.0001	0.0002	0.0000	0.0000	0.0000	0.0000	0.0002	0.0003	0.0000
75	124	0.2210	8	1	1	1	0	0	0	0	0	N	N	N	N	N	N	N	N	N	N	N	N	469.6289	91.0404	23138.5372	0.5203	0.2469	105.1133	361.8283	6.0963	25896.8123	2.9840	1.3923	15.8160	0.0011	0.0006	0.0107	4.0268	1.9241	17.9343	0.0064	0.0153	0.0007	0.0021	0.0022	0.0001	0.0111	0.3156	0.0007	1.4091	0.1734	0.5048	-0.0001	10.2127	12.7386	1.0234	8.7370	1.6952	0.7037	0.9916	0.0002	0.0001	0.0001	1.6951	0.7036	0.9915	0.0003	0.0003	0.0000	0.0000	0.0000	0.0000	0.0003	0.0002	0.0000	0.5681	0.5054	0.0627	0.1471	0.1397	0.0074	0.4209	0.3657	0.0553	0.1284	0.0641	0.0643	0.0107	0.0098	0.0010	0.1177	0.0543	0.0634	1287.6463	351.7211	23138.5372	0.5203	0.2469	105.1133	1719.5395	451.0147	25896.8123	0.0023	0.0040	0.0007	0.0021	0.0022	0.0001	0.0023	0.0043	0.0007
75	125	0.2057	7	1	1	1	0	0	0	0	0	N	N	N	N	N	N	N	N	N	N	N	N	8.8468	2.9282	56.9236	101.9893	91.6956	1.0429	4.4053	0.9822	64.8375	0.9972	1.1112	0.0443	1.6463	1.7263	0.0003	0.7176	0.8197	0.0509	0.1127	0.3795	0.0008	0.0161	0.0188	0.0003	0.1629	0.8345	0.0008	0.0048	0.0347	-0.1180	-0.0004	10.2127	8.6431	1.0234	1.4782	0.4178	0.4158	0.0020	0.2077	0.2077	0.0000	0.2101	0.2081	0.0020	0.0007	0.0007	0.0000	0.0000	0.0000	0.0000	0.0007	0.0007	0.0000	0.4190	0.3742	0.0448	0.1262	0.1203	0.0058	0.2928	0.2539	0.0389	0.0617	0.0306	0.0310	0.0044	0.0040	0.0004	0.0572	0.0266	0.0306	85.2908	48.8282	56.9236	162.8932	155.3097	1.0429	60.7367	33.4391	64.8375	0.0117	0.0228	0.0008	0.0101	0.0111	0.0003	0.0118	0.0245	0.0008
75	126	0.1961	6	1	0	1	0	0	0	0	0	N	N	N	N	N	N	N	N	N	N	N	N	1.0542	0.8398	0.0118	0.0991	0.0994	1.0449	1.2658	0.8253	0.0058	1.3057	1.4587	0.0012	0.0500	0.0517	0.0067	1.8532	2.1405	0.0006	1.2386	1.7370	0.1041	0.5049	0.5201	0.0064	1.4640	2.5937	0.0962	0.0001	0.0193	-0.0856	-0.0246	10.2127	4.1618	1.0234	2.0491	0.2981	0.2981	0.0000	0.0035	0.0035	0.0000	0.2947	0.2947	0.0000	0.0404	0.0396	0.0008	0.0006	0.0006	0.0000	0.0397	0.0390	0.0008	0.2283	0.2044	0.0240	0.0693	0.0667	0.0026	0.1590	0.1377	0.0214	0.0464	0.0259	0.0205	0.0067	0.0065	0.0003	0.0397	0.0195	0.0202	1.5014	0.9552	0.0330	0.5204	0.5183	1.0449	1.8519	1.0699	0.0148	0.8697	1.5271	0.0373	0.0961	0.0998	0.0064	1.0007	2.0006	0.0377
75	127	0.1670	5	1	0	1	0	0	0	0	0	N	N	N	N	N	N	N	N	N	N	N	N	0.0029	0.0018	0.0047	0.0497	0.0514	0.2725	0.0002	0.0000	0.0059	0.0084	0.0089	0.0042	0.0338	0.0357	0.0023	0.0007	0.0001	0.0045	2.8398	4.9401	0.9025	0.6804	0.6946	0.0086	3.2786	6.3710	0.7573	0.0619	0.0194	-0.0008	-0.1983	10.2127	9.4810	1.0234	7.4917	0.0034	0.0032	0.0002	0.0032	0.0032	0.0000	0.0002	0.0000	0.0002	0.3255	0.3193	0.0062	0.0020	0.0020	0.0000	0.3235	0.3173	0.0062	0.4063	0.3594	0.0469	0.0945	0.0891	0.0054	0.3118	0.2703	0.0415	0.1146	0.0646	0.0500	0.0159	0.0148	0.0011	0.0987	0.0498	0.0489	0.0029	0.0018	0.0342	0.2703	0.2668	0.2725	0.0002	0.0000	0.0354	2.8398	4.9401	0.1237	0.1250	0.1338	0.0086	3.2786	6.3710	0.1264
75	128	0.4641	10	2	1	1	0	0	0	0	0	Y	N	N	N	N	N	N	N	N	N	N	N	0.5649	350.6377	0.0000	524.6057	695.6857	0.0000	0.1211	1.1886	0.0000	0.0010	0.0011	0.0000	0.0018	0.0019	0.0000	0.0006	0.0007	0.0000	0.0018	0.0000	0.0022	0.0000	0.0000	0.0000	0.0052	0.0006	0.0025	0.0000	474.6191	-0.0000	0.0000	10.2127	2.0107	1.0234	1.9995	0.0001	0.0001	0.0000	0.0001	0.0001	0.0000	0.0000	0.0000	0.0000	0.0000	0.0000	0.0000	0.0000	0.0000	0.0000	0.0000	0.0000	0.0000	0.0976	0.0880	0.0096	0.0336	0.0320	0.0016	0.0640	0.0560	0.0080	0.0220	0.0129	0.0091	0.0066	0.0056	0.0010	0.0154	0.0073	0.0081	1.1300	350.6377	0.0000	524.6057	695.6857	0.0000	0.4871	196.3591	0.0000	0.0009	0.0000	0.0022	0.0000	0.0000	0.0000	0.0013	0.0000	0.0025
75	129	0.4519	9	2	1	1	0	0	0	0	0	Y	N	N	N	N	N	N	N	N	N	N	N	1.1724	1.5317	0.0002	11.2550	11.4729	0.0000	0.6532	0.0613	0.0003	0.0095	0.0104	0.0000	0.0005	0.0005	0.0000	0.0149	0.0169	0.0000	0.0081	0.0068	0.0047	0.0000	0.0000	0.0000	0.0228	0.2758	0.0043	0.0000	1.2060	-0.0009	-0.0000	10.2127	5.6459	1.0234	1.1399	0.0030	0.0030	0.0000	0.0001	0.0001	0.0000	0.0030	0.0030	0.0000	0.0001	0.0001	0.0001	0.0000	0.0000	0.0000	0.0001	0.0001	0.0001	0.3194	0.2906	0.0288	0.1197	0.1150	0.0048	0.1997	0.1757	0.0240	0.0391	0.0228	0.0163	0.0109	0.0092	0.0017	0.0282	0.0136	0.0146	3.3158	4.6916	0.0003	11.2550	11.4729	0.0000	3.7673	4.5704	0.0003	0.0029	0.0022	0.0038	0.0000	0.0000	0.0000	0.0039	0.0037	0.0042
75	130	0.4216	8	1	0	1	0	0	0	0	0	N	N	N	N	N	N	N	N	N	N	N	N	0.0195	0.0645	0.0073	1.0738	1.0015	0.7183	0.0134	0.0164	0.0084	0.0142	0.0145	0.0117	0.0175	0.0182	0.0034	0.0124	0.0123	0.0134	0.7288	0.2248	1.5969	0.0163	0.0182	0.0048	0.9261	0.7485	1.5983	0.0851	9.0927	-0.0021	0.0032	10.2127	11.6079	1.0234	5.3766	0.0101	0.0093	0.0008	0.0044	0.0044	0.0000	0.0056	0.0049	0.0007	0.0119	0.0012	0.0107	0.0004	0.0004	0.0000	0.0115	0.0008	0.0107	0.7064	0.6390	0.0674	0.2529	0.2413	0.0116	0.4535	0.3977	0.0558	0.1337	0.0818	0.0518	0.0439	0.0392	0.0047	0.0898	0.0427	0.0471	0.1599	1.0066	0.0566	1.7172	1.6758	0.7183	0.0972	0.6940	0.0591	0.0890	0.0144	0.2068	0.0102	0.0109	0.0048	0.1275	0.0177	0.2270
75	131	0.4037	7	1	0	1	0	0	0	0	0	N	N	N	N	N	N	N	N	N	N	N	N	0.3383	0.2664	0.1151	2.3219	2.3679	0.5900	0.2103	0.0592	0.0836	0.0386	0.0423	0.0025	0.0472	0.0492	0.0070	0.0336	0.0381	0.0015	0.1140	0.1589	0.0220	0.0203	0.0208	0.0118	0.1600	0.6433	0.0181	0.0062	0.4798	-0.0028	-0.0005	10.2127	3.9355	1.0234	8.7078	0.0099	0.0098	0.0001	0.0044	0.0044	0.0000	0.0055	0.0054	0.0000	0.0016	0.0011	0.0005	0.0006	0.0005	0.0000	0.0010	0.0005	0.0005	0.2557	0.2316	0.0241	0.0934	0.0889	0.0045	0.1623	0.1427	0.0196	0.1363	0.0905	0.0457	0.0490	0.0455	0.0036	0.0873	0.0451	0.0422	3.2808	3.5399	0.2224	3.9385	4.1035	0.5900	2.8902	3.1900	0.1334	0.0118	0.0120	0.0114	0.0120	0.0120	0.0118	0.0116	0.0119	0.0113
75	132	0.3921	6	1	0	1	0	0	0	0	0	N	N	N	N	N	N	N	N	N	N	N	N	0.1220	0.0889	0.3459	0.8038	0.8241	1.2265	0.0946	0.0260	0.0513	0.0214	0.0228	0.0078	0.0320	0.0316	0.0407	0.0152	0.0173	0.0008	0.1757	0.2571	0.0226	0.0399	0.0384	0.0332	0.1609	0.6634	0.0160	0.0357	0.3856	-0.0022	-0.0006	10.2127	6.2657	1.0234	3.9760	0.0085	0.0082	0.0003	0.0047	0.0044	0.0003	0.0038	0.0038	0.0000	0.0017	0.0012	0.0005	0.0008	0.0007	0.0001	0.0009	0.0005	0.0004	0.3980	0.3604	0.0376	0.1468	0.1402	0.0066	0.2512	0.2202	0.0310	0.1184	0.0776	0.0408	0.0434	0.0404	0.0030	0.0750	0.0372	0.0378	1.4848	1.4381	0.6712	1.6745	1.7173	1.4181	1.3003	1.3132	0.0798	0.0144	0.0159	0.0117	0.0191	0.0184	0.0287	0.0117	0.0131	0.0103
75	133	0.3148	5	1	0	1	0	0	0	0	0	N	N	N	N	N	N	N	N	N	N	N	N	1.7796	3.0474	0.2026	0.3334	0.4368	0.2895	2.1459	1.6798	0.2104	0.7301	0.8074	0.0313	0.0189	0.0167	0.0641	1.0384	1.1795	0.0257	0.4102	0.2650	0.1543	0.0568	0.0382	0.2215	0.4839	0.7022	0.1224	0.0043	2.0287	-0.2848	0.0004	10.2127	26.7012	1.0234	18.2690	1.0068	1.0025	0.0043	0.0079	0.0066	0.0013	0.9989	0.9959	0.0030	0.0103	0.0034	0.0069	0.0022	0.0015	0.0007	0.0082	0.0019	0.0062	1.3790	1.2416	0.1375	0.4170	0.3973	0.0198	0.9620	0.8443	0.1177	0.3596	0.2103	0.1493	0.0869	0.0807	0.0062	0.2728	0.1296	0.1431	25.3813	49.7169	0.6737	0.7608	0.9091	0.5824	34.6154	79.0448	0.5898	0.0288	0.0162	0.0464	0.0249	0.0184	0.1101	0.0300	0.0149	0.0436
75	134	0.0767	4	1	0	1	0	0	0	0	0	N	N	N	N	N	N	N	N	N	N	N	N	0.6182	0.8984	1.4381	3.8841	3.8539	0.3055	0.4751	0.0902	1.5344	0.5610	0.1991	3.5709	0.9748	1.0066	0.0039	0.4919	0.0508	3.7282	0.9074	0.2216	2.4831	0.2510	0.2612	0.0126	1.0354	0.5631	2.4298	2.1562	25.9055	0.5755	0.0462	10.2127	61.4372	1.0234	55.8589	1.4531	0.4604	0.9927	0.3612	0.3612	0.0000	1.0919	0.0992	0.9927	0.1383	0.0051	0.1331	0.0023	0.0023	0.0000	0.1360	0.0029	0.1331	2.5904	2.3124	0.2780	0.3706	0.3588	0.0117	2.2199	1.9536	0.2663	0.6927	0.3596	0.3331	0.0396	0.0366	0.0030	0.6531	0.3230	0.3301	2.8104	13.9331	8.9342	16.7054	16.2099	0.3055	2.3629	5.7238	9.2465	0.1996	0.0143	0.3997	0.0584	0.0621	0.0126	0.2082	0.0089	0.4032
76	79	0.1657	5	1	1	0	0	0	0	0	0	N	N	N	N	N	N	N	N	N	N	N	N	0.0557	0.2257	0.0000	0.8139	0.7713	0.0315	0.0107	0.0000	0.0001	0.0001	0.0000	0.0000	0.0000	0.0000	0.0001	0.0001	0.0000	0.0009	0.0003	0.0010	0.0000	0.0000	0.0000	0.0021	0.0072	0.0010	0.0000	3.6403	-0.0000	0.0000	3.7027	23.9173	0.0091	17.8091	0.0000	0.0000	0.0000	0.0000	0.0000	0.0000	0.0000	0.0000	0.0000	0.0000	0.0000	0.0000	0.0000	0.0000	0.0000	0.0000	0.0000	0.0000	0.3932	0.3500	0.0432	0.0935	0.0892	0.0043	0.2997	0.2608	0.0389	0.0826	0.0443	0.0384	0.0097	0.0088	0.0009	0.0729	0.0355	0.0374	0.0918	0.2563	0.0000	0.8139	0.7713	0.0000	0.1050	0.2732	0.0000	0.0006	0.0002	0.0010	0.0000	0.0000	0.0000	0.0006	0.0003	0.0010	
76	80	0.1496	4	1	1	0	0	0	0	0	0	N	N	N	N	N	N	N	N	N	N	N	N	0.2995	0.1958	0.0987	0.3553	0.3477	inf	0.0002	0.0001	0.0000	0.0001	0.0001	0.0000	0.0005	0.0005	0.0002	0.0000	0.0000	0.0000	0.0004	0.0007	0.0001	0.0015	0.0015	0.0000	0.0002	0.0004	0.0001	0.0135	0.2237	-0.0000	-0.0000	3.7027	6.1279	0.0091	3.6878	0.0000	0.0000	0.0000	0.0000	0.0000	0.0000	0.0000	0.0000	0.0000	0.0000	0.0000	0.0000	0.0000	0.0000	0.0000	0.0000	0.0000	0.0000	0.1038	0.0922	0.0116	0.0231	0.0221	0.0010	0.0807	0.0701	0.0106	0.0250	0.0148	0.0101	0.0043	0.0041	0.0002	0.0207	0.0107	0.0099	0.3749	0.3027	0.0987	0.3553	0.3477	inf	0.0007	0.0336	0.0000	0.0003	0.0004	0.0001	0.0015	0.0015	0.0000	0.0001	0.0000	0.0001
76	81	0.2377	8	2	0	1	0	0	0	0	0	Y	N	N	N	N	N	N	N	N	N	N	N	148.2307	119.2379	1105.3860	182.2935	171.9492	21608.2189	101.6501	0.1137	1506.6918	1.8134	0.1109	13.2505	0.3881	0.3933	0.2850	2.3048	0.0008	14.6115	0.0122	0.0009	0.0120	0.0021	0.0023	0.0000	0.0227	0.0073	0.0097	17.7911	13.4017	0.5697	0.0001	3.7027	27.2690	0.0091	12.3406	0.8637	0.0460	0.8177	0.0474	0.0457	0.0017	0.8163	0.0002	0.8160	0.0003	0.0000	0.0003	0.0000	0.0000	0.0000	0.0003	0.0000	0.0003	0.4763	0.4146	0.0617	0.1221	0.1162	0.0059	0.3542	0.2983	0.0558	0.0787	0.0395	0.0392	0.0051	0.0048	0.0004	0.0736	0.0348	0.0388	474.3566	209.8051	1853.7597	182.2935	171.9492	21608.2189	584.8721	2.8690	2025.6069	0.0038	0.0005	0.0071	0.0021	0.0023	0.0000	0.0039	0.0003	0.0072
76	82	0.2224	7	1	0	0	0	0	0	0	0	N	N	N	N	N	N	N	N	N	N	N	N	1399.2985	43032.2934	3854.6867	16545.6011	15822.4316	inf	476.2172	18.7870	4332.2185	1.3461	0.8637	4.2746	2.0349	2.1289	0.1392	0.9553	0.0140	4.8438	0.0010	0.0000	0.0011	0.0001	0.0001	0.0000	0.0020	0.0007	0.0011	0.8154	69.5878	0.0454	0.0000	3.7027	9.0798	0.0091	0.9519	0.2804	0.1545	0.1260	0.1535	0.1530	0.0005	0.1270	0.0015	0.1255	0.0000	0.0000	0.0000	0.0000	0.0000	0.0000	0.0000	0.0000	0.0000	0.2083	0.1789	0.0295	0.0754	0.0719	0.0036	0.1329	0.1070	0.0259	0.0200	0.0097	0.0103	0.0009	0.0009	0.0001	0.0190	0.0089	0.0102	2332.4149	51434.1093	3854.6867	16545.6011	15822.4316	inf	1593.0211	2617.0013	4332.2185	0.0006	0.0000	0.0011	0.0001	0.0001	0.0000	0.0006	0.0000	0.0011
76	83	0.1496	4	1	1	0	0	0	0	0	0	N	N	N	N	N	N	N	N	N	N	N	N	9820.9302	34845601.8208	0.0000	2447.1299	13613842.0550	0.0000	inf	inf	1.3662	1.5367	0.0000	3.0851	3.2239	0.0000	0.8795	1.0112	0.0000	0.0001	0.0000	0.0003	0.0013	0.0000	0.0132	0.0000	0.0000	0.0000	0.0000	5882.3529	-0.1345	0.0000	3.7027	21.0000	0.0091	14.4214	0.4683	0.4683	0.0000	0.2334	0.2334	0.0000	0.2350	0.2350	0.0000	0.0000	0.0000	0.0000	0.0000	0.0000	0.0000	0.0000	0.0000	0.0000	0.3428	0.3048	0.0380	0.0756	0.0724	0.0033	0.2672	0.2324	0.0348	0.0719	0.0385	0.0334	0.0079	0.0072	0.0008	0.0640	0.0314	0.0326	9820.9302	34845601.8208	0.0000	2447.1299	13613842.0550	0.0000	inf	inf	0.0000	0.0001	0.0000	0.0003	0.0013	0.0000	0.0132	0.0000	0.0000	0.0000	
76	84	0.2073	8	1	0	1	0	0	0	0	0	N	N	N	N	N	N	N	N	N	N	N	N	4635.5317	5608.5908	0.0002	16.1545	13.9827	0.7838	5326.0327	inf	0.0000	2.5728	2.8820	0.0000	0.0231	0.0242	0.0000	3.5229	4.0524	0.0000	0.0006	0.0005	0.0004	0.0014	0.0017	0.0000	0.0007	0.0000	0.0004	0.0000	1.0622	-0.2586	-0.0000	3.7027	20.4085	0.0091	11.0867	0.9007	0.9007	0.0000	0.0022	0.0022	0.0000	0.8985	0.8985	0.0000	0.0000	0.0000	0.0000	0.0000	0.0000	0.0000	0.0000	0.0000	0.0000	0.3501	0.3125	0.0376	0.0950	0.0908	0.0042	0.2550	0.2217	0.0333	0.0596	0.0304	0.0292	0.0080	0.0066	0.0014	0.0516	0.0238	0.0278	6502.7965	7659.7861	0.0002	16.1545	13.9827	0.7838	14970.0146	inf	0.0000	0.0004	0.0004	0.0004	0.0014	0.0017	0.0000	0.0002	0.0000	0.0004
76	85	0.2036	7	1	0	1	0	0	0	0	0	N	N	N	N	N	N	N	N	N	N	N	N	0.6050	0.3244	0.0377	0.0022	0.0015	1.7361	4.7649	2.1956	0.0000	0.0021	0.0023	0.0000	0.0000	0.0000	0.0001	0.0031	0.0036	0.0000	0.0034	0.0070	0.0004	0.0099	0.0119	0.0001	0.0007	0.0016	0.0004	0.0007	0.1459	-0.0000	-0.0000	3.7027	3.1287	0.0091	1.1816	0.0001	0.0001	0.0000	0.0000	0.0000	0.0000	0.0001	0.0001	0.0000	0.0000	0.0000	0.0000	0.0000	0.0000	0.0000	0.0000	0.0000	0.0000	0.0702	0.0632	0.0070	0.0241	0.0232	0.0009	0.0461	0.0400	0.0061	0.0098	0.0053	0.0044	0.0017	0.0015	0.0002	0.0080	0.0038	0.0042	1.4536	1.0105	0.0377	0.0031	0.0023	1.7361	13.4382	115.2815	0.0000	0.0014	0.0023	0.0004	0.0069	0.0078	0.0001	0.0002	0.0000	0.0004
76	86	0.1966	6	1	0	0	0	0	0	0	0	N	N	N	N	N	N	N	N	N	N	N	N	2.7417	1.3574	15.5483	4.3734	1.4000	225.4217	0.0010	0.0004	0.0000	0.0008	0.0003	0.0050	0.0026	0.0009	0.0414	0.0000	0.0000	0.0000	0.0003	0.0002	0.0003	0.0006	0.0006	0.0002	0.0005	0.0015	0.0003	1.9819	1.3467	0.0000	-0.0000	3.7027	4.0532	0.0091	2.2470	0.0001	0.0000	0.0000	0.0001	0.0000	0.0000	0.0000	0.0000	0.0000	0.0000	0.0000	0.0000	0.0000	0.0000	0.0000	0.0000	0.0000	0.0000	0.0777	0.0697	0.0079	0.0231	0.0222	0.0010	0.0545	0.0475	0.0070	0.0147	0.0080	0.0067	0.0026	0.0023	0.0003	0.0121	0.0057	0.0064	3.0073	1.4333	15.5483	4.3734	1.4000	225.4217	0.0026	0.0216	0.0000	0.0003	0.0002	0.0003	0.0006	0.0006	0.0002	0.0002	0.0000	0.0003
76	87	0.1735	5	1	0	0	0	0	0	0	0	N	N	N	N	N	N	N	N	N	N	N	N	0.0186	0.1124	0.0008	3.6700	3.7519	0.4059	0.0000	0.0000	0.0000	0.0008	0.0008	0.0000	0.0020	0.0021	0.0002	0.0000	0.0000	0.0000	0.0410	0.0075	0.0321	0.0005	0.0005	0.0004	0.1088	0.2387	0.0297	0.0034	4.7081	-0.0000	0.0001	3.7027	4.7288	0.0091	9.8540	0.0001	0.0001	0.0000	0.0001	0.0001	0.0000	0.0000	0.0000	0.0000	0.0003	0.0001	0.0003	0.0000	0.0000	0.0000	0.0003	0.0000	0.0003	0.1012	0.0914	0.0098	0.0389	0.0374	0.0016	0.0623	0.0541	0.0082	0.0387	0.0226	0.0161	0.0076	0.0071	0.0004	0.0311	0.0154	0.0157	0.0976	0.3583	0.0017	3.6700	3.7519	0.4059	0.0000	0.0000	0.0000	0.0078	0.0024	0.0155	0.0005	0.0005	0.0004	0.0096	0.0032	0.0159
76	88	0.1496	4	1	0	0	0	0	0	0	0	N	N	N	N	N	N	N	N	N	N	N	N	0.0426	0.0841	0.0201	0.1837	0.1706	5.8520	0.0017	0.0004	0.0262	0.0006	0.0007	0.0002	0.0027	0.0028	0.0000	0.0000	0.0000	0.0003	0.0145	0.0079	0.0120	0.0145	0.0163	0.0000	0.0201	0.0023	0.0098	0.0454	2.2604	-0.0000	0.0000	3.7027	8.6320	0.0091	7.0881	0.0001	0.0001	0.0000	0.0001	0.0001	0.0000	0.0000	0.0000	0.0000	0.0002	0.0000	0.0001	0.0000	0.0000	0.0000	0.0001	0.0000	0.0001	0.1453	0.1291	0.0163	0.0323	0.0309	0.0014	0.1130	0.0982	0.0149	0.0363	0.0205	0.0157	0.0052	0.0048	0.0003	0.0311	0.0157	0.0154	0.1384	0.2750	0.0336	0.2829	0.2756	5.8520	0.0095	0.0165	0.0353	0.0045	0.0024	0.0071	0.0094	0.0101	0.0000	0.0036	0.0001	0.0073
76	89	0.2174	6	1	1	0	0	0	0	0	0	N	N	N	N	N	N	N	N	N	N	N	N	8.3814	3.1938	67.2752	3.8081	3.5740	310.7258	30.4496	inf	17.0282	0.0021	0.0023	0.0003	0.0066	0.0068	0.0019	0.0001	0.0001	0.0001	0.0003	0.0007	0.0000	0.0017	0.0019	0.0000	0.0000	0.0000	0.0000	0.0154	0.0088	-0.0002	-0.0000	3.7027	15.4622	0.0091	5.2688	0.0006	0.0006	0.0000	0.0006	0.0006	0.0000	0.0000	0.0000	0.0000	0.0000	0.0000	0.0000	0.0000	0.0000	0.0000	0.0000	0.0000	0.0000	0.2852	0.2556	0.0296	0.0898	0.0860	0.0038	0.1954	0.1697	0.0258	0.0415	0.0223	0.0192	0.0058	0.0053	0.0005	0.0357	0.0170	0.0187	8.6849	5.1672	67.2752	3.8081	3.5740	310.7258	30.4496	inf	17.0282	0.0002	0.0005	0.0000	0.0017	0.0019	0.0000	0.0000	0.0000	0.0000
76	90	0.2056	5	1	0	0	0	0	0	0	0	N	N	N	N	N	N	N	N	N	N	N	N	109.5423	115.8356	1.4010	59.9423	57.2681	67.9676	52.5047	4.8570	0.5080	0.0068	0.0076	0.0001	0.0068	0.0071	0.0004	0.0069	0.0079	0.0000	0.0001	0.0001	0.0001	0.0001	0.0001	0.0000	0.0001	0.0016	0.0001	0.0013	0.7406	-0.0003	-0.0000	3.7027	7.5917	0.0091	1.5198	0.0011	0.0011	0.0000	0.0004	0.0004	0.0000	0.0007	0.0007	0.0000	0.0000	0.0000	0.0000	0.0000	0.0000	0.0000	0.0000	0.0000	0.0000	0.1572	0.1417	0.0155	0.0536	0.0514	0.0023	0.1036	0.0903	0.0132	0.0230	0.0133	0.0097	0.0050	0.0046	0.0004	0.0180	0.0087	0.0093	109.5423	122.1389	1.4010	59.9423	57.2681	67.9676	142.0848	262.2951	0.5080	0.0001	0.0001	0.0001	0.0001	0.0001	0.0000	0.0000	0.0000	0.0001
76	91	0.3149	9	2	0	1	0	0	0	0	0	Y	N	N	N	N	N	N	N	N	N	N	N	inf	inf	inf	inf	inf	inf	17.5425	19.7049	0.0000	59.1081	62.2705	0.0000	0.0613	0.0708	0.0000	0.0000	0.0000	0.0000	0.0000	0.0000	0.0000	0.0000	0.0000	0.0000	0.0000	-0.2582	0.0000	3.7027	3.0317	0.0091	0.1644	0.8992	0.8992	0.0000	0.8970	0.8970	0.0000	0.0022	0.0022	0.0000	0.0000	0.0000	0.0000	0.0000	0.0000	0.0000	0.0000	0.0000	0.0000	0.0513	0.0456	0.0056	0.0152	0.0144	0.0008	0.0361	0.0312	0.0049	0.0060	0.0030	0.0030	0.0004	0.0003	0.0000	0.0056	0.0026	0.0030	inf	inf	0.0000	inf	inf	0.0000	inf	inf	0.0000	0.0000	0.0000	0.0000	0.0000	0.0000	0.0000	0.0000	0.0000	0.0000				
76	92	0.3091	8	2	0	1	0	0	0	0	0	Y	N	N	N	N	N	N	N	N	N	N	N	13363.9167	6138.3439	247697.5800	3325.6645	2588.7665	inf	8416.5171	1.0210	64226.6976	0.0384	0.0323	0.0956	0.0988	0.0826	0.5083	0.0034	0.0001	0.0251	0.0000	0.0000	0.0000	0.0000	0.0000	0.0000	0.0000	0.0001	0.0000	0.3137	0.0706	-0.0001	-0.0000	3.7027	2.6632	0.0091	1.0147	0.0022	0.0017	0.0005	0.0021	0.0017	0.0004	0.0001	0.0000	0.0001	0.0000	0.0000	0.0000	0.0000	0.0000	0.0000	0.0000	0.0000	0.0000	0.0568	0.0514	0.0054	0.0208	0.0200	0.0008	0.0360	0.0313	0.0047	0.0074	0.0038	0.0036	0.0006	0.0006	0.0000	0.0068	0.0032	0.0036	13363.9167	6138.3439	247697.5800	3325.6645	2588.7665	inf	8416.5171	320.0029	64226.6976	0.0000	0.0000	0.0000	0.0000	0.0000	0.0000	0.0000	0.0000	0.0000
76	93	0.2258	7	2	0	1	0	0	0	0	0	Y	N	N	N	N	N	N	N	N	N	N	N	90.8846	4.1273	50976.3341	4.0712	3.9398	15436.3202	2668.0678	0.5214	55695.1651	1.7744	0.4946	11.6125	1.5492	1.6036	0.2042	1.8631	0.0035	12.8154	0.0195	0.1198	0.0002	0.3805	0.4070	0.0000	0.0007	0.0068	0.0002	3.0544	0.0220	0.5113	-0.0003	3.7027	35.0787	0.0091	12.2568	1.0966	0.2705	0.8261	0.2705	0.2691	0.0014	0.8261	0.0013	0.8247	0.0005	0.0005	0.0000	0.0004	0.0004	0.0000	0.0000	0.0000	0.0000	0.6180	0.5469	0.0711	0.1746	0.1678	0.0068	0.4434	0.3790	0.0644	0.0876	0.0433	0.0443	0.0058	0.0054	0.0005	0.0817	0.0379	0.0438	331.7294	46.7311	50976.3341	20.2051	19.2381	15436.3202	7593.8057	13.4604	55695.1651	0.0053	0.0106	0.0002	0.0767	0.0834	0.0000	0.0002	0.0003	0.0002
76	94	0.2123	6	2	0	0	0	0	0	0	0	Y	N	N	N	N	N	N	N	N	N	N	N	5783.8146	2081.8487	55658.5772	972.4746	939.2781	826.2037	5281.3340	2.6485	61697.7940	0.8699	0.6332	2.4368	1.5924	1.6421	0.1014	0.4898	0.0043	2.6531	0.0002	0.0003	0.0000	0.0016	0.0017	0.0001	0.0001	0.0016	0.0000	0.5813	0.1679	0.0149	-0.0000	3.7027	8.4810	0.0091	2.3446	0.1849	0.1169	0.0680	0.1167	0.1164	0.0002	0.0682	0.0005	0.0677	0.0000	0.0000	0.0000	0.0000	0.0000	0.0000	0.0000	0.0000	0.0000	0.2125	0.1846	0.0279	0.0733	0.0709	0.0024	0.1393	0.1137	0.0255	0.0226	0.0115	0.0112	0.0016	0.0015	0.0001	0.0210	0.0100	0.0111	5783.8146	2488.9735	55658.5772	972.4746	939.2781	826.2037	13185.0802	140.8686	61697.7940	0.0002	0.0003	0.0000	0.0016	0.0017	0.0001	0.0000	0.0000	0.0000
76	95	0.1496	4	1	1	0	1	0	0	0	0	N	N	N	N	N	N	N	N	N	N	N	N	1658.2572	inf	39.2024	inf	inf	inf	2.0876	25.1359	0.7563	0.8469	0.0290	3.4243	3.5721	0.1357	0.0025	0.0000	0.0190	0.0005	0.0000	0.0007	0.0000	0.0000	0.0000	0.0012	0.0000	0.0008	0.0043	inf	-0.0832	0.0000	3.7027	24.0032	0.0091	22.6134	0.2942	0.2929	0.0013	0.2934	0.2929	0.0005	0.0008	0.0000	0.0008	0.0000	0.0000	0.0000	0.0000	0.0000	0.0000	0.0000	0.0000	0.0000	0.3890	0.3459	0.0431	0.0857	0.0820	0.0037	0.3033	0.2639	0.0394	0.0908	0.0482	0.0427	0.0094	0.0084	0.0010	0.0814	0.0398	0.0417	2175.4516	inf	39.2024	inf	inf	inf	6.3799	0.0000	25.1359	0.0003	0.0000	0.0007	0.0000	0.0000	0.0000	0.0004	0.0000	0.0008	
76	96	0.3863	6	1	1	0	0	0	0	0	0	N	N	N	N	N	N	N	N	N	N	N	N	2.0654	5.0235	0.1606	10.1575	9.8021	0.0000	0.1259	0.5497	0.1881	0.0038	0.0042	0.0003	0.0102	0.0109	0.0000	0.0004	0.0004	0.0003	0.0018	0.0008	0.0016	0.0010	0.0011	0.0000	0.0034	0.0008	0.0018	0.0073	2.0234	-0.0004	0.0000	3.7027	18.5150	0.0091	10.2301	0.0014	0.0014	0.0000	0.0013	0.0013	0.0000	0.0001	0.0001	0.0000	0.0001	0.0000	0.0000	0.0000	0.0000	0.0000	0.0000	0.0000	0.0000	0.3616	0.3232	0.0384	0.1250	0.1169	0.0081	0.2366	0.2064	0.0302	0.0772	0.0478	0.0293	0.0232	0.0209	0.0023	0.0540	0.0269	0.0270	4.1416	8.6235	0.1606	10.1575	9.8021	0.0000	0.4780	71.4305	0.1881	0.0009	0.0005	0.0016	0.0010	0.0011	0.0000	0.0009	0.0000	0.0018
76	97	0.1788	5	1	1	0	0	0	0	0	0	N	N	N	N	N	N	N	N	N	N	N	N	47.3352	14.8242	inf	60.5875	51.5576	inf	0.0320	0.0011	inf	0.4048	0.4521	0.0154	1.7921	1.8622	0.1777	0.0003	0.0003	0.0000	0.0086	0.0305	0.0000	0.0296	0.0361	0.0000	0.0095	0.3299	0.0000	0.0041	0.0000	-0.0827	-0.0002	3.7027	46.1140	0.0091	26.4917	0.2920	0.2908	0.0012	0.2919	0.2907	0.0012	0.0002	0.0002	0.0000	0.0004	0.0004	0.0000	0.0001	0.0001	0.0000	0.0003	0.0003	0.0000	0.7214	0.6433	0.0781	0.1629	0.1561	0.0068	0.5585	0.4872	0.0713	0.1287	0.0644	0.0642	0.0079	0.0071	0.0009	0.1207	0.0574	0.0634	135.9027	75.9866	inf	113.9374	105.5774	inf	0.1421	0.0774	inf	0.0030	0.0059	0.0000	0.0157	0.0176	0.0000	0.0021	0.0045	0.0000
76	98	0.4392	8	1	1	0	0	0	0	0	0	N	N	N	N	N	N	N	N	N	N	N	N	0.0627	1.5504	0.0000	0.1276	0.1864	0.0000	0.0311	0.0842	0.0000	0.0000	0.0000	0.0000	0.0000	0.0000	0.0000	0.0000	0.0000	0.0000	0.0002	0.0000	0.0006	0.0000	0.0000	0.0001	0.0010	0.0004	0.0006	0.0000	36.6755	-0.0000	0.0000	3.7027	20.7840	0.0091	8.9470	0.0000	0.0000	0.0000	0.0000	0.0000	0.0000	0.0000	0.0000	0.0000	0.0000	0.0000	0.0000	0.0000	0.0000	0.0000	0.0000	0.0000	0.0000	0.4389	0.4042	0.0347	0.2568	0.2463	0.0104	0.1821	0.1579	0.0242	0.0454	0.0271	0.0182	0.0136	0.0116	0.0020	0.0318	0.0155	0.0163	0.0634	1.5504	0.0000	0.1276	0.1864	0.0000	0.0942	19.2241	0.0000	0.0002	0.0000	0.0006	0.0000	0.0000	0.0001	0.0003	0.0000	0.0006
76	99	0.4343	7	1	0	0	0	0	0	0	0	N	N	N	N	N	N	N	N	N	N	N	N	14310.1467	13311.6167	98.7152	12220.4548	12236.5246	283.8278	868.0226	163.3883	31.4808	2.6280	2.7843	0.0163	3.5310	3.6181	0.0409	0.2899	0.3361	0.0052	0.0002	0.0002	0.0002	0.0003	0.0003	0.0001	0.0003	0.0021	0.0002	0.0004	0.6068	-0.1626	-0.0000	3.7027	2.7834	0.0091	1.0450	0.5670	0.5668	0.0002	0.5495	0.5494	0.0002	0.0174	0.0174	0.0000	0.0000	0.0000	0.0000	0.0000	0.0000	0.0000	0.0000	0.0000	0.0000	0.2157	0.2036	0.0122	0.1556	0.1518	0.0038	0.0601	0.0517	0.0084	0.0143	0.0083	0.0060	0.0052	0.0050	0.0002	0.0091	0.0033	0.0058	14310.1467	14152.0633	98.7152	12220.4548	12236.5246	283.8278	2353.4058	6947.4505	31.4808	0.0002	0.0002	0.0002	0.0003	0.0003	0.0001	0.0001	0.0000	0.0002
76	100	0.4243	6	1	0	0	0	0	0	0	0	N	N	N	N	N	N	N	N	N	N	N	N	632.6335	758.2809	7.2224	1926.7089	1872.5329	103.1854	237.3215	66.2830	5.7698	2.3357	2.5474	0.0135	2.9005	3.0721	0.0158	1.4527	1.6613	0.0119	0.0037	0.0034	0.0019	0.0015	0.0016	0.0002	0.0061	0.0251	0.0021	0.0005	0.8573	-0.2331	-0.0000	3.7027	7.6044	0.0091	2.7972	0.8131	0.8127	0.0004	0.6158	0.6156	0.0002	0.1973	0.1971	0.0002	0.0001	0.0000	0.0000	0.0000	0.0000	0.0000	0.0000	0.0000	0.0000	0.3481	0.3190	0.0291	0.2123	0.2004	0.0119	0.1358	0.1186	0.0172	0.0469	0.0292	0.0177	0.0194	0.0177	0.0018	0.0275	0.0115	0.0159	1532.2772	1932.3183	7.2224	1926.7089	1872.5329	103.1854	944.7221	2016.9338	5.7698	0.0015	0.0013	0.0019	0.0015	0.0016	0.0002	0.0015	0.0008	0.0021
76	101	0.3747	5	1	0	0	0	0	0	0	0	N	N	N	N	N	N	N	N	N	N	N	N	357.6412	462.0783	4.8940	105.0703	104.0181	4.3760	272.4582	41.7672	6.2858	2.5316	2.8268	0.0188	0.2249	0.2395	0.0031	3.7790	4.3328	0.0229	0.0071	0.0061	0.0039	0.0021	0.0023	0.0007	0.0139	0.1037	0.0036	0.0008	1.0859	-0.2687	-0.0000	3.7027	18.4780	0.0091	12.4520	0.9384	0.9377	0.0007	0.0293	0.0292	0.0000	0.9092	0.9085	0.0007	0.0002	0.0001	0.0001	0.0000	0.0000	0.0000	0.0002	0.0001	0.0001	0.3707	0.3317	0.0390	0.1301	0.1220	0.0080	0.2406	0.2097	0.0309	0.0793	0.0481	0.0312	0.0225	0.0202	0.0023	0.0567	0.0278	0.0289	975.3786	1377.2622	5.4908	105.0703	104.0181	4.3760	1361.0676	2316.1104	6.2858	0.0026	0.0021	0.0034	0.0021	0.0023	0.0007	0.0028	0.0019	0.0036
76	102	0.2637	7	1	1	0	0	0	0	0	0	N	N	N	N	N	N	N	N	N	N	N	N	1845.6857	1975.5816	0.4563	27.0080	26.5237	5.0205	1443.7926	203.5235	0.1098	1.2105	1.3350	0.0002	0.0121	0.0126	0.0010	1.9369	2.2153	0.0001	0.0007	0.0007	0.0004	0.0004	0.0005	0.0002	0.0013	0.0109	0.0005	0.0000	0.7515	-0.2550	-0.0000	3.7027	34.1922	0.0091	22.4626	0.8882	0.8881	0.0000	0.0034	0.0034	0.0000	0.8848	0.8848	0.0000	0.0001	0.0000	0.0000	0.0000	0.0000	0.0000	0.0000	0.0000	0.0000	0.7337	0.6653	0.0685	0.2769	0.2658	0.0111	0.4568	0.3994	0.0574	0.1160	0.0672	0.0488	0.0248	0.0225	0.0023	0.0911	0.0447	0.0465	2756.6439	3085.0472	0.4563	27.0080	26.5237	5.0205	4439.3750	5384.5200	0.1098	0.0004	0.0004	0.0004	0.0004	0.0005	0.0002	0.0004	0.0004	0.0005
76	103	0.2158	6	1	1	0	0	0	0	0	0	N	N	N	N	N	N	N	N	N	N	N	N	34.0338	24.6414	3.0849	25.0256	25.0204	7.1401	21.7794	1.7409	2.9160	0.0398	0.0442	0.0013	0.0091	0.0094	0.0017	0.0544	0.0624	0.0013	0.0012	0.0018	0.0004	0.0004	0.0004	0.0002	0.0025	0.0359	0.0004	0.0035	0.4408	-0.0049	-0.0000	3.7027	22.5884	0.0091	11.0115	0.0174	0.0173	0.0001	0.0013	0.0013	0.0000	0.0161	0.0161	0.0000	0.0000	0.0000	0.0000	0.0000	0.0000	0.0000	0.0000	0.0000	0.0000	0.4368	0.3921	0.0447	0.1406	0.1348	0.0059	0.2962	0.2573	0.0389	0.0683	0.0368	0.0315	0.0106	0.0096	0.0010	0.0577	0.0272	0.0305	60.9002	52.4972	3.0849	25.0256	25.0204	7.1401	76.9205	61.9893	2.9160	0.0007	0.0008	0.0004	0.0004	0.0004	0.0002	0.0007	0.0010	0.0004
76	104	0.1857	5	1	0	0	0	0	0	0	0	N	N	N	N	N	N	N	N	N	N	N	N	22.0529	15.2862	19.7528	6.0287	5.6999	inf	18.9518	1.7014	20.7743	0.0030	0.0032	0.0013	0.0038	0.0040	0.0006	0.0026	0.0028	0.0014	0.0001	0.0002	0.0001	0.0006	0.0007	0.0000	0.0001	0.0017	0.0001	0.0465	0.2799	-0.0002	-0.0000	3.7027	11.8100	0.0091	8.7888	0.0007	0.0007	0.0000	0.0003	0.0003	0.0000	0.0004	0.0004	0.0000	0.0000	0.0000	0.0000	0.0000	0.0000	0.0000	0.0000	0.0000	0.0000	0.2303	0.2064	0.0240	0.0727	0.0695	0.0031	0.1577	0.1368	0.0209	0.0438	0.0237	0.0201	0.0065	0.0059	0.0006	0.0374	0.0178	0.0195	22.0529	16.2936	19.7528	6.0287	5.6999	inf	52.3231	87.8427	20.7743	0.0001	0.0002	0.0001	0.0006	0.0007	0.0000	0.0001	0.0000	0.0001
76	105	0.1496	4	1	0	0	0	0	0	0	0	N	N	N	N	N	N	N	N	N	N	N	N	10564.9735	107692.5279	186.3609	111994.2619	107334.7551	inf	0.0373	0.0582	0.0010	1.2000	1.3449	0.0444	5.4205	5.6418	0.5177	0.0000	0.0000	0.0000	0.0001	0.0000	0.0002	0.0000	0.0001	0.0000	0.0003	0.0002	0.0002	0.0041	16.4795	-0.0830	0.0000	3.7027	14.7392	0.0091	7.3617	0.2932	0.2920	0.0012	0.2932	0.2920	0.0012	0.0000	0.0000	0.0000	0.0000	0.0000	0.0000	0.0000	0.0000	0.0000	0.0000	0.0000	0.0000	0.2444	0.2171	0.0272	0.0541	0.0518	0.0023	0.1903	0.1654	0.0249	0.0481	0.0265	0.0216	0.0061	0.0056	0.0005	0.0420	0.0209	0.0211	10564.9735	114013.8329	186.3609	111994.2619	107334.7551	inf	0.1013	17.3782	0.0010	0.0001	0.0000	0.0002	0.0000	0.0001	0.0000	0.0001	0.0000	0.0002
76	106	0.2224	7	1	1	0	0	0	0	0	0	N	N	N	N	N	N	N	N	N	N	N	N	1575116.9314	882915.4044	34984.3076	55471.1976	52194.8827	inf	162746608.8817	inf	5963.3024	3.7076	4.2443	0.0016	3.1187	3.2737	0.0118	3.9633	4.7226	0.0003	0.0000	0.0000	0.0000	0.0001	0.0001	0.0000	0.0000	0.0000	0.0000	0.0001	0.0100	-0.4045	-0.0000	3.7027	20.0414	0.0091	7.0324	1.4091	1.4090	0.0001	0.3588	0.3588	0.0001	1.0503	1.0503	0.0000	0.0000	0.0000	0.0000	0.0000	0.0000	0.0000	0.0000	0.0000	0.0000	0.3801	0.3320	0.0481	0.1151	0.1096	0.0055	0.2650	0.2224	0.0426	0.0514	0.0249	0.0265	0.0021	0.0019	0.0002	0.0493	0.0230	0.0263	1575116.9314	882915.4044	34984.3076	55471.1976	52194.8827	inf	162746608.8817	inf	5963.3024	0.0000	0.0000	0.0000	0.0001	0.0001	0.0000	0.0000	0.0000	0.0000
76	107	0.2123	6	1	0	0	0	0	0	0	0	N	N	N	N	N	N	N	N	N	N	N	N	162853.9912	177650.0896	192037.0777	109436.0558	105966.1989	inf	34800.3103	34.4940	206383.8870	2.1659	2.0509	2.9102	4.8980	5.0498	0.2164	0.6258	0.0258	3.1591	0.0000	0.0000	0.0000	0.0000	0.0000	0.0000	0.0000	0.0007	0.0000	0.2192	1.2420	-0.0441	-0.0000	3.7027	7.0315	0.0091	1.2144	0.4107	0.3369	0.0738	0.3348	0.3343	0.0005	0.0759	0.0025	0.0734	0.0000	0.0000	0.0000	0.0000	0.0000	0.0000	0.0000	0.0000	0.0000	0.1896	0.1642	0.0254	0.0684	0.0662	0.0021	0.1213	0.0980	0.0232	0.0177	0.0091	0.0086	0.0014	0.0013	0.0001	0.0163	0.0078	0.0085	162853.9912	177650.0896	192037.0777	109436.0558	105966.1989	inf	59171.8872	4784.7536	206383.8870	0.0000	0.0000	0.0000	0.0000	0.0000	0.0000	0.0000	0.0000	0.0000
76	108	0.1788	5	1	0	0	0	0	0	0	0	N	N	N	N	N	N	N	N	N	N	N	N	590.4996	83.4649	21287.0218	657.9754	631.9004	inf	270.0614	0.0388	22975.4235	0.3483	0.1142	2.2641	0.4250	0.4406	0.0445	0.3242	0.0008	2.4744	0.0006	0.0014	0.0001	0.0006	0.0007	0.0000	0.0012	0.0200	0.0001	2.4224	0.1449	0.0416	-0.0000	3.7027	16.2725	0.0091	4.4748	0.0988	0.0289	0.0699	0.0288	0.0287	0.0001	0.0700	0.0001	0.0698	0.0000	0.0000	0.0000	0.0000	0.0000	0.0000	0.0000	0.0000	0.0000	0.2836	0.2528	0.0309	0.0679	0.0652	0.0027	0.2158	0.1876	0.0282	0.0433	0.0221	0.0211	0.0036	0.0033	0.0003	0.0396	0.0188	0.0208	849.6165	163.3142	21287.0218	657.9754	631.9004	inf	834.5116	1.1080	22975.4235	0.0004	0.0007	0.0001	0.0006	0.0007	0.0000	0.0004	0.0007	0.0001
76	109	0.2315	6	1	1	0	0	0	0	0	0	N	N	N	N	N	N	N	N	N	N	N	N	446.2854	238.3857	33.5786	527.5337	457.5009	5218.1841	0.4234	0.0519	0.0011	0.4431	0.4940	0.0071	1.5975	1.6691	0.0599	0.0003	0.0003	0.0000	0.0010	0.0021	0.0002	0.0030	0.0036	0.0000	0.0006	0.0058	0.0002	0.0017	0.1960	-0.0837	-0.0000	3.7027	40.5309	0.0091	14.7974	0.2932	0.2928	0.0005	0.2931	0.2926	0.0005	0.0001	0.0001	0.0000	0.0001	0.0001	0.0000	0.0000	0.0000	0.0000	0.0000	0.0000	0.0000	0.6618	0.5927	0.0692	0.1835	0.1753	0.0082	0.4784	0.4173	0.0610	0.1024	0.0553	0.0471	0.0135	0.0122	0.0013	0.0890	0.0432	0.0458	749.5033	539.7826	33.5786	527.5337	498.2042	5218.1841	1.1770	1.3086	0.0011	0.0006	0.0009	0.0002	0.0030	0.0034	0.0000	0.0002	0.0002	0.0002
76	110	0.2056	5	1	1	0	0	0	0	0	0	N	N	N	N	N	N	N	N	N	N	N	N	64.2735	56.7889	18.1056	36.4808	33.1154	1678.6161	27.5080	2.3222	0.9573	0.0051	0.0056	0.0010	0.0082	0.0082	0.0079	0.0037	0.0043	0.0001	0.0001	0.0001	0.0001	0.0002	0.0002	0.0000	0.0001	0.0018	0.0001	0.0215	0.4828	-0.0003	-0.0000	3.7027	13.5236	0.0091	3.5331	0.0013	0.0013	0.0000	0.0006	0.0006	0.0000	0.0007	0.0007	0.0000	0.0000	0.0000	0.0000	0.0000	0.0000	0.0000	0.0000	0.0000	0.0000	0.2529	0.2270	0.0259	0.0766	0.0734	0.0033	0.1762	0.1536	0.0227	0.0377	0.0209	0.0168	0.0064	0.0058	0.0006	0.0313	0.0151	0.0162	64.2735	57.5704	18.1056	36.4808	33.1154	1678.6161	76.0026	113.3610	0.9573	0.0001	0.0001	0.0001	0.0002	0.0002	0.0000	0.0000	0.0000	0.0001
76	111	0.1496	4	1	0	0	0	0	0	0	0	N	N	N	N	N	N	N	N	N	N	N	N	4.3082	59.5465	6.0401	107.5728	77.4194	inf	0.4183	0.1314	2.7904	0.0008	0.0006	0.0023	0.0027	0.0021	0.0149	0.0002	0.0001	0.0011	0.0002	0.0000	0.0004	0.0000	0.0000	0.0000	0.0005	0.0008	0.0004	0.4875	32.9614	0.0000	0.0000	3.7027	16.9399	0.0091	15.9768	0.0002	0.0001	0.0001	0.0002	0.0001	0.0000	0.0000	0.0000	0.0000	0.0000	0.0000	0.0000	0.0000	0.0000	0.0000	0.0000	0.0000	0.0000	0.2793	0.2482	0.0311	0.0618	0.0591	0.0027	0.2176	0.1891	0.0284	0.0675	0.0363	0.0312	0.0076	0.0069	0.0007	0.0599	0.0294	0.0305	4.3082	59.5465	6.0401	107.5728	77.4194	inf	1.1481	17.8428	2.7904	0.0002	0.0000	0.0004	0.0000	0.0000	0.0000	0.0002	0.0000	0.0004
76	112	0.2540	8	2	1	0	1	0	0	0	0	Y	N	N	N	N	N	N	N	N	N	N	N	681.7495	982.8768	0.0000	inf	inf	117.8597	0.6489	0.0000	0.0008	0.0009	0.0000	0.0016	0.0016	0.0000	0.0002	0.0002	0.0000	0.0000	0.0000	0.0000	0.0000	0.0000	0.0000	0.0000	0.0003	0.0000	0.0000	1.3684	-0.0000	-0.0000	3.7027	0.0019	0.0091	1.9928	0.0000	0.0000	0.0000	0.0000	0.0000	0.0000	0.0000	0.0000	0.0000	0.0000	0.0000	0.0000	0.0000	0.0000	0.0000	0.0000	0.0000	0.0000	0.0001	0.0001	0.0000	0.0000	0.0000	0.0000	0.0000	0.0000	0.0000	0.0039	0.0021	0.0018	0.0006	0.0005	0.0001	0.0033	0.0016	0.0017	681.7495	982.8768	0.0000	inf	inf	0.0000	117.8597	174.6402	0.0000	0.0000	0.0000	0.0000	0.0000	0.0000	0.0000	0.0000	0.0000	0.0000	
76	113	0.2304	7	2	1	0	1	0	0	0	0	Y	N	N	N	N	N	N	N	N	N	N	N	2.9471	5.3484	0.0000	181.8456	178.1421	0.0000	1.8086	0.3695	0.0000	0.0062	0.0069	0.0000	0.0018	0.0019	0.0000	0.0080	0.0093	0.0000	0.0021	0.0013	0.0013	0.0000	0.0000	0.0000	0.0044	0.0251	0.0014	0.0000	1.9915	-0.0003	0.0000	3.7027	8.6942	0.0091	6.0502	0.0010	0.0010	0.0000	0.0001	0.0001	0.0000	0.0009	0.0009	0.0000	0.0000	0.0000	0.0000	0.0000	0.0000	0.0000	0.0000	0.0000	0.0000	0.1586	0.1420	0.0166	0.0470	0.0451	0.0019	0.1116	0.0969	0.0147	0.0298	0.0151	0.0148	0.0033	0.0029	0.0004	0.0265	0.0122	0.0143	6.1950	10.4466	0.0000	181.8456	178.1421	0.0000	7.1489	11.3358	0.0000	0.0010	0.0007	0.0013	0.0000	0.0000	0.0000	0.0011	0.0008	0.0014
76	114	0.2516	11	1	1	0	1	0	0	0	0	N	N	N	N	N	N	N	N	N	N	N	N	0.0000	0.0000	0.0000	0.0000	0.0000	0.0000	0.0000	0.0000	0.0000	0.0000	0.0000	0.0000	0.0000	0.0000	0.0000	0.0000	0.0000	0.0000	0.0000	0.0000	3.7027	0.0001	0.0091	0.0001	0.0000	0.0000	0.0000	0.0000	0.0000	0.0000	0.0000	0.0000	0.0000	0.0000	0.0000	0.0000	0.0000	0.0000	0.0000	0.0000	0.0000	0.0000	0.0000	0.0000	0.0000	0.0000	0.0000	0.0000	0.0000	0.0000	0.0000	0.0000	0.0000	0.0000	0.0000	0.0000	0.0000	0.0000	0.0000	0.0000	0.0000	0.0000	0.0000	0.0000	0.0000	0.0000	0.0000	0.0000	0.0000	0.0000	0.0000	0.0000	0.0000	0.0000	0.0000	0.0000	0.0000	0.0000											
76	115	0.2449	10	1	1	0	1	0	0	0	0	N	N	N	N	N	N	N	N	N	N	N	N	0.0000	0.0000	0.0000	0.0000	0.0000	0.0000	0.0000	0.0000	0.0000	0.0000	0.0000	0.0000	0.0000	0.0000	0.0000	0.0000	0.0000	0.0000	0.0000	0.0000	3.7027	3.0007	0.0091	1.0012	0.0000	0.0000	0.0000	0.0000	0.0000	0.0000	0.0000	0.0000	0.0000	0.0000	0.0000	0.0000	0.0000	0.0000	0.0000	0.0000	0.0000	0.0000	0.0513	0.0457	0.0056	0.0131	0.0125	0.0006	0.0382	0.0332	0.0050	0.0078	0.0039	0.0039	0.0008	0.0006	0.0001	0.0070	0.0032	0.0038	0.0000	0.0000	0.0000	0.0000	0.0000	0.0000	0.0000	0.0000	0.0000	0.0000	0.0000	0.0000	0.0000	0.0000	0.0000	0.0000	0.0000	0.0000											
76	116	0.2430	9	1	0	0	1	0	0	0	0	N	N	N	N	N	N	N	N	N	N	N	N	inf	inf	inf	inf	0.0000	0.0000	0.0000	0.0001	0.0001	0.0000	0.0000	0.0000	0.0000	0.0000	0.0000	0.0000	0.0000	0.0000	0.0000	0.0000	0.0000	0.0000	0.0000	-0.0000	0.0000	3.7027	1.1177	0.0091	0.0023	0.0000	0.0000	0.0000	0.0000	0.0000	0.0000	0.0000	0.0000	0.0000	0.0000	0.0000	0.0000	0.0000	0.0000	0.0000	0.0000	0.0000	0.0000	0.0201	0.0179	0.0021	0.0057	0.0055	0.0002	0.0143	0.0125	0.0019	0.0022	0.0011	0.0011	0.0002	0.0002	0.0000	0.0020	0.0009	0.0011	inf	inf	0.0000	inf	inf	0.0000	0.0000	0.0000	0.0000	0.0000	0.0000	0.0000	0.0000	0.0000	0.0000	0.0000	0.0000	0.0000						
76	117	0.0593	3	1	1	0	0	0	0	0	0	N	N	N	N	N	N	N	N	N	N	N	N	463.0719	250.0802	2.8550	13.7408	13.4702	0.0041	333.7493	12.2220	2.9231	1.8257	2.0563	0.0015	0.0214	0.0219	0.0000	2.1106	2.4155	0.0015	0.0039	0.0082	0.0005	0.0016	0.0016	0.0002	0.0063	0.1976	0.0005	0.0001	0.1826	-0.2852	-0.0001	3.7027	31.2782	0.0091	23.9277	0.9937	0.9936	0.0001	0.0016	0.0016	0.0000	0.9921	0.9921	0.0001	0.0002	0.0002	0.0000	0.0000	0.0000	0.0000	0.0002	0.0002	0.0000	0.5443	0.4832	0.0611	0.0742	0.0725	0.0017	0.4701	0.4107	0.0594	0.1368	0.0721	0.0647	0.0110	0.0104	0.0005	0.1258	0.0617	0.0642	1154.4217	810.6031	2.8550	13.7408	13.4702	0.0041	1332.9570	897.8143	2.9231	0.0016	0.0025	0.0005	0.0016	0.0016	0.0002	0.0016	0.0027	0.0005
76	118	0.2430	9	1	0	1	1	0	0	0	0	N	N	N	N	N	N	N	N	N	N	N	N	inf	inf	inf	inf	inf	inf	0.0107	0.0120	0.0000	0.0000	0.0000	0.0000	0.0146	0.0168	0.0000	0.0000	0.0000	0.0000	0.0000	0.0000	0.0000	0.0000	0.0000	0.0000	0.0000	-0.0002	0.0000	3.7027	3.8827	0.0091	2.9998	0.0007	0.0007	0.0000	0.0000	0.0000	0.0000	0.0007	0.0007	0.0000	0.0000	0.0000	0.0000	0.0000	0.0000	0.0000	0.0000	0.0000	0.0000	0.0671	0.0598	0.0072	0.0177	0.0169	0.0008	0.0494	0.0430	0.0065	0.0133	0.0066	0.0067	0.0013	0.0011	0.0002	0.0120	0.0056	0.0065	inf	inf	0.0000	inf	inf	0.0000	inf	inf	0.0000	0.0000	0.0000	0.0000	0.0000	0.0000	0.0000	0.0000	0.0000	0.0000				
76	119	0.2401	8	1	0	0	1	0	0	0	0	N	N	N	N	N	N	N	N	N	N	N	N	inf	inf	inf	inf	inf	inf	inf	inf	0.0037	0.0041	0.0000	0.0111	0.0116	0.0001	0.0000	0.0000	0.0000	0.0000	0.0000	0.0000	0.0000	0.0000	0.0000	0.0000	0.0000	0.0000	0.0004	-0.0001	-0.0000	3.7027	2.8083	0.0091	0.0030	0.0002	0.0002	0.0000	0.0002	0.0002	0.0000	0.0000	0.0000	0.0000	0.0000	0.0000	0.0000	0.0000	0.0000	0.0000	0.0000	0.0000	0.0000	0.0587	0.0528	0.0058	0.0195	0.0186	0.0009	0.0392	0.0342	0.0050	0.0055	0.0027	0.0028	0.0005	0.0004	0.0001	0.0050	0.0023	0.0027	inf	inf	inf	inf	inf	inf	inf	inf	0.0000	0.0000	0.0000	0.0000	0.0000	0.0000	0.0000	0.0000	0.0000	0.0000		
76	120	0.2401	8	1	0	1	1	0	0	0	0	N	N	N	N	N	N	N	N	N	N	N	N	inf	inf	inf	inf	inf	inf	5.2394	5.8583	0.0000	0.0461	0.0482	0.0000	7.2442	8.3215	0.0000	0.0000	0.0000	0.0000	0.0000	0.0000	0.0000	0.0000	0.0000	0.0000	0.0000	-0.2586	-0.0000	3.7027	9.6158	0.0091	0.0030	0.9008	0.9008	0.0000	0.0022	0.0022	0.0000	0.8986	0.8986	0.0000	0.0000	0.0000	0.0000	0.0000	0.0000	0.0000	0.0000	0.0000	0.0000	0.1719	0.1538	0.0182	0.0479	0.0458	0.0021	0.1240	0.1080	0.0161	0.0186	0.0092	0.0093	0.0018	0.0015	0.0003	0.0168	0.0077	0.0091	inf	inf	0.0000	inf	inf	0.0000	inf	inf	0.0000	0.0000	0.0000	0.0000	0.0000	0.0000	0.0000	0.0000	0.0000	0.0000				
76	121	0.2304	7	1	0	0	1	0	0	0	0	N	N	N	N	N	N	N	N	N	N	N	N	145.7038	71.9478	42.5054	8.8084	8.1884	inf	1593.9614	6.1166	0.0000	0.0029	0.0033	0.0000	0.0012	0.0012	0.0001	0.0039	0.0045	0.0000	0.0000	0.0000	0.0000	0.0001	0.0002	0.0000	0.0000	0.0007	0.0000	0.0002	0.0040	-0.0001	-0.0000	3.7027	4.2457	0.0091	2.0144	0.0002	0.0002	0.0000	0.0000	0.0000	0.0000	0.0002	0.0002	0.0000	0.0000	0.0000	0.0000	0.0000	0.0000	0.0000	0.0000	0.0000	0.0000	0.0849	0.0764	0.0084	0.0297	0.0285	0.0012	0.0552	0.0479	0.0073	0.0137	0.0070	0.0067	0.0018	0.0016	0.0002	0.0119	0.0054	0.0065	145.7038	83.3021	42.5054	8.8084	8.1884	inf	1593.9614	866.8109	0.0000	0.0000	0.0000	0.0000	0.0001	0.0002	0.0000	0.0000	0.0000	0.0000
76	122	0.1883	6	1	0	0	1	0	0	0	0	N	N	N	N	N	N	N	N	N	N	N	N	7423.2088	2700.2345	1.4341	14.5893	13.4489	inf	4552.2536	221.9574	0.0445	4.5839	5.1262	0.0000	0.0016	0.0017	0.0001	6.2824	7.2289	0.0000	0.0006	0.0019	0.0000	0.0001	0.0001	0.0000	0.0014	0.0326	0.0000	0.0000	0.0093	-0.2840	-0.0000	3.7027	11.9190	0.0091	13.1740	0.9891	0.9891	0.0000	0.0001	0.0001	0.0000	0.9890	0.9890	0.0000	0.0000	0.0000	0.0000	0.0000	0.0000	0.0000	0.0000	0.0000	0.0000	0.2158	0.1930	0.0228	0.0584	0.0561	0.0022	0.1574	0.1368	0.0206	0.0487	0.0240	0.0247	0.0030	0.0026	0.0003	0.0457	0.0213	0.0244	10739.9821	5964.0924	1.4341	14.5893	13.4489	inf	14047.1453	7607.1193	0.0445	0.0004	0.0009	0.0000	0.0001	0.0001	0.0000	0.0004	0.0010	0.0000
76	123	0.4345	8	1	0	1	1	0	0	0	0	N	N	N	N	N	N	N	N	N	N	N	N	224.9871	0.0000	4656.8099	0.0000	0.0000	0.0000	440.4625	0.0000	6621.1389	0.0004	0.0000	0.0036	0.0000	0.0000	0.0000	0.0006	0.0000	0.0045	0.0000	0.0000	0.0000	0.0000	0.0000	0.0000	0.0000	0.0004	0.0000	inf	0.2558	0.0001	-0.0000	3.7027	12.8936	0.0091	4.1514	0.0001	0.0000	0.0001	0.0000	0.0000	0.0000	0.0001	0.0000	0.0001	0.0000	0.0000	0.0000	0.0000	0.0000	0.0000	0.0000	0.0000	0.0000	0.2500	0.2254	0.0247	0.0946	0.0899	0.0047	0.1554	0.1354	0.0200	0.0338	0.0197	0.0140	0.0094	0.0080	0.0014	0.0243	0.0117	0.0127	224.9871	0.0000	4656.8099	0.0000	0.0000	0.0000	440.4625	0.0000	6621.1389	0.0000	0.0000	0.0000	0.0000	0.0000	0.0000	0.0000	0.0000	0.0000
76	124	0.2036	7	1	1	0	0	0	0	0	0	N	N	N	N	N	N	N	N	N	N	N	N	132.2438	8.2121	2519.2259	0.2910	0.2711	inf	501.6464	1.3185	2731.2683	0.0040	0.0004	0.0335	0.0001	0.0001	0.0000	0.0053	0.0006	0.0368	0.0000	0.0001	0.0000	0.0003	0.0003	0.0000	0.0000	0.0004	0.0000	9.4223	0.2870	0.0005	-0.0000	3.7027	12.7386	0.0091	8.7370	0.0009	0.0001	0.0008	0.0000	0.0000	0.0000	0.0009	0.0001	0.0008	0.0000	0.0000	0.0000	0.0000	0.0000	0.0000	0.0000	0.0000	0.0000	0.2220	0.1982	0.0238	0.0549	0.0528	0.0021	0.1671	0.1454	0.0217	0.0432	0.0214	0.0218	0.0036	0.0032	0.0003	0.0396	0.0182	0.0214	132.2438	9.0747	2519.2259	0.2910	0.2711	inf	646.8800	301.4622	2731.2683	0.0000	0.0000	0.0000	0.0003	0.0003	0.0000	0.0000	0.0000	0.0000
76	125	0.1883	6	1	1	0	0	0	0	0	0	N	N	N	N	N	N	N	N	N	N	N	N	14.2556	16.4020	0.9829	9.7229	9.1399	inf	0.9713	0.1200	0.9200	0.0014	0.0016	0.0001	0.0045	0.0047	0.0002	0.0002	0.0002	0.0001	0.0001	0.0001	0.0001	0.0005	0.0005	0.0000	0.0002	0.0017	0.0001	0.0076	1.1267	-0.0001	-0.0000	3.7027	8.6431	0.0091	1.4782	0.0002	0.0002	0.0000	0.0002	0.0002	0.0000	0.0000	0.0000	0.0000	0.0000	0.0000	0.0000	0.0000	0.0000	0.0000	0.0000	0.0000	0.0000	0.1631	0.1461	0.0170	0.0470	0.0452	0.0017	0.1161	0.1009	0.0152	0.0208	0.0102	0.0105	0.0015	0.0013	0.0001	0.0193	0.0089	0.0104	14.2556	16.5792	0.9829	9.7229	9.1399	inf	2.6491	6.1088	0.9200	0.0001	0.0001	0.0001	0.0005	0.0005	0.0000	0.0001	0.0000	0.0001
76	126	0.1788	5	1	0	0	0	0	0	0	0	N	N	N	N	N	N	N	N	N	N	N	N	7.8224	4.2974	2.2919	60.4261	59.7934	778.3426	0.4407	0.0193	0.0099	0.0205	0.0228	0.0008	0.0679	0.0698	0.0097	0.0021	0.0024	0.0000	0.0026	0.0053	0.0004	0.0011	0.0012	0.0000	0.0047	0.1223	0.0004	0.0042	0.1573	-0.0005	-0.0000	3.7027	4.1618	0.0091	2.0491	0.0018	0.0018	0.0000	0.0017	0.0016	0.0000	0.0001	0.0001	0.0000	0.0000	0.0000	0.0000	0.0000	0.0000	0.0000	0.0000	0.0000	0.0000	0.0869	0.0778	0.0091	0.0243	0.0236	0.0008	0.0626	0.0543	0.0083	0.0156	0.0087	0.0069	0.0022	0.0022	0.0001	0.0134	0.0065	0.0068	17.5915	12.5899	2.2919	60.4261	59.7934	778.3426	1.7532	1.1716	0.0099	0.0012	0.0018	0.0004	0.0011	0.0012	0.0000	0.0012	0.0020	0.0004
76	127	0.1496	4	1	0	0	0	0	0	0	0	N	N	N	N	N	N	N	N	N	N	N	N	0.6145	0.2155	0.8179	2.5656	2.3812	104.2930	0.0035	0.0000	0.5124	0.0098	0.0109	0.0009	0.0437	0.0455	0.0042	0.0001	0.0000	0.0006	0.0159	0.0505	0.0011	0.0170	0.0191	0.0000	0.0210	0.4402	0.0011	0.0100	0.1096	-0.0004	-0.0001	3.7027	9.4810	0.0091	7.4917	0.0016	0.0015	0.0000	0.0015	0.0015	0.0000	0.0000	0.0000	0.0000	0.0002	0.0002	0.0000	0.0001	0.0001	0.0000	0.0001	0.0001	0.0000	0.1593	0.1415	0.0178	0.0354	0.0338	0.0015	0.1239	0.1076	0.0163	0.0386	0.0217	0.0169	0.0054	0.0050	0.0004	0.0333	0.0167	0.0165	2.0848	1.4496	0.8179	4.1768	4.0447	104.2930	0.0194	0.0000	0.5124	0.0047	0.0075	0.0011	0.0105	0.0112	0.0000	0.0038	0.0064	0.0011
76	128	0.4467	9	2	1	0	0	0	0	0	0	Y	N	N	N	N	N	N	N	N	N	N	N	7707.5480	6285.9534	0.0000	0.0000	inf	inf	0.0016	0.0018	0.0000	0.0000	0.0000	0.0000	0.0026	0.0030	0.0000	0.0000	0.0000	0.0000	0.0000	0.0000	0.0000	0.0000	0.0000	0.0000	0.0000	0.2308	-0.0000	-0.0000	3.7027	2.0107	0.0091	1.9995	0.0001	0.0001	0.0000	0.0000	0.0000	0.0000	0.0001	0.0001	0.0000	0.0000	0.0000	0.0000	0.0000	0.0000	0.0000	0.0000	0.0000	0.0000	0.0372	0.0334	0.0038	0.0140	0.0132	0.0007	0.0233	0.0201	0.0031	0.0077	0.0045	0.0031	0.0023	0.0019	0.0003	0.0054	0.0026	0.0028	7707.5480	6285.9534	0.0000	0.0000	0.0000	0.0000	inf	inf	0.0000	0.0000	0.0000	0.0000	0.0000	0.0000	0.0000	0.0000	0.0000	0.0000			
76	129	0.4345	8	2	1	0	0	0	0	0	0	Y	N	N	N	N	N	N	N	N	N	N	N	21.7451	17.5305	0.0000	0.0000	0.0000	0.0000	44.2498	0.2211	0.0000	0.0001	0.0001	0.0000	0.0000	0.0000	0.0000	0.0001	0.0002	0.0000	0.0000	0.0000	0.0000	0.0000	0.0000	0.0000	0.0000	0.0007	0.0000	0.0000	0.2540	-0.0000	-0.0000	3.7027	5.6459	0.0091	1.1399	0.0000	0.0000	0.0000	0.0000	0.0000	0.0000	0.0000	0.0000	0.0000	0.0000	0.0000	0.0000	0.0000	0.0000	0.0000	0.0000	0.0000	0.0000	0.1213	0.1099	0.0114	0.0485	0.0464	0.0022	0.0727	0.0635	0.0093	0.0146	0.0085	0.0061	0.0042	0.0037	0.0006	0.0103	0.0048	0.0055	21.7451	17.5305	0.0000	0.0000	0.0000	0.0000	44.2498	32.3607	0.0000	0.0000	0.0000	0.0000	0.0000	0.0000	0.0000	0.0000	0.0000	0.0000
76	130	0.4042	7	1	0	0	0	0	0	0	0	N	N	N	N	N	N	N	N	N	N	N	N	583.1478	957.6718	1.2328	614.6826	626.0945	32.6222	390.6975	57.2804	0.0058	2.4441	2.7208	0.0030	0.4025	0.4271	0.0133	3.7061	4.2498	0.0000	0.0042	0.0028	0.0024	0.0007	0.0007	0.0004	0.0095	0.0742	0.0026	0.0001	1.3644	-0.1941	-0.0000	3.7027	11.6079	0.0091	5.3766	0.6763	0.6762	0.0001	0.0425	0.0425	0.0001	0.6338	0.6338	0.0000	0.0001	0.0000	0.0000	0.0000	0.0000	0.0000	0.0001	0.0000	0.0000	0.2767	0.2485	0.0282	0.1057	0.0994	0.0063	0.1710	0.1491	0.0219	0.0480	0.0292	0.0188	0.0158	0.0142	0.0016	0.0322	0.0150	0.0172	1484.4882	2376.3412	1.2328	614.6826	626.0945	32.6222	1736.8771	2681.0524	0.0058	0.0016	0.0011	0.0024	0.0007	0.0007	0.0004	0.0021	0.0016	0.0026
76	131	0.3863	6	1	0	0	0	0	0	0	0	N	N	N	N	N	N	N	N	N	N	N	N	996.8286	763.1247	27.6525	419.2204	440.5456	25.8383	1071.1941	51.3287	28.4489	4.0693	4.5607	0.0230	0.7607	0.8308	0.0216	6.3388	7.2257	0.0236	0.0041	0.0060	0.0008	0.0018	0.0019	0.0008	0.0059	0.1408	0.0008	0.0006	0.2152	-0.1219	-0.0000	3.7027	3.9355	0.0091	8.7078	0.4253	0.4250	0.0003	0.0323	0.0323	0.0001	0.3930	0.3928	0.0002	0.0001	0.0001	0.0000	0.0000	0.0000	0.0000	0.0000	0.0000	0.0000	0.1045	0.0932	0.0113	0.0425	0.0388	0.0037	0.0620	0.0544	0.0076	0.0487	0.0320	0.0167	0.0175	0.0163	0.0012	0.0312	0.0156	0.0155	2528.0244	2261.1514	27.6525	419.2204	440.5456	25.8383	4241.2013	3354.8264	28.4489	0.0016	0.0020	0.0008	0.0018	0.0019	0.0008	0.0015	0.0022	0.0008
76	132	0.3747	5	1	0	0	0	0	0	0	0	N	N	N	N	N	N	N	N	N	N	N	N	66.8961	45.4295	19.1851	154.4713	147.5494	19.2732	52.5967	2.3206	19.1131	0.3999	0.4444	0.0175	0.4855	0.5205	0.0177	0.3425	0.3899	0.0174	0.0060	0.0098	0.0009	0.0031	0.0035	0.0009	0.0065	0.1680	0.0009	0.0046	0.1714	-0.0178	-0.0000	3.7027	6.2657	0.0091	3.9760	0.0630	0.0627	0.0003	0.0307	0.0306	0.0001	0.0323	0.0321	0.0002	0.0001	0.0001	0.0000	0.0000	0.0000	0.0000	0.0000	0.0000	0.0000	0.1574	0.1410	0.0164	0.0632	0.0588	0.0044	0.0942	0.0822	0.0120	0.0422	0.0274	0.0148	0.0155	0.0145	0.0010	0.0268	0.0129	0.0138	182.5793	154.1525	19.1851	154.4713	157.8167	19.2732	208.8889	161.2580	19.1131	0.0022	0.0029	0.0009	0.0031	0.0033	0.0009	0.0016	0.0024	0.0009
76	133	0.2974	4	1	0	0	0	0	0	0	0	N	N	N	N	N	N	N	N	N	N	N	N	16.3845	11.3255	4.5041	15.1892	15.6249	0.8475	13.0961	0.5391	5.3031	0.0713	0.0791	0.0044	0.0212	0.0224	0.0007	0.0963	0.1096	0.0052	0.0044	0.0070	0.0010	0.0014	0.0014	0.0009	0.0074	0.2033	0.0010	0.0065	0.3096	-0.0106	-0.0001	3.7027	26.7012	0.0091	18.2690	0.0378	0.0376	0.0002	0.0037	0.0037	0.0000	0.0341	0.0338	0.0002	0.0002	0.0002	0.0001	0.0000	0.0000	0.0000	0.0002	0.0001	0.0000	0.5304	0.4752	0.0552	0.1765	0.1666	0.0099	0.3539	0.3086	0.0452	0.1236	0.0721	0.0515	0.0293	0.0272	0.0021	0.0943	0.0449	0.0494	41.4308	35.1003	4.5041	15.1892	15.6249	0.8475	52.8559	39.9005	5.3031	0.0017	0.0023	0.0010	0.0014	0.0014	0.0009	0.0018	0.0027	0.0010
76	134	0.0593	3	1	0	0	0	0	0	0	0	N	N	N	N	N	N	N	N	N	N	N	N	80.1574	226.1688	1.8229	309.0338	278.2989	0.0095	30.5083	21.3264	2.1287	0.4869	0.5473	0.0073	1.9587	2.0082	0.0000	0.2783	0.3167	0.0075	0.0061	0.0024	0.0040	0.0063	0.0072	0.0002	0.0091	0.0148	0.0035	0.0017	3.2147	-0.1338	0.0001	3.7027	61.4372	0.0091	55.8589	0.4687	0.4679	0.0008	0.2341	0.2341	0.0000	0.2346	0.2338	0.0008	0.0005	0.0001	0.0004	0.0001	0.0001	0.0000	0.0005	0.0001	0.0004	0.9625	0.8549	0.1077	0.1195	0.1166	0.0029	0.8430	0.7383	0.1047	0.2369	0.1228	0.1141	0.0130	0.0120	0.0010	0.2239	0.1108	0.1131	219.2512	538.4200	2.0878	390.5091	370.8075	0.0095	135.2153	588.2359	2.1287	0.0022	0.0010	0.0035	0.0050	0.0054	0.0002	0.0021	0.0005	0.0035
77	79	0.1626	4	0	1	0	0	0	0	0	0	N	N	N	N	N	N	N	N	N	N	N	N	413.6458	188.7893	5752.7266	95.7648	0.0809	2447.0206	1829.5457	305222.9618	2333.9756	2.8229	2.2860	7.3293	1.5906	0.0014	23.6429	3.5051	3.6391	2.5931	0.0068	0.0121	0.0013	0.0166	0.0167	0.0097	0.0019	0.0000	0.0011	0.3820	0.2756	-0.0148	-0.0003	3.8334	23.9173	6.1787	17.8091	1.3816	0.9997	0.3819	0.2774	0.0002	0.2772	1.1042	0.9995	0.1047	0.0007	0.0006	0.0002	0.0006	0.0006	0.0000	0.0001	0.0000	0.0001	0.4894	0.4373	0.0521	0.1744	0.1627	0.0117	0.3150	0.2746	0.0404	0.2932	0.1692	0.1241	0.0579	0.0555	0.0024	0.2353	0.1136	0.1217	1131.5144	674.3055	5752.7266	154.4809	0.1312	2447.0206	6099.6808	121599033.1183	2333.9756	0.0025	0.0034	0.0013	0.0103	0.0103	0.0097	0.0006	0.0000	0.0011
77	80	0.1465	3	0	1	0	0	0	0	0	0	N	N	N	N	N	N	N	N	N	N	N	N	0.0200	0.5333	0.0422	0.3673	0.8849	0.0246	0.0061	1.2317	0.0206	0.0030	0.0029	0.0035	0.0061	0.0057	0.0115	0.0013	0.0013	0.0012	0.1491	0.0055	0.0827	0.0166	0.0064	0.4654	0.2089	0.0010	0.0597	0.1446	10.7890	-0.0001	0.0003	3.8334	6.1279	6.1787	3.6878	0.0004	0.0003	0.0000	0.0003	0.0002	0.0000	0.0001	0.0001	0.0000	0.0011	0.0001	0.0010	0.0002	0.0001	0.0001	0.0009	0.0000	0.0009	0.1321	0.1179	0.0142	0.0468	0.0436	0.0031	0.0853	0.0742	0.0111	0.0849	0.0523	0.0326	0.0195	0.0190	0.0006	0.0654	0.0333	0.0320	0.2209	1.5700	0.1088	0.5921	1.1175	0.0627	0.0881	121.3435	0.0418	0.0135	0.0019	0.0321	0.0103	0.0051	0.1830	0.0144	0.0000	0.0294
77	81	0.2346	7	1	0	1	0	0	0	0	0	N	N	N	N	N	N	N	N	N	N	N	N	0.5976	0.0948	1.1715	0.3312	0.1053	7.6543	0.6425	1896.6461	1.1995	2.0483	0.0881	15.9396	0.5436	0.1678	6.0420	2.6091	0.0556	17.5570	3.4276	0.9292	13.6064	1.6413	1.5944	0.7894	4.0610	0.0000	14.6375	25.5221	47.7925	0.6801	0.3397	3.8334	27.2690	6.1787	12.3406	1.0073	0.0380	0.9693	0.0726	0.0210	0.0516	0.9347	0.0170	0.9177	0.9674	0.0198	0.9476	0.0201	0.0198	0.0003	0.9473	0.0000	0.9473	0.4918	0.4310	0.0608	0.1335	0.1250	0.0085	0.3583	0.3060	0.0523	0.2822	0.1615	0.1208	0.0490	0.0479	0.0011	0.2333	0.1136	0.1197	0.5976	0.7176	2.0318	1.3242	0.4051	24.3168	0.6425	709284.4549	2.2180	3.4276	0.1228	7.8451	0.4105	0.4143	0.2485	4.0610	0.0000	7.9159
77	82	0.2192	6	0	0	0	0	0	0	0	0	N	N	N	N	N	N	N	N	N	N	N	N	10.0433	10.8448	14.4275	0.1324	0.3011	0.0123	13.2201	459.7394	18.3019	10.5144	5.7021	49.0369	0.1651	0.1608	0.2306	16.1786	9.0083	60.7703	1.0469	0.5258	3.3988	1.2469	0.5343	18.6970	1.2238	0.0196	3.3204	1.0743	17.6052	0.4887	0.0103	3.8334	9.0798	6.1787	0.9519	2.1176	1.0209	1.0967	0.0118	0.0108	0.0010	2.1059	1.0101	1.0957	0.0325	0.0017	0.0307	0.0049	0.0017	0.0032	0.0276	0.0000	0.0276	0.2014	0.1790	0.0224	0.0712	0.0669	0.0043	0.1302	0.1121	0.0180	0.0834	0.0473	0.0361	0.0181	0.0168	0.0013	0.0653	0.0305	0.0348	26.9955	154.5479	57.5595	0.6109	1.5695	0.0937	38.2849	13088.3210	76.6989	0.3895	0.0369	0.8519	0.2702	0.1025	2.4615	0.4226	0.0007	0.7923
77	83	0.1465	3	0	1	0	0	0	0	0	0	N	N	N	N	N	N	N	N	N	N	N	N	40.9906	9.2255	0.0000	0.2856	0.2907	2475.4408	142.4585	0.0000	0.8704	0.9749	0.0000	0.0194	0.0208	0.0000	1.3182	1.5126	0.0000	0.0212	0.1057	0.0000	0.0679	0.0715	0.0000	0.0005	0.0106	0.0000	0.0000	0.0000	-0.1072	-0.0009	3.8334	21.0000	6.1787	14.4214	0.3733	0.3733	0.0000	0.0029	0.0029	0.0000	0.3704	0.3704	0.0000	0.0014	0.0014	0.0000	0.0014	0.0014	0.0000	0.0000	0.0000	0.0000	0.4289	0.3829	0.0460	0.1479	0.1380	0.0099	0.2810	0.2449	0.0361	0.2542	0.1466	0.1076	0.0486	0.0467	0.0019	0.2056	0.0999	0.1056	152.7271	98.6789	0.0000	0.6691	0.6885	0.0000	6770.8628	3779.2483	0.0000	0.0057	0.0099	0.0000	0.0290	0.0302	0.0000	0.0002	0.0004	0.0000	
77	84	0.2041	7	0	0	1	0	0	0	0	0	N	N	N	N	N	N	N	N	N	N	N	N	0.2029	7.5541	0.0000	0.5475	0.6762	0.0000	0.2651	26303.7224	0.0000	0.1753	0.1957	0.0000	0.0141	0.0151	0.0000	0.2751	0.3158	0.0000	0.8640	0.0259	2.3818	0.0258	0.0223	0.0493	1.0377	0.0000	2.3117	0.0000	51.0363	-0.0219	0.0134	3.8334	20.4085	6.1787	11.0867	0.0762	0.0762	0.0000	0.0023	0.0023	0.0000	0.0738	0.0738	0.0000	0.0379	0.0007	0.0372	0.0009	0.0007	0.0001	0.0370	0.0000	0.0370	0.4347	0.3893	0.0453	0.1663	0.1556	0.0107	0.2684	0.2338	0.0346	0.2381	0.1335	0.1046	0.0618	0.0579	0.0039	0.1763	0.0755	0.1007	1.1009	35.8500	0.0000	0.9957	1.2008	0.0000	1.3095	10373418.1984	0.0000	0.1592	0.0055	0.3554	0.0142	0.0126	0.0382	0.2101	0.0000	0.3676
77	85	0.2004	6	0	0	1	0	0	0	0	0	N	N	N	N	N	N	N	N	N	N	N	N	0.0001	0.0001	0.0000	0.0000	0.0000	0.0000	0.0002	0.0101	0.0000	0.0001	0.0002	0.0000	0.0000	0.0000	0.0000	0.0002	0.0003	0.0000	1.4447	1.7670	3.3818	3.8382	3.7920	13.7513	1.2462	0.0276	3.3653	0.0050	0.3937	-0.0000	-0.0179	3.8334	3.1287	6.1787	1.1816	0.0000	0.0000	0.0000	0.0000	0.0000	0.0000	0.0000	0.0000	0.0000	0.0516	0.0370	0.0146	0.0381	0.0370	0.0010	0.0136	0.0000	0.0135	0.0855	0.0771	0.0084	0.0369	0.0348	0.0020	0.0487	0.0423	0.0064	0.0406	0.0233	0.0172	0.0121	0.0114	0.0006	0.0285	0.0119	0.0166	0.0001	0.0001	0.0000	0.0000	0.0000	0.0000	0.0005	0.3226	0.0000	1.2725	1.5876	0.8460	3.1573	3.2346	1.7022	0.4756	0.0009	0.8147
77	86	0.1935	5	0	0	0	0	0	0	0	0	N	N	N	N	N	N	N	N	N	N	N	N	0.0022	0.0020	0.0000	0.0026	0.0027	0.0000	0.0001	0.0001	0.0000	0.0024	0.0027	0.0000	0.0058	0.0061	0.0000	0.0001	0.0001	0.0000	1.0824	1.3310	2.9103	2.2432	2.2605	0.0289	1.1385	0.6426	2.9695	0.0000	0.9525	-0.0001	-0.0039	3.8334	4.0532	6.1787	2.2470	0.0002	0.0002	0.0000	0.0002	0.0002	0.0000	0.0000	0.0000	0.0000	0.0277	0.0142	0.0135	0.0140	0.0140	0.0000	0.0137	0.0002	0.0135	0.0976	0.0878	0.0098	0.0398	0.0373	0.0025	0.0578	0.0505	0.0073	0.0584	0.0336	0.0248	0.0167	0.0158	0.0009	0.0417	0.0178	0.0239	0.0050	0.0063	0.0000	0.0069	0.0069	0.0000	0.0002	0.0078	0.0000	0.4748	0.4227	0.5454	0.8394	0.8841	0.0262	0.3289	0.0119	0.5642
77	87	0.1703	4	0	0	0	0	0	0	0	0	N	N	N	N	N	N	N	N	N	N	N	N	0.0030	0.0025	0.0033	0.0058	0.0044	0.0268	0.0007	0.0003	0.0012	0.0036	0.0025	0.0136	0.0066	0.0048	0.0355	0.0010	0.0004	0.0051	1.1804	1.0275	4.0579	1.1354	1.0866	1.3252	1.4224	1.3590	4.2437	0.5617	6.1197	0.0000	0.0287	3.8334	4.7288	6.1787	9.8540	0.0004	0.0003	0.0002	0.0004	0.0003	0.0001	0.0001	0.0000	0.0000	0.1243	0.0175	0.1068	0.0136	0.0131	0.0005	0.1107	0.0044	0.1063	0.1240	0.1122	0.0118	0.0582	0.0549	0.0033	0.0659	0.0573	0.0086	0.1771	0.1031	0.0740	0.0576	0.0562	0.0014	0.1196	0.0469	0.0727	0.0051	0.0150	0.0094	0.0278	0.0207	0.0972	0.0011	0.0039	0.0035	0.7016	0.1693	1.4427	0.2357	0.2325	0.3649	0.9259	0.0935	1.4629
77	88	0.1465	3	0	0	0	0	0	0	0	0	N	N	N	N	N	N	N	N	N	N	N	N	0.0000	0.0014	0.0000	0.0070	0.0476	0.0000	0.0000	0.0000	0.0000	0.0001	0.0001	0.0000	0.0003	0.0003	0.0000	0.0000	0.0000	0.0000	19.8981	0.0867	63.9681	0.0383	0.0060	1.5825	25.2254	0.6299	68.7264	0.0001	3666.4099	-0.0000	0.9284	3.8334	8.6320	6.1787	7.0881	0.0000	0.0000	0.0000	0.0000	0.0000	0.0000	0.0000	0.0000	0.0000	2.4999	0.0007	2.4992	0.0005	0.0001	0.0004	2.4994	0.0006	2.4989	0.1843	0.1645	0.0198	0.0650	0.0606	0.0044	0.1194	0.1039	0.0155	0.1256	0.0749	0.0507	0.0266	0.0257	0.0009	0.0991	0.0493	0.0498	0.0000	0.0137	0.0000	0.0142	0.0593	0.0000	0.0000	0.0027	0.0000	19.8981	0.0091	49.2759	0.0187	0.0048	0.4167	25.2254	0.0113	50.1540
77	89	0.2142	5	0	1	0	0	0	0	0	0	N	N	N	N	N	N	N	N	N	N	N	N	421.2049	3.5622	4385.6796	6.0465	6.1477	5.5445	429.9784	2.1924	7777.9156	2.7037	0.0082	25.9915	0.0159	0.0166	0.0053	4.6523	0.0015	35.0406	0.0064	0.0023	0.0059	0.0026	0.0027	0.0010	0.0108	0.0007	0.0045	368.1597	3.1917	0.6866	0.0000	3.8334	15.4622	6.1787	5.2688	0.9668	0.0026	0.9642	0.0024	0.0023	0.0001	0.9644	0.0003	0.9641	0.0003	0.0001	0.0003	0.0001	0.0001	0.0000	0.0003	0.0000	0.0003	0.3576	0.3205	0.0371	0.1503	0.1407	0.0096	0.2073	0.1798	0.0275	0.1484	0.0858	0.0626	0.0321	0.0307	0.0014	0.1163	0.0550	0.0612	1146.6241	8.3981	6107.3110	6.0465	6.1477	5.5445	2038.4522	321.0707	8093.8287	0.0024	0.0010	0.0043	0.0026	0.0027	0.0010	0.0023	0.0000	0.0043
77	90	0.2025	4	0	0	0	0	0	0	0	0	N	N	N	N	N	N	N	N	N	N	N	N	10.8620	1.9868	241.8133	6.2090	4.3698	40.0465	14.5289	0.2265	313.4115	0.0644	0.0130	0.5421	0.0246	0.0182	0.1257	0.0949	0.0086	0.6917	0.0059	0.0065	0.0022	0.0040	0.0042	0.0031	0.0065	0.0381	0.0022	4.5008	0.6839	0.0066	-0.0000	3.8334	7.5917	6.1787	1.5198	0.0124	0.0023	0.0102	0.0021	0.0014	0.0006	0.0104	0.0008	0.0096	0.0002	0.0001	0.0001	0.0001	0.0001	0.0000	0.0001	0.0000	0.0001	0.1931	0.1744	0.0188	0.0837	0.0788	0.0050	0.1094	0.0956	0.0138	0.0784	0.0474	0.0310	0.0209	0.0197	0.0012	0.0575	0.0276	0.0299	29.4998	6.0450	241.8133	6.7332	4.9489	40.0465	57.5069	8.2340	313.4115	0.0022	0.0021	0.0022	0.0037	0.0037	0.0031	0.0017	0.0010	0.0022
77	91	0.3117	8	1	0	1	0	0	0	0	0	N	N	N	N	N	N	N	N	N	N	N	N	65239.0221	inf	0.0000	inf	inf	1078.4560	inf	0.0000	1.4065	1.5985	0.0000	3.7931	4.1762	0.0000	0.0554	0.0641	0.0000	0.0000	0.0000	0.0000	0.0000	0.0000	0.0000	0.0001	0.0000	0.0000	0.0000	inf	-0.0217	0.0000	3.8334	3.0317	6.1787	0.1644	0.0755	0.0755	0.0000	0.0736	0.0736	0.0000	0.0019	0.0019	0.0000	0.0000	0.0000	0.0000	0.0000	0.0000	0.0000	0.0000	0.0000	0.0000	0.0537	0.0472	0.0064	0.0194	0.0176	0.0018	0.0343	0.0296	0.0047	0.0195	0.0101	0.0094	0.0024	0.0024	0.0001	0.0171	0.0078	0.0093	65239.0221	inf	0.0000	inf	inf	0.0000	2247.5389	inf	0.0000	0.0000	0.0000	0.0000	0.0000	0.0000	0.0000	0.0000	0.0000	0.0000	
77	92	0.3060	7	1	0	1	0	0	0	0	0	N	N	N	N	N	N	N	N	N	N	N	N	119987.8084	100865.0330	740.4385	42140.2894	49823.9105	34.2263	42328.3551	inf	969.3371	4.0531	4.5571	0.0205	6.9201	7.6495	0.0178	1.0067	1.1506	0.0226	0.0000	0.0000	0.0000	0.0002	0.0002	0.0005	0.0000	0.0000	0.0000	0.0006	0.6231	-0.0819	-0.0000	3.8334	2.6632	6.1787	1.0147	0.2857	0.2856	0.0002	0.2513	0.2513	0.0001	0.0344	0.0343	0.0001	0.0000	0.0000	0.0000	0.0000	0.0000	0.0000	0.0000	0.0000	0.0000	0.0705	0.0627	0.0078	0.0363	0.0328	0.0035	0.0342	0.0298	0.0044	0.0236	0.0126	0.0111	0.0033	0.0032	0.0001	0.0203	0.0093	0.0110	119987.8084	116252.4016	740.4385	42140.2894	49823.9105	34.2263	79831.0025	inf	969.3371	0.0000	0.0000	0.0000	0.0002	0.0002	0.0005	0.0000	0.0000	0.0000
77	93	0.2227	6	1	0	1	0	0	0	0	0	N	N	N	N	N	N	N	N	N	N	N	N	204.6723	96.8417	1658.7169	101.3982	89.0601	550.6582	266.2249	7324.8908	2856.8344	2.8427	1.4556	11.8196	0.9616	1.1194	0.0309	4.0955	1.6748	20.8321	0.0139	0.0150	0.0071	0.0095	0.0126	0.0001	0.0154	0.0002	0.0073	1.2546	0.8187	0.6210	-0.0004	3.8334	35.0787	6.1787	12.2568	2.3058	1.0227	1.2831	0.3118	0.3103	0.0015	1.9940	0.7124	1.2816	0.0021	0.0011	0.0009	0.0011	0.0011	0.0000	0.0009	0.0000	0.0009	0.8111	0.7026	0.1086	0.3243	0.2772	0.0470	0.4869	0.4254	0.0615	0.4812	0.2907	0.1905	0.1696	0.1399	0.0297	0.3116	0.1508	0.1608	659.6229	371.0972	2412.1690	142.8257	137.3460	550.6582	1369.3289	2172859.7021	3594.8136	0.0043	0.0039	0.0049	0.0067	0.0082	0.0001	0.0030	0.0000	0.0058
77	94	0.2092	5	1	0	0	0	0	0	0	0	N	N	N	N	N	N	N	N	N	N	N	N	0.3600	0.2364	0.3132	0.2918	0.2750	0.0889	0.0904	0.0084	0.2482	0.4897	0.4080	0.9682	0.9103	0.8594	1.1778	0.1120	0.0150	0.7426	1.3604	1.7258	3.0909	3.1195	3.1250	13.2543	1.2390	1.7905	2.9924	0.4053	0.3431	0.0002	-0.0713	3.8334	8.4810	6.1787	2.3446	0.1474	0.1049	0.0425	0.1296	0.1028	0.0268	0.0178	0.0021	0.0157	0.1913	0.1424	0.0489	0.1407	0.1336	0.0071	0.0506	0.0088	0.0418	0.3009	0.2570	0.0439	0.1424	0.1196	0.0228	0.1585	0.1374	0.0211	0.1723	0.0958	0.0765	0.0637	0.0594	0.0043	0.1086	0.0364	0.0722	0.4412	0.2745	1.5161	0.4121	0.3821	0.7148	0.2406	0.0620	1.2838	1.1101	1.4866	0.6386	2.2088	2.2494	1.6477	0.4656	0.2417	0.5785
77	95	0.1465	3	0	1	0	1	0	0	0	0	N	N	N	N	N	N	N	N	N	N	N	N	0.2177	0.1032	0.0000	0.0915	0.0938	0.0000	inf	inf	0.0010	0.0011	0.0000	0.0014	0.0015	0.0000	0.0008	0.0009	0.0000	0.0045	0.0107	0.0001	0.0151	0.0158	0.0047	0.0000	0.0000	0.0000	0.0000	0.0205	-0.0001	-0.0004	3.8334	24.0032	6.1787	22.6134	0.0005	0.0005	0.0000	0.0002	0.0002	0.0000	0.0002	0.0002	0.0000	0.0006	0.0006	0.0000	0.0006	0.0006	0.0000	0.0000	0.0000	0.0000	0.4851	0.4331	0.0520	0.1664	0.1553	0.0111	0.3187	0.2778	0.0409	0.3224	0.1848	0.1375	0.0602	0.0577	0.0025	0.2622	0.1271	0.1351	0.5516	0.3614	0.0000	0.1439	0.1509	0.0000	inf	inf	0.0000	0.0018	0.0031	0.0001	0.0096	0.0098	0.0047	0.0000	0.0000	0.0000	
77	96	0.3832	5	0	1	0	0	0	0	0	0	N	N	N	N	N	N	N	N	N	N	N	N	0.0247	0.0001	2.1116	0.0176	0.0014	1.6026	0.1852	0.0004	2.9519	0.0022	0.0000	0.0193	0.0010	0.0001	0.0203	0.0026	0.0000	0.0192	0.0888	0.1943	0.0092	0.0564	0.0586	0.0126	0.0141	0.0007	0.0065	103.2192	0.2532	0.0005	-0.0012	3.8334	18.5150	6.1787	10.2301	0.0008	0.0000	0.0008	0.0001	0.0000	0.0001	0.0007	0.0000	0.0007	0.0028	0.0022	0.0006	0.0023	0.0022	0.0001	0.0005	0.0000	0.0005	0.3518	0.3123	0.0395	0.0907	0.0866	0.0041	0.2611	0.2257	0.0354	0.2642	0.1684	0.0958	0.0923	0.0861	0.0062	0.1719	0.0823	0.0896	0.2083	0.0018	3.3002	0.0399	0.0033	1.6026	0.9272	0.0642	3.5675	0.0105	0.0132	0.0059	0.0249	0.0257	0.0126	0.0028	0.0000	0.0054
77	97	0.1756	4	0	1	0	0	0	0	0	0	N	N	N	N	N	N	N	N	N	N	N	N	1.0617	0.6568	4597.3614	0.0571	0.0601	0.0000	1.3466	0.7318	5740.7101	2.2751	2.5397	0.0366	0.0046	0.0050	0.0000	3.4228	3.9117	0.0460	2.1429	3.8669	0.0000	0.0811	0.0824	0.0000	2.5417	5.3455	0.0000	0.0017	0.0000	-0.5705	-0.6215	3.8334	46.1140	6.1787	26.4917	1.9986	1.9952	0.0034	0.0014	0.0014	0.0000	1.9973	1.9939	0.0034	0.9891	0.9891	0.0000	0.0023	0.0023	0.0000	0.9868	0.9868	0.0000	0.8785	0.7856	0.0929	0.2950	0.2759	0.0191	0.5835	0.5097	0.0738	0.4616	0.2558	0.2058	0.0733	0.0712	0.0022	0.3882	0.1846	0.2036	1.0617	0.6568	4597.3614	0.1465	0.1520	0.0000	1.3466	0.7318	5740.7101	2.1429	3.8669	0.0000	0.0316	0.0326	0.0000	2.5417	5.3455	0.0000
77	98	0.4361	7	0	1	0	0	0	0	0	0	N	N	N	N	N	N	N	N	N	N	N	N	0.0019	0.0002	0.0067	0.0628	0.0005	0.3665	0.0019	0.0007	0.0066	0.0014	0.0000	0.0138	0.0007	0.0000	0.0162	0.0019	0.0000	0.0134	0.7647	0.0062	2.0700	0.0111	0.0052	0.0441	0.9651	0.0000	2.0326	1528.3520	75.5555	0.0004	0.0056	3.8334	20.7840	6.1787	8.9470	0.0005	0.0000	0.0005	0.0001	0.0000	0.0001	0.0004	0.0000	0.0004	0.0156	0.0002	0.0154	0.0004	0.0002	0.0002	0.0152	0.0000	0.0152	0.3589	0.3222	0.0367	0.1398	0.1338	0.0060	0.2192	0.1885	0.0307	0.1528	0.0984	0.0544	0.0513	0.0460	0.0053	0.1015	0.0524	0.0490	0.0139	0.0005	0.0489	0.0906	0.0006	0.4512	0.0125	0.2674	0.0432	0.1022	0.0021	0.2834	0.0077	0.0044	0.0359	0.1500	0.0000	0.3103
77	99	0.4312	6	0	0	0	0	0	0	0	0	N	N	N	N	N	N	N	N	N	N	N	N	35.4066	21.4809	47.2334	406.2709	421.5316	57.1964	1.1820	0.0417	42.9300	0.3499	0.3767	0.0821	0.6351	0.6525	0.1161	0.0332	0.0256	0.0742	0.0099	0.0175	0.0017	0.0016	0.0015	0.0020	0.0281	0.6151	0.0017	0.0218	0.2823	-0.0130	-0.0001	3.8334	2.7834	6.1787	1.0450	0.0491	0.0480	0.0010	0.0469	0.0466	0.0003	0.0022	0.0014	0.0008	0.0002	0.0001	0.0000	0.0000	0.0000	0.0000	0.0001	0.0001	0.0000	0.1402	0.1275	0.0128	0.0738	0.0714	0.0024	0.0665	0.0561	0.0104	0.0571	0.0335	0.0236	0.0237	0.0229	0.0007	0.0334	0.0105	0.0229	107.2100	86.8090	47.2334	406.2709	421.5316	57.1964	7.4284	2.4580	42.9300	0.0033	0.0043	0.0017	0.0016	0.0015	0.0020	0.0045	0.0104	0.0017
77	100	0.4211	5	0	0	0	0	0	0	0	0	N	N	N	N	N	N	N	N	N	N	N	N	0.2099	0.1998	0.0150	0.2447	0.2614	0.0827	0.0607	0.1414	0.0108	0.2134	0.2316	0.0406	0.3905	0.4028	0.0883	0.0676	0.0738	0.0297	1.0169	1.1594	2.7129	1.5959	1.5412	1.0668	1.1140	0.5219	2.7407	0.0184	1.0813	-0.0153	-0.0060	3.8334	7.6044	6.1787	2.7972	0.0567	0.0557	0.0010	0.0469	0.0465	0.0004	0.0098	0.0092	0.0006	0.0549	0.0264	0.0285	0.0277	0.0261	0.0016	0.0272	0.0003	0.0269	0.2658	0.2405	0.0253	0.1201	0.1153	0.0047	0.1457	0.1251	0.0206	0.1625	0.1012	0.0613	0.0714	0.0663	0.0051	0.0911	0.0349	0.0561	0.6315	0.8885	0.0873	1.0068	1.0232	0.2834	0.2261	9.1628	0.0619	0.3380	0.2607	0.4657	0.3878	0.3937	0.3114	0.2989	0.0081	0.4797
77	101	0.3715	4	0	0	0	0	0	0	0	0	N	N	N	N	N	N	N	N	N	N	N	N	0.2098	0.2022	0.0080	0.0382	0.0386	0.2591	0.2599	0.7449	0.0085	0.1882	0.2101	0.0133	0.0538	0.0557	0.0099	0.2371	0.2722	0.0137	0.8974	1.0391	1.6688	1.4091	1.4428	0.0381	0.9122	0.3655	1.6037	0.0079	0.7217	-0.0190	-0.0110	3.8334	18.4780	6.1787	12.4520	0.0681	0.0676	0.0005	0.0052	0.0051	0.0000	0.0629	0.0624	0.0005	0.0527	0.0306	0.0221	0.0304	0.0302	0.0002	0.0223	0.0004	0.0219	0.3618	0.3215	0.0402	0.0964	0.0922	0.0041	0.2654	0.2293	0.0361	0.2753	0.1727	0.1026	0.0935	0.0871	0.0063	0.1818	0.0855	0.0963	0.9828	1.1849	0.0617	0.1654	0.1609	0.3048	1.9308	54.4672	0.0601	0.1915	0.1773	0.2154	0.3252	0.3465	0.0324	0.1228	0.0050	0.2274
77	102	0.2605	6	0	1	0	0	0	0	0	0	N	N	N	N	N	N	N	N	N	N	N	N	0.2219	0.1676	3.7861	0.0186	0.0189	1.4451	212.0122	14.2664	0.3243	0.0890	0.0981	0.0003	0.0101	0.0106	0.0011	0.1532	0.1749	0.0000	0.4011	0.5851	0.0001	0.5393	0.5597	0.0008	0.0007	0.0123	0.0000	0.0003	0.0011	-0.0221	-0.0073	3.8334	34.1922	6.1787	22.4626	0.0772	0.0771	0.0000	0.0039	0.0039	0.0000	0.0733	0.0733	0.0000	0.0117	0.0117	0.0000	0.0116	0.0116	0.0000	0.0001	0.0001	0.0000	0.8672	0.7867	0.0804	0.3888	0.3679	0.0210	0.4783	0.4189	0.0595	0.4140	0.2517	0.1623	0.1146	0.1070	0.0076	0.2994	0.1447	0.1547	3.1552	2.1161	3.7861	0.0993	0.0975	1.4451	610.1582	372.5843	0.3243	0.0282	0.0463	0.0001	0.1012	0.1084	0.0008	0.0003	0.0005	0.0000
77	103	0.2126	5	0	1	0	0	0	0	0	0	N	N	N	N	N	N	N	N	N	N	N	N	0.0101	0.0110	0.0053	0.0209	0.0300	0.0012	0.0105	0.0074	0.0091	0.0058	0.0063	0.0013	0.0044	0.0047	0.0003	0.0067	0.0075	0.0016	0.5722	0.5711	0.2484	0.2103	0.1549	0.2710	0.6418	1.0130	0.1778	0.0234	0.9696	-0.0008	-0.0017	3.8334	22.5884	6.1787	11.0115	0.0031	0.0030	0.0001	0.0010	0.0010	0.0000	0.0021	0.0020	0.0001	0.0124	0.0063	0.0061	0.0030	0.0026	0.0004	0.0094	0.0037	0.0057	0.5313	0.4779	0.0534	0.2199	0.2069	0.0130	0.3114	0.2710	0.0404	0.2477	0.1434	0.1043	0.0587	0.0552	0.0035	0.1890	0.0882	0.1008	0.1149	0.1423	0.0223	0.0849	0.0991	0.0025	0.1354	0.1777	0.0289	0.0501	0.0440	0.0586	0.0517	0.0469	0.1279	0.0496	0.0421	0.0562
77	104	0.1826	4	0	0	0	0	0	0	0	0	N	N	N	N	N	N	N	N	N	N	N	N	0.0050	0.0029	1.1392	0.0018	0.0018	0.0099	0.3487	0.0408	4.1251	0.0032	0.0024	0.0104	0.0020	0.0021	0.0005	0.0041	0.0027	0.0136	0.6434	0.8488	0.0091	1.1213	1.1862	0.0533	0.0118	0.0660	0.0033	0.4798	0.0394	0.0000	-0.0063	3.8334	11.8100	6.1787	8.7888	0.0009	0.0006	0.0003	0.0002	0.0002	0.0000	0.0007	0.0004	0.0003	0.0107	0.0103	0.0004	0.0104	0.0102	0.0002	0.0003	0.0001	0.0002	0.2840	0.2551	0.0289	0.1177	0.1105	0.0071	0.1663	0.1446	0.0217	0.1704	0.1007	0.0697	0.0450	0.0404	0.0047	0.1254	0.0603	0.0650	0.0516	0.0239	1.7760	0.0087	0.0084	0.0128	1.7073	1.8481	4.1251	0.0629	0.1023	0.0058	0.2311	0.2531	0.0411	0.0024	0.0015	0.0033
77	105	0.1465	3	0	0	0	0	0	0	0	0	N	N	N	N	N	N	N	N	N	N	N	N	0.0047	0.0039	1.1470	0.0052	0.0057	0.0956	0.9590	inf	1.4378	0.0038	0.0043	0.0002	0.0105	0.0113	0.0001	0.0002	0.0002	0.0003	0.8163	1.0929	0.0002	2.0168	1.9885	0.0006	0.0002	0.0000	0.0002	0.0064	0.0007	-0.0003	-0.0132	3.8334	14.7392	6.1787	7.3617	0.0012	0.0012	0.0000	0.0011	0.0011	0.0000	0.0000	0.0000	0.0000	0.0210	0.0210	0.0000	0.0210	0.0210	0.0000	0.0000	0.0000	0.0000	0.3078	0.2748	0.0331	0.1073	0.1001	0.0072	0.2005	0.1746	0.0259	0.1685	0.0988	0.0697	0.0339	0.0327	0.0012	0.1346	0.0661	0.0685	0.0306	0.0200	1.1470	0.0170	0.0175	0.0956	2.4588	inf	1.4378	0.1248	0.2127	0.0002	0.6193	0.6427	0.0006	0.0001	0.0000	0.0002
77	106	0.2192	6	0	1	0	0	0	0	0	0	N	N	N	N	N	N	N	N	N	N	N	N	1.7299	141.8770	0.0151	3.2662	15.2025	0.0820	1.9671	135146.4455	0.0004	1.2036	1.3551	0.0204	0.2219	0.2274	0.1318	1.6214	1.8794	0.0005	0.6958	0.0096	1.3533	0.0679	0.0150	1.6084	0.8243	0.0000	1.2193	0.0019	46.9519	-0.1321	0.0054	3.8334	20.0414	6.1787	7.0324	0.4630	0.4621	0.0009	0.0255	0.0246	0.0009	0.4375	0.4375	0.0000	0.0153	0.0003	0.0149	0.0010	0.0003	0.0007	0.0142	0.0000	0.0142	0.3847	0.3410	0.0437	0.1149	0.1082	0.0066	0.2698	0.2328	0.0370	0.1976	0.1116	0.0860	0.0356	0.0339	0.0017	0.1620	0.0777	0.0843	15.5912	475.3372	0.1176	7.6526	24.2424	0.3090	18.4712	48659289.4147	0.0031	0.0772	0.0029	0.1737	0.0290	0.0094	0.4266	0.0878	0.0000	0.1686
77	107	0.2092	5	0	0	0	0	0	0	0	0	N	N	N	N	N	N	N	N	N	N	N	N	0.0339	0.0761	0.0526	0.2781	0.1799	0.0879	0.0105	0.0209	0.0277	0.2271	0.0572	1.2010	0.3418	0.0972	1.5843	0.1143	0.0193	0.7348	6.6930	0.7512	22.8265	1.2291	0.5406	18.0205	10.8991	0.9207	26.5341	3.6636	150.9968	0.0314	0.3785	3.8334	7.0315	6.1787	1.2144	0.0629	0.0135	0.0494	0.0470	0.0112	0.0358	0.0160	0.0023	0.0137	1.0368	0.0068	1.0300	0.0164	0.0059	0.0105	1.0204	0.0009	1.0195	0.2772	0.2360	0.0412	0.1374	0.1148	0.0226	0.1398	0.1212	0.0186	0.1549	0.0861	0.0688	0.0613	0.0570	0.0043	0.0936	0.0291	0.0645	0.0339	0.7219	0.0802	1.2777	0.9399	0.6438	0.0105	0.6078	0.0465	6.6930	0.0792	14.9694	0.2675	0.1035	2.4609	10.8991	0.0317	15.7959
77	108	0.1756	4	0	0	0	0	0	0	0	0	N	N	N	N	N	N	N	N	N	N	N	N	0.3159	0.1177	0.6970	1.6849	15.9058	0.6551	0.1268	0.0295	0.2594	1.1119	0.1018	9.6293	2.1537	0.1936	31.2661	0.5325	0.0468	3.7860	3.5193	0.8648	13.8145	1.2782	0.0122	47.7296	4.1988	1.5849	14.5946	11.2184	57.7652	0.2483	0.1916	3.8334	16.2725	6.1787	4.4748	0.3934	0.0322	0.3612	0.2723	0.0229	0.2494	0.1211	0.0093	0.1118	0.5404	0.0092	0.5312	0.0074	0.0002	0.0072	0.5330	0.0090	0.5240	0.3539	0.3163	0.0375	0.1265	0.1185	0.0080	0.2274	0.1979	0.0295	0.1535	0.0859	0.0676	0.0266	0.0258	0.0008	0.1269	0.0601	0.0669	0.3159	0.9509	1.2263	7.7548	24.1620	3.3697	0.1268	0.3128	0.4832	3.5193	0.1070	7.8526	0.2777	0.0080	9.2786	4.1988	0.1496	7.8361
77	109	0.2284	5	0	1	0	0	0	0	0	0	N	N	N	N	N	N	N	N	N	N	N	N	101.8513	41.4230	45.8679	0.1357	0.1315	0.2082	3032.2728	823.7475	78.1656	1.2365	1.3749	0.0229	0.0046	0.0048	0.0012	1.9889	2.2714	0.0296	0.0121	0.0332	0.0005	0.0340	0.0368	0.0060	0.0007	0.0028	0.0004	0.0019	0.0581	-0.2844	-0.0008	3.8334	40.5309	6.1787	14.7974	0.9969	0.9950	0.0019	0.0014	0.0014	0.0000	0.9955	0.9936	0.0019	0.0014	0.0013	0.0001	0.0013	0.0013	0.0000	0.0001	0.0000	0.0001	0.8063	0.7237	0.0825	0.3057	0.2863	0.0195	0.5005	0.4375	0.0631	0.3663	0.2131	0.1532	0.0767	0.0734	0.0033	0.2896	0.1397	0.1499	324.4691	222.0593	45.8679	0.2663	0.2715	0.2082	8524.5073	29493.2498	78.1656	0.0038	0.0062	0.0005	0.0173	0.0178	0.0060	0.0002	0.0001	0.0004
77	110	0.2025	4	0	1	0	0	0	0	0	0	N	N	N	N	N	N	N	N	N	N	N	N	0.2449	0.1978	0.1831	0.9372	1.1012	0.0081	0.1292	0.0125	0.3174	0.0049	0.0052	0.0015	0.0044	0.0047	0.0001	0.0052	0.0057	0.0019	0.0198	0.0265	0.0080	0.0047	0.0042	0.0104	0.0401	0.4515	0.0060	0.0310	0.6749	-0.0004	-0.0002	3.8334	13.5236	6.1787	3.5331	0.0015	0.0015	0.0000	0.0006	0.0006	0.0000	0.0010	0.0009	0.0000	0.0007	0.0004	0.0003	0.0001	0.0001	0.0000	0.0006	0.0003	0.0003	0.3129	0.2815	0.0314	0.1271	0.1193	0.0078	0.1858	0.1623	0.0236	0.1318	0.0775	0.0543	0.0309	0.0293	0.0016	0.1009	0.0482	0.0526	0.8958	0.9517	0.2743	1.0676	1.2408	0.0081	0.8897	0.8622	0.3709	0.0054	0.0055	0.0053	0.0041	0.0038	0.0104	0.0058	0.0066	0.0052
77	111	0.1465	3	0	0	0	0	0	0	0	0	N	N	N	N	N	N	N	N	N	N	N	N	0.0831	0.0405	0.7242	0.0487	0.0532	0.0246	0.0795	0.0277	1.2800	0.0014	0.0003	0.0104	0.0006	0.0006	0.0010	0.0018	0.0002	0.0130	0.0170	0.0084	0.0143	0.0132	0.0116	0.0415	0.0230	0.0066	0.0101	3.6792	2.2376	0.0002	0.0001	3.8334	16.9399	6.1787	15.9768	0.0005	0.0001	0.0004	0.0001	0.0001	0.0000	0.0004	0.0000	0.0004	0.0012	0.0004	0.0008	0.0004	0.0003	0.0001	0.0008	0.0000	0.0007	0.3510	0.3133	0.0377	0.1219	0.1137	0.0081	0.2291	0.1996	0.0295	0.2384	0.1378	0.1006	0.0459	0.0441	0.0018	0.1925	0.0937	0.0988	0.2906	0.1302	1.2997	0.0743	0.0809	0.0299	0.4597	0.7134	1.7261	0.0049	0.0026	0.0080	0.0086	0.0076	0.0342	0.0040	0.0003	0.0075
77	112	0.2509	7	1	1	0	1	0	0	0	0	N	N	N	N	N	N	N	N	N	N	N	N	0.2036	0.1552	inf	0.4530	0.0000	inf	0.2981	0.1681	inf	0.1106	0.1162	0.0693	0.0167	0.0000	0.3330	0.1997	0.2447	0.0019	0.5433	0.7488	0.0000	0.0368	0.0415	0.0000	0.6697	1.4552	0.0000	0.0809	0.0000	-0.0000	-0.0004	3.8334	0.0019	6.1787	1.9928	0.0000	0.0000	0.0000	0.0000	0.0000	0.0000	0.0000	0.0000	0.0000	0.0006	0.0006	0.0000	0.0001	0.0001	0.0000	0.0006	0.0006	0.0000	0.0001	0.0001	0.0000	0.0000	0.0000	0.0000	0.0001	0.0000	0.0000	0.0142	0.0082	0.0060	0.0033	0.0031	0.0002	0.0109	0.0052	0.0058	2.4258	1.4792	inf	0.9146	0.0000	inf	3.7065	2.1447	inf	0.0456	0.0786	0.0000	0.0182	0.0194	0.0000	0.0539	0.1141	0.0000
77	113	0.2273	6	1	1	0	1	0	0	0	0	N	N	N	N	N	N	N	N	N	N	N	N	74.4542	19.5041	0.1075	0.0021	0.0021	0.0234	111902.5826	4436.1104	0.1243	5.0365	5.6071	0.0000	0.0004	0.0004	0.0000	8.4725	9.7328	0.0000	0.0676	0.2875	0.0000	0.1863	0.1905	0.0000	0.0001	0.0022	0.0000	0.0000	0.0006	-0.2867	-0.0006	3.8334	8.6942	6.1787	6.0502	0.9985	0.9985	0.0000	0.0000	0.0000	0.0000	0.9985	0.9985	0.0000	0.0010	0.0010	0.0000	0.0010	0.0010	0.0000	0.0000	0.0000	0.0000	0.1983	0.1781	0.0202	0.0804	0.0755	0.0049	0.1178	0.1026	0.0153	0.1066	0.0591	0.0474	0.0208	0.0196	0.0011	0.0858	0.0395	0.0463	524.9098	324.4032	0.1075	0.0078	0.0078	0.0234	267942.6353	176290.9910	0.1243	0.0096	0.0173	0.0000	0.0491	0.0520	0.0000	0.0000	0.0001	0.0000
77	114	0.2484	10	0	1	0	1	0	0	0	0	N	N	N	N	N	N	N	N	N	N	N	N	0.0000	0.0000	0.0000	0.0000	0.0000	0.0000	0.0000	0.0000	0.0000	0.0000	0.0000	0.0000	0.0000	0.0133	0.0592	0.0000	0.0151	0.0156	0.0000	0.0000	0.0000	0.0000	0.0000	0.0000	-0.0000	3.8334	0.0001	6.1787	0.0001	0.0000	0.0000	0.0000	0.0000	0.0000	0.0000	0.0000	0.0000	0.0000	0.0000	0.0000	0.0000	0.0000	0.0000	0.0000	0.0000	0.0000	0.0000	0.0000	0.0000	0.0000	0.0000	0.0000	0.0000	0.0000	0.0000	0.0000	0.0000	0.0000	0.0000	0.0000	0.0000	0.0000	0.0000	0.0000	0.0000	0.0000	0.0000	0.0000	0.0000	0.0000	0.0000	0.0000	0.0000	0.0000	0.0041	0.0080	0.0000	0.0096	0.0097	0.0000	0.0000	0.0000	0.0000						
77	115	0.2417	9	0	1	0	1	0	0	0	0	N	N	N	N	N	N	N	N	N	N	N	N	0.0000	0.0000	0.0000	0.0000	0.0000	0.0000	0.0000	0.0000	0.0000	0.0000	0.0000	0.0000	0.0000	0.0536	0.2583	0.0000	0.1734	0.1758	0.0000	0.0000	0.0000	0.0000	0.0000	0.0000	-0.0002	3.8334	3.0007	6.1787	1.0012	0.0000	0.0000	0.0000	0.0000	0.0000	0.0000	0.0000	0.0000	0.0000	0.0002	0.0002	0.0000	0.0002	0.0002	0.0000	0.0000	0.0000	0.0000	0.0655	0.0586	0.0069	0.0250	0.0234	0.0016	0.0405	0.0353	0.0052	0.0283	0.0156	0.0127	0.0053	0.0050	0.0003	0.0230	0.0106	0.0124	0.0000	0.0000	0.0000	0.0000	0.0000	0.0000	0.0000	0.0000	0.0000	0.0088	0.0160	0.0000	0.0469	0.0499	0.0000	0.0000	0.0000	0.0000						
77	116	0.2398	8	0	0	0	1	0	0	0	0	N	N	N	N	N	N	N	N	N	N	N	N	0.6391	0.0813	13.2595	0.0948	0.0779	inf	3.8798	16.1436	0.0000	0.0000	0.0001	0.0000	0.0000	0.0000	0.0000	0.0000	0.0001	0.0000	0.0000	0.0000	0.0001	0.0001	0.0000	0.0000	0.0000	0.0000	3.5827	0.1969	0.0000	-0.0000	3.8334	1.1177	6.1787	0.0023	0.0000	0.0000	0.0000	0.0000	0.0000	0.0000	0.0000	0.0000	0.0000	0.0000	0.0000	0.0000	0.0000	0.0000	0.0000	0.0000	0.0000	0.0000	0.0255	0.0228	0.0026	0.0103	0.0096	0.0007	0.0152	0.0132	0.0020	0.0080	0.0044	0.0036	0.0015	0.0014	0.0001	0.0065	0.0030	0.0035	0.6391	0.1024	13.2595	0.0948	0.0779	inf	3.8798	0.0000	16.1436	0.0000	0.0000	0.0000	0.0001	0.0001	0.0000	0.0000	0.0000	0.0000	
77	117	0.0561	2	0	1	0	0	0	0	0	0	N	N	N	N	N	N	N	N	N	N	N	N	0.1672	0.1440	0.2667	0.1746	0.2062	0.0002	3.0542	8.5907	0.4198	0.1727	0.2054	0.0005	0.4902	0.5877	0.0000	0.0128	0.0150	0.0008	1.0325	1.4259	0.0019	2.8081	2.8499	0.0116	0.0042	0.0017	0.0018	0.0005	0.0023	-0.0413	-0.1288	3.8334	31.2782	6.1787	23.9277	0.1440	0.1439	0.0001	0.1369	0.1369	0.0000	0.0071	0.0070	0.0001	0.2057	0.2052	0.0005	0.2052	0.2052	0.0000	0.0005	0.0000	0.0005	0.8339	0.7007	0.1332	0.2792	0.2329	0.0463	0.5547	0.4677	0.0869	0.5618	0.3104	0.2514	0.1232	0.1218	0.0014	0.4386	0.1886	0.2500	0.4715	0.3106	0.2667	0.2942	0.3488	0.0002	11.9820	429.9709	0.4198	0.3662	0.6612	0.0019	1.6664	1.6850	0.0116	0.0011	0.0000	0.0018
77	118	0.2398	8	0	0	1	1	0	0	0	0	N	N	N	N	N	N	N	N	N	N	N	N	7.0644	inf	23.7477	inf	inf	inf	6.8691	28.5936	0.0000	0.0000	0.0000	0.0000	0.0000	0.0000	0.0000	0.0000	0.0000	0.0000	0.0000	0.0000	0.0000	0.0000	0.0000	0.0000	0.0000	0.0000	3.5827	inf	0.0000	0.0000	3.8334	3.8827	6.1787	2.9998	0.0000	0.0000	0.0000	0.0000	0.0000	0.0000	0.0000	0.0000	0.0000	0.0000	0.0000	0.0000	0.0000	0.0000	0.0000	0.0000	0.0000	0.0000	0.0854	0.0765	0.0089	0.0330	0.0309	0.0021	0.0523	0.0456	0.0068	0.0483	0.0267	0.0217	0.0091	0.0085	0.0005	0.0393	0.0181	0.0211	7.0644	inf	23.7477	inf	inf	inf	6.8691	0.0000	28.5936	0.0000	0.0000	0.0000	0.0000	0.0000	0.0000	0.0000	0.0000	0.0000	
77	119	0.2369	7	0	0	0	1	0	0	0	0	N	N	N	N	N	N	N	N	N	N	N	N	5334.8884	9550.1478	16004.3825	6864.4831	6883.6673	inf	4700.5836	20208.0819	0.0202	0.0100	0.1142	0.0227	0.0225	0.0266	0.0183	0.0000	0.1458	0.0000	0.0000	0.0000	0.0000	0.0000	0.0000	0.0000	0.0000	0.0000	1.2399	5.5741	0.0004	0.0000	3.8334	2.8083	6.1787	0.0030	0.0015	0.0007	0.0008	0.0007	0.0007	0.0000	0.0008	0.0000	0.0008	0.0000	0.0000	0.0000	0.0000	0.0000	0.0000	0.0000	0.0000	0.0000	0.0723	0.0652	0.0071	0.0309	0.0290	0.0019	0.0414	0.0362	0.0052	0.0200	0.0110	0.0090	0.0038	0.0035	0.0002	0.0162	0.0075	0.0088	5334.8884	9550.1478	16004.3825	6864.4831	6883.6673	inf	4700.5836	0.0000	20208.0819	0.0000	0.0000	0.0000	0.0000	0.0000	0.0000	0.0000	0.0000	0.0000	
77	120	0.2369	7	0	0	1	1	0	0	0	0	N	N	N	N	N	N	N	N	N	N	N	N	384581.4266	3716590.9135	17.3100	59443.3151	73463.7918	inf	543571.2084	inf	0.0000	0.3508	0.3909	0.0000	0.0226	0.0242	0.0001	0.5623	0.6446	0.0000	0.0000	0.0000	0.0000	0.0000	0.0000	0.0000	0.0000	0.0000	0.0000	0.0000	14.7436	-0.0217	0.0000	3.8334	9.6158	6.1787	0.0030	0.0756	0.0756	0.0000	0.0019	0.0019	0.0000	0.0736	0.0736	0.0000	0.0000	0.0000	0.0000	0.0000	0.0000	0.0000	0.0000	0.0000	0.0000	0.2154	0.1933	0.0221	0.0844	0.0790	0.0054	0.1310	0.1143	0.0167	0.0673	0.0371	0.0302	0.0126	0.0119	0.0008	0.0547	0.0252	0.0295	384581.4266	3716590.9135	17.3100	59443.3151	73463.7918	inf	543571.2084	inf	0.0000	0.0000	0.0000	0.0000	0.0000	0.0000	0.0000	0.0000	0.0000	0.0000
77	121	0.2273	6	0	0	0	1	0	0	0	0	N	N	N	N	N	N	N	N	N	N	N	N	8.8276	7.3066	0.2657	10.6724	11.0572	0.0292	0.0973	0.1755	0.3467	0.0095	0.0105	0.0001	0.0212	0.0225	0.0000	0.0001	0.0001	0.0002	0.0011	0.0014	0.0005	0.0020	0.0020	0.0011	0.0007	0.0003	0.0005	0.0013	0.5319	-0.0003	-0.0000	3.8334	4.2457	6.1787	2.0144	0.0010	0.0010	0.0000	0.0010	0.0010	0.0000	0.0000	0.0000	0.0000	0.0000	0.0000	0.0000	0.0000	0.0000	0.0000	0.0000	0.0000	0.0000	0.1052	0.0949	0.0103	0.0468	0.0441	0.0027	0.0584	0.0508	0.0076	0.0482	0.0269	0.0213	0.0100	0.0095	0.0005	0.0382	0.0174	0.0208	15.3411	14.5273	0.2657	10.6724	11.0572	0.0292	0.2800	42.9734	0.3467	0.0006	0.0007	0.0005	0.0020	0.0020	0.0011	0.0003	0.0000	0.0005
77	122	0.1852	5	0	0	0	1	0	0	0	0	N	N	N	N	N	N	N	N	N	N	N	N	0.0314	0.0111	6.0549	0.0000	0.0000	0.0012	11.7859	18.3719	8.7559	0.0039	0.0041	0.0025	0.0000	0.0000	0.0000	0.0064	0.0068	0.0032	0.1254	0.3688	0.0004	0.3718	0.3699	0.0048	0.0005	0.0004	0.0004	0.0697	0.0156	-0.0002	-0.0013	3.8334	11.9190	6.1787	13.1740	0.0011	0.0010	0.0001	0.0000	0.0000	0.0000	0.0011	0.0010	0.0001	0.0021	0.0021	0.0000	0.0021	0.0021	0.0000	0.0000	0.0000	0.0000	0.2688	0.2412	0.0277	0.1028	0.0966	0.0062	0.1660	0.1446	0.0214	0.1753	0.0958	0.0795	0.0279	0.0271	0.0008	0.1473	0.0686	0.0787	0.3228	0.1867	6.0549	0.0002	0.0002	0.0012	32.3587	4334.5417	8.7559	0.0122	0.0220	0.0004	0.0756	0.0776	0.0048	0.0002	0.0000	0.0004
77	123	0.4314	7	0	0	1	1	0	0	0	0	N	N	N	N	N	N	N	N	N	N	N	N	0.0006	0.0000	0.3094	0.0009	0.0000	14.8981	0.0000	0.0000	0.0000	0.0000	0.0000	0.0000	0.0000	0.0000	0.0000	0.0000	0.0000	0.0000	0.0004	0.0010	0.0000	0.0010	0.0011	0.0000	0.0000	0.0000	0.0000	inf	0.0094	0.0000	-0.0000	3.8334	12.8936	6.1787	4.1514	0.0000	0.0000	0.0000	0.0000	0.0000	0.0000	0.0000	0.0000	0.0000	0.0000	0.0000	0.0000	0.0000	0.0000	0.0000	0.0000	0.0000	0.0000	0.2466	0.2202	0.0264	0.0738	0.0707	0.0032	0.1728	0.1495	0.0233	0.1131	0.0676	0.0456	0.0377	0.0340	0.0037	0.0754	0.0336	0.0419	0.0008	0.0000	0.3094	0.0009	0.0000	14.8981	0.0000	0.0000	0.0000	0.0003	0.0005	0.0000	0.0010	0.0011	0.0000	0.0000	0.0000	0.0000
77	124	0.2005	6	0	1	0	0	0	0	0	0	N	N	N	N	N	N	N	N	N	N	N	N	0.0000	0.0000	0.2680	0.0000	0.0000	0.0379	0.0471	0.0031	0.0175	0.0000	0.0000	0.0000	0.0000	0.0000	0.0000	0.0000	0.0000	0.0000	0.8098	1.1040	0.0000	2.0300	1.9867	0.0008	0.0000	0.0003	0.0000	0.0525	0.0001	-0.0000	-0.0126	3.8334	12.7386	6.1787	8.7370	0.0000	0.0000	0.0000	0.0000	0.0000	0.0000	0.0000	0.0000	0.0000	0.0201	0.0201	0.0000	0.0201	0.0201	0.0000	0.0000	0.0000	0.0000	0.2780	0.2491	0.0289	0.1019	0.0955	0.0064	0.1761	0.1536	0.0226	0.1653	0.0901	0.0752	0.0322	0.0314	0.0008	0.1330	0.0586	0.0744	0.0001	0.0001	0.2680	0.0001	0.0001	0.0379	0.0751	0.8735	0.0175	0.1218	0.2235	0.0000	0.6242	0.6404	0.0008	0.0000	0.0000	0.0000
77	125	0.1852	5	0	1	0	0	0	0	0	0	N	N	N	N	N	N	N	N	N	N	N	N	0.0000	0.0001	0.0000	0.0005	0.0005	0.0004	0.0000	0.0000	0.0000	0.0000	0.0000	0.0000	0.0001	0.0001	0.0000	0.0000	0.0000	0.0000	0.9761	0.2843	3.0160	0.1330	0.1272	0.0198	1.1341	0.4389	3.0604	0.0111	28.6564	-0.0000	0.0070	3.8334	8.6431	6.1787	1.4782	0.0000	0.0000	0.0000	0.0000	0.0000	0.0000	0.0000	0.0000	0.0000	0.0206	0.0007	0.0199	0.0005	0.0005	0.0000	0.0201	0.0002	0.0199	0.2027	0.1822	0.0206	0.0802	0.0755	0.0047	0.1226	0.1067	0.0159	0.0746	0.0407	0.0338	0.0124	0.0121	0.0003	0.0622	0.0287	0.0335	0.0001	0.0020	0.0000	0.0015	0.0016	0.0004	0.0000	0.0015	0.0000	0.2762	0.0171	0.5881	0.0419	0.0425	0.0198	0.3230	0.0063	0.5938
77	126	0.1756	4	0	0	0	0	0	0	0	0	N	N	N	N	N	N	N	N	N	N	N	N	0.0044	0.0047	0.0052	0.0114	0.0165	0.0005	0.0002	0.0146	0.0058	0.0016	0.0018	0.0004	0.0042	0.0044	0.0009	0.0000	0.0000	0.0003	0.3721	0.3782	0.0759	0.3688	0.2662	1.7223	0.1748	0.0005	0.0458	0.0256	0.9344	-0.0000	-0.0002	3.8334	4.1618	6.1787	2.0491	0.0002	0.0002	0.0000	0.0002	0.0002	0.0000	0.0000	0.0000	0.0000	0.0014	0.0007	0.0007	0.0009	0.0007	0.0002	0.0005	0.0000	0.0005	0.1075	0.0963	0.0111	0.0412	0.0390	0.0022	0.0663	0.0574	0.0089	0.0539	0.0317	0.0222	0.0115	0.0112	0.0003	0.0424	0.0205	0.0218	0.0637	0.0789	0.0131	0.0560	0.0687	0.0021	0.0034	2.6836	0.0111	0.0257	0.0226	0.0302	0.0751	0.0640	0.4435	0.0123	0.0000	0.0238
77	127	0.1465	3	0	0	0	0	0	0	0	0	N	N	N	N	N	N	N	N	N	N	N	N	0.0046	0.0765	0.0394	0.0021	0.1729	0.0001	0.0060	0.0030	0.0953	0.0021	0.0001	0.0190	0.0002	0.0002	0.0006	0.0031	0.0000	0.0241	0.4622	0.0011	0.4805	0.1003	0.0011	6.8372	0.5221	0.0097	0.2531	26.6041	94.6870	0.0003	0.0017	3.8334	9.4810	6.1787	7.4917	0.0004	0.0000	0.0004	0.0000	0.0000	0.0000	0.0004	0.0000	0.0004	0.0046	0.0000	0.0046	0.0010	0.0000	0.0010	0.0036	0.0000	0.0036	0.2018	0.1801	0.0217	0.0710	0.0663	0.0048	0.1308	0.1139	0.0169	0.1341	0.0797	0.0545	0.0280	0.0271	0.0010	0.1061	0.0526	0.0535	0.0612	0.1411	0.2250	0.0059	0.1729	0.0006	0.0918	0.0777	0.3566	0.0346	0.0006	0.0842	0.0356	0.0011	1.0065	0.0343	0.0004	0.0676
77	128	0.4436	8	1	1	0	0	0	0	0	0	N	N	N	N	N	N	N	N	N	N	N	N	6.4817	4.4556	7.9656	7.4850	0.0000	0.0000	0.0000	0.0000	0.0000	0.0000	0.0000	0.0000	0.0000	0.0000	0.0000	0.0000	0.0000	0.0000	0.0000	0.0000	0.0000	0.0000	0.0000	0.0057	-0.0000	-0.0000	3.8334	2.0107	6.1787	1.9995	0.0000	0.0000	0.0000	0.0000	0.0000	0.0000	0.0000	0.0000	0.0000	0.0000	0.0000	0.0000	0.0000	0.0000	0.0000	0.0000	0.0000	0.0000	0.0365	0.0323	0.0041	0.0105	0.0100	0.0005	0.0260	0.0223	0.0036	0.0259	0.0157	0.0102	0.0091	0.0082	0.0009	0.0169	0.0075	0.0093	6.4817	4.4556	0.0000	7.9656	7.4850	0.0000	0.0000	0.0000	0.0000	0.0000	0.0000	0.0000	0.0000	0.0000	0.0000	0.0000	0.0000	0.0000					
77	129	0.4314	7	1	1	0	0	0	0	0	0	N	N	N	N	N	N	N	N	N	N	N	N	14.0929	6.8234	0.0000	24.4244	23.0762	0.0000	0.0000	0.0000	0.0128	0.0143	0.0000	0.0391	0.0407	0.0000	0.0000	0.0000	0.0000	0.0009	0.0021	0.0000	0.0016	0.0018	0.0000	0.0000	0.0001	0.0000	0.0000	0.0118	-0.0004	-0.0000	3.8334	5.6459	6.1787	1.1399	0.0015	0.0015	0.0000	0.0015	0.0015	0.0000	0.0000	0.0000	0.0000	0.0000	0.0000	0.0000	0.0000	0.0000	0.0000	0.0000	0.0000	0.0000	0.1200	0.1077	0.0123	0.0394	0.0379	0.0015	0.0806	0.0698	0.0108	0.0486	0.0289	0.0197	0.0166	0.0151	0.0015	0.0320	0.0138	0.0182	23.1677	15.5270	0.0000	24.4244	23.0762	0.0000	0.0000	0.0000	0.0000	0.0006	0.0009	0.0000	0.0016	0.0018	0.0000	0.0000	0.0000	0.0000	
77	130	0.4010	6	0	0	0	0	0	0	0	0	N	N	N	N	N	N	N	N	N	N	N	N	0.3709	3.4961	0.0432	4.7845	15.2241	0.0819	0.0000	0.0015	0.0004	0.0452	0.0502	0.0026	0.1487	0.1530	0.0264	0.0000	0.0000	0.0000	0.1217	0.0143	0.0601	0.0311	0.0101	0.3225	0.1073	0.0014	0.0328	0.0061	4.0665	-0.0034	0.0003	3.8334	11.6079	6.1787	5.3766	0.0121	0.0120	0.0001	0.0121	0.0120	0.0001	0.0000	0.0000	0.0000	0.0020	0.0004	0.0016	0.0010	0.0004	0.0006	0.0010	0.0000	0.0010	0.2680	0.2398	0.0282	0.0814	0.0786	0.0028	0.1867	0.1612	0.0255	0.1647	0.1034	0.0614	0.0614	0.0571	0.0043	0.1034	0.0463	0.0570	3.7451	13.2251	0.1001	9.1255	22.3328	0.1879	0.0004	0.0984	0.0007	0.0121	0.0038	0.0260	0.0163	0.0069	0.1406	0.0095	0.0000	0.0173
77	131	0.3832	5	0	0	0	0	0	0	0	0	N	N	N	N	N	N	N	N	N	N	N	N	0.1817	0.1661	0.6554	0.8363	0.8767	2.3560	0.2603	0.1608	0.5690	0.0636	0.0679	0.0274	0.1054	0.1064	0.0800	0.0444	0.0482	0.0211	0.3499	0.4090	0.0418	0.1261	0.1214	0.0340	0.1707	0.3000	0.0370	0.0486	0.4133	-0.0015	-0.0012	3.8334	3.9355	6.1787	8.7078	0.0062	0.0059	0.0003	0.0032	0.0031	0.0001	0.0030	0.0028	0.0002	0.0037	0.0026	0.0011	0.0025	0.0024	0.0001	0.0012	0.0002	0.0010	0.0969	0.0865	0.0104	0.0304	0.0293	0.0011	0.0665	0.0572	0.0093	0.1570	0.1040	0.0530	0.0609	0.0577	0.0033	0.0961	0.0464	0.0497	2.7316	2.7335	1.3580	2.5744	2.5581	2.7010	3.6820	11.9562	1.0775	0.0233	0.0249	0.0202	0.0410	0.0416	0.0296	0.0121	0.0040	0.0196
77	132	0.3715	4	0	0	0	0	0	0	0	0	N	N	N	N	N	N	N	N	N	N	N	N	0.0838	0.1070	0.0706	0.5004	0.5756	0.6387	0.0484	0.1793	0.0766	0.0435	0.0455	0.0272	0.0764	0.0770	0.0599	0.0281	0.0289	0.0232	0.5190	0.4248	0.3850	0.1527	0.1338	0.0939	0.5799	0.1610	0.3029	0.0714	1.4977	-0.0014	-0.0002	3.8334	6.2657	6.1787	3.9760	0.0065	0.0061	0.0004	0.0037	0.0036	0.0001	0.0029	0.0025	0.0003	0.0058	0.0023	0.0035	0.0024	0.0022	0.0002	0.0034	0.0001	0.0033	0.1503	0.1343	0.0160	0.0480	0.0463	0.0017	0.1023	0.0880	0.0143	0.1362	0.0891	0.0471	0.0536	0.0508	0.0028	0.0826	0.0383	0.0443	1.0295	1.7577	0.3708	1.7206	1.7666	1.0163	0.6868	12.3653	0.3126	0.0423	0.0259	0.0733	0.0444	0.0436	0.0590	0.0409	0.0023	0.0742
77	133	0.2942	3	0	0	0	0	0	0	0	0	N	N	N	N	N	N	N	N	N	N	N	N	0.0553	0.0456	0.0173	0.0804	0.0823	0.0982	0.0160	0.6886	0.0088	0.0548	0.0586	0.0244	0.1735	0.1752	0.1374	0.0137	0.0141	0.0110	0.9917	1.2868	1.4052	2.1587	2.1290	1.3990	0.8534	0.0204	1.2477	0.0523	0.3121	-0.0069	-0.0530	3.8334	26.7012	6.1787	18.2690	0.0289	0.0274	0.0014	0.0235	0.0227	0.0009	0.0053	0.0048	0.0006	0.1356	0.1034	0.0323	0.1056	0.1033	0.0024	0.0300	0.0001	0.0299	0.5268	0.4679	0.0589	0.1356	0.1294	0.0062	0.3911	0.3385	0.0527	0.4463	0.2688	0.1774	0.1388	0.1326	0.0062	0.3075	0.1362	0.1713	0.1804	0.1525	0.1341	0.2280	0.2250	0.3602	0.1400	19.8110	0.0629	0.3039	0.3845	0.1818	0.7610	0.7788	0.3815	0.0976	0.0007	0.1746
77	134	0.0561	2	0	0	0	0	0	0	0	0	N	N	N	N	N	N	N	N	N	N	N	N	0.1815	0.4848	0.1415	0.5954	0.0157	4.3841	0.1470	0.6349	0.0586	0.5141	0.3439	1.5800	0.5596	0.0143	4.0719	0.4979	0.4621	0.7196	2.8331	0.7094	11.1660	0.9400	0.9142	0.9288	3.3873	0.7279	12.2824	0.7335	75.2089	0.0882	0.9008	3.8334	61.4372	6.1787	55.8589	0.6489	0.3744	0.2746	0.1857	0.0041	0.1816	0.4632	0.3702	0.0930	2.5126	0.0330	2.4796	0.0280	0.0273	0.0006	2.4846	0.0056	2.4790	1.2622	1.0884	0.1738	0.3319	0.2873	0.0446	0.9303	0.8011	0.1292	0.8869	0.4926	0.3943	0.1534	0.1510	0.0023	0.7335	0.3416	0.3919	0.1815	5.1389	0.2512	3.0675	0.0793	14.6531	0.1470	27.9862	0.1138	2.8331	0.0669	6.2892	0.1824	0.1810	0.2779	3.3873	0.0165	6.3250
78	79	0.1456	3	0	1	0	0	0	0	0	0	N	N	N	N	N	N	N	N	N	N	N	N	1.9646	0.7380	30.8386	1.1273	1.0994	12.9208	2.7337	1024.5655	43.6658	1.2173	0.4859	7.0955	0.9763	0.9597	1.3060	1.2797	0.3519	7.6647	0.6196	0.6584	0.2301	0.8661	0.8729	0.1011	0.4681	0.0003	0.1755	1.8169	0.7097	0.7831	-0.0084	16.9094	23.9173	5.8161	17.8091	2.1882	0.7768	1.4114	0.3614	0.3382	0.0233	1.8267	0.4386	1.3881	0.0395	0.0231	0.0164	0.0237	0.0231	0.0006	0.0158	0.0000	0.0158	1.7976	1.5987	0.1989	0.3702	0.3524	0.0178	1.4274	1.2463	0.1811	0.6859	0.3919	0.2940	0.1452	0.1353	0.0098	0.5407	0.2565	0.2842	21.1439	8.2438	127.2855	5.9792	5.6238	21.1159	43.8419	244926.9461	138.0182	0.0576	0.0589	0.0557	0.1633	0.1706	0.0619	0.0292	0.0000	0.0555
78	80	0.1295	2	0	1	0	0	0	0	0	0	N	N	N	N	N	N	N	N	N	N	N	N	0.0813	0.8482	0.0001	2.5829	7.8153	0.0002	0.0002	0.0067	0.0001	0.2702	0.3043	0.0017	1.4666	1.5334	0.0013	0.0010	0.0009	0.0017	3.3212	0.3588	14.5747	0.5678	0.1962	8.4324	4.3645	0.1327	15.7532	0.0007	252.5251	-0.0367	0.2490	16.9094	6.1279	5.8161	3.6878	0.1280	0.1279	0.0001	0.1276	0.1276	0.0000	0.0004	0.0003	0.0001	0.6772	0.0027	0.6745	0.0053	0.0025	0.0028	0.6719	0.0002	0.6717	0.4738	0.4203	0.0535	0.0870	0.0832	0.0038	0.3868	0.3371	0.0497	0.2039	0.1261	0.0778	0.0500	0.0476	0.0023	0.1539	0.0784	0.0755	0.0813	14.3637	0.0002	13.8337	29.1379	0.0011	0.0002	0.4245	0.0002	3.3212	0.0212	8.6666	0.1060	0.0526	1.1984	4.3645	0.0021	8.8969
78	81	0.2176	6	1	0	1	0	0	0	0	0	N	N	N	N	N	N	N	N	N	N	N	N	0.6180	0.7327	0.1345	2.9342	3.0274	12.1093	0.0396	0.0035	0.1589	0.5303	0.5662	0.2403	1.8636	1.9679	0.0503	0.0390	0.0043	0.2695	0.8581	0.7728	1.7868	0.6351	0.6500	0.0042	0.9840	1.2207	1.6962	0.0526	2.2783	-0.2473	0.0057	16.9094	27.2690	5.8161	12.3406	1.0426	0.9905	0.0521	0.9866	0.9852	0.0014	0.0560	0.0053	0.0507	0.0862	0.0263	0.0599	0.0112	0.0112	0.0000	0.0750	0.0151	0.0599	1.9662	1.7494	0.2168	0.5294	0.5006	0.0288	1.4368	1.2488	0.1880	0.5610	0.3110	0.2500	0.0959	0.0892	0.0067	0.4651	0.2218	0.2433	3.4510	6.6965	1.0031	15.9868	15.7391	12.1093	0.2416	0.0625	1.0949	0.1537	0.0845	0.2396	0.1166	0.1250	0.0042	0.1613	0.0683	0.2461
78	82	0.2022	5	0	0	0	0	0	0	0	0	N	N	N	N	N	N	N	N	N	N	N	N	7.3841	0.5612	82.5216	0.0485	0.4883	0.0159	11.7609	0.2217	239.2494	3.6050	0.0147	33.0533	0.0182	0.0137	0.0977	5.5127	0.0152	39.8372	0.4882	0.0262	0.4005	0.3759	0.0281	6.1468	0.4687	0.0687	0.1665	274.5045	11.5800	2.1199	0.0017	16.9094	9.0798	5.8161	0.9519	2.9890	0.0108	2.9781	0.0052	0.0037	0.0015	2.9837	0.0071	2.9766	0.0059	0.0005	0.0054	0.0021	0.0004	0.0017	0.0038	0.0001	0.0037	0.8291	0.7390	0.0901	0.2879	0.2725	0.0154	0.5413	0.4665	0.0747	0.1571	0.0854	0.0717	0.0276	0.0258	0.0018	0.1295	0.0596	0.0699	95.9346	2.6705	436.3164	0.2395	0.9299	0.1021	187.6662	10.2819	749.8189	0.0376	0.0055	0.0758	0.0761	0.0148	0.9572	0.0294	0.0015	0.0531
78	83	0.1295	2	0	1	0	0	0	0	0	0	N	N	N	N	N	N	N	N	N	N	N	N	0.0047	0.0027	1.2313	0.0051	0.0055	0.0005	0.0106	0.0014	7.6848	0.0037	0.0029	0.0104	0.0091	0.0095	0.0002	0.0025	0.0013	0.0111	0.7910	1.0537	0.0084	1.7854	1.7337	0.2998	0.2370	0.9113	0.0015	0.4551	0.0208	0.0001	-0.0415	16.9094	21.0000	5.8161	14.4214	0.0058	0.0040	0.0018	0.0026	0.0026	0.0000	0.0032	0.0014	0.0018	0.0683	0.0669	0.0014	0.0607	0.0596	0.0010	0.0076	0.0073	0.0004	1.5591	1.3847	0.1744	0.2823	0.2701	0.0122	1.2768	1.1146	0.1622	0.6063	0.3544	0.2519	0.1250	0.1173	0.0077	0.4813	0.2372	0.2442	0.0330	0.0152	1.8792	0.0188	0.0187	0.0012	0.1591	0.0412	7.6848	0.1126	0.1887	0.0055	0.4853	0.5085	0.1340	0.0158	0.0307	0.0015
78	84	0.1871	6	0	0	1	0	0	0	0	0	N	N	N	N	N	N	N	N	N	N	N	N	0.3192	0.2989	0.0000	0.0028	0.0030	0.0000	1.2835	114.3216	0.0000	0.2108	0.2364	0.0000	0.0030	0.0032	0.0000	0.2736	0.3136	0.0000	0.6604	0.7908	0.1019	1.0635	1.0455	0.5086	0.2132	0.0027	0.0529	0.0000	0.2992	-0.0963	-0.0141	16.9094	20.4085	5.8161	11.0867	0.3354	0.3354	0.0000	0.0011	0.0011	0.0000	0.3343	0.3343	0.0000	0.0355	0.0273	0.0082	0.0298	0.0273	0.0024	0.0058	0.0000	0.0057	1.5910	1.4187	0.1723	0.3693	0.3528	0.0165	1.2217	1.0659	0.1558	0.5314	0.3074	0.2240	0.1376	0.1249	0.0127	0.3938	0.1825	0.2113	3.1537	2.6582	0.0000	0.0140	0.0145	0.0000	18.7366	4077.9198	0.0000	0.0668	0.0889	0.0365	0.2163	0.2188	0.1923	0.0146	0.0001	0.0272
78	85	0.1834	5	0	0	1	0	0	0	0	0	N	N	N	N	N	N	N	N	N	N	N	N	0.0001	0.0001	0.0000	0.0001	0.0002	0.0000	0.0000	0.0010	0.0000	0.0001	0.0001	0.0000	0.0002	0.0002	0.0000	0.0000	0.0000	0.0000	1.1595	0.9175	4.0370	2.9007	1.2454	68.2096	0.9999	0.0468	2.0918	0.0000	8.0169	-0.0000	0.0146	16.9094	3.1287	5.8161	1.1816	0.0000	0.0000	0.0000	0.0000	0.0000	0.0000	0.0000	0.0000	0.0000	0.0559	0.0062	0.0497	0.0455	0.0062	0.0393	0.0105	0.0000	0.0104	0.3191	0.2870	0.0321	0.0994	0.0957	0.0037	0.2197	0.1913	0.0284	0.0866	0.0518	0.0348	0.0252	0.0230	0.0022	0.0614	0.0288	0.0326	0.0002	0.0010	0.0000	0.0001	0.0009	0.0000	0.0002	0.0405	0.0000	0.6461	0.1197	1.4309	1.8059	0.2681	18.1495	0.1705	0.0012	0.3201
78	86	0.1765	4	0	0	0	0	0	0	0	0	N	N	N	N	N	N	N	N	N	N	N	N	0.0058	0.0057	0.0036	0.0307	0.0368	0.0075	0.0005	0.0003	0.0036	0.0038	0.0041	0.0006	0.0134	0.0139	0.0023	0.0003	0.0003	0.0005	0.6431	0.7256	0.1810	0.4363	0.3772	0.3036	0.6717	1.2075	0.1266	0.0182	0.4647	-0.0004	-0.0025	16.9094	4.0532	5.8161	2.2470	0.0013	0.0013	0.0000	0.0012	0.0012	0.0000	0.0001	0.0001	0.0000	0.0080	0.0054	0.0025	0.0030	0.0026	0.0004	0.0050	0.0028	0.0021	0.3548	0.3179	0.0369	0.0931	0.0892	0.0038	0.2617	0.2286	0.0331	0.1273	0.0759	0.0513	0.0360	0.0330	0.0030	0.0912	0.0430	0.0483	0.0600	0.0575	0.0131	0.1602	0.1761	0.0168	0.0060	0.0046	0.0104	0.0626	0.0717	0.0493	0.0836	0.0788	0.1358	0.0544	0.0662	0.0438
78	87	0.1533	3	0	0	0	0	0	0	0	0	N	N	N	N	N	N	N	N	N	N	N	N	0.0909	0.0631	0.0086	1.1963	1.2923	0.0112	0.0007	0.0002	0.0113	0.2587	0.2905	0.0067	0.7248	0.7542	0.0019	0.0027	0.0019	0.0074	2.8441	4.6040	0.7790	0.6058	0.5836	0.1729	3.9863	8.4557	0.6561	0.0029	0.0158	-0.0350	-0.5945	16.9094	4.7288	5.8161	9.8540	0.1230	0.1227	0.0004	0.1222	0.1222	0.0000	0.0008	0.0005	0.0003	0.9701	0.9551	0.0151	0.0112	0.0108	0.0004	0.9589	0.9443	0.0146	0.4757	0.4223	0.0534	0.1686	0.1620	0.0066	0.3071	0.2603	0.0468	0.3411	0.2074	0.1337	0.1006	0.0958	0.0048	0.2406	0.1117	0.1289	0.0909	0.0631	0.0597	6.4929	6.6945	0.0213	0.0007	0.0002	0.0652	2.8441	4.6040	0.1128	0.1116	0.1127	0.0909	3.9863	8.4557	0.1137
78	88	0.1295	2	0	0	0	0	0	0	0	0	N	N	N	N	N	N	N	N	N	N	N	N	0.0049	0.0060	0.0002	0.0129	0.0132	0.0005	0.0001	0.0001	0.0002	0.0086	0.0096	0.0009	0.0461	0.0482	0.0000	0.0002	0.0001	0.0010	1.7735	1.6120	5.7062	3.5836	3.6446	0.0539	1.7231	1.5227	5.8725	0.0122	1.6346	-0.0016	-0.0042	16.9094	8.6320	5.8161	7.0881	0.0057	0.0056	0.0001	0.0056	0.0056	0.0000	0.0001	0.0000	0.0001	0.5337	0.2026	0.3311	0.1871	0.1870	0.0002	0.3466	0.0156	0.3310	0.6627	0.5880	0.0747	0.1213	0.1161	0.0053	0.5413	0.4719	0.0694	0.3009	0.1810	0.1199	0.0681	0.0645	0.0036	0.2328	0.1165	0.1163	0.0049	0.0086	0.0003	0.0168	0.0166	0.0006	0.0001	0.0008	0.0003	1.7735	1.1190	2.7618	2.7457	2.8975	0.0417	1.4889	0.1339	2.8465
78	89	0.1972	4	0	1	0	0	0	0	0	0	N	N	N	N	N	N	N	N	N	N	N	N	1.7518	59.6195	0.4965	0.9632	0.8987	2.8538	1.8848	128.1248	0.6694	0.7936	0.8650	0.1922	0.0132	0.0135	0.0065	1.0997	1.2302	0.2190	0.4530	0.0145	0.3871	0.0137	0.0150	0.0023	0.5835	0.0096	0.3273	0.0264	14.1759	-0.2689	0.0036	16.9094	15.4622	5.8161	5.2688	1.0283	1.0019	0.0264	0.0048	0.0047	0.0001	1.0235	0.9972	0.0263	0.0119	0.0008	0.0111	0.0007	0.0007	0.0000	0.0111	0.0000	0.0111	1.2958	1.1583	0.1374	0.3651	0.3477	0.0174	0.9307	0.8106	0.1201	0.3537	0.2048	0.1489	0.0840	0.0781	0.0059	0.2697	0.1267	0.1430	23.6531	226.5723	2.5811	1.4777	1.4348	2.8538	26.6733	3265.2936	2.8289	0.0336	0.0038	0.0745	0.0089	0.0094	0.0023	0.0412	0.0004	0.0774
78	90	0.1855	3	0	0	0	0	0	0	0	0	N	N	N	N	N	N	N	N	N	N	N	N	2.3215	1.8030	0.8974	17.0130	17.4039	1.6890	0.1937	0.0511	1.0408	0.2919	0.3222	0.0204	0.9190	0.9609	0.0282	0.0121	0.0111	0.0192	0.1258	0.1787	0.0228	0.0540	0.0552	0.0167	0.0627	0.2179	0.0184	0.0071	0.6097	-0.0586	-0.0006	16.9094	7.5917	5.8161	1.5198	0.2092	0.2078	0.0015	0.2032	0.2029	0.0003	0.0060	0.0048	0.0012	0.0023	0.0014	0.0009	0.0013	0.0012	0.0001	0.0010	0.0002	0.0008	0.7167	0.6448	0.0718	0.2211	0.2112	0.0099	0.4956	0.4336	0.0619	0.1876	0.1136	0.0740	0.0541	0.0498	0.0042	0.1335	0.0638	0.0698	23.8995	25.7106	1.7431	38.0311	38.7485	1.6890	1.6466	3.7846	1.6801	0.0122	0.0125	0.0117	0.0242	0.0248	0.0167	0.0074	0.0029	0.0114
78	91	0.2947	7	1	0	1	0	0	0	0	0	N	N	N	N	N	N	N	N	N	N	N	N	2.1969	672.1342	0.0000	737.9397	732.2751	0.0142	inf	0.0000	0.0094	0.0105	0.0000	0.0303	0.0321	0.0000	0.0001	0.0002	0.0000	0.0043	0.0000	0.0047	0.0000	0.0000	0.0000	0.0092	0.0000	0.0039	0.0000	211.3284	-0.0006	0.0000	16.9094	3.0317	5.8161	0.1644	0.0021	0.0021	0.0000	0.0021	0.0021	0.0000	0.0000	0.0000	0.0000	0.0001	0.0000	0.0001	0.0000	0.0000	0.0000	0.0001	0.0000	0.0001	0.2210	0.1970	0.0241	0.0679	0.0640	0.0039	0.1531	0.1329	0.0202	0.0489	0.0269	0.0219	0.0095	0.0089	0.0006	0.0394	0.0181	0.0213	5.5563	729.8525	0.0000	737.9397	732.2751	0.0000	0.0626	inf	0.0000	0.0017	0.0000	0.0038	0.0000	0.0000	0.0000	0.0021	0.0000	0.0039	
78	92	0.2889	6	1	0	1	0	0	0	0	0	N	N	N	N	N	N	N	N	N	N	N	N	1.0471	0.6942	0.1142	0.9904	0.9421	0.2867	0.5602	5.8028	0.1093	0.0066	0.0073	0.0002	0.0124	0.0131	0.0002	0.0016	0.0018	0.0002	0.0063	0.0105	0.0014	0.0125	0.0139	0.0006	0.0029	0.0003	0.0014	0.0023	0.3707	-0.0005	-0.0000	16.9094	2.6632	5.8161	1.0147	0.0018	0.0018	0.0000	0.0016	0.0016	0.0000	0.0002	0.0002	0.0000	0.0001	0.0001	0.0000	0.0001	0.0001	0.0000	0.0000	0.0000	0.0000	0.2730	0.2477	0.0253	0.1264	0.1195	0.0068	0.1466	0.1281	0.0184	0.0586	0.0329	0.0257	0.0119	0.0112	0.0007	0.0467	0.0217	0.0250	2.8618	2.4222	0.1142	1.4844	1.4851	0.2867	2.0977	1451.9054	0.1093	0.0023	0.0030	0.0014	0.0084	0.0088	0.0006	0.0008	0.0000	0.0014
78	93	0.2057	5	1	0	1	0	0	0	0	0	N	N	N	N	N	N	N	N	N	N	N	N	0.1469	0.2695	0.0225	0.4112	0.4288	0.9744	0.0405	21.5758	0.0254	0.2310	0.2422	0.1417	0.5842	0.6284	0.0463	0.0768	0.0637	0.1666	1.5723	0.8988	6.2907	1.4208	1.4654	0.0475	1.8937	0.0030	6.5509	0.0734	22.5075	-0.1406	0.3387	16.9094	35.0787	5.8161	12.2568	0.6425	0.5986	0.0439	0.4939	0.4909	0.0030	0.1486	0.1076	0.0410	1.0292	0.0438	0.9854	0.0441	0.0438	0.0003	0.9851	0.0000	0.9851	2.7814	2.4714	0.3100	0.8454	0.7813	0.0641	1.9360	1.6901	0.2459	0.6951	0.3805	0.3147	0.1325	0.1235	0.0090	0.5626	0.2570	0.3057	0.1560	2.1048	0.0452	1.7558	1.7737	1.2330	0.0438	733.0139	0.0517	1.4805	0.1151	3.1314	0.3327	0.3543	0.0375	1.7509	0.0001	3.2227
78	94	0.1922	4	1	0	0	0	0	0	0	0	N	N	N	N	N	N	N	N	N	N	N	N	0.9770	0.8205	0.1390	0.7919	0.8416	0.0649	0.1567	0.1192	0.0733	1.1825	1.2866	0.3993	2.8981	3.0476	1.0563	0.1744	0.1709	0.1954	1.2103	1.5679	2.8723	3.6598	3.6214	16.2773	1.1129	1.4342	2.6652	0.0412	0.4130	-0.2766	-0.0466	16.9094	8.4810	5.8161	2.3446	1.1174	1.0731	0.0443	1.0136	0.9858	0.0277	0.1038	0.0873	0.0165	0.1386	0.0981	0.0405	0.0958	0.0911	0.0047	0.0428	0.0070	0.0358	0.9449	0.8341	0.1108	0.3497	0.3235	0.0263	0.5952	0.5106	0.0846	0.1786	0.0981	0.0805	0.0340	0.0319	0.0021	0.1446	0.0662	0.0784	1.5238	1.2865	0.7937	1.0274	1.0670	0.4645	0.5896	1.6246	0.4280	0.7760	1.0001	0.5032	2.8209	2.8563	2.2741	0.2958	0.1052	0.4565
78	95	0.1295	2	0	1	0	1	0	0	0	0	N	N	N	N	N	N	N	N	N	N	N	N	0.8932	0.7393	0.1586	0.2431	0.2519	0.0000	86.4482	86.5437	0.2896	0.6405	0.7208	0.0009	0.4004	0.4184	0.0000	0.6934	0.7939	0.0010	0.7171	0.9750	0.0058	1.6468	1.6614	0.0330	0.0080	0.0092	0.0034	0.0002	0.0209	-0.3249	-0.0398	16.9094	24.0032	5.8161	22.6134	1.1323	1.1321	0.0002	0.1279	0.1279	0.0000	1.0044	1.0043	0.0002	0.0655	0.0641	0.0013	0.0643	0.0640	0.0003	0.0012	0.0001	0.0011	1.7679	1.5706	0.1974	0.3193	0.3056	0.0138	1.4486	1.2650	0.1836	0.7681	0.4465	0.3215	0.1548	0.1449	0.0099	0.6132	0.3016	0.3116	7.5131	5.0186	0.2189	0.9639	0.9468	0.0000	365.3154	2204.7860	0.2896	0.0852	0.1436	0.0042	0.4154	0.4419	0.0286	0.0019	0.0004	0.0034
78	96	0.3661	4	0	1	0	0	0	0	0	0	N	N	N	N	N	N	N	N	N	N	N	N	0.3823	0.0011	78.7843	0.0089	0.0024	60.4900	5.8425	0.0110	92.9906	0.2747	0.0010	1.8744	0.0100	0.0029	0.1830	0.3639	0.0003	1.9982	0.7186	0.9452	0.0238	1.1294	1.1841	0.0030	0.0623	0.0245	0.0215	317.7620	0.0572	0.3152	-0.0296	16.9094	18.5150	5.8161	10.2301	0.4441	0.0014	0.4427	0.0041	0.0011	0.0029	0.4400	0.0003	0.4398	0.0516	0.0488	0.0028	0.0487	0.0486	0.0000	0.0029	0.0001	0.0027	1.6166	1.3805	0.2362	0.4075	0.3914	0.0161	1.2092	0.9891	0.2201	0.6019	0.3742	0.2276	0.2086	0.1925	0.0161	0.3932	0.1817	0.2115	3.2057	0.0077	152.7949	0.0428	0.0114	60.4900	49.5234	0.3361	154.0413	0.0857	0.1304	0.0123	0.2334	0.2527	0.0030	0.0073	0.0008	0.0130
78	97	0.1586	3	0	1	0	0	0	0	0	0	N	N	N	N	N	N	N	N	N	N	N	N	0.9049	0.0515	4052.7114	0.1413	0.1459	0.3709	3.0411	0.0071	4242.7564	0.6344	0.0497	5.3900	0.2112	0.2203	0.0000	0.7321	0.0065	5.8021	0.7011	0.9648	0.0013	1.4946	1.5100	0.0001	0.2407	0.9233	0.0014	13.3369	0.0073	1.3329	-0.0558	16.9094	46.1140	5.8161	26.4917	2.0726	0.1446	1.9280	0.1294	0.1294	0.0000	1.9431	0.0151	1.9280	0.0898	0.0892	0.0007	0.0751	0.0751	0.0000	0.0148	0.0141	0.0007	3.2671	2.9094	0.3577	0.6130	0.5875	0.0254	2.6541	2.3219	0.3323	1.1329	0.6408	0.4921	0.2139	0.1990	0.0149	0.9190	0.4417	0.4772	8.0004	0.3570	4052.7114	0.6019	0.5842	0.3709	45.5518	0.2038	4242.7564	0.0793	0.1392	0.0013	0.3509	0.3771	0.0001	0.0161	0.0320	0.0014
78	98	0.4191	6	0	1	0	0	0	0	0	0	N	N	N	N	N	N	N	N	N	N	N	N	1.0157	0.0009	19.2428	0.0128	0.0023	14.5329	1.8043	0.0079	25.6308	0.6940	0.0007	6.6130	0.0098	0.0018	0.1504	1.0351	0.0000	7.9355	0.6833	0.7355	0.3437	0.7658	0.8113	0.0103	0.5737	0.0053	0.3096	1144.9431	0.6009	0.6599	-0.0063	16.9094	20.7840	5.8161	8.9470	0.9269	0.0008	0.9261	0.0044	0.0008	0.0036	0.9225	0.0000	0.9225	0.0249	0.0156	0.0093	0.0157	0.0155	0.0001	0.0092	0.0000	0.0092	1.3355	1.1954	0.1400	0.4442	0.4204	0.0238	0.8913	0.7750	0.1162	0.3424	0.2067	0.1357	0.1103	0.0972	0.0130	0.2321	0.1095	0.1226	9.5453	0.0090	96.0106	0.0690	0.0116	14.5329	26.0251	0.2078	105.6642	0.0727	0.0752	0.0689	0.1420	0.1597	0.0103	0.0398	0.0002	0.0751
78	99	0.4141	5	0	0	0	0	0	0	0	0	N	N	N	N	N	N	N	N	N	N	N	N	54.2624	27.9778	457.9702	93.1673	97.1250	12.7083	46.7488	1.1470	726.2631	0.6352	0.2877	3.1107	0.4867	0.4993	0.0864	0.7870	0.0195	3.5435	0.0117	0.0103	0.0068	0.0052	0.0051	0.0068	0.0168	0.0170	0.0049	1.5178	1.1045	0.1243	-0.0000	16.9094	2.7834	5.8161	1.0450	0.3936	0.1563	0.2373	0.1525	0.1517	0.0008	0.2411	0.0047	0.2365	0.0004	0.0002	0.0002	0.0002	0.0002	0.0000	0.0002	0.0000	0.0002	0.6197	0.5434	0.0763	0.3133	0.3037	0.0096	0.3064	0.2397	0.0667	0.1024	0.0600	0.0424	0.0396	0.0379	0.0017	0.0628	0.0220	0.0408	172.6216	96.3750	667.2729	108.9819	114.4140	12.7083	247.1940	31.9927	774.5864	0.0037	0.0030	0.0047	0.0045	0.0044	0.0068	0.0032	0.0006	0.0046
78	100	0.4041	4	0	0	0	0	0	0	0	0	N	N	N	N	N	N	N	N	N	N	N	N	2.2501	2.5517	6.8449	30.0048	27.9963	3.2271	0.5276	0.0733	7.7824	0.9286	0.9316	0.9111	1.6948	1.8637	0.0207	0.2718	0.0355	1.2793	0.4127	0.3651	0.1331	0.0565	0.0666	0.0064	0.5152	0.4847	0.1644	0.1653	1.0944	-0.1811	-0.0017	16.9094	7.6044	5.8161	2.7972	1.2468	1.0700	0.1769	1.0503	1.0491	0.0012	0.1965	0.0208	0.1757	0.0156	0.0075	0.0082	0.0070	0.0067	0.0003	0.0087	0.0008	0.0079	1.3427	1.1486	0.1941	0.6197	0.5629	0.0568	0.7229	0.5856	0.1373	0.5394	0.3452	0.1943	0.2800	0.2349	0.0451	0.2594	0.1102	0.1492	32.0662	43.1091	21.6852	68.1438	65.5923	3.2271	8.1448	5.0007	24.2395	0.0290	0.0216	0.0420	0.0249	0.0284	0.0064	0.0334	0.0071	0.0528
78	101	0.3545	3	0	0	0	0	0	0	0	0	N	N	N	N	N	N	N	N	N	N	N	N	0.7532	0.5835	0.4781	0.8873	0.9103	0.1752	0.5587	0.2702	0.5259	0.7429	0.6694	1.1360	1.0659	1.1032	0.0968	0.6285	0.4843	1.2040	0.9864	1.1472	2.3763	1.2013	1.2118	0.5525	1.1250	1.7921	2.2895	0.3175	0.8967	-0.0585	-0.0324	16.9094	18.4780	5.8161	12.4520	1.2680	0.9624	0.3056	0.4759	0.4743	0.0016	0.7921	0.4881	0.3040	0.2083	0.1098	0.0985	0.0670	0.0623	0.0047	0.1412	0.0475	0.0938	1.7068	1.4378	0.2690	0.4465	0.4300	0.0165	1.2603	1.0078	0.2525	0.7140	0.4336	0.2804	0.2618	0.2385	0.0232	0.4523	0.1951	0.2572	2.5472	2.6434	3.2356	4.1626	4.2209	0.4799	2.0127	1.9907	3.3024	0.2917	0.2532	0.3511	0.2561	0.2614	0.2018	0.3123	0.2433	0.3646
78	102	0.2435	5	0	1	0	0	0	0	0	0	N	N	N	N	N	N	N	N	N	N	N	N	0.7889	0.5849	1.3077	0.9958	1.0991	0.0623	6.8573	0.5159	3.8053	0.2585	0.2907	0.0071	0.3010	0.3356	0.0020	0.2304	0.2604	0.0100	0.3277	0.4969	0.0054	0.3023	0.3053	0.0325	0.0336	0.5046	0.0026	0.0031	0.0780	-0.2742	-0.0117	16.9094	34.1922	5.8161	22.4626	0.9655	0.9625	0.0030	0.4478	0.4475	0.0003	0.5177	0.5150	0.0027	0.0210	0.0195	0.0015	0.0175	0.0169	0.0006	0.0035	0.0026	0.0009	3.7349	3.3116	0.4233	1.4876	1.3334	0.1542	2.2472	1.9782	0.2691	0.9665	0.5927	0.3738	0.2721	0.2512	0.0210	0.6944	0.3415	0.3528	11.8786	8.8294	1.7470	4.6720	4.9756	0.0716	45.6982	34.5992	3.8053	0.0218	0.0329	0.0041	0.0644	0.0674	0.0283	0.0050	0.0075	0.0026
78	103	0.1956	4	0	1	0	0	0	0	0	0	N	N	N	N	N	N	N	N	N	N	N	N	0.4633	0.4078	1.3166	0.5446	0.5872	0.1234	0.6443	0.2870	1.9809	0.2735	0.2979	0.0712	0.4522	0.4752	0.0210	0.1987	0.2167	0.0793	0.5903	0.7305	0.0540	0.8303	0.8094	0.1698	0.3083	0.7553	0.0400	0.0288	0.2320	-0.1424	-0.0134	16.9094	22.5884	5.8161	11.0115	0.5495	0.5341	0.0154	0.2681	0.2675	0.0006	0.2814	0.2667	0.0148	0.0305	0.0248	0.0057	0.0219	0.0210	0.0009	0.0086	0.0038	0.0049	2.0096	1.7931	0.2165	0.5929	0.5628	0.0301	1.4167	1.2302	0.1864	0.5804	0.3396	0.2408	0.1415	0.1317	0.0097	0.4390	0.2079	0.2311	5.2000	4.0828	2.9819	2.9234	2.9802	0.2326	10.0936	11.9518	3.7612	0.0526	0.0730	0.0239	0.1547	0.1595	0.0901	0.0197	0.0181	0.0211
78	104	0.1656	3	0	0	0	0	0	0	0	0	N	N	N	N	N	N	N	N	N	N	N	N	3.5396	1.4626	1414.7014	0.2504	0.2528	0.1818	4.8482	1.1960	2825.0628	1.9455	1.0796	9.3058	0.0927	0.0966	0.0036	2.6641	1.4987	10.5014	0.5496	0.7381	0.0066	0.3701	0.3823	0.0200	0.5495	1.2531	0.0037	1.0141	0.0410	0.4403	-0.0106	16.9094	11.8100	5.8161	8.7888	2.0349	1.0104	1.0246	0.0271	0.0270	0.0000	2.0079	0.9833	1.0245	0.0180	0.0173	0.0007	0.0073	0.0071	0.0001	0.0108	0.0102	0.0006	1.0460	0.9359	0.1101	0.2923	0.2798	0.0125	0.7537	0.6561	0.0976	0.3856	0.2271	0.1584	0.0962	0.0888	0.0074	0.2894	0.1384	0.1510	41.6693	14.1802	2077.5777	1.2291	1.2079	0.1818	71.7061	20.3507	2825.0628	0.0467	0.0761	0.0045	0.0754	0.0800	0.0200	0.0372	0.0736	0.0037
78	105	0.1295	2	0	0	0	0	0	0	0	0	N	N	N	N	N	N	N	N	N	N	N	N	0.0121	0.0010	0.1194	0.0023	0.0023	0.1764	0.0151	0.0005	0.1522	0.0096	0.0009	0.0784	0.0029	0.0030	0.0006	0.0111	0.0004	0.0843	0.7960	0.9295	0.6564	1.3048	1.3203	0.0036	0.7390	0.9149	0.5538	10.4765	0.5601	0.0067	-0.0123	16.9094	14.7392	5.8161	7.3617	0.0107	0.0009	0.0098	0.0006	0.0006	0.0000	0.0101	0.0003	0.0098	0.0458	0.0294	0.0165	0.0245	0.0245	0.0000	0.0213	0.0049	0.0164	1.1128	0.9878	0.1250	0.2026	0.1938	0.0088	0.9102	0.7940	0.1162	0.4029	0.2388	0.1640	0.0872	0.0822	0.0050	0.3157	0.1566	0.1590	0.0848	0.0077	0.7815	0.0105	0.0102	0.1764	0.1650	0.0140	0.8154	0.1138	0.1230	0.1003	0.2813	0.2981	0.0036	0.0675	0.0311	0.1033
78	106	0.2022	5	0	1	0	0	0	0	0	0	N	N	N	N	N	N	N	N	N	N	N	N	0.0935	0.0725	14.0096	0.1147	0.1161	27.1861	3.3836	0.8701	9.0705	0.0532	0.0574	0.0189	0.1518	0.1568	0.0611	0.0124	0.0124	0.0120	0.5691	0.7923	0.0013	1.3234	1.3513	0.0022	0.0037	0.0143	0.0013	0.0404	0.0127	-0.0209	-0.0121	16.9094	20.0414	5.8161	7.0324	0.0842	0.0809	0.0033	0.0703	0.0688	0.0015	0.0138	0.0121	0.0018	0.0197	0.0195	0.0002	0.0194	0.0194	0.0000	0.0003	0.0001	0.0002	1.5823	1.4090	0.1734	0.4630	0.4388	0.0242	1.1193	0.9701	0.1491	0.4013	0.2180	0.1832	0.0676	0.0630	0.0046	0.3337	0.1550	0.1787	1.0830	0.6432	14.0096	0.5293	0.5102	27.1861	12.9853	23.6866	9.0705	0.0491	0.0893	0.0013	0.2868	0.3074	0.0022	0.0010	0.0005	0.0013
78	107	0.1922	4	0	0	0	0	0	0	0	0	N	N	N	N	N	N	N	N	N	N	N	N	1.3416	0.0755	3.4368	0.3619	0.1260	0.2280	1.6069	0.0208	3.9844	1.4474	0.0570	11.8506	0.5762	0.1113	6.1467	2.0034	0.0196	13.7983	1.0789	0.7555	3.4482	1.5925	0.8833	26.9652	1.2468	0.9444	3.4631	27.7877	9.3127	0.8299	0.0176	16.9094	7.0315	5.8161	1.2144	1.2238	0.0425	1.1812	0.1898	0.0338	0.1560	1.0340	0.0087	1.0253	0.0641	0.0062	0.0579	0.0105	0.0045	0.0061	0.0536	0.0018	0.0518	0.8455	0.7458	0.0997	0.3294	0.3040	0.0254	0.5161	0.4418	0.0743	0.1391	0.0768	0.0623	0.0273	0.0257	0.0016	0.1118	0.0511	0.0607	3.1413	0.7042	12.7585	1.4929	0.6406	1.6644	4.1821	0.5721	16.1615	0.4608	0.0809	0.9288	0.3860	0.1737	3.6931	0.4791	0.0343	0.8538
78	108	0.1586	3	0	0	0	0	0	0	0	0	N	N	N	N	N	N	N	N	N	N	N	N	1.5117	0.4685	3.4701	0.8572	8.3325	0.2851	1.4347	0.2246	3.2983	7.4240	0.3834	63.9681	0.5880	0.5288	2.0606	9.1801	0.3422	68.7239	4.9110	0.8184	18.4343	0.6860	0.0635	7.2285	6.3987	1.5231	20.8364	20.7747	89.6577	6.4195	0.7280	16.9094	16.2725	5.8161	4.4748	9.6253	0.4420	9.1832	0.1558	0.1347	0.0211	9.4694	0.3073	9.1621	2.0188	0.0223	1.9965	0.0123	0.0024	0.0099	2.0065	0.0199	1.9866	1.2965	1.1529	0.1436	0.2650	0.2547	0.0102	1.0315	0.8982	0.1333	0.4111	0.2364	0.1746	0.0975	0.0884	0.0091	0.3136	0.1481	0.1655	1.5117	4.0709	5.5952	4.6727	19.4195	1.9061	1.4347	2.5508	5.7255	4.9110	0.0942	11.4326	0.1258	0.0272	1.0810	6.3987	0.1341	12.0032
78	109	0.2114	4	0	1	0	0	0	0	0	0	N	N	N	N	N	N	N	N	N	N	N	N	0.4483	0.0292	208.5183	0.0041	0.0040	0.9938	2.1827	0.0490	316.4180	0.3604	0.0313	3.1493	0.0074	0.0070	0.0159	0.4710	0.0396	3.5071	0.8038	1.0708	0.0151	1.7910	1.7478	0.0160	0.2158	0.8076	0.0111	11.8696	0.0303	0.6866	-0.0600	16.9094	40.5309	5.8161	14.7974	1.0810	0.0840	0.9970	0.0053	0.0048	0.0005	1.0757	0.0792	0.9965	0.1001	0.0972	0.0029	0.0904	0.0901	0.0002	0.0098	0.0070	0.0027	2.9998	2.6832	0.3166	0.7160	0.6835	0.0324	2.2839	1.9997	0.2841	0.8446	0.4868	0.3577	0.1856	0.1723	0.0133	0.6589	0.3146	0.3444	3.0401	0.1569	382.0357	0.0153	0.0134	0.9938	31.8241	1.7754	441.5967	0.1185	0.1996	0.0082	0.4868	0.5233	0.0160	0.0148	0.0223	0.0079
78	110	0.1855	3	0	1	0	0	0	0	0	0	N	N	N	N	N	N	N	N	N	N	N	N	0.0454	0.0221	1.2765	0.0393	0.0398	0.1431	0.1804	0.0295	2.4882	0.0093	0.0053	0.0437	0.0050	0.0035	0.0376	0.0109	0.0060	0.0445	0.2044	0.2396	0.0343	0.1266	0.0869	0.2629	0.0602	0.2047	0.0179	0.9563	0.7855	0.0022	-0.0009	16.9094	13.5236	5.8161	3.5331	0.0107	0.0055	0.0052	0.0015	0.0010	0.0005	0.0092	0.0045	0.0047	0.0049	0.0027	0.0022	0.0032	0.0024	0.0008	0.0017	0.0003	0.0014	1.1519	1.0323	0.1196	0.3083	0.2946	0.0137	0.8436	0.7377	0.1059	0.3106	0.1825	0.1282	0.0788	0.0725	0.0063	0.2319	0.1100	0.1219	0.5886	0.3521	2.5984	0.1213	0.1026	0.2997	1.5063	2.1871	3.9630	0.0158	0.0150	0.0168	0.0410	0.0337	0.1256	0.0072	0.0028	0.0112
78	111	0.1295	2	0	0	0	0	0	0	0	0	N	N	N	N	N	N	N	N	N	N	N	N	0.0022	0.0047	0.0001	0.0120	0.0130	0.0004	0.0006	0.0048	0.0001	0.0031	0.0034	0.0004	0.0123	0.0128	0.0002	0.0010	0.0011	0.0004	1.4255	0.7229	5.8749	1.0216	0.9867	0.4562	1.7286	0.2340	6.1613	0.0130	29.0296	-0.0011	0.2362	16.9094	16.9399	5.8161	15.9768	0.0039	0.0038	0.0001	0.0028	0.0028	0.0000	0.0011	0.0010	0.0000	0.6981	0.0232	0.6748	0.0238	0.0226	0.0013	0.6742	0.0007	0.6735	1.2713	1.1288	0.1426	0.2310	0.2210	0.0100	1.0404	0.9078	0.1326	0.5690	0.3332	0.2358	0.1181	0.1109	0.0072	0.4509	0.2224	0.2286	0.0025	0.0488	0.0001	0.0609	0.0630	0.0011	0.0007	0.3573	0.0001	1.2268	0.0698	2.8618	0.2018	0.2034	0.1759	1.4952	0.0031	2.9467
78	112	0.2339	6	1	1	0	1	0	0	0	0	N	N	N	N	N	N	N	N	N	N	N	N	0.0001	0.0001	0.0000	0.0067	0.0061	0.0000	0.0000	0.0000	0.0000	0.0026	0.0030	0.0000	0.0052	0.0053	0.0000	0.0008	0.0010	0.0000	18.2500	30.1702	0.0000	0.7736	0.8660	0.0000	25.1519	49.6968	0.0000	0.0001	0.0000	-0.0000	-0.4143	16.9094	0.0019	5.8161	1.9928	0.0000	0.0000	0.0000	0.0000	0.0000	0.0000	0.0000	0.0000	0.0000	0.6593	0.6593	0.0000	0.0015	0.0015	0.0000	0.6578	0.6578	0.0000	0.0004	0.0003	0.0000	0.0002	0.0002	0.0000	0.0002	0.0002	0.0000	0.0361	0.0219	0.0143	0.0100	0.0086	0.0014	0.0262	0.0132	0.0129	0.0001	0.0001	0.0000	0.0355	0.0314	0.0000	0.0000	0.0000	0.0000	18.2500	30.1702	0.0000	0.1456	0.1685	0.0000	25.1519	49.6968	0.0000
78	113	0.2103	5	1	1	0	1	0	0	0	0	N	N	N	N	N	N	N	N	N	N	N	N	0.0066	0.0053	0.0275	0.0002	0.0002	0.0017	0.0362	0.0123	0.0383	0.0069	0.0077	0.0004	0.0005	0.0005	0.0000	0.0091	0.0104	0.0005	1.0476	1.4396	0.0149	2.8594	2.9312	0.0005	0.2525	0.8491	0.0119	0.0064	0.0092	-0.0014	-0.0621	16.9094	8.6942	5.8161	6.0502	0.0050	0.0049	0.0000	0.0001	0.0001	0.0000	0.0049	0.0048	0.0000	0.1002	0.0993	0.0009	0.0969	0.0969	0.0000	0.0034	0.0025	0.0009	0.7205	0.6442	0.0763	0.1865	0.1788	0.0077	0.5340	0.4654	0.0686	0.2573	0.1458	0.1115	0.0546	0.0508	0.0038	0.2026	0.0949	0.1077	0.0177	0.0112	0.0500	0.0003	0.0003	0.0017	0.5497	0.4030	0.0538	0.3895	0.6812	0.0082	1.7729	1.9050	0.0005	0.0166	0.0258	0.0085
78	114	0.2314	9	0	1	0	1	0	0	0	0	N	N	N	N	N	N	N	N	N	N	N	N	0.0000	0.0000	0.0000	0.0000	0.0000	0.0000	0.0000	0.0000	0.0000	0.0000	0.0000	0.0000	0.0000	0.0000	0.0000	0.0000	0.7214	1.0208	0.0027	0.9690	0.9604	0.0000	0.0112	0.0000	0.0027	0.0152	0.0000	-0.0000	16.9094	0.0001	5.8161	0.0001	0.0000	0.0000	0.0000	0.0000	0.0000	0.0000	0.0000	0.0000	0.0000	0.0000	0.0000	0.0000	0.0000	0.0000	0.0000	0.0000	0.0000	0.0000	0.0000	0.0000	0.0000	0.0000	0.0000	0.0000	0.0000	0.0000	0.0000	0.0000	0.0000	0.0000	0.0000	0.0000	0.0000	0.0000	0.0000	0.0000	0.0000	0.0000	0.0000	0.0000	0.0000	0.0000	0.0000	0.0000	0.0000	0.0871	0.1673	0.0027	0.1912	0.1925	0.0000	0.0024	0.0000	0.0027			
78	115	0.2247	8	0	1	0	1	0	0	0	0	N	N	N	N	N	N	N	N	N	N	N	N	0.0000	0.0000	0.0000	0.0000	0.0000	0.0000	0.0000	0.0000	0.0000	0.0000	0.0000	0.0000	0.0000	0.0000	0.0000	0.0000	0.9558	1.3362	0.0162	2.5930	2.6597	0.0000	0.0302	0.0000	0.0130	0.0000	0.0152	-0.0000	-0.0101	16.9094	3.0007	5.8161	1.0012	0.0000	0.0000	0.0000	0.0000	0.0000	0.0000	0.0000	0.0000	0.0000	0.0164	0.0162	0.0002	0.0162	0.0162	0.0000	0.0002	0.0000	0.0002	0.2382	0.2121	0.0260	0.0578	0.0552	0.0026	0.1804	0.1570	0.0234	0.0661	0.0374	0.0287	0.0133	0.0122	0.0011	0.0528	0.0252	0.0276	0.0000	0.0000	0.0000	0.0000	0.0000	0.0000	0.0000	0.0000	0.0000	0.2483	0.4322	0.0086	1.2194	1.3282	0.0000	0.0047	0.0000	0.0089		
78	116	0.2228	7	0	0	0	1	0	0	0	0	N	N	N	N	N	N	N	N	N	N	N	N	5.5788	0.3710	313.8567	0.7860	0.7553	inf	33.4257	inf	341.9137	0.0028	0.0004	0.0228	0.0013	0.0014	0.0000	0.0034	0.0000	0.0258	0.0005	0.0011	0.0001	0.0017	0.0019	0.0000	0.0001	0.0000	0.0001	6.6649	0.0929	0.0002	-0.0000	16.9094	1.1177	5.8161	0.0023	0.0003	0.0000	0.0002	0.0000	0.0000	0.0000	0.0002	0.0000	0.0002	0.0000	0.0000	0.0000	0.0000	0.0000	0.0000	0.0000	0.0000	0.0000	0.0932	0.0832	0.0100	0.0255	0.0243	0.0012	0.0677	0.0589	0.0088	0.0186	0.0105	0.0081	0.0037	0.0034	0.0003	0.0149	0.0071	0.0078	7.5443	0.6808	313.8567	0.7860	0.7553	inf	84.9941	inf	341.9137	0.0004	0.0006	0.0001	0.0017	0.0019	0.0000	0.0000	0.0000	0.0001
78	118	0.2228	7	0	0	1	1	0	0	0	0	N	N	N	N	N	N	N	N	N	N	N	N	195.1126	1271.6112	669.7399	1255.4623	1205.9153	inf	185.8294	inf	720.2440	0.0009	0.0002	0.0067	0.0004	0.0004	0.0000	0.0010	0.0000	0.0075	0.0000	0.0000	0.0000	0.0000	0.0000	0.0000	0.0000	0.0000	0.0000	5.4430	65.1680	0.0001	0.0000	16.9094	3.8827	5.8161	2.9998	0.0003	0.0000	0.0002	0.0000	0.0000	0.0000	0.0002	0.0000	0.0002	0.0000	0.0000	0.0000	0.0000	0.0000	0.0000	0.0000	0.0000	0.0000	0.3113	0.2776	0.0338	0.0782	0.0747	0.0036	0.2331	0.2029	0.0302	0.1127	0.0638	0.0489	0.0225	0.0207	0.0019	0.0902	0.0431	0.0471	195.1126	1271.6112	669.7399	1255.4623	1205.9153	inf	185.8294	inf	720.2440	0.0000	0.0000	0.0000	0.0000	0.0000	0.0000	0.0000	0.0000	0.0000
78	119	0.2199	6	0	0	0	1	0	0	0	0	N	N	N	N	N	N	N	N	N	N	N	N	53425.3404	31894.5591	226878.6509	35852.2106	35239.3808	1019.8224	23548.8702	inf	255805.0083	5.2125	1.7060	36.2265	5.0980	5.3489	0.0342	5.2616	0.0026	42.0996	0.0001	0.0001	0.0002	0.0001	0.0002	0.0000	0.0002	0.0000	0.0002	2.4007	2.4797	0.5839	0.0000	16.9094	2.8083	5.8161	0.0030	1.3942	0.4100	0.9842	0.4097	0.4095	0.0001	0.9845	0.0004	0.9841	0.0000	0.0000	0.0000	0.0000	0.0000	0.0000	0.0000	0.0000	0.0000	0.2675	0.2403	0.0272	0.0804	0.0766	0.0038	0.1871	0.1637	0.0234	0.0469	0.0265	0.0204	0.0094	0.0087	0.0008	0.0375	0.0178	0.0197	53425.3404	34352.1557	226878.6509	35852.2106	35239.3808	1019.8224	60942.3222	inf	255805.0083	0.0001	0.0000	0.0002	0.0001	0.0002	0.0000	0.0001	0.0000	0.0002
78	120	0.2199	6	0	0	1	1	0	0	0	0	N	N	N	N	N	N	N	N	N	N	N	N	199.9549	510.4972	115.7827	364.3554	280.1334	5378.4027	65.8375	inf	0.0044	0.0053	0.0053	0.0055	0.0109	0.0089	0.0533	0.0035	0.0040	0.0000	0.0000	0.0000	0.0000	0.0000	0.0000	0.0000	0.0001	0.0000	0.0000	0.1249	3.5419	-0.0007	0.0000	16.9094	9.6158	5.8161	0.0030	0.0041	0.0037	0.0005	0.0021	0.0016	0.0005	0.0021	0.0021	0.0000	0.0000	0.0000	0.0000	0.0000	0.0000	0.0000	0.0000	0.0000	0.0000	0.7833	0.6994	0.0839	0.1898	0.1812	0.0086	0.5935	0.5183	0.0752	0.1574	0.0889	0.0685	0.0315	0.0289	0.0026	0.1260	0.0600	0.0660	199.9549	510.4972	115.7827	364.3554	280.1334	5378.4027	136.4989	inf	0.0044	0.0000	0.0000	0.0000	0.0000	0.0000	0.0000	0.0000	0.0000	0.0000
78	121	0.2103	5	0	0	0	1	0	0	0	0	N	N	N	N	N	N	N	N	N	N	N	N	0.0728	0.0735	1.1799	0.2016	0.2080	0.0063	0.0596	0.0359	1.4435	0.0055	0.0015	0.0411	0.0041	0.0042	0.0001	0.0061	0.0001	0.0469	0.0751	0.0198	0.0349	0.0201	0.0203	0.0147	0.1025	0.0019	0.0325	3.1757	2.7689	0.0010	0.0001	16.9094	4.2457	5.8161	2.0144	0.0021	0.0005	0.0016	0.0005	0.0005	0.0000	0.0016	0.0000	0.0016	0.0012	0.0003	0.0009	0.0003	0.0003	0.0000	0.0009	0.0000	0.0009	0.3848	0.3459	0.0389	0.1203	0.1156	0.0048	0.2644	0.2303	0.0341	0.1217	0.0694	0.0523	0.0289	0.0272	0.0017	0.0928	0.0422	0.0507	0.5497	0.3146	2.4224	0.3410	0.3599	0.0063	0.6543	1.7533	2.7474	0.0099	0.0046	0.0170	0.0119	0.0117	0.0147	0.0093	0.0000	0.0171
78	122	0.1681	4	0	0	0	1	0	0	0	0	N	N	N	N	N	N	N	N	N	N	N	N	0.0700	0.0009	27.2927	0.0017	0.0017	0.0452	1.3344	0.0001	38.1988	0.0700	0.0012	0.6358	0.0047	0.0048	0.0023	0.0900	0.0000	0.6917	1.0006	1.3719	0.0233	2.8340	2.8889	0.0507	0.0674	0.2571	0.0181	62.7670	0.0169	0.0480	-0.0825	16.9094	11.9190	5.8161	13.1740	0.0688	0.0011	0.0677	0.0011	0.0011	0.0000	0.0677	0.0000	0.0677	0.1348	0.1326	0.0022	0.1322	0.1321	0.0002	0.0026	0.0006	0.0021	0.9830	0.8764	0.1065	0.2302	0.2216	0.0086	0.7528	0.6549	0.0979	0.4241	0.2365	0.1876	0.0767	0.0727	0.0039	0.3475	0.1638	0.1837	0.2202	0.0022	53.2959	0.0027	0.0026	0.0586	11.8547	0.0092	60.9672	0.3179	0.5607	0.0119	1.7247	1.8160	0.0391	0.0076	0.0034	0.0113
78	123	0.4143	6	0	0	1	1	0	0	0	0	N	N	N	N	N	N	N	N	N	N	N	N	0.4279	0.2749	0.0024	1.3701	1.2850	0.5647	0.0000	0.0000	0.0000	0.0007	0.0007	0.0000	0.0024	0.0026	0.0000	0.0000	0.0000	0.0000	0.0015	0.0027	0.0003	0.0018	0.0020	0.0000	0.0009	0.0063	0.0004	0.0001	0.1909	-0.0002	-0.0001	16.9094	12.8936	5.8161	4.1514	0.0007	0.0007	0.0000	0.0007	0.0007	0.0000	0.0000	0.0000	0.0000	0.0002	0.0002	0.0000	0.0002	0.0002	0.0000	0.0001	0.0000	0.0000	1.0369	0.9285	0.1084	0.2780	0.2658	0.0123	0.7589	0.6627	0.0961	0.2672	0.1614	0.1057	0.0889	0.0796	0.0092	0.1783	0.0818	0.0965	0.8233	0.6616	0.0024	1.3701	1.2850	0.5647	0.0000	0.0000	0.0000	0.0008	0.0011	0.0003	0.0018	0.0020	0.0000	0.0003	0.0002	0.0004
78	124	0.1835	5	0	1	0	0	0	0	0	0	N	N	N	N	N	N	N	N	N	N	N	N	0.0009	0.0002	0.0576	0.0033	0.0010	2.1687	0.0005	0.0001	0.0113	0.0002	0.0001	0.0016	0.0010	0.0003	0.0184	0.0000	0.0000	0.0003	0.2724	0.3882	0.0281	0.3126	0.3248	0.0085	0.0635	0.0043	0.0232	2.5878	0.4660	0.0001	-0.0022	16.9094	12.7386	5.8161	8.7370	0.0002	0.0001	0.0002	0.0002	0.0001	0.0002	0.0000	0.0000	0.0000	0.0071	0.0048	0.0022	0.0048	0.0048	0.0000	0.0022	0.0000	0.0022	1.0095	0.9001	0.1094	0.2122	0.2040	0.0082	0.7973	0.6961	0.1012	0.3733	0.2086	0.1647	0.0721	0.0686	0.0034	0.3013	0.1400	0.1613	0.0128	0.0033	0.1184	0.0153	0.0048	2.1687	0.0045	0.0023	0.0191	0.0190	0.0231	0.0137	0.0671	0.0700	0.0085	0.0074	0.0002	0.0138
78	125	0.1681	4	0	1	0	0	0	0	0	0	N	N	N	N	N	N	N	N	N	N	N	N	0.0038	0.0041	0.0039	0.0122	0.0129	0.0209	0.0002	0.0018	0.0035	0.0021	0.0023	0.0008	0.0081	0.0082	0.0034	0.0001	0.0000	0.0006	0.5505	0.5507	0.2112	0.6595	0.6398	0.1632	0.4637	0.0111	0.1665	0.0435	1.0338	-0.0004	-0.0010	16.9094	8.6431	5.8161	1.4782	0.0016	0.0015	0.0001	0.0015	0.0015	0.0000	0.0001	0.0000	0.0000	0.0087	0.0043	0.0044	0.0044	0.0042	0.0002	0.0043	0.0000	0.0043	0.7436	0.6639	0.0797	0.1879	0.1810	0.0068	0.5557	0.4828	0.0729	0.1855	0.1033	0.0822	0.0365	0.0347	0.0018	0.1490	0.0686	0.0804	0.0449	0.0546	0.0152	0.0667	0.0672	0.0385	0.0032	0.0471	0.0109	0.0469	0.0414	0.0538	0.1207	0.1224	0.0883	0.0288	0.0004	0.0530
78	126	0.1586	3	0	0	0	0	0	0	0	0	N	N	N	N	N	N	N	N	N	N	N	N	0.1995	0.1637	0.0345	0.3399	0.3528	0.0002	0.0109	0.0012	0.2714	0.1981	0.2185	0.0300	0.7693	0.7922	0.0008	0.0044	0.0000	0.0321	0.9933	1.3351	0.8710	2.2636	2.2452	4.5380	0.4013	0.0420	0.1184	0.0167	0.1854	-0.0217	-0.0255	16.9094	4.1618	5.8161	2.0491	0.0800	0.0787	0.0013	0.0787	0.0787	0.0000	0.0013	0.0000	0.0013	0.0541	0.0456	0.0085	0.0513	0.0455	0.0057	0.0028	0.0001	0.0027	0.4037	0.3600	0.0437	0.1022	0.0993	0.0030	0.3014	0.2607	0.0407	0.1766	0.1063	0.0702	0.0595	0.0521	0.0073	0.1171	0.0542	0.0629	0.6471	0.5095	0.2493	0.8918	0.9066	0.0011	0.1853	0.0437	0.7458	0.3062	0.4289	0.1204	0.8626	0.8738	0.7830	0.0237	0.0011	0.0431
78	127	0.1295	2	0	0	0	0	0	0	0	0	N	N	N	N	N	N	N	N	N	N	N	N	0.5949	0.0013	1.4616	0.0038	0.0054	0.0020	0.6458	0.0109	1.6291	0.6959	0.0008	6.1700	0.0076	0.0036	0.0953	0.8500	0.0001	6.6314	1.1698	0.5837	4.2216	2.0351	0.6721	48.1564	1.3162	0.0078	4.0706	995.0477	23.4391	0.3597	0.0716	16.9094	9.4810	5.8161	7.4917	0.5053	0.0005	0.5048	0.0010	0.0005	0.0006	0.5043	0.0000	0.5043	0.2165	0.0089	0.2077	0.0455	0.0088	0.0367	0.1711	0.0000	0.1710	0.7261	0.6443	0.0818	0.1328	0.1271	0.0058	0.5933	0.5173	0.0760	0.3212	0.1925	0.1287	0.0719	0.0680	0.0039	0.2492	0.1245	0.1248	1.0322	0.0171	3.8226	0.0121	0.0281	0.0101	1.2385	0.2723	4.8383	0.6742	0.0460	1.6141	0.6323	0.1296	9.4163	0.6863	0.0003	1.3706
78	128	0.4266	7	1	1	0	0	0	0	0	0	N	N	N	N	N	N	N	N	N	N	N	N	0.2649	0.1517	0.0804	0.2190	0.2063	0.0000	2.6244	0.0230	0.0873	0.0000	0.0000	0.0000	0.0000	0.0000	0.0000	0.0000	0.0000	0.0000	0.0000	0.0000	0.0000	0.0001	0.0001	0.0000	0.0000	0.0001	0.0000	0.0027	0.0327	-0.0000	-0.0000	16.9094	2.0107	5.8161	1.9995	0.0000	0.0000	0.0000	0.0000	0.0000	0.0000	0.0000	0.0000	0.0000	0.0000	0.0000	0.0000	0.0000	0.0000	0.0000	0.0000	0.0000	0.0000	0.1532	0.1363	0.0169	0.0388	0.0369	0.0019	0.1144	0.0994	0.0150	0.0614	0.0376	0.0238	0.0214	0.0191	0.0023	0.0401	0.0185	0.0216	0.2649	0.1877	0.0804	0.2190	0.2063	0.0000	2.6244	7.0181	0.0873	0.0000	0.0000	0.0000	0.0001	0.0001	0.0000	0.0000	0.0000	0.0000
78	129	0.4143	6	1	1	0	0	0	0	0	0	N	N	N	N	N	N	N	N	N	N	N	N	0.0416	0.0207	0.2104	0.1119	0.1002	0.2989	2.2558	5.2356	0.2182	0.0072	0.0080	0.0002	0.0140	0.0145	0.0000	0.0043	0.0049	0.0002	0.1740	0.3873	0.0009	0.1248	0.1449	0.0000	0.0019	0.0009	0.0010	0.0027	0.0272	-0.0010	-0.0010	16.9094	5.6459	5.8161	1.1399	0.0037	0.0036	0.0000	0.0021	0.0021	0.0000	0.0015	0.0015	0.0000	0.0016	0.0016	0.0000	0.0016	0.0016	0.0000	0.0000	0.0000	0.0000	0.5052	0.4550	0.0502	0.1517	0.1458	0.0059	0.3535	0.3092	0.0443	0.1143	0.0688	0.0455	0.0390	0.0352	0.0038	0.0753	0.0336	0.0417	0.5072	0.3471	0.2104	0.3431	0.3222	0.2989	7.5517	563.6238	0.2182	0.0143	0.0231	0.0009	0.0407	0.0451	0.0000	0.0006	0.0000	0.0010
78	130	0.3840	5	0	0	0	0	0	0	0	0	N	N	N	N	N	N	N	N	N	N	N	N	0.3580	0.4587	0.0015	3.2268	3.1563	0.0518	0.0169	0.4222	0.0018	0.1866	0.2174	0.0004	0.5996	0.6204	0.0003	0.0095	0.0116	0.0004	0.5212	0.4739	0.2804	0.1858	0.1965	0.0050	0.5618	0.0275	0.2451	0.0003	1.3108	-0.0664	-0.0010	16.9094	11.6079	5.8161	5.3766	0.2314	0.2313	0.0001	0.2231	0.2231	0.0000	0.0082	0.0082	0.0001	0.0161	0.0070	0.0092	0.0070	0.0069	0.0001	0.0092	0.0001	0.0091	1.2400	1.0638	0.1761	0.3721	0.3596	0.0125	0.8678	0.7042	0.1637	0.3809	0.2327	0.1482	0.1417	0.1304	0.0113	0.2392	0.1023	0.1368	4.4045	7.2463	0.0069	12.2253	11.7338	0.0518	0.2475	13.4549	0.0066	0.0424	0.0300	0.0618	0.0490	0.0529	0.0050	0.0384	0.0009	0.0665
78	131	0.3661	4	0	0	0	0	0	0	0	0	N	N	N	N	N	N	N	N	N	N	N	N	1.0182	0.8449	2.4497	2.3278	2.4005	1.5404	0.5480	0.0236	3.2460	0.6869	0.6002	0.9965	1.3413	1.3705	0.1722	0.3405	0.0137	1.0296	0.6746	0.7104	0.4068	0.5762	0.5709	0.1118	0.6213	0.5818	0.3172	0.4650	0.6329	0.0115	-0.0064	16.9094	3.9355	5.8161	8.7078	0.3794	0.2590	0.1204	0.2564	0.2556	0.0008	0.1230	0.0034	0.1196	0.0266	0.0163	0.0103	0.0159	0.0153	0.0006	0.0106	0.0010	0.0097	0.5523	0.4315	0.1208	0.1912	0.1865	0.0047	0.3611	0.2450	0.1162	0.3773	0.2425	0.1348	0.1487	0.1396	0.0091	0.2287	0.1029	0.1257	9.7601	8.9500	13.0519	12.5124	12.4999	2.4763	7.3316	1.4726	13.3993	0.0704	0.0671	0.0763	0.1072	0.1096	0.0695	0.0464	0.0093	0.0768
78	132	0.3545	3	0	0	0	0	0	0	0	0	N	N	N	N	N	N	N	N	N	N	N	N	0.9501	0.6826	2.5095	1.3114	1.3108	2.0240	0.5338	0.0329	3.0852	0.8162	0.7360	1.1180	1.7198	1.7605	0.2293	0.3661	0.0249	1.1570	0.8591	1.0782	0.4455	1.3114	1.3430	0.1133	0.6858	0.7566	0.3750	0.4038	0.2421	0.0004	-0.0290	16.9094	6.2657	5.8161	3.9760	0.6744	0.4804	0.1940	0.4725	0.4708	0.0017	0.2019	0.0096	0.1923	0.0669	0.0539	0.0130	0.0533	0.0522	0.0011	0.0137	0.0017	0.0120	0.8263	0.6527	0.1735	0.2747	0.2674	0.0073	0.5515	0.3853	0.1662	0.4273	0.2651	0.1622	0.1881	0.1732	0.0150	0.2392	0.0920	0.1472	5.2105	3.6208	13.8975	6.0742	5.8389	3.2581	6.4023	1.3588	14.2027	0.1567	0.2033	0.0804	0.2831	0.3015	0.0704	0.0572	0.0183	0.0815
78	133	0.2772	2	0	0	0	0	0	0	0	0	N	N	N	N	N	N	N	N	N	N	N	N	0.5472	0.4121	4.0864	0.3628	0.3881	0.3910	1.0189	0.7710	5.8355	0.5553	0.5623	0.5161	0.8149	0.8793	0.0365	0.4610	0.4328	0.5907	1.0148	1.3645	0.1263	2.2461	2.2657	0.0932	0.4524	0.5614	0.1012	0.1637	0.0522	-0.2078	-0.2839	16.9094	26.7012	5.8161	18.2690	1.4185	1.2190	0.1995	0.5548	0.5529	0.0019	0.8637	0.6661	0.1976	0.4905	0.4662	0.0243	0.4650	0.4632	0.0017	0.0256	0.0030	0.0226	2.5543	2.1677	0.3866	0.6808	0.6288	0.0521	1.8734	1.5389	0.3345	1.4555	0.8573	0.5981	0.5500	0.5205	0.0295	0.9055	0.3369	0.5686	1.6478	1.0341	12.6950	0.9639	0.9880	0.6182	16.3364	48.9396	14.8793	0.3370	0.5438	0.0407	0.8454	0.8900	0.0590	0.0282	0.0088	0.0397
79	81	0.1772	6	1	1	1	0	0	0	0	0	N	N	N	N	N	N	N	N	N	N	N	N	112.3758	0.0006	39944.7867	0.0025	0.0012	0.1856	18821.9930	0.0000	138534.6216	0.4087	0.0000	3.3540	0.0001	0.0000	0.0005	0.4826	0.0000	3.6011	0.0036	0.0088	0.0001	0.0221	0.0251	0.0026	0.0000	0.0001	0.0000	94728.5150	0.0265	0.7128	-0.0008	23.9173	27.2690	17.8091	12.3406	0.9999	0.0000	0.9999	0.0000	0.0000	0.0000	0.9998	0.0000	0.9998	0.0013	0.0013	0.0000	0.0013	0.0013	0.0000	0.0000	0.0000	0.0000	2.4462	2.1481	0.2981	0.3744	0.3539	0.0205	2.0719	1.7942	0.2776	0.8918	0.4811	0.4107	0.1043	0.0951	0.0091	0.7875	0.3859	0.4016	272.6137	0.0018	39944.7867	0.0043	0.0022	0.1856	35815.7510	0.0000	138534.6216	0.0015	0.0027	0.0001	0.0127	0.0137	0.0026	0.0000	0.0000	0.0000
79	82	0.1619	5	0	1	0	0	0	0	0	0	N	N	N	N	N	N	N	N	N	N	N	N	107.6870	258.5346	3.1689	2.2122	0.1749	76424.8131	83.1043	43.0766	0.4775	1.0044	1.1270	0.0222	0.0112	0.0011	0.2459	1.2781	1.4691	0.0027	0.0093	0.0044	0.0070	0.0050	0.0060	0.0000	0.0154	0.0341	0.0056	0.0025	2.6422	-0.2854	0.0001	23.9173	9.0798	17.8091	0.9519	1.0024	0.9999	0.0025	0.0024	0.0002	0.0022	1.0000	0.9997	0.0003	0.0007	0.0002	0.0005	0.0001	0.0001	0.0000	0.0006	0.0001	0.0005	0.9980	0.8873	0.1108	0.2157	0.2067	0.0089	0.7824	0.6805	0.1019	0.2352	0.1245	0.1107	0.0231	0.0206	0.0025	0.2120	0.1038	0.1082	322.0925	696.7099	4.6211	2.5800	0.2176	76424.8131	428.0048	1507.2216	0.5399	0.0031	0.0016	0.0048	0.0043	0.0049	0.0000	0.0030	0.0010	0.0049
79	83	0.0891	2	0	2	0	0	0	0	0	0	N	Y	N	N	N	N	N	N	N	N	N	N	0.3714	0.4429	0.0000	0.0003	0.0003	0.3484	0.6820	0.0000	0.5166	0.5949	0.0000	0.0007	0.0008	0.0000	0.5285	0.6096	0.0000	1.3911	1.3431	4.4815	2.7451	2.8065	0.0000	1.5171	0.8938	4.7714	0.0000	3.8034	-0.2879	0.2061	23.9173	21.0000	17.8091	14.4214	1.0028	1.0028	0.0000	0.0000	0.0000	0.0000	1.0027	1.0027	0.0000	1.2611	0.2625	0.9986	0.2507	0.2507	0.0000	1.0104	0.0119	0.9986	1.9410	1.6856	0.2554	0.0437	0.0407	0.0030	1.8972	1.6449	0.2524	1.0798	0.5597	0.5201	0.1600	0.1551	0.0048	0.9198	0.4046	0.5153	0.4424	1.2683	0.0000	0.0005	0.0005	0.0000	0.4811	20.7634	0.0000	1.1679	0.4691	1.9200	1.5671	1.6157	0.0000	1.0985	0.0294	1.9379	
79	84	0.1468	6	0	1	1	0	0	0	0	0	N	N	N	N	N	N	N	N	N	N	N	N	0.3401	0.0001	0.7035	0.0000	0.0000	0.0000	0.3224	5.5742	0.7038	0.5033	0.0000	4.0167	0.0000	0.0000	0.0000	0.5635	0.0001	4.2418	1.4797	0.5014	5.7100	0.7401	0.8088	0.0071	1.7476	0.0000	6.0267	12434.8543	75.8330	0.7128	0.3627	23.9173	20.4085	17.8091	11.0867	1.0000	0.0001	1.0000	0.0000	0.0000	0.0000	1.0000	0.0001	1.0000	1.0114	0.0132	0.9982	0.0133	0.0132	0.0001	0.9981	0.0000	0.9981	1.9871	1.7381	0.2489	0.2123	0.1991	0.0132	1.7748	1.5391	0.2357	0.7558	0.3944	0.3614	0.0968	0.0827	0.0141	0.6590	0.3118	0.3473	0.3761	0.0014	1.4541	0.0000	0.0000	0.0000	0.3721	2282.7044	1.4758	1.3381	0.0334	2.7624	0.1371	0.1592	0.0071	1.5145	0.0000	2.8742
79	85	0.1430	5	0	1	1	0	0	0	0	0	N	N	N	N	N	N	N	N	N	N	N	N	0.0115	0.2378	0.0003	0.3912	0.3827	0.0780	0.0000	0.0040	0.0002	0.0002	0.0003	0.0000	0.0008	0.0009	0.0000	0.0000	0.0000	0.0000	0.0204	0.0011	0.0222	0.0021	0.0023	0.0002	0.0433	0.0001	0.0199	0.0030	15.4836	-0.0000	0.0002	23.9173	3.1287	17.8091	1.1816	0.0001	0.0001	0.0000	0.0001	0.0001	0.0000	0.0000	0.0000	0.0000	0.0007	0.0000	0.0006	0.0000	0.0000	0.0000	0.0006	0.0000	0.0006	0.4473	0.3950	0.0523	0.1289	0.1195	0.0094	0.3183	0.2755	0.0429	0.1226	0.0675	0.0550	0.0199	0.0179	0.0020	0.1026	0.0496	0.0531	0.0425	0.4362	0.0005	0.3912	0.3827	0.0780	0.0002	1.2220	0.0004	0.0055	0.0006	0.0115	0.0021	0.0023	0.0002	0.0062	0.0000	0.0120
79	86	0.1361	4	0	1	0	0	0	0	0	0	N	N	N	N	N	N	N	N	N	N	N	N	0.9108	25.9820	0.0661	10.3684	46.4860	0.0001	0.0081	0.3094	0.1139	0.0137	0.0155	0.0012	0.0646	0.0708	0.0000	0.0002	0.0001	0.0014	0.0151	0.0006	0.0182	0.0062	0.0015	0.0505	0.0290	0.0002	0.0124	0.0108	19.3444	-0.0018	0.0003	23.9173	4.0532	17.8091	2.2470	0.0067	0.0066	0.0001	0.0066	0.0066	0.0000	0.0001	0.0000	0.0001	0.0008	0.0000	0.0008	0.0001	0.0000	0.0001	0.0007	0.0000	0.0007	0.4853	0.4262	0.0591	0.1018	0.0930	0.0088	0.3835	0.3332	0.0503	0.1851	0.1019	0.0832	0.0302	0.0274	0.0028	0.1549	0.0745	0.0805	2.9942	37.7713	0.1241	13.0478	46.4860	0.0002	0.0521	95.2501	0.1627	0.0046	0.0004	0.0097	0.0050	0.0015	0.0390	0.0045	0.0000	0.0087
79	87	0.1130	3	0	1	0	0	0	0	0	0	N	N	N	N	N	N	N	N	N	N	N	N	0.0063	0.4536	0.0042	0.4857	1.0149	0.0001	0.0046	0.4489	0.0052	0.0070	0.0056	0.0159	0.0093	0.0104	0.0001	0.0061	0.0037	0.0201	1.1096	0.0122	3.8069	0.0192	0.0103	0.9032	1.3236	0.0083	3.8294	0.4526	275.7294	0.0001	0.1274	23.9173	4.7288	17.8091	9.8540	0.0047	0.0032	0.0015	0.0017	0.0017	0.0000	0.0030	0.0016	0.0015	0.3461	0.0013	0.3448	0.0020	0.0012	0.0008	0.3441	0.0001	0.3440	0.6759	0.5837	0.0922	0.1791	0.1599	0.0192	0.4968	0.4238	0.0730	0.6610	0.3647	0.2963	0.1749	0.1720	0.0029	0.4861	0.1928	0.2934	0.0133	1.6196	0.0137	0.8179	1.5098	0.0004	0.0086	11.3929	0.0171	0.5235	0.0034	1.1638	0.0114	0.0069	0.2751	0.7078	0.0003	1.1726
79	88	0.0891	2	0	1	0	0	0	0	0	0	N	N	N	N	N	N	N	N	N	N	N	N	0.0221	0.0149	0.0177	0.2928	0.3108	0.0788	0.0072	0.0231	0.0177	0.0241	0.0200	0.0511	0.7091	0.7583	0.0533	0.0082	0.0015	0.0511	1.0897	1.3371	2.8924	2.4220	2.4396	0.6769	1.1345	0.0645	2.8924	0.3939	1.0911	-0.0001	-0.0331	23.9173	8.6320	17.8091	7.0881	0.0199	0.0143	0.0056	0.0133	0.0132	0.0001	0.0066	0.0010	0.0055	0.3102	0.1484	0.1619	0.1486	0.1481	0.0005	0.1616	0.0003	0.1614	0.8243	0.7143	0.1099	0.0187	0.0174	0.0013	0.8055	0.6969	0.1086	0.6403	0.3382	0.3021	0.1440	0.1416	0.0023	0.4963	0.1965	0.2998	0.0498	0.0455	0.0953	0.6869	0.7253	0.2362	0.0251	1.0292	0.0949	0.4845	0.4387	0.5358	1.0323	1.0454	0.2257	0.3257	0.0014	0.5382
79	89	0.1569	4	0	2	0	0	0	0	0	0	N	Y	N	N	N	N	N	N	N	N	N	N	0.0123	0.0101	0.0018	0.0241	0.0262	0.9457	0.0085	0.0044	0.0007	0.0077	0.0088	0.0000	0.0199	0.0217	0.0000	0.0051	0.0059	0.0000	0.6267	0.8642	0.0024	0.8255	0.8291	0.0000	0.6055	1.3367	0.0025	0.0001	0.0191	-0.0035	-0.0200	23.9173	15.4622	17.8091	5.2688	0.0123	0.0123	0.0000	0.0055	0.0055	0.0000	0.0068	0.0068	0.0000	0.0328	0.0321	0.0006	0.0113	0.0113	0.0000	0.0215	0.0209	0.0006	1.6054	1.4072	0.1982	0.2766	0.2536	0.0230	1.3288	1.1536	0.1752	0.5541	0.3003	0.2538	0.0734	0.0695	0.0039	0.4807	0.2308	0.2499	0.1300	0.0819	0.0018	0.1296	0.1339	0.9457	0.1151	0.0655	0.0007	0.0591	0.1070	0.0024	0.1535	0.1621	0.0000	0.0447	0.0904	0.0025
79	90	0.1451	3	0	1	0	0	0	0	0	0	N	N	N	N	N	N	N	N	N	N	N	N	0.8133	0.6369	0.0353	0.0063	0.0066	0.0001	1.0404	0.6613	0.1536	1.1430	1.2922	0.0225	0.0240	0.0252	0.0014	1.3829	1.5891	0.0242	1.4054	2.0288	0.6358	3.7934	3.8147	10.6338	1.3291	2.4031	0.1575	0.0023	0.0372	-0.2854	-0.2069	23.9173	7.5917	17.8091	1.5198	1.0019	0.9996	0.0023	0.0037	0.0037	0.0000	0.9982	0.9959	0.0023	0.3492	0.3367	0.0125	0.1747	0.1684	0.0062	0.1745	0.1682	0.0063	0.8766	0.7736	0.1030	0.1548	0.1469	0.0079	0.7219	0.6267	0.0951	0.2940	0.1659	0.1281	0.0565	0.0518	0.0047	0.2375	0.1142	0.1233	0.9624	0.6369	0.2296	0.0078	0.0077	0.0011	1.8818	1.0785	0.4732	1.1876	2.0288	0.0978	3.0905	3.2532	1.3119	0.7348	1.4735	0.0511
79	91	0.2543	7	1	1	1	0	0	0	0	0	N	N	N	N	N	N	N	N	N	N	N	N	inf	inf	inf	inf	3.5326	4.0180	0.0000	0.0000	0.0000	0.0000	4.3249	5.0022	0.0000	0.0000	0.0000	0.0000	0.0000	0.0000	0.0000	0.0000	0.0000	0.0000	0.0000	-0.2868	0.0000	23.9173	3.0317	17.8091	0.1644	0.9988	0.9988	0.0000	0.0000	0.0000	0.0000	0.9988	0.9988	0.0000	0.0000	0.0000	0.0000	0.0000	0.0000	0.0000	0.0000	0.0000	0.0000	0.2827	0.2486	0.0342	0.0518	0.0489	0.0029	0.2309	0.1997	0.0313	0.0721	0.0389	0.0332	0.0084	0.0074	0.0010	0.0637	0.0315	0.0322	inf	inf	0.0000	0.0000	0.0000	0.0000	inf	inf	0.0000	0.0000	0.0000	0.0000	0.0000	0.0000	0.0000	0.0000	0.0000	0.0000						
79	92	0.2486	6	1	1	1	0	0	0	0	0	N	N	N	N	N	N	N	N	N	N	N	N	0.0062	0.0050	0.0000	0.0011	0.0011	0.0000	11429.1349	542.9327	0.0000	0.0037	0.0041	0.0000	0.0017	0.0018	0.0000	0.0049	0.0057	0.0000	0.5929	0.8257	0.0000	1.6038	1.6607	0.0000	0.0000	0.0000	0.0000	0.0000	0.0000	-0.0004	-0.0029	23.9173	2.6632	17.8091	1.0147	0.0013	0.0013	0.0000	0.0002	0.0002	0.0000	0.0011	0.0011	0.0000	0.0046	0.0046	0.0000	0.0046	0.0046	0.0000	0.0000	0.0000	0.0000	0.3569	0.3212	0.0357	0.1374	0.1301	0.0072	0.2195	0.1911	0.0285	0.0876	0.0484	0.0393	0.0116	0.0105	0.0011	0.0760	0.0379	0.0381	0.0702	0.0431	0.0000	0.0044	0.0042	0.0000	11429.1349	214010.7283	0.0000	0.0527	0.0954	0.0000	0.3965	0.4395	0.0000	0.0000	0.0000	0.0000
79	93	0.1653	5	1	1	1	0	0	0	0	0	N	N	N	N	N	N	N	N	N	N	N	N	28.6650	6.1802	1.1207	157.5919	150.8194	1.1254	10.8057	0.6844	0.2194	0.5293	0.5987	0.0004	1.3861	1.4465	0.0053	0.3597	0.4138	0.0000	0.0185	0.0969	0.0003	0.0088	0.0096	0.0047	0.0333	0.6045	0.0002	0.0001	0.0299	-0.5130	-0.0032	23.9173	35.0787	17.8091	12.2568	1.7869	1.7868	0.0001	0.7733	0.7731	0.0001	1.0137	1.0137	0.0000	0.0054	0.0052	0.0002	0.0008	0.0007	0.0001	0.0046	0.0045	0.0001	3.3764	2.9844	0.3920	0.5579	0.5345	0.0234	2.8185	2.4499	0.3686	1.0433	0.5556	0.4877	0.1173	0.1046	0.0127	0.9260	0.4510	0.4750	102.5303	63.6182	1.1207	215.4960	217.9403	1.1254	71.9165	41.1515	0.2194	0.0052	0.0094	0.0003	0.0064	0.0066	0.0047	0.0050	0.0101	0.0002
79	94	0.1518	4	1	1	0	0	0	0	0	0	N	N	N	N	N	N	N	N	N	N	N	N	21.1250	12.1299	145.2296	26.6016	19.0598	219067.2578	2.8757	0.7285	41.6803	0.2871	0.2442	0.6530	1.1731	0.9635	9.5201	0.0273	0.0080	0.1578	0.0136	0.0201	0.0045	0.0441	0.0505	0.0000	0.0095	0.0110	0.0038	0.3139	0.6766	-0.0152	-0.0003	23.9173	8.4810	17.8091	2.3446	0.3142	0.2392	0.0751	0.2911	0.2333	0.0579	0.0231	0.0059	0.0172	0.0011	0.0007	0.0005	0.0006	0.0006	0.0000	0.0005	0.0000	0.0005	1.0944	0.9794	0.1150	0.2482	0.2421	0.0061	0.8462	0.7373	0.1089	0.2675	0.1436	0.1238	0.0303	0.0273	0.0029	0.2372	0.1163	0.1209	67.6863	51.8296	176.5911	56.5652	41.9495	219067.2578	12.7797	19.1190	41.6803	0.0042	0.0047	0.0037	0.0207	0.0230	0.0000	0.0021	0.0004	0.0038
79	95	0.0891	2	0	2	0	1	0	0	0	0	N	Y	N	N	N	N	N	N	N	N	N	N	0.5081	0.1652	0.9893	2.0625	2.5347	0.0001	0.4495	inf	0.9400	0.9098	0.0016	6.9273	0.0497	0.0533	0.0000	0.9296	0.0003	7.0092	1.7906	0.0097	7.0025	0.0241	0.0210	0.0830	2.0682	0.0000	7.4566	649.0198	1203.1940	1.4247	0.8708	23.9173	24.0032	17.8091	22.6134	2.0029	0.0031	1.9999	0.0025	0.0025	0.0000	2.0005	0.0006	1.9999	2.3483	0.0020	2.3464	0.0023	0.0020	0.0003	2.3460	0.0000	2.3460	2.2015	1.9128	0.2887	0.0496	0.0462	0.0034	2.1519	1.8666	0.2853	1.3115	0.6772	0.6343	0.1679	0.1618	0.0061	1.1436	0.5154	0.6282	0.5081	0.5594	1.8727	3.6464	4.4214	0.0001	0.4532	inf	1.8769	1.7906	0.0029	3.6991	0.0136	0.0121	0.0551	2.0514	0.0000	3.7345
79	96	0.5065	6	0	2	0	0	0	0	0	0	N	Y	N	N	N	N	N	N	N	N	N	N	0.0040	2.6426	0.0049	7.1860	7.8025	1.4565	0.0017	0.0023	0.0058	0.0034	0.0024	0.0120	0.0071	0.0073	0.0022	0.0018	0.0000	0.0139	0.8533	0.0009	2.4441	0.0010	0.0009	0.0015	1.0585	0.0001	2.4146	0.6210	471.5411	0.0006	0.0458	23.9173	18.5150	17.8091	10.2301	0.0060	0.0037	0.0023	0.0038	0.0037	0.0001	0.0022	0.0000	0.0022	0.1239	0.0003	0.1236	0.0003	0.0003	0.0000	0.1236	0.0000	0.1236	1.7627	1.5711	0.1916	0.5354	0.5047	0.0306	1.2274	1.0664	0.1610	0.8371	0.5045	0.3327	0.2994	0.2783	0.0211	0.5377	0.2262	0.3116	0.0230	4.5425	0.0323	7.1860	7.8025	1.4565	0.0079	0.7090	0.0350	0.1480	0.0005	0.3716	0.0010	0.0009	0.0015	0.2298	0.0000	0.3966
79	97	0.1182	3	0	2	0	0	0	0	0	0	N	Y	N	N	N	N	N	N	N	N	N	N	0.5202	0.1750	0.9840	12.9678	40.3650	0.2029	0.4690	0.1250	0.9817	0.7456	0.2878	3.9102	0.0878	0.0921	0.0078	0.7755	0.2975	3.9800	1.4333	1.6442	3.9739	0.0068	0.0023	0.0383	1.6535	2.3795	4.0543	1.9653	1.0116	1.1348	-0.2523	23.9173	46.1140	17.8091	26.4917	3.0211	1.0188	2.0023	0.0155	0.0154	0.0001	3.0056	1.0034	2.0022	2.0110	0.9997	1.0113	0.0007	0.0003	0.0004	2.0103	0.9994	1.0109	4.0521	3.5400	0.5121	0.1764	0.1674	0.0090	3.8757	3.3726	0.5031	1.5971	0.8440	0.7531	0.1303	0.1176	0.0126	1.4668	0.7264	0.7405	0.5921	0.2430	2.9120	16.8174	40.3650	0.2386	0.5659	0.2162	2.9154	1.2591	1.1845	1.3428	0.0052	0.0023	0.0326	1.3705	1.3759	1.3652
79	98	0.5594	8	0	2	0	0	0	0	0	0	N	Y	N	N	N	N	N	N	N	N	N	N	1721.5668	3087.3886	5211.0294	2101.0490	2154.0894	1982.4577	1032.7527	111764.7071	5742.4749	1.6116	1.1801	5.2948	1.6941	1.6837	1.8929	1.5749	0.9353	5.8749	0.0009	0.0004	0.0010	0.0008	0.0008	0.0010	0.0015	0.0000	0.0010	0.5257	2.1052	0.1640	0.0000	23.9173	20.7840	17.8091	8.9470	2.8570	1.8726	0.9844	0.9253	0.8740	0.0513	1.9317	0.9986	0.9331	0.0003	0.0001	0.0002	0.0001	0.0001	0.0000	0.0002	0.0000	0.0002	1.7727	1.5868	0.1859	0.5462	0.5191	0.0271	1.2266	1.0677	0.1588	0.5428	0.3359	0.2070	0.1490	0.1278	0.0212	0.3938	0.2081	0.1857	2820.3458	3967.7133	5211.0294	2101.0490	2154.0894	1982.4577	3263.7511	49898334.6497	5742.4749	0.0006	0.0003	0.0010	0.0008	0.0008	0.0010	0.0005	0.0000	0.0010
79	99	0.5545	7	0	1	0	0	0	0	0	0	N	N	N	N	N	N	N	N	N	N	N	N	0.7148	0.7264	0.4794	1.1301	1.2002	3.6543	0.3070	0.5324	0.7759	0.5050	0.5299	0.2678	0.7111	0.7508	0.1035	0.2155	0.1904	0.3675	0.7065	0.7295	0.5587	0.6292	0.6255	0.0283	0.7020	0.3576	0.4737	0.0530	0.8943	-0.0831	-0.0017	23.9173	2.7834	17.8091	1.0450	0.3508	0.3332	0.0176	0.2886	0.2860	0.0026	0.0622	0.0472	0.0151	0.0109	0.0058	0.0052	0.0057	0.0056	0.0001	0.0053	0.0002	0.0051	0.6947	0.6288	0.0659	0.4058	0.3809	0.0249	0.2888	0.2478	0.0410	0.1355	0.0792	0.0562	0.0491	0.0466	0.0025	0.0864	0.0327	0.0537	6.2637	7.2802	2.9216	6.1542	6.2363	3.9820	3.5455	38.9404	3.8787	0.0806	0.0728	0.0917	0.1155	0.1204	0.0260	0.0608	0.0049	0.0948
79	100	0.5445	6	0	1	0	0	0	0	0	0	N	N	N	N	N	N	N	N	N	N	N	N	0.2428	0.2001	0.8853	0.2351	0.2379	2.0779	0.2306	1.0615	1.2211	0.1926	0.1999	0.1260	0.2826	0.2982	0.0589	0.0998	0.0906	0.1598	0.7930	0.9988	0.1424	1.2017	1.2534	0.0283	0.4330	0.0853	0.1308	0.0692	0.1714	-0.0560	-0.0190	23.9173	7.6044	17.8091	2.7972	0.2517	0.2354	0.0163	0.1874	0.1849	0.0025	0.0643	0.0505	0.0138	0.0394	0.0336	0.0058	0.0337	0.0335	0.0002	0.0057	0.0002	0.0055	1.3071	1.1778	0.1293	0.6633	0.6201	0.0432	0.6438	0.5577	0.0861	0.3494	0.2167	0.1326	0.1309	0.1222	0.0087	0.2184	0.0945	0.1239	1.7081	1.2883	2.9012	1.0980	1.0887	2.2614	3.8296	53.7566	3.5767	0.1127	0.1552	0.0434	0.2574	0.2739	0.0260	0.0261	0.0017	0.0447
79	101	0.4949	5	0	1	0	0	0	0	0	0	N	N	N	N	N	N	N	N	N	N	N	N	0.3252	0.2643	0.0790	0.2059	0.2068	0.2891	0.3513	28.3006	0.0845	0.3833	0.4185	0.0931	0.6197	0.6499	0.1062	0.2800	0.3085	0.0907	1.1786	1.5834	1.1789	3.0094	3.1429	0.3672	0.7970	0.0109	1.0735	0.0270	0.0945	-0.1807	-0.2595	23.9173	18.4780	17.8091	12.4520	0.6928	0.6746	0.0182	0.3406	0.3374	0.0032	0.3522	0.3372	0.0150	0.4789	0.4375	0.0414	0.4406	0.4374	0.0032	0.0382	0.0001	0.0381	1.8075	1.6120	0.1954	0.5496	0.5191	0.0305	1.2579	1.0929	0.1650	0.6910	0.4256	0.2655	0.2145	0.1932	0.0213	0.4765	0.2324	0.2441	0.5531	0.4070	0.5978	0.3017	0.2870	0.7046	3.4888	745.6848	0.5807	0.6930	1.0281	0.1558	2.0540	2.2640	0.1507	0.0802	0.0004	0.1562
79	102	0.2031	5	0	2	0	0	0	0	0	0	N	Y	N	N	N	N	N	N	N	N	N	N	0.4600	0.3950	0.0000	0.3192	0.3839	0.0004	0.4774	0.3199	0.0000	0.5310	0.5938	0.0000	0.2311	0.2395	0.0004	0.6341	0.7289	0.0000	1.1544	1.5030	2.1786	0.7240	0.6238	1.1074	1.3282	2.2782	2.0163	0.0000	0.2595	-0.6548	-0.3894	23.9173	34.1922	17.8091	22.4626	2.2805	2.2805	0.0000	0.2540	0.2540	0.0000	2.0265	2.0265	0.0000	0.9220	0.7320	0.1899	0.0376	0.0315	0.0061	0.8844	0.7006	0.1838	4.2948	3.8407	0.4540	1.0989	1.0605	0.0385	3.1958	2.7803	0.4155	1.4881	0.8610	0.6271	0.2808	0.2614	0.0194	1.2073	0.5996	0.6078	0.8571	0.6984	0.0001	1.7267	1.9898	0.0012	0.8657	0.6238	0.0000	0.6196	0.8502	0.3029	0.1338	0.1204	0.3159	0.7325	1.1685	0.3025
79	103	0.1553	4	0	2	0	0	0	0	0	0	N	Y	N	N	N	N	N	N	N	N	N	N	0.3548	0.3331	0.1299	0.1756	0.1744	0.1245	0.3271	0.2479	0.1236	0.5375	0.5341	0.5623	0.4510	0.4432	0.6170	0.5557	0.5553	0.5585	1.5147	1.6036	4.3288	2.5685	2.5407	4.9549	1.6991	2.2399	4.5167	0.1422	1.3714	-0.2192	-0.0665	23.9173	22.5884	17.8091	11.0115	1.3481	1.1803	0.1679	0.1974	0.1853	0.0120	1.1507	0.9949	0.1558	1.3282	0.5601	0.7681	0.1728	0.1668	0.0060	1.1554	0.3933	0.7621	2.5083	2.2098	0.2985	0.4377	0.4182	0.0195	2.0707	1.7916	0.2790	0.9453	0.5072	0.4381	0.1469	0.1397	0.0072	0.7985	0.3675	0.4309	0.3825	0.4837	0.3207	0.3833	0.3712	0.7356	0.3841	0.5189	0.3158	1.4050	1.1042	1.7533	1.1766	1.1939	0.8388	1.4470	1.0701	1.7685
79	104	0.1252	3	0	1	0	0	0	0	0	0	N	N	N	N	N	N	N	N	N	N	N	N	0.0930	0.0627	0.1478	0.5007	0.5169	19.0441	0.0481	0.0135	0.1457	0.2744	0.1951	0.8455	0.8859	0.8879	0.8477	0.1612	0.0539	0.8453	2.9517	3.1113	5.7199	1.7693	1.7176	0.0445	3.3539	4.0089	5.8021	0.6023	0.8054	0.0323	-0.3250	23.9173	11.8100	17.8091	8.7888	0.3638	0.2271	0.1368	0.1835	0.1749	0.0086	0.1804	0.0522	0.1282	1.7834	0.9878	0.7956	0.0408	0.0407	0.0001	1.7426	0.9471	0.7955	1.3258	1.1641	0.1618	0.2071	0.1970	0.0101	1.1187	0.9671	0.1517	0.6042	0.3175	0.2867	0.0846	0.0813	0.0034	0.5196	0.2363	0.2833	0.0930	0.0627	0.3047	1.8358	1.7714	23.4934	0.0481	0.0135	0.3011	2.9517	3.1113	2.7750	0.4826	0.5012	0.0361	3.3539	4.0089	2.8077
79	105	0.0891	2	0	1	0	0	0	0	0	0	N	N	N	N	N	N	N	N	N	N	N	N	0.1479	0.0324	1.4444	0.0458	0.0482	0.0063	0.1848	0.0332	1.8245	0.1537	0.0459	0.8599	0.1259	0.1353	0.0000	0.1544	0.0437	0.8702	1.0397	1.4178	0.5953	2.7506	2.8081	0.0063	0.8356	1.3162	0.4769	2.8590	0.1370	0.0966	-0.1499	23.9173	14.7392	17.8091	7.3617	0.2129	0.0552	0.1577	0.0039	0.0039	0.0000	0.2090	0.0512	0.1577	0.2952	0.2596	0.0356	0.2367	0.2367	0.0000	0.0585	0.0230	0.0355	1.3847	1.2013	0.1834	0.0313	0.0291	0.0022	1.3534	1.1721	0.1813	0.7873	0.4121	0.3752	0.1494	0.1463	0.0032	0.6378	0.2658	0.3720	0.4100	0.0729	9.0723	0.0795	0.0836	0.0063	1.6830	0.5057	9.1087	0.3750	0.6301	0.0948	1.5838	1.6178	0.0063	0.0917	0.0864	0.0955
79	106	0.1619	5	0	2	0	0	0	0	0	0	N	Y	N	N	N	N	N	N	N	N	N	N	4696.3398	0.5269	2297920.3959	6.0896	0.4899	106597.0384	258656.8681	0.0000	2445131.3916	0.5140	0.0001	4.3956	0.0072	0.0007	0.1404	0.6185	0.0000	4.7097	0.0001	0.0002	0.0000	0.0012	0.0013	0.0000	0.0000	0.0005	0.0000	4808.3933	0.0083	0.7143	-0.0000	23.9173	20.0414	17.8091	7.0324	1.0023	0.0002	1.0021	0.0024	0.0002	0.0022	0.9999	0.0000	0.9999	0.0001	0.0001	0.0000	0.0001	0.0001	0.0000	0.0000	0.0000	0.0000	1.9501	1.7221	0.2280	0.3334	0.3178	0.0157	1.6167	1.4044	0.2123	0.6031	0.3177	0.2854	0.0545	0.0483	0.0062	0.5485	0.2694	0.2792	4696.3398	0.5874	2297920.3959	6.0896	0.4899	106597.0384	258656.8681	0.0000	2445131.3916	0.0001	0.0002	0.0000	0.0012	0.0013	0.0000	0.0000	0.0000	0.0000
79	107	0.1518	4	0	1	0	0	0	0	0	0	N	N	N	N	N	N	N	N	N	N	N	N	52.9410	1.7936	1335.5388	71.5188	3.3900	329271.1365	17.7983	0.0487	317.6002	0.1087	0.0054	1.0202	0.3433	0.0191	14.4992	0.0321	0.0004	0.2484	0.0021	0.0030	0.0008	0.0048	0.0056	0.0000	0.0018	0.0078	0.0008	21.4067	0.5438	0.0702	-0.0001	23.9173	7.0315	17.8091	1.2144	0.1051	0.0047	0.1004	0.0818	0.0045	0.0773	0.0234	0.0002	0.0231	0.0002	0.0001	0.0001	0.0001	0.0001	0.0000	0.0001	0.0000	0.0001	0.9669	0.8685	0.0984	0.2381	0.2328	0.0053	0.7288	0.6357	0.0931	0.2085	0.1128	0.0957	0.0253	0.0229	0.0024	0.1832	0.0899	0.0933	109.2425	4.5342	1335.5388	81.4493	4.1149	329271.1365	58.1720	1.2142	317.6002	0.0010	0.0012	0.0008	0.0042	0.0046	0.0000	0.0006	0.0003	0.0008
79	108	0.1182	3	0	1	0	0	0	0	0	0	N	N	N	N	N	N	N	N	N	N	N	N	1.2251	0.0801	256.3128	0.0128	0.0059	2.3097	1.1970	0.0495	348.6978	0.6075	0.0553	4.3756	0.0029	0.0013	0.0448	0.6478	0.0593	4.4520	0.4959	0.6904	0.0171	0.2235	0.2249	0.0194	0.5412	1.1990	0.0128	11.5908	0.1219	0.6188	-0.0108	23.9173	16.2725	17.8091	4.4748	0.9769	0.0776	0.8993	0.0003	0.0001	0.0002	0.9766	0.0775	0.8992	0.0207	0.0185	0.0023	0.0031	0.0030	0.0001	0.0176	0.0154	0.0022	1.6081	1.4026	0.2055	0.1004	0.0968	0.0036	1.5077	1.3058	0.2020	0.5409	0.2907	0.2502	0.0578	0.0536	0.0042	0.4831	0.2371	0.2460	15.8600	0.8707	486.2935	0.0533	0.0234	2.3097	17.7657	0.9106	504.7842	0.0383	0.0635	0.0090	0.0537	0.0564	0.0194	0.0365	0.0651	0.0088
79	109	0.1710	4	0	2	0	0	0	0	0	0	N	Y	N	N	N	N	N	N	N	N	N	N	0.0298	2.0123	0.0882	0.0044	0.3806	0.0001	0.1236	762.0761	1.3423	0.0159	0.0114	0.0492	0.0061	0.0063	0.0026	0.0174	0.0122	0.0522	0.5344	0.0056	0.5579	1.4013	0.0165	26.8701	0.1407	0.0000	0.0389	0.5904	42.2748	0.0050	0.0195	23.9173	40.5309	17.8091	14.7974	0.0593	0.0373	0.0220	0.0030	0.0029	0.0001	0.0563	0.0343	0.0219	0.0561	0.0013	0.0548	0.0440	0.0013	0.0427	0.0121	0.0000	0.0121	3.7264	3.2796	0.4469	0.4913	0.4643	0.0270	3.2351	2.8152	0.4199	1.2787	0.6758	0.6029	0.1385	0.1268	0.0117	1.1402	0.5490	0.5912	0.3626	5.9256	0.5418	0.0192	0.6161	0.0007	1.6383	286227.1878	2.5504	0.0439	0.0019	0.0909	0.3175	0.0102	3.6436	0.0106	0.0000	0.0205
79	110	0.1451	3	0	2	0	0	0	0	0	0	N	Y	N	N	N	N	N	N	N	N	N	N	0.7469	0.8784	0.7272	0.0032	0.0222	0.0000	1.2245	0.9319	1.6276	1.3005	0.7820	5.0668	0.0302	0.0319	0.0006	1.5019	0.9115	5.3958	1.7412	0.8902	6.9673	9.5187	1.4360	176.8809	1.2266	0.9782	3.3151	0.8922	27.5976	0.3392	0.2810	23.9173	13.5236	17.8091	3.5331	1.8398	0.9723	0.8675	0.0058	0.0058	0.0000	1.8339	0.9664	0.8675	0.8347	0.0292	0.8055	0.6587	0.0217	0.6370	0.1760	0.0075	0.1685	1.4146	1.2434	0.1712	0.1936	0.1831	0.0104	1.2210	1.0603	0.1608	0.4794	0.2594	0.2199	0.0692	0.0633	0.0059	0.4102	0.1962	0.2140	0.7469	6.9504	1.3835	0.0032	0.0929	0.0000	3.5010	23.9336	6.8531	1.7412	0.1125	3.6622	9.5187	0.3433	107.1009	0.4290	0.0381	0.7873
79	111	0.0891	2	0	1	0	0	0	0	0	0	N	N	N	N	N	N	N	N	N	N	N	N	0.0035	0.0038	0.0014	0.0501	0.0525	0.0024	0.0019	0.0014	0.0014	0.0070	0.0070	0.0070	0.1379	0.1481	0.0000	0.0040	0.0035	0.0071	2.0231	1.8317	5.0471	2.7538	2.8203	0.0150	2.1030	2.4940	5.2274	0.1533	1.2490	-0.0017	-0.1515	23.9173	16.9399	17.8091	15.9768	0.0111	0.0096	0.0015	0.0049	0.0049	0.0000	0.0062	0.0047	0.0015	2.0762	0.9231	1.1530	0.2505	0.2504	0.0001	1.8257	0.6727	1.1530	1.5823	1.3732	0.2091	0.0357	0.0333	0.0025	1.5466	1.3399	0.2066	1.0262	0.5326	0.4936	0.1581	0.1536	0.0045	0.8682	0.3791	0.4891	0.0035	0.0040	0.0030	0.0870	0.0908	0.0024	0.0019	0.0020	0.0030	2.0231	1.7332	2.3359	1.5847	1.6307	0.0150	2.1030	1.7748	2.3573
79	112	0.1935	6	1	2	0	1	0	0	0	0	N	Y	N	N	N	N	N	N	N	N	N	N	0.0394	0.0003	5.8915	0.0539	0.0454	0.0494	0.0000	6.7216	0.0197	0.0002	0.1576	0.0005	0.0005	0.0000	0.0301	0.0000	0.1609	0.5010	0.6539	0.0268	0.0100	0.0119	0.0000	0.6102	1.2677	0.0239	103.1615	0.1732	0.0000	-0.0009	23.9173	0.0019	17.8091	1.9928	0.0000	0.0000	0.0000	0.0000	0.0000	0.0000	0.0000	0.0000	0.0000	0.0019	0.0016	0.0003	0.0001	0.0001	0.0000	0.0018	0.0016	0.0003	0.0005	0.0004	0.0001	0.0002	0.0002	0.0000	0.0003	0.0003	0.0001	0.0489	0.0279	0.0210	0.0086	0.0076	0.0010	0.0403	0.0203	0.0200	0.5094	0.0037	11.8165	0.0773	0.0689	0.0000	0.6623	0.0000	11.4927	0.0387	0.0578	0.0133	0.0070	0.0079	0.0000	0.0455	0.0764	0.0140	
79	113	0.1699	5	1	2	0	1	0	0	0	0	N	Y	N	N	N	N	N	N	N	N	N	N	0.4003	0.0307	0.7275	18.7798	17.2407	1.2649	0.3931	0.0014	0.6856	1.0788	0.0066	8.0193	0.0381	0.0394	0.0000	1.2337	0.0010	8.2881	2.6948	0.2135	11.0236	0.0020	0.0023	0.0000	3.1381	0.7468	12.0883	188.8883	353.2631	0.7108	0.3646	23.9173	8.6942	17.8091	6.0502	1.0045	0.0053	0.9992	0.0046	0.0046	0.0000	0.9999	0.0007	0.9992	0.9884	0.0028	0.9856	0.0001	0.0001	0.0000	0.9883	0.0027	0.9856	0.9311	0.8065	0.1246	0.1206	0.1166	0.0040	0.8105	0.6899	0.1206	0.3668	0.1997	0.1670	0.0518	0.0460	0.0058	0.3149	0.1538	0.1612	0.4003	0.4696	1.3590	18.7798	17.2407	1.2649	0.3931	0.0581	1.3554	2.6948	0.0140	5.9007	0.0020	0.0023	0.0000	3.1381	0.0175	6.1147
79	114	0.1910	9	0	2	0	1	0	0	0	0	N	Y	N	N	N	N	N	N	N	N	N	N	0.0000	0.0000	0.0000	0.0000	0.0000	0.0000	0.0000	0.0000	0.0000	0.0000	0.0000	0.0000	0.0000	4.4489	0.0000	15.1931	0.0000	0.0000	0.0000	7.7251	0.0000	16.2576	inf	0.0000	0.0000	23.9173	0.0001	17.8091	0.0001	0.0000	0.0000	0.0000	0.0000	0.0000	0.0000	0.0000	0.0000	0.0000	0.0001	0.0000	0.0001	0.0000	0.0000	0.0000	0.0001	0.0000	0.0001	0.0000	0.0000	0.0000	0.0000	0.0000	0.0000	0.0000	0.0000	0.0000	0.0000	0.0000	0.0000	0.0000	0.0000	0.0000	0.0000	0.0000	0.0000	0.0000	0.0000	0.0000	0.0000	0.0000	0.0000	0.0000	0.0000	0.0000	4.4489	0.0000	9.0882	0.0000	0.0000	0.0000	7.7251	0.0000	9.1606						
79	115	0.1843	8	0	2	0	1	0	0	0	0	N	Y	N	N	N	N	N	N	N	N	N	N	0.0000	0.0000	0.0000	0.0000	0.0000	0.0000	0.0000	0.0000	0.0000	0.0000	0.0000	0.0000	0.0000	0.0000	0.0000	0.0000	10.4400	0.0000	34.6863	0.0000	0.0000	0.0000	12.0835	0.0000	35.0445	28476354.3156	0.0000	0.3709	23.9173	3.0007	17.8091	1.0012	0.0000	0.0000	0.0000	0.0000	0.0000	0.0000	0.0000	0.0000	0.0000	0.9981	0.0000	0.9981	0.0000	0.0000	0.0000	0.9981	0.0000	0.9981	0.2871	0.2511	0.0360	0.0306	0.0288	0.0017	0.2565	0.2223	0.0343	0.0956	0.0518	0.0438	0.0130	0.0113	0.0017	0.0826	0.0405	0.0421	0.0000	0.0000	0.0000	0.0000	0.0000	0.0000	0.0000	0.0000	0.0000	10.4400	0.0000	22.7810	0.0000	0.0000	0.0000	12.0835	0.0000	23.7122			
79	116	0.1825	7	0	1	0	1	0	0	0	0	N	N	N	N	N	N	N	N	N	N	N	N	0.0000	0.0000	0.0000	0.0000	0.0000	0.0000	0.0000	0.0000	0.0000	0.0000	0.0000	0.0000	0.0000	0.0000	0.0000	0.0000	0.2010	0.0061	0.0820	0.0122	0.0152	0.0000	0.2556	0.0000	0.0711	13.0047	0.0000	0.0001	23.9173	1.1177	17.8091	0.0023	0.0000	0.0000	0.0000	0.0000	0.0000	0.0000	0.0000	0.0000	0.0000	0.0004	0.0000	0.0004	0.0000	0.0000	0.0000	0.0004	0.0000	0.0004	0.1130	0.0992	0.0137	0.0167	0.0159	0.0009	0.0962	0.0833	0.0129	0.0269	0.0146	0.0124	0.0036	0.0032	0.0005	0.0233	0.0114	0.0119	0.0000	0.0000	0.0000	0.0000	0.0000	0.0000	0.0000	0.0000	0.0000	0.0156	0.0021	0.0315	0.0082	0.0095	0.0000	0.0167	0.0000	0.0328			
79	117	0.1795	3	0	2	0	0	0	0	0	0	N	Y	N	N	N	N	N	N	N	N	N	N	0.5082	0.5431	0.0000	5.5571	6.1450	0.0000	0.4368	0.3856	0.0000	0.8155	0.9211	0.0000	0.6991	0.7398	0.0000	0.8407	0.9636	0.0000	1.6046	1.6959	4.2877	0.1258	0.1204	0.0436	1.9247	2.4992	4.5047	0.0000	0.9908	-0.6981	-0.2618	23.9173	31.2782	17.8091	23.9277	2.4313	2.4313	0.0000	0.3713	0.3713	0.0000	2.0601	2.0601	0.0000	2.0034	1.0064	0.9971	0.0077	0.0072	0.0005	1.9957	0.9992	0.9965	2.9815	2.6397	0.3418	0.5311	0.5019	0.0292	2.4504	2.1378	0.3126	1.3012	0.7169	0.5844	0.1884	0.1732	0.0153	1.1128	0.5437	0.5691	0.5296	0.6561	0.0000	17.0775	17.8638	0.0000	0.4688	0.5243	0.0000	1.5396	1.4039	1.7062	0.0409	0.0414	0.0355	1.7934	1.8378	1.7511
79	118	0.1825	7	0	1	1	1	0	0	0	0	N	N	N	N	N	N	N	N	N	N	N	N	0.0000	0.0000	0.0000	0.0000	0.0000	0.0000	0.0000	0.0000	0.0000	0.0000	0.0000	0.0000	0.0000	0.0002	0.0004	0.0000	0.0014	0.0016	0.0000	0.0000	0.0000	0.0000	0.0000	0.0000	-0.0000	23.9173	3.8827	17.8091	2.9998	0.0000	0.0000	0.0000	0.0000	0.0000	0.0000	0.0000	0.0000	0.0000	0.0000	0.0000	0.0000	0.0000	0.0000	0.0000	0.0000	0.0000	0.0000	0.3760	0.3294	0.0467	0.0445	0.0421	0.0024	0.3315	0.2873	0.0442	0.1631	0.0883	0.0748	0.0220	0.0190	0.0029	0.1411	0.0692	0.0719	0.0000	0.0000	0.0000	0.0000	0.0000	0.0000	0.0000	0.0000	0.0000	0.0002	0.0003	0.0000	0.0014	0.0016	0.0000	0.0000	0.0000	0.0000						
79	119	0.1796	6	0	1	0	1	0	0	0	0	N	N	N	N	N	N	N	N	N	N	N	N	0.0652	0.0449	0.0000	0.0004	0.0003	0.1438	0.0444	0.0000	0.0003	0.0003	0.0000	0.0000	0.0000	0.0000	0.0003	0.0004	0.0000	0.0041	0.0068	0.0010	0.0111	0.0140	0.0000	0.0024	0.0089	0.0010	0.0000	0.3689	-0.0000	-0.0000	23.9173	2.8083	17.8091	0.0030	0.0001	0.0001	0.0000	0.0000	0.0000	0.0000	0.0001	0.0001	0.0000	0.0001	0.0001	0.0000	0.0001	0.0001	0.0000	0.0000	0.0000	0.0000	0.3346	0.2969	0.0377	0.0717	0.0681	0.0036	0.2629	0.2288	0.0341	0.0680	0.0367	0.0313	0.0093	0.0080	0.0012	0.0587	0.0286	0.0301	0.1650	0.1373	0.0000	0.0005	0.0005	0.0000	0.5031	1.1262	0.0000	0.0016	0.0022	0.0010	0.0077	0.0088	0.0000	0.0007	0.0003	0.0010	
79	120	0.1796	6	0	1	1	1	0	0	0	0	N	N	N	N	N	N	N	N	N	N	N	N	0.1960	0.0822	0.0000	0.0009	0.0008	0.7584	0.0366	0.0000	0.0001	0.0001	0.0000	0.0000	0.0000	0.0000	0.0001	0.0001	0.0000	0.0005	0.0013	0.0000	0.0023	0.0027	0.0000	0.0001	0.0034	0.0000	0.0000	0.0001	-0.0000	-0.0001	23.9173	9.6158	17.8091	0.0030	0.0001	0.0001	0.0000	0.0000	0.0000	0.0000	0.0001	0.0001	0.0000	0.0001	0.0001	0.0000	0.0001	0.0001	0.0000	0.0000	0.0000	0.0000	0.9674	0.8505	0.1170	0.1325	0.1253	0.0071	0.8350	0.7251	0.1098	0.2281	0.1229	0.1052	0.0306	0.0265	0.0041	0.1975	0.0964	0.1011	0.2621	0.1607	0.0000	0.0009	0.0008	0.0000	2.1276	1.1962	0.0000	0.0004	0.0007	0.0000	0.0023	0.0027	0.0000	0.0001	0.0001	0.0000	
79	121	0.1699	5	0	1	0	1	0	0	0	0	N	N	N	N	N	N	N	N	N	N	N	N	2.6045	2.1957	0.1480	0.0084	0.0086	1598.7633	7.7191	2.8065	0.0116	1.9171	2.2276	0.0001	0.0145	0.0148	0.0045	2.3204	2.7759	0.0000	0.7361	1.0145	0.0009	1.7205	1.7264	0.0000	0.3006	0.9891	0.0010	0.0000	0.0046	-0.2870	-0.0097	23.9173	4.2457	17.8091	2.0144	0.9997	0.9997	0.0000	0.0013	0.0013	0.0000	0.9984	0.9984	0.0000	0.0155	0.0154	0.0001	0.0127	0.0127	0.0000	0.0028	0.0027	0.0001	0.5215	0.4488	0.0727	0.0912	0.0891	0.0021	0.4303	0.3597	0.0706	0.1693	0.0937	0.0756	0.0278	0.0253	0.0025	0.1415	0.0684	0.0730	20.9672	13.5494	0.1480	0.0318	0.0293	1598.7633	119.3800	70.9145	0.0116	0.0914	0.1644	0.0009	0.4573	0.5034	0.0000	0.0194	0.0391	0.0010
79	122	0.1278	4	0	1	0	1	0	0	0	0	N	N	N	N	N	N	N	N	N	N	N	N	0.4746	0.2901	0.0441	0.1983	0.1960	0.0471	0.4578	0.2786	0.0511	0.8008	0.9209	0.0067	0.0108	0.0111	0.0007	0.8950	1.0439	0.0068	1.6873	3.1741	0.1517	0.0545	0.0567	0.0148	1.9548	3.7470	0.1338	0.0011	0.0128	-0.2870	-0.6217	23.9173	11.9190	17.8091	13.1740	1.0034	1.0023	0.0011	0.0014	0.0014	0.0000	1.0020	1.0009	0.0011	1.0099	0.9971	0.0128	0.0013	0.0012	0.0001	1.0085	0.9958	0.0127	1.2531	1.0885	0.1646	0.1336	0.1297	0.0039	1.1195	0.9588	0.1608	0.5985	0.3141	0.2844	0.0537	0.0484	0.0054	0.5448	0.2658	0.2790	0.4746	0.2901	0.1485	0.4443	0.4377	0.0471	0.4835	0.2786	0.1498	1.6873	3.1741	0.0450	0.0243	0.0254	0.0148	1.8513	3.7470	0.0456
79	123	0.5547	8	0	1	1	1	0	0	0	0	N	N	N	N	N	N	N	N	N	N	N	N	109.8313	1106.8578	0.0000	1545.9081	1456.1681	27.4692	4602.8964	0.0000	0.9926	1.1074	0.0000	1.7539	1.8530	0.0000	0.6108	0.7010	0.0000	0.0090	0.0010	0.0119	0.0011	0.0013	0.0000	0.0222	0.0002	0.0106	0.0000	7.8916	-0.3592	0.0003	23.9173	12.8936	17.8091	4.1514	1.2508	1.2508	0.0000	0.7383	0.7383	0.0000	0.5126	0.5126	0.0000	0.0010	0.0001	0.0009	0.0001	0.0001	0.0000	0.0009	0.0000	0.0009	1.2601	1.1296	0.1305	0.4209	0.3984	0.0225	0.8392	0.7312	0.1080	0.3161	0.1950	0.1211	0.0959	0.0855	0.0104	0.2202	0.1095	0.1106	324.0636	1983.4587	0.0000	1545.9081	1456.1681	0.0000	156.4734	1388340.2643	0.0000	0.0031	0.0006	0.0071	0.0011	0.0013	0.0000	0.0039	0.0000	0.0078	
79	124	0.1431	5	0	2	0	0	0	0	0	0	N	Y	N	N	N	N	N	N	N	N	N	N	210.4319	95.1942	0.2166	0.5956	0.5354	0.0052	4651.2150	253.0037	6.0151	0.8019	0.9151	0.0000	0.0138	0.0144	0.0000	0.8870	1.0224	0.0000	0.0038	0.0096	0.0001	0.0231	0.0269	0.0026	0.0002	0.0040	0.0000	0.0000	0.0207	-0.2878	-0.0005	23.9173	12.7386	17.8091	8.7370	1.0025	1.0025	0.0000	0.0017	0.0017	0.0000	1.0008	1.0008	0.0000	0.0008	0.0008	0.0000	0.0008	0.0008	0.0000	0.0000	0.0000	0.0000	1.2500	1.0955	0.1545	0.1217	0.1167	0.0050	1.1283	0.9788	0.1495	0.5291	0.2798	0.2493	0.0593	0.0531	0.0061	0.4698	0.2266	0.2432	520.0454	320.2479	0.2166	1.0422	0.9952	0.0052	12844.4995	7272.0263	6.0151	0.0015	0.0029	0.0001	0.0132	0.0144	0.0026	0.0001	0.0001	0.0000
79	125	0.1278	4	0	2	0	0	0	0	0	0	N	Y	N	N	N	N	N	N	N	N	N	N	1.3220	1.1035	1.9013	0.0028	0.0028	1.1751	92.7500	143.1131	2.5964	1.0411	1.1983	0.0127	0.0070	0.0071	0.0010	1.1887	1.3930	0.0130	0.7875	1.0859	0.0067	2.4861	2.5342	0.0008	0.0128	0.0097	0.0050	0.0016	0.0196	-0.2856	-0.0174	23.9173	8.6431	17.8091	1.4782	1.0003	0.9986	0.0016	0.0008	0.0008	0.0000	0.9994	0.9978	0.0016	0.0286	0.0281	0.0005	0.0280	0.0280	0.0000	0.0006	0.0000	0.0005	0.9607	0.8334	0.1273	0.1199	0.1171	0.0028	0.8408	0.7163	0.1245	0.2563	0.1350	0.1213	0.0261	0.0238	0.0023	0.2302	0.1112	0.1190	9.3287	5.7648	2.8085	0.0065	0.0060	1.1751	464.0915	3681.0113	2.8227	0.1116	0.2079	0.0045	1.0741	1.1790	0.0008	0.0026	0.0004	0.0046
79	126	0.1182	3	0	1	0	0	0	0	0	0	N	N	N	N	N	N	N	N	N	N	N	N	0.0107	0.0089	0.0098	0.0108	0.0109	0.4501	0.0179	0.0064	0.0070	0.0042	0.0047	0.0003	0.0052	0.0051	0.0072	0.0040	0.0046	0.0002	0.3910	0.5259	0.0301	0.4768	0.4698	0.0159	0.2246	0.7173	0.0263	0.0086	0.3076	-0.0006	-0.0021	23.9173	4.1618	17.8091	2.0491	0.0021	0.0021	0.0000	0.0003	0.0003	0.0000	0.0018	0.0017	0.0000	0.0053	0.0041	0.0013	0.0029	0.0028	0.0000	0.0025	0.0012	0.0012	0.5040	0.4437	0.0604	0.0662	0.0652	0.0010	0.4378	0.3784	0.0594	0.1950	0.1102	0.0849	0.0319	0.0306	0.0014	0.1631	0.0796	0.0835	0.1527	0.1270	0.0200	0.0576	0.0552	0.4501	0.2654	0.2969	0.0125	0.0273	0.0370	0.0148	0.0895	0.0928	0.0159	0.0152	0.0156	0.0147
79	127	0.0891	2	0	1	0	0	0	0	0	0	N	N	N	N	N	N	N	N	N	N	N	N	0.3015	1.0060	0.0010	0.0159	0.0174	0.0002	0.2543	15.2547	0.0009	1.1096	1.2782	0.0126	0.0359	0.0386	0.0001	1.1346	1.3092	0.0128	3.6801	1.2706	13.1104	2.2633	2.2225	0.4002	4.4614	0.0858	13.9095	0.0015	18.8519	-0.2863	0.7916	23.9173	9.4810	17.8091	7.4917	1.0023	1.0007	0.0015	0.0007	0.0007	0.0000	1.0015	1.0000	0.0015	2.4639	0.1241	2.3398	0.1241	0.1238	0.0004	2.3397	0.0004	2.3394	0.9033	0.7829	0.1204	0.0205	0.0191	0.0014	0.8827	0.7638	0.1189	0.6695	0.3529	0.3166	0.1451	0.1426	0.0025	0.5244	0.2103	0.3142	0.3015	3.6341	0.0017	0.0420	0.0445	0.0005	0.2543	775.2347	0.0017	3.6801	0.3517	7.3892	0.8558	0.8680	0.1556	4.4614	0.0017	7.4464
79	128	0.5669	9	1	2	0	0	0	0	0	0	N	Y	N	N	N	N	N	N	N	N	N	N	1754.9233	1244.4744	1755.6344	1662.5461	0.0002	0.0002	0.0000	0.0007	0.0007	0.0000	0.0000	0.0000	0.0000	0.0000	0.0000	0.0000	0.0000	0.0000	0.0000	0.0000	0.0000	0.0000	0.0000	0.0000	-0.0000	-0.0000	23.9173	2.0107	17.8091	1.9995	0.0000	0.0000	0.0000	0.0000	0.0000	0.0000	0.0000	0.0000	0.0000	0.0000	0.0000	0.0000	0.0000	0.0000	0.0000	0.0000	0.0000	0.0000	0.1835	0.1633	0.0202	0.0596	0.0561	0.0036	0.1239	0.1073	0.0166	0.0709	0.0447	0.0261	0.0230	0.0205	0.0025	0.0478	0.0242	0.0236	1754.9233	1244.4744	0.0000	1755.6344	1662.5461	0.0000	0.0000	0.0000	0.0000	0.0000	0.0000	0.0000	0.0000	0.0000	0.0000	0.0000	0.0000	0.0000					
79	129	0.5547	8	1	2	0	0	0	0	0	0	N	Y	N	N	N	N	N	N	N	N	N	N	13.8058	164.5143	0.0000	527.6088	499.4580	0.0000	0.0000	0.0000	0.4399	0.4875	0.0000	1.2047	1.2642	0.0000	0.0000	0.0000	0.0000	0.0319	0.0030	0.0336	0.0023	0.0025	0.0000	0.0998	0.0003	0.0337	0.0000	8.6896	-0.0785	0.0003	23.9173	5.6459	17.8091	1.1399	0.2733	0.2733	0.0000	0.2733	0.2733	0.0000	0.0000	0.0000	0.0000	0.0010	0.0001	0.0009	0.0001	0.0001	0.0000	0.0009	0.0000	0.0009	0.6212	0.5605	0.0607	0.2268	0.2161	0.0107	0.3944	0.3444	0.0500	0.1368	0.0839	0.0529	0.0433	0.0390	0.0042	0.0936	0.0449	0.0487	62.8217	413.7265	0.0000	527.6088	499.4580	0.0000	0.0000	0.0000	0.0000	0.0070	0.0012	0.0162	0.0023	0.0025	0.0000	0.0092	0.0000	0.0177	
79	130	0.5244	7	0	1	0	0	0	0	0	0	N	N	N	N	N	N	N	N	N	N	N	N	0.3764	1.2178	0.0017	1.7367	1.7246	0.0019	0.2805	43.0282	0.0019	0.5657	0.6320	0.0112	0.5419	0.5745	0.0000	0.5800	0.6698	0.0140	1.5028	0.5190	6.6247	0.3120	0.3331	0.0103	2.0677	0.0156	7.3603	0.0021	62.9652	-0.2170	0.1992	23.9173	11.6079	17.8091	5.3766	0.7612	0.7596	0.0016	0.2740	0.2740	0.0000	0.4872	0.4856	0.0016	0.5596	0.0087	0.5509	0.0088	0.0087	0.0001	0.5509	0.0001	0.5508	1.3457	1.2019	0.1438	0.5057	0.4770	0.0287	0.8400	0.7249	0.1151	0.4038	0.2440	0.1598	0.1317	0.1210	0.0107	0.2721	0.1230	0.1491	0.4081	17.6250	0.0032	8.1210	8.0119	0.0019	0.2865	1161.9292	0.0038	1.3860	0.0359	3.4476	0.0667	0.0717	0.0103	2.0247	0.0006	3.6940
79	131	0.5065	6	0	1	0	0	0	0	0	0	N	N	N	N	N	N	N	N	N	N	N	N	0.0031	0.0027	0.0013	0.0023	0.0023	0.2215	0.0024	0.0207	0.0013	0.0049	0.0049	0.0048	0.0079	0.0082	0.0029	0.0033	0.0030	0.0052	1.5920	1.8377	3.8156	3.4818	3.5007	0.0132	1.3614	0.1457	3.9201	0.1105	0.4439	-0.0004	-0.2811	23.9173	3.9355	17.8091	8.7078	0.0024	0.0021	0.0002	0.0013	0.0013	0.0000	0.0010	0.0008	0.0002	0.8760	0.6067	0.2693	0.6066	0.6064	0.0002	0.2694	0.0003	0.2692	0.4793	0.4304	0.0488	0.1690	0.1614	0.0076	0.3102	0.2690	0.0412	0.5789	0.3485	0.2304	0.2386	0.2263	0.0123	0.3403	0.1222	0.2181	0.0033	0.0028	0.0041	0.0031	0.0030	0.2215	0.0042	1.3676	0.0042	1.5134	1.7411	1.1690	2.5425	2.6796	0.0132	0.7918	0.0022	1.2341
79	132	0.4949	5	0	1	0	0	0	0	0	0	N	N	N	N	N	N	N	N	N	N	N	N	0.0935	0.1023	0.0009	0.1511	0.1506	0.0052	0.0014	0.0062	0.0009	0.2196	0.2443	0.0045	0.6400	0.6708	0.0028	0.0023	0.0019	0.0048	2.3492	2.3878	4.9855	4.2354	4.4551	0.5486	1.6459	0.3109	5.4692	0.0021	0.5662	-0.0465	-0.2123	23.9173	6.2657	17.8091	3.9760	0.1631	0.1628	0.0003	0.1620	0.1619	0.0000	0.0011	0.0008	0.0003	0.7956	0.5079	0.2876	0.5095	0.5075	0.0019	0.2861	0.0004	0.2857	0.7426	0.6663	0.0763	0.2531	0.2414	0.0117	0.4895	0.4249	0.0647	0.3386	0.2127	0.1259	0.1279	0.1182	0.0097	0.2107	0.0945	0.1162	0.0935	0.1023	0.0020	0.1607	0.1563	0.0141	0.0017	0.4622	0.0020	2.3492	2.3878	2.2840	3.9827	4.2927	0.2004	1.3576	0.0042	2.4577
79	133	0.4176	4	0	1	0	0	0	0	0	0	N	N	N	N	N	N	N	N	N	N	N	N	0.8138	0.6497	0.6150	0.1041	0.0679	20.1522	1.0011	580.2652	0.5958	1.1668	0.9650	2.8158	0.2897	0.1949	1.9509	1.5158	1.2985	2.9577	1.4338	1.4854	4.5783	2.7827	2.8724	0.0968	1.5141	0.0022	4.9646	0.3571	1.5881	-0.0739	-0.0210	23.9173	26.7012	17.8091	18.2690	3.0780	2.2681	0.8099	0.2175	0.1384	0.0791	2.8605	2.1297	0.7308	1.4246	0.5504	0.8742	0.5520	0.5504	0.0016	0.8726	0.0000	0.8725	2.6380	2.3504	0.2876	0.7509	0.7103	0.0406	1.8871	1.6401	0.2471	1.1312	0.6911	0.4401	0.3348	0.3079	0.0269	0.7965	0.3833	0.4132	0.9265	1.2117	1.4176	0.1757	0.1090	32.2861	1.3836	22281.4019	1.4008	1.2593	0.7964	1.9863	1.6490	1.7877	0.0604	1.0955	0.0001	2.1115
79	134	0.1795	3	0	1	0	0	0	0	0	0	N	N	N	N	N	N	N	N	N	N	N	N	1.0875	1.0937	1.2076	0.6342	0.4871	67.3450	1.0451	67.7624	1.0672	0.8455	0.7689	1.4336	0.8981	0.7243	3.6435	0.8356	0.7779	1.2368	0.7775	0.7030	1.1872	1.4161	1.4871	0.0541	0.7995	0.0115	1.1590	0.2429	2.0285	-0.4045	0.0101	23.9173	61.4372	17.8091	55.8589	4.4101	3.5483	0.8618	0.7415	0.5625	0.1791	3.6686	2.9859	0.6827	0.2445	0.0807	0.1638	0.0813	0.0803	0.0010	0.1632	0.0004	0.1628	5.2161	4.6149	0.6011	0.8257	0.7765	0.0492	4.3904	3.8384	0.5520	2.2535	1.2230	1.0305	0.2466	0.2234	0.0232	2.0069	0.9995	1.0073	7.7924	11.6467	9.0211	2.7256	2.0155	86.9494	10.2727	1762.7035	7.6530	0.1085	0.0660	0.1589	0.3295	0.3594	0.0419	0.0813	0.0004	0.1616
79	135	0.0891	2	0	1	0	0	0	0	0	0	N	N	N	N	N	N	N	N	N	N	N	N	0.6493	1.1662	0.1329	0.0599	0.0637	0.0575	0.5871	12.4544	0.1267	1.1619	1.2013	0.8980	0.1265	0.1349	0.0108	1.1857	1.2276	0.9084	1.7895	1.0301	6.7545	2.1141	2.1162	0.1878	2.0193	0.0986	7.1704	0.1118	19.3300	-0.6193	0.7998	23.9173	31.7621	17.8091	18.5886	3.3185	2.9849	0.3336	0.0081	0.0081	0.0000	3.3104	2.9769	0.3335	2.4803	0.1220	2.3583	0.1216	0.1210	0.0006	2.3587	0.0010	2.3576	2.8562	2.4847	0.3715	0.0641	0.0598	0.0043	2.7920	2.4249	0.3672	1.3860	0.7151	0.6710	0.1703	0.1638	0.0065	1.2157	0.5512	0.6644	0.6493	7.0412	0.2555	0.1772	0.1826	0.1110	0.6111	666.9325	0.2560	1.7895	0.1706	3.5147	0.7140	0.7385	0.0973	1.9402	0.0018	3.5483
80	81	0.1042	5	1	1	1	0	0	0	0	0	N	N	N	N	N	N	N	N	N	N	N	N	0.0057	0.0045	0.0336	0.0097	0.0106	0.0001	0.0034	0.0003	0.0463	0.0001	0.0000	0.0003	0.0000	0.0000	0.0000	0.0001	0.0000	0.0003	0.0100	0.0063	0.0076	0.0029	0.0028	0.0051	0.0178	0.0965	0.0058	1.2863	1.6665	0.0000	-0.0000	6.1279	27.2690	3.6878	12.3406	0.0000	0.0000	0.0000	0.0000	0.0000	0.0000	0.0000	0.0000	0.0000	0.0009	0.0003	0.0005	0.0001	0.0001	0.0000	0.0007	0.0002	0.0005	0.6447	0.5641	0.0806	0.0870	0.0825	0.0045	0.5577	0.4817	0.0760	0.2623	0.1557	0.1066	0.0429	0.0410	0.0018	0.2194	0.1146	0.1048	0.0172	0.0136	0.0503	0.0097	0.0106	0.0001	0.0181	0.0154	0.0533	0.0033	0.0021	0.0051	0.0029	0.0028	0.0051	0.0034	0.0018	0.0051
80	82	0.0888	4	0	1	0	0	0	0	0	0	N	N	N	N	N	N	N	N	N	N	N	N	0.0442	0.0223	0.1360	0.0111	0.0086	23.0019	0.0537	0.0025	0.0790	0.0005	0.0005	0.0001	0.0002	0.0001	0.0009	0.0005	0.0006	0.0001	0.0103	0.0223	0.0011	0.0161	0.0173	0.0000	0.0098	0.2421	0.0011	0.0372	0.1491	-0.0000	-0.0001	6.1279	9.0798	3.6878	0.9519	0.0001	0.0001	0.0000	0.0000	0.0000	0.0000	0.0001	0.0001	0.0000	0.0002	0.0002	0.0000	0.0001	0.0001	0.0000	0.0001	0.0001	0.0000	0.2646	0.2345	0.0300	0.0537	0.0517	0.0021	0.2108	0.1828	0.0280	0.0698	0.0410	0.0288	0.0105	0.0100	0.0005	0.0593	0.0310	0.0283	0.1352	0.0992	0.1360	0.0177	0.0140	23.0019	0.2408	0.1858	0.0790	0.0034	0.0050	0.0011	0.0101	0.0106	0.0000	0.0022	0.0032	0.0011
80	84	0.0738	5	0	1	1	0	0	0	0	0	N	N	N	N	N	N	N	N	N	N	N	N	0.4278	0.2814	0.0080	0.0000	0.0000	20.2111	11.6996	401.9213	0.0098	1.9030	2.1831	0.0004	0.0000	0.0000	0.0000	2.1428	2.4785	0.0005	4.4483	7.7589	0.0560	25.0940	27.7066	0.0000	0.1831	0.0062	0.0488	0.0000	0.0024	-0.2871	-0.6199	6.1279	20.4085	3.6878	11.0867	0.9999	0.9999	0.0000	0.0000	0.0000	0.0000	0.9999	0.9999	0.0000	0.9902	0.9879	0.0023	0.9879	0.9879	0.0000	0.0024	0.0000	0.0023	0.5255	0.4580	0.0674	0.0588	0.0546	0.0042	0.4667	0.4034	0.0632	0.2226	0.1273	0.0953	0.0394	0.0357	0.0037	0.1832	0.0917	0.0916	0.4278	0.2814	0.0183	0.0000	0.0000	20.2111	166.9651	10279.2425	0.0188	4.4483	7.7589	0.0244	25.0940	27.7066	0.0000	0.0128	0.0002	0.0254
80	85	0.0700	4	0	1	1	0	0	0	0	0	N	N	N	N	N	N	N	N	N	N	N	N	0.0020	0.0011	0.0388	0.0019	0.0019	4.8873	0.0110	0.0018	0.0546	0.0004	0.0004	0.0005	0.0005	0.0005	0.0001	0.0004	0.0003	0.0006	0.2007	0.3590	0.0124	0.2416	0.2556	0.0000	0.0339	0.1927	0.0102	0.1697	0.2356	-0.0000	-0.0002	6.1279	3.1287	3.6878	1.1816	0.0000	0.0000	0.0000	0.0000	0.0000	0.0000	0.0000	0.0000	0.0000	0.0006	0.0004	0.0001	0.0004	0.0004	0.0000	0.0001	0.0000	0.0001	0.1186	0.1044	0.0142	0.0349	0.0322	0.0027	0.0837	0.0722	0.0115	0.0357	0.0212	0.0145	0.0072	0.0067	0.0005	0.0285	0.0145	0.0140	0.0254	0.0181	0.0657	0.0080	0.0078	4.8873	0.0735	0.1302	0.0739	0.0155	0.0212	0.0073	0.0568	0.0612	0.0000	0.0050	0.0026	0.0076
80	86	0.0631	3	0	1	0	0	0	0	0	0	N	N	N	N	N	N	N	N	N	N	N	N	0.0781	0.0376	3.3935	0.0066	0.0072	0.0026	0.3706	1.9311	4.9080	0.0425	0.0256	0.1614	0.0062	0.0068	0.0003	0.0525	0.0310	0.1922	0.5440	0.6799	0.0476	0.9392	0.9458	0.1123	0.1416	0.0160	0.0392	0.8985	0.2505	0.0010	-0.0011	6.1279	4.0532	3.6878	2.2470	0.0055	0.0029	0.0026	0.0002	0.0002	0.0000	0.0053	0.0027	0.0026	0.0025	0.0020	0.0005	0.0020	0.0020	0.0001	0.0005	0.0000	0.0004	0.1287	0.1127	0.0160	0.0278	0.0252	0.0026	0.1009	0.0874	0.0135	0.0545	0.0322	0.0223	0.0113	0.0105	0.0008	0.0432	0.0216	0.0216	0.9264	0.4114	7.2030	0.0345	0.0362	0.0042	4.9221	52.5059	9.2562	0.0458	0.0621	0.0224	0.1808	0.1888	0.0696	0.0107	0.0006	0.0208
80	87	0.0399	2	0	1	0	0	0	0	0	0	N	N	N	N	N	N	N	N	N	N	N	N	4.2636	4.1601	0.1247	0.0109	0.0108	0.0027	5.4255	12.6425	0.1550	5.3411	6.1538	0.4454	0.0271	0.0267	0.0301	7.2944	8.5029	0.5615	1.2527	1.4793	3.5726	2.4893	2.4675	11.0851	1.3445	0.6726	3.6231	0.0120	1.1074	-0.2667	-0.0320	6.1279	4.7288	3.6878	9.8540	0.9690	0.9575	0.0115	0.0013	0.0012	0.0002	0.9677	0.9564	0.0113	0.3109	0.1475	0.1634	0.1480	0.1468	0.0012	0.1629	0.0007	0.1621	0.1814	0.1556	0.0258	0.0488	0.0431	0.0056	0.1327	0.1125	0.0202	0.3512	0.1889	0.1622	0.1358	0.1349	0.0009	0.2154	0.0541	0.1613	6.0338	7.8830	0.4423	0.0249	0.0245	0.0222	9.6470	622.8925	0.5587	0.8852	0.7807	1.0070	1.0899	1.0881	1.3582	0.7561	0.0137	1.0050
80	89	0.0839	3	0	2	0	0	0	0	0	0	N	Y	N	N	N	N	N	N	N	N	N	N	6.4157	5.0192	0.0392	3.5590	3.7904	2.4484	28.6412	58.3244	0.0444	1.6589	1.8970	0.0010	1.3922	1.4726	0.0019	1.7011	1.9706	0.0010	0.2586	0.3779	0.0260	0.3912	0.3885	0.0008	0.0594	0.0338	0.0218	0.0001	0.4371	-0.2012	-0.0009	6.1279	15.4622	3.6878	5.2688	0.7010	0.7010	0.0001	0.0804	0.0804	0.0000	0.6206	0.6205	0.0000	0.0029	0.0020	0.0009	0.0019	0.0019	0.0000	0.0009	0.0001	0.0009	0.4226	0.3695	0.0531	0.0578	0.0546	0.0032	0.3648	0.3149	0.0499	0.1563	0.0885	0.0677	0.0249	0.0240	0.0009	0.1314	0.0645	0.0669	90.2767	84.0591	0.0792	17.8739	18.2604	2.4484	239.0116	2034.3134	0.0740	0.0184	0.0226	0.0129	0.0779	0.0806	0.0008	0.0071	0.0010	0.0131
80	90	0.0721	2	0	1	0	0	0	0	0	0	N	N	N	N	N	N	N	N	N	N	N	N	2.9000	3.3756	1.1210	0.3740	0.3982	0.7219	3.2583	2.6365	1.5696	1.6672	1.8526	0.3275	0.1309	0.1339	0.0805	1.9706	2.2230	0.3476	0.5749	0.5488	0.2922	0.3501	0.3363	0.1115	0.6048	0.8432	0.2215	0.0245	1.0960	-0.1024	-0.0004	6.1279	7.5917	3.6878	1.5198	0.3891	0.3798	0.0093	0.0050	0.0049	0.0002	0.3840	0.3749	0.0091	0.0042	0.0020	0.0022	0.0013	0.0012	0.0001	0.0029	0.0008	0.0021	0.2334	0.2050	0.0284	0.0385	0.0364	0.0021	0.1949	0.1687	0.0262	0.0828	0.0483	0.0344	0.0177	0.0164	0.0013	0.0650	0.0319	0.0331	33.0430	44.9318	5.1662	1.8107	1.8449	1.1668	44.2884	88.6231	5.5028	0.0505	0.0412	0.0634	0.0723	0.0726	0.0690	0.0445	0.0251	0.0632
80	91	0.1813	6	1	1	1	0	0	0	0	0	N	N	N	N	N	N	N	N	N	N	N	N	inf	inf	inf	inf	0.0015	0.0017	0.0000	0.0000	0.0000	0.0000	0.0018	0.0020	0.0000	0.0000	0.0000	0.0000	0.0000	0.0000	0.0000	0.0000	0.0000	0.0000	0.0000	-0.0000	0.0000	6.1279	3.0317	3.6878	0.1644	0.0001	0.0001	0.0000	0.0000	0.0000	0.0000	0.0001	0.0001	0.0000	0.0000	0.0000	0.0000	0.0000	0.0000	0.0000	0.0000	0.0000	0.0000	0.0746	0.0653	0.0092	0.0123	0.0116	0.0007	0.0623	0.0537	0.0086	0.0216	0.0130	0.0087	0.0036	0.0034	0.0002	0.0180	0.0095	0.0085	inf	inf	0.0000	0.0000	0.0000	0.0000	inf	inf	0.0000	0.0000	0.0000	0.0000	0.0000	0.0000	0.0000	0.0000	0.0000	0.0000						
80	92	0.1756	5	1	1	1	0	0	0	0	0	N	N	N	N	N	N	N	N	N	N	N	N	0.0060	0.0153	0.0000	0.0041	0.0041	0.0030	0.0191	0.0000	0.0000	0.0000	0.0000	0.0000	0.0000	0.0000	0.0000	0.0000	0.0000	0.0003	0.0001	0.0005	0.0005	0.0005	0.0000	0.0007	0.0001	0.0005	0.0000	2.2203	-0.0000	0.0000	6.1279	2.6632	3.6878	1.0147	0.0000	0.0000	0.0000	0.0000	0.0000	0.0000	0.0000	0.0000	0.0000	0.0000	0.0000	0.0000	0.0000	0.0000	0.0000	0.0000	0.0000	0.0000	0.0949	0.0853	0.0096	0.0357	0.0339	0.0018	0.0592	0.0514	0.0078	0.0260	0.0158	0.0102	0.0047	0.0044	0.0002	0.0214	0.0114	0.0100	0.0070	0.0153	0.0000	0.0041	0.0041	0.0000	0.0084	5.9410	0.0000	0.0003	0.0001	0.0005	0.0005	0.0005	0.0000	0.0002	0.0000	0.0005	
80	93	0.0923	4	1	1	1	0	0	0	0	0	N	N	N	N	N	N	N	N	N	N	N	N	0.0397	0.0409	0.0029	0.5598	1.0727	0.0066	0.0019	0.0001	0.0001	0.0004	0.0005	0.0000	0.0025	0.0026	0.0002	0.0000	0.0000	0.0000	0.0103	0.0113	0.0042	0.0045	0.0024	0.0366	0.0172	0.2660	0.0030	0.0035	0.7836	-0.0001	-0.0002	6.1279	35.0787	3.6878	12.2568	0.0004	0.0004	0.0000	0.0003	0.0003	0.0000	0.0000	0.0000	0.0000	0.0010	0.0006	0.0005	0.0002	0.0001	0.0001	0.0008	0.0005	0.0004	0.8942	0.7880	0.1062	0.1353	0.1302	0.0051	0.7589	0.6578	0.1010	0.3062	0.1796	0.1266	0.0486	0.0459	0.0026	0.2576	0.1337	0.1240	0.1217	0.1439	0.0034	0.6325	1.0727	0.0078	0.0101	0.0108	0.0001	0.0034	0.0032	0.0036	0.0040	0.0024	0.0309	0.0032	0.0035	0.0030
80	94	0.0788	3	1	1	0	0	0	0	0	0	N	N	N	N	N	N	N	N	N	N	N	N	0.0017	0.0015	0.0093	0.0103	0.0109	0.0470	0.0007	0.0004	0.0070	0.0009	0.0010	0.0007	0.0028	0.0027	0.0073	0.0004	0.0004	0.0004	0.5374	0.6367	0.0729	0.2696	0.2474	0.1545	0.5863	1.1104	0.0554	0.0844	0.3664	-0.0001	-0.0013	6.1279	8.4810	3.6878	2.3446	0.0003	0.0003	0.0000	0.0002	0.0002	0.0000	0.0001	0.0001	0.0000	0.0035	0.0026	0.0009	0.0008	0.0007	0.0000	0.0027	0.0019	0.0009	0.2919	0.2606	0.0313	0.0635	0.0622	0.0013	0.2284	0.1984	0.0300	0.0787	0.0465	0.0322	0.0126	0.0120	0.0006	0.0662	0.0345	0.0316	0.0208	0.0174	0.0231	0.0457	0.0451	0.0846	0.0100	0.0078	0.0138	0.0446	0.0553	0.0292	0.0610	0.0598	0.0859	0.0415	0.0537	0.0282
80	96	0.4335	5	0	2	0	0	0	0	0	0	N	Y	N	N	N	N	N	N	N	N	N	N	4.0675	1.7808	13.8975	3.5331	3.7401	0.0491	3.1824	0.0018	17.6348	4.2050	2.4177	18.5575	7.3739	7.8142	0.0183	2.9008	0.0004	21.7957	1.0338	1.3576	1.3353	2.0871	2.0893	0.3725	0.9115	0.2535	1.2359	0.9558	0.2380	0.3932	-0.0647	6.1279	18.5150	3.6878	10.2301	1.9505	0.9973	0.9532	0.9973	0.9972	0.0001	0.9532	0.0001	0.9531	0.1484	0.1199	0.0285	0.1210	0.1197	0.0014	0.0274	0.0002	0.0272	0.4639	0.4125	0.0514	0.1352	0.1276	0.0076	0.3286	0.2849	0.0437	0.4018	0.2358	0.1660	0.1760	0.1671	0.0089	0.2258	0.0687	0.1571	11.3825	4.7556	107.9335	10.7215	10.9120	0.1194	23.9030	0.1330	125.9957	0.3694	0.5084	0.1719	0.6878	0.7161	0.1533	0.1214	0.0033	0.1730
80	97	0.0452	2	0	2	0	0	0	0	0	0	N	Y	N	N	N	N	N	N	N	N	N	N	1.3247	112.4401	0.7645	0.3086	0.3045	0.0023	1.1975	10.4898	0.7370	2.8112	2.1456	7.2705	0.0059	0.0061	0.0000	2.8784	2.2026	7.3181	2.1221	0.0191	9.5101	0.0192	0.0202	0.0029	2.4036	0.2100	9.9300	0.5058	803.7173	0.1467	0.3669	6.1279	46.1140	3.6878	26.4917	3.0094	1.9986	1.0108	0.0001	0.0001	0.0000	3.0093	1.9985	1.0108	0.9905	0.0012	0.9892	0.0006	0.0006	0.0000	0.9898	0.0006	0.9892	1.0705	0.9315	0.1390	0.0251	0.0242	0.0009	1.0455	0.9073	0.1381	0.4667	0.2697	0.1971	0.0549	0.0533	0.0016	0.4118	0.2164	0.1954	1.3247	470.0861	1.4484	0.5194	0.5268	0.0023	1.1975	781.4337	1.4458	2.1221	0.0046	5.0197	0.0114	0.0117	0.0029	2.4036	0.0028	5.0617
80	98	0.4864	7	0	2	0	0	0	0	0	0	N	Y	N	N	N	N	N	N	N	N	N	N	1.0582	0.6755	5.8609	0.1744	0.1680	0.2361	19.4774	1.1183	inf	0.0033	0.0034	0.0022	0.0007	0.0007	0.0008	0.0044	0.0047	0.0024	0.0031	0.0050	0.0004	0.0042	0.0043	0.0033	0.0002	0.0042	0.0000	0.0769	0.0941	-0.0003	-0.0001	6.1279	20.7840	3.6878	8.9470	0.0015	0.0014	0.0001	0.0001	0.0001	0.0000	0.0014	0.0013	0.0001	0.0002	0.0002	0.0000	0.0002	0.0002	0.0000	0.0000	0.0000	0.0000	0.4649	0.4151	0.0498	0.1420	0.1348	0.0073	0.3229	0.2803	0.0425	0.1725	0.1192	0.0533	0.0578	0.0518	0.0060	0.1147	0.0674	0.0473	2.4464	1.9239	5.8609	0.1910	0.1874	0.2361	50.4017	31.6466	inf	0.0013	0.0018	0.0004	0.0038	0.0039	0.0033	0.0001	0.0001	0.0000
80	99	0.4815	6	0	1	0	0	0	0	0	0	N	N	N	N	N	N	N	N	N	N	N	N	0.0053	0.0021	0.0210	0.0153	0.0192	0.0007	0.0024	0.0001	0.0923	0.0003	0.0003	0.0001	0.0004	0.0004	0.0000	0.0001	0.0001	0.0002	0.0481	0.1314	0.0053	0.0245	0.0206	0.0711	0.0372	0.6144	0.0016	0.0436	0.2160	-0.0000	-0.0001	6.1279	2.7834	3.6878	1.0450	0.0000	0.0000	0.0000	0.0000	0.0000	0.0000	0.0000	0.0000	0.0000	0.0003	0.0003	0.0001	0.0002	0.0002	0.0000	0.0001	0.0001	0.0000	0.1853	0.1675	0.0178	0.1087	0.1019	0.0068	0.0766	0.0656	0.0111	0.0383	0.0240	0.0144	0.0147	0.0140	0.0007	0.0237	0.0100	0.0137	0.0300	0.0242	0.0275	0.0273	0.0334	0.0010	0.0169	0.0077	0.0923	0.0086	0.0113	0.0040	0.0137	0.0119	0.0502	0.0053	0.0104	0.0016
80	100	0.4714	5	0	1	0	0	0	0	0	0	N	N	N	N	N	N	N	N	N	N	N	N	0.0077	0.0094	0.0204	0.0162	0.0244	0.0007	0.0060	0.0019	0.0626	0.0002	0.0002	0.0004	0.0002	0.0003	0.0000	0.0001	0.0001	0.0005	0.0240	0.0176	0.0175	0.0148	0.0104	0.0657	0.0214	0.0357	0.0081	0.2419	1.1240	-0.0000	-0.0001	6.1279	7.6044	3.6878	2.7972	0.0001	0.0001	0.0000	0.0000	0.0000	0.0000	0.0000	0.0000	0.0000	0.0006	0.0003	0.0003	0.0004	0.0003	0.0001	0.0002	0.0000	0.0002	0.3457	0.3110	0.0347	0.1736	0.1623	0.0113	0.1720	0.1487	0.0234	0.0984	0.0643	0.0341	0.0389	0.0365	0.0025	0.0594	0.0278	0.0317	0.0303	0.0376	0.0385	0.0251	0.0364	0.0009	0.0336	0.0683	0.0808	0.0061	0.0044	0.0093	0.0095	0.0070	0.0479	0.0038	0.0010	0.0063
80	101	0.4219	4	0	1	0	0	0	0	0	0	N	N	N	N	N	N	N	N	N	N	N	N	0.1067	0.0606	0.2789	0.0864	0.0884	0.0271	0.0872	0.0303	0.3871	0.1464	0.1071	0.4635	0.3184	0.3345	0.0383	0.0754	0.0048	0.5355	1.3721	1.7685	1.6621	3.6853	3.7862	1.4152	0.8642	0.1571	1.3834	0.5358	0.0713	0.0043	-0.1413	6.1279	18.4780	3.6878	12.4520	0.0696	0.0453	0.0243	0.0442	0.0439	0.0003	0.0254	0.0014	0.0240	0.2515	0.2348	0.0167	0.2372	0.2346	0.0026	0.0143	0.0002	0.0141	0.4757	0.4233	0.0524	0.1390	0.1314	0.0076	0.3367	0.2919	0.0448	0.2247	0.1462	0.0785	0.0822	0.0755	0.0067	0.1424	0.0706	0.0718	0.1307	0.0667	2.1733	0.1104	0.1077	0.0989	0.7509	2.0594	2.7193	1.1196	1.6065	0.2133	2.8846	3.1069	0.3877	0.1004	0.0023	0.1969
80	102	0.1301	4	0	2	0	0	0	0	0	0	N	Y	N	N	N	N	N	N	N	N	N	N	0.0128	0.0165	0.0047	0.0452	0.0532	0.0005	0.0015	0.0015	0.0058	0.0096	0.0100	0.0062	0.0360	0.0372	0.0006	0.0012	0.0004	0.0067	0.7506	0.6093	1.3216	0.7947	0.6977	1.3201	0.7973	0.2702	1.1522	0.0758	2.0686	-0.0024	0.0020	6.1279	34.1922	3.6878	22.4626	0.0110	0.0102	0.0008	0.0099	0.0099	0.0000	0.0011	0.0003	0.0008	0.0433	0.0141	0.0292	0.0159	0.0135	0.0024	0.0274	0.0006	0.0268	1.1386	1.0147	0.1239	0.2754	0.2663	0.0091	0.8632	0.7484	0.1148	0.4479	0.2751	0.1728	0.1064	0.0997	0.0067	0.3416	0.1755	0.1661	0.0995	0.1957	0.0369	0.2401	0.2744	0.0017	0.0154	0.1106	0.0414	0.0967	0.0513	0.1691	0.1497	0.1354	0.3637	0.0802	0.0036	0.1612
80	103	0.0822	3	0	2	0	0	0	0	0	0	N	Y	N	N	N	N	N	N	N	N	N	N	0.0065	0.0122	0.0050	0.0251	0.0258	0.0076	0.0029	0.0020	0.0048	0.0265	0.0213	0.0640	0.1041	0.1075	0.0252	0.0122	0.0036	0.0662	4.0578	1.7425	12.8685	4.1397	4.1593	3.3199	4.1698	1.8194	13.6741	0.4196	3.7749	0.0001	0.1991	6.1279	22.5884	3.6878	11.0115	0.0176	0.0124	0.0052	0.0108	0.0107	0.0001	0.0068	0.0017	0.0051	1.2271	0.2570	0.9701	0.2311	0.2303	0.0008	0.9960	0.0267	0.9693	0.6633	0.5821	0.0812	0.1036	0.0993	0.0043	0.5597	0.4828	0.0769	0.3024	0.1674	0.1350	0.0635	0.0622	0.0013	0.2389	0.1051	0.1337	0.0065	0.0139	0.0089	0.0286	0.0291	0.0395	0.0029	0.0140	0.0091	4.0578	1.5353	7.1851	3.6371	3.6993	0.6379	4.1698	0.2541	7.2484
80	104	0.0522	2	0	1	0	0	0	0	0	0	N	N	N	N	N	N	N	N	N	N	N	N	0.0301	0.0100	0.0649	0.0280	0.0285	1.8499	0.0244	0.0045	0.0697	0.0300	0.0118	0.1565	0.0570	0.0566	0.0657	0.0257	0.0040	0.1611	0.9972	1.1760	2.4121	2.0335	1.9854	0.0355	1.0554	0.8834	2.3111	1.9064	1.1584	0.0039	-0.0059	6.1279	11.8100	3.6878	8.7888	0.0105	0.0036	0.0069	0.0027	0.0026	0.0001	0.0078	0.0010	0.0067	0.0647	0.0300	0.0347	0.0281	0.0281	0.0000	0.0367	0.0019	0.0347	0.3499	0.3059	0.0440	0.0475	0.0454	0.0021	0.3024	0.2605	0.0418	0.2066	0.1116	0.0950	0.0447	0.0443	0.0004	0.1618	0.0673	0.0946	0.0957	0.0439	0.4278	0.0908	0.0893	2.1751	0.1136	0.1394	0.4386	0.3135	0.2689	0.3659	0.6281	0.6338	0.0302	0.2265	0.0286	0.3673
80	106	0.0888	4	0	2	0	0	0	0	0	0	N	Y	N	N	N	N	N	N	N	N	N	N	0.1626	0.0797	1.1301	0.2298	0.2129	inf	0.0777	0.0045	1.1631	0.0001	0.0001	0.0004	0.0001	0.0001	0.0001	0.0001	0.0001	0.0004	0.0007	0.0009	0.0003	0.0002	0.0002	0.0000	0.0015	0.0171	0.0003	0.6838	0.4356	0.0000	-0.0000	6.1279	20.0414	3.6878	7.0324	0.0001	0.0000	0.0000	0.0000	0.0000	0.0000	0.0001	0.0000	0.0000	0.0001	0.0001	0.0000	0.0000	0.0000	0.0000	0.0001	0.0000	0.0000	0.5156	0.4539	0.0617	0.0803	0.0768	0.0035	0.4354	0.3771	0.0582	0.1786	0.1045	0.0742	0.0255	0.0243	0.0012	0.1531	0.0802	0.0729	0.2435	0.1379	1.1301	0.2298	0.2129	inf	0.2467	0.1256	1.1631	0.0004	0.0005	0.0003	0.0002	0.0002	0.0000	0.0005	0.0006	0.0003
80	107	0.0788	3	0	1	0	0	0	0	0	0	N	N	N	N	N	N	N	N	N	N	N	N	0.0189	0.0160	0.1495	0.0580	0.0867	0.0426	0.0197	0.0105	0.1774	0.0094	0.0098	0.0059	0.0016	0.0014	0.0089	0.0118	0.0127	0.0058	0.4967	0.6107	0.0395	0.0271	0.0165	0.2081	0.5983	1.2145	0.0325	0.0700	0.2485	-0.0005	-0.0010	6.1279	7.0315	3.6878	1.2144	0.0024	0.0023	0.0002	0.0001	0.0001	0.0000	0.0023	0.0022	0.0001	0.0023	0.0019	0.0005	0.0001	0.0001	0.0000	0.0022	0.0018	0.0004	0.2583	0.2315	0.0268	0.0615	0.0604	0.0012	0.1968	0.1711	0.0256	0.0612	0.0363	0.0249	0.0101	0.0097	0.0005	0.0511	0.0267	0.0244	0.2442	0.1887	0.3143	0.1071	0.1402	0.0833	0.2741	0.1901	0.3375	0.0383	0.0517	0.0188	0.0147	0.0102	0.1065	0.0431	0.0668	0.0171
80	108	0.0452	2	0	1	0	0	0	0	0	0	N	N	N	N	N	N	N	N	N	N	N	N	0.0001	0.0001	0.0001	0.0146	0.0138	0.0420	0.0001	0.0000	0.0001	0.0009	0.0007	0.0028	0.0009	0.0009	0.0004	0.0010	0.0007	0.0028	12.4419	10.5183	23.4894	0.0599	0.0643	0.0085	14.5106	13.7886	25.8714	0.6198	1.0177	0.0000	-0.2458	6.1279	16.2725	3.6878	4.4748	0.0004	0.0002	0.0002	0.0000	0.0000	0.0000	0.0004	0.0002	0.0002	1.9832	0.9829	1.0003	0.0006	0.0006	0.0000	1.9826	0.9823	1.0003	0.4253	0.3693	0.0560	0.0183	0.0180	0.0003	0.4070	0.3514	0.0556	0.1594	0.0934	0.0660	0.0228	0.0222	0.0006	0.1366	0.0712	0.0654	0.0001	0.0001	0.0002	0.0326	0.0324	0.0420	0.0001	0.0000	0.0002	12.4419	10.5183	15.1673	0.0269	0.0273	0.0085	14.5106	13.7886	15.2971
80	109	0.0980	3	0	2	0	0	0	0	0	0	N	Y	N	N	N	N	N	N	N	N	N	N	2.4547	1.7324	17.5758	4.6456	6.0923	0.0445	1.7119	0.2993	27.4898	0.0176	0.0067	0.0961	0.0491	0.0518	0.0015	0.0134	0.0002	0.1012	0.0072	0.0038	0.0055	0.0106	0.0085	0.0326	0.0078	0.0006	0.0037	2.0093	2.2552	0.0066	0.0001	6.1279	40.5309	3.6878	14.7974	0.0173	0.0057	0.0115	0.0056	0.0056	0.0000	0.0117	0.0001	0.0115	0.0009	0.0003	0.0007	0.0004	0.0003	0.0001	0.0006	0.0000	0.0006	0.9828	0.8627	0.1201	0.1143	0.1082	0.0061	0.8685	0.7545	0.1140	0.3604	0.2000	0.1604	0.0492	0.0466	0.0026	0.3112	0.1534	0.1578	6.7162	4.5925	23.5835	6.6630	8.3367	0.0512	7.1933	48.4314	27.4898	0.0026	0.0014	0.0041	0.0074	0.0062	0.0284	0.0019	0.0000	0.0037
80	110	0.0721	2	0	2	0	0	0	0	0	0	N	Y	N	N	N	N	N	N	N	N	N	N	0.6464	0.1129	7.3541	0.4357	0.6626	0.0032	0.8084	0.0328	17.6159	0.3569	0.0550	2.4734	0.3356	0.3551	0.0134	0.3598	0.0093	2.6190	0.5521	0.4868	0.3363	0.7704	0.5358	4.2128	0.4451	0.2824	0.1487	6.4205	1.6445	0.0774	-0.0000	6.1279	13.5236	3.6878	3.5331	0.1340	0.0181	0.1159	0.0155	0.0154	0.0000	0.1185	0.0026	0.1159	0.0064	0.0024	0.0040	0.0033	0.0022	0.0011	0.0031	0.0002	0.0029	0.3754	0.3285	0.0469	0.0460	0.0434	0.0026	0.3294	0.2851	0.0442	0.1354	0.0764	0.0589	0.0231	0.0215	0.0016	0.1123	0.0549	0.0574	7.5700	1.7406	36.7308	2.3295	3.4616	0.0186	13.2201	2.4798	52.7044	0.0471	0.0316	0.0673	0.1441	0.1026	0.7206	0.0272	0.0037	0.0497
80	112	0.1205	5	1	2	0	1	0	0	0	0	N	Y	N	N	N	N	N	N	N	N	N	N	0.0000	0.0000	22.2149	28.8179	27.0939	0.0000	0.0000	21.7498	0.0011	0.0010	0.0017	0.0006	0.0006	0.0000	0.0013	0.0013	0.0017	67.9349	109.2583	0.0001	0.0000	0.0000	0.0000	85.0436	156.6656	0.0001	0.2446	0.0000	-0.0000	-0.6251	6.1279	0.0019	3.6878	1.9928	0.0000	0.0000	0.0000	0.0000	0.0000	0.0000	0.0000	0.0000	0.0000	0.9948	0.9948	0.0000	0.0000	0.0000	0.0000	0.9948	0.9948	0.0000	0.0001	0.0001	0.0000	0.0000	0.0000	0.0000	0.0001	0.0001	0.0000	0.0146	0.0091	0.0055	0.0029	0.0028	0.0002	0.0117	0.0063	0.0053	0.0000	0.0000	22.2149	28.8179	27.0939	0.0000	0.0000	0.0000	21.7498	67.9349	109.2583	0.0001	0.0000	0.0000	0.0000	85.0436	156.6656	0.0001	
80	113	0.0969	4	1	2	0	1	0	0	0	0	N	Y	N	N	N	N	N	N	N	N	N	N	0.0223	0.0188	0.1546	8.7696	8.4749	0.7285	0.0182	0.0096	0.1778	0.0124	0.0122	0.0135	0.0116	0.0119	0.0000	0.0125	0.0122	0.0138	0.5538	0.6478	0.0874	0.0013	0.0014	0.0000	0.6838	1.2715	0.0776	0.1792	0.4022	-0.0004	-0.0018	6.1279	8.6942	3.6878	6.0502	0.0031	0.0026	0.0005	0.0003	0.0003	0.0000	0.0027	0.0023	0.0005	0.0051	0.0037	0.0015	0.0000	0.0000	0.0000	0.0051	0.0036	0.0015	0.2486	0.2141	0.0346	0.0289	0.0281	0.0007	0.2197	0.1859	0.0338	0.1081	0.0643	0.0438	0.0186	0.0175	0.0011	0.0896	0.0469	0.0427	0.2603	0.2139	0.4020	8.7696	8.4749	0.7285	0.2185	0.1574	0.4005	0.0475	0.0569	0.0336	0.0013	0.0014	0.0000	0.0570	0.0776	0.0345
80	114	0.1180	8	0	2	0	1	0	0	0	0	N	Y	N	N	N	N	N	N	N	N	N	N	0.0000	0.0000	0.0000	0.0000	0.0000	0.0000	0.0000	0.0000	0.0000	0.0000	0.0000	0.0000	0.0000	0.3650	0.0000	0.2017	0.0000	0.0000	0.0000	0.5939	0.0000	0.1603	inf	0.0000	0.0000	6.1279	0.0001	3.6878	0.0001	0.0000	0.0000	0.0000	0.0000	0.0000	0.0000	0.0000	0.0000	0.0000	0.0000	0.0000	0.0000	0.0000	0.0000	0.0000	0.0000	0.0000	0.0000	0.0000	0.0000	0.0000	0.0000	0.0000	0.0000	0.0000	0.0000	0.0000	0.0000	0.0000	0.0000	0.0000	0.0000	0.0000	0.0000	0.0000	0.0000	0.0000	0.0000	0.0000	0.0000	0.0000	0.0000	0.0000	0.0000	0.0000	0.0246	0.0000	0.0518	0.0000	0.0000	0.0000	0.0426	0.0000	0.0521						
80	115	0.1113	7	0	2	0	1	0	0	0	0	N	Y	N	N	N	N	N	N	N	N	N	N	0.0000	0.0000	0.0000	0.0000	0.0000	0.0000	0.0000	0.0000	0.0000	0.0000	0.0000	0.0000	0.0000	0.5805	0.0000	0.9351	0.0000	0.0000	0.0000	0.7041	0.0000	0.8205	inf	0.0000	0.0005	6.1279	3.0007	3.6878	1.0012	0.0000	0.0000	0.0000	0.0000	0.0000	0.0000	0.0000	0.0000	0.0000	0.0014	0.0000	0.0014	0.0000	0.0000	0.0000	0.0014	0.0000	0.0014	0.0759	0.0661	0.0098	0.0066	0.0063	0.0003	0.0692	0.0598	0.0094	0.0285	0.0170	0.0115	0.0048	0.0045	0.0003	0.0237	0.0125	0.0112	0.0000	0.0000	0.0000	0.0000	0.0000	0.0000	0.0000	0.0000	0.0000	0.0508	0.0000	0.1259	0.0000	0.0000	0.0000	0.0612	0.0000	0.1296						
80	116	0.1095	6	0	1	0	1	0	0	0	0	N	N	N	N	N	N	N	N	N	N	N	N	0.0000	0.0000	0.0000	0.0000	0.0000	0.0000	0.0000	0.0000	0.0000	0.0000	0.0000	0.0000	0.0000	0.0000	0.0000	0.0000	0.0001	0.0000	0.0002	0.0000	0.0000	0.0000	0.0002	0.0000	0.0002	13.0047	0.0000	0.0000	6.1279	1.1177	3.6878	0.0023	0.0000	0.0000	0.0000	0.0000	0.0000	0.0000	0.0000	0.0000	0.0000	0.0000	0.0000	0.0000	0.0000	0.0000	0.0000	0.0000	0.0000	0.0000	0.0298	0.0261	0.0037	0.0039	0.0037	0.0002	0.0260	0.0224	0.0035	0.0080	0.0048	0.0032	0.0014	0.0013	0.0001	0.0067	0.0035	0.0032	0.0000	0.0000	0.0000	0.0000	0.0000	0.0000	0.0000	0.0000	0.0000	0.0001	0.0000	0.0002	0.0000	0.0000	0.0000	0.0001	0.0000	0.0002			
80	117	0.1065	2	0	2	0	0	0	0	0	0	N	Y	N	N	N	N	N	N	N	N	N	N	0.8834	0.7327	0.0006	0.0006	0.0006	0.0019	3.0824	24.8860	0.0008	1.1102	1.2576	0.0001	0.0029	0.0031	0.0001	1.3168	1.5123	0.0001	1.2567	1.7164	0.2007	4.7699	5.0039	0.0417	0.4272	0.0608	0.1600	0.0000	0.0234	-0.2505	-0.2113	6.1279	31.2782	3.6878	23.9277	0.8724	0.8724	0.0000	0.0004	0.0004	0.0000	0.8720	0.8720	0.0000	0.3489	0.3410	0.0080	0.3409	0.3407	0.0001	0.0081	0.0002	0.0079	0.7858	0.6937	0.0921	0.1235	0.1171	0.0064	0.6622	0.5766	0.0856	0.3858	0.2317	0.1540	0.0715	0.0681	0.0034	0.3143	0.1636	0.1507	1.2274	0.8546	0.0023	0.0006	0.0006	0.0023	51.1853	1072.0642	0.0023	0.9045	1.4715	0.0517	4.7699	5.0039	0.0345	0.0257	0.0014	0.0521
80	118	0.1095	6	0	1	1	1	0	0	0	0	N	N	N	N	N	N	N	N	N	N	N	N	0.0000	0.0000	0.0000	0.0000	0.0000	0.0000	0.0000	0.0000	0.0000	0.0000	0.0000	0.0000	0.0000	0.0000	0.0000	0.0000	0.0000	0.0000	0.0000	0.0000	0.0000	0.0000	0.0000	0.0000	-0.0000	6.1279	3.8827	3.6878	2.9998	0.0000	0.0000	0.0000	0.0000	0.0000	0.0000	0.0000	0.0000	0.0000	0.0000	0.0000	0.0000	0.0000	0.0000	0.0000	0.0000	0.0000	0.0000	0.0993	0.0867	0.0127	0.0099	0.0094	0.0005	0.0894	0.0773	0.0122	0.0486	0.0290	0.0197	0.0082	0.0076	0.0006	0.0404	0.0213	0.0191	0.0000	0.0000	0.0000	0.0000	0.0000	0.0000	0.0000	0.0000	0.0000	0.0000	0.0000	0.0000	0.0000	0.0000	0.0000	0.0000	0.0000	0.0000						
80	119	0.1066	5	0	1	0	1	0	0	0	0	N	N	N	N	N	N	N	N	N	N	N	N	0.0700	0.0763	0.1740	0.1176	0.1151	0.0195	0.0011	0.1842	0.0000	0.0000	0.0000	0.0000	0.0000	0.0000	0.0000	0.0000	0.0000	0.0001	0.0000	0.0002	0.0001	0.0001	0.0000	0.0002	0.0001	0.0002	1.2083	3.4459	0.0000	0.0000	6.1279	2.8083	3.6878	0.0030	0.0000	0.0000	0.0000	0.0000	0.0000	0.0000	0.0000	0.0000	0.0000	0.0000	0.0000	0.0000	0.0000	0.0000	0.0000	0.0000	0.0000	0.0000	0.0885	0.0783	0.0102	0.0177	0.0168	0.0008	0.0709	0.0615	0.0094	0.0203	0.0120	0.0082	0.0034	0.0032	0.0002	0.0168	0.0088	0.0080	0.0700	0.0946	0.1740	0.1176	0.1151	0.0000	0.0522	0.3876	0.1842	0.0001	0.0000	0.0002	0.0001	0.0001	0.0000	0.0001	0.0000	0.0002	
80	120	0.1066	5	0	1	1	1	0	0	0	0	N	N	N	N	N	N	N	N	N	N	N	N	0.0832	0.1097	0.1946	0.2232	0.2188	0.0286	0.0011	0.1987	0.0000	0.0000	0.0000	0.0000	0.0000	0.0000	0.0000	0.0000	0.0000	0.0000	0.0000	0.0000	0.0000	0.0000	0.0000	0.0000	0.0000	0.0000	1.2083	3.3002	0.0000	0.0000	6.1279	9.6158	3.6878	0.0030	0.0000	0.0000	0.0000	0.0000	0.0000	0.0000	0.0000	0.0000	0.0000	0.0000	0.0000	0.0000	0.0000	0.0000	0.0000	0.0000	0.0000	0.0000	0.2557	0.2240	0.0317	0.0305	0.0290	0.0015	0.2251	0.1950	0.0302	0.0679	0.0403	0.0276	0.0114	0.0106	0.0008	0.0565	0.0297	0.0268	0.0832	0.1097	0.1946	0.2232	0.2188	0.0000	0.0571	0.4109	0.1987	0.0000	0.0000	0.0000	0.0000	0.0000	0.0000	0.0000	0.0000	0.0000	
80	121	0.0969	4	0	1	0	1	0	0	0	0	N	N	N	N	N	N	N	N	N	N	N	N	0.8809	0.4416	8.0192	1.1345	1.0524	6.4274	1.1361	0.3868	7.9784	0.0028	0.0018	0.0086	0.0065	0.0066	0.0004	0.0020	0.0006	0.0088	0.0031	0.0040	0.0011	0.0058	0.0063	0.0001	0.0018	0.0016	0.0011	0.8302	0.4720	0.0001	-0.0000	6.1279	4.2457	3.6878	2.0144	0.0004	0.0002	0.0002	0.0002	0.0002	0.0000	0.0002	0.0001	0.0002	0.0001	0.0000	0.0000	0.0000	0.0000	0.0000	0.0000	0.0000	0.0000	0.1406	0.1201	0.0205	0.0234	0.0230	0.0004	0.1172	0.0971	0.0201	0.0496	0.0297	0.0198	0.0094	0.0090	0.0005	0.0401	0.0208	0.0193	2.0674	1.1683	8.0192	1.3868	1.3374	6.4274	3.7048	21.8522	7.9784	0.0013	0.0015	0.0011	0.0047	0.0050	0.0001	0.0005	0.0000	0.0011
80	122	0.0548	3	0	1	0	1	0	0	0	0	N	N	N	N	N	N	N	N	N	N	N	N	0.0263	0.0481	0.1516	0.3256	0.3075	3.6904	0.0115	0.0020	0.1723	0.0016	0.0011	0.0047	0.0066	0.0068	0.0001	0.0011	0.0005	0.0047	0.0609	0.0233	0.0308	0.0204	0.0220	0.0000	0.0946	0.2313	0.0274	0.6547	2.1448	0.0001	0.0001	6.1279	11.9190	3.6878	13.1740	0.0005	0.0003	0.0002	0.0002	0.0002	0.0000	0.0003	0.0001	0.0002	0.0016	0.0005	0.0011	0.0003	0.0003	0.0000	0.0014	0.0002	0.0011	0.3336	0.2882	0.0454	0.0307	0.0301	0.0006	0.3028	0.2580	0.0448	0.1767	0.1021	0.0745	0.0226	0.0219	0.0007	0.1541	0.0803	0.0738	0.1730	0.2200	0.3111	0.5523	0.5447	3.6904	0.1232	0.1489	0.3121	0.0093	0.0051	0.0150	0.0120	0.0124	0.0000	0.0089	0.0031	0.0151
80	123	0.4817	7	0	1	1	1	0	0	0	0	N	N	N	N	N	N	N	N	N	N	N	N	0.1522	0.2497	0.0000	0.3681	0.6495	0.0000	0.0837	0.0199	0.0000	0.0003	0.0004	0.0000	0.0008	0.0008	0.0000	0.0001	0.0002	0.0000	0.0022	0.0015	0.0016	0.0020	0.0012	0.0103	0.0016	0.0079	0.0007	0.0000	1.1203	-0.0000	-0.0000	6.1279	12.8936	3.6878	4.1514	0.0001	0.0001	0.0000	0.0001	0.0001	0.0000	0.0000	0.0000	0.0000	0.0001	0.0000	0.0001	0.0001	0.0000	0.0000	0.0000	0.0000	0.0000	0.3322	0.2971	0.0351	0.1069	0.1013	0.0056	0.2252	0.1958	0.0295	0.0932	0.0608	0.0323	0.0319	0.0290	0.0029	0.0613	0.0318	0.0294	0.3236	0.5010	0.0000	0.3681	0.6495	0.0000	0.2681	0.5000	0.0000	0.0010	0.0007	0.0016	0.0020	0.0012	0.0103	0.0005	0.0003	0.0007
80	124	0.0701	4	0	2	0	0	0	0	0	0	N	Y	N	N	N	N	N	N	N	N	N	N	0.3277	0.0153	69.9507	2.3523	2.3670	0.0022	0.1493	0.0001	76.7980	0.0050	0.0008	0.0343	0.0079	0.0081	0.0000	0.0048	0.0001	0.0350	0.0154	0.0512	0.0005	0.0033	0.0034	0.0034	0.0321	0.5651	0.0005	6.3486	0.0466	0.0010	-0.0004	6.1279	12.7386	3.6878	8.7370	0.0017	0.0002	0.0014	0.0002	0.0002	0.0000	0.0015	0.0000	0.0014	0.0007	0.0007	0.0000	0.0001	0.0001	0.0000	0.0006	0.0006	0.0000	0.3301	0.2882	0.0419	0.0262	0.0253	0.0009	0.3039	0.2629	0.0410	0.1550	0.0899	0.0650	0.0221	0.0213	0.0008	0.1329	0.0686	0.0643	1.0911	0.1033	69.9507	2.4025	2.4898	0.0022	0.9904	0.0086	76.7980	0.0046	0.0076	0.0005	0.0033	0.0033	0.0034	0.0048	0.0089	0.0005
80	125	0.0548	3	0	2	0	0	0	0	0	0	N	Y	N	N	N	N	N	N	N	N	N	N	0.0077	0.0052	0.1721	0.2145	0.2176	0.3141	0.0016	0.0001	0.2092	0.0079	0.0074	0.0111	0.0546	0.0555	0.0001	0.0020	0.0003	0.0112	1.0313	1.4131	0.0643	0.2547	0.2550	0.0004	1.2131	2.1637	0.0535	0.2391	0.0326	-0.0002	-0.0164	6.1279	8.6431	3.6878	1.4782	0.0020	0.0016	0.0004	0.0016	0.0016	0.0000	0.0005	0.0001	0.0004	0.0274	0.0265	0.0009	0.0006	0.0006	0.0000	0.0268	0.0259	0.0009	0.2565	0.2211	0.0353	0.0288	0.0283	0.0004	0.2277	0.1928	0.0349	0.0757	0.0438	0.0319	0.0105	0.0102	0.0003	0.0652	0.0337	0.0316	0.0218	0.0122	0.4070	0.9228	0.9088	0.3141	0.0048	0.0004	0.4080	0.3620	0.6055	0.0272	0.0592	0.0611	0.0004	0.4107	0.7699	0.0274
80	126	0.0452	2	0	1	0	0	0	0	0	0	N	N	N	N	N	N	N	N	N	N	N	N	0.0061	0.0035	0.0259	0.0198	0.0206	0.0511	0.0038	0.0001	0.0320	0.0042	0.0022	0.0184	0.0165	0.0166	0.0014	0.0026	0.0000	0.0185	0.6872	0.6180	0.7109	0.8348	0.8034	0.0266	0.6735	0.3541	0.5781	1.1807	1.3093	0.0001	-0.0003	6.1279	4.1618	3.6878	2.0491	0.0006	0.0003	0.0003	0.0003	0.0003	0.0000	0.0003	0.0000	0.0003	0.0043	0.0018	0.0024	0.0017	0.0017	0.0000	0.0025	0.0001	0.0024	0.1335	0.1170	0.0165	0.0154	0.0153	0.0001	0.1181	0.1017	0.0164	0.0574	0.0348	0.0226	0.0111	0.0110	0.0002	0.0463	0.0238	0.0225	0.0566	0.0414	0.1728	0.1060	0.1051	0.0543	0.0475	0.0058	0.1726	0.0741	0.0530	0.1066	0.1556	0.1578	0.0250	0.0545	0.0048	0.1073
80	128	0.4939	8	1	2	0	0	0	0	0	0	N	Y	N	N	N	N	N	N	N	N	N	N	0.2178	inf	0.0000	inf	inf	0.0000	0.0000	0.0000	0.0000	0.0000	0.0000	0.0000	0.0000	0.0000	0.0000	0.0000	0.0000	0.0000	0.0000	0.0000	0.0000	0.0000	0.0000	0.0000	0.0000	0.0000	inf	-0.0000	0.0000	6.1279	2.0107	3.6878	1.9995	0.0000	0.0000	0.0000	0.0000	0.0000	0.0000	0.0000	0.0000	0.0000	0.0000	0.0000	0.0000	0.0000	0.0000	0.0000	0.0000	0.0000	0.0000	0.0483	0.0429	0.0054	0.0151	0.0142	0.0009	0.0332	0.0287	0.0045	0.0210	0.0141	0.0070	0.0077	0.0070	0.0007	0.0134	0.0071	0.0063	0.2178	inf	0.0000	inf	inf	0.0000	0.0000	0.0000	0.0000	0.0000	0.0000	0.0000	0.0000	0.0000	0.0000	0.0000	0.0000	0.0000		
80	129	0.4817	7	1	2	0	0	0	0	0	0	N	Y	N	N	N	N	N	N	N	N	N	N	0.0319	0.0583	0.0000	0.0943	0.1991	0.0000	0.0000	0.0000	0.0000	0.0002	0.0002	0.0000	0.0005	0.0005	0.0000	0.0000	0.0000	0.0000	0.0057	0.0035	0.0042	0.0055	0.0027	0.0265	0.0031	0.0001	0.0016	0.0000	1.4354	-0.0000	-0.0000	6.1279	5.6459	3.6878	1.1399	0.0000	0.0000	0.0000	0.0000	0.0000	0.0000	0.0000	0.0000	0.0000	0.0001	0.0000	0.0001	0.0001	0.0000	0.0000	0.0000	0.0000	0.0000	0.1638	0.1475	0.0163	0.0580	0.0554	0.0027	0.1058	0.0922	0.0136	0.0403	0.0261	0.0142	0.0142	0.0130	0.0012	0.0261	0.0131	0.0130	0.0854	0.1496	0.0000	0.1128	0.1991	0.0000	0.0000	0.0000	0.0000	0.0021	0.0014	0.0036	0.0046	0.0027	0.0250	0.0008	0.0000	0.0016
80	130	0.4514	6	0	1	0	0	0	0	0	0	N	N	N	N	N	N	N	N	N	N	N	N	0.1161	0.1769	0.0000	0.7484	0.8747	0.0005	0.0002	0.0075	0.0000	0.0794	0.0891	0.0000	0.2158	0.2287	0.0001	0.0002	0.0002	0.0000	0.6834	0.5037	1.0648	0.2884	0.2615	0.1195	0.7884	0.0272	0.9718	0.0000	2.4415	-0.0081	0.0007	6.1279	11.6079	3.6878	5.3766	0.0282	0.0282	0.0000	0.0282	0.0282	0.0000	0.0000	0.0000	0.0000	0.0088	0.0026	0.0062	0.0027	0.0025	0.0002	0.0060	0.0000	0.0060	0.3559	0.3171	0.0389	0.1307	0.1233	0.0074	0.2252	0.1937	0.0315	0.1204	0.0758	0.0446	0.0437	0.0406	0.0031	0.0767	0.0352	0.0415	1.0874	2.6434	0.0001	3.4309	3.6799	0.0008	0.0022	0.2368	0.0000	0.0730	0.0337	0.1397	0.0629	0.0621	0.0728	0.0787	0.0009	0.1447
80	131	0.4335	5	0	1	0	0	0	0	0	0	N	N	N	N	N	N	N	N	N	N	N	N	0.4426	0.2615	0.5529	0.4222	0.4385	0.0004	0.2378	0.0130	0.6402	0.5614	0.3886	2.0606	1.0054	1.0518	0.0024	0.3303	0.0074	2.4139	1.2684	1.4857	3.7270	2.3814	2.3986	5.4867	1.3890	0.5670	3.7706	0.6115	1.0396	0.0065	-0.0367	6.1279	3.9355	3.6878	8.7078	0.0706	0.0438	0.0268	0.0433	0.0433	0.0000	0.0273	0.0005	0.0268	0.3092	0.1516	0.1576	0.1571	0.1512	0.0058	0.1521	0.0003	0.1518	0.1257	0.1127	0.0130	0.0431	0.0411	0.0019	0.0827	0.0716	0.0111	0.3344	0.1901	0.1443	0.1586	0.1520	0.0066	0.1758	0.0381	0.1377	0.6072	0.4873	1.8864	1.0153	1.0573	0.0027	0.3817	0.8151	2.1899	0.9246	0.7973	1.0923	0.9902	0.9948	0.8843	0.8654	0.0090	1.1023
80	132	0.4219	4	0	1	0	0	0	0	0	0	N	N	N	N	N	N	N	N	N	N	N	N	0.2253	0.1389	0.3850	0.2062	0.2139	0.0004	0.1753	0.0007	0.4210	0.4351	0.2423	2.0876	0.6549	0.6858	0.0020	0.3267	0.0012	2.4349	1.9314	1.7451	5.4219	3.1763	3.2064	5.1272	1.8632	1.6706	5.7844	1.0051	0.9648	0.0182	-0.0314	6.1279	6.2657	3.6878	3.9760	0.0849	0.0424	0.0426	0.0422	0.0422	0.0000	0.0427	0.0001	0.0426	0.2289	0.1165	0.1124	0.1147	0.1117	0.0030	0.1143	0.0048	0.1095	0.1952	0.1748	0.0204	0.0645	0.0616	0.0029	0.1307	0.1132	0.0175	0.1185	0.0757	0.0429	0.0505	0.0469	0.0035	0.0681	0.0287	0.0393	0.2253	0.1574	0.7959	0.2884	0.2883	0.0023	0.1945	0.0072	0.8748	1.9314	1.5398	2.6229	2.2711	2.3790	0.8393	1.6794	0.1683	2.7834
80	133	0.3446	3	0	1	0	0	0	0	0	0	N	N	N	N	N	N	N	N	N	N	N	N	0.2067	0.1507	0.3675	0.3756	0.4505	0.0083	0.1070	0.0065	0.5215	0.1690	0.1210	0.5539	0.3844	0.4047	0.0210	0.0879	0.0042	0.6342	0.8179	0.8030	1.5070	1.0233	0.8985	2.5430	0.8214	0.6404	1.2161	0.5716	1.1247	0.0090	-0.0042	6.1279	26.7012	3.6878	18.2690	0.1175	0.0748	0.0427	0.0731	0.0729	0.0002	0.0443	0.0018	0.0425	0.0428	0.0202	0.0227	0.0233	0.0188	0.0045	0.0195	0.0014	0.0182	0.6950	0.6178	0.0771	0.1903	0.1802	0.0101	0.5047	0.4377	0.0670	0.3388	0.2223	0.1166	0.1146	0.1066	0.0079	0.2243	0.1156	0.1086	1.3370	1.3337	2.8472	1.8901	2.2956	0.0371	1.0084	0.3554	3.7898	0.1264	0.0907	0.1945	0.2034	0.1763	0.5666	0.0871	0.0118	0.1673
80	134	0.1065	2	0	1	0	0	0	0	0	0	N	N	N	N	N	N	N	N	N	N	N	N	0.6176	0.5304	0.7279	0.0007	0.0007	0.0005	0.6874	0.6339	0.7533	1.4221	0.7201	6.6808	0.0020	0.0021	0.0010	1.6502	0.8447	7.1697	2.3025	1.3578	9.1779	2.8575	2.8819	2.0419	2.4008	1.3325	9.5175	1.2383	6.6528	0.5201	0.3668	6.1279	61.4372	3.6878	55.8589	1.9545	0.8732	1.0813	0.0004	0.0004	0.0000	1.9541	0.8728	1.0813	1.5223	0.1989	1.3234	0.1748	0.1725	0.0024	1.3475	0.0265	1.3210	1.3744	1.2125	0.1619	0.1903	0.1792	0.0110	1.1841	1.0333	0.1508	0.6612	0.3906	0.2705	0.0999	0.0950	0.0049	0.5613	0.2956	0.2657	0.6176	1.4141	1.3657	0.0012	0.0012	0.0022	0.6874	9.4366	1.4419	2.3025	0.5093	4.8917	1.7506	1.8153	0.4867	2.4008	0.0895	4.9724
81	83	0.1590	5	1	1	1	0	0	0	0	0	N	N	N	N	N	N	N	N	N	N	N	N	192.1117	89.3000	0.0000	0.0021	0.0020	8782376.4590	inf	0.0000	0.4695	0.5355	0.0000	0.0000	0.0000	0.0000	0.5420	0.6261	0.0000	0.0024	0.0060	0.0000	0.0165	0.0187	0.0000	0.0000	0.0000	0.0000	0.0000	0.0001	-0.2870	-0.0005	27.2690	21.0000	12.3406	14.4214	0.9995	0.9995	0.0000	0.0000	0.0000	0.0000	0.9995	0.9995	0.0000	0.0008	0.0008	0.0000	0.0008	0.0008	0.0000	0.0000	0.0000	0.0000	2.1292	1.8666	0.2626	0.2850	0.2702	0.0149	1.8441	1.5964	0.2477	0.7714	0.4182	0.3532	0.0828	0.0766	0.0062	0.6886	0.3416	0.3470	427.6594	264.4537	0.0000	0.0034	0.0033	0.0000	8782376.4590	inf	0.0000	0.0011	0.0020	0.0000	0.0102	0.0111	0.0000	0.0000	0.0000	0.0000	
81	84	0.2167	9	1	0	2	0	0	0	0	0	N	N	Y	N	N	N	N	N	N	N	N	N	1.6951	52.8149	0.0002	0.6212	0.6262	0.0000	1.8179	104601.2542	0.0002	0.4153	0.4706	0.0000	0.0104	0.0111	0.0000	0.5371	0.6206	0.0000	0.2450	0.0089	0.0947	0.0168	0.0177	0.0082	0.2955	0.0000	0.0905	0.0000	11.1578	-0.2617	0.0033	27.2690	20.4085	12.3406	11.0867	0.9115	0.9115	0.0000	0.0053	0.0053	0.0000	0.9062	0.9062	0.0000	0.0113	0.0009	0.0104	0.0010	0.0009	0.0001	0.0103	0.0000	0.0103	2.1948	1.9369	0.2579	0.5076	0.4767	0.0310	1.6871	1.4603	0.2269	0.6370	0.3417	0.2953	0.1004	0.0869	0.0135	0.5366	0.2548	0.2818	23.3510	172.5735	0.0006	1.0033	1.0348	0.0000	28.0202	93025608.4294	0.0006	0.0178	0.0027	0.0352	0.0104	0.0107	0.0082	0.0192	0.0000	0.0365
81	85	0.2129	8	1	0	2	0	0	0	0	0	N	N	Y	N	N	N	N	N	N	N	N	N	0.1744	0.0444	4.6108	0.1833	0.1051	4.3574	0.0754	0.0244	0.0252	0.0036	0.0025	0.0131	0.0087	0.0053	0.0522	0.0005	0.0005	0.0001	0.0209	0.0553	0.0028	0.0476	0.0507	0.0120	0.0063	0.0223	0.0024	0.6665	0.2772	0.0002	-0.0002	27.2690	3.1287	12.3406	1.1816	0.0018	0.0011	0.0007	0.0017	0.0009	0.0007	0.0001	0.0001	0.0000	0.0006	0.0005	0.0001	0.0005	0.0004	0.0000	0.0001	0.0000	0.0001	0.5002	0.4445	0.0557	0.1917	0.1778	0.0139	0.3085	0.2667	0.0418	0.1037	0.0590	0.0447	0.0206	0.0185	0.0021	0.0831	0.0405	0.0426	0.6460	0.3169	4.6108	0.3971	0.2307	4.3574	0.3013	0.7326	0.0252	0.0056	0.0078	0.0028	0.0220	0.0231	0.0120	0.0016	0.0007	0.0024
81	86	0.2060	7	1	0	1	0	0	0	0	0	N	N	N	N	N	N	N	N	N	N	N	N	0.0079	0.0590	0.0639	0.4618	0.7960	0.4576	0.0000	0.0000	0.0000	0.0030	0.0017	0.0128	0.0092	0.0051	0.0567	0.0000	0.0000	0.0000	0.3730	0.0284	0.1997	0.0200	0.0063	0.1238	0.4662	0.4270	0.1551	0.9867	6.8946	0.0003	0.0010	27.2690	4.0532	12.3406	2.2470	0.0016	0.0008	0.0008	0.0016	0.0008	0.0008	0.0000	0.0000	0.0000	0.0040	0.0005	0.0035	0.0004	0.0001	0.0002	0.0036	0.0004	0.0033	0.5387	0.4768	0.0619	0.1724	0.1585	0.0139	0.3662	0.3183	0.0479	0.1553	0.0878	0.0675	0.0301	0.0271	0.0030	0.1252	0.0606	0.0645	0.1147	0.2910	0.2468	0.7775	1.0064	0.7620	0.0000	0.0000	0.0000	0.0257	0.0058	0.0517	0.0119	0.0050	0.0744	0.0291	0.0061	0.0507
81	87	0.1829	6	1	0	1	0	0	0	0	0	N	N	N	N	N	N	N	N	N	N	N	N	0.0012	0.0061	0.0000	0.0141	0.0163	0.0002	0.0000	0.0000	0.0000	0.0028	0.0032	0.0000	0.0080	0.0088	0.0001	0.0000	0.0000	0.0000	2.4149	0.5223	11.0785	0.5659	0.5402	0.3296	3.0486	0.0672	12.0959	0.0009	111.0317	-0.0006	0.3581	27.2690	4.7288	12.3406	9.8540	0.0021	0.0021	0.0000	0.0021	0.0021	0.0000	0.0000	0.0000	0.0000	0.9874	0.0088	0.9786	0.0093	0.0086	0.0007	0.9781	0.0002	0.9778	0.7436	0.6469	0.0967	0.2583	0.2339	0.0245	0.4853	0.4130	0.0722	0.4089	0.2442	0.1647	0.0880	0.0830	0.0050	0.3208	0.1612	0.1597	0.0012	0.0885	0.0000	0.0758	0.0855	0.0005	0.0000	0.0015	0.0000	2.4149	0.0361	5.9412	0.1056	0.1033	0.1433	3.0486	0.0015	6.1240
81	88	0.1590	5	1	0	1	0	0	0	0	0	N	N	N	N	N	N	N	N	N	N	N	N	0.0016	0.0019	0.0044	0.0003	0.0003	0.0018	0.0016	0.0024	0.0055	0.0010	0.0007	0.0033	0.0001	0.0001	0.0000	0.0011	0.0007	0.0035	0.6249	0.3519	0.7482	0.3597	0.3693	0.0035	0.6804	0.3115	0.6317	0.7163	3.9646	0.0001	0.0039	27.2690	8.6320	12.3406	7.0881	0.0009	0.0005	0.0004	0.0000	0.0000	0.0000	0.0009	0.0005	0.0004	0.0227	0.0046	0.0181	0.0039	0.0039	0.0000	0.0188	0.0007	0.0181	0.9024	0.7898	0.1125	0.1216	0.1152	0.0064	0.7808	0.6746	0.1062	0.3847	0.2186	0.1661	0.0526	0.0497	0.0029	0.3321	0.1690	0.1632	0.0168	0.0315	0.0303	0.0016	0.0016	0.0018	0.0198	0.1780	0.0316	0.0589	0.0209	0.1090	0.0735	0.0776	0.0035	0.0566	0.0042	0.1108
81	89	0.2268	7	1	1	1	0	0	0	0	0	N	N	N	N	N	N	N	N	N	N	N	N	0.2340	0.0348	0.4990	4.2320	0.0571	7590.8061	0.2563	0.1811	0.5027	0.5246	0.0005	4.6012	0.1174	0.0018	2.2371	0.6663	0.0000	4.9153	2.2415	0.0146	9.2215	0.0278	0.0318	0.0003	2.5996	0.0001	9.7781	1159.9674	1069.7262	0.6543	0.3624	27.2690	15.4622	12.3406	5.2688	0.9190	0.0008	0.9182	0.0531	0.0008	0.0524	0.8658	0.0000	0.8658	0.9776	0.0009	0.9767	0.0009	0.0009	0.0000	0.9767	0.0000	0.9767	1.7519	1.5524	0.1996	0.4525	0.4291	0.0234	1.2994	1.1233	0.1761	0.4361	0.2374	0.1988	0.0604	0.0559	0.0045	0.3757	0.1814	0.1943	0.2340	0.1326	0.9364	7.7615	0.1115	7590.8061	0.2563	67.8248	0.9777	2.2415	0.0038	4.9139	0.0151	0.0163	0.0003	2.5996	0.0000	5.0275
81	90	0.2150	6	1	0	1	0	0	0	0	0	N	N	N	N	N	N	N	N	N	N	N	N	0.0147	0.0073	0.0473	0.0280	0.0192	25.6197	0.0145	0.4496	0.0536	0.0115	0.0025	0.0838	0.0065	0.0048	0.0385	0.0133	0.0016	0.0904	0.7788	0.3468	1.7694	0.2342	0.2509	0.0015	0.9201	0.0035	1.6889	4.0688	8.2199	0.0057	0.0069	27.2690	7.5917	12.3406	1.5198	0.0111	0.0022	0.0089	0.0017	0.0012	0.0005	0.0093	0.0010	0.0084	0.0264	0.0029	0.0235	0.0029	0.0028	0.0000	0.0235	0.0000	0.0235	0.9684	0.8621	0.1063	0.2670	0.2533	0.0136	0.7015	0.6088	0.0927	0.2396	0.1397	0.0999	0.0514	0.0473	0.0041	0.1882	0.0924	0.0958	0.1042	0.1241	0.3561	0.1179	0.0802	25.6197	0.1067	14.3846	0.3688	0.1100	0.0205	0.2353	0.0555	0.0602	0.0015	0.1249	0.0001	0.2453
81	91	0.1989	6	2	0	2	0	0	0	0	0	Y	N	Y	N	N	N	N	N	N	N	N	N	74631640.5821	inf	161416672.8329	inf	inf	inf	45434193.8136	inf	174373852.7353	5.9820	3.2517	25.8176	14.6204	15.4346	0.0003	3.9071	0.0383	28.1987	0.0000	0.0000	0.0000	0.0000	0.0000	0.0000	0.0000	0.0000	0.0000	1.0929	inf	0.4496	0.0000	27.2690	3.0317	12.3406	0.1644	1.9129	0.9140	0.9989	0.9055	0.9055	0.0000	1.0074	0.0085	0.9989	0.0000	0.0000	0.0000	0.0000	0.0000	0.0000	0.0000	0.0000	0.0000	0.3198	0.2811	0.0387	0.0619	0.0587	0.0033	0.2578	0.2224	0.0354	0.0674	0.0336	0.0338	0.0046	0.0042	0.0004	0.0628	0.0294	0.0334	74631640.5821	inf	161416672.8329	inf	inf	inf	45434193.8136	inf	174373852.7353	0.0000	0.0000	0.0000	0.0000	0.0000	0.0000	0.0000	0.0000	0.0000
81	92	0.1931	5	2	0	2	0	0	0	0	0	Y	N	Y	N	N	N	N	N	N	N	N	N	291225.0908	424761.5784	10128.4788	82871.3259	105531.9778	1832.7116	232745.0327	inf	7150.9336	5.1487	5.8382	0.2324	7.7801	8.2665	0.6893	3.8970	4.5650	0.1400	0.0000	0.0000	0.0000	0.0001	0.0001	0.0004	0.0000	0.0000	0.0000	0.0056	1.7069	-0.5531	0.0000	27.2690	2.6632	12.3406	1.0147	1.9643	1.9534	0.0109	0.9568	0.9513	0.0054	1.0075	1.0020	0.0055	0.0000	0.0000	0.0000	0.0000	0.0000	0.0000	0.0000	0.0000	0.0000	0.3815	0.3346	0.0469	0.1230	0.1151	0.0079	0.2585	0.2195	0.0390	0.0817	0.0420	0.0397	0.0072	0.0068	0.0004	0.0745	0.0352	0.0393	291225.0908	459543.4688	10128.4788	82871.3259	105531.9778	1832.7116	377284.0178	inf	7150.9336	0.0000	0.0000	0.0000	0.0001	0.0001	0.0004	0.0000	0.0000	0.0000
81	93	0.1098	4	2	0	2	0	0	0	0	0	Y	N	Y	N	N	N	N	N	N	N	N	N	142.5109	27.3136	40703.2753	5.0364	4.5405	1558.5431	8701.4162	32994.0791	43734.3508	1.0511	0.6505	3.8728	0.6953	0.6084	2.3247	1.1160	0.6590	3.9767	0.0074	0.0238	0.0001	0.1381	0.1340	0.0015	0.0001	0.0000	0.0001	0.8452	0.0181	0.6755	-0.0017	27.2690	35.0787	12.3406	12.2568	3.9516	2.1415	1.8101	0.4034	0.3351	0.0683	3.5482	1.8064	1.7418	0.0027	0.0027	0.0000	0.0027	0.0027	0.0000	0.0000	0.0000	0.0000	3.7595	3.2921	0.4674	0.5802	0.5508	0.0294	3.1793	2.7413	0.4380	1.0182	0.5133	0.5049	0.0625	0.0610	0.0015	0.9557	0.4524	0.5034	395.1138	125.4976	40703.2753	16.3122	13.9373	1558.5431	23290.8651	12216724.8879	43734.3508	0.0027	0.0052	0.0001	0.0426	0.0437	0.0015	0.0000	0.0000	0.0001
81	94	0.0963	3	2	0	1	0	0	0	0	0	Y	N	N	N	N	N	N	N	N	N	N	N	256.9897	345.8797	183.7712	131.4596	136.6726	5.2773	203.8323	74.0197	200.7165	1.6050	1.7689	0.5236	1.8195	1.9199	0.0727	1.5467	1.7232	0.5672	0.0062	0.0051	0.0028	0.0138	0.0140	0.0138	0.0076	0.0233	0.0028	0.0449	1.5234	-0.4602	-0.0000	27.2690	8.4810	12.3406	2.3446	1.8848	1.8038	0.0809	0.4563	0.4553	0.0010	1.4285	1.3485	0.0799	0.0006	0.0002	0.0004	0.0002	0.0001	0.0000	0.0004	0.0001	0.0004	1.1743	1.0197	0.1546	0.2508	0.2371	0.0136	0.9235	0.7826	0.1410	0.2615	0.1343	0.1272	0.0168	0.0166	0.0003	0.2446	0.1177	0.1269	699.2549	998.8618	183.7712	203.4784	216.6212	5.2773	841.6589	2229.8267	200.7165	0.0023	0.0018	0.0028	0.0089	0.0089	0.0138	0.0018	0.0008	0.0028
81	95	0.1590	5	1	1	1	1	0	0	0	0	N	N	N	N	N	N	N	N	N	N	N	N	1252.7736	589.2458	0.0000	1200.3831	1204.9368	0.0000	2762635.0548	inf	0.0000	0.9035	1.0302	0.0000	6.5059	6.8632	0.0000	0.0390	0.0450	0.0000	0.0007	0.0017	0.0001	0.0054	0.0057	0.0029	0.0000	0.0000	0.0000	0.0000	0.0546	-0.6268	-0.0003	27.2690	24.0032	12.3406	22.6134	2.1830	2.1830	0.0000	2.1014	2.1014	0.0000	0.0816	0.0816	0.0000	0.0004	0.0004	0.0000	0.0004	0.0004	0.0000	0.0000	0.0000	0.0000	2.4161	2.1189	0.2971	0.3230	0.3062	0.0168	2.0931	1.8127	0.2803	0.9772	0.5247	0.4525	0.0985	0.0905	0.0080	0.8787	0.4342	0.4445	1968.5111	1271.0919	0.0000	1429.2691	1461.1852	0.0000	2762635.0548	inf	0.0000	0.0005	0.0008	0.0001	0.0046	0.0047	0.0029	0.0000	0.0000	0.0000
81	96	0.5764	9	1	1	1	0	0	0	0	0	N	N	N	N	N	N	N	N	N	N	N	N	28.1984	147.1241	0.0000	478.4669	454.2371	0.0000	0.0001	0.0790	0.0000	1.0018	1.1219	0.0000	2.5746	2.7464	0.0000	0.0000	0.0000	0.0000	0.0355	0.0076	0.0334	0.0054	0.0060	0.0016	0.0935	0.0002	0.0334	0.0000	3.8582	-0.5740	0.0007	27.2690	18.5150	12.3406	10.2301	1.9989	1.9989	0.0000	1.9989	1.9989	0.0000	0.0000	0.0000	0.0000	0.0040	0.0008	0.0032	0.0009	0.0008	0.0000	0.0032	0.0000	0.0032	1.9954	1.7818	0.2136	0.7764	0.7278	0.0486	1.2190	1.0540	0.1650	0.5500	0.3493	0.2006	0.1896	0.1706	0.0190	0.3604	0.1787	0.1817	136.3711	471.2776	0.0000	566.6884	563.6395	0.0000	0.0013	24.0423	0.0000	0.0073	0.0024	0.0160	0.0045	0.0049	0.0016	0.0088	0.0000	0.0175
81	97	0.1299	4	1	1	1	0	0	0	0	0	N	N	N	N	N	N	N	N	N	N	N	N	0.9726	0.6204	10192706.3414	3.2089	3.3415	1513.0888	0.4046	0.1295	11236597.9992	1.1601	1.0537	1.9384	5.1238	5.3894	0.0016	0.5435	0.3156	2.0515	1.1928	1.6985	0.0000	1.5968	1.6129	0.0000	1.3434	2.4374	0.0000	0.2515	0.0000	-0.4509	-0.6512	27.2690	46.1140	12.3406	26.4917	5.2326	4.1811	1.0515	3.1111	3.1111	0.0000	2.1215	1.0700	1.0515	1.0364	1.0364	0.0000	0.0352	0.0352	0.0000	1.0011	1.0011	0.0000	4.5104	3.9680	0.5425	0.6072	0.5773	0.0299	3.9033	3.3907	0.5125	1.4164	0.7192	0.6972	0.0900	0.0840	0.0060	1.3264	0.6352	0.6912	1.5855	0.7312	10192706.3414	13.0846	12.8426	1513.0888	0.7201	0.2002	11236597.9992	0.7317	1.4411	0.0000	0.3916	0.4197	0.0000	0.7548	1.5762	0.0000
81	98	0.6293	11	1	1	1	0	0	0	0	0	N	N	N	N	N	N	N	N	N	N	N	N	0.2173	0.1453	0.0000	0.0001	0.0001	0.0000	8.6750	40053.2272	0.0000	0.4744	0.5273	0.0000	0.0007	0.0008	0.0000	0.7599	0.8787	0.0000	2.1835	3.6288	0.0387	7.3018	8.5246	0.0414	0.0876	0.0000	0.0315	0.0000	0.0034	-0.2827	-0.6266	27.2690	20.7840	12.3406	8.9470	0.9844	0.9844	0.0000	0.0006	0.0006	0.0000	0.9838	0.9838	0.0000	1.0027	0.9993	0.0034	0.9999	0.9993	0.0007	0.0027	0.0000	0.0027	2.0749	1.8668	0.2082	0.7802	0.7471	0.0331	1.2947	1.1197	0.1750	0.4592	0.2754	0.1838	0.1369	0.1172	0.0197	0.3223	0.1582	0.1641	0.2173	0.1453	0.0000	0.0001	0.0001	0.0000	89.7054	14783485.9493	0.0000	2.1835	3.6288	0.0185	7.3018	8.5246	0.0340	0.0085	0.0000	0.0166
81	99	0.6244	10	1	0	1	0	0	0	0	0	N	N	N	N	N	N	N	N	N	N	N	N	1.1108	0.9758	0.3799	1.5585	1.7667	0.0186	1.3146	1.0901	0.9655	0.6007	0.6680	0.0165	0.7691	0.8403	0.0019	0.2605	0.2976	0.0342	0.5407	0.6846	0.0434	0.4935	0.4756	0.1026	0.1981	0.2730	0.0355	0.0028	0.2416	-0.1838	-0.0024	27.2690	2.7834	12.3406	1.0450	0.6464	0.6446	0.0018	0.5536	0.5535	0.0001	0.0928	0.0911	0.0017	0.0056	0.0045	0.0011	0.0046	0.0044	0.0002	0.0010	0.0001	0.0009	1.0762	0.9649	0.1113	0.7197	0.6587	0.0611	0.3564	0.3062	0.0502	0.1240	0.0717	0.0523	0.0494	0.0470	0.0024	0.0746	0.0247	0.0499	13.3195	10.6295	0.7935	8.3274	8.9496	0.0306	18.8980	81.3429	1.8228	0.0451	0.0628	0.0208	0.0924	0.0939	0.0625	0.0138	0.0037	0.0188
81	100	0.6144	9	1	0	1	0	0	0	0	0	N	N	N	N	N	N	N	N	N	N	N	N	17.8528	13.2192	23.5877	38.6558	39.5721	43.1057	10.2598	17.3226	4.4162	0.4295	0.4530	0.2172	0.6128	0.6254	0.4588	0.1704	0.1929	0.0256	0.0241	0.0343	0.0092	0.0159	0.0158	0.0106	0.0166	0.0111	0.0058	0.0532	0.6037	-0.1754	-0.0005	27.2690	7.6044	12.3406	2.7972	0.7414	0.7039	0.0375	0.6195	0.5845	0.0350	0.1219	0.1194	0.0025	0.0018	0.0011	0.0007	0.0013	0.0011	0.0002	0.0005	0.0000	0.0005	1.7263	1.5537	0.1725	1.0109	0.9346	0.0763	0.7153	0.6191	0.0962	0.3013	0.1839	0.1175	0.1306	0.1134	0.0172	0.1707	0.0705	0.1002	70.5386	72.8131	36.9477	61.7174	63.6802	43.1057	54.1121	448.5708	5.0522	0.0061	0.0062	0.0059	0.0099	0.0098	0.0106	0.0031	0.0004	0.0051
81	101	0.5648	8	1	0	1	0	0	0	0	0	N	N	N	N	N	N	N	N	N	N	N	N	0.3439	0.2725	0.1683	0.0339	0.0210	129.1963	0.8162	36.9464	0.0033	0.4185	0.4503	0.1510	0.1074	0.0709	0.6691	0.6154	0.7110	0.0030	1.2168	1.6525	0.8971	3.1647	3.3732	0.0052	0.7539	0.0192	0.9125	0.0399	0.0631	-0.2127	-0.2510	27.2690	18.4780	12.3406	12.4520	0.8551	0.8223	0.0328	0.0850	0.0527	0.0323	0.7701	0.7696	0.0005	0.4412	0.4150	0.0262	0.4150	0.4149	0.0001	0.0262	0.0001	0.0261	2.0433	1.8260	0.2173	0.7919	0.7436	0.0483	1.2514	1.0824	0.1691	0.5566	0.3430	0.2136	0.1834	0.1634	0.0201	0.3731	0.1796	0.1935	0.5279	0.3722	1.2309	0.0475	0.0279	129.1963	8.7592	1059.7952	0.0225	0.7927	1.2100	0.1226	2.2623	2.5393	0.0052	0.0703	0.0007	0.1348
81	102	0.2730	8	1	1	1	0	0	0	0	0	N	N	N	N	N	N	N	N	N	N	N	N	1.2584	1.6876	0.0000	2.4367	2.5957	0.0000	1.0703	1257.1941	0.0000	0.6334	0.7062	0.0000	0.8919	0.9334	0.0000	0.5046	0.5814	0.0000	0.5033	0.4185	0.2451	0.3660	0.3596	0.0805	0.4714	0.0005	0.1991	0.0000	1.6253	-0.8645	-0.0005	27.2690	34.1922	12.3406	22.4626	3.0107	3.0107	0.0000	1.4103	1.4103	0.0000	1.6004	1.6004	0.0000	0.0489	0.0186	0.0303	0.0198	0.0186	0.0011	0.0291	0.0000	0.0291	4.7531	4.2635	0.4896	1.5813	1.5110	0.0702	3.1718	2.7524	0.4194	1.2532	0.7327	0.5205	0.2661	0.2449	0.0211	0.9872	0.4878	0.4994	16.2237	27.7623	0.0000	11.9942	12.2654	0.0000	17.0897	254385.7482	0.0000	0.0390	0.0254	0.0582	0.0744	0.0761	0.0543	0.0295	0.0000	0.0584
81	103	0.2252	7	1	1	1	0	0	0	0	0	N	N	N	N	N	N	N	N	N	N	N	N	0.9262	1.0167	0.0011	0.8934	0.8972	0.1792	0.7581	0.8495	0.0009	0.7519	0.8471	0.0013	1.0553	1.1051	0.0035	0.6454	0.7470	0.0010	0.8118	0.8332	1.1688	1.1812	1.2317	0.0195	0.8512	0.8793	1.0821	0.0002	1.2356	-0.5979	-0.0073	27.2690	22.5884	12.3406	11.0115	2.0838	2.0834	0.0004	0.7598	0.7597	0.0001	1.3240	1.3237	0.0003	0.0963	0.0431	0.0532	0.0346	0.0344	0.0002	0.0617	0.0087	0.0530	2.7716	2.4595	0.3121	0.7200	0.6875	0.0326	2.0516	1.7720	0.2795	0.7841	0.4364	0.3477	0.1391	0.1295	0.0096	0.6449	0.3069	0.3381	6.1204	8.5801	0.0082	4.2426	4.1593	0.1792	6.7443	26.4472	0.0064	0.1228	0.0987	0.1531	0.2487	0.2657	0.0195	0.0957	0.0282	0.1569
81	104	0.1951	6	1	0	1	0	0	0	0	0	N	N	N	N	N	N	N	N	N	N	N	N	0.0105	0.0296	0.0001	0.0370	0.0377	0.0107	0.0056	0.1062	0.0001	0.0158	0.0178	0.0004	0.0335	0.0352	0.0000	0.0100	0.0116	0.0004	1.5079	0.6025	6.2058	0.9062	0.9360	0.0027	1.8085	0.1089	6.4047	0.0026	50.4938	-0.0066	0.2370	27.2690	11.8100	12.3406	8.7888	0.0231	0.0231	0.0001	0.0121	0.0121	0.0000	0.0110	0.0110	0.0001	0.6729	0.0131	0.6598	0.0127	0.0127	0.0000	0.6602	0.0004	0.6598	1.4599	1.2926	0.1673	0.3602	0.3428	0.0174	1.0996	0.9498	0.1498	0.4821	0.2644	0.2177	0.0728	0.0678	0.0050	0.4093	0.1966	0.2127	0.0114	0.3611	0.0001	0.1921	0.1882	0.0107	0.0062	6.0511	0.0001	1.3958	0.0494	3.0310	0.1746	0.1873	0.0027	1.6130	0.0019	3.1024
81	105	0.1590	5	1	0	1	0	0	0	0	0	N	N	N	N	N	N	N	N	N	N	N	N	0.0896	106.2733	0.0000	324.4913	324.7385	0.0000	0.0279	5.5129	0.0000	0.1032	0.1178	0.0000	0.5311	0.5604	0.0000	0.0368	0.0426	0.0000	1.1516	0.0011	4.0040	0.0016	0.0017	0.0003	1.3186	0.0077	4.1507	0.0000	1847.6700	-0.0450	0.1175	27.2690	14.7392	12.3406	7.3617	0.1566	0.1566	0.0000	0.1082	0.1082	0.0000	0.0484	0.0484	0.0000	0.3167	0.0002	0.3165	0.0001	0.0001	0.0000	0.3166	0.0001	0.3165	1.5175	1.3293	0.1882	0.2037	0.1931	0.0106	1.3137	1.1362	0.1776	0.5135	0.2850	0.2285	0.0627	0.0587	0.0040	0.4508	0.2263	0.2245	0.1673	195.9784	0.0000	324.4913	324.7385	0.0000	0.0524	137.6764	0.0000	0.6167	0.0006	1.3852	0.0016	0.0017	0.0003	0.7023	0.0003	1.4100
81	106	0.0863	2	1	1	1	0	0	0	0	0	N	N	N	N	N	N	N	N	N	N	N	N	47.9137	25.0642	399.7375	2.3414	2.3780	37.8347	61.6621	81218.6184	508.2308	0.8523	0.4693	3.3145	0.5279	0.5028	0.9698	0.8898	0.4651	3.4156	0.0178	0.0187	0.0083	0.2255	0.2114	0.0256	0.0144	0.0000	0.0067	1.0985	1.2119	0.4644	-0.0003	27.2690	20.0414	12.3406	7.0324	1.9649	0.9363	1.0286	0.1260	0.1135	0.0124	1.8389	0.8228	1.0161	0.0032	0.0014	0.0018	0.0015	0.0014	0.0000	0.0017	0.0000	0.0017	2.3054	1.9950	0.3103	0.2386	0.2258	0.0128	2.0668	1.7693	0.2975	0.6387	0.3200	0.3186	0.0268	0.0264	0.0003	0.6119	0.2936	0.3183	170.3678	103.9799	603.2711	9.7262	9.2011	39.6516	312.4312	113788351.6884	623.8840	0.0050	0.0045	0.0055	0.0543	0.0546	0.0245	0.0028	0.0000	0.0055
81	109	0.2409	7	1	1	1	0	0	0	0	0	N	N	N	N	N	N	N	N	N	N	N	N	67.7398	15.7096	11020.4729	18.8671	17.7528	4.8410	7563.1624	278.9602	51003.0914	0.7861	0.6023	2.2252	1.2016	1.2676	0.0333	0.6629	0.3876	2.4903	0.0116	0.0383	0.0002	0.0637	0.0714	0.0069	0.0001	0.0014	0.0000	0.4717	0.0258	0.1076	-0.0024	27.2690	40.5309	12.3406	14.7974	3.2250	2.1914	1.0336	1.1268	1.1252	0.0017	2.0981	1.0662	1.0319	0.0039	0.0038	0.0001	0.0039	0.0038	0.0001	0.0000	0.0000	0.0000	4.1027	3.6382	0.4645	0.9377	0.8876	0.0501	3.1650	2.7506	0.4144	1.0809	0.5896	0.4913	0.1390	0.1280	0.0110	0.9420	0.4616	0.4803	215.3565	92.3300	11020.4729	42.6790	42.2764	4.8410	18842.4447	18471.3895	51003.0914	0.0037	0.0065	0.0002	0.0282	0.0300	0.0069	0.0000	0.0000	0.0000
81	110	0.2150	6	1	1	1	0	0	0	0	0	N	N	N	N	N	N	N	N	N	N	N	N	0.1108	0.0353	1.2419	0.0445	0.0297	63.6358	0.5071	0.7554	1.0219	0.0068	0.0065	0.0091	0.0056	0.0042	0.0323	0.0072	0.0073	0.0061	0.0613	0.1840	0.0073	0.1267	0.1404	0.0005	0.0141	0.0097	0.0060	0.1778	0.3101	-0.0014	-0.0014	27.2690	13.5236	12.3406	3.5331	0.0106	0.0090	0.0016	0.0021	0.0015	0.0006	0.0085	0.0075	0.0010	0.0037	0.0028	0.0009	0.0027	0.0027	0.0000	0.0009	0.0001	0.0009	1.5584	1.3824	0.1760	0.3787	0.3589	0.0198	1.1797	1.0235	0.1562	0.3955	0.2215	0.1740	0.0669	0.0613	0.0056	0.3286	0.1602	0.1684	0.7319	0.5140	1.8178	0.1375	0.0932	63.6358	2.5406	19.4141	1.1914	0.0093	0.0127	0.0050	0.0410	0.0448	0.0005	0.0028	0.0004	0.0051
81	111	0.1590	5	1	0	1	0	0	0	0	0	N	N	N	N	N	N	N	N	N	N	N	N	35.1443	169.7767	0.1003	1.6991	1.6008	808.3131	21.6901	57.4138	0.1282	0.5777	0.6591	0.0017	0.0119	0.0125	0.0017	0.6653	0.7688	0.0017	0.0164	0.0039	0.0168	0.0070	0.0078	0.0000	0.0307	0.0134	0.0131	0.0004	4.9899	-0.2874	0.0007	27.2690	16.9399	12.3406	15.9768	1.0021	1.0017	0.0004	0.0028	0.0028	0.0000	0.9993	0.9990	0.0003	0.0035	0.0006	0.0029	0.0004	0.0004	0.0000	0.0031	0.0002	0.0029	1.7346	1.5199	0.2147	0.2326	0.2205	0.0121	1.5020	1.2994	0.2026	0.7240	0.3937	0.3304	0.0791	0.0733	0.0058	0.6449	0.3204	0.3245	120.2838	446.9296	0.1922	2.2456	2.1786	808.3131	140.3672	1539.7087	0.1887	0.0048	0.0015	0.0088	0.0053	0.0057	0.0000	0.0047	0.0005	0.0089
81	112	0.2052	7	2	1	1	1	0	0	0	0	Y	N	N	N	N	N	N	N	N	N	N	N	354.8758	0.5076	inf	134.4134	0.2966	inf	inf	inf	0.0012	0.0000	0.0098	0.0029	0.0000	0.2274	0.0001	0.0000	0.0005	0.0000	0.0000	0.0000	0.0000	0.0000	0.0000	0.0000	0.0000	0.0000	430.2500	0.0000	0.0000	-0.0000	27.2690	0.0019	12.3406	1.9928	0.0000	0.0000	0.0000	0.0000	0.0000	0.0000	0.0000	0.0000	0.0000	0.0000	0.0000	0.0000	0.0000	0.0000	0.0000	0.0000	0.0000	0.0000	0.0006	0.0005	0.0001	0.0002	0.0002	0.0000	0.0004	0.0003	0.0001	0.0431	0.0234	0.0197	0.0066	0.0059	0.0007	0.0365	0.0175	0.0190	354.8758	0.5076	inf	134.4134	0.2966	inf	inf	0.0000	inf	0.0000	0.0000	0.0000	0.0000	0.0000	0.0000	0.0000	0.0000	0.0000	
81	113	0.1816	6	2	1	1	1	0	0	0	0	Y	N	N	N	N	N	N	N	N	N	N	N	0.0476	0.0184	23.6633	0.0318	0.0271	0.0058	35.5661	0.2562	71.8493	0.0002	0.0002	0.0001	0.0007	0.0008	0.0000	0.0000	0.0000	0.0001	0.0037	0.0103	0.0000	0.0229	0.0279	0.0001	0.0000	0.0001	0.0000	0.0606	0.0011	-0.0000	-0.0003	27.2690	8.6942	12.3406	6.0502	0.0002	0.0002	0.0000	0.0002	0.0002	0.0000	0.0000	0.0000	0.0000	0.0005	0.0005	0.0000	0.0005	0.0005	0.0000	0.0000	0.0000	0.0000	1.0319	0.9011	0.1308	0.2204	0.2119	0.0085	0.8115	0.6891	0.1223	0.3194	0.1634	0.1560	0.0370	0.0330	0.0040	0.2823	0.1303	0.1520	0.1152	0.0637	23.6633	0.0555	0.0516	0.0058	35.5661	93.9951	71.8493	0.0015	0.0030	0.0000	0.0131	0.0147	0.0001	0.0000	0.0000	0.0000
81	114	0.2027	10	1	1	1	1	0	0	0	0	N	N	N	N	N	N	N	N	N	N	N	N	0.0000	0.0000	0.0000	0.0000	0.0000	0.0000	0.0000	0.0000	0.0000	0.0000	0.0000	0.0000	0.0000	0.0056	0.0166	0.0000	0.0063	0.0064	0.0000	0.0000	0.0000	0.0000	0.0000	0.0000	-0.0000	27.2690	0.0001	12.3406	0.0001	0.0000	0.0000	0.0000	0.0000	0.0000	0.0000	0.0000	0.0000	0.0000	0.0000	0.0000	0.0000	0.0000	0.0000	0.0000	0.0000	0.0000	0.0000	0.0000	0.0000	0.0000	0.0000	0.0000	0.0000	0.0000	0.0000	0.0000	0.0000	0.0000	0.0000	0.0000	0.0000	0.0000	0.0000	0.0000	0.0000	0.0000	0.0000	0.0000	0.0000	0.0000	0.0000	0.0000	0.0000	0.0000	0.0021	0.0042	0.0000	0.0050	0.0050	0.0000	0.0000	0.0000	0.0000						
81	115	0.1960	9	1	1	1	1	0	0	0	0	N	N	N	N	N	N	N	N	N	N	N	N	0.0000	0.0000	0.0000	0.0000	0.0000	0.0000	0.0000	0.0000	0.0000	0.0000	0.0000	0.0000	0.0000	0.0190	0.1174	0.0000	0.2015	0.2350	0.0000	0.0000	0.0000	0.0000	0.0000	0.0000	-0.0003	27.2690	3.0007	12.3406	1.0012	0.0000	0.0000	0.0000	0.0000	0.0000	0.0000	0.0000	0.0000	0.0000	0.0004	0.0004	0.0000	0.0004	0.0004	0.0000	0.0000	0.0000	0.0000	0.3172	0.2799	0.0374	0.0622	0.0590	0.0032	0.2550	0.2209	0.0342	0.0834	0.0421	0.0413	0.0087	0.0076	0.0011	0.0747	0.0346	0.0402	0.0000	0.0000	0.0000	0.0000	0.0000	0.0000	0.0000	0.0000	0.0000	0.0053	0.0104	0.0000	0.0507	0.0581	0.0000	0.0000	0.0000	0.0000						
81	116	0.1941	8	1	0	1	1	0	0	0	0	N	N	N	N	N	N	N	N	N	N	N	N	232.7918	130.5376	0.0000	110.0753	100.8668	0.0378	inf	0.0000	0.0018	0.0021	0.0000	0.0078	0.0082	0.0000	0.0000	0.0000	0.0000	0.0000	0.0000	0.0000	0.0001	0.0001	0.0000	0.0000	0.0000	0.0000	0.0000	0.0781	-0.0001	-0.0000	27.2690	1.1177	12.3406	0.0023	0.0002	0.0002	0.0000	0.0002	0.0002	0.0000	0.0000	0.0000	0.0000	0.0000	0.0000	0.0000	0.0000	0.0000	0.0000	0.0000	0.0000	0.0000	0.1250	0.1107	0.0143	0.0294	0.0279	0.0015	0.0956	0.0828	0.0128	0.0235	0.0118	0.0116	0.0024	0.0021	0.0003	0.0210	0.0097	0.0113	232.7918	142.8366	0.0000	110.0753	100.8668	0.0000	0.0378	inf	0.0000	0.0000	0.0000	0.0000	0.0001	0.0001	0.0000	0.0000	0.0000	0.0000	
81	117	0.2494	6	1	1	1	0	0	0	0	0	N	N	N	N	N	N	N	N	N	N	N	N	2.9738	2.0099	60.5596	2.4053	2.3846	0.0011	5.3245	1436.2597	75.0178	0.9083	0.6842	2.6701	1.1970	1.2716	0.0000	0.8116	0.4710	3.0711	0.3054	0.3404	0.0441	0.4976	0.5333	0.0004	0.1524	0.0003	0.0409	0.4964	0.9396	0.1344	-0.0033	27.2690	31.2782	12.3406	23.9277	3.0132	2.0137	0.9996	0.9967	0.9967	0.0000	2.0166	1.0170	0.9996	0.0227	0.0117	0.0110	0.0117	0.0117	0.0000	0.0110	0.0000	0.0110	3.3174	2.9430	0.3744	0.8327	0.7838	0.0489	2.4847	2.1592	0.3255	1.1084	0.5859	0.5225	0.1242	0.1145	0.0097	0.9842	0.4714	0.5128	44.3237	34.2308	126.7934	12.6938	12.4340	0.0011	72.6135	353445.5114	143.1734	0.0205	0.0200	0.0211	0.0943	0.1023	0.0004	0.0112	0.0000	0.0215
81	118	0.1941	8	1	0	2	1	0	0	0	0	N	N	Y	N	N	N	N	N	N	N	N	N	5954.0916	inf	0.0000	inf	inf	0.0675	inf	0.0000	0.0006	0.0006	0.0000	0.0027	0.0028	0.0000	0.0000	0.0000	0.0000	0.0000	0.0000	0.0000	0.0000	0.0000	0.0000	0.0000	0.0000	0.0000	0.0000	inf	-0.0001	0.0000	27.2690	3.8827	12.3406	2.9998	0.0002	0.0002	0.0000	0.0002	0.0002	0.0000	0.0000	0.0000	0.0000	0.0000	0.0000	0.0000	0.0000	0.0000	0.0000	0.0000	0.0000	0.0000	0.4158	0.3673	0.0485	0.0861	0.0817	0.0044	0.3297	0.2856	0.0441	0.1424	0.0719	0.0706	0.0147	0.0128	0.0019	0.1278	0.0591	0.0687	5954.0916	inf	0.0000	inf	inf	0.0000	0.0675	inf	0.0000	0.0000	0.0000	0.0000	0.0000	0.0000	0.0000	0.0000	0.0000	0.0000	
81	119	0.1912	7	1	0	1	1	0	0	0	0	N	N	N	N	N	N	N	N	N	N	N	N	3206258.9322	6259015.3530	0.0764	3832102.7783	3588698.4989	inf	59.9871	inf	0.0000	2.6754	2.9922	0.0000	9.1020	9.5704	0.0000	0.0000	0.0000	0.0000	0.0000	0.0000	0.0000	0.0000	0.0000	0.0000	0.0000	0.0000	0.0000	0.0000	2.4649	-0.2859	0.0000	27.2690	2.8083	12.3406	0.0030	0.9957	0.9957	0.0000	0.9957	0.9957	0.0000	0.0000	0.0000	0.0000	0.0000	0.0000	0.0000	0.0000	0.0000	0.0000	0.0000	0.0000	0.0000	0.3722	0.3328	0.0394	0.1094	0.1040	0.0054	0.2628	0.2287	0.0341	0.0590	0.0297	0.0293	0.0061	0.0053	0.0008	0.0529	0.0244	0.0285	3206258.9322	6259015.3530	0.0764	3832102.7783	3588698.4989	inf	59.9871	inf	0.0000	0.0000	0.0000	0.0000	0.0000	0.0000	0.0000	0.0000	0.0000	0.0000
81	120	0.1912	7	1	0	2	1	0	0	0	0	N	N	Y	N	N	N	N	N	N	N	N	N	4794086.7697	inf	0.0000	inf	inf	5681106.7261	inf	0.0000	0.8473	0.9558	0.0000	0.0078	0.0082	0.0000	1.0936	1.2597	0.0000	0.0000	0.0000	0.0000	0.0000	0.0000	0.0000	0.0000	0.0000	0.0000	0.0000	inf	-0.2609	0.0000	27.2690	9.6158	12.3406	0.0030	0.9086	0.9086	0.0000	0.0019	0.0019	0.0000	0.9067	0.9067	0.0000	0.0000	0.0000	0.0000	0.0000	0.0000	0.0000	0.0000	0.0000	0.0000	1.0724	0.9507	0.1218	0.2433	0.2309	0.0124	0.8291	0.7198	0.1094	0.1986	0.1001	0.0985	0.0204	0.0178	0.0026	0.1782	0.0823	0.0959	4794086.7697	inf	0.0000	inf	inf	0.0000	5681106.7261	inf	0.0000	0.0000	0.0000	0.0000	0.0000	0.0000	0.0000	0.0000	0.0000	0.0000	
81	121	0.1816	6	1	0	1	1	0	0	0	0	N	N	N	N	N	N	N	N	N	N	N	N	23.7713	22.6311	0.0943	19.5452	18.9543	0.0046	0.7896	1.2025	0.1021	0.0029	0.0033	0.0000	0.0111	0.0114	0.0000	0.0001	0.0001	0.0000	0.0001	0.0001	0.0001	0.0006	0.0006	0.0002	0.0001	0.0001	0.0001	0.0004	0.5917	-0.0005	-0.0000	27.2690	4.2457	12.3406	2.0144	0.0017	0.0017	0.0000	0.0016	0.0016	0.0000	0.0000	0.0000	0.0000	0.0000	0.0000	0.0000	0.0000	0.0000	0.0000	0.0000	0.0000	0.0000	0.5785	0.5017	0.0768	0.1446	0.1403	0.0043	0.4339	0.3614	0.0725	0.1458	0.0757	0.0701	0.0199	0.0182	0.0017	0.1259	0.0575	0.0684	23.7713	22.6311	0.0943	19.5452	18.9543	0.0046	2.1929	367.0873	0.1021	0.0001	0.0001	0.0001	0.0006	0.0006	0.0002	0.0000	0.0000	0.0001
81	122	0.1394	5	1	0	1	1	0	0	0	0	N	N	N	N	N	N	N	N	N	N	N	N	0.3270	0.0070	144.3514	0.0050	0.0045	0.0000	20.4895	0.1744	152.6567	0.0009	0.0001	0.0065	0.0002	0.0002	0.0000	0.0010	0.0000	0.0069	0.0026	0.0071	0.0000	0.0342	0.0393	0.0000	0.0000	0.0001	0.0000	18.4299	0.0199	0.0008	-0.0004	27.2690	11.9190	12.3406	13.1740	0.0012	0.0001	0.0011	0.0000	0.0000	0.0000	0.0011	0.0000	0.0011	0.0006	0.0006	0.0000	0.0006	0.0006	0.0000	0.0000	0.0000	0.0000	1.3893	1.2165	0.1727	0.2669	0.2571	0.0098	1.1224	0.9595	0.1629	0.5228	0.2605	0.2623	0.0342	0.0318	0.0024	0.4887	0.2287	0.2599	0.7343	0.0219	144.3514	0.0097	0.0094	0.0000	41.9932	54.2293	152.6567	0.0012	0.0023	0.0000	0.0174	0.0187	0.0000	0.0000	0.0000	0.0000
81	123	0.6246	11	1	0	2	1	0	0	0	0	N	N	Y	N	N	N	N	N	N	N	N	N	0.5468	0.4593	0.0000	0.0004	0.0004	0.0000	550.5612	20804.0847	0.0000	0.4490	0.4998	0.0000	0.0006	0.0006	0.0000	0.7704	0.8888	0.0000	0.8211	1.0882	0.0008	1.5888	1.6504	0.0000	0.0014	0.0000	0.0009	0.0000	0.0023	-0.1848	-0.0214	27.2690	12.8936	12.3406	4.1514	0.6437	0.6437	0.0000	0.0003	0.0003	0.0000	0.6433	0.6433	0.0000	0.0342	0.0341	0.0001	0.0341	0.0341	0.0000	0.0001	0.0000	0.0001	1.4337	1.2878	0.1459	0.5987	0.5640	0.0347	0.8350	0.7238	0.1112	0.2651	0.1626	0.1025	0.0893	0.0783	0.0109	0.1758	0.0843	0.0915	3.4830	2.3841	0.0000	0.0015	0.0014	0.0000	1692.2834	7801725.4659	0.0000	0.1289	0.2096	0.0008	0.3818	0.4352	0.0000	0.0005	0.0000	0.0009
81	124	0.1548	6	1	1	1	0	0	0	0	0	N	N	N	N	N	N	N	N	N	N	N	N	384.5903	164.0494	0.0000	0.4340	0.4104	0.0000	5463.7310	21272.3117	0.0000	0.7222	0.8170	0.0000	0.0072	0.0075	0.0000	0.8887	1.0248	0.0000	0.0019	0.0050	0.0001	0.0165	0.0182	0.0004	0.0002	0.0000	0.0001	0.0000	0.0615	-0.2872	-0.0002	27.2690	12.7386	12.3406	8.7370	1.0002	1.0002	0.0000	0.0019	0.0019	0.0000	0.9983	0.9983	0.0000	0.0004	0.0004	0.0000	0.0004	0.0004	0.0000	0.0000	0.0000	0.0000	1.3848	1.2242	0.1606	0.2616	0.2501	0.0115	1.1233	0.9742	0.1491	0.4612	0.2318	0.2294	0.0397	0.0372	0.0025	0.4214	0.1945	0.2269	773.2217	466.6049	0.0000	0.6990	0.6865	0.0000	15556.8730	7973732.2514	0.0000	0.0009	0.0018	0.0001	0.0102	0.0109	0.0004	0.0001	0.0000	0.0001
81	125	0.1394	5	1	1	1	0	0	0	0	0	N	N	N	N	N	N	N	N	N	N	N	N	2.0117	0.5132	45.4072	0.0442	0.0415	0.0000	2.3231	0.0909	48.5467	0.0032	0.0018	0.0133	0.0002	0.0002	0.0000	0.0040	0.0022	0.0141	0.0016	0.0034	0.0003	0.0053	0.0058	0.0007	0.0017	0.0243	0.0003	1.0869	0.2167	0.0008	-0.0001	27.2690	8.6431	12.3406	1.4782	0.0034	0.0016	0.0018	0.0001	0.0001	0.0000	0.0034	0.0016	0.0018	0.0002	0.0002	0.0000	0.0001	0.0001	0.0000	0.0001	0.0001	0.0000	1.0655	0.9316	0.1339	0.2205	0.2133	0.0072	0.8451	0.7184	0.1267	0.2221	0.1110	0.1111	0.0166	0.0155	0.0010	0.2055	0.0954	0.1101	3.9008	1.3000	45.4072	0.0520	0.0510	0.0000	7.5843	2.7697	48.5467	0.0008	0.0014	0.0003	0.0045	0.0048	0.0007	0.0005	0.0008	0.0003
81	126	0.1299	4	1	0	1	0	0	0	0	0	N	N	N	N	N	N	N	N	N	N	N	N	8.2174	4.2321	6.5708	12.2121	13.4046	0.0007	3.0068	0.1999	13.0606	0.0064	0.0071	0.0006	0.0198	0.0205	0.0000	0.0027	0.0031	0.0006	0.0008	0.0017	0.0001	0.0016	0.0015	0.0052	0.0009	0.0154	0.0000	0.0110	0.0905	-0.0010	-0.0000	27.2690	4.1618	12.3406	2.0491	0.0036	0.0036	0.0000	0.0024	0.0024	0.0000	0.0012	0.0012	0.0000	0.0001	0.0001	0.0000	0.0000	0.0000	0.0000	0.0000	0.0000	0.0000	0.5632	0.4975	0.0657	0.1199	0.1162	0.0037	0.4433	0.3813	0.0620	0.1667	0.0930	0.0738	0.0228	0.0222	0.0006	0.1440	0.0708	0.0732	13.2089	8.9936	6.5708	12.2121	13.4046	0.0007	9.0658	5.4603	13.0606	0.0005	0.0008	0.0001	0.0016	0.0015	0.0052	0.0003	0.0006	0.0000
81	128	0.6369	12	2	1	1	0	0	0	0	0	Y	N	N	N	N	N	N	N	N	N	N	N	inf	inf	inf	inf	0.0001	0.0001	0.0000	0.0002	0.0002	0.0000	0.0000	0.0000	0.0000	0.0000	0.0000	0.0000	0.0000	0.0000	0.0000	0.0000	0.0000	0.0000	0.0000	-0.0000	0.0000	27.2690	2.0107	12.3406	1.9995	0.0000	0.0000	0.0000	0.0000	0.0000	0.0000	0.0000	0.0000	0.0000	0.0000	0.0000	0.0000	0.0000	0.0000	0.0000	0.0000	0.0000	0.0000	0.2115	0.1888	0.0227	0.0853	0.0800	0.0053	0.1262	0.1088	0.0174	0.0612	0.0386	0.0226	0.0215	0.0189	0.0027	0.0397	0.0197	0.0199	inf	inf	0.0000	inf	inf	0.0000	0.0000	0.0000	0.0000	0.0000	0.0000	0.0000	0.0000	0.0000	0.0000	0.0000	0.0000	0.0000						
81	129	0.6246	11	2	1	1	0	0	0	0	0	Y	N	N	N	N	N	N	N	N	N	N	N	379.5180	6285462.5365	0.0000	45953.6832	32158246.1096	0.0000	0.0077	0.7010	0.0000	0.4968	0.5498	0.0000	1.1226	1.1861	0.0000	0.0000	0.0000	0.0000	0.0013	0.0000	0.0018	0.0000	0.0000	0.0002	0.0042	0.0001	0.0020	0.0000	13282.3849	-0.1012	0.0000	27.2690	5.6459	12.3406	1.1399	0.3524	0.3524	0.0000	0.3524	0.3524	0.0000	0.0000	0.0000	0.0000	0.0001	0.0000	0.0001	0.0000	0.0000	0.0000	0.0001	0.0000	0.0001	0.7094	0.6410	0.0684	0.3139	0.2971	0.0168	0.3955	0.3439	0.0516	0.1143	0.0697	0.0446	0.0397	0.0353	0.0044	0.0746	0.0345	0.0401	700.8663	6285462.5365	0.0000	45953.6832	32158246.1096	0.0000	0.0303	268.8028	0.0000	0.0007	0.0000	0.0018	0.0000	0.0000	0.0002	0.0011	0.0000	0.0020
81	130	0.5943	10	1	0	1	0	0	0	0	0	N	N	N	N	N	N	N	N	N	N	N	N	0.2711	1.3612	0.2766	17.0605	8.4396	5604.2076	0.0003	17.3317	0.0000	0.8521	0.4953	3.8735	1.8924	1.0478	14.7226	0.0013	0.0014	0.0007	3.1428	0.3639	14.0059	0.1109	0.1242	0.0026	4.8221	0.0001	15.9046	0.9235	236.3330	0.2527	0.3642	27.2690	11.6079	12.3406	5.3766	1.3094	0.6807	0.6287	1.3083	0.6797	0.6286	0.0011	0.0010	0.0001	0.9912	0.0042	0.9871	0.0042	0.0042	0.0000	0.9870	0.0000	0.9870	1.5367	1.3744	0.1623	0.6913	0.6486	0.0427	0.8453	0.7257	0.1196	0.3154	0.1938	0.1216	0.1107	0.0990	0.0117	0.2047	0.0948	0.1099	0.2711	22.9862	0.4770	49.7935	24.8381	5604.2076	0.0003	5724.4445	0.0001	3.1428	0.0215	8.1198	0.0380	0.0422	0.0026	4.8221	0.0000	8.9847
81	131	0.5764	9	1	0	1	0	0	0	0	0	N	N	N	N	N	N	N	N	N	N	N	N	1.1680	0.3059	5.0457	22.7128	2.2570	7342.1268	0.1328	0.1358	0.0025	0.8339	0.1605	6.7220	1.7932	0.1912	26.9605	0.1178	0.1356	0.0033	0.7140	0.5247	1.3322	0.0790	0.0847	0.0037	0.8874	0.9987	1.3131	4.7900	2.3850	0.2424	0.0020	27.2690	3.9355	12.3406	8.7078	0.4488	0.0775	0.3713	0.4125	0.0413	0.3711	0.0363	0.0362	0.0001	0.0263	0.0078	0.0185	0.0038	0.0038	0.0000	0.0225	0.0040	0.0185	0.5381	0.4829	0.0552	0.2300	0.2162	0.0138	0.3081	0.2667	0.0415	0.3214	0.2135	0.1078	0.1231	0.1139	0.0092	0.1982	0.0996	0.0986	10.1953	4.4138	39.1317	57.8278	5.7552	7342.1268	1.0394	3.3939	0.0175	0.0818	0.0364	0.1718	0.0310	0.0332	0.0037	0.1133	0.0400	0.1875
81	132	0.5648	8	1	0	1	0	0	0	0	0	N	N	N	N	N	N	N	N	N	N	N	N	0.1384	0.2342	0.0099	0.8063	0.7890	2.4666	0.0961	0.6229	0.0041	0.0903	0.0994	0.0102	0.1101	0.1149	0.0304	0.0762	0.0873	0.0041	0.6523	0.4244	1.0319	0.1366	0.1456	0.0123	0.7923	0.1402	1.0116	0.0117	2.9418	-0.0208	0.0020	27.2690	6.2657	12.3406	3.9760	0.0754	0.0745	0.0009	0.0382	0.0376	0.0006	0.0371	0.0369	0.0003	0.0169	0.0043	0.0126	0.0042	0.0041	0.0001	0.0126	0.0002	0.0125	0.8346	0.7494	0.0852	0.3472	0.3274	0.0198	0.4874	0.4220	0.0654	0.2586	0.1659	0.0927	0.0997	0.0912	0.0085	0.1590	0.0747	0.0842	1.3837	3.8515	0.0753	2.5972	2.5426	2.4666	0.9572	40.6863	0.0278	0.0652	0.0258	0.1358	0.0424	0.0452	0.0123	0.0796	0.0021	0.1483
81	133	0.4875	7	1	0	1	0	0	0	0	0	N	N	N	N	N	N	N	N	N	N	N	N	2.0536	2.2076	0.0090	0.0600	0.0894	0.0036	3.9057	2.5558	0.0155	1.0259	1.1490	0.0012	0.0205	0.0217	0.0019	1.6102	1.8614	0.0011	0.4996	0.5205	0.1362	0.3418	0.2427	0.5157	0.4123	0.7283	0.0686	0.0001	0.7885	-0.8760	-0.0069	27.2690	26.7012	12.3406	18.2690	3.0520	3.0516	0.0004	0.0224	0.0223	0.0001	3.0296	3.0293	0.0003	0.0367	0.0205	0.0162	0.0202	0.0154	0.0048	0.0165	0.0051	0.0113	2.9749	2.6559	0.3190	1.0934	1.0284	0.0650	1.8815	1.6275	0.2540	0.9529	0.5709	0.3820	0.2856	0.2606	0.0250	0.6673	0.3103	0.3570	26.6449	31.9751	0.0290	0.2896	0.3673	0.0096	65.2815	112.7017	0.0335	0.0385	0.0359	0.0423	0.0708	0.0591	0.1938	0.0247	0.0165	0.0317
81	134	0.2494	6	1	0	1	0	0	0	0	0	N	N	N	N	N	N	N	N	N	N	N	N	0.4033	0.3823	0.0009	0.2321	0.2322	0.1094	0.4480	0.3461	0.0009	0.5293	0.5961	0.0031	0.0371	0.0395	0.0007	0.6804	0.7805	0.0035	1.3122	1.5594	3.6377	0.1600	0.1701	0.0062	1.5186	2.2548	3.7328	0.0007	1.0027	-0.8889	-0.2552	27.2690	61.4372	12.3406	55.8589	3.1031	3.1011	0.0021	0.0512	0.0511	0.0001	3.0520	3.0500	0.0020	1.9987	0.9980	1.0007	0.0077	0.0076	0.0001	1.9910	0.9904	1.0006	5.8631	5.2019	0.6612	1.3773	1.2941	0.0832	4.4858	3.9079	0.5780	1.9737	1.0288	0.9449	0.1690	0.1546	0.0145	1.8046	0.8742	0.9304	0.5226	0.6145	0.0030	0.8178	0.8043	0.1094	0.6167	0.6889	0.0032	1.0127	0.9701	1.0590	0.0454	0.0491	0.0062	1.1033	1.1329	1.0754
81	135	0.1590	5	1	0	1	0	0	0	0	0	N	N	N	N	N	N	N	N	N	N	N	N	1.0379	5.1498	0.0007	1134.7998	1232.0600	0.1196	0.5095	1.1093	0.0007	1.3357	1.5211	0.0034	5.0539	5.3308	0.0006	0.7641	0.8807	0.0035	1.2870	0.2954	4.6125	0.0045	0.0043	0.0049	1.4997	0.7939	4.9392	0.0003	99.9785	-1.2023	0.3617	27.2690	31.7621	12.3406	18.5886	4.1919	4.1906	0.0013	2.1135	2.1134	0.0000	2.0784	2.0771	0.0013	0.9999	0.0099	0.9900	0.0004	0.0004	0.0000	0.9995	0.0095	0.9900	3.1383	2.7550	0.3833	0.4182	0.3965	0.0217	2.7201	2.3585	0.3616	1.0437	0.5592	0.4845	0.1036	0.0950	0.0086	0.9401	0.4642	0.4759	1.3942	85.8990	0.0016	1276.1487	1376.6996	0.1196	0.7187	42.8769	0.0017	0.9581	0.0177	2.0435	0.0040	0.0039	0.0049	1.0632	0.0205	2.0801
82	83	0.0881	4	0	1	0	0	0	0	0	0	N	N	N	N	N	N	N	N	N	N	N	N	0.0034	0.0020	0.0000	0.0005	0.0005	0.0000	0.0229	0.1034	0.0000	0.0006	0.0007	0.0000	0.0003	0.0003	0.0000	0.0007	0.0008	0.0000	0.1732	0.3285	0.0167	0.6208	0.6455	0.0118	0.0288	0.0074	0.0124	0.0000	0.4053	-0.0001	-0.0010	9.0798	21.0000	0.9519	14.4214	0.0005	0.0005	0.0000	0.0000	0.0000	0.0000	0.0005	0.0005	0.0000	0.0029	0.0020	0.0008	0.0020	0.0020	0.0000	0.0008	0.0000	0.0008	0.8711	0.7735	0.0976	0.1750	0.1683	0.0067	0.6962	0.6052	0.0909	0.2033	0.1082	0.0951	0.0179	0.0162	0.0017	0.1854	0.0920	0.0934	0.0414	0.0349	0.0000	0.0025	0.0024	0.0000	0.1465	2.6095	0.0000	0.0141	0.0189	0.0087	0.1139	0.1245	0.0118	0.0045	0.0003	0.0087
82	84	0.1458	8	0	0	1	0	0	0	0	0	N	N	N	N	N	N	N	N	N	N	N	N	0.3885	0.3174	0.0109	0.1970	0.1992	0.5135	3.2637	35.4579	0.0126	0.2606	0.2918	0.0003	0.3404	0.3580	0.0002	0.2292	0.2635	0.0003	0.6706	0.9194	0.0289	1.7274	1.7971	0.0004	0.0702	0.0074	0.0260	0.0001	0.1056	-0.0665	-0.0062	9.0798	20.4085	0.9519	11.0867	0.2316	0.2316	0.0000	0.0853	0.0853	0.0000	0.1463	0.1463	0.0000	0.0116	0.0105	0.0011	0.0105	0.0105	0.0000	0.0011	0.0000	0.0011	0.8890	0.7936	0.0954	0.2507	0.2384	0.0123	0.6383	0.5552	0.0831	0.1668	0.0876	0.0792	0.0229	0.0192	0.0036	0.1439	0.0684	0.0756	3.7357	2.4295	0.0224	0.7414	0.6559	0.5135	29.2079	897.2539	0.0224	0.0697	0.1201	0.0140	0.4591	0.5457	0.0004	0.0078	0.0003	0.0147
82	85	0.1420	7	0	0	1	0	0	0	0	0	N	N	N	N	N	N	N	N	N	N	N	N	0.2319	0.1892	0.0335	0.1550	0.1831	0.0179	0.5032	0.8190	0.0258	0.0089	0.0099	0.0005	0.0101	0.0107	0.0013	0.0081	0.0093	0.0002	0.0385	0.0524	0.0135	0.0652	0.0585	0.0720	0.0162	0.0114	0.0070	0.0053	0.7951	-0.0005	-0.0000	9.0798	3.1287	0.9519	1.1816	0.0017	0.0017	0.0000	0.0008	0.0008	0.0000	0.0009	0.0009	0.0000	0.0002	0.0001	0.0001	0.0001	0.0001	0.0000	0.0001	0.0000	0.0001	0.1931	0.1730	0.0202	0.0780	0.0730	0.0049	0.1151	0.0999	0.0152	0.0271	0.0152	0.0120	0.0049	0.0043	0.0006	0.0223	0.0108	0.0114	1.1650	1.2979	0.0587	0.3542	0.4173	0.0253	2.6448	21.1864	0.0325	0.0077	0.0076	0.0077	0.0285	0.0256	0.0507	0.0031	0.0004	0.0056
82	86	0.1351	6	0	0	0	0	0	0	0	0	N	N	N	N	N	N	N	N	N	N	N	N	0.7740	1.6393	0.0701	2.1478	1.9314	2.7942	0.3752	0.4183	0.0467	0.0075	0.0084	0.0005	0.0108	0.0114	0.0013	0.0058	0.0066	0.0003	0.0097	0.0051	0.0075	0.0050	0.0059	0.0005	0.0154	0.0157	0.0062	0.0074	2.2784	-0.0004	0.0000	9.0798	4.0532	0.9519	2.2470	0.0016	0.0016	0.0000	0.0008	0.0008	0.0000	0.0008	0.0008	0.0000	0.0001	0.0000	0.0001	0.0000	0.0000	0.0000	0.0001	0.0000	0.0001	0.2132	0.1906	0.0226	0.0753	0.0702	0.0050	0.1380	0.1204	0.0176	0.0407	0.0226	0.0181	0.0072	0.0064	0.0008	0.0335	0.0162	0.0173	2.3384	4.7291	0.1039	2.4986	2.3889	2.7942	1.9301	11.3595	0.0549	0.0032	0.0018	0.0050	0.0043	0.0048	0.0005	0.0030	0.0006	0.0052
82	87	0.1120	5	0	0	0	0	0	0	0	0	N	N	N	N	N	N	N	N	N	N	N	N	0.0063	0.1602	0.0008	0.0280	0.0271	0.1100	0.0079	0.0325	0.0011	0.0045	0.0049	0.0012	0.0005	0.0006	0.0002	0.0069	0.0078	0.0016	0.7122	0.0307	1.4845	0.0189	0.0207	0.0018	0.8620	0.2391	1.3836	0.0348	22.1528	-0.0003	0.0029	9.0798	4.7288	0.9519	9.8540	0.0013	0.0013	0.0000	0.0001	0.0001	0.0000	0.0013	0.0012	0.0000	0.0088	0.0004	0.0084	0.0002	0.0002	0.0000	0.0085	0.0001	0.0084	0.2941	0.2576	0.0365	0.1113	0.1017	0.0097	0.1827	0.1559	0.0269	0.1072	0.0635	0.0437	0.0214	0.0201	0.0014	0.0858	0.0435	0.0423	0.0545	0.8253	0.0063	0.0468	0.0469	0.1100	0.0690	2.4349	0.0079	0.0818	0.0060	0.1920	0.0113	0.0120	0.0018	0.0994	0.0032	0.1981
82	88	0.0881	4	0	0	0	0	0	0	0	0	N	N	N	N	N	N	N	N	N	N	N	N	0.0038	0.0199	0.0306	0.0520	0.0465	37.3152	0.0036	0.0009	0.0398	0.0019	0.0003	0.0150	0.0009	0.0009	0.0008	0.0022	0.0001	0.0160	0.5052	0.0127	0.4904	0.0181	0.0203	0.0000	0.5990	0.0614	0.4029	7.6108	19.0551	0.0004	0.0013	9.0798	8.6320	0.9519	7.0881	0.0007	0.0001	0.0006	0.0001	0.0001	0.0000	0.0006	0.0000	0.0006	0.0040	0.0002	0.0038	0.0001	0.0001	0.0000	0.0039	0.0001	0.0038	0.3701	0.3282	0.0419	0.0750	0.0722	0.0029	0.2951	0.2560	0.0390	0.1019	0.0571	0.0448	0.0123	0.0115	0.0008	0.0896	0.0456	0.0440	0.0490	0.0722	0.1769	0.0857	0.0806	37.3152	0.0504	0.0401	0.1859	0.0392	0.0035	0.0848	0.0110	0.0117	0.0000	0.0431	0.0014	0.0863
82	89	0.1559	6	0	1	0	0	0	0	0	0	N	N	N	N	N	N	N	N	N	N	N	N	7.4239	50.4379	39.3135	10.6920	9.6589	68.8500	4.8469	36.7786	52.5002	0.1882	0.0961	0.9777	0.0406	0.0423	0.0030	0.2524	0.1220	1.1177	0.0253	0.0019	0.0249	0.0038	0.0044	0.0000	0.0521	0.0033	0.0213	1.1854	12.7726	0.0339	0.0002	9.0798	15.4622	0.9519	5.2688	0.1328	0.0608	0.0721	0.0087	0.0087	0.0000	0.1242	0.0521	0.0720	0.0007	0.0001	0.0007	0.0000	0.0000	0.0000	0.0007	0.0000	0.0007	0.7059	0.6322	0.0737	0.2141	0.2048	0.0093	0.4918	0.4274	0.0644	0.1142	0.0608	0.0533	0.0134	0.0122	0.0012	0.1007	0.0486	0.0521	29.7531	111.5777	77.8566	11.4416	10.8542	68.8500	37.7025	1223.0705	86.9816	0.0063	0.0009	0.0126	0.0035	0.0039	0.0000	0.0067	0.0001	0.0128
82	90	0.1441	5	0	0	0	0	0	0	0	0	N	N	N	N	N	N	N	N	N	N	N	N	2.9619	3.3304	12.5234	0.9030	0.8642	1.6521	2.9088	1.2049	14.0223	0.0072	0.0059	0.0181	0.0018	0.0018	0.0013	0.0096	0.0080	0.0206	0.0024	0.0018	0.0014	0.0020	0.0021	0.0008	0.0033	0.0067	0.0015	0.3450	1.2859	-0.0001	-0.0000	9.0798	7.5917	0.9519	1.5198	0.0028	0.0021	0.0007	0.0002	0.0002	0.0000	0.0025	0.0018	0.0007	0.0001	0.0000	0.0000	0.0000	0.0000	0.0000	0.0000	0.0000	0.0000	0.3846	0.3455	0.0391	0.1209	0.1157	0.0052	0.2638	0.2298	0.0340	0.0628	0.0360	0.0268	0.0124	0.0113	0.0011	0.0504	0.0247	0.0257	6.5529	7.1095	12.5234	0.9030	0.8642	1.6521	11.0013	31.2104	14.0223	0.0011	0.0008	0.0014	0.0020	0.0021	0.0008	0.0009	0.0003	0.0015
82	91	0.1280	5	1	0	1	0	0	0	0	0	N	N	N	N	N	N	N	N	N	N	N	N	inf	inf	inf	inf	inf	inf	inf	inf	inf	1.2937	1.4501	0.0493	2.4859	2.6063	0.0231	0.8448	0.9697	0.0527	0.0000	0.0000	0.0000	0.0000	0.0000	0.0000	0.0000	0.0000	0.0000	0.0043	-0.0480	-0.0000	9.0798	3.0317	0.9519	0.1644	0.1696	0.1689	0.0007	0.0891	0.0891	0.0000	0.0805	0.0798	0.0007	0.0000	0.0000	0.0000	0.0000	0.0000	0.0000	0.0000	0.0000	0.0000	0.1311	0.1165	0.0146	0.0359	0.0342	0.0017	0.0952	0.0823	0.0130	0.0174	0.0084	0.0090	0.0007	0.0006	0.0001	0.0167	0.0078	0.0089	inf	inf	inf	inf	inf	inf	inf	inf	inf	0.0000	0.0000	0.0000	0.0000	0.0000	0.0000	0.0000	0.0000	0.0000	
82	92	0.1222	4	1	0	1	0	0	0	0	0	N	N	N	N	N	N	N	N	N	N	N	N	47603.6279	1484.3387	5809917.8899	16624.5034	609.4359	inf	7595.0330	39.1299	938479.9148	1.8620	0.1125	17.4524	3.6594	0.1440	62.6336	0.4529	0.0855	2.7894	0.0000	0.0001	0.0000	0.0002	0.0002	0.0000	0.0001	0.0022	0.0000	17.4089	0.0400	0.1927	-0.0000	9.0798	2.6632	0.9519	1.0147	0.2927	0.0159	0.2768	0.2528	0.0094	0.2434	0.0399	0.0065	0.0334	0.0000	0.0000	0.0000	0.0000	0.0000	0.0000	0.0000	0.0000	0.0000	0.1572	0.1413	0.0159	0.0691	0.0652	0.0039	0.0881	0.0761	0.0120	0.0211	0.0105	0.0106	0.0013	0.0012	0.0001	0.0198	0.0094	0.0105	47603.6279	1494.1917	5809917.8899	16624.5034	609.4359	inf	16442.3280	1553.7172	938479.9148	0.0000	0.0001	0.0000	0.0002	0.0002	0.0000	0.0000	0.0001	0.0000
82	93	0.0389	3	1	0	1	0	0	0	0	0	N	N	N	N	N	N	N	N	N	N	N	N	20.0421	1.3355	12177.7736	22.9233	16.9380	10084.0625	16.3391	0.4869	14246.9651	1.3730	0.4327	7.0149	0.6595	0.5768	1.4338	1.6421	0.3742	8.2809	0.0685	0.3240	0.0006	0.0288	0.0341	0.0001	0.1005	0.7685	0.0006	2.7021	0.0309	1.1078	-0.0016	9.0798	35.0787	0.9519	12.2568	2.5021	0.6758	1.8262	0.3292	0.2602	0.0690	2.1729	0.4157	1.7572	0.0027	0.0026	0.0001	0.0003	0.0003	0.0000	0.0024	0.0023	0.0001	1.8224	1.5620	0.2603	0.4991	0.4510	0.0481	1.3232	1.1110	0.2122	0.2808	0.1405	0.1403	0.0182	0.0165	0.0017	0.2626	0.1239	0.1386	142.8468	23.2156	12177.7736	42.7147	33.9797	10084.0625	178.3412	19.8399	14246.9651	0.0096	0.0186	0.0006	0.0154	0.0170	0.0001	0.0092	0.0189	0.0006
82	94	0.0254	2	1	0	0	0	0	0	0	0	N	N	N	N	N	N	N	N	N	N	N	N	0.3075	0.1690	6.6093	0.1322	0.1462	0.0471	1.0532	0.1112	16.3850	0.1930	0.1356	0.4201	0.2494	0.2570	0.2034	0.1519	0.0350	0.5102	0.6276	0.8020	0.0636	1.8873	1.7581	4.3161	0.1443	0.3151	0.0311	0.7832	0.2864	0.0244	-0.0018	9.0798	8.4810	0.9519	2.3446	0.1606	0.0900	0.0705	0.0873	0.0773	0.0100	0.0732	0.0127	0.0605	0.0045	0.0035	0.0010	0.0038	0.0034	0.0004	0.0007	0.0001	0.0006	0.8320	0.6642	0.1679	0.3502	0.3008	0.0493	0.4819	0.3633	0.1185	0.0760	0.0388	0.0372	0.0069	0.0064	0.0005	0.0691	0.0324	0.0367	3.2407	1.4958	15.5030	0.4570	0.4870	0.2650	14.1040	8.2267	30.8644	0.0595	0.0906	0.0271	0.5458	0.5277	0.7677	0.0108	0.0043	0.0165
82	95	0.0881	4	0	1	0	1	0	0	0	0	N	N	N	N	N	N	N	N	N	N	N	N	198.2104	340.0728	32.1296	176.9827	149.0590	inf	140.3905	46.9251	4.3167	1.2441	1.3873	0.1067	1.0231	1.0094	1.3670	1.2995	1.4920	0.0139	0.0063	0.0041	0.0033	0.0058	0.0068	0.0000	0.0093	0.0318	0.0032	0.0097	1.8499	-0.3411	0.0000	9.0798	24.0032	0.9519	22.6134	1.2291	1.2173	0.0118	0.2026	0.1922	0.0104	1.0265	1.0251	0.0014	0.0006	0.0002	0.0004	0.0001	0.0001	0.0000	0.0005	0.0001	0.0004	0.9879	0.8775	0.1104	0.1980	0.1904	0.0076	0.7899	0.6871	0.1028	0.2572	0.1354	0.1218	0.0208	0.0186	0.0022	0.2364	0.1168	0.1196	539.2245	902.3872	33.7272	216.7387	191.5480	inf	620.3541	1584.3945	4.3167	0.0023	0.0015	0.0032	0.0047	0.0053	0.0000	0.0021	0.0009	0.0032
82	96	0.5055	8	0	1	0	0	0	0	0	0	N	N	N	N	N	N	N	N	N	N	N	N	1.5599	1.6029	0.0001	5.4208	4.8622	0.3343	0.0022	0.0019	0.0000	0.0114	0.0127	0.0000	0.0254	0.0271	0.0000	0.0000	0.0000	0.0000	0.0073	0.0079	0.0031	0.0047	0.0056	0.0000	0.0080	0.0110	0.0033	0.0000	0.7410	-0.0028	-0.0001	9.0798	18.5150	0.9519	10.2301	0.0096	0.0096	0.0000	0.0096	0.0096	0.0000	0.0000	0.0000	0.0000	0.0004	0.0002	0.0002	0.0002	0.0002	0.0000	0.0002	0.0000	0.0002	0.8446	0.7605	0.0842	0.3788	0.3551	0.0237	0.4659	0.4054	0.0605	0.1458	0.0915	0.0543	0.0489	0.0437	0.0052	0.0969	0.0478	0.0491	4.3105	5.2322	0.0001	6.1631	5.8793	0.3343	0.0094	0.0487	0.0000	0.0026	0.0024	0.0030	0.0041	0.0046	0.0000	0.0019	0.0004	0.0033
82	97	0.0590	3	0	1	0	0	0	0	0	0	N	N	N	N	N	N	N	N	N	N	N	N	2.1624	2.1400	0.5542	0.5156	0.3650	30.3214	2.2368	1.6637	0.3208	1.8357	1.9740	0.7316	0.6956	0.5113	5.4178	2.1206	2.3782	0.3925	0.8489	0.9224	1.3201	1.3492	1.4008	0.1787	0.9480	1.4294	1.2235	0.0464	1.4256	-0.8200	-0.0022	9.0798	46.1140	0.9519	26.4917	3.3774	3.2276	0.1498	0.2559	0.1810	0.0748	3.1215	3.0466	0.0749	0.0539	0.0222	0.0317	0.0045	0.0044	0.0001	0.0494	0.0179	0.0316	1.8398	1.6351	0.2048	0.3678	0.3540	0.0138	1.4720	1.2811	0.1909	0.3714	0.1838	0.1876	0.0149	0.0133	0.0016	0.3565	0.1705	0.1860	12.6387	16.3138	4.3288	2.2949	1.5550	58.5175	15.2938	22.6834	2.3135	0.1452	0.1210	0.1690	0.3031	0.3288	0.0926	0.1387	0.1048	0.1697
82	98	0.5584	10	0	1	0	0	0	0	0	0	N	N	N	N	N	N	N	N	N	N	N	N	0.0576	0.0179	0.1373	0.0467	0.0386	0.0342	0.4254	0.0899	0.1947	0.0012	0.0013	0.0002	0.0016	0.0016	0.0001	0.0010	0.0011	0.0002	0.0211	0.0740	0.0012	0.0336	0.0421	0.0037	0.0023	0.0121	0.0008	0.0123	0.0891	-0.0003	-0.0004	9.0798	20.7840	0.9519	8.9470	0.0009	0.0009	0.0000	0.0005	0.0005	0.0000	0.0004	0.0004	0.0000	0.0007	0.0007	0.0001	0.0007	0.0006	0.0000	0.0001	0.0000	0.0000	0.7771	0.7047	0.0724	0.3266	0.3141	0.0125	0.4505	0.3905	0.0600	0.1267	0.0760	0.0507	0.0381	0.0327	0.0055	0.0885	0.0433	0.0452	0.2154	0.1533	0.1373	0.0909	0.0833	0.0342	1.4620	2.3609	0.1947	0.0057	0.0087	0.0012	0.0172	0.0195	0.0037	0.0007	0.0005	0.0008
82	99	0.5535	9	0	0	0	0	0	0	0	0	N	N	N	N	N	N	N	N	N	N	N	N	21.3299	66.9215	3.0559	167.7561	176.1905	152.0057	0.5163	0.8925	0.0612	0.1871	0.2069	0.0247	0.2527	0.2768	0.0367	0.0119	0.0136	0.0004	0.0088	0.0031	0.0081	0.0015	0.0016	0.0002	0.0231	0.0153	0.0071	0.0146	3.3154	-0.0291	0.0000	9.0798	2.7834	0.9519	1.0450	0.1067	0.1052	0.0015	0.1049	0.1034	0.0015	0.0019	0.0018	0.0000	0.0001	0.0000	0.0001	0.0000	0.0000	0.0000	0.0001	0.0000	0.0001	0.5707	0.5084	0.0622	0.4151	0.3734	0.0417	0.1555	0.1350	0.0205	0.0332	0.0190	0.0143	0.0131	0.0124	0.0006	0.0202	0.0065	0.0136	62.1878	169.4791	4.5950	167.7561	176.1905	152.0057	2.9899	24.5086	0.0773	0.0030	0.0012	0.0054	0.0015	0.0016	0.0002	0.0040	0.0006	0.0056
82	100	0.5435	8	0	0	0	0	0	0	0	0	N	N	N	N	N	N	N	N	N	N	N	N	3.0212	1.7942	23.5271	17.9087	13.1874	3800.1038	1.0998	0.2877	4.0935	0.3334	0.3191	0.4566	0.4431	0.4134	0.7363	0.1300	0.1371	0.0812	0.1104	0.1778	0.0194	0.0247	0.0314	0.0002	0.1182	0.4764	0.0198	0.1662	0.5346	-0.0397	-0.0003	9.0798	7.6044	0.9519	2.7972	0.2743	0.2353	0.0391	0.2369	0.2008	0.0361	0.0375	0.0345	0.0030	0.0009	0.0006	0.0003	0.0005	0.0005	0.0000	0.0005	0.0001	0.0003	0.8229	0.7373	0.0856	0.5346	0.4856	0.0491	0.2883	0.2517	0.0366	0.0798	0.0482	0.0316	0.0341	0.0295	0.0047	0.0456	0.0187	0.0269	28.7208	25.4774	44.7161	31.8777	25.7201	3800.1038	13.1372	19.7650	6.7905	0.0116	0.0125	0.0102	0.0139	0.0161	0.0002	0.0099	0.0069	0.0120
82	101	0.4939	7	0	0	0	0	0	0	0	0	N	N	N	N	N	N	N	N	N	N	N	N	52.3128	44.9715	34.8459	30.6042	21.7601	2408.4523	59.0190	13.1211	1.3034	1.4332	1.5448	0.4216	0.4342	0.3648	1.4968	2.2374	2.5697	0.0141	0.0274	0.0344	0.0121	0.0142	0.0168	0.0006	0.0379	0.1958	0.0108	0.0301	0.7455	-0.3188	-0.0002	9.0798	18.4780	0.9519	12.4520	1.2363	1.2001	0.0361	0.1670	0.1318	0.0353	1.0693	1.0684	0.0009	0.0010	0.0006	0.0004	0.0004	0.0004	0.0000	0.0005	0.0001	0.0004	0.8626	0.7769	0.0857	0.3847	0.3611	0.0236	0.4779	0.4158	0.0621	0.1471	0.0893	0.0578	0.0469	0.0414	0.0054	0.1003	0.0479	0.0523	217.1086	248.0574	58.7269	47.1047	35.2692	2408.4523	415.9724	963.1852	1.7902	0.0066	0.0062	0.0072	0.0092	0.0103	0.0006	0.0054	0.0027	0.0079
82	102	0.2021	7	0	1	0	0	0	0	0	0	N	N	N	N	N	N	N	N	N	N	N	N	0.1880	0.4986	0.0033	1.1088	1.0641	1.1712	0.1326	1.9260	0.0018	0.0960	0.1063	0.0013	0.1298	0.1357	0.0049	0.0767	0.0880	0.0006	0.5107	0.2133	0.4111	0.1171	0.1275	0.0042	0.5783	0.0457	0.3509	0.0014	4.0157	-0.0512	0.0023	9.0798	34.1922	0.9519	22.4626	0.1791	0.1789	0.0002	0.0880	0.0878	0.0002	0.0912	0.0911	0.0001	0.0133	0.0027	0.0106	0.0025	0.0025	0.0000	0.0108	0.0002	0.0106	1.8662	1.6821	0.1841	0.6779	0.6474	0.0305	1.1884	1.0347	0.1537	0.3293	0.1899	0.1393	0.0643	0.0586	0.0056	0.2650	0.1313	0.1337	2.3772	7.6201	0.0175	3.3128	3.1892	1.1712	1.8860	73.8396	0.0079	0.0404	0.0140	0.0764	0.0392	0.0425	0.0042	0.0407	0.0012	0.0794
82	103	0.1543	6	0	1	0	0	0	0	0	0	N	N	N	N	N	N	N	N	N	N	N	N	0.0467	0.0584	0.0587	0.2642	0.2238	10.6315	0.0480	0.0266	0.0447	0.0143	0.0156	0.0035	0.0083	0.0081	0.0125	0.0169	0.0191	0.0023	0.3066	0.2670	0.0599	0.0315	0.0363	0.0012	0.3521	0.7196	0.0520	0.0265	1.3135	-0.0041	-0.0003	9.0798	22.5884	0.9519	11.0115	0.0158	0.0154	0.0004	0.0028	0.0026	0.0002	0.0130	0.0128	0.0002	0.0043	0.0019	0.0024	0.0006	0.0006	0.0000	0.0037	0.0013	0.0024	1.1045	0.9885	0.1160	0.3329	0.3194	0.0135	0.7716	0.6691	0.1025	0.2074	0.1136	0.0938	0.0336	0.0310	0.0026	0.1738	0.0826	0.0912	0.6927	0.9557	0.1355	0.5049	0.4583	10.6315	0.7872	1.2141	0.0872	0.0207	0.0163	0.0259	0.0165	0.0177	0.0012	0.0215	0.0158	0.0267
82	104	0.1242	5	0	0	0	0	0	0	0	0	N	N	N	N	N	N	N	N	N	N	N	N	0.1858	0.5552	0.1099	0.5185	0.4413	126.4233	0.0973	0.1313	0.0846	0.0043	0.0045	0.0021	0.0053	0.0052	0.0076	0.0039	0.0042	0.0013	0.0230	0.0082	0.0188	0.0102	0.0117	0.0001	0.0396	0.0323	0.0156	0.0545	3.3951	-0.0006	0.0001	9.0798	11.8100	0.9519	8.7888	0.0025	0.0024	0.0001	0.0009	0.0008	0.0001	0.0016	0.0015	0.0001	0.0008	0.0002	0.0006	0.0001	0.0001	0.0000	0.0006	0.0001	0.0006	0.5847	0.5223	0.0624	0.1707	0.1633	0.0074	0.4140	0.3591	0.0550	0.1273	0.0685	0.0588	0.0170	0.0157	0.0014	0.1102	0.0528	0.0574	0.7205	1.8094	0.2088	0.7398	0.6677	126.4233	0.6712	4.4662	0.1302	0.0059	0.0025	0.0099	0.0071	0.0078	0.0001	0.0057	0.0009	0.0101
82	105	0.0881	4	0	0	0	0	0	0	0	0	N	N	N	N	N	N	N	N	N	N	N	N	29.8907	77.9733	85.0782	658.5624	395.3686	15099549.5685	4.4374	2.4532	8.5293	0.4289	0.3361	1.1597	1.5991	1.0398	15.6557	0.1331	0.1392	0.0931	0.0143	0.0043	0.0136	0.0024	0.0026	0.0000	0.0300	0.0567	0.0109	0.4380	4.0399	0.0047	0.0001	9.0798	14.7392	0.9519	7.3617	0.2666	0.1854	0.0812	0.2006	0.1254	0.0751	0.0661	0.0600	0.0061	0.0006	0.0001	0.0005	0.0000	0.0000	0.0000	0.0006	0.0001	0.0005	0.6216	0.5516	0.0700	0.1254	0.1206	0.0048	0.4962	0.4310	0.0652	0.1357	0.0741	0.0616	0.0142	0.0131	0.0011	0.1215	0.0610	0.0605	97.7516	210.8688	149.6467	658.5624	395.3686	15099549.5685	28.8362	101.4758	11.7992	0.0044	0.0016	0.0077	0.0024	0.0026	0.0000	0.0046	0.0014	0.0079
82	109	0.1700	6	0	1	0	0	0	0	0	0	N	N	N	N	N	N	N	N	N	N	N	N	8.5769	2.3791	803.9462	5.3376	4.6038	134.2909	10.7605	1.3814	1197.8566	1.3498	0.8710	5.4766	0.4408	0.4383	0.4932	1.7058	1.0563	6.1699	0.1574	0.3661	0.0068	0.0826	0.0952	0.0037	0.1585	0.7647	0.0052	0.7295	0.1878	0.3033	-0.0018	9.0798	40.5309	0.9519	14.7974	2.2522	1.3022	0.9500	0.2070	0.1966	0.0104	2.0452	1.1057	0.9396	0.0039	0.0033	0.0006	0.0010	0.0010	0.0000	0.0029	0.0023	0.0006	1.6686	1.4951	0.1735	0.4696	0.4484	0.0212	1.1990	1.0467	0.1523	0.2831	0.1512	0.1319	0.0304	0.0275	0.0029	0.2526	0.1237	0.1290	97.9301	40.0868	1171.0829	13.8004	12.5375	134.2909	147.1092	56.2326	1312.9048	0.0138	0.0217	0.0047	0.0319	0.0350	0.0037	0.0116	0.0188	0.0047
82	110	0.1441	5	0	1	0	0	0	0	0	0	N	N	N	N	N	N	N	N	N	N	N	N	6.0414	1.1007	167.6819	3.2332	2.9030	26.1160	5.1140	0.0550	185.1133	0.0293	0.0083	0.2106	0.0066	0.0064	0.0103	0.0386	0.0092	0.2378	0.0049	0.0076	0.0013	0.0020	0.0022	0.0004	0.0075	0.1667	0.0013	2.9350	0.4371	0.0084	-0.0001	9.0798	13.5236	0.9519	3.5331	0.0184	0.0047	0.0137	0.0012	0.0011	0.0001	0.0172	0.0036	0.0136	0.0002	0.0001	0.0001	0.0000	0.0000	0.0000	0.0002	0.0001	0.0001	0.6264	0.5614	0.0651	0.1812	0.1734	0.0078	0.4453	0.3880	0.0573	0.1036	0.0569	0.0467	0.0155	0.0140	0.0015	0.0881	0.0429	0.0452	15.7578	3.5278	167.6819	3.2332	2.9030	26.1160	21.0724	3.8104	185.1133	0.0019	0.0024	0.0013	0.0020	0.0022	0.0004	0.0018	0.0024	0.0013
82	111	0.0881	4	0	0	0	0	0	0	0	0	N	N	N	N	N	N	N	N	N	N	N	N	0.7260	1.0071	0.4978	0.3048	0.2698	451.5537	0.5211	0.1293	0.5913	0.0054	0.0058	0.0020	0.0019	0.0020	0.0005	0.0062	0.0069	0.0021	0.0074	0.0058	0.0040	0.0063	0.0074	0.0000	0.0120	0.0532	0.0036	0.0436	1.5612	-0.0009	-0.0000	9.0798	16.9399	0.9519	15.9768	0.0038	0.0037	0.0002	0.0003	0.0003	0.0000	0.0035	0.0034	0.0002	0.0005	0.0002	0.0003	0.0001	0.0001	0.0000	0.0004	0.0001	0.0003	0.7103	0.6304	0.0799	0.1431	0.1376	0.0055	0.5672	0.4928	0.0744	0.1909	0.1019	0.0889	0.0172	0.0157	0.0016	0.1736	0.0863	0.0874	2.0080	2.9649	0.5701	0.3862	0.3612	451.5537	2.5516	5.2185	0.5913	0.0027	0.0020	0.0035	0.0050	0.0055	0.0000	0.0024	0.0013	0.0036
82	112	0.1343	6	1	1	0	1	0	0	0	0	N	N	N	N	N	N	N	N	N	N	N	N	3817.7347	18083.8583	672.3784	902.3354	800.6060	inf	2876.2980	342.6245	669.2604	0.0521	0.0570	0.0172	0.0086	0.0087	0.0013	0.0804	0.0960	0.0178	0.0000	0.0000	0.0000	0.0000	0.0000	0.0000	0.0000	0.0003	0.0000	0.0430	7.1175	-0.0000	0.0000	9.0798	0.0019	0.9519	1.9928	0.0000	0.0000	0.0000	0.0000	0.0000	0.0000	0.0000	0.0000	0.0000	0.0000	0.0000	0.0000	0.0000	0.0000	0.0000	0.0000	0.0000	0.0000	0.0002	0.0002	0.0000	0.0001	0.0001	0.0000	0.0001	0.0001	0.0000	0.0112	0.0060	0.0053	0.0015	0.0013	0.0002	0.0097	0.0047	0.0051	3817.7347	18083.8583	672.3784	902.3354	800.6060	inf	5635.2063	95530.9064	669.2604	0.0000	0.0000	0.0000	0.0000	0.0000	0.0000	0.0000	0.0000	0.0000
82	113	0.1107	5	1	1	0	1	0	0	0	0	N	N	N	N	N	N	N	N	N	N	N	N	102.3282	1753.5123	10.7012	7.8737	6.5188	877.2020	72.3281	2850.7380	13.3780	2.4214	2.7130	0.2355	0.0343	0.0352	0.0083	3.2904	3.8208	0.2536	0.0237	0.0015	0.0220	0.0044	0.0054	0.0000	0.0455	0.0013	0.0190	0.0116	14.8062	-0.2796	0.0002	9.0798	8.6942	0.9519	6.0502	1.0142	1.0026	0.0116	0.0038	0.0038	0.0000	1.0104	0.9988	0.0116	0.0005	0.0000	0.0005	0.0000	0.0000	0.0000	0.0005	0.0000	0.0005	0.4189	0.3696	0.0493	0.1118	0.1082	0.0036	0.3071	0.2614	0.0457	0.0836	0.0419	0.0417	0.0080	0.0069	0.0011	0.0756	0.0350	0.0406	399.8167	3547.8374	20.7138	8.7523	7.7783	877.2020	523.7324	189027.7440	21.7352	0.0061	0.0008	0.0114	0.0039	0.0045	0.0000	0.0063	0.0000	0.0117
82	114	0.1318	9	0	1	0	1	0	0	0	0	N	N	N	N	N	N	N	N	N	N	N	N	0.0000	0.0000	0.0000	0.0000	0.0000	0.0000	0.0000	0.0000	0.0000	0.0000	0.0000	0.0000	0.0000	0.0000	0.0000	0.0000	0.0440	0.0014	0.0325	0.0008	0.0008	0.0000	0.1948	0.0000	0.0293	22.0651	0.0000	0.0000	9.0798	0.0001	0.9519	0.0001	0.0000	0.0000	0.0000	0.0000	0.0000	0.0000	0.0000	0.0000	0.0000	0.0000	0.0000	0.0000	0.0000	0.0000	0.0000	0.0000	0.0000	0.0000	0.0000	0.0000	0.0000	0.0000	0.0000	0.0000	0.0000	0.0000	0.0000	0.0000	0.0000	0.0000	0.0000	0.0000	0.0000	0.0000	0.0000	0.0000	0.0000	0.0000	0.0000	0.0000	0.0000	0.0000	0.0000	0.0000	0.0000	0.0081	0.0007	0.0156	0.0008	0.0008	0.0000	0.0135	0.0000	0.0157			
82	115	0.1251	8	0	1	0	1	0	0	0	0	N	N	N	N	N	N	N	N	N	N	N	N	0.0000	0.0000	0.0000	0.0000	0.0000	0.0000	0.0000	0.0000	0.0000	0.0000	0.0000	0.0000	0.0000	0.0000	0.0000	0.0000	0.3120	0.0054	0.1212	0.0188	0.0246	0.0000	0.3621	0.0000	0.1108	22.0651	0.0000	0.0002	9.0798	3.0007	0.9519	1.0012	0.0000	0.0000	0.0000	0.0000	0.0000	0.0000	0.0000	0.0000	0.0000	0.0005	0.0000	0.0004	0.0000	0.0000	0.0000	0.0004	0.0000	0.0004	0.1305	0.1165	0.0139	0.0336	0.0323	0.0014	0.0968	0.0843	0.0126	0.0218	0.0107	0.0110	0.0018	0.0015	0.0003	0.0200	0.0093	0.0107	0.0000	0.0000	0.0000	0.0000	0.0000	0.0000	0.0000	0.0000	0.0000	0.0211	0.0019	0.0399	0.0113	0.0136	0.0000	0.0220	0.0000	0.0410			
82	116	0.1232	7	0	0	0	1	0	0	0	0	N	N	N	N	N	N	N	N	N	N	N	N	0.3566	1.6117	0.0155	0.8241	0.7071	inf	0.0000	0.0000	0.0000	0.0000	0.0000	0.0000	0.0000	0.0000	0.0000	0.0000	0.0000	0.0000	0.0000	0.0001	0.0000	0.0001	0.0000	0.0001	0.0000	0.0001	0.0079	7.2772	-0.0000	0.0000	9.0798	1.1177	0.9519	0.0023	0.0000	0.0000	0.0000	0.0000	0.0000	0.0000	0.0000	0.0000	0.0000	0.0000	0.0000	0.0000	0.0000	0.0000	0.0000	0.0000	0.0000	0.0000	0.0509	0.0456	0.0053	0.0146	0.0140	0.0006	0.0363	0.0316	0.0047	0.0061	0.0030	0.0031	0.0005	0.0004	0.0001	0.0056	0.0026	0.0030	0.3566	1.6117	0.0155	0.8241	0.7071	inf	0.0000	0.0000	0.0000	0.0000	0.0000	0.0001	0.0000	0.0001	0.0000	0.0000	0.0000	0.0001	
82	117	0.1785	5	0	1	0	0	0	0	0	0	N	N	N	N	N	N	N	N	N	N	N	N	0.0903	0.0127	4.3430	0.0267	0.0264	0.1249	0.2036	0.0032	6.7942	0.0055	0.0026	0.0295	0.0053	0.0056	0.0001	0.0056	0.0010	0.0356	0.0607	0.2029	0.0068	0.1972	0.2109	0.0004	0.0274	0.3005	0.0052	1.3803	0.3206	0.0022	-0.0011	9.0798	31.2782	0.9519	23.9277	0.0076	0.0032	0.0044	0.0024	0.0024	0.0000	0.0052	0.0008	0.0044	0.0028	0.0021	0.0007	0.0016	0.0016	0.0000	0.0012	0.0005	0.0007	1.3938	1.2439	0.1498	0.4618	0.4362	0.0256	0.9319	0.8077	0.1242	0.3007	0.1559	0.1448	0.0319	0.0293	0.0026	0.2688	0.1267	0.1422	0.5908	0.1904	6.3203	0.1049	0.1020	0.1249	1.2625	0.2375	7.4966	0.0093	0.0135	0.0047	0.0502	0.0546	0.0004	0.0044	0.0041	0.0048
82	118	0.1232	7	0	0	1	1	0	0	0	0	N	N	N	N	N	N	N	N	N	N	N	N	7.4010	4.4114	3.4174	2.4248	2.0790	inf	0.0000	0.0000	0.0000	0.0000	0.0000	0.0000	0.0000	0.0000	0.0000	0.0000	0.0000	0.0000	0.0000	0.0000	0.0000	0.0000	0.0000	0.0000	0.0000	0.0000	0.0079	0.0884	-0.0000	-0.0000	9.0798	3.8827	0.9519	2.9998	0.0000	0.0000	0.0000	0.0000	0.0000	0.0000	0.0000	0.0000	0.0000	0.0000	0.0000	0.0000	0.0000	0.0000	0.0000	0.0000	0.0000	0.0000	0.1705	0.1524	0.0181	0.0453	0.0435	0.0018	0.1252	0.1089	0.0163	0.0371	0.0183	0.0188	0.0030	0.0025	0.0005	0.0342	0.0159	0.0183	7.4010	4.4114	3.4174	2.4248	2.0790	inf	0.0000	0.0000	0.0000	0.0000	0.0000	0.0000	0.0000	0.0000	0.0000	0.0000	0.0000	0.0000	
82	119	0.1203	6	0	0	0	1	0	0	0	0	N	N	N	N	N	N	N	N	N	N	N	N	4384.9979	3537.5185	626.7653	1593.8846	1371.9828	inf	0.0110	0.0000	0.0172	0.0189	0.0016	0.0519	0.0537	0.0112	0.0000	0.0000	0.0000	0.0000	0.0000	0.0000	0.0000	0.0000	0.0000	0.0000	0.0000	0.0000	0.0092	0.4903	-0.0007	-0.0000	9.0798	2.8083	0.9519	0.0030	0.0025	0.0025	0.0000	0.0025	0.0025	0.0000	0.0000	0.0000	0.0000	0.0000	0.0000	0.0000	0.0000	0.0000	0.0000	0.0000	0.0000	0.0000	0.1479	0.1333	0.0146	0.0490	0.0469	0.0021	0.0989	0.0864	0.0125	0.0154	0.0076	0.0078	0.0012	0.0010	0.0002	0.0141	0.0065	0.0076	4384.9979	3537.5185	626.7653	1593.8846	1371.9828	inf	0.0110	0.0000	0.0000	0.0000	0.0000	0.0000	0.0000	0.0000	0.0000	0.0000	0.0000	0.0000	
82	120	0.1203	6	0	0	1	1	0	0	0	0	N	N	N	N	N	N	N	N	N	N	N	N	506900.4682	322643.9351	1.7315	82377.7580	71338.3069	2427522.4267	inf	1.8857	0.3885	0.4336	0.0000	0.6816	0.7112	0.0000	0.2748	0.3152	0.0000	0.0000	0.0000	0.0000	0.0000	0.0000	0.0000	0.0000	0.0000	0.0000	0.0000	0.1573	-0.0486	-0.0000	9.0798	9.6158	0.9519	0.0030	0.1692	0.1692	0.0000	0.0830	0.0830	0.0000	0.0862	0.0862	0.0000	0.0000	0.0000	0.0000	0.0000	0.0000	0.0000	0.0000	0.0000	0.0000	0.4355	0.3902	0.0453	0.1217	0.1166	0.0051	0.3138	0.2736	0.0402	0.0518	0.0255	0.0263	0.0041	0.0034	0.0007	0.0476	0.0221	0.0256	506900.4682	322643.9351	1.7315	82377.7580	71338.3069	0.0000	2427522.4267	inf	1.8857	0.0000	0.0000	0.0000	0.0000	0.0000	0.0000	0.0000	0.0000	0.0000	
82	121	0.1107	5	0	0	0	1	0	0	0	0	N	N	N	N	N	N	N	N	N	N	N	N	17.9720	7.5400	17.7109	8.9051	8.2254	0.8497	1.3523	0.0128	18.5996	0.0046	0.0052	0.0009	0.0152	0.0157	0.0000	0.0002	0.0000	0.0009	0.0003	0.0007	0.0000	0.0017	0.0019	0.0000	0.0001	0.0020	0.0001	0.0244	0.1092	-0.0003	-0.0000	9.0798	4.2457	0.9519	2.0144	0.0011	0.0010	0.0000	0.0010	0.0010	0.0000	0.0000	0.0000	0.0000	0.0000	0.0000	0.0000	0.0000	0.0000	0.0000	0.0000	0.0000	0.0000	0.2326	0.2034	0.0292	0.0685	0.0667	0.0018	0.1641	0.1367	0.0274	0.0383	0.0195	0.0188	0.0046	0.0041	0.0005	0.0338	0.0154	0.0183	18.7466	11.8176	17.7109	8.9051	8.2254	0.8497	3.6636	0.5532	18.5996	0.0002	0.0004	0.0000	0.0017	0.0019	0.0000	0.0000	0.0000	0.0001
82	122	0.0685	4	0	0	0	1	0	0	0	0	N	N	N	N	N	N	N	N	N	N	N	N	0.6230	0.0096	480.6165	0.0072	0.0069	9.3833	4.4168	0.0053	510.4770	0.1050	0.0043	0.8666	0.0080	0.0082	0.0017	0.1372	0.0028	0.9280	0.1685	0.4434	0.0018	1.1154	1.1978	0.0002	0.0311	0.5235	0.0018	26.9512	0.0710	0.0402	-0.0011	9.0798	11.9190	0.9519	13.1740	0.0594	0.0021	0.0572	0.0011	0.0011	0.0000	0.0582	0.0010	0.0572	0.0019	0.0018	0.0001	0.0013	0.0013	0.0000	0.0006	0.0005	0.0001	0.5653	0.4992	0.0660	0.1410	0.1366	0.0044	0.4242	0.3626	0.0617	0.1368	0.0663	0.0705	0.0056	0.0050	0.0006	0.1312	0.0613	0.0699	7.4931	0.1576	480.6165	0.0349	0.0317	9.3833	28.7496	0.3394	510.4770	0.0140	0.0270	0.0018	0.2297	0.2592	0.0002	0.0048	0.0081	0.0018
82	123	0.5537	10	0	0	1	1	0	0	0	0	N	N	N	N	N	N	N	N	N	N	N	N	0.0045	0.0037	0.0000	0.0111	0.0097	0.0000	0.0067	0.0043	0.0000	0.0049	0.0054	0.0000	0.0005	0.0005	0.0000	0.0089	0.0102	0.0000	1.0968	1.4783	0.5601	0.0417	0.0504	0.0004	1.3278	2.3898	0.5421	0.0000	0.0789	-0.0008	-0.0192	9.0798	12.8936	0.9519	4.1514	0.0030	0.0030	0.0000	0.0001	0.0001	0.0000	0.0028	0.0028	0.0000	0.0346	0.0320	0.0025	0.0004	0.0004	0.0000	0.0341	0.0316	0.0025	0.5989	0.5429	0.0561	0.2818	0.2663	0.0156	0.3171	0.2766	0.0405	0.0694	0.0418	0.0276	0.0224	0.0195	0.0029	0.0470	0.0224	0.0247	0.0099	0.0071	0.0000	0.0231	0.0213	0.0000	0.0123	0.0072	0.0000	0.4980	0.7659	0.0917	0.0200	0.0229	0.0004	0.7256	1.4120	0.1025
82	124	0.0839	5	0	1	0	0	0	0	0	0	N	N	N	N	N	N	N	N	N	N	N	N	0.0858	0.1431	0.1768	0.0914	0.0828	0.3321	0.0421	0.0281	0.2536	0.0007	0.0007	0.0010	0.0014	0.0015	0.0001	0.0005	0.0004	0.0011	0.0086	0.0049	0.0058	0.0153	0.0175	0.0002	0.0124	0.0155	0.0044	0.1709	2.5057	-0.0001	0.0000	9.0798	12.7386	0.9519	8.7370	0.0004	0.0004	0.0001	0.0002	0.0002	0.0000	0.0002	0.0002	0.0001	0.0004	0.0001	0.0003	0.0001	0.0001	0.0000	0.0003	0.0000	0.0003	0.5627	0.5031	0.0596	0.1393	0.1343	0.0050	0.4234	0.3688	0.0546	0.1205	0.0590	0.0616	0.0075	0.0068	0.0007	0.1130	0.0521	0.0609	0.2478	0.4061	0.2439	0.1440	0.1361	0.3321	0.2056	0.7622	0.2618	0.0030	0.0017	0.0042	0.0097	0.0107	0.0002	0.0025	0.0006	0.0042
82	125	0.0685	4	0	1	0	0	0	0	0	0	N	N	N	N	N	N	N	N	N	N	N	N	1.2228	4.7308	0.7421	2.5958	2.6888	0.7402	0.0624	0.0153	0.6777	0.0022	0.0023	0.0010	0.0077	0.0079	0.0026	0.0002	0.0000	0.0009	0.0018	0.0005	0.0014	0.0030	0.0029	0.0034	0.0029	0.0030	0.0014	0.0603	4.0461	-0.0002	0.0000	9.0798	8.6431	0.9519	1.4782	0.0009	0.0009	0.0001	0.0009	0.0009	0.0000	0.0001	0.0000	0.0000	0.0001	0.0000	0.0000	0.0000	0.0000	0.0000	0.0000	0.0000	0.0000	0.4324	0.3808	0.0516	0.1129	0.1097	0.0032	0.3195	0.2711	0.0484	0.0582	0.0283	0.0299	0.0030	0.0027	0.0003	0.0552	0.0256	0.0296	2.4316	6.3924	0.7421	2.5958	2.6888	0.7402	0.2312	0.5178	0.6777	0.0009	0.0004	0.0014	0.0030	0.0029	0.0034	0.0008	0.0001	0.0014
82	126	0.0590	3	0	0	0	0	0	0	0	0	N	N	N	N	N	N	N	N	N	N	N	N	14.3586	7.5840	114.5877	22.9016	30.9035	4.2429	6.4678	0.0942	145.4309	0.0300	0.0191	0.1075	0.0597	0.0579	0.1132	0.0189	0.0024	0.1071	0.0021	0.0025	0.0009	0.0026	0.0019	0.0267	0.0029	0.0255	0.0007	0.7936	0.7376	0.0011	-0.0000	9.0798	4.1618	0.9519	2.0491	0.0070	0.0039	0.0031	0.0038	0.0036	0.0002	0.0032	0.0003	0.0029	0.0000	0.0000	0.0000	0.0000	0.0000	0.0000	0.0000	0.0000	0.0000	0.2342	0.2053	0.0289	0.0637	0.0616	0.0020	0.1706	0.1437	0.0269	0.0440	0.0241	0.0199	0.0052	0.0051	0.0002	0.0388	0.0190	0.0197	29.9958	18.1600	114.5877	22.9016	30.9035	4.4752	24.1412	2.8944	145.4309	0.0010	0.0010	0.0009	0.0026	0.0019	0.0253	0.0008	0.0008	0.0007
82	128	0.5659	11	1	1	0	0	0	0	0	0	N	N	N	N	N	N	N	N	N	N	N	N	0.1692	0.7594	0.0000	0.8055	0.7444	0.0000	0.0000	0.0000	0.0000	0.0000	0.0000	0.0000	0.0000	0.0000	0.0000	0.0000	0.0000	0.0000	0.0000	0.0000	0.0000	0.0000	0.0000	0.0000	0.0000	0.0000	5.5168	-0.0000	0.0000	9.0798	2.0107	0.9519	1.9995	0.0000	0.0000	0.0000	0.0000	0.0000	0.0000	0.0000	0.0000	0.0000	0.0000	0.0000	0.0000	0.0000	0.0000	0.0000	0.0000	0.0000	0.0000	0.0894	0.0806	0.0089	0.0412	0.0387	0.0025	0.0482	0.0419	0.0063	0.0159	0.0099	0.0060	0.0054	0.0047	0.0007	0.0106	0.0052	0.0053	0.1692	0.7594	0.0000	0.8055	0.7444	0.0000	0.0000	0.0000	0.0000	0.0000	0.0000	0.0000	0.0000	0.0000	0.0000	0.0000	0.0000	0.0000		
82	129	0.5537	10	1	1	0	0	0	0	0	0	N	N	N	N	N	N	N	N	N	N	N	N	1.0602	6.0655	0.0000	11.1981	10.4242	0.0000	0.0000	inf	0.0000	0.0053	0.0058	0.0000	0.0109	0.0115	0.0000	0.0000	0.0000	0.0000	0.0050	0.0010	0.0053	0.0010	0.0011	0.0000	0.0119	0.0000	0.0047	0.0000	4.9620	-0.0004	0.0000	9.0798	5.6459	0.9519	1.1399	0.0015	0.0015	0.0000	0.0015	0.0015	0.0000	0.0000	0.0000	0.0000	0.0001	0.0000	0.0000	0.0000	0.0000	0.0000	0.0000	0.0000	0.0000	0.2911	0.2651	0.0261	0.1419	0.1346	0.0073	0.1492	0.1305	0.0188	0.0301	0.0181	0.0121	0.0101	0.0089	0.0012	0.0201	0.0092	0.0109	2.7361	10.7352	0.0000	11.1981	10.4242	0.0000	0.0002	inf	0.0000	0.0019	0.0005	0.0040	0.0010	0.0011	0.0000	0.0024	0.0000	0.0045
82	130	0.5234	9	0	0	0	0	0	0	0	0	N	N	N	N	N	N	N	N	N	N	N	N	0.2790	0.9758	1.3622	3.9311	2.4363	2278.8373	0.0006	0.0213	0.0078	0.0152	0.0113	0.0496	0.0306	0.0220	0.1564	0.0001	0.0001	0.0003	0.0544	0.0116	0.0364	0.0078	0.0090	0.0001	0.1347	0.0024	0.0363	0.4894	3.4763	0.0004	0.0001	9.0798	11.6079	0.9519	5.3766	0.0096	0.0065	0.0032	0.0096	0.0065	0.0032	0.0000	0.0000	0.0000	0.0007	0.0002	0.0006	0.0002	0.0002	0.0000	0.0006	0.0000	0.0006	0.6340	0.5702	0.0638	0.3134	0.2932	0.0202	0.3206	0.2769	0.0436	0.0836	0.0506	0.0330	0.0285	0.0253	0.0032	0.0551	0.0253	0.0298	1.7137	3.4651	2.8458	5.3210	3.3985	2278.8373	0.0079	0.7887	0.0147	0.0089	0.0033	0.0174	0.0058	0.0065	0.0001	0.0105	0.0001	0.0193
82	131	0.5055	8	0	0	0	0	0	0	0	0	N	N	N	N	N	N	N	N	N	N	N	N	3.9566	5.1760	10.4761	30.9955	21.2815	2247.5448	0.7810	0.1671	0.2113	0.0535	0.0457	0.1226	0.0816	0.0605	0.3623	0.0273	0.0311	0.0022	0.0135	0.0088	0.0117	0.0026	0.0028	0.0002	0.0350	0.1859	0.0105	0.3013	1.3444	-0.0007	-0.0000	9.0798	3.9355	0.9519	8.7078	0.0123	0.0095	0.0029	0.0091	0.0062	0.0028	0.0033	0.0032	0.0000	0.0004	0.0002	0.0002	0.0001	0.0001	0.0000	0.0003	0.0001	0.0002	0.2308	0.2075	0.0233	0.1111	0.1033	0.0078	0.1197	0.1042	0.0155	0.0858	0.0565	0.0293	0.0323	0.0298	0.0025	0.0535	0.0267	0.0268	12.7791	16.8743	17.4312	30.9955	21.2815	2247.5448	5.3348	12.1307	0.2892	0.0042	0.0027	0.0070	0.0026	0.0028	0.0002	0.0051	0.0026	0.0077
82	132	0.4939	7	0	0	0	0	0	0	0	0	N	N	N	N	N	N	N	N	N	N	N	N	4.2763	4.3069	15.1269	19.0186	12.5045	707.8643	1.1618	0.4317	1.2013	0.0364	0.0316	0.0801	0.0579	0.0447	0.2531	0.0173	0.0191	0.0056	0.0085	0.0073	0.0053	0.0030	0.0036	0.0004	0.0149	0.0442	0.0046	0.2786	0.9998	-0.0009	-0.0000	9.0798	6.2657	0.9519	3.9760	0.0129	0.0101	0.0028	0.0096	0.0069	0.0027	0.0033	0.0031	0.0001	0.0002	0.0001	0.0001	0.0001	0.0001	0.0000	0.0001	0.0000	0.0001	0.3537	0.3187	0.0350	0.1659	0.1554	0.0105	0.1877	0.1633	0.0245	0.0688	0.0437	0.0252	0.0260	0.0237	0.0023	0.0428	0.0199	0.0229	12.3097	13.5542	19.8271	19.0186	13.5214	707.8643	5.9763	16.3295	1.2614	0.0030	0.0023	0.0040	0.0030	0.0033	0.0004	0.0029	0.0012	0.0044
82	133	0.4166	6	0	0	0	0	0	0	0	0	N	N	N	N	N	N	N	N	N	N	N	N	1.3147	0.8854	6.8867	6.7665	5.9533	26.5417	0.5030	0.0415	10.4649	0.0440	0.0393	0.0850	0.0589	0.0621	0.0105	0.0324	0.0202	0.1114	0.0335	0.0444	0.0123	0.0087	0.0104	0.0004	0.0644	0.4863	0.0106	0.2460	0.7135	-0.0051	-0.0004	9.0798	26.7012	0.9519	18.2690	0.0564	0.0453	0.0111	0.0330	0.0327	0.0004	0.0234	0.0126	0.0108	0.0018	0.0011	0.0008	0.0005	0.0005	0.0000	0.0013	0.0006	0.0008	1.2815	1.1506	0.1310	0.5605	0.5263	0.0343	0.7210	0.6243	0.0967	0.2528	0.1493	0.1035	0.0733	0.0665	0.0068	0.1795	0.0828	0.0967	6.1414	5.5563	11.6651	9.1757	8.8245	26.5417	4.3396	2.8350	14.3404	0.0072	0.0071	0.0073	0.0064	0.0070	0.0004	0.0075	0.0071	0.0078
82	134	0.1785	5	0	0	0	0	0	0	0	0	N	N	N	N	N	N	N	N	N	N	N	N	0.3265	0.1970	0.9828	0.2205	0.2074	64.0781	0.3228	0.0728	0.9979	0.0369	0.0390	0.0189	0.0788	0.0814	0.0354	0.0177	0.0180	0.0157	0.1130	0.1981	0.0193	0.3575	0.3924	0.0006	0.0550	0.2476	0.0157	0.0572	0.7197	-0.0210	-0.0013	9.0798	61.4372	0.9519	55.8589	0.0901	0.0852	0.0049	0.0604	0.0589	0.0015	0.0297	0.0263	0.0034	0.0062	0.0036	0.0026	0.0028	0.0028	0.0000	0.0034	0.0008	0.0026	2.4409	2.1836	0.2573	0.7660	0.7234	0.0426	1.6749	1.4602	0.2147	0.5273	0.2697	0.2576	0.0388	0.0349	0.0039	0.4886	0.2349	0.2537	3.1462	2.9265	1.8850	1.0810	1.0044	64.0781	2.5791	5.4804	1.5386	0.0117	0.0133	0.0101	0.0729	0.0810	0.0006	0.0069	0.0033	0.0102
82	135	0.0881	4	0	0	0	0	0	0	0	0	N	N	N	N	N	N	N	N	N	N	N	N	41.7018	99.6185	22.3177	21.7459	21.0270	7.0120	31.1207	60.0450	30.4117	1.0036	1.0791	0.3988	0.7999	0.8280	0.0931	1.0543	1.1482	0.4214	0.0241	0.0108	0.0179	0.0368	0.0394	0.0133	0.0339	0.0191	0.0139	0.0462	2.7342	-0.3125	0.0002	9.0798	31.7621	0.9519	18.5886	1.2859	1.2292	0.0568	0.2043	0.2034	0.0009	1.0816	1.0258	0.0558	0.0017	0.0004	0.0012	0.0004	0.0004	0.0000	0.0013	0.0001	0.0012	1.2813	1.1390	0.1423	0.2554	0.2456	0.0098	1.0259	0.8934	0.1325	0.2746	0.1443	0.1303	0.0217	0.0194	0.0023	0.2529	0.1249	0.1280	164.7635	347.5631	42.4468	43.9325	44.0459	7.0120	208.7818	1726.1435	45.1829	0.0061	0.0031	0.0094	0.0182	0.0188	0.0133	0.0050	0.0007	0.0093
83	84	0.1712	5	0	1	1	0	0	0	0	0	N	N	N	N	N	N	N	N	N	N	N	N	0.2459	0.2129	0.3933	0.0000	0.0000	0.3609	0.4344	0.3812	1.1549	0.6610	4.5683	0.0000	0.0000	0.0000	1.2975	0.7486	4.8618	4.6971	3.1046	11.6148	12.6208	14.9927	0.0000	3.5949	1.7233	12.7553	1.0001	1.8994	0.4257	0.0816	21.0000	20.4085	14.4214	11.0867	1.9998	0.9999	1.0000	0.0000	0.0000	0.0000	1.9998	0.9999	1.0000	3.0512	1.0524	1.9988	1.0012	1.0012	0.0000	2.0500	0.0512	1.9988	1.7316	1.5127	0.2189	0.1903	0.1771	0.0132	1.5413	1.3356	0.2057	0.6496	0.3390	0.3106	0.0793	0.0668	0.0125	0.5703	0.2722	0.2981	0.2459	0.2129	0.7099	0.0000	0.0000	0.0000	0.3609	3.9799	0.7250	4.6971	3.1046	6.4349	12.6208	14.9927	0.0000	3.5949	0.1881	6.7058	
83	85	0.1675	4	0	1	1	0	0	0	0	0	N	N	N	N	N	N	N	N	N	N	N	N	0.0000	0.0000	0.0019	0.0000	0.0000	0.0000	0.0000	0.0000	0.0029	0.0003	0.0003	0.0004	0.0000	0.0000	0.0000	0.0005	0.0005	0.0005	8.9472	16.1965	0.2267	0.4408	0.4695	0.0138	10.5890	21.6626	0.1843	0.1818	0.0028	-0.0000	-0.5892	21.0000	3.1287	14.4214	1.1816	0.0001	0.0001	0.0000	0.0000	0.0000	0.0000	0.0001	0.0001	0.0000	0.9419	0.9392	0.0026	0.0014	0.0014	0.0000	0.9405	0.9379	0.0026	0.3913	0.3452	0.0461	0.1145	0.1059	0.0086	0.2768	0.2394	0.0374	0.1053	0.0580	0.0473	0.0165	0.0147	0.0018	0.0888	0.0433	0.0455	0.0000	0.0000	0.0078	0.0000	0.0000	0.0000	0.0000	0.0000	0.0094	8.9472	16.1965	0.0554	0.0842	0.0926	0.0138	10.5890	21.6626	0.0570
83	86	0.1606	3	0	1	0	0	0	0	0	0	N	N	N	N	N	N	N	N	N	N	N	N	0.0000	0.0000	0.0000	0.0000	0.0000	0.0000	0.0000	0.0000	0.0000	0.0000	0.0000	0.0000	0.0000	0.0000	0.0000	0.0000	0.0000	0.0000	0.7324	0.9916	0.0316	0.7096	0.7496	0.0043	0.8062	1.6132	0.0289	0.0000	0.0817	-0.0000	-0.0080	21.0000	4.0532	14.4214	2.2470	0.0000	0.0000	0.0000	0.0000	0.0000	0.0000	0.0000	0.0000	0.0000	0.0144	0.0133	0.0011	0.0032	0.0032	0.0000	0.0112	0.0101	0.0011	0.4234	0.3715	0.0519	0.0903	0.0822	0.0082	0.3330	0.2893	0.0437	0.1588	0.0873	0.0715	0.0249	0.0224	0.0024	0.1340	0.0649	0.0690	0.0003	0.0002	0.0000	0.0000	0.0000	0.0000	0.0004	0.0002	0.0000	0.0909	0.1528	0.0152	0.1293	0.1430	0.0043	0.0837	0.1562	0.0156
83	87	0.1374	2	0	1	0	0	0	0	0	0	N	N	N	N	N	N	N	N	N	N	N	N	0.0058	0.0095	0.0000	0.0018	0.0020	0.0000	0.0064	0.0099	0.0000	0.0123	0.0143	0.0000	0.0048	0.0054	0.0000	0.0149	0.0175	0.0000	2.1088	1.5055	6.9352	2.7128	2.7515	0.0761	2.3445	1.7681	7.3429	0.0000	3.5046	-0.0021	0.1896	21.0000	4.7288	14.4214	9.8540	0.0072	0.0072	0.0000	0.0007	0.0007	0.0000	0.0065	0.0065	0.0000	1.2667	0.2812	0.9855	0.2435	0.2434	0.0001	1.0232	0.0378	0.9854	0.5884	0.5072	0.0812	0.1536	0.1366	0.0170	0.4348	0.3706	0.0642	0.6007	0.3296	0.2711	0.1643	0.1616	0.0026	0.4364	0.1679	0.2685	0.0058	0.0167	0.0000	0.0033	0.0036	0.0000	0.0064	0.0777	0.0000	2.1088	0.8532	3.6354	1.4825	1.5057	0.0535	2.3445	0.2252	3.6704
83	89	0.1814	3	0	2	0	0	0	0	0	0	N	Y	N	N	N	N	N	N	N	N	N	N	28.6663	0.0903	304673.8668	0.0551	0.0573	8183.6944	5.9566	318452.8845	0.7309	0.0138	5.8414	0.0125	0.0132	0.0000	0.8421	0.0139	6.1846	0.0255	0.1531	0.0000	0.2272	0.2303	0.0000	0.0001	0.0023	0.0000	59.3191	0.0014	0.7068	-0.0019	21.0000	15.4622	14.4214	5.2688	1.0152	0.0168	0.9983	0.0023	0.0023	0.0000	1.0128	0.0145	0.9983	0.0030	0.0030	0.0000	0.0030	0.0030	0.0000	0.0000	0.0000	0.0000	1.3890	1.2180	0.1709	0.1861	0.1766	0.0095	1.2028	1.0414	0.1614	0.4734	0.2545	0.2189	0.0550	0.0522	0.0028	0.4184	0.2023	0.2161	115.1069	1.1716	304673.8668	0.2304	0.2305	0.0000	20932.4076	222.9608	318452.8845	0.0063	0.0118	0.0000	0.0543	0.0572	0.0000	0.0000	0.0001	0.0000	
83	90	0.1696	2	0	1	0	0	0	0	0	0	N	N	N	N	N	N	N	N	N	N	N	N	6.5559	5.4007	0.6926	1.2638	1.2665	0.0005	6.4734	2.3580	0.8808	1.2916	1.4630	0.0200	0.0291	0.0306	0.0000	1.5352	1.7657	0.0214	0.1970	0.2709	0.0289	0.0230	0.0241	0.0117	0.2371	0.7488	0.0243	0.0018	0.6669	-0.2824	-0.0009	21.0000	7.5917	14.4214	1.5198	0.9899	0.9881	0.0018	0.0036	0.0036	0.0000	0.9863	0.9845	0.0018	0.0039	0.0023	0.0015	0.0006	0.0005	0.0000	0.0033	0.0018	0.0015	0.7664	0.6754	0.0910	0.1239	0.1178	0.0061	0.6425	0.5576	0.0849	0.2512	0.1408	0.1104	0.0445	0.0407	0.0038	0.2067	0.1001	0.1066	83.9985	88.8972	1.4277	2.2159	2.3083	0.0005	96.7717	99.3917	1.5220	0.0154	0.0165	0.0140	0.0131	0.0132	0.0117	0.0159	0.0178	0.0141
83	91	0.2788	6	1	1	1	0	0	0	0	0	N	N	N	N	N	N	N	N	N	N	N	N	0.0000	0.0000	0.0000	0.0000	0.0000	0.0000	0.0000	0.0000	0.0000	0.0000	0.0000	0.0000	0.0000	0.0000	0.0000	0.0000	0.0000	0.0000	0.0000	0.0000	21.0000	3.0317	14.4214	0.1644	0.0000	0.0000	0.0000	0.0000	0.0000	0.0000	0.0000	0.0000	0.0000	0.0000	0.0000	0.0000	0.0000	0.0000	0.0000	0.0000	0.0000	0.0000	0.2460	0.2160	0.0301	0.0404	0.0382	0.0021	0.2057	0.1777	0.0279	0.0623	0.0338	0.0285	0.0066	0.0058	0.0007	0.0558	0.0280	0.0278	0.0000	0.0000	0.0000	0.0000	0.0000	0.0000	0.0000	0.0000	0.0000	0.0000	0.0000	0.0000	0.0000	0.0000	0.0000	0.0000	0.0000	0.0000											
83	92	0.2731	5	1	1	1	0	0	0	0	0	N	N	N	N	N	N	N	N	N	N	N	N	0.0123	1.6714	0.0408	1.0290	0.9906	0.0025	0.0547	0.0006	0.0005	0.0016	0.0011	0.0012	0.0000	0.0003	0.0000	0.0020	0.0470	0.0003	0.0389	0.0011	0.0012	0.0000	0.1044	0.0000	0.0360	0.3846	63.0002	-0.0000	0.0002	21.0000	2.6632	14.4214	1.0147	0.0002	0.0001	0.0001	0.0001	0.0001	0.0000	0.0001	0.0000	0.0001	0.0006	0.0000	0.0006	0.0000	0.0000	0.0000	0.0006	0.0000	0.0006	0.3123	0.2808	0.0315	0.1169	0.1108	0.0060	0.1954	0.1700	0.0254	0.0757	0.0420	0.0337	0.0093	0.0084	0.0008	0.0665	0.0336	0.0329	0.0682	1.9451	0.0851	1.0290	0.9906	0.0000	0.0270	0.0000	0.1028	0.0084	0.0002	0.0187	0.0011	0.0012	0.0000	0.0095	0.0000	0.0191		
83	93	0.1898	4	1	1	1	0	0	0	0	0	N	N	N	N	N	N	N	N	N	N	N	N	0.5598	175.0619	0.5813	384.3955	355.2967	8.1201	0.2596	0.0025	0.5863	0.7549	0.4588	2.9824	2.7282	2.8360	0.0090	0.4108	0.0000	3.1331	1.3484	0.0026	5.1309	0.0071	0.0080	0.0011	1.5827	0.0033	5.3436	0.8638	1876.6737	0.3920	0.3674	21.0000	35.0787	14.4214	12.2568	2.2227	1.1926	1.0302	1.1927	1.1925	0.0002	1.0301	0.0000	1.0300	0.9900	0.0005	0.9895	0.0005	0.0005	0.0000	0.9895	0.0000	0.9895	2.9446	2.5992	0.3454	0.4372	0.4205	0.0167	2.5074	2.1787	0.3288	0.9022	0.4828	0.4194	0.0927	0.0837	0.0090	0.8095	0.3991	0.4104	0.6879	420.1102	1.2642	508.6773	487.1622	8.1201	0.3361	0.0825	1.2996	1.0973	0.0011	2.3591	0.0054	0.0058	0.0011	1.2224	0.0001	2.4109
83	94	0.1763	3	1	1	0	0	0	0	0	0	N	N	N	N	N	N	N	N	N	N	N	N	3.1631	22.3163	18.7328	27.0026	39.9373	4.2229	2.7305	1.2628	24.7171	1.7570	0.5742	11.7473	1.7646	1.7793	1.0690	1.7549	0.2050	12.2115	0.5555	0.0257	0.6271	0.0654	0.0446	0.2531	0.6427	0.1624	0.4941	2.4219	15.2065	0.7077	0.0034	21.0000	8.4810	14.4214	2.3446	1.6825	0.4917	1.1908	0.3618	0.3573	0.0045	1.3207	0.1344	1.1863	0.0110	0.0007	0.0103	0.0007	0.0004	0.0002	0.0103	0.0002	0.0101	0.9576	0.8562	0.1014	0.2050	0.2008	0.0042	0.7526	0.6554	0.0971	0.2311	0.1247	0.1064	0.0237	0.0218	0.0020	0.2073	0.1029	0.1044	36.8801	105.4309	120.9635	61.7919	88.3887	8.8080	35.2203	87.5806	126.3412	0.0476	0.0054	0.0971	0.0286	0.0201	0.1214	0.0498	0.0023	0.0967
83	96	0.5310	5	0	2	0	0	0	0	0	0	N	Y	N	N	N	N	N	N	N	N	N	N	0.4396	2.5172	0.0000	34.0670	32.7790	0.0000	0.0002	inf	0.0000	0.6520	0.7323	0.0000	2.2449	2.3788	0.0000	0.0004	0.0005	0.0000	1.4831	0.2909	6.5662	0.0659	0.0726	0.0039	2.1222	0.0000	7.2490	0.0000	127.1550	-0.2870	0.3665	21.0000	18.5150	14.4214	10.2301	0.9996	0.9996	0.0000	0.9991	0.9991	0.0000	0.0005	0.0005	0.0000	1.0073	0.0079	0.9994	0.0079	0.0079	0.0001	0.9994	0.0000	0.9994	1.5330	1.3650	0.1680	0.4451	0.4200	0.0251	1.0879	0.9450	0.1429	0.7487	0.4511	0.2976	0.2778	0.2574	0.0204	0.4709	0.1937	0.2772	0.4846	42.0274	0.0000	78.5290	77.8997	0.0000	0.0002	inf	0.0000	1.3455	0.0174	3.3587	0.0286	0.0305	0.0039	2.1222	0.0000	3.6051
83	97	0.1427	2	0	2	0	0	0	0	0	0	N	Y	N	N	N	N	N	N	N	N	N	N	0.1371	0.1280	0.0000	0.0006	0.0005	0.1652	0.1371	0.0000	0.2833	0.3248	0.0000	0.0058	0.0060	0.0000	0.2899	0.3333	0.0000	2.0656	2.5387	4.1303	10.3798	11.1136	0.0000	1.7551	2.4301	4.2819	0.0000	0.5365	-0.2871	-0.7996	21.0000	46.1140	14.4214	26.4917	1.0000	1.0000	0.0000	0.0005	0.0005	0.0000	0.9995	0.9995	0.0000	2.8639	1.8639	0.9999	0.8641	0.8641	0.0000	1.9998	0.9998	0.9999	3.5301	3.0786	0.4516	0.0824	0.0794	0.0030	3.4477	2.9991	0.4486	1.3865	0.7342	0.6523	0.0833	0.0778	0.0055	1.3032	0.6565	0.6468	0.1371	0.1280	0.0000	0.0006	0.0005	0.0000	0.1889	0.2188	0.0000	2.0656	2.5387	1.5330	10.3798	11.1136	0.0000	1.5345	1.5230	1.5461	
83	98	0.5839	7	0	2	0	0	0	0	0	0	N	Y	N	N	N	N	N	N	N	N	N	N	0.3083	10661.0894	0.0000	3706.3731	13328.1920	0.0000	0.0000	0.0000	0.6490	0.7259	0.0000	2.1341	2.2486	0.0000	0.0000	0.0000	0.0000	2.1051	0.0001	10.3578	0.0006	0.0002	0.0030	2.9754	0.0000	12.3203	0.0000	49956.7792	-0.2871	0.3716	21.0000	20.7840	14.4214	8.9470	0.9999	0.9999	0.0000	0.9999	0.9999	0.0000	0.0000	0.0000	0.0000	0.9998	0.0000	0.9998	0.0001	0.0000	0.0001	0.9998	0.0000	0.9998	1.5406	1.3773	0.1633	0.4685	0.4447	0.0239	1.0721	0.9327	0.1395	0.4750	0.2967	0.1782	0.1390	0.1186	0.0203	0.3360	0.1781	0.1579	0.3083	10763.9341	0.0000	3706.3731	13328.1920	0.0000	0.0000	0.0000	0.0000	2.1051	0.0001	5.6101	0.0006	0.0002	0.0030	2.9754	0.0000	6.3322	
83	99	0.5790	6	0	1	0	0	0	0	0	0	N	N	N	N	N	N	N	N	N	N	N	N	3.9231	4.2713	0.2638	0.5319	0.6051	0.0008	3.4082	0.5173	0.5477	0.0972	0.1070	0.0034	0.0023	0.0025	0.0000	0.2306	0.2680	0.0055	0.0248	0.0251	0.0130	0.0043	0.0041	0.0083	0.0677	0.5181	0.0101	0.0034	0.9783	-0.0169	-0.0001	21.0000	2.7834	14.4214	1.0450	0.0594	0.0592	0.0002	0.0008	0.0008	0.0000	0.0586	0.0584	0.0002	0.0007	0.0004	0.0004	0.0002	0.0001	0.0000	0.0006	0.0002	0.0003	0.6114	0.5531	0.0583	0.3573	0.3353	0.0220	0.2541	0.2178	0.0362	0.1175	0.0689	0.0486	0.0433	0.0409	0.0024	0.0742	0.0280	0.0462	15.5348	19.8618	0.4587	0.5908	0.6742	0.0008	30.2491	33.8097	0.7418	0.0063	0.0054	0.0075	0.0039	0.0037	0.0083	0.0076	0.0079	0.0074
83	100	0.5689	5	0	1	0	0	0	0	0	0	N	N	N	N	N	N	N	N	N	N	N	N	0.0221	0.0097	0.4904	0.1779	0.0376	2.2291	0.0126	0.0036	0.0248	0.0024	0.0015	0.0100	0.0024	0.0005	0.0297	0.0023	0.0026	0.0004	0.1067	0.1556	0.0203	0.0134	0.0129	0.0133	0.1845	0.7261	0.0158	0.7245	0.5259	0.0004	-0.0009	21.0000	7.6044	14.4214	2.7972	0.0027	0.0016	0.0011	0.0014	0.0003	0.0011	0.0013	0.0013	0.0000	0.0033	0.0022	0.0011	0.0010	0.0008	0.0001	0.0023	0.0013	0.0010	1.1416	1.0282	0.1134	0.5716	0.5346	0.0370	0.5700	0.4936	0.0764	0.2900	0.1813	0.1087	0.1095	0.1012	0.0083	0.1806	0.0801	0.1004	0.2073	0.1273	0.9534	0.2720	0.0581	2.2291	0.1801	0.1607	0.0384	0.0114	0.0119	0.0105	0.0087	0.0084	0.0133	0.0130	0.0164	0.0102
83	101	0.5193	4	0	1	0	0	0	0	0	0	N	N	N	N	N	N	N	N	N	N	N	N	1.7402	0.0015	2015.6042	6.2903	0.0041	5065.4044	0.0822	0.0030	1.6242	0.6353	0.0008	5.8225	2.1811	0.0016	40.0690	0.0009	0.0005	0.0039	0.3651	0.5294	0.0029	0.3467	0.3808	0.0079	0.0111	0.1535	0.0024	881.8699	0.0465	0.7111	-0.0086	21.0000	18.4780	14.4214	12.4520	0.9991	0.0011	0.9979	0.9981	0.0007	0.9974	0.0010	0.0004	0.0006	0.0147	0.0141	0.0007	0.0138	0.0136	0.0002	0.0009	0.0005	0.0005	1.5725	1.4011	0.1714	0.4576	0.4327	0.0249	1.1149	0.9684	0.1465	0.5971	0.3704	0.2267	0.1918	0.1715	0.0203	0.4053	0.1989	0.2064	25.7265	0.0212	2015.6042	30.3169	0.0198	5065.4044	0.3908	0.2034	1.6242	0.0247	0.0380	0.0029	0.0719	0.0795	0.0079	0.0023	0.0023	0.0024
83	102	0.2276	4	0	2	0	0	0	0	0	0	N	Y	N	N	N	N	N	N	N	N	N	N	0.0151	0.0083	0.0000	0.0290	0.0283	0.0000	0.0000	0.0000	0.0035	0.0039	0.0000	0.0144	0.0149	0.0000	0.0000	0.0000	0.0000	0.2306	0.4694	0.0000	0.4956	0.5254	0.0001	0.0000	0.0000	0.0000	0.0000	0.0001	-0.0037	-0.0137	21.0000	34.1922	14.4214	22.4626	0.0130	0.0130	0.0000	0.0130	0.0130	0.0000	0.0000	0.0000	0.0000	0.0218	0.0218	0.0000	0.0218	0.0218	0.0000	0.0000	0.0000	0.0000	3.7528	3.3518	0.4010	0.9069	0.8772	0.0297	2.8459	2.4746	0.3713	1.2830	0.7449	0.5381	0.2342	0.2165	0.0178	1.0487	0.5284	0.5204	0.2044	0.1329	0.0000	0.1544	0.1475	0.0000	0.0000	0.0000	0.0000	0.0170	0.0293	0.0000	0.0930	0.1007	0.0001	0.0000	0.0000	0.0000	
83	103	0.1797	3	0	2	0	0	0	0	0	0	N	Y	N	N	N	N	N	N	N	N	N	N	0.0039	0.0026	0.0063	0.0000	0.0000	0.0000	0.0047	0.0029	0.0073	0.0060	0.0068	0.0003	0.0001	0.0002	0.0000	0.0071	0.0081	0.0003	1.5192	2.6362	0.0421	3.9595	4.0417	0.0118	1.5137	2.7695	0.0387	0.0054	0.0067	-0.0037	-0.7218	21.0000	22.5884	14.4214	11.0115	0.0131	0.0130	0.0001	0.0000	0.0000	0.0000	0.0130	0.0130	0.0001	1.1610	1.1533	0.0078	0.3835	0.3834	0.0000	0.7776	0.7698	0.0077	2.1862	1.9228	0.2633	0.3417	0.3276	0.0140	1.8445	1.5952	0.2493	0.8219	0.4375	0.3844	0.1120	0.1082	0.0038	0.7098	0.3293	0.3805	0.0042	0.0026	0.0131	0.0000	0.0000	0.0000	0.0064	0.0035	0.0138	1.4127	2.6362	0.0202	3.4225	3.5439	0.0118	1.0955	2.3379	0.0203
83	104	0.1497	2	0	1	0	0	0	0	0	0	N	N	N	N	N	N	N	N	N	N	N	N	0.0016	0.0016	0.0001	0.0055	0.0059	0.0000	0.0001	0.0001	0.0002	0.0012	0.0014	0.0001	0.0086	0.0090	0.0000	0.0001	0.0000	0.0001	0.7593	0.8750	0.5815	1.5634	1.5285	0.0142	0.7154	0.8621	0.4547	0.0072	0.7902	-0.0004	-0.0100	21.0000	11.8100	14.4214	8.7888	0.0014	0.0014	0.0000	0.0013	0.0013	0.0000	0.0000	0.0000	0.0000	0.0533	0.0298	0.0235	0.0241	0.0241	0.0000	0.0292	0.0057	0.0235	1.1528	1.0105	0.1424	0.1566	0.1497	0.0069	0.9962	0.8607	0.1355	0.5272	0.2745	0.2527	0.0645	0.0631	0.0014	0.4627	0.2114	0.2513	0.0119	0.0126	0.0008	0.0229	0.0234	0.0000	0.0008	0.0017	0.0008	0.1010	0.1084	0.0930	0.3737	0.3817	0.0142	0.0630	0.0268	0.0935
83	106	0.1863	4	0	2	0	0	0	0	0	0	N	Y	N	N	N	N	N	N	N	N	N	N	0.5433	3884.5228	0.0000	1542.6647	1451.8847	0.3979	500.8755	0.0000	1.0395	1.1788	0.0000	2.2053	2.3061	0.0000	0.8280	0.9535	0.0000	1.9134	0.0003	7.5170	0.0014	0.0016	0.0000	2.0807	0.0019	8.1373	0.0000	14257.7144	-0.5073	0.3709	21.0000	20.0414	14.4214	7.0324	1.7668	1.7668	0.0000	0.5756	0.5756	0.0000	1.1912	1.1912	0.0000	0.9981	0.0001	0.9980	0.0001	0.0001	0.0000	0.9981	0.0000	0.9980	1.6997	1.4988	0.2008	0.2610	0.2496	0.0114	1.4387	1.2492	0.1894	0.5216	0.2763	0.2453	0.0420	0.0378	0.0042	0.4797	0.2385	0.2412	0.5433	4652.7798	0.0000	1542.6647	1451.8847	0.0000	0.3979	22744.2035	0.0000	1.9134	0.0003	4.0679	0.0014	0.0016	0.0000	2.0807	0.0000	4.1387	
83	107	0.1763	3	0	1	0	0	0	0	0	0	N	N	N	N	N	N	N	N	N	N	N	N	5.6318	18.0178	75.7833	17.7813	16.4329	108.6721	5.3315	2.8966	93.2898	1.0007	0.6207	4.3276	0.8224	0.7990	2.0431	1.0554	0.5592	4.4304	0.1777	0.0344	0.0571	0.0462	0.0486	0.0188	0.1980	0.1931	0.0475	0.7964	3.3119	0.1324	0.0004	21.0000	7.0315	14.4214	1.2144	0.8473	0.4717	0.3757	0.1634	0.1557	0.0076	0.6840	0.3160	0.3680	0.0026	0.0006	0.0020	0.0004	0.0004	0.0000	0.0022	0.0002	0.0020	0.8467	0.7599	0.0868	0.1986	0.1949	0.0037	0.6481	0.5650	0.0831	0.1800	0.0979	0.0821	0.0199	0.0183	0.0016	0.1601	0.0796	0.0806	68.5116	99.6262	176.0006	38.0883	36.5919	108.6721	76.8217	211.9111	179.3457	0.0146	0.0062	0.0246	0.0216	0.0218	0.0188	0.0137	0.0026	0.0247
83	108	0.1427	2	0	1	0	0	0	0	0	0	N	N	N	N	N	N	N	N	N	N	N	N	0.8615	0.5185	1009.3309	0.0255	0.0271	0.0612	0.7855	0.3539	1413.2533	0.8519	0.7076	1.8233	0.0064	0.0064	0.0059	0.8900	0.7434	1.8346	0.9888	1.3647	0.0018	0.2502	0.2364	0.0962	1.1330	2.1008	0.0013	0.3829	0.0028	-0.0123	-0.0867	21.0000	16.2725	14.4214	4.4748	1.1941	0.8635	0.3306	0.0004	0.0004	0.0000	1.1937	0.8631	0.3306	0.1386	0.1382	0.0004	0.0023	0.0022	0.0001	0.1363	0.1360	0.0003	1.4017	1.2204	0.1813	0.0604	0.0593	0.0011	1.3412	1.1611	0.1802	0.4688	0.2530	0.2158	0.0400	0.0382	0.0019	0.4287	0.2148	0.2139	2.8808	1.2949	1009.3309	0.1097	0.1101	0.0983	2.7996	1.1741	1413.2533	0.2957	0.5464	0.0018	0.0583	0.0582	0.0599	0.3179	0.6332	0.0013
83	109	0.1955	3	0	2	0	0	0	0	0	0	N	Y	N	N	N	N	N	N	N	N	N	N	842.2840	337.3459	26187.9975	3.1335	1.5649	408.5496	177360.8450	133457.5765	52951.6169	0.6661	0.6996	0.4223	0.0219	0.0123	0.1956	0.7501	0.7970	0.4343	0.0008	0.0021	0.0000	0.0070	0.0078	0.0005	0.0000	0.0000	0.0000	0.0827	0.0160	-0.4552	-0.0003	21.0000	40.5309	14.4214	14.7974	2.1603	1.9952	0.1651	0.0082	0.0043	0.0038	2.1521	1.9909	0.1612	0.0005	0.0005	0.0000	0.0005	0.0005	0.0000	0.0000	0.0000	0.0000	3.2430	2.8522	0.3909	0.3738	0.3542	0.0196	2.8692	2.4979	0.3713	1.0927	0.5722	0.5204	0.0996	0.0908	0.0088	0.9931	0.4814	0.5117	1367.2401	763.9898	26187.9975	4.1222	2.1244	408.5496	177360.8450	112847090.5353	52951.6169	0.0005	0.0009	0.0000	0.0053	0.0058	0.0005	0.0000	0.0000	0.0000
83	110	0.1696	2	0	2	0	0	0	0	0	0	N	Y	N	N	N	N	N	N	N	N	N	N	36.9016	0.4526	1544.9696	0.4390	0.4133	0.8376	80.1886	0.4340	1825.4330	0.6908	0.0191	5.5055	0.0258	0.0269	0.0065	0.7817	0.0179	5.8007	0.0187	0.0421	0.0036	0.0589	0.0651	0.0078	0.0097	0.0412	0.0032	40.2861	0.4116	0.5875	-0.0007	21.0000	13.5236	14.4214	3.5331	0.8531	0.0207	0.8324	0.0038	0.0038	0.0001	0.8493	0.0169	0.8324	0.0021	0.0015	0.0006	0.0014	0.0013	0.0000	0.0008	0.0002	0.0006	1.2349	1.0837	0.1512	0.1485	0.1408	0.0077	1.0864	0.9429	0.1435	0.4096	0.2198	0.1898	0.0523	0.0477	0.0046	0.3573	0.1721	0.1852	132.1596	2.7631	1673.7930	0.9911	0.9660	0.8376	359.4096	16.3272	1825.4330	0.0052	0.0069	0.0033	0.0261	0.0278	0.0078	0.0022	0.0011	0.0032
83	112	0.2180	5	1	2	0	1	0	0	0	0	N	Y	N	N	N	N	N	N	N	N	N	N	0.6085	0.0000	5.5505	0.0000	0.0000	0.4921	6.0336	0.0222	0.0000	0.1770	0.0000	0.0000	0.0000	0.0339	0.0000	0.1796	0.0364	0.0044	0.0319	0.0085	0.0103	0.0000	0.0688	0.0000	0.0298	inf	7.0256	0.0000	0.0001	21.0000	0.0019	14.4214	1.9928	0.0000	0.0000	0.0000	0.0000	0.0000	0.0000	0.0000	0.0000	0.0000	0.0003	0.0000	0.0003	0.0000	0.0000	0.0000	0.0003	0.0000	0.0003	0.0005	0.0004	0.0001	0.0002	0.0002	0.0000	0.0003	0.0002	0.0001	0.0427	0.0245	0.0182	0.0064	0.0057	0.0006	0.0363	0.0188	0.0175	2.9598	0.0000	11.5035	0.0000	0.0000	0.0000	4.3918	0.0000	11.2535	0.0075	0.0016	0.0154	0.0062	0.0069	0.0000	0.0077	0.0000	0.0160		
83	113	0.1944	4	1	2	0	1	0	0	0	0	N	Y	N	N	N	N	N	N	N	N	N	N	0.3963	10.2224	0.7607	26.5730	24.4548	inf	0.3930	0.0000	0.6975	1.2303	0.0031	9.0579	0.0238	0.0243	0.0041	1.3838	0.0000	9.2630	3.1042	0.0003	11.9071	0.0009	0.0010	0.0000	3.5215	0.0026	13.2802	460.0839	22592.0759	0.7111	0.3668	21.0000	8.6942	14.4214	6.0502	1.0006	0.0022	0.9984	0.0022	0.0022	0.0000	0.9984	0.0000	0.9984	0.9871	0.0000	0.9871	0.0000	0.0000	0.0000	0.9871	0.0000	0.9871	0.8132	0.7030	0.1102	0.0918	0.0893	0.0024	0.7215	0.6137	0.1078	0.3180	0.1734	0.1446	0.0377	0.0339	0.0038	0.2803	0.1395	0.1408	0.3963	12.2536	1.3265	26.5730	24.4548	inf	0.3930	0.0000	1.3211	3.1042	0.0003	6.8284	0.0009	0.0010	0.0000	3.5215	0.0001	7.0114
83	114	0.2155	8	0	2	0	1	0	0	0	0	N	Y	N	N	N	N	N	N	N	N	N	N	0.0000	0.0000	0.0000	0.0000	0.0000	0.0000	0.0000	0.0000	0.0000	0.0000	0.0000	0.0000	0.0000	5.2540	0.0000	17.4157	0.0000	0.0000	0.0000	9.0121	0.0000	17.9301	inf	0.0000	0.0000	21.0000	0.0001	14.4214	0.0001	0.0000	0.0000	0.0000	0.0000	0.0000	0.0000	0.0000	0.0000	0.0000	0.0001	0.0000	0.0001	0.0000	0.0000	0.0000	0.0001	0.0000	0.0001	0.0000	0.0000	0.0000	0.0000	0.0000	0.0000	0.0000	0.0000	0.0000	0.0000	0.0000	0.0000	0.0000	0.0000	0.0000	0.0000	0.0000	0.0000	0.0000	0.0000	0.0000	0.0000	0.0000	0.0000	0.0000	0.0000	0.0000	5.2540	0.0000	10.7433	0.0000	0.0000	0.0000	9.0121	0.0000	10.8094						
83	115	0.2088	7	0	2	0	1	0	0	0	0	N	Y	N	N	N	N	N	N	N	N	N	N	0.0000	0.0000	0.0000	0.0000	0.0000	0.0000	0.0000	0.0000	0.0000	0.0000	0.0000	0.0000	0.0000	0.0000	0.0000	0.0000	12.0540	0.0000	38.4832	0.0000	0.0000	0.0000	13.5690	0.0000	40.0993	28476354.2621	0.0000	0.3715	21.0000	3.0007	14.4214	1.0012	0.0000	0.0000	0.0000	0.0000	0.0000	0.0000	0.0000	0.0000	0.0000	0.9995	0.0000	0.9995	0.0000	0.0000	0.0000	0.9995	0.0000	0.9995	0.2500	0.2183	0.0317	0.0217	0.0205	0.0011	0.2283	0.1977	0.0306	0.0829	0.0450	0.0379	0.0093	0.0081	0.0011	0.0737	0.0369	0.0368	0.0000	0.0000	0.0000	0.0000	0.0000	0.0000	0.0000	0.0000	0.0000	12.0540	0.0000	26.3612	0.0000	0.0000	0.0000	13.5690	0.0000	27.1703			
83	116	0.2070	6	0	1	0	1	0	0	0	0	N	N	N	N	N	N	N	N	N	N	N	N	0.0259	0.9749	0.0000	2.5821	2.2078	0.0000	0.0000	0.0065	0.0074	0.0000	0.0502	0.0527	0.0000	0.0000	0.0000	0.0000	0.2511	0.0076	0.1017	0.0194	0.0239	0.0000	0.2903	0.0000	0.0947	0.0000	13.0047	-0.0002	0.0001	21.0000	1.1177	14.4214	0.0023	0.0006	0.0006	0.0000	0.0006	0.0006	0.0000	0.0000	0.0000	0.0000	0.0004	0.0000	0.0004	0.0000	0.0000	0.0000	0.0004	0.0000	0.0004	0.0984	0.0863	0.0121	0.0128	0.0121	0.0006	0.0856	0.0741	0.0115	0.0233	0.0127	0.0107	0.0026	0.0023	0.0003	0.0208	0.0104	0.0104	0.3615	3.1300	0.0000	4.3369	3.9965	0.0000	0.0000	0.0000	0.0000	0.0180	0.0024	0.0365	0.0116	0.0132	0.0000	0.0188	0.0000	0.0376		
83	117	0.2039	2	0	2	0	0	0	0	0	0	N	Y	N	N	N	N	N	N	N	N	N	N	0.9208	1.1610	0.7339	0.0048	0.0049	0.0000	0.9355	1.4973	0.7456	1.1584	0.8736	3.3293	0.0063	0.0066	0.0000	1.3696	1.0464	3.5757	1.2580	0.7525	4.5365	1.3001	1.3452	0.0000	1.4641	0.6989	4.7960	0.5000	19.3510	0.1386	0.3337	21.0000	31.2782	14.4214	23.9277	3.0001	2.0001	1.0000	0.0025	0.0025	0.0000	2.9976	1.9976	1.0000	1.0347	0.0508	0.9838	0.0436	0.0436	0.0000	0.9911	0.0073	0.9838	2.5898	2.2894	0.3004	0.4011	0.3804	0.0207	2.1886	1.9090	0.2797	1.1431	0.6371	0.5061	0.1554	0.1442	0.0113	0.9877	0.4929	0.4948	1.2799	10.9467	1.7126	0.0223	0.0218	0.0000	1.3649	71.0432	1.7984	0.9051	0.0798	1.9440	0.2804	0.3023	0.0000	1.0034	0.0147	1.9883
83	118	0.2070	6	0	1	1	1	0	0	0	0	N	N	N	N	N	N	N	N	N	N	N	N	14391.4924	0.0000	inf	0.0000	0.0000	inf	inf	3.0517	0.0000	24.2984	0.0000	0.0000	0.0000	3.3868	0.0000	25.2995	0.0002	0.0005	0.0000	0.0019	0.0022	0.0000	0.0000	0.0000	0.0000	inf	0.0000	0.7124	-0.0000	21.0000	3.8827	14.4214	2.9998	0.9994	0.0000	0.9994	0.0000	0.0000	0.0000	0.9994	0.0000	0.9994	0.0000	0.0000	0.0000	0.0000	0.0000	0.0000	0.0000	0.0000	0.0000	0.3275	0.2863	0.0411	0.0324	0.0308	0.0016	0.2951	0.2556	0.0395	0.1415	0.0767	0.0648	0.0156	0.0137	0.0019	0.1259	0.0630	0.0628	14391.4924	0.0000	inf	0.0000	0.0000	0.0000	inf	0.0000	inf	0.0002	0.0004	0.0000	0.0019	0.0022	0.0000	0.0000	0.0000	0.0000		
83	119	0.2040	5	0	1	0	1	0	0	0	0	N	N	N	N	N	N	N	N	N	N	N	N	1.0698	0.4018	17.3932	0.6024	0.5222	1.6354	inf	18.4225	0.0046	0.0027	0.0193	0.0105	0.0110	0.0000	0.0031	0.0004	0.0210	0.0043	0.0067	0.0011	0.0174	0.0210	0.0000	0.0019	0.0000	0.0011	0.9142	0.4286	0.0003	-0.0000	21.0000	2.8083	14.4214	0.0030	0.0013	0.0007	0.0006	0.0006	0.0006	0.0000	0.0007	0.0001	0.0006	0.0001	0.0001	0.0000	0.0001	0.0001	0.0000	0.0000	0.0000	0.0000	0.2922	0.2589	0.0332	0.0583	0.0555	0.0028	0.2338	0.2034	0.0304	0.0590	0.0319	0.0271	0.0066	0.0058	0.0008	0.0524	0.0261	0.0263	2.7027	1.2299	17.3932	0.9866	0.9112	0.0000	5.4453	inf	18.4225	0.0017	0.0022	0.0011	0.0106	0.0120	0.0000	0.0006	0.0000	0.0011	
83	120	0.2040	5	0	1	1	1	0	0	0	0	N	N	N	N	N	N	N	N	N	N	N	N	1.7739	0.7365	1.8746	1.5517	inf	inf	0.0008	0.0009	0.0000	0.0061	0.0064	0.0000	0.0001	0.0001	0.0000	0.0005	0.0013	0.0000	0.0032	0.0041	0.0000	0.0000	0.0000	0.0000	0.0000	0.0000	-0.0002	-0.0000	21.0000	9.6158	14.4214	0.0030	0.0007	0.0007	0.0000	0.0006	0.0006	0.0000	0.0001	0.0001	0.0000	0.0001	0.0001	0.0000	0.0001	0.0001	0.0000	0.0000	0.0000	0.0000	0.8432	0.7401	0.1031	0.1002	0.0951	0.0051	0.7430	0.6449	0.0980	0.1978	0.1068	0.0910	0.0218	0.0191	0.0027	0.1761	0.0877	0.0884	2.3463	1.4430	0.0000	1.8936	1.7493	0.0000	inf	inf	0.0000	0.0004	0.0007	0.0000	0.0032	0.0037	0.0000	0.0000	0.0000	0.0000			
83	121	0.1944	4	0	1	0	1	0	0	0	0	N	N	N	N	N	N	N	N	N	N	N	N	3.0331	2.5406	10.8372	0.0127	0.0130	inf	1231.9025	693.7461	10.7768	2.1904	2.5487	0.0115	0.0255	0.0260	0.0000	2.6061	3.1187	0.0117	0.7222	1.0032	0.0011	2.0125	2.0039	0.0000	0.0021	0.0045	0.0011	0.0007	0.0054	-0.2865	-0.0080	21.0000	4.2457	14.4214	2.0144	1.0003	0.9996	0.0007	0.0019	0.0019	0.0000	0.9985	0.9977	0.0007	0.0128	0.0127	0.0001	0.0127	0.0127	0.0000	0.0001	0.0000	0.0001	0.4567	0.3922	0.0645	0.0736	0.0723	0.0013	0.3831	0.3199	0.0632	0.1467	0.0813	0.0654	0.0209	0.0193	0.0016	0.1258	0.0620	0.0637	25.1044	16.2805	10.8372	0.0420	0.0394	inf	4141.9152	19345.4028	10.7768	0.0873	0.1565	0.0011	0.6077	0.6597	0.0000	0.0006	0.0002	0.0011
83	122	0.1523	3	0	1	0	1	0	0	0	0	N	N	N	N	N	N	N	N	N	N	N	N	1.4648	0.0146	24.2231	0.2026	0.1963	0.0020	1.3965	0.0036	30.6043	0.6492	0.0036	4.8570	0.0142	0.0145	0.0000	0.7115	0.0024	4.9216	0.4432	0.2467	0.2005	0.0701	0.0738	0.0080	0.5095	0.6674	0.1608	206.9556	3.0290	0.5028	0.0021	21.0000	11.9190	14.4214	13.1740	0.7102	0.0034	0.7068	0.0014	0.0014	0.0000	0.7088	0.0020	0.7068	0.0169	0.0042	0.0127	0.0010	0.0010	0.0000	0.0159	0.0032	0.0127	1.0939	0.9484	0.1455	0.0978	0.0958	0.0019	0.9961	0.8525	0.1436	0.5183	0.2725	0.2458	0.0344	0.0319	0.0025	0.4840	0.2406	0.2434	19.8909	0.2337	93.8742	0.4838	0.4671	0.0020	21.6448	0.1782	94.3103	0.0326	0.0154	0.0517	0.0293	0.0310	0.0080	0.0329	0.0133	0.0522
83	123	0.5792	7	0	1	1	1	0	0	0	0	N	N	N	N	N	N	N	N	N	N	N	N	2222.8389	702940.2672	0.0000	56.6709	20709.1347	0.0000	5831.0830	inf	0.0000	0.4778	0.5335	0.0000	0.0333	0.0351	0.0000	0.6875	0.7894	0.0000	0.0002	0.0000	0.0006	0.0006	0.0000	0.0051	0.0001	0.0000	0.0001	0.0000	455.4233	-0.1505	0.0000	21.0000	12.8936	14.4214	4.1514	0.5243	0.5243	0.0000	0.0117	0.0117	0.0000	0.5126	0.5126	0.0000	0.0001	0.0000	0.0001	0.0001	0.0000	0.0001	0.0000	0.0000	0.0000	1.0973	0.9827	0.1146	0.3517	0.3334	0.0183	0.7456	0.6494	0.0963	0.2739	0.1700	0.1040	0.0860	0.0761	0.0099	0.1879	0.0939	0.0941	2222.8389	702940.2672	0.0000	56.6709	20709.1347	0.0000	15392.7315	inf	0.0000	0.0002	0.0000	0.0006	0.0006	0.0000	0.0051	0.0000	0.0000	0.0001
83	124	0.1676	4	0	2	0	0	0	0	0	0	N	Y	N	N	N	N	N	N	N	N	N	N	0.7231	78.7460	0.6149	0.0344	0.0274	inf	0.7183	18.7754	0.6034	1.5660	1.0476	5.1978	0.0009	0.0008	0.0035	1.6989	1.1466	5.3093	2.1656	0.0133	8.4530	0.0273	0.0310	0.0000	2.3652	0.0611	8.7984	0.7082	1142.2341	0.2173	0.3663	21.0000	12.7386	14.4214	8.7370	1.7048	0.9980	0.7068	0.0001	0.0001	0.0000	1.7047	0.9979	0.7068	0.9880	0.0009	0.9871	0.0006	0.0006	0.0000	0.9874	0.0003	0.9871	1.0887	0.9527	0.1360	0.0852	0.0824	0.0029	1.0034	0.8703	0.1331	0.4562	0.2414	0.2148	0.0387	0.0362	0.0025	0.4175	0.2052	0.2122	0.7231	292.6613	1.1310	0.0633	0.0536	inf	0.7183	811.5036	1.1415	2.1656	0.0036	4.5959	0.0148	0.0159	0.0000	2.3652	0.0014	4.6510
83	125	0.1523	3	0	2	0	0	0	0	0	0	N	Y	N	N	N	N	N	N	N	N	N	N	2.3830	0.5428	11.2104	4.1120	6.0929	0.0705	2.0437	0.0035	14.5711	1.6853	0.2888	10.6944	2.2787	2.3120	0.1425	1.6129	0.0032	10.8272	0.7072	0.5320	0.9540	0.5542	0.3795	2.0217	0.7892	0.9221	0.7431	5.7405	2.9882	0.7986	0.0022	21.0000	8.6431	14.4214	1.4782	1.4148	0.2099	1.2049	0.2080	0.2078	0.0002	1.2067	0.0020	1.2047	0.0179	0.0045	0.0134	0.0018	0.0013	0.0005	0.0161	0.0032	0.0129	0.8395	0.7268	0.1127	0.0913	0.0899	0.0014	0.7482	0.6369	0.1113	0.2213	0.1168	0.1046	0.0171	0.0161	0.0011	0.2042	0.1007	0.1035	20.8306	7.5094	83.3552	21.9140	29.1618	0.2994	20.4246	0.1003	86.8162	0.0809	0.0385	0.1283	0.1040	0.0793	0.4758	0.0790	0.0319	0.1247
83	126	0.1427	2	0	1	0	0	0	0	0	0	N	N	N	N	N	N	N	N	N	N	N	N	0.5513	0.0033	219.9135	0.0348	0.0380	0.0000	0.5330	0.0003	876.1952	0.6774	0.0055	5.5566	0.0374	0.0376	0.0000	0.7613	0.0007	5.5874	1.2288	1.7061	0.0253	1.0756	0.9885	5.1678	1.4283	2.5119	0.0064	137.9213	0.0065	0.2105	-0.0878	21.0000	4.1618	14.4214	2.0491	0.2983	0.0021	0.2961	0.0019	0.0019	0.0000	0.2963	0.0002	0.2961	0.1413	0.1403	0.0009	0.0053	0.0048	0.0005	0.1359	0.1355	0.0004	0.4403	0.3870	0.0533	0.0510	0.0507	0.0003	0.3893	0.3363	0.0530	0.1685	0.0960	0.0724	0.0242	0.0236	0.0006	0.1442	0.0724	0.0718	0.8078	0.0038	437.8167	0.1697	0.1847	0.0000	0.8077	0.0004	1043.5795	0.8386	1.4614	0.0127	0.2204	0.2036	0.8527	0.9426	1.8717	0.0054
83	128	0.5914	8	1	2	0	0	0	0	0	0	N	Y	N	N	N	N	N	N	N	N	N	N	inf	inf	inf	inf	0.0013	0.0015	0.0000	0.0000	0.0000	0.0000	0.0019	0.0022	0.0000	0.0000	0.0000	0.0000	0.0000	0.0000	0.0000	0.0000	0.0000	0.0000	0.0000	-0.0001	0.0000	21.0000	2.0107	14.4214	1.9995	0.0002	0.0002	0.0000	0.0000	0.0000	0.0000	0.0002	0.0002	0.0000	0.0000	0.0000	0.0000	0.0000	0.0000	0.0000	0.0000	0.0000	0.0000	0.1596	0.1419	0.0177	0.0495	0.0466	0.0029	0.1101	0.0953	0.0148	0.0613	0.0390	0.0224	0.0206	0.0182	0.0024	0.0407	0.0207	0.0200	inf	inf	0.0000	0.0000	0.0000	0.0000	inf	inf	0.0000	0.0000	0.0000	0.0000	0.0000	0.0000	0.0000	0.0000	0.0000	0.0000						
83	129	0.5792	7	1	2	0	0	0	0	0	0	N	Y	N	N	N	N	N	N	N	N	N	N	2261.3086	1161080.4375	0.0000	0.0000	0.0124	0.0000	10068.1950	inf	0.0000	1.8460	2.0474	0.0000	0.0000	0.0000	0.0000	2.8539	3.2697	0.0000	0.0008	0.0000	0.0013	0.0013	0.0000	0.0125	0.0003	0.0000	0.0002	0.0000	455.4233	-0.2871	0.0000	21.0000	5.6459	14.4214	1.1399	0.9998	0.9998	0.0000	0.0000	0.0000	0.0000	0.9998	0.9998	0.0000	0.0001	0.0000	0.0001	0.0001	0.0000	0.0001	0.0000	0.0000	0.0000	0.5416	0.4883	0.0533	0.1913	0.1826	0.0087	0.3503	0.3058	0.0445	0.1186	0.0732	0.0455	0.0387	0.0347	0.0040	0.0799	0.0385	0.0415	3719.8676	1161080.4375	0.0000	0.0000	0.0124	0.0000	27177.3390	inf	0.0000	0.0005	0.0000	0.0013	0.0013	0.0000	0.0125	0.0001	0.0000	0.0002
83	130	0.5489	6	0	1	0	0	0	0	0	0	N	N	N	N	N	N	N	N	N	N	N	N	0.7010	0.6580	0.0822	0.0504	0.1185	0.0003	0.8419	0.5005	0.1236	0.4153	0.4647	0.0064	0.0005	0.0005	0.0000	0.6541	0.7570	0.0079	0.5925	0.7061	0.0780	0.0094	0.0042	0.0458	0.7769	1.5124	0.0640	0.0017	0.2982	-0.1392	-0.0072	21.0000	11.6079	14.4214	5.3766	0.4874	0.4866	0.0008	0.0002	0.0002	0.0000	0.4872	0.4864	0.0008	0.0182	0.0140	0.0042	0.0008	0.0004	0.0004	0.0174	0.0136	0.0038	1.1737	1.0473	0.1264	0.4287	0.4047	0.0240	0.7449	0.6426	0.1023	0.3450	0.2098	0.1352	0.1150	0.1048	0.0102	0.2300	0.1050	0.1250	7.8888	6.9686	0.2076	0.0708	0.1342	0.0003	8.6476	5.8450	0.2606	0.0526	0.0667	0.0309	0.0067	0.0037	0.0370	0.0756	0.1295	0.0304
83	131	0.5310	5	0	1	0	0	0	0	0	0	N	N	N	N	N	N	N	N	N	N	N	N	0.0018	0.0012	0.0019	0.0212	0.1179	0.0018	0.0010	0.0004	0.0019	0.0042	0.0038	0.0075	0.0048	0.0047	0.0064	0.0039	0.0033	0.0077	2.3712	3.1144	3.8631	0.2253	0.0400	3.5921	4.0680	9.3168	3.9863	0.2254	0.2693	-0.0002	-0.5191	21.0000	3.9355	14.4214	8.7078	0.0017	0.0014	0.0003	0.0007	0.0006	0.0000	0.0011	0.0008	0.0003	1.2474	0.9827	0.2647	0.0120	0.0040	0.0080	1.2354	0.9787	0.2567	0.4161	0.3735	0.0426	0.1421	0.1359	0.0063	0.2739	0.2376	0.0363	0.5261	0.3155	0.2105	0.2224	0.2105	0.0119	0.3037	0.1050	0.1986	0.0018	0.0012	0.0060	0.0884	0.2473	0.0095	0.0010	0.0004	0.0060	2.3712	3.1144	1.2573	0.0541	0.0191	0.6749	4.0680	9.3168	1.2922
83	132	0.5193	4	0	1	0	0	0	0	0	0	N	N	N	N	N	N	N	N	N	N	N	N	0.0056	0.0060	0.0019	0.0131	0.0133	0.0306	0.0021	0.0014	0.0018	0.0067	0.0065	0.0084	0.0139	0.0142	0.0073	0.0032	0.0024	0.0086	1.2129	1.0896	4.3606	1.0601	1.0668	0.2395	1.5353	1.7350	4.7331	0.1477	4.8578	-0.0007	0.0456	21.0000	6.2657	14.4214	3.9760	0.0043	0.0038	0.0006	0.0029	0.0029	0.0001	0.0014	0.0009	0.0005	0.2272	0.0388	0.1884	0.0241	0.0230	0.0011	0.2031	0.0158	0.1873	0.6459	0.5791	0.0667	0.2129	0.2034	0.0096	0.4330	0.3758	0.0572	0.2909	0.1839	0.1069	0.1121	0.1029	0.0091	0.1788	0.0810	0.0978	0.0086	0.0310	0.0048	0.0645	0.0634	0.0621	0.0028	0.0124	0.0045	0.7810	0.2108	1.7615	0.2149	0.2235	0.1180	1.1357	0.1947	1.9152
83	133	0.4421	3	0	1	0	0	0	0	0	0	N	N	N	N	N	N	N	N	N	N	N	N	0.3883	0.1378	0.7632	0.5241	2.6630	0.0388	0.3681	0.0032	0.8225	0.4928	0.0639	3.9675	0.2086	0.2141	0.1094	0.5990	0.0027	4.5497	1.2692	0.4637	5.1988	0.3979	0.0804	2.8190	1.6272	0.8477	5.5317	7.6629	51.1504	0.6760	0.3302	21.0000	26.7012	14.4214	18.2690	1.1314	0.1306	1.0008	0.1303	0.1267	0.0036	1.0011	0.0039	0.9972	0.9369	0.0180	0.9190	0.0248	0.0092	0.0155	0.9121	0.0087	0.9034	2.2961	2.0439	0.2523	0.6249	0.5918	0.0331	1.6713	1.4521	0.2192	1.0072	0.6258	0.3814	0.3138	0.2873	0.0265	0.6935	0.3385	0.3549	0.5297	2.2261	1.6466	2.6410	6.6555	0.1862	0.4554	0.1042	1.7875	0.9302	0.0287	2.4095	0.0790	0.0322	0.5873	1.3153	0.0258	2.5453
83	134	0.2039	2	0	1	0	0	0	0	0	0	N	N	N	N	N	N	N	N	N	N	N	N	0.7075	0.6724	0.3937	0.0009	0.0105	0.0000	0.8505	0.5365	0.5233	1.1299	1.0288	1.8958	0.0045	0.0047	0.0000	1.3075	1.2030	2.0328	1.5969	1.5301	4.8152	4.8695	0.4523	89.6802	1.5372	2.2422	3.8844	0.2433	1.9729	-0.4687	0.1059	21.0000	61.4372	14.4214	55.8589	5.1249	4.1220	1.0028	0.0028	0.0028	0.0000	5.1221	4.1193	1.0028	3.0020	1.0098	1.9922	0.9523	0.0159	0.9364	2.0497	0.9939	1.0559	4.5357	4.0067	0.5290	0.6181	0.5825	0.0356	3.9176	3.4242	0.4933	1.9743	1.0768	0.8974	0.1956	0.1792	0.0164	1.7787	0.8977	0.8810	0.7431	1.0971	0.8540	0.0009	0.0532	0.0000	1.1346	1.0866	1.6961	1.5206	0.9378	2.2199	4.8695	0.0890	57.0602	1.1524	1.1072	1.1985
84	89	0.1791	7	0	1	1	0	0	0	0	0	N	N	N	N	N	N	N	N	N	N	N	N	0.0113	0.0019	2.0597	0.0123	0.0051	1.4499	0.1431	1.2317	2.4982	0.0058	0.0014	0.0391	0.0127	0.0055	0.1087	0.0037	0.0000	0.0279	0.5134	0.7128	0.0190	1.0358	1.0769	0.0750	0.0258	0.0000	0.0112	3.7997	0.1286	0.0044	-0.0086	20.4085	15.4622	11.0867	5.2688	0.0087	0.0018	0.0069	0.0045	0.0018	0.0027	0.0042	0.0000	0.0042	0.0167	0.0148	0.0019	0.0152	0.0148	0.0004	0.0014	0.0000	0.0014	1.5038	1.3271	0.1767	0.3523	0.3278	0.0245	1.1515	0.9993	0.1522	0.4089	0.2189	0.1899	0.0728	0.0643	0.0085	0.3360	0.1546	0.1814	0.1424	0.0203	3.9095	0.0608	0.0240	2.0570	0.8553	553.0351	3.4869	0.0407	0.0674	0.0100	0.2088	0.2294	0.0529	0.0043	0.0000	0.0080
84	90	0.1673	6	0	0	1	0	0	0	0	0	N	N	N	N	N	N	N	N	N	N	N	N	0.3212	0.0274	1.4338	0.3574	0.0239	18.6530	0.2805	1.5801	1.3960	0.2440	0.0174	1.7242	0.2649	0.0183	1.7719	0.2326	0.0169	1.6959	0.7595	0.6348	1.2026	0.7411	0.7650	0.0950	0.8295	0.0107	1.2148	15.1745	2.2876	0.1609	0.0015	20.4085	7.5917	11.0867	1.5198	0.2472	0.0153	0.2319	0.0944	0.0056	0.0888	0.1528	0.0097	0.1431	0.0218	0.0066	0.0151	0.0070	0.0066	0.0004	0.0148	0.0000	0.0148	1.0133	0.8788	0.1345	0.3565	0.3064	0.0501	0.6568	0.5724	0.0844	0.2151	0.1205	0.0947	0.0508	0.0444	0.0064	0.1643	0.0760	0.0883	2.4116	0.3165	10.7783	1.9321	0.1232	29.9451	2.5833	41.9826	10.1376	0.1012	0.0550	0.1600	0.1371	0.1483	0.0592	0.0901	0.0004	0.1673
84	91	0.2766	10	1	0	2	0	0	0	0	0	N	N	Y	N	N	N	N	N	N	N	N	N	inf	inf	inf	inf	inf	inf	3.9576	4.4735	0.0000	14.5777	15.5291	0.0000	0.0001	0.0001	0.0000	0.0000	0.0000	0.0000	0.0000	0.0000	0.0000	0.0000	0.0000	0.0000	0.0000	-0.2866	0.0000	20.4085	3.0317	11.0867	0.1644	0.9981	0.9981	0.0000	0.9980	0.9980	0.0000	0.0000	0.0000	0.0000	0.0000	0.0000	0.0000	0.0000	0.0000	0.0000	0.0000	0.0000	0.0000	0.2522	0.2231	0.0291	0.0685	0.0643	0.0042	0.1837	0.1588	0.0249	0.0498	0.0266	0.0233	0.0078	0.0065	0.0013	0.0420	0.0201	0.0220	inf	inf	0.0000	inf	inf	0.0000	inf	inf	0.0000	0.0000	0.0000	0.0000	0.0000	0.0000	0.0000	0.0000	0.0000	0.0000				
84	92	0.2708	9	1	0	2	0	0	0	0	0	N	N	Y	N	N	N	N	N	N	N	N	N	0.0796	7.5251	0.0000	8.1416	7.6016	0.0000	0.0041	inf	0.0000	0.0075	0.0083	0.0000	0.0160	0.0169	0.0000	0.0007	0.0008	0.0000	0.0940	0.0011	0.0486	0.0020	0.0022	0.0004	0.1784	0.0000	0.0467	0.0000	31.6090	-0.0007	0.0002	20.4085	2.6632	11.0867	1.0147	0.0024	0.0024	0.0000	0.0022	0.0022	0.0000	0.0001	0.0001	0.0000	0.0007	0.0000	0.0006	0.0000	0.0000	0.0000	0.0006	0.0000	0.0006	0.3152	0.2848	0.0304	0.1395	0.1317	0.0077	0.1757	0.1530	0.0227	0.0609	0.0333	0.0276	0.0104	0.0090	0.0015	0.0505	0.0243	0.0261	0.7005	13.8330	0.0000	8.1416	7.6016	0.0000	0.0593	inf	0.0000	0.0107	0.0006	0.0229	0.0020	0.0022	0.0004	0.0125	0.0000	0.0241
84	93	0.1875	8	1	0	2	0	0	0	0	0	N	N	Y	N	N	N	N	N	N	N	N	N	0.2815	104.4999	0.0000	33.8483	51.2324	0.0000	0.2224	inf	0.0000	0.4170	0.4695	0.0000	0.4772	0.5023	0.0000	0.3982	0.4583	0.0000	1.4812	0.0045	5.8418	0.0141	0.0098	0.0232	1.7906	0.0000	6.2235	0.0000	1534.4901	-0.3629	0.3687	20.4085	35.0787	11.0867	12.2568	1.2640	1.2640	0.0000	0.3441	0.3441	0.0000	0.9200	0.9200	0.0000	0.9938	0.0006	0.9931	0.0010	0.0006	0.0004	0.9927	0.0000	0.9927	3.0312	2.6924	0.3388	0.7209	0.6849	0.0360	2.3102	2.0075	0.3027	0.7416	0.3920	0.3496	0.1132	0.0959	0.0173	0.6284	0.2961	0.3323	0.3112	284.3523	0.0000	52.0362	74.4068	0.0000	0.2521	inf	0.0000	1.3401	0.0017	2.8409	0.0092	0.0068	0.0226	1.5797	0.0000	2.9876
84	94	0.1740	7	1	0	1	0	0	0	0	0	N	N	N	N	N	N	N	N	N	N	N	N	0.9634	1.3087	0.0119	1.2980	1.2246	0.2752	0.7053	85.4546	0.0154	0.6743	0.7486	0.0104	1.0775	1.1154	0.0005	0.5108	0.5839	0.0114	0.6999	0.5720	0.8667	0.8301	0.9108	0.0019	0.7243	0.0068	0.7434	0.0015	2.3686	-0.1903	0.0011	20.4085	8.4810	11.0867	2.3446	0.6664	0.6654	0.0010	0.3071	0.3071	0.0000	0.3593	0.3583	0.0010	0.0150	0.0045	0.0106	0.0044	0.0044	0.0000	0.0106	0.0000	0.0106	0.9884	0.8889	0.0995	0.2850	0.2753	0.0097	0.7034	0.6136	0.0898	0.1898	0.1013	0.0885	0.0287	0.0247	0.0041	0.1611	0.0766	0.0845	8.5214	17.0036	0.0868	6.9663	6.2003	0.2752	7.7822	2198.4062	0.0914	0.0791	0.0440	0.1193	0.1547	0.1799	0.0019	0.0656	0.0003	0.1249
84	95	0.1113	5	0	1	1	1	0	0	0	0	N	N	N	N	N	N	N	N	N	N	N	N	2025.8923	8186.8671	0.0000	23.6718	21.1420	0.0000	868.0579	inf	0.0000	0.5099	0.5835	0.0000	0.0075	0.0080	0.0000	0.5718	0.6595	0.0000	0.0003	0.0001	0.0004	0.0003	0.0004	0.0000	0.0007	0.0000	0.0004	0.0000	5.6713	-0.2876	0.0000	20.4085	24.0032	11.0867	22.6134	1.0016	1.0016	0.0000	0.0016	0.0016	0.0000	1.0000	1.0000	0.0000	0.0002	0.0000	0.0002	0.0000	0.0000	0.0000	0.0002	0.0000	0.0002	1.9642	1.7167	0.2475	0.2153	0.2004	0.0149	1.7489	1.5163	0.2327	0.8213	0.4248	0.3965	0.0952	0.0791	0.0161	0.7261	0.3456	0.3804	2087.1888	8240.9081	0.0000	23.6718	21.1420	0.0000	2433.9076	inf	0.0000	0.0002	0.0001	0.0004	0.0003	0.0004	0.0000	0.0002	0.0000	0.0004
84	96	0.5287	9	0	1	1	0	0	0	0	0	N	N	N	N	N	N	N	N	N	N	N	N	0.3072	0.2122	0.0000	0.0000	0.0000	0.0000	0.3021	0.1670	0.0000	0.6367	0.7131	0.0000	0.0000	0.0000	0.0000	0.9600	1.1074	0.0000	2.0724	3.3603	0.0008	0.0026	0.0029	0.0000	3.1775	6.6314	0.0008	0.0000	0.0001	-0.2870	-0.6278	20.4085	18.5150	11.0867	10.2301	0.9997	0.9997	0.0000	0.0000	0.0000	0.0000	0.9997	0.9997	0.0000	0.9994	0.9992	0.0001	0.0004	0.0004	0.0000	0.9989	0.9988	0.0001	1.5701	1.4018	0.1682	0.5287	0.4991	0.0296	1.0413	0.9027	0.1386	0.4822	0.2974	0.1849	0.1678	0.1467	0.0211	0.3144	0.1506	0.1638	0.3072	0.2122	0.0000	0.0000	0.0000	0.0000	0.3021	0.1670	0.0000	2.0724	3.3603	0.0008	0.0026	0.0029	0.0000	3.1775	6.6314	0.0008
84	97	0.1404	6	0	1	1	0	0	0	0	0	N	N	N	N	N	N	N	N	N	N	N	N	0.1613	0.1782	0.0000	0.0037	0.0033	0.2238	547.6488	0.0000	0.2862	0.3257	0.0000	0.0289	0.0307	0.0000	0.3243	0.3728	0.0000	1.7743	1.8273	4.3954	7.8922	9.2394	0.0000	1.4489	0.0007	4.6706	0.0000	0.9561	-0.2980	-0.2854	20.4085	46.1140	11.0867	26.4917	1.0380	1.0380	0.0000	0.0135	0.0135	0.0000	1.0245	1.0245	0.0000	2.0445	1.0452	0.9993	1.0452	1.0452	0.0000	0.9993	0.0000	0.9993	3.6274	3.1872	0.4402	0.4678	0.4393	0.0285	3.1595	2.7479	0.4117	1.1523	0.6037	0.5486	0.1324	0.1131	0.0193	1.0198	0.4905	0.5293	0.1613	0.1881	0.0000	0.0037	0.0033	0.0000	0.3309	81271.8853	0.0000	1.7743	1.7314	1.8215	7.8922	9.2394	0.0000	0.9799	0.0000	1.8880	
84	98	0.5816	11	0	1	1	0	0	0	0	0	N	N	N	N	N	N	N	N	N	N	N	N	3968.0213	5007.7985	6.1646	6076.1128	6771.8600	18.4463	0.0000	0.0000	0.6302	0.7041	0.0012	1.9507	2.0560	0.0073	0.0000	0.0000	0.0000	0.0002	0.0001	0.0002	0.0003	0.0003	0.0004	0.0002	0.0000	0.0001	0.0002	0.9037	-0.2870	-0.0000	20.4085	20.7840	11.0867	8.9470	1.0000	0.9998	0.0002	1.0000	0.9998	0.0002	0.0000	0.0000	0.0000	0.0001	0.0000	0.0000	0.0000	0.0000	0.0000	0.0000	0.0000	0.0000	1.5869	1.4200	0.1669	0.5127	0.4863	0.0263	1.0742	0.9337	0.1405	0.3979	0.2379	0.1601	0.1345	0.1093	0.0252	0.2634	0.1285	0.1348	3968.0213	5045.0515	6.1646	6076.1128	6771.8600	18.4463	0.0000	0.0000	0.0000	0.0002	0.0001	0.0002	0.0003	0.0003	0.0004	0.0001	0.0000	0.0001	
84	99	0.5767	10	0	0	1	0	0	0	0	0	N	N	N	N	N	N	N	N	N	N	N	N	1.9612	1.7122	1.3637	3.2301	3.6777	0.0429	0.9367	1.5965	4.2133	1.0289	1.1403	0.0571	1.6191	1.7477	0.0108	0.0947	0.0948	0.0937	0.5246	0.6660	0.0419	0.5013	0.4752	0.2520	0.1011	0.0594	0.0222	0.0057	0.2601	-0.1790	-0.0019	20.4085	2.7834	11.0867	1.0450	0.6360	0.6324	0.0036	0.6134	0.6131	0.0003	0.0227	0.0193	0.0033	0.0044	0.0035	0.0009	0.0038	0.0035	0.0004	0.0006	0.0000	0.0006	0.6181	0.5546	0.0636	0.3788	0.3508	0.0281	0.2393	0.2038	0.0355	0.1038	0.0586	0.0452	0.0400	0.0371	0.0029	0.0638	0.0215	0.0423	24.1788	19.0675	2.8316	16.9208	18.6477	0.0897	10.2361	68.0148	7.0738	0.0426	0.0598	0.0202	0.0957	0.0937	0.1206	0.0092	0.0014	0.0133
84	100	0.5667	9	0	0	1	0	0	0	0	0	N	N	N	N	N	N	N	N	N	N	N	N	2.2673	6.7625	0.2569	20.1988	33.4280	0.0426	0.8775	55.0689	0.5594	0.6389	0.7095	0.0231	1.0320	1.1082	0.0069	0.2285	0.2600	0.0316	0.2818	0.1049	0.0900	0.0511	0.0332	0.1628	0.2604	0.0047	0.0565	0.0037	2.2515	-0.2062	0.0003	20.4085	7.6044	11.0867	2.7972	0.7276	0.7248	0.0027	0.6002	0.6000	0.0003	0.1273	0.1249	0.0024	0.0048	0.0015	0.0034	0.0023	0.0015	0.0008	0.0026	0.0000	0.0026	1.1388	1.0216	0.1171	0.5817	0.5414	0.0403	0.5571	0.4802	0.0769	0.2499	0.1516	0.0983	0.0979	0.0889	0.0090	0.1520	0.0626	0.0893	32.9698	72.2097	0.6778	44.5610	66.6496	0.0789	13.4868	1518.8777	1.1007	0.0194	0.0098	0.0341	0.0232	0.0166	0.0879	0.0169	0.0002	0.0287
84	101	0.5171	8	0	0	1	0	0	0	0	0	N	N	N	N	N	N	N	N	N	N	N	N	4.2122	3.3444	2.6590	0.8787	1.0692	0.4306	34.0592	86.7756	7.1803	0.5496	0.6078	0.0630	0.0612	0.0629	0.0314	0.7971	0.9090	0.0696	0.1305	0.1817	0.0237	0.0696	0.0588	0.0728	0.0234	0.0105	0.0097	0.0124	0.6494	-0.2432	-0.0014	20.4085	18.4780	11.0867	12.4520	0.8846	0.8737	0.0108	0.0331	0.0322	0.0009	0.8514	0.8415	0.0099	0.0061	0.0037	0.0024	0.0048	0.0036	0.0011	0.0013	0.0001	0.0013	1.6095	1.4375	0.1720	0.5414	0.5118	0.0296	1.0681	0.9257	0.1424	0.4876	0.2919	0.1957	0.1626	0.1403	0.0223	0.3250	0.1516	0.1734	44.0874	48.1470	5.1497	2.0870	2.4360	0.6109	197.6957	2291.5964	9.6482	0.0125	0.0126	0.0122	0.0293	0.0258	0.0513	0.0040	0.0004	0.0072
84	102	0.2253	8	0	1	1	0	0	0	0	0	N	N	N	N	N	N	N	N	N	N	N	N	0.0691	0.0442	0.0000	0.0001	0.0001	0.0000	0.2417	0.1525	0.0000	0.2608	0.2910	0.0000	0.0018	0.0019	0.0000	0.3751	0.4301	0.0000	3.7760	6.5780	0.0000	13.4647	15.1221	0.0000	1.5518	2.8205	0.0000	0.0000	0.0000	-0.2831	-2.4651	20.4085	34.1922	11.0867	22.4626	0.9861	0.9861	0.0000	0.0021	0.0021	0.0000	0.9840	0.9840	0.0000	3.9231	3.9231	0.0000	2.9344	2.9344	0.0000	0.9888	0.9888	0.0000	3.7816	3.3883	0.3933	1.1584	1.1003	0.0581	2.6232	2.2880	0.3352	1.0390	0.5964	0.4426	0.2179	0.1940	0.0239	0.8210	0.4024	0.4187	0.0691	0.0442	0.0000	0.0001	0.0001	0.0000	0.3115	0.1750	0.0000	3.7760	6.5780	0.0000	13.4647	15.1221	0.0000	1.2043	2.4574	0.0000
84	103	0.1775	7	0	1	1	0	0	0	0	0	N	N	N	N	N	N	N	N	N	N	N	N	0.0054	0.0033	0.0916	0.0001	0.0001	0.0003	0.0211	0.0109	0.1344	0.0081	0.0086	0.0042	0.0009	0.0010	0.0000	0.0103	0.0111	0.0047	1.5009	2.5770	0.0455	7.8161	8.9501	0.1559	0.4877	1.0203	0.0351	0.0641	0.0076	-0.0040	-0.5364	20.4085	22.5884	11.0867	11.0115	0.0178	0.0168	0.0011	0.0005	0.0005	0.0000	0.0174	0.0163	0.0011	0.8639	0.8574	0.0065	0.8482	0.8470	0.0012	0.0158	0.0105	0.0053	2.2086	1.9510	0.2576	0.5186	0.4882	0.0304	1.6900	1.4628	0.2272	0.6298	0.3327	0.2971	0.1085	0.0946	0.0139	0.5213	0.2381	0.2832	0.0059	0.0033	0.1909	0.0001	0.0001	0.0006	0.3398	0.2533	0.2525	1.3718	2.5770	0.0218	7.8161	8.9501	0.0860	0.0302	0.0440	0.0187
84	104	0.1474	6	0	0	1	0	0	0	0	0	N	N	N	N	N	N	N	N	N	N	N	N	0.0011	0.0008	0.0042	0.0002	0.0002	0.0125	0.0655	0.0345	0.0010	0.0004	0.0005	0.0000	0.0002	0.0002	0.0001	0.0005	0.0006	0.0000	0.3808	0.5880	0.0032	0.8264	0.8954	0.0071	0.0073	0.0160	0.0029	0.0038	0.0583	-0.0001	-0.0061	20.4085	11.8100	11.0867	8.7888	0.0005	0.0005	0.0000	0.0001	0.0000	0.0000	0.0004	0.0004	0.0000	0.0106	0.0100	0.0006	0.0100	0.0099	0.0001	0.0006	0.0001	0.0005	1.1577	1.0178	0.1399	0.2534	0.2366	0.0168	0.9043	0.7812	0.1230	0.4049	0.2134	0.1914	0.0650	0.0567	0.0084	0.3398	0.1568	0.1831	0.0160	0.0101	0.0043	0.0013	0.0012	0.0125	0.2636	0.9388	0.0010	0.0262	0.0469	0.0031	0.1536	0.1752	0.0071	0.0018	0.0006	0.0029
84	105	0.1113	5	0	0	1	0	0	0	0	0	N	N	N	N	N	N	N	N	N	N	N	N	0.0457	0.2226	0.0083	0.1242	0.1128	61.5747	0.0223	inf	0.0066	0.0001	0.0001	0.0000	0.0001	0.0001	0.0000	0.0001	0.0001	0.0000	0.0014	0.0003	0.0013	0.0010	0.0012	0.0000	0.0025	0.0000	0.0013	0.0221	4.3352	-0.0000	0.0001	20.4085	14.7392	11.0867	7.3617	0.0001	0.0001	0.0000	0.0000	0.0000	0.0000	0.0001	0.0001	0.0000	0.0003	0.0001	0.0003	0.0001	0.0001	0.0000	0.0003	0.0000	0.0003	1.2351	1.0779	0.1571	0.1366	0.1270	0.0096	1.0984	0.9509	0.1475	0.4337	0.2316	0.2021	0.0592	0.0511	0.0081	0.3745	0.1805	0.1940	0.0849	0.2711	0.0083	0.1242	0.1128	61.5747	0.0789	inf	0.0066	0.0007	0.0003	0.0013	0.0010	0.0012	0.0000	0.0007	0.0000	0.0013
84	106	0.1841	8	0	1	1	0	0	0	0	0	N	N	N	N	N	N	N	N	N	N	N	N	1002.7470	2062.8337	0.0000	1871.2315	1671.7939	0.0000	403.4927	107470.6090	0.0000	1.5481	1.7448	0.0000	3.7821	3.9998	0.0000	0.8287	0.9542	0.0000	0.0015	0.0008	0.0011	0.0020	0.0024	0.0002	0.0021	0.0000	0.0012	0.0000	2.0936	-0.7747	0.0000	20.4085	20.0414	11.0867	7.0324	2.6980	2.6980	0.0000	1.6056	1.6056	0.0000	1.0924	1.0924	0.0000	0.0003	0.0001	0.0002	0.0001	0.0001	0.0000	0.0002	0.0000	0.0002	1.7428	1.5463	0.1965	0.4245	0.4014	0.0231	1.3183	1.1449	0.1734	0.4286	0.2240	0.2046	0.0555	0.0463	0.0093	0.3730	0.1777	0.1953	1936.8436	3529.3884	0.0000	1871.2315	1671.7939	0.0000	1342.3787	45823768.0898	0.0000	0.0008	0.0005	0.0011	0.0020	0.0024	0.0002	0.0006	0.0000	0.0012
84	107	0.1740	7	0	0	1	0	0	0	0	0	N	N	N	N	N	N	N	N	N	N	N	N	72.1708	33.2428	0.3328	22.0872	19.6535	1.0886	213.8984	152322.7665	0.2556	1.0937	1.2118	0.0008	1.0572	1.0912	0.0026	1.1097	1.2704	0.0006	0.0152	0.0365	0.0025	0.0479	0.0555	0.0024	0.0052	0.0000	0.0025	0.0001	0.3300	-0.2745	-0.0003	20.4085	7.0315	11.0867	1.2144	0.9562	0.9561	0.0001	0.2814	0.2814	0.0000	0.6747	0.6747	0.0000	0.0007	0.0005	0.0002	0.0005	0.0005	0.0000	0.0002	0.0000	0.0002	0.8743	0.7890	0.0853	0.2662	0.2579	0.0083	0.6081	0.5311	0.0770	0.1481	0.0797	0.0684	0.0236	0.0204	0.0032	0.1245	0.0593	0.0652	238.1908	188.8694	0.3328	48.0384	43.4945	1.0886	857.2212	67776780.8822	0.2556	0.0046	0.0064	0.0025	0.0220	0.0251	0.0024	0.0013	0.0000	0.0025
84	108	0.1404	6	0	0	1	0	0	0	0	0	N	N	N	N	N	N	N	N	N	N	N	N	3.3836	867.3642	0.0005	0.3828	1.7834	0.0000	3.1528	1607.3321	0.0006	0.9363	1.0667	0.0001	0.0042	0.0045	0.0000	1.0984	1.2683	0.0001	0.2767	0.0012	0.1243	0.0110	0.0025	0.0727	0.3484	0.0008	0.1036	0.0000	55.1517	-0.3879	0.0027	20.4085	16.2725	11.0867	4.4748	1.3508	1.3508	0.0000	0.0009	0.0009	0.0000	1.3499	1.3499	0.0000	0.0077	0.0001	0.0076	0.0005	0.0001	0.0003	0.0072	0.0000	0.0072	1.4427	1.2664	0.1763	0.2137	0.2020	0.0118	1.2290	1.0644	0.1646	0.4025	0.2154	0.1872	0.0610	0.0545	0.0064	0.3416	0.1608	0.1807	48.9554	1675.5862	0.0014	0.5518	1.7834	0.0000	51.8636	209716.6906	0.0015	0.0191	0.0006	0.0404	0.0076	0.0025	0.0512	0.0212	0.0000	0.0400
84	109	0.1932	7	0	1	1	0	0	0	0	0	N	N	N	N	N	N	N	N	N	N	N	N	1.7606	5.7833	21.2168	0.1575	0.0089	0.3128	268.1803	51499.1250	2209.4450	0.6394	0.3266	2.8721	0.1237	0.0006	1.3158	0.7766	0.4171	3.1685	0.3631	0.0565	0.1354	0.7851	0.0724	4.2070	0.0029	0.0000	0.0014	1.2317	5.0053	0.5912	0.0046	20.4085	40.5309	11.0867	14.7974	2.2328	1.0005	1.2323	0.0908	0.0004	0.0903	2.1421	1.0001	1.1420	0.0225	0.0038	0.0188	0.0219	0.0038	0.0182	0.0006	0.0000	0.0006	3.4923	3.0632	0.4291	0.7339	0.6652	0.0686	2.7584	2.3980	0.3604	0.9243	0.4804	0.4439	0.1483	0.1229	0.0253	0.7760	0.3574	0.4186	26.2169	41.8010	67.8631	0.8356	0.0211	1.8315	1003.8763	24437409.7810	2209.4450	0.0244	0.0078	0.0423	0.1480	0.0305	0.7184	0.0008	0.0000	0.0014
84	110	0.1673	6	0	1	1	0	0	0	0	0	N	N	N	N	N	N	N	N	N	N	N	N	0.3687	0.1676	20.3367	0.4128	0.3322	26.3273	0.6210	0.0555	20.0492	0.2575	0.1581	0.9236	0.6193	0.5213	1.2864	0.1189	0.0185	0.7872	0.6986	0.9431	0.0454	1.5002	1.5691	0.0489	0.1915	0.3336	0.0393	0.8723	0.1471	0.0686	-0.0138	20.4085	13.5236	11.0867	3.5331	0.3837	0.2049	0.1787	0.2556	0.1876	0.0680	0.1281	0.0173	0.1108	0.0277	0.0241	0.0035	0.0239	0.0235	0.0004	0.0038	0.0006	0.0032	1.4897	1.2961	0.1935	0.4127	0.3598	0.0529	1.0770	0.9363	0.1407	0.3499	0.1873	0.1626	0.0678	0.0579	0.0099	0.2821	0.1294	0.1527	3.2583	1.2282	42.3403	1.7568	1.2838	33.9352	8.9089	4.0358	37.8952	0.0790	0.1287	0.0218	0.3525	0.4061	0.0379	0.0133	0.0046	0.0208
84	111	0.1113	5	0	0	1	0	0	0	0	0	N	N	N	N	N	N	N	N	N	N	N	N	47.0388	180.1657	434.3734	198.9796	0.0110	60704270.8428	26.7758	290.1246	421.4885	2.5927	0.8047	14.8907	1.8464	0.0001	26.3760	2.6852	0.9118	14.1465	0.0551	0.0045	0.0343	0.0093	0.0119	0.0000	0.1003	0.0031	0.0336	2.6905	9.3332	1.6170	0.0015	20.4085	16.9399	11.0867	15.9768	3.6593	0.9915	2.6677	0.2876	0.0000	0.2875	3.3717	0.9915	2.3802	0.0054	0.0005	0.0049	0.0005	0.0005	0.0000	0.0049	0.0000	0.0049	1.4114	1.2322	0.1792	0.1557	0.1448	0.0109	1.2557	1.0874	0.1683	0.6100	0.3192	0.2908	0.0756	0.0639	0.0117	0.5343	0.2553	0.2790	291.7564	489.6736	884.3176	278.8268	0.0167	60704270.8428	291.6517	9843.3699	806.2119	0.0089	0.0016	0.0168	0.0066	0.0078	0.0000	0.0092	0.0001	0.0175
84	112	0.2157	9	1	1	1	1	0	0	0	0	N	N	N	N	N	N	N	N	N	N	N	N	0.0000	0.0000	0.0000	0.0000	0.0000	0.0000	0.0000	0.0000	0.0000	0.0000	0.0000	0.0000	0.0000	0.0000	0.0000	0.0000	0.0438	0.0000	0.0391	0.0000	0.0000	0.0000	0.1211	0.0000	0.0379	39974.8000	0.0000	0.0001	20.4085	0.0019	11.0867	1.9928	0.0000	0.0000	0.0000	0.0000	0.0000	0.0000	0.0000	0.0000	0.0000	0.0003	0.0000	0.0003	0.0000	0.0000	0.0000	0.0003	0.0000	0.0003	0.0004	0.0004	0.0001	0.0002	0.0002	0.0000	0.0003	0.0002	0.0000	0.0346	0.0196	0.0149	0.0067	0.0059	0.0009	0.0278	0.0137	0.0141	0.0000	0.0000	0.0000	0.0000	0.0000	0.0000	0.0000	0.0000	0.0000	0.0081	0.0000	0.0187	0.0000	0.0000	0.0000	0.0101	0.0000	0.0199			
84	113	0.1921	8	1	1	1	1	0	0	0	0	N	N	N	N	N	N	N	N	N	N	N	N	0.0001	0.3997	0.0000	0.0000	0.0000	0.0000	0.0001	inf	0.0000	0.0004	0.0004	0.0000	0.0000	0.0000	0.0000	0.0005	0.0006	0.0000	3.7598	0.0011	14.0947	0.0113	0.0023	0.0518	4.4979	0.0000	15.1754	0.0000	11858.1533	-0.0001	0.3673	20.4085	8.6942	11.0867	6.0502	0.0003	0.0003	0.0000	0.0000	0.0000	0.0000	0.0003	0.0003	0.0000	0.9886	0.0001	0.9885	0.0003	0.0001	0.0003	0.9883	0.0000	0.9883	0.8368	0.7270	0.1098	0.2108	0.1856	0.0252	0.6259	0.5414	0.0846	0.2629	0.1417	0.1212	0.0432	0.0369	0.0063	0.2197	0.1049	0.1149	0.0001	0.7249	0.0000	0.0000	0.0000	0.0000	0.0001	inf	0.0000	3.7598	0.0006	8.1553	0.0077	0.0023	0.0396	4.4979	0.0000	8.6036
84	114	0.2132	12	0	1	1	1	0	0	0	0	N	N	N	N	N	N	N	N	N	N	N	N	0.0000	0.0000	0.0000	0.0000	0.0000	0.0000	0.0000	0.0000	0.0000	0.0000	0.0000	0.0000	0.0000	5.8703	0.0000	18.9346	0.0000	0.0000	0.0000	10.3591	0.0000	21.2622	inf	0.0000	0.0000	20.4085	0.0001	11.0867	0.0001	0.0000	0.0000	0.0000	0.0000	0.0000	0.0000	0.0000	0.0000	0.0000	0.0001	0.0000	0.0001	0.0000	0.0000	0.0000	0.0001	0.0000	0.0001	0.0000	0.0000	0.0000	0.0000	0.0000	0.0000	0.0000	0.0000	0.0000	0.0000	0.0000	0.0000	0.0000	0.0000	0.0000	0.0000	0.0000	0.0000	0.0000	0.0000	0.0000	0.0000	0.0000	0.0000	0.0000	0.0000	0.0000	5.8703	0.0000	11.9500	0.0000	0.0000	0.0000	10.3591	0.0000	12.0838						
84	115	0.2065	11	0	1	1	1	0	0	0	0	N	N	N	N	N	N	N	N	N	N	N	N	0.0000	0.0000	0.0000	0.0000	0.0000	0.0000	0.0000	0.0000	0.0000	0.0000	0.0000	0.0000	0.0000	0.0000	0.0000	0.0000	14.6017	0.0000	46.9144	0.0000	0.0000	0.0000	17.3699	0.0000	47.3724	28476354.2443	0.0000	0.3712	20.4085	3.0007	11.0867	1.0012	0.0000	0.0000	0.0000	0.0000	0.0000	0.0000	0.0000	0.0000	0.0000	0.9989	0.0000	0.9989	0.0000	0.0000	0.0000	0.9989	0.0000	0.9989	0.2557	0.2245	0.0312	0.0425	0.0401	0.0024	0.2133	0.1844	0.0289	0.0684	0.0366	0.0318	0.0109	0.0091	0.0018	0.0575	0.0276	0.0299	0.0000	0.0000	0.0000	0.0000	0.0000	0.0000	0.0000	0.0000	0.0000	14.6017	0.0000	31.4402	0.0000	0.0000	0.0000	17.3699	0.0000	33.3680			
84	116	0.2047	10	0	0	1	1	0	0	0	0	N	N	N	N	N	N	N	N	N	N	N	N	0.0000	0.0000	0.0000	0.0000	0.0000	0.0000	0.0000	0.0000	0.0000	0.0000	0.0000	0.0000	0.0000	0.0000	0.0000	0.0000	0.3295	0.0099	0.1428	0.0155	0.0206	0.0000	0.4083	0.0000	0.1356	13.0047	0.0000	0.0001	20.4085	1.1177	11.0867	0.0023	0.0000	0.0000	0.0000	0.0000	0.0000	0.0000	0.0000	0.0000	0.0000	0.0004	0.0000	0.0004	0.0000	0.0000	0.0000	0.0004	0.0000	0.0004	0.1004	0.0885	0.0119	0.0204	0.0193	0.0011	0.0800	0.0691	0.0109	0.0193	0.0103	0.0090	0.0031	0.0025	0.0005	0.0162	0.0078	0.0084	0.0000	0.0000	0.0000	0.0000	0.0000	0.0000	0.0000	0.0000	0.0000	0.0218	0.0029	0.0435	0.0098	0.0118	0.0000	0.0241	0.0000	0.0462			
84	117	0.2017	6	0	1	1	0	0	0	0	0	N	N	N	N	N	N	N	N	N	N	N	N	0.4300	2.9232	0.0000	0.0048	0.0063	0.0000	0.4448	224524.8881	0.0000	0.8789	0.9896	0.0000	0.0017	0.0018	0.0000	1.1134	1.2773	0.0000	2.0438	0.3385	8.2411	0.3474	0.2786	0.2513	2.5029	0.0000	9.2310	0.0000	186.1656	-0.6696	0.7311	20.4085	31.2782	11.0867	23.9277	2.3321	2.3321	0.0000	0.0009	0.0009	0.0000	2.3312	2.3312	0.0000	1.9960	0.0107	1.9853	0.0133	0.0107	0.0026	1.9827	0.0000	1.9827	2.6535	2.3566	0.2970	0.5597	0.5315	0.0283	2.0938	1.8251	0.2687	0.9766	0.5379	0.4387	0.1844	0.1625	0.0219	0.7922	0.3753	0.4168	0.4300	49.9152	0.0000	0.0230	0.0267	0.0000	0.4448	319611704.6556	0.0000	2.0438	0.0198	4.5254	0.0721	0.0656	0.1204	2.5029	0.0000	4.7567
84	118	0.2047	10	0	0	2	1	0	0	0	0	N	N	Y	N	N	N	N	N	N	N	N	N	0.0000	0.0000	0.0000	0.0000	0.0000	0.0000	0.0000	0.0000	0.0000	0.0000	0.0000	0.0000	0.0000	0.0003	0.0008	0.0000	0.0016	0.0020	0.0000	0.0000	0.0000	0.0000	0.0000	0.0000	-0.0000	20.4085	3.8827	11.0867	2.9998	0.0000	0.0000	0.0000	0.0000	0.0000	0.0000	0.0000	0.0000	0.0000	0.0000	0.0000	0.0000	0.0000	0.0000	0.0000	0.0000	0.0000	0.0000	0.3348	0.2943	0.0405	0.0591	0.0559	0.0032	0.2756	0.2383	0.0373	0.1167	0.0625	0.0543	0.0185	0.0153	0.0031	0.0983	0.0471	0.0511	0.0000	0.0000	0.0000	0.0000	0.0000	0.0000	0.0000	0.0000	0.0000	0.0003	0.0005	0.0000	0.0016	0.0020	0.0000	0.0000	0.0000	0.0000						
84	119	0.2018	9	0	0	1	1	0	0	0	0	N	N	N	N	N	N	N	N	N	N	N	N	0.0498	0.0345	0.0000	0.0746	0.0606	0.0000	0.0000	0.0003	0.0003	0.0000	0.0010	0.0011	0.0000	0.0000	0.0000	0.0000	0.0054	0.0088	0.0013	0.0139	0.0181	0.0000	0.0027	0.0000	0.0014	0.0000	0.4286	-0.0000	-0.0000	20.4085	2.8083	11.0867	0.0030	0.0001	0.0001	0.0000	0.0001	0.0001	0.0000	0.0000	0.0000	0.0000	0.0001	0.0001	0.0000	0.0001	0.0001	0.0000	0.0000	0.0000	0.0000	0.2960	0.2633	0.0327	0.0769	0.0730	0.0039	0.2191	0.1903	0.0288	0.0487	0.0260	0.0227	0.0078	0.0065	0.0013	0.0409	0.0195	0.0214	0.1316	0.1127	0.0000	0.1153	0.1012	0.0000	0.0000	0.0000	0.0000	0.0021	0.0027	0.0013	0.0090	0.0108	0.0000	0.0007	0.0000	0.0014		
84	120	0.2018	9	0	0	2	1	0	0	0	0	N	N	Y	N	N	N	N	N	N	N	N	N	3738.5694	1525.4870	0.0000	0.0000	0.0000	282878773.4670	inf	0.0000	2.3251	2.6364	0.0000	0.0000	0.0000	0.0000	2.8773	3.3198	0.0000	0.0006	0.0017	0.0000	0.0027	0.0035	0.0000	0.0000	0.0000	0.0000	0.0000	0.0000	-0.5742	-0.0000	20.4085	9.6158	11.0867	0.0030	1.9997	1.9997	0.0000	0.0000	0.0000	0.0000	1.9997	1.9997	0.0000	0.0001	0.0001	0.0000	0.0001	0.0001	0.0000	0.0000	0.0000	0.0000	0.8601	0.7585	0.1016	0.1651	0.1561	0.0089	0.6950	0.6024	0.0926	0.1634	0.0870	0.0764	0.0257	0.0214	0.0044	0.1376	0.0656	0.0720	5429.2417	3278.3485	0.0000	0.0000	0.0000	0.0000	282878773.4670	inf	0.0000	0.0004	0.0008	0.0000	0.0027	0.0033	0.0000	0.0000	0.0000	0.0000	
84	121	0.1921	8	0	0	1	1	0	0	0	0	N	N	N	N	N	N	N	N	N	N	N	N	0.0010	0.0009	0.0000	0.0000	0.0000	0.0000	0.0042	inf	0.0000	0.0008	0.0010	0.0000	0.0000	0.0000	0.0000	0.0013	0.0015	0.0000	0.8102	1.0584	0.1174	1.9465	1.9798	0.1730	0.2990	0.0000	0.0922	0.0000	0.1708	-0.0001	-0.0072	20.4085	4.2457	11.0867	2.0144	0.0004	0.0004	0.0000	0.0000	0.0000	0.0000	0.0004	0.0004	0.0000	0.0149	0.0127	0.0022	0.0130	0.0127	0.0003	0.0019	0.0000	0.0019	0.4721	0.4069	0.0652	0.1620	0.1389	0.0231	0.3102	0.2681	0.0421	0.1218	0.0669	0.0550	0.0228	0.0201	0.0028	0.0990	0.0468	0.0522	0.0068	0.0050	0.0000	0.0000	0.0000	0.0000	0.0649	inf	0.0000	0.1221	0.1901	0.0395	0.5680	0.6336	0.0910	0.0194	0.0000	0.0368
84	122	0.1500	7	0	0	1	1	0	0	0	0	N	N	N	N	N	N	N	N	N	N	N	N	0.3730	107.0016	0.0000	0.0010	0.0014	0.0000	0.4201	22.3221	0.0000	0.8779	1.0073	0.0000	0.0000	0.0000	0.0000	1.1163	1.2895	0.0000	2.3538	0.0094	9.1911	0.0174	0.0145	0.0187	2.6570	0.0578	10.0325	0.0000	1602.4579	-0.2830	0.3748	20.4085	11.9190	11.0867	13.1740	0.9856	0.9856	0.0000	0.0000	0.0000	0.0000	0.9856	0.9856	0.0000	1.0103	0.0006	1.0097	0.0005	0.0004	0.0001	1.0098	0.0002	1.0095	1.1228	0.9785	0.1442	0.2398	0.2141	0.0257	0.8829	0.7644	0.1186	0.4292	0.2229	0.2064	0.0492	0.0417	0.0075	0.3800	0.1812	0.1988	0.3730	356.2774	0.0000	0.0017	0.0022	0.0000	0.4201	935.7587	0.0000	2.3538	0.0028	4.8928	0.0106	0.0091	0.0187	2.6570	0.0014	5.0770
84	123	0.5769	11	0	0	2	1	0	0	0	0	N	N	Y	N	N	N	N	N	N	N	N	N	427.1238	173953377.0839	0.0000	953.7112	110467228.6694	0.0000	306.0964	inf	0.0000	1.7799	1.9820	0.0000	2.4395	2.5745	0.0000	1.3996	1.6096	0.0000	0.0042	0.0000	0.0055	0.0026	0.0000	0.0163	0.0046	0.0000	0.0022	0.0000	241627.1875	-0.5728	0.0001	20.4085	12.8936	11.0867	4.1514	1.9949	1.9949	0.0000	1.0000	1.0000	0.0000	0.9949	0.9949	0.0000	0.0004	0.0000	0.0004	0.0002	0.0000	0.0002	0.0002	0.0000	0.0002	1.1208	1.0065	0.1143	0.4099	0.3884	0.0215	0.7109	0.6181	0.0928	0.2351	0.1404	0.0947	0.0814	0.0687	0.0127	0.1537	0.0718	0.0819	1082.3226	173953377.0839	0.0000	953.7112	110467228.6694	0.0000	1205.6002	inf	0.0000	0.0016	0.0000	0.0041	0.0026	0.0000	0.0163	0.0012	0.0000	0.0022
84	124	0.1653	8	0	1	1	0	0	0	0	0	N	N	N	N	N	N	N	N	N	N	N	N	0.3462	3.8846	0.0000	0.0048	0.0045	0.0000	0.3570	187657.4490	0.0000	0.8993	1.0225	0.0000	0.0014	0.0015	0.0000	1.0673	1.2315	0.0000	2.5974	0.2632	10.1902	0.2992	0.3359	0.0084	2.9896	0.0000	11.3258	0.0000	307.5579	-0.2872	0.3647	20.4085	12.7386	11.0867	8.7370	1.0001	1.0001	0.0000	0.0002	0.0002	0.0000	0.9999	0.9999	0.0000	0.9899	0.0032	0.9867	0.0033	0.0032	0.0001	0.9866	0.0000	0.9866	1.1121	0.9781	0.1341	0.1753	0.1661	0.0092	0.9368	0.8119	0.1249	0.3811	0.1992	0.1819	0.0511	0.0443	0.0068	0.3300	0.1550	0.1750	0.3462	63.5016	0.0000	0.0223	0.0208	0.0000	0.3570	127230225.1701	0.0000	2.5974	0.0161	5.4247	0.0639	0.0725	0.0084	2.9896	0.0000	5.6363
84	125	0.1500	7	0	1	1	0	0	0	0	0	N	N	N	N	N	N	N	N	N	N	N	N	0.0220	0.0760	0.0000	0.2133	0.2158	0.0000	0.0006	0.0529	0.0000	0.0165	0.0190	0.0000	0.0660	0.0747	0.0000	0.0005	0.0006	0.0000	0.7501	0.2499	1.4312	0.3094	0.3460	0.0190	0.8646	0.0110	1.3715	0.0000	10.8502	-0.0041	0.0051	20.4085	8.6431	11.0867	1.4782	0.0143	0.0143	0.0000	0.0139	0.0139	0.0000	0.0003	0.0003	0.0000	0.0177	0.0015	0.0163	0.0015	0.0015	0.0001	0.0162	0.0000	0.0162	0.8623	0.7501	0.1122	0.2110	0.1865	0.0245	0.6513	0.5636	0.0877	0.1836	0.0957	0.0879	0.0231	0.0199	0.0032	0.1606	0.0758	0.0847	0.1710	1.2140	0.0000	0.9968	1.0125	0.0000	0.0050	1.3932	0.0000	0.0967	0.0156	0.1849	0.0662	0.0737	0.0190	0.1010	0.0004	0.1911
84	126	0.1404	6	0	0	1	0	0	0	0	0	N	N	N	N	N	N	N	N	N	N	N	N	0.0969	4.2966	0.0000	4.4153	11.7878	0.0000	0.0512	0.6216	0.0000	0.0594	0.0670	0.0000	0.1405	0.1455	0.0000	0.0379	0.0438	0.0000	0.6129	0.0156	0.9128	0.0318	0.0123	0.3571	0.7408	0.0705	0.7348	0.0000	23.6967	-0.0078	0.0030	20.4085	4.1618	11.0867	2.0491	0.0272	0.0272	0.0000	0.0135	0.0135	0.0000	0.0137	0.0137	0.0000	0.0089	0.0004	0.0086	0.0006	0.0003	0.0003	0.0083	0.0001	0.0083	0.4579	0.4059	0.0520	0.0957	0.0924	0.0033	0.3622	0.3135	0.0487	0.1592	0.0901	0.0691	0.0366	0.0344	0.0022	0.1226	0.0557	0.0669	1.0568	16.6625	0.0000	8.4882	18.0249	0.0000	0.5579	28.8326	0.0000	0.0562	0.0040	0.1242	0.0165	0.0081	0.1496	0.0680	0.0015	0.1234
84	127	0.1113	5	0	0	1	0	0	0	0	0	N	N	N	N	N	N	N	N	N	N	N	N	1.5232	976.3433	0.0000	0.0000	0.0000	0.0000	1.4683	85.2394	0.0000	1.2583	1.4429	0.0000	0.0000	0.0000	0.0000	1.4159	1.6369	0.0000	0.8261	0.0015	2.0920	0.0704	0.0009	0.7017	0.9643	0.0192	1.9588	0.0000	329.4281	-0.2910	0.0169	20.4085	9.4810	11.0867	7.4917	1.0136	1.0136	0.0000	0.0000	0.0000	0.0000	1.0136	1.0136	0.0000	0.0458	0.0001	0.0457	0.0015	0.0000	0.0015	0.0443	0.0001	0.0442	0.8055	0.7025	0.1030	0.0897	0.0833	0.0064	0.7159	0.6192	0.0967	0.3470	0.1887	0.1583	0.0511	0.0448	0.0063	0.2959	0.1440	0.1520	9.5246	1962.6391	0.0000	0.0000	0.0000	0.0000	9.4510	2443.2761	0.0000	0.1321	0.0007	0.2888	0.0295	0.0009	0.2325	0.1498	0.0007	0.2911
84	128	0.5892	12	1	1	1	0	0	0	0	0	N	N	N	N	N	N	N	N	N	N	N	N	inf	inf	inf	inf	0.0439	0.0492	0.0000	0.1219	0.1293	0.0000	0.0000	0.0000	0.0000	0.0000	0.0000	0.0000	0.0000	0.0000	0.0000	0.0000	0.0000	0.0000	0.0000	-0.0021	0.0000	20.4085	2.0107	11.0867	1.9995	0.0072	0.0072	0.0000	0.0072	0.0072	0.0000	0.0000	0.0000	0.0000	0.0000	0.0000	0.0000	0.0000	0.0000	0.0000	0.0000	0.0000	0.0000	0.1637	0.1460	0.0177	0.0590	0.0556	0.0034	0.1047	0.0904	0.0143	0.0523	0.0318	0.0204	0.0192	0.0161	0.0030	0.0331	0.0157	0.0174	inf	inf	0.0000	inf	inf	0.0000	0.0000	0.0000	0.0000	0.0000	0.0000	0.0000	0.0000	0.0000	0.0000	0.0000	0.0000	0.0000						
84	129	0.5769	11	1	1	1	0	0	0	0	0	N	N	N	N	N	N	N	N	N	N	N	N	1326258.9815	872533.5631	496657.6823	446759.7378	inf	inf	0.0221	0.0244	0.0000	0.0231	0.0243	0.0000	0.0214	0.0246	0.0000	0.0000	0.0000	0.0000	0.0000	0.0000	0.0000	0.0000	0.0000	0.0000	0.0000	0.0000	-0.0035	-0.0000	20.4085	5.6459	11.0867	1.1399	0.0122	0.0122	0.0000	0.0050	0.0050	0.0000	0.0072	0.0072	0.0000	0.0000	0.0000	0.0000	0.0000	0.0000	0.0000	0.0000	0.0000	0.0000	0.5505	0.4974	0.0530	0.2162	0.2061	0.0101	0.3342	0.2913	0.0429	0.1021	0.0607	0.0414	0.0365	0.0313	0.0052	0.0656	0.0294	0.0362	1326258.9815	872533.5631	0.0000	496657.6823	446759.7378	0.0000	inf	inf	0.0000	0.0000	0.0000	0.0000	0.0000	0.0000	0.0000	0.0000	0.0000	0.0000			
84	130	0.5466	10	0	0	1	0	0	0	0	0	N	N	N	N	N	N	N	N	N	N	N	N	0.8944	5.3649	0.0113	10.7222	16.0422	0.0103	0.0733	679.4547	0.0144	0.0365	0.0407	0.0004	0.0802	0.0849	0.0001	0.0071	0.0082	0.0004	0.0408	0.0076	0.0329	0.0075	0.0053	0.0137	0.0973	0.0000	0.0300	0.0011	4.6012	-0.0124	0.0004	20.4085	11.6079	11.0867	5.3766	0.0435	0.0434	0.0000	0.0384	0.0384	0.0000	0.0051	0.0050	0.0000	0.0023	0.0004	0.0019	0.0006	0.0004	0.0002	0.0017	0.0000	0.0017	1.1914	1.0657	0.1257	0.4786	0.4519	0.0267	0.7127	0.6138	0.0990	0.2926	0.1733	0.1193	0.1050	0.0921	0.0130	0.1876	0.0813	0.1063	4.6580	17.2582	0.0236	14.3631	19.1054	0.0103	0.7846	268901.2691	0.0270	0.0078	0.0024	0.0158	0.0056	0.0044	0.0137	0.0091	0.0000	0.0160
84	131	0.5287	9	0	0	1	0	0	0	0	0	N	N	N	N	N	N	N	N	N	N	N	N	0.2674	0.3285	0.6512	1.8984	3.1080	0.5144	0.1879	0.0785	0.7948	0.1830	0.1052	0.8708	0.2234	0.2278	0.1335	0.1583	0.0227	1.0252	0.6842	0.3204	1.3373	0.1177	0.0733	0.2595	0.8422	0.2891	1.2899	0.9349	5.1002	0.0153	0.0043	20.4085	3.9355	11.0867	8.7078	0.0778	0.0402	0.0376	0.0360	0.0350	0.0010	0.0418	0.0052	0.0366	0.0207	0.0034	0.0173	0.0043	0.0031	0.0012	0.0164	0.0003	0.0161	0.4253	0.3821	0.0432	0.1613	0.1538	0.0075	0.2640	0.2283	0.0357	0.2832	0.1828	0.1004	0.1094	0.0992	0.0101	0.1738	0.0835	0.0903	2.5049	5.6742	5.0538	5.6698	7.3617	1.0893	1.6798	5.9289	5.7636	0.0730	0.0185	0.1723	0.0394	0.0309	0.1225	0.0942	0.0038	0.1779
84	132	0.5171	8	0	0	1	0	0	0	0	0	N	N	N	N	N	N	N	N	N	N	N	N	0.1390	0.0897	0.2214	0.1577	0.1595	0.4083	0.1006	0.0443	0.2650	0.1249	0.0846	0.4780	0.1630	0.1656	0.1092	0.1027	0.0325	0.5535	0.8985	0.9425	2.1590	1.0332	1.0384	0.2676	1.0210	0.7348	2.0890	0.6462	1.4062	0.0087	-0.0019	20.4085	6.2657	11.0867	3.9760	0.0824	0.0500	0.0323	0.0396	0.0383	0.0013	0.0428	0.0117	0.0311	0.0439	0.0183	0.0257	0.0183	0.0172	0.0011	0.0256	0.0011	0.0245	0.6595	0.5918	0.0676	0.2427	0.2312	0.0115	0.4167	0.3606	0.0562	0.2281	0.1423	0.0858	0.0885	0.0796	0.0089	0.1396	0.0628	0.0768	0.6484	0.6590	1.5965	0.7862	0.7660	0.8570	0.5603	1.9283	1.7329	0.1927	0.1283	0.2994	0.2073	0.2163	0.1275	0.1834	0.0169	0.3194
84	133	0.4398	7	0	0	1	0	0	0	0	0	N	N	N	N	N	N	N	N	N	N	N	N	2.0904	0.0655	4.5911	2.0505	0.2693	42.0882	2.1352	0.4182	4.6895	2.8156	0.0310	25.5119	0.6624	0.0704	10.6336	3.8169	0.0111	28.4054	1.3469	0.4737	5.5568	0.3231	0.2613	0.2527	1.7876	0.0265	6.0573	100.8633	60.0544	4.7102	0.3363	20.4085	26.7012	11.0867	18.2690	6.6997	0.0658	6.6339	0.5004	0.0502	0.4502	6.1993	0.0156	6.1837	0.9465	0.0155	0.9310	0.0188	0.0153	0.0035	0.9277	0.0002	0.9275	2.3795	2.1195	0.2600	0.7554	0.7130	0.0423	1.6242	1.4065	0.2177	0.8635	0.5179	0.3456	0.2748	0.2458	0.0290	0.5887	0.2721	0.3166	2.5686	1.0366	9.4710	9.6875	1.1327	87.7479	2.4221	13.0175	9.6956	1.0961	0.0299	2.6937	0.0684	0.0621	0.1212	1.5759	0.0009	2.9297
84	134	0.2017	6	0	0	1	0	0	0	0	0	N	N	N	N	N	N	N	N	N	N	N	N	0.5923	0.2257	1.3839	0.5575	0.3471	2952.9551	0.5683	0.1236	1.1580	1.4577	0.3712	10.0472	2.4336	1.7091	15.1549	1.2201	0.0183	9.5174	2.4609	1.6448	7.2600	4.3654	4.9242	0.0051	2.1471	0.1481	8.2188	3.4239	2.8516	3.3096	0.4607	20.4085	61.4372	11.0867	55.8589	6.7985	1.5368	5.2617	2.2226	1.4768	0.7458	4.5759	0.0600	4.5159	4.1126	1.0678	3.0448	1.0664	1.0662	0.0002	3.0462	0.0015	3.0447	4.6638	4.1401	0.5237	0.9133	0.8641	0.0492	3.7506	3.2761	0.4745	1.6712	0.9008	0.7704	0.2524	0.2165	0.0359	1.4188	0.6843	0.7345	0.5923	0.3132	2.5420	0.5760	0.3471	2952.9551	0.5683	8.1824	2.2960	2.4609	1.1853	3.9525	4.2251	4.9242	0.0051	2.1471	0.0022	4.1453
84	135	0.1113	5	0	0	1	0	0	0	0	0	N	N	N	N	N	N	N	N	N	N	N	N	0.8874	19.5475	0.0007	0.1232	0.5998	0.0000	0.8488	1.9206	0.0008	0.6552	0.7487	0.0010	0.0059	0.0063	0.0000	0.7345	0.8460	0.0011	0.7383	0.0383	1.4157	0.0477	0.0105	0.1810	0.8653	0.4405	1.3122	0.0002	26.3567	-0.4792	0.0271	20.4085	31.7621	11.0867	18.5886	1.6701	1.6698	0.0003	0.0016	0.0016	0.0000	1.6685	1.6682	0.0003	0.0808	0.0030	0.0778	0.0022	0.0006	0.0016	0.0786	0.0024	0.0762	2.5492	2.2304	0.3188	0.2775	0.2586	0.0189	2.2717	1.9718	0.2999	0.8766	0.4526	0.4241	0.1003	0.0831	0.0172	0.7763	0.3694	0.4069	7.1117	114.7740	0.0055	0.2671	0.8891	0.0000	7.2586	132.2834	0.0057	0.0921	0.0065	0.1835	0.0220	0.0071	0.0941	0.1012	0.0064	0.1873
85	89	0.1254	6	0	1	1	0	0	0	0	0	N	N	N	N	N	N	N	N	N	N	N	N	2.7288	2.1726	3.6241	1.7881	1.7034	4.3878	4.3210	27.0165	3.0120	0.0112	0.0121	0.0047	0.0124	0.0129	0.0069	0.0105	0.0115	0.0039	0.0041	0.0056	0.0013	0.0069	0.0076	0.0016	0.0024	0.0004	0.0013	0.0521	0.5424	-0.0009	-0.0000	3.1287	15.4622	1.1816	5.2688	0.0037	0.0035	0.0002	0.0016	0.0015	0.0001	0.0021	0.0020	0.0001	0.0001	0.0001	0.0000	0.0001	0.0001	0.0000	0.0000	0.0000	0.0000	0.3302	0.2917	0.0386	0.1281	0.1171	0.0109	0.2022	0.1745	0.0277	0.0660	0.0371	0.0289	0.0136	0.0124	0.0012	0.0525	0.0247	0.0277	6.8683	6.4063	3.6241	2.3457	2.2880	4.3878	15.2039	6207.8323	3.0120	0.0016	0.0019	0.0013	0.0053	0.0056	0.0016	0.0007	0.0000	0.0013
85	90	0.1137	5	0	0	1	0	0	0	0	0	N	N	N	N	N	N	N	N	N	N	N	N	17.5719	12.1021	18.8410	12.2445	12.9340	26.0979	31.0685	17.4606	53.4562	0.3411	0.3897	0.1113	0.2810	0.3458	0.0672	0.4189	0.4382	0.2448	0.0194	0.0322	0.0059	0.0230	0.0267	0.0026	0.0135	0.0251	0.0046	0.0604	0.5042	-0.0265	-0.0001	3.1287	7.5917	1.1816	1.5198	0.1152	0.1086	0.0066	0.0536	0.0506	0.0030	0.0616	0.0580	0.0036	0.0002	0.0001	0.0001	0.0001	0.0001	0.0000	0.0001	0.0000	0.0001	0.3376	0.2787	0.0589	0.1906	0.1463	0.0443	0.1471	0.1324	0.0146	0.0342	0.0198	0.0144	0.0087	0.0078	0.0009	0.0255	0.0121	0.0134	63.9832	63.7615	26.1676	21.4460	24.1300	26.0979	155.6073	531.2451	56.0685	0.0053	0.0061	0.0043	0.0131	0.0143	0.0026	0.0027	0.0008	0.0044
85	91	0.2229	9	1	0	2	0	0	0	0	0	N	N	Y	N	N	N	N	N	N	N	N	N	inf	inf	inf	inf	inf	inf	0.0028	0.0031	0.0000	0.0067	0.0073	0.0000	0.0000	0.0000	0.0000	0.0000	0.0000	0.0000	0.0000	0.0000	0.0000	0.0000	0.0000	0.0000	0.0000	-0.0000	0.0000	3.1287	3.0317	1.1816	0.1644	0.0002	0.0002	0.0000	0.0002	0.0002	0.0000	0.0000	0.0000	0.0000	0.0000	0.0000	0.0000	0.0000	0.0000	0.0000	0.0000	0.0000	0.0000	0.0574	0.0511	0.0063	0.0237	0.0220	0.0017	0.0338	0.0291	0.0046	0.0082	0.0046	0.0035	0.0017	0.0015	0.0002	0.0065	0.0032	0.0033	inf	inf	0.0000	inf	inf	0.0000	inf	inf	0.0000	0.0000	0.0000	0.0000	0.0000	0.0000	0.0000	0.0000	0.0000	0.0000				
85	92	0.2171	8	1	0	2	0	0	0	0	0	N	N	Y	N	N	N	N	N	N	N	N	N	0.0028	0.2719	0.0000	0.0020	0.2013	0.0000	0.0047	0.0029	0.0000	0.0000	0.0000	0.0000	0.0000	0.0000	0.0000	0.0000	0.0000	0.0000	0.0021	0.0000	0.0023	0.0052	0.0001	0.0532	0.0001	0.0003	0.0001	0.0000	88.3821	-0.0000	0.0000	3.1287	2.6632	1.1816	1.0147	0.0000	0.0000	0.0000	0.0000	0.0000	0.0000	0.0000	0.0000	0.0000	0.0000	0.0000	0.0000	0.0000	0.0000	0.0000	0.0000	0.0000	0.0000	0.0657	0.0593	0.0063	0.0337	0.0316	0.0021	0.0320	0.0278	0.0042	0.0099	0.0057	0.0042	0.0021	0.0019	0.0002	0.0078	0.0038	0.0039	0.0058	0.3317	0.0000	0.0024	0.2013	0.0000	0.0130	0.8446	0.0000	0.0010	0.0000	0.0023	0.0044	0.0001	0.0406	0.0001	0.0000	0.0001
85	93	0.1339	7	1	0	2	0	0	0	0	0	N	N	Y	N	N	N	N	N	N	N	N	N	0.0091	0.1429	0.0000	0.0168	0.1204	0.0000	0.0071	0.0742	0.0000	0.0004	0.0004	0.0000	0.0004	0.0004	0.0000	0.0004	0.0004	0.0000	0.0403	0.0029	0.0336	0.0231	0.0034	0.1750	0.0498	0.0055	0.0205	0.0000	11.0930	-0.0001	0.0003	3.1287	35.0787	1.1816	12.2568	0.0002	0.0002	0.0000	0.0001	0.0001	0.0000	0.0001	0.0001	0.0000	0.0009	0.0001	0.0009	0.0003	0.0001	0.0002	0.0006	0.0000	0.0006	0.6705	0.5990	0.0715	0.2526	0.2365	0.0161	0.4179	0.3625	0.0554	0.1207	0.0678	0.0529	0.0234	0.0207	0.0026	0.0973	0.0471	0.0502	0.0468	0.3559	0.0000	0.0293	0.1265	0.0000	0.0541	1.8945	0.0000	0.0078	0.0011	0.0163	0.0132	0.0033	0.0912	0.0065	0.0002	0.0124
85	94	0.1204	6	1	0	1	0	0	0	0	0	N	N	N	N	N	N	N	N	N	N	N	N	0.0012	0.0013	0.0001	0.0012	0.0019	0.0000	0.0032	0.0627	0.0001	0.0004	0.0004	0.0000	0.0005	0.0005	0.0000	0.0004	0.0004	0.0000	0.3396	0.3258	0.0659	0.3891	0.2568	0.6155	0.1122	0.0065	0.0350	0.0009	1.1420	-0.0000	-0.0001	3.1287	8.4810	1.1816	2.3446	0.0001	0.0001	0.0000	0.0000	0.0000	0.0000	0.0000	0.0000	0.0000	0.0007	0.0003	0.0004	0.0005	0.0003	0.0001	0.0002	0.0000	0.0002	0.2066	0.1860	0.0206	0.0815	0.0772	0.0043	0.1251	0.1088	0.0163	0.0307	0.0173	0.0134	0.0059	0.0052	0.0006	0.0249	0.0121	0.0128	0.0175	0.0235	0.0001	0.0059	0.0079	0.0000	0.0367	1.6044	0.0002	0.0226	0.0187	0.0277	0.0777	0.0615	0.2126	0.0097	0.0003	0.0186
85	95	0.0577	4	0	1	1	1	0	0	0	0	N	N	N	N	N	N	N	N	N	N	N	N	418.8475	264.1498	0.0000	541.4431	486.0877	1.1243	0.2937	0.0000	0.8519	0.9651	0.0000	2.9116	3.1474	0.0000	0.0012	0.0014	0.0000	0.0020	0.0037	0.0005	0.0054	0.0065	0.0000	0.0011	0.0049	0.0005	0.0000	0.3035	-0.1086	-0.0001	3.1287	24.0032	1.1816	22.6134	0.3782	0.3782	0.0000	0.3778	0.3778	0.0000	0.0004	0.0004	0.0000	0.0001	0.0001	0.0000	0.0001	0.0001	0.0000	0.0000	0.0000	0.0000	0.4439	0.3919	0.0521	0.1298	0.1200	0.0097	0.3142	0.2718	0.0424	0.1333	0.0729	0.0603	0.0202	0.0179	0.0022	0.1131	0.0550	0.0581	859.2446	694.5953	0.0000	642.4664	617.0759	0.0000	3.4464	7.9192	0.0000	0.0010	0.0014	0.0005	0.0045	0.0051	0.0000	0.0004	0.0002	0.0005	
85	96	0.4751	8	0	1	1	0	0	0	0	0	N	N	N	N	N	N	N	N	N	N	N	N	0.0071	0.0036	0.0000	0.0317	0.0303	0.0000	0.0030	0.0002	0.0000	0.0001	0.0001	0.0000	0.0001	0.0001	0.0000	0.0001	0.0001	0.0000	0.0135	0.0295	0.0012	0.0024	0.0026	0.0005	0.0368	0.5827	0.0013	0.0000	0.1164	-0.0000	-0.0002	3.1287	18.5150	1.1816	10.2301	0.0000	0.0000	0.0000	0.0000	0.0000	0.0000	0.0000	0.0000	0.0000	0.0003	0.0003	0.0000	0.0001	0.0001	0.0000	0.0003	0.0002	0.0000	0.3174	0.2851	0.0323	0.1384	0.1309	0.0075	0.1790	0.1542	0.0248	0.0792	0.0506	0.0286	0.0296	0.0261	0.0034	0.0497	0.0245	0.0251	0.0228	0.0181	0.0000	0.0317	0.0303	0.0000	0.0211	0.0138	0.0000	0.0042	0.0059	0.0012	0.0024	0.0026	0.0005	0.0053	0.0094	0.0013
85	97	0.0868	5	0	1	1	0	0	0	0	0	N	N	N	N	N	N	N	N	N	N	N	N	0.2741	0.1721	0.0000	0.0000	0.0000	0.0000	8.1193	76.5127	0.0000	1.1895	1.3415	0.0000	0.0004	0.0004	0.0000	1.7078	1.9674	0.0000	4.3402	7.7939	0.0624	27.2096	30.1893	0.0066	0.2103	0.0257	0.0543	0.0000	0.0028	-0.2792	-0.5106	3.1287	46.1140	1.1816	26.4917	0.9722	0.9722	0.0000	0.0001	0.0001	0.0000	0.9721	0.9721	0.0000	0.8161	0.8139	0.0022	0.8139	0.8138	0.0000	0.0023	0.0001	0.0022	0.8173	0.7247	0.0926	0.2481	0.2306	0.0175	0.5692	0.4941	0.0751	0.1880	0.1044	0.0836	0.0299	0.0270	0.0030	0.1581	0.0775	0.0807	0.2741	0.1721	0.0000	0.0000	0.0000	0.0000	118.2503	2355.6596	0.0000	4.3402	7.7939	0.0268	27.2096	30.1893	0.0066	0.0144	0.0008	0.0275
85	98	0.5280	10	0	1	1	0	0	0	0	0	N	N	N	N	N	N	N	N	N	N	N	N	0.3534	0.1010	249.4857	0.5927	0.2764	322.4757	0.0000	0.0000	0.0000	0.0007	0.0004	0.0029	0.0016	0.0009	0.0127	0.0000	0.0000	0.0000	0.0019	0.0042	0.0000	0.0027	0.0034	0.0000	0.0000	0.0004	0.0000	0.7605	0.0048	0.0000	-0.0000	3.1287	20.7840	1.1816	8.9470	0.0002	0.0001	0.0001	0.0002	0.0001	0.0001	0.0000	0.0000	0.0000	0.0001	0.0001	0.0000	0.0001	0.0001	0.0000	0.0000	0.0000	0.0000	0.3265	0.2933	0.0332	0.1394	0.1319	0.0074	0.1872	0.1614	0.0257	0.0608	0.0367	0.0241	0.0216	0.0175	0.0041	0.0392	0.0192	0.0200	0.7108	0.2728	249.4857	0.5927	0.2893	322.4757	0.0000	0.0000	0.0000	0.0009	0.0016	0.0000	0.0027	0.0033	0.0000	0.0000	0.0000	0.0000
85	99	0.5231	9	0	0	1	0	0	0	0	0	N	N	N	N	N	N	N	N	N	N	N	N	0.5218	0.5524	2.5461	0.4441	1.5889	0.0001	3.2258	0.0598	68.9783	0.0116	0.0080	0.0427	0.0098	0.0106	0.0000	0.0147	0.0029	0.0759	0.0223	0.0145	0.0168	0.0222	0.0067	0.2267	0.0046	0.0492	0.0011	0.6203	1.6593	0.0001	-0.0000	3.1287	2.7834	1.1816	1.0450	0.0013	0.0008	0.0005	0.0007	0.0007	0.0000	0.0006	0.0001	0.0005	0.0001	0.0000	0.0001	0.0001	0.0000	0.0001	0.0000	0.0000	0.0000	0.1115	0.0999	0.0116	0.0711	0.0660	0.0051	0.0404	0.0339	0.0065	0.0178	0.0103	0.0075	0.0072	0.0067	0.0005	0.0105	0.0036	0.0069	1.9732	2.0962	4.8823	0.7719	2.0490	0.0001	12.7531	2.3309	68.9783	0.0059	0.0038	0.0087	0.0127	0.0052	0.1111	0.0012	0.0013	0.0011
85	100	0.5130	8	0	0	1	0	0	0	0	0	N	N	N	N	N	N	N	N	N	N	N	N	0.0123	0.0081	0.1079	0.0263	0.0241	0.3732	0.0095	0.0011	0.1610	0.0070	0.0047	0.0281	0.0084	0.0079	0.0161	0.0053	0.0003	0.0351	0.5738	0.5760	0.2607	0.3207	0.3280	0.0431	0.5577	0.2725	0.2182	0.6796	0.8176	0.0002	-0.0004	3.1287	7.6044	1.1816	2.7972	0.0015	0.0009	0.0006	0.0010	0.0009	0.0001	0.0005	0.0000	0.0005	0.0021	0.0011	0.0009	0.0012	0.0011	0.0001	0.0009	0.0000	0.0009	0.2123	0.1908	0.0215	0.1177	0.1098	0.0079	0.0946	0.0810	0.0136	0.0415	0.0257	0.0158	0.0171	0.0156	0.0015	0.0244	0.0101	0.0143	0.1400	0.1044	0.4735	0.1240	0.1108	0.4571	0.1401	0.0790	0.5673	0.0503	0.0447	0.0594	0.0681	0.0712	0.0352	0.0378	0.0036	0.0619
85	101	0.4634	7	0	0	1	0	0	0	0	0	N	N	N	N	N	N	N	N	N	N	N	N	0.0441	0.0735	0.4732	0.3090	0.2791	1.4216	0.0372	0.1729	0.5048	0.0111	0.0081	0.0379	0.0132	0.0110	0.0521	0.0095	0.0056	0.0336	0.2522	0.1097	0.0800	0.0428	0.0394	0.0366	0.2550	0.0323	0.0666	0.5355	1.8843	0.0002	0.0000	3.1287	18.4780	1.1816	12.4520	0.0036	0.0023	0.0013	0.0019	0.0015	0.0004	0.0017	0.0009	0.0009	0.0015	0.0005	0.0009	0.0006	0.0005	0.0001	0.0009	0.0000	0.0008	0.3244	0.2912	0.0332	0.1409	0.1332	0.0076	0.1836	0.1580	0.0256	0.0805	0.0503	0.0303	0.0291	0.0255	0.0036	0.0514	0.0248	0.0266	0.6167	0.8055	1.2085	0.6509	0.5848	1.6836	0.5676	5.8811	1.0713	0.0180	0.0100	0.0313	0.0203	0.0188	0.0309	0.0167	0.0009	0.0314
85	102	0.1717	7	0	1	1	0	0	0	0	0	N	N	N	N	N	N	N	N	N	N	N	N	0.0033	0.0029	0.0000	0.0040	0.0042	0.0012	0.0008	0.0005	0.0000	0.0030	0.0034	0.0000	0.0063	0.0067	0.0000	0.0007	0.0008	0.0000	0.9056	1.1380	1.0673	1.5860	1.6171	0.0308	0.9525	1.5264	0.9872	0.0003	0.4073	-0.0007	-0.0111	3.1287	34.1922	1.1816	22.4626	0.0024	0.0024	0.0000	0.0020	0.0020	0.0000	0.0003	0.0003	0.0000	0.0327	0.0232	0.0095	0.0147	0.0146	0.0001	0.0180	0.0086	0.0093	0.7893	0.7088	0.0805	0.3218	0.3020	0.0198	0.4674	0.4068	0.0607	0.1645	0.0969	0.0676	0.0385	0.0345	0.0040	0.1260	0.0624	0.0635	0.0152	0.0140	0.0001	0.0166	0.0159	0.0014	0.0051	0.0060	0.0000	0.1986	0.2395	0.1399	0.3818	0.4235	0.0270	0.1426	0.1380	0.1471
85	103	0.1238	6	0	1	1	0	0	0	0	0	N	N	N	N	N	N	N	N	N	N	N	N	0.0096	0.0076	0.0932	0.0217	0.0214	0.4220	0.0028	0.0011	0.0862	0.0050	0.0053	0.0028	0.0114	0.0119	0.0044	0.0013	0.0012	0.0023	0.5244	0.6989	0.0295	0.5233	0.5559	0.0105	0.4622	1.0317	0.0261	0.0651	0.1790	-0.0005	-0.0021	3.1287	22.5884	1.1816	11.0115	0.0024	0.0023	0.0001	0.0020	0.0019	0.0001	0.0004	0.0003	0.0001	0.0043	0.0037	0.0007	0.0020	0.0020	0.0000	0.0023	0.0017	0.0006	0.4790	0.4256	0.0534	0.1763	0.1641	0.0122	0.3027	0.2616	0.0412	0.1016	0.0565	0.0451	0.0203	0.0184	0.0020	0.0813	0.0381	0.0432	0.1178	0.0816	0.1891	0.1156	0.1103	0.4220	0.0460	0.0264	0.1528	0.0425	0.0649	0.0145	0.0982	0.1077	0.0105	0.0286	0.0443	0.0147
85	104	0.0938	5	0	0	1	0	0	0	0	0	N	N	N	N	N	N	N	N	N	N	N	N	2.1189	1.0810	6.2123	4.8689	4.2677	37.4412	0.5230	0.0255	1.0562	0.0076	0.0084	0.0022	0.0173	0.0181	0.0081	0.0021	0.0024	0.0004	0.0036	0.0077	0.0004	0.0036	0.0042	0.0002	0.0041	0.0944	0.0004	0.0342	0.1192	-0.0005	-0.0001	3.1287	11.8100	1.1816	8.7888	0.0019	0.0019	0.0001	0.0016	0.0015	0.0001	0.0003	0.0003	0.0000	0.0001	0.0001	0.0000	0.0000	0.0000	0.0000	0.0001	0.0000	0.0000	0.2544	0.2252	0.0292	0.0923	0.0854	0.0069	0.1621	0.1398	0.0223	0.0651	0.0360	0.0291	0.0123	0.0111	0.0012	0.0529	0.0250	0.0279	5.1491	3.4853	6.2123	5.0513	4.7926	37.4412	2.0607	1.3491	1.0562	0.0015	0.0024	0.0004	0.0034	0.0038	0.0002	0.0010	0.0018	0.0004
85	105	0.0577	4	0	0	1	0	0	0	0	0	N	N	N	N	N	N	N	N	N	N	N	N	250.6416	234.7894	46.8238	38.0603	35.9884	inf	233.5535	13.8015	45.8608	0.0087	0.0096	0.0017	0.0035	0.0037	0.0016	0.0108	0.0123	0.0017	0.0000	0.0000	0.0000	0.0001	0.0001	0.0000	0.0000	0.0009	0.0000	0.0237	0.8461	-0.0006	-0.0000	3.1287	14.7392	1.1816	7.3617	0.0024	0.0024	0.0001	0.0003	0.0003	0.0000	0.0021	0.0021	0.0000	0.0000	0.0000	0.0000	0.0000	0.0000	0.0000	0.0000	0.0000	0.0000	0.2790	0.2459	0.0331	0.0818	0.0756	0.0062	0.1972	0.1703	0.0268	0.0701	0.0393	0.0308	0.0118	0.0107	0.0011	0.0583	0.0287	0.0296	250.6416	287.6301	46.8238	38.0603	35.9884	inf	471.6995	1556.4885	45.8608	0.0000	0.0000	0.0000	0.0001	0.0001	0.0000	0.0000	0.0000	0.0000
85	106	0.1304	7	0	1	1	0	0	0	0	0	N	N	N	N	N	N	N	N	N	N	N	N	0.8928	9.2898	0.1169	0.5380	3.7475	0.0317	1.2696	0.8660	0.0000	0.0010	0.0011	0.0001	0.0014	0.0015	0.0006	0.0007	0.0008	0.0000	0.0011	0.0001	0.0013	0.0027	0.0004	0.0198	0.0005	0.0009	0.0004	0.0167	8.7226	-0.0001	0.0000	3.1287	20.0414	1.1816	7.0324	0.0004	0.0004	0.0000	0.0002	0.0002	0.0000	0.0002	0.0002	0.0000	0.0000	0.0000	0.0000	0.0000	0.0000	0.0000	0.0000	0.0000	0.0000	0.3880	0.3462	0.0418	0.1490	0.1390	0.0100	0.2390	0.2072	0.0319	0.0699	0.0389	0.0309	0.0122	0.0107	0.0014	0.0577	0.0282	0.0295	1.5552	9.2898	0.1169	0.5380	3.7475	0.0317	3.4908	95.8468	0.0000	0.0006	0.0001	0.0013	0.0027	0.0004	0.0198	0.0002	0.0000	0.0004
85	107	0.1204	6	0	0	1	0	0	0	0	0	N	N	N	N	N	N	N	N	N	N	N	N	0.0020	0.0026	0.0000	0.0015	0.0028	0.0000	0.0055	0.0225	0.0000	0.0007	0.0008	0.0000	0.0006	0.0006	0.0000	0.0008	0.0009	0.0000	0.3564	0.3052	0.0827	0.3936	0.2197	0.8528	0.1474	0.0413	0.0384	0.0001	1.3383	-0.0000	-0.0000	3.1287	7.0315	1.1816	1.2144	0.0001	0.0001	0.0000	0.0000	0.0000	0.0000	0.0001	0.0001	0.0000	0.0006	0.0002	0.0003	0.0004	0.0002	0.0001	0.0002	0.0000	0.0002	0.1804	0.1628	0.0175	0.0726	0.0690	0.0036	0.1078	0.0939	0.0139	0.0239	0.0136	0.0103	0.0047	0.0042	0.0005	0.0192	0.0094	0.0098	0.0297	0.0437	0.0000	0.0074	0.0109	0.0000	0.0745	0.8481	0.0000	0.0241	0.0182	0.0319	0.0781	0.0561	0.2678	0.0109	0.0011	0.0202
85	108	0.0868	5	0	0	1	0	0	0	0	0	N	N	N	N	N	N	N	N	N	N	N	N	0.0003	0.0021	0.0000	0.0000	0.0000	0.0000	0.0003	0.0015	0.0000	0.0005	0.0006	0.0000	0.0000	0.0000	0.0000	0.0008	0.0009	0.0000	1.9658	0.2825	8.1704	0.9033	0.0777	14.4222	2.3958	0.6081	8.7201	0.0000	205.1427	-0.0000	0.0477	3.1287	16.2725	1.1816	4.4748	0.0002	0.0002	0.0000	0.0000	0.0000	0.0000	0.0002	0.0002	0.0000	0.1300	0.0006	0.1293	0.0022	0.0004	0.0018	0.1278	0.0003	0.1275	0.3203	0.2834	0.0369	0.1001	0.0930	0.0070	0.2202	0.1903	0.0299	0.0661	0.0370	0.0291	0.0128	0.0118	0.0010	0.0533	0.0252	0.0281	0.0003	0.0354	0.0000	0.0000	0.0000	0.0000	0.0003	0.0883	0.0000	1.9658	0.0170	4.4443	0.1720	0.0317	1.8166	2.3958	0.0102	4.5383
85	109	0.1396	6	0	1	1	0	0	0	0	0	N	N	N	N	N	N	N	N	N	N	N	N	4.9347	1.3584	19.9289	1.9490	2.0205	2.1764	39.5686	159.0282	36.7658	0.1316	0.1449	0.0465	0.1454	0.1646	0.0342	0.1216	0.1310	0.0568	0.0267	0.1067	0.0023	0.0746	0.0814	0.0157	0.0031	0.0008	0.0015	0.0500	0.1930	-0.0281	-0.0005	3.1287	40.5309	1.1816	14.7974	0.1173	0.1117	0.0056	0.0544	0.0526	0.0019	0.0629	0.0592	0.0037	0.0010	0.0008	0.0002	0.0009	0.0008	0.0001	0.0001	0.0000	0.0001	0.8916	0.7713	0.1203	0.3746	0.3194	0.0552	0.5171	0.4519	0.0651	0.1496	0.0822	0.0674	0.0289	0.0252	0.0037	0.1207	0.0571	0.0636	20.2817	14.6444	19.9289	4.8148	5.0894	2.1764	148.7436	19414.2871	36.7658	0.0065	0.0099	0.0023	0.0302	0.0323	0.0157	0.0008	0.0000	0.0015
85	110	0.1137	5	0	1	1	0	0	0	0	0	N	N	N	N	N	N	N	N	N	N	N	N	30.2641	10.0630	518.4286	43.0048	32.6615	338.7223	15.6523	0.6751	105.8970	0.3910	0.3526	0.5918	0.5658	0.4915	0.8498	0.2141	0.2271	0.1122	0.0129	0.0350	0.0011	0.0132	0.0150	0.0025	0.0137	0.3364	0.0011	0.3207	0.1429	-0.0077	-0.0001	3.1287	13.5236	1.1816	3.5331	0.1736	0.1314	0.0421	0.1263	0.0870	0.0394	0.0473	0.0445	0.0028	0.0002	0.0002	0.0000	0.0001	0.0001	0.0000	0.0001	0.0001	0.0000	0.4440	0.3727	0.0712	0.2233	0.1770	0.0463	0.2207	0.1958	0.0249	0.0561	0.0314	0.0247	0.0122	0.0108	0.0014	0.0439	0.0206	0.0233	97.3539	56.2071	518.4286	65.4712	52.1008	338.7223	78.2801	49.1030	105.8970	0.0040	0.0063	0.0011	0.0086	0.0094	0.0025	0.0027	0.0046	0.0011
85	111	0.0577	4	0	0	1	0	0	0	0	0	N	N	N	N	N	N	N	N	N	N	N	N	666.8025	385.4589	3820.2474	3137.3935	2962.6314	69695.2358	268.1954	11.9578	4225.1220	1.5955	1.4861	2.4112	2.5262	2.6620	0.8698	1.2099	0.9650	2.7676	0.0024	0.0039	0.0006	0.0008	0.0009	0.0000	0.0045	0.0807	0.0007	0.2176	0.3525	-0.0552	-0.0000	3.1287	16.9399	1.1816	15.9768	0.5087	0.4178	0.0909	0.2360	0.2298	0.0062	0.2727	0.1880	0.0847	0.0001	0.0001	0.0000	0.0000	0.0000	0.0000	0.0001	0.0001	0.0000	0.3188	0.2811	0.0377	0.0934	0.0863	0.0071	0.2254	0.1948	0.0306	0.0988	0.0546	0.0443	0.0156	0.0140	0.0016	0.0832	0.0406	0.0426	1470.8561	1022.9910	3820.2474	3137.3935	2962.6314	69695.2358	1063.9712	587.3098	4225.1220	0.0011	0.0015	0.0006	0.0008	0.0009	0.0000	0.0011	0.0016	0.0007
85	112	0.1621	8	1	1	1	1	0	0	0	0	N	N	N	N	N	N	N	N	N	N	N	N	0.0000	0.0000	0.0000	0.0000	0.0000	0.0000	0.0000	0.0000	0.0000	0.0000	0.0000	0.0000	0.0000	0.0000	0.0000	0.0000	0.0000	0.0000	0.0001	0.0000	0.0000	0.0000	0.0001	0.0000	0.0001	4.5970	-0.0000	0.0000	3.1287	0.0019	1.1816	1.9928	0.0000	0.0000	0.0000	0.0000	0.0000	0.0000	0.0000	0.0000	0.0000	0.0000	0.0000	0.0000	0.0000	0.0000	0.0000	0.0000	0.0000	0.0000	0.0001	0.0001	0.0000	0.0000	0.0000	0.0000	0.0000	0.0000	0.0000	0.0056	0.0033	0.0023	0.0013	0.0011	0.0001	0.0043	0.0022	0.0021	0.0000	0.0000	0.0000	0.0000	0.0000	0.0000	0.0000	0.0000	0.0000	0.0000	0.0000	0.0001	0.0000	0.0000	0.0000	0.0000	0.0000	0.0001			
85	113	0.1385	7	1	1	1	1	0	0	0	0	N	N	N	N	N	N	N	N	N	N	N	N	0.0001	0.0018	0.0000	0.0000	0.0000	0.0000	0.0002	0.1129	0.0000	0.0000	0.0000	0.0000	0.0000	0.0000	0.0000	0.0001	0.0001	0.0000	0.2671	0.0216	0.1022	0.0314	0.0311	0.0195	0.2962	0.0006	0.0953	0.0000	5.6557	-0.0000	0.0002	3.1287	8.6942	1.1816	6.0502	0.0000	0.0000	0.0000	0.0000	0.0000	0.0000	0.0000	0.0000	0.0000	0.0008	0.0001	0.0007	0.0001	0.0001	0.0000	0.0007	0.0000	0.0007	0.1837	0.1610	0.0227	0.0708	0.0636	0.0072	0.1129	0.0975	0.0155	0.0422	0.0240	0.0183	0.0084	0.0074	0.0010	0.0339	0.0165	0.0173	0.0018	0.0079	0.0000	0.0000	0.0000	0.0000	0.0029	19.7409	0.0000	0.0187	0.0049	0.0367	0.0164	0.0160	0.0195	0.0192	0.0000	0.0376
85	114	0.1596	11	0	1	1	1	0	0	0	0	N	N	N	N	N	N	N	N	N	N	N	N	0.0000	0.0000	0.0000	0.0000	0.0000	0.0000	0.0000	0.0000	0.0000	0.0000	0.0000	0.0000	0.0000	0.0000	0.0000	0.0000	0.3734	0.0071	0.1923	0.0027	0.0027	0.0000	0.5996	0.0000	0.1578	21.0126	0.0000	0.0000	3.1287	0.0001	1.1816	0.0001	0.0000	0.0000	0.0000	0.0000	0.0000	0.0000	0.0000	0.0000	0.0000	0.0000	0.0000	0.0000	0.0000	0.0000	0.0000	0.0000	0.0000	0.0000	0.0000	0.0000	0.0000	0.0000	0.0000	0.0000	0.0000	0.0000	0.0000	0.0000	0.0000	0.0000	0.0000	0.0000	0.0000	0.0000	0.0000	0.0000	0.0000	0.0000	0.0000	0.0000	0.0000	0.0000	0.0000	0.0000	0.0000	0.0258	0.0023	0.0509	0.0027	0.0027	0.0000	0.0437	0.0000	0.0515			
85	115	0.1529	10	0	1	1	1	0	0	0	0	N	N	N	N	N	N	N	N	N	N	N	N	0.0000	0.0000	0.0000	0.0000	0.0000	0.0000	0.0000	0.0000	0.0000	0.0000	0.0000	0.0000	0.0000	0.0000	0.0000	0.0000	0.6280	0.0207	0.9902	0.0247	0.0310	0.0000	0.7559	0.0000	0.9362	21.0126	0.0000	0.0002	3.1287	3.0007	1.1816	1.0012	0.0000	0.0000	0.0000	0.0000	0.0000	0.0000	0.0000	0.0000	0.0000	0.0007	0.0000	0.0006	0.0000	0.0000	0.0000	0.0006	0.0000	0.0006	0.0579	0.0512	0.0067	0.0193	0.0180	0.0014	0.0386	0.0333	0.0053	0.0111	0.0063	0.0048	0.0022	0.0019	0.0003	0.0089	0.0044	0.0045	0.0000	0.0000	0.0000	0.0000	0.0000	0.0000	0.0000	0.0000	0.0000	0.0597	0.0048	0.1311	0.0139	0.0159	0.0000	0.0708	0.0000	0.1392			
85	116	0.1510	9	0	0	1	1	0	0	0	0	N	N	N	N	N	N	N	N	N	N	N	N	0.0000	0.0000	0.0000	0.0000	0.0000	0.0000	0.0000	0.0000	0.0000	0.0000	0.0000	0.0000	0.0000	0.0000	0.0000	0.0000	0.0001	0.0000	0.0002	0.0001	0.0001	0.0000	0.0003	0.0000	0.0002	8.0624	0.0000	0.0000	3.1287	1.1177	1.1816	0.0023	0.0000	0.0000	0.0000	0.0000	0.0000	0.0000	0.0000	0.0000	0.0000	0.0000	0.0000	0.0000	0.0000	0.0000	0.0000	0.0000	0.0000	0.0000	0.0224	0.0199	0.0025	0.0079	0.0074	0.0005	0.0145	0.0125	0.0020	0.0031	0.0018	0.0014	0.0006	0.0005	0.0001	0.0025	0.0012	0.0013	0.0000	0.0000	0.0000	0.0000	0.0000	0.0000	0.0000	0.0000	0.0000	0.0001	0.0000	0.0002	0.0001	0.0001	0.0000	0.0001	0.0000	0.0002			
85	117	0.1480	5	0	1	1	0	0	0	0	0	N	N	N	N	N	N	N	N	N	N	N	N	0.0004	0.0041	0.0000	0.0001	0.0023	0.0000	0.0006	0.0292	0.0000	0.0004	0.0005	0.0000	0.0001	0.0002	0.0000	0.0005	0.0006	0.0000	1.0009	0.1127	3.2760	2.5010	0.0652	62.6355	0.8144	0.0207	1.1860	0.0000	52.0619	-0.0001	0.0179	3.1287	31.2782	1.1816	23.9277	0.0002	0.0002	0.0000	0.0000	0.0000	0.0000	0.0002	0.0002	0.0000	0.0507	0.0010	0.0497	0.0403	0.0009	0.0394	0.0104	0.0000	0.0104	0.5409	0.4853	0.0556	0.1623	0.1560	0.0063	0.3785	0.3293	0.0492	0.1594	0.0922	0.0672	0.0362	0.0327	0.0035	0.1231	0.0595	0.0636	0.0013	0.0443	0.0000	0.0001	0.0055	0.0000	0.0062	0.8415	0.0000	0.3182	0.0104	0.7406	1.1117	0.0279	11.0940	0.0848	0.0007	0.1634
85	118	0.1510	9	0	0	2	1	0	0	0	0	N	N	Y	N	N	N	N	N	N	N	N	N	0.0000	0.0000	0.0000	0.0000	0.0000	0.0000	0.0000	0.0000	0.0000	0.0000	0.0000	0.0000	0.0000	0.0000	0.0000	0.0000	0.0000	0.0000	0.0000	0.0000	0.0000	0.0000	0.0476	0.0000	-0.0000	3.1287	3.8827	1.1816	2.9998	0.0000	0.0000	0.0000	0.0000	0.0000	0.0000	0.0000	0.0000	0.0000	0.0000	0.0000	0.0000	0.0000	0.0000	0.0000	0.0000	0.0000	0.0000	0.0755	0.0668	0.0086	0.0256	0.0238	0.0018	0.0499	0.0430	0.0068	0.0189	0.0107	0.0082	0.0037	0.0032	0.0005	0.0152	0.0075	0.0077	0.0000	0.0000	0.0000	0.0000	0.0000	0.0000	0.0000	0.0000	0.0000	0.0000	0.0000	0.0000	0.0000	0.0000	0.0000	0.0000	0.0000	0.0000						
85	119	0.1481	8	0	0	1	1	0	0	0	0	N	N	N	N	N	N	N	N	N	N	N	N	0.0219	0.0218	0.0000	0.0178	0.0166	0.0000	0.0000	0.0000	0.0000	0.0000	0.0000	0.0000	0.0000	0.0000	0.0000	0.0000	0.0000	0.0000	0.0000	0.0000	0.0000	0.0000	0.0000	0.0000	0.0000	0.0000	0.5789	-0.0000	-0.0000	3.1287	2.8083	1.1816	0.0030	0.0000	0.0000	0.0000	0.0000	0.0000	0.0000	0.0000	0.0000	0.0000	0.0000	0.0000	0.0000	0.0000	0.0000	0.0000	0.0000	0.0000	0.0000	0.0632	0.0564	0.0068	0.0240	0.0224	0.0016	0.0392	0.0340	0.0052	0.0079	0.0044	0.0034	0.0015	0.0013	0.0002	0.0063	0.0031	0.0032	0.0219	0.0218	0.0000	0.0178	0.0166	0.0000	0.0000	0.0000	0.0000	0.0000	0.0000	0.0000	0.0000	0.0000	0.0000	0.0000	0.0000	0.0000		
85	120	0.1481	8	0	0	2	1	0	0	0	0	N	N	Y	N	N	N	N	N	N	N	N	N	457.8121	344.8936	0.0000	0.0102	0.0095	3554.5954	inf	0.0000	0.0009	0.0011	0.0000	0.0000	0.0000	0.0000	0.0014	0.0017	0.0000	0.0000	0.0000	0.0000	0.0000	0.0000	0.0000	0.0000	0.0000	0.0000	0.0000	0.1882	-0.0001	-0.0000	3.1287	9.6158	1.1816	0.0030	0.0002	0.0002	0.0000	0.0000	0.0000	0.0000	0.0002	0.0002	0.0000	0.0000	0.0000	0.0000	0.0000	0.0000	0.0000	0.0000	0.0000	0.0000	0.1911	0.1697	0.0215	0.0658	0.0613	0.0045	0.1253	0.1083	0.0170	0.0264	0.0149	0.0115	0.0051	0.0045	0.0007	0.0213	0.0104	0.0109	457.8121	344.8936	0.0000	0.0102	0.0095	0.0000	3554.5954	inf	0.0000	0.0000	0.0000	0.0000	0.0000	0.0000	0.0000	0.0000	0.0000	0.0000	
85	121	0.1385	7	0	0	1	1	0	0	0	0	N	N	N	N	N	N	N	N	N	N	N	N	0.0070	0.0266	0.0000	0.0093	0.0418	0.0000	0.0003	0.0012	0.0000	0.0000	0.0000	0.0000	0.0001	0.0001	0.0000	0.0000	0.0000	0.0000	0.0054	0.0016	0.0046	0.0090	0.0023	0.0592	0.0030	0.0009	0.0015	0.0000	3.5424	-0.0000	0.0000	3.1287	4.2457	1.1816	2.0144	0.0000	0.0000	0.0000	0.0000	0.0000	0.0000	0.0000	0.0000	0.0000	0.0000	0.0000	0.0000	0.0000	0.0000	0.0000	0.0000	0.0000	0.0000	0.1008	0.0877	0.0132	0.0449	0.0395	0.0055	0.0559	0.0482	0.0077	0.0195	0.0112	0.0083	0.0042	0.0038	0.0004	0.0152	0.0074	0.0079	0.0185	0.0556	0.0000	0.0128	0.0418	0.0000	0.0012	0.1447	0.0000	0.0020	0.0008	0.0037	0.0065	0.0023	0.0449	0.0008	0.0000	0.0015
85	122	0.0963	6	0	0	1	1	0	0	0	0	N	N	N	N	N	N	N	N	N	N	N	N	0.0009	0.1410	0.0000	0.0001	0.0073	0.0000	0.0012	0.0330	0.0000	0.0005	0.0006	0.0000	0.0000	0.0000	0.0000	0.0008	0.0010	0.0000	0.6138	0.0043	0.9160	0.2768	0.0042	2.4521	0.6781	0.0289	0.5907	0.0000	63.0287	-0.0000	0.0014	3.1287	11.9190	1.1816	13.1740	0.0001	0.0001	0.0000	0.0000	0.0000	0.0000	0.0001	0.0001	0.0000	0.0039	0.0001	0.0039	0.0007	0.0000	0.0006	0.0033	0.0000	0.0032	0.2469	0.2170	0.0299	0.0883	0.0800	0.0083	0.1586	0.1370	0.0216	0.0697	0.0385	0.0313	0.0110	0.0098	0.0012	0.0587	0.0286	0.0301	0.0095	0.3820	0.0000	0.0004	0.0082	0.0000	0.0148	1.0699	0.0000	0.0566	0.0016	0.1242	0.0615	0.0037	0.5474	0.0557	0.0009	0.1078
85	123	0.5233	10	0	0	2	1	0	0	0	0	N	N	Y	N	N	N	N	N	N	N	N	N	0.0003	0.0002	0.0000	0.0004	0.0003	0.0000	0.0003	0.0001	0.0000	0.0002	0.0002	0.0000	0.0002	0.0002	0.0000	0.0002	0.0002	0.0000	0.6490	0.8466	0.0011	0.5185	0.5862	0.0009	0.6016	1.3311	0.0011	0.0000	0.0064	-0.0000	-0.0016	3.1287	12.8936	1.1816	4.1514	0.0000	0.0000	0.0000	0.0000	0.0000	0.0000	0.0000	0.0000	0.0000	0.0025	0.0025	0.0000	0.0015	0.0015	0.0000	0.0011	0.0011	0.0000	0.2254	0.2037	0.0217	0.1032	0.0979	0.0053	0.1222	0.1057	0.0164	0.0397	0.0249	0.0148	0.0150	0.0129	0.0021	0.0247	0.0120	0.0127	0.0028	0.0019	0.0000	0.0020	0.0018	0.0000	0.0037	0.0021	0.0000	0.0641	0.1014	0.0011	0.0976	0.1131	0.0009	0.0438	0.0889	0.0011
85	124	0.1117	7	0	1	1	0	0	0	0	0	N	N	N	N	N	N	N	N	N	N	N	N	0.0002	0.0057	0.0000	0.0000	0.0001	0.0000	0.0003	0.0907	0.0001	0.0001	0.0001	0.0000	0.0000	0.0000	0.0000	0.0001	0.0001	0.0000	0.4082	0.0162	0.2572	0.2517	0.0268	1.9230	0.3665	0.0015	0.1171	0.0091	11.5808	-0.0000	0.0005	3.1287	12.7386	1.1816	8.7370	0.0000	0.0000	0.0000	0.0000	0.0000	0.0000	0.0000	0.0000	0.0000	0.0018	0.0001	0.0016	0.0006	0.0001	0.0005	0.0011	0.0000	0.0011	0.2483	0.2200	0.0283	0.0800	0.0744	0.0055	0.1684	0.1456	0.0228	0.0619	0.0343	0.0276	0.0108	0.0097	0.0011	0.0511	0.0245	0.0266	0.0029	0.0223	0.0001	0.0000	0.0002	0.0000	0.0054	5.3905	0.0001	0.0286	0.0041	0.0590	0.0584	0.0144	0.4632	0.0223	0.0000	0.0429
85	125	0.0963	6	0	1	1	0	0	0	0	0	N	N	N	N	N	N	N	N	N	N	N	N	0.0000	0.0001	0.0000	0.0001	0.0001	0.0000	0.0000	0.0001	0.0000	0.0000	0.0000	0.0000	0.0001	0.0001	0.0000	0.0000	0.0000	0.0000	0.8686	0.7095	2.0435	1.4796	1.1395	9.6155	0.9247	0.0184	1.6842	0.0002	3.4200	-0.0000	0.0007	3.1287	8.6431	1.1816	1.4782	0.0000	0.0000	0.0000	0.0000	0.0000	0.0000	0.0000	0.0000	0.0000	0.0049	0.0011	0.0038	0.0017	0.0011	0.0006	0.0031	0.0000	0.0031	0.1875	0.1644	0.0230	0.0706	0.0636	0.0071	0.1168	0.1009	0.0160	0.0298	0.0164	0.0133	0.0050	0.0045	0.0005	0.0248	0.0120	0.0128	0.0002	0.0005	0.0000	0.0002	0.0004	0.0000	0.0000	0.0019	0.0000	0.1634	0.0669	0.2822	0.3488	0.2446	1.2869	0.1263	0.0007	0.2434
85	126	0.0868	5	0	0	1	0	0	0	0	0	N	N	N	N	N	N	N	N	N	N	N	N	0.0000	0.0001	0.0000	0.0001	0.0001	0.0000	0.0000	0.0000	0.0000	0.0001	0.0001	0.0000	0.0002	0.0003	0.0000	0.0000	0.0000	0.0000	4.9721	1.1186	18.5059	2.1068	1.7032	33.1065	6.5275	0.9683	20.2364	0.0000	36.2364	-0.0000	0.0457	3.1287	4.1618	1.1816	2.0491	0.0000	0.0000	0.0000	0.0000	0.0000	0.0000	0.0000	0.0000	0.0000	0.1324	0.0036	0.1289	0.0051	0.0032	0.0018	0.1274	0.0003	0.1271	0.0968	0.0861	0.0107	0.0327	0.0308	0.0019	0.0641	0.0554	0.0087	0.0266	0.0154	0.0113	0.0071	0.0068	0.0004	0.0195	0.0086	0.0109	0.0000	0.0005	0.0000	0.0003	0.0005	0.0000	0.0000	0.0009	0.0000	4.9721	0.2315	11.4351	0.7106	0.4796	5.0027	6.5275	0.0366	11.6497
85	127	0.0577	4	0	0	1	0	0	0	0	0	N	N	N	N	N	N	N	N	N	N	N	N	0.0000	0.0000	0.0000	0.0000	0.0000	0.0000	0.0000	0.0000	0.0000	0.0000	0.0000	0.0000	0.0000	0.0000	0.0000	0.0000	0.0000	0.0000	14.5116	0.9021	50.6306	0.4359	0.2014	1.4247	17.6202	1.5510	51.0744	0.0004	218.0545	-0.0000	0.2982	3.1287	9.4810	1.1816	7.4917	0.0000	0.0000	0.0000	0.0000	0.0000	0.0000	0.0000	0.0000	0.0000	0.8122	0.0037	0.8085	0.0008	0.0005	0.0003	0.8114	0.0032	0.8082	0.1819	0.1602	0.0217	0.0534	0.0493	0.0041	0.1284	0.1109	0.0176	0.0560	0.0319	0.0241	0.0099	0.0090	0.0009	0.0461	0.0228	0.0232	0.0000	0.0001	0.0000	0.0000	0.0000	0.0000	0.0000	0.0001	0.0000	14.5116	0.1164	33.5267	0.0834	0.0536	0.3889	17.6202	0.1413	34.7847
85	128	0.5355	11	1	1	1	0	0	0	0	0	N	N	N	N	N	N	N	N	N	N	N	N	8.5887	inf	0.0000	inf	inf	0.0000	0.0000	0.0000	0.0000	0.0000	0.0000	0.0000	0.0000	0.0000	0.0000	0.0000	0.0000	0.0000	0.0000	0.0000	0.0000	0.0000	0.0000	0.0000	0.0000	0.0000	inf	-0.0000	0.0000	3.1287	2.0107	1.1816	1.9995	0.0000	0.0000	0.0000	0.0000	0.0000	0.0000	0.0000	0.0000	0.0000	0.0000	0.0000	0.0000	0.0000	0.0000	0.0000	0.0000	0.0000	0.0000	0.0335	0.0301	0.0034	0.0154	0.0146	0.0008	0.0181	0.0155	0.0025	0.0088	0.0056	0.0032	0.0035	0.0030	0.0005	0.0053	0.0026	0.0027	8.5887	inf	0.0000	inf	inf	0.0000	0.0000	0.0000	0.0000	0.0000	0.0000	0.0000	0.0000	0.0000	0.0000	0.0000	0.0000	0.0000		
85	129	0.5233	10	1	1	1	0	0	0	0	0	N	N	N	N	N	N	N	N	N	N	N	N	0.0136	0.7009	0.0000	0.1603	0.3147	0.0000	0.0034	inf	0.0000	0.0000	0.0000	0.0000	0.0000	0.0000	0.0000	0.0000	0.0000	0.0000	0.0002	0.0000	0.0004	0.0000	0.0000	0.0001	0.0007	0.0000	0.0005	0.0000	73.8737	-0.0000	0.0000	3.1287	5.6459	1.1816	1.1399	0.0000	0.0000	0.0000	0.0000	0.0000	0.0000	0.0000	0.0000	0.0000	0.0000	0.0000	0.0000	0.0000	0.0000	0.0000	0.0000	0.0000	0.0000	0.1084	0.0984	0.0100	0.0512	0.0487	0.0024	0.0572	0.0496	0.0076	0.0172	0.0107	0.0065	0.0066	0.0058	0.0009	0.0105	0.0049	0.0056	0.0136	0.7009	0.0000	0.1603	0.3147	0.0000	0.0096	inf	0.0000	0.0002	0.0000	0.0004	0.0000	0.0000	0.0001	0.0003	0.0000	0.0005
85	130	0.4930	9	0	0	1	0	0	0	0	0	N	N	N	N	N	N	N	N	N	N	N	N	0.0687	0.0773	0.0455	0.1559	0.2247	0.0011	0.0122	0.0063	0.1039	0.0004	0.0005	0.0001	0.0009	0.0009	0.0000	0.0000	0.0000	0.0002	0.0065	0.0063	0.0029	0.0057	0.0042	0.0124	0.0037	0.0039	0.0017	0.0303	0.8573	-0.0000	-0.0000	3.1287	11.6079	1.1816	5.3766	0.0001	0.0001	0.0000	0.0001	0.0001	0.0000	0.0000	0.0000	0.0000	0.0001	0.0001	0.0001	0.0001	0.0001	0.0000	0.0000	0.0000	0.0000	0.2326	0.2092	0.0234	0.1108	0.1049	0.0059	0.1217	0.1043	0.0174	0.0483	0.0298	0.0185	0.0185	0.0164	0.0021	0.0297	0.0134	0.0163	0.1874	0.2318	0.0455	0.1903	0.2553	0.0011	0.0473	0.1857	0.1039	0.0024	0.0021	0.0029	0.0047	0.0037	0.0124	0.0010	0.0001	0.0017
85	131	0.4751	8	0	0	1	0	0	0	0	0	N	N	N	N	N	N	N	N	N	N	N	N	1.0251	0.8315	4.7352	1.3351	1.7410	0.3648	1.6449	0.4533	13.8350	0.0135	0.0111	0.0348	0.0140	0.0143	0.0076	0.0132	0.0081	0.0430	0.0132	0.0134	0.0074	0.0105	0.0082	0.0210	0.0080	0.0180	0.0031	0.3559	0.7139	-0.0000	-0.0000	3.1287	3.9355	1.1816	8.7078	0.0011	0.0008	0.0003	0.0005	0.0005	0.0000	0.0006	0.0003	0.0003	0.0002	0.0001	0.0001	0.0001	0.0001	0.0000	0.0001	0.0000	0.0000	0.0836	0.0750	0.0085	0.0382	0.0363	0.0020	0.0453	0.0388	0.0066	0.0455	0.0301	0.0155	0.0184	0.0167	0.0016	0.0272	0.0134	0.0138	3.3180	3.0848	6.9586	1.9084	2.3943	0.3648	6.9604	12.7585	13.8350	0.0041	0.0036	0.0050	0.0073	0.0060	0.0210	0.0019	0.0006	0.0031
85	132	0.4634	7	0	0	1	0	0	0	0	0	N	N	N	N	N	N	N	N	N	N	N	N	0.3162	0.1333	4.7374	0.6795	0.6606	2.2195	1.0518	0.4812	11.0427	0.0206	0.0156	0.0643	0.0274	0.0242	0.0838	0.0151	0.0077	0.0585	0.0651	0.1169	0.0136	0.0403	0.0367	0.0378	0.0143	0.0161	0.0053	0.4742	0.4167	0.0001	-0.0001	3.1287	6.2657	1.1816	3.9760	0.0027	0.0018	0.0009	0.0016	0.0013	0.0003	0.0011	0.0005	0.0006	0.0003	0.0002	0.0001	0.0003	0.0002	0.0000	0.0001	0.0000	0.0001	0.1302	0.1168	0.0134	0.0585	0.0555	0.0031	0.0716	0.0613	0.0103	0.0367	0.0235	0.0132	0.0149	0.0134	0.0014	0.0218	0.0101	0.0118	2.1774	1.4931	8.3168	1.4259	1.3604	2.6168	5.3057	13.0432	12.2811	0.0095	0.0104	0.0077	0.0192	0.0178	0.0320	0.0028	0.0006	0.0048
85	133	0.3861	6	0	0	1	0	0	0	0	0	N	N	N	N	N	N	N	N	N	N	N	N	1.5035	1.1133	35.1937	0.9745	0.9802	9.1628	5.9947	2.4476	52.5180	1.2112	1.1587	1.6329	1.3722	1.4232	0.6098	1.0996	0.9578	1.9413	0.8056	1.0407	0.0464	1.4082	1.4520	0.0666	0.1834	0.3913	0.0370	0.1755	0.0760	-0.0833	-0.0093	3.1287	26.7012	1.1816	18.2690	0.6041	0.5139	0.0902	0.2803	0.2725	0.0078	0.3238	0.2414	0.0824	0.0167	0.0155	0.0012	0.0155	0.0153	0.0002	0.0012	0.0002	0.0009	0.4988	0.4435	0.0552	0.2043	0.1915	0.0128	0.2945	0.2520	0.0425	0.1397	0.0866	0.0531	0.0481	0.0432	0.0049	0.0916	0.0434	0.0482	10.1469	6.4728	73.6596	4.2580	4.0291	12.6117	85.5575	176.1896	99.4626	0.1194	0.1790	0.0222	0.3223	0.3532	0.0484	0.0129	0.0054	0.0195
85	134	0.1480	5	0	0	1	0	0	0	0	0	N	N	N	N	N	N	N	N	N	N	N	N	0.2005	0.1250	0.2076	0.0761	0.0685	0.8983	0.4855	0.3905	0.1401	0.6944	0.7415	0.2805	1.3234	1.3303	1.1547	0.4327	0.4716	0.1677	3.4639	5.9324	1.3510	17.3817	19.4101	1.2853	0.8911	1.2076	1.1975	0.0430	0.0218	-0.1648	-0.5747	3.1287	61.4372	1.1816	55.8589	0.6701	0.6425	0.0276	0.3753	0.3623	0.0130	0.2948	0.2802	0.0146	0.9468	0.9266	0.0202	0.9213	0.9194	0.0019	0.0255	0.0072	0.0183	0.9649	0.8664	0.0985	0.2836	0.2723	0.0113	0.6814	0.5941	0.0873	0.2733	0.1562	0.1171	0.0530	0.0474	0.0056	0.2203	0.1088	0.1115	0.2005	0.1250	1.6255	0.0761	0.0685	3.3626	3.7403	7.1172	1.0232	3.4639	5.9324	0.1726	17.3817	19.4101	0.3434	0.1157	0.0663	0.1639
85	135	0.0577	4	0	0	1	0	0	0	0	0	N	N	N	N	N	N	N	N	N	N	N	N	0.1004	0.5407	0.0000	2.4850	2.7034	0.0000	0.0009	0.0039	0.0000	0.6609	0.7480	0.0000	2.2490	2.4287	0.0000	0.0073	0.0084	0.0000	6.5841	1.3834	21.5045	0.9050	0.8984	0.4081	7.7165	2.1465	24.3186	0.0000	20.1554	-0.1094	0.3039	3.1287	31.7621	1.1816	18.5886	0.3810	0.3810	0.0000	0.3780	0.3780	0.0000	0.0030	0.0030	0.0000	0.9369	0.0443	0.8926	0.0037	0.0033	0.0004	0.9332	0.0410	0.8922	0.5765	0.5094	0.0671	0.1681	0.1556	0.0124	0.4084	0.3537	0.0546	0.1423	0.0778	0.0645	0.0214	0.0190	0.0024	0.1209	0.0588	0.0621	0.1004	1.3138	0.0000	12.9381	13.8074	0.0000	0.0009	0.0121	0.0000	6.5841	0.5693	13.8379	0.1738	0.1759	0.1575	7.7165	0.6961	14.3679
86	89	0.1217	5	0	1	0	0	0	0	0	0	N	N	N	N	N	N	N	N	N	N	N	N	311.3480	197.9523	9.7566	0.8904	0.6703	36.3425	1248.3128	20686.4489	4.4185	2.7608	3.1300	0.0163	0.0174	0.0150	0.0409	4.1574	4.7874	0.0075	0.0089	0.0158	0.0017	0.0195	0.0224	0.0011	0.0033	0.0002	0.0017	0.0007	0.3138	-0.2870	-0.0001	4.0532	15.4622	2.2470	5.2688	1.0021	1.0014	0.0007	0.0021	0.0017	0.0005	0.9999	0.9997	0.0002	0.0003	0.0002	0.0001	0.0002	0.0002	0.0000	0.0001	0.0000	0.0001	0.3630	0.3199	0.0430	0.1224	0.1111	0.0113	0.2405	0.2088	0.0317	0.0966	0.0547	0.0419	0.0193	0.0176	0.0016	0.0773	0.0371	0.0402	912.6963	770.0595	9.7566	1.4966	1.1901	36.3425	4728.4948	6101779.1838	4.4185	0.0030	0.0041	0.0017	0.0116	0.0126	0.0011	0.0009	0.0000	0.0017
86	90	0.1099	4	0	0	0	0	0	0	0	0	N	N	N	N	N	N	N	N	N	N	N	N	22.7366	18.2641	26.8839	16.9831	18.0480	30.0408	35.0008	90.1698	63.6693	0.3289	0.3663	0.1471	0.3136	0.3783	0.1009	0.3463	0.3547	0.2700	0.0145	0.0201	0.0055	0.0185	0.0210	0.0034	0.0099	0.0039	0.0042	0.0826	0.6195	-0.0248	-0.0001	4.0532	7.5917	2.2470	1.5198	0.1178	0.1089	0.0090	0.0597	0.0552	0.0045	0.0581	0.0536	0.0045	0.0002	0.0001	0.0001	0.0001	0.0001	0.0000	0.0001	0.0000	0.0001	0.3583	0.2971	0.0611	0.1904	0.1460	0.0444	0.1678	0.1511	0.0167	0.0500	0.0292	0.0208	0.0125	0.0112	0.0013	0.0376	0.0180	0.0195	74.1833	78.1773	36.0638	28.1533	31.4495	30.0408	156.7552	2640.5064	65.4074	0.0044	0.0047	0.0041	0.0111	0.0120	0.0034	0.0022	0.0001	0.0041
86	91	0.2192	8	1	0	1	0	0	0	0	0	N	N	N	N	N	N	N	N	N	N	N	N	0.0000	0.0000	0.0000	0.0000	0.0000	0.0000	0.0000	0.0000	0.0000	0.0000	0.0000	0.0000	0.0000	0.0000	0.0000	0.0000	0.0000	0.0000	0.0000	0.0000	4.0532	3.0317	2.2470	0.1644	0.0000	0.0000	0.0000	0.0000	0.0000	0.0000	0.0000	0.0000	0.0000	0.0000	0.0000	0.0000	0.0000	0.0000	0.0000	0.0000	0.0000	0.0000	0.0620	0.0550	0.0070	0.0220	0.0203	0.0017	0.0400	0.0347	0.0053	0.0123	0.0069	0.0053	0.0024	0.0021	0.0003	0.0098	0.0048	0.0050	0.0000	0.0000	0.0000	0.0000	0.0000	0.0000	0.0000	0.0000	0.0000	0.0000	0.0000	0.0000	0.0000	0.0000	0.0000	0.0000	0.0000	0.0000											
86	92	0.2134	7	1	0	1	0	0	0	0	0	N	N	N	N	N	N	N	N	N	N	N	N	0.0909	0.1754	0.0079	0.0192	0.0387	0.0000	0.1721	0.0081	0.0216	0.0000	0.0000	0.0000	0.0000	0.0000	0.0000	0.0000	0.0000	0.0000	0.0000	0.0000	0.0000	0.0001	0.0000	0.0003	0.0000	0.0003	0.0000	0.0134	2.0720	-0.0000	0.0000	4.0532	2.6632	2.2470	1.0147	0.0000	0.0000	0.0000	0.0000	0.0000	0.0000	0.0000	0.0000	0.0000	0.0000	0.0000	0.0000	0.0000	0.0000	0.0000	0.0000	0.0000	0.0000	0.0741	0.0669	0.0071	0.0359	0.0336	0.0023	0.0381	0.0333	0.0048	0.0149	0.0086	0.0063	0.0031	0.0028	0.0003	0.0117	0.0058	0.0060	0.0909	0.1754	0.0079	0.0192	0.0387	0.0000	0.2598	1.9519	0.0216	0.0000	0.0000	0.0000	0.0001	0.0000	0.0003	0.0000	0.0000	0.0000
86	93	0.1301	6	1	0	1	0	0	0	0	0	N	N	N	N	N	N	N	N	N	N	N	N	0.3259	0.2561	0.8232	0.2359	0.2379	0.0000	0.3867	0.0985	1.1024	0.0007	0.0007	0.0007	0.0007	0.0008	0.0000	0.0007	0.0007	0.0009	0.0023	0.0029	0.0009	0.0031	0.0033	0.0021	0.0019	0.0073	0.0008	0.1246	0.6165	-0.0001	-0.0000	4.0532	35.0787	2.2470	12.2568	0.0005	0.0005	0.0001	0.0002	0.0002	0.0000	0.0004	0.0003	0.0001	0.0002	0.0001	0.0001	0.0001	0.0001	0.0000	0.0001	0.0000	0.0001	0.7321	0.6519	0.0801	0.2328	0.2167	0.0161	0.4993	0.4353	0.0640	0.1811	0.1012	0.0800	0.0345	0.0307	0.0039	0.1466	0.0705	0.0761	0.7026	0.6334	0.8232	0.2359	0.2437	0.0000	1.2881	2.4783	1.1024	0.0011	0.0012	0.0009	0.0031	0.0032	0.0021	0.0006	0.0003	0.0008
86	94	0.1166	5	1	0	0	0	0	0	0	0	N	N	N	N	N	N	N	N	N	N	N	N	0.0304	0.0203	0.0388	0.0563	0.0511	0.1803	0.0175	0.0021	0.0365	0.0008	0.0009	0.0004	0.0012	0.0012	0.0008	0.0006	0.0007	0.0003	0.0272	0.0432	0.0095	0.0210	0.0237	0.0042	0.0362	0.3279	0.0077	0.0471	0.6648	-0.0000	-0.0001	4.0532	8.4810	2.2470	2.3446	0.0002	0.0002	0.0000	0.0001	0.0001	0.0000	0.0001	0.0001	0.0000	0.0003	0.0002	0.0001	0.0001	0.0001	0.0000	0.0002	0.0001	0.0001	0.2332	0.2097	0.0234	0.0816	0.0772	0.0044	0.1516	0.1325	0.0191	0.0462	0.0259	0.0203	0.0087	0.0078	0.0009	0.0375	0.0181	0.0194	0.1258	0.1247	0.0619	0.0971	0.0921	0.1803	0.1204	0.1552	0.0466	0.0066	0.0070	0.0060	0.0122	0.0131	0.0042	0.0053	0.0044	0.0061
86	95	0.0539	3	0	1	0	1	0	0	0	0	N	N	N	N	N	N	N	N	N	N	N	N	2.5260	2.0029	0.0000	5.4785	5.7974	0.0000	0.1907	0.8967	0.0000	0.9827	1.1193	0.0000	4.5971	5.0514	0.0000	0.0048	0.0055	0.0000	0.3890	0.5589	0.0169	0.8391	0.8713	0.0400	0.0253	0.0062	0.0114	0.0000	0.1750	-0.1355	-0.0026	4.0532	24.0032	2.2470	22.6134	0.4718	0.4718	0.0000	0.4699	0.4699	0.0000	0.0018	0.0018	0.0000	0.0055	0.0047	0.0008	0.0047	0.0046	0.0001	0.0007	0.0000	0.0007	0.4801	0.4215	0.0586	0.1022	0.0930	0.0092	0.3779	0.3284	0.0494	0.2008	0.1097	0.0910	0.0303	0.0272	0.0031	0.1705	0.0825	0.0879	36.0321	26.3556	0.0000	29.3792	29.6172	0.0000	1.1234	22.8676	0.0000	0.0273	0.0425	0.0090	0.1565	0.1706	0.0335	0.0043	0.0002	0.0081
86	96	0.4713	7	0	1	0	0	0	0	0	0	N	N	N	N	N	N	N	N	N	N	N	N	0.3189	1.0179	0.0000	3.8530	3.4145	0.0005	0.0000	0.0000	0.0000	0.0051	0.0056	0.0000	0.0134	0.0142	0.0000	0.0000	0.0000	0.0000	0.0158	0.0055	0.0182	0.0035	0.0042	0.0004	0.0381	0.0009	0.0166	0.0000	2.9108	-0.0005	0.0001	4.0532	18.5150	2.2470	10.2301	0.0018	0.0018	0.0000	0.0018	0.0018	0.0000	0.0000	0.0000	0.0000	0.0006	0.0001	0.0004	0.0001	0.0001	0.0000	0.0004	0.0000	0.0004	0.3496	0.3129	0.0367	0.1318	0.1241	0.0077	0.2178	0.1888	0.0290	0.1191	0.0760	0.0430	0.0428	0.0386	0.0042	0.0763	0.0374	0.0388	1.0800	3.0122	0.0000	3.9898	3.8625	0.0005	0.0000	0.0016	0.0000	0.0047	0.0019	0.0096	0.0034	0.0037	0.0004	0.0054	0.0000	0.0106
86	97	0.0830	4	0	1	0	0	0	0	0	0	N	N	N	N	N	N	N	N	N	N	N	N	0.0075	0.0069	0.0000	0.0001	0.0001	0.0000	0.0131	0.0082	0.0000	0.0049	0.0056	0.0000	0.0002	0.0002	0.0000	0.0063	0.0073	0.0000	0.6552	0.8117	0.0849	1.2595	1.3099	0.1273	0.4833	0.8832	0.0662	0.0000	0.2847	-0.0013	-0.0074	4.0532	46.1140	2.2470	26.4917	0.0044	0.0044	0.0000	0.0000	0.0000	0.0000	0.0043	0.0043	0.0000	0.0183	0.0142	0.0040	0.0112	0.0109	0.0003	0.0071	0.0033	0.0037	0.8823	0.7785	0.1038	0.1999	0.1833	0.0166	0.6824	0.5952	0.0872	0.2767	0.1531	0.1236	0.0413	0.0373	0.0039	0.2354	0.1157	0.1197	0.0750	0.0604	0.0000	0.0006	0.0006	0.0000	0.2117	0.2545	0.0000	0.0660	0.0928	0.0327	0.2711	0.2918	0.0752	0.0300	0.0286	0.0313
86	98	0.5242	9	0	1	0	0	0	0	0	0	N	N	N	N	N	N	N	N	N	N	N	N	0.0080	0.0026	0.0803	0.0237	0.0189	0.2522	0.1010	0.0674	0.0000	0.0006	0.0007	0.0000	0.0016	0.0017	0.0002	0.0000	0.0001	0.0000	0.0754	0.2557	0.0004	0.0693	0.0916	0.0006	0.0004	0.0008	0.0003	0.0051	0.0141	-0.0001	-0.0006	4.0532	20.7840	2.2470	8.9470	0.0002	0.0002	0.0000	0.0002	0.0002	0.0000	0.0000	0.0000	0.0000	0.0009	0.0009	0.0000	0.0009	0.0009	0.0000	0.0000	0.0000	0.0000	0.3353	0.3000	0.0352	0.1173	0.1108	0.0065	0.2180	0.1892	0.0287	0.0917	0.0567	0.0350	0.0308	0.0261	0.0047	0.0609	0.0307	0.0302	0.0607	0.0423	0.0803	0.0561	0.0501	0.2522	0.2700	9.2053	0.0000	0.0100	0.0159	0.0004	0.0293	0.0345	0.0006	0.0002	0.0000	0.0003
86	99	0.5193	8	0	0	0	0	0	0	0	0	N	N	N	N	N	N	N	N	N	N	N	N	0.0942	0.0211	4.3828	0.3831	0.3505	1.3572	0.0659	0.0052	9.1935	0.0062	0.0043	0.0229	0.0043	0.0042	0.0057	0.0093	0.0045	0.0369	0.0660	0.2048	0.0052	0.0113	0.0121	0.0042	0.1419	0.8529	0.0040	0.6049	0.2206	0.0001	-0.0001	4.0532	2.7834	2.2470	1.0450	0.0008	0.0005	0.0003	0.0004	0.0003	0.0000	0.0005	0.0002	0.0003	0.0003	0.0002	0.0001	0.0001	0.0001	0.0000	0.0002	0.0001	0.0000	0.1353	0.1215	0.0138	0.0846	0.0784	0.0062	0.0507	0.0430	0.0076	0.0306	0.0174	0.0131	0.0126	0.0120	0.0006	0.0180	0.0055	0.0125	0.6555	0.3167	5.7413	0.5580	0.5317	1.3572	0.8759	0.1714	9.2809	0.0095	0.0136	0.0040	0.0078	0.0080	0.0042	0.0107	0.0261	0.0040
86	100	0.5093	7	0	0	0	0	0	0	0	0	N	N	N	N	N	N	N	N	N	N	N	N	0.4856	0.0119	1.6507	0.0074	0.0074	0.8496	0.9677	0.0519	2.5067	0.5858	0.0169	5.8006	0.0175	0.0178	0.0133	1.2637	0.0159	9.2309	1.2063	1.4216	3.5139	2.3477	2.4167	0.0157	1.3059	0.3058	3.6825	37.3468	0.9636	0.1016	-0.0074	4.0532	7.6044	2.2470	2.7972	0.1480	0.0039	0.1441	0.0024	0.0023	0.0001	0.1456	0.0016	0.1440	0.0540	0.0275	0.0265	0.0275	0.0275	0.0000	0.0265	0.0001	0.0265	0.2526	0.2278	0.0248	0.1374	0.1282	0.0092	0.1152	0.0996	0.0156	0.0701	0.0426	0.0275	0.0291	0.0271	0.0020	0.0410	0.0155	0.0255	0.7599	0.0262	6.0140	0.0185	0.0175	0.8496	1.9522	3.8347	8.8800	0.7709	0.6459	0.9645	0.9452	1.0143	0.0157	0.6473	0.0041	1.0395
86	101	0.4597	6	0	0	0	0	0	0	0	0	N	N	N	N	N	N	N	N	N	N	N	N	0.6715	1.5825	0.7233	30.1104	18.6874	651.4998	0.0099	0.0053	0.0213	0.6638	0.4626	2.3834	1.7451	1.1646	11.2048	0.0121	0.0028	0.0729	0.9886	0.2923	3.2950	0.0580	0.0623	0.0172	1.2290	0.5374	3.4240	0.6028	25.9236	0.0211	0.0119	4.0532	18.4780	2.2470	12.4520	0.2377	0.1483	0.0894	0.2350	0.1477	0.0872	0.0027	0.0005	0.0022	0.0357	0.0013	0.0344	0.0011	0.0010	0.0001	0.0346	0.0003	0.0343	0.3580	0.3205	0.0375	0.1346	0.1269	0.0078	0.2234	0.1937	0.0297	0.1210	0.0756	0.0454	0.0420	0.0375	0.0045	0.0789	0.0380	0.0409	2.2492	26.3692	3.1465	67.6877	43.4357	651.4998	0.0277	0.3363	0.0868	0.2951	0.0175	0.7575	0.0258	0.0268	0.0172	0.4387	0.0084	0.8391
86	102	0.1679	6	0	1	0	0	0	0	0	0	N	N	N	N	N	N	N	N	N	N	N	N	0.9538	0.9552	0.0001	1.7096	1.7425	0.0098	0.1122	0.0995	0.0000	0.8165	0.9101	0.0001	2.0125	2.1501	0.0003	0.1021	0.1168	0.0000	0.8561	0.9528	1.3282	1.1771	1.2339	0.0357	0.9093	1.1734	1.2926	0.0000	0.8902	-0.2100	-0.0058	4.0532	34.1922	2.2470	22.4626	0.7315	0.7315	0.0000	0.6743	0.6743	0.0000	0.0572	0.0572	0.0000	0.0365	0.0193	0.0172	0.0137	0.0136	0.0002	0.0228	0.0058	0.0170	0.8959	0.8038	0.0922	0.3351	0.3136	0.0215	0.5609	0.4902	0.0707	0.2454	0.1444	0.1009	0.0566	0.0511	0.0055	0.1888	0.0934	0.0954	5.4820	6.7983	0.0005	8.2878	8.0874	0.0116	0.8450	1.8938	0.0000	0.1489	0.1339	0.1705	0.2428	0.2659	0.0302	0.1208	0.0617	0.1786
86	103	0.1201	5	0	1	0	0	0	0	0	0	N	N	N	N	N	N	N	N	N	N	N	N	1.9359	2.6495	0.2402	10.5095	11.4643	12.0271	0.2483	0.2462	0.0274	1.4877	1.6389	0.3043	4.1393	4.3620	1.3256	0.2189	0.2472	0.0334	0.7685	0.6186	1.2668	0.3939	0.3805	0.1102	0.8816	1.0042	1.2214	0.0237	2.5189	-0.2108	0.0014	4.0532	22.5884	2.2470	11.0115	0.7987	0.7802	0.0185	0.7192	0.7023	0.0169	0.0795	0.0779	0.0016	0.0157	0.0044	0.0112	0.0024	0.0022	0.0002	0.0133	0.0023	0.0110	0.5369	0.4761	0.0608	0.1738	0.1610	0.0127	0.3631	0.3151	0.0481	0.1518	0.0840	0.0678	0.0302	0.0273	0.0028	0.1216	0.0566	0.0650	14.4194	30.9325	1.8400	52.8686	54.9360	19.6339	2.0022	6.1456	0.1971	0.1032	0.0530	0.1654	0.0783	0.0794	0.0675	0.1093	0.0402	0.1696
86	104	0.0900	4	0	0	0	0	0	0	0	0	N	N	N	N	N	N	N	N	N	N	N	N	30.1131	15.5746	49.0228	454.7311	447.0051	393.5010	4.9368	1.0671	11.1096	2.4681	2.7111	0.6127	6.3750	6.7068	2.4514	0.6426	0.7245	0.1108	0.0820	0.1741	0.0125	0.0140	0.0150	0.0062	0.1302	0.6790	0.0100	0.0296	0.4775	-0.1840	-0.0003	4.0532	11.8100	2.2470	8.7888	0.7120	0.6916	0.0205	0.5857	0.5681	0.0176	0.1264	0.1234	0.0029	0.0010	0.0007	0.0003	0.0002	0.0002	0.0000	0.0008	0.0005	0.0003	0.2885	0.2551	0.0334	0.0919	0.0847	0.0072	0.1966	0.1704	0.0262	0.0973	0.0537	0.0436	0.0182	0.0166	0.0017	0.0791	0.0371	0.0420	243.2127	217.6540	83.8025	699.9785	713.5783	393.5010	61.8631	52.4279	15.0632	0.0101	0.0125	0.0073	0.0091	0.0094	0.0062	0.0104	0.0138	0.0074
86	105	0.0539	3	0	0	0	0	0	0	0	0	N	N	N	N	N	N	N	N	N	N	N	N	136.4422	36.5221	462.0902	0.0703	0.0653	0.2546	811.2555	92.7039	596.6378	2.8296	3.1518	0.5387	0.0043	0.0047	0.0010	3.6006	4.0513	0.6400	0.0207	0.0863	0.0012	0.0615	0.0713	0.0038	0.0044	0.0437	0.0011	0.0240	0.1009	-0.2254	-0.0003	4.0532	14.7392	2.2470	7.3617	0.8551	0.8350	0.0201	0.0003	0.0003	0.0000	0.8548	0.8347	0.0201	0.0006	0.0005	0.0001	0.0005	0.0005	0.0000	0.0001	0.0001	0.0000	0.3022	0.2649	0.0373	0.0648	0.0589	0.0059	0.2374	0.2060	0.0314	0.1060	0.0593	0.0467	0.0180	0.0164	0.0016	0.0881	0.0430	0.0451	505.2089	346.6987	462.0902	0.1569	0.1560	0.2546	3222.5714	3479.6881	596.6378	0.0056	0.0091	0.0012	0.0276	0.0299	0.0038	0.0011	0.0012	0.0011
86	106	0.1267	6	0	1	0	0	0	0	0	0	N	N	N	N	N	N	N	N	N	N	N	N	0.5709	0.2369	5.8781	0.7164	0.4219	4.5935	0.0001	0.0000	0.0000	0.0000	0.0000	0.0001	0.0001	0.0001	0.0007	0.0000	0.0000	0.0000	0.0001	0.0001	0.0000	0.0002	0.0002	0.0001	0.0001	0.0026	0.0000	0.8236	0.2151	0.0000	-0.0000	4.0532	20.0414	2.2470	7.0324	0.0000	0.0000	0.0000	0.0000	0.0000	0.0000	0.0000	0.0000	0.0000	0.0000	0.0000	0.0000	0.0000	0.0000	0.0000	0.0000	0.0000	0.0000	0.4226	0.3759	0.0467	0.1374	0.1273	0.0100	0.2853	0.2486	0.0367	0.1049	0.0581	0.0468	0.0179	0.0159	0.0020	0.0870	0.0422	0.0447	0.5709	0.2369	5.8781	0.7164	0.4219	4.5935	0.0002	0.0001	0.0000	0.0001	0.0001	0.0000	0.0002	0.0002	0.0001	0.0000	0.0001	0.0000
86	107	0.1166	5	0	0	0	0	0	0	0	0	N	N	N	N	N	N	N	N	N	N	N	N	0.0094	0.0021	0.0080	0.0562	0.0515	0.0049	0.0010	0.0001	0.0064	0.0004	0.0004	0.0000	0.0009	0.0010	0.0000	0.0001	0.0001	0.0000	0.0397	0.1986	0.0006	0.0165	0.0190	0.0022	0.0601	0.6913	0.0005	0.0012	0.0337	-0.0000	-0.0002	4.0532	7.0315	2.2470	1.2144	0.0001	0.0001	0.0000	0.0001	0.0001	0.0000	0.0000	0.0000	0.0000	0.0003	0.0003	0.0000	0.0001	0.0001	0.0000	0.0002	0.0002	0.0000	0.2050	0.1850	0.0201	0.0741	0.0704	0.0037	0.1309	0.1146	0.0164	0.0360	0.0203	0.0157	0.0070	0.0063	0.0007	0.0290	0.0140	0.0150	0.0480	0.0310	0.0080	0.0906	0.0875	0.0049	0.0083	0.0047	0.0064	0.0078	0.0134	0.0006	0.0103	0.0112	0.0022	0.0072	0.0143	0.0005
86	108	0.0830	4	0	0	0	0	0	0	0	0	N	N	N	N	N	N	N	N	N	N	N	N	0.0039	0.0036	0.0000	0.0130	0.0136	0.0000	0.0000	0.0000	0.0000	0.0026	0.0029	0.0000	0.0107	0.0117	0.0000	0.0000	0.0000	0.0000	0.6635	0.8267	0.0851	0.8294	0.8604	0.0144	0.6447	1.2205	0.0733	0.0000	0.2695	-0.0003	-0.0026	4.0532	16.2725	2.2470	4.4748	0.0009	0.0009	0.0000	0.0009	0.0009	0.0000	0.0000	0.0000	0.0000	0.0063	0.0050	0.0013	0.0025	0.0024	0.0000	0.0039	0.0026	0.0013	0.3497	0.3080	0.0417	0.0843	0.0776	0.0067	0.2654	0.2304	0.0350	0.0934	0.0523	0.0411	0.0160	0.0146	0.0013	0.0774	0.0377	0.0398	0.0382	0.0309	0.0000	0.0696	0.0699	0.0000	0.0002	0.0002	0.0000	0.0680	0.0956	0.0328	0.1544	0.1670	0.0144	0.0501	0.0678	0.0334
86	109	0.1358	5	0	1	0	0	0	0	0	0	N	N	N	N	N	N	N	N	N	N	N	N	10.2294	5.8937	0.0736	20.5379	21.4394	0.0483	3.6783	22.1638	0.1367	1.1558	1.3370	0.0011	2.9992	3.5619	0.0005	0.0946	0.1076	0.0016	0.1130	0.2268	0.0152	0.1460	0.1661	0.0104	0.0257	0.0049	0.0115	0.0001	0.4556	-0.3158	-0.0008	4.0532	40.5309	2.2470	14.7974	1.1004	1.1003	0.0001	1.0433	1.0432	0.0000	0.0572	0.0570	0.0001	0.0026	0.0018	0.0008	0.0018	0.0018	0.0001	0.0008	0.0000	0.0008	0.9521	0.8230	0.1291	0.3478	0.2929	0.0550	0.6042	0.5301	0.0741	0.2207	0.1229	0.0978	0.0418	0.0365	0.0052	0.1790	0.0864	0.0926	98.5367	92.3867	0.1347	68.9034	73.7495	0.0483	21.9440	603.4741	0.1926	0.0117	0.0145	0.0083	0.0435	0.0483	0.0104	0.0043	0.0002	0.0082
86	110	0.1099	4	0	1	0	0	0	0	0	0	N	N	N	N	N	N	N	N	N	N	N	N	20.4351	6.5245	296.6316	26.4423	19.0720	416.0802	11.2964	0.6080	72.5314	0.3884	0.3381	0.6566	0.6355	0.5472	0.9620	0.1780	0.1802	0.1601	0.0190	0.0518	0.0022	0.0240	0.0287	0.0023	0.0158	0.2964	0.0022	0.3650	0.2238	-0.0036	-0.0002	4.0532	13.5236	2.2470	3.5331	0.1836	0.1345	0.0491	0.1382	0.0937	0.0445	0.0454	0.0409	0.0046	0.0004	0.0004	0.0001	0.0002	0.0002	0.0000	0.0002	0.0001	0.0001	0.4727	0.3979	0.0748	0.2175	0.1712	0.0463	0.2552	0.2267	0.0285	0.0821	0.0464	0.0357	0.0174	0.0154	0.0020	0.0647	0.0310	0.0338	73.7972	44.4182	296.6316	46.8470	36.5047	416.0802	58.6406	45.7828	72.5314	0.0053	0.0076	0.0022	0.0136	0.0150	0.0023	0.0030	0.0039	0.0022
86	111	0.0539	3	0	0	0	0	0	0	0	0	N	N	N	N	N	N	N	N	N	N	N	N	249.8708	17.2773	72545.4181	35.8317	33.0536	3512.8975	7644.0484	289.1703	83324.1546	4.0917	1.1629	24.9685	2.3865	2.6195	0.0557	4.5561	0.7475	29.6474	0.0164	0.0673	0.0003	0.0666	0.0792	0.0000	0.0006	0.0026	0.0004	3.0122	0.0336	0.6550	-0.0004	4.0532	16.9399	2.2470	15.9768	1.4127	0.3521	1.0606	0.1764	0.1760	0.0004	1.2363	0.1761	1.0602	0.0007	0.0007	0.0000	0.0007	0.0007	0.0000	0.0000	0.0000	0.0000	0.3453	0.3028	0.0425	0.0739	0.0672	0.0067	0.2714	0.2356	0.0358	0.1491	0.0822	0.0669	0.0236	0.0213	0.0023	0.1255	0.0609	0.0647	861.2454	139.4295	72545.4181	82.6613	81.9303	3512.8975	21000.3285	10756.7032	83324.1546	0.0048	0.0083	0.0003	0.0289	0.0320	0.0000	0.0002	0.0001	0.0004
86	112	0.1583	7	1	1	0	1	0	0	0	0	N	N	N	N	N	N	N	N	N	N	N	N	4.9377	2.6130	0.0000	0.3136	0.2980	249.1510	inf	0.0000	0.0010	0.0011	0.0000	0.0003	0.0003	0.0000	0.0015	0.0019	0.0000	0.0002	0.0004	0.0000	0.0009	0.0010	0.0000	0.0000	0.0000	0.0000	0.0000	0.0248	-0.0000	-0.0000	4.0532	0.0019	2.2470	1.9928	0.0000	0.0000	0.0000	0.0000	0.0000	0.0000	0.0000	0.0000	0.0000	0.0000	0.0000	0.0000	0.0000	0.0000	0.0000	0.0000	0.0000	0.0000	0.0001	0.0001	0.0000	0.0000	0.0000	0.0000	0.0001	0.0000	0.0000	0.0083	0.0049	0.0034	0.0018	0.0017	0.0002	0.0065	0.0033	0.0032	4.9377	3.4186	0.0000	0.3136	0.2980	0.0000	249.1510	inf	0.0000	0.0002	0.0003	0.0000	0.0009	0.0010	0.0000	0.0000	0.0000	0.0000	
86	113	0.1347	6	1	1	0	1	0	0	0	0	N	N	N	N	N	N	N	N	N	N	N	N	0.0073	0.0061	0.0000	0.0012	0.0013	0.0000	0.5926	77.6324	0.0000	0.0050	0.0057	0.0000	0.0018	0.0021	0.0000	0.0065	0.0075	0.0000	0.6848	0.9382	0.0060	1.5358	1.5875	0.0002	0.0110	0.0001	0.0047	0.0000	0.0262	-0.0003	-0.0028	4.0532	8.6942	2.2470	6.0502	0.0010	0.0010	0.0000	0.0001	0.0001	0.0000	0.0009	0.0009	0.0000	0.0046	0.0045	0.0001	0.0045	0.0045	0.0000	0.0001	0.0000	0.0001	0.2038	0.1775	0.0263	0.0678	0.0595	0.0083	0.1360	0.1180	0.0180	0.0634	0.0357	0.0277	0.0123	0.0110	0.0013	0.0511	0.0248	0.0263	0.0680	0.0451	0.0000	0.0050	0.0051	0.0000	2.8234	24025.5479	0.0000	0.0731	0.1264	0.0043	0.3666	0.4110	0.0002	0.0023	0.0000	0.0045
86	114	0.1559	10	0	1	0	1	0	0	0	0	N	N	N	N	N	N	N	N	N	N	N	N	0.0000	0.0000	0.0000	0.0000	0.0000	0.0000	0.0000	0.0000	0.0000	0.0000	0.0000	0.0000	0.0000	0.0024	0.0000	0.0017	0.0000	0.0000	0.0000	0.0057	0.0000	0.0017	inf	0.0000	0.0000	4.0532	0.0001	2.2470	0.0001	0.0000	0.0000	0.0000	0.0000	0.0000	0.0000	0.0000	0.0000	0.0000	0.0000	0.0000	0.0000	0.0000	0.0000	0.0000	0.0000	0.0000	0.0000	0.0000	0.0000	0.0000	0.0000	0.0000	0.0000	0.0000	0.0000	0.0000	0.0000	0.0000	0.0000	0.0000	0.0000	0.0000	0.0000	0.0000	0.0000	0.0000	0.0000	0.0000	0.0000	0.0000	0.0000	0.0000	0.0000	0.0000	0.0011	0.0000	0.0017	0.0000	0.0000	0.0000	0.0014	0.0000	0.0017						
86	115	0.1492	9	0	1	0	1	0	0	0	0	N	N	N	N	N	N	N	N	N	N	N	N	0.0000	0.0000	0.0000	0.0000	0.0000	0.0000	0.0000	0.0000	0.0000	0.0000	0.0000	0.0000	0.0000	0.0000	0.0000	0.0000	0.0067	0.0026	0.0056	0.0032	0.0040	0.0000	0.0102	0.0000	0.0046	3.0001	0.0000	0.0000	4.0532	3.0007	2.2470	1.0012	0.0000	0.0000	0.0000	0.0000	0.0000	0.0000	0.0000	0.0000	0.0000	0.0000	0.0000	0.0000	0.0000	0.0000	0.0000	0.0000	0.0000	0.0000	0.0627	0.0553	0.0075	0.0164	0.0151	0.0013	0.0463	0.0401	0.0062	0.0166	0.0093	0.0073	0.0031	0.0028	0.0004	0.0134	0.0066	0.0069	0.0000	0.0000	0.0000	0.0000	0.0000	0.0000	0.0000	0.0000	0.0000	0.0024	0.0011	0.0041	0.0032	0.0036	0.0000	0.0022	0.0000	0.0044			
86	116	0.1473	8	0	0	0	1	0	0	0	0	N	N	N	N	N	N	N	N	N	N	N	N	0.0000	0.0000	0.0000	0.0000	0.0000	0.0000	0.0000	0.0000	0.0000	0.0000	0.0000	0.0000	0.0000	0.0000	0.0000	0.0000	0.0000	0.0000	0.0000	0.0000	0.0000	0.0000	0.0000	0.0000	0.0000	2.5002	0.0000	0.0000	4.0532	1.1177	2.2470	0.0023	0.0000	0.0000	0.0000	0.0000	0.0000	0.0000	0.0000	0.0000	0.0000	0.0000	0.0000	0.0000	0.0000	0.0000	0.0000	0.0000	0.0000	0.0000	0.0244	0.0216	0.0028	0.0071	0.0065	0.0005	0.0174	0.0151	0.0023	0.0047	0.0026	0.0020	0.0009	0.0008	0.0001	0.0038	0.0018	0.0019	0.0000	0.0000	0.0000	0.0000	0.0000	0.0000	0.0000	0.0000	0.0000	0.0000	0.0000	0.0000	0.0000	0.0000	0.0000	0.0000	0.0000	0.0000			
86	117	0.1443	4	0	1	0	0	0	0	0	0	N	N	N	N	N	N	N	N	N	N	N	N	0.0114	0.0028	0.5835	0.0156	0.0165	0.0853	0.0603	0.0057	1.1354	0.0024	0.0009	0.0153	0.0036	0.0032	0.0128	0.0020	0.0001	0.0156	0.2134	0.3177	0.0262	0.2339	0.1946	0.1500	0.0338	0.0133	0.0137	2.0385	0.5183	0.0006	-0.0011	4.0532	31.2782	2.2470	23.9277	0.0014	0.0005	0.0010	0.0005	0.0004	0.0001	0.0009	0.0000	0.0009	0.0038	0.0025	0.0013	0.0029	0.0025	0.0004	0.0009	0.0000	0.0009	0.5934	0.5302	0.0633	0.1452	0.1386	0.0066	0.4483	0.3916	0.0567	0.2367	0.1363	0.1004	0.0523	0.0473	0.0050	0.1844	0.0890	0.0954	0.1502	0.0484	1.1741	0.0657	0.0613	0.1514	0.4037	0.1543	1.6766	0.0162	0.0185	0.0130	0.0554	0.0524	0.0846	0.0050	0.0005	0.0093
86	118	0.1473	8	0	0	1	1	0	0	0	0	N	N	N	N	N	N	N	N	N	N	N	N	0.0000	0.0000	0.0000	0.0000	0.0000	0.0000	0.0000	0.0000	0.0000	0.0000	0.0000	0.0000	0.0000	0.0000	0.0000	0.0000	0.0000	0.0000	0.0000	0.0000	-0.0000	4.0532	3.8827	2.2470	2.9998	0.0000	0.0000	0.0000	0.0000	0.0000	0.0000	0.0000	0.0000	0.0000	0.0000	0.0000	0.0000	0.0000	0.0000	0.0000	0.0000	0.0000	0.0000	0.0819	0.0722	0.0097	0.0220	0.0203	0.0017	0.0599	0.0519	0.0080	0.0283	0.0159	0.0124	0.0053	0.0047	0.0007	0.0229	0.0112	0.0117	0.0000	0.0000	0.0000	0.0000	0.0000	0.0000	0.0000	0.0000	0.0000	0.0000	0.0000	0.0000	0.0000	0.0000	0.0000	0.0000	0.0000	0.0000										
86	119	0.1444	7	0	0	0	1	0	0	0	0	N	N	N	N	N	N	N	N	N	N	N	N	0.4843	7.6002	0.0125	6.2800	5.8805	inf	0.0275	inf	0.0000	0.0000	0.0000	0.0000	0.0000	0.0000	0.0000	0.0000	0.0000	0.0000	0.0000	0.0000	0.0001	0.0000	0.0000	0.0000	0.0001	0.0000	0.0001	0.0062	24.1248	-0.0000	0.0000	4.0532	2.8083	2.2470	0.0030	0.0000	0.0000	0.0000	0.0000	0.0000	0.0000	0.0000	0.0000	0.0000	0.0000	0.0000	0.0000	0.0000	0.0000	0.0000	0.0000	0.0000	0.0000	0.0703	0.0627	0.0077	0.0230	0.0214	0.0016	0.0474	0.0412	0.0061	0.0118	0.0066	0.0052	0.0022	0.0020	0.0003	0.0095	0.0046	0.0049	0.4843	7.6002	0.0125	6.2800	5.8805	inf	0.0675	inf	0.0000	0.0000	0.0000	0.0001	0.0000	0.0000	0.0000	0.0000	0.0000	0.0001
86	120	0.1444	7	0	0	1	1	0	0	0	0	N	N	N	N	N	N	N	N	N	N	N	N	0.5507	8.8607	0.0135	8.4891	7.9967	inf	0.0453	inf	0.0000	0.0000	0.0000	0.0000	0.0000	0.0000	0.0000	0.0000	0.0000	0.0000	0.0000	0.0000	0.0000	0.0000	0.0000	0.0000	0.0000	0.0000	0.0000	0.0062	24.5941	-0.0000	0.0000	4.0532	9.6158	2.2470	0.0030	0.0000	0.0000	0.0000	0.0000	0.0000	0.0000	0.0000	0.0000	0.0000	0.0000	0.0000	0.0000	0.0000	0.0000	0.0000	0.0000	0.0000	0.0000	0.2086	0.1845	0.0241	0.0580	0.0536	0.0043	0.1506	0.1309	0.0197	0.0395	0.0221	0.0174	0.0074	0.0065	0.0009	0.0321	0.0156	0.0165	0.5507	8.8607	0.0135	8.4891	7.9967	inf	0.0716	inf	0.0000	0.0000	0.0000	0.0000	0.0000	0.0000	0.0000	0.0000	0.0000	0.0000
86	121	0.1347	6	0	0	0	1	0	0	0	0	N	N	N	N	N	N	N	N	N	N	N	N	0.7543	39.0244	0.0264	25.7034	29.1474	1.5886	0.0605	4.4144	0.0000	0.0053	0.0061	0.0002	0.0115	0.0133	0.0006	0.0010	0.0012	0.0000	0.0070	0.0002	0.0090	0.0004	0.0005	0.0004	0.0166	0.0003	0.0077	0.0062	27.8065	-0.0002	0.0000	4.0532	4.2457	2.2470	2.0144	0.0006	0.0006	0.0000	0.0005	0.0005	0.0000	0.0001	0.0001	0.0000	0.0001	0.0000	0.0001	0.0000	0.0000	0.0000	0.0001	0.0000	0.0001	0.1145	0.0988	0.0157	0.0469	0.0402	0.0067	0.0676	0.0586	0.0090	0.0293	0.0167	0.0126	0.0063	0.0057	0.0006	0.0230	0.0110	0.0120	2.0630	39.0244	0.0413	25.7034	29.1474	1.5886	0.3191	1258.4486	0.0000	0.0026	0.0002	0.0058	0.0004	0.0005	0.0004	0.0032	0.0000	0.0060
86	122	0.0926	5	0	0	0	1	0	0	0	0	N	N	N	N	N	N	N	N	N	N	N	N	0.7295	0.5147	0.0778	0.4268	0.4282	0.0622	1.4672	1.2359	0.0010	0.0028	0.0032	0.0001	0.0048	0.0054	0.0003	0.0019	0.0022	0.0000	0.0038	0.0062	0.0009	0.0113	0.0127	0.0043	0.0013	0.0018	0.0008	0.0032	0.3622	-0.0002	-0.0001	4.0532	11.9190	2.2470	13.1740	0.0008	0.0008	0.0000	0.0004	0.0004	0.0000	0.0004	0.0004	0.0000	0.0002	0.0001	0.0000	0.0001	0.0001	0.0000	0.0000	0.0000	0.0000	0.2728	0.2384	0.0344	0.0815	0.0723	0.0092	0.1912	0.1660	0.0252	0.1042	0.0572	0.0470	0.0159	0.0144	0.0016	0.0883	0.0428	0.0454	1.8033	1.5377	0.0778	0.6214	0.6629	0.0622	4.5039	61.3426	0.0010	0.0016	0.0021	0.0009	0.0078	0.0082	0.0043	0.0004	0.0000	0.0008
86	123	0.5195	9	0	0	1	1	0	0	0	0	N	N	N	N	N	N	N	N	N	N	N	N	0.0000	0.0000	0.0000	0.0000	0.0000	0.0000	0.0000	0.0000	0.0000	0.0000	0.0000	0.0000	0.0000	0.0000	0.0000	0.0000	0.0000	0.0000	0.3806	0.5500	0.0006	0.0049	0.0057	0.0007	0.5596	1.2735	0.0006	0.0086	0.0000	-0.0010	4.0532	12.8936	2.2470	4.1514	0.0000	0.0000	0.0000	0.0000	0.0000	0.0000	0.0000	0.0000	0.0000	0.0016	0.0015	0.0000	0.0001	0.0001	0.0000	0.0015	0.0014	0.0000	0.2491	0.2243	0.0249	0.1004	0.0950	0.0054	0.1487	0.1292	0.0195	0.0593	0.0372	0.0221	0.0212	0.0187	0.0025	0.0381	0.0185	0.0196	0.0000	0.0000	0.0000	0.0000	0.0000	0.0000	0.0000	0.0000	0.0000	0.0262	0.0414	0.0006	0.0042	0.0047	0.0007	0.0384	0.0784	0.0006	
86	124	0.1079	6	0	1	0	0	0	0	0	0	N	N	N	N	N	N	N	N	N	N	N	N	0.0003	0.0002	0.0209	0.0006	0.0006	0.0310	0.0030	0.0206	0.0213	0.0001	0.0001	0.0001	0.0003	0.0004	0.0001	0.0000	0.0000	0.0001	0.2980	0.5024	0.0042	0.5861	0.6205	0.0048	0.0079	0.0008	0.0036	0.1110	0.0884	-0.0000	-0.0010	4.0532	12.7386	2.2470	8.7370	0.0000	0.0000	0.0000	0.0000	0.0000	0.0000	0.0000	0.0000	0.0000	0.0019	0.0017	0.0002	0.0017	0.0017	0.0000	0.0001	0.0000	0.0001	0.2704	0.2386	0.0318	0.0677	0.0625	0.0052	0.2027	0.1761	0.0266	0.0924	0.0509	0.0415	0.0157	0.0142	0.0014	0.0768	0.0367	0.0401	0.0052	0.0032	0.0243	0.0032	0.0030	0.0310	0.0127	2.7808	0.0213	0.0201	0.0335	0.0036	0.1092	0.1197	0.0048	0.0019	0.0000	0.0036
86	125	0.0926	5	0	1	0	0	0	0	0	0	N	N	N	N	N	N	N	N	N	N	N	N	0.0912	0.0932	0.0103	0.1685	0.1741	0.0441	0.0237	0.1114	0.0008	0.0030	0.0035	0.0001	0.0082	0.0092	0.0005	0.0006	0.0007	0.0000	0.0334	0.0372	0.0144	0.0485	0.0529	0.0107	0.0246	0.0060	0.0110	0.0063	1.0207	-0.0002	-0.0000	4.0532	8.6431	2.2470	1.4782	0.0006	0.0006	0.0000	0.0006	0.0005	0.0000	0.0001	0.0001	0.0000	0.0003	0.0002	0.0002	0.0002	0.0002	0.0000	0.0002	0.0000	0.0002	0.2089	0.1821	0.0268	0.0677	0.0596	0.0081	0.1411	0.1225	0.0187	0.0444	0.0244	0.0200	0.0071	0.0065	0.0007	0.0372	0.0179	0.0193	0.4250	0.5379	0.0185	0.3646	0.3904	0.0441	0.1378	2.8177	0.0011	0.0072	0.0064	0.0080	0.0224	0.0236	0.0107	0.0042	0.0002	0.0079
86	126	0.0830	4	0	0	0	0	0	0	0	0	N	N	N	N	N	N	N	N	N	N	N	N	0.0153	0.0264	0.0009	0.1225	0.1361	0.0564	0.0021	0.0049	0.0000	0.0092	0.0103	0.0005	0.0289	0.0305	0.0034	0.0014	0.0016	0.0000	0.5973	0.3880	0.6177	0.2358	0.2244	0.0610	0.6647	0.3393	0.5020	0.0065	2.9429	-0.0003	0.0002	4.0532	4.1618	2.2470	2.0491	0.0010	0.0010	0.0000	0.0009	0.0009	0.0000	0.0001	0.0001	0.0000	0.0018	0.0005	0.0014	0.0004	0.0004	0.0000	0.0014	0.0001	0.0013	0.1084	0.0962	0.0122	0.0305	0.0286	0.0019	0.0779	0.0675	0.0103	0.0340	0.0199	0.0141	0.0075	0.0071	0.0004	0.0264	0.0128	0.0136	0.1715	0.4432	0.0055	0.5181	0.5418	0.0744	0.0271	0.3532	0.0000	0.0534	0.0231	0.0961	0.0558	0.0564	0.0462	0.0527	0.0047	0.0977
86	127	0.0539	3	0	0	0	0	0	0	0	0	N	N	N	N	N	N	N	N	N	N	N	N	0.0001	0.0001	0.0000	0.0003	0.0004	0.0000	0.0000	0.0000	0.0000	0.0001	0.0001	0.0000	0.0003	0.0003	0.0000	0.0000	0.0000	0.0000	0.8466	0.6825	1.8373	0.9295	0.9379	0.1539	0.9376	0.6265	1.7282	0.0014	3.0367	-0.0000	0.0015	4.0532	9.4810	2.2470	7.4917	0.0000	0.0000	0.0000	0.0000	0.0000	0.0000	0.0000	0.0000	0.0000	0.0121	0.0030	0.0091	0.0027	0.0026	0.0001	0.0094	0.0004	0.0090	0.1972	0.1727	0.0245	0.0425	0.0386	0.0039	0.1547	0.1342	0.0206	0.0849	0.0482	0.0367	0.0152	0.0140	0.0013	0.0696	0.0342	0.0355	0.0005	0.0013	0.0000	0.0017	0.0018	0.0001	0.0000	0.0006	0.0000	0.1430	0.0624	0.2487	0.1795	0.1879	0.0858	0.1350	0.0112	0.2545
86	128	0.5318	10	1	1	0	0	0	0	0	0	N	N	N	N	N	N	N	N	N	N	N	N	0.0000	0.0000	0.0000	0.0000	0.0000	0.0000	0.0000	0.0000	0.0000	0.0000	0.0000	0.0000	0.0000	0.0000	0.0000	0.0000	0.0000	0.0000	0.0000	0.0000	0.0000	0.0000	0.0000	0.0000	-0.0000	4.0532	2.0107	2.2470	1.9995	0.0000	0.0000	0.0000	0.0000	0.0000	0.0000	0.0000	0.0000	0.0000	0.0000	0.0000	0.0000	0.0000	0.0000	0.0000	0.0000	0.0000	0.0000	0.0366	0.0328	0.0038	0.0147	0.0139	0.0009	0.0219	0.0189	0.0030	0.0131	0.0084	0.0047	0.0049	0.0043	0.0006	0.0082	0.0041	0.0041	0.0000	0.0000	0.0000	0.0000	0.0000	0.0000	0.0000	0.0000	0.0000	0.0000	0.0000	0.0000	0.0000	0.0000	0.0000	0.0000	0.0000	0.0000						
86	129	0.5195	9	1	1	0	0	0	0	0	0	N	N	N	N	N	N	N	N	N	N	N	N	0.0000	0.0000	0.0000	0.0000	0.0000	0.0000	0.0000	0.0000	0.0000	0.0000	0.0000	0.0000	0.0000	0.0000	0.0000	0.0000	0.0000	0.0000	0.0001	0.0002	0.0000	0.0003	0.0004	0.0000	0.0000	0.0005	0.0000	0.0026	0.0000	-0.0000	4.0532	5.6459	2.2470	1.1399	0.0000	0.0000	0.0000	0.0000	0.0000	0.0000	0.0000	0.0000	0.0000	0.0000	0.0000	0.0000	0.0000	0.0000	0.0000	0.0000	0.0000	0.0000	0.1214	0.1099	0.0115	0.0516	0.0491	0.0025	0.0699	0.0609	0.0090	0.0256	0.0159	0.0097	0.0094	0.0084	0.0010	0.0162	0.0076	0.0086	0.0000	0.0000	0.0000	0.0000	0.0000	0.0000	0.0000	0.0000	0.0000	0.0001	0.0002	0.0000	0.0003	0.0004	0.0000	0.0000	0.0000	0.0000	
86	130	0.4892	8	0	0	0	0	0	0	0	0	N	N	N	N	N	N	N	N	N	N	N	N	0.0708	0.0289	0.0816	0.1265	0.1243	0.0005	0.0301	0.0040	0.2559	0.0013	0.0014	0.0001	0.0030	0.0031	0.0000	0.0000	0.0000	0.0001	0.0183	0.0496	0.0014	0.0234	0.0252	0.0093	0.0012	0.0045	0.0006	0.0092	0.1158	-0.0001	-0.0002	4.0532	11.6079	2.2470	5.3766	0.0003	0.0003	0.0000	0.0003	0.0003	0.0000	0.0000	0.0000	0.0000	0.0004	0.0003	0.0000	0.0004	0.0003	0.0000	0.0000	0.0000	0.0000	0.2626	0.2353	0.0273	0.1135	0.1071	0.0064	0.1491	0.1282	0.0209	0.0719	0.0444	0.0275	0.0264	0.0239	0.0026	0.0454	0.0205	0.0249	0.2524	0.1923	0.0816	0.2219	0.2278	0.0005	0.0923	0.1101	0.2559	0.0051	0.0075	0.0014	0.0133	0.0138	0.0093	0.0004	0.0002	0.0006
86	131	0.4713	7	0	0	0	0	0	0	0	0	N	N	N	N	N	N	N	N	N	N	N	N	0.0476	0.0268	1.5965	0.1905	0.1433	27.3659	0.1015	0.0417	1.2371	0.0136	0.0102	0.0445	0.0202	0.0163	0.0900	0.0090	0.0055	0.0319	0.2859	0.3784	0.0278	0.1058	0.1135	0.0033	0.0890	0.1315	0.0258	0.4897	0.3108	0.0001	-0.0005	4.0532	3.9355	2.2470	8.7078	0.0013	0.0009	0.0004	0.0008	0.0006	0.0002	0.0005	0.0003	0.0002	0.0013	0.0010	0.0003	0.0010	0.0010	0.0000	0.0004	0.0000	0.0003	0.0938	0.0844	0.0094	0.0386	0.0365	0.0020	0.0552	0.0478	0.0074	0.0688	0.0453	0.0235	0.0271	0.0250	0.0021	0.0417	0.0203	0.0214	0.6953	0.4479	3.2728	0.5502	0.4127	27.3659	1.0618	2.6240	2.1885	0.0196	0.0227	0.0136	0.0366	0.0394	0.0033	0.0085	0.0021	0.0146
86	132	0.4597	6	0	0	0	0	0	0	0	0	N	N	N	N	N	N	N	N	N	N	N	N	0.0564	0.0371	2.8029	0.1641	0.1390	14.2678	0.1236	0.0137	2.2669	0.0232	0.0200	0.0515	0.0438	0.0396	0.1173	0.0094	0.0057	0.0336	0.4119	0.5408	0.0184	0.2668	0.2848	0.0082	0.0764	0.4158	0.0148	0.2909	0.1375	-0.0002	-0.0008	4.0532	6.2657	2.2470	3.9760	0.0034	0.0026	0.0008	0.0026	0.0022	0.0004	0.0008	0.0004	0.0004	0.0016	0.0014	0.0002	0.0013	0.0013	0.0000	0.0003	0.0001	0.0002	0.1457	0.1309	0.0148	0.0585	0.0554	0.0032	0.0872	0.0755	0.0116	0.0555	0.0356	0.0199	0.0220	0.0201	0.0019	0.0335	0.0155	0.0180	0.8025	0.5043	5.2907	0.7207	0.6012	14.2678	1.1735	0.9731	3.3917	0.0290	0.0397	0.0097	0.0608	0.0658	0.0082	0.0080	0.0059	0.0099
86	133	0.3824	5	0	0	0	0	0	0	0	0	N	N	N	N	N	N	N	N	N	N	N	N	4.2612	2.8339	47.2893	12.2263	12.5759	3.5635	12.9380	9.0326	77.3017	0.9643	0.9250	1.2942	1.1943	1.2742	0.0767	0.8406	0.7241	1.6361	0.2263	0.3264	0.0274	0.0977	0.1013	0.0215	0.0650	0.0802	0.0212	0.1666	0.4398	-0.0752	-0.0011	4.0532	26.7012	2.2470	18.2690	0.5208	0.4464	0.0744	0.2256	0.2246	0.0010	0.2952	0.2218	0.0734	0.0035	0.0024	0.0011	0.0024	0.0023	0.0001	0.0010	0.0001	0.0009	0.5401	0.4826	0.0575	0.1889	0.1763	0.0126	0.3512	0.3063	0.0449	0.2072	0.1284	0.0789	0.0689	0.0629	0.0061	0.1383	0.0655	0.0728	57.5859	49.2758	96.2577	33.8186	34.7640	3.5691	112.2307	445.0673	128.1080	0.0167	0.0188	0.0134	0.0353	0.0367	0.0215	0.0075	0.0016	0.0128
86	134	0.1443	4	0	0	0	0	0	0	0	0	N	N	N	N	N	N	N	N	N	N	N	N	0.6541	0.6084	0.2038	0.0497	0.0507	0.3420	0.9089	1.0139	0.2582	0.5317	0.5760	0.1596	0.0771	0.0792	0.0333	0.6698	0.7400	0.1741	0.8130	0.9467	0.7831	1.5492	1.5617	0.0974	0.7369	0.7298	0.6742	0.0329	0.6538	-0.1420	-0.0117	4.0532	61.4372	2.2470	55.8589	0.5561	0.5384	0.0177	0.0188	0.0184	0.0004	0.5374	0.5200	0.0173	0.0504	0.0305	0.0199	0.0282	0.0278	0.0005	0.0221	0.0027	0.0194	1.0459	0.9348	0.1111	0.2436	0.2321	0.0115	0.8023	0.7027	0.0996	0.4077	0.2317	0.1760	0.0769	0.0690	0.0079	0.3308	0.1627	0.1681	4.3029	4.3809	1.4097	0.2099	0.1970	0.5508	10.0065	44.5848	1.5054	0.1236	0.1315	0.1132	0.3672	0.4023	0.0605	0.0669	0.0166	0.1157
86	135	0.0539	3	0	0	0	0	0	0	0	0	N	N	N	N	N	N	N	N	N	N	N	N	3.2471	3.7375	0.0048	3.2863	3.4126	0.0002	2.8202	3.7828	0.0067	2.3530	2.6766	0.0037	3.5828	3.9325	0.0000	2.0226	2.3234	0.0043	0.7246	0.7161	0.7607	1.0902	1.1524	0.0380	0.7172	0.6142	0.6524	0.0002	1.3469	-0.4203	-0.0010	4.0532	31.7621	2.2470	18.5886	1.4648	1.4645	0.0003	0.4723	0.4723	0.0000	0.9924	0.9922	0.0003	0.0188	0.0080	0.0108	0.0072	0.0071	0.0001	0.0116	0.0009	0.0107	0.6225	0.5471	0.0754	0.1318	0.1201	0.0117	0.4907	0.4270	0.0636	0.2143	0.1170	0.0973	0.0321	0.0288	0.0033	0.1822	0.0882	0.0940	26.8336	39.1010	0.0332	15.9569	15.9339	0.0003	31.8037	224.9105	0.0383	0.0877	0.0685	0.1108	0.2245	0.2468	0.0323	0.0636	0.0103	0.1136
87	89	0.1148	4	0	1	0	0	0	0	0	0	N	N	N	N	N	N	N	N	N	N	N	N	2.3441	0.3580	45.5588	1.9212	0.1403	38.9869	3.7530	5.4139	34.4330	0.0646	0.0180	0.3661	0.0870	0.0067	0.7131	0.0513	0.0250	0.2049	0.0276	0.0504	0.0080	0.0453	0.0477	0.0183	0.0137	0.0046	0.0060	3.1353	0.5129	0.0151	-0.0005	4.7288	15.4622	9.8540	5.2688	0.0320	0.0077	0.0243	0.0161	0.0011	0.0150	0.0159	0.0066	0.0093	0.0017	0.0011	0.0006	0.0011	0.0011	0.0000	0.0005	0.0000	0.0005	0.4956	0.4292	0.0663	0.1850	0.1639	0.0210	0.3106	0.2653	0.0453	0.2495	0.1453	0.1042	0.0522	0.0502	0.0021	0.1973	0.0951	0.1022	9.7714	2.4035	68.1940	4.0875	0.3128	38.9869	18.8004	147.8203	40.1053	0.0066	0.0075	0.0054	0.0213	0.0214	0.0183	0.0027	0.0002	0.0051
87	90	0.1030	3	0	0	0	0	0	0	0	0	N	N	N	N	N	N	N	N	N	N	N	N	1.3622	1.1201	9.5441	0.9782	0.7571	46.6839	3.8403	2.1101	8.1937	0.4045	0.4144	0.3405	0.1709	0.1325	0.4519	0.5739	0.6242	0.2726	0.2969	0.3699	0.0357	0.1747	0.1750	0.0097	0.1494	0.2958	0.0333	0.1265	0.5325	-0.0207	-0.0007	4.7288	7.5917	9.8540	1.5198	0.1185	0.1052	0.0133	0.0210	0.0144	0.0067	0.0974	0.0908	0.0066	0.0026	0.0017	0.0009	0.0015	0.0015	0.0000	0.0011	0.0002	0.0009	0.2929	0.2538	0.0391	0.1231	0.1083	0.0148	0.1698	0.1455	0.0243	0.1291	0.0768	0.0523	0.0323	0.0304	0.0019	0.0968	0.0464	0.0504	20.1689	18.8266	19.8068	3.6166	2.6707	46.6839	52.2326	158.6266	15.5986	0.0201	0.0220	0.0172	0.0473	0.0496	0.0097	0.0110	0.0039	0.0175
87	91	0.2122	7	1	0	1	0	0	0	0	0	N	N	N	N	N	N	N	N	N	N	N	N	inf	inf	inf	inf	0.0000	0.0001	0.0000	0.0001	0.0001	0.0000	0.0000	0.0000	0.0000	0.0000	0.0000	0.0000	0.0000	0.0000	0.0000	0.0000	0.0000	0.0000	0.0000	-0.0000	0.0000	4.7288	3.0317	9.8540	0.1644	0.0000	0.0000	0.0000	0.0000	0.0000	0.0000	0.0000	0.0000	0.0000	0.0000	0.0000	0.0000	0.0000	0.0000	0.0000	0.0000	0.0000	0.0000	0.0880	0.0763	0.0117	0.0338	0.0305	0.0033	0.0541	0.0458	0.0083	0.0327	0.0197	0.0130	0.0073	0.0067	0.0005	0.0255	0.0130	0.0125	inf	inf	0.0000	inf	inf	0.0000	0.0000	0.0000	0.0000	0.0000	0.0000	0.0000	0.0000	0.0000	0.0000	0.0000	0.0000	0.0000						
87	92	0.2065	6	1	0	1	0	0	0	0	0	N	N	N	N	N	N	N	N	N	N	N	N	106.6482	106.1280	0.0679	77.7173	81.2754	0.0096	0.0226	inf	0.0977	0.0049	0.0056	0.0000	0.0100	0.0109	0.0000	0.0000	0.0000	0.0000	0.0000	0.0001	0.0000	0.0001	0.0001	0.0001	0.0000	0.0000	0.0000	0.0001	0.5939	-0.0001	-0.0000	4.7288	2.6632	9.8540	1.0147	0.0005	0.0005	0.0000	0.0005	0.0005	0.0000	0.0000	0.0000	0.0000	0.0000	0.0000	0.0000	0.0000	0.0000	0.0000	0.0000	0.0000	0.0000	0.1001	0.0887	0.0114	0.0491	0.0452	0.0039	0.0511	0.0435	0.0075	0.0394	0.0240	0.0153	0.0091	0.0085	0.0006	0.0303	0.0155	0.0147	106.6482	117.1935	0.0679	77.7173	81.2754	0.0096	0.0442	inf	0.0977	0.0000	0.0000	0.0000	0.0001	0.0001	0.0001	0.0000	0.0000	0.0000
87	93	0.1232	5	1	0	1	0	0	0	0	0	N	N	N	N	N	N	N	N	N	N	N	N	0.0813	0.0232	2.7909	0.0903	0.0933	0.4072	0.6571	0.0406	3.5318	0.0053	0.0059	0.0009	0.0130	0.0140	0.0018	0.0012	0.0013	0.0006	0.0647	0.2531	0.0003	0.1436	0.1501	0.0045	0.0018	0.0324	0.0002	0.0215	0.0140	-0.0014	-0.0027	4.7288	35.0787	9.8540	12.2568	0.0052	0.0051	0.0001	0.0045	0.0044	0.0001	0.0008	0.0007	0.0001	0.0044	0.0044	0.0001	0.0042	0.0042	0.0000	0.0002	0.0002	0.0000	0.9982	0.8738	0.1244	0.3433	0.3141	0.0293	0.6549	0.5598	0.0951	0.4705	0.2784	0.1921	0.0979	0.0913	0.0066	0.3725	0.1871	0.1854	0.5574	0.3740	2.7909	0.3005	0.3048	0.4072	2.1598	1.3854	3.5318	0.0094	0.0157	0.0003	0.0431	0.0459	0.0045	0.0006	0.0009	0.0002
87	94	0.1097	4	1	0	0	0	0	0	0	0	N	N	N	N	N	N	N	N	N	N	N	N	0.0086	0.0066	0.0430	0.2418	0.2203	1.4978	0.0047	0.0001	0.0594	0.0048	0.0030	0.0180	0.0076	0.0076	0.0074	0.0032	0.0001	0.0212	0.5594	0.4592	0.4201	0.0312	0.0343	0.0049	0.6803	0.9427	0.3566	0.8091	1.8558	0.0002	0.0001	4.7288	8.4810	9.8540	2.3446	0.0015	0.0008	0.0007	0.0009	0.0008	0.0001	0.0006	0.0000	0.0006	0.0058	0.0020	0.0038	0.0004	0.0004	0.0000	0.0054	0.0016	0.0037	0.3161	0.2783	0.0378	0.1180	0.1094	0.0086	0.1981	0.1689	0.0292	0.1204	0.0717	0.0487	0.0250	0.0235	0.0016	0.0953	0.0483	0.0471	0.1005	0.1074	0.2338	0.4618	0.4420	1.4978	0.0568	0.0027	0.2660	0.0480	0.0282	0.0772	0.0164	0.0171	0.0049	0.0563	0.0336	0.0796
87	95	0.0470	2	0	1	0	1	0	0	0	0	N	N	N	N	N	N	N	N	N	N	N	N	2.0368	6.6413	0.0000	9.1684	11.9635	0.0000	1.7754	283.6897	0.0000	2.2336	2.5888	0.0000	2.0167	2.2657	0.0000	2.3097	2.7071	0.0000	1.0966	0.3898	3.6901	0.2200	0.1894	0.3011	1.3010	0.0095	3.7675	0.0000	37.9074	-0.4269	0.1205	4.7288	24.0032	9.8540	22.6134	1.4867	1.4867	0.0000	0.3487	0.3487	0.0000	1.1380	1.1380	0.0000	0.3484	0.0090	0.3394	0.0093	0.0089	0.0004	0.3391	0.0001	0.3390	0.6656	0.5743	0.0913	0.1729	0.1539	0.0190	0.4927	0.4204	0.0723	0.7001	0.3859	0.3142	0.1752	0.1719	0.0033	0.5249	0.2139	0.3109	4.4886	111.5618	0.0000	37.9375	43.8986	0.0000	3.5754	7232.1330	0.0000	0.4976	0.0232	1.0802	0.0532	0.0516	0.1341	0.6460	0.0004	1.0902
87	96	0.4644	6	0	1	0	0	0	0	0	0	N	N	N	N	N	N	N	N	N	N	N	N	3.0349	320.4438	0.1205	1424.1024	1558.0046	2.9421	0.0217	0.0000	0.1740	1.7084	1.8784	0.1039	3.8309	4.0209	0.0138	0.0174	0.0000	0.1293	0.5629	0.0059	0.8625	0.0027	0.0026	0.0047	0.7993	0.0269	0.7427	0.0059	39.5849	-0.2219	0.0086	4.7288	18.5150	9.8540	10.2301	0.7888	0.7842	0.0046	0.7843	0.7842	0.0001	0.0045	0.0000	0.0045	0.0248	0.0006	0.0242	0.0006	0.0005	0.0001	0.0243	0.0001	0.0242	0.4617	0.4175	0.0442	0.2047	0.1950	0.0097	0.2570	0.2224	0.0345	0.5122	0.3071	0.2051	0.2133	0.2024	0.0110	0.2989	0.1048	0.1941	35.2164	942.3170	0.8794	1424.1024	1558.0046	2.9421	0.2138	0.0000	1.0374	0.0485	0.0020	0.1182	0.0027	0.0026	0.0047	0.0812	0.0009	0.1246
87	97	0.0761	3	0	1	0	0	0	0	0	0	N	N	N	N	N	N	N	N	N	N	N	N	0.5332	0.3880	0.1814	0.0265	0.0276	0.0353	0.5890	0.3835	0.2822	0.8169	0.9259	0.0935	0.0147	0.0142	0.0193	1.1061	1.2711	0.1121	1.5323	2.3866	0.5152	0.5550	0.5134	0.5466	1.8780	3.3147	0.3971	0.0152	0.0260	-0.2675	-0.6130	4.7288	46.1140	9.8540	26.4917	0.9830	0.9683	0.0147	0.0047	0.0041	0.0006	0.9784	0.9642	0.0141	1.0165	0.9908	0.0257	0.0125	0.0113	0.0012	1.0041	0.9795	0.0245	1.2033	1.0458	0.1575	0.3188	0.2872	0.0316	0.8845	0.7586	0.1259	0.7108	0.4152	0.2956	0.1198	0.1138	0.0060	0.5910	0.3014	0.2896	0.5712	0.3880	1.0736	0.1413	0.1433	0.0972	0.6511	0.3911	1.3224	1.4302	2.3866	0.0871	0.1040	0.0990	0.1985	1.6989	3.2500	0.0848
87	98	0.5173	8	0	1	0	0	0	0	0	0	N	N	N	N	N	N	N	N	N	N	N	N	0.0012	0.0120	0.0001	0.0719	0.9990	0.0008	0.0000	0.0000	0.0000	0.0003	0.0003	0.0000	0.0008	0.0009	0.0001	0.0000	0.0000	0.0000	0.2057	0.0235	0.1104	0.0118	0.0009	0.1354	0.3141	0.5535	0.0758	0.0062	3.5206	-0.0000	0.0006	4.7288	20.7840	9.8540	8.9470	0.0001	0.0001	0.0000	0.0001	0.0001	0.0000	0.0000	0.0000	0.0000	0.0043	0.0010	0.0034	0.0007	0.0001	0.0007	0.0036	0.0009	0.0027	0.3652	0.3260	0.0392	0.1097	0.1042	0.0055	0.2554	0.2218	0.0337	0.2726	0.1850	0.0876	0.0921	0.0835	0.0085	0.1806	0.1015	0.0791	0.0161	0.0549	0.0004	0.1050	0.9990	0.0013	0.0000	0.0000	0.0000	0.0158	0.0052	0.0383	0.0081	0.0009	0.0782	0.0198	0.0087	0.0340
87	99	0.5124	7	0	0	0	0	0	0	0	0	N	N	N	N	N	N	N	N	N	N	N	N	0.0012	0.0008	0.0235	0.0006	0.0006	0.0002	0.0020	0.0008	0.0705	0.0010	0.0009	0.0023	0.0005	0.0006	0.0001	0.0019	0.0014	0.0043	0.8485	1.0964	0.0985	0.9292	0.9069	0.4584	0.9146	1.8431	0.0605	0.3014	0.1073	-0.0000	-0.0051	4.7288	2.7834	9.8540	1.0450	0.0002	0.0001	0.0000	0.0001	0.0001	0.0000	0.0001	0.0001	0.0000	0.0096	0.0086	0.0009	0.0046	0.0044	0.0002	0.0050	0.0042	0.0007	0.1568	0.1406	0.0162	0.0973	0.0897	0.0076	0.0594	0.0508	0.0086	0.0659	0.0401	0.0258	0.0256	0.0245	0.0011	0.0403	0.0155	0.0248	0.0071	0.0041	0.0644	0.0029	0.0031	0.0005	0.0150	0.0053	0.1437	0.1452	0.2157	0.0359	0.1794	0.1794	0.1785	0.1235	0.2729	0.0297
87	100	0.5024	6	0	0	0	0	0	0	0	0	N	N	N	N	N	N	N	N	N	N	N	N	0.0078	0.0068	0.0200	0.0075	0.0076	0.0267	0.0104	0.0066	0.0311	0.0054	0.0049	0.0100	0.0037	0.0035	0.0068	0.0076	0.0070	0.0119	0.6955	0.7267	0.5019	0.4943	0.4619	0.2549	0.7372	1.0529	0.3824	0.2100	0.6644	-0.0002	-0.0028	4.7288	7.6044	9.8540	2.7972	0.0017	0.0014	0.0003	0.0007	0.0006	0.0001	0.0010	0.0008	0.0002	0.0121	0.0073	0.0048	0.0057	0.0053	0.0004	0.0064	0.0020	0.0044	0.3126	0.2834	0.0292	0.1775	0.1668	0.0106	0.1351	0.1166	0.0186	0.1570	0.1007	0.0563	0.0617	0.0581	0.0035	0.0953	0.0426	0.0528	0.0701	0.0682	0.1169	0.0399	0.0385	0.0557	0.1140	0.1489	0.1426	0.0771	0.0722	0.0858	0.0926	0.0908	0.1220	0.0670	0.0467	0.0834
87	101	0.4528	5	0	0	0	0	0	0	0	0	N	N	N	N	N	N	N	N	N	N	N	N	0.0163	0.0176	0.0294	0.0459	0.0771	0.0495	0.0089	0.0053	0.0280	0.0117	0.0086	0.0408	0.0172	0.0148	0.0671	0.0074	0.0033	0.0336	0.7158	0.4896	1.3872	0.3750	0.1913	1.3571	0.8268	0.6189	1.2011	0.5038	3.1230	0.0003	0.0037	4.7288	18.4780	9.8540	12.4520	0.0055	0.0036	0.0018	0.0035	0.0029	0.0006	0.0019	0.0008	0.0012	0.0289	0.0070	0.0219	0.0092	0.0059	0.0034	0.0197	0.0012	0.0186	0.4691	0.4241	0.0450	0.2059	0.1962	0.0097	0.2632	0.2279	0.0354	0.3421	0.2205	0.1216	0.1217	0.1126	0.0091	0.2204	0.1079	0.1125	0.1382	0.2702	0.2264	0.2273	0.2833	0.1815	0.0824	0.3095	0.2038	0.0846	0.0318	0.1803	0.0758	0.0521	0.3699	0.0895	0.0107	0.1651
87	102	0.1610	5	0	1	0	0	0	0	0	0	N	N	N	N	N	N	N	N	N	N	N	N	0.1076	0.2181	0.0002	1.7925	5.2302	0.0014	0.0328	0.0556	0.0001	0.4170	0.4859	0.0022	0.7824	0.8680	0.0041	0.1728	0.2083	0.0014	3.8747	2.2278	11.7175	0.4365	0.1660	2.9094	5.2706	3.7440	12.8684	0.0007	1.8377	-0.1568	0.0521	4.7288	34.1922	9.8540	22.4626	0.5477	0.5473	0.0004	0.4116	0.4114	0.0002	0.1361	0.1359	0.0002	2.7055	0.9534	1.7521	0.0157	0.0085	0.0073	2.6898	0.9449	1.7448	1.3133	1.1263	0.1870	0.5261	0.4739	0.0521	0.7872	0.6524	0.1349	0.6983	0.4280	0.2703	0.1879	0.1756	0.0123	0.5103	0.2524	0.2580	0.1076	0.2181	0.0003	9.3373	17.9751	0.0069	0.0328	0.0556	0.0002	3.8747	2.2278	6.4823	0.0838	0.0483	0.5890	5.2706	3.7440	6.7642
87	103	0.1132	4	0	1	0	0	0	0	0	0	N	N	N	N	N	N	N	N	N	N	N	N	1.1016	1.8580	0.0043	10.5686	17.8177	0.0385	0.0896	0.1119	0.0020	1.6707	1.9287	0.0269	4.4570	4.9294	0.0703	0.1734	0.2033	0.0124	1.5166	1.0380	6.2137	0.4217	0.2767	1.8283	1.9356	1.8172	6.3618	0.0022	13.1033	-0.3533	0.1861	4.7288	22.5884	9.8540	11.0115	1.2399	1.2372	0.0027	1.1562	1.1544	0.0018	0.0837	0.0828	0.0009	0.6188	0.0439	0.5749	0.0086	0.0065	0.0020	0.6102	0.0373	0.5729	0.7421	0.6415	0.1007	0.2594	0.2342	0.0252	0.4827	0.4073	0.0755	0.4394	0.2499	0.1895	0.1048	0.1003	0.0046	0.3346	0.1496	0.1849	1.1864	10.9854	0.0089	54.3499	75.4642	0.1572	0.0951	0.8149	0.0040	1.4083	0.1756	3.0339	0.0820	0.0653	0.4474	1.8239	0.2494	3.0979
87	104	0.0831	3	0	0	0	0	0	0	0	0	N	N	N	N	N	N	N	N	N	N	N	N	0.1037	0.1017	0.0052	0.1193	0.1352	0.6008	0.0419	0.0594	0.0040	0.0983	0.1120	0.0103	0.2108	0.2314	0.0195	0.0416	0.0478	0.0073	0.9479	1.1007	1.9587	1.7664	1.7114	0.0325	0.9932	0.8052	1.8277	0.0142	0.9608	-0.0104	-0.0098	4.7288	11.8100	9.8540	8.7888	0.0381	0.0376	0.0005	0.0274	0.0271	0.0002	0.0107	0.0104	0.0003	0.0705	0.0359	0.0345	0.0339	0.0338	0.0001	0.0366	0.0021	0.0345	0.3876	0.3356	0.0520	0.1299	0.1173	0.0126	0.2577	0.2183	0.0394	0.2944	0.1650	0.1293	0.0703	0.0684	0.0019	0.2241	0.0967	0.1274	0.4107	0.5141	0.0384	0.4373	0.4679	0.6910	0.2548	2.1742	0.0269	0.2394	0.2178	0.2671	0.4821	0.4945	0.0283	0.1634	0.0220	0.2706
87	105	0.0470	2	0	0	0	0	0	0	0	0	N	N	N	N	N	N	N	N	N	N	N	N	2.1281	0.0180	28.4897	0.0113	0.0125	0.0085	4.4814	0.7177	44.9330	2.3603	0.0271	16.7342	0.0308	0.0346	0.0001	3.1961	0.0243	21.2737	1.1091	1.5084	0.5874	2.7284	2.7691	0.0147	0.7132	0.0338	0.4735	100.2080	0.0892	0.7006	-0.1357	4.7288	14.7392	9.8540	7.3617	0.9966	0.0098	0.9867	0.0034	0.0034	0.0000	0.9932	0.0064	0.9867	0.2483	0.2279	0.0203	0.2278	0.2278	0.0000	0.0204	0.0001	0.0203	0.4222	0.3633	0.0590	0.1115	0.0989	0.0126	0.3107	0.2644	0.0464	0.4749	0.2586	0.2163	0.1501	0.1483	0.0018	0.3248	0.1103	0.2145	4.5150	0.0308	177.9631	0.0203	0.0226	0.0085	50.8367	24.9796	224.6776	0.5228	0.8814	0.0940	1.5182	1.5361	0.0147	0.0629	0.0010	0.0947
87	106	0.1198	5	0	1	0	0	0	0	0	0	N	N	N	N	N	N	N	N	N	N	N	N	0.2781	0.1484	0.4697	0.2056	0.2014	0.8516	0.6827	0.0618	0.4583	0.0005	0.0006	0.0000	0.0010	0.0011	0.0000	0.0003	0.0003	0.0000	0.0018	0.0039	0.0001	0.0047	0.0053	0.0001	0.0004	0.0048	0.0001	0.0121	0.0481	-0.0001	-0.0001	4.7288	20.0414	9.8540	7.0324	0.0003	0.0003	0.0000	0.0002	0.0002	0.0000	0.0001	0.0001	0.0000	0.0003	0.0002	0.0000	0.0002	0.0002	0.0000	0.0000	0.0000	0.0000	0.5846	0.5102	0.0744	0.2070	0.1881	0.0189	0.3776	0.3222	0.0555	0.2749	0.1623	0.1126	0.0531	0.0497	0.0035	0.2218	0.1126	0.1092	0.5588	0.3914	0.4697	0.2334	0.2393	0.8516	1.8584	1.6944	0.4583	0.0009	0.0015	0.0001	0.0042	0.0045	0.0001	0.0001	0.0002	0.0001
87	107	0.1097	4	0	0	0	0	0	0	0	0	N	N	N	N	N	N	N	N	N	N	N	N	0.0160	0.0032	2.0571	0.4266	0.4008	0.9793	0.0126	0.0002	3.1047	0.0037	0.0013	0.0219	0.0031	0.0029	0.0063	0.0041	0.0002	0.0264	0.2310	0.4004	0.0107	0.0073	0.0072	0.0064	0.3224	0.9409	0.0085	2.2642	0.1852	0.0004	-0.0008	4.7288	7.0315	9.8540	1.2144	0.0010	0.0003	0.0007	0.0003	0.0003	0.0000	0.0007	0.0000	0.0007	0.0016	0.0013	0.0002	0.0001	0.0001	0.0000	0.0015	0.0012	0.0002	0.2765	0.2441	0.0324	0.1058	0.0985	0.0073	0.1707	0.1456	0.0251	0.0936	0.0560	0.0376	0.0200	0.0187	0.0012	0.0736	0.0373	0.0363	0.2176	0.0536	3.3135	0.5690	0.5323	0.9793	0.2020	0.0062	3.9927	0.0170	0.0240	0.0066	0.0055	0.0054	0.0064	0.0201	0.0333	0.0066
87	108	0.0761	3	0	0	0	0	0	0	0	0	N	N	N	N	N	N	N	N	N	N	N	N	0.0035	0.0010	3.4144	0.2871	0.2921	0.1383	0.0031	0.0006	5.5343	0.0141	0.0071	0.0584	0.0098	0.0108	0.0011	0.0158	0.0056	0.0740	4.0885	6.8992	0.0171	0.0341	0.0370	0.0082	5.0404	9.9299	0.0134	1.3012	0.0009	0.0019	-0.6167	4.7288	16.2725	9.8540	4.4748	0.0069	0.0030	0.0039	0.0014	0.0013	0.0000	0.0055	0.0016	0.0039	0.9829	0.9820	0.0009	0.0008	0.0008	0.0000	0.9821	0.9813	0.0009	0.4864	0.4199	0.0665	0.1388	0.1245	0.0142	0.3476	0.2953	0.0523	0.2404	0.1423	0.0981	0.0456	0.0435	0.0020	0.1949	0.0988	0.0960	0.0035	0.0010	6.4352	0.5624	0.6042	0.1383	0.0031	0.0006	8.1349	4.0885	6.8992	0.0091	0.0174	0.0179	0.0082	5.0404	9.9299	0.0091
87	109	0.1289	4	0	1	0	0	0	0	0	0	N	N	N	N	N	N	N	N	N	N	N	N	1.8230	1.4319	10.7897	2.7637	2.9510	0.0075	5.9831	0.2925	14.1611	0.8569	0.9671	0.0066	2.4683	2.6788	0.0000	0.1234	0.1407	0.0084	0.4700	0.6754	0.0006	0.8931	0.9078	0.0013	0.0206	0.4811	0.0006	0.0009	0.0074	-0.2484	-0.0125	4.7288	40.5309	9.8540	14.7974	0.8678	0.8670	0.0008	0.7819	0.7819	0.0000	0.0858	0.0851	0.0008	0.0202	0.0200	0.0001	0.0185	0.0185	0.0000	0.0017	0.0016	0.0001	1.0127	0.8965	0.1162	0.3168	0.2919	0.0249	0.6959	0.6046	0.0913	0.5715	0.3279	0.2436	0.1090	0.1029	0.0062	0.4624	0.2250	0.2374	24.2488	15.8191	10.7897	14.5668	14.9229	0.0075	33.2205	20.0850	14.1611	0.0353	0.0611	0.0006	0.1694	0.1795	0.0013	0.0037	0.0070	0.0006
87	110	0.1030	3	0	1	0	0	0	0	0	0	N	N	N	N	N	N	N	N	N	N	N	N	0.4887	0.4171	1.0434	3.4229	3.7630	2.2867	0.3269	0.1882	1.5628	0.3681	0.4192	0.0237	0.5042	0.5666	0.0084	0.2899	0.3318	0.0307	0.7533	1.0051	0.0227	0.1473	0.1506	0.0037	0.8867	1.7635	0.0197	0.0084	0.0531	-0.0448	-0.0120	4.7288	13.5236	9.8540	3.5331	0.1608	0.1595	0.0013	0.0804	0.0803	0.0001	0.0804	0.0792	0.0012	0.0207	0.0197	0.0010	0.0020	0.0020	0.0000	0.0187	0.0177	0.0010	0.4369	0.3805	0.0565	0.1595	0.1417	0.0178	0.2775	0.2388	0.0387	0.2127	0.1232	0.0894	0.0456	0.0431	0.0026	0.1670	0.0802	0.0869	3.7748	2.6234	2.0255	11.5453	12.2993	2.2867	2.5829	1.5022	2.5765	0.0975	0.1598	0.0117	0.0437	0.0461	0.0037	0.1122	0.2209	0.0119
87	111	0.0470	2	0	0	0	0	0	0	0	0	N	N	N	N	N	N	N	N	N	N	N	N	2.0875	1.7274	27.6941	1.6489	1.8211	11.8604	47.5708	5.0195	45.4344	2.2282	2.5574	0.1899	4.5077	5.0767	0.0028	1.4149	1.6200	0.2402	1.0674	1.4805	0.0069	2.7338	2.7877	0.0002	0.0297	0.3227	0.0053	0.0120	0.0049	-0.2953	-0.1567	4.7288	16.9399	9.8540	15.9768	1.0728	1.0601	0.0127	0.5707	0.5707	0.0000	0.5021	0.4894	0.0127	0.2513	0.2500	0.0012	0.2493	0.2493	0.0000	0.0019	0.0007	0.0012	0.4815	0.4145	0.0669	0.1266	0.1124	0.0142	0.3548	0.3021	0.0527	0.5777	0.3166	0.2611	0.1617	0.1592	0.0025	0.4160	0.1574	0.2586	5.1226	3.2381	40.2742	2.9231	3.2420	11.8604	306.8140	370.5660	50.4977	0.4350	0.7898	0.0047	1.5421	1.5660	0.0002	0.0046	0.0044	0.0048
87	112	0.1514	6	1	1	0	1	0	0	0	0	N	N	N	N	N	N	N	N	N	N	N	N	279.3459	208.2949	1.1060	72.3114	76.8896	inf	1420.5473	inf	1.0895	0.2454	0.3099	0.0002	0.1345	0.1544	0.0002	0.3567	0.5011	0.0002	0.0009	0.0015	0.0002	0.0019	0.0020	0.0000	0.0003	0.0000	0.0002	0.0002	0.1588	-0.0000	-0.0000	4.7288	0.0019	9.8540	1.9928	0.0000	0.0000	0.0000	0.0000	0.0000	0.0000	0.0000	0.0000	0.0000	0.0000	0.0000	0.0000	0.0000	0.0000	0.0000	0.0000	0.0000	0.0000	0.0002	0.0002	0.0000	0.0001	0.0001	0.0000	0.0001	0.0001	0.0000	0.0219	0.0136	0.0082	0.0054	0.0050	0.0004	0.0165	0.0086	0.0078	458.5269	418.4806	1.1060	72.3114	76.8896	inf	3656.6404	inf	1.0895	0.0005	0.0007	0.0002	0.0019	0.0020	0.0000	0.0001	0.0000	0.0002
87	113	0.1278	5	1	1	0	1	0	0	0	0	N	N	N	N	N	N	N	N	N	N	N	N	2.3547	58.4845	0.0023	24.9643	26.0735	15.0184	2.5006	16692.6374	0.0030	0.9861	1.2905	0.0008	0.5915	0.7236	0.0006	1.3200	1.8360	0.0008	0.4188	0.0221	0.3297	0.0237	0.0278	0.0000	0.5279	0.0001	0.2781	0.0002	9.1748	-0.1397	0.0014	4.7288	8.6942	9.8540	6.0502	0.4868	0.4867	0.0001	0.1338	0.1338	0.0000	0.3529	0.3529	0.0001	0.0050	0.0005	0.0045	0.0005	0.0005	0.0000	0.0045	0.0000	0.0045	0.4936	0.3771	0.1165	0.2263	0.1849	0.0413	0.2674	0.1922	0.0752	0.1664	0.0992	0.0672	0.0369	0.0336	0.0033	0.1296	0.0656	0.0639	32.7653	260.0335	0.0114	44.2883	49.3280	15.0184	37.8681	5170976.1110	0.0120	0.0301	0.0050	0.0672	0.0134	0.0147	0.0000	0.0349	0.0000	0.0706
87	114	0.1489	9	0	1	0	1	0	0	0	0	N	N	N	N	N	N	N	N	N	N	N	N	0.0000	0.0000	0.0000	0.0000	0.0000	0.0000	0.0000	0.0000	0.0000	0.0000	0.0000	0.0000	0.0000	0.0007	0.0013	0.0000	0.0008	0.0008	0.0000	0.0000	0.0000	0.0000	0.3333	0.0000	-0.0000	4.7288	0.0001	9.8540	0.0001	0.0000	0.0000	0.0000	0.0000	0.0000	0.0000	0.0000	0.0000	0.0000	0.0000	0.0000	0.0000	0.0000	0.0000	0.0000	0.0000	0.0000	0.0000	0.0000	0.0000	0.0000	0.0000	0.0000	0.0000	0.0000	0.0000	0.0000	0.0000	0.0000	0.0000	0.0000	0.0000	0.0000	0.0000	0.0000	0.0000	0.0000	0.0000	0.0000	0.0000	0.0000	0.0000	0.0000	0.0000	0.0000	0.0005	0.0006	0.0000	0.0008	0.0008	0.0000	0.0000	0.0000	0.0000						
87	115	0.1422	8	0	1	0	1	0	0	0	0	N	N	N	N	N	N	N	N	N	N	N	N	0.0000	0.0000	0.0000	0.0000	0.0000	0.0000	0.0000	0.0000	0.0000	0.0000	0.0000	0.0000	0.0000	0.0000	0.0000	0.0000	0.0018	0.0027	0.0005	0.0028	0.0034	0.0000	0.0009	0.0000	0.0006	0.3333	0.0000	-0.0000	4.7288	3.0007	9.8540	1.0012	0.0000	0.0000	0.0000	0.0000	0.0000	0.0000	0.0000	0.0000	0.0000	0.0000	0.0000	0.0000	0.0000	0.0000	0.0000	0.0000	0.0000	0.0000	0.0841	0.0730	0.0111	0.0218	0.0203	0.0015	0.0623	0.0527	0.0096	0.0450	0.0267	0.0182	0.0106	0.0092	0.0014	0.0344	0.0176	0.0168	0.0000	0.0000	0.0000	0.0000	0.0000	0.0000	0.0000	0.0000	0.0000	0.0009	0.0011	0.0005	0.0028	0.0033	0.0000	0.0003	0.0000	0.0006			
87	116	0.1404	7	0	0	0	1	0	0	0	0	N	N	N	N	N	N	N	N	N	N	N	N	0.1294	0.0000	1.3557	0.1530	0.0000	inf	0.0000	0.0000	0.0000	0.0000	0.0000	0.0000	0.0000	0.0000	0.0000	0.0000	0.0000	0.0000	0.0000	0.0000	0.0000	0.0000	0.0000	0.0000	0.0000	0.0000	inf	0.4250	0.0000	-0.0000	4.7288	1.1177	9.8540	0.0023	0.0000	0.0000	0.0000	0.0000	0.0000	0.0000	0.0000	0.0000	0.0000	0.0000	0.0000	0.0000	0.0000	0.0000	0.0000	0.0000	0.0000	0.0000	0.0326	0.0284	0.0042	0.0092	0.0086	0.0006	0.0234	0.0198	0.0036	0.0127	0.0075	0.0051	0.0030	0.0026	0.0004	0.0097	0.0049	0.0047	0.1294	0.0000	1.3557	0.1530	0.0000	inf	0.0000	0.0000	0.0000	0.0000	0.0000	0.0000	0.0000	0.0000	0.0000	0.0000	0.0000	0.0000	
87	117	0.1374	3	0	1	0	0	0	0	0	0	N	N	N	N	N	N	N	N	N	N	N	N	1.5075	0.0009	423.6173	0.0031	0.0017	0.0702	120.6223	0.0061	1891.3862	1.0612	0.0009	9.7399	0.0044	0.0024	0.0496	1.6068	0.0000	11.2387	0.7039	0.9352	0.0230	1.4217	1.4288	0.7068	0.0133	0.0029	0.0059	1346.2168	0.0636	0.5952	-0.0282	4.7288	31.2782	9.8540	23.9277	0.8358	0.0006	0.8352	0.0012	0.0006	0.0006	0.8346	0.0000	0.8346	0.0496	0.0466	0.0030	0.0483	0.0466	0.0017	0.0013	0.0000	0.0012	0.7876	0.7019	0.0857	0.2682	0.2567	0.0115	0.5194	0.4452	0.0743	0.6194	0.3703	0.2491	0.1449	0.1376	0.0074	0.4745	0.2328	0.2417	13.2576	0.0070	818.4085	0.0132	0.0070	0.2115	608.6093	0.2117	2202.0208	0.0800	0.1259	0.0119	0.3334	0.3387	0.2348	0.0026	0.0001	0.0051
87	118	0.1404	7	0	0	1	1	0	0	0	0	N	N	N	N	N	N	N	N	N	N	N	N	332062.1882	inf	inf	inf	0.0052	0.0060	0.0000	0.0196	0.0210	0.0000	0.0000	0.0000	0.0000	0.0000	0.0000	0.0000	0.0000	0.0000	0.0000	0.0000	0.0000	0.0000	0.0000	-0.0002	0.0000	4.7288	3.8827	9.8540	2.9998	0.0006	0.0006	0.0000	0.0006	0.0006	0.0000	0.0000	0.0000	0.0000	0.0000	0.0000	0.0000	0.0000	0.0000	0.0000	0.0000	0.0000	0.0000	0.1097	0.0953	0.0144	0.0291	0.0271	0.0020	0.0805	0.0681	0.0124	0.0767	0.0455	0.0311	0.0179	0.0156	0.0024	0.0587	0.0300	0.0287	332062.1882	inf	0.0000	inf	inf	0.0000	0.0000	0.0000	0.0000	0.0000	0.0000	0.0000	0.0000	0.0000	0.0000	0.0000	0.0000	0.0000						
87	119	0.1375	6	0	0	0	1	0	0	0	0	N	N	N	N	N	N	N	N	N	N	N	N	234.9290	137.7236	11.5445	133.4664	123.9833	inf	1343.7365	inf	6.2296	0.0050	0.0057	0.0000	0.0115	0.0123	0.0001	0.0020	0.0023	0.0000	0.0000	0.0000	0.0000	0.0001	0.0001	0.0000	0.0000	0.0000	0.0000	0.0008	0.0563	-0.0001	-0.0000	4.7288	2.8083	9.8540	0.0030	0.0005	0.0005	0.0000	0.0003	0.0003	0.0000	0.0001	0.0001	0.0000	0.0000	0.0000	0.0000	0.0000	0.0000	0.0000	0.0000	0.0000	0.0000	0.0930	0.0815	0.0115	0.0297	0.0278	0.0019	0.0633	0.0537	0.0095	0.0319	0.0189	0.0130	0.0075	0.0065	0.0010	0.0244	0.0124	0.0120	234.9290	167.5570	11.5445	133.4664	123.9833	inf	1343.7365	inf	6.2296	0.0000	0.0000	0.0000	0.0001	0.0001	0.0000	0.0000	0.0000	0.0000
87	120	0.1375	6	0	0	1	1	0	0	0	0	N	N	N	N	N	N	N	N	N	N	N	N	262.0025	189.5055	10.6466	173.9880	162.0154	inf	1205.4957	inf	5.5752	0.0017	0.0019	0.0000	0.0045	0.0048	0.0000	0.0006	0.0007	0.0000	0.0000	0.0000	0.0000	0.0000	0.0000	0.0000	0.0000	0.0000	0.0000	0.0008	0.0662	-0.0001	-0.0000	4.7288	9.6158	9.8540	0.0030	0.0005	0.0005	0.0000	0.0003	0.0003	0.0000	0.0001	0.0001	0.0000	0.0000	0.0000	0.0000	0.0000	0.0000	0.0000	0.0000	0.0000	0.0000	0.2775	0.2420	0.0356	0.0759	0.0708	0.0051	0.2016	0.1712	0.0305	0.1070	0.0633	0.0437	0.0249	0.0216	0.0033	0.0821	0.0417	0.0404	262.0025	189.5055	10.6466	173.9880	162.0154	inf	1205.4957	inf	5.5752	0.0000	0.0000	0.0000	0.0000	0.0000	0.0000	0.0000	0.0000	0.0000
87	121	0.1278	5	0	0	0	1	0	0	0	0	N	N	N	N	N	N	N	N	N	N	N	N	155.4961	105.1475	7.0073	98.8682	107.5881	11.6007	1017.7362	1201.1972	5.4143	0.7553	1.0379	0.0022	1.0455	1.3051	0.0030	0.4293	0.6650	0.0017	0.0049	0.0099	0.0003	0.0106	0.0121	0.0003	0.0004	0.0006	0.0003	0.0008	0.0717	-0.0836	-0.0001	4.7288	4.2457	9.8540	2.0144	0.2920	0.2918	0.0002	0.2139	0.2137	0.0001	0.0782	0.0781	0.0001	0.0001	0.0001	0.0000	0.0001	0.0001	0.0000	0.0000	0.0000	0.0000	0.3867	0.2812	0.1055	0.2046	0.1638	0.0408	0.1821	0.1174	0.0647	0.0761	0.0457	0.0304	0.0180	0.0166	0.0015	0.0581	0.0291	0.0289	403.9724	357.4841	7.0073	141.7828	163.2235	11.6007	2698.4308	212213.2887	5.4143	0.0019	0.0029	0.0003	0.0074	0.0080	0.0003	0.0002	0.0000	0.0003
87	122	0.0857	4	0	0	0	1	0	0	0	0	N	N	N	N	N	N	N	N	N	N	N	N	3.1330	1.8727	1.4208	1.8078	2.0466	4.6714	190.3114	61.0476	1.0981	0.6346	0.8107	0.0015	0.7730	0.9343	0.0022	0.5351	0.7127	0.0012	0.2026	0.4329	0.0011	0.4276	0.4565	0.0005	0.0028	0.0117	0.0011	0.0005	0.0293	-0.1053	-0.0026	4.7288	11.9190	9.8540	13.1740	0.3673	0.3671	0.0002	0.1872	0.1871	0.0001	0.1801	0.1800	0.0001	0.0043	0.0042	0.0001	0.0041	0.0041	0.0000	0.0002	0.0001	0.0001	0.5788	0.4528	0.1260	0.2421	0.2002	0.0419	0.3366	0.2526	0.0841	0.2737	0.1592	0.1146	0.0499	0.0461	0.0038	0.2239	0.1131	0.1108	40.4392	30.9196	1.4208	9.3432	10.4356	4.6714	699.8653	1597.0773	1.0981	0.0157	0.0262	0.0011	0.0827	0.0895	0.0005	0.0008	0.0004	0.0011
87	123	0.5126	8	0	0	1	1	0	0	0	0	N	N	N	N	N	N	N	N	N	N	N	N	0.0000	0.0000	0.0000	0.0000	0.0000	0.0000	0.0000	0.0000	0.0000	0.0000	0.0000	0.0000	0.0000	0.0000	0.0000	0.0000	0.0000	0.0000	0.0120	0.0284	0.0001	0.0148	0.0167	0.0000	0.0030	0.0728	0.0001	0.0052	0.0000	-0.0004	4.7288	12.8936	9.8540	4.1514	0.0000	0.0000	0.0000	0.0000	0.0000	0.0000	0.0000	0.0000	0.0000	0.0006	0.0006	0.0000	0.0005	0.0005	0.0000	0.0001	0.0001	0.0000	0.3287	0.2986	0.0300	0.1531	0.1461	0.0071	0.1755	0.1525	0.0230	0.1543	0.0996	0.0547	0.0517	0.0479	0.0038	0.1026	0.0518	0.0508	0.0000	0.0000	0.0000	0.0000	0.0000	0.0000	0.0000	0.0000	0.0000	0.0037	0.0058	0.0001	0.0096	0.0103	0.0000	0.0008	0.0015	0.0001	
87	124	0.1010	5	0	1	0	0	0	0	0	0	N	N	N	N	N	N	N	N	N	N	N	N	0.1491	0.1287	0.0079	0.5140	0.4973	0.6885	0.1298	1.8116	0.0040	0.0372	0.0431	0.0003	0.1086	0.1182	0.0010	0.0118	0.0140	0.0001	0.2495	0.3347	0.0332	0.2114	0.2377	0.0014	0.0909	0.0077	0.0315	0.0010	0.5932	-0.0040	-0.0012	4.7288	12.7386	9.8540	8.7370	0.0139	0.0139	0.0000	0.0106	0.0106	0.0000	0.0032	0.0032	0.0000	0.0045	0.0028	0.0017	0.0028	0.0028	0.0000	0.0017	0.0000	0.0017	0.3730	0.3216	0.0514	0.0978	0.0898	0.0080	0.2752	0.2318	0.0434	0.2500	0.1449	0.1051	0.0533	0.0478	0.0055	0.1967	0.0971	0.0996	2.0691	2.2137	0.0164	2.0698	2.0244	0.6885	1.3686	45.2173	0.0076	0.0180	0.0195	0.0159	0.0525	0.0584	0.0014	0.0086	0.0003	0.0167
87	125	0.0857	4	0	1	0	0	0	0	0	0	N	N	N	N	N	N	N	N	N	N	N	N	2.1942	2.9736	0.0425	5.3399	6.1986	0.8589	1.7731	17.8698	0.0348	0.6054	0.7908	0.0021	0.9622	1.1761	0.0030	0.3087	0.4275	0.0016	0.2759	0.2659	0.0493	0.1802	0.1897	0.0035	0.1741	0.0239	0.0455	0.0008	1.0162	-0.0871	-0.0003	4.7288	8.6431	9.8540	1.4782	0.3041	0.3039	0.0002	0.2195	0.2193	0.0001	0.0847	0.0846	0.0001	0.0022	0.0011	0.0011	0.0011	0.0011	0.0000	0.0012	0.0000	0.0011	0.5024	0.3843	0.1181	0.2281	0.1865	0.0416	0.2743	0.1978	0.0765	0.1170	0.0681	0.0489	0.0224	0.0207	0.0016	0.0947	0.0474	0.0472	31.6636	48.5563	0.0909	19.9631	22.7292	0.8589	25.2029	539.4638	0.0668	0.0191	0.0163	0.0231	0.0482	0.0517	0.0035	0.0122	0.0008	0.0237
87	126	0.0761	3	0	0	0	0	0	0	0	0	N	N	N	N	N	N	N	N	N	N	N	N	7.3289	6.5179	0.6626	12.2745	13.5856	1.8732	13.7022	8.1411	0.5009	3.1606	3.6512	0.0205	7.1966	7.8857	0.0476	1.2469	1.4775	0.0134	0.4312	0.5602	0.0310	0.5863	0.5804	0.0254	0.0910	0.1815	0.0267	0.0009	0.2251	-0.1366	-0.0012	4.7288	4.1618	9.8540	2.0491	0.4772	0.4768	0.0004	0.3495	0.3493	0.0002	0.1277	0.1275	0.0002	0.0027	0.0022	0.0005	0.0022	0.0021	0.0000	0.0006	0.0001	0.0005	0.1510	0.1306	0.0204	0.0486	0.0443	0.0043	0.1024	0.0863	0.0161	0.0854	0.0522	0.0332	0.0197	0.0190	0.0007	0.0657	0.0332	0.0325	99.2694	85.9249	1.3618	65.9285	70.3008	1.9620	144.3691	583.0557	0.8980	0.0318	0.0425	0.0151	0.1092	0.1122	0.0242	0.0086	0.0025	0.0149
87	127	0.0470	2	0	0	0	0	0	0	0	0	N	N	N	N	N	N	N	N	N	N	N	N	0.0080	0.0114	0.0021	0.0265	0.0308	0.0003	0.0031	0.0055	0.0026	0.0099	0.0101	0.0092	0.0240	0.0270	0.0003	0.0048	0.0036	0.0117	1.2364	0.8816	4.3044	0.9041	0.8769	1.0650	1.5492	0.6541	4.4882	0.1507	13.1056	-0.0004	0.1089	4.7288	9.4810	9.8540	7.4917	0.0028	0.0024	0.0004	0.0018	0.0018	0.0000	0.0010	0.0006	0.0004	0.3620	0.0257	0.3363	0.0250	0.0246	0.0004	0.3370	0.0011	0.3359	0.2769	0.2378	0.0391	0.0739	0.0654	0.0085	0.2031	0.1724	0.0306	0.4242	0.2300	0.1942	0.1443	0.1428	0.0014	0.2799	0.0872	0.1927	0.0116	0.0901	0.0053	0.1383	0.1572	0.0009	0.0040	0.2860	0.0067	0.8534	0.1116	1.7323	0.1733	0.1720	0.3110	1.2039	0.0126	1.7427
87	128	0.5248	9	1	1	0	0	0	0	0	0	N	N	N	N	N	N	N	N	N	N	N	N	0.0838	0.0728	0.0000	0.0748	0.0728	0.0000	0.0000	0.0000	0.0000	0.0000	0.0000	0.0000	0.0000	0.0000	0.0000	0.0000	0.0000	0.0000	0.0000	0.0000	0.0000	0.0000	0.0000	0.0000	0.0000	0.0000	0.1942	-0.0000	-0.0000	4.7288	2.0107	9.8540	1.9995	0.0000	0.0000	0.0000	0.0000	0.0000	0.0000	0.0000	0.0000	0.0000	0.0000	0.0000	0.0000	0.0000	0.0000	0.0000	0.0000	0.0000	0.0000	0.0490	0.0443	0.0047	0.0231	0.0220	0.0011	0.0259	0.0224	0.0035	0.0349	0.0230	0.0119	0.0123	0.0114	0.0009	0.0226	0.0116	0.0110	0.0838	0.0728	0.0000	0.0748	0.0728	0.0000	0.0000	0.0000	0.0000	0.0000	0.0000	0.0000	0.0000	0.0000	0.0000	0.0000	0.0000	0.0000		
87	129	0.5126	8	1	1	0	0	0	0	0	0	N	N	N	N	N	N	N	N	N	N	N	N	0.2910	0.1621	0.0000	0.4468	0.4213	0.0000	0.0000	0.0000	0.0000	0.0011	0.0012	0.0000	0.0022	0.0023	0.0000	0.0000	0.0000	0.0000	0.0037	0.0072	0.0001	0.0050	0.0055	0.0000	0.0002	0.0005	0.0001	0.0000	0.0293	-0.0000	-0.0001	4.7288	5.6459	9.8540	1.1399	0.0002	0.0002	0.0000	0.0002	0.0002	0.0000	0.0000	0.0000	0.0000	0.0001	0.0001	0.0000	0.0001	0.0001	0.0000	0.0000	0.0000	0.0000	0.1588	0.1449	0.0139	0.0764	0.0732	0.0033	0.0824	0.0718	0.0106	0.0663	0.0425	0.0238	0.0228	0.0213	0.0016	0.0435	0.0212	0.0222	0.7051	0.5099	0.0000	0.5198	0.5060	0.0000	0.0000	0.0000	0.0000	0.0015	0.0023	0.0001	0.0043	0.0046	0.0000	0.0001	0.0000	0.0001
87	130	0.4823	7	0	0	0	0	0	0	0	0	N	N	N	N	N	N	N	N	N	N	N	N	0.0091	0.0072	0.1003	0.0198	0.0200	0.2128	0.0134	0.0015	0.0484	0.0038	0.0041	0.0012	0.0072	0.0074	0.0036	0.0005	0.0005	0.0004	0.4183	0.5676	0.0118	0.3648	0.3712	0.0167	0.0395	0.3538	0.0084	0.0310	0.0962	-0.0003	-0.0031	4.7288	11.6079	9.8540	5.3766	0.0013	0.0013	0.0000	0.0012	0.0012	0.0000	0.0001	0.0001	0.0000	0.0057	0.0052	0.0005	0.0050	0.0050	0.0001	0.0007	0.0003	0.0004	0.3424	0.3094	0.0330	0.1665	0.1583	0.0082	0.1759	0.1511	0.0248	0.1909	0.1200	0.0709	0.0677	0.0636	0.0041	0.1232	0.0564	0.0667	0.1263	0.0934	0.1670	0.0976	0.0954	0.2128	0.0921	0.1136	0.0624	0.0300	0.0435	0.0071	0.0742	0.0779	0.0167	0.0057	0.0048	0.0065
87	131	0.4644	6	0	0	0	0	0	0	0	0	N	N	N	N	N	N	N	N	N	N	N	N	0.0216	0.0167	0.0246	0.0166	0.0170	0.0372	0.0113	0.0139	0.0360	0.0273	0.0289	0.0121	0.0489	0.0508	0.0022	0.0082	0.0072	0.0146	1.2660	1.7351	0.4924	2.9447	2.9911	0.0599	0.7295	0.5202	0.4056	0.0428	0.0401	-0.0008	-0.2138	4.7288	3.9355	9.8540	8.7078	0.0034	0.0032	0.0001	0.0028	0.0028	0.0000	0.0005	0.0004	0.0001	0.3624	0.3484	0.0140	0.3483	0.3480	0.0003	0.0141	0.0005	0.0136	0.1228	0.1114	0.0114	0.0577	0.0554	0.0023	0.0651	0.0560	0.0091	0.3926	0.2288	0.1638	0.1798	0.1721	0.0077	0.2128	0.0567	0.1561	0.0296	0.0190	0.1419	0.0252	0.0251	0.0493	0.1248	0.9018	0.1676	0.9231	1.5228	0.0852	1.9373	2.0217	0.0452	0.0661	0.0080	0.0872
87	132	0.4528	5	0	0	0	0	0	0	0	0	N	N	N	N	N	N	N	N	N	N	N	N	0.0112	0.0082	0.0079	0.0071	0.0072	0.0011	0.0093	0.0074	0.0114	0.0178	0.0183	0.0130	0.0288	0.0299	0.0021	0.0086	0.0075	0.0158	1.5889	2.2259	1.6526	4.0756	4.1463	1.8554	0.9235	1.0050	1.3804	0.0739	0.0535	-0.0007	-0.1462	4.7288	6.2657	9.8540	3.9760	0.0033	0.0031	0.0002	0.0024	0.0024	0.0000	0.0009	0.0007	0.0002	0.2532	0.2403	0.0129	0.2407	0.2386	0.0021	0.0125	0.0017	0.0108	0.1876	0.1700	0.0176	0.0851	0.0815	0.0036	0.1025	0.0884	0.0140	0.1686	0.1080	0.0607	0.0693	0.0647	0.0046	0.0993	0.0433	0.0561	0.0118	0.0082	0.0614	0.0083	0.0081	0.0045	0.0685	0.1855	0.0823	1.5014	2.2259	0.2120	3.4734	3.6873	0.4563	0.1260	0.0404	0.1920
87	133	0.3755	4	0	0	0	0	0	0	0	0	N	N	N	N	N	N	N	N	N	N	N	N	0.6900	0.7113	0.0941	0.0067	0.0072	0.0054	1.6622	12.1248	0.3057	0.5041	0.5521	0.0598	0.0068	0.0063	0.0175	0.8641	0.9878	0.0703	0.7305	0.7762	0.6356	1.0109	0.8791	3.2116	0.5198	0.0815	0.2300	0.0117	0.6426	-0.0948	-0.0113	4.7288	26.7012	9.8540	18.2690	0.3440	0.3400	0.0040	0.0020	0.0017	0.0002	0.3420	0.3383	0.0038	0.0478	0.0291	0.0187	0.0358	0.0288	0.0070	0.0119	0.0003	0.0116	0.6824	0.6158	0.0666	0.2866	0.2733	0.0132	0.3958	0.3425	0.0534	0.5316	0.3403	0.1912	0.1786	0.1674	0.0112	0.3530	0.1730	0.1800	5.6095	6.4616	0.6121	0.0339	0.0366	0.0278	25.5669	598.2324	1.0872	0.0899	0.0854	0.0977	0.2007	0.1720	0.6290	0.0338	0.0017	0.0647
87	134	0.1374	3	0	0	0	0	0	0	0	0	N	N	N	N	N	N	N	N	N	N	N	N	0.4698	0.0352	1.0911	0.0300	0.0313	0.0362	0.5753	0.0302	1.2175	0.6451	0.0280	5.8928	0.0341	0.0342	0.0331	0.9443	0.0247	6.8594	1.3731	0.7966	5.4010	1.1358	1.0903	0.9144	1.6415	0.8186	5.6338	24.7316	20.0650	0.5971	0.3793	4.7288	61.4372	9.8540	55.8589	0.8860	0.0344	0.8515	0.0154	0.0147	0.0007	0.8706	0.0197	0.8509	1.1701	0.0555	1.1146	0.0489	0.0458	0.0031	1.1213	0.0098	1.1115	1.3735	1.2290	0.1445	0.4516	0.4311	0.0205	0.9219	0.7978	0.1240	1.0436	0.6177	0.4259	0.2072	0.1960	0.0112	0.8364	0.4217	0.4146	0.5753	0.3115	2.2515	0.1447	0.1463	0.1203	0.7044	1.0665	2.5589	1.1213	0.0899	2.6173	0.2359	0.2337	0.2753	1.3406	0.0231	2.6806
87	135	0.0470	2	0	0	0	0	0	0	0	0	N	N	N	N	N	N	N	N	N	N	N	N	1.5269	1.8276	0.3028	5.0394	5.9085	0.0128	0.6692	0.4947	0.3700	1.7264	1.8247	1.0982	4.1774	4.6800	0.0036	0.8813	0.7971	1.3782	1.1307	0.9984	3.6268	0.8289	0.7921	0.2809	1.3168	1.6113	3.7249	0.0942	5.5480	-0.2978	0.0897	4.7288	31.7621	9.8540	18.5886	1.4811	1.3537	0.1275	0.9189	0.9188	0.0001	0.5622	0.4348	0.1274	0.4096	0.0626	0.3471	0.0275	0.0271	0.0005	0.3821	0.0355	0.3466	0.8579	0.7419	0.1161	0.2200	0.1963	0.0236	0.6380	0.5455	0.0924	0.7320	0.4040	0.3280	0.1787	0.1752	0.0035	0.5533	0.2288	0.3246	3.0850	11.7825	1.0380	27.1178	30.2816	0.0279	1.2762	5.1390	1.2904	0.5596	0.1549	1.0580	0.1540	0.1545	0.1289	0.6906	0.1551	1.0680
88	89	0.0916	3	0	1	0	0	0	0	0	0	N	N	N	N	N	N	N	N	N	N	N	N	16.4607	4.8940	635.5035	18.0373	3.2706	134492.9971	69.1930	49.4523	327.0967	2.2294	1.3988	8.0424	5.5514	1.0478	85.5465	1.7078	1.4592	3.2836	0.1354	0.2858	0.0127	0.3078	0.3204	0.0006	0.0247	0.0295	0.0100	0.8215	0.3457	0.2157	-0.0011	8.6320	15.4622	7.0881	5.2688	1.3164	0.7227	0.5937	0.4448	0.0795	0.3653	0.8716	0.6432	0.2284	0.0030	0.0022	0.0008	0.0021	0.0021	0.0000	0.0009	0.0001	0.0008	0.5905	0.5167	0.0738	0.0801	0.0759	0.0043	0.5104	0.4408	0.0695	0.2330	0.1286	0.1044	0.0323	0.0310	0.0013	0.2007	0.0976	0.1031	174.4052	81.2771	1097.3224	84.2864	15.2628	134492.9971	402.3969	1627.9278	442.8325	0.0128	0.0172	0.0073	0.0659	0.0687	0.0006	0.0042	0.0009	0.0074
88	90	0.0798	2	0	0	0	0	0	0	0	0	N	N	N	N	N	N	N	N	N	N	N	N	13.7920	14.6968	50.1508	37.0183	24.2683	3024.0190	12.5008	10.0714	30.2644	6.4440	6.2029	8.1974	8.0839	5.3283	57.0810	6.1234	6.3898	4.4035	0.4672	0.4221	0.1635	0.2184	0.2196	0.0189	0.4898	0.6345	0.1455	0.1817	1.3947	-0.2801	-0.0002	8.6320	7.5917	7.0881	1.5198	2.0999	1.7770	0.3229	0.4307	0.2688	0.1619	1.6692	1.5082	0.1610	0.0043	0.0018	0.0025	0.0013	0.0012	0.0000	0.0030	0.0006	0.0025	0.3259	0.2865	0.0394	0.0533	0.0504	0.0028	0.2726	0.2360	0.0366	0.1234	0.0706	0.0529	0.0242	0.0223	0.0019	0.0992	0.0483	0.0510	183.7932	242.2119	171.9315	152.2156	95.1224	3024.0190	199.7115	552.6212	90.3324	0.0351	0.0256	0.0477	0.0531	0.0560	0.0189	0.0307	0.0116	0.0487
88	91	0.1891	6	1	0	1	0	0	0	0	0	N	N	N	N	N	N	N	N	N	N	N	N	inf	inf	inf	inf	inf	inf	inf	inf	0.0000	0.0000	0.0003	0.0000	0.0000	0.0000	0.0000	0.0000	0.0003	0.0000	0.0000	0.0000	0.0000	0.0000	0.0000	0.0000	0.0000	0.0000	49.0000	0.0000	0.0000	8.6320	3.0317	7.0881	0.1644	0.0000	0.0000	0.0000	0.0000	0.0000	0.0000	0.0000	0.0000	0.0000	0.0000	0.0000	0.0000	0.0000	0.0000	0.0000	0.0000	0.0000	0.0000	0.1043	0.0914	0.0129	0.0172	0.0162	0.0009	0.0872	0.0752	0.0120	0.0314	0.0180	0.0135	0.0044	0.0040	0.0003	0.0271	0.0140	0.0131	inf	inf	inf	inf	0.0000	inf	inf	inf	inf	0.0000	0.0000	0.0000	0.0000	0.0000	0.0000	0.0000	0.0000	0.0000		
88	92	0.1833	5	1	0	1	0	0	0	0	0	N	N	N	N	N	N	N	N	N	N	N	N	32.4744	2.8660	565.1899	1.5360	1.5140	0.3767	76.5972	0.4822	681.8446	0.0041	0.0005	0.0358	0.0010	0.0011	0.0000	0.0059	0.0001	0.0442	0.0001	0.0002	0.0001	0.0007	0.0007	0.0000	0.0001	0.0003	0.0001	8.0758	0.2679	0.0003	-0.0000	8.6320	2.6632	7.0881	1.0147	0.0005	0.0001	0.0005	0.0000	0.0000	0.0000	0.0005	0.0000	0.0005	0.0000	0.0000	0.0000	0.0000	0.0000	0.0000	0.0000	0.0000	0.0000	0.1328	0.1193	0.0135	0.0499	0.0474	0.0025	0.0829	0.0720	0.0109	0.0380	0.0221	0.0159	0.0058	0.0054	0.0004	0.0322	0.0167	0.0155	32.4744	2.9343	565.1899	1.5360	1.5140	0.3767	186.7923	131.6380	681.8446	0.0001	0.0002	0.0001	0.0007	0.0007	0.0000	0.0000	0.0000	0.0001
88	93	0.1001	4	1	0	1	0	0	0	0	0	N	N	N	N	N	N	N	N	N	N	N	N	193.3084	128.0707	0.2837	411.9117	389.6931	0.0598	0.0467	0.0064	0.3059	0.6870	0.7793	0.0002	4.5551	4.7351	0.0002	0.0001	0.0001	0.0002	0.0036	0.0061	0.0007	0.0111	0.0122	0.0030	0.0017	0.0096	0.0007	0.0000	0.2794	-0.2467	-0.0003	8.6320	35.0787	7.0881	12.2568	0.8594	0.8593	0.0000	0.8593	0.8593	0.0000	0.0001	0.0001	0.0000	0.0007	0.0005	0.0001	0.0005	0.0004	0.0000	0.0002	0.0001	0.0001	1.2509	1.1027	0.1482	0.1886	0.1815	0.0072	1.0623	0.9212	0.1411	0.4494	0.2523	0.1972	0.0593	0.0551	0.0042	0.3901	0.1971	0.1930	467.7807	381.0688	0.2837	595.1977	591.1795	0.0598	0.1538	0.1637	0.3059	0.0015	0.0020	0.0007	0.0077	0.0080	0.0030	0.0005	0.0004	0.0007
88	94	0.0865	3	1	0	0	0	0	0	0	0	N	N	N	N	N	N	N	N	N	N	N	N	33.1553	19.0493	299.5293	188.7186	176.8530	28.3757	11.5572	0.0084	380.1661	0.5831	0.3284	2.7111	1.3442	1.3723	0.0016	0.3723	0.0025	2.8288	0.0176	0.0172	0.0091	0.0071	0.0078	0.0001	0.0322	0.2929	0.0074	0.9885	1.0343	0.0500	-0.0001	8.6320	8.4810	7.0881	2.3446	0.2380	0.1197	0.1183	0.1190	0.1190	0.0000	0.1190	0.0007	0.1183	0.0006	0.0003	0.0003	0.0001	0.0001	0.0000	0.0005	0.0002	0.0003	0.4081	0.3645	0.0436	0.0885	0.0867	0.0018	0.3196	0.2778	0.0418	0.1154	0.0653	0.0501	0.0153	0.0144	0.0009	0.1001	0.0509	0.0492	118.0472	76.4986	468.7885	249.9574	240.0118	28.3757	76.4026	0.6321	480.2654	0.0049	0.0043	0.0058	0.0054	0.0057	0.0001	0.0049	0.0039	0.0059
88	96	0.4413	5	0	1	0	0	0	0	0	0	N	N	N	N	N	N	N	N	N	N	N	N	5.1580	3.5384	11.4999	11.2975	11.6956	2.0732	2.3649	0.0873	14.0957	4.2116	3.0875	13.2560	9.4282	9.9915	0.0140	2.0678	0.0005	15.5698	0.8165	0.8726	1.1527	0.8345	0.8543	0.0068	0.8744	0.0053	1.1046	0.5336	0.9506	0.1663	-0.0086	8.6320	18.5150	7.0881	10.2301	2.7346	1.7831	0.9515	1.7830	1.7829	0.0001	0.9515	0.0002	0.9514	0.0607	0.0311	0.0296	0.0312	0.0311	0.0001	0.0295	0.0000	0.0295	0.6493	0.5775	0.0718	0.1891	0.1784	0.0107	0.4602	0.3991	0.0611	0.4854	0.2877	0.1977	0.2007	0.1891	0.0116	0.2847	0.0987	0.1861	33.6558	28.5271	88.5226	60.6496	60.7057	2.0732	19.9267	2.2480	98.1245	0.1251	0.1082	0.1497	0.1555	0.1646	0.0068	0.1038	0.0002	0.1587
88	97	0.0530	2	0	1	0	0	0	0	0	0	N	N	N	N	N	N	N	N	N	N	N	N	1.7013	1.2896	2.3466	10.6797	10.6788	0.0019	1.4987	0.6958	2.2736	2.6339	0.7964	14.9813	0.0601	0.0624	0.0000	2.6954	0.8159	15.0797	1.5482	0.6176	6.3841	0.0056	0.0058	0.0019	1.7986	1.1726	6.6325	2.7995	49.1122	1.7741	0.3527	8.6320	46.1140	7.0881	26.4917	3.9454	1.0384	2.9070	0.0021	0.0021	0.0000	3.9433	1.0363	2.9070	1.0029	0.0200	0.9829	0.0003	0.0003	0.0000	1.0026	0.0197	0.9829	1.4979	1.3039	0.1940	0.0350	0.0337	0.0013	1.4630	1.2702	0.1928	0.6883	0.3813	0.3070	0.0619	0.0594	0.0026	0.6263	0.3220	0.3044	1.8077	15.1745	4.6788	12.9404	13.0928	0.0019	1.6839	13.3137	4.6700	1.4571	0.0525	3.2020	0.0046	0.0048	0.0019	1.6007	0.0613	3.2291
88	98	0.4942	7	0	1	0	0	0	0	0	0	N	N	N	N	N	N	N	N	N	N	N	N	0.1039	0.3648	0.0000	0.0021	0.0052	0.0000	0.0778	0.0268	0.0000	0.0001	0.0002	0.0000	0.0000	0.0000	0.0000	0.0002	0.0002	0.0000	0.0013	0.0004	0.0015	0.0007	0.0003	0.0037	0.0026	0.0085	0.0012	0.0000	2.3619	-0.0000	0.0000	8.6320	20.7840	7.0881	8.9470	0.0001	0.0001	0.0000	0.0000	0.0000	0.0000	0.0001	0.0001	0.0000	0.0002	0.0001	0.0001	0.0001	0.0000	0.0000	0.0001	0.0000	0.0001	0.6511	0.5815	0.0696	0.1987	0.1886	0.0101	0.4523	0.3929	0.0595	0.2449	0.1617	0.0832	0.0773	0.0679	0.0094	0.1676	0.0939	0.0738	0.1922	0.4777	0.0000	0.0021	0.0052	0.0000	0.2759	0.6763	0.0000	0.0007	0.0003	0.0015	0.0007	0.0003	0.0037	0.0007	0.0003	0.0012
88	99	0.4892	6	0	0	0	0	0	0	0	0	N	N	N	N	N	N	N	N	N	N	N	N	0.0001	0.0000	0.0023	0.0000	0.0001	0.0000	0.0001	0.0000	0.0079	0.0000	0.0000	0.0000	0.0000	0.0000	0.0000	0.0000	0.0000	0.0000	0.0963	0.2253	0.0081	0.0290	0.0270	0.0436	0.0759	0.6921	0.0038	0.5470	0.2424	0.0000	-0.0003	8.6320	2.7834	7.0881	1.0450	0.0000	0.0000	0.0000	0.0000	0.0000	0.0000	0.0000	0.0000	0.0000	0.0006	0.0005	0.0001	0.0003	0.0003	0.0000	0.0003	0.0002	0.0001	0.2594	0.2344	0.0249	0.1520	0.1426	0.0095	0.1073	0.0919	0.0155	0.0574	0.0348	0.0226	0.0216	0.0205	0.0011	0.0358	0.0143	0.0215	0.0005	0.0003	0.0035	0.0001	0.0001	0.0000	0.0013	0.0005	0.0079	0.0109	0.0144	0.0054	0.0155	0.0144	0.0355	0.0080	0.0144	0.0038
88	100	0.4792	5	0	0	0	0	0	0	0	0	N	N	N	N	N	N	N	N	N	N	N	N	0.3271	0.2992	0.0456	0.0256	0.0278	0.0117	0.5651	4.6994	0.0633	0.3450	0.3681	0.1378	0.0477	0.0496	0.0204	0.6447	0.7153	0.1946	1.0546	1.2303	3.0193	1.8602	1.7852	1.7355	1.1408	0.1522	3.0744	0.0417	1.1046	-0.0412	-0.0061	8.6320	7.6044	7.0881	2.7972	0.1669	0.1602	0.0067	0.0116	0.0113	0.0003	0.1553	0.1490	0.0064	0.0590	0.0281	0.0310	0.0297	0.0280	0.0017	0.0294	0.0001	0.0293	0.4838	0.4353	0.0485	0.2429	0.2271	0.0158	0.2410	0.2083	0.0327	0.1445	0.0924	0.0521	0.0559	0.0521	0.0038	0.0886	0.0403	0.0482	0.8443	1.2126	0.2316	0.0899	0.0924	0.0459	1.9435	313.7720	0.3206	0.4086	0.3035	0.5950	0.5303	0.5367	0.4438	0.3317	0.0023	0.6070
88	101	0.4296	4	0	0	0	0	0	0	0	0	N	N	N	N	N	N	N	N	N	N	N	N	1.8486	0.0887	18.0136	0.1506	0.1569	0.1551	3.2323	0.2050	27.6119	1.6229	0.0960	13.9807	0.2407	0.2511	0.0619	2.1925	0.0264	16.3391	0.8779	1.0831	0.7761	1.5986	1.5997	0.3991	0.6783	0.1286	0.5917	17.9895	0.3095	0.7135	-0.0212	8.6320	18.4780	7.0881	12.4520	1.0807	0.0569	1.0238	0.0468	0.0461	0.0007	1.0339	0.0108	1.0231	0.0542	0.0414	0.0128	0.0427	0.0412	0.0016	0.0115	0.0002	0.0113	0.6659	0.5927	0.0732	0.1943	0.1837	0.0106	0.4716	0.4089	0.0626	0.3144	0.2001	0.1142	0.1088	0.0988	0.0100	0.2056	0.1013	0.1043	9.4141	0.4643	124.6972	0.6130	0.6025	0.3981	39.3109	12.7931	151.3364	0.1724	0.2068	0.1121	0.3927	0.4167	0.1555	0.0558	0.0021	0.1080
88	102	0.1379	4	0	1	0	0	0	0	0	0	N	N	N	N	N	N	N	N	N	N	N	N	0.3117	0.1163	0.6372	0.0219	0.0149	0.2551	0.3437	0.1004	0.6639	0.3296	0.1072	2.1588	0.0196	0.0124	0.2317	0.4284	0.1409	2.3113	1.0573	0.9219	3.3879	0.8949	0.8302	0.9085	1.2465	1.4033	3.4815	2.4488	4.7124	0.2220	0.0526	8.6320	34.1922	7.0881	22.4626	0.5250	0.1522	0.3728	0.0075	0.0046	0.0029	0.5175	0.1476	0.3698	0.2678	0.0469	0.2209	0.0233	0.0207	0.0026	0.2445	0.0261	0.2183	1.5929	1.4202	0.1727	0.3851	0.3725	0.0127	1.2078	1.0478	0.1600	0.6490	0.3880	0.2610	0.1373	0.1279	0.0094	0.5117	0.2601	0.2516	0.7989	0.8872	2.5508	0.1153	0.0763	0.8421	0.8969	1.4022	2.6638	0.4126	0.1208	0.8463	0.1699	0.1621	0.2752	0.4777	0.1005	0.8677
88	103	0.0900	3	0	1	0	0	0	0	0	0	N	N	N	N	N	N	N	N	N	N	N	N	0.1094	0.0818	0.1762	0.0538	0.0559	0.0068	0.1191	0.0648	0.1793	0.3223	0.1358	1.6630	0.2085	0.2168	0.0162	0.3433	0.1192	1.7549	2.9461	1.6595	9.4400	3.8751	3.8763	2.3902	2.8820	1.8390	9.7890	1.7032	3.4039	0.1026	0.1823	8.6320	22.5884	7.0881	11.0115	0.2991	0.1106	0.1884	0.0302	0.0301	0.0001	0.2689	0.0805	0.1883	1.2607	0.2863	0.9744	0.2446	0.2435	0.0010	1.0161	0.0427	0.9734	0.9280	0.8147	0.1133	0.1449	0.1389	0.0060	0.7831	0.6758	0.1073	0.4279	0.2324	0.1955	0.0753	0.0734	0.0019	0.3526	0.1590	0.1935	0.1094	0.1103	0.3336	0.0642	0.0654	0.0296	0.1191	0.4432	0.3490	2.9461	1.2315	4.9852	3.2461	3.3165	0.5473	2.8820	0.2688	5.0291
88	104	0.0600	2	0	0	0	0	0	0	0	0	N	N	N	N	N	N	N	N	N	N	N	N	0.0625	0.0226	0.1287	0.0290	0.0314	0.0313	0.0581	0.0131	0.1414	0.0639	0.0284	0.3118	0.0563	0.0588	0.0012	0.0651	0.0231	0.3276	1.0225	1.2570	2.4224	1.9375	1.8749	0.0374	1.1193	1.7666	2.3161	1.5738	0.9681	0.0101	-0.0136	8.6320	11.8100	7.0881	8.7888	0.0313	0.0122	0.0191	0.0037	0.0037	0.0000	0.0275	0.0084	0.0191	0.0996	0.0506	0.0490	0.0280	0.0280	0.0000	0.0716	0.0226	0.0490	0.4895	0.4282	0.0613	0.0665	0.0635	0.0030	0.4230	0.3647	0.0584	0.2839	0.1507	0.1332	0.0494	0.0488	0.0007	0.2344	0.1019	0.1326	0.1821	0.0845	0.8475	0.0992	0.1025	0.0370	0.2132	0.1040	0.8864	0.3509	0.3359	0.3679	0.5671	0.5743	0.0316	0.3053	0.2218	0.3695
88	106	0.0966	4	0	1	0	0	0	0	0	0	N	N	N	N	N	N	N	N	N	N	N	N	1.1070	0.1769	34.1659	0.3260	0.3084	0.6755	2.8066	0.0393	35.6177	0.0012	0.0004	0.0073	0.0017	0.0018	0.0000	0.0011	0.0001	0.0077	0.0011	0.0022	0.0002	0.0052	0.0057	0.0000	0.0004	0.0030	0.0002	2.4962	0.1751	0.0004	-0.0001	8.6320	20.0414	7.0881	7.0324	0.0009	0.0003	0.0006	0.0002	0.0002	0.0000	0.0007	0.0001	0.0006	0.0002	0.0001	0.0000	0.0001	0.0001	0.0000	0.0000	0.0000	0.0000	0.7215	0.6353	0.0862	0.1120	0.1071	0.0049	0.6094	0.5282	0.0813	0.2611	0.1457	0.1154	0.0296	0.0276	0.0020	0.2315	0.1181	0.1135	1.9269	0.4104	34.1659	0.3823	0.3734	0.6755	7.4898	1.3498	35.6177	0.0006	0.0010	0.0002	0.0044	0.0047	0.0000	0.0002	0.0001	0.0002
88	107	0.0865	3	0	0	0	0	0	0	0	0	N	N	N	N	N	N	N	N	N	N	N	N	57.0508	0.6513	791.4069	2.2821	2.0593	34.7696	46.1319	0.0227	1006.0484	0.3822	0.0025	3.6708	0.0078	0.0079	0.0011	0.4989	0.0006	3.8356	0.0067	0.0038	0.0046	0.0034	0.0039	0.0000	0.0108	0.0245	0.0038	171.2125	1.9743	0.0976	0.0000	8.6320	7.0315	7.0881	1.2144	0.1380	0.0008	0.1372	0.0007	0.0007	0.0000	0.1374	0.0001	0.1372	0.0002	0.0001	0.0001	0.0000	0.0000	0.0000	0.0002	0.0000	0.0001	0.3611	0.3237	0.0374	0.0858	0.0842	0.0016	0.2753	0.2395	0.0358	0.0898	0.0511	0.0387	0.0125	0.0118	0.0007	0.0773	0.0393	0.0380	157.4115	1.7257	981.4475	2.3418	2.2407	34.7696	218.6843	0.6920	1006.0484	0.0024	0.0014	0.0037	0.0033	0.0035	0.0000	0.0023	0.0008	0.0038
88	108	0.0530	2	0	0	0	0	0	0	0	0	N	N	N	N	N	N	N	N	N	N	N	N	1.9680	0.0267	1051.6652	8.6117	8.4219	0.0420	1.7518	0.0002	1318.8585	1.3482	0.0249	10.1106	0.4970	0.5064	0.0002	1.3864	0.0003	10.1723	0.6851	0.9327	0.0096	0.0577	0.0601	0.0059	0.7914	1.5847	0.0077	61.4183	0.0375	0.5590	-0.0101	8.6320	16.2725	7.0881	4.4748	0.8022	0.0129	0.7894	0.0127	0.0127	0.0000	0.7895	0.0001	0.7894	0.0171	0.0165	0.0006	0.0007	0.0007	0.0000	0.0164	0.0158	0.0006	0.5950	0.5170	0.0781	0.0256	0.0251	0.0005	0.5695	0.4919	0.0776	0.2340	0.1318	0.1022	0.0270	0.0261	0.0009	0.2070	0.1057	0.1013	18.4439	0.1988	1669.0914	19.5232	19.3905	0.0420	17.4807	0.0019	1678.9524	0.0731	0.1251	0.0061	0.0255	0.0261	0.0059	0.0793	0.1495	0.0061
88	109	0.1057	3	0	1	0	0	0	0	0	0	N	N	N	N	N	N	N	N	N	N	N	N	90.7534	41.9701	27.7484	132.6661	120.9120	3.8884	30.0468	4.4531	29.3911	0.6027	0.6849	0.0108	4.9642	5.2414	0.0036	0.0306	0.0335	0.0112	0.0066	0.0163	0.0004	0.0374	0.0433	0.0009	0.0010	0.0075	0.0004	0.0022	0.0807	-0.2362	-0.0007	8.6320	40.5309	7.0881	14.7974	0.8288	0.8270	0.0018	0.7916	0.7916	0.0000	0.0372	0.0354	0.0018	0.0013	0.0012	0.0001	0.0011	0.0011	0.0000	0.0002	0.0001	0.0001	1.3752	1.2076	0.1676	0.1595	0.1510	0.0084	1.2157	1.0566	0.1592	0.5368	0.2893	0.2475	0.0613	0.0572	0.0040	0.4755	0.2320	0.2435	249.7736	165.2874	27.7484	268.6092	265.7454	3.8884	89.4740	111.7398	29.3911	0.0024	0.0041	0.0004	0.0185	0.0197	0.0009	0.0003	0.0003	0.0004
88	110	0.0798	2	0	1	0	0	0	0	0	0	N	N	N	N	N	N	N	N	N	N	N	N	3.6983	3.2054	0.8923	10.1191	10.3833	10.6677	4.8506	1.7992	0.6509	1.2172	1.3857	0.0301	3.6086	3.8065	0.2097	0.8861	1.0200	0.0199	0.3291	0.4323	0.0337	0.3566	0.3666	0.0197	0.1827	0.5669	0.0305	0.0031	0.5138	-0.1814	-0.0013	8.6320	13.5236	7.0881	3.5331	0.6385	0.6366	0.0020	0.2302	0.2295	0.0007	0.4083	0.4071	0.0012	0.0044	0.0029	0.0015	0.0022	0.0022	0.0000	0.0022	0.0007	0.0014	0.5246	0.4594	0.0652	0.0638	0.0603	0.0035	0.4608	0.3991	0.0617	0.2016	0.1109	0.0907	0.0301	0.0279	0.0023	0.1714	0.0830	0.0884	55.9003	53.0006	1.8310	49.5009	49.2720	10.6677	69.2840	113.2899	1.2152	0.0218	0.0261	0.0164	0.0729	0.0773	0.0197	0.0128	0.0090	0.0163
88	112	0.1282	5	1	1	0	1	0	0	0	0	N	N	N	N	N	N	N	N	N	N	N	N	38.8571	19.3161	11.9104	41.8690	37.2575	0.0698	0.0029	11.6547	0.2486	0.2857	0.0002	0.7206	0.7244	0.0000	0.0001	0.0001	0.0002	0.0064	0.0148	0.0000	0.0172	0.0194	0.0000	0.0019	0.0395	0.0000	0.0001	0.0030	-0.0000	-0.0000	8.6320	0.0019	7.0881	1.9928	0.0000	0.0000	0.0000	0.0000	0.0000	0.0000	0.0000	0.0000	0.0000	0.0000	0.0000	0.0000	0.0000	0.0000	0.0000	0.0000	0.0000	0.0000	0.0002	0.0002	0.0000	0.0001	0.0001	0.0000	0.0001	0.0001	0.0000	0.0214	0.0128	0.0086	0.0038	0.0035	0.0003	0.0176	0.0093	0.0083	106.5437	73.4824	11.9104	68.4474	63.3319	0.0000	0.2327	0.1075	11.6547	0.0023	0.0039	0.0000	0.0105	0.0114	0.0000	0.0006	0.0011	0.0000	
88	113	0.1047	4	1	1	0	1	0	0	0	0	N	N	N	N	N	N	N	N	N	N	N	N	123.2287	505.6167	0.1358	3061.8909	2767.1219	0.3065	0.0476	0.0747	0.1656	1.4254	1.6540	0.0015	12.3364	12.6645	0.0000	0.0009	0.0008	0.0015	0.0116	0.0033	0.0111	0.0040	0.0046	0.0000	0.0199	0.0112	0.0093	0.0001	3.9787	-0.1421	0.0001	8.6320	8.6942	7.0881	6.0502	0.4951	0.4950	0.0001	0.4948	0.4948	0.0000	0.0003	0.0002	0.0001	0.0006	0.0001	0.0005	0.0001	0.0001	0.0000	0.0005	0.0000	0.0005	0.3473	0.2993	0.0480	0.0401	0.0391	0.0010	0.3072	0.2602	0.0470	0.1587	0.0906	0.0682	0.0232	0.0215	0.0018	0.1355	0.0691	0.0664	390.6470	1287.7243	0.2211	3320.6569	3152.3104	0.3065	0.2601	1.9325	0.2201	0.0036	0.0013	0.0068	0.0037	0.0040	0.0000	0.0036	0.0004	0.0070
88	114	0.1258	8	0	1	0	1	0	0	0	0	N	N	N	N	N	N	N	N	N	N	N	N	0.0000	0.0000	0.0000	0.0000	0.0000	0.0000	0.0000	0.0000	0.0000	0.0000	0.0000	0.0000	0.0000	0.0004	0.0000	0.0007	0.0000	0.0000	0.0000	0.0019	0.0000	0.0007	inf	0.0000	0.0000	8.6320	0.0001	7.0881	0.0001	0.0000	0.0000	0.0000	0.0000	0.0000	0.0000	0.0000	0.0000	0.0000	0.0000	0.0000	0.0000	0.0000	0.0000	0.0000	0.0000	0.0000	0.0000	0.0000	0.0000	0.0000	0.0000	0.0000	0.0000	0.0000	0.0000	0.0000	0.0000	0.0000	0.0000	0.0000	0.0000	0.0000	0.0000	0.0000	0.0000	0.0000	0.0000	0.0000	0.0000	0.0000	0.0000	0.0000	0.0000	0.0000	0.0003	0.0000	0.0007	0.0000	0.0000	0.0000	0.0006	0.0000	0.0007						
88	115	0.1191	7	0	1	0	1	0	0	0	0	N	N	N	N	N	N	N	N	N	N	N	N	0.0000	0.0000	0.0000	0.0000	0.0000	0.0000	0.0000	0.0000	0.0000	0.0000	0.0000	0.0000	0.0000	0.0013	0.0000	0.0017	0.0000	0.0000	0.0000	0.0032	0.0000	0.0017	inf	0.0000	0.0000	8.6320	3.0007	7.0881	1.0012	0.0000	0.0000	0.0000	0.0000	0.0000	0.0000	0.0000	0.0000	0.0000	0.0000	0.0000	0.0000	0.0000	0.0000	0.0000	0.0000	0.0000	0.0000	0.1061	0.0925	0.0136	0.0093	0.0088	0.0005	0.0969	0.0837	0.0132	0.0416	0.0237	0.0179	0.0059	0.0054	0.0005	0.0357	0.0183	0.0174	0.0000	0.0000	0.0000	0.0000	0.0000	0.0000	0.0000	0.0000	0.0000	0.0007	0.0000	0.0017	0.0000	0.0000	0.0000	0.0008	0.0000	0.0017						
88	116	0.1172	6	0	0	0	1	0	0	0	0	N	N	N	N	N	N	N	N	N	N	N	N	0.1241	0.8688	0.0000	1.4609	1.3982	0.0000	0.0000	0.0000	0.0000	0.0000	0.0000	0.0000	0.0000	0.0000	0.0000	0.0000	0.0000	0.0000	0.0000	0.0000	0.0000	0.0000	0.0000	0.0000	0.0000	0.0000	9.7526	-0.0000	0.0000	8.6320	1.1177	7.0881	0.0023	0.0000	0.0000	0.0000	0.0000	0.0000	0.0000	0.0000	0.0000	0.0000	0.0000	0.0000	0.0000	0.0000	0.0000	0.0000	0.0000	0.0000	0.0000	0.0417	0.0365	0.0052	0.0054	0.0051	0.0003	0.0363	0.0314	0.0049	0.0117	0.0067	0.0050	0.0017	0.0015	0.0001	0.0101	0.0052	0.0049	0.1241	0.8688	0.0000	1.4609	1.3982	0.0000	0.0000	0.0000	0.0000	0.0000	0.0000	0.0000	0.0000	0.0000	0.0000	0.0000	0.0000	0.0000		
88	117	0.1142	2	0	1	0	0	0	0	0	0	N	N	N	N	N	N	N	N	N	N	N	N	0.0323	0.0007	8.7739	0.0003	0.0003	0.0147	0.4063	0.0039	11.0937	0.0343	0.0010	0.2855	0.0011	0.0011	0.0006	0.0405	0.0010	0.3069	1.0613	1.4522	0.0325	3.4929	3.5622	0.0383	0.0996	0.2527	0.0277	37.4240	0.0157	0.0259	-0.1476	8.6320	31.2782	7.0881	23.9277	0.0377	0.0010	0.0367	0.0002	0.0002	0.0000	0.0375	0.0008	0.0367	0.2409	0.2372	0.0037	0.2365	0.2364	0.0002	0.0044	0.0008	0.0036	1.0994	0.9708	0.1286	0.1723	0.1633	0.0090	0.9271	0.8075	0.1196	0.5681	0.3291	0.2390	0.0919	0.0866	0.0053	0.4762	0.2425	0.2337	0.0809	0.0014	18.2965	0.0004	0.0004	0.0173	4.4131	0.2966	20.1539	0.4241	0.7207	0.0156	2.5750	2.7296	0.0325	0.0092	0.0033	0.0152
88	118	0.1172	6	0	0	1	1	0	0	0	0	N	N	N	N	N	N	N	N	N	N	N	N	inf	inf	inf	inf	0.0041	0.0047	0.0000	0.0000	0.0000	0.0000	0.0046	0.0053	0.0000	0.0000	0.0000	0.0000	0.0000	0.0000	0.0000	0.0000	0.0000	0.0000	0.0000	-0.0002	-0.0000	8.6320	3.8827	7.0881	2.9998	0.0006	0.0006	0.0000	0.0000	0.0000	0.0000	0.0006	0.0006	0.0000	0.0000	0.0000	0.0000	0.0000	0.0000	0.0000	0.0000	0.0000	0.0000	0.1390	0.1213	0.0177	0.0138	0.0131	0.0007	0.1252	0.1082	0.0170	0.0710	0.0404	0.0306	0.0100	0.0091	0.0009	0.0610	0.0313	0.0297	inf	inf	0.0000	0.0000	0.0000	0.0000	inf	inf	0.0000	0.0000	0.0000	0.0000	0.0000	0.0000	0.0000	0.0000	0.0000	0.0000						
88	119	0.1143	5	0	0	0	1	0	0	0	0	N	N	N	N	N	N	N	N	N	N	N	N	173.3420	49.6844	959.8063	0.0500	0.0479	213.5941	inf	1015.8862	0.0038	0.0012	0.0238	0.0000	0.0000	0.0000	0.0048	0.0016	0.0259	0.0000	0.0000	0.0000	0.0001	0.0001	0.0000	0.0000	0.0000	0.0000	2.4958	0.9391	0.0002	-0.0000	8.6320	2.8083	7.0881	0.0030	0.0005	0.0001	0.0003	0.0000	0.0000	0.0000	0.0005	0.0001	0.0003	0.0000	0.0000	0.0000	0.0000	0.0000	0.0000	0.0000	0.0000	0.0000	0.1239	0.1096	0.0143	0.0247	0.0235	0.0012	0.0992	0.0861	0.0131	0.0296	0.0168	0.0128	0.0042	0.0038	0.0004	0.0254	0.0130	0.0124	173.3420	61.6924	959.8063	0.0500	0.0479	0.0000	383.4719	inf	1015.8862	0.0000	0.0000	0.0000	0.0001	0.0001	0.0000	0.0000	0.0000	0.0000	
88	120	0.1143	5	0	0	1	1	0	0	0	0	N	N	N	N	N	N	N	N	N	N	N	N	199.6883	70.8719	1042.4977	0.0938	0.0900	407.4448	inf	1064.1291	0.0013	0.0004	0.0077	0.0000	0.0000	0.0000	0.0015	0.0005	0.0081	0.0000	0.0000	0.0000	0.0000	0.0000	0.0000	0.0000	0.0000	0.0000	2.4959	0.9170	0.0002	-0.0000	8.6320	9.6158	7.0881	0.0030	0.0005	0.0001	0.0003	0.0000	0.0000	0.0000	0.0005	0.0001	0.0003	0.0000	0.0000	0.0000	0.0000	0.0000	0.0000	0.0000	0.0000	0.0000	0.3578	0.3135	0.0443	0.0427	0.0405	0.0022	0.3151	0.2730	0.0421	0.0992	0.0563	0.0429	0.0139	0.0127	0.0012	0.0853	0.0436	0.0417	199.6883	70.8719	1042.4977	0.0938	0.0900	0.0000	407.4448	inf	1064.1291	0.0000	0.0000	0.0000	0.0000	0.0000	0.0000	0.0000	0.0000	0.0000	
88	121	0.1047	4	0	0	0	1	0	0	0	0	N	N	N	N	N	N	N	N	N	N	N	N	1110.3849	296.2466	11460.4005	4.1328	3.8783	2161.7931	1795.9529	756.5942	11394.8513	1.5145	0.5079	7.4565	0.0113	0.0114	0.0107	1.8118	0.6243	7.6010	0.0014	0.0017	0.0007	0.0027	0.0029	0.0000	0.0010	0.0008	0.0007	2.4872	0.5940	0.1266	-0.0000	8.6320	4.2457	7.0881	2.0144	0.2970	0.0852	0.2118	0.0004	0.0004	0.0000	0.2966	0.0848	0.2118	0.0001	0.0000	0.0000	0.0000	0.0000	0.0000	0.0000	0.0000	0.0000	0.1961	0.1677	0.0284	0.0324	0.0318	0.0005	0.1637	0.1359	0.0279	0.0730	0.0421	0.0308	0.0122	0.0115	0.0008	0.0607	0.0307	0.0301	2053.5320	634.0128	11460.4005	4.1328	3.8783	2161.7931	5432.1802	92298.7942	11394.8513	0.0007	0.0008	0.0007	0.0027	0.0029	0.0000	0.0003	0.0000	0.0007
88	122	0.0625	3	0	0	0	1	0	0	0	0	N	N	N	N	N	N	N	N	N	N	N	N	2.9537	16.4138	23.4129	56.2913	55.7044	57.8583	1.6636	3.5702	27.5192	0.8025	0.5890	2.1648	4.2778	4.3620	0.0060	0.4523	0.1517	2.1934	0.2717	0.0359	0.0925	0.0760	0.0783	0.0001	0.2719	0.0425	0.0797	0.5762	4.3884	0.0293	0.0009	8.6320	11.9190	7.0881	13.1740	0.3742	0.2374	0.1368	0.1826	0.1826	0.0000	0.1916	0.0548	0.1368	0.0049	0.0009	0.0040	0.0008	0.0008	0.0000	0.0041	0.0001	0.0040	0.4662	0.4030	0.0632	0.0427	0.0419	0.0008	0.4235	0.3612	0.0624	0.2590	0.1431	0.1159	0.0255	0.0244	0.0012	0.2335	0.1187	0.1148	42.4489	92.7321	62.9266	141.1466	137.4102	57.8583	25.6107	132.9571	63.1216	0.0189	0.0064	0.0344	0.0303	0.0317	0.0001	0.0177	0.0011	0.0347
88	123	0.4894	7	0	0	1	1	0	0	0	0	N	N	N	N	N	N	N	N	N	N	N	N	0.0000	0.0000	0.0000	0.0000	0.0000	0.0000	0.0000	0.0000	0.0000	0.0000	0.0000	0.0000	0.0000	0.0000	0.0000	0.0000	0.0000	0.0000	0.0017	0.0015	0.0010	0.0017	0.0011	0.0063	0.0014	0.0111	0.0005	0.7705	0.0000	-0.0000	8.6320	12.8936	7.0881	4.1514	0.0000	0.0000	0.0000	0.0000	0.0000	0.0000	0.0000	0.0000	0.0000	0.0001	0.0001	0.0001	0.0001	0.0000	0.0000	0.0000	0.0000	0.0000	0.4649	0.4159	0.0490	0.1495	0.1417	0.0078	0.3154	0.2742	0.0412	0.1368	0.0872	0.0496	0.0451	0.0405	0.0046	0.0917	0.0467	0.0450	0.0000	0.0000	0.0000	0.0000	0.0000	0.0000	0.0000	0.0000	0.0000	0.0009	0.0008	0.0010	0.0017	0.0011	0.0063	0.0005	0.0004	0.0005	
88	124	0.0778	4	0	1	0	0	0	0	0	0	N	N	N	N	N	N	N	N	N	N	N	N	0.0376	0.0081	5.1133	0.0003	0.0002	2.1720	0.3578	1.1989	5.5785	0.0305	0.0088	0.1803	0.0007	0.0005	0.0047	0.0331	0.0096	0.1840	0.8113	1.0839	0.0353	2.3950	2.4421	0.0021	0.0924	0.0080	0.0330	2.9690	0.0662	0.0065	-0.0158	8.6320	12.7386	7.0881	8.7370	0.0141	0.0035	0.0105	0.0000	0.0000	0.0000	0.0141	0.0035	0.0105	0.0279	0.0262	0.0017	0.0261	0.0261	0.0000	0.0018	0.0000	0.0017	0.4619	0.4035	0.0585	0.0365	0.0353	0.0012	0.4254	0.3682	0.0572	0.2275	0.1263	0.1012	0.0262	0.0250	0.0012	0.2014	0.1014	0.1000	0.2487	0.0425	10.5223	0.0007	0.0005	2.1720	3.7757	30.2228	10.6330	0.1226	0.2071	0.0171	0.9995	1.0469	0.0021	0.0088	0.0003	0.0173
88	125	0.0625	3	0	1	0	0	0	0	0	0	N	N	N	N	N	N	N	N	N	N	N	N	0.9000	0.9650	1.5135	0.6237	0.6266	36.9929	0.8595	0.7744	1.5220	0.8650	0.3057	4.3882	0.2075	0.2105	0.0115	0.9474	0.3195	4.4428	0.9611	0.3167	2.8994	0.3327	0.3360	0.0003	1.1023	0.4126	2.9192	2.2792	23.7181	0.1264	0.0093	8.6320	8.6431	7.0881	1.4782	0.3099	0.0945	0.2154	0.0083	0.0083	0.0000	0.3017	0.0862	0.2154	0.0280	0.0011	0.0268	0.0008	0.0008	0.0000	0.0271	0.0003	0.0268	0.3583	0.3092	0.0491	0.0399	0.0393	0.0006	0.3184	0.2699	0.0485	0.1108	0.0614	0.0494	0.0121	0.0116	0.0005	0.0987	0.0497	0.0489	3.4269	16.5769	8.0837	2.9827	2.9021	36.9929	3.4466	55.1711	8.1019	0.2524	0.0184	0.5428	0.0696	0.0725	0.0003	0.2749	0.0058	0.5484
88	126	0.0530	2	0	0	0	0	0	0	0	0	N	N	N	N	N	N	N	N	N	N	N	N	6.6330	2.8844	114.4405	18.1497	19.6813	0.0574	5.9988	1.2512	133.1016	3.0324	1.3431	15.0917	3.7848	3.8067	0.0010	2.9343	0.9724	15.1738	0.4572	0.4656	0.1319	0.2085	0.1934	0.0177	0.4891	0.7772	0.1140	1.5741	1.0155	0.1837	-0.0004	8.6320	4.1618	7.0881	2.0491	0.5664	0.2200	0.3464	0.0816	0.0816	0.0000	0.4848	0.1385	0.3464	0.0029	0.0014	0.0015	0.0007	0.0007	0.0000	0.0021	0.0007	0.0014	0.1868	0.1638	0.0230	0.0216	0.0214	0.0001	0.1652	0.1424	0.0228	0.0842	0.0495	0.0347	0.0143	0.0140	0.0003	0.0699	0.0355	0.0344	88.7152	46.5802	360.8746	73.5361	72.9521	0.0574	95.7741	49.5961	361.0448	0.0342	0.0288	0.0418	0.0515	0.0522	0.0177	0.0306	0.0196	0.0420
88	128	0.5017	8	1	1	0	0	0	0	0	0	N	N	N	N	N	N	N	N	N	N	N	N	0.0631	inf	0.1164	0.0601	inf	0.1246	0.0000	0.0000	0.0000	0.0000	0.0000	0.0000	0.0000	0.0000	0.0000	0.0000	0.0000	0.0000	0.0000	0.0000	0.0000	0.0000	0.0000	0.0000	1.4286	inf	0.0000	0.0000	8.6320	2.0107	7.0881	1.9995	0.0000	0.0000	0.0000	0.0000	0.0000	0.0000	0.0000	0.0000	0.0000	0.0000	0.0000	0.0000	0.0000	0.0000	0.0000	0.0000	0.0000	0.0000	0.0676	0.0600	0.0076	0.0211	0.0198	0.0012	0.0465	0.0402	0.0063	0.0307	0.0201	0.0107	0.0108	0.0097	0.0011	0.0199	0.0104	0.0096	0.0631	inf	0.1164	0.0000	0.0000	0.0000	0.0601	inf	0.1246	0.0000	0.0000	0.0000	0.0000	0.0000	0.0000	0.0000	0.0000	0.0000			
88	129	0.4894	7	1	1	0	0	0	0	0	0	N	N	N	N	N	N	N	N	N	N	N	N	0.2057	0.1456	1.8799	0.0000	0.0000	0.0000	0.6221	5.1255	4.7655	0.0007	0.0003	0.0044	0.0000	0.0000	0.0000	0.0011	0.0005	0.0052	0.0036	0.0023	0.0023	0.0033	0.0020	0.0155	0.0018	0.0001	0.0011	1.4286	1.3705	0.0001	-0.0000	8.6320	5.6459	7.0881	1.1399	0.0002	0.0001	0.0001	0.0000	0.0000	0.0000	0.0002	0.0001	0.0001	0.0001	0.0000	0.0001	0.0001	0.0000	0.0000	0.0000	0.0000	0.0000	0.2294	0.2066	0.0228	0.0812	0.0775	0.0037	0.1482	0.1291	0.0191	0.0593	0.0375	0.0218	0.0202	0.0184	0.0019	0.0391	0.0191	0.0199	0.4991	0.3421	1.8799	0.0000	0.0000	0.0000	2.0430	1577.5344	4.7655	0.0015	0.0010	0.0023	0.0033	0.0020	0.0155	0.0006	0.0000	0.0011
88	130	0.4591	6	0	0	0	0	0	0	0	0	N	N	N	N	N	N	N	N	N	N	N	N	0.0732	0.1573	0.0001	0.5860	1.0263	0.0002	0.0000	0.0000	0.0001	0.0587	0.0659	0.0002	0.1600	0.1695	0.0001	0.0000	0.0000	0.0002	0.8021	0.4186	1.9468	0.2730	0.1652	0.6180	0.9628	0.0233	1.8298	0.0004	6.4586	-0.0084	0.0049	8.6320	11.6079	7.0881	5.3766	0.0292	0.0292	0.0000	0.0292	0.0292	0.0000	0.0000	0.0000	0.0000	0.0205	0.0028	0.0178	0.0037	0.0027	0.0010	0.0168	0.0000	0.0167	0.4980	0.4438	0.0542	0.1827	0.1724	0.0103	0.3153	0.2714	0.0440	0.1746	0.1081	0.0665	0.0610	0.0562	0.0048	0.1136	0.0519	0.0617	0.4997	2.5885	0.0008	2.6121	3.5172	0.0006	0.0002	0.0008	0.0009	0.1175	0.0254	0.2670	0.0613	0.0482	0.2138	0.1477	0.0008	0.2712
88	131	0.4413	5	0	0	0	0	0	0	0	0	N	N	N	N	N	N	N	N	N	N	N	N	0.1256	0.2066	0.1218	0.3359	0.3508	0.0005	0.0437	0.0075	0.1247	0.4186	0.2976	1.4707	0.7711	0.8067	0.0016	0.2353	0.0053	1.7230	3.3321	1.4402	12.0795	2.2955	2.2999	3.2274	5.3830	0.7047	13.8198	0.5689	7.3289	0.0056	0.3192	8.6320	3.9355	7.0881	8.7078	0.0737	0.0470	0.0267	0.0465	0.0464	0.0000	0.0272	0.0005	0.0267	1.2688	0.1523	1.1164	0.1565	0.1515	0.0050	1.1123	0.0008	1.1115	0.1760	0.1579	0.0182	0.0602	0.0576	0.0027	0.1158	0.1003	0.0155	0.3808	0.2204	0.1603	0.1741	0.1663	0.0078	0.2066	0.0541	0.1525	0.1256	0.4306	0.2112	0.8582	0.8854	0.0026	0.0437	0.3496	0.2364	3.3321	0.6910	6.9634	0.8985	0.9111	0.6315	5.3830	0.0151	7.2891
88	132	0.4296	4	0	0	0	0	0	0	0	0	N	N	N	N	N	N	N	N	N	N	N	N	0.2131	0.1150	0.3369	0.1769	0.1819	0.0010	0.1505	0.0015	0.3591	0.3237	0.1855	1.5106	0.4995	0.5230	0.0010	0.2370	0.0021	1.7622	1.5191	1.6127	4.4844	2.8232	2.8760	1.0729	1.5755	1.4746	4.9075	0.9484	0.9825	0.0177	-0.0300	8.6320	6.2657	7.0881	3.9760	0.0885	0.0454	0.0431	0.0451	0.0451	0.0000	0.0434	0.0003	0.0431	0.2262	0.1141	0.1121	0.1108	0.1093	0.0015	0.1155	0.0049	0.1106	0.2733	0.2448	0.0285	0.0902	0.0862	0.0041	0.1831	0.1586	0.0244	0.1602	0.1018	0.0584	0.0654	0.0606	0.0049	0.0947	0.0412	0.0535	0.2292	0.1655	0.7866	0.2950	0.2899	0.0033	0.1945	0.0182	0.8524	1.4123	1.1209	1.9206	1.6929	1.8041	0.3124	1.2185	0.1178	2.0672
88	133	0.3523	3	0	0	0	0	0	0	0	0	N	N	N	N	N	N	N	N	N	N	N	N	0.1819	0.1959	0.2001	0.5402	0.7775	0.0097	0.0684	0.0034	0.2607	0.1527	0.1195	0.4186	0.3856	0.4061	0.0198	0.0650	0.0018	0.4788	0.8392	0.6102	2.0927	0.7138	0.5223	2.0443	0.9508	0.5420	1.8363	0.4365	3.1662	0.0025	0.0090	8.6320	26.7012	7.0881	18.2690	0.1485	0.1034	0.0451	0.1025	0.1023	0.0003	0.0460	0.0011	0.0448	0.0686	0.0165	0.0522	0.0211	0.0150	0.0061	0.0475	0.0014	0.0461	0.9728	0.8650	0.1078	0.2660	0.2518	0.0141	0.7068	0.6131	0.0937	0.4998	0.3194	0.1804	0.1628	0.1505	0.0124	0.3370	0.1690	0.1680	1.1118	2.3176	1.4479	2.9706	4.0613	0.0402	0.4614	0.2158	1.7462	0.1373	0.0516	0.2891	0.1298	0.1000	0.4924	0.1409	0.0085	0.2742
88	134	0.1142	2	0	0	0	0	0	0	0	0	N	N	N	N	N	N	N	N	N	N	N	N	0.2986	0.0149	0.6505	0.0011	0.0012	0.0030	0.3033	0.0104	0.6488	1.1131	0.0070	9.4143	0.0003	0.0003	0.0003	1.2912	0.0081	10.1016	3.7282	0.4676	14.4724	0.3011	0.2671	0.1080	4.2568	0.7840	15.5704	179.7674	223.3207	1.5143	1.3370	8.6320	61.4372	7.0881	55.8589	2.1408	0.0118	2.1290	0.0001	0.0001	0.0000	2.1407	0.0118	2.1289	3.6412	0.0162	3.6250	0.0079	0.0074	0.0005	3.6333	0.0088	3.6245	1.9233	1.6972	0.2261	0.2653	0.2499	0.0154	1.6580	1.4472	0.2108	0.9767	0.5552	0.4215	0.1231	0.1155	0.0076	0.8535	0.4397	0.4138	0.2986	0.2387	1.0946	0.0050	0.0050	0.0049	0.3033	0.4046	1.1534	3.7282	0.0292	8.6004	0.0642	0.0641	0.0665	4.2568	0.0201	8.7581
89	91	0.2684	8	1	1	1	0	0	0	0	0	N	N	N	N	N	N	N	N	N	N	N	N	15647.5938	19.8651	inf	inf	inf	inf	12499.8169	0.0607	inf	0.1298	0.0003	1.1297	0.0009	0.0009	0.0001	0.1790	0.0001	1.2922	0.0000	0.0000	0.0000	0.0000	0.0000	0.0000	0.0000	0.0013	0.0000	437.2527	0.0000	0.0187	-0.0000	15.4622	3.0317	5.2688	0.1644	0.0263	0.0001	0.0262	0.0001	0.0000	0.0000	0.0262	0.0000	0.0262	0.0000	0.0000	0.0000	0.0000	0.0000	0.0000	0.0000	0.0000	0.0000	0.2025	0.1793	0.0232	0.0559	0.0530	0.0029	0.1465	0.1263	0.0203	0.0348	0.0189	0.0159	0.0044	0.0039	0.0005	0.0304	0.0150	0.0154	15647.5938	21.8889	inf	inf	inf	inf	18877.4036	4.1198	inf	0.0000	0.0000	0.0000	0.0000	0.0000	0.0000	0.0000	0.0000	0.0000
89	92	0.2626	7	1	1	1	0	0	0	0	0	N	N	N	N	N	N	N	N	N	N	N	N	5.3771	0.8136	356.8066	4252.0815	10847.0480	0.1953	1.8306	0.0000	442.9417	0.2106	0.1200	1.0589	0.2454	0.2587	0.0000	0.1831	0.0000	1.3830	0.0392	0.1475	0.0030	0.0001	0.0000	0.0002	0.1000	0.7133	0.0031	0.9433	0.2084	0.0105	-0.0001	15.4622	2.6632	5.2688	1.0147	0.0527	0.0271	0.0256	0.0271	0.0271	0.0000	0.0256	0.0000	0.0256	0.0003	0.0003	0.0001	0.0000	0.0000	0.0000	0.0003	0.0003	0.0001	0.2504	0.2262	0.0242	0.1106	0.1049	0.0057	0.1398	0.1213	0.0185	0.0422	0.0232	0.0190	0.0067	0.0057	0.0010	0.0355	0.0175	0.0180	27.1654	10.2727	356.8464	4252.0815	10847.0480	0.1953	19.8963	0.0006	442.9417	0.0078	0.0117	0.0030	0.0001	0.0000	0.0002	0.0092	0.0154	0.0031
89	93	0.1794	6	1	1	1	0	0	0	0	0	N	N	N	N	N	N	N	N	N	N	N	N	1.0283	1.5796	2.6553	0.1618	1.6486	0.0186	1.1921	1.0353	2.8512	1.2229	0.0037	11.0778	0.0082	0.0081	0.0114	1.6454	0.0020	12.3548	1.1892	0.0023	4.1720	0.0507	0.0049	0.6127	1.3803	0.0020	4.3332	370.7320	1344.6407	2.0960	0.1376	15.4622	35.0787	5.2688	12.2568	2.9514	0.0079	2.9434	0.0051	0.0048	0.0003	2.9463	0.0031	2.9431	0.3710	0.0003	0.3707	0.0016	0.0003	0.0013	0.3694	0.0000	0.3694	2.4134	2.1477	0.2657	0.6228	0.5953	0.0275	1.7906	1.5524	0.2382	0.5142	0.2760	0.2382	0.0694	0.0631	0.0063	0.4448	0.2129	0.2319	1.6949	3.7004	7.1180	0.3559	1.9092	0.0541	1.9812	45.5713	7.7557	0.7215	0.0010	1.5563	0.0231	0.0042	0.2110	0.8305	0.0000	1.5930
89	94	0.1658	5	1	1	0	0	0	0	0	0	N	N	N	N	N	N	N	N	N	N	N	N	0.7212	1.9226	6.2366	3.8907	3.5231	11.1459	0.3457	0.0861	7.4661	0.0322	0.0140	0.1956	0.0371	0.0375	0.0245	0.0301	0.0026	0.2137	0.0446	0.0073	0.0314	0.0095	0.0107	0.0022	0.0869	0.0303	0.0286	1.5575	5.5973	0.0080	0.0002	15.4622	8.4810	5.2688	2.3446	0.0248	0.0097	0.0151	0.0087	0.0085	0.0002	0.0161	0.0012	0.0149	0.0011	0.0002	0.0009	0.0001	0.0001	0.0000	0.0010	0.0000	0.0009	0.7698	0.6927	0.0771	0.2330	0.2257	0.0074	0.5368	0.4670	0.0698	0.1304	0.0705	0.0599	0.0172	0.0158	0.0014	0.1132	0.0547	0.0585	3.9102	6.0594	12.8684	5.4970	5.2436	11.1459	3.5530	2.8696	13.7738	0.0082	0.0023	0.0152	0.0068	0.0072	0.0022	0.0085	0.0009	0.0155
89	95	0.1032	3	0	2	0	1	0	0	0	0	N	Y	N	N	N	N	N	N	N	N	N	N	0.3855	0.0038	363.0083	0.0132	0.0134	189.6339	0.3791	0.0032	479.8406	0.6435	0.0118	5.1631	0.0089	0.0092	0.0028	0.7416	0.0123	5.4652	1.6691	3.1084	0.0142	0.6727	0.6855	0.0000	1.9561	3.8362	0.0114	61.0463	0.0022	0.7064	-0.6264	15.4622	24.0032	5.2688	22.6134	1.0138	0.0163	0.9975	0.0019	0.0018	0.0000	1.0119	0.0145	0.9974	1.0004	0.9982	0.0022	0.0083	0.0083	0.0000	0.9921	0.9899	0.0022	1.5754	1.3822	0.1932	0.2108	0.2001	0.0107	1.3646	1.1821	0.1825	0.6000	0.3211	0.2788	0.0667	0.0631	0.0036	0.5333	0.2580	0.2753	0.3859	0.0038	648.8233	0.0713	0.0699	189.6339	0.3986	0.0032	677.9805	1.6674	3.1084	0.0080	0.1244	0.1315	0.0000	1.8603	3.8362	0.0081
89	96	0.5206	7	0	2	0	0	0	0	0	0	N	Y	N	N	N	N	N	N	N	N	N	N	1.9282	19.8790	0.0000	10.5798	10.3174	0.0000	1.8779	2799.5017	0.0000	0.5230	0.5853	0.0000	0.1906	0.2040	0.0000	0.7326	0.8442	0.0000	0.2713	0.0294	0.1219	0.0180	0.0198	0.0058	0.3901	0.0003	0.1237	0.0000	4.1879	-0.1986	0.0011	15.4622	18.5150	5.2688	10.2301	0.6918	0.6918	0.0000	0.0975	0.0975	0.0000	0.5943	0.5943	0.0000	0.0062	0.0012	0.0050	0.0013	0.0012	0.0001	0.0050	0.0000	0.0050	1.3227	1.1819	0.1407	0.5114	0.4779	0.0335	0.8112	0.7040	0.1072	0.3296	0.2041	0.1255	0.1165	0.1044	0.0121	0.2131	0.0997	0.1134	27.6964	99.5831	0.0000	17.4922	17.7502	0.0000	31.5090	734124.6815	0.0000	0.0189	0.0059	0.0400	0.0109	0.0115	0.0058	0.0233	0.0000	0.0437
89	97	0.1323	4	0	2	0	0	0	0	0	0	N	Y	N	N	N	N	N	N	N	N	N	N	2.1889	43.0751	1.9910	14.3440	28.8525	0.0065	1.8243	1685.9721	2.3363	1.5816	1.4031	2.8914	1.8283	1.9147	0.0038	1.5382	1.3038	3.0642	0.7226	0.0326	1.4522	0.1275	0.0664	0.5838	0.8431	0.0008	1.3116	0.2809	24.8119	-0.3136	0.0247	15.4622	46.1140	5.2688	26.4917	4.6211	3.6078	1.0133	0.8004	0.8003	0.0001	3.8207	2.8075	1.0132	0.0741	0.0029	0.0712	0.0045	0.0029	0.0016	0.0696	0.0000	0.0696	2.9217	2.5713	0.3504	0.4378	0.4180	0.0198	2.4839	2.1533	0.3307	0.8472	0.4676	0.3797	0.1090	0.1011	0.0079	0.7383	0.3665	0.3718	18.0914	228.6252	15.4179	44.3679	67.4857	0.0186	16.3208	227868.1174	16.3732	0.0874	0.0061	0.1875	0.0412	0.0284	0.2057	0.0942	0.0000	0.1871
89	98	0.5735	9	0	2	0	0	0	0	0	0	N	Y	N	N	N	N	N	N	N	N	N	N	97.9361	70.3961	0.0054	86.5894	96.9937	0.0035	1.8782	0.0365	0.0039	0.0180	0.0200	0.0000	0.0492	0.0519	0.0000	0.0000	0.0000	0.0000	0.0002	0.0003	0.0001	0.0006	0.0005	0.0008	0.0000	0.0001	0.0000	0.0000	0.2586	-0.0061	-0.0000	15.4622	20.7840	5.2688	8.9470	0.0212	0.0212	0.0000	0.0212	0.0212	0.0000	0.0000	0.0000	0.0000	0.0001	0.0000	0.0000	0.0001	0.0000	0.0000	0.0000	0.0000	0.0000	1.1827	1.0616	0.1211	0.4319	0.4091	0.0228	0.7508	0.6525	0.0983	0.2760	0.1655	0.1105	0.0884	0.0751	0.0134	0.1876	0.0904	0.0972	97.9361	82.3349	0.0054	86.5894	96.9937	0.0035	1.8782	11.5091	0.0039	0.0002	0.0002	0.0001	0.0006	0.0005	0.0008	0.0000	0.0000	0.0000
89	99	0.5686	8	0	1	0	0	0	0	0	0	N	N	N	N	N	N	N	N	N	N	N	N	12.6877	0.6615	363.1486	0.8972	0.8585	0.9170	25.1103	0.2414	658.1145	0.1320	0.0082	1.3247	0.0050	0.0053	0.0006	0.3377	0.0134	2.3008	0.0104	0.0124	0.0036	0.0056	0.0062	0.0006	0.0134	0.0555	0.0035	16.7159	0.6860	0.0413	-0.0000	15.4622	2.7834	5.2688	1.0450	0.0630	0.0036	0.0594	0.0015	0.0015	0.0000	0.0615	0.0021	0.0594	0.0002	0.0001	0.0001	0.0001	0.0001	0.0000	0.0001	0.0000	0.0001	0.4771	0.4322	0.0449	0.2950	0.2759	0.0190	0.1821	0.1563	0.0258	0.0625	0.0364	0.0260	0.0231	0.0215	0.0016	0.0394	0.0149	0.0244	38.8318	2.3799	399.0194	1.0785	1.0755	0.9170	125.9185	9.9324	658.1145	0.0034	0.0035	0.0033	0.0046	0.0049	0.0006	0.0027	0.0013	0.0035
89	100	0.5585	7	0	1	0	0	0	0	0	0	N	N	N	N	N	N	N	N	N	N	N	N	64.6675	58.1810	16.0108	101.7766	95.5546	46.6467	73.7930	24.1182	11.4719	0.4384	0.4853	0.0365	0.3710	0.3976	0.0507	0.5167	0.5944	0.0273	0.0068	0.0083	0.0023	0.0036	0.0042	0.0011	0.0070	0.0246	0.0024	0.0088	0.5749	-0.1145	-0.0001	15.4622	7.6044	5.2688	2.7972	0.4114	0.4078	0.0036	0.1872	0.1852	0.0020	0.2242	0.2226	0.0016	0.0005	0.0003	0.0002	0.0003	0.0003	0.0000	0.0002	0.0000	0.0002	0.9383	0.8403	0.0980	0.5045	0.4658	0.0386	0.4338	0.3745	0.0594	0.1856	0.1125	0.0731	0.0747	0.0692	0.0054	0.1109	0.0433	0.0676	178.2606	188.3983	16.0108	106.1960	107.9628	46.6467	293.1208	738.6523	11.4719	0.0025	0.0026	0.0023	0.0035	0.0037	0.0011	0.0018	0.0008	0.0024
89	101	0.5089	6	0	1	0	0	0	0	0	0	N	N	N	N	N	N	N	N	N	N	N	N	1.0404	0.4261	36.1633	0.4959	0.0189	9063.0427	2.3184	4.6510	0.0845	1.4761	0.8255	6.9673	1.9893	0.0801	29.9212	1.1550	1.3286	0.0150	1.4187	1.9375	0.1927	4.0115	4.2371	0.0033	0.4982	0.2857	0.1774	1.0000	0.0165	0.4247	-0.2526	15.4622	18.4780	5.2688	12.4520	1.9950	0.9975	0.9975	1.0349	0.0390	0.9959	0.9601	0.9585	0.0016	0.4127	0.4060	0.0067	0.4056	0.4056	0.0000	0.0071	0.0004	0.0067	1.3515	1.2084	0.1432	0.5202	0.4869	0.0333	0.8313	0.7214	0.1099	0.3410	0.2095	0.1315	0.1178	0.1048	0.0130	0.2232	0.1048	0.1185	1.2198	0.4261	136.8362	0.5777	0.0207	9063.0427	36.5691	349.5308	0.2669	1.2101	1.9375	0.0509	3.4434	3.8707	0.0033	0.0316	0.0038	0.0561
89	102	0.2172	6	0	2	0	0	0	0	0	0	N	Y	N	N	N	N	N	N	N	N	N	N	0.7836	0.6380	23.5293	0.4820	0.4963	34.3473	126.9180	78.4598	15.2560	0.4241	0.4725	0.0335	0.5016	0.5332	0.0777	0.3833	0.4382	0.0212	0.5412	0.7406	0.0014	1.0407	1.0743	0.0023	0.0030	0.0056	0.0014	0.0088	0.0133	-0.3786	-0.0212	15.4622	34.1922	5.2688	22.4626	1.3598	1.3479	0.0118	0.5551	0.5492	0.0060	0.8046	0.7988	0.0059	0.0345	0.0340	0.0005	0.0340	0.0340	0.0000	0.0005	0.0001	0.0004	3.2062	2.8528	0.3534	1.1068	1.0300	0.0768	2.0994	1.8229	0.2766	0.7630	0.4457	0.3173	0.1615	0.1491	0.0124	0.6015	0.2966	0.3049	9.3840	6.1876	23.5293	2.3824	2.3397	34.3473	472.0251	1991.2705	15.2560	0.0452	0.0764	0.0014	0.2105	0.2279	0.0023	0.0008	0.0002	0.0014
89	103	0.1693	5	0	2	0	0	0	0	0	0	N	Y	N	N	N	N	N	N	N	N	N	N	0.6710	0.8661	0.0981	4.6980	5.1199	9.9518	0.4011	0.3403	0.0802	0.4483	0.4998	0.0624	0.8801	0.9275	0.1969	0.3051	0.3463	0.0410	0.6681	0.5771	0.6367	0.1873	0.1812	0.0198	0.7605	1.0177	0.5109	0.0167	1.8117	-0.2200	0.0005	15.4622	22.5884	5.2688	11.0115	0.8126	0.7992	0.0133	0.3974	0.3916	0.0058	0.4151	0.4076	0.0075	0.0321	0.0114	0.0207	0.0035	0.0034	0.0001	0.0286	0.0080	0.0206	1.8124	1.5992	0.2132	0.4516	0.4223	0.0293	1.3608	1.1769	0.1839	0.4663	0.2555	0.2108	0.0709	0.0681	0.0028	0.3954	0.1874	0.2080	6.5142	11.1872	0.6365	17.9045	18.4179	9.9518	4.2164	8.1281	0.4135	0.0688	0.0447	0.0981	0.0492	0.0504	0.0198	0.0724	0.0426	0.0991
89	104	0.1393	4	0	1	0	0	0	0	0	0	N	N	N	N	N	N	N	N	N	N	N	N	8.6181	9.7187	1.2043	27.1849	33.7781	0.5927	1.0473	0.1667	0.9967	0.1684	0.1904	0.0119	0.5326	0.5862	0.0281	0.0262	0.0291	0.0074	0.0195	0.0196	0.0099	0.0196	0.0174	0.0473	0.0250	0.1747	0.0074	0.0088	1.1307	-0.0473	-0.0002	15.4622	11.8100	5.2688	8.7888	0.1700	0.1685	0.0015	0.1509	0.1502	0.0008	0.0190	0.0183	0.0007	0.0016	0.0008	0.0009	0.0005	0.0005	0.0001	0.0011	0.0003	0.0008	1.0090	0.8847	0.1243	0.2834	0.2562	0.0272	0.7256	0.6285	0.0971	0.3017	0.1650	0.1367	0.0450	0.0433	0.0017	0.2567	0.1217	0.1350	31.4313	41.3992	1.8970	45.7343	55.2131	0.7478	6.1560	11.8298	1.2552	0.0054	0.0046	0.0063	0.0116	0.0106	0.0375	0.0043	0.0025	0.0059
89	105	0.1032	3	0	1	0	0	0	0	0	0	N	N	N	N	N	N	N	N	N	N	N	N	8.4988	229.5855	3.3188	2.1009	94.2393	0.0004	34.7811	48.3403	15.6018	1.1422	1.2758	0.1982	0.6431	0.6780	0.0039	1.2198	1.3777	0.2098	0.1344	0.0056	0.0597	0.3061	0.0072	10.6491	0.0351	0.0285	0.0134	0.0220	11.4005	-0.3007	0.0012	15.4622	14.7392	5.2688	7.3617	1.1319	1.1076	0.0244	0.0858	0.0857	0.0000	1.0462	1.0218	0.0243	0.0040	0.0003	0.0037	0.0026	0.0002	0.0024	0.0014	0.0001	0.0013	0.9910	0.8682	0.1229	0.1334	0.1265	0.0069	0.8577	0.7417	0.1160	0.3135	0.1707	0.1428	0.0400	0.0382	0.0018	0.2735	0.1325	0.1410	89.4322	674.4547	7.6908	9.8843	125.5232	0.0029	237.9826	1564.8200	23.0169	0.0128	0.0019	0.0258	0.0651	0.0054	1.3202	0.0051	0.0009	0.0091
89	106	0.1759	6	0	2	0	0	0	0	0	0	N	Y	N	N	N	N	N	N	N	N	N	N	6458.3408	20.4337	605165.2787	14.9200	14.1664	92.4423	173234.6073	0.2962	678068.7130	0.7190	0.0043	6.5453	0.0144	0.0150	0.0006	0.9775	0.0000	7.3961	0.0001	0.0002	0.0000	0.0010	0.0011	0.0000	0.0000	0.0000	0.0000	185.7464	0.0478	0.7059	-0.0000	15.4622	20.0414	5.2688	7.0324	0.9978	0.0053	0.9924	0.0054	0.0053	0.0000	0.9924	0.0000	0.9924	0.0000	0.0000	0.0000	0.0000	0.0000	0.0000	0.0000	0.0000	0.0000	1.3878	1.2361	0.1516	0.3725	0.3550	0.0174	1.0153	0.8811	0.1342	0.2936	0.1558	0.1378	0.0324	0.0294	0.0030	0.2612	0.1264	0.1347	6458.3408	21.5905	605165.2787	14.9200	14.1664	92.4423	173234.6073	112.6575	678068.7130	0.0001	0.0002	0.0000	0.0010	0.0011	0.0000	0.0000	0.0000	0.0000
89	107	0.1658	5	0	1	0	0	0	0	0	0	N	N	N	N	N	N	N	N	N	N	N	N	23.5238	15.7560	171.6245	19.6787	18.5973	329.6715	15.4972	0.7999	184.4677	0.0251	0.0145	0.1232	0.0396	0.0406	0.0062	0.0184	0.0010	0.1356	0.0011	0.0009	0.0007	0.0020	0.0022	0.0000	0.0012	0.0013	0.0007	0.9170	1.1375	0.0033	-0.0000	15.4622	7.0315	5.2688	1.2144	0.0170	0.0089	0.0082	0.0085	0.0085	0.0000	0.0085	0.0004	0.0081	0.0001	0.0000	0.0000	0.0000	0.0000	0.0000	0.0000	0.0000	0.0000	0.6785	0.6124	0.0662	0.2154	0.2090	0.0064	0.4632	0.4033	0.0598	0.1016	0.0554	0.0463	0.0142	0.0131	0.0011	0.0875	0.0423	0.0452	40.8956	27.5195	171.6245	19.6787	18.5973	329.6715	47.4327	59.5705	184.4677	0.0006	0.0005	0.0007	0.0020	0.0022	0.0000	0.0004	0.0000	0.0007
89	108	0.1323	4	0	1	0	0	0	0	0	0	N	N	N	N	N	N	N	N	N	N	N	N	71.3826	56.2939	15.1131	2.9091	2.6612	0.1206	159.5444	679.2523	16.2387	0.8718	0.9891	0.0492	0.0859	0.0894	0.0000	1.0317	1.1941	0.0519	0.0122	0.0176	0.0033	0.0295	0.0336	0.0003	0.0065	0.0018	0.0032	0.0071	0.5579	-0.2861	-0.0003	15.4622	16.2725	5.2688	4.4748	1.0214	1.0142	0.0072	0.0170	0.0170	0.0000	1.0044	0.9972	0.0072	0.0011	0.0007	0.0004	0.0007	0.0007	0.0000	0.0004	0.0000	0.0004	1.1716	1.0254	0.1462	0.1980	0.1903	0.0077	0.9736	0.8351	0.1385	0.2882	0.1624	0.1258	0.0447	0.0418	0.0028	0.2435	0.1206	0.1229	228.4251	227.5683	15.7067	5.4606	5.3280	0.1206	632.1764	33936.8081	16.2387	0.0038	0.0043	0.0031	0.0157	0.0168	0.0003	0.0016	0.0000	0.0032
89	109	0.0731	3	0	2	0	0	0	0	0	0	N	Y	N	N	N	N	N	N	N	N	N	N	0.7020	0.3336	11678.6519	0.1363	0.1417	0.8351	1.1178	0.3185	16249.3040	0.7533	0.5004	2.4451	0.4103	0.4450	0.0010	0.8431	0.5160	2.7943	1.0731	1.4997	0.0002	3.0106	3.1399	0.0012	0.7543	1.6201	0.0002	0.7304	0.0002	0.3109	-0.2569	15.4622	40.5309	5.2688	14.7974	2.3035	1.3312	0.9723	0.2604	0.2603	0.0000	2.0431	1.0709	0.9723	0.4089	0.4088	0.0001	0.3570	0.3570	0.0000	0.0519	0.0519	0.0001	3.0580	2.6604	0.3977	0.6347	0.5849	0.0497	2.4234	2.0754	0.3479	0.9128	0.4880	0.4248	0.1736	0.1579	0.0157	0.7392	0.3300	0.4092	1.6815	0.5972	11678.6519	0.1995	0.1969	0.8351	12.0001	3.2833	16249.3040	0.4480	0.8378	0.0002	2.0561	2.2601	0.0012	0.0703	0.1571	0.0002
89	110	0.0472	2	0	2	0	0	0	0	0	0	N	Y	N	N	N	N	N	N	N	N	N	N	1.4765	1.4420	0.0507	0.4012	0.4703	0.0986	1.7401	1.8101	0.0623	1.6268	1.9549	0.1464	0.8623	0.9984	0.0746	2.0789	2.5591	0.1773	1.1018	1.3557	2.8852	2.1493	2.1229	0.7570	1.1947	1.4137	2.8468	0.0166	0.9261	-0.7673	-0.0432	15.4622	13.5236	5.2688	3.5331	2.8335	2.7872	0.0462	0.5581	0.5510	0.0071	2.2753	2.2362	0.0391	0.2927	0.1520	0.1407	0.1410	0.1397	0.0013	0.1517	0.0123	0.1394	1.7417	1.4257	0.3160	0.6472	0.5519	0.0953	1.0945	0.8738	0.2206	0.5748	0.3037	0.2711	0.1892	0.1837	0.0055	0.3857	0.1201	0.2656	3.1948	3.9073	0.2819	1.1567	1.3127	0.3061	5.2858	25.0213	0.3379	0.5092	0.5003	0.5192	0.7455	0.7605	0.2438	0.3933	0.1023	0.5249
89	112	0.2075	7	1	2	0	1	0	0	0	0	N	Y	N	N	N	N	N	N	N	N	N	N	80.8205	20.6226	inf	0.0709	0.0653	inf	inf	inf	0.0592	0.0337	0.2470	0.0002	0.0002	0.0000	0.0963	0.0591	0.2620	0.0007	0.0016	0.0000	0.0021	0.0023	0.0000	0.0000	0.0000	0.0000	0.9949	0.0000	0.0000	-0.0000	15.4622	0.0019	5.2688	1.9928	0.0000	0.0000	0.0000	0.0000	0.0000	0.0000	0.0000	0.0000	0.0000	0.0000	0.0000	0.0000	0.0000	0.0000	0.0000	0.0000	0.0000	0.0000	0.0003	0.0003	0.0000	0.0001	0.0001	0.0000	0.0002	0.0002	0.0000	0.0264	0.0156	0.0108	0.0057	0.0052	0.0005	0.0207	0.0104	0.0103	128.3101	43.1539	inf	0.0709	0.0653	0.0000	inf	inf	inf	0.0005	0.0008	0.0000	0.0021	0.0023	0.0000	0.0000	0.0000	0.0000	
89	113	0.1840	6	1	2	0	1	0	0	0	0	N	Y	N	N	N	N	N	N	N	N	N	N	7.3828	2.8306	588761.3174	0.0060	0.0060	8.9421	394804.9565	33190.6429	958562.7399	3.1965	1.8211	13.2312	0.0055	0.0057	0.0019	3.9842	2.3089	14.6558	0.4330	0.6434	0.0000	0.9040	0.9437	0.0002	0.0000	0.0001	0.0000	0.9958	0.0003	0.4221	-0.0040	15.4622	8.6942	5.2688	6.0502	1.9927	0.9984	0.9943	0.0007	0.0007	0.0000	1.9920	0.9978	0.9943	0.0064	0.0064	0.0000	0.0064	0.0064	0.0000	0.0000	0.0000	0.0000	0.6234	0.5483	0.0751	0.1234	0.1161	0.0073	0.5000	0.4321	0.0678	0.1998	0.1136	0.0862	0.0371	0.0340	0.0031	0.1627	0.0797	0.0831	99.7468	32.3243	588761.3174	0.0317	0.0302	8.9421	504125.2770	11497838.3829	958562.7399	0.0320	0.0563	0.0000	0.1725	0.1884	0.0002	0.0000	0.0000	0.0000
89	114	0.2051	10	0	2	0	1	0	0	0	0	N	Y	N	N	N	N	N	N	N	N	N	N	0.0000	0.0000	0.0000	0.0000	0.0000	0.0000	0.0000	0.0000	0.0000	0.0000	0.0000	0.0000	0.0000	0.0004	0.0013	0.0000	0.0008	0.0008	0.0000	0.0000	0.0000	0.0000	0.0000	0.0000	-0.0000	15.4622	0.0001	5.2688	0.0001	0.0000	0.0000	0.0000	0.0000	0.0000	0.0000	0.0000	0.0000	0.0000	0.0000	0.0000	0.0000	0.0000	0.0000	0.0000	0.0000	0.0000	0.0000	0.0000	0.0000	0.0000	0.0000	0.0000	0.0000	0.0000	0.0000	0.0000	0.0000	0.0000	0.0000	0.0000	0.0000	0.0000	0.0000	0.0000	0.0000	0.0000	0.0000	0.0000	0.0000	0.0000	0.0000	0.0000	0.0000	0.0000	0.0003	0.0007	0.0000	0.0008	0.0008	0.0000	0.0000	0.0000	0.0000						
89	115	0.1984	9	0	2	0	1	0	0	0	0	N	Y	N	N	N	N	N	N	N	N	N	N	0.1372	0.0649	0.2379	0.2113	0.0002	0.0002	0.0000	0.0011	0.0012	0.0000	0.0000	0.0000	0.0000	0.0014	0.0034	0.0000	0.0047	0.0056	0.0000	0.0000	0.0000	0.0000	0.0000	0.0000	-0.0000	-0.0000	15.4622	3.0007	5.2688	1.0012	0.0000	0.0000	0.0000	0.0000	0.0000	0.0000	0.0000	0.0000	0.0000	0.0000	0.0000	0.0000	0.0000	0.0000	0.0000	0.0000	0.0000	0.0000	0.2060	0.1810	0.0250	0.0354	0.0335	0.0018	0.1706	0.1474	0.0232	0.0524	0.0298	0.0227	0.0096	0.0087	0.0009	0.0428	0.0211	0.0217	0.2541	0.1642	0.0000	0.2705	0.2578	0.0000	0.0000	0.0000	0.0000	0.0008	0.0013	0.0000	0.0042	0.0046	0.0000	0.0000	0.0000	0.0000					
89	116	0.1965	8	0	1	0	1	0	0	0	0	N	N	N	N	N	N	N	N	N	N	N	N	525.9889	373.2331	0.0000	98.1344	93.3778	4711.4094	inf	0.0000	0.0006	0.0007	0.0000	0.0006	0.0006	0.0000	0.0006	0.0007	0.0000	0.0000	0.0000	0.0000	0.0000	0.0000	0.0000	0.0000	0.0000	0.0000	0.0000	0.1025	-0.0000	-0.0000	15.4622	1.1177	5.2688	0.0023	0.0000	0.0000	0.0000	0.0000	0.0000	0.0000	0.0000	0.0000	0.0000	0.0000	0.0000	0.0000	0.0000	0.0000	0.0000	0.0000	0.0000	0.0000	0.0807	0.0711	0.0096	0.0167	0.0159	0.0008	0.0640	0.0552	0.0087	0.0148	0.0084	0.0064	0.0027	0.0024	0.0003	0.0121	0.0059	0.0061	525.9889	373.2331	0.0000	98.1344	93.3778	0.0000	4711.4094	inf	0.0000	0.0000	0.0000	0.0000	0.0000	0.0000	0.0000	0.0000	0.0000	0.0000	
89	117	0.1935	4	0	2	0	0	0	0	0	0	N	Y	N	N	N	N	N	N	N	N	N	N	0.1793	0.2871	1.0275	0.0890	0.0423	0.5467	0.2614	32.9559	1.2923	0.0704	0.0601	0.1556	0.0231	0.0067	0.3373	0.0873	0.0808	0.1307	0.3928	0.2092	0.1514	0.2600	0.1584	0.6169	0.3340	0.0025	0.1012	0.3152	2.5622	-0.0072	0.0017	15.4622	31.2782	5.2688	23.9277	0.1527	0.1161	0.0366	0.0132	0.0036	0.0096	0.1395	0.1124	0.0270	0.0186	0.0052	0.0134	0.0072	0.0052	0.0020	0.0114	0.0000	0.0114	2.1677	1.9325	0.2351	0.5695	0.5412	0.0283	1.5981	1.3913	0.2068	0.6758	0.3786	0.2972	0.1195	0.1102	0.0093	0.5563	0.2684	0.2879	2.5595	4.3567	3.4572	0.3849	0.1420	1.5791	4.2552	1217.2282	3.3036	0.0275	0.0138	0.0450	0.0601	0.0472	0.2136	0.0205	0.0001	0.0396
89	118	0.1965	8	0	1	1	1	0	0	0	0	N	N	N	N	N	N	N	N	N	N	N	N	4100084.3538	inf	0.0000	inf	inf	4007844.9705	inf	0.0000	0.0550	0.0626	0.0000	0.0069	0.0073	0.0000	0.0657	0.0761	0.0000	0.0000	0.0000	0.0000	0.0000	0.0000	0.0000	0.0000	0.0000	0.0000	0.0000	inf	-0.0043	0.0000	15.4622	3.8827	5.2688	2.9998	0.0148	0.0148	0.0000	0.0003	0.0003	0.0000	0.0145	0.0145	0.0000	0.0000	0.0000	0.0000	0.0000	0.0000	0.0000	0.0000	0.0000	0.0000	0.2695	0.2370	0.0325	0.0490	0.0465	0.0025	0.2205	0.1905	0.0300	0.0894	0.0507	0.0387	0.0162	0.0147	0.0016	0.0732	0.0361	0.0371	4100084.3538	inf	0.0000	inf	inf	0.0000	4007844.9705	inf	0.0000	0.0000	0.0000	0.0000	0.0000	0.0000	0.0000	0.0000	0.0000	0.0000	
89	119	0.1936	7	0	1	0	1	0	0	0	0	N	N	N	N	N	N	N	N	N	N	N	N	10.2202	206.3684	0.0056	151.0602	150.5134	inf	1.8276	inf	0.0000	0.0001	0.0001	0.0000	0.0003	0.0004	0.0000	0.0001	0.0001	0.0000	0.0000	0.0000	0.0000	0.0000	0.0000	0.0000	0.0000	0.0000	0.0000	0.0001	30.7787	-0.0000	0.0000	15.4622	2.8083	5.2688	0.0030	0.0000	0.0000	0.0000	0.0000	0.0000	0.0000	0.0000	0.0000	0.0000	0.0000	0.0000	0.0000	0.0000	0.0000	0.0000	0.0000	0.0000	0.0000	0.2361	0.2100	0.0261	0.0615	0.0585	0.0030	0.1746	0.1515	0.0231	0.0373	0.0211	0.0162	0.0068	0.0062	0.0006	0.0305	0.0149	0.0156	10.2202	206.3684	0.0056	151.0602	150.5134	inf	3.5631	inf	0.0000	0.0000	0.0000	0.0000	0.0000	0.0000	0.0000	0.0000	0.0000	0.0000
89	120	0.1936	7	0	1	1	1	0	0	0	0	N	N	N	N	N	N	N	N	N	N	N	N	43.6000	1021.6829	0.0000	1292.6497	1296.9898	3.2832	inf	0.0000	0.0002	0.0002	0.0000	0.0008	0.0008	0.0000	0.0000	0.0000	0.0000	0.0000	0.0000	0.0000	0.0000	0.0000	0.0000	0.0000	0.0000	0.0000	0.0000	35.6202	-0.0000	0.0000	15.4622	9.6158	5.2688	0.0030	0.0001	0.0001	0.0000	0.0001	0.0001	0.0000	0.0000	0.0000	0.0000	0.0000	0.0000	0.0000	0.0000	0.0000	0.0000	0.0000	0.0000	0.0000	0.6905	0.6094	0.0812	0.1355	0.1286	0.0069	0.5550	0.4807	0.0743	0.1249	0.0705	0.0544	0.0225	0.0204	0.0022	0.1024	0.0502	0.0522	43.6000	1021.6829	0.0000	1292.6497	1296.9898	0.0000	3.2832	inf	0.0000	0.0000	0.0000	0.0000	0.0000	0.0000	0.0000	0.0000	0.0000	0.0000	
89	121	0.1840	6	0	1	0	1	0	0	0	0	N	N	N	N	N	N	N	N	N	N	N	N	2.5370	4.9405	0.0633	15.2640	14.9061	2.7416	0.0109	0.5493	0.0267	0.0110	0.0124	0.0002	0.0452	0.0482	0.0008	0.0001	0.0001	0.0001	0.0043	0.0025	0.0026	0.0030	0.0032	0.0003	0.0056	0.0001	0.0027	0.0018	1.8281	-0.0010	0.0000	15.4622	4.2457	5.2688	2.0144	0.0036	0.0036	0.0000	0.0036	0.0036	0.0000	0.0000	0.0000	0.0000	0.0002	0.0001	0.0001	0.0001	0.0001	0.0000	0.0001	0.0000	0.0001	0.3269	0.2880	0.0389	0.0792	0.0741	0.0051	0.2477	0.2140	0.0338	0.0923	0.0531	0.0391	0.0190	0.0176	0.0014	0.0732	0.0355	0.0378	6.4108	11.8266	0.0633	15.2640	15.2236	2.7416	0.0436	168.4153	0.0267	0.0017	0.0011	0.0026	0.0030	0.0032	0.0003	0.0014	0.0000	0.0027
89	122	0.1418	5	0	1	0	1	0	0	0	0	N	N	N	N	N	N	N	N	N	N	N	N	7.0742	0.8760	218.8012	5.8863	0.9180	92.6461	13.4440	0.7233	139.4044	0.0171	0.0037	0.1143	0.0531	0.0081	0.7888	0.0090	0.0026	0.0499	0.0024	0.0042	0.0005	0.0090	0.0088	0.0085	0.0007	0.0036	0.0004	4.2987	0.2744	0.0077	-0.0001	15.4622	11.9190	5.2688	13.1740	0.0147	0.0028	0.0119	0.0084	0.0012	0.0072	0.0063	0.0016	0.0047	0.0004	0.0003	0.0001	0.0003	0.0003	0.0000	0.0001	0.0000	0.0001	0.8592	0.7551	0.1041	0.1576	0.1485	0.0091	0.7016	0.6066	0.0951	0.3243	0.1784	0.1459	0.0441	0.0412	0.0029	0.2802	0.1372	0.1430	15.6456	2.3556	218.8012	8.1569	1.2741	92.6461	37.7822	22.8408	139.4044	0.0011	0.0016	0.0005	0.0065	0.0064	0.0085	0.0002	0.0001	0.0004
89	123	0.5688	9	0	1	1	1	0	0	0	0	N	N	N	N	N	N	N	N	N	N	N	N	0.5901	0.2997	2.1262	0.4544	0.4226	64.0445	35.6362	inf	0.0201	0.0003	0.0003	0.0000	0.0005	0.0005	0.0001	0.0002	0.0002	0.0000	0.0005	0.0011	0.0000	0.0011	0.0012	0.0000	0.0000	0.0000	0.0000	0.0057	0.0084	-0.0001	-0.0000	15.4622	12.8936	5.2688	4.1514	0.0003	0.0003	0.0000	0.0002	0.0002	0.0000	0.0001	0.0001	0.0000	0.0001	0.0001	0.0000	0.0001	0.0001	0.0000	0.0000	0.0000	0.0000	0.9220	0.8315	0.0905	0.3703	0.3521	0.0182	0.5518	0.4795	0.0723	0.1658	0.1021	0.0637	0.0566	0.0504	0.0061	0.1093	0.0517	0.0576	0.7952	0.5445	2.1262	0.4544	0.4226	64.0445	35.6362	inf	0.0201	0.0004	0.0006	0.0000	0.0011	0.0012	0.0000	0.0000	0.0000	0.0000
89	124	0.1571	6	0	2	0	0	0	0	0	0	N	Y	N	N	N	N	N	N	N	N	N	N	391.4728	187.6660	2.7556	1.5143	1.4170	1.1894	20213.2460	11534.6549	2.6912	1.1261	1.2798	0.0002	0.0181	0.0190	0.0005	1.3519	1.5619	0.0002	0.0029	0.0068	0.0001	0.0119	0.0134	0.0005	0.0001	0.0001	0.0001	0.0000	0.0236	-0.2897	-0.0002	15.4622	12.7386	5.2688	8.7370	1.0090	1.0090	0.0000	0.0027	0.0027	0.0000	1.0063	1.0062	0.0000	0.0004	0.0004	0.0000	0.0004	0.0004	0.0000	0.0000	0.0000	0.0000	0.8961	0.7884	0.1077	0.1517	0.1441	0.0076	0.7443	0.6442	0.1001	0.2862	0.1582	0.1280	0.0435	0.0407	0.0028	0.2427	0.1174	0.1252	891.8811	573.4733	2.7556	2.2219	2.1946	1.1894	45989.7542	3589794.1361	2.6912	0.0013	0.0022	0.0001	0.0081	0.0087	0.0005	0.0000	0.0000	0.0001
89	125	0.1418	5	0	2	0	0	0	0	0	0	N	Y	N	N	N	N	N	N	N	N	N	N	308.5849	429.6426	8.7389	3.3974	3.0044	7.3230	339.8388	107.8823	3.6790	1.5296	1.7370	0.0211	0.0213	0.0135	0.1458	1.9065	2.2060	0.0076	0.0050	0.0040	0.0024	0.0063	0.0045	0.0199	0.0056	0.0204	0.0021	0.0017	1.2862	-0.2827	-0.0000	15.4622	8.6431	5.2688	1.4782	0.9902	0.9886	0.0017	0.0028	0.0016	0.0011	0.9875	0.9869	0.0005	0.0003	0.0001	0.0002	0.0001	0.0001	0.0000	0.0002	0.0000	0.0001	0.6474	0.5691	0.0782	0.1294	0.1218	0.0077	0.5179	0.4474	0.0706	0.1386	0.0765	0.0621	0.0203	0.0190	0.0013	0.1184	0.0575	0.0609	794.9591	1138.9894	8.7389	4.2904	3.3855	7.3230	1359.4452	3097.4850	3.6790	0.0019	0.0015	0.0024	0.0050	0.0040	0.0199	0.0014	0.0007	0.0021
89	126	0.1323	4	0	1	0	0	0	0	0	0	N	N	N	N	N	N	N	N	N	N	N	N	0.1169	0.3606	1.4498	0.0418	0.0783	0.0604	0.6127	0.5303	8.9304	0.0389	0.0028	0.2803	0.0155	0.0008	0.6361	0.0460	0.0035	0.2648	0.3327	0.0078	0.1934	0.3715	0.0098	10.5353	0.0751	0.0067	0.0297	14.8622	14.3777	0.0097	0.0007	15.4622	4.1618	5.2688	2.0491	0.0149	0.0009	0.0140	0.0014	0.0001	0.0013	0.0135	0.0009	0.0126	0.0023	0.0001	0.0022	0.0016	0.0001	0.0015	0.0007	0.0000	0.0007	0.3834	0.3335	0.0498	0.0896	0.0875	0.0021	0.2938	0.2461	0.0477	0.1043	0.0621	0.0422	0.0218	0.0206	0.0011	0.0825	0.0415	0.0410	1.7596	1.1678	5.4858	0.2056	0.1135	0.4850	5.7451	13.7763	16.7118	0.0221	0.0024	0.0511	0.0755	0.0067	1.3117	0.0080	0.0003	0.0158
89	127	0.1032	3	0	1	0	0	0	0	0	0	N	N	N	N	N	N	N	N	N	N	N	N	0.0228	0.0021	6.5254	0.0107	0.0114	0.0009	0.0225	0.0000	16.8688	0.0189	0.0024	0.1344	0.0155	0.0163	0.0011	0.0194	0.0000	0.1425	0.8285	1.1187	0.0206	1.4516	1.4304	1.2008	0.8641	1.7479	0.0084	8.0251	0.0374	0.0074	-0.0196	15.4622	9.4810	5.2688	7.4917	0.0122	0.0014	0.0109	0.0014	0.0014	0.0000	0.0109	0.0000	0.0109	0.0331	0.0319	0.0012	0.0115	0.0110	0.0005	0.0216	0.0209	0.0007	0.6469	0.5661	0.0808	0.0876	0.0830	0.0046	0.5593	0.4832	0.0761	0.2490	0.1370	0.1121	0.0338	0.0324	0.0014	0.2152	0.1046	0.1106	0.1421	0.0103	12.6182	0.0457	0.0481	0.0033	0.1932	0.0000	21.6803	0.1328	0.2327	0.0107	0.3387	0.3392	0.3281	0.1004	0.1997	0.0066
89	128	0.5810	10	1	2	0	0	0	0	0	0	N	Y	N	N	N	N	N	N	N	N	N	N	29.8076	21.1427	27.3820	25.7558	0.0000	0.0000	0.0000	0.0001	0.0001	0.0000	0.0000	0.0000	0.0000	0.0000	0.0000	0.0000	0.0000	0.0000	0.0000	0.0000	0.0000	0.0000	0.0000	0.0091	-0.0000	-0.0000	15.4622	2.0107	5.2688	1.9995	0.0000	0.0000	0.0000	0.0000	0.0000	0.0000	0.0000	0.0000	0.0000	0.0000	0.0000	0.0000	0.0000	0.0000	0.0000	0.0000	0.0000	0.0000	0.1357	0.1217	0.0140	0.0544	0.0515	0.0029	0.0813	0.0702	0.0111	0.0368	0.0232	0.0136	0.0135	0.0120	0.0015	0.0234	0.0112	0.0121	29.8076	21.1427	0.0000	27.3820	25.7558	0.0000	0.0000	0.0000	0.0000	0.0000	0.0000	0.0000	0.0000	0.0000	0.0000	0.0000	0.0000	0.0000					
89	129	0.5688	9	1	2	0	0	0	0	0	0	N	Y	N	N	N	N	N	N	N	N	N	N	142.0301	69.0299	0.0000	144.5211	136.3859	0.0000	0.0000	0.0000	0.0499	0.0551	0.0000	0.1178	0.1233	0.0000	0.0000	0.0000	0.0000	0.0004	0.0008	0.0000	0.0008	0.0009	0.0000	0.0000	0.0000	0.0000	0.0000	0.0203	-0.0065	-0.0000	15.4622	5.6459	5.2688	1.1399	0.0225	0.0225	0.0000	0.0225	0.0225	0.0000	0.0000	0.0000	0.0000	0.0000	0.0000	0.0000	0.0000	0.0000	0.0000	0.0000	0.0000	0.0000	0.4501	0.4081	0.0420	0.1908	0.1823	0.0085	0.2593	0.2258	0.0335	0.0720	0.0441	0.0280	0.0254	0.0229	0.0025	0.0467	0.0212	0.0255	170.4208	117.3330	0.0000	144.5211	136.3859	0.0000	0.0000	0.0000	0.0000	0.0003	0.0005	0.0000	0.0008	0.0009	0.0000	0.0000	0.0000	0.0000	
89	130	0.5384	8	0	1	0	0	0	0	0	0	N	N	N	N	N	N	N	N	N	N	N	N	0.1364	4.2485	0.0002	15.3173	13.8761	0.2501	0.0001	0.0080	0.0000	0.0221	0.0247	0.0000	0.0501	0.0535	0.0001	0.0000	0.0000	0.0000	0.1617	0.0058	0.0832	0.0033	0.0039	0.0002	0.3129	0.0048	0.0820	0.0001	10.5572	-0.0063	0.0008	15.4622	11.6079	5.2688	5.3766	0.0219	0.0219	0.0000	0.0219	0.0219	0.0000	0.0000	0.0000	0.0000	0.0028	0.0002	0.0026	0.0002	0.0002	0.0000	0.0026	0.0000	0.0026	0.9933	0.8885	0.1048	0.4372	0.4095	0.0277	0.5561	0.4790	0.0771	0.2034	0.1235	0.0799	0.0726	0.0661	0.0064	0.1309	0.0574	0.0735	1.5914	12.4851	0.0006	15.4287	15.1148	0.2501	0.0017	0.2203	0.0001	0.0139	0.0020	0.0322	0.0032	0.0035	0.0002	0.0197	0.0002	0.0350
89	131	0.5206	7	0	1	0	0	0	0	0	0	N	N	N	N	N	N	N	N	N	N	N	N	0.3217	0.4044	0.2317	1.9950	1.9892	5.3120	0.1896	1.9685	0.3592	0.1398	0.1524	0.0400	0.2002	0.2195	0.0038	0.0908	0.0954	0.0601	0.4344	0.3768	0.1725	0.1003	0.1103	0.0007	0.4789	0.0485	0.1674	0.0331	1.2396	-0.0136	-0.0005	15.4622	3.9355	5.2688	8.7078	0.0532	0.0515	0.0017	0.0341	0.0340	0.0001	0.0191	0.0174	0.0016	0.0061	0.0027	0.0034	0.0026	0.0026	0.0000	0.0034	0.0001	0.0033	0.3804	0.3378	0.0426	0.1703	0.1550	0.0152	0.2101	0.1828	0.0273	0.1889	0.1200	0.0689	0.0742	0.0677	0.0064	0.1147	0.0522	0.0625	4.3603	6.7607	0.8218	5.6164	5.6326	5.3120	3.0539	77.5156	1.1225	0.0321	0.0225	0.0486	0.0356	0.0390	0.0007	0.0297	0.0012	0.0536
89	132	0.5089	6	0	1	0	0	0	0	0	0	N	N	N	N	N	N	N	N	N	N	N	N	0.1542	0.2387	0.0078	0.5606	0.5497	1.9716	0.0992	0.5291	0.0106	0.1156	0.1281	0.0119	0.1506	0.1628	0.0019	0.0897	0.1008	0.0162	0.7493	0.5364	1.5172	0.2687	0.2961	0.0009	0.9040	0.1905	1.5222	0.0112	2.8850	-0.0182	0.0017	15.4622	6.2657	5.2688	3.9760	0.0658	0.0651	0.0007	0.0364	0.0364	0.0000	0.0294	0.0287	0.0007	0.0153	0.0039	0.0114	0.0038	0.0038	0.0000	0.0115	0.0001	0.0113	0.5694	0.5081	0.0613	0.2417	0.2234	0.0183	0.3277	0.2847	0.0430	0.1583	0.1002	0.0581	0.0628	0.0574	0.0055	0.0955	0.0429	0.0526	1.1972	3.2623	0.0609	2.4722	2.4425	1.9716	0.7477	38.7058	0.0750	0.0965	0.0393	0.1953	0.0609	0.0667	0.0009	0.1199	0.0026	0.2155
89	133	0.4316	5	0	1	0	0	0	0	0	0	N	N	N	N	N	N	N	N	N	N	N	N	0.5821	0.4759	0.6146	0.0378	0.0392	18.1225	3.0470	4.6646	0.6959	0.5419	0.6018	0.0410	0.0761	0.0791	0.0326	0.8194	0.9376	0.0435	0.9308	1.2646	0.0667	2.0129	2.0180	0.0018	0.2689	0.2010	0.0625	0.0082	0.0509	-0.2980	-0.0764	15.4622	26.7012	5.2688	18.2690	1.0681	1.0595	0.0086	0.0560	0.0544	0.0016	1.0121	1.0050	0.0071	0.1318	0.1254	0.0064	0.1250	0.1250	0.0000	0.0068	0.0005	0.0064	1.9711	1.7603	0.2108	0.7360	0.6884	0.0476	1.2351	1.0719	0.1632	0.5944	0.3654	0.2289	0.2055	0.1877	0.0179	0.3888	0.1778	0.2111	2.4432	1.7533	1.4702	0.1251	0.1187	18.1225	46.5825	343.9732	1.4437	0.2218	0.3433	0.0279	0.6081	0.6658	0.0018	0.0176	0.0027	0.0301
89	134	0.1935	4	0	1	0	0	0	0	0	0	N	N	N	N	N	N	N	N	N	N	N	N	0.3790	0.3200	0.0852	0.0157	0.0156	1.3787	0.4475	0.2651	0.1046	0.3106	0.3475	0.0057	0.0128	0.0134	0.0024	0.4096	0.4683	0.0062	0.8195	1.0861	0.0674	0.8138	0.8577	0.0018	0.9152	1.7664	0.0591	0.0020	0.1103	-0.3378	-0.0795	15.4622	61.4372	5.2688	55.8589	1.1847	1.1824	0.0024	0.0122	0.0121	0.0001	1.1726	1.1703	0.0023	0.1502	0.1353	0.0149	0.0259	0.0259	0.0000	0.1243	0.1094	0.0149	3.8142	3.4023	0.4119	0.9512	0.9031	0.0481	2.8630	2.4992	0.3638	1.1757	0.6503	0.5254	0.1708	0.1564	0.0144	1.0049	0.4939	0.5110	2.4310	1.6703	0.2023	0.0843	0.0806	1.3787	3.3113	2.1143	0.2122	0.1278	0.2081	0.0284	0.1518	0.1657	0.0018	0.1237	0.2215	0.0292
89	135	0.1032	3	0	1	0	0	0	0	0	0	N	N	N	N	N	N	N	N	N	N	N	N	0.4994	1.0878	0.0001	1.6179	1.6836	0.0164	0.3763	0.6296	0.0001	0.8060	0.9174	0.0006	1.4186	1.4934	0.0001	0.7116	0.8203	0.0007	1.6138	0.8434	6.4498	0.8768	0.8870	0.0045	1.8910	1.3029	6.7848	0.0001	28.2538	-0.4730	0.3390	15.4622	31.7621	5.2688	18.5886	1.6478	1.6476	0.0002	0.3870	0.3870	0.0000	1.2608	1.2607	0.0002	1.0046	0.0343	0.9703	0.0116	0.0116	0.0000	0.9930	0.0228	0.9703	2.0445	1.7959	0.2486	0.2728	0.2591	0.0137	1.7717	1.5368	0.2349	0.6406	0.3426	0.2981	0.0704	0.0665	0.0038	0.5703	0.2760	0.2942	0.5140	9.1514	0.0002	8.6164	8.5896	0.0164	0.4087	9.9419	0.0002	1.5682	0.1003	3.2552	0.1646	0.1739	0.0045	1.7413	0.0825	3.2975
90	91	0.2330	7	1	0	1	0	0	0	0	0	N	N	N	N	N	N	N	N	N	N	N	N	152.4136	81.4995	inf	765.9235	724.2662	15.1271	0.7656	inf	0.0223	0.0240	0.0081	0.0603	0.0636	0.0000	0.0067	0.0063	0.0093	0.0001	0.0003	0.0000	0.0001	0.0001	0.0000	0.0004	0.0082	0.0000	0.0414	0.0000	-0.0006	-0.0000	7.5917	3.0317	1.5198	0.1644	0.0025	0.0024	0.0001	0.0020	0.0020	0.0000	0.0005	0.0004	0.0001	0.0000	0.0000	0.0000	0.0000	0.0000	0.0000	0.0000	0.0000	0.0000	0.1117	0.0994	0.0123	0.0325	0.0308	0.0016	0.0792	0.0686	0.0106	0.0192	0.0112	0.0079	0.0039	0.0035	0.0004	0.0152	0.0077	0.0075	152.4136	96.3262	inf	765.9235	724.2662	0.0000	40.8434	19.3949	inf	0.0001	0.0002	0.0000	0.0001	0.0001	0.0000	0.0002	0.0003	0.0000	
90	92	0.2272	6	1	0	1	0	0	0	0	0	N	N	N	N	N	N	N	N	N	N	N	N	0.0033	0.0020	1.6955	0.0158	0.0135	0.0675	0.0017	0.0002	2.5096	0.0027	0.0021	0.0078	0.0040	0.0042	0.0000	0.0016	0.0003	0.0102	0.7986	1.0623	0.0046	0.2554	0.3149	0.0004	0.9334	1.8229	0.0041	0.3846	0.0134	-0.0000	-0.0017	7.5917	2.6632	1.5198	1.0147	0.0004	0.0003	0.0001	0.0002	0.0002	0.0000	0.0001	0.0000	0.0001	0.0027	0.0027	0.0000	0.0003	0.0003	0.0000	0.0024	0.0023	0.0000	0.1344	0.1218	0.0126	0.0593	0.0563	0.0030	0.0751	0.0655	0.0097	0.0234	0.0138	0.0096	0.0055	0.0048	0.0007	0.0179	0.0091	0.0088	0.0229	0.0110	2.0936	0.0678	0.0620	0.0675	0.0118	0.0011	2.5489	0.1155	0.1929	0.0037	0.0594	0.0684	0.0004	0.1328	0.2582	0.0040
90	93	0.1440	5	1	0	1	0	0	0	0	0	N	N	N	N	N	N	N	N	N	N	N	N	0.0145	0.0066	0.0288	0.0077	0.0076	0.0153	0.0140	0.0049	0.0299	0.0241	0.0112	0.1308	0.0323	0.0332	0.0130	0.0209	0.0021	0.1454	1.6613	1.6974	4.5382	4.2210	4.3810	0.8500	1.4919	0.4281	4.8707	1.3982	1.0009	0.0094	-0.0600	7.5917	35.0787	1.5198	12.2568	0.0319	0.0133	0.0186	0.0117	0.0115	0.0002	0.0201	0.0018	0.0184	0.4683	0.2341	0.2343	0.2348	0.2334	0.0014	0.2335	0.0007	0.2329	1.3250	1.1830	0.1420	0.3636	0.3479	0.0156	0.9615	0.8351	0.1264	0.2835	0.1634	0.1201	0.0603	0.0550	0.0053	0.2232	0.1084	0.1148	0.0146	0.0078	0.0671	0.0083	0.0078	0.0488	0.0200	0.3428	0.0717	1.6522	1.4326	1.9510	3.8946	4.2445	0.2669	1.0464	0.0061	2.0289
90	94	0.1305	4	1	0	0	0	0	0	0	0	N	N	N	N	N	N	N	N	N	N	N	N	0.0280	0.0167	0.8299	0.0652	0.0568	13.2001	0.0332	0.0132	0.8453	0.0093	0.0063	0.0367	0.0177	0.0165	0.0517	0.0055	0.0012	0.0350	0.3317	0.3793	0.0442	0.2708	0.2915	0.0039	0.1662	0.0875	0.0414	0.6334	0.6774	0.0004	-0.0004	7.5917	8.4810	1.5198	2.3446	0.0039	0.0024	0.0015	0.0023	0.0021	0.0002	0.0016	0.0003	0.0013	0.0016	0.0009	0.0006	0.0009	0.0009	0.0000	0.0007	0.0000	0.0006	0.4150	0.3742	0.0408	0.1296	0.1255	0.0041	0.2855	0.2488	0.0367	0.0710	0.0410	0.0300	0.0146	0.0134	0.0012	0.0565	0.0277	0.0288	0.4222	0.2778	1.7413	0.2890	0.2497	13.2001	0.4613	0.6788	1.6067	0.0220	0.0227	0.0211	0.0611	0.0663	0.0039	0.0119	0.0017	0.0218
90	95	0.0678	2	0	1	0	1	0	0	0	0	N	N	N	N	N	N	N	N	N	N	N	N	1.4848	1.4990	0.1735	0.0479	0.0469	5.8645	1.6026	1.2214	0.2120	1.1531	1.2899	0.1344	0.0406	0.0415	0.0235	1.3676	1.5535	0.1423	0.7766	0.8605	0.7744	0.8479	0.8857	0.0040	0.8534	1.2719	0.6714	0.0140	0.8371	-0.2740	-0.0060	7.5917	24.0032	1.5198	22.6134	1.0026	0.9887	0.0138	0.0057	0.0055	0.0002	0.9969	0.9832	0.0137	0.0345	0.0188	0.0157	0.0088	0.0088	0.0000	0.0257	0.0100	0.0157	0.8695	0.7665	0.1029	0.1405	0.1336	0.0069	0.7289	0.6329	0.0960	0.3187	0.1781	0.1406	0.0552	0.0504	0.0048	0.2634	0.1277	0.1357	10.6645	12.2488	1.2030	0.2556	0.2389	5.8645	14.0324	19.8490	1.2322	0.1081	0.1053	0.1117	0.1590	0.1738	0.0040	0.0975	0.0783	0.1155
90	96	0.4852	6	0	1	0	0	0	0	0	0	N	N	N	N	N	N	N	N	N	N	N	N	1.2117	1.8412	0.9638	1.4697	1.3035	0.5617	1.5472	3.9500	1.2719	0.5675	0.5970	0.2966	0.0911	0.0960	0.0007	0.8896	0.9660	0.3761	0.4684	0.3242	0.3077	0.0620	0.0737	0.0013	0.5750	0.2446	0.2957	0.0541	1.9458	-0.0958	0.0002	7.5917	18.5150	1.5198	10.2301	0.4063	0.3855	0.0208	0.0263	0.0263	0.0000	0.3800	0.3592	0.0208	0.0065	0.0022	0.0043	0.0020	0.0020	0.0000	0.0045	0.0002	0.0043	0.7159	0.6456	0.0703	0.2887	0.2739	0.0149	0.4272	0.3718	0.0554	0.1843	0.1180	0.0662	0.0737	0.0658	0.0079	0.1106	0.0523	0.0583	16.0919	31.9414	4.5763	3.2826	3.1023	0.5617	22.0881	296.9646	5.1202	0.0353	0.0187	0.0648	0.0278	0.0310	0.0013	0.0403	0.0033	0.0735
90	97	0.0969	3	0	1	0	0	0	0	0	0	N	N	N	N	N	N	N	N	N	N	N	N	1.1530	0.5342	1.9826	0.4303	0.4654	0.0001	1.1664	1.1642	2.2794	1.1610	0.6093	5.2949	0.9420	0.9843	0.0012	1.2084	0.5196	5.6633	1.0070	1.1405	2.6707	2.1892	2.1148	10.1446	1.0360	0.4463	2.4845	1.1597	1.2964	0.4701	-0.0100	7.5917	46.1140	1.5198	26.4917	1.8816	0.8712	1.0104	0.2718	0.2718	0.0000	1.6098	0.5995	1.0104	0.1562	0.0680	0.0882	0.0786	0.0668	0.0118	0.0776	0.0012	0.0764	1.6207	1.4299	0.1908	0.2885	0.2761	0.0124	1.3322	1.1538	0.1784	0.4717	0.2772	0.1945	0.0998	0.0907	0.0091	0.3720	0.1865	0.1855	3.5074	2.4839	11.6844	1.1957	1.3366	0.0009	5.7954	80.1241	13.7569	0.3310	0.2453	0.4532	0.7879	0.7364	1.3027	0.2085	0.0065	0.4117
90	98	0.5381	8	0	1	0	0	0	0	0	0	N	N	N	N	N	N	N	N	N	N	N	N	52.6788	122.1702	220.9990	145.6443	183.1819	21.6122	19.4477	1.1010	265.1263	0.0612	0.0343	0.3020	0.0794	0.0825	0.0240	0.0495	0.0005	0.3749	0.0012	0.0003	0.0014	0.0005	0.0005	0.0011	0.0025	0.0005	0.0014	0.9810	3.2452	0.0086	0.0000	7.5917	20.7840	1.5198	8.9470	0.0414	0.0209	0.0205	0.0211	0.0207	0.0003	0.0203	0.0002	0.0202	0.0001	0.0000	0.0001	0.0000	0.0000	0.0000	0.0001	0.0000	0.0001	0.6764	0.6086	0.0679	0.2652	0.2512	0.0141	0.4112	0.3574	0.0538	0.1626	0.1037	0.0589	0.0640	0.0549	0.0092	0.0986	0.0489	0.0497	94.4897	143.5422	220.9990	145.6443	183.1819	21.6122	69.2486	230.4133	265.1263	0.0006	0.0002	0.0014	0.0005	0.0005	0.0011	0.0007	0.0000	0.0014
90	99	0.5332	7	0	0	0	0	0	0	0	0	N	N	N	N	N	N	N	N	N	N	N	N	2.1884	2.3343	0.6517	0.2827	0.2633	1.0955	6.1379	30.5650	1.1939	0.2310	0.2532	0.0175	0.0076	0.0081	0.0013	0.5993	0.6911	0.0305	0.1056	0.1085	0.0269	0.0270	0.0307	0.0012	0.0976	0.0226	0.0255	0.0072	0.8745	-0.0166	-0.0001	7.5917	2.7834	1.5198	1.0450	0.0595	0.0590	0.0004	0.0012	0.0012	0.0000	0.0582	0.0578	0.0004	0.0004	0.0002	0.0002	0.0002	0.0002	0.0000	0.0002	0.0000	0.0002	0.2575	0.2331	0.0243	0.1603	0.1495	0.0108	0.0972	0.0837	0.0135	0.0328	0.0198	0.0130	0.0133	0.0122	0.0011	0.0196	0.0076	0.0119	20.4088	25.3497	1.3123	0.5228	0.5129	1.0955	65.9285	923.7749	2.1107	0.0113	0.0100	0.0133	0.0146	0.0158	0.0012	0.0091	0.0007	0.0144
90	100	0.5231	6	0	0	0	0	0	0	0	0	N	N	N	N	N	N	N	N	N	N	N	N	0.2722	0.1961	1.4040	1.0538	0.8256	10.4696	0.2331	0.0824	0.0755	0.0204	0.0195	0.0285	0.0251	0.0215	0.0708	0.0147	0.0168	0.0013	0.0748	0.0993	0.0203	0.0238	0.0261	0.0068	0.0632	0.2041	0.0169	0.1619	0.6340	-0.0015	-0.0002	7.5917	7.6044	1.5198	2.7972	0.0101	0.0087	0.0014	0.0068	0.0054	0.0014	0.0033	0.0033	0.0000	0.0009	0.0005	0.0003	0.0005	0.0005	0.0000	0.0004	0.0001	0.0003	0.4967	0.4472	0.0495	0.2708	0.2514	0.0194	0.2259	0.1958	0.0302	0.0885	0.0558	0.0327	0.0373	0.0340	0.0033	0.0511	0.0218	0.0293	2.0497	2.0200	2.7245	1.8700	1.5332	10.4696	1.9899	6.0983	0.1176	0.0099	0.0096	0.0104	0.0134	0.0140	0.0068	0.0074	0.0028	0.0109
90	101	0.4735	5	0	0	0	0	0	0	0	0	N	N	N	N	N	N	N	N	N	N	N	N	1.8847	1.6706	0.3343	0.0912	0.0806	8.6989	3.6483	2.4728	0.1040	1.3821	1.5275	0.0467	0.0777	0.0727	0.1726	2.2572	2.5930	0.0140	0.7333	0.9144	0.1398	0.8519	0.9018	0.0198	0.6187	1.0486	0.1343	0.0033	0.2068	-0.2867	-0.0079	7.5917	18.4780	1.5198	12.4520	1.0102	1.0068	0.0034	0.0228	0.0203	0.0026	0.9874	0.9866	0.0008	0.0173	0.0143	0.0030	0.0120	0.0118	0.0002	0.0053	0.0025	0.0028	0.7309	0.6591	0.0718	0.2935	0.2786	0.0148	0.4374	0.3805	0.0570	0.1902	0.1211	0.0690	0.0746	0.0664	0.0083	0.1155	0.0548	0.0608	15.2048	12.9196	1.0891	0.4854	0.4093	8.6989	48.8869	56.0101	0.3032	0.0909	0.1182	0.0429	0.1601	0.1776	0.0198	0.0462	0.0463	0.0461
90	102	0.1818	5	0	1	0	0	0	0	0	0	N	N	N	N	N	N	N	N	N	N	N	N	0.9124	0.2391	22.4939	0.4925	0.2894	76.5462	1.4801	0.1780	31.5277	0.6268	0.1954	3.3973	0.4932	0.3002	1.9220	0.7205	0.1195	4.2419	0.6870	0.8169	0.1510	1.0013	1.0375	0.0251	0.4868	0.6711	0.1345	2.7082	0.3201	0.5675	-0.0116	7.5917	34.1922	1.5198	22.4626	1.2804	0.3453	0.9351	0.4154	0.2228	0.1926	0.8651	0.1225	0.7425	0.0300	0.0227	0.0073	0.0209	0.0207	0.0002	0.0090	0.0020	0.0070	2.0428	1.7675	0.2753	0.8422	0.7420	0.1002	1.2006	1.0255	0.1750	0.4045	0.2424	0.1621	0.1052	0.0959	0.0094	0.2993	0.1466	0.1528	8.4612	2.0861	75.7987	2.4778	1.3889	80.6536	23.8932	8.8280	92.0046	0.0741	0.0936	0.0448	0.1990	0.2161	0.0238	0.0302	0.0135	0.0461
90	103	0.1339	4	0	1	0	0	0	0	0	0	N	N	N	N	N	N	N	N	N	N	N	N	0.9443	0.3482	6.4192	0.7473	0.5159	27.1939	0.9428	0.2198	8.0877	0.7102	0.2900	3.8335	0.8676	0.6094	3.7103	0.6483	0.1574	3.8640	0.7521	0.8330	0.5972	1.1610	1.1811	0.1364	0.6877	0.7160	0.4778	1.7779	0.7293	0.2556	-0.0051	7.5917	22.5884	1.5198	11.0115	0.7242	0.2607	0.4635	0.2497	0.1608	0.0889	0.4745	0.0999	0.3746	0.0246	0.0142	0.0104	0.0131	0.0128	0.0003	0.0116	0.0015	0.0101	1.0197	0.8988	0.1209	0.2878	0.2638	0.0240	0.7319	0.6350	0.0969	0.2537	0.1445	0.1093	0.0546	0.0509	0.0037	0.1992	0.0936	0.1056	7.3153	2.9417	40.3200	3.6190	2.4240	46.6887	11.1775	10.1099	40.4082	0.0971	0.0986	0.0951	0.2397	0.2514	0.0795	0.0580	0.0156	0.0956
90	104	0.1039	3	0	0	0	0	0	0	0	0	N	N	N	N	N	N	N	N	N	N	N	N	0.2589	0.2419	0.8844	0.6770	0.6932	1.1746	0.0846	0.0628	0.3403	0.1485	0.1324	0.2566	0.3543	0.3113	0.6329	0.0458	0.0435	0.0613	0.5739	0.5473	0.2901	0.5233	0.4490	0.5388	0.5418	0.6936	0.1802	0.2906	1.1607	-0.0055	-0.0008	7.5917	11.8100	1.5198	8.7888	0.0887	0.0687	0.0200	0.0704	0.0536	0.0168	0.0183	0.0151	0.0031	0.0084	0.0039	0.0045	0.0037	0.0030	0.0007	0.0047	0.0009	0.0039	0.5970	0.5192	0.0778	0.1988	0.1722	0.0266	0.3982	0.3469	0.0512	0.1675	0.0958	0.0717	0.0375	0.0341	0.0034	0.1300	0.0617	0.0683	2.9534	3.2529	4.0630	3.6115	3.5285	3.2076	1.2552	3.0146	1.0861	0.0503	0.0407	0.0631	0.0981	0.0882	0.1973	0.0365	0.0144	0.0565
90	105	0.0678	2	0	0	0	0	0	0	0	0	N	N	N	N	N	N	N	N	N	N	N	N	0.2101	0.2667	0.1254	0.2914	0.7812	0.0039	0.1262	0.1073	0.2185	0.2025	0.1810	0.3603	0.6317	0.6567	0.1631	0.1194	0.0802	0.3749	0.9636	0.6786	2.8745	2.1676	0.8406	41.8688	0.9462	0.7471	1.7158	0.2708	6.2835	-0.0082	0.0099	7.5917	14.7392	1.5198	7.3617	0.1107	0.0871	0.0236	0.0560	0.0553	0.0007	0.0547	0.0318	0.0229	0.0422	0.0058	0.0364	0.0236	0.0047	0.0189	0.0186	0.0011	0.0175	0.5467	0.4813	0.0655	0.0887	0.0842	0.0045	0.4581	0.3971	0.0610	0.1661	0.0940	0.0721	0.0310	0.0285	0.0025	0.1351	0.0655	0.0696	0.7964	2.9335	0.7136	0.8289	4.0169	0.0217	0.8662	4.5824	1.4932	0.2542	0.0617	0.5050	0.7620	0.1635	7.5281	0.1378	0.0175	0.2511
90	106	0.1405	5	0	1	0	0	0	0	0	0	N	N	N	N	N	N	N	N	N	N	N	N	27.6564	9.7370	146.8547	7.2031	7.1422	2.2368	16.7747	1.3432	165.3129	0.0064	0.0015	0.0472	0.0035	0.0036	0.0005	0.0075	0.0006	0.0537	0.0002	0.0002	0.0003	0.0005	0.0005	0.0002	0.0004	0.0005	0.0003	3.6770	1.5349	0.0024	-0.0000	7.5917	20.0414	1.5198	7.0324	0.0049	0.0010	0.0038	0.0007	0.0007	0.0000	0.0041	0.0003	0.0038	0.0000	0.0000	0.0000	0.0000	0.0000	0.0000	0.0000	0.0000	0.0000	0.7622	0.6814	0.0808	0.2161	0.2062	0.0099	0.5460	0.4752	0.0709	0.1621	0.0928	0.0693	0.0313	0.0285	0.0028	0.1308	0.0643	0.0665	28.0472	9.7370	146.8547	7.2031	7.1422	2.2368	45.1782	273.2137	165.3129	0.0002	0.0002	0.0003	0.0005	0.0005	0.0002	0.0002	0.0000	0.0003
90	107	0.1305	4	0	0	0	0	0	0	0	0	N	N	N	N	N	N	N	N	N	N	N	N	11.4370	8.8347	30.4084	28.1700	27.8028	38.7564	2.0138	0.1461	25.8102	0.0161	0.0156	0.0202	0.0415	0.0411	0.0551	0.0038	0.0020	0.0163	0.0014	0.0018	0.0007	0.0015	0.0015	0.0014	0.0019	0.0137	0.0006	0.1372	0.5796	-0.0010	-0.0000	7.5917	7.0315	1.5198	1.2144	0.0059	0.0052	0.0007	0.0049	0.0047	0.0002	0.0009	0.0004	0.0005	0.0000	0.0000	0.0000	0.0000	0.0000	0.0000	0.0000	0.0000	0.0000	0.3645	0.3295	0.0350	0.1186	0.1151	0.0035	0.2459	0.2144	0.0315	0.0552	0.0320	0.0232	0.0116	0.0107	0.0009	0.0436	0.0214	0.0222	21.1418	18.8510	30.4084	28.1700	27.8028	38.7564	6.7166	3.9491	25.8102	0.0008	0.0008	0.0007	0.0015	0.0015	0.0014	0.0006	0.0005	0.0006
90	108	0.0969	3	0	0	0	0	0	0	0	0	N	N	N	N	N	N	N	N	N	N	N	N	0.0880	0.0420	8.9631	0.1118	0.1071	0.0248	0.4047	0.0257	12.0658	0.0473	0.0300	0.1667	0.0883	0.0918	0.0002	0.0373	0.0130	0.1770	0.5376	0.7144	0.0186	0.7902	0.8571	0.0097	0.0922	0.5082	0.0147	0.8035	0.0976	0.0049	-0.0041	7.5917	16.2725	1.5198	4.4748	0.0308	0.0171	0.0137	0.0113	0.0113	0.0000	0.0196	0.0058	0.0137	0.0076	0.0069	0.0007	0.0065	0.0064	0.0000	0.0011	0.0005	0.0006	0.6517	0.5693	0.0824	0.1277	0.1229	0.0048	0.5240	0.4464	0.0776	0.1703	0.1017	0.0686	0.0437	0.0390	0.0047	0.1267	0.0627	0.0639	1.0607	0.4413	16.9369	0.5942	0.5550	0.0248	4.2633	1.7073	17.9700	0.0446	0.0681	0.0098	0.1486	0.1653	0.0097	0.0088	0.0076	0.0099
90	109	0.0377	2	0	1	0	0	0	0	0	0	N	N	N	N	N	N	N	N	N	N	N	N	0.1289	0.0639	0.4818	0.1132	0.1007	19.6274	0.0841	0.0149	0.4727	0.1619	0.1101	0.4295	0.3094	0.2884	0.6158	0.1086	0.0349	0.4076	1.2566	1.7234	0.8914	2.7331	2.8657	0.0314	1.2913	2.3467	0.8623	0.7550	0.0612	0.0458	-0.3162	7.5917	40.5309	1.5198	14.7974	0.3203	0.1825	0.1378	0.1625	0.1418	0.0207	0.1577	0.0407	0.1171	0.5540	0.5221	0.0319	0.3005	0.2998	0.0007	0.2536	0.2223	0.0313	1.9776	1.6567	0.3208	0.5253	0.4917	0.0337	1.4522	1.1651	0.2872	0.6129	0.3512	0.2617	0.1960	0.1722	0.0238	0.4169	0.1791	0.2378	0.1792	0.0741	3.5195	0.2018	0.1656	22.3795	0.1786	0.0281	3.0999	0.9039	1.4864	0.1220	1.5329	1.7414	0.0275	0.6082	1.2412	0.1315
90	112	0.1722	6	1	1	0	1	0	0	0	0	N	N	N	N	N	N	N	N	N	N	N	N	0.1545	0.1195	5.4853	0.1348	0.1206	0.2025	0.1008	5.3967	0.0592	0.0670	0.0022	0.0063	0.0064	0.0000	0.0925	0.1128	0.0023	0.3832	0.5606	0.0004	0.0467	0.0530	0.0000	0.4565	1.1195	0.0004	0.0046	0.0059	-0.0000	-0.0002	7.5917	0.0019	1.5198	1.9928	0.0000	0.0000	0.0000	0.0000	0.0000	0.0000	0.0000	0.0000	0.0000	0.0004	0.0004	0.0000	0.0001	0.0001	0.0000	0.0003	0.0003	0.0000	0.0002	0.0002	0.0000	0.0001	0.0001	0.0000	0.0001	0.0001	0.0000	0.0140	0.0087	0.0053	0.0038	0.0035	0.0003	0.0102	0.0052	0.0050	2.2270	1.5713	5.4853	0.2911	0.2708	0.0000	3.2533	2.0454	5.3967	0.0266	0.0426	0.0004	0.0216	0.0236	0.0000	0.0284	0.0551	0.0004	
90	113	0.1486	5	1	1	0	1	0	0	0	0	N	N	N	N	N	N	N	N	N	N	N	N	3.7902	4.2289	0.0953	0.2496	0.2526	29.7639	4.7404	116.0925	0.1099	2.9663	3.3382	0.1054	0.2680	0.2804	0.0347	3.6859	4.2310	0.1125	0.7826	0.7894	1.1058	1.0741	1.1101	0.0012	0.7776	0.0364	1.0236	0.0041	1.0855	-0.2885	-0.0013	7.5917	8.6942	1.5198	6.0502	1.0193	1.0151	0.0042	0.0194	0.0193	0.0001	0.9999	0.9959	0.0040	0.0118	0.0057	0.0061	0.0056	0.0056	0.0000	0.0062	0.0000	0.0061	0.3436	0.3041	0.0395	0.0723	0.0687	0.0036	0.2713	0.2354	0.0359	0.1068	0.0638	0.0429	0.0256	0.0235	0.0020	0.0812	0.0403	0.0409	26.8272	37.6410	0.7365	1.2197	1.1745	29.7639	48.3971	4173.7954	0.7493	0.1106	0.0887	0.1431	0.2198	0.2387	0.0012	0.0762	0.0010	0.1502
90	114	0.1697	9	0	1	0	1	0	0	0	0	N	N	N	N	N	N	N	N	N	N	N	N	0.0000	0.0000	0.0000	0.0000	0.0000	0.0000	0.0000	0.0000	0.0000	0.0000	0.0000	0.0000	0.0000	0.0000	0.0000	0.0000	0.0024	0.0013	0.0015	0.0008	0.0008	0.0000	0.0050	0.0000	0.0015	2.0000	0.0000	0.0000	7.5917	0.0001	1.5198	0.0001	0.0000	0.0000	0.0000	0.0000	0.0000	0.0000	0.0000	0.0000	0.0000	0.0000	0.0000	0.0000	0.0000	0.0000	0.0000	0.0000	0.0000	0.0000	0.0000	0.0000	0.0000	0.0000	0.0000	0.0000	0.0000	0.0000	0.0000	0.0000	0.0000	0.0000	0.0000	0.0000	0.0000	0.0000	0.0000	0.0000	0.0000	0.0000	0.0000	0.0000	0.0000	0.0000	0.0000	0.0000	0.0000	0.0011	0.0007	0.0015	0.0008	0.0008	0.0000	0.0013	0.0000	0.0015			
90	115	0.1630	8	0	1	0	1	0	0	0	0	N	N	N	N	N	N	N	N	N	N	N	N	0.0001	0.0003	0.0000	0.0013	0.0012	0.0000	0.0000	0.0000	0.0000	0.0000	0.0000	0.0000	0.0000	0.0000	0.0000	0.0000	0.0056	0.0030	0.0041	0.0030	0.0034	0.0000	0.0078	0.0000	0.0037	0.0102	2.0000	-0.0000	0.0000	7.5917	3.0007	1.5198	1.0012	0.0000	0.0000	0.0000	0.0000	0.0000	0.0000	0.0000	0.0000	0.0000	0.0001	0.0000	0.0000	0.0000	0.0000	0.0000	0.0000	0.0000	0.0000	0.1134	0.1003	0.0131	0.0208	0.0199	0.0008	0.0926	0.0804	0.0123	0.0282	0.0169	0.0113	0.0067	0.0062	0.0006	0.0215	0.0107	0.0107	0.0003	0.0007	0.0000	0.0013	0.0012	0.0000	0.0000	0.0000	0.0000	0.0021	0.0012	0.0035	0.0030	0.0032	0.0000	0.0019	0.0000	0.0037		
90	116	0.1611	7	0	0	0	1	0	0	0	0	N	N	N	N	N	N	N	N	N	N	N	N	4096.5973	8110.5693	0.9844	13386.5447	12745.5373	inf	0.7581	inf	0.0000	0.0142	0.0160	0.0000	0.0664	0.0693	0.0001	0.0000	0.0000	0.0000	0.0000	0.0000	0.0000	0.0000	0.0000	0.0000	0.0000	0.0000	0.0000	0.0000	1.9363	-0.0002	0.0000	7.5917	1.1177	1.5198	0.0023	0.0006	0.0006	0.0000	0.0006	0.0006	0.0000	0.0000	0.0000	0.0000	0.0000	0.0000	0.0000	0.0000	0.0000	0.0000	0.0000	0.0000	0.0000	0.0442	0.0392	0.0050	0.0095	0.0091	0.0004	0.0347	0.0301	0.0046	0.0079	0.0048	0.0032	0.0019	0.0017	0.0002	0.0061	0.0030	0.0030	4096.5973	8110.5693	0.9844	13386.5447	12745.5373	inf	0.7581	inf	0.0000	0.0000	0.0000	0.0000	0.0000	0.0000	0.0000	0.0000	0.0000	0.0000
90	117	0.1581	3	0	1	0	0	0	0	0	0	N	N	N	N	N	N	N	N	N	N	N	N	1.6111	2.5064	2.2199	1.0058	1.6709	1.0200	1.9845	11.3567	3.0586	1.1722	0.9436	3.1734	1.0982	0.3836	15.5084	1.2032	1.1989	1.2328	0.7276	0.3765	1.4295	1.0919	0.2296	15.2041	0.6063	0.1056	0.4031	0.3843	5.6121	-0.0135	0.0071	7.5917	31.2782	1.5198	23.9277	1.4129	1.0207	0.3922	0.3905	0.1299	0.2606	1.0224	0.8908	0.1317	0.0323	0.0049	0.0274	0.0198	0.0046	0.0152	0.0124	0.0003	0.0122	1.2054	1.0818	0.1236	0.3556	0.3388	0.0168	0.8498	0.7430	0.1068	0.3649	0.2166	0.1483	0.0882	0.0809	0.0073	0.2767	0.1357	0.1409	13.2551	41.8791	17.1810	4.8820	6.7088	7.4774	26.7984	636.9492	14.2829	0.0884	0.0225	0.1847	0.2250	0.0572	2.0741	0.0449	0.0019	0.0863
90	118	0.1611	7	0	0	1	1	0	0	0	0	N	N	N	N	N	N	N	N	N	N	N	N	177297791.9546	179727581.4659	inf	27399.5719	26057.7460	inf	inf	inf	inf	6.6292	7.4885	0.0006	0.0029	0.0030	0.0000	8.2038	9.4555	0.0006	0.0000	0.0000	0.0000	0.0000	0.0000	0.0000	0.0000	0.0000	0.0000	0.0000	0.5000	-0.2820	-0.0000	7.5917	3.8827	1.5198	2.9998	0.9821	0.9821	0.0000	0.0001	0.0001	0.0000	0.9820	0.9820	0.0000	0.0000	0.0000	0.0000	0.0000	0.0000	0.0000	0.0000	0.0000	0.0000	0.1481	0.1311	0.0170	0.0284	0.0273	0.0012	0.1197	0.1039	0.0158	0.0481	0.0288	0.0193	0.0115	0.0105	0.0010	0.0367	0.0183	0.0183	177297791.9546	179727581.4659	inf	27399.5719	26057.7460	inf	inf	inf	inf	0.0000	0.0000	0.0000	0.0000	0.0000	0.0000	0.0000	0.0000	0.0000
90	119	0.1582	6	0	0	0	1	0	0	0	0	N	N	N	N	N	N	N	N	N	N	N	N	219.4537	232.7057	17.4615	178.6633	169.7742	730.0900	120.1996	inf	10.2849	0.0097	0.0108	0.0009	0.0180	0.0187	0.0037	0.0067	0.0077	0.0005	0.0000	0.0000	0.0001	0.0001	0.0001	0.0000	0.0001	0.0000	0.0001	0.0097	0.8504	-0.0003	-0.0000	7.5917	2.8083	1.5198	0.0030	0.0012	0.0012	0.0000	0.0006	0.0006	0.0000	0.0006	0.0006	0.0000	0.0000	0.0000	0.0000	0.0000	0.0000	0.0000	0.0000	0.0000	0.0000	0.1277	0.1141	0.0136	0.0336	0.0321	0.0014	0.0941	0.0820	0.0121	0.0200	0.0119	0.0081	0.0048	0.0044	0.0004	0.0153	0.0076	0.0077	219.4537	268.2834	17.4615	178.6633	169.7742	730.0900	254.0697	inf	10.2849	0.0000	0.0000	0.0001	0.0001	0.0001	0.0000	0.0000	0.0000	0.0001
90	120	0.1582	6	0	0	1	1	0	0	0	0	N	N	N	N	N	N	N	N	N	N	N	N	158.4971	188.0032	0.0392	267.5303	255.8853	5.1724	53.1587	inf	0.0000	0.0021	0.0024	0.0000	0.0081	0.0085	0.0000	0.0006	0.0006	0.0000	0.0000	0.0000	0.0000	0.0000	0.0000	0.0000	0.0000	0.0000	0.0000	0.0000	0.8570	-0.0002	-0.0000	7.5917	9.6158	1.5198	0.0030	0.0008	0.0008	0.0000	0.0006	0.0006	0.0000	0.0002	0.0002	0.0000	0.0000	0.0000	0.0000	0.0000	0.0000	0.0000	0.0000	0.0000	0.0000	0.3782	0.3357	0.0425	0.0776	0.0743	0.0032	0.3006	0.2614	0.0392	0.0672	0.0401	0.0272	0.0159	0.0145	0.0014	0.0513	0.0255	0.0258	158.4971	197.6131	0.0392	267.5303	255.8853	5.1724	69.5359	inf	0.0000	0.0000	0.0000	0.0000	0.0000	0.0000	0.0000	0.0000	0.0000	0.0000
90	121	0.1486	5	0	0	0	1	0	0	0	0	N	N	N	N	N	N	N	N	N	N	N	N	1.3130	1.2737	1.4943	3.5111	3.2567	14.8316	0.5366	8.7859	0.7571	0.0183	0.0193	0.0106	0.0530	0.0529	0.0541	0.0065	0.0069	0.0042	0.0140	0.0152	0.0071	0.0151	0.0163	0.0036	0.0122	0.0008	0.0056	0.0704	0.8172	-0.0007	-0.0000	7.5917	4.2457	1.5198	2.0144	0.0033	0.0031	0.0002	0.0024	0.0023	0.0001	0.0009	0.0008	0.0001	0.0002	0.0001	0.0001	0.0001	0.0001	0.0000	0.0001	0.0000	0.0001	0.1803	0.1598	0.0205	0.0457	0.0431	0.0026	0.1345	0.1166	0.0179	0.0489	0.0294	0.0195	0.0124	0.0115	0.0009	0.0365	0.0179	0.0186	4.2448	4.8944	2.1710	5.5236	5.2663	14.8316	2.5944	1151.6064	0.8562	0.0043	0.0039	0.0049	0.0096	0.0100	0.0036	0.0025	0.0000	0.0049
90	122	0.1065	4	0	0	0	1	0	0	0	0	N	N	N	N	N	N	N	N	N	N	N	N	35.5698	2.0226	298.8529	58.3177	4.4699	58.7157	17.4817	0.2531	317.6184	0.5407	0.0215	3.2975	1.2420	0.0506	7.7422	0.2300	0.0084	1.3923	0.0152	0.0106	0.0110	0.0213	0.0113	0.1319	0.0132	0.0334	0.0044	28.9464	1.5884	0.2194	-0.0000	7.5917	11.9190	1.5198	13.1740	0.3230	0.0108	0.3122	0.2278	0.0078	0.2199	0.0952	0.0029	0.0923	0.0008	0.0003	0.0005	0.0004	0.0002	0.0002	0.0004	0.0001	0.0003	0.5974	0.5027	0.0947	0.1834	0.1550	0.0284	0.4140	0.3477	0.0663	0.1752	0.1022	0.0729	0.0354	0.0328	0.0026	0.1398	0.0694	0.0704	117.6035	7.0514	486.5174	99.7606	6.8008	100.8579	88.1628	8.8099	328.6569	0.0046	0.0030	0.0068	0.0124	0.0074	0.0768	0.0026	0.0010	0.0042
90	123	0.5334	8	0	0	1	1	0	0	0	0	N	N	N	N	N	N	N	N	N	N	N	N	0.2321	0.1720	0.6296	0.9660	0.8987	8.3588	0.0535	0.0029	0.6655	0.0006	0.0006	0.0004	0.0010	0.0010	0.0001	0.0002	0.0002	0.0005	0.0024	0.0033	0.0007	0.0010	0.0011	0.0000	0.0045	0.0670	0.0008	0.0823	0.3078	-0.0001	-0.0000	7.5917	12.8936	1.5198	4.1514	0.0003	0.0003	0.0000	0.0002	0.0002	0.0000	0.0001	0.0001	0.0000	0.0001	0.0001	0.0000	0.0000	0.0000	0.0000	0.0001	0.0000	0.0000	0.5114	0.4637	0.0477	0.2184	0.2078	0.0107	0.2930	0.2559	0.0371	0.0937	0.0604	0.0333	0.0371	0.0330	0.0041	0.0566	0.0274	0.0292	0.5117	0.4397	0.6296	0.9660	0.8987	8.3588	0.2124	0.1339	0.6655	0.0011	0.0013	0.0007	0.0010	0.0011	0.0000	0.0011	0.0015	0.0008
90	124	0.1218	5	0	1	0	0	0	0	0	0	N	N	N	N	N	N	N	N	N	N	N	N	13.5162	9.4555	2.9390	37.7029	42.3184	0.8995	1.2057	0.0764	3.2174	0.1053	0.1239	0.0051	0.3397	0.4003	0.0049	0.0086	0.0093	0.0051	0.0078	0.0131	0.0017	0.0090	0.0095	0.0055	0.0071	0.1214	0.0016	0.0076	0.3443	-0.0182	-0.0002	7.5917	12.7386	1.5198	8.7370	0.0650	0.0645	0.0005	0.0613	0.0611	0.0001	0.0038	0.0034	0.0004	0.0004	0.0003	0.0001	0.0002	0.0002	0.0000	0.0002	0.0001	0.0001	0.6172	0.5206	0.0966	0.1803	0.1527	0.0276	0.4369	0.3679	0.0690	0.1530	0.0895	0.0635	0.0323	0.0302	0.0022	0.1207	0.0594	0.0613	37.7504	34.9315	2.9390	52.2247	60.8576	0.8995	4.7972	4.6148	3.2174	0.0028	0.0035	0.0017	0.0065	0.0066	0.0055	0.0018	0.0020	0.0016
90	125	0.1065	4	0	1	0	0	0	0	0	0	N	N	N	N	N	N	N	N	N	N	N	N	7.2184	15.3072	23.4515	13.2047	34.5015	2.9172	2.9985	1.3026	31.2181	0.2176	0.1391	0.6037	0.5148	0.3693	1.2364	0.0615	0.0179	0.2746	0.0301	0.0091	0.0257	0.0390	0.0107	0.4238	0.0205	0.0138	0.0088	0.8825	3.2927	0.0191	0.0001	7.5917	8.6431	1.5198	1.4782	0.1049	0.0557	0.0492	0.0855	0.0510	0.0345	0.0194	0.0047	0.0147	0.0005	0.0001	0.0004	0.0003	0.0001	0.0002	0.0002	0.0000	0.0002	0.4820	0.4006	0.0814	0.1660	0.1381	0.0279	0.3160	0.2625	0.0536	0.0752	0.0440	0.0313	0.0160	0.0148	0.0012	0.0592	0.0292	0.0301	31.4216	50.3992	47.2186	27.2007	51.3539	7.3838	16.6820	35.4039	40.6029	0.0069	0.0028	0.0128	0.0189	0.0072	0.1674	0.0037	0.0005	0.0068
90	126	0.0969	3	0	0	0	0	0	0	0	0	N	N	N	N	N	N	N	N	N	N	N	N	0.3863	0.1274	0.6691	0.5093	0.4675	1.2704	0.1773	0.0238	0.4104	0.3859	0.0783	2.2009	0.9669	0.2552	31.3743	0.1822	0.0036	0.9546	0.9991	0.6146	3.2892	1.8986	0.5459	24.6965	1.0273	0.1524	2.3259	4.7659	8.6802	0.0452	0.0061	7.5917	4.1618	1.5198	2.0491	0.0838	0.0145	0.0693	0.0545	0.0141	0.0405	0.0293	0.0005	0.0288	0.0227	0.0023	0.0203	0.0138	0.0023	0.0115	0.0089	0.0001	0.0088	0.2172	0.1857	0.0315	0.0564	0.0551	0.0013	0.1608	0.1306	0.0302	0.0720	0.0448	0.0272	0.0251	0.0218	0.0033	0.0469	0.0230	0.0239	1.2254	1.4965	2.9460	1.7605	2.4259	9.0530	0.9603	1.5898	2.5789	0.3149	0.0523	0.7471	0.5492	0.1052	3.4656	0.1897	0.0023	0.3702
90	127	0.0678	2	0	0	0	0	0	0	0	0	N	N	N	N	N	N	N	N	N	N	N	N	0.0298	0.0125	0.1130	0.0431	0.0439	0.0019	0.0201	0.0001	0.2313	0.0811	0.0566	0.2597	0.3069	0.3208	0.0568	0.0371	0.0003	0.2753	2.7216	4.5245	2.2982	7.1178	7.3128	30.6815	1.8499	3.3204	1.1901	0.6295	0.0550	0.0029	-0.2069	7.5917	9.4810	1.5198	7.4917	0.0290	0.0178	0.0112	0.0179	0.0177	0.0002	0.0111	0.0001	0.0110	0.3590	0.3403	0.0187	0.1818	0.1720	0.0098	0.1772	0.1683	0.0089	0.3570	0.3139	0.0431	0.0583	0.0552	0.0031	0.2987	0.2587	0.0400	0.1319	0.0752	0.0567	0.0255	0.0235	0.0020	0.1064	0.0517	0.0547	0.0298	0.0125	0.7873	0.0431	0.0439	0.0117	0.0223	0.0001	1.6845	2.7216	4.5245	0.3299	7.1178	7.3128	4.8429	1.6661	3.2558	0.1634
90	128	0.5456	9	1	1	0	0	0	0	0	0	N	N	N	N	N	N	N	N	N	N	N	N	32.0579	52.2474	0.8425	33.8246	31.6944	30.4957	inf	0.9291	0.0001	0.0001	0.0000	0.0001	0.0001	0.0000	0.0001	0.0001	0.0000	0.0000	0.0000	0.0000	0.0000	0.0000	0.0000	0.0000	0.0000	0.0000	0.0042	1.2435	-0.0000	-0.0000	7.5917	2.0107	1.5198	1.9995	0.0000	0.0000	0.0000	0.0000	0.0000	0.0000	0.0000	0.0000	0.0000	0.0000	0.0000	0.0000	0.0000	0.0000	0.0000	0.0000	0.0000	0.0000	0.0759	0.0685	0.0074	0.0326	0.0309	0.0017	0.0433	0.0376	0.0057	0.0211	0.0139	0.0072	0.0088	0.0078	0.0010	0.0122	0.0060	0.0062	32.0579	52.2474	0.8425	33.8246	31.6944	0.0000	30.4957	inf	0.9291	0.0000	0.0000	0.0000	0.0000	0.0000	0.0000	0.0000	0.0000	0.0000	
90	129	0.5334	8	1	1	0	0	0	0	0	0	N	N	N	N	N	N	N	N	N	N	N	N	80.7201	146.0793	4.9878	178.2224	167.9403	21.3758	42.4594	892.9008	5.5870	0.1732	0.1894	0.0081	0.1895	0.1984	0.0008	0.1601	0.1815	0.0103	0.0021	0.0013	0.0016	0.0011	0.0012	0.0000	0.0038	0.0002	0.0018	0.0042	1.3817	-0.0121	-0.0000	7.5917	5.6459	1.5198	1.1399	0.0428	0.0426	0.0002	0.0209	0.0208	0.0000	0.0220	0.0218	0.0002	0.0000	0.0000	0.0000	0.0000	0.0000	0.0000	0.0000	0.0000	0.0000	0.2473	0.2252	0.0221	0.1100	0.1051	0.0050	0.1372	0.1201	0.0171	0.0402	0.0257	0.0145	0.0162	0.0145	0.0017	0.0241	0.0112	0.0128	170.6661	284.1575	4.9878	178.2224	167.9403	21.3758	163.0178	261320.5417	5.5870	0.0010	0.0007	0.0016	0.0011	0.0012	0.0000	0.0010	0.0000	0.0018
90	130	0.5031	7	0	0	0	0	0	0	0	0	N	N	N	N	N	N	N	N	N	N	N	N	0.0518	0.1135	0.0090	2.0284	1.9057	1.4762	0.0022	0.0022	0.0005	0.0215	0.0236	0.0021	0.0461	0.0482	0.0083	0.0013	0.0015	0.0001	0.4154	0.2082	0.2325	0.0227	0.0253	0.0056	0.5758	0.6775	0.2125	0.0096	2.3952	-0.0032	0.0003	7.5917	11.6079	1.5198	5.3766	0.0114	0.0113	0.0001	0.0111	0.0109	0.0001	0.0004	0.0004	0.0000	0.0034	0.0010	0.0024	0.0006	0.0006	0.0000	0.0028	0.0004	0.0023	0.5312	0.4791	0.0521	0.2396	0.2270	0.0126	0.2916	0.2521	0.0395	0.1141	0.0717	0.0424	0.0458	0.0415	0.0042	0.0683	0.0302	0.0381	0.7317	1.7149	0.0375	3.5464	3.5050	1.4762	0.0319	0.1067	0.0018	0.0294	0.0138	0.0559	0.0130	0.0138	0.0056	0.0404	0.0138	0.0614
90	131	0.4852	6	0	0	0	0	0	0	0	0	N	N	N	N	N	N	N	N	N	N	N	N	0.2990	0.3155	0.2113	2.0063	2.0859	1.7314	0.1753	0.1257	0.2049	0.1450	0.1571	0.0308	0.2085	0.2166	0.0420	0.0973	0.1080	0.0279	0.4850	0.4981	0.1459	0.1039	0.1038	0.0243	0.5553	0.8595	0.1363	0.0209	0.7248	-0.0073	-0.0008	7.5917	3.9355	1.5198	8.7078	0.0272	0.0267	0.0006	0.0168	0.0166	0.0002	0.0104	0.0100	0.0004	0.0039	0.0022	0.0016	0.0016	0.0015	0.0001	0.0022	0.0007	0.0015	0.1877	0.1697	0.0180	0.0805	0.0768	0.0037	0.1073	0.0929	0.0143	0.1043	0.0675	0.0368	0.0447	0.0405	0.0042	0.0596	0.0270	0.0326	3.9263	4.7499	0.7007	5.7618	5.7728	1.7979	2.5967	4.0869	0.5987	0.0369	0.0331	0.0440	0.0362	0.0375	0.0234	0.0375	0.0264	0.0466
90	132	0.4735	5	0	0	0	0	0	0	0	0	N	N	N	N	N	N	N	N	N	N	N	N	0.2041	0.2272	0.0843	0.7556	0.7834	1.0438	0.1552	0.1323	0.0950	0.1129	0.1225	0.0236	0.1344	0.1396	0.0266	0.0974	0.1088	0.0228	0.5532	0.5390	0.2799	0.1779	0.1782	0.0255	0.6273	0.8227	0.2406	0.0206	0.8622	-0.0088	-0.0007	7.5917	6.2657	1.5198	3.9760	0.0330	0.0323	0.0007	0.0165	0.0164	0.0002	0.0165	0.0160	0.0005	0.0041	0.0022	0.0019	0.0018	0.0017	0.0001	0.0023	0.0005	0.0018	0.2923	0.2640	0.0282	0.1228	0.1171	0.0056	0.1695	0.1469	0.0226	0.0866	0.0557	0.0309	0.0371	0.0337	0.0033	0.0495	0.0219	0.0276	2.3821	3.0951	0.3835	2.8187	2.7931	1.0925	2.0631	4.6165	0.3461	0.0474	0.0396	0.0615	0.0477	0.0500	0.0243	0.0472	0.0236	0.0660
90	133	0.3962	4	0	0	0	0	0	0	0	0	N	N	N	N	N	N	N	N	N	N	N	N	0.4589	0.1063	5.4230	0.3352	0.3328	1.3712	0.6176	0.0693	7.1215	0.2660	0.0561	2.0943	0.0825	0.0857	0.0210	0.3838	0.0351	2.5765	0.5796	0.5273	0.3862	0.2462	0.2575	0.0153	0.6215	0.5064	0.3618	4.2890	1.1314	0.1500	-0.0016	7.5917	26.7012	1.5198	18.2690	0.2863	0.0541	0.2322	0.0347	0.0343	0.0004	0.2516	0.0199	0.2318	0.0164	0.0077	0.0087	0.0072	0.0070	0.0002	0.0092	0.0007	0.0085	1.0764	0.9655	0.1109	0.4209	0.4000	0.0209	0.6555	0.5656	0.0900	0.3220	0.2042	0.1177	0.1244	0.1131	0.0113	0.1976	0.0911	0.1065	5.2355	1.4921	28.3908	1.4333	1.3878	1.3712	8.2437	4.6434	32.2256	0.0508	0.0376	0.0738	0.0576	0.0618	0.0153	0.0466	0.0076	0.0800
90	134	0.1581	3	0	0	0	0	0	0	0	0	N	N	N	N	N	N	N	N	N	N	N	N	0.6535	0.6296	0.0903	0.1806	0.1832	0.0600	0.8217	0.6162	0.1196	0.4828	0.5332	0.0390	0.1667	0.1749	0.0031	0.6095	0.6894	0.0446	0.7387	0.8469	0.4322	0.9225	0.9549	0.0513	0.7418	1.1188	0.3733	0.0083	0.5394	-0.2870	-0.0165	7.5917	61.4372	1.5198	55.8589	1.0293	1.0208	0.0085	0.1017	0.1016	0.0001	0.9276	0.9192	0.0084	0.0595	0.0386	0.0208	0.0253	0.0248	0.0005	0.0342	0.0138	0.0203	2.1321	1.9143	0.2178	0.6104	0.5810	0.0294	1.5217	1.3333	0.1884	0.6431	0.3802	0.2629	0.1420	0.1296	0.0124	0.5011	0.2507	0.2504	5.2206	5.2484	0.4923	0.9349	0.9131	0.0782	8.9421	12.5131	0.5493	0.0925	0.1016	0.0793	0.1783	0.1916	0.0393	0.0682	0.0551	0.0812
90	135	0.0678	2	0	0	0	0	0	0	0	0	N	N	N	N	N	N	N	N	N	N	N	N	1.2809	1.0596	0.0054	0.6865	0.7092	0.0010	1.1987	0.7825	0.0068	1.7489	1.9801	0.0097	2.5977	2.7291	0.0085	1.5853	1.8221	0.0097	1.3653	1.8688	1.7987	3.7840	3.8482	8.5829	1.3225	2.3285	1.4326	0.0006	0.1053	-0.5656	-0.2022	7.5917	31.7621	1.5198	18.5886	1.9744	1.9731	0.0013	0.4738	0.4737	0.0001	1.5006	1.4994	0.0012	0.3792	0.3431	0.0361	0.1807	0.1743	0.0063	0.1986	0.1687	0.0298	1.1289	0.9965	0.1325	0.1824	0.1736	0.0088	0.9466	0.8229	0.1237	0.3404	0.1902	0.1502	0.0587	0.0535	0.0051	0.2817	0.1366	0.1451	1.5698	1.0975	0.0402	0.8437	0.8380	0.0069	2.2493	1.4752	0.0475	1.1141	1.8043	0.2406	3.0789	3.2566	1.2305	0.7048	1.2351	0.2054
91	95	0.1691	6	1	1	1	1	0	0	0	0	N	N	N	N	N	N	N	N	N	N	N	N	0.0000	0.0000	0.0000	0.0000	0.0000	0.0000	0.0000	0.0000	0.0000	0.0000	0.0000	0.0000	0.0000	0.0000	0.0000	0.0000	0.0000	0.0000	0.0000	0.0000	3.0317	24.0032	0.1644	22.6134	0.0000	0.0000	0.0000	0.0000	0.0000	0.0000	0.0000	0.0000	0.0000	0.0000	0.0000	0.0000	0.0000	0.0000	0.0000	0.0000	0.0000	0.0000	0.2791	0.2451	0.0340	0.0458	0.0433	0.0024	0.2334	0.2018	0.0316	0.0787	0.0422	0.0365	0.0077	0.0068	0.0009	0.0710	0.0355	0.0355	0.0000	0.0000	0.0000	0.0000	0.0000	0.0000	0.0000	0.0000	0.0000	0.0000	0.0000	0.0000	0.0000	0.0000	0.0000	0.0000	0.0000	0.0000											
91	96	0.5865	10	1	1	1	0	0	0	0	0	N	N	N	N	N	N	N	N	N	N	N	N	0.0000	0.0000	0.0000	0.0000	0.0000	0.0000	0.0000	0.0000	0.0000	0.0000	0.0000	0.0000	0.0000	0.0000	0.0000	0.0000	0.0000	0.0000	0.0000	0.0000	0.0000	0.0000	0.0000	0.0000	-0.0000	3.0317	18.5150	0.1644	10.2301	0.0000	0.0000	0.0000	0.0000	0.0000	0.0000	0.0000	0.0000	0.0000	0.0000	0.0000	0.0000	0.0000	0.0000	0.0000	0.0000	0.0000	0.0000	0.2270	0.2037	0.0233	0.0918	0.0867	0.0051	0.1351	0.1169	0.0182	0.0448	0.0283	0.0165	0.0143	0.0128	0.0014	0.0306	0.0155	0.0151	0.0000	0.0000	0.0000	0.0000	0.0000	0.0000	0.0000	0.0000	0.0000	0.0000	0.0000	0.0000	0.0000	0.0000	0.0000	0.0000	0.0000	0.0000						
91	97	0.1400	5	1	1	1	0	0	0	0	0	N	N	N	N	N	N	N	N	N	N	N	N	inf	inf	inf	inf	inf	inf	0.0003	0.0003	0.0000	0.0005	0.0005	0.0000	0.0002	0.0003	0.0000	0.0000	0.0000	0.0000	0.0000	0.0000	0.0000	0.0000	0.0000	0.0000	0.0000	-0.0000	0.0000	3.0317	46.1140	0.1644	26.4917	0.0001	0.0001	0.0000	0.0000	0.0000	0.0000	0.0001	0.0001	0.0000	0.0000	0.0000	0.0000	0.0000	0.0000	0.0000	0.0000	0.0000	0.0000	0.5181	0.4565	0.0616	0.0850	0.0807	0.0044	0.4330	0.3758	0.0572	0.1135	0.0569	0.0567	0.0061	0.0053	0.0009	0.1074	0.0516	0.0558	inf	inf	0.0000	inf	inf	0.0000	inf	inf	0.0000	0.0000	0.0000	0.0000	0.0000	0.0000	0.0000	0.0000	0.0000	0.0000				
91	98	0.6394	12	1	1	1	0	0	0	0	0	N	N	N	N	N	N	N	N	N	N	N	N	59.7517	39.8250	39.2225	35.6754	0.0000	0.0000	0.0000	0.0000	0.0000	0.0000	0.0000	0.0000	0.0000	0.0000	0.0000	0.0000	0.0000	0.0000	0.0000	0.0000	0.0000	0.0000	0.0000	0.0000	-0.0000	-0.0000	3.0317	20.7840	0.1644	8.9470	0.0000	0.0000	0.0000	0.0000	0.0000	0.0000	0.0000	0.0000	0.0000	0.0000	0.0000	0.0000	0.0000	0.0000	0.0000	0.0000	0.0000	0.0000	0.2328	0.2105	0.0223	0.0999	0.0951	0.0048	0.1328	0.1154	0.0175	0.0363	0.0219	0.0144	0.0102	0.0089	0.0014	0.0261	0.0130	0.0131	59.7517	39.8250	0.0000	39.2225	35.6754	0.0000	0.0000	0.0000	0.0000	0.0000	0.0000	0.0000	0.0000	0.0000	0.0000	0.0000	0.0000	0.0000					
91	99	0.6345	11	1	0	1	0	0	0	0	0	N	N	N	N	N	N	N	N	N	N	N	N	120251.5095	159698.8443	2307.3909	157057.3572	160517.8393	inf	10532.1417	inf	3713.5798	7.3407	8.1205	0.1858	10.6988	11.4327	0.0053	1.6922	1.9466	0.3112	0.0001	0.0001	0.0001	0.0001	0.0001	0.0000	0.0002	0.0000	0.0001	0.0025	1.2833	-0.1956	-0.0000	3.0317	2.7834	0.1644	1.0450	0.6872	0.6855	0.0017	0.6281	0.6281	0.0000	0.0591	0.0574	0.0017	0.0000	0.0000	0.0000	0.0000	0.0000	0.0000	0.0000	0.0000	0.0000	0.0936	0.0844	0.0092	0.0587	0.0549	0.0038	0.0349	0.0295	0.0054	0.0108	0.0062	0.0046	0.0042	0.0041	0.0002	0.0066	0.0022	0.0044	120251.5095	174345.5270	2307.3909	157057.3572	160517.8393	inf	29959.2101	inf	3713.5798	0.0001	0.0000	0.0001	0.0001	0.0001	0.0000	0.0001	0.0000	0.0001
91	100	0.6244	10	1	0	1	0	0	0	0	0	N	N	N	N	N	N	N	N	N	N	N	N	5905.7941	152346.8956	0.5277	167091.1233	193832.3842	0.0000	2.8325	inf	0.7267	4.1806	4.6388	0.0006	7.3090	7.8094	0.0000	0.0077	0.0089	0.0009	0.0007	0.0000	0.0011	0.0000	0.0000	0.0001	0.0027	0.0000	0.0013	0.0000	30.1225	-0.2068	0.0000	3.0317	7.6044	0.1644	2.7972	0.7202	0.7201	0.0000	0.7196	0.7196	0.0000	0.0006	0.0006	0.0000	0.0000	0.0000	0.0000	0.0000	0.0000	0.0000	0.0000	0.0000	0.0000	0.1723	0.1552	0.0170	0.0985	0.0921	0.0063	0.0738	0.0631	0.0107	0.0252	0.0152	0.0099	0.0105	0.0091	0.0014	0.0146	0.0061	0.0085	9194.0297	191979.7580	0.5277	167091.1233	193832.3842	0.0000	10.3225	inf	0.7267	0.0005	0.0000	0.0011	0.0000	0.0000	0.0001	0.0008	0.0000	0.0013
91	101	0.5749	9	1	0	1	0	0	0	0	0	N	N	N	N	N	N	N	N	N	N	N	N	11.1985	556168.7953	0.0176	722146.1017	1039816.1871	489.8699	0.0074	5.4932	0.0000	3.7447	4.1703	0.0042	9.2865	9.8130	0.0198	0.0037	0.0043	0.0000	0.3344	0.0000	0.2388	0.0000	0.0000	0.0000	0.5026	0.0008	0.2210	0.0001	4893.5935	-0.2503	0.0004	3.0317	18.4780	0.1644	12.4520	0.8719	0.8718	0.0001	0.8714	0.8713	0.0001	0.0005	0.0005	0.0000	0.0010	0.0000	0.0010	0.0000	0.0000	0.0000	0.0010	0.0000	0.0010	0.2328	0.2090	0.0238	0.0938	0.0888	0.0050	0.1390	0.1203	0.0187	0.0453	0.0276	0.0177	0.0137	0.0122	0.0015	0.0316	0.0154	0.0162	167.4553	556168.7953	0.0733	722146.1017	1039816.1871	489.8699	0.1159	718.7119	0.0000	0.0224	0.0000	0.0572	0.0000	0.0000	0.0000	0.0320	0.0000	0.0626
91	102	0.2831	9	1	1	1	0	0	0	0	0	N	N	N	N	N	N	N	N	N	N	N	N	204227.3393	4592717.8197	0.0000	4700587.6616	4414830.2848	9.9543	inf	0.0000	1.8135	2.0277	0.0000	5.7048	5.9419	0.0000	0.0002	0.0002	0.0000	0.0000	0.0000	0.0000	0.0000	0.0000	0.0000	0.0000	0.0000	0.0000	0.0000	32.9781	-0.2834	0.0000	3.0317	34.1922	0.1644	22.4626	0.9870	0.9870	0.0000	0.9869	0.9869	0.0000	0.0001	0.0001	0.0000	0.0000	0.0000	0.0000	0.0000	0.0000	0.0000	0.0000	0.0000	0.0000	0.5442	0.4867	0.0575	0.1730	0.1661	0.0069	0.3712	0.3206	0.0506	0.1048	0.0621	0.0428	0.0226	0.0204	0.0022	0.0823	0.0417	0.0406	204227.3393	4592717.8197	0.0000	4700587.6616	4414830.2848	0.0000	17.0679	inf	0.0000	0.0000	0.0000	0.0000	0.0000	0.0000	0.0000	0.0000	0.0000	0.0000	
91	103	0.2352	8	1	1	1	0	0	0	0	0	N	N	N	N	N	N	N	N	N	N	N	N	4236.7314	2180.2562	0.0000	2197.4397	2090.7271	23991.5359	131.9111	0.0000	0.0629	0.0711	0.0000	0.1860	0.1957	0.0000	0.0174	0.0202	0.0000	0.0000	0.0000	0.0000	0.0001	0.0001	0.0000	0.0000	0.0002	0.0000	0.0000	0.0276	-0.0058	-0.0000	3.0317	22.5884	0.1644	11.0115	0.0203	0.0203	0.0000	0.0162	0.0162	0.0000	0.0041	0.0041	0.0000	0.0000	0.0000	0.0000	0.0000	0.0000	0.0000	0.0000	0.0000	0.0000	0.3222	0.2852	0.0370	0.0870	0.0827	0.0043	0.2352	0.2025	0.0327	0.0634	0.0351	0.0283	0.0107	0.0097	0.0010	0.0527	0.0255	0.0273	4236.7314	2725.0067	0.0000	2197.4397	2090.7271	0.0000	23991.5359	39856.3856	0.0000	0.0000	0.0000	0.0000	0.0001	0.0001	0.0000	0.0000	0.0000	0.0000	
91	104	0.2052	7	1	0	1	0	0	0	0	0	N	N	N	N	N	N	N	N	N	N	N	N	9018.9015	5561.4335	4700.9672	4436.1002	inf	inf	0.0025	0.0029	0.0000	0.0094	0.0099	0.0000	0.0001	0.0001	0.0000	0.0000	0.0000	0.0000	0.0000	0.0000	0.0000	0.0000	0.0000	0.0000	0.0000	0.0000	-0.0001	-0.0000	3.0317	11.8100	0.1644	8.7888	0.0004	0.0004	0.0000	0.0004	0.0004	0.0000	0.0000	0.0000	0.0000	0.0000	0.0000	0.0000	0.0000	0.0000	0.0000	0.0000	0.0000	0.0000	0.1695	0.1500	0.0194	0.0445	0.0423	0.0022	0.1250	0.1078	0.0173	0.0385	0.0210	0.0175	0.0054	0.0048	0.0006	0.0331	0.0162	0.0169	9018.9015	5561.4335	0.0000	4700.9672	4436.1002	0.0000	inf	inf	0.0000	0.0000	0.0000	0.0000	0.0000	0.0000	0.0000	0.0000	0.0000	0.0000			
91	105	0.1691	6	1	0	1	0	0	0	0	0	N	N	N	N	N	N	N	N	N	N	N	N	0.0000	0.0000	0.0000	0.0000	0.0000	0.0000	0.0000	0.0000	0.0000	0.0000	0.0000	0.0000	0.0000	0.0000	0.0000	0.0000	0.0000	0.0000	0.0000	0.0000	3.0317	14.7392	0.1644	7.3617	0.0000	0.0000	0.0000	0.0000	0.0000	0.0000	0.0000	0.0000	0.0000	0.0000	0.0000	0.0000	0.0000	0.0000	0.0000	0.0000	0.0000	0.0000	0.1754	0.1538	0.0216	0.0288	0.0273	0.0015	0.1466	0.1266	0.0200	0.0418	0.0232	0.0185	0.0051	0.0046	0.0005	0.0367	0.0186	0.0180	0.0000	0.0000	0.0000	0.0000	0.0000	0.0000	0.0000	0.0000	0.0000	0.0000	0.0000	0.0000	0.0000	0.0000	0.0000	0.0000	0.0000	0.0000											
91	106	0.1164	5	1	1	1	0	0	0	0	0	N	N	N	N	N	N	N	N	N	N	N	N	inf	inf	inf	inf	inf	inf	inf	inf	3.9998	4.4076	0.8864	15.4341	16.2360	0.0000	0.5808	0.5177	0.9829	0.0000	0.0000	0.0000	0.0000	0.0000	0.0000	0.0000	0.0000	0.0000	0.0263	-0.2671	0.0000	3.0317	20.0414	0.1644	7.0324	1.0215	0.9953	0.0262	0.9074	0.9074	0.0000	0.1142	0.0880	0.0262	0.0000	0.0000	0.0000	0.0000	0.0000	0.0000	0.0000	0.0000	0.0000	0.2554	0.2258	0.0296	0.0588	0.0559	0.0029	0.1966	0.1699	0.0267	0.0449	0.0217	0.0232	0.0016	0.0013	0.0002	0.0433	0.0204	0.0229	inf	inf	inf	inf	inf	0.0000	inf	inf	inf	0.0000	0.0000	0.0000	0.0000	0.0000	0.0000	0.0000	0.0000	0.0000		
91	107	0.1064	4	1	0	1	0	0	0	0	0	N	N	N	N	N	N	N	N	N	N	N	N	inf	inf	inf	inf	inf	inf	inf	inf	inf	1.2691	1.4204	0.0076	2.3811	2.4604	0.0001	0.8157	0.9446	0.0084	0.0000	0.0000	0.0000	0.0000	0.0000	0.0000	0.0000	0.0000	0.0000	0.0006	-0.0444	-0.0000	3.0317	7.0315	0.1644	1.2144	0.1549	0.1548	0.0001	0.0841	0.0841	0.0000	0.0707	0.0706	0.0001	0.0000	0.0000	0.0000	0.0000	0.0000	0.0000	0.0000	0.0000	0.0000	0.1220	0.1090	0.0131	0.0353	0.0342	0.0011	0.0867	0.0748	0.0119	0.0147	0.0071	0.0076	0.0006	0.0005	0.0001	0.0141	0.0066	0.0075	inf	inf	inf	inf	inf	inf	inf	inf	inf	0.0000	0.0000	0.0000	0.0000	0.0000	0.0000	0.0000	0.0000	0.0000	
91	109	0.2510	8	1	1	1	0	0	0	0	0	N	N	N	N	N	N	N	N	N	N	N	N	19282.2108	12153.0106	0.0000	2366.0949	2247.8961	23382.0123	118.5035	0.0000	0.0673	0.0758	0.0000	0.0022	0.0023	0.0000	0.0901	0.1038	0.0000	0.0000	0.0000	0.0000	0.0000	0.0000	0.0000	0.0000	0.0009	0.0000	0.0000	0.0362	-0.0092	-0.0000	3.0317	40.5309	0.1644	14.7974	0.0320	0.0320	0.0000	0.0003	0.0003	0.0000	0.0318	0.0318	0.0000	0.0000	0.0000	0.0000	0.0000	0.0000	0.0000	0.0000	0.0000	0.0000	0.4762	0.4228	0.0533	0.1236	0.1169	0.0067	0.3526	0.3059	0.0467	0.0887	0.0479	0.0408	0.0111	0.0099	0.0011	0.0776	0.0380	0.0397	19282.2108	12153.0106	0.0000	2366.0949	2247.8961	0.0000	23382.0123	13673.4640	0.0000	0.0000	0.0000	0.0000	0.0000	0.0000	0.0000	0.0000	0.0000	0.0000	
91	110	0.2251	7	1	1	1	0	0	0	0	0	N	N	N	N	N	N	N	N	N	N	N	N	60257.9155	38157.1467	8118.7492	33.6623	32.4075	5.8000	30023.7679	1672.3137	inf	5.3734	6.0585	0.0060	0.0022	0.0023	0.0001	7.2587	8.3852	0.0068	0.0001	0.0002	0.0000	0.0001	0.0001	0.0000	0.0002	0.0050	0.0000	0.0001	0.0037	-0.2772	-0.0000	3.0317	13.5236	0.1644	3.5331	0.9657	0.9656	0.0001	0.0001	0.0001	0.0000	0.9656	0.9655	0.0001	0.0000	0.0000	0.0000	0.0000	0.0000	0.0000	0.0000	0.0000	0.0000	0.1797	0.1594	0.0203	0.0467	0.0442	0.0025	0.1330	0.1151	0.0179	0.0316	0.0177	0.0139	0.0050	0.0044	0.0006	0.0267	0.0133	0.0134	60257.9155	38157.1467	8118.7492	33.6623	32.4075	5.8000	77639.8296	44716.7609	inf	0.0001	0.0002	0.0000	0.0001	0.0001	0.0000	0.0001	0.0002	0.0000
91	111	0.1691	6	1	0	1	0	0	0	0	0	N	N	N	N	N	N	N	N	N	N	N	N	20.5614	11.5398	83.1721	19.3874	7.0027	87.2286	4.9938	5.6923	0.0001	0.0000	0.0000	0.0000	5.9747	6.9181	0.0001	0.2429	0.4933	0.0000	0.0000	0.0000	0.0000	0.3082	0.9879	0.0000	0.0000	0.0000	-0.2875	-0.0006	3.0317	16.9399	0.1644	15.9768	1.0011	1.0011	0.0000	0.0000	0.0000	0.0000	1.0011	1.0011	0.0000	0.0010	0.0010	0.0000	0.0000	0.0000	0.0000	0.0010	0.0010	0.0000	0.2005	0.1759	0.0246	0.0329	0.0312	0.0018	0.1676	0.1447	0.0229	0.0586	0.0319	0.0267	0.0063	0.0056	0.0007	0.0523	0.0263	0.0260	284.6264	176.5728	83.1721	0.0000	0.0000	0.0000	303.8258	176.7420	87.2286	0.0175	0.0322	0.0000	0.0000	0.0000	0.0000	0.0197	0.0391	0.0000			
91	112	0.2152	8	2	1	1	1	0	0	0	0	Y	N	N	N	N	N	N	N	N	N	N	N	inf	inf	inf	inf	0.0038	0.0000	0.0290	0.0000	0.0000	0.0000	0.0064	0.0000	0.0300	0.0000	0.0000	0.0000	0.0000	0.0000	0.0000	0.0000	0.0000	0.0000	inf	0.0000	0.0000	3.0317	0.0019	0.1644	1.9928	0.0000	0.0000	0.0000	0.0000	0.0000	0.0000	0.0000	0.0000	0.0000	0.0000	0.0000	0.0000	0.0000	0.0000	0.0000	0.0000	0.0000	0.0000	0.0001	0.0001	0.0000	0.0000	0.0000	0.0000	0.0000	0.0000	0.0000	0.0034	0.0018	0.0016	0.0005	0.0004	0.0001	0.0029	0.0014	0.0015	inf	0.0000	inf	0.0000	0.0000	0.0000	inf	0.0000	inf	0.0000	0.0000	0.0000	0.0000	0.0000	0.0000	0.0000	0.0000	0.0000						
91	113	0.1917	7	2	1	1	1	0	0	0	0	Y	N	N	N	N	N	N	N	N	N	N	N	1858.1235	0.0003	inf	0.0002	0.0002	inf	inf	0.2171	0.0000	1.6925	0.0000	0.0000	0.0000	0.2875	0.0000	1.8294	0.0001	0.0003	0.0000	0.0011	0.0013	0.0000	0.0000	0.0000	0.0000	3638965.4866	0.0000	0.0187	-0.0000	3.0317	8.6942	0.1644	6.0502	0.0263	0.0000	0.0263	0.0000	0.0000	0.0000	0.0263	0.0000	0.0263	0.0000	0.0000	0.0000	0.0000	0.0000	0.0000	0.0000	0.0000	0.0000	0.1210	0.1055	0.0155	0.0296	0.0285	0.0012	0.0914	0.0770	0.0144	0.0256	0.0130	0.0126	0.0028	0.0024	0.0004	0.0228	0.0106	0.0122	1858.1235	0.0003	inf	0.0002	0.0002	0.0000	inf	0.0000	inf	0.0001	0.0002	0.0000	0.0011	0.0013	0.0000	0.0000	0.0000	0.0000		
91	114	0.2128	11	1	1	1	1	0	0	0	0	N	N	N	N	N	N	N	N	N	N	N	N	0.0000	0.0000	0.0000	0.0000	0.0000	0.0000	0.0000	0.0000	0.0000	0.0000	0.0000	0.0000	0.0000	0.0000	0.0000	0.0000	0.0000	0.0000	0.0000	0.0000	3.0317	0.0001	0.1644	0.0001	0.0000	0.0000	0.0000	0.0000	0.0000	0.0000	0.0000	0.0000	0.0000	0.0000	0.0000	0.0000	0.0000	0.0000	0.0000	0.0000	0.0000	0.0000	0.0000	0.0000	0.0000	0.0000	0.0000	0.0000	0.0000	0.0000	0.0000	0.0000	0.0000	0.0000	0.0000	0.0000	0.0000	0.0000	0.0000	0.0000	0.0000	0.0000	0.0000	0.0000	0.0000	0.0000	0.0000	0.0000	0.0000	0.0000	0.0000	0.0000	0.0000	0.0000	0.0000	0.0000	0.0000	0.0000											
91	115	0.2061	10	1	1	1	1	0	0	0	0	N	N	N	N	N	N	N	N	N	N	N	N	0.0000	0.0000	0.0000	0.0000	0.0000	0.0000	0.0000	0.0000	0.0000	0.0000	0.0000	0.0000	0.0000	0.0000	0.0000	0.0000	0.0000	0.0000	0.0000	0.0000	3.0317	3.0007	0.1644	1.0012	0.0000	0.0000	0.0000	0.0000	0.0000	0.0000	0.0000	0.0000	0.0000	0.0000	0.0000	0.0000	0.0000	0.0000	0.0000	0.0000	0.0000	0.0000	0.0367	0.0324	0.0043	0.0081	0.0077	0.0004	0.0285	0.0247	0.0038	0.0067	0.0033	0.0034	0.0006	0.0005	0.0001	0.0060	0.0028	0.0032	0.0000	0.0000	0.0000	0.0000	0.0000	0.0000	0.0000	0.0000	0.0000	0.0000	0.0000	0.0000	0.0000	0.0000	0.0000	0.0000	0.0000	0.0000											
91	116	0.2042	9	1	0	1	1	0	0	0	0	N	N	N	N	N	N	N	N	N	N	N	N	0.0000	0.0000	0.0000	0.0000	0.0000	0.0000	0.0000	0.0000	0.0000	0.0000	0.0000	0.0000	0.0000	0.0000	0.0000	0.0000	0.0000	0.0000	0.0000	0.0000	3.0317	1.1177	0.1644	0.0023	0.0000	0.0000	0.0000	0.0000	0.0000	0.0000	0.0000	0.0000	0.0000	0.0000	0.0000	0.0000	0.0000	0.0000	0.0000	0.0000	0.0000	0.0000	0.0144	0.0128	0.0016	0.0037	0.0035	0.0002	0.0107	0.0093	0.0014	0.0019	0.0009	0.0009	0.0002	0.0001	0.0000	0.0017	0.0008	0.0009	0.0000	0.0000	0.0000	0.0000	0.0000	0.0000	0.0000	0.0000	0.0000	0.0000	0.0000	0.0000	0.0000	0.0000	0.0000	0.0000	0.0000	0.0000											
91	117	0.2595	7	1	1	1	0	0	0	0	0	N	N	N	N	N	N	N	N	N	N	N	N	0.0008	0.0003	0.0002	0.0002	inf	inf	0.0001	0.0001	0.0000	0.0001	0.0001	0.0000	0.0001	0.0001	0.0000	0.0978	0.3491	0.0000	0.4750	0.5046	0.0000	0.0000	0.0000	0.0000	0.0000	0.0000	-0.0000	-0.0006	3.0317	31.2782	0.1644	23.9277	0.0000	0.0000	0.0000	0.0000	0.0000	0.0000	0.0000	0.0000	0.0000	0.0010	0.0010	0.0000	0.0010	0.0010	0.0000	0.0000	0.0000	0.0000	0.3736	0.3325	0.0411	0.1075	0.1014	0.0061	0.2661	0.2312	0.0350	0.0918	0.0483	0.0435	0.0112	0.0102	0.0009	0.0806	0.0380	0.0426	0.0074	0.0044	0.0000	0.0010	0.0010	0.0000	inf	inf	0.0000	0.0109	0.0207	0.0000	0.0893	0.0974	0.0000	0.0000	0.0000	0.0000			
91	118	0.2042	9	1	0	2	1	0	0	0	0	N	N	Y	N	N	N	N	N	N	N	N	N	0.0000	0.0000	0.0000	0.0000	0.0000	0.0000	0.0000	0.0000	0.0000	0.0000	0.0000	0.0000	0.0000	0.0000	0.0000	0.0000	0.0000	0.0000	0.0000	0.0000	3.0317	3.8827	0.1644	2.9998	0.0000	0.0000	0.0000	0.0000	0.0000	0.0000	0.0000	0.0000	0.0000	0.0000	0.0000	0.0000	0.0000	0.0000	0.0000	0.0000	0.0000	0.0000	0.0480	0.0425	0.0055	0.0112	0.0106	0.0006	0.0369	0.0319	0.0050	0.0114	0.0057	0.0057	0.0011	0.0009	0.0002	0.0103	0.0048	0.0055	0.0000	0.0000	0.0000	0.0000	0.0000	0.0000	0.0000	0.0000	0.0000	0.0000	0.0000	0.0000	0.0000	0.0000	0.0000	0.0000	0.0000	0.0000											
91	119	0.2013	8	1	0	1	1	0	0	0	0	N	N	N	N	N	N	N	N	N	N	N	N	405.6642	224.9257	122.0946	105.0609	0.0009	0.0010	0.0000	0.0029	0.0031	0.0000	0.0000	0.0000	0.0000	0.0000	0.0000	0.0000	0.0000	0.0000	0.0000	0.0000	0.0000	0.0000	0.0000	0.0000	-0.0000	-0.0000	3.0317	2.8083	0.1644	0.0030	0.0000	0.0000	0.0000	0.0000	0.0000	0.0000	0.0000	0.0000	0.0000	0.0000	0.0000	0.0000	0.0000	0.0000	0.0000	0.0000	0.0000	0.0000	0.0430	0.0385	0.0045	0.0135	0.0129	0.0007	0.0295	0.0257	0.0038	0.0047	0.0023	0.0024	0.0004	0.0004	0.0001	0.0043	0.0020	0.0023	405.6642	224.9257	0.0000	122.0946	105.0609	0.0000	0.0000	0.0000	0.0000	0.0000	0.0000	0.0000	0.0000	0.0000	0.0000	0.0000	0.0000	0.0000					
91	120	0.2013	8	1	0	2	1	0	0	0	0	N	N	Y	N	N	N	N	N	N	N	N	N	11850299.7310	6630771.3977	4433074.4306	3814592.1979	inf	inf	8.0543	9.0707	0.0000	32.0614	33.7908	0.0000	0.0002	0.0002	0.0000	0.0000	0.0000	0.0000	0.0000	0.0000	0.0000	0.0000	0.0000	0.0000	0.0000	0.0000	-0.2866	-0.0000	3.0317	9.6158	0.1644	0.0030	0.9982	0.9982	0.0000	0.9982	0.9982	0.0000	0.0000	0.0000	0.0000	0.0000	0.0000	0.0000	0.0000	0.0000	0.0000	0.0000	0.0000	0.0000	0.1239	0.1100	0.0139	0.0311	0.0295	0.0016	0.0928	0.0805	0.0123	0.0159	0.0079	0.0080	0.0015	0.0012	0.0003	0.0144	0.0067	0.0077	11850299.7310	6630771.3977	0.0000	4433074.4306	3814592.1979	0.0000	inf	inf	0.0000	0.0000	0.0000	0.0000	0.0000	0.0000	0.0000	0.0000	0.0000	0.0000			
91	121	0.1917	7	1	0	1	1	0	0	0	0	N	N	N	N	N	N	N	N	N	N	N	N	4.7701	1.8346	0.0000	2.4949	2.2762	0.0000	0.0000	0.0013	0.0015	0.0000	0.0048	0.0049	0.0000	0.0000	0.0000	0.0000	0.0003	0.0008	0.0000	0.0019	0.0022	0.0000	0.0000	0.0000	0.0000	0.0000	0.0036	-0.0000	-0.0000	3.0317	4.2457	0.1644	2.0144	0.0001	0.0001	0.0000	0.0001	0.0001	0.0000	0.0000	0.0000	0.0000	0.0000	0.0000	0.0000	0.0000	0.0000	0.0000	0.0000	0.0000	0.0000	0.0687	0.0593	0.0094	0.0192	0.0187	0.0006	0.0495	0.0407	0.0088	0.0118	0.0061	0.0057	0.0016	0.0014	0.0002	0.0102	0.0047	0.0055	5.2363	3.1355	0.0000	2.4949	2.2762	0.0000	0.0000	0.0000	0.0000	0.0003	0.0005	0.0000	0.0019	0.0022	0.0000	0.0000	0.0000	0.0000		
91	122	0.1495	6	1	0	1	1	0	0	0	0	N	N	N	N	N	N	N	N	N	N	N	N	0.0010	0.0001	17418.2423	0.0002	0.0002	5191.2087	18421.2792	0.0004	0.0001	0.0026	0.0003	0.0003	0.0000	0.0004	0.0000	0.0028	0.3715	0.6173	0.0000	1.7408	1.8362	0.0000	0.0000	0.0000	0.0000	5.1460	0.0000	0.0000	-0.0007	3.0317	11.9190	0.1644	13.1740	0.0001	0.0000	0.0001	0.0000	0.0000	0.0000	0.0001	0.0000	0.0001	0.0011	0.0011	0.0000	0.0011	0.0011	0.0000	0.0000	0.0000	0.0000	0.1620	0.1418	0.0202	0.0363	0.0349	0.0014	0.1258	0.1070	0.0188	0.0418	0.0205	0.0213	0.0023	0.0019	0.0003	0.0395	0.0186	0.0210	0.0149	0.0014	17418.2423	0.0006	0.0005	0.0000	5191.2087	0.0000	18421.2792	0.0257	0.0524	0.0000	0.4713	0.5543	0.0000	0.0000	0.0000	0.0000		
91	123	0.6347	12	1	0	2	1	0	0	0	0	N	N	Y	N	N	N	N	N	N	N	N	N	0.0000	0.0000	0.0000	0.0000	0.0000	0.0000	0.0000	0.0000	0.0000	0.0000	0.0000	0.0000	0.0000	0.0000	0.0000	0.0000	0.0000	0.0000	0.0000	0.0000	3.0317	12.8936	0.1644	4.1514	0.0000	0.0000	0.0000	0.0000	0.0000	0.0000	0.0000	0.0000	0.0000	0.0000	0.0000	0.0000	0.0000	0.0000	0.0000	0.0000	0.0000	0.0000	0.1623	0.1465	0.0158	0.0695	0.0659	0.0036	0.0928	0.0806	0.0122	0.0210	0.0127	0.0082	0.0063	0.0054	0.0009	0.0147	0.0073	0.0074	0.0000	0.0000	0.0000	0.0000	0.0000	0.0000	0.0000	0.0000	0.0000	0.0000	0.0000	0.0000	0.0000	0.0000	0.0000	0.0000	0.0000	0.0000											
91	124	0.1648	7	1	1	1	0	0	0	0	0	N	N	N	N	N	N	N	N	N	N	N	N	81.0090	inf	0.0000	inf	inf	0.0000	0.0000	0.0001	0.0001	0.0000	0.0004	0.0005	0.0000	0.0000	0.0000	0.0000	0.0000	0.0000	0.0000	0.0000	0.0000	0.0000	0.0000	0.0000	0.0000	0.0000	inf	-0.0000	0.0000	3.0317	12.7386	0.1644	8.7370	0.0000	0.0000	0.0000	0.0000	0.0000	0.0000	0.0000	0.0000	0.0000	0.0000	0.0000	0.0000	0.0000	0.0000	0.0000	0.0000	0.0000	0.0000	0.1601	0.1417	0.0184	0.0349	0.0332	0.0016	0.1252	0.1084	0.0168	0.0369	0.0183	0.0186	0.0028	0.0025	0.0003	0.0341	0.0158	0.0183	81.0090	inf	0.0000	inf	inf	0.0000	0.0000	0.0000	0.0000	0.0000	0.0000	0.0000	0.0000	0.0000	0.0000	0.0000	0.0000	0.0000		
91	125	0.1495	6	1	1	1	0	0	0	0	0	N	N	N	N	N	N	N	N	N	N	N	N	1.8559	28.5281	0.0000	0.1278	0.1161	0.8399	inf	0.0000	0.0001	0.0001	0.0000	0.0000	0.0000	0.0000	0.0002	0.0002	0.0000	0.0001	0.0000	0.0001	0.0000	0.0000	0.0000	0.0002	0.0000	0.0001	0.0000	26.2765	-0.0000	0.0000	3.0317	8.6431	0.1644	1.4782	0.0000	0.0000	0.0000	0.0000	0.0000	0.0000	0.0000	0.0000	0.0000	0.0000	0.0000	0.0000	0.0000	0.0000	0.0000	0.0000	0.0000	0.0000	0.1247	0.1089	0.0158	0.0297	0.0287	0.0010	0.0950	0.0803	0.0148	0.0178	0.0088	0.0091	0.0012	0.0010	0.0001	0.0167	0.0078	0.0089	1.8559	28.5281	0.0000	0.1278	0.1161	0.0000	2.3423	inf	0.0000	0.0001	0.0000	0.0001	0.0000	0.0000	0.0000	0.0001	0.0000	0.0001	
91	126	0.1400	5	1	0	1	0	0	0	0	0	N	N	N	N	N	N	N	N	N	N	N	N	1.9868	1.2462	0.0022	0.0021	inf	inf	0.0002	0.0002	0.0000	0.0000	0.0000	0.0000	0.0002	0.0002	0.0000	0.0001	0.0001	0.0000	0.0006	0.0006	0.0000	0.0000	0.0000	0.0000	0.0000	0.0000	-0.0000	-0.0000	3.0317	4.1618	0.1644	2.0491	0.0000	0.0000	0.0000	0.0000	0.0000	0.0000	0.0000	0.0000	0.0000	0.0000	0.0000	0.0000	0.0000	0.0000	0.0000	0.0000	0.0000	0.0000	0.0622	0.0551	0.0071	0.0140	0.0135	0.0005	0.0482	0.0416	0.0066	0.0139	0.0077	0.0062	0.0019	0.0019	0.0001	0.0120	0.0059	0.0061	1.9868	1.2462	0.0000	0.0022	0.0021	0.0000	inf	inf	0.0000	0.0001	0.0001	0.0000	0.0006	0.0006	0.0000	0.0000	0.0000	0.0000			
91	128	0.6469	13	2	1	1	0	0	0	0	0	Y	N	N	N	N	N	N	N	N	N	N	N	0.0000	0.0000	0.0000	0.0000	0.0000	0.0000	0.0000	0.0000	0.0000	0.0000	0.0000	0.0000	0.0000	0.0000	0.0000	0.0000	0.0000	0.0000	0.0000	0.0000	3.0317	2.0107	0.1644	1.9995	0.0000	0.0000	0.0000	0.0000	0.0000	0.0000	0.0000	0.0000	0.0000	0.0000	0.0000	0.0000	0.0000	0.0000	0.0000	0.0000	0.0000	0.0000	0.0235	0.0211	0.0024	0.0101	0.0096	0.0006	0.0134	0.0116	0.0019	0.0048	0.0029	0.0018	0.0016	0.0014	0.0002	0.0032	0.0016	0.0016	0.0000	0.0000	0.0000	0.0000	0.0000	0.0000	0.0000	0.0000	0.0000	0.0000	0.0000	0.0000	0.0000	0.0000	0.0000	0.0000	0.0000	0.0000											
91	129	0.6347	12	2	1	1	0	0	0	0	0	Y	N	N	N	N	N	N	N	N	N	N	N	0.0000	0.0000	0.0000	0.0000	0.0000	0.0000	0.0000	0.0000	0.0000	0.0000	0.0000	0.0000	0.0000	0.0000	0.0000	0.0000	0.0000	0.0000	0.0000	0.0000	3.0317	5.6459	0.1644	1.1399	0.0000	0.0000	0.0000	0.0000	0.0000	0.0000	0.0000	0.0000	0.0000	0.0000	0.0000	0.0000	0.0000	0.0000	0.0000	0.0000	0.0000	0.0000	0.0802	0.0728	0.0074	0.0361	0.0345	0.0017	0.0440	0.0383	0.0057	0.0086	0.0052	0.0034	0.0026	0.0023	0.0003	0.0060	0.0030	0.0030	0.0000	0.0000	0.0000	0.0000	0.0000	0.0000	0.0000	0.0000	0.0000	0.0000	0.0000	0.0000	0.0000	0.0000	0.0000	0.0000	0.0000	0.0000											
91	130	0.6044	11	1	0	1	0	0	0	0	0	N	N	N	N	N	N	N	N	N	N	N	N	531480.1489	361200.6750	360828.6202	339499.3401	inf	inf	0.2192	0.2442	0.0000	0.4690	0.4967	0.0000	0.0016	0.0019	0.0000	0.0000	0.0000	0.0000	0.0000	0.0000	0.0000	0.0000	0.0000	0.0000	0.0000	0.0000	-0.0110	-0.0000	3.0317	11.6079	0.1644	5.3766	0.0383	0.0383	0.0000	0.0381	0.0381	0.0000	0.0001	0.0001	0.0000	0.0000	0.0000	0.0000	0.0000	0.0000	0.0000	0.0000	0.0000	0.0000	0.1747	0.1568	0.0179	0.0813	0.0768	0.0045	0.0934	0.0800	0.0133	0.0250	0.0152	0.0097	0.0079	0.0070	0.0009	0.0171	0.0082	0.0089	531480.1489	361200.6750	0.0000	360828.6202	339499.3401	0.0000	inf	inf	0.0000	0.0000	0.0000	0.0000	0.0000	0.0000	0.0000	0.0000	0.0000	0.0000			
91	131	0.5865	10	1	0	1	0	0	0	0	0	N	N	N	N	N	N	N	N	N	N	N	N	112358.7450	83405.5831	9477.2074	100273.1539	97376.8824	inf	7518.3570	inf	2.8971	1.1641	1.2864	0.0266	2.6071	2.7321	0.1215	0.0111	0.0128	0.0000	0.0000	0.0000	0.0000	0.0000	0.0000	0.0000	0.0000	0.0000	0.0000	0.0022	0.0997	-0.0205	-0.0000	3.0317	3.9355	0.1644	8.7078	0.0719	0.0717	0.0002	0.0715	0.0713	0.0002	0.0004	0.0004	0.0000	0.0000	0.0000	0.0000	0.0000	0.0000	0.0000	0.0000	0.0000	0.0000	0.0617	0.0557	0.0060	0.0274	0.0261	0.0013	0.0343	0.0296	0.0047	0.0263	0.0175	0.0088	0.0095	0.0088	0.0007	0.0168	0.0087	0.0081	112358.7450	90893.1818	9477.2074	100273.1539	97376.8824	inf	7518.3570	inf	2.8971	0.0000	0.0000	0.0000	0.0000	0.0000	0.0000	0.0000	0.0000	0.0000
91	132	0.5749	9	1	0	1	0	0	0	0	0	N	N	N	N	N	N	N	N	N	N	N	N	2128.5552	1196.8274	530.9855	2204.6729	2114.6349	inf	249.0994	inf	1.1822	0.7086	0.7837	0.0171	1.6363	1.7140	0.0815	0.0092	0.0106	0.0000	0.0003	0.0007	0.0000	0.0007	0.0008	0.0000	0.0000	0.0000	0.0000	0.0024	0.0430	-0.0193	-0.0000	3.0317	6.2657	0.1644	3.9760	0.0679	0.0677	0.0002	0.0674	0.0672	0.0002	0.0005	0.0005	0.0000	0.0000	0.0000	0.0000	0.0000	0.0000	0.0000	0.0000	0.0000	0.0000	0.0958	0.0864	0.0094	0.0412	0.0392	0.0020	0.0546	0.0472	0.0074	0.0212	0.0135	0.0077	0.0077	0.0071	0.0007	0.0135	0.0064	0.0070	2510.5831	1847.4409	530.9855	2204.6729	2114.6349	inf	500.5423	inf	1.1822	0.0003	0.0004	0.0000	0.0007	0.0008	0.0000	0.0000	0.0000	0.0000
91	133	0.4976	8	1	0	1	0	0	0	0	0	N	N	N	N	N	N	N	N	N	N	N	N	14192.8710	12259.9660	20.5224	580.3548	556.9418	inf	17062.0585	11145.3345	0.0017	3.0410	3.3933	0.0037	0.2790	0.2936	0.0192	4.7064	5.4381	0.0000	0.0002	0.0003	0.0002	0.0005	0.0005	0.0000	0.0003	0.0005	0.0002	0.0001	0.5154	-0.2953	-0.0000	3.0317	26.7012	0.1644	18.2690	1.0289	1.0287	0.0001	0.0355	0.0354	0.0001	0.9933	0.9933	0.0000	0.0000	0.0000	0.0000	0.0000	0.0000	0.0000	0.0000	0.0000	0.0000	0.3383	0.3032	0.0352	0.1273	0.1205	0.0068	0.2111	0.1827	0.0284	0.0778	0.0463	0.0315	0.0228	0.0207	0.0020	0.0550	0.0255	0.0295	14192.8710	14273.6652	20.5224	580.3548	556.9418	inf	45207.0068	2246673.9710	0.0017	0.0002	0.0002	0.0002	0.0005	0.0005	0.0000	0.0001	0.0000	0.0002
91	134	0.2595	7	1	0	1	0	0	0	0	0	N	N	N	N	N	N	N	N	N	N	N	N	0.4431	0.0758	62.0879	0.0297	0.0283	inf	957.5125	59.6485	60.8468	0.0109	0.0121	0.0010	0.0102	0.0107	0.0010	0.0112	0.0127	0.0010	0.0246	0.1602	0.0000	0.3426	0.3786	0.0000	0.0000	0.0002	0.0000	0.0098	0.0012	-0.0020	-0.0006	3.0317	61.4372	0.1644	55.8589	0.0072	0.0072	0.0001	0.0018	0.0018	0.0000	0.0054	0.0053	0.0001	0.0010	0.0010	0.0000	0.0010	0.0010	0.0000	0.0000	0.0000	0.0000	0.6626	0.5901	0.0724	0.1809	0.1706	0.0103	0.4817	0.4195	0.0622	0.1591	0.0825	0.0766	0.0139	0.0125	0.0014	0.1452	0.0700	0.0752	1.7562	1.0134	62.0879	0.1428	0.1351	inf	1308.9852	17229.2829	60.8468	0.0062	0.0120	0.0000	0.0712	0.0793	0.0000	0.0000	0.0000	0.0000
91	135	0.1691	6	1	0	1	0	0	0	0	0	N	N	N	N	N	N	N	N	N	N	N	N	0.0275	0.0116	0.0207	0.0177	inf	inf	0.0001	0.0001	0.0000	0.0003	0.0004	0.0000	0.0000	0.0000	0.0000	0.0020	0.0054	0.0000	0.0162	0.0201	0.0000	0.0000	0.0000	0.0000	0.0000	0.0000	-0.0000	-0.0001	3.0317	31.7621	0.1644	18.5886	0.0000	0.0000	0.0000	0.0000	0.0000	0.0000	0.0000	0.0000	0.0000	0.0001	0.0001	0.0000	0.0001	0.0001	0.0000	0.0000	0.0000	0.0000	0.3624	0.3186	0.0439	0.0594	0.0562	0.0032	0.3031	0.2624	0.0407	0.0840	0.0450	0.0390	0.0081	0.0071	0.0010	0.0759	0.0379	0.0380	0.0563	0.0343	0.0000	0.0331	0.0306	0.0000	inf	inf	0.0000	0.0010	0.0018	0.0000	0.0102	0.0116	0.0000	0.0000	0.0000	0.0000			
92	95	0.1652	5	1	1	1	1	0	0	0	0	N	N	N	N	N	N	N	N	N	N	N	N	0.0703	1.2468	0.1720	0.0000	0.0000	0.0000	0.0672	inf	0.3230	0.0009	0.0007	0.0028	0.0000	0.0000	0.0000	0.0015	0.0012	0.0035	0.0133	0.0006	0.0163	0.0074	0.0021	0.0503	0.0222	0.0000	0.0108	0.4348	17.4069	0.0000	0.0001	2.6632	24.0032	1.0147	22.6134	0.0003	0.0002	0.0001	0.0000	0.0000	0.0000	0.0003	0.0002	0.0001	0.0004	0.0000	0.0004	0.0001	0.0000	0.0000	0.0003	0.0000	0.0003	0.3541	0.3185	0.0356	0.1324	0.1255	0.0069	0.2217	0.1930	0.0288	0.0958	0.0526	0.0431	0.0111	0.0100	0.0010	0.0847	0.0426	0.0421	0.2281	1.7886	0.3274	0.0000	0.0000	0.0000	0.3820	inf	0.4436	0.0041	0.0004	0.0086	0.0055	0.0021	0.0388	0.0039	0.0000	0.0078
92	96	0.5826	9	1	1	1	0	0	0	0	0	N	N	N	N	N	N	N	N	N	N	N	N	0.0000	0.0000	0.0689	0.0000	0.0000	0.0000	0.1147	0.4405	0.0000	0.0000	0.0000	0.0000	0.0000	0.0000	0.0000	0.0000	0.0000	0.0164	0.0494	0.0000	0.0271	0.0313	0.0003	0.0000	0.0000	0.0000	1.7424	0.0020	0.0000	-0.0002	2.6632	18.5150	1.0147	10.2301	0.0000	0.0000	0.0000	0.0000	0.0000	0.0000	0.0000	0.0000	0.0000	0.0003	0.0003	0.0000	0.0003	0.0003	0.0000	0.0000	0.0000	0.0000	0.2847	0.2598	0.0249	0.1529	0.1447	0.0081	0.1318	0.1150	0.0168	0.0549	0.0351	0.0198	0.0178	0.0162	0.0016	0.0371	0.0190	0.0182	0.0001	0.0000	0.0689	0.0000	0.0000	0.0000	0.1147	0.0000	0.4405	0.0047	0.0074	0.0000	0.0146	0.0161	0.0003	0.0000	0.0000	0.0000	
92	97	0.1361	4	1	1	1	0	0	0	0	0	N	N	N	N	N	N	N	N	N	N	N	N	30942.6169	17721.6564	148022.5378	1344.5839	1292.8564	18556081.8902	34517.1528	181045.4452	1.9313	2.1440	0.0035	1.1225	1.1843	0.0000	2.4042	2.7534	0.0044	0.0001	0.0001	0.0000	0.0008	0.0009	0.0000	0.0000	0.0001	0.0000	0.0002	0.0002	-0.3605	-0.0000	2.6632	46.1140	1.0147	26.4917	1.2563	1.2560	0.0002	0.2694	0.2694	0.0000	0.9869	0.9866	0.0002	0.0000	0.0000	0.0000	0.0000	0.0000	0.0000	0.0000	0.0000	0.0000	0.6505	0.5858	0.0647	0.2400	0.2275	0.0125	0.4105	0.3583	0.0521	0.1385	0.0715	0.0669	0.0103	0.0094	0.0009	0.1281	0.0621	0.0660	30942.6169	17753.1982	148022.5378	1344.5839	1292.8564	0.0000	18556081.8902	11403656.8916	181045.4452	0.0001	0.0001	0.0000	0.0008	0.0009	0.0000	0.0000	0.0000	0.0000	
92	98	0.6356	11	1	1	1	0	0	0	0	0	N	N	N	N	N	N	N	N	N	N	N	N	63.2523	42.0022	30.3206	39.7458	36.8374	inf	169.3990	1.9815	0.0000	0.0023	0.0025	0.0000	0.0046	0.0049	0.0001	0.0001	0.0001	0.0000	0.0000	0.0001	0.0000	0.0001	0.0001	0.0000	0.0000	0.0000	0.0000	0.0009	0.0081	-0.0002	-0.0000	2.6632	20.7840	1.0147	8.9470	0.0005	0.0005	0.0000	0.0005	0.0005	0.0000	0.0000	0.0000	0.0000	0.0000	0.0000	0.0000	0.0000	0.0000	0.0000	0.0000	0.0000	0.0000	0.2343	0.2134	0.0209	0.1141	0.1089	0.0053	0.1202	0.1045	0.0157	0.0461	0.0287	0.0175	0.0142	0.0126	0.0016	0.0319	0.0161	0.0158	63.2523	43.4755	30.3206	39.7458	36.8374	inf	169.3990	738.7193	0.0000	0.0000	0.0001	0.0000	0.0001	0.0001	0.0000	0.0000	0.0000	0.0000
92	99	0.6306	10	1	0	1	0	0	0	0	0	N	N	N	N	N	N	N	N	N	N	N	N	0.0387	0.0464	0.0032	0.1282	0.1369	1.4605	0.0277	3.0177	0.0066	0.0212	0.0233	0.0010	0.0234	0.0250	0.0001	0.0168	0.0196	0.0016	0.5475	0.5018	0.3043	0.1829	0.1829	0.0001	0.6061	0.0065	0.2490	0.0044	1.3845	-0.0006	-0.0000	2.6632	2.7834	1.0147	1.0450	0.0021	0.0020	0.0000	0.0015	0.0015	0.0000	0.0006	0.0006	0.0000	0.0006	0.0003	0.0004	0.0003	0.0003	0.0000	0.0004	0.0000	0.0004	0.0969	0.0877	0.0092	0.0637	0.0596	0.0040	0.0333	0.0281	0.0051	0.0131	0.0076	0.0055	0.0052	0.0050	0.0002	0.0079	0.0026	0.0052	0.4563	0.6966	0.0150	0.4812	0.4925	1.4605	0.3748	77.3049	0.0244	0.0464	0.0334	0.0644	0.0487	0.0508	0.0001	0.0448	0.0003	0.0671
92	100	0.6206	9	1	0	1	0	0	0	0	0	N	N	N	N	N	N	N	N	N	N	N	N	0.0121	0.0421	0.0026	0.2127	0.2702	0.0474	0.0027	0.3557	0.0035	0.0123	0.0127	0.0087	0.0177	0.0186	0.0037	0.0034	0.0020	0.0124	1.0173	0.3006	3.3734	0.0831	0.0688	0.0772	1.2766	0.0055	3.5850	0.0696	30.1681	-0.0005	0.0036	2.6632	7.6044	1.0147	2.7972	0.0023	0.0022	0.0002	0.0021	0.0020	0.0000	0.0002	0.0001	0.0001	0.0107	0.0003	0.0104	0.0004	0.0003	0.0001	0.0103	0.0000	0.0103	0.1875	0.1703	0.0172	0.1167	0.1095	0.0072	0.0708	0.0608	0.0100	0.0315	0.0191	0.0123	0.0134	0.0118	0.0016	0.0181	0.0074	0.0107	0.0360	0.7027	0.0103	0.5505	0.6387	0.0682	0.0060	9.0502	0.0128	0.3414	0.0180	0.8431	0.0321	0.0291	0.0537	0.5711	0.0002	0.9632
92	101	0.5710	8	1	0	1	0	0	0	0	0	N	N	N	N	N	N	N	N	N	N	N	N	0.0008	0.5475	0.0001	1.2211	2.7835	0.0267	0.0001	0.0030	0.0001	0.0127	0.0133	0.0068	0.0221	0.0232	0.0023	0.0020	0.0010	0.0089	16.8913	0.0243	55.4918	0.0181	0.0083	0.0874	24.5180	0.3372	68.0247	0.0492	5173.9396	-0.0009	0.3532	2.6632	18.4780	1.0147	12.4520	0.0037	0.0035	0.0002	0.0034	0.0034	0.0000	0.0003	0.0001	0.0002	0.9509	0.0002	0.9507	0.0002	0.0001	0.0001	0.9507	0.0001	0.9506	0.2897	0.2644	0.0254	0.1545	0.1464	0.0081	0.1352	0.1179	0.0173	0.0563	0.0348	0.0215	0.0175	0.0158	0.0017	0.0388	0.0190	0.0198	0.0008	2.5235	0.0002	2.0124	3.8387	0.0410	0.0001	0.2160	0.0002	16.8913	0.0053	44.2722	0.0110	0.0061	0.0570	24.5180	0.0046	48.0791
92	102	0.2793	8	1	1	1	0	0	0	0	0	N	N	N	N	N	N	N	N	N	N	N	N	0.9584	0.4545	155.6127	0.7871	0.6890	98.0462	8.9619	0.2835	158.6474	0.0042	0.0045	0.0020	0.0085	0.0088	0.0021	0.0008	0.0006	0.0020	0.0044	0.0099	0.0000	0.0108	0.0128	0.0000	0.0001	0.0022	0.0000	0.0460	0.0030	-0.0006	-0.0001	2.6632	34.1922	1.0147	22.4626	0.0027	0.0026	0.0001	0.0024	0.0024	0.0000	0.0003	0.0002	0.0001	0.0002	0.0002	0.0000	0.0002	0.0002	0.0000	0.0000	0.0000	0.0000	0.6290	0.5704	0.0586	0.2797	0.2670	0.0127	0.3493	0.3034	0.0459	0.1273	0.0765	0.0508	0.0288	0.0263	0.0025	0.0985	0.0502	0.0483	2.4323	1.5459	155.6127	1.1255	1.0641	98.0462	22.5833	10.8642	158.6474	0.0017	0.0029	0.0000	0.0076	0.0083	0.0000	0.0000	0.0001	0.0000
92	103	0.2314	7	1	1	1	0	0	0	0	0	N	N	N	N	N	N	N	N	N	N	N	N	0.0801	0.0346	1.1815	0.0612	0.0554	0.2642	0.0815	0.0047	1.5751	0.0011	0.0007	0.0043	0.0013	0.0014	0.0010	0.0009	0.0002	0.0052	0.0136	0.0214	0.0036	0.0218	0.0245	0.0036	0.0111	0.0525	0.0033	0.6260	0.5152	0.0000	-0.0001	2.6632	22.5884	1.0147	11.0115	0.0004	0.0003	0.0002	0.0002	0.0002	0.0000	0.0002	0.0000	0.0002	0.0003	0.0002	0.0001	0.0002	0.0002	0.0000	0.0001	0.0000	0.0001	0.3861	0.3482	0.0379	0.1636	0.1554	0.0082	0.2224	0.1927	0.0297	0.0773	0.0437	0.0336	0.0142	0.0130	0.0012	0.0632	0.0307	0.0325	0.2577	0.1504	1.2920	0.1055	0.1007	0.2642	0.3889	0.1881	1.5751	0.0042	0.0049	0.0033	0.0127	0.0135	0.0036	0.0023	0.0013	0.0033
92	104	0.2014	6	1	0	1	0	0	0	0	0	N	N	N	N	N	N	N	N	N	N	N	N	0.0008	0.0001	29.9783	0.0000	0.0000	0.0102	3.8318	0.0917	38.6082	0.0006	0.0001	0.0052	0.0000	0.0000	0.0000	0.0010	0.0001	0.0067	0.7419	1.0183	0.0002	1.9827	1.9891	0.0002	0.0003	0.0015	0.0002	6.9275	0.0008	0.0001	-0.0027	2.6632	11.8100	1.0147	8.7888	0.0001	0.0000	0.0001	0.0000	0.0000	0.0000	0.0001	0.0000	0.0001	0.0044	0.0044	0.0000	0.0044	0.0044	0.0000	0.0000	0.0000	0.0000	0.2046	0.1846	0.0200	0.0862	0.0819	0.0043	0.1184	0.1027	0.0157	0.0470	0.0262	0.0208	0.0074	0.0068	0.0006	0.0396	0.0194	0.0202	0.0063	0.0005	29.9783	0.0000	0.0000	0.0102	9.9995	5.5492	38.6082	0.0931	0.1669	0.0002	0.5923	0.6459	0.0002	0.0001	0.0000	0.0002
92	105	0.1652	5	1	0	1	0	0	0	0	0	N	N	N	N	N	N	N	N	N	N	N	N	1.3589	0.5185	1024.3647	0.6040	0.5513	329.9888	inf	1235.3268	0.0077	0.0073	0.0111	0.0175	0.0184	0.0000	0.0018	0.0000	0.0137	0.0056	0.0141	0.0000	0.0289	0.0334	0.0000	0.0000	0.0000	0.0000	0.1712	0.0022	-0.0002	-0.0001	2.6632	14.7392	1.0147	7.3617	0.0017	0.0015	0.0002	0.0015	0.0015	0.0000	0.0002	0.0000	0.0002	0.0001	0.0001	0.0000	0.0001	0.0001	0.0000	0.0000	0.0000	0.0000	0.2230	0.2004	0.0225	0.0836	0.0793	0.0043	0.1393	0.1211	0.0182	0.0506	0.0287	0.0219	0.0069	0.0064	0.0005	0.0437	0.0223	0.0213	3.6022	1.9469	1024.3647	1.1270	1.0991	0.0000	329.9888	inf	1235.3268	0.0021	0.0037	0.0000	0.0155	0.0167	0.0000	0.0000	0.0000	0.0000	
92	106	0.1126	4	1	1	1	0	0	0	0	0	N	N	N	N	N	N	N	N	N	N	N	N	141044.2875	58291.5328	1298639.9238	11514.8564	11393.4291	inf	547339.1841	inf	1732147.4826	0.1919	0.1226	0.8054	0.2175	0.2303	0.0000	0.1736	0.0384	1.0449	0.0000	0.0000	0.0000	0.0000	0.0000	0.0000	0.0000	0.0000	0.0000	0.7429	0.2956	0.0083	-0.0000	2.6632	20.0414	1.0147	7.0324	0.0597	0.0343	0.0254	0.0282	0.0282	0.0000	0.0315	0.0060	0.0254	0.0000	0.0000	0.0000	0.0000	0.0000	0.0000	0.0000	0.0000	0.0000	0.3111	0.2795	0.0316	0.1298	0.1226	0.0072	0.1813	0.1569	0.0244	0.0545	0.0272	0.0273	0.0031	0.0028	0.0002	0.0514	0.0244	0.0270	141044.2875	58291.5328	1298639.9238	11514.8564	11393.4291	inf	547339.1841	inf	1732147.4826	0.0000	0.0000	0.0000	0.0000	0.0000	0.0000	0.0000	0.0000	0.0000
92	107	0.1025	3	1	0	1	0	0	0	0	0	N	N	N	N	N	N	N	N	N	N	N	N	11618.1145	5731.0908	2661.1039	51.5617	51.4329	1516.4868	491016.6222	23939.5973	1554.7540	1.5920	1.8473	0.0292	0.1141	0.1216	0.0515	2.9187	3.5187	0.0168	0.0001	0.0003	0.0000	0.0022	0.0024	0.0000	0.0000	0.0001	0.0000	0.0026	0.0419	-0.0812	-0.0000	2.6632	7.0315	1.0147	1.2144	0.2854	0.2847	0.0007	0.0097	0.0092	0.0005	0.2758	0.2755	0.0003	0.0000	0.0000	0.0000	0.0000	0.0000	0.0000	0.0000	0.0000	0.0000	0.1793	0.1541	0.0252	0.0848	0.0758	0.0090	0.0945	0.0783	0.0162	0.0178	0.0088	0.0089	0.0011	0.0010	0.0001	0.0167	0.0078	0.0089	11618.1145	6980.6295	2661.1039	51.5617	51.4329	1516.4868	491016.6222	7462365.9893	1554.7540	0.0001	0.0003	0.0000	0.0022	0.0024	0.0000	0.0000	0.0000	0.0000
92	109	0.2471	7	1	1	1	0	0	0	0	0	N	N	N	N	N	N	N	N	N	N	N	N	17.1727	9.7729	0.1019	65.3487	54.8484	0.0633	2.3921	0.2621	0.1544	0.4866	0.5374	0.0009	0.9883	1.0433	0.0000	0.1039	0.1188	0.0011	0.0283	0.0550	0.0085	0.0151	0.0190	0.0003	0.0434	0.4535	0.0073	0.0002	0.5945	-0.0829	-0.0002	2.6632	40.5309	1.0147	14.7974	0.2888	0.2887	0.0000	0.2538	0.2538	0.0000	0.0350	0.0349	0.0000	0.0007	0.0005	0.0003	0.0002	0.0002	0.0000	0.0006	0.0003	0.0003	0.5934	0.5372	0.0562	0.2568	0.2432	0.0136	0.3366	0.2940	0.0426	0.1073	0.0587	0.0486	0.0169	0.0144	0.0025	0.0905	0.0443	0.0462	72.3134	69.6627	0.1555	102.6878	93.0156	0.0633	16.7905	18.0698	0.1941	0.0067	0.0077	0.0055	0.0096	0.0112	0.0003	0.0062	0.0066	0.0058
92	110	0.2212	6	1	1	1	0	0	0	0	0	N	N	N	N	N	N	N	N	N	N	N	N	0.0192	0.0076	15.5530	0.0168	0.0149	0.0011	0.0266	0.0067	27.2253	0.0130	0.0071	0.0686	0.0025	0.0026	0.0000	0.0208	0.0107	0.0890	0.6753	0.9275	0.0044	0.1486	0.1769	0.0094	0.7816	1.5891	0.0033	1.0239	0.0231	0.0006	-0.0016	2.6632	13.5236	1.0147	3.5331	0.0029	0.0014	0.0015	0.0002	0.0002	0.0000	0.0026	0.0012	0.0015	0.0027	0.0027	0.0001	0.0003	0.0003	0.0000	0.0024	0.0023	0.0001	0.2213	0.2002	0.0212	0.0947	0.0899	0.0049	0.1266	0.1103	0.0163	0.0385	0.0218	0.0167	0.0073	0.0062	0.0011	0.0312	0.0156	0.0156	0.1838	0.0582	18.6876	0.0569	0.0527	0.0011	0.2709	0.0712	27.2253	0.0705	0.1217	0.0037	0.0439	0.0499	0.0094	0.0767	0.1504	0.0033
92	111	0.1652	5	1	0	1	0	0	0	0	0	N	N	N	N	N	N	N	N	N	N	N	N	0.0002	0.0001	0.9467	0.0029	0.0027	0.0000	0.0002	0.0001	1.3249	0.0021	0.0019	0.0039	0.0000	0.0000	0.0000	0.0034	0.0031	0.0049	13.5539	24.3568	0.0042	0.0152	0.0172	0.0000	15.4733	30.5983	0.0037	0.2325	0.0001	-0.0001	-0.6057	2.6632	16.9399	1.0147	15.9768	0.0005	0.0004	0.0001	0.0000	0.0000	0.0000	0.0005	0.0004	0.0001	0.9641	0.9640	0.0001	0.0001	0.0001	0.0000	0.9640	0.9639	0.0001	0.2547	0.2290	0.0257	0.0955	0.0905	0.0049	0.1593	0.1385	0.0208	0.0711	0.0396	0.0316	0.0088	0.0081	0.0008	0.0623	0.0315	0.0308	0.0002	0.0001	1.0981	0.0046	0.0044	0.0000	0.0002	0.0001	1.3249	13.5539	24.3568	0.0036	0.0096	0.0105	0.0000	15.4733	30.5983	0.0037
92	112	0.2114	7	2	1	1	1	0	0	0	0	Y	N	N	N	N	N	N	N	N	N	N	N	8713.1002	2726.1591	inf	1534.0159	1388.7521	inf	inf	0.0074	0.0042	0.0293	0.0081	0.0083	0.0000	0.0068	0.0000	0.0325	0.0000	0.0000	0.0000	0.0000	0.0000	0.0000	0.0000	0.0000	0.0000	0.9945	0.0000	0.0000	-0.0000	2.6632	0.0019	1.0147	1.9928	0.0000	0.0000	0.0000	0.0000	0.0000	0.0000	0.0000	0.0000	0.0000	0.0000	0.0000	0.0000	0.0000	0.0000	0.0000	0.0000	0.0000	0.0000	0.0001	0.0001	0.0000	0.0000	0.0000	0.0000	0.0000	0.0000	0.0000	0.0041	0.0023	0.0019	0.0007	0.0006	0.0001	0.0035	0.0017	0.0018	8713.1002	2726.1591	inf	1534.0159	1388.7521	0.0000	inf	0.0000	inf	0.0000	0.0000	0.0000	0.0000	0.0000	0.0000	0.0000	0.0000	0.0000		
92	113	0.1878	6	2	1	1	1	0	0	0	0	Y	N	N	N	N	N	N	N	N	N	N	N	588.1907	175.8555	7551.8971	168.9451	159.0964	0.0000	987.1750	inf	9410.0175	0.3495	0.1985	1.5244	0.4262	0.4540	0.0000	0.2956	0.0003	1.9585	0.0006	0.0011	0.0002	0.0025	0.0029	0.0000	0.0003	0.0000	0.0002	0.9863	0.3023	0.0107	-0.0000	2.6632	8.6942	1.0147	6.0502	0.0512	0.0258	0.0254	0.0258	0.0258	0.0000	0.0255	0.0000	0.0254	0.0000	0.0000	0.0000	0.0000	0.0000	0.0000	0.0000	0.0000	0.0000	0.1466	0.1299	0.0167	0.0605	0.0568	0.0037	0.0861	0.0731	0.0130	0.0312	0.0163	0.0149	0.0039	0.0035	0.0005	0.0272	0.0128	0.0145	840.3807	324.4464	7551.8971	168.9451	159.0964	0.0000	2676.1460	inf	9410.0175	0.0004	0.0006	0.0002	0.0025	0.0029	0.0000	0.0001	0.0000	0.0002
92	114	0.2089	10	1	1	1	1	0	0	0	0	N	N	N	N	N	N	N	N	N	N	N	N	0.0000	0.0000	0.0000	0.0000	0.0000	0.0000	0.0000	0.0000	0.0000	0.0000	0.0000	0.0000	0.0000	0.0000	0.0000	0.0000	0.0000	0.0000	0.0000	0.0000	2.6632	0.0001	1.0147	0.0001	0.0000	0.0000	0.0000	0.0000	0.0000	0.0000	0.0000	0.0000	0.0000	0.0000	0.0000	0.0000	0.0000	0.0000	0.0000	0.0000	0.0000	0.0000	0.0000	0.0000	0.0000	0.0000	0.0000	0.0000	0.0000	0.0000	0.0000	0.0000	0.0000	0.0000	0.0000	0.0000	0.0000	0.0000	0.0000	0.0000	0.0000	0.0000	0.0000	0.0000	0.0000	0.0000	0.0000	0.0000	0.0000	0.0000	0.0000	0.0000	0.0000	0.0000	0.0000	0.0000	0.0000	0.0000											
92	115	0.2022	9	1	1	1	1	0	0	0	0	N	N	N	N	N	N	N	N	N	N	N	N	inf	inf	inf	inf	0.0000	0.0000	0.0000	0.0000	0.0000	0.0000	0.0000	0.0000	0.0000	0.0000	0.0000	0.0000	0.0000	0.0000	0.0000	0.0000	0.0000	0.0000	inf	0.0000	0.0000	2.6632	3.0007	1.0147	1.0012	0.0000	0.0000	0.0000	0.0000	0.0000	0.0000	0.0000	0.0000	0.0000	0.0000	0.0000	0.0000	0.0000	0.0000	0.0000	0.0000	0.0000	0.0000	0.0462	0.0414	0.0048	0.0191	0.0178	0.0013	0.0271	0.0236	0.0035	0.0082	0.0042	0.0040	0.0009	0.0008	0.0001	0.0072	0.0034	0.0038	inf	0.0000	inf	inf	0.0000	inf	0.0000	0.0000	0.0000	0.0000	0.0000	0.0000	0.0000	0.0000	0.0000	0.0000	0.0000	0.0000						
92	116	0.2004	8	1	0	1	1	0	0	0	0	N	N	N	N	N	N	N	N	N	N	N	N	0.4255	0.2261	0.1112	0.1026	0.0000	0.0000	0.0000	0.0000	0.0000	0.0000	0.0000	0.0000	0.0000	0.0000	0.0000	0.0000	0.0001	0.0001	0.0000	0.0000	0.0000	0.0000	0.0000	0.0000	-0.0000	-0.0000	2.6632	1.1177	1.0147	0.0023	0.0000	0.0000	0.0000	0.0000	0.0000	0.0000	0.0000	0.0000	0.0000	0.0000	0.0000	0.0000	0.0000	0.0000	0.0000	0.0000	0.0000	0.0000	0.0179	0.0161	0.0018	0.0077	0.0072	0.0005	0.0102	0.0089	0.0013	0.0023	0.0012	0.0011	0.0003	0.0002	0.0000	0.0020	0.0010	0.0011	0.4255	0.2430	0.0000	0.1112	0.1026	0.0000	0.0000	0.0000	0.0000	0.0000	0.0000	0.0000	0.0001	0.0001	0.0000	0.0000	0.0000	0.0000					
92	117	0.2556	6	1	1	1	0	0	0	0	0	N	N	N	N	N	N	N	N	N	N	N	N	5.1788	636.0442	0.0000	216.4689	549.1582	0.0000	0.5701	inf	0.0000	0.6833	0.7534	0.0000	1.3695	1.4480	0.0000	0.1126	0.1288	0.0000	0.1319	0.0012	0.0613	0.0063	0.0026	0.0503	0.1975	0.0000	0.0512	0.0000	35.9955	-0.0917	0.0005	2.6632	31.2782	1.0147	23.9277	0.3192	0.3192	0.0000	0.2905	0.2905	0.0000	0.0287	0.0287	0.0000	0.0014	0.0000	0.0014	0.0001	0.0000	0.0000	0.0013	0.0000	0.0013	0.4672	0.4237	0.0435	0.2121	0.2006	0.0115	0.2551	0.2231	0.0320	0.1115	0.0601	0.0513	0.0153	0.0143	0.0010	0.0962	0.0459	0.0503	54.6899	1204.0058	0.0000	274.0341	549.1582	0.0000	8.2301	inf	0.0000	0.0125	0.0006	0.0264	0.0050	0.0026	0.0388	0.0137	0.0000	0.0262
92	118	0.2004	8	1	0	2	1	0	0	0	0	N	N	Y	N	N	N	N	N	N	N	N	N	0.0000	0.0000	0.0000	0.0000	0.0000	0.0000	0.0000	0.0000	0.0000	0.0000	0.0000	0.0000	0.0000	0.2045	0.0000	0.0839	0.0000	0.0000	0.0000	0.2740	0.0000	0.0737	inf	0.0000	0.0001	2.6632	3.8827	1.0147	2.9998	0.0000	0.0000	0.0000	0.0000	0.0000	0.0000	0.0000	0.0000	0.0000	0.0002	0.0000	0.0002	0.0000	0.0000	0.0000	0.0002	0.0000	0.0002	0.0602	0.0540	0.0062	0.0252	0.0235	0.0017	0.0350	0.0305	0.0045	0.0139	0.0072	0.0068	0.0016	0.0014	0.0002	0.0124	0.0058	0.0066	0.0000	0.0000	0.0000	0.0000	0.0000	0.0000	0.0000	0.0000	0.0000	0.0158	0.0000	0.0325	0.0000	0.0000	0.0000	0.0178	0.0000	0.0336						
92	119	0.1975	7	1	0	1	1	0	0	0	0	N	N	N	N	N	N	N	N	N	N	N	N	0.3554	inf	0.0637	inf	inf	0.0157	0.0668	0.0000	0.0000	0.0000	0.0000	0.0000	0.0000	0.0000	0.0000	0.0000	0.0000	0.0000	0.0000	0.0000	0.0000	0.0000	0.0000	0.0000	0.0000	0.0365	inf	-0.0000	0.0000	2.6632	2.8083	1.0147	0.0030	0.0000	0.0000	0.0000	0.0000	0.0000	0.0000	0.0000	0.0000	0.0000	0.0000	0.0000	0.0000	0.0000	0.0000	0.0000	0.0000	0.0000	0.0000	0.0509	0.0459	0.0049	0.0231	0.0216	0.0015	0.0278	0.0243	0.0035	0.0058	0.0030	0.0028	0.0007	0.0006	0.0001	0.0051	0.0024	0.0027	0.3554	inf	0.0637	inf	inf	0.0000	0.0157	0.0000	0.0668	0.0000	0.0000	0.0000	0.0000	0.0000	0.0000	0.0000	0.0000	0.0000		
92	120	0.1975	7	1	0	2	1	0	0	0	0	N	N	Y	N	N	N	N	N	N	N	N	N	22638.4965	inf	0.1237	inf	inf	1989.8100	inf	0.1662	0.0154	0.0171	0.0000	0.0343	0.0368	0.0000	0.0015	0.0017	0.0000	0.0000	0.0000	0.0000	0.0000	0.0000	0.0000	0.0000	0.0000	0.0000	0.0000	inf	-0.0007	0.0000	2.6632	9.6158	1.0147	0.0030	0.0023	0.0023	0.0000	0.0022	0.0022	0.0000	0.0001	0.0001	0.0000	0.0000	0.0000	0.0000	0.0000	0.0000	0.0000	0.0000	0.0000	0.0000	0.1526	0.1371	0.0155	0.0647	0.0603	0.0043	0.0879	0.0767	0.0112	0.0194	0.0100	0.0095	0.0022	0.0019	0.0003	0.0172	0.0081	0.0092	22638.4965	inf	0.1237	inf	inf	0.0000	1989.8100	inf	0.1662	0.0000	0.0000	0.0000	0.0000	0.0000	0.0000	0.0000	0.0000	0.0000	
92	121	0.1878	6	1	0	1	1	0	0	0	0	N	N	N	N	N	N	N	N	N	N	N	N	17.7795	182.1852	15.2888	115.0861	111.5504	0.1018	2.5991	inf	18.2866	0.0041	0.0037	0.0072	0.0071	0.0075	0.0000	0.0019	0.0005	0.0089	0.0002	0.0000	0.0005	0.0001	0.0001	0.0000	0.0007	0.0000	0.0005	0.2667	24.5810	-0.0000	0.0000	2.6632	4.2457	1.0147	2.0144	0.0003	0.0003	0.0001	0.0002	0.0002	0.0000	0.0001	0.0000	0.0001	0.0000	0.0000	0.0000	0.0000	0.0000	0.0000	0.0000	0.0000	0.0000	0.0807	0.0709	0.0098	0.0343	0.0324	0.0018	0.0464	0.0385	0.0079	0.0143	0.0075	0.0067	0.0021	0.0019	0.0002	0.0122	0.0056	0.0065	17.9510	218.0408	15.2888	115.0861	111.5504	0.1018	7.4248	inf	18.2866	0.0002	0.0000	0.0005	0.0001	0.0001	0.0000	0.0003	0.0000	0.0005
92	122	0.1457	5	1	0	1	1	0	0	0	0	N	N	N	N	N	N	N	N	N	N	N	N	4.8627	431.0136	0.0176	212.3495	191.5093	0.0000	0.6327	inf	0.0244	1.6035	1.7893	0.0024	3.6398	3.8138	0.0000	0.2406	0.2802	0.0030	0.3298	0.0042	0.1384	0.0171	0.0199	0.0001	0.3803	0.0000	0.1212	0.0002	26.8130	-0.0915	0.0004	2.6632	11.9190	1.0147	13.1740	0.3188	0.3188	0.0001	0.2902	0.2902	0.0000	0.0287	0.0286	0.0001	0.0011	0.0000	0.0011	0.0000	0.0000	0.0000	0.0011	0.0000	0.0011	0.1988	0.1782	0.0207	0.0797	0.0761	0.0036	0.1191	0.1021	0.0170	0.0510	0.0258	0.0252	0.0038	0.0035	0.0004	0.0472	0.0224	0.0248	73.2868	1152.2810	0.0570	347.3435	329.9373	0.0000	10.5487	inf	0.0682	0.0219	0.0016	0.0428	0.0105	0.0116	0.0001	0.0228	0.0000	0.0434
92	123	0.6308	11	1	0	2	1	0	0	0	0	N	N	Y	N	N	N	N	N	N	N	N	N	817.3657	inf	2477.9119	inf	inf	1382.0100	inf	3674.7172	0.0001	0.0001	0.0012	0.0000	0.0000	0.0000	0.0003	0.0001	0.0018	0.0000	0.0000	0.0000	0.0000	0.0000	0.0000	0.0000	0.0000	0.0000	2.0004	inf	0.0000	0.0000	2.6632	12.8936	1.0147	4.1514	0.0000	0.0000	0.0000	0.0000	0.0000	0.0000	0.0000	0.0000	0.0000	0.0000	0.0000	0.0000	0.0000	0.0000	0.0000	0.0000	0.0000	0.0000	0.2040	0.1870	0.0171	0.1131	0.1073	0.0058	0.0910	0.0796	0.0113	0.0261	0.0162	0.0099	0.0080	0.0071	0.0010	0.0181	0.0091	0.0090	817.3657	inf	2477.9119	inf	0.0000	inf	1382.0100	inf	3674.7172	0.0000	0.0000	0.0000	0.0000	0.0000	0.0000	0.0000	0.0000	0.0000	
92	124	0.1610	6	1	1	1	0	0	0	0	0	N	N	N	N	N	N	N	N	N	N	N	N	0.0571	4979.3409	0.0002	1376.2159	1909.8442	1.3039	0.0026	inf	0.0000	0.0091	0.0101	0.0000	0.0216	0.0227	0.0001	0.0006	0.0007	0.0000	0.1594	0.0000	0.0674	0.0000	0.0000	0.0001	0.2305	0.0000	0.0568	0.0002	13404.8203	-0.0005	0.0002	2.6632	12.7386	1.0147	8.7370	0.0018	0.0018	0.0000	0.0018	0.0018	0.0000	0.0001	0.0001	0.0000	0.0006	0.0000	0.0006	0.0000	0.0000	0.0000	0.0006	0.0000	0.0006	0.2005	0.1812	0.0193	0.0813	0.0773	0.0040	0.1192	0.1039	0.0153	0.0450	0.0230	0.0220	0.0043	0.0039	0.0004	0.0407	0.0191	0.0216	0.6574	4979.3409	0.0006	1376.2159	1909.8442	1.3039	0.0390	inf	0.0000	0.0138	0.0000	0.0283	0.0000	0.0000	0.0001	0.0153	0.0000	0.0287
92	125	0.1457	5	1	1	1	0	0	0	0	0	N	N	N	N	N	N	N	N	N	N	N	N	18.1089	104.7013	0.0053	1.8751	1.8395	0.0000	15.9138	inf	0.0062	0.0130	0.0146	0.0000	0.0016	0.0016	0.0000	0.0208	0.0245	0.0000	0.0007	0.0001	0.0008	0.0008	0.0009	0.0002	0.0013	0.0000	0.0008	0.0000	5.6527	-0.0006	0.0000	2.6632	8.6431	1.0147	1.4782	0.0020	0.0020	0.0000	0.0001	0.0001	0.0000	0.0019	0.0019	0.0000	0.0000	0.0000	0.0000	0.0000	0.0000	0.0000	0.0000	0.0000	0.0000	0.1510	0.1350	0.0160	0.0612	0.0586	0.0027	0.0898	0.0764	0.0134	0.0217	0.0110	0.0107	0.0018	0.0017	0.0002	0.0199	0.0093	0.0105	28.4707	107.5672	0.0053	1.8751	1.8395	0.0000	49.2879	inf	0.0062	0.0005	0.0001	0.0008	0.0008	0.0009	0.0002	0.0004	0.0000	0.0008
92	126	0.1361	4	1	0	1	0	0	0	0	0	N	N	N	N	N	N	N	N	N	N	N	N	16.6752	104.5318	1.7596	13.1440	75.1623	0.0001	1.5064	inf	3.5122	0.0037	0.0040	0.0008	0.0086	0.0090	0.0000	0.0006	0.0005	0.0010	0.0002	0.0000	0.0005	0.0007	0.0001	0.0148	0.0004	0.0000	0.0003	0.0221	11.6364	-0.0001	0.0000	2.6632	4.1618	1.0147	2.0491	0.0003	0.0003	0.0000	0.0003	0.0003	0.0000	0.0000	0.0000	0.0000	0.0000	0.0000	0.0000	0.0000	0.0000	0.0000	0.0000	0.0000	0.0000	0.0748	0.0675	0.0073	0.0294	0.0281	0.0013	0.0455	0.0394	0.0060	0.0167	0.0095	0.0073	0.0025	0.0025	0.0001	0.0142	0.0070	0.0072	16.8499	130.4696	1.7596	13.1440	75.1623	0.0001	4.1162	inf	3.5122	0.0002	0.0000	0.0005	0.0007	0.0001	0.0148	0.0001	0.0000	0.0003
92	128	0.6431	12	2	1	1	0	0	0	0	0	Y	N	N	N	N	N	N	N	N	N	N	N	inf	inf	inf	inf	inf	inf	0.0003	0.0004	0.0000	0.0000	0.0000	0.0000	0.0008	0.0009	0.0000	0.0000	0.0000	0.0000	0.0000	0.0000	0.0000	0.0000	0.0000	0.0000	0.0000	-0.0000	0.0000	2.6632	2.0107	1.0147	1.9995	0.0000	0.0000	0.0000	0.0000	0.0000	0.0000	0.0000	0.0000	0.0000	0.0000	0.0000	0.0000	0.0000	0.0000	0.0000	0.0000	0.0000	0.0000	0.0307	0.0280	0.0026	0.0173	0.0164	0.0009	0.0133	0.0116	0.0017	0.0060	0.0038	0.0022	0.0020	0.0018	0.0002	0.0039	0.0020	0.0020	inf	inf	0.0000	inf	inf	0.0000	inf	inf	0.0000	0.0000	0.0000	0.0000	0.0000	0.0000	0.0000	0.0000	0.0000	0.0000				
92	129	0.6308	11	2	1	1	0	0	0	0	0	Y	N	N	N	N	N	N	N	N	N	N	N	3870.3085	inf	0.0000	inf	inf	0.0756	inf	0.0000	0.0012	0.0013	0.0000	0.0022	0.0023	0.0000	0.0000	0.0000	0.0000	0.0000	0.0000	0.0000	0.0000	0.0000	0.0000	0.0000	0.0000	0.0000	0.0000	inf	-0.0000	0.0000	2.6632	5.6459	1.0147	1.1399	0.0001	0.0001	0.0000	0.0001	0.0001	0.0000	0.0000	0.0000	0.0000	0.0000	0.0000	0.0000	0.0000	0.0000	0.0000	0.0000	0.0000	0.0000	0.0980	0.0901	0.0079	0.0551	0.0525	0.0026	0.0429	0.0376	0.0052	0.0107	0.0067	0.0041	0.0033	0.0029	0.0004	0.0074	0.0037	0.0037	3870.3085	inf	0.0000	inf	inf	0.0000	0.0756	inf	0.0000	0.0000	0.0000	0.0000	0.0000	0.0000	0.0000	0.0000	0.0000	0.0000	
92	130	0.6005	10	1	0	1	0	0	0	0	0	N	N	N	N	N	N	N	N	N	N	N	N	0.8864	0.5605	0.2662	0.8053	0.7835	0.3800	0.0267	0.0231	0.0033	0.0005	0.0005	0.0000	0.0009	0.0009	0.0001	0.0000	0.0000	0.0000	0.0005	0.0009	0.0002	0.0011	0.0011	0.0003	0.0002	0.0003	0.0001	0.0076	0.1767	-0.0000	-0.0000	2.6632	11.6079	1.0147	5.3766	0.0001	0.0001	0.0000	0.0001	0.0001	0.0000	0.0000	0.0000	0.0000	0.0000	0.0000	0.0000	0.0000	0.0000	0.0000	0.0000	0.0000	0.0000	0.2090	0.1904	0.0186	0.1184	0.1121	0.0064	0.0906	0.0783	0.0122	0.0307	0.0191	0.0117	0.0100	0.0090	0.0010	0.0208	0.0101	0.0107	1.2401	0.9867	0.2662	0.8053	0.7835	0.3800	0.0729	6.5896	0.0033	0.0004	0.0005	0.0002	0.0011	0.0011	0.0003	0.0001	0.0000	0.0001
92	131	0.5826	9	1	0	1	0	0	0	0	0	N	N	N	N	N	N	N	N	N	N	N	N	0.0490	0.0159	0.3847	0.0932	0.0900	2.0023	0.1248	1.1282	0.2587	0.0028	0.0030	0.0005	0.0049	0.0051	0.0008	0.0003	0.0002	0.0003	0.0570	0.1892	0.0012	0.0524	0.0567	0.0004	0.0020	0.0002	0.0013	0.0143	0.0459	-0.0001	-0.0002	2.6632	3.9355	1.0147	8.7078	0.0002	0.0002	0.0000	0.0002	0.0002	0.0000	0.0000	0.0000	0.0000	0.0003	0.0003	0.0000	0.0003	0.0003	0.0000	0.0000	0.0000	0.0000	0.0732	0.0669	0.0063	0.0401	0.0381	0.0020	0.0331	0.0288	0.0043	0.0318	0.0213	0.0105	0.0116	0.0108	0.0008	0.0202	0.0105	0.0097	0.3099	0.2343	0.3847	0.2068	0.2013	2.0023	0.4156	325.1023	0.2587	0.0090	0.0128	0.0012	0.0236	0.0253	0.0004	0.0006	0.0000	0.0013
92	132	0.5710	8	1	0	1	0	0	0	0	0	N	N	N	N	N	N	N	N	N	N	N	N	0.0020	0.0016	0.0173	0.0015	0.0016	0.6578	0.0034	3.1333	0.0229	0.0019	0.0020	0.0009	0.0029	0.0030	0.0004	0.0007	0.0006	0.0012	0.9176	1.2409	0.0539	1.8975	1.9217	0.0007	0.1960	0.0002	0.0503	0.0445	0.0422	-0.0001	-0.0033	2.6632	6.2657	1.0147	3.9760	0.0002	0.0002	0.0000	0.0002	0.0002	0.0000	0.0000	0.0000	0.0000	0.0055	0.0053	0.0002	0.0053	0.0053	0.0000	0.0002	0.0000	0.0002	0.1141	0.1043	0.0098	0.0616	0.0586	0.0030	0.0526	0.0458	0.0068	0.0262	0.0168	0.0094	0.0097	0.0090	0.0007	0.0165	0.0078	0.0087	0.0089	0.0062	0.0391	0.0053	0.0051	0.6578	0.0492	936.8801	0.0446	0.2114	0.3164	0.0238	0.5477	0.5927	0.0007	0.0136	0.0000	0.0258
92	133	0.4937	7	1	0	1	0	0	0	0	0	N	N	N	N	N	N	N	N	N	N	N	N	0.0853	0.8170	0.0005	2.6500	2.4530	0.0862	0.0376	0.3331	0.0007	0.0541	0.0598	0.0005	0.0764	0.0818	0.0001	0.0300	0.0343	0.0007	0.6343	0.0732	1.0792	0.0288	0.0334	0.0017	0.7987	0.1031	1.0297	0.0009	10.7752	-0.0067	0.0017	2.6632	26.7012	1.0147	18.2690	0.0235	0.0235	0.0000	0.0172	0.0172	0.0000	0.0063	0.0063	0.0000	0.0058	0.0005	0.0053	0.0004	0.0004	0.0000	0.0054	0.0001	0.0053	0.4343	0.3925	0.0418	0.2256	0.2105	0.0150	0.2087	0.1820	0.0268	0.0947	0.0572	0.0375	0.0283	0.0261	0.0022	0.0663	0.0311	0.0352	0.8824	6.9415	0.0036	4.9316	4.9074	0.0862	0.3713	18.4411	0.0047	0.0613	0.0086	0.1418	0.0155	0.0167	0.0017	0.0809	0.0019	0.1507
92	134	0.2556	6	1	0	1	0	0	0	0	0	N	N	N	N	N	N	N	N	N	N	N	N	0.1869	9.4348	0.0114	1.9170	3.5547	0.0109	0.1785	2.5415	0.0159	0.0272	0.0299	0.0007	0.0157	0.0166	0.0004	0.0364	0.0414	0.0008	0.1455	0.0032	0.0638	0.0082	0.0047	0.0379	0.2041	0.0163	0.0528	0.0025	19.0845	-0.0064	0.0008	2.6632	61.4372	1.0147	55.8589	0.0226	0.0225	0.0001	0.0058	0.0058	0.0000	0.0168	0.0168	0.0000	0.0026	0.0001	0.0025	0.0001	0.0001	0.0000	0.0025	0.0001	0.0024	0.8309	0.7536	0.0773	0.3695	0.3492	0.0203	0.4613	0.4044	0.0570	0.1947	0.1041	0.0907	0.0208	0.0193	0.0015	0.1739	0.0847	0.0892	2.0444	24.1309	0.0268	2.5779	4.0789	0.0129	2.5700	69.6554	0.0310	0.0133	0.0012	0.0272	0.0061	0.0041	0.0321	0.0142	0.0006	0.0271
92	135	0.1652	5	1	0	1	0	0	0	0	0	N	N	N	N	N	N	N	N	N	N	N	N	0.2137	9.4477	0.0009	0.4907	1.5932	0.0011	0.1390	1.1282	0.0004	0.0008	0.0008	0.0000	0.0007	0.0007	0.0000	0.0008	0.0009	0.0000	0.0035	0.0001	0.0033	0.0014	0.0004	0.0101	0.0058	0.0008	0.0030	0.0004	29.1912	-0.0001	0.0001	2.6632	31.7621	1.0147	18.5886	0.0003	0.0003	0.0000	0.0001	0.0001	0.0000	0.0002	0.0002	0.0000	0.0001	0.0000	0.0001	0.0000	0.0000	0.0000	0.0001	0.0000	0.0001	0.4590	0.4130	0.0460	0.1712	0.1622	0.0089	0.2878	0.2508	0.0371	0.1022	0.0561	0.0462	0.0117	0.0106	0.0011	0.0906	0.0455	0.0451	0.5168	9.5075	0.0010	0.4907	1.5932	0.0011	0.5486	137.5790	0.0004	0.0015	0.0001	0.0031	0.0014	0.0004	0.0101	0.0015	0.0000	0.0030
93	95	0.1595	4	1	1	1	1	0	0	0	0	N	N	N	N	N	N	N	N	N	N	N	N	0.6455	3.0685	0.4439	0.4493	0.2857	59.3807	0.6365	272.6459	0.4235	0.8081	0.6539	1.9717	0.1785	0.1199	1.6559	0.9174	0.7565	1.9877	1.2519	0.2131	4.4414	0.3972	0.4195	0.0279	1.4412	0.0028	4.6939	0.3997	118.1219	-0.0043	0.3652	35.0787	24.0032	12.2568	22.6134	2.6986	1.9280	0.7706	0.0882	0.0570	0.0312	2.6104	1.8711	0.7393	1.0052	0.0084	0.9968	0.0087	0.0084	0.0003	0.9965	0.0000	0.9965	3.3395	2.9487	0.3908	0.4940	0.4752	0.0188	2.8454	2.4735	0.3720	1.1432	0.6060	0.5372	0.1102	0.0986	0.0116	1.0330	0.5074	0.5256	0.9190	46.9523	1.0626	2.2609	1.4074	64.1401	0.9510	9624.9386	1.0485	0.8793	0.0139	1.8555	0.0789	0.0852	0.0258	0.9647	0.0001	1.8958
93	96	0.5769	8	1	1	1	0	0	0	0	0	N	N	N	N	N	N	N	N	N	N	N	N	0.0610	0.7424	0.0503	0.2085	2.2038	0.0000	0.2938	0.0002	3.7729	0.0079	0.0084	0.0034	0.0199	0.0210	0.0000	0.0006	0.0000	0.0042	0.1297	0.0114	0.0667	0.0954	0.0095	0.8627	0.0019	0.0005	0.0011	0.0453	5.0962	-0.0052	0.0017	35.0787	18.5150	12.2568	10.2301	0.0212	0.0203	0.0009	0.0203	0.0203	0.0000	0.0009	0.0000	0.0009	0.0080	0.0013	0.0067	0.0078	0.0013	0.0065	0.0002	0.0000	0.0002	2.6819	2.4081	0.2738	1.0205	0.9654	0.0551	1.6614	1.4427	0.2187	0.6471	0.4069	0.2402	0.2228	0.1990	0.0238	0.4242	0.2079	0.2163	0.6390	2.6100	0.1203	0.5704	3.1847	0.0000	0.9724	0.0433	3.7729	0.0124	0.0032	0.0279	0.0349	0.0066	0.2706	0.0006	0.0000	0.0011
93	97	0.1304	3	1	1	1	0	0	0	0	0	N	N	N	N	N	N	N	N	N	N	N	N	346.1671	99.9757	28052914.2155	55.5027	50.1270	131204.5593	133638.1302	447.0201	32648856.0861	1.0571	0.8532	2.5823	2.6755	2.7690	0.1104	0.7742	0.4808	2.6971	0.0031	0.0085	0.0000	0.0482	0.0552	0.0000	0.0000	0.0011	0.0000	0.4046	0.0000	0.0061	-0.0014	35.0787	46.1140	12.2568	26.4917	6.6033	4.7011	1.9022	2.4864	2.4828	0.0036	4.1169	2.2183	1.8986	0.0022	0.0022	0.0000	0.0022	0.0022	0.0000	0.0000	0.0000	0.0000	6.2466	5.5100	0.7366	0.9293	0.8966	0.0327	5.3173	4.6133	0.7039	1.6630	0.8317	0.8312	0.0982	0.0879	0.0103	1.5647	0.7438	0.8209	801.2249	323.4453	28052914.2155	120.2842	111.3762	131204.5593	133638.1302	39751.8998	32648856.0861	0.0013	0.0026	0.0000	0.0222	0.0249	0.0000	0.0000	0.0000	0.0000
93	98	0.6298	10	1	1	1	0	0	0	0	0	N	N	N	N	N	N	N	N	N	N	N	N	1360.2374	1107.1018	0.0153	3.8998	4.5966	0.0019	10166.8075	85975.8829	0.0566	0.3674	0.4085	0.0000	0.0029	0.0030	0.0000	0.5834	0.6723	0.0000	0.0003	0.0004	0.0002	0.0007	0.0007	0.0012	0.0001	0.0000	0.0001	0.0000	0.4188	-0.2760	-0.0000	35.0787	20.7840	12.2568	8.9470	0.9613	0.9613	0.0000	0.0028	0.0028	0.0000	0.9586	0.9586	0.0000	0.0001	0.0001	0.0000	0.0001	0.0001	0.0000	0.0000	0.0000	0.0000	2.6165	2.3532	0.2633	0.9736	0.9275	0.0461	1.6429	1.4257	0.2172	0.5624	0.3406	0.2218	0.1774	0.1516	0.0258	0.3850	0.1890	0.1960	1468.1785	1402.5994	0.0153	3.8998	4.5966	0.0019	21578.1011	42316207.7162	0.0566	0.0003	0.0003	0.0002	0.0007	0.0007	0.0012	0.0000	0.0000	0.0001
93	99	0.6249	9	1	0	1	0	0	0	0	0	N	N	N	N	N	N	N	N	N	N	N	N	0.5368	0.6880	0.1588	1.0895	1.2106	14.3696	0.2346	9.4336	0.3314	0.5464	0.5523	0.4922	0.6670	0.7223	0.0075	0.2964	0.1727	1.0307	1.0179	0.8027	3.0999	0.6122	0.5967	0.0005	1.2637	0.0183	3.1099	0.0981	5.9551	-0.1356	0.0184	35.0787	2.7834	12.2568	1.0450	0.6854	0.6242	0.0612	0.5643	0.5638	0.0005	0.1211	0.0604	0.0607	0.0807	0.0116	0.0691	0.0116	0.0116	0.0000	0.0691	0.0000	0.0691	1.2546	1.1302	0.1244	0.8460	0.7806	0.0654	0.4085	0.3496	0.0589	0.2349	0.1280	0.1070	0.1026	0.0996	0.0030	0.1323	0.0284	0.1039	1.5906	6.0918	0.7620	5.9092	6.2108	14.3696	0.5675	265.7414	1.5505	0.3435	0.0907	0.6459	0.1129	0.1163	0.0005	0.5224	0.0006	0.6648
93	100	0.6148	8	1	0	1	0	0	0	0	0	N	N	N	N	N	N	N	N	N	N	N	N	0.8374	0.6893	0.5781	1.0451	0.9656	102.9167	0.3150	0.0999	0.6360	0.8258	0.7625	1.4260	1.1739	1.1809	1.0754	0.3609	0.1591	1.6545	0.9861	1.1062	2.4668	1.1233	1.2230	0.0104	1.1455	1.5923	2.6015	0.1973	1.1758	-0.2105	-0.0100	35.0787	7.6044	12.2568	2.7972	1.7208	1.4372	0.2836	1.3988	1.3144	0.0844	0.3220	0.1228	0.1992	0.1136	0.0522	0.0614	0.0401	0.0399	0.0002	0.0736	0.0124	0.0612	2.0838	1.8849	0.1989	1.1915	1.1131	0.0785	0.8923	0.7719	0.1204	0.3916	0.2331	0.1585	0.1722	0.1515	0.0207	0.2194	0.0816	0.1377	2.8458	3.4034	3.6803	5.0444	4.4878	102.9167	1.0764	1.0503	3.7247	0.2902	0.2240	0.3875	0.2327	0.2631	0.0104	0.3353	0.1515	0.4442
93	101	0.5652	7	1	0	1	0	0	0	0	0	N	N	N	N	N	N	N	N	N	N	N	N	1.6285	1.3907	3.0365	11.1008	13.5182	13.5039	1.4263	0.4775	3.6570	1.3738	0.8088	6.3600	1.2234	1.2136	1.3988	1.4656	0.5392	7.5680	0.8436	0.5816	2.0945	0.1102	0.0898	0.1036	1.0275	1.1293	2.0695	0.8910	4.0591	0.6945	0.0161	35.0787	18.4780	12.2568	12.4520	3.7732	1.9953	1.7779	1.2734	1.1968	0.0766	2.4998	0.7985	1.7013	0.0926	0.0183	0.0743	0.0081	0.0065	0.0016	0.0845	0.0118	0.0727	2.7465	2.4670	0.2795	1.0409	0.9861	0.0547	1.7057	1.4809	0.2248	0.6563	0.4002	0.2562	0.2163	0.1911	0.0252	0.4400	0.2091	0.2309	9.7376	17.6840	21.9283	32.4953	35.5626	21.7561	7.6356	9.5694	24.0466	0.1411	0.0457	0.2900	0.0376	0.0341	0.0643	0.1919	0.0563	0.3147
93	102	0.2735	7	1	1	1	0	0	0	0	0	N	N	N	N	N	N	N	N	N	N	N	N	12.8398	1.8947	10775.5460	1.0339	0.0852	1807.8500	2652.8249	292.2686	14278.2720	0.7285	0.4591	3.1242	0.1454	0.0132	3.4545	1.0074	0.6951	3.0779	0.0567	0.2423	0.0003	0.1406	0.1546	0.0019	0.0004	0.0024	0.0002	0.7655	0.0137	0.6762	-0.0081	35.0787	34.1922	12.2568	22.4626	4.6175	2.6154	2.0021	0.2982	0.0260	0.2722	4.3193	2.5895	1.7299	0.0132	0.0130	0.0002	0.0131	0.0130	0.0001	0.0002	0.0000	0.0001	6.3380	5.6972	0.6408	2.0504	1.9716	0.0788	4.2876	3.7255	0.5620	1.4706	0.8538	0.6168	0.3044	0.2773	0.0271	1.1662	0.5764	0.5897	81.0689	30.0646	10775.5460	3.3913	0.2811	1807.8500	7185.0469	11013.2132	14278.2720	0.0090	0.0153	0.0003	0.0429	0.0469	0.0019	0.0001	0.0001	0.0002
93	103	0.2256	6	1	1	1	0	0	0	0	0	N	N	N	N	N	N	N	N	N	N	N	N	7.4706	0.9879	463.6331	15.4233	10.1667	361.8168	6.5526	0.3076	600.7565	0.7158	0.2244	4.6125	0.3419	0.2450	2.6828	0.8514	0.2161	4.8140	0.0958	0.2271	0.0099	0.0222	0.0241	0.0074	0.1299	0.7026	0.0080	2.5921	0.3540	1.1854	-0.0036	35.0787	22.5884	12.2568	11.0115	2.7284	0.7595	1.9688	0.3469	0.2386	0.1083	2.3815	0.5209	1.8606	0.0099	0.0073	0.0026	0.0020	0.0019	0.0001	0.0079	0.0054	0.0025	3.8115	3.3847	0.4268	1.0144	0.9741	0.0404	2.7971	2.4107	0.3865	0.9169	0.5048	0.4122	0.1582	0.1454	0.0128	0.7587	0.3593	0.3994	66.3431	15.5028	734.9501	26.7758	18.4999	361.8168	82.0512	14.4311	771.5358	0.0108	0.0145	0.0063	0.0128	0.0132	0.0074	0.0104	0.0150	0.0062
93	104	0.1956	5	1	0	1	0	0	0	0	0	N	N	N	N	N	N	N	N	N	N	N	N	9.8203	35.4106	92.7868	25.6170	3.5752	1813.2246	5.6700	4.5004	103.5530	0.5061	0.1608	3.2912	0.0708	0.0105	1.4720	0.6538	0.2173	3.4814	0.0515	0.0045	0.0355	0.0028	0.0029	0.0008	0.1153	0.0483	0.0336	2.5368	8.7164	0.4335	0.0013	35.0787	11.8100	12.2568	8.7888	1.0079	0.2850	0.7229	0.0357	0.0051	0.0306	0.9722	0.2799	0.6923	0.0049	0.0005	0.0044	0.0002	0.0002	0.0000	0.0047	0.0003	0.0044	1.9914	1.7718	0.2197	0.5043	0.4835	0.0208	1.4871	1.2883	0.1989	0.5643	0.3063	0.2580	0.0836	0.0767	0.0069	0.4807	0.2296	0.2511	57.9200	97.0767	191.9590	25.6170	3.5752	1813.2246	66.8633	176.8104	197.8872	0.0087	0.0017	0.0171	0.0028	0.0029	0.0008	0.0098	0.0012	0.0176
93	105	0.1595	4	1	0	1	0	0	0	0	0	N	N	N	N	N	N	N	N	N	N	N	N	1013.3180	1.0154	18586.0902	4.9694	0.9379	954.1808	1624.8006	0.4558	19393.8583	0.9093	0.0013	7.7024	0.0144	0.0030	0.3033	1.0667	0.0010	8.0779	0.0009	0.0013	0.0004	0.0029	0.0032	0.0003	0.0007	0.0021	0.0004	786.7761	0.5182	1.3595	-0.0001	35.0787	14.7392	12.2568	7.3617	1.9105	0.0024	1.9081	0.0045	0.0009	0.0036	1.9060	0.0015	1.9045	0.0003	0.0002	0.0001	0.0002	0.0002	0.0000	0.0001	0.0000	0.0001	2.1011	1.8534	0.2477	0.3143	0.3024	0.0120	1.7868	1.5510	0.2358	0.6003	0.3289	0.2713	0.0705	0.0647	0.0058	0.5297	0.2642	0.2655	1656.8450	1.9836	18586.0902	4.9694	0.9605	954.1808	4542.7590	18.7013	19393.8583	0.0005	0.0007	0.0004	0.0029	0.0031	0.0003	0.0002	0.0001	0.0004
93	106	0.1068	3	1	1	1	0	0	0	0	0	N	N	N	N	N	N	N	N	N	N	N	N	407.6453	113.8910	641252.3692	2.7927	2.9121	19.1600	713727.1161	40821.3130	736461.7054	2.2478	1.8985	4.5559	0.4979	0.5401	0.0004	2.6884	2.2672	5.1756	0.0055	0.0167	0.0000	0.1783	0.1855	0.0000	0.0000	0.0001	0.0000	0.3632	0.0017	-0.1527	-0.0009	35.0787	20.0414	12.2568	7.0324	7.3683	5.4053	1.9631	0.3283	0.3283	0.0000	7.0401	5.0770	1.9630	0.0015	0.0015	0.0000	0.0015	0.0015	0.0000	0.0000	0.0000	0.0000	3.2780	2.8471	0.4309	0.6594	0.6078	0.0516	2.6187	2.2394	0.3793	0.7032	0.3477	0.3555	0.0308	0.0287	0.0021	0.6724	0.3190	0.3534	1071.6668	448.2762	641252.3692	10.4057	10.5263	19.1600	713727.1161	14777151.0932	736461.7054	0.0021	0.0042	0.0000	0.0478	0.0513	0.0000	0.0000	0.0000	0.0000
93	107	0.0968	2	1	0	1	0	0	0	0	0	N	N	N	N	N	N	N	N	N	N	N	N	4.9220	2.5228	359.3163	4.8638	4.0371	6832.0517	207.1599	260.7457	338.8006	1.0023	1.1272	0.5455	1.6100	1.6502	0.1558	0.7292	0.8009	0.5612	0.2036	0.4468	0.0015	0.3310	0.4088	0.0000	0.0035	0.0031	0.0017	0.1323	0.0453	-0.3471	-0.0029	35.0787	7.0315	12.2568	1.2144	2.0386	1.8004	0.2383	1.0152	1.0125	0.0026	1.0235	0.7878	0.2356	0.0050	0.0048	0.0002	0.0048	0.0048	0.0000	0.0002	0.0000	0.0002	2.0340	1.5972	0.4368	0.6305	0.6136	0.0170	1.4035	0.9836	0.4198	0.3166	0.1743	0.1423	0.0688	0.0567	0.0121	0.2478	0.1176	0.1302	63.7084	41.2428	359.3163	23.2852	19.6849	6832.0517	799.0063	8970.7265	338.8006	0.0157	0.0273	0.0015	0.0691	0.0838	0.0000	0.0009	0.0001	0.0017
93	109	0.2414	6	1	1	1	0	0	0	0	0	N	N	N	N	N	N	N	N	N	N	N	N	0.6894	0.4954	0.8189	0.0508	0.0471	42.4686	0.9375	0.5676	0.8513	1.1563	0.8408	3.7414	0.2606	0.2675	0.1143	1.4431	1.0421	4.1501	1.6773	1.6973	4.5690	5.1286	5.6766	0.0027	1.5393	1.8360	4.8751	0.5429	1.2058	0.4241	-0.1739	35.0787	40.5309	12.2568	14.7974	6.5491	4.2445	2.3045	0.3580	0.3509	0.0071	6.1911	3.8937	2.2974	2.1281	0.9648	1.1634	0.8258	0.8257	0.0000	1.3024	0.1391	1.1633	5.6640	5.0480	0.6160	1.3740	1.3116	0.0624	4.2900	3.7364	0.5536	1.2688	0.6824	0.5864	0.1610	0.1455	0.0156	1.1078	0.5369	0.5709	0.6894	0.5947	1.8860	0.0508	0.0471	42.4686	1.2275	4.0234	2.0366	1.6773	1.4139	1.9838	5.1286	5.6766	0.0027	1.1757	0.2590	2.0378
93	110	0.2155	5	1	1	1	0	0	0	0	0	N	N	N	N	N	N	N	N	N	N	N	N	0.6532	0.3775	0.8523	0.0248	0.0248	0.0172	0.7958	0.4603	0.9023	0.8562	0.5252	3.5397	0.0688	0.0713	0.0132	1.1105	0.6866	3.9172	1.3108	1.3912	4.1532	2.7728	2.8754	0.7677	1.3954	1.4916	4.3412	0.8314	2.1666	0.3065	0.0263	35.0787	13.5236	12.2568	3.5331	1.8372	1.0032	0.8341	0.0360	0.0357	0.0003	1.8012	0.9674	0.8338	0.4707	0.1486	0.3220	0.1273	0.1255	0.0018	0.3434	0.0232	0.3202	2.1458	1.9102	0.2356	0.5239	0.5011	0.0228	1.6219	1.4091	0.2128	0.4663	0.2579	0.2084	0.0774	0.0700	0.0075	0.3889	0.1879	0.2010	0.8483	0.9113	2.2909	0.0418	0.0398	0.0539	1.2578	5.5685	2.4585	1.0093	0.5763	1.5451	1.6441	1.7931	0.2455	0.8829	0.1233	1.5933
93	111	0.1595	4	1	0	1	0	0	0	0	0	N	N	N	N	N	N	N	N	N	N	N	N	0.2080	0.0021	0.5072	6.7918	0.1544	162.3160	0.2021	0.0011	0.4852	0.2522	0.0015	2.1313	0.0887	0.0019	2.2820	0.2809	0.0015	2.1237	1.2125	0.7474	4.2018	0.0131	0.0122	0.0141	1.3898	1.3559	4.3771	184.7231	17.5985	0.4284	0.2101	35.0787	16.9399	12.2568	15.9768	0.6055	0.0033	0.6022	0.0318	0.0006	0.0311	0.5737	0.0026	0.5711	0.6611	0.0355	0.6255	0.0008	0.0006	0.0001	0.6603	0.0349	0.6254	2.4008	2.1182	0.2826	0.3582	0.3445	0.0136	2.0426	1.7737	0.2689	0.8467	0.4545	0.3923	0.0887	0.0802	0.0084	0.7581	0.3742	0.3838	0.3230	0.0197	1.3366	10.3109	0.2348	162.3160	0.3225	0.0158	1.3034	0.7807	0.0782	1.5946	0.0086	0.0080	0.0141	0.8710	0.0933	1.6293
93	112	0.2056	6	2	1	1	1	0	0	0	0	Y	N	N	N	N	N	N	N	N	N	N	N	1.3046	0.0454	757918.1074	0.3919	0.2298	inf	1.5927	0.0000	715772.0445	0.0152	0.0019	0.1146	0.0062	0.0044	0.1630	0.0209	0.0000	0.1128	0.0117	0.0422	0.0000	0.0158	0.0192	0.0000	0.0131	0.3959	0.0000	7.9987	0.0000	0.0000	-0.0001	35.0787	0.0019	12.2568	1.9928	0.0000	0.0000	0.0000	0.0000	0.0000	0.0000	0.0000	0.0000	0.0000	0.0002	0.0002	0.0000	0.0001	0.0001	0.0000	0.0001	0.0001	0.0000	0.0008	0.0007	0.0001	0.0003	0.0003	0.0000	0.0005	0.0004	0.0001	0.0492	0.0261	0.0231	0.0071	0.0062	0.0009	0.0421	0.0199	0.0222	4.1552	0.2774	757918.1074	0.6260	0.3888	inf	8.0290	0.0000	715772.0445	0.0037	0.0069	0.0000	0.0099	0.0113	0.0000	0.0026	0.0055	0.0000
93	113	0.1820	5	2	1	1	1	0	0	0	0	Y	N	N	N	N	N	N	N	N	N	N	N	3.7717	0.0624	7397.6498	0.1581	0.1521	0.0403	8173.8483	1.2721	79195.0947	0.7114	0.0292	5.6871	0.1142	0.1179	0.0010	0.8805	0.0007	6.0388	0.1886	0.4672	0.0008	0.7219	0.7749	0.0244	0.0001	0.0005	0.0001	26.7471	0.0257	0.6789	-0.0034	35.0787	8.6942	12.2568	6.0502	1.0031	0.0362	0.9670	0.0355	0.0355	0.0000	0.9676	0.0006	0.9670	0.0057	0.0055	0.0001	0.0056	0.0055	0.0001	0.0000	0.0000	0.0000	1.4100	1.2400	0.1700	0.3111	0.3012	0.0099	1.0989	0.9388	0.1601	0.3744	0.1894	0.1849	0.0423	0.0368	0.0055	0.3321	0.1527	0.1794	47.0218	1.0001	7397.6498	0.8538	0.7848	0.0420	20684.1606	232.7198	79195.0947	0.0151	0.0292	0.0008	0.1337	0.1502	0.0234	0.0000	0.0000	0.0001
93	114	0.2032	9	1	1	1	1	0	0	0	0	N	N	N	N	N	N	N	N	N	N	N	N	0.0000	0.0000	0.0000	0.0000	0.0000	0.0000	0.0000	0.0000	0.0000	0.0000	0.0000	0.0000	0.0000	0.0005	0.0015	0.0000	0.0009	0.0009	0.0000	0.0000	0.0000	0.0000	0.0000	0.0000	-0.0000	35.0787	0.0001	12.2568	0.0001	0.0000	0.0000	0.0000	0.0000	0.0000	0.0000	0.0000	0.0000	0.0000	0.0000	0.0000	0.0000	0.0000	0.0000	0.0000	0.0000	0.0000	0.0000	0.0000	0.0000	0.0000	0.0000	0.0000	0.0000	0.0000	0.0000	0.0000	0.0000	0.0000	0.0000	0.0000	0.0000	0.0000	0.0000	0.0000	0.0000	0.0000	0.0000	0.0000	0.0000	0.0000	0.0000	0.0000	0.0000	0.0000	0.0004	0.0007	0.0000	0.0009	0.0009	0.0000	0.0000	0.0000	0.0000						
93	115	0.1965	8	1	1	1	1	0	0	0	0	N	N	N	N	N	N	N	N	N	N	N	N	0.0001	0.0000	0.0000	0.0000	0.0000	0.0000	0.0000	0.0000	0.0000	0.0000	0.0000	0.0000	0.0000	0.0019	0.0054	0.0000	0.0143	0.0186	0.0000	0.0000	0.0000	0.0000	0.0000	0.0000	-0.0000	-0.0001	35.0787	3.0007	12.2568	1.0012	0.0000	0.0000	0.0000	0.0000	0.0000	0.0000	0.0000	0.0000	0.0000	0.0001	0.0001	0.0000	0.0001	0.0001	0.0000	0.0000	0.0000	0.0000	0.4404	0.3910	0.0495	0.0912	0.0875	0.0037	0.3492	0.3035	0.0457	0.0975	0.0486	0.0489	0.0097	0.0082	0.0015	0.0878	0.0405	0.0474	0.0001	0.0001	0.0000	0.0001	0.0001	0.0000	0.0000	0.0000	0.0000	0.0009	0.0018	0.0000	0.0093	0.0110	0.0000	0.0000	0.0000	0.0000					
93	116	0.1946	7	1	0	1	1	0	0	0	0	N	N	N	N	N	N	N	N	N	N	N	N	0.0000	0.0000	0.0000	0.0000	0.0000	1.7840	inf	0.0000	0.0000	0.0000	0.0000	0.0000	0.0000	0.0000	0.0000	0.0000	0.0000	0.0081	0.0283	0.0000	0.0684	0.0912	0.0000	0.0000	0.0000	0.0000	0.0000	0.0001	-0.0000	-0.0000	35.0787	1.1177	12.2568	0.0023	0.0000	0.0000	0.0000	0.0000	0.0000	0.0000	0.0000	0.0000	0.0000	0.0001	0.0001	0.0000	0.0001	0.0001	0.0000	0.0000	0.0000	0.0000	0.1729	0.1540	0.0189	0.0419	0.0402	0.0017	0.1309	0.1138	0.0172	0.0274	0.0137	0.0138	0.0027	0.0023	0.0004	0.0247	0.0114	0.0134	0.0001	0.0001	0.0000	0.0000	0.0000	0.0000	1.7840	inf	0.0000	0.0029	0.0058	0.0000	0.0291	0.0345	0.0000	0.0000	0.0000	0.0000	
93	117	0.2498	5	1	1	1	0	0	0	0	0	N	N	N	N	N	N	N	N	N	N	N	N	0.6313	3.3007	0.0009	2.6682	3.0493	0.0002	0.4866	292.1283	0.0010	0.7520	0.8449	0.0037	0.9754	1.0452	0.0000	0.6669	0.7633	0.0044	1.1912	0.2560	4.1104	0.3656	0.3428	0.1459	1.3706	0.0026	4.2790	0.0005	86.5621	-0.9908	0.3480	35.0787	31.2782	12.2568	23.9277	3.4571	3.4552	0.0019	1.2368	1.2368	0.0000	2.2203	2.2184	0.0019	0.9660	0.0110	0.9550	0.0122	0.0110	0.0012	0.9539	0.0000	0.9538	4.5970	4.0895	0.5075	1.2680	1.1833	0.0846	3.3290	2.9062	0.4228	1.3301	0.6951	0.6350	0.1639	0.1499	0.0140	1.1662	0.5452	0.6210	1.0354	53.2323	0.0024	13.1461	14.2522	0.0003	0.8154	10699.1359	0.0029	0.7263	0.0159	1.5040	0.0742	0.0733	0.0835	0.8179	0.0001	1.5360
93	118	0.1946	7	1	0	2	1	0	0	0	0	N	N	Y	N	N	N	N	N	N	N	N	N	0.0000	0.0000	0.0000	0.0000	0.0000	0.0000	0.0000	0.0000	0.0000	0.0000	0.0000	0.0000	0.0000	0.0000	0.0000	0.0000	5.8925	0.0000	18.5448	0.0002	0.0003	0.0000	6.5336	0.0000	21.2750	275655.7166	0.0000	0.3646	35.0787	3.8827	12.2568	2.9998	0.0000	0.0000	0.0000	0.0000	0.0000	0.0000	0.0000	0.0000	0.0000	0.9811	0.0000	0.9811	0.0000	0.0000	0.0000	0.9811	0.0000	0.9811	0.5764	0.5122	0.0642	0.1250	0.1199	0.0051	0.4514	0.3924	0.0590	0.1665	0.0830	0.0835	0.0163	0.0138	0.0026	0.1502	0.0692	0.0810	0.0000	0.0000	0.0000	0.0000	0.0000	0.0000	0.0000	0.0000	0.0000	5.8925	0.0000	11.7446	0.0002	0.0003	0.0000	6.5336	0.0000	12.1174			
93	119	0.1917	6	1	0	1	1	0	0	0	0	N	N	N	N	N	N	N	N	N	N	N	N	0.1226	0.8142	1.1048	0.4918	0.4345	0.5240	0.0721	1.2234	0.0003	0.0001	0.0025	0.0002	0.0003	0.0000	0.0004	0.0000	0.0029	0.0027	0.0001	0.0023	0.0005	0.0006	0.0000	0.0050	0.0000	0.0023	3.5357	23.0964	0.0001	0.0000	35.0787	2.8083	12.2568	0.0030	0.0002	0.0000	0.0001	0.0000	0.0000	0.0000	0.0001	0.0000	0.0001	0.0001	0.0000	0.0001	0.0000	0.0000	0.0000	0.0001	0.0000	0.0001	0.5067	0.4548	0.0518	0.1496	0.1431	0.0065	0.3571	0.3117	0.0454	0.0689	0.0343	0.0346	0.0068	0.0058	0.0011	0.0621	0.0285	0.0336	0.2766	0.8142	1.1048	0.4918	0.4345	0.5240	0.2876	0.0000	1.2234	0.0012	0.0001	0.0023	0.0005	0.0006	0.0000	0.0013	0.0000	0.0023	
93	120	0.1917	6	1	0	2	1	0	0	0	0	N	N	Y	N	N	N	N	N	N	N	N	N	41383.2775	18979.8450	1054.3988	7.1219	6.2802	0.7549	2002850.4600	inf	1186.0616	0.6218	0.6976	0.0008	0.0011	0.0011	0.0000	0.8111	0.9311	0.0009	0.0000	0.0000	0.0000	0.0001	0.0002	0.0000	0.0000	0.0000	0.0000	0.0001	0.0263	-0.2636	-0.0000	35.0787	9.6158	12.2568	0.0030	0.9186	0.9185	0.0001	0.0004	0.0004	0.0000	0.9183	0.9181	0.0001	0.0000	0.0000	0.0000	0.0000	0.0000	0.0000	0.0000	0.0000	0.0000	1.4773	1.3166	0.1607	0.3452	0.3305	0.0147	1.1321	0.9861	0.1460	0.2322	0.1156	0.1166	0.0228	0.0192	0.0036	0.2094	0.0964	0.1130	41383.2775	23718.3245	1054.3988	7.1219	6.2802	0.7549	2002850.4600	inf	1186.0616	0.0000	0.0000	0.0000	0.0001	0.0002	0.0000	0.0000	0.0000	0.0000
93	121	0.1820	5	1	0	1	1	0	0	0	0	N	N	N	N	N	N	N	N	N	N	N	N	4.7004	0.0073	20576.4471	0.0145	0.0125	27.5757	2352.7124	4.3784	23107.1258	1.2786	0.0038	10.0965	0.0107	0.0099	0.0411	1.7084	0.0014	10.6367	0.2720	0.5249	0.0005	0.7417	0.7916	0.0015	0.0007	0.0003	0.0005	383.2144	0.0127	0.7093	-0.0020	35.0787	4.2457	12.2568	2.0144	0.9987	0.0026	0.9961	0.0021	0.0019	0.0002	0.9966	0.0007	0.9959	0.0032	0.0032	0.0000	0.0032	0.0032	0.0000	0.0000	0.0000	0.0000	0.7811	0.6824	0.0987	0.1977	0.1927	0.0050	0.5833	0.4897	0.0936	0.1715	0.0881	0.0833	0.0232	0.0208	0.0025	0.1482	0.0674	0.0809	67.4844	0.1046	20576.4471	0.0775	0.0642	27.5757	6786.3134	1081.9510	23107.1258	0.0189	0.0364	0.0005	0.1383	0.1545	0.0015	0.0003	0.0000	0.0005
93	122	0.1399	4	1	0	1	1	0	0	0	0	N	N	N	N	N	N	N	N	N	N	N	N	104.8294	42.0965	229.2161	0.0585	0.0504	1.6266	2478.3515	8581.8007	242.6934	0.5152	0.5787	0.0428	0.0043	0.0045	0.0005	0.6438	0.7421	0.0451	0.0049	0.0137	0.0002	0.0742	0.0885	0.0003	0.0003	0.0001	0.0002	0.0100	0.0531	-0.2718	-0.0007	35.0787	11.9190	12.2568	13.1740	0.9801	0.9705	0.0097	0.0017	0.0017	0.0000	0.9785	0.9688	0.0097	0.0012	0.0011	0.0001	0.0011	0.0011	0.0000	0.0001	0.0000	0.0001	1.9023	1.6769	0.2255	0.3826	0.3713	0.0112	1.5197	1.3055	0.2142	0.6125	0.3004	0.3122	0.0365	0.0325	0.0040	0.5760	0.2678	0.3082	272.8801	158.2845	229.2161	0.1444	0.1321	1.6266	6471.5484	2772204.3117	242.6934	0.0019	0.0037	0.0002	0.0301	0.0338	0.0003	0.0001	0.0000	0.0002
93	123	0.6251	10	1	0	2	1	0	0	0	0	N	N	Y	N	N	N	N	N	N	N	N	N	3397.2858	832.3350	373225.3644	7.8416	0.0000	1925.7390	401937.4205	39421.2068	825082.4696	1.0444	0.5783	5.3902	0.0065	0.0000	0.1302	1.7587	1.0126	6.7848	0.0003	0.0007	0.0000	0.0008	0.0009	0.0001	0.0000	0.0000	0.0000	0.9997	0.0218	0.4254	-0.0000	35.0787	12.8936	12.2568	4.1514	1.9992	0.9997	0.9995	0.0051	0.0000	0.0051	1.9941	0.9997	0.9944	0.0001	0.0001	0.0000	0.0001	0.0001	0.0000	0.0000	0.0000	0.0000	1.9141	1.7287	0.1854	0.7803	0.7414	0.0389	1.1339	0.9873	0.1466	0.3026	0.1818	0.1209	0.0978	0.0851	0.0127	0.2049	0.0967	0.1082	3865.9260	1313.7966	373225.3644	7.8416	0.0000	1925.7390	401937.4205	14829422.0061	825082.4696	0.0003	0.0004	0.0000	0.0008	0.0009	0.0001	0.0000	0.0000	0.0000
93	124	0.1552	5	1	1	1	0	0	0	0	0	N	N	N	N	N	N	N	N	N	N	N	N	0.8698	701.6558	0.0000	0.2342	0.2050	0.0647	0.9699	26991.1650	0.0000	1.5724	1.7684	0.0001	0.0021	0.0022	0.0000	1.9622	2.2546	0.0001	1.8077	0.0025	6.8664	0.0089	0.0105	0.0002	2.0230	0.0001	7.3074	0.0000	3471.0058	-0.8621	0.3628	35.0787	12.7386	12.2568	8.7370	3.0026	3.0026	0.0000	0.0008	0.0008	0.0000	3.0018	3.0018	0.0000	0.9770	0.0003	0.9768	0.0003	0.0003	0.0000	0.9768	0.0000	0.9768	1.9096	1.6979	0.2117	0.3798	0.3665	0.0133	1.5298	1.3314	0.1984	0.5405	0.2674	0.2731	0.0436	0.0396	0.0040	0.4969	0.2278	0.2691	0.8698	1680.4312	0.0000	0.3214	0.3035	0.0647	0.9982	8915596.8004	0.0000	1.8077	0.0011	3.5769	0.0065	0.0071	0.0002	1.9658	0.0000	3.6299
93	125	0.1399	4	1	1	1	0	0	0	0	0	N	N	N	N	N	N	N	N	N	N	N	N	1.1964	116.7991	0.0075	0.0644	0.0558	0.5192	1.3098	340.8444	0.0097	0.6840	0.7765	0.0047	0.0018	0.0018	0.0006	0.8704	1.0176	0.0049	0.5718	0.0066	0.6236	0.0276	0.0324	0.0011	0.6645	0.0030	0.5016	0.0008	45.6372	-0.2846	0.0046	35.0787	8.6431	12.2568	1.4782	0.9942	0.9934	0.0008	0.0006	0.0005	0.0000	0.9936	0.9928	0.0008	0.0130	0.0003	0.0127	0.0003	0.0003	0.0000	0.0128	0.0000	0.0127	1.4534	1.2792	0.1742	0.3118	0.3035	0.0083	1.1416	0.9757	0.1659	0.2603	0.1280	0.1323	0.0180	0.0163	0.0017	0.2423	0.1117	0.1306	13.6738	356.1148	0.0483	0.1179	0.1096	0.5192	16.5401	11578.5660	0.0497	0.0500	0.0022	0.0963	0.0151	0.0165	0.0011	0.0526	0.0001	0.0976
93	126	0.1304	3	1	0	1	0	0	0	0	0	N	N	N	N	N	N	N	N	N	N	N	N	35.5262	197.0018	176.8641	20.8824	44.7391	0.2494	29.0786	482.1666	231.6485	0.1538	0.0631	0.7071	0.0479	0.0486	0.0098	0.1868	0.0686	0.7293	0.0043	0.0003	0.0040	0.0023	0.0011	0.0393	0.0064	0.0001	0.0031	1.8358	10.8727	0.0456	0.0001	35.0787	4.1618	12.2568	2.0491	0.1265	0.0446	0.0819	0.0093	0.0093	0.0000	0.1172	0.0353	0.0819	0.0003	0.0000	0.0003	0.0001	0.0000	0.0000	0.0003	0.0000	0.0003	0.8223	0.7065	0.1158	0.1952	0.1916	0.0036	0.6271	0.5148	0.1122	0.1987	0.1094	0.0894	0.0275	0.0264	0.0010	0.1713	0.0830	0.0883	89.6506	240.4579	202.2926	20.8824	44.7391	0.2965	115.0682	148047.8735	231.6485	0.0017	0.0003	0.0035	0.0023	0.0011	0.0331	0.0016	0.0000	0.0031
93	128	0.6373	11	2	1	1	0	0	0	0	0	Y	N	N	N	N	N	N	N	N	N	N	N	39472671.7369	31690801.9511	7093.0327	6539.0960	inf	inf	3.5803	3.9938	0.0000	0.0016	0.0017	0.0000	5.8807	6.7866	0.0000	0.0000	0.0000	0.0000	0.0000	0.0000	0.0000	0.0000	0.0000	0.0000	0.0000	0.1663	-0.2871	-0.0000	35.0787	2.0107	12.2568	1.9995	0.9998	0.9998	0.0000	0.0002	0.0002	0.0000	0.9997	0.9997	0.0000	0.0000	0.0000	0.0000	0.0000	0.0000	0.0000	0.0000	0.0000	0.0000	0.2793	0.2504	0.0289	0.1093	0.1030	0.0062	0.1700	0.1473	0.0227	0.0696	0.0430	0.0266	0.0235	0.0204	0.0031	0.0461	0.0225	0.0236	39472671.7369	31690801.9511	0.0000	7093.0327	6539.0960	0.0000	inf	inf	0.0000	0.0000	0.0000	0.0000	0.0000	0.0000	0.0000	0.0000	0.0000	0.0000			
93	129	0.6251	10	2	1	1	0	0	0	0	0	Y	N	N	N	N	N	N	N	N	N	N	N	11762.8405	7769.4329	0.0407	9230.7471	8531.1104	1.0127	230.6993	6.1633	0.0000	0.9112	1.0033	0.0000	2.1140	2.2138	0.0000	0.0003	0.0003	0.0000	0.0001	0.0001	0.0000	0.0002	0.0003	0.0000	0.0000	0.0001	0.0000	0.0000	0.0108	-0.2457	-0.0000	35.0787	5.6459	12.2568	1.1399	0.8556	0.8556	0.0000	0.8554	0.8554	0.0000	0.0002	0.0002	0.0000	0.0000	0.0000	0.0000	0.0000	0.0000	0.0000	0.0000	0.0000	0.0000	0.9389	0.8528	0.0861	0.4046	0.3864	0.0182	0.5343	0.4664	0.0679	0.1307	0.0781	0.0525	0.0437	0.0386	0.0051	0.0870	0.0396	0.0474	11762.8405	7826.7190	0.0407	9230.7471	8531.1104	1.0127	230.6993	2240.4929	0.0000	0.0001	0.0001	0.0000	0.0002	0.0003	0.0000	0.0000	0.0000	0.0000
93	130	0.5948	9	1	0	1	0	0	0	0	0	N	N	N	N	N	N	N	N	N	N	N	N	1.1478	0.9413	0.0196	0.0914	0.0968	0.0001	132.8801	8.6784	0.2212	0.5104	0.5677	0.0002	0.0444	0.0470	0.0000	0.8740	1.0127	0.0003	0.4447	0.6031	0.0121	0.4858	0.4856	0.0931	0.0066	0.1167	0.0014	0.0000	0.0940	-0.2975	-0.0066	35.0787	11.6079	12.2568	5.3766	1.0361	1.0361	0.0000	0.0395	0.0395	0.0000	0.9966	0.9965	0.0000	0.0122	0.0112	0.0011	0.0118	0.0110	0.0009	0.0004	0.0002	0.0002	2.0301	1.8250	0.2051	0.8899	0.8409	0.0489	1.1402	0.9840	0.1562	0.3712	0.2258	0.1454	0.1301	0.1154	0.0147	0.2411	0.1104	0.1307	15.4998	11.4720	0.0329	0.4888	0.4950	0.0002	524.1888	509.3714	0.2212	0.0329	0.0495	0.0072	0.0909	0.0949	0.0589	0.0017	0.0020	0.0014
93	131	0.5769	8	1	0	1	0	0	0	0	0	N	N	N	N	N	N	N	N	N	N	N	N	0.0440	0.0306	6.0309	0.0217	0.0209	0.4824	9.9434	4.0265	20.6124	0.1147	0.1209	0.0584	0.1479	0.1546	0.0201	0.0909	0.0944	0.0687	2.6052	3.9507	0.0097	6.8045	7.3903	0.0417	0.0091	0.0234	0.0033	0.0526	0.0008	-0.0197	-0.6175	35.0787	3.9355	12.2568	8.7078	0.0833	0.0791	0.0042	0.0448	0.0445	0.0003	0.0384	0.0346	0.0039	0.9840	0.9832	0.0008	0.9835	0.9831	0.0004	0.0005	0.0001	0.0004	0.7257	0.6545	0.0712	0.3031	0.2880	0.0150	0.4227	0.3665	0.0562	0.3777	0.2489	0.1288	0.1445	0.1330	0.0115	0.2332	0.1158	0.1173	0.0440	0.0306	9.5605	0.0217	0.0209	0.5836	44.0148	120.4969	20.6124	2.6052	3.9507	0.0061	6.8045	7.3903	0.0344	0.0021	0.0008	0.0033
93	132	0.5652	7	1	0	1	0	0	0	0	0	N	N	N	N	N	N	N	N	N	N	N	N	0.3272	0.1492	13.2331	0.2752	0.3356	0.0523	2.4963	1.7494	43.0100	0.1563	0.0824	0.8333	0.1143	0.1192	0.0186	0.1849	0.0547	1.0350	0.4776	0.5519	0.0630	0.4154	0.3551	0.3558	0.0741	0.0313	0.0241	1.1044	0.3713	0.0417	-0.0039	35.0787	6.2657	12.2568	3.9760	0.1756	0.0834	0.0921	0.0522	0.0518	0.0004	0.1234	0.0317	0.0917	0.0110	0.0080	0.0030	0.0095	0.0080	0.0016	0.0015	0.0001	0.0014	1.1236	1.0130	0.1106	0.4562	0.4343	0.0219	0.6674	0.5788	0.0886	0.3054	0.1941	0.1112	0.1177	0.1071	0.0106	0.1877	0.0870	0.1007	4.3225	1.9861	31.0136	1.4100	1.6021	0.1248	23.2000	58.4862	73.6695	0.0361	0.0415	0.0269	0.0811	0.0744	0.1491	0.0080	0.0009	0.0140
93	133	0.4879	6	1	0	1	0	0	0	0	0	N	N	N	N	N	N	N	N	N	N	N	N	0.1363	0.1363	0.4094	0.3391	0.6284	0.2981	0.1229	3.7723	0.5228	0.0947	0.0461	0.4918	0.0854	0.0795	0.1898	0.0998	0.0259	0.5559	0.6944	0.3386	1.2011	0.2518	0.1265	0.6368	0.8121	0.0069	1.0632	1.3026	5.5138	0.1066	0.0190	35.0787	26.7012	12.2568	18.2690	0.3828	0.1663	0.2166	0.1229	0.1083	0.0146	0.2599	0.0580	0.2019	0.0872	0.0134	0.0738	0.0202	0.0133	0.0069	0.0671	0.0001	0.0670	4.0434	3.6030	0.4404	1.4397	1.3626	0.0771	2.6037	2.2404	0.3633	1.1373	0.6752	0.4621	0.3452	0.3133	0.0319	0.7922	0.3619	0.4303	1.2346	2.3269	3.0784	1.4620	1.8731	0.8818	1.1791	96.5568	3.5717	0.0767	0.0198	0.1597	0.0584	0.0424	0.2153	0.0846	0.0003	0.1556
93	134	0.2498	5	1	0	1	0	0	0	0	0	N	N	N	N	N	N	N	N	N	N	N	N	0.2571	1.2585	0.1655	1.3121	1.5108	0.0860	0.2199	0.6500	0.1797	0.4265	0.3463	1.0867	0.4337	0.4605	0.0127	0.4241	0.3048	1.2607	1.6589	0.2752	6.5674	0.3306	0.3048	0.1473	1.9286	0.4689	7.0142	0.3813	192.4375	-0.0380	1.4124	35.0787	61.4372	12.2568	55.8589	3.4180	2.4745	0.9434	0.8801	0.8786	0.0015	2.5379	1.5960	0.9419	3.8541	0.0199	3.8342	0.0148	0.0130	0.0018	3.8393	0.0069	3.8323	8.0130	7.1449	0.8682	2.0291	1.9080	0.1211	5.9840	5.2369	0.7471	2.3360	1.2044	1.1317	0.2145	0.1926	0.0219	2.1215	1.0118	1.1097	0.2585	20.9353	0.3207	6.2773	6.8304	0.1510	0.2344	44.4309	0.3651	1.6498	0.0165	3.3881	0.0691	0.0674	0.0839	1.8097	0.0069	3.4533
93	135	0.1595	4	1	0	1	0	0	0	0	0	N	N	N	N	N	N	N	N	N	N	N	N	0.9479	59.2956	0.0082	73.6362	190.6365	0.4345	0.7931	2.7379	0.0093	0.5137	0.5807	0.0048	0.5465	0.5677	0.0132	0.5081	0.5832	0.0043	0.5420	0.0098	0.5800	0.0074	0.0030	0.0304	0.6406	0.2130	0.4663	0.0011	28.6796	-0.6366	0.0187	35.0787	31.7621	12.2568	18.5886	2.2253	2.2229	0.0024	0.3471	0.3468	0.0003	1.8782	1.8761	0.0021	0.0553	0.0019	0.0534	0.0006	0.0003	0.0003	0.0547	0.0016	0.0531	4.3316	3.8278	0.5038	0.6351	0.6109	0.0243	3.6965	3.2170	0.4795	1.2210	0.6459	0.5752	0.1158	0.1034	0.0124	1.1053	0.5425	0.5628	11.3435	201.2978	0.0513	98.6798	190.6365	0.4922	10.2744	203.4048	0.0459	0.0453	0.0029	0.0929	0.0055	0.0030	0.0269	0.0495	0.0029	0.0944
94	95	0.0762	3	1	1	0	1	0	0	0	0	N	N	N	N	N	N	N	N	N	N	N	N	1.9027	10.7333	11.0386	78.1891	68.8781	367.9172	1.4474	0.5952	13.6314	0.9732	0.5310	4.7183	1.3613	1.3898	0.0079	0.8678	0.2690	4.9232	0.5115	0.0495	0.4274	0.0174	0.0202	0.0000	0.5996	0.4519	0.3612	1.0492	9.2057	0.2375	0.0032	8.4810	24.0032	2.3446	22.6134	1.0561	0.5153	0.5407	0.3154	0.3153	0.0000	0.7407	0.2000	0.5407	0.0118	0.0012	0.0107	0.0003	0.0003	0.0000	0.0115	0.0009	0.0107	1.0852	0.9706	0.1146	0.2317	0.2269	0.0048	0.8535	0.7437	0.1098	0.2925	0.1564	0.1361	0.0282	0.0256	0.0025	0.2644	0.1308	0.1336	24.0727	71.6812	60.1987	128.1857	119.1056	367.9172	19.9034	40.9219	61.6417	0.0404	0.0074	0.0784	0.0106	0.0117	0.0000	0.0436	0.0066	0.0799
94	96	0.4936	7	1	1	0	0	0	0	0	0	N	N	N	N	N	N	N	N	N	N	N	N	0.3063	0.4427	0.0004	2.9133	2.6314	0.0001	0.0006	0.0023	0.0006	0.0478	0.0528	0.0000	0.1133	0.1193	0.0000	0.0001	0.0001	0.0000	0.1560	0.1192	0.0400	0.0389	0.0453	0.0040	0.1518	0.0438	0.0391	0.0000	1.0606	-0.0121	-0.0003	8.4810	18.5150	2.3446	10.2301	0.0420	0.0420	0.0000	0.0420	0.0420	0.0000	0.0000	0.0000	0.0000	0.0023	0.0011	0.0012	0.0011	0.0010	0.0000	0.0012	0.0001	0.0011	0.8792	0.7960	0.0832	0.3703	0.3517	0.0186	0.5089	0.4444	0.0645	0.1648	0.1041	0.0607	0.0562	0.0505	0.0057	0.1086	0.0536	0.0550	3.4836	5.0079	0.0009	6.0240	5.8234	0.0001	0.0082	0.0860	0.0011	0.0137	0.0105	0.0192	0.0188	0.0205	0.0040	0.0111	0.0012	0.0207
94	97	0.0471	2	1	1	0	0	0	0	0	0	N	N	N	N	N	N	N	N	N	N	N	N	1.7325	0.9592	368.2272	1.0053	1.0124	960.1848	8.8907	0.4362	430.8259	0.6913	0.5880	1.4787	1.5858	1.6128	0.1575	0.4411	0.2595	1.5265	0.3990	0.6129	0.0040	1.5775	1.5931	0.0002	0.0496	0.5949	0.0035	0.3302	0.0661	-0.0554	-0.0067	8.4810	46.1140	2.3446	26.4917	1.4237	1.0703	0.3534	0.7140	0.7127	0.0013	0.7097	0.3577	0.3521	0.0119	0.0112	0.0007	0.0093	0.0093	0.0000	0.0026	0.0019	0.0007	2.0594	1.8205	0.2390	0.4502	0.4419	0.0083	1.6092	1.3786	0.2306	0.4244	0.2139	0.2105	0.0246	0.0225	0.0020	0.3999	0.1914	0.2085	24.6288	11.2547	421.1802	4.1816	3.9033	960.1848	67.8744	26.6990	430.8259	0.0281	0.0522	0.0035	0.3792	0.4132	0.0002	0.0065	0.0097	0.0035
94	98	0.5465	9	1	1	0	0	0	0	0	0	N	N	N	N	N	N	N	N	N	N	N	N	0.0205	0.0442	0.0527	0.1905	0.1279	949.6214	0.0079	0.0029	0.0331	0.0009	0.0009	0.0015	0.0008	0.0006	0.0042	0.0010	0.0010	0.0010	0.0447	0.0193	0.0290	0.0041	0.0050	0.0000	0.1285	0.3531	0.0296	0.1867	1.9339	-0.0001	0.0000	8.4810	20.7840	2.3446	8.9470	0.0007	0.0006	0.0001	0.0002	0.0002	0.0001	0.0004	0.0004	0.0001	0.0012	0.0004	0.0008	0.0002	0.0002	0.0000	0.0010	0.0002	0.0008	0.7508	0.6800	0.0708	0.3172	0.3050	0.0122	0.4337	0.3750	0.0586	0.1452	0.0891	0.0561	0.0455	0.0395	0.0060	0.0997	0.0496	0.0501	0.1112	0.1861	0.1087	0.2080	0.1490	949.6214	0.0988	0.2134	0.0622	0.0082	0.0046	0.0141	0.0037	0.0043	0.0000	0.0103	0.0048	0.0158
94	99	0.5416	8	1	0	0	0	0	0	0	0	N	N	N	N	N	N	N	N	N	N	N	N	0.4558	1.9508	0.1994	10.4107	10.3196	176.1280	0.0308	1.2739	0.1519	0.1770	0.1923	0.0365	0.2315	0.2497	0.0426	0.0171	0.0161	0.0240	0.3885	0.0986	0.1832	0.0222	0.0242	0.0002	0.5548	0.0126	0.1583	0.0206	4.0748	-0.0253	0.0002	8.4810	2.7834	2.3446	1.0450	0.0946	0.0927	0.0019	0.0923	0.0908	0.0015	0.0023	0.0019	0.0004	0.0012	0.0002	0.0010	0.0002	0.0002	0.0000	0.0010	0.0000	0.0010	0.5343	0.4821	0.0522	0.3987	0.3636	0.0351	0.1356	0.1185	0.0171	0.0451	0.0253	0.0198	0.0187	0.0180	0.0007	0.0264	0.0073	0.0191	6.4943	20.0758	0.7328	18.0817	18.7837	176.1280	0.4557	33.9207	0.4652	0.0273	0.0096	0.0499	0.0128	0.0133	0.0002	0.0375	0.0005	0.0517
94	100	0.5316	7	1	0	0	0	0	0	0	0	N	N	N	N	N	N	N	N	N	N	N	N	0.1455	0.2241	0.0211	0.1665	0.1648	1165.7682	0.0460	0.9892	0.0073	0.3328	0.3491	0.1693	0.4437	0.4567	0.2706	0.1391	0.1489	0.0712	2.2875	1.5579	8.0124	2.6643	2.7715	0.0002	3.0206	0.1505	9.7976	0.0484	2.9221	-0.0601	0.0250	8.4810	7.6044	2.3446	2.7972	0.2494	0.2379	0.0115	0.2115	0.2024	0.0091	0.0379	0.0355	0.0025	0.2140	0.0546	0.1594	0.0545	0.0545	0.0000	0.1595	0.0000	0.1594	0.7494	0.6815	0.0680	0.4766	0.4431	0.0334	0.2729	0.2383	0.0346	0.0935	0.0566	0.0370	0.0407	0.0354	0.0054	0.0528	0.0212	0.0316	0.1455	0.3621	0.0392	0.3317	0.2965	1165.7682	0.0460	65.6446	0.0141	2.2875	0.9641	4.3138	1.3378	1.5402	0.0002	3.0206	0.0023	5.0451
94	101	0.4820	6	1	0	0	0	0	0	0	0	N	N	N	N	N	N	N	N	N	N	N	N	0.2197	0.6077	0.0601	2.4014	2.2325	27.8456	0.1167	1.2610	0.0405	0.2337	0.2351	0.2208	0.3484	0.3428	0.4556	0.1510	0.1504	0.1551	1.0640	0.3868	3.6724	0.1451	0.1536	0.0164	1.2934	0.1192	3.8300	0.0982	29.2993	-0.0414	0.0242	8.4810	18.4780	2.3446	12.4520	0.2093	0.1906	0.0187	0.1308	0.1223	0.0084	0.0785	0.0683	0.0103	0.0714	0.0024	0.0691	0.0023	0.0022	0.0001	0.0691	0.0001	0.0690	0.8955	0.8107	0.0847	0.3753	0.3568	0.0185	0.5202	0.4539	0.0662	0.1669	0.1022	0.0647	0.0543	0.0483	0.0060	0.1126	0.0539	0.0587	0.5460	10.1915	0.2067	8.0610	7.3628	27.8456	0.2460	75.0383	0.1319	0.4281	0.0231	1.0682	0.0432	0.0466	0.0164	0.6138	0.0020	1.1761
94	102	0.1902	6	1	1	0	0	0	0	0	0	N	N	N	N	N	N	N	N	N	N	N	N	1.7396	2.8270	0.6540	2.5479	2.2557	16.3512	2.5202	2.1782	0.5532	0.4306	0.4717	0.0388	0.1567	0.1587	0.1043	0.5813	0.6618	0.0284	0.2475	0.1669	0.0593	0.0615	0.0703	0.0064	0.2306	0.3038	0.0514	0.0086	1.4892	-0.2360	-0.0002	8.4810	34.1922	2.3446	22.4626	0.8471	0.8398	0.0072	0.1093	0.1067	0.0027	0.7377	0.7331	0.0046	0.0066	0.0027	0.0040	0.0021	0.0021	0.0000	0.0045	0.0006	0.0039	1.9670	1.7803	0.1867	0.6978	0.6724	0.0254	1.2692	1.1079	0.1613	0.3712	0.2165	0.1547	0.0759	0.0696	0.0063	0.2953	0.1469	0.1484	24.1960	38.4776	1.5172	5.6830	5.3789	16.3512	38.0235	161.4244	1.0781	0.0178	0.0123	0.0255	0.0276	0.0295	0.0064	0.0153	0.0041	0.0264
94	103	0.1424	5	1	1	0	0	0	0	0	0	N	N	N	N	N	N	N	N	N	N	N	N	1.5147	2.6712	4.3213	1.4784	1.3205	14.8258	1.7929	0.8453	5.0885	0.3308	0.3442	0.2107	0.0383	0.0382	0.0408	0.4584	0.4932	0.2275	0.2184	0.1289	0.0488	0.0259	0.0289	0.0028	0.2556	0.5835	0.0447	0.0683	1.6629	-0.0876	-0.0000	8.4810	22.5884	2.3446	11.0115	0.3924	0.3673	0.0251	0.0138	0.0133	0.0004	0.3786	0.3540	0.0246	0.0038	0.0014	0.0024	0.0006	0.0006	0.0000	0.0033	0.0009	0.0024	1.1861	1.0671	0.1190	0.3601	0.3494	0.0107	0.8260	0.7177	0.1083	0.2339	0.1298	0.1042	0.0401	0.0371	0.0029	0.1939	0.0927	0.1012	20.2438	31.1188	9.1936	2.6897	2.5233	14.8258	27.3165	52.3012	9.6780	0.0163	0.0111	0.0229	0.0142	0.0151	0.0028	0.0168	0.0094	0.0235
94	104	0.1123	4	1	0	0	0	0	0	0	0	N	N	N	N	N	N	N	N	N	N	N	N	82.6678	14.0695	995.8832	13.5131	11.5252	1465.4099	64.3346	1.7002	1426.7913	0.6691	0.0665	5.9525	0.0399	0.0378	0.1043	0.9321	0.0798	6.5503	0.0081	0.0047	0.0060	0.0030	0.0033	0.0001	0.0145	0.0470	0.0046	10.2166	2.0824	0.2636	0.0000	8.4810	11.8100	2.3446	8.7888	0.4226	0.0377	0.3849	0.0074	0.0068	0.0006	0.4152	0.0309	0.3843	0.0004	0.0001	0.0003	0.0001	0.0001	0.0000	0.0004	0.0001	0.0003	0.6316	0.5669	0.0647	0.1862	0.1802	0.0060	0.4454	0.3868	0.0587	0.1439	0.0786	0.0653	0.0210	0.0194	0.0016	0.1230	0.0592	0.0638	233.5728	39.0650	1395.4356	13.5131	11.8630	1465.4099	327.1009	65.6770	1499.7271	0.0029	0.0017	0.0043	0.0030	0.0032	0.0001	0.0028	0.0012	0.0044
94	105	0.0762	3	1	0	0	0	0	0	0	0	N	N	N	N	N	N	N	N	N	N	N	N	29.6404	14.6117	372.3677	43.9715	39.5707	40590.7778	16.3241	0.1510	389.4267	0.2553	0.1451	1.1810	0.5820	0.5879	0.3020	0.1656	0.0081	1.2192	0.0086	0.0099	0.0032	0.0132	0.0149	0.0000	0.0101	0.0540	0.0031	0.9692	0.8555	0.0358	-0.0001	8.4810	14.7392	2.3446	7.3617	0.1747	0.0887	0.0860	0.0858	0.0849	0.0009	0.0889	0.0038	0.0851	0.0005	0.0002	0.0002	0.0002	0.0002	0.0000	0.0003	0.0001	0.0002	0.6844	0.6116	0.0728	0.1475	0.1445	0.0030	0.5369	0.4671	0.0698	0.1539	0.0850	0.0689	0.0181	0.0169	0.0013	0.1358	0.0682	0.0676	85.5806	49.8534	384.3040	67.1632	63.0852	40590.7778	74.4201	6.1469	389.4267	0.0030	0.0029	0.0031	0.0087	0.0093	0.0000	0.0022	0.0013	0.0031
94	106	0.0236	2	1	1	0	0	0	0	0	0	N	N	N	N	N	N	N	N	N	N	N	N	1.5044	1.2075	3.6178	0.6813	0.7370	93.0052	4.1349	10.7264	4.2946	0.4760	0.5486	0.1069	0.7870	0.8729	0.0892	0.3208	0.3703	0.1120	0.3164	0.4543	0.0296	1.1551	1.1844	0.0010	0.0776	0.0345	0.0261	0.0383	0.5158	-0.1534	-0.0011	8.4810	20.0414	2.3446	7.0324	0.6132	0.5905	0.0226	0.3375	0.3333	0.0042	0.2757	0.2573	0.0184	0.0039	0.0026	0.0013	0.0025	0.0025	0.0000	0.0014	0.0001	0.0013	1.2881	1.0764	0.2116	0.4288	0.3818	0.0470	0.8593	0.6946	0.1646	0.1844	0.0931	0.0913	0.0105	0.0099	0.0006	0.1739	0.0832	0.0907	22.3760	19.7369	7.3134	3.2916	3.4519	93.0052	39.3965	375.5539	7.6154	0.0213	0.0278	0.0146	0.2391	0.2529	0.0010	0.0081	0.0010	0.0147
94	109	0.1581	5	1	1	0	0	0	0	0	0	N	N	N	N	N	N	N	N	N	N	N	N	0.2283	1.1295	0.0981	1.4633	1.4674	6.6604	0.1502	1.1095	0.0966	0.5814	0.5348	1.0060	0.9399	0.9707	0.0369	0.4339	0.3362	1.1100	2.5468	0.4734	10.2539	0.6423	0.6615	0.0055	2.8891	0.3030	11.4854	0.2068	156.0112	-0.1223	0.2989	8.4810	40.5309	2.3446	14.7974	1.0567	0.8756	0.1811	0.4981	0.4975	0.0006	0.5586	0.3782	0.1805	0.8182	0.0052	0.8130	0.0047	0.0047	0.0000	0.8135	0.0006	0.8130	1.8175	1.6374	0.1800	0.5300	0.5125	0.0175	1.2875	1.1249	0.1626	0.3213	0.1741	0.1472	0.0397	0.0363	0.0034	0.2816	0.1378	0.1438	0.2283	17.8654	0.1821	7.9850	7.5710	6.6604	0.1502	82.7451	0.1963	2.5468	0.0299	5.5243	0.1177	0.1282	0.0055	2.8891	0.0041	5.6546
94	110	0.1322	4	1	1	0	0	0	0	0	0	N	N	N	N	N	N	N	N	N	N	N	N	0.1481	0.4681	0.2492	1.8190	1.7124	4.6959	0.0928	0.1472	0.2854	0.1148	0.0804	0.4253	0.1912	0.1967	0.0153	0.0836	0.0276	0.4647	0.7750	0.1719	1.7067	0.1051	0.1148	0.0033	0.9011	0.1878	1.6281	0.5849	14.3882	0.0064	0.0038	8.4810	13.5236	2.3446	3.5331	0.0782	0.0494	0.0289	0.0378	0.0377	0.0001	0.0404	0.0117	0.0288	0.0125	0.0008	0.0117	0.0007	0.0007	0.0000	0.0118	0.0001	0.0117	0.6815	0.6136	0.0679	0.1977	0.1917	0.0060	0.4838	0.4219	0.0619	0.1177	0.0654	0.0523	0.0189	0.0173	0.0017	0.0988	0.0481	0.0506	1.0831	6.4872	1.9079	5.2300	4.9400	4.6959	0.7006	10.7497	2.0185	0.1060	0.0124	0.2229	0.0366	0.0398	0.0033	0.1193	0.0026	0.2302
94	111	0.0762	3	1	0	0	0	0	0	0	0	N	N	N	N	N	N	N	N	N	N	N	N	2.5205	0.6098	81.1278	0.4185	0.4202	0.1480	2.9472	0.1333	102.8258	0.5526	0.0491	4.7898	0.0191	0.0194	0.0046	0.6987	0.0582	4.9978	0.2192	0.0805	0.0590	0.0457	0.0463	0.0309	0.2371	0.4371	0.0486	11.5900	2.4177	0.2736	0.0003	8.4810	16.9399	2.3446	15.9768	0.4319	0.0343	0.3976	0.0032	0.0032	0.0000	0.4287	0.0311	0.3975	0.0036	0.0010	0.0025	0.0005	0.0004	0.0001	0.0031	0.0006	0.0025	0.7816	0.6985	0.0830	0.1680	0.1646	0.0035	0.6135	0.5340	0.0795	0.2169	0.1174	0.0995	0.0227	0.0209	0.0018	0.1942	0.0965	0.0976	33.6302	5.5290	189.0170	0.8951	0.9315	0.1689	44.0740	9.2612	197.4846	0.0164	0.0089	0.0253	0.0214	0.0209	0.0271	0.0159	0.0063	0.0253
94	112	0.1224	5	2	1	0	1	0	0	0	0	Y	N	N	N	N	N	N	N	N	N	N	N	0.0273	0.0150	10.1802	0.0359	0.0334	0.0181	0.0013	11.3879	0.0154	0.0117	0.0402	0.0240	0.0242	0.0000	0.0097	0.0015	0.0413	0.5618	0.7795	0.0040	0.6680	0.7245	0.0000	0.5355	1.2295	0.0036	0.5006	0.0344	0.0000	-0.0004	8.4810	0.0019	2.3446	1.9928	0.0000	0.0000	0.0000	0.0000	0.0000	0.0000	0.0000	0.0000	0.0000	0.0006	0.0006	0.0000	0.0002	0.0002	0.0000	0.0004	0.0004	0.0000	0.0002	0.0002	0.0000	0.0001	0.0001	0.0000	0.0001	0.0001	0.0000	0.0128	0.0069	0.0059	0.0019	0.0017	0.0002	0.0109	0.0052	0.0057	0.3169	0.1348	11.5241	0.1949	0.1740	0.0000	0.2720	0.0218	11.3879	0.0485	0.0870	0.0035	0.1232	0.1391	0.0000	0.0357	0.0705	0.0036	
94	113	0.0988	4	2	1	0	1	0	0	0	0	Y	N	N	N	N	N	N	N	N	N	N	N	0.2657	0.5415	0.8408	6.4664	5.6600	6.6351	0.1499	0.0231	1.0303	0.1674	0.1097	0.6269	0.3269	0.3336	0.0081	0.1081	0.0143	0.6595	0.6300	0.2026	0.7456	0.0505	0.0589	0.0012	0.7212	0.6188	0.6402	0.7178	7.7630	0.0099	0.0015	8.4810	8.6942	2.3446	6.0502	0.0760	0.0443	0.0318	0.0402	0.0402	0.0000	0.0358	0.0040	0.0317	0.0058	0.0007	0.0051	0.0002	0.0002	0.0000	0.0055	0.0004	0.0051	0.4541	0.4034	0.0507	0.1231	0.1205	0.0025	0.3310	0.2829	0.0481	0.0954	0.0485	0.0469	0.0104	0.0092	0.0012	0.0851	0.0394	0.0457	2.7779	8.1151	5.7686	14.2190	12.9056	6.6351	1.6683	1.3428	5.9147	0.0603	0.0135	0.1087	0.0230	0.0258	0.0012	0.0648	0.0106	0.1115
94	114	0.1199	8	1	1	0	1	0	0	0	0	N	N	N	N	N	N	N	N	N	N	N	N	0.0000	0.0000	0.0000	0.0000	0.0000	0.0000	0.0000	0.0000	0.0000	0.0000	0.0000	0.0000	0.0000	0.0041	0.0000	0.0029	0.0000	0.0000	0.0000	0.0122	0.0000	0.0030	inf	0.0000	0.0000	8.4810	0.0001	2.3446	0.0001	0.0000	0.0000	0.0000	0.0000	0.0000	0.0000	0.0000	0.0000	0.0000	0.0000	0.0000	0.0000	0.0000	0.0000	0.0000	0.0000	0.0000	0.0000	0.0000	0.0000	0.0000	0.0000	0.0000	0.0000	0.0000	0.0000	0.0000	0.0000	0.0000	0.0000	0.0000	0.0000	0.0000	0.0000	0.0000	0.0000	0.0000	0.0000	0.0000	0.0000	0.0000	0.0000	0.0000	0.0000	0.0000	0.0016	0.0000	0.0029	0.0000	0.0000	0.0000	0.0025	0.0000	0.0030						
94	115	0.1132	7	1	1	0	1	0	0	0	0	N	N	N	N	N	N	N	N	N	N	N	N	0.0000	0.0000	0.0000	0.0000	0.0000	0.0000	0.0000	0.0000	0.0000	0.0000	0.0000	0.0000	0.0000	0.0000	0.0000	0.0000	0.0129	0.0017	0.0123	0.0048	0.0060	0.0000	0.0231	0.0000	0.0101	9.0007	0.0000	0.0000	8.4810	3.0007	2.3446	1.0012	0.0000	0.0000	0.0000	0.0000	0.0000	0.0000	0.0000	0.0000	0.0000	0.0001	0.0000	0.0001	0.0000	0.0000	0.0000	0.0001	0.0000	0.0001	0.1439	0.1293	0.0146	0.0380	0.0370	0.0010	0.1059	0.0923	0.0136	0.0249	0.0125	0.0124	0.0024	0.0021	0.0003	0.0226	0.0105	0.0121	0.0000	0.0000	0.0000	0.0000	0.0000	0.0000	0.0000	0.0000	0.0000	0.0040	0.0008	0.0072	0.0042	0.0049	0.0000	0.0040	0.0000	0.0074			
94	116	0.1113	6	1	0	0	1	0	0	0	0	N	N	N	N	N	N	N	N	N	N	N	N	0.0039	0.0000	0.5629	0.0001	0.0000	inf	0.1172	0.5618	0.0000	0.0000	0.0000	0.0000	0.0000	0.0000	0.0000	0.0000	0.0000	0.0002	0.0005	0.0000	0.0020	0.0023	0.0000	0.0000	0.0000	0.0000	inf	0.0355	0.0000	-0.0000	8.4810	1.1177	2.3446	0.0023	0.0000	0.0000	0.0000	0.0000	0.0000	0.0000	0.0000	0.0000	0.0000	0.0000	0.0000	0.0000	0.0000	0.0000	0.0000	0.0000	0.0000	0.0000	0.0559	0.0503	0.0056	0.0161	0.0157	0.0004	0.0397	0.0346	0.0051	0.0070	0.0035	0.0035	0.0007	0.0006	0.0001	0.0064	0.0029	0.0034	0.0039	0.0000	0.5629	0.0001	0.0000	inf	0.1350	0.0000	0.5618	0.0002	0.0004	0.0000	0.0020	0.0023	0.0000	0.0000	0.0000	0.0000	
94	117	0.1666	4	1	1	0	0	0	0	0	0	N	N	N	N	N	N	N	N	N	N	N	N	2.6554	5.6388	2.2305	20.8472	19.8759	23.4786	1.8384	0.9632	2.3863	0.5450	0.5989	0.1056	0.7655	0.8094	0.1136	0.4297	0.4799	0.1036	0.2052	0.1062	0.0473	0.0367	0.0407	0.0048	0.2337	0.4983	0.0434	0.0216	2.0364	-0.2228	0.0002	8.4810	31.2782	2.3446	23.9277	0.8377	0.8200	0.0177	0.4041	0.4003	0.0038	0.4337	0.4197	0.0140	0.0054	0.0018	0.0036	0.0008	0.0008	0.0000	0.0046	0.0010	0.0036	1.5371	1.3691	0.1681	0.5278	0.4946	0.0333	1.0093	0.8745	0.1348	0.3415	0.1799	0.1616	0.0422	0.0391	0.0031	0.2993	0.1408	0.1585	34.4779	60.6052	4.7122	42.0746	42.0431	23.4786	27.7727	65.8981	4.5543	0.0158	0.0099	0.0224	0.0182	0.0193	0.0048	0.0155	0.0073	0.0227
94	118	0.1113	6	1	0	1	1	0	0	0	0	N	N	N	N	N	N	N	N	N	N	N	N	0.0000	0.0000	0.0000	0.0000	0.0000	inf	0.0000	0.0000	0.0000	0.0000	0.0000	0.0000	0.0000	0.0000	0.0000	0.0000	0.0000	1.0447	0.0138	3.2967	0.0406	0.0499	0.0000	1.2218	0.0000	3.2972	inf	206.0434	0.0000	0.0060	8.4810	3.8827	2.3446	2.9998	0.0000	0.0000	0.0000	0.0000	0.0000	0.0000	0.0000	0.0000	0.0000	0.0163	0.0001	0.0162	0.0001	0.0001	0.0000	0.0162	0.0000	0.0162	0.1877	0.1688	0.0189	0.0508	0.0495	0.0013	0.1369	0.1193	0.0176	0.0426	0.0214	0.0212	0.0040	0.0035	0.0006	0.0385	0.0179	0.0206	0.0000	0.0000	0.0000	0.0000	0.0000	inf	0.0000	0.0000	0.0000	0.3817	0.0037	0.7626	0.0194	0.0226	0.0000	0.4197	0.0000	0.7838	
94	119	0.1084	5	1	0	0	1	0	0	0	0	N	N	N	N	N	N	N	N	N	N	N	N	3.6807	0.0395	76.4741	4.2548	0.7193	inf	1.8017	0.0000	77.7463	0.0012	0.0000	0.0121	0.0003	0.0001	0.0077	0.0016	0.0000	0.0126	0.0003	0.0005	0.0002	0.0001	0.0001	0.0000	0.0009	0.0118	0.0002	60.3004	0.4053	0.0001	-0.0000	8.4810	2.8083	2.3446	0.0030	0.0002	0.0000	0.0002	0.0000	0.0000	0.0000	0.0002	0.0000	0.0002	0.0000	0.0000	0.0000	0.0000	0.0000	0.0000	0.0000	0.0000	0.0000	0.1589	0.1438	0.0151	0.0519	0.0503	0.0017	0.1069	0.0935	0.0134	0.0176	0.0088	0.0088	0.0017	0.0014	0.0002	0.0159	0.0074	0.0086	4.2662	0.0541	76.4741	4.2548	0.7193	inf	5.3782	0.0003	77.7463	0.0003	0.0004	0.0002	0.0001	0.0001	0.0000	0.0003	0.0004	0.0002
94	120	0.1084	5	1	0	1	1	0	0	0	0	N	N	N	N	N	N	N	N	N	N	N	N	5207.7163	2968.9652	0.4816	27363.8209	24208.8514	1247.3988	64.6286	0.5102	0.3085	0.3425	0.0000	0.5332	0.5487	0.0000	0.2205	0.2525	0.0000	0.0001	0.0001	0.0000	0.0000	0.0000	0.0000	0.0002	0.0039	0.0000	0.0000	0.0270	-0.0421	-0.0000	8.4810	9.6158	2.3446	0.0030	0.1467	0.1467	0.0000	0.0714	0.0714	0.0000	0.0753	0.0753	0.0000	0.0000	0.0000	0.0000	0.0000	0.0000	0.0000	0.0000	0.0000	0.0000	0.4755	0.4283	0.0471	0.1339	0.1301	0.0038	0.3416	0.2982	0.0433	0.0594	0.0298	0.0296	0.0056	0.0048	0.0008	0.0537	0.0249	0.0288	5207.7163	2976.6254	0.4816	27363.8209	24208.8514	0.0000	3476.6379	1898.7661	0.5102	0.0001	0.0001	0.0000	0.0000	0.0000	0.0000	0.0001	0.0001	0.0000	
94	121	0.0988	4	1	0	0	1	0	0	0	0	N	N	N	N	N	N	N	N	N	N	N	N	0.0054	0.0012	4.8164	0.1093	0.0926	16.7590	0.0055	0.0005	6.1583	0.0037	0.0011	0.0228	0.0019	0.0019	0.0033	0.0045	0.0008	0.0237	0.6888	0.9685	0.0047	0.0177	0.0206	0.0002	0.8116	1.7010	0.0038	2.6941	0.0249	0.0004	-0.0020	8.4810	4.2457	2.3446	2.0144	0.0009	0.0003	0.0007	0.0001	0.0001	0.0000	0.0008	0.0001	0.0007	0.0033	0.0032	0.0001	0.0001	0.0001	0.0000	0.0032	0.0031	0.0001	0.2489	0.2192	0.0297	0.0735	0.0723	0.0013	0.1753	0.1469	0.0284	0.0436	0.0225	0.0211	0.0057	0.0051	0.0005	0.0379	0.0173	0.0206	0.0499	0.0081	6.0717	0.1799	0.1614	16.7590	0.0531	0.0043	6.1583	0.0748	0.1415	0.0038	0.0107	0.0118	0.0002	0.0843	0.1798	0.0038
94	122	0.0566	3	1	0	0	1	0	0	0	0	N	N	N	N	N	N	N	N	N	N	N	N	2.5016	0.0268	289.9427	0.3076	0.2737	1.0886	2.2827	0.0020	300.5869	0.0983	0.0050	0.8447	0.0142	0.0144	0.0009	0.1273	0.0013	0.8821	0.0393	0.1857	0.0029	0.0461	0.0527	0.0008	0.0558	0.6333	0.0029	21.2185	0.2343	0.0403	-0.0005	8.4810	11.9190	2.3446	13.1740	0.0603	0.0027	0.0576	0.0022	0.0022	0.0000	0.0581	0.0005	0.0576	0.0012	0.0010	0.0002	0.0002	0.0002	0.0000	0.0010	0.0008	0.0002	0.6134	0.5452	0.0682	0.1570	0.1541	0.0029	0.4564	0.3911	0.0653	0.1563	0.0772	0.0792	0.0090	0.0082	0.0008	0.1473	0.0689	0.0784	12.6569	0.3905	289.9427	0.6589	0.6139	1.0886	18.3758	0.1098	300.5869	0.0078	0.0128	0.0029	0.0215	0.0235	0.0008	0.0069	0.0115	0.0029
94	123	0.5418	9	1	0	1	1	0	0	0	0	N	N	N	N	N	N	N	N	N	N	N	N	0.2666	0.1112	4.8063	0.2253	0.1836	293.5040	0.1978	0.0056	5.4211	0.0016	0.0009	0.0091	0.0003	0.0002	0.0006	0.0027	0.0014	0.0114	0.0060	0.0078	0.0019	0.0012	0.0014	0.0000	0.0134	0.2521	0.0021	1.0203	0.5277	0.0002	-0.0000	8.4810	12.8936	2.3446	4.1514	0.0010	0.0005	0.0005	0.0001	0.0001	0.0000	0.0009	0.0004	0.0005	0.0002	0.0001	0.0001	0.0000	0.0000	0.0000	0.0001	0.0001	0.0001	0.6247	0.5690	0.0557	0.2753	0.2632	0.0121	0.3495	0.3059	0.0436	0.0749	0.0447	0.0302	0.0238	0.0207	0.0031	0.0512	0.0241	0.0271	0.7270	0.3604	4.8063	0.2253	0.1836	293.5040	0.9909	0.4229	5.4211	0.0022	0.0024	0.0019	0.0012	0.0014	0.0000	0.0027	0.0033	0.0021
94	124	0.0720	4	1	1	0	0	0	0	0	0	N	N	N	N	N	N	N	N	N	N	N	N	0.0087	0.3342	0.0004	0.1442	0.1276	0.1149	0.0080	0.0495	0.0005	0.0060	0.0066	0.0004	0.0051	0.0052	0.0001	0.0063	0.0072	0.0005	0.6879	0.0199	1.1088	0.0352	0.0407	0.0006	0.7887	0.1452	0.9728	0.0075	31.1646	-0.0010	0.0035	8.4810	12.7386	2.3446	8.7370	0.0037	0.0037	0.0000	0.0008	0.0008	0.0000	0.0029	0.0029	0.0000	0.0102	0.0003	0.0099	0.0002	0.0002	0.0000	0.0100	0.0001	0.0099	0.6153	0.5533	0.0620	0.1564	0.1530	0.0034	0.4589	0.4004	0.0586	0.1376	0.0685	0.0691	0.0106	0.0098	0.0008	0.1269	0.0587	0.0683	0.0811	1.4327	0.0031	0.2863	0.2712	0.1149	0.0803	3.2628	0.0032	0.0742	0.0046	0.1431	0.0177	0.0191	0.0006	0.0789	0.0022	0.1448
94	125	0.0566	3	1	1	0	0	0	0	0	0	N	N	N	N	N	N	N	N	N	N	N	N	0.9842	3.9504	0.9089	1.7387	1.6263	0.5494	0.5602	0.7551	1.1952	0.0083	0.0085	0.0065	0.0090	0.0091	0.0011	0.0080	0.0083	0.0067	0.0084	0.0022	0.0072	0.0052	0.0056	0.0021	0.0144	0.0110	0.0056	0.0980	5.3180	-0.0008	0.0000	8.4810	8.6431	2.3446	1.4782	0.0039	0.0035	0.0003	0.0011	0.0011	0.0000	0.0028	0.0024	0.0003	0.0002	0.0000	0.0002	0.0000	0.0000	0.0000	0.0002	0.0000	0.0002	0.4671	0.4139	0.0532	0.1243	0.1222	0.0021	0.3428	0.2917	0.0511	0.0664	0.0329	0.0336	0.0045	0.0041	0.0003	0.0620	0.0288	0.0332	2.8164	9.0517	1.3237	2.0317	1.9784	0.5494	2.8330	19.9117	1.3613	0.0029	0.0009	0.0049	0.0044	0.0046	0.0021	0.0028	0.0004	0.0049
94	126	0.0471	2	1	0	0	0	0	0	0	0	N	N	N	N	N	N	N	N	N	N	N	N	5.2747	2.3650	34.2228	3.6535	3.8544	0.3844	6.5270	0.4935	50.3547	0.1522	0.0984	0.3686	0.2373	0.2390	0.0663	0.1124	0.0069	0.3733	0.0289	0.0416	0.0108	0.0650	0.0620	0.1724	0.0172	0.0139	0.0074	0.9330	0.7930	0.0094	-0.0001	8.4810	4.1618	2.3446	2.0491	0.0479	0.0248	0.0231	0.0238	0.0237	0.0001	0.0241	0.0010	0.0230	0.0003	0.0002	0.0002	0.0002	0.0002	0.0000	0.0001	0.0000	0.0001	0.3144	0.2517	0.0627	0.1002	0.0992	0.0010	0.2142	0.1525	0.0617	0.0511	0.0282	0.0229	0.0071	0.0069	0.0002	0.0440	0.0213	0.0227	22.4620	14.3563	55.1311	8.3430	9.0221	0.7333	34.2793	13.5138	63.4520	0.0068	0.0069	0.0067	0.0284	0.0265	0.0904	0.0033	0.0005	0.0059
94	128	0.5541	10	2	1	0	0	0	0	0	0	Y	N	N	N	N	N	N	N	N	N	N	N	391.5045	2605.2549	0.0000	349.1109	320.2781	335.1377	inf	0.0000	0.0025	0.0027	0.0000	0.0007	0.0007	0.0000	0.0038	0.0044	0.0000	0.0000	0.0000	0.0000	0.0000	0.0000	0.0000	0.0000	0.0000	0.0000	0.0000	8.7936	-0.0001	0.0000	8.4810	2.0107	2.3446	1.9995	0.0002	0.0002	0.0000	0.0000	0.0000	0.0000	0.0002	0.0002	0.0000	0.0000	0.0000	0.0000	0.0000	0.0000	0.0000	0.0000	0.0000	0.0000	0.0911	0.0824	0.0087	0.0398	0.0377	0.0022	0.0513	0.0447	0.0065	0.0172	0.0106	0.0066	0.0057	0.0049	0.0008	0.0115	0.0056	0.0059	391.5045	2605.2549	0.0000	349.1109	320.2781	0.0000	455.8209	inf	0.0000	0.0000	0.0000	0.0000	0.0000	0.0000	0.0000	0.0000	0.0000	0.0000	
94	129	0.5418	9	2	1	0	0	0	0	0	0	Y	N	N	N	N	N	N	N	N	N	N	N	137.5965	1922.5443	0.0000	1436.9461	1322.0237	inf	48.8288	22946.5564	0.0000	0.8480	0.9275	0.0000	0.9280	0.9676	0.0000	0.7805	0.8905	0.0000	0.0062	0.0005	0.0075	0.0006	0.0007	0.0000	0.0160	0.0000	0.0070	0.0000	9.6407	-0.0733	0.0000	8.4810	5.6459	2.3446	1.1399	0.2553	0.2553	0.0000	0.1278	0.1278	0.0000	0.1275	0.1275	0.0000	0.0001	0.0000	0.0001	0.0000	0.0000	0.0000	0.0001	0.0000	0.0001	0.3011	0.2752	0.0258	0.1377	0.1321	0.0056	0.1634	0.1432	0.0202	0.0326	0.0194	0.0132	0.0108	0.0095	0.0013	0.0218	0.0099	0.0120	373.8291	2583.3695	0.0000	1436.9461	1322.0237	inf	254.4331	8782307.9783	0.0000	0.0023	0.0004	0.0051	0.0006	0.0007	0.0000	0.0031	0.0000	0.0056
94	130	0.5115	8	1	0	0	0	0	0	0	0	N	N	N	N	N	N	N	N	N	N	N	N	0.4453	0.2622	2.6590	0.7872	0.4267	85.9728	0.6693	8.3176	0.0235	0.0232	0.0210	0.0439	0.0231	0.0150	0.1663	0.0232	0.0267	0.0003	0.0521	0.0801	0.0165	0.0294	0.0351	0.0019	0.0347	0.0032	0.0139	0.2221	0.6288	-0.0016	-0.0002	8.4810	11.6079	2.3446	5.3766	0.0151	0.0123	0.0027	0.0070	0.0043	0.0027	0.0081	0.0081	0.0000	0.0008	0.0005	0.0003	0.0005	0.0005	0.0000	0.0003	0.0000	0.0003	0.6505	0.5881	0.0624	0.3030	0.2866	0.0164	0.3476	0.3015	0.0460	0.0948	0.0579	0.0370	0.0329	0.0293	0.0035	0.0620	0.0285	0.0335	2.6435	2.3782	5.0529	1.4768	0.8636	85.9728	4.5407	277.4892	0.0347	0.0088	0.0088	0.0087	0.0157	0.0173	0.0019	0.0051	0.0001	0.0094
94	131	0.4936	7	1	0	0	0	0	0	0	0	N	N	N	N	N	N	N	N	N	N	N	N	0.1014	0.0777	1.4806	0.1960	0.1715	1.2575	0.1487	0.3010	0.2276	0.0503	0.0431	0.1168	0.0832	0.0634	0.3966	0.0229	0.0249	0.0091	0.4958	0.5549	0.0789	0.4245	0.3699	0.3154	0.1538	0.0827	0.0398	0.2905	0.3797	-0.0007	-0.0013	8.4810	3.9355	2.3446	8.7078	0.0118	0.0092	0.0027	0.0089	0.0064	0.0025	0.0029	0.0028	0.0001	0.0037	0.0027	0.0010	0.0030	0.0026	0.0004	0.0007	0.0000	0.0006	0.2351	0.2123	0.0228	0.1068	0.1004	0.0063	0.1283	0.1119	0.0164	0.0961	0.0635	0.0326	0.0365	0.0337	0.0028	0.0596	0.0297	0.0299	1.3128	1.0264	3.7631	1.0107	0.8174	2.8366	2.0166	15.0376	0.4316	0.0383	0.0420	0.0310	0.0823	0.0776	0.1398	0.0113	0.0017	0.0210
94	132	0.4820	6	1	0	0	0	0	0	0	0	N	N	N	N	N	N	N	N	N	N	N	N	0.0750	0.0514	1.6171	0.1973	0.1376	97.6825	0.0800	0.1990	0.4400	0.0326	0.0271	0.0855	0.0529	0.0401	0.2825	0.0167	0.0159	0.0217	0.4349	0.5270	0.0529	0.2679	0.2911	0.0029	0.2082	0.0799	0.0493	0.3324	0.3629	-0.0004	-0.0009	8.4810	6.2657	2.3446	3.9760	0.0118	0.0088	0.0029	0.0084	0.0061	0.0024	0.0034	0.0028	0.0006	0.0025	0.0018	0.0007	0.0018	0.0018	0.0000	0.0007	0.0000	0.0007	0.3611	0.3267	0.0344	0.1595	0.1511	0.0084	0.2016	0.1756	0.0260	0.0773	0.0492	0.0281	0.0295	0.0270	0.0025	0.0479	0.0223	0.0256	1.0167	0.7317	3.6345	0.8692	0.6050	97.6825	1.1547	9.7810	0.8496	0.0321	0.0370	0.0235	0.0608	0.0662	0.0029	0.0144	0.0016	0.0256
94	133	0.4047	5	1	0	0	0	0	0	0	0	N	N	N	N	N	N	N	N	N	N	N	N	0.0880	0.1544	0.2865	2.4646	1.8720	33.5311	0.0431	0.0097	0.2868	0.0498	0.0318	0.1872	0.0775	0.0652	0.2977	0.0307	0.0060	0.1618	0.5656	0.2057	0.6536	0.0315	0.0348	0.0089	0.7116	0.6186	0.5640	0.7711	4.9836	0.0101	0.0029	8.4810	26.7012	2.3446	18.2690	0.0679	0.0383	0.0296	0.0431	0.0343	0.0088	0.0248	0.0041	0.0208	0.0140	0.0023	0.0116	0.0014	0.0014	0.0001	0.0125	0.0010	0.0116	1.3651	1.2072	0.1579	0.5556	0.5260	0.0296	0.8095	0.6812	0.1283	0.2872	0.1712	0.1161	0.0861	0.0786	0.0076	0.2011	0.0926	0.1085	1.0231	2.3293	1.8682	4.7093	3.7886	33.5311	0.4916	0.5639	1.5175	0.0486	0.0136	0.1002	0.0165	0.0172	0.0089	0.0624	0.0106	0.1066
94	134	0.1666	4	1	0	0	0	0	0	0	0	N	N	N	N	N	N	N	N	N	N	N	N	1.4125	2.6169	13.6102	4.5001	3.7961	133.4775	1.5248	0.6699	20.2384	0.6634	0.2911	3.9064	0.3333	0.3029	0.8684	0.8188	0.2852	4.5164	0.4697	0.1113	0.2870	0.0741	0.0798	0.0065	0.5370	0.4257	0.2232	1.5402	5.6003	0.5580	0.0047	8.4810	61.4372	2.3446	55.8589	1.7482	0.6882	1.0600	0.2812	0.2417	0.0394	1.4671	0.4465	1.0206	0.0211	0.0032	0.0179	0.0017	0.0016	0.0000	0.0195	0.0016	0.0179	2.6353	2.3639	0.2714	0.8435	0.7982	0.0454	1.7917	1.5657	0.2260	0.5986	0.3120	0.2866	0.0554	0.0507	0.0047	0.5431	0.2613	0.2819	18.7779	28.3533	62.3856	11.1304	9.4295	133.4775	22.8220	47.3211	71.0637	0.0353	0.0103	0.0626	0.0299	0.0321	0.0065	0.0359	0.0060	0.0636
94	135	0.0762	3	1	0	0	0	0	0	0	0	N	N	N	N	N	N	N	N	N	N	N	N	1.0660	0.8363	12.4447	2.1804	2.0920	32.6266	0.8295	0.2692	11.2871	0.3679	0.3469	0.5470	0.9459	0.8994	3.1510	0.2125	0.1802	0.4337	0.3451	0.4148	0.0440	0.4338	0.4299	0.0966	0.2562	0.6692	0.0384	0.1849	0.7293	-0.0677	-0.0015	8.4810	31.7621	2.3446	18.5886	0.5169	0.4362	0.0807	0.2816	0.2622	0.0194	0.2353	0.1740	0.0613	0.0072	0.0042	0.0031	0.0025	0.0023	0.0002	0.0048	0.0019	0.0029	1.4049	1.2574	0.1475	0.2976	0.2915	0.0061	1.1072	0.9659	0.1413	0.3124	0.1667	0.1457	0.0296	0.0269	0.0027	0.2828	0.1398	0.1430	15.8815	13.8195	26.1122	11.3424	10.4904	52.2878	12.6006	13.3902	21.4695	0.0232	0.0251	0.0209	0.0834	0.0857	0.0603	0.0169	0.0135	0.0202
95	96	0.5037	5	0	2	0	1	0	0	0	0	N	Y	N	N	N	N	N	N	N	N	N	N	0.6881	0.0003	10.3795	1.4959	0.0008	2666.8345	0.0006	0.0098	0.0066	0.5745	0.0003	5.2506	1.9791	0.0011	35.1715	0.0004	0.0000	0.0029	0.8349	1.0255	0.5059	1.3230	1.3622	0.0132	0.6620	0.0019	0.4407	1889.0092	0.3323	0.7120	-0.0459	24.0032	18.5150	22.6134	10.2301	0.9995	0.0005	0.9990	0.9990	0.0005	0.9985	0.0005	0.0000	0.0005	0.1211	0.0909	0.0302	0.0912	0.0909	0.0003	0.0299	0.0000	0.0299	1.7398	1.5496	0.1903	0.5048	0.4764	0.0284	1.2350	1.0732	0.1619	0.8880	0.5376	0.3504	0.3180	0.2930	0.0250	0.5700	0.2446	0.3254	4.2127	0.0020	60.9069	6.9008	0.0034	2666.8345	0.0076	0.4559	0.0316	0.1364	0.1691	0.0862	0.2868	0.3102	0.0132	0.0524	0.0000	0.0918
95	97	0.1155	2	0	2	0	1	0	0	0	0	N	Y	N	N	N	N	N	N	N	N	N	N	9552.6098	4670.7197	56299.3319	2.8457	2.8430	1.7772	74076.0895	inf	93696.9506	1.2465	1.1425	1.9580	0.0064	0.0065	0.0029	1.2761	1.1726	1.9711	0.0001	0.0002	0.0000	0.0023	0.0023	0.0017	0.0000	0.0000	0.0000	0.2505	0.1450	-0.4333	-0.0001	24.0032	46.1140	22.6134	26.4917	4.9917	3.9917	1.0000	0.0006	0.0006	0.0000	4.9911	3.9911	1.0000	0.0002	0.0002	0.0000	0.0002	0.0002	0.0000	0.0000	0.0000	0.0000	4.0046	3.4939	0.5107	0.0936	0.0902	0.0034	3.9110	3.4037	0.5073	1.7568	0.9221	0.8347	0.0941	0.0871	0.0070	1.6627	0.8350	0.8277	9552.6098	5261.7272	56299.3319	2.8457	2.8430	1.7772	121857.8905	inf	93696.9506	0.0001	0.0002	0.0000	0.0023	0.0023	0.0017	0.0000	0.0000	0.0000
95	98	0.5567	7	0	2	0	1	0	0	0	0	N	Y	N	N	N	N	N	N	N	N	N	N	87.1948	35.5235	70.3614	56.6227	inf	inf	1.0718	1.1986	0.0000	1.6465	1.7347	0.0000	0.8210	0.9434	0.0000	0.0123	0.0337	0.0000	0.0234	0.0306	0.0000	0.0000	0.0000	0.0000	0.0000	0.0000	-0.5384	-0.0014	24.0032	20.7840	22.6134	8.9470	1.8750	1.8750	0.0000	0.8751	0.8751	0.0000	0.9998	0.9998	0.0000	0.0023	0.0023	0.0000	0.0023	0.0023	0.0000	0.0000	0.0000	0.0000	1.7493	1.5643	0.1850	0.5315	0.5045	0.0270	1.2178	1.0598	0.1580	0.5981	0.3691	0.2290	0.1718	0.1456	0.0262	0.4263	0.2234	0.2029	279.9215	193.1694	0.0000	123.5014	110.3084	0.0000	inf	inf	0.0000	0.0038	0.0062	0.0000	0.0133	0.0157	0.0000	0.0000	0.0000	0.0000			
95	99	0.5517	6	0	1	0	1	0	0	0	0	N	N	N	N	N	N	N	N	N	N	N	N	0.5557	0.4627	0.4737	0.5071	0.5340	0.0001	0.4189	0.2831	0.7929	0.5024	0.4608	0.8983	0.5569	0.5934	0.0000	0.4260	0.2572	1.4443	0.9041	0.9959	1.8961	1.0982	1.1113	0.0527	1.0170	0.9087	1.8216	0.2048	1.1955	-0.0408	-0.0025	24.0032	2.7834	22.6134	1.0450	0.3485	0.2892	0.0592	0.2256	0.2256	0.0000	0.1229	0.0637	0.0592	0.0295	0.0134	0.0161	0.0125	0.0124	0.0001	0.0170	0.0011	0.0160	0.6936	0.6276	0.0660	0.4051	0.3802	0.0249	0.2885	0.2475	0.0410	0.1495	0.0872	0.0624	0.0549	0.0518	0.0031	0.0946	0.0353	0.0593	2.5443	2.9864	3.4846	2.4463	2.4853	0.0001	2.3670	8.4316	5.3676	0.1975	0.1543	0.2578	0.2276	0.2388	0.0403	0.1800	0.0305	0.2691
95	100	0.5417	5	0	1	0	1	0	0	0	0	N	N	N	N	N	N	N	N	N	N	N	N	0.7730	0.8119	0.0466	1.6133	1.7163	0.4461	0.0151	0.0234	0.0628	0.5380	0.5947	0.0222	1.0653	1.1378	0.0145	0.0098	0.0074	0.0259	0.6959	0.7325	0.4761	0.6603	0.6629	0.0326	0.6525	0.3139	0.4124	0.0041	0.6920	-0.1973	-0.0062	24.0032	7.6044	22.6134	2.7972	0.6969	0.6940	0.0028	0.6905	0.6899	0.0006	0.0064	0.0041	0.0022	0.0284	0.0168	0.0116	0.0167	0.0164	0.0003	0.0118	0.0004	0.0113	1.2954	1.1670	0.1284	0.6482	0.6063	0.0419	0.6472	0.5607	0.0865	0.3673	0.2286	0.1387	0.1378	0.1272	0.0106	0.2295	0.1014	0.1281	6.9525	8.0926	0.2649	8.8054	8.8403	0.5119	0.1920	1.7361	0.2930	0.0774	0.0735	0.0838	0.1210	0.1287	0.0284	0.0512	0.0042	0.0884
95	101	0.4921	4	0	1	0	1	0	0	0	0	N	N	N	N	N	N	N	N	N	N	N	N	0.2263	0.2168	0.0052	0.4539	0.4767	0.0596	0.0055	0.0116	0.0031	0.2006	0.2242	0.0076	0.6783	0.7157	0.0273	0.0048	0.0048	0.0043	0.8866	1.0339	1.4792	1.4942	1.5015	0.4583	0.8640	0.4184	1.3781	0.0042	0.6845	-0.1013	-0.0297	24.0032	18.4780	22.6134	12.4520	0.3581	0.3566	0.0015	0.3521	0.3513	0.0008	0.0060	0.0053	0.0007	0.1339	0.0795	0.0544	0.0826	0.0780	0.0046	0.0513	0.0015	0.0499	1.7848	1.5906	0.1941	0.5191	0.4909	0.0282	1.2657	1.0998	0.1659	0.7470	0.4607	0.2863	0.2353	0.2095	0.0258	0.5117	0.2512	0.2605	1.1194	1.2994	0.0401	1.9331	1.9219	0.1548	0.0475	0.8206	0.0224	0.1792	0.1725	0.1900	0.3509	0.3724	0.1764	0.1003	0.0059	0.1913
95	102	0.2004	4	0	2	0	1	0	0	0	0	N	Y	N	N	N	N	N	N	N	N	N	N	0.1101	0.1127	0.0014	0.0295	0.0320	0.0000	0.1148	0.0981	0.0014	0.1652	0.1842	0.0059	0.0307	0.0317	0.0000	0.2081	0.2382	0.0064	1.5000	1.6344	4.2819	1.0398	0.9917	0.8763	1.8122	2.4294	4.4914	0.0038	1.1002	-0.1993	-0.2321	24.0032	34.1922	22.6134	22.4626	0.7033	0.7006	0.0027	0.0316	0.0316	0.0000	0.6717	0.6691	0.0027	2.2205	1.0573	1.1632	0.0599	0.0539	0.0060	2.1606	1.0034	1.1572	4.2570	3.8037	0.4533	1.0287	0.9951	0.0336	3.2284	2.8086	0.4197	1.6193	0.9347	0.6845	0.2853	0.2632	0.0221	1.3340	0.6716	0.6624	0.1205	0.1628	0.0035	0.1462	0.1550	0.0001	0.1285	0.1594	0.0036	1.3713	1.1311	1.6993	0.2100	0.2047	0.2725	1.6197	1.4941	1.7469
95	103	0.1525	3	0	2	0	1	0	0	0	0	N	Y	N	N	N	N	N	N	N	N	N	N	0.1016	0.1356	0.0256	0.0307	0.0381	0.0001	0.0988	0.0996	0.0265	0.1615	0.1630	0.1509	0.0444	0.0462	0.0021	0.1832	0.1870	0.1593	1.5892	1.2015	5.8928	1.4465	1.2138	16.3673	1.8550	1.8763	6.0034	0.1264	8.6662	-0.0701	0.4148	24.0032	22.5884	22.6134	11.0115	0.4006	0.3556	0.0449	0.0172	0.0172	0.0000	0.3834	0.3384	0.0449	1.5468	0.1600	1.3868	0.0442	0.0331	0.0112	1.5025	0.1270	1.3756	2.4798	2.1820	0.2977	0.3876	0.3718	0.0159	2.0921	1.8103	0.2819	1.0298	0.5462	0.4836	0.1312	0.1263	0.0049	0.8986	0.4199	0.4787	0.1075	0.5563	0.0526	0.1317	0.1767	0.0009	0.1096	0.6183	0.0554	1.5020	0.2930	2.8677	0.3373	0.2616	2.3053	1.6721	0.3024	2.8734
95	104	0.1224	2	0	1	0	1	0	0	0	0	N	N	N	N	N	N	N	N	N	N	N	N	0.4661	0.0095	3.3763	0.0526	0.0562	0.0116	0.4576	0.0039	3.7632	0.7564	0.0269	5.9535	0.0992	0.1037	0.0001	0.8598	0.0136	6.2559	1.6230	2.8198	1.7633	1.8847	1.8456	0.0079	1.8787	3.4360	1.6624	31.0555	0.0772	0.6742	-0.5758	24.0032	11.8100	22.6134	8.7888	0.9891	0.0309	0.9582	0.0176	0.0176	0.0000	0.9715	0.0132	0.9582	1.0344	0.9603	0.0741	0.0396	0.0396	0.0000	0.9948	0.9207	0.0741	1.3076	1.1466	0.1610	0.1776	0.1698	0.0078	1.1299	0.9768	0.1532	0.6560	0.3406	0.3155	0.0726	0.0708	0.0018	0.5834	0.2698	0.3137	0.4797	0.0095	25.3338	0.1817	0.1854	0.0116	0.5042	0.0040	26.4736	1.5768	2.8198	0.2350	0.5457	0.5594	0.0079	1.7051	3.4130	0.2363
95	106	0.1591	4	0	2	0	1	0	0	0	0	N	Y	N	N	N	N	N	N	N	N	N	N	46.7946	12.3370	inf	1.5489	1.4656	inf	inf	inf	0.6220	0.7051	0.0004	0.3707	0.3876	0.0000	0.6675	0.7683	0.0004	0.0133	0.0571	0.0000	0.2393	0.2645	0.0000	0.0000	0.0000	0.0000	0.0001	0.0000	-0.3442	-0.0017	24.0032	20.0414	22.6134	7.0324	1.1992	1.1991	0.0001	0.1095	0.1095	0.0000	1.0897	1.0896	0.0001	0.0027	0.0027	0.0000	0.0027	0.0027	0.0000	0.0000	0.0000	0.0000	1.9280	1.7007	0.2272	0.2953	0.2824	0.0129	1.6327	1.4183	0.2143	0.6602	0.3460	0.3142	0.0483	0.0430	0.0054	0.6119	0.3031	0.3088	151.1991	89.8230	inf	6.5964	6.1299	0.0000	inf	inf	inf	0.0041	0.0078	0.0000	0.0562	0.0632	0.0000	0.0000	0.0000	0.0000	
95	107	0.1490	3	0	1	0	1	0	0	0	0	N	N	N	N	N	N	N	N	N	N	N	N	22.8282	410.5060	30.4736	26.1139	22.9642	inf	21.1654	419.5257	36.9834	3.2039	3.3636	1.8027	0.4973	0.5043	0.1354	4.0304	4.3457	1.8778	0.1403	0.0082	0.0592	0.0190	0.0220	0.0000	0.1904	0.0104	0.0508	0.0611	8.6279	-0.7057	0.0008	24.0032	7.0315	22.6134	1.2144	3.0738	2.8969	0.1769	0.1116	0.1110	0.0006	2.9622	2.7859	0.1763	0.0030	0.0003	0.0027	0.0003	0.0003	0.0000	0.0027	0.0000	0.0027	0.9594	0.8613	0.0981	0.2244	0.2202	0.0042	0.7350	0.6411	0.0939	0.2280	0.1229	0.1051	0.0238	0.0217	0.0020	0.2042	0.1011	0.1031	244.6589	1332.7757	70.8235	43.7768	40.5686	inf	303.0919	11015.2049	72.3366	0.0131	0.0025	0.0255	0.0114	0.0124	0.0000	0.0133	0.0004	0.0260
95	108	0.1155	2	0	1	0	1	0	0	0	0	N	N	N	N	N	N	N	N	N	N	N	N	310.6790	135.7557	3880.3448	4.6181	4.3268	5.4503	769.9380	491.7601	4032.4726	1.2722	0.8582	4.0693	0.1202	0.1220	0.0265	1.3241	0.8958	4.0945	0.0041	0.0063	0.0010	0.0260	0.0282	0.0049	0.0017	0.0018	0.0010	0.7018	0.4336	0.2533	-0.0003	24.0032	16.2725	22.6134	4.4748	2.0226	1.1885	0.8341	0.0083	0.0082	0.0000	2.0144	1.1803	0.8341	0.0010	0.0007	0.0003	0.0007	0.0007	0.0000	0.0003	0.0000	0.0003	1.5899	1.3850	0.2050	0.0686	0.0674	0.0013	1.5213	1.3176	0.2037	0.5929	0.3173	0.2756	0.0468	0.0444	0.0024	0.5462	0.2729	0.2733	789.2758	408.4656	3880.3448	8.4115	8.2422	5.4503	2515.9038	24449.8285	4032.4726	0.0016	0.0021	0.0010	0.0143	0.0148	0.0049	0.0005	0.0000	0.0010
95	109	0.1682	3	0	2	0	1	0	0	0	0	N	Y	N	N	N	N	N	N	N	N	N	N	19.5454	2.2543	840.1989	0.0113	0.0066	14749.7828	99.0207	inf	1114.6327	0.8305	0.3240	4.5379	0.0038	0.0024	0.0284	0.9381	0.3695	4.7757	0.0425	0.1437	0.0054	0.3336	0.3665	0.0000	0.0095	0.0000	0.0043	1.9137	0.3219	1.1297	-0.0043	24.0032	40.5309	22.6134	14.7974	3.0561	1.0489	2.0072	0.0016	0.0010	0.0006	3.0545	1.0479	2.0066	0.0111	0.0084	0.0027	0.0084	0.0084	0.0000	0.0027	0.0000	0.0027	3.6796	3.2373	0.4423	0.4237	0.4016	0.0222	3.2559	2.8357	0.4202	1.3875	0.7234	0.6641	0.1200	0.1087	0.0113	1.2675	0.6147	0.6528	103.9594	27.9500	1116.3476	0.0540	0.0313	14749.7828	440.4688	inf	1154.8452	0.0080	0.0116	0.0041	0.0699	0.0771	0.0000	0.0021	0.0000	0.0041
95	110	0.1423	2	0	2	0	1	0	0	0	0	N	Y	N	N	N	N	N	N	N	N	N	N	0.9123	1.4574	0.0540	0.0975	0.0978	1.5773	0.9244	2.6660	0.0597	0.6959	0.7824	0.0734	0.0811	0.0853	0.0029	0.7798	0.8864	0.0772	0.7628	0.5368	1.3608	0.8313	0.8726	0.0018	0.8436	0.3325	1.2923	0.0130	3.8431	-0.2674	0.0087	24.0032	13.5236	22.6134	3.5331	0.9749	0.9623	0.0126	0.0136	0.0136	0.0000	0.9612	0.9487	0.0125	0.0529	0.0109	0.0420	0.0099	0.0099	0.0000	0.0430	0.0010	0.0420	1.4009	1.2299	0.1710	0.1683	0.1596	0.0087	1.2326	1.0703	0.1623	0.5197	0.2778	0.2419	0.0641	0.0582	0.0059	0.4556	0.2196	0.2360	6.8321	19.8882	0.4228	0.5227	0.5001	1.5773	8.2637	193.8325	0.4338	0.1019	0.0393	0.1737	0.1551	0.1706	0.0018	0.0944	0.0046	0.1779
95	112	0.1907	5	1	2	0	2	0	0	0	0	N	Y	N	Y	N	N	N	N	N	N	N	N	2.5630	60.9105	0.0083	0.0014	0.0012	2.0473	inf	0.0090	0.1759	0.2008	0.0004	0.0000	0.0000	0.0000	0.2688	0.3305	0.0004	0.0686	0.0033	0.0432	0.0065	0.0079	0.0000	0.1313	0.0000	0.0405	0.0003	12.0440	-0.0000	0.0002	24.0032	0.0019	22.6134	1.9928	0.0001	0.0001	0.0000	0.0000	0.0000	0.0000	0.0001	0.0001	0.0000	0.0005	0.0000	0.0005	0.0000	0.0000	0.0000	0.0005	0.0000	0.0005	0.0005	0.0004	0.0001	0.0002	0.0002	0.0000	0.0003	0.0003	0.0001	0.0539	0.0307	0.0233	0.0077	0.0069	0.0008	0.0462	0.0238	0.0224	18.2558	154.6498	0.0174	0.0018	0.0016	0.0000	25.8718	inf	0.0170	0.0096	0.0013	0.0206	0.0051	0.0058	0.0000	0.0104	0.0000	0.0214	
95	113	0.1671	4	1	2	0	2	0	0	0	0	N	Y	N	Y	N	N	N	N	N	N	N	N	0.6587	52.9821	0.0003	0.1301	0.3599	0.0000	0.6587	7.1926	0.0003	3.2487	3.7546	0.0049	0.0010	0.0010	0.0000	3.6595	4.2974	0.0050	4.9318	0.0709	17.4115	0.0074	0.0028	0.0333	5.5557	0.5975	18.6550	0.0002	1076.6032	-0.8587	0.7357	24.0032	8.6942	22.6134	6.0502	2.9928	2.9922	0.0006	0.0001	0.0001	0.0000	2.9927	2.9921	0.0006	1.9845	0.0018	1.9826	0.0003	0.0001	0.0001	1.9842	0.0017	1.9825	0.9212	0.7970	0.1243	0.1035	0.1007	0.0028	0.8178	0.6963	0.1215	0.4024	0.2175	0.1849	0.0452	0.0404	0.0048	0.3572	0.1771	0.1800	0.6587	443.4745	0.0005	0.1740	0.3599	0.0000	0.6587	440.0009	0.0005	4.9318	0.0085	10.7250	0.0056	0.0028	0.0289	5.5557	0.0098	11.0127
95	114	0.1883	8	0	2	0	2	0	0	0	0	N	Y	N	Y	N	N	N	N	N	N	N	N	0.0000	0.0000	0.0000	0.0000	0.0000	0.0000	0.0000	0.0000	0.0000	0.0000	0.0000	0.0000	0.0000	0.0000	0.0000	0.0000	0.0000	0.0000	0.0000	0.0000	24.0032	0.0001	22.6134	0.0001	0.0000	0.0000	0.0000	0.0000	0.0000	0.0000	0.0000	0.0000	0.0000	0.0000	0.0000	0.0000	0.0000	0.0000	0.0000	0.0000	0.0000	0.0000	0.0000	0.0000	0.0000	0.0000	0.0000	0.0000	0.0000	0.0000	0.0000	0.0000	0.0000	0.0000	0.0000	0.0000	0.0000	0.0000	0.0000	0.0000	0.0000	0.0000	0.0000	0.0000	0.0000	0.0000	0.0000	0.0000	0.0000	0.0000	0.0000	0.0000	0.0000	0.0000	0.0000	0.0000	0.0000	0.0000											
95	115	0.1816	7	0	2	0	2	0	0	0	0	N	Y	N	Y	N	N	N	N	N	N	N	N	inf	inf	inf	inf	inf	inf	3.5292	0.0027	27.8887	0.0000	0.0000	0.0000	3.8633	0.0029	28.9082	0.0000	0.0000	0.0000	0.0000	0.0000	0.0000	0.0000	0.0000	0.0000	1515.1364	0.7127	0.0000	24.0032	3.0007	22.6134	1.0012	1.0007	0.0007	1.0000	0.0000	0.0000	0.0000	1.0007	0.0007	1.0000	0.0000	0.0000	0.0000	0.0000	0.0000	0.0000	0.0000	0.0000	0.0000	0.2835	0.2477	0.0359	0.0245	0.0233	0.0013	0.2590	0.2244	0.0346	0.1048	0.0563	0.0485	0.0110	0.0095	0.0015	0.0938	0.0468	0.0470	inf	inf	inf	0.0000	0.0000	0.0000	inf	inf	inf	0.0000	0.0000	0.0000	0.0000	0.0000	0.0000	0.0000	0.0000	0.0000				
95	116	0.1797	6	0	1	0	2	0	0	0	0	N	N	N	Y	N	N	N	N	N	N	N	N	inf	inf	inf	inf	inf	inf	inf	inf	8.9482	10.1995	0.0007	0.0442	0.0465	0.0000	10.2757	11.8633	0.0008	0.0000	0.0000	0.0000	0.0000	0.0000	0.0000	0.0000	0.0000	0.0000	0.0000	-0.2868	0.0000	24.0032	1.1177	22.6134	0.0023	0.9990	0.9990	0.0000	0.0006	0.0006	0.0000	0.9984	0.9983	0.0000	0.0000	0.0000	0.0000	0.0000	0.0000	0.0000	0.0000	0.0000	0.0000	0.1116	0.0979	0.0137	0.0145	0.0138	0.0007	0.0972	0.0842	0.0130	0.0295	0.0158	0.0137	0.0031	0.0027	0.0004	0.0264	0.0132	0.0133	inf	inf	inf	inf	inf	0.0000	inf	inf	inf	0.0000	0.0000	0.0000	0.0000	0.0000	0.0000	0.0000	0.0000	0.0000		
95	117	0.1767	2	0	2	0	1	0	0	0	0	N	Y	N	N	N	N	N	N	N	N	N	N	0.2088	0.1354	0.4122	0.0026	0.0029	0.0000	0.2154	0.1239	0.4143	0.6391	0.3377	2.9416	0.0009	0.0010	0.0000	0.7557	0.4046	3.1589	3.0612	2.4936	7.1359	0.3666	0.3443	0.1574	3.5086	3.2651	7.6242	1.1401	1.2197	0.4611	-0.3497	24.0032	31.2782	22.6134	23.9277	1.8774	0.8772	1.0002	0.0004	0.0004	0.0000	1.8770	0.8768	1.0002	4.4341	1.9976	2.4365	0.0141	0.0128	0.0013	4.4200	1.9847	2.4353	2.9376	2.5976	0.3400	0.4539	0.4305	0.0234	2.4837	2.1671	0.3166	1.4485	0.8011	0.6474	0.1887	0.1742	0.0145	1.2598	0.6269	0.6329	0.2088	0.1354	0.7816	0.0127	0.0135	0.0000	0.2154	0.1278	0.8210	3.0612	2.4936	3.7636	0.0746	0.0736	0.0867	3.5086	3.1661	3.8477
95	118	0.1797	6	0	1	1	2	0	0	0	0	N	N	N	Y	N	N	N	N	N	N	N	N	inf	inf	inf	inf	inf	inf	2.6930	3.0784	0.0000	0.0272	0.0287	0.0000	2.9854	3.4451	0.0000	0.0000	0.0000	0.0000	0.0000	0.0000	0.0000	0.0000	0.0000	0.0000	0.0000	-0.2872	0.0000	24.0032	3.8827	22.6134	2.9998	1.0004	1.0004	0.0000	0.0010	0.0010	0.0000	0.9994	0.9994	0.0000	0.0000	0.0000	0.0000	0.0000	0.0000	0.0000	0.0000	0.0000	0.0000	0.3715	0.3250	0.0465	0.0367	0.0349	0.0018	0.3347	0.2901	0.0447	0.1788	0.0960	0.0828	0.0185	0.0161	0.0025	0.1603	0.0799	0.0803	inf	inf	0.0000	inf	inf	0.0000	inf	inf	0.0000	0.0000	0.0000	0.0000	0.0000	0.0000	0.0000	0.0000	0.0000	0.0000				
95	119	0.1768	5	0	1	0	2	0	0	0	0	N	N	N	Y	N	N	N	N	N	N	N	N	2.1958	1.3221	0.0000	0.6157	0.5222	6.8430	inf	0.0000	0.0070	0.0079	0.0000	0.0101	0.0106	0.0000	0.0062	0.0071	0.0000	0.0032	0.0059	0.0006	0.0164	0.0203	0.0000	0.0009	0.0000	0.0006	0.0000	0.2490	-0.0007	-0.0000	24.0032	2.8083	22.6134	0.0030	0.0023	0.0023	0.0000	0.0007	0.0007	0.0000	0.0016	0.0016	0.0000	0.0001	0.0001	0.0000	0.0001	0.0001	0.0000	0.0000	0.0000	0.0000	0.3315	0.2939	0.0376	0.0662	0.0630	0.0032	0.2653	0.2309	0.0344	0.0745	0.0399	0.0346	0.0079	0.0068	0.0010	0.0667	0.0330	0.0336	5.1754	3.9012	0.0000	0.9899	0.9042	0.0000	20.6000	inf	0.0000	0.0013	0.0020	0.0006	0.0102	0.0118	0.0000	0.0003	0.0000	0.0006	
95	120	0.1768	5	0	1	1	2	0	0	0	0	N	N	N	Y	N	N	N	N	N	N	N	N	1364.9211	787.0284	0.0000	1.2509	1.0632	5158.7733	inf	0.0000	1.0461	1.1913	0.0000	0.0054	0.0057	0.0000	1.1863	1.3660	0.0000	0.0008	0.0015	0.0002	0.0043	0.0053	0.0000	0.0002	0.0000	0.0002	0.0000	0.1994	-0.2873	-0.0001	24.0032	9.6158	22.6134	0.0030	1.0006	1.0006	0.0000	0.0006	0.0006	0.0000	0.9999	0.9999	0.0000	0.0001	0.0001	0.0000	0.0001	0.0001	0.0000	0.0000	0.0000	0.0000	0.9565	0.8399	0.1166	0.1136	0.1078	0.0057	0.8429	0.7320	0.1109	0.2501	0.1337	0.1164	0.0259	0.0224	0.0034	0.2242	0.1112	0.1130	2174.3756	1587.3612	0.0000	1.3852	1.2650	0.0000	13299.8425	inf	0.0000	0.0005	0.0008	0.0002	0.0039	0.0045	0.0000	0.0001	0.0000	0.0002	
95	121	0.1671	4	0	1	0	2	0	0	0	0	N	N	N	Y	N	N	N	N	N	N	N	N	0.0200	0.0170	0.0160	0.0417	0.0409	0.0000	0.0039	0.0023	0.0201	0.0173	0.0193	0.0051	0.0956	0.0973	0.0000	0.0024	0.0018	0.0052	0.8670	1.1337	0.3199	2.2901	2.3785	0.0047	0.6112	0.8048	0.2586	0.0431	0.2282	-0.0022	-0.0133	24.0032	4.2457	22.6134	2.0144	0.0090	0.0086	0.0004	0.0079	0.0079	0.0000	0.0010	0.0007	0.0004	0.0300	0.0244	0.0056	0.0227	0.0227	0.0000	0.0073	0.0017	0.0056	0.5167	0.4442	0.0725	0.0828	0.0813	0.0014	0.4339	0.3628	0.0711	0.1857	0.1021	0.0836	0.0255	0.0234	0.0021	0.1602	0.0788	0.0815	0.1073	0.0808	0.0766	0.1074	0.1002	0.0000	0.0526	0.0839	0.0763	0.1614	0.2389	0.0666	0.8903	0.9704	0.0047	0.0455	0.0220	0.0682
95	122	0.1250	3	0	1	0	2	0	0	0	0	N	N	N	Y	N	N	N	N	N	N	N	N	0.1772	0.0029	0.5311	0.8956	0.8798	0.0001	0.1827	0.0024	0.4974	0.8137	0.0086	6.0871	0.0132	0.0135	0.0000	0.8918	0.0080	6.1681	4.5920	2.9232	11.4606	0.0148	0.0153	0.0095	4.8807	3.3675	12.4008	108.4998	2.0175	0.7099	0.1212	24.0032	11.9190	22.6134	13.1740	1.0087	0.0092	0.9995	0.0015	0.0015	0.0000	1.0073	0.0078	0.9995	3.0115	0.9980	2.0135	0.0004	0.0003	0.0000	3.0111	0.9977	2.0134	1.2397	1.0755	0.1642	0.1102	0.1080	0.0022	1.1295	0.9675	0.1621	0.6558	0.3414	0.3144	0.0389	0.0357	0.0032	0.6169	0.3057	0.3112	0.1772	0.0029	0.9505	1.3889	1.4158	0.0001	0.1827	0.0025	0.9535	4.5920	2.9232	6.4041	0.0095	0.0095	0.0095	4.8807	3.2635	6.4692
95	123	0.5519	7	0	1	1	2	0	0	0	0	N	N	N	Y	N	N	N	N	N	N	N	N	113.6068	58.8829	0.0000	222.3927	186.7460	0.0000	0.0000	0.0000	0.5836	0.6515	0.0000	1.8222	1.9223	0.0000	0.0000	0.0000	0.0000	0.0051	0.0111	0.0001	0.0082	0.0103	0.0000	0.0003	0.0046	0.0001	0.0000	0.0148	-0.2087	-0.0004	24.0032	12.8936	22.6134	4.1514	0.7267	0.7267	0.0000	0.7267	0.7267	0.0000	0.0000	0.0000	0.0000	0.0007	0.0007	0.0000	0.0007	0.0007	0.0000	0.0000	0.0000	0.0000	1.2453	1.1155	0.1298	0.3988	0.3780	0.0208	0.8464	0.7374	0.1090	0.3464	0.2137	0.1327	0.1073	0.0946	0.0127	0.2391	0.1191	0.1200	295.6032	206.5887	0.0000	298.9786	277.9682	0.0000	0.0000	0.0000	0.0000	0.0020	0.0032	0.0001	0.0061	0.0069	0.0000	0.0001	0.0002	0.0001	
95	124	0.1403	4	0	2	0	1	0	0	0	0	N	Y	N	N	N	N	N	N	N	N	N	N	0.0226	0.0099	0.0000	0.0269	0.0254	0.0000	0.0000	0.0000	0.0000	0.0000	0.0000	0.0005	0.0005	0.0000	0.0000	0.0000	0.0000	0.0016	0.0043	0.0000	0.0177	0.0194	0.0018	0.0000	0.0000	0.0000	0.0000	0.0124	-0.0000	-0.0003	24.0032	12.7386	22.6134	8.7370	0.0000	0.0000	0.0000	0.0000	0.0000	0.0000	0.0000	0.0000	0.0000	0.0005	0.0005	0.0000	0.0005	0.0005	0.0000	0.0000	0.0000	0.0000	1.2350	1.0812	0.1538	0.0965	0.0933	0.0032	1.1385	0.9880	0.1506	0.5776	0.3028	0.2748	0.0453	0.0420	0.0033	0.5323	0.2607	0.2716	0.0442	0.0268	0.0000	0.0444	0.0431	0.0000	0.0000	0.0000	0.0000	0.0008	0.0016	0.0000	0.0107	0.0114	0.0018	0.0000	0.0000	0.0000	
95	125	0.1250	3	0	2	0	1	0	0	0	0	N	Y	N	N	N	N	N	N	N	N	N	N	0.0069	0.0043	0.0054	0.0147	0.0144	0.0000	0.0043	0.0024	0.0069	0.0018	0.0021	0.0000	0.0165	0.0167	0.0000	0.0001	0.0001	0.0000	0.2634	0.4918	0.0053	1.1220	1.1652	0.0000	0.0121	0.0234	0.0042	0.0021	0.1155	-0.0005	-0.0027	24.0032	8.6431	22.6134	1.4782	0.0017	0.0017	0.0000	0.0017	0.0017	0.0000	0.0000	0.0000	0.0000	0.0052	0.0047	0.0005	0.0046	0.0046	0.0000	0.0006	0.0001	0.0005	0.9511	0.8240	0.1270	0.1029	0.1013	0.0016	0.8482	0.7227	0.1255	0.2799	0.1462	0.1337	0.0197	0.0183	0.0014	0.2602	0.1279	0.1323	0.0981	0.0658	0.0071	0.0709	0.0670	0.0000	0.0209	0.0707	0.0071	0.0186	0.0320	0.0040	0.2323	0.2496	0.0000	0.0025	0.0008	0.0041
95	126	0.1155	2	0	1	0	1	0	0	0	0	N	N	N	N	N	N	N	N	N	N	N	N	0.0585	0.1830	0.0228	3.6231	3.4127	0.0000	0.0084	0.0068	0.0266	0.0212	0.0237	0.0030	0.1564	0.1573	0.0000	0.0035	0.0036	0.0030	0.3627	0.1297	0.1314	0.0432	0.0461	0.0145	0.4168	0.5238	0.1130	0.0173	2.8629	-0.0029	0.0006	24.0032	4.1618	22.6134	2.0491	0.0106	0.0104	0.0002	0.0091	0.0091	0.0000	0.0015	0.0014	0.0002	0.0052	0.0013	0.0038	0.0006	0.0006	0.0000	0.0046	0.0007	0.0038	0.4995	0.4392	0.0602	0.0579	0.0576	0.0003	0.4415	0.3816	0.0599	0.2130	0.1207	0.0923	0.0294	0.0286	0.0008	0.1835	0.0921	0.0915	0.8710	2.1315	0.0718	7.6013	7.5831	0.0000	0.1401	0.4393	0.0718	0.0244	0.0111	0.0417	0.0206	0.0207	0.0145	0.0250	0.0081	0.0419
95	128	0.5642	8	1	2	0	1	0	0	0	0	N	Y	N	N	N	N	N	N	N	N	N	N	0.0072	0.0020	inf	inf	0.0000	0.0000	0.0002	0.0002	0.0000	0.0007	0.0008	0.0000	0.0000	0.0000	0.0000	0.0307	0.1264	0.0000	0.0000	0.0000	0.0000	0.1331	0.7934	0.0000	0.0000	0.0000	-0.0000	-0.0003	24.0032	2.0107	22.6134	1.9995	0.0000	0.0000	0.0000	0.0000	0.0000	0.0000	0.0000	0.0000	0.0000	0.0005	0.0005	0.0000	0.0000	0.0000	0.0000	0.0005	0.0005	0.0000	0.1811	0.1610	0.0200	0.0560	0.0528	0.0033	0.1250	0.1082	0.0168	0.0776	0.0490	0.0286	0.0258	0.0227	0.0031	0.0518	0.0263	0.0255	0.0317	0.0225	0.0000	inf	inf	0.0000	0.0000	0.0000	0.0000	0.0070	0.0110	0.0000	0.0000	0.0000	0.0000	0.0104	0.0205	0.0000			
95	129	0.5519	7	1	2	0	1	0	0	0	0	N	Y	N	N	N	N	N	N	N	N	N	N	0.0667	0.0453	0.0000	721.9504	675.0762	0.0000	0.0000	0.0000	0.4446	0.4930	0.0000	1.2596	1.3196	0.0000	0.0000	0.0000	0.0000	6.6679	10.8710	0.0002	0.0017	0.0020	0.0000	9.8356	20.4602	0.0002	0.0000	0.0000	-0.0785	-0.6277	24.0032	5.6459	22.6134	1.1399	0.2733	0.2733	0.0000	0.2733	0.2733	0.0000	0.0000	0.0000	0.0000	0.9990	0.9990	0.0000	0.0001	0.0001	0.0000	0.9989	0.9989	0.0000	0.6146	0.5543	0.0603	0.2170	0.2071	0.0099	0.3977	0.3472	0.0504	0.1498	0.0919	0.0579	0.0483	0.0431	0.0052	0.1016	0.0488	0.0527	0.0667	0.0453	0.0000	721.9504	675.0762	0.0000	0.0000	0.0000	0.0000	6.6679	10.8710	0.0002	0.0017	0.0020	0.0000	9.8356	20.4602	0.0002	
95	130	0.5216	6	0	1	0	1	0	0	0	0	N	N	N	N	N	N	N	N	N	N	N	N	0.2095	0.1962	0.0000	3.2600	4.5057	0.0000	0.0002	0.0001	0.0000	0.2066	0.2314	0.0000	0.5657	0.5992	0.0000	0.0002	0.0003	0.0000	0.9862	1.1794	2.2343	0.1735	0.1330	0.1441	1.2107	2.0587	2.1953	0.0000	0.7669	-0.0790	-0.0245	24.0032	11.6079	22.6134	5.3766	0.2751	0.2751	0.0000	0.2749	0.2749	0.0000	0.0002	0.0002	0.0000	0.1263	0.0715	0.0548	0.0067	0.0057	0.0011	0.1196	0.0658	0.0538	1.3314	1.1884	0.1430	0.4859	0.4587	0.0272	0.8455	0.7297	0.1158	0.4351	0.2637	0.1714	0.1433	0.1302	0.0131	0.2918	0.1335	0.1583	0.7116	0.8536	0.0000	12.0293	13.7609	0.0000	0.0005	0.0005	0.0000	0.2903	0.2711	0.3199	0.0470	0.0435	0.0815	0.4098	0.4930	0.3396
95	131	0.5037	5	0	1	0	1	0	0	0	0	N	N	N	N	N	N	N	N	N	N	N	N	0.0028	0.0027	0.0028	0.0108	0.0088	0.9872	0.0001	0.0001	0.0000	0.0102	0.0091	0.0203	0.0292	0.0242	0.1381	0.0004	0.0004	0.0000	3.6037	3.3314	7.3602	2.6924	2.7619	0.1399	5.1059	6.5102	8.4368	0.2549	0.7825	-0.0004	-0.4112	24.0032	3.9355	22.6134	8.7078	0.0048	0.0038	0.0010	0.0047	0.0037	0.0010	0.0001	0.0001	0.0000	2.1715	1.2182	0.9533	0.3585	0.3574	0.0011	1.8130	0.8609	0.9521	0.4723	0.4241	0.0482	0.1613	0.1542	0.0071	0.3110	0.2699	0.0411	0.6026	0.3657	0.2369	0.2475	0.2334	0.0141	0.3551	0.1322	0.2228	0.0028	0.0027	0.0050	0.0202	0.0158	1.7040	0.0001	0.0001	0.0000	3.6037	3.3314	4.0239	1.4485	1.5308	0.0810	5.1059	6.5102	4.2726
95	132	0.4921	4	0	1	0	1	0	0	0	0	N	N	N	N	N	N	N	N	N	N	N	N	0.0060	0.0039	0.0087	0.0066	0.0048	0.1465	0.0017	0.0011	0.0003	0.0086	0.0072	0.0206	0.0218	0.0162	0.1394	0.0021	0.0023	0.0008	1.4221	1.8247	2.3784	3.2811	3.3523	0.9517	1.2659	2.1495	2.2666	0.3293	0.1193	-0.0002	-0.2290	24.0032	6.2657	22.6134	3.9760	0.0063	0.0047	0.0016	0.0053	0.0037	0.0015	0.0010	0.0010	0.0001	0.4389	0.3921	0.0468	0.3207	0.3175	0.0033	0.1182	0.0747	0.0435	0.7332	0.6576	0.0756	0.2416	0.2308	0.0108	0.4916	0.4268	0.0648	0.3599	0.2274	0.1325	0.1365	0.1251	0.0114	0.2234	0.1023	0.1211	0.0070	0.0042	0.0585	0.0093	0.0064	0.4894	0.0040	0.0032	0.0022	1.2197	1.7247	0.3531	2.3498	2.5386	0.2848	0.5291	0.7299	0.3595
95	133	0.4148	3	0	1	0	1	0	0	0	0	N	N	N	N	N	N	N	N	N	N	N	N	0.2355	0.3288	0.0001	0.0138	0.0145	0.0062	0.2550	0.3597	0.0000	0.3928	0.4411	0.0009	0.0297	0.0310	0.0059	0.5284	0.6079	0.0002	1.6679	1.3415	6.9166	2.1481	2.1380	0.9537	2.0719	1.6898	7.6493	0.0003	4.9097	-0.2936	0.4295	24.0032	26.7012	22.6134	18.2690	1.0235	1.0233	0.0003	0.0210	0.0208	0.0002	1.0025	1.0025	0.0000	2.1217	0.3590	1.7627	0.2919	0.2822	0.0097	1.8298	0.0768	1.7530	2.6057	2.3200	0.2857	0.7084	0.6710	0.0375	1.8973	1.6491	0.2482	1.2763	0.7884	0.4878	0.3931	0.3591	0.0340	0.8832	0.4293	0.4538	0.2363	0.9686	0.0003	0.0400	0.0395	0.0205	0.2550	3.3963	0.0000	1.6624	0.4554	3.6132	0.7426	0.7858	0.2862	2.0719	0.1790	3.8625
95	134	0.1767	2	0	1	0	1	0	0	0	0	N	N	N	N	N	N	N	N	N	N	N	N	0.2269	0.2118	0.0015	0.0010	0.0010	0.0055	0.2440	0.1942	0.0015	0.3684	0.4162	0.0054	0.0031	0.0033	0.0005	0.4258	0.4862	0.0058	1.6236	1.9645	3.7416	3.2013	3.3214	0.0906	1.7452	2.5034	3.7987	0.0017	0.4857	-0.5411	-1.1926	24.0032	61.4372	22.6134	55.8589	1.8956	1.8924	0.0032	0.0022	0.0021	0.0000	1.8935	1.8902	0.0032	3.9562	2.6629	1.2934	0.5339	0.5327	0.0012	3.4223	2.1302	1.2921	5.1462	4.5472	0.5990	0.6996	0.6593	0.0403	4.4467	3.8880	0.5587	2.5054	1.3555	1.1499	0.2334	0.2124	0.0211	2.2720	1.1431	1.1289	0.2333	0.2118	0.0048	0.0014	0.0013	0.0085	0.2827	0.2609	0.0051	1.5791	1.9645	1.1247	2.2870	2.5079	0.0583	1.5063	1.8635	1.1446
96	97	0.5266	6	0	2	0	0	0	0	0	0	N	Y	N	N	N	N	N	N	N	N	N	N	0.5995	0.3122	750.4048	0.7765	0.7669	5.6005	0.2489	0.0000	879.4811	1.2036	1.0183	2.7328	2.9702	3.1398	0.0026	0.4255	0.0000	3.2259	2.0075	3.2621	0.0036	3.8250	4.0941	0.0005	1.7094	3.1157	0.0037	0.3252	0.0006	-0.1624	-1.2556	18.5150	46.1140	10.2301	26.4917	3.8935	2.9379	0.9556	2.9380	2.9379	0.0001	0.9555	0.0001	0.9554	2.0003	1.9990	0.0013	0.9994	0.9994	0.0000	1.0009	0.9996	0.0012	3.2349	2.8852	0.3497	0.9892	0.9357	0.0535	2.2457	1.9496	0.2962	0.9964	0.6128	0.3836	0.3189	0.2761	0.0428	0.6774	0.3367	0.3408	0.5995	0.3122	825.4108	0.9479	0.8676	5.6005	0.2880	0.0000	879.4811	2.0075	3.2621	0.0033	3.1335	3.6190	0.0005	1.4774	2.9692	0.0037
96	98	0.1563	5	0	2	0	0	0	0	0	0	N	Y	N	N	N	N	N	N	N	N	N	N	570.8032	132.9547	877669.3339	6.4643	0.0000	64163.2994	510384.4018	43462.2761	978051.2704	1.2701	0.7191	5.5244	0.0534	0.0000	1.6082	1.5543	0.9066	5.7518	0.0022	0.0054	0.0000	0.0083	0.0091	0.0000	0.0000	0.0000	0.0000	0.9949	0.0026	0.4221	-0.0004	18.5150	20.7840	10.2301	8.9470	1.9948	1.0000	0.9949	0.0159	0.0000	0.0159	1.9789	1.0000	0.9790	0.0006	0.0006	0.0000	0.0006	0.0006	0.0000	0.0000	0.0000	0.0000	1.5706	1.3905	0.1801	0.2974	0.2875	0.0099	1.2732	1.1030	0.1702	0.5872	0.3315	0.2556	0.0997	0.0942	0.0055	0.4875	0.2374	0.2501	1218.8455	390.6989	877669.3339	8.7290	0.0000	64163.2994	510384.4018	15707274.0569	978051.2704	0.0010	0.0018	0.0000	0.0061	0.0065	0.0000	0.0000	0.0000	0.0000
96	99	0.1513	4	0	1	0	0	0	0	0	0	N	N	N	N	N	N	N	N	N	N	N	N	6.5918	4.9579	23.6509	0.7520	0.7572	0.6164	9.4791	1.3680	25.0113	0.0250	0.0235	0.0316	0.0017	0.0017	0.0003	0.0464	0.0524	0.0337	0.0038	0.0047	0.0013	0.0022	0.0022	0.0004	0.0049	0.0383	0.0013	0.2884	0.6222	-0.0014	-0.0001	18.5150	2.7834	10.2301	1.0450	0.0213	0.0166	0.0048	0.0007	0.0007	0.0000	0.0207	0.0159	0.0048	0.0002	0.0001	0.0001	0.0001	0.0001	0.0000	0.0001	0.0000	0.0001	0.8551	0.7039	0.1512	0.4102	0.4008	0.0094	0.4449	0.3031	0.1418	0.1537	0.0858	0.0680	0.0478	0.0470	0.0007	0.1060	0.0387	0.0672	16.2040	13.8247	23.6509	0.7520	0.7572	0.6164	37.5055	49.8892	25.0113	0.0015	0.0017	0.0013	0.0022	0.0022	0.0004	0.0012	0.0011	0.0013
96	100	0.1413	3	0	1	0	0	0	0	0	0	N	N	N	N	N	N	N	N	N	N	N	N	0.0340	0.0274	0.0756	0.4227	0.4100	0.1910	0.0145	0.0052	0.0995	0.0071	0.0085	0.0019	0.0116	0.0126	0.0003	0.0036	0.0043	0.0022	0.2100	0.3121	0.0246	0.0274	0.0308	0.0014	0.2515	0.8166	0.0222	0.0577	0.4851	-0.0031	-0.0032	18.5150	7.6044	10.2301	2.7972	0.0134	0.0126	0.0007	0.0095	0.0095	0.0000	0.0038	0.0031	0.0007	0.0107	0.0072	0.0035	0.0040	0.0040	0.0000	0.0067	0.0032	0.0035	1.8693	1.4785	0.3907	0.8229	0.7528	0.0700	1.0464	0.7257	0.3207	0.6687	0.3908	0.2780	0.2665	0.2511	0.0153	0.4023	0.1396	0.2626	0.4484	0.4651	0.1489	0.7728	0.7989	0.1910	0.2204	0.1869	0.1680	0.0159	0.0184	0.0125	0.0150	0.0158	0.0014	0.0165	0.0229	0.0132
96	101	0.0917	2	0	1	0	0	0	0	0	0	N	N	N	N	N	N	N	N	N	N	N	N	0.3026	0.2511	0.5725	0.5404	0.5402	10.1964	0.2178	0.2318	0.7124	0.2434	0.2495	0.2213	0.6893	0.6935	0.2512	0.1381	0.1078	0.2211	0.8043	0.9939	0.3866	1.2756	1.2838	0.0246	0.6341	0.4652	0.3103	0.2477	0.3673	-0.0467	-0.0563	18.5150	18.4780	10.2301	12.4520	0.5272	0.4225	0.1047	0.2851	0.2841	0.0010	0.2421	0.1384	0.1037	0.1565	0.1145	0.0421	0.1125	0.1121	0.0004	0.0441	0.0024	0.0417	2.1663	1.6933	0.4730	0.4136	0.4097	0.0039	1.7527	1.2836	0.4691	1.3130	0.7430	0.5700	0.4052	0.3901	0.0151	0.9078	0.3529	0.5549	2.0413	1.6194	2.9998	2.4840	2.4134	10.6540	2.8447	15.9514	2.9419	0.1192	0.1541	0.0738	0.2775	0.2873	0.0236	0.0486	0.0068	0.0751
96	102	0.6115	8	0	2	0	0	0	0	0	0	N	Y	N	N	N	N	N	N	N	N	N	N	0.2699	0.3293	0.0035	0.2726	0.2851	0.0044	0.1060	78.3533	0.0047	0.4864	0.5408	0.0213	0.8301	0.8988	0.0019	0.1931	0.2171	0.0311	1.8019	1.6422	6.0106	3.0450	3.1524	0.4425	1.8219	0.0028	6.5707	0.0046	1.4033	-0.4892	-0.0756	18.5150	34.1922	10.2301	22.4626	1.7314	1.7235	0.0079	1.3604	1.3601	0.0002	0.3710	0.3634	0.0077	1.7003	0.7075	0.9928	0.7127	0.7075	0.0053	0.9876	0.0000	0.9875	3.5597	3.1871	0.3726	1.6387	1.5133	0.1254	1.9210	1.6738	0.2471	0.9436	0.6065	0.3371	0.3368	0.3061	0.0307	0.6068	0.3005	0.3064	0.2699	0.4636	0.0072	0.3922	0.3888	0.0113	0.1187	2784.9719	0.0096	1.8019	1.1665	2.9453	2.1164	2.3115	0.1710	1.6274	0.0001	3.2234
96	103	0.5636	7	0	2	0	0	0	0	0	0	N	Y	N	N	N	N	N	N	N	N	N	N	0.3916	0.3167	0.1616	0.3184	0.3290	0.0356	0.2353	0.1547	0.5082	0.4584	0.5017	0.1061	0.9060	0.9604	0.0728	0.1639	0.1718	0.1157	1.1706	1.5839	0.6566	2.8458	2.9187	2.0431	0.6965	1.1106	0.2276	0.0260	0.0604	-0.2431	-0.2237	18.5150	22.5884	10.2301	11.0115	0.9286	0.9051	0.0235	0.7283	0.7247	0.0036	0.2002	0.1803	0.0199	0.3915	0.3692	0.0223	0.3697	0.3605	0.0092	0.0218	0.0088	0.0131	2.0254	1.8040	0.2214	0.8038	0.7546	0.0492	1.2216	1.0494	0.1722	0.5799	0.3577	0.2222	0.2136	0.1947	0.0189	0.3663	0.1629	0.2033	0.6789	0.4859	1.0576	0.5234	0.5188	0.1487	2.7499	3.1911	1.8009	0.6752	1.0324	0.1004	1.7309	1.8511	0.4900	0.0596	0.0538	0.0642
96	104	0.5336	6	0	1	0	0	0	0	0	0	N	N	N	N	N	N	N	N	N	N	N	N	0.0899	0.0620	1.2052	0.0687	0.0715	0.3079	0.1281	0.0734	1.4444	0.0832	0.0776	0.1313	0.1264	0.1331	0.0035	0.0566	0.0404	0.1612	0.9254	1.2515	0.1089	1.8394	1.8623	0.0115	0.4420	0.5502	0.1116	0.1938	0.0722	-0.0108	-0.0487	18.5150	11.8100	10.2301	8.7888	0.0866	0.0726	0.0141	0.0501	0.0500	0.0001	0.0365	0.0226	0.0140	0.0867	0.0809	0.0058	0.0802	0.0800	0.0002	0.0066	0.0009	0.0057	1.0415	0.9344	0.1071	0.3960	0.3757	0.0203	0.6455	0.5587	0.0868	0.3985	0.2458	0.1527	0.1550	0.1402	0.0148	0.2435	0.1056	0.1379	0.3821	0.2359	3.4301	0.2445	0.2333	0.3079	2.0944	4.6863	3.9187	0.2176	0.3291	0.0383	0.5171	0.5704	0.0115	0.0270	0.0086	0.0411
96	105	0.4975	5	0	1	0	0	0	0	0	0	N	N	N	N	N	N	N	N	N	N	N	N	2.8654	3.4910	8.6779	0.2873	0.2718	15.5074	3.1609	257.1689	10.5272	1.8351	1.0338	8.3133	0.0171	0.0181	0.0001	2.5803	1.4864	9.7678	0.6404	0.2961	0.9580	0.0596	0.0667	0.0000	0.8163	0.0058	0.9279	0.9947	4.8920	0.4240	0.0072	18.5150	14.7392	10.2301	7.3617	2.0043	1.0048	0.9995	0.0054	0.0054	0.0000	1.9989	0.9994	0.9995	0.0357	0.0061	0.0297	0.0060	0.0060	0.0000	0.0297	0.0000	0.0297	1.0922	0.9720	0.1202	0.3176	0.2997	0.0179	0.7747	0.6723	0.1023	0.5733	0.3423	0.2310	0.2266	0.2120	0.0145	0.3468	0.1302	0.2165	29.4537	58.3646	64.7650	0.6430	0.6375	15.5074	30.1386	6473.4314	71.3136	0.0623	0.0177	0.1284	0.0266	0.0284	0.0000	0.0856	0.0002	0.1370
96	106	0.5702	8	0	2	0	0	0	0	0	0	N	Y	N	N	N	N	N	N	N	N	N	N	9.5867	4.7314	1692.4386	9.1581	8.7009	1878.7653	22.4892	2010.1594	0.0080	0.0083	0.0056	0.0141	0.0150	0.0000	0.0039	0.0034	0.0073	0.0008	0.0018	0.0000	0.0015	0.0017	0.0000	0.0000	0.0002	0.0000	0.0768	0.0024	-0.0028	-0.0001	18.5150	20.0414	10.2301	7.0324	0.0129	0.0120	0.0009	0.0091	0.0091	0.0000	0.0037	0.0028	0.0009	0.0002	0.0002	0.0000	0.0002	0.0002	0.0000	0.0000	0.0000	0.0000	1.6085	1.4429	0.1656	0.6484	0.6093	0.0391	0.9601	0.8336	0.1264	0.3745	0.2345	0.1399	0.1237	0.1105	0.0133	0.2507	0.1241	0.1267	15.7041	10.2062	1692.4386	9.1581	8.7009	0.0000	1878.7653	6776.1746	2010.1594	0.0005	0.0008	0.0000	0.0015	0.0017	0.0000	0.0000	0.0000	0.0000	
96	107	0.5602	7	0	1	0	0	0	0	0	0	N	N	N	N	N	N	N	N	N	N	N	N	49.4176	26.2139	0.0018	114.4296	100.5028	inf	0.0598	0.3199	0.0026	1.2443	1.3716	0.0000	2.8749	3.0255	0.0000	0.0006	0.0007	0.0000	0.0252	0.0523	0.0052	0.0251	0.0301	0.0000	0.0103	0.0022	0.0046	0.0000	0.3007	-0.2779	-0.0003	18.5150	7.0315	10.2301	1.2144	0.9677	0.9677	0.0000	0.9674	0.9674	0.0000	0.0003	0.0003	0.0000	0.0008	0.0006	0.0002	0.0006	0.0006	0.0000	0.0002	0.0000	0.0002	0.7777	0.7055	0.0722	0.3365	0.3198	0.0168	0.4412	0.3857	0.0554	0.1287	0.0816	0.0470	0.0444	0.0400	0.0045	0.0842	0.0416	0.0426	197.7890	179.8838	0.0023	206.0301	195.0994	inf	0.2747	12.6880	0.0027	0.0063	0.0076	0.0040	0.0140	0.0155	0.0000	0.0022	0.0001	0.0044
96	108	0.5266	6	0	1	0	0	0	0	0	0	N	N	N	N	N	N	N	N	N	N	N	N	0.1084	0.0935	0.0006	0.0799	0.0720	0.2263	0.8114	0.1284	0.0006	0.0676	0.0761	0.0000	0.0615	0.0648	0.0000	0.0704	0.0819	0.0000	0.6236	0.8137	0.0064	0.7693	0.8995	0.0000	0.0868	0.6378	0.0066	0.0000	0.0307	-0.0250	-0.0122	18.5150	16.2725	10.2301	4.4748	0.0870	0.0870	0.0000	0.0251	0.0251	0.0000	0.0619	0.0619	0.0000	0.0203	0.0197	0.0006	0.0185	0.0185	0.0000	0.0018	0.0012	0.0006	1.2871	1.1433	0.1439	0.4089	0.3882	0.0207	0.8783	0.7551	0.1232	0.3472	0.2112	0.1360	0.1285	0.1045	0.0240	0.2187	0.1067	0.1120	1.1542	0.8148	0.0008	0.4274	0.3662	0.2263	8.3501	7.0528	0.0007	0.0586	0.0934	0.0045	0.1439	0.1769	0.0000	0.0084	0.0116	0.0054
96	109	0.5794	7	0	2	0	0	0	0	0	0	N	Y	N	N	N	N	N	N	N	N	N	N	5.7849	2.2330	0.0000	133.5190	123.3330	0.0000	2.1058	0.5720	0.0000	0.6460	0.7212	0.0000	1.0193	1.0821	0.0000	0.4498	0.5162	0.0000	0.1117	0.3230	0.0005	0.0076	0.0088	0.0004	0.2136	0.9026	0.0005	0.0000	0.0163	-0.5568	-0.0056	18.5150	40.5309	10.2301	14.7974	1.9392	1.9392	0.0000	1.0540	1.0540	0.0000	0.8852	0.8852	0.0000	0.0091	0.0090	0.0001	0.0015	0.0015	0.0000	0.0076	0.0075	0.0001	3.0019	2.6888	0.3131	1.0340	0.9741	0.0600	1.9679	1.7147	0.2532	0.7832	0.4819	0.3013	0.2618	0.2322	0.0295	0.5215	0.2497	0.2717	55.4889	38.7431	0.0000	179.3387	170.3584	0.0000	30.7406	17.1962	0.0000	0.0116	0.0186	0.0005	0.0057	0.0064	0.0004	0.0146	0.0300	0.0005
96	110	0.5535	6	0	2	0	0	0	0	0	0	N	Y	N	N	N	N	N	N	N	N	N	N	0.1896	0.1054	6.5814	0.0953	0.0954	0.0565	0.4621	0.1561	9.3337	0.1282	0.0868	0.4931	0.0797	0.0841	0.0012	0.1561	0.0885	0.6083	0.6759	0.8234	0.0749	0.8357	0.8807	0.0211	0.3378	0.5670	0.0652	0.6442	0.1863	0.0153	-0.0100	18.5150	13.5236	10.2301	3.5331	0.1466	0.0891	0.0574	0.0333	0.0333	0.0000	0.1133	0.0559	0.0574	0.0213	0.0179	0.0033	0.0174	0.0171	0.0003	0.0039	0.0008	0.0031	1.1437	1.0272	0.1165	0.4181	0.3960	0.0221	0.7256	0.6312	0.0944	0.2997	0.1882	0.1115	0.1115	0.0991	0.0123	0.1883	0.0890	0.0992	1.8055	0.9106	16.4597	0.5106	0.4864	0.0565	7.5671	9.8155	19.5879	0.0710	0.0953	0.0300	0.1560	0.1728	0.0211	0.0206	0.0090	0.0311
96	111	0.4975	5	0	1	0	0	0	0	0	0	N	N	N	N	N	N	N	N	N	N	N	N	1.4994	15.7668	0.2276	128.0227	119.6110	0.0027	0.0407	1.2278	0.2814	0.8202	0.9025	0.1541	2.7498	2.9139	0.0000	0.0299	0.0069	0.1811	0.5470	0.0572	0.6772	0.0215	0.0244	0.0006	0.7341	0.0056	0.6437	0.0211	8.7993	-0.2729	0.0089	18.5150	16.9399	10.2301	15.9768	1.0242	1.0031	0.0212	0.9977	0.9977	0.0000	0.0265	0.0053	0.0212	0.0332	0.0034	0.0298	0.0034	0.0033	0.0000	0.0298	0.0000	0.0298	1.2487	1.1114	0.1372	0.3628	0.3424	0.0204	0.8858	0.7690	0.1168	0.7165	0.4311	0.2854	0.2684	0.2491	0.0193	0.4481	0.1820	0.2661	17.7096	114.8955	1.4761	219.8285	216.9664	0.0027	0.4488	30.8987	1.6179	0.0463	0.0079	0.1044	0.0125	0.0134	0.0006	0.0666	0.0002	0.1119
96	112	0.6019	9	1	2	0	1	0	0	0	0	N	Y	N	N	N	N	N	N	N	N	N	N	3897.1694	1630312.4273	0.0000	86577.0101	1405878.8163	0.0000	0.0000	0.0000	0.1528	0.1723	0.0000	0.3237	0.3328	0.0000	0.0000	0.0000	0.0000	0.0000	0.0000	0.0001	0.0000	0.0000	0.0000	0.0002	0.0000	0.0001	0.0000	582.7500	-0.0000	0.0000	18.5150	0.0019	10.2301	1.9928	0.0001	0.0001	0.0000	0.0001	0.0001	0.0000	0.0000	0.0000	0.0000	0.0000	0.0000	0.0000	0.0000	0.0000	0.0000	0.0000	0.0000	0.0000	0.0004	0.0003	0.0000	0.0002	0.0002	0.0000	0.0002	0.0002	0.0000	0.0298	0.0189	0.0109	0.0094	0.0084	0.0009	0.0204	0.0105	0.0099	3897.1694	1630312.4273	0.0000	86577.0101	1405878.8163	0.0000	0.0000	0.0000	0.0000	0.0000	0.0000	0.0001	0.0000	0.0000	0.0000	0.0001	0.0000	0.0001	
96	113	0.5783	8	1	2	0	1	0	0	0	0	N	Y	N	N	N	N	N	N	N	N	N	N	1.6524	3.8749	0.0000	185.9455	297.6134	0.0005	0.0001	0.0001	0.0000	0.8777	0.9780	0.0000	2.3413	2.4659	0.0000	0.0000	0.0001	0.0000	0.5311	0.2524	0.5457	0.0126	0.0083	0.0369	0.7009	0.8344	0.4746	0.0000	3.4088	-0.1791	0.0014	18.5150	8.6942	10.2301	6.0502	0.6238	0.6238	0.0000	0.6238	0.6238	0.0000	0.0000	0.0000	0.0000	0.0100	0.0023	0.0077	0.0006	0.0004	0.0002	0.0093	0.0018	0.0075	0.7108	0.6379	0.0730	0.2664	0.2530	0.0135	0.4444	0.3849	0.0595	0.2298	0.1440	0.0858	0.0753	0.0683	0.0070	0.1545	0.0757	0.0787	20.2330	62.2964	0.0000	279.0392	408.1018	0.0006	0.0007	0.0021	0.0000	0.0434	0.0157	0.0898	0.0084	0.0060	0.0311	0.0604	0.0244	0.0951
96	114	0.5994	12	0	2	0	1	0	0	0	0	N	Y	N	N	N	N	N	N	N	N	N	N	0.0000	0.0000	0.0000	0.0000	0.0000	0.0000	0.0000	0.0000	0.0000	0.0000	0.0000	0.0000	0.0000	0.0000	0.0000	0.0000	0.0000	0.0000	0.0000	0.0000	18.5150	0.0001	10.2301	0.0001	0.0000	0.0000	0.0000	0.0000	0.0000	0.0000	0.0000	0.0000	0.0000	0.0000	0.0000	0.0000	0.0000	0.0000	0.0000	0.0000	0.0000	0.0000	0.0000	0.0000	0.0000	0.0000	0.0000	0.0000	0.0000	0.0000	0.0000	0.0000	0.0000	0.0000	0.0000	0.0000	0.0000	0.0000	0.0000	0.0000	0.0000	0.0000	0.0000	0.0000	0.0000	0.0000	0.0000	0.0000	0.0000	0.0000	0.0000	0.0000	0.0000	0.0000	0.0000	0.0000	0.0000	0.0000											
96	115	0.5927	11	0	2	0	1	0	0	0	0	N	Y	N	N	N	N	N	N	N	N	N	N	0.0000	0.0000	0.0000	0.0000	0.0000	0.0000	0.0000	0.0000	0.0000	0.0000	0.0000	0.0000	0.0000	0.0000	0.0000	0.0000	0.0000	0.0000	0.0000	0.0000	18.5150	3.0007	10.2301	1.0012	0.0000	0.0000	0.0000	0.0000	0.0000	0.0000	0.0000	0.0000	0.0000	0.0000	0.0000	0.0000	0.0000	0.0000	0.0000	0.0000	0.0000	0.0000	0.2289	0.2044	0.0245	0.0781	0.0738	0.0043	0.1508	0.1306	0.0202	0.0601	0.0378	0.0223	0.0201	0.0181	0.0020	0.0400	0.0197	0.0203	0.0000	0.0000	0.0000	0.0000	0.0000	0.0000	0.0000	0.0000	0.0000	0.0000	0.0000	0.0000	0.0000	0.0000	0.0000	0.0000	0.0000	0.0000											
96	116	0.5908	10	0	1	0	1	0	0	0	0	N	N	N	N	N	N	N	N	N	N	N	N	0.0000	0.0000	0.0000	0.0000	0.0000	0.0000	0.0000	0.0000	0.0000	0.0000	0.0000	0.0000	0.0000	0.0000	0.0000	0.0000	0.0000	0.0000	0.0000	0.0000	18.5150	1.1177	10.2301	0.0023	0.0000	0.0000	0.0000	0.0000	0.0000	0.0000	0.0000	0.0000	0.0000	0.0000	0.0000	0.0000	0.0000	0.0000	0.0000	0.0000	0.0000	0.0000	0.0899	0.0806	0.0094	0.0333	0.0316	0.0018	0.0566	0.0490	0.0076	0.0169	0.0106	0.0063	0.0056	0.0051	0.0006	0.0113	0.0056	0.0057	0.0000	0.0000	0.0000	0.0000	0.0000	0.0000	0.0000	0.0000	0.0000	0.0000	0.0000	0.0000	0.0000	0.0000	0.0000	0.0000	0.0000	0.0000											
96	117	0.4071	4	0	2	0	0	0	0	0	0	N	Y	N	N	N	N	N	N	N	N	N	N	0.0426	0.0354	0.0842	0.2991	0.3110	0.0030	0.0010	0.0000	0.1183	0.0542	0.0610	0.0097	0.2375	0.2485	0.0004	0.0016	0.0000	0.0104	1.2701	1.7213	0.1146	0.7940	0.7990	0.1265	1.6129	2.9129	0.0879	0.0242	0.0160	-0.0371	-0.6530	18.5150	31.2782	10.2301	23.9277	0.1409	0.1376	0.0033	0.1376	0.1376	0.0000	0.0033	0.0000	0.0033	1.0660	1.0492	0.0168	0.0534	0.0510	0.0024	1.0126	0.9982	0.0145	2.6018	2.2562	0.3456	0.5792	0.5535	0.0257	2.0225	1.7027	0.3199	1.1440	0.7120	0.4321	0.3583	0.3267	0.0316	0.7857	0.3853	0.4005	0.0581	0.0414	0.2479	1.5948	1.5923	0.0050	0.0013	0.0000	0.2881	0.9318	1.4737	0.0389	0.1489	0.1561	0.0751	1.2888	2.5910	0.0361
96	118	0.5908	10	0	1	1	1	0	0	0	0	N	N	N	N	N	N	N	N	N	N	N	N	0.0000	0.0000	0.0000	0.0000	0.0000	0.0000	0.0000	0.0000	0.0000	0.0000	0.0000	0.0000	0.0000	0.0000	0.0000	0.0000	0.0000	0.0000	0.0000	0.0000	18.5150	3.8827	10.2301	2.9998	0.0000	0.0000	0.0000	0.0000	0.0000	0.0000	0.0000	0.0000	0.0000	0.0000	0.0000	0.0000	0.0000	0.0000	0.0000	0.0000	0.0000	0.0000	0.2997	0.2680	0.0318	0.1048	0.0991	0.0057	0.1950	0.1689	0.0261	0.1026	0.0645	0.0381	0.0342	0.0307	0.0034	0.0684	0.0337	0.0347	0.0000	0.0000	0.0000	0.0000	0.0000	0.0000	0.0000	0.0000	0.0000	0.0000	0.0000	0.0000	0.0000	0.0000	0.0000	0.0000	0.0000	0.0000											
96	119	0.5879	9	0	1	0	1	0	0	0	0	N	N	N	N	N	N	N	N	N	N	N	N	9.9191	5.1508	8.2503	7.8378	0.0023	0.0025	0.0000	0.0056	0.0059	0.0000	0.0000	0.0000	0.0000	0.0002	0.0005	0.0000	0.0007	0.0008	0.0000	0.0000	0.0000	0.0000	0.0000	0.0000	-0.0002	-0.0000	18.5150	2.8083	10.2301	0.0030	0.0006	0.0006	0.0000	0.0006	0.0006	0.0000	0.0000	0.0000	0.0000	0.0000	0.0000	0.0000	0.0000	0.0000	0.0000	0.0000	0.0000	0.0000	0.2653	0.2394	0.0259	0.1070	0.1015	0.0055	0.1583	0.1379	0.0204	0.0427	0.0268	0.0159	0.0142	0.0128	0.0014	0.0285	0.0140	0.0145	9.9852	6.9439	0.0000	8.2503	7.8378	0.0000	0.0000	0.0000	0.0000	0.0002	0.0004	0.0000	0.0007	0.0008	0.0000	0.0000	0.0000	0.0000					
96	120	0.5879	9	0	1	1	1	0	0	0	0	N	N	N	N	N	N	N	N	N	N	N	N	11.5468	8.0815	10.7444	10.2194	0.0008	0.0009	0.0000	0.0022	0.0023	0.0000	0.0000	0.0000	0.0000	0.0001	0.0001	0.0000	0.0002	0.0002	0.0000	0.0000	0.0000	0.0000	0.0000	0.0000	-0.0002	-0.0000	18.5150	9.6158	10.2301	0.0030	0.0006	0.0006	0.0000	0.0006	0.0006	0.0000	0.0000	0.0000	0.0000	0.0000	0.0000	0.0000	0.0000	0.0000	0.0000	0.0000	0.0000	0.0000	0.7695	0.6896	0.0799	0.2746	0.2599	0.0148	0.4948	0.4297	0.0651	0.1431	0.0898	0.0534	0.0475	0.0428	0.0048	0.0956	0.0470	0.0486	11.5468	8.0815	0.0000	10.7444	10.2194	0.0000	0.0000	0.0000	0.0000	0.0001	0.0001	0.0000	0.0002	0.0002	0.0000	0.0000	0.0000	0.0000					
96	121	0.5783	8	0	1	0	1	0	0	0	0	N	N	N	N	N	N	N	N	N	N	N	N	2.9647	2.1195	0.0000	101.5842	91.3303	0.0000	0.0000	0.0000	0.0000	0.9784	1.0838	0.0000	2.3004	2.4143	0.0000	0.0000	0.0000	0.0000	0.3300	0.5113	0.0002	0.0226	0.0264	0.0000	0.4386	1.1112	0.0003	0.0000	0.0042	-0.1075	-0.0015	18.5150	4.2457	10.2301	2.0144	0.3745	0.3745	0.0000	0.3745	0.3745	0.0000	0.0000	0.0000	0.0000	0.0023	0.0023	0.0000	0.0005	0.0005	0.0000	0.0019	0.0018	0.0000	0.3828	0.3456	0.0372	0.1628	0.1551	0.0077	0.2200	0.1904	0.0296	0.1061	0.0668	0.0393	0.0361	0.0330	0.0031	0.0701	0.0338	0.0362	44.6772	31.2788	0.0000	177.9348	170.6895	0.0000	0.0000	0.0000	0.0000	0.0219	0.0346	0.0002	0.0129	0.0141	0.0000	0.0265	0.0546	0.0003
96	122	0.5362	7	0	1	0	1	0	0	0	0	N	N	N	N	N	N	N	N	N	N	N	N	0.1796	0.1238	0.0005	7.9179	7.3779	0.0559	0.0002	0.0001	0.0001	0.4827	0.5397	0.0000	1.3753	1.4446	0.0000	0.0009	0.0011	0.0000	2.6870	4.3601	0.0031	0.1737	0.1958	0.0002	3.8627	7.8530	0.0033	0.0000	0.0004	-0.1354	-0.6291	18.5150	11.9190	10.2301	13.1740	0.4714	0.4714	0.0000	0.4709	0.4709	0.0000	0.0006	0.0006	0.0000	1.0018	1.0014	0.0004	0.0054	0.0054	0.0000	0.9964	0.9960	0.0004	0.9768	0.8735	0.1033	0.3424	0.3259	0.0164	0.6344	0.5475	0.0869	0.3728	0.2297	0.1432	0.1149	0.1028	0.0120	0.2580	0.1268	0.1311	0.1796	0.1238	0.0005	29.1958	27.4648	0.0559	0.0002	0.0001	0.0001	2.6870	4.3601	0.0030	0.0471	0.0526	0.0002	3.8627	7.8530	0.0033
96	123	0.1283	3	0	1	1	1	0	0	0	0	N	N	N	N	N	N	N	N	N	N	N	N	0.6260	0.2886	0.0000	0.7974	0.7867	0.0000	0.0000	0.0001	0.0001	0.0000	0.0009	0.0010	0.0000	0.0000	0.0000	0.0000	0.0002	0.0005	0.0000	0.0012	0.0012	0.0000	0.0000	0.0000	0.0000	0.0000	0.0013	-0.0000	-0.0001	18.5150	12.8936	10.2301	4.1514	0.0001	0.0001	0.0000	0.0001	0.0001	0.0000	0.0000	0.0000	0.0000	0.0001	0.0001	0.0000	0.0001	0.0001	0.0000	0.0000	0.0000	0.0000	1.1530	1.0205	0.1325	0.1587	0.1553	0.0034	0.9944	0.8652	0.1291	0.4240	0.2352	0.1888	0.0742	0.0717	0.0026	0.3497	0.1635	0.1862	0.6260	0.3929	0.0000	0.7974	0.7867	0.0000	0.0000	0.0000	0.0000	0.0002	0.0004	0.0000	0.0012	0.0012	0.0000	0.0000	0.0000	0.0000		
96	124	0.5515	8	0	2	0	0	0	0	0	0	N	Y	N	N	N	N	N	N	N	N	N	N	1.0926	20.2823	0.0000	44.6984	51.6232	0.0000	0.0004	0.0055	0.0000	0.0157	0.0175	0.0000	0.0479	0.0504	0.0000	0.0000	0.0000	0.0000	0.0144	0.0009	0.0206	0.0011	0.0010	0.0020	0.0412	0.0031	0.0184	0.0000	13.0105	-0.0045	0.0004	18.5150	12.7386	10.2301	8.7370	0.0156	0.0156	0.0000	0.0156	0.0156	0.0000	0.0000	0.0000	0.0000	0.0015	0.0001	0.0014	0.0001	0.0001	0.0000	0.0013	0.0000	0.0013	0.9957	0.8914	0.1043	0.3260	0.3098	0.0163	0.6696	0.5816	0.0880	0.3321	0.2048	0.1273	0.1066	0.0964	0.0102	0.2255	0.1083	0.1171	3.5722	34.4738	0.0000	44.6984	51.6232	0.0000	0.0025	0.1871	0.0000	0.0044	0.0005	0.0106	0.0011	0.0010	0.0020	0.0060	0.0001	0.0114
96	125	0.5362	7	0	2	0	0	0	0	0	0	N	Y	N	N	N	N	N	N	N	N	N	N	0.8443	0.8773	0.0000	2.2465	2.1961	0.2376	0.0025	0.0446	0.0000	0.5259	0.5872	0.0000	1.4259	1.4944	0.0000	0.0013	0.0015	0.0000	0.6229	0.6694	0.2214	0.6347	0.6805	0.0001	0.4968	0.0328	0.2098	0.0000	0.5694	-0.1121	-0.0024	18.5150	8.6431	10.2301	1.4782	0.3905	0.3905	0.0000	0.3899	0.3899	0.0000	0.0006	0.0006	0.0000	0.0092	0.0059	0.0033	0.0058	0.0058	0.0000	0.0034	0.0001	0.0033	0.7425	0.6649	0.0776	0.2734	0.2609	0.0125	0.4691	0.4040	0.0650	0.1583	0.0973	0.0609	0.0499	0.0445	0.0054	0.1084	0.0529	0.0555	9.0385	9.7406	0.0000	12.2330	11.4250	0.2376	0.0402	1.5334	0.0000	0.0582	0.0603	0.0548	0.1166	0.1308	0.0001	0.0313	0.0010	0.0602
96	126	0.5266	6	0	1	0	0	0	0	0	0	N	N	N	N	N	N	N	N	N	N	N	N	1.8590	1.6697	0.0012	3.4525	2.9201	3242.4653	0.2885	0.3070	0.0000	1.6246	1.8410	0.0006	4.1609	4.3292	0.0052	0.2308	0.2751	0.0000	0.8739	1.1026	0.5155	1.2052	1.4825	0.0000	0.8002	0.8959	0.8119	0.0000	0.2664	-0.1936	-0.0095	18.5150	4.1618	10.2301	2.0491	0.6742	0.6742	0.0000	0.6124	0.6123	0.0000	0.0618	0.0618	0.0000	0.0228	0.0180	0.0048	0.0170	0.0170	0.0000	0.0058	0.0010	0.0048	0.4150	0.3662	0.0488	0.1472	0.1414	0.0057	0.2678	0.2247	0.0431	0.1360	0.0810	0.0551	0.0655	0.0476	0.0179	0.0705	0.0334	0.0372	9.6878	8.2744	0.0070	16.0081	12.0987	3242.4653	2.8134	9.2836	0.0000	0.1677	0.2225	0.0871	0.2599	0.3578	0.0000	0.0820	0.0296	0.1292
96	127	0.4975	5	0	1	0	0	0	0	0	0	N	N	N	N	N	N	N	N	N	N	N	N	0.7367	0.4918	2.2277	0.0031	0.0032	0.0001	255.9719	2644.9993	2.5068	1.3222	1.4857	0.0060	0.0139	0.0148	0.0000	1.8596	2.1431	0.0070	1.7948	3.0212	0.0027	4.4326	4.6579	0.0008	0.0073	0.0008	0.0028	0.0005	0.0006	-0.2697	-0.5666	18.5150	9.4810	10.2301	7.4917	0.9409	0.9405	0.0005	0.0029	0.0029	0.0000	0.9381	0.9376	0.0005	0.9026	0.9021	0.0005	0.9021	0.9021	0.0000	0.0005	0.0000	0.0005	0.7117	0.6330	0.0786	0.2072	0.1955	0.0117	0.5044	0.4375	0.0669	0.5029	0.2986	0.2043	0.2059	0.1937	0.0122	0.2970	0.1049	0.1921	0.7367	0.4918	2.2277	0.0032	0.0032	0.0001	1025.5048	335780.3205	2.5068	1.7948	3.0212	0.0027	4.3820	4.6579	0.0008	0.0018	0.0000	0.0028
96	128	0.1405	4	1	2	0	0	0	0	0	0	N	Y	N	N	N	N	N	N	N	N	N	N	15536.9003	10745.2064	0.0000	0.0000	inf	inf	0.0010	0.0011	0.0000	0.0000	0.0000	0.0000	0.0011	0.0013	0.0000	0.0000	0.0000	0.0000	0.0000	0.0000	0.0000	0.0000	0.0000	0.0000	0.0000	0.0741	-0.0000	-0.0000	18.5150	2.0107	10.2301	1.9995	0.0002	0.0002	0.0000	0.0000	0.0000	0.0000	0.0002	0.0002	0.0000	0.0000	0.0000	0.0000	0.0000	0.0000	0.0000	0.0000	0.0000	0.0000	0.1601	0.1399	0.0202	0.0156	0.0151	0.0005	0.1445	0.1248	0.0198	0.0902	0.0507	0.0395	0.0130	0.0123	0.0006	0.0772	0.0384	0.0388	15536.9003	10745.2064	0.0000	0.0000	0.0000	0.0000	inf	inf	0.0000	0.0000	0.0000	0.0000	0.0000	0.0000	0.0000	0.0000	0.0000	0.0000			
96	129	0.1283	3	1	2	0	0	0	0	0	0	N	Y	N	N	N	N	N	N	N	N	N	N	2673.7088	1131.3902	0.0000	0.0001	0.0001	2955581.5584	inf	0.0000	1.6695	1.8653	0.0000	0.0000	0.0000	0.0000	2.0588	2.3562	0.0000	0.0006	0.0016	0.0000	0.0019	0.0019	0.0000	0.0000	0.0000	0.0000	0.0000	0.0013	-0.2870	-0.0001	18.5150	5.6459	10.2301	1.1399	0.9995	0.9995	0.0000	0.0000	0.0000	0.0000	0.9995	0.9995	0.0000	0.0001	0.0001	0.0000	0.0001	0.0001	0.0000	0.0000	0.0000	0.0000	0.5987	0.5358	0.0628	0.1132	0.1116	0.0016	0.4855	0.4242	0.0613	0.2051	0.1124	0.0927	0.0464	0.0453	0.0011	0.1588	0.0671	0.0917	3888.8584	2383.5637	0.0000	0.0001	0.0001	0.0000	2955581.5584	inf	0.0000	0.0004	0.0008	0.0000	0.0019	0.0019	0.0000	0.0000	0.0000	0.0000	
96	130	0.0979	2	0	1	0	0	0	0	0	0	N	N	N	N	N	N	N	N	N	N	N	N	0.2346	0.2139	0.0513	0.7628	0.7717	0.0064	0.0853	0.4357	0.0629	0.1328	0.1673	0.0000	0.5701	0.5763	0.0000	0.0001	0.0001	0.0000	0.5660	0.7820	0.0006	0.7473	0.7468	0.0056	0.0010	0.0002	0.0005	0.0000	0.0054	-0.0595	-0.0279	18.5150	11.6079	10.2301	5.3766	0.2074	0.2074	0.0000	0.2073	0.2073	0.0000	0.0001	0.0001	0.0000	0.0447	0.0445	0.0002	0.0446	0.0445	0.0000	0.0002	0.0000	0.0002	1.5615	1.2395	0.3220	0.3636	0.3596	0.0040	1.1979	0.8798	0.3181	0.9191	0.5073	0.4118	0.3207	0.3120	0.0087	0.5984	0.1953	0.4031	2.7277	1.9068	0.0513	4.1035	4.0405	0.0064	0.2568	128.9103	0.0629	0.0487	0.0877	0.0006	0.1389	0.1426	0.0056	0.0003	0.0000	0.0005
97	98	0.6395	8	0	2	0	0	0	0	0	0	N	Y	N	N	N	N	N	N	N	N	N	N	0.0006	0.0002	0.0000	0.0061	0.0048	0.0000	0.0000	0.0000	0.0000	0.0000	0.0000	0.0000	0.0000	0.0000	0.0000	0.0000	0.0000	0.0000	0.0152	0.0549	0.0002	0.0048	0.0065	0.0006	0.0309	0.5842	0.0001	0.0000	0.0157	-0.0000	-0.0024	46.1140	20.7840	26.4917	8.9470	0.0000	0.0000	0.0000	0.0000	0.0000	0.0000	0.0000	0.0000	0.0000	0.0039	0.0038	0.0001	0.0011	0.0010	0.0000	0.0028	0.0028	0.0000	3.2356	2.9032	0.3323	1.0224	0.9716	0.0508	2.2131	1.9317	0.2815	0.8441	0.4977	0.3464	0.2549	0.2048	0.0501	0.5892	0.2929	0.2963	0.0020	0.0013	0.0000	0.0070	0.0061	0.0000	0.0000	0.0000	0.0000	0.0046	0.0077	0.0002	0.0042	0.0051	0.0006	0.0048	0.0095	0.0001
97	99	0.6345	7	0	1	0	0	0	0	0	0	N	N	N	N	N	N	N	N	N	N	N	N	0.0002	0.0001	0.0106	0.0004	0.0003	0.0028	0.0007	0.0001	0.0000	0.0001	0.0000	0.0002	0.0001	0.0000	0.0006	0.0000	0.0000	0.0000	0.3309	0.4781	0.0204	0.1812	0.1378	0.1990	0.0402	0.5584	0.0043	0.7250	0.2580	0.0000	-0.0020	46.1140	2.7834	26.4917	1.0450	0.0001	0.0000	0.0000	0.0001	0.0000	0.0000	0.0000	0.0000	0.0000	0.0047	0.0037	0.0010	0.0039	0.0033	0.0006	0.0008	0.0004	0.0004	1.3304	1.1907	0.1396	0.7860	0.7322	0.0538	0.5444	0.4585	0.0859	0.2146	0.1225	0.0921	0.0809	0.0751	0.0058	0.1337	0.0474	0.0862	0.0025	0.0011	0.0206	0.0015	0.0008	0.0054	0.0048	0.0038	0.0000	0.0220	0.0306	0.0105	0.0487	0.0444	0.1041	0.0058	0.0088	0.0042
97	100	0.6245	6	0	1	0	0	0	0	0	0	N	N	N	N	N	N	N	N	N	N	N	N	0.9456	0.8835	3.2977	3.6425	3.5566	27.1197	0.5264	0.5000	0.5523	0.4060	0.4179	0.2997	0.6107	0.5947	0.8493	0.1958	0.2203	0.0447	0.4294	0.4730	0.0909	0.1677	0.1672	0.0313	0.3720	0.4406	0.0810	0.0803	0.7400	-0.2081	-0.0033	46.1140	7.6044	26.4917	2.7972	0.9777	0.9050	0.0727	0.7451	0.6798	0.0653	0.2326	0.2252	0.0074	0.0163	0.0094	0.0069	0.0090	0.0085	0.0005	0.0073	0.0009	0.0064	2.4081	2.1656	0.2425	1.2200	1.1431	0.0769	1.1881	1.0224	0.1657	0.5159	0.3132	0.2026	0.1936	0.1747	0.0189	0.3223	0.1385	0.1837	12.8694	13.9959	8.7743	13.1579	12.2718	30.8842	8.6565	34.3818	1.2840	0.0315	0.0299	0.0342	0.0464	0.0485	0.0275	0.0226	0.0064	0.0348
97	101	0.5749	5	0	1	0	0	0	0	0	0	N	N	N	N	N	N	N	N	N	N	N	N	0.2146	0.2407	0.0580	0.1027	0.0791	121.9660	0.2517	1.0874	0.0150	0.4096	0.4224	0.3043	0.3877	0.3229	1.5651	0.4193	0.4704	0.0855	1.9088	1.7548	5.2465	3.7770	4.0815	0.0128	1.6657	0.4326	5.6920	0.0873	1.0558	-0.2815	-0.2217	46.1140	18.4780	26.4917	12.4520	1.3611	1.2518	0.1093	0.3949	0.3117	0.0831	0.9663	0.9401	0.0262	1.9316	0.9396	0.9920	0.9380	0.9374	0.0006	0.9935	0.0021	0.9914	3.3229	2.9638	0.3592	1.0185	0.9653	0.0531	2.3045	1.9984	0.3061	1.0119	0.6041	0.4078	0.3083	0.2629	0.0454	0.7036	0.3412	0.3624	0.2146	0.2716	0.1251	0.1274	0.0906	121.9660	0.2969	75.6537	0.0313	1.9088	1.5553	2.4325	3.0423	3.5654	0.0128	1.4121	0.0062	2.7356
97	102	0.2832	5	0	2	0	0	0	0	0	0	N	Y	N	N	N	N	N	N	N	N	N	N	1.6889	1.1912	19.6418	0.9582	1.0539	0.7118	2.7218	39880.6030	29.1010	0.7801	0.5335	2.8906	0.5421	0.5495	0.3245	0.8585	0.5276	3.1097	0.4619	0.4478	0.1472	0.5657	0.5214	0.4559	0.3154	0.0000	0.1069	0.6332	1.1769	0.6071	-0.0068	46.1140	34.1922	26.4917	22.4626	6.0380	3.6971	2.3409	1.0403	1.0197	0.0207	4.9977	2.6775	2.3202	0.0780	0.0358	0.0422	0.0409	0.0358	0.0051	0.0371	0.0000	0.0371	7.7403	6.9305	0.8098	1.9192	1.8555	0.0637	5.8211	5.0750	0.7461	2.2590	1.3097	0.9494	0.3875	0.3587	0.0288	1.8716	0.9510	0.9206	22.5921	19.4983	65.0765	5.1359	5.5005	1.8468	43.3038	14977303.9854	77.1474	0.0345	0.0274	0.0444	0.1055	0.0999	0.1757	0.0198	0.0000	0.0403
97	103	0.2353	4	0	2	0	0	0	0	0	0	N	Y	N	N	N	N	N	N	N	N	N	N	0.5831	0.9640	0.4211	7.9723	10.2925	2.8064	0.4467	0.4208	0.4351	0.8408	0.6399	2.3710	1.2374	1.2684	0.4685	0.7609	0.4997	2.4839	1.4419	0.6638	5.6301	0.1552	0.1232	0.1669	1.7035	1.1875	5.7087	0.4865	37.9457	0.1543	0.6160	46.1140	22.5884	26.4917	11.0115	3.8427	2.5850	1.2577	0.9487	0.9348	0.0139	2.8940	1.6502	1.2438	1.7804	0.0457	1.7347	0.0081	0.0071	0.0010	1.7723	0.0386	1.7337	4.5701	4.0397	0.5304	0.7667	0.7370	0.0297	3.8034	3.3026	0.5007	1.4026	0.7665	0.6361	0.1807	0.1696	0.0111	1.2219	0.5970	0.6250	0.6624	10.7294	0.8694	27.5906	30.2402	5.2555	0.5246	7.7267	0.8954	1.2694	0.0596	2.7272	0.0448	0.0419	0.0891	1.4504	0.0647	2.7742
97	104	0.2052	3	0	1	0	0	0	0	0	0	N	N	N	N	N	N	N	N	N	N	N	N	1.2259	3.5681	17.8822	18.8813	17.6935	76.8932	0.8759	0.1890	20.6878	0.3681	0.1929	1.6667	0.8706	0.8791	0.6711	0.2810	0.0615	1.7197	0.3002	0.0541	0.0932	0.0461	0.0497	0.0087	0.3208	0.3253	0.0831	1.1654	3.8870	0.2226	0.0030	46.1140	11.8100	26.4917	8.7888	0.8868	0.4095	0.4773	0.3097	0.3000	0.0097	0.5771	0.1095	0.4676	0.0177	0.0036	0.0141	0.0020	0.0019	0.0000	0.0157	0.0017	0.0140	2.4094	2.1231	0.2864	0.3557	0.3412	0.0145	2.0537	1.7818	0.2719	0.8746	0.4714	0.4032	0.0920	0.0866	0.0054	0.7827	0.3849	0.3978	18.1886	25.1091	47.7394	40.4631	39.3933	76.8932	13.9908	14.0006	48.7606	0.0202	0.0077	0.0349	0.0215	0.0223	0.0087	0.0201	0.0044	0.0353
97	105	0.1691	2	0	1	0	0	0	0	0	0	N	N	N	N	N	N	N	N	N	N	N	N	1.2303	993.0518	1.1805	413.6567	4610.2551	0.0045	0.8331	146.1207	1.1466	1.5110	0.9683	5.1838	16.0015	16.6046	0.0047	1.1651	0.5544	5.2181	1.2282	0.0010	4.3914	0.0387	0.0036	1.0345	1.3985	0.0038	4.5509	0.7910	2786.9966	0.5877	0.2849	46.1140	14.7392	26.4917	7.3617	3.8038	2.1238	1.6799	0.9392	0.9391	0.0000	2.8646	1.1847	1.6799	0.7674	0.0003	0.7671	0.0013	0.0002	0.0011	0.7661	0.0001	0.7661	2.5175	2.1934	0.3241	0.0587	0.0566	0.0021	2.4588	2.1368	0.3219	0.9212	0.4989	0.4223	0.0692	0.0656	0.0036	0.8520	0.4332	0.4188	1.8137	1754.8725	2.8537	851.4737	4966.9410	0.0154	1.2957	4297.7025	2.8524	0.8331	0.0006	1.8165	0.0188	0.0033	0.3038	0.8992	0.0001	1.8294
97	106	0.1836	3	0	2	0	0	0	0	0	0	N	Y	N	N	N	N	N	N	N	N	N	N	0.4683	1.3597	0.0438	1.3266	1.1516	1265.3910	0.4679	0.8393	0.0435	0.6244	0.6798	0.2025	0.1524	0.1590	0.0022	0.7096	0.7833	0.2142	1.3333	0.4999	4.6248	0.1149	0.1381	0.0000	1.5167	0.9332	4.9235	0.0391	63.8035	-0.5596	0.3611	46.1140	20.0414	26.4917	7.0324	2.2425	2.1581	0.0843	0.0837	0.0837	0.0000	2.1587	2.0744	0.0843	1.0138	0.0156	0.9982	0.0012	0.0012	0.0000	1.0126	0.0144	0.9982	3.5914	3.1748	0.4165	0.5494	0.5263	0.0230	3.0420	2.6485	0.3935	0.9549	0.4707	0.4842	0.0316	0.0277	0.0039	0.9233	0.4430	0.4803	0.5881	20.4526	0.0982	3.9029	3.5711	1265.3910	0.6471	24.0783	0.1031	1.0617	0.0332	2.0614	0.0391	0.0445	0.0000	1.0967	0.0325	2.0780
97	107	0.1736	2	0	1	0	0	0	0	0	0	N	N	N	N	N	N	N	N	N	N	N	N	0.6637	0.1503	313.7824	2.0601	1.9809	173.8273	0.7742	0.1574	359.1360	1.9697	0.8748	10.4214	0.4116	0.4142	0.2604	2.4594	1.0412	10.7951	2.9678	5.8189	0.0332	0.1998	0.2091	0.0015	3.1765	6.6133	0.0301	1.5435	0.0026	1.1495	-0.6146	46.1140	7.0315	26.4917	1.2144	3.5954	1.4136	2.1818	0.1796	0.1777	0.0019	3.4158	1.2359	2.1799	0.9823	0.9797	0.0026	0.0011	0.0011	0.0000	0.9812	0.9786	0.0026	1.8253	1.6160	0.2094	0.4365	0.4290	0.0074	1.3889	1.1870	0.2019	0.3310	0.1684	0.1626	0.0221	0.0204	0.0017	0.3089	0.1480	0.1609	0.6637	0.1503	654.6235	8.1797	7.6152	173.8273	0.7742	0.1574	671.6609	2.9678	5.8189	0.0159	0.0503	0.0544	0.0015	3.1765	6.6133	0.0161
97	109	0.2510	4	0	2	0	0	0	0	0	0	N	Y	N	N	N	N	N	N	N	N	N	N	0.7009	0.5910	0.5471	0.3191	0.3181	0.6466	0.6604	1.7539	0.5454	1.0540	0.8530	2.5816	1.3418	1.4089	0.0138	1.0109	0.7624	2.7277	1.5038	1.4432	4.7188	4.2049	4.4293	0.0214	1.5307	0.4347	5.0013	0.3982	2.6586	-0.0169	0.2690	46.1140	40.5309	26.4917	14.7974	7.1758	5.1323	2.0435	1.1888	1.1882	0.0006	5.9870	3.9441	2.0429	2.7362	0.7479	1.9883	0.7428	0.7424	0.0005	1.9934	0.0055	1.9879	6.8084	6.0169	0.7916	0.8860	0.8433	0.0426	5.9225	5.1735	0.7489	1.9695	1.0549	0.9145	0.1945	0.1733	0.0213	1.7749	0.8816	0.8933	0.7586	1.2031	1.1874	0.3514	0.3289	0.6466	0.9001	121.8685	1.2258	1.3893	0.7090	2.1741	3.8186	4.2843	0.0214	1.1231	0.0063	2.2253
97	110	0.2251	3	0	2	0	0	0	0	0	0	N	Y	N	N	N	N	N	N	N	N	N	N	1.1504	0.8934	1.4050	0.4165	0.4855	0.0010	1.1334	2.8030	1.7158	1.0314	0.7512	3.0905	0.7144	0.7477	0.0065	1.0818	0.7518	3.2578	0.8965	0.8408	2.1997	1.7153	1.5401	6.7954	0.9544	0.2682	1.8988	0.5599	2.4221	0.1928	0.0114	46.1140	13.5236	26.4917	3.5331	2.6846	1.7210	0.9636	0.2550	0.2549	0.0001	2.4296	1.4660	0.9635	0.1435	0.0419	0.1016	0.0523	0.0408	0.0115	0.0912	0.0011	0.0901	2.6028	2.2910	0.3118	0.3570	0.3410	0.0160	2.2458	1.9501	0.2958	0.7548	0.4223	0.3325	0.1166	0.1052	0.0114	0.6381	0.3170	0.3211	5.4242	7.5630	10.1163	1.5938	1.9270	0.0065	7.5661	212.9823	11.6068	0.1902	0.0993	0.3055	0.4482	0.3880	1.0024	0.1430	0.0035	0.2807
97	111	0.1691	2	0	1	0	0	0	0	0	0	N	N	N	N	N	N	N	N	N	N	N	N	0.5523	3.7084	0.1746	1.1276	7.2839	0.0072	0.5302	1.4558	0.1669	1.1407	1.1009	1.4105	0.0384	0.0397	0.0041	1.1670	1.1290	1.4199	2.0654	0.2969	8.0807	0.0340	0.0054	0.5659	2.2009	0.7755	8.5093	0.1888	217.7588	-0.4211	0.9864	46.1140	16.9399	26.4917	15.9768	3.2818	2.7606	0.5213	0.0026	0.0026	0.0000	3.2792	2.7580	0.5212	2.6873	0.0123	2.6750	0.0014	0.0003	0.0011	2.6859	0.0119	2.6740	2.8771	2.5075	0.3695	0.0671	0.0647	0.0024	2.8100	2.4429	0.3671	1.3011	0.6910	0.6101	0.0807	0.0756	0.0051	1.2204	0.6154	0.6050	0.5523	61.9236	0.3217	2.2150	8.6763	0.0199	0.5302	58.1952	0.3212	2.0654	0.0178	4.3845	0.0173	0.0046	0.2047	2.2009	0.0194	4.4200
97	112	0.2153	4	1	2	0	1	0	0	0	0	N	Y	N	N	N	N	N	N	N	N	N	N	4.8071	5.4988	33.3547	0.0000	0.0000	4.2014	inf	41.8245	0.0637	0.0120	0.4537	0.0000	0.0000	0.0000	0.0971	0.0196	0.4599	0.0133	0.0022	0.0136	0.0063	0.0075	0.0000	0.0231	0.0000	0.0110	4.9997	7.0252	0.0000	0.0001	46.1140	0.0019	26.4917	1.9928	0.0001	0.0000	0.0000	0.0000	0.0000	0.0000	0.0001	0.0000	0.0000	0.0003	0.0000	0.0003	0.0000	0.0000	0.0000	0.0003	0.0000	0.0003	0.0009	0.0008	0.0001	0.0003	0.0003	0.0000	0.0006	0.0005	0.0001	0.0783	0.0421	0.0362	0.0080	0.0071	0.0009	0.0703	0.0350	0.0353	15.5972	12.7015	58.6832	0.0000	0.0000	0.0000	24.3701	inf	58.0173	0.0041	0.0009	0.0077	0.0050	0.0056	0.0000	0.0040	0.0000	0.0079	
97	113	0.1917	3	1	2	0	1	0	0	0	0	N	Y	N	N	N	N	N	N	N	N	N	N	1.0429	3958.8469	1.3545	0.0978	0.0192	0.7700	1.0193	17699.7750	1.2942	1.7636	0.6763	9.0508	0.0002	0.0000	0.0093	1.9744	0.7684	9.2295	1.6909	0.0002	6.6819	0.0025	0.0013	0.0121	1.9369	0.0000	7.1316	1.9965	19821.1058	1.1342	0.3678	46.1140	8.6942	26.4917	6.0502	2.9915	0.9983	1.9931	0.0000	0.0000	0.0000	2.9914	0.9983	1.9931	0.9898	0.0000	0.9897	0.0001	0.0000	0.0001	0.9897	0.0000	0.9897	1.6963	1.4760	0.2202	0.1812	0.1769	0.0043	1.5151	1.2991	0.2159	0.5854	0.2992	0.2862	0.0430	0.0382	0.0047	0.5424	0.2610	0.2814	1.0429	4052.6139	2.6167	0.0978	0.0192	0.7700	1.0821	6663018.7804	2.6243	1.6909	0.0002	3.4588	0.0025	0.0013	0.0121	1.8247	0.0000	3.5170
97	114	0.2128	7	0	2	0	1	0	0	0	0	N	Y	N	N	N	N	N	N	N	N	N	N	0.0000	0.0000	0.0000	0.0000	0.0000	0.0000	0.0000	0.0000	0.0000	0.0000	0.0000	0.0000	0.0000	2.8646	0.0000	10.6079	0.0000	0.0000	0.0000	4.8229	0.0000	11.5777	inf	0.0000	0.0000	46.1140	0.0001	26.4917	0.0001	0.0000	0.0000	0.0000	0.0000	0.0000	0.0000	0.0000	0.0000	0.0000	0.0001	0.0000	0.0001	0.0000	0.0000	0.0000	0.0001	0.0000	0.0001	0.0000	0.0000	0.0000	0.0000	0.0000	0.0000	0.0000	0.0000	0.0000	0.0000	0.0000	0.0000	0.0000	0.0000	0.0000	0.0000	0.0000	0.0000	0.0000	0.0000	0.0000	0.0000	0.0000	0.0000	0.0000	0.0000	0.0000	2.8646	0.0000	5.7591	0.0000	0.0000	0.0000	4.8229	0.0000	5.7836						
97	115	0.2061	6	0	2	0	1	0	0	0	0	N	Y	N	N	N	N	N	N	N	N	N	N	0.2886	4732829.8295	0.0000	487.5648	431.9438	0.2954	inf	0.0000	1.8948	2.1602	0.0000	0.0018	0.0019	0.0000	2.0681	2.3769	0.0000	6.5647	0.0000	21.1365	0.0000	0.0000	0.0000	7.0001	0.0000	23.0654	0.0000	28476354.2475	-0.2871	0.3714	46.1140	3.0007	26.4917	1.0012	1.0000	1.0000	0.0000	0.0001	0.0001	0.0000	0.9999	0.9999	0.0000	0.9995	0.0000	0.9995	0.0000	0.0000	0.0000	0.9995	0.0000	0.9995	0.5278	0.4629	0.0648	0.0443	0.0423	0.0020	0.4835	0.4207	0.0628	0.1522	0.0769	0.0754	0.0095	0.0080	0.0015	0.1428	0.0689	0.0739	0.2886	4732829.8295	0.0000	487.5648	431.9438	0.0000	0.2954	inf	0.0000	6.5647	0.0000	13.2642	0.0000	0.0000	0.0000	7.0001	0.0000	13.5269	
97	116	0.2043	5	0	1	0	1	0	0	0	0	N	N	N	N	N	N	N	N	N	N	N	N	0.0100	0.1645	0.0426	0.1173	0.0959	0.0044	inf	0.0482	0.0007	0.0006	0.0016	0.0023	0.0024	0.0000	0.0005	0.0003	0.0017	0.0719	0.0037	0.0379	0.0192	0.0246	0.0000	0.1126	0.0000	0.0352	0.3637	13.0047	-0.0000	0.0001	46.1140	1.1177	26.4917	0.0023	0.0001	0.0001	0.0000	0.0001	0.0001	0.0000	0.0001	0.0000	0.0000	0.0004	0.0000	0.0004	0.0000	0.0000	0.0000	0.0004	0.0000	0.0004	0.2080	0.1832	0.0248	0.0266	0.0254	0.0012	0.1813	0.1577	0.0236	0.0428	0.0216	0.0212	0.0026	0.0022	0.0004	0.0402	0.0194	0.0208	0.0736	0.4326	0.0879	0.1974	0.1742	0.0000	0.0512	inf	0.0905	0.0098	0.0014	0.0184	0.0114	0.0135	0.0000	0.0097	0.0000	0.0187	
97	117	0.2595	3	0	2	0	0	0	0	0	0	N	Y	N	N	N	N	N	N	N	N	N	N	0.5355	0.7664	0.1486	0.4748	0.4944	0.0002	0.4381	290.8130	0.1586	0.8091	0.8029	0.8581	1.1232	1.1809	0.0005	0.7479	0.7228	0.9231	1.5110	1.0477	5.7756	2.3659	2.3886	2.9871	1.7071	0.0025	5.8196	0.1362	13.2622	-0.7373	0.8897	46.1140	31.2782	26.4917	23.9277	4.4072	3.8790	0.5282	0.9979	0.9978	0.0000	3.4093	2.8811	0.5282	2.9507	0.2069	2.7438	0.2172	0.2068	0.0103	2.7335	0.0001	2.7335	5.4468	4.8312	0.6156	0.8884	0.8450	0.0434	4.5584	3.9862	0.5722	2.1040	1.1233	0.9807	0.2277	0.2104	0.0173	1.8763	0.9129	0.9634	0.5770	4.3594	0.3067	1.1779	1.2012	0.0008	0.5134	10595.5992	0.3253	1.4024	0.1842	2.7978	0.9536	0.9831	0.5959	1.4569	0.0001	2.8374
97	118	0.2043	5	0	1	1	1	0	0	0	0	N	N	N	N	N	N	N	N	N	N	N	N	12524.8679	6285.5734	0.0793	0.0700	inf	inf	1.4458	1.6460	0.0000	0.0001	0.0002	0.0000	1.6002	1.8389	0.0000	0.0001	0.0003	0.0000	0.0019	0.0022	0.0000	0.0000	0.0000	0.0000	0.0000	0.0000	-0.2871	-0.0000	46.1140	3.8827	26.4917	2.9998	1.0000	1.0000	0.0000	0.0000	0.0000	0.0000	0.9999	0.9999	0.0000	0.0000	0.0000	0.0000	0.0000	0.0000	0.0000	0.0000	0.0000	0.0000	0.6916	0.6075	0.0841	0.0667	0.0637	0.0030	0.6249	0.5438	0.0811	0.2599	0.1311	0.1287	0.0159	0.0134	0.0025	0.2440	0.1178	0.1262	12524.8679	7196.3012	0.0000	0.0793	0.0700	0.0000	inf	inf	0.0000	0.0001	0.0002	0.0000	0.0019	0.0022	0.0000	0.0000	0.0000	0.0000			
97	119	0.2014	4	0	1	0	1	0	0	0	0	N	N	N	N	N	N	N	N	N	N	N	N	0.0462	0.0341	0.0000	0.0006	0.0005	0.1001	inf	0.0000	0.0001	0.0001	0.0000	0.0000	0.0000	0.0000	0.0001	0.0001	0.0000	0.0022	0.0033	0.0007	0.0165	0.0211	0.0000	0.0012	0.0000	0.0008	0.0000	0.5714	-0.0000	-0.0000	46.1140	2.8083	26.4917	0.0030	0.0001	0.0001	0.0000	0.0000	0.0000	0.0000	0.0001	0.0001	0.0000	0.0001	0.0001	0.0000	0.0001	0.0001	0.0000	0.0000	0.0000	0.0000	0.6154	0.5473	0.0680	0.1209	0.1154	0.0055	0.4944	0.4319	0.0625	0.1082	0.0544	0.0538	0.0068	0.0058	0.0010	0.1014	0.0487	0.0528	0.0978	0.0870	0.0000	0.0010	0.0008	0.0000	0.3078	inf	0.0000	0.0010	0.0013	0.0007	0.0103	0.0121	0.0000	0.0004	0.0000	0.0008	
97	120	0.2014	4	0	1	1	1	0	0	0	0	N	N	N	N	N	N	N	N	N	N	N	N	0.0285	0.0136	0.0000	0.0173	0.0135	0.0000	0.0000	0.0000	0.0000	0.0000	0.0001	0.0001	0.0000	0.0000	0.0000	0.0000	0.0002	0.0005	0.0001	0.0031	0.0042	0.0000	0.0001	0.0000	0.0001	0.0000	0.1433	-0.0000	-0.0000	46.1140	9.6158	26.4917	0.0030	0.0000	0.0000	0.0000	0.0000	0.0000	0.0000	0.0000	0.0000	0.0000	0.0001	0.0001	0.0000	0.0001	0.0001	0.0000	0.0000	0.0000	0.0000	1.7792	1.5681	0.2111	0.2063	0.1967	0.0096	1.5729	1.3714	0.2015	0.3636	0.1828	0.1808	0.0223	0.0188	0.0035	0.3413	0.1639	0.1773	0.0286	0.0186	0.0000	0.0173	0.0153	0.0000	0.0000	0.0000	0.0000	0.0002	0.0004	0.0001	0.0031	0.0037	0.0000	0.0000	0.0000	0.0001		
97	121	0.1917	3	0	1	0	1	0	0	0	0	N	N	N	N	N	N	N	N	N	N	N	N	0.0128	0.0115	0.0001	0.0299	0.0305	0.0000	0.0000	0.0000	0.0001	0.0079	0.0092	0.0000	0.0522	0.0530	0.0000	0.0000	0.0000	0.0000	0.6191	0.7979	0.0452	1.7455	1.7400	0.0319	0.1540	0.0001	0.0414	0.0001	0.2213	-0.0021	-0.0069	46.1140	4.2457	26.4917	2.0144	0.0075	0.0075	0.0000	0.0075	0.0075	0.0000	0.0000	0.0000	0.0000	0.0155	0.0127	0.0028	0.0128	0.0127	0.0001	0.0028	0.0000	0.0028	0.9420	0.8156	0.1264	0.1432	0.1410	0.0023	0.7988	0.6746	0.1242	0.2699	0.1408	0.1290	0.0270	0.0249	0.0021	0.2429	0.1159	0.1269	0.1378	0.1015	0.0003	0.1102	0.1038	0.0000	0.0001	0.0000	0.0003	0.0575	0.0903	0.0218	0.4733	0.5105	0.0277	0.0113	0.0000	0.0217
97	122	0.1496	2	0	1	0	1	0	0	0	0	N	N	N	N	N	N	N	N	N	N	N	N	0.0090	0.0580	0.0044	0.0776	0.0839	0.0000	0.0024	0.1837	0.0042	0.0120	0.0107	0.0203	0.1012	0.1026	0.0000	0.0037	0.0010	0.0205	1.3342	0.1851	4.6424	1.3031	1.2232	4.2863	1.5080	0.0052	4.9284	0.2791	169.0276	-0.0019	0.3745	46.1140	11.9190	26.4917	13.1740	0.0274	0.0215	0.0060	0.0197	0.0197	0.0000	0.0077	0.0017	0.0060	1.0239	0.0060	1.0179	0.0066	0.0059	0.0006	1.0173	0.0001	1.0172	2.2934	1.9990	0.2944	0.1951	0.1923	0.0028	2.0983	1.8067	0.2916	0.9638	0.4739	0.4899	0.0234	0.0225	0.0009	0.9404	0.4513	0.4890	0.0113	0.8447	0.0098	0.3603	0.3899	0.0000	0.0034	4.8744	0.0099	1.0624	0.0127	2.0776	0.2808	0.2632	0.7367	1.0818	0.0002	2.0800
97	123	0.6347	8	0	1	1	1	0	0	0	0	N	N	N	N	N	N	N	N	N	N	N	N	0.2124	0.1400	178.5656	0.0000	0.0000	0.2182	0.1206	186.0654	0.4342	0.4831	0.0003	0.0000	0.0000	0.0000	0.6523	0.7468	0.0004	2.0440	3.4512	0.0000	0.0001	0.0002	0.0000	2.9897	6.1919	0.0000	0.0001	0.0000	-0.2871	-0.6283	46.1140	12.8936	26.4917	4.1514	1.0001	1.0000	0.0001	0.0000	0.0000	0.0000	1.0001	1.0000	0.0001	1.0000	1.0000	0.0000	0.0000	0.0000	0.0000	0.9999	0.9999	0.0000	2.3030	2.0698	0.2331	0.7699	0.7307	0.0391	1.5331	1.3391	0.1940	0.4892	0.2897	0.1995	0.1548	0.1282	0.0265	0.3345	0.1615	0.1730	0.2124	0.1400	178.5656	0.0000	0.0000	0.0000	0.2182	0.1206	186.0654	2.0440	3.4512	0.0000	0.0001	0.0002	0.0000	2.9897	6.1919	0.0000	
97	124	0.1649	3	0	2	0	0	0	0	0	0	N	Y	N	N	N	N	N	N	N	N	N	N	0.1214	0.0001	0.4097	0.0138	0.0150	0.0437	0.1260	0.0000	0.3988	0.4308	0.0001	3.5602	0.0020	0.0017	0.0130	0.4659	0.0000	3.6200	3.5500	2.3824	8.6898	0.1432	0.1115	0.2974	3.6982	2.9007	9.0763	3483.1678	2.0062	0.7056	0.1166	46.1140	12.7386	26.4917	8.7370	0.9903	0.0003	0.9900	0.0003	0.0003	0.0001	0.9899	0.0000	0.9899	2.9898	0.9945	1.9953	0.0015	0.0013	0.0002	2.9883	0.9932	1.9951	2.2986	2.0205	0.2781	0.1740	0.1694	0.0046	2.1246	1.8511	0.2735	0.8422	0.4174	0.4247	0.0341	0.0327	0.0014	0.8081	0.3847	0.4233	0.1214	0.0001	0.7579	0.0459	0.0428	0.0976	0.1260	0.0000	0.7681	3.5500	2.3824	4.6976	0.0431	0.0392	0.1333	3.6982	2.5816	4.7130
97	125	0.1496	2	0	2	0	0	0	0	0	0	N	Y	N	N	N	N	N	N	N	N	N	N	0.0144	0.0061	0.1207	0.0209	0.0222	0.0000	0.0098	0.0001	0.1714	0.0098	0.0044	0.0455	0.0367	0.0371	0.0000	0.0066	0.0001	0.0459	0.6799	0.7283	0.3771	1.7539	1.6736	9.5636	0.6753	0.9904	0.2680	1.5203	1.0133	0.0054	-0.0037	46.1140	8.6431	26.4917	1.4782	0.0171	0.0068	0.0103	0.0067	0.0067	0.0000	0.0105	0.0001	0.0103	0.0299	0.0149	0.0151	0.0081	0.0074	0.0006	0.0218	0.0074	0.0144	1.7552	1.5282	0.2270	0.1819	0.1799	0.0020	1.5732	1.3483	0.2249	0.4156	0.2052	0.2104	0.0170	0.0165	0.0005	0.3986	0.1888	0.2099	0.1356	0.0615	0.6363	0.0773	0.0824	0.0000	0.1212	0.0023	0.6690	0.0720	0.0724	0.0715	0.4747	0.4503	1.2719	0.0548	0.0394	0.0687
97	128	0.6470	9	1	2	0	0	0	0	0	0	N	Y	N	N	N	N	N	N	N	N	N	N	0.0000	0.0000	0.0000	0.0000	0.0000	0.0000	0.0000	0.0000	0.0000	0.0000	0.0000	0.0000	0.0000	0.0000	0.0000	0.0000	0.0000	0.0000	0.0000	0.0000	0.0000	0.0000	0.0000	0.0000	-0.0000	46.1140	2.0107	26.4917	1.9995	0.0000	0.0000	0.0000	0.0000	0.0000	0.0000	0.0000	0.0000	0.0000	0.0000	0.0000	0.0000	0.0000	0.0000	0.0000	0.0000	0.0000	0.0000	0.3353	0.2993	0.0360	0.1087	0.1026	0.0061	0.2266	0.1967	0.0299	0.1096	0.0662	0.0435	0.0372	0.0307	0.0065	0.0725	0.0354	0.0370	0.0000	0.0000	0.0000	0.0000	0.0000	0.0000	0.0000	0.0000	0.0000	0.0000	0.0000	0.0000	0.0000	0.0000	0.0000	0.0000	0.0000	0.0000						
97	129	0.6347	8	1	2	0	0	0	0	0	0	N	Y	N	N	N	N	N	N	N	N	N	N	0.4097	0.0000	165.7455	0.0000	0.0000	40.5418	0.0000	175.0718	0.0001	0.0000	0.0006	0.0000	0.0000	0.0000	0.0001	0.0000	0.0008	0.0002	0.0003	0.0000	0.0005	0.0005	0.0000	0.0000	0.0000	0.0000	inf	0.0107	0.0000	-0.0000	46.1140	5.6459	26.4917	1.1399	0.0001	0.0000	0.0001	0.0000	0.0000	0.0000	0.0001	0.0000	0.0001	0.0000	0.0000	0.0000	0.0000	0.0000	0.0000	0.0000	0.0000	0.0000	1.1359	1.0276	0.1083	0.4152	0.3967	0.0186	0.7206	0.6309	0.0897	0.2109	0.1244	0.0865	0.0690	0.0582	0.0108	0.1418	0.0661	0.0757	0.4097	0.0000	165.7455	0.0000	0.0000	0.0000	40.5418	0.0000	175.0718	0.0002	0.0003	0.0000	0.0005	0.0005	0.0000	0.0000	0.0000	0.0000	
97	130	0.6044	7	0	1	0	0	0	0	0	0	N	N	N	N	N	N	N	N	N	N	N	N	59.8639	7.8119	485.4881	536.4344	26.0089	8972.7741	21.6684	0.0154	410.7123	0.6764	0.0137	6.3781	0.7162	0.0345	12.5227	0.6525	0.0001	4.8726	0.0113	0.0018	0.0131	0.0013	0.0013	0.0014	0.0301	0.0093	0.0119	53.9657	6.3454	1.1516	0.0005	46.1140	11.6079	26.4917	5.3766	1.6577	0.0302	1.6276	0.6588	0.0300	0.6289	0.9989	0.0002	0.9987	0.0021	0.0003	0.0018	0.0003	0.0002	0.0000	0.0018	0.0001	0.0017	2.4509	2.1957	0.2552	0.9199	0.8697	0.0502	1.5310	1.3260	0.2050	0.5776	0.3440	0.2336	0.1891	0.1619	0.0272	0.3885	0.1821	0.2065	189.6817	16.8508	837.4368	536.4344	26.0089	8972.7741	140.2727	0.3949	577.7168	0.0036	0.0008	0.0076	0.0013	0.0013	0.0014	0.0047	0.0004	0.0084
97	131	0.5865	6	0	1	0	0	0	0	0	0	N	N	N	N	N	N	N	N	N	N	N	N	1.0765	0.4564	9.5720	38.2623	4.6454	2201.2405	0.0833	0.0088	0.8411	0.5115	0.0695	4.2132	1.3439	0.1769	27.8427	0.0516	0.0033	0.3429	0.4751	0.1523	0.4402	0.0351	0.0381	0.0126	0.6200	0.3771	0.4077	7.2359	3.7226	0.2689	0.0033	46.1140	3.9355	26.4917	8.7078	0.4547	0.0552	0.3995	0.4252	0.0536	0.3716	0.0296	0.0016	0.0279	0.0207	0.0044	0.0163	0.0037	0.0034	0.0003	0.0170	0.0010	0.0161	0.8890	0.7942	0.0948	0.3164	0.3030	0.0133	0.5726	0.4912	0.0815	0.5767	0.3726	0.2041	0.2087	0.1883	0.0204	0.3680	0.1843	0.1837	14.2347	5.9033	52.6448	75.9624	9.6968	2201.2405	1.1154	0.6379	3.9177	0.0359	0.0118	0.0800	0.0177	0.0182	0.0126	0.0463	0.0052	0.0875
97	132	0.5749	5	0	1	0	0	0	0	0	0	N	N	N	N	N	N	N	N	N	N	N	N	0.0772	0.0592	0.1122	0.1570	0.1546	1.3290	0.0478	0.0072	0.1236	0.0720	0.0443	0.3042	0.1087	0.1121	0.0326	0.0528	0.0047	0.3480	0.9324	0.7486	2.7112	0.6925	0.7253	0.0245	1.1032	0.6596	2.8159	0.8180	3.5302	0.0161	0.0156	46.1140	6.2657	26.4917	3.9760	0.0991	0.0545	0.0446	0.0515	0.0508	0.0007	0.0476	0.0037	0.0439	0.1035	0.0228	0.0807	0.0215	0.0210	0.0004	0.0820	0.0018	0.0802	1.3767	1.2301	0.1466	0.4739	0.4535	0.0204	0.9029	0.7766	0.1263	0.4656	0.2911	0.1744	0.1694	0.1512	0.0183	0.2961	0.1400	0.1561	0.3239	0.5649	0.6578	0.8578	0.8053	1.3898	0.1904	0.3681	0.6773	0.2223	0.0785	0.4624	0.1267	0.1392	0.0234	0.2770	0.0129	0.5139
97	133	0.4976	4	0	1	0	0	0	0	0	0	N	N	N	N	N	N	N	N	N	N	N	N	0.5799	0.5230	0.5076	0.1125	0.1112	0.2646	0.6523	0.6320	0.5546	0.6617	0.5027	1.9729	0.1276	0.1319	0.0492	0.8725	0.6623	2.2763	1.1411	0.9613	3.8871	1.1342	1.1858	0.1858	1.3377	1.0480	4.1046	0.4758	6.2383	0.1123	0.2534	46.1140	26.7012	26.4917	18.2690	3.1848	2.1581	1.0267	0.1737	0.1703	0.0035	3.0111	1.9878	1.0232	1.0851	0.1499	0.9352	0.1279	0.1219	0.0060	0.9572	0.0280	0.9292	4.8130	4.2926	0.5204	1.3620	1.2911	0.0709	3.4510	3.0015	0.4495	1.8173	1.0879	0.7294	0.5444	0.4819	0.0625	1.2729	0.6060	0.6669	1.1082	3.6483	1.5387	0.5429	0.5213	0.5106	1.1602	14.3229	1.6337	0.5971	0.1378	1.2822	0.2350	0.2529	0.0963	0.7520	0.0462	1.3934
97	134	0.2595	3	0	1	0	0	0	0	0	0	N	N	N	N	N	N	N	N	N	N	N	N	0.2480	0.2425	0.2060	0.0015	0.0013	0.4710	0.2728	0.2043	0.2120	0.5326	0.4644	1.0655	0.0020	0.0018	0.0056	0.6230	0.5495	1.1443	2.1475	1.9151	5.1732	1.3416	1.3863	0.0118	2.2839	2.6896	5.3978	0.2937	1.1516	-0.3062	-0.7256	46.1140	61.4372	26.4917	55.8589	5.0954	3.9386	1.1568	0.0028	0.0024	0.0004	5.0926	3.9362	1.1564	7.7909	3.6210	4.1698	0.0736	0.0733	0.0002	7.7173	3.5477	4.1696	9.5676	8.4819	1.0857	1.3936	1.3185	0.0751	8.1740	7.1634	1.0106	3.6279	1.8941	1.7338	0.2489	0.2278	0.0211	3.3790	1.6663	1.7128	0.2480	0.2429	0.4430	0.0069	0.0057	0.4710	0.2728	0.2581	0.4700	2.1475	1.9117	2.4050	0.2956	0.3218	0.0118	2.2839	2.1291	2.4344
97	135	0.1691	2	0	1	0	0	0	0	0	0	N	N	N	N	N	N	N	N	N	N	N	N	0.9412	0.7492	0.0236	0.0074	0.0071	0.0000	4.0913	2.1844	0.0283	1.1785	1.3491	0.0015	0.1240	0.1286	0.0000	1.2039	1.3815	0.0015	1.2522	1.8008	0.0617	16.6574	18.0464	0.0038	0.2942	0.6325	0.0518	0.0002	0.0145	-1.7581	-1.0181	46.1140	31.7621	26.4917	18.5886	6.1261	6.1252	0.0010	0.0151	0.0151	0.0000	6.1110	6.1101	0.0010	1.6578	1.6342	0.0236	1.6240	1.6240	0.0000	0.0338	0.0102	0.0236	5.1980	4.5402	0.6579	0.1219	0.1174	0.0044	5.0762	4.4227	0.6534	1.8763	0.9828	0.8935	0.0975	0.0900	0.0075	1.7788	0.8928	0.8860	1.3338	0.8113	0.0550	0.0074	0.0071	0.0000	63.3362	120.9373	0.0550	0.8836	1.6628	0.0265	16.6574	18.0464	0.0038	0.0190	0.0114	0.0266
98	102	0.7050	10	0	2	0	0	0	0	0	0	N	Y	N	N	N	N	N	N	N	N	N	N	0.0062	0.0004	897.0928	0.0204	0.0021	437.3139	0.0021	0.0000	804.4820	0.0089	0.0008	0.0853	0.0160	0.0018	0.2861	0.0039	0.0000	0.0308	1.4369	2.0227	0.0001	0.7808	0.8557	0.0007	1.9066	3.4794	0.0000	11.6769	0.0000	0.0175	-0.6383	20.7840	34.1922	8.9470	22.4626	0.0276	0.0022	0.0254	0.0204	0.0022	0.0182	0.0072	0.0000	0.0072	1.0159	1.0158	0.0000	0.0364	0.0364	0.0000	0.9795	0.9795	0.0000	3.1121	2.8140	0.2981	1.2750	1.2114	0.0636	1.8371	1.6026	0.2345	0.8028	0.5022	0.3006	0.2484	0.2207	0.0277	0.5544	0.2815	0.2729	0.0070	0.0004	897.0928	0.1090	0.0109	437.3139	0.0022	0.0000	804.4820	1.2653	2.0227	0.0001	0.1465	0.1648	0.0007	1.7666	3.4794	0.0000
98	103	0.6571	9	0	2	0	0	0	0	0	0	N	Y	N	N	N	N	N	N	N	N	N	N	0.5066	0.0115	3.1385	0.2595	0.0106	0.9943	0.6237	0.0077	61.3081	0.4598	0.0126	4.3449	0.4481	0.0148	8.5823	0.4670	0.0111	3.3605	0.9076	1.0912	1.3844	1.7272	1.3997	8.6311	0.7488	1.4444	0.0548	39.7836	0.5271	0.6425	-0.0256	20.7840	22.5884	8.9470	11.0115	0.9334	0.0229	0.9105	0.3500	0.0110	0.3390	0.5834	0.0119	0.5714	0.0902	0.0591	0.0311	0.0694	0.0424	0.0270	0.0208	0.0167	0.0042	2.0301	1.8206	0.2096	0.7810	0.7415	0.0395	1.2491	1.0791	0.1700	0.4519	0.2789	0.1730	0.1515	0.1297	0.0218	0.3004	0.1492	0.1513	2.3023	0.0593	24.1369	0.9784	0.0452	6.9319	6.7294	0.0990	121.3546	0.1997	0.2119	0.1800	0.4580	0.3271	1.2381	0.0694	0.1117	0.0277
98	104	0.6271	8	0	1	0	0	0	0	0	0	N	N	N	N	N	N	N	N	N	N	N	N	0.6503	0.1290	10.0304	0.0483	0.0394	0.1384	8.0458	1.4117	216.0940	1.3802	0.4279	9.5091	0.2780	0.2618	0.5796	1.9557	0.5229	11.2949	2.1222	3.3180	0.9480	5.7501	6.6483	4.1881	0.2431	0.3704	0.0523	2.6033	0.0232	0.5958	-0.4068	20.7840	11.8100	8.9470	8.7888	1.3686	0.3798	0.9888	0.0946	0.0845	0.0100	1.2740	0.2953	0.9787	0.6716	0.6564	0.0152	0.6683	0.6558	0.0125	0.0032	0.0005	0.0027	0.9916	0.8876	0.1040	0.3402	0.3228	0.0173	0.6514	0.5648	0.0867	0.3165	0.1978	0.1186	0.1162	0.0986	0.0176	0.2002	0.0992	0.1011	0.6503	0.1290	74.1896	0.0483	0.0394	0.8159	121.4812	102.2239	420.2274	2.1222	3.3180	0.1282	5.7501	6.6483	0.7104	0.0161	0.0051	0.0269
98	105	0.5910	7	0	1	0	0	0	0	0	0	N	N	N	N	N	N	N	N	N	N	N	N	0.0581	0.0415	187481.4538	0.0022	0.0018	4965.1397	892.7897	36.2905	inf	0.0753	0.0722	0.1015	0.0084	0.0076	0.0236	0.1046	0.1031	0.1148	1.2964	1.7374	0.0000	3.8706	4.1630	0.0000	0.0001	0.0028	0.0000	0.1675	0.0000	-0.0119	-0.1989	20.7840	14.7392	8.9470	7.3617	0.0826	0.0707	0.0118	0.0028	0.0024	0.0004	0.0798	0.0683	0.0114	0.3165	0.3165	0.0000	0.3165	0.3165	0.0000	0.0000	0.0000	0.0000	1.0965	0.9798	0.1167	0.3341	0.3170	0.0170	0.7624	0.6627	0.0997	0.3214	0.2066	0.1148	0.0978	0.0848	0.0131	0.2235	0.1218	0.1017	0.0765	0.0471	187481.4538	0.0026	0.0020	4965.1397	2348.7543	1261.0782	inf	0.9848	1.5321	0.0000	3.2347	3.7329	0.0000	0.0000	0.0001	0.0000
98	106	0.6637	10	0	2	0	0	0	0	0	0	N	Y	N	N	N	N	N	N	N	N	N	N	1073.9944	0.0063	86220.7575	0.0330	0.0159	0.6179	10669852.7684	0.0106	43902007.0186	1.3042	0.0000	13.1755	0.0001	0.0000	0.0009	2.0701	0.0000	15.7082	0.0012	0.0024	0.0002	0.0023	0.0024	0.0014	0.0000	0.0000	0.0000	96261.4075	0.1019	1.4250	-0.0001	20.7840	20.0414	8.9470	7.0324	1.9991	0.0000	1.9990	0.0000	0.0000	0.0000	1.9990	0.0000	1.9990	0.0002	0.0002	0.0000	0.0002	0.0002	0.0000	0.0000	0.0000	0.0000	1.5328	1.3811	0.1517	0.5671	0.5427	0.0245	0.9657	0.8384	0.1273	0.3255	0.1944	0.1311	0.0961	0.0821	0.0140	0.2294	0.1123	0.1171	1958.9246	0.0149	86220.7575	0.0330	0.0159	0.6179	10669852.7684	4.4444	43902007.0186	0.0007	0.0010	0.0002	0.0023	0.0024	0.0014	0.0000	0.0000	0.0000
98	107	0.6537	9	0	1	0	0	0	0	0	0	N	N	N	N	N	N	N	N	N	N	N	N	0.2026	0.0358	8.5733	0.1319	0.0873	5257.6370	0.5153	0.0050	8.2510	0.0013	0.0004	0.0103	0.0010	0.0008	0.0065	0.0015	0.0000	0.0111	0.0064	0.0105	0.0012	0.0074	0.0088	0.0000	0.0030	0.0066	0.0013	2.7818	0.2455	0.0004	-0.0001	20.7840	7.0315	8.9470	1.2144	0.0008	0.0002	0.0006	0.0003	0.0002	0.0001	0.0006	0.0000	0.0005	0.0003	0.0002	0.0001	0.0002	0.0002	0.0000	0.0001	0.0000	0.0001	0.6483	0.5884	0.0599	0.2845	0.2740	0.0105	0.3637	0.3143	0.0494	0.1142	0.0706	0.0436	0.0366	0.0319	0.0047	0.0776	0.0388	0.0388	0.5567	0.1249	8.5733	0.1768	0.1210	5257.6370	1.9172	0.1294	8.2510	0.0023	0.0030	0.0012	0.0055	0.0064	0.0000	0.0008	0.0003	0.0013
98	108	0.6201	8	0	1	0	0	0	0	0	0	N	N	N	N	N	N	N	N	N	N	N	N	3465.5514	0.1909	88423.1503	131.2360	2.1385	823051.6949	1247.1669	0.0000	78353.9047	0.7322	0.0001	7.1356	0.0097	0.0002	0.2022	1.0806	0.0000	8.3555	0.0002	0.0004	0.0001	0.0001	0.0001	0.0000	0.0009	0.0130	0.0001	10842.2427	0.1890	0.6605	-0.0000	20.7840	16.2725	8.9470	4.4748	0.9267	0.0001	0.9266	0.0040	0.0001	0.0039	0.9227	0.0000	0.9227	0.0001	0.0001	0.0000	0.0000	0.0000	0.0000	0.0001	0.0000	0.0000	1.2658	1.1359	0.1299	0.4119	0.3924	0.0194	0.8539	0.7435	0.1104	0.2975	0.1736	0.1238	0.1123	0.0821	0.0302	0.1851	0.0915	0.0936	3465.5514	0.2472	88423.1503	131.2360	2.1385	823051.6949	3670.9707	0.0008	78353.9047	0.0002	0.0003	0.0001	0.0001	0.0001	0.0000	0.0003	0.0005	0.0001
98	109	0.6729	9	0	2	0	0	0	0	0	0	N	Y	N	N	N	N	N	N	N	N	N	N	73.8824	33.9165	0.0205	4.1694	3.5098	0.0193	3251.3964	370.2914	0.0001	0.6290	0.6999	0.0000	0.0646	0.0684	0.0000	0.9651	1.1075	0.0000	0.0085	0.0206	0.0003	0.0155	0.0195	0.0016	0.0003	0.0030	0.0001	0.0000	0.0440	-0.5526	-0.0011	20.7840	40.5309	8.9470	14.7974	1.9245	1.9245	0.0000	0.0738	0.0738	0.0000	1.8507	1.8507	0.0000	0.0019	0.0018	0.0001	0.0019	0.0018	0.0001	0.0001	0.0000	0.0000	3.0598	2.7498	0.3100	1.1421	1.0787	0.0634	1.9177	1.6711	0.2466	0.6499	0.3858	0.2641	0.1910	0.1592	0.0318	0.4589	0.2265	0.2323	212.5100	146.5457	0.0205	6.5925	5.9801	0.0193	8802.3893	12549.0381	0.0001	0.0030	0.0048	0.0003	0.0098	0.0114	0.0016	0.0001	0.0001	0.0001
98	110	0.6470	8	0	2	0	0	0	0	0	0	N	Y	N	N	N	N	N	N	N	N	N	N	47.2181	29.4138	422.3614	44.2279	45.3631	33.6654	37.2762	2.6400	520.1653	0.1187	0.0749	0.5060	0.0527	0.0533	0.0436	0.1570	0.0886	0.6148	0.0025	0.0025	0.0012	0.0012	0.0012	0.0013	0.0042	0.0335	0.0012	0.7645	0.6996	0.0193	-0.0001	20.7840	13.5236	8.9470	3.5331	0.1320	0.0748	0.0572	0.0216	0.0206	0.0009	0.1104	0.0541	0.0562	0.0003	0.0002	0.0001	0.0001	0.0001	0.0000	0.0002	0.0001	0.0001	1.1119	0.9990	0.1130	0.4091	0.3876	0.0215	0.7029	0.6114	0.0915	0.2575	0.1588	0.0986	0.0910	0.0770	0.0140	0.1665	0.0818	0.0847	106.4095	70.3738	422.3614	44.2279	45.3631	33.6654	146.3692	92.2468	520.1653	0.0011	0.0011	0.0012	0.0012	0.0012	0.0013	0.0011	0.0010	0.0012
98	111	0.5910	7	0	1	0	0	0	0	0	0	N	N	N	N	N	N	N	N	N	N	N	N	76.1402	2.1036	619.5381	2.3321	0.4446	27.8265	68.2531	0.2578	875.8846	0.0168	0.0005	0.1544	0.0010	0.0002	0.0169	0.0237	0.0006	0.1779	0.0002	0.0002	0.0002	0.0004	0.0004	0.0006	0.0003	0.0023	0.0002	40.5200	0.7298	0.0145	-0.0000	20.7840	16.9399	8.9470	15.9768	0.0211	0.0005	0.0206	0.0004	0.0001	0.0003	0.0207	0.0004	0.0203	0.0001	0.0001	0.0000	0.0001	0.0000	0.0000	0.0000	0.0000	0.0000	1.2541	1.1208	0.1333	0.3818	0.3624	0.0195	0.8722	0.7584	0.1138	0.4467	0.2801	0.1665	0.1314	0.1124	0.0190	0.3153	0.1677	0.1475	76.3589	2.2325	619.5381	2.3321	0.4446	27.8265	187.3437	9.7882	875.8846	0.0002	0.0002	0.0002	0.0004	0.0004	0.0006	0.0001	0.0001	0.0002
98	112	0.6954	11	1	2	0	1	0	0	0	0	N	Y	N	N	N	N	N	N	N	N	N	N	0.0000	0.0000	0.0000	0.0000	0.0000	0.0000	0.0000	0.0000	0.0000	0.0000	0.0000	0.0000	0.0000	0.0006	0.0013	0.0000	0.0012	0.0014	0.0000	0.0000	0.0000	0.0000	0.0000	0.0000	-0.0000	20.7840	0.0019	8.9470	1.9928	0.0000	0.0000	0.0000	0.0000	0.0000	0.0000	0.0000	0.0000	0.0000	0.0000	0.0000	0.0000	0.0000	0.0000	0.0000	0.0000	0.0000	0.0000	0.0005	0.0004	0.0001	0.0002	0.0002	0.0000	0.0003	0.0002	0.0001	0.0240	0.0152	0.0088	0.0081	0.0070	0.0011	0.0159	0.0082	0.0077	0.0000	0.0000	0.0000	0.0000	0.0000	0.0000	0.0000	0.0000	0.0000	0.0004	0.0007	0.0000	0.0012	0.0014	0.0000	0.0000	0.0000	0.0000						
98	113	0.6718	10	1	2	0	1	0	0	0	0	N	Y	N	N	N	N	N	N	N	N	N	N	0.2622	0.1220	0.0000	0.2094	0.1815	0.0000	4389.0147	29.7036	0.0000	0.0020	0.0022	0.0000	0.0028	0.0030	0.0000	0.0015	0.0017	0.0000	0.0076	0.0181	0.0000	0.0134	0.0164	0.0000	0.0000	0.0001	0.0000	0.0000	0.0006	-0.0004	-0.0003	20.7840	8.6942	8.9470	6.0502	0.0013	0.0013	0.0000	0.0007	0.0007	0.0000	0.0007	0.0007	0.0000	0.0005	0.0005	0.0000	0.0005	0.0005	0.0000	0.0000	0.0000	0.0000	0.6710	0.6017	0.0693	0.2398	0.2275	0.0123	0.4311	0.3742	0.0569	0.1902	0.1163	0.0739	0.0585	0.0511	0.0075	0.1316	0.0652	0.0664	0.7289	0.4974	0.0000	0.3191	0.2936	0.0000	4389.0147	11057.4138	0.0000	0.0027	0.0044	0.0000	0.0088	0.0101	0.0000	0.0000	0.0000	0.0000
98	114	0.6929	14	0	2	0	1	0	0	0	0	N	Y	N	N	N	N	N	N	N	N	N	N	0.0000	0.0000	0.0000	0.0000	0.0000	0.0000	0.0000	0.0000	0.0000	0.0000	0.0000	0.0000	0.0000	0.0000	0.0000	0.0000	0.0000	0.0000	0.0000	0.0000	20.7840	0.0001	8.9470	0.0001	0.0000	0.0000	0.0000	0.0000	0.0000	0.0000	0.0000	0.0000	0.0000	0.0000	0.0000	0.0000	0.0000	0.0000	0.0000	0.0000	0.0000	0.0000	0.0000	0.0000	0.0000	0.0000	0.0000	0.0000	0.0000	0.0000	0.0000	0.0000	0.0000	0.0000	0.0000	0.0000	0.0000	0.0000	0.0000	0.0000	0.0000	0.0000	0.0000	0.0000	0.0000	0.0000	0.0000	0.0000	0.0000	0.0000	0.0000	0.0000	0.0000	0.0000	0.0000	0.0000	0.0000	0.0000											
98	115	0.6862	13	0	2	0	1	0	0	0	0	N	Y	N	N	N	N	N	N	N	N	N	N	0.0000	0.0000	0.0000	0.0000	0.0000	0.0000	0.0000	0.0000	0.0000	0.0000	0.0000	0.0000	0.0000	0.0000	0.0000	0.0000	0.0000	0.0000	0.0000	0.0000	20.7840	3.0007	8.9470	1.0012	0.0000	0.0000	0.0000	0.0000	0.0000	0.0000	0.0000	0.0000	0.0000	0.0000	0.0000	0.0000	0.0000	0.0000	0.0000	0.0000	0.0000	0.0000	0.2320	0.2082	0.0238	0.0849	0.0805	0.0044	0.1471	0.1277	0.0195	0.0485	0.0295	0.0190	0.0151	0.0130	0.0021	0.0334	0.0165	0.0168	0.0000	0.0000	0.0000	0.0000	0.0000	0.0000	0.0000	0.0000	0.0000	0.0000	0.0000	0.0000	0.0000	0.0000	0.0000	0.0000	0.0000	0.0000											
98	116	0.6843	12	0	1	0	1	0	0	0	0	N	N	N	N	N	N	N	N	N	N	N	N	0.0000	0.0000	0.0000	0.0000	0.0000	0.0000	0.0000	0.0000	0.0000	0.0000	0.0000	0.0000	0.0000	0.0000	0.0000	0.0000	0.0000	0.0000	0.0000	0.0000	0.0000	0.0000	inf	0.0000	0.0000	20.7840	1.1177	8.9470	0.0023	0.0000	0.0000	0.0000	0.0000	0.0000	0.0000	0.0000	0.0000	0.0000	0.0000	0.0000	0.0000	0.0000	0.0000	0.0000	0.0000	0.0000	0.0000	0.0935	0.0842	0.0092	0.0382	0.0362	0.0019	0.0553	0.0480	0.0073	0.0137	0.0083	0.0054	0.0043	0.0037	0.0006	0.0094	0.0047	0.0047	0.0000	0.0000	0.0000	0.0000	0.0000	0.0000	0.0000	0.0000	0.0000	0.0000	0.0000	0.0000	0.0000	0.0000	0.0000	0.0000	0.0000	0.0000						
98	117	0.5006	6	0	2	0	0	0	0	0	0	N	Y	N	N	N	N	N	N	N	N	N	N	4.4686	103.2986	0.0001	166.0734	157.1964	0.0000	2.0250	5943.2617	0.0001	0.8598	0.9602	0.0000	1.4260	1.5043	0.0000	0.5941	0.6823	0.0000	0.1924	0.0093	0.0885	0.0086	0.0096	0.0047	0.2934	0.0001	0.0937	0.0000	8.0447	-0.5696	0.0028	20.7840	31.2782	8.9470	23.9277	1.9837	1.9837	0.0000	1.0506	1.0506	0.0000	0.9331	0.9331	0.0000	0.0106	0.0012	0.0094	0.0013	0.0012	0.0001	0.0093	0.0000	0.0093	2.3073	2.0660	0.2413	0.7367	0.6984	0.0384	1.5706	1.3676	0.2030	0.6931	0.4159	0.2772	0.2035	0.1760	0.0276	0.4896	0.2400	0.2496	56.4350	342.0976	0.0002	223.6034	226.7896	0.0000	31.4074	1856219.9636	0.0002	0.0152	0.0028	0.0339	0.0064	0.0066	0.0047	0.0189	0.0000	0.0371
98	118	0.6843	12	0	1	1	1	0	0	0	0	N	N	N	N	N	N	N	N	N	N	N	N	0.0000	0.0000	0.0000	0.0000	0.0000	0.0000	0.0000	0.0000	0.0000	0.0000	0.0000	0.0000	0.0000	0.0016	0.0036	0.0000	0.0027	0.0032	0.0000	0.0000	0.0000	0.0000	0.0000	0.0000	-0.0000	20.7840	3.8827	8.9470	2.9998	0.0000	0.0000	0.0000	0.0000	0.0000	0.0000	0.0000	0.0000	0.0000	0.0001	0.0001	0.0000	0.0001	0.0001	0.0000	0.0000	0.0000	0.0000	0.3062	0.2751	0.0311	0.1157	0.1098	0.0059	0.1905	0.1653	0.0252	0.0831	0.0506	0.0325	0.0259	0.0222	0.0037	0.0572	0.0284	0.0288	0.0000	0.0000	0.0000	0.0000	0.0000	0.0000	0.0000	0.0000	0.0000	0.0008	0.0014	0.0000	0.0027	0.0031	0.0000	0.0000	0.0000	0.0000						
98	119	0.6814	11	0	1	0	1	0	0	0	0	N	N	N	N	N	N	N	N	N	N	N	N	0.0000	0.0000	0.0000	0.0000	0.0000	0.0000	0.0000	0.0000	0.0000	0.0000	0.0000	0.0000	0.0000	0.0000	0.0000	0.0000	0.0000	0.0000	0.0000	0.0000	0.0000	0.0000	0.0000	0.0000	0.0000	0.0000	0.5886	0.0000	-0.0000	20.7840	2.8083	8.9470	0.0030	0.0000	0.0000	0.0000	0.0000	0.0000	0.0000	0.0000	0.0000	0.0000	0.0000	0.0000	0.0000	0.0000	0.0000	0.0000	0.0000	0.0000	0.0000	0.2251	0.2023	0.0228	0.0854	0.0811	0.0043	0.1397	0.1212	0.0185	0.0347	0.0211	0.0136	0.0108	0.0093	0.0015	0.0239	0.0118	0.0121	0.0000	0.0000	0.0000	0.0000	0.0000	0.0000	0.0000	0.0000	0.0000	0.0000	0.0000	0.0000	0.0000	0.0000	0.0000	0.0000	0.0000	0.0000		
98	120	0.6814	11	0	1	1	1	0	0	0	0	N	N	N	N	N	N	N	N	N	N	N	N	0.0000	0.0000	0.0000	0.0000	0.0000	0.0000	0.0000	0.0000	0.0000	0.0000	0.0000	0.0000	0.0000	0.0000	0.0000	0.0000	0.0000	0.0000	0.0000	0.0000	0.0000	0.0000	0.0000	0.0000	0.0000	0.0000	0.7744	0.0000	-0.0000	20.7840	9.6158	8.9470	0.0030	0.0000	0.0000	0.0000	0.0000	0.0000	0.0000	0.0000	0.0000	0.0000	0.0000	0.0000	0.0000	0.0000	0.0000	0.0000	0.0000	0.0000	0.0000	0.7397	0.6642	0.0755	0.2702	0.2564	0.0138	0.4695	0.4078	0.0618	0.1163	0.0706	0.0458	0.0361	0.0310	0.0051	0.0802	0.0396	0.0407	0.0000	0.0000	0.0000	0.0000	0.0000	0.0000	0.0000	0.0000	0.0000	0.0000	0.0000	0.0000	0.0000	0.0000	0.0000	0.0000	0.0000	0.0000		
98	121	0.6718	10	0	1	0	1	0	0	0	0	N	N	N	N	N	N	N	N	N	N	N	N	13.1544	9.1409	0.0000	7.9101	7.6403	0.0000	18.4376	84.5936	0.0000	0.0040	0.0044	0.0000	0.0056	0.0059	0.0000	0.0031	0.0035	0.0000	0.0003	0.0005	0.0001	0.0007	0.0008	0.0002	0.0002	0.0000	0.0001	0.0000	0.2105	-0.0004	-0.0000	20.7840	4.2457	8.9470	2.0144	0.0013	0.0013	0.0000	0.0007	0.0007	0.0000	0.0007	0.0007	0.0000	0.0000	0.0000	0.0000	0.0000	0.0000	0.0000	0.0000	0.0000	0.0000	0.3347	0.3002	0.0345	0.1214	0.1152	0.0062	0.2133	0.1850	0.0283	0.0902	0.0559	0.0343	0.0294	0.0261	0.0033	0.0607	0.0297	0.0310	14.7372	12.3247	0.0000	7.9101	7.6403	0.0000	51.8375	31808.9865	0.0000	0.0003	0.0004	0.0001	0.0007	0.0008	0.0002	0.0001	0.0000	0.0001
98	122	0.6297	9	0	1	0	1	0	0	0	0	N	N	N	N	N	N	N	N	N	N	N	N	564.2780	284.5446	0.0017	461.9908	374.9358	3.7036	6418.1495	554.2502	0.0000	1.9551	2.1766	0.0000	2.8574	2.9949	0.0000	1.4917	1.7155	0.0000	0.0035	0.0076	0.0001	0.0062	0.0080	0.0000	0.0002	0.0031	0.0001	0.0000	0.0230	-0.5310	-0.0003	20.7840	11.9190	8.9470	13.1740	1.8492	1.8492	0.0000	0.9171	0.9171	0.0000	0.9321	0.9321	0.0000	0.0004	0.0004	0.0000	0.0004	0.0004	0.0000	0.0000	0.0000	0.0000	0.9458	0.8496	0.0963	0.3210	0.3062	0.0147	0.6249	0.5434	0.0815	0.3071	0.1820	0.1251	0.0858	0.0727	0.0131	0.2213	0.1093	0.1120	1353.1548	913.4659	0.0017	578.6524	514.0009	3.7036	16554.3882	18825.9525	0.0000	0.0014	0.0024	0.0001	0.0049	0.0058	0.0000	0.0001	0.0001	0.0001
98	123	0.2450	7	0	1	1	1	0	0	0	0	N	N	N	N	N	N	N	N	N	N	N	N	0.1387	1512.2402	0.0000	0.0033	0.1760	0.0000	0.1689	inf	0.0000	0.5024	0.5637	0.0000	0.0003	0.0003	0.0000	0.6838	0.7784	0.0000	3.6225	0.0004	13.1759	0.0826	0.0017	0.6638	4.0488	0.0000	14.1488	0.0000	23970.0559	-0.1823	0.3567	20.7840	12.8936	8.9470	4.1514	0.6350	0.6350	0.0000	0.0001	0.0001	0.0000	0.6349	0.6349	0.0000	0.9600	0.0000	0.9600	0.0009	0.0000	0.0009	0.9591	0.0000	0.9591	1.2639	1.1264	0.1374	0.3353	0.3108	0.0246	0.9285	0.8157	0.1129	0.2650	0.1360	0.1290	0.0281	0.0242	0.0039	0.2369	0.1117	0.1251	0.1387	1913.9734	0.0000	0.0084	0.1760	0.0000	0.1689	inf	0.0000	3.6225	0.0003	7.4396	0.0320	0.0017	0.2210	4.0488	0.0000	7.6641
98	124	0.6450	10	0	2	0	0	0	0	0	0	N	Y	N	N	N	N	N	N	N	N	N	N	0.2684	0.2118	0.1074	0.5307	0.5063	0.0637	0.0051	0.0002	0.2203	0.1306	0.1449	0.0000	0.3659	0.3835	0.0001	0.0000	0.0000	0.0000	0.4867	0.6840	0.0001	0.6895	0.7575	0.0009	0.0002	0.0035	0.0000	0.0000	0.0010	-0.0384	-0.0063	20.7840	12.7386	8.9470	8.7370	0.1338	0.1338	0.0000	0.1338	0.1338	0.0000	0.0000	0.0000	0.0000	0.0101	0.0101	0.0000	0.0101	0.0101	0.0000	0.0000	0.0000	0.0000	1.0246	0.9238	0.1008	0.3657	0.3489	0.0168	0.6589	0.5749	0.0841	0.2718	0.1615	0.1103	0.0801	0.0691	0.0110	0.1917	0.0924	0.0994	3.5089	2.3143	0.1074	2.8994	2.6248	0.0637	0.0144	0.0077	0.2203	0.0372	0.0626	0.0001	0.1262	0.1461	0.0009	0.0001	0.0001	0.0000
98	125	0.6297	9	0	2	0	0	0	0	0	0	N	Y	N	N	N	N	N	N	N	N	N	N	0.4685	0.7479	0.0000	193.8420	154.7226	0.1230	0.0001	0.0001	0.0000	0.3272	0.3638	0.0000	0.9462	0.9900	0.0000	0.0001	0.0001	0.0000	0.6984	0.4864	1.1364	0.0049	0.0064	0.0000	0.8811	1.0803	1.2059	0.0000	3.2170	-0.0665	0.0014	20.7840	8.6431	8.9470	1.4782	0.2316	0.2316	0.0000	0.2316	0.2316	0.0000	0.0000	0.0000	0.0000	0.0102	0.0024	0.0078	0.0002	0.0002	0.0000	0.0101	0.0023	0.0078	0.7078	0.6366	0.0712	0.2447	0.2339	0.0108	0.4631	0.4027	0.0604	0.1298	0.0770	0.0529	0.0376	0.0315	0.0060	0.0923	0.0455	0.0468	4.1507	11.5403	0.0000	222.6019	195.8773	0.1230	0.0006	0.0015	0.0000	0.0788	0.0315	0.1477	0.0043	0.0051	0.0000	0.1092	0.0499	0.1667
98	126	0.6201	8	0	1	0	0	0	0	0	0	N	N	N	N	N	N	N	N	N	N	N	N	102.2774	462.4597	0.0000	2694.8407	1794.0803	0.0000	0.1226	0.2013	0.0000	0.3426	0.3787	0.0000	0.9709	1.0088	0.0000	0.0016	0.0019	0.0000	0.0033	0.0008	0.0026	0.0004	0.0006	0.0000	0.0133	0.0093	0.0054	0.0000	4.1001	-0.0383	0.0000	20.7840	4.1618	8.9470	2.0491	0.1334	0.1334	0.0000	0.1330	0.1330	0.0000	0.0004	0.0004	0.0000	0.0002	0.0000	0.0001	0.0000	0.0000	0.0000	0.0001	0.0000	0.0001	0.3893	0.3522	0.0371	0.1370	0.1318	0.0051	0.2523	0.2204	0.0319	0.1234	0.0706	0.0528	0.0663	0.0424	0.0238	0.0571	0.0282	0.0290	243.3352	784.8853	0.0000	2694.8407	1794.0803	0.0000	0.6203	5.1412	0.0000	0.0014	0.0005	0.0026	0.0004	0.0006	0.0000	0.0026	0.0004	0.0048
98	127	0.5910	7	0	1	0	0	0	0	0	0	N	N	N	N	N	N	N	N	N	N	N	N	0.1498	0.1077	0.0008	0.1685	0.1832	0.0006	0.0000	0.0000	0.0000	0.0001	0.0001	0.0000	0.0000	0.0000	0.0000	0.0003	0.0004	0.0001	0.0008	0.0008	0.0010	0.0000	0.0000	0.0000	0.0002	0.1787	-0.0000	-0.0000	20.7840	9.4810	8.9470	7.4917	0.0000	0.0000	0.0000	0.0000	0.0000	0.0000	0.0000	0.0000	0.0000	0.0001	0.0001	0.0000	0.0001	0.0001	0.0000	0.0000	0.0000	0.0000	0.7138	0.6375	0.0763	0.2178	0.2067	0.0111	0.4959	0.4308	0.0651	0.2601	0.1706	0.0895	0.0814	0.0712	0.0102	0.1787	0.0994	0.0793	0.1644	0.1423	0.0008	0.1685	0.1832	0.0006	0.0000	0.0000	0.0000	0.0003	0.0003	0.0001	0.0008	0.0008	0.0010	0.0000	0.0000	0.0000			
98	128	0.2573	8	1	2	0	0	0	0	0	0	N	Y	N	N	N	N	N	N	N	N	N	N	inf	inf	inf	inf	inf	inf	0.0012	0.0014	0.0000	0.0013	0.0014	0.0000	0.0012	0.0014	0.0000	0.0000	0.0000	0.0000	0.0000	0.0000	0.0000	0.0000	0.0000	0.0000	0.0000	-0.0001	0.0000	20.7840	2.0107	8.9470	1.9995	0.0002	0.0002	0.0000	0.0000	0.0000	0.0000	0.0002	0.0002	0.0000	0.0000	0.0000	0.0000	0.0000	0.0000	0.0000	0.0000	0.0000	0.0000	0.1574	0.1393	0.0181	0.0286	0.0275	0.0010	0.1289	0.1118	0.0171	0.0616	0.0317	0.0299	0.0060	0.0051	0.0009	0.0556	0.0266	0.0290	inf	inf	0.0000	inf	inf	0.0000	inf	inf	0.0000	0.0000	0.0000	0.0000	0.0000	0.0000	0.0000	0.0000	0.0000	0.0000				
98	129	0.2450	7	1	2	0	0	0	0	0	0	N	Y	N	N	N	N	N	N	N	N	N	N	19192.1162	10624.8672	0.0000	1313.0480	1250.0109	inf	inf	1.6966	1.8934	0.0000	1.0414	1.1409	0.0000	2.0285	2.2854	0.0000	0.0001	0.0002	0.0000	0.0008	0.0009	0.0000	0.0000	0.0000	0.0000	0.0000	0.0001	-0.3542	-0.0000	20.7840	5.6459	8.9470	1.1399	1.2337	1.2337	0.0000	0.2546	0.2546	0.0000	0.9791	0.9791	0.0000	0.0000	0.0000	0.0000	0.0000	0.0000	0.0000	0.0000	0.0000	0.0000	0.7272	0.6516	0.0756	0.2445	0.2232	0.0213	0.4827	0.4284	0.0542	0.1092	0.0563	0.0529	0.0122	0.0106	0.0016	0.0970	0.0457	0.0513	19192.1162	11039.8190	0.0000	1313.0480	1250.0109	0.0000	inf	inf	0.0000	0.0001	0.0002	0.0000	0.0008	0.0009	0.0000	0.0000	0.0000	0.0000		
98	130	0.2147	6	0	1	0	0	0	0	0	0	N	N	N	N	N	N	N	N	N	N	N	N	35.2893	14.4000	0.0002	0.1088	0.0971	0.0069	3362.3867	25104.5139	0.0000	0.2398	0.2711	0.0000	0.0032	0.0034	0.0000	0.3039	0.3528	0.0000	0.0068	0.0188	0.0001	0.0298	0.0345	0.0000	0.0001	0.0000	0.0001	0.0000	0.0126	-0.0687	-0.0005	20.7840	11.6079	8.9470	5.3766	0.2394	0.2394	0.0000	0.0007	0.0007	0.0000	0.2387	0.2387	0.0000	0.0008	0.0008	0.0000	0.0008	0.0008	0.0000	0.0000	0.0000	0.0000	0.9983	0.8828	0.1155	0.2130	0.2063	0.0067	0.7852	0.6765	0.1087	0.3209	0.1731	0.1478	0.0494	0.0456	0.0038	0.2715	0.1275	0.1440	97.1179	59.9715	0.0002	0.2052	0.1955	0.0069	8516.3027	8994935.5934	0.0000	0.0025	0.0045	0.0001	0.0158	0.0172	0.0000	0.0000	0.0000	0.0001
98	131	0.1969	5	0	1	0	0	0	0	0	0	N	N	N	N	N	N	N	N	N	N	N	N	0.5119	0.3270	0.0004	0.6607	0.6295	0.0960	0.6783	0.4521	0.0000	0.0036	0.0040	0.0000	0.0081	0.0084	0.0000	0.0017	0.0020	0.0000	0.0070	0.0124	0.0012	0.0123	0.0133	0.0001	0.0025	0.0043	0.0012	0.0000	0.2253	-0.0004	-0.0004	20.7840	3.9355	8.9470	8.7078	0.0016	0.0016	0.0000	0.0011	0.0011	0.0000	0.0005	0.0005	0.0000	0.0009	0.0007	0.0002	0.0007	0.0007	0.0000	0.0002	0.0000	0.0002	0.4363	0.3874	0.0490	0.1289	0.1251	0.0038	0.3074	0.2623	0.0452	0.3432	0.2086	0.1346	0.0843	0.0812	0.0031	0.2589	0.1273	0.1315	1.4008	1.1751	0.0004	0.9847	0.9776	0.0960	2.3922	12.5394	0.0000	0.0026	0.0034	0.0012	0.0083	0.0086	0.0001	0.0007	0.0002	0.0012
98	132	0.1852	4	0	1	0	0	0	0	0	0	N	N	N	N	N	N	N	N	N	N	N	N	0.0356	0.0145	0.5417	0.0891	0.0879	2.0472	0.1387	0.1397	0.7089	0.0036	0.0035	0.0040	0.0078	0.0080	0.0009	0.0021	0.0018	0.0042	0.1004	0.2422	0.0074	0.0874	0.0910	0.0005	0.0155	0.0129	0.0060	0.1469	0.2264	-0.0004	-0.0015	20.7840	6.2657	8.9470	3.9760	0.0023	0.0020	0.0003	0.0013	0.0013	0.0000	0.0010	0.0008	0.0003	0.0034	0.0028	0.0006	0.0027	0.0027	0.0000	0.0007	0.0001	0.0006	0.6518	0.5771	0.0747	0.1651	0.1600	0.0051	0.4867	0.4171	0.0696	0.3083	0.1827	0.1256	0.0823	0.0794	0.0029	0.2260	0.1033	0.1227	0.3232	0.2314	0.7969	0.2346	0.2328	2.0472	0.7154	3.7213	0.8236	0.0111	0.0152	0.0050	0.0332	0.0344	0.0005	0.0030	0.0005	0.0051
99	102	0.5843	9	0	1	0	0	0	0	0	0	N	N	N	N	N	N	N	N	N	N	N	N	0.6913	0.6183	0.1196	2.9843	3.2460	0.1952	0.0483	0.0276	0.1224	0.4523	0.5274	0.0023	0.7163	0.7941	0.0030	0.0365	0.0459	0.0018	0.6542	0.8530	0.0194	0.2400	0.2446	0.0155	0.7561	1.6670	0.0148	0.0007	0.0668	-0.1779	-0.0068	2.7834	34.1922	1.0450	22.4626	0.6213	0.6208	0.0005	0.6018	0.6015	0.0002	0.0195	0.0193	0.0002	0.0121	0.0113	0.0008	0.0039	0.0039	0.0001	0.0081	0.0074	0.0007	1.3737	1.1770	0.1966	0.8402	0.7575	0.0826	0.5335	0.4195	0.1140	0.1840	0.1098	0.0742	0.0693	0.0654	0.0039	0.1147	0.0443	0.0703	6.8919	5.1155	0.2278	12.6256	13.4191	0.1952	0.5143	0.2735	0.1829	0.0656	0.1031	0.0102	0.0567	0.0592	0.0155	0.0710	0.1679	0.0099
99	103	0.5365	8	0	1	0	0	0	0	0	0	N	N	N	N	N	N	N	N	N	N	N	N	0.1576	0.1296	1.3109	0.2429	0.2658	0.4854	0.3374	0.1614	1.8163	0.0688	0.0691	0.0656	0.0606	0.0608	0.0569	0.0802	0.0821	0.0705	0.4365	0.5334	0.0501	0.2492	0.2287	0.1173	0.2377	0.5086	0.0388	0.1112	0.4319	-0.0092	-0.0012	2.7834	22.5884	1.0450	11.0115	0.0492	0.0442	0.0049	0.0252	0.0236	0.0015	0.0240	0.0206	0.0034	0.0036	0.0025	0.0011	0.0025	0.0023	0.0002	0.0011	0.0002	0.0009	0.7149	0.6400	0.0750	0.4156	0.3890	0.0267	0.2993	0.2510	0.0483	0.1113	0.0648	0.0466	0.0431	0.0406	0.0025	0.0682	0.0242	0.0440	2.1394	1.7920	2.8309	1.0454	1.0654	0.7964	5.0546	10.7366	3.4551	0.0321	0.0386	0.0232	0.0579	0.0571	0.0715	0.0159	0.0076	0.0204
99	104	0.5064	7	0	0	0	0	0	0	0	0	N	N	N	N	N	N	N	N	N	N	N	N	0.8586	0.3042	41.0498	0.9868	1.2183	0.3563	2.7706	0.1976	82.7607	0.3406	0.1500	1.8982	0.1816	0.1912	0.0433	0.5556	0.0872	2.8618	0.3967	0.4930	0.0462	0.1840	0.1570	0.1216	0.2005	0.4413	0.0346	1.5493	0.4805	0.0414	-0.0006	2.7834	11.8100	1.0450	8.7888	0.1290	0.0506	0.0784	0.0395	0.0389	0.0006	0.0895	0.0117	0.0778	0.0021	0.0014	0.0007	0.0015	0.0013	0.0002	0.0006	0.0001	0.0005	0.3787	0.3374	0.0413	0.2177	0.2036	0.0141	0.1610	0.1338	0.0272	0.0740	0.0435	0.0305	0.0297	0.0276	0.0021	0.0444	0.0159	0.0285	12.1612	4.6561	86.1697	3.7137	4.0628	0.5911	39.5918	13.5348	156.5950	0.0280	0.0322	0.0220	0.0489	0.0471	0.0733	0.0140	0.0064	0.0183
99	105	0.4703	6	0	0	0	0	0	0	0	0	N	N	N	N	N	N	N	N	N	N	N	N	0.0123	0.0095	0.0113	0.0026	0.0030	0.0000	0.0221	0.0241	0.0204	0.0117	0.0103	0.0246	0.0040	0.0042	0.0000	0.0226	0.0198	0.0397	0.9556	1.0892	2.1838	1.5111	1.4287	3.1528	1.0226	0.8211	1.9480	0.2523	0.9822	-0.0004	-0.0026	2.7834	14.7392	1.0450	7.3617	0.0051	0.0041	0.0010	0.0010	0.0010	0.0000	0.0041	0.0031	0.0010	0.0192	0.0097	0.0095	0.0102	0.0092	0.0010	0.0090	0.0004	0.0086	0.4360	0.3942	0.0417	0.2552	0.2394	0.0158	0.1808	0.1549	0.0259	0.0774	0.0461	0.0313	0.0288	0.0273	0.0015	0.0486	0.0189	0.0297	0.0472	0.0493	0.0810	0.0112	0.0125	0.0000	0.1222	0.8405	0.1378	0.2480	0.2099	0.3043	0.3539	0.3387	0.6218	0.1852	0.0235	0.2878
99	106	0.5431	9	0	1	0	0	0	0	0	0	N	N	N	N	N	N	N	N	N	N	N	N	87.5369	105.7662	1.6932	789.3411	823.3477	105.0978	2.9208	0.2271	3.2267	0.6983	0.7784	0.0067	0.9985	1.0945	0.0030	0.0627	0.0708	0.0118	0.0080	0.0074	0.0040	0.0013	0.0013	0.0000	0.0215	0.3119	0.0037	0.0010	1.1254	-0.1797	-0.0000	2.7834	20.0414	1.0450	7.0324	0.6281	0.6275	0.0006	0.6100	0.6098	0.0002	0.0181	0.0176	0.0005	0.0002	0.0001	0.0001	0.0000	0.0000	0.0000	0.0002	0.0001	0.0001	0.8995	0.8061	0.0934	0.6109	0.5572	0.0537	0.2886	0.2490	0.0396	0.0850	0.0485	0.0365	0.0331	0.0315	0.0016	0.0519	0.0170	0.0349	246.3871	332.9615	1.9222	789.3411	823.3477	105.0978	16.3530	16.8472	3.2267	0.0028	0.0023	0.0035	0.0013	0.0013	0.0000	0.0038	0.0042	0.0037
99	107	0.5330	8	0	0	0	0	0	0	0	0	N	N	N	N	N	N	N	N	N	N	N	N	11.5393	4.4606	20.0121	88.2454	90.8323	306.0235	0.3361	0.0208	7.8183	0.2033	0.2213	0.0362	0.2633	0.2846	0.0458	0.0158	0.0160	0.0146	0.0176	0.0496	0.0018	0.0030	0.0031	0.0001	0.0472	0.7700	0.0019	0.0177	0.1916	-0.0271	-0.0001	2.7834	7.0315	1.0450	1.2144	0.1003	0.0986	0.0017	0.0984	0.0969	0.0015	0.0019	0.0017	0.0002	0.0002	0.0002	0.0000	0.0000	0.0000	0.0000	0.0001	0.0001	0.0000	0.4934	0.4454	0.0480	0.3737	0.3404	0.0333	0.1198	0.1050	0.0148	0.0371	0.0207	0.0163	0.0156	0.0150	0.0005	0.0215	0.0057	0.0158	40.9909	29.7466	20.0121	88.2454	92.1799	306.0235	2.4800	0.8471	7.8183	0.0050	0.0074	0.0018	0.0030	0.0031	0.0001	0.0064	0.0189	0.0019
99	108	0.4994	7	0	0	0	0	0	0	0	0	N	N	N	N	N	N	N	N	N	N	N	N	607.0078	803.4494	3026.4932	766.4296	1144.1308	24.5213	478.7230	14.1237	5728.6113	0.7896	0.4138	3.4456	0.5912	0.6383	0.0583	1.0865	0.0337	5.6337	0.0013	0.0005	0.0011	0.0008	0.0006	0.0024	0.0023	0.0024	0.0010	1.1781	2.2872	0.1116	0.0000	2.7834	16.2725	1.0450	4.4748	0.4400	0.2020	0.2380	0.1975	0.1959	0.0016	0.2425	0.0061	0.2364	0.0001	0.0000	0.0000	0.0000	0.0000	0.0000	0.0000	0.0000	0.0000	0.5572	0.4882	0.0691	0.3340	0.3069	0.0271	0.2232	0.1812	0.0420	0.0720	0.0410	0.0310	0.0294	0.0260	0.0034	0.0426	0.0150	0.0276	1119.5750	1097.4164	3026.4932	766.4296	1144.1308	24.5213	1647.1701	524.9365	5728.6113	0.0007	0.0004	0.0011	0.0008	0.0006	0.0024	0.0007	0.0001	0.0010
99	109	0.5522	8	0	1	0	0	0	0	0	0	N	N	N	N	N	N	N	N	N	N	N	N	1.2203	0.5056	45.5775	4.9995	4.6299	25.3635	1.7781	0.0852	80.2723	0.2775	0.1329	1.6851	0.1683	0.1781	0.0219	0.4480	0.0558	2.8501	0.2274	0.2628	0.0370	0.0337	0.0385	0.0009	0.2520	0.6553	0.0355	1.3034	0.8035	0.0897	-0.0005	2.7834	40.5309	1.0450	14.7974	0.3217	0.1396	0.1820	0.1189	0.1179	0.0010	0.2028	0.0217	0.1810	0.0026	0.0015	0.0012	0.0010	0.0010	0.0000	0.0017	0.0005	0.0012	1.1592	1.0511	0.1080	0.7066	0.6621	0.0445	0.4526	0.3891	0.0635	0.1574	0.0911	0.0663	0.0576	0.0537	0.0039	0.0998	0.0375	0.0624	16.5077	8.2530	94.7199	9.7500	9.6540	25.3635	27.0679	4.3861	151.2133	0.0168	0.0161	0.0178	0.0173	0.0184	0.0009	0.0166	0.0127	0.0188
99	110	0.5263	7	0	1	0	0	0	0	0	0	N	N	N	N	N	N	N	N	N	N	N	N	0.0385	0.0363	0.7016	0.1038	0.0933	2.0558	0.0684	0.1612	1.2867	0.0085	0.0056	0.0366	0.0036	0.0037	0.0017	0.0164	0.0089	0.0622	0.2217	0.1548	0.0521	0.0342	0.0395	0.0008	0.2403	0.0555	0.0484	0.6780	1.3652	0.0004	-0.0000	2.7834	13.5236	1.0450	3.5331	0.0037	0.0022	0.0015	0.0009	0.0009	0.0000	0.0027	0.0013	0.0014	0.0009	0.0004	0.0005	0.0004	0.0004	0.0000	0.0005	0.0000	0.0005	0.4283	0.3879	0.0404	0.2627	0.2455	0.0171	0.1656	0.1423	0.0233	0.0552	0.0327	0.0225	0.0212	0.0195	0.0016	0.0340	0.0131	0.0209	0.5145	0.4741	1.5580	0.2031	0.1949	2.0558	1.0263	6.6349	2.4661	0.0166	0.0118	0.0235	0.0175	0.0189	0.0008	0.0160	0.0013	0.0252
99	111	0.4703	6	0	0	0	0	0	0	0	0	N	N	N	N	N	N	N	N	N	N	N	N	0.1675	0.1568	0.0895	0.0145	0.0152	0.0005	0.3696	0.3920	0.1634	0.1342	0.1399	0.0800	0.0125	0.0134	0.0000	0.3057	0.3353	0.1287	0.8014	0.8926	0.8930	0.8663	0.8795	0.0132	0.8271	0.8554	0.7875	0.0604	0.7607	-0.0154	-0.0025	2.7834	16.9399	1.0450	15.9768	0.0669	0.0631	0.0038	0.0037	0.0037	0.0000	0.0632	0.0594	0.0038	0.0129	0.0073	0.0056	0.0066	0.0066	0.0000	0.0062	0.0007	0.0055	0.4983	0.4506	0.0476	0.2915	0.2734	0.0180	0.2068	0.1772	0.0296	0.1102	0.0648	0.0454	0.0407	0.0384	0.0022	0.0695	0.0263	0.0432	1.1488	1.2399	0.6529	0.0768	0.0777	0.0005	3.4130	12.7221	1.0045	0.1168	0.1129	0.1225	0.1634	0.1721	0.0132	0.0896	0.0264	0.1281
99	112	0.5747	10	1	1	0	1	0	0	0	0	N	N	N	N	N	N	N	N	N	N	N	N	0.8323	0.5442	0.1394	0.1096	0.1066	0.6680	0.0343	0.1529	0.0064	0.0071	0.0002	0.0001	0.0001	0.0000	0.0139	0.0172	0.0003	0.0077	0.0131	0.0017	0.0013	0.0014	0.0000	0.0208	0.4999	0.0018	0.0037	0.3327	-0.0000	-0.0000	2.7834	0.0019	1.0450	1.9928	0.0000	0.0000	0.0000	0.0000	0.0000	0.0000	0.0000	0.0000	0.0000	0.0000	0.0000	0.0000	0.0000	0.0000	0.0000	0.0000	0.0000	0.0000	0.0001	0.0001	0.0000	0.0001	0.0000	0.0000	0.0000	0.0000	0.0000	0.0063	0.0037	0.0026	0.0025	0.0024	0.0001	0.0038	0.0014	0.0025	2.3106	2.0055	0.1394	0.1096	0.1066	0.0000	3.7274	2.3483	0.1529	0.0028	0.0035	0.0017	0.0013	0.0014	0.0000	0.0037	0.0073	0.0018	
99	113	0.5511	9	1	1	0	1	0	0	0	0	N	N	N	N	N	N	N	N	N	N	N	N	0.2222	0.2058	0.0039	0.0029	0.0031	0.1098	0.4451	1.3862	0.0052	0.2393	0.2604	0.0120	0.0054	0.0056	0.0001	0.5442	0.6346	0.0160	1.0773	1.2651	3.0732	1.8464	1.8247	0.0013	1.2226	0.4578	3.0769	0.0043	1.3060	-0.0168	-0.0014	2.7834	8.6942	1.0450	6.0502	0.0593	0.0591	0.0003	0.0008	0.0008	0.0000	0.0586	0.0583	0.0003	0.0222	0.0096	0.0126	0.0096	0.0096	0.0000	0.0126	0.0001	0.0126	0.2479	0.2269	0.0210	0.1403	0.1350	0.0053	0.1076	0.0919	0.0157	0.0484	0.0279	0.0205	0.0183	0.0174	0.0009	0.0301	0.0105	0.0196	0.5213	0.7539	0.0195	0.0104	0.0102	0.1098	1.2959	95.7255	0.0249	0.4591	0.3454	0.6139	0.5237	0.5501	0.0013	0.4199	0.0066	0.6414
99	114	0.5723	13	0	1	0	1	0	0	0	0	N	N	N	N	N	N	N	N	N	N	N	N	0.0000	0.0000	0.0000	0.0000	0.0000	0.0000	0.0000	0.0000	0.0000	0.0000	0.0000	0.0000	0.0000	0.0000	0.0000	0.0000	0.0000	0.0000	0.0000	0.0000	2.7834	0.0001	1.0450	0.0001	0.0000	0.0000	0.0000	0.0000	0.0000	0.0000	0.0000	0.0000	0.0000	0.0000	0.0000	0.0000	0.0000	0.0000	0.0000	0.0000	0.0000	0.0000	0.0000	0.0000	0.0000	0.0000	0.0000	0.0000	0.0000	0.0000	0.0000	0.0000	0.0000	0.0000	0.0000	0.0000	0.0000	0.0000	0.0000	0.0000	0.0000	0.0000	0.0000	0.0000	0.0000	0.0000	0.0000	0.0000	0.0000	0.0000	0.0000	0.0000	0.0000	0.0000	0.0000	0.0000	0.0000	0.0000											
99	115	0.5656	12	0	1	0	1	0	0	0	0	N	N	N	N	N	N	N	N	N	N	N	N	0.0000	0.0000	0.0000	0.0000	0.0000	0.0000	0.0000	0.0000	0.0000	0.0000	0.0000	0.0000	0.0000	0.0000	0.0000	0.0000	0.0000	0.0000	0.0000	0.0000	2.7834	3.0007	1.0450	1.0012	0.0000	0.0000	0.0000	0.0000	0.0000	0.0000	0.0000	0.0000	0.0000	0.0000	0.0000	0.0000	0.0000	0.0000	0.0000	0.0000	0.0000	0.0000	0.0866	0.0793	0.0073	0.0496	0.0478	0.0019	0.0369	0.0315	0.0054	0.0128	0.0074	0.0054	0.0049	0.0046	0.0002	0.0079	0.0027	0.0052	0.0000	0.0000	0.0000	0.0000	0.0000	0.0000	0.0000	0.0000	0.0000	0.0000	0.0000	0.0000	0.0000	0.0000	0.0000	0.0000	0.0000	0.0000											
99	116	0.5637	11	0	0	0	1	0	0	0	0	N	N	N	N	N	N	N	N	N	N	N	N	982.6755	609.9825	inf	644.1342	627.6863	inf	inf	inf	0.0011	0.0012	0.0002	0.0020	0.0020	0.0006	0.0000	0.0000	0.0000	0.0000	0.0000	0.0000	0.0000	0.0000	0.0000	0.0000	0.0000	0.0000	0.0122	0.0000	-0.0000	-0.0000	2.7834	1.1177	1.0450	0.0023	0.0000	0.0000	0.0000	0.0000	0.0000	0.0000	0.0000	0.0000	0.0000	0.0000	0.0000	0.0000	0.0000	0.0000	0.0000	0.0000	0.0000	0.0000	0.0331	0.0303	0.0028	0.0193	0.0185	0.0007	0.0138	0.0118	0.0020	0.0036	0.0021	0.0015	0.0014	0.0013	0.0001	0.0022	0.0008	0.0015	982.6755	609.9825	inf	644.1342	627.6863	inf	inf	inf	0.0000	0.0000	0.0000	0.0000	0.0000	0.0000	0.0000	0.0000	0.0000	0.0000	
99	117	0.3800	5	0	1	0	0	0	0	0	0	N	N	N	N	N	N	N	N	N	N	N	N	0.5819	0.2984	14.9335	1.8847	2.0829	0.4299	1.3250	0.1197	27.3954	0.1256	0.0906	0.4182	0.1287	0.1310	0.0525	0.1225	0.0421	0.4795	0.2158	0.3036	0.0280	0.0683	0.0629	0.1222	0.0925	0.3520	0.0175	0.5523	0.5315	0.0089	-0.0009	2.7834	31.2782	1.0450	23.9277	0.1290	0.0831	0.0459	0.0663	0.0655	0.0008	0.0626	0.0176	0.0451	0.0033	0.0022	0.0011	0.0022	0.0019	0.0002	0.0011	0.0002	0.0009	1.0269	0.9172	0.1097	0.5156	0.4999	0.0157	0.5113	0.4173	0.0940	0.2027	0.1187	0.0839	0.0746	0.0712	0.0034	0.1281	0.0475	0.0806	7.7269	4.9999	30.7107	4.4186	4.8535	0.7107	13.9828	8.7955	43.1904	0.0163	0.0181	0.0136	0.0291	0.0270	0.0739	0.0088	0.0048	0.0111
99	118	0.5637	11	0	0	1	1	0	0	0	0	N	N	N	N	N	N	N	N	N	N	N	N	54.4024	27.7856	19.6354	inf	inf	inf	34.5574	2.1742	25.3010	0.5270	0.5733	0.0212	0.0111	0.0115	0.0001	1.2265	1.4313	0.0286	0.0097	0.0206	0.0011	0.0000	0.0000	0.0000	0.0355	0.6583	0.0011	0.0034	0.1667	-0.0168	-0.0000	2.7834	3.8827	1.0450	2.9998	0.0593	0.0591	0.0002	0.0007	0.0007	0.0000	0.0585	0.0583	0.0002	0.0001	0.0001	0.0000	0.0000	0.0000	0.0000	0.0001	0.0001	0.0000	0.1124	0.1030	0.0094	0.0647	0.0623	0.0025	0.0477	0.0408	0.0070	0.0218	0.0126	0.0093	0.0083	0.0079	0.0004	0.0135	0.0047	0.0088	164.4079	120.1945	19.6354	inf	inf	inf	236.6776	111.5696	25.3010	0.0032	0.0048	0.0011	0.0000	0.0000	0.0000	0.0052	0.0128	0.0011
99	119	0.5608	10	0	0	0	1	0	0	0	0	N	N	N	N	N	N	N	N	N	N	N	N	9.9431	9.8917	1.1696	4.1437	4.0316	50.4723	8.0090	3.2053	0.5352	0.0017	0.0018	0.0002	0.0011	0.0011	0.0005	0.0026	0.0030	0.0001	0.0002	0.0002	0.0002	0.0003	0.0003	0.0000	0.0003	0.0009	0.0002	0.0094	0.6960	-0.0000	-0.0000	2.7834	2.8083	1.0450	0.0030	0.0002	0.0002	0.0000	0.0001	0.0001	0.0000	0.0001	0.0001	0.0000	0.0000	0.0000	0.0000	0.0000	0.0000	0.0000	0.0000	0.0000	0.0000	0.0897	0.0823	0.0073	0.0522	0.0502	0.0020	0.0375	0.0322	0.0053	0.0091	0.0052	0.0038	0.0035	0.0033	0.0002	0.0056	0.0019	0.0037	9.9431	10.4717	1.1696	4.1437	4.0316	50.4723	22.1192	355.0695	0.5352	0.0002	0.0002	0.0002	0.0003	0.0003	0.0000	0.0001	0.0000	0.0002
99	120	0.5608	10	0	0	1	1	0	0	0	0	N	N	N	N	N	N	N	N	N	N	N	N	44658.3073	30984.2859	177597.1615	43493.0182	28686.0721	12283173.1486	7607.2421	1637.9180	9599.9192	2.4722	1.8718	9.0766	3.8028	2.6393	33.1040	0.6843	0.7131	0.5130	0.0001	0.0001	0.0001	0.0001	0.0001	0.0000	0.0001	0.0004	0.0001	0.4408	0.6453	0.0131	-0.0000	2.7834	9.6158	1.0450	0.0030	0.6945	0.4820	0.2125	0.6124	0.4088	0.2036	0.0820	0.0732	0.0089	0.0000	0.0000	0.0000	0.0000	0.0000	0.0000	0.0000	0.0000	0.0000	0.2809	0.2575	0.0234	0.1611	0.1549	0.0062	0.1199	0.1026	0.0173	0.0304	0.0175	0.0129	0.0116	0.0110	0.0006	0.0189	0.0065	0.0123	44658.3073	31998.6201	177597.1615	43493.0182	28686.0721	12283173.1486	19197.3764	365832.6846	9599.9192	0.0001	0.0001	0.0001	0.0001	0.0001	0.0000	0.0000	0.0000	0.0001
99	121	0.5511	9	0	0	0	1	0	0	0	0	N	N	N	N	N	N	N	N	N	N	N	N	0.0089	0.0064	0.1206	0.0425	0.0386	1.2250	0.0101	0.0086	0.1319	0.0021	0.0019	0.0040	0.0025	0.0024	0.0038	0.0016	0.0011	0.0041	0.2346	0.2998	0.0333	0.0586	0.0633	0.0031	0.1564	0.1333	0.0311	0.1950	0.6429	-0.0000	-0.0001	2.7834	4.2457	1.0450	2.0144	0.0003	0.0002	0.0000	0.0002	0.0002	0.0000	0.0001	0.0001	0.0000	0.0004	0.0002	0.0001	0.0002	0.0002	0.0000	0.0002	0.0000	0.0001	0.1229	0.1125	0.0105	0.0697	0.0671	0.0026	0.0532	0.0454	0.0078	0.0221	0.0128	0.0093	0.0085	0.0081	0.0004	0.0136	0.0047	0.0089	0.1226	0.1069	0.2521	0.0957	0.0900	1.2250	0.1372	0.5435	0.2486	0.0171	0.0179	0.0159	0.0260	0.0271	0.0031	0.0115	0.0021	0.0165
99	122	0.5090	8	0	0	0	1	0	0	0	0	N	N	N	N	N	N	N	N	N	N	N	N	1.2243	0.6873	38.6211	3.0819	4.6217	0.2865	3.3965	0.2368	103.6943	0.3620	0.2579	1.3106	0.3329	0.3427	0.1027	0.3986	0.1341	1.6712	0.2957	0.3752	0.0339	0.1080	0.0742	0.3584	0.1174	0.5665	0.0161	0.5578	0.5543	0.0091	-0.0004	2.7834	11.9190	1.0450	13.1740	0.1278	0.0820	0.0458	0.0655	0.0647	0.0008	0.0623	0.0173	0.0449	0.0016	0.0010	0.0006	0.0011	0.0009	0.0002	0.0005	0.0002	0.0003	0.3529	0.3180	0.0349	0.1967	0.1887	0.0080	0.1562	0.1294	0.0269	0.0802	0.0458	0.0344	0.0295	0.0280	0.0015	0.0507	0.0178	0.0329	18.1732	11.4848	79.1923	8.9451	11.0401	0.6849	40.4702	14.9795	161.7179	0.0199	0.0225	0.0165	0.0372	0.0310	0.1500	0.0098	0.0090	0.0103
99	123	0.1244	6	0	0	1	1	0	0	0	0	N	N	N	N	N	N	N	N	N	N	N	N	0.2611	0.5206	0.0000	0.9869	1.1615	0.0418	0.2224	0.3300	0.0000	0.2983	0.3346	0.0001	0.2924	0.3220	0.0000	0.3046	0.3481	0.0002	1.1427	0.6427	3.8406	0.2963	0.2772	0.0009	1.3692	1.0548	3.9597	0.0000	18.8229	-0.0460	0.0136	2.7834	12.8936	1.0450	4.1514	0.1604	0.1604	0.0000	0.0802	0.0802	0.0000	0.0802	0.0802	0.0000	0.0422	0.0021	0.0401	0.0012	0.0012	0.0000	0.0410	0.0009	0.0401	0.5376	0.4794	0.0582	0.2742	0.2490	0.0252	0.2634	0.2304	0.0330	0.0701	0.0379	0.0322	0.0193	0.0188	0.0005	0.0508	0.0191	0.0317	0.4954	5.9537	0.0001	4.5801	4.9247	0.0418	0.3777	7.3871	0.0002	0.6022	0.0562	1.2447	0.0638	0.0654	0.0009	0.8064	0.0471	1.2628
99	124	0.5243	9	0	1	0	0	0	0	0	0	N	N	N	N	N	N	N	N	N	N	N	N	0.0586	0.0647	0.0022	0.0279	0.0255	0.1060	0.0645	0.0133	0.0027	0.0016	0.0018	0.0000	0.0002	0.0002	0.0000	0.0034	0.0040	0.0000	0.0278	0.0275	0.0142	0.0086	0.0097	0.0002	0.0527	0.2991	0.0116	0.0016	1.0307	-0.0002	-0.0001	2.7834	12.7386	1.0450	8.7370	0.0006	0.0006	0.0000	0.0000	0.0000	0.0000	0.0005	0.0005	0.0000	0.0005	0.0002	0.0002	0.0002	0.0002	0.0000	0.0003	0.0001	0.0002	0.3619	0.3315	0.0304	0.2026	0.1953	0.0073	0.1593	0.1362	0.0231	0.0683	0.0392	0.0291	0.0253	0.0240	0.0013	0.0430	0.0152	0.0278	0.2462	0.3125	0.0039	0.0376	0.0370	0.1060	0.5032	0.9853	0.0039	0.0066	0.0057	0.0079	0.0064	0.0067	0.0002	0.0067	0.0040	0.0082
99	125	0.5090	8	0	1	0	0	0	0	0	0	N	N	N	N	N	N	N	N	N	N	N	N	7.9313	9.5534	0.1361	2.4323	2.4303	1.0516	5.2180	1.0677	0.1900	0.2322	0.2588	0.0022	0.0071	0.0074	0.0011	0.5169	0.6309	0.0025	0.0293	0.0271	0.0159	0.0029	0.0030	0.0011	0.0991	0.5909	0.0130	0.0010	1.1511	-0.0175	-0.0000	2.7834	8.6431	1.0450	1.4782	0.0613	0.0613	0.0001	0.0010	0.0010	0.0000	0.0603	0.0602	0.0001	0.0002	0.0001	0.0001	0.0000	0.0000	0.0000	0.0002	0.0001	0.0001	0.2641	0.2367	0.0274	0.1475	0.1413	0.0062	0.1166	0.0955	0.0212	0.0337	0.0192	0.0145	0.0125	0.0118	0.0007	0.0212	0.0074	0.0138	33.9211	46.4167	0.2539	2.4323	2.4313	1.0516	56.3879	65.4609	0.2773	0.0068	0.0056	0.0085	0.0029	0.0030	0.0011	0.0092	0.0096	0.0089
99	126	0.4994	7	0	0	0	0	0	0	0	0	N	N	N	N	N	N	N	N	N	N	N	N	0.4600	1.1352	1.1912	0.5717	1.8096	0.0140	1.1317	0.3016	6.2251	0.0018	0.0015	0.0032	0.0015	0.0016	0.0001	0.0023	0.0011	0.0053	0.0038	0.0013	0.0027	0.0025	0.0009	0.0087	0.0020	0.0037	0.0009	0.4678	3.2039	0.0000	0.0000	2.7834	4.1618	1.0450	2.0491	0.0004	0.0003	0.0001	0.0002	0.0002	0.0000	0.0002	0.0001	0.0001	0.0000	0.0000	0.0000	0.0000	0.0000	0.0000	0.0000	0.0000	0.0000	0.2087	0.1725	0.0362	0.1283	0.1138	0.0145	0.0804	0.0587	0.0216	0.0261	0.0148	0.0113	0.0128	0.0101	0.0027	0.0133	0.0047	0.0086	1.1382	2.2328	1.1912	0.5717	1.8096	0.0140	3.7750	9.0570	6.2251	0.0015	0.0007	0.0027	0.0025	0.0009	0.0087	0.0006	0.0001	0.0009
99	127	0.4703	6	0	0	0	0	0	0	0	0	N	N	N	N	N	N	N	N	N	N	N	N	0.0011	0.0005	0.0032	0.0005	0.0006	0.0000	0.0015	0.0009	0.0055	0.0009	0.0005	0.0050	0.0006	0.0007	0.0000	0.0014	0.0003	0.0080	0.8741	0.9796	1.5643	1.1425	1.1380	0.1908	0.9258	0.2950	1.4685	1.0492	0.9158	0.0001	-0.0016	2.7834	9.4810	1.0450	7.4917	0.0003	0.0001	0.0001	0.0001	0.0001	0.0000	0.0002	0.0000	0.0001	0.0103	0.0054	0.0049	0.0055	0.0053	0.0001	0.0049	0.0001	0.0048	0.2842	0.2569	0.0273	0.1666	0.1562	0.0104	0.1177	0.1007	0.0169	0.0614	0.0370	0.0243	0.0230	0.0218	0.0012	0.0383	0.0152	0.0231	0.0055	0.0035	0.0245	0.0026	0.0027	0.0000	0.0109	0.0701	0.0384	0.1685	0.1457	0.2031	0.2370	0.2446	0.1000	0.1273	0.0039	0.2084
99	128	0.1366	7	1	1	0	0	0	0	0	0	N	N	N	N	N	N	N	N	N	N	N	N	982.2331	548.9201	5472.9856	885.9332	448.1597	inf	679.7158	inf	2284.4350	0.0002	0.0001	0.0011	0.0003	0.0001	0.0050	0.0001	0.0000	0.0005	0.0000	0.0000	0.0000	0.0000	0.0000	0.0000	0.0000	0.0000	0.0000	1.2997	1.1792	0.0000	-0.0000	2.7834	2.0107	1.0450	1.9995	0.0000	0.0000	0.0000	0.0000	0.0000	0.0000	0.0000	0.0000	0.0000	0.0000	0.0000	0.0000	0.0000	0.0000	0.0000	0.0000	0.0000	0.0000	0.0705	0.0644	0.0061	0.0332	0.0323	0.0009	0.0373	0.0320	0.0052	0.0156	0.0084	0.0072	0.0042	0.0040	0.0001	0.0114	0.0043	0.0071	982.2331	548.9201	5472.9856	885.9332	448.1597	inf	679.7158	inf	2284.4350	0.0000	0.0000	0.0000	0.0000	0.0000	0.0000	0.0000	0.0000	0.0000
99	129	0.1244	6	1	1	0	0	0	0	0	0	N	N	N	N	N	N	N	N	N	N	N	N	634.2297	315.3674	3554.0899	582.9819	335.2924	21248.0170	254.7795	42.4795	3022.7705	0.2694	0.1355	1.1891	0.3665	0.2154	1.2983	0.1512	0.0413	1.0233	0.0004	0.0004	0.0003	0.0006	0.0006	0.0001	0.0006	0.0010	0.0003	1.2779	0.8662	0.0224	-0.0000	2.7834	5.6459	1.0450	1.1399	0.0817	0.0358	0.0458	0.0610	0.0308	0.0301	0.0207	0.0050	0.0157	0.0000	0.0000	0.0000	0.0000	0.0000	0.0000	0.0000	0.0000	0.0000	0.3031	0.2646	0.0385	0.1664	0.1432	0.0232	0.1367	0.1214	0.0153	0.0290	0.0157	0.0133	0.0081	0.0079	0.0002	0.0209	0.0078	0.0131	814.8819	414.0422	3554.0899	582.9819	335.2924	21248.0170	701.4843	4507.3263	3022.7705	0.0003	0.0003	0.0003	0.0006	0.0006	0.0001	0.0002	0.0000	0.0003
99	130	0.0941	5	0	0	0	0	0	0	0	0	N	N	N	N	N	N	N	N	N	N	N	N	0.2444	0.2622	0.1690	0.3027	0.3157	30.4624	0.1941	1.4266	0.2030	0.1745	0.1900	0.1020	0.2106	0.2124	0.1265	0.1379	0.1565	0.1005	0.7140	0.7246	0.6036	0.6957	0.6728	0.0042	0.7103	0.1097	0.4947	0.1148	1.1077	-0.0192	-0.0007	2.7834	11.6079	1.0450	5.3766	0.1042	0.0935	0.0107	0.0633	0.0625	0.0008	0.0409	0.0309	0.0099	0.0069	0.0033	0.0036	0.0032	0.0032	0.0000	0.0036	0.0000	0.0036	0.5971	0.4920	0.1051	0.3007	0.2943	0.0064	0.2964	0.1977	0.0987	0.0838	0.0461	0.0377	0.0253	0.0247	0.0005	0.0585	0.0213	0.0372	2.1329	2.6907	1.0686	1.6548	1.6349	30.4624	2.2165	81.7178	1.0378	0.0818	0.0706	0.0955	0.1273	0.1299	0.0042	0.0622	0.0019	0.0968
99	131	0.0762	4	0	0	0	0	0	0	0	0	N	N	N	N	N	N	N	N	N	N	N	N	0.1737	0.1915	0.0472	0.2267	0.2322	4.4534	0.0506	0.0431	0.0451	0.1491	0.1839	0.0643	0.2393	0.2389	0.2583	0.0460	0.0295	0.0568	0.8579	0.9606	1.3636	1.0555	1.0290	0.0580	0.9078	0.6851	1.2592	0.1439	0.9546	-0.0093	-0.0019	2.7834	3.9355	1.0450	8.7078	0.0579	0.0506	0.0073	0.0495	0.0485	0.0011	0.0083	0.0021	0.0062	0.0139	0.0071	0.0068	0.0069	0.0068	0.0000	0.0071	0.0003	0.0068	0.3882	0.2750	0.1132	0.2070	0.2028	0.0042	0.1812	0.0722	0.1090	0.0907	0.0517	0.0390	0.0322	0.0318	0.0004	0.0585	0.0200	0.0385	0.9714	1.3362	0.3688	1.1236	1.1095	5.8422	0.3808	2.1030	0.3232	0.1534	0.1377	0.1744	0.2130	0.2153	0.0442	0.1207	0.0140	0.1759
99	132	0.0646	3	0	0	0	0	0	0	0	0	N	N	N	N	N	N	N	N	N	N	N	N	0.0954	0.0999	0.0205	0.1007	0.1008	1.7877	0.0292	0.0328	0.0178	0.0933	0.1148	0.0448	0.1530	0.1500	0.2974	0.0308	0.0227	0.0360	0.9772	1.1494	2.1871	1.5197	1.4879	0.1664	1.0550	0.6940	2.0258	0.1733	0.9651	-0.0077	-0.0037	2.7834	6.2657	1.0450	3.9760	0.0554	0.0473	0.0082	0.0465	0.0447	0.0018	0.0090	0.0026	0.0064	0.0266	0.0135	0.0131	0.0133	0.0133	0.0000	0.0133	0.0002	0.0130	0.5945	0.4117	0.1828	0.3038	0.2976	0.0061	0.2908	0.1140	0.1767	0.0959	0.0529	0.0429	0.0372	0.0367	0.0004	0.0587	0.0162	0.0425	0.3359	0.4488	0.1470	0.4261	0.4142	3.3520	0.1364	1.5715	0.1175	0.2776	0.2558	0.3045	0.3591	0.3622	0.0887	0.2260	0.0145	0.3067
100	102	0.5794	8	0	1	0	0	0	0	0	0	N	N	N	N	N	N	N	N	N	N	N	N	0.6816	0.5676	9.2288	2.4082	2.7942	1.9539	0.5072	0.2120	21.9218	0.3413	0.3559	0.2317	0.3890	0.4143	0.1182	0.2643	0.2522	0.3233	0.5007	0.6270	0.0251	0.1615	0.1483	0.0605	0.5211	1.1892	0.0147	0.0870	0.1380	-0.2098	-0.0090	7.6044	34.1922	2.7972	22.4626	1.0131	0.9320	0.0811	0.7128	0.6943	0.0185	0.3003	0.2377	0.0626	0.0177	0.0156	0.0022	0.0081	0.0075	0.0006	0.0096	0.0081	0.0015	2.9687	2.6185	0.3502	1.8323	1.6759	0.1564	1.1364	0.9426	0.1938	0.4592	0.2895	0.1698	0.1781	0.1648	0.0132	0.2812	0.1246	0.1566	8.8323	6.6071	18.2789	8.5141	9.0689	2.5804	7.7337	3.8974	32.7361	0.0386	0.0539	0.0127	0.0457	0.0457	0.0458	0.0342	0.0647	0.0099
100	103	0.5316	7	0	1	0	0	0	0	0	0	N	N	N	N	N	N	N	N	N	N	N	N	0.5076	0.3683	5.2885	1.5593	1.8653	1.2189	0.6269	0.1888	11.1972	0.2273	0.1609	0.7742	0.1807	0.1814	0.1724	0.2943	0.1288	1.2195	0.4478	0.4369	0.1464	0.1159	0.0973	0.1414	0.4694	0.6823	0.1089	0.5841	1.0084	0.0318	-0.0011	7.6044	22.5884	2.7972	11.0115	0.3897	0.2460	0.1437	0.1827	0.1691	0.0136	0.2069	0.0768	0.1301	0.0091	0.0045	0.0046	0.0043	0.0036	0.0007	0.0048	0.0010	0.0039	1.7144	1.5288	0.1856	1.0114	0.9325	0.0789	0.7030	0.5964	0.1067	0.2734	0.1698	0.1037	0.1089	0.1003	0.0086	0.1645	0.0695	0.0950	6.8363	6.0344	17.5844	4.6231	5.1169	2.1215	10.0164	9.2119	30.0059	0.0332	0.0267	0.0440	0.0391	0.0355	0.0812	0.0294	0.0140	0.0406
100	104	0.5015	6	0	0	0	0	0	0	0	0	N	N	N	N	N	N	N	N	N	N	N	N	2.3551	4.1062	2.1065	16.4268	29.5186	0.0519	0.3044	0.2555	6.2436	1.0025	1.0615	0.4708	1.5216	1.6408	0.0148	0.1381	0.0170	0.8573	0.4257	0.2585	0.2235	0.0926	0.0556	0.2856	0.4535	0.0665	0.1373	0.0492	2.1059	-0.2410	0.0003	7.6044	11.8100	2.7972	8.7888	1.0033	0.9562	0.0471	0.9514	0.9508	0.0007	0.0518	0.0055	0.0464	0.0059	0.0019	0.0040	0.0028	0.0018	0.0009	0.0032	0.0001	0.0031	1.0007	0.9008	0.0999	0.6253	0.5795	0.0458	0.3754	0.3213	0.0541	0.1922	0.1194	0.0729	0.0804	0.0733	0.0070	0.1119	0.0460	0.0659	32.4807	66.3251	8.5284	44.3153	65.2822	0.1136	4.8657	11.6569	18.1695	0.0309	0.0160	0.0552	0.0343	0.0251	0.1305	0.0284	0.0015	0.0472
100	105	0.4654	5	0	0	0	0	0	0	0	0	N	N	N	N	N	N	N	N	N	N	N	N	0.9547	0.9236	0.7225	1.5507	1.6125	1.0899	0.1927	0.0244	0.4583	1.0476	0.8631	2.7121	1.8393	1.6413	4.6909	0.2518	0.0176	1.7542	1.0973	0.9345	3.7538	1.1861	1.0178	4.3039	1.3064	0.7226	3.8274	0.3483	5.2692	-0.0245	0.0204	7.6044	14.7392	2.7972	7.3617	0.8524	0.6322	0.2202	0.7502	0.6260	0.1242	0.1022	0.0062	0.0960	0.0962	0.0153	0.0808	0.0185	0.0145	0.0040	0.0777	0.0009	0.0768	0.8137	0.7325	0.0812	0.4079	0.3814	0.0265	0.4058	0.3511	0.0547	0.1930	0.1220	0.0710	0.0738	0.0685	0.0053	0.1192	0.0535	0.0657	2.1022	6.8658	2.3808	7.3381	7.7623	6.2003	0.3863	1.1003	1.4992	0.4983	0.1257	1.1392	0.2506	0.2114	0.7566	0.6517	0.0160	1.1701
100	106	0.5382	8	0	1	0	0	0	0	0	0	N	N	N	N	N	N	N	N	N	N	N	N	40.1594	53.1030	27.2557	148.6603	126.5612	600.2762	8.0774	44.5814	2.9144	0.5813	0.6157	0.2709	0.8300	0.8543	0.5442	0.2112	0.2388	0.0282	0.0145	0.0116	0.0099	0.0056	0.0067	0.0009	0.0261	0.0054	0.0097	0.0486	1.2644	-0.1969	-0.0001	7.6044	20.0414	2.7972	7.0324	0.8179	0.7800	0.0379	0.6986	0.6627	0.0358	0.1194	0.1173	0.0021	0.0009	0.0004	0.0005	0.0004	0.0004	0.0000	0.0005	0.0000	0.0005	1.4069	1.2669	0.1400	0.8416	0.7758	0.0658	0.5653	0.4912	0.0742	0.2054	0.1239	0.0814	0.0873	0.0753	0.0120	0.1180	0.0486	0.0694	130.4591	188.8031	43.1663	179.0134	163.2519	600.2762	48.8492	1145.3206	3.9127	0.0045	0.0033	0.0063	0.0046	0.0052	0.0009	0.0043	0.0002	0.0072
100	107	0.5281	7	0	0	0	0	0	0	0	0	N	N	N	N	N	N	N	N	N	N	N	N	3.8787	3.1591	33.8443	7.6630	6.1087	96402.1274	0.4184	10.5942	0.8144	2.3184	2.1908	3.6122	3.4742	3.2084	6.9684	0.1847	0.1961	0.1049	0.5977	0.6935	0.1067	0.4534	0.5252	0.0001	0.4415	0.0185	0.1288	0.1626	0.3855	-0.2301	-0.0014	7.6044	7.0315	2.7972	1.2144	1.5620	1.3435	0.2184	1.5183	1.3029	0.2153	0.0437	0.0406	0.0031	0.0040	0.0029	0.0011	0.0028	0.0028	0.0000	0.0011	0.0000	0.0011	0.6737	0.6133	0.0605	0.4370	0.4061	0.0309	0.2367	0.2072	0.0296	0.0738	0.0447	0.0291	0.0324	0.0282	0.0042	0.0414	0.0165	0.0249	43.2992	34.3574	95.5165	39.6512	31.8752	96402.1274	6.8839	298.6391	2.3731	0.0535	0.0638	0.0378	0.0876	0.1007	0.0001	0.0268	0.0007	0.0442
100	108	0.4945	6	0	0	0	0	0	0	0	0	N	N	N	N	N	N	N	N	N	N	N	N	1.8756	4.8855	14.3977	23.5440	18.9928	1081.8231	1.4404	42.7936	16.9370	0.6002	0.4652	1.7078	0.5665	0.5831	0.3174	0.6354	0.3281	2.2881	0.3200	0.0952	0.1186	0.0241	0.0307	0.0003	0.4411	0.0077	0.1351	0.4474	2.8127	0.0126	0.0004	7.6044	16.2725	2.7972	4.4748	0.5731	0.3960	0.1772	0.2765	0.2668	0.0097	0.2966	0.1292	0.1675	0.0038	0.0010	0.0028	0.0010	0.0010	0.0000	0.0028	0.0000	0.0028	0.9549	0.8512	0.1037	0.4881	0.4575	0.0305	0.4668	0.3936	0.0732	0.1757	0.1056	0.0700	0.0717	0.0618	0.0100	0.1039	0.0439	0.0601	28.0607	49.8698	43.1408	41.6882	37.0613	1081.8231	23.7326	1068.5644	49.6246	0.0214	0.0093	0.0396	0.0136	0.0157	0.0003	0.0268	0.0003	0.0461
100	109	0.5473	7	0	1	0	0	0	0	0	0	N	N	N	N	N	N	N	N	N	N	N	N	0.5365	0.4881	0.1563	0.4546	0.4814	0.8587	0.2370	0.4105	0.2294	0.6434	0.6464	0.6169	0.9400	1.0092	0.0159	0.3246	0.2277	0.9540	1.1992	1.3244	3.9469	2.0679	2.0963	0.0186	1.3695	0.5546	4.1583	0.1066	1.9556	-0.2675	0.0101	7.6044	40.5309	2.7972	14.7974	1.4018	1.2668	0.1350	1.0609	1.0597	0.0013	0.3409	0.2071	0.1337	0.3046	0.1031	0.2015	0.1024	0.1021	0.0002	0.2022	0.0010	0.2013	2.1787	1.9599	0.2188	1.1286	1.0500	0.0786	1.0501	0.9099	0.1402	0.4053	0.2501	0.1552	0.1546	0.1412	0.0134	0.2507	0.1089	0.1417	0.8561	1.5687	0.4750	1.4200	1.3953	0.8587	0.4024	26.0554	0.6717	0.7516	0.4121	1.2988	0.6620	0.7233	0.0186	0.8068	0.0087	1.4203
100	110	0.5214	6	0	1	0	0	0	0	0	0	N	N	N	N	N	N	N	N	N	N	N	N	0.0285	0.0307	0.0999	0.2030	0.1656	7.5758	0.0124	0.0163	0.0380	0.0141	0.0127	0.0266	0.0204	0.0176	0.0565	0.0071	0.0068	0.0090	0.4954	0.4146	0.2659	0.1004	0.1065	0.0075	0.5744	0.4202	0.2378	0.2340	1.4467	-0.0011	-0.0002	7.6044	13.5236	2.7972	3.5331	0.0115	0.0093	0.0022	0.0088	0.0070	0.0017	0.0027	0.0023	0.0005	0.0057	0.0023	0.0033	0.0021	0.0021	0.0000	0.0035	0.0002	0.0033	0.8141	0.7321	0.0820	0.4294	0.3991	0.0303	0.3848	0.3330	0.0517	0.1478	0.0922	0.0556	0.0596	0.0543	0.0053	0.0882	0.0379	0.0503	0.3691	0.5075	0.4422	0.5709	0.4587	7.5758	0.1784	1.1568	0.1376	0.0383	0.0251	0.0601	0.0357	0.0385	0.0075	0.0400	0.0059	0.0656
100	111	0.4654	5	0	0	0	0	0	0	0	0	N	N	N	N	N	N	N	N	N	N	N	N	0.2367	0.2050	0.0320	0.0471	0.0484	0.0024	0.3886	0.2672	0.0510	0.2172	0.2379	0.0295	0.0668	0.0714	0.0001	0.3682	0.4187	0.0438	0.9175	1.1609	0.9243	1.4187	1.4750	0.0567	0.9475	1.5667	0.8578	0.0137	0.2835	-0.0553	-0.0234	7.6044	16.9399	2.7972	15.9768	0.2020	0.1993	0.0027	0.0311	0.0311	0.0000	0.1709	0.1681	0.0027	0.0575	0.0448	0.0127	0.0341	0.0338	0.0003	0.0234	0.0110	0.0124	0.9301	0.8374	0.0927	0.4660	0.4358	0.0302	0.4640	0.4016	0.0624	0.2722	0.1704	0.1018	0.1029	0.0952	0.0077	0.1693	0.0752	0.0941	1.0280	0.9051	0.2366	0.2014	0.2011	0.0031	2.6669	2.8615	0.3329	0.2113	0.2629	0.1248	0.3316	0.3550	0.0434	0.1381	0.1463	0.1315
100	112	0.5698	9	1	1	0	1	0	0	0	0	N	N	N	N	N	N	N	N	N	N	N	N	0.0075	0.0044	0.0000	0.0000	0.0000	0.0000	0.0761	0.1823	0.0000	0.0000	0.0000	0.0000	0.0000	0.0000	0.0000	0.0001	0.0001	0.0000	0.0055	0.0103	0.0006	0.0059	0.0067	0.0000	0.0011	0.0005	0.0006	0.0118	0.1154	-0.0000	-0.0000	7.6044	0.0019	2.7972	1.9928	0.0000	0.0000	0.0000	0.0000	0.0000	0.0000	0.0000	0.0000	0.0000	0.0000	0.0000	0.0000	0.0000	0.0000	0.0000	0.0000	0.0000	0.0000	0.0002	0.0002	0.0000	0.0001	0.0001	0.0000	0.0001	0.0001	0.0000	0.0152	0.0095	0.0057	0.0059	0.0054	0.0005	0.0093	0.0041	0.0053	0.0198	0.0152	0.0000	0.0000	0.0000	0.0000	0.2287	34.2296	0.0000	0.0021	0.0030	0.0006	0.0048	0.0052	0.0000	0.0004	0.0000	0.0006
100	113	0.5462	8	1	1	0	1	0	0	0	0	N	N	N	N	N	N	N	N	N	N	N	N	0.0018	0.0014	0.0006	0.0002	0.0002	0.0063	0.0038	0.0220	0.0009	0.0019	0.0020	0.0010	0.0004	0.0004	0.0001	0.0035	0.0039	0.0014	1.0666	1.3858	1.6646	2.3250	2.4144	0.0092	0.9355	0.1767	1.6265	0.0516	0.2369	-0.0002	-0.0221	7.6044	8.6942	2.7972	6.0502	0.0009	0.0009	0.0000	0.0001	0.0001	0.0000	0.0008	0.0008	0.0000	0.0506	0.0409	0.0097	0.0408	0.0408	0.0000	0.0097	0.0001	0.0097	0.4965	0.4511	0.0455	0.2605	0.2474	0.0131	0.2360	0.2036	0.0323	0.1166	0.0714	0.0452	0.0437	0.0405	0.0032	0.0729	0.0310	0.0420	0.0044	0.0035	0.0048	0.0005	0.0004	0.0063	0.0265	1.5561	0.0061	0.4336	0.5724	0.2143	0.9352	1.0084	0.0092	0.1334	0.0025	0.2299
100	114	0.5673	12	0	1	0	1	0	0	0	0	N	N	N	N	N	N	N	N	N	N	N	N	0.0000	0.0000	0.0000	0.0000	0.0000	0.0000	0.0000	0.0000	0.0000	0.0000	0.0000	0.0000	0.0000	0.0000	0.0000	0.0000	0.0000	0.0000	0.0000	0.0000	7.6044	0.0001	2.7972	0.0001	0.0000	0.0000	0.0000	0.0000	0.0000	0.0000	0.0000	0.0000	0.0000	0.0000	0.0000	0.0000	0.0000	0.0000	0.0000	0.0000	0.0000	0.0000	0.0000	0.0000	0.0000	0.0000	0.0000	0.0000	0.0000	0.0000	0.0000	0.0000	0.0000	0.0000	0.0000	0.0000	0.0000	0.0000	0.0000	0.0000	0.0000	0.0000	0.0000	0.0000	0.0000	0.0000	0.0000	0.0000	0.0000	0.0000	0.0000	0.0000	0.0000	0.0000	0.0000	0.0000	0.0000	0.0000											
100	115	0.5606	11	0	1	0	1	0	0	0	0	N	N	N	N	N	N	N	N	N	N	N	N	7.0197	3.8226	60.4360	5.1909	4.2712	15.9809	0.0001	0.0000	0.0002	0.0001	0.0001	0.0006	0.0000	0.0000	0.0000	0.0000	0.0000	0.0000	0.0000	0.0000	0.0000	0.0000	0.0000	0.0000	0.3528	0.1428	-0.0000	-0.0000	7.6044	3.0007	2.7972	1.0012	0.0000	0.0000	0.0000	0.0000	0.0000	0.0000	0.0000	0.0000	0.0000	0.0000	0.0000	0.0000	0.0000	0.0000	0.0000	0.0000	0.0000	0.0000	0.1653	0.1499	0.0155	0.0848	0.0804	0.0044	0.0805	0.0695	0.0110	0.0307	0.0188	0.0118	0.0116	0.0107	0.0009	0.0190	0.0081	0.0109	7.0197	4.0173	60.4360	5.1909	4.2712	15.9809	0.0000	0.0000	0.0000	0.0000	0.0000	0.0000	0.0000	0.0000	0.0000	0.0000	0.0000	0.0000			
100	116	0.5588	10	0	0	0	1	0	0	0	0	N	N	N	N	N	N	N	N	N	N	N	N	5.2954	3.6802	0.7544	18.9230	18.6941	inf	0.9367	0.0401	0.0000	0.0002	0.0002	0.0000	0.0002	0.0002	0.0000	0.0001	0.0001	0.0000	0.0000	0.0000	0.0000	0.0000	0.0000	0.0000	0.0001	0.0029	0.0000	0.0045	0.1502	-0.0000	-0.0000	7.6044	1.1177	2.7972	0.0023	0.0000	0.0000	0.0000	0.0000	0.0000	0.0000	0.0000	0.0000	0.0000	0.0000	0.0000	0.0000	0.0000	0.0000	0.0000	0.0000	0.0000	0.0000	0.0636	0.0578	0.0059	0.0334	0.0317	0.0017	0.0302	0.0260	0.0041	0.0086	0.0053	0.0033	0.0033	0.0030	0.0003	0.0054	0.0023	0.0031	5.2954	4.0981	0.7544	18.9230	18.6941	inf	2.3732	1.3724	0.0000	0.0000	0.0000	0.0000	0.0000	0.0000	0.0000	0.0000	0.0001	0.0000
100	117	0.3750	4	0	1	0	0	0	0	0	0	N	N	N	N	N	N	N	N	N	N	N	N	0.9310	0.4433	58.0920	1.3429	1.2674	6.6235	2.9985	0.9299	73.2739	0.4962	0.2930	1.9168	0.5540	0.5966	0.0178	0.4522	0.0371	2.5646	0.5329	0.6609	0.0330	0.4125	0.4708	0.0027	0.1508	0.0399	0.0350	0.9356	0.1535	0.2020	-0.0182	7.6044	31.2782	2.7972	23.9277	1.0296	0.5319	0.4977	0.4966	0.4954	0.0012	0.5330	0.0365	0.4965	0.0368	0.0319	0.0049	0.0318	0.0317	0.0001	0.0050	0.0002	0.0047	2.0751	1.8155	0.2596	0.8964	0.8303	0.0660	1.1788	0.9852	0.1936	0.8436	0.5346	0.3091	0.3952	0.3409	0.0543	0.4484	0.1937	0.2548	11.3892	4.9157	121.1381	6.8853	6.4256	6.6235	40.9410	34.5169	137.7004	0.0436	0.0596	0.0158	0.0805	0.0929	0.0027	0.0110	0.0011	0.0186
100	118	0.5588	10	0	0	1	1	0	0	0	0	N	N	N	N	N	N	N	N	N	N	N	N	21.6471	11.2789	1.4277	1.3899	inf	inf	0.0041	0.0046	0.0000	0.0007	0.0008	0.0000	0.0078	0.0090	0.0000	0.0002	0.0004	0.0000	0.0005	0.0005	0.0000	0.0000	0.0000	0.0000	0.0000	0.0000	-0.0003	-0.0000	7.6044	3.8827	2.7972	2.9998	0.0009	0.0009	0.0000	0.0001	0.0001	0.0000	0.0008	0.0008	0.0000	0.0000	0.0000	0.0000	0.0000	0.0000	0.0000	0.0000	0.0000	0.0000	0.2152	0.1951	0.0200	0.1111	0.1053	0.0058	0.1041	0.0898	0.0143	0.0524	0.0321	0.0202	0.0198	0.0183	0.0015	0.0325	0.0138	0.0187	21.6471	14.6496	0.0000	1.4277	1.3899	0.0000	inf	inf	0.0000	0.0002	0.0003	0.0000	0.0005	0.0005	0.0000	0.0000	0.0000	0.0000			
100	119	0.5559	9	0	0	0	1	0	0	0	0	N	N	N	N	N	N	N	N	N	N	N	N	26.9263	30.9588	4.1624	19.0864	18.4050	44.0378	13.4899	6.2146	0.1603	0.0041	0.0044	0.0007	0.0044	0.0045	0.0022	0.0037	0.0043	0.0000	0.0002	0.0001	0.0002	0.0002	0.0002	0.0001	0.0003	0.0007	0.0002	0.0154	0.7350	-0.0002	-0.0000	7.6044	2.8083	2.7972	0.0030	0.0007	0.0007	0.0000	0.0004	0.0004	0.0000	0.0003	0.0003	0.0000	0.0000	0.0000	0.0000	0.0000	0.0000	0.0000	0.0000	0.0000	0.0000	0.1762	0.1605	0.0158	0.0936	0.0888	0.0048	0.0826	0.0716	0.0110	0.0217	0.0133	0.0084	0.0082	0.0076	0.0006	0.0135	0.0057	0.0078	26.9263	30.9662	4.1624	19.0864	18.4050	44.0378	35.9475	912.9906	0.1603	0.0002	0.0001	0.0002	0.0002	0.0002	0.0001	0.0001	0.0000	0.0002
100	120	0.5559	9	0	0	1	1	0	0	0	0	N	N	N	N	N	N	N	N	N	N	N	N	29187.4579	19172.8956	105417.7686	30803.2672	19151.5342	1037812.3288	6444.4826	1116.4575	23401.1300	1.3420	0.9340	5.3629	2.1480	1.4231	15.4171	0.4843	0.3634	1.2590	0.0000	0.0000	0.0001	0.0001	0.0001	0.0000	0.0001	0.0003	0.0001	0.5826	0.7496	0.0588	-0.0000	7.6044	9.6158	2.7972	0.0030	0.7264	0.4590	0.2674	0.5994	0.3766	0.2228	0.1270	0.0824	0.0446	0.0000	0.0000	0.0000	0.0000	0.0000	0.0000	0.0000	0.0000	0.0000	0.5413	0.4914	0.0499	0.2791	0.2646	0.0145	0.2622	0.2268	0.0354	0.0730	0.0447	0.0283	0.0276	0.0255	0.0021	0.0454	0.0193	0.0262	29187.4579	21778.7914	105417.7686	30803.2672	19151.5342	1037812.3288	15356.5947	274356.4361	23401.1300	0.0000	0.0000	0.0001	0.0001	0.0001	0.0000	0.0000	0.0000	0.0001
100	121	0.5462	8	0	0	0	1	0	0	0	0	N	N	N	N	N	N	N	N	N	N	N	N	0.0024	0.0017	0.0475	0.0030	0.0028	0.1118	0.0071	0.0188	0.0579	0.0010	0.0009	0.0021	0.0007	0.0006	0.0014	0.0013	0.0011	0.0023	0.4076	0.5029	0.0432	0.2247	0.2279	0.0125	0.1843	0.0609	0.0403	0.2333	0.3859	-0.0000	-0.0005	7.6044	4.2457	2.7972	2.0144	0.0002	0.0002	0.0000	0.0001	0.0001	0.0000	0.0002	0.0001	0.0000	0.0015	0.0011	0.0004	0.0011	0.0011	0.0000	0.0004	0.0000	0.0004	0.2587	0.2357	0.0230	0.1420	0.1350	0.0069	0.1167	0.1007	0.0161	0.0535	0.0329	0.0206	0.0205	0.0191	0.0014	0.0330	0.0138	0.0192	0.0338	0.0256	0.0995	0.0127	0.0114	0.1118	0.1009	0.8097	0.1099	0.0286	0.0336	0.0206	0.0538	0.0569	0.0125	0.0129	0.0014	0.0212
100	122	0.5041	7	0	0	0	1	0	0	0	0	N	N	N	N	N	N	N	N	N	N	N	N	2.5205	3.8469	23.3352	9.8765	10.6943	6.1235	1.9129	2.3220	34.4401	0.1845	0.1207	0.7673	0.1723	0.1762	0.1010	0.1971	0.0565	1.0053	0.0732	0.0314	0.0329	0.0174	0.0165	0.0165	0.1030	0.0244	0.0292	0.6962	1.6963	0.0156	0.0000	7.6044	11.9190	2.7972	13.1740	0.1269	0.0748	0.0521	0.0603	0.0585	0.0018	0.0665	0.0163	0.0503	0.0019	0.0007	0.0012	0.0008	0.0007	0.0001	0.0011	0.0000	0.0011	0.6879	0.6200	0.0679	0.3502	0.3323	0.0179	0.3376	0.2876	0.0500	0.1929	0.1170	0.0759	0.0705	0.0650	0.0055	0.1225	0.0521	0.0704	18.7768	20.0872	48.8374	16.1502	17.3043	6.1235	21.1042	70.8485	64.2384	0.0098	0.0060	0.0157	0.0107	0.0102	0.0165	0.0093	0.0008	0.0156
100	123	0.1195	5	0	0	1	1	0	0	0	0	N	N	N	N	N	N	N	N	N	N	N	N	1.0449	1.5097	0.0031	0.1910	0.1764	0.2592	1.9076	25.0079	0.0038	0.1130	0.1246	0.0001	0.0075	0.0077	0.0000	0.1726	0.1984	0.0001	0.1081	0.0825	0.0305	0.0393	0.0438	0.0000	0.0905	0.0079	0.0280	0.0001	1.1761	-0.0269	-0.0002	7.6044	12.8936	2.7972	4.1514	0.0938	0.0938	0.0000	0.0022	0.0022	0.0000	0.0915	0.0915	0.0000	0.0022	0.0010	0.0012	0.0010	0.0010	0.0000	0.0012	0.0000	0.0012	0.8303	0.7527	0.0776	0.2999	0.2913	0.0086	0.5304	0.4615	0.0689	0.1942	0.1138	0.0804	0.0525	0.0503	0.0022	0.1417	0.0635	0.0782	9.9153	13.9489	0.0063	0.3948	0.3896	0.2592	20.1191	628.4936	0.0069	0.0114	0.0089	0.0149	0.0190	0.0198	0.0000	0.0086	0.0003	0.0153
100	124	0.5194	8	0	1	0	0	0	0	0	0	N	N	N	N	N	N	N	N	N	N	N	N	0.0005	0.0003	0.0962	0.0006	0.0006	2.0545	0.0069	0.0023	0.1025	0.0003	0.0002	0.0008	0.0004	0.0004	0.0009	0.0001	0.0000	0.0008	0.5693	0.7426	0.0083	0.7006	0.7236	0.0004	0.0196	0.0160	0.0074	0.3547	0.0448	-0.0000	-0.0047	7.6044	12.7386	2.7972	8.7370	0.0002	0.0001	0.0001	0.0002	0.0001	0.0000	0.0000	0.0000	0.0000	0.0081	0.0077	0.0003	0.0077	0.0077	0.0000	0.0004	0.0000	0.0003	0.7020	0.6369	0.0651	0.3496	0.3322	0.0174	0.3524	0.3047	0.0477	0.1634	0.0999	0.0635	0.0600	0.0554	0.0046	0.1034	0.0445	0.0588	0.0057	0.0030	0.1457	0.0034	0.0029	2.0545	0.0375	0.0629	0.1295	0.0494	0.0773	0.0055	0.1282	0.1389	0.0004	0.0036	0.0006	0.0058
100	125	0.5041	7	0	1	0	0	0	0	0	0	N	N	N	N	N	N	N	N	N	N	N	N	0.4291	0.3155	3.3244	1.1395	0.9080	27.7402	0.3436	1.4001	3.7769	0.0178	0.0131	0.0601	0.0214	0.0191	0.0647	0.0139	0.0059	0.0585	0.0415	0.0415	0.0181	0.0188	0.0210	0.0023	0.0405	0.0042	0.0155	0.5101	0.9077	0.0005	-0.0001	7.6044	8.6431	2.7972	1.4782	0.0092	0.0061	0.0031	0.0057	0.0049	0.0009	0.0035	0.0012	0.0022	0.0006	0.0003	0.0003	0.0003	0.0003	0.0000	0.0003	0.0000	0.0003	0.5180	0.4662	0.0518	0.2677	0.2541	0.0136	0.2502	0.2120	0.0382	0.0816	0.0494	0.0322	0.0301	0.0277	0.0024	0.0514	0.0217	0.0298	2.2519	1.9133	6.3113	1.8963	1.5811	27.7402	2.3529	39.7320	5.7846	0.0079	0.0068	0.0095	0.0113	0.0121	0.0023	0.0059	0.0001	0.0101
100	126	0.4945	6	0	0	0	0	0	0	0	0	N	N	N	N	N	N	N	N	N	N	N	N	844.2834	432.1522	8467.4370	2205.3794	1498.6829	36808.0600	455.0005	27.9031	5217.6253	3.4613	2.4464	10.2425	4.9946	4.1340	19.0819	1.8097	0.2822	7.6121	0.0041	0.0057	0.0012	0.0023	0.0028	0.0005	0.0040	0.0101	0.0015	0.6266	0.4348	0.1026	-0.0000	7.6044	4.1618	2.7972	2.0491	1.0462	0.6432	0.4030	0.7829	0.6107	0.1722	0.2633	0.0325	0.2308	0.0001	0.0001	0.0000	0.0001	0.0001	0.0000	0.0000	0.0000	0.0000	0.3023	0.2629	0.0393	0.1567	0.1477	0.0090	0.1455	0.1152	0.0303	0.0660	0.0391	0.0270	0.0324	0.0253	0.0072	0.0336	0.0138	0.0198	2122.4185	1272.9978	8467.4370	2205.3794	1498.6829	36808.0600	1776.6085	734.0201	5217.6253	0.0016	0.0019	0.0012	0.0023	0.0028	0.0005	0.0010	0.0004	0.0015
100	127	0.4654	5	0	0	0	0	0	0	0	0	N	N	N	N	N	N	N	N	N	N	N	N	0.0684	0.0436	0.2676	0.0282	0.0291	0.2281	0.1149	1.0195	0.4519	0.0652	0.0546	0.1603	0.0534	0.0557	0.0205	0.0771	0.0534	0.2280	0.9528	1.2518	0.5989	1.8927	1.9144	0.0900	0.6709	0.0524	0.5045	0.3267	0.1640	-0.0014	-0.0184	7.6044	9.4810	2.7972	7.4917	0.0346	0.0261	0.0085	0.0142	0.0139	0.0004	0.0204	0.0122	0.0082	0.0377	0.0324	0.0053	0.0326	0.0323	0.0002	0.0051	0.0001	0.0051	0.5303	0.4772	0.0531	0.2661	0.2488	0.0173	0.2641	0.2284	0.0358	0.1541	0.0983	0.0558	0.0595	0.0554	0.0041	0.0946	0.0429	0.0517	0.2665	0.1658	1.6841	0.0975	0.0953	0.3544	1.4222	41.0687	2.3226	0.2446	0.3295	0.0952	0.5475	0.5841	0.0579	0.0542	0.0013	0.0982
100	128	0.1317	6	1	1	0	0	0	0	0	0	N	N	N	N	N	N	N	N	N	N	N	N	0.0803	0.1006	0.0076	1.2138	1.1902	inf	0.0002	0.0000	0.0033	0.0004	0.0004	0.0000	0.0010	0.0010	0.0001	0.0000	0.0000	0.0000	0.0046	0.0040	0.0022	0.0008	0.0009	0.0000	0.0095	0.1207	0.0023	0.0045	1.0002	-0.0000	-0.0000	7.6044	2.0107	2.7972	1.9995	0.0000	0.0000	0.0000	0.0000	0.0000	0.0000	0.0000	0.0000	0.0000	0.0001	0.0000	0.0000	0.0000	0.0000	0.0000	0.0001	0.0000	0.0000	0.1231	0.1111	0.0120	0.0442	0.0429	0.0013	0.0789	0.0681	0.0108	0.0445	0.0263	0.0182	0.0119	0.0114	0.0005	0.0326	0.0149	0.0176	0.2046	0.2670	0.0076	1.2138	1.1902	inf	0.0008	0.0004	0.0033	0.0018	0.0015	0.0022	0.0008	0.0009	0.0000	0.0021	0.0020	0.0023
100	129	0.1195	5	1	1	0	0	0	0	0	0	N	N	N	N	N	N	N	N	N	N	N	N	9.7716	8.9298	10.8617	56.5823	52.9379	6976.9508	0.2257	0.0091	4.7885	0.0889	0.0940	0.0363	0.2311	0.2322	0.1922	0.0032	0.0014	0.0156	0.0091	0.0105	0.0033	0.0041	0.0044	0.0000	0.0142	0.1542	0.0033	0.0379	0.7392	-0.0091	-0.0001	7.6044	5.6459	2.7972	1.1399	0.0363	0.0350	0.0013	0.0355	0.0347	0.0008	0.0008	0.0003	0.0005	0.0002	0.0001	0.0001	0.0001	0.0001	0.0000	0.0002	0.0001	0.0001	0.4085	0.3720	0.0365	0.1535	0.1493	0.0043	0.2549	0.2227	0.0322	0.0810	0.0475	0.0335	0.0223	0.0214	0.0009	0.0587	0.0261	0.0325	28.8764	31.1844	11.4704	61.8613	59.6108	6976.9508	1.1324	0.6141	4.7885	0.0031	0.0030	0.0032	0.0037	0.0039	0.0000	0.0028	0.0023	0.0033
100	130	0.0892	4	0	0	0	0	0	0	0	0	N	N	N	N	N	N	N	N	N	N	N	N	0.6936	0.0957	40.7323	0.1106	0.1167	4.3093	3.1903	16.0023	53.6731	0.4183	0.0714	1.8134	0.0653	0.0701	0.0172	0.7341	0.0729	2.3111	0.6030	0.7466	0.0445	0.5899	0.6006	0.0040	0.2301	0.0046	0.0431	6.3132	0.1988	0.3250	-0.0107	7.6044	11.6079	2.7972	5.3766	0.5641	0.0771	0.4870	0.0416	0.0406	0.0010	0.5225	0.0366	0.4860	0.0232	0.0194	0.0039	0.0194	0.0194	0.0000	0.0038	0.0000	0.0038	1.3487	1.0802	0.2685	0.6369	0.5786	0.0583	0.7118	0.5016	0.2103	0.4280	0.2483	0.1797	0.1775	0.1656	0.0119	0.2505	0.0827	0.1678	7.7027	0.9146	84.5407	0.5966	0.5993	4.3093	48.1217	444.5574	101.8598	0.0543	0.0781	0.0214	0.1094	0.1170	0.0040	0.0153	0.0002	0.0227
100	131	0.0713	3	0	0	0	0	0	0	0	0	N	N	N	N	N	N	N	N	N	N	N	N	0.6782	0.4682	2.1341	0.8382	0.8938	3.8135	0.7607	0.2007	3.1066	0.4618	0.3452	0.7291	0.4271	0.4801	0.0185	0.5038	0.0359	0.9146	0.6809	0.7374	0.3416	0.5096	0.5372	0.0048	0.6623	0.1791	0.2944	0.9212	0.6428	0.0932	-0.0087	7.6044	3.9355	2.7972	8.7078	0.4843	0.2521	0.2322	0.2453	0.2441	0.0012	0.2390	0.0080	0.2310	0.0367	0.0223	0.0144	0.0222	0.0221	0.0001	0.0145	0.0002	0.0143	1.0487	0.7302	0.3185	0.5744	0.5084	0.0659	0.4743	0.2217	0.2526	0.5058	0.2956	0.2102	0.2296	0.2152	0.0144	0.2762	0.0803	0.1958	6.3688	4.5708	10.6796	4.4194	4.6714	3.8135	9.6069	14.2669	12.5417	0.0725	0.0755	0.0683	0.0967	0.1028	0.0048	0.0524	0.0025	0.0729
100	132	0.0596	2	0	0	0	0	0	0	0	0	N	N	N	N	N	N	N	N	N	N	N	N	0.6646	0.4957	1.0295	0.8472	0.8796	6.2070	0.5722	0.1155	1.1842	0.5093	0.4190	0.7049	0.5472	0.5993	0.0331	0.4689	0.0284	0.8237	0.7663	0.8453	0.6847	0.6459	0.6813	0.0053	0.8195	0.2456	0.6956	0.7762	0.7190	0.1114	-0.0135	7.6044	6.2657	2.7972	3.9760	0.7434	0.4185	0.3248	0.4119	0.4096	0.0023	0.3315	0.0089	0.3225	0.0640	0.0373	0.0268	0.0371	0.0370	0.0002	0.0269	0.0003	0.0266	1.4597	0.9988	0.4608	0.7527	0.6834	0.0693	0.7070	0.3154	0.3916	0.6245	0.3681	0.2564	0.3130	0.2820	0.0310	0.3115	0.0861	0.2253	4.9657	4.1395	6.7472	4.6114	4.5699	6.2070	5.4287	8.6945	6.9728	0.1026	0.1012	0.1045	0.1187	0.1311	0.0053	0.0864	0.0033	0.1181
101	102	0.5694	7	0	1	0	0	0	0	0	0	N	N	N	N	N	N	N	N	N	N	N	N	1.2256	1.4839	1.9417	3.0387	7.1129	0.6088	1.2030	0.8436	4.5823	0.6471	0.6373	0.7273	0.6093	0.6307	0.3580	0.6796	0.6433	0.9098	0.5280	0.4295	0.3746	0.2005	0.0887	0.5880	0.5649	0.7625	0.1986	0.1405	1.6012	-0.3917	-0.0005	18.4780	34.1922	12.4520	22.4626	2.3897	2.0952	0.2944	1.0395	0.9916	0.0479	1.3501	1.1036	0.2465	0.0402	0.0155	0.0248	0.0161	0.0098	0.0064	0.0241	0.0057	0.0184	3.6926	3.2878	0.4048	1.7060	1.5722	0.1339	1.9866	1.7157	0.2709	0.9408	0.5935	0.3473	0.3196	0.2890	0.0306	0.6211	0.3045	0.3167	15.1284	24.4464	10.1968	12.0616	18.6273	1.7226	17.5190	34.4530	15.6493	0.0428	0.0261	0.0713	0.0505	0.0339	0.2078	0.0388	0.0187	0.0581
101	103	0.5215	6	0	1	0	0	0	0	0	0	N	N	N	N	N	N	N	N	N	N	N	N	1.1762	0.8003	2.3445	1.4441	1.7547	1.5974	1.0157	0.3299	3.0649	0.9856	0.5256	4.4940	1.0152	0.9364	2.0687	0.9654	0.2206	5.2730	0.8379	0.6568	1.9168	0.7030	0.5337	1.2951	0.9505	0.6687	1.7204	1.1209	2.7640	0.5080	0.0080	18.4780	22.5884	12.4520	11.0115	2.1048	0.9924	1.1124	0.8778	0.7534	0.1245	1.2270	0.2391	0.9879	0.0759	0.0202	0.0558	0.0253	0.0179	0.0074	0.0506	0.0023	0.0484	2.1357	1.8881	0.2475	0.8647	0.8045	0.0602	1.2710	1.0836	0.1874	0.5555	0.3427	0.2129	0.1962	0.1751	0.0211	0.3593	0.1676	0.1918	7.2105	8.9278	17.1569	7.8683	9.1502	5.9017	6.8532	16.4086	20.9090	0.1367	0.0589	0.2619	0.1290	0.1023	0.3505	0.1409	0.0134	0.2522
101	104	0.4915	5	0	0	0	0	0	0	0	0	N	N	N	N	N	N	N	N	N	N	N	N	1.5980	0.6660	3.7177	0.9660	1.0243	0.5915	1.4422	0.4162	5.0274	1.5889	0.8046	8.4312	1.8552	1.8786	1.4123	1.4260	0.0833	10.0323	0.9943	1.2081	2.2679	1.9205	1.8341	2.3878	0.9888	0.2002	1.9955	1.2010	0.6820	0.4380	-0.0255	18.4780	11.8100	12.4520	8.7888	1.6942	0.7698	0.9245	0.7508	0.7221	0.0288	0.9434	0.0477	0.8957	0.1142	0.0679	0.0463	0.0765	0.0676	0.0089	0.0377	0.0003	0.0374	1.0663	0.9567	0.1096	0.4047	0.3844	0.0204	0.6616	0.5723	0.0893	0.3720	0.2313	0.1408	0.1386	0.1223	0.0163	0.2334	0.1090	0.1245	5.1746	2.7400	25.6236	3.3614	3.3983	2.5917	8.8218	30.6081	33.3569	0.3070	0.2937	0.3290	0.5519	0.5528	0.5449	0.1616	0.0027	0.3008
101	105	0.4554	4	0	0	0	0	0	0	0	0	N	N	N	N	N	N	N	N	N	N	N	N	1.0478	0.5588	1.6010	2.2820	1.9549	22.1756	0.7901	0.0771	1.5228	2.2977	0.5028	16.8968	1.6882	1.3898	6.8649	2.5483	0.1055	18.5987	2.1930	0.8998	10.5542	0.7398	0.7109	0.3096	3.2253	1.3684	12.2131	4.1321	29.3047	1.3334	0.3035	18.4780	14.7392	12.4520	7.3617	2.5740	0.5016	2.0725	0.5510	0.4289	0.1221	2.0230	0.0727	1.9503	0.8963	0.0296	0.8667	0.0187	0.0169	0.0018	0.8775	0.0127	0.8648	1.1203	0.9976	0.1227	0.3264	0.3086	0.0178	0.7939	0.6890	0.1049	0.4087	0.2569	0.1518	0.1366	0.1232	0.0134	0.2721	0.1337	0.1384	1.0478	4.3674	2.9591	12.3238	10.1499	49.9094	0.7901	1.1098	2.9758	2.1930	0.1151	5.7101	0.1370	0.1369	0.1375	3.2253	0.0950	6.2500
101	106	0.5281	7	0	1	0	0	0	0	0	0	N	N	N	N	N	N	N	N	N	N	N	N	530.5055	752.1834	109.2167	1509.3320	1525.1735	571.1577	191.3283	198.7417	4.0975	1.6642	1.8314	0.1995	2.9755	3.1091	0.8397	0.7847	0.9026	0.0076	0.0031	0.0024	0.0018	0.0020	0.0020	0.0015	0.0041	0.0045	0.0019	0.0124	1.1652	-0.7535	-0.0000	18.4780	20.0414	12.4520	7.0324	2.7415	2.7078	0.0337	1.9678	1.9351	0.0327	0.7737	0.7727	0.0010	0.0005	0.0002	0.0003	0.0002	0.0002	0.0000	0.0003	0.0000	0.0003	1.6473	1.4785	0.1688	0.6613	0.6224	0.0389	0.9859	0.8561	0.1299	0.3781	0.2291	0.1490	0.1186	0.1046	0.0140	0.2595	0.1245	0.1350	1244.0890	1796.2022	109.2167	1509.3320	1525.1735	571.1577	748.6580	5509.8234	4.0975	0.0013	0.0010	0.0018	0.0020	0.0020	0.0015	0.0010	0.0002	0.0019
101	107	0.5181	6	0	0	0	0	0	0	0	0	N	N	N	N	N	N	N	N	N	N	N	N	4.0999	1.4655	705.4007	12.1902	6.8312	1707.6726	24.3528	12.2902	5.4000	0.7104	0.5182	2.5879	1.4028	0.8908	11.3778	0.1869	0.2115	0.0162	0.1733	0.3536	0.0037	0.1151	0.1304	0.0067	0.0077	0.0172	0.0030	0.5113	0.0998	0.0288	-0.0010	18.4780	7.0315	12.4520	1.2144	0.5620	0.3719	0.1901	0.4778	0.2886	0.1892	0.0842	0.0833	0.0009	0.0018	0.0017	0.0002	0.0017	0.0017	0.0000	0.0002	0.0000	0.0001	0.7912	0.7177	0.0735	0.3406	0.3240	0.0166	0.4505	0.3937	0.0568	0.1304	0.0803	0.0501	0.0431	0.0384	0.0047	0.0873	0.0419	0.0454	50.1990	24.7918	774.6439	35.9098	20.7058	1707.6726	100.6781	342.4821	5.4000	0.0142	0.0209	0.0033	0.0391	0.0430	0.0067	0.0019	0.0006	0.0030
101	108	0.4845	5	0	0	0	0	0	0	0	0	N	N	N	N	N	N	N	N	N	N	N	N	0.1995	0.0610	2.2134	0.0383	0.0306	0.2344	0.9234	0.1195	46.7421	0.2318	0.0966	1.2957	0.1106	0.0937	0.4397	0.2885	0.0980	1.4322	1.1620	1.5840	0.5854	2.8872	3.0622	1.8755	0.3124	0.8201	0.0306	1.7065	0.0624	0.1054	-0.1316	18.4780	16.2725	12.4520	4.4748	0.3068	0.1134	0.1934	0.0466	0.0376	0.0090	0.2602	0.0758	0.1844	0.2310	0.2174	0.0136	0.2265	0.2149	0.0116	0.0045	0.0025	0.0019	1.3233	1.1740	0.1493	0.4212	0.4007	0.0205	0.9021	0.7733	0.1288	0.3525	0.2082	0.1443	0.1260	0.1005	0.0254	0.2265	0.1077	0.1188	0.3538	0.0925	13.7828	0.0615	0.0438	0.9626	14.6244	4.1801	87.5897	0.6553	1.0443	0.0940	1.7983	2.1378	0.4568	0.0197	0.0234	0.0164
101	109	0.5373	6	0	1	0	0	0	0	0	0	N	N	N	N	N	N	N	N	N	N	N	N	0.5610	0.2595	1.6404	0.1481	0.1442	2.4969	0.9008	0.5764	1.9873	0.7972	0.4856	3.4851	0.5787	0.6107	0.0426	0.9118	0.4145	4.2745	1.4210	1.8714	2.1246	3.9073	4.2346	0.0171	1.0122	0.7191	2.1509	0.8322	0.1042	0.4098	-0.5267	18.4780	40.5309	12.4520	14.7974	2.4525	1.3386	1.1140	0.6122	0.6097	0.0025	1.8403	0.7289	1.1114	0.9864	0.8933	0.0931	0.8897	0.8892	0.0005	0.0967	0.0041	0.0926	3.0764	2.7567	0.3196	1.0580	0.9984	0.0596	2.0184	1.7583	0.2600	0.8094	0.4943	0.3152	0.2634	0.2314	0.0320	0.5460	0.2628	0.2832	0.6542	0.2686	11.7977	0.1713	0.1589	2.4969	5.1490	26.3698	13.0784	1.2187	1.8074	0.2954	3.3780	3.8424	0.0171	0.1771	0.0157	0.3268
101	110	0.5113	5	0	1	0	0	0	0	0	0	N	N	N	N	N	N	N	N	N	N	N	N	0.0308	0.0186	0.5027	0.0527	0.0449	4.6285	0.0264	0.0069	0.5317	0.0193	0.0134	0.0714	0.0272	0.0251	0.0655	0.0148	0.0061	0.0728	0.6283	0.7231	0.1421	0.5167	0.5592	0.0142	0.5616	0.8868	0.1369	0.6024	0.3754	0.0020	-0.0066	18.4780	13.5236	12.4520	3.5331	0.0226	0.0141	0.0085	0.0116	0.0102	0.0014	0.0110	0.0039	0.0071	0.0185	0.0135	0.0050	0.0109	0.0108	0.0002	0.0076	0.0027	0.0049	1.1699	1.0510	0.1190	0.4265	0.4045	0.0220	0.7435	0.6465	0.0970	0.3091	0.1928	0.1164	0.1124	0.0994	0.0130	0.1968	0.0934	0.1034	0.3230	0.1924	1.6464	0.2794	0.2321	4.6285	0.3856	0.2121	1.5466	0.0598	0.0698	0.0434	0.0974	0.1083	0.0142	0.0384	0.0288	0.0471
101	111	0.4554	4	0	0	0	0	0	0	0	0	N	N	N	N	N	N	N	N	N	N	N	N	0.0498	0.0394	0.0749	0.1870	0.1195	439.9176	0.0083	0.0079	0.0056	0.2178	0.1615	0.6759	0.6407	0.4297	4.3036	0.0440	0.0415	0.0602	4.3703	4.1021	9.0272	3.4265	3.5950	0.0098	5.2709	5.2600	10.8281	0.5135	0.7146	0.0145	-0.5201	18.4780	16.9399	12.4520	15.9768	0.2789	0.1843	0.0946	0.2390	0.1516	0.0874	0.0399	0.0327	0.0072	2.4583	1.4338	1.0246	0.4510	0.4509	0.0002	2.0073	0.9829	1.0244	1.2808	1.1408	0.1400	0.3730	0.3527	0.0203	0.9078	0.7881	0.1197	0.5625	0.3495	0.2130	0.1817	0.1627	0.0190	0.3808	0.1869	0.1940	0.0498	0.0394	0.1405	0.2581	0.1550	439.9176	0.0083	0.0079	0.0114	4.3703	4.1021	4.8104	2.4825	2.7718	0.0098	5.2709	5.2600	5.2814
101	112	0.5597	8	1	1	0	1	0	0	0	0	N	N	N	N	N	N	N	N	N	N	N	N	0.0139	0.0040	0.0000	0.0197	0.0163	0.0000	0.0024	0.0001	0.0000	0.0003	0.0003	0.0000	0.0006	0.0006	0.0000	0.0000	0.0000	0.0000	0.0210	0.0823	0.0004	0.0309	0.0381	0.0001	0.0046	0.1081	0.0004	0.0088	0.0274	-0.0000	-0.0001	18.4780	0.0019	12.4520	1.9928	0.0000	0.0000	0.0000	0.0000	0.0000	0.0000	0.0000	0.0000	0.0000	0.0002	0.0002	0.0000	0.0001	0.0001	0.0000	0.0000	0.0000	0.0000	0.0004	0.0004	0.0000	0.0002	0.0002	0.0000	0.0002	0.0002	0.0000	0.0297	0.0183	0.0114	0.0088	0.0079	0.0010	0.0209	0.0105	0.0105	0.0517	0.0366	0.0000	0.0373	0.0339	0.0000	0.0094	0.0071	0.0000	0.0056	0.0089	0.0004	0.0163	0.0183	0.0001	0.0012	0.0019	0.0004
101	113	0.5362	7	1	1	0	1	0	0	0	0	N	N	N	N	N	N	N	N	N	N	N	N	0.0008	0.0005	0.0005	0.0006	0.0006	0.2567	0.0004	0.0033	0.0004	0.0031	0.0034	0.0006	0.0077	0.0081	0.0012	0.0003	0.0003	0.0005	3.8183	6.1925	1.1607	12.0056	13.3447	0.0047	0.8201	0.0950	1.1790	0.0208	0.0158	-0.0006	-0.5482	18.4780	8.6942	12.4520	6.0502	0.0022	0.0022	0.0000	0.0021	0.0021	0.0000	0.0002	0.0001	0.0000	0.8945	0.8807	0.0139	0.8806	0.8805	0.0000	0.0140	0.0001	0.0138	0.7268	0.6523	0.0745	0.2708	0.2574	0.0134	0.4560	0.3949	0.0611	0.2343	0.1422	0.0921	0.0733	0.0660	0.0074	0.1609	0.0762	0.0847	0.0008	0.0005	0.0041	0.0006	0.0006	0.2567	0.0038	0.1718	0.0029	3.8183	6.1925	0.1507	12.0056	13.3447	0.0047	0.0868	0.0018	0.1634
101	114	0.5573	11	0	1	0	1	0	0	0	0	N	N	N	N	N	N	N	N	N	N	N	N	0.0000	0.0000	0.0000	0.0000	0.0000	0.0000	0.0000	0.0000	0.0000	0.0000	0.0000	0.0000	0.0000	0.0000	0.0000	0.0000	0.0000	0.0000	0.0000	0.0000	18.4780	0.0001	12.4520	0.0001	0.0000	0.0000	0.0000	0.0000	0.0000	0.0000	0.0000	0.0000	0.0000	0.0000	0.0000	0.0000	0.0000	0.0000	0.0000	0.0000	0.0000	0.0000	0.0000	0.0000	0.0000	0.0000	0.0000	0.0000	0.0000	0.0000	0.0000	0.0000	0.0000	0.0000	0.0000	0.0000	0.0000	0.0000	0.0000	0.0000	0.0000	0.0000	0.0000	0.0000	0.0000	0.0000	0.0000	0.0000	0.0000	0.0000	0.0000	0.0000	0.0000	0.0000	0.0000	0.0000	0.0000	0.0000											
101	115	0.5506	10	0	1	0	1	0	0	0	0	N	N	N	N	N	N	N	N	N	N	N	N	1.1566	197.4304	0.0004	67.3090	253.2987	0.0190	0.0000	0.0000	0.0002	0.0002	0.0000	0.0005	0.0005	0.0000	0.0000	0.0000	0.0000	0.0001	0.0000	0.0003	0.0000	0.0000	0.0000	0.0005	0.0000	0.0004	0.0001	249.4948	-0.0000	0.0000	18.4780	3.0007	12.4520	1.0012	0.0000	0.0000	0.0000	0.0000	0.0000	0.0000	0.0000	0.0000	0.0000	0.0000	0.0000	0.0000	0.0000	0.0000	0.0000	0.0000	0.0000	0.0000	0.2349	0.2099	0.0250	0.0801	0.0758	0.0042	0.1549	0.1341	0.0208	0.0605	0.0368	0.0236	0.0191	0.0171	0.0021	0.0413	0.0198	0.0216	1.1566	197.4304	0.0004	67.3090	253.2987	0.0190	0.0000	0.0000	0.0000	0.0001	0.0000	0.0003	0.0000	0.0000	0.0000	0.0002	0.0000	0.0004	
101	116	0.5487	9	0	0	0	1	0	0	0	0	N	N	N	N	N	N	N	N	N	N	N	N	49.4943	30.9350	0.0000	0.1488	0.1403	203.3590	0.9385	0.0000	0.0004	0.0004	0.0000	0.0000	0.0000	0.0000	0.0006	0.0007	0.0000	0.0000	0.0000	0.0000	0.0000	0.0000	0.0000	0.0000	0.0008	0.0000	0.0000	0.0311	-0.0000	-0.0000	18.4780	1.1177	12.4520	0.0023	0.0000	0.0000	0.0000	0.0000	0.0000	0.0000	0.0000	0.0000	0.0000	0.0000	0.0000	0.0000	0.0000	0.0000	0.0000	0.0000	0.0000	0.0000	0.0922	0.0826	0.0096	0.0341	0.0323	0.0018	0.0581	0.0503	0.0078	0.0170	0.0103	0.0067	0.0054	0.0048	0.0006	0.0116	0.0056	0.0061	49.4943	34.6311	0.0000	0.1488	0.1403	0.0000	203.3590	124.3737	0.0000	0.0000	0.0000	0.0000	0.0000	0.0000	0.0000	0.0000	0.0000	0.0000	
101	117	0.3650	3	0	1	0	0	0	0	0	0	N	N	N	N	N	N	N	N	N	N	N	N	0.1727	0.1273	0.2012	0.1947	0.1980	0.0051	0.1338	0.0305	0.2040	0.3501	0.2250	1.1191	0.7362	0.7668	0.0304	0.2348	0.0384	1.1989	2.0274	1.7679	5.5629	3.7822	3.8735	5.9603	1.7554	1.2581	5.8765	0.8090	1.0914	0.1521	-0.2729	18.4780	31.2782	12.4520	23.9277	0.9504	0.5254	0.4250	0.4595	0.4587	0.0008	0.4909	0.0667	0.4242	2.5626	1.2253	1.3373	1.2305	1.1954	0.0351	1.3321	0.0299	1.3022	2.7147	2.3349	0.3798	0.6241	0.5982	0.0259	2.0905	1.7367	0.3539	1.2639	0.7691	0.4949	0.4023	0.3638	0.0385	0.8617	0.4053	0.4564	0.1727	0.1412	0.4141	0.2407	0.2334	0.0334	0.1519	0.5210	0.4202	2.0274	1.5932	2.7024	3.0588	3.2859	0.9123	1.5459	0.0737	2.8533
101	118	0.5487	9	0	0	1	1	0	0	0	0	N	N	N	N	N	N	N	N	N	N	N	N	2.6833	1.8217	11.1337	inf	1.0351	0.0620	0.0003	0.0003	0.0000	0.0000	0.0000	0.0000	0.0004	0.0005	0.0000	0.0001	0.0002	0.0000	0.0000	0.0000	0.0000	0.0004	0.0074	0.0000	0.0000	0.0001	-0.0000	-0.0000	18.4780	3.8827	12.4520	2.9998	0.0001	0.0001	0.0000	0.0000	0.0000	0.0000	0.0001	0.0001	0.0000	0.0000	0.0000	0.0000	0.0000	0.0000	0.0000	0.0000	0.0000	0.0000	0.3076	0.2751	0.0325	0.1073	0.1017	0.0056	0.2003	0.1734	0.0269	0.1032	0.0628	0.0404	0.0326	0.0290	0.0036	0.0706	0.0338	0.0368	2.6833	1.8258	0.0000	11.1337	inf	0.0000	2.8193	1.5580	0.0000	0.0001	0.0002	0.0000	0.0000	0.0000	0.0000	0.0001	0.0003	0.0000			
101	119	0.5458	8	0	0	0	1	0	0	0	0	N	N	N	N	N	N	N	N	N	N	N	N	2.1130	19.5084	0.0109	44.0142	42.0841	2.7544	0.0273	0.0240	0.0033	0.0016	0.0018	0.0000	0.0040	0.0042	0.0000	0.0001	0.0001	0.0000	0.0008	0.0001	0.0011	0.0001	0.0001	0.0000	0.0023	0.0030	0.0012	0.0007	7.5183	-0.0001	0.0000	18.4780	2.8083	12.4520	0.0030	0.0004	0.0004	0.0000	0.0004	0.0004	0.0000	0.0000	0.0000	0.0000	0.0000	0.0000	0.0000	0.0000	0.0000	0.0000	0.0000	0.0000	0.0000	0.2708	0.2444	0.0264	0.1088	0.1032	0.0055	0.1621	0.1412	0.0209	0.0429	0.0261	0.0169	0.0136	0.0121	0.0015	0.0294	0.0140	0.0154	3.4049	19.5084	0.0109	44.0142	42.0841	2.7544	0.0943	0.8149	0.0033	0.0005	0.0001	0.0011	0.0001	0.0001	0.0000	0.0007	0.0001	0.0012
101	120	0.5458	8	0	0	1	1	0	0	0	0	N	N	N	N	N	N	N	N	N	N	N	N	7635.4397	27647.9869	7796.4293	3988.7055	2984.5689	102129.6098	3037.1293	950.4971	8403.9937	1.1123	0.9459	2.5533	0.1103	0.0910	0.4596	1.6666	1.4621	3.0130	0.0001	0.0000	0.0003	0.0000	0.0000	0.0000	0.0005	0.0015	0.0004	0.3117	7.5510	-0.0434	0.0000	18.4780	9.6158	12.4520	0.0030	0.8771	0.6686	0.2084	0.0310	0.0242	0.0068	0.8461	0.6444	0.2017	0.0000	0.0000	0.0000	0.0000	0.0000	0.0000	0.0000	0.0000	0.0000	0.7885	0.7069	0.0816	0.2808	0.2661	0.0147	0.5077	0.4408	0.0669	0.1440	0.0875	0.0566	0.0453	0.0404	0.0050	0.0987	0.0471	0.0516	7635.4397	33713.5611	7796.4293	3988.7055	2984.5689	102129.6098	8337.6957	56307.2701	8403.9937	0.0001	0.0000	0.0003	0.0000	0.0000	0.0000	0.0002	0.0000	0.0004
101	121	0.5362	7	0	0	0	1	0	0	0	0	N	N	N	N	N	N	N	N	N	N	N	N	0.0020	0.0049	0.0008	0.1068	0.1822	0.0090	0.0010	0.0010	0.0010	0.0014	0.0014	0.0011	0.0020	0.0021	0.0006	0.0009	0.0009	0.0012	0.6973	0.2913	1.3514	0.0191	0.0116	0.0695	0.8830	0.8629	1.2988	0.0848	6.3118	-0.0001	0.0020	18.4780	4.2457	12.4520	2.0144	0.0005	0.0005	0.0000	0.0003	0.0003	0.0000	0.0002	0.0002	0.0000	0.0086	0.0012	0.0074	0.0004	0.0003	0.0002	0.0082	0.0009	0.0072	0.3899	0.3519	0.0380	0.1642	0.1566	0.0076	0.2257	0.1954	0.0304	0.1098	0.0669	0.0429	0.0361	0.0328	0.0032	0.0737	0.0341	0.0396	0.0178	0.0810	0.0065	0.1796	0.2776	0.0126	0.0082	0.0319	0.0068	0.0781	0.0175	0.1727	0.0114	0.0076	0.0495	0.1107	0.0270	0.1828
101	122	0.4940	6	0	0	0	1	0	0	0	0	N	N	N	N	N	N	N	N	N	N	N	N	0.0239	0.0492	0.0325	0.0330	0.0344	0.0057	0.0243	0.8813	0.0336	0.0642	0.0260	0.3851	0.0143	0.0149	0.0005	0.0910	0.0326	0.4547	2.6863	0.5285	11.8509	0.4320	0.4348	0.0949	3.7526	0.0370	13.5416	1.7611	118.3667	0.0225	0.3677	18.4780	11.9190	12.4520	13.1740	0.0643	0.0233	0.0410	0.0050	0.0050	0.0000	0.0593	0.0183	0.0410	1.0123	0.0085	1.0038	0.0091	0.0084	0.0007	1.0032	0.0001	1.0030	1.0012	0.8947	0.1065	0.3499	0.3336	0.0163	0.6513	0.5611	0.0902	0.3768	0.2248	0.1520	0.1095	0.0969	0.0126	0.2673	0.1279	0.1394	0.0239	0.6898	0.0583	0.1717	0.1733	0.0092	0.0243	32.0441	0.0632	2.6863	0.0377	6.6030	0.0831	0.0862	0.0591	3.7526	0.0010	7.1954
101	123	0.1094	4	0	0	1	1	0	0	0	0	N	N	N	N	N	N	N	N	N	N	N	N	5.7764	1.7878	0.2110	0.0612	0.0585	0.0044	26.2601	12.4447	0.2283	0.1744	0.1965	0.0007	0.0054	0.0055	0.0000	0.2037	0.2338	0.0007	0.0302	0.1099	0.0031	0.0879	0.0939	0.0064	0.0078	0.0188	0.0030	0.0004	0.2412	-0.0589	-0.0013	18.4780	12.8936	12.4520	4.1514	0.2053	0.2052	0.0001	0.0009	0.0009	0.0000	0.2044	0.2043	0.0001	0.0030	0.0024	0.0006	0.0023	0.0023	0.0000	0.0007	0.0001	0.0006	1.1776	1.0447	0.1329	0.1744	0.1709	0.0036	1.0032	0.8738	0.1293	0.4274	0.2366	0.1907	0.0689	0.0654	0.0035	0.3584	0.1713	0.1872	25.1725	19.4940	0.2177	0.1615	0.1580	0.0044	109.6715	353.5134	0.2283	0.0069	0.0101	0.0030	0.0333	0.0347	0.0064	0.0019	0.0007	0.0030
101	124	0.5093	7	0	1	0	0	0	0	0	0	N	N	N	N	N	N	N	N	N	N	N	N	0.0007	0.0003	0.5691	0.0001	0.0001	0.0136	0.0202	0.0024	0.7734	0.0019	0.0013	0.0070	0.0007	0.0007	0.0000	0.0025	0.0016	0.0082	2.7828	4.6507	0.0122	9.1023	10.1559	0.0014	0.1224	0.6579	0.0106	0.6263	0.0010	0.0002	-0.5875	18.4780	12.7386	12.4520	8.7370	0.0019	0.0012	0.0007	0.0002	0.0002	0.0000	0.0017	0.0010	0.0007	0.9366	0.9356	0.0010	0.9342	0.9342	0.0000	0.0024	0.0014	0.0010	1.0208	0.9142	0.1066	0.3342	0.3181	0.0162	0.6865	0.5961	0.0904	0.3366	0.2012	0.1354	0.1026	0.0920	0.0106	0.2339	0.1092	0.1247	0.0007	0.0003	0.9622	0.0001	0.0001	0.0136	0.2440	0.1246	1.0603	2.7828	4.6507	0.0072	9.1023	10.1559	0.0014	0.0101	0.0128	0.0077
101	125	0.4940	6	0	1	0	0	0	0	0	0	N	N	N	N	N	N	N	N	N	N	N	N	0.0228	0.0127	2.5506	0.0340	0.0320	0.4481	0.2191	0.0388	3.3863	0.0098	0.0076	0.0288	0.0177	0.0185	0.0006	0.0053	0.0006	0.0340	0.4324	0.5998	0.0113	0.5188	0.5770	0.0013	0.0243	0.0163	0.0100	0.4455	0.0951	0.0002	-0.0028	18.4780	8.6431	12.4520	1.4782	0.0075	0.0052	0.0023	0.0049	0.0049	0.0000	0.0026	0.0003	0.0023	0.0051	0.0047	0.0004	0.0046	0.0046	0.0000	0.0005	0.0000	0.0004	0.7605	0.6803	0.0802	0.2788	0.2663	0.0125	0.4817	0.4139	0.0677	0.1598	0.0952	0.0646	0.0476	0.0419	0.0057	0.1122	0.0532	0.0589	0.3074	0.1550	4.1851	0.1809	0.1667	0.4481	1.2740	1.0646	4.5825	0.0320	0.0491	0.0069	0.0976	0.1107	0.0013	0.0042	0.0006	0.0074
101	126	0.4845	5	0	0	0	0	0	0	0	0	N	N	N	N	N	N	N	N	N	N	N	N	9.9528	9.2860	102.6791	121.2148	91.1986	11.7261	3.9985	0.0745	94.4808	2.0323	1.7277	4.2210	4.2677	4.4290	0.0916	0.7988	0.0006	4.7223	0.2042	0.1861	0.0411	0.0352	0.0486	0.0078	0.1998	0.0078	0.0500	0.3400	1.1202	-0.0291	-0.0002	18.4780	4.1618	12.4520	2.0491	0.8708	0.6499	0.2209	0.6503	0.6497	0.0005	0.2205	0.0001	0.2204	0.0022	0.0010	0.0012	0.0012	0.0010	0.0001	0.0010	0.0000	0.0010	0.4285	0.3761	0.0523	0.1524	0.1467	0.0057	0.2761	0.2294	0.0467	0.1389	0.0807	0.0582	0.0661	0.0470	0.0191	0.0728	0.0337	0.0391	128.8377	134.9217	212.2164	240.7562	203.6325	11.7261	57.0524	1.8562	183.1377	0.0158	0.0128	0.0199	0.0177	0.0217	0.0078	0.0140	0.0003	0.0258
101	127	0.4554	4	0	0	0	0	0	0	0	0	N	N	N	N	N	N	N	N	N	N	N	N	0.0169	0.0075	0.0394	0.0108	0.0103	0.0367	0.0176	0.1393	0.0430	0.0274	0.0162	0.1185	0.0462	0.0467	0.0377	0.0197	0.0025	0.1322	1.6251	2.1681	3.0056	4.2672	4.5497	1.0280	1.1219	0.0180	3.0746	0.9029	0.1542	0.0038	-0.2618	18.4780	9.4810	12.4520	7.4917	0.0200	0.0105	0.0095	0.0098	0.0094	0.0004	0.0102	0.0011	0.0091	0.5291	0.4584	0.0707	0.4615	0.4583	0.0032	0.0675	0.0001	0.0675	0.7299	0.6496	0.0802	0.2129	0.2013	0.0116	0.5169	0.4483	0.0686	0.3331	0.2114	0.1217	0.1143	0.1037	0.0107	0.2188	0.1077	0.1110	0.0173	0.0075	0.2040	0.0114	0.0106	0.1247	0.0639	3.9122	0.2176	1.5882	2.1681	0.5808	4.0364	4.4202	0.3022	0.3087	0.0006	0.6076
101	128	0.1217	5	1	1	0	0	0	0	0	0	N	N	N	N	N	N	N	N	N	N	N	N	1.4033	0.8992	0.0615	0.0853	0.1362	0.0034	0.7744	0.0500	0.3056	0.0002	0.0003	0.0000	0.0000	0.0000	0.0000	0.0003	0.0003	0.0000	0.0002	0.0003	0.0001	0.0005	0.0003	0.0028	0.0004	0.0063	0.0000	0.0022	0.2219	-0.0000	-0.0000	18.4780	2.0107	12.4520	1.9995	0.0000	0.0000	0.0000	0.0000	0.0000	0.0000	0.0000	0.0000	0.0000	0.0000	0.0000	0.0000	0.0000	0.0000	0.0000	0.0000	0.0000	0.0000	0.1643	0.1439	0.0204	0.0182	0.0177	0.0005	0.1461	0.1262	0.0199	0.0944	0.0528	0.0416	0.0135	0.0126	0.0009	0.0809	0.0402	0.0407	1.4033	1.0928	0.0615	0.0853	0.1362	0.0034	2.0947	1.2720	0.3056	0.0002	0.0003	0.0001	0.0005	0.0003	0.0028	0.0001	0.0002	0.0000
101	129	0.1094	4	1	1	0	0	0	0	0	0	N	N	N	N	N	N	N	N	N	N	N	N	0.0766	0.0120	7.0595	0.0951	0.0919	6.3125	0.4725	0.0613	9.5706	0.0068	0.0030	0.0397	0.0139	0.0128	0.0962	0.0050	0.0003	0.0382	0.0886	0.2509	0.0056	0.1463	0.1388	0.0152	0.0107	0.0053	0.0040	1.5111	0.2163	0.0013	-0.0009	18.4780	5.6459	12.4520	1.1399	0.0041	0.0016	0.0025	0.0017	0.0015	0.0002	0.0025	0.0001	0.0023	0.0021	0.0017	0.0004	0.0017	0.0017	0.0000	0.0004	0.0000	0.0003	0.6086	0.5460	0.0626	0.1197	0.1181	0.0017	0.4889	0.4279	0.0609	0.1962	0.1079	0.0884	0.0390	0.0375	0.0015	0.1572	0.0703	0.0869	0.6476	0.1922	9.5901	0.3195	0.2855	6.3125	2.2171	1.5846	9.6626	0.0105	0.0157	0.0041	0.0435	0.0447	0.0152	0.0023	0.0002	0.0040
101	130	0.0791	3	0	0	0	0	0	0	0	0	N	N	N	N	N	N	N	N	N	N	N	N	0.3496	0.1881	0.6003	0.3008	0.3010	0.0651	0.2936	0.0986	0.7643	0.3667	0.2621	0.7771	0.7137	0.7187	0.3111	0.2557	0.0662	0.7841	1.0488	1.3940	1.2944	2.3726	2.3877	4.7765	0.8710	0.6720	1.0258	0.7551	0.2322	0.0828	-0.1565	18.4780	11.6079	12.4520	5.3766	0.5786	0.3297	0.2489	0.2729	0.2714	0.0015	0.3057	0.0583	0.2475	0.3558	0.2888	0.0670	0.2943	0.2860	0.0083	0.0615	0.0028	0.0588	1.5779	1.2576	0.3203	0.3823	0.3776	0.0047	1.1956	0.8800	0.3156	0.8998	0.4988	0.4010	0.3044	0.2943	0.0101	0.5955	0.2045	0.3909	0.9274	0.4528	4.6482	0.7382	0.7396	0.3800	2.4742	4.8599	5.2166	0.3954	0.5789	0.1672	0.9667	0.9718	0.8186	0.1034	0.0136	0.1503
101	131	0.0612	2	0	0	0	0	0	0	0	0	N	N	N	N	N	N	N	N	N	N	N	N	0.6429	0.5381	0.2304	0.4578	0.4607	0.1365	0.4536	0.3253	0.2311	0.7432	0.7678	0.6938	1.0856	1.0902	0.4968	0.5533	0.4035	0.6955	1.1559	1.4269	3.0109	2.3715	2.3663	3.6397	1.2198	1.2404	3.0094	0.4509	0.6571	0.0179	-0.1445	18.4780	3.9355	12.4520	8.7078	0.7553	0.5205	0.2347	0.3935	0.3921	0.0014	0.3617	0.1284	0.2333	0.6235	0.3762	0.2472	0.3714	0.3622	0.0092	0.2521	0.0140	0.2381	1.0163	0.6780	0.3383	0.3625	0.3597	0.0028	0.6538	0.3183	0.3355	0.9899	0.5668	0.4232	0.3872	0.3736	0.0136	0.6028	0.1932	0.4096	1.1800	1.1566	1.1875	1.1317	1.1245	0.7359	1.3230	5.5601	1.1965	0.6298	0.6638	0.5842	0.9592	0.9695	0.6751	0.4182	0.0726	0.5812
102	106	0.2888	7	0	2	0	0	0	0	0	0	N	Y	N	N	N	N	N	N	N	N	N	N	104.6642	35.8187	12926.4333	7.0324	2.1984	5521.8941	10009.9244	14350.5957	12353.4016	1.0674	1.0061	1.6124	0.2398	0.0876	3.5038	1.4912	1.5227	1.2806	0.0102	0.0281	0.0001	0.0341	0.0398	0.0006	0.0001	0.0001	0.0001	0.1803	0.0161	-0.5340	-0.0017	34.1922	20.0414	22.4626	7.0324	3.9729	3.3661	0.6068	0.3023	0.1055	0.1968	3.6706	3.2606	0.4100	0.0028	0.0028	0.0000	0.0028	0.0028	0.0000	0.0000	0.0000	0.0000	3.7222	3.3458	0.3763	1.2606	1.2045	0.0562	2.4615	2.1414	0.3202	0.8477	0.4877	0.3600	0.1608	0.1465	0.0143	0.6869	0.3412	0.3457	319.0466	175.7921	12926.4333	13.7734	4.5978	5521.8941	28487.4441	4417393.4134	12353.4016	0.0033	0.0057	0.0001	0.0174	0.0190	0.0006	0.0001	0.0000	0.0001
102	107	0.2787	6	0	1	0	0	0	0	0	0	N	N	N	N	N	N	N	N	N	N	N	N	98.3374	123.8928	1.8259	32.9181	30.6393	11.0933	128.5674	150.0973	1.2234	0.4865	0.5362	0.0043	0.1573	0.1627	0.0125	0.6761	0.7734	0.0029	0.0049	0.0043	0.0024	0.0048	0.0053	0.0011	0.0053	0.0052	0.0024	0.0008	1.0380	-0.2394	-0.0001	34.1922	7.0315	22.4626	1.2144	0.8363	0.8356	0.0007	0.0988	0.0985	0.0003	0.7375	0.7371	0.0004	0.0006	0.0003	0.0003	0.0003	0.0002	0.0000	0.0003	0.0000	0.0003	1.7189	1.5585	0.1604	0.6281	0.6053	0.0227	1.0908	0.9531	0.1377	0.2889	0.1694	0.1195	0.0608	0.0558	0.0050	0.2282	0.1136	0.1145	254.3459	334.9467	1.8259	37.5108	36.4277	11.0933	517.7237	3976.7452	1.2234	0.0019	0.0016	0.0024	0.0042	0.0045	0.0011	0.0013	0.0002	0.0024
102	108	0.2451	5	0	1	0	0	0	0	0	0	N	N	N	N	N	N	N	N	N	N	N	N	1.5980	0.3658	109.2401	0.3487	0.3196	61.5390	17.4024	0.9830	112.3501	0.0386	0.0409	0.0195	0.0245	0.0247	0.0177	0.0434	0.0471	0.0196	0.0242	0.1118	0.0002	0.0703	0.0774	0.0003	0.0025	0.0479	0.0002	0.0574	0.0121	-0.0272	-0.0028	34.1922	16.2725	22.4626	4.4748	0.1170	0.1106	0.0063	0.0190	0.0185	0.0004	0.0980	0.0921	0.0059	0.0046	0.0046	0.0001	0.0042	0.0042	0.0000	0.0004	0.0004	0.0001	3.0309	2.7052	0.3257	0.7740	0.7494	0.0246	2.2569	1.9558	0.3011	0.7530	0.4431	0.3099	0.1420	0.1320	0.0100	0.6110	0.3111	0.2999	6.2894	3.9689	109.2401	0.8311	0.7804	61.5390	61.3856	38.5656	112.3501	0.0061	0.0103	0.0002	0.0295	0.0317	0.0003	0.0007	0.0012	0.0002
102	109	0.2979	6	0	2	0	0	0	0	0	0	N	Y	N	N	N	N	N	N	N	N	N	N	0.7473	0.8434	0.7791	1.2547	1.2671	19.3204	0.4476	6.5334	0.9614	0.5561	0.5135	0.9146	0.9693	1.0263	0.0439	0.3588	0.2485	1.1010	0.7442	0.6088	1.1739	0.7725	0.8100	0.0023	0.8016	0.0380	1.1453	0.2119	2.2674	-0.4593	0.0111	34.1922	40.5309	22.4626	14.7974	4.0900	3.3749	0.7151	2.3042	2.2981	0.0060	1.7858	1.0767	0.7091	0.1696	0.0519	0.1177	0.0513	0.0512	0.0001	0.1184	0.0007	0.1176	7.3543	6.5724	0.7819	2.3771	2.2392	0.1379	4.9772	4.3332	0.6440	1.7888	1.0251	0.7637	0.3544	0.3207	0.0337	1.4344	0.7044	0.7301	5.8646	10.1391	5.9337	6.7016	6.4313	19.3204	4.3479	237.7947	6.8330	0.0948	0.0506	0.1541	0.1446	0.1596	0.0023	0.0825	0.0010	0.1611
102	110	0.2720	5	0	2	0	0	0	0	0	0	N	Y	N	N	N	N	N	N	N	N	N	N	0.5416	0.9607	0.2694	2.7037	3.0727	1.1001	0.4875	0.5494	0.3482	0.8057	0.6786	1.6972	0.6051	0.6667	0.0494	0.9187	0.6857	2.3643	1.4876	0.7064	6.3007	0.2238	0.2170	0.0449	1.8847	1.2480	6.7891	0.3563	33.7633	-0.0603	0.3080	34.1922	13.5236	22.4626	3.5331	2.4707	1.8216	0.6491	0.6688	0.6634	0.0054	1.8019	1.1582	0.6437	0.8983	0.0258	0.8724	0.0080	0.0075	0.0005	0.8903	0.0183	0.8719	3.0666	2.6842	0.3825	1.1053	0.9951	0.1102	1.9614	1.6891	0.2722	0.6649	0.3875	0.2775	0.1486	0.1350	0.0136	0.5163	0.2524	0.2639	0.5964	10.1762	0.5398	11.2551	12.0105	1.3574	0.5328	9.4357	0.7155	1.3510	0.0667	3.1444	0.0538	0.0555	0.0364	1.7243	0.0727	3.3042
102	111	0.2160	4	0	1	0	0	0	0	0	0	N	N	N	N	N	N	N	N	N	N	N	N	1.1549	0.8748	1.4492	0.7591	0.7644	2.9427	1.0184	2.2104	1.6031	1.0609	0.7750	3.4391	1.1531	1.1486	1.2838	1.0315	0.6424	3.6109	0.9186	0.8859	2.3731	1.5191	1.5026	0.4363	1.0129	0.2906	2.2524	0.5336	2.2305	0.1973	0.0158	34.1922	16.9399	22.4626	15.9768	3.2451	2.1160	1.1290	0.8524	0.8213	0.0311	2.3927	1.2948	1.0979	0.2548	0.0789	0.1759	0.0798	0.0770	0.0028	0.1750	0.0019	0.1731	3.0588	2.7305	0.3283	0.7392	0.7150	0.0242	2.3196	2.0155	0.3041	1.2054	0.7011	0.5043	0.2224	0.2057	0.0167	0.9830	0.4955	0.4875	5.0189	6.8889	9.8580	3.2139	3.0698	7.5655	5.7941	166.1762	10.1707	0.2114	0.1125	0.3489	0.3588	0.3742	0.1697	0.1780	0.0039	0.3550
102	112	0.3204	8	1	2	0	1	0	0	0	0	N	Y	N	N	N	N	N	N	N	N	N	N	0.0743	0.0641	0.0000	0.0925	0.0887	0.0000	0.0000	0.0000	0.0000	0.0470	0.0538	0.0000	0.1149	0.1164	0.0000	0.0000	0.0000	0.0000	0.6322	0.8394	0.0000	1.2423	1.3122	0.0004	0.0000	0.0001	0.0000	0.0000	0.0002	-0.0000	-0.0026	34.1922	0.0019	22.4626	1.9928	0.0000	0.0000	0.0000	0.0000	0.0000	0.0000	0.0000	0.0000	0.0000	0.0041	0.0041	0.0000	0.0041	0.0041	0.0000	0.0000	0.0000	0.0000	0.0008	0.0007	0.0001	0.0003	0.0003	0.0000	0.0005	0.0004	0.0001	0.0684	0.0419	0.0265	0.0154	0.0141	0.0012	0.0530	0.0277	0.0253	0.7751	0.5437	0.0000	0.4267	0.3973	0.0000	0.0000	0.0000	0.0000	0.0606	0.0989	0.0000	0.2692	0.2929	0.0004	0.0000	0.0000	0.0000
102	113	0.2968	7	1	2	0	1	0	0	0	0	N	Y	N	N	N	N	N	N	N	N	N	N	0.4753	0.4209	0.0705	0.9967	0.9989	0.0723	0.0023	0.0000	0.0867	0.2286	0.2642	0.0015	0.7583	0.7823	0.0003	0.0003	0.0000	0.0016	0.4809	0.6276	0.0213	0.7608	0.7832	0.0040	0.1227	0.5630	0.0183	0.0009	0.1454	-0.1197	-0.0094	34.1922	8.6942	22.4626	6.0502	0.4180	0.4176	0.0004	0.4176	0.4176	0.0000	0.0004	0.0000	0.0004	0.0187	0.0163	0.0024	0.0145	0.0145	0.0000	0.0042	0.0018	0.0023	1.8286	1.5808	0.2479	0.5508	0.5338	0.0169	1.2779	1.0469	0.2309	0.5153	0.3015	0.2138	0.1027	0.0951	0.0077	0.4125	0.2064	0.2061	6.2954	4.8764	0.1351	5.3602	5.1279	0.0723	0.0284	0.0001	0.1398	0.0363	0.0542	0.0111	0.1415	0.1526	0.0040	0.0101	0.0089	0.0114
102	114	0.3179	11	0	2	0	1	0	0	0	0	N	Y	N	N	N	N	N	N	N	N	N	N	0.0000	0.0000	0.0000	0.0000	0.0000	0.0000	0.0000	0.0000	0.0000	0.0000	0.0000	0.0000	0.0000	0.0030	0.0081	0.0000	0.0030	0.0030	0.0000	0.0000	0.0000	0.0000	0.0000	0.0000	-0.0000	34.1922	0.0001	22.4626	0.0001	0.0000	0.0000	0.0000	0.0000	0.0000	0.0000	0.0000	0.0000	0.0000	0.0000	0.0000	0.0000	0.0000	0.0000	0.0000	0.0000	0.0000	0.0000	0.0000	0.0000	0.0000	0.0000	0.0000	0.0000	0.0000	0.0000	0.0000	0.0000	0.0000	0.0000	0.0000	0.0000	0.0000	0.0000	0.0000	0.0000	0.0000	0.0000	0.0000	0.0000	0.0000	0.0000	0.0000	0.0000	0.0000	0.0013	0.0025	0.0000	0.0030	0.0030	0.0000	0.0000	0.0000	0.0000						
102	115	0.3112	10	0	2	0	1	0	0	0	0	N	Y	N	N	N	N	N	N	N	N	N	N	158.3489	66.8717	142.5769	126.3690	inf	inf	1.2454	1.3920	0.0000	3.7085	3.8553	0.0000	0.2756	0.3174	0.0000	0.0079	0.0208	0.0000	0.0260	0.0305	0.0000	0.0000	0.0000	0.0000	0.0000	0.0000	-0.1969	-0.0002	34.1922	3.0007	22.4626	1.0012	0.6856	0.6856	0.0000	0.5768	0.5768	0.0000	0.1089	0.1089	0.0000	0.0004	0.0004	0.0000	0.0004	0.0004	0.0000	0.0000	0.0000	0.0000	0.5505	0.4925	0.0580	0.1555	0.1496	0.0059	0.3950	0.3429	0.0521	0.1356	0.0792	0.0564	0.0266	0.0244	0.0022	0.1090	0.0548	0.0542	444.6025	290.1243	0.0000	259.6209	247.2301	0.0000	inf	inf	0.0000	0.0028	0.0048	0.0000	0.0143	0.0156	0.0000	0.0000	0.0000	0.0000			
102	116	0.3094	9	0	1	0	1	0	0	0	0	N	N	N	N	N	N	N	N	N	N	N	N	120.5992	37.5891	1318.6336	46.4620	34.1916	224.5740	697.5988	inf	2575.0591	0.0006	0.0003	0.0037	0.0011	0.0007	0.0099	0.0004	0.0000	0.0029	0.0000	0.0000	0.0000	0.0000	0.0000	0.0000	0.0000	0.0000	0.0000	1.7206	0.3036	0.0000	-0.0000	34.1922	1.1177	22.4626	0.0023	0.0001	0.0000	0.0001	0.0001	0.0000	0.0000	0.0001	0.0000	0.0001	0.0000	0.0000	0.0000	0.0000	0.0000	0.0000	0.0000	0.0000	0.0000	0.2140	0.1918	0.0221	0.0658	0.0632	0.0025	0.1482	0.1286	0.0196	0.0382	0.0222	0.0159	0.0075	0.0068	0.0006	0.0307	0.0154	0.0153	120.5992	37.5891	1318.6336	46.4620	34.1916	224.5740	697.5988	inf	2575.0591	0.0000	0.0000	0.0000	0.0000	0.0000	0.0000	0.0000	0.0000	0.0000
102	117	0.3064	5	0	2	0	0	0	0	0	0	N	Y	N	N	N	N	N	N	N	N	N	N	0.6337	0.4687	0.5302	0.3217	0.4823	0.1614	0.7823	0.4544	0.6883	0.8639	0.7122	2.1240	0.1003	0.1011	0.0903	1.3066	1.0825	2.9196	1.3632	1.5196	4.0060	0.3116	0.2097	0.5594	1.6703	2.3824	4.2418	0.3589	1.0349	-0.1193	-0.2459	34.1922	31.2782	22.4626	23.9277	5.1828	3.8140	1.3688	0.2207	0.2044	0.0164	4.9621	3.6096	1.3525	2.0528	1.0088	1.0440	0.0280	0.0210	0.0070	2.0248	0.9878	1.0370	5.9996	5.3551	0.6444	2.2018	2.0206	0.1812	3.7978	3.3346	0.4632	1.8457	1.0962	0.7496	0.4203	0.3860	0.0343	1.4254	0.7102	0.7153	0.7767	0.7739	1.5249	1.5029	1.8569	0.4415	0.9198	0.7782	2.0137	1.1122	0.9203	1.3929	0.0667	0.0545	0.2044	1.4205	1.3909	1.4499
102	118	0.3094	9	0	1	1	1	0	0	0	0	N	N	N	N	N	N	N	N	N	N	N	N	153.4836	0.0052	77085262.3783	140.2088	0.0109	inf	3486004.7978	13152208.0663	0.9542	0.0001	9.1146	2.7725	0.0003	72.5632	0.2133	0.0000	1.6189	0.0062	0.0150	0.0000	0.0198	0.0229	0.0000	0.0000	0.0000	0.0000	13702.5009	0.0000	0.4887	-0.0003	34.1922	3.8827	22.4626	2.9998	0.6856	0.0001	0.6856	0.5767	0.0001	0.5767	0.1089	0.0000	0.1089	0.0005	0.0005	0.0000	0.0005	0.0005	0.0000	0.0000	0.0000	0.0000	0.7185	0.6433	0.0752	0.2080	0.2001	0.0079	0.5105	0.4432	0.0673	0.2314	0.1350	0.0964	0.0451	0.0413	0.0038	0.1863	0.0937	0.0926	416.6645	0.0198	77085262.3783	236.0811	0.0195	inf	3486004.7978	0.0000	13152208.0663	0.0023	0.0039	0.0000	0.0117	0.0128	0.0000	0.0000	0.0000	0.0000	
102	119	0.3065	8	0	1	0	1	0	0	0	0	N	N	N	N	N	N	N	N	N	N	N	N	9166.7204	15.6113	43381.5103	1699.3616	12.7909	71034.6196	4551.1045	inf	46796.4068	1.1395	0.0005	11.4562	0.1271	0.0010	3.1453	1.6604	0.0002	12.7756	0.0001	0.0000	0.0003	0.0001	0.0001	0.0000	0.0004	0.0000	0.0003	2671.9071	7.9272	0.4916	0.0000	34.1922	2.8083	22.4626	0.0030	0.6899	0.0003	0.6897	0.0261	0.0002	0.0259	0.6638	0.0001	0.6637	0.0000	0.0000	0.0000	0.0000	0.0000	0.0000	0.0000	0.0000	0.0000	0.6054	0.5452	0.0602	0.2057	0.1974	0.0082	0.3998	0.3478	0.0520	0.0961	0.0559	0.0402	0.0188	0.0173	0.0016	0.0773	0.0387	0.0386	9166.7204	19.7857	43381.5103	1699.3616	12.7909	71034.6196	12175.1059	inf	46796.4068	0.0001	0.0000	0.0003	0.0001	0.0001	0.0000	0.0001	0.0000	0.0003
102	120	0.3065	8	0	1	1	1	0	0	0	0	N	N	N	N	N	N	N	N	N	N	N	N	14329.1044	88711.5262	25.9452	138.4601	138.8017	11.5513	7182.4513	inf	28.0048	0.5439	0.6063	0.0021	0.0030	0.0031	0.0002	0.7725	0.8882	0.0024	0.0000	0.0000	0.0001	0.0000	0.0000	0.0000	0.0001	0.0000	0.0001	0.0004	8.5475	-0.2828	0.0000	34.1922	9.6158	22.4626	0.0030	0.9862	0.9858	0.0004	0.0016	0.0016	0.0000	0.9846	0.9842	0.0004	0.0000	0.0000	0.0000	0.0000	0.0000	0.0000	0.0000	0.0000	0.0000	1.8132	1.6260	0.1873	0.5388	0.5179	0.0208	1.2745	1.1080	0.1664	0.3229	0.1878	0.1351	0.0628	0.0576	0.0053	0.2601	0.1303	0.1298	14329.1044	88711.5262	25.9452	138.4601	138.8017	11.5513	18427.2049	inf	28.0048	0.0000	0.0000	0.0001	0.0000	0.0000	0.0000	0.0000	0.0000	0.0001
102	121	0.2968	7	0	1	0	1	0	0	0	0	N	N	N	N	N	N	N	N	N	N	N	N	2.4685	2.0080	24.4051	0.5453	0.4308	18.4418	3.3737	1.6027	29.8904	0.8942	0.7840	1.4680	0.0352	0.0302	0.2178	1.3180	1.2526	1.5400	0.3622	0.3904	0.0602	0.0645	0.0702	0.0118	0.3907	0.7816	0.0515	0.3593	0.7762	-0.0213	-0.0011	34.1922	4.2457	22.4626	2.0144	0.9362	0.6887	0.2475	0.0122	0.0102	0.0020	0.9241	0.6786	0.2455	0.0058	0.0032	0.0025	0.0015	0.0014	0.0000	0.0043	0.0018	0.0025	1.0471	0.8785	0.1686	0.3459	0.3368	0.0092	0.7011	0.5417	0.1594	0.2365	0.1396	0.0969	0.0514	0.0480	0.0034	0.1851	0.0916	0.0935	36.7175	33.7589	56.5100	1.2456	1.0271	18.4418	56.6430	62.7079	58.1228	0.0244	0.0232	0.0260	0.0283	0.0294	0.0118	0.0233	0.0200	0.0265
102	122	0.2547	6	0	1	0	1	0	0	0	0	N	N	N	N	N	N	N	N	N	N	N	N	0.2572	0.0343	0.6650	0.3477	0.4087	0.5726	0.2712	0.0003	0.6739	0.6214	0.0708	3.9587	0.2274	0.2119	0.7558	0.7843	0.0009	4.1582	2.4161	2.0644	5.9525	0.6539	0.5186	1.3199	2.8916	3.0499	6.1707	9.2295	1.0385	0.9655	-0.2421	34.1922	11.9190	22.4626	13.1740	1.5697	0.1534	1.4162	0.1680	0.1521	0.0159	1.4017	0.0013	1.4004	2.0357	0.9986	1.0371	0.0172	0.0134	0.0039	2.0185	0.9853	1.0332	2.5260	2.1682	0.3578	0.7387	0.7178	0.0210	1.7873	1.4505	0.3368	0.8426	0.4837	0.3588	0.1445	0.1339	0.0107	0.6980	0.3499	0.3482	0.2572	0.0343	1.3697	1.9075	2.1249	2.0789	0.2712	0.0003	1.4012	2.4161	2.0644	2.8902	0.1192	0.0997	0.3636	2.8916	2.8160	2.9676
102	123	0.6816	10	0	1	1	1	0	0	0	0	N	N	N	N	N	N	N	N	N	N	N	N	1.3494	1.1415	0.0349	1.0176	1.0090	0.3805	6404.8658	823.2199	0.0005	0.8395	0.9236	0.0000	0.9081	0.9546	0.0000	0.7805	0.8945	0.0000	0.6221	0.8091	0.0001	0.8924	0.9461	0.0000	0.0001	0.0011	0.0001	0.0000	0.0005	-0.5744	-0.0166	34.1922	12.8936	22.4626	4.1514	2.0004	2.0004	0.0000	1.0006	1.0006	0.0000	0.9999	0.9999	0.0000	0.0264	0.0264	0.0000	0.0264	0.0264	0.0000	0.0000	0.0000	0.0000	2.3829	2.1659	0.2170	1.1018	1.0482	0.0536	1.2811	1.1178	0.1633	0.4542	0.2861	0.1682	0.1561	0.1395	0.0166	0.2981	0.1466	0.1515	14.4587	10.0228	0.0349	5.3793	5.0517	0.3805	17072.5730	71794.2327	0.0005	0.0581	0.0921	0.0001	0.1688	0.1890	0.0000	0.0000	0.0000	0.0001
102	124	0.2700	7	0	2	0	0	0	0	0	0	N	Y	N	N	N	N	N	N	N	N	N	N	12.0458	0.2540	13651.9049	1.2125	1.0850	171.3681	2171.7731	0.0010	20592.0694	0.5990	0.0590	4.4889	0.2016	0.1895	0.5655	0.7555	0.0000	4.8071	0.0497	0.2322	0.0003	0.1663	0.1746	0.0033	0.0003	0.0013	0.0002	10.5639	0.0165	0.9286	-0.0039	34.1922	12.7386	22.4626	8.7370	1.4825	0.1282	1.3543	0.1410	0.1282	0.0128	1.3415	0.0000	1.3415	0.0064	0.0063	0.0001	0.0063	0.0063	0.0000	0.0001	0.0000	0.0001	2.4749	2.1732	0.3017	0.6993	0.6767	0.0226	1.7756	1.4965	0.2791	0.7385	0.4235	0.3150	0.1361	0.1263	0.0098	0.6024	0.2972	0.3052	69.4193	3.9856	13651.9049	4.3586	3.8203	171.3681	5950.7620	0.0690	20592.0694	0.0086	0.0148	0.0003	0.0463	0.0496	0.0033	0.0001	0.0000	0.0002
102	125	0.2547	6	0	2	0	0	0	0	0	0	N	Y	N	N	N	N	N	N	N	N	N	N	4.1065	0.2602	1079.4973	1.6037	1.5274	23.7096	17.8921	0.0015	1447.1038	0.2304	0.0607	1.1685	0.1727	0.1717	0.2091	0.2558	0.0005	1.2220	0.0561	0.2332	0.0011	0.1077	0.1124	0.0088	0.0143	0.3564	0.0008	3.4853	0.0540	0.2221	-0.0019	34.1922	8.6431	22.4626	1.4782	0.4534	0.1011	0.3523	0.1038	0.1005	0.0033	0.3496	0.0006	0.3490	0.0032	0.0030	0.0002	0.0024	0.0023	0.0000	0.0008	0.0007	0.0001	1.9680	1.6665	0.3015	0.6013	0.5854	0.0159	1.3667	1.0811	0.2856	0.3579	0.2057	0.1522	0.0640	0.0594	0.0045	0.2939	0.1463	0.1476	25.6619	4.0939	1079.4973	4.6438	4.3628	23.7096	90.0867	0.1112	1447.1038	0.0090	0.0148	0.0011	0.0372	0.0394	0.0088	0.0028	0.0049	0.0008
102	126	0.2451	5	0	1	0	0	0	0	0	0	N	N	N	N	N	N	N	N	N	N	N	N	1.7305	0.0274	64.8488	0.1545	0.3730	0.2387	5.8715	0.0000	341.5917	0.5704	0.0071	5.2769	0.0404	0.0227	0.7038	0.7818	0.0000	5.6165	0.3296	0.2576	0.0814	0.2611	0.0608	2.9485	0.1332	0.6109	0.0164	89.3236	1.2310	0.3641	-0.0004	34.1922	4.1618	22.4626	2.0491	0.5188	0.0057	0.5131	0.0105	0.0057	0.0047	0.5084	0.0000	0.5083	0.0058	0.0026	0.0032	0.0037	0.0015	0.0022	0.0021	0.0011	0.0010	0.9095	0.8123	0.0972	0.2593	0.2526	0.0067	0.6502	0.5597	0.0905	0.2650	0.1633	0.1017	0.0607	0.0571	0.0036	0.2042	0.1062	0.0980	26.1067	0.4450	167.9566	0.6697	0.8625	1.1874	74.9517	0.0023	530.7818	0.0219	0.0159	0.0314	0.0603	0.0263	0.5927	0.0104	0.0103	0.0106
102	127	0.2160	4	0	1	0	0	0	0	0	0	N	N	N	N	N	N	N	N	N	N	N	N	1.5011	0.0452	12.5594	1.0223	0.2764	3.1631	1.7398	0.0065	24.0434	0.8112	0.0062	7.4404	0.3864	0.0230	11.0833	0.9467	0.0003	7.1520	0.5404	0.1382	0.5924	0.3780	0.0831	3.5039	0.5441	0.0460	0.2975	144.7131	5.6331	0.9998	0.0069	34.1922	9.4810	22.4626	7.4917	1.4161	0.0097	1.4064	0.1631	0.0094	0.1537	1.2530	0.0003	1.2527	0.0312	0.0047	0.0265	0.0110	0.0044	0.0066	0.0202	0.0003	0.0198	1.7456	1.5566	0.1890	0.4220	0.4082	0.0139	1.3236	1.1484	0.1752	0.6910	0.4116	0.2794	0.1437	0.1338	0.0100	0.5473	0.2778	0.2695	17.9952	0.5472	78.5801	5.0491	0.7040	16.6208	25.7117	0.2509	97.2358	0.0451	0.0114	0.0947	0.0765	0.0326	0.6668	0.0368	0.0012	0.0736
102	128	0.6939	11	1	2	0	0	0	0	0	0	N	Y	N	N	N	N	N	N	N	N	N	N	565.7365	298.9008	0.0000	1.8956	1.7184	129366882.6917	inf	0.0000	2.7909	3.0870	0.0000	0.0133	0.0141	0.0000	5.2298	6.0262	0.0000	0.0049	0.0103	0.0000	0.0070	0.0082	0.0000	0.0000	0.0000	0.0000	0.0000	0.0000	-0.2876	-0.0001	34.1922	2.0107	22.4626	1.9995	1.0016	1.0016	0.0000	0.0022	0.0022	0.0000	0.9994	0.9994	0.0000	0.0002	0.0002	0.0000	0.0002	0.0002	0.0000	0.0000	0.0000	0.0000	0.3589	0.3244	0.0344	0.1678	0.1586	0.0092	0.1911	0.1658	0.0253	0.1001	0.0638	0.0363	0.0358	0.0318	0.0039	0.0643	0.0319	0.0324	1467.3079	1033.8595	0.0000	2.5082	2.3609	0.0000	129366882.6917	inf	0.0000	0.0019	0.0030	0.0000	0.0053	0.0060	0.0000	0.0000	0.0000	0.0000	
102	129	0.6816	10	1	2	0	0	0	0	0	0	N	Y	N	N	N	N	N	N	N	N	N	N	0.8303	0.2930	0.0065	1.0374	0.9068	0.0010	14.4153	3.3602	0.0082	0.0137	0.0150	0.0000	0.0247	0.0259	0.0000	0.0036	0.0042	0.0000	0.0165	0.0512	0.0002	0.0239	0.0286	0.0001	0.0003	0.0012	0.0002	0.0000	0.0132	-0.0045	-0.0006	34.1922	5.6459	22.4626	1.1399	0.0157	0.0157	0.0000	0.0135	0.0135	0.0000	0.0022	0.0022	0.0000	0.0009	0.0009	0.0000	0.0009	0.0009	0.0000	0.0000	0.0000	0.0000	1.1452	1.0451	0.1001	0.5459	0.5211	0.0248	0.5993	0.5240	0.0753	0.1949	0.1220	0.0730	0.0687	0.0619	0.0068	0.1262	0.0600	0.0662	2.8439	1.9757	0.0065	1.8348	1.7342	0.0010	37.1931	247.6103	0.0082	0.0048	0.0076	0.0002	0.0135	0.0149	0.0001	0.0001	0.0000	0.0002
102	130	0.6513	9	0	1	0	0	0	0	0	0	N	N	N	N	N	N	N	N	N	N	N	N	0.2989	1.1815	0.0001	2.1914	2.9524	0.0019	0.3234	5.1216	0.0002	0.2383	0.2691	0.0003	0.1649	0.1833	0.0002	0.3172	0.3643	0.0004	0.7972	0.2277	2.0318	0.0753	0.0621	0.1106	0.9810	0.0711	1.9897	0.0001	11.6014	-0.1911	0.0184	34.1922	11.6079	22.4626	5.3766	0.6660	0.6659	0.0001	0.2388	0.2388	0.0000	0.4272	0.4271	0.0001	0.0630	0.0050	0.0580	0.0060	0.0048	0.0012	0.0571	0.0003	0.0568	2.7950	2.4750	0.3200	1.4483	1.3027	0.1456	1.3467	1.1723	0.1744	0.5531	0.3445	0.2085	0.1970	0.1793	0.0177	0.3560	0.1652	0.1908	2.0908	18.5317	0.0010	5.4562	6.9188	0.0031	1.9786	239.1026	0.0012	0.1140	0.0145	0.2783	0.0302	0.0265	0.0679	0.1603	0.0015	0.2978
102	131	0.6334	8	0	1	0	0	0	0	0	0	N	N	N	N	N	N	N	N	N	N	N	N	0.3372	0.8170	0.0029	0.4309	0.5717	0.0018	0.2716	1.8792	0.0045	0.6121	0.6976	0.0283	0.4612	0.5257	0.0065	0.7769	0.8869	0.0507	1.8155	0.8539	9.9067	1.0702	0.9195	3.5106	2.8609	0.4719	11.3203	0.0059	25.3999	-0.1870	0.3364	34.1922	3.9355	22.4626	8.7078	0.6650	0.6611	0.0039	0.2614	0.2610	0.0005	0.4036	0.4001	0.0035	1.0077	0.0382	0.9696	0.0482	0.0370	0.0111	0.9596	0.0011	0.9584	1.0863	0.9476	0.1388	0.5669	0.4964	0.0704	0.5195	0.4511	0.0683	0.5551	0.3672	0.1879	0.2197	0.2030	0.0167	0.3354	0.1642	0.1712	0.3372	6.7106	0.0055	2.1023	2.8806	0.0097	0.2716	128.6319	0.0091	1.8155	0.1040	5.1600	0.2194	0.1825	0.6675	2.8609	0.0069	5.5982
102	132	0.6218	7	0	1	0	0	0	0	0	0	N	N	N	N	N	N	N	N	N	N	N	N	0.3315	0.3005	0.1784	0.2596	0.2721	0.4546	0.3256	0.3372	0.2387	0.2851	0.2874	0.2696	0.2797	0.2910	0.1858	0.2906	0.2835	0.3307	0.8599	0.9564	1.5112	1.0775	1.0697	0.4086	0.8923	0.8407	1.3852	0.1390	0.7755	-0.0774	-0.0131	34.1922	6.2657	22.4626	3.9760	0.4688	0.4116	0.0572	0.2317	0.2151	0.0166	0.2371	0.1965	0.0406	0.0682	0.0384	0.0298	0.0375	0.0353	0.0022	0.0307	0.0031	0.0276	1.6443	1.4321	0.2122	0.8284	0.7390	0.0894	0.8159	0.6931	0.1228	0.4337	0.2809	0.1529	0.1700	0.1562	0.0138	0.2637	0.1247	0.1391	1.8121	2.1002	1.3829	1.2667	1.2864	1.1675	2.4960	11.4133	1.6657	0.1573	0.1368	0.1950	0.2208	0.2262	0.1591	0.1164	0.0248	0.1985
102	133	0.5445	6	0	1	0	0	0	0	0	0	N	N	N	N	N	N	N	N	N	N	N	N	0.4556	0.4208	0.6151	0.5647	1.1387	0.0360	0.4029	0.1441	0.7903	0.7504	0.2490	4.9331	0.4312	0.4519	0.1667	1.0011	0.0783	6.9542	1.6469	0.5919	8.0201	0.7637	0.3969	4.6293	2.4850	0.5433	8.7992	2.3742	53.5744	1.6093	0.9942	34.1922	26.7012	22.4626	18.2690	3.8639	1.1451	2.7187	0.9770	0.9497	0.0274	2.8868	0.1954	2.6914	2.8139	0.0516	2.7623	0.0896	0.0472	0.0424	2.7243	0.0044	2.7199	5.1492	4.5981	0.5511	2.2656	2.1015	0.1641	2.8836	2.4966	0.3870	1.7278	1.0901	0.6377	0.6315	0.5781	0.0533	1.0963	0.5120	0.5843	0.4608	5.2653	1.1388	3.0401	5.5360	0.2098	0.4029	9.1765	1.4940	1.6286	0.0473	4.3318	0.1418	0.0816	0.7945	2.4850	0.0085	4.6547
102	134	0.3064	5	0	1	0	0	0	0	0	0	N	N	N	N	N	N	N	N	N	N	N	N	0.5121	0.6222	0.3866	0.1668	0.1314	0.4228	0.6171	0.6007	0.4223	0.5131	0.4306	1.2395	0.1198	0.0697	0.8416	0.7196	0.6324	1.3514	1.0018	0.6921	3.2061	0.7183	0.5302	1.9907	1.1661	1.0526	3.2003	0.3267	7.5163	-0.2158	0.2609	34.1922	61.4372	22.4626	55.8589	5.2768	3.9775	1.2993	0.4243	0.2307	0.1937	4.8525	3.7468	1.1056	1.0261	0.1205	0.9056	0.0852	0.0599	0.0253	0.9410	0.0606	0.8803	10.2851	9.2368	1.0483	3.5417	3.3116	0.2301	6.7433	5.9252	0.8181	3.2230	1.8898	1.3332	0.6458	0.5915	0.0543	2.5772	1.2983	1.2789	1.6115	6.7540	1.8247	0.9085	0.6883	1.8052	1.9709	13.5410	1.9633	0.3184	0.0638	0.6793	0.1319	0.1012	0.4662	0.3651	0.0467	0.6883
102	135	0.2160	4	0	1	0	0	0	0	0	0	N	N	N	N	N	N	N	N	N	N	N	N	1.8569	1.3893	21.2820	1.3762	1.5568	4.2102	2.4907	1.0583	34.3760	0.8580	0.6752	2.4059	0.6754	0.5791	3.5359	0.9161	0.7091	2.3150	0.4620	0.4860	0.1130	0.4908	0.3720	0.8398	0.3678	0.6700	0.0673	0.4208	0.9033	0.0429	-0.0092	34.1922	31.7621	22.4626	18.5886	4.7403	3.3363	1.4040	0.9016	0.7479	0.1537	3.8386	2.5884	1.2502	0.0597	0.0314	0.0283	0.0278	0.0217	0.0061	0.0319	0.0097	0.0222	5.5251	4.9415	0.5835	1.3350	1.2915	0.0435	4.1901	3.6500	0.5401	1.7278	0.9961	0.7317	0.3017	0.2782	0.0235	1.4261	0.7179	0.7082	24.8182	21.4306	62.1003	7.3344	7.4309	13.6161	40.8941	52.4758	73.6950	0.0346	0.0315	0.0387	0.0921	0.0779	0.2597	0.0224	0.0135	0.0314
103	106	0.1868	6	0	2	0	0	0	0	0	0	N	Y	N	N	N	N	N	N	N	N	N	N	32.6701	28.2834	149.7062	249.0672	159.1609	26406.7982	15.9868	1.4804	138.8831	0.6029	0.4999	1.4420	0.5327	0.3674	4.2017	0.6289	0.5540	1.1134	0.0185	0.0177	0.0096	0.0021	0.0023	0.0002	0.0393	0.3742	0.0080	0.3541	1.1532	-0.0338	-0.0003	22.5884	20.0414	11.0115	7.0324	1.3178	0.9732	0.3446	0.3143	0.2074	0.1068	1.0035	0.7658	0.2377	0.0027	0.0013	0.0015	0.0002	0.0002	0.0000	0.0026	0.0011	0.0015	2.1857	1.9468	0.2389	0.5900	0.5646	0.0254	1.5957	1.3822	0.2135	0.5326	0.2906	0.2420	0.0829	0.0763	0.0065	0.4498	0.2143	0.2355	116.9008	113.8689	237.2362	249.0672	159.1609	26406.7982	110.0666	107.9625	178.3428	0.0052	0.0044	0.0061	0.0021	0.0023	0.0002	0.0057	0.0051	0.0062
103	107	0.1767	5	0	1	0	0	0	0	0	0	N	N	N	N	N	N	N	N	N	N	N	N	48.4988	33.9052	67.2918	7.1512	6.8154	10.5357	53.1442	3.8386	73.1533	0.3407	0.3634	0.1308	0.0459	0.0465	0.0241	0.4776	0.5279	0.1415	0.0070	0.0107	0.0019	0.0064	0.0068	0.0023	0.0090	0.1375	0.0019	0.0390	0.5019	-0.0885	-0.0001	22.5884	7.0315	11.0115	1.2144	0.3546	0.3413	0.0133	0.0151	0.0149	0.0002	0.3395	0.3264	0.0131	0.0005	0.0003	0.0002	0.0002	0.0002	0.0000	0.0003	0.0002	0.0002	1.0409	0.9390	0.1018	0.3301	0.3208	0.0092	0.7108	0.6182	0.0926	0.1821	0.1017	0.0804	0.0323	0.0300	0.0023	0.1498	0.0717	0.0781	132.5789	118.6038	67.2918	9.0585	8.8075	10.5357	235.1088	247.0044	73.1533	0.0026	0.0031	0.0019	0.0051	0.0053	0.0023	0.0020	0.0021	0.0019
103	108	0.1431	4	0	1	0	0	0	0	0	0	N	N	N	N	N	N	N	N	N	N	N	N	1.9951	0.1292	89.7711	2.8595	2.7949	1.7615	1.7222	0.0278	113.3056	0.2846	0.0264	2.2237	0.0548	0.0564	0.0115	0.3350	0.0191	2.3503	0.1426	0.2045	0.0248	0.0192	0.0202	0.0065	0.1945	0.6866	0.0207	11.2014	0.7327	0.3241	-0.0013	22.5884	16.2725	11.0115	4.4748	0.5138	0.0421	0.4717	0.0178	0.0176	0.0001	0.4960	0.0245	0.4715	0.0062	0.0036	0.0026	0.0008	0.0008	0.0000	0.0054	0.0028	0.0026	1.8053	1.5932	0.2121	0.3245	0.3130	0.0115	1.4808	1.2802	0.2006	0.4710	0.2622	0.2088	0.0700	0.0663	0.0037	0.4010	0.1959	0.2051	21.6693	1.9409	177.5265	4.8099	4.8329	1.7615	24.9250	1.3385	186.0094	0.0131	0.0136	0.0125	0.0114	0.0117	0.0065	0.0134	0.0143	0.0126
103	109	0.1959	5	0	2	0	0	0	0	0	0	N	Y	N	N	N	N	N	N	N	N	N	N	1.8459	2.4913	3.6484	14.3422	14.0320	152.8035	1.3325	0.9999	4.4465	1.0823	0.9997	1.7178	1.7272	1.7399	1.5241	0.8894	0.7598	1.7437	0.5863	0.4013	0.4708	0.1204	0.1240	0.0100	0.6675	0.7599	0.3922	0.2232	3.0170	-0.4774	0.0069	22.5884	40.5309	11.0115	14.7974	4.5625	3.7299	0.8327	1.6759	1.5888	0.0871	2.8866	2.1411	0.7455	0.0560	0.0139	0.0420	0.0059	0.0058	0.0001	0.0501	0.0082	0.0419	4.2158	3.7311	0.4847	0.9703	0.9132	0.0572	3.2454	2.8179	0.4275	1.0846	0.5783	0.5063	0.1465	0.1368	0.0098	0.9380	0.4416	0.4965	20.9698	41.4889	20.6864	43.2436	41.3416	152.8035	16.6457	41.0189	20.6403	0.0516	0.0241	0.0830	0.0399	0.0421	0.0100	0.0534	0.0185	0.0845
103	110	0.1700	4	0	2	0	0	0	0	0	0	N	Y	N	N	N	N	N	N	N	N	N	N	0.6177	0.3920	1.4157	1.0520	1.0945	2.9922	0.3963	0.0990	1.7188	0.5130	0.3569	1.6699	0.9764	1.0212	0.4158	0.3657	0.1315	1.8920	0.8304	0.9105	1.1796	0.9281	0.9331	0.1390	0.9228	1.3287	1.1008	0.6310	1.1020	0.0830	-0.0058	22.5884	13.5236	11.0115	3.5331	0.8323	0.5103	0.3220	0.3820	0.3699	0.0121	0.4503	0.1404	0.3099	0.0555	0.0264	0.0291	0.0126	0.0122	0.0004	0.0429	0.0142	0.0287	1.6225	1.4297	0.1928	0.3912	0.3622	0.0290	1.2312	1.0674	0.1638	0.4123	0.2257	0.1866	0.0701	0.0656	0.0045	0.3422	0.1601	0.1821	3.8122	3.0522	10.7137	5.4444	5.4862	5.1396	2.9167	1.4840	11.9946	0.1346	0.1169	0.1559	0.1793	0.1861	0.0809	0.1254	0.0886	0.1577
103	111	0.1140	3	0	1	0	0	0	0	0	0	N	N	N	N	N	N	N	N	N	N	N	N	0.6661	0.5608	0.5331	0.5663	0.5649	25.3832	0.5764	0.9435	0.5261	1.7742	1.6441	2.7191	6.3432	6.5459	1.6132	0.9282	0.6371	2.7811	2.6636	2.9319	5.1006	11.2004	11.5880	0.0636	1.6103	0.6753	5.2861	0.2276	0.7046	-0.3216	-0.4431	22.5884	16.9399	11.0115	15.9768	3.1616	2.5754	0.5862	1.7659	1.7475	0.0185	1.3956	0.8279	0.5678	2.0611	1.2091	0.8520	1.2051	1.2049	0.0002	0.8560	0.0042	0.8518	1.7820	1.5664	0.2156	0.2784	0.2670	0.0114	1.5036	1.2995	0.2041	0.7738	0.4124	0.3614	0.1076	0.1040	0.0036	0.6662	0.3084	0.3578	0.6661	0.5608	1.1535	0.5663	0.5649	34.2979	0.7224	46.3986	1.1682	2.6636	2.9319	2.3573	11.2004	11.5880	0.0470	1.2849	0.0137	2.3806
103	112	0.2184	7	1	2	0	1	0	0	0	0	N	Y	N	N	N	N	N	N	N	N	N	N	0.0471	0.0411	0.0210	0.0735	0.0711	0.5392	0.0050	0.0005	0.0231	0.0416	0.0446	0.0206	0.1015	0.1026	0.0066	0.0048	0.0008	0.0211	0.8829	1.0846	0.9820	1.3807	1.4425	0.0123	0.9445	1.5352	0.9137	0.0658	0.4373	-0.0000	-0.0025	22.5884	0.0019	11.0115	1.9928	0.0000	0.0000	0.0000	0.0000	0.0000	0.0000	0.0000	0.0000	0.0000	0.0076	0.0053	0.0023	0.0029	0.0029	0.0000	0.0047	0.0024	0.0023	0.0005	0.0005	0.0001	0.0002	0.0002	0.0000	0.0003	0.0003	0.0001	0.0434	0.0255	0.0179	0.0092	0.0085	0.0008	0.0342	0.0171	0.0171	0.2375	0.2153	0.1590	0.3214	0.2982	0.5392	0.0347	0.0059	0.1563	0.1753	0.2072	0.1296	0.3159	0.3441	0.0123	0.1373	0.1395	0.1350
103	113	0.1948	6	1	2	0	1	0	0	0	0	N	Y	N	N	N	N	N	N	N	N	N	N	0.3120	0.3332	0.1603	17.4156	18.3732	0.6059	0.0283	0.0058	0.2036	0.2229	0.2408	0.1046	0.8943	0.9246	0.0194	0.0240	0.0077	0.1099	0.7146	0.7227	0.6525	0.0513	0.0503	0.0320	0.8489	1.3247	0.5396	0.0655	1.1598	-0.0529	-0.0024	22.5884	8.6942	11.0115	6.0502	0.2342	0.2198	0.0144	0.2148	0.2146	0.0002	0.0195	0.0052	0.0142	0.0261	0.0121	0.0140	0.0012	0.0011	0.0001	0.0249	0.0110	0.0139	1.0507	0.9130	0.1377	0.2401	0.2321	0.0080	0.8105	0.6809	0.1297	0.3137	0.1735	0.1402	0.0528	0.0483	0.0045	0.2609	0.1252	0.1357	2.6778	3.4557	1.0452	38.3658	40.3874	0.6984	0.2520	0.0876	1.0723	0.0833	0.0697	0.1001	0.0233	0.0229	0.0278	0.0954	0.0877	0.1025
103	114	0.2160	10	0	2	0	1	0	0	0	0	N	Y	N	N	N	N	N	N	N	N	N	N	0.0000	0.0000	0.0000	0.0000	0.0000	0.0000	0.0000	0.0000	0.0000	0.0000	0.0000	0.0000	0.0000	0.0000	0.0000	0.0000	0.0066	0.0012	0.0060	0.0008	0.0008	0.0000	0.0197	0.0000	0.0045	6.3354	0.0000	0.0000	22.5884	0.0001	11.0115	0.0001	0.0000	0.0000	0.0000	0.0000	0.0000	0.0000	0.0000	0.0000	0.0000	0.0000	0.0000	0.0000	0.0000	0.0000	0.0000	0.0000	0.0000	0.0000	0.0000	0.0000	0.0000	0.0000	0.0000	0.0000	0.0000	0.0000	0.0000	0.0000	0.0000	0.0000	0.0000	0.0000	0.0000	0.0000	0.0000	0.0000	0.0000	0.0000	0.0000	0.0000	0.0000	0.0000	0.0000	0.0000	0.0000	0.0024	0.0006	0.0043	0.0008	0.0008	0.0000	0.0036	0.0000	0.0043			
103	115	0.2093	9	0	2	0	1	0	0	0	0	N	Y	N	N	N	N	N	N	N	N	N	N	115.7886	636.1656	0.0663	229.5340	210.0904	16.4142	66.4531	inf	0.0634	2.3708	2.6817	0.0013	1.6276	1.7030	0.0043	2.5732	2.9764	0.0011	0.0205	0.0042	0.0201	0.0071	0.0081	0.0003	0.0387	0.0000	0.0168	0.0001	5.4582	-0.2206	0.0001	22.5884	3.0007	11.0115	1.0012	0.7685	0.7684	0.0000	0.1129	0.1129	0.0000	0.6555	0.6555	0.0000	0.0004	0.0001	0.0004	0.0001	0.0001	0.0000	0.0004	0.0000	0.0004	0.3241	0.2865	0.0376	0.0694	0.0663	0.0031	0.2547	0.2202	0.0345	0.0813	0.0446	0.0367	0.0131	0.0118	0.0013	0.0682	0.0328	0.0354	428.2900	1717.3041	0.1282	303.9114	287.7427	16.4142	461.9789	inf	0.0992	0.0055	0.0016	0.0104	0.0054	0.0059	0.0003	0.0056	0.0000	0.0107
103	116	0.2074	8	0	1	0	1	0	0	0	0	N	N	N	N	N	N	N	N	N	N	N	N	1.2999	0.3833	119.9335	13.5302	11.6154	499.4629	0.3757	0.0082	112.6931	0.0009	0.0007	0.0027	0.0017	0.0017	0.0037	0.0006	0.0003	0.0026	0.0007	0.0017	0.0000	0.0001	0.0001	0.0000	0.0017	0.0379	0.0000	0.5246	0.0233	0.0000	-0.0000	22.5884	1.1177	11.0115	0.0023	0.0001	0.0001	0.0000	0.0001	0.0000	0.0000	0.0001	0.0000	0.0000	0.0000	0.0000	0.0000	0.0000	0.0000	0.0000	0.0000	0.0000	0.0000	0.1266	0.1122	0.0143	0.0310	0.0296	0.0014	0.0956	0.0826	0.0130	0.0229	0.0125	0.0103	0.0037	0.0033	0.0004	0.0192	0.0092	0.0100	1.9912	0.8264	119.9335	13.5302	11.6154	499.4629	1.2193	0.2987	112.6931	0.0005	0.0008	0.0000	0.0001	0.0001	0.0000	0.0005	0.0010	0.0000
103	117	0.2044	4	0	2	0	0	0	0	0	0	N	Y	N	N	N	N	N	N	N	N	N	N	0.6023	0.9693	0.3909	3.6731	5.7530	0.1817	0.3970	0.3339	0.4162	0.7562	0.6312	1.7810	1.1670	1.2231	0.1220	0.5991	0.3840	2.0281	1.2555	0.6512	4.5567	0.3177	0.2126	0.6714	1.5089	1.1503	4.8728	0.3441	27.0039	-0.0788	0.3326	22.5884	31.2782	11.0115	23.9277	2.5340	1.8852	0.6488	1.0819	1.0761	0.0058	1.4521	0.8091	0.6430	0.9900	0.0354	0.9546	0.0135	0.0101	0.0034	0.9765	0.0252	0.9513	3.3510	2.9867	0.3643	0.9271	0.8799	0.0472	2.4239	2.1068	0.3171	1.0994	0.6158	0.4836	0.1997	0.1846	0.0151	0.8997	0.4311	0.4685	0.8398	10.9946	0.9023	17.2418	22.2916	0.5436	0.5519	6.5645	0.9989	0.9005	0.0574	1.9740	0.0677	0.0549	0.2244	1.0854	0.0585	2.0304
103	118	0.2074	8	0	1	1	1	0	0	0	0	N	N	N	N	N	N	N	N	N	N	N	N	146.3773	37.2010	5759.1807	2704.6926	734.8816	16969051.3081	68.1413	2.8366	4478.0957	1.8213	1.2210	6.4368	1.2289	0.3710	19.7670	1.9911	1.4904	5.1888	0.0124	0.0328	0.0011	0.0005	0.0005	0.0000	0.0292	0.5254	0.0012	0.6856	0.1489	0.0923	-0.0003	22.5884	3.8827	11.0115	2.9998	0.7715	0.4577	0.3138	0.1160	0.0335	0.0825	0.6555	0.4242	0.2313	0.0005	0.0005	0.0001	0.0000	0.0000	0.0000	0.0005	0.0005	0.0001	0.4236	0.3748	0.0488	0.0944	0.0902	0.0042	0.3292	0.2846	0.0446	0.1387	0.0761	0.0626	0.0222	0.0199	0.0022	0.1165	0.0561	0.0604	467.7699	197.5974	5759.1807	2704.6926	734.8816	16969051.3081	437.8362	181.8522	4478.0957	0.0039	0.0062	0.0011	0.0005	0.0005	0.0000	0.0045	0.0082	0.0012
103	119	0.2045	7	0	1	0	1	0	0	0	0	N	N	N	N	N	N	N	N	N	N	N	N	18713.4517	1857.5766	175146.2255	903.7046	852.8835	1939.3040	12257.9957	68.2320	192750.4292	0.9448	0.1098	7.9377	0.0936	0.0977	0.0055	1.2911	0.1152	9.0322	0.0001	0.0001	0.0000	0.0001	0.0001	0.0000	0.0001	0.0017	0.0000	8.6347	0.6863	0.2105	-0.0000	22.5884	2.8083	11.0115	0.0030	0.3457	0.0359	0.3098	0.0099	0.0099	0.0000	0.3358	0.0260	0.3098	0.0000	0.0000	0.0000	0.0000	0.0000	0.0000	0.0000	0.0000	0.0000	0.3659	0.3268	0.0390	0.1058	0.1011	0.0047	0.2601	0.2258	0.0343	0.0578	0.0316	0.0262	0.0093	0.0084	0.0009	0.0485	0.0232	0.0253	18713.4517	2004.0299	175146.2255	903.7046	852.8835	1939.3040	32029.0148	3471.5373	192750.4292	0.0001	0.0001	0.0000	0.0001	0.0001	0.0000	0.0000	0.0000	0.0000
103	120	0.2045	7	0	1	1	1	0	0	0	0	N	N	N	N	N	N	N	N	N	N	N	N	662.4943	738.7135	122.4526	72.1168	68.0466	54.2457	499.4246	23.6368	130.2266	0.0159	0.0175	0.0036	0.0032	0.0033	0.0000	0.0198	0.0223	0.0040	0.0000	0.0000	0.0000	0.0000	0.0000	0.0000	0.0000	0.0009	0.0000	0.0265	1.2835	-0.0045	-0.0000	22.5884	9.6158	11.0115	0.0030	0.0172	0.0168	0.0004	0.0008	0.0008	0.0000	0.0164	0.0160	0.0004	0.0000	0.0000	0.0000	0.0000	0.0000	0.0000	0.0000	0.0000	0.0000	1.0809	0.9591	0.1218	0.2530	0.2417	0.0113	0.8279	0.7174	0.1105	0.1940	0.1060	0.0881	0.0309	0.0278	0.0031	0.1631	0.0781	0.0850	662.4943	907.1138	122.4526	72.1168	68.0466	54.2457	979.1488	2546.6108	130.2266	0.0000	0.0000	0.0000	0.0000	0.0000	0.0000	0.0000	0.0000	0.0000
103	121	0.1948	6	0	1	0	1	0	0	0	0	N	N	N	N	N	N	N	N	N	N	N	N	2.5641	4.6251	18.1064	1.8455	2.3528	0.2404	2.9299	1.4669	23.9571	0.7727	0.6541	1.4834	0.0568	0.0579	0.0167	1.0268	0.9066	1.5585	0.3014	0.1414	0.0819	0.0308	0.0246	0.0695	0.3505	0.6181	0.0651	0.3785	2.1443	-0.0057	0.0002	22.5884	4.2457	11.0115	2.0144	0.4546	0.3298	0.1248	0.0088	0.0087	0.0001	0.4458	0.3211	0.1248	0.0029	0.0009	0.0020	0.0004	0.0003	0.0001	0.0025	0.0006	0.0019	0.5883	0.5042	0.0841	0.1541	0.1500	0.0041	0.4342	0.3542	0.0800	0.1444	0.0810	0.0633	0.0272	0.0253	0.0020	0.1171	0.0557	0.0614	38.1143	56.9383	47.0717	3.5119	4.2670	0.3366	48.3705	85.9783	50.3831	0.0203	0.0115	0.0315	0.0162	0.0136	0.0496	0.0212	0.0105	0.0309
103	122	0.1527	5	0	1	0	1	0	0	0	0	N	N	N	N	N	N	N	N	N	N	N	N	0.2839	0.1092	0.5005	2.2768	5.6009	0.0109	0.2818	0.0129	0.4882	0.5451	0.0823	3.7242	0.2876	0.2966	0.0111	0.6131	0.0177	3.9289	1.9202	0.7535	7.4410	0.1263	0.0530	1.0178	2.1753	1.3679	8.0483	6.5885	43.8535	0.4464	0.3437	22.5884	11.9190	11.0115	13.1740	0.7682	0.1012	0.6669	0.0846	0.0845	0.0001	0.6836	0.0167	0.6668	0.9837	0.0219	0.9618	0.0025	0.0014	0.0012	0.9812	0.0206	0.9606	1.4092	1.2302	0.1791	0.2942	0.2849	0.0094	1.1150	0.9453	0.1697	0.5123	0.2741	0.2382	0.0612	0.0574	0.0039	0.4511	0.2168	0.2343	0.2839	1.0285	0.9222	7.0190	12.5636	0.0372	0.2818	0.1864	0.9583	1.9202	0.0800	4.0384	0.0410	0.0236	0.2993	2.1753	0.0949	4.0999
103	123	0.5796	9	0	1	1	1	0	0	0	0	N	N	N	N	N	N	N	N	N	N	N	N	0.0018	0.0011	0.1076	0.1891	0.1603	4.6888	0.0013	0.0004	0.1335	0.0014	0.0011	0.0038	0.0016	0.0017	0.0003	0.0012	0.0007	0.0048	0.7681	1.0021	0.0354	0.0084	0.0104	0.0001	0.9706	1.8735	0.0357	0.3640	0.0679	-0.0000	-0.0151	22.5884	12.8936	11.0115	4.1514	0.0019	0.0014	0.0005	0.0009	0.0009	0.0000	0.0010	0.0005	0.0005	0.0267	0.0250	0.0017	0.0006	0.0006	0.0000	0.0262	0.0245	0.0017	1.4053	1.2687	0.1366	0.5816	0.5521	0.0295	0.8237	0.7166	0.1071	0.2593	0.1601	0.0993	0.0889	0.0789	0.0100	0.1704	0.0811	0.0893	0.0134	0.0072	0.2221	0.2575	0.2386	4.6888	0.0081	0.0024	0.2501	0.1031	0.1565	0.0171	0.0062	0.0070	0.0001	0.1537	0.3018	0.0190
103	124	0.1680	6	0	2	0	0	0	0	0	0	N	Y	N	N	N	N	N	N	N	N	N	N	1.2039	0.1298	174.8137	6.0527	5.6101	1.6690	1.1494	0.0260	218.2039	0.5279	0.0787	3.9738	0.2416	0.2509	0.0050	0.6006	0.0301	4.2572	0.4385	0.6063	0.0227	0.0399	0.0447	0.0030	0.5225	1.1558	0.0195	6.5816	0.2021	0.4299	-0.0067	22.5884	12.7386	11.0115	8.7370	0.7401	0.0976	0.6424	0.0686	0.0685	0.0001	0.6715	0.0291	0.6424	0.0145	0.0120	0.0024	0.0011	0.0011	0.0000	0.0133	0.0109	0.0024	1.4020	1.2403	0.1617	0.2839	0.2732	0.0108	1.1180	0.9671	0.1509	0.4475	0.2399	0.2076	0.0595	0.0559	0.0036	0.3880	0.1840	0.2040	16.3296	1.5689	339.2510	12.6127	12.4235	1.6690	17.4860	0.5071	358.7253	0.0323	0.0502	0.0117	0.0192	0.0202	0.0030	0.0343	0.0593	0.0119
103	125	0.1527	5	0	2	0	0	0	0	0	0	N	Y	N	N	N	N	N	N	N	N	N	N	1.8824	0.2264	148.0816	1.0110	1.0099	5.0973	5.5605	0.0137	185.4503	0.2170	0.0652	1.2298	0.2407	0.2475	0.0091	0.2102	0.0051	1.2926	0.1153	0.2878	0.0083	0.2380	0.2451	0.0018	0.0378	0.3731	0.0070	2.8293	0.2740	0.1057	-0.0011	22.5884	8.6431	11.0115	1.4782	0.2340	0.0611	0.1729	0.0576	0.0575	0.0001	0.1765	0.0036	0.1729	0.0026	0.0020	0.0006	0.0016	0.0016	0.0000	0.0010	0.0005	0.0006	1.0786	0.9379	0.1406	0.2392	0.2323	0.0069	0.8393	0.7056	0.1337	0.2181	0.1170	0.1011	0.0280	0.0263	0.0016	0.1901	0.0907	0.0994	18.3277	3.7624	223.7972	4.3007	4.1721	5.0973	39.2899	0.9979	232.6526	0.0118	0.0173	0.0055	0.0560	0.0593	0.0018	0.0054	0.0051	0.0056
103	126	0.1431	4	0	1	0	0	0	0	0	0	N	N	N	N	N	N	N	N	N	N	N	N	3.0523	2.2377	34.6332	9.6614	10.5814	0.1898	1.5482	0.0254	43.8899	1.4275	1.0939	4.1131	4.2672	4.3727	0.0305	0.5980	0.0127	4.3267	0.4677	0.4888	0.1188	0.4417	0.4132	0.1605	0.3863	0.5014	0.0986	0.4671	0.8779	0.0249	-0.0009	22.5884	4.1618	11.0115	2.0491	0.7959	0.5425	0.2534	0.5378	0.5377	0.0001	0.2581	0.0047	0.2533	0.0058	0.0031	0.0027	0.0027	0.0026	0.0001	0.0031	0.0005	0.0026	0.5575	0.4959	0.0616	0.1260	0.1230	0.0031	0.4315	0.3730	0.0585	0.1663	0.0976	0.0687	0.0321	0.0309	0.0012	0.1341	0.0667	0.0675	40.7094	34.3771	103.6692	50.3941	51.7107	0.3479	25.7915	1.7216	111.5191	0.0351	0.0318	0.0397	0.0847	0.0846	0.0876	0.0232	0.0074	0.0388
103	127	0.1140	3	0	1	0	0	0	0	0	0	N	N	N	N	N	N	N	N	N	N	N	N	0.8468	1.0421	0.8752	6.6192	7.8509	0.0195	0.5072	0.1888	0.9014	1.2108	0.7083	4.8276	3.0136	3.1427	0.0170	0.8772	0.2079	5.0962	1.4299	0.6797	5.5163	0.4553	0.4003	0.8685	1.7293	1.1011	5.6533	0.9469	36.3874	0.2453	0.1965	22.5884	9.4810	11.0115	7.4917	1.2314	0.6325	0.5989	0.4786	0.4785	0.0001	0.7528	0.1540	0.5988	0.5697	0.0152	0.5545	0.0068	0.0063	0.0006	0.5629	0.0090	0.5539	1.0170	0.8930	0.1241	0.1588	0.1523	0.0066	0.8582	0.7407	0.1175	0.4541	0.2460	0.2080	0.0778	0.0757	0.0020	0.3763	0.1703	0.2060	0.9650	11.4361	1.8113	34.3475	37.9665	0.0624	0.5864	3.9473	1.8952	1.2547	0.0619	2.6652	0.0877	0.0828	0.2717	1.4960	0.0527	2.6890
103	128	0.5919	10	1	2	0	0	0	0	0	0	N	Y	N	N	N	N	N	N	N	N	N	N	0.8286	766.6973	0.0010	1207.7378	1133.0260	inf	0.1455	5.6552	0.0006	0.0082	0.0092	0.0000	0.0126	0.0133	0.0000	0.0052	0.0060	0.0000	0.0100	0.0000	0.0169	0.0000	0.0000	0.0000	0.0357	0.0011	0.0151	0.0002	446.4373	-0.0005	0.0001	22.5884	2.0107	11.0115	1.9995	0.0017	0.0017	0.0000	0.0011	0.0011	0.0000	0.0006	0.0006	0.0000	0.0002	0.0000	0.0002	0.0000	0.0000	0.0000	0.0002	0.0000	0.0002	0.2080	0.1868	0.0212	0.0860	0.0813	0.0047	0.1220	0.1054	0.0165	0.0580	0.0366	0.0214	0.0213	0.0189	0.0024	0.0367	0.0177	0.0190	2.5031	786.6685	0.0019	1207.7378	1133.0260	inf	0.9979	517.6515	0.0009	0.0033	0.0000	0.0089	0.0000	0.0000	0.0000	0.0052	0.0000	0.0100
103	129	0.5796	9	1	2	0	0	0	0	0	0	N	Y	N	N	N	N	N	N	N	N	N	N	0.1633	0.2939	0.0630	0.0226	0.0207	0.0051	0.1546	0.0672	0.0796	0.0212	0.0232	0.0024	0.0002	0.0002	0.0000	0.0374	0.0424	0.0030	0.1301	0.0788	0.0377	0.0078	0.0089	0.0001	0.2419	0.6311	0.0381	0.0105	1.3014	-0.0040	-0.0001	22.5884	5.6459	11.0115	1.1399	0.0145	0.0143	0.0002	0.0001	0.0001	0.0000	0.0144	0.0143	0.0002	0.0014	0.0006	0.0008	0.0002	0.0002	0.0000	0.0012	0.0004	0.0008	0.6827	0.6195	0.0632	0.2963	0.2826	0.0137	0.3864	0.3369	0.0495	0.1124	0.0689	0.0435	0.0397	0.0357	0.0041	0.0727	0.0333	0.0394	1.7074	2.6277	0.1307	0.0306	0.0288	0.0051	2.3233	3.7178	0.1515	0.0124	0.0088	0.0182	0.0057	0.0064	0.0001	0.0161	0.0114	0.0200
103	130	0.5493	8	0	1	0	0	0	0	0	0	N	N	N	N	N	N	N	N	N	N	N	N	0.3500	0.3926	0.2578	0.4734	0.4548	7.0644	0.4082	0.5459	0.2100	0.2134	0.2281	0.0930	0.1680	0.1673	0.1785	0.2501	0.2821	0.0639	0.6096	0.5809	0.3608	0.3548	0.3678	0.0253	0.6127	0.5168	0.3041	0.0498	1.0046	-0.0774	-0.0023	22.5884	11.6079	11.0115	5.3766	0.3229	0.3076	0.0153	0.1137	0.1062	0.0075	0.2093	0.2014	0.0078	0.0184	0.0092	0.0092	0.0087	0.0085	0.0002	0.0097	0.0007	0.0090	1.5134	1.3488	0.1646	0.6767	0.6349	0.0418	0.8367	0.7140	0.1228	0.3329	0.2017	0.1312	0.1197	0.1093	0.0104	0.2132	0.0923	0.1209	3.8545	5.0026	1.3217	2.3073	2.1601	7.4590	5.4887	35.7784	0.8591	0.0554	0.0456	0.0704	0.0728	0.0774	0.0239	0.0456	0.0079	0.0744
103	131	0.5314	7	0	1	0	0	0	0	0	0	N	N	N	N	N	N	N	N	N	N	N	N	0.3090	0.2392	0.0928	0.1313	0.1286	0.2689	0.4749	0.7378	0.0734	0.5664	0.6060	0.2911	0.5534	0.5609	0.4573	0.5768	0.6461	0.2343	1.8334	2.5339	3.1368	4.2142	4.3628	1.7008	1.2145	0.8757	3.1923	0.0691	0.1575	-0.0733	-0.3266	22.5884	3.9355	11.0115	8.7078	0.3295	0.3081	0.0213	0.1426	0.1341	0.0085	0.1868	0.1741	0.0128	0.6635	0.5732	0.0903	0.5750	0.5708	0.0043	0.0885	0.0025	0.0860	0.5816	0.5085	0.0732	0.2577	0.2390	0.0186	0.3240	0.2694	0.0545	0.3619	0.2262	0.1357	0.1480	0.1382	0.0098	0.2139	0.0880	0.1259	0.3090	0.2392	0.4375	0.1424	0.1358	1.0449	1.3948	23.1044	0.3431	1.8334	2.5339	0.6653	3.8857	4.1291	0.4377	0.4135	0.0280	0.6829
103	132	0.5198	6	0	1	0	0	0	0	0	0	N	N	N	N	N	N	N	N	N	N	N	N	0.1839	0.1204	0.1693	0.0876	0.0843	0.2275	0.2328	0.2225	0.1760	0.3040	0.2817	0.4491	0.3646	0.3594	0.4197	0.2549	0.2119	0.4610	1.6533	2.3390	2.6537	4.1611	4.2619	1.8449	1.0949	0.9527	2.6193	0.2456	0.1111	-0.0258	-0.2327	22.5884	6.2657	11.0115	3.9760	0.2866	0.2301	0.0565	0.1539	0.1388	0.0152	0.1327	0.0913	0.0413	0.4404	0.3963	0.0440	0.3979	0.3939	0.0041	0.0424	0.0024	0.0400	0.9427	0.8169	0.1258	0.4222	0.3860	0.0361	0.5205	0.4308	0.0897	0.2685	0.1694	0.0990	0.1091	0.1001	0.0090	0.1594	0.0694	0.0900	0.1853	0.1204	1.0097	0.0999	0.0913	0.9310	0.9571	6.0029	1.0378	1.6404	2.3390	0.4448	3.6480	3.9354	0.4508	0.2663	0.0353	0.4442
103	133	0.4425	5	0	1	0	0	0	0	0	0	N	N	N	N	N	N	N	N	N	N	N	N	0.5094	0.2540	0.7735	0.4599	0.5583	0.0827	0.4484	0.0454	0.8720	0.9952	0.2575	6.9467	0.5236	0.5377	0.3234	1.2883	0.0688	8.9064	1.9535	1.0139	8.9804	1.1385	0.9631	3.9118	2.8731	1.5161	10.2138	3.3438	18.3411	1.4510	0.6209	22.5884	26.7012	11.0115	18.2690	3.0063	0.6921	2.3142	0.6061	0.5815	0.0246	2.4002	0.1106	2.2896	1.9406	0.1003	1.8403	0.0818	0.0615	0.0204	1.8588	0.0389	1.8199	3.0208	2.6876	0.3331	1.1577	1.0816	0.0761	1.8631	1.6060	0.2571	0.9934	0.6104	0.3829	0.3464	0.3172	0.0292	0.6470	0.2932	0.3538	0.5094	1.5667	1.4455	2.2166	2.7753	0.4630	0.4484	0.5192	1.7314	1.9535	0.1644	4.8056	0.2362	0.1937	0.6983	2.8731	0.1326	5.1442
103	134	0.2044	4	0	1	0	0	0	0	0	0	N	N	N	N	N	N	N	N	N	N	N	N	0.4258	0.4171	0.2517	0.1884	0.1585	1.5868	0.4213	0.3342	0.2337	0.5291	0.4635	1.0732	0.3168	0.2635	1.3199	0.6050	0.5413	1.0385	1.2428	1.1111	4.2641	1.6818	1.6627	0.8318	1.4358	1.6197	4.4438	0.2793	5.9407	-0.2141	0.3794	22.5884	61.4372	11.0115	55.8589	3.1126	2.4330	0.6796	0.4905	0.3874	0.1031	2.6221	2.0456	0.5765	1.6672	0.2402	1.4270	0.1229	0.1170	0.0059	1.5443	0.1232	1.4211	5.8824	5.2491	0.6333	1.5482	1.4701	0.0781	4.3341	3.7790	0.5551	1.9105	1.0517	0.8587	0.2876	0.2644	0.0232	1.6229	0.7873	0.8356	0.6064	2.0295	0.6459	0.7415	0.5956	5.2014	0.6358	3.4590	0.6106	0.8726	0.2284	1.6617	0.4272	0.4424	0.2538	0.9516	0.1565	1.7007
103	135	0.1140	3	0	1	0	0	0	0	0	0	N	N	N	N	N	N	N	N	N	N	N	N	0.7983	1.3432	0.4259	3.7428	4.1805	1.4448	0.6007	0.6395	0.4367	0.9022	0.8085	1.5949	1.5757	1.6284	0.3340	0.7773	0.6402	1.6661	1.1301	0.6020	3.7444	0.4210	0.3895	0.2312	1.2940	1.0012	3.8151	0.2666	20.3818	-0.2225	0.1994	22.5884	31.7621	11.0115	18.5886	2.9030	2.2919	0.6111	0.7931	0.7863	0.0068	2.1099	1.5057	0.6043	0.6137	0.0287	0.5850	0.0112	0.0107	0.0006	0.6024	0.0180	0.5844	3.2178	2.8347	0.3832	0.5033	0.4828	0.0205	2.7145	2.3518	0.3627	1.0967	0.5813	0.5154	0.1373	0.1321	0.0052	0.9594	0.4491	0.5103	1.6123	16.3749	1.4053	19.2512	20.1848	2.9857	1.2378	15.9383	1.4547	0.5596	0.0494	1.1349	0.0819	0.0807	0.1119	0.6279	0.0402	1.1453
104	106	0.1389	5	0	1	0	0	0	0	0	0	N	N	N	N	N	N	N	N	N	N	N	N	916.2149	641.9667	3469.8266	7.3383	6.4642	2691.0088	865.7879	137.8690	3795.3075	0.3602	0.2696	1.0854	0.0081	0.0078	0.0151	0.4830	0.3701	1.2140	0.0004	0.0004	0.0003	0.0011	0.0012	0.0000	0.0006	0.0027	0.0003	0.5034	0.8412	0.0198	-0.0000	11.8100	20.0414	8.7888	7.0324	0.4157	0.2765	0.1392	0.0024	0.0022	0.0002	0.4133	0.2743	0.1390	0.0001	0.0001	0.0000	0.0000	0.0000	0.0000	0.0001	0.0000	0.0000	1.1541	1.0259	0.1283	0.2984	0.2846	0.0138	0.8557	0.7412	0.1145	0.3273	0.1756	0.1517	0.0418	0.0384	0.0034	0.2855	0.1372	0.1483	1134.9020	838.7831	3469.8266	7.3383	6.4642	2691.0088	2395.0997	5010.3236	3795.3075	0.0003	0.0003	0.0003	0.0011	0.0012	0.0000	0.0002	0.0001	0.0003
104	107	0.1289	4	0	0	0	0	0	0	0	0	N	N	N	N	N	N	N	N	N	N	N	N	1376.1587	1670.5631	9.7469	76.4597	73.3758	30.7799	1395.9588	434.8471	10.2263	1.8244	2.0257	0.0080	0.1210	0.1248	0.0024	2.5872	2.9753	0.0086	0.0013	0.0012	0.0008	0.0016	0.0017	0.0001	0.0019	0.0068	0.0008	0.0004	1.0606	-0.2904	-0.0000	11.8100	7.0315	8.7888	1.2144	1.0128	1.0124	0.0004	0.0208	0.0208	0.0000	0.9921	0.9916	0.0004	0.0001	0.0000	0.0000	0.0000	0.0000	0.0000	0.0001	0.0000	0.0000	0.5552	0.4998	0.0554	0.1717	0.1665	0.0052	0.3834	0.3333	0.0502	0.1120	0.0616	0.0504	0.0171	0.0158	0.0012	0.0950	0.0458	0.0492	2535.7810	3190.8327	9.7469	76.4597	73.3758	30.7799	4584.4206	11158.9650	10.2263	0.0007	0.0006	0.0008	0.0016	0.0017	0.0001	0.0006	0.0003	0.0008
104	108	0.0953	3	0	0	0	0	0	0	0	0	N	N	N	N	N	N	N	N	N	N	N	N	117.4326	4.3314	1268.5852	13.5802	13.1008	12.5064	83.9452	0.3096	1705.0828	1.0791	0.0204	8.8081	0.0614	0.0635	0.0085	1.2743	0.0111	9.2692	0.0092	0.0047	0.0069	0.0045	0.0048	0.0007	0.0152	0.0360	0.0054	59.2723	2.3128	0.7163	0.0001	11.8100	16.2725	8.7888	4.4748	1.0288	0.0171	1.0117	0.0094	0.0094	0.0000	1.0194	0.0077	1.0117	0.0009	0.0003	0.0006	0.0001	0.0001	0.0000	0.0008	0.0001	0.0006	0.9534	0.8385	0.1149	0.1534	0.1477	0.0057	0.8000	0.6908	0.1091	0.2934	0.1609	0.1325	0.0366	0.0348	0.0018	0.2568	0.1261	0.1307	350.0697	11.9976	1848.3616	15.3362	15.1956	12.5064	431.8559	11.0068	1922.4375	0.0031	0.0017	0.0048	0.0040	0.0042	0.0007	0.0030	0.0010	0.0048
104	109	0.1481	4	0	1	0	0	0	0	0	0	N	N	N	N	N	N	N	N	N	N	N	N	19.8633	31.4156	118.4880	75.3329	68.1707	283.2959	8.8020	1.7874	146.4461	0.6945	0.4366	2.6086	1.4208	1.3611	2.0927	0.4622	0.1242	2.7116	0.0350	0.0139	0.0220	0.0189	0.0200	0.0074	0.0525	0.0695	0.0185	0.8051	2.7301	0.2498	0.0005	11.8100	40.5309	8.7888	14.7974	1.5720	0.8709	0.7011	0.7792	0.6856	0.0936	0.7928	0.1852	0.6076	0.0050	0.0013	0.0037	0.0010	0.0009	0.0000	0.0041	0.0004	0.0036	2.2637	1.9949	0.2688	0.5484	0.5037	0.0447	1.7152	1.4912	0.2241	0.6879	0.3650	0.3229	0.0841	0.0789	0.0052	0.6038	0.2861	0.3177	95.1423	118.3621	229.2293	125.6434	117.6757	283.2959	68.5711	81.9727	236.9129	0.0073	0.0037	0.0114	0.0113	0.0116	0.0074	0.0067	0.0015	0.0114
104	110	0.1221	3	0	1	0	0	0	0	0	0	N	N	N	N	N	N	N	N	N	N	N	N	0.2084	0.1490	2.1336	0.3853	0.3384	2.8698	0.0861	0.0380	1.2572	0.1391	0.1204	0.2677	0.3683	0.3248	0.6959	0.0519	0.0414	0.1220	0.6677	0.8079	0.1255	0.9556	0.9598	0.2425	0.6030	1.0871	0.0970	0.3239	0.3627	-0.0054	-0.0067	11.8100	13.5236	8.7888	3.5331	0.1269	0.0958	0.0310	0.0926	0.0721	0.0205	0.0343	0.0237	0.0106	0.0185	0.0135	0.0049	0.0086	0.0082	0.0005	0.0098	0.0054	0.0045	0.9119	0.7960	0.1160	0.2514	0.2220	0.0294	0.6605	0.5740	0.0865	0.2686	0.1474	0.1212	0.0463	0.0424	0.0038	0.2223	0.1049	0.1174	2.0242	1.3098	6.6042	1.9777	1.6887	5.8791	1.1726	0.8061	3.2105	0.0687	0.0919	0.0405	0.1862	0.1923	0.1184	0.0443	0.0513	0.0380
104	111	0.0662	2	0	0	0	0	0	0	0	0	N	N	N	N	N	N	N	N	N	N	N	N	1.1231	0.7373	1.8376	1.5022	1.5124	16.9148	0.9889	0.6057	1.8604	3.0241	1.0504	16.9552	5.3057	5.4025	3.2112	2.6655	0.2932	17.6537	2.6927	1.4248	9.2266	3.5320	3.5722	0.1898	2.6953	0.4840	9.4891	2.2867	6.9332	1.1613	0.3290	11.8100	16.9399	8.7888	15.9768	2.8420	0.8647	1.9773	0.6772	0.6591	0.0181	2.1648	0.2056	1.9592	1.3396	0.1689	1.1707	0.1676	0.1675	0.0001	1.1720	0.0014	1.1706	0.9398	0.8232	0.1166	0.1276	0.1220	0.0056	0.8122	0.7012	0.1110	0.4975	0.2593	0.2382	0.0627	0.0613	0.0013	0.4348	0.1980	0.2369	1.1231	1.6131	3.4494	1.9835	1.9789	32.6569	0.9889	41.4609	3.5721	2.6927	0.6512	4.9153	2.6750	2.7301	0.0983	2.6953	0.0071	4.9420
104	112	0.1705	6	1	1	0	1	0	0	0	0	N	N	N	N	N	N	N	N	N	N	N	N	0.0124	0.0115	0.0043	0.0143	0.0146	0.0000	0.0027	0.0020	0.0047	0.0112	0.0117	0.0078	0.0256	0.0261	0.0000	0.0025	0.0011	0.0082	0.9077	1.0158	1.8242	1.7965	1.7878	0.0007	0.9346	0.5671	1.7543	0.0969	1.0890	-0.0000	-0.0006	11.8100	0.0019	8.7888	1.9928	0.0000	0.0000	0.0000	0.0000	0.0000	0.0000	0.0000	0.0000	0.0000	0.0054	0.0026	0.0028	0.0025	0.0025	0.0000	0.0029	0.0001	0.0028	0.0003	0.0002	0.0000	0.0001	0.0001	0.0000	0.0002	0.0001	0.0000	0.0269	0.0156	0.0113	0.0050	0.0046	0.0004	0.0219	0.0110	0.0109	0.0561	0.0709	0.0314	0.0521	0.0484	0.0000	0.0188	0.1250	0.0317	0.2001	0.1653	0.2482	0.4920	0.5389	0.0007	0.1329	0.0090	0.2582
104	113	0.1470	5	1	1	0	1	0	0	0	0	N	N	N	N	N	N	N	N	N	N	N	N	3.2937	6.5790	2.2442	47.1371	43.7546	0.0265	0.3366	0.0515	2.9575	0.0810	0.0871	0.0404	0.3260	0.3380	0.0000	0.0157	0.0107	0.0428	0.0246	0.0132	0.0180	0.0069	0.0077	0.0005	0.0467	0.2086	0.0145	0.0693	2.1528	-0.0099	0.0001	11.8100	8.6942	8.7888	6.0502	0.0446	0.0417	0.0029	0.0378	0.0378	0.0000	0.0068	0.0039	0.0029	0.0012	0.0004	0.0008	0.0002	0.0002	0.0000	0.0011	0.0002	0.0008	0.5509	0.4793	0.0716	0.1159	0.1118	0.0041	0.4350	0.3675	0.0675	0.2002	0.1106	0.0897	0.0313	0.0286	0.0026	0.1690	0.0819	0.0870	13.0454	24.4123	4.2657	61.7846	59.1093	0.0265	2.4639	3.8167	4.3988	0.0062	0.0036	0.0095	0.0053	0.0057	0.0005	0.0064	0.0028	0.0097
104	114	0.1681	9	0	1	0	1	0	0	0	0	N	N	N	N	N	N	N	N	N	N	N	N	0.0000	0.0000	0.0000	0.0000	0.0000	0.0000	0.0000	0.0000	0.0000	0.0000	0.0000	0.0000	0.0000	0.0000	0.0000	0.0000	0.0022	0.0024	0.0011	0.0012	0.0012	0.0000	0.0034	0.0000	0.0011	1.0000	0.0000	-0.0000	11.8100	0.0001	8.7888	0.0001	0.0000	0.0000	0.0000	0.0000	0.0000	0.0000	0.0000	0.0000	0.0000	0.0000	0.0000	0.0000	0.0000	0.0000	0.0000	0.0000	0.0000	0.0000	0.0000	0.0000	0.0000	0.0000	0.0000	0.0000	0.0000	0.0000	0.0000	0.0000	0.0000	0.0000	0.0000	0.0000	0.0000	0.0000	0.0000	0.0000	0.0000	0.0000	0.0000	0.0000	0.0000	0.0000	0.0000	0.0000	0.0000	0.0010	0.0010	0.0011	0.0012	0.0012	0.0000	0.0009	0.0000	0.0011			
104	115	0.1614	8	0	1	0	1	0	0	0	0	N	N	N	N	N	N	N	N	N	N	N	N	246.6791	278.2582	0.0000	0.0287	0.0252	355.2499	inf	0.0000	1.5462	1.7546	0.0000	0.0003	0.0003	0.0000	1.9244	2.2284	0.0000	0.0063	0.0063	0.0025	0.0110	0.0131	0.0000	0.0054	0.0000	0.0026	0.0000	0.9943	-0.0759	-0.0000	11.8100	3.0007	8.7888	1.0012	0.2644	0.2644	0.0000	0.0000	0.0000	0.0000	0.2644	0.2644	0.0000	0.0001	0.0001	0.0001	0.0001	0.0001	0.0000	0.0001	0.0000	0.0001	0.1710	0.1507	0.0203	0.0336	0.0320	0.0016	0.1374	0.1187	0.0187	0.0523	0.0288	0.0235	0.0079	0.0071	0.0008	0.0444	0.0216	0.0228	672.1806	836.4363	0.0000	0.0413	0.0391	0.0000	1424.0907	inf	0.0000	0.0023	0.0021	0.0025	0.0076	0.0084	0.0000	0.0014	0.0000	0.0026	
104	116	0.1595	7	0	0	0	1	0	0	0	0	N	N	N	N	N	N	N	N	N	N	N	N	18.4401	10.3742	75.6741	89.6668	84.7359	4.4692	0.1339	80.4508	0.0005	0.0005	0.0003	0.0012	0.0012	0.0000	0.0003	0.0003	0.0003	0.0000	0.0001	0.0000	0.0000	0.0000	0.0000	0.0001	0.0022	0.0000	0.0735	0.0693	-0.0000	-0.0000	11.8100	1.1177	8.7888	0.0023	0.0000	0.0000	0.0000	0.0000	0.0000	0.0000	0.0000	0.0000	0.0000	0.0000	0.0000	0.0000	0.0000	0.0000	0.0000	0.0000	0.0000	0.0000	0.0668	0.0590	0.0077	0.0152	0.0145	0.0007	0.0515	0.0445	0.0070	0.0147	0.0081	0.0066	0.0022	0.0020	0.0002	0.0125	0.0061	0.0064	18.4401	11.4117	75.6741	89.6668	84.7359	0.0000	10.1860	5.2660	80.4508	0.0000	0.0000	0.0000	0.0000	0.0000	0.0000	0.0000	0.0001	0.0000	
104	117	0.1565	3	0	1	0	0	0	0	0	0	N	N	N	N	N	N	N	N	N	N	N	N	0.1115	0.1091	0.6463	0.5195	0.5317	0.3243	0.0358	0.0097	0.8539	0.0391	0.0390	0.0403	0.1245	0.1303	0.0069	0.0087	0.0034	0.0446	0.3507	0.3571	0.0623	0.2396	0.2450	0.0211	0.2434	0.3446	0.0522	0.1256	0.9751	-0.0120	-0.0023	11.8100	31.2782	8.7888	23.9277	0.0685	0.0609	0.0076	0.0572	0.0571	0.0001	0.0113	0.0038	0.0075	0.0170	0.0086	0.0084	0.0075	0.0073	0.0002	0.0095	0.0013	0.0082	1.7523	1.5626	0.1897	0.4599	0.4383	0.0216	1.2924	1.1243	0.1681	0.7236	0.4076	0.3159	0.1329	0.1224	0.0104	0.5907	0.2852	0.3055	1.6651	1.8459	1.5172	2.2116	2.1977	0.3243	0.5416	0.7127	1.6674	0.0235	0.0211	0.0265	0.0563	0.0593	0.0211	0.0161	0.0047	0.0267
104	118	0.1595	7	0	0	1	1	0	0	0	0	N	N	N	N	N	N	N	N	N	N	N	N	10675.1944	6184.8310	1372879.8713	1023.2412	965.8670	inf	4181.8540	250.3946	1444907.6078	1.1968	1.3461	0.0794	0.0003	0.0003	0.0000	1.5063	1.7303	0.0865	0.0001	0.0002	0.0000	0.0000	0.0000	0.0000	0.0004	0.0069	0.0000	0.0079	0.0002	-0.0747	-0.0000	11.8100	3.8827	8.7888	2.9998	0.2675	0.2654	0.0021	0.0000	0.0000	0.0000	0.2675	0.2654	0.0021	0.0000	0.0000	0.0000	0.0000	0.0000	0.0000	0.0000	0.0000	0.0000	0.2235	0.1972	0.0263	0.0459	0.0438	0.0021	0.1776	0.1534	0.0242	0.0892	0.0490	0.0402	0.0134	0.0121	0.0013	0.0758	0.0369	0.0389	10675.1944	6598.0618	1372879.8713	1023.2412	965.8670	inf	11420.4987	6392.4847	1444907.6078	0.0001	0.0002	0.0000	0.0000	0.0000	0.0000	0.0001	0.0003	0.0000
104	119	0.1566	6	0	0	0	1	0	0	0	0	N	N	N	N	N	N	N	N	N	N	N	N	12030.4513	6582.5697	55887.4036	7047.2182	6671.3009	inf	13415.7236	5.0700	61238.5662	0.0925	0.0479	0.4568	0.1501	0.1574	0.0002	0.0705	0.0022	0.5174	0.0000	0.0000	0.0000	0.0000	0.0000	0.0000	0.0000	0.0004	0.0000	1.1647	0.9276	0.0045	-0.0000	11.8100	2.8083	8.7888	0.0030	0.0179	0.0083	0.0096	0.0080	0.0080	0.0000	0.0099	0.0003	0.0096	0.0000	0.0000	0.0000	0.0000	0.0000	0.0000	0.0000	0.0000	0.0000	0.1935	0.1724	0.0211	0.0533	0.0508	0.0025	0.1402	0.1216	0.0186	0.0372	0.0203	0.0168	0.0056	0.0051	0.0005	0.0315	0.0153	0.0163	12030.4513	6582.5697	55887.4036	7047.2182	6671.3009	inf	13415.7236	1168.1125	61238.5662	0.0000	0.0000	0.0000	0.0000	0.0000	0.0000	0.0000	0.0000	0.0000
104	120	0.1566	6	0	0	1	1	0	0	0	0	N	N	N	N	N	N	N	N	N	N	N	N	57.4890	29.9692	141.6773	1.7957	1.6843	inf	475.5302	7.2123	149.6473	0.0008	0.0009	0.0005	0.0002	0.0002	0.0000	0.0010	0.0011	0.0005	0.0000	0.0000	0.0000	0.0001	0.0001	0.0000	0.0000	0.0002	0.0000	0.0755	0.1260	-0.0001	-0.0000	11.8100	9.6158	8.7888	0.0030	0.0005	0.0004	0.0000	0.0000	0.0000	0.0000	0.0005	0.0004	0.0000	0.0000	0.0000	0.0000	0.0000	0.0000	0.0000	0.0000	0.0000	0.0000	0.5707	0.5049	0.0658	0.1243	0.1185	0.0058	0.4464	0.3865	0.0600	0.1248	0.0683	0.0565	0.0187	0.0169	0.0018	0.1061	0.0514	0.0547	57.4890	37.2224	141.6773	1.7957	1.6843	inf	475.5302	2175.5186	149.6473	0.0000	0.0000	0.0000	0.0001	0.0001	0.0000	0.0000	0.0000	0.0000
104	121	0.1470	5	0	0	0	1	0	0	0	0	N	N	N	N	N	N	N	N	N	N	N	N	25.5378	3.6323	316.7587	14.5820	13.8093	49.8202	19.2020	0.0830	328.4453	0.0480	0.0077	0.2992	0.0246	0.0244	0.0320	0.0556	0.0013	0.3132	0.0019	0.0021	0.0009	0.0017	0.0018	0.0006	0.0029	0.0159	0.0010	6.2664	0.7999	0.0085	-0.0000	11.8100	4.2457	8.7888	2.0144	0.0147	0.0020	0.0127	0.0018	0.0018	0.0001	0.0129	0.0003	0.0126	0.0001	0.0000	0.0000	0.0000	0.0000	0.0000	0.0001	0.0000	0.0000	0.3068	0.2643	0.0425	0.0750	0.0729	0.0021	0.2318	0.1914	0.0404	0.0920	0.0515	0.0405	0.0163	0.0151	0.0011	0.0758	0.0364	0.0393	51.3629	8.2703	316.7587	14.5820	13.8093	49.8202	71.8516	2.2675	328.4453	0.0009	0.0009	0.0009	0.0017	0.0018	0.0006	0.0008	0.0006	0.0010
104	122	0.1048	4	0	0	0	1	0	0	0	0	N	N	N	N	N	N	N	N	N	N	N	N	0.0642	0.1894	0.5413	5.6018	5.1477	4.5054	0.0343	0.0005	0.7028	0.0261	0.0143	0.1068	0.0649	0.0670	0.0042	0.0169	0.0003	0.1122	0.4064	0.0758	0.1973	0.0116	0.0130	0.0009	0.4946	0.5579	0.1596	1.0825	5.1479	0.0045	0.0020	11.8100	11.9190	8.7888	13.1740	0.0193	0.0093	0.0100	0.0092	0.0091	0.0000	0.0101	0.0001	0.0100	0.0093	0.0015	0.0078	0.0003	0.0003	0.0000	0.0091	0.0012	0.0078	0.7399	0.6460	0.0939	0.1409	0.1362	0.0047	0.5990	0.5098	0.0892	0.3269	0.1746	0.1524	0.0351	0.0331	0.0021	0.2918	0.1415	0.1503	0.9135	1.6492	2.0820	8.1276	7.9475	4.5054	0.5459	0.0303	2.1578	0.0286	0.0087	0.0513	0.0080	0.0084	0.0009	0.0310	0.0088	0.0520
104	123	0.5318	8	0	0	1	1	0	0	0	0	N	N	N	N	N	N	N	N	N	N	N	N	0.0000	0.0000	0.0000	0.0000	0.0000	0.0000	0.0000	0.0000	0.0000	0.0000	0.0000	0.0000	0.0000	0.0000	0.0000	0.0000	0.0000	0.0000	0.0071	0.0101	0.0021	0.0003	0.0002	0.0008	0.0230	0.4221	0.0022	0.0000	0.4183	-0.0000	-0.0002	11.8100	12.8936	8.7888	4.1514	0.0000	0.0000	0.0000	0.0000	0.0000	0.0000	0.0000	0.0000	0.0000	0.0005	0.0003	0.0001	0.0000	0.0000	0.0000	0.0004	0.0003	0.0001	0.7451	0.6720	0.0731	0.3025	0.2877	0.0148	0.4426	0.3844	0.0583	0.1767	0.1106	0.0662	0.0663	0.0583	0.0080	0.1104	0.0523	0.0581	0.0000	0.0000	0.0000	0.0000	0.0000	0.0000	0.0000	0.0000	0.0000	0.0026	0.0029	0.0021	0.0003	0.0002	0.0008	0.0040	0.0059	0.0022
104	124	0.1201	5	0	1	0	0	0	0	0	0	N	N	N	N	N	N	N	N	N	N	N	N	0.7954	0.0062	131.1284	0.0156	0.0154	1.1357	2.0314	0.0027	138.1304	0.0331	0.0012	0.2726	0.0018	0.0018	0.0004	0.0402	0.0010	0.2909	0.0416	0.1905	0.0021	0.1125	0.1171	0.0004	0.0198	0.3842	0.0021	30.5031	0.1387	0.0167	-0.0012	11.8100	12.7386	8.7888	8.7370	0.0245	0.0008	0.0237	0.0002	0.0002	0.0000	0.0242	0.0005	0.0237	0.0023	0.0020	0.0003	0.0014	0.0014	0.0000	0.0009	0.0006	0.0003	0.7390	0.6522	0.0869	0.1369	0.1314	0.0055	0.6022	0.5208	0.0814	0.2872	0.1542	0.1330	0.0356	0.0336	0.0020	0.2516	0.1206	0.1310	4.1847	0.0920	131.1284	0.0459	0.0447	1.1357	11.0981	0.1962	138.1304	0.0079	0.0129	0.0021	0.0382	0.0405	0.0004	0.0036	0.0053	0.0021
104	125	0.1048	4	0	1	0	0	0	0	0	0	N	N	N	N	N	N	N	N	N	N	N	N	7.3924	1.6328	102.2374	2.7014	2.5745	6.5404	7.5117	0.2509	106.4153	0.0284	0.0058	0.1814	0.0197	0.0201	0.0058	0.0307	0.0015	0.1901	0.0038	0.0035	0.0018	0.0073	0.0078	0.0009	0.0041	0.0061	0.0018	4.6686	1.1246	0.0086	-0.0000	11.8100	8.6431	8.7888	1.4782	0.0161	0.0028	0.0132	0.0023	0.0023	0.0000	0.0138	0.0006	0.0132	0.0002	0.0001	0.0001	0.0001	0.0001	0.0000	0.0001	0.0000	0.0001	0.5654	0.4924	0.0730	0.1152	0.1118	0.0035	0.4502	0.3806	0.0696	0.1392	0.0745	0.0647	0.0162	0.0153	0.0009	0.1230	0.0592	0.0638	18.2565	4.2053	102.2374	3.5986	3.5074	6.5404	29.4342	6.4136	106.4153	0.0016	0.0014	0.0018	0.0055	0.0057	0.0009	0.0010	0.0002	0.0018
104	126	0.0953	3	0	0	0	0	0	0	0	0	N	N	N	N	N	N	N	N	N	N	N	N	5.0721	0.7874	79.3983	2.0523	2.4722	0.2365	6.8522	0.0370	148.7979	0.0838	0.0145	0.6263	0.0578	0.0584	0.0320	0.0907	0.0012	0.6555	0.0165	0.0184	0.0079	0.0281	0.0236	0.1354	0.0132	0.0322	0.0044	5.5263	0.8492	0.0139	-0.0001	11.8100	4.1618	8.7888	2.0491	0.0248	0.0038	0.0210	0.0036	0.0036	0.0001	0.0212	0.0002	0.0209	0.0005	0.0003	0.0002	0.0003	0.0002	0.0000	0.0002	0.0000	0.0002	0.2955	0.2621	0.0335	0.0624	0.0608	0.0016	0.2331	0.2012	0.0319	0.1045	0.0606	0.0438	0.0183	0.0177	0.0006	0.0862	0.0429	0.0433	17.3881	3.2238	118.8270	3.7935	4.4589	0.4097	34.7325	1.2592	153.6500	0.0048	0.0045	0.0053	0.0152	0.0131	0.0781	0.0026	0.0009	0.0043
104	127	0.0662	2	0	0	0	0	0	0	0	0	N	N	N	N	N	N	N	N	N	N	N	N	0.0258	0.0028	0.0895	0.0070	0.0075	0.0095	0.0273	0.0023	0.1009	0.0251	0.0033	0.1775	0.0158	0.0165	0.0002	0.0266	0.0010	0.1865	0.9729	1.1788	1.9833	2.2449	2.2108	0.0230	0.9758	0.4498	1.8488	7.6307	0.8965	0.0080	-0.0127	11.8100	9.4810	8.7888	7.4917	0.0135	0.0016	0.0119	0.0011	0.0011	0.0000	0.0123	0.0004	0.0119	0.0817	0.0431	0.0386	0.0424	0.0424	0.0000	0.0393	0.0007	0.0386	0.5365	0.4693	0.0672	0.0729	0.0696	0.0032	0.4636	0.3997	0.0639	0.3000	0.1588	0.1412	0.0504	0.0497	0.0007	0.2496	0.1091	0.1405	0.0923	0.0123	0.6490	0.0188	0.0194	0.0097	0.1689	0.1583	0.6788	0.2722	0.2711	0.2735	0.8401	0.8517	0.0226	0.1575	0.0065	0.2747
104	128	0.5440	9	1	1	0	0	0	0	0	0	N	N	N	N	N	N	N	N	N	N	N	N	1.1565	10.7060	0.0000	14.6482	13.5689	0.0154	inf	0.0000	0.0000	0.0000	0.0000	0.0000	0.0000	0.0000	0.0000	0.0000	0.0000	0.0000	0.0000	0.0000	0.0000	0.0000	0.0000	0.0000	0.0000	0.0000	0.0000	11.9765	-0.0000	0.0000	11.8100	2.0107	8.7888	1.9995	0.0000	0.0000	0.0000	0.0000	0.0000	0.0000	0.0000	0.0000	0.0000	0.0000	0.0000	0.0000	0.0000	0.0000	0.0000	0.0000	0.0000	0.0000	0.1102	0.0988	0.0113	0.0447	0.0423	0.0023	0.0655	0.0565	0.0090	0.0396	0.0254	0.0143	0.0159	0.0139	0.0019	0.0238	0.0114	0.0123	1.1565	10.7060	0.0000	14.6482	13.5689	0.0000	0.0154	inf	0.0000	0.0000	0.0000	0.0000	0.0000	0.0000	0.0000	0.0000	0.0000	0.0000	
104	129	0.5318	8	1	1	0	0	0	0	0	0	N	N	N	N	N	N	N	N	N	N	N	N	0.0177	0.2384	0.0009	0.0000	0.0000	0.0000	0.0119	0.3209	0.0014	0.0001	0.0001	0.0000	0.0000	0.0000	0.0000	0.0001	0.0002	0.0000	0.0048	0.0004	0.0061	0.0007	0.0005	0.0020	0.0123	0.0005	0.0050	0.0063	8.7852	-0.0000	0.0000	11.8100	5.6459	8.7888	1.1399	0.0000	0.0000	0.0000	0.0000	0.0000	0.0000	0.0000	0.0000	0.0000	0.0001	0.0000	0.0001	0.0000	0.0000	0.0000	0.0001	0.0000	0.0001	0.3623	0.3285	0.0338	0.1547	0.1478	0.0069	0.2076	0.1806	0.0269	0.0763	0.0474	0.0289	0.0292	0.0260	0.0033	0.0471	0.0214	0.0257	0.0459	0.3056	0.0013	0.0000	0.0000	0.0000	0.0580	60.5333	0.0015	0.0018	0.0003	0.0044	0.0007	0.0005	0.0020	0.0025	0.0000	0.0046
104	130	0.5014	7	0	0	0	0	0	0	0	0	N	N	N	N	N	N	N	N	N	N	N	N	0.0323	0.6579	0.0259	2.6273	3.6699	0.0434	0.0131	0.0046	0.0323	0.0318	0.0258	0.0847	0.0523	0.0551	0.0018	0.0161	0.0011	0.1085	0.9854	0.0392	3.2654	0.0199	0.0150	0.0410	1.2338	0.2306	3.3546	0.3733	69.2731	-0.0004	0.0222	11.8100	11.6079	8.7888	5.3766	0.0248	0.0180	0.0067	0.0177	0.0176	0.0000	0.0071	0.0004	0.0067	0.0620	0.0009	0.0612	0.0010	0.0007	0.0003	0.0611	0.0002	0.0609	0.7792	0.6997	0.0795	0.3381	0.3204	0.0177	0.4411	0.3793	0.0618	0.2178	0.1335	0.0843	0.0828	0.0746	0.0082	0.1350	0.0589	0.0761	0.1116	3.8982	0.1168	4.4218	5.8603	0.0526	0.0356	0.3448	0.1357	0.2849	0.0066	0.7253	0.0118	0.0094	0.0339	0.4524	0.0031	0.7997
104	131	0.4836	6	0	0	0	0	0	0	0	0	N	N	N	N	N	N	N	N	N	N	N	N	0.0413	0.1116	0.0161	0.1451	0.1525	0.0287	0.0141	0.0462	0.0170	0.1431	0.1330	0.2356	0.2321	0.2422	0.0106	0.0810	0.0484	0.2854	3.4661	1.1913	14.6140	1.5991	1.5881	0.3710	5.7320	1.0477	16.7886	0.1943	19.0586	-0.0049	0.2792	11.8100	3.9355	8.7888	8.7078	0.0394	0.0330	0.0064	0.0263	0.0262	0.0001	0.0131	0.0068	0.0064	0.8676	0.0433	0.8243	0.0418	0.0406	0.0012	0.8258	0.0026	0.8232	0.2755	0.2483	0.0272	0.1133	0.1084	0.0049	0.1622	0.1399	0.0223	0.2503	0.1553	0.0950	0.1062	0.0987	0.0076	0.1441	0.0566	0.0875	0.0413	0.4774	0.0272	0.5900	0.5880	0.0699	0.0141	1.0472	0.0303	3.4661	0.2786	8.6745	0.3934	0.4119	0.1523	5.7320	0.0462	9.4130
104	132	0.4719	5	0	0	0	0	0	0	0	0	N	N	N	N	N	N	N	N	N	N	N	N	0.1680	0.1259	0.1321	0.0762	0.0779	0.1093	0.1687	0.1877	0.1490	0.2201	0.1851	0.5345	0.1924	0.2009	0.0115	0.2388	0.1733	0.6493	1.3098	1.4702	4.0453	2.5266	2.5780	0.1049	1.4150	0.9236	4.3567	0.3206	1.0909	-0.0042	-0.0189	11.8100	6.2657	8.7888	3.9760	0.0948	0.0718	0.0230	0.0335	0.0334	0.0001	0.0613	0.0384	0.0229	0.1772	0.0848	0.0925	0.0838	0.0833	0.0004	0.0935	0.0014	0.0920	0.4307	0.3876	0.0430	0.1739	0.1662	0.0077	0.2567	0.2214	0.0353	0.1758	0.1114	0.0644	0.0735	0.0667	0.0068	0.1023	0.0447	0.0576	0.2182	0.2433	0.3721	0.1689	0.1608	0.1751	0.2613	5.3840	0.4062	1.0083	0.7609	1.4364	1.1397	1.2492	0.0654	0.9139	0.0322	1.5983
104	133	0.3946	4	0	0	0	0	0	0	0	0	N	N	N	N	N	N	N	N	N	N	N	N	0.3702	0.3218	0.0713	0.1716	0.1766	0.1911	0.3792	0.5079	0.0832	0.3831	0.4060	0.1848	0.3324	0.3492	0.0079	0.4117	0.4412	0.2214	1.0349	1.2618	2.5909	1.9365	1.9774	0.0414	1.0858	0.8686	2.6626	0.0525	0.7415	-0.1406	-0.0484	11.8100	26.7012	8.7888	18.2690	0.5925	0.5630	0.0295	0.1852	0.1850	0.0002	0.4073	0.3779	0.0293	0.2390	0.1372	0.1018	0.1328	0.1320	0.0008	0.1062	0.0052	0.1010	1.5464	1.3865	0.1599	0.5573	0.5299	0.0275	0.9891	0.8567	0.1324	0.6452	0.4010	0.2442	0.2342	0.2112	0.0230	0.4110	0.1898	0.2212	1.0344	1.1865	0.4434	0.5862	0.5586	0.2317	1.5937	16.0696	0.4850	0.3704	0.3422	0.4167	0.5670	0.6251	0.0342	0.2584	0.0275	0.4565
104	134	0.1565	3	0	0	0	0	0	0	0	0	N	N	N	N	N	N	N	N	N	N	N	N	0.2627	0.2508	0.0953	0.1183	0.1186	0.4814	0.2813	0.2162	0.1007	0.3937	0.3901	0.4236	0.0577	0.0603	0.0064	0.5053	0.5095	0.4768	1.4985	1.5556	4.4462	0.4876	0.5087	0.0133	1.7962	2.3565	4.7369	0.1321	1.5711	-0.2069	-0.0297	11.8100	61.4372	8.7888	55.8589	1.2137	1.0721	0.1416	0.0443	0.0441	0.0002	1.1694	1.0280	0.1414	1.7170	0.6678	1.0492	0.0172	0.0170	0.0002	1.6998	0.6508	1.0490	3.0827	2.7484	0.3343	0.7687	0.7308	0.0378	2.3140	2.0176	0.2965	1.2521	0.6929	0.5592	0.1887	0.1738	0.0149	1.0634	0.5192	0.5443	0.2871	0.4048	0.2258	0.6328	0.6167	0.4814	0.3162	0.4065	0.2474	1.3713	0.9637	1.8763	0.0911	0.0978	0.0133	1.5984	1.2536	1.9274
104	135	0.0662	2	0	0	0	0	0	0	0	0	N	N	N	N	N	N	N	N	N	N	N	N	0.6224	0.5961	0.1002	1.3781	1.4586	269.4202	0.2250	0.2267	0.0908	0.5165	0.5746	0.0985	2.6554	2.7514	0.5391	0.1802	0.1963	0.0762	0.8298	0.9640	0.9834	1.9269	1.8863	0.0020	0.8009	0.8661	0.8385	0.0238	0.8681	-0.2312	-0.0153	11.8100	31.7621	8.7888	18.5886	0.8762	0.8558	0.0204	0.6121	0.6067	0.0054	0.2641	0.2491	0.0150	0.0937	0.0502	0.0435	0.0423	0.0423	0.0000	0.0514	0.0078	0.0435	1.6964	1.4894	0.2070	0.2305	0.2205	0.0100	1.4659	1.2689	0.1970	0.6976	0.3619	0.3356	0.0752	0.0733	0.0019	0.6223	0.2886	0.3337	3.8455	4.1465	0.7596	4.7179	4.7634	269.4202	2.1835	7.2491	0.5838	0.1343	0.1386	0.1297	0.5628	0.5776	0.0020	0.0825	0.0271	0.1305
105	106	0.1089	4	0	1	0	0	0	0	0	0	N	N	N	N	N	N	N	N	N	N	N	N	954.6519	714.9363	97.2539	419.1343	403.2238	inf	790.1300	inf	101.3388	0.1260	0.1421	0.0068	0.4321	0.4519	0.0000	0.0701	0.0797	0.0072	0.0001	0.0002	0.0001	0.0010	0.0011	0.0000	0.0001	0.0000	0.0001	0.0065	0.3191	-0.0429	-0.0000	14.7392	20.0414	7.3617	7.0324	0.1527	0.1518	0.0010	0.0809	0.0809	0.0000	0.0719	0.0709	0.0010	0.0000	0.0000	0.0000	0.0000	0.0000	0.0000	0.0000	0.0000	0.0000	1.2123	1.0683	0.1440	0.1872	0.1790	0.0082	1.0251	0.8893	0.1359	0.3479	0.1891	0.1588	0.0338	0.0311	0.0027	0.3141	0.1581	0.1561	954.6519	771.9697	97.2539	419.1343	403.2238	inf	1982.4264	inf	101.3388	0.0001	0.0002	0.0001	0.0010	0.0011	0.0000	0.0000	0.0000	0.0001
105	107	0.0988	3	0	0	0	0	0	0	0	0	N	N	N	N	N	N	N	N	N	N	N	N	399.3580	232.1745	1496.1592	34.5942	31.5493	inf	1673.1472	13950.1730	1516.8440	1.5501	1.6036	1.0839	0.5503	0.5557	0.2706	1.8590	1.9684	1.1205	0.0039	0.0069	0.0007	0.0159	0.0176	0.0000	0.0011	0.0001	0.0007	0.0776	0.2581	-0.2018	-0.0001	14.7392	7.0315	7.3617	1.2144	0.9383	0.8707	0.0676	0.0786	0.0779	0.0007	0.8597	0.7928	0.0669	0.0002	0.0001	0.0000	0.0001	0.0001	0.0000	0.0000	0.0000	0.0000	0.6053	0.5430	0.0624	0.1429	0.1402	0.0027	0.4625	0.4028	0.0597	0.1199	0.0667	0.0532	0.0150	0.0140	0.0010	0.1049	0.0527	0.0522	988.8638	715.7464	1496.1592	55.2544	51.9750	inf	5054.6195	4253782.5984	1516.8440	0.0016	0.0022	0.0007	0.0100	0.0107	0.0000	0.0004	0.0000	0.0007
105	108	0.0652	2	0	0	0	0	0	0	0	0	N	N	N	N	N	N	N	N	N	N	N	N	0.5320	0.3310	769.2755	1.4750	1.4448	0.2354	56.4852	3.7091	770.3125	0.6400	0.5605	1.1707	11.0764	11.2855	0.0002	0.1707	0.0131	1.1779	1.2029	1.6934	0.0015	7.5095	7.8111	0.0007	0.0030	0.0035	0.0015	0.3129	0.0009	-0.0312	-0.1482	14.7392	16.2725	7.3617	4.4748	0.6399	0.4874	0.1525	0.4765	0.4765	0.0000	0.1634	0.0109	0.1525	0.2361	0.2359	0.0002	0.2359	0.2359	0.0000	0.0002	0.0000	0.0002	0.9998	0.8696	0.1303	0.0430	0.0422	0.0008	0.9568	0.8273	0.1295	0.3124	0.1722	0.1402	0.0314	0.0302	0.0012	0.2810	0.1420	0.1390	0.8468	0.4092	769.2755	1.4750	1.4448	0.2354	210.1855	118.3299	770.3125	0.7558	1.3697	0.0015	7.5095	7.8111	0.0007	0.0008	0.0001	0.0015
105	109	0.1180	3	0	1	0	0	0	0	0	0	N	N	N	N	N	N	N	N	N	N	N	N	1.1371	0.5337	3805.1425	0.5345	0.4838	194.2025	6.4386	0.7082	8406.7451	1.6917	1.3587	4.1058	6.9937	6.8482	9.6138	0.9992	0.5778	3.8150	1.4877	2.5457	0.0011	13.0855	14.1549	0.0495	0.1552	0.8160	0.0005	0.4167	0.0004	0.0274	-0.6131	14.7392	40.5309	7.3617	14.7974	3.9108	2.7604	1.1504	1.8678	1.7327	0.1351	2.0431	1.0278	1.0153	0.9763	0.9760	0.0004	0.9690	0.9688	0.0002	0.0074	0.0072	0.0002	2.3118	2.0316	0.2802	0.2671	0.2530	0.0140	2.0447	1.7786	0.2661	0.7222	0.3834	0.3389	0.0740	0.0684	0.0056	0.6482	0.3149	0.3332	1.2514	0.5337	3805.1425	0.5345	0.4838	251.5228	87.9737	25.2381	8406.7451	1.3518	2.5457	0.0011	13.0855	14.1549	0.0382	0.0114	0.0229	0.0005
105	110	0.0921	2	0	1	0	0	0	0	0	0	N	N	N	N	N	N	N	N	N	N	N	N	0.1368	0.0942	0.1418	0.1546	0.1577	0.0238	0.1280	0.2140	0.3421	0.1337	0.1121	0.2879	0.4268	0.3975	0.9516	0.0935	0.0693	0.2516	0.9777	1.1900	2.0295	2.7600	2.5209	40.0301	0.7309	0.3238	0.7356	0.3614	0.8402	-0.0026	-0.0129	14.7392	13.5236	7.3617	3.5331	0.1178	0.0865	0.0313	0.0453	0.0400	0.0054	0.0724	0.0465	0.0259	0.0753	0.0409	0.0344	0.0598	0.0404	0.0194	0.0154	0.0005	0.0149	0.8808	0.7721	0.1086	0.1062	0.1006	0.0056	0.7745	0.6715	0.1030	0.2711	0.1472	0.1239	0.0375	0.0345	0.0031	0.2335	0.1127	0.1208	0.4816	0.4032	1.0378	0.2678	0.3392	0.1495	1.4147	15.8407	2.0344	0.2777	0.2779	0.2774	1.5940	1.1719	6.3656	0.0661	0.0044	0.1237
105	112	0.1405	5	1	1	0	1	0	0	0	0	N	N	N	N	N	N	N	N	N	N	N	N	0.0042	0.0744	0.0004	0.2013	0.1748	0.0000	0.0037	0.0089	0.0004	0.0030	0.0034	0.0006	0.0026	0.0026	0.0000	0.0033	0.0039	0.0006	0.7284	0.0457	1.5738	0.0129	0.0150	0.0001	0.8768	0.4399	1.4910	0.0238	20.1594	-0.0000	0.0008	14.7392	0.0019	7.3617	1.9928	0.0000	0.0000	0.0000	0.0000	0.0000	0.0000	0.0000	0.0000	0.0000	0.0025	0.0001	0.0024	0.0000	0.0000	0.0000	0.0025	0.0001	0.0024	0.0003	0.0003	0.0000	0.0001	0.0001	0.0000	0.0002	0.0002	0.0000	0.0285	0.0167	0.0118	0.0047	0.0042	0.0004	0.0239	0.0125	0.0114	0.0343	0.4759	0.0027	0.3044	0.2788	0.0000	0.0313	0.6124	0.0027	0.0886	0.0071	0.2040	0.0086	0.0094	0.0001	0.1043	0.0064	0.2115
105	113	0.1169	4	1	1	0	1	0	0	0	0	N	N	N	N	N	N	N	N	N	N	N	N	34.2854	331.8200	2.4918	54.6152	89.3467	0.0005	17.9656	56.0649	2.7262	0.0341	0.0390	0.0030	0.0457	0.0469	0.0000	0.0326	0.0379	0.0030	0.0010	0.0001	0.0012	0.0008	0.0005	0.0041	0.0018	0.0007	0.0011	0.0121	8.0356	-0.0055	0.0000	14.7392	8.6942	7.3617	6.0502	0.0198	0.0196	0.0002	0.0030	0.0030	0.0000	0.0168	0.0166	0.0002	0.0001	0.0000	0.0001	0.0000	0.0000	0.0000	0.0001	0.0000	0.0001	0.5818	0.5021	0.0796	0.0664	0.0646	0.0017	0.5154	0.4375	0.0779	0.2119	0.1182	0.0937	0.0281	0.0257	0.0024	0.1838	0.0925	0.0913	57.5119	331.8200	2.4918	54.6152	89.3467	0.0005	58.6814	8350.5826	2.7262	0.0006	0.0001	0.0012	0.0008	0.0005	0.0041	0.0006	0.0000	0.0011
105	114	0.1380	8	0	1	0	1	0	0	0	0	N	N	N	N	N	N	N	N	N	N	N	N	0.0000	0.0000	0.0000	0.0000	0.0000	0.0000	0.0000	0.0000	0.0000	0.0000	0.0000	0.0000	0.0000	0.0008	0.0000	0.0010	0.0000	0.0000	0.0000	0.0031	0.0000	0.0010	inf	0.0000	0.0000	14.7392	0.0001	7.3617	0.0001	0.0000	0.0000	0.0000	0.0000	0.0000	0.0000	0.0000	0.0000	0.0000	0.0000	0.0000	0.0000	0.0000	0.0000	0.0000	0.0000	0.0000	0.0000	0.0000	0.0000	0.0000	0.0000	0.0000	0.0000	0.0000	0.0000	0.0000	0.0000	0.0000	0.0000	0.0000	0.0000	0.0000	0.0000	0.0000	0.0000	0.0000	0.0000	0.0000	0.0000	0.0000	0.0000	0.0000	0.0000	0.0000	0.0005	0.0000	0.0010	0.0000	0.0000	0.0000	0.0008	0.0000	0.0010						
105	115	0.1313	7	0	1	0	1	0	0	0	0	N	N	N	N	N	N	N	N	N	N	N	N	0.0938	inf	0.0000	inf	inf	0.0000	0.0000	0.0002	0.0003	0.0000	0.0026	0.0027	0.0000	0.0000	0.0000	0.0000	0.0024	0.0000	0.0024	0.0000	0.0000	0.0000	0.0049	0.0000	0.0025	0.0000	inf	-0.0000	0.0000	14.7392	3.0007	7.3617	1.0012	0.0000	0.0000	0.0000	0.0000	0.0000	0.0000	0.0000	0.0000	0.0000	0.0001	0.0000	0.0001	0.0000	0.0000	0.0000	0.0001	0.0000	0.0001	0.1783	0.1556	0.0228	0.0155	0.0147	0.0008	0.1628	0.1408	0.0220	0.0554	0.0308	0.0246	0.0070	0.0063	0.0007	0.0484	0.0245	0.0239	0.2073	inf	0.0000	inf	inf	0.0000	0.0000	0.0000	0.0000	0.0011	0.0000	0.0024	0.0000	0.0000	0.0000	0.0012	0.0000	0.0025		
105	116	0.1295	6	0	0	0	1	0	0	0	0	N	N	N	N	N	N	N	N	N	N	N	N	369.4575	3137.0271	63.0240	0.0000	0.0000	399.2263	inf	64.3947	0.0006	0.0007	0.0002	0.0000	0.0000	0.0000	0.0007	0.0008	0.0002	0.0000	0.0000	0.0000	0.0000	0.0000	0.0000	0.0000	0.0000	0.0000	0.0462	13.0047	-0.0000	0.0000	14.7392	1.1177	7.3617	0.0023	0.0000	0.0000	0.0000	0.0000	0.0000	0.0000	0.0000	0.0000	0.0000	0.0000	0.0000	0.0000	0.0000	0.0000	0.0000	0.0000	0.0000	0.0000	0.0702	0.0615	0.0087	0.0091	0.0087	0.0004	0.0611	0.0528	0.0083	0.0156	0.0087	0.0069	0.0020	0.0018	0.0002	0.0136	0.0069	0.0067	369.4575	3137.0271	63.0240	0.0000	0.0000	0.0000	399.2263	inf	64.3947	0.0000	0.0000	0.0000	0.0000	0.0000	0.0000	0.0000	0.0000	0.0000	
105	117	0.1265	2	0	1	0	0	0	0	0	0	N	N	N	N	N	N	N	N	N	N	N	N	0.3702	0.0025	0.7507	0.0032	0.0130	0.0000	0.3663	0.0101	0.7893	0.5422	0.0005	4.6506	0.0027	0.0029	0.0003	0.6417	0.0001	4.9966	1.4647	0.2097	6.1950	0.8496	0.2190	13.3833	1.7517	0.0055	6.3305	1173.0079	166.2024	0.7131	0.3657	14.7392	31.2782	7.3617	23.9277	1.0015	0.0009	1.0007	0.0008	0.0008	0.0000	1.0007	0.0001	1.0007	1.0000	0.0060	0.9940	0.0180	0.0059	0.0121	0.9820	0.0001	0.9819	1.8472	1.6321	0.2152	0.2877	0.2728	0.0149	1.5595	1.3593	0.2003	0.7598	0.4316	0.3282	0.1132	0.1059	0.0073	0.6466	0.3257	0.3209	0.4119	0.0377	1.5354	0.0170	0.0511	0.0002	0.4225	0.2569	1.6330	1.3161	0.0139	3.0289	0.1595	0.0558	1.6700	1.5186	0.0002	3.0597
105	118	0.1295	6	0	0	1	1	0	0	0	0	N	N	N	N	N	N	N	N	N	N	N	N	2666.6430	1431.8785	inf	0.0000	0.0000	inf	inf	inf	0.0001	0.0000	0.0001	0.0000	0.0000	0.0000	0.0001	0.0001	0.0001	0.0000	0.0000	0.0000	0.0000	0.0000	0.0000	0.0000	0.0000	0.0000	0.1847	0.0000	-0.0000	-0.0000	14.7392	3.8827	7.3617	2.9998	0.0000	0.0000	0.0000	0.0000	0.0000	0.0000	0.0000	0.0000	0.0000	0.0000	0.0000	0.0000	0.0000	0.0000	0.0000	0.0000	0.0000	0.0000	0.2336	0.2040	0.0295	0.0232	0.0220	0.0012	0.2104	0.1820	0.0284	0.0945	0.0525	0.0420	0.0119	0.0107	0.0012	0.0826	0.0419	0.0408	2666.6430	1431.8785	inf	0.0000	0.0000	0.0000	inf	inf	inf	0.0000	0.0000	0.0000	0.0000	0.0000	0.0000	0.0000	0.0000	0.0000	
105	119	0.1266	5	0	0	0	1	0	0	0	0	N	N	N	N	N	N	N	N	N	N	N	N	3999.2271	17.0425	93262.9227	0.1177	0.0823	inf	26234.8144	inf	98747.5685	0.0388	0.0003	0.3370	0.0000	0.0000	0.0000	0.0485	0.0003	0.3675	0.0000	0.0000	0.0000	0.0001	0.0001	0.0000	0.0000	0.0000	0.0000	160.1196	0.1993	0.0057	-0.0000	14.7392	2.8083	7.3617	0.0030	0.0081	0.0001	0.0080	0.0000	0.0000	0.0000	0.0081	0.0000	0.0080	0.0000	0.0000	0.0000	0.0000	0.0000	0.0000	0.0000	0.0000	0.0000	0.2083	0.1844	0.0238	0.0416	0.0396	0.0020	0.1667	0.1449	0.0218	0.0394	0.0218	0.0176	0.0050	0.0045	0.0005	0.0344	0.0173	0.0171	3999.2271	18.6193	93262.9227	0.1177	0.0823	inf	26234.8144	inf	98747.5685	0.0000	0.0000	0.0000	0.0001	0.0001	0.0000	0.0000	0.0000	0.0000
105	120	0.1266	5	0	0	1	1	0	0	0	0	N	N	N	N	N	N	N	N	N	N	N	N	7.3176	4.3184	38.9935	7.2049	6.8003	10.6610	39.8031	0.0000	0.0000	0.0000	0.0002	0.0002	0.0000	0.0000	0.0000	0.0000	0.0000	0.0000	0.0000	0.0000	0.0000	0.0000	0.0000	0.0000	0.0000	0.2168	0.1382	-0.0000	-0.0000	14.7392	9.6158	7.3617	0.0030	0.0000	0.0000	0.0000	0.0000	0.0000	0.0000	0.0000	0.0000	0.0000	0.0000	0.0000	0.0000	0.0000	0.0000	0.0000	0.0000	0.0000	0.0000	0.6013	0.5273	0.0740	0.0716	0.0680	0.0036	0.5297	0.4594	0.0703	0.1321	0.0731	0.0590	0.0166	0.0148	0.0017	0.1156	0.0583	0.0573	7.3176	4.3184	38.9935	7.2049	6.8003	0.0000	10.6610	0.0000	39.8031	0.0000	0.0000	0.0000	0.0000	0.0000	0.0000	0.0000	0.0000	0.0000		
105	121	0.1169	4	0	0	0	1	0	0	0	0	N	N	N	N	N	N	N	N	N	N	N	N	12.5475	2.4568	75.4273	2.4902	4.0298	0.0241	16.9483	0.0065	139.4130	0.0062	0.0008	0.0386	0.0040	0.0040	0.0002	0.0066	0.0000	0.0394	0.0005	0.0003	0.0005	0.0016	0.0010	0.0095	0.0004	0.0001	0.0003	8.5488	1.5392	0.0012	-0.0000	14.7392	4.2457	7.3617	2.0144	0.0020	0.0002	0.0018	0.0002	0.0002	0.0000	0.0018	0.0000	0.0018	0.0000	0.0000	0.0000	0.0000	0.0000	0.0000	0.0000	0.0000	0.0000	0.3275	0.2807	0.0468	0.0534	0.0525	0.0009	0.2742	0.2282	0.0459	0.0976	0.0552	0.0424	0.0151	0.0141	0.0011	0.0824	0.0411	0.0413	16.8113	2.9508	75.4273	2.4902	4.0298	0.0241	46.5298	2.0112	139.4130	0.0004	0.0003	0.0005	0.0016	0.0010	0.0095	0.0001	0.0000	0.0003
105	122	0.0748	3	0	0	0	1	0	0	0	0	N	N	N	N	N	N	N	N	N	N	N	N	0.0116	0.8432	0.0641	0.2001	1.9315	0.0000	0.0077	0.0431	0.0923	0.0056	0.0022	0.0280	0.0197	0.0201	0.0001	0.0042	0.0001	0.0284	0.4866	0.0026	0.4371	0.0984	0.0104	2.1816	0.5517	0.0026	0.3075	2.0157	63.2698	0.0017	0.0046	14.7392	11.9190	7.3617	13.1740	0.0044	0.0015	0.0029	0.0014	0.0014	0.0000	0.0030	0.0001	0.0029	0.0128	0.0002	0.0126	0.0010	0.0002	0.0008	0.0118	0.0000	0.0118	0.7818	0.6768	0.1049	0.0707	0.0693	0.0014	0.7111	0.6075	0.1036	0.3455	0.1862	0.1593	0.0285	0.0269	0.0016	0.3170	0.1593	0.1577	0.1515	2.0100	0.3534	0.5573	2.8683	0.0001	0.1134	1.5929	0.3791	0.0371	0.0011	0.0793	0.0353	0.0070	0.5118	0.0373	0.0001	0.0749
105	123	0.5017	7	0	0	1	1	0	0	0	0	N	N	N	N	N	N	N	N	N	N	N	N	0.0000	0.0000	0.0000	0.0000	0.0000	0.0000	0.0000	0.0000	0.0000	0.0000	0.0000	0.0000	0.0000	0.0000	0.0000	0.0000	0.0000	0.0009	0.0004	0.0009	0.0014	0.0007	0.0075	0.0003	0.0000	0.0002	1.6445	0.0000	-0.0000	14.7392	12.8936	7.3617	4.1514	0.0000	0.0000	0.0000	0.0000	0.0000	0.0000	0.0000	0.0000	0.0000	0.0001	0.0000	0.0001	0.0001	0.0000	0.0000	0.0000	0.0000	0.0000	0.7819	0.6999	0.0820	0.2510	0.2379	0.0131	0.5309	0.4620	0.0689	0.1826	0.1149	0.0677	0.0588	0.0525	0.0063	0.1238	0.0623	0.0614	0.0000	0.0000	0.0000	0.0000	0.0000	0.0000	0.0000	0.0000	0.0000	0.0005	0.0003	0.0009	0.0014	0.0007	0.0075	0.0001	0.0000	0.0002		
105	124	0.0901	4	0	1	0	0	0	0	0	0	N	N	N	N	N	N	N	N	N	N	N	N	0.0158	0.6984	0.0391	0.3384	1.6017	0.0002	0.0040	0.6265	0.0517	0.0004	0.0003	0.0010	0.0027	0.0028	0.0000	0.0002	0.0000	0.0010	0.0227	0.0004	0.0248	0.0079	0.0017	0.1374	0.0403	0.0001	0.0192	0.5159	35.0789	0.0000	0.0006	14.7392	12.7386	7.3617	8.7370	0.0003	0.0002	0.0001	0.0002	0.0002	0.0000	0.0001	0.0000	0.0001	0.0018	0.0000	0.0017	0.0002	0.0000	0.0001	0.0016	0.0000	0.0016	0.7764	0.6787	0.0976	0.0611	0.0590	0.0021	0.7153	0.6197	0.0956	0.3038	0.1647	0.1391	0.0304	0.0287	0.0016	0.2734	0.1359	0.1375	0.0606	0.8947	0.0773	0.4517	1.6017	0.0003	0.0271	239.5499	0.0843	0.0059	0.0003	0.0125	0.0059	0.0017	0.0795	0.0059	0.0000	0.0117
105	125	0.0748	3	0	1	0	0	0	0	0	0	N	N	N	N	N	N	N	N	N	N	N	N	0.0091	0.0183	0.0294	0.0114	0.0413	0.0000	0.0081	0.0471	0.0344	0.0067	0.0010	0.0424	0.0063	0.0064	0.0001	0.0067	0.0003	0.0430	0.7294	0.0574	1.4428	0.5521	0.1542	8.2237	0.8241	0.0061	1.2501	6.3432	19.9891	0.0023	0.0043	14.7392	8.6431	7.3617	1.4782	0.0040	0.0005	0.0035	0.0004	0.0004	0.0000	0.0036	0.0001	0.0035	0.0132	0.0006	0.0126	0.0014	0.0006	0.0008	0.0118	0.0000	0.0117	0.6004	0.5190	0.0814	0.0660	0.0650	0.0010	0.5343	0.4539	0.0804	0.1477	0.0798	0.0679	0.0138	0.0131	0.0007	0.1339	0.0667	0.0672	0.0746	0.1334	0.2295	0.0606	0.1366	0.0001	0.0764	1.2007	0.2460	0.0893	0.0079	0.1850	0.1035	0.0466	1.1878	0.0878	0.0002	0.1747
105	126	0.0652	2	0	0	0	0	0	0	0	0	N	N	N	N	N	N	N	N	N	N	N	N	0.2819	0.0342	0.6370	0.1499	0.1831	0.0025	0.2673	0.0001	0.5544	1.9085	0.0238	15.4781	0.1806	0.1813	0.0483	2.1344	0.0001	15.5628	6.7702	0.6962	24.2989	1.2049	0.9902	19.3013	7.9843	0.6856	28.0716	90.3098	180.3425	0.4206	0.2785	14.7392	4.1618	7.3617	2.0491	0.5992	0.0066	0.5926	0.0066	0.0065	0.0000	0.5926	0.0000	0.5926	0.7607	0.0042	0.7565	0.0046	0.0035	0.0011	0.7562	0.0007	0.7555	0.3139	0.2757	0.0383	0.0363	0.0361	0.0002	0.2777	0.2396	0.0381	0.1124	0.0651	0.0473	0.0177	0.0173	0.0004	0.0947	0.0478	0.0469	0.2819	0.3691	0.9680	0.6948	0.8883	0.0184	0.2673	0.0059	0.9663	6.7702	0.0645	15.9901	0.2599	0.2041	2.6203	7.9843	0.0141	16.1062
105	128	0.5140	8	1	1	0	0	0	0	0	0	N	N	N	N	N	N	N	N	N	N	N	N	0.0000	0.0000	0.0000	0.0000	0.0000	0.0000	0.0000	0.0000	0.0000	0.0000	0.0000	0.0000	0.0000	0.0000	0.0000	0.0000	0.0000	0.0000	0.0000	0.0000	0.0000	0.0000	inf	0.0000	0.0000	14.7392	2.0107	7.3617	1.9995	0.0000	0.0000	0.0000	0.0000	0.0000	0.0000	0.0000	0.0000	0.0000	0.0000	0.0000	0.0000	0.0000	0.0000	0.0000	0.0000	0.0000	0.0000	0.1137	0.1010	0.0127	0.0353	0.0333	0.0021	0.0784	0.0677	0.0106	0.0409	0.0264	0.0146	0.0141	0.0126	0.0015	0.0268	0.0138	0.0130	0.0000	0.0000	0.0000	0.0000	0.0000	0.0000	0.0000	0.0000	0.0000	0.0000	0.0000	0.0000	0.0000	0.0000	0.0000	0.0000	0.0000	0.0000						
105	129	0.5017	7	1	1	0	0	0	0	0	0	N	N	N	N	N	N	N	N	N	N	N	N	0.0000	0.0000	0.0000	0.0000	0.0000	0.0000	0.0000	0.0000	0.0000	0.0000	0.0000	0.0000	0.0000	0.0000	0.0000	0.0000	0.0000	0.0028	0.0015	0.0021	0.0032	0.0016	0.0183	0.0008	0.0000	0.0005	1.6443	0.0000	-0.0000	14.7392	5.6459	7.3617	1.1399	0.0000	0.0000	0.0000	0.0000	0.0000	0.0000	0.0000	0.0000	0.0000	0.0001	0.0000	0.0001	0.0001	0.0000	0.0000	0.0000	0.0000	0.0000	0.3858	0.3477	0.0381	0.1364	0.1302	0.0062	0.2494	0.2175	0.0319	0.0792	0.0494	0.0297	0.0265	0.0239	0.0026	0.0527	0.0256	0.0271	0.0000	0.0000	0.0000	0.0000	0.0000	0.0000	0.0000	0.0000	0.0000	0.0012	0.0008	0.0021	0.0032	0.0016	0.0183	0.0003	0.0000	0.0005		
105	130	0.4714	6	0	0	0	0	0	0	0	0	N	N	N	N	N	N	N	N	N	N	N	N	0.0037	0.0057	0.0034	0.0430	0.0500	0.0201	0.0000	0.0000	0.0006	0.0013	0.0014	0.0003	0.0034	0.0035	0.0014	0.0000	0.0000	0.0000	0.3360	0.2405	0.0888	0.0795	0.0707	0.0704	0.2749	0.0024	0.0705	0.0271	1.4114	-0.0003	-0.0002	14.7392	11.6079	7.3617	5.3766	0.0010	0.0010	0.0000	0.0010	0.0010	0.0000	0.0000	0.0000	0.0000	0.0052	0.0022	0.0030	0.0025	0.0021	0.0003	0.0027	0.0000	0.0027	0.8370	0.7463	0.0907	0.3064	0.2891	0.0172	0.5306	0.4572	0.0734	0.2315	0.1421	0.0895	0.0792	0.0726	0.0066	0.1524	0.0695	0.0829	0.0559	0.0903	0.0090	0.1091	0.1193	0.0284	0.0003	0.0006	0.0014	0.0224	0.0152	0.0340	0.0313	0.0296	0.0498	0.0178	0.0001	0.0327
105	131	0.4535	5	0	0	0	0	0	0	0	0	N	N	N	N	N	N	N	N	N	N	N	N	0.0125	0.0156	0.0025	0.0342	0.0399	0.0023	0.0020	0.0049	0.0024	0.0145	0.0150	0.0100	0.0370	0.0382	0.0111	0.0028	0.0018	0.0099	1.1584	0.9644	3.9787	1.0803	0.9568	4.8782	1.4461	0.3579	4.0979	0.0765	6.8749	-0.0009	0.0676	14.7392	3.9355	7.3617	8.7078	0.0043	0.0040	0.0003	0.0037	0.0037	0.0000	0.0006	0.0003	0.0003	0.2764	0.0351	0.2413	0.0423	0.0348	0.0075	0.2341	0.0003	0.2338	0.2963	0.2658	0.0304	0.1013	0.0968	0.0045	0.1950	0.1690	0.0260	0.4294	0.2522	0.1771	0.1904	0.1812	0.0092	0.2390	0.0711	0.1680	0.0225	0.1080	0.0074	0.1664	0.1990	0.0135	0.0029	0.3591	0.0071	0.6437	0.1391	1.3622	0.2221	0.1918	0.8201	0.9795	0.0049	1.3919
105	132	0.4419	4	0	0	0	0	0	0	0	0	N	N	N	N	N	N	N	N	N	N	N	N	0.0161	0.0140	0.0106	0.0240	0.0252	0.0198	0.0061	0.0018	0.0108	0.0215	0.0180	0.0514	0.0442	0.0459	0.0080	0.0103	0.0030	0.0586	1.3357	1.2899	4.8582	1.8447	1.8250	0.4045	1.6856	1.6462	5.4311	0.3297	3.3420	-0.0004	0.0308	14.7392	6.2657	7.3617	3.9760	0.0099	0.0074	0.0025	0.0067	0.0067	0.0001	0.0032	0.0008	0.0024	0.2178	0.0502	0.1676	0.0423	0.0413	0.0010	0.1755	0.0089	0.1667	0.4599	0.4122	0.0478	0.1517	0.1449	0.0068	0.3082	0.2673	0.0409	0.2039	0.1292	0.0746	0.0811	0.0748	0.0063	0.1228	0.0545	0.0683	0.0201	0.0465	0.0229	0.0848	0.0832	0.0513	0.0072	0.0181	0.0240	1.0683	0.3881	2.2462	0.5212	0.5520	0.1558	1.4295	0.1631	2.4388
105	133	0.3646	3	0	0	0	0	0	0	0	0	N	N	N	N	N	N	N	N	N	N	N	N	0.0069	0.0043	0.0219	0.0380	0.0318	4.0641	0.0039	0.0004	0.0223	0.0050	0.0027	0.0233	0.0093	0.0083	0.0272	0.0033	0.0004	0.0227	0.7192	0.6287	1.0657	0.2444	0.2606	0.0067	0.8614	1.0676	1.0202	1.0796	1.5092	0.0019	-0.0015	14.7392	26.7012	7.3617	18.2690	0.0081	0.0039	0.0042	0.0041	0.0035	0.0006	0.0040	0.0004	0.0036	0.0575	0.0229	0.0346	0.0123	0.0122	0.0001	0.0453	0.0108	0.0345	1.6361	1.4556	0.1805	0.4462	0.4226	0.0237	1.1899	1.0330	0.1569	0.6691	0.4216	0.2475	0.2134	0.1963	0.0170	0.4557	0.2253	0.2304	0.0577	0.0493	0.1668	0.1615	0.1338	4.0641	0.0336	0.0081	0.1520	0.0860	0.0544	0.1398	0.0575	0.0619	0.0067	0.0993	0.0478	0.1497
105	134	0.1265	2	0	0	0	0	0	0	0	0	N	N	N	N	N	N	N	N	N	N	N	N	0.0017	0.0009	0.1652	0.0136	0.0109	4.7911	0.0012	0.0005	0.1600	0.0022	0.0017	0.0066	0.0046	0.0039	0.0167	0.0018	0.0013	0.0058	1.3068	1.8654	0.0398	0.3406	0.3582	0.0035	1.5294	2.7316	0.0364	0.5276	0.0085	0.0004	-0.8135	14.7392	61.4372	7.3617	55.8589	0.0072	0.0047	0.0025	0.0021	0.0016	0.0004	0.0051	0.0031	0.0021	1.3123	1.3012	0.0110	0.0104	0.0104	0.0000	1.3018	1.2908	0.0110	3.2334	2.8548	0.3787	0.4432	0.4175	0.0256	2.7902	2.4372	0.3530	1.3089	0.7287	0.5802	0.1474	0.1369	0.0106	1.1614	0.5918	0.5696	0.0022	0.0009	0.3456	0.0655	0.0512	4.7911	0.0016	0.0006	0.3023	1.0026	1.7858	0.0190	0.0707	0.0759	0.0035	1.1209	2.1812	0.0193
106	109	0.1996	6	0	2	0	0	0	0	0	0	N	Y	N	N	N	N	N	N	N	N	N	N	205.9590	88.2935	234.3102	97.1517	86.0202	10.1039	34358.4897	9470.1971	369.6354	0.5755	0.6456	0.0021	2.0593	2.1648	0.0015	0.1018	0.1165	0.0021	0.0028	0.0073	0.0000	0.0212	0.0252	0.0001	0.0000	0.0000	0.0000	0.0004	0.0033	-0.5387	-0.0006	20.0414	40.5309	7.0324	14.7974	1.8787	1.8780	0.0007	1.6267	1.6267	0.0001	0.2520	0.2513	0.0007	0.0009	0.0009	0.0000	0.0009	0.0009	0.0000	0.0000	0.0000	0.0000	3.2647	2.9091	0.3557	0.7899	0.7514	0.0385	2.4748	2.1577	0.3171	0.7280	0.3872	0.3408	0.0729	0.0655	0.0074	0.6551	0.3216	0.3334	464.1679	277.8644	234.3102	166.6810	157.7021	10.1039	34358.4897	3636883.7417	369.6354	0.0012	0.0023	0.0000	0.0124	0.0137	0.0001	0.0000	0.0000	0.0000
106	110	0.1737	5	0	2	0	0	0	0	0	0	N	Y	N	N	N	N	N	N	N	N	N	N	19.1949	23.7560	105.4391	32.2487	30.5227	53.9940	9.5797	0.9883	114.4683	0.0195	0.0098	0.0990	0.0222	0.0232	0.0024	0.0186	0.0049	0.1108	0.0010	0.0004	0.0009	0.0007	0.0008	0.0000	0.0019	0.0049	0.0010	1.2285	2.4254	0.0064	0.0000	20.0414	13.5236	7.0324	3.5331	0.0241	0.0108	0.0133	0.0070	0.0069	0.0000	0.0171	0.0039	0.0132	0.0002	0.0000	0.0001	0.0000	0.0000	0.0000	0.0001	0.0000	0.0001	1.2335	1.0994	0.1341	0.3131	0.2985	0.0146	0.9204	0.8009	0.1195	0.2669	0.1462	0.1207	0.0384	0.0346	0.0038	0.2285	0.1116	0.1169	32.5677	30.7734	105.4391	32.2487	30.5227	53.9940	31.8401	26.5415	114.4683	0.0006	0.0003	0.0009	0.0007	0.0008	0.0000	0.0006	0.0002	0.0010
106	111	0.1177	4	0	1	0	0	0	0	0	0	N	N	N	N	N	N	N	N	N	N	N	N	4111.0242	2266.1597	14.4659	1.0213	0.9640	inf	18146.2013	inf	15.0478	0.7222	0.8192	0.0007	0.0019	0.0020	0.0000	0.8533	0.9833	0.0007	0.0002	0.0004	0.0000	0.0019	0.0021	0.0000	0.0000	0.0000	0.0000	0.0001	0.1402	-0.2872	-0.0000	20.0414	16.9399	7.0324	15.9768	1.0005	1.0004	0.0001	0.0004	0.0004	0.0000	1.0001	1.0000	0.0001	0.0001	0.0001	0.0000	0.0001	0.0001	0.0000	0.0000	0.0000	0.0000	1.3854	1.2211	0.1643	0.2135	0.2041	0.0093	1.1719	1.0170	0.1550	0.4897	0.2603	0.2295	0.0405	0.0366	0.0039	0.4492	0.2237	0.2255	4111.0242	2825.8724	14.4659	1.0213	0.9640	inf	36248.1105	inf	15.0478	0.0002	0.0003	0.0000	0.0019	0.0021	0.0000	0.0000	0.0000	0.0000
106	112	0.1639	6	1	2	0	1	0	0	0	0	N	Y	N	N	N	N	N	N	N	N	N	N	71617.4170	7.4840	inf	6.8593	3.6093	inf	inf	inf	0.0235	0.0000	0.1925	0.0000	0.0000	0.0007	0.0382	0.0000	0.1985	0.0000	0.0000	0.0000	0.0000	0.0000	0.0000	0.0000	0.0000	0.0000	5789.5000	0.0000	0.0000	-0.0000	20.0414	0.0019	7.0324	1.9928	0.0000	0.0000	0.0000	0.0000	0.0000	0.0000	0.0000	0.0000	0.0000	0.0000	0.0000	0.0000	0.0000	0.0000	0.0000	0.0000	0.0000	0.0000	0.0004	0.0004	0.0001	0.0002	0.0002	0.0000	0.0003	0.0002	0.0001	0.0289	0.0154	0.0136	0.0037	0.0032	0.0005	0.0252	0.0121	0.0131	71617.4170	7.4840	inf	6.8593	3.6093	inf	inf	0.0000	inf	0.0000	0.0000	0.0000	0.0000	0.0000	0.0000	0.0000	0.0000	0.0000	
106	113	0.1403	5	1	2	0	1	0	0	0	0	N	Y	N	N	N	N	N	N	N	N	N	N	89.3692	0.0091	14179667.0103	0.5547	0.4230	2463.4593	62.8824	0.0000	15847250.6560	1.2254	0.0007	9.9932	0.0027	0.0026	0.0047	1.5881	0.0000	10.6856	0.0137	0.0718	0.0000	0.0048	0.0062	0.0000	0.0253	0.5759	0.0000	2131.2969	0.0001	0.7168	-0.0006	20.0414	8.6942	7.0324	6.0502	1.0061	0.0005	1.0057	0.0005	0.0005	0.0000	1.0056	0.0000	1.0056	0.0009	0.0009	0.0000	0.0001	0.0001	0.0000	0.0008	0.0008	0.0000	0.8211	0.7204	0.1006	0.1878	0.1813	0.0065	0.6332	0.5391	0.0941	0.2150	0.1074	0.1076	0.0192	0.0165	0.0027	0.1958	0.0909	0.1049	286.3222	0.0764	14179667.0103	0.6342	0.5306	2463.4593	370.5244	0.0000	15847250.6560	0.0043	0.0086	0.0000	0.0042	0.0049	0.0000	0.0043	0.0092	0.0000
106	114	0.1614	9	0	2	0	1	0	0	0	0	N	Y	N	N	N	N	N	N	N	N	N	N	0.0000	0.0000	0.0000	0.0000	0.0000	0.0000	0.0000	0.0000	0.0000	0.0000	0.0000	0.0000	0.0000	0.0001	0.0003	0.0000	0.0003	0.0003	0.0000	0.0000	0.0000	0.0000	0.0000	0.0000	-0.0000	20.0414	0.0001	7.0324	0.0001	0.0000	0.0000	0.0000	0.0000	0.0000	0.0000	0.0000	0.0000	0.0000	0.0000	0.0000	0.0000	0.0000	0.0000	0.0000	0.0000	0.0000	0.0000	0.0000	0.0000	0.0000	0.0000	0.0000	0.0000	0.0000	0.0000	0.0000	0.0000	0.0000	0.0000	0.0000	0.0000	0.0000	0.0000	0.0000	0.0000	0.0000	0.0000	0.0000	0.0000	0.0000	0.0000	0.0000	0.0000	0.0000	0.0001	0.0003	0.0000	0.0003	0.0003	0.0000	0.0000	0.0000	0.0000						
106	115	0.1547	8	0	2	0	1	0	0	0	0	N	Y	N	N	N	N	N	N	N	N	N	N	0.0000	0.0000	0.0000	0.0000	0.0000	0.0000	0.0000	0.0000	0.0000	0.0000	0.0000	0.0000	0.0000	0.0005	0.0014	0.0000	0.0059	0.0080	0.0000	0.0000	0.0000	0.0000	0.0000	0.0000	-0.0000	20.0414	3.0007	7.0324	1.0012	0.0000	0.0000	0.0000	0.0000	0.0000	0.0000	0.0000	0.0000	0.0000	0.0000	0.0000	0.0000	0.0000	0.0000	0.0000	0.0000	0.0000	0.0000	0.2541	0.2254	0.0286	0.0544	0.0520	0.0025	0.1996	0.1734	0.0262	0.0559	0.0275	0.0284	0.0042	0.0034	0.0008	0.0518	0.0241	0.0277	0.0000	0.0000	0.0000	0.0000	0.0000	0.0000	0.0000	0.0000	0.0000	0.0004	0.0007	0.0000	0.0048	0.0059	0.0000	0.0000	0.0000	0.0000						
106	116	0.1529	7	0	1	0	1	0	0	0	0	N	N	N	N	N	N	N	N	N	N	N	N	0.0789	0.0000	2.4037	0.0274	0.0000	inf	0.0000	0.0000	0.0000	0.0000	0.0000	0.0000	0.0000	0.0000	0.0000	0.0000	0.0000	0.0000	0.0000	0.0000	0.0000	0.0000	0.0000	0.0000	0.0000	0.0000	inf	0.1795	0.0000	-0.0000	20.0414	1.1177	7.0324	0.0023	0.0000	0.0000	0.0000	0.0000	0.0000	0.0000	0.0000	0.0000	0.0000	0.0000	0.0000	0.0000	0.0000	0.0000	0.0000	0.0000	0.0000	0.0000	0.0997	0.0888	0.0109	0.0249	0.0237	0.0011	0.0749	0.0650	0.0098	0.0157	0.0077	0.0080	0.0012	0.0009	0.0002	0.0146	0.0068	0.0078	0.0789	0.0000	2.4037	0.0274	0.0000	inf	0.0000	0.0000	0.0000	0.0000	0.0000	0.0000	0.0000	0.0000	0.0000	0.0000	0.0000	0.0000	
106	117	0.2081	5	0	2	0	0	0	0	0	0	N	Y	N	N	N	N	N	N	N	N	N	N	0.4757	0.1836	43019.5673	2.5632	0.2581	103160.7446	0.3706	0.1924	12362.5650	0.6880	0.4529	2.5844	0.8768	0.0952	14.1531	0.6165	0.6001	0.7257	1.4463	2.4670	0.0001	0.3421	0.3688	0.0001	1.6635	3.1188	0.0001	0.7075	0.0000	0.2331	-0.6189	20.0414	31.2782	7.0324	23.9277	1.8325	1.0732	0.7593	0.6414	0.0658	0.5756	1.1911	1.0075	0.1837	0.9850	0.9850	0.0000	0.0054	0.0054	0.0000	0.9796	0.9796	0.0000	2.6635	2.3697	0.2938	0.7315	0.6909	0.0407	1.9320	1.6789	0.2531	0.7715	0.3993	0.3723	0.0762	0.0697	0.0065	0.6953	0.3296	0.3657	0.5389	0.1836	43019.5673	12.3744	1.2287	103160.7446	0.4376	0.2019	12362.5650	1.2767	2.4670	0.0001	0.0709	0.0775	0.0001	1.4089	2.9724	0.0001
106	118	0.1529	7	0	1	1	1	0	0	0	0	N	N	N	N	N	N	N	N	N	N	N	N	0.9436	4.2900	inf	inf	0.0000	0.0000	0.0000	0.0000	0.0000	0.0000	0.0000	0.0000	0.0000	0.0000	0.0000	0.0000	0.0000	0.0000	0.0000	0.0000	0.0000	0.0000	0.0000	0.0000	inf	inf	0.0000	0.0000	20.0414	3.8827	7.0324	2.9998	0.0000	0.0000	0.0000	0.0000	0.0000	0.0000	0.0000	0.0000	0.0000	0.0000	0.0000	0.0000	0.0000	0.0000	0.0000	0.0000	0.0000	0.0000	0.3325	0.2954	0.0372	0.0745	0.0711	0.0033	0.2580	0.2242	0.0338	0.0955	0.0469	0.0485	0.0070	0.0057	0.0013	0.0885	0.0412	0.0473	0.9436	0.0000	4.2900	inf	0.0000	inf	0.0000	0.0000	0.0000	0.0000	0.0000	0.0000	0.0000	0.0000	0.0000	0.0000	0.0000	0.0000			
106	119	0.1499	6	0	1	0	1	0	0	0	0	N	N	N	N	N	N	N	N	N	N	N	N	189.4082	84.1934	3035.9690	50.3251	32.4154	inf	0.0000	0.0000	0.0003	0.0002	0.0007	0.0009	0.0007	0.0049	0.0000	0.0000	0.0000	0.0000	0.0000	0.0000	0.0000	0.0000	0.0000	0.0000	0.0000	0.0000	0.3334	0.0840	-0.0000	-0.0000	20.0414	2.8083	7.0324	0.0030	0.0001	0.0001	0.0000	0.0001	0.0001	0.0000	0.0000	0.0000	0.0000	0.0000	0.0000	0.0000	0.0000	0.0000	0.0000	0.0000	0.0000	0.0000	0.2934	0.2634	0.0301	0.0888	0.0847	0.0040	0.2047	0.1786	0.0261	0.0395	0.0194	0.0201	0.0029	0.0024	0.0005	0.0366	0.0170	0.0196	189.4082	84.1934	3035.9690	50.3251	32.4154	inf	0.0000	0.0000	0.0000	0.0000	0.0000	0.0000	0.0000	0.0000	0.0000	0.0000	0.0000	0.0000	
106	120	0.1499	6	0	1	1	1	0	0	0	0	N	N	N	N	N	N	N	N	N	N	N	N	5582339.0183	1654819.1087	181817019.9291	80795.7003	69224.6679	90904278.2614	inf	197044439.7251	2.3391	1.3109	10.7297	0.4283	0.4489	0.0000	2.9467	1.6113	11.9427	0.0000	0.0000	0.0000	0.0000	0.0000	0.0000	0.0000	0.0000	0.0000	1.0029	0.0772	0.4265	-0.0000	20.0414	9.6158	7.0324	0.0030	1.9970	0.9970	1.0000	0.0882	0.0882	0.0000	1.9088	0.9088	1.0000	0.0000	0.0000	0.0000	0.0000	0.0000	0.0000	0.0000	0.0000	0.0000	0.8537	0.7605	0.0932	0.2060	0.1965	0.0095	0.6478	0.5640	0.0837	0.1332	0.0654	0.0678	0.0098	0.0080	0.0018	0.1234	0.0574	0.0660	5582339.0183	1654819.1087	181817019.9291	80795.7003	69224.6679	0.0000	90904278.2614	inf	197044439.7251	0.0000	0.0000	0.0000	0.0000	0.0000	0.0000	0.0000	0.0000	0.0000	
106	121	0.1403	5	0	1	0	1	0	0	0	0	N	N	N	N	N	N	N	N	N	N	N	N	0.0814	0.0187	32.0877	1.8374	1.5655	14.4205	0.0015	0.0002	33.1429	0.0052	0.0059	0.0003	0.0192	0.0197	0.0001	0.0002	0.0001	0.0004	0.0633	0.3136	0.0000	0.0104	0.0126	0.0000	0.1083	0.7976	0.0000	0.0086	0.0006	-0.0007	-0.0006	20.0414	4.2457	7.0324	2.0144	0.0024	0.0023	0.0000	0.0023	0.0023	0.0000	0.0001	0.0000	0.0000	0.0009	0.0009	0.0000	0.0001	0.0001	0.0000	0.0008	0.0008	0.0000	0.4583	0.3990	0.0593	0.1201	0.1168	0.0033	0.3382	0.2822	0.0560	0.0985	0.0500	0.0485	0.0111	0.0100	0.0012	0.0874	0.0401	0.0473	0.5512	0.3189	32.0877	2.6281	2.4168	14.4205	0.0173	0.0062	33.1429	0.0093	0.0184	0.0000	0.0073	0.0082	0.0000	0.0096	0.0209	0.0000
106	122	0.0982	4	0	1	0	1	0	0	0	0	N	N	N	N	N	N	N	N	N	N	N	N	0.2957	0.1621	66.5229	3.7490	3.5124	0.2214	0.0008	0.0000	70.1164	0.8406	0.9541	0.0151	4.0098	4.1460	0.0000	0.0023	0.0000	0.0160	2.8426	5.8857	0.0002	1.0696	1.1804	0.0001	2.9352	6.2551	0.0002	0.0022	0.0000	-0.2652	-0.6283	20.0414	11.9190	7.0324	13.1740	0.9306	0.9286	0.0020	0.9286	0.9286	0.0000	0.0020	0.0000	0.0020	0.9999	0.9999	0.0000	0.0026	0.0026	0.0000	0.9973	0.9973	0.0000	1.1071	0.9732	0.1338	0.2316	0.2240	0.0076	0.8755	0.7493	0.1262	0.3518	0.1699	0.1819	0.0120	0.0104	0.0015	0.3398	0.1594	0.1803	0.2957	0.1621	66.5229	18.3274	16.5040	0.2214	0.0008	0.0000	70.1164	2.8426	5.8857	0.0002	0.2188	0.2512	0.0001	2.9352	6.2551	0.0002
106	123	0.5833	10	0	1	1	1	0	0	0	0	N	N	N	N	N	N	N	N	N	N	N	N	128.4614	60.4521	0.0000	0.0001	0.0000	11941776.3704	inf	0.0000	0.8725	0.9666	0.0000	0.0000	0.0000	0.0000	1.5293	1.7565	0.0000	0.0068	0.0160	0.0000	0.0113	0.0142	0.0000	0.0000	0.0000	0.0000	0.0000	0.0000	-0.2871	-0.0003	20.0414	12.8936	7.0324	4.1514	0.9999	0.9999	0.0000	0.0000	0.0000	0.0000	0.9999	0.9999	0.0000	0.0004	0.0004	0.0000	0.0004	0.0004	0.0000	0.0000	0.0000	0.0000	1.1461	1.0345	0.1116	0.4922	0.4652	0.0270	0.6539	0.5693	0.0846	0.1786	0.1074	0.0711	0.0567	0.0491	0.0076	0.1218	0.0583	0.0635	354.0717	236.0106	0.0000	0.0001	0.0001	0.0000	11941776.3704	inf	0.0000	0.0025	0.0041	0.0000	0.0078	0.0090	0.0000	0.0000	0.0000	0.0000	
106	124	0.1135	5	0	2	0	0	0	0	0	0	N	Y	N	N	N	N	N	N	N	N	N	N	7205.8100	3501.8505	224.5770	0.0225	0.0212	0.0000	270050.1673	26978.1135	245.4312	0.9056	1.0188	0.0018	0.0000	0.0001	0.0000	1.1402	1.3104	0.0019	0.0001	0.0003	0.0000	0.0022	0.0024	0.0000	0.0000	0.0000	0.0000	0.0002	0.0331	-0.2865	-0.0000	20.0414	12.7386	7.0324	8.7370	0.9985	0.9982	0.0002	0.0000	0.0000	0.0000	0.9984	0.9982	0.0002	0.0000	0.0000	0.0000	0.0000	0.0000	0.0000	0.0000	0.0000	0.0000	1.1026	0.9798	0.1228	0.2269	0.2180	0.0089	0.8757	0.7618	0.1139	0.3102	0.1513	0.1589	0.0174	0.0157	0.0016	0.2929	0.1356	0.1573	7205.8100	4084.8948	224.5770	0.0225	0.0212	0.0000	270050.1673	10095349.7518	245.4312	0.0001	0.0002	0.0000	0.0022	0.0024	0.0000	0.0000	0.0000	0.0000
106	125	0.0982	4	0	2	0	0	0	0	0	0	N	Y	N	N	N	N	N	N	N	N	N	N	1.2245	0.0307	616.3771	0.0027	0.0025	0.0000	45.2067	0.6306	651.4294	0.0176	0.0025	0.1259	0.0014	0.0014	0.0000	0.0223	0.0028	0.1331	0.0144	0.0807	0.0002	0.4999	0.5479	0.0002	0.0005	0.0045	0.0002	7.1317	0.0244	0.0088	-0.0004	20.0414	8.6431	7.0324	1.4782	0.0150	0.0018	0.0131	0.0003	0.0003	0.0000	0.0147	0.0016	0.0131	0.0007	0.0006	0.0000	0.0006	0.0006	0.0000	0.0000	0.0000	0.0000	0.8483	0.7441	0.1042	0.1892	0.1836	0.0056	0.6591	0.5605	0.0986	0.1496	0.0725	0.0771	0.0067	0.0060	0.0007	0.1429	0.0665	0.0764	3.9938	0.2781	616.3771	0.0142	0.0132	0.0000	121.1899	17.5629	651.4294	0.0044	0.0089	0.0002	0.0952	0.1055	0.0002	0.0002	0.0002	0.0002
106	126	0.0886	3	0	1	0	0	0	0	0	0	N	N	N	N	N	N	N	N	N	N	N	N	2.7292	0.3435	423.5143	47.3957	52.6926	0.0012	0.8271	0.0025	519.0792	0.0634	0.0400	0.2388	0.1485	0.1530	0.0000	0.0379	0.0016	0.2531	0.0232	0.1164	0.0006	0.0031	0.0029	0.0105	0.0458	0.6465	0.0005	0.7975	0.0448	0.0045	-0.0004	20.0414	4.1618	7.0324	2.0491	0.0286	0.0159	0.0127	0.0154	0.0154	0.0000	0.0132	0.0005	0.0127	0.0007	0.0006	0.0000	0.0000	0.0000	0.0000	0.0006	0.0006	0.0000	0.4515	0.3983	0.0532	0.1040	0.1010	0.0030	0.3475	0.2973	0.0502	0.1132	0.0619	0.0513	0.0129	0.0125	0.0004	0.1003	0.0494	0.0509	10.6385	3.8323	423.5143	47.3957	52.6926	0.0012	5.9962	0.1286	519.0792	0.0060	0.0104	0.0006	0.0031	0.0029	0.0105	0.0063	0.0123	0.0005
106	128	0.5956	11	1	2	0	0	0	0	0	0	N	Y	N	N	N	N	N	N	N	N	N	N	inf	inf	inf	inf	0.0000	0.0000	0.0000	0.0000	0.0000	0.0000	0.0000	0.0000	0.0000	0.0000	0.0000	0.0000	0.0000	0.0000	0.0000	0.0000	0.0000	0.0000	0.0000	-0.0000	0.0000	20.0414	2.0107	7.0324	1.9995	0.0000	0.0000	0.0000	0.0000	0.0000	0.0000	0.0000	0.0000	0.0000	0.0000	0.0000	0.0000	0.0000	0.0000	0.0000	0.0000	0.0000	0.0000	0.1691	0.1515	0.0175	0.0699	0.0656	0.0043	0.0992	0.0860	0.0132	0.0411	0.0254	0.0156	0.0136	0.0118	0.0018	0.0274	0.0136	0.0138	inf	inf	0.0000	0.0000	0.0000	0.0000	inf	inf	0.0000	0.0000	0.0000	0.0000	0.0000	0.0000	0.0000	0.0000	0.0000	0.0000						
106	129	0.5833	10	1	2	0	0	0	0	0	0	N	Y	N	N	N	N	N	N	N	N	N	N	31788.6573	340702.5305	0.0000	0.0000	0.0000	0.0000	69291.5388	inf	0.0000	0.0134	0.0147	0.0000	0.0000	0.0000	0.0000	0.0243	0.0279	0.0000	0.0000	0.0000	0.0000	0.0000	0.0000	0.0000	0.0000	0.0000	0.0000	0.0000	15.2502	-0.0022	0.0000	20.0414	5.6459	7.0324	1.1399	0.0075	0.0075	0.0000	0.0000	0.0000	0.0000	0.0075	0.0075	0.0000	0.0000	0.0000	0.0000	0.0000	0.0000	0.0000	0.0000	0.0000	0.0000	0.5620	0.5101	0.0519	0.2536	0.2409	0.0127	0.3084	0.2692	0.0392	0.0773	0.0463	0.0310	0.0255	0.0224	0.0031	0.0518	0.0239	0.0279	31788.6573	340702.5305	0.0000	0.0000	0.0000	0.0000	69291.5388	inf	0.0000	0.0000	0.0000	0.0000	0.0000	0.0000	0.0000	0.0000	0.0000	0.0000
106	130	0.5530	9	0	1	0	0	0	0	0	0	N	N	N	N	N	N	N	N	N	N	N	N	4834.7326	3507.7743	0.9068	161.6479	154.2655	0.0504	10757.9971	94272.6610	1.1700	0.8507	0.9479	0.0001	0.0686	0.0730	0.0000	1.5129	1.7548	0.0001	0.0002	0.0003	0.0001	0.0004	0.0005	0.0000	0.0001	0.0000	0.0001	0.0000	0.2494	-0.2980	-0.0000	20.0414	11.6079	7.0324	5.3766	1.0379	1.0379	0.0000	0.0384	0.0384	0.0000	0.9996	0.9996	0.0000	0.0000	0.0000	0.0000	0.0000	0.0000	0.0000	0.0000	0.0000	0.0000	1.2201	1.0949	0.1252	0.5594	0.5253	0.0341	0.6607	0.5696	0.0911	0.2144	0.1295	0.0849	0.0720	0.0638	0.0082	0.1424	0.0657	0.0767	4834.7326	4065.7273	0.9068	161.6479	154.2655	0.0504	29922.6917	33908129.0088	1.1700	0.0002	0.0002	0.0001	0.0004	0.0005	0.0000	0.0001	0.0000	0.0001
106	131	0.5351	8	0	1	0	0	0	0	0	0	N	N	N	N	N	N	N	N	N	N	N	N	83.6829	64.8034	32.5948	90.7642	94.1777	0.9316	178.2133	316.1115	49.5733	0.1733	0.1901	0.0217	0.1984	0.2109	0.0015	0.1535	0.1725	0.0289	0.0021	0.0029	0.0007	0.0022	0.0022	0.0016	0.0009	0.0005	0.0006	0.0127	0.2958	-0.0209	-0.0001	20.0414	3.9355	7.0324	8.7078	0.0760	0.0751	0.0010	0.0383	0.0383	0.0000	0.0377	0.0368	0.0009	0.0002	0.0002	0.0001	0.0002	0.0002	0.0000	0.0000	0.0000	0.0000	0.4386	0.3947	0.0439	0.1931	0.1816	0.0115	0.2455	0.2131	0.0324	0.2203	0.1450	0.0753	0.0822	0.0757	0.0064	0.1381	0.0693	0.0689	173.5213	162.3851	32.5948	90.7642	94.1777	0.9316	525.2508	57488.5736	49.5733	0.0010	0.0012	0.0007	0.0022	0.0022	0.0016	0.0003	0.0000	0.0006
106	132	0.5235	7	0	1	0	0	0	0	0	0	N	N	N	N	N	N	N	N	N	N	N	N	76.9203	84.4600	401.6670	72.1143	74.8126	1.5062	76.6401	37.8752	507.9986	0.3849	0.2974	1.1773	0.1549	0.1640	0.0026	0.5574	0.4063	1.5515	0.0050	0.0035	0.0029	0.0021	0.0022	0.0017	0.0073	0.0107	0.0031	0.4370	1.2377	0.0044	-0.0000	20.0414	6.2657	7.0324	3.9760	0.2606	0.1814	0.0793	0.0450	0.0449	0.0000	0.2156	0.1364	0.0792	0.0003	0.0002	0.0002	0.0001	0.0001	0.0000	0.0002	0.0000	0.0002	0.6772	0.6098	0.0673	0.2903	0.2740	0.0163	0.3869	0.3358	0.0511	0.1771	0.1123	0.0648	0.0663	0.0604	0.0059	0.1107	0.0518	0.0589	198.4664	217.5797	401.6670	72.1143	74.8126	1.5062	307.3048	1002.1361	507.9986	0.0019	0.0014	0.0029	0.0021	0.0022	0.0017	0.0018	0.0004	0.0031
106	133	0.4462	6	0	1	0	0	0	0	0	0	N	N	N	N	N	N	N	N	N	N	N	N	1.6999	2.0773	4.0091	5.2882	5.7245	0.1882	2.0454	1.2020	6.2284	0.5721	0.6038	0.2996	0.2503	0.2656	0.0068	0.7767	0.8372	0.3822	0.3366	0.2907	0.0747	0.0473	0.0464	0.0360	0.3797	0.6965	0.0614	0.0577	1.1924	-0.3233	-0.0012	20.0414	26.7012	7.0324	18.2690	1.3904	1.3145	0.0759	0.2364	0.2361	0.0004	1.1540	1.0784	0.0755	0.0147	0.0067	0.0080	0.0041	0.0035	0.0005	0.0106	0.0032	0.0074	2.4302	2.1769	0.2533	0.9445	0.8888	0.0557	1.4857	1.2881	0.1976	0.6512	0.3841	0.2672	0.1861	0.1687	0.0174	0.4651	0.2154	0.2498	25.4142	34.6802	10.0403	11.4739	12.6915	0.2226	34.0807	57.1188	12.8239	0.0225	0.0174	0.0298	0.0218	0.0209	0.0305	0.0228	0.0147	0.0298
106	134	0.2081	5	0	1	0	0	0	0	0	0	N	N	N	N	N	N	N	N	N	N	N	N	0.6591	0.4179	0.8687	0.0205	0.0193	4.8646	0.7683	0.3963	0.9681	1.0220	0.7095	3.5699	0.0193	0.0191	0.0218	1.3695	0.9681	4.1176	1.5506	1.6978	4.1095	0.9400	0.9900	0.0045	1.7826	2.4428	4.2534	0.6172	1.0014	0.4527	-0.2542	20.0414	61.4372	7.0324	55.8589	4.7901	2.9620	1.8281	0.0233	0.0218	0.0015	4.7668	2.9402	1.8266	1.9860	0.9923	0.9937	0.0164	0.0164	0.0000	1.9696	0.9759	0.9937	4.6869	4.1748	0.5121	1.2062	1.1377	0.0685	3.4807	3.0371	0.4436	1.3564	0.6916	0.6647	0.0901	0.0804	0.0097	1.2663	0.6112	0.6551	0.6980	0.4945	2.3881	0.1057	0.0939	4.8646	0.8805	0.6063	2.7145	1.4642	1.4347	1.4949	0.1825	0.2039	0.0045	1.5554	1.5967	1.5169
106	135	0.1177	4	0	1	0	0	0	0	0	0	N	N	N	N	N	N	N	N	N	N	N	N	1.0329	0.7811	0.5678	40.7683	36.4807	8.9814	0.0879	0.0430	0.0992	0.4307	0.4874	0.0029	2.5928	2.7092	0.0445	0.0425	0.0488	0.0004	0.4170	0.6240	0.0051	0.0636	0.0743	0.0050	0.4830	1.1336	0.0039	0.0008	0.0667	-0.3086	-0.0119	20.0414	31.7621	7.0324	18.5886	1.0776	1.0767	0.0008	0.9875	0.9867	0.0007	0.0901	0.0900	0.0001	0.0210	0.0197	0.0013	0.0014	0.0014	0.0000	0.0196	0.0183	0.0013	2.5020	2.2090	0.2929	0.3809	0.3642	0.0166	2.1211	1.8448	0.2763	0.7050	0.3686	0.3364	0.0504	0.0446	0.0058	0.6546	0.3240	0.3306	14.4527	9.1217	0.7405	92.2181	87.0880	8.9814	1.4189	0.8630	0.0992	0.0298	0.0534	0.0039	0.0281	0.0311	0.0050	0.0299	0.0565	0.0039
107	109	0.1547	5	0	1	0	0	0	0	0	0	N	N	N	N	N	N	N	N	N	N	N	N	1.9751	1.4044	137.6849	0.3828	0.3908	2164.7233	60.7974	36.6467	184.1049	1.2426	1.2001	1.6403	0.6440	0.6603	0.1354	1.5080	1.4654	1.8048	0.6291	0.8545	0.0119	1.6822	1.6897	0.0001	0.0248	0.0400	0.0098	0.1460	0.0568	-0.3183	-0.0087	7.0315	40.5309	1.2144	14.7974	1.9931	1.7391	0.2540	0.3173	0.3153	0.0021	1.6758	1.4239	0.2519	0.0151	0.0142	0.0008	0.0141	0.0141	0.0000	0.0009	0.0001	0.0008	1.6040	1.4491	0.1548	0.4927	0.4775	0.0153	1.1113	0.9717	0.1396	0.2506	0.1369	0.1138	0.0330	0.0303	0.0027	0.2177	0.1066	0.1111	20.6826	11.5281	230.4897	1.5031	1.4140	2164.7233	355.1835	1362.8825	247.5918	0.0601	0.1041	0.0071	0.4285	0.4670	0.0001	0.0042	0.0011	0.0073
107	110	0.1287	4	0	1	0	0	0	0	0	0	N	N	N	N	N	N	N	N	N	N	N	N	175.0276	0.8634	19081.8266	0.7376	0.5003	384.5204	655.6025	0.6167	20527.8511	1.5176	0.0174	15.4946	0.0177	0.0140	0.1438	2.1763	0.0191	16.9749	0.0087	0.0202	0.0008	0.0240	0.0281	0.0004	0.0033	0.0309	0.0008	95.5038	0.1359	0.6399	-0.0001	7.0315	13.5236	1.2144	3.5331	0.9109	0.0094	0.9015	0.0032	0.0025	0.0007	0.9077	0.0069	0.9007	0.0003	0.0002	0.0000	0.0002	0.0002	0.0000	0.0001	0.0000	0.0000	0.6002	0.5420	0.0582	0.1832	0.1781	0.0051	0.4171	0.3640	0.0531	0.0916	0.0512	0.0404	0.0153	0.0140	0.0013	0.0763	0.0372	0.0391	507.0662	3.6940	19081.8266	1.3078	0.9517	384.5204	2481.0233	20.4939	20527.8511	0.0030	0.0047	0.0008	0.0135	0.0148	0.0004	0.0009	0.0009	0.0008
107	111	0.0728	3	0	0	0	0	0	0	0	0	N	N	N	N	N	N	N	N	N	N	N	N	1.0557	1.0202	6.5991	1.1564	1.3617	0.0465	0.6351	0.1637	10.1198	0.0137	0.0083	0.0602	0.0300	0.0305	0.0019	0.0086	0.0006	0.0628	0.0129	0.0082	0.0091	0.0260	0.0224	0.0400	0.0136	0.0037	0.0062	0.8287	1.9436	0.0016	0.0000	7.0315	16.9399	1.2144	15.9768	0.0094	0.0052	0.0043	0.0049	0.0049	0.0000	0.0046	0.0003	0.0043	0.0007	0.0002	0.0004	0.0003	0.0002	0.0000	0.0004	0.0000	0.0004	0.6912	0.6201	0.0711	0.1628	0.1597	0.0031	0.5284	0.4604	0.0680	0.1690	0.0921	0.0768	0.0190	0.0175	0.0015	0.1500	0.0746	0.0754	3.3998	3.3263	10.3166	2.1037	2.4195	0.0555	3.1710	4.8773	11.8825	0.0040	0.0025	0.0058	0.0143	0.0126	0.0335	0.0027	0.0001	0.0053
107	112	0.1189	5	1	1	0	1	0	0	0	0	N	N	N	N	N	N	N	N	N	N	N	N	0.3917	0.0004	795180.5148	0.0041	0.0024	inf	0.5954	0.0000	785299.9832	0.2027	0.0003	1.5858	0.0010	0.0007	0.0450	0.3376	0.0000	1.6263	0.5175	0.7436	0.0000	0.2532	0.2802	0.0000	0.5670	1.2858	0.0000	701.8442	0.0000	0.0000	-0.0003	7.0315	0.0019	1.2144	1.9928	0.0000	0.0000	0.0000	0.0000	0.0000	0.0000	0.0000	0.0000	0.0000	0.0004	0.0004	0.0000	0.0001	0.0001	0.0000	0.0003	0.0003	0.0000	0.0002	0.0002	0.0000	0.0001	0.0001	0.0000	0.0001	0.0001	0.0000	0.0100	0.0054	0.0046	0.0015	0.0014	0.0002	0.0084	0.0040	0.0044	4.8311	0.0043	795180.5148	0.0179	0.0104	inf	8.6638	0.0004	785299.9832	0.0420	0.0774	0.0000	0.0585	0.0657	0.0000	0.0390	0.0813	0.0000
107	113	0.0953	4	1	1	0	1	0	0	0	0	N	N	N	N	N	N	N	N	N	N	N	N	476.5918	1.2941	18919.0555	2.0227	1.4664	394.3027	1465.7242	0.3173	19769.0731	2.3902	0.0113	21.9507	0.0397	0.0340	0.3293	3.3366	0.0009	23.1113	0.0050	0.0088	0.0012	0.0196	0.0232	0.0008	0.0023	0.0027	0.0012	235.4800	0.4103	0.6772	-0.0000	7.0315	8.6942	1.2144	6.0502	0.9556	0.0040	0.9515	0.0046	0.0038	0.0007	0.9510	0.0002	0.9508	0.0001	0.0001	0.0000	0.0001	0.0001	0.0000	0.0000	0.0000	0.0000	0.3998	0.3564	0.0433	0.1148	0.1126	0.0022	0.2850	0.2439	0.0411	0.0744	0.0382	0.0362	0.0087	0.0077	0.0010	0.0657	0.0305	0.0352	1231.2586	4.2269	18919.0555	3.4106	2.6210	394.3027	5040.0849	11.3386	19769.0731	0.0019	0.0027	0.0012	0.0116	0.0130	0.0008	0.0007	0.0001	0.0012
107	114	0.1164	8	0	1	0	1	0	0	0	0	N	N	N	N	N	N	N	N	N	N	N	N	0.0000	0.0000	0.0000	0.0000	0.0000	0.0000	0.0000	0.0000	0.0000	0.0000	0.0000	0.0000	0.0000	0.0011	0.0000	0.0008	0.0000	0.0000	0.0000	0.0026	0.0000	0.0009	inf	0.0000	0.0000	7.0315	0.0001	1.2144	0.0001	0.0000	0.0000	0.0000	0.0000	0.0000	0.0000	0.0000	0.0000	0.0000	0.0000	0.0000	0.0000	0.0000	0.0000	0.0000	0.0000	0.0000	0.0000	0.0000	0.0000	0.0000	0.0000	0.0000	0.0000	0.0000	0.0000	0.0000	0.0000	0.0000	0.0000	0.0000	0.0000	0.0000	0.0000	0.0000	0.0000	0.0000	0.0000	0.0000	0.0000	0.0000	0.0000	0.0000	0.0000	0.0000	0.0006	0.0000	0.0008	0.0000	0.0000	0.0000	0.0007	0.0000	0.0009						
107	115	0.1097	7	0	1	0	1	0	0	0	0	N	N	N	N	N	N	N	N	N	N	N	N	0.0000	0.0000	0.0000	0.0000	0.0000	0.0000	0.0000	0.0000	0.0000	0.0000	0.0000	0.0000	0.0000	0.0000	0.0000	0.0000	0.0038	0.0024	0.0021	0.0062	0.0077	0.0000	0.0045	0.0000	0.0021	2.0000	0.0000	0.0000	7.0315	3.0007	1.2144	1.0012	0.0000	0.0000	0.0000	0.0000	0.0000	0.0000	0.0000	0.0000	0.0000	0.0000	0.0000	0.0000	0.0000	0.0000	0.0000	0.0000	0.0000	0.0000	0.1274	0.1149	0.0125	0.0359	0.0351	0.0008	0.0915	0.0798	0.0117	0.0195	0.0099	0.0096	0.0020	0.0018	0.0003	0.0174	0.0081	0.0093	0.0000	0.0000	0.0000	0.0000	0.0000	0.0000	0.0000	0.0000	0.0000	0.0015	0.0010	0.0021	0.0049	0.0057	0.0000	0.0011	0.0000	0.0021			
107	116	0.1079	6	0	0	0	1	0	0	0	0	N	N	N	N	N	N	N	N	N	N	N	N	0.2091	0.0539	1.2288	0.0489	0.0291	inf	0.2929	1.2258	0.0000	0.0000	0.0000	0.0000	0.0000	0.0000	0.0000	0.0000	0.0000	0.0000	0.0000	0.0000	0.0000	0.0000	0.0000	0.0000	0.0000	0.0000	8.9999	3.6042	0.0000	0.0000	7.0315	1.1177	1.2144	0.0023	0.0000	0.0000	0.0000	0.0000	0.0000	0.0000	0.0000	0.0000	0.0000	0.0000	0.0000	0.0000	0.0000	0.0000	0.0000	0.0000	0.0000	0.0000	0.0494	0.0446	0.0048	0.0151	0.0147	0.0004	0.0343	0.0299	0.0044	0.0055	0.0028	0.0027	0.0006	0.0005	0.0001	0.0049	0.0023	0.0026	0.2091	0.0539	1.2288	0.0489	0.0291	inf	0.2929	0.0000	1.2258	0.0000	0.0000	0.0000	0.0000	0.0000	0.0000	0.0000	0.0000	0.0000	
107	117	0.1631	4	0	1	0	0	0	0	0	0	N	N	N	N	N	N	N	N	N	N	N	N	5.7001	2.9178	79.0240	14.3987	9.1325	601.9515	5.1870	1.1001	82.1846	0.6856	0.5709	1.6271	0.4959	0.3576	2.5270	0.7935	0.7022	1.3834	0.1203	0.1957	0.0206	0.0344	0.0392	0.0042	0.1530	0.6383	0.0168	0.3471	0.7109	-0.0276	-0.0007	7.0315	31.2782	1.2144	23.9277	0.9384	0.6966	0.2418	0.2463	0.1663	0.0800	0.6921	0.5304	0.1618	0.0032	0.0019	0.0013	0.0006	0.0006	0.0000	0.0026	0.0013	0.0013	1.3689	1.2203	0.1486	0.4967	0.4650	0.0317	0.8722	0.7553	0.1169	0.2663	0.1413	0.1250	0.0350	0.0325	0.0025	0.2313	0.1089	0.1225	57.0412	43.1334	152.8918	28.2278	19.2233	601.9515	70.9828	60.3536	128.3999	0.0120	0.0132	0.0106	0.0176	0.0186	0.0042	0.0112	0.0116	0.0108
107	118	0.1079	6	0	0	1	1	0	0	0	0	N	N	N	N	N	N	N	N	N	N	N	N	0.0000	0.0000	8.5334	0.0000	0.0000	inf	2.0114	8.4285	0.0000	0.0000	0.0000	0.0000	0.0000	0.0000	0.0000	0.0000	0.0000	0.0066	0.0205	0.0000	0.0514	0.0624	0.0000	0.0000	0.0000	0.0000	8.9999	0.0001	0.0000	-0.0001	7.0315	3.8827	1.2144	2.9998	0.0000	0.0000	0.0000	0.0000	0.0000	0.0000	0.0000	0.0000	0.0000	0.0001	0.0001	0.0000	0.0001	0.0001	0.0000	0.0000	0.0000	0.0000	0.1660	0.1498	0.0162	0.0478	0.0467	0.0011	0.1182	0.1031	0.0151	0.0332	0.0168	0.0164	0.0034	0.0030	0.0005	0.0298	0.0139	0.0159	0.0001	0.0000	8.5334	0.0000	0.0000	inf	2.0114	0.0000	8.4285	0.0024	0.0048	0.0000	0.0233	0.0269	0.0000	0.0000	0.0000	0.0000	
107	119	0.1050	5	0	0	0	1	0	0	0	0	N	N	N	N	N	N	N	N	N	N	N	N	206.4491	37.8111	1491.2495	32.0723	18.6050	inf	352.9207	inf	1516.3864	0.0015	0.0002	0.0141	0.0008	0.0005	0.0091	0.0018	0.0000	0.0148	0.0000	0.0000	0.0000	0.0000	0.0000	0.0000	0.0000	0.0000	0.0000	7.8203	1.8986	0.0001	0.0000	7.0315	2.8083	1.2144	0.0030	0.0002	0.0000	0.0002	0.0000	0.0000	0.0000	0.0002	0.0000	0.0002	0.0000	0.0000	0.0000	0.0000	0.0000	0.0000	0.0000	0.0000	0.0000	0.1393	0.1264	0.0129	0.0473	0.0458	0.0014	0.0921	0.0806	0.0115	0.0138	0.0070	0.0068	0.0014	0.0012	0.0002	0.0123	0.0057	0.0066	206.4491	37.8111	1491.2495	32.0723	18.6050	inf	352.9207	inf	1516.3864	0.0000	0.0000	0.0000	0.0000	0.0000	0.0000	0.0000	0.0000	0.0000
107	120	0.1050	5	0	0	1	1	0	0	0	0	N	N	N	N	N	N	N	N	N	N	N	N	195983.7022	365759.7464	278.0359	103238.2104	92376.6341	194316.7347	inf	294.5529	0.3694	0.4087	0.0007	0.5675	0.5827	0.0000	0.2854	0.3264	0.0008	0.0000	0.0000	0.0000	0.0000	0.0000	0.0000	0.0000	0.0000	0.0000	0.0002	2.3324	-0.0445	0.0000	7.0315	9.6158	1.2144	0.0030	0.1549	0.1549	0.0000	0.0709	0.0709	0.0000	0.0841	0.0840	0.0000	0.0000	0.0000	0.0000	0.0000	0.0000	0.0000	0.0000	0.0000	0.0000	0.4195	0.3791	0.0404	0.1249	0.1216	0.0033	0.2946	0.2575	0.0371	0.0463	0.0234	0.0229	0.0048	0.0042	0.0006	0.0415	0.0193	0.0222	195983.7022	365759.7464	278.0359	103238.2104	92376.6341	0.0000	194316.7347	inf	294.5529	0.0000	0.0000	0.0000	0.0000	0.0000	0.0000	0.0000	0.0000	0.0000	
107	121	0.0953	4	0	0	0	1	0	0	0	0	N	N	N	N	N	N	N	N	N	N	N	N	8.7121	6.6214	1.3237	11.2325	9.8266	0.2939	0.1351	0.0094	1.3550	0.0180	0.0202	0.0010	0.0579	0.0588	0.0001	0.0002	0.0000	0.0011	0.0021	0.0031	0.0008	0.0052	0.0060	0.0002	0.0014	0.0028	0.0008	0.0066	0.5813	-0.0011	-0.0000	7.0315	4.2457	1.2144	2.0144	0.0039	0.0039	0.0000	0.0039	0.0039	0.0000	0.0000	0.0000	0.0000	0.0000	0.0000	0.0000	0.0000	0.0000	0.0000	0.0000	0.0000	0.0000	0.2182	0.1928	0.0254	0.0674	0.0663	0.0011	0.1508	0.1265	0.0243	0.0339	0.0176	0.0163	0.0046	0.0042	0.0004	0.0293	0.0134	0.0159	18.0376	16.6720	1.3237	13.1566	12.2288	0.2939	0.4183	0.3267	1.3550	0.0010	0.0012	0.0008	0.0044	0.0048	0.0002	0.0005	0.0001	0.0008
107	122	0.0532	3	0	0	0	1	0	0	0	0	N	N	N	N	N	N	N	N	N	N	N	N	0.4691	0.2862	7.3690	7.5792	6.9648	1.2496	0.2835	0.0002	8.9633	0.2096	0.1149	0.9889	0.3749	0.3815	0.0011	0.1475	0.0002	1.0337	0.4468	0.4014	0.1342	0.0495	0.0548	0.0009	0.5203	0.8308	0.1153	1.0464	1.7527	0.0254	0.0000	7.0315	11.9190	1.2144	13.1740	0.1133	0.0554	0.0579	0.0553	0.0553	0.0000	0.0580	0.0001	0.0579	0.0041	0.0015	0.0026	0.0002	0.0002	0.0000	0.0039	0.0013	0.0026	0.5404	0.4819	0.0586	0.1475	0.1450	0.0025	0.3929	0.3369	0.0560	0.1219	0.0608	0.0611	0.0081	0.0075	0.0007	0.1138	0.0533	0.0605	6.3062	4.7429	23.4320	16.5148	15.4859	1.2496	4.3407	0.0063	24.2350	0.0332	0.0242	0.0422	0.0227	0.0246	0.0009	0.0340	0.0242	0.0427
107	123	0.5384	9	0	0	1	1	0	0	0	0	N	N	N	N	N	N	N	N	N	N	N	N	0.0018	0.0005	0.0032	0.0173	0.0151	7.9338	0.0008	0.0002	0.0000	0.0001	0.0001	0.0000	0.0000	0.0000	0.0000	0.0001	0.0002	0.0000	0.0467	0.1921	0.0017	0.0014	0.0016	0.0000	0.1605	0.8120	0.0019	0.0056	0.0872	-0.0000	-0.0003	7.0315	12.8936	1.2144	4.1514	0.0000	0.0000	0.0000	0.0000	0.0000	0.0000	0.0000	0.0000	0.0000	0.0005	0.0004	0.0000	0.0000	0.0000	0.0000	0.0005	0.0004	0.0000	0.5520	0.5038	0.0482	0.2487	0.2380	0.0107	0.3033	0.2658	0.0375	0.0576	0.0344	0.0232	0.0183	0.0159	0.0024	0.0393	0.0185	0.0208	0.0099	0.0070	0.0032	0.0173	0.0151	7.9338	0.0113	0.0066	0.0000	0.0084	0.0130	0.0017	0.0014	0.0016	0.0000	0.0117	0.0228	0.0019
107	124	0.0685	4	0	1	0	0	0	0	0	0	N	N	N	N	N	N	N	N	N	N	N	N	0.0673	0.0249	0.6248	0.0084	0.0076	0.6049	0.3271	0.0462	0.6385	0.0005	0.0005	0.0003	0.0005	0.0005	0.0002	0.0005	0.0005	0.0003	0.0074	0.0207	0.0005	0.0583	0.0652	0.0003	0.0015	0.0113	0.0005	0.0677	0.1066	-0.0001	-0.0002	7.0315	12.7386	1.2144	8.7370	0.0003	0.0003	0.0000	0.0001	0.0001	0.0000	0.0002	0.0002	0.0000	0.0003	0.0003	0.0000	0.0002	0.0002	0.0000	0.0000	0.0000	0.0000	0.5431	0.4900	0.0531	0.1477	0.1447	0.0030	0.3954	0.3453	0.0501	0.1072	0.0539	0.0533	0.0092	0.0085	0.0007	0.0980	0.0454	0.0527	0.1866	0.1077	0.6248	0.0189	0.0178	0.6049	1.0369	1.1952	0.6385	0.0027	0.0048	0.0005	0.0260	0.0280	0.0003	0.0005	0.0004	0.0005
107	125	0.0532	3	0	1	0	0	0	0	0	0	N	N	N	N	N	N	N	N	N	N	N	N	1.9236	0.7688	27.0946	4.9020	4.6538	0.0362	0.5824	0.0006	28.9162	0.0077	0.0060	0.0212	0.0188	0.0191	0.0001	0.0034	0.0001	0.0221	0.0040	0.0078	0.0008	0.0038	0.0041	0.0025	0.0058	0.1461	0.0008	0.4402	0.3242	0.0001	-0.0000	7.0315	8.6431	1.2144	1.4782	0.0032	0.0022	0.0010	0.0022	0.0022	0.0000	0.0010	0.0000	0.0010	0.0001	0.0001	0.0000	0.0000	0.0000	0.0000	0.0001	0.0000	0.0000	0.4110	0.3652	0.0457	0.1160	0.1141	0.0019	0.2950	0.2511	0.0439	0.0518	0.0259	0.0259	0.0039	0.0036	0.0003	0.0479	0.0222	0.0256	4.8263	2.4943	27.0946	5.2564	5.2181	0.0362	2.3357	0.0380	28.9162	0.0016	0.0024	0.0008	0.0036	0.0037	0.0025	0.0014	0.0022	0.0008
107	126	0.0436	2	0	0	0	0	0	0	0	0	N	N	N	N	N	N	N	N	N	N	N	N	6.3223	2.7003	35.6637	3.7734	4.1886	0.0414	10.6492	1.7663	69.9005	0.1351	0.1079	0.2385	0.2488	0.2509	0.0084	0.0775	0.0040	0.2418	0.0214	0.0400	0.0067	0.0659	0.0599	0.2023	0.0073	0.0023	0.0035	0.5802	0.5422	0.0031	-0.0001	7.0315	4.1618	1.2144	2.0491	0.0386	0.0244	0.0142	0.0239	0.0239	0.0000	0.0147	0.0005	0.0142	0.0002	0.0001	0.0001	0.0002	0.0001	0.0000	0.0001	0.0000	0.0001	0.2857	0.2263	0.0594	0.0961	0.0952	0.0009	0.1896	0.1310	0.0586	0.0398	0.0221	0.0177	0.0058	0.0056	0.0002	0.0340	0.0165	0.0176	23.5822	16.1167	52.7345	8.6994	9.6210	0.0799	42.6912	66.8894	69.9005	0.0057	0.0067	0.0045	0.0286	0.0261	0.1048	0.0018	0.0001	0.0035
107	128	0.5506	10	1	1	0	0	0	0	0	0	N	N	N	N	N	N	N	N	N	N	N	N	219.7506	360.6296	0.0000	16.2994	14.9599	435.7745	inf	0.0000	0.0004	0.0004	0.0000	0.0000	0.0000	0.0000	0.0007	0.0008	0.0000	0.0000	0.0000	0.0000	0.0000	0.0000	0.0000	0.0000	0.0000	0.0000	0.0000	1.4207	-0.0000	-0.0000	7.0315	2.0107	1.2144	1.9995	0.0000	0.0000	0.0000	0.0000	0.0000	0.0000	0.0000	0.0000	0.0000	0.0000	0.0000	0.0000	0.0000	0.0000	0.0000	0.0000	0.0000	0.0000	0.0805	0.0730	0.0075	0.0363	0.0343	0.0020	0.0443	0.0387	0.0056	0.0132	0.0081	0.0051	0.0044	0.0038	0.0006	0.0088	0.0043	0.0045	219.7506	360.6296	0.0000	16.2994	14.9599	0.0000	435.7745	inf	0.0000	0.0000	0.0000	0.0000	0.0000	0.0000	0.0000	0.0000	0.0000	0.0000	
107	129	0.5384	9	1	1	0	0	0	0	0	0	N	N	N	N	N	N	N	N	N	N	N	N	563.6607	995.3480	0.0000	68.5693	63.0971	597.6237	inf	0.0000	0.5820	0.6355	0.0000	0.0518	0.0540	0.0000	1.0444	1.1901	0.0000	0.0010	0.0006	0.0009	0.0008	0.0009	0.0000	0.0017	0.0000	0.0010	0.0000	1.4226	-0.0443	-0.0000	7.0315	5.6459	1.2144	1.1399	0.1542	0.1542	0.0000	0.0064	0.0064	0.0000	0.1478	0.1478	0.0000	0.0000	0.0000	0.0000	0.0000	0.0000	0.0000	0.0000	0.0000	0.0000	0.2650	0.2427	0.0223	0.1234	0.1185	0.0050	0.1416	0.1242	0.0173	0.0251	0.0149	0.0102	0.0083	0.0073	0.0010	0.0168	0.0076	0.0092	959.6913	1507.1209	0.0000	68.5693	63.0971	0.0000	1961.5738	inf	0.0000	0.0006	0.0004	0.0009	0.0008	0.0009	0.0000	0.0005	0.0000	0.0010	
107	130	0.5080	8	0	0	0	0	0	0	0	0	N	N	N	N	N	N	N	N	N	N	N	N	3.0506	3.8156	17.6844	14.4978	8.7004	20198.7846	0.2012	1.8972	0.0869	0.0136	0.0098	0.0501	0.0272	0.0182	0.1845	0.0013	0.0015	0.0003	0.0045	0.0026	0.0028	0.0019	0.0021	0.0000	0.0066	0.0008	0.0031	0.5348	1.6609	0.0005	-0.0000	7.0315	11.6079	1.2144	5.3766	0.0078	0.0051	0.0027	0.0074	0.0047	0.0027	0.0004	0.0004	0.0000	0.0001	0.0000	0.0001	0.0000	0.0000	0.0000	0.0001	0.0000	0.0001	0.5721	0.5181	0.0541	0.2712	0.2566	0.0146	0.3009	0.2615	0.0394	0.0741	0.0455	0.0287	0.0260	0.0233	0.0027	0.0481	0.0222	0.0259	7.7423	9.0914	17.6844	14.4978	8.7004	20198.7846	0.7882	247.0298	0.0869	0.0018	0.0011	0.0028	0.0019	0.0021	0.0000	0.0017	0.0000	0.0031
107	131	0.4902	7	0	0	0	0	0	0	0	0	N	N	N	N	N	N	N	N	N	N	N	N	7.4342	5.1790	47.4956	18.2281	13.4792	1111.4890	3.3976	0.7434	0.9858	0.0707	0.0649	0.1249	0.1173	0.0977	0.4179	0.0303	0.0343	0.0028	0.0095	0.0125	0.0026	0.0064	0.0073	0.0004	0.0089	0.0462	0.0028	0.2052	0.3867	-0.0017	-0.0001	7.0315	3.9355	1.2144	8.7078	0.0147	0.0122	0.0025	0.0113	0.0088	0.0025	0.0034	0.0033	0.0000	0.0002	0.0002	0.0001	0.0001	0.0001	0.0000	0.0001	0.0000	0.0001	0.2074	0.1874	0.0200	0.0963	0.0904	0.0059	0.1111	0.0970	0.0141	0.0748	0.0495	0.0253	0.0286	0.0265	0.0022	0.0462	0.0230	0.0231	22.1824	18.6978	47.4956	23.1192	17.9163	1111.4890	15.0262	28.7316	0.9858	0.0032	0.0035	0.0026	0.0051	0.0055	0.0004	0.0020	0.0012	0.0028
107	132	0.4785	6	0	0	0	0	0	0	0	0	N	N	N	N	N	N	N	N	N	N	N	N	6.8635	5.6767	16.4903	27.7309	22.6206	1105.5898	2.5869	0.2419	2.6222	0.0900	0.0904	0.0864	0.1244	0.1144	0.3016	0.0616	0.0689	0.0121	0.0131	0.0159	0.0052	0.0045	0.0051	0.0003	0.0238	0.2848	0.0046	0.0996	0.5564	-0.0056	-0.0001	7.0315	6.2657	1.2144	3.9760	0.0286	0.0260	0.0026	0.0179	0.0156	0.0023	0.0107	0.0105	0.0003	0.0002	0.0002	0.0001	0.0001	0.0001	0.0000	0.0002	0.0001	0.0001	0.3181	0.2881	0.0300	0.1437	0.1360	0.0077	0.1743	0.1520	0.0223	0.0602	0.0384	0.0218	0.0231	0.0212	0.0020	0.0371	0.0173	0.0198	22.1789	22.1273	21.5468	31.2974	26.4849	1105.5898	14.9968	18.1451	2.7624	0.0041	0.0041	0.0040	0.0040	0.0043	0.0003	0.0041	0.0038	0.0044
107	133	0.4012	5	0	0	0	0	0	0	0	0	N	N	N	N	N	N	N	N	N	N	N	N	27.4856	12.3615	46.2077	20.9934	19.1442	138.0905	48.5820	3.0555	39.9167	0.4517	0.5000	0.0857	0.3641	0.3777	0.1234	0.5151	0.6001	0.0767	0.0164	0.0404	0.0019	0.0173	0.0197	0.0009	0.0106	0.1964	0.0019	0.0226	0.1837	-0.1453	-0.0005	7.0315	26.7012	1.2144	18.2690	0.5483	0.5362	0.0121	0.1856	0.1822	0.0034	0.3627	0.3539	0.0088	0.0011	0.0009	0.0002	0.0007	0.0007	0.0000	0.0004	0.0002	0.0002	1.2139	1.0723	0.1415	0.5097	0.4825	0.0272	0.7042	0.5898	0.1144	0.2238	0.1340	0.0898	0.0682	0.0622	0.0059	0.1557	0.0718	0.0839	94.2118	73.9089	46.2077	34.4726	32.8901	138.0905	227.0940	224.4976	39.9167	0.0048	0.0068	0.0019	0.0106	0.0115	0.0009	0.0023	0.0027	0.0019
107	134	0.1631	4	0	0	0	0	0	0	0	0	N	N	N	N	N	N	N	N	N	N	N	N	2.9360	1.2589	48.1333	0.8748	0.5582	216.8585	6.8079	0.9140	48.0840	0.3761	0.3468	0.6362	0.1873	0.1277	1.2385	0.4730	0.4685	0.5045	0.1281	0.2755	0.0132	0.2141	0.2289	0.0057	0.0695	0.5126	0.0105	0.2068	0.4155	-0.1017	-0.0019	7.0315	61.4372	1.2144	55.8589	0.8788	0.7282	0.1506	0.1484	0.0958	0.0526	0.7304	0.6324	0.0980	0.0058	0.0041	0.0017	0.0025	0.0025	0.0000	0.0032	0.0016	0.0017	2.3367	2.1000	0.2367	0.7927	0.7502	0.0425	1.5440	1.3498	0.1942	0.4672	0.2457	0.2215	0.0474	0.0435	0.0039	0.4197	0.2021	0.2176	30.5318	20.9570	83.4136	3.5407	2.2379	216.8585	61.1499	59.9442	65.8475	0.0123	0.0165	0.0076	0.0529	0.0571	0.0057	0.0077	0.0078	0.0077
107	135	0.0728	3	0	0	0	0	0	0	0	0	N	N	N	N	N	N	N	N	N	N	N	N	8.6234	9.4640	17.7078	15.7890	20.0051	40.7345	9.8995	4.5296	16.4125	2.4779	2.6609	0.8611	0.6495	0.5707	4.7419	3.0310	3.3713	0.6861	0.2874	0.2812	0.0486	0.0411	0.0285	0.1164	0.3062	0.7443	0.0418	0.0366	1.1665	-0.7747	-0.0004	7.0315	31.7621	1.2144	18.5886	3.0764	2.9677	0.1087	0.1873	0.1614	0.0258	2.8892	2.8063	0.0829	0.0048	0.0022	0.0026	0.0005	0.0003	0.0002	0.0043	0.0019	0.0024	1.2415	1.1153	0.1262	0.2883	0.2829	0.0054	0.9532	0.8324	0.1208	0.2435	0.1310	0.1125	0.0250	0.0228	0.0022	0.2185	0.1081	0.1103	126.0135	157.6929	37.5846	32.7518	38.3066	66.5905	154.2892	194.9651	31.2550	0.0197	0.0169	0.0229	0.0198	0.0149	0.0712	0.0196	0.0173	0.0220
108	109	0.1446	4	0	1	0	0	0	0	0	0	N	N	N	N	N	N	N	N	N	N	N	N	1.1548	0.4040	38.1478	0.2031	0.1788	7.0656	1.1480	0.3132	42.8765	1.1931	0.5738	5.8967	0.0241	0.0247	0.0094	1.3953	0.6784	6.2223	1.0332	1.4205	0.1546	0.1187	0.1384	0.0013	1.2154	2.1657	0.1451	1.3530	0.0614	0.9285	-0.1391	16.2725	40.5309	4.4748	14.7974	3.2253	1.3707	1.8546	0.0096	0.0095	0.0002	3.2156	1.3612	1.8544	0.2438	0.2297	0.0141	0.0034	0.0033	0.0000	0.2405	0.2264	0.0141	2.7032	2.3887	0.3145	0.3986	0.3821	0.0165	2.3046	2.0066	0.2980	0.6639	0.3615	0.3024	0.0844	0.0748	0.0096	0.5795	0.2867	0.2928	3.2490	0.9030	126.4045	0.6074	0.5543	7.0656	3.3627	0.8592	129.2500	0.3672	0.6355	0.0466	0.0397	0.0446	0.0013	0.4149	0.7896	0.0481
108	110	0.1187	3	0	1	0	0	0	0	0	0	N	N	N	N	N	N	N	N	N	N	N	N	0.0904	0.0292	5.8560	0.1266	0.1267	0.0126	0.0871	0.0070	6.9268	0.0555	0.0221	0.2885	0.0867	0.0902	0.0004	0.0496	0.0080	0.3029	0.6135	0.7571	0.0493	0.6854	0.7119	0.0308	0.5703	1.1376	0.0437	1.8622	0.2126	0.0210	-0.0068	16.2725	13.5236	4.4748	3.5331	0.0578	0.0202	0.0376	0.0142	0.0142	0.0000	0.0437	0.0061	0.0376	0.0150	0.0123	0.0026	0.0065	0.0063	0.0001	0.0085	0.0060	0.0025	1.0430	0.9126	0.1305	0.1632	0.1570	0.0062	0.8798	0.7556	0.1242	0.2655	0.1517	0.1139	0.0517	0.0463	0.0054	0.2138	0.1054	0.1084	0.9844	0.2723	12.5244	0.6908	0.6574	0.0144	1.2541	0.1410	13.2639	0.0563	0.0813	0.0230	0.1256	0.1372	0.0269	0.0396	0.0568	0.0228
108	111	0.0627	2	0	0	0	0	0	0	0	0	N	N	N	N	N	N	N	N	N	N	N	N	0.1463	0.2985	0.0036	1.5524	1.5097	0.1449	0.0020	0.0122	0.0035	0.4099	0.4661	0.0335	9.4093	9.5869	0.0001	0.0049	0.0004	0.0337	2.8024	1.5613	9.3916	6.0612	6.3503	0.0009	2.4901	0.0358	9.5736	0.0107	4.2836	-0.1295	0.2249	16.2725	16.9399	4.4748	15.9768	0.4683	0.4633	0.0050	0.4629	0.4629	0.0000	0.0054	0.0004	0.0050	1.2333	0.2334	0.9999	0.2332	0.2332	0.0000	1.0001	0.0002	0.9999	1.1426	0.9941	0.1485	0.0492	0.0483	0.0009	1.0934	0.9458	0.1476	0.4401	0.2382	0.2019	0.0385	0.0367	0.0018	0.4016	0.2014	0.2002	0.1463	0.4756	0.0068	1.5524	1.5097	0.1449	0.0020	0.4335	0.0068	2.8024	0.9801	4.9514	6.0612	6.3503	0.0009	2.4901	0.0010	4.9947
108	112	0.1088	4	1	1	0	1	0	0	0	0	N	N	N	N	N	N	N	N	N	N	N	N	0.0001	0.0000	42.8150	92.1212	84.6337	0.0002	0.0000	42.3193	0.0049	0.0005	0.0358	0.0009	0.0009	0.0000	0.0070	0.0001	0.0363	37.7608	68.8679	0.0008	0.0000	0.0000	0.0000	43.0150	86.4214	0.0009	11.3484	0.0000	0.0000	-0.6258	16.2725	0.0019	4.4748	1.9928	0.0000	0.0000	0.0000	0.0000	0.0000	0.0000	0.0000	0.0000	0.0000	0.9960	0.9960	0.0000	0.0000	0.0000	0.0000	0.9960	0.9960	0.0000	0.0004	0.0003	0.0000	0.0001	0.0001	0.0000	0.0002	0.0002	0.0000	0.0264	0.0145	0.0119	0.0032	0.0029	0.0003	0.0232	0.0115	0.0116	0.0001	0.0000	42.8150	92.1212	84.6337	0.0000	0.0002	0.0000	42.3193	37.7608	68.8679	0.0008	0.0000	0.0000	0.0000	43.0150	86.4214	0.0009	
108	113	0.0853	3	1	1	0	1	0	0	0	0	N	N	N	N	N	N	N	N	N	N	N	N	0.2347	0.0117	451.5497	5.5558	5.2024	0.5048	0.2077	0.0014	465.7652	0.0671	0.0061	0.4648	0.0337	0.0343	0.0009	0.0719	0.0014	0.4734	0.2858	0.5252	0.0010	0.0061	0.0066	0.0018	0.3463	1.0162	0.0010	11.6262	0.0259	0.0289	-0.0023	16.2725	8.6942	4.4748	6.0502	0.0456	0.0036	0.0420	0.0029	0.0029	0.0000	0.0427	0.0007	0.0420	0.0038	0.0037	0.0001	0.0001	0.0001	0.0000	0.0037	0.0036	0.0001	0.6797	0.5894	0.0903	0.0866	0.0850	0.0016	0.5931	0.5044	0.0887	0.1963	0.1024	0.0939	0.0183	0.0168	0.0015	0.1780	0.0856	0.0924	3.4361	0.1680	451.5497	6.9254	6.6777	0.5048	3.4220	0.0323	465.7652	0.0195	0.0365	0.0010	0.0049	0.0051	0.0018	0.0210	0.0426	0.0010
108	114	0.1064	7	0	1	0	1	0	0	0	0	N	N	N	N	N	N	N	N	N	N	N	N	0.0000	0.0000	0.0000	0.0000	0.0000	0.0000	0.0000	0.0000	0.0000	0.0000	0.0000	0.0000	0.0000	0.0010	0.0024	0.0000	0.0012	0.0013	0.0000	0.0000	0.0000	0.0000	0.1667	0.0000	-0.0000	16.2725	0.0001	4.4748	0.0001	0.0000	0.0000	0.0000	0.0000	0.0000	0.0000	0.0000	0.0000	0.0000	0.0000	0.0000	0.0000	0.0000	0.0000	0.0000	0.0000	0.0000	0.0000	0.0000	0.0000	0.0000	0.0000	0.0000	0.0000	0.0000	0.0000	0.0000	0.0000	0.0000	0.0000	0.0000	0.0000	0.0000	0.0000	0.0000	0.0000	0.0000	0.0000	0.0000	0.0000	0.0000	0.0000	0.0000	0.0000	0.0000	0.0006	0.0010	0.0000	0.0012	0.0013	0.0000	0.0000	0.0000	0.0000						
108	115	0.0997	6	0	1	0	1	0	0	0	0	N	N	N	N	N	N	N	N	N	N	N	N	0.0000	0.0000	0.0000	0.0000	0.0000	0.0000	0.0000	0.0000	0.0000	0.0000	0.0000	0.0000	0.0000	0.0000	0.0000	0.0000	0.0032	0.0071	0.0004	0.0254	0.0306	0.0000	0.0006	0.0000	0.0004	0.1667	0.0000	-0.0000	16.2725	3.0007	4.4748	1.0012	0.0000	0.0000	0.0000	0.0000	0.0000	0.0000	0.0000	0.0000	0.0000	0.0001	0.0001	0.0000	0.0001	0.0001	0.0000	0.0000	0.0000	0.0000	0.2099	0.1840	0.0259	0.0217	0.0209	0.0008	0.1882	0.1631	0.0251	0.0512	0.0265	0.0247	0.0043	0.0038	0.0005	0.0469	0.0227	0.0243	0.0000	0.0000	0.0000	0.0000	0.0000	0.0000	0.0000	0.0000	0.0000	0.0014	0.0023	0.0004	0.0140	0.0157	0.0000	0.0002	0.0000	0.0004			
108	116	0.0978	5	0	0	0	1	0	0	0	0	N	N	N	N	N	N	N	N	N	N	N	N	1125.1318	0.0078	28521.9296	0.0000	0.0000	7562.1313	inf	29307.2029	0.0028	0.0000	0.0233	0.0000	0.0000	0.0000	0.0033	0.0000	0.0244	0.0000	0.0000	0.0000	0.0000	0.0000	0.0000	0.0000	0.0000	0.0000	99981.0000	0.1893	0.0002	-0.0000	16.2725	1.1177	4.4748	0.0023	0.0002	0.0000	0.0002	0.0000	0.0000	0.0000	0.0002	0.0000	0.0002	0.0000	0.0000	0.0000	0.0000	0.0000	0.0000	0.0000	0.0000	0.0000	0.0823	0.0724	0.0099	0.0117	0.0113	0.0004	0.0706	0.0611	0.0094	0.0144	0.0074	0.0070	0.0012	0.0011	0.0001	0.0132	0.0064	0.0068	1125.1318	0.0078	28521.9296	0.0000	0.0000	0.0000	7562.1313	inf	29307.2029	0.0000	0.0000	0.0000	0.0000	0.0000	0.0000	0.0000	0.0000	0.0000	
108	117	0.1531	3	0	1	0	0	0	0	0	0	N	N	N	N	N	N	N	N	N	N	N	N	0.8021	0.6189	2.5994	0.3953	0.3806	0.0004	4.2508	80.1063	7.5753	0.9870	1.0747	0.3041	2.2431	2.3476	0.0013	0.7094	0.7660	0.3272	1.2305	1.7365	0.1170	5.6750	6.1681	3.0424	0.1669	0.0096	0.0432	0.0363	0.0215	-0.5374	-0.3776	16.2725	31.2782	4.4748	23.9277	2.1319	2.0572	0.0748	0.8771	0.8771	0.0000	1.2549	1.1801	0.0747	0.6217	0.6086	0.0131	0.6143	0.6085	0.0057	0.0075	0.0001	0.0074	2.1600	1.9141	0.2459	0.3910	0.3736	0.0174	1.7690	1.5405	0.2285	0.7329	0.3996	0.3334	0.1082	0.0987	0.0096	0.6247	0.3009	0.3238	1.1635	0.7056	7.7370	0.3953	0.3806	0.0022	59.2830	2034.3458	14.3901	0.8483	1.5232	0.0393	5.6750	6.1681	0.5991	0.0120	0.0004	0.0227
108	118	0.0978	5	0	0	1	1	0	0	0	0	N	N	N	N	N	N	N	N	N	N	N	N	0.4561	inf	3.6219	0.2450	inf	3.6807	0.0008	0.0000	0.0069	0.0000	0.0000	0.0000	0.0009	0.0000	0.0071	0.0018	0.0000	0.0019	0.0000	0.0000	0.0000	0.0039	0.0000	0.0019	99981.0000	inf	0.0002	0.0000	16.2725	3.8827	4.4748	2.9998	0.0002	0.0000	0.0002	0.0000	0.0000	0.0000	0.0002	0.0000	0.0002	0.0001	0.0000	0.0001	0.0000	0.0000	0.0000	0.0001	0.0000	0.0001	0.2746	0.2411	0.0335	0.0315	0.0303	0.0012	0.2432	0.2108	0.0324	0.0874	0.0452	0.0423	0.0072	0.0064	0.0008	0.0802	0.0387	0.0415	0.9149	inf	3.6219	0.0000	0.0000	0.0000	0.9481	inf	3.6807	0.0009	0.0000	0.0019	0.0000	0.0000	0.0000	0.0010	0.0000	0.0019			
108	119	0.0949	4	0	0	0	1	0	0	0	0	N	N	N	N	N	N	N	N	N	N	N	N	654658.3329	35.5718	3377598.0064	57.8098	17.1380	inf	810932.7710	0.1884	3593082.9742	4.1244	0.0001	36.9960	0.0003	0.0001	0.0048	5.2011	0.0001	40.0960	0.0000	0.0000	0.0000	0.0000	0.0000	0.0000	0.0000	0.0003	0.0000	68157.1837	5.3919	0.7114	0.0000	16.2725	2.8083	4.4748	0.0030	0.9980	0.0000	0.9980	0.0000	0.0000	0.0000	0.9980	0.0000	0.9980	0.0000	0.0000	0.0000	0.0000	0.0000	0.0000	0.0000	0.0000	0.0000	0.2420	0.2150	0.0270	0.0501	0.0480	0.0021	0.1919	0.1670	0.0249	0.0364	0.0187	0.0177	0.0031	0.0027	0.0003	0.0333	0.0160	0.0173	654658.3329	35.5718	3377598.0064	57.8098	17.1380	inf	810932.7710	46.9071	3593082.9742	0.0000	0.0000	0.0000	0.0000	0.0000	0.0000	0.0000	0.0000	0.0000
108	120	0.0949	4	0	0	1	1	0	0	0	0	N	N	N	N	N	N	N	N	N	N	N	N	57755.7702	154381.1717	0.0000	5529.7648	5129.2723	69006.3117	1246.6297	0.0000	0.1126	0.1278	0.0000	0.0174	0.0181	0.0000	0.1271	0.1463	0.0000	0.0000	0.0000	0.0000	0.0000	0.0000	0.0000	0.0000	0.0001	0.0000	0.0000	3.5752	-0.0228	0.0000	16.2725	9.6158	4.4748	0.0030	0.0793	0.0793	0.0000	0.0016	0.0016	0.0000	0.0777	0.0777	0.0000	0.0000	0.0000	0.0000	0.0000	0.0000	0.0000	0.0000	0.0000	0.0000	0.7046	0.6207	0.0839	0.0934	0.0897	0.0037	0.6113	0.5310	0.0803	0.1222	0.0629	0.0593	0.0101	0.0090	0.0011	0.1121	0.0539	0.0582	57755.7702	154381.1717	0.0000	5529.7648	5129.2723	0.0000	69006.3117	386737.5399	0.0000	0.0000	0.0000	0.0000	0.0000	0.0000	0.0000	0.0000	0.0000	0.0000	
108	121	0.0853	3	0	0	0	1	0	0	0	0	N	N	N	N	N	N	N	N	N	N	N	N	7.1676	1.2360	184.4314	4.9026	5.1256	0.0326	6.4333	0.0036	277.2120	0.0074	0.0028	0.0358	0.0139	0.0140	0.0001	0.0061	0.0001	0.0364	0.0010	0.0023	0.0002	0.0028	0.0027	0.0041	0.0009	0.0139	0.0001	2.0591	0.1766	0.0011	-0.0000	16.2725	4.2457	4.4748	2.0144	0.0028	0.0009	0.0019	0.0009	0.0009	0.0000	0.0019	0.0000	0.0019	0.0001	0.0000	0.0000	0.0000	0.0000	0.0000	0.0000	0.0000	0.0000	0.3803	0.3272	0.0531	0.0656	0.0648	0.0009	0.3146	0.2624	0.0522	0.0903	0.0480	0.0424	0.0106	0.0100	0.0007	0.0797	0.0380	0.0417	12.2384	2.9053	184.4314	4.9026	5.1256	0.0326	19.5760	0.0986	277.2120	0.0006	0.0010	0.0002	0.0028	0.0027	0.0041	0.0003	0.0005	0.0001
108	122	0.0431	2	0	0	0	1	0	0	0	0	N	N	N	N	N	N	N	N	N	N	N	N	6.7065	0.0115	857.0236	0.0352	0.0364	0.0000	70.3838	0.0003	1280.7098	1.0029	0.0041	7.5770	0.0333	0.0337	0.0000	1.1189	0.0000	7.6487	0.1495	0.3576	0.0088	0.9462	0.9248	0.6562	0.0159	0.0232	0.0060	280.3667	0.2668	0.6528	-0.0019	16.2725	11.9190	4.4748	13.1740	0.9204	0.0033	0.9171	0.0033	0.0033	0.0000	0.9171	0.0000	0.9171	0.0045	0.0035	0.0009	0.0035	0.0034	0.0001	0.0010	0.0001	0.0008	0.9177	0.7967	0.1210	0.0981	0.0970	0.0011	0.8196	0.6997	0.1199	0.3306	0.1665	0.1641	0.0190	0.0186	0.0004	0.3116	0.1479	0.1637	74.3442	0.1942	1324.0275	0.1807	0.1837	0.0000	365.4037	0.0081	1489.8972	0.0135	0.0211	0.0057	0.1843	0.1834	0.2203	0.0031	0.0008	0.0051
108	123	0.5283	8	0	0	1	1	0	0	0	0	N	N	N	N	N	N	N	N	N	N	N	N	0.1081	0.0706	0.0009	0.3332	0.2705	inf	0.0000	0.0000	0.0000	0.0000	0.0000	0.0000	0.0001	0.0001	0.0000	0.0000	0.0000	0.0000	0.0003	0.0006	0.0001	0.0003	0.0004	0.0000	0.0008	0.0103	0.0002	0.0003	0.2089	-0.0000	-0.0000	16.2725	12.8936	4.4748	4.1514	0.0000	0.0000	0.0000	0.0000	0.0000	0.0000	0.0000	0.0000	0.0000	0.0000	0.0000	0.0000	0.0000	0.0000	0.0000	0.0000	0.0000	0.0000	0.9096	0.8170	0.0926	0.3128	0.2977	0.0151	0.5968	0.5193	0.0776	0.1731	0.1015	0.0716	0.0654	0.0506	0.0149	0.1077	0.0509	0.0567	0.1294	0.1021	0.0009	0.3332	0.2705	inf	0.0000	0.0000	0.0000	0.0003	0.0004	0.0001	0.0003	0.0004	0.0000	0.0003	0.0004	0.0002
108	124	0.0584	3	0	1	0	0	0	0	0	0	N	N	N	N	N	N	N	N	N	N	N	N	0.2488	0.3838	0.0892	0.4222	0.6574	0.0000	0.0156	0.1090	0.1190	0.0010	0.0012	0.0002	0.0106	0.0108	0.0000	0.0000	0.0000	0.0002	0.0042	0.0030	0.0021	0.0251	0.0164	0.3136	0.0032	0.0003	0.0016	0.0226	1.7199	-0.0003	0.0000	16.2725	12.7386	4.4748	8.7370	0.0010	0.0009	0.0000	0.0009	0.0009	0.0000	0.0000	0.0000	0.0000	0.0005	0.0002	0.0003	0.0002	0.0002	0.0001	0.0002	0.0000	0.0002	0.9108	0.8000	0.1108	0.0863	0.0845	0.0019	0.8244	0.7155	0.1089	0.2822	0.1431	0.1391	0.0175	0.0170	0.0005	0.2647	0.1261	0.1386	0.6294	0.9662	0.0892	0.7588	1.0646	0.0000	0.0584	31.1347	0.1190	0.0017	0.0012	0.0021	0.0139	0.0102	0.1396	0.0009	0.0000	0.0016
108	125	0.0431	2	0	1	0	0	0	0	0	0	N	N	N	N	N	N	N	N	N	N	N	N	0.0578	0.0454	0.3079	0.1474	0.1505	0.0000	0.0255	0.0014	0.4291	0.0233	0.0257	0.0079	0.1775	0.1792	0.0000	0.0012	0.0000	0.0080	0.4040	0.5665	0.0258	1.2048	1.1909	1.0203	0.0484	0.0140	0.0187	0.0478	0.2887	-0.0040	-0.0017	16.2725	8.6431	4.4748	1.4782	0.0164	0.0157	0.0007	0.0157	0.0157	0.0000	0.0008	0.0000	0.0007	0.0042	0.0032	0.0009	0.0033	0.0032	0.0001	0.0009	0.0000	0.0008	0.7040	0.6097	0.0943	0.0882	0.0874	0.0008	0.6158	0.5223	0.0935	0.1472	0.0744	0.0728	0.0127	0.0124	0.0003	0.1344	0.0620	0.0724	0.8257	0.5929	0.6205	0.6859	0.6954	0.0000	0.1920	0.0391	0.6974	0.0283	0.0434	0.0128	0.2588	0.2577	0.3001	0.0064	0.0005	0.0115
108	128	0.5405	9	1	1	0	0	0	0	0	0	N	N	N	N	N	N	N	N	N	N	N	N	3998.8581	17179.6176	0.0000	9.7931	7.9540	4246.0612	inf	0.0000	0.0013	0.0015	0.0000	0.0000	0.0000	0.0000	0.0020	0.0023	0.0000	0.0000	0.0000	0.0000	0.0000	0.0000	0.0000	0.0000	0.0000	0.0000	0.0000	5.4215	-0.0001	0.0000	16.2725	2.0107	4.4748	1.9995	0.0002	0.0002	0.0000	0.0000	0.0000	0.0000	0.0002	0.0002	0.0000	0.0000	0.0000	0.0000	0.0000	0.0000	0.0000	0.0000	0.0000	0.0000	0.1330	0.1186	0.0143	0.0447	0.0424	0.0024	0.0882	0.0763	0.0119	0.0388	0.0232	0.0156	0.0157	0.0121	0.0036	0.0231	0.0111	0.0120	3998.8581	17179.6176	0.0000	9.7931	7.9540	0.0000	4246.0612	inf	0.0000	0.0000	0.0000	0.0000	0.0000	0.0000	0.0000	0.0000	0.0000	0.0000	
108	129	0.5283	8	1	1	0	0	0	0	0	0	N	N	N	N	N	N	N	N	N	N	N	N	14285.6435	54920.0701	0.0000	34.8837	28.8100	6023.5738	80430.3768	0.0000	1.9029	2.1058	0.0000	0.0016	0.0017	0.0000	3.0326	3.4780	0.0000	0.0001	0.0000	0.0003	0.0000	0.0001	0.0000	0.0005	0.0000	0.0003	0.0000	6.4284	-0.2439	0.0000	16.2725	5.6459	4.4748	1.1399	0.8496	0.8496	0.0000	0.0003	0.0003	0.0000	0.8493	0.8493	0.0000	0.0000	0.0000	0.0000	0.0000	0.0000	0.0000	0.0000	0.0000	0.0000	0.4465	0.4034	0.0430	0.1664	0.1592	0.0071	0.2801	0.2442	0.0359	0.0749	0.0437	0.0312	0.0289	0.0229	0.0061	0.0460	0.0209	0.0251	14285.6435	68532.1441	0.0000	34.8837	28.8100	0.0000	16146.6516	30245240.1197	0.0000	0.0001	0.0000	0.0003	0.0000	0.0001	0.0000	0.0002	0.0000	0.0003	
108	130	0.4980	7	0	0	0	0	0	0	0	0	N	N	N	N	N	N	N	N	N	N	N	N	0.2457	6.1925	0.0011	13.6411	11.6359	3.7655	0.0090	0.2827	0.0008	0.0036	0.0040	0.0000	0.0085	0.0090	0.0000	0.0005	0.0005	0.0000	0.0145	0.0006	0.0194	0.0006	0.0008	0.0000	0.0529	0.0019	0.0205	0.0007	16.8450	-0.0010	0.0003	16.2725	11.6079	4.4748	5.3766	0.0034	0.0034	0.0000	0.0031	0.0031	0.0000	0.0003	0.0003	0.0000	0.0009	0.0001	0.0008	0.0000	0.0000	0.0000	0.0009	0.0000	0.0008	0.9655	0.8635	0.1020	0.3702	0.3506	0.0196	0.5954	0.5129	0.0824	0.2031	0.1194	0.0837	0.0772	0.0621	0.0151	0.1259	0.0573	0.0686	0.8017	9.4015	0.0022	13.6411	11.6359	3.7655	0.0701	12.4986	0.0013	0.0044	0.0004	0.0101	0.0006	0.0008	0.0000	0.0068	0.0000	0.0124
108	131	0.4801	6	0	0	0	0	0	0	0	0	N	N	N	N	N	N	N	N	N	N	N	N	0.0749	0.0691	0.0710	0.2275	0.2175	0.0738	0.0563	0.0221	0.0870	0.0367	0.0413	0.0028	0.0773	0.0804	0.0023	0.0132	0.0152	0.0028	0.4897	0.5972	0.0388	0.3398	0.3695	0.0317	0.2340	0.6911	0.0323	0.0090	0.2177	-0.0037	-0.0034	16.2725	3.9355	4.4748	8.7078	0.0131	0.0130	0.0001	0.0102	0.0101	0.0000	0.0030	0.0029	0.0001	0.0075	0.0062	0.0013	0.0057	0.0054	0.0003	0.0019	0.0008	0.0010	0.3582	0.3155	0.0428	0.1313	0.1262	0.0052	0.2269	0.1893	0.0376	0.2004	0.1278	0.0726	0.0803	0.0690	0.0113	0.1201	0.0588	0.0613	0.9741	0.8514	0.1481	1.0954	1.0361	0.0846	0.8418	1.0635	0.1660	0.0377	0.0485	0.0186	0.0706	0.0776	0.0276	0.0157	0.0143	0.0169
108	132	0.4685	5	0	0	0	0	0	0	0	0	N	N	N	N	N	N	N	N	N	N	N	N	0.0595	0.0413	2.3983	0.1507	0.1394	0.2511	0.0380	0.0082	3.0566	0.0370	0.0318	0.0759	0.0637	0.0662	0.0038	0.0223	0.0102	0.0858	0.6218	0.7704	0.0316	0.4228	0.4753	0.0150	0.5871	1.2390	0.0281	0.3180	0.1127	-0.0009	-0.0049	16.2725	6.2657	4.4748	3.9760	0.0205	0.0155	0.0049	0.0125	0.0125	0.0000	0.0080	0.0031	0.0049	0.0093	0.0084	0.0009	0.0053	0.0052	0.0001	0.0040	0.0032	0.0008	0.5527	0.4876	0.0651	0.1961	0.1883	0.0079	0.3566	0.2994	0.0572	0.1612	0.0994	0.0618	0.0648	0.0551	0.0097	0.0964	0.0443	0.0522	0.6397	0.3775	4.9608	0.7764	0.7059	0.2511	0.5368	0.1406	5.5913	0.0579	0.0843	0.0153	0.0821	0.0938	0.0150	0.0416	0.0725	0.0153
108	133	0.3912	4	0	0	0	0	0	0	0	0	N	N	N	N	N	N	N	N	N	N	N	N	0.3597	0.2464	4.4201	1.7777	1.5224	7.2778	0.1962	0.0085	5.5974	0.1095	0.1201	0.0243	0.3571	0.3726	0.0566	0.0056	0.0034	0.0194	0.3043	0.4873	0.0055	0.2009	0.2447	0.0078	0.0286	0.4046	0.0035	0.0251	0.0881	-0.0548	-0.0070	16.2725	26.7012	4.4748	18.2690	0.2087	0.2036	0.0051	0.2012	0.1996	0.0016	0.0075	0.0040	0.0036	0.0129	0.0118	0.0010	0.0110	0.0107	0.0003	0.0019	0.0011	0.0008	1.9066	1.6957	0.2109	0.5633	0.5358	0.0275	1.3433	1.1600	0.1834	0.6293	0.3744	0.2548	0.2178	0.1811	0.0367	0.4115	0.1933	0.2182	5.3534	3.8016	5.9354	7.0604	6.2883	7.2778	1.2475	0.6058	5.5974	0.0204	0.0316	0.0041	0.0506	0.0593	0.0078	0.0045	0.0057	0.0035
108	134	0.1531	3	0	0	0	0	0	0	0	0	N	N	N	N	N	N	N	N	N	N	N	N	0.3811	0.1888	0.5910	0.3370	0.3212	8.2508	0.2222	0.0215	0.5997	0.4536	0.2843	1.7721	1.4754	1.4933	1.1209	0.2526	0.0249	1.8208	1.1905	1.5060	2.9985	4.3772	4.6487	0.1359	1.1365	1.1596	3.0364	0.8007	0.5907	0.2709	-0.2304	16.2725	61.4372	4.4748	55.8589	1.7196	0.9549	0.7646	0.9196	0.8860	0.0336	0.8000	0.0689	0.7310	0.8966	0.5637	0.3329	0.5322	0.5314	0.0008	0.3644	0.0323	0.3321	3.7907	3.3592	0.4315	0.6233	0.5933	0.0300	3.1673	2.7658	0.4015	1.2346	0.6585	0.5762	0.1246	0.1143	0.0102	1.1100	0.5441	0.5659	0.6246	0.3321	3.0667	0.3453	0.3212	14.2542	0.7694	0.4204	3.1023	0.7262	0.8561	0.5779	4.2729	4.6487	0.0786	0.3283	0.0593	0.5869
108	135	0.0627	2	0	0	0	0	0	0	0	0	N	N	N	N	N	N	N	N	N	N	N	N	0.2842	0.0475	1.0112	0.1349	0.1659	0.0014	0.2735	0.0412	0.9768	0.6959	0.1412	4.4813	0.1250	0.1272	0.0060	0.7218	0.1419	4.5096	2.4490	2.9701	4.4318	0.9264	0.7670	4.2019	2.6391	3.4453	4.6166	4.6508	0.5438	0.7695	-0.4280	16.2725	31.7621	4.4748	18.5886	1.4358	0.2541	1.1817	0.0112	0.0112	0.0000	1.4247	0.2429	1.1817	1.5501	1.0041	0.5460	0.0087	0.0069	0.0018	1.5414	0.9972	0.5442	2.0632	1.7995	0.2637	0.0894	0.0877	0.0017	1.9738	1.7118	0.2620	0.6330	0.3381	0.2949	0.0489	0.0463	0.0026	0.5841	0.2917	0.2923	0.2842	0.0475	2.4203	0.7006	0.8544	0.0085	0.2735	0.0415	2.4225	2.4490	2.9701	1.8516	0.1784	0.1489	0.7135	2.6391	3.4182	1.8615
109	112	0.2857	7	1	2	0	1	0	0	0	0	N	Y	N	N	N	N	N	N	N	N	N	N	0.1599	0.1269	inf	0.1688	0.1596	inf	1.4565	0.0550	inf	0.0864	0.0949	0.0206	0.1886	0.1915	0.0034	0.0231	0.0234	0.0215	0.5403	0.7477	0.0000	1.1174	1.2000	0.0000	0.0158	0.4258	0.0000	0.0281	0.0000	-0.0000	-0.0017	40.5309	0.0019	14.7974	1.9928	0.0001	0.0001	0.0000	0.0001	0.0001	0.0000	0.0000	0.0000	0.0000	0.0027	0.0027	0.0000	0.0025	0.0025	0.0000	0.0001	0.0001	0.0000	0.0008	0.0007	0.0001	0.0003	0.0003	0.0000	0.0005	0.0004	0.0001	0.0599	0.0345	0.0255	0.0111	0.0098	0.0013	0.0489	0.0246	0.0242	1.9195	1.2126	inf	0.8193	0.7374	inf	7.5796	3.8790	inf	0.0450	0.0783	0.0000	0.2302	0.2596	0.0000	0.0030	0.0060	0.0000
109	113	0.2621	6	1	2	0	1	0	0	0	0	N	Y	N	N	N	N	N	N	N	N	N	N	0.5254	0.3192	13419.6690	15.5668	14.3607	143.0538	0.3425	0.1842	20141.2400	1.1318	1.2446	0.2830	2.2645	2.4074	0.0248	0.8688	0.9526	0.3105	2.1542	3.8985	0.0000	0.1455	0.1676	0.0002	2.5365	5.1712	0.0000	0.0302	0.0000	-0.4272	-0.6198	40.5309	8.6942	14.7974	6.0502	1.6571	1.6085	0.0486	0.6248	0.6244	0.0004	1.0323	0.9841	0.0482	0.9863	0.9863	0.0000	0.0031	0.0030	0.0000	0.9833	0.9833	0.0000	1.4642	1.2924	0.1717	0.2759	0.2594	0.0166	1.1882	1.0331	0.1552	0.4579	0.2530	0.2049	0.0702	0.0629	0.0074	0.3877	0.1901	0.1975	0.5254	0.3192	13419.6690	52.1185	49.6222	143.0538	0.3425	0.1842	20141.2400	2.1542	3.8985	0.0000	0.0434	0.0485	0.0002	2.5365	5.1712	0.0000
109	114	0.2832	10	0	2	0	1	0	0	0	0	N	Y	N	N	N	N	N	N	N	N	N	N	0.0000	0.0000	0.0000	0.0000	0.0000	0.0000	0.0000	0.0000	0.0000	0.0000	0.0000	0.0000	0.0000	0.0010	0.0030	0.0000	0.0014	0.0014	0.0000	0.0000	0.0000	0.0000	0.0000	0.0000	-0.0000	40.5309	0.0001	14.7974	0.0001	0.0000	0.0000	0.0000	0.0000	0.0000	0.0000	0.0000	0.0000	0.0000	0.0000	0.0000	0.0000	0.0000	0.0000	0.0000	0.0000	0.0000	0.0000	0.0000	0.0000	0.0000	0.0000	0.0000	0.0000	0.0000	0.0000	0.0000	0.0000	0.0000	0.0000	0.0000	0.0000	0.0000	0.0000	0.0000	0.0000	0.0000	0.0000	0.0000	0.0000	0.0000	0.0000	0.0000	0.0000	0.0000	0.0006	0.0012	0.0000	0.0014	0.0014	0.0000	0.0000	0.0000	0.0000						
109	115	0.2765	9	0	2	0	1	0	0	0	0	N	Y	N	N	N	N	N	N	N	N	N	N	0.0000	0.0000	0.0000	0.0000	0.0000	0.0000	0.0000	0.0000	0.0000	0.0000	0.0000	0.0000	0.0000	0.0000	0.0000	0.0034	0.0084	0.0000	0.0152	0.0186	0.0000	0.0000	0.0000	0.0000	0.0001	0.0000	-0.0001	40.5309	3.0007	14.7974	1.0012	0.0000	0.0000	0.0000	0.0000	0.0000	0.0000	0.0000	0.0000	0.0000	0.0002	0.0002	0.0000	0.0002	0.0002	0.0000	0.0000	0.0000	0.0000	0.4807	0.4239	0.0568	0.0759	0.0720	0.0039	0.4047	0.3519	0.0529	0.1193	0.0656	0.0537	0.0176	0.0154	0.0022	0.1017	0.0502	0.0515	0.0000	0.0000	0.0000	0.0000	0.0000	0.0000	0.0000	0.0000	0.0000	0.0014	0.0026	0.0000	0.0097	0.0110	0.0000	0.0000	0.0000	0.0000				
109	116	0.2746	8	0	1	0	1	0	0	0	0	N	N	N	N	N	N	N	N	N	N	N	N	0.0024	0.0005	9.1130	0.0021	0.0010	inf	0.0000	0.0000	0.0000	0.0000	0.0000	0.0000	0.0000	0.0000	0.0000	0.0000	0.0000	0.0004	0.0010	0.0000	0.0020	0.0023	0.0000	0.0000	0.0000	0.0000	0.8865	0.0006	0.0000	-0.0000	40.5309	1.1177	14.7974	0.0023	0.0000	0.0000	0.0000	0.0000	0.0000	0.0000	0.0000	0.0000	0.0000	0.0000	0.0000	0.0000	0.0000	0.0000	0.0000	0.0000	0.0000	0.0000	0.1891	0.1674	0.0217	0.0373	0.0354	0.0018	0.1518	0.1320	0.0199	0.0336	0.0184	0.0151	0.0049	0.0043	0.0006	0.0286	0.0141	0.0145	0.0029	0.0009	9.1130	0.0021	0.0010	inf	0.0000	0.0000	0.0000	0.0003	0.0005	0.0000	0.0020	0.0023	0.0000	0.0000	0.0000	0.0000	
109	117	0.2716	4	0	2	0	0	0	0	0	0	N	Y	N	N	N	N	N	N	N	N	N	N	0.2974	0.2216	0.1158	0.2214	0.2230	0.3497	0.2077	0.1309	0.1032	0.4152	0.4659	0.0005	0.9249	0.9743	0.0013	0.2728	0.3118	0.0004	1.3962	2.1020	0.0039	4.1779	4.3701	0.0037	1.3134	2.3808	0.0035	0.0001	0.0013	-0.5970	-1.1900	40.5309	31.2782	14.7974	23.9277	2.0800	2.0798	0.0002	1.0118	1.0118	0.0001	1.0682	1.0680	0.0002	1.8978	1.8953	0.0025	0.9744	0.9743	0.0001	0.9234	0.9210	0.0024	5.0100	4.4640	0.5460	1.0940	1.0384	0.0556	3.9160	3.4256	0.4904	1.6206	0.9017	0.7189	0.2563	0.2345	0.0218	1.3643	0.6672	0.6972	0.3545	0.2216	0.1307	0.2432	0.2345	0.3497	0.4030	0.2258	0.1032	1.1710	2.1020	0.0035	3.8022	4.1547	0.0037	0.6768	1.3804	0.0035
109	118	0.2746	8	0	1	1	1	0	0	0	0	N	N	N	N	N	N	N	N	N	N	N	N	1.2971	0.7992	15.0295	1.1210	1.0337	inf	0.0000	0.0000	0.0001	0.0001	0.0000	0.0004	0.0004	0.0000	0.0000	0.0000	0.0000	0.0000	0.0001	0.0000	0.0003	0.0004	0.0000	0.0000	0.0000	0.0000	0.0016	0.0005	-0.0000	-0.0000	40.5309	3.8827	14.7974	2.9998	0.0000	0.0000	0.0000	0.0000	0.0000	0.0000	0.0000	0.0000	0.0000	0.0000	0.0000	0.0000	0.0000	0.0000	0.0000	0.0000	0.0000	0.0000	0.6297	0.5560	0.0737	0.1065	0.1011	0.0054	0.5231	0.4549	0.0683	0.2036	0.1119	0.0917	0.0298	0.0261	0.0037	0.1738	0.0858	0.0881	1.2971	0.8063	15.0295	1.1210	1.0337	inf	0.0000	0.0000	0.0000	0.0000	0.0001	0.0000	0.0003	0.0004	0.0000	0.0000	0.0000	0.0000	
109	119	0.2717	7	0	1	0	1	0	0	0	0	N	N	N	N	N	N	N	N	N	N	N	N	8.2692	6.4052	1.3099	9.5050	8.7016	inf	0.0023	0.0011	0.0180	0.0038	0.0043	0.0003	0.0151	0.0157	0.0029	0.0000	0.0000	0.0000	0.0005	0.0007	0.0003	0.0016	0.0018	0.0000	0.0004	0.0002	0.0003	0.0095	0.4977	-0.0006	-0.0000	40.5309	2.8083	14.7974	0.0030	0.0021	0.0021	0.0000	0.0021	0.0021	0.0000	0.0000	0.0000	0.0000	0.0000	0.0000	0.0000	0.0000	0.0000	0.0000	0.0000	0.0000	0.0000	0.5577	0.4980	0.0597	0.1418	0.1349	0.0069	0.4159	0.3631	0.0527	0.0848	0.0464	0.0384	0.0125	0.0110	0.0015	0.0723	0.0355	0.0369	10.9374	9.9476	1.3099	9.5050	8.7016	inf	0.0060	0.3142	0.0180	0.0004	0.0004	0.0003	0.0016	0.0018	0.0000	0.0001	0.0000	0.0003
109	120	0.2717	7	0	1	1	1	0	0	0	0	N	N	N	N	N	N	N	N	N	N	N	N	8821.2995	5464.7810	13.3982	26.4561	24.4471	inf	2057707.1669	11260.1540	11.0550	0.6185	0.6983	0.0000	0.0127	0.0134	0.0000	0.7560	0.8676	0.0000	0.0001	0.0001	0.0000	0.0005	0.0005	0.0000	0.0000	0.0001	0.0000	0.0000	0.0031	-0.2874	-0.0000	40.5309	9.6158	14.7974	0.0030	1.0010	1.0010	0.0000	0.0038	0.0038	0.0000	0.9972	0.9972	0.0000	0.0000	0.0000	0.0000	0.0000	0.0000	0.0000	0.0000	0.0000	0.0000	1.6185	1.4334	0.1850	0.2994	0.2841	0.0153	1.3191	1.1493	0.1697	0.2848	0.1558	0.1290	0.0415	0.0364	0.0051	0.2433	0.1194	0.1239	8821.2995	5464.7810	13.3982	26.4561	24.4471	inf	2057707.1669	3700243.2344	11.0550	0.0001	0.0001	0.0000	0.0005	0.0005	0.0000	0.0000	0.0000	0.0000
109	121	0.2621	6	0	1	0	1	0	0	0	0	N	N	N	N	N	N	N	N	N	N	N	N	0.9692	0.7641	3.1496	1.9114	1.9594	3.2178	2.4344	0.1728	0.0502	0.4861	0.5495	0.0002	2.0436	2.1844	0.0017	0.0014	0.0016	0.0000	0.5016	0.7192	0.0001	1.0691	1.1148	0.0005	0.0006	0.0094	0.0001	0.0001	0.0008	-0.1078	-0.0052	40.5309	4.2457	14.7974	2.0144	0.3754	0.3754	0.0000	0.3746	0.3745	0.0000	0.0008	0.0008	0.0000	0.0082	0.0082	0.0000	0.0082	0.0082	0.0000	0.0000	0.0000	0.0000	0.7722	0.6831	0.0892	0.1833	0.1715	0.0118	0.5890	0.5116	0.0773	0.2118	0.1189	0.0929	0.0374	0.0342	0.0032	0.1744	0.0847	0.0897	12.5419	7.9649	3.1496	9.3490	9.1316	3.2178	6.7914	4.4180	0.0502	0.0388	0.0690	0.0001	0.2186	0.2392	0.0005	0.0002	0.0004	0.0001
109	122	0.2200	5	0	1	0	1	0	0	0	0	N	N	N	N	N	N	N	N	N	N	N	N	1.7746	1.3182	3.8586	1.4541	1.4695	0.3817	3.4185	0.8175	4.2280	0.7276	0.8247	0.0008	1.3260	1.4160	0.0001	0.5962	0.6851	0.0009	0.4100	0.6256	0.0002	0.9119	0.9636	0.0002	0.1744	0.8380	0.0002	0.0001	0.0035	-0.4218	-0.0134	40.5309	11.9190	14.7974	13.1740	1.4697	1.4695	0.0002	0.4822	0.4822	0.0000	0.9876	0.9874	0.0002	0.0214	0.0214	0.0001	0.0132	0.0132	0.0000	0.0082	0.0082	0.0001	2.0200	1.7818	0.2382	0.3636	0.3405	0.0231	1.6564	1.4413	0.2151	0.7456	0.3973	0.3484	0.0749	0.0681	0.0067	0.6708	0.3291	0.3417	25.3080	15.3377	3.8586	7.5148	7.3058	0.3817	48.6050	27.6484	4.2280	0.0287	0.0538	0.0002	0.1765	0.1938	0.0002	0.0123	0.0248	0.0002
109	123	0.6469	9	0	1	1	1	0	0	0	0	N	N	N	N	N	N	N	N	N	N	N	N	273.5362	139.5508	0.0215	0.3989	0.3683	0.0539	262958.3127	128315.0076	0.0013	0.4650	0.5163	0.0000	0.0011	0.0011	0.0000	0.7407	0.8475	0.0000	0.0017	0.0037	0.0000	0.0027	0.0031	0.0000	0.0000	0.0000	0.0000	0.0000	0.0027	-0.2867	-0.0002	40.5309	12.8936	14.7974	4.1514	0.9985	0.9985	0.0000	0.0009	0.0009	0.0000	0.9976	0.9976	0.0000	0.0003	0.0003	0.0000	0.0003	0.0003	0.0000	0.0000	0.0000	0.0000	2.1472	1.9338	0.2134	0.8003	0.7567	0.0437	1.3468	1.1771	0.1697	0.3902	0.2385	0.1517	0.1247	0.1098	0.0149	0.2655	0.1287	0.1368	535.0917	364.1012	0.0215	0.3989	0.3717	0.0539	262958.3127	83872208.6648	0.0013	0.0009	0.0014	0.0000	0.0027	0.0031	0.0000	0.0000	0.0000	0.0000
109	124	0.2353	6	0	2	0	0	0	0	0	0	N	Y	N	N	N	N	N	N	N	N	N	N	1.2503	0.6129	84721.3952	1.7529	1.6318	6.3665	1.2612	0.5907	133887.9421	1.9822	1.7159	3.9777	0.0627	0.0665	0.0047	2.3665	2.0716	4.3567	1.5854	2.7994	0.0000	0.0358	0.0408	0.0007	1.8764	3.5071	0.0000	0.3095	0.0000	-0.2121	-0.6214	40.5309	12.7386	14.7974	8.7370	4.1752	3.1885	0.9867	0.0220	0.0219	0.0001	4.1532	3.1665	0.9866	0.9889	0.9889	0.0000	0.0014	0.0014	0.0000	0.9876	0.9876	0.0000	2.1063	1.8582	0.2481	0.3513	0.3297	0.0216	1.7550	1.5285	0.2265	0.6594	0.3533	0.3061	0.0779	0.0717	0.0062	0.5815	0.2816	0.2999	1.3216	0.6129	84721.3952	3.5266	3.4534	6.3665	1.3934	0.5907	133887.9421	1.4998	2.7994	0.0000	0.0178	0.0193	0.0007	1.6984	3.5071	0.0000
109	125	0.2200	5	0	2	0	0	0	0	0	0	N	Y	N	N	N	N	N	N	N	N	N	N	2.3735	1.8943	67.9085	1.5760	1.6477	0.0595	3.0492	1.3601	76.5210	1.5037	1.6963	0.0529	2.3124	2.4749	0.0000	1.2992	1.4849	0.0596	0.6335	0.8955	0.0008	1.4672	1.5020	0.0008	0.4261	1.0918	0.0008	0.0041	0.0060	-0.6494	-0.0121	40.5309	8.6431	14.7974	1.4782	2.2945	2.2851	0.0095	0.7121	0.7121	0.0000	1.5825	1.5730	0.0095	0.0194	0.0193	0.0001	0.0121	0.0121	0.0000	0.0073	0.0072	0.0001	1.5259	1.3471	0.1789	0.3079	0.2877	0.0202	1.2180	1.0593	0.1586	0.3184	0.1702	0.1482	0.0354	0.0325	0.0030	0.2829	0.1377	0.1452	24.6580	14.9572	67.9085	6.7441	6.6147	0.0595	50.5665	28.5729	76.5210	0.0610	0.1134	0.0008	0.3429	0.3742	0.0008	0.0257	0.0520	0.0008
109	126	0.2104	4	0	1	0	0	0	0	0	0	N	N	N	N	N	N	N	N	N	N	N	N	0.2453	0.1574	6.9954	0.2278	0.2046	0.0217	0.0407	0.0202	20.7598	0.7541	0.8433	0.0092	3.5312	3.6212	0.0003	0.0243	0.0265	0.0097	3.0735	5.3566	0.0013	15.5042	17.6991	0.0154	0.5986	1.3103	0.0005	0.0013	0.0002	-0.1852	-0.4658	40.5309	4.1618	14.7974	2.0491	0.6478	0.6470	0.0008	0.6313	0.6313	0.0000	0.0166	0.0157	0.0008	0.7414	0.7413	0.0001	0.7331	0.7330	0.0001	0.0084	0.0083	0.0000	0.8591	0.7672	0.0919	0.1788	0.1743	0.0044	0.6803	0.5929	0.0875	0.2412	0.1384	0.1028	0.0473	0.0414	0.0059	0.1940	0.0970	0.0970	0.2453	0.1574	6.9954	0.2278	0.2046	0.0217	0.5653	0.3094	20.7598	3.0735	5.3566	0.0013	15.5042	17.6991	0.0154	0.0431	0.0857	0.0005
109	127	0.1813	3	0	1	0	0	0	0	0	0	N	N	N	N	N	N	N	N	N	N	N	N	0.0449	0.0110	0.1787	0.0032	0.0035	0.0000	0.1217	0.0349	2.2337	0.0493	0.0161	0.2886	0.0141	0.0148	0.0023	0.0539	0.0163	0.3037	1.0966	1.4668	1.6150	4.3685	4.2071	52.2117	0.4430	0.4676	0.1360	2.4842	0.2400	0.0316	-0.1237	40.5309	9.4810	14.7974	7.4917	0.0743	0.0213	0.0530	0.0025	0.0024	0.0000	0.0718	0.0189	0.0529	0.2844	0.2294	0.0551	0.2706	0.2277	0.0429	0.0138	0.0017	0.0121	1.5071	1.3236	0.1835	0.1746	0.1654	0.0092	1.3325	1.1582	0.1743	0.5736	0.3079	0.2657	0.0638	0.0595	0.0044	0.5098	0.2485	0.2613	0.0994	0.0216	1.3924	0.0033	0.0039	0.0002	1.9870	2.3900	6.5414	0.4959	0.7449	0.2072	4.2406	3.8293	9.8539	0.0271	0.0068	0.0464
109	128	0.6591	10	1	2	0	0	0	0	0	0	N	Y	N	N	N	N	N	N	N	N	N	N	314.7430	0.2126	83101.8088	18.9271	0.2636	inf	22659.9491	87869.6979	0.0005	0.0000	0.0046	0.0001	0.0000	0.0014	0.0007	0.0000	0.0054	0.0000	0.0000	0.0000	0.0000	0.0000	0.0000	0.0000	0.0000	0.0000	1043.6549	0.0138	0.0001	-0.0000	40.5309	2.0107	14.7974	1.9995	0.0002	0.0000	0.0002	0.0000	0.0000	0.0000	0.0001	0.0000	0.0001	0.0000	0.0000	0.0000	0.0000	0.0000	0.0000	0.0000	0.0000	0.0000	0.3145	0.2814	0.0331	0.1158	0.1088	0.0070	0.1987	0.1727	0.0261	0.0867	0.0540	0.0327	0.0295	0.0259	0.0036	0.0572	0.0281	0.0291	314.7430	0.2126	83101.8088	18.9271	0.2636	inf	22659.9491	0.0000	87869.6979	0.0000	0.0000	0.0000	0.0000	0.0000	0.0000	0.0000	0.0000	0.0000	
109	129	0.6469	9	1	2	0	0	0	0	0	0	N	Y	N	N	N	N	N	N	N	N	N	N	1032.7683	0.3854	1148701.1517	91.2034	0.9890	1086575.0470	295445.0340	1270556.1550	0.8970	0.0007	9.5445	0.1439	0.0017	2.9181	1.3973	0.0000	11.2750	0.0009	0.0019	0.0000	0.0016	0.0018	0.0000	0.0000	0.0000	0.0000	1350.0942	0.0062	0.6734	-0.0001	40.5309	5.6459	14.7974	1.1399	0.9456	0.0007	0.9449	0.0605	0.0007	0.0598	0.8851	0.0000	0.8851	0.0001	0.0001	0.0000	0.0001	0.0001	0.0000	0.0000	0.0000	0.0000	1.0542	0.9552	0.0990	0.4207	0.4002	0.0205	0.6335	0.5549	0.0785	0.1688	0.1026	0.0662	0.0559	0.0499	0.0060	0.1129	0.0527	0.0601	1706.1323	0.8525	1148701.1517	91.2034	0.9890	1086575.0470	295445.0340	0.0000	1270556.1550	0.0005	0.0009	0.0000	0.0016	0.0018	0.0000	0.0000	0.0000	0.0000	
109	130	0.6166	8	0	1	0	0	0	0	0	0	N	N	N	N	N	N	N	N	N	N	N	N	15.1704	7.2376	0.1372	44.0918	42.7059	0.0602	0.0187	0.0010	0.1584	0.2790	0.3109	0.0003	0.6854	0.7271	0.0002	0.0003	0.0002	0.0004	0.0184	0.0430	0.0024	0.0155	0.0170	0.0033	0.0139	0.2556	0.0023	0.0001	0.2239	-0.1818	-0.0011	40.5309	11.6079	14.7974	5.3766	0.6335	0.6334	0.0001	0.6332	0.6331	0.0000	0.0003	0.0003	0.0001	0.0025	0.0020	0.0005	0.0016	0.0015	0.0001	0.0009	0.0005	0.0004	2.2706	2.0376	0.2329	0.9238	0.8708	0.0529	1.3468	1.1668	0.1800	0.4832	0.2917	0.1915	0.1631	0.1475	0.0156	0.3202	0.1443	0.1759	54.1598	44.5824	0.1372	69.8693	69.2557	0.0602	0.0934	0.0723	0.1584	0.0052	0.0070	0.0024	0.0098	0.0105	0.0033	0.0028	0.0034	0.0023
109	131	0.5987	7	0	1	0	0	0	0	0	0	N	N	N	N	N	N	N	N	N	N	N	N	0.9928	0.8545	0.7710	6.2434	6.1874	2.9716	0.0111	0.0042	0.8510	0.5012	0.5548	0.0118	1.2978	1.3615	0.0168	0.0055	0.0048	0.0107	0.5048	0.6493	0.0153	0.2079	0.2200	0.0057	0.4992	1.1468	0.0125	0.0023	0.0858	-0.1152	-0.0097	40.5309	3.9355	14.7974	8.7078	0.4045	0.4036	0.0009	0.4018	0.4015	0.0002	0.0028	0.0021	0.0007	0.0176	0.0162	0.0014	0.0088	0.0087	0.0001	0.0088	0.0075	0.0013	0.8071	0.7275	0.0796	0.3096	0.2949	0.0147	0.4976	0.4326	0.0650	0.4500	0.2849	0.1651	0.1703	0.1545	0.0158	0.2797	0.1304	0.1493	12.8074	9.7449	1.3990	25.2275	24.2550	2.9716	0.1754	0.0826	1.2220	0.0391	0.0569	0.0084	0.0514	0.0561	0.0057	0.0316	0.0579	0.0087
109	132	0.5870	6	0	1	0	0	0	0	0	0	N	N	N	N	N	N	N	N	N	N	N	N	0.0516	0.0348	4.5189	0.2216	0.2185	0.0541	0.0246	0.0083	7.5441	0.0497	0.0459	0.0843	0.0843	0.0885	0.0009	0.0292	0.0182	0.1027	0.9650	1.3179	0.0187	0.3803	0.4050	0.0159	1.1837	2.1953	0.0136	0.2028	0.0140	-0.0074	-0.0606	40.5309	6.2657	14.7974	3.9760	0.0624	0.0519	0.0105	0.0395	0.0395	0.0000	0.0229	0.0124	0.0105	0.0986	0.0972	0.0014	0.0111	0.0109	0.0002	0.0875	0.0863	0.0011	1.2550	1.1302	0.1248	0.4686	0.4461	0.0225	0.7864	0.6841	0.1023	0.3768	0.2383	0.1386	0.1446	0.1308	0.0138	0.2323	0.1075	0.1248	0.1902	0.1126	8.5639	1.1000	1.0660	0.0541	0.0774	0.0226	11.1874	0.2615	0.4080	0.0098	0.0766	0.0830	0.0159	0.3767	0.8035	0.0092
109	133	0.5097	5	0	1	0	0	0	0	0	0	N	N	N	N	N	N	N	N	N	N	N	N	0.1034	0.0313	5.1163	0.0552	0.0577	0.0397	0.1159	0.0114	7.9413	0.0860	0.0334	0.5319	0.0564	0.0595	0.0042	0.1006	0.0194	0.6437	0.8316	1.0677	0.1040	1.0217	1.0313	0.1064	0.8680	1.7049	0.0811	1.8759	0.1194	0.1411	-0.1005	40.5309	26.7012	14.7974	18.2690	0.3863	0.1343	0.2520	0.0840	0.0836	0.0004	0.3023	0.0507	0.2516	0.1926	0.1721	0.0205	0.0954	0.0926	0.0028	0.0972	0.0795	0.0178	4.4920	4.0183	0.4737	1.4882	1.4053	0.0828	3.0039	2.6130	0.3909	1.4233	0.8716	0.5517	0.4718	0.4298	0.0421	0.9515	0.4418	0.5097	0.6354	0.1693	14.2871	0.2792	0.2762	0.0640	0.9847	0.1078	18.4680	0.1353	0.1974	0.0372	0.2021	0.2155	0.0660	0.1022	0.1799	0.0349
109	134	0.2716	4	0	1	0	0	0	0	0	0	N	N	N	N	N	N	N	N	N	N	N	N	0.3645	0.2442	0.3201	0.3040	0.3078	0.0191	0.2380	0.0919	0.3519	0.4729	0.4012	1.0557	1.0777	1.1393	0.0006	0.3176	0.1966	1.1743	1.2975	1.6428	3.2983	3.5447	3.7017	0.0304	1.3344	2.1406	3.3368	0.3235	0.5426	-0.1781	-0.7794	40.5309	61.4372	14.7974	55.8589	4.1694	3.1503	1.0191	1.9416	1.9415	0.0001	2.2278	1.2088	1.0190	2.8179	1.8267	0.9912	0.9800	0.9791	0.0009	1.8378	0.8476	0.9903	8.8167	7.8514	0.9653	1.8016	1.7041	0.0975	7.0151	6.1474	0.8678	2.8365	1.5582	1.2783	0.3618	0.3269	0.0348	2.4747	1.2312	1.2435	0.4760	0.3423	1.3615	0.3978	0.3804	0.0216	0.4276	0.2857	1.4745	0.9934	1.1723	0.7754	2.7089	2.9948	0.0268	0.7426	0.6884	0.7964
109	135	0.1813	3	0	1	0	0	0	0	0	0	N	N	N	N	N	N	N	N	N	N	N	N	1.2250	1.7860	0.0223	3.0184	6.5626	0.0000	0.7065	0.7442	0.0231	1.4796	1.6678	0.0914	5.4484	5.7476	0.0007	0.9642	1.0918	0.0961	1.2079	0.9338	4.1058	1.8050	0.8758	26.4034	1.3648	1.4671	4.1614	0.0074	10.8188	-1.9780	0.3281	40.5309	31.7621	14.7974	18.5886	7.0704	7.0183	0.0521	2.9925	2.9925	0.0000	4.0779	4.0258	0.0521	1.1429	0.0967	1.0462	0.0626	0.0195	0.0431	1.0803	0.0772	1.0031	4.7786	4.2080	0.5706	0.5492	0.5207	0.0286	4.2294	3.6874	0.5420	1.4826	0.7723	0.7103	0.1266	0.1145	0.0121	1.3560	0.6578	0.6982	1.9193	13.3194	0.0620	11.0126	33.6553	0.0002	1.2103	9.3083	0.0669	0.7709	0.1252	1.4729	0.4947	0.1708	3.5499	0.7967	0.1173	1.4368
110	112	0.1863	6	1	2	0	1	0	0	0	0	N	Y	N	N	N	N	N	N	N	N	N	N	0.1578	0.0031	5.0627	0.1962	0.1632	128.1921	0.2070	0.0007	6.2282	0.1297	0.0032	1.0621	0.0059	0.0059	0.0049	0.2052	0.0013	1.1189	0.8219	1.0413	0.2098	0.0299	0.0361	0.0000	0.9912	1.8387	0.1796	44.7052	0.2003	0.0000	-0.0013	13.5236	0.0019	3.5331	1.9928	0.0000	0.0000	0.0000	0.0000	0.0000	0.0000	0.0000	0.0000	0.0000	0.0029	0.0024	0.0005	0.0001	0.0001	0.0000	0.0028	0.0024	0.0005	0.0003	0.0003	0.0000	0.0001	0.0001	0.0000	0.0002	0.0002	0.0000	0.0226	0.0134	0.0091	0.0051	0.0046	0.0005	0.0175	0.0088	0.0086	1.0042	0.0178	19.9516	0.3693	0.3338	128.1921	1.2639	0.0048	19.8579	0.1292	0.1808	0.0532	0.0159	0.0176	0.0000	0.1623	0.2660	0.0563
110	113	0.1627	5	1	2	0	1	0	0	0	0	N	Y	N	N	N	N	N	N	N	N	N	N	1.8923	0.0882	5.9373	0.2822	0.2786	34.8351	1.9679	0.0322	6.5703	1.7713	0.0818	14.2878	0.2220	0.2334	0.0295	2.1115	0.0456	15.6096	0.9361	0.9280	2.4064	0.7866	0.8378	0.0008	1.0730	1.4161	2.3758	23.5700	2.2412	0.6610	0.0025	13.5236	8.6942	3.5331	6.0502	0.9834	0.0400	0.9434	0.0222	0.0220	0.0002	0.9612	0.0180	0.9432	0.0391	0.0120	0.0270	0.0050	0.0050	0.0000	0.0341	0.0071	0.0270	0.5552	0.4892	0.0660	0.1000	0.0944	0.0056	0.4552	0.3948	0.0604	0.1729	0.0989	0.0740	0.0336	0.0305	0.0031	0.1393	0.0684	0.0709	7.8424	0.6714	39.1710	1.4995	1.4309	34.8351	8.6306	0.4407	40.9908	0.2259	0.1219	0.3648	0.1480	0.1631	0.0008	0.2447	0.1034	0.3808
110	114	0.1838	9	0	2	0	1	0	0	0	0	N	Y	N	N	N	N	N	N	N	N	N	N	0.0000	0.0000	0.0000	0.0000	0.0000	0.0000	0.0000	0.0000	0.0000	0.0000	0.0000	0.0000	0.0000	0.0000	0.0000	0.0000	0.0050	0.0005	0.0042	0.0005	0.0005	0.0000	0.0157	0.0000	0.0036	8.5013	0.0000	0.0000	13.5236	0.0001	3.5331	0.0001	0.0000	0.0000	0.0000	0.0000	0.0000	0.0000	0.0000	0.0000	0.0000	0.0000	0.0000	0.0000	0.0000	0.0000	0.0000	0.0000	0.0000	0.0000	0.0000	0.0000	0.0000	0.0000	0.0000	0.0000	0.0000	0.0000	0.0000	0.0000	0.0000	0.0000	0.0000	0.0000	0.0000	0.0000	0.0000	0.0000	0.0000	0.0000	0.0000	0.0000	0.0000	0.0000	0.0000	0.0000	0.0000	0.0019	0.0004	0.0036	0.0005	0.0005	0.0000	0.0030	0.0000	0.0036			
110	115	0.1771	8	0	2	0	1	0	0	0	0	N	Y	N	N	N	N	N	N	N	N	N	N	0.0000	0.0000	0.0000	0.0000	0.0000	0.0000	0.0000	0.0000	0.0000	0.0000	0.0000	0.0000	0.0000	0.0000	0.0000	0.0000	0.0135	0.0016	0.0167	0.0023	0.0026	0.0000	0.0300	0.0000	0.0135	8.4943	0.0000	0.0001	13.5236	3.0007	3.5331	1.0012	0.0000	0.0000	0.0000	0.0000	0.0000	0.0000	0.0000	0.0000	0.0000	0.0002	0.0000	0.0002	0.0000	0.0000	0.0000	0.0002	0.0000	0.0002	0.1829	0.1610	0.0219	0.0275	0.0263	0.0013	0.1553	0.1347	0.0207	0.0454	0.0259	0.0195	0.0087	0.0078	0.0009	0.0367	0.0181	0.0186	0.0000	0.0000	0.0000	0.0000	0.0000	0.0000	0.0000	0.0000	0.0000	0.0042	0.0008	0.0087	0.0023	0.0026	0.0000	0.0046	0.0000	0.0091			
110	116	0.1753	7	0	1	0	1	0	0	0	0	N	N	N	N	N	N	N	N	N	N	N	N	1.7002	0.0657	18.0318	2.8229	0.1066	inf	0.1330	0.0007	0.6505	0.0000	0.0000	0.0002	0.0001	0.0000	0.0031	0.0000	0.0000	0.0000	0.0000	0.0000	0.0000	0.0001	0.0001	0.0000	0.0000	0.0006	0.0000	19.7626	0.4928	0.0000	-0.0000	13.5236	1.1177	3.5331	0.0023	0.0000	0.0000	0.0000	0.0000	0.0000	0.0000	0.0000	0.0000	0.0000	0.0000	0.0000	0.0000	0.0000	0.0000	0.0000	0.0000	0.0000	0.0000	0.0716	0.0632	0.0084	0.0133	0.0127	0.0006	0.0583	0.0505	0.0078	0.0128	0.0073	0.0055	0.0024	0.0022	0.0003	0.0103	0.0051	0.0052	1.7002	0.0789	18.0318	2.8229	0.1066	inf	0.1782	0.1185	0.6505	0.0000	0.0000	0.0000	0.0001	0.0001	0.0000	0.0000	0.0000	0.0000
110	117	0.1723	3	0	2	0	0	0	0	0	0	N	Y	N	N	N	N	N	N	N	N	N	N	0.5565	0.5366	0.1275	0.7935	1.0028	0.0127	0.2533	0.1922	0.3504	0.4580	0.4964	0.1366	1.2999	1.3584	0.1444	0.1770	0.1830	0.1356	0.8230	0.9251	1.0712	1.6382	1.3547	11.3786	0.6985	0.9520	0.3869	0.0329	0.8669	-0.2254	-0.0127	13.5236	31.2782	3.5331	23.9277	0.8830	0.8548	0.0281	0.6272	0.6238	0.0034	0.2558	0.2311	0.0247	0.0775	0.0415	0.0360	0.0487	0.0333	0.0154	0.0288	0.0082	0.0206	1.9279	1.7221	0.2058	0.4825	0.4592	0.0233	1.4454	1.2629	0.1826	0.5987	0.3419	0.2569	0.1188	0.1083	0.0105	0.4799	0.2336	0.2464	3.5361	4.0853	0.9742	3.1685	4.4154	0.0983	2.9479	5.1982	1.6219	0.1295	0.1215	0.1402	0.4102	0.3077	1.4688	0.0600	0.0352	0.0836
110	118	0.1753	7	0	1	1	1	0	0	0	0	N	N	N	N	N	N	N	N	N	N	N	N	93.5001	53.3366	inf	210267.1089	197176.1035	0.4703	0.0282	inf	0.0121	0.0137	0.0000	0.0741	0.0776	0.0000	0.0002	0.0002	0.0000	0.0001	0.0003	0.0000	0.0000	0.0000	0.0000	0.0004	0.0081	0.0000	0.0000	0.0001	-0.0008	-0.0000	13.5236	3.8827	3.5331	2.9998	0.0029	0.0029	0.0000	0.0028	0.0028	0.0000	0.0000	0.0000	0.0000	0.0000	0.0000	0.0000	0.0000	0.0000	0.0000	0.0000	0.0000	0.0000	0.2392	0.2108	0.0284	0.0384	0.0367	0.0017	0.2008	0.1741	0.0267	0.0775	0.0442	0.0333	0.0148	0.0132	0.0015	0.0627	0.0310	0.0317	93.5001	60.5420	inf	210267.1089	197176.1035	0.0000	1.2501	0.7113	inf	0.0001	0.0002	0.0000	0.0000	0.0000	0.0000	0.0002	0.0003	0.0000	
110	119	0.1724	6	0	1	0	1	0	0	0	0	N	N	N	N	N	N	N	N	N	N	N	N	62.3620	12.0305	791.8669	1.7698	1.5623	238.4301	130.2024	inf	841.9713	0.0052	0.0013	0.0364	0.0006	0.0006	0.0008	0.0066	0.0016	0.0405	0.0001	0.0001	0.0000	0.0003	0.0004	0.0000	0.0001	0.0000	0.0000	3.3525	0.3160	0.0005	-0.0000	13.5236	2.8083	3.5331	0.0030	0.0011	0.0002	0.0008	0.0000	0.0000	0.0000	0.0010	0.0002	0.0008	0.0000	0.0000	0.0000	0.0000	0.0000	0.0000	0.0000	0.0000	0.0000	0.2091	0.1863	0.0228	0.0506	0.0483	0.0023	0.1585	0.1380	0.0205	0.0323	0.0183	0.0139	0.0062	0.0055	0.0006	0.0261	0.0128	0.0133	62.3620	12.0305	791.8669	1.7698	1.5623	238.4301	270.2429	inf	841.9713	0.0001	0.0001	0.0000	0.0003	0.0004	0.0000	0.0000	0.0000	0.0000
110	120	0.1724	6	0	1	1	1	0	0	0	0	N	N	N	N	N	N	N	N	N	N	N	N	381.5456	247.0046	113.3984	2.5346	2.2308	361.3073	1834.8274	inf	114.5603	0.0091	0.0102	0.0013	0.0003	0.0003	0.0004	0.0111	0.0125	0.0014	0.0000	0.0000	0.0000	0.0001	0.0001	0.0000	0.0000	0.0000	0.0000	0.0166	0.2568	-0.0015	-0.0000	13.5236	9.6158	3.5331	0.0030	0.0056	0.0055	0.0001	0.0000	0.0000	0.0000	0.0056	0.0055	0.0001	0.0000	0.0000	0.0000	0.0000	0.0000	0.0000	0.0000	0.0000	0.0000	0.6128	0.5418	0.0711	0.1080	0.1030	0.0050	0.5048	0.4387	0.0661	0.1083	0.0615	0.0468	0.0205	0.0184	0.0021	0.0877	0.0431	0.0446	381.5456	303.1918	113.3984	2.5346	2.2308	361.3073	1834.8274	inf	114.5603	0.0000	0.0000	0.0000	0.0001	0.0001	0.0000	0.0000	0.0000	0.0000
110	121	0.1627	5	0	1	0	1	0	0	0	0	N	N	N	N	N	N	N	N	N	N	N	N	0.6924	0.2376	0.2555	1.6098	1.5270	2.9458	0.1861	0.6684	0.0281	0.0252	0.0284	0.0009	0.1068	0.1135	0.0067	0.0013	0.0014	0.0001	0.0364	0.1196	0.0035	0.0664	0.0743	0.0023	0.0067	0.0021	0.0033	0.0042	0.2237	-0.0021	-0.0003	13.5236	4.2457	3.5331	2.0144	0.0074	0.0073	0.0000	0.0071	0.0070	0.0000	0.0003	0.0003	0.0000	0.0006	0.0005	0.0001	0.0005	0.0005	0.0000	0.0001	0.0000	0.0001	0.2919	0.2576	0.0343	0.0662	0.0620	0.0041	0.2257	0.1956	0.0301	0.0795	0.0460	0.0335	0.0169	0.0156	0.0014	0.0626	0.0304	0.0322	3.3647	2.6857	0.2751	3.7083	3.6470	2.9458	0.7313	26.9614	0.0281	0.0075	0.0106	0.0032	0.0288	0.0311	0.0023	0.0017	0.0001	0.0033
110	122	0.1206	4	0	1	0	1	0	0	0	0	N	N	N	N	N	N	N	N	N	N	N	N	12.1530	8.0393	3.9016	66.1343	97.2548	1.1507	2.2556	0.3176	5.2565	0.7123	0.8247	0.0598	2.4832	2.8722	0.0927	0.1473	0.1644	0.0499	0.0586	0.1026	0.0153	0.0375	0.0295	0.0806	0.0653	0.5177	0.0095	0.0125	0.6937	-0.1732	-0.0006	13.5236	11.9190	3.5331	13.1740	0.6301	0.6223	0.0078	0.5313	0.5285	0.0028	0.0988	0.0938	0.0050	0.0026	0.0015	0.0011	0.0008	0.0006	0.0002	0.0018	0.0009	0.0009	0.8846	0.7546	0.1300	0.2139	0.1840	0.0299	0.6706	0.5706	0.1000	0.2826	0.1568	0.1257	0.0423	0.0388	0.0035	0.2402	0.1180	0.1223	77.7742	84.6425	7.0889	133.7121	187.0705	1.7054	19.6448	20.8224	7.0088	0.0092	0.0097	0.0084	0.0186	0.0154	0.0544	0.0075	0.0079	0.0071
110	123	0.5475	8	0	1	1	1	0	0	0	0	N	N	N	N	N	N	N	N	N	N	N	N	0.4459	0.3154	0.4495	3.3442	3.1145	7.7562	0.1898	0.0120	0.4906	0.0038	0.0041	0.0009	0.0023	0.0024	0.0001	0.0048	0.0053	0.0011	0.0086	0.0131	0.0020	0.0007	0.0008	0.0000	0.0253	0.4474	0.0023	0.0233	0.3329	-0.0008	-0.0002	13.5236	12.8936	3.5331	4.1514	0.0031	0.0031	0.0001	0.0007	0.0007	0.0000	0.0024	0.0023	0.0001	0.0005	0.0003	0.0001	0.0000	0.0000	0.0000	0.0004	0.0003	0.0001	0.8177	0.7385	0.0792	0.3205	0.3045	0.0159	0.4972	0.4339	0.0633	0.1511	0.0949	0.0562	0.0550	0.0487	0.0063	0.0961	0.0462	0.0498	1.2840	1.1635	0.4495	3.3442	3.1145	7.7562	1.1198	0.8242	0.4906	0.0030	0.0036	0.0020	0.0007	0.0008	0.0000	0.0043	0.0065	0.0023
110	124	0.1359	5	0	2	0	0	0	0	0	0	N	Y	N	N	N	N	N	N	N	N	N	N	2.8486	2.1863	8.4012	17.4275	20.7301	0.4608	2.8285	1.3650	13.8936	1.0502	1.2215	0.0418	0.1073	0.1240	0.0029	1.3253	1.5454	0.0524	0.3687	0.5587	0.0050	0.0062	0.0060	0.0063	0.4686	1.1322	0.0038	0.0058	0.0719	-0.2708	-0.0035	13.5236	12.7386	3.5331	8.7370	0.9623	0.9568	0.0056	0.0222	0.0221	0.0001	0.9401	0.9346	0.0055	0.0063	0.0059	0.0004	0.0002	0.0002	0.0000	0.0061	0.0057	0.0004	0.9163	0.7832	0.1331	0.2070	0.1785	0.0285	0.7093	0.6048	0.1046	0.2481	0.1382	0.1099	0.0404	0.0373	0.0031	0.2078	0.1009	0.1068	41.4113	28.7657	10.8752	21.7993	25.7911	0.4608	45.1840	27.4074	13.8936	0.0254	0.0425	0.0038	0.0049	0.0048	0.0063	0.0293	0.0564	0.0038
110	125	0.1206	4	0	2	0	0	0	0	0	0	N	Y	N	N	N	N	N	N	N	N	N	N	17.2386	13.2553	3.1371	4.9621	8.8964	0.0684	57.4764	20.3494	10.3284	0.8900	1.0428	0.0516	0.5282	0.6192	0.0173	1.0282	1.2054	0.0643	0.0516	0.0787	0.0164	0.1064	0.0696	0.2530	0.0179	0.0592	0.0062	0.0090	0.7861	-0.1728	-0.0002	13.5236	8.6431	3.5331	1.4782	0.6211	0.6155	0.0056	0.1019	0.1014	0.0005	0.5192	0.5141	0.0050	0.0011	0.0006	0.0005	0.0007	0.0005	0.0002	0.0003	0.0001	0.0003	0.6979	0.5903	0.1076	0.1930	0.1638	0.0292	0.5049	0.4265	0.0784	0.1211	0.0674	0.0537	0.0195	0.0179	0.0016	0.1016	0.0495	0.0521	101.8160	118.5599	5.9485	14.4046	21.1573	0.1426	303.0841	866.3533	12.1602	0.0087	0.0088	0.0087	0.0367	0.0293	0.1213	0.0034	0.0014	0.0053
110	126	0.1110	3	0	1	0	0	0	0	0	0	N	N	N	N	N	N	N	N	N	N	N	N	0.3732	0.3164	0.1129	0.5284	0.5927	0.0131	0.1303	0.1460	0.1915	0.3966	0.4098	0.3101	1.3606	1.3842	0.3052	0.1180	0.0802	0.3103	1.0626	1.2952	2.7467	2.5751	2.3352	23.2988	0.9051	0.5493	1.6198	0.1153	0.7939	-0.0249	-0.0084	13.5236	4.1618	3.5331	2.0491	0.1358	0.1217	0.0140	0.1044	0.1039	0.0005	0.0313	0.0178	0.0135	0.0453	0.0253	0.0201	0.0361	0.0249	0.0112	0.0092	0.0003	0.0089	0.3423	0.2970	0.0453	0.0767	0.0751	0.0017	0.2655	0.2219	0.0436	0.1063	0.0641	0.0422	0.0300	0.0265	0.0035	0.0763	0.0376	0.0386	0.9296	1.0396	0.6515	1.1294	1.4689	0.0962	0.9797	9.3427	1.3525	0.4266	0.3942	0.4759	1.2047	0.9423	3.1712	0.1204	0.0086	0.2294
110	127	0.0819	2	0	1	0	0	0	0	0	0	N	N	N	N	N	N	N	N	N	N	N	N	0.4158	0.0024	0.9279	0.0009	0.0078	0.0000	1.2691	0.0004	2.9627	1.6655	0.0030	13.3935	0.0184	0.0190	0.0079	1.8931	0.0005	14.1485	4.0053	1.2418	14.4340	21.2156	2.4302	386.7015	1.4917	1.3093	4.7755	643.0551	22.0340	0.6809	0.2831	13.5236	9.4810	3.5331	7.4917	0.9573	0.0015	0.9558	0.0013	0.0013	0.0000	0.9560	0.0002	0.9558	0.8626	0.0375	0.8252	0.6704	0.0299	0.6406	0.1922	0.0076	0.1846	0.5748	0.5034	0.0714	0.0698	0.0660	0.0038	0.5050	0.4374	0.0676	0.2154	0.1181	0.0973	0.0316	0.0292	0.0024	0.1838	0.0889	0.0948	0.4158	0.0093	1.5789	0.0009	0.0185	0.0000	1.8100	0.0063	7.2685	4.0053	0.3171	8.4827	21.2156	1.0240	263.4803	1.0459	0.0853	1.9466
110	128	0.5597	9	1	2	0	0	0	0	0	0	N	Y	N	N	N	N	N	N	N	N	N	N	37.5831	89.3058	66.0152	31.7181	27.9502	inf	38.9776	inf	71.3946	0.0002	0.0001	0.0007	0.0001	0.0001	0.0001	0.0002	0.0001	0.0009	0.0000	0.0000	0.0000	0.0000	0.0000	0.0000	0.0000	0.0000	0.0000	0.6997	4.6475	0.0000	0.0000	13.5236	2.0107	3.5331	1.9995	0.0000	0.0000	0.0000	0.0000	0.0000	0.0000	0.0000	0.0000	0.0000	0.0000	0.0000	0.0000	0.0000	0.0000	0.0000	0.0000	0.0000	0.0000	0.1204	0.1081	0.0123	0.0470	0.0445	0.0026	0.0734	0.0637	0.0097	0.0338	0.0217	0.0121	0.0131	0.0116	0.0015	0.0207	0.0101	0.0106	37.5831	89.3058	66.0152	31.7181	27.9502	inf	38.9776	inf	71.3946	0.0000	0.0000	0.0000	0.0000	0.0000	0.0000	0.0000	0.0000	0.0000
110	129	0.5475	8	1	2	0	0	0	0	0	0	N	Y	N	N	N	N	N	N	N	N	N	N	78.1092	329.3045	314.1649	169.8881	150.6273	6641.7437	46.6086	4900.8329	422.9783	0.3334	0.2158	1.4917	0.1211	0.1196	0.1520	0.4838	0.2902	1.8329	0.0043	0.0007	0.0047	0.0007	0.0008	0.0000	0.0104	0.0001	0.0043	0.7017	5.3501	0.0166	0.0000	13.5236	5.6459	3.5331	1.1399	0.1329	0.0781	0.0548	0.0200	0.0189	0.0011	0.1129	0.0592	0.0537	0.0001	0.0000	0.0001	0.0000	0.0000	0.0000	0.0001	0.0000	0.0001	0.3986	0.3619	0.0367	0.1652	0.1578	0.0075	0.2334	0.2041	0.0293	0.0652	0.0407	0.0246	0.0243	0.0217	0.0026	0.0409	0.0189	0.0220	198.3483	508.3824	396.4904	169.8881	150.6273	6641.7437	214.4369	1813870.2160	436.5515	0.0017	0.0004	0.0038	0.0007	0.0008	0.0000	0.0023	0.0000	0.0042
110	130	0.5172	7	0	1	0	0	0	0	0	0	N	N	N	N	N	N	N	N	N	N	N	N	0.0117	0.0443	0.0167	0.3326	0.2994	1.1784	0.0042	0.0049	0.0032	0.0036	0.0038	0.0021	0.0061	0.0060	0.0079	0.0019	0.0021	0.0004	0.3118	0.0859	0.1241	0.0182	0.0199	0.0067	0.4421	0.4240	0.1249	0.0613	2.7856	-0.0007	0.0004	13.5236	11.6079	3.5331	5.3766	0.0031	0.0029	0.0002	0.0022	0.0020	0.0002	0.0009	0.0009	0.0000	0.0039	0.0010	0.0029	0.0008	0.0007	0.0000	0.0031	0.0003	0.0028	0.8592	0.7723	0.0870	0.3630	0.3435	0.0195	0.4963	0.4288	0.0675	0.1854	0.1142	0.0713	0.0694	0.0628	0.0066	0.1161	0.0514	0.0647	0.1725	0.4214	0.0514	0.5470	0.5163	1.1784	0.0688	0.3490	0.0091	0.0211	0.0090	0.0404	0.0111	0.0115	0.0067	0.0271	0.0060	0.0438
110	131	0.4993	6	0	1	0	0	0	0	0	0	N	N	N	N	N	N	N	N	N	N	N	N	0.0195	0.0286	0.0135	0.1922	0.1683	2.6849	0.0137	0.0153	0.0082	0.0131	0.0129	0.0152	0.0152	0.0140	0.0414	0.0117	0.0120	0.0092	0.6728	0.4495	1.1204	0.0793	0.0832	0.0154	0.8513	0.7887	1.1218	0.1280	2.9823	-0.0007	0.0014	13.5236	3.9355	3.5331	8.7078	0.0040	0.0035	0.0005	0.0018	0.0016	0.0002	0.0021	0.0019	0.0002	0.0120	0.0030	0.0090	0.0022	0.0021	0.0001	0.0098	0.0009	0.0089	0.3039	0.2741	0.0298	0.1213	0.1158	0.0055	0.1827	0.1584	0.0243	0.1711	0.1094	0.0617	0.0696	0.0631	0.0065	0.1015	0.0463	0.0551	0.1874	0.4691	0.1045	0.4903	0.4279	2.6849	0.1209	0.5947	0.0574	0.0699	0.0274	0.1452	0.0311	0.0327	0.0154	0.0965	0.0202	0.1605
110	132	0.4877	5	0	1	0	0	0	0	0	0	N	N	N	N	N	N	N	N	N	N	N	N	0.0124	0.0096	0.1168	0.0527	0.0438	2.2480	0.0099	0.0046	0.1074	0.0065	0.0052	0.0186	0.0077	0.0068	0.0271	0.0058	0.0042	0.0168	0.5262	0.5431	0.1596	0.1457	0.1542	0.0120	0.5904	0.9116	0.1564	0.3907	0.6723	-0.0000	-0.0014	13.5236	6.2657	3.5331	3.9760	0.0031	0.0022	0.0009	0.0014	0.0012	0.0002	0.0017	0.0010	0.0006	0.0061	0.0036	0.0024	0.0025	0.0025	0.0001	0.0035	0.0012	0.0024	0.4728	0.4262	0.0467	0.1841	0.1758	0.0084	0.2887	0.2504	0.0383	0.1423	0.0906	0.0517	0.0581	0.0528	0.0053	0.0842	0.0378	0.0464	0.1539	0.1307	0.3959	0.1766	0.1448	2.2480	0.1390	0.1352	0.3288	0.0426	0.0400	0.0471	0.0435	0.0466	0.0120	0.0419	0.0307	0.0511
110	133	0.4104	4	0	1	0	0	0	0	0	0	N	N	N	N	N	N	N	N	N	N	N	N	1.6818	1.7442	6.0273	2.4053	2.5520	0.5712	2.0999	1.9085	7.9540	0.7693	0.7436	0.9891	0.2995	0.3146	0.0170	1.0259	1.0005	1.1891	0.4574	0.4263	0.1641	0.1245	0.1233	0.0298	0.4885	0.5242	0.1495	0.1558	1.1174	-0.2012	-0.0018	13.5236	26.7012	3.5331	18.2690	1.3210	1.1429	0.1781	0.1817	0.1811	0.0005	1.1393	0.9618	0.1775	0.0181	0.0086	0.0096	0.0077	0.0073	0.0005	0.0104	0.0013	0.0091	1.7171	1.5371	0.1800	0.6065	0.5758	0.0307	1.1106	0.9613	0.1493	0.5303	0.3301	0.2002	0.1909	0.1735	0.0174	0.3394	0.1566	0.1828	22.5004	28.6661	20.6924	7.3787	7.4931	0.6378	33.5346	122.4581	23.8743	0.0342	0.0259	0.0478	0.0406	0.0420	0.0267	0.0306	0.0082	0.0498
110	134	0.1723	3	0	1	0	0	0	0	0	0	N	N	N	N	N	N	N	N	N	N	N	N	0.3585	0.3416	0.0280	0.0113	0.0116	0.0007	0.4586	0.3582	0.0394	0.2941	0.3263	0.0240	0.0153	0.0161	0.0002	0.3815	0.4318	0.0271	0.8204	0.9552	0.8577	1.3562	1.3844	0.3048	0.8318	1.2056	0.6863	0.0088	0.6606	-0.2781	-0.0309	13.5236	61.4372	3.5331	55.8589	0.9991	0.9903	0.0087	0.0124	0.0124	0.0000	0.9867	0.9780	0.0087	0.1342	0.0808	0.0534	0.0549	0.0526	0.0024	0.0793	0.0282	0.0510	3.3974	3.0347	0.3627	0.8107	0.7701	0.0406	2.5867	2.2646	0.3220	1.0497	0.5944	0.4554	0.1807	0.1635	0.0172	0.8690	0.4309	0.4381	2.3006	2.4006	0.2051	0.0502	0.0500	0.0015	4.1819	6.5872	0.2323	0.1278	0.1359	0.1172	0.3038	0.3214	0.1368	0.0912	0.0656	0.1165
110	135	0.0819	2	0	1	0	0	0	0	0	0	N	N	N	N	N	N	N	N	N	N	N	N	1.2221	1.8137	0.6712	0.1330	0.8435	0.0004	1.7015	1.7601	1.3711	1.9674	1.6488	4.2813	1.2987	1.3646	0.0665	2.0586	1.6911	4.5047	1.6099	0.9090	6.3784	9.7666	1.6178	165.0821	1.2099	0.9608	3.2854	0.3576	23.9154	-0.0849	0.2857	13.5236	31.7621	3.5331	18.5886	3.5783	2.6357	0.9426	0.2834	0.2827	0.0007	3.2949	2.3530	0.9418	0.8620	0.0346	0.8274	0.6628	0.0261	0.6367	0.1992	0.0085	0.1907	1.8188	1.5986	0.2202	0.2183	0.2072	0.0111	1.6005	1.3914	0.2091	0.5552	0.2966	0.2586	0.0679	0.0616	0.0063	0.4873	0.2350	0.2523	1.2672	14.1352	1.3381	0.1330	3.2213	0.0007	5.0366	46.6776	5.9607	1.5526	0.1166	3.1995	9.7666	0.4236	101.1468	0.4087	0.0362	0.7557
111	112	0.1604	5	1	1	0	1	0	0	0	0	N	N	N	N	N	N	N	N	N	N	N	N	0.0066	0.0043	5.2207	213410.6123	194556.5193	0.0001	0.0000	5.1066	0.1642	0.1875	0.0037	0.4728	0.4752	0.0000	0.0015	0.0010	0.0037	24.8450	43.1809	0.0007	0.0000	0.0000	0.0000	29.2803	56.5936	0.0007	0.0028	0.0000	-0.0000	-0.6259	16.9399	0.0019	15.9768	1.9928	0.0001	0.0001	0.0000	0.0001	0.0001	0.0000	0.0000	0.0000	0.0000	0.9961	0.9961	0.0000	0.0000	0.0000	0.0000	0.9961	0.9961	0.0000	0.0004	0.0003	0.0000	0.0001	0.0001	0.0000	0.0002	0.0002	0.0000	0.0401	0.0231	0.0170	0.0061	0.0055	0.0006	0.0340	0.0176	0.0164	0.0066	0.0043	5.2207	213410.6123	194556.5193	0.0000	0.0001	0.0000	5.1066	24.8450	43.1809	0.0007	0.0000	0.0000	0.0000	29.2803	56.5936	0.0007	
111	113	0.1368	4	1	1	0	1	0	0	0	0	N	N	N	N	N	N	N	N	N	N	N	N	2.2618	2.8778	0.3815	5964.4509	6866.0353	0.0617	0.0686	0.0386	0.4390	0.9729	1.1186	0.0506	8.2736	8.4979	0.0002	0.0368	0.0342	0.0517	0.4302	0.3887	0.1326	0.0014	0.0012	0.0028	0.5366	0.8842	0.1178	0.0071	1.4962	-0.1809	-0.0003	16.9399	8.6942	15.9768	6.0502	0.6461	0.6416	0.0046	0.6245	0.6245	0.0000	0.0217	0.0171	0.0046	0.0095	0.0038	0.0057	0.0000	0.0000	0.0000	0.0094	0.0037	0.0057	0.6641	0.5735	0.0906	0.0755	0.0735	0.0020	0.5887	0.5001	0.0886	0.2985	0.1633	0.1352	0.0359	0.0324	0.0035	0.2626	0.1309	0.1317	30.7131	48.2147	1.2064	5964.4509	6866.0353	0.0617	1.0274	1.1929	1.2034	0.0317	0.0232	0.0419	0.0014	0.0012	0.0028	0.0358	0.0286	0.0430
111	114	0.1579	8	0	1	0	1	0	0	0	0	N	N	N	N	N	N	N	N	N	N	N	N	0.0000	0.0000	0.0000	0.0000	0.0000	0.0000	0.0000	0.0000	0.0000	0.0000	0.0000	0.0000	0.0000	0.0001	0.0000	0.0002	0.0000	0.0000	0.0000	0.0005	0.0000	0.0002	inf	0.0000	0.0000	16.9399	0.0001	15.9768	0.0001	0.0000	0.0000	0.0000	0.0000	0.0000	0.0000	0.0000	0.0000	0.0000	0.0000	0.0000	0.0000	0.0000	0.0000	0.0000	0.0000	0.0000	0.0000	0.0000	0.0000	0.0000	0.0000	0.0000	0.0000	0.0000	0.0000	0.0000	0.0000	0.0000	0.0000	0.0000	0.0000	0.0000	0.0000	0.0000	0.0000	0.0000	0.0000	0.0000	0.0000	0.0000	0.0000	0.0000	0.0000	0.0000	0.0001	0.0000	0.0002	0.0000	0.0000	0.0000	0.0002	0.0000	0.0002						
111	115	0.1512	7	0	1	0	1	0	0	0	0	N	N	N	N	N	N	N	N	N	N	N	N	0.0000	0.0000	0.0000	0.0000	0.0000	0.0000	0.0000	0.0000	0.0000	0.0000	0.0000	0.0000	0.0000	0.0003	0.0000	0.0006	0.0000	0.0000	0.0000	0.0008	0.0000	0.0006	inf	-0.0000	0.0000	16.9399	3.0007	15.9768	1.0012	0.0000	0.0000	0.0000	0.0000	0.0000	0.0000	0.0000	0.0000	0.0000	0.0000	0.0000	0.0000	0.0000	0.0000	0.0000	0.0000	0.0000	0.0000	0.2038	0.1778	0.0260	0.0177	0.0168	0.0009	0.1861	0.1610	0.0250	0.0779	0.0424	0.0355	0.0089	0.0078	0.0011	0.0690	0.0346	0.0344	0.0000	0.0000	0.0000	0.0000	0.0000	0.0000	0.0000	0.0000	0.0000	0.0003	0.0000	0.0006	0.0000	0.0000	0.0000	0.0003	0.0000	0.0006						
111	116	0.1494	6	0	0	0	1	0	0	0	0	N	N	N	N	N	N	N	N	N	N	N	N	47.9828	119.1084	0.0000	167.5118	154.9317	0.0000	0.0000	0.0000	0.0000	0.0000	0.0002	0.0002	0.0000	0.0000	0.0000	0.0000	0.0000	0.0000	0.0000	0.0000	0.0000	0.0000	0.0000	0.0000	0.0000	0.0000	3.0002	-0.0000	0.0000	16.9399	1.1177	15.9768	0.0023	0.0000	0.0000	0.0000	0.0000	0.0000	0.0000	0.0000	0.0000	0.0000	0.0000	0.0000	0.0000	0.0000	0.0000	0.0000	0.0000	0.0000	0.0000	0.0802	0.0703	0.0099	0.0104	0.0099	0.0005	0.0698	0.0604	0.0094	0.0219	0.0119	0.0100	0.0025	0.0022	0.0003	0.0194	0.0097	0.0097	47.9828	119.1084	0.0000	167.5118	154.9317	0.0000	0.0000	0.0000	0.0000	0.0000	0.0000	0.0000	0.0000	0.0000	0.0000	0.0000	0.0000	0.0000		
111	117	0.1464	2	0	1	0	0	0	0	0	0	N	N	N	N	N	N	N	N	N	N	N	N	0.9161	0.4395	1.4105	0.0010	0.0011	0.0000	1.0309	0.7888	1.4154	1.3077	0.6207	6.5282	0.0035	0.0036	0.0000	1.5478	0.7442	7.0131	1.4275	1.4122	4.6284	3.3570	3.3155	7.7993	1.5014	0.9435	4.9547	1.3843	2.7300	0.8101	0.1387	16.9399	31.2782	15.9768	23.9277	2.7606	1.1578	1.6028	0.0011	0.0011	0.0000	2.7594	1.1567	1.6028	1.3394	0.3591	0.9803	0.3554	0.3435	0.0119	0.9841	0.0156	0.9685	2.1110	1.8654	0.2455	0.3281	0.3111	0.0170	1.7828	1.5543	0.2285	1.0728	0.5993	0.4735	0.1477	0.1372	0.0105	0.9251	0.4621	0.4629	1.0474	1.0358	3.1529	0.0014	0.0015	0.0000	1.4549	22.0381	3.3523	1.2486	0.5992	2.0705	2.4057	2.5041	1.1252	1.0638	0.0338	2.0920
111	118	0.1494	6	0	0	1	1	0	0	0	0	N	N	N	N	N	N	N	N	N	N	N	N	inf	inf	inf	inf	0.0107	0.0122	0.0000	0.0000	0.0000	0.0000	0.0118	0.0137	0.0000	0.0000	0.0000	0.0000	0.0000	0.0000	0.0000	0.0000	0.0000	0.0000	0.0000	-0.0008	-0.0000	16.9399	3.8827	15.9768	2.9998	0.0028	0.0028	0.0000	0.0000	0.0000	0.0000	0.0028	0.0028	0.0000	0.0000	0.0000	0.0000	0.0000	0.0000	0.0000	0.0000	0.0000	0.0000	0.2669	0.2333	0.0337	0.0264	0.0251	0.0013	0.2405	0.2081	0.0323	0.1329	0.0723	0.0606	0.0149	0.0131	0.0018	0.1179	0.0591	0.0588	inf	inf	0.0000	0.0000	0.0000	0.0000	inf	inf	0.0000	0.0000	0.0000	0.0000	0.0000	0.0000	0.0000	0.0000	0.0000	0.0000						
111	119	0.1465	5	0	0	0	1	0	0	0	0	N	N	N	N	N	N	N	N	N	N	N	N	192.9218	98.2931	0.1623	4.0856	3.7851	4488.6078	inf	0.1718	0.0026	0.0030	0.0000	0.0005	0.0005	0.0000	0.0032	0.0036	0.0000	0.0000	0.0000	0.0000	0.0001	0.0001	0.0000	0.0000	0.0000	0.0000	0.0000	0.0481	-0.0002	-0.0000	16.9399	2.8083	15.9768	0.0030	0.0006	0.0006	0.0000	0.0000	0.0000	0.0000	0.0006	0.0006	0.0000	0.0000	0.0000	0.0000	0.0000	0.0000	0.0000	0.0000	0.0000	0.0000	0.2381	0.2109	0.0272	0.0475	0.0452	0.0023	0.1905	0.1656	0.0249	0.0554	0.0300	0.0253	0.0063	0.0056	0.0007	0.0491	0.0244	0.0246	192.9218	123.7480	0.1623	4.0856	3.7851	0.0000	4488.6078	inf	0.1718	0.0000	0.0000	0.0000	0.0001	0.0001	0.0000	0.0000	0.0000	0.0000	
111	120	0.1465	5	0	0	1	1	0	0	0	0	N	N	N	N	N	N	N	N	N	N	N	N	358377.7528	230922.3296	0.1911	0.6929	0.6421	8603594.0396	inf	0.1951	1.4560	1.6597	0.0000	0.0000	0.0000	0.0000	1.6526	1.9050	0.0000	0.0000	0.0000	0.0000	0.0000	0.0000	0.0000	0.0000	0.0000	0.0000	0.0000	0.0438	-0.2873	-0.0000	16.9399	9.6158	15.9768	0.0030	1.0005	1.0005	0.0000	0.0000	0.0000	0.0000	1.0005	1.0005	0.0000	0.0000	0.0000	0.0000	0.0000	0.0000	0.0000	0.0000	0.0000	0.0000	0.6872	0.6028	0.0843	0.0818	0.0776	0.0041	0.6054	0.5252	0.0802	0.1858	0.1006	0.0852	0.0208	0.0183	0.0025	0.1650	0.0823	0.0827	358377.7528	230922.3296	0.1911	0.6929	0.6421	0.0000	8603594.0396	inf	0.1951	0.0000	0.0000	0.0000	0.0000	0.0000	0.0000	0.0000	0.0000	0.0000	
111	121	0.1368	4	0	0	0	1	0	0	0	0	N	N	N	N	N	N	N	N	N	N	N	N	284.8030	154.6868	16.1521	0.6352	0.6064	0.0246	4847.3645	2276.4202	30.1870	1.0049	1.1707	0.0055	0.0094	0.0096	0.0002	1.1977	1.4360	0.0056	0.0035	0.0076	0.0003	0.0148	0.0158	0.0063	0.0002	0.0006	0.0002	0.0008	0.1151	-0.1075	-0.0001	16.9399	4.2457	15.9768	2.0144	0.3754	0.3751	0.0003	0.0006	0.0006	0.0000	0.3748	0.3745	0.0003	0.0002	0.0002	0.0000	0.0002	0.0002	0.0000	0.0000	0.0000	0.0000	0.3736	0.3204	0.0532	0.0606	0.0596	0.0010	0.3129	0.2608	0.0521	0.1377	0.0765	0.0612	0.0199	0.0183	0.0015	0.1178	0.0582	0.0596	687.1823	496.1660	16.1521	0.9856	0.9747	0.0246	12506.2968	358146.9853	30.1870	0.0015	0.0024	0.0003	0.0096	0.0098	0.0063	0.0001	0.0000	0.0002
111	122	0.0947	3	0	0	0	1	0	0	0	0	N	N	N	N	N	N	N	N	N	N	N	N	3.5945	154.9270	21.0375	35.8738	240.1204	0.0000	2.8465	15.4465	29.6150	1.3705	0.8977	4.4315	2.8591	2.9159	0.0000	1.2233	0.6687	4.4903	0.3813	0.0058	0.2106	0.0797	0.0121	1.2865	0.4297	0.0433	0.1516	0.7626	24.2279	0.1781	0.0042	16.9399	11.9190	15.9768	13.1740	1.2235	0.6941	0.5294	0.2298	0.2298	0.0000	0.9938	0.4644	0.5294	0.0128	0.0005	0.0123	0.0010	0.0002	0.0008	0.0117	0.0003	0.0115	0.8927	0.7733	0.1195	0.0804	0.0788	0.0016	0.8124	0.6945	0.1179	0.4866	0.2567	0.2300	0.0333	0.0310	0.0023	0.4533	0.2256	0.2277	52.2371	455.2256	83.1194	91.1081	364.5058	0.0001	47.3065	584.8212	89.1772	0.0262	0.0020	0.0533	0.0314	0.0080	0.3441	0.0259	0.0011	0.0504
111	123	0.5216	7	0	0	1	1	0	0	0	0	N	N	N	N	N	N	N	N	N	N	N	N	0.0011	0.0652	0.0000	0.0079	0.1479	0.0000	0.0005	0.0022	0.0000	0.0000	0.0000	0.0000	0.0000	0.0000	0.0000	0.0000	0.0000	0.0000	0.0120	0.0002	0.0181	0.0007	0.0000	0.0055	0.0353	0.0086	0.0150	0.0000	28.5347	-0.0000	0.0003	16.9399	12.8936	15.9768	4.1514	0.0000	0.0000	0.0000	0.0000	0.0000	0.0000	0.0000	0.0000	0.0000	0.0010	0.0000	0.0009	0.0001	0.0000	0.0001	0.0009	0.0000	0.0009	0.8939	0.8003	0.0936	0.2868	0.2718	0.0150	0.6071	0.5284	0.0787	0.2572	0.1599	0.0973	0.0811	0.0718	0.0092	0.1761	0.0880	0.0881	0.0034	0.0702	0.0000	0.0079	0.1479	0.0000	0.0032	0.0555	0.0000	0.0038	0.0002	0.0096	0.0007	0.0000	0.0055	0.0052	0.0003	0.0100
111	124	0.1100	4	0	1	0	0	0	0	0	0	N	N	N	N	N	N	N	N	N	N	N	N	42.3843	72.1119	0.1607	196.9322	467.0941	0.0000	5.1415	1.4650	0.2273	0.1777	0.2032	0.0004	1.9938	2.0632	0.0000	0.0230	0.0265	0.0004	0.0042	0.0028	0.0022	0.0101	0.0044	0.0778	0.0045	0.0181	0.0016	0.0003	1.7200	-0.0452	0.0000	16.9399	12.7386	15.9768	8.7370	0.1577	0.1576	0.0000	0.1389	0.1389	0.0000	0.0188	0.0188	0.0000	0.0007	0.0003	0.0004	0.0003	0.0001	0.0001	0.0004	0.0001	0.0003	0.8873	0.7760	0.1113	0.0697	0.0673	0.0023	0.8176	0.7086	0.1090	0.4282	0.2273	0.2009	0.0372	0.0348	0.0024	0.3910	0.1925	0.1985	107.6911	177.7461	0.1607	280.9595	528.2097	0.0000	20.3063	41.1613	0.2273	0.0017	0.0011	0.0022	0.0071	0.0039	0.0538	0.0011	0.0006	0.0016
111	125	0.0947	3	0	1	0	0	0	0	0	0	N	N	N	N	N	N	N	N	N	N	N	N	1.4157	15.7307	0.9691	3.5841	13.1842	0.0001	1.1635	5.6958	1.3115	0.9133	0.9151	0.9022	1.6821	1.7082	0.0004	0.8187	0.8020	0.9136	0.6452	0.0582	0.9310	0.4693	0.1296	4.6910	0.7037	0.1408	0.6966	0.1540	14.1265	-0.0962	0.0040	16.9399	8.6431	15.9768	1.4782	0.6260	0.5425	0.0835	0.1263	0.1263	0.0000	0.4997	0.4162	0.0835	0.0132	0.0009	0.0123	0.0015	0.0007	0.0008	0.0117	0.0002	0.0115	0.6854	0.5928	0.0926	0.0751	0.0739	0.0011	0.6103	0.5189	0.0914	0.2078	0.1100	0.0979	0.0165	0.0155	0.0010	0.1913	0.0944	0.0969	14.4200	115.6397	7.1819	19.0116	39.8962	0.0005	13.3859	369.8632	7.6976	0.0633	0.0079	0.1256	0.0885	0.0428	0.7989	0.0612	0.0022	0.1187
111	126	0.0851	2	0	0	0	0	0	0	0	0	N	N	N	N	N	N	N	N	N	N	N	N	0.7418	1.9982	0.8045	0.0354	0.0435	0.0029	0.7203	1.4046	0.7636	3.5293	2.0738	14.0408	0.0363	0.0363	0.0413	3.9863	2.3808	14.1179	4.7578	1.0379	17.4525	1.0277	0.8341	14.3956	5.5345	1.6950	18.4876	0.9375	46.4838	0.2491	0.2638	16.9399	4.1618	15.9768	2.0491	1.2663	0.6536	0.6128	0.0015	0.0015	0.0000	1.2648	0.6521	0.6127	0.7525	0.0158	0.7367	0.0047	0.0037	0.0010	0.7478	0.0122	0.7356	0.3588	0.3152	0.0436	0.0415	0.0413	0.0002	0.3173	0.2739	0.0434	0.1582	0.0903	0.0678	0.0230	0.0225	0.0006	0.1351	0.0679	0.0672	0.7418	11.8224	1.2926	0.1783	0.2231	0.0233	0.7203	13.2566	1.2903	4.7578	0.1754	10.8622	0.2038	0.1628	1.7719	5.5345	0.1796	10.9416
111	128	0.5338	8	1	1	0	0	0	0	0	0	N	N	N	N	N	N	N	N	N	N	N	N	56.7330	inf	3.8603	54.9019	inf	4.1172	0.0000	0.0000	0.0000	0.0000	0.0000	0.0000	0.0000	0.0000	0.0000	0.0000	0.0000	0.0000	0.0000	0.0000	0.0000	0.0000	0.0000	0.0000	0.0211	inf	-0.0000	0.0000	16.9399	2.0107	15.9768	1.9995	0.0000	0.0000	0.0000	0.0000	0.0000	0.0000	0.0000	0.0000	0.0000	0.0000	0.0000	0.0000	0.0000	0.0000	0.0000	0.0000	0.0000	0.0000	0.1300	0.1155	0.0145	0.0404	0.0380	0.0024	0.0896	0.0775	0.0121	0.0576	0.0367	0.0209	0.0195	0.0172	0.0022	0.0381	0.0194	0.0187	56.7330	inf	3.8603	0.0000	0.0000	0.0000	54.9019	inf	4.1172	0.0000	0.0000	0.0000	0.0000	0.0000	0.0000	0.0000	0.0000	0.0000			
111	129	0.5216	7	1	1	0	0	0	0	0	0	N	N	N	N	N	N	N	N	N	N	N	N	1.0220	266.6827	0.2219	0.0000	0.0000	0.0000	0.4507	11.8392	0.2803	0.0482	0.0523	0.0101	0.0000	0.0000	0.0000	0.0745	0.0836	0.0121	0.0471	0.0002	0.0456	0.0014	0.0001	0.0134	0.1653	0.0071	0.0431	0.0211	74.0365	-0.0057	0.0003	16.9399	5.6459	15.9768	1.1399	0.0212	0.0208	0.0004	0.0000	0.0000	0.0000	0.0212	0.0208	0.0004	0.0009	0.0000	0.0009	0.0001	0.0000	0.0001	0.0009	0.0000	0.0009	0.4411	0.3976	0.0435	0.1559	0.1488	0.0071	0.2852	0.2488	0.0364	0.1114	0.0688	0.0426	0.0365	0.0327	0.0038	0.0749	0.0361	0.0388	5.6789	285.9435	0.4620	0.0000	0.0000	0.0000	6.2563	300.9930	0.5321	0.0085	0.0002	0.0219	0.0014	0.0001	0.0134	0.0119	0.0003	0.0227
111	130	0.4913	6	0	0	0	0	0	0	0	0	N	N	N	N	N	N	N	N	N	N	N	N	0.0004	0.0004	0.0001	0.1160	0.1420	0.0001	0.0000	0.0000	0.0001	0.0020	0.0022	0.0005	0.0053	0.0057	0.0000	0.0001	0.0000	0.0006	4.7880	5.0692	8.0438	0.0461	0.0399	0.0632	7.1851	10.1431	8.9146	0.0257	0.5513	-0.0005	-0.4237	16.9399	11.6079	15.9768	5.3766	0.0019	0.0019	0.0000	0.0019	0.0019	0.0000	0.0001	0.0000	0.0000	1.5523	1.0007	0.5517	0.0023	0.0019	0.0004	1.5500	0.9988	0.5512	0.9566	0.8532	0.1034	0.3499	0.3302	0.0196	0.6067	0.5229	0.0838	0.3242	0.1974	0.1268	0.1085	0.0989	0.0096	0.2157	0.0985	0.1173	0.0004	0.0004	0.0001	0.2486	0.2974	0.0001	0.0000	0.0000	0.0001	4.7880	5.0692	4.3503	0.0215	0.0190	0.0470	7.1851	10.1431	4.7011
111	131	0.4734	5	0	0	0	0	0	0	0	0	N	N	N	N	N	N	N	N	N	N	N	N	0.0094	0.0047	0.0243	0.0134	0.0133	0.0109	0.0054	0.0002	0.0260	0.0253	0.0133	0.1305	0.0348	0.0344	0.0454	0.0204	0.0012	0.1452	2.6907	2.8251	5.3630	2.6073	2.5852	4.1477	3.7740	6.0754	5.5813	1.1240	0.5930	0.0021	-0.3503	16.9399	3.9355	15.9768	8.7078	0.0086	0.0040	0.0045	0.0040	0.0038	0.0002	0.0045	0.0002	0.0043	1.3679	0.8587	0.5092	0.2665	0.2584	0.0081	1.1013	0.6002	0.5011	0.3388	0.3040	0.0348	0.1158	0.1107	0.0051	0.2230	0.1933	0.0297	0.5084	0.3040	0.2044	0.2165	0.2052	0.0114	0.2918	0.0988	0.1930	0.0094	0.0047	0.0524	0.0283	0.0273	0.0640	0.0054	0.0002	0.0559	2.6907	2.8251	2.4908	1.2308	1.2598	0.7096	3.7740	6.0754	2.5960
111	132	0.4618	4	0	0	0	0	0	0	0	0	N	N	N	N	N	N	N	N	N	N	N	N	0.0073	0.0045	0.0167	0.0134	0.0134	0.0814	0.0042	0.0001	0.0172	0.0294	0.0175	0.1321	0.0471	0.0484	0.0192	0.0207	0.0008	0.1510	4.0453	3.9119	7.8950	3.5026	3.6181	0.2360	4.9473	5.2928	8.8036	0.8721	0.6348	0.0028	-0.2670	16.9399	6.2657	15.9768	3.9760	0.0155	0.0083	0.0072	0.0082	0.0080	0.0001	0.0073	0.0002	0.0071	1.1122	0.6803	0.4319	0.2784	0.2774	0.0010	0.8338	0.4029	0.4309	0.5259	0.4714	0.0545	0.1734	0.1656	0.0078	0.3525	0.3058	0.0467	0.2749	0.1739	0.1010	0.1064	0.0978	0.0086	0.1685	0.0761	0.0924	0.0073	0.0045	0.0309	0.0180	0.0171	0.1665	0.0042	0.0001	0.0324	4.0453	3.9119	4.2748	2.6164	2.8369	0.1154	4.9473	5.2928	4.6627
111	133	0.3845	3	0	0	0	0	0	0	0	0	N	N	N	N	N	N	N	N	N	N	N	N	0.9357	0.0041	2.6274	0.0044	0.0033	5.2155	1.2289	0.0039	2.7458	1.4440	0.0063	13.0560	0.0129	0.0098	0.0676	1.9801	0.0048	15.0150	1.5433	1.5313	4.9691	2.9073	2.9564	0.0130	1.6113	1.2306	5.4683	257.8949	1.4651	1.9149	-0.0466	16.9399	26.7012	15.9768	18.2690	2.7008	0.0104	2.6904	0.0066	0.0048	0.0018	2.6943	0.0057	2.6886	1.3710	0.5562	0.8148	0.5340	0.5337	0.0003	0.8370	0.0225	0.8145	1.8704	1.6643	0.2061	0.5097	0.4827	0.0270	1.3607	1.1816	0.1791	0.9452	0.5884	0.3568	0.2954	0.2707	0.0247	0.6498	0.3177	0.3321	0.9955	0.0066	5.7173	0.0071	0.0050	5.2155	1.5372	0.0678	6.1221	1.4505	0.9453	2.2836	1.8077	1.9717	0.0130	1.2881	0.0708	2.4526
111	134	0.1464	2	0	0	0	0	0	0	0	0	N	N	N	N	N	N	N	N	N	N	N	N	0.3353	0.2651	0.0513	0.0019	0.0018	0.1108	0.3504	0.2442	0.0544	0.5315	0.5806	0.1606	0.0050	0.0049	0.0072	0.6149	0.6790	0.1717	1.5849	2.1898	3.1306	2.6133	2.6846	0.0648	1.7549	2.7808	3.1589	0.0366	0.2512	-0.4946	-1.1865	16.9399	61.4372	15.9768	55.8589	1.9642	1.8948	0.0694	0.0025	0.0023	0.0002	1.9617	1.8925	0.0692	2.7749	2.2178	0.5571	0.2337	0.2330	0.0007	2.5413	1.9848	0.5564	3.6958	3.2636	0.4322	0.5055	0.4763	0.0292	3.1903	2.7873	0.4030	1.8520	1.0128	0.8392	0.1868	0.1714	0.0153	1.6652	0.8413	0.8239	0.3547	0.2651	0.2419	0.0040	0.0036	0.1504	0.4029	0.2878	0.2543	1.4984	2.1898	0.6639	1.2511	1.3588	0.0477	1.5261	2.3591	0.6754
112	114	0.0480	6	1	2	0	2	0	0	0	0	N	Y	N	Y	N	N	N	N	N	N	N	N	0.0000	0.0000	0.0000	0.0000	0.0000	0.0000	0.0000	0.0000	0.0000	0.0000	0.0000	0.0000	0.0000	0.4274	0.0000	0.2911	0.0000	0.0000	0.0000	0.6452	0.0000	0.2217	inf	0.0000	0.0000	0.0019	0.0001	1.9928	0.0001	0.0000	0.0000	0.0000	0.0000	0.0000	0.0000	0.0000	0.0000	0.0000	0.0000	0.0000	0.0000	0.0000	0.0000	0.0000	0.0000	0.0000	0.0000	0.0000	0.0000	0.0000	0.0000	0.0000	0.0000	0.0000	0.0000	0.0000	0.0000	0.0000	0.0000	0.0000	0.0000	0.0000	0.0000	0.0000	0.0000	0.0000	0.0000	0.0000	0.0000	0.0000	0.0000	0.0000	0.0000	0.0000	0.0313	0.0000	0.0632	0.0000	0.0000	0.0000	0.0502	0.0000	0.0633						
112	115	0.0413	5	1	2	0	2	0	0	0	0	N	Y	N	Y	N	N	N	N	N	N	N	N	0.0000	0.0000	0.0000	0.0000	0.0000	0.0000	0.0000	0.0000	0.0000	0.0000	0.0000	0.0000	0.0000	0.6121	0.0000	0.8564	0.0000	0.0000	0.0000	0.6983	0.0000	0.6923	inf	0.0000	0.0001	0.0019	3.0007	1.9928	1.0012	0.0000	0.0000	0.0000	0.0000	0.0000	0.0000	0.0000	0.0000	0.0000	0.0003	0.0000	0.0003	0.0000	0.0000	0.0000	0.0003	0.0000	0.0003	0.0001	0.0001	0.0000	0.0000	0.0000	0.0000	0.0000	0.0000	0.0000	0.0050	0.0026	0.0024	0.0003	0.0003	0.0000	0.0047	0.0023	0.0024	0.0000	0.0000	0.0000	0.0000	0.0000	0.0000	0.0000	0.0000	0.0000	0.0560	0.0000	0.1171	0.0000	0.0000	0.0000	0.0598	0.0000	0.1181						
112	116	0.0395	4	1	1	0	2	0	0	0	0	N	N	N	Y	N	N	N	N	N	N	N	N	2.9245	24.5991	0.0000	7.2449	6.7914	0.0000	0.0000	0.0002	0.0003	0.0000	0.0007	0.0007	0.0000	0.0000	0.0000	0.0000	0.0001	0.0000	0.0002	0.0001	0.0001	0.0000	0.0002	0.0000	0.0002	0.0000	13.0047	-0.0000	0.0000	0.0019	1.1177	1.9928	0.0023	0.0000	0.0000	0.0000	0.0000	0.0000	0.0000	0.0000	0.0000	0.0000	0.0000	0.0000	0.0000	0.0000	0.0000	0.0000	0.0000	0.0000	0.0000	0.0000	0.0000	0.0000	0.0000	0.0000	0.0000	0.0000	0.0000	0.0000	0.0014	0.0007	0.0007	0.0001	0.0001	0.0000	0.0013	0.0006	0.0007	2.9245	24.5991	0.0000	7.2449	6.7914	0.0000	0.0000	0.0000	0.0000	0.0001	0.0000	0.0002	0.0001	0.0001	0.0000	0.0001	0.0000	0.0002		
112	117	0.1981	6	1	2	0	1	0	0	0	0	N	Y	N	N	N	N	N	N	N	N	N	N	0.0001	0.0000	0.0000	0.0000	0.0000	0.0000	0.0028	inf	0.0000	0.0003	0.0003	0.0000	0.0000	0.0000	0.0000	0.0004	0.0005	0.0000	5.1625	9.0040	0.0478	26.3122	30.4166	0.0058	0.1624	0.0000	0.0448	0.0000	0.0019	-0.0000	-0.2122	0.0019	31.2782	1.9928	23.9277	0.0000	0.0000	0.0000	0.0000	0.0000	0.0000	0.0000	0.0000	0.0000	0.3388	0.3381	0.0006	0.3382	0.3381	0.0000	0.0006	0.0000	0.0006	0.0007	0.0006	0.0001	0.0003	0.0003	0.0000	0.0004	0.0003	0.0001	0.0656	0.0376	0.0281	0.0129	0.0111	0.0017	0.0528	0.0264	0.0263	0.0001	0.0000	0.0000	0.0000	0.0000	0.0000	0.0379	inf	0.0000	5.1625	9.0040	0.0226	26.3122	30.4166	0.0058	0.0118	0.0000	0.0237
112	118	0.0395	4	1	1	1	2	0	0	0	0	N	N	N	Y	N	N	N	N	N	N	N	N	114751.6972	0.0000	inf	0.0000	0.0000	inf	inf	0.1132	0.0000	0.8734	0.0000	0.0000	0.0000	0.1723	0.0000	0.8843	0.0000	0.0000	0.0000	0.0000	0.0000	0.0000	0.0000	0.0000	0.0000	inf	0.0000	0.0000	-0.0000	0.0019	3.8827	1.9928	2.9998	0.0000	0.0000	0.0000	0.0000	0.0000	0.0000	0.0000	0.0000	0.0000	0.0000	0.0000	0.0000	0.0000	0.0000	0.0000	0.0000	0.0000	0.0000	0.0001	0.0001	0.0000	0.0000	0.0000	0.0000	0.0001	0.0000	0.0000	0.0085	0.0044	0.0041	0.0005	0.0005	0.0000	0.0080	0.0039	0.0040	114751.6972	0.0000	inf	0.0000	0.0000	0.0000	inf	0.0000	inf	0.0000	0.0000	0.0000	0.0000	0.0000	0.0000	0.0000	0.0000	0.0000		
112	119	0.0366	3	1	1	0	2	0	0	0	0	N	N	N	Y	N	N	N	N	N	N	N	N	93.1529	49.7517	146.4769	17.5724	16.6767	58.8238	150.6098	0.0016	0.0017	0.0007	0.0041	0.0042	0.0000	0.0001	0.0000	0.0007	0.0000	0.0000	0.0000	0.0002	0.0003	0.0000	0.0000	0.0000	0.0000	0.0601	0.1588	-0.0000	-0.0000	0.0019	2.8083	1.9928	0.0030	0.0000	0.0000	0.0000	0.0000	0.0000	0.0000	0.0000	0.0000	0.0000	0.0000	0.0000	0.0000	0.0000	0.0000	0.0000	0.0000	0.0000	0.0000	0.0001	0.0001	0.0000	0.0000	0.0000	0.0000	0.0000	0.0000	0.0000	0.0035	0.0018	0.0017	0.0002	0.0002	0.0000	0.0033	0.0016	0.0017	93.1529	60.5113	146.4769	17.5724	16.6767	0.0000	58.8238	0.0000	150.6098	0.0000	0.0000	0.0000	0.0002	0.0003	0.0000	0.0000	0.0000	0.0000		
112	120	0.0366	3	1	1	1	2	0	0	0	0	N	N	N	Y	N	N	N	N	N	N	N	N	10294.8240	6112.4326	7.8738	7.4045	inf	inf	0.0457	0.0523	0.0000	0.0006	0.0006	0.0000	0.0697	0.0859	0.0000	0.0000	0.0000	0.0000	0.0001	0.0001	0.0000	0.0000	0.0000	0.0000	0.0000	0.0000	-0.0000	-0.0000	0.0019	9.6158	1.9928	0.0030	0.0000	0.0000	0.0000	0.0000	0.0000	0.0000	0.0000	0.0000	0.0000	0.0000	0.0000	0.0000	0.0000	0.0000	0.0000	0.0000	0.0000	0.0000	0.0002	0.0002	0.0000	0.0001	0.0001	0.0000	0.0001	0.0001	0.0000	0.0119	0.0062	0.0057	0.0007	0.0007	0.0000	0.0112	0.0055	0.0057	10294.8240	6112.4326	0.0000	7.8738	7.4045	0.0000	inf	inf	0.0000	0.0000	0.0000	0.0000	0.0001	0.0001	0.0000	0.0000	0.0000	0.0000			
112	121	0.0269	2	1	1	0	2	0	0	0	0	N	N	N	Y	N	N	N	N	N	N	N	N	3.1281	0.7695	54.8157	0.7584	0.7609	0.0000	98.5836	inf	67.1842	0.1425	0.1920	0.0011	0.3542	0.3552	0.0000	0.0011	0.0012	0.0011	0.0456	0.2495	0.0000	0.4670	0.4668	0.0006	0.0000	0.0000	0.0000	0.0020	0.0011	-0.0000	-0.0000	0.0019	4.2457	1.9928	2.0144	0.0000	0.0000	0.0000	0.0000	0.0000	0.0000	0.0000	0.0000	0.0000	0.0001	0.0001	0.0000	0.0001	0.0001	0.0000	0.0000	0.0000	0.0000	0.0002	0.0001	0.0000	0.0001	0.0001	0.0000	0.0001	0.0001	0.0000	0.0087	0.0047	0.0041	0.0008	0.0008	0.0000	0.0079	0.0039	0.0040	17.0564	12.3177	54.8157	4.0108	3.8992	0.0000	134.5463	inf	67.1842	0.0084	0.0156	0.0000	0.0883	0.0911	0.0006	0.0000	0.0000	0.0000
112	123	0.5733	11	1	1	1	2	0	0	0	0	N	N	N	Y	N	N	N	N	N	N	N	N	0.0000	0.0000	0.0000	0.0000	0.0000	0.0000	0.0000	0.0000	0.0000	0.0000	0.0000	0.0000	0.0000	0.0000	0.0000	0.0000	0.0000	0.0000	0.0000	0.0000	0.0000	0.0000	0.0000	0.0000	-0.0000	0.0019	12.8936	1.9928	4.1514	0.0000	0.0000	0.0000	0.0000	0.0000	0.0000	0.0000	0.0000	0.0000	0.0000	0.0000	0.0000	0.0000	0.0000	0.0000	0.0000	0.0000	0.0000	0.0003	0.0002	0.0000	0.0001	0.0001	0.0000	0.0001	0.0001	0.0000	0.0144	0.0088	0.0056	0.0043	0.0038	0.0005	0.0101	0.0051	0.0051	0.0000	0.0000	0.0000	0.0000	0.0000	0.0000	0.0000	0.0000	0.0000	0.0000	0.0000	0.0000	0.0000	0.0000	0.0000	0.0000	0.0000	0.0000						
112	124	0.0844	4	1	2	0	1	0	0	0	0	N	Y	N	N	N	N	N	N	N	N	N	N	2488.4609	1513.9643	824.6413	747.7751	0.0033	0.0037	0.0000	0.0092	0.0092	0.0000	0.0000	0.0000	0.0000	0.0000	0.0000	0.0000	0.0000	0.0000	0.0000	0.0000	0.0000	0.0000	0.0000	0.0000	-0.0000	-0.0000	0.0019	12.7386	1.9928	8.7370	0.0000	0.0000	0.0000	0.0000	0.0000	0.0000	0.0000	0.0000	0.0000	0.0000	0.0000	0.0000	0.0000	0.0000	0.0000	0.0000	0.0000	0.0000	0.0003	0.0003	0.0000	0.0001	0.0001	0.0000	0.0002	0.0001	0.0000	0.0259	0.0138	0.0121	0.0031	0.0028	0.0003	0.0229	0.0110	0.0118	2488.4609	1513.9643	0.0000	824.6413	747.7751	0.0000	0.0000	0.0000	0.0000	0.0000	0.0000	0.0000	0.0000	0.0000	0.0000	0.0000	0.0000	0.0000					
112	125	0.0690	3	1	2	0	1	0	0	0	0	N	Y	N	N	N	N	N	N	N	N	N	N	10087.2190	8350.7233	2138.2548	3851.3562	3494.9731	1217.5164	0.0000	2137.7310	0.0914	0.1117	0.0111	0.2324	0.2331	0.0000	0.0036	0.0000	0.0112	0.0000	0.0000	0.0000	0.0001	0.0001	0.0000	0.0000	0.0002	0.0000	0.0251	0.3676	-0.0000	-0.0000	0.0019	8.6431	1.9928	1.4782	0.0000	0.0000	0.0000	0.0000	0.0000	0.0000	0.0000	0.0000	0.0000	0.0000	0.0000	0.0000	0.0000	0.0000	0.0000	0.0000	0.0000	0.0000	0.0003	0.0002	0.0001	0.0001	0.0001	0.0000	0.0002	0.0001	0.0001	0.0125	0.0066	0.0059	0.0013	0.0012	0.0001	0.0112	0.0054	0.0057	10087.2190	8949.3422	2138.2548	3851.3562	3494.9731	0.0000	1217.5164	0.0000	2137.7310	0.0000	0.0000	0.0000	0.0001	0.0001	0.0000	0.0000	0.0000	0.0000	
112	128	0.5856	12	2	2	0	1	0	0	0	0	Y	Y	N	N	N	N	N	N	N	N	N	N	0.0000	0.0000	0.0000	0.0000	0.0000	0.0000	0.0000	0.0000	0.0000	0.0000	0.0000	0.0000	0.0000	0.0000	0.0000	0.0000	0.0000	0.0000	0.0000	0.0000	0.0019	2.0107	1.9928	1.9995	0.0000	0.0000	0.0000	0.0000	0.0000	0.0000	0.0000	0.0000	0.0000	0.0000	0.0000	0.0000	0.0000	0.0000	0.0000	0.0000	0.0000	0.0000	0.0000	0.0000	0.0000	0.0000	0.0000	0.0000	0.0000	0.0000	0.0000	0.0032	0.0020	0.0012	0.0010	0.0009	0.0001	0.0022	0.0011	0.0011	0.0000	0.0000	0.0000	0.0000	0.0000	0.0000	0.0000	0.0000	0.0000	0.0000	0.0000	0.0000	0.0000	0.0000	0.0000	0.0000	0.0000	0.0000											
112	129	0.5733	11	2	2	0	1	0	0	0	0	Y	Y	N	N	N	N	N	N	N	N	N	N	0.0000	0.0000	0.0000	0.0000	0.0000	0.0000	0.0000	0.0000	0.0000	0.0000	0.0000	0.0000	0.0000	0.0000	0.0000	0.0000	0.0000	0.0000	0.0000	-0.0000	0.0019	5.6459	1.9928	1.1399	0.0000	0.0000	0.0000	0.0000	0.0000	0.0000	0.0000	0.0000	0.0000	0.0000	0.0000	0.0000	0.0000	0.0000	0.0000	0.0000	0.0000	0.0000	0.0001	0.0001	0.0000	0.0001	0.0001	0.0000	0.0001	0.0001	0.0000	0.0063	0.0039	0.0025	0.0020	0.0018	0.0002	0.0044	0.0021	0.0023	0.0000	0.0000	0.0000	0.0000	0.0000	0.0000	0.0000	0.0000	0.0000	0.0000	0.0000	0.0000	0.0000	0.0000	0.0000	0.0000	0.0000	0.0000											
112	130	0.5430	10	1	1	0	1	0	0	0	0	N	N	N	N	N	N	N	N	N	N	N	N	9.5912	43.1426	0.0000	34.6417	34.9584	0.0000	0.4865	inf	0.0000	0.0003	0.0004	0.0000	0.0006	0.0006	0.0000	0.0001	0.0001	0.0000	0.0000	0.0000	0.0001	0.0000	0.0000	0.0000	0.0001	0.0000	0.0001	0.0000	5.5591	-0.0000	0.0000	0.0019	11.6079	1.9928	5.3766	0.0000	0.0000	0.0000	0.0000	0.0000	0.0000	0.0000	0.0000	0.0000	0.0000	0.0000	0.0000	0.0000	0.0000	0.0000	0.0000	0.0000	0.0000	0.0003	0.0002	0.0000	0.0001	0.0001	0.0000	0.0001	0.0001	0.0000	0.0173	0.0106	0.0067	0.0056	0.0050	0.0006	0.0117	0.0056	0.0061	9.5912	43.4682	0.0000	34.6417	34.9584	0.0000	1.2554	inf	0.0000	0.0000	0.0000	0.0001	0.0000	0.0000	0.0000	0.0000	0.0000	0.0001
112	131	0.5251	9	1	1	0	1	0	0	0	0	N	N	N	N	N	N	N	N	N	N	N	N	4.1639	23.0440	0.0000	21.7333	21.9332	0.0000	0.0000	0.0000	0.0022	0.0025	0.0000	0.0045	0.0046	0.0000	0.0000	0.0000	0.0000	0.0005	0.0001	0.0009	0.0002	0.0002	0.0001	0.0015	0.0000	0.0010	0.0000	4.3622	-0.0000	0.0000	0.0019	3.9355	1.9928	8.7078	0.0000	0.0000	0.0000	0.0000	0.0000	0.0000	0.0000	0.0000	0.0000	0.0000	0.0000	0.0000	0.0000	0.0000	0.0000	0.0000	0.0000	0.0000	0.0001	0.0001	0.0000	0.0000	0.0000	0.0000	0.0000	0.0000	0.0000	0.0175	0.0117	0.0059	0.0063	0.0059	0.0004	0.0112	0.0058	0.0054	5.7341	23.0440	0.0000	21.7333	21.9332	0.0000	0.0000	0.0000	0.0000	0.0004	0.0001	0.0009	0.0002	0.0002	0.0001	0.0005	0.0000	0.0010	
112	132	0.5135	8	1	1	0	1	0	0	0	0	N	N	N	N	N	N	N	N	N	N	N	N	0.1274	0.2008	0.0000	0.5822	0.5186	0.0000	0.0024	0.1148	0.0000	0.0009	0.0010	0.0000	0.0019	0.0020	0.0000	0.0000	0.0000	0.0000	0.0072	0.0051	0.0055	0.0033	0.0038	0.0006	0.0108	0.0003	0.0047	0.0007	1.3018	-0.0000	-0.0000	0.0019	6.2657	1.9928	3.9760	0.0000	0.0000	0.0000	0.0000	0.0000	0.0000	0.0000	0.0000	0.0000	0.0000	0.0000	0.0000	0.0000	0.0000	0.0000	0.0000	0.0000	0.0000	0.0001	0.0001	0.0000	0.0001	0.0001	0.0000	0.0001	0.0001	0.0000	0.0138	0.0088	0.0049	0.0049	0.0045	0.0004	0.0088	0.0043	0.0045	0.3499	0.5815	0.0000	0.5891	0.5637	0.0000	0.0114	32.5371	0.0000	0.0026	0.0018	0.0041	0.0032	0.0035	0.0006	0.0023	0.0000	0.0044
112	133	0.4362	7	1	1	0	1	0	0	0	0	N	N	N	N	N	N	N	N	N	N	N	N	0.0006	0.0006	0.0000	0.0023	0.0020	0.0000	0.0006	0.0014	0.0000	0.0001	0.0001	0.0000	0.0001	0.0001	0.0000	0.0000	0.0001	0.0000	0.1075	0.1125	0.0266	0.0381	0.0454	0.0043	0.0658	0.0359	0.0252	0.0000	0.7123	-0.0000	-0.0001	0.0019	26.7012	1.9928	18.2690	0.0000	0.0000	0.0000	0.0000	0.0000	0.0000	0.0000	0.0000	0.0000	0.0006	0.0004	0.0003	0.0004	0.0004	0.0000	0.0003	0.0000	0.0003	0.0006	0.0005	0.0001	0.0003	0.0003	0.0000	0.0003	0.0002	0.0001	0.0565	0.0362	0.0202	0.0197	0.0174	0.0023	0.0368	0.0189	0.0180	0.0055	0.0068	0.0000	0.0047	0.0043	0.0000	0.0056	0.0512	0.0000	0.0114	0.0104	0.0132	0.0186	0.0205	0.0043	0.0075	0.0010	0.0143
112	134	0.1981	6	1	1	0	1	0	0	0	0	N	N	N	N	N	N	N	N	N	N	N	N	0.0000	0.0000	0.0000	0.0000	0.0000	0.0000	0.0001	0.0000	0.0000	0.0002	0.0002	0.0000	0.0000	0.0000	0.0000	0.0002	0.0003	0.0000	4.6306	8.2516	0.1218	9.6767	11.1467	0.8153	3.7122	7.3460	0.0603	0.0000	0.0038	-0.0000	-0.3228	0.0019	61.4372	1.9928	55.8589	0.0000	0.0000	0.0000	0.0000	0.0000	0.0000	0.0000	0.0000	0.0000	0.5169	0.5149	0.0020	0.1663	0.1657	0.0006	0.3506	0.3492	0.0014	0.0012	0.0011	0.0001	0.0005	0.0005	0.0000	0.0007	0.0006	0.0001	0.1116	0.0624	0.0492	0.0172	0.0149	0.0023	0.0944	0.0475	0.0469	0.0000	0.0000	0.0000	0.0000	0.0000	0.0000	0.0001	0.0000	0.0000	4.6306	8.2516	0.0400	9.6767	11.1467	0.2512	3.7122	7.3460	0.0296
112	135	0.1077	5	1	1	0	1	0	0	0	0	N	N	N	N	N	N	N	N	N	N	N	N	0.0358	0.0232	0.0000	79.7469	65.7187	0.0000	0.0268	0.0169	0.0000	0.2104	0.2395	0.0000	0.2610	0.2623	0.0000	0.1836	0.2248	0.0000	5.8742	10.3444	0.0019	0.0033	0.0040	0.0002	6.8452	13.3070	0.0019	0.0000	0.0001	-0.0000	-0.2124	0.0019	31.7621	1.9928	18.5886	0.0001	0.0001	0.0000	0.0001	0.0001	0.0000	0.0001	0.0001	0.0000	0.3382	0.3381	0.0000	0.0000	0.0000	0.0000	0.3381	0.3381	0.0000	0.0007	0.0006	0.0001	0.0002	0.0002	0.0000	0.0004	0.0004	0.0001	0.0576	0.0327	0.0249	0.0082	0.0073	0.0009	0.0494	0.0254	0.0240	0.0358	0.0232	0.0000	80.3582	72.3647	0.0000	0.0268	0.0169	0.0000	5.8742	10.3444	0.0019	0.0032	0.0036	0.0002	6.8452	13.3070	0.0019
113	114	0.0447	5	1	2	0	2	0	0	0	0	N	Y	N	Y	N	N	N	N	N	N	N	N	0.0000	0.0000	0.0000	0.0000	0.0000	0.0000	0.0000	0.0000	0.0000	0.0000	0.0000	0.0000	0.0000	7.5139	0.0000	23.2006	0.0000	0.0000	0.0000	13.2481	0.0000	25.7390	inf	0.0000	0.0000	8.6942	0.0001	6.0502	0.0001	0.0000	0.0000	0.0000	0.0000	0.0000	0.0000	0.0000	0.0000	0.0000	0.0001	0.0000	0.0001	0.0000	0.0000	0.0000	0.0001	0.0000	0.0001	0.0000	0.0000	0.0000	0.0000	0.0000	0.0000	0.0000	0.0000	0.0000	0.0000	0.0000	0.0000	0.0000	0.0000	0.0000	0.0000	0.0000	0.0000	0.0000	0.0000	0.0000	0.0000	0.0000	0.0000	0.0000	0.0000	0.0000	7.5139	0.0000	15.0425	0.0000	0.0000	0.0000	13.2481	0.0000	15.0473						
113	115	0.0380	4	1	2	0	2	0	0	0	0	N	Y	N	Y	N	N	N	N	N	N	N	N	0.0000	0.0000	0.0000	0.0111	0.0000	inf	0.0000	0.0000	0.0001	0.0000	0.0005	0.0000	0.0000	0.0018	0.0001	0.0000	0.0005	25.5635	0.0002	63.9873	0.0025	0.0026	0.0000	26.5473	0.0000	70.8344	inf	275757.4709	0.0000	0.3667	8.6942	3.0007	6.0502	1.0012	0.0000	0.0000	0.0000	0.0000	0.0000	0.0000	0.0000	0.0000	0.0000	0.9866	0.0000	0.9866	0.0000	0.0000	0.0000	0.9866	0.0000	0.9866	0.1232	0.1062	0.0170	0.0097	0.0095	0.0001	0.1136	0.0967	0.0169	0.0386	0.0192	0.0194	0.0014	0.0014	0.0000	0.0372	0.0178	0.0194	0.0000	0.0000	0.0000	0.0111	0.0000	inf	0.0000	0.0000	0.0000	25.5635	0.0002	50.8277	0.0025	0.0026	0.0000	26.5473	0.0000	50.9357	
113	116	0.0361	3	1	1	0	2	0	0	0	0	N	N	N	Y	N	N	N	N	N	N	N	N	0.2259	0.4264	1.1103	0.1171	0.0874	inf	0.2494	inf	1.4219	0.1117	0.0112	0.4020	0.0436	0.0324	0.9217	0.1356	0.0000	0.3952	0.4943	0.0262	0.3620	0.3724	0.3702	0.0000	0.5437	0.0000	0.2780	12.4282	13.0041	0.0057	0.0001	8.6942	1.1177	6.0502	0.0023	0.0090	0.0007	0.0083	0.0009	0.0007	0.0002	0.0080	0.0000	0.0080	0.0004	0.0000	0.0004	0.0000	0.0000	0.0000	0.0004	0.0000	0.0004	0.0802	0.0596	0.0206	0.0209	0.0206	0.0003	0.0593	0.0390	0.0204	0.0108	0.0054	0.0055	0.0004	0.0004	0.0000	0.0105	0.0050	0.0055	2.9218	2.0349	5.7077	0.5767	0.4154	inf	3.6833	inf	5.6002	0.0382	0.0055	0.0704	0.0756	0.0779	0.0000	0.0368	0.0000	0.0706
113	117	0.1948	5	1	2	0	1	0	0	0	0	N	Y	N	N	N	N	N	N	N	N	N	N	0.0112	0.1727	0.0270	1.1577	0.1177	4.7951	0.0016	158.5116	0.0019	0.0668	0.0064	0.5582	0.2440	0.0071	5.1268	0.0110	0.0062	0.0434	5.9861	0.0371	20.7107	0.2108	0.0606	1.0692	6.9939	0.0000	22.8042	10.6902	1725.9221	0.0503	1.0746	8.6942	31.2782	6.0502	23.9277	0.0802	0.0069	0.0733	0.0702	0.0020	0.0682	0.0100	0.0049	0.0051	2.8960	0.0017	2.8943	0.0036	0.0017	0.0020	2.8924	0.0000	2.8924	1.2009	1.0696	0.1313	0.2875	0.2742	0.0133	0.9135	0.7954	0.1180	0.4838	0.2604	0.2233	0.0702	0.0639	0.0063	0.4136	0.1965	0.2171	0.0112	0.9959	0.0431	4.7135	0.2721	16.4619	0.0016	60565.2325	0.0033	5.9861	0.0064	12.9589	0.0518	0.0262	0.3114	6.9939	0.0000	13.3255
113	118	0.0361	3	1	1	1	2	0	0	0	0	N	N	N	Y	N	N	N	N	N	N	N	N	7985.4717	194.6726	inf	97.4972	92.3540	inf	inf	inf	inf	5.5043	0.3959	27.7608	2.1079	2.1364	0.0252	6.1168	0.0000	28.0707	0.0007	0.0020	0.0000	0.0216	0.0231	0.0000	0.0000	0.0000	0.0000	16.0961	0.0000	0.6934	-0.0000	8.6942	3.8827	6.0502	2.9998	1.0596	0.0620	0.9976	0.0620	0.0620	0.0000	0.9976	0.0000	0.9976	0.0000	0.0000	0.0000	0.0000	0.0000	0.0000	0.0000	0.0000	0.0000	0.1925	0.1566	0.0359	0.0294	0.0290	0.0004	0.1631	0.1276	0.0355	0.0658	0.0327	0.0331	0.0024	0.0023	0.0001	0.0634	0.0304	0.0330	12222.3426	436.6302	inf	167.9271	165.1263	inf	inf	inf	inf	0.0005	0.0009	0.0000	0.0126	0.0129	0.0000	0.0000	0.0000	0.0000
113	119	0.0332	2	1	1	0	2	0	0	0	0	N	N	N	Y	N	N	N	N	N	N	N	N	1.3341	0.3109	116.8941	0.3268	0.3354	4588.7812	13.4601	inf	117.6617	0.1331	0.1067	0.2494	0.3668	0.3718	0.1906	0.0601	0.0015	0.2515	0.0998	0.3432	0.0021	1.1226	1.1084	0.0000	0.0045	0.0000	0.0021	0.5304	0.1082	0.0014	-0.0002	8.6942	2.8083	6.0502	0.0030	0.0231	0.0151	0.0080	0.0151	0.0149	0.0002	0.0079	0.0002	0.0078	0.0003	0.0003	0.0000	0.0003	0.0003	0.0000	0.0000	0.0000	0.0000	0.1732	0.1412	0.0320	0.0412	0.0401	0.0011	0.1320	0.1011	0.0309	0.0277	0.0137	0.0140	0.0012	0.0012	0.0000	0.0265	0.0125	0.0139	12.0674	5.3089	116.8941	1.5769	1.5591	4588.7812	53.3864	inf	117.6617	0.0110	0.0201	0.0021	0.2326	0.2385	0.0000	0.0011	0.0000	0.0021
113	120	0.0332	2	1	1	1	2	0	0	0	0	N	N	N	Y	N	N	N	N	N	N	N	N	276.1007	89.6636	0.0953	2.8998	3.0200	1085505.1778	inf	0.0969	2.3848	2.8222	0.0000	1.1610	1.1888	0.0000	2.5740	3.1212	0.0000	0.0086	0.0315	0.0000	0.4004	0.3936	0.0000	0.0000	0.0000	0.0000	0.0000	0.0008	-0.3032	-0.0002	8.6942	9.6158	6.0502	0.0030	1.0559	1.0559	0.0000	0.0688	0.0688	0.0000	0.9871	0.9871	0.0000	0.0003	0.0003	0.0000	0.0003	0.0003	0.0000	0.0000	0.0000	0.0000	0.4427	0.3741	0.0686	0.0593	0.0579	0.0014	0.3835	0.3162	0.0672	0.0922	0.0456	0.0466	0.0035	0.0034	0.0001	0.0887	0.0423	0.0465	797.8373	467.7414	0.0953	14.6690	14.5983	0.0000	1085505.1778	inf	0.0969	0.0030	0.0060	0.0000	0.0791	0.0814	0.0000	0.0000	0.0000	0.0000	
113	123	0.5700	10	1	1	1	2	0	0	0	0	N	N	N	Y	N	N	N	N	N	N	N	N	47.5269	24.0564	0.0000	37.1064	34.6931	14.3010	inf	0.0000	0.0102	0.0113	0.0000	0.0253	0.0266	0.0000	0.0000	0.0000	0.0000	0.0002	0.0005	0.0000	0.0007	0.0008	0.0000	0.0000	0.0000	0.0000	0.0000	0.0006	-0.0015	-0.0000	8.6942	12.8936	6.0502	4.1514	0.0052	0.0052	0.0000	0.0052	0.0052	0.0000	0.0000	0.0000	0.0000	0.0000	0.0000	0.0000	0.0000	0.0000	0.0000	0.0000	0.0000	0.0000	0.5084	0.4584	0.0500	0.2042	0.1940	0.0103	0.3042	0.2644	0.0398	0.1121	0.0678	0.0443	0.0351	0.0312	0.0039	0.0769	0.0366	0.0403	47.5269	31.9106	0.0000	37.1064	34.6931	0.0000	14.3010	inf	0.0000	0.0002	0.0004	0.0000	0.0007	0.0008	0.0000	0.0000	0.0000	0.0000	
113	124	0.0810	3	1	2	0	1	0	0	0	0	N	Y	N	N	N	N	N	N	N	N	N	N	13.7388	5.5284	121.9840	11.0380	9.6288	0.0000	36.0199	0.0000	125.5134	0.0185	0.0212	0.0012	0.1412	0.1436	0.0000	0.0002	0.0000	0.0013	0.0013	0.0038	0.0000	0.0128	0.0149	0.0000	0.0000	0.0000	0.0000	0.0092	0.0070	-0.0028	-0.0001	8.6942	12.7386	6.0502	8.7370	0.0100	0.0099	0.0001	0.0099	0.0099	0.0000	0.0001	0.0000	0.0001	0.0001	0.0001	0.0000	0.0001	0.0001	0.0000	0.0000	0.0000	0.0000	0.5430	0.4690	0.0740	0.0705	0.0693	0.0012	0.4725	0.3997	0.0728	0.1986	0.0999	0.0987	0.0170	0.0154	0.0016	0.1815	0.0845	0.0970	25.2436	14.6731	121.9840	16.6418	15.3309	0.0000	36.0199	0.0000	125.5134	0.0007	0.0014	0.0000	0.0085	0.0094	0.0000	0.0000	0.0000	0.0000
113	125	0.0657	2	1	2	0	1	0	0	0	0	N	Y	N	N	N	N	N	N	N	N	N	N	34.4552	22.7641	17.7021	19.3711	16.5354	0.8071	2.3293	0.0013	17.5642	0.4251	0.5480	0.0435	1.6009	1.6084	0.0003	0.0143	0.0000	0.0437	0.0123	0.0241	0.0025	0.0826	0.0973	0.0003	0.0061	0.0128	0.0025	0.0256	0.4641	-0.0650	-0.0001	8.6942	8.6431	6.0502	1.4782	0.2479	0.2417	0.0062	0.2417	0.2417	0.0000	0.0062	0.0000	0.0062	0.0004	0.0002	0.0001	0.0002	0.0002	0.0000	0.0001	0.0000	0.0001	0.5830	0.4411	0.1420	0.1510	0.1503	0.0007	0.4320	0.2908	0.1413	0.0950	0.0479	0.0472	0.0072	0.0065	0.0007	0.0879	0.0414	0.0465	110.4857	105.0295	17.7021	49.9426	45.3464	0.8071	9.2687	0.0355	17.5642	0.0038	0.0052	0.0025	0.0321	0.0355	0.0003	0.0015	0.0005	0.0025
113	128	0.5822	11	2	2	0	1	0	0	0	0	Y	Y	N	N	N	N	N	N	N	N	N	N	0.0000	0.0000	0.0000	0.0000	0.0000	0.0000	0.0000	0.0000	0.0000	0.0000	0.0000	0.0000	0.0000	0.0000	0.0000	0.0000	0.0000	0.0000	0.0000	0.0000	0.0000	0.0000	0.0000	0.0000	-0.0000	8.6942	2.0107	6.0502	1.9995	0.0000	0.0000	0.0000	0.0000	0.0000	0.0000	0.0000	0.0000	0.0000	0.0000	0.0000	0.0000	0.0000	0.0000	0.0000	0.0000	0.0000	0.0000	0.0739	0.0662	0.0076	0.0291	0.0276	0.0015	0.0448	0.0387	0.0061	0.0247	0.0153	0.0094	0.0082	0.0073	0.0010	0.0165	0.0081	0.0084	0.0000	0.0000	0.0000	0.0000	0.0000	0.0000	0.0000	0.0000	0.0000	0.0000	0.0000	0.0000	0.0000	0.0000	0.0000	0.0000	0.0000	0.0000						
113	129	0.5700	10	2	2	0	1	0	0	0	0	Y	Y	N	N	N	N	N	N	N	N	N	N	0.7330	0.0000	32.4724	0.6038	0.0000	inf	0.1272	1.0271	0.0001	0.0000	0.0007	0.0002	0.0000	0.0033	0.0000	0.0000	0.0000	0.0001	0.0001	0.0000	0.0003	0.0003	0.0000	0.0000	0.0000	0.0000	inf	0.1061	0.0000	-0.0000	8.6942	5.6459	6.0502	1.1399	0.0000	0.0000	0.0000	0.0000	0.0000	0.0000	0.0000	0.0000	0.0000	0.0000	0.0000	0.0000	0.0000	0.0000	0.0000	0.0000	0.0000	0.0000	0.2502	0.2267	0.0235	0.1067	0.1016	0.0051	0.1435	0.1251	0.0184	0.0489	0.0293	0.0195	0.0159	0.0143	0.0016	0.0329	0.0150	0.0179	0.7330	0.0000	32.4724	0.6038	0.0000	inf	0.2424	0.0000	1.0271	0.0001	0.0001	0.0000	0.0003	0.0003	0.0000	0.0000	0.0000	0.0000	
113	130	0.5397	9	1	1	0	1	0	0	0	0	N	N	N	N	N	N	N	N	N	N	N	N	0.0265	0.5242	0.0001	1.2628	1.3462	0.0052	0.0016	30.4799	0.0000	0.0062	0.0070	0.0000	0.0136	0.0144	0.0001	0.0006	0.0007	0.0000	0.2356	0.0133	0.1070	0.0108	0.0107	0.0111	0.3609	0.0000	0.1071	0.0002	6.9183	-0.0010	0.0006	8.6942	11.6079	6.0502	5.3766	0.0034	0.0034	0.0000	0.0032	0.0032	0.0000	0.0002	0.0002	0.0000	0.0023	0.0003	0.0020	0.0003	0.0003	0.0000	0.0019	0.0000	0.0019	0.5388	0.4836	0.0552	0.2333	0.2208	0.0125	0.3055	0.2628	0.0427	0.1331	0.0806	0.0524	0.0445	0.0401	0.0045	0.0885	0.0406	0.0479	0.3641	1.9462	0.0004	1.7988	2.0039	0.0052	0.0268	11319.5821	0.0000	0.0171	0.0036	0.0380	0.0076	0.0072	0.0111	0.0220	0.0000	0.0405
113	131	0.5218	8	1	1	0	1	0	0	0	0	N	N	N	N	N	N	N	N	N	N	N	N	0.0176	0.0300	0.0001	0.0849	0.0884	0.0019	0.0002	0.1352	0.0001	0.0159	0.0176	0.0002	0.0383	0.0399	0.0002	0.0002	0.0002	0.0001	0.9037	0.5864	2.7570	0.4503	0.4514	0.1043	1.0910	0.0015	2.8295	0.0009	5.4855	-0.0009	0.0058	8.6942	3.9355	6.0502	8.7078	0.0031	0.0031	0.0000	0.0030	0.0030	0.0000	0.0000	0.0000	0.0000	0.0265	0.0041	0.0224	0.0043	0.0041	0.0002	0.0222	0.0000	0.0222	0.1926	0.1739	0.0187	0.0795	0.0762	0.0033	0.1132	0.0977	0.0155	0.1343	0.0879	0.0464	0.0496	0.0461	0.0034	0.0848	0.0418	0.0430	0.0805	0.3783	0.0003	0.4399	0.4502	0.0031	0.0007	8.0415	0.0003	0.1974	0.0465	0.4835	0.0870	0.0886	0.0649	0.2620	0.0000	0.5169
113	132	0.5102	7	1	1	0	1	0	0	0	0	N	N	N	N	N	N	N	N	N	N	N	N	0.0035	0.0044	0.0001	0.0060	0.0064	0.0000	0.0003	0.0236	0.0001	0.0050	0.0055	0.0004	0.0119	0.0124	0.0000	0.0005	0.0005	0.0005	1.4244	1.2552	5.6428	1.9792	1.9446	1.3668	1.8031	0.0191	6.0594	0.0087	4.8987	-0.0004	0.0272	8.6942	6.2657	6.0502	3.9760	0.0015	0.0015	0.0000	0.0014	0.0014	0.0000	0.0001	0.0001	0.0000	0.1347	0.0228	0.1119	0.0240	0.0228	0.0011	0.1108	0.0000	0.1107	0.2968	0.2675	0.0293	0.1182	0.1132	0.0050	0.1786	0.1543	0.0243	0.1101	0.0692	0.0409	0.0409	0.0378	0.0031	0.0691	0.0314	0.0378	0.0041	0.0167	0.0002	0.0203	0.0206	0.0000	0.0003	0.6797	0.0002	1.2238	0.3301	2.7363	0.5853	0.6030	0.3702	1.6019	0.0007	2.9305
113	133	0.4329	6	1	1	0	1	0	0	0	0	N	N	N	N	N	N	N	N	N	N	N	N	0.0003	0.0007	0.0000	0.0006	0.0007	0.0000	0.0002	0.0194	0.0000	0.0008	0.0009	0.0001	0.0013	0.0014	0.0000	0.0005	0.0006	0.0001	2.4086	1.2595	10.3261	2.0727	2.0564	1.2147	3.2362	0.0286	12.0110	0.0080	10.6413	-0.0002	0.2880	8.6942	26.7012	6.0502	18.2690	0.0008	0.0008	0.0000	0.0005	0.0005	0.0000	0.0003	0.0003	0.0000	1.0079	0.0866	0.9214	0.0903	0.0865	0.0038	0.9177	0.0001	0.9175	1.0523	0.9431	0.1091	0.3689	0.3507	0.0182	0.6834	0.5924	0.0909	0.4185	0.2540	0.1644	0.1349	0.1234	0.0116	0.2836	0.1307	0.1529	0.0003	0.0025	0.0000	0.0020	0.0020	0.0000	0.0002	0.6307	0.0000	2.4086	0.3408	5.6028	0.6692	0.7010	0.3299	3.2362	0.0009	6.0015
113	134	0.1948	5	1	1	0	1	0	0	0	0	N	N	N	N	N	N	N	N	N	N	N	N	0.0012	0.0042	0.0000	0.0011	0.0011	0.0000	0.0012	0.0045	0.0000	0.0028	0.0031	0.0000	0.0014	0.0015	0.0000	0.0031	0.0036	0.0000	2.3838	0.7456	9.4240	1.3429	1.3712	0.2624	2.6494	0.8018	10.1732	0.0001	56.9914	-0.0017	0.7071	8.6942	61.4372	6.0502	55.8589	0.0058	0.0058	0.0000	0.0007	0.0007	0.0000	0.0051	0.0051	0.0000	1.9952	0.0344	1.9608	0.0280	0.0268	0.0013	1.9672	0.0076	1.9595	2.1047	1.8735	0.2312	0.4727	0.4491	0.0236	1.6321	1.4244	0.2076	0.8370	0.4427	0.3942	0.0945	0.0842	0.0102	0.7425	0.3585	0.3840	0.0012	0.0398	0.0000	0.0048	0.0048	0.0000	0.0012	0.1685	0.0000	2.3838	0.0777	4.9737	0.2968	0.3176	0.1248	2.6494	0.0213	5.1027
113	135	0.1044	4	1	1	0	1	0	0	0	0	N	N	N	N	N	N	N	N	N	N	N	N	2.3286	19.4252	0.0006	3220.0869	8278.8624	0.0219	1.7177	3.2790	0.0007	2.1946	2.5320	0.0018	4.7270	4.8589	0.0002	1.8786	2.2010	0.0019	0.9424	0.1303	2.8610	0.0015	0.0006	0.0087	1.0937	0.6712	2.8061	0.0001	38.1678	-0.7505	0.0351	8.6942	31.7621	6.0502	18.5886	2.6149	2.6146	0.0003	0.6248	0.6248	0.0000	1.9901	1.9898	0.0003	0.1014	0.0026	0.0988	0.0001	0.0000	0.0000	0.1013	0.0026	0.0988	1.1915	1.0326	0.1589	0.1322	0.1286	0.0036	1.0594	0.9041	0.1553	0.4296	0.2318	0.1978	0.0476	0.0425	0.0052	0.3820	0.1893	0.1926	9.2985	226.6861	0.0037	3220.0869	8278.8624	0.0219	7.0819	162.5221	0.0036	0.2360	0.0112	0.4994	0.0015	0.0006	0.0087	0.2653	0.0135	0.5126
114	117	0.1923	9	0	2	0	1	0	0	0	0	N	Y	N	N	N	N	N	N	N	N	N	N	0.0000	0.0000	0.0000	0.0000	0.0000	0.0000	0.0000	0.0000	0.0000	0.0000	0.0000	0.0000	0.0000	3.0006	0.0000	11.1348	0.0000	0.0000	0.0000	5.2774	0.0000	12.0966	inf	0.0000	0.0000	0.0001	31.2782	0.0001	23.9277	0.0000	0.0000	0.0000	0.0000	0.0000	0.0000	0.0000	0.0000	0.0000	0.0001	0.0000	0.0001	0.0000	0.0000	0.0000	0.0001	0.0000	0.0001	0.0000	0.0000	0.0000	0.0000	0.0000	0.0000	0.0000	0.0000	0.0000	0.0000	0.0000	0.0000	0.0000	0.0000	0.0000	0.0000	0.0000	0.0000	0.0000	0.0000	0.0000	0.0000	0.0000	0.0000	0.0000	0.0000	0.0000	3.0006	0.0000	6.0954	0.0000	0.0000	0.0000	5.2774	0.0000	6.1308						
114	118	0.0086	3	0	1	1	2	0	0	0	0	N	N	N	Y	N	N	N	N	N	N	N	N	0.0000	0.0000	0.0000	0.0000	0.0000	0.0000	0.0000	0.0000	0.0000	0.0000	0.0000	0.0000	0.0000	0.0014	0.0039	0.0000	0.0019	0.0019	0.0000	0.0000	0.0000	0.0000	0.0000	0.0000	-0.0000	0.0001	3.8827	0.0001	2.9998	0.0000	0.0000	0.0000	0.0000	0.0000	0.0000	0.0000	0.0000	0.0000	0.0000	0.0000	0.0000	0.0000	0.0000	0.0000	0.0000	0.0000	0.0000	0.0000	0.0000	0.0000	0.0000	0.0000	0.0000	0.0000	0.0000	0.0000	0.0000	0.0000	0.0000	0.0000	0.0000	0.0000	0.0000	0.0000	0.0000	0.0000	0.0000	0.0000	0.0000	0.0000	0.0000	0.0000	0.0000	0.0000	0.0007	0.0015	0.0000	0.0019	0.0019	0.0000	0.0000	0.0000	0.0000						
114	120	0.0115	4	0	1	1	2	0	0	0	0	N	N	N	Y	N	N	N	N	N	N	N	N	0.0000	0.0000	0.0000	0.0000	0.0000	0.0000	0.0000	0.0000	0.0000	0.0000	0.0000	0.0000	0.0000	0.0028	0.0081	0.0000	0.0032	0.0032	0.0000	0.0000	0.0000	0.0000	0.0000	0.0000	-0.0000	0.0001	9.6158	0.0001	0.0030	0.0000	0.0000	0.0000	0.0000	0.0000	0.0000	0.0000	0.0000	0.0000	0.0000	0.0000	0.0000	0.0000	0.0000	0.0000	0.0000	0.0000	0.0000	0.0000	0.0000	0.0000	0.0000	0.0000	0.0000	0.0000	0.0000	0.0000	0.0000	0.0000	0.0000	0.0000	0.0000	0.0000	0.0000	0.0000	0.0000	0.0000	0.0000	0.0000	0.0000	0.0000	0.0000	0.0000	0.0000	0.0000	0.0012	0.0025	0.0000	0.0032	0.0032	0.0000	0.0000	0.0000	0.0000						
114	123	0.5675	14	0	1	1	2	0	0	0	0	N	N	N	Y	N	N	N	N	N	N	N	N	0.0000	0.0000	0.0000	0.0000	0.0000	0.0000	0.0000	0.0000	0.0000	0.0000	0.0000	0.0000	0.0000	0.0000	0.0000	0.0000	0.0000	0.0000	0.0000	0.0000	0.0001	12.8936	0.0001	4.1514	0.0000	0.0000	0.0000	0.0000	0.0000	0.0000	0.0000	0.0000	0.0000	0.0000	0.0000	0.0000	0.0000	0.0000	0.0000	0.0000	0.0000	0.0000	0.0000	0.0000	0.0000	0.0000	0.0000	0.0000	0.0000	0.0000	0.0000	0.0000	0.0000	0.0000	0.0000	0.0000	0.0000	0.0000	0.0000	0.0000	0.0000	0.0000	0.0000	0.0000	0.0000	0.0000	0.0000	0.0000	0.0000	0.0000	0.0000	0.0000	0.0000	0.0000	0.0000	0.0000	0.0000	0.0000											
114	124	0.0786	7	0	2	0	1	0	0	0	0	N	Y	N	N	N	N	N	N	N	N	N	N	33938.7250	11363.7235	0.0000	0.0000	inf	inf	8.9345	9.6503	0.0000	0.0000	0.0000	0.0000	12.7141	14.0995	0.0000	0.0003	0.0008	0.0000	0.0006	0.0006	0.0000	0.0000	0.0000	0.0000	0.0000	0.0000	-0.0000	-0.0000	0.0001	12.7386	0.0001	8.7370	0.0001	0.0001	0.0000	0.0000	0.0000	0.0000	0.0001	0.0001	0.0000	0.0000	0.0000	0.0000	0.0000	0.0000	0.0000	0.0000	0.0000	0.0000	0.0000	0.0000	0.0000	0.0000	0.0000	0.0000	0.0000	0.0000	0.0000	0.0000	0.0000	0.0000	0.0000	0.0000	0.0000	0.0000	0.0000	0.0000	35932.6315	19418.1234	0.0000	0.0000	0.0000	0.0000	inf	inf	0.0000	0.0002	0.0005	0.0000	0.0006	0.0006	0.0000	0.0000	0.0000	0.0000			
114	125	0.0632	6	0	2	0	1	0	0	0	0	N	Y	N	N	N	N	N	N	N	N	N	N	1.4765	0.9819	0.0000	0.0000	0.0000	2.4230	inf	0.0000	0.0055	0.0060	0.0000	0.0000	0.0000	0.0000	0.0079	0.0089	0.0000	0.0037	0.0061	0.0010	0.0025	0.0025	0.0000	0.0033	0.0000	0.0010	0.0000	0.5000	-0.0000	-0.0000	0.0001	8.6431	0.0001	1.4782	0.0000	0.0000	0.0000	0.0000	0.0000	0.0000	0.0000	0.0000	0.0000	0.0000	0.0000	0.0000	0.0000	0.0000	0.0000	0.0000	0.0000	0.0000	0.0000	0.0000	0.0000	0.0000	0.0000	0.0000	0.0000	0.0000	0.0000	0.0000	0.0000	0.0000	0.0000	0.0000	0.0000	0.0000	0.0000	0.0000	3.5924	2.9223	0.0000	0.0000	0.0000	0.0000	9.1343	inf	0.0000	0.0015	0.0020	0.0010	0.0025	0.0025	0.0000	0.0009	0.0000	0.0010	
114	128	0.5798	15	1	2	0	1	0	0	0	0	N	Y	N	N	N	N	N	N	N	N	N	N	0.0000	0.0000	0.0000	0.0000	0.0000	0.0000	0.0000	0.0000	0.0000	0.0000	0.0000	0.0000	0.0000	0.0000	0.0000	0.0000	0.0000	0.0000	0.0000	0.0000	0.0001	2.0107	0.0001	1.9995	0.0000	0.0000	0.0000	0.0000	0.0000	0.0000	0.0000	0.0000	0.0000	0.0000	0.0000	0.0000	0.0000	0.0000	0.0000	0.0000	0.0000	0.0000	0.0000	0.0000	0.0000	0.0000	0.0000	0.0000	0.0000	0.0000	0.0000	0.0000	0.0000	0.0000	0.0000	0.0000	0.0000	0.0000	0.0000	0.0000	0.0000	0.0000	0.0000	0.0000	0.0000	0.0000	0.0000	0.0000	0.0000	0.0000	0.0000	0.0000	0.0000	0.0000	0.0000	0.0000	0.0000	0.0000											
114	129	0.5675	14	1	2	0	1	0	0	0	0	N	Y	N	N	N	N	N	N	N	N	N	N	0.0000	0.0000	0.0000	0.0000	0.0000	0.0000	0.0000	0.0000	0.0000	0.0000	0.0000	0.0000	0.0000	0.0000	0.0000	0.0000	0.0000	0.0000	0.0000	0.0000	0.0001	5.6459	0.0001	1.1399	0.0000	0.0000	0.0000	0.0000	0.0000	0.0000	0.0000	0.0000	0.0000	0.0000	0.0000	0.0000	0.0000	0.0000	0.0000	0.0000	0.0000	0.0000	0.0000	0.0000	0.0000	0.0000	0.0000	0.0000	0.0000	0.0000	0.0000	0.0000	0.0000	0.0000	0.0000	0.0000	0.0000	0.0000	0.0000	0.0000	0.0000	0.0000	0.0000	0.0000	0.0000	0.0000	0.0000	0.0000	0.0000	0.0000	0.0000	0.0000	0.0000	0.0000	0.0000	0.0000	0.0000	0.0000											
114	130	0.5372	13	0	1	0	1	0	0	0	0	N	N	N	N	N	N	N	N	N	N	N	N	0.0000	0.0000	0.0000	0.0000	0.0000	0.0000	0.0000	0.0000	0.0000	0.0000	0.0000	0.0000	0.0000	0.3324	0.0000	0.1553	0.0000	0.0000	0.0000	0.5787	0.0000	0.1424	inf	0.0000	0.0000	0.0001	11.6079	0.0001	5.3766	0.0000	0.0000	0.0000	0.0000	0.0000	0.0000	0.0000	0.0000	0.0000	0.0000	0.0000	0.0000	0.0000	0.0000	0.0000	0.0000	0.0000	0.0000	0.0000	0.0000	0.0000	0.0000	0.0000	0.0000	0.0000	0.0000	0.0000	0.0000	0.0000	0.0000	0.0000	0.0000	0.0000	0.0000	0.0000	0.0000	0.0000	0.0000	0.0000	0.0000	0.0000	0.0000	0.0000	0.0000	0.0000	0.0221	0.0000	0.0467	0.0000	0.0000	0.0000	0.0407	0.0000	0.0476						
114	131	0.5193	12	0	1	0	1	0	0	0	0	N	N	N	N	N	N	N	N	N	N	N	N	0.0000	0.0000	0.0000	0.0000	0.0000	0.0000	0.0000	0.0000	0.0000	0.0000	0.0000	0.0000	0.0000	0.0000	0.0000	0.0000	0.8577	0.4336	2.1222	0.0680	0.0697	0.0000	1.0979	0.0000	1.9879	10.0500	0.0000	0.0000	0.0001	3.9355	0.0001	8.7078	0.0000	0.0000	0.0000	0.0000	0.0000	0.0000	0.0000	0.0000	0.0000	0.0000	0.0000	0.0000	0.0000	0.0000	0.0000	0.0000	0.0000	0.0000	0.0000	0.0000	0.0000	0.0000	0.0000	0.0000	0.0000	0.0000	0.0000	0.0000	0.0000	0.0000	0.0000	0.0000	0.0000	0.0000	0.0000	0.0000	0.0000	0.0000	0.0000	0.0000	0.0000	0.0000	0.0000	0.0000	0.0000	0.1533	0.0263	0.2945	0.0290	0.0293	0.0000	0.2673	0.0000	0.2973			
114	132	0.5077	11	0	1	0	1	0	0	0	0	N	N	N	N	N	N	N	N	N	N	N	N	0.0000	0.0000	0.0000	0.0000	0.0000	0.0000	0.0000	0.0000	0.0000	0.0000	0.0000	0.0000	0.0000	0.0000	0.0000	0.0000	0.9873	1.1016	2.4276	1.1296	1.0943	0.0000	1.1510	0.0000	2.3490	1.5813	0.0000	-0.0000	0.0001	6.2657	0.0001	3.9760	0.0000	0.0000	0.0000	0.0000	0.0000	0.0000	0.0000	0.0000	0.0000	0.0000	0.0000	0.0000	0.0000	0.0000	0.0000	0.0000	0.0000	0.0000	0.0000	0.0000	0.0000	0.0000	0.0000	0.0000	0.0000	0.0000	0.0000	0.0000	0.0000	0.0000	0.0000	0.0000	0.0000	0.0000	0.0000	0.0000	0.0000	0.0000	0.0000	0.0000	0.0000	0.0000	0.0000	0.0000	0.0000	0.2926	0.2205	0.3688	0.2334	0.2351	0.0000	0.3484	0.0000	0.3714			
114	133	0.4304	10	0	1	0	1	0	0	0	0	N	N	N	N	N	N	N	N	N	N	N	N	0.0000	0.0000	0.0000	0.0000	0.0000	0.0000	0.0000	0.0000	0.0000	0.0000	0.0000	0.0000	0.0000	0.0000	0.0000	0.0000	1.5165	0.1106	5.8497	0.0175	0.0178	0.0000	2.7189	0.0000	6.0388	270.8843	0.0000	0.0000	0.0001	26.7012	0.0001	18.2690	0.0000	0.0000	0.0000	0.0000	0.0000	0.0000	0.0000	0.0000	0.0000	0.0001	0.0000	0.0001	0.0000	0.0000	0.0000	0.0001	0.0000	0.0001	0.0000	0.0000	0.0000	0.0000	0.0000	0.0000	0.0000	0.0000	0.0000	0.0001	0.0000	0.0000	0.0000	0.0000	0.0000	0.0000	0.0000	0.0000	0.0000	0.0000	0.0000	0.0000	0.0000	0.0000	0.0000	0.0000	0.0000	1.4067	0.0101	2.8615	0.0107	0.0107	0.0000	2.7189	0.0000	2.8771			
114	134	0.1923	9	0	1	0	1	0	0	0	0	N	N	N	N	N	N	N	N	N	N	N	N	0.0000	0.0000	0.0000	0.0000	0.0000	0.0000	0.0000	0.0000	0.0000	0.0000	0.0000	0.0000	0.0000	0.0000	0.0000	0.0000	0.9785	0.6153	2.8847	0.2914	0.2653	0.0000	1.2283	0.0000	2.8207	9.5351	0.0000	0.0000	0.0001	61.4372	0.0001	55.8589	0.0000	0.0000	0.0000	0.0000	0.0000	0.0000	0.0000	0.0000	0.0000	0.0000	0.0000	0.0000	0.0000	0.0000	0.0000	0.0000	0.0000	0.0000	0.0000	0.0000	0.0000	0.0000	0.0000	0.0000	0.0000	0.0000	0.0000	0.0000	0.0000	0.0000	0.0000	0.0000	0.0000	0.0000	0.0000	0.0000	0.0000	0.0000	0.0000	0.0000	0.0000	0.0000	0.0000	0.0000	0.0000	0.2791	0.0524	0.5115	0.0631	0.0636	0.0000	0.4353	0.0000	0.5146			
114	135	0.1019	8	0	1	0	1	0	0	0	0	N	N	N	N	N	N	N	N	N	N	N	N	0.0000	0.0000	0.0000	0.0000	0.0000	0.0000	0.0000	0.0000	0.0000	0.0000	0.0000	0.0000	0.0000	0.6427	0.0000	0.9426	0.0000	0.0000	0.0000	0.8796	0.0000	0.8003	inf	0.0000	0.0000	0.0001	31.7621	0.0001	18.5886	0.0000	0.0000	0.0000	0.0000	0.0000	0.0000	0.0000	0.0000	0.0000	0.0000	0.0000	0.0000	0.0000	0.0000	0.0000	0.0000	0.0000	0.0000	0.0000	0.0000	0.0000	0.0000	0.0000	0.0000	0.0000	0.0000	0.0000	0.0000	0.0000	0.0000	0.0000	0.0000	0.0000	0.0000	0.0000	0.0000	0.0000	0.0000	0.0000	0.0000	0.0000	0.0000	0.0000	0.0000	0.0000	0.0626	0.0000	0.1277	0.0000	0.0000	0.0000	0.1072	0.0000	0.1285						
115	117	0.1923	8	0	2	0	1	0	0	0	0	N	Y	N	N	N	N	N	N	N	N	N	N	0.0000	0.0000	0.0001	759.9123	0.0000	inf	0.0000	0.0000	0.0003	0.0000	0.0029	0.0016	0.0000	0.0308	0.0000	0.0000	0.0000	7.8659	0.0000	25.8188	0.0000	0.0000	0.0000	9.0756	0.0000	28.4054	inf	28476354.3479	0.0001	0.3655	3.0007	31.2782	1.0012	23.9277	0.0001	0.0000	0.0001	0.0001	0.0000	0.0001	0.0000	0.0000	0.0000	0.9834	0.0000	0.9834	0.0000	0.0000	0.0000	0.9834	0.0000	0.9834	0.3922	0.3477	0.0445	0.0825	0.0783	0.0042	0.3096	0.2694	0.0402	0.1250	0.0667	0.0583	0.0167	0.0148	0.0019	0.1084	0.0519	0.0564	0.0000	0.0000	0.0002	759.9123	0.0000	inf	0.0000	0.0000	0.0000	7.8659	0.0000	16.8731	0.0000	0.0000	0.0000	9.0756	0.0000	17.4267	
115	118	0.0086	2	0	1	1	2	0	0	0	0	N	N	N	Y	N	N	N	N	N	N	N	N	4472.9928	1732.8833	0.0000	0.0406	0.0401	21414566.6229	inf	0.0000	19.0018	22.0882	0.0000	0.1095	0.1096	0.0000	19.5598	22.8455	0.0000	0.0042	0.0127	0.0000	2.6978	2.7359	0.0000	0.0000	0.0000	0.0000	0.0000	0.0005	-0.2871	-0.0000	3.0007	3.8827	1.0012	2.9998	1.0000	1.0000	0.0000	0.0002	0.0002	0.0000	0.9999	0.9999	0.0000	0.0000	0.0000	0.0000	0.0000	0.0000	0.0000	0.0000	0.0000	0.0000	0.0526	0.0453	0.0074	0.0015	0.0015	0.0000	0.0511	0.0438	0.0074	0.0179	0.0086	0.0093	0.0000	0.0000	0.0000	0.0178	0.0085	0.0093	11316.4350	6307.7850	0.0000	0.0755	0.0755	0.0000	21414566.6229	inf	0.0000	0.0017	0.0035	0.0000	1.4499	1.4515	0.0000	0.0000	0.0000	0.0000	
115	120	0.0115	3	0	1	1	2	0	0	0	0	N	N	N	Y	N	N	N	N	N	N	N	N	0.1123	0.0345	0.0078	0.0078	0.0009	0.0010	0.0000	0.0211	0.0214	0.0000	0.0000	0.0000	0.0000	0.0080	0.0298	0.0000	2.6893	2.7358	0.0000	0.0000	0.0000	0.0000	0.0000	0.0000	-0.0000	-0.0000	3.0007	9.6158	1.0012	0.0030	0.0001	0.0001	0.0000	0.0001	0.0001	0.0000	0.0000	0.0000	0.0000	0.0001	0.0001	0.0000	0.0001	0.0001	0.0000	0.0000	0.0000	0.0000	0.1282	0.1113	0.0169	0.0054	0.0053	0.0001	0.1228	0.1060	0.0168	0.0247	0.0119	0.0128	0.0000	0.0000	0.0000	0.0246	0.0118	0.0128	0.3153	0.1744	0.0000	0.0146	0.0148	0.0000	0.0000	0.0000	0.0000	0.0028	0.0059	0.0000	1.4410	1.4447	0.0000	0.0000	0.0000	0.0000					
115	123	0.5675	13	0	1	1	2	0	0	0	0	N	N	N	Y	N	N	N	N	N	N	N	N	0.0000	0.0000	0.0000	0.0000	0.0000	0.0000	0.0000	0.0000	0.0000	0.0000	0.0000	0.0000	0.0000	0.0000	0.0000	0.0000	0.0000	0.0000	0.0000	0.0000	3.0007	12.8936	1.0012	4.1514	0.0000	0.0000	0.0000	0.0000	0.0000	0.0000	0.0000	0.0000	0.0000	0.0000	0.0000	0.0000	0.0000	0.0000	0.0000	0.0000	0.0000	0.0000	0.1625	0.1459	0.0166	0.0619	0.0587	0.0032	0.1006	0.0872	0.0134	0.0291	0.0176	0.0115	0.0093	0.0081	0.0011	0.0199	0.0095	0.0104	0.0000	0.0000	0.0000	0.0000	0.0000	0.0000	0.0000	0.0000	0.0000	0.0000	0.0000	0.0000	0.0000	0.0000	0.0000	0.0000	0.0000	0.0000											
115	124	0.0786	6	0	2	0	1	0	0	0	0	N	Y	N	N	N	N	N	N	N	N	N	N	6348.4003	2377.1212	inf	0.0000	0.0000	inf	inf	inf	inf	5.9227	6.7688	0.0000	0.0000	0.0000	0.0000	6.4970	7.5059	0.0000	0.0009	0.0028	0.0000	0.0111	0.0138	0.0000	0.0000	0.0000	0.0000	0.0000	0.0000	-0.2870	-0.0000	3.0007	12.7386	1.0012	8.7370	0.9995	0.9995	0.0000	0.0000	0.0000	0.0000	0.9995	0.9995	0.0000	0.0000	0.0000	0.0000	0.0000	0.0000	0.0000	0.0000	0.0000	0.0000	0.1688	0.1477	0.0211	0.0149	0.0145	0.0004	0.1538	0.1332	0.0207	0.0528	0.0261	0.0267	0.0039	0.0034	0.0005	0.0489	0.0227	0.0262	10427.4925	5900.0039	inf	0.0000	0.0000	inf	inf	inf	inf	0.0006	0.0011	0.0000	0.0077	0.0088	0.0000	0.0000	0.0000	0.0000
115	125	0.0632	5	0	2	0	1	0	0	0	0	N	Y	N	N	N	N	N	N	N	N	N	N	0.2974	0.1861	0.0000	0.0000	0.0000	0.7662	inf	0.0000	0.0034	0.0039	0.0000	0.0000	0.0000	0.0000	0.0039	0.0046	0.0000	0.0115	0.0211	0.0024	0.1128	0.1366	0.0000	0.0051	0.0000	0.0024	0.0000	0.5000	-0.0001	-0.0000	3.0007	8.6431	1.0012	1.4782	0.0004	0.0004	0.0000	0.0000	0.0000	0.0000	0.0004	0.0004	0.0000	0.0001	0.0001	0.0000	0.0001	0.0001	0.0000	0.0000	0.0000	0.0000	0.1289	0.1123	0.0166	0.0170	0.0167	0.0003	0.1118	0.0955	0.0163	0.0249	0.0124	0.0125	0.0016	0.0014	0.0002	0.0233	0.0110	0.0123	0.9451	0.8076	0.0000	0.0000	0.0000	0.0000	3.0608	inf	0.0000	0.0036	0.0049	0.0024	0.0382	0.0443	0.0000	0.0013	0.0000	0.0024	
115	128	0.5798	14	1	2	0	1	0	0	0	0	N	Y	N	N	N	N	N	N	N	N	N	N	0.0000	0.0000	0.0000	0.0000	0.0000	0.0000	0.0000	0.0000	0.0000	0.0000	0.0000	0.0000	0.0000	0.0000	0.0000	0.0000	0.0000	0.0000	0.0000	0.0000	3.0007	2.0107	1.0012	1.9995	0.0000	0.0000	0.0000	0.0000	0.0000	0.0000	0.0000	0.0000	0.0000	0.0000	0.0000	0.0000	0.0000	0.0000	0.0000	0.0000	0.0000	0.0000	0.0236	0.0211	0.0026	0.0083	0.0078	0.0005	0.0153	0.0132	0.0021	0.0065	0.0040	0.0025	0.0022	0.0019	0.0003	0.0043	0.0021	0.0022	0.0000	0.0000	0.0000	0.0000	0.0000	0.0000	0.0000	0.0000	0.0000	0.0000	0.0000	0.0000	0.0000	0.0000	0.0000	0.0000	0.0000	0.0000											
115	129	0.5675	13	1	2	0	1	0	0	0	0	N	Y	N	N	N	N	N	N	N	N	N	N	0.0000	0.0000	0.0000	0.0000	0.0000	0.0000	0.0000	0.0000	0.0000	0.0000	0.0000	0.0000	0.0000	0.0000	0.0000	0.0000	0.0000	0.0000	0.0000	0.0000	3.0007	5.6459	1.0012	1.1399	0.0000	0.0000	0.0000	0.0000	0.0000	0.0000	0.0000	0.0000	0.0000	0.0000	0.0000	0.0000	0.0000	0.0000	0.0000	0.0000	0.0000	0.0000	0.0797	0.0720	0.0077	0.0341	0.0325	0.0016	0.0455	0.0395	0.0060	0.0127	0.0076	0.0051	0.0042	0.0037	0.0005	0.0085	0.0039	0.0046	0.0000	0.0000	0.0000	0.0000	0.0000	0.0000	0.0000	0.0000	0.0000	0.0000	0.0000	0.0000	0.0000	0.0000	0.0000	0.0000	0.0000	0.0000											
115	130	0.5372	12	0	1	0	1	0	0	0	0	N	N	N	N	N	N	N	N	N	N	N	N	0.0000	0.0000	0.0000	0.0000	0.0000	0.0000	0.0000	0.0000	0.0000	0.0000	0.0000	0.0000	0.0000	0.0000	0.0000	0.5244	0.0000	0.7293	0.0003	0.0000	0.0032	0.7200	0.0000	0.6985	inf	0.0000	0.0006	3.0007	11.6079	1.0012	5.3766	0.0000	0.0000	0.0000	0.0000	0.0000	0.0000	0.0000	0.0000	0.0000	0.0015	0.0000	0.0015	0.0000	0.0000	0.0000	0.0015	0.0000	0.0015	0.1722	0.1536	0.0186	0.0706	0.0667	0.0040	0.1015	0.0869	0.0146	0.0349	0.0211	0.0137	0.0119	0.0106	0.0013	0.0230	0.0105	0.0125	0.0000	0.0000	0.0000	0.0000	0.0000	0.0000	0.0000	0.0000	0.0000	0.0425	0.0000	0.1080	0.0003	0.0000	0.0032	0.0645	0.0000	0.1188				
115	131	0.5193	11	0	1	0	1	0	0	0	0	N	N	N	N	N	N	N	N	N	N	N	N	0.0000	0.0000	0.0000	0.0000	0.0000	0.0151	0.0000	0.0000	0.0000	0.0000	0.0000	0.0000	0.0000	0.0000	0.0000	0.0000	0.0000	1.0761	0.6806	3.8295	0.5920	0.6094	0.0018	1.3071	0.0000	3.9906	inf	10.0229	0.0000	0.0045	3.0007	3.9355	1.0012	8.7078	0.0000	0.0000	0.0000	0.0000	0.0000	0.0000	0.0000	0.0000	0.0000	0.0161	0.0015	0.0146	0.0015	0.0015	0.0000	0.0146	0.0000	0.0146	0.0625	0.0562	0.0063	0.0240	0.0229	0.0010	0.0386	0.0333	0.0053	0.0355	0.0234	0.0121	0.0133	0.0124	0.0010	0.0222	0.0110	0.0112	0.0000	0.0000	0.0000	0.0000	0.0000	0.0151	0.0000	0.0000	0.0000	0.4528	0.0624	1.2058	0.1096	0.1180	0.0018	0.6591	0.0000	1.3105	
115	132	0.5077	10	0	1	0	1	0	0	0	0	N	N	N	N	N	N	N	N	N	N	N	N	0.0000	0.0000	0.0000	0.0000	0.0000	0.2552	0.0000	0.0000	0.0000	0.0000	0.0000	0.0000	0.0000	0.0000	0.0000	0.0000	0.0000	1.4581	1.4840	4.7030	2.6680	2.7416	0.0001	1.6003	0.0000	5.2430	1.6431	1.5811	0.0000	-0.0006	3.0007	6.2657	1.0012	3.9760	0.0000	0.0000	0.0000	0.0000	0.0000	0.0000	0.0000	0.0000	0.0000	0.0369	0.0143	0.0226	0.0143	0.0143	0.0000	0.0226	0.0000	0.0226	0.0969	0.0870	0.0099	0.0361	0.0345	0.0016	0.0608	0.0526	0.0083	0.0284	0.0180	0.0104	0.0106	0.0098	0.0009	0.0178	0.0082	0.0095	0.0000	0.0000	0.0000	0.0000	0.0000	0.2552	0.0000	0.0000	0.0000	1.2990	0.7940	2.1732	1.3427	1.4620	0.0001	1.2728	0.0000	2.3714	
115	133	0.4304	9	0	1	0	1	0	0	0	0	N	N	N	N	N	N	N	N	N	N	N	N	0.0000	0.0000	0.0000	0.0000	0.0000	0.0000	0.0000	0.0000	0.0000	0.0000	0.0000	0.0000	0.0000	0.0000	0.0000	0.0000	0.0000	7.7882	0.5883	28.2755	0.4699	0.5065	0.0000	11.4707	0.0000	31.4261	0.0087	270.8732	-0.0000	0.3112	3.0007	26.7012	1.0012	18.2690	0.0000	0.0000	0.0000	0.0000	0.0000	0.0000	0.0000	0.0000	0.0000	0.8456	0.0031	0.8425	0.0031	0.0031	0.0000	0.8425	0.0000	0.8425	0.3411	0.3044	0.0367	0.1086	0.1029	0.0057	0.2325	0.2015	0.0310	0.1086	0.0661	0.0425	0.0351	0.0319	0.0033	0.0734	0.0342	0.0392	0.0000	0.0000	0.0000	0.0000	0.0000	0.0000	0.0000	0.0000	0.0000	7.7882	0.0470	19.8424	0.0885	0.0976	0.0000	11.4707	0.0000	21.4871	
115	134	0.1923	8	0	1	0	1	0	0	0	0	N	N	N	N	N	N	N	N	N	N	N	N	0.0000	0.0000	0.0000	0.0000	0.0000	0.0000	0.0000	0.0000	0.0000	0.0000	0.0000	0.0000	0.0000	0.0000	0.0000	0.0000	1.1716	0.9301	3.9035	2.0391	2.1155	0.0000	1.3144	0.0000	4.0329	0.0000	9.5350	-0.0000	0.0407	3.0007	61.4372	1.0012	55.8589	0.0000	0.0000	0.0000	0.0000	0.0000	0.0000	0.0000	0.0000	0.0000	0.1472	0.0140	0.1332	0.0140	0.0140	0.0000	0.1332	0.0000	0.1332	0.6828	0.6050	0.0778	0.1285	0.1214	0.0071	0.5543	0.4836	0.0707	0.2169	0.1134	0.1035	0.0220	0.0190	0.0031	0.1949	0.0944	0.1004	0.0000	0.0000	0.0000	0.0000	0.0000	0.0000	0.0000	0.0000	0.0000	0.6786	0.1232	1.2871	0.6342	0.7368	0.0000	0.6837	0.0000	1.3264		
115	135	0.1019	7	0	1	0	1	0	0	0	0	N	N	N	N	N	N	N	N	N	N	N	N	0.0000	0.0000	inf	inf	0.0000	0.0000	0.0000	0.0000	0.0000	0.0000	0.0000	0.0000	0.0000	0.0000	0.0000	0.8480	0.0000	2.2185	0.0000	0.0000	0.0000	0.9836	0.0000	2.1152	inf	inf	0.0000	0.0060	3.0007	31.7621	1.0012	18.5886	0.0000	0.0000	0.0000	0.0000	0.0000	0.0000	0.0000	0.0000	0.0000	0.0162	0.0000	0.0162	0.0000	0.0000	0.0000	0.0162	0.0000	0.0162	0.3679	0.3217	0.0462	0.0317	0.0300	0.0016	0.3362	0.2917	0.0445	0.1118	0.0600	0.0519	0.0116	0.0100	0.0016	0.1003	0.0500	0.0503	0.0000	0.0000	0.0000	inf	0.0000	inf	0.0000	0.0000	0.0000	0.1445	0.0000	0.3115	0.0000	0.0000	0.0000	0.1611	0.0000	0.3211			
116	117	0.1856	7	0	1	0	1	0	0	0	0	N	N	N	N	N	N	N	N	N	N	N	N	6.7614	0.2841	136.0281	364.6678	0.3093	inf	0.0022	inf	0.0000	0.7671	0.0012	6.9349	3.1191	0.0033	62.3797	0.0004	0.0005	0.0000	0.1134	0.0042	0.0510	0.0086	0.0106	0.0000	0.1812	0.0000	0.0468	715.5710	13.0047	0.0841	0.0001	1.1177	31.2782	0.0023	23.9277	0.1182	0.0002	0.1180	0.1181	0.0001	0.1180	0.0000	0.0000	0.0000	0.0004	0.0000	0.0004	0.0000	0.0000	0.0000	0.0004	0.0000	0.0004	0.1540	0.1370	0.0170	0.0379	0.0360	0.0019	0.1162	0.1011	0.0151	0.0352	0.0187	0.0164	0.0047	0.0041	0.0005	0.0305	0.0146	0.0159	65.3083	0.7648	296.9491	492.5530	0.4589	inf	0.0323	inf	0.0000	0.0117	0.0016	0.0234	0.0063	0.0071	0.0000	0.0126	0.0000	0.0241
116	120	0.0048	2	0	0	1	2	0	0	0	0	N	N	N	Y	N	N	N	N	N	N	N	N	250813.0970	182532.7489	6108.6855	966.3562	919.4547	5333.8929	inf	6118.6026	1.0620	1.4978	0.0035	3.8414	3.8480	0.0000	0.0016	0.0003	0.0036	0.0000	0.0000	0.0000	0.0040	0.0042	0.0000	0.0000	0.0000	0.0000	0.0010	0.0769	-0.0298	-0.0000	1.1177	9.6158	0.0023	0.0030	0.1042	0.1041	0.0001	0.1041	0.1041	0.0000	0.0001	0.0000	0.0001	0.0000	0.0000	0.0000	0.0000	0.0000	0.0000	0.0000	0.0000	0.0000	0.0981	0.0695	0.0286	0.0271	0.0270	0.0000	0.0710	0.0424	0.0286	0.0069	0.0033	0.0036	0.0000	0.0000	0.0000	0.0069	0.0033	0.0036	250813.0970	182532.7489	6108.6855	1045.8045	1043.8664	0.0000	5333.8929	inf	6118.6026	0.0000	0.0000	0.0000	0.0037	0.0037	0.0000	0.0000	0.0000	0.0000	
116	123	0.5608	12	0	0	1	2	0	0	0	0	N	N	N	Y	N	N	N	N	N	N	N	N	inf	inf	inf	inf	inf	inf	0.0011	0.0000	0.0110	0.0011	0.0000	0.0226	0.0011	0.0000	0.0080	0.0000	0.0000	0.0000	0.0000	0.0000	0.0000	0.0000	0.0000	0.0000	inf	0.0000	0.0000	1.1177	12.8936	0.0023	4.1514	0.0001	0.0000	0.0001	0.0000	0.0000	0.0000	0.0000	0.0000	0.0000	0.0000	0.0000	0.0000	0.0000	0.0000	0.0000	0.0000	0.0000	0.0000	0.0638	0.0575	0.0064	0.0261	0.0248	0.0013	0.0377	0.0327	0.0050	0.0082	0.0050	0.0032	0.0026	0.0023	0.0003	0.0056	0.0027	0.0029	inf	0.0000	inf	inf	0.0000	inf	inf	0.0000	inf	0.0000	0.0000	0.0000	0.0000	0.0000	0.0000	0.0000	0.0000	0.0000				
116	124	0.0719	5	0	1	0	1	0	0	0	0	N	N	N	N	N	N	N	N	N	N	N	N	0.5310	0.3243	0.3304	0.2978	0.0000	0.0000	0.0000	0.0000	0.0000	0.0000	0.0000	0.0000	0.0000	0.0000	0.0000	0.0000	0.0000	0.0000	0.0000	0.0000	0.0000	0.0000	0.0000	0.0854	-0.0000	-0.0000	1.1177	12.7386	0.0023	8.7370	0.0000	0.0000	0.0000	0.0000	0.0000	0.0000	0.0000	0.0000	0.0000	0.0000	0.0000	0.0000	0.0000	0.0000	0.0000	0.0000	0.0000	0.0000	0.0661	0.0581	0.0080	0.0084	0.0081	0.0003	0.0577	0.0499	0.0078	0.0149	0.0073	0.0075	0.0011	0.0009	0.0001	0.0138	0.0064	0.0074	0.5310	0.3243	0.0000	0.3304	0.2978	0.0000	0.0000	0.0000	0.0000	0.0000	0.0000	0.0000	0.0000	0.0000	0.0000	0.0000	0.0000	0.0000					
116	125	0.0566	4	0	1	0	1	0	0	0	0	N	N	N	N	N	N	N	N	N	N	N	N	52.2056	45.8790	1.0171	27.7707	24.5056	14.1885	inf	1.0334	0.0003	0.0003	0.0000	0.0016	0.0016	0.0000	0.0000	0.0000	0.0000	0.0000	0.0000	0.0000	0.0001	0.0001	0.0000	0.0000	0.0000	0.0000	0.0017	0.5532	-0.0000	-0.0000	1.1177	8.6431	0.0023	1.4782	0.0000	0.0000	0.0000	0.0000	0.0000	0.0000	0.0000	0.0000	0.0000	0.0000	0.0000	0.0000	0.0000	0.0000	0.0000	0.0000	0.0000	0.0000	0.0503	0.0440	0.0063	0.0084	0.0081	0.0002	0.0420	0.0358	0.0061	0.0070	0.0035	0.0035	0.0004	0.0004	0.0001	0.0066	0.0031	0.0035	52.2056	45.8790	1.0171	27.7707	24.5056	0.0000	14.1885	inf	1.0334	0.0000	0.0000	0.0000	0.0001	0.0001	0.0000	0.0000	0.0000	0.0000	
116	128	0.5731	13	1	1	0	1	0	0	0	0	N	N	N	N	N	N	N	N	N	N	N	N	0.0000	0.0000	0.0000	0.0000	0.0000	0.0000	0.0000	0.0000	0.0000	0.0000	0.0000	0.0000	0.0000	0.0000	0.0000	0.0000	0.0000	0.0000	0.0000	0.0000	1.1177	2.0107	0.0023	1.9995	0.0000	0.0000	0.0000	0.0000	0.0000	0.0000	0.0000	0.0000	0.0000	0.0000	0.0000	0.0000	0.0000	0.0000	0.0000	0.0000	0.0000	0.0000	0.0093	0.0083	0.0010	0.0036	0.0034	0.0002	0.0058	0.0050	0.0008	0.0018	0.0011	0.0007	0.0006	0.0005	0.0001	0.0012	0.0006	0.0006	0.0000	0.0000	0.0000	0.0000	0.0000	0.0000	0.0000	0.0000	0.0000	0.0000	0.0000	0.0000	0.0000	0.0000	0.0000	0.0000	0.0000	0.0000											
116	129	0.5608	12	1	1	0	1	0	0	0	0	N	N	N	N	N	N	N	N	N	N	N	N	0.0000	0.0000	0.0000	0.0000	0.0000	0.0000	0.0000	0.0000	0.0000	0.0000	0.0000	0.0000	0.0000	0.0000	0.0000	0.0000	0.0000	0.0000	0.0000	0.0000	1.1177	5.6459	0.0023	1.1399	0.0000	0.0000	0.0000	0.0000	0.0000	0.0000	0.0000	0.0000	0.0000	0.0000	0.0000	0.0000	0.0000	0.0000	0.0000	0.0000	0.0000	0.0000	0.0311	0.0282	0.0029	0.0141	0.0134	0.0007	0.0171	0.0148	0.0023	0.0036	0.0021	0.0014	0.0012	0.0010	0.0001	0.0024	0.0011	0.0013	0.0000	0.0000	0.0000	0.0000	0.0000	0.0000	0.0000	0.0000	0.0000	0.0000	0.0000	0.0000	0.0000	0.0000	0.0000	0.0000	0.0000	0.0000											
116	130	0.5305	11	0	0	0	1	0	0	0	0	N	N	N	N	N	N	N	N	N	N	N	N	0.0000	0.0000	0.0000	0.0000	0.0000	0.0000	0.0000	0.0000	0.0000	0.0000	0.0000	0.0000	0.0000	0.0000	0.0000	0.0000	0.0000	0.0008	0.0014	0.0002	0.0013	0.0014	0.0001	0.0002	0.0000	0.0002	0.1446	0.0000	-0.0000	1.1177	11.6079	0.0023	5.3766	0.0000	0.0000	0.0000	0.0000	0.0000	0.0000	0.0000	0.0000	0.0000	0.0000	0.0000	0.0000	0.0000	0.0000	0.0000	0.0000	0.0000	0.0000	0.0672	0.0601	0.0071	0.0291	0.0275	0.0016	0.0381	0.0326	0.0055	0.0098	0.0059	0.0039	0.0033	0.0030	0.0004	0.0065	0.0030	0.0035	0.0000	0.0000	0.0000	0.0000	0.0000	0.0000	0.0000	0.0000	0.0000	0.0005	0.0007	0.0002	0.0013	0.0014	0.0001	0.0001	0.0000	0.0002		
116	131	0.5126	10	0	0	0	1	0	0	0	0	N	N	N	N	N	N	N	N	N	N	N	N	0.0006	0.0007	0.0000	0.0054	0.0052	0.0000	0.0000	0.0000	0.0000	0.0000	0.0000	0.0000	0.0000	0.0000	0.0000	0.0000	0.0000	0.0000	0.0029	0.0025	0.0017	0.0007	0.0008	0.0000	0.0063	0.0530	0.0018	0.0127	0.8433	-0.0000	-0.0000	1.1177	3.9355	0.0023	8.7078	0.0000	0.0000	0.0000	0.0000	0.0000	0.0000	0.0000	0.0000	0.0000	0.0000	0.0000	0.0000	0.0000	0.0000	0.0000	0.0000	0.0000	0.0000	0.0243	0.0219	0.0024	0.0098	0.0094	0.0004	0.0145	0.0125	0.0020	0.0100	0.0066	0.0034	0.0038	0.0035	0.0003	0.0063	0.0031	0.0031	0.0013	0.0017	0.0000	0.0054	0.0052	0.0000	0.0000	0.0000	0.0000	0.0013	0.0010	0.0017	0.0007	0.0008	0.0000	0.0016	0.0013	0.0018
116	132	0.5010	9	0	0	0	1	0	0	0	0	N	N	N	N	N	N	N	N	N	N	N	N	0.0004	0.0006	0.0002	0.0018	0.0017	0.0002	0.0001	0.0002	0.0000	0.0000	0.0000	0.0000	0.0000	0.0000	0.0000	0.0000	0.0000	0.0059	0.0043	0.0034	0.0021	0.0023	0.0000	0.0098	0.0225	0.0035	0.0269	1.1465	-0.0000	-0.0000	1.1177	6.2657	0.0023	3.9760	0.0000	0.0000	0.0000	0.0000	0.0000	0.0000	0.0000	0.0000	0.0000	0.0000	0.0000	0.0000	0.0000	0.0000	0.0000	0.0000	0.0000	0.0000	0.0377	0.0340	0.0038	0.0149	0.0142	0.0007	0.0228	0.0197	0.0031	0.0080	0.0051	0.0029	0.0030	0.0027	0.0002	0.0050	0.0023	0.0027	0.0012	0.0017	0.0002	0.0018	0.0017	0.0000	0.0008	0.0025	0.0002	0.0022	0.0016	0.0032	0.0021	0.0023	0.0000	0.0022	0.0007	0.0035	
116	133	0.4237	8	0	0	0	1	0	0	0	0	N	N	N	N	N	N	N	N	N	N	N	N	0.0005	0.0158	0.0000	0.0567	0.0542	0.1013	0.0000	0.0009	0.0000	0.0001	0.0001	0.0000	0.0002	0.0002	0.0000	0.0000	0.0000	0.0000	0.1118	0.0038	0.0648	0.0027	0.0030	0.0000	0.2392	0.0010	0.0611	0.0012	12.3293	-0.0000	0.0001	1.1177	26.7012	0.0023	18.2690	0.0000	0.0000	0.0000	0.0000	0.0000	0.0000	0.0000	0.0000	0.0000	0.0004	0.0000	0.0003	0.0000	0.0000	0.0000	0.0003	0.0000	0.0003	0.1338	0.1198	0.0140	0.0466	0.0442	0.0024	0.0872	0.0756	0.0117	0.0305	0.0186	0.0120	0.0099	0.0089	0.0009	0.0207	0.0096	0.0110	0.0046	0.0418	0.0000	0.0567	0.0542	0.1013	0.0001	0.0866	0.0000	0.0116	0.0014	0.0275	0.0027	0.0030	0.0000	0.0159	0.0000	0.0298
116	134	0.1856	7	0	0	0	1	0	0	0	0	N	N	N	N	N	N	N	N	N	N	N	N	0.1008	0.5638	0.1215	0.0440	0.0399	0.0708	0.5360	0.1322	0.0002	0.0002	0.0002	0.0001	0.0001	0.0000	0.0003	0.0003	0.0002	0.0022	0.0004	0.0018	0.0015	0.0018	0.0000	0.0037	0.0005	0.0019	0.1255	5.4979	-0.0000	0.0000	1.1177	61.4372	0.0023	55.8589	0.0001	0.0001	0.0000	0.0000	0.0000	0.0000	0.0001	0.0000	0.0000	0.0001	0.0000	0.0001	0.0000	0.0000	0.0000	0.0001	0.0000	0.0001	0.2694	0.2395	0.0298	0.0614	0.0582	0.0032	0.2079	0.1814	0.0266	0.0610	0.0318	0.0292	0.0061	0.0053	0.0009	0.0549	0.0266	0.0283	0.2134	0.7231	0.1215	0.0440	0.0399	0.0000	0.2725	107.1465	0.1322	0.0010	0.0003	0.0018	0.0015	0.0018	0.0000	0.0010	0.0000	0.0019	
116	135	0.0952	6	0	0	0	1	0	0	0	0	N	N	N	N	N	N	N	N	N	N	N	N	1.1801	7.1976	0.5521	0.4177	0.0004	inf	0.4554	inf	0.4060	0.0003	0.0003	0.0002	0.0001	0.0000	0.0013	0.0003	0.0003	0.0002	0.0002	0.0000	0.0004	0.0002	0.0002	0.0000	0.0006	0.0000	0.0004	0.1278	13.0020	-0.0000	0.0000	1.1177	31.7621	0.0023	18.5886	0.0000	0.0000	0.0000	0.0000	0.0000	0.0000	0.0000	0.0000	0.0000	0.0000	0.0000	0.0000	0.0000	0.0000	0.0000	0.0000	0.0000	0.0000	0.1450	0.1273	0.0176	0.0188	0.0179	0.0009	0.1261	0.1094	0.0167	0.0315	0.0169	0.0146	0.0032	0.0028	0.0004	0.0283	0.0141	0.0142	1.1850	8.9693	0.5521	0.4177	0.0004	inf	1.2743	inf	0.4060	0.0002	0.0000	0.0004	0.0002	0.0002	0.0000	0.0002	0.0000	0.0004
117	118	0.2854	7	0	1	1	1	0	0	0	0	N	N	N	N	N	N	N	N	N	N	N	N	12419.1094	6142.0609	7451.0183	6968.6553	inf	inf	1.7180	1.9356	0.0000	7.7936	8.2105	0.0000	0.0001	0.0001	0.0000	0.0001	0.0003	0.0000	0.0010	0.0012	0.0000	0.0000	0.0000	0.0000	0.0000	0.0000	-0.2533	-0.0000	31.2782	3.8827	23.9277	2.9998	0.8820	0.8820	0.0000	0.8820	0.8820	0.0000	0.0000	0.0000	0.0000	0.0000	0.0000	0.0000	0.0000	0.0000	0.0000	0.0000	0.0000	0.0000	0.5134	0.4557	0.0577	0.1132	0.1074	0.0057	0.4002	0.3483	0.0520	0.2134	0.1138	0.0995	0.0282	0.0251	0.0032	0.1851	0.0888	0.0964	12419.1094	7464.4058	0.0000	7451.0183	6968.6553	0.0000	inf	inf	0.0000	0.0001	0.0003	0.0000	0.0010	0.0012	0.0000	0.0000	0.0000	0.0000			
117	119	0.2825	6	0	1	0	1	0	0	0	0	N	N	N	N	N	N	N	N	N	N	N	N	347.0106	246.8814	1351.7673	123.8663	58.4926	inf	528.1134	inf	0.0001	1.8055	1.7548	2.2428	1.7274	0.9614	16.2763	1.8367	2.1002	0.0000	0.0052	0.0071	0.0017	0.0139	0.0164	0.0000	0.0035	0.0000	0.0017	0.1481	0.6410	-0.1283	-0.0000	31.2782	2.8083	23.9277	0.0030	0.8111	0.7065	0.1047	0.2221	0.1174	0.1047	0.5891	0.5891	0.0000	0.0002	0.0001	0.0001	0.0001	0.0001	0.0000	0.0001	0.0000	0.0001	0.4493	0.4026	0.0467	0.1286	0.1221	0.0064	0.3207	0.2805	0.0402	0.0888	0.0473	0.0415	0.0119	0.0106	0.0013	0.0769	0.0367	0.0402	909.3514	772.4208	1351.7673	191.2296	94.7629	inf	2051.1977	inf	0.0001	0.0020	0.0023	0.0017	0.0090	0.0101	0.0000	0.0009	0.0000	0.0017
117	120	0.2825	6	0	1	1	1	0	0	0	0	N	N	N	N	N	N	N	N	N	N	N	N	817.5310	579.0389	0.4854	1120.2221	1038.8589	inf	0.2462	inf	0.5156	0.6758	0.7596	0.0001	3.0436	3.2063	0.0000	0.0001	0.0001	0.0002	0.0008	0.0013	0.0003	0.0027	0.0031	0.0000	0.0004	0.0000	0.0003	0.0000	0.3961	-0.2533	-0.0001	31.2782	9.6158	23.9277	0.0030	0.8821	0.8821	0.0000	0.8820	0.8820	0.0000	0.0001	0.0001	0.0000	0.0001	0.0001	0.0000	0.0001	0.0001	0.0000	0.0000	0.0000	0.0000	1.3053	1.1612	0.1441	0.2898	0.2751	0.0147	1.0155	0.8861	0.1294	0.2981	0.1587	0.1394	0.0395	0.0351	0.0044	0.2586	0.1236	0.1350	1344.4665	1123.2868	0.4854	1120.2221	1048.5909	inf	0.6650	inf	0.5156	0.0005	0.0007	0.0003	0.0027	0.0031	0.0000	0.0002	0.0000	0.0003
117	121	0.2728	5	0	1	0	1	0	0	0	0	N	N	N	N	N	N	N	N	N	N	N	N	1.9826	1.7146	0.6546	0.4132	0.2798	12.2399	2.5602	8337.5814	0.0616	1.8250	1.9242	0.9704	0.8902	0.6025	7.2226	2.2209	2.5395	0.0832	0.9205	1.1223	1.4824	2.1544	2.1533	0.5901	0.8675	0.0003	1.3512	0.0585	0.6765	-0.2724	-0.0109	31.2782	4.2457	23.9277	2.0144	1.1749	1.1099	0.0650	0.1705	0.1104	0.0601	1.0044	0.9995	0.0049	0.0485	0.0289	0.0196	0.0295	0.0289	0.0006	0.0190	0.0000	0.0190	0.6438	0.5768	0.0670	0.1915	0.1832	0.0083	0.4522	0.3936	0.0586	0.2264	0.1237	0.1027	0.0390	0.0363	0.0028	0.1874	0.0875	0.0999	8.5194	8.2293	5.0913	1.1778	0.7555	34.7484	21.9046	2168874.3455	0.4375	0.2142	0.2338	0.1906	0.7558	0.7975	0.2079	0.1014	0.0000	0.1901
117	122	0.2307	4	0	1	0	1	0	0	0	0	N	N	N	N	N	N	N	N	N	N	N	N	0.4390	78.9227	1.1925	0.0010	0.1632	0.0002	0.5007	6.6333	1.2384	5.7892	0.6433	46.9087	0.0010	0.0009	0.0033	7.3542	0.8344	51.0687	13.1871	0.0082	39.3354	0.9412	0.0054	21.5554	14.6888	0.1258	41.2369	9.1250	10021.4931	5.8244	3.8729	31.2782	11.9190	23.9277	13.1740	9.4844	0.9367	8.5477	0.0003	0.0003	0.0000	9.4841	0.9364	8.5476	10.4236	0.0010	10.4225	0.0150	0.0003	0.0147	10.4086	0.0007	10.4079	1.6383	1.4561	0.1822	0.3487	0.3338	0.0148	1.2896	1.1222	0.1674	0.7904	0.4160	0.3745	0.0818	0.0767	0.0051	0.7086	0.3392	0.3694	0.4390	257.2984	1.6854	0.0054	0.1948	0.0012	0.5007	408.8485	1.8124	13.1871	0.0025	27.8321	0.1834	0.0045	2.8657	14.6888	0.0020	28.1778
117	123	0.4769	6	0	1	1	1	0	0	0	0	N	N	N	N	N	N	N	N	N	N	N	N	108.0706	0.0605	3461.5901	0.2375	0.2335	0.0000	328.5199	0.0000	4675.5665	0.5740	0.0004	5.3999	0.0016	0.0017	0.0000	0.7655	0.0000	6.0581	0.0053	0.0073	0.0016	0.0066	0.0071	0.0041	0.0023	0.0001	0.0013	1449.2199	0.4504	0.7126	-0.0003	31.2782	12.8936	23.9277	4.1514	1.0006	0.0007	1.0000	0.0007	0.0007	0.0000	1.0000	0.0000	1.0000	0.0010	0.0007	0.0003	0.0008	0.0007	0.0001	0.0002	0.0000	0.0002	1.7434	1.5582	0.1852	0.4371	0.4170	0.0201	1.3063	1.1412	0.1651	0.5120	0.3061	0.2059	0.1522	0.1330	0.0191	0.3598	0.1731	0.1867	284.1803	0.1901	3461.5901	0.3033	0.3088	0.0000	1138.2801	0.0000	4675.5665	0.0020	0.0023	0.0016	0.0052	0.0054	0.0041	0.0007	0.0000	0.0013
117	124	0.2460	5	0	2	0	0	0	0	0	0	N	Y	N	N	N	N	N	N	N	N	N	N	5.2019	11.9271	88.7816	21.5369	22.6842	0.0054	3.7323	0.0559	106.3488	0.5946	0.1979	3.7435	0.9379	0.9808	0.0003	0.5154	0.0000	4.0401	0.1143	0.0166	0.0422	0.0435	0.0432	0.0482	0.1381	0.0001	0.0380	2.3824	4.2780	0.4174	0.0015	31.2782	12.7386	23.9277	8.7370	1.0003	0.2957	0.7046	0.2957	0.2957	0.0000	0.7046	0.0000	0.7046	0.0082	0.0016	0.0067	0.0017	0.0016	0.0002	0.0065	0.0000	0.0065	1.6825	1.4943	0.1882	0.3153	0.3015	0.0138	1.3671	1.1927	0.1744	0.6978	0.3691	0.3288	0.0840	0.0792	0.0048	0.6139	0.2899	0.3240	50.5104	46.9333	184.8651	45.3345	49.9016	0.0069	48.8458	18.4999	202.0928	0.0118	0.0042	0.0203	0.0207	0.0197	0.0377	0.0106	0.0000	0.0200
117	125	0.2307	4	0	2	0	0	0	0	0	0	N	Y	N	N	N	N	N	N	N	N	N	N	0.8080	0.6403	1.0871	0.9353	1.0000	0.0004	0.4831	12.5716	1.2591	0.7533	0.5234	2.6205	1.5986	1.6662	0.0008	0.4967	0.1406	2.8676	0.9323	0.8174	2.4106	1.7092	1.6662	2.1621	1.0280	0.0112	2.2776	0.6165	3.4931	0.0881	0.0113	31.2782	8.6431	23.9277	1.4782	0.9347	0.5782	0.3565	0.4619	0.4619	0.0000	0.4728	0.1163	0.3565	0.0758	0.0169	0.0589	0.0180	0.0168	0.0012	0.0578	0.0001	0.0577	1.2409	1.1048	0.1360	0.2889	0.2772	0.0117	0.9519	0.8276	0.1243	0.3409	0.1797	0.1612	0.0401	0.0378	0.0023	0.3008	0.1419	0.1589	3.3889	5.5777	7.1696	3.5680	3.7487	0.0017	2.5845	325.1717	7.8896	0.2223	0.0938	0.3655	0.4480	0.4445	0.5069	0.1922	0.0004	0.3635
117	126	0.2211	3	0	1	0	0	0	0	0	0	N	N	N	N	N	N	N	N	N	N	N	N	0.5227	0.4812	1.2000	0.0173	0.0885	0.0005	0.5252	0.5071	1.1383	3.0706	0.2265	26.2841	0.0230	0.0235	0.0082	4.0087	0.2963	28.1953	5.8740	0.4707	21.9030	1.3265	0.2651	15.7592	7.6328	0.5844	24.7706	14.2166	342.5220	1.3451	0.6274	31.2782	4.1618	23.9277	2.0491	2.0785	0.1366	1.9419	0.0037	0.0036	0.0000	2.0749	0.1330	1.9419	1.7015	0.0050	1.6965	0.0200	0.0039	0.0160	1.6815	0.0010	1.6805	0.6769	0.6030	0.0739	0.1593	0.1543	0.0050	0.5176	0.4487	0.0689	0.2897	0.1682	0.1215	0.0694	0.0622	0.0072	0.2203	0.1060	0.1143	0.5227	7.6910	1.8822	0.0798	0.3702	0.0037	0.5252	31.0765	1.9183	5.8740	0.0295	13.9643	0.2879	0.0634	2.2399	7.6328	0.0095	14.6981
117	127	0.1920	2	0	1	0	0	0	0	0	0	N	N	N	N	N	N	N	N	N	N	N	N	0.5977	0.1461	1.3073	0.0019	0.1662	0.0014	0.6034	0.0073	1.4192	0.7761	0.0019	6.6244	0.0032	0.0003	0.0561	0.9196	0.0022	7.1157	1.2984	0.0130	5.0672	1.6427	0.0018	41.0023	1.5238	0.3068	5.0138	461.3312	488.2493	0.6645	0.2233	31.2782	9.4810	23.9277	7.4917	0.9350	0.0020	0.9330	0.0006	0.0001	0.0006	0.9344	0.0020	0.9324	0.6043	0.0012	0.6030	0.0398	0.0002	0.0396	0.5645	0.0011	0.5634	1.2048	1.0639	0.1408	0.1886	0.1788	0.0098	1.0162	0.8851	0.1310	0.6061	0.3494	0.2567	0.0961	0.0904	0.0057	0.5100	0.2590	0.2510	0.7785	0.5378	2.8199	0.0077	0.1662	0.0080	0.8308	0.5367	3.1705	0.9969	0.0035	2.3492	0.4139	0.0018	6.9944	1.1068	0.0041	2.2444
117	128	0.4891	7	1	2	0	0	0	0	0	0	N	Y	N	N	N	N	N	N	N	N	N	N	246.1358	489.9498	1496.8659	0.0272	1.8628	0.0000	97.9192	inf	1803.6929	3.9052	0.0009	34.6856	0.0000	0.0000	0.0000	5.0896	0.0012	38.8916	0.0159	0.0000	0.0232	0.0003	0.0000	0.0021	0.0520	0.0000	0.0216	4761.7143	4091.2243	0.7128	0.0002	31.2782	2.0107	23.9277	1.9995	1.0001	0.0002	0.9999	0.0000	0.0000	0.0000	1.0001	0.0002	0.9999	0.0005	0.0000	0.0005	0.0000	0.0000	0.0000	0.0005	0.0000	0.0005	0.2561	0.2273	0.0288	0.0596	0.0565	0.0031	0.1965	0.1708	0.0257	0.1173	0.0712	0.0461	0.0367	0.0320	0.0047	0.0806	0.0391	0.0414	833.9161	489.9498	2912.8967	0.0272	1.8628	0.0000	760.4510	inf	2987.4129	0.0047	0.0000	0.0119	0.0003	0.0000	0.0021	0.0067	0.0000	0.0130
117	129	0.4769	6	1	2	0	0	0	0	0	0	N	Y	N	N	N	N	N	N	N	N	N	N	0.2572	909.8470	0.0000	3.1607	5.6701	0.0000	0.2491	8236.3507	0.0000	1.1704	1.3011	0.0008	0.0086	0.0089	0.0000	1.6371	1.8705	0.0009	4.5504	0.0014	18.0516	0.0027	0.0016	0.0114	6.5723	0.0002	21.4640	0.0001	10615.1032	-0.2870	0.3707	31.2782	5.6459	23.9277	1.1399	0.9998	0.9997	0.0001	0.0021	0.0021	0.0000	0.9977	0.9976	0.0001	0.9978	0.0001	0.9977	0.0002	0.0001	0.0001	0.9976	0.0000	0.9976	0.8542	0.7684	0.0858	0.2448	0.2350	0.0097	0.6094	0.5333	0.0761	0.2193	0.1307	0.0886	0.0675	0.0596	0.0079	0.1518	0.0710	0.0808	0.2572	1808.8740	0.0001	3.1607	5.6701	0.0000	0.2491	2435382.3015	0.0001	4.5504	0.0007	11.2604	0.0027	0.0016	0.0114	6.5723	0.0000	12.3546
117	130	0.4466	5	0	1	0	0	0	0	0	0	N	N	N	N	N	N	N	N	N	N	N	N	1.5046	12.6809	1.6635	0.0982	0.4106	0.1901	1.5313	522.8622	1.6821	2.1112	0.9309	10.2533	0.0581	0.0140	1.3171	2.8921	1.3329	10.9633	1.4032	0.0734	6.1639	0.5915	0.0342	6.9300	1.8887	0.0025	6.5177	1.5967	222.6555	1.3832	0.3107	31.2782	11.6079	23.9277	5.3766	4.2200	1.6251	2.5949	0.0320	0.0075	0.0245	4.1880	1.6176	2.5704	0.8462	0.0038	0.8424	0.0267	0.0038	0.0230	0.8195	0.0000	0.8195	1.9988	1.7457	0.2531	0.5508	0.5321	0.0186	1.4481	1.2136	0.2344	0.7165	0.4380	0.2785	0.2441	0.2219	0.0222	0.4724	0.2161	0.2563	1.7876	107.7602	3.3897	0.5308	0.8267	1.2712	1.6672	19310.9380	3.4296	1.1811	0.0086	3.0249	0.1095	0.0170	1.0362	1.7347	0.0001	3.1967
117	131	0.4287	4	0	1	0	0	0	0	0	0	N	N	N	N	N	N	N	N	N	N	N	N	1.9530	0.5273	2.1950	0.1001	0.1040	0.0368	2.2674	1.0571	2.2069	2.7070	0.6723	12.0853	0.2086	0.2070	0.2633	3.8397	0.9444	12.6975	1.3861	1.2750	5.5059	2.0845	1.9911	7.1508	1.6935	0.8934	5.7535	3.8997	3.9714	1.1237	0.1408	31.2782	3.9355	23.9277	8.7078	2.2087	0.4508	1.7579	0.0531	0.0512	0.0019	2.1556	0.3996	1.7560	0.8258	0.1661	0.6597	0.1780	0.1597	0.0182	0.6478	0.0064	0.6415	0.8159	0.6705	0.1455	0.2545	0.2474	0.0072	0.5614	0.4231	0.1383	0.7096	0.4618	0.2479	0.2608	0.2438	0.0170	0.4488	0.2180	0.2309	2.3262	1.8690	4.5408	0.3057	0.3159	0.2455	2.6603	32.3200	4.5699	1.1637	0.3597	2.6615	0.6824	0.6553	1.0724	1.4433	0.0292	2.7785
117	132	0.4170	3	0	1	0	0	0	0	0	0	N	N	N	N	N	N	N	N	N	N	N	N	0.7974	0.1486	1.1727	0.2324	0.2443	0.0075	0.8614	0.0077	1.1928	1.0413	0.2076	5.0310	0.5671	0.5812	0.1109	1.2422	0.0074	5.2993	1.3058	1.3969	4.2900	2.4399	2.3792	14.7280	1.4420	0.9705	4.4429	5.0631	1.7111	0.7050	0.0020	31.2782	6.2657	23.9277	3.9760	1.2867	0.2122	1.0744	0.2085	0.2073	0.0012	1.0782	0.0050	1.0732	0.7032	0.2594	0.4438	0.2941	0.2526	0.0415	0.4091	0.0068	0.4023	1.2356	1.0221	0.2136	0.3677	0.3566	0.0110	0.8680	0.6654	0.2025	0.7040	0.4463	0.2578	0.2814	0.2602	0.0211	0.4226	0.1860	0.2366	1.0425	0.3572	2.9219	0.5426	0.5988	0.0565	1.2832	0.2030	3.1168	0.9988	0.5812	1.7218	1.0451	0.9705	1.9635	0.9680	0.0367	1.7002
117	133	0.3397	2	0	1	0	0	0	0	0	0	N	N	N	N	N	N	N	N	N	N	N	N	0.5011	0.4322	0.4596	0.2546	0.3310	0.0019	0.4302	0.3627	0.4812	0.8221	0.4359	3.2616	0.3586	0.3835	0.0221	0.9576	0.4528	3.6793	1.6405	1.0085	7.0962	1.4085	1.1588	11.9068	2.2258	1.2483	7.6468	1.1845	15.9728	0.8425	1.1810	31.2782	26.7012	23.9277	18.2690	3.3027	1.5119	1.7908	0.3259	0.3245	0.0014	2.9768	1.1874	1.7894	3.7766	0.2225	3.5541	0.2398	0.1728	0.0670	3.5368	0.0497	3.4871	4.0175	3.4684	0.5491	0.9088	0.8461	0.0627	3.1087	2.6223	0.4864	2.3305	1.3807	0.9497	0.7415	0.6975	0.0440	1.5890	0.6832	0.9058	0.5073	2.7049	0.8716	1.1088	1.5480	0.0145	0.4302	6.2247	0.9557	1.6205	0.1612	3.7422	0.3234	0.2477	1.5239	2.2258	0.0727	3.8498
118	120	0.0144	2	0	0	2	2	0	0	0	0	N	N	Y	Y	N	N	N	N	N	N	N	N	72598025.4560	inf	185194779.2410	inf	inf	84991111.2409	inf	185730060.8925	3.6229	0.0040	17.7682	0.0211	0.0212	0.0000	4.2451	0.0001	17.8197	0.0000	0.0000	0.0000	0.0000	0.0000	0.0000	0.0000	0.0000	0.0000	1140.4932	inf	0.5539	0.0000	3.8827	9.6158	2.9998	0.0030	0.7780	0.0007	0.7773	0.0007	0.0007	0.0000	0.7773	0.0000	0.7773	0.0000	0.0000	0.0000	0.0000	0.0000	0.0000	0.0000	0.0000	0.0000	0.2147	0.1710	0.0437	0.0316	0.0315	0.0001	0.1831	0.1395	0.0436	0.0421	0.0202	0.0219	0.0000	0.0000	0.0000	0.0420	0.0202	0.0219	72598025.4560	inf	185194779.2410	inf	inf	0.0000	84991111.2409	inf	185730060.8925	0.0000	0.0000	0.0000	0.0000	0.0000	0.0000	0.0000	0.0000	0.0000	
118	123	0.5705	12	0	0	2	2	0	0	0	0	N	N	Y	Y	N	N	N	N	N	N	N	N	inf	inf	inf	inf	inf	inf	0.0003	0.0000	0.0033	0.0004	0.0000	0.0070	0.0003	0.0000	0.0023	0.0000	0.0000	0.0000	0.0000	0.0000	0.0000	0.0000	0.0000	0.0000	inf	0.0000	0.0000	3.8827	12.8936	2.9998	4.1514	0.0001	0.0000	0.0001	0.0000	0.0000	0.0000	0.0000	0.0000	0.0000	0.0000	0.0000	0.0000	0.0000	0.0000	0.0000	0.0000	0.0000	0.0000	0.2128	0.1913	0.0215	0.0828	0.0785	0.0043	0.1300	0.1128	0.0173	0.0497	0.0300	0.0197	0.0157	0.0138	0.0019	0.0340	0.0162	0.0177	inf	0.0000	inf	inf	0.0000	inf	inf	0.0000	inf	0.0000	0.0000	0.0000	0.0000	0.0000	0.0000	0.0000	0.0000	0.0000				
118	124	0.0815	5	0	1	1	1	0	0	0	0	N	N	N	N	N	N	N	N	N	N	N	N	inf	inf	inf	inf	0.0000	0.0000	0.0000	0.0000	0.0000	0.0000	0.0000	0.0000	0.0000	0.0000	0.0000	0.0000	0.0000	0.0000	0.0000	0.0000	0.0000	0.0000	0.0000	-0.0000	0.0000	3.8827	12.7386	2.9998	8.7370	0.0000	0.0000	0.0000	0.0000	0.0000	0.0000	0.0000	0.0000	0.0000	0.0000	0.0000	0.0000	0.0000	0.0000	0.0000	0.0000	0.0000	0.0000	0.2208	0.1934	0.0273	0.0220	0.0213	0.0007	0.1988	0.1721	0.0267	0.0901	0.0446	0.0455	0.0066	0.0057	0.0008	0.0835	0.0388	0.0447	inf	inf	0.0000	inf	inf	0.0000	0.0000	0.0000	0.0000	0.0000	0.0000	0.0000	0.0000	0.0000	0.0000	0.0000	0.0000	0.0000						
118	125	0.0662	4	0	1	1	1	0	0	0	0	N	N	N	N	N	N	N	N	N	N	N	N	9895.7213	inf	12.0635	inf	inf	14869.2394	inf	12.1299	0.0006	0.0007	0.0000	0.0004	0.0004	0.0000	0.0007	0.0008	0.0000	0.0000	0.0000	0.0000	0.0000	0.0000	0.0000	0.0000	0.0000	0.0000	0.0002	inf	-0.0000	0.0000	3.8827	8.6431	2.9998	1.4782	0.0001	0.0001	0.0000	0.0000	0.0000	0.0000	0.0001	0.0001	0.0000	0.0000	0.0000	0.0000	0.0000	0.0000	0.0000	0.0000	0.0000	0.0000	0.1683	0.1468	0.0215	0.0239	0.0234	0.0005	0.1445	0.1235	0.0210	0.0425	0.0211	0.0214	0.0026	0.0023	0.0004	0.0398	0.0188	0.0210	9895.7213	inf	12.0635	inf	inf	0.0000	14869.2394	inf	12.1299	0.0000	0.0000	0.0000	0.0000	0.0000	0.0000	0.0000	0.0000	0.0000	
118	128	0.5828	13	1	1	1	1	0	0	0	0	N	N	N	N	N	N	N	N	N	N	N	N	0.0000	0.0000	0.0000	0.0000	0.0000	0.0000	0.0000	0.0000	0.0000	0.0000	0.0000	0.0000	0.0000	0.0000	0.0000	0.0000	0.0000	0.0000	0.0000	0.0000	3.8827	2.0107	2.9998	1.9995	0.0000	0.0000	0.0000	0.0000	0.0000	0.0000	0.0000	0.0000	0.0000	0.0000	0.0000	0.0000	0.0000	0.0000	0.0000	0.0000	0.0000	0.0000	0.0310	0.0277	0.0033	0.0112	0.0105	0.0006	0.0198	0.0171	0.0027	0.0111	0.0069	0.0042	0.0038	0.0033	0.0005	0.0073	0.0036	0.0037	0.0000	0.0000	0.0000	0.0000	0.0000	0.0000	0.0000	0.0000	0.0000	0.0000	0.0000	0.0000	0.0000	0.0000	0.0000	0.0000	0.0000	0.0000											
118	129	0.5705	12	1	1	1	1	0	0	0	0	N	N	N	N	N	N	N	N	N	N	N	N	0.0000	0.0000	0.0000	0.0000	0.0000	0.0000	0.0000	0.0000	0.0000	0.0000	0.0000	0.0000	0.0000	0.0000	0.0000	0.0000	0.0000	0.0000	0.0000	0.0000	3.8827	5.6459	2.9998	1.1399	0.0000	0.0000	0.0000	0.0000	0.0000	0.0000	0.0000	0.0000	0.0000	0.0000	0.0000	0.0000	0.0000	0.0000	0.0000	0.0000	0.0000	0.0000	0.1042	0.0942	0.0099	0.0453	0.0431	0.0022	0.0589	0.0511	0.0078	0.0216	0.0129	0.0087	0.0071	0.0063	0.0008	0.0145	0.0066	0.0079	0.0000	0.0000	0.0000	0.0000	0.0000	0.0000	0.0000	0.0000	0.0000	0.0000	0.0000	0.0000	0.0000	0.0000	0.0000	0.0000	0.0000	0.0000											
118	130	0.5402	11	0	0	1	1	0	0	0	0	N	N	N	N	N	N	N	N	N	N	N	N	0.0000	0.0000	0.0000	0.0000	0.0000	0.0000	0.0000	0.0000	0.0000	0.0000	0.0000	0.0000	0.0000	0.0000	0.0000	0.0000	0.0000	0.0000	0.0000	0.0000	0.0000	0.0000	0.0000	0.0000	0.5698	0.0000	-0.0000	3.8827	11.6079	2.9998	5.3766	0.0000	0.0000	0.0000	0.0000	0.0000	0.0000	0.0000	0.0000	0.0000	0.0000	0.0000	0.0000	0.0000	0.0000	0.0000	0.0000	0.0000	0.0000	0.2250	0.2008	0.0241	0.0937	0.0885	0.0053	0.1313	0.1124	0.0189	0.0595	0.0360	0.0234	0.0203	0.0181	0.0022	0.0392	0.0179	0.0213	0.0000	0.0000	0.0000	0.0000	0.0000	0.0000	0.0000	0.0000	0.0000	0.0000	0.0000	0.0000	0.0000	0.0000	0.0000	0.0000	0.0000	0.0000				
118	131	0.5223	10	0	0	1	1	0	0	0	0	N	N	N	N	N	N	N	N	N	N	N	N	0.2780	0.1568	0.0000	0.3492	0.3386	0.0000	0.0000	0.0000	0.0001	0.0001	0.0000	0.0003	0.0003	0.0000	0.0000	0.0000	0.0000	0.0004	0.0009	0.0000	0.0009	0.0010	0.0000	0.0000	0.0000	0.0000	0.0000	0.0027	-0.0000	-0.0000	3.8827	3.9355	2.9998	8.7078	0.0000	0.0000	0.0000	0.0000	0.0000	0.0000	0.0000	0.0000	0.0000	0.0000	0.0000	0.0000	0.0000	0.0000	0.0000	0.0000	0.0000	0.0000	0.0816	0.0734	0.0082	0.0318	0.0304	0.0014	0.0498	0.0430	0.0068	0.0606	0.0399	0.0207	0.0227	0.0210	0.0017	0.0379	0.0189	0.0190	0.3623	0.2658	0.0000	0.3492	0.3386	0.0000	0.0000	0.0000	0.0000	0.0003	0.0005	0.0000	0.0009	0.0010	0.0000	0.0000	0.0000	0.0000	
118	132	0.5107	9	0	0	1	1	0	0	0	0	N	N	N	N	N	N	N	N	N	N	N	N	0.1223	3.1233	0.0002	0.0054	0.0051	0.0545	inf	0.0002	0.0001	0.0001	0.0000	0.0000	0.0000	0.0000	0.0001	0.0001	0.0000	0.0006	0.0000	0.0012	0.0000	0.0000	0.0000	0.0023	0.0000	0.0013	0.0002	29.6493	-0.0000	0.0000	3.8827	6.2657	2.9998	3.9760	0.0000	0.0000	0.0000	0.0000	0.0000	0.0000	0.0000	0.0000	0.0000	0.0000	0.0000	0.0000	0.0000	0.0000	0.0000	0.0000	0.0000	0.0000	0.1266	0.1138	0.0128	0.0479	0.0458	0.0021	0.0787	0.0680	0.0107	0.0484	0.0307	0.0177	0.0181	0.0166	0.0015	0.0303	0.0141	0.0162	0.1815	3.9212	0.0002	0.0054	0.0051	0.0000	0.1888	inf	0.0002	0.0004	0.0000	0.0012	0.0000	0.0000	0.0000	0.0007	0.0000	0.0013	
118	133	0.4334	8	0	0	1	1	0	0	0	0	N	N	N	N	N	N	N	N	N	N	N	N	0.0178	0.0090	0.1306	0.0358	0.0319	inf	0.1157	inf	0.0975	0.0001	0.0001	0.0000	0.0002	0.0002	0.0000	0.0000	0.0000	0.0000	0.0034	0.0075	0.0000	0.0052	0.0061	0.0000	0.0000	0.0000	0.0000	0.0003	0.0004	-0.0000	-0.0002	3.8827	26.7012	2.9998	18.2690	0.0000	0.0000	0.0000	0.0000	0.0000	0.0000	0.0000	0.0000	0.0000	0.0003	0.0003	0.0000	0.0003	0.0003	0.0000	0.0000	0.0000	0.0000	0.4465	0.3988	0.0477	0.1459	0.1382	0.0076	0.3006	0.2606	0.0400	0.1851	0.1127	0.0724	0.0597	0.0541	0.0056	0.1254	0.0585	0.0669	0.0424	0.0289	0.1306	0.0418	0.0400	inf	0.1157	inf	0.0975	0.0014	0.0024	0.0000	0.0044	0.0049	0.0000	0.0000	0.0000	0.0000
118	134	0.1953	7	0	0	1	1	0	0	0	0	N	N	N	N	N	N	N	N	N	N	N	N	0.0798	0.0499	0.1617	0.1555	0.1412	0.0452	0.0032	0.1735	0.0001	0.0001	0.0001	0.0000	0.0000	0.0000	0.0001	0.0001	0.0001	0.0012	0.0020	0.0004	0.0001	0.0001	0.0000	0.0026	0.0384	0.0004	0.0818	0.4047	-0.0000	-0.0001	3.8827	61.4372	2.9998	55.8589	0.0001	0.0001	0.0000	0.0000	0.0000	0.0000	0.0001	0.0001	0.0000	0.0002	0.0002	0.0001	0.0000	0.0000	0.0000	0.0002	0.0002	0.0001	0.8952	0.7941	0.1011	0.1786	0.1689	0.0097	0.7166	0.6252	0.0914	0.3703	0.1934	0.1769	0.0372	0.0319	0.0052	0.3331	0.1615	0.1716	0.1455	0.1113	0.1617	0.1555	0.1412	0.0000	0.1605	0.1162	0.1735	0.0007	0.0009	0.0004	0.0001	0.0001	0.0000	0.0007	0.0011	0.0004	
118	135	0.1049	6	0	0	1	1	0	0	0	0	N	N	N	N	N	N	N	N	N	N	N	N	36.4705	20.7969	inf	7.4421	6.7679	inf	inf	inf	0.0001	0.0001	0.0001	0.0002	0.0002	0.0000	0.0001	0.0001	0.0001	0.0000	0.0000	0.0000	0.0000	0.0000	0.0000	0.0000	0.0000	0.0000	0.0725	0.0000	-0.0000	-0.0000	3.8827	31.7621	2.9998	18.5886	0.0000	0.0000	0.0000	0.0000	0.0000	0.0000	0.0000	0.0000	0.0000	0.0000	0.0000	0.0000	0.0000	0.0000	0.0000	0.0000	0.0000	0.0000	0.4821	0.4222	0.0599	0.0476	0.0452	0.0024	0.4345	0.3770	0.0575	0.1909	0.1022	0.0886	0.0195	0.0168	0.0027	0.1714	0.0854	0.0860	36.4705	20.7969	inf	7.4421	6.7679	0.0000	inf	inf	inf	0.0000	0.0000	0.0000	0.0000	0.0000	0.0000	0.0000	0.0000	0.0000	
119	123	0.5590	11	0	0	1	2	0	0	0	0	N	N	N	Y	N	N	N	N	N	N	N	N	47406.3452	32.8271	183408660.1454	15312.1815	30.1802	inf	29232585.2048	inf	120495654.9259	3.1426	0.0036	33.4684	3.2009	0.0072	63.3769	3.0975	0.0006	24.3175	0.0001	0.0001	0.0000	0.0002	0.0002	0.0000	0.0000	0.0000	0.0000	961.4156	0.0011	0.4221	-0.0000	2.8083	12.8936	0.0030	4.1514	0.5930	0.0006	0.5923	0.2634	0.0006	0.2628	0.3296	0.0001	0.3296	0.0000	0.0000	0.0000	0.0000	0.0000	0.0000	0.0000	0.0000	0.0000	0.1887	0.1710	0.0177	0.0823	0.0781	0.0041	0.1064	0.0929	0.0136	0.0207	0.0125	0.0082	0.0066	0.0058	0.0008	0.0142	0.0067	0.0074	47406.3452	32.8271	183408660.1454	15312.1815	30.1802	inf	29232585.2048	inf	120495654.9259	0.0001	0.0001	0.0000	0.0002	0.0002	0.0000	0.0000	0.0000	0.0000
119	124	0.0700	4	0	1	0	1	0	0	0	0	N	N	N	N	N	N	N	N	N	N	N	N	4666.7972	4828.4158	1143.6200	3224.2306	3051.0792	inf	312.5948	inf	1254.9296	0.0019	0.0020	0.0004	0.0093	0.0097	0.0000	0.0001	0.0000	0.0005	0.0000	0.0000	0.0000	0.0000	0.0000	0.0000	0.0000	0.0000	0.0000	0.0268	0.9105	-0.0001	-0.0000	2.8083	12.7386	0.0030	8.7370	0.0004	0.0003	0.0000	0.0003	0.0003	0.0000	0.0000	0.0000	0.0000	0.0000	0.0000	0.0000	0.0000	0.0000	0.0000	0.0000	0.0000	0.0000	0.1938	0.1719	0.0219	0.0374	0.0360	0.0015	0.1564	0.1359	0.0205	0.0375	0.0185	0.0190	0.0028	0.0024	0.0003	0.0347	0.0161	0.0187	4666.7972	4828.4158	1143.6200	3224.2306	3051.0792	inf	312.5948	inf	1254.9296	0.0000	0.0000	0.0000	0.0000	0.0000	0.0000	0.0000	0.0000	0.0000
119	125	0.0547	3	0	1	0	1	0	0	0	0	N	N	N	N	N	N	N	N	N	N	N	N	205.8258	28.3302	3729.9099	2.0078	1.7942	inf	1351.9057	inf	3898.8894	0.0045	0.0012	0.0288	0.0006	0.0006	0.0000	0.0056	0.0015	0.0307	0.0000	0.0000	0.0000	0.0003	0.0003	0.0000	0.0000	0.0000	0.0000	3.1066	0.2165	0.0003	-0.0000	2.8083	8.6431	0.0030	1.4782	0.0007	0.0002	0.0005	0.0000	0.0000	0.0000	0.0006	0.0001	0.0005	0.0000	0.0000	0.0000	0.0000	0.0000	0.0000	0.0000	0.0000	0.0000	0.1457	0.1284	0.0173	0.0323	0.0312	0.0010	0.1134	0.0972	0.0163	0.0177	0.0088	0.0090	0.0011	0.0010	0.0002	0.0166	0.0078	0.0088	205.8258	34.1928	3729.9099	2.0078	1.7942	inf	1351.9057	inf	3898.8894	0.0000	0.0000	0.0000	0.0003	0.0003	0.0000	0.0000	0.0000	0.0000
119	128	0.5712	12	1	1	0	1	0	0	0	0	N	N	N	N	N	N	N	N	N	N	N	N	0.0000	0.0000	0.0000	0.0000	0.0000	0.0000	0.0000	0.0000	0.0000	0.0000	0.0000	0.0000	0.0000	0.0000	0.0000	0.0000	0.0000	0.0000	0.0000	0.0000	0.0000	0.0000	0.0000	0.0000	-0.0000	2.8083	2.0107	0.0030	1.9995	0.0000	0.0000	0.0000	0.0000	0.0000	0.0000	0.0000	0.0000	0.0000	0.0000	0.0000	0.0000	0.0000	0.0000	0.0000	0.0000	0.0000	0.0000	0.0280	0.0252	0.0028	0.0116	0.0110	0.0006	0.0163	0.0142	0.0021	0.0046	0.0029	0.0018	0.0016	0.0014	0.0002	0.0030	0.0015	0.0016	0.0000	0.0000	0.0000	0.0000	0.0000	0.0000	0.0000	0.0000	0.0000	0.0000	0.0000	0.0000	0.0000	0.0000	0.0000	0.0000	0.0000	0.0000						
119	129	0.5590	11	1	1	0	1	0	0	0	0	N	N	N	N	N	N	N	N	N	N	N	N	0.0467	0.0254	0.7950	0.0325	0.0305	0.2238	0.9682	0.0000	0.0000	0.0000	0.0000	0.0000	0.0000	0.0000	0.0000	0.0000	0.0002	0.0003	0.0000	0.0005	0.0005	0.0000	0.0000	0.0000	0.0000	0.0075	0.0020	-0.0000	-0.0000	2.8083	5.6459	0.0030	1.1399	0.0000	0.0000	0.0000	0.0000	0.0000	0.0000	0.0000	0.0000	0.0000	0.0000	0.0000	0.0000	0.0000	0.0000	0.0000	0.0000	0.0000	0.0000	0.0909	0.0827	0.0081	0.0428	0.0407	0.0020	0.0481	0.0420	0.0061	0.0090	0.0054	0.0036	0.0030	0.0026	0.0003	0.0061	0.0027	0.0033	0.0467	0.0304	0.7950	0.0325	0.0305	0.0000	0.2238	0.0000	0.9682	0.0002	0.0003	0.0000	0.0005	0.0005	0.0000	0.0000	0.0000	0.0000		
119	130	0.5287	10	0	0	0	1	0	0	0	0	N	N	N	N	N	N	N	N	N	N	N	N	1.5306	0.8583	1.1080	0.0478	0.0239	inf	8.6183	inf	0.0147	0.0005	0.0006	0.0001	0.0000	0.0000	0.0003	0.0009	0.0011	0.0000	0.0003	0.0007	0.0001	0.0008	0.0009	0.0000	0.0001	0.0000	0.0001	0.0152	0.1082	-0.0000	-0.0000	2.8083	11.6079	0.0030	5.3766	0.0001	0.0001	0.0000	0.0000	0.0000	0.0000	0.0001	0.0001	0.0000	0.0000	0.0000	0.0000	0.0000	0.0000	0.0000	0.0000	0.0000	0.0000	0.1942	0.1748	0.0194	0.0881	0.0833	0.0048	0.1061	0.0915	0.0146	0.0248	0.0150	0.0098	0.0084	0.0075	0.0009	0.0163	0.0074	0.0089	1.8302	1.3420	1.1080	0.0478	0.0239	inf	21.9031	inf	0.0147	0.0003	0.0004	0.0001	0.0008	0.0009	0.0000	0.0000	0.0000	0.0001
119	131	0.5108	9	0	0	0	1	0	0	0	0	N	N	N	N	N	N	N	N	N	N	N	N	5.4974	5.7159	0.9340	4.8917	4.6194	inf	2.2254	1.6985	0.0603	0.0013	0.0014	0.0002	0.0018	0.0019	0.0011	0.0009	0.0010	0.0000	0.0002	0.0002	0.0003	0.0004	0.0004	0.0000	0.0004	0.0006	0.0003	0.0179	0.6165	-0.0000	-0.0000	2.8083	3.9355	0.0030	8.7078	0.0001	0.0001	0.0000	0.0001	0.0001	0.0000	0.0000	0.0000	0.0000	0.0000	0.0000	0.0000	0.0000	0.0000	0.0000	0.0000	0.0000	0.0000	0.0697	0.0631	0.0066	0.0298	0.0285	0.0013	0.0399	0.0346	0.0053	0.0252	0.0165	0.0086	0.0094	0.0087	0.0007	0.0158	0.0078	0.0080	5.5737	6.4226	0.9340	4.8917	4.6194	inf	6.0618	294.6138	0.0603	0.0002	0.0002	0.0003	0.0004	0.0004	0.0000	0.0001	0.0000	0.0003
119	132	0.4991	8	0	0	0	1	0	0	0	0	N	N	N	N	N	N	N	N	N	N	N	N	1.3828	1.1703	2.7936	1.2939	1.2070	inf	1.1850	0.6486	2.8230	0.0009	0.0008	0.0011	0.0010	0.0010	0.0007	0.0008	0.0007	0.0012	0.0006	0.0007	0.0004	0.0007	0.0008	0.0000	0.0007	0.0011	0.0004	0.1380	0.5132	-0.0000	-0.0000	2.8083	6.2657	0.0030	3.9760	0.0001	0.0001	0.0000	0.0000	0.0000	0.0000	0.0001	0.0000	0.0000	0.0000	0.0000	0.0000	0.0000	0.0000	0.0000	0.0000	0.0000	0.0000	0.1084	0.0981	0.0103	0.0455	0.0435	0.0020	0.0629	0.0547	0.0083	0.0201	0.0127	0.0074	0.0075	0.0069	0.0006	0.0126	0.0058	0.0068	2.0202	1.8774	2.7936	1.2939	1.2070	inf	3.3264	54.4271	2.8230	0.0004	0.0004	0.0004	0.0007	0.0008	0.0000	0.0002	0.0000	0.0004
119	133	0.4218	7	0	0	0	1	0	0	0	0	N	N	N	N	N	N	N	N	N	N	N	N	30.1186	26.1416	0.6008	82.0678	78.5057	40.4542	0.5658	2.3887	0.6595	0.0796	0.0882	0.0006	0.2064	0.2174	0.0001	0.0010	0.0010	0.0007	0.0026	0.0034	0.0009	0.0025	0.0028	0.0000	0.0017	0.0004	0.0010	0.0007	0.4430	-0.0089	-0.0000	2.8083	26.7012	0.0030	18.2690	0.0312	0.0312	0.0000	0.0309	0.0309	0.0000	0.0002	0.0002	0.0000	0.0001	0.0001	0.0000	0.0001	0.0001	0.0000	0.0000	0.0000	0.0000	0.3919	0.3531	0.0387	0.1499	0.1423	0.0076	0.2420	0.2108	0.0312	0.0771	0.0469	0.0302	0.0249	0.0226	0.0023	0.0522	0.0242	0.0280	67.7442	65.8746	0.6008	82.0678	78.5057	40.4542	1.8552	536.2809	0.6595	0.0012	0.0013	0.0009	0.0025	0.0028	0.0000	0.0005	0.0000	0.0010
119	134	0.1837	6	0	0	0	1	0	0	0	0	N	N	N	N	N	N	N	N	N	N	N	N	1359.2708	786.5957	1650.4984	19.8515	16.4956	332.1678	3542.4346	3268.5579	1857.5910	0.7972	0.8496	0.3436	0.0600	0.0632	0.0003	1.0795	1.1754	0.3984	0.0006	0.0011	0.0002	0.0030	0.0038	0.0000	0.0003	0.0004	0.0002	0.0467	0.3212	-0.1534	-0.0000	2.8083	61.4372	0.0030	55.8589	0.6325	0.6043	0.0282	0.0132	0.0132	0.0000	0.6193	0.5911	0.0282	0.0001	0.0000	0.0000	0.0000	0.0000	0.0000	0.0000	0.0000	0.0000	0.7934	0.7112	0.0822	0.2196	0.2083	0.0113	0.5737	0.5029	0.0709	0.1540	0.0803	0.0737	0.0158	0.0136	0.0022	0.1382	0.0667	0.0715	1946.4922	1429.8865	1650.4984	19.8515	18.0566	332.1678	9668.3387	777535.8066	1857.5910	0.0004	0.0006	0.0002	0.0030	0.0035	0.0000	0.0001	0.0000	0.0002
119	135	0.0934	5	0	0	0	1	0	0	0	0	N	N	N	N	N	N	N	N	N	N	N	N	2734.7053	15942.5983	478.4812	0.0857	0.0411	inf	1414.0277	6525.7726	507.2052	0.9842	1.0746	0.2706	0.0000	0.0000	0.0003	1.2298	1.3679	0.2956	0.0004	0.0001	0.0006	0.0003	0.0004	0.0000	0.0009	0.0002	0.0006	0.0319	7.4479	-0.1085	0.0000	2.8083	31.7621	0.0030	18.5886	0.4236	0.4105	0.0131	0.0000	0.0000	0.0000	0.4236	0.4105	0.0131	0.0000	0.0000	0.0000	0.0000	0.0000	0.0000	0.0000	0.0000	0.0000	0.4304	0.3820	0.0484	0.0860	0.0819	0.0041	0.3444	0.3001	0.0443	0.0795	0.0425	0.0371	0.0083	0.0072	0.0011	0.0713	0.0353	0.0360	3291.4772	16209.8814	478.4812	0.0857	0.0411	inf	4176.1318	1901186.7416	507.2052	0.0003	0.0001	0.0006	0.0003	0.0004	0.0000	0.0003	0.0000	0.0006
120	123	0.5705	11	0	0	2	2	0	0	0	0	N	N	Y	Y	N	N	N	N	N	N	N	N	231726042.3873	inf	676941658.1574	inf	inf	inf	127251518.8093	inf	384832068.4123	5.0078	1.4980	36.8389	6.5298	1.9953	89.6728	4.0162	1.1448	23.1782	0.0000	0.0000	0.0000	0.0000	0.0000	0.0000	0.0000	0.0000	0.0000	2.7115	inf	1.2137	0.0000	9.6158	12.8936	0.0030	4.1514	2.7371	0.7375	1.9996	1.4079	0.4080	1.0000	1.3291	0.3295	0.9996	0.0000	0.0000	0.0000	0.0000	0.0000	0.0000	0.0000	0.0000	0.0000	0.5466	0.4923	0.0543	0.2156	0.2045	0.0112	0.3309	0.2878	0.0431	0.0694	0.0418	0.0276	0.0219	0.0192	0.0027	0.0475	0.0226	0.0249	231726042.3873	inf	676941658.1574	inf	inf	inf	127251518.8093	inf	384832068.4123	0.0000	0.0000	0.0000	0.0000	0.0000	0.0000	0.0000	0.0000	0.0000
120	124	0.0815	4	0	1	1	1	0	0	0	0	N	N	N	N	N	N	N	N	N	N	N	N	10256866.2569	18909256.2390	601.3644	400.1270	377.0480	inf	15808286.6611	inf	619.8256	1.7665	2.0090	0.0001	0.0003	0.0003	0.0000	2.0036	2.3092	0.0001	0.0000	0.0000	0.0000	0.0000	0.0000	0.0000	0.0000	0.0000	0.0000	0.0000	2.2879	-0.2871	0.0000	9.6158	12.7386	0.0030	8.7370	0.9999	0.9999	0.0000	0.0000	0.0000	0.0000	0.9999	0.9999	0.0000	0.0000	0.0000	0.0000	0.0000	0.0000	0.0000	0.0000	0.0000	0.0000	0.5660	0.4977	0.0683	0.0670	0.0647	0.0023	0.4990	0.4330	0.0660	0.1260	0.0621	0.0639	0.0092	0.0080	0.0012	0.1168	0.0541	0.0627	10256866.2569	18909256.2390	601.3644	400.1270	377.0480	inf	15808286.6611	inf	619.8256	0.0000	0.0000	0.0000	0.0000	0.0000	0.0000	0.0000	0.0000	0.0000
120	125	0.0662	3	0	1	1	1	0	0	0	0	N	N	N	N	N	N	N	N	N	N	N	N	188.3106	74.8148	1790.8792	4.2143	3.7199	inf	1105.6305	inf	1815.7586	0.0013	0.0008	0.0043	0.0004	0.0004	0.0000	0.0014	0.0009	0.0044	0.0000	0.0000	0.0000	0.0001	0.0001	0.0000	0.0000	0.0000	0.0000	0.7340	0.2204	0.0001	-0.0000	9.6158	8.6431	0.0030	1.4782	0.0005	0.0003	0.0002	0.0000	0.0000	0.0000	0.0005	0.0003	0.0002	0.0000	0.0000	0.0000	0.0000	0.0000	0.0000	0.0000	0.0000	0.0000	0.4292	0.3757	0.0535	0.0671	0.0655	0.0016	0.3621	0.3102	0.0519	0.0594	0.0294	0.0301	0.0037	0.0032	0.0005	0.0557	0.0262	0.0295	188.3106	74.8148	1790.8792	4.2143	3.7199	inf	1105.6305	inf	1815.7586	0.0000	0.0000	0.0000	0.0001	0.0001	0.0000	0.0000	0.0000	0.0000
120	128	0.5827	12	1	1	1	1	0	0	0	0	N	N	N	N	N	N	N	N	N	N	N	N	0.0000	0.0000	0.0000	0.0000	0.0000	0.0000	0.0000	0.0000	0.0000	0.0000	0.0000	0.0000	0.0000	0.0000	0.0000	0.0000	0.0000	0.0000	0.0000	0.0000	9.6158	2.0107	0.0030	1.9995	0.0000	0.0000	0.0000	0.0000	0.0000	0.0000	0.0000	0.0000	0.0000	0.0000	0.0000	0.0000	0.0000	0.0000	0.0000	0.0000	0.0000	0.0000	0.0800	0.0716	0.0084	0.0294	0.0277	0.0016	0.0506	0.0438	0.0068	0.0155	0.0096	0.0059	0.0053	0.0046	0.0006	0.0102	0.0050	0.0053	0.0000	0.0000	0.0000	0.0000	0.0000	0.0000	0.0000	0.0000	0.0000	0.0000	0.0000	0.0000	0.0000	0.0000	0.0000	0.0000	0.0000	0.0000											
120	129	0.5705	11	1	1	1	1	0	0	0	0	N	N	N	N	N	N	N	N	N	N	N	N	inf	inf	inf	inf	0.0000	0.0000	0.0000	0.0001	0.0001	0.0000	0.0000	0.0000	0.0000	0.0000	0.0000	0.0000	0.0000	0.0000	0.0000	0.0000	0.0000	0.0000	0.0000	-0.0000	0.0000	9.6158	5.6459	0.0030	1.1399	0.0000	0.0000	0.0000	0.0000	0.0000	0.0000	0.0000	0.0000	0.0000	0.0000	0.0000	0.0000	0.0000	0.0000	0.0000	0.0000	0.0000	0.0000	0.2665	0.2414	0.0250	0.1167	0.1111	0.0056	0.1498	0.1304	0.0194	0.0302	0.0180	0.0122	0.0099	0.0088	0.0011	0.0203	0.0092	0.0111	inf	inf	0.0000	inf	inf	0.0000	0.0000	0.0000	0.0000	0.0000	0.0000	0.0000	0.0000	0.0000	0.0000	0.0000	0.0000	0.0000						
120	130	0.5402	10	0	0	1	1	0	0	0	0	N	N	N	N	N	N	N	N	N	N	N	N	10719.6849	26513.1598	14.4259	31651.3265	29914.4979	48.2113	inf	16.8433	0.0671	0.0750	0.0002	0.1593	0.1688	0.0000	0.0003	0.0004	0.0002	0.0000	0.0000	0.0000	0.0000	0.0000	0.0000	0.0000	0.0000	0.0000	0.0003	2.6620	-0.0110	0.0000	9.6158	11.6079	0.0030	5.3766	0.0385	0.0385	0.0000	0.0384	0.0384	0.0000	0.0001	0.0001	0.0000	0.0000	0.0000	0.0000	0.0000	0.0000	0.0000	0.0000	0.0000	0.0000	0.5732	0.5129	0.0603	0.2407	0.2273	0.0134	0.3325	0.2856	0.0469	0.0830	0.0502	0.0328	0.0282	0.0251	0.0030	0.0548	0.0250	0.0298	10719.6849	26513.1598	14.4259	31651.3265	29914.4979	0.0000	48.2113	inf	16.8433	0.0000	0.0000	0.0000	0.0000	0.0000	0.0000	0.0000	0.0000	0.0000	
120	131	0.5223	9	0	0	1	1	0	0	0	0	N	N	N	N	N	N	N	N	N	N	N	N	11088.1993	10624.0996	95.2926	8445.1241	8182.9128	inf	7660.7149	inf	102.4792	0.3503	0.3883	0.0034	0.4364	0.4565	0.0007	0.2942	0.3394	0.0040	0.0000	0.0000	0.0000	0.0001	0.0001	0.0000	0.0000	0.0000	0.0000	0.0010	0.6352	-0.0208	-0.0000	9.6158	3.9355	0.0030	8.7078	0.0727	0.0727	0.0001	0.0357	0.0357	0.0000	0.0370	0.0370	0.0001	0.0000	0.0000	0.0000	0.0000	0.0000	0.0000	0.0000	0.0000	0.0000	0.2077	0.1871	0.0205	0.0818	0.0782	0.0036	0.1259	0.1089	0.0170	0.0844	0.0555	0.0290	0.0315	0.0292	0.0023	0.0529	0.0262	0.0267	11088.1993	13208.9844	95.2926	8445.1241	8182.9128	inf	15007.3162	inf	102.4792	0.0000	0.0000	0.0000	0.0001	0.0001	0.0000	0.0000	0.0000	0.0000
120	132	0.5107	8	0	0	1	1	0	0	0	0	N	N	N	N	N	N	N	N	N	N	N	N	2317.5727	2320.7231	544.4694	1644.1823	1578.8784	inf	1371.8387	331.2984	594.2664	0.2165	0.2357	0.0432	0.2787	0.2915	0.0035	0.1778	0.1973	0.0515	0.0001	0.0001	0.0001	0.0002	0.0002	0.0000	0.0001	0.0006	0.0001	0.0203	0.4539	-0.0186	-0.0000	9.6158	6.2657	0.0030	3.9760	0.0698	0.0684	0.0014	0.0345	0.0344	0.0000	0.0353	0.0339	0.0014	0.0000	0.0000	0.0000	0.0000	0.0000	0.0000	0.0000	0.0000	0.0000	0.3223	0.2902	0.0321	0.1236	0.1181	0.0055	0.1987	0.1721	0.0266	0.0675	0.0427	0.0248	0.0252	0.0231	0.0021	0.0423	0.0196	0.0227	2317.5727	2320.7231	544.4694	1644.1823	1578.8784	inf	3694.6037	57225.1719	594.2664	0.0001	0.0001	0.0001	0.0002	0.0002	0.0000	0.0000	0.0000	0.0001
120	133	0.4334	7	0	0	1	1	0	0	0	0	N	N	N	N	N	N	N	N	N	N	N	N	120.6524	87.1362	114.7920	50.9465	48.7576	304.3388	198.2851	296.3140	127.0382	0.0450	0.0481	0.0188	0.0377	0.0398	0.0003	0.0487	0.0526	0.0225	0.0004	0.0006	0.0002	0.0007	0.0008	0.0000	0.0002	0.0002	0.0002	0.0456	0.2682	-0.0125	-0.0000	9.6158	26.7012	0.0030	18.2690	0.0515	0.0492	0.0022	0.0144	0.0144	0.0000	0.0370	0.0348	0.0022	0.0001	0.0001	0.0000	0.0001	0.0001	0.0000	0.0000	0.0000	0.0000	1.1433	1.0236	0.1197	0.3827	0.3628	0.0200	0.7605	0.6608	0.0997	0.2588	0.1572	0.1015	0.0834	0.0757	0.0077	0.1754	0.0815	0.0938	148.5445	122.2741	114.7920	50.9465	48.7576	304.3388	513.5176	92672.2347	127.0382	0.0003	0.0004	0.0002	0.0007	0.0008	0.0000	0.0001	0.0000	0.0002
120	134	0.1952	6	0	0	1	1	0	0	0	0	N	N	N	N	N	N	N	N	N	N	N	N	3053.5537	1922.5909	870.8873	1.3107	1.1911	54.0614	7892.0115	5023.7173	940.9441	0.4420	0.4909	0.0489	0.0015	0.0016	0.0000	0.5578	0.6300	0.0545	0.0001	0.0003	0.0001	0.0012	0.0014	0.0000	0.0001	0.0001	0.0001	0.0124	0.2282	-0.2785	-0.0000	9.6158	61.4372	0.0030	55.8589	1.0130	1.0006	0.0124	0.0007	0.0007	0.0000	1.0122	0.9998	0.0124	0.0001	0.0001	0.0000	0.0001	0.0001	0.0000	0.0000	0.0000	0.0000	2.2917	2.0383	0.2535	0.4769	0.4511	0.0257	1.8148	1.5871	0.2277	0.5173	0.2697	0.2476	0.0521	0.0448	0.0073	0.4652	0.2249	0.2403	3053.5537	2171.2391	870.8873	1.3107	1.1911	54.0614	18534.2068	1568866.1871	940.9441	0.0001	0.0002	0.0001	0.0012	0.0014	0.0000	0.0000	0.0000	0.0001
120	135	0.1049	5	0	0	1	1	0	0	0	0	N	N	N	N	N	N	N	N	N	N	N	N	9.0405	21.4707	0.0000	15.1482	13.7915	2.5398	8.8977	0.0000	0.0009	0.0010	0.0000	0.0033	0.0035	0.0000	0.0006	0.0007	0.0000	0.0001	0.0000	0.0002	0.0002	0.0003	0.0000	0.0002	0.0001	0.0002	0.0000	3.4013	-0.0003	0.0000	9.6158	31.7621	0.0030	18.5886	0.0011	0.0011	0.0000	0.0005	0.0005	0.0000	0.0006	0.0006	0.0000	0.0000	0.0000	0.0000	0.0000	0.0000	0.0000	0.0000	0.0000	0.0000	1.2415	1.0913	0.1502	0.1472	0.1397	0.0074	1.0943	0.9515	0.1428	0.2669	0.1423	0.1246	0.0272	0.0235	0.0037	0.2398	0.1189	0.1209	9.0405	24.1396	0.0000	15.1482	13.7915	0.0000	6.6498	3047.9206	0.0000	0.0001	0.0000	0.0002	0.0002	0.0003	0.0000	0.0001	0.0000	0.0002	
121	123	0.5561	10	0	0	1	2	0	0	0	0	N	N	N	Y	N	N	N	N	N	N	N	N	22041.2286	4491.6213	717132.7501	167.9896	110.8290	inf	128071.2643	inf	854802.5836	7.9813	3.1613	54.3821	0.1385	0.1017	0.8527	14.4127	5.9068	70.8308	0.0004	0.0007	0.0001	0.0008	0.0009	0.0000	0.0001	0.0000	0.0001	1.7870	0.1093	0.7756	-0.0000	4.2457	12.8936	2.0144	4.1514	2.1907	0.7860	1.4046	0.0171	0.0120	0.0052	2.1735	0.7741	1.3994	0.0000	0.0000	0.0000	0.0000	0.0000	0.0000	0.0000	0.0000	0.0000	0.2745	0.2486	0.0258	0.1237	0.1176	0.0061	0.1508	0.1310	0.0198	0.0522	0.0319	0.0204	0.0171	0.0154	0.0017	0.0351	0.0165	0.0186	26607.0486	7133.5453	717132.7501	167.9896	110.8290	inf	327699.0374	inf	854802.5836	0.0003	0.0004	0.0001	0.0008	0.0009	0.0000	0.0000	0.0000	0.0001
121	124	0.0671	3	0	1	0	1	0	0	0	0	N	N	N	N	N	N	N	N	N	N	N	N	72.6877	10.3026	2378.0485	1.3274	1.2320	24.2368	514.5429	593.3583	2557.2243	0.0283	0.0101	0.1332	0.0034	0.0034	0.0062	0.0335	0.0118	0.1350	0.0004	0.0010	0.0001	0.0026	0.0027	0.0003	0.0001	0.0000	0.0001	2.2860	0.0959	0.0035	-0.0000	4.2457	12.7386	2.0144	8.7370	0.0085	0.0026	0.0059	0.0002	0.0002	0.0000	0.0084	0.0024	0.0059	0.0000	0.0000	0.0000	0.0000	0.0000	0.0000	0.0000	0.0000	0.0000	0.3021	0.2575	0.0446	0.0522	0.0516	0.0006	0.2499	0.2059	0.0440	0.0915	0.0470	0.0445	0.0102	0.0095	0.0007	0.0813	0.0376	0.0438	90.8479	18.2682	2378.0485	1.3274	1.2320	24.2368	1176.6663	221171.7273	2557.2243	0.0003	0.0006	0.0001	0.0026	0.0027	0.0003	0.0000	0.0000	0.0001
121	125	0.0518	2	0	1	0	1	0	0	0	0	N	N	N	N	N	N	N	N	N	N	N	N	181.3573	51.1501	1662.6436	0.2406	0.2249	25.3273	3665.5734	9247.5114	1670.4889	2.7914	3.5025	1.1546	0.0315	0.0315	0.0196	4.1567	6.6225	1.1582	0.0154	0.0685	0.0007	0.1309	0.1402	0.0008	0.0011	0.0007	0.0007	0.1432	0.0785	-0.1847	-0.0001	4.2457	8.6431	2.0144	1.4782	1.1412	0.9983	0.1430	0.0043	0.0043	0.0000	1.1370	0.9940	0.1430	0.0002	0.0002	0.0000	0.0002	0.0002	0.0000	0.0000	0.0000	0.0000	0.4088	0.2850	0.1238	0.1353	0.1349	0.0004	0.2735	0.1501	0.1234	0.0440	0.0226	0.0213	0.0045	0.0042	0.0003	0.0394	0.0184	0.0210	602.6625	419.6169	1662.6436	0.7541	0.7048	25.3273	11169.5917	1324030.4455	1670.4889	0.0046	0.0083	0.0007	0.0418	0.0447	0.0008	0.0004	0.0000	0.0007
121	128	0.5683	11	1	1	0	1	0	0	0	0	N	N	N	N	N	N	N	N	N	N	N	N	0.0000	0.0000	0.0000	0.0000	0.0000	0.0000	0.0000	0.0000	0.0000	0.0000	0.0000	0.0000	0.0000	0.0000	0.0000	0.0000	0.0000	0.0000	0.0000	0.0000	0.0000	0.0000	0.0000	0.0000	0.0000	0.3333	0.0000	-0.0000	4.2457	2.0107	2.0144	1.9995	0.0000	0.0000	0.0000	0.0000	0.0000	0.0000	0.0000	0.0000	0.0000	0.0000	0.0000	0.0000	0.0000	0.0000	0.0000	0.0000	0.0000	0.0000	0.0401	0.0362	0.0039	0.0179	0.0171	0.0009	0.0222	0.0191	0.0030	0.0114	0.0071	0.0043	0.0039	0.0035	0.0004	0.0075	0.0036	0.0038	0.0000	0.0000	0.0000	0.0000	0.0000	0.0000	0.0000	0.0000	0.0000	0.0000	0.0000	0.0000	0.0000	0.0000	0.0000	0.0000	0.0000	0.0000			
121	129	0.5561	10	1	1	0	1	0	0	0	0	N	N	N	N	N	N	N	N	N	N	N	N	146.7258	104.5905	0.0012	145.1981	138.7473	inf	0.0230	inf	0.0000	0.0365	0.0402	0.0000	0.0776	0.0816	0.0000	0.0000	0.0000	0.0000	0.0002	0.0004	0.0002	0.0005	0.0006	0.0000	0.0002	0.0000	0.0002	0.0000	0.3375	-0.0014	-0.0000	4.2457	5.6459	2.0144	1.1399	0.0049	0.0049	0.0000	0.0049	0.0049	0.0000	0.0000	0.0000	0.0000	0.0000	0.0000	0.0000	0.0000	0.0000	0.0000	0.0000	0.0000	0.0000	0.1347	0.1224	0.0123	0.0634	0.0603	0.0031	0.0713	0.0621	0.0092	0.0227	0.0137	0.0090	0.0077	0.0070	0.0007	0.0150	0.0067	0.0083	150.5703	134.1562	0.0012	145.1981	138.7473	inf	0.0596	inf	0.0000	0.0002	0.0003	0.0002	0.0005	0.0006	0.0000	0.0001	0.0000	0.0002
121	130	0.5258	9	0	0	0	1	0	0	0	0	N	N	N	N	N	N	N	N	N	N	N	N	1589.1018	1267.3257	7.3953	33.7992	32.4019	0.1849	5604.7117	139837.6628	9.0893	3.9000	4.3251	0.0053	0.0804	0.0848	0.0000	7.3394	8.5371	0.0070	0.0025	0.0034	0.0007	0.0024	0.0026	0.0001	0.0013	0.0001	0.0008	0.0001	0.3389	-0.3222	-0.0000	4.2457	11.6079	2.0144	5.3766	1.1227	1.1225	0.0001	0.0110	0.0110	0.0000	1.1117	1.1116	0.0001	0.0001	0.0001	0.0000	0.0001	0.0001	0.0000	0.0000	0.0000	0.0000	0.2879	0.2595	0.0283	0.1364	0.1293	0.0071	0.1515	0.1302	0.0213	0.0615	0.0375	0.0240	0.0213	0.0193	0.0020	0.0402	0.0182	0.0220	3544.5685	3211.6328	7.3953	33.7992	32.4019	0.1849	17332.2719	51556325.9264	9.0893	0.0011	0.0013	0.0007	0.0024	0.0026	0.0001	0.0004	0.0000	0.0008
121	131	0.5079	8	0	0	0	1	0	0	0	0	N	N	N	N	N	N	N	N	N	N	N	N	125.6231	58.3499	3.9962	1.1962	1.1061	0.6494	698.3689	2699.2238	5.8847	3.6849	4.0583	0.0203	0.0321	0.0333	0.0005	6.7452	7.8138	0.0250	0.0293	0.0696	0.0051	0.0268	0.0301	0.0008	0.0097	0.0029	0.0042	0.0005	0.2444	-0.1087	-0.0002	4.2457	3.9355	2.0144	8.7078	0.3792	0.3790	0.0002	0.0015	0.0015	0.0000	0.3777	0.3775	0.0002	0.0004	0.0003	0.0001	0.0003	0.0003	0.0000	0.0001	0.0000	0.0001	0.1029	0.0934	0.0095	0.0469	0.0451	0.0018	0.0560	0.0483	0.0077	0.0616	0.0403	0.0213	0.0232	0.0217	0.0015	0.0384	0.0186	0.0198	538.2651	482.7264	5.2074	2.2010	2.1482	0.6494	3109.6069	94188.8300	6.0509	0.0068	0.0084	0.0039	0.0146	0.0155	0.0008	0.0022	0.0001	0.0041
121	132	0.4962	7	0	0	0	1	0	0	0	0	N	N	N	N	N	N	N	N	N	N	N	N	0.0185	0.0157	0.0063	0.0536	0.0535	0.0260	0.0234	0.0145	0.0077	0.0073	0.0081	0.0002	0.0121	0.0126	0.0001	0.0036	0.0041	0.0002	0.3943	0.5120	0.0328	0.2260	0.2359	0.0020	0.1514	0.2814	0.0316	0.0027	0.2699	-0.0003	-0.0006	4.2457	6.2657	2.0144	3.9760	0.0012	0.0011	0.0000	0.0008	0.0008	0.0000	0.0003	0.0003	0.0000	0.0014	0.0011	0.0003	0.0011	0.0011	0.0000	0.0004	0.0001	0.0003	0.1576	0.1427	0.0149	0.0692	0.0664	0.0028	0.0884	0.0763	0.0121	0.0521	0.0326	0.0195	0.0200	0.0186	0.0014	0.0321	0.0140	0.0181	0.2643	0.2312	0.0132	0.2231	0.2171	0.0260	0.3206	1.0937	0.0146	0.0277	0.0348	0.0157	0.0543	0.0582	0.0020	0.0111	0.0037	0.0167
121	133	0.4189	6	0	0	0	1	0	0	0	0	N	N	N	N	N	N	N	N	N	N	N	N	0.0006	0.0005	0.0021	0.0010	0.0010	0.0042	0.0002	0.0017	0.0026	0.0004	0.0004	0.0001	0.0009	0.0009	0.0001	0.0001	0.0000	0.0002	0.6773	0.8342	0.0687	0.9325	0.9614	0.0263	0.2490	0.0232	0.0583	0.0377	0.1870	-0.0001	-0.0066	4.2457	26.7012	2.0144	18.2690	0.0002	0.0002	0.0000	0.0002	0.0002	0.0000	0.0000	0.0000	0.0000	0.0139	0.0117	0.0022	0.0118	0.0117	0.0001	0.0021	0.0000	0.0021	0.5632	0.5076	0.0556	0.2250	0.2145	0.0105	0.3382	0.2931	0.0452	0.1953	0.1188	0.0765	0.0657	0.0606	0.0051	0.1296	0.0582	0.0714	0.0055	0.0042	0.0050	0.0050	0.0048	0.0045	0.0034	0.0527	0.0052	0.0713	0.0988	0.0287	0.1798	0.1929	0.0249	0.0163	0.0008	0.0290
121	134	0.1808	5	0	0	0	1	0	0	0	0	N	N	N	N	N	N	N	N	N	N	N	N	0.0026	0.0022	0.0114	0.0008	0.0008	0.0280	0.0068	0.0027	0.0135	0.0016	0.0017	0.0004	0.0010	0.0011	0.0001	0.0018	0.0020	0.0005	0.6003	0.7767	0.0357	1.2988	1.3492	0.0031	0.2612	0.7253	0.0336	0.0280	0.1721	-0.0005	-0.0101	4.2457	61.4372	2.0144	55.8589	0.0018	0.0017	0.0000	0.0003	0.0003	0.0000	0.0014	0.0014	0.0000	0.0210	0.0180	0.0031	0.0154	0.0153	0.0000	0.0057	0.0026	0.0031	1.1293	1.0113	0.1180	0.3215	0.3066	0.0149	0.8078	0.7047	0.1031	0.3894	0.2100	0.1794	0.0548	0.0503	0.0045	0.3347	0.1597	0.1750	0.0290	0.0199	0.0237	0.0037	0.0036	0.0280	0.1046	0.1205	0.0259	0.0540	0.0855	0.0172	0.2804	0.3050	0.0031	0.0170	0.0164	0.0176
121	135	0.0905	4	0	0	0	1	0	0	0	0	N	N	N	N	N	N	N	N	N	N	N	N	1.6904	8.5443	0.0286	0.6406	0.6205	0.0228	1.9747	65.4979	0.0327	0.5731	0.6646	0.0034	0.0622	0.0633	0.0003	0.6690	0.7967	0.0034	0.3390	0.0778	0.1177	0.0971	0.1021	0.0141	0.3388	0.0122	0.1051	0.0008	3.7012	-0.1093	0.0007	4.2457	31.7621	2.0144	18.5886	0.3819	0.3816	0.0003	0.0066	0.0066	0.0000	0.3753	0.3750	0.0003	0.0045	0.0010	0.0035	0.0009	0.0009	0.0000	0.0035	0.0000	0.0035	0.6664	0.5742	0.0922	0.1053	0.1034	0.0019	0.5610	0.4707	0.0903	0.1983	0.1089	0.0894	0.0269	0.0247	0.0023	0.1714	0.0842	0.0872	25.3151	75.7615	0.0853	1.7678	1.7057	0.0228	32.3724	1725.9106	0.0854	0.0226	0.0088	0.0395	0.0352	0.0371	0.0141	0.0207	0.0005	0.0402
122	123	0.5464	9	0	0	1	2	0	0	0	0	N	N	N	Y	N	N	N	N	N	N	N	N	87.9254	30.2418	851.4276	52.3697	46.4068	inf	37.5603	0.9128	929.2202	0.0084	0.0037	0.0523	0.0028	0.0029	0.0014	0.0119	0.0042	0.0634	0.0001	0.0001	0.0001	0.0001	0.0001	0.0000	0.0003	0.0046	0.0001	1.5640	0.3528	0.0019	-0.0000	11.9190	12.8936	13.1740	4.1514	0.0059	0.0023	0.0036	0.0007	0.0007	0.0000	0.0051	0.0016	0.0036	0.0000	0.0000	0.0000	0.0000	0.0000	0.0000	0.0000	0.0000	0.0000	0.6935	0.6251	0.0683	0.2612	0.2490	0.0123	0.4322	0.3761	0.0561	0.1820	0.1078	0.0742	0.0548	0.0474	0.0074	0.1272	0.0604	0.0668	87.9254	30.4715	851.4276	52.3697	46.4068	inf	103.6280	25.2394	929.2202	0.0001	0.0001	0.0001	0.0001	0.0001	0.0000	0.0001	0.0002	0.0001
122	124	0.0574	2	0	1	0	1	0	0	0	0	N	N	N	N	N	N	N	N	N	N	N	N	4.2595	0.7285	1764.5519	0.8050	0.8219	0.2471	300.2648	0.0310	1809.3531	0.7652	0.3398	2.1587	1.2247	1.2287	0.0037	0.6412	0.0000	2.1651	0.1797	0.4664	0.0012	1.5214	1.4949	0.0150	0.0021	0.0003	0.0012	1.9398	0.0448	0.2826	-0.0028	11.9190	12.7386	13.1740	8.7370	0.7583	0.2579	0.5003	0.2579	0.2579	0.0000	0.5003	0.0000	0.5003	0.0048	0.0046	0.0002	0.0046	0.0046	0.0000	0.0002	0.0000	0.0002	0.9909	0.7591	0.2318	0.2106	0.2099	0.0007	0.7803	0.5492	0.2311	0.3268	0.1585	0.1684	0.0127	0.0124	0.0003	0.3141	0.1460	0.1681	52.1067	11.7201	1764.5519	3.3941	3.3215	0.2471	1000.7812	8.3715	1809.3531	0.0147	0.0290	0.0012	0.3608	0.3699	0.0150	0.0006	0.0000	0.0012
122	128	0.5587	10	1	1	0	1	0	0	0	0	N	N	N	N	N	N	N	N	N	N	N	N	0.2139	0.3839	0.0000	0.4355	0.4489	0.0000	0.0000	0.0000	0.0000	0.0000	0.0000	0.0000	0.0000	0.0000	0.0000	0.0000	0.0000	0.0000	0.0000	0.0000	0.0000	0.0000	0.0000	0.0000	0.0000	0.0000	1.6591	-0.0000	-0.0000	11.9190	2.0107	13.1740	1.9995	0.0000	0.0000	0.0000	0.0000	0.0000	0.0000	0.0000	0.0000	0.0000	0.0000	0.0000	0.0000	0.0000	0.0000	0.0000	0.0000	0.0000	0.0000	0.1015	0.0910	0.0105	0.0378	0.0359	0.0019	0.0637	0.0551	0.0086	0.0403	0.0244	0.0159	0.0131	0.0113	0.0018	0.0273	0.0131	0.0141	0.2139	0.3839	0.0000	0.4355	0.4489	0.0000	0.0000	0.0000	0.0000	0.0000	0.0000	0.0000	0.0000	0.0000	0.0000	0.0000	0.0000	0.0000		
122	129	0.5464	9	1	1	0	1	0	0	0	0	N	N	N	N	N	N	N	N	N	N	N	N	1.4202	2.2307	0.0000	2.6973	2.4781	0.0000	0.0000	0.0001	0.0002	0.0000	0.0003	0.0004	0.0000	0.0000	0.0000	0.0000	0.0001	0.0001	0.0001	0.0001	0.0001	0.0000	0.0002	0.0000	0.0002	0.0000	1.4297	-0.0000	-0.0000	11.9190	5.6459	13.1740	1.1399	0.0000	0.0000	0.0000	0.0000	0.0000	0.0000	0.0000	0.0000	0.0000	0.0000	0.0000	0.0000	0.0000	0.0000	0.0000	0.0000	0.0000	0.0000	0.3402	0.3083	0.0319	0.1370	0.1311	0.0059	0.2032	0.1772	0.0260	0.0793	0.0467	0.0326	0.0250	0.0219	0.0030	0.0543	0.0248	0.0296	1.4202	2.2422	0.0000	2.6973	2.4781	0.0000	0.0000	0.0000	0.0000	0.0001	0.0001	0.0001	0.0001	0.0001	0.0000	0.0001	0.0000	0.0002		
122	130	0.5161	8	0	0	0	1	0	0	0	0	N	N	N	N	N	N	N	N	N	N	N	N	0.0288	0.0154	0.0629	0.0344	0.0326	0.0037	0.5944	2.2697	0.1299	0.0049	0.0054	0.0004	0.0042	0.0045	0.0000	0.0053	0.0061	0.0005	0.1697	0.3503	0.0062	0.1230	0.1363	0.0118	0.0090	0.0027	0.0037	0.0083	0.1452	-0.0010	-0.0015	11.9190	11.6079	13.1740	5.3766	0.0036	0.0036	0.0000	0.0013	0.0013	0.0000	0.0023	0.0023	0.0000	0.0031	0.0027	0.0004	0.0027	0.0027	0.0001	0.0003	0.0000	0.0003	0.7330	0.6579	0.0751	0.3011	0.2859	0.0152	0.4319	0.3720	0.0599	0.2161	0.1284	0.0877	0.0680	0.0603	0.0077	0.1481	0.0681	0.0800	0.3462	0.2603	0.0890	0.1046	0.1010	0.0037	2.6240	80.5951	0.1299	0.0141	0.0207	0.0044	0.0404	0.0441	0.0118	0.0020	0.0001	0.0037
122	131	0.4982	7	0	0	0	1	0	0	0	0	N	N	N	N	N	N	N	N	N	N	N	N	0.0348	0.0584	0.1679	0.2588	0.3511	0.0111	0.0302	0.0168	0.2410	0.0168	0.0096	0.0762	0.0149	0.0154	0.0020	0.0180	0.0053	0.0882	0.4827	0.1644	0.4538	0.0576	0.0439	0.1765	0.5963	0.3169	0.3661	0.9586	3.6421	0.0009	0.0012	11.9190	3.9355	13.1740	8.7078	0.0045	0.0023	0.0022	0.0016	0.0016	0.0000	0.0029	0.0007	0.0022	0.0080	0.0017	0.0063	0.0020	0.0014	0.0005	0.0060	0.0003	0.0057	0.2688	0.2398	0.0290	0.1057	0.1017	0.0040	0.1631	0.1381	0.0249	0.2184	0.1414	0.0770	0.0773	0.0715	0.0058	0.1411	0.0699	0.0712	0.4587	0.7889	0.9360	0.5908	0.7766	0.0215	0.4204	1.2355	1.0946	0.0366	0.0122	0.0814	0.0252	0.0199	0.0913	0.0428	0.0043	0.0806
122	132	0.4866	6	0	0	0	1	0	0	0	0	N	N	N	N	N	N	N	N	N	N	N	N	0.0196	0.0114	0.1053	0.0365	0.0434	0.0041	0.0163	0.0003	0.1621	0.0130	0.0069	0.0636	0.0160	0.0166	0.0012	0.0112	0.0002	0.0736	0.6611	0.6046	0.6038	0.4375	0.3819	0.2827	0.6865	0.7459	0.4541	1.1125	1.1537	0.0013	-0.0011	11.9190	6.2657	13.1740	3.9760	0.0054	0.0025	0.0028	0.0025	0.0025	0.0000	0.0029	0.0000	0.0028	0.0117	0.0055	0.0063	0.0052	0.0045	0.0007	0.0065	0.0009	0.0056	0.4137	0.3691	0.0445	0.1571	0.1509	0.0062	0.2566	0.2182	0.0383	0.1756	0.1097	0.0659	0.0623	0.0570	0.0053	0.1133	0.0527	0.0606	0.1941	0.1385	0.6656	0.1902	0.2080	0.0090	0.1939	0.0114	0.7958	0.0669	0.0497	0.0955	0.0839	0.0796	0.1297	0.0576	0.0174	0.0925
122	133	0.4093	5	0	0	0	1	0	0	0	0	N	N	N	N	N	N	N	N	N	N	N	N	0.0046	0.0047	0.0061	0.0108	0.0283	0.0001	0.0032	0.0003	0.0065	0.0070	0.0031	0.0404	0.0079	0.0083	0.0004	0.0065	0.0003	0.0473	1.5171	0.6519	6.6131	0.7294	0.2920	5.2803	2.0116	1.0822	7.2307	1.5337	40.0033	0.0032	0.3318	11.9190	26.7012	13.1740	18.2690	0.0100	0.0040	0.0061	0.0037	0.0037	0.0000	0.0063	0.0003	0.0061	0.9554	0.0233	0.9321	0.0262	0.0118	0.0144	0.9292	0.0115	0.9177	1.4391	1.2887	0.1504	0.4706	0.4485	0.0221	0.9685	0.8401	0.1283	0.6784	0.4056	0.2728	0.1949	0.1783	0.0167	0.4835	0.2273	0.2561	0.0050	0.0535	0.0118	0.0587	0.1244	0.0004	0.0034	0.0060	0.0132	1.4083	0.0574	3.4166	0.1345	0.0665	0.8618	1.9219	0.0504	3.5829
122	134	0.1712	4	0	0	0	1	0	0	0	0	N	N	N	N	N	N	N	N	N	N	N	N	0.2382	0.1931	0.0004	0.2597	0.2512	0.0014	0.1600	0.1315	0.0005	0.6206	0.6980	0.0018	1.6192	1.6970	0.0000	0.3757	0.4302	0.0020	2.6049	3.6138	4.1264	6.2353	6.7550	0.0239	2.3483	3.2720	4.2859	0.0003	0.3988	-0.5115	-1.2183	11.9190	61.4372	13.1740	55.8589	1.7836	1.7830	0.0006	0.9165	0.9165	0.0000	0.8671	0.8665	0.0006	3.5492	2.5374	1.0118	0.5610	0.5608	0.0002	2.9882	1.9766	1.0117	2.8739	2.5544	0.3195	0.5660	0.5400	0.0259	2.3079	2.0143	0.2936	1.3625	0.7021	0.6604	0.0900	0.0830	0.0069	1.2725	0.6191	0.6534	0.2382	0.1931	0.0012	0.2597	0.2512	0.0014	0.1600	0.1347	0.0013	2.6049	3.6138	1.5322	6.2353	6.7550	0.0232	2.3483	3.1926	1.5483
122	135	0.0808	3	0	0	0	1	0	0	0	0	N	N	N	N	N	N	N	N	N	N	N	N	0.3696	0.6495	0.4817	28.7739	111.4259	0.0140	0.3191	0.1956	0.4711	0.8739	0.3436	4.3910	1.6414	1.6741	0.0073	0.8001	0.1974	4.4495	2.3645	0.5290	9.1149	0.0570	0.0150	0.5178	2.5073	1.0091	9.4457	1.9270	118.6891	0.5208	0.6014	11.9190	31.7621	13.1740	18.5886	1.4029	0.4793	0.9236	0.2312	0.2312	0.0000	1.1717	0.2481	0.9236	1.6555	0.0138	1.6417	0.0010	0.0003	0.0007	1.6545	0.0135	1.6410	1.6053	1.3950	0.2103	0.1409	0.1381	0.0028	1.4644	1.2569	0.2076	0.7002	0.3637	0.3365	0.0403	0.0369	0.0034	0.6599	0.3268	0.3331	0.3696	9.0341	0.9000	65.7551	177.7245	0.0375	0.3191	4.7840	0.9032	2.3645	0.0380	4.8789	0.0250	0.0094	0.1941	2.5073	0.0413	4.9266
123	124	0.5508	10	0	1	1	1	0	0	0	0	N	N	N	N	N	N	N	N	N	N	N	N	7376.6963	3716.4298	0.0000	6406.3959	5896.7679	73098.1576	292.9114	0.0000	1.4467	1.6124	0.0000	4.0755	4.3055	0.0000	0.0027	0.0032	0.0000	0.0002	0.0004	0.0000	0.0006	0.0007	0.0000	0.0000	0.0000	0.0000	0.0000	0.0001	-0.2875	-0.0000	12.8936	12.7386	4.1514	8.7370	1.0012	1.0012	0.0000	0.9999	0.9999	0.0000	0.0012	0.0012	0.0000	0.0000	0.0000	0.0000	0.0000	0.0000	0.0000	0.0000	0.0000	0.0000	0.6921	0.6209	0.0711	0.2454	0.2322	0.0131	0.4467	0.3887	0.0580	0.1580	0.0942	0.0638	0.0487	0.0424	0.0063	0.1093	0.0518	0.0575	7376.6963	4902.3283	0.0000	6406.3959	5896.7679	0.0000	73098.1576	116530.5037	0.0000	0.0002	0.0003	0.0000	0.0006	0.0007	0.0000	0.0000	0.0000	0.0000	
123	125	0.5355	9	0	1	1	1	0	0	0	0	N	N	N	N	N	N	N	N	N	N	N	N	1476.3195	1283.6782	0.2852	451.8104	407.4344	10.5790	812.2929	76.3212	0.3054	0.9931	1.0994	0.0001	0.0573	0.0600	0.0000	1.5999	1.8387	0.0001	0.0007	0.0009	0.0004	0.0001	0.0001	0.0000	0.0020	0.0241	0.0004	0.0000	0.4954	-0.1500	-0.0000	12.8936	8.6431	4.1514	1.4782	0.5225	0.5225	0.0000	0.0119	0.0119	0.0000	0.5107	0.5107	0.0000	0.0000	0.0000	0.0000	0.0000	0.0000	0.0000	0.0000	0.0000	0.0000	0.5262	0.4753	0.0509	0.2070	0.1976	0.0094	0.3192	0.2777	0.0415	0.0773	0.0457	0.0316	0.0239	0.0206	0.0034	0.0533	0.0251	0.0282	2228.0868	2181.4809	0.2852	451.8104	407.4344	10.5790	2717.9163	2311.3049	0.3054	0.0004	0.0005	0.0004	0.0001	0.0001	0.0000	0.0006	0.0008	0.0004
123	126	0.5260	8	0	0	1	1	0	0	0	0	N	N	N	N	N	N	N	N	N	N	N	N	4.7086	2.7908	0.0165	0.2362	0.1682	104.4589	10.5784	74.0304	0.0000	0.0024	0.0027	0.0000	0.0001	0.0002	0.0000	0.0038	0.0043	0.0000	0.0005	0.0010	0.0002	0.0006	0.0009	0.0000	0.0004	0.0001	0.0002	0.0001	0.2072	-0.0002	-0.0000	12.8936	4.1618	4.1514	2.0491	0.0007	0.0007	0.0000	0.0000	0.0000	0.0000	0.0007	0.0007	0.0000	0.0000	0.0000	0.0000	0.0000	0.0000	0.0000	0.0000	0.0000	0.0000	0.2850	0.2573	0.0277	0.1062	0.1020	0.0041	0.1788	0.1553	0.0236	0.0700	0.0404	0.0296	0.0356	0.0244	0.0111	0.0345	0.0160	0.0185	6.4075	4.9454	0.0165	0.2362	0.1682	104.4589	28.6141	27633.5504	0.0000	0.0004	0.0005	0.0002	0.0006	0.0009	0.0000	0.0001	0.0000	0.0002
123	127	0.4968	7	0	0	1	1	0	0	0	0	N	N	N	N	N	N	N	N	N	N	N	N	0.0000	0.0001	0.0000	0.0003	0.0002	0.0000	0.0000	0.0000	0.0000	0.0000	0.0000	0.0000	0.0000	0.0000	0.0000	0.0000	0.0000	0.0000	0.0327	0.0026	0.0365	0.0017	0.0019	0.0000	0.1145	0.0107	0.0369	0.0000	9.2489	-0.0000	0.0003	12.8936	9.4810	4.1514	7.4917	0.0000	0.0000	0.0000	0.0000	0.0000	0.0000	0.0000	0.0000	0.0000	0.0010	0.0001	0.0009	0.0001	0.0001	0.0000	0.0010	0.0000	0.0009	0.5095	0.4559	0.0536	0.1638	0.1553	0.0086	0.3457	0.3006	0.0451	0.1459	0.0927	0.0532	0.0478	0.0429	0.0049	0.0981	0.0498	0.0483	0.0000	0.0001	0.0000	0.0003	0.0002	0.0000	0.0000	0.0000	0.0000	0.0071	0.0011	0.0176	0.0017	0.0019	0.0000	0.0098	0.0004	0.0194
123	128	0.0435	2	1	1	1	1	0	0	0	0	N	N	N	N	N	N	N	N	N	N	N	N	56.7492	4848.7841	0.0000	6759.2651	6902.0133	0.0000	0.0000	0.0000	0.0626	0.0720	0.0000	1.3416	1.3670	0.0000	0.0000	0.0000	0.0000	0.0011	0.0000	0.0012	0.0002	0.0002	0.0003	0.0022	0.0000	0.0012	0.0000	99.8234	-0.0021	0.0000	12.8936	2.0107	4.1514	1.9995	0.0072	0.0072	0.0000	0.0072	0.0072	0.0000	0.0000	0.0000	0.0000	0.0000	0.0000	0.0000	0.0000	0.0000	0.0000	0.0000	0.0000	0.0000	0.1149	0.0999	0.0149	0.0054	0.0053	0.0001	0.1095	0.0947	0.0148	0.0481	0.0230	0.0251	0.0015	0.0015	0.0000	0.0466	0.0215	0.0251	98.8940	5476.2024	0.0000	6759.2651	6902.0133	0.0000	0.0000	0.0000	0.0000	0.0006	0.0000	0.0012	0.0002	0.0002	0.0003	0.0006	0.0000	0.0012	
124	128	0.5680	11	1	2	0	0	0	0	0	0	N	Y	N	N	N	N	N	N	N	N	N	N	29009.3710	13887.1137	0.0000	0.0000	182407586.8401	288029.8991	9.6024	10.7378	0.0000	0.0000	0.0000	0.0000	14.6778	16.9559	0.0000	0.0003	0.0008	0.0000	0.0008	0.0010	0.0000	0.0000	0.0001	0.0000	0.0000	0.0000	-0.2870	-0.0000	12.7386	2.0107	8.7370	1.9995	0.9996	0.9996	0.0000	0.0000	0.0000	0.0000	0.9996	0.9996	0.0000	0.0000	0.0000	0.0000	0.0000	0.0000	0.0000	0.0000	0.0000	0.0000	0.1041	0.0931	0.0110	0.0360	0.0341	0.0019	0.0681	0.0590	0.0091	0.0353	0.0216	0.0138	0.0117	0.0102	0.0015	0.0236	0.0114	0.0122	34080.4950	23255.8557	0.0000	0.0000	0.0000	0.0000	182407586.8401	107042376.1773	0.0000	0.0003	0.0005	0.0000	0.0008	0.0010	0.0000	0.0000	0.0000	0.0000			
124	129	0.5558	10	1	2	0	0	0	0	0	0	N	Y	N	N	N	N	N	N	N	N	N	N	1.1169	0.5334	0.0000	0.0000	0.0000	1.1754	0.0639	0.0000	0.0004	0.0005	0.0000	0.0000	0.0000	0.0000	0.0007	0.0008	0.0000	0.0004	0.0009	0.0000	0.0005	0.0006	0.0000	0.0006	0.0124	0.0000	0.0000	0.0009	-0.0000	-0.0000	12.7386	5.6459	8.7370	1.1399	0.0001	0.0001	0.0000	0.0000	0.0000	0.0000	0.0001	0.0001	0.0000	0.0000	0.0000	0.0000	0.0000	0.0000	0.0000	0.0000	0.0000	0.0000	0.3298	0.2966	0.0332	0.1273	0.1202	0.0070	0.2025	0.1763	0.0262	0.0683	0.0403	0.0280	0.0219	0.0193	0.0025	0.0465	0.0210	0.0254	1.3853	0.9103	0.0000	0.0000	0.0000	0.0000	3.2257	1.6795	0.0000	0.0003	0.0005	0.0000	0.0005	0.0006	0.0000	0.0002	0.0005	0.0000	
124	130	0.5254	9	0	1	0	0	0	0	0	0	N	N	N	N	N	N	N	N	N	N	N	N	0.7072	0.4516	0.0373	0.8042	0.7131	0.0806	1.6278	12.2522	0.0423	0.0035	0.0039	0.0000	0.0051	0.0053	0.0000	0.0025	0.0029	0.0000	0.0050	0.0087	0.0008	0.0063	0.0075	0.0000	0.0016	0.0002	0.0009	0.0009	0.2081	-0.0008	-0.0002	12.7386	11.6079	8.7370	5.3766	0.0027	0.0027	0.0000	0.0015	0.0015	0.0000	0.0012	0.0012	0.0000	0.0004	0.0003	0.0001	0.0003	0.0003	0.0000	0.0001	0.0000	0.0001	0.7556	0.6772	0.0784	0.2975	0.2821	0.0154	0.4581	0.3952	0.0629	0.1872	0.1120	0.0753	0.0604	0.0539	0.0065	0.1268	0.0581	0.0688	1.8230	1.4680	0.0373	1.0165	0.9570	0.0806	5.1643	3649.4285	0.0423	0.0019	0.0027	0.0008	0.0050	0.0056	0.0000	0.0005	0.0000	0.0009
124	131	0.5076	8	0	1	0	0	0	0	0	0	N	N	N	N	N	N	N	N	N	N	N	N	0.1368	0.8264	0.1460	2.7437	3.0862	0.0117	0.0486	0.0319	0.1764	0.0078	0.0080	0.0062	0.0058	0.0060	0.0000	0.0090	0.0093	0.0073	0.0571	0.0097	0.0425	0.0021	0.0020	0.0042	0.1851	0.2903	0.0413	0.0861	3.8849	-0.0004	0.0003	12.7386	3.9355	8.7370	8.7078	0.0021	0.0019	0.0002	0.0006	0.0006	0.0000	0.0015	0.0014	0.0002	0.0018	0.0004	0.0014	0.0001	0.0001	0.0000	0.0016	0.0002	0.0014	0.2697	0.2428	0.0269	0.1000	0.0960	0.0040	0.1697	0.1468	0.0229	0.1936	0.1253	0.0684	0.0703	0.0654	0.0049	0.1233	0.0598	0.0635	0.8633	2.7898	0.3045	2.7437	3.0862	0.0117	0.6915	2.4033	0.3371	0.0090	0.0029	0.0204	0.0021	0.0020	0.0042	0.0130	0.0039	0.0216
124	132	0.4959	7	0	1	0	0	0	0	0	0	N	N	N	N	N	N	N	N	N	N	N	N	0.0016	0.0038	0.0005	0.0044	0.0052	0.0004	0.0017	0.0125	0.0005	0.0017	0.0017	0.0016	0.0008	0.0008	0.0000	0.0022	0.0022	0.0019	1.0487	0.4356	3.5710	0.1789	0.1582	0.0863	1.2892	0.1765	3.7574	0.1090	22.7513	-0.0001	0.0203	12.7386	6.2657	8.7370	3.9760	0.0007	0.0006	0.0001	0.0001	0.0001	0.0000	0.0006	0.0005	0.0001	0.0615	0.0026	0.0589	0.0027	0.0025	0.0003	0.0587	0.0001	0.0586	0.4183	0.3763	0.0420	0.1505	0.1443	0.0062	0.2678	0.2319	0.0359	0.1563	0.0975	0.0588	0.0570	0.0525	0.0045	0.0993	0.0450	0.0543	0.0042	0.0630	0.0016	0.0164	0.0174	0.0006	0.0037	0.8877	0.0018	0.3932	0.0265	1.0017	0.0479	0.0472	0.0569	0.5913	0.0025	1.0797
124	133	0.4186	6	0	1	0	0	0	0	0	0	N	N	N	N	N	N	N	N	N	N	N	N	0.0029	0.0019	0.0037	0.0025	0.0009	0.4994	0.0022	0.0020	0.0010	0.0029	0.0021	0.0100	0.0041	0.0016	0.0546	0.0024	0.0024	0.0027	1.0057	1.1423	2.6679	1.6508	1.6680	0.1092	1.1120	1.2093	2.7124	0.5537	1.2329	0.0003	-0.0157	12.7386	26.7012	8.7370	18.2690	0.0044	0.0028	0.0016	0.0019	0.0007	0.0012	0.0025	0.0021	0.0004	0.2058	0.0922	0.1136	0.0802	0.0793	0.0010	0.1256	0.0129	0.1127	1.4803	1.3243	0.1560	0.4533	0.4315	0.0218	1.0270	0.8928	0.1342	0.6248	0.3717	0.2532	0.1919	0.1777	0.0142	0.4329	0.1939	0.2390	0.0089	0.0085	0.0222	0.0098	0.0035	0.8148	0.0084	0.0358	0.0057	0.3294	0.2480	0.4489	0.4179	0.4459	0.0670	0.2902	0.0666	0.4716
124	134	0.1805	5	0	1	0	0	0	0	0	0	N	N	N	N	N	N	N	N	N	N	N	N	0.2253	0.2443	0.3266	0.2259	0.2288	0.2137	0.2344	0.1865	0.3406	0.7210	0.4322	3.0103	0.2666	0.2796	0.0029	0.8152	0.4667	3.2429	3.1998	1.7691	9.2166	1.1800	1.2216	0.0138	3.4778	2.5022	9.5205	0.8788	2.8325	0.3849	0.4273	12.7386	61.4372	8.7370	55.8589	2.1312	1.1343	0.9969	0.1353	0.1352	0.0001	1.9960	0.9992	0.9968	3.8591	1.0069	2.8521	0.0256	0.0255	0.0001	3.8335	0.9815	2.8520	2.9558	2.6246	0.3312	0.5074	0.4836	0.0238	2.4484	2.1411	0.3074	1.2060	0.6256	0.5805	0.1038	0.0968	0.0070	1.1023	0.5288	0.5735	0.2253	0.2685	0.6127	1.0821	1.0624	0.2137	0.2344	0.2514	0.6521	3.1998	1.6096	4.9135	0.2464	0.2631	0.0138	3.4778	1.8561	4.9731
124	135	0.0901	4	0	1	0	0	0	0	0	0	N	N	N	N	N	N	N	N	N	N	N	N	0.2387	0.1116	0.0402	0.0102	0.0128	0.0000	0.8206	0.4901	0.0884	0.0101	0.0114	0.0004	0.0036	0.0037	0.0000	0.0106	0.0121	0.0004	0.0421	0.1024	0.0095	0.3529	0.2915	0.3445	0.0129	0.0248	0.0044	0.0047	0.5564	-0.0046	-0.0013	12.7386	31.7621	8.7370	18.5886	0.0161	0.0161	0.0001	0.0005	0.0005	0.0000	0.0157	0.0156	0.0001	0.0049	0.0031	0.0017	0.0034	0.0029	0.0005	0.0015	0.0002	0.0012	1.6031	1.4051	0.1980	0.1247	0.1205	0.0041	1.4785	1.2846	0.1939	0.6168	0.3226	0.2942	0.0474	0.0439	0.0035	0.5694	0.2787	0.2907	1.2690	1.1732	0.0641	0.0499	0.0562	0.0000	4.1325	15.0666	0.0914	0.0079	0.0097	0.0059	0.0723	0.0664	0.1467	0.0026	0.0008	0.0043
125	128	0.5318	10	1	2	0	0	0	0	0	0	N	Y	N	N	N	N	N	N	N	N	N	N	733.4290	623.5865	0.0000	0.0170	0.0154	3968.7092	inf	0.0000	0.0038	0.0042	0.0000	0.0000	0.0000	0.0000	0.0062	0.0071	0.0000	0.0000	0.0000	0.0000	0.0000	0.0000	0.0000	0.0000	0.0000	0.0000	0.0000	0.2644	-0.0001	-0.0000	8.6431	2.0107	1.4782	1.9995	0.0003	0.0003	0.0000	0.0000	0.0000	0.0000	0.0003	0.0003	0.0000	0.0000	0.0000	0.0000	0.0000	0.0000	0.0000	0.0000	0.0000	0.0000	0.0772	0.0694	0.0078	0.0302	0.0288	0.0014	0.0471	0.0407	0.0064	0.0171	0.0103	0.0068	0.0057	0.0049	0.0008	0.0114	0.0055	0.0059	733.4290	623.5865	0.0000	0.0170	0.0154	0.0000	3968.7092	inf	0.0000	0.0000	0.0000	0.0000	0.0000	0.0000	0.0000	0.0000	0.0000	0.0000	
125	129	0.5196	9	1	2	0	0	0	0	0	0	N	Y	N	N	N	N	N	N	N	N	N	N	0.1862	0.8206	0.0000	0.9996	0.9133	0.0002	0.0004	0.0000	0.0001	0.0001	0.0000	0.0003	0.0003	0.0000	0.0000	0.0000	0.0000	0.0006	0.0002	0.0008	0.0003	0.0003	0.0000	0.0016	0.0008	0.0009	0.0000	3.6702	-0.0000	0.0000	8.6431	5.6459	1.4782	1.1399	0.0000	0.0000	0.0000	0.0000	0.0000	0.0000	0.0000	0.0000	0.0000	0.0000	0.0000	0.0000	0.0000	0.0000	0.0000	0.0000	0.0000	0.0000	0.2574	0.2337	0.0238	0.1074	0.1029	0.0046	0.1500	0.1308	0.0192	0.0337	0.0198	0.0139	0.0109	0.0095	0.0014	0.0228	0.0103	0.0125	0.2713	0.8206	0.0000	0.9996	0.9133	0.0000	0.0005	0.0507	0.0000	0.0004	0.0002	0.0008	0.0003	0.0003	0.0000	0.0005	0.0000	0.0009	
125	130	0.4893	8	0	1	0	0	0	0	0	0	N	N	N	N	N	N	N	N	N	N	N	N	65.7151	120.1305	1.4233	0.6061	0.5360	0.1470	68.2613	2636.6029	1.9644	0.8786	0.9753	0.0151	0.0034	0.0036	0.0001	1.5236	1.7665	0.0190	0.0134	0.0081	0.0106	0.0056	0.0067	0.0005	0.0223	0.0007	0.0096	0.0017	1.8080	-0.1388	0.0000	8.6431	11.6079	1.4782	5.3766	0.4863	0.4854	0.0008	0.0008	0.0008	0.0000	0.4855	0.4846	0.0008	0.0004	0.0001	0.0002	0.0001	0.0001	0.0000	0.0002	0.0000	0.0002	0.5534	0.4977	0.0558	0.2348	0.2234	0.0115	0.3186	0.2743	0.0443	0.0919	0.0545	0.0374	0.0296	0.0261	0.0035	0.0623	0.0283	0.0340	211.3608	390.5556	2.2930	0.7353	0.6909	0.1470	388.4479	405032.6807	2.6361	0.0042	0.0025	0.0066	0.0047	0.0052	0.0005	0.0039	0.0000	0.0072
125	131	0.4714	7	0	1	0	0	0	0	0	0	N	N	N	N	N	N	N	N	N	N	N	N	0.3467	0.2175	4.1170	0.8132	0.7341	4.4177	0.3709	0.4452	5.0580	0.0197	0.0100	0.0989	0.0177	0.0183	0.0026	0.0211	0.0034	0.1142	0.0568	0.0459	0.0240	0.0218	0.0249	0.0006	0.0568	0.0077	0.0226	1.2132	0.9428	0.0011	-0.0001	8.6431	3.9355	1.4782	8.7078	0.0040	0.0018	0.0022	0.0015	0.0015	0.0000	0.0026	0.0004	0.0022	0.0008	0.0004	0.0004	0.0004	0.0004	0.0000	0.0004	0.0000	0.0004	0.2045	0.1822	0.0223	0.0835	0.0804	0.0031	0.1210	0.1018	0.0193	0.0929	0.0600	0.0329	0.0334	0.0308	0.0026	0.0595	0.0292	0.0303	2.1877	1.3919	8.0179	1.3991	1.3364	4.4177	3.0312	11.1279	8.5560	0.0090	0.0072	0.0123	0.0127	0.0137	0.0006	0.0070	0.0003	0.0133
125	132	0.4598	6	0	1	0	0	0	0	0	0	N	N	N	N	N	N	N	N	N	N	N	N	0.0423	0.0255	0.6537	0.2145	0.1945	1.5281	0.0372	0.0055	0.7364	0.0169	0.0088	0.0832	0.0187	0.0194	0.0015	0.0157	0.0009	0.0962	0.3987	0.3447	0.1273	0.0872	0.0997	0.0010	0.4216	0.1713	0.1307	1.1555	1.2244	0.0013	-0.0002	8.6431	6.2657	1.4782	3.9760	0.0053	0.0025	0.0028	0.0023	0.0023	0.0000	0.0030	0.0002	0.0028	0.0021	0.0009	0.0012	0.0009	0.0009	0.0000	0.0012	0.0001	0.0011	0.3140	0.2798	0.0342	0.1237	0.1190	0.0047	0.1903	0.1608	0.0295	0.0746	0.0464	0.0282	0.0269	0.0245	0.0024	0.0477	0.0219	0.0258	0.6022	0.4341	2.0348	0.5653	0.5359	1.5281	0.6232	0.3888	2.1611	0.0280	0.0202	0.0409	0.0331	0.0362	0.0010	0.0252	0.0024	0.0445
125	133	0.3825	5	0	1	0	0	0	0	0	0	N	N	N	N	N	N	N	N	N	N	N	N	0.0107	0.0010	1.3811	0.0019	0.0019	0.3443	0.0371	0.0004	1.6814	0.0062	0.0007	0.0542	0.0014	0.0014	0.0008	0.0087	0.0003	0.0637	0.5771	0.7265	0.0392	0.7275	0.7638	0.0022	0.2350	0.6242	0.0379	8.8486	0.1753	0.0041	-0.0070	8.6431	26.7012	1.4782	18.2690	0.0067	0.0007	0.0061	0.0005	0.0005	0.0000	0.0062	0.0002	0.0060	0.0145	0.0124	0.0022	0.0114	0.0113	0.0000	0.0032	0.0010	0.0022	1.0896	0.9778	0.1119	0.3752	0.3583	0.0169	0.7144	0.6195	0.0950	0.2873	0.1716	0.1158	0.0845	0.0768	0.0076	0.2029	0.0947	0.1081	0.1223	0.0097	2.8905	0.0104	0.0097	0.3443	0.5531	0.0255	3.1996	0.0506	0.0721	0.0187	0.1344	0.1475	0.0022	0.0157	0.0110	0.0199
125	134	0.1444	4	0	1	0	0	0	0	0	0	N	N	N	N	N	N	N	N	N	N	N	N	0.1367	0.1499	0.0453	0.2497	0.2574	0.0009	0.0838	0.0640	0.0540	0.1140	0.1201	0.0644	0.2435	0.2545	0.0001	0.0780	0.0791	0.0705	0.8341	0.8014	1.4208	0.9749	0.9889	0.0555	0.9305	1.2360	1.3046	0.0658	1.9009	-0.0560	0.0021	8.6431	61.4372	1.4782	55.8589	0.2484	0.2330	0.0153	0.1155	0.1155	0.0000	0.1329	0.1175	0.0153	0.0792	0.0273	0.0519	0.0088	0.0087	0.0001	0.0704	0.0186	0.0518	2.1780	1.9397	0.2382	0.4744	0.4538	0.0206	1.7036	1.4859	0.2176	0.5831	0.3014	0.2817	0.0457	0.0427	0.0030	0.5374	0.2588	0.2786	0.8398	1.3267	0.3495	1.2618	1.2496	0.0012	0.5957	1.1002	0.3794	0.1358	0.0906	0.1842	0.1930	0.2037	0.0428	0.1309	0.0719	0.1857
125	135	0.0540	3	0	1	0	0	0	0	0	0	N	N	N	N	N	N	N	N	N	N	N	N	0.5098	0.7041	0.0554	0.1311	0.1381	0.0052	0.5605	2.7238	0.0769	0.3336	0.3794	0.0328	0.1838	0.1866	0.0099	0.3515	0.4060	0.0330	0.6545	0.5388	0.5908	1.4021	1.3504	1.9018	0.6272	0.1490	0.4298	0.0131	2.1866	-0.1126	0.0011	8.6431	31.7621	1.4782	18.5886	0.4105	0.4052	0.0053	0.0242	0.0241	0.0000	0.3864	0.3811	0.0053	0.0196	0.0062	0.0135	0.0065	0.0059	0.0007	0.0131	0.0003	0.0128	1.2306	1.0681	0.1624	0.1314	0.1294	0.0020	1.0991	0.9387	0.1604	0.2987	0.1557	0.1430	0.0205	0.0190	0.0015	0.2782	0.1367	0.1416	5.0776	9.5912	0.3478	0.5775	0.6071	0.0214	7.4653	180.2442	0.3656	0.0657	0.0396	0.0942	0.3183	0.3073	0.4622	0.0471	0.0023	0.0904
126	128	0.5165	9	1	1	0	0	0	0	0	0	N	N	N	N	N	N	N	N	N	N	N	N	19.3841	31.7464	0.0000	69.8269	49.8321	0.3967	inf	0.0000	0.0000	0.0000	0.0000	0.0000	0.0000	0.0000	0.0000	0.0000	0.0000	0.0000	0.0000	0.0000	0.0000	0.0000	0.0000	0.0000	0.0000	0.0000	0.0000	1.5172	-0.0000	-0.0000	4.1618	2.0107	2.0491	1.9995	0.0000	0.0000	0.0000	0.0000	0.0000	0.0000	0.0000	0.0000	0.0000	0.0000	0.0000	0.0000	0.0000	0.0000	0.0000	0.0000	0.0000	0.0000	0.0423	0.0380	0.0043	0.0156	0.0150	0.0007	0.0267	0.0230	0.0036	0.0160	0.0094	0.0067	0.0086	0.0059	0.0027	0.0074	0.0035	0.0039	19.3841	31.7464	0.0000	69.8269	49.8321	0.0000	0.3967	inf	0.0000	0.0000	0.0000	0.0000	0.0000	0.0000	0.0000	0.0000	0.0000	0.0000	
126	129	0.5043	8	1	1	0	0	0	0	0	0	N	N	N	N	N	N	N	N	N	N	N	N	61.3152	136.1708	0.0000	272.4683	198.3896	0.3863	2.9636	0.0000	0.0129	0.0142	0.0000	0.0322	0.0334	0.0000	0.0004	0.0004	0.0000	0.0002	0.0001	0.0004	0.0001	0.0002	0.0000	0.0009	0.0001	0.0006	0.0000	2.5026	-0.0005	0.0000	4.1618	5.6459	2.0491	1.1399	0.0018	0.0018	0.0000	0.0017	0.0017	0.0000	0.0000	0.0000	0.0000	0.0000	0.0000	0.0000	0.0000	0.0000	0.0000	0.0000	0.0000	0.0000	0.1378	0.1250	0.0128	0.0544	0.0524	0.0020	0.0834	0.0725	0.0109	0.0300	0.0173	0.0127	0.0153	0.0107	0.0046	0.0147	0.0065	0.0082	61.3152	136.1708	0.0000	272.4683	198.3896	0.0000	1.1714	900.4278	0.0000	0.0002	0.0001	0.0004	0.0001	0.0002	0.0000	0.0003	0.0000	0.0006	
126	130	0.4740	7	0	0	0	0	0	0	0	0	N	N	N	N	N	N	N	N	N	N	N	N	0.1048	0.3028	1.6721	1.1042	0.6717	454.4303	0.0584	1.4088	1.2547	0.0143	0.0055	0.0923	0.0073	0.0072	0.0094	0.0191	0.0042	0.1102	0.1368	0.0182	0.0552	0.0066	0.0108	0.0000	0.3268	0.0030	0.0878	1.9010	3.9623	0.0016	0.0002	4.1618	11.6079	2.0491	5.3766	0.0042	0.0015	0.0028	0.0009	0.0008	0.0001	0.0034	0.0006	0.0027	0.0010	0.0002	0.0008	0.0002	0.0002	0.0000	0.0008	0.0000	0.0008	0.2960	0.2659	0.0301	0.1194	0.1141	0.0053	0.1766	0.1518	0.0248	0.0809	0.0468	0.0342	0.0400	0.0288	0.0112	0.0409	0.0179	0.0230	1.1186	1.2310	3.8067	1.4112	1.0050	454.4303	0.9413	47.9648	3.0601	0.0128	0.0045	0.0242	0.0052	0.0072	0.0000	0.0203	0.0001	0.0360
126	131	0.4561	6	0	0	0	0	0	0	0	0	N	N	N	N	N	N	N	N	N	N	N	N	4.5816	0.1199	93.4041	1.6692	1.0592	232.5375	6.1851	0.0884	70.3094	1.8138	0.0416	11.4631	0.0987	0.0902	0.3710	2.9545	0.0004	12.3982	0.3959	0.3469	0.1227	0.0591	0.0851	0.0016	0.4777	0.0050	0.1763	50.6182	1.2058	0.1526	-0.0002	4.1618	3.9355	2.0491	8.7078	0.2201	0.0043	0.2158	0.0048	0.0042	0.0005	0.2153	0.0000	0.2153	0.0021	0.0010	0.0012	0.0010	0.0010	0.0000	0.0012	0.0000	0.0012	0.1213	0.1025	0.0188	0.0485	0.0470	0.0015	0.0729	0.0555	0.0174	0.0767	0.0475	0.0292	0.0375	0.0291	0.0083	0.0393	0.0184	0.0209	64.8132	2.0300	285.3409	3.7599	2.7095	232.5375	99.6507	2.3442	223.1896	0.0280	0.0205	0.0402	0.0262	0.0333	0.0016	0.0296	0.0002	0.0555
126	132	0.4444	5	0	0	0	0	0	0	0	0	N	N	N	N	N	N	N	N	N	N	N	N	4.6122	1.7471	75.4312	15.0609	9.9754	167.6670	4.8021	0.1155	56.5639	2.2428	0.8800	10.0617	1.9364	1.9854	0.3720	2.4376	0.0025	10.8988	0.4863	0.5037	0.1334	0.1286	0.1990	0.0022	0.5076	0.0217	0.1927	1.9929	0.8266	0.1570	-0.0004	4.1618	6.2657	2.0491	3.9760	0.4146	0.1385	0.2761	0.1391	0.1383	0.0008	0.2755	0.0002	0.2753	0.0023	0.0013	0.0010	0.0013	0.0012	0.0000	0.0010	0.0000	0.0010	0.1849	0.1574	0.0274	0.0718	0.0697	0.0022	0.1130	0.0878	0.0253	0.0618	0.0372	0.0246	0.0303	0.0234	0.0069	0.0315	0.0138	0.0177	60.5847	26.1240	239.2447	46.6400	37.3297	167.6670	74.5570	3.4038	188.9579	0.0370	0.0337	0.0421	0.0415	0.0532	0.0022	0.0327	0.0007	0.0577
126	133	0.3672	4	0	0	0	0	0	0	0	0	N	N	N	N	N	N	N	N	N	N	N	N	1.8894	0.0437	224.7971	0.5762	0.3599	16.2410	2.4377	0.0003	203.9913	1.0022	0.0292	8.6889	0.0786	0.0803	0.0356	1.4643	0.0003	9.7889	0.5305	0.6687	0.0387	0.1364	0.2231	0.0022	0.6007	1.2053	0.0480	37.6460	0.2120	0.4157	-0.0048	4.1618	26.7012	2.0491	18.2690	0.6050	0.0157	0.5894	0.0158	0.0156	0.0003	0.5892	0.0001	0.5891	0.0105	0.0087	0.0018	0.0047	0.0046	0.0001	0.0058	0.0041	0.0018	0.6037	0.5358	0.0678	0.2013	0.1936	0.0076	0.4024	0.3422	0.0602	0.2440	0.1442	0.0997	0.1107	0.0821	0.0285	0.1333	0.0621	0.0712	23.2288	0.4852	470.6818	1.8544	1.4253	16.2410	33.4510	0.0047	391.9496	0.0431	0.0602	0.0185	0.0424	0.0563	0.0022	0.0438	0.0653	0.0250
126	134	0.1290	3	0	0	0	0	0	0	0	0	N	N	N	N	N	N	N	N	N	N	N	N	0.0910	0.0445	3.0747	0.0329	0.0328	0.0046	0.0975	0.0418	3.8304	0.1744	0.1481	0.3924	0.0926	0.0957	0.0003	0.1979	0.1648	0.4204	1.9166	3.3281	0.1276	2.8185	2.9140	0.0732	2.0286	3.9471	0.1098	0.3200	0.0093	-0.0093	-0.5519	4.1618	61.4372	2.0491	55.8589	0.2082	0.1577	0.0505	0.0246	0.0246	0.0000	0.1836	0.1331	0.0505	0.8914	0.8832	0.0082	0.1421	0.1417	0.0004	0.7493	0.7415	0.0078	1.1933	1.0647	0.1286	0.2658	0.2572	0.0086	0.9276	0.8075	0.1200	0.4651	0.2654	0.1997	0.0844	0.0775	0.0068	0.3808	0.1879	0.1929	0.0910	0.0445	9.5602	0.0550	0.0523	0.0065	0.1005	0.0418	10.3421	1.9166	3.3281	0.0410	1.6843	1.8281	0.0521	1.9680	3.9471	0.0407
126	135	0.0387	2	0	0	0	0	0	0	0	0	N	N	N	N	N	N	N	N	N	N	N	N	1.9258	1.0541	2.8157	0.1933	0.2173	0.0000	1.8522	0.7686	2.6526	2.5463	1.1124	13.1091	0.2940	0.2957	0.0004	2.8427	1.2359	13.1828	1.3222	1.0553	4.6557	1.5205	1.3606	15.5089	1.5348	1.6079	4.9698	1.5997	8.5880	0.5418	0.0626	4.1618	31.7621	2.0491	18.5886	1.6509	0.6350	1.0159	0.0222	0.0222	0.0000	1.6287	0.6129	1.0159	0.2340	0.0244	0.2096	0.0112	0.0093	0.0018	0.2228	0.0151	0.2078	0.6483	0.5708	0.0775	0.0754	0.0750	0.0004	0.5729	0.4959	0.0771	0.2273	0.1286	0.0987	0.0311	0.0302	0.0009	0.1962	0.0984	0.0978	2.4734	5.8636	6.1703	0.8179	0.9580	0.0002	2.5032	8.0676	6.2058	1.0295	0.1897	2.1245	0.3594	0.3086	2.1559	1.1356	0.1532	2.1243
127	128	0.5070	8	1	1	0	0	0	0	0	0	N	N	N	N	N	N	N	N	N	N	N	N	73.8450	inf	0.0000	69.6875	inf	0.0000	0.0000	0.0000	0.0000	0.0000	0.0000	0.0000	0.0000	0.0000	0.0000	0.0000	0.0000	0.0000	0.0000	0.0000	0.0000	0.0000	0.0000	0.0000	0.0000	inf	-0.0000	0.0000	9.4810	2.0107	7.4917	1.9995	0.0000	0.0000	0.0000	0.0000	0.0000	0.0000	0.0000	0.0000	0.0000	0.0000	0.0000	0.0000	0.0000	0.0000	0.0000	0.0000	0.0000	0.0000	0.0741	0.0658	0.0083	0.0231	0.0217	0.0013	0.0510	0.0441	0.0069	0.0328	0.0213	0.0114	0.0115	0.0103	0.0012	0.0213	0.0110	0.0102	73.8450	inf	0.0000	0.0000	0.0000	0.0000	69.6875	inf	0.0000	0.0000	0.0000	0.0000	0.0000	0.0000	0.0000	0.0000	0.0000	0.0000			
127	129	0.4947	7	1	1	0	0	0	0	0	0	N	N	N	N	N	N	N	N	N	N	N	N	0.0329	1.2754	0.0000	0.0000	0.0000	0.0000	0.0292	inf	0.0000	0.0070	0.0077	0.0000	0.0000	0.0000	0.0000	0.0108	0.0124	0.0000	0.2119	0.0061	0.1223	0.0041	0.0048	0.0000	0.3690	0.0000	0.1270	0.0000	11.5247	-0.0005	0.0003	9.4810	5.6459	7.4917	1.1399	0.0017	0.0017	0.0000	0.0000	0.0000	0.0000	0.0017	0.0017	0.0000	0.0010	0.0001	0.0009	0.0001	0.0001	0.0000	0.0009	0.0000	0.0009	0.2514	0.2264	0.0249	0.0890	0.0849	0.0041	0.1624	0.1415	0.0209	0.0632	0.0399	0.0234	0.0215	0.0195	0.0020	0.0418	0.0204	0.0214	0.4323	3.7896	0.0000	0.0000	0.0000	0.0000	0.4802	inf	0.0000	0.0161	0.0020	0.0401	0.0038	0.0042	0.0000	0.0224	0.0000	0.0439
127	130	0.4644	6	0	0	0	0	0	0	0	0	N	N	N	N	N	N	N	N	N	N	N	N	0.0003	0.0018	0.0001	0.0076	0.0077	0.0011	0.0001	0.0000	0.0001	0.0010	0.0010	0.0016	0.0024	0.0025	0.0000	0.0003	0.0000	0.0020	3.1493	0.5269	14.1406	0.3103	0.3250	0.0213	4.7927	0.0488	15.6111	0.2000	136.8064	-0.0001	0.2134	9.4810	11.6079	7.4917	5.3766	0.0006	0.0005	0.0001	0.0005	0.0005	0.0000	0.0001	0.0000	0.0001	0.5855	0.0042	0.5813	0.0043	0.0042	0.0001	0.5812	0.0001	0.5812	0.5458	0.4864	0.0594	0.2001	0.1889	0.0113	0.3456	0.2975	0.0481	0.1859	0.1148	0.0711	0.0647	0.0595	0.0052	0.1213	0.0554	0.0659	0.0003	0.0262	0.0002	0.0355	0.0355	0.0011	0.0001	0.0018	0.0002	3.1493	0.0370	8.1775	0.0664	0.0703	0.0213	4.7927	0.0013	8.8169
127	131	0.4465	5	0	0	0	0	0	0	0	0	N	N	N	N	N	N	N	N	N	N	N	N	0.0173	0.0040	0.0683	0.0054	0.0055	0.2193	0.0305	0.0125	0.0742	0.0408	0.0110	0.2996	0.0219	0.0227	0.0046	0.0506	0.0043	0.3503	2.3528	2.7401	4.3893	4.0809	4.1341	0.0211	1.6621	0.3458	4.7228	3.1212	0.4784	0.0037	-0.2800	9.4810	3.9355	7.4917	8.7078	0.0079	0.0019	0.0060	0.0014	0.0014	0.0000	0.0064	0.0005	0.0059	0.9186	0.6214	0.2973	0.6213	0.6211	0.0002	0.2974	0.0003	0.2971	0.1930	0.1731	0.0199	0.0660	0.0631	0.0029	0.1269	0.1100	0.0170	0.3904	0.2268	0.1637	0.1774	0.1693	0.0081	0.2131	0.0575	0.1556	0.0173	0.0040	0.1650	0.0063	0.0062	0.2193	0.0363	0.9142	0.1834	2.3528	2.7401	1.8162	3.5026	3.6694	0.0211	1.3956	0.0047	1.9098
127	132	0.4349	4	0	0	0	0	0	0	0	0	N	N	N	N	N	N	N	N	N	N	N	N	0.0098	0.0046	0.0302	0.0070	0.0068	0.0019	0.0154	0.0074	0.0295	0.0479	0.0226	0.2656	0.0544	0.0568	0.0026	0.0448	0.0041	0.3095	4.8746	4.9460	8.8097	7.7613	8.3629	1.3397	2.9021	0.5496	10.5044	1.3664	0.5517	0.0042	-0.2246	9.4810	6.2657	7.4917	3.9760	0.0144	0.0061	0.0083	0.0054	0.0054	0.0000	0.0090	0.0007	0.0083	0.8232	0.5305	0.2927	0.5320	0.5301	0.0019	0.2911	0.0004	0.2908	0.2996	0.2683	0.0312	0.0989	0.0944	0.0045	0.2007	0.1739	0.0268	0.1689	0.1073	0.0616	0.0685	0.0634	0.0052	0.1003	0.0439	0.0564	0.0098	0.0046	0.0559	0.0070	0.0068	0.0070	0.0154	0.4719	0.0601	4.8746	4.9460	4.7504	7.7613	8.3629	0.3694	2.9021	0.0086	5.1508
127	133	0.3576	3	0	0	0	0	0	0	0	0	N	N	N	N	N	N	N	N	N	N	N	N	1.2043	1.0289	0.0741	0.9245	0.9337	0.0021	1.0330	2.1047	0.0902	1.7053	1.9009	0.1351	3.6800	3.8862	0.0006	0.9627	1.0859	0.1554	1.4160	1.8475	1.8226	3.9806	4.1620	0.2792	0.9319	0.5159	1.7221	0.0089	0.0799	-0.5061	-0.3559	9.4810	26.7012	7.4917	18.2690	1.8182	1.8022	0.0160	1.0723	1.0723	0.0000	0.7459	0.7299	0.0159	0.6420	0.5944	0.0475	0.5947	0.5930	0.0017	0.0472	0.0014	0.0458	1.0662	0.9481	0.1181	0.2914	0.2759	0.0155	0.7748	0.6722	0.1026	0.5335	0.3397	0.1937	0.1729	0.1596	0.0133	0.3606	0.1802	0.1804	1.4171	1.0864	0.5509	1.0696	1.0457	0.0045	7.3506	138.4606	0.6121	1.2034	1.7497	0.2453	3.4404	3.7163	0.1286	0.1310	0.0078	0.2539
127	134	0.1195	2	0	0	0	0	0	0	0	0	N	N	N	N	N	N	N	N	N	N	N	N	0.5381	0.4239	0.0553	0.7068	0.7039	0.0020	0.0365	0.0164	0.0638	0.7680	0.8576	0.0947	5.3057	5.6321	0.0021	0.0426	0.0341	0.1014	1.4271	2.0232	1.7135	7.5064	8.0011	1.0499	1.1670	2.0718	1.5912	0.0147	0.0865	-0.4413	-0.7112	9.4810	61.4372	7.4917	55.8589	1.6187	1.5953	0.0235	1.5412	1.5412	0.0000	0.0775	0.0541	0.0234	1.2960	1.1928	0.1032	0.9606	0.9580	0.0025	0.3355	0.2348	0.1007	2.1078	1.8601	0.2477	0.2905	0.2736	0.0168	1.8174	1.5865	0.2309	1.0426	0.5896	0.4530	0.1280	0.1197	0.0082	0.9146	0.4698	0.4448	0.6178	0.4239	0.4158	0.7068	0.7039	0.0070	0.1162	0.0682	0.4483	1.2431	2.0232	0.2278	7.5064	8.0011	0.3065	0.3668	0.4998	0.2263
