branch_id_1	branch_id_2	dist_bl	dist_node_num	branch_num_fg_tube	branch_num_fg_pink	branch_num_fg_yellow	branch_num_fg_beakless	branch_num_mg_tube	branch_num_mg_pink	branch_num_mg_yellow	branch_num_mg_beakless	is_fg_tube	is_fg_pink	is_fg_yellow	is_fg_beakless	is_mf_tube	is_mf_pink	is_mf_yellow	is_mf_beakless	is_mg_tube	is_mg_pink	is_mg_yellow	is_mg_beakless	omegaCany2any	omegaCany2dif	omegaCany2spe	omegaCdif2any	omegaCdif2dif	omegaCdif2spe	omegaCspe2any	omegaCspe2dif	omegaCspe2spe	dNCany2any	dNCany2dif	dNCany2spe	dNCdif2any	dNCdif2dif	dNCdif2spe	dNCspe2any	dNCspe2dif	dNCspe2spe	dSCany2any	dSCany2dif	dSCany2spe	dSCdif2any	dSCdif2dif	dSCdif2spe	dSCspe2any	dSCspe2dif	dSCspe2spe	OCNCoD	OCSCoD	OCN_linreg_residual	OCS_linreg_residual	N_sub_1	N_sub_2	S_sub_1	S_sub_2	OCNany2any	OCNany2dif	OCNany2spe	OCNdif2any	OCNdif2dif	OCNdif2spe	OCNspe2any	OCNspe2dif	OCNspe2spe	OCSany2any	OCSany2dif	OCSany2spe	OCSdif2any	OCSdif2dif	OCSdif2spe	OCSspe2any	OCSspe2dif	OCSspe2spe	ECNany2any	ECNany2dif	ECNany2spe	ECNdif2any	ECNdif2dif	ECNdif2spe	ECNspe2any	ECNspe2dif	ECNspe2spe	ECSany2any	ECSany2dif	ECSany2spe	ECSdif2any	ECSdif2dif	ECSdif2spe	ECSspe2any	ECSspe2dif	ECSspe2spe	omegaCany2any_nocalib	omegaCany2dif_nocalib	omegaCany2spe_nocalib	omegaCdif2any_nocalib	omegaCdif2dif_nocalib	omegaCdif2spe_nocalib	omegaCspe2any_nocalib	omegaCspe2dif_nocalib	omegaCspe2spe_nocalib	dSCany2any_nocalib	dSCany2dif_nocalib	dSCany2spe_nocalib	dSCdif2any_nocalib	dSCdif2dif_nocalib	dSCdif2spe_nocalib	dSCspe2any_nocalib	dSCspe2dif_nocalib	dSCspe2spe_nocalib
0	1	0.1097	2	1	1	1	1	0	0	0	0	N	N	N	N	N	N	N	N	N	N	N	N	37.6843	4197.4217	0.0000	0.0272	2.2774	0.0000	80.9859	24555.8090	0.0000	1.0778	1.1386	0.0000	0.0009	0.0009	0.0000	2.0542	2.2296	0.0000	0.0286	0.0003	0.0729	0.0335	0.0004	0.2453	0.0254	0.0001	0.0453	0.0000	171.8963	-0.0097	0.0056	2.0090	0.7962	5.8078	27.0091	0.1010	0.1010	0.0000	0.0000	0.0000	0.0000	0.1009	0.1009	0.0000	0.0119	0.0001	0.0118	0.0055	0.0001	0.0055	0.0063	0.0000	0.0063	0.0937	0.0887	0.0050	0.0446	0.0434	0.0011	0.0491	0.0453	0.0039	0.4157	0.2535	0.1622	0.1657	0.1433	0.0224	0.2500	0.1101	0.1398	37.6843	4197.4217	0.0000	0.0272	2.2774	0.0000	80.9859	24555.8090	0.0000	0.0286	0.0003	0.0729	0.0335	0.0004	0.2453	0.0254	0.0001	0.0453
0	2	0.1491	3	2	1	1	0	0	0	0	0	Y	N	N	N	N	N	N	N	N	N	N	N	106787.6923	245844.8722	46.7041	204037.0175	267052.9392	330.4804	72.0038	14948.1530	26.9489	3.3353	3.7551	0.0026	7.4521	7.5263	0.0333	0.0020	0.0022	0.0014	0.0000	0.0000	0.0001	0.0000	0.0000	0.0001	0.0000	0.0000	0.0001	0.0001	2.3369	-0.0002	0.0000	2.0090	0.0052	5.8078	3.0149	0.0023	0.0023	0.0000	0.0023	0.0023	0.0000	0.0000	0.0000	0.0000	0.0000	0.0000	0.0000	0.0000	0.0000	0.0000	0.0000	0.0000	0.0000	0.0007	0.0006	0.0001	0.0003	0.0003	0.0000	0.0004	0.0003	0.0001	0.0827	0.0507	0.0320	0.0309	0.0273	0.0036	0.0518	0.0233	0.0285	106787.6923	245844.8722	46.7041	204037.0175	267052.9392	330.4804	72.0038	14948.1530	26.9489	0.0000	0.0000	0.0001	0.0000	0.0000	0.0001	0.0000	0.0000	0.0001
0	3	0.1417	3	1	2	0	0	0	0	0	0	N	Y	N	N	N	N	N	N	N	N	N	N	0.0000	0.0000	0.0000	0.0000	0.0000	0.0000	0.0000	0.0000	0.0000	0.0000	0.0000	0.0000	0.0000	0.0000	0.0000	0.0000	0.0000	0.0000	6.9971	11.2664	0.0024	0.0020	0.0007	0.0145	9.0761	16.9360	0.0017	0.0001	0.0000	-0.5204	2.0090	0.9999	5.8078	6.2197	0.0000	0.0000	0.0000	0.0000	0.0000	0.0000	0.0000	0.0000	0.0000	0.9990	0.9989	0.0001	0.0001	0.0000	0.0000	0.9989	0.9988	0.0001	0.0192	0.0167	0.0025	0.0000	0.0000	0.0000	0.0192	0.0167	0.0025	0.1428	0.0887	0.0541	0.0327	0.0297	0.0030	0.1101	0.0590	0.0511	0.0000	0.0000	0.0000	0.0000	0.0000	0.0000	0.0000	0.0000	0.0000	6.9971	11.2664	0.0024	0.0020	0.0007	0.0145	9.0761	16.9360	0.0017	
0	4	0.1097	2	1	1	1	1	0	0	0	0	N	N	N	N	N	N	N	N	N	N	N	N	188.3516	inf	3.7655	368.4655	inf	3.7304	18.2911	inf	0.0172	4.3443	4.7892	0.2237	9.9472	10.6574	0.7331	0.3746	0.4236	0.0006	0.0231	0.0000	0.0594	0.0270	0.0000	0.1965	0.0205	0.0000	0.0370	0.0050	inf	-0.1819	0.0056	2.0090	12.3049	5.8078	21.0710	2.0090	1.9989	0.0101	1.9076	1.8975	0.0101	0.1014	0.1014	0.0000	0.0117	0.0000	0.0117	0.0055	0.0000	0.0055	0.0063	0.0000	0.0063	0.4624	0.4174	0.0451	0.1918	0.1780	0.0137	0.2707	0.2393	0.0313	0.5091	0.3114	0.1976	0.2019	0.1742	0.0277	0.3071	0.1373	0.1699	188.3516	inf	3.7655	368.4655	inf	3.7304	18.2911	inf	0.0172	0.0231	0.0000	0.0594	0.0270	0.0000	0.1965	0.0205	0.0000	0.0370
0	5	0.1323	3	2	2	0	0	0	0	0	0	Y	Y	N	N	N	N	N	N	N	N	N	N	132.2196	35363.7055	0.6467	47471.0118	46300.0621	6648.6906	0.1059	1451.1419	0.1848	2.1301	2.4602	0.0267	5.7410	5.8027	0.5716	0.0027	0.0012	0.0086	0.0161	0.0001	0.0413	0.0001	0.0001	0.0001	0.0259	0.0000	0.0464	0.0017	377.7961	-0.0008	0.0019	2.0090	0.0308	5.8078	9.4656	0.0085	0.0085	0.0000	0.0085	0.0085	0.0000	0.0000	0.0000	0.0000	0.0039	0.0000	0.0039	0.0000	0.0000	0.0000	0.0039	0.0000	0.0039	0.0040	0.0035	0.0005	0.0015	0.0015	0.0000	0.0025	0.0020	0.0005	0.2424	0.1482	0.0942	0.0921	0.0818	0.0103	0.1503	0.0664	0.0839	132.2196	35363.7055	0.6467	47471.0118	46300.0621	6648.6906	0.1059	1451.1419	0.1848	0.0161	0.0001	0.0413	0.0001	0.0001	0.0001	0.0259	0.0000	0.0464
0	6	0.1627	4	2	2	0	1	0	0	0	0	Y	Y	N	N	N	N	N	N	N	N	N	N	0.6666	inf	0.0000	1577048.5623	inf	0.0000	0.0003	inf	0.0000	3.8667	4.4687	0.0000	9.7689	9.8851	0.0000	0.0025	0.0032	0.0000	5.8005	0.0000	14.4649	0.0000	0.0000	0.0001	8.0360	0.0000	15.7893	0.0000	inf	-0.0000	0.4788	2.0090	0.0006	5.8078	5.9946	0.0004	0.0004	0.0000	0.0004	0.0004	0.0000	0.0000	0.0000	0.0000	0.9997	0.0000	0.9997	0.0000	0.0000	0.0000	0.9997	0.0000	0.9997	0.0001	0.0001	0.0000	0.0000	0.0000	0.0000	0.0001	0.0001	0.0000	0.1724	0.1032	0.0691	0.0479	0.0421	0.0058	0.1244	0.0611	0.0633	0.6666	inf	0.0000	1577048.5623	inf	0.0000	0.0003	inf	0.0000	5.8005	0.0000	14.4649	0.0000	0.0000	0.0001	8.0360	0.0000	15.7893
0	7	0.1491	3	2	1	1	0	0	0	0	0	Y	N	N	N	N	N	N	N	N	N	N	N	195903.5062	448639.2022	86.3282	369368.4060	477922.0056	650.8383	133.0433	27906.7906	49.4231	3.3250	3.7440	0.0026	7.4512	7.5254	0.0333	0.0020	0.0022	0.0014	0.0000	0.0000	0.0000	0.0000	0.0000	0.0001	0.0000	0.0000	0.0000	0.0001	2.3369	-0.0002	0.0000	2.0090	0.0052	5.8078	6.0470	0.0023	0.0023	0.0000	0.0023	0.0023	0.0000	0.0000	0.0000	0.0000	0.0000	0.0000	0.0000	0.0000	0.0000	0.0000	0.0000	0.0000	0.0000	0.0007	0.0006	0.0001	0.0003	0.0003	0.0000	0.0004	0.0003	0.0001	0.1522	0.0928	0.0594	0.0559	0.0489	0.0070	0.0962	0.0438	0.0524	195903.5062	448639.2022	86.3282	369368.4060	477922.0056	650.8383	133.0433	27906.7906	49.4231	0.0000	0.0000	0.0000	0.0000	0.0000	0.0001	0.0000	0.0000	0.0000
0	8	0.1097	2	2	1	1	0	0	0	0	0	Y	N	N	N	N	N	N	N	N	N	N	N	147382.6511	1070206.1780	3824.5853	745149.2114	1413755.9075	16280.9927	51.6523	6839.3392	0.0000	8.6801	9.4608	0.5233	19.8334	20.9859	1.7444	0.0042	0.0047	0.0000	0.0001	0.0000	0.0001	0.0000	0.0000	0.0001	0.0001	0.0000	0.0001	0.0053	9.9410	-0.1721	0.0000	2.0090	4.2004	5.8078	7.1498	1.9063	1.8962	0.0100	1.9058	1.8957	0.0100	0.0005	0.0005	0.0000	0.0000	0.0000	0.0000	0.0000	0.0000	0.0000	0.0000	0.0000	0.0000	0.2196	0.2004	0.0192	0.0961	0.0903	0.0058	0.1235	0.1101	0.0134	0.2239	0.1364	0.0876	0.0900	0.0785	0.0115	0.1339	0.0578	0.0761	147382.6511	1070206.1780	3824.5853	745149.2114	1413755.9075	16280.9927	51.6523	6839.3392	0.0000	0.0001	0.0000	0.0001	0.0000	0.0000	0.0001	0.0001	0.0000	0.0001
0	9	0.1659	6	1	1	1	0	0	0	0	0	N	N	N	N	N	N	N	N	N	N	N	N	0.0000	0.0000	0.0000	0.0000	0.0000	0.0000	0.0000	0.0000	0.0000	0.0000	0.0000	0.0000	0.0000	0.0000	0.0000	0.0000	0.0000	0.0000	0.0000	0.0000	0.0000	0.0000	0.0000	0.0000	0.0000	0.0000	18.6071	0.0000	0.0000	2.0090	0.0000	5.8078	0.9989	0.0000	0.0000	0.0000	0.0000	0.0000	0.0000	0.0000	0.0000	0.0000	0.0000	0.0000	0.0000	0.0000	0.0000	0.0000	0.0000	0.0000	0.0000	0.0000	0.0000	0.0000	0.0000	0.0000	0.0000	0.0000	0.0000	0.0000	0.0176	0.0111	0.0064	0.0053	0.0047	0.0006	0.0123	0.0064	0.0059	0.0000	0.0000	0.0000	0.0000	0.0000	0.0000	0.0000	0.0000	0.0000	0.0000	0.0000	0.0000	0.0000	0.0000	0.0000	0.0000	0.0000	0.0000		
0	10	0.1480	4	1	1	1	0	0	0	0	0	N	N	N	N	N	N	N	N	N	N	N	N	0.0000	0.0000	0.0000	0.0000	0.0000	0.0000	0.0000	0.0000	0.0000	0.0000	0.0000	0.0000	0.0000	0.0000	0.0000	0.0000	0.0000	0.0000	7.7164	12.4080	0.0009	0.0041	0.0039	0.0060	10.1057	18.9888	0.0006	0.0000	0.0000	-0.5207	2.0090	0.0010	5.8078	6.5746	0.0000	0.0000	0.0000	0.0000	0.0000	0.0000	0.0000	0.0000	0.0000	0.9994	0.9994	0.0000	0.0001	0.0001	0.0000	0.9993	0.9992	0.0000	0.0001	0.0001	0.0000	0.0000	0.0000	0.0000	0.0000	0.0000	0.0000	0.1295	0.0805	0.0490	0.0306	0.0279	0.0027	0.0989	0.0526	0.0463	0.0000	0.0000	0.0000	0.0000	0.0000	0.0000	0.0000	0.0000	0.0000	7.7164	12.4080	0.0009	0.0041	0.0039	0.0060	10.1057	18.9888	0.0006	
0	11	0.1097	2	2	2	0	0	0	0	0	0	Y	Y	N	N	N	N	N	N	N	N	N	N	4129.2676	2656.2989	1.4011	1.2544	inf	inf	1.0778	1.1386	0.0000	0.0009	0.0009	0.0000	2.0542	2.2296	0.0000	0.0003	0.0004	0.0000	0.0006	0.0007	0.0000	0.0000	0.0000	0.0000	0.0000	0.0000	-0.0097	-0.0000	2.0090	0.7962	5.8078	11.9291	0.1010	0.1010	0.0000	0.0000	0.0000	0.0000	0.1009	0.1009	0.0000	0.0001	0.0001	0.0000	0.0001	0.0001	0.0000	0.0000	0.0000	0.0000	0.0937	0.0887	0.0050	0.0446	0.0434	0.0011	0.0491	0.0453	0.0039	0.2251	0.1371	0.0881	0.0905	0.0790	0.0115	0.1346	0.0581	0.0765	4129.2676	2656.2989	0.0000	1.4011	1.2544	0.0000	inf	inf	0.0000	0.0003	0.0004	0.0000	0.0006	0.0007	0.0000	0.0000	0.0000	0.0000			
0	12	0.1305	4	1	2	0	0	0	0	0	0	N	Y	N	N	N	N	N	N	N	N	N	N	0.0000	0.0000	0.0000	0.0000	0.0000	0.0000	0.0000	0.0000	0.0000	0.0000	0.0000	0.0000	0.0000	0.0000	0.0000	0.0000	0.0000	0.0000	0.0000	0.0000	0.0000	0.0000	0.0000	0.0000	0.0000	3.7952	0.0000	0.0000	2.0090	0.0000	5.8078	1.2577	0.0000	0.0000	0.0000	0.0000	0.0000	0.0000	0.0000	0.0000	0.0000	0.0000	0.0000	0.0000	0.0000	0.0000	0.0000	0.0000	0.0000	0.0000	0.0000	0.0000	0.0000	0.0000	0.0000	0.0000	0.0000	0.0000	0.0000	0.0847	0.0620	0.0227	0.0333	0.0317	0.0017	0.0514	0.0303	0.0211	0.0000	0.0000	0.0000	0.0000	0.0000	0.0000	0.0000	0.0000	0.0000	0.0000	0.0000	0.0000	0.0000	0.0000	0.0000	0.0000	0.0000	0.0000			
0	13	0.1683	5	1	1	0	1	0	0	0	0	N	N	N	N	N	N	N	N	N	N	N	N	0.0000	0.0000	0.0000	0.0000	0.0000	0.0000	0.0000	0.0000	0.0000	0.0000	0.0000	0.0000	0.0000	0.0000	0.0000	0.0000	0.0000	0.0000	0.0000	0.0000	2.0090	0.0000	5.8078	1.9950	0.0000	0.0000	0.0000	0.0000	0.0000	0.0000	0.0000	0.0000	0.0000	0.0000	0.0000	0.0000	0.0000	0.0000	0.0000	0.0000	0.0000	0.0000	0.0000	0.0000	0.0000	0.0000	0.0000	0.0000	0.0000	0.0000	0.0000	0.0549	0.0322	0.0227	0.0165	0.0145	0.0020	0.0383	0.0176	0.0207	0.0000	0.0000	0.0000	0.0000	0.0000	0.0000	0.0000	0.0000	0.0000	0.0000	0.0000	0.0000	0.0000	0.0000	0.0000	0.0000	0.0000	0.0000											
0	14	0.5346	9	1	2	0	1	0	0	0	0	N	Y	N	N	N	N	N	N	N	N	N	N	0.2330	148.6447	0.0000	0.4166	183.5653	0.0000	0.0000	0.0188	0.0000	0.0006	0.0007	0.0000	0.0011	0.0012	0.0000	0.0000	0.0000	0.0000	0.0026	0.0000	0.0074	0.0026	0.0000	0.0167	0.0026	0.0000	0.0053	0.0000	888.2503	-0.0000	0.0004	2.0090	3.8100	5.8078	14.0319	0.0001	0.0001	0.0000	0.0001	0.0001	0.0000	0.0000	0.0000	0.0000	0.0008	0.0000	0.0008	0.0003	0.0000	0.0003	0.0005	0.0000	0.0005	0.1320	0.1193	0.0127	0.0732	0.0680	0.0052	0.0588	0.0513	0.0075	0.2953	0.1914	0.1039	0.1200	0.1012	0.0188	0.1753	0.0902	0.0851	0.2330	148.6447	0.0000	0.4166	183.5653	0.0000	0.0000	0.0188	0.0000	0.0026	0.0000	0.0074	0.0026	0.0000	0.0167	0.0026	0.0000	0.0053
0	15	0.1446	3	1	2	0	0	0	0	0	0	N	Y	N	N	N	N	N	N	N	N	N	N	123573.7930	3293469.0703	4930.6977	554457.9311	7783638.2258	19984.6781	51.2361	7068.3485	0.5664	4.0532	4.6305	0.4102	21.3721	22.3353	5.2498	0.0015	0.0018	0.0000	0.0000	0.0000	0.0001	0.0000	0.0000	0.0003	0.0000	0.0000	0.0001	0.0140	36.8628	-0.0547	0.0000	2.0090	2.5826	5.8078	3.6028	0.6694	0.6601	0.0093	0.6692	0.6599	0.0093	0.0002	0.0002	0.0000	0.0000	0.0000	0.0000	0.0000	0.0000	0.0000	0.0000	0.0000	0.0000	0.1652	0.1426	0.0226	0.0313	0.0295	0.0018	0.1338	0.1130	0.0208	0.2121	0.1307	0.0814	0.0666	0.0574	0.0091	0.1455	0.0732	0.0723	123573.7930	3293469.0703	4930.6977	554457.9311	7783638.2258	19984.6781	51.2361	7068.3485	0.5664	0.0000	0.0000	0.0001	0.0000	0.0000	0.0003	0.0000	0.0000	0.0001
0	16	0.1817	7	1	2	0	1	0	0	0	0	N	Y	N	N	N	N	N	N	N	N	N	N	0.0000	0.0000	0.0000	0.0000	0.0000	0.0000	0.0000	0.0000	0.0000	0.0000	0.0000	0.0000	0.0000	0.0000	0.0000	0.0000	0.0000	0.0000	0.0000	0.0000	2.0090	0.0000	5.8078	0.0000	0.0000	0.0000	0.0000	0.0000	0.0000	0.0000	0.0000	0.0000	0.0000	0.0000	0.0000	0.0000	0.0000	0.0000	0.0000	0.0000	0.0000	0.0000	0.0000	0.0000	0.0000	0.0000	0.0000	0.0000	0.0000	0.0000	0.0000	0.0000	0.0000	0.0000	0.0000	0.0000	0.0000	0.0000	0.0000	0.0000	0.0000	0.0000	0.0000	0.0000	0.0000	0.0000	0.0000	0.0000	0.0000	0.0000	0.0000	0.0000	0.0000	0.0000	0.0000	0.0000	0.0000	0.0000											
0	17	0.1097	2	1	2	0	0	0	0	0	0	N	Y	N	N	N	N	N	N	N	N	N	N	5305.0710	inf	0.0000	8930.4604	inf	0.0000	2.8318	inf	0.0000	12.6722	13.7144	0.0000	28.0550	29.4629	0.0000	0.0053	0.0059	0.0000	0.0024	0.0000	0.0061	0.0031	0.0000	0.0246	0.0019	0.0000	0.0033	0.0000	inf	-0.1814	0.0003	2.0090	2.2039	5.8078	8.9910	1.8979	1.8979	0.0000	1.8975	1.8975	0.0000	0.0004	0.0004	0.0000	0.0005	0.0000	0.0005	0.0003	0.0000	0.0003	0.0003	0.0000	0.0003	0.1498	0.1384	0.0114	0.0676	0.0644	0.0032	0.0821	0.0740	0.0081	0.2224	0.1354	0.0870	0.0894	0.0780	0.0114	0.1330	0.0574	0.0756	5305.0710	inf	0.0000	8930.4604	inf	0.0000	2.8318	inf	0.0000	0.0024	0.0000	0.0061	0.0031	0.0000	0.0246	0.0019	0.0000	0.0033
0	18	0.1882	3	1	1	0	1	0	0	0	0	N	N	N	N	N	N	N	N	N	N	N	N	1.2067	65.3402	0.0000	0.0008	0.0234	0.0000	2.8116	482.9406	0.0000	0.0003	0.0003	0.0000	0.0000	0.0000	0.0000	0.0006	0.0007	0.0000	0.0002	0.0000	0.0006	0.0003	0.0000	0.0015	0.0002	0.0000	0.0005	0.0000	77.2547	-0.0000	0.0000	2.0090	0.9969	5.8078	1.0186	0.0000	0.0000	0.0000	0.0000	0.0000	0.0000	0.0000	0.0000	0.0000	0.0000	0.0000	0.0000	0.0000	0.0000	0.0000	0.0000	0.0000	0.0000	0.0350	0.0315	0.0035	0.0189	0.0176	0.0014	0.0160	0.0139	0.0021	0.0384	0.0239	0.0145	0.0119	0.0098	0.0021	0.0265	0.0142	0.0124	1.2067	65.3402	0.0000	0.0008	0.0234	0.0000	2.8116	482.9406	0.0000	0.0002	0.0000	0.0006	0.0003	0.0000	0.0015	0.0002	0.0000	0.0005
0	19	0.1298	3	2	1	1	0	0	0	0	0	Y	N	N	N	N	N	N	N	N	N	N	N	28.1305	31880.4061	2.4038	85.0005	34293.7511	18.4180	0.0152	inf	0.0164	0.0051	0.0053	0.0011	0.0143	0.0142	0.0248	0.0000	0.0000	0.0000	0.0002	0.0000	0.0005	0.0002	0.0000	0.0013	0.0002	0.0000	0.0004	0.0136	1792.3165	-0.0000	0.0000	2.0090	0.3962	5.8078	2.0067	0.0003	0.0003	0.0000	0.0003	0.0003	0.0000	0.0000	0.0000	0.0000	0.0000	0.0000	0.0000	0.0000	0.0000	0.0000	0.0000	0.0000	0.0000	0.0578	0.0542	0.0036	0.0205	0.0204	0.0002	0.0373	0.0338	0.0035	0.0784	0.0471	0.0313	0.0217	0.0190	0.0027	0.0567	0.0281	0.0286	28.1305	31880.4061	2.4038	85.0005	34293.7511	18.4180	0.0152	inf	0.0164	0.0002	0.0000	0.0005	0.0002	0.0000	0.0013	0.0002	0.0000	0.0004
0	20	0.1592	5	1	2	0	0	0	0	0	0	N	Y	N	N	N	N	N	N	N	N	N	N	0.0000	0.0000	0.0000	0.0000	0.0000	0.0000	0.0000	0.0000	0.0000	0.0000	0.0000	0.0000	0.0000	0.0000	0.0000	0.0000	0.0000	0.0000	0.0000	0.0000	0.0001	0.0000	0.0000	0.0001	0.0001	0.0000	0.0001	5.1499	0.0000	0.0000	2.0090	0.0000	5.8078	3.0021	0.0000	0.0000	0.0000	0.0000	0.0000	0.0000	0.0000	0.0000	0.0000	0.0000	0.0000	0.0000	0.0000	0.0000	0.0000	0.0000	0.0000	0.0000	0.0000	0.0000	0.0000	0.0000	0.0000	0.0000	0.0000	0.0000	0.0000	0.0338	0.0217	0.0121	0.0105	0.0095	0.0011	0.0233	0.0122	0.0110	0.0000	0.0000	0.0000	0.0000	0.0000	0.0000	0.0000	0.0000	0.0000	0.0000	0.0000	0.0001	0.0000	0.0000	0.0001	0.0001	0.0000	0.0001	
0	21	0.1097	2	1	2	0	0	0	0	0	0	N	Y	N	N	N	N	N	N	N	N	N	N	1139.2719	62657.6317	24.8171	6312.1541	82134.7916	68.6980	0.3422	inf	0.0730	5.0641	5.5722	0.2787	12.0216	12.8548	0.9090	0.0021	0.0023	0.0008	0.0044	0.0001	0.0112	0.0019	0.0002	0.0132	0.0061	0.0000	0.0109	0.0053	81.0640	-0.1723	0.0008	2.0090	9.2038	5.8078	12.0710	1.9080	1.8979	0.0101	1.9075	1.8975	0.0101	0.0005	0.0004	0.0000	0.0016	0.0000	0.0016	0.0003	0.0000	0.0003	0.0014	0.0000	0.0014	0.3768	0.3406	0.0362	0.1587	0.1476	0.0111	0.2181	0.1930	0.0251	0.3692	0.2249	0.1443	0.1475	0.1278	0.0197	0.2217	0.0971	0.1246	1139.2719	62657.6317	24.8171	6312.1541	82134.7916	68.6980	0.3422	inf	0.0730	0.0044	0.0001	0.0112	0.0019	0.0002	0.0132	0.0061	0.0000	0.0109
0	22	0.1097	2	2	2	0	0	0	0	0	0	Y	Y	N	N	N	N	N	N	N	N	N	N	765.8906	615.1601	0.8443	2091.7432	2892.7653	0.2632	0.4774	0.2394	1.8372	1.9773	2.1905	0.0009	4.7639	5.1308	0.0015	0.0013	0.0014	0.0006	0.0026	0.0036	0.0011	0.0023	0.0018	0.0056	0.0028	0.0059	0.0003	0.0000	0.1909	-0.0868	-0.0003	2.0090	12.2045	5.8078	6.9907	0.9091	0.9091	0.0000	0.9088	0.9087	0.0000	0.0004	0.0003	0.0000	0.0009	0.0007	0.0001	0.0003	0.0002	0.0001	0.0006	0.0005	0.0000	0.4598	0.4150	0.0448	0.1908	0.1771	0.0136	0.2690	0.2379	0.0311	0.3414	0.2078	0.1336	0.1365	0.1184	0.0181	0.2048	0.0894	0.1154	765.8906	615.1601	0.8443	2091.7432	2892.7653	0.2632	0.4774	0.2394	1.8372	0.0026	0.0036	0.0011	0.0023	0.0018	0.0056	0.0028	0.0059	0.0003
0	23	0.1538	4	1	2	0	0	0	0	0	0	N	Y	N	N	N	N	N	N	N	N	N	N	0.0000	0.0000	0.0000	0.0000	0.0000	0.0000	0.0000	0.0000	0.0000	0.0000	0.0000	0.0000	0.0000	0.0000	0.0000	0.0000	0.0000	0.0000	0.0009	0.0012	0.0003	0.0011	0.0013	0.0002	0.0007	0.0011	0.0003	0.1439	0.0000	-0.0001	2.0090	0.0000	5.8078	4.0676	0.0000	0.0000	0.0000	0.0000	0.0000	0.0000	0.0000	0.0000	0.0000	0.0002	0.0001	0.0000	0.0001	0.0001	0.0000	0.0001	0.0000	0.0000	0.0112	0.0108	0.0004	0.0066	0.0065	0.0002	0.0046	0.0043	0.0002	0.1740	0.1123	0.0617	0.0882	0.0782	0.0100	0.0858	0.0341	0.0517	0.0000	0.0000	0.0000	0.0000	0.0000	0.0000	0.0000	0.0000	0.0000	0.0009	0.0012	0.0003	0.0011	0.0013	0.0002	0.0007	0.0011	0.0003	
0	24	0.1097	2	2	2	0	0	0	0	0	0	Y	Y	N	N	N	N	N	N	N	N	N	N	1.2449	1.7975	0.0476	433.9460	220229.7266	4.5371	0.0656	0.0705	0.0000	5.7333	6.3051	0.3012	12.8620	13.7403	0.9842	0.5003	0.5650	0.0000	4.6054	3.5077	6.3279	0.0296	0.0001	0.2169	7.6264	8.0134	7.3175	0.0050	1.1495	-0.1819	0.0295	2.0090	8.3046	5.8078	21.0710	2.0086	1.9986	0.0100	1.9076	1.8975	0.0100	0.1011	0.1011	0.0000	2.1494	0.9999	1.1494	0.0055	0.0000	0.0055	2.1439	0.9999	1.1440	0.3503	0.3170	0.0334	0.1483	0.1381	0.0102	0.2020	0.1789	0.0232	0.4667	0.2851	0.1816	0.1856	0.1603	0.0253	0.2811	0.1248	0.1563	1.2449	1.7975	0.0476	433.9460	220229.7266	4.5371	0.0656	0.0705	0.0000	4.6054	3.5077	6.3279	0.0296	0.0001	0.2169	7.6264	8.0134	7.3175
0	25	0.1277	3	1	2	0	0	0	0	0	0	N	Y	N	N	N	N	N	N	N	N	N	N	21.0299	16.1176	0.1904	122.7760	112.0157	4.9528	0.2426	inf	0.1146	0.2145	0.2479	0.0002	3.8962	3.9528	0.0176	0.0001	0.0001	0.0001	0.0102	0.0154	0.0009	0.0317	0.0353	0.0036	0.0003	0.0000	0.0006	0.0001	0.0335	-0.0011	-0.0014	2.0090	1.0335	5.8078	7.4537	0.0119	0.0119	0.0000	0.0119	0.0119	0.0000	0.0000	0.0000	0.0000	0.0029	0.0028	0.0001	0.0029	0.0028	0.0000	0.0001	0.0000	0.0001	0.0554	0.0479	0.0075	0.0030	0.0030	0.0000	0.0523	0.0449	0.0074	0.2856	0.1833	0.1024	0.0899	0.0799	0.0101	0.1957	0.1034	0.0923	21.0299	16.1176	0.1904	122.7760	112.0157	4.9528	0.2426	inf	0.1146	0.0102	0.0154	0.0009	0.0317	0.0353	0.0036	0.0003	0.0000	0.0006
0	26	0.1097	2	1	2	0	0	0	0	0	0	N	Y	N	N	N	N	N	N	N	N	N	N	14120.5210	9558.2574	24526.8073	22113.4609	20879.8735	14500.5893	8.8695	4.1722	223.5567	6.0195	6.6091	0.3379	14.1172	15.0580	1.1033	0.0025	0.0027	0.0010	0.0004	0.0007	0.0000	0.0006	0.0007	0.0001	0.0003	0.0007	0.0000	0.0053	0.0128	-0.1723	-0.0001	2.0090	7.2039	5.8078	4.9911	1.9080	1.8979	0.0101	1.9075	1.8975	0.0101	0.0005	0.0004	0.0000	0.0001	0.0001	0.0000	0.0001	0.0001	0.0000	0.0000	0.0000	0.0000	0.3170	0.2872	0.0298	0.1351	0.1260	0.0091	0.1818	0.1612	0.0207	0.2376	0.1446	0.0930	0.0954	0.0832	0.0122	0.1421	0.0614	0.0807	14120.5210	9558.2574	24526.8073	22113.4609	20879.8735	14500.5893	8.8695	4.1722	223.5567	0.0004	0.0007	0.0000	0.0006	0.0007	0.0001	0.0003	0.0007	0.0000
0	28	0.1097	2	1	2	0	0	0	0	0	0	N	Y	N	N	N	N	N	N	N	N	N	N	0.3564	0.2336	0.0000	0.0001	0.0001	0.0000	191.2493	3092.6419	0.0000	0.7915	0.8507	0.0000	0.0007	0.0007	0.0000	1.4618	1.6126	0.0000	2.2211	3.6416	0.0133	5.5318	6.3635	0.0142	0.0076	0.0005	0.0131	0.0000	0.0023	-0.0097	-0.3395	2.0090	1.7961	5.8078	15.9291	0.1010	0.1010	0.0000	0.0000	0.0000	0.0000	0.1009	0.1009	0.0000	0.6546	0.6530	0.0015	0.6532	0.6530	0.0002	0.0014	0.0000	0.0013	0.1276	0.1187	0.0089	0.0585	0.0561	0.0024	0.0690	0.0626	0.0065	0.2947	0.1793	0.1154	0.1181	0.1026	0.0155	0.1766	0.0767	0.0999	0.3564	0.2336	0.0000	0.0001	0.0001	0.0000	191.2493	3092.6419	0.0000	2.2211	3.6416	0.0133	5.5318	6.3635	0.0142	0.0076	0.0005	0.0131
0	29	0.1675	5	2	2	0	0	0	0	0	0	Y	Y	N	N	N	N	N	N	N	N	N	N	0.0000	0.0000	0.0000	0.0000	0.0000	0.0000	0.0000	0.0000	0.0000	0.0000	0.0000	0.0000	0.0000	0.0000	0.0000	0.0000	0.0000	0.0000	0.0000	0.0000	2.0090	0.0000	5.8078	0.0000	0.0000	0.0000	0.0000	0.0000	0.0000	0.0000	0.0000	0.0000	0.0000	0.0000	0.0000	0.0000	0.0000	0.0000	0.0000	0.0000	0.0000	0.0000	0.0000	0.0000	0.0000	0.0000	0.0000	0.0000	0.0000	0.0000	0.0000	0.0000	0.0000	0.0000	0.0000	0.0000	0.0000	0.0000	0.0000	0.0000	0.0000	0.0000	0.0000	0.0000	0.0000	0.0000	0.0000	0.0000	0.0000	0.0000	0.0000	0.0000	0.0000	0.0000	0.0000	0.0000	0.0000	0.0000											
0	30	0.1097	2	1	2	0	1	0	0	0	0	N	Y	N	N	N	N	N	N	N	N	N	N	0.0000	0.0000	0.0000	0.0000	0.0000	0.0000	0.0000	0.0000	0.0000	0.0000	0.0000	0.0000	0.0000	0.0000	0.0000	0.0000	0.0000	0.0000	1.9489	3.1481	0.0829	4.8287	5.5247	0.2809	0.0294	0.0006	0.0518	0.0169	0.0000	-0.3349	2.0090	0.0000	5.8078	19.0400	0.0000	0.0000	0.0000	0.0000	0.0000	0.0000	0.0000	0.0000	0.0000	0.6640	0.6529	0.0110	0.6580	0.6529	0.0051	0.0060	0.0000	0.0060	0.0000	0.0000	0.0000	0.0000	0.0000	0.0000	0.0000	0.0000	0.0000	0.3407	0.2074	0.1333	0.1363	0.1182	0.0181	0.2044	0.0892	0.1152	0.0000	0.0000	0.0000	0.0000	0.0000	0.0000	0.0000	0.0000	0.0000	1.9489	3.1481	0.0829	4.8287	5.5247	0.2809	0.0294	0.0006	0.0518	
0	31	0.1097	2	2	2	0	0	0	0	0	0	Y	Y	N	N	N	N	N	N	N	N	N	N	38.7669	432.9415	0.0000	0.1143	0.2797	0.0000	46.7052	1663.0863	0.0000	0.3577	0.3940	0.0000	0.0003	0.0004	0.0000	0.6269	0.7064	0.0000	0.0092	0.0009	0.0222	0.0029	0.0013	0.0136	0.0134	0.0004	0.0235	0.0000	15.6468	-0.0097	0.0014	2.0090	6.7961	5.8078	16.0091	0.1010	0.1010	0.0000	0.0000	0.0000	0.0000	0.1009	0.1009	0.0000	0.0033	0.0002	0.0031	0.0004	0.0002	0.0003	0.0029	0.0000	0.0029	0.2823	0.2563	0.0261	0.1213	0.1134	0.0079	0.1610	0.1429	0.0181	0.3586	0.2184	0.1402	0.1433	0.1242	0.0191	0.2153	0.0942	0.1211	38.7669	432.9415	0.0000	0.1143	0.2797	0.0000	46.7052	1663.0863	0.0000	0.0092	0.0009	0.0222	0.0029	0.0013	0.0136	0.0134	0.0004	0.0235
0	32	0.5346	9	1	1	1	0	0	0	0	0	N	N	N	N	N	N	N	N	N	N	N	N	0.1460	0.1892	0.0000	0.1387	0.1831	0.0000	0.0000	0.0177	0.0000	0.0009	0.0010	0.0000	0.0016	0.0017	0.0000	0.0000	0.0000	0.0000	0.0062	0.0053	0.0080	0.0117	0.0095	0.0250	0.0022	0.0000	0.0044	0.0000	0.7836	-0.0000	-0.0001	2.0090	2.4598	5.8078	7.4321	0.0001	0.0001	0.0000	0.0001	0.0001	0.0000	0.0000	0.0000	0.0000	0.0013	0.0007	0.0006	0.0010	0.0007	0.0003	0.0003	0.0000	0.0003	0.0881	0.0796	0.0085	0.0492	0.0457	0.0035	0.0389	0.0339	0.0050	0.2040	0.1340	0.0701	0.0867	0.0745	0.0122	0.1173	0.0595	0.0579	0.1460	0.1892	0.0000	0.1387	0.1831	0.0000	0.0000	0.0177	0.0000	0.0062	0.0053	0.0080	0.0117	0.0095	0.0250	0.0022	0.0000	0.0044
0	33	0.4963	8	1	1	0	0	0	0	0	0	N	N	N	N	N	N	N	N	N	N	N	N	0.0219	0.5975	0.0000	0.0334	0.6591	0.0000	0.0000	0.0043	0.0000	0.0008	0.0009	0.0000	0.0015	0.0016	0.0000	0.0000	0.0000	0.0000	0.0382	0.0016	0.1216	0.0456	0.0025	0.2833	0.0308	0.0001	0.0670	0.0000	34.3676	-0.0000	0.0036	2.0090	2.7943	5.8078	8.2643	0.0001	0.0001	0.0000	0.0001	0.0001	0.0000	0.0000	0.0000	0.0000	0.0081	0.0002	0.0078	0.0048	0.0002	0.0046	0.0032	0.0000	0.0032	0.0954	0.0861	0.0093	0.0525	0.0487	0.0038	0.0429	0.0374	0.0056	0.2112	0.1467	0.0645	0.1059	0.0897	0.0163	0.1053	0.0571	0.0482	0.0219	0.5975	0.0000	0.0334	0.6591	0.0000	0.0000	0.0043	0.0000	0.0382	0.0016	0.1216	0.0456	0.0025	0.2833	0.0308	0.0001	0.0670
0	34	0.1652	3	1	2	0	0	0	0	0	0	N	Y	N	N	N	N	N	N	N	N	N	N	7.3462	5.5411	0.0000	1.0848	0.9653	0.0000	135.0992	93.1257	0.0000	0.2741	0.2929	0.0000	0.0815	0.0853	0.0000	0.6712	0.7511	0.0000	0.0373	0.0529	0.0007	0.0751	0.0883	0.0004	0.0050	0.0081	0.0008	0.0000	0.0056	-0.0000	-0.0020	2.0090	0.0009	5.8078	2.4415	0.0000	0.0000	0.0000	0.0000	0.0000	0.0000	0.0000	0.0000	0.0000	0.0039	0.0039	0.0000	0.0036	0.0036	0.0000	0.0003	0.0003	0.0000	0.0002	0.0002	0.0000	0.0001	0.0001	0.0000	0.0001	0.0001	0.0000	0.1038	0.0729	0.0310	0.0479	0.0407	0.0072	0.0560	0.0322	0.0238	7.3462	5.5411	0.0000	1.0848	0.9653	0.0000	135.0992	93.1257	0.0000	0.0373	0.0529	0.0007	0.0751	0.0883	0.0004	0.0050	0.0081	0.0008
0	35	0.1097	2	2	1	1	0	0	0	0	0	Y	N	N	N	N	N	N	N	N	N	N	N	0.0000	0.0000	0.0000	0.0000	0.0000	0.0000	0.0000	0.0000	0.0000	0.0000	0.0000	0.0000	0.0000	0.0047	0.0000	0.0122	0.0000	0.0000	0.0000	0.0080	0.0000	0.0140	inf	0.0000	0.0003	2.0090	0.0000	5.8078	5.9600	0.0000	0.0000	0.0000	0.0000	0.0000	0.0000	0.0000	0.0000	0.0000	0.0006	0.0000	0.0006	0.0000	0.0000	0.0000	0.0006	0.0000	0.0006	0.0000	0.0000	0.0000	0.0000	0.0000	0.0000	0.0000	0.0000	0.0000	0.1310	0.0803	0.0506	0.0531	0.0468	0.0063	0.0778	0.0335	0.0443	0.0000	0.0000	0.0000	0.0000	0.0000	0.0000	0.0000	0.0000	0.0000	0.0047	0.0000	0.0122	0.0000	0.0000	0.0000	0.0080	0.0000	0.0140						
0	38	0.1097	2	1	2	0	1	0	0	0	0	N	Y	N	N	N	N	N	N	N	N	N	N	203.4028	11509.6517	4.3666	412.3407	20902.6428	4.3109	0.1614	12.4481	0.0200	4.7177	5.1945	0.2577	11.2553	12.0451	0.8413	0.0033	0.0036	0.0007	0.0232	0.0005	0.0590	0.0273	0.0006	0.1952	0.0205	0.0003	0.0368	0.0053	83.0091	-0.1723	0.0055	2.0090	10.2042	5.8078	23.0710	1.9083	1.8982	0.0101	1.9075	1.8975	0.0101	0.0008	0.0008	0.0000	0.0118	0.0001	0.0116	0.0055	0.0001	0.0054	0.0063	0.0000	0.0062	0.4045	0.3654	0.0391	0.1695	0.1575	0.0119	0.2350	0.2079	0.0271	0.5071	0.3102	0.1969	0.2012	0.1735	0.0276	0.3059	0.1367	0.1693	203.4028	11509.6517	4.3666	412.3407	20902.6428	4.3109	0.1614	12.4481	0.0200	0.0232	0.0005	0.0590	0.0273	0.0006	0.1952	0.0205	0.0003	0.0368
0	39	0.1097	2	2	1	1	0	0	0	0	0	Y	N	N	N	N	N	N	N	N	N	N	N	0.0000	0.0000	0.0000	0.0000	0.0000	0.0000	0.0000	0.0000	0.0000	0.0000	0.0000	0.0000	0.0000	0.0117	0.0000	0.0319	0.0000	0.0000	0.0000	0.0201	0.0000	0.0359	inf	0.0000	0.0003	2.0090	0.0000	5.8078	1.9600	0.0000	0.0000	0.0000	0.0000	0.0000	0.0000	0.0000	0.0000	0.0000	0.0006	0.0000	0.0006	0.0000	0.0000	0.0000	0.0006	0.0000	0.0006	0.0000	0.0000	0.0000	0.0000	0.0000	0.0000	0.0000	0.0000	0.0000	0.0532	0.0337	0.0195	0.0223	0.0202	0.0022	0.0309	0.0136	0.0173	0.0000	0.0000	0.0000	0.0000	0.0000	0.0000	0.0000	0.0000	0.0000	0.0117	0.0000	0.0319	0.0000	0.0000	0.0000	0.0201	0.0000	0.0359						
0	40	0.1652	3	1	1	1	0	0	0	0	0	N	N	N	N	N	N	N	N	N	N	N	N	11.0057	77478.5401	0.0000	2.9772	12219.2051	0.0000	28.6551	755964.3279	0.0000	0.2741	0.2929	0.0000	0.0815	0.0853	0.0000	0.6712	0.7511	0.0000	0.0249	0.0000	0.0728	0.0274	0.0000	0.1519	0.0234	0.0000	0.0534	0.0000	10005.8697	-0.0000	0.0021	2.0090	0.0009	5.8078	7.7842	0.0000	0.0000	0.0000	0.0000	0.0000	0.0000	0.0000	0.0000	0.0000	0.0045	0.0000	0.0045	0.0018	0.0000	0.0018	0.0026	0.0000	0.0026	0.0002	0.0002	0.0000	0.0001	0.0001	0.0000	0.0001	0.0001	0.0000	0.1795	0.1181	0.0613	0.0671	0.0550	0.0121	0.1124	0.0631	0.0493	11.0057	77478.5401	0.0000	2.9772	12219.2051	0.0000	28.6551	755964.3279	0.0000	0.0249	0.0000	0.0728	0.0274	0.0000	0.1519	0.0234	0.0000	0.0534
0	41	0.1097	2	1	1	0	0	0	0	0	0	N	N	N	N	N	N	N	N	N	N	N	N	24.6641	47.3741	0.0000	0.0398	0.0758	0.0000	50.3208	106.3912	0.0000	0.7919	0.8511	0.0000	0.0015	0.0015	0.0000	1.4618	1.6127	0.0000	0.0321	0.0180	0.0541	0.0367	0.0201	0.1450	0.0290	0.0152	0.0398	0.0000	1.9355	-0.0097	0.0015	2.0090	1.7959	5.8078	20.1034	0.1010	0.1010	0.0000	0.0001	0.0001	0.0000	0.1009	0.1009	0.0000	0.0112	0.0038	0.0074	0.0051	0.0024	0.0027	0.0061	0.0014	0.0047	0.1276	0.1187	0.0089	0.0585	0.0561	0.0024	0.0690	0.0626	0.0065	0.3477	0.2117	0.1360	0.1390	0.1205	0.0185	0.2087	0.0912	0.1175	24.6641	47.3741	0.0000	0.0398	0.0758	0.0000	50.3208	106.3912	0.0000	0.0321	0.0180	0.0541	0.0367	0.0201	0.1450	0.0290	0.0152	0.0398
0	42	0.1797	3	1	2	0	0	0	0	0	0	N	Y	N	N	N	N	N	N	N	N	N	N	0.0000	0.0000	0.0000	0.0000	0.0000	0.0000	0.0000	0.0000	0.0000	0.0000	0.0000	0.0000	0.0000	0.0001	0.0002	0.0000	0.0003	0.0003	0.0000	0.0000	0.0000	0.0000	0.0000	0.0000	-0.0000	2.0090	0.0003	5.8078	0.0002	0.0000	0.0000	0.0000	0.0000	0.0000	0.0000	0.0000	0.0000	0.0000	0.0000	0.0000	0.0000	0.0000	0.0000	0.0000	0.0000	0.0000	0.0000	0.0000	0.0000	0.0000	0.0000	0.0000	0.0000	0.0000	0.0000	0.0000	0.0001	0.0000	0.0000	0.0000	0.0000	0.0000	0.0000	0.0000	0.0000	0.0000	0.0000	0.0000	0.0000	0.0000	0.0000	0.0000	0.0000	0.0000	0.0001	0.0002	0.0000	0.0003	0.0003	0.0000	0.0000	0.0000	0.0000						
0	43	0.1357	3	2	2	1	0	0	0	0	0	Y	Y	N	N	N	N	N	N	N	N	N	N	0.0000	0.0000	0.0000	0.0000	0.0000	0.0000	0.0000	0.0000	0.0000	0.0000	0.0000	0.0000	0.0000	0.0000	0.0000	0.0000	0.0000	0.0000	0.0000	0.0000	2.0090	0.0000	5.8078	2.0000	0.0000	0.0000	0.0000	0.0000	0.0000	0.0000	0.0000	0.0000	0.0000	0.0000	0.0000	0.0000	0.0000	0.0000	0.0000	0.0000	0.0000	0.0000	0.0000	0.0000	0.0000	0.0000	0.0000	0.0000	0.0000	0.0000	0.0000	0.0310	0.0229	0.0082	0.0214	0.0179	0.0036	0.0096	0.0050	0.0046	0.0000	0.0000	0.0000	0.0000	0.0000	0.0000	0.0000	0.0000	0.0000	0.0000	0.0000	0.0000	0.0000	0.0000	0.0000	0.0000	0.0000	0.0000											
0	44	0.1357	3	2	2	1	0	0	0	0	0	Y	Y	N	N	N	N	N	N	N	N	N	N	0.0000	0.0000	0.0000	0.0000	0.0000	0.0000	0.0000	0.0000	0.0000	0.0000	0.0000	0.0000	0.0000	0.0000	0.0000	0.0000	0.0000	0.0000	0.0000	0.0000	2.0090	0.0000	5.8078	0.0000	0.0000	0.0000	0.0000	0.0000	0.0000	0.0000	0.0000	0.0000	0.0000	0.0000	0.0000	0.0000	0.0000	0.0000	0.0000	0.0000	0.0000	0.0000	0.0000	0.0000	0.0000	0.0000	0.0000	0.0000	0.0000	0.0000	0.0000	0.0000	0.0000	0.0000	0.0000	0.0000	0.0000	0.0000	0.0000	0.0000	0.0000	0.0000	0.0000	0.0000	0.0000	0.0000	0.0000	0.0000	0.0000	0.0000	0.0000	0.0000	0.0000	0.0000	0.0000	0.0000	0.0000	0.0000											
0	45	0.1097	2	2	2	1	0	0	0	0	0	Y	Y	N	N	N	N	N	N	N	N	N	N	3011.2148	1943.2277	1.0266	0.9238	inf	inf	1.0778	1.1386	0.0000	0.0009	0.0009	0.0000	2.0542	2.2296	0.0000	0.0004	0.0006	0.0000	0.0009	0.0010	0.0000	0.0000	0.0000	0.0000	0.0000	0.0000	-0.0097	-0.0000	2.0090	0.7962	5.8078	7.9291	0.1010	0.1010	0.0000	0.0000	0.0000	0.0000	0.1009	0.1009	0.0000	0.0001	0.0001	0.0000	0.0001	0.0001	0.0000	0.0000	0.0000	0.0000	0.0937	0.0887	0.0050	0.0446	0.0434	0.0011	0.0491	0.0453	0.0039	0.1642	0.1003	0.0639	0.0663	0.0581	0.0082	0.0979	0.0421	0.0557	3011.2148	1943.2277	0.0000	1.0266	0.9238	0.0000	inf	inf	0.0000	0.0004	0.0006	0.0000	0.0009	0.0010	0.0000	0.0000	0.0000	0.0000			
0	46	0.1097	2	2	2	0	0	0	0	0	0	Y	Y	N	N	N	N	N	N	N	N	N	N	431.3090	1398.3858	0.0000	0.2663	1.3328	0.0000	1090.7248	2302.6550	0.0000	1.0778	1.1386	0.0000	0.0009	0.0009	0.0000	2.0542	2.2296	0.0000	0.0025	0.0008	0.0051	0.0034	0.0007	0.0218	0.0019	0.0010	0.0026	0.0000	4.0417	-0.0097	0.0002	2.0090	0.7962	5.8078	12.9291	0.1010	0.1010	0.0000	0.0000	0.0000	0.0000	0.1009	0.1009	0.0000	0.0006	0.0001	0.0005	0.0003	0.0001	0.0003	0.0003	0.0001	0.0002	0.0937	0.0887	0.0050	0.0446	0.0434	0.0011	0.0491	0.0453	0.0039	0.2396	0.1459	0.0938	0.0963	0.0839	0.0124	0.1434	0.0620	0.0814	431.3090	1398.3858	0.0000	0.2663	1.3328	0.0000	1090.7248	2302.6550	0.0000	0.0025	0.0008	0.0051	0.0034	0.0007	0.0218	0.0019	0.0010	0.0026
0	47	0.1097	2	1	2	0	1	0	0	0	0	N	Y	N	N	N	N	N	N	N	N	N	N	0.0000	0.0000	0.0000	0.0000	0.0000	0.0000	0.0000	0.0000	0.0000	0.0000	0.0000	0.0000	0.0000	0.0000	0.0000	0.0233	0.0000	0.0597	0.0303	0.0000	0.2249	0.0186	0.0000	0.0333	inf	0.0000	0.0045	2.0090	9.0000	5.8078	15.0400	0.0000	0.0000	0.0000	0.0000	0.0000	0.0000	0.0000	0.0000	0.0000	0.0095	0.0000	0.0095	0.0049	0.0000	0.0049	0.0046	0.0000	0.0046	0.3723	0.3366	0.0357	0.1569	0.1460	0.0109	0.2154	0.1906	0.0248	0.4061	0.2475	0.1585	0.1620	0.1401	0.0218	0.2441	0.1074	0.1367	0.0000	0.0000	0.0000	0.0000	0.0000	0.0000	0.0000	0.0000	0.0000	0.0233	0.0000	0.0597	0.0303	0.0000	0.2249	0.0186	0.0000	0.0333				
0	48	0.1882	3	1	1	0	1	0	0	0	0	N	N	N	N	N	N	N	N	N	N	N	N	345.7382	18355.4226	0.0000	0.1991	5.8260	0.0000	904.1111	155052.9430	0.0000	0.0581	0.0637	0.0000	0.0000	0.0000	0.0000	0.1397	0.1594	0.0000	0.0002	0.0000	0.0004	0.0002	0.0000	0.0010	0.0002	0.0000	0.0003	0.0000	77.2547	-0.0000	0.0000	2.0090	0.0037	5.8078	3.0208	0.0000	0.0000	0.0000	0.0000	0.0000	0.0000	0.0000	0.0000	0.0000	0.0000	0.0000	0.0000	0.0000	0.0000	0.0000	0.0000	0.0000	0.0000	0.0002	0.0002	0.0000	0.0001	0.0001	0.0000	0.0001	0.0001	0.0000	0.0542	0.0335	0.0207	0.0161	0.0131	0.0030	0.0381	0.0204	0.0177	345.7382	18355.4226	0.0000	0.1991	5.8260	0.0000	904.1111	155052.9430	0.0000	0.0002	0.0000	0.0004	0.0002	0.0000	0.0010	0.0002	0.0000	0.0003
0	49	0.1097	2	1	1	0	1	0	0	0	0	N	N	N	N	N	N	N	N	N	N	N	N	15.9681	2125.7779	0.0000	0.0153	1.3160	0.0000	31.9818	334820.8953	0.0000	0.4525	0.4960	0.0000	0.0005	0.0005	0.0000	0.8033	0.9015	0.0000	0.0283	0.0002	0.0723	0.0332	0.0004	0.2431	0.0251	0.0000	0.0449	0.0000	198.1615	-0.0097	0.0056	2.0090	4.7960	5.8078	23.0471	0.1010	0.1010	0.0000	0.0000	0.0000	0.0000	0.1009	0.1009	0.0000	0.0118	0.0001	0.0117	0.0055	0.0001	0.0054	0.0063	0.0000	0.0063	0.2232	0.2036	0.0196	0.0975	0.0917	0.0059	0.1257	0.1120	0.0137	0.4161	0.2537	0.1624	0.1659	0.1435	0.0224	0.2502	0.1102	0.1400	15.9681	2125.7779	0.0000	0.0153	1.3160	0.0000	31.9818	334820.8953	0.0000	0.0283	0.0002	0.0723	0.0332	0.0004	0.2431	0.0251	0.0000	0.0449
0	50	0.1446	3	1	2	1	0	0	0	0	0	N	Y	N	N	N	N	N	N	N	N	N	N	37133.5762	1051724.6678	0.0047	7033.6632	99461.2014	0.0082	45766.8263	6494750.0304	0.0042	3.1747	3.7030	0.0000	0.5768	0.6119	0.0000	4.0125	4.8356	0.0000	0.0001	0.0000	0.0002	0.0001	0.0000	0.0005	0.0001	0.0000	0.0002	0.0000	36.8606	-0.0339	0.0000	2.0090	1.4428	5.8078	0.4686	0.3550	0.3550	0.0000	0.0157	0.0157	0.0000	0.3393	0.3393	0.0000	0.0000	0.0000	0.0000	0.0000	0.0000	0.0000	0.0000	0.0000	0.0000	0.1118	0.0959	0.0160	0.0273	0.0257	0.0016	0.0846	0.0702	0.0144	0.0814	0.0522	0.0292	0.0313	0.0268	0.0045	0.0501	0.0254	0.0247	37133.5762	1051724.6678	0.0047	7033.6632	99461.2014	0.0082	45766.8263	6494750.0304	0.0042	0.0001	0.0000	0.0002	0.0001	0.0000	0.0005	0.0001	0.0000	0.0002
0	51	0.1097	2	1	2	0	0	0	0	0	0	N	Y	N	N	N	N	N	N	N	N	N	N	15279.1665	11423.6253	280.4468	26180.7080	24794.1524	1388.4022	12.7282	7.6249	8.9942	5.9862	6.6042	0.0287	14.0356	15.0431	0.0916	0.0038	0.0041	0.0010	0.0004	0.0006	0.0001	0.0005	0.0006	0.0001	0.0003	0.0005	0.0001	0.0005	0.1138	-0.1801	-0.0000	2.0090	7.1845	5.8078	8.0722	1.8938	1.8930	0.0009	1.8932	1.8923	0.0008	0.0007	0.0007	0.0000	0.0001	0.0001	0.0000	0.0001	0.0001	0.0000	0.0001	0.0000	0.0000	0.3164	0.2866	0.0297	0.1349	0.1258	0.0091	0.1815	0.1608	0.0206	0.2850	0.1734	0.1116	0.1142	0.0993	0.0149	0.1707	0.0741	0.0967	15279.1665	11423.6253	280.4468	26180.7080	24794.1524	1388.4022	12.7282	7.6249	8.9942	0.0004	0.0006	0.0001	0.0005	0.0006	0.0001	0.0003	0.0005	0.0001
0	52	0.1323	3	2	1	1	0	0	0	0	0	Y	N	N	N	N	N	N	N	N	N	N	N	12.0440	1289.8178	0.0564	12370.6564	11805.4135	1996.5976	0.0064	63.7268	0.0159	0.2266	0.2640	0.0027	4.1479	4.2171	0.2774	0.0002	0.0001	0.0008	0.0188	0.0002	0.0478	0.0003	0.0004	0.0001	0.0305	0.0000	0.0531	0.0017	149.8901	-0.0008	0.0015	2.0090	0.9976	5.8078	4.7732	0.0085	0.0085	0.0000	0.0085	0.0085	0.0000	0.0000	0.0000	0.0000	0.0031	0.0000	0.0031	0.0000	0.0000	0.0000	0.0031	0.0000	0.0031	0.0377	0.0323	0.0054	0.0021	0.0020	0.0000	0.0357	0.0303	0.0054	0.1641	0.1000	0.0641	0.0635	0.0571	0.0064	0.1006	0.0428	0.0577	12.0440	1289.8178	0.0564	12370.6564	11805.4135	1996.5976	0.0064	63.7268	0.0159	0.0188	0.0002	0.0478	0.0003	0.0004	0.0001	0.0305	0.0000	0.0531
0	53	0.1097	2	2	1	0	0	0	0	0	0	Y	N	N	N	N	N	N	N	N	N	N	N	1.9373	385278.7725	0.0480	390852.0077	522811.7678	15032.1009	0.0008	1725.5715	0.0000	10.2508	11.1193	0.6515	23.1140	24.3337	2.2117	0.0071	0.0080	0.0000	5.2913	0.0000	13.5602	0.0001	0.0000	0.0001	8.8632	0.0000	15.5740	0.0053	300656.8722	-0.1717	0.4774	2.0090	3.2133	5.8078	6.0120	1.9010	1.8910	0.0100	1.9003	1.8903	0.0100	0.0007	0.0007	0.0000	0.9969	0.0000	0.9969	0.0000	0.0000	0.0000	0.9969	0.0000	0.9969	0.1855	0.1701	0.0154	0.0822	0.0777	0.0045	0.1032	0.0924	0.0109	0.1884	0.1149	0.0735	0.0759	0.0664	0.0095	0.1125	0.0485	0.0640	1.9373	385278.7725	0.0480	390852.0077	522811.7678	15032.1009	0.0008	1725.5715	0.0000	5.2913	0.0000	13.5602	0.0001	0.0000	0.0001	8.8632	0.0000	15.5740
0	54	0.1097	2	2	2	0	0	0	0	0	0	Y	Y	N	N	N	N	N	N	N	N	N	N	148.3193	2111.4947	0.0000	0.1237	1.0312	0.0000	283.2036	inf	0.0000	0.7915	0.8507	0.0000	0.0007	0.0007	0.0000	1.4618	1.6126	0.0000	0.0053	0.0004	0.0130	0.0056	0.0007	0.0388	0.0052	0.0000	0.0091	0.0000	20.7616	-0.0097	0.0006	2.0090	1.7961	5.8078	11.9291	0.1010	0.1010	0.0000	0.0000	0.0000	0.0000	0.1009	0.1009	0.0000	0.0013	0.0001	0.0012	0.0005	0.0001	0.0005	0.0007	0.0000	0.0007	0.1276	0.1187	0.0089	0.0585	0.0561	0.0024	0.0690	0.0626	0.0065	0.2396	0.1459	0.0938	0.0963	0.0839	0.0124	0.1434	0.0620	0.0814	148.3193	2111.4947	0.0000	0.1237	1.0312	0.0000	283.2036	inf	0.0000	0.0053	0.0004	0.0130	0.0056	0.0007	0.0388	0.0052	0.0000	0.0091
0	55	0.1309	3	1	2	0	0	0	0	0	0	N	Y	N	N	N	N	N	N	N	N	N	N	0.0763	0.0578	0.0000	91.7864	82.8684	0.0000	0.0656	0.0309	0.0000	0.5023	0.5289	0.0000	0.0666	0.0694	0.0000	1.2479	1.3383	0.0000	6.5802	9.1536	0.0000	0.0007	0.0008	0.0000	19.0306	43.3135	0.0000	0.0000	0.0000	-0.0000	-0.5191	2.0090	0.0041	5.8078	6.2745	0.0005	0.0005	0.0000	0.0000	0.0000	0.0000	0.0004	0.0004	0.0000	0.9961	0.9961	0.0000	0.0001	0.0001	0.0000	0.9960	0.9960	0.0000	0.0010	0.0009	0.0000	0.0006	0.0006	0.0000	0.0004	0.0003	0.0000	0.1514	0.1088	0.0426	0.0990	0.0858	0.0132	0.0523	0.0230	0.0293	0.0763	0.0578	0.0000	91.7864	82.8684	0.0000	0.0656	0.0309	0.0000	6.5802	9.1536	0.0000	0.0007	0.0008	0.0000	19.0306	43.3135	0.0000
0	56	0.1797	3	1	1	1	0	0	0	0	0	N	N	N	N	N	N	N	N	N	N	N	N	29258.9643	inf	0.0000	17581.6270	inf	0.0000	41.3226	inf	0.0000	3.5495	3.9268	0.0000	7.1446	7.6786	0.0000	0.0016	0.0018	0.0000	0.0001	0.0000	0.0003	0.0004	0.0000	0.0017	0.0000	0.0000	0.0001	0.0000	inf	-0.1920	0.0000	2.0090	18.9997	5.8078	4.0000	2.0090	2.0090	0.0000	2.0085	2.0085	0.0000	0.0005	0.0005	0.0000	0.0000	0.0000	0.0000	0.0000	0.0000	0.0000	0.0000	0.0000	0.0000	0.5660	0.5116	0.0544	0.2811	0.2616	0.0196	0.2849	0.2500	0.0348	0.3297	0.1952	0.1345	0.0738	0.0565	0.0173	0.2559	0.1387	0.1172	29258.9643	inf	0.0000	17581.6270	inf	0.0000	41.3226	inf	0.0000	0.0001	0.0000	0.0003	0.0004	0.0000	0.0017	0.0000	0.0000	0.0001
0	57	0.1097	2	1	1	0	0	0	0	0	0	N	N	N	N	N	N	N	N	N	N	N	N	25.5912	5145.2450	0.0000	0.0193	2.4858	0.0000	52.9667	inf	0.0000	0.7556	0.8138	0.0000	0.0007	0.0007	0.0000	1.3898	1.5362	0.0000	0.0295	0.0002	0.0754	0.0345	0.0003	0.2542	0.0262	0.0000	0.0468	0.0000	305.2475	-0.0097	0.0056	2.0090	1.7961	5.8078	22.3138	0.1010	0.1010	0.0000	0.0000	0.0000	0.0000	0.1009	0.1009	0.0000	0.0119	0.0000	0.0118	0.0055	0.0000	0.0055	0.0063	0.0000	0.0063	0.1336	0.1241	0.0096	0.0610	0.0584	0.0026	0.0726	0.0657	0.0069	0.4020	0.2450	0.1570	0.1604	0.1388	0.0216	0.2416	0.1063	0.1354	25.5912	5145.2450	0.0000	0.0193	2.4858	0.0000	52.9667	inf	0.0000	0.0295	0.0002	0.0754	0.0345	0.0003	0.2542	0.0262	0.0000	0.0468
0	58	0.1305	4	2	2	0	0	0	0	0	0	Y	Y	N	N	N	N	N	N	N	N	N	N	0.0766	318894.2766	0.0000	369.9999	2153928.6356	0.2173	0.0000	1167.2041	0.0000	0.2176	0.2514	0.0002	3.6637	3.7120	0.0193	0.0001	0.0001	0.0001	2.8423	0.0000	8.0246	0.0099	0.0000	0.0888	4.1595	0.0000	8.9054	0.0001	5582529.3945	-0.0011	0.4310	2.0090	0.9359	5.8078	8.5945	0.0110	0.0110	0.0000	0.0110	0.0110	0.0000	0.0000	0.0000	0.0000	0.8999	0.0000	0.8999	0.0010	0.0000	0.0010	0.8989	0.0000	0.8989	0.0506	0.0438	0.0068	0.0030	0.0030	0.0000	0.0476	0.0408	0.0068	0.3166	0.2045	0.1121	0.1005	0.0893	0.0112	0.2161	0.1152	0.1009	0.0766	318894.2766	0.0000	369.9999	2153928.6356	0.2173	0.0000	1167.2041	0.0000	2.8423	0.0000	8.0246	0.0099	0.0000	0.0888	4.1595	0.0000	8.9054
0	59	0.1277	3	1	2	0	0	0	0	0	0	N	Y	N	N	N	N	N	N	N	N	N	N	1.7233	52.6340	0.0022	100.7509	96.5373	2.6702	0.6661	45.6553	0.0019	1.7180	1.9544	0.0070	4.6544	4.6956	0.0364	1.0216	1.1981	0.0066	0.9969	0.0371	3.1371	0.0462	0.0486	0.0136	1.5337	0.0262	3.4138	0.0005	37.8868	-0.0022	0.0465	2.0090	0.1706	5.8078	1.8413	0.0228	0.0228	0.0000	0.0118	0.0118	0.0000	0.0109	0.0109	0.0000	0.1027	0.0026	0.1000	0.0017	0.0017	0.0000	0.1010	0.0010	0.1000	0.0133	0.0116	0.0016	0.0025	0.0025	0.0000	0.0107	0.0091	0.0016	0.1030	0.0711	0.0319	0.0372	0.0346	0.0026	0.0658	0.0365	0.0293	1.7233	52.6340	0.0022	100.7509	96.5373	2.6702	0.6661	45.6553	0.0019	0.9969	0.0371	3.1371	0.0462	0.0486	0.0136	1.5337	0.0262	3.4138
0	60	0.1097	2	1	2	0	0	0	0	0	0	N	Y	N	N	N	N	N	N	N	N	N	N	819.8697	63672.3941	18.5712	218280.0179	240687.1493	14259.2995	0.4123	34.7049	0.0455	6.6614	7.3010	0.3826	15.5041	16.5047	1.2530	0.0056	0.0062	0.0011	0.0081	0.0001	0.0206	0.0001	0.0001	0.0001	0.0135	0.0002	0.0237	0.0053	115.3496	-0.1713	0.0008	2.0090	6.1830	5.8078	4.8458	1.8981	1.8880	0.0101	1.8972	1.8872	0.0101	0.0009	0.0009	0.0000	0.0018	0.0000	0.0018	0.0000	0.0000	0.0000	0.0018	0.0000	0.0018	0.2849	0.2586	0.0263	0.1224	0.1143	0.0080	0.1626	0.1443	0.0183	0.2187	0.1332	0.0855	0.0879	0.0767	0.0112	0.1307	0.0564	0.0743	819.8697	63672.3941	18.5712	218280.0179	240687.1493	14259.2995	0.4123	34.7049	0.0455	0.0081	0.0001	0.0206	0.0001	0.0001	0.0001	0.0135	0.0002	0.0237
0	61	0.5027	9	1	1	0	0	0	0	0	0	N	N	N	N	N	N	N	N	N	N	N	N	0.1862	0.3487	0.0000	0.2295	0.3723	0.0000	0.0000	0.0000	0.0000	0.0006	0.0006	0.0000	0.0010	0.0011	0.0000	0.0000	0.0000	0.0000	0.0030	0.0018	0.0058	0.0044	0.0029	0.0122	0.0016	0.0000	0.0035	0.0000	1.4384	-0.0000	0.0000	2.0090	1.0140	5.8078	12.0537	0.0000	0.0000	0.0000	0.0000	0.0000	0.0000	0.0000	0.0000	0.0000	0.0007	0.0003	0.0004	0.0005	0.0003	0.0002	0.0002	0.0000	0.0002	0.0356	0.0321	0.0035	0.0197	0.0183	0.0014	0.0159	0.0138	0.0021	0.2199	0.1523	0.0676	0.1100	0.0923	0.0176	0.1099	0.0600	0.0499	0.1862	0.3487	0.0000	0.2295	0.3723	0.0000	0.0000	0.0000	0.0000	0.0030	0.0018	0.0058	0.0044	0.0029	0.0122	0.0016	0.0000	0.0035
0	62	0.4268	6	1	1	0	0	0	0	0	0	N	N	N	N	N	N	N	N	N	N	N	N	0.3480	6.1487	0.0000	1.7108	5.6108	0.0000	0.0915	51.7778	0.0000	0.0217	0.0239	0.0000	0.0313	0.0334	0.0000	0.0094	0.0107	0.0000	0.0623	0.0039	0.1811	0.0183	0.0060	0.1205	0.1029	0.0002	0.1924	0.0000	22.9585	-0.0014	0.0327	2.0090	22.0948	5.8078	64.3951	0.0146	0.0146	0.0000	0.0118	0.0118	0.0000	0.0028	0.0028	0.0000	0.0748	0.0031	0.0717	0.0105	0.0031	0.0075	0.0643	0.0001	0.0642	0.6711	0.6101	0.0610	0.3771	0.3524	0.0248	0.2940	0.2577	0.0363	1.2008	0.8050	0.3958	0.5756	0.5137	0.0618	0.6253	0.2912	0.3340	0.3480	6.1487	0.0000	1.7108	5.6108	0.0000	0.0915	51.7778	0.0000	0.0623	0.0039	0.1811	0.0183	0.0060	0.1205	0.1029	0.0002	0.1924
0	63	0.2200	5	1	1	0	0	0	0	0	0	N	N	N	N	N	N	N	N	N	N	N	N	0.0027	0.0020	0.0000	0.0273	0.0262	0.0000	0.0004	0.0002	0.0000	0.0053	0.0059	0.0000	0.0087	0.0094	0.0000	0.0014	0.0016	0.0000	1.9575	2.9259	0.0006	0.3192	0.3580	0.0015	3.6022	8.0779	0.0004	0.0000	0.0001	-0.0001	-0.6441	2.0090	3.0638	5.8078	18.8214	0.0005	0.0005	0.0000	0.0005	0.0005	0.0000	0.0001	0.0001	0.0000	1.2363	1.2362	0.0001	0.1010	0.1009	0.0001	1.1353	1.1352	0.0001	0.1041	0.0938	0.0103	0.0551	0.0511	0.0039	0.0491	0.0427	0.0064	0.6316	0.4225	0.2091	0.3164	0.2820	0.0344	0.3152	0.1405	0.1746	0.0027	0.0020	0.0000	0.0273	0.0262	0.0000	0.0004	0.0002	0.0000	1.9575	2.9259	0.0006	0.3192	0.3580	0.0015	3.6022	8.0779	0.0004
0	64	0.1309	3	2	2	1	0	0	0	0	0	Y	Y	N	N	N	N	N	N	N	N	N	N	0.6539	0.5233	0.0000	0.0691	0.0639	0.0000	1021.9876	557.2813	0.0000	0.0135	0.0150	0.0000	0.0022	0.0023	0.0000	0.0258	0.0296	0.0000	0.0207	0.0287	0.0000	0.0315	0.0368	0.0000	0.0000	0.0001	0.0000	0.0000	0.0000	-0.0000	-0.0021	2.0090	1.0029	5.8078	8.4685	0.0005	0.0005	0.0000	0.0000	0.0000	0.0000	0.0004	0.0004	0.0000	0.0040	0.0040	0.0000	0.0040	0.0040	0.0000	0.0000	0.0000	0.0000	0.0355	0.0320	0.0035	0.0184	0.0171	0.0013	0.0171	0.0149	0.0022	0.1924	0.1387	0.0537	0.1261	0.1082	0.0179	0.0663	0.0305	0.0358	0.6539	0.5233	0.0000	0.0691	0.0639	0.0000	1021.9876	557.2813	0.0000	0.0207	0.0287	0.0000	0.0315	0.0368	0.0000	0.0000	0.0001	0.0000
0	65	0.1097	2	1	2	0	0	0	0	0	0	N	Y	N	N	N	N	N	N	N	N	N	N	46.7432	30.2204	0.0000	12.7355	11.5174	0.0000	53.6943	25.1671	0.0000	1.0819	1.1430	0.0000	0.0106	0.0109	0.0000	2.0532	2.2286	0.0000	0.0231	0.0378	0.0002	0.0008	0.0009	0.0000	0.0382	0.0886	0.0002	0.0000	0.0027	-0.0097	-0.0021	2.0090	0.7961	5.8078	8.5878	0.1014	0.1014	0.0000	0.0005	0.0005	0.0000	0.1009	0.1009	0.0000	0.0040	0.0040	0.0000	0.0001	0.0001	0.0000	0.0040	0.0040	0.0000	0.0937	0.0887	0.0050	0.0446	0.0434	0.0011	0.0491	0.0453	0.0039	0.1746	0.1065	0.0680	0.0704	0.0617	0.0087	0.1041	0.0448	0.0593	46.7432	30.2204	0.0000	12.7355	11.5174	0.0000	53.6943	25.1671	0.0000	0.0231	0.0378	0.0002	0.0008	0.0009	0.0000	0.0382	0.0886	0.0002
0	66	0.5027	9	1	2	0	0	0	0	0	0	N	Y	N	N	N	N	N	N	N	N	N	N	0.2493	0.1963	0.0000	0.2307	0.2095	0.0000	0.0000	0.0000	0.0000	0.0006	0.0006	0.0000	0.0010	0.0011	0.0000	0.0000	0.0000	0.0000	0.0023	0.0032	0.0002	0.0044	0.0052	0.0001	0.0001	0.0000	0.0002	0.0000	0.0263	-0.0000	-0.0003	2.0090	1.0110	5.8078	12.5479	0.0000	0.0000	0.0000	0.0000	0.0000	0.0000	0.0000	0.0000	0.0000	0.0005	0.0005	0.0000	0.0005	0.0005	0.0000	0.0000	0.0000	0.0000	0.0355	0.0320	0.0035	0.0196	0.0182	0.0014	0.0158	0.0138	0.0021	0.2255	0.1561	0.0695	0.1127	0.0945	0.0181	0.1129	0.0615	0.0513	0.2493	0.1963	0.0000	0.2307	0.2095	0.0000	0.0000	0.0000	0.0000	0.0023	0.0032	0.0002	0.0044	0.0052	0.0001	0.0001	0.0000	0.0002
0	67	0.4963	8	1	1	0	0	0	0	0	0	N	N	N	N	N	N	N	N	N	N	N	N	0.0566	0.0657	0.0000	0.0635	0.0739	0.0000	0.0001	0.0023	0.0000	0.0006	0.0006	0.0000	0.0011	0.0011	0.0000	0.0000	0.0000	0.0000	0.0103	0.0098	0.0115	0.0166	0.0154	0.0267	0.0034	0.0001	0.0075	0.0000	0.4246	-0.0000	-0.0002	2.0090	0.9784	5.8078	1.5217	0.0000	0.0000	0.0000	0.0000	0.0000	0.0000	0.0000	0.0000	0.0000	0.0010	0.0007	0.0003	0.0009	0.0007	0.0002	0.0002	0.0000	0.0002	0.0343	0.0310	0.0034	0.0190	0.0176	0.0014	0.0154	0.0134	0.0020	0.1014	0.0745	0.0269	0.0531	0.0474	0.0057	0.0483	0.0271	0.0212	0.0566	0.0657	0.0000	0.0635	0.0739	0.0000	0.0001	0.0023	0.0000	0.0103	0.0098	0.0115	0.0166	0.0154	0.0267	0.0034	0.0001	0.0075
0	68	0.4661	7	1	1	0	0	0	0	0	0	N	N	N	N	N	N	N	N	N	N	N	N	0.9254	1.5897	0.0000	1.4304	1.7588	0.0000	0.1776	9.2593	0.0000	0.0069	0.0076	0.0000	0.0114	0.0123	0.0000	0.0012	0.0014	0.0000	0.0074	0.0048	0.0131	0.0080	0.0070	0.0126	0.0067	0.0001	0.0134	0.0000	1.2587	-0.0000	0.0001	2.0090	1.0531	5.8078	9.0748	0.0003	0.0003	0.0000	0.0002	0.0002	0.0000	0.0000	0.0000	0.0000	0.0017	0.0007	0.0009	0.0010	0.0007	0.0003	0.0006	0.0000	0.0006	0.0379	0.0341	0.0037	0.0210	0.0195	0.0015	0.0169	0.0147	0.0023	0.2242	0.1537	0.0705	0.1266	0.1041	0.0225	0.0976	0.0496	0.0480	0.9254	1.5897	0.0000	1.4304	1.7588	0.0000	0.1776	9.2593	0.0000	0.0074	0.0048	0.0131	0.0080	0.0070	0.0126	0.0067	0.0001	0.0134
0	69	0.1097	2	2	1	1	0	0	0	0	0	Y	N	N	N	N	N	N	N	N	N	N	N	0.0000	0.0000	0.0000	0.0000	0.0000	0.0000	0.0000	0.0000	0.0000	0.0000	0.0000	0.0000	0.0000	0.0000	0.0000	0.0000	0.0000	0.0000	0.0000	0.0000	2.0090	0.0000	5.8078	4.9600	0.0000	0.0000	0.0000	0.0000	0.0000	0.0000	0.0000	0.0000	0.0000	0.0000	0.0000	0.0000	0.0000	0.0000	0.0000	0.0000	0.0000	0.0000	0.0000	0.0000	0.0000	0.0000	0.0000	0.0000	0.0000	0.0000	0.0000	0.1122	0.0690	0.0431	0.0457	0.0404	0.0053	0.0665	0.0287	0.0378	0.0000	0.0000	0.0000	0.0000	0.0000	0.0000	0.0000	0.0000	0.0000	0.0000	0.0000	0.0000	0.0000	0.0000	0.0000	0.0000	0.0000	0.0000											
0	71	0.1659	6	1	1	1	0	0	0	0	0	N	N	N	N	N	N	N	N	N	N	N	N	0.0000	0.0000	0.0000	0.0000	0.0000	0.0000	0.0000	0.0000	0.0000	0.0000	0.0000	0.0000	0.0000	0.0000	0.0000	0.0000	0.0000	0.0000	0.0000	0.0000	0.0000	0.0000	0.0000	0.0000	0.0000	0.0000	18.6071	0.0000	0.0000	2.0090	1.0000	5.8078	0.0055	0.0000	0.0000	0.0000	0.0000	0.0000	0.0000	0.0000	0.0000	0.0000	0.0000	0.0000	0.0000	0.0000	0.0000	0.0000	0.0000	0.0000	0.0000	0.0188	0.0163	0.0025	0.0000	0.0000	0.0000	0.0188	0.0163	0.0025	0.0177	0.0112	0.0065	0.0053	0.0048	0.0006	0.0123	0.0064	0.0059	0.0000	0.0000	0.0000	0.0000	0.0000	0.0000	0.0000	0.0000	0.0000	0.0000	0.0000	0.0000	0.0000	0.0000	0.0000	0.0000	0.0000	0.0000		
0	72	0.1592	5	1	1	1	0	0	0	0	0	N	N	N	N	N	N	N	N	N	N	N	N	0.0000	0.0000	0.0000	0.0000	0.0000	0.0000	0.0000	0.0000	0.0000	0.0000	0.0000	0.0000	0.0000	0.0000	0.0000	0.0000	0.0000	0.0000	0.0001	0.0000	0.0002	0.0001	0.0001	0.0002	0.0001	0.0000	0.0002	4.2353	0.0000	0.0000	2.0090	0.0000	5.8078	1.0265	0.0000	0.0000	0.0000	0.0000	0.0000	0.0000	0.0000	0.0000	0.0000	0.0000	0.0000	0.0000	0.0000	0.0000	0.0000	0.0000	0.0000	0.0000	0.0000	0.0000	0.0000	0.0000	0.0000	0.0000	0.0000	0.0000	0.0000	0.0194	0.0125	0.0069	0.0062	0.0056	0.0006	0.0132	0.0070	0.0063	0.0000	0.0000	0.0000	0.0000	0.0000	0.0000	0.0000	0.0000	0.0000	0.0001	0.0000	0.0002	0.0001	0.0001	0.0002	0.0001	0.0000	0.0002	
0	73	0.1538	4	1	1	0	0	0	0	0	0	N	N	N	N	N	N	N	N	N	N	N	N	0.0000	0.0000	0.0000	0.0000	0.0000	0.0000	0.0000	0.0000	0.0000	0.0000	0.0000	0.0000	0.0000	0.0000	0.0000	0.0000	0.0000	0.0000	0.0002	0.0001	0.0004	0.0001	0.0001	0.0003	0.0003	0.0000	0.0004	4.1352	0.0000	0.0000	2.0090	0.0000	5.8078	1.0321	0.0000	0.0000	0.0000	0.0000	0.0000	0.0000	0.0000	0.0000	0.0000	0.0000	0.0000	0.0000	0.0000	0.0000	0.0000	0.0000	0.0000	0.0000	0.0112	0.0108	0.0004	0.0066	0.0065	0.0002	0.0046	0.0043	0.0002	0.1342	0.0871	0.0470	0.0740	0.0668	0.0072	0.0602	0.0204	0.0398	0.0000	0.0000	0.0000	0.0000	0.0000	0.0000	0.0000	0.0000	0.0000	0.0002	0.0001	0.0004	0.0001	0.0001	0.0003	0.0003	0.0000	0.0004	
0	74	0.1310	3	1	1	0	0	0	0	0	0	N	N	N	N	N	N	N	N	N	N	N	N	80.4371	291.7196	1.0911	175.4432	250.6313	4.3399	59.5612	344.5948	0.0035	0.2604	0.2834	0.0087	0.2298	0.2429	0.0222	0.2980	0.3361	0.0000	0.0032	0.0010	0.0080	0.0013	0.0010	0.0051	0.0050	0.0010	0.0084	0.0028	3.9206	-0.0007	0.0003	2.0090	0.5629	5.8078	8.5245	0.0071	0.0071	0.0000	0.0035	0.0034	0.0000	0.0037	0.0037	0.0000	0.0012	0.0002	0.0009	0.0002	0.0002	0.0001	0.0009	0.0001	0.0009	0.0274	0.0251	0.0023	0.0151	0.0142	0.0009	0.0123	0.0109	0.0014	0.3615	0.2448	0.1167	0.1728	0.1586	0.0142	0.1887	0.0862	0.1025	80.4371	291.7196	1.0911	175.4432	250.6313	4.3399	59.5612	344.5948	0.0035	0.0032	0.0010	0.0080	0.0013	0.0010	0.0051	0.0050	0.0010	0.0084
0	75	0.1480	4	1	2	0	0	0	0	0	0	N	Y	N	N	N	N	N	N	N	N	N	N	0.0000	0.0000	0.0000	0.0000	0.0000	0.0000	0.0000	0.0000	0.0000	0.0000	0.0000	0.0000	0.0000	0.0000	0.0000	0.0000	0.0000	0.0000	0.0062	0.0097	0.0005	0.0254	0.0277	0.0016	0.0002	0.0000	0.0004	0.0299	0.0000	-0.0004	2.0090	1.9994	5.8078	4.0943	0.0000	0.0000	0.0000	0.0000	0.0000	0.0000	0.0000	0.0000	0.0000	0.0008	0.0008	0.0000	0.0008	0.0008	0.0000	0.0000	0.0000	0.0000	0.0380	0.0331	0.0049	0.0000	0.0000	0.0000	0.0380	0.0331	0.0049	0.1265	0.0788	0.0477	0.0301	0.0274	0.0026	0.0964	0.0513	0.0451	0.0000	0.0000	0.0000	0.0000	0.0000	0.0000	0.0000	0.0000	0.0000	0.0062	0.0097	0.0005	0.0254	0.0277	0.0016	0.0002	0.0000	0.0004	
0	76	0.1417	3	1	1	0	0	0	0	0	0	N	N	N	N	N	N	N	N	N	N	N	N	0.0000	0.0000	0.0000	0.0000	0.0000	0.0000	0.0000	0.0000	0.0000	0.0000	0.0000	0.0000	0.0000	0.0000	0.0000	0.0000	0.0000	0.0000	0.0291	0.0406	0.0073	0.0597	0.0614	0.0347	0.0172	0.0267	0.0058	0.0957	0.0000	-0.0009	2.0090	0.0011	5.8078	2.7207	0.0000	0.0000	0.0000	0.0000	0.0000	0.0000	0.0000	0.0000	0.0000	0.0020	0.0019	0.0002	0.0012	0.0011	0.0000	0.0009	0.0007	0.0001	0.0000	0.0000	0.0000	0.0000	0.0000	0.0000	0.0000	0.0000	0.0000	0.0698	0.0456	0.0242	0.0195	0.0183	0.0012	0.0503	0.0273	0.0230	0.0000	0.0000	0.0000	0.0000	0.0000	0.0000	0.0000	0.0000	0.0000	0.0291	0.0406	0.0073	0.0597	0.0614	0.0347	0.0172	0.0267	0.0058	
0	77	0.1097	2	1	1	0	0	0	0	0	0	N	N	N	N	N	N	N	N	N	N	N	N	0.0000	0.0000	0.0000	0.0000	0.0000	0.0000	0.0000	0.0000	0.0000	0.0000	0.0000	0.0000	0.0000	0.0000	0.0000	0.0000	0.0000	0.0000	0.0609	0.0087	0.1424	0.0647	0.0000	0.5127	0.0584	0.0205	0.0871	10.4859	0.0000	0.0048	2.0090	0.0001	5.8078	10.0074	0.0000	0.0000	0.0000	0.0000	0.0000	0.0000	0.0000	0.0000	0.0000	0.0123	0.0011	0.0113	0.0053	0.0000	0.0053	0.0071	0.0011	0.0060	0.0660	0.0641	0.0018	0.0331	0.0330	0.0001	0.0329	0.0312	0.0017	0.2026	0.1235	0.0791	0.0816	0.0713	0.0103	0.1210	0.0522	0.0689	0.0000	0.0000	0.0000	0.0000	0.0000	0.0000	0.0000	0.0000	0.0000	0.0609	0.0087	0.1424	0.0647	0.0000	0.5127	0.0584	0.0205	0.0871	
0	78	0.1298	3	2	1	1	0	0	0	0	0	Y	N	N	N	N	N	N	N	N	N	N	N	140.6141	11720.7893	0.0147	392.0798	21925.8869	0.0248	0.0900	inf	0.0178	0.0025	0.0028	0.0000	0.0127	0.0129	0.0000	0.0000	0.0000	0.0000	0.0000	0.0000	0.0000	0.0000	0.0000	0.0003	0.0000	0.0000	0.0000	0.0000	123.5190	-0.0000	0.0000	2.0090	1.6246	5.8078	0.0115	0.0003	0.0003	0.0000	0.0003	0.0003	0.0000	0.0000	0.0000	0.0000	0.0000	0.0000	0.0000	0.0000	0.0000	0.0000	0.0000	0.0000	0.0000	0.1170	0.1052	0.0118	0.0233	0.0229	0.0004	0.0937	0.0823	0.0114	0.0547	0.0329	0.0218	0.0152	0.0134	0.0019	0.0394	0.0195	0.0199	140.6141	11720.7893	0.0147	392.0798	21925.8869	0.0248	0.0900	inf	0.0178	0.0000	0.0000	0.0000	0.0000	0.0000	0.0003	0.0000	0.0000	0.0000
0	79	0.1097	2	2	1	1	0	0	0	0	0	Y	N	N	N	N	N	N	N	N	N	N	N	932208.4401	7810377.8826	22008.9645	1185969.9480	10303608.4388	13074.8703	931.5369	inf	197.3679	5.4977	6.0436	0.3052	12.9750	13.8591	0.9954	0.0023	0.0025	0.0009	0.0000	0.0000	0.0000	0.0000	0.0000	0.0001	0.0000	0.0000	0.0000	0.0053	11.5206	-0.1723	0.0000	2.0090	8.1927	5.8078	3.9952	1.9077	1.8977	0.0101	1.9073	1.8972	0.0101	0.0005	0.0004	0.0000	0.0000	0.0000	0.0000	0.0000	0.0000	0.0000	0.0000	0.0000	0.0000	0.3470	0.3140	0.0330	0.1470	0.1369	0.0101	0.2000	0.1771	0.0229	0.2375	0.1446	0.0929	0.0954	0.0832	0.0122	0.1421	0.0614	0.0807	932208.4401	7810377.8826	22008.9645	1185969.9480	10303608.4388	13074.8703	931.5369	inf	197.3679	0.0000	0.0000	0.0000	0.0000	0.0000	0.0001	0.0000	0.0000	0.0000
0	80	0.1097	2	1	2	0	1	0	0	0	0	N	Y	N	N	N	N	N	N	N	N	N	N	0.3458	3793.3532	0.0000	0.3674	1.7753	0.0000	0.3954	inf	0.0000	1.0778	1.1386	0.0000	0.0009	0.0009	0.0000	2.0542	2.2296	0.0000	3.1165	0.0003	7.9621	0.0025	0.0005	0.0153	5.1946	0.0000	9.2027	0.0000	17058.5272	-0.0097	0.4800	2.0090	0.7962	5.8078	19.0091	0.1010	0.1010	0.0000	0.0000	0.0000	0.0000	0.1009	0.1009	0.0000	1.0025	0.0001	1.0024	0.0003	0.0001	0.0003	1.0021	0.0000	1.0021	0.0937	0.0887	0.0050	0.0446	0.0434	0.0011	0.0491	0.0453	0.0039	0.3217	0.1958	0.1259	0.1287	0.1117	0.0170	0.1929	0.0840	0.1089	0.3458	3793.3532	0.0000	0.3674	1.7753	0.0000	0.3954	inf	0.0000	3.1165	0.0003	7.9621	0.0025	0.0005	0.0153	5.1946	0.0000	9.2027
0	81	0.1097	2	1	2	0	0	0	0	0	0	N	Y	N	N	N	N	N	N	N	N	N	N	36.0777	4688.0646	0.0000	0.0260	2.1780	0.0000	77.5393	inf	0.0000	1.0778	1.1386	0.0000	0.0009	0.0009	0.0000	2.0542	2.2296	0.0000	0.0299	0.0002	0.0761	0.0350	0.0004	0.2572	0.0265	0.0000	0.0473	0.0000	200.8087	-0.0097	0.0056	2.0090	0.7962	5.8078	25.3140	0.1010	0.1010	0.0000	0.0000	0.0000	0.0000	0.1009	0.1009	0.0000	0.0119	0.0001	0.0118	0.0055	0.0001	0.0055	0.0063	0.0000	0.0063	0.0937	0.0887	0.0050	0.0446	0.0434	0.0011	0.0491	0.0453	0.0039	0.3970	0.2419	0.1550	0.1584	0.1371	0.0213	0.2386	0.1048	0.1337	36.0777	4688.0646	0.0000	0.0260	2.1780	0.0000	77.5393	inf	0.0000	0.0299	0.0002	0.0761	0.0350	0.0004	0.2572	0.0265	0.0000	0.0473
0	82	0.1097	2	1	2	0	0	0	0	0	0	N	Y	N	N	N	N	N	N	N	N	N	N	29.2795	1594.7321	0.0000	0.0219	1.8061	0.0000	60.9711	2281.7412	0.0000	0.7915	0.8507	0.0000	0.0007	0.0007	0.0000	1.4618	1.6126	0.0000	0.0270	0.0005	0.0685	0.0317	0.0004	0.2313	0.0240	0.0007	0.0424	0.0000	82.0828	-0.0097	0.0054	2.0090	1.7961	5.8078	27.0091	0.1010	0.1010	0.0000	0.0000	0.0000	0.0000	0.1009	0.1009	0.0000	0.0115	0.0001	0.0114	0.0054	0.0001	0.0053	0.0062	0.0001	0.0061	0.1276	0.1187	0.0089	0.0585	0.0561	0.0024	0.0690	0.0626	0.0065	0.4265	0.2601	0.1663	0.1699	0.1469	0.0230	0.2565	0.1132	0.1433	29.2795	1594.7321	0.0000	0.0219	1.8061	0.0000	60.9711	2281.7412	0.0000	0.0270	0.0005	0.0685	0.0317	0.0004	0.2313	0.0240	0.0007	0.0424
0	83	0.2200	5	1	1	0	0	0	0	0	0	N	N	N	N	N	N	N	N	N	N	N	N	0.0054	0.0040	0.0000	0.0099	0.0094	0.0000	0.0013	0.0007	0.0000	0.0018	0.0020	0.0000	0.0030	0.0032	0.0000	0.0005	0.0005	0.0000	0.3288	0.4863	0.0027	0.3029	0.3416	0.0016	0.3513	0.7129	0.0029	0.0000	0.0027	-0.0001	-0.1302	2.0090	10.0679	5.8078	33.8159	0.0005	0.0005	0.0000	0.0005	0.0005	0.0000	0.0001	0.0001	0.0000	0.2511	0.2504	0.0007	0.1074	0.1074	0.0001	0.1437	0.1431	0.0006	0.3101	0.2798	0.0303	0.1604	0.1490	0.0114	0.1497	0.1308	0.0189	0.7635	0.5149	0.2486	0.3546	0.3143	0.0403	0.4089	0.2007	0.2082	0.0054	0.0040	0.0000	0.0099	0.0094	0.0000	0.0013	0.0007	0.0000	0.3288	0.4863	0.0027	0.3029	0.3416	0.0016	0.3513	0.7129	0.0029
0	84	0.1924	4	1	1	0	0	0	0	0	0	N	N	N	N	N	N	N	N	N	N	N	N	0.0135	0.0100	0.0000	0.0304	0.0291	0.0000	0.0022	0.0011	0.0000	0.0283	0.0315	0.0000	0.0476	0.0510	0.0000	0.0059	0.0069	0.0000	2.1003	3.1599	0.0722	1.5659	1.7547	0.0063	2.6704	6.4529	0.0850	0.0000	0.0119	-0.0001	-0.6528	2.0090	0.9441	5.8078	14.0836	0.0010	0.0010	0.0000	0.0009	0.0009	0.0000	0.0001	0.0001	0.0000	1.2818	1.2667	0.0151	0.4932	0.4930	0.0002	0.7886	0.7736	0.0149	0.0364	0.0327	0.0037	0.0195	0.0182	0.0013	0.0169	0.0145	0.0024	0.6103	0.4009	0.2094	0.3150	0.2810	0.0340	0.2953	0.1199	0.1754	0.0135	0.0100	0.0000	0.0304	0.0291	0.0000	0.0022	0.0011	0.0000	2.1003	3.1599	0.0722	1.5659	1.7547	0.0063	2.6704	6.4529	0.0850
0	85	0.4746	7	1	1	0	0	0	0	0	0	N	N	N	N	N	N	N	N	N	N	N	N	0.0114	0.0086	0.0000	1.1755	3.5652	0.0000	0.0035	0.0021	0.0000	0.0226	0.0247	0.0000	0.0284	0.0305	0.0000	0.0119	0.0136	0.0000	1.9920	2.8701	0.1140	0.0242	0.0085	0.1337	3.4541	6.3309	0.1100	0.0000	0.0186	-0.0012	-0.5087	2.0090	15.0008	5.8078	28.2980	0.0123	0.0123	0.0000	0.0100	0.0100	0.0000	0.0023	0.0023	0.0000	1.0117	0.9933	0.0184	0.0052	0.0016	0.0036	1.0065	0.9916	0.0148	0.5458	0.4988	0.0470	0.3532	0.3297	0.0236	0.1926	0.1692	0.0234	0.5079	0.3461	0.1618	0.2165	0.1894	0.0271	0.2914	0.1566	0.1347	0.0114	0.0086	0.0000	1.1755	3.5652	0.0000	0.0035	0.0021	0.0000	1.9920	2.8701	0.1140	0.0242	0.0085	0.1337	3.4541	6.3309	0.1100
0	86	0.4746	7	1	1	0	0	0	0	0	0	N	N	N	N	N	N	N	N	N	N	N	N	0.6127	1.4519	0.0000	0.7524	1.0045	0.0000	0.3540	128.6607	0.0000	0.0357	0.0390	0.0000	0.0422	0.0452	0.0000	0.0213	0.0245	0.0000	0.0582	0.0269	0.1298	0.0561	0.0450	0.1418	0.0601	0.0002	0.1272	0.0000	2.1120	-0.0012	0.0044	2.0090	10.8154	5.8078	27.4443	0.0123	0.0123	0.0000	0.0100	0.0100	0.0000	0.0023	0.0023	0.0000	0.0279	0.0090	0.0189	0.0126	0.0089	0.0037	0.0153	0.0000	0.0153	0.3461	0.3163	0.0299	0.2381	0.2224	0.0157	0.1080	0.0938	0.0142	0.4795	0.3336	0.1459	0.2246	0.1989	0.0258	0.2549	0.1347	0.1201	0.6127	1.4519	0.0000	0.7524	1.0045	0.0000	0.3540	128.6607	0.0000	0.0582	0.0269	0.1298	0.0561	0.0450	0.1418	0.0601	0.0002	0.1272
0	87	0.4268	6	1	1	0	0	0	0	0	0	N	N	N	N	N	N	N	N	N	N	N	N	1.5245	3.9454	0.0119	3.9397	5.1802	0.0410	0.3140	1.2805	0.0000	0.1320	0.1445	0.0022	0.1740	0.1844	0.0050	0.0427	0.0503	0.0000	0.0866	0.0366	0.1896	0.0442	0.0356	0.1217	0.1360	0.0393	0.2029	0.0015	2.5123	-0.0025	0.0193	2.0090	2.7608	5.8078	22.4044	0.0268	0.0267	0.0000	0.0240	0.0240	0.0000	0.0028	0.0028	0.0000	0.0995	0.0283	0.0712	0.0273	0.0198	0.0075	0.0722	0.0085	0.0637	0.2027	0.1849	0.0178	0.1379	0.1299	0.0080	0.0647	0.0550	0.0098	1.1489	0.7735	0.3755	0.6179	0.5564	0.0615	0.5310	0.2170	0.3140	1.5245	3.9454	0.0119	3.9397	5.1802	0.0410	0.3140	1.2805	0.0000	0.0866	0.0366	0.1896	0.0442	0.0356	0.1217	0.1360	0.0393	0.2029
0	88	0.2970	5	1	1	0	0	0	0	0	0	N	N	N	N	N	N	N	N	N	N	N	N	0.0452	0.1575	0.0007	0.1938	0.1848	0.1559	0.0020	0.0843	0.0000	0.0588	0.0649	0.0020	0.1041	0.1113	0.0053	0.0040	0.0047	0.0000	1.3017	0.4124	3.0644	0.5370	0.6022	0.0341	2.0372	0.0552	3.6754	0.0034	3.7491	-0.0016	0.3437	2.0090	8.8820	5.8078	49.9570	0.0178	0.0177	0.0001	0.0173	0.0172	0.0001	0.0006	0.0006	0.0000	1.2808	0.2697	1.0111	0.2591	0.2572	0.0019	1.0218	0.0125	1.0092	0.3026	0.2732	0.0294	0.1657	0.1545	0.0113	0.1369	0.1188	0.0181	0.9840	0.6540	0.3300	0.4824	0.4270	0.0554	0.5016	0.2270	0.2746	0.0452	0.1575	0.0007	0.1938	0.1848	0.1559	0.0020	0.0843	0.0000	1.3017	0.4124	3.0644	0.5370	0.6022	0.0341	2.0372	0.0552	3.6754
0	89	0.1097	2	2	2	0	1	0	0	0	0	Y	Y	N	N	N	N	N	N	N	N	N	N	0.3175	3474.7672	0.0000	0.3267	1.6303	0.0000	0.3628	inf	0.0000	1.0778	1.1386	0.0000	0.0009	0.0009	0.0000	2.0542	2.2296	0.0000	3.3947	0.0003	8.6702	0.0028	0.0006	0.0175	5.6624	0.0000	10.0097	0.0000	17024.1515	-0.0097	0.4791	2.0090	0.7962	5.8078	16.9291	0.1010	0.1010	0.0000	0.0000	0.0000	0.0000	0.1009	0.1009	0.0000	1.0004	0.0001	1.0004	0.0003	0.0001	0.0003	1.0001	0.0000	1.0001	0.0937	0.0887	0.0050	0.0446	0.0434	0.0011	0.0491	0.0453	0.0039	0.2947	0.1793	0.1154	0.1181	0.1026	0.0155	0.1766	0.0767	0.0999	0.3175	3474.7672	0.0000	0.3267	1.6303	0.0000	0.3628	inf	0.0000	3.3947	0.0003	8.6702	0.0028	0.0006	0.0175	5.6624	0.0000	10.0097
0	90	0.1817	7	1	2	0	1	0	0	0	0	N	Y	N	N	N	N	N	N	N	N	N	N	0.0000	0.0000	0.0000	0.0000	0.0000	0.0000	0.0000	0.0000	0.0000	0.0000	0.0000	0.0000	0.0000	0.0000	0.0000	0.0000	0.0000	0.0000	0.0000	0.0000	2.0090	0.0000	5.8078	0.0000	0.0000	0.0000	0.0000	0.0000	0.0000	0.0000	0.0000	0.0000	0.0000	0.0000	0.0000	0.0000	0.0000	0.0000	0.0000	0.0000	0.0000	0.0000	0.0000	0.0000	0.0000	0.0000	0.0000	0.0000	0.0000	0.0000	0.0000	0.0000	0.0000	0.0000	0.0000	0.0000	0.0000	0.0000	0.0000	0.0000	0.0000	0.0000	0.0000	0.0000	0.0000	0.0000	0.0000	0.0000	0.0000	0.0000	0.0000	0.0000	0.0000	0.0000	0.0000	0.0000	0.0000	0.0000											
0	91	0.1709	6	1	2	0	1	0	0	0	0	N	Y	N	N	N	N	N	N	N	N	N	N	0.0000	0.0000	0.0000	0.0000	0.0000	0.0000	0.0000	0.0000	0.0000	0.0000	0.0000	0.0000	0.0000	0.0000	0.0000	0.0000	0.0000	0.0000	0.0000	0.0000	2.0090	1.0000	5.8078	3.0000	0.0000	0.0000	0.0000	0.0000	0.0000	0.0000	0.0000	0.0000	0.0000	0.0000	0.0000	0.0000	0.0000	0.0000	0.0000	0.0000	0.0000	0.0000	0.0331	0.0286	0.0044	0.0029	0.0027	0.0002	0.0301	0.0259	0.0042	0.1057	0.0622	0.0435	0.0318	0.0279	0.0039	0.0738	0.0343	0.0395	0.0000	0.0000	0.0000	0.0000	0.0000	0.0000	0.0000	0.0000	0.0000	0.0000	0.0000	0.0000	0.0000	0.0000	0.0000	0.0000	0.0000	0.0000											
0	92	0.1644	4	1	2	0	0	0	0	0	0	N	Y	N	N	N	N	N	N	N	N	N	N	0.0000	0.0000	0.0000	0.0000	0.0000	0.0000	0.0000	0.0000	0.0000	0.0000	0.0000	0.0000	0.0000	0.0000	0.0000	0.0000	0.0000	0.0000	0.0000	0.0000	2.0090	0.0000	5.8078	0.0000	0.0000	0.0000	0.0000	0.0000	0.0000	0.0000	0.0000	0.0000	0.0000	0.0000	0.0000	0.0000	0.0000	0.0000	0.0000	0.0000	0.0000	0.0000	0.0000	0.0000	0.0000	0.0000	0.0000	0.0000	0.0000	0.0000	0.0000	0.0000	0.0000	0.0000	0.0000	0.0000	0.0000	0.0000	0.0000	0.0000	0.0000	0.0000	0.0000	0.0000	0.0000	0.0000	0.0000	0.0000	0.0000	0.0000	0.0000	0.0000	0.0000	0.0000	0.0000	0.0000	0.0000	0.0000											
0	93	0.1709	6	1	1	1	1	0	0	0	0	N	N	N	N	N	N	N	N	N	N	N	N	0.0000	0.0000	0.0000	0.0000	0.0000	0.0000	0.0000	0.0000	0.0000	0.0000	0.0000	0.0000	0.0000	0.0000	0.0000	0.0000	0.0000	0.0000	0.0000	0.0000	2.0090	0.0000	5.8078	0.0000	0.0000	0.0000	0.0000	0.0000	0.0000	0.0000	0.0000	0.0000	0.0000	0.0000	0.0000	0.0000	0.0000	0.0000	0.0000	0.0000	0.0000	0.0000	0.0000	0.0000	0.0000	0.0000	0.0000	0.0000	0.0000	0.0000	0.0000	0.0000	0.0000	0.0000	0.0000	0.0000	0.0000	0.0000	0.0000	0.0000	0.0000	0.0000	0.0000	0.0000	0.0000	0.0000	0.0000	0.0000	0.0000	0.0000	0.0000	0.0000	0.0000	0.0000	0.0000	0.0000	0.0000	0.0000											
0	94	0.1683	5	1	1	0	1	0	0	0	0	N	N	N	N	N	N	N	N	N	N	N	N	0.0000	0.0000	0.0000	0.0000	0.0000	0.0000	0.0000	0.0000	0.0000	0.0000	0.0000	0.0000	0.0000	0.0000	0.0000	0.0000	0.0000	0.0000	0.0000	0.0000	2.0090	1.0000	5.8078	0.0097	0.0000	0.0000	0.0000	0.0000	0.0000	0.0000	0.0000	0.0000	0.0000	0.0000	0.0000	0.0000	0.0000	0.0000	0.0000	0.0000	0.0000	0.0000	0.0331	0.0286	0.0044	0.0029	0.0027	0.0002	0.0301	0.0259	0.0042	0.0285	0.0167	0.0118	0.0086	0.0076	0.0010	0.0199	0.0091	0.0108	0.0000	0.0000	0.0000	0.0000	0.0000	0.0000	0.0000	0.0000	0.0000	0.0000	0.0000	0.0000	0.0000	0.0000	0.0000	0.0000	0.0000	0.0000											
0	95	0.1683	5	1	1	1	1	0	0	0	0	N	N	N	N	N	N	N	N	N	N	N	N	0.0000	0.0000	0.0000	0.0000	0.0000	0.0000	0.0000	0.0000	0.0000	0.0000	0.0000	0.0000	0.0000	0.0000	0.0000	0.0000	0.0000	0.0000	0.0000	0.0000	2.0090	2.0000	5.8078	3.0050	0.0000	0.0000	0.0000	0.0000	0.0000	0.0000	0.0000	0.0000	0.0000	0.0000	0.0000	0.0000	0.0000	0.0000	0.0000	0.0000	0.0000	0.0000	0.0653	0.0565	0.0087	0.0058	0.0054	0.0004	0.0594	0.0511	0.0083	0.1311	0.0772	0.0539	0.0398	0.0348	0.0049	0.0913	0.0423	0.0490	0.0000	0.0000	0.0000	0.0000	0.0000	0.0000	0.0000	0.0000	0.0000	0.0000	0.0000	0.0000	0.0000	0.0000	0.0000	0.0000	0.0000	0.0000											
0	96	0.1683	5	1	1	1	1	0	0	0	0	N	N	N	N	N	N	N	N	N	N	N	N	0.0000	0.0000	0.0000	0.0000	0.0000	0.0000	0.0000	0.0000	0.0000	0.0000	0.0000	0.0000	0.0000	0.0000	0.0000	0.0000	0.0000	0.0000	0.0000	0.0000	2.0090	0.0000	5.8078	6.9903	0.0000	0.0000	0.0000	0.0000	0.0000	0.0000	0.0000	0.0000	0.0000	0.0000	0.0000	0.0000	0.0000	0.0000	0.0000	0.0000	0.0000	0.0000	0.0000	0.0000	0.0000	0.0000	0.0000	0.0000	0.0000	0.0000	0.0000	0.1779	0.1050	0.0729	0.0543	0.0475	0.0068	0.1236	0.0575	0.0661	0.0000	0.0000	0.0000	0.0000	0.0000	0.0000	0.0000	0.0000	0.0000	0.0000	0.0000	0.0000	0.0000	0.0000	0.0000	0.0000	0.0000	0.0000											
0	97	0.1627	4	1	1	0	1	0	0	0	0	N	N	N	N	N	N	N	N	N	N	N	N	0.0000	0.0000	0.0000	0.0000	0.0000	0.0000	0.0000	0.0000	0.0000	0.0000	0.0000	0.0000	0.0000	0.0000	0.0000	0.0000	0.0000	0.0028	0.0046	0.0000	0.0099	0.0111	0.0000	0.0000	0.0000	0.0000	0.0016	0.0000	-0.0001	2.0090	0.9999	5.8078	1.0605	0.0000	0.0000	0.0000	0.0000	0.0000	0.0000	0.0000	0.0000	0.0000	0.0002	0.0002	0.0000	0.0002	0.0002	0.0000	0.0000	0.0000	0.0000	0.0438	0.0378	0.0060	0.0033	0.0031	0.0002	0.0405	0.0347	0.0058	0.0649	0.0392	0.0257	0.0182	0.0162	0.0020	0.0467	0.0230	0.0236	0.0000	0.0000	0.0000	0.0000	0.0000	0.0000	0.0000	0.0000	0.0000	0.0028	0.0046	0.0000	0.0099	0.0111	0.0000	0.0000	0.0000	0.0000		
0	98	0.1606	3	1	1	0	1	0	0	0	0	N	N	N	N	N	N	N	N	N	N	N	N	1165.9042	133319.3552	0.0094	55376.1994	77346.0010	0.0000	604.9803	inf	0.0055	6.0308	6.9291	0.0001	9.3435	9.4702	0.0000	4.3676	5.3790	0.0001	0.0052	0.0001	0.0134	0.0002	0.0001	0.0006	0.0072	0.0000	0.0144	0.0000	160.7794	-0.0001	0.0001	2.0090	0.0012	5.8078	1.0414	0.0008	0.0008	0.0000	0.0004	0.0004	0.0000	0.0004	0.0004	0.0000	0.0002	0.0000	0.0002	0.0000	0.0000	0.0000	0.0002	0.0000	0.0002	0.0001	0.0001	0.0000	0.0000	0.0000	0.0000	0.0001	0.0001	0.0000	0.0354	0.0218	0.0136	0.0103	0.0092	0.0010	0.0251	0.0125	0.0126	1165.9042	133319.3552	0.0094	55376.1994	77346.0010	0.0000	604.9803	inf	0.0055	0.0052	0.0001	0.0134	0.0002	0.0001	0.0006	0.0072	0.0000	0.0144
0	99	0.1097	2	2	2	0	0	0	0	0	0	Y	Y	N	N	N	N	N	N	N	N	N	N	4536.4769	27166.1479	0.0000	8209.6385	inf	0.0000	3.8950	8.4775	0.0000	10.2186	11.1438	0.0000	23.0444	24.3903	0.0000	0.0073	0.0082	0.0000	0.0023	0.0004	0.0051	0.0028	0.0000	0.0219	0.0019	0.0010	0.0026	0.0000	8.0213	-0.1814	0.0002	2.0090	3.2042	5.8078	9.0918	1.8982	1.8982	0.0000	1.8975	1.8975	0.0000	0.0008	0.0008	0.0000	0.0005	0.0001	0.0005	0.0003	0.0000	0.0003	0.0003	0.0001	0.0002	0.1858	0.1703	0.0154	0.0823	0.0778	0.0045	0.1034	0.0925	0.0109	0.2403	0.1463	0.0940	0.0965	0.0841	0.0124	0.1438	0.0621	0.0816	4536.4769	27166.1479	0.0000	8209.6385	inf	0.0000	3.8950	8.4775	0.0000	0.0023	0.0004	0.0051	0.0028	0.0000	0.0219	0.0019	0.0010	0.0026
0	100	0.1097	2	1	2	0	0	0	0	0	0	N	Y	N	N	N	N	N	N	N	N	N	N	437.0414	3764.3215	0.0000	0.2494	1.7803	0.0000	1229.7315	inf	0.0000	1.0778	1.1386	0.0000	0.0009	0.0009	0.0000	2.0542	2.2296	0.0000	0.0025	0.0003	0.0058	0.0036	0.0005	0.0252	0.0017	0.0000	0.0029	0.0000	12.3831	-0.0097	0.0002	2.0090	0.7962	5.8078	10.9291	0.1010	0.1010	0.0000	0.0000	0.0000	0.0000	0.1009	0.1009	0.0000	0.0005	0.0000	0.0005	0.0003	0.0000	0.0003	0.0002	0.0000	0.0002	0.0937	0.0887	0.0050	0.0446	0.0434	0.0011	0.0491	0.0453	0.0039	0.2104	0.1281	0.0822	0.0846	0.0739	0.0107	0.1257	0.0542	0.0715	437.0414	3764.3215	0.0000	0.2494	1.7803	0.0000	1229.7315	inf	0.0000	0.0025	0.0003	0.0058	0.0036	0.0005	0.0252	0.0017	0.0000	0.0029
0	101	0.1675	5	2	2	0	0	0	0	0	0	Y	Y	N	N	N	N	N	N	N	N	N	N	0.0000	0.0000	0.0000	0.0000	0.0000	0.0000	0.0000	0.0000	0.0000	0.0000	0.0000	0.0000	0.0000	0.0000	0.0000	0.0000	0.0071	0.0118	0.0003	0.0259	0.0296	0.0000	0.0002	0.0000	0.0003	0.0164	0.0000	-0.0003	2.0090	0.0000	5.8078	3.0000	0.0000	0.0000	0.0000	0.0000	0.0000	0.0000	0.0000	0.0000	0.0000	0.0006	0.0006	0.0000	0.0006	0.0006	0.0000	0.0000	0.0000	0.0000	0.0000	0.0000	0.0000	0.0000	0.0000	0.0000	0.0000	0.0000	0.0000	0.0872	0.0517	0.0355	0.0236	0.0206	0.0029	0.0636	0.0310	0.0326	0.0000	0.0000	0.0000	0.0000	0.0000	0.0000	0.0000	0.0000	0.0000	0.0071	0.0118	0.0003	0.0259	0.0296	0.0000	0.0002	0.0000	0.0003			
0	102	0.1644	4	2	2	0	0	0	0	0	0	Y	Y	N	N	N	N	N	N	N	N	N	N	0.0000	0.0000	0.0000	0.0000	0.0000	0.0000	0.0000	0.0000	0.0000	0.0000	0.0000	0.0000	0.0000	0.0000	0.0000	0.0000	0.0000	0.0000	0.0000	0.0000	2.0090	0.0000	5.8078	1.0000	0.0000	0.0000	0.0000	0.0000	0.0000	0.0000	0.0000	0.0000	0.0000	0.0000	0.0000	0.0000	0.0000	0.0000	0.0000	0.0000	0.0000	0.0000	0.0000	0.0000	0.0000	0.0000	0.0000	0.0000	0.0000	0.0000	0.0000	0.0304	0.0180	0.0124	0.0081	0.0071	0.0010	0.0223	0.0109	0.0114	0.0000	0.0000	0.0000	0.0000	0.0000	0.0000	0.0000	0.0000	0.0000	0.0000	0.0000	0.0000	0.0000	0.0000	0.0000	0.0000	0.0000	0.0000											
0	103	0.1606	3	1	2	0	0	0	0	0	0	N	Y	N	N	N	N	N	N	N	N	N	N	72922.1447	5913323.5457	1.1624	163591.5481	5544855.6004	0.0000	50.0332	inf	0.9928	3.8993	4.4688	0.0002	9.7697	9.8778	0.0000	0.0025	0.0032	0.0001	0.0001	0.0000	0.0001	0.0001	0.0000	0.0006	0.0001	0.0000	0.0001	0.0000	114.0602	-0.0000	0.0000	2.0090	0.0006	5.8078	1.0534	0.0004	0.0004	0.0000	0.0004	0.0004	0.0000	0.0000	0.0000	0.0000	0.0000	0.0000	0.0000	0.0000	0.0000	0.0000	0.0000	0.0000	0.0000	0.0001	0.0001	0.0000	0.0000	0.0000	0.0000	0.0001	0.0001	0.0000	0.0357	0.0220	0.0138	0.0104	0.0093	0.0010	0.0254	0.0126	0.0127	72922.1447	5913323.5457	1.1624	163591.5481	5544855.6004	0.0000	50.0332	inf	0.9928	0.0001	0.0000	0.0001	0.0001	0.0000	0.0006	0.0001	0.0000	0.0001
0	104	0.1097	2	1	1	0	0	0	0	0	0	N	N	N	N	N	N	N	N	N	N	N	N	3915.1309	3039029.6880	86.2118	6526.8037	4144431.6856	67.3716	2.2536	11771.0880	0.4877	6.0186	6.6080	0.3383	14.1150	15.0555	1.1044	0.0025	0.0027	0.0010	0.0015	0.0000	0.0039	0.0022	0.0000	0.0164	0.0011	0.0000	0.0020	0.0053	1160.7453	-0.1722	0.0002	2.0090	7.2034	5.8078	9.9858	1.9076	1.8975	0.0101	1.9071	1.8971	0.0101	0.0005	0.0004	0.0000	0.0005	0.0000	0.0005	0.0003	0.0000	0.0003	0.0002	0.0000	0.0002	0.3170	0.2872	0.0298	0.1351	0.1260	0.0091	0.1818	0.1611	0.0207	0.3132	0.1906	0.1226	0.1254	0.1089	0.0165	0.1878	0.0817	0.1061	3915.1309	3039029.6880	86.2118	6526.8037	4144431.6856	67.3716	2.2536	11771.0880	0.4877	0.0015	0.0000	0.0039	0.0022	0.0000	0.0164	0.0011	0.0000	0.0020
0	109	0.3793	6	1	1	0	0	0	0	0	0	N	N	N	N	N	N	N	N	N	N	N	N	0.0069	0.0051	0.0000	0.0925	0.0861	0.0000	0.0011	0.0006	0.0000	0.0089	0.0098	0.0000	0.0139	0.0149	0.0000	0.0028	0.0032	0.0000	1.2775	1.9061	0.0104	0.1499	0.1733	0.0036	2.5213	5.5286	0.0123	0.0000	0.0027	-0.0002	-0.5072	2.0090	7.7801	5.8078	32.2209	0.0023	0.0023	0.0000	0.0019	0.0019	0.0000	0.0003	0.0003	0.0000	0.9784	0.9757	0.0026	0.0602	0.0600	0.0002	0.9182	0.9157	0.0024	0.2550	0.2303	0.0247	0.1398	0.1300	0.0098	0.1152	0.1003	0.0149	0.7658	0.5119	0.2540	0.4017	0.3463	0.0554	0.3642	0.1656	0.1985	0.0069	0.0051	0.0000	0.0925	0.0861	0.0000	0.0011	0.0006	0.0000	1.2775	1.9061	0.0104	0.1499	0.1733	0.0036	2.5213	5.5286	0.0123
1	2	0.1426	2	1	0	2	1	0	0	0	0	N	N	Y	N	N	N	N	N	N	N	N	N	27.6406	18.8618	4.8840	5.1063	0.2536	0.3334	0.0000	0.4641	0.5240	0.0000	0.0000	0.0000	0.0000	0.0092	0.0177	0.0000	0.0950	0.1026	0.0000	0.0000	0.0000	0.0000	0.0000	0.0000	-0.0000	-0.0008	0.7962	0.0052	27.0091	3.0149	0.0002	0.0002	0.0000	0.0002	0.0002	0.0000	0.0000	0.0000	0.0000	0.0016	0.0016	0.0000	0.0016	0.0016	0.0000	0.0000	0.0000	0.0000	0.0008	0.0006	0.0002	0.0004	0.0004	0.0000	0.0004	0.0002	0.0001	0.1748	0.0907	0.0841	0.0169	0.0156	0.0012	0.1579	0.0751	0.0828	27.6406	18.8618	0.0000	4.8840	5.1063	0.0000	0.0000	0.0000	0.0000	0.0092	0.0177	0.0000	0.0950	0.1026	0.0000	0.0000	0.0000	0.0000					
1	3	0.1353	2	0	1	1	1	0	0	0	0	N	N	N	N	N	N	N	N	N	N	N	N	0.0000	0.0000	0.0000	0.0000	0.0000	0.0000	0.0000	0.0000	0.0000	0.0000	0.0000	0.0000	0.0000	0.0000	0.0000	0.0000	0.0000	0.4414	0.0091	1.3489	0.0903	0.0190	0.6168	0.6464	0.0000	1.4643	70.4368	0.0000	0.0721	0.7962	0.9999	27.0091	6.2197	0.0000	0.0000	0.0000	0.0000	0.0000	0.0000	0.0000	0.0000	0.0000	0.1551	0.0022	0.1530	0.0117	0.0022	0.0095	0.1434	0.0000	0.1434	0.0069	0.0060	0.0009	0.0000	0.0000	0.0000	0.0069	0.0060	0.0009	0.3514	0.2380	0.1134	0.1295	0.1141	0.0154	0.2219	0.1240	0.0980	0.0000	0.0000	0.0000	0.0000	0.0000	0.0000	0.0000	0.0000	0.0000	0.4414	0.0091	1.3489	0.0903	0.0190	0.6168	0.6464	0.0000	1.4643		
1	5	0.1258	2	1	1	1	1	0	0	0	0	N	N	N	N	N	N	N	N	N	N	N	N	0.1090	11.5669	0.0000	2.4310	2.4827	0.0000	0.0000	0.2142	0.2761	0.0000	0.4172	0.4491	0.0000	0.0000	0.0000	0.0000	1.9645	0.0239	3.9397	0.1716	0.1809	0.0000	2.0997	0.0000	3.9686	0.0000	162.1811	-0.0001	0.4650	0.7962	0.0308	27.0091	9.4656	0.0009	0.0009	0.0000	0.0009	0.0009	0.0000	0.0000	0.0000	0.0000	0.9836	0.0060	0.9776	0.0060	0.0060	0.0000	0.9776	0.0000	0.9776	0.0040	0.0031	0.0009	0.0021	0.0019	0.0001	0.0019	0.0012	0.0008	0.5007	0.2526	0.2481	0.0351	0.0333	0.0018	0.4656	0.2192	0.2463	0.1090	11.5669	0.0000	2.4310	2.4827	0.0000	0.0000	0.0000	0.0000	1.9645	0.0239	3.9397	0.1716	0.1809	0.0000	2.0997	0.0000	3.9686		
1	6	0.1563	3	1	1	1	2	0	0	0	0	N	N	N	Y	N	N	N	N	N	N	N	N	3243.3052	70454.6534	0.0000	1058.3086	19873.9294	0.0000	0.0000	0.0000	0.4462	0.5476	0.0000	0.7132	0.8874	0.0000	0.0000	0.0000	0.0000	0.0001	0.0000	0.0003	0.0007	0.0000	0.0044	0.0001	0.0000	0.0001	0.0000	33.3500	-0.0000	0.0000	0.7962	0.0006	27.0091	5.9946	0.0001	0.0001	0.0000	0.0001	0.0001	0.0000	0.0000	0.0000	0.0000	0.0000	0.0000	0.0000	0.0000	0.0000	0.0000	0.0000	0.0000	0.0000	0.0001	0.0001	0.0000	0.0001	0.0001	0.0000	0.0000	0.0000	0.0000	0.2995	0.1543	0.1451	0.0315	0.0269	0.0046	0.2680	0.1275	0.1405	3243.3052	70454.6534	0.0000	1058.3086	19873.9294	0.0000	0.0000	0.0000	0.0000	0.0001	0.0000	0.0003	0.0007	0.0000	0.0044	0.0001	0.0000	0.0001	
1	7	0.1426	2	1	0	2	1	0	0	0	0	N	N	Y	N	N	N	N	N	N	N	N	N	50.7248	33.9149	6.7117	6.7856	0.2528	0.3320	0.0000	0.4630	0.5226	0.0000	0.0000	0.0000	0.0000	0.0050	0.0098	0.0000	0.0690	0.0770	0.0000	0.0000	0.0000	0.0000	0.0000	0.0000	-0.0000	-0.0008	0.7962	0.0052	27.0091	6.0470	0.0002	0.0002	0.0000	0.0002	0.0002	0.0000	0.0000	0.0000	0.0000	0.0016	0.0016	0.0000	0.0016	0.0016	0.0000	0.0000	0.0000	0.0000	0.0008	0.0006	0.0002	0.0004	0.0004	0.0000	0.0004	0.0002	0.0001	0.3218	0.1638	0.1580	0.0232	0.0208	0.0024	0.2986	0.1430	0.1556	50.7248	33.9149	0.0000	6.7117	6.7856	0.0000	0.0000	0.0000	0.0000	0.0050	0.0098	0.0000	0.0690	0.0770	0.0000	0.0000	0.0000	0.0000					
1	9	0.1594	5	0	0	2	1	0	0	0	0	N	N	Y	N	N	N	N	N	N	N	N	N	0.0000	0.0000	0.0000	0.0000	0.0000	0.0000	0.0000	0.0000	0.0000	0.0000	0.0000	0.0000	0.0000	0.0000	0.0000	0.0000	0.0000	0.0022	0.0008	0.0048	0.0027	0.0016	0.0089	0.0020	0.0000	0.0040	3.5000	0.0000	0.0000	0.7962	0.0000	27.0091	0.9989	0.0000	0.0000	0.0000	0.0000	0.0000	0.0000	0.0000	0.0000	0.0000	0.0001	0.0000	0.0001	0.0000	0.0000	0.0000	0.0001	0.0000	0.0001	0.0000	0.0000	0.0000	0.0000	0.0000	0.0000	0.0000	0.0000	0.0000	0.0403	0.0256	0.0147	0.0150	0.0128	0.0023	0.0252	0.0128	0.0124	0.0000	0.0000	0.0000	0.0000	0.0000	0.0000	0.0000	0.0000	0.0000	0.0022	0.0008	0.0048	0.0027	0.0016	0.0089	0.0020	0.0000	0.0040		
1	10	0.1415	3	0	0	2	1	0	0	0	0	N	N	Y	N	N	N	N	N	N	N	N	N	0.0000	0.0000	0.0000	0.0000	0.0000	0.0000	0.0000	0.0000	0.0000	0.0000	0.0000	0.0000	0.0000	0.0000	0.0000	0.0000	0.0000	0.0000	3.3321	4.5407	0.6997	0.1076	0.0360	0.6480	5.3241	8.9027	0.7083	0.0708	0.0000	-0.4877	0.7962	0.0010	27.0091	6.5746	0.0000	0.0000	0.0000	0.0000	0.0000	0.0000	0.0000	0.0000	0.0000	1.0718	1.0009	0.0708	0.0132	0.0039	0.0093	1.0586	0.9970	0.0615	0.0000	0.0000	0.0000	0.0000	0.0000	0.0000	0.0000	0.0000	0.0000	0.3216	0.2204	0.1012	0.1228	0.1084	0.0144	0.1988	0.1120	0.0868	0.0000	0.0000	0.0000	0.0000	0.0000	0.0000	0.0000	0.0000	0.0000	3.3321	4.5407	0.6997	0.1076	0.0360	0.6480	5.3241	8.9027	0.7083	
1	12	0.1240	3	0	1	1	1	0	0	0	0	N	N	N	N	N	N	N	N	N	N	N	N	0.0000	0.0000	0.0000	0.0000	0.0000	0.0000	0.0000	0.0000	0.0000	0.0000	0.0000	0.0000	0.0000	0.0004	0.0006	0.0000	0.0015	0.0015	0.0000	0.0000	0.0000	0.0000	0.0000	0.0000	-0.0000	0.7962	0.0000	27.0091	1.2577	0.0000	0.0000	0.0000	0.0000	0.0000	0.0000	0.0000	0.0000	0.0000	0.0001	0.0001	0.0000	0.0001	0.0001	0.0000	0.0000	0.0000	0.0000	0.0000	0.0000	0.0000	0.0000	0.0000	0.0000	0.0000	0.0000	0.0000	0.1346	0.0916	0.0430	0.0365	0.0360	0.0005	0.0981	0.0556	0.0426	0.0000	0.0000	0.0000	0.0000	0.0000	0.0000	0.0000	0.0000	0.0000	0.0004	0.0006	0.0000	0.0015	0.0015	0.0000	0.0000	0.0000	0.0000						
1	13	0.1618	4	0	0	1	2	0	0	0	0	N	N	N	Y	N	N	N	N	N	N	N	N	0.0000	0.0000	0.0000	0.0000	0.0000	0.0000	0.0000	0.0000	0.0000	0.0000	0.0000	0.0000	0.0000	0.0000	0.0000	0.0000	0.0000	0.0000	0.0000	0.0000	0.7962	0.0000	27.0091	1.9950	0.0000	0.0000	0.0000	0.0000	0.0000	0.0000	0.0000	0.0000	0.0000	0.0000	0.0000	0.0000	0.0000	0.0000	0.0000	0.0000	0.0000	0.0000	0.0000	0.0000	0.0000	0.0000	0.0000	0.0000	0.0000	0.0000	0.0000	0.0970	0.0486	0.0484	0.0107	0.0090	0.0016	0.0863	0.0395	0.0468	0.0000	0.0000	0.0000	0.0000	0.0000	0.0000	0.0000	0.0000	0.0000	0.0000	0.0000	0.0000	0.0000	0.0000	0.0000	0.0000	0.0000	0.0000											
1	14	0.5281	8	0	1	1	2	0	0	0	0	N	N	N	Y	N	N	N	N	N	N	N	N	0.0005	0.0000	0.0021	0.0081	0.0000	0.3160	0.0000	0.0000	0.0000	0.0010	0.0000	0.0107	0.0036	0.0000	0.2411	0.0000	0.0000	0.0000	1.8335	0.2383	5.0269	0.4473	0.3948	0.7629	3.0938	0.0019	6.2773	inf	10.5390	0.0001	0.6809	0.7962	3.8100	27.0091	14.0319	0.0001	0.0000	0.0001	0.0001	0.0000	0.0001	0.0000	0.0000	0.0000	1.7359	0.1504	1.5855	0.2017	0.1500	0.0517	1.5343	0.0005	1.5338	0.0759	0.0689	0.0070	0.0205	0.0202	0.0003	0.0554	0.0487	0.0067	0.9468	0.6314	0.3154	0.4509	0.3798	0.0711	0.4959	0.2516	0.2443	0.0005	0.0000	0.0021	0.0081	0.0000	0.3314	0.0000	0.0000	0.0000	1.8335	0.2383	5.0269	0.4473	0.3948	0.7276	3.0938	0.0019	6.2773
1	15	0.1381	2	0	1	1	1	0	0	0	0	N	N	N	N	N	N	N	N	N	N	N	N	1.0076	0.5710	0.0000	0.9846	0.8447	0.0000	0.0000	0.0000	0.0020	0.0021	0.0000	0.0038	0.0040	0.0000	0.0000	0.0000	0.0000	0.0020	0.0037	0.0000	0.0039	0.0048	0.0000	0.0016	0.0034	0.0000	0.0000	0.0017	-0.0000	-0.0004	0.7962	2.5826	27.0091	3.6028	0.0003	0.0003	0.0000	0.0003	0.0003	0.0000	0.0000	0.0000	0.0000	0.0007	0.0007	0.0000	0.0003	0.0003	0.0000	0.0005	0.0005	0.0000	0.1323	0.1238	0.0085	0.0693	0.0659	0.0034	0.0631	0.0580	0.0051	0.3610	0.1912	0.1698	0.0661	0.0539	0.0122	0.2950	0.1373	0.1577	1.0076	0.5710	0.0000	0.9846	0.8447	0.0000	0.0000	0.0000	0.0000	0.0020	0.0037	0.0000	0.0039	0.0048	0.0000	0.0016	0.0034	0.0000	
1	16	0.1752	6	0	1	1	2	0	0	0	0	N	N	N	Y	N	N	N	N	N	N	N	N	0.0000	0.0000	0.0000	0.0000	0.0000	0.0000	0.0000	0.0000	0.0000	0.0000	0.0000	0.0000	0.0000	0.0000	0.0000	0.0000	0.0000	0.0000	0.0000	0.0000	0.7962	0.0000	27.0091	0.0000	0.0000	0.0000	0.0000	0.0000	0.0000	0.0000	0.0000	0.0000	0.0000	0.0000	0.0000	0.0000	0.0000	0.0000	0.0000	0.0000	0.0000	0.0000	0.0000	0.0000	0.0000	0.0000	0.0000	0.0000	0.0000	0.0000	0.0000	0.0000	0.0000	0.0000	0.0000	0.0000	0.0000	0.0000	0.0000	0.0000	0.0000	0.0000	0.0000	0.0000	0.0000	0.0000	0.0000	0.0000	0.0000	0.0000	0.0000	0.0000	0.0000	0.0000	0.0000	0.0000	0.0000	0.0000											
1	18	0.1817	2	0	0	1	2	0	0	0	0	N	N	N	Y	N	N	N	N	N	N	N	N	0.0401	0.0000	0.1385	0.2634	0.0000	3.3404	0.0163	0.0000	0.0633	0.0048	0.0000	0.0504	0.0094	0.0000	0.6782	0.0033	0.0000	0.0264	0.1210	0.0023	0.3637	0.0356	0.0018	0.2030	0.2020	0.0030	0.4170	inf	77.6873	0.0001	0.0070	0.7962	0.9969	27.0091	1.0186	0.0001	0.0000	0.0001	0.0000	0.0000	0.0000	0.0000	0.0000	0.0000	0.0150	0.0002	0.0148	0.0021	0.0001	0.0021	0.0128	0.0001	0.0127	0.0203	0.0183	0.0020	0.0052	0.0051	0.0001	0.0151	0.0132	0.0019	0.1236	0.0830	0.0406	0.0602	0.0501	0.0101	0.0634	0.0329	0.0305	0.0401	0.0000	0.1385	0.2634	0.0000	3.3404	0.0163	0.0000	0.0633	0.1210	0.0023	0.3637	0.0356	0.0018	0.2030	0.2020	0.0030	0.4170
1	19	0.1233	2	1	0	2	1	0	0	0	0	N	N	Y	N	N	N	N	N	N	N	N	N	0.4378	0.2265	0.0207	0.0192	0.0005	0.0005	0.0000	0.0007	0.0007	0.0000	0.0000	0.0000	0.0000	0.0011	0.0022	0.0000	0.0328	0.0366	0.0000	0.0000	0.0000	0.0000	0.0000	0.0000	-0.0000	-0.0001	0.7962	0.3962	27.0091	2.0067	0.0000	0.0000	0.0000	0.0000	0.0000	0.0000	0.0000	0.0000	0.0000	0.0001	0.0001	0.0000	0.0001	0.0001	0.0000	0.0000	0.0000	0.0000	0.0358	0.0340	0.0017	0.0252	0.0243	0.0009	0.0106	0.0098	0.0008	0.1256	0.0619	0.0638	0.0042	0.0037	0.0004	0.1214	0.0581	0.0633	0.4378	0.2265	0.0000	0.0207	0.0192	0.0000	0.0000	0.0000	0.0000	0.0011	0.0022	0.0000	0.0328	0.0366	0.0000	0.0000	0.0000	0.0000					
1	20	0.1528	4	0	1	1	1	0	0	0	0	N	N	N	N	N	N	N	N	N	N	N	N	0.0000	0.0000	0.0000	0.0000	0.0000	0.0000	0.0000	0.0000	0.0000	0.0000	0.0000	0.0000	0.0000	0.0000	0.0000	0.0000	0.0000	0.0385	0.0247	0.0633	0.0464	0.0493	0.0289	0.0338	0.0000	0.0693	1.4274	0.0000	0.0002	0.7962	0.0000	27.0091	3.0021	0.0000	0.0000	0.0000	0.0000	0.0000	0.0000	0.0000	0.0000	0.0000	0.0030	0.0012	0.0018	0.0014	0.0012	0.0001	0.0016	0.0000	0.0016	0.0000	0.0000	0.0000	0.0000	0.0000	0.0000	0.0000	0.0000	0.0000	0.0781	0.0501	0.0280	0.0293	0.0252	0.0041	0.0488	0.0250	0.0238	0.0000	0.0000	0.0000	0.0000	0.0000	0.0000	0.0000	0.0000	0.0000	0.0385	0.0247	0.0633	0.0464	0.0493	0.0289	0.0338	0.0000	0.0693		
1	23	0.1473	3	0	1	1	1	0	0	0	0	N	N	N	N	N	N	N	N	N	N	N	N	0.0000	0.0000	0.0000	0.0000	0.0000	0.0000	0.0000	0.0000	0.0000	0.0000	0.0000	0.0000	0.0000	0.0000	0.0000	0.0000	0.0000	0.0000	1.8185	2.6879	0.1492	0.0098	0.0053	0.0497	3.2529	6.7851	0.1643	0.0289	0.0000	-0.4975	0.7962	0.0000	27.0091	4.0676	0.0000	0.0000	0.0000	0.0000	0.0000	0.0000	0.0000	0.0000	0.0000	1.0091	0.9807	0.0284	0.0024	0.0012	0.0012	1.0067	0.9796	0.0271	0.0175	0.0118	0.0057	0.0103	0.0089	0.0014	0.0072	0.0029	0.0043	0.5549	0.3649	0.1900	0.2454	0.2205	0.0249	0.3095	0.1444	0.1651	0.0000	0.0000	0.0000	0.0000	0.0000	0.0000	0.0000	0.0000	0.0000	1.8185	2.6879	0.1492	0.0098	0.0053	0.0497	3.2529	6.7851	0.1643	
1	25	0.1212	2	0	1	1	1	0	0	0	0	N	N	N	N	N	N	N	N	N	N	N	N	3.9134	2.2124	0.6949	0.6660	0.0242	0.0260	0.0000	0.0510	0.0525	0.0000	0.0000	0.0000	0.0000	0.0062	0.0118	0.0000	0.0734	0.0788	0.0000	0.0000	0.0000	0.0000	0.0000	0.0000	-0.0001	-0.0015	0.7962	1.0335	27.0091	7.4537	0.0013	0.0013	0.0000	0.0013	0.0013	0.0000	0.0000	0.0000	0.0000	0.0028	0.0028	0.0000	0.0028	0.0028	0.0000	0.0000	0.0000	0.0000	0.0530	0.0492	0.0038	0.0251	0.0244	0.0007	0.0278	0.0248	0.0031	0.4601	0.2416	0.2184	0.0387	0.0361	0.0026	0.4214	0.2055	0.2158	3.9134	2.2124	0.0000	0.6949	0.6660	0.0000	0.0000	0.0000	0.0000	0.0062	0.0118	0.0000	0.0734	0.0788	0.0000	0.0000	0.0000	0.0000					
1	27	0.1938	2	0	1	2	2	0	0	0	0	N	N	Y	Y	N	N	N	N	N	N	N	N	0.0378	4.2188	0.0000	0.0681	5.7108	0.0000	0.0000	0.0000	0.0000	0.0011	0.0012	0.0000	0.0024	0.0024	0.0000	0.0000	0.0000	0.0000	0.0296	0.0003	0.0755	0.0346	0.0004	0.2544	0.0263	0.0001	0.0469	0.0000	171.8963	-0.0000	0.0056	0.7962	1.9923	27.0091	5.5017	0.0001	0.0001	0.0000	0.0001	0.0001	0.0000	0.0000	0.0000	0.0000	0.0119	0.0001	0.0118	0.0055	0.0001	0.0055	0.0063	0.0000	0.0063	0.0930	0.0880	0.0050	0.0442	0.0431	0.0011	0.0488	0.0449	0.0038	0.4016	0.2451	0.1565	0.1604	0.1388	0.0216	0.2412	0.1063	0.1349	0.0378	4.2188	0.0000	0.0681	5.7108	0.0000	0.0000	0.0000	0.0000	0.0296	0.0003	0.0755	0.0346	0.0004	0.2544	0.0263	0.0001	0.0469
1	29	0.1610	4	1	1	1	1	0	0	0	0	N	N	N	N	N	N	N	N	N	N	N	N	0.0000	0.0000	0.0000	0.0000	0.0000	0.0000	0.0000	0.0000	0.0000	0.0000	0.0000	0.0000	0.0000	0.0000	0.0000	0.0000	0.0000	0.0000	0.0000	0.0000	0.7962	0.0000	27.0091	0.0000	0.0000	0.0000	0.0000	0.0000	0.0000	0.0000	0.0000	0.0000	0.0000	0.0000	0.0000	0.0000	0.0000	0.0000	0.0000	0.0000	0.0000	0.0000	0.0000	0.0000	0.0000	0.0000	0.0000	0.0000	0.0000	0.0000	0.0000	0.0000	0.0000	0.0000	0.0000	0.0000	0.0000	0.0000	0.0000	0.0000	0.0000	0.0000	0.0000	0.0000	0.0000	0.0000	0.0000	0.0000	0.0000	0.0000	0.0000	0.0000	0.0000	0.0000	0.0000	0.0000	0.0000	0.0000											
1	32	0.5281	8	0	0	2	1	0	0	0	0	N	N	Y	N	N	N	N	N	N	N	N	N	0.0002	0.0000	0.0015	0.0019	0.0000	0.1974	0.0000	0.0000	0.0000	0.0015	0.0000	0.0160	0.0054	0.0000	0.3255	0.0000	0.0000	0.0000	6.2824	4.1169	10.6809	2.7980	3.0796	1.6487	9.6298	5.8513	13.2845	inf	1.2773	0.0001	0.1647	0.7962	2.4598	27.0091	7.4321	0.0001	0.0000	0.0001	0.0001	0.0000	0.0001	0.0000	0.0000	0.0000	4.1376	1.8169	2.3208	0.9029	0.8505	0.0524	3.2347	0.9664	2.2683	0.0502	0.0456	0.0047	0.0138	0.0135	0.0002	0.0365	0.0321	0.0044	0.6586	0.4413	0.2173	0.3227	0.2762	0.0465	0.3359	0.1652	0.1708	0.0002	0.0000	0.0015	0.0019	0.0000	0.2888	0.0000	0.0000	0.0000	6.2824	4.1169	10.6809	2.7980	3.0796	1.1268	9.6298	5.8513	13.2845
1	33	0.4898	7	0	0	1	1	0	0	0	0	N	N	N	N	N	N	N	N	N	N	N	N	0.0002	0.0020	0.0001	0.0055	0.0049	0.0507	0.0000	0.0000	0.0000	0.0015	0.0015	0.0014	0.0057	0.0052	0.0396	0.0000	0.0000	0.0000	7.2505	0.7291	20.1270	1.0266	1.0694	0.7816	11.7579	0.3181	24.0707	0.0932	13.9806	-0.0000	2.1937	0.7962	2.7943	27.0091	8.2643	0.0001	0.0001	0.0000	0.0001	0.0001	0.0000	0.0000	0.0000	0.0000	5.3223	0.3553	4.9670	0.3165	0.2851	0.0314	5.0058	0.0702	4.9356	0.0553	0.0501	0.0051	0.0144	0.0142	0.0002	0.0409	0.0359	0.0050	0.7341	0.4873	0.2468	0.3083	0.2666	0.0417	0.4257	0.2207	0.2050	0.0002	0.0020	0.0001	0.0055	0.0049	0.0526	0.0000	0.0000	0.0000	7.2505	0.7291	20.1270	1.0266	1.0694	0.7533	11.7579	0.3181	24.0707
1	34	0.1587	2	0	1	1	1	0	0	0	0	N	N	N	N	N	N	N	N	N	N	N	N	0.1011	0.0000	0.1487	0.1634	0.0000	13.3777	0.0811	0.0000	0.0741	0.7170	0.0000	2.0669	0.5527	0.0000	3.2257	0.9675	0.0000	1.5744	7.0884	3.5197	13.8997	3.3813	4.2280	0.2411	11.9311	2.0156	21.2508	inf	2.0691	0.0003	0.2388	0.7962	0.0009	27.0091	2.4415	0.0003	0.0000	0.0003	0.0002	0.0000	0.0002	0.0002	0.0000	0.0002	1.5597	0.5082	1.0515	0.4214	0.4150	0.0064	1.1383	0.0932	1.0451	0.0005	0.0003	0.0002	0.0003	0.0002	0.0000	0.0002	0.0001	0.0001	0.2200	0.1444	0.0756	0.1246	0.0982	0.0265	0.0954	0.0462	0.0492	0.1011	0.0000	0.1487	0.1634	0.0000	13.3777	0.0811	0.0000	0.0741	7.0884	3.5197	13.8997	3.3813	4.2280	0.2411	11.9311	2.0156	21.2508
1	36	0.1938	2	0	1	1	1	0	0	0	0	N	N	N	N	N	N	N	N	N	N	N	N	0.0276	0.0190	0.0000	0.0166	0.0164	0.0000	0.0000	0.0000	0.0000	0.0799	0.0893	0.0000	0.1188	0.1351	0.0000	0.0000	0.0000	0.0000	2.8952	4.7047	0.0316	7.1518	8.2331	0.0382	0.0307	0.0309	0.0306	0.0000	0.0043	-0.0000	-0.5166	0.7962	0.0123	27.0091	6.2120	0.0001	0.0001	0.0000	0.0001	0.0001	0.0000	0.0000	0.0000	0.0000	0.9995	0.9953	0.0042	0.9932	0.9925	0.0007	0.0063	0.0028	0.0035	0.0013	0.0012	0.0001	0.0009	0.0008	0.0001	0.0004	0.0004	0.0000	0.3452	0.2116	0.1337	0.1389	0.1205	0.0183	0.2064	0.0910	0.1153	0.0276	0.0190	0.0000	0.0166	0.0164	0.0000	0.0000	0.0000	0.0000	2.8952	4.7047	0.0316	7.1518	8.2331	0.0382	0.0307	0.0309	0.0306
1	40	0.1587	2	0	0	2	1	0	0	0	0	N	N	Y	N	N	N	N	N	N	N	N	N	0.5208	0.0000	0.5177	0.2620	0.0000	0.1023	1.5545	0.0000	1.2307	0.7170	0.0000	2.0669	0.5527	0.0000	3.2257	0.9675	0.0000	1.5744	1.3768	0.0238	3.9926	2.1090	0.0364	31.5278	0.6224	0.0037	1.2793	inf	86.6741	0.0003	0.3045	0.7962	0.0009	27.0091	7.7842	0.0003	0.0000	0.0003	0.0002	0.0000	0.0002	0.0002	0.0000	0.0002	0.6514	0.0074	0.6440	0.5064	0.0070	0.4994	0.1450	0.0004	0.1446	0.0005	0.0003	0.0002	0.0003	0.0002	0.0000	0.0002	0.0001	0.0001	0.4731	0.3118	0.1613	0.2401	0.1918	0.0483	0.2330	0.1200	0.1130	0.5208	0.0000	0.5177	0.2620	0.0000	0.3118	1.5545	0.0000	1.2307	1.3768	0.0238	3.9926	2.1090	0.0364	10.3446	0.6224	0.0037	1.2793
1	42	0.1732	2	0	1	1	1	0	0	0	0	N	N	N	N	N	N	N	N	N	N	N	N	0.5178	0.5667	7.9036	1.1574	0.0000	0.0000	0.6011	0.0000	2.9206	0.9340	0.0000	3.2696	0.0000	0.0000	0.0000	1.1608	0.0000	5.1538	0.1182	0.0000	2.8250	2.2769	0.0000	5.6950	inf	inf	0.0000	0.0001	0.7962	0.0003	27.0091	0.0002	0.0000	0.0000	0.0000	0.0000	0.0000	0.0000	0.0000	0.0000	0.0000	0.0002	0.0000	0.0002	0.0000	0.0000	0.0000	0.0002	0.0000	0.0002	0.0000	0.0000	0.0000	0.0000	0.0000	0.0000	0.0000	0.0000	0.0000	0.0002	0.0001	0.0000	0.0001	0.0001	0.0000	0.0001	0.0000	0.0000	0.5178	0.0000	0.5667	7.9036	0.0000	1.7197	0.0000	0.0000	0.0000	1.1608	0.0000	5.1538	0.1182	0.0000	1.9012	2.2769	0.0000	5.6950			
1	43	0.1292	2	1	1	2	1	0	0	0	0	N	N	Y	N	N	N	N	N	N	N	N	N	0.0000	0.0000	0.0000	0.0000	0.0000	0.0000	0.0000	0.0000	0.0000	0.0000	0.0000	0.0000	0.0000	0.0000	0.0000	0.0000	0.0000	0.0000	0.0000	0.0000	0.7962	0.0000	27.0091	2.0000	0.0000	0.0000	0.0000	0.0000	0.0000	0.0000	0.0000	0.0000	0.0000	0.0000	0.0000	0.0000	0.0000	0.0000	0.0000	0.0000	0.0000	0.0000	0.0000	0.0000	0.0000	0.0000	0.0000	0.0000	0.0000	0.0000	0.0000	0.1110	0.0646	0.0463	0.0212	0.0161	0.0051	0.0898	0.0485	0.0413	0.0000	0.0000	0.0000	0.0000	0.0000	0.0000	0.0000	0.0000	0.0000	0.0000	0.0000	0.0000	0.0000	0.0000	0.0000	0.0000	0.0000	0.0000											
1	44	0.1292	2	1	1	2	1	0	0	0	0	N	N	Y	N	N	N	N	N	N	N	N	N	0.0000	0.0000	0.0000	0.0000	0.0000	0.0000	0.0000	0.0000	0.0000	0.0000	0.0000	0.0000	0.0000	0.0000	0.0000	0.0000	0.0000	0.0000	0.0000	0.0000	0.7962	0.0000	27.0091	0.0000	0.0000	0.0000	0.0000	0.0000	0.0000	0.0000	0.0000	0.0000	0.0000	0.0000	0.0000	0.0000	0.0000	0.0000	0.0000	0.0000	0.0000	0.0000	0.0000	0.0000	0.0000	0.0000	0.0000	0.0000	0.0000	0.0000	0.0000	0.0000	0.0000	0.0000	0.0000	0.0000	0.0000	0.0000	0.0000	0.0000	0.0000	0.0000	0.0000	0.0000	0.0000	0.0000	0.0000	0.0000	0.0000	0.0000	0.0000	0.0000	0.0000	0.0000	0.0000	0.0000	0.0000	0.0000											
1	48	0.1817	2	0	0	1	2	0	0	0	0	N	N	N	Y	N	N	N	N	N	N	N	N	5.5953	0.0000	7.2691	19.0801	0.0000	23.1429	3.3369	0.0000	4.4438	0.4781	0.0000	1.8558	0.4832	0.0000	3.2186	0.4733	0.0000	1.3117	0.0855	0.0016	0.2553	0.0253	0.0013	0.1391	0.1418	0.0021	0.2952	inf	77.6873	0.0001	0.0070	0.7962	0.0037	27.0091	3.0208	0.0001	0.0000	0.0001	0.0000	0.0000	0.0000	0.0000	0.0000	0.0000	0.0150	0.0002	0.0148	0.0021	0.0001	0.0021	0.0128	0.0001	0.0127	0.0002	0.0002	0.0001	0.0001	0.0001	0.0000	0.0001	0.0001	0.0000	0.1750	0.1171	0.0578	0.0847	0.0699	0.0148	0.0903	0.0472	0.0430	5.5953	0.0000	7.2691	19.0801	0.0000	23.1429	3.3369	0.0000	4.4438	0.0855	0.0016	0.2553	0.0253	0.0013	0.1391	0.1418	0.0021	0.2952
1	50	0.1381	2	0	1	2	1	0	0	0	0	N	N	Y	N	N	N	N	N	N	N	N	N	0.4147	0.2613	0.0000	0.2380	0.2086	0.6380	0.3268	0.0000	0.0020	0.0022	0.0000	0.0013	0.0014	0.0000	0.0030	0.0032	0.0000	0.0049	0.0083	0.0000	0.0053	0.0065	0.0000	0.0047	0.0099	0.0000	0.0000	0.0017	-0.0000	-0.0004	0.7962	1.4428	27.0091	0.4686	0.0002	0.0002	0.0000	0.0001	0.0001	0.0000	0.0001	0.0001	0.0000	0.0007	0.0007	0.0000	0.0003	0.0003	0.0000	0.0005	0.0005	0.0000	0.0827	0.0769	0.0058	0.0461	0.0432	0.0029	0.0366	0.0337	0.0030	0.1472	0.0861	0.0612	0.0481	0.0395	0.0086	0.0991	0.0465	0.0526	0.4147	0.2613	0.0000	0.2380	0.2086	0.0000	0.6380	0.3268	0.0000	0.0049	0.0083	0.0000	0.0053	0.0065	0.0000	0.0047	0.0099	0.0000	
1	52	0.1258	2	1	0	2	1	0	0	0	0	N	N	Y	N	N	N	N	N	N	N	N	N	0.2377	0.1296	0.0512	0.0502	0.0187	0.0200	0.0000	0.0439	0.0446	0.0000	0.0000	0.0000	0.0000	0.0788	0.1546	0.0000	0.8569	0.8903	0.0000	0.0000	0.0000	0.0000	0.0000	0.0000	-0.0001	-0.0136	0.7962	0.9976	27.0091	4.7732	0.0009	0.0009	0.0000	0.0009	0.0009	0.0000	0.0000	0.0000	0.0000	0.0261	0.0261	0.0000	0.0261	0.0261	0.0000	0.0000	0.0000	0.0000	0.0458	0.0428	0.0030	0.0196	0.0192	0.0003	0.0263	0.0236	0.0026	0.3308	0.1686	0.1622	0.0304	0.0293	0.0011	0.3004	0.1393	0.1611	0.2377	0.1296	0.0000	0.0512	0.0502	0.0000	0.0000	0.0000	0.0000	0.0788	0.1546	0.0000	0.8569	0.8903	0.0000	0.0000	0.0000	0.0000					
1	55	0.1244	2	0	1	1	1	0	0	0	0	N	N	N	N	N	N	N	N	N	N	N	N	0.3888	0.0000	3.0801	6.7589	0.0000	16.6932	0.3669	0.0000	2.2222	0.7217	0.0000	1.8581	0.3802	0.0000	3.2249	1.1663	0.0000	1.5749	1.8560	2.5432	0.6033	0.0562	0.0280	0.1932	3.1791	5.5428	0.7087	inf	0.1301	0.0018	-0.4450	0.7962	0.0041	27.0091	6.2745	0.0020	0.0000	0.0020	0.0006	0.0000	0.0006	0.0014	0.0000	0.0014	1.0961	0.9699	0.1262	0.0141	0.0058	0.0083	1.0820	0.9641	0.1179	0.0028	0.0017	0.0011	0.0016	0.0014	0.0002	0.0012	0.0003	0.0009	0.5906	0.3814	0.2092	0.2502	0.2074	0.0428	0.3404	0.1739	0.1664	0.3888	0.0000	3.0801	6.7589	0.0000	16.6932	0.3669	0.0000	2.2222	1.8560	2.5432	0.6033	0.0562	0.0280	0.1932	3.1791	5.5428	0.7087
1	56	0.1732	2	0	0	2	1	0	0	0	0	N	N	Y	N	N	N	N	N	N	N	N	N	2.5102	1.7925	4.5547	3.6825	2.3509	2.5676	0.0000	9.3991	9.4648	0.0000	0.0000	0.0000	0.0000	0.9366	1.4324	0.0000	2.0636	2.5702	0.0000	0.0000	0.0000	0.0000	0.0000	0.0000	-0.0761	-0.5049	0.7962	18.9997	27.0091	4.0000	0.7961	0.7961	0.0000	0.7961	0.7961	0.0000	0.0000	0.0000	0.0000	0.9689	0.9689	0.0000	0.9689	0.9689	0.0000	0.0000	0.0000	0.0000	0.3386	0.3101	0.0286	0.0847	0.0841	0.0006	0.2539	0.2260	0.0280	1.0345	0.6764	0.3581	0.4695	0.3770	0.0925	0.5650	0.2994	0.2656	2.5102	1.7925	0.0000	4.5547	3.6825	0.0000	0.0000	0.0000	0.0000	0.9366	1.4324	0.0000	2.0636	2.5702	0.0000	0.0000	0.0000	0.0000					
1	58	0.1240	3	1	1	1	1	0	0	0	0	N	N	N	N	N	N	N	N	N	N	N	N	0.0150	2.2840	0.0000	0.5420	0.7720	0.0000	0.0000	0.0000	0.0260	0.0280	0.0000	0.0547	0.0564	0.0000	0.0000	0.0000	0.0000	1.7304	0.0123	3.7350	0.1010	0.0731	0.5342	1.9041	0.0000	3.7760	0.0000	260.7467	-0.0001	0.4297	0.7962	0.9359	27.0091	8.5945	0.0013	0.0013	0.0000	0.0013	0.0013	0.0000	0.0000	0.0000	0.0000	0.9043	0.0035	0.9009	0.0051	0.0035	0.0016	0.8993	0.0000	0.8993	0.0483	0.0448	0.0034	0.0230	0.0223	0.0007	0.0253	0.0225	0.0028	0.5226	0.2814	0.2412	0.0503	0.0473	0.0031	0.4723	0.2341	0.2382	0.0150	2.2840	0.0000	0.5420	0.7720	0.0000	0.0000	0.0000	0.0000	1.7304	0.0123	3.7350	0.1010	0.0731	0.5342	1.9041	0.0000	3.7760	
1	59	0.1212	2	0	1	1	1	0	0	0	0	N	N	N	N	N	N	N	N	N	N	N	N	0.2952	2.6878	0.2845	2.0859	2.1342	0.3322	0.2456	2.2824	0.3383	0.2046	0.1645	0.4630	0.2065	0.2163	0.0017	0.2026	0.1009	0.5568	0.6930	0.0612	1.6278	0.0990	0.1013	0.0051	0.8252	0.0442	1.6456	0.4364	17.9760	0.0005	0.0456	0.7962	0.1706	27.0091	1.8413	0.0025	0.0018	0.0008	0.0013	0.0013	0.0000	0.0013	0.0005	0.0008	0.1069	0.0056	0.1013	0.0028	0.0028	0.0000	0.1041	0.0029	0.1013	0.0124	0.0107	0.0017	0.0062	0.0059	0.0003	0.0062	0.0048	0.0014	0.1542	0.0920	0.0622	0.0281	0.0274	0.0007	0.1262	0.0646	0.0615	0.2952	2.6878	0.2845	2.0859	2.1342	0.3322	0.2456	2.2824	0.3383	0.6930	0.0612	1.6278	0.0990	0.1013	0.0051	0.8252	0.0442	1.6456
1	61	0.4962	8	0	0	1	1	0	0	0	0	N	N	N	N	N	N	N	N	N	N	N	N	0.0001	0.0000	0.0013	0.0020	0.0000	0.3808	0.0000	0.0000	0.0000	0.0004	0.0000	0.0041	0.0015	0.0000	0.1154	0.0000	0.0000	0.0000	2.6701	2.4293	3.1217	0.7264	0.8035	0.3030	3.9431	4.1431	3.7215	inf	0.6848	0.0000	-0.2292	0.7962	1.0140	27.0091	12.0537	0.0000	0.0000	0.0000	0.0000	0.0000	0.0000	0.0000	0.0000	0.0000	2.0000	1.1871	0.8129	0.2153	0.2015	0.0138	1.7847	0.9856	0.7991	0.0205	0.0186	0.0019	0.0054	0.0053	0.0001	0.0152	0.0133	0.0019	0.7491	0.4886	0.2604	0.2964	0.2508	0.0457	0.4526	0.2379	0.2147	0.0001	0.0000	0.0013	0.0020	0.0000	0.3808	0.0000	0.0000	0.0000	2.6701	2.4293	3.1217	0.7264	0.8035	0.3030	3.9431	4.1431	3.7215
1	62	0.4203	5	0	0	1	1	0	0	0	0	N	N	N	N	N	N	N	N	N	N	N	N	0.2460	0.0000	0.8441	0.6533	0.0000	1.7499	0.0053	0.0000	0.0243	0.4102	0.0000	3.1693	0.9050	0.0000	5.6434	0.0103	0.0000	0.0987	1.6675	0.7040	3.7545	1.3853	1.1664	3.2249	1.9307	0.0010	4.0595	inf	2.4620	0.1847	0.9514	0.7962	22.0948	27.0091	64.3951	0.2042	0.0000	0.2042	0.2014	0.0000	0.2014	0.0028	0.0000	0.0028	5.0053	1.4458	3.5595	2.0065	1.4449	0.5616	2.9988	0.0008	2.9979	0.4979	0.4334	0.0644	0.2225	0.1869	0.0357	0.2753	0.2466	0.0288	3.0016	2.0535	0.9481	1.4484	1.2388	0.2096	1.5532	0.8147	0.7385	0.2460	0.0000	0.8441	0.6533	0.0000	2.1060	0.0053	0.0000	0.0243	1.6675	0.7040	3.7545	1.3853	1.1664	2.6797	1.9307	0.0010	4.0595
1	63	0.2135	4	0	0	1	1	0	0	0	0	N	N	N	N	N	N	N	N	N	N	N	N	0.0165	0.0000	0.1145	0.0476	0.0000	0.6866	0.0013	0.0000	0.0066	0.0133	0.0000	0.1376	0.0498	0.0000	2.2032	0.0008	0.0000	0.0064	0.8042	0.6022	1.2010	1.0467	0.8560	3.2088	0.6262	0.2829	0.9819	inf	1.0153	0.0007	-0.0225	0.7962	3.0638	27.0091	18.8214	0.0008	0.0000	0.0008	0.0008	0.0000	0.0008	0.0000	0.0000	0.0000	1.3032	0.6467	0.6565	0.7179	0.5122	0.2057	0.5853	0.1345	0.4508	0.0613	0.0554	0.0059	0.0156	0.0153	0.0004	0.0457	0.0401	0.0056	1.6205	1.0739	0.5466	0.6858	0.5983	0.0875	0.9347	0.4755	0.4592	0.0165	0.0000	0.1145	0.0476	0.0000	0.9371	0.0013	0.0000	0.0066	0.8042	0.6022	1.2010	1.0467	0.8560	2.3510	0.6262	0.2829	0.9819
1	64	0.1244	2	1	1	2	1	0	0	0	0	N	N	Y	N	N	N	N	N	N	N	N	N	0.0559	0.0000	0.1628	0.5684	0.0000	16.3725	0.0353	0.1016	0.0895	0.0000	0.6860	0.0967	0.0000	2.7934	0.0868	0.0000	0.5196	1.6028	0.0828	4.2138	0.1702	0.1701	0.1706	2.4612	0.0000	5.1168	inf	29.6439	0.0018	0.5184	0.7962	1.0029	27.0091	8.4685	0.0020	0.0000	0.0020	0.0006	0.0000	0.0006	0.0014	0.0000	0.0014	1.1617	0.0379	1.1237	0.0462	0.0379	0.0083	1.1154	0.0000	1.1154	0.0228	0.0198	0.0030	0.0063	0.0061	0.0002	0.0165	0.0138	0.0028	0.7247	0.4581	0.2667	0.2715	0.2229	0.0487	0.4532	0.2352	0.2180	0.0559	0.0000	0.1628	0.5684	0.0000	16.3725	0.0353	0.0000	0.1016	1.6028	0.0828	4.2138	0.1702	0.1701	0.1706	2.4612	0.0000	5.1168	
1	66	0.4962	8	0	1	1	1	0	0	0	0	N	N	N	N	N	N	N	N	N	N	N	N	0.0007	0.0000	0.0430	0.0010	0.0000	0.6472	0.0000	0.0000	0.0000	0.0004	0.0000	0.0041	0.0015	0.0000	0.1157	0.0000	0.0000	0.0000	0.5976	0.8655	0.0961	1.4570	1.6918	0.1788	0.0375	0.0006	0.0785	inf	0.0593	0.0000	-0.2133	0.7962	1.0110	27.0091	12.5479	0.0000	0.0000	0.0000	0.0000	0.0000	0.0000	0.0000	0.0000	0.0000	0.4587	0.4330	0.0257	0.4412	0.4328	0.0084	0.0174	0.0001	0.0173	0.0205	0.0186	0.0019	0.0053	0.0053	0.0001	0.0151	0.0133	0.0019	0.7676	0.5002	0.2673	0.3028	0.2558	0.0470	0.4647	0.2444	0.2203	0.0007	0.0000	0.0430	0.0010	0.0000	0.6472	0.0000	0.0000	0.0000	0.5976	0.8655	0.0961	1.4570	1.6918	0.1788	0.0375	0.0006	0.0785
1	67	0.4898	7	0	0	1	1	0	0	0	0	N	N	N	N	N	N	N	N	N	N	N	N	0.0002	0.0001	0.0014	0.0006	0.0003	0.1082	0.0000	0.0000	0.0000	0.0008	0.0004	0.0037	0.0029	0.0016	0.1083	0.0000	0.0000	0.0000	3.0607	3.2042	2.7378	4.6327	4.9395	1.0009	1.6586	0.2579	2.9810	0.8731	0.3795	0.0000	-0.2776	0.7962	0.9784	27.0091	1.5217	0.0000	0.0000	0.0000	0.0000	0.0000	0.0000	0.0000	0.0000	0.0000	1.1286	0.8181	0.3105	0.8053	0.7937	0.0116	0.3232	0.0244	0.2988	0.0198	0.0180	0.0019	0.0052	0.0051	0.0001	0.0147	0.0129	0.0018	0.3687	0.2553	0.1134	0.1738	0.1607	0.0132	0.1949	0.0946	0.1002	0.0002	0.0001	0.0014	0.0006	0.0003	0.1224	0.0000	0.0000	0.0000	3.0607	3.2042	2.7378	4.6327	4.9395	0.8849	1.6586	0.2579	2.9810
1	68	0.4596	6	0	0	1	1	0	0	0	0	N	N	N	N	N	N	N	N	N	N	N	N	0.0076	0.0003	0.0502	0.0246	0.0007	0.7481	0.0000	0.0000	0.0000	0.0113	0.0004	0.1132	0.0416	0.0012	1.6487	0.0000	0.0000	0.0000	1.4926	1.1170	2.2558	1.6953	1.7639	2.2037	1.3086	0.1689	2.5358	34.6091	0.9937	0.0002	-0.0257	0.7962	1.0531	27.0091	9.0748	0.0002	0.0000	0.0002	0.0002	0.0000	0.0002	0.0000	0.0000	0.0000	1.1354	0.5695	0.5659	0.6136	0.5346	0.0790	0.5218	0.0349	0.4869	0.0219	0.0198	0.0021	0.0059	0.0058	0.0001	0.0160	0.0140	0.0020	0.7607	0.5098	0.2509	0.3619	0.3031	0.0589	0.3988	0.2068	0.1920	0.0076	0.0003	0.0502	0.0246	0.0007	1.2282	0.0000	0.0000	0.0000	1.4926	1.1170	2.2558	1.6953	1.7639	1.3423	1.3086	0.1689	2.5358
1	71	0.1594	5	0	0	2	1	0	0	0	0	N	N	Y	N	N	N	N	N	N	N	N	N	0.0000	0.0000	0.0000	0.0000	0.0000	0.0000	0.0000	0.0000	0.0000	0.0000	0.0000	0.0000	0.0000	0.0000	0.0000	0.0000	0.0000	0.0022	0.0008	0.0047	0.0026	0.0016	0.0088	0.0020	0.0000	0.0040	3.5000	0.0000	0.0000	0.7962	1.0000	27.0091	0.0055	0.0000	0.0000	0.0000	0.0000	0.0000	0.0000	0.0000	0.0000	0.0000	0.0001	0.0000	0.0001	0.0000	0.0000	0.0000	0.0001	0.0000	0.0001	0.0067	0.0058	0.0009	0.0000	0.0000	0.0000	0.0067	0.0058	0.0009	0.0405	0.0257	0.0148	0.0151	0.0128	0.0023	0.0254	0.0129	0.0125	0.0000	0.0000	0.0000	0.0000	0.0000	0.0000	0.0000	0.0000	0.0000	0.0022	0.0008	0.0047	0.0026	0.0016	0.0088	0.0020	0.0000	0.0040		
1	72	0.1528	4	0	0	2	1	0	0	0	0	N	N	Y	N	N	N	N	N	N	N	N	N	0.0000	0.0000	0.0000	0.0000	0.0000	0.0000	0.0000	0.0000	0.0000	0.0000	0.0000	0.0000	0.0000	0.0000	0.0000	0.0000	0.0000	0.0000	0.0687	0.0454	0.1116	0.0827	0.0875	0.0514	0.0600	0.0014	0.1220	1.3309	0.0000	0.0002	0.7962	0.0000	27.0091	1.0265	0.0000	0.0000	0.0000	0.0000	0.0000	0.0000	0.0000	0.0000	0.0000	0.0031	0.0013	0.0018	0.0014	0.0013	0.0001	0.0017	0.0000	0.0016	0.0000	0.0000	0.0000	0.0000	0.0000	0.0000	0.0000	0.0000	0.0000	0.0451	0.0293	0.0159	0.0173	0.0150	0.0023	0.0278	0.0143	0.0135	0.0000	0.0000	0.0000	0.0000	0.0000	0.0000	0.0000	0.0000	0.0000	0.0687	0.0454	0.1116	0.0827	0.0875	0.0514	0.0600	0.0014	0.1220	
1	73	0.1473	3	0	0	1	1	0	0	0	0	N	N	N	N	N	N	N	N	N	N	N	N	0.0000	0.0000	0.0000	0.0000	0.0000	0.0000	0.0000	0.0000	0.0000	0.0000	0.0000	0.0000	0.0000	0.0000	0.0000	0.0000	0.0000	0.0000	0.1285	0.0888	0.2123	0.1136	0.1177	0.0690	0.1443	0.0225	0.2345	1.1298	0.0000	0.0005	0.7962	0.0000	27.0091	1.0321	0.0000	0.0000	0.0000	0.0000	0.0000	0.0000	0.0000	0.0000	0.0000	0.0535	0.0251	0.0284	0.0244	0.0232	0.0012	0.0291	0.0019	0.0271	0.0175	0.0118	0.0057	0.0103	0.0089	0.0014	0.0072	0.0029	0.0043	0.4163	0.2827	0.1336	0.2150	0.1971	0.0180	0.2013	0.0856	0.1157	0.0000	0.0000	0.0000	0.0000	0.0000	0.0000	0.0000	0.0000	0.0000	0.1285	0.0888	0.2123	0.1136	0.1177	0.0690	0.1443	0.0225	0.2345	
1	74	0.1245	2	0	0	1	1	0	0	0	0	N	N	N	N	N	N	N	N	N	N	N	N	0.2097	0.2072	0.2462	0.9470	0.8019	0.9875	0.1267	0.0025	0.1987	0.8273	0.4275	1.7448	0.9516	0.6951	3.1914	0.7154	0.0087	1.4684	3.9447	2.0635	7.0858	1.0048	0.8667	3.2317	5.6461	3.5012	7.3909	1.7785	2.0564	0.0170	0.6273	0.7962	0.5629	27.0091	8.5245	0.0312	0.0112	0.0200	0.0170	0.0111	0.0059	0.0142	0.0001	0.0141	4.1342	1.3526	2.7816	0.3861	0.3100	0.0760	3.7482	1.0426	2.7056	0.0377	0.0263	0.0114	0.0179	0.0160	0.0018	0.0198	0.0102	0.0096	1.0481	0.6555	0.3926	0.3842	0.3577	0.0265	0.6638	0.2978	0.3661	0.2097	0.2072	0.2462	0.9470	0.8019	1.1119	0.1267	0.0025	0.1987	3.9447	2.0635	7.0858	1.0048	0.8667	2.8702	5.6461	3.5012	7.3909
1	75	0.1415	3	0	1	1	1	0	0	0	0	N	N	N	N	N	N	N	N	N	N	N	N	0.0000	0.0000	0.0000	0.0000	0.0000	0.0000	0.0000	0.0000	0.0000	0.0000	0.0000	0.0000	0.0000	0.0000	0.0000	0.0000	0.0000	0.0939	0.0142	0.2678	0.0339	0.0288	0.0720	0.1312	0.0000	0.3002	8.6223	0.0000	0.0111	0.7962	1.9994	27.0091	4.0943	0.0000	0.0000	0.0000	0.0000	0.0000	0.0000	0.0000	0.0000	0.0000	0.0295	0.0031	0.0265	0.0041	0.0031	0.0010	0.0255	0.0000	0.0255	0.0136	0.0118	0.0018	0.0000	0.0000	0.0000	0.0136	0.0118	0.0018	0.3146	0.2157	0.0988	0.1205	0.1065	0.0140	0.1941	0.1092	0.0848	0.0000	0.0000	0.0000	0.0000	0.0000	0.0000	0.0000	0.0000	0.0000	0.0939	0.0142	0.2678	0.0339	0.0288	0.0720	0.1312	0.0000	0.3002		
1	76	0.1353	2	0	0	1	1	0	0	0	0	N	N	N	N	N	N	N	N	N	N	N	N	0.0000	0.0000	0.0000	0.0000	0.0000	0.0000	0.0000	0.0000	0.0000	0.0000	0.0000	0.0000	0.0000	0.0000	0.0000	0.0000	0.0000	0.0000	1.2670	0.6160	2.7022	1.0785	1.0550	2.1974	1.3985	0.1003	2.9039	1.9901	0.0000	0.0329	0.7962	0.0011	27.0091	2.7207	0.0000	0.0000	0.0000	0.0000	0.0000	0.0000	0.0000	0.0000	0.0000	0.2278	0.0762	0.1516	0.0797	0.0705	0.0092	0.1481	0.0057	0.1424	0.0000	0.0000	0.0000	0.0000	0.0000	0.0000	0.0000	0.0000	0.0000	0.1798	0.1237	0.0561	0.0739	0.0668	0.0071	0.1059	0.0569	0.0490	0.0000	0.0000	0.0000	0.0000	0.0000	0.0000	0.0000	0.0000	0.0000	1.2670	0.6160	2.7022	1.0785	1.0550	1.3010	1.3985	0.1003	2.9039	
1	78	0.1233	2	1	0	2	1	0	0	0	0	N	N	Y	N	N	N	N	N	N	N	N	N	0.1171	0.0608	0.0074	0.0069	0.0002	0.0002	0.0000	0.0003	0.0003	0.0000	0.0000	0.0000	0.0000	0.0016	0.0032	0.0000	0.0445	0.0493	0.0000	0.0000	0.0000	0.0000	0.0000	0.0000	-0.0000	-0.0001	0.7962	1.6246	27.0091	0.0115	0.0000	0.0000	0.0000	0.0000	0.0000	0.0000	0.0000	0.0000	0.0000	0.0001	0.0001	0.0000	0.0001	0.0001	0.0000	0.0000	0.0000	0.0000	0.0923	0.0876	0.0047	0.0518	0.0503	0.0015	0.0406	0.0374	0.0032	0.0868	0.0427	0.0440	0.0031	0.0028	0.0003	0.0837	0.0400	0.0437	0.1171	0.0608	0.0000	0.0074	0.0069	0.0000	0.0000	0.0000	0.0000	0.0016	0.0032	0.0000	0.0445	0.0493	0.0000	0.0000	0.0000	0.0000					
1	83	0.2135	4	0	0	1	1	0	0	0	0	N	N	N	N	N	N	N	N	N	N	N	N	0.0037	0.0000	0.0283	0.0403	0.0000	0.4470	0.0002	0.0000	0.0013	0.0044	0.0000	0.0492	0.0169	0.0000	1.3626	0.0003	0.0000	0.0022	1.2140	0.9248	1.7389	0.4184	0.1581	3.0483	1.6820	1.6717	1.6931	inf	1.0361	0.0007	-0.0302	0.7962	10.0679	27.0091	33.8159	0.0008	0.0000	0.0008	0.0008	0.0000	0.0008	0.0000	0.0000	0.0000	2.4751	1.2156	1.2595	0.3159	0.1026	0.2133	2.1592	1.1130	1.0462	0.1833	0.1667	0.0166	0.0461	0.0455	0.0006	0.1372	0.1212	0.0160	2.0388	1.3145	0.7243	0.7551	0.6487	0.1064	1.2837	0.6658	0.6179	0.0037	0.0000	0.0283	0.0403	0.0000	0.6795	0.0002	0.0000	0.0013	1.2140	0.9248	1.7389	0.4184	0.1581	2.0053	1.6820	1.6717	1.6931
1	84	0.1859	3	0	0	1	1	0	0	0	0	N	N	N	N	N	N	N	N	N	N	N	N	0.0694	0.0306	0.2797	0.1926	0.0748	0.6912	0.0101	0.0000	0.0499	0.1219	0.0409	0.7365	0.3568	0.1268	3.0483	0.0169	0.0000	0.1267	1.7560	1.3358	2.6332	1.8529	1.6945	4.4102	1.6838	0.8640	2.5365	2.3775	0.9444	0.0017	-0.0968	0.7962	0.9441	27.0091	14.0836	0.0027	0.0008	0.0019	0.0025	0.0008	0.0017	0.0003	0.0000	0.0003	2.7367	1.4074	1.3292	1.2339	1.0143	0.2196	1.5028	0.3932	1.1096	0.0225	0.0199	0.0026	0.0070	0.0064	0.0005	0.0156	0.0135	0.0021	1.5585	1.0536	0.5048	0.6659	0.5986	0.0673	0.8925	0.4551	0.4375	0.0694	0.0306	0.2797	0.1926	0.0748	0.9348	0.0101	0.0000	0.0499	1.7560	1.3358	2.6332	1.8529	1.6945	3.2610	1.6838	0.8640	2.5365
1	85	0.4681	6	0	0	1	1	0	0	0	0	N	N	N	N	N	N	N	N	N	N	N	N	1.2480	3.7862	0.0021	2.2076	4.5230	0.0013	0.0220	inf	0.0003	1.3647	1.5832	0.0053	2.6480	3.2048	0.0079	0.0220	0.0244	0.0005	1.0935	0.4182	2.5692	1.1995	0.7086	6.3055	0.9997	0.0000	2.1278	0.0005	2.8119	-0.0630	0.4654	0.7962	15.0008	27.0091	28.2980	0.6631	0.6627	0.0004	0.6579	0.6575	0.0003	0.0052	0.0052	0.0000	2.1487	0.5637	1.5850	1.1071	0.5637	0.5434	1.0416	0.0000	1.0416	0.4859	0.4186	0.0673	0.2484	0.2052	0.0433	0.2375	0.2134	0.0240	1.9649	1.3480	0.6169	0.9229	0.7955	0.1274	1.0420	0.5524	0.4895	1.2480	3.7862	0.0021	2.2076	4.5230	0.0019	0.0220	inf	0.0003	1.0935	0.4182	2.5692	1.1995	0.7086	4.2648	0.9997	0.0000	2.1278
1	86	0.4681	6	0	0	1	1	0	0	0	0	N	N	N	N	N	N	N	N	N	N	N	N	0.8834	1.6041	0.0024	1.1113	1.7973	0.0011	0.0387	1918.2602	0.0005	1.1527	1.3793	0.0056	1.9357	2.4542	0.0072	0.0331	0.0366	0.0008	1.3047	0.8599	2.3512	1.7419	1.3655	6.3678	0.8544	0.0000	1.8083	0.0008	1.1625	-0.0419	0.0409	0.7962	10.8154	27.0091	27.4443	0.4422	0.4418	0.0004	0.4370	0.4366	0.0003	0.0052	0.0052	0.0000	2.4801	1.1468	1.3332	1.6801	1.1468	0.5333	0.7999	0.0000	0.7999	0.3836	0.3203	0.0633	0.2257	0.1779	0.0478	0.1579	0.1424	0.0155	1.9008	1.3338	0.5670	0.9645	0.8399	0.1247	0.9363	0.4939	0.4424	0.8834	1.6041	0.0024	1.1113	1.7973	0.0017	0.0387	1918.2602	0.0005	1.3047	0.8599	2.3512	1.7419	1.3655	4.2774	0.8544	0.0000	1.8083
1	87	0.4203	5	0	0	1	1	0	0	0	0	N	N	N	N	N	N	N	N	N	N	N	N	1.1785	1.2627	1.2533	1.6421	1.6768	0.8229	0.0301	0.0314	0.1225	1.3792	1.1753	2.2207	2.0810	1.9120	2.5848	0.0315	0.0152	0.2026	1.1702	0.9308	1.7719	1.2673	1.1402	3.1412	1.0468	0.4842	1.6536	0.4577	0.7577	0.0787	-0.3031	0.7962	2.7608	27.0091	22.4044	0.3602	0.2471	0.1131	0.3574	0.2459	0.1115	0.0028	0.0012	0.0016	3.3675	1.9159	1.4517	2.0418	1.5976	0.4442	1.3258	0.3183	1.0075	0.2612	0.2103	0.0509	0.1718	0.1286	0.0432	0.0894	0.0817	0.0078	2.8776	2.0584	0.8193	1.6111	1.4011	0.2100	1.2665	0.6573	0.6093	1.1785	1.2627	1.2533	1.6421	1.6768	1.2221	0.0301	0.0314	0.1225	1.1702	0.9308	1.7719	1.2673	1.1402	2.1151	1.0468	0.4842	1.6536
1	88	0.2905	4	0	0	1	1	0	0	0	0	N	N	N	N	N	N	N	N	N	N	N	N	0.4745	0.5994	0.1896	1.1716	1.2814	0.4074	0.0006	0.0004	0.0023	1.1284	1.1907	0.6022	3.4912	3.5938	2.3577	0.0011	0.0004	0.0068	2.3779	1.9863	3.1756	2.9799	2.8045	5.7876	1.9380	1.0052	2.9811	0.0598	0.7849	-0.0083	-0.5068	0.7962	8.8820	27.0091	49.9570	0.2124	0.2004	0.0120	0.2123	0.2004	0.0119	0.0001	0.0000	0.0001	6.2304	3.4907	2.7397	3.2966	2.6874	0.6092	2.9338	0.8033	2.1306	0.1883	0.1683	0.0199	0.0608	0.0558	0.0050	0.1275	0.1126	0.0149	2.6201	1.7574	0.8627	1.1063	0.9582	0.1480	1.5138	0.7991	0.7147	0.4745	0.5994	0.1896	1.1716	1.2814	0.5729	0.0006	0.0004	0.0023	2.3779	1.9863	3.1756	2.9799	2.8045	4.1152	1.9380	1.0052	2.9811
1	90	0.1752	6	0	1	1	2	0	0	0	0	N	N	N	Y	N	N	N	N	N	N	N	N	0.0000	0.0000	0.0000	0.0000	0.0000	0.0000	0.0000	0.0000	0.0000	0.0000	0.0000	0.0000	0.0000	0.0000	0.0000	0.0000	0.0000	0.0000	0.0000	0.0000	0.7962	0.0000	27.0091	0.0000	0.0000	0.0000	0.0000	0.0000	0.0000	0.0000	0.0000	0.0000	0.0000	0.0000	0.0000	0.0000	0.0000	0.0000	0.0000	0.0000	0.0000	0.0000	0.0000	0.0000	0.0000	0.0000	0.0000	0.0000	0.0000	0.0000	0.0000	0.0000	0.0000	0.0000	0.0000	0.0000	0.0000	0.0000	0.0000	0.0000	0.0000	0.0000	0.0000	0.0000	0.0000	0.0000	0.0000	0.0000	0.0000	0.0000	0.0000	0.0000	0.0000	0.0000	0.0000	0.0000	0.0000	0.0000											
1	91	0.1645	5	0	1	1	2	0	0	0	0	N	N	N	Y	N	N	N	N	N	N	N	N	0.0000	0.0000	0.0000	0.0000	0.0000	0.0000	0.0000	0.0000	0.0000	0.0000	0.0000	0.0000	0.0000	0.0000	0.0000	0.0000	0.0000	0.0000	0.0000	0.0000	0.7962	1.0000	27.0091	3.0000	0.0000	0.0000	0.0000	0.0000	0.0000	0.0000	0.0000	0.0000	0.0000	0.0000	0.0000	0.0000	0.0000	0.0000	0.0000	0.0000	0.0000	0.0000	0.0161	0.0148	0.0014	0.0065	0.0062	0.0003	0.0096	0.0086	0.0010	0.1863	0.0935	0.0928	0.0189	0.0158	0.0032	0.1674	0.0777	0.0896	0.0000	0.0000	0.0000	0.0000	0.0000	0.0000	0.0000	0.0000	0.0000	0.0000	0.0000	0.0000	0.0000	0.0000	0.0000	0.0000	0.0000	0.0000											
1	92	0.1579	3	0	1	1	1	0	0	0	0	N	N	N	N	N	N	N	N	N	N	N	N	0.0000	0.0000	0.0000	0.0000	0.0000	0.0000	0.0000	0.0000	0.0000	0.0000	0.0000	0.0000	0.0000	0.0000	0.0000	0.0000	0.0000	0.0000	0.0000	0.0000	0.7962	0.0000	27.0091	0.0000	0.0000	0.0000	0.0000	0.0000	0.0000	0.0000	0.0000	0.0000	0.0000	0.0000	0.0000	0.0000	0.0000	0.0000	0.0000	0.0000	0.0000	0.0000	0.0000	0.0000	0.0000	0.0000	0.0000	0.0000	0.0000	0.0000	0.0000	0.0000	0.0000	0.0000	0.0000	0.0000	0.0000	0.0000	0.0000	0.0000	0.0000	0.0000	0.0000	0.0000	0.0000	0.0000	0.0000	0.0000	0.0000	0.0000	0.0000	0.0000	0.0000	0.0000	0.0000	0.0000	0.0000	0.0000											
1	93	0.1645	5	0	0	2	2	0	0	0	0	N	N	Y	Y	N	N	N	N	N	N	N	N	0.0000	0.0000	0.0000	0.0000	0.0000	0.0000	0.0000	0.0000	0.0000	0.0000	0.0000	0.0000	0.0000	0.0000	0.0000	0.0000	0.0000	0.0000	0.0000	0.0000	0.7962	0.0000	27.0091	0.0000	0.0000	0.0000	0.0000	0.0000	0.0000	0.0000	0.0000	0.0000	0.0000	0.0000	0.0000	0.0000	0.0000	0.0000	0.0000	0.0000	0.0000	0.0000	0.0000	0.0000	0.0000	0.0000	0.0000	0.0000	0.0000	0.0000	0.0000	0.0000	0.0000	0.0000	0.0000	0.0000	0.0000	0.0000	0.0000	0.0000	0.0000	0.0000	0.0000	0.0000	0.0000	0.0000	0.0000	0.0000	0.0000	0.0000	0.0000	0.0000	0.0000	0.0000	0.0000	0.0000	0.0000	0.0000											
1	94	0.1618	4	0	0	1	2	0	0	0	0	N	N	N	Y	N	N	N	N	N	N	N	N	0.0000	0.0000	0.0000	0.0000	0.0000	0.0000	0.0000	0.0000	0.0000	0.0000	0.0000	0.0000	0.0000	0.0000	0.0000	0.0000	0.0000	0.0000	0.0000	0.0000	0.7962	1.0000	27.0091	0.0097	0.0000	0.0000	0.0000	0.0000	0.0000	0.0000	0.0000	0.0000	0.0000	0.0000	0.0000	0.0000	0.0000	0.0000	0.0000	0.0000	0.0000	0.0000	0.0161	0.0148	0.0014	0.0065	0.0062	0.0003	0.0096	0.0086	0.0010	0.0506	0.0253	0.0253	0.0059	0.0051	0.0008	0.0447	0.0202	0.0244	0.0000	0.0000	0.0000	0.0000	0.0000	0.0000	0.0000	0.0000	0.0000	0.0000	0.0000	0.0000	0.0000	0.0000	0.0000	0.0000	0.0000	0.0000											
1	95	0.1618	4	0	0	2	2	0	0	0	0	N	N	Y	Y	N	N	N	N	N	N	N	N	0.0000	0.0000	0.0000	0.0000	0.0000	0.0000	0.0000	0.0000	0.0000	0.0000	0.0000	0.0000	0.0000	0.0000	0.0000	0.0000	0.0000	0.0000	0.0000	0.0000	0.7962	2.0000	27.0091	3.0050	0.0000	0.0000	0.0000	0.0000	0.0000	0.0000	0.0000	0.0000	0.0000	0.0000	0.0000	0.0000	0.0000	0.0000	0.0000	0.0000	0.0000	0.0000	0.0317	0.0291	0.0027	0.0127	0.0121	0.0006	0.0190	0.0169	0.0021	0.2323	0.1168	0.1156	0.0243	0.0204	0.0039	0.2080	0.0964	0.1116	0.0000	0.0000	0.0000	0.0000	0.0000	0.0000	0.0000	0.0000	0.0000	0.0000	0.0000	0.0000	0.0000	0.0000	0.0000	0.0000	0.0000	0.0000											
1	96	0.1618	4	0	0	2	2	0	0	0	0	N	N	Y	Y	N	N	N	N	N	N	N	N	0.0000	0.0000	0.0000	0.0000	0.0000	0.0000	0.0000	0.0000	0.0000	0.0000	0.0000	0.0000	0.0000	0.0000	0.0000	0.0000	0.0000	0.0000	0.0000	0.0000	0.7962	0.0000	27.0091	6.9903	0.0000	0.0000	0.0000	0.0000	0.0000	0.0000	0.0000	0.0000	0.0000	0.0000	0.0000	0.0000	0.0000	0.0000	0.0000	0.0000	0.0000	0.0000	0.0000	0.0000	0.0000	0.0000	0.0000	0.0000	0.0000	0.0000	0.0000	0.3165	0.1595	0.1570	0.0327	0.0274	0.0053	0.2838	0.1321	0.1517	0.0000	0.0000	0.0000	0.0000	0.0000	0.0000	0.0000	0.0000	0.0000	0.0000	0.0000	0.0000	0.0000	0.0000	0.0000	0.0000	0.0000	0.0000											
1	97	0.1563	3	0	0	1	2	0	0	0	0	N	N	N	Y	N	N	N	N	N	N	N	N	0.0000	0.0000	0.0000	0.0000	0.0000	0.0000	0.0000	0.0000	0.0000	0.0000	0.0000	0.0000	0.0000	0.0000	0.0000	0.0000	0.0000	0.0004	0.0000	0.0007	0.0015	0.0001	0.0120	0.0002	0.0000	0.0004	33.3500	0.0000	0.0000	0.7962	0.9999	27.0091	1.0605	0.0000	0.0000	0.0000	0.0000	0.0000	0.0000	0.0000	0.0000	0.0000	0.0000	0.0000	0.0000	0.0000	0.0000	0.0000	0.0000	0.0000	0.0000	0.0466	0.0441	0.0025	0.0213	0.0209	0.0005	0.0253	0.0233	0.0020	0.1135	0.0600	0.0535	0.0141	0.0125	0.0017	0.0993	0.0475	0.0518	0.0000	0.0000	0.0000	0.0000	0.0000	0.0000	0.0000	0.0000	0.0000	0.0004	0.0000	0.0007	0.0015	0.0001	0.0120	0.0002	0.0000	0.0004		
1	98	0.1541	2	0	0	1	2	0	0	0	0	N	N	N	Y	N	N	N	N	N	N	N	N	93.3662	248.8865	25.3491	24.2216	45.9063	0.0000	183.7711	5169215.2904	49.3514	0.6698	0.7402	0.3129	0.4823	0.5358	0.0000	0.8934	1.0300	0.4666	0.0072	0.0030	0.0123	0.0199	0.0117	0.1089	0.0049	0.0000	0.0095	0.0834	3.3714	-0.0000	0.0001	0.7962	0.0012	27.0091	1.0414	0.0001	0.0001	0.0000	0.0000	0.0000	0.0000	0.0001	0.0000	0.0000	0.0005	0.0001	0.0004	0.0002	0.0001	0.0001	0.0003	0.0000	0.0003	0.0001	0.0001	0.0000	0.0001	0.0001	0.0000	0.0001	0.0000	0.0000	0.0635	0.0350	0.0285	0.0098	0.0089	0.0008	0.0537	0.0261	0.0276	93.3662	248.8865	25.3491	24.2216	45.9063	0.0000	183.7711	5169215.2904	49.3514	0.0072	0.0030	0.0123	0.0199	0.0117	0.1089	0.0049	0.0000	0.0095
1	101	0.1610	4	1	1	1	1	0	0	0	0	N	N	N	N	N	N	N	N	N	N	N	N	0.0000	0.0000	0.0000	0.0000	0.0000	0.0000	0.0000	0.0000	0.0000	0.0000	0.0000	0.0000	0.0000	0.0000	0.0000	0.0000	0.0000	0.0000	0.0000	0.0000	0.7962	0.0000	27.0091	3.0000	0.0000	0.0000	0.0000	0.0000	0.0000	0.0000	0.0000	0.0000	0.0000	0.0000	0.0000	0.0000	0.0000	0.0000	0.0000	0.0000	0.0000	0.0000	0.0000	0.0000	0.0000	0.0000	0.0000	0.0000	0.0000	0.0000	0.0000	0.1487	0.0750	0.0737	0.0140	0.0117	0.0024	0.1346	0.0634	0.0713	0.0000	0.0000	0.0000	0.0000	0.0000	0.0000	0.0000	0.0000	0.0000	0.0000	0.0000	0.0000	0.0000	0.0000	0.0000	0.0000	0.0000	0.0000											
1	102	0.1579	3	1	1	1	1	0	0	0	0	N	N	N	N	N	N	N	N	N	N	N	N	0.0000	0.0000	0.0000	0.0000	0.0000	0.0000	0.0000	0.0000	0.0000	0.0000	0.0000	0.0000	0.0000	0.0000	0.0000	0.0000	0.0000	0.0000	0.0000	0.0000	0.7962	0.0000	27.0091	1.0000	0.0000	0.0000	0.0000	0.0000	0.0000	0.0000	0.0000	0.0000	0.0000	0.0000	0.0000	0.0000	0.0000	0.0000	0.0000	0.0000	0.0000	0.0000	0.0000	0.0000	0.0000	0.0000	0.0000	0.0000	0.0000	0.0000	0.0000	0.0516	0.0260	0.0256	0.0049	0.0040	0.0008	0.0467	0.0219	0.0248	0.0000	0.0000	0.0000	0.0000	0.0000	0.0000	0.0000	0.0000	0.0000	0.0000	0.0000	0.0000	0.0000	0.0000	0.0000	0.0000	0.0000	0.0000											
1	103	0.1541	2	0	1	1	1	0	0	0	0	N	N	N	N	N	N	N	N	N	N	N	N	52.0619	230.6097	0.0000	37.6617	93.8041	0.0000	0.0000	0.0000	0.3366	0.4191	0.0000	0.5924	0.6713	0.0000	0.0000	0.0000	0.0000	0.0065	0.0018	0.0122	0.0157	0.0072	0.1078	0.0048	0.0000	0.0093	0.0000	5.4539	-0.0000	0.0001	0.7962	0.0006	27.0091	1.0534	0.0000	0.0000	0.0000	0.0000	0.0000	0.0000	0.0000	0.0000	0.0000	0.0004	0.0001	0.0003	0.0002	0.0001	0.0001	0.0003	0.0000	0.0003	0.0001	0.0001	0.0000	0.0001	0.0001	0.0000	0.0000	0.0000	0.0000	0.0641	0.0353	0.0287	0.0098	0.0090	0.0008	0.0543	0.0263	0.0279	52.0619	230.6097	0.0000	37.6617	93.8041	0.0000	0.0000	0.0000	0.0000	0.0065	0.0018	0.0122	0.0157	0.0072	0.1078	0.0048	0.0000	0.0093	
1	109	0.3729	5	0	0	1	1	0	0	0	0	N	N	N	N	N	N	N	N	N	N	N	N	0.0116	0.0000	0.0844	0.0920	0.0000	1.3052	0.0001	0.0000	0.0005	0.0236	0.0000	0.2497	0.0831	0.0000	2.3829	0.0002	0.0000	0.0018	2.0266	1.5930	2.9590	0.9032	0.8439	1.8257	3.0285	2.6657	3.4393	inf	0.8638	0.0032	-0.2514	0.7962	7.7801	27.0091	32.2209	0.0036	0.0000	0.0036	0.0035	0.0000	0.0035	0.0000	0.0000	0.0000	4.3641	2.3415	2.0226	0.9168	0.7304	0.1864	3.4473	1.6111	1.8362	0.1513	0.1370	0.0143	0.0427	0.0412	0.0015	0.1086	0.0957	0.0128	2.1534	1.4698	0.6835	1.0151	0.8655	0.1496	1.1383	0.6044	0.5339	0.0116	0.0000	0.0844	0.0920	0.0000	1.9130	0.0001	0.0000	0.0005	2.0266	1.5930	2.9590	0.9032	0.8439	1.2456	3.0285	2.6657	3.4393
2	3	0.0816	3	1	1	1	0	0	0	0	0	N	N	N	N	N	N	N	N	N	N	N	N	0.0000	0.0000	0.0000	0.0000	0.0000	0.0000	0.0000	0.0000	0.0000	0.0000	0.0000	0.0000	0.0000	0.0000	0.0000	0.0000	0.0000	0.0000	0.0007	0.0010	0.0001	0.0016	0.0018	0.0002	0.0000	0.0000	0.0001	0.0375	0.0000	-0.0000	0.0052	0.9999	3.0149	6.2197	0.0000	0.0000	0.0000	0.0000	0.0000	0.0000	0.0000	0.0000	0.0000	0.0000	0.0000	0.0000	0.0000	0.0000	0.0000	0.0000	0.0000	0.0000	0.0001	0.0000	0.0000	0.0000	0.0000	0.0000	0.0001	0.0000	0.0000	0.0576	0.0404	0.0172	0.0248	0.0222	0.0026	0.0328	0.0182	0.0146	0.0000	0.0000	0.0000	0.0000	0.0000	0.0000	0.0000	0.0000	0.0000	0.0007	0.0010	0.0001	0.0016	0.0018	0.0002	0.0000	0.0000	0.0001	
2	4	0.0495	2	1	0	2	1	0	0	0	0	N	N	Y	N	N	N	N	N	N	N	N	N	253.9683	151.9514	1361.6501	6.9106	6.0791	177.2302	61878.4466	inf	927.2063	1.2746	1.4394	0.1742	0.3534	0.3346	0.7273	2.0785	2.5902	0.0599	0.0050	0.0095	0.0001	0.0511	0.0550	0.0041	0.0000	0.0000	0.0001	0.0181	0.0123	-0.0003	-0.0005	0.0052	12.3049	3.0149	21.0710	0.0042	0.0041	0.0001	0.0005	0.0005	0.0001	0.0037	0.0036	0.0000	0.0011	0.0011	0.0000	0.0011	0.0011	0.0000	0.0000	0.0000	0.0000	0.0033	0.0029	0.0004	0.0015	0.0015	0.0001	0.0018	0.0014	0.0004	0.2130	0.1115	0.1015	0.0208	0.0192	0.0016	0.1923	0.0923	0.1000	253.9683	151.9514	1361.6501	6.9106	6.0791	177.2302	61878.4466	inf	927.2063	0.0050	0.0095	0.0001	0.0511	0.0550	0.0041	0.0000	0.0000	0.0001
2	5	0.0721	3	2	1	1	0	0	0	0	0	Y	N	N	N	N	N	N	N	N	N	N	N	0.0200	0.0000	38.3565	1.2212	0.0000	22.5110	0.0284	0.0000	34.5409	0.1880	0.0000	0.5151	0.0803	0.0000	1.0032	0.3056	0.0000	0.4520	9.4010	17.6780	0.0134	0.0658	0.0667	0.0446	10.7459	22.8592	0.0131	inf	0.0007	0.0000	-0.5136	0.0052	0.0308	3.0149	9.4656	0.0000	0.0000	0.0000	0.0000	0.0000	0.0000	0.0000	0.0000	0.0000	0.9870	0.9863	0.0007	0.0009	0.0008	0.0000	0.9861	0.9855	0.0006	0.0001	0.0000	0.0000	0.0000	0.0000	0.0000	0.0000	0.0000	0.0000	0.1050	0.0558	0.0492	0.0132	0.0127	0.0005	0.0918	0.0431	0.0487	0.0200	0.0000	38.3565	1.2212	0.0000	22.5110	0.0284	0.0000	34.5409	9.4010	17.6780	0.0134	0.0658	0.0667	0.0446	10.7459	22.8592	0.0131
2	6	0.1026	4	2	1	1	1	0	0	0	0	Y	N	N	N	N	N	N	N	N	N	N	N	0.6909	0.0333	2348.5226	0.9445	0.1580	633.7128	0.9633	0.0000	2646.0844	0.2163	0.0196	0.5285	0.1253	0.0244	0.9054	0.3295	0.0000	0.4545	0.3131	0.5883	0.0002	0.1327	0.1547	0.0014	0.3421	0.7124	0.0002	17.0296	0.0003	0.0000	-0.0098	0.0052	0.0006	3.0149	5.9946	0.0000	0.0000	0.0000	0.0000	0.0000	0.0000	0.0000	0.0000	0.0000	0.0188	0.0188	0.0000	0.0011	0.0011	0.0000	0.0177	0.0177	0.0000	0.0000	0.0000	0.0000	0.0000	0.0000	0.0000	0.0000	0.0000	0.0000	0.0599	0.0319	0.0281	0.0083	0.0071	0.0012	0.0517	0.0248	0.0269	0.6909	0.0333	2348.5226	0.9445	0.1580	633.7128	0.9633	0.0000	2646.0844	0.3131	0.5883	0.0002	0.1327	0.1547	0.0014	0.3421	0.7124	0.0002
2	9	0.1057	6	1	0	2	0	0	0	0	0	N	N	Y	N	N	N	N	N	N	N	N	N	0.0000	0.0000	0.0000	0.0000	0.0000	0.0000	0.0000	0.0000	0.0000	0.0000	0.0000	0.0000	0.0000	0.0000	0.0000	0.0000	0.0000	0.0001	0.0000	0.0003	0.0001	0.0001	0.0000	0.0002	0.0000	0.0004	3.8267	0.0000	0.0000	0.0052	0.0000	3.0149	0.9989	0.0000	0.0000	0.0000	0.0000	0.0000	0.0000	0.0000	0.0000	0.0000	0.0000	0.0000	0.0000	0.0000	0.0000	0.0000	0.0000	0.0000	0.0000	0.0000	0.0000	0.0000	0.0000	0.0000	0.0000	0.0000	0.0000	0.0000	0.0072	0.0048	0.0024	0.0033	0.0029	0.0004	0.0039	0.0019	0.0020	0.0000	0.0000	0.0000	0.0000	0.0000	0.0000	0.0000	0.0000	0.0000	0.0001	0.0000	0.0003	0.0001	0.0001	0.0000	0.0002	0.0000	0.0004		
2	10	0.0878	4	1	0	2	0	0	0	0	0	N	N	Y	N	N	N	N	N	N	N	N	N	0.0000	0.0000	0.0000	0.0000	0.0000	0.0000	0.0000	0.0000	0.0000	0.0000	0.0000	0.0000	0.0000	0.0000	0.0000	0.0000	0.0000	0.0000	0.0127	0.0181	0.0001	0.0061	0.0070	0.0002	0.0186	0.0331	0.0001	0.0033	0.0000	-0.0003	0.0052	0.0010	3.0149	6.5746	0.0000	0.0000	0.0000	0.0000	0.0000	0.0000	0.0000	0.0000	0.0000	0.0007	0.0007	0.0000	0.0002	0.0001	0.0000	0.0005	0.0005	0.0000	0.0000	0.0000	0.0000	0.0000	0.0000	0.0000	0.0000	0.0000	0.0000	0.0527	0.0369	0.0158	0.0247	0.0212	0.0035	0.0281	0.0157	0.0123	0.0000	0.0000	0.0000	0.0000	0.0000	0.0000	0.0000	0.0000	0.0000	0.0127	0.0181	0.0001	0.0061	0.0070	0.0002	0.0186	0.0331	0.0001	
2	11	0.0495	2	2	1	1	0	0	0	0	0	Y	N	N	N	N	N	N	N	N	N	N	N	1.3862	30.6052	0.0000	3.6857	8.9443	0.0000	0.0000	0.0000	0.2536	0.3334	0.0000	0.4641	0.5240	0.0000	0.0000	0.0000	0.0000	0.1829	0.0109	0.3665	0.1259	0.0586	1.6234	0.1894	0.0000	0.3563	0.0000	31.5343	-0.0000	0.0078	0.0052	0.7962	3.0149	11.9291	0.0002	0.0002	0.0000	0.0002	0.0002	0.0000	0.0000	0.0000	0.0000	0.0175	0.0005	0.0169	0.0012	0.0005	0.0007	0.0162	0.0000	0.0162	0.0008	0.0006	0.0002	0.0004	0.0004	0.0000	0.0004	0.0002	0.0001	0.0956	0.0493	0.0462	0.0098	0.0092	0.0006	0.0858	0.0402	0.0456	1.3862	30.6052	0.0000	3.6857	8.9443	0.0000	0.0000	0.0000	0.0000	0.1829	0.0109	0.3665	0.1259	0.0586	1.1175	0.1894	0.0000	0.3563	
2	12	0.0703	4	1	1	1	0	0	0	0	0	N	N	N	N	N	N	N	N	N	N	N	N	0.0000	0.0000	0.0000	0.0000	0.0000	0.0000	0.0000	0.0000	0.0000	0.0000	0.0000	0.0000	0.0000	0.0000	0.0000	0.0000	0.0000	0.0000	0.0014	0.0000	0.0040	0.0001	0.0001	0.0009	0.0018	0.0000	0.0041	55.4620	0.0000	0.0000	0.0052	0.0000	3.0149	1.2577	0.0000	0.0000	0.0000	0.0000	0.0000	0.0000	0.0000	0.0000	0.0000	0.0000	0.0000	0.0000	0.0000	0.0000	0.0000	0.0000	0.0000	0.0000	0.0000	0.0000	0.0000	0.0000	0.0000	0.0000	0.0000	0.0000	0.0000	0.0246	0.0163	0.0083	0.0066	0.0065	0.0001	0.0180	0.0098	0.0082	0.0000	0.0000	0.0000	0.0000	0.0000	0.0000	0.0000	0.0000	0.0000	0.0014	0.0000	0.0040	0.0001	0.0001	0.0009	0.0018	0.0000	0.0041	
2	13	0.1081	5	1	0	1	1	0	0	0	0	N	N	N	N	N	N	N	N	N	N	N	N	0.0000	0.0000	0.0000	0.0000	0.0000	0.0000	0.0000	0.0000	0.0000	0.0000	0.0000	0.0000	0.0000	0.0006	0.0000	0.0011	0.0000	0.0000	0.0000	0.0006	0.0000	0.0012	inf	0.0000	0.0000	0.0052	0.0000	3.0149	1.9950	0.0000	0.0000	0.0000	0.0000	0.0000	0.0000	0.0000	0.0000	0.0000	0.0000	0.0000	0.0000	0.0000	0.0000	0.0000	0.0000	0.0000	0.0000	0.0000	0.0000	0.0000	0.0000	0.0000	0.0000	0.0000	0.0000	0.0000	0.0179	0.0090	0.0089	0.0025	0.0021	0.0003	0.0154	0.0069	0.0086	0.0000	0.0000	0.0000	0.0000	0.0000	0.0000	0.0000	0.0000	0.0000	0.0006	0.0000	0.0011	0.0000	0.0000	0.0000	0.0006	0.0000	0.0012						
2	14	0.4744	9	1	1	1	1	0	0	0	0	N	N	N	N	N	N	N	N	N	N	N	N	0.1395	0.1288	0.0000	0.1846	0.1760	0.0000	0.0470	0.1624	0.0000	0.0002	0.0002	0.0000	0.0003	0.0004	0.0000	0.0000	0.0000	0.0000	0.0013	0.0016	0.0006	0.0018	0.0020	0.0009	0.0002	0.0001	0.0004	0.0000	0.1349	-0.0000	-0.0001	0.0052	3.8100	3.0149	14.0319	0.0000	0.0000	0.0000	0.0000	0.0000	0.0000	0.0000	0.0000	0.0000	0.0002	0.0001	0.0000	0.0001	0.0001	0.0000	0.0000	0.0000	0.0000	0.0010	0.0009	0.0001	0.0005	0.0005	0.0000	0.0005	0.0004	0.0001	0.1191	0.0861	0.0330	0.0781	0.0665	0.0116	0.0409	0.0196	0.0214	0.1395	0.1288	0.0000	0.1846	0.1760	0.0000	0.0470	0.1624	0.0000	0.0013	0.0016	0.0006	0.0018	0.0020	0.0009	0.0002	0.0001	0.0004
2	15	0.0844	3	1	1	1	0	0	0	0	0	N	N	N	N	N	N	N	N	N	N	N	N	0.9034	0.0000	6919.7585	0.2289	0.0000	3279.9342	64.3081	0.0000	2328.7208	0.4569	0.0000	2.0907	0.6615	0.0000	2.8161	0.1223	0.0000	0.6380	0.5058	0.9175	0.0003	2.8898	3.2985	0.0009	0.0019	0.0036	0.0003	inf	0.0003	0.0009	-0.0190	0.0052	2.5826	3.0149	3.6028	0.0010	0.0000	0.0010	0.0009	0.0000	0.0009	0.0001	0.0000	0.0001	0.0365	0.0365	0.0000	0.0364	0.0364	0.0000	0.0001	0.0001	0.0000	0.0022	0.0017	0.0005	0.0014	0.0011	0.0003	0.0008	0.0007	0.0002	0.0721	0.0397	0.0324	0.0126	0.0110	0.0016	0.0595	0.0287	0.0308	0.9034	0.0000	6919.7585	0.2289	0.0000	3279.9342	64.3081	0.0000	2328.7208	0.5058	0.9175	0.0003	2.8898	3.2985	0.0009	0.0019	0.0036	0.0003
2	16	0.1215	7	1	1	1	1	0	0	0	0	N	N	N	N	N	N	N	N	N	N	N	N	0.0000	0.0000	0.0000	0.0000	0.0000	0.0000	0.0000	0.0000	0.0000	0.0000	0.0000	0.0000	0.0000	0.0000	0.0000	0.0000	0.0000	0.0000	0.0000	0.0000	0.0052	0.0000	3.0149	0.0000	0.0000	0.0000	0.0000	0.0000	0.0000	0.0000	0.0000	0.0000	0.0000	0.0000	0.0000	0.0000	0.0000	0.0000	0.0000	0.0000	0.0000	0.0000	0.0000	0.0000	0.0000	0.0000	0.0000	0.0000	0.0000	0.0000	0.0000	0.0000	0.0000	0.0000	0.0000	0.0000	0.0000	0.0000	0.0000	0.0000	0.0000	0.0000	0.0000	0.0000	0.0000	0.0000	0.0000	0.0000	0.0000	0.0000	0.0000	0.0000	0.0000	0.0000	0.0000	0.0000	0.0000	0.0000											
2	17	0.0495	2	1	1	1	0	0	0	0	0	N	N	N	N	N	N	N	N	N	N	N	N	10.3299	0.0000	43.7368	1.0732	0.0000	49.7814	24.7034	0.0000	45.6342	1.9120	0.0000	9.8124	0.7405	0.0000	8.3064	3.1446	0.0000	10.2738	0.1851	0.1483	0.2244	0.6900	0.7253	0.1669	0.1273	0.0161	0.2251	inf	1.4173	0.0020	0.0011	0.0052	2.2039	3.0149	8.9910	0.0022	0.0000	0.0022	0.0004	0.0000	0.0004	0.0018	0.0000	0.0018	0.0175	0.0072	0.0102	0.0067	0.0066	0.0001	0.0108	0.0006	0.0101	0.0012	0.0009	0.0002	0.0006	0.0005	0.0001	0.0006	0.0004	0.0002	0.0944	0.0487	0.0457	0.0097	0.0091	0.0006	0.0847	0.0397	0.0451	10.3299	0.0000	43.7368	1.0732	0.0000	49.7814	24.7034	0.0000	45.6342	0.1851	0.1483	0.2244	0.6900	0.7253	0.1669	0.1273	0.0161	0.2251
2	18	0.1280	3	1	0	1	1	0	0	0	0	N	N	N	N	N	N	N	N	N	N	N	N	0.0305	0.0253	0.0000	0.0405	0.0354	0.0938	0.1881	0.0000	0.0001	0.0001	0.0000	0.0002	0.0002	0.0000	0.0000	0.0000	0.0000	0.0042	0.0056	0.0001	0.0059	0.0070	0.0000	0.0001	0.0001	0.0001	0.0000	0.0056	-0.0000	-0.0000	0.0052	0.9969	3.0149	1.0186	0.0000	0.0000	0.0000	0.0000	0.0000	0.0000	0.0000	0.0000	0.0000	0.0001	0.0001	0.0000	0.0001	0.0001	0.0000	0.0000	0.0000	0.0000	0.0003	0.0002	0.0000	0.0001	0.0001	0.0000	0.0001	0.0001	0.0000	0.0153	0.0112	0.0041	0.0107	0.0090	0.0017	0.0046	0.0022	0.0024	0.0305	0.0253	0.0000	0.0405	0.0354	0.0000	0.0938	0.1881	0.0000	0.0042	0.0056	0.0001	0.0059	0.0070	0.0000	0.0001	0.0001	0.0001	
2	19	0.0696	3	2	0	2	0	0	0	0	0	Y	N	Y	N	N	N	N	N	N	N	N	N	2.2420	inf	13.2146	1.3374	4.9312	4.9745	inf	12.1279	0.0022	0.0001	0.0266	0.0007	0.0000	0.0487	0.0051	0.0003	0.0238	0.0010	0.0000	0.0020	0.0005	0.0000	0.0099	0.0010	0.0000	0.0020	24.8978	inf	0.0000	0.0000	0.0052	0.3962	3.0149	2.0067	0.0000	0.0000	0.0000	0.0000	0.0000	0.0000	0.0000	0.0000	0.0000	0.0000	0.0000	0.0000	0.0000	0.0000	0.0000	0.0000	0.0000	0.0000	0.0002	0.0002	0.0000	0.0001	0.0001	0.0000	0.0001	0.0001	0.0000	0.0255	0.0130	0.0125	0.0015	0.0015	0.0001	0.0239	0.0116	0.0124	2.2420	inf	13.2146	1.3374	0.0000	4.9312	4.9745	inf	12.1279	0.0010	0.0000	0.0020	0.0005	0.0000	0.0099	0.0010	0.0000	0.0020	
2	20	0.0991	5	1	1	1	0	0	0	0	0	N	N	N	N	N	N	N	N	N	N	N	N	0.0000	0.0000	0.0000	0.0000	0.0000	0.0000	0.0000	0.0000	0.0000	0.0000	0.0000	0.0000	0.0000	0.0000	0.0000	0.0000	0.0000	0.0000	0.8561	1.2911	0.0000	1.8614	2.0596	0.0000	0.0000	0.0000	0.0000	0.0000	0.0000	-0.0065	0.0052	0.0000	3.0149	3.0021	0.0000	0.0000	0.0000	0.0000	0.0000	0.0000	0.0000	0.0000	0.0000	0.0125	0.0125	0.0000	0.0125	0.0125	0.0000	0.0000	0.0000	0.0000	0.0000	0.0000	0.0000	0.0000	0.0000	0.0000	0.0000	0.0000	0.0000	0.0147	0.0097	0.0049	0.0067	0.0061	0.0006	0.0079	0.0036	0.0043	0.0000	0.0000	0.0000	0.0000	0.0000	0.0000	0.0000	0.0000	0.0000	0.8561	1.2911	0.0000	1.8614	2.0596	0.0000	0.0000	0.0000	0.0000	
2	21	0.0495	2	1	1	1	0	0	0	0	0	N	N	N	N	N	N	N	N	N	N	N	N	0.1320	0.0000	34730.7131	0.7571	0.0000	1131.9099	0.1807	0.0000	66842.0167	0.8352	0.0000	6.0098	0.3639	0.0000	6.7989	1.2563	0.0000	5.8345	6.3269	12.2255	0.0002	0.4807	0.5177	0.0060	6.9528	14.6809	0.0001	inf	0.0000	0.0021	-0.5129	0.0052	9.2038	3.0149	12.0710	0.0023	0.0000	0.0023	0.0005	0.0000	0.0005	0.0018	0.0000	0.0018	0.9844	0.9844	0.0000	0.0072	0.0072	0.0000	0.9772	0.9772	0.0000	0.0027	0.0023	0.0004	0.0013	0.0012	0.0001	0.0014	0.0011	0.0003	0.1556	0.0805	0.0751	0.0150	0.0140	0.0011	0.1405	0.0666	0.0740	0.1320	0.0000	34730.7131	0.7571	0.0000	1131.9099	0.1807	0.0000	66842.0167	6.3269	12.2255	0.0002	0.4807	0.5177	0.0060	6.9528	14.6809	0.0001
2	22	0.0495	2	2	1	1	0	0	0	0	0	Y	N	N	N	N	N	N	N	N	N	N	N	7.5207	4.8587	27.8232	9.2774	1.6614	20.4809	11.4986	29.9435	0.7982	0.0072	6.0668	0.1941	0.0141	3.7617	1.3257	0.0000	6.5440	0.1061	0.0015	0.2180	0.0209	0.0085	0.1837	0.1153	0.0000	0.2185	126.8519	137.9709	0.0023	0.0072	0.0052	12.2045	3.0149	6.9907	0.0026	0.0000	0.0026	0.0003	0.0000	0.0003	0.0023	0.0000	0.0023	0.0153	0.0001	0.0152	0.0003	0.0001	0.0002	0.0150	0.0000	0.0150	0.0033	0.0029	0.0004	0.0015	0.0015	0.0001	0.0018	0.0014	0.0004	0.1440	0.0744	0.0696	0.0140	0.0130	0.0010	0.1301	0.0614	0.0686	7.5207	4.8587	27.8232	9.2774	1.6614	20.4809	11.4986	0.0000	29.9435	0.1061	0.0015	0.2180	0.0209	0.0085	0.1837	0.1153	0.0000	0.2185	
2	23	0.0936	4	1	1	1	0	0	0	0	0	N	N	N	N	N	N	N	N	N	N	N	N	0.0000	0.0000	0.0000	0.0000	0.0000	0.0000	0.0000	0.0000	0.0000	0.0000	0.0000	0.0000	0.0000	0.0000	0.0000	0.0000	0.0000	0.0000	0.0079	0.0031	0.0164	0.0041	0.0043	0.0023	0.0119	0.0000	0.0189	2.9147	0.0000	0.0001	0.0052	0.0000	3.0149	4.0676	0.0000	0.0000	0.0000	0.0000	0.0000	0.0000	0.0000	0.0000	0.0000	0.0006	0.0002	0.0004	0.0002	0.0002	0.0000	0.0004	0.0000	0.0004	0.0001	0.0000	0.0000	0.0000	0.0000	0.0000	0.0000	0.0000	0.0000	0.0754	0.0485	0.0269	0.0390	0.0349	0.0041	0.0364	0.0136	0.0229	0.0000	0.0000	0.0000	0.0000	0.0000	0.0000	0.0000	0.0000	0.0000	0.0079	0.0031	0.0164	0.0041	0.0043	0.0023	0.0119	0.0000	0.0189	
2	24	0.0495	2	2	1	1	0	0	0	0	0	Y	N	N	N	N	N	N	N	N	N	N	N	300.7629	115.2856	31683.9456	7.9830	4.6260	731.8824	75173.8901	inf	66193.6500	1.6582	1.2047	4.3921	0.4515	0.2813	3.3375	2.7463	2.2132	4.6324	0.0055	0.0104	0.0001	0.0566	0.0608	0.0046	0.0000	0.0000	0.0001	0.6047	0.0122	0.0012	-0.0005	0.0052	8.3046	3.0149	21.0710	0.0042	0.0026	0.0016	0.0005	0.0003	0.0002	0.0037	0.0023	0.0014	0.0011	0.0011	0.0000	0.0011	0.0011	0.0000	0.0000	0.0000	0.0000	0.0025	0.0022	0.0004	0.0012	0.0011	0.0001	0.0013	0.0010	0.0003	0.1957	0.1020	0.0937	0.0190	0.0175	0.0014	0.1768	0.0845	0.0923	300.7629	115.2856	31683.9456	7.9830	4.6260	731.8824	75173.8901	inf	66193.6500	0.0055	0.0104	0.0001	0.0566	0.0608	0.0046	0.0000	0.0000	0.0001
2	25	0.0675	3	1	1	1	0	0	0	0	0	N	N	N	N	N	N	N	N	N	N	N	N	9.9704	6.6821	39.3366	0.0075	0.0012	15.0473	214.4827	160.8139	36.9456	4.2055	5.1276	0.2251	0.0251	0.0041	0.4839	7.1562	9.9986	0.1976	0.4218	0.7674	0.0057	3.3367	3.5247	0.0322	0.0334	0.0622	0.0053	0.0102	0.0062	-0.0002	-0.0198	0.0052	1.0335	3.0149	7.4537	0.0019	0.0019	0.0000	0.0000	0.0000	0.0000	0.0019	0.0019	0.0000	0.0384	0.0382	0.0002	0.0357	0.0357	0.0000	0.0027	0.0025	0.0002	0.0004	0.0004	0.0001	0.0002	0.0002	0.0000	0.0003	0.0002	0.0001	0.0911	0.0497	0.0413	0.0107	0.0101	0.0006	0.0804	0.0396	0.0407	9.9704	6.6821	39.3366	0.0075	0.0012	15.0473	214.4827	160.8139	36.9456	0.4218	0.7674	0.0057	3.3367	3.5247	0.0322	0.0334	0.0622	0.0053
2	26	0.0495	2	1	1	1	0	0	0	0	0	N	N	N	N	N	N	N	N	N	N	N	N	7.0675	0.0000	23.3286	19.4362	0.0000	26.0380	9.8110	22.8981	0.9823	0.0000	6.6803	0.4230	0.0000	7.1884	1.4936	0.0000	6.5603	0.1390	0.0008	0.2864	0.0218	0.0042	0.2761	0.1522	0.0000	0.2865	inf	349.1701	0.0021	0.0067	0.0052	7.2039	3.0149	4.9911	0.0023	0.0000	0.0023	0.0005	0.0000	0.0005	0.0018	0.0000	0.0018	0.0140	0.0000	0.0140	0.0002	0.0000	0.0002	0.0138	0.0000	0.0138	0.0023	0.0020	0.0003	0.0011	0.0010	0.0001	0.0012	0.0009	0.0003	0.1008	0.0520	0.0488	0.0102	0.0096	0.0007	0.0905	0.0424	0.0481	7.0675	0.0000	23.3286	19.4362	0.0000	26.0380	9.8110	0.0000	22.8981	0.1390	0.0008	0.2864	0.0218	0.0042	0.2761	0.1522	0.0000	0.2865	
2	27	0.1401	3	1	1	2	1	0	0	0	0	N	N	Y	N	N	N	N	N	N	N	N	N	956.7699	2088.2143	542.4369	1896.9900	2270.7117	6222.4307	53.8924	0.0000	152.6125	0.0333	0.0330	0.0351	0.0722	0.0662	0.6635	0.0018	0.0000	0.0091	0.0000	0.0000	0.0001	0.0000	0.0000	0.0001	0.0000	0.0000	0.0001	0.1341	2.5858	0.0000	0.0000	0.0052	1.9923	3.0149	5.5017	0.0000	0.0000	0.0000	0.0000	0.0000	0.0000	0.0000	0.0000	0.0000	0.0000	0.0000	0.0000	0.0000	0.0000	0.0000	0.0000	0.0000	0.0000	0.0007	0.0006	0.0001	0.0003	0.0003	0.0000	0.0004	0.0003	0.0001	0.0798	0.0489	0.0309	0.0298	0.0264	0.0034	0.0500	0.0225	0.0275	956.7699	2088.2143	542.4369	1896.9900	2270.7117	6222.4307	53.8924	0.0000	152.6125	0.0000	0.0000	0.0001	0.0000	0.0000	0.0001	0.0000	0.0000	0.0001
2	28	0.0495	2	1	1	1	0	0	0	0	0	N	N	N	N	N	N	N	N	N	N	N	N	2.2226	19.5937	0.0000	5.0571	5.8304	0.0000	0.0000	0.0000	0.1971	0.2490	0.0000	0.3768	0.4174	0.0000	0.0000	0.0000	0.0000	0.0887	0.0127	0.1696	0.0745	0.0716	0.1141	0.0902	0.0000	0.1704	0.0000	12.5213	-0.0000	0.0045	0.0052	1.7961	3.0149	15.9291	0.0002	0.0002	0.0000	0.0002	0.0002	0.0000	0.0000	0.0000	0.0000	0.0111	0.0008	0.0102	0.0009	0.0008	0.0001	0.0101	0.0000	0.0101	0.0010	0.0008	0.0002	0.0005	0.0005	0.0001	0.0005	0.0003	0.0002	0.1246	0.0643	0.0603	0.0123	0.0114	0.0008	0.1124	0.0529	0.0595	2.2226	19.5937	0.0000	5.0571	5.8304	0.0000	0.0000	0.0000	0.0000	0.0887	0.0127	0.1696	0.0745	0.0716	0.1141	0.0902	0.0000	0.1704	
2	29	0.1073	5	2	1	1	0	0	0	0	0	Y	N	N	N	N	N	N	N	N	N	N	N	0.0000	0.0000	0.0000	0.0000	0.0000	0.0000	0.0000	0.0000	0.0000	0.0000	0.0000	0.0000	0.0000	0.0000	0.0000	0.0000	0.0000	0.0000	0.0000	0.0000	0.0052	0.0000	3.0149	0.0000	0.0000	0.0000	0.0000	0.0000	0.0000	0.0000	0.0000	0.0000	0.0000	0.0000	0.0000	0.0000	0.0000	0.0000	0.0000	0.0000	0.0000	0.0000	0.0000	0.0000	0.0000	0.0000	0.0000	0.0000	0.0000	0.0000	0.0000	0.0000	0.0000	0.0000	0.0000	0.0000	0.0000	0.0000	0.0000	0.0000	0.0000	0.0000	0.0000	0.0000	0.0000	0.0000	0.0000	0.0000	0.0000	0.0000	0.0000	0.0000	0.0000	0.0000	0.0000	0.0000	0.0000	0.0000											
2	30	0.0495	2	1	1	1	1	0	0	0	0	N	N	N	N	N	N	N	N	N	N	N	N	0.0000	0.0000	0.0000	0.0000	0.0000	0.0000	0.0000	0.0000	0.0000	0.0000	0.0000	0.0000	0.0000	0.0000	0.0000	6.8053	13.1693	0.0000	0.0814	0.0876	0.0000	7.5284	15.9357	0.0000	0.0000	0.0000	-0.5098	0.0052	0.0000	3.0149	19.0400	0.0000	0.0000	0.0000	0.0000	0.0000	0.0000	0.0000	0.0000	0.0000	0.9783	0.9783	0.0000	0.0011	0.0011	0.0000	0.9772	0.9772	0.0000	0.0000	0.0000	0.0000	0.0000	0.0000	0.0000	0.0000	0.0000	0.0000	0.1438	0.0743	0.0695	0.0140	0.0130	0.0010	0.1298	0.0613	0.0685	0.0000	0.0000	0.0000	0.0000	0.0000	0.0000	0.0000	0.0000	0.0000	6.8053	13.1693	0.0000	0.0814	0.0876	0.0000	7.5284	15.9357	0.0000				
2	31	0.0495	2	2	1	1	0	0	0	0	0	Y	N	N	N	N	N	N	N	N	N	N	N	0.0148	0.0090	0.1532	0.1517	0.0000	0.0000	0.0975	0.1151	0.0000	0.2024	0.2159	0.0000	0.0000	0.0000	0.0000	6.5905	12.7425	0.0000	1.3212	1.4235	0.0000	7.1554	15.1229	0.0000	0.0000	0.0000	-0.0000	-0.5193	0.0052	6.7961	3.0149	16.0091	0.0002	0.0002	0.0000	0.0002	0.0002	0.0000	0.0000	0.0000	0.0000	0.9965	0.9965	0.0000	0.0193	0.0193	0.0000	0.9772	0.9772	0.0000	0.0021	0.0018	0.0003	0.0010	0.0009	0.0001	0.0011	0.0008	0.0003	0.1512	0.0782	0.0730	0.0146	0.0136	0.0011	0.1366	0.0646	0.0719	0.0148	0.0090	0.0000	0.1532	0.1517	0.0000	0.0000	0.0000	0.0000	6.5905	12.7425	0.0000	1.3212	1.4235	0.0000	7.1554	15.1229	0.0000			
2	32	0.4744	9	1	0	2	0	0	0	0	0	N	N	Y	N	N	N	N	N	N	N	N	N	0.1372	0.3254	0.0000	0.4202	0.4547	0.0000	0.0048	0.1712	0.0000	0.0003	0.0003	0.0000	0.0005	0.0005	0.0000	0.0000	0.0000	0.0000	0.0020	0.0009	0.0046	0.0012	0.0012	0.0015	0.0034	0.0001	0.0061	0.0000	1.9346	-0.0000	0.0000	0.0052	2.4598	3.0149	7.4321	0.0000	0.0000	0.0000	0.0000	0.0000	0.0000	0.0000	0.0000	0.0000	0.0002	0.0001	0.0001	0.0001	0.0001	0.0000	0.0001	0.0000	0.0001	0.0006	0.0006	0.0001	0.0003	0.0003	0.0000	0.0003	0.0003	0.0001	0.0838	0.0601	0.0237	0.0545	0.0469	0.0076	0.0293	0.0133	0.0160	0.1372	0.3254	0.0000	0.4202	0.4547	0.0000	0.0048	0.1712	0.0000	0.0020	0.0009	0.0046	0.0012	0.0012	0.0015	0.0034	0.0001	0.0061
2	33	0.4361	8	1	0	1	0	0	0	0	0	N	N	N	N	N	N	N	N	N	N	N	N	0.0834	0.0727	0.1648	0.0255	0.0232	0.0000	0.1849	0.5674	0.1514	0.0002	0.0002	0.0005	0.0001	0.0001	0.0000	0.0004	0.0004	0.0006	0.0030	0.0030	0.0028	0.0035	0.0040	0.0002	0.0022	0.0007	0.0037	0.2690	0.3918	0.0000	-0.0001	0.0052	2.7943	3.0149	8.2643	0.0000	0.0000	0.0000	0.0000	0.0000	0.0000	0.0000	0.0000	0.0000	0.0003	0.0002	0.0001	0.0002	0.0002	0.0000	0.0001	0.0000	0.0001	0.0007	0.0006	0.0001	0.0004	0.0003	0.0000	0.0003	0.0003	0.0001	0.0939	0.0662	0.0277	0.0534	0.0464	0.0070	0.0405	0.0198	0.0207	0.0834	0.0727	0.1648	0.0255	0.0232	0.0000	0.1849	0.5674	0.1514	0.0030	0.0030	0.0028	0.0035	0.0040	0.0002	0.0022	0.0007	0.0037
2	34	0.1050	3	1	1	1	0	0	0	0	0	N	N	N	N	N	N	N	N	N	N	N	N	26.6984	22.2719	0.0000	37.7609	33.2973	3.7935	2.3585	0.0000	0.1098	0.1317	0.0000	0.1566	0.1753	0.0000	0.0152	0.0214	0.0000	0.0041	0.0059	0.0000	0.0041	0.0053	0.0000	0.0040	0.0091	0.0001	0.0000	0.0030	-0.0000	-0.0001	0.0052	0.0009	3.0149	2.4415	0.0000	0.0000	0.0000	0.0000	0.0000	0.0000	0.0000	0.0000	0.0000	0.0001	0.0001	0.0000	0.0001	0.0001	0.0000	0.0000	0.0000	0.0000	0.0000	0.0000	0.0000	0.0000	0.0000	0.0000	0.0000	0.0000	0.0000	0.0287	0.0199	0.0088	0.0209	0.0165	0.0044	0.0078	0.0034	0.0044	26.6984	22.2719	0.0000	37.7609	33.2973	0.0000	3.7935	2.3585	0.0000	0.0041	0.0059	0.0000	0.0041	0.0053	0.0000	0.0040	0.0091	0.0001	
2	35	0.0495	2	2	0	2	0	0	0	0	0	Y	N	Y	N	N	N	N	N	N	N	N	N	0.0000	0.0000	0.0000	0.0000	0.0000	0.0000	0.0000	0.0000	0.0000	0.0000	0.0000	0.0000	0.0000	0.0000	0.0000	0.0000	0.0000	0.1832	0.0007	0.3832	0.0175	0.0032	0.2805	0.2055	0.0000	0.3845	511.6907	0.0000	0.0049	0.0052	0.0000	3.0149	5.9600	0.0000	0.0000	0.0000	0.0000	0.0000	0.0000	0.0000	0.0000	0.0000	0.0103	0.0000	0.0102	0.0001	0.0000	0.0001	0.0101	0.0000	0.0101	0.0000	0.0000	0.0000	0.0000	0.0000	0.0000	0.0000	0.0000	0.0000	0.0560	0.0293	0.0267	0.0066	0.0063	0.0003	0.0493	0.0230	0.0264	0.0000	0.0000	0.0000	0.0000	0.0000	0.0000	0.0000	0.0000	0.0000	0.1832	0.0007	0.3832	0.0175	0.0032	0.2805	0.2055	0.0000	0.3845		
2	36	0.1401	3	1	1	1	0	0	0	0	0	N	N	N	N	N	N	N	N	N	N	N	N	175.3698	0.0000	8574.4699	5858.7543	0.0000	7950.1416	74.4024	0.0000	4763.7591	0.1593	0.0000	0.6525	0.1940	0.0000	0.9999	0.1068	0.0000	0.3332	0.0009	0.0014	0.0001	0.0000	0.0000	0.0001	0.0014	0.0031	0.0001	inf	0.0334	0.0000	-0.0000	0.0052	0.0123	3.0149	6.2120	0.0000	0.0000	0.0000	0.0000	0.0000	0.0000	0.0000	0.0000	0.0000	0.0001	0.0001	0.0000	0.0000	0.0000	0.0000	0.0001	0.0001	0.0000	0.0000	0.0000	0.0000	0.0000	0.0000	0.0000	0.0000	0.0000	0.0000	0.0683	0.0419	0.0263	0.0256	0.0227	0.0029	0.0426	0.0192	0.0234	175.3698	0.0000	8574.4699	5858.7543	0.0000	7950.1416	74.4024	0.0000	4763.7591	0.0009	0.0014	0.0001	0.0000	0.0000	0.0001	0.0014	0.0031	0.0001
2	37	0.0495	2	1	1	1	0	0	0	0	0	N	N	N	N	N	N	N	N	N	N	N	N	0.3190	77.3205	0.5898	6.0665	0.0091	120.7853	0.4870	inf	0.5670	1.6411	0.8637	6.3124	0.3908	0.0006	6.9733	2.7697	1.8078	6.1613	5.1438	0.0112	10.7031	0.0644	0.0650	0.0577	5.6871	0.0000	10.8655	1.2163	884.6708	0.0019	0.4515	0.0052	8.2035	3.0149	18.5835	0.0041	0.0019	0.0023	0.0005	0.0000	0.0005	0.0037	0.0019	0.0018	0.9449	0.0011	0.9438	0.0011	0.0011	0.0001	0.9438	0.0000	0.9438	0.0025	0.0022	0.0004	0.0012	0.0011	0.0001	0.0013	0.0010	0.0003	0.1837	0.0955	0.0882	0.0178	0.0164	0.0013	0.1659	0.0791	0.0869	0.3190	77.3205	0.5898	6.0665	0.0091	120.7853	0.4870	inf	0.5670	5.1438	0.0112	10.7031	0.0644	0.0650	0.0577	5.6871	0.0000	10.8655
2	38	0.0495	2	1	1	1	1	0	0	0	0	N	N	N	N	N	N	N	N	N	N	N	N	73.7814	137.2959	64.7563	4.3906	2.3173	12.6930	183.9114	inf	57.2886	1.4215	1.3429	1.9218	0.3421	0.1317	4.2184	2.3777	2.6321	1.4244	0.0193	0.0098	0.0297	0.0779	0.0568	0.3323	0.0129	0.0000	0.0249	0.2250	2.7647	0.0004	0.0009	0.0052	10.2042	3.0149	23.0710	0.0041	0.0034	0.0008	0.0005	0.0002	0.0003	0.0037	0.0032	0.0005	0.0041	0.0011	0.0030	0.0016	0.0011	0.0005	0.0025	0.0000	0.0025	0.0029	0.0025	0.0004	0.0014	0.0013	0.0001	0.0015	0.0012	0.0003	0.2122	0.1111	0.1012	0.0207	0.0191	0.0016	0.1915	0.0919	0.0996	73.7814	137.2959	64.7563	4.3906	2.3173	12.6930	183.9114	inf	57.2886	0.0193	0.0098	0.0297	0.0779	0.0568	0.3323	0.0129	0.0000	0.0249
2	39	0.0495	2	2	0	2	0	0	0	0	0	Y	N	Y	N	N	N	N	N	N	N	N	N	0.0000	0.0000	0.0000	0.0000	0.0000	0.0000	0.0000	0.0000	0.0000	0.0000	0.0000	0.0000	0.0000	0.0000	0.0000	0.0000	0.0000	0.4431	0.0016	0.9984	0.0278	0.0049	0.8952	0.5345	0.0000	1.0009	511.6907	0.0000	0.0049	0.0052	0.0000	3.0149	1.9600	0.0000	0.0000	0.0000	0.0000	0.0000	0.0000	0.0000	0.0000	0.0000	0.0103	0.0000	0.0102	0.0001	0.0000	0.0001	0.0101	0.0000	0.0101	0.0000	0.0000	0.0000	0.0000	0.0000	0.0000	0.0000	0.0000	0.0000	0.0231	0.0129	0.0103	0.0042	0.0041	0.0001	0.0190	0.0088	0.0101	0.0000	0.0000	0.0000	0.0000	0.0000	0.0000	0.0000	0.0000	0.0000	0.4431	0.0016	0.9984	0.0278	0.0049	0.7872	0.5345	0.0000	1.0009		
2	40	0.1050	3	1	0	2	0	0	0	0	0	N	N	Y	N	N	N	N	N	N	N	N	N	2.1657	1.8594	0.0000	12.0320	10.8664	0.1026	0.0686	0.0000	0.1098	0.1317	0.0000	0.1566	0.1753	0.0000	0.0152	0.0214	0.0000	0.0507	0.0708	0.0002	0.0130	0.0161	0.0000	0.1483	0.3117	0.0005	0.0000	0.0013	-0.0000	-0.0015	0.0052	0.0009	3.0149	7.7842	0.0000	0.0000	0.0000	0.0000	0.0000	0.0000	0.0000	0.0000	0.0000	0.0030	0.0030	0.0000	0.0006	0.0006	0.0000	0.0024	0.0024	0.0000	0.0000	0.0000	0.0000	0.0000	0.0000	0.0000	0.0000	0.0000	0.0000	0.0586	0.0419	0.0167	0.0423	0.0342	0.0082	0.0163	0.0078	0.0086	2.1657	1.8594	0.0000	12.0320	10.8664	0.0000	0.1026	0.0686	0.0000	0.0507	0.0708	0.0002	0.0130	0.0161	0.0000	0.1483	0.3117	0.0005	
2	41	0.0495	2	1	0	1	0	0	0	0	0	N	N	N	N	N	N	N	N	N	N	N	N	17.4022	11.3696	19.5560	3.3327	3.4281	6.7703	0.1655	0.0339	15.3530	0.1971	0.2490	0.0002	0.3768	0.4173	0.0004	0.0001	0.0000	0.0001	0.0113	0.0219	0.0000	0.1131	0.1217	0.0001	0.0004	0.0008	0.0000	0.0002	0.0004	-0.0000	-0.0009	0.0052	1.7959	3.0149	20.1034	0.0002	0.0002	0.0000	0.0002	0.0002	0.0000	0.0000	0.0000	0.0000	0.0017	0.0017	0.0000	0.0016	0.0016	0.0000	0.0001	0.0001	0.0000	0.0010	0.0008	0.0002	0.0005	0.0005	0.0001	0.0005	0.0003	0.0002	0.1467	0.0758	0.0709	0.0142	0.0132	0.0010	0.1324	0.0626	0.0698	17.4022	11.3696	19.5560	3.3327	3.4281	6.7703	0.1655	0.0339	15.3530	0.0113	0.0219	0.0000	0.1131	0.1217	0.0001	0.0004	0.0008	0.0000
2	42	0.1195	3	1	1	1	0	0	0	0	0	N	N	N	N	N	N	N	N	N	N	N	N	11.7607	10.6633	10.4592	10.3380	0.0000	0.0000	0.0373	0.0416	0.0000	0.0588	0.0623	0.0000	0.0000	0.0000	0.0000	0.0032	0.0039	0.0000	0.0056	0.0060	0.0000	0.0002	0.0002	0.0000	0.0000	0.0000	-0.0000	-0.0000	0.0052	0.0003	3.0149	0.0002	0.0000	0.0000	0.0000	0.0000	0.0000	0.0000	0.0000	0.0000	0.0000	0.0000	0.0000	0.0000	0.0000	0.0000	0.0000	0.0000	0.0000	0.0000	0.0000	0.0000	0.0000	0.0000	0.0000	0.0000	0.0000	0.0000	0.0000	0.0000	0.0000	0.0000	0.0000	0.0000	0.0000	0.0000	0.0000	0.0000	11.7607	10.6633	0.0000	10.4592	10.3380	0.0000	0.0000	0.0000	0.0000	0.0032	0.0039	0.0000	0.0056	0.0060	0.0000	0.0002	0.0002	0.0000			
2	43	0.0755	3	2	1	2	0	0	0	0	0	Y	N	Y	N	N	N	N	N	N	N	N	N	0.0000	0.0000	0.0000	0.0000	0.0000	0.0000	0.0000	0.0000	0.0000	0.0000	0.0000	0.0000	0.0000	0.0000	0.0000	0.0000	0.0000	0.0000	0.0000	0.0000	0.0052	0.0000	3.0149	2.0000	0.0000	0.0000	0.0000	0.0000	0.0000	0.0000	0.0000	0.0000	0.0000	0.0000	0.0000	0.0000	0.0000	0.0000	0.0000	0.0000	0.0000	0.0000	0.0000	0.0000	0.0000	0.0000	0.0000	0.0000	0.0000	0.0000	0.0000	0.0130	0.0078	0.0052	0.0034	0.0027	0.0007	0.0096	0.0051	0.0045	0.0000	0.0000	0.0000	0.0000	0.0000	0.0000	0.0000	0.0000	0.0000	0.0000	0.0000	0.0000	0.0000	0.0000	0.0000	0.0000	0.0000	0.0000											
2	44	0.0755	3	2	1	2	0	0	0	0	0	Y	N	Y	N	N	N	N	N	N	N	N	N	0.0000	0.0000	0.0000	0.0000	0.0000	0.0000	0.0000	0.0000	0.0000	0.0000	0.0000	0.0000	0.0000	0.0000	0.0000	0.0000	0.0000	0.0000	0.0000	0.0000	0.0052	0.0000	3.0149	0.0000	0.0000	0.0000	0.0000	0.0000	0.0000	0.0000	0.0000	0.0000	0.0000	0.0000	0.0000	0.0000	0.0000	0.0000	0.0000	0.0000	0.0000	0.0000	0.0000	0.0000	0.0000	0.0000	0.0000	0.0000	0.0000	0.0000	0.0000	0.0000	0.0000	0.0000	0.0000	0.0000	0.0000	0.0000	0.0000	0.0000	0.0000	0.0000	0.0000	0.0000	0.0000	0.0000	0.0000	0.0000	0.0000	0.0000	0.0000	0.0000	0.0000	0.0000	0.0000	0.0000	0.0000	0.0000											
2	45	0.0495	2	2	1	2	0	0	0	0	0	Y	N	Y	N	N	N	N	N	N	N	N	N	1.2253	22.9637	0.0000	5.1019	7.2462	0.0000	0.0000	0.0000	0.2536	0.3334	0.0000	0.4641	0.5240	0.0000	0.0000	0.0000	0.0000	0.2070	0.0145	0.4147	0.0910	0.0723	0.4005	0.2214	0.0000	0.4149	0.0000	26.4620	-0.0000	0.0064	0.0052	0.7962	3.0149	7.9291	0.0002	0.0002	0.0000	0.0002	0.0002	0.0000	0.0000	0.0000	0.0000	0.0145	0.0005	0.0140	0.0007	0.0005	0.0002	0.0138	0.0000	0.0138	0.0008	0.0006	0.0002	0.0004	0.0004	0.0000	0.0004	0.0002	0.0001	0.0700	0.0363	0.0336	0.0077	0.0073	0.0004	0.0622	0.0290	0.0332	1.2253	22.9637	0.0000	5.1019	7.2462	0.0000	0.0000	0.0000	0.0000	0.2070	0.0145	0.4147	0.0910	0.0723	0.4005	0.2214	0.0000	0.4149	
2	46	0.0495	2	2	1	1	0	0	0	0	0	Y	N	N	N	N	N	N	N	N	N	N	N	2.1653	31.3640	0.0000	7.0977	9.0541	0.0000	0.0000	0.0000	0.2536	0.3334	0.0000	0.4641	0.5240	0.0000	0.0000	0.0000	0.0000	0.1171	0.0106	0.2306	0.0654	0.0579	0.1738	0.1229	0.0000	0.2314	0.0000	20.3544	-0.0000	0.0051	0.0052	0.7962	3.0149	12.9291	0.0002	0.0002	0.0000	0.0002	0.0002	0.0000	0.0000	0.0000	0.0000	0.0119	0.0006	0.0113	0.0007	0.0006	0.0001	0.0112	0.0000	0.0112	0.0008	0.0006	0.0002	0.0004	0.0004	0.0000	0.0004	0.0002	0.0001	0.1016	0.0524	0.0492	0.0103	0.0096	0.0007	0.0913	0.0428	0.0485	2.1653	31.3640	0.0000	7.0977	9.0541	0.0000	0.0000	0.0000	0.0000	0.1171	0.0106	0.2306	0.0654	0.0579	0.1738	0.1229	0.0000	0.2314	
2	47	0.0495	2	1	1	1	1	0	0	0	0	N	N	N	N	N	N	N	N	N	N	N	N	0.0000	0.0000	0.0000	0.0000	0.0000	0.0000	0.0000	0.0000	0.0000	0.0000	0.0000	0.0000	0.0000	0.0048	0.0093	0.0000	0.0501	0.0541	0.0000	0.0000	0.0000	0.0000	0.0000	0.0000	-0.0004	0.0052	9.0000	3.0149	15.0400	0.0000	0.0000	0.0000	0.0000	0.0000	0.0000	0.0000	0.0000	0.0000	0.0008	0.0008	0.0000	0.0008	0.0008	0.0000	0.0000	0.0000	0.0000	0.0027	0.0023	0.0004	0.0013	0.0012	0.0001	0.0014	0.0011	0.0003	0.1708	0.0886	0.0822	0.0165	0.0153	0.0012	0.1543	0.0733	0.0810	0.0000	0.0000	0.0000	0.0000	0.0000	0.0000	0.0000	0.0000	0.0000	0.0048	0.0093	0.0000	0.0501	0.0541	0.0000	0.0000	0.0000	0.0000						
2	48	0.1280	3	1	0	1	1	0	0	0	0	N	N	N	N	N	N	N	N	N	N	N	N	0.1590	267.3803	0.0000	8.8731	377.6560	0.0000	0.0042	64.5653	0.0000	0.0271	0.0310	0.0000	0.0473	0.0502	0.0000	0.0024	0.0030	0.0000	0.1706	0.0001	0.6398	0.0053	0.0001	0.0318	0.5660	0.0000	1.1065	0.0000	2002.8853	-0.0000	0.0018	0.0052	0.0037	3.0149	3.0208	0.0000	0.0000	0.0000	0.0000	0.0000	0.0000	0.0000	0.0000	0.0000	0.0037	0.0000	0.0037	0.0001	0.0000	0.0001	0.0036	0.0000	0.0036	0.0000	0.0000	0.0000	0.0000	0.0000	0.0000	0.0000	0.0000	0.0000	0.0215	0.0157	0.0057	0.0151	0.0127	0.0025	0.0063	0.0031	0.0032	0.1590	267.3803	0.0000	8.8731	377.6560	0.0000	0.0042	64.5653	0.0000	0.1706	0.0001	0.6398	0.0053	0.0001	0.0318	0.5660	0.0000	1.1065
2	49	0.0495	2	1	0	1	1	0	0	0	0	N	N	N	N	N	N	N	N	N	N	N	N	12.8618	8.3187	0.0527	2.6222	2.6171	0.0770	0.0228	0.4980	0.0372	0.1209	0.1450	0.0000	0.2459	0.2649	0.0001	0.0000	0.0000	0.0000	0.0094	0.0174	0.0007	0.0938	0.1012	0.0011	0.0004	0.0000	0.0007	0.0001	0.0387	-0.0000	-0.0008	0.0052	4.7960	3.0149	23.0471	0.0002	0.0002	0.0000	0.0002	0.0002	0.0000	0.0000	0.0000	0.0000	0.0016	0.0016	0.0001	0.0016	0.0016	0.0000	0.0001	0.0000	0.0001	0.0017	0.0014	0.0003	0.0008	0.0008	0.0001	0.0009	0.0006	0.0002	0.1750	0.0908	0.0841	0.0169	0.0156	0.0012	0.1581	0.0752	0.0829	12.8618	8.3187	0.0527	2.6222	2.6171	0.0770	0.0228	0.4980	0.0372	0.0094	0.0174	0.0007	0.0938	0.1012	0.0011	0.0004	0.0000	0.0007
2	50	0.0844	3	1	1	2	0	0	0	0	0	N	N	Y	N	N	N	N	N	N	N	N	N	4.2054	19219.5100	0.0044	3.1457	11604.6227	0.0002	0.6687	inf	0.0202	0.2803	0.3666	0.0007	0.4146	0.5587	0.0003	0.0289	0.0355	0.0017	0.0667	0.0000	0.1607	0.1318	0.0000	1.3742	0.0433	0.0000	0.0833	0.0006	5972.2869	-0.0001	0.0010	0.0052	1.4428	3.0149	0.4686	0.0005	0.0005	0.0000	0.0005	0.0005	0.0000	0.0000	0.0000	0.0000	0.0020	0.0000	0.0020	0.0011	0.0000	0.0011	0.0010	0.0000	0.0010	0.0019	0.0015	0.0005	0.0012	0.0009	0.0003	0.0007	0.0005	0.0001	0.0304	0.0178	0.0126	0.0080	0.0071	0.0010	0.0224	0.0108	0.0116	4.2054	19219.5100	0.0044	3.1457	11604.6227	0.0003	0.6687	inf	0.0202	0.0667	0.0000	0.1607	0.1318	0.0000	1.0753	0.0433	0.0000	0.0833
2	51	0.0495	2	1	1	1	0	0	0	0	0	N	N	N	N	N	N	N	N	N	N	N	N	12.4510	13.3146	30.4643	2.6680	0.9667	9.1744	21.2852	50.7284	29.0688	0.9748	0.5057	3.6938	0.4217	0.1241	5.1762	1.4805	0.9309	3.3434	0.0783	0.0380	0.1212	0.1581	0.1284	0.5642	0.0696	0.0184	0.1150	1.2601	2.9956	0.0010	0.0022	0.0052	7.1845	3.0149	8.0722	0.0022	0.0010	0.0013	0.0005	0.0001	0.0003	0.0018	0.0009	0.0009	0.0094	0.0024	0.0071	0.0019	0.0014	0.0005	0.0076	0.0009	0.0066	0.0023	0.0020	0.0003	0.0011	0.0010	0.0001	0.0012	0.0009	0.0003	0.1206	0.0622	0.0584	0.0119	0.0111	0.0008	0.1087	0.0511	0.0576	12.4510	13.3146	30.4643	2.6680	0.9667	9.1744	21.2852	50.7284	29.0688	0.0783	0.0380	0.1212	0.1581	0.1284	0.5642	0.0696	0.0184	0.1150
2	52	0.0721	3	2	0	2	0	0	0	0	0	Y	N	Y	N	N	N	N	N	N	N	N	N	0.2053	0.0000	2.9368	0.0221	0.0000	4.6024	1.2320	0.0000	2.4550	0.0341	0.0000	0.1967	0.0193	0.0000	1.0044	0.0438	0.0000	0.1598	0.1662	0.2525	0.0670	0.8723	0.8972	0.2182	0.0355	0.0002	0.0651	inf	0.2309	0.0000	-0.0040	0.0052	0.9976	3.0149	4.7732	0.0000	0.0000	0.0000	0.0000	0.0000	0.0000	0.0000	0.0000	0.0000	0.0119	0.0097	0.0022	0.0098	0.0097	0.0001	0.0022	0.0000	0.0021	0.0004	0.0003	0.0001	0.0002	0.0002	0.0000	0.0002	0.0002	0.0001	0.0718	0.0384	0.0334	0.0112	0.0108	0.0004	0.0606	0.0276	0.0330	0.2053	0.0000	2.9368	0.0221	0.0000	4.6024	1.2320	0.0000	2.4550	0.1662	0.2525	0.0670	0.8723	0.8972	0.2182	0.0355	0.0002	0.0651
2	53	0.0495	2	2	0	1	0	0	0	0	0	Y	N	N	N	N	N	N	N	N	N	N	N	7.5183	0.0151	25.5438	18.2051	0.0565	23.7204	10.8767	0.0173	26.0738	1.5943	0.0013	8.9172	0.6559	0.0009	8.2680	2.5348	0.0017	9.1024	0.2121	0.0843	0.3491	0.0360	0.0161	0.3486	0.2330	0.1006	0.3491	1521.8824	3.8617	0.0020	0.0046	0.0052	3.2133	3.0149	6.0120	0.0023	0.0000	0.0023	0.0005	0.0000	0.0005	0.0018	0.0000	0.0018	0.0170	0.0035	0.0135	0.0003	0.0001	0.0002	0.0167	0.0034	0.0133	0.0014	0.0012	0.0003	0.0007	0.0007	0.0001	0.0007	0.0005	0.0002	0.0802	0.0415	0.0387	0.0085	0.0080	0.0005	0.0716	0.0335	0.0382	7.5183	0.0151	25.5438	18.2051	0.0565	23.7204	10.8767	0.0173	26.0738	0.2121	0.0843	0.3491	0.0360	0.0161	0.3486	0.2330	0.1006	0.3491
2	54	0.0495	2	2	1	1	0	0	0	0	0	Y	N	N	N	N	N	N	N	N	N	N	N	0.0203	0.0134	0.0000	4.6556	5.4509	0.0000	0.0000	0.0000	0.0000	0.1971	0.2490	0.0000	0.3768	0.4174	0.0000	0.0000	0.0000	0.0000	9.7238	18.6504	0.2081	0.0809	0.0766	0.1438	10.8109	22.8287	0.2089	0.0000	0.0105	-0.0000	-0.5047	0.0052	1.7961	3.0149	11.9291	0.0002	0.0002	0.0000	0.0002	0.0002	0.0000	0.0000	0.0000	0.0000	0.9882	0.9779	0.0102	0.0008	0.0007	0.0001	0.9873	0.9772	0.0101	0.0010	0.0008	0.0002	0.0005	0.0005	0.0001	0.0005	0.0003	0.0002	0.1016	0.0524	0.0492	0.0103	0.0096	0.0007	0.0913	0.0428	0.0485	0.0203	0.0134	0.0000	4.6556	5.4509	0.0000	0.0000	0.0000	0.0000	9.7238	18.6504	0.2081	0.0809	0.0766	0.1438	10.8109	22.8287	0.2089
2	55	0.0707	3	1	1	1	0	0	0	0	0	N	N	N	N	N	N	N	N	N	N	N	N	3.5246	7.9267	0.0000	7.1305	7.3306	0.0000	0.2081	1.4175	0.0000	0.1301	0.1626	0.0000	0.1995	0.2259	0.0000	0.0087	0.0133	0.0000	0.0369	0.0205	0.0630	0.0280	0.0308	0.0055	0.0419	0.0094	0.0697	0.0000	1.9290	-0.0000	0.0003	0.0052	0.0041	3.0149	6.2745	0.0000	0.0000	0.0000	0.0000	0.0000	0.0000	0.0000	0.0000	0.0000	0.0025	0.0008	0.0016	0.0007	0.0007	0.0000	0.0018	0.0002	0.0016	0.0000	0.0000	0.0000	0.0000	0.0000	0.0000	0.0000	0.0000	0.0000	0.0665	0.0409	0.0256	0.0239	0.0212	0.0027	0.0426	0.0197	0.0230	3.5246	7.9267	0.0000	7.1305	7.3306	0.0000	0.2081	1.4175	0.0000	0.0369	0.0205	0.0630	0.0280	0.0308	0.0055	0.0419	0.0094	0.0697
2	56	0.1195	3	1	0	2	0	0	0	0	0	N	N	Y	N	N	N	N	N	N	N	N	N	0.1294	0.1039	0.0000	65.0493	137.8518	0.0000	0.0717	0.0440	0.0000	1.0074	1.1243	0.0000	0.2666	0.2760	0.0000	1.7408	2.1051	0.0000	7.7830	10.8158	0.0116	0.0041	0.0020	0.0136	24.2943	47.8129	0.0101	0.0000	0.0004	-0.0004	-0.5091	0.0052	18.9997	3.0149	4.0000	0.0043	0.0043	0.0000	0.0006	0.0006	0.0000	0.0038	0.0038	0.0000	0.9777	0.9773	0.0004	0.0003	0.0001	0.0002	0.9774	0.9772	0.0002	0.0043	0.0039	0.0004	0.0021	0.0021	0.0001	0.0022	0.0018	0.0004	0.1256	0.0904	0.0353	0.0854	0.0699	0.0155	0.0402	0.0204	0.0198	0.1294	0.1039	0.0000	65.0493	137.8518	0.0000	0.0717	0.0440	0.0000	7.7830	10.8158	0.0116	0.0041	0.0020	0.0136	24.2943	47.8129	0.0101
2	57	0.0495	2	1	0	1	0	0	0	0	0	N	N	N	N	N	N	N	N	N	N	N	N	21.7535	14.1807	0.0000	4.0389	4.1341	0.0000	0.0000	0.0000	0.1895	0.2382	0.0000	0.3645	0.4027	0.0000	0.0000	0.0000	0.0000	0.0087	0.0168	0.0000	0.0902	0.0974	0.0000	0.0000	0.0000	0.0000	0.0000	0.0000	-0.0000	-0.0008	0.0052	1.7961	3.0149	22.3138	0.0002	0.0002	0.0000	0.0002	0.0002	0.0000	0.0000	0.0000	0.0000	0.0015	0.0015	0.0000	0.0015	0.0015	0.0000	0.0000	0.0000	0.0000	0.0011	0.0008	0.0002	0.0006	0.0005	0.0001	0.0005	0.0003	0.0002	0.1691	0.0877	0.0814	0.0163	0.0151	0.0012	0.1528	0.0726	0.0802	21.7535	14.1807	0.0000	4.0389	4.1341	0.0000	0.0000	0.0000	0.0000	0.0087	0.0168	0.0000	0.0902	0.0974	0.0000	0.0000	0.0000	0.0000	
2	58	0.0703	4	2	1	1	0	0	0	0	0	Y	N	N	N	N	N	N	N	N	N	N	N	0.3251	0.0412	60.9029	0.0348	0.0175	16.9600	34.0162	0.0000	58.5570	0.0526	0.0119	0.2279	0.0460	0.0243	0.5039	0.0574	0.0000	0.1975	0.1619	0.2890	0.0037	1.3200	1.3899	0.0297	0.0017	0.0000	0.0034	4.4544	0.0104	0.0000	-0.0084	0.0052	0.9359	3.0149	8.5945	0.0000	0.0000	0.0000	0.0000	0.0000	0.0000	0.0000	0.0000	0.0000	0.0164	0.0163	0.0002	0.0163	0.0163	0.0000	0.0002	0.0000	0.0002	0.0004	0.0003	0.0001	0.0002	0.0002	0.0000	0.0002	0.0002	0.0001	0.1015	0.0563	0.0452	0.0123	0.0117	0.0006	0.0892	0.0446	0.0446	0.3251	0.0412	60.9029	0.0348	0.0175	16.9600	34.0162	0.0000	58.5570	0.1619	0.2890	0.0037	1.3200	1.3899	0.0297	0.0017	0.0000	0.0034
2	59	0.0675	3	1	1	1	0	0	0	0	0	N	N	N	N	N	N	N	N	N	N	N	N	14.5098	23.0865	12.0864	10.1774	10.2988	4.6176	14.7953	705.7110	12.0122	0.2836	0.2312	0.4084	0.3248	0.3072	0.4782	0.2419	0.0961	0.3936	0.0195	0.0100	0.0338	0.0319	0.0298	0.1036	0.0164	0.0001	0.0328	0.7416	2.2572	0.0000	0.0001	0.0052	0.1706	3.0149	1.8413	0.0000	0.0000	0.0000	0.0000	0.0000	0.0000	0.0000	0.0000	0.0000	0.0006	0.0002	0.0004	0.0002	0.0002	0.0000	0.0004	0.0000	0.0004	0.0002	0.0001	0.0000	0.0001	0.0001	0.0000	0.0001	0.0000	0.0000	0.0305	0.0183	0.0122	0.0063	0.0061	0.0002	0.0242	0.0122	0.0120	14.5098	23.0865	12.0864	10.1774	10.2988	4.6176	14.7953	705.7110	12.0122	0.0195	0.0100	0.0338	0.0319	0.0298	0.1036	0.0164	0.0001	0.0328
2	60	0.0495	2	1	1	1	0	0	0	0	0	N	N	N	N	N	N	N	N	N	N	N	N	7.1650	0.7591	23.0125	11.5986	0.0366	24.7711	10.1182	29.8191	22.7503	1.0805	0.0033	7.0685	0.4616	0.0008	7.3853	1.6550	0.0061	6.9908	0.1508	0.0044	0.3072	0.0398	0.0224	0.2981	0.1636	0.0002	0.3073	383.9950	65.9442	0.0020	0.0065	0.0052	6.1830	3.0149	4.8458	0.0023	0.0000	0.0023	0.0005	0.0000	0.0005	0.0018	0.0000	0.0018	0.0140	0.0002	0.0138	0.0004	0.0002	0.0002	0.0136	0.0000	0.0136	0.0021	0.0018	0.0003	0.0010	0.0009	0.0001	0.0011	0.0008	0.0003	0.0928	0.0479	0.0449	0.0096	0.0090	0.0006	0.0833	0.0390	0.0443	7.1650	0.7591	23.0125	11.5986	0.0366	24.7711	10.1182	29.8191	22.7503	0.1508	0.0044	0.3072	0.0398	0.0224	0.2981	0.1636	0.0002	0.3073
2	61	0.4425	9	1	0	1	0	0	0	0	0	N	N	N	N	N	N	N	N	N	N	N	N	0.2282	0.2391	0.0000	0.3221	0.3037	0.0000	0.0000	0.0000	0.0000	0.0001	0.0001	0.0000	0.0002	0.0002	0.0000	0.0000	0.0000	0.0000	0.0004	0.0004	0.0003	0.0006	0.0006	0.0001	0.0002	0.0000	0.0004	0.0000	0.3205	-0.0000	-0.0000	0.0052	1.0140	3.0149	12.0537	0.0000	0.0000	0.0000	0.0000	0.0000	0.0000	0.0000	0.0000	0.0000	0.0000	0.0000	0.0000	0.0000	0.0000	0.0000	0.0000	0.0000	0.0000	0.0003	0.0002	0.0000	0.0001	0.0001	0.0000	0.0001	0.0001	0.0000	0.0953	0.0671	0.0282	0.0536	0.0458	0.0077	0.0417	0.0212	0.0205	0.2282	0.2391	0.0000	0.3221	0.3037	0.0000	0.0000	0.0000	0.0000	0.0004	0.0004	0.0003	0.0006	0.0006	0.0001	0.0002	0.0000	0.0004
2	62	0.3666	6	1	0	1	0	0	0	0	0	N	N	N	N	N	N	N	N	N	N	N	N	0.0056	0.0205	0.0000	0.0732	0.0659	0.0000	0.0004	0.0017	0.0000	0.0162	0.0181	0.0000	0.0282	0.0295	0.0000	0.0025	0.0031	0.0000	2.8840	0.8842	7.3188	0.3849	0.4472	0.0038	5.8254	1.7889	9.6834	0.0000	3.7324	-0.0000	0.3160	0.0052	22.0948	3.0149	64.3951	0.0001	0.0001	0.0000	0.0001	0.0001	0.0000	0.0000	0.0000	0.0000	1.1807	0.2495	0.9312	0.0852	0.0851	0.0001	1.0955	0.1644	0.9311	0.0048	0.0043	0.0005	0.0026	0.0025	0.0001	0.0023	0.0019	0.0004	0.4094	0.2822	0.1272	0.2214	0.1903	0.0311	0.1881	0.0919	0.0962	0.0056	0.0205	0.0000	0.0732	0.0659	0.0000	0.0004	0.0017	0.0000	2.8840	0.8842	7.3188	0.3849	0.4472	0.0038	5.8254	1.7889	9.6834
2	63	0.1598	5	1	0	1	0	0	0	0	0	N	N	N	N	N	N	N	N	N	N	N	N	0.0007	0.0005	0.0000	0.0032	0.0029	0.0000	0.0000	0.0000	0.0000	0.0016	0.0018	0.0000	0.0030	0.0031	0.0000	0.0001	0.0001	0.0000	2.3390	3.3736	0.0274	0.9320	1.0963	0.0076	4.1009	8.2904	0.0348	0.0000	0.0036	-0.0000	-0.2843	0.0052	3.0638	3.0149	18.8214	0.0000	0.0000	0.0000	0.0000	0.0000	0.0000	0.0000	0.0000	0.0000	0.5495	0.5475	0.0020	0.1217	0.1216	0.0001	0.4277	0.4259	0.0018	0.0008	0.0007	0.0001	0.0004	0.0004	0.0000	0.0004	0.0003	0.0001	0.2349	0.1623	0.0726	0.1306	0.1109	0.0197	0.1043	0.0514	0.0529	0.0007	0.0005	0.0000	0.0032	0.0029	0.0000	0.0000	0.0000	0.0000	2.3390	3.3736	0.0274	0.9320	1.0963	0.0076	4.1009	8.2904	0.0348
2	64	0.0707	3	2	1	2	0	0	0	0	0	Y	N	Y	N	N	N	N	N	N	N	N	N	0.0050	0.0037	0.0000	0.0034	0.0031	0.0000	0.0037	4.1034	0.0000	0.0033	0.0038	0.0000	0.0065	0.0067	0.0000	0.0002	0.0002	0.0000	0.6594	1.0236	0.0915	1.9255	2.1828	0.1487	0.0440	0.0000	0.0848	0.0000	0.0574	-0.0000	-0.0257	0.0052	1.0029	3.0149	8.4685	0.0000	0.0000	0.0000	0.0000	0.0000	0.0000	0.0000	0.0000	0.0000	0.0550	0.0520	0.0030	0.0526	0.0520	0.0005	0.0025	0.0000	0.0025	0.0003	0.0002	0.0000	0.0001	0.0001	0.0000	0.0001	0.0001	0.0000	0.0835	0.0508	0.0326	0.0273	0.0238	0.0035	0.0562	0.0270	0.0292	0.0050	0.0037	0.0000	0.0034	0.0031	0.0000	0.0037	4.1034	0.0000	0.6594	1.0236	0.0915	1.9255	2.1828	0.1487	0.0440	0.0000	0.0848
2	65	0.0495	2	1	1	1	0	0	0	0	0	N	N	N	N	N	N	N	N	N	N	N	N	0.9102	6.3041	0.0041	1.5298	2.3659	0.0014	0.0027	0.0144	0.0033	0.2538	0.3330	0.0022	0.4640	0.5234	0.0035	0.0008	0.0002	0.0017	0.2789	0.0528	0.5221	0.3033	0.2212	2.5848	0.2759	0.0114	0.5074	0.0020	9.1850	-0.0000	0.0079	0.0052	0.7961	3.0149	8.5878	0.0002	0.0002	0.0000	0.0002	0.0002	0.0000	0.0000	0.0000	0.0000	0.0207	0.0020	0.0187	0.0024	0.0017	0.0008	0.0183	0.0004	0.0179	0.0008	0.0006	0.0002	0.0004	0.0004	0.0000	0.0004	0.0002	0.0001	0.0743	0.0385	0.0358	0.0081	0.0076	0.0005	0.0663	0.0309	0.0353	0.9102	6.3041	0.0041	1.5298	2.3659	0.0021	0.0027	0.0144	0.0033	0.2789	0.0528	0.5221	0.3033	0.2212	1.6308	0.2759	0.0114	0.5074
2	66	0.4425	9	1	1	1	0	0	0	0	0	N	N	N	N	N	N	N	N	N	N	N	N	0.0019	0.0064	0.0000	0.0818	0.2603	0.0000	0.0000	0.0000	0.0000	0.0001	0.0001	0.0000	0.0002	0.0002	0.0000	0.0000	0.0000	0.0000	0.0497	0.0164	0.1288	0.0022	0.0007	0.0107	0.1108	0.0501	0.1736	0.0000	3.3147	-0.0000	0.0012	0.0052	1.0110	3.0149	12.5479	0.0000	0.0000	0.0000	0.0000	0.0000	0.0000	0.0000	0.0000	0.0000	0.0049	0.0011	0.0037	0.0001	0.0000	0.0001	0.0047	0.0011	0.0036	0.0003	0.0002	0.0000	0.0001	0.0001	0.0000	0.0001	0.0001	0.0000	0.0975	0.0686	0.0289	0.0548	0.0469	0.0080	0.0427	0.0217	0.0210	0.0019	0.0064	0.0000	0.0818	0.2603	0.0000	0.0000	0.0000	0.0000	0.0497	0.0164	0.1288	0.0022	0.0007	0.0107	0.1108	0.0501	0.1736
2	67	0.4361	8	1	0	1	0	0	0	0	0	N	N	N	N	N	N	N	N	N	N	N	N	0.0615	0.1349	0.0000	0.0442	0.0526	0.0000	0.0696	0.5846	0.0000	0.0001	0.0001	0.0000	0.0001	0.0001	0.0000	0.0002	0.0002	0.0000	0.0017	0.0009	0.0036	0.0012	0.0011	0.0030	0.0022	0.0003	0.0037	0.0000	1.7610	-0.0000	0.0000	0.0052	0.9784	3.0149	1.5217	0.0000	0.0000	0.0000	0.0000	0.0000	0.0000	0.0000	0.0000	0.0000	0.0001	0.0000	0.0001	0.0000	0.0000	0.0000	0.0001	0.0000	0.0000	0.0003	0.0002	0.0000	0.0001	0.0001	0.0000	0.0001	0.0001	0.0000	0.0510	0.0359	0.0150	0.0278	0.0256	0.0022	0.0231	0.0103	0.0129	0.0615	0.1349	0.0000	0.0442	0.0526	0.0000	0.0696	0.5846	0.0000	0.0017	0.0009	0.0036	0.0012	0.0011	0.0030	0.0022	0.0003	0.0037
2	68	0.4059	7	1	0	1	0	0	0	0	0	N	N	N	N	N	N	N	N	N	N	N	N	0.0201	0.0523	0.0000	0.0659	0.0678	0.0000	0.0007	0.1253	0.0000	0.0021	0.0023	0.0000	0.0039	0.0041	0.0000	0.0001	0.0001	0.0000	0.1031	0.0448	0.2377	0.0596	0.0603	0.0559	0.1720	0.0011	0.3265	0.0000	2.3002	-0.0000	0.0017	0.0052	1.0531	3.0149	9.0748	0.0000	0.0000	0.0000	0.0000	0.0000	0.0000	0.0000	0.0000	0.0000	0.0098	0.0030	0.0069	0.0035	0.0030	0.0005	0.0063	0.0000	0.0063	0.0003	0.0002	0.0000	0.0001	0.0001	0.0000	0.0001	0.0001	0.0000	0.0954	0.0666	0.0288	0.0585	0.0491	0.0095	0.0369	0.0175	0.0194	0.0201	0.0523	0.0000	0.0659	0.0678	0.0000	0.0007	0.1253	0.0000	0.1031	0.0448	0.2377	0.0596	0.0603	0.0559	0.1720	0.0011	0.3265
2	69	0.0495	2	2	0	2	0	0	0	0	0	Y	N	Y	N	N	N	N	N	N	N	N	N	0.0000	0.0000	0.0000	0.0000	0.0000	0.0000	0.0000	0.0000	0.0000	0.0000	0.0000	0.0000	0.0000	0.0000	0.0000	0.3002	0.0000	0.6341	0.1021	0.0000	3.1471	0.3287	0.0000	0.6148	inf	0.0000	0.0069	0.0052	0.0000	3.0149	4.9600	0.0000	0.0000	0.0000	0.0000	0.0000	0.0000	0.0000	0.0000	0.0000	0.0144	0.0000	0.0144	0.0006	0.0000	0.0006	0.0138	0.0000	0.0138	0.0000	0.0000	0.0000	0.0000	0.0000	0.0000	0.0000	0.0000	0.0000	0.0481	0.0253	0.0228	0.0060	0.0057	0.0003	0.0420	0.0196	0.0225	0.0000	0.0000	0.0000	0.0000	0.0000	0.0000	0.0000	0.0000	0.0000	0.3002	0.0000	0.6341	0.1021	0.0000	2.1369	0.3287	0.0000	0.6148				
2	71	0.1057	6	1	0	2	0	0	0	0	0	N	N	Y	N	N	N	N	N	N	N	N	N	0.0000	0.0000	0.0000	0.0000	0.0000	0.0000	0.0000	0.0000	0.0000	0.0000	0.0000	0.0000	0.0000	0.0000	0.0000	0.0000	0.0000	0.0001	0.0000	0.0003	0.0001	0.0001	0.0000	0.0002	0.0000	0.0004	3.8267	0.0000	0.0000	0.0052	1.0000	3.0149	0.0055	0.0000	0.0000	0.0000	0.0000	0.0000	0.0000	0.0000	0.0000	0.0000	0.0000	0.0000	0.0000	0.0000	0.0000	0.0000	0.0000	0.0000	0.0000	0.0000	0.0000	0.0000	0.0000	0.0000	0.0000	0.0000	0.0000	0.0000	0.0072	0.0048	0.0024	0.0033	0.0030	0.0004	0.0039	0.0019	0.0020	0.0000	0.0000	0.0000	0.0000	0.0000	0.0000	0.0000	0.0000	0.0000	0.0001	0.0000	0.0003	0.0001	0.0001	0.0000	0.0002	0.0000	0.0004		
2	72	0.0991	5	1	0	2	0	0	0	0	0	N	N	Y	N	N	N	N	N	N	N	N	N	0.0000	0.0000	0.0000	0.0000	0.0000	0.0000	0.0000	0.0000	0.0000	0.0000	0.0000	0.0000	0.0000	0.0000	0.0000	0.0000	0.0000	0.0000	0.0264	0.0117	0.0551	0.0166	0.0182	0.0008	0.0350	0.0000	0.0626	2.4339	0.0000	0.0000	0.0052	0.0000	3.0149	1.0265	0.0000	0.0000	0.0000	0.0000	0.0000	0.0000	0.0000	0.0000	0.0000	0.0002	0.0001	0.0002	0.0001	0.0001	0.0000	0.0002	0.0000	0.0002	0.0000	0.0000	0.0000	0.0000	0.0000	0.0000	0.0000	0.0000	0.0000	0.0088	0.0058	0.0030	0.0041	0.0037	0.0004	0.0047	0.0021	0.0026	0.0000	0.0000	0.0000	0.0000	0.0000	0.0000	0.0000	0.0000	0.0000	0.0264	0.0117	0.0551	0.0166	0.0182	0.0008	0.0350	0.0000	0.0626	
2	73	0.0936	4	1	0	1	0	0	0	0	0	N	N	N	N	N	N	N	N	N	N	N	N	0.0000	0.0000	0.0000	0.0000	0.0000	0.0000	0.0000	0.0000	0.0000	0.0000	0.0000	0.0000	0.0000	0.0000	0.0000	0.0000	0.0000	0.0000	0.1098	0.1668	0.0072	0.1963	0.2155	0.0003	0.0056	0.0000	0.0083	0.0240	0.0000	-0.0032	0.0052	0.0000	3.0149	1.0321	0.0000	0.0000	0.0000	0.0000	0.0000	0.0000	0.0000	0.0000	0.0000	0.0064	0.0063	0.0002	0.0063	0.0063	0.0000	0.0002	0.0000	0.0001	0.0001	0.0000	0.0000	0.0000	0.0000	0.0000	0.0000	0.0000	0.0000	0.0586	0.0376	0.0209	0.0320	0.0291	0.0029	0.0266	0.0085	0.0181	0.0000	0.0000	0.0000	0.0000	0.0000	0.0000	0.0000	0.0000	0.0000	0.1098	0.1668	0.0072	0.1963	0.2155	0.0003	0.0056	0.0000	0.0083	
2	74	0.0708	3	1	0	1	0	0	0	0	0	N	N	N	N	N	N	N	N	N	N	N	N	0.3965	0.2248	20.4423	0.2344	0.2023	34.6818	12.1078	67.8956	15.5415	0.0758	0.0679	0.1246	0.0987	0.0907	0.2092	0.0488	0.0353	0.0948	0.1912	0.3019	0.0061	0.4208	0.4483	0.0060	0.0040	0.0005	0.0061	0.2991	0.0121	0.0000	-0.0164	0.0052	0.5629	3.0149	8.5245	0.0000	0.0000	0.0000	0.0000	0.0000	0.0000	0.0000	0.0000	0.0000	0.0322	0.0319	0.0004	0.0319	0.0318	0.0000	0.0004	0.0000	0.0004	0.0002	0.0002	0.0000	0.0001	0.0001	0.0000	0.0001	0.0001	0.0000	0.1686	0.1055	0.0631	0.0757	0.0710	0.0047	0.0929	0.0345	0.0584	0.3965	0.2248	20.4423	0.2344	0.2023	34.6818	12.1078	67.8956	15.5415	0.1912	0.3019	0.0061	0.4208	0.4483	0.0060	0.0040	0.0005	0.0061
2	75	0.0878	4	1	1	1	0	0	0	0	0	N	N	N	N	N	N	N	N	N	N	N	N	0.0000	0.0000	0.0000	0.0000	0.0000	0.0000	0.0000	0.0000	0.0000	0.0000	0.0000	0.0000	0.0000	0.0000	0.0000	0.0000	0.0000	0.0000	0.0001	0.0001	0.0000	0.0001	0.0002	0.0000	0.0000	0.0000	0.0001	0.1975	0.0000	-0.0000	0.0052	1.9994	3.0149	4.0943	0.0000	0.0000	0.0000	0.0000	0.0000	0.0000	0.0000	0.0000	0.0000	0.0000	0.0000	0.0000	0.0000	0.0000	0.0000	0.0000	0.0000	0.0000	0.0001	0.0001	0.0000	0.0000	0.0000	0.0000	0.0001	0.0001	0.0000	0.0516	0.0361	0.0155	0.0242	0.0208	0.0034	0.0274	0.0153	0.0120	0.0000	0.0000	0.0000	0.0000	0.0000	0.0000	0.0000	0.0000	0.0000	0.0001	0.0001	0.0000	0.0001	0.0002	0.0000	0.0000	0.0000	0.0001	
2	76	0.0816	3	1	0	1	0	0	0	0	0	N	N	N	N	N	N	N	N	N	N	N	N	0.0000	0.0000	0.0000	0.0000	0.0000	0.0000	0.0000	0.0000	0.0000	0.0000	0.0000	0.0000	0.0000	0.0000	0.0000	0.0000	0.0000	0.0000	0.0076	0.0090	0.0041	0.0051	0.0055	0.0014	0.0096	0.0141	0.0045	0.1889	0.0000	-0.0001	0.0052	0.0011	3.0149	2.7207	0.0000	0.0000	0.0000	0.0000	0.0000	0.0000	0.0000	0.0000	0.0000	0.0002	0.0002	0.0000	0.0001	0.0001	0.0000	0.0002	0.0001	0.0000	0.0000	0.0000	0.0000	0.0000	0.0000	0.0000	0.0000	0.0000	0.0000	0.0294	0.0208	0.0087	0.0135	0.0123	0.0012	0.0159	0.0084	0.0075	0.0000	0.0000	0.0000	0.0000	0.0000	0.0000	0.0000	0.0000	0.0000	0.0076	0.0090	0.0041	0.0051	0.0055	0.0014	0.0096	0.0141	0.0045	
2	77	0.0495	2	1	0	1	0	0	0	0	0	N	N	N	N	N	N	N	N	N	N	N	N	0.0000	0.0000	0.0000	0.0000	0.0000	0.0000	0.0000	0.0000	0.0000	0.0000	0.0000	0.0000	0.0000	0.0000	0.0000	0.0000	0.0000	0.0000	0.0847	0.1634	0.0006	0.8067	0.8588	0.0117	0.0002	0.0000	0.0004	0.0032	0.0000	-0.0038	0.0052	0.0001	3.0149	10.0074	0.0000	0.0000	0.0000	0.0000	0.0000	0.0000	0.0000	0.0000	0.0000	0.0073	0.0073	0.0000	0.0073	0.0073	0.0000	0.0000	0.0000	0.0000	0.0006	0.0004	0.0002	0.0004	0.0003	0.0000	0.0003	0.0001	0.0001	0.0861	0.0445	0.0416	0.0090	0.0085	0.0006	0.0771	0.0360	0.0411	0.0000	0.0000	0.0000	0.0000	0.0000	0.0000	0.0000	0.0000	0.0000	0.0847	0.1634	0.0006	0.8067	0.8588	0.0117	0.0002	0.0000	0.0004	
2	78	0.0696	3	2	0	2	0	0	0	0	0	Y	N	Y	N	N	N	N	N	N	N	N	N	0.3938	inf	2.3874	0.2428	0.8877	0.8649	inf	2.1904	0.0006	0.0000	0.0070	0.0002	0.0000	0.0128	0.0013	0.0001	0.0062	0.0014	0.0000	0.0029	0.0007	0.0000	0.0144	0.0015	0.0000	0.0028	24.8978	inf	0.0000	0.0000	0.0052	1.6246	3.0149	0.0115	0.0000	0.0000	0.0000	0.0000	0.0000	0.0000	0.0000	0.0000	0.0000	0.0000	0.0000	0.0000	0.0000	0.0000	0.0000	0.0000	0.0000	0.0000	0.0009	0.0008	0.0001	0.0006	0.0005	0.0000	0.0003	0.0002	0.0001	0.0176	0.0090	0.0086	0.0011	0.0010	0.0001	0.0165	0.0080	0.0085	0.3938	inf	2.3874	0.2428	0.0000	0.8877	0.8649	inf	2.1904	0.0014	0.0000	0.0029	0.0007	0.0000	0.0144	0.0015	0.0000	0.0028	
2	79	0.0495	2	2	0	2	0	0	0	0	0	Y	N	Y	N	N	N	N	N	N	N	N	N	11.8635	25837.2391	22.1049	21.7330	0.0808	25.3191	18.2327	755937.4838	21.5653	1.6426	0.8634	6.3227	0.3911	0.0000	6.9844	2.7725	1.8081	6.1713	0.1385	0.0000	0.2860	0.0180	0.0002	0.2759	0.1521	0.0000	0.2862	1.2191	8028.3105	0.0019	0.0067	0.0052	8.1927	3.0149	3.9952	0.0041	0.0019	0.0023	0.0005	0.0000	0.0005	0.0037	0.0019	0.0018	0.0139	0.0000	0.0139	0.0002	0.0000	0.0002	0.0138	0.0000	0.0138	0.0025	0.0022	0.0004	0.0012	0.0011	0.0001	0.0013	0.0010	0.0003	0.1007	0.0520	0.0488	0.0102	0.0096	0.0007	0.0905	0.0424	0.0481	11.8635	25837.2391	22.1049	21.7330	0.0808	25.3191	18.2327	755937.4838	21.5653	0.1385	0.0000	0.2860	0.0180	0.0002	0.2759	0.1521	0.0000	0.2862
2	80	0.0495	2	1	1	1	1	0	0	0	0	N	N	N	N	N	N	N	N	N	N	N	N	0.9110	0.6184	0.1674	0.1758	0.0000	0.0000	0.2536	0.3334	0.0000	0.4641	0.5240	0.0000	0.0000	0.0000	0.0000	0.2783	0.5391	0.0000	2.7720	2.9810	0.0000	0.0089	0.0188	0.0000	0.0000	0.0000	-0.0000	-0.0197	0.0052	0.7962	3.0149	19.0091	0.0002	0.0002	0.0000	0.0002	0.0002	0.0000	0.0000	0.0000	0.0000	0.0378	0.0378	0.0000	0.0367	0.0367	0.0000	0.0011	0.0011	0.0000	0.0008	0.0006	0.0002	0.0004	0.0004	0.0000	0.0004	0.0002	0.0001	0.1359	0.0701	0.0657	0.0132	0.0123	0.0009	0.1226	0.0578	0.0648	0.9110	0.6184	0.0000	0.1674	0.1758	0.0000	0.0000	0.0000	0.0000	0.2783	0.5391	0.0000	2.7720	2.9810	0.0000	0.0089	0.0188	0.0000			
2	81	0.0495	2	1	1	1	0	0	0	0	0	N	N	N	N	N	N	N	N	N	N	N	N	0.0448	18.5840	0.0000	4.6108	5.0415	0.0000	0.0000	0.0000	0.2536	0.3334	0.0000	0.4641	0.5240	0.0000	0.0000	0.0000	0.0000	5.6591	0.0179	11.7313	0.1007	0.1039	0.0592	6.2530	0.0000	11.9055	0.0000	607.5501	-0.0000	0.4512	0.0052	0.7962	3.0149	25.3140	0.0002	0.0002	0.0000	0.0002	0.0002	0.0000	0.0000	0.0000	0.0000	0.9454	0.0016	0.9438	0.0016	0.0016	0.0001	0.9438	0.0000	0.9438	0.0008	0.0006	0.0002	0.0004	0.0004	0.0000	0.0004	0.0002	0.0001	0.1671	0.0866	0.0805	0.0161	0.0149	0.0012	0.1509	0.0717	0.0793	0.0448	18.5840	0.0000	4.6108	5.0415	0.0000	0.0000	0.0000	0.0000	5.6591	0.0179	11.7313	0.1007	0.1039	0.0592	6.2530	0.0000	11.9055	
2	82	0.0495	2	1	1	1	0	0	0	0	0	N	N	N	N	N	N	N	N	N	N	N	N	7.9487	5.2180	3.3043	3.3882	0.0000	0.0000	0.1971	0.2490	0.0000	0.3768	0.4174	0.0000	0.0000	0.0000	0.0000	0.0248	0.0477	0.0000	0.1140	0.1232	0.0000	0.0153	0.0320	0.0000	0.0000	0.0000	-0.0000	-0.0023	0.0052	1.7961	3.0149	27.0091	0.0002	0.0002	0.0000	0.0002	0.0002	0.0000	0.0000	0.0000	0.0000	0.0044	0.0044	0.0000	0.0020	0.0020	0.0000	0.0025	0.0025	0.0000	0.0010	0.0008	0.0002	0.0005	0.0005	0.0001	0.0005	0.0003	0.0002	0.1792	0.0931	0.0861	0.0173	0.0160	0.0013	0.1619	0.0771	0.0848	7.9487	5.2180	0.0000	3.3043	3.3882	0.0000	0.0000	0.0000	0.0000	0.0248	0.0477	0.0000	0.1140	0.1232	0.0000	0.0153	0.0320	0.0000			
2	83	0.1598	5	1	0	1	0	0	0	0	0	N	N	N	N	N	N	N	N	N	N	N	N	0.0002	0.0001	0.0000	0.0003	0.0003	0.0000	0.0000	0.0000	0.0000	0.0005	0.0006	0.0000	0.0010	0.0010	0.0000	0.0000	0.0000	0.0000	3.0282	4.4355	0.0189	2.9449	3.4782	0.0062	3.1177	6.1654	0.0231	0.0000	0.0020	-0.0000	-0.4482	0.0052	10.0679	3.0149	33.8159	0.0000	0.0000	0.0000	0.0000	0.0000	0.0000	0.0000	0.0000	0.0000	0.8635	0.8618	0.0017	0.4352	0.4351	0.0001	0.4283	0.4268	0.0016	0.0023	0.0021	0.0003	0.0012	0.0011	0.0000	0.0012	0.0010	0.0002	0.2852	0.1943	0.0909	0.1478	0.1251	0.0227	0.1374	0.0692	0.0682	0.0002	0.0001	0.0000	0.0003	0.0003	0.0000	0.0000	0.0000	0.0000	3.0282	4.4355	0.0189	2.9449	3.4782	0.0062	3.1177	6.1654	0.0231
2	84	0.1322	4	1	0	1	0	0	0	0	0	N	N	N	N	N	N	N	N	N	N	N	N	0.0039	0.0027	0.0975	0.0069	0.0062	0.0402	0.0023	0.0010	0.1096	0.0098	0.0100	0.0090	0.0115	0.0118	0.0036	0.0081	0.0076	0.0102	2.5224	3.6624	0.0924	1.6633	1.9003	0.0900	3.4951	7.3723	0.0931	0.1196	0.0118	0.0000	-0.2930	0.0052	0.9441	3.0149	14.0836	0.0000	0.0000	0.0000	0.0000	0.0000	0.0000	0.0000	0.0000	0.0000	0.5753	0.5686	0.0067	0.2014	0.2000	0.0014	0.3739	0.3686	0.0053	0.0003	0.0002	0.0000	0.0001	0.0001	0.0000	0.0001	0.0001	0.0000	0.2281	0.1552	0.0728	0.1211	0.1053	0.0159	0.1070	0.0500	0.0570	0.0039	0.0027	0.0975	0.0069	0.0062	0.0402	0.0023	0.0010	0.1096	2.5224	3.6624	0.0924	1.6633	1.9003	0.0900	3.4951	7.3723	0.0931
2	85	0.4144	7	1	0	1	0	0	0	0	0	N	N	N	N	N	N	N	N	N	N	N	N	1.4448	1.1738	0.0000	1.0724	0.9804	0.0000	12.4903	69.6495	0.0000	0.0424	0.0473	0.0000	0.0574	0.0600	0.0000	0.0233	0.0284	0.0000	0.0294	0.0403	0.0046	0.0535	0.0612	0.0082	0.0019	0.0004	0.0034	0.0000	0.0501	-0.0000	-0.0032	0.0052	15.0008	3.0149	28.2980	0.0002	0.0002	0.0000	0.0001	0.0001	0.0000	0.0000	0.0000	0.0000	0.0067	0.0064	0.0003	0.0065	0.0064	0.0001	0.0002	0.0000	0.0002	0.0046	0.0041	0.0005	0.0026	0.0025	0.0001	0.0020	0.0016	0.0004	0.2291	0.1589	0.0701	0.1220	0.1044	0.0176	0.1071	0.0546	0.0525	1.4448	1.1738	0.0000	1.0724	0.9804	0.0000	12.4903	69.6495	0.0000	0.0294	0.0403	0.0046	0.0535	0.0612	0.0082	0.0019	0.0004	0.0034
2	86	0.4144	7	1	0	1	0	0	0	0	0	N	N	N	N	N	N	N	N	N	N	N	N	0.0710	0.0564	0.0000	0.1148	0.1045	0.0000	0.0377	0.0237	0.0000	0.0495	0.0556	0.0000	0.0599	0.0632	0.0000	0.0347	0.0430	0.0000	0.6976	0.9864	0.0057	0.5216	0.6044	0.0097	0.9221	1.8115	0.0043	0.0000	0.0024	-0.0000	-0.0776	0.0052	10.8154	3.0149	27.4443	0.0001	0.0001	0.0000	0.0001	0.0001	0.0000	0.0000	0.0000	0.0000	0.1495	0.1492	0.0004	0.0626	0.0625	0.0002	0.0869	0.0867	0.0002	0.0028	0.0025	0.0003	0.0016	0.0015	0.0001	0.0011	0.0009	0.0002	0.2144	0.1512	0.0631	0.1201	0.1034	0.0167	0.0942	0.0479	0.0464	0.0710	0.0564	0.0000	0.1148	0.1045	0.0000	0.0377	0.0237	0.0000	0.6976	0.9864	0.0057	0.5216	0.6044	0.0097	0.9221	1.8115	0.0043
2	87	0.3666	6	1	0	1	0	0	0	0	0	N	N	N	N	N	N	N	N	N	N	N	N	0.1275	0.1016	0.3480	0.1379	0.1325	0.0908	0.1104	0.0595	0.6927	0.1147	0.1235	0.0503	0.1222	0.1300	0.0247	0.1016	0.1102	0.0670	0.8996	1.2156	0.1444	0.8859	0.9817	0.2717	0.9199	1.8525	0.0967	0.0554	0.0497	-0.0000	-0.1639	0.0052	2.7608	3.0149	22.4044	0.0001	0.0001	0.0000	0.0001	0.0001	0.0000	0.0000	0.0000	0.0000	0.3459	0.3295	0.0164	0.2030	0.1946	0.0084	0.1429	0.1349	0.0080	0.0012	0.0011	0.0001	0.0008	0.0007	0.0001	0.0004	0.0004	0.0001	0.3845	0.2711	0.1134	0.2292	0.1983	0.0309	0.1553	0.0728	0.0825	0.1275	0.1016	0.3480	0.1379	0.1325	0.0908	0.1104	0.0595	0.6927	0.8996	1.2156	0.1444	0.8859	0.9817	0.2717	0.9199	1.8525	0.0967
2	88	0.2368	5	1	0	1	0	0	0	0	0	N	N	N	N	N	N	N	N	N	N	N	N	0.0169	0.0124	0.1087	0.0272	0.0241	0.1290	0.0120	0.0065	0.1024	0.0397	0.0406	0.0330	0.0387	0.0394	0.0227	0.0408	0.0421	0.0354	2.3484	3.2615	0.3033	1.4222	1.6312	0.1757	3.4079	6.4400	0.3454	0.1012	0.0415	-0.0000	-0.4029	0.0052	8.8820	3.0149	49.9570	0.0001	0.0001	0.0000	0.0000	0.0000	0.0000	0.0000	0.0000	0.0000	0.8373	0.8039	0.0334	0.2706	0.2658	0.0048	0.5667	0.5382	0.0286	0.0022	0.0019	0.0002	0.0011	0.0011	0.0000	0.0011	0.0009	0.0002	0.3566	0.2465	0.1101	0.1903	0.1629	0.0273	0.1663	0.0836	0.0827	0.0169	0.0124	0.1087	0.0272	0.0241	0.1290	0.0120	0.0065	0.1024	2.3484	3.2615	0.3033	1.4222	1.6312	0.1757	3.4079	6.4400	0.3454
2	89	0.0495	2	2	1	1	1	0	0	0	0	Y	N	N	N	N	N	N	N	N	N	N	N	0.0160	0.0109	0.0000	6.2295	7.3202	0.0000	0.0000	0.0000	0.0000	0.2536	0.3334	0.0000	0.4641	0.5240	0.0000	0.0000	0.0000	0.0000	15.8350	30.5310	0.1696	0.0745	0.0716	0.1141	17.5543	37.1063	0.1704	0.0000	0.0052	-0.0000	-1.0181	0.0052	0.7962	3.0149	16.9291	0.0002	0.0002	0.0000	0.0002	0.0002	0.0000	0.0000	0.0000	0.0000	1.9735	1.9633	0.0102	0.0009	0.0008	0.0001	1.9726	1.9625	0.0101	0.0008	0.0006	0.0002	0.0004	0.0004	0.0000	0.0004	0.0002	0.0001	0.1246	0.0643	0.0603	0.0123	0.0114	0.0008	0.1124	0.0529	0.0595	0.0160	0.0109	0.0000	6.2295	7.3202	0.0000	0.0000	0.0000	0.0000	15.8350	30.5310	0.1696	0.0745	0.0716	0.1141	17.5543	37.1063	0.1704
2	90	0.1215	7	1	1	1	1	0	0	0	0	N	N	N	N	N	N	N	N	N	N	N	N	0.0000	0.0000	0.0000	0.0000	0.0000	0.0000	0.0000	0.0000	0.0000	0.0000	0.0000	0.0000	0.0000	0.0000	0.0000	0.0000	0.0000	0.0000	0.0000	0.0000	0.0052	0.0000	3.0149	0.0000	0.0000	0.0000	0.0000	0.0000	0.0000	0.0000	0.0000	0.0000	0.0000	0.0000	0.0000	0.0000	0.0000	0.0000	0.0000	0.0000	0.0000	0.0000	0.0000	0.0000	0.0000	0.0000	0.0000	0.0000	0.0000	0.0000	0.0000	0.0000	0.0000	0.0000	0.0000	0.0000	0.0000	0.0000	0.0000	0.0000	0.0000	0.0000	0.0000	0.0000	0.0000	0.0000	0.0000	0.0000	0.0000	0.0000	0.0000	0.0000	0.0000	0.0000	0.0000	0.0000	0.0000	0.0000											
2	91	0.1108	6	1	1	1	1	0	0	0	0	N	N	N	N	N	N	N	N	N	N	N	N	0.0000	0.0000	0.0000	0.0000	0.0000	0.0000	0.0000	0.0000	0.0000	0.0000	0.0000	0.0000	0.0000	0.0000	0.0000	0.0000	0.0000	0.0000	0.0000	0.0000	0.0052	1.0000	3.0149	3.0000	0.0000	0.0000	0.0000	0.0000	0.0000	0.0000	0.0000	0.0000	0.0000	0.0000	0.0000	0.0000	0.0000	0.0000	0.0000	0.0000	0.0000	0.0000	0.0001	0.0001	0.0000	0.0000	0.0000	0.0000	0.0001	0.0001	0.0000	0.0345	0.0174	0.0171	0.0046	0.0039	0.0006	0.0300	0.0135	0.0165	0.0000	0.0000	0.0000	0.0000	0.0000	0.0000	0.0000	0.0000	0.0000	0.0000	0.0000	0.0000	0.0000	0.0000	0.0000	0.0000	0.0000	0.0000											
2	92	0.1042	4	1	1	1	0	0	0	0	0	N	N	N	N	N	N	N	N	N	N	N	N	0.0000	0.0000	0.0000	0.0000	0.0000	0.0000	0.0000	0.0000	0.0000	0.0000	0.0000	0.0000	0.0000	0.0000	0.0000	0.0000	0.0000	0.0000	0.0000	0.0000	0.0052	0.0000	3.0149	0.0000	0.0000	0.0000	0.0000	0.0000	0.0000	0.0000	0.0000	0.0000	0.0000	0.0000	0.0000	0.0000	0.0000	0.0000	0.0000	0.0000	0.0000	0.0000	0.0000	0.0000	0.0000	0.0000	0.0000	0.0000	0.0000	0.0000	0.0000	0.0000	0.0000	0.0000	0.0000	0.0000	0.0000	0.0000	0.0000	0.0000	0.0000	0.0000	0.0000	0.0000	0.0000	0.0000	0.0000	0.0000	0.0000	0.0000	0.0000	0.0000	0.0000	0.0000	0.0000	0.0000	0.0000	0.0000											
2	93	0.1108	6	1	0	2	1	0	0	0	0	N	N	Y	N	N	N	N	N	N	N	N	N	0.0000	0.0000	0.0000	0.0000	0.0000	0.0000	0.0000	0.0000	0.0000	0.0000	0.0000	0.0000	0.0000	0.0000	0.0000	0.0000	0.0000	0.0000	0.0000	0.0000	0.0052	0.0000	3.0149	0.0000	0.0000	0.0000	0.0000	0.0000	0.0000	0.0000	0.0000	0.0000	0.0000	0.0000	0.0000	0.0000	0.0000	0.0000	0.0000	0.0000	0.0000	0.0000	0.0000	0.0000	0.0000	0.0000	0.0000	0.0000	0.0000	0.0000	0.0000	0.0000	0.0000	0.0000	0.0000	0.0000	0.0000	0.0000	0.0000	0.0000	0.0000	0.0000	0.0000	0.0000	0.0000	0.0000	0.0000	0.0000	0.0000	0.0000	0.0000	0.0000	0.0000	0.0000	0.0000	0.0000	0.0000	0.0000											
2	94	0.1081	5	1	0	1	1	0	0	0	0	N	N	N	N	N	N	N	N	N	N	N	N	0.0000	0.0000	0.0000	0.0000	0.0000	0.0000	0.0000	0.0000	0.0000	0.0000	0.0000	0.0000	0.0000	0.0000	0.0000	0.0000	0.0001	0.0001	0.0000	0.0000	0.0000	0.0000	0.0000	0.0000	-0.0000	0.0052	1.0000	3.0149	0.0097	0.0000	0.0000	0.0000	0.0000	0.0000	0.0000	0.0000	0.0000	0.0000	0.0000	0.0000	0.0000	0.0000	0.0000	0.0000	0.0000	0.0000	0.0000	0.0001	0.0001	0.0000	0.0000	0.0000	0.0000	0.0001	0.0001	0.0000	0.0093	0.0047	0.0046	0.0013	0.0012	0.0002	0.0080	0.0035	0.0045	0.0000	0.0000	0.0000	0.0000	0.0000	0.0000	0.0000	0.0000	0.0000	0.0000	0.0000	0.0000	0.0001	0.0001	0.0000	0.0000	0.0000	0.0000						
2	95	0.1081	5	1	0	2	1	0	0	0	0	N	N	Y	N	N	N	N	N	N	N	N	N	0.0000	0.0000	0.0000	0.0000	0.0000	0.0000	0.0000	0.0000	0.0000	0.0000	0.0000	0.0000	0.0000	0.0000	0.0000	0.0000	0.0000	0.0000	0.0000	0.0000	0.0000	0.0000	0.0000	0.0000	-0.0000	0.0052	2.0000	3.0149	3.0050	0.0000	0.0000	0.0000	0.0000	0.0000	0.0000	0.0000	0.0000	0.0000	0.0000	0.0000	0.0000	0.0000	0.0000	0.0000	0.0000	0.0000	0.0000	0.0003	0.0002	0.0000	0.0001	0.0001	0.0000	0.0002	0.0002	0.0000	0.0430	0.0217	0.0213	0.0058	0.0050	0.0008	0.0372	0.0167	0.0205	0.0000	0.0000	0.0000	0.0000	0.0000	0.0000	0.0000	0.0000	0.0000	0.0000	0.0000	0.0000	0.0000	0.0000	0.0000	0.0000	0.0000	0.0000						
2	96	0.1081	5	1	0	2	1	0	0	0	0	N	N	Y	N	N	N	N	N	N	N	N	N	0.0000	0.0000	0.0000	0.0000	0.0000	0.0000	0.0000	0.0000	0.0000	0.0000	0.0000	0.0000	0.0000	0.0000	0.0000	0.0000	0.0003	0.0003	0.0003	0.0013	0.0015	0.0000	0.0002	0.0000	0.0004	0.9927	0.0000	-0.0000	0.0052	0.0000	3.0149	6.9903	0.0000	0.0000	0.0000	0.0000	0.0000	0.0000	0.0000	0.0000	0.0000	0.0000	0.0000	0.0000	0.0000	0.0000	0.0000	0.0000	0.0000	0.0000	0.0000	0.0000	0.0000	0.0000	0.0000	0.0000	0.0000	0.0000	0.0000	0.0586	0.0296	0.0289	0.0079	0.0068	0.0011	0.0507	0.0228	0.0278	0.0000	0.0000	0.0000	0.0000	0.0000	0.0000	0.0000	0.0000	0.0000	0.0003	0.0003	0.0003	0.0013	0.0015	0.0000	0.0002	0.0000	0.0004			
2	97	0.1026	4	1	0	1	1	0	0	0	0	N	N	N	N	N	N	N	N	N	N	N	N	0.0000	0.0000	0.0000	0.0000	0.0000	0.0000	0.0000	0.0000	0.0000	0.0000	0.0000	0.0000	0.0000	0.0000	0.0000	0.0000	0.0000	0.0000	0.7679	1.4123	0.0032	0.0058	0.0067	0.0011	0.9190	1.9011	0.0033	0.0019	0.0000	-0.0092	0.0052	0.9999	3.0149	1.0605	0.0000	0.0000	0.0000	0.0000	0.0000	0.0000	0.0000	0.0000	0.0000	0.0177	0.0177	0.0000	0.0000	0.0000	0.0000	0.0177	0.0177	0.0000	0.0003	0.0003	0.0000	0.0001	0.0001	0.0000	0.0002	0.0002	0.0000	0.0231	0.0125	0.0106	0.0038	0.0032	0.0006	0.0193	0.0093	0.0100	0.0000	0.0000	0.0000	0.0000	0.0000	0.0000	0.0000	0.0000	0.0000	0.7679	1.4123	0.0032	0.0058	0.0067	0.0011	0.9190	1.9011	0.0033	
2	98	0.1004	3	1	0	1	1	0	0	0	0	N	N	N	N	N	N	N	N	N	N	N	N	0.0056	0.0025	62.3444	2.2425	1.6485	257.1245	0.0040	0.0002	52.5790	0.4049	0.3174	0.5446	0.4466	0.3927	1.0003	0.3578	0.0422	0.4811	71.7845	127.5150	0.0087	0.1992	0.2382	0.0039	90.5237	183.9428	0.0092	1.0747	0.0001	0.0000	-0.4934	0.0052	0.0012	3.0149	1.0414	0.0000	0.0000	0.0000	0.0000	0.0000	0.0000	0.0000	0.0000	0.0000	0.9469	0.9469	0.0001	0.0005	0.0005	0.0000	0.9464	0.9463	0.0000	0.0000	0.0000	0.0000	0.0000	0.0000	0.0000	0.0000	0.0000	0.0000	0.0132	0.0074	0.0058	0.0027	0.0023	0.0005	0.0105	0.0051	0.0053	0.0056	0.0025	62.3444	2.2425	1.6485	257.1245	0.0040	0.0002	52.5790	71.7845	127.5150	0.0087	0.1992	0.2382	0.0039	90.5237	183.9428	0.0092
2	99	0.0495	2	2	1	1	0	0	0	0	0	Y	N	N	N	N	N	N	N	N	N	N	N	25.7957	837.1474	44.5449	31.8425	30.9111	26.8647	42.1145	inf	51.0131	2.8953	1.2955	10.2558	0.6291	0.2606	4.9163	5.1659	2.6181	11.7781	0.1122	0.0015	0.2302	0.0198	0.0084	0.1830	0.1227	0.0000	0.2309	1.7208	139.5747	0.0022	0.0054	0.0052	3.2042	3.0149	9.0918	0.0041	0.0015	0.0026	0.0004	0.0002	0.0003	0.0037	0.0013	0.0023	0.0114	0.0001	0.0114	0.0002	0.0001	0.0001	0.0112	0.0000	0.0112	0.0014	0.0012	0.0003	0.0007	0.0007	0.0001	0.0007	0.0005	0.0002	0.1019	0.0526	0.0493	0.0103	0.0097	0.0007	0.0916	0.0429	0.0487	25.7957	837.1474	44.5449	31.8425	30.9111	26.8647	42.1145	inf	51.0131	0.1122	0.0015	0.2302	0.0198	0.0084	0.1830	0.1227	0.0000	0.2309
2	100	0.0495	2	1	1	1	0	0	0	0	0	N	N	N	N	N	N	N	N	N	N	N	N	1.3306	2.2642	0.0000	0.6252	0.6714	0.0000	0.0000	0.0000	0.2536	0.3334	0.0000	0.4641	0.5240	0.0000	0.0000	0.0000	0.0000	0.1906	0.1472	0.2369	0.7423	0.7806	0.1662	0.1266	0.0000	0.2379	0.0000	1.5056	-0.0000	0.0014	0.0052	0.7962	3.0149	10.9291	0.0002	0.0002	0.0000	0.0002	0.0002	0.0000	0.0000	0.0000	0.0000	0.0170	0.0068	0.0102	0.0069	0.0068	0.0001	0.0101	0.0000	0.0101	0.0008	0.0006	0.0002	0.0004	0.0004	0.0000	0.0004	0.0002	0.0001	0.0894	0.0462	0.0432	0.0093	0.0087	0.0006	0.0801	0.0375	0.0426	1.3306	2.2642	0.0000	0.6252	0.6714	0.0000	0.0000	0.0000	0.0000	0.1906	0.1472	0.2369	0.7423	0.7806	0.1662	0.1266	0.0000	0.2379	
2	101	0.1073	5	2	1	1	0	0	0	0	0	Y	N	N	N	N	N	N	N	N	N	N	N	0.0000	0.0000	0.0000	0.0000	0.0000	0.0000	0.0000	0.0000	0.0000	0.0000	0.0000	0.0000	0.0000	0.0000	0.0000	0.0544	0.0000	0.1138	0.0201	0.0000	0.1672	0.0589	0.0000	0.1122	inf	0.0000	0.0008	0.0052	0.0000	3.0149	3.0000	0.0000	0.0000	0.0000	0.0000	0.0000	0.0000	0.0000	0.0000	0.0000	0.0016	0.0000	0.0016	0.0001	0.0000	0.0001	0.0015	0.0000	0.0015	0.0000	0.0000	0.0000	0.0000	0.0000	0.0000	0.0000	0.0000	0.0000	0.0298	0.0156	0.0142	0.0035	0.0031	0.0004	0.0263	0.0125	0.0138	0.0000	0.0000	0.0000	0.0000	0.0000	0.0000	0.0000	0.0000	0.0000	0.0544	0.0000	0.1138	0.0201	0.0000	0.1672	0.0589	0.0000	0.1122				
2	102	0.1042	4	2	1	1	0	0	0	0	0	Y	N	N	N	N	N	N	N	N	N	N	N	0.0000	0.0000	0.0000	0.0000	0.0000	0.0000	0.0000	0.0000	0.0000	0.0000	0.0000	0.0000	0.0000	1.7273	3.3138	0.0000	15.2233	17.3766	0.0000	0.0000	0.0000	0.0000	0.0000	0.0000	-0.0093	0.0052	0.0000	3.0149	1.0000	0.0000	0.0000	0.0000	0.0000	0.0000	0.0000	0.0000	0.0000	0.0000	0.0178	0.0178	0.0000	0.0178	0.0178	0.0000	0.0000	0.0000	0.0000	0.0000	0.0000	0.0000	0.0000	0.0000	0.0000	0.0000	0.0000	0.0000	0.0103	0.0054	0.0049	0.0012	0.0010	0.0001	0.0091	0.0043	0.0048	0.0000	0.0000	0.0000	0.0000	0.0000	0.0000	0.0000	0.0000	0.0000	1.7273	3.3138	0.0000	15.2233	17.3766	0.0000	0.0000	0.0000	0.0000						
2	103	0.1004	3	1	1	1	0	0	0	0	0	N	N	N	N	N	N	N	N	N	N	N	N	0.1336	0.0000	76.0925	0.0118	0.0000	290.6213	62.7092	0.0000	64.0862	0.2184	0.0000	0.5426	0.0931	0.0000	1.0009	0.3663	0.0000	0.4771	1.6345	2.9000	0.0071	7.8880	9.4614	0.0034	0.0058	0.0042	0.0074	inf	0.0019	0.0000	-0.0113	0.0052	0.0006	3.0149	1.0534	0.0000	0.0000	0.0000	0.0000	0.0000	0.0000	0.0000	0.0000	0.0000	0.0217	0.0217	0.0000	0.0217	0.0217	0.0000	0.0001	0.0000	0.0000	0.0000	0.0000	0.0000	0.0000	0.0000	0.0000	0.0000	0.0000	0.0000	0.0133	0.0075	0.0058	0.0027	0.0023	0.0005	0.0106	0.0052	0.0054	0.1336	0.0000	76.0925	0.0118	0.0000	290.6213	62.7092	0.0000	64.0862	1.6345	2.9000	0.0071	7.8880	9.4614	0.0034	0.0058	0.0042	0.0074
2	104	0.0495	2	1	0	1	0	0	0	0	0	N	N	N	N	N	N	N	N	N	N	N	N	0.1287	0.0000	37.7451	17.8183	0.0012	53.1399	0.1765	0.0000	36.9417	0.9821	0.0001	6.6786	0.4229	0.0000	7.1873	1.4932	0.0001	6.5584	7.6338	14.6224	0.1769	0.0237	0.0154	0.1353	8.4583	17.7458	0.1775	22798.2225	0.0113	0.0021	-0.5151	0.0052	7.2034	3.0149	9.9858	0.0023	0.0000	0.0023	0.0005	0.0000	0.0005	0.0018	0.0000	0.0018	1.0104	0.9990	0.0113	0.0003	0.0002	0.0001	1.0100	0.9988	0.0112	0.0023	0.0020	0.0003	0.0011	0.0010	0.0001	0.0012	0.0009	0.0003	0.1324	0.0683	0.0640	0.0129	0.0120	0.0009	0.1194	0.0563	0.0631	0.1287	0.0000	37.7451	17.8183	0.0012	53.1399	0.1765	0.0000	36.9417	7.6338	14.6224	0.1769	0.0237	0.0154	0.1353	8.4583	17.7458	0.1775
2	109	0.3192	6	1	0	1	0	0	0	0	0	N	N	N	N	N	N	N	N	N	N	N	N	0.0010	0.0008	0.0000	0.0129	0.0113	0.0000	0.0000	0.0000	0.0000	0.0027	0.0030	0.0000	0.0051	0.0053	0.0000	0.0002	0.0002	0.0000	2.5968	3.6728	0.0077	0.3938	0.4682	0.0000	5.8461	11.5014	0.0113	0.0000	0.0009	-0.0000	-0.3891	0.0052	7.7801	3.0149	32.2209	0.0000	0.0000	0.0000	0.0000	0.0000	0.0000	0.0000	0.0000	0.0000	0.7479	0.7473	0.0006	0.0676	0.0676	0.0000	0.6803	0.6797	0.0006	0.0019	0.0017	0.0002	0.0010	0.0009	0.0000	0.0009	0.0007	0.0002	0.2880	0.2035	0.0846	0.1716	0.1444	0.0273	0.1164	0.0591	0.0573	0.0010	0.0008	0.0000	0.0129	0.0113	0.0000	0.0000	0.0000	0.0000	2.5968	3.6728	0.0077	0.3938	0.4682	0.0000	5.8461	11.5014	0.0113
3	4	0.0577	2	0	1	1	1	0	0	0	0	N	N	N	N	N	N	N	N	N	N	N	N	0.0000	0.0000	0.0000	0.0000	0.0000	0.0000	0.0000	0.0000	0.0000	0.0000	0.0000	0.0000	0.0000	0.0000	0.0000	0.0000	0.0000	0.3608	0.0261	1.0504	0.1073	0.0558	0.4737	0.5028	0.0000	1.1407	19.5585	0.0000	0.0671	0.9999	12.3049	6.2197	21.0710	0.0000	0.0000	0.0000	0.0000	0.0000	0.0000	0.0000	0.0000	0.0000	0.1558	0.0076	0.1483	0.0166	0.0076	0.0091	0.1392	0.0000	0.1392	0.1048	0.0917	0.0131	0.0000	0.0000	0.0000	0.1048	0.0916	0.0131	0.4319	0.2908	0.1411	0.1551	0.1360	0.0191	0.2768	0.1548	0.1220	0.0000	0.0000	0.0000	0.0000	0.0000	0.0000	0.0000	0.0000	0.0000	0.3608	0.0261	1.0504	0.1073	0.0558	0.4737	0.5028	0.0000	1.1407		
3	5	0.0804	3	1	2	0	0	0	0	0	0	N	Y	N	N	N	N	N	N	N	N	N	N	0.0000	0.0000	0.0000	0.0000	0.0000	0.0000	0.0000	0.0000	0.0000	0.0000	0.0000	0.0000	0.0000	0.0000	0.0000	0.0000	0.0000	0.0000	0.1344	0.0034	0.4279	0.0057	0.0064	0.0002	0.2242	0.0000	0.4967	56.2893	0.0000	0.0103	0.9999	0.0308	6.2197	9.4656	0.0000	0.0000	0.0000	0.0000	0.0000	0.0000	0.0000	0.0000	0.0000	0.0223	0.0004	0.0219	0.0004	0.0004	0.0000	0.0219	0.0000	0.0219	0.0010	0.0008	0.0001	0.0003	0.0003	0.0000	0.0006	0.0005	0.0001	0.1659	0.1147	0.0512	0.0682	0.0611	0.0071	0.0978	0.0536	0.0441	0.0000	0.0000	0.0000	0.0000	0.0000	0.0000	0.0000	0.0000	0.0000	0.1344	0.0034	0.4279	0.0057	0.0064	0.0002	0.2242	0.0000	0.4967	
3	6	0.1108	4	1	2	0	1	0	0	0	0	N	Y	N	N	N	N	N	N	N	N	N	N	0.0000	0.0000	0.0000	0.0000	0.0000	0.0000	0.0000	0.0000	0.0000	0.0000	0.0000	0.0000	0.0000	0.0000	0.0000	0.0000	0.0000	0.0001	0.0001	0.0001	0.0003	0.0003	0.0003	0.0000	0.0000	0.0000	0.2066	0.0000	-0.0000	0.9999	0.0006	6.2197	5.9946	0.0000	0.0000	0.0000	0.0000	0.0000	0.0000	0.0000	0.0000	0.0000	0.0000	0.0000	0.0000	0.0000	0.0000	0.0000	0.0000	0.0000	0.0000	0.0000	0.0000	0.0000	0.0000	0.0000	0.0000	0.0000	0.0000	0.0000	0.0975	0.0688	0.0287	0.0372	0.0336	0.0037	0.0603	0.0352	0.0251	0.0000	0.0000	0.0000	0.0000	0.0000	0.0000	0.0000	0.0000	0.0000	0.0001	0.0001	0.0001	0.0003	0.0003	0.0003	0.0000	0.0000	0.0000		
3	7	0.0972	3	1	1	1	0	0	0	0	0	N	N	N	N	N	N	N	N	N	N	N	N	0.0000	0.0000	0.0000	0.0000	0.0000	0.0000	0.0000	0.0000	0.0000	0.0000	0.0000	0.0000	0.0000	0.0000	0.0000	0.0000	0.0000	0.0000	0.0258	0.0004	0.0849	0.0022	0.0008	0.0138	0.0432	0.0000	0.0983	85.3155	0.0000	0.0013	0.9999	0.0052	6.2197	6.0470	0.0000	0.0000	0.0000	0.0000	0.0000	0.0000	0.0000	0.0000	0.0000	0.0028	0.0000	0.0027	0.0001	0.0000	0.0001	0.0027	0.0000	0.0027	0.0001	0.0000	0.0000	0.0000	0.0000	0.0000	0.0001	0.0000	0.0000	0.1071	0.0749	0.0322	0.0455	0.0404	0.0051	0.0617	0.0346	0.0271	0.0000	0.0000	0.0000	0.0000	0.0000	0.0000	0.0000	0.0000	0.0000	0.0258	0.0004	0.0849	0.0022	0.0008	0.0138	0.0432	0.0000	0.0983	
3	8	0.0577	2	1	1	1	0	0	0	0	0	N	N	N	N	N	N	N	N	N	N	N	N	0.0000	0.0000	0.0000	0.0000	0.0000	0.0000	0.0000	0.0000	0.0000	0.0000	0.0000	0.0000	0.0000	0.0000	0.0000	0.0000	0.0000	0.0000	0.0143	0.0202	0.0014	0.0362	0.0403	0.0033	0.0005	0.0000	0.0011	0.0319	0.0000	-0.0013	0.9999	4.2004	6.2197	7.1498	0.0000	0.0000	0.0000	0.0000	0.0000	0.0000	0.0000	0.0000	0.0000	0.0027	0.0026	0.0001	0.0026	0.0026	0.0000	0.0001	0.0000	0.0001	0.0388	0.0338	0.0050	0.0000	0.0000	0.0000	0.0388	0.0338	0.0050	0.1882	0.1290	0.0592	0.0726	0.0647	0.0079	0.1156	0.0643	0.0512	0.0000	0.0000	0.0000	0.0000	0.0000	0.0000	0.0000	0.0000	0.0000	0.0143	0.0202	0.0014	0.0362	0.0403	0.0033	0.0005	0.0000	0.0011	
3	9	0.1140	6	0	1	1	0	0	0	0	0	N	N	N	N	N	N	N	N	N	N	N	N	0.0000	0.0000	0.0000	0.0000	0.0000	0.0000	0.0000	0.0000	0.0000	0.0000	0.0000	0.0000	0.0000	0.0000	0.0000	0.0001	0.0000	0.0002	0.0002	0.0000	0.0066	0.0001	0.0000	0.0002	inf	0.0000	0.0000	0.9999	0.0000	6.2197	0.9989	0.0000	0.0000	0.0000	0.0000	0.0000	0.0000	0.0000	0.0000	0.0000	0.0000	0.0000	0.0000	0.0000	0.0000	0.0000	0.0000	0.0000	0.0000	0.0000	0.0000	0.0000	0.0000	0.0000	0.0000	0.0000	0.0000	0.0000	0.0170	0.0104	0.0066	0.0024	0.0023	0.0001	0.0147	0.0081	0.0066	0.0000	0.0000	0.0000	0.0000	0.0000	0.0000	0.0000	0.0000	0.0000	0.0001	0.0000	0.0002	0.0002	0.0000	0.0066	0.0001	0.0000	0.0002				
3	10	0.0319	2	0	1	1	0	0	0	0	0	N	N	N	N	N	N	N	N	N	N	N	N	0.0018	0.0000	0.0517	0.0002	0.0000	1.3387	0.0163	0.0000	0.0545	0.0002	0.0000	0.0024	0.0001	0.0000	0.8749	0.0003	0.0000	0.0020	0.1265	0.1791	0.0464	0.5458	0.5421	0.6535	0.0176	0.0000	0.0358	inf	0.1699	0.0000	-0.0073	0.9999	0.0010	6.2197	6.5746	0.0000	0.0000	0.0000	0.0000	0.0000	0.0000	0.0000	0.0000	0.0000	0.0193	0.0165	0.0028	0.0172	0.0165	0.0007	0.0021	0.0000	0.0021	0.0000	0.0000	0.0000	0.0000	0.0000	0.0000	0.0000	0.0000	0.0000	0.1528	0.0923	0.0606	0.0315	0.0305	0.0010	0.1213	0.0618	0.0595	0.0018	0.0000	0.0517	0.0002	0.0000	1.3387	0.0163	0.0000	0.0545	0.1265	0.1791	0.0464	0.5458	0.5421	0.6535	0.0176	0.0000	0.0358
3	11	0.0577	2	1	2	0	0	0	0	0	0	N	Y	N	N	N	N	N	N	N	N	N	N	0.0000	0.0000	0.0000	0.0000	0.0000	0.0000	0.0000	0.0000	0.0000	0.0000	0.0000	0.0000	0.0000	0.0104	0.0152	0.0000	0.0271	0.0304	0.0000	0.0000	0.0000	0.0000	0.0000	0.0000	-0.0010	0.9999	0.7962	6.2197	11.9291	0.0000	0.0000	0.0000	0.0000	0.0000	0.0000	0.0000	0.0000	0.0000	0.0020	0.0020	0.0000	0.0020	0.0020	0.0000	0.0000	0.0000	0.0000	0.0069	0.0060	0.0009	0.0000	0.0000	0.0000	0.0069	0.0060	0.0009	0.1892	0.1297	0.0595	0.0730	0.0650	0.0080	0.1162	0.0647	0.0515	0.0000	0.0000	0.0000	0.0000	0.0000	0.0000	0.0000	0.0000	0.0000	0.0104	0.0152	0.0000	0.0271	0.0304	0.0000	0.0000	0.0000	0.0000						
3	12	0.0786	4	0	2	0	0	0	0	0	0	N	Y	N	N	N	N	N	N	N	N	N	N	0.0000	0.0000	0.0000	0.0000	0.0000	0.0000	0.0000	0.0000	0.0000	0.0000	0.0000	0.0000	0.0000	0.0000	0.0000	0.0000	0.0000	0.0008	0.0003	0.0026	0.0000	0.0000	0.0000	0.0015	0.0007	0.0030	2.3299	0.0000	0.0000	0.9999	0.0000	6.2197	1.2577	0.0000	0.0000	0.0000	0.0000	0.0000	0.0000	0.0000	0.0000	0.0000	0.0000	0.0000	0.0000	0.0000	0.0000	0.0000	0.0000	0.0000	0.0000	0.0000	0.0000	0.0000	0.0000	0.0000	0.0000	0.0000	0.0000	0.0000	0.0430	0.0338	0.0093	0.0197	0.0187	0.0011	0.0233	0.0151	0.0082	0.0000	0.0000	0.0000	0.0000	0.0000	0.0000	0.0000	0.0000	0.0000	0.0008	0.0003	0.0026	0.0000	0.0000	0.0000	0.0015	0.0007	0.0030		
3	13	0.1164	5	0	1	0	1	0	0	0	0	N	N	N	N	N	N	N	N	N	N	N	N	0.0000	0.0000	0.0000	0.0000	0.0000	0.0000	0.0000	0.0000	0.0000	0.0000	0.0000	0.0000	0.0000	0.0000	0.0000	0.0000	0.0000	0.0000	0.0000	0.0000	0.9999	0.0000	6.2197	1.9950	0.0000	0.0000	0.0000	0.0000	0.0000	0.0000	0.0000	0.0000	0.0000	0.0000	0.0000	0.0000	0.0000	0.0000	0.0000	0.0000	0.0000	0.0000	0.0000	0.0000	0.0000	0.0000	0.0000	0.0000	0.0000	0.0000	0.0000	0.0337	0.0236	0.0101	0.0130	0.0117	0.0013	0.0207	0.0118	0.0088	0.0000	0.0000	0.0000	0.0000	0.0000	0.0000	0.0000	0.0000	0.0000	0.0000	0.0000	0.0000	0.0000	0.0000	0.0000	0.0000	0.0000	0.0000											
3	14	0.4827	9	0	2	0	1	0	0	0	0	N	Y	N	N	N	N	N	N	N	N	N	N	0.0000	0.0000	0.0000	0.0000	0.0000	0.0000	0.0000	0.0000	0.0000	0.0000	0.0000	0.0000	0.0000	0.0000	0.0000	0.0000	0.0000	0.0000	0.0627	0.0384	0.1051	0.0719	0.0711	0.0761	0.0564	0.0001	0.1112	inf	1.5677	0.0000	0.0017	0.9999	3.8100	6.2197	14.0319	0.0000	0.0000	0.0000	0.0000	0.0000	0.0000	0.0000	0.0000	0.0000	0.0187	0.0073	0.0114	0.0087	0.0073	0.0014	0.0100	0.0000	0.0100	0.0344	0.0303	0.0041	0.0042	0.0039	0.0002	0.0302	0.0263	0.0039	0.2990	0.1902	0.1088	0.1214	0.1025	0.0189	0.1776	0.0877	0.0899	0.0000	0.0000	0.0000	0.0000	0.0000	0.0000	0.0000	0.0000	0.0000	0.0627	0.0384	0.1051	0.0719	0.0711	0.0761	0.0564	0.0001	0.1112
3	15	0.0927	3	0	2	0	0	0	0	0	0	N	Y	N	N	N	N	N	N	N	N	N	N	0.0000	0.0000	0.0000	0.0000	0.0000	0.0000	0.0000	0.0000	0.0000	0.0000	0.0000	0.0000	0.0000	0.0000	0.0000	0.0000	0.0000	0.0000	0.0012	0.0017	0.0000	0.0024	0.0027	0.0000	0.0000	0.0000	0.0000	0.0014	0.0000	-0.0001	0.9999	2.5826	6.2197	3.6028	0.0000	0.0000	0.0000	0.0000	0.0000	0.0000	0.0000	0.0000	0.0000	0.0001	0.0001	0.0000	0.0001	0.0001	0.0000	0.0000	0.0000	0.0000	0.0246	0.0214	0.0032	0.0000	0.0000	0.0000	0.0246	0.0214	0.0032	0.1193	0.0847	0.0346	0.0606	0.0522	0.0084	0.0587	0.0325	0.0262	0.0000	0.0000	0.0000	0.0000	0.0000	0.0000	0.0000	0.0000	0.0000	0.0012	0.0017	0.0000	0.0024	0.0027	0.0000	0.0000	0.0000	0.0000	
3	16	0.1298	7	0	2	0	1	0	0	0	0	N	Y	N	N	N	N	N	N	N	N	N	N	0.0000	0.0000	0.0000	0.0000	0.0000	0.0000	0.0000	0.0000	0.0000	0.0000	0.0000	0.0000	0.0000	0.0000	0.0000	0.0000	0.0000	0.0000	0.0000	0.0000	0.9999	0.0000	6.2197	0.0000	0.0000	0.0000	0.0000	0.0000	0.0000	0.0000	0.0000	0.0000	0.0000	0.0000	0.0000	0.0000	0.0000	0.0000	0.0000	0.0000	0.0000	0.0000	0.0000	0.0000	0.0000	0.0000	0.0000	0.0000	0.0000	0.0000	0.0000	0.0000	0.0000	0.0000	0.0000	0.0000	0.0000	0.0000	0.0000	0.0000	0.0000	0.0000	0.0000	0.0000	0.0000	0.0000	0.0000	0.0000	0.0000	0.0000	0.0000	0.0000	0.0000	0.0000	0.0000	0.0000	0.0000	0.0000											
3	17	0.0577	2	0	2	0	0	0	0	0	0	N	Y	N	N	N	N	N	N	N	N	N	N	0.0000	0.0000	0.0000	0.0000	0.0000	0.0000	0.0000	0.0000	0.0000	0.0000	0.0000	0.0000	0.0000	0.0000	0.0000	0.0000	0.0000	0.0000	5.6384	7.7974	0.9273	0.1383	0.0408	1.0042	9.0955	15.6021	0.9258	0.0545	0.0000	-0.4947	0.9999	2.2039	6.2197	8.9910	0.0000	0.0000	0.0000	0.0000	0.0000	0.0000	0.0000	0.0000	0.0000	1.0539	0.9995	0.0545	0.0100	0.0026	0.0074	1.0440	0.9969	0.0471	0.0209	0.0182	0.0027	0.0000	0.0000	0.0000	0.0209	0.0182	0.0027	0.1869	0.1282	0.0587	0.0721	0.0643	0.0079	0.1148	0.0639	0.0509	0.0000	0.0000	0.0000	0.0000	0.0000	0.0000	0.0000	0.0000	0.0000	5.6384	7.7974	0.9273	0.1383	0.0408	0.9365	9.0955	15.6021	0.9258	
3	18	0.1363	3	0	1	0	1	0	0	0	0	N	N	N	N	N	N	N	N	N	N	N	N	0.0000	0.0000	0.0000	0.0000	0.0000	0.0000	0.0000	0.0000	0.0000	0.0000	0.0000	0.0000	0.0000	0.0000	0.0000	0.0000	0.0000	0.0000	0.0053	0.0001	0.0143	0.0023	0.0002	0.0114	0.0072	0.0000	0.0150	56.4613	0.0000	0.0001	0.9999	0.9969	6.2197	1.0186	0.0000	0.0000	0.0000	0.0000	0.0000	0.0000	0.0000	0.0000	0.0000	0.0002	0.0000	0.0002	0.0000	0.0000	0.0000	0.0002	0.0000	0.0002	0.0088	0.0077	0.0011	0.0006	0.0005	0.0000	0.0082	0.0072	0.0011	0.0365	0.0233	0.0132	0.0146	0.0119	0.0027	0.0219	0.0114	0.0105	0.0000	0.0000	0.0000	0.0000	0.0000	0.0000	0.0000	0.0000	0.0000	0.0053	0.0001	0.0143	0.0023	0.0002	0.0114	0.0072	0.0000	0.0150	
3	19	0.0779	3	1	1	1	0	0	0	0	0	N	N	N	N	N	N	N	N	N	N	N	N	0.0000	0.0000	0.0000	0.0000	0.0000	0.0000	0.0000	0.0000	0.0000	0.0000	0.0000	0.0000	0.0000	0.0000	0.0000	0.0000	0.0000	0.0000	0.0000	0.0000	0.0000	0.0000	0.0000	0.0000	0.0000	0.0000	0.1596	0.0000	-0.0000	0.9999	0.3962	6.2197	2.0067	0.0000	0.0000	0.0000	0.0000	0.0000	0.0000	0.0000	0.0000	0.0000	0.0000	0.0000	0.0000	0.0000	0.0000	0.0000	0.0000	0.0000	0.0000	0.0039	0.0034	0.0005	0.0000	0.0000	0.0000	0.0039	0.0034	0.0005	0.0418	0.0292	0.0127	0.0170	0.0152	0.0019	0.0248	0.0140	0.0108	0.0000	0.0000	0.0000	0.0000	0.0000	0.0000	0.0000	0.0000	0.0000	0.0000	0.0000	0.0000	0.0000	0.0000	0.0000	0.0000	0.0000	0.0000		
3	20	0.1073	5	0	2	0	0	0	0	0	0	N	Y	N	N	N	N	N	N	N	N	N	N	0.0000	0.0000	0.0000	0.0000	0.0000	0.0000	0.0000	0.0000	0.0000	0.0000	0.0000	0.0000	0.0000	0.0000	0.0000	0.0000	0.0000	0.0000	0.0053	0.0055	0.0051	0.0231	0.0229	0.0331	0.0022	0.0000	0.0049	0.5830	0.0000	-0.0000	0.9999	0.0000	6.2197	3.0021	0.0000	0.0000	0.0000	0.0000	0.0000	0.0000	0.0000	0.0000	0.0000	0.0002	0.0001	0.0001	0.0001	0.0001	0.0000	0.0001	0.0000	0.0001	0.0000	0.0000	0.0000	0.0000	0.0000	0.0000	0.0000	0.0000	0.0000	0.0326	0.0201	0.0125	0.0049	0.0048	0.0001	0.0277	0.0153	0.0124	0.0000	0.0000	0.0000	0.0000	0.0000	0.0000	0.0000	0.0000	0.0000	0.0053	0.0055	0.0051	0.0231	0.0229	0.0331	0.0022	0.0000	0.0049	
3	21	0.0577	2	0	2	0	0	0	0	0	0	N	Y	N	N	N	N	N	N	N	N	N	N	0.0000	0.0000	0.0000	0.0000	0.0000	0.0000	0.0000	0.0000	0.0000	0.0000	0.0000	0.0000	0.0000	0.0000	0.0000	0.1531	0.0000	0.4773	0.0196	0.0000	0.1674	0.2324	0.0000	0.5261	inf	0.0000	0.0228	0.9999	9.2038	6.2197	12.0710	0.0000	0.0000	0.0000	0.0000	0.0000	0.0000	0.0000	0.0000	0.0000	0.0477	0.0000	0.0477	0.0023	0.0000	0.0023	0.0454	0.0000	0.0454	0.0808	0.0706	0.0102	0.0000	0.0000	0.0000	0.0808	0.0706	0.0102	0.3116	0.2117	0.0999	0.1162	0.1026	0.0136	0.1954	0.1091	0.0863	0.0000	0.0000	0.0000	0.0000	0.0000	0.0000	0.0000	0.0000	0.0000	0.1531	0.0000	0.4773	0.0196	0.0000	0.1674	0.2324	0.0000	0.5261				
3	22	0.0577	2	1	2	0	0	0	0	0	0	N	Y	N	N	N	N	N	N	N	N	N	N	0.0000	0.0000	0.0000	0.0000	0.0000	0.0000	0.0000	0.0000	0.0000	0.0000	0.0000	0.0000	0.0000	0.0000	0.0000	0.0000	0.0000	0.0000	0.1602	0.2352	0.0006	0.2718	0.3071	0.0020	0.0932	0.1667	0.0004	0.0013	0.0000	-0.0240	0.9999	12.2045	6.2197	6.9907	0.0000	0.0000	0.0000	0.0000	0.0000	0.0000	0.0000	0.0000	0.0000	0.0461	0.0461	0.0001	0.0294	0.0293	0.0000	0.0168	0.0167	0.0000	0.1040	0.0910	0.0130	0.0000	0.0000	0.0000	0.1040	0.0910	0.0130	0.2878	0.1958	0.0920	0.1080	0.0955	0.0125	0.1798	0.1003	0.0795	0.0000	0.0000	0.0000	0.0000	0.0000	0.0000	0.0000	0.0000	0.0000	0.1602	0.2352	0.0006	0.2718	0.3071	0.0020	0.0932	0.1667	0.0004	
3	23	0.1019	4	0	2	0	0	0	0	0	0	N	Y	N	N	N	N	N	N	N	N	N	N	0.0000	0.0000	0.0000	0.0000	0.0000	0.0000	0.0000	0.0000	0.0000	0.0000	0.0000	0.0000	0.0000	0.0000	0.0000	0.0000	0.0000	0.0000	0.0059	0.0021	0.0150	0.0038	0.0038	0.0038	0.0076	0.0000	0.0183	3.0601	0.0000	0.0002	0.9999	0.0000	6.2197	4.0676	0.0000	0.0000	0.0000	0.0000	0.0000	0.0000	0.0000	0.0000	0.0000	0.0007	0.0002	0.0005	0.0002	0.0002	0.0000	0.0005	0.0000	0.0005	0.0033	0.0033	0.0001	0.0017	0.0017	0.0000	0.0017	0.0016	0.0001	0.1221	0.0859	0.0363	0.0549	0.0466	0.0083	0.0673	0.0393	0.0280	0.0000	0.0000	0.0000	0.0000	0.0000	0.0000	0.0000	0.0000	0.0000	0.0059	0.0021	0.0150	0.0038	0.0038	0.0038	0.0076	0.0000	0.0183	
3	24	0.0577	2	1	2	0	0	0	0	0	0	N	Y	N	N	N	N	N	N	N	N	N	N	0.0000	0.0000	0.0000	0.0000	0.0000	0.0000	0.0000	0.0000	0.0000	0.0000	0.0000	0.0000	0.0000	0.0000	0.0000	0.0000	0.0000	0.3879	0.0013	1.1914	0.0689	0.0028	0.5470	0.5702	0.0000	1.2927	437.1819	0.0000	0.0731	0.9999	8.3046	6.2197	21.0710	0.0000	0.0000	0.0000	0.0000	0.0000	0.0000	0.0000	0.0000	0.0000	0.1534	0.0004	0.1530	0.0099	0.0004	0.0095	0.1435	0.0000	0.1435	0.0736	0.0642	0.0094	0.0000	0.0000	0.0000	0.0736	0.0642	0.0094	0.3953	0.2669	0.1284	0.1437	0.1262	0.0175	0.2516	0.1406	0.1110	0.0000	0.0000	0.0000	0.0000	0.0000	0.0000	0.0000	0.0000	0.0000	0.3879	0.0013	1.1914	0.0689	0.0028	0.5470	0.5702	0.0000	1.2927		
3	25	0.0758	3	0	2	0	0	0	0	0	0	N	Y	N	N	N	N	N	N	N	N	N	N	0.0000	0.0000	0.0000	0.0000	0.0000	0.0000	0.0000	0.0000	0.0000	0.0000	0.0000	0.0000	0.0000	0.0000	0.0000	0.0000	0.0000	0.0000	0.0066	0.0092	0.0001	0.0032	0.0036	0.0002	0.0090	0.0157	0.0000	0.0031	0.0000	-0.0005	0.9999	1.0335	6.2197	7.4537	0.0000	0.0000	0.0000	0.0000	0.0000	0.0000	0.0000	0.0000	0.0000	0.0010	0.0010	0.0000	0.0002	0.0002	0.0000	0.0008	0.0008	0.0000	0.0100	0.0087	0.0013	0.0000	0.0000	0.0000	0.0100	0.0087	0.0013	0.1533	0.1086	0.0448	0.0645	0.0578	0.0067	0.0889	0.0508	0.0380	0.0000	0.0000	0.0000	0.0000	0.0000	0.0000	0.0000	0.0000	0.0000	0.0066	0.0092	0.0001	0.0032	0.0036	0.0002	0.0090	0.0157	0.0000	
3	26	0.0577	2	0	2	0	0	0	0	0	0	N	Y	N	N	N	N	N	N	N	N	N	N	0.0000	0.0000	0.0000	0.0000	0.0000	0.0000	0.0000	0.0000	0.0000	0.0000	0.0000	0.0000	0.0000	0.0000	0.0000	0.0000	0.0000	0.0011	0.0012	0.0009	0.0025	0.0024	0.0030	0.0003	0.0000	0.0006	0.3548	0.0000	-0.0001	0.9999	7.2039	6.2197	4.9911	0.0000	0.0000	0.0000	0.0000	0.0000	0.0000	0.0000	0.0000	0.0000	0.0002	0.0002	0.0001	0.0002	0.0002	0.0000	0.0000	0.0000	0.0000	0.0646	0.0563	0.0082	0.0000	0.0000	0.0000	0.0646	0.0563	0.0082	0.1997	0.1368	0.0629	0.0768	0.0684	0.0084	0.1229	0.0684	0.0545	0.0000	0.0000	0.0000	0.0000	0.0000	0.0000	0.0000	0.0000	0.0000	0.0011	0.0012	0.0009	0.0025	0.0024	0.0030	0.0003	0.0000	0.0006		
3	27	0.1483	3	0	2	1	1	0	0	0	0	N	Y	N	N	N	N	N	N	N	N	N	N	0.0000	0.0000	0.0000	0.0000	0.0000	0.0000	0.0000	0.0000	0.0000	0.0000	0.0000	0.0000	0.0000	0.0000	0.0000	0.0000	0.0000	0.0000	0.0018	0.0014	0.0025	0.0052	0.0042	0.0150	0.0008	0.0000	0.0017	1.0749	0.0000	-0.0000	0.9999	1.9923	6.2197	5.5017	0.0000	0.0000	0.0000	0.0000	0.0000	0.0000	0.0000	0.0000	0.0000	0.0002	0.0001	0.0001	0.0002	0.0001	0.0000	0.0001	0.0000	0.0001	0.0191	0.0166	0.0025	0.0000	0.0000	0.0000	0.0191	0.0166	0.0025	0.1379	0.0857	0.0522	0.0317	0.0288	0.0029	0.1062	0.0569	0.0493	0.0000	0.0000	0.0000	0.0000	0.0000	0.0000	0.0000	0.0000	0.0000	0.0018	0.0014	0.0025	0.0052	0.0042	0.0150	0.0008	0.0000	0.0017	
3	28	0.0577	2	0	2	0	0	0	0	0	0	N	Y	N	N	N	N	N	N	N	N	N	N	0.0000	0.0000	0.0000	0.0000	0.0000	0.0000	0.0000	0.0000	0.0000	0.0000	0.0000	0.0000	0.0000	0.0000	0.0000	0.0000	0.0000	0.1703	0.0125	0.5093	0.0404	0.0254	0.1585	0.2496	0.0000	0.5642	18.9574	0.0000	0.0181	0.9999	1.7961	6.2197	15.9291	0.0000	0.0000	0.0000	0.0000	0.0000	0.0000	0.0000	0.0000	0.0000	0.0422	0.0021	0.0401	0.0038	0.0021	0.0017	0.0384	0.0000	0.0384	0.0153	0.0133	0.0020	0.0000	0.0000	0.0000	0.0153	0.0133	0.0020	0.2481	0.1693	0.0788	0.0941	0.0835	0.0107	0.1539	0.0858	0.0681	0.0000	0.0000	0.0000	0.0000	0.0000	0.0000	0.0000	0.0000	0.0000	0.1703	0.0125	0.5093	0.0404	0.0254	0.1585	0.2496	0.0000	0.5642		
3	29	0.1156	5	1	2	0	0	0	0	0	0	N	Y	N	N	N	N	N	N	N	N	N	N	0.0000	0.0000	0.0000	0.0000	0.0000	0.0000	0.0000	0.0000	0.0000	0.0000	0.0000	0.0000	0.0000	0.0000	0.0000	0.0000	0.0000	0.0000	0.0000	0.0000	0.9999	0.0000	6.2197	0.0000	0.0000	0.0000	0.0000	0.0000	0.0000	0.0000	0.0000	0.0000	0.0000	0.0000	0.0000	0.0000	0.0000	0.0000	0.0000	0.0000	0.0000	0.0000	0.0000	0.0000	0.0000	0.0000	0.0000	0.0000	0.0000	0.0000	0.0000	0.0000	0.0000	0.0000	0.0000	0.0000	0.0000	0.0000	0.0000	0.0000	0.0000	0.0000	0.0000	0.0000	0.0000	0.0000	0.0000	0.0000	0.0000	0.0000	0.0000	0.0000	0.0000	0.0000	0.0000	0.0000	0.0000	0.0000											
3	30	0.0577	2	0	2	0	1	0	0	0	0	N	Y	N	N	N	N	N	N	N	N	N	N	0.0000	0.0000	0.0000	0.0000	0.0000	0.0000	0.0000	0.0000	0.0000	0.0000	0.0000	0.0000	0.0000	0.0000	0.0000	0.0000	0.0000	0.0000	0.3536	0.0257	1.0520	0.0234	0.0079	0.1420	0.5521	0.0427	1.1951	19.2301	0.0000	0.0436	0.9999	0.0000	6.2197	19.0400	0.0000	0.0000	0.0000	0.0000	0.0000	0.0000	0.0000	0.0000	0.0000	0.1016	0.0050	0.0965	0.0025	0.0008	0.0018	0.0990	0.0043	0.0948	0.0000	0.0000	0.0000	0.0000	0.0000	0.0000	0.0000	0.0000	0.0000	0.2872	0.1954	0.0918	0.1078	0.0953	0.0125	0.1794	0.1001	0.0793	0.0000	0.0000	0.0000	0.0000	0.0000	0.0000	0.0000	0.0000	0.0000	0.3536	0.0257	1.0520	0.0234	0.0079	0.1420	0.5521	0.0427	1.1951	
3	31	0.0577	2	1	2	0	0	0	0	0	0	N	Y	N	N	N	N	N	N	N	N	N	N	0.0000	0.0000	0.0000	0.0000	0.0000	0.0000	0.0000	0.0000	0.0000	0.0000	0.0000	0.0000	0.0000	0.0000	0.0000	0.0000	0.0000	0.2915	0.0091	0.8906	0.0365	0.0188	0.1700	0.4437	0.0000	1.0041	45.8645	0.0000	0.0403	0.9999	6.7961	6.2197	16.0091	0.0000	0.0000	0.0000	0.0000	0.0000	0.0000	0.0000	0.0000	0.0000	0.0882	0.0019	0.0863	0.0041	0.0019	0.0022	0.0841	0.0000	0.0841	0.0553	0.0482	0.0071	0.0000	0.0000	0.0000	0.0553	0.0482	0.0071	0.3025	0.2056	0.0969	0.1131	0.0999	0.0132	0.1895	0.1057	0.0837	0.0000	0.0000	0.0000	0.0000	0.0000	0.0000	0.0000	0.0000	0.0000	0.2915	0.0091	0.8906	0.0365	0.0188	0.1700	0.4437	0.0000	1.0041		
3	32	0.4827	9	0	1	1	0	0	0	0	0	N	N	N	N	N	N	N	N	N	N	N	N	0.0000	0.0000	0.0000	0.0000	0.0000	0.0000	0.0000	0.0000	0.0000	0.0000	0.0000	0.0000	0.0000	0.0000	0.0000	0.0000	0.0000	0.0000	0.1181	0.1322	0.0932	0.2115	0.2268	0.1141	0.0475	0.0001	0.0892	inf	0.3992	0.0000	-0.0060	0.9999	2.4598	6.2197	7.4321	0.0000	0.0000	0.0000	0.0000	0.0000	0.0000	0.0000	0.0000	0.0000	0.0256	0.0183	0.0073	0.0198	0.0183	0.0015	0.0059	0.0000	0.0059	0.0232	0.0204	0.0028	0.0032	0.0031	0.0002	0.0200	0.0174	0.0026	0.2170	0.1385	0.0784	0.0934	0.0807	0.0127	0.1235	0.0578	0.0657	0.0000	0.0000	0.0000	0.0000	0.0000	0.0000	0.0000	0.0000	0.0000	0.1181	0.1322	0.0932	0.2115	0.2268	0.1141	0.0475	0.0001	0.0892
3	33	0.4444	8	0	1	0	0	0	0	0	0	N	N	N	N	N	N	N	N	N	N	N	N	0.0000	0.0000	0.0000	0.0000	0.0000	0.0000	0.0000	0.0000	0.0000	0.0000	0.0000	0.0000	0.0000	0.0000	0.0000	0.0000	0.0000	0.0000	0.2751	0.0424	0.7345	0.1081	0.0654	0.3898	0.4142	0.0088	0.8091	0.2500	8.7678	0.0000	0.0248	0.9999	2.7943	6.2197	8.2643	0.0000	0.0000	0.0000	0.0000	0.0000	0.0000	0.0000	0.0000	0.0000	0.0657	0.0067	0.0590	0.0117	0.0062	0.0056	0.0540	0.0006	0.0534	0.0241	0.0211	0.0030	0.0021	0.0019	0.0001	0.0220	0.0192	0.0029	0.2390	0.1586	0.0803	0.1086	0.0943	0.0143	0.1303	0.0643	0.0660	0.0000	0.0000	0.0000	0.0000	0.0000	0.0000	0.0000	0.0000	0.0000	0.2751	0.0424	0.7345	0.1081	0.0654	0.3898	0.4142	0.0088	0.8091
3	34	0.1133	3	0	2	0	0	0	0	0	0	N	Y	N	N	N	N	N	N	N	N	N	N	0.0000	0.0000	0.0000	0.0000	0.0000	0.0000	0.0000	0.0000	0.0000	0.0000	0.0000	0.0000	0.0000	0.0000	0.0000	0.0000	0.0000	0.0000	0.0358	0.0388	0.0281	0.0476	0.0548	0.0121	0.0239	0.0168	0.0351	0.2793	0.0000	-0.0010	0.9999	0.0009	6.2197	2.4415	0.0000	0.0000	0.0000	0.0000	0.0000	0.0000	0.0000	0.0000	0.0000	0.0034	0.0027	0.0007	0.0023	0.0022	0.0001	0.0011	0.0005	0.0006	0.0000	0.0000	0.0000	0.0000	0.0000	0.0000	0.0000	0.0000	0.0000	0.0948	0.0684	0.0264	0.0477	0.0396	0.0081	0.0471	0.0288	0.0183	0.0000	0.0000	0.0000	0.0000	0.0000	0.0000	0.0000	0.0000	0.0000	0.0358	0.0388	0.0281	0.0476	0.0548	0.0121	0.0239	0.0168	0.0351	
3	35	0.0577	2	1	1	1	0	0	0	0	0	N	N	N	N	N	N	N	N	N	N	N	N	0.0000	0.0000	0.0000	0.0000	0.0000	0.0000	0.0000	0.0000	0.0000	0.0000	0.0000	0.0000	0.0000	0.0000	0.0000	0.0000	0.0000	0.4061	0.3383	0.5581	0.5917	0.6560	0.0137	0.2844	0.0000	0.6385	0.7362	0.0000	-0.0043	0.9999	0.0000	6.2197	5.9600	0.0000	0.0000	0.0000	0.0000	0.0000	0.0000	0.0000	0.0000	0.0000	0.0448	0.0258	0.0190	0.0259	0.0258	0.0001	0.0189	0.0000	0.0189	0.0000	0.0000	0.0000	0.0000	0.0000	0.0000	0.0000	0.0000	0.0000	0.1103	0.0762	0.0340	0.0437	0.0393	0.0044	0.0666	0.0369	0.0296	0.0000	0.0000	0.0000	0.0000	0.0000	0.0000	0.0000	0.0000	0.0000	0.4061	0.3383	0.5581	0.5917	0.6560	0.0137	0.2844	0.0000	0.6385		
3	36	0.1483	3	0	2	0	0	0	0	0	0	N	Y	N	N	N	N	N	N	N	N	N	N	0.0000	0.0000	0.0000	0.0000	0.0000	0.0000	0.0000	0.0000	0.0000	0.0000	0.0000	0.0000	0.0000	0.0000	0.0000	0.0000	0.0000	0.0000	0.0452	0.0712	0.0020	0.1890	0.2066	0.0077	0.0009	0.0003	0.0017	0.0170	0.0000	-0.0027	0.9999	0.0123	6.2197	6.2120	0.0000	0.0000	0.0000	0.0000	0.0000	0.0000	0.0000	0.0000	0.0000	0.0054	0.0053	0.0001	0.0053	0.0053	0.0000	0.0001	0.0000	0.0001	0.0001	0.0001	0.0000	0.0000	0.0000	0.0000	0.0001	0.0001	0.0000	0.1185	0.0739	0.0445	0.0279	0.0254	0.0025	0.0906	0.0485	0.0421	0.0000	0.0000	0.0000	0.0000	0.0000	0.0000	0.0000	0.0000	0.0000	0.0452	0.0712	0.0020	0.1890	0.2066	0.0077	0.0009	0.0003	0.0017	
3	37	0.0577	2	0	2	0	0	0	0	0	0	N	Y	N	N	N	N	N	N	N	N	N	N	0.0000	0.0000	0.0000	0.0000	0.0000	0.0000	0.0000	0.0000	0.0000	0.0000	0.0000	0.0000	0.0000	0.0000	0.0000	0.0000	0.0000	0.0000	0.4144	0.0019	1.2767	0.0729	0.0029	0.5856	0.6120	0.0010	1.3856	323.1759	0.0000	0.0730	0.9999	8.2035	6.2197	18.5835	0.0000	0.0000	0.0000	0.0000	0.0000	0.0000	0.0000	0.0000	0.0000	0.1534	0.0005	0.1529	0.0099	0.0003	0.0095	0.1435	0.0001	0.1433	0.0728	0.0635	0.0093	0.0000	0.0000	0.0000	0.0728	0.0635	0.0093	0.3700	0.2503	0.1197	0.1356	0.1193	0.0163	0.2345	0.1310	0.1035	0.0000	0.0000	0.0000	0.0000	0.0000	0.0000	0.0000	0.0000	0.0000	0.4144	0.0019	1.2767	0.0729	0.0029	0.5856	0.6120	0.0010	1.3856	
3	38	0.0577	2	0	2	0	1	0	0	0	0	N	Y	N	N	N	N	N	N	N	N	N	N	0.0000	0.0000	0.0000	0.0000	0.0000	0.0000	0.0000	0.0000	0.0000	0.0000	0.0000	0.0000	0.0000	0.0000	0.0000	0.0000	0.0000	0.3565	0.0013	1.0887	0.0642	0.0027	0.5014	0.5204	0.0000	1.1807	413.5505	0.0000	0.0731	0.9999	10.2042	6.2197	23.0710	0.0000	0.0000	0.0000	0.0000	0.0000	0.0000	0.0000	0.0000	0.0000	0.1534	0.0004	0.1530	0.0099	0.0004	0.0095	0.1435	0.0000	0.1435	0.0885	0.0773	0.0112	0.0000	0.0000	0.0000	0.0885	0.0773	0.0112	0.4302	0.2897	0.1405	0.1546	0.1355	0.0190	0.2757	0.1542	0.1215	0.0000	0.0000	0.0000	0.0000	0.0000	0.0000	0.0000	0.0000	0.0000	0.3565	0.0013	1.0887	0.0642	0.0027	0.5014	0.5204	0.0000	1.1807		
3	39	0.0577	2	1	1	1	0	0	0	0	0	N	N	N	N	N	N	N	N	N	N	N	N	0.0000	0.0000	0.0000	0.0000	0.0000	0.0000	0.0000	0.0000	0.0000	0.0000	0.0000	0.0000	0.0000	0.0000	0.0000	0.0000	0.0000	0.4182	0.0039	1.4046	0.0097	0.0071	0.0400	0.7109	0.0000	1.5751	152.1603	0.0000	0.0090	0.9999	0.0000	6.2197	1.9600	0.0000	0.0000	0.0000	0.0000	0.0000	0.0000	0.0000	0.0000	0.0000	0.0191	0.0001	0.0190	0.0002	0.0001	0.0001	0.0189	0.0000	0.0189	0.0000	0.0000	0.0000	0.0000	0.0000	0.0000	0.0000	0.0000	0.0000	0.0457	0.0322	0.0135	0.0191	0.0176	0.0015	0.0266	0.0146	0.0120	0.0000	0.0000	0.0000	0.0000	0.0000	0.0000	0.0000	0.0000	0.0000	0.4182	0.0039	1.4046	0.0097	0.0071	0.0400	0.7109	0.0000	1.5751		
3	40	0.1133	3	0	1	1	0	0	0	0	0	N	N	N	N	N	N	N	N	N	N	N	N	0.0000	0.0000	0.0000	0.0000	0.0000	0.0000	0.0000	0.0000	0.0000	0.0000	0.0000	0.0000	0.0000	0.0000	0.0000	0.0000	0.0000	0.0000	0.0232	0.0008	0.0698	0.0373	0.0015	0.1847	0.0122	0.0000	0.0284	41.2697	0.0000	0.0018	0.9999	0.0009	6.2197	7.7842	0.0000	0.0000	0.0000	0.0000	0.0000	0.0000	0.0000	0.0000	0.0000	0.0039	0.0001	0.0038	0.0027	0.0001	0.0027	0.0011	0.0000	0.0011	0.0000	0.0000	0.0000	0.0000	0.0000	0.0000	0.0000	0.0000	0.0000	0.1668	0.1126	0.0543	0.0736	0.0592	0.0144	0.0932	0.0533	0.0399	0.0000	0.0000	0.0000	0.0000	0.0000	0.0000	0.0000	0.0000	0.0000	0.0232	0.0008	0.0698	0.0373	0.0015	0.1847	0.0122	0.0000	0.0284	
3	41	0.0577	2	0	1	0	0	0	0	0	0	N	N	N	N	N	N	N	N	N	N	N	N	0.0000	0.0000	0.0000	0.0000	0.0000	0.0000	0.0000	0.0000	0.0000	0.0000	0.0000	0.0000	0.0000	0.0000	0.0000	0.0000	0.0000	0.0000	0.5499	0.0604	1.5909	0.1719	0.0970	0.7811	0.7764	0.0256	1.7243	12.3886	0.0000	0.0652	0.9999	1.7959	6.2197	20.1034	0.0000	0.0000	0.0000	0.0000	0.0000	0.0000	0.0000	0.0000	0.0000	0.1612	0.0120	0.1492	0.0189	0.0094	0.0095	0.1423	0.0026	0.1397	0.0153	0.0133	0.0020	0.0000	0.0000	0.0000	0.0153	0.0133	0.0020	0.2932	0.1994	0.0938	0.1099	0.0971	0.0127	0.1833	0.1023	0.0810	0.0000	0.0000	0.0000	0.0000	0.0000	0.0000	0.0000	0.0000	0.0000	0.5499	0.0604	1.5909	0.1719	0.0970	0.7428	0.7764	0.0256	1.7243	
3	42	0.1278	3	0	2	0	0	0	0	0	0	N	Y	N	N	N	N	N	N	N	N	N	N	0.0000	0.0000	0.0000	0.0000	0.0000	0.0000	0.0000	0.0000	0.0000	0.0000	0.0000	0.0000	0.0000	0.0000	0.0000	0.0062	0.0078	0.0000	0.0120	0.0128	0.0000	0.0002	0.0004	0.0000	0.0000	0.0000	-0.0000	0.9999	0.0003	6.2197	0.0002	0.0000	0.0000	0.0000	0.0000	0.0000	0.0000	0.0000	0.0000	0.0000	0.0000	0.0000	0.0000	0.0000	0.0000	0.0000	0.0000	0.0000	0.0000	0.0000	0.0000	0.0000	0.0000	0.0000	0.0000	0.0000	0.0000	0.0000	0.0001	0.0000	0.0000	0.0000	0.0000	0.0000	0.0000	0.0000	0.0000	0.0000	0.0000	0.0000	0.0000	0.0000	0.0000	0.0000	0.0000	0.0000	0.0062	0.0078	0.0000	0.0120	0.0128	0.0000	0.0002	0.0004	0.0000				
3	43	0.0838	3	1	2	1	0	0	0	0	0	N	Y	N	N	N	N	N	N	N	N	N	N	0.0000	0.0000	0.0000	0.0000	0.0000	0.0000	0.0000	0.0000	0.0000	0.0000	0.0000	0.0000	0.0000	0.0000	0.0000	0.0000	0.0000	0.0000	0.0000	0.0000	0.9999	0.0000	6.2197	2.0000	0.0000	0.0000	0.0000	0.0000	0.0000	0.0000	0.0000	0.0000	0.0000	0.0000	0.0000	0.0000	0.0000	0.0000	0.0000	0.0000	0.0000	0.0000	0.0000	0.0000	0.0000	0.0000	0.0000	0.0000	0.0000	0.0000	0.0000	0.0312	0.0220	0.0092	0.0173	0.0144	0.0029	0.0139	0.0077	0.0062	0.0000	0.0000	0.0000	0.0000	0.0000	0.0000	0.0000	0.0000	0.0000	0.0000	0.0000	0.0000	0.0000	0.0000	0.0000	0.0000	0.0000	0.0000											
3	44	0.0838	3	1	2	1	0	0	0	0	0	N	Y	N	N	N	N	N	N	N	N	N	N	0.0000	0.0000	0.0000	0.0000	0.0000	0.0000	0.0000	0.0000	0.0000	0.0000	0.0000	0.0000	0.0000	0.0000	0.0000	0.0000	0.0000	0.0000	0.0000	0.0000	0.9999	0.0000	6.2197	0.0000	0.0000	0.0000	0.0000	0.0000	0.0000	0.0000	0.0000	0.0000	0.0000	0.0000	0.0000	0.0000	0.0000	0.0000	0.0000	0.0000	0.0000	0.0000	0.0000	0.0000	0.0000	0.0000	0.0000	0.0000	0.0000	0.0000	0.0000	0.0000	0.0000	0.0000	0.0000	0.0000	0.0000	0.0000	0.0000	0.0000	0.0000	0.0000	0.0000	0.0000	0.0000	0.0000	0.0000	0.0000	0.0000	0.0000	0.0000	0.0000	0.0000	0.0000	0.0000	0.0000	0.0000	0.0000											
3	45	0.0577	2	1	2	1	0	0	0	0	0	N	Y	N	N	N	N	N	N	N	N	N	N	0.0000	0.0000	0.0000	0.0000	0.0000	0.0000	0.0000	0.0000	0.0000	0.0000	0.0000	0.0000	0.0000	0.0142	0.0206	0.0000	0.0362	0.0404	0.0000	0.0000	0.0000	0.0000	0.0000	0.0000	-0.0010	0.9999	0.7962	6.2197	7.9291	0.0000	0.0000	0.0000	0.0000	0.0000	0.0000	0.0000	0.0000	0.0000	0.0020	0.0020	0.0000	0.0020	0.0020	0.0000	0.0000	0.0000	0.0000	0.0069	0.0060	0.0009	0.0000	0.0000	0.0000	0.0069	0.0060	0.0009	0.1380	0.0951	0.0429	0.0541	0.0485	0.0056	0.0839	0.0466	0.0373	0.0000	0.0000	0.0000	0.0000	0.0000	0.0000	0.0000	0.0000	0.0000	0.0142	0.0206	0.0000	0.0362	0.0404	0.0000	0.0000	0.0000	0.0000						
3	46	0.0577	2	1	2	0	0	0	0	0	0	N	Y	N	N	N	N	N	N	N	N	N	N	0.0000	0.0000	0.0000	0.0000	0.0000	0.0000	0.0000	0.0000	0.0000	0.0000	0.0000	0.0000	0.0000	0.0000	0.0000	0.0000	0.0000	0.2662	0.0142	0.8140	0.1190	0.0284	0.9955	0.3580	0.0000	0.8080	26.4066	0.0000	0.0237	0.9999	0.7962	6.2197	12.9291	0.0000	0.0000	0.0000	0.0000	0.0000	0.0000	0.0000	0.0000	0.0000	0.0536	0.0020	0.0517	0.0092	0.0020	0.0073	0.0444	0.0000	0.0444	0.0069	0.0060	0.0009	0.0000	0.0000	0.0000	0.0069	0.0060	0.0009	0.2014	0.1380	0.0635	0.0774	0.0689	0.0085	0.1240	0.0691	0.0549	0.0000	0.0000	0.0000	0.0000	0.0000	0.0000	0.0000	0.0000	0.0000	0.2662	0.0142	0.8140	0.1190	0.0284	0.8523	0.3580	0.0000	0.8080		
3	47	0.0577	2	0	2	0	1	0	0	0	0	N	Y	N	N	N	N	N	N	N	N	N	N	0.0000	0.0000	0.0000	0.0000	0.0000	0.0000	0.0000	0.0000	0.0000	0.0000	0.0000	0.0000	0.0000	0.0000	0.0000	0.0000	0.0000	0.1631	0.0003	0.5055	0.0028	0.0007	0.0179	0.2571	0.0000	0.5823	698.6900	0.0000	0.0267	0.9999	9.0000	6.2197	15.0400	0.0000	0.0000	0.0000	0.0000	0.0000	0.0000	0.0000	0.0000	0.0000	0.0560	0.0001	0.0559	0.0004	0.0001	0.0003	0.0556	0.0000	0.0556	0.0796	0.0695	0.0101	0.0000	0.0000	0.0000	0.0796	0.0695	0.0101	0.3431	0.2326	0.1106	0.1268	0.1117	0.0151	0.2164	0.1209	0.0955	0.0000	0.0000	0.0000	0.0000	0.0000	0.0000	0.0000	0.0000	0.0000	0.1631	0.0003	0.5055	0.0028	0.0007	0.0179	0.2571	0.0000	0.5823		
3	48	0.1363	3	0	1	0	1	0	0	0	0	N	N	N	N	N	N	N	N	N	N	N	N	0.0000	0.0000	0.0000	0.0000	0.0000	0.0000	0.0000	0.0000	0.0000	0.0000	0.0000	0.0000	0.0000	0.0000	0.0000	0.0000	0.0000	0.0000	0.0037	0.0001	0.0100	0.0017	0.0002	0.0078	0.0051	0.0000	0.0106	56.4613	0.0000	0.0001	0.9999	0.0037	6.2197	3.0208	0.0000	0.0000	0.0000	0.0000	0.0000	0.0000	0.0000	0.0000	0.0000	0.0002	0.0000	0.0002	0.0000	0.0000	0.0000	0.0002	0.0000	0.0002	0.0000	0.0000	0.0000	0.0000	0.0000	0.0000	0.0000	0.0000	0.0000	0.0515	0.0326	0.0189	0.0201	0.0162	0.0039	0.0313	0.0164	0.0149	0.0000	0.0000	0.0000	0.0000	0.0000	0.0000	0.0000	0.0000	0.0000	0.0037	0.0001	0.0100	0.0017	0.0002	0.0078	0.0051	0.0000	0.0106	
3	49	0.0577	2	0	1	0	1	0	0	0	0	N	N	N	N	N	N	N	N	N	N	N	N	0.0000	0.0000	0.0000	0.0000	0.0000	0.0000	0.0000	0.0000	0.0000	0.0000	0.0000	0.0000	0.0000	0.0000	0.0000	0.0000	0.0000	0.0000	0.4476	0.0396	1.3039	0.1422	0.0825	0.5838	0.6257	0.0002	1.4174	15.6861	0.0000	0.0660	0.9999	4.7960	6.2197	23.0471	0.0000	0.0000	0.0000	0.0000	0.0000	0.0000	0.0000	0.0000	0.0000	0.1574	0.0094	0.1480	0.0184	0.0094	0.0090	0.1390	0.0000	0.1390	0.0398	0.0346	0.0051	0.0000	0.0000	0.0000	0.0398	0.0346	0.0051	0.3518	0.2382	0.1135	0.1296	0.1142	0.0155	0.2221	0.1241	0.0981	0.0000	0.0000	0.0000	0.0000	0.0000	0.0000	0.0000	0.0000	0.0000	0.4476	0.0396	1.3039	0.1422	0.0825	0.5838	0.6257	0.0002	1.4174	
3	50	0.0927	3	0	2	1	0	0	0	0	0	N	Y	N	N	N	N	N	N	N	N	N	N	0.0000	0.0000	0.0000	0.0000	0.0000	0.0000	0.0000	0.0000	0.0000	0.0000	0.0000	0.0000	0.0000	0.0000	0.0000	0.0000	0.0000	0.0000	0.0002	0.0003	0.0001	0.0004	0.0004	0.0002	0.0000	0.0000	0.0001	0.1264	0.0000	-0.0000	0.9999	1.4428	6.2197	0.4686	0.0000	0.0000	0.0000	0.0000	0.0000	0.0000	0.0000	0.0000	0.0000	0.0000	0.0000	0.0000	0.0000	0.0000	0.0000	0.0000	0.0000	0.0000	0.0139	0.0121	0.0018	0.0000	0.0000	0.0000	0.0139	0.0121	0.0018	0.0484	0.0354	0.0130	0.0285	0.0243	0.0042	0.0199	0.0111	0.0088	0.0000	0.0000	0.0000	0.0000	0.0000	0.0000	0.0000	0.0000	0.0000	0.0002	0.0003	0.0001	0.0004	0.0004	0.0002	0.0000	0.0000	0.0001	
3	51	0.0577	2	0	2	0	0	0	0	0	0	N	Y	N	N	N	N	N	N	N	N	N	N	0.0000	0.0000	0.0000	0.0000	0.0000	0.0000	0.0000	0.0000	0.0000	0.0000	0.0000	0.0000	0.0000	0.0000	0.0000	0.0000	0.0000	0.0000	0.0006	0.0004	0.0009	0.0011	0.0009	0.0025	0.0003	0.0000	0.0006	0.9206	0.0000	-0.0000	0.9999	7.1845	6.2197	8.0722	0.0000	0.0000	0.0000	0.0000	0.0000	0.0000	0.0000	0.0000	0.0000	0.0001	0.0001	0.0001	0.0001	0.0001	0.0000	0.0000	0.0000	0.0000	0.0644	0.0562	0.0082	0.0000	0.0000	0.0000	0.0644	0.0562	0.0082	0.2398	0.1637	0.0760	0.0912	0.0809	0.0103	0.1486	0.0828	0.0658	0.0000	0.0000	0.0000	0.0000	0.0000	0.0000	0.0000	0.0000	0.0000	0.0006	0.0004	0.0009	0.0011	0.0009	0.0025	0.0003	0.0000	0.0006	
3	52	0.0804	3	1	1	1	0	0	0	0	0	N	N	N	N	N	N	N	N	N	N	N	N	0.0000	0.0000	0.0000	0.0000	0.0000	0.0000	0.0000	0.0000	0.0000	0.0000	0.0000	0.0000	0.0000	0.0000	0.0000	0.0000	0.0000	0.0000	0.0324	0.0107	0.0804	0.0193	0.0196	0.0161	0.0418	0.0000	0.0901	3.3719	0.0000	0.0009	0.9999	0.9976	6.2197	4.7732	0.0000	0.0000	0.0000	0.0000	0.0000	0.0000	0.0000	0.0000	0.0000	0.0035	0.0008	0.0027	0.0009	0.0008	0.0001	0.0026	0.0000	0.0026	0.0103	0.0089	0.0014	0.0003	0.0003	0.0000	0.0100	0.0086	0.0014	0.1089	0.0751	0.0338	0.0456	0.0412	0.0044	0.0634	0.0339	0.0294	0.0000	0.0000	0.0000	0.0000	0.0000	0.0000	0.0000	0.0000	0.0000	0.0324	0.0107	0.0804	0.0193	0.0196	0.0161	0.0418	0.0000	0.0901	
3	53	0.0577	2	1	1	0	0	0	0	0	0	N	N	N	N	N	N	N	N	N	N	N	N	0.0000	0.0000	0.0000	0.0000	0.0000	0.0000	0.0000	0.0000	0.0000	0.0000	0.0000	0.0000	0.0000	0.0000	0.0000	0.0000	0.0000	0.0000	0.1643	0.2331	0.0130	0.4120	0.4605	0.0041	0.0065	0.0001	0.0144	0.0254	0.0000	-0.0129	0.9999	3.2133	6.2197	6.0120	0.0000	0.0000	0.0000	0.0000	0.0000	0.0000	0.0000	0.0000	0.0000	0.0260	0.0254	0.0006	0.0254	0.0254	0.0000	0.0006	0.0000	0.0006	0.0300	0.0261	0.0039	0.0000	0.0000	0.0000	0.0300	0.0261	0.0039	0.1583	0.1089	0.0495	0.0616	0.0551	0.0066	0.0967	0.0538	0.0429	0.0000	0.0000	0.0000	0.0000	0.0000	0.0000	0.0000	0.0000	0.0000	0.1643	0.2331	0.0130	0.4120	0.4605	0.0041	0.0065	0.0001	0.0144	
3	54	0.0577	2	1	2	0	0	0	0	0	0	N	Y	N	N	N	N	N	N	N	N	N	N	0.0000	0.0000	0.0000	0.0000	0.0000	0.0000	0.0000	0.0000	0.0000	0.0000	0.0000	0.0000	0.0000	0.0000	0.0000	0.0000	0.0000	0.3579	0.0161	1.1011	0.1418	0.0322	1.1532	0.4929	0.0000	1.1123	31.5297	0.0000	0.0323	0.9999	1.7961	6.2197	11.9291	0.0000	0.0000	0.0000	0.0000	0.0000	0.0000	0.0000	0.0000	0.0000	0.0721	0.0022	0.0699	0.0110	0.0022	0.0088	0.0611	0.0000	0.0611	0.0153	0.0133	0.0020	0.0000	0.0000	0.0000	0.0153	0.0133	0.0020	0.2014	0.1380	0.0635	0.0774	0.0689	0.0085	0.1240	0.0691	0.0549	0.0000	0.0000	0.0000	0.0000	0.0000	0.0000	0.0000	0.0000	0.0000	0.3579	0.0161	1.1011	0.1418	0.0322	1.0284	0.4929	0.0000	1.1123		
3	55	0.0790	3	0	2	0	0	0	0	0	0	N	Y	N	N	N	N	N	N	N	N	N	N	0.0000	0.0000	0.0000	0.0000	0.0000	0.0000	0.0000	0.0000	0.0000	0.0000	0.0000	0.0000	0.0000	0.0000	0.0000	0.0000	0.0000	0.0000	0.0010	0.0013	0.0001	0.0017	0.0019	0.0002	0.0001	0.0002	0.0000	0.0242	0.0000	-0.0001	0.9999	0.0041	6.2197	6.2745	0.0000	0.0000	0.0000	0.0000	0.0000	0.0000	0.0000	0.0000	0.0000	0.0001	0.0001	0.0000	0.0001	0.0001	0.0000	0.0000	0.0000	0.0000	0.0000	0.0000	0.0000	0.0000	0.0000	0.0000	0.0000	0.0000	0.0000	0.1309	0.0974	0.0335	0.0760	0.0655	0.0105	0.0549	0.0319	0.0230	0.0000	0.0000	0.0000	0.0000	0.0000	0.0000	0.0000	0.0000	0.0000	0.0010	0.0013	0.0001	0.0017	0.0019	0.0002	0.0001	0.0002	0.0000	
3	56	0.1278	3	0	1	1	0	0	0	0	0	N	N	N	N	N	N	N	N	N	N	N	N	0.0000	0.0000	0.0000	0.0000	0.0000	0.0000	0.0000	0.0000	0.0000	0.0000	0.0000	0.0000	0.0000	0.0000	0.0000	0.0059	0.0000	0.0154	0.0075	0.0000	0.0355	0.0051	0.0000	0.0107	inf	0.0000	0.0009	0.9999	18.9997	6.2197	4.0000	0.0000	0.0000	0.0000	0.0000	0.0000	0.0000	0.0000	0.0000	0.0000	0.0019	0.0000	0.0019	0.0008	0.0000	0.0008	0.0011	0.0000	0.0011	0.1499	0.1316	0.0182	0.0015	0.0014	0.0001	0.1484	0.1302	0.0182	0.3184	0.1956	0.1228	0.1090	0.0859	0.0231	0.2094	0.1097	0.0997	0.0000	0.0000	0.0000	0.0000	0.0000	0.0000	0.0000	0.0000	0.0000	0.0059	0.0000	0.0154	0.0075	0.0000	0.0355	0.0051	0.0000	0.0107				
3	57	0.0577	2	0	1	0	0	0	0	0	0	N	N	N	N	N	N	N	N	N	N	N	N	0.0000	0.0000	0.0000	0.0000	0.0000	0.0000	0.0000	0.0000	0.0000	0.0000	0.0000	0.0000	0.0000	0.0000	0.0000	0.0000	0.0000	0.4567	0.0094	1.3981	0.0931	0.0196	0.6393	0.6701	0.0000	1.5177	70.4475	0.0000	0.0721	0.9999	1.7961	6.2197	22.3138	0.0000	0.0000	0.0000	0.0000	0.0000	0.0000	0.0000	0.0000	0.0000	0.1551	0.0022	0.1530	0.0117	0.0022	0.0095	0.1434	0.0000	0.1434	0.0169	0.0147	0.0022	0.0000	0.0000	0.0000	0.0169	0.0147	0.0022	0.3397	0.2303	0.1094	0.1256	0.1107	0.0149	0.2141	0.1195	0.0945	0.0000	0.0000	0.0000	0.0000	0.0000	0.0000	0.0000	0.0000	0.0000	0.4567	0.0094	1.3981	0.0931	0.0196	0.6393	0.6701	0.0000	1.5177		
3	58	0.0786	4	1	2	0	0	0	0	0	0	N	Y	N	N	N	N	N	N	N	N	N	N	0.0000	0.0000	0.0000	0.0000	0.0000	0.0000	0.0000	0.0000	0.0000	0.0000	0.0000	0.0000	0.0000	0.0000	0.0000	0.0000	0.0000	0.0000	0.0003	0.0002	0.0006	0.0002	0.0002	0.0003	0.0004	0.0002	0.0006	1.1148	0.0000	0.0000	0.9999	0.9359	6.2197	8.5945	0.0000	0.0000	0.0000	0.0000	0.0000	0.0000	0.0000	0.0000	0.0000	0.0001	0.0000	0.0000	0.0000	0.0000	0.0000	0.0000	0.0000	0.0000	0.0093	0.0081	0.0012	0.0001	0.0001	0.0000	0.0092	0.0080	0.0012	0.1728	0.1237	0.0491	0.0728	0.0653	0.0075	0.1000	0.0584	0.0416	0.0000	0.0000	0.0000	0.0000	0.0000	0.0000	0.0000	0.0000	0.0000	0.0003	0.0002	0.0006	0.0002	0.0002	0.0003	0.0004	0.0002	0.0006	
3	59	0.0758	3	0	2	0	0	0	0	0	0	N	Y	N	N	N	N	N	N	N	N	N	N	0.0000	0.0000	0.0000	0.0000	0.0000	0.0000	0.0000	0.0000	0.0000	0.0000	0.0000	0.0000	0.0000	0.0000	0.0000	0.0000	0.0000	0.0000	0.0464	0.0223	0.1132	0.0015	0.0015	0.0012	0.0821	0.0486	0.1291	1.8255	0.0000	0.0003	0.9999	0.1706	6.2197	1.8413	0.0000	0.0000	0.0000	0.0000	0.0000	0.0000	0.0000	0.0000	0.0000	0.0024	0.0008	0.0015	0.0000	0.0000	0.0000	0.0023	0.0008	0.0015	0.0017	0.0015	0.0002	0.0000	0.0000	0.0000	0.0017	0.0015	0.0002	0.0512	0.0376	0.0135	0.0227	0.0210	0.0017	0.0285	0.0166	0.0119	0.0000	0.0000	0.0000	0.0000	0.0000	0.0000	0.0000	0.0000	0.0000	0.0464	0.0223	0.1132	0.0015	0.0015	0.0012	0.0821	0.0486	0.1291	
3	60	0.0577	2	0	2	0	0	0	0	0	0	N	Y	N	N	N	N	N	N	N	N	N	N	0.0000	0.0000	0.0000	0.0000	0.0000	0.0000	0.0000	0.0000	0.0000	0.0000	0.0000	0.0000	0.0000	0.0000	0.0000	0.0000	0.0000	0.0000	5.4222	7.9032	0.0037	0.0024	0.0023	0.0033	8.8339	15.8683	0.0037	0.0002	0.0000	-0.5190	0.9999	6.1830	6.2197	4.8458	0.0000	0.0000	0.0000	0.0000	0.0000	0.0000	0.0000	0.0000	0.0000	0.9964	0.9962	0.0002	0.0002	0.0001	0.0000	0.9962	0.9961	0.0002	0.0560	0.0488	0.0072	0.0000	0.0000	0.0000	0.0560	0.0488	0.0072	0.1838	0.1261	0.0577	0.0710	0.0633	0.0077	0.1128	0.0628	0.0500	0.0000	0.0000	0.0000	0.0000	0.0000	0.0000	0.0000	0.0000	0.0000	5.4222	7.9032	0.0037	0.0024	0.0023	0.0033	8.8339	15.8683	0.0037	
3	61	0.4508	9	0	1	0	0	0	0	0	0	N	N	N	N	N	N	N	N	N	N	N	N	0.0000	0.0000	0.0000	0.0000	0.0000	0.0000	0.0000	0.0000	0.0000	0.0000	0.0000	0.0000	0.0000	0.0000	0.0000	0.0000	0.0000	0.0000	0.2133	0.0653	0.5096	0.1530	0.1139	0.3836	0.2621	0.0000	0.5401	3.9000	0.0000	0.0142	0.9999	1.0140	6.2197	12.0537	0.0000	0.0000	0.0000	0.0000	0.0000	0.0000	0.0000	0.0000	0.0000	0.0515	0.0105	0.0410	0.0165	0.0105	0.0060	0.0350	0.0000	0.0350	0.0090	0.0079	0.0011	0.0008	0.0008	0.0000	0.0082	0.0071	0.0011	0.2416	0.1611	0.0805	0.1080	0.0923	0.0157	0.1336	0.0688	0.0648	0.0000	0.0000	0.0000	0.0000	0.0000	0.0000	0.0000	0.0000	0.0000	0.2133	0.0653	0.5096	0.1530	0.1139	0.3836	0.2621	0.0000	0.5401	
3	62	0.3749	6	0	1	0	0	0	0	0	0	N	N	N	N	N	N	N	N	N	N	N	N	0.0000	0.0000	0.0000	0.0000	0.0000	0.0001	0.0000	0.0000	0.0000	0.0000	0.0000	0.0000	0.0000	0.0000	0.0000	0.0000	0.0000	0.0000	0.0741	0.0540	0.1201	0.1064	0.0891	0.2141	0.0435	0.0009	0.0934	inf	0.9717	0.0000	-0.0019	0.9999	22.0948	6.2197	64.3951	0.0000	0.0000	0.0000	0.0000	0.0000	0.0000	0.0000	0.0000	0.0000	0.0661	0.0335	0.0326	0.0461	0.0333	0.0128	0.0200	0.0002	0.0197	0.1764	0.1565	0.0200	0.0260	0.0248	0.0013	0.1504	0.1317	0.0187	0.8919	0.6208	0.2712	0.4336	0.3737	0.0599	0.4583	0.2470	0.2113	0.0000	0.0000	0.0000	0.0000	0.0000	0.0001	0.0000	0.0000	0.0000	0.0741	0.0540	0.1201	0.1064	0.0891	0.2141	0.0435	0.0009	0.0934
3	63	0.1681	5	0	1	0	0	0	0	0	0	N	N	N	N	N	N	N	N	N	N	N	N	0.0000	0.0000	0.0000	0.0000	0.0000	0.0000	0.0000	0.0000	0.0000	0.0000	0.0000	0.0000	0.0000	0.0000	0.0000	0.0000	0.0000	0.0000	2.0998	2.5827	0.9608	0.0583	0.0556	0.0755	4.1062	6.5103	1.2247	inf	0.1577	0.0000	-0.4162	0.9999	3.0638	6.2197	18.8214	0.0000	0.0000	0.0000	0.0000	0.0000	0.0000	0.0000	0.0000	0.0000	1.0814	0.9341	0.1473	0.0149	0.0122	0.0027	1.0665	0.9219	0.1447	0.0261	0.0227	0.0033	0.0009	0.0008	0.0000	0.0252	0.0219	0.0033	0.5150	0.3617	0.1533	0.2553	0.2201	0.0352	0.2597	0.1416	0.1181	0.0000	0.0000	0.0000	0.0000	0.0000	0.0000	0.0000	0.0000	0.0000	2.0998	2.5827	0.9608	0.0583	0.0556	0.0755	4.1062	6.5103	1.2247
3	64	0.0790	3	1	2	1	0	0	0	0	0	N	Y	N	N	N	N	N	N	N	N	N	N	0.0000	0.0000	0.0000	0.0000	0.0000	0.0000	0.0000	0.0000	0.0000	0.0000	0.0000	0.0000	0.0000	0.0000	0.0000	0.0000	0.0000	0.0000	0.0148	0.0202	0.0000	0.0260	0.0304	0.0001	0.0001	0.0001	0.0000	0.0006	0.0000	-0.0013	0.9999	1.0029	6.2197	8.4685	0.0000	0.0000	0.0000	0.0000	0.0000	0.0000	0.0000	0.0000	0.0000	0.0026	0.0026	0.0000	0.0026	0.0026	0.0000	0.0000	0.0000	0.0000	0.0086	0.0075	0.0011	0.0000	0.0000	0.0000	0.0086	0.0075	0.0011	0.1728	0.1267	0.0461	0.0985	0.0841	0.0144	0.0744	0.0427	0.0317	0.0000	0.0000	0.0000	0.0000	0.0000	0.0000	0.0000	0.0000	0.0000	0.0148	0.0202	0.0000	0.0260	0.0304	0.0001	0.0001	0.0001	0.0000	
3	65	0.0577	2	0	2	0	0	0	0	0	0	N	Y	N	N	N	N	N	N	N	N	N	N	0.0000	0.0000	0.0000	0.0000	0.0000	0.0000	0.0000	0.0000	0.0000	0.0000	0.0000	0.0000	0.0000	0.0000	0.0000	0.0000	0.0000	0.0000	0.0132	0.0191	0.0002	0.0336	0.0375	0.0002	0.0001	0.0000	0.0002	0.0048	0.0000	-0.0010	0.9999	0.7961	6.2197	8.5878	0.0000	0.0000	0.0000	0.0000	0.0000	0.0000	0.0000	0.0000	0.0000	0.0019	0.0019	0.0000	0.0019	0.0019	0.0000	0.0000	0.0000	0.0000	0.0069	0.0060	0.0009	0.0000	0.0000	0.0000	0.0069	0.0060	0.0009	0.1467	0.1010	0.0457	0.0573	0.0513	0.0060	0.0894	0.0497	0.0397	0.0000	0.0000	0.0000	0.0000	0.0000	0.0000	0.0000	0.0000	0.0000	0.0132	0.0191	0.0002	0.0336	0.0375	0.0002	0.0001	0.0000	0.0002	
3	66	0.4508	9	0	2	0	0	0	0	0	0	N	Y	N	N	N	N	N	N	N	N	N	N	0.0000	0.0000	0.0000	0.0000	0.0000	0.0000	0.0000	0.0000	0.0000	0.0000	0.0000	0.0000	0.0000	0.0000	0.0000	0.0000	0.0000	0.0000	0.0610	0.0883	0.0065	0.1324	0.1543	0.0049	0.0035	0.0004	0.0069	0.0367	0.0000	-0.0073	0.9999	1.0110	6.2197	12.5479	0.0000	0.0000	0.0000	0.0000	0.0000	0.0000	0.0000	0.0000	0.0000	0.0151	0.0145	0.0005	0.0146	0.0145	0.0001	0.0005	0.0000	0.0005	0.0090	0.0078	0.0011	0.0008	0.0008	0.0000	0.0081	0.0071	0.0011	0.2467	0.1645	0.0822	0.1100	0.0939	0.0161	0.1367	0.0706	0.0662	0.0000	0.0000	0.0000	0.0000	0.0000	0.0000	0.0000	0.0000	0.0000	0.0610	0.0883	0.0065	0.1324	0.1543	0.0049	0.0035	0.0004	0.0069	
3	67	0.4444	8	0	1	0	0	0	0	0	0	N	N	N	N	N	N	N	N	N	N	N	N	0.0000	0.0000	0.0000	0.0000	0.0000	0.0000	0.0000	0.0000	0.0000	0.0000	0.0000	0.0000	0.0000	0.0000	0.0000	0.0000	0.0000	0.0000	0.2144	0.2040	0.2354	0.2914	0.2943	0.2582	0.1383	0.0075	0.2323	0.5725	0.0000	-0.0047	0.9999	0.9784	6.2197	1.5217	0.0000	0.0000	0.0000	0.0000	0.0000	0.0000	0.0000	0.0000	0.0000	0.0298	0.0189	0.0108	0.0201	0.0187	0.0014	0.0097	0.0002	0.0094	0.0087	0.0076	0.0011	0.0008	0.0007	0.0000	0.0079	0.0069	0.0010	0.1390	0.0929	0.0461	0.0691	0.0637	0.0055	0.0699	0.0292	0.0406	0.0000	0.0000	0.0000	0.0000	0.0000	0.0000	0.0000	0.0000	0.0000	0.2144	0.2040	0.2354	0.2914	0.2943	0.2582	0.1383	0.0075	0.2323	
3	68	0.4142	7	0	1	0	0	0	0	0	0	N	N	N	N	N	N	N	N	N	N	N	N	0.0000	0.0000	0.0000	0.0000	0.0000	0.0000	0.0000	0.0000	0.0000	0.0000	0.0000	0.0000	0.0000	0.0000	0.0000	0.0000	0.0000	0.0000	0.1479	0.0639	0.3230	0.1727	0.0986	0.5429	0.1219	0.0049	0.2445	inf	2.4228	0.0000	0.0063	0.9999	1.0531	6.2197	9.0748	0.0000	0.0000	0.0000	0.0000	0.0000	0.0000	0.0000	0.0000	0.0000	0.0337	0.0098	0.0239	0.0201	0.0096	0.0105	0.0136	0.0003	0.0133	0.0097	0.0085	0.0012	0.0010	0.0010	0.0000	0.0087	0.0075	0.0012	0.2280	0.1541	0.0739	0.1165	0.0970	0.0194	0.1115	0.0571	0.0544	0.0000	0.0000	0.0000	0.0000	0.0000	0.0000	0.0000	0.0000	0.0000	0.1479	0.0639	0.3230	0.1727	0.0986	0.5429	0.1219	0.0049	0.2445
3	69	0.0577	2	1	1	1	0	0	0	0	0	N	N	N	N	N	N	N	N	N	N	N	N	0.0000	0.0000	0.0000	0.0000	0.0000	0.0000	0.0000	0.0000	0.0000	0.0000	0.0000	0.0000	0.0000	0.0015	0.0022	0.0000	0.0038	0.0042	0.0000	0.0000	0.0000	0.0000	0.0000	0.0000	-0.0001	0.9999	0.0000	6.2197	4.9600	0.0000	0.0000	0.0000	0.0000	0.0000	0.0000	0.0000	0.0000	0.0000	0.0001	0.0001	0.0000	0.0001	0.0001	0.0000	0.0000	0.0000	0.0000	0.0000	0.0000	0.0000	0.0000	0.0000	0.0000	0.0000	0.0000	0.0000	0.0946	0.0656	0.0290	0.0378	0.0341	0.0037	0.0569	0.0315	0.0254	0.0000	0.0000	0.0000	0.0000	0.0000	0.0000	0.0000	0.0000	0.0000	0.0015	0.0022	0.0000	0.0038	0.0042	0.0000	0.0000	0.0000	0.0000						
3	71	0.1140	6	0	1	1	0	0	0	0	0	N	N	N	N	N	N	N	N	N	N	N	N	0.0000	0.0000	0.0000	0.0000	0.0000	0.0000	0.0000	0.0000	0.0000	0.0000	0.0000	0.0000	0.0000	0.0000	0.0000	0.0001	0.0000	0.0002	0.0002	0.0000	0.0066	0.0001	0.0000	0.0002	inf	0.0000	0.0000	0.9999	1.0000	6.2197	0.0055	0.0000	0.0000	0.0000	0.0000	0.0000	0.0000	0.0000	0.0000	0.0000	0.0000	0.0000	0.0000	0.0000	0.0000	0.0000	0.0000	0.0000	0.0000	0.0098	0.0085	0.0013	0.0000	0.0000	0.0000	0.0098	0.0085	0.0013	0.0172	0.0105	0.0067	0.0024	0.0023	0.0001	0.0148	0.0082	0.0066	0.0000	0.0000	0.0000	0.0000	0.0000	0.0000	0.0000	0.0000	0.0000	0.0001	0.0000	0.0002	0.0002	0.0000	0.0066	0.0001	0.0000	0.0002				
3	72	0.1073	5	0	1	1	0	0	0	0	0	N	N	N	N	N	N	N	N	N	N	N	N	0.0000	0.0000	0.0000	0.0000	0.0000	0.0000	0.0000	0.0000	0.0000	0.0000	0.0000	0.0000	0.0000	0.0000	0.0000	0.0000	0.0000	0.0035	0.0002	0.0091	0.0017	0.0006	0.0583	0.0039	0.0000	0.0086	36.7084	0.0000	0.0000	0.9999	0.0000	6.2197	1.0265	0.0000	0.0000	0.0000	0.0000	0.0000	0.0000	0.0000	0.0000	0.0000	0.0001	0.0000	0.0001	0.0000	0.0000	0.0000	0.0001	0.0000	0.0001	0.0000	0.0000	0.0000	0.0000	0.0000	0.0000	0.0000	0.0000	0.0000	0.0187	0.0116	0.0071	0.0030	0.0030	0.0001	0.0157	0.0087	0.0070	0.0000	0.0000	0.0000	0.0000	0.0000	0.0000	0.0000	0.0000	0.0000	0.0035	0.0002	0.0091	0.0017	0.0006	0.0583	0.0039	0.0000	0.0086		
3	73	0.1019	4	0	1	0	0	0	0	0	0	N	N	N	N	N	N	N	N	N	N	N	N	0.0000	0.0000	0.0000	0.0000	0.0000	0.0000	0.0000	0.0000	0.0000	0.0000	0.0000	0.0000	0.0000	0.0000	0.0000	0.0000	0.0000	0.0000	0.0399	0.0007	0.1530	0.0032	0.0010	0.0155	0.0847	0.0000	0.2148	80.3001	0.0000	0.0015	0.9999	0.0000	6.2197	1.0321	0.0000	0.0000	0.0000	0.0000	0.0000	0.0000	0.0000	0.0000	0.0000	0.0032	0.0000	0.0031	0.0001	0.0000	0.0001	0.0030	0.0000	0.0030	0.0033	0.0033	0.0001	0.0017	0.0017	0.0000	0.0017	0.0016	0.0001	0.0797	0.0592	0.0205	0.0438	0.0374	0.0064	0.0360	0.0218	0.0142	0.0000	0.0000	0.0000	0.0000	0.0000	0.0000	0.0000	0.0000	0.0000	0.0399	0.0007	0.1530	0.0032	0.0010	0.0155	0.0847	0.0000	0.2148	
3	74	0.0791	3	0	1	0	0	0	0	0	0	N	N	N	N	N	N	N	N	N	N	N	N	0.0000	0.0000	0.0000	0.0000	0.0000	0.0000	0.0000	0.0000	0.0000	0.0000	0.0000	0.0000	0.0000	0.0000	0.0000	0.0000	0.0000	0.0000	0.0721	0.0068	0.2294	0.0163	0.0106	0.0811	0.1166	0.0016	0.2498	13.9395	0.0000	0.0096	0.9999	0.5629	6.2197	8.5245	0.0000	0.0000	0.0000	0.0000	0.0000	0.0000	0.0000	0.0000	0.0000	0.0232	0.0016	0.0216	0.0023	0.0014	0.0009	0.0209	0.0002	0.0207	0.0049	0.0043	0.0006	0.0000	0.0000	0.0000	0.0049	0.0043	0.0006	0.3216	0.2273	0.0944	0.1426	0.1311	0.0115	0.1790	0.0961	0.0829	0.0000	0.0000	0.0000	0.0000	0.0000	0.0000	0.0000	0.0000	0.0000	0.0721	0.0068	0.2294	0.0163	0.0106	0.0811	0.1166	0.0016	0.2498	
3	75	0.0319	2	0	2	0	0	0	0	0	0	N	Y	N	N	N	N	N	N	N	N	N	N	0.0265	0.0225	0.0000	11.6967	11.4930	0.0000	0.0000	0.0000	0.0000	0.0005	0.0006	0.0000	0.8803	0.8850	0.0000	0.0000	0.0000	0.0000	0.0190	0.0258	0.0086	0.0753	0.0770	0.0238	0.0041	0.0000	0.0083	0.0000	0.2190	-0.0000	-0.0010	0.9999	1.9994	6.2197	4.0943	0.0000	0.0000	0.0000	0.0000	0.0000	0.0000	0.0000	0.0000	0.0000	0.0028	0.0023	0.0005	0.0024	0.0023	0.0000	0.0005	0.0000	0.0005	0.0199	0.0173	0.0026	0.0000	0.0000	0.0000	0.0199	0.0173	0.0026	0.1499	0.0905	0.0593	0.0313	0.0303	0.0010	0.1186	0.0602	0.0583	0.0265	0.0225	0.0000	11.6967	11.4930	0.0000	0.0000	0.0000	0.0000	0.0190	0.0258	0.0086	0.0753	0.0770	0.0238	0.0041	0.0000	0.0083
3	78	0.0779	3	1	1	1	0	0	0	0	0	N	N	N	N	N	N	N	N	N	N	N	N	0.0000	0.0000	0.0000	0.0000	0.0000	0.0000	0.0000	0.0000	0.0000	0.0000	0.0000	0.0000	0.0000	0.0000	0.0000	0.0000	0.0000	0.0000	0.0000	0.0000	0.0000	0.0000	0.0000	0.0000	0.0000	0.0000	0.1596	0.0000	-0.0000	0.9999	1.6246	6.2197	0.0115	0.0000	0.0000	0.0000	0.0000	0.0000	0.0000	0.0000	0.0000	0.0000	0.0000	0.0000	0.0000	0.0000	0.0000	0.0000	0.0000	0.0000	0.0000	0.0156	0.0136	0.0020	0.0000	0.0000	0.0000	0.0156	0.0136	0.0020	0.0288	0.0201	0.0087	0.0118	0.0105	0.0013	0.0170	0.0096	0.0075	0.0000	0.0000	0.0000	0.0000	0.0000	0.0000	0.0000	0.0000	0.0000	0.0000	0.0000	0.0000	0.0000	0.0000	0.0000	0.0000	0.0000	0.0000		
3	79	0.0577	2	1	1	1	0	0	0	0	0	N	N	N	N	N	N	N	N	N	N	N	N	0.0000	0.0000	0.0000	0.0000	0.0000	0.0000	0.0000	0.0000	0.0000	0.0000	0.0000	0.0000	0.0000	0.0000	0.0000	0.0000	0.0000	0.0009	0.0009	0.0009	0.0020	0.0018	0.0030	0.0003	0.0000	0.0006	0.4710	0.0000	-0.0000	0.9999	8.1927	6.2197	3.9952	0.0000	0.0000	0.0000	0.0000	0.0000	0.0000	0.0000	0.0000	0.0000	0.0002	0.0001	0.0001	0.0002	0.0001	0.0000	0.0000	0.0000	0.0000	0.0727	0.0634	0.0092	0.0000	0.0000	0.0000	0.0727	0.0634	0.0092	0.1996	0.1367	0.0629	0.0768	0.0683	0.0084	0.1229	0.0684	0.0544	0.0000	0.0000	0.0000	0.0000	0.0000	0.0000	0.0000	0.0000	0.0000	0.0009	0.0009	0.0009	0.0020	0.0018	0.0030	0.0003	0.0000	0.0006		
3	80	0.0577	2	0	2	0	1	0	0	0	0	N	Y	N	N	N	N	N	N	N	N	N	N	0.0000	0.0000	0.0000	0.0000	0.0000	0.0000	0.0000	0.0000	0.0000	0.0000	0.0000	0.0000	0.0000	0.0000	0.0000	0.0000	0.0000	0.0000	7.6293	5.4216	12.3484	0.0415	0.0219	0.1928	12.2220	10.6089	14.2568	1.0655	0.0000	-0.0108	0.9999	0.7962	6.2197	19.0091	0.0000	0.0000	0.0000	0.0000	0.0000	0.0000	0.0000	0.0000	0.0000	2.0674	1.0009	1.0665	0.0042	0.0020	0.0023	2.0631	0.9989	1.0642	0.0069	0.0060	0.0009	0.0000	0.0000	0.0000	0.0069	0.0060	0.0009	0.2710	0.1846	0.0864	0.1022	0.0905	0.0117	0.1688	0.0942	0.0746	0.0000	0.0000	0.0000	0.0000	0.0000	0.0000	0.0000	0.0000	0.0000	7.6293	5.4216	12.3484	0.0415	0.0219	0.1928	12.2220	10.6089	14.2568	
3	81	0.0577	2	0	2	0	0	0	0	0	0	N	Y	N	N	N	N	N	N	N	N	N	N	0.0000	0.0000	0.0000	0.0000	0.0000	0.0000	0.0000	0.0000	0.0000	0.0000	0.0000	0.0000	0.0000	0.0000	0.0000	0.0000	0.0000	3.4417	0.0095	10.6725	0.0941	0.0197	0.6480	5.4100	0.0000	12.2520	532.9413	0.0000	0.5506	0.9999	0.7962	6.2197	25.3140	0.0000	0.0000	0.0000	0.0000	0.0000	0.0000	0.0000	0.0000	0.0000	1.1541	0.0022	1.1520	0.0117	0.0022	0.0095	1.1424	0.0000	1.1424	0.0069	0.0060	0.0009	0.0000	0.0000	0.0000	0.0069	0.0060	0.0009	0.3353	0.2274	0.1079	0.1242	0.1095	0.0147	0.2112	0.1179	0.0932	0.0000	0.0000	0.0000	0.0000	0.0000	0.0000	0.0000	0.0000	0.0000	3.4417	0.0095	10.6725	0.0941	0.0197	0.6480	5.4100	0.0000	12.2520		
3	82	0.0577	2	0	2	0	0	0	0	0	0	N	Y	N	N	N	N	N	N	N	N	N	N	0.0000	0.0000	0.0000	0.0000	0.0000	0.0000	0.0000	0.0000	0.0000	0.0000	0.0000	0.0000	0.0000	0.0000	0.0000	0.0000	0.0000	0.4346	0.0085	1.3270	0.0875	0.0178	0.6002	0.6362	0.0000	1.4415	74.2990	0.0000	0.0730	0.9999	1.7961	6.2197	27.0091	0.0000	0.0000	0.0000	0.0000	0.0000	0.0000	0.0000	0.0000	0.0000	0.1567	0.0021	0.1547	0.0116	0.0021	0.0095	0.1451	0.0000	0.1451	0.0153	0.0133	0.0020	0.0000	0.0000	0.0000	0.0153	0.0133	0.0020	0.3607	0.2441	0.1165	0.1325	0.1167	0.0159	0.2281	0.1274	0.1007	0.0000	0.0000	0.0000	0.0000	0.0000	0.0000	0.0000	0.0000	0.0000	0.4346	0.0085	1.3270	0.0875	0.0178	0.6002	0.6362	0.0000	1.4415		
3	83	0.1681	5	0	1	0	0	0	0	0	0	N	N	N	N	N	N	N	N	N	N	N	N	0.0000	0.0000	0.0000	0.0000	0.0000	0.0000	0.0000	0.0000	0.0000	0.0000	0.0000	0.0000	0.0000	0.0000	0.0000	0.0000	0.0000	0.0000	0.4671	0.3141	0.8084	0.3394	0.3844	0.0705	0.5724	0.2243	1.0038	inf	1.1536	0.0000	0.0044	0.9999	10.0679	6.2197	33.8159	0.0000	0.0000	0.0000	0.0000	0.0000	0.0000	0.0000	0.0000	0.0000	0.2997	0.1392	0.1605	0.0985	0.0955	0.0029	0.2012	0.0436	0.1576	0.0789	0.0691	0.0099	0.0020	0.0019	0.0001	0.0769	0.0671	0.0098	0.6416	0.4431	0.1986	0.2901	0.2485	0.0416	0.3515	0.1945	0.1570	0.0000	0.0000	0.0000	0.0000	0.0000	0.0000	0.0000	0.0000	0.0000	0.4671	0.3141	0.8084	0.3394	0.3844	0.0705	0.5724	0.2243	1.0038
3	84	0.1405	4	0	1	0	0	0	0	0	0	N	N	N	N	N	N	N	N	N	N	N	N	0.0000	0.0000	0.0000	0.0000	0.0000	0.0000	0.0000	0.0000	0.0000	0.0000	0.0000	0.0000	0.0000	0.0000	0.0000	0.0000	0.0000	0.0000	2.0318	0.5400	5.6739	0.4756	0.5238	0.0921	3.4979	0.5650	6.9519	0.7777	4.3042	0.0000	0.2778	0.9999	0.9441	6.2197	14.0836	0.0000	0.0000	0.0000	0.0000	0.0000	0.0000	0.0000	0.0000	0.0000	0.9568	0.1804	0.7764	0.1086	0.1063	0.0023	0.8481	0.0741	0.7741	0.0096	0.0083	0.0013	0.0009	0.0009	0.0000	0.0086	0.0074	0.0012	0.4709	0.3341	0.1368	0.2284	0.2029	0.0255	0.2425	0.1311	0.1113	0.0000	0.0000	0.0000	0.0000	0.0000	0.0000	0.0000	0.0000	0.0000	2.0318	0.5400	5.6739	0.4756	0.5238	0.0921	3.4979	0.5650	6.9519
3	85	0.4227	7	0	1	0	0	0	0	0	0	N	N	N	N	N	N	N	N	N	N	N	N	0.0000	0.0000	0.0000	0.0001	0.0000	0.0003	0.0000	0.0000	0.0000	0.0000	0.0000	0.0000	0.0000	0.0000	0.0001	0.0000	0.0000	0.0000	0.0718	0.0263	0.1756	0.0939	0.0455	0.4086	0.0526	0.0000	0.1162	inf	2.9161	0.0000	0.0080	0.9999	15.0008	6.2197	28.2980	0.0000	0.0000	0.0000	0.0000	0.0000	0.0000	0.0000	0.0000	0.0000	0.0357	0.0091	0.0266	0.0217	0.0091	0.0126	0.0140	0.0000	0.0140	0.1049	0.0926	0.0123	0.0075	0.0072	0.0003	0.0973	0.0854	0.0120	0.4979	0.3464	0.1515	0.2310	0.2003	0.0308	0.2668	0.1461	0.1207	0.0000	0.0000	0.0000	0.0001	0.0000	0.0003	0.0000	0.0000	0.0000	0.0718	0.0263	0.1756	0.0939	0.0455	0.4086	0.0526	0.0000	0.1162
3	86	0.4227	7	0	1	0	0	0	0	0	0	N	N	N	N	N	N	N	N	N	N	N	N	0.0000	0.0000	0.0000	0.0001	0.0000	0.0005	0.0000	0.0000	0.0000	0.0000	0.0000	0.0000	0.0000	0.0000	0.0002	0.0000	0.0000	0.0000	0.0713	0.0052	0.2325	0.0652	0.0083	0.4423	0.0776	0.0000	0.1706	inf	18.4898	0.0000	0.0143	0.9999	10.8154	6.2197	27.4443	0.0000	0.0000	0.0000	0.0000	0.0000	0.0000	0.0000	0.0000	0.0000	0.0336	0.0017	0.0318	0.0155	0.0017	0.0138	0.0180	0.0000	0.0180	0.0606	0.0532	0.0074	0.0061	0.0060	0.0002	0.0545	0.0472	0.0073	0.4704	0.3335	0.1369	0.2381	0.2069	0.0312	0.2324	0.1266	0.1057	0.0000	0.0000	0.0000	0.0001	0.0000	0.0005	0.0000	0.0000	0.0000	0.0713	0.0052	0.2325	0.0652	0.0083	0.4423	0.0776	0.0000	0.1706
3	87	0.3749	6	0	1	0	0	0	0	0	0	N	N	N	N	N	N	N	N	N	N	N	N	0.0001	0.0000	0.0002	0.0001	0.0001	0.0005	0.0000	0.0000	0.0001	0.0000	0.0000	0.0000	0.0000	0.0000	0.0001	0.0000	0.0000	0.0000	0.0586	0.0433	0.0981	0.0637	0.0534	0.1320	0.0519	0.0222	0.0858	1.1265	0.8742	0.0000	-0.0027	0.9999	2.7608	6.2197	22.4044	0.0000	0.0000	0.0000	0.0000	0.0000	0.0000	0.0000	0.0000	0.0000	0.0496	0.0265	0.0231	0.0304	0.0221	0.0083	0.0192	0.0044	0.0148	0.0497	0.0441	0.0056	0.0167	0.0161	0.0006	0.0330	0.0280	0.0051	0.8466	0.6108	0.2358	0.4767	0.4139	0.0628	0.3700	0.1970	0.1730	0.0001	0.0000	0.0002	0.0001	0.0001	0.0005	0.0000	0.0000	0.0001	0.0586	0.0433	0.0981	0.0637	0.0534	0.1320	0.0519	0.0222	0.0858
3	88	0.2451	5	0	1	0	0	0	0	0	0	N	N	N	N	N	N	N	N	N	N	N	N	0.0044	0.0040	0.0043	0.0000	0.0000	0.0000	0.0065	0.0061	0.0042	0.0017	0.0018	0.0010	0.0000	0.0000	0.0000	0.0020	0.0021	0.0011	0.3914	0.4574	0.2394	0.4849	0.5325	0.1795	0.3063	0.3488	0.2555	0.0769	0.2274	-0.0000	-0.1027	0.9999	8.8820	6.2197	49.9570	0.0001	0.0001	0.0000	0.0000	0.0000	0.0000	0.0001	0.0001	0.0000	0.3059	0.2492	0.0567	0.1805	0.1715	0.0090	0.1254	0.0777	0.0477	0.0805	0.0707	0.0098	0.0102	0.0097	0.0004	0.0703	0.0609	0.0094	0.7817	0.5450	0.2367	0.3723	0.3221	0.0502	0.4094	0.2228	0.1866	0.0044	0.0040	0.0043	0.0000	0.0000	0.0000	0.0065	0.0061	0.0042	0.3914	0.4574	0.2394	0.4849	0.5325	0.1795	0.3063	0.3488	0.2555
3	89	0.0577	2	1	2	0	1	0	0	0	0	N	Y	N	N	N	N	N	N	N	N	N	N	0.0000	0.0000	0.0000	0.0000	0.0000	0.0000	0.0000	0.0000	0.0000	0.0000	0.0000	0.0000	0.0000	0.0000	0.0000	0.0000	0.0000	0.2162	0.0117	0.6558	0.0981	0.0237	0.6809	0.2884	0.0000	0.6519	26.1394	0.0000	0.0237	0.9999	0.7962	6.2197	16.9291	0.0000	0.0000	0.0000	0.0000	0.0000	0.0000	0.0000	0.0000	0.0000	0.0536	0.0020	0.0517	0.0092	0.0020	0.0073	0.0444	0.0000	0.0444	0.0069	0.0060	0.0009	0.0000	0.0000	0.0000	0.0069	0.0060	0.0009	0.2481	0.1693	0.0788	0.0941	0.0835	0.0107	0.1539	0.0858	0.0681	0.0000	0.0000	0.0000	0.0000	0.0000	0.0000	0.0000	0.0000	0.0000	0.2162	0.0117	0.6558	0.0981	0.0237	0.6809	0.2884	0.0000	0.6519		
3	90	0.1298	7	0	2	0	1	0	0	0	0	N	Y	N	N	N	N	N	N	N	N	N	N	0.0000	0.0000	0.0000	0.0000	0.0000	0.0000	0.0000	0.0000	0.0000	0.0000	0.0000	0.0000	0.0000	0.0000	0.0000	0.0000	0.0000	0.0000	0.0000	0.0000	0.9999	0.0000	6.2197	0.0000	0.0000	0.0000	0.0000	0.0000	0.0000	0.0000	0.0000	0.0000	0.0000	0.0000	0.0000	0.0000	0.0000	0.0000	0.0000	0.0000	0.0000	0.0000	0.0000	0.0000	0.0000	0.0000	0.0000	0.0000	0.0000	0.0000	0.0000	0.0000	0.0000	0.0000	0.0000	0.0000	0.0000	0.0000	0.0000	0.0000	0.0000	0.0000	0.0000	0.0000	0.0000	0.0000	0.0000	0.0000	0.0000	0.0000	0.0000	0.0000	0.0000	0.0000	0.0000	0.0000	0.0000	0.0000											
3	91	0.1190	6	0	2	0	1	0	0	0	0	N	Y	N	N	N	N	N	N	N	N	N	N	0.0000	0.0000	0.0000	0.0000	0.0000	0.0000	0.0000	0.0000	0.0000	0.0000	0.0000	0.0000	0.0000	0.0000	0.0000	0.0000	0.0000	0.0000	0.0000	0.0000	0.9999	1.0000	6.2197	3.0000	0.0000	0.0000	0.0000	0.0000	0.0000	0.0000	0.0000	0.0000	0.0000	0.0000	0.0000	0.0000	0.0000	0.0000	0.0000	0.0000	0.0000	0.0000	0.0098	0.0085	0.0013	0.0000	0.0000	0.0000	0.0097	0.0084	0.0013	0.0648	0.0456	0.0192	0.0248	0.0223	0.0025	0.0400	0.0232	0.0167	0.0000	0.0000	0.0000	0.0000	0.0000	0.0000	0.0000	0.0000	0.0000	0.0000	0.0000	0.0000	0.0000	0.0000	0.0000	0.0000	0.0000	0.0000											
3	92	0.1125	4	0	2	0	0	0	0	0	0	N	Y	N	N	N	N	N	N	N	N	N	N	0.0000	0.0000	0.0000	0.0000	0.0000	0.0000	0.0000	0.0000	0.0000	0.0000	0.0000	0.0000	0.0000	0.0000	0.0000	0.0000	0.0000	0.0000	0.0000	0.0000	0.9999	0.0000	6.2197	0.0000	0.0000	0.0000	0.0000	0.0000	0.0000	0.0000	0.0000	0.0000	0.0000	0.0000	0.0000	0.0000	0.0000	0.0000	0.0000	0.0000	0.0000	0.0000	0.0000	0.0000	0.0000	0.0000	0.0000	0.0000	0.0000	0.0000	0.0000	0.0000	0.0000	0.0000	0.0000	0.0000	0.0000	0.0000	0.0000	0.0000	0.0000	0.0000	0.0000	0.0000	0.0000	0.0000	0.0000	0.0000	0.0000	0.0000	0.0000	0.0000	0.0000	0.0000	0.0000	0.0000	0.0000	0.0000											
3	93	0.1190	6	0	1	1	1	0	0	0	0	N	N	N	N	N	N	N	N	N	N	N	N	0.0000	0.0000	0.0000	0.0000	0.0000	0.0000	0.0000	0.0000	0.0000	0.0000	0.0000	0.0000	0.0000	0.0000	0.0000	0.0000	0.0000	0.0000	0.0000	0.0000	0.9999	0.0000	6.2197	0.0000	0.0000	0.0000	0.0000	0.0000	0.0000	0.0000	0.0000	0.0000	0.0000	0.0000	0.0000	0.0000	0.0000	0.0000	0.0000	0.0000	0.0000	0.0000	0.0000	0.0000	0.0000	0.0000	0.0000	0.0000	0.0000	0.0000	0.0000	0.0000	0.0000	0.0000	0.0000	0.0000	0.0000	0.0000	0.0000	0.0000	0.0000	0.0000	0.0000	0.0000	0.0000	0.0000	0.0000	0.0000	0.0000	0.0000	0.0000	0.0000	0.0000	0.0000	0.0000	0.0000	0.0000	0.0000											
3	94	0.1164	5	0	1	0	1	0	0	0	0	N	N	N	N	N	N	N	N	N	N	N	N	0.0000	0.0000	0.0000	0.0000	0.0000	0.0000	0.0000	0.0000	0.0000	0.0000	0.0000	0.0000	0.0000	0.0000	0.0000	0.0000	0.0000	0.0000	0.0000	0.0000	0.9999	1.0000	6.2197	0.0097	0.0000	0.0000	0.0000	0.0000	0.0000	0.0000	0.0000	0.0000	0.0000	0.0000	0.0000	0.0000	0.0000	0.0000	0.0000	0.0000	0.0000	0.0000	0.0098	0.0085	0.0013	0.0000	0.0000	0.0000	0.0097	0.0084	0.0013	0.0176	0.0122	0.0053	0.0068	0.0062	0.0006	0.0107	0.0061	0.0047	0.0000	0.0000	0.0000	0.0000	0.0000	0.0000	0.0000	0.0000	0.0000	0.0000	0.0000	0.0000	0.0000	0.0000	0.0000	0.0000	0.0000	0.0000											
3	95	0.1164	5	0	1	1	1	0	0	0	0	N	N	N	N	N	N	N	N	N	N	N	N	0.0000	0.0000	0.0000	0.0000	0.0000	0.0000	0.0000	0.0000	0.0000	0.0000	0.0000	0.0000	0.0000	0.0000	0.0000	0.0000	0.0000	0.0000	0.0000	0.0000	0.9999	2.0000	6.2197	3.0050	0.0000	0.0000	0.0000	0.0000	0.0000	0.0000	0.0000	0.0000	0.0000	0.0000	0.0000	0.0000	0.0000	0.0000	0.0000	0.0000	0.0000	0.0000	0.0193	0.0168	0.0025	0.0001	0.0001	0.0000	0.0192	0.0167	0.0025	0.0808	0.0567	0.0241	0.0310	0.0279	0.0031	0.0498	0.0288	0.0210	0.0000	0.0000	0.0000	0.0000	0.0000	0.0000	0.0000	0.0000	0.0000	0.0000	0.0000	0.0000	0.0000	0.0000	0.0000	0.0000	0.0000	0.0000											
3	96	0.1164	5	0	1	1	1	0	0	0	0	N	N	N	N	N	N	N	N	N	N	N	N	0.0000	0.0000	0.0000	0.0000	0.0000	0.0000	0.0000	0.0000	0.0000	0.0000	0.0000	0.0000	0.0000	0.0000	0.0000	0.0000	0.0000	0.0000	0.0000	0.0000	0.9999	0.0000	6.2197	6.9903	0.0000	0.0000	0.0000	0.0000	0.0000	0.0000	0.0000	0.0000	0.0000	0.0000	0.0000	0.0000	0.0000	0.0000	0.0000	0.0000	0.0000	0.0000	0.0000	0.0000	0.0000	0.0000	0.0000	0.0000	0.0000	0.0000	0.0000	0.1102	0.0773	0.0329	0.0421	0.0378	0.0043	0.0681	0.0394	0.0286	0.0000	0.0000	0.0000	0.0000	0.0000	0.0000	0.0000	0.0000	0.0000	0.0000	0.0000	0.0000	0.0000	0.0000	0.0000	0.0000	0.0000	0.0000											
3	97	0.1108	4	0	1	0	1	0	0	0	0	N	N	N	N	N	N	N	N	N	N	N	N	0.0000	0.0000	0.0000	0.0000	0.0000	0.0000	0.0000	0.0000	0.0000	0.0000	0.0000	0.0000	0.0000	0.0000	0.0000	0.0000	0.0000	0.0001	0.0000	0.0002	0.0001	0.0000	0.0008	0.0000	0.0000	0.0001	530.3077	0.0000	0.0000	0.9999	0.9999	6.2197	1.0605	0.0000	0.0000	0.0000	0.0000	0.0000	0.0000	0.0000	0.0000	0.0000	0.0000	0.0000	0.0000	0.0000	0.0000	0.0000	0.0000	0.0000	0.0000	0.0097	0.0084	0.0013	0.0000	0.0000	0.0000	0.0097	0.0084	0.0013	0.0367	0.0261	0.0105	0.0143	0.0130	0.0013	0.0224	0.0131	0.0093	0.0000	0.0000	0.0000	0.0000	0.0000	0.0000	0.0000	0.0000	0.0000	0.0001	0.0000	0.0002	0.0001	0.0000	0.0008	0.0000	0.0000	0.0001		
3	98	0.1087	3	0	1	0	1	0	0	0	0	N	N	N	N	N	N	N	N	N	N	N	N	0.0000	0.0000	0.0000	0.0000	0.0000	0.0000	0.0000	0.0000	0.0000	0.0000	0.0000	0.0000	0.0000	0.0000	0.0000	0.0000	0.0000	0.0010	0.0002	0.0032	0.0011	0.0003	0.0094	0.0010	0.0000	0.0024	7.0804	0.0000	0.0000	0.9999	0.0012	6.2197	1.0414	0.0000	0.0000	0.0000	0.0000	0.0000	0.0000	0.0000	0.0000	0.0000	0.0000	0.0000	0.0000	0.0000	0.0000	0.0000	0.0000	0.0000	0.0000	0.0000	0.0000	0.0000	0.0000	0.0000	0.0000	0.0000	0.0000	0.0000	0.0205	0.0148	0.0057	0.0081	0.0075	0.0006	0.0124	0.0073	0.0051	0.0000	0.0000	0.0000	0.0000	0.0000	0.0000	0.0000	0.0000	0.0000	0.0010	0.0002	0.0032	0.0011	0.0003	0.0094	0.0010	0.0000	0.0024		
3	99	0.0577	2	1	2	0	0	0	0	0	0	N	Y	N	N	N	N	N	N	N	N	N	N	0.0000	0.0000	0.0000	0.0000	0.0000	0.0000	0.0000	0.0000	0.0000	0.0000	0.0000	0.0000	0.0000	0.0000	0.0000	0.0000	0.0000	0.2566	0.0009	0.8125	0.0955	0.0018	0.9963	0.3573	0.0000	0.8063	414.4022	0.0000	0.0247	0.9999	3.2042	6.2197	9.0918	0.0000	0.0000	0.0000	0.0000	0.0000	0.0000	0.0000	0.0000	0.0000	0.0518	0.0001	0.0517	0.0074	0.0001	0.0073	0.0444	0.0000	0.0444	0.0301	0.0262	0.0039	0.0000	0.0000	0.0000	0.0301	0.0262	0.0039	0.2020	0.1383	0.0637	0.0776	0.0691	0.0085	0.1244	0.0693	0.0551	0.0000	0.0000	0.0000	0.0000	0.0000	0.0000	0.0000	0.0000	0.0000	0.2566	0.0009	0.8125	0.0955	0.0018	0.8527	0.3573	0.0000	0.8063		
3	100	0.0577	2	0	2	0	0	0	0	0	0	N	Y	N	N	N	N	N	N	N	N	N	N	0.0000	0.0000	0.0000	0.0000	0.0000	0.0000	0.0000	0.0000	0.0000	0.0000	0.0000	0.0000	0.0000	0.0000	0.0000	0.0000	0.0000	0.0000	5.9581	8.2323	0.9814	0.1360	0.0324	1.0460	9.6354	16.5343	0.9797	0.0545	0.0000	-0.4944	0.9999	0.7962	6.2197	10.9291	0.0000	0.0000	0.0000	0.0000	0.0000	0.0000	0.0000	0.0000	0.0000	1.0532	0.9988	0.0544	0.0093	0.0020	0.0073	1.0439	0.9969	0.0471	0.0069	0.0060	0.0009	0.0000	0.0000	0.0000	0.0069	0.0060	0.0009	0.1768	0.1213	0.0554	0.0684	0.0610	0.0074	0.1083	0.0603	0.0481	0.0000	0.0000	0.0000	0.0000	0.0000	0.0000	0.0000	0.0000	0.0000	5.9581	8.2323	0.9814	0.1360	0.0324	0.9918	9.6354	16.5343	0.9797	
3	101	0.1156	5	1	2	0	0	0	0	0	0	N	Y	N	N	N	N	N	N	N	N	N	N	0.0000	0.0000	0.0000	0.0000	0.0000	0.0000	0.0000	0.0000	0.0000	0.0000	0.0000	0.0000	0.0000	0.0008	0.0012	0.0000	0.0022	0.0024	0.0000	0.0000	0.0000	0.0000	0.0000	0.0000	-0.0000	0.9999	0.0000	6.2197	3.0000	0.0000	0.0000	0.0000	0.0000	0.0000	0.0000	0.0000	0.0000	0.0000	0.0000	0.0000	0.0000	0.0000	0.0000	0.0000	0.0000	0.0000	0.0000	0.0000	0.0000	0.0000	0.0000	0.0000	0.0000	0.0000	0.0000	0.0000	0.0483	0.0339	0.0144	0.0184	0.0165	0.0018	0.0299	0.0174	0.0125	0.0000	0.0000	0.0000	0.0000	0.0000	0.0000	0.0000	0.0000	0.0000	0.0008	0.0012	0.0000	0.0022	0.0024	0.0000	0.0000	0.0000	0.0000						
3	102	0.1125	4	1	2	0	0	0	0	0	0	N	Y	N	N	N	N	N	N	N	N	N	N	0.0000	0.0000	0.0000	0.0000	0.0000	0.0000	0.0000	0.0000	0.0000	0.0000	0.0000	0.0000	0.0000	0.0000	0.0000	0.0000	0.0000	0.0000	0.0000	0.0000	0.9999	0.0000	6.2197	1.0000	0.0000	0.0000	0.0000	0.0000	0.0000	0.0000	0.0000	0.0000	0.0000	0.0000	0.0000	0.0000	0.0000	0.0000	0.0000	0.0000	0.0000	0.0000	0.0000	0.0000	0.0000	0.0000	0.0000	0.0000	0.0000	0.0000	0.0000	0.0167	0.0118	0.0050	0.0064	0.0057	0.0006	0.0104	0.0060	0.0043	0.0000	0.0000	0.0000	0.0000	0.0000	0.0000	0.0000	0.0000	0.0000	0.0000	0.0000	0.0000	0.0000	0.0000	0.0000	0.0000	0.0000	0.0000											
3	103	0.1087	3	0	2	0	0	0	0	0	0	N	Y	N	N	N	N	N	N	N	N	N	N	0.0000	0.0000	0.0000	0.0000	0.0000	0.0000	0.0000	0.0000	0.0000	0.0000	0.0000	0.0000	0.0000	0.0000	0.0000	0.0000	0.0000	0.0009	0.0000	0.0031	0.0008	0.0001	0.0093	0.0010	0.0000	0.0024	36.8568	0.0000	0.0000	0.9999	0.0006	6.2197	1.0534	0.0000	0.0000	0.0000	0.0000	0.0000	0.0000	0.0000	0.0000	0.0000	0.0000	0.0000	0.0000	0.0000	0.0000	0.0000	0.0000	0.0000	0.0000	0.0000	0.0000	0.0000	0.0000	0.0000	0.0000	0.0000	0.0000	0.0000	0.0207	0.0149	0.0058	0.0082	0.0075	0.0007	0.0125	0.0074	0.0051	0.0000	0.0000	0.0000	0.0000	0.0000	0.0000	0.0000	0.0000	0.0000	0.0009	0.0000	0.0031	0.0008	0.0001	0.0093	0.0010	0.0000	0.0024		
3	104	0.0577	2	0	1	0	0	0	0	0	0	N	N	N	N	N	N	N	N	N	N	N	N	0.0000	0.0000	0.0000	0.0000	0.0000	0.0000	0.0000	0.0000	0.0000	0.0000	0.0000	0.0000	0.0000	0.0000	0.0000	0.0000	0.0000	0.0000	0.1965	0.0008	0.6156	0.0744	0.0015	0.6395	0.2706	0.0000	0.6118	370.7675	0.0000	0.0247	0.9999	7.2034	6.2197	9.9858	0.0000	0.0000	0.0000	0.0000	0.0000	0.0000	0.0000	0.0000	0.0000	0.0518	0.0001	0.0517	0.0074	0.0001	0.0073	0.0444	0.0000	0.0444	0.0646	0.0563	0.0082	0.0000	0.0000	0.0000	0.0646	0.0563	0.0082	0.2638	0.1798	0.0840	0.0997	0.0883	0.0114	0.1641	0.0915	0.0726	0.0000	0.0000	0.0000	0.0000	0.0000	0.0000	0.0000	0.0000	0.0000	0.1965	0.0008	0.6156	0.0744	0.0015	0.6395	0.2706	0.0000	0.6118	
3	109	0.3274	6	0	1	0	0	0	0	0	0	N	N	N	N	N	N	N	N	N	N	N	N	0.0000	0.0000	0.0000	0.0000	0.0000	0.0000	0.0000	0.0000	0.0000	0.0000	0.0000	0.0000	0.0000	0.0000	0.0000	0.0000	0.0000	0.0000	2.3224	1.2355	4.8438	1.1789	1.3775	0.0699	3.5312	1.0003	6.5130	inf	1.6898	0.0000	0.1579	0.9999	7.7801	6.2197	32.2209	0.0000	0.0000	0.0000	0.0000	0.0000	0.0000	0.0000	0.0000	0.0000	1.4735	0.5478	0.9257	0.3844	0.3809	0.0035	1.0891	0.1669	0.9223	0.0660	0.0580	0.0081	0.0069	0.0065	0.0004	0.0591	0.0515	0.0077	0.6345	0.4434	0.1911	0.3261	0.2766	0.0495	0.3084	0.1668	0.1416	0.0000	0.0000	0.0000	0.0000	0.0000	0.0000	0.0000	0.0000	0.0000	2.3224	1.2355	4.8438	1.1789	1.3775	0.0699	3.5312	1.0003	6.5130
4	5	0.1565	2	1	1	1	1	0	0	0	0	N	N	N	N	N	N	N	N	N	N	N	N	0.3226	32.6254	0.2119	2.3372	1.3309	786.4851	0.4214	inf	0.1023	0.5200	0.4956	0.6914	0.2618	0.1572	3.8897	0.7263	0.8247	0.3361	1.6121	0.0152	3.2620	0.1120	0.1181	0.0049	1.7234	0.0000	3.2869	0.1984	207.8308	0.0007	0.4657	12.3049	0.0308	21.0710	9.4656	0.0102	0.0085	0.0017	0.0023	0.0013	0.0010	0.0079	0.0072	0.0007	0.9823	0.0047	0.9776	0.0047	0.0047	0.0000	0.9776	0.0000	0.9776	0.0197	0.0172	0.0025	0.0087	0.0085	0.0002	0.0109	0.0087	0.0022	0.6093	0.3096	0.2997	0.0421	0.0398	0.0023	0.5672	0.2698	0.2974	0.3226	32.6254	0.2119	2.3372	1.3309	786.4851	0.4214	inf	0.1023	1.6121	0.0152	3.2620	0.1120	0.1181	0.0049	1.7234	0.0000	3.2869
4	6	0.1869	3	1	1	1	2	0	0	0	0	N	N	N	Y	N	N	N	N	N	N	N	N	0.2926	134316.0348	0.0699	703.6125	9382.8246	282.7796	0.4202	inf	0.0130	0.8026	0.8515	0.3990	0.3953	0.3500	1.0042	1.2861	1.5063	0.0765	2.7434	0.0000	5.7075	0.0006	0.0000	0.0036	3.0609	0.0000	5.8974	0.0567	833308.4499	-0.0000	0.4787	12.3049	0.0006	21.0710	5.9946	0.0005	0.0004	0.0000	0.0001	0.0001	0.0000	0.0003	0.0003	0.0000	0.9995	0.0000	0.9995	0.0000	0.0000	0.0000	0.9995	0.0000	0.9995	0.0006	0.0005	0.0001	0.0003	0.0003	0.0000	0.0003	0.0002	0.0000	0.3643	0.1892	0.1751	0.0378	0.0322	0.0056	0.3265	0.1570	0.1695	0.2926	134316.0348	0.0699	703.6125	9382.8246	282.7796	0.4202	inf	0.0130	2.7434	0.0000	5.7075	0.0006	0.0000	0.0036	3.0609	0.0000	5.8974
4	7	0.1733	2	1	0	2	1	0	0	0	0	N	N	Y	N	N	N	N	N	N	N	N	N	465.7955	273.0532	2554.0658	9.4418	8.0159	343.8472	116462.5527	inf	1738.0956	1.2705	1.4348	0.1737	0.3529	0.3341	0.7257	2.0689	2.5769	0.0597	0.0027	0.0053	0.0001	0.0374	0.0417	0.0021	0.0000	0.0000	0.0000	0.0181	0.0123	-0.0003	-0.0005	12.3049	0.0052	21.0710	6.0470	0.0042	0.0041	0.0001	0.0005	0.0005	0.0001	0.0037	0.0036	0.0000	0.0011	0.0011	0.0000	0.0011	0.0011	0.0000	0.0000	0.0000	0.0000	0.0033	0.0029	0.0004	0.0015	0.0015	0.0001	0.0018	0.0014	0.0004	0.3920	0.2010	0.1910	0.0284	0.0253	0.0031	0.3635	0.1757	0.1879	465.7955	273.0532	2554.0658	9.4418	8.0159	343.8472	116462.5527	inf	1738.0956	0.0027	0.0053	0.0001	0.0374	0.0417	0.0021	0.0000	0.0000	0.0000
4	9	0.1901	5	0	0	2	1	0	0	0	0	N	N	Y	N	N	N	N	N	N	N	N	N	0.0000	0.0000	0.0000	0.0000	0.0000	0.0000	0.0000	0.0000	0.0000	0.0000	0.0000	0.0000	0.0000	0.0000	0.0000	0.0000	0.0000	0.0018	0.0006	0.0038	0.0022	0.0013	0.0070	0.0016	0.0000	0.0032	3.5000	0.0000	0.0000	12.3049	0.0000	21.0710	0.9989	0.0000	0.0000	0.0000	0.0000	0.0000	0.0000	0.0000	0.0000	0.0000	0.0001	0.0000	0.0001	0.0000	0.0000	0.0000	0.0001	0.0000	0.0001	0.0000	0.0000	0.0000	0.0000	0.0000	0.0000	0.0000	0.0000	0.0000	0.0501	0.0316	0.0186	0.0181	0.0152	0.0028	0.0320	0.0163	0.0157	0.0000	0.0000	0.0000	0.0000	0.0000	0.0000	0.0000	0.0000	0.0000	0.0018	0.0006	0.0038	0.0022	0.0013	0.0070	0.0016	0.0000	0.0032		
4	10	0.1722	3	0	0	2	1	0	0	0	0	N	N	Y	N	N	N	N	N	N	N	N	N	0.0000	0.0000	0.0000	0.0000	0.0000	0.0000	0.0000	0.0000	0.0000	0.0000	0.0000	0.0000	0.0000	0.0000	0.0000	0.0000	0.0000	0.0000	4.7178	6.6638	0.5549	0.0681	0.0068	0.5180	7.4920	12.8729	0.5610	0.0389	0.0000	-0.9079	12.3049	0.0010	21.0710	6.5746	0.0000	0.0000	0.0000	0.0000	0.0000	0.0000	0.0000	0.0000	0.0000	1.8773	1.8070	0.0703	0.0101	0.0009	0.0092	1.8672	1.8061	0.0611	0.0003	0.0003	0.0000	0.0001	0.0001	0.0000	0.0002	0.0002	0.0000	0.3979	0.2712	0.1268	0.1487	0.1309	0.0178	0.2492	0.1403	0.1089	0.0000	0.0000	0.0000	0.0000	0.0000	0.0000	0.0000	0.0000	0.0000	4.7178	6.6638	0.5549	0.0681	0.0068	0.5180	7.4920	12.8729	0.5610	
4	12	0.1547	3	0	1	1	1	0	0	0	0	N	N	N	N	N	N	N	N	N	N	N	N	0.0000	0.0000	0.0000	0.0000	0.0000	0.0000	0.0000	0.0000	0.0000	0.0000	0.0000	0.0000	0.0000	0.0003	0.0005	0.0000	0.0012	0.0012	0.0000	0.0000	0.0000	0.0000	0.0000	0.0000	-0.0000	12.3049	0.0000	21.0710	1.2577	0.0000	0.0000	0.0000	0.0000	0.0000	0.0000	0.0000	0.0000	0.0000	0.0001	0.0001	0.0000	0.0001	0.0001	0.0000	0.0000	0.0000	0.0000	0.0000	0.0000	0.0000	0.0000	0.0000	0.0000	0.0000	0.0000	0.0000	0.1683	0.1159	0.0524	0.0467	0.0461	0.0006	0.1216	0.0698	0.0518	0.0000	0.0000	0.0000	0.0000	0.0000	0.0000	0.0000	0.0000	0.0000	0.0003	0.0005	0.0000	0.0012	0.0012	0.0000	0.0000	0.0000	0.0000						
4	13	0.1925	4	0	0	1	2	0	0	0	0	N	N	N	Y	N	N	N	N	N	N	N	N	0.0000	0.0000	0.0000	0.0000	0.0000	0.0000	0.0000	0.0000	0.0000	0.0000	0.0000	0.0000	0.0000	0.0000	0.0000	0.0000	0.0000	0.0000	0.0000	0.0000	12.3049	0.0000	21.0710	1.9950	0.0000	0.0000	0.0000	0.0000	0.0000	0.0000	0.0000	0.0000	0.0000	0.0000	0.0000	0.0000	0.0000	0.0000	0.0000	0.0000	0.0000	0.0000	0.0000	0.0000	0.0000	0.0000	0.0000	0.0000	0.0000	0.0000	0.0000	0.1183	0.0597	0.0586	0.0127	0.0107	0.0020	0.1056	0.0490	0.0566	0.0000	0.0000	0.0000	0.0000	0.0000	0.0000	0.0000	0.0000	0.0000	0.0000	0.0000	0.0000	0.0000	0.0000	0.0000	0.0000	0.0000	0.0000											
4	14	0.5588	8	0	1	1	2	0	0	0	0	N	N	N	Y	N	N	N	N	N	N	N	N	0.6116	0.2607	1.7002	0.0591	2.3224	0.0319	0.3668	0.0000	1.3984	4.5219	0.0005	37.5201	0.0051	0.0044	0.0168	5.1173	0.0000	39.5803	7.3941	0.0021	22.0682	0.0855	0.0019	0.5279	13.9532	0.0024	28.3046	9352.3335	5273.0150	2.7108	4.0809	12.3049	3.8100	21.0710	14.0319	2.9976	0.0003	2.9973	0.0004	0.0003	0.0001	2.9972	0.0000	2.9972	8.5244	0.0016	8.5227	0.0466	0.0009	0.0458	8.4777	0.0008	8.4770	0.6629	0.5830	0.0799	0.0772	0.0730	0.0042	0.5857	0.5100	0.0757	1.1529	0.7667	0.3862	0.5453	0.4586	0.0867	0.6076	0.3081	0.2995	0.6116	0.2607	1.7002	0.0591	2.3224	0.0319	0.3668	0.0000	1.3984	7.3941	0.0021	22.0682	0.0855	0.0019	0.5279	13.9532	0.0024	28.3046
4	15	0.1688	2	0	1	1	1	0	0	0	0	N	N	N	N	N	N	N	N	N	N	N	N	2445.9667	946.2814	516966.9922	3765.4888	2199.0460	216379.5246	48.8023	23.0876	4249.2442	3.2939	2.3686	10.9808	6.0082	4.2682	21.7503	0.0629	0.0629	0.0629	0.0013	0.0025	0.0000	0.0016	0.0019	0.0001	0.0013	0.0027	0.0000	0.5581	0.0074	0.6774	-0.0003	12.3049	2.5826	21.0710	3.6028	2.5794	1.6555	0.9239	2.5569	1.6356	0.9213	0.0225	0.0199	0.0026	0.0006	0.0006	0.0000	0.0001	0.0001	0.0000	0.0005	0.0005	0.0000	0.7831	0.6989	0.0841	0.4256	0.3832	0.0424	0.3575	0.3157	0.0418	0.4414	0.2357	0.2056	0.0824	0.0670	0.0155	0.3589	0.1687	0.1902	2445.9667	946.2814	516966.9922	3765.4888	2199.0460	216379.5246	48.8023	23.0876	4249.2442	0.0013	0.0025	0.0000	0.0016	0.0019	0.0001	0.0013	0.0027	0.0000
4	16	0.2059	6	0	1	1	2	0	0	0	0	N	N	N	Y	N	N	N	N	N	N	N	N	0.0000	0.0000	0.0000	0.0000	0.0000	0.0000	0.0000	0.0000	0.0000	0.0000	0.0000	0.0000	0.0000	0.0000	0.0000	0.0000	0.0000	0.0000	0.0000	0.0000	12.3049	0.0000	21.0710	0.0000	0.0000	0.0000	0.0000	0.0000	0.0000	0.0000	0.0000	0.0000	0.0000	0.0000	0.0000	0.0000	0.0000	0.0000	0.0000	0.0000	0.0000	0.0000	0.0000	0.0000	0.0000	0.0000	0.0000	0.0000	0.0000	0.0000	0.0000	0.0000	0.0000	0.0000	0.0000	0.0000	0.0000	0.0000	0.0000	0.0000	0.0000	0.0000	0.0000	0.0000	0.0000	0.0000	0.0000	0.0000	0.0000	0.0000	0.0000	0.0000	0.0000	0.0000	0.0000	0.0000	0.0000	0.0000											
4	18	0.2124	2	0	0	1	2	0	0	0	0	N	N	N	Y	N	N	N	N	N	N	N	N	0.0002	0.6969	0.0003	0.1811	4.5392	0.0000	0.0001	inf	0.0002	0.0010	0.0003	0.0059	0.0035	0.0037	0.0000	0.0008	0.0000	0.0062	6.5638	0.0005	19.9108	0.0196	0.0008	0.1116	12.6816	0.0000	26.4329	2.4675	19793.8788	0.0001	0.4722	12.3049	0.9969	21.0710	1.0186	0.0002	0.0001	0.0001	0.0001	0.0001	0.0000	0.0001	0.0000	0.0001	0.9861	0.0000	0.9860	0.0014	0.0000	0.0014	0.9846	0.0000	0.9846	0.1747	0.1528	0.0219	0.0146	0.0138	0.0008	0.1601	0.1390	0.0211	0.1502	0.1007	0.0495	0.0726	0.0603	0.0123	0.0776	0.0404	0.0373	0.0002	0.6969	0.0003	0.1811	4.5392	0.0000	0.0001	inf	0.0002	6.5638	0.0005	19.9108	0.0196	0.0008	0.1116	12.6816	0.0000	26.4329
4	19	0.1540	2	1	0	2	1	0	0	0	0	N	N	Y	N	N	N	N	N	N	N	N	N	2167.9155	0.8854	1272265.2241	83.2611	0.0078	55327.6625	35713.9876	inf	164140.1310	1.2740	0.0010	20.9618	1.5301	0.0002	31.5267	0.2310	0.0048	2.0530	0.0006	0.0012	0.0000	0.0184	0.0207	0.0006	0.0000	0.0000	0.0000	1309.6435	0.0143	0.3553	-0.0000	12.3049	0.3962	21.0710	2.0067	0.3932	0.0003	0.3929	0.3791	0.0000	0.3791	0.0141	0.0003	0.0138	0.0001	0.0001	0.0000	0.0001	0.0001	0.0000	0.0000	0.0000	0.0000	0.3086	0.2899	0.0187	0.2478	0.2358	0.0120	0.0608	0.0541	0.0067	0.1525	0.0756	0.0769	0.0048	0.0043	0.0005	0.1477	0.0713	0.0764	2167.9155	0.8854	1272265.2241	83.2611	0.0078	55327.6625	35713.9876	inf	164140.1310	0.0006	0.0012	0.0000	0.0184	0.0207	0.0006	0.0000	0.0000	0.0000
4	20	0.1834	4	0	1	1	1	0	0	0	0	N	N	N	N	N	N	N	N	N	N	N	N	0.0000	0.0000	0.0000	0.0000	0.0000	0.0000	0.0000	0.0000	0.0000	0.0000	0.0000	0.0000	0.0000	0.0000	0.0000	0.0000	0.0000	0.0307	0.0200	0.0495	0.0381	0.0411	0.0210	0.0265	0.0000	0.0545	1.4113	0.0000	0.0002	12.3049	0.0000	21.0710	3.0021	0.0000	0.0000	0.0000	0.0000	0.0000	0.0000	0.0000	0.0000	0.0000	0.0030	0.0012	0.0017	0.0014	0.0012	0.0001	0.0016	0.0000	0.0016	0.0000	0.0000	0.0000	0.0000	0.0000	0.0000	0.0000	0.0000	0.0000	0.0973	0.0620	0.0354	0.0354	0.0302	0.0052	0.0619	0.0318	0.0301	0.0000	0.0000	0.0000	0.0000	0.0000	0.0000	0.0000	0.0000	0.0000	0.0307	0.0200	0.0495	0.0381	0.0411	0.0210	0.0265	0.0000	0.0545		
4	23	0.1780	3	0	1	1	1	0	0	0	0	N	N	N	N	N	N	N	N	N	N	N	N	0.0000	0.0000	0.0000	0.0000	0.0000	0.0000	0.0000	0.0000	0.0000	0.0000	0.0000	0.0000	0.0000	0.0000	0.0000	0.0000	0.0000	0.0000	1.5220	2.2478	0.1175	0.0076	0.0045	0.0355	2.7017	5.5626	0.1299	0.0270	0.0000	-0.4980	12.3049	0.0000	21.0710	4.0676	0.0000	0.0000	0.0000	0.0000	0.0000	0.0000	0.0000	0.0000	0.0000	1.0065	0.9800	0.0265	0.0022	0.0012	0.0010	1.0043	0.9788	0.0254	0.0629	0.0574	0.0055	0.0347	0.0332	0.0015	0.0283	0.0242	0.0041	0.6613	0.4360	0.2253	0.2896	0.2600	0.0295	0.3717	0.1760	0.1957	0.0000	0.0000	0.0000	0.0000	0.0000	0.0000	0.0000	0.0000	0.0000	1.5220	2.2478	0.1175	0.0076	0.0045	0.0355	2.7017	5.5626	0.1299	
4	25	0.1519	2	0	1	1	1	0	0	0	0	N	N	N	N	N	N	N	N	N	N	N	N	540.6011	316.7093	3475.6871	0.5387	0.2203	109.2876	88497.8558	inf	5210.6809	3.9856	4.3514	0.6723	0.0462	0.0202	0.4065	6.6491	7.4600	0.7717	0.0074	0.0137	0.0002	0.0857	0.0918	0.0037	0.0001	0.0000	0.0001	0.0171	0.0125	-0.0809	-0.0021	12.3049	1.0335	21.0710	7.4537	1.0272	1.0099	0.0172	0.0048	0.0020	0.0028	1.0224	1.0080	0.0144	0.0041	0.0041	0.0001	0.0041	0.0041	0.0000	0.0000	0.0000	0.0000	0.2577	0.2321	0.0256	0.1040	0.0970	0.0070	0.1538	0.1351	0.0186	0.5622	0.2979	0.2642	0.0479	0.0446	0.0034	0.5142	0.2534	0.2609	540.6011	316.7093	3475.6871	0.5387	0.2203	109.2876	88497.8558	inf	5210.6809	0.0074	0.0137	0.0002	0.0857	0.0918	0.0037	0.0001	0.0000	0.0001
4	27	0.2244	2	0	1	2	2	0	0	0	0	N	N	Y	Y	N	N	N	N	N	N	N	N	90.6121	inf	0.0145	186.8907	inf	0.0072	0.0804	inf	0.0168	2.1628	2.3962	0.0009	5.2119	5.6135	0.0015	0.0017	0.0018	0.0006	0.0239	0.0000	0.0616	0.0279	0.0000	0.2039	0.0212	0.0000	0.0384	0.0000	inf	-0.0948	0.0056	12.3049	1.9923	21.0710	5.5017	0.9923	0.9922	0.0000	0.9918	0.9918	0.0000	0.0005	0.0004	0.0000	0.0117	0.0000	0.0117	0.0055	0.0000	0.0055	0.0063	0.0000	0.0063	0.4588	0.4141	0.0447	0.1903	0.1767	0.0136	0.2685	0.2374	0.0311	0.4919	0.3012	0.1907	0.1955	0.1687	0.0267	0.2964	0.1325	0.1640	90.6121	inf	0.0145	186.8907	inf	0.0072	0.0804	inf	0.0168	0.0239	0.0000	0.0616	0.0279	0.0000	0.2039	0.0212	0.0000	0.0384
4	29	0.1917	4	1	1	1	1	0	0	0	0	N	N	N	N	N	N	N	N	N	N	N	N	0.0000	0.0000	0.0000	0.0000	0.0000	0.0000	0.0000	0.0000	0.0000	0.0000	0.0000	0.0000	0.0000	0.0000	0.0000	0.0000	0.0000	0.0000	0.0000	0.0000	12.3049	0.0000	21.0710	0.0000	0.0000	0.0000	0.0000	0.0000	0.0000	0.0000	0.0000	0.0000	0.0000	0.0000	0.0000	0.0000	0.0000	0.0000	0.0000	0.0000	0.0000	0.0000	0.0000	0.0000	0.0000	0.0000	0.0000	0.0000	0.0000	0.0000	0.0000	0.0000	0.0000	0.0000	0.0000	0.0000	0.0000	0.0000	0.0000	0.0000	0.0000	0.0000	0.0000	0.0000	0.0000	0.0000	0.0000	0.0000	0.0000	0.0000	0.0000	0.0000	0.0000	0.0000	0.0000	0.0000	0.0000	0.0000											
4	32	0.5588	8	0	0	2	1	0	0	0	0	N	N	Y	N	N	N	N	N	N	N	N	N	0.0042	0.0047	0.0002	0.0227	0.0213	0.0044	0.0000	0.0000	0.0001	0.0070	0.0079	0.0004	0.0547	0.0576	0.0033	0.0000	0.0000	0.0002	1.6480	1.6838	1.5759	2.4132	2.6994	0.7514	0.9207	0.0037	1.8062	0.0065	0.4641	-0.0003	-0.2696	12.3049	2.4598	21.0710	7.4321	0.0031	0.0031	0.0000	0.0031	0.0031	0.0000	0.0000	0.0000	0.0000	1.3207	0.9021	0.4186	0.9425	0.9013	0.0411	0.3783	0.0008	0.3775	0.4434	0.3902	0.0533	0.0563	0.0533	0.0030	0.3871	0.3369	0.0502	0.8014	0.5357	0.2657	0.3905	0.3339	0.0566	0.4108	0.2018	0.2090	0.0042	0.0047	0.0002	0.0227	0.0213	0.0045	0.0000	0.0000	0.0001	1.6480	1.6838	1.5759	2.4132	2.6994	0.7260	0.9207	0.0037	1.8062
4	33	0.5205	7	0	0	1	1	0	0	0	0	N	N	N	N	N	N	N	N	N	N	N	N	0.0011	0.0021	0.0028	0.0017	0.0017	0.0000	0.0008	0.0076	0.0025	0.0066	0.0010	0.0458	0.0013	0.0014	0.0000	0.0071	0.0010	0.0478	5.8304	0.5030	16.2900	0.7701	0.8147	0.4890	9.4508	0.1323	19.5135	6.2049	16.4960	0.0024	2.1878	12.3049	2.7943	21.0710	8.2643	0.0031	0.0004	0.0027	0.0001	0.0001	0.0000	0.0031	0.0004	0.0027	5.1872	0.2965	4.8907	0.2857	0.2609	0.0249	4.9014	0.0356	4.8658	0.4766	0.4179	0.0587	0.0452	0.0428	0.0024	0.4313	0.3751	0.0562	0.8897	0.5895	0.3002	0.3711	0.3202	0.0509	0.5186	0.2693	0.2494	0.0011	0.0021	0.0028	0.0017	0.0017	0.0000	0.0008	0.0076	0.0025	5.8304	0.5030	16.2900	0.7701	0.8147	0.4890	9.4508	0.1323	19.5135
4	34	0.1894	2	0	1	1	1	0	0	0	0	N	N	N	N	N	N	N	N	N	N	N	N	0.1040	0.0896	0.0000	0.1403	0.1232	0.0000	0.0079	0.0074	0.0000	0.2141	0.2589	0.0000	0.3883	0.4297	0.0000	0.0090	0.0122	0.0000	2.0598	2.8894	0.4821	2.7678	3.4869	0.1183	1.1426	1.6354	0.6776	0.0000	0.0877	-0.0000	-0.2432	12.3049	0.0009	21.0710	2.4415	0.0002	0.0002	0.0000	0.0002	0.0002	0.0000	0.0000	0.0000	0.0000	0.5522	0.5077	0.0445	0.4188	0.4150	0.0038	0.1335	0.0927	0.0407	0.0010	0.0008	0.0002	0.0005	0.0005	0.0001	0.0004	0.0003	0.0001	0.2681	0.1757	0.0924	0.1513	0.1190	0.0323	0.1168	0.0567	0.0601	0.1040	0.0896	0.0000	0.1403	0.1232	0.0000	0.0079	0.0074	0.0000	2.0598	2.8894	0.4821	2.7678	3.4869	0.1183	1.1426	1.6354	0.6776
4	36	0.2244	2	0	1	1	1	0	0	0	0	N	N	N	N	N	N	N	N	N	N	N	N	0.6422	0.0779	753.0673	0.3291	0.0461	1178.4578	9.3504	10.1823	3.4628	1.5168	0.2980	19.1912	1.9282	0.3119	34.3043	0.2319	0.2513	0.0862	2.3618	3.8243	0.0255	5.8597	6.7617	0.0291	0.0248	0.0247	0.0249	4.4405	0.0042	0.0089	-0.5166	12.3049	0.0123	21.0710	6.2120	0.0123	0.0023	0.0101	0.0119	0.0018	0.0101	0.0005	0.0004	0.0000	0.9994	0.9952	0.0042	0.9931	0.9924	0.0007	0.0063	0.0028	0.0035	0.0081	0.0076	0.0005	0.0062	0.0059	0.0003	0.0020	0.0017	0.0002	0.4231	0.2602	0.1629	0.1695	0.1468	0.0227	0.2537	0.1135	0.1402	0.6422	0.0779	753.0673	0.3291	0.0461	1178.4578	9.3504	10.1823	3.4628	2.3618	3.8243	0.0255	5.8597	6.7617	0.0291	0.0248	0.0247	0.0249
4	40	0.1894	2	0	0	2	1	0	0	0	0	N	N	Y	N	N	N	N	N	N	N	N	N	0.1954	534.6352	0.0000	0.2263	541.8856	0.0000	0.0192	inf	0.0000	0.2141	0.2589	0.0000	0.3883	0.4297	0.0000	0.0090	0.0122	0.0000	1.0959	0.0005	3.1976	1.7158	0.0008	10.3153	0.4671	0.0000	0.9644	0.0000	3441.9386	-0.0000	0.3018	12.3049	0.0009	21.0710	7.7842	0.0002	0.0002	0.0000	0.0002	0.0002	0.0000	0.0000	0.0000	0.0000	0.6306	0.0002	0.6304	0.4972	0.0002	0.4970	0.1335	0.0000	0.1335	0.0010	0.0008	0.0002	0.0005	0.0005	0.0001	0.0004	0.0003	0.0001	0.5754	0.3783	0.1972	0.2898	0.2310	0.0588	0.2857	0.1473	0.1384	0.1954	534.6352	0.0000	0.2263	541.8856	0.0000	0.0192	inf	0.0000	1.0959	0.0005	3.1976	1.7158	0.0008	8.4545	0.4671	0.0000	0.9644
4	42	0.2039	2	0	1	1	1	0	0	0	0	N	N	N	N	N	N	N	N	N	N	N	N	2.6095	2.3591	3.7984	4.2739	0.0837	0.0973	0.0000	0.2361	0.2837	0.0000	0.0000	0.0000	0.0000	0.0321	0.0412	0.0000	0.0622	0.0664	0.0000	0.0000	0.0000	0.0000	0.0000	0.0000	-0.0000	-0.0000	12.3049	0.0003	21.0710	0.0002	0.0000	0.0000	0.0000	0.0000	0.0000	0.0000	0.0000	0.0000	0.0000	0.0000	0.0000	0.0000	0.0000	0.0000	0.0000	0.0000	0.0000	0.0000	0.0001	0.0001	0.0000	0.0000	0.0000	0.0000	0.0000	0.0000	0.0000	0.0002	0.0001	0.0000	0.0001	0.0001	0.0000	0.0001	0.0001	0.0000	2.6095	2.3591	0.0000	3.7984	4.2739	0.0000	0.0000	0.0000	0.0000	0.0321	0.0412	0.0000	0.0622	0.0664	0.0000	0.0000	0.0000	0.0000					
4	43	0.1599	2	1	1	2	1	0	0	0	0	N	N	Y	N	N	N	N	N	N	N	N	N	0.0000	0.0000	0.0000	0.0000	0.0000	0.0000	0.0000	0.0000	0.0000	0.0000	0.0000	0.0000	0.0000	0.0000	0.0000	0.0000	0.0000	0.0000	0.0000	0.0000	12.3049	0.0000	21.0710	2.0000	0.0000	0.0000	0.0000	0.0000	0.0000	0.0000	0.0000	0.0000	0.0000	0.0000	0.0000	0.0000	0.0000	0.0000	0.0000	0.0000	0.0000	0.0000	0.0000	0.0000	0.0000	0.0000	0.0000	0.0000	0.0000	0.0000	0.0000	0.1344	0.0781	0.0563	0.0248	0.0188	0.0060	0.1096	0.0593	0.0503	0.0000	0.0000	0.0000	0.0000	0.0000	0.0000	0.0000	0.0000	0.0000	0.0000	0.0000	0.0000	0.0000	0.0000	0.0000	0.0000	0.0000	0.0000											
4	44	0.1599	2	1	1	2	1	0	0	0	0	N	N	Y	N	N	N	N	N	N	N	N	N	0.0000	0.0000	0.0000	0.0000	0.0000	0.0000	0.0000	0.0000	0.0000	0.0000	0.0000	0.0000	0.0000	0.0000	0.0000	0.0000	0.0000	0.0000	0.0000	0.0000	12.3049	0.0000	21.0710	0.0000	0.0000	0.0000	0.0000	0.0000	0.0000	0.0000	0.0000	0.0000	0.0000	0.0000	0.0000	0.0000	0.0000	0.0000	0.0000	0.0000	0.0000	0.0000	0.0000	0.0000	0.0000	0.0000	0.0000	0.0000	0.0000	0.0000	0.0000	0.0000	0.0000	0.0000	0.0000	0.0000	0.0000	0.0000	0.0000	0.0000	0.0000	0.0000	0.0000	0.0000	0.0000	0.0000	0.0000	0.0000	0.0000	0.0000	0.0000	0.0000	0.0000	0.0000	0.0000	0.0000	0.0000	0.0000											
4	48	0.2124	2	0	0	1	2	0	0	0	0	N	N	N	Y	N	N	N	N	N	N	N	N	1.1436	0.3752	6.1151	0.9438	0.8988	0.0000	1.9553	inf	6.0207	0.2080	0.0697	1.0656	0.2564	0.2818	0.0000	0.1936	0.0018	1.2520	0.1819	0.1857	0.1743	0.2717	0.3136	0.0753	0.0990	0.0000	0.2080	2.4675	0.4663	0.0001	-0.0078	12.3049	0.0037	21.0710	3.0208	0.0002	0.0001	0.0001	0.0001	0.0001	0.0000	0.0001	0.0000	0.0001	0.0387	0.0264	0.0123	0.0277	0.0264	0.0014	0.0109	0.0000	0.0109	0.0009	0.0008	0.0001	0.0002	0.0002	0.0000	0.0007	0.0006	0.0001	0.2125	0.1420	0.0705	0.1020	0.0841	0.0179	0.1105	0.0579	0.0526	1.1436	0.3752	6.1151	0.9438	0.8988	0.0000	1.9553	inf	6.0207	0.1819	0.1857	0.1743	0.2717	0.3136	0.0753	0.0990	0.0000	0.2080
4	50	0.1688	2	0	1	2	1	0	0	0	0	N	N	Y	N	N	N	N	N	N	N	N	N	255.0305	166.5261	3249.6873	599.9080	551.4950	1036.5383	28.4986	11.1680	5772.6206	0.8341	0.9156	0.1907	1.2920	1.4324	0.1461	0.1093	0.0897	0.2561	0.0033	0.0055	0.0001	0.0022	0.0026	0.0001	0.0038	0.0080	0.0000	0.0264	0.0074	-0.0311	-0.0003	12.3049	1.4428	21.0710	0.4686	0.4455	0.4340	0.0115	0.4229	0.4177	0.0052	0.0226	0.0164	0.0062	0.0006	0.0006	0.0000	0.0001	0.0001	0.0000	0.0005	0.0005	0.0000	0.5341	0.4740	0.0601	0.3273	0.2916	0.0357	0.2068	0.1825	0.0243	0.1817	0.1073	0.0744	0.0611	0.0501	0.0110	0.1207	0.0573	0.0634	255.0305	166.5261	3249.6873	599.9080	551.4950	1036.5383	28.4986	11.1680	5772.6206	0.0033	0.0055	0.0001	0.0022	0.0026	0.0001	0.0038	0.0080	0.0000
4	52	0.1565	2	1	0	2	1	0	0	0	0	N	N	Y	N	N	N	N	N	N	N	N	N	0.8848	0.4263	436.9103	0.0790	0.0474	44.4263	777.6232	inf	314.2506	0.0545	0.0510	0.0826	0.0534	0.0333	0.3484	0.0548	0.0566	0.0417	0.0616	0.1197	0.0002	0.6758	0.7029	0.0078	0.0001	0.0000	0.0001	0.1984	0.0015	0.0007	-0.0129	12.3049	0.9976	21.0710	4.7732	0.0102	0.0085	0.0017	0.0023	0.0013	0.0010	0.0079	0.0072	0.0007	0.0248	0.0247	0.0000	0.0247	0.0247	0.0000	0.0000	0.0000	0.0000	0.1878	0.1673	0.0205	0.0429	0.0401	0.0027	0.1450	0.1272	0.0178	0.4022	0.2066	0.1956	0.0366	0.0352	0.0014	0.3656	0.1714	0.1942	0.8848	0.4263	436.9103	0.0790	0.0474	44.4263	777.6232	inf	314.2506	0.0616	0.1197	0.0002	0.6758	0.7029	0.0078	0.0001	0.0000	0.0001
4	55	0.1551	2	0	1	1	1	0	0	0	0	N	N	N	N	N	N	N	N	N	N	N	N	0.2134	0.1693	35.6304	31.8842	0.0078	0.0058	0.2900	0.3557	0.0000	0.5424	0.5853	0.0000	0.0181	0.0260	0.0000	1.3589	2.1005	0.0000	0.0152	0.0184	0.0000	2.3306	4.5243	0.0000	0.0000	0.0000	-0.0001	-0.5047	12.3049	0.0041	21.0710	6.2745	0.0015	0.0015	0.0000	0.0014	0.0014	0.0000	0.0000	0.0000	0.0000	0.9687	0.9687	0.0000	0.0046	0.0046	0.0000	0.9641	0.9641	0.0000	0.0051	0.0041	0.0009	0.0026	0.0024	0.0002	0.0024	0.0017	0.0007	0.7128	0.4612	0.2517	0.2992	0.2481	0.0511	0.4137	0.2131	0.2006	0.2134	0.1693	0.0000	35.6304	31.8842	0.0000	0.0078	0.0058	0.0000	1.3589	2.1005	0.0000	0.0152	0.0184	0.0000	2.3306	4.5243	0.0000			
4	56	0.2039	2	0	0	2	1	0	0	0	0	N	N	Y	N	N	N	N	N	N	N	N	N	119.6236	inf	43.0706	1130142.7095	inf	5084286.5260	69.1451	inf	29.4394	2.9290	2.9162	3.0265	0.6169	0.0020	13.9271	3.0708	3.1104	2.7826	0.0245	0.0000	0.0703	0.0000	0.0000	0.0000	0.0444	0.0000	0.0945	0.1369	inf	0.2063	0.0148	12.3049	18.9997	21.0710	4.0000	8.3049	7.3049	1.0000	0.1010	0.0003	0.1007	8.2038	7.3046	0.8993	0.0309	0.0000	0.0309	0.0000	0.0000	0.0000	0.0309	0.0000	0.0309	2.8354	2.5050	0.3304	0.1638	0.1566	0.0072	2.6716	2.3484	0.3232	1.2634	0.8232	0.4402	0.5668	0.4539	0.1130	0.6965	0.3693	0.3273	119.6236	inf	43.0706	1130142.7095	inf	5084286.5260	69.1451	inf	29.4394	0.0245	0.0000	0.0703	0.0000	0.0000	0.0000	0.0444	0.0000	0.0945
4	58	0.1547	3	1	1	1	1	0	0	0	0	N	N	N	N	N	N	N	N	N	N	N	N	0.0876	48.2669	0.2205	9.2582	5.6334	57.8825	0.1023	inf	0.2445	0.1228	0.0617	0.6775	0.0699	0.0424	0.4545	0.1590	0.0757	0.7612	1.4015	0.0013	3.0721	0.0075	0.0075	0.0079	1.5538	0.0000	3.1134	1.2091	2013.4816	0.0131	0.4294	12.3049	0.9359	21.0710	8.5945	0.0290	0.0131	0.0159	0.0067	0.0038	0.0029	0.0223	0.0093	0.0130	0.8976	0.0004	0.8972	0.0005	0.0004	0.0000	0.8971	0.0000	0.8971	0.2361	0.2127	0.0234	0.0958	0.0895	0.0064	0.1403	0.1233	0.0170	0.6405	0.3484	0.2920	0.0631	0.0592	0.0039	0.5774	0.2892	0.2882	0.0876	48.2669	0.2205	9.2582	5.6334	57.8825	0.1023	inf	0.2445	1.4015	0.0013	3.0721	0.0075	0.0075	0.0079	1.5538	0.0000	3.1134
4	59	0.1519	2	0	1	1	1	0	0	0	0	N	N	N	N	N	N	N	N	N	N	N	N	1.7152	21.7646	1.9950	10.8328	10.2601	125.3753	1.1951	140.2005	2.1866	0.9641	0.7671	2.7215	1.1666	1.1287	1.8201	0.7958	0.4372	3.0169	0.5621	0.0352	1.3641	0.1077	0.1100	0.0145	0.6659	0.0031	1.3797	0.3976	25.4232	0.0113	0.0471	12.3049	0.1706	21.0710	1.8413	0.0600	0.0429	0.0171	0.0330	0.0301	0.0028	0.0270	0.0128	0.0143	0.1068	0.0040	0.1027	0.0038	0.0038	0.0000	0.1029	0.0003	0.1027	0.0622	0.0560	0.0063	0.0282	0.0267	0.0015	0.0340	0.0293	0.0047	0.1899	0.1146	0.0753	0.0353	0.0345	0.0009	0.1546	0.0802	0.0744	1.7152	21.7646	1.9950	10.8328	10.2601	125.3753	1.1951	140.2005	2.1866	0.5621	0.0352	1.3641	0.1077	0.1100	0.0145	0.6659	0.0031	1.3797
4	61	0.5269	8	0	0	1	1	0	0	0	0	N	N	N	N	N	N	N	N	N	N	N	N	5.0795	18.8571	0.0000	0.0052	0.0048	0.0000	4.3237	7172.0037	0.0000	5.6209	6.4154	0.0000	0.0030	0.0032	0.0000	6.2299	7.1727	0.0000	1.1066	0.3402	2.5325	0.5881	0.6682	0.1563	1.4409	0.0010	3.0380	0.0000	4.0009	-0.0956	0.2799	12.3049	1.0140	21.0710	12.0537	0.9998	0.9998	0.0000	0.0001	0.0001	0.0000	0.9998	0.9998	0.0000	1.0036	0.2007	0.8029	0.2091	0.2004	0.0087	0.7945	0.0003	0.7942	0.1779	0.1558	0.0220	0.0174	0.0165	0.0009	0.1605	0.1394	0.0211	0.9069	0.5899	0.3170	0.3555	0.2999	0.0556	0.5514	0.2900	0.2614	5.0795	18.8571	0.0000	0.0052	0.0048	0.0000	4.3237	7172.0037	0.0000	1.1066	0.3402	2.5325	0.5881	0.6682	0.1563	1.4409	0.0010	3.0380
4	62	0.4510	5	0	0	1	1	0	0	0	0	N	N	N	N	N	N	N	N	N	N	N	N	0.2265	0.5220	0.0000	0.1803	0.1887	0.0000	0.2050	502.8013	0.0000	0.3314	0.3743	0.0000	0.2062	0.2258	0.0000	0.3600	0.4096	0.0000	1.4631	0.7170	3.0780	1.1440	1.1965	0.9638	1.7560	0.0008	3.7054	0.0000	1.9831	-0.1079	0.7879	12.3049	22.0948	21.0710	64.3951	1.1285	1.1285	0.0000	0.1309	0.1309	0.0000	0.9976	0.9976	0.0000	5.4833	1.8381	3.6452	2.0525	1.8373	0.2152	3.4308	0.0008	3.4300	3.4053	3.0150	0.3903	0.6345	0.5796	0.0549	2.7709	2.4354	0.3354	3.7478	2.5636	1.1843	1.7941	1.5355	0.2586	1.9538	1.0281	0.9257	0.2265	0.5220	0.0000	0.1803	0.1887	0.0000	0.2050	502.8013	0.0000	1.4631	0.7170	3.0780	1.1440	1.1965	0.8322	1.7560	0.0008	3.7054
4	63	0.2442	4	0	0	1	1	0	0	0	0	N	N	N	N	N	N	N	N	N	N	N	N	4.0513	4.2410	0.0000	0.0991	0.1017	0.0000	7.2211	10.3575	0.0000	1.9226	2.1970	0.0000	0.0728	0.0763	0.0000	2.0622	2.3725	0.0000	0.4746	0.5180	0.3888	0.7341	0.7505	0.6216	0.2856	0.2291	0.3447	0.0000	0.3801	-0.0956	-0.2314	12.3049	3.0638	21.0710	18.8214	1.0006	1.0006	0.0000	0.0027	0.0027	0.0000	0.9980	0.9980	0.0000	0.9418	0.6825	0.2594	0.6139	0.5479	0.0660	0.3279	0.1345	0.1934	0.5204	0.4554	0.0650	0.0365	0.0348	0.0017	0.4839	0.4206	0.0633	1.9846	1.3174	0.6672	0.8362	0.7301	0.1061	1.1483	0.5873	0.5611	4.0513	4.2410	0.0000	0.0991	0.1017	0.0000	7.2211	10.3575	0.0000	0.4746	0.5180	0.3888	0.7341	0.7505	0.6216	0.2856	0.2291	0.3447
4	64	0.1551	2	1	1	2	1	0	0	0	0	N	N	Y	N	N	N	N	N	N	N	N	N	0.1862	0.1352	1.0834	0.9387	inf	inf	0.0083	0.0095	0.0000	0.1309	0.1381	0.0000	0.0003	0.0003	0.0000	0.0447	0.0706	0.0000	0.1208	0.1471	0.0000	0.0000	0.0000	0.0000	0.0000	0.0000	-0.0001	-0.0204	12.3049	1.0029	21.0710	8.4685	0.0015	0.0015	0.0000	0.0014	0.0014	0.0000	0.0000	0.0000	0.0000	0.0392	0.0392	0.0000	0.0392	0.0392	0.0000	0.0000	0.0000	0.0000	0.1773	0.1545	0.0228	0.0109	0.0104	0.0006	0.1664	0.1442	0.0222	0.8766	0.5546	0.3220	0.3243	0.2662	0.0581	0.5524	0.2885	0.2639	0.1862	0.1352	0.0000	1.0834	0.9387	0.0000	inf	inf	0.0000	0.0447	0.0706	0.0000	0.1208	0.1471	0.0000	0.0000	0.0000	0.0000			
4	66	0.5269	8	0	1	1	1	0	0	0	0	N	N	N	N	N	N	N	N	N	N	N	N	0.0032	0.0024	0.0000	0.0131	0.0117	0.0000	0.0000	0.0000	0.0000	0.0015	0.0017	0.0000	0.0152	0.0160	0.0000	0.0000	0.0000	0.0000	0.4675	0.6935	0.0480	1.1614	1.3680	0.0568	0.0224	0.0010	0.0461	0.0000	0.0373	-0.0000	-0.2108	12.3049	1.0110	21.0710	12.5479	0.0003	0.0003	0.0000	0.0003	0.0003	0.0000	0.0000	0.0000	0.0000	0.4345	0.4189	0.0156	0.4218	0.4186	0.0033	0.0127	0.0003	0.0124	0.1774	0.1554	0.0220	0.0173	0.0164	0.0009	0.1600	0.1390	0.0210	0.9295	0.6040	0.3255	0.3632	0.3060	0.0572	0.5663	0.2980	0.2683	0.0032	0.0024	0.0000	0.0131	0.0117	0.0000	0.0000	0.0000	0.0000	0.4675	0.6935	0.0480	1.1614	1.3680	0.0568	0.0224	0.0010	0.0461
4	67	0.5205	7	0	0	1	1	0	0	0	0	N	N	N	N	N	N	N	N	N	N	N	N	0.0007	0.0008	0.0000	0.0006	0.0005	0.0000	0.0013	0.0191	0.0000	0.0017	0.0020	0.0000	0.0021	0.0022	0.0000	0.0017	0.0019	0.0000	2.4266	2.5431	2.1644	3.7155	3.9943	0.3343	1.2833	0.1016	2.4055	0.0000	0.3781	-0.0000	-0.2669	12.3049	0.9784	21.0710	1.5217	0.0003	0.0003	0.0000	0.0000	0.0000	0.0000	0.0003	0.0003	0.0000	1.0820	0.7851	0.2969	0.7787	0.7734	0.0053	0.3032	0.0117	0.2915	0.1716	0.1503	0.0213	0.0165	0.0157	0.0009	0.1550	0.1347	0.0204	0.4459	0.3087	0.1372	0.2096	0.1936	0.0160	0.2363	0.1151	0.1212	0.0007	0.0008	0.0000	0.0006	0.0005	0.0000	0.0013	0.0191	0.0000	2.4266	2.5431	2.1644	3.7155	3.9943	0.3343	1.2833	0.1016	2.4055
4	68	0.4903	6	0	0	1	1	0	0	0	0	N	N	N	N	N	N	N	N	N	N	N	N	0.0061	0.0066	0.0086	0.0406	0.0341	0.2374	0.0015	0.0018	0.0050	0.0068	0.0059	0.0136	0.0506	0.0481	0.0982	0.0015	0.0002	0.0097	1.1138	0.8870	1.5742	1.2467	1.4101	0.4135	0.9935	0.1255	1.9329	0.3287	0.8739	0.0002	-0.0565	12.3049	1.0531	21.0710	9.0748	0.0013	0.0010	0.0003	0.0010	0.0009	0.0001	0.0003	0.0000	0.0002	1.0320	0.5507	0.4813	0.5488	0.5190	0.0298	0.4832	0.0317	0.4515	0.1899	0.1663	0.0236	0.0206	0.0196	0.0010	0.1693	0.1467	0.0226	0.9266	0.6209	0.3057	0.4402	0.3680	0.0722	0.4864	0.2528	0.2336	0.0061	0.0066	0.0086	0.0406	0.0341	0.2374	0.0015	0.0018	0.0050	1.1138	0.8870	1.5742	1.2467	1.4101	0.4135	0.9935	0.1255	1.9329
4	71	0.1901	5	0	0	2	1	0	0	0	0	N	N	Y	N	N	N	N	N	N	N	N	N	0.0000	0.0000	0.0000	0.0000	0.0000	0.0000	0.0000	0.0000	0.0000	0.0000	0.0000	0.0000	0.0000	0.0000	0.0000	0.0000	0.0000	0.0018	0.0006	0.0037	0.0022	0.0013	0.0070	0.0016	0.0000	0.0032	3.5000	0.0000	0.0000	12.3049	1.0000	21.0710	0.0055	0.0000	0.0000	0.0000	0.0000	0.0000	0.0000	0.0000	0.0000	0.0000	0.0001	0.0000	0.0001	0.0000	0.0000	0.0000	0.0001	0.0000	0.0001	0.1034	0.0901	0.0133	0.0000	0.0000	0.0000	0.1034	0.0901	0.0133	0.0504	0.0318	0.0187	0.0182	0.0153	0.0029	0.0322	0.0164	0.0158	0.0000	0.0000	0.0000	0.0000	0.0000	0.0000	0.0000	0.0000	0.0000	0.0018	0.0006	0.0037	0.0022	0.0013	0.0070	0.0016	0.0000	0.0032		
4	72	0.1834	4	0	0	2	1	0	0	0	0	N	N	Y	N	N	N	N	N	N	N	N	N	0.0000	0.0000	0.0000	0.0000	0.0000	0.0000	0.0000	0.0000	0.0000	0.0000	0.0000	0.0000	0.0000	0.0000	0.0000	0.0000	0.0000	0.0000	0.0547	0.0367	0.0873	0.0677	0.0727	0.0374	0.0470	0.0011	0.0959	1.3158	0.0000	0.0001	12.3049	0.0000	21.0710	1.0265	0.0000	0.0000	0.0000	0.0000	0.0000	0.0000	0.0000	0.0000	0.0000	0.0031	0.0013	0.0017	0.0014	0.0013	0.0001	0.0017	0.0000	0.0016	0.0000	0.0000	0.0000	0.0000	0.0000	0.0000	0.0000	0.0000	0.0000	0.0563	0.0363	0.0200	0.0210	0.0180	0.0029	0.0353	0.0182	0.0171	0.0000	0.0000	0.0000	0.0000	0.0000	0.0000	0.0000	0.0000	0.0000	0.0547	0.0367	0.0873	0.0677	0.0727	0.0374	0.0470	0.0011	0.0959	
4	73	0.1780	3	0	0	1	1	0	0	0	0	N	N	N	N	N	N	N	N	N	N	N	N	0.0000	0.0000	0.0000	0.0000	0.0000	0.0000	0.0000	0.0000	0.0000	0.0000	0.0000	0.0000	0.0000	0.0000	0.0000	0.0000	0.0000	0.0000	0.1033	0.0725	0.1697	0.0957	0.0998	0.0500	0.1114	0.0114	0.1883	1.0874	0.0000	-0.0000	12.3049	0.0000	21.0710	1.0321	0.0000	0.0000	0.0000	0.0000	0.0000	0.0000	0.0000	0.0000	0.0000	0.0508	0.0244	0.0265	0.0242	0.0232	0.0010	0.0266	0.0012	0.0254	0.0629	0.0574	0.0055	0.0347	0.0332	0.0015	0.0283	0.0242	0.0041	0.4921	0.3360	0.1561	0.2531	0.2321	0.0210	0.2389	0.1039	0.1351	0.0000	0.0000	0.0000	0.0000	0.0000	0.0000	0.0000	0.0000	0.0000	0.1033	0.0725	0.1697	0.0957	0.0998	0.0500	0.1114	0.0114	0.1883	
4	74	0.1552	2	0	0	1	1	0	0	0	0	N	N	N	N	N	N	N	N	N	N	N	N	0.1809	1.6209	0.0641	2.7771	3.5602	0.0243	0.0665	1.0921	0.0669	0.1601	0.1634	0.1412	0.4334	0.4648	0.0121	0.0863	0.0724	0.1556	0.8851	0.1008	2.2014	0.1561	0.1306	0.4984	1.2985	0.0663	2.3241	0.1486	13.0117	0.0008	0.4514	12.3049	0.5629	21.0710	8.5245	0.0224	0.0195	0.0029	0.0129	0.0129	0.0000	0.0095	0.0066	0.0029	1.1076	0.0790	1.0286	0.0707	0.0550	0.0156	1.0370	0.0240	1.0129	0.1398	0.1193	0.0205	0.0297	0.0277	0.0021	0.1101	0.0916	0.0185	1.2514	0.7841	0.4672	0.4528	0.4214	0.0314	0.7986	0.3628	0.4358	0.1809	1.6209	0.0641	2.7771	3.5602	0.0243	0.0665	1.0921	0.0669	0.8851	0.1008	2.2014	0.1561	0.1306	0.4984	1.2985	0.0663	2.3241
4	75	0.1722	3	0	1	1	1	0	0	0	0	N	N	N	N	N	N	N	N	N	N	N	N	0.0000	0.0000	0.0000	0.0000	0.0000	0.0000	0.0000	0.0000	0.0000	0.0000	0.0000	0.0000	0.0000	0.0000	0.0000	0.0000	0.0000	0.0744	0.0116	0.2091	0.0269	0.0239	0.0494	0.1029	0.0000	0.2352	8.4301	0.0000	0.0108	12.3049	1.9994	21.0710	4.0943	0.0000	0.0000	0.0000	0.0000	0.0000	0.0000	0.0000	0.0000	0.0000	0.0290	0.0031	0.0259	0.0039	0.0031	0.0009	0.0250	0.0000	0.0250	0.2074	0.1815	0.0259	0.0001	0.0001	0.0000	0.2073	0.1814	0.0259	0.3891	0.2654	0.1238	0.1459	0.1285	0.0174	0.2432	0.1368	0.1064	0.0000	0.0000	0.0000	0.0000	0.0000	0.0000	0.0000	0.0000	0.0000	0.0744	0.0116	0.2091	0.0269	0.0239	0.0494	0.1029	0.0000	0.2352		
4	76	0.1659	2	0	0	1	1	0	0	0	0	N	N	N	N	N	N	N	N	N	N	N	N	0.0000	0.0000	0.0000	0.0000	0.0000	0.0000	0.0000	0.0000	0.0000	0.0000	0.0000	0.0000	0.0000	0.0000	0.0000	0.0000	0.0000	0.0000	1.8770	1.7729	2.1032	0.9339	0.9265	1.0571	2.5137	2.7300	2.2615	0.5462	0.0000	-0.0693	12.3049	0.0011	21.0710	2.7207	0.0000	0.0000	0.0000	0.0000	0.0000	0.0000	0.0000	0.0000	0.0000	0.4127	0.2669	0.1458	0.0828	0.0740	0.0087	0.3300	0.1929	0.1371	0.0001	0.0001	0.0000	0.0000	0.0000	0.0000	0.0001	0.0001	0.0000	0.2199	0.1506	0.0693	0.0886	0.0799	0.0087	0.1313	0.0707	0.0606	0.0000	0.0000	0.0000	0.0000	0.0000	0.0000	0.0000	0.0000	0.0000	1.8770	1.7729	2.1032	0.9339	0.9265	1.0015	2.5137	2.7300	2.2615	
4	78	0.1540	2	1	0	2	1	0	0	0	0	N	N	Y	N	N	N	N	N	N	N	N	N	1256.5724	685.3914	331.5078	68.4020	65.0072	1.2045	6619.2806	inf	732.0349	1.0697	1.1597	0.0079	1.7019	1.8019	0.0010	0.0622	0.0685	0.0133	0.0009	0.0017	0.0000	0.0249	0.0277	0.0008	0.0000	0.0000	0.0000	0.0006	0.0143	-0.0596	-0.0000	12.3049	1.6246	21.0710	0.0115	0.6273	0.6270	0.0004	0.6133	0.6133	0.0000	0.0141	0.0137	0.0003	0.0001	0.0001	0.0000	0.0001	0.0001	0.0000	0.0000	0.0000	0.0000	0.5865	0.5406	0.0459	0.3604	0.3404	0.0200	0.2261	0.2003	0.0259	0.1053	0.0522	0.0531	0.0036	0.0032	0.0004	0.1017	0.0490	0.0527	1256.5724	685.3914	331.5078	68.4020	65.0072	1.2045	6619.2806	inf	732.0349	0.0009	0.0017	0.0000	0.0249	0.0277	0.0008	0.0000	0.0000	0.0000
4	83	0.2442	4	0	0	1	1	0	0	0	0	N	N	N	N	N	N	N	N	N	N	N	N	0.0024	0.0045	0.0000	0.2220	0.3443	0.0000	0.0000	0.0000	0.0000	0.0030	0.0034	0.0000	0.0451	0.0473	0.0000	0.0000	0.0000	0.0000	1.2202	0.7556	2.0639	0.2030	0.1372	0.6038	1.8113	1.3488	2.3132	0.0000	1.5041	-0.0004	0.2434	12.3049	10.0679	21.0710	33.8159	0.0046	0.0046	0.0000	0.0046	0.0046	0.0000	0.0000	0.0000	0.0000	3.0591	1.2217	1.8374	0.1870	0.1086	0.0784	2.8721	1.1130	1.7591	1.5504	1.3628	0.1876	0.1020	0.0973	0.0048	1.4484	1.2655	0.1828	2.5070	1.6168	0.8903	0.9214	0.7915	0.1298	1.5856	0.8252	0.7604	0.0024	0.0045	0.0000	0.2220	0.3443	0.0000	0.0000	0.0000	0.0000	1.2202	0.7556	2.0639	0.2030	0.1372	0.6038	1.8113	1.3488	2.3132
4	84	0.2166	3	0	0	1	1	0	0	0	0	N	N	N	N	N	N	N	N	N	N	N	N	0.0575	0.0749	0.0168	0.2881	0.3015	0.0001	0.0268	0.0425	0.0169	0.0596	0.0648	0.0235	0.2912	0.3045	0.0002	0.0282	0.0288	0.0245	1.0361	0.8655	1.3956	1.0108	1.0100	1.0915	1.0548	0.6786	1.4529	0.0531	0.7656	-0.0005	-0.1720	12.3049	0.9441	21.0710	14.0836	0.0110	0.0104	0.0006	0.0064	0.0064	0.0000	0.0046	0.0040	0.0006	1.9673	1.1142	0.8531	0.8153	0.7332	0.0821	1.1520	0.3811	0.7710	0.1842	0.1606	0.0235	0.0219	0.0210	0.0010	0.1622	0.1397	0.0226	1.8987	1.2875	0.6113	0.8066	0.7260	0.0806	1.0921	0.5615	0.5307	0.0575	0.0749	0.0168	0.2881	0.3015	0.0002	0.0268	0.0425	0.0169	1.0361	0.8655	1.3956	1.0108	1.0100	1.0185	1.0548	0.6786	1.4529
4	85	0.4988	6	0	0	1	1	0	0	0	0	N	N	N	N	N	N	N	N	N	N	N	N	0.3637	0.5100	0.0000	0.3928	0.9473	0.0000	0.2922	0.2873	0.0000	0.4906	0.5564	0.0000	0.3235	0.3625	0.0000	0.5278	0.6000	0.0000	1.3491	1.0908	1.9120	0.8234	0.3827	5.3690	1.8061	2.0884	1.4852	0.0000	0.8042	-0.1267	-0.2450	12.3049	15.0008	21.0710	28.2980	1.3261	1.3261	0.0000	0.1589	0.1589	0.0000	1.1673	1.1673	0.0000	3.2511	1.8020	1.4491	0.9228	0.3697	0.5531	2.3283	1.4323	0.8960	2.7029	2.3836	0.3192	0.4911	0.4383	0.0529	2.2117	1.9454	0.2664	2.4099	1.6520	0.7579	1.1207	0.9662	0.1546	1.2891	0.6858	0.6033	0.3637	0.5100	0.0000	0.3928	0.9473	0.0000	0.2922	0.2873	0.0000	1.3491	1.0908	1.9120	0.8234	0.3827	3.5778	1.8061	2.0884	1.4852
4	86	0.4988	6	0	0	1	1	0	0	0	0	N	N	N	N	N	N	N	N	N	N	N	N	0.0855	0.3586	0.0000	0.1047	0.2361	0.0000	0.0736	inf	0.0000	0.1337	0.1530	0.0000	0.1415	0.1610	0.0000	0.1310	0.1502	0.0000	1.5635	0.4266	4.2392	1.3519	0.6819	8.9833	1.7786	0.0000	3.7819	0.0000	4.2232	-0.0221	1.0411	12.3049	10.8154	21.0710	27.4443	0.2314	0.2314	0.0000	0.0629	0.0629	0.0000	0.1686	0.1686	0.0000	3.6216	0.6934	2.9282	1.5781	0.6934	0.8847	2.0436	0.0000	2.0436	1.7315	1.5131	0.2184	0.4442	0.3904	0.0538	1.2873	1.1227	0.1646	2.3163	1.6255	0.6908	1.1673	1.0169	0.1504	1.1490	0.6086	0.5404	0.0855	0.3586	0.0000	0.1047	0.2361	0.0000	0.0736	inf	0.0000	1.5635	0.4266	4.2392	1.3519	0.6819	5.8821	1.7786	0.0000	3.7819
4	87	0.4510	5	0	0	1	1	0	0	0	0	N	N	N	N	N	N	N	N	N	N	N	N	0.2464	0.3598	0.0152	0.2545	0.3259	0.0051	0.2381	0.4614	0.0200	0.2235	0.2523	0.0218	0.2265	0.2525	0.0132	0.2212	0.2522	0.0269	0.9074	0.7013	1.4275	0.8902	0.7747	2.5917	0.9291	0.5466	1.3456	0.0123	0.8066	-0.0199	-0.2406	12.3049	2.7608	21.0710	22.4044	0.2384	0.2355	0.0029	0.1052	0.1045	0.0007	0.1333	0.1310	0.0022	3.2247	1.7850	1.4397	1.7646	1.3373	0.4273	1.4601	0.4477	1.0124	1.0666	0.9334	0.1332	0.4642	0.4139	0.0503	0.6024	0.5195	0.0829	3.5538	2.5452	1.0086	1.9823	1.7261	0.2562	1.5715	0.8191	0.7524	0.2464	0.3598	0.0152	0.2545	0.3259	0.0079	0.2381	0.4614	0.0200	0.9074	0.7013	1.4275	0.8902	0.7747	1.6679	0.9291	0.5466	1.3456
4	88	0.3212	4	0	0	1	1	0	0	0	0	N	N	N	N	N	N	N	N	N	N	N	N	0.1884	0.1624	0.4256	0.4406	0.4829	0.2691	0.1560	0.1234	0.4667	0.2971	0.2185	0.8720	0.8073	0.8027	0.8797	0.2172	0.1198	0.8714	1.5767	1.3452	2.0487	1.8322	1.6624	3.2696	1.3922	0.9706	1.8672	0.5457	0.7470	0.1168	-0.4779	12.3049	8.8820	21.0710	49.9570	0.4536	0.2935	0.1601	0.1668	0.1559	0.0109	0.2869	0.1376	0.1492	5.1125	2.9264	2.1861	2.4908	1.9582	0.5326	2.6217	0.9681	1.6536	1.5269	1.3433	0.1836	0.2065	0.1942	0.0124	1.3204	1.1491	0.1713	3.2425	2.1755	1.0671	1.3594	1.1780	0.1815	1.8831	0.9975	0.8856	0.1884	0.1624	0.4256	0.4406	0.4829	0.2998	0.1560	0.1234	0.4667	1.5767	1.3452	2.0487	1.8322	1.6624	2.9345	1.3922	0.9706	1.8672
4	90	0.2059	6	0	1	1	2	0	0	0	0	N	N	N	Y	N	N	N	N	N	N	N	N	0.0000	0.0000	0.0000	0.0000	0.0000	0.0000	0.0000	0.0000	0.0000	0.0000	0.0000	0.0000	0.0000	0.0000	0.0000	0.0000	0.0000	0.0000	0.0000	0.0000	12.3049	0.0000	21.0710	0.0000	0.0000	0.0000	0.0000	0.0000	0.0000	0.0000	0.0000	0.0000	0.0000	0.0000	0.0000	0.0000	0.0000	0.0000	0.0000	0.0000	0.0000	0.0000	0.0000	0.0000	0.0000	0.0000	0.0000	0.0000	0.0000	0.0000	0.0000	0.0000	0.0000	0.0000	0.0000	0.0000	0.0000	0.0000	0.0000	0.0000	0.0000	0.0000	0.0000	0.0000	0.0000	0.0000	0.0000	0.0000	0.0000	0.0000	0.0000	0.0000	0.0000	0.0000	0.0000	0.0000	0.0000	0.0000											
4	91	0.1951	5	0	1	1	2	0	0	0	0	N	N	N	Y	N	N	N	N	N	N	N	N	0.0000	0.0000	0.0000	0.0000	0.0000	0.0000	0.0000	0.0000	0.0000	0.0000	0.0000	0.0000	0.0000	0.0000	0.0000	0.0000	0.0000	0.0000	0.0000	0.0000	12.3049	1.0000	21.0710	3.0000	0.0000	0.0000	0.0000	0.0000	0.0000	0.0000	0.0000	0.0000	0.0000	0.0000	0.0000	0.0000	0.0000	0.0000	0.0000	0.0000	0.0000	0.0000	0.1581	0.1410	0.0171	0.0523	0.0483	0.0041	0.1058	0.0927	0.0131	0.2273	0.1150	0.1123	0.0225	0.0186	0.0039	0.2047	0.0964	0.1084	0.0000	0.0000	0.0000	0.0000	0.0000	0.0000	0.0000	0.0000	0.0000	0.0000	0.0000	0.0000	0.0000	0.0000	0.0000	0.0000	0.0000	0.0000											
4	92	0.1886	3	0	1	1	1	0	0	0	0	N	N	N	N	N	N	N	N	N	N	N	N	0.0000	0.0000	0.0000	0.0000	0.0000	0.0000	0.0000	0.0000	0.0000	0.0000	0.0000	0.0000	0.0000	0.0000	0.0000	0.0000	0.0000	0.0000	0.0000	0.0000	12.3049	0.0000	21.0710	0.0000	0.0000	0.0000	0.0000	0.0000	0.0000	0.0000	0.0000	0.0000	0.0000	0.0000	0.0000	0.0000	0.0000	0.0000	0.0000	0.0000	0.0000	0.0000	0.0000	0.0000	0.0000	0.0000	0.0000	0.0000	0.0000	0.0000	0.0000	0.0000	0.0000	0.0000	0.0000	0.0000	0.0000	0.0000	0.0000	0.0000	0.0000	0.0000	0.0000	0.0000	0.0000	0.0000	0.0000	0.0000	0.0000	0.0000	0.0000	0.0000	0.0000	0.0000	0.0000	0.0000	0.0000	0.0000											
4	93	0.1951	5	0	0	2	2	0	0	0	0	N	N	Y	Y	N	N	N	N	N	N	N	N	0.0000	0.0000	0.0000	0.0000	0.0000	0.0000	0.0000	0.0000	0.0000	0.0000	0.0000	0.0000	0.0000	0.0000	0.0000	0.0000	0.0000	0.0000	0.0000	0.0000	12.3049	0.0000	21.0710	0.0000	0.0000	0.0000	0.0000	0.0000	0.0000	0.0000	0.0000	0.0000	0.0000	0.0000	0.0000	0.0000	0.0000	0.0000	0.0000	0.0000	0.0000	0.0000	0.0000	0.0000	0.0000	0.0000	0.0000	0.0000	0.0000	0.0000	0.0000	0.0000	0.0000	0.0000	0.0000	0.0000	0.0000	0.0000	0.0000	0.0000	0.0000	0.0000	0.0000	0.0000	0.0000	0.0000	0.0000	0.0000	0.0000	0.0000	0.0000	0.0000	0.0000	0.0000	0.0000	0.0000	0.0000	0.0000											
4	94	0.1925	4	0	0	1	2	0	0	0	0	N	N	N	Y	N	N	N	N	N	N	N	N	0.0000	0.0000	0.0000	0.0000	0.0000	0.0000	0.0000	0.0000	0.0000	0.0000	0.0000	0.0000	0.0000	0.0000	0.0000	0.0000	0.0000	0.0000	0.0000	0.0000	12.3049	1.0000	21.0710	0.0097	0.0000	0.0000	0.0000	0.0000	0.0000	0.0000	0.0000	0.0000	0.0000	0.0000	0.0000	0.0000	0.0000	0.0000	0.0000	0.0000	0.0000	0.0000	0.1581	0.1410	0.0171	0.0523	0.0482	0.0041	0.1058	0.0928	0.0131	0.0618	0.0312	0.0306	0.0071	0.0061	0.0010	0.0546	0.0251	0.0296	0.0000	0.0000	0.0000	0.0000	0.0000	0.0000	0.0000	0.0000	0.0000	0.0000	0.0000	0.0000	0.0000	0.0000	0.0000	0.0000	0.0000	0.0000											
4	95	0.1925	4	0	0	2	2	0	0	0	0	N	N	Y	Y	N	N	N	N	N	N	N	N	inf	inf	inf	inf	3.2042	3.5928	0.0000	9.7347	10.5545	0.0000	0.0000	0.0000	0.0000	0.0000	0.0000	0.0000	0.0000	0.0000	0.0000	0.0000	0.0000	0.0000	0.0000	-0.0956	0.0000	12.3049	2.0000	21.0710	3.0050	1.0000	1.0000	0.0000	1.0000	1.0000	0.0000	0.0000	0.0000	0.0000	0.0000	0.0000	0.0000	0.0000	0.0000	0.0000	0.0000	0.0000	0.0000	0.3121	0.2783	0.0338	0.1027	0.0947	0.0080	0.2094	0.1836	0.0258	0.2836	0.1437	0.1399	0.0290	0.0242	0.0048	0.2546	0.1195	0.1351	inf	inf	0.0000	inf	inf	0.0000	0.0000	0.0000	0.0000	0.0000	0.0000	0.0000	0.0000	0.0000	0.0000	0.0000	0.0000	0.0000						
4	96	0.1925	4	0	0	2	2	0	0	0	0	N	N	Y	Y	N	N	N	N	N	N	N	N	0.0000	0.0000	0.0000	0.0000	0.0000	0.0000	0.0000	0.0000	0.0000	0.0000	0.0000	0.0000	0.0000	2.5868	5.0927	0.0000	0.0000	0.0000	0.0000	2.8769	6.1006	0.0000	0.0000	0.0000	-0.5211	12.3049	0.0000	21.0710	6.9903	0.0000	0.0000	0.0000	0.0000	0.0000	0.0000	0.0000	0.0000	0.0000	1.0000	1.0000	0.0000	0.0000	0.0000	0.0000	1.0000	1.0000	0.0000	0.0000	0.0000	0.0000	0.0000	0.0000	0.0000	0.0000	0.0000	0.0000	0.3866	0.1964	0.1902	0.0390	0.0324	0.0065	0.3476	0.1639	0.1837	0.0000	0.0000	0.0000	0.0000	0.0000	0.0000	0.0000	0.0000	0.0000	2.5868	5.0927	0.0000	0.0000	0.0000	0.0000	2.8769	6.1006	0.0000						
4	97	0.1869	3	0	0	1	2	0	0	0	0	N	N	N	Y	N	N	N	N	N	N	N	N	0.0000	0.0000	0.0000	0.0000	0.0000	0.0000	0.0000	0.0000	0.0000	0.0000	0.0000	0.0000	0.0000	0.0000	0.0000	0.0000	0.0000	0.0044	0.0077	0.0006	0.0344	0.0377	0.0098	0.0002	0.0000	0.0003	0.0700	0.0000	-0.0003	12.3049	0.9999	21.0710	1.0605	0.0000	0.0000	0.0000	0.0000	0.0000	0.0000	0.0000	0.0000	0.0000	0.0006	0.0006	0.0000	0.0006	0.0006	0.0000	0.0000	0.0000	0.0000	0.2167	0.1946	0.0221	0.0775	0.0716	0.0059	0.1392	0.1230	0.0162	0.1382	0.0737	0.0645	0.0172	0.0152	0.0020	0.1210	0.0585	0.0625	0.0000	0.0000	0.0000	0.0000	0.0000	0.0000	0.0000	0.0000	0.0000	0.0044	0.0077	0.0006	0.0344	0.0377	0.0098	0.0002	0.0000	0.0003		
4	98	0.1848	2	0	0	1	2	0	0	0	0	N	N	N	Y	N	N	N	N	N	N	N	N	104.0492	512.4796	61.0349	84.5167	138.1020	16.4820	105.5278	7852627.1262	67.9281	1.3887	1.3598	1.6369	1.4417	1.4397	1.4758	1.3366	1.2721	1.6930	0.0133	0.0027	0.0268	0.0171	0.0104	0.0895	0.0127	0.0000	0.0249	0.1401	8.0221	0.0000	0.0004	12.3049	0.0012	21.0710	1.0414	0.0010	0.0009	0.0001	0.0005	0.0005	0.0000	0.0005	0.0004	0.0001	0.0010	0.0001	0.0009	0.0002	0.0001	0.0001	0.0008	0.0000	0.0008	0.0007	0.0007	0.0001	0.0004	0.0003	0.0000	0.0004	0.0003	0.0001	0.0777	0.0433	0.0344	0.0120	0.0110	0.0010	0.0657	0.0323	0.0334	104.0492	512.4796	61.0349	84.5167	138.1020	16.4820	105.5278	7852627.1262	67.9281	0.0133	0.0027	0.0268	0.0171	0.0104	0.0895	0.0127	0.0000	0.0249
4	101	0.1917	4	1	1	1	1	0	0	0	0	N	N	N	N	N	N	N	N	N	N	N	N	0.0000	0.0000	0.0000	0.0000	0.0000	0.0000	0.0000	0.0000	0.0000	0.0000	0.0000	0.0000	0.0000	0.0000	0.0000	0.0000	0.0000	0.0000	0.0000	0.0000	12.3049	0.0000	21.0710	3.0000	0.0000	0.0000	0.0000	0.0000	0.0000	0.0000	0.0000	0.0000	0.0000	0.0000	0.0000	0.0000	0.0000	0.0000	0.0000	0.0000	0.0000	0.0000	0.0000	0.0000	0.0000	0.0000	0.0000	0.0000	0.0000	0.0000	0.0000	0.1804	0.0917	0.0887	0.0167	0.0137	0.0029	0.1637	0.0779	0.0858	0.0000	0.0000	0.0000	0.0000	0.0000	0.0000	0.0000	0.0000	0.0000	0.0000	0.0000	0.0000	0.0000	0.0000	0.0000	0.0000	0.0000	0.0000											
4	102	0.1886	3	1	1	1	1	0	0	0	0	N	N	N	N	N	N	N	N	N	N	N	N	0.0000	0.0000	0.0000	0.0000	0.0000	0.0000	0.0000	0.0000	0.0000	0.0000	0.0000	0.0000	0.0000	0.0000	0.0000	0.0000	0.0000	0.0000	0.0000	0.0000	12.3049	0.0000	21.0710	1.0000	0.0000	0.0000	0.0000	0.0000	0.0000	0.0000	0.0000	0.0000	0.0000	0.0000	0.0000	0.0000	0.0000	0.0000	0.0000	0.0000	0.0000	0.0000	0.0000	0.0000	0.0000	0.0000	0.0000	0.0000	0.0000	0.0000	0.0000	0.0626	0.0317	0.0309	0.0058	0.0048	0.0010	0.0568	0.0270	0.0298	0.0000	0.0000	0.0000	0.0000	0.0000	0.0000	0.0000	0.0000	0.0000	0.0000	0.0000	0.0000	0.0000	0.0000	0.0000	0.0000	0.0000	0.0000											
4	103	0.1848	2	0	1	1	1	0	0	0	0	N	N	N	N	N	N	N	N	N	N	N	N	174.9247	482.0259	198.8682	21.0565	30.3671	20.6011	429.8965	inf	268.1622	0.9496	0.8257	2.0089	0.2875	0.2051	1.8253	1.6887	1.6130	2.0720	0.0054	0.0017	0.0101	0.0137	0.0068	0.0886	0.0039	0.0000	0.0077	0.2846	4.6892	0.0001	0.0001	12.3049	0.0006	21.0710	1.0534	0.0006	0.0004	0.0001	0.0001	0.0001	0.0000	0.0005	0.0004	0.0001	0.0004	0.0001	0.0004	0.0002	0.0001	0.0001	0.0003	0.0000	0.0003	0.0006	0.0005	0.0001	0.0003	0.0003	0.0000	0.0003	0.0002	0.0000	0.0784	0.0437	0.0347	0.0121	0.0111	0.0010	0.0663	0.0326	0.0337	174.9247	482.0259	198.8682	21.0565	30.3671	20.6011	429.8965	inf	268.1622	0.0054	0.0017	0.0101	0.0137	0.0068	0.0886	0.0039	0.0000	0.0077
4	109	0.4035	5	0	0	1	1	0	0	0	0	N	N	N	N	N	N	N	N	N	N	N	N	0.0186	0.0139	0.0500	0.2352	0.3344	0.2351	0.0076	0.0000	0.0393	0.0194	0.0069	0.1108	0.0716	0.0573	0.3205	0.0128	0.0000	0.0996	1.0416	0.4965	2.2142	0.3045	0.1714	1.3633	1.6931	0.9565	2.5323	2.2044	2.0728	0.0147	0.4238	12.3049	7.7801	21.0710	32.2209	0.0248	0.0077	0.0171	0.0102	0.0077	0.0025	0.0146	0.0000	0.0146	2.7610	0.8985	1.8625	0.3788	0.1817	0.1970	2.3823	0.7168	1.6655	1.2794	1.1252	0.1541	0.1428	0.1351	0.0078	1.1365	0.9902	0.1464	2.6509	1.8097	0.8412	1.2438	1.0603	0.1835	1.4071	0.7494	0.6577	0.0186	0.0139	0.0500	0.2352	0.3344	0.2985	0.0076	0.0000	0.0393	1.0416	0.4965	2.2142	0.3045	0.1714	1.0738	1.6931	0.9565	2.5323
5	6	0.1045	4	2	2	0	1	0	0	0	0	Y	Y	N	N	N	N	N	N	N	N	N	N	0.0365	0.0000	2.5538	0.0025	0.0000	88.1074	2.7513	0.0000	2.1359	0.1983	0.0000	0.5357	0.0973	0.0000	1.0045	0.3154	0.0000	0.4590	5.4277	10.0789	0.2098	38.4877	42.1229	0.0114	0.1146	0.0001	0.2149	inf	0.0186	0.0000	-0.4944	0.0308	0.0006	9.4656	5.9946	0.0000	0.0000	0.0000	0.0000	0.0000	0.0000	0.0000	0.0000	0.0000	0.9832	0.9653	0.0179	0.9653	0.9653	0.0000	0.0179	0.0000	0.0179	0.0000	0.0000	0.0000	0.0000	0.0000	0.0000	0.0000	0.0000	0.0000	0.1811	0.0958	0.0854	0.0251	0.0229	0.0022	0.1561	0.0729	0.0832	0.0365	0.0000	2.5538	0.0025	0.0000	88.1074	2.7513	0.0000	2.1359	5.4277	10.0789	0.2098	38.4877	42.1229	0.0114	0.1146	0.0001	0.2149
5	7	0.0909	3	2	1	1	0	0	0	0	0	Y	N	N	N	N	N	N	N	N	N	N	N	1.1529	0.0000	81.3851	0.0591	0.0000	46.0713	12.9344	0.0000	73.2647	0.1877	0.0000	0.5148	0.0802	0.0000	1.0032	0.3049	0.0000	0.4517	0.1628	0.3054	0.0063	1.3569	1.4227	0.0218	0.0236	0.0430	0.0062	inf	0.0189	0.0000	-0.0158	0.0308	0.0052	9.4656	6.0470	0.0000	0.0000	0.0000	0.0000	0.0000	0.0000	0.0000	0.0000	0.0000	0.0315	0.0309	0.0006	0.0274	0.0274	0.0000	0.0041	0.0035	0.0006	0.0001	0.0000	0.0000	0.0000	0.0000	0.0000	0.0000	0.0000	0.0000	0.1932	0.1011	0.0921	0.0202	0.0192	0.0009	0.1731	0.0819	0.0912	1.1529	0.0000	81.3851	0.0591	0.0000	46.0713	12.9344	0.0000	73.2647	0.1628	0.3054	0.0063	1.3569	1.4227	0.0218	0.0236	0.0430	0.0062
5	8	0.0515	2	2	1	1	0	0	0	0	0	Y	N	N	N	N	N	N	N	N	N	N	N	0.1411	0.0000	15.6721	0.5238	0.0002	24.4600	0.1954	0.0000	14.3255	1.0675	0.0003	6.7789	0.4602	0.0001	10.8753	1.5934	0.0004	6.1952	7.5655	14.6209	0.4325	0.8787	0.8976	0.4446	8.1525	17.1158	0.4325	4827.6029	0.0293	0.0090	-1.0191	0.0308	4.2004	9.4656	7.1498	0.0099	0.0000	0.0099	0.0020	0.0000	0.0020	0.0079	0.0000	0.0079	2.0686	2.0098	0.0588	0.0194	0.0190	0.0004	2.0492	1.9908	0.0584	0.0093	0.0078	0.0015	0.0043	0.0041	0.0002	0.0050	0.0037	0.0013	0.2734	0.1375	0.1360	0.0221	0.0211	0.0009	0.2514	0.1163	0.1350	0.1411	0.0000	15.6721	0.5238	0.0002	24.4600	0.1954	0.0000	14.3255	7.5655	14.6209	0.4325	0.8787	0.8976	0.4446	8.1525	17.1158	0.4325
5	9	0.1077	6	1	1	1	0	0	0	0	0	N	N	N	N	N	N	N	N	N	N	N	N	0.0000	0.0000	0.0000	0.0000	0.0000	0.0000	0.0000	0.0000	0.0000	0.0000	0.0000	0.0000	0.0000	0.0000	0.0000	0.0000	0.0000	0.0000	0.0000	0.0001	0.0001	0.0000	0.0000	0.0000	0.0000	0.0041	0.0000	-0.0000	0.0308	0.0000	9.4656	0.9989	0.0000	0.0000	0.0000	0.0000	0.0000	0.0000	0.0000	0.0000	0.0000	0.0000	0.0000	0.0000	0.0000	0.0000	0.0000	0.0000	0.0000	0.0000	0.0000	0.0000	0.0000	0.0000	0.0000	0.0000	0.0000	0.0000	0.0000	0.0188	0.0124	0.0064	0.0080	0.0070	0.0010	0.0108	0.0054	0.0054	0.0000	0.0000	0.0000	0.0000	0.0000	0.0000	0.0000	0.0000	0.0000	0.0000	0.0000	0.0000	0.0001	0.0001	0.0000	0.0000	0.0000	0.0000			
5	10	0.0898	4	1	1	1	0	0	0	0	0	N	N	N	N	N	N	N	N	N	N	N	N	0.0000	0.0000	0.0000	0.0000	0.0000	0.0000	0.0000	0.0000	0.0000	0.0000	0.0000	0.0000	0.0000	0.0000	0.0000	0.0000	0.0000	0.0000	0.0498	0.0008	0.1634	0.0014	0.0015	0.0011	0.0850	0.0000	0.1910	89.2215	0.0000	0.0035	0.0308	0.0010	9.4656	6.5746	0.0000	0.0000	0.0000	0.0000	0.0000	0.0000	0.0000	0.0000	0.0000	0.0075	0.0001	0.0074	0.0001	0.0001	0.0000	0.0074	0.0000	0.0074	0.0000	0.0000	0.0000	0.0000	0.0000	0.0000	0.0000	0.0000	0.0000	0.1500	0.1048	0.0452	0.0631	0.0565	0.0066	0.0869	0.0482	0.0386	0.0000	0.0000	0.0000	0.0000	0.0000	0.0000	0.0000	0.0000	0.0000	0.0498	0.0008	0.1634	0.0014	0.0015	0.0011	0.0850	0.0000	0.1910	
5	11	0.0515	2	2	2	0	0	0	0	0	0	Y	Y	N	N	N	N	N	N	N	N	N	N	0.0286	0.0379	0.0000	4.9277	6.6002	0.0000	0.0000	0.0000	0.0000	0.2142	0.2761	0.0000	0.4172	0.4491	0.0000	0.0000	0.0000	0.0000	7.4992	7.2908	7.7098	0.0847	0.0680	0.4656	8.1488	8.6011	7.7591	0.0000	1.0461	-0.0001	-0.0202	0.0308	0.7962	9.4656	11.9291	0.0009	0.0009	0.0000	0.0009	0.0009	0.0000	0.0000	0.0000	0.0000	2.0613	1.0074	1.0539	0.0019	0.0014	0.0004	2.0594	1.0060	1.0534	0.0040	0.0031	0.0009	0.0021	0.0019	0.0001	0.0019	0.0012	0.0008	0.2749	0.1382	0.1367	0.0221	0.0212	0.0009	0.2527	0.1170	0.1358	0.0286	0.0379	0.0000	4.9277	6.6002	0.0000	0.0000	0.0000	0.0000	7.4992	7.2908	7.7098	0.0847	0.0680	0.4656	8.1488	8.6011	7.7591
5	12	0.0723	4	1	2	0	0	0	0	0	0	N	Y	N	N	N	N	N	N	N	N	N	N	0.0000	0.0000	0.0000	0.0000	0.0000	0.0000	0.0000	0.0000	0.0000	0.0000	0.0000	0.0000	0.0000	0.0000	0.0000	0.0000	0.0000	0.0033	0.0042	0.0016	0.0100	0.0101	0.0009	0.0007	0.0000	0.0016	0.1923	0.0000	-0.0001	0.0308	0.0000	9.4656	1.2577	0.0000	0.0000	0.0000	0.0000	0.0000	0.0000	0.0000	0.0000	0.0000	0.0002	0.0002	0.0000	0.0002	0.0002	0.0000	0.0000	0.0000	0.0000	0.0000	0.0000	0.0000	0.0000	0.0000	0.0000	0.0000	0.0000	0.0000	0.0748	0.0495	0.0253	0.0207	0.0204	0.0002	0.0541	0.0290	0.0251	0.0000	0.0000	0.0000	0.0000	0.0000	0.0000	0.0000	0.0000	0.0000	0.0033	0.0042	0.0016	0.0100	0.0101	0.0009	0.0007	0.0000	0.0016		
5	13	0.1101	5	1	1	0	1	0	0	0	0	N	N	N	N	N	N	N	N	N	N	N	N	0.0000	0.0000	0.0000	0.0000	0.0000	0.0000	0.0000	0.0000	0.0000	0.0000	0.0000	0.0000	0.0000	0.0002	0.0000	0.0004	0.0000	0.0000	0.0000	0.0002	0.0000	0.0004	inf	0.0000	0.0000	0.0308	0.0000	9.4656	1.9950	0.0000	0.0000	0.0000	0.0000	0.0000	0.0000	0.0000	0.0000	0.0000	0.0000	0.0000	0.0000	0.0000	0.0000	0.0000	0.0000	0.0000	0.0000	0.0000	0.0000	0.0000	0.0000	0.0000	0.0000	0.0000	0.0000	0.0000	0.0551	0.0280	0.0271	0.0081	0.0074	0.0007	0.0470	0.0206	0.0264	0.0000	0.0000	0.0000	0.0000	0.0000	0.0000	0.0000	0.0000	0.0000	0.0002	0.0000	0.0004	0.0000	0.0000	0.0000	0.0002	0.0000	0.0004						
5	14	0.4764	9	1	2	0	1	0	0	0	0	N	Y	N	N	N	N	N	N	N	N	N	N	0.0003	0.0271	0.0003	0.0563	0.0490	0.0000	0.0001	0.0018	0.0002	0.0001	0.0001	0.0005	0.0002	0.0002	0.0000	0.0001	0.0000	0.0006	0.5162	0.0033	1.7238	0.0028	0.0033	0.0000	1.4328	0.0035	2.5510	0.7157	218.9697	0.0000	0.0862	0.0308	3.8100	9.4656	14.0319	0.0000	0.0000	0.0000	0.0000	0.0000	0.0000	0.0000	0.0000	0.0000	0.1816	0.0008	0.1808	0.0006	0.0006	0.0000	0.1810	0.0002	0.1808	0.0058	0.0051	0.0007	0.0028	0.0028	0.0001	0.0029	0.0023	0.0006	0.3518	0.2469	0.1049	0.2255	0.1915	0.0340	0.1263	0.0554	0.0709	0.0003	0.0271	0.0003	0.0563	0.0490	0.0000	0.0001	0.0018	0.0002	0.5162	0.0033	1.7238	0.0028	0.0033	0.0000	1.4328	0.0035	2.5510
5	15	0.0864	3	1	2	0	0	0	0	0	0	N	Y	N	N	N	N	N	N	N	N	N	N	0.1578	0.0000	7009.7947	0.0611	0.0000	6089.3507	0.2635	0.0000	1170.7166	0.4600	0.0000	2.3572	0.7240	0.0000	3.5451	0.0678	0.0000	0.3734	2.9149	5.1058	0.0003	11.8580	13.5216	0.0006	0.2574	0.5360	0.0003	inf	0.0000	0.0045	-0.3191	0.0308	2.5826	9.4656	3.6028	0.0050	0.0000	0.0050	0.0047	0.0000	0.0047	0.0003	0.0000	0.0003	0.6124	0.6124	0.0000	0.5707	0.5707	0.0000	0.0417	0.0417	0.0000	0.0109	0.0088	0.0021	0.0065	0.0052	0.0013	0.0044	0.0036	0.0008	0.2101	0.1199	0.0902	0.0481	0.0422	0.0059	0.1620	0.0777	0.0842	0.1578	0.0000	7009.7947	0.0611	0.0000	6089.3507	0.2635	0.0000	1170.7166	2.9149	5.1058	0.0003	11.8580	13.5216	0.0006	0.2574	0.5360	0.0003
5	16	0.1235	7	1	2	0	1	0	0	0	0	N	Y	N	N	N	N	N	N	N	N	N	N	0.0000	0.0000	0.0000	0.0000	0.0000	0.0000	0.0000	0.0000	0.0000	0.0000	0.0000	0.0000	0.0000	0.0000	0.0000	0.0000	0.0000	0.0000	0.0000	0.0000	0.0308	0.0000	9.4656	0.0000	0.0000	0.0000	0.0000	0.0000	0.0000	0.0000	0.0000	0.0000	0.0000	0.0000	0.0000	0.0000	0.0000	0.0000	0.0000	0.0000	0.0000	0.0000	0.0000	0.0000	0.0000	0.0000	0.0000	0.0000	0.0000	0.0000	0.0000	0.0000	0.0000	0.0000	0.0000	0.0000	0.0000	0.0000	0.0000	0.0000	0.0000	0.0000	0.0000	0.0000	0.0000	0.0000	0.0000	0.0000	0.0000	0.0000	0.0000	0.0000	0.0000	0.0000	0.0000	0.0000	0.0000	0.0000											
5	17	0.0515	2	1	2	0	0	0	0	0	0	N	Y	N	N	N	N	N	N	N	N	N	N	6.5930	0.0000	23.1549	0.6665	0.0000	27.7233	13.0327	23.2822	1.3349	0.0000	7.3508	0.3747	0.0000	7.0434	2.2261	0.0000	7.4012	0.2025	0.0888	0.3175	0.5623	0.5756	0.2541	0.1708	0.0000	0.3179	inf	3.5374	0.0077	0.0142	0.0308	2.2039	9.4656	8.9910	0.0085	0.0000	0.0085	0.0011	0.0000	0.0011	0.0073	0.0000	0.0073	0.0550	0.0121	0.0429	0.0124	0.0121	0.0002	0.0426	0.0000	0.0426	0.0064	0.0052	0.0012	0.0031	0.0029	0.0002	0.0033	0.0023	0.0010	0.2716	0.1366	0.1350	0.0220	0.0211	0.0009	0.2496	0.1155	0.1341	6.5930	0.0000	23.1549	0.6665	0.0000	27.7233	13.0327	0.0000	23.2822	0.2025	0.0888	0.3175	0.5623	0.5756	0.2541	0.1708	0.0000	0.3179	
5	18	0.1300	3	1	1	0	1	0	0	0	0	N	N	N	N	N	N	N	N	N	N	N	N	0.0023	0.0118	0.0000	0.0196	0.0169	0.0001	0.1757	0.0000	0.0001	0.0001	0.0000	0.0002	0.0002	0.0000	0.0000	0.0000	0.0000	0.0396	0.0088	0.1167	0.0093	0.0111	0.0000	0.1021	0.0000	0.1878	0.0000	5.2987	-0.0000	0.0006	0.0308	0.9969	9.4656	1.0186	0.0000	0.0000	0.0000	0.0000	0.0000	0.0000	0.0000	0.0000	0.0000	0.0018	0.0003	0.0015	0.0003	0.0003	0.0000	0.0015	0.0000	0.0015	0.0015	0.0014	0.0002	0.0008	0.0007	0.0000	0.0008	0.0006	0.0002	0.0446	0.0319	0.0127	0.0301	0.0252	0.0048	0.0146	0.0066	0.0079	0.0023	0.0118	0.0000	0.0196	0.0169	0.0000	0.0001	0.1757	0.0000	0.0396	0.0088	0.1167	0.0093	0.0111	0.0000	0.1021	0.0000	0.1878	
5	19	0.0716	3	2	1	1	0	0	0	0	0	Y	N	N	N	N	N	N	N	N	N	N	N	0.0002	0.0000	0.0006	0.3417	0.0000	1.2876	0.0002	0.0005	0.0022	0.0000	0.0161	0.0010	0.0000	0.3565	0.0029	0.0000	0.0136	13.0317	0.0001	26.5985	0.0029	0.0007	0.2769	14.0440	0.0000	26.6293	inf	272804.6165	0.0000	0.4754	0.0308	0.3962	9.4656	2.0067	0.0000	0.0000	0.0000	0.0000	0.0000	0.0000	0.0000	0.0000	0.0000	0.9927	0.0000	0.9927	0.0000	0.0000	0.0000	0.9927	0.0000	0.9927	0.0008	0.0007	0.0001	0.0003	0.0003	0.0000	0.0005	0.0004	0.0001	0.0762	0.0389	0.0373	0.0055	0.0054	0.0000	0.0707	0.0334	0.0373	0.0002	0.0000	0.0006	0.3417	0.0000	1.2876	0.0002	0.0000	0.0005	13.0317	0.0001	26.5985	0.0029	0.0007	0.2769	14.0440	0.0000	26.6293	
5	20	0.1011	5	1	2	0	0	0	0	0	0	N	Y	N	N	N	N	N	N	N	N	N	N	0.0000	0.0000	0.0000	0.0000	0.0000	0.0000	0.0000	0.0000	0.0000	0.0000	0.0000	0.0000	0.0000	0.0000	0.0000	0.0000	0.0000	0.0000	0.0037	0.0056	0.0000	0.0087	0.0098	0.0000	0.0000	0.0000	0.0000	0.0008	0.0000	-0.0001	0.0308	0.0000	9.4656	3.0021	0.0000	0.0000	0.0000	0.0000	0.0000	0.0000	0.0000	0.0000	0.0000	0.0001	0.0001	0.0000	0.0001	0.0001	0.0000	0.0000	0.0000	0.0000	0.0000	0.0000	0.0000	0.0000	0.0000	0.0000	0.0000	0.0000	0.0000	0.0368	0.0244	0.0124	0.0157	0.0139	0.0019	0.0211	0.0105	0.0106	0.0000	0.0000	0.0000	0.0000	0.0000	0.0000	0.0000	0.0000	0.0000	0.0037	0.0056	0.0000	0.0087	0.0098	0.0000	0.0000	0.0000	0.0000	
5	21	0.0515	2	1	2	0	0	0	0	0	0	N	Y	N	N	N	N	N	N	N	N	N	N	16.9353	0.0000	28076.6129	0.5396	0.0000	1249.9762	14480.5061	35793.1285	0.6211	0.0000	4.6850	0.2770	0.0000	8.8603	0.9008	0.0000	4.1913	0.0367	0.0727	0.0002	0.5134	0.5399	0.0071	0.0001	0.0000	0.0001	inf	0.0023	0.0090	-0.0085	0.0308	9.2038	9.4656	12.0710	0.0099	0.0000	0.0099	0.0020	0.0000	0.0020	0.0079	0.0000	0.0079	0.0164	0.0163	0.0000	0.0163	0.0163	0.0000	0.0000	0.0000	0.0000	0.0160	0.0139	0.0021	0.0072	0.0069	0.0002	0.0088	0.0069	0.0019	0.4461	0.2244	0.2217	0.0318	0.0302	0.0016	0.4143	0.1942	0.2201	16.9353	0.0000	28076.6129	0.5396	0.0000	1249.9762	14480.5061	0.0000	35793.1285	0.0367	0.0727	0.0002	0.5134	0.5399	0.0071	0.0001	0.0000	0.0001	
5	22	0.0515	2	2	2	0	0	0	0	0	0	Y	Y	N	N	N	N	N	N	N	N	N	N	1.5659	110.0033	4.1853	9.3044	17.7063	10.1869	1.7055	inf	3.5272	0.2236	0.0848	1.1982	0.1781	0.0997	2.8908	0.2600	0.0703	1.0098	0.1428	0.0008	0.2863	0.0191	0.0056	0.2838	0.1524	0.0000	0.2863	2.0139	367.7692	0.0025	0.0281	0.0308	12.2045	9.4656	6.9907	0.0044	0.0015	0.0029	0.0015	0.0008	0.0007	0.0028	0.0006	0.0022	0.0590	0.0002	0.0588	0.0006	0.0002	0.0004	0.0584	0.0000	0.0584	0.0196	0.0171	0.0024	0.0087	0.0084	0.0002	0.0109	0.0087	0.0022	0.4132	0.2076	0.2055	0.0299	0.0284	0.0015	0.3833	0.1792	0.2041	1.5659	110.0033	4.1853	9.3044	17.7063	10.1869	1.7055	inf	3.5272	0.1428	0.0008	0.2863	0.0191	0.0056	0.2838	0.1524	0.0000	0.2863
5	23	0.0956	4	1	2	0	0	0	0	0	0	N	Y	N	N	N	N	N	N	N	N	N	N	0.0000	0.0000	0.0000	0.0000	0.0000	0.0000	0.0000	0.0000	0.0000	0.0000	0.0000	0.0000	0.0000	0.0000	0.0000	0.0000	0.0000	0.0000	0.0037	0.0016	0.0074	0.0022	0.0023	0.0014	0.0052	0.0000	0.0085	2.6050	0.0000	0.0002	0.0308	0.0000	9.4656	4.0676	0.0000	0.0000	0.0000	0.0000	0.0000	0.0000	0.0000	0.0000	0.0000	0.0008	0.0002	0.0006	0.0002	0.0002	0.0000	0.0005	0.0000	0.0005	0.0003	0.0002	0.0000	0.0002	0.0002	0.0000	0.0001	0.0001	0.0000	0.2091	0.1341	0.0750	0.1059	0.0945	0.0114	0.1032	0.0395	0.0636	0.0000	0.0000	0.0000	0.0000	0.0000	0.0000	0.0000	0.0000	0.0000	0.0037	0.0016	0.0074	0.0022	0.0023	0.0014	0.0052	0.0000	0.0085	
5	24	0.0515	2	2	2	0	0	0	0	0	0	Y	Y	N	N	N	N	N	N	N	N	N	N	0.3928	13.9914	1.0188	2.8191	1.0814	1172.8332	0.5186	inf	0.9160	0.6887	0.2320	3.6010	0.3419	0.1381	6.4039	0.9724	0.3273	3.2616	1.7533	0.0166	3.5344	0.1213	0.1277	0.0055	1.8750	0.0000	3.5608	2.4336	207.8308	0.0063	0.4657	0.0308	8.3046	9.4656	21.0710	0.0102	0.0030	0.0073	0.0023	0.0009	0.0014	0.0079	0.0021	0.0059	0.9823	0.0047	0.9776	0.0047	0.0047	0.0000	0.9776	0.0000	0.9776	0.0149	0.0128	0.0020	0.0067	0.0065	0.0002	0.0082	0.0064	0.0018	0.5603	0.2837	0.2766	0.0389	0.0368	0.0021	0.5214	0.2468	0.2745	0.3928	13.9914	1.0188	2.8191	1.0814	1172.8332	0.5186	inf	0.9160	1.7533	0.0166	3.5344	0.1213	0.1277	0.0055	1.8750	0.0000	3.5608
5	25	0.0695	3	1	2	0	0	0	0	0	0	N	Y	N	N	N	N	N	N	N	N	N	N	0.0085	0.0000	0.0230	1.3076	0.0000	6.0258	0.0101	0.0000	0.0196	0.0306	0.0000	0.1797	0.0133	0.0000	1.0084	0.0413	0.0000	0.1542	3.5928	0.0012	7.8095	0.0102	0.0054	0.1673	4.0982	0.0000	7.8713	inf	5585.2052	0.0001	0.4706	0.0308	1.0335	9.4656	7.4537	0.0001	0.0000	0.0001	0.0000	0.0000	0.0000	0.0001	0.0000	0.0001	0.9831	0.0002	0.9829	0.0003	0.0002	0.0002	0.9827	0.0000	0.9827	0.0024	0.0020	0.0004	0.0009	0.0009	0.0000	0.0015	0.0011	0.0004	0.2736	0.1478	0.1259	0.0338	0.0328	0.0010	0.2398	0.1149	0.1249	0.0085	0.0000	0.0230	1.3076	0.0000	6.0258	0.0101	0.0000	0.0196	3.5928	0.0012	7.8095	0.0102	0.0054	0.1673	4.0982	0.0000	7.8713
5	26	0.0515	2	1	2	0	0	0	0	0	0	N	Y	N	N	N	N	N	N	N	N	N	N	3.6369	0.0000	12.9627	15.5556	0.0000	22.6331	4.9344	11.6707	0.7395	0.0000	5.2903	0.3268	0.0000	9.5111	1.0807	0.0000	4.7621	0.2033	0.0005	0.4081	0.0210	0.0032	0.4202	0.2190	0.0000	0.4080	inf	840.6154	0.0090	0.0281	0.0308	7.2039	9.4656	4.9911	0.0099	0.0000	0.0099	0.0020	0.0000	0.0020	0.0079	0.0000	0.0079	0.0589	0.0001	0.0588	0.0005	0.0001	0.0004	0.0584	0.0000	0.0584	0.0134	0.0116	0.0019	0.0061	0.0059	0.0002	0.0074	0.0057	0.0017	0.2898	0.1456	0.1442	0.0229	0.0220	0.0010	0.2668	0.1236	0.1432	3.6369	0.0000	12.9627	15.5556	0.0000	22.6331	4.9344	0.0000	11.6707	0.2033	0.0005	0.4081	0.0210	0.0032	0.4202	0.2190	0.0000	0.4080	
5	27	0.1421	3	1	2	1	1	0	0	0	0	N	Y	N	N	N	N	N	N	N	N	N	N	98.8887	18061.6718	1.9583	20968.8186	23944.7353	4742.7806	0.1633	0.0000	0.4371	0.3629	0.4170	0.0184	0.9772	0.9838	0.4300	0.0010	0.0000	0.0046	0.0037	0.0000	0.0094	0.0000	0.0000	0.0001	0.0059	0.0000	0.0106	0.0069	258.8889	-0.0001	0.0004	0.0308	1.9923	9.4656	5.5017	0.0014	0.0014	0.0000	0.0014	0.0014	0.0000	0.0000	0.0000	0.0000	0.0009	0.0000	0.0009	0.0000	0.0000	0.0000	0.0009	0.0000	0.0009	0.0040	0.0034	0.0005	0.0015	0.0015	0.0000	0.0025	0.0020	0.0005	0.2340	0.1431	0.0909	0.0890	0.0791	0.0099	0.1450	0.0640	0.0810	98.8887	18061.6718	1.9583	20968.8186	23944.7353	4742.7806	0.1633	0.0000	0.4371	0.0037	0.0000	0.0094	0.0000	0.0000	0.0001	0.0059	0.0000	0.0106
5	28	0.0515	2	1	2	0	0	0	0	0	0	N	Y	N	N	N	N	N	N	N	N	N	N	1.2123	9.1288	0.0000	2.1084	2.2582	0.0000	0.0000	0.0000	0.1582	0.1964	0.0000	0.3224	0.3425	0.0000	0.0000	0.0000	0.0000	0.1305	0.0215	0.2404	0.1529	0.1517	0.1785	0.1287	0.0000	0.2408	0.0000	11.0865	-0.0001	0.0185	0.0308	1.7961	9.4656	15.9291	0.0009	0.0009	0.0000	0.0009	0.0009	0.0000	0.0000	0.0000	0.0000	0.0467	0.0039	0.0428	0.0041	0.0039	0.0002	0.0426	0.0000	0.0426	0.0054	0.0044	0.0011	0.0027	0.0025	0.0002	0.0028	0.0019	0.0009	0.3578	0.1796	0.1782	0.0267	0.0255	0.0012	0.3311	0.1542	0.1770	1.2123	9.1288	0.0000	2.1084	2.2582	0.0000	0.0000	0.0000	0.0000	0.1305	0.0215	0.2404	0.1529	0.1517	0.1785	0.1287	0.0000	0.2408	
5	29	0.1093	5	2	2	0	0	0	0	0	0	Y	Y	N	N	N	N	N	N	N	N	N	N	0.0000	0.0000	0.0000	0.0000	0.0000	0.0000	0.0000	0.0000	0.0000	0.0000	0.0000	0.0000	0.0000	0.0000	0.0000	0.0000	0.0000	0.0000	0.0000	0.0000	0.0308	0.0000	9.4656	0.0000	0.0000	0.0000	0.0000	0.0000	0.0000	0.0000	0.0000	0.0000	0.0000	0.0000	0.0000	0.0000	0.0000	0.0000	0.0000	0.0000	0.0000	0.0000	0.0000	0.0000	0.0000	0.0000	0.0000	0.0000	0.0000	0.0000	0.0000	0.0000	0.0000	0.0000	0.0000	0.0000	0.0000	0.0000	0.0000	0.0000	0.0000	0.0000	0.0000	0.0000	0.0000	0.0000	0.0000	0.0000	0.0000	0.0000	0.0000	0.0000	0.0000	0.0000	0.0000	0.0000	0.0000	0.0000											
5	30	0.0515	2	1	2	0	1	0	0	0	0	N	Y	N	N	N	N	N	N	N	N	N	N	0.0000	0.0000	0.0000	0.0000	0.0000	0.0000	0.0000	0.0000	0.0000	0.0000	0.0000	0.0000	0.0000	0.0000	0.0000	0.0000	2.3817	0.0221	4.7651	0.1533	0.1611	0.0000	2.5555	0.0000	4.7990	213.7297	0.0000	0.4658	0.0308	0.0000	9.4656	19.0400	0.0000	0.0000	0.0000	0.0000	0.0000	0.0000	0.0000	0.0000	0.0000	0.9822	0.0046	0.9776	0.0046	0.0046	0.0000	0.9776	0.0000	0.9776	0.0000	0.0000	0.0000	0.0000	0.0000	0.0000	0.0000	0.0000	0.0000	0.4124	0.2072	0.2052	0.0298	0.0284	0.0014	0.3825	0.1788	0.2037	0.0000	0.0000	0.0000	0.0000	0.0000	0.0000	0.0000	0.0000	0.0000	2.3817	0.0221	4.7651	0.1533	0.1611	0.0000	2.5555	0.0000	4.7990			
5	31	0.0515	2	2	2	0	0	0	0	0	0	Y	Y	N	N	N	N	N	N	N	N	N	N	0.0316	3.2062	0.0000	0.8573	0.8461	0.0000	0.0000	0.0718	0.0839	0.0000	0.1575	0.1634	0.0000	0.0000	0.0000	0.0000	2.2677	0.0262	4.5352	0.1837	0.1932	0.0000	2.4287	0.0000	4.5677	0.0000	171.2737	-0.0001	0.4652	0.0308	6.7961	9.4656	16.0091	0.0009	0.0009	0.0000	0.0009	0.0009	0.0000	0.0000	0.0000	0.0000	0.9833	0.0057	0.9776	0.0057	0.0057	0.0000	0.9776	0.0000	0.9776	0.0120	0.0102	0.0017	0.0054	0.0052	0.0002	0.0065	0.0050	0.0015	0.4336	0.2180	0.2156	0.0311	0.0295	0.0015	0.4025	0.1885	0.2140	0.0316	3.2062	0.0000	0.8573	0.8461	0.0000	0.0000	0.0000	0.0000	2.2677	0.0262	4.5352	0.1837	0.1932	0.0000	2.4287	0.0000	4.5677		
5	32	0.4764	9	1	1	1	0	0	0	0	0	N	N	N	N	N	N	N	N	N	N	N	N	0.0001	0.0000	15.8769	0.0000	0.0000	0.0000	0.0854	0.0019	22.5337	0.0002	0.0001	0.0008	0.0002	0.0002	0.0000	0.0002	0.0000	0.0008	3.1556	4.5345	0.0000	4.9734	5.7754	0.0001	0.0021	0.0051	0.0000	0.7157	0.0000	0.0000	-0.4156	0.0308	2.4598	9.4656	7.4321	0.0000	0.0000	0.0000	0.0000	0.0000	0.0000	0.0000	0.0000	0.0000	0.7975	0.7975	0.0000	0.7973	0.7973	0.0000	0.0002	0.0002	0.0000	0.0038	0.0034	0.0004	0.0019	0.0018	0.0000	0.0019	0.0015	0.0004	0.2527	0.1759	0.0769	0.1603	0.1381	0.0223	0.0924	0.0378	0.0546	0.0001	0.0000	15.8769	0.0000	0.0000	0.0000	0.0854	0.0019	22.5337	3.1556	4.5345	0.0000	4.9734	5.7754	0.0001	0.0021	0.0051	0.0000
5	33	0.4381	8	1	1	0	0	0	0	0	0	N	N	N	N	N	N	N	N	N	N	N	N	0.0002	0.0002	0.0000	0.0002	0.0001	0.0000	0.0004	0.0004	0.0000	0.0002	0.0002	0.0000	0.0002	0.0002	0.0000	0.0002	0.0002	0.0000	0.8955	1.2156	0.1791	1.2898	1.4896	0.0156	0.3968	0.5808	0.2322	0.0000	0.0658	-0.0000	-0.1120	0.0308	2.7943	9.4656	8.2643	0.0000	0.0000	0.0000	0.0000	0.0000	0.0000	0.0000	0.0000	0.0000	0.2438	0.2287	0.0151	0.1961	0.1958	0.0003	0.0477	0.0330	0.0147	0.0042	0.0038	0.0005	0.0021	0.0020	0.0001	0.0022	0.0017	0.0004	0.2722	0.1882	0.0841	0.1520	0.1314	0.0206	0.1202	0.0567	0.0635	0.0002	0.0002	0.0000	0.0002	0.0001	0.0000	0.0004	0.0004	0.0000	0.8955	1.2156	0.1791	1.2898	1.4896	0.0156	0.3968	0.5808	0.2322
5	34	0.1070	3	1	2	0	0	0	0	0	0	N	Y	N	N	N	N	N	N	N	N	N	N	0.2162	0.2154	0.0000	0.2809	0.2426	0.0328	3.2537	0.0000	0.0896	0.1069	0.0000	0.1341	0.1472	0.0000	0.0085	0.0120	0.0000	0.4145	0.4963	0.2353	0.4776	0.6067	0.0000	0.2582	0.0037	0.4559	0.0000	0.2166	-0.0000	-0.0117	0.0308	0.0009	9.4656	2.4415	0.0000	0.0000	0.0000	0.0000	0.0000	0.0000	0.0000	0.0000	0.0000	0.0340	0.0279	0.0061	0.0279	0.0279	0.0000	0.0061	0.0000	0.0061	0.0000	0.0000	0.0000	0.0000	0.0000	0.0000	0.0000	0.0000	0.0000	0.0820	0.0563	0.0257	0.0584	0.0460	0.0124	0.0236	0.0103	0.0133	0.2162	0.2154	0.0000	0.2809	0.2426	0.0000	0.0328	3.2537	0.0000	0.4145	0.4963	0.2353	0.4776	0.6067	0.0000	0.2582	0.0037	0.4559	
5	35	0.0515	2	2	1	1	0	0	0	0	0	Y	N	N	N	N	N	N	N	N	N	N	N	0.0000	0.0000	0.0000	0.0000	0.0000	0.0000	0.0000	0.0000	0.0000	0.0000	0.0000	0.0000	0.0000	0.0000	0.0000	0.0000	0.0000	0.3398	0.0004	0.6935	0.0167	0.0019	0.4668	0.3758	0.0000	0.6949	1831.2031	0.0000	0.0263	0.0308	0.0000	9.4656	5.9600	0.0000	0.0000	0.0000	0.0000	0.0000	0.0000	0.0000	0.0000	0.0000	0.0550	0.0000	0.0549	0.0003	0.0000	0.0002	0.0547	0.0000	0.0547	0.0000	0.0000	0.0000	0.0000	0.0000	0.0000	0.0000	0.0000	0.0000	0.1618	0.0825	0.0792	0.0162	0.0157	0.0005	0.1455	0.0668	0.0787	0.0000	0.0000	0.0000	0.0000	0.0000	0.0000	0.0000	0.0000	0.0000	0.3398	0.0004	0.6935	0.0167	0.0019	0.4668	0.3758	0.0000	0.6949		
5	36	0.1421	3	1	2	0	0	0	0	0	0	N	Y	N	N	N	N	N	N	N	N	N	N	37.1253	0.0000	61.2263	533.9782	0.0000	9444.0052	16.8768	0.0000	29.7228	0.1806	0.0000	0.6757	0.2148	0.0000	1.0091	0.1287	0.0000	0.3675	0.0049	0.0010	0.0110	0.0004	0.0004	0.0001	0.0076	0.0016	0.0124	inf	7.1770	0.0000	0.0003	0.0308	0.0123	9.4656	6.2120	0.0000	0.0000	0.0000	0.0000	0.0000	0.0000	0.0000	0.0000	0.0000	0.0010	0.0001	0.0009	0.0000	0.0000	0.0000	0.0009	0.0001	0.0009	0.0001	0.0001	0.0000	0.0001	0.0001	0.0000	0.0001	0.0000	0.0000	0.2004	0.1229	0.0775	0.0766	0.0682	0.0084	0.1238	0.0547	0.0691	37.1253	0.0000	61.2263	533.9782	0.0000	9444.0052	16.8768	0.0000	29.7228	0.0049	0.0010	0.0110	0.0004	0.0004	0.0001	0.0076	0.0016	0.0124
5	37	0.0515	2	1	2	0	0	0	0	0	0	N	Y	N	N	N	N	N	N	N	N	N	N	0.3546	0.0197	1.3191	0.4681	0.0022	1552.8281	0.4915	inf	1.1754	0.6742	0.0017	4.9496	0.2995	0.0015	9.1215	0.9811	0.0020	4.4432	1.9014	0.0883	3.7524	0.6399	0.6747	0.0059	1.9960	0.0000	3.7801	447.6320	41.6098	0.0090	0.4556	0.0308	8.2035	9.4656	18.5835	0.0099	0.0000	0.0099	0.0020	0.0000	0.0020	0.0079	0.0000	0.0079	1.0002	0.0235	0.9768	0.0235	0.0235	0.0000	0.9768	0.0000	0.9768	0.0147	0.0127	0.0020	0.0066	0.0064	0.0002	0.0081	0.0063	0.0018	0.5261	0.2657	0.2603	0.0367	0.0348	0.0019	0.4894	0.2310	0.2584	0.3546	0.0197	1.3191	0.4681	0.0022	1552.8281	0.4915	inf	1.1754	1.9014	0.0883	3.7524	0.6399	0.6747	0.0059	1.9960	0.0000	3.7801
5	38	0.0515	2	1	2	0	1	0	0	0	0	N	Y	N	N	N	N	N	N	N	N	N	N	0.1784	0.1159	0.5994	2.2418	0.4870	1347.1990	0.2408	0.1861	0.4290	0.5781	0.3718	1.9621	0.2589	0.0593	6.6924	0.8359	0.6818	1.4151	3.2403	3.2080	3.2736	0.1155	0.1218	0.0050	3.4722	3.6637	3.2985	0.7866	0.9880	0.0034	-0.0474	0.0308	10.2042	9.4656	23.0710	0.0099	0.0056	0.0044	0.0020	0.0004	0.0015	0.0079	0.0051	0.0028	1.9671	0.9895	0.9776	0.0048	0.0048	0.0000	1.9622	0.9846	0.9776	0.0172	0.0150	0.0022	0.0077	0.0074	0.0002	0.0095	0.0075	0.0020	0.6071	0.3084	0.2986	0.0419	0.0397	0.0023	0.5651	0.2688	0.2964	0.1784	0.1159	0.5994	2.2418	0.4870	1347.1990	0.2408	0.1861	0.4290	3.2403	3.2080	3.2736	0.1155	0.1218	0.0050	3.4722	3.6637	3.2985
5	39	0.0515	2	2	1	1	0	0	0	0	0	Y	N	N	N	N	N	N	N	N	N	N	N	0.0000	0.0000	0.0000	0.0000	0.0000	0.0000	0.0000	0.0000	0.0000	0.0000	0.0000	0.0000	0.0000	0.0000	0.0000	0.0000	0.0000	0.6322	0.0008	1.3905	0.0217	0.0026	1.7093	0.7574	0.0000	1.3918	1427.8697	0.0000	0.0205	0.0308	0.0000	9.4656	1.9600	0.0000	0.0000	0.0000	0.0000	0.0000	0.0000	0.0000	0.0000	0.0000	0.0429	0.0000	0.0428	0.0003	0.0000	0.0002	0.0426	0.0000	0.0426	0.0000	0.0000	0.0000	0.0000	0.0000	0.0000	0.0000	0.0000	0.0000	0.0678	0.0370	0.0308	0.0115	0.0114	0.0002	0.0563	0.0256	0.0306	0.0000	0.0000	0.0000	0.0000	0.0000	0.0000	0.0000	0.0000	0.0000	0.6322	0.0008	1.3905	0.0217	0.0026	1.1788	0.7574	0.0000	1.3918		
5	40	0.1070	3	1	1	1	0	0	0	0	0	N	N	N	N	N	N	N	N	N	N	N	N	0.0077	137.1682	0.0000	46.0720	161.4081	0.0000	0.0002	49.4349	0.0000	0.0896	0.1069	0.0000	0.1341	0.1472	0.0000	0.0085	0.0120	0.0000	11.6526	0.0008	39.0505	0.0029	0.0009	0.0111	38.7610	0.0002	72.1368	0.0000	21312.4491	-0.0000	0.9377	0.0308	0.0009	9.4656	7.7842	0.0000	0.0000	0.0000	0.0000	0.0000	0.0000	0.0000	0.0000	0.0000	1.9582	0.0001	1.9581	0.0003	0.0001	0.0003	1.9579	0.0000	1.9579	0.0000	0.0000	0.0000	0.0000	0.0000	0.0000	0.0000	0.0000	0.0000	0.1680	0.1179	0.0501	0.1175	0.0945	0.0230	0.0505	0.0234	0.0271	0.0077	137.1682	0.0000	46.0720	161.4081	0.0000	0.0002	49.4349	0.0000	11.6526	0.0008	39.0505	0.0029	0.0009	0.0111	38.7610	0.0002	72.1368
5	41	0.0515	2	1	1	0	0	0	0	0	0	N	N	N	N	N	N	N	N	N	N	N	N	0.0662	6.7669	0.0000	1.6265	1.6441	0.2118	0.0000	0.0389	0.0000	0.1582	0.1963	0.0002	0.3224	0.3425	0.0003	0.0001	0.0000	0.0001	2.3900	0.0290	4.7760	0.1982	0.2083	0.0016	2.5602	0.0007	4.8100	0.0002	162.8675	-0.0001	0.4754	0.0308	1.7959	9.4656	20.1034	0.0009	0.0009	0.0000	0.0009	0.0009	0.0000	0.0000	0.0000	0.0000	1.0054	0.0061	0.9993	0.0060	0.0060	0.0000	0.9994	0.0001	0.9993	0.0054	0.0044	0.0011	0.0027	0.0025	0.0002	0.0028	0.0019	0.0009	0.4207	0.2114	0.2092	0.0303	0.0288	0.0015	0.3904	0.1826	0.2077	0.0662	6.7669	0.0000	1.6265	1.6441	0.2118	0.0000	0.0389	0.0000	2.3900	0.0290	4.7760	0.1982	0.2083	0.0016	2.5602	0.0007	4.8100
5	42	0.1215	3	1	2	0	0	0	0	0	0	N	Y	N	N	N	N	N	N	N	N	N	N	9.0953	8.2716	8.2673	8.2622	0.0000	0.0000	0.0289	0.0325	0.0000	0.0472	0.0505	0.0000	0.0000	0.0000	0.0000	0.0032	0.0039	0.0000	0.0057	0.0061	0.0000	0.0001	0.0001	0.0000	0.0000	0.0000	-0.0000	-0.0000	0.0308	0.0003	9.4656	0.0002	0.0000	0.0000	0.0000	0.0000	0.0000	0.0000	0.0000	0.0000	0.0000	0.0000	0.0000	0.0000	0.0000	0.0000	0.0000	0.0000	0.0000	0.0000	0.0000	0.0000	0.0000	0.0000	0.0000	0.0000	0.0000	0.0000	0.0000	0.0001	0.0001	0.0000	0.0000	0.0000	0.0000	0.0000	0.0000	0.0000	9.0953	8.2716	0.0000	8.2673	8.2622	0.0000	0.0000	0.0000	0.0000	0.0032	0.0039	0.0000	0.0057	0.0061	0.0000	0.0001	0.0001	0.0000			
5	43	0.0775	3	2	2	1	0	0	0	0	0	Y	Y	N	N	N	N	N	N	N	N	N	N	0.0000	0.0000	0.0000	0.0000	0.0000	0.0000	0.0000	0.0000	0.0000	0.0000	0.0000	0.0000	0.0000	0.0000	0.0000	0.0000	0.0000	0.0000	0.0000	0.0000	0.0308	0.0000	9.4656	2.0000	0.0000	0.0000	0.0000	0.0000	0.0000	0.0000	0.0000	0.0000	0.0000	0.0000	0.0000	0.0000	0.0000	0.0000	0.0000	0.0000	0.0000	0.0000	0.0000	0.0000	0.0000	0.0000	0.0000	0.0000	0.0000	0.0000	0.0000	0.0374	0.0218	0.0156	0.0086	0.0067	0.0019	0.0288	0.0151	0.0137	0.0000	0.0000	0.0000	0.0000	0.0000	0.0000	0.0000	0.0000	0.0000	0.0000	0.0000	0.0000	0.0000	0.0000	0.0000	0.0000	0.0000	0.0000											
5	44	0.0775	3	2	2	1	0	0	0	0	0	Y	Y	N	N	N	N	N	N	N	N	N	N	0.0000	0.0000	0.0000	0.0000	0.0000	0.0000	0.0000	0.0000	0.0000	0.0000	0.0000	0.0000	0.0000	0.0000	0.0000	0.0000	0.0000	0.0000	0.0000	0.0000	0.0308	0.0000	9.4656	0.0000	0.0000	0.0000	0.0000	0.0000	0.0000	0.0000	0.0000	0.0000	0.0000	0.0000	0.0000	0.0000	0.0000	0.0000	0.0000	0.0000	0.0000	0.0000	0.0000	0.0000	0.0000	0.0000	0.0000	0.0000	0.0000	0.0000	0.0000	0.0000	0.0000	0.0000	0.0000	0.0000	0.0000	0.0000	0.0000	0.0000	0.0000	0.0000	0.0000	0.0000	0.0000	0.0000	0.0000	0.0000	0.0000	0.0000	0.0000	0.0000	0.0000	0.0000	0.0000	0.0000	0.0000	0.0000											
5	45	0.0515	2	2	2	1	0	0	0	0	0	Y	Y	N	N	N	N	N	N	N	N	N	N	0.7187	21.4546	0.0000	4.4476	6.0238	0.0000	0.0000	0.0000	0.2142	0.2761	0.0000	0.4172	0.4491	0.0000	0.0000	0.0000	0.0000	0.2980	0.0129	0.5901	0.0938	0.0746	0.6084	0.3183	0.0000	0.5900	0.0000	44.7603	-0.0001	0.0275	0.0308	0.7962	9.4656	7.9291	0.0009	0.0009	0.0000	0.0009	0.0009	0.0000	0.0000	0.0000	0.0000	0.0601	0.0013	0.0588	0.0017	0.0013	0.0004	0.0584	0.0000	0.0584	0.0040	0.0031	0.0009	0.0021	0.0019	0.0001	0.0019	0.0012	0.0008	0.2018	0.1021	0.0996	0.0183	0.0176	0.0007	0.1835	0.0845	0.0990	0.7187	21.4546	0.0000	4.4476	6.0238	0.0000	0.0000	0.0000	0.0000	0.2980	0.0129	0.5901	0.0938	0.0746	0.6084	0.3183	0.0000	0.5900	
5	46	0.0515	2	2	2	0	0	0	0	0	0	Y	Y	N	N	N	N	N	N	N	N	N	N	0.0602	0.0406	0.0000	6.0379	7.2217	0.0000	0.0000	0.0000	0.0000	0.2142	0.2761	0.0000	0.4172	0.4491	0.0000	0.0000	0.0000	0.0000	3.5581	6.7910	0.2946	0.0691	0.0622	0.2231	3.8573	7.9831	0.2951	0.0000	0.0430	-0.0001	-0.4989	0.0308	0.7962	9.4656	12.9291	0.0009	0.0009	0.0000	0.0009	0.0009	0.0000	0.0000	0.0000	0.0000	1.0396	0.9968	0.0428	0.0016	0.0014	0.0002	1.0380	0.9954	0.0426	0.0040	0.0031	0.0009	0.0021	0.0019	0.0001	0.0019	0.0012	0.0008	0.2922	0.1468	0.1454	0.0231	0.0221	0.0010	0.2691	0.1247	0.1444	0.0602	0.0406	0.0000	6.0379	7.2217	0.0000	0.0000	0.0000	0.0000	3.5581	6.7910	0.2946	0.0691	0.0622	0.2231	3.8573	7.9831	0.2951
5	47	0.0515	2	1	2	0	1	0	0	0	0	N	Y	N	N	N	N	N	N	N	N	N	N	0.0000	0.0000	0.0000	0.0000	0.0000	0.0000	0.0000	0.0000	0.0000	0.0000	0.0000	0.0000	0.0000	0.0000	0.0000	0.0528	0.1047	0.0000	0.1311	0.1381	0.0000	0.0469	0.0996	0.0000	0.0000	0.0000	-0.0135	0.0308	9.0000	9.4656	15.0400	0.0000	0.0000	0.0000	0.0000	0.0000	0.0000	0.0000	0.0000	0.0000	0.0258	0.0258	0.0000	0.0045	0.0045	0.0000	0.0213	0.0213	0.0000	0.0158	0.0137	0.0021	0.0071	0.0069	0.0002	0.0087	0.0068	0.0019	0.4894	0.2467	0.2427	0.0344	0.0327	0.0018	0.4550	0.2141	0.2409	0.0000	0.0000	0.0000	0.0000	0.0000	0.0000	0.0000	0.0000	0.0000	0.0528	0.1047	0.0000	0.1311	0.1381	0.0000	0.0469	0.0996	0.0000				
5	48	0.1300	3	1	1	0	1	0	0	0	0	N	N	N	N	N	N	N	N	N	N	N	N	0.0732	61.6118	0.0000	8.1242	83.4664	0.0000	0.0015	61.6584	0.0000	0.0202	0.0232	0.0000	0.0374	0.0390	0.0000	0.0013	0.0017	0.0000	0.2763	0.0004	0.9725	0.0046	0.0005	0.0253	0.8561	0.0000	1.5997	0.0000	1025.0652	-0.0000	0.0082	0.0308	0.0037	9.4656	3.0208	0.0000	0.0000	0.0000	0.0000	0.0000	0.0000	0.0000	0.0000	0.0000	0.0172	0.0000	0.0172	0.0002	0.0000	0.0002	0.0170	0.0000	0.0170	0.0000	0.0000	0.0000	0.0000	0.0000	0.0000	0.0000	0.0000	0.0000	0.0623	0.0446	0.0177	0.0424	0.0354	0.0070	0.0199	0.0092	0.0106	0.0732	61.6118	0.0000	8.1242	83.4664	0.0000	0.0015	61.6584	0.0000	0.2763	0.0004	0.9725	0.0046	0.0005	0.0253	0.8561	0.0000	1.5997
5	49	0.0515	2	1	1	0	1	0	0	0	0	N	N	N	N	N	N	N	N	N	N	N	N	0.0463	4.5262	0.0000	1.1450	1.1342	0.0459	0.0000	0.3702	0.0000	0.0908	0.1077	0.0000	0.1959	0.2045	0.0001	0.0000	0.0000	0.0000	1.9601	0.0238	3.9312	0.1711	0.1803	0.0016	2.0951	0.0000	3.9599	0.0001	162.3423	-0.0001	0.4645	0.0308	4.7960	9.4656	23.0471	0.0009	0.0009	0.0000	0.0009	0.0009	0.0000	0.0000	0.0000	0.0000	0.9824	0.0060	0.9764	0.0060	0.0060	0.0000	0.9764	0.0000	0.9764	0.0094	0.0080	0.0015	0.0044	0.0042	0.0002	0.0051	0.0038	0.0013	0.5012	0.2528	0.2484	0.0352	0.0333	0.0018	0.4660	0.2195	0.2466	0.0463	4.5262	0.0000	1.1450	1.1342	0.0459	0.0000	0.3702	0.0000	1.9601	0.0238	3.9312	0.1711	0.1803	0.0016	2.0951	0.0000	3.9599
5	50	0.0864	3	1	2	1	0	0	0	0	0	N	Y	N	N	N	N	N	N	N	N	N	N	0.0518	0.0425	0.7716	0.0350	0.0404	0.3357	0.0304	0.0178	1.8202	0.2357	0.2999	0.0007	0.3592	0.4697	0.0003	0.0231	0.0277	0.0016	4.5516	7.0631	0.0009	10.2710	11.6287	0.0008	0.7591	1.5611	0.0009	0.0006	0.0001	-0.0002	-0.2165	0.0308	1.4428	9.4656	0.4686	0.0021	0.0021	0.0000	0.0020	0.0020	0.0000	0.0001	0.0001	0.0000	0.4155	0.4155	0.0000	0.3739	0.3739	0.0000	0.0417	0.0416	0.0000	0.0088	0.0070	0.0019	0.0056	0.0043	0.0013	0.0032	0.0027	0.0006	0.0913	0.0588	0.0325	0.0364	0.0321	0.0043	0.0549	0.0267	0.0282	0.0518	0.0425	0.7716	0.0350	0.0404	0.3357	0.0304	0.0178	1.8202	4.5516	7.0631	0.0009	10.2710	11.6287	0.0008	0.7591	1.5611	0.0009
5	51	0.0515	2	1	2	0	0	0	0	0	0	N	Y	N	N	N	N	N	N	N	N	N	N	0.2597	0.0772	25.9931	0.4064	0.2169	27.5209	0.3582	0.1079	23.8784	0.7348	0.4274	2.6257	0.3262	0.1808	4.4101	1.0727	0.6821	2.4023	2.8295	5.5366	0.1010	0.8027	0.8335	0.1602	2.9945	6.3218	0.1006	0.9990	0.0181	0.0040	-0.4931	0.0308	7.1845	9.4656	8.0722	0.0099	0.0049	0.0049	0.0020	0.0011	0.0009	0.0079	0.0039	0.0040	0.9797	0.9623	0.0174	0.0209	0.0207	0.0002	0.9588	0.9416	0.0172	0.0134	0.0115	0.0019	0.0061	0.0059	0.0002	0.0073	0.0057	0.0017	0.3463	0.1738	0.1724	0.0261	0.0249	0.0012	0.3202	0.1489	0.1713	0.2597	0.0772	25.9931	0.4064	0.2169	27.5209	0.3582	0.1079	23.8784	2.8295	5.5366	0.1010	0.8027	0.8335	0.1602	2.9945	6.3218	0.1006
5	54	0.0515	2	2	2	0	0	0	0	0	0	Y	Y	N	N	N	N	N	N	N	N	N	N	1.0444	20.2417	0.0000	4.5243	5.3140	0.0000	0.0000	0.0000	0.1582	0.1964	0.0000	0.3224	0.3425	0.0000	0.0000	0.0000	0.0000	0.1515	0.0097	0.2946	0.0713	0.0645	0.2231	0.1584	0.0000	0.2951	0.0000	30.0857	-0.0001	0.0198	0.0308	1.7961	9.4656	11.9291	0.0009	0.0009	0.0000	0.0009	0.0009	0.0000	0.0000	0.0000	0.0000	0.0443	0.0014	0.0428	0.0016	0.0014	0.0002	0.0426	0.0000	0.0426	0.0054	0.0044	0.0011	0.0027	0.0025	0.0002	0.0028	0.0019	0.0009	0.2922	0.1468	0.1454	0.0231	0.0221	0.0010	0.2691	0.1247	0.1444	1.0444	20.2417	0.0000	4.5243	5.3140	0.0000	0.0000	0.0000	0.0000	0.1515	0.0097	0.2946	0.0713	0.0645	0.2231	0.1584	0.0000	0.2951	
5	55	0.0727	3	1	2	0	0	0	0	0	0	N	Y	N	N	N	N	N	N	N	N	N	N	0.0301	0.0238	0.0000	0.0251	0.0244	0.0000	0.0034	0.0025	0.0000	0.1082	0.1337	0.0000	0.1736	0.1907	0.0000	0.0051	0.0078	0.0000	3.5981	5.6145	0.0256	6.9061	7.8210	0.0023	1.5033	3.0697	0.0290	0.0000	0.0026	-0.0000	-0.3600	0.0308	0.0041	9.4656	6.2745	0.0000	0.0000	0.0000	0.0000	0.0000	0.0000	0.0000	0.0000	0.0000	0.6944	0.6926	0.0018	0.5167	0.5167	0.0000	0.1776	0.1758	0.0018	0.0000	0.0000	0.0000	0.0000	0.0000	0.0000	0.0000	0.0000	0.0000	0.1930	0.1234	0.0696	0.0748	0.0661	0.0088	0.1182	0.0573	0.0609	0.0301	0.0238	0.0000	0.0251	0.0244	0.0000	0.0034	0.0025	0.0000	3.5981	5.6145	0.0256	6.9061	7.8210	0.0023	1.5033	3.0697	0.0290
5	56	0.1215	3	1	1	1	0	0	0	0	0	N	N	N	N	N	N	N	N	N	N	N	N	128.3708	inf	0.0000	122.4925	inf	0.0000	96.6067	inf	0.0000	0.4168	0.4638	0.0000	0.1875	0.1918	0.0000	0.6248	0.7559	0.0000	0.0032	0.0000	0.0109	0.0015	0.0000	0.0082	0.0065	0.0000	0.0127	0.0000	inf	-0.0010	0.0006	0.0308	18.9997	9.4656	4.0000	0.0108	0.0108	0.0000	0.0023	0.0023	0.0000	0.0085	0.0085	0.0000	0.0012	0.0000	0.0012	0.0004	0.0000	0.0004	0.0008	0.0000	0.0008	0.0259	0.0233	0.0026	0.0123	0.0120	0.0003	0.0136	0.0112	0.0024	0.3603	0.2527	0.1076	0.2351	0.1914	0.0437	0.1252	0.0613	0.0639	128.3708	inf	0.0000	122.4925	inf	0.0000	96.6067	inf	0.0000	0.0032	0.0000	0.0109	0.0015	0.0000	0.0082	0.0065	0.0000	0.0127
5	57	0.0515	2	1	1	0	0	0	0	0	0	N	N	N	N	N	N	N	N	N	N	N	N	0.0745	7.7971	0.0000	1.8085	1.8203	0.0000	0.0000	inf	0.0000	0.1511	0.1867	0.0000	0.3098	0.3285	0.0000	0.0000	0.0000	0.0000	2.0292	0.0239	4.0667	0.1713	0.1805	0.0000	2.1700	0.0000	4.0964	0.0000	167.1790	-0.0001	0.4651	0.0308	1.7961	9.4656	22.3138	0.0009	0.0009	0.0000	0.0009	0.0009	0.0000	0.0000	0.0000	0.0000	0.9834	0.0058	0.9776	0.0058	0.0058	0.0000	0.9776	0.0000	0.9776	0.0057	0.0046	0.0011	0.0028	0.0026	0.0002	0.0029	0.0020	0.0009	0.4846	0.2443	0.2404	0.0341	0.0324	0.0017	0.4505	0.2119	0.2386	0.0745	7.7971	0.0000	1.8085	1.8203	0.0000	0.0000	inf	0.0000	2.0292	0.0239	4.0667	0.1713	0.1805	0.0000	2.1700	0.0000	4.0964
5	58	0.0723	4	2	2	0	0	0	0	0	0	Y	Y	N	N	N	N	N	N	N	N	N	N	10.6969	0.0000	45.5458	1.5081	0.0000	22.9110	21.9048	0.0000	42.0763	0.0311	0.0000	0.1824	0.0147	0.0000	1.0087	0.0413	0.0000	0.1543	0.0029	0.0020	0.0040	0.0098	0.0087	0.0440	0.0019	0.0000	0.0037	inf	1.6465	0.0001	0.0001	0.0308	0.9359	9.4656	8.5945	0.0001	0.0000	0.0001	0.0000	0.0000	0.0000	0.0001	0.0000	0.0001	0.0009	0.0003	0.0006	0.0004	0.0003	0.0001	0.0005	0.0000	0.0005	0.0021	0.0018	0.0004	0.0008	0.0008	0.0000	0.0013	0.0010	0.0004	0.3065	0.1681	0.1384	0.0397	0.0386	0.0012	0.2668	0.1296	0.1372	10.6969	0.0000	45.5458	1.5081	0.0000	22.9110	21.9048	0.0000	42.0763	0.0029	0.0020	0.0040	0.0098	0.0087	0.0440	0.0019	0.0000	0.0037
5	59	0.0695	3	1	2	0	0	0	0	0	0	N	Y	N	N	N	N	N	N	N	N	N	N	4.0479	2.1613	11.8885	1.4362	1.2654	6.1734	9.8650	5.0465	10.9574	0.2084	0.1374	0.3997	0.2656	0.2345	1.0009	0.1624	0.0001	0.3566	0.0515	0.0636	0.0336	0.1849	0.1853	0.1621	0.0165	0.0000	0.0325	1.0793	0.3581	0.0001	-0.0012	0.0308	0.1706	9.4656	1.8413	0.0001	0.0001	0.0001	0.0001	0.0001	0.0000	0.0001	0.0000	0.0001	0.0047	0.0034	0.0012	0.0035	0.0034	0.0000	0.0012	0.0000	0.0012	0.0007	0.0005	0.0002	0.0003	0.0003	0.0000	0.0004	0.0002	0.0002	0.0910	0.0542	0.0367	0.0189	0.0186	0.0003	0.0721	0.0356	0.0364	4.0479	2.1613	11.8885	1.4362	1.2654	6.1734	9.8650	5.0465	10.9574	0.0515	0.0636	0.0336	0.1849	0.1853	0.1621	0.0165	0.0000	0.0325
5	60	0.0515	2	1	2	0	0	0	0	0	0	N	Y	N	N	N	N	N	N	N	N	N	N	3.5890	0.7872	12.3598	15.9973	0.1302	21.8231	4.8799	3.4729	11.1643	0.8192	0.0006	5.6650	0.3607	0.0005	9.8829	1.2027	0.0008	5.1175	0.2283	0.0008	0.4583	0.0225	0.0040	0.4529	0.2465	0.0002	0.4584	1505.3819	561.0995	0.0089	0.0291	0.0308	6.1830	9.4656	4.8458	0.0099	0.0000	0.0099	0.0020	0.0000	0.0020	0.0079	0.0000	0.0079	0.0610	0.0001	0.0609	0.0005	0.0001	0.0004	0.0605	0.0000	0.0605	0.0121	0.0103	0.0017	0.0055	0.0053	0.0002	0.0066	0.0050	0.0015	0.2671	0.1343	0.1328	0.0217	0.0208	0.0009	0.2454	0.1135	0.1319	3.5890	0.7872	12.3598	15.9973	0.1302	21.8231	4.8799	3.4729	11.1643	0.2283	0.0008	0.4583	0.0225	0.0040	0.4529	0.2465	0.0002	0.4584
5	61	0.4445	9	1	1	0	0	0	0	0	0	N	N	N	N	N	N	N	N	N	N	N	N	0.0014	0.0126	0.0000	0.0180	0.0157	0.0000	0.0000	0.0142	0.0000	0.0001	0.0001	0.0000	0.0001	0.0001	0.0000	0.0000	0.0000	0.0000	0.0419	0.0053	0.1227	0.0066	0.0077	0.0001	0.0849	0.0002	0.1664	0.0000	10.4587	-0.0000	0.0045	0.0308	1.0140	9.4656	12.0537	0.0000	0.0000	0.0000	0.0000	0.0000	0.0000	0.0000	0.0000	0.0000	0.0115	0.0010	0.0105	0.0010	0.0010	0.0000	0.0105	0.0000	0.0105	0.0016	0.0014	0.0002	0.0008	0.0008	0.0000	0.0008	0.0006	0.0002	0.2738	0.1884	0.0854	0.1503	0.1279	0.0224	0.1235	0.0605	0.0630	0.0014	0.0126	0.0000	0.0180	0.0157	0.0000	0.0000	0.0142	0.0000	0.0419	0.0053	0.1227	0.0066	0.0077	0.0001	0.0849	0.0002	0.1664
5	62	0.3686	6	1	1	0	0	0	0	0	0	N	N	N	N	N	N	N	N	N	N	N	N	0.3340	0.2776	0.0000	3.1620	2.7850	0.0000	0.0005	0.0004	0.0000	0.3575	0.4303	0.0000	0.6998	0.7200	0.0000	0.0011	0.0016	0.0000	1.0705	1.5499	0.0039	0.2213	0.2585	0.0009	2.0089	3.9588	0.0049	0.0000	0.0011	-0.0012	-0.6304	0.0308	22.0948	9.4656	64.3951	0.0130	0.0130	0.0000	0.0130	0.0130	0.0000	0.0000	0.0000	0.0000	1.2124	1.2110	0.0014	0.1316	0.1315	0.0001	1.0808	1.0795	0.0013	0.0363	0.0302	0.0061	0.0185	0.0180	0.0005	0.0178	0.0122	0.0056	1.1326	0.7813	0.3512	0.5945	0.5087	0.0859	0.5380	0.2727	0.2653	0.3340	0.2776	0.0000	3.1620	2.7850	0.0000	0.0005	0.0004	0.0000	1.0705	1.5499	0.0039	0.2213	0.2585	0.0009	2.0089	3.9588	0.0049
5	63	0.1618	5	1	1	0	0	0	0	0	0	N	N	N	N	N	N	N	N	N	N	N	N	0.0005	0.0002	0.9990	0.0038	0.0034	0.0255	0.0002	0.0000	0.9780	0.0014	0.0010	0.0049	0.0017	0.0018	0.0001	0.0011	0.0001	0.0054	3.0631	4.5344	0.0049	0.4601	0.5281	0.0023	5.7554	12.1626	0.0055	0.6632	0.0005	0.0000	-0.9882	0.0308	3.0638	9.4656	18.8214	0.0000	0.0000	0.0000	0.0000	0.0000	0.0000	0.0000	0.0000	0.0000	1.8983	1.8973	0.0010	0.1450	0.1449	0.0001	1.7533	1.7524	0.0009	0.0047	0.0041	0.0005	0.0022	0.0022	0.0001	0.0024	0.0019	0.0005	0.6197	0.4184	0.2013	0.3151	0.2743	0.0407	0.3046	0.1441	0.1606	0.0005	0.0002	0.9990	0.0038	0.0034	0.0255	0.0002	0.0000	0.9780	3.0631	4.5344	0.0049	0.4601	0.5281	0.0023	5.7554	12.1626	0.0055
5	64	0.0727	3	2	2	1	0	0	0	0	0	Y	Y	N	N	N	N	N	N	N	N	N	N	0.0012	0.0008	0.0000	0.0013	0.0011	0.0000	0.0001	0.0000	0.0000	0.0024	0.0027	0.0000	0.0048	0.0050	0.0000	0.0001	0.0001	0.0000	2.0548	3.2711	0.0198	3.7889	4.3672	0.0020	1.1278	2.2479	0.0223	0.0000	0.0036	-0.0000	-0.2570	0.0308	1.0029	9.4656	8.4685	0.0000	0.0000	0.0000	0.0000	0.0000	0.0000	0.0000	0.0000	0.0000	0.4966	0.4948	0.0018	0.3189	0.3189	0.0000	0.1776	0.1758	0.0018	0.0016	0.0014	0.0002	0.0008	0.0007	0.0000	0.0008	0.0007	0.0002	0.2417	0.1513	0.0904	0.0842	0.0730	0.0112	0.1575	0.0782	0.0793	0.0012	0.0008	0.0000	0.0013	0.0011	0.0000	0.0001	0.0000	0.0000	2.0548	3.2711	0.0198	3.7889	4.3672	0.0020	1.1278	2.2479	0.0223
5	65	0.0515	2	1	2	0	0	0	0	0	0	N	Y	N	N	N	N	N	N	N	N	N	N	0.0244	0.0164	0.0031	0.3847	0.4063	0.0060	0.0001	0.0000	0.0027	0.2143	0.2758	0.0019	0.4169	0.4485	0.0033	0.0007	0.0002	0.0016	8.7823	16.8040	0.5915	1.0837	1.1040	0.5559	9.5284	19.9829	0.5917	0.0019	0.0345	-0.0001	-0.9177	0.0308	0.7961	9.4656	8.5878	0.0009	0.0009	0.0000	0.0009	0.0009	0.0000	0.0000	0.0000	0.0000	1.8815	1.8188	0.0627	0.0205	0.0201	0.0004	1.8610	1.7986	0.0623	0.0040	0.0031	0.0009	0.0021	0.0019	0.0001	0.0019	0.0012	0.0008	0.2142	0.1082	0.1060	0.0189	0.0182	0.0007	0.1953	0.0900	0.1053	0.0244	0.0164	0.0031	0.3847	0.4063	0.0060	0.0001	0.0000	0.0027	8.7823	16.8040	0.5915	1.0837	1.1040	0.5559	9.5284	19.9829	0.5917
5	66	0.4445	9	1	2	0	0	0	0	0	0	N	Y	N	N	N	N	N	N	N	N	N	N	0.0000	0.0000	0.0000	0.0284	0.0350	0.0000	0.0000	0.0000	0.0000	0.0001	0.0001	0.0000	0.0001	0.0001	0.0000	0.0000	0.0000	0.0000	3.6467	5.1658	0.3020	0.0042	0.0035	0.0082	8.0743	16.0378	0.4073	0.0000	0.0266	-0.0000	-0.5059	0.0308	1.0110	9.4656	12.5479	0.0000	0.0000	0.0000	0.0000	0.0000	0.0000	0.0000	0.0000	0.0000	1.0215	0.9951	0.0264	0.0006	0.0005	0.0002	1.0208	0.9946	0.0262	0.0016	0.0014	0.0002	0.0008	0.0007	0.0000	0.0008	0.0006	0.0002	0.2801	0.1926	0.0875	0.1537	0.1306	0.0231	0.1264	0.0620	0.0644	0.0000	0.0000	0.0000	0.0284	0.0350	0.0000	0.0000	0.0000	0.0000	3.6467	5.1658	0.3020	0.0042	0.0035	0.0082	8.0743	16.0378	0.4073
5	67	0.4381	8	1	1	0	0	0	0	0	0	N	N	N	N	N	N	N	N	N	N	N	N	0.0003	0.0007	0.0000	0.0002	0.0002	0.0000	0.0004	0.0038	0.0000	0.0001	0.0001	0.0000	0.0000	0.0000	0.0000	0.0001	0.0001	0.0000	0.2033	0.1162	0.4040	0.1397	0.1493	0.0303	0.2784	0.0336	0.4672	0.0000	1.5100	-0.0000	0.0025	0.0308	0.9784	9.4656	1.5217	0.0000	0.0000	0.0000	0.0000	0.0000	0.0000	0.0000	0.0000	0.0000	0.0305	0.0122	0.0184	0.0114	0.0112	0.0002	0.0192	0.0010	0.0182	0.0015	0.0013	0.0002	0.0007	0.0007	0.0000	0.0008	0.0006	0.0002	0.1502	0.1047	0.0455	0.0813	0.0747	0.0066	0.0689	0.0300	0.0389	0.0003	0.0007	0.0000	0.0002	0.0002	0.0000	0.0004	0.0038	0.0000	0.2033	0.1162	0.4040	0.1397	0.1493	0.0303	0.2784	0.0336	0.4672
5	68	0.4079	7	1	1	0	0	0	0	0	0	N	N	N	N	N	N	N	N	N	N	N	N	0.0003	0.0001	0.0136	0.0005	0.0004	0.2507	0.0001	0.0000	0.0090	0.0017	0.0012	0.0059	0.0023	0.0021	0.0078	0.0012	0.0001	0.0057	6.1441	8.7331	0.4319	4.3782	5.2516	0.0312	8.8709	18.3621	0.6253	0.6690	0.0224	0.0000	-0.8474	0.0308	1.0531	9.4656	9.0748	0.0000	0.0000	0.0000	0.0000	0.0000	0.0000	0.0000	0.0000	0.0000	1.6976	1.6604	0.0372	0.7342	0.7333	0.0009	0.9634	0.9271	0.0363	0.0017	0.0015	0.0002	0.0008	0.0008	0.0000	0.0008	0.0007	0.0002	0.2763	0.1901	0.0862	0.1677	0.1396	0.0281	0.1086	0.0505	0.0581	0.0003	0.0001	0.0136	0.0005	0.0004	0.2507	0.0001	0.0000	0.0090	6.1441	8.7331	0.4319	4.3782	5.2516	0.0312	8.8709	18.3621	0.6253
5	69	0.0515	2	2	1	1	0	0	0	0	0	Y	N	N	N	N	N	N	N	N	N	N	N	0.0000	0.0000	0.0000	0.0000	0.0000	0.0000	0.0000	0.0000	0.0000	0.0000	0.0000	0.0000	0.0000	0.0000	0.0000	0.0000	0.0000	0.0000	7.3853	13.7679	0.6336	0.0213	0.0068	0.5066	8.2804	17.3103	0.6344	0.0435	0.0000	-0.4926	0.0308	0.0000	9.4656	4.9600	0.0000	0.0000	0.0000	0.0000	0.0000	0.0000	0.0000	0.0000	0.0000	1.0276	0.9847	0.0428	0.0003	0.0001	0.0002	1.0272	0.9846	0.0426	0.0000	0.0000	0.0000	0.0000	0.0000	0.0000	0.0000	0.0000	0.0000	0.1391	0.0715	0.0676	0.0151	0.0146	0.0004	0.1241	0.0569	0.0672	0.0000	0.0000	0.0000	0.0000	0.0000	0.0000	0.0000	0.0000	0.0000	7.3853	13.7679	0.6336	0.0213	0.0068	0.5066	8.2804	17.3103	0.6344	
5	71	0.1077	6	1	1	1	0	0	0	0	0	N	N	N	N	N	N	N	N	N	N	N	N	0.0000	0.0000	0.0000	0.0000	0.0000	0.0000	0.0000	0.0000	0.0000	0.0000	0.0000	0.0000	0.0000	0.0000	0.0000	0.0000	0.0000	0.0000	0.0000	0.0001	0.0001	0.0000	0.0000	0.0000	0.0000	0.0041	0.0000	-0.0000	0.0308	1.0000	9.4656	0.0055	0.0000	0.0000	0.0000	0.0000	0.0000	0.0000	0.0000	0.0000	0.0000	0.0000	0.0000	0.0000	0.0000	0.0000	0.0000	0.0000	0.0000	0.0000	0.0012	0.0010	0.0002	0.0004	0.0004	0.0000	0.0007	0.0006	0.0002	0.0190	0.0125	0.0064	0.0081	0.0071	0.0010	0.0109	0.0054	0.0054	0.0000	0.0000	0.0000	0.0000	0.0000	0.0000	0.0000	0.0000	0.0000	0.0000	0.0000	0.0000	0.0001	0.0001	0.0000	0.0000	0.0000	0.0000			
5	72	0.1011	5	1	1	1	0	0	0	0	0	N	N	N	N	N	N	N	N	N	N	N	N	0.0000	0.0000	0.0000	0.0000	0.0000	0.0000	0.0000	0.0000	0.0000	0.0000	0.0000	0.0000	0.0000	0.0000	0.0000	0.0000	0.0000	0.0000	0.0064	0.0095	0.0001	0.0147	0.0165	0.0000	0.0000	0.0000	0.0001	0.0040	0.0000	-0.0001	0.0308	0.0000	9.4656	1.0265	0.0000	0.0000	0.0000	0.0000	0.0000	0.0000	0.0000	0.0000	0.0000	0.0001	0.0001	0.0000	0.0001	0.0001	0.0000	0.0000	0.0000	0.0000	0.0000	0.0000	0.0000	0.0000	0.0000	0.0000	0.0000	0.0000	0.0000	0.0214	0.0143	0.0071	0.0093	0.0082	0.0010	0.0121	0.0060	0.0061	0.0000	0.0000	0.0000	0.0000	0.0000	0.0000	0.0000	0.0000	0.0000	0.0064	0.0095	0.0001	0.0147	0.0165	0.0000	0.0000	0.0000	0.0001	
5	73	0.0956	4	1	1	0	0	0	0	0	0	N	N	N	N	N	N	N	N	N	N	N	N	0.0000	0.0000	0.0000	0.0000	0.0000	0.0000	0.0000	0.0000	0.0000	0.0000	0.0000	0.0000	0.0000	0.0000	0.0000	0.0000	0.0000	0.0000	0.0707	0.1094	0.0003	0.1298	0.1428	0.0001	0.0003	0.0000	0.0004	0.0017	0.0000	-0.0060	0.0308	0.0000	9.4656	1.0321	0.0000	0.0000	0.0000	0.0000	0.0000	0.0000	0.0000	0.0000	0.0000	0.0115	0.0115	0.0000	0.0115	0.0115	0.0000	0.0000	0.0000	0.0000	0.0003	0.0002	0.0000	0.0002	0.0002	0.0000	0.0001	0.0001	0.0000	0.1628	0.1050	0.0579	0.0885	0.0804	0.0081	0.0743	0.0245	0.0498	0.0000	0.0000	0.0000	0.0000	0.0000	0.0000	0.0000	0.0000	0.0000	0.0707	0.1094	0.0003	0.1298	0.1428	0.0001	0.0003	0.0000	0.0004	
5	74	0.0728	3	1	1	0	0	0	0	0	0	N	N	N	N	N	N	N	N	N	N	N	N	5.3149	3.2979	39.0091	3.3688	2.9673	40.3922	21.0474	22.4954	33.8179	0.0544	0.0489	0.0882	0.0722	0.0673	0.1729	0.0354	0.0246	0.0705	0.0102	0.0148	0.0023	0.0214	0.0227	0.0043	0.0017	0.0011	0.0021	0.2892	0.0881	0.0000	-0.0020	0.0308	0.5629	9.4656	8.5245	0.0001	0.0000	0.0000	0.0000	0.0000	0.0000	0.0000	0.0000	0.0000	0.0045	0.0041	0.0004	0.0041	0.0040	0.0001	0.0004	0.0001	0.0003	0.0011	0.0010	0.0002	0.0006	0.0006	0.0000	0.0006	0.0004	0.0001	0.4385	0.2778	0.1607	0.1896	0.1768	0.0129	0.2489	0.1010	0.1478	5.3149	3.2979	39.0091	3.3688	2.9673	40.3922	21.0474	22.4954	33.8179	0.0102	0.0148	0.0023	0.0214	0.0227	0.0043	0.0017	0.0011	0.0021
5	75	0.0898	4	1	2	0	0	0	0	0	0	N	Y	N	N	N	N	N	N	N	N	N	N	0.0000	0.0000	0.0000	0.0000	0.0000	0.0000	0.0000	0.0000	0.0000	0.0000	0.0000	0.0000	0.0000	0.0000	0.0000	0.0000	0.0000	0.0000	0.0940	0.0625	0.1670	0.1036	0.1156	0.0000	0.0870	0.0000	0.1953	1.1521	0.0000	0.0002	0.0308	1.9994	9.4656	4.0943	0.0000	0.0000	0.0000	0.0000	0.0000	0.0000	0.0000	0.0000	0.0000	0.0138	0.0064	0.0074	0.0064	0.0064	0.0000	0.0074	0.0000	0.0074	0.0019	0.0016	0.0003	0.0006	0.0006	0.0000	0.0012	0.0010	0.0003	0.1467	0.1025	0.0442	0.0618	0.0554	0.0064	0.0848	0.0471	0.0378	0.0000	0.0000	0.0000	0.0000	0.0000	0.0000	0.0000	0.0000	0.0000	0.0940	0.0625	0.1670	0.1036	0.1156	0.0000	0.0870	0.0000	0.1953	
5	76	0.0836	3	1	1	0	0	0	0	0	0	N	N	N	N	N	N	N	N	N	N	N	N	0.0000	0.0000	0.0000	0.0000	0.0000	0.0000	0.0000	0.0000	0.0000	0.0000	0.0000	0.0000	0.0000	0.0000	0.0000	0.0000	0.0000	0.0000	0.4452	0.1133	1.1993	0.1768	0.1930	0.0011	0.6594	0.0009	1.3673	4.6603	0.0000	0.0116	0.0308	0.0011	9.4656	2.7207	0.0000	0.0000	0.0000	0.0000	0.0000	0.0000	0.0000	0.0000	0.0000	0.0385	0.0068	0.0317	0.0068	0.0068	0.0000	0.0317	0.0000	0.0317	0.0000	0.0000	0.0000	0.0000	0.0000	0.0000	0.0000	0.0000	0.0000	0.0865	0.0601	0.0264	0.0384	0.0351	0.0033	0.0481	0.0249	0.0232	0.0000	0.0000	0.0000	0.0000	0.0000	0.0000	0.0000	0.0000	0.0000	0.4452	0.1133	1.1993	0.1768	0.1930	0.0011	0.6594	0.0009	1.3673	
5	77	0.0515	2	1	1	0	0	0	0	0	0	N	N	N	N	N	N	N	N	N	N	N	N	0.0000	0.0000	0.0000	0.0000	0.0000	0.0000	0.0000	0.0000	0.0000	0.0000	0.0000	0.0000	0.0000	0.0000	0.0000	0.0000	0.0000	0.0000	3.9226	0.1316	7.7674	0.7941	0.8265	0.0135	4.2077	0.0000	7.8198	58.1951	0.0000	0.4493	0.0308	0.0001	9.4656	10.0074	0.0000	0.0000	0.0000	0.0000	0.0000	0.0000	0.0000	0.0000	0.0000	0.9724	0.0164	0.9560	0.0164	0.0164	0.0000	0.9560	0.0000	0.9560	0.0029	0.0021	0.0008	0.0016	0.0014	0.0001	0.0013	0.0007	0.0006	0.2479	0.1248	0.1231	0.0207	0.0199	0.0008	0.2272	0.1050	0.1223	0.0000	0.0000	0.0000	0.0000	0.0000	0.0000	0.0000	0.0000	0.0000	3.9226	0.1316	7.7674	0.7941	0.8265	0.0135	4.2077	0.0000	7.8198	
5	78	0.0716	3	2	1	1	0	0	0	0	0	Y	N	N	N	N	N	N	N	N	N	N	N	0.0088	0.0000	1.0443	0.0003	0.0000	1.7891	0.3503	0.8922	0.0005	0.0000	0.0042	0.0002	0.0000	0.1235	0.0007	0.0000	0.0035	0.0617	0.1172	0.0040	0.8053	0.8110	0.0690	0.0021	0.0000	0.0039	inf	0.0326	0.0000	-0.0016	0.0308	1.6246	9.4656	0.0115	0.0000	0.0000	0.0000	0.0000	0.0000	0.0000	0.0000	0.0000	0.0000	0.0033	0.0032	0.0001	0.0032	0.0032	0.0000	0.0001	0.0000	0.0001	0.0032	0.0028	0.0004	0.0012	0.0012	0.0000	0.0020	0.0016	0.0004	0.0527	0.0269	0.0258	0.0039	0.0039	0.0000	0.0488	0.0230	0.0258	0.0088	0.0000	1.0443	0.0003	0.0000	1.7891	0.3503	0.0000	0.8922	0.0617	0.1172	0.0040	0.8053	0.8110	0.0690	0.0021	0.0000	0.0039	
5	79	0.0515	2	2	1	1	0	0	0	0	0	Y	N	N	N	N	N	N	N	N	N	N	N	3.1575	0.2763	11.5586	16.4865	0.0320	21.8342	4.2599	4.2690	10.3683	0.6749	0.0000	4.9643	0.2997	0.0000	9.1685	0.9821	0.0000	4.4537	0.2137	0.0000	0.4295	0.0182	0.0003	0.4199	0.2306	0.0000	0.4296	68443.1191	10299.5755	0.0090	0.0296	0.0308	8.1927	9.4656	3.9952	0.0099	0.0000	0.0099	0.0020	0.0000	0.0020	0.0079	0.0000	0.0079	0.0619	0.0000	0.0619	0.0004	0.0000	0.0004	0.0615	0.0000	0.0615	0.0147	0.0127	0.0020	0.0066	0.0064	0.0002	0.0081	0.0063	0.0018	0.2896	0.1455	0.1441	0.0229	0.0220	0.0010	0.2667	0.1235	0.1431	3.1575	0.2763	11.5586	16.4865	0.0320	21.8342	4.2599	4.2690	10.3683	0.2137	0.0000	0.4295	0.0182	0.0003	0.4199	0.2306	0.0000	0.4296
5	80	0.0515	2	1	2	0	1	0	0	0	0	N	Y	N	N	N	N	N	N	N	N	N	N	0.0422	9.5700	0.0000	2.1038	2.1608	0.0000	0.0000	0.0000	0.2142	0.2761	0.0000	0.4172	0.4491	0.0000	0.0000	0.0000	0.0000	5.0755	0.0288	10.1673	0.1983	0.2079	0.0073	5.4606	0.0000	10.2390	0.0000	349.3417	-0.0001	0.9420	0.0308	0.7962	9.4656	19.0091	0.0009	0.0009	0.0000	0.0009	0.0009	0.0000	0.0000	0.0000	0.0000	1.9786	0.0056	1.9730	0.0057	0.0056	0.0000	1.9730	0.0000	1.9730	0.0040	0.0031	0.0009	0.0021	0.0019	0.0001	0.0019	0.0012	0.0008	0.3898	0.1958	0.1941	0.0285	0.0272	0.0014	0.3613	0.1686	0.1927	0.0422	9.5700	0.0000	2.1038	2.1608	0.0000	0.0000	0.0000	0.0000	5.0755	0.0288	10.1673	0.1983	0.2079	0.0073	5.4606	0.0000	10.2390	
5	81	0.0515	2	1	2	0	0	0	0	0	0	N	Y	N	N	N	N	N	N	N	N	N	N	0.1023	2.6895	0.0000	0.5692	0.5817	0.0000	0.0000	0.2142	0.2761	0.0000	0.4172	0.4491	0.0000	0.0000	0.0000	0.0000	2.0938	0.1026	4.1158	0.7329	0.7721	0.0000	2.1971	0.0000	4.1457	0.0000	39.4859	-0.0001	0.4553	0.0308	0.7962	9.4656	25.3140	0.0009	0.0009	0.0000	0.0009	0.0009	0.0000	0.0000	0.0000	0.0000	1.0023	0.0248	0.9776	0.0248	0.0248	0.0000	0.9776	0.0000	0.9776	0.0040	0.0031	0.0009	0.0021	0.0019	0.0001	0.0019	0.0012	0.0008	0.4787	0.2412	0.2375	0.0338	0.0321	0.0017	0.4449	0.2091	0.2358	0.1023	2.6895	0.0000	0.5692	0.5817	0.0000	0.0000	0.0000	0.0000	2.0938	0.1026	4.1158	0.7329	0.7721	0.0000	2.1971	0.0000	4.1457		
5	82	0.0515	2	1	2	0	0	0	0	0	0	N	Y	N	N	N	N	N	N	N	N	N	N	0.0411	0.0510	0.0000	0.9421	0.9491	0.0000	0.0000	0.0000	0.1582	0.1964	0.0000	0.3224	0.3425	0.0000	0.0000	0.0000	0.0000	3.8466	3.8474	3.8458	0.3422	0.3609	0.0000	4.1102	4.3749	3.8741	0.0000	0.9806	-0.0001	-0.0513	0.0308	1.7961	9.4656	27.0091	0.0009	0.0009	0.0000	0.0009	0.0009	0.0000	0.0000	0.0000	0.0000	1.9745	0.9969	0.9776	0.0123	0.0123	0.0000	1.9622	0.9846	0.9776	0.0054	0.0044	0.0011	0.0027	0.0025	0.0002	0.0028	0.0019	0.0009	0.5133	0.2591	0.2542	0.0359	0.0340	0.0019	0.4774	0.2251	0.2523	0.0411	0.0510	0.0000	0.9421	0.9491	0.0000	0.0000	0.0000	0.0000	3.8466	3.8474	3.8458	0.3422	0.3609	0.0000	4.1102	4.3749	3.8741	
5	83	0.1618	5	1	1	0	0	0	0	0	0	N	N	N	N	N	N	N	N	N	N	N	N	0.0004	0.0036	0.0005	0.0012	0.0040	0.0000	0.0002	0.1119	0.0005	0.0005	0.0003	0.0017	0.0006	0.0006	0.0000	0.0004	0.0000	0.0019	1.2130	0.0896	3.4364	0.4666	0.1476	3.2165	1.8668	0.0002	3.6632	0.6632	19.3817	0.0000	0.4009	0.0308	10.0679	9.4656	33.8159	0.0000	0.0000	0.0000	0.0000	0.0000	0.0000	0.0000	0.0000	0.0000	0.9327	0.0458	0.8869	0.1675	0.0457	0.1218	0.7651	0.0000	0.7651	0.0140	0.0125	0.0015	0.0067	0.0066	0.0002	0.0073	0.0059	0.0014	0.7689	0.5108	0.2581	0.3590	0.3098	0.0492	0.4099	0.2010	0.2089	0.0004	0.0036	0.0005	0.0012	0.0040	0.0000	0.0002	0.1119	0.0005	1.2130	0.0896	3.4364	0.4666	0.1476	2.4740	1.8668	0.0002	3.6632
5	84	0.1342	4	1	1	0	0	0	0	0	0	N	N	N	N	N	N	N	N	N	N	N	N	0.0165	0.0156	0.0288	0.0402	0.0370	0.1002	0.0098	0.0052	0.0269	0.0096	0.0081	0.0208	0.0106	0.0108	0.0029	0.0087	0.0049	0.0229	0.5838	0.5175	0.7200	0.2635	0.2917	0.0290	0.8961	0.9463	0.8536	0.3598	0.6766	0.0000	-0.0407	0.0308	0.9441	9.4656	14.0836	0.0000	0.0000	0.0000	0.0000	0.0000	0.0000	0.0000	0.0000	0.0000	0.3462	0.2065	0.1397	0.0771	0.0762	0.0009	0.2690	0.1302	0.1388	0.0015	0.0014	0.0002	0.0008	0.0007	0.0000	0.0008	0.0006	0.0002	0.5930	0.3990	0.1940	0.2928	0.2613	0.0314	0.3002	0.1376	0.1626	0.0165	0.0156	0.0288	0.0402	0.0370	0.1002	0.0098	0.0052	0.0269	0.5838	0.5175	0.7200	0.2635	0.2917	0.0290	0.8961	0.9463	0.8536
5	85	0.4164	7	1	1	0	0	0	0	0	0	N	N	N	N	N	N	N	N	N	N	N	N	0.3376	0.2806	0.0000	0.8343	0.7479	0.0000	0.0115	0.0087	0.0000	0.3771	0.4566	0.0000	0.6976	0.7176	0.0000	0.0161	0.0244	0.0000	1.1170	1.6274	0.0138	0.8362	0.9595	0.0468	1.4002	2.7900	0.0048	0.0000	0.0039	-0.0013	-0.3748	0.0308	15.0008	9.4656	28.2980	0.0132	0.0132	0.0000	0.0129	0.0129	0.0000	0.0003	0.0003	0.0000	0.7247	0.7219	0.0028	0.2724	0.2703	0.0021	0.4524	0.4516	0.0008	0.0350	0.0289	0.0061	0.0185	0.0180	0.0005	0.0165	0.0109	0.0056	0.6488	0.4436	0.2052	0.3257	0.2817	0.0440	0.3231	0.1619	0.1612	0.3376	0.2806	0.0000	0.8343	0.7479	0.0000	0.0115	0.0087	0.0000	1.1170	1.6274	0.0138	0.8362	0.9595	0.0468	1.4002	2.7900	0.0048
5	86	0.4164	7	1	1	0	0	0	0	0	0	N	N	N	N	N	N	N	N	N	N	N	N	0.1391	0.0153	110.8385	0.0264	0.0195	19.3441	0.2330	0.0124	135.5317	0.1868	0.0296	0.6731	0.0296	0.0251	0.1717	0.3718	0.0397	0.7098	1.3432	1.9293	0.0061	1.1229	1.2908	0.0089	1.5961	3.2155	0.0052	7.3544	0.0014	0.0038	-0.4251	0.0308	10.8154	9.4656	27.4443	0.0049	0.0006	0.0043	0.0004	0.0003	0.0001	0.0045	0.0002	0.0042	0.8180	0.8168	0.0011	0.3656	0.3652	0.0004	0.4524	0.4516	0.0007	0.0261	0.0197	0.0064	0.0141	0.0137	0.0004	0.0120	0.0060	0.0059	0.6090	0.4234	0.1856	0.3255	0.2829	0.0426	0.2834	0.1405	0.1430	0.1391	0.0153	110.8385	0.0264	0.0195	19.3441	0.2330	0.0124	135.5317	1.3432	1.9293	0.0061	1.1229	1.2908	0.0089	1.5961	3.2155	0.0052
5	87	0.3686	6	1	1	0	0	0	0	0	0	N	N	N	N	N	N	N	N	N	N	N	N	0.6154	0.4137	2.5632	1.9996	1.8546	2.3707	0.3110	0.0420	2.1399	0.3762	0.3246	0.4735	0.3728	0.3800	0.1719	0.3802	0.0938	0.4909	0.6113	0.7845	0.1847	0.1865	0.2049	0.0725	1.2225	2.2316	0.2294	0.7730	0.0957	0.0023	-0.2805	0.0308	2.7608	9.4656	22.4044	0.0068	0.0038	0.0030	0.0037	0.0036	0.0001	0.0031	0.0002	0.0029	0.6466	0.5901	0.0565	0.1164	0.1100	0.0063	0.5302	0.4801	0.0501	0.0181	0.0118	0.0063	0.0099	0.0095	0.0003	0.0082	0.0023	0.0059	1.0578	0.7522	0.3056	0.6241	0.5371	0.0870	0.4337	0.2151	0.2186	0.6154	0.4137	2.5632	1.9996	1.8546	2.3707	0.3110	0.0420	2.1399	0.6113	0.7845	0.1847	0.1865	0.2049	0.0725	1.2225	2.2316	0.2294
5	88	0.2388	5	1	1	0	0	0	0	0	0	N	N	N	N	N	N	N	N	N	N	N	N	0.1100	0.0984	0.0682	0.4940	0.4956	0.0342	0.0109	0.0044	0.0672	0.3245	0.3573	0.1010	0.6031	0.6186	0.0446	0.0511	0.0345	0.1076	2.9502	3.6332	1.4807	1.2208	1.2481	1.3032	4.7019	7.8191	1.5996	0.0415	0.1894	-0.0002	-1.0500	0.0308	8.8820	9.4656	49.9570	0.0044	0.0043	0.0002	0.0041	0.0041	0.0000	0.0004	0.0002	0.0002	2.9019	2.4398	0.4621	0.6042	0.5339	0.0703	2.2976	1.9059	0.3918	0.0137	0.0119	0.0018	0.0068	0.0066	0.0002	0.0069	0.0053	0.0016	0.9836	0.6715	0.3121	0.4949	0.4278	0.0672	0.4887	0.2437	0.2449	0.1100	0.0984	0.0682	0.4940	0.4956	0.0426	0.0109	0.0044	0.0672	2.9502	3.6332	1.4807	1.2208	1.2481	1.0470	4.7019	7.8191	1.5996
5	89	0.0515	2	2	2	0	1	0	0	0	0	Y	Y	N	N	N	N	N	N	N	N	N	N	0.0736	36.0961	0.0000	6.8592	8.3282	0.0000	0.0000	0.0000	0.2142	0.2761	0.0000	0.4172	0.4491	0.0000	0.0000	0.0000	0.0000	2.9087	0.0076	5.8331	0.0608	0.0539	0.2027	3.1385	0.0000	5.8724	0.0000	756.6501	-0.0001	0.4971	0.0308	0.7962	9.4656	16.9291	0.0009	0.0009	0.0000	0.0009	0.0009	0.0000	0.0000	0.0000	0.0000	1.0409	0.0014	1.0395	0.0016	0.0014	0.0003	1.0392	0.0000	1.0392	0.0040	0.0031	0.0009	0.0021	0.0019	0.0001	0.0019	0.0012	0.0008	0.3578	0.1796	0.1782	0.0267	0.0255	0.0012	0.3311	0.1542	0.1770	0.0736	36.0961	0.0000	6.8592	8.3282	0.0000	0.0000	0.0000	0.0000	2.9087	0.0076	5.8331	0.0608	0.0539	0.2027	3.1385	0.0000	5.8724	
5	90	0.1235	7	1	2	0	1	0	0	0	0	N	Y	N	N	N	N	N	N	N	N	N	N	0.0000	0.0000	0.0000	0.0000	0.0000	0.0000	0.0000	0.0000	0.0000	0.0000	0.0000	0.0000	0.0000	0.0000	0.0000	0.0000	0.0000	0.0000	0.0000	0.0000	0.0308	0.0000	9.4656	0.0000	0.0000	0.0000	0.0000	0.0000	0.0000	0.0000	0.0000	0.0000	0.0000	0.0000	0.0000	0.0000	0.0000	0.0000	0.0000	0.0000	0.0000	0.0000	0.0000	0.0000	0.0000	0.0000	0.0000	0.0000	0.0000	0.0000	0.0000	0.0000	0.0000	0.0000	0.0000	0.0000	0.0000	0.0000	0.0000	0.0000	0.0000	0.0000	0.0000	0.0000	0.0000	0.0000	0.0000	0.0000	0.0000	0.0000	0.0000	0.0000	0.0000	0.0000	0.0000	0.0000	0.0000	0.0000											
5	91	0.1128	6	1	2	0	1	0	0	0	0	N	Y	N	N	N	N	N	N	N	N	N	N	0.0000	0.0000	0.0000	0.0000	0.0000	0.0000	0.0000	0.0000	0.0000	0.0000	0.0000	0.0000	0.0000	0.0000	0.0000	0.0000	0.0000	0.0000	0.0000	0.0000	0.0308	1.0000	9.4656	3.0000	0.0000	0.0000	0.0000	0.0000	0.0000	0.0000	0.0000	0.0000	0.0000	0.0000	0.0000	0.0000	0.0000	0.0000	0.0000	0.0000	0.0000	0.0000	0.0014	0.0012	0.0002	0.0005	0.0005	0.0000	0.0009	0.0007	0.0002	0.1063	0.0542	0.0521	0.0151	0.0137	0.0014	0.0912	0.0404	0.0507	0.0000	0.0000	0.0000	0.0000	0.0000	0.0000	0.0000	0.0000	0.0000	0.0000	0.0000	0.0000	0.0000	0.0000	0.0000	0.0000	0.0000	0.0000											
5	92	0.1062	4	1	2	0	0	0	0	0	0	N	Y	N	N	N	N	N	N	N	N	N	N	0.0000	0.0000	0.0000	0.0000	0.0000	0.0000	0.0000	0.0000	0.0000	0.0000	0.0000	0.0000	0.0000	0.0000	0.0000	0.0000	0.0000	0.0000	0.0000	0.0000	0.0308	0.0000	9.4656	0.0000	0.0000	0.0000	0.0000	0.0000	0.0000	0.0000	0.0000	0.0000	0.0000	0.0000	0.0000	0.0000	0.0000	0.0000	0.0000	0.0000	0.0000	0.0000	0.0000	0.0000	0.0000	0.0000	0.0000	0.0000	0.0000	0.0000	0.0000	0.0000	0.0000	0.0000	0.0000	0.0000	0.0000	0.0000	0.0000	0.0000	0.0000	0.0000	0.0000	0.0000	0.0000	0.0000	0.0000	0.0000	0.0000	0.0000	0.0000	0.0000	0.0000	0.0000	0.0000	0.0000	0.0000	0.0000											
5	93	0.1128	6	1	1	1	1	0	0	0	0	N	N	N	N	N	N	N	N	N	N	N	N	0.0000	0.0000	0.0000	0.0000	0.0000	0.0000	0.0000	0.0000	0.0000	0.0000	0.0000	0.0000	0.0000	0.0000	0.0000	0.0000	0.0000	0.0000	0.0000	0.0000	0.0308	0.0000	9.4656	0.0000	0.0000	0.0000	0.0000	0.0000	0.0000	0.0000	0.0000	0.0000	0.0000	0.0000	0.0000	0.0000	0.0000	0.0000	0.0000	0.0000	0.0000	0.0000	0.0000	0.0000	0.0000	0.0000	0.0000	0.0000	0.0000	0.0000	0.0000	0.0000	0.0000	0.0000	0.0000	0.0000	0.0000	0.0000	0.0000	0.0000	0.0000	0.0000	0.0000	0.0000	0.0000	0.0000	0.0000	0.0000	0.0000	0.0000	0.0000	0.0000	0.0000	0.0000	0.0000	0.0000	0.0000	0.0000											
5	94	0.1101	5	1	1	0	1	0	0	0	0	N	N	N	N	N	N	N	N	N	N	N	N	0.0000	0.0000	0.0000	0.0000	0.0000	0.0000	0.0000	0.0000	0.0000	0.0000	0.0000	0.0000	0.0000	0.0000	0.0000	0.0000	0.0000	0.0000	0.0000	0.0000	0.0000	0.0000	0.0000	0.0000	-0.0000	0.0308	1.0000	9.4656	0.0097	0.0000	0.0000	0.0000	0.0000	0.0000	0.0000	0.0000	0.0000	0.0000	0.0000	0.0000	0.0000	0.0000	0.0000	0.0000	0.0000	0.0000	0.0000	0.0014	0.0012	0.0002	0.0005	0.0005	0.0000	0.0009	0.0007	0.0002	0.0286	0.0145	0.0141	0.0044	0.0040	0.0004	0.0243	0.0105	0.0137	0.0000	0.0000	0.0000	0.0000	0.0000	0.0000	0.0000	0.0000	0.0000	0.0000	0.0000	0.0000	0.0000	0.0000	0.0000	0.0000	0.0000	0.0000						
5	95	0.1101	5	1	1	1	1	0	0	0	0	N	N	N	N	N	N	N	N	N	N	N	N	11174390.2445	6569301.3270	4474146.4923	4074201.2578	6.1956	7.1364	0.0000	17.1848	17.1924	0.0000	0.0000	0.0000	0.0000	0.0000	0.0000	0.0000	0.0000	0.0000	0.0000	0.0000	0.0000	0.0000	0.0000	0.0000	-0.0016	-0.0000	0.0308	2.0000	9.4656	3.0050	0.0166	0.0166	0.0000	0.0166	0.0166	0.0000	0.0000	0.0000	0.0000	0.0000	0.0000	0.0000	0.0000	0.0000	0.0000	0.0000	0.0000	0.0000	0.0027	0.0023	0.0004	0.0010	0.0010	0.0000	0.0017	0.0014	0.0004	0.1322	0.0675	0.0647	0.0191	0.0174	0.0017	0.1131	0.0501	0.0630	11174390.2445	6569301.3270	0.0000	4474146.4923	4074201.2578	0.0000	0.0000	0.0000	0.0000	0.0000	0.0000	0.0000	0.0000	0.0000	0.0000	0.0000	0.0000	0.0000					
5	96	0.1101	5	1	1	1	1	0	0	0	0	N	N	N	N	N	N	N	N	N	N	N	N	0.0000	0.0000	0.0000	0.0000	0.0000	0.0000	0.0000	0.0000	0.0000	0.0000	0.0000	0.0000	0.0000	0.0000	0.0000	0.0000	0.0001	0.0001	0.0001	0.0004	0.0004	0.0000	0.0001	0.0000	0.0001	0.9927	0.0000	-0.0000	0.0308	0.0000	9.4656	6.9903	0.0000	0.0000	0.0000	0.0000	0.0000	0.0000	0.0000	0.0000	0.0000	0.0000	0.0000	0.0000	0.0000	0.0000	0.0000	0.0000	0.0000	0.0000	0.0000	0.0000	0.0000	0.0000	0.0000	0.0000	0.0000	0.0000	0.0000	0.1800	0.0921	0.0879	0.0258	0.0235	0.0023	0.1542	0.0686	0.0856	0.0000	0.0000	0.0000	0.0000	0.0000	0.0000	0.0000	0.0000	0.0000	0.0001	0.0001	0.0001	0.0004	0.0004	0.0000	0.0001	0.0000	0.0001			
5	97	0.1045	4	1	1	0	1	0	0	0	0	N	N	N	N	N	N	N	N	N	N	N	N	0.0000	0.0000	0.0000	0.0000	0.0000	0.0000	0.0000	0.0000	0.0000	0.0000	0.0000	0.0000	0.0000	0.0000	0.0000	0.0000	0.0000	0.0000	0.6995	0.8147	0.5650	0.0029	0.0010	0.0236	0.8276	1.1080	0.5802	0.5940	0.0000	-0.0071	0.0308	0.9999	9.4656	1.0605	0.0000	0.0000	0.0000	0.0000	0.0000	0.0000	0.0000	0.0000	0.0000	0.0480	0.0301	0.0179	0.0000	0.0000	0.0000	0.0480	0.0301	0.0179	0.0020	0.0017	0.0003	0.0007	0.0007	0.0000	0.0013	0.0010	0.0003	0.0686	0.0370	0.0317	0.0107	0.0098	0.0009	0.0580	0.0272	0.0308	0.0000	0.0000	0.0000	0.0000	0.0000	0.0000	0.0000	0.0000	0.0000	0.6995	0.8147	0.5650	0.0029	0.0010	0.0236	0.8276	1.1080	0.5802	
5	98	0.1024	3	1	1	0	1	0	0	0	0	N	N	N	N	N	N	N	N	N	N	N	N	0.0133	0.0967	0.0089	0.0938	0.0771	9.8428	0.0095	0.0000	0.0077	0.3560	0.2696	0.5065	0.4086	0.3614	1.0036	0.3009	0.0000	0.4492	26.7843	2.7873	56.7691	4.3542	4.6882	0.1020	31.6988	1.9726	58.4881	1.0781	16.3000	0.0000	0.4279	0.0308	0.0012	9.4656	1.0414	0.0000	0.0000	0.0000	0.0000	0.0000	0.0000	0.0000	0.0000	0.0000	1.0160	0.0587	0.9573	0.0297	0.0296	0.0001	0.9863	0.0291	0.9572	0.0000	0.0000	0.0000	0.0000	0.0000	0.0000	0.0000	0.0000	0.0000	0.0379	0.0211	0.0169	0.0068	0.0063	0.0005	0.0311	0.0147	0.0164	0.0133	0.0967	0.0089	0.0938	0.0771	9.8428	0.0095	0.0000	0.0077	26.7843	2.7873	56.7691	4.3542	4.6882	0.1020	31.6988	1.9726	58.4881
5	99	0.0515	2	2	2	0	0	0	0	0	0	Y	Y	N	N	N	N	N	N	N	N	N	N	0.3042	0.1254	7.5632	17.1037	14.8067	17.4628	0.4581	0.2128	6.5961	1.0783	0.8485	2.2238	0.3099	0.1250	4.0823	1.7622	1.6941	1.9422	3.5443	6.7643	0.2940	0.0181	0.0084	0.2338	3.8464	7.9599	0.2944	0.5259	0.0431	0.0021	-0.4982	0.0308	3.2042	9.4656	9.0918	0.0085	0.0056	0.0029	0.0011	0.0004	0.0007	0.0073	0.0051	0.0022	1.0384	0.9956	0.0429	0.0004	0.0002	0.0002	1.0380	0.9954	0.0426	0.0079	0.0066	0.0013	0.0037	0.0035	0.0002	0.0042	0.0030	0.0011	0.2930	0.1472	0.1458	0.0231	0.0221	0.0010	0.2699	0.1251	0.1448	0.3042	0.1254	7.5632	17.1037	14.8067	17.4628	0.4581	0.2128	6.5961	3.5443	6.7643	0.2940	0.0181	0.0084	0.2338	3.8464	7.9599	0.2944
5	100	0.0515	2	1	2	0	0	0	0	0	0	N	Y	N	N	N	N	N	N	N	N	N	N	0.9828	2.7056	0.0000	0.6586	0.6917	0.0000	0.0000	0.0000	0.2142	0.2761	0.0000	0.4172	0.4491	0.0000	0.0000	0.0000	0.0000	0.2179	0.1020	0.3353	0.6334	0.6493	0.2567	0.1806	0.0000	0.3358	0.0000	3.2442	-0.0001	0.0136	0.0308	0.7962	9.4656	10.9291	0.0009	0.0009	0.0000	0.0009	0.0009	0.0000	0.0000	0.0000	0.0000	0.0560	0.0132	0.0428	0.0134	0.0132	0.0002	0.0426	0.0000	0.0426	0.0040	0.0031	0.0009	0.0021	0.0019	0.0001	0.0019	0.0012	0.0008	0.2572	0.1294	0.1278	0.0212	0.0203	0.0009	0.2360	0.1091	0.1269	0.9828	2.7056	0.0000	0.6586	0.6917	0.0000	0.0000	0.0000	0.0000	0.2179	0.1020	0.3353	0.6334	0.6493	0.2567	0.1806	0.0000	0.3358	
5	101	0.1093	5	2	2	0	0	0	0	0	0	Y	Y	N	N	N	N	N	N	N	N	N	N	0.0000	0.0000	0.0000	0.0000	0.0000	0.0000	0.0000	0.0000	0.0000	0.0000	0.0000	0.0000	0.0000	0.2073	0.3987	0.0000	1.6139	1.7751	0.0000	0.0000	0.0000	0.0000	0.0000	0.0000	-0.0098	0.0308	0.0000	9.4656	3.0000	0.0000	0.0000	0.0000	0.0000	0.0000	0.0000	0.0000	0.0000	0.0000	0.0188	0.0188	0.0000	0.0188	0.0188	0.0000	0.0000	0.0000	0.0000	0.0000	0.0000	0.0000	0.0000	0.0000	0.0000	0.0000	0.0000	0.0000	0.0906	0.0471	0.0435	0.0116	0.0106	0.0011	0.0789	0.0365	0.0424	0.0000	0.0000	0.0000	0.0000	0.0000	0.0000	0.0000	0.0000	0.0000	0.2073	0.3987	0.0000	1.6139	1.7751	0.0000	0.0000	0.0000	0.0000						
5	102	0.1062	4	2	2	0	0	0	0	0	0	Y	Y	N	N	N	N	N	N	N	N	N	N	0.0000	0.0000	0.0000	0.0000	0.0000	0.0000	0.0000	0.0000	0.0000	0.0000	0.0000	0.0000	0.0000	0.0000	0.0000	0.0000	0.0000	0.0000	0.0000	0.0000	0.0308	0.0000	9.4656	1.0000	0.0000	0.0000	0.0000	0.0000	0.0000	0.0000	0.0000	0.0000	0.0000	0.0000	0.0000	0.0000	0.0000	0.0000	0.0000	0.0000	0.0000	0.0000	0.0000	0.0000	0.0000	0.0000	0.0000	0.0000	0.0000	0.0000	0.0000	0.0315	0.0164	0.0152	0.0040	0.0037	0.0004	0.0275	0.0127	0.0148	0.0000	0.0000	0.0000	0.0000	0.0000	0.0000	0.0000	0.0000	0.0000	0.0000	0.0000	0.0000	0.0000	0.0000	0.0000	0.0000	0.0000	0.0000											
5	103	0.1024	3	1	2	0	0	0	0	0	0	N	Y	N	N	N	N	N	N	N	N	N	N	0.1500	0.0000	327.8308	0.0247	0.0000	212.0937	0.3588	0.0000	310.3154	0.2036	0.0000	0.5245	0.0791	0.0000	1.0041	0.3426	0.0000	0.4671	1.3573	2.4438	0.0016	3.2003	3.4516	0.0047	0.9549	2.0133	0.0015	inf	0.0005	0.0000	-0.0271	0.0308	0.0006	9.4656	1.0534	0.0000	0.0000	0.0000	0.0000	0.0000	0.0000	0.0000	0.0000	0.0000	0.0520	0.0519	0.0000	0.0220	0.0220	0.0000	0.0300	0.0300	0.0000	0.0000	0.0000	0.0000	0.0000	0.0000	0.0000	0.0000	0.0000	0.0000	0.0383	0.0213	0.0170	0.0069	0.0064	0.0005	0.0314	0.0149	0.0165	0.1500	0.0000	327.8308	0.0247	0.0000	212.0937	0.3588	0.0000	310.3154	1.3573	2.4438	0.0016	3.2003	3.4516	0.0047	0.9549	2.0133	0.0015
5	104	0.0515	2	1	1	0	0	0	0	0	0	N	N	N	N	N	N	N	N	N	N	N	N	0.2726	0.0000	15.4360	29.4933	0.0036	54.0540	0.3691	0.0000	13.8468	0.7393	0.0000	5.2892	0.3267	0.0000	9.5103	1.0805	0.0001	4.7609	2.7123	5.0617	0.3427	0.0111	0.0029	0.1759	2.9269	5.8830	0.3438	26665.1224	0.0671	0.0090	-0.4721	0.0308	7.2034	9.4656	9.9858	0.0099	0.0000	0.0099	0.0020	0.0000	0.0020	0.0079	0.0000	0.0079	1.0303	0.9655	0.0648	0.0003	0.0001	0.0002	1.0300	0.9654	0.0646	0.0134	0.0116	0.0019	0.0061	0.0059	0.0002	0.0074	0.0057	0.0017	0.3799	0.1907	0.1891	0.0280	0.0266	0.0013	0.3519	0.1641	0.1878	0.2726	0.0000	15.4360	29.4933	0.0036	54.0540	0.3691	0.0000	13.8468	2.7123	5.0617	0.3427	0.0111	0.0029	0.1759	2.9269	5.8830	0.3438
5	109	0.3212	6	1	1	0	0	0	0	0	0	N	N	N	N	N	N	N	N	N	N	N	N	0.0009	0.0243	0.0014	0.0020	0.0307	0.0004	0.0006	0.0432	0.0014	0.0036	0.0017	0.0181	0.0033	0.0031	0.0127	0.0039	0.0001	0.0188	3.9214	0.0702	12.7836	1.6751	0.0997	31.7388	6.9312	0.0027	13.7449	1.3684	79.0877	0.0000	1.4444	0.0308	7.7801	9.4656	32.2209	0.0000	0.0000	0.0000	0.0000	0.0000	0.0000	0.0000	0.0000	0.0000	3.0966	0.0387	3.0579	0.7574	0.0382	0.7192	2.3392	0.0005	2.3387	0.0114	0.0101	0.0013	0.0056	0.0054	0.0001	0.0058	0.0046	0.0012	0.7897	0.5505	0.2392	0.4522	0.3831	0.0691	0.3375	0.1673	0.1702	0.0009	0.0243	0.0014	0.0020	0.0307	0.0012	0.0006	0.0432	0.0014	3.9214	0.0702	12.7836	1.6751	0.0997	10.4151	6.9312	0.0027	13.7449
6	7	0.1080	4	2	1	1	1	0	0	0	0	Y	N	N	N	N	N	N	N	N	N	N	N	17.7752	0.8443	4422.4967	1.1606	0.1929	987.3981	6798.7524	0.0000	5020.6456	0.2161	0.0195	0.5283	0.1253	0.0244	0.9053	0.3291	0.0000	0.4543	0.0122	0.0231	0.0001	0.1079	0.1267	0.0009	0.0000	0.0000	0.0001	17.0296	0.0047	0.0000	-0.0007	0.0006	0.0052	5.9946	6.0470	0.0000	0.0000	0.0000	0.0000	0.0000	0.0000	0.0000	0.0000	0.0000	0.0013	0.0013	0.0000	0.0013	0.0013	0.0000	0.0000	0.0000	0.0000	0.0000	0.0000	0.0000	0.0000	0.0000	0.0000	0.0000	0.0000	0.0000	0.1108	0.0579	0.0528	0.0124	0.0106	0.0019	0.0983	0.0474	0.0510	17.7752	0.8443	4422.4967	1.1606	0.1929	987.3981	6798.7524	0.0000	5020.6456	0.0122	0.0231	0.0001	0.1079	0.1267	0.0009	0.0000	0.0000	0.0001
6	8	0.0685	3	2	1	1	1	0	0	0	0	Y	N	N	N	N	N	N	N	N	N	N	N	0.2725	0.0071	30254.0099	0.0145	0.0023	417767.3006	1360.5365	0.1443	42435.5917	1.6225	0.0827	11.6421	0.7620	0.1412	5.7866	2.7572	0.0006	16.8241	5.9538	11.5931	0.0004	52.6995	60.6529	0.0000	0.0020	0.0039	0.0004	21.6334	0.0000	0.0004	-0.5049	0.0006	4.2004	5.9946	7.1498	0.0005	0.0000	0.0004	0.0001	0.0000	0.0001	0.0003	0.0000	0.0003	0.9690	0.9689	0.0000	0.9687	0.9687	0.0000	0.0003	0.0003	0.0000	0.0003	0.0002	0.0000	0.0002	0.0001	0.0000	0.0001	0.0001	0.0000	0.1628	0.0836	0.0792	0.0184	0.0160	0.0024	0.1444	0.0676	0.0768	0.2725	0.0071	30254.0099	0.0145	0.0023	417767.3006	1360.5365	0.1443	42435.5917	5.9538	11.5931	0.0004	52.6995	60.6529	0.0000	0.0020	0.0039	0.0004
6	9	0.1248	7	1	1	1	1	0	0	0	0	N	N	N	N	N	N	N	N	N	N	N	N	0.0000	0.0000	0.0000	0.0000	0.0000	0.0000	0.0000	0.0000	0.0000	0.0000	0.0000	0.0000	0.0000	0.0000	0.0000	0.0000	0.0000	0.0000	0.0000	0.0000	0.0006	0.0000	5.9946	0.9989	0.0000	0.0000	0.0000	0.0000	0.0000	0.0000	0.0000	0.0000	0.0000	0.0000	0.0000	0.0000	0.0000	0.0000	0.0000	0.0000	0.0000	0.0000	0.0000	0.0000	0.0000	0.0000	0.0000	0.0000	0.0000	0.0000	0.0000	0.0112	0.0079	0.0033	0.0054	0.0047	0.0007	0.0058	0.0032	0.0026	0.0000	0.0000	0.0000	0.0000	0.0000	0.0000	0.0000	0.0000	0.0000	0.0000	0.0000	0.0000	0.0000	0.0000	0.0000	0.0000	0.0000	0.0000											
6	10	0.1069	5	1	1	1	1	0	0	0	0	N	N	N	N	N	N	N	N	N	N	N	N	0.0000	0.0000	0.0000	0.0000	0.0000	0.0000	0.0000	0.0000	0.0000	0.0000	0.0000	0.0000	0.0000	0.0000	0.0000	0.0000	0.0000	0.0000	11.3415	15.9167	0.0001	0.0021	0.0023	0.0003	18.6152	31.5373	0.0000	0.0000	0.0000	-0.5206	0.0006	0.0010	5.9946	6.5746	0.0000	0.0000	0.0000	0.0000	0.0000	0.0000	0.0000	0.0000	0.0000	0.9992	0.9992	0.0000	0.0001	0.0001	0.0000	0.9991	0.9991	0.0000	0.0000	0.0000	0.0000	0.0000	0.0000	0.0000	0.0000	0.0000	0.0000	0.0881	0.0628	0.0253	0.0344	0.0311	0.0033	0.0537	0.0317	0.0220	0.0000	0.0000	0.0000	0.0000	0.0000	0.0000	0.0000	0.0000	0.0000	11.3415	15.9167	0.0001	0.0021	0.0023	0.0003	18.6152	31.5373	0.0000	
6	11	0.0685	3	2	2	0	1	0	0	0	0	Y	Y	N	N	N	N	N	N	N	N	N	N	2535.0915	inf	0.0000	inf	inf	0.0000	0.0000	0.4462	0.5476	0.0000	0.7132	0.8874	0.0000	0.0000	0.0000	0.0000	0.0002	0.0000	0.0004	0.0000	0.0000	0.0000	0.0002	0.0000	0.0004	0.0000	inf	-0.0000	0.0000	0.0006	0.7962	5.9946	11.9291	0.0001	0.0001	0.0000	0.0001	0.0001	0.0000	0.0000	0.0000	0.0000	0.0000	0.0000	0.0000	0.0000	0.0000	0.0000	0.0000	0.0000	0.0000	0.0001	0.0001	0.0000	0.0001	0.0001	0.0000	0.0000	0.0000	0.0000	0.1636	0.0840	0.0796	0.0185	0.0160	0.0024	0.1452	0.0680	0.0772	2535.0915	inf	0.0000	inf	inf	0.0000	0.0000	0.0000	0.0000	0.0002	0.0000	0.0004	0.0000	0.0000	0.0000	0.0002	0.0000	0.0004		
6	12	0.0893	5	1	2	0	1	0	0	0	0	N	Y	N	N	N	N	N	N	N	N	N	N	0.0000	0.0000	0.0000	0.0000	0.0000	0.0000	0.0000	0.0000	0.0000	0.0000	0.0000	0.0000	0.0000	0.0000	0.0000	0.0000	0.0000	0.0041	0.0062	0.0000	0.0000	0.0000	0.0000	0.0061	0.0111	0.0000	0.0001	0.0000	-0.0001	0.0006	0.0000	5.9946	1.2577	0.0000	0.0000	0.0000	0.0000	0.0000	0.0000	0.0000	0.0000	0.0000	0.0002	0.0002	0.0000	0.0000	0.0000	0.0000	0.0002	0.0002	0.0000	0.0000	0.0000	0.0000	0.0000	0.0000	0.0000	0.0000	0.0000	0.0000	0.0580	0.0385	0.0194	0.0191	0.0171	0.0020	0.0389	0.0215	0.0175	0.0000	0.0000	0.0000	0.0000	0.0000	0.0000	0.0000	0.0000	0.0000	0.0041	0.0062	0.0000	0.0000	0.0000	0.0000	0.0061	0.0111	0.0000		
6	13	0.0210	2	1	1	0	2	0	0	0	0	N	N	N	Y	N	N	N	N	N	N	N	N	0.0000	0.0000	0.0000	0.0000	0.0000	0.0000	0.0000	0.0000	0.0000	0.0000	0.0000	0.0000	0.0000	0.0000	0.0000	0.0000	0.0532	0.1120	0.0001	5.2880	5.3123	0.0000	0.0001	0.0000	0.0001	0.0010	0.0000	-0.0012	0.0006	0.0000	5.9946	1.9950	0.0000	0.0000	0.0000	0.0000	0.0000	0.0000	0.0000	0.0000	0.0000	0.0023	0.0023	0.0000	0.0023	0.0023	0.0000	0.0000	0.0000	0.0000	0.0000	0.0000	0.0000	0.0000	0.0000	0.0000	0.0000	0.0000	0.0000	0.0433	0.0206	0.0228	0.0004	0.0004	0.0000	0.0429	0.0201	0.0228	0.0000	0.0000	0.0000	0.0000	0.0000	0.0000	0.0000	0.0000	0.0000	0.0532	0.1120	0.0001	5.2880	5.3123	0.0000	0.0001	0.0000	0.0001			
6	14	0.4934	10	1	2	0	2	0	0	0	0	N	Y	N	Y	N	N	N	N	N	N	N	N	0.0273	0.0218	0.0000	0.4091	0.5371	0.0000	0.0015	0.0000	0.0000	0.0001	0.0002	0.0000	0.0002	0.0002	0.0000	0.0000	0.0000	0.0000	0.0051	0.0069	0.0004	0.0005	0.0005	0.0010	0.0133	0.0268	0.0001	0.0296	0.0233	-0.0000	-0.0005	0.0006	3.8100	5.9946	14.0319	0.0000	0.0000	0.0000	0.0000	0.0000	0.0000	0.0000	0.0000	0.0000	0.0011	0.0010	0.0000	0.0001	0.0001	0.0000	0.0010	0.0010	0.0000	0.0002	0.0001	0.0000	0.0001	0.0001	0.0000	0.0001	0.0001	0.0000	0.2073	0.1492	0.0581	0.1336	0.1128	0.0208	0.0737	0.0364	0.0373	0.0273	0.0218	0.0000	0.4091	0.5371	0.0000	0.0015	0.0000	0.0000	0.0051	0.0069	0.0004	0.0005	0.0005	0.0010	0.0133	0.0268	0.0001
6	15	0.1035	4	1	2	0	1	0	0	0	0	N	Y	N	N	N	N	N	N	N	N	N	N	30580.4523	0.0000	60925.1268	29549.2015	20159.2105	17434.2239	0.0000	40302.8426	0.5540	0.0000	2.2040	0.6896	0.0000	2.7619	0.2962	0.0000	1.1637	0.0000	0.0000	0.0000	0.0000	0.0000	0.0001	0.0000	0.0000	0.0000	inf	8.2978	0.0002	0.0000	0.0006	2.5826	5.9946	3.6028	0.0003	0.0000	0.0003	0.0002	0.0000	0.0002	0.0000	0.0000	0.0000	0.0000	0.0000	0.0000	0.0000	0.0000	0.0000	0.0000	0.0000	0.0000	0.0005	0.0004	0.0001	0.0003	0.0002	0.0001	0.0002	0.0001	0.0000	0.1463	0.0809	0.0654	0.0260	0.0215	0.0044	0.1204	0.0594	0.0610	30580.4523	0.0000	60925.1268	29549.2015	0.0000	20159.2105	17434.2239	0.0000	40302.8426	0.0000	0.0000	0.0000	0.0000	0.0000	0.0001	0.0000	0.0000	0.0000	
6	16	0.0344	4	1	2	0	2	0	0	0	0	N	Y	N	Y	N	N	N	N	N	N	N	N	0.0000	0.0000	0.0000	0.0000	0.0000	0.0000	0.0000	0.0000	0.0000	0.0000	0.0000	0.0000	0.0000	0.0000	0.0000	0.0000	0.0000	0.0000	0.0000	0.0000	0.0006	0.0000	5.9946	0.0000	0.0000	0.0000	0.0000	0.0000	0.0000	0.0000	0.0000	0.0000	0.0000	0.0000	0.0000	0.0000	0.0000	0.0000	0.0000	0.0000	0.0000	0.0000	0.0000	0.0000	0.0000	0.0000	0.0000	0.0000	0.0000	0.0000	0.0000	0.0000	0.0000	0.0000	0.0000	0.0000	0.0000	0.0000	0.0000	0.0000	0.0000	0.0000	0.0000	0.0000	0.0000	0.0000	0.0000	0.0000	0.0000	0.0000	0.0000	0.0000	0.0000	0.0000	0.0000	0.0000	0.0000	0.0000											
6	17	0.0685	3	1	2	0	1	0	0	0	0	N	Y	N	N	N	N	N	N	N	N	N	N	5240.4374	16762.2588	807.6539	742.2061	12226.5043	39202.5114	2.2354	0.0000	14.6998	0.8851	0.0000	6.2129	4.1720	0.0000	25.1575	0.0004	0.0000	0.0009	0.0011	0.0000	0.0084	0.0003	0.0000	0.0006	inf	inf	0.0004	0.0000	0.0006	2.2039	5.9946	8.9910	0.0004	0.0000	0.0004	0.0001	0.0000	0.0001	0.0003	0.0000	0.0003	0.0001	0.0000	0.0001	0.0000	0.0000	0.0000	0.0000	0.0000	0.0000	0.0002	0.0002	0.0000	0.0001	0.0001	0.0000	0.0001	0.0001	0.0000	0.1617	0.0830	0.0786	0.0183	0.0159	0.0024	0.1434	0.0671	0.0762	5240.4374	0.0000	16762.2588	807.6539	0.0000	742.2061	12226.5043	0.0000	39202.5114	0.0004	0.0000	0.0009	0.0011	0.0000	0.0084	0.0003	0.0000	0.0006			
6	18	0.1470	4	1	1	0	2	0	0	0	0	N	N	N	Y	N	N	N	N	N	N	N	N	0.0227	inf	0.0000	330.0921	inf	0.0000	0.0000	0.0000	0.0003	0.0003	0.0000	0.0004	0.0005	0.0000	0.0000	0.0000	0.0000	0.0120	0.0000	0.0436	0.0000	0.0000	0.0000	0.0362	0.0000	0.0724	0.0000	inf	-0.0000	0.0002	0.0006	0.9969	5.9946	1.0186	0.0000	0.0000	0.0000	0.0000	0.0000	0.0000	0.0000	0.0000	0.0000	0.0003	0.0000	0.0003	0.0000	0.0000	0.0000	0.0003	0.0000	0.0003	0.0000	0.0000	0.0000	0.0000	0.0000	0.0000	0.0000	0.0000	0.0000	0.0266	0.0193	0.0073	0.0178	0.0149	0.0029	0.0088	0.0044	0.0044	0.0227	inf	0.0000	330.0921	inf	0.0000	0.0000	0.0000	0.0000	0.0120	0.0000	0.0436	0.0000	0.0000	0.0000	0.0362	0.0000	0.0724	
6	19	0.0887	4	2	1	1	1	0	0	0	0	Y	N	N	N	N	N	N	N	N	N	N	N	76.7101	392.5394	12.6840	227.1075	131.5482	401.8045	0.0023	0.0000	0.0243	0.0012	0.0000	0.1641	0.0032	0.0000	0.0192	0.0000	0.0000	0.0001	0.0001	0.0000	0.0007	0.0000	0.0000	0.0000	inf	inf	0.0000	0.0000	0.0006	0.3962	5.9946	2.0067	0.0000	0.0000	0.0000	0.0000	0.0000	0.0000	0.0000	0.0000	0.0000	0.0000	0.0000	0.0000	0.0000	0.0000	0.0000	0.0000	0.0000	0.0000	0.0000	0.0000	0.0000	0.0000	0.0000	0.0000	0.0000	0.0000	0.0000	0.0525	0.0274	0.0250	0.0041	0.0035	0.0005	0.0484	0.0239	0.0245	76.7101	0.0000	392.5394	12.6840	0.0000	227.1075	131.5482	0.0000	401.8045	0.0000	0.0000	0.0001	0.0001	0.0000	0.0007	0.0000	0.0000	0.0000			
6	20	0.1181	6	1	2	0	1	0	0	0	0	N	Y	N	N	N	N	N	N	N	N	N	N	0.0000	0.0000	0.0000	0.0000	0.0000	0.0000	0.0000	0.0000	0.0000	0.0000	0.0000	0.0000	0.0000	0.0000	0.0000	0.0000	0.0000	0.0000	0.0000	0.0000	0.0006	0.0000	5.9946	3.0021	0.0000	0.0000	0.0000	0.0000	0.0000	0.0000	0.0000	0.0000	0.0000	0.0000	0.0000	0.0000	0.0000	0.0000	0.0000	0.0000	0.0000	0.0000	0.0000	0.0000	0.0000	0.0000	0.0000	0.0000	0.0000	0.0000	0.0000	0.0217	0.0154	0.0063	0.0105	0.0092	0.0013	0.0112	0.0062	0.0050	0.0000	0.0000	0.0000	0.0000	0.0000	0.0000	0.0000	0.0000	0.0000	0.0000	0.0000	0.0000	0.0000	0.0000	0.0000	0.0000	0.0000	0.0000											
6	21	0.0685	3	1	2	0	1	0	0	0	0	N	Y	N	N	N	N	N	N	N	N	N	N	0.2480	0.0000	6827752.1159	9086.9585	0.0000	654397.3360	0.3767	0.0000	10193415.8779	0.9298	0.0000	8.1529	0.3953	0.0000	5.0657	1.5797	0.0000	10.0091	3.7490	7.2945	0.0000	0.0000	0.0000	0.0000	4.1939	8.8603	0.0000	inf	0.0000	0.0004	-0.5211	0.0006	9.2038	5.9946	12.0710	0.0004	0.0000	0.0004	0.0001	0.0000	0.0001	0.0003	0.0000	0.0003	0.9999	0.9999	0.0000	0.0000	0.0000	0.0000	0.9999	0.9999	0.0000	0.0005	0.0004	0.0001	0.0003	0.0002	0.0000	0.0002	0.0002	0.0000	0.2667	0.1371	0.1296	0.0283	0.0242	0.0041	0.2384	0.1129	0.1256	0.2480	0.0000	6827752.1159	9086.9585	0.0000	654397.3360	0.3767	0.0000	10193415.8779	3.7490	7.2945	0.0000	0.0000	0.0000	0.0000	4.1939	8.8603	0.0000
6	22	0.0685	3	2	2	0	1	0	0	0	0	Y	Y	N	N	N	N	N	N	N	N	N	N	674.3206	inf	1662.5013	113668.5098	inf	119815.7176	90.3214	309.3114	0.0791	0.0401	0.4005	0.1357	0.0708	1.0059	0.0118	0.0000	0.0768	0.0001	0.0000	0.0002	0.0000	0.0000	0.0000	0.0001	0.0000	0.0002	1.2116	inf	0.0000	0.0000	0.0006	12.2045	5.9946	6.9907	0.0000	0.0000	0.0000	0.0000	0.0000	0.0000	0.0000	0.0000	0.0000	0.0000	0.0000	0.0000	0.0000	0.0000	0.0000	0.0000	0.0000	0.0000	0.0006	0.0005	0.0001	0.0003	0.0003	0.0000	0.0003	0.0002	0.0000	0.2470	0.1268	0.1202	0.0264	0.0226	0.0038	0.2206	0.1041	0.1164	674.3206	inf	1662.5013	113668.5098	inf	119815.7176	90.3214	0.0000	309.3114	0.0001	0.0000	0.0002	0.0000	0.0000	0.0000	0.0001	0.0000	0.0002	
6	23	0.1127	5	1	2	0	1	0	0	0	0	N	Y	N	N	N	N	N	N	N	N	N	N	0.0000	0.0000	0.0000	0.0000	0.0000	0.0000	0.0000	0.0000	0.0000	0.0000	0.0000	0.0000	0.0000	0.0000	0.0000	0.0000	0.0000	0.0000	0.0000	0.0000	0.0000	0.0000	0.0000	0.0000	-0.0000	0.0006	0.0000	5.9946	4.0676	0.0000	0.0000	0.0000	0.0000	0.0000	0.0000	0.0000	0.0000	0.0000	0.0000	0.0000	0.0000	0.0000	0.0000	0.0000	0.0000	0.0000	0.0000	0.0000	0.0000	0.0000	0.0000	0.0000	0.0000	0.0000	0.0000	0.0000	0.1315	0.0859	0.0456	0.0712	0.0632	0.0081	0.0602	0.0227	0.0375	0.0000	0.0000	0.0000	0.0000	0.0000	0.0000	0.0000	0.0000	0.0000	0.0000	0.0000	0.0000	0.0000	0.0000	0.0000	0.0000	0.0000	0.0000						
6	24	0.0685	3	2	2	0	1	0	0	0	0	Y	Y	N	N	N	N	N	N	N	N	N	N	0.3491	0.0090	34488.1053	830.6388	2248.5602	1334.3668	0.5105	0.0000	83242.7568	1.0418	0.0519	8.5636	0.5049	0.0906	5.1705	1.7007	0.0000	10.7005	2.9841	5.7679	0.0002	0.0006	0.0000	0.0039	3.3313	6.9632	0.0001	21.7130	0.0000	0.0004	-0.5210	0.0006	8.3046	5.9946	21.0710	0.0005	0.0000	0.0004	0.0001	0.0000	0.0001	0.0003	0.0000	0.0003	0.9999	0.9998	0.0000	0.0000	0.0000	0.0000	0.9998	0.9998	0.0000	0.0004	0.0004	0.0001	0.0002	0.0002	0.0000	0.0002	0.0002	0.0000	0.3351	0.1733	0.1617	0.0349	0.0298	0.0052	0.3001	0.1436	0.1565	0.3491	0.0090	34488.1053	830.6388	2248.5602	1334.3668	0.5105	0.0000	83242.7568	2.9841	5.7679	0.0002	0.0006	0.0000	0.0039	3.3313	6.9632	0.0001
6	25	0.0866	4	1	2	0	1	0	0	0	0	N	Y	N	N	N	N	N	N	N	N	N	N	248.1374	163.2942	835.2381	2421.7280	32489.4836	449.5827	38.7609	0.0502	921.9176	0.3388	0.3598	0.2470	0.7256	0.7203	0.8944	0.0596	0.0001	0.1996	0.0014	0.0022	0.0003	0.0003	0.0000	0.0020	0.0015	0.0028	0.0002	0.1568	0.1051	0.0000	-0.0001	0.0006	1.0335	5.9946	7.4537	0.0000	0.0000	0.0000	0.0000	0.0000	0.0000	0.0000	0.0000	0.0000	0.0003	0.0002	0.0000	0.0000	0.0000	0.0000	0.0003	0.0002	0.0000	0.0001	0.0001	0.0000	0.0000	0.0000	0.0000	0.0000	0.0000	0.0000	0.1932	0.1084	0.0849	0.0269	0.0231	0.0038	0.1663	0.0852	0.0811	248.1374	163.2942	835.2381	2421.7280	32489.4836	449.5827	38.7609	0.0502	921.9176	0.0014	0.0022	0.0003	0.0003	0.0000	0.0020	0.0015	0.0028	0.0002
6	26	0.0685	3	1	2	0	1	0	0	0	0	N	Y	N	N	N	N	N	N	N	N	N	N	187.3495	0.0000	26587.6208	282582.5022	432825.1551	286.2474	0.0000	33103.1523	1.0951	0.0000	9.1617	0.4609	0.0000	5.3123	1.8839	0.0000	11.7534	0.0058	0.0111	0.0003	0.0000	0.0000	0.0000	0.0066	0.0136	0.0004	inf	0.0295	0.0004	-0.0005	0.0006	7.2039	5.9946	4.9911	0.0004	0.0000	0.0004	0.0001	0.0000	0.0001	0.0003	0.0000	0.0003	0.0010	0.0010	0.0000	0.0000	0.0000	0.0000	0.0010	0.0010	0.0000	0.0004	0.0003	0.0000	0.0002	0.0002	0.0000	0.0002	0.0001	0.0000	0.1726	0.0886	0.0840	0.0193	0.0167	0.0026	0.1533	0.0718	0.0815	187.3495	0.0000	26587.6208	282582.5022	0.0000	432825.1551	286.2474	0.0000	33103.1523	0.0058	0.0111	0.0003	0.0000	0.0000	0.0000	0.0066	0.0136	0.0004	
6	27	0.1591	4	1	2	1	2	0	0	0	0	N	Y	N	Y	N	N	N	N	N	N	N	N	7.9572	0.0000	2056.2710	3.8657	0.0000	13148.6175	351.3498	830.7263	0.0048	0.0000	0.0359	0.0084	0.0000	0.7077	0.0025	0.0000	0.0117	0.0006	0.0010	0.0000	0.0022	0.0025	0.0001	0.0000	0.0000	0.0000	inf	0.0116	0.0000	-0.0001	0.0006	1.9923	5.9946	5.5017	0.0000	0.0000	0.0000	0.0000	0.0000	0.0000	0.0000	0.0000	0.0000	0.0001	0.0001	0.0000	0.0001	0.0001	0.0000	0.0000	0.0000	0.0000	0.0001	0.0001	0.0000	0.0000	0.0000	0.0000	0.0001	0.0000	0.0000	0.1665	0.0998	0.0667	0.0464	0.0408	0.0056	0.1201	0.0590	0.0611	7.9572	0.0000	2056.2710	3.8657	0.0000	13148.6175	351.3498	0.0000	830.7263	0.0006	0.0010	0.0000	0.0022	0.0025	0.0001	0.0000	0.0000	0.0000	
6	28	0.0685	3	1	2	0	1	0	0	0	0	N	Y	N	N	N	N	N	N	N	N	N	N	0.0714	0.0437	0.0000	inf	inf	0.0000	0.0000	0.0000	0.3340	0.3985	0.0000	0.5566	0.6618	0.0000	0.0000	0.0000	0.0000	4.6800	9.1269	0.0003	0.0000	0.0000	0.0000	5.2503	11.1638	0.0003	0.0000	0.0000	-0.0000	-0.5210	0.0006	1.7961	5.9946	15.9291	0.0001	0.0001	0.0000	0.0001	0.0001	0.0000	0.0000	0.0000	0.0000	1.0000	0.9999	0.0000	0.0000	0.0000	0.0000	1.0000	0.9999	0.0000	0.0002	0.0001	0.0000	0.0001	0.0001	0.0000	0.0001	0.0001	0.0000	0.2137	0.1096	0.1041	0.0232	0.0200	0.0032	0.1905	0.0896	0.1009	0.0714	0.0437	0.0000	inf	inf	0.0000	0.0000	0.0000	0.0000	4.6800	9.1269	0.0003	0.0000	0.0000	0.0000	5.2503	11.1638	0.0003	
6	29	0.0244	4	2	2	0	1	0	0	0	0	Y	Y	N	N	N	N	N	N	N	N	N	N	0.0000	0.0000	0.0000	0.0000	0.0000	0.0000	0.0000	0.0000	0.0000	0.0000	0.0000	0.0000	0.0000	0.0000	0.0000	0.0000	0.0000	0.0000	0.0000	0.0000	0.0006	0.0000	5.9946	0.0000	0.0000	0.0000	0.0000	0.0000	0.0000	0.0000	0.0000	0.0000	0.0000	0.0000	0.0000	0.0000	0.0000	0.0000	0.0000	0.0000	0.0000	0.0000	0.0000	0.0000	0.0000	0.0000	0.0000	0.0000	0.0000	0.0000	0.0000	0.0000	0.0000	0.0000	0.0000	0.0000	0.0000	0.0000	0.0000	0.0000	0.0000	0.0000	0.0000	0.0000	0.0000	0.0000	0.0000	0.0000	0.0000	0.0000	0.0000	0.0000	0.0000	0.0000	0.0000	0.0000	0.0000	0.0000											
6	30	0.0685	3	1	2	0	2	0	0	0	0	N	Y	N	Y	N	N	N	N	N	N	N	N	0.0000	0.0000	0.0000	0.0000	0.0000	0.0000	0.0000	0.0000	0.0000	0.0000	0.0000	0.0000	0.0000	0.0000	0.0000	0.0000	0.0040	0.0000	0.0082	0.0000	0.0001	0.0000	0.0045	0.0000	0.0084	817.0752	0.0000	0.0005	0.0006	0.0000	5.9946	19.0400	0.0000	0.0000	0.0000	0.0000	0.0000	0.0000	0.0000	0.0000	0.0000	0.0010	0.0000	0.0010	0.0000	0.0000	0.0000	0.0010	0.0000	0.0010	0.0000	0.0000	0.0000	0.0000	0.0000	0.0000	0.0000	0.0000	0.0000	0.2465	0.1265	0.1200	0.0263	0.0226	0.0037	0.2201	0.1039	0.1162	0.0000	0.0000	0.0000	0.0000	0.0000	0.0000	0.0000	0.0000	0.0000	0.0040	0.0000	0.0082	0.0000	0.0001	0.0000	0.0045	0.0000	0.0084			
6	31	0.0685	3	2	2	0	1	0	0	0	0	Y	Y	N	N	N	N	N	N	N	N	N	N	0.0407	19874.5285	0.0000	6458.9251	6103.6073	0.0000	0.0000	0.1569	0.1790	0.0000	0.2810	0.3099	0.0000	0.0000	0.0000	0.0000	3.8555	0.0000	7.9282	0.0000	0.0001	0.0000	4.3144	0.0000	8.1845	0.0000	833274.9708	-0.0000	0.4786	0.0006	6.7961	5.9946	16.0091	0.0001	0.0001	0.0000	0.0001	0.0001	0.0000	0.0000	0.0000	0.0000	0.9994	0.0000	0.9994	0.0000	0.0000	0.0000	0.9994	0.0000	0.9994	0.0004	0.0003	0.0000	0.0002	0.0002	0.0000	0.0002	0.0001	0.0000	0.2592	0.1332	0.1261	0.0276	0.0236	0.0039	0.2316	0.1095	0.1221	0.0407	19874.5285	0.0000	6458.9251	6103.6073	0.0000	0.0000	0.0000	0.0000	3.8555	0.0000	7.9282	0.0000	0.0001	0.0000	4.3144	0.0000	8.1845		
6	32	0.4934	10	1	1	1	1	0	0	0	0	N	N	N	N	N	N	N	N	N	N	N	N	0.3914	0.4371	0.0000	0.4112	0.5372	0.0000	0.5894	0.0000	0.0002	0.0002	0.0000	0.0003	0.0004	0.0000	0.0000	0.0000	0.0000	0.0005	0.0005	0.0006	0.0008	0.0007	0.0016	0.0000	0.0000	0.0001	0.0296	0.4385	-0.0000	-0.0000	0.0006	2.4598	5.9946	7.4321	0.0000	0.0000	0.0000	0.0000	0.0000	0.0000	0.0000	0.0000	0.0000	0.0001	0.0001	0.0000	0.0001	0.0001	0.0000	0.0000	0.0000	0.0000	0.0001	0.0001	0.0000	0.0001	0.0001	0.0000	0.0000	0.0000	0.0000	0.1472	0.1051	0.0420	0.0935	0.0801	0.0134	0.0536	0.0250	0.0286	0.3914	0.4371	0.0000	0.4112	0.5372	0.0000	0.5894	0.0000	0.0000	0.0005	0.0005	0.0006	0.0008	0.0007	0.0016	0.0000	0.0000	0.0001	
6	33	0.4552	9	1	1	0	1	0	0	0	0	N	N	N	N	N	N	N	N	N	N	N	N	0.1939	0.4690	0.0000	0.1746	0.4953	0.0000	0.2152	0.3757	0.0000	0.0002	0.0002	0.0000	0.0002	0.0002	0.0000	0.0002	0.0003	0.0000	0.0010	0.0005	0.0024	0.0009	0.0004	0.0043	0.0011	0.0008	0.0015	0.0000	2.0121	-0.0000	0.0000	0.0006	2.7943	5.9946	8.2643	0.0000	0.0000	0.0000	0.0000	0.0000	0.0000	0.0000	0.0000	0.0000	0.0002	0.0001	0.0001	0.0001	0.0000	0.0001	0.0001	0.0000	0.0000	0.0001	0.0001	0.0000	0.0001	0.0001	0.0000	0.0000	0.0000	0.0000	0.1619	0.1161	0.0458	0.0991	0.0846	0.0145	0.0628	0.0315	0.0313	0.1939	0.4690	0.0000	0.1746	0.4953	0.0000	0.2152	0.3757	0.0000	0.0010	0.0005	0.0024	0.0009	0.0004	0.0043	0.0011	0.0008	0.0015
6	34	0.1240	4	1	2	0	1	0	0	0	0	N	Y	N	N	N	N	N	N	N	N	N	N	32736.3052	269281.1374	0.0000	65245.6716	266044.5515	0.0000	4555.9633	inf	0.0000	0.1603	0.1871	0.0000	0.1974	0.2291	0.0000	0.0426	0.0507	0.0000	0.0000	0.0000	0.0000	0.0000	0.0000	0.0000	0.0000	0.0000	0.0000	0.0000	9.2591	-0.0000	0.0000	0.0006	0.0009	5.9946	2.4415	0.0000	0.0000	0.0000	0.0000	0.0000	0.0000	0.0000	0.0000	0.0000	0.0000	0.0000	0.0000	0.0000	0.0000	0.0000	0.0000	0.0000	0.0000	0.0000	0.0000	0.0000	0.0000	0.0000	0.0000	0.0000	0.0000	0.0000	0.0518	0.0356	0.0162	0.0365	0.0287	0.0078	0.0153	0.0069	0.0084	32736.3052	269281.1374	0.0000	65245.6716	266044.5515	0.0000	4555.9633	inf	0.0000	0.0000	0.0000	0.0000	0.0000	0.0000	0.0000	0.0000	0.0000	0.0000
6	35	0.0685	3	2	1	1	1	0	0	0	0	Y	N	N	N	N	N	N	N	N	N	N	N	0.0000	0.0000	0.0000	0.0000	0.0000	0.0000	0.0000	0.0000	0.0000	0.0000	0.0000	0.0000	0.0000	0.0000	0.0000	0.0000	0.0008	0.0010	0.0006	0.0041	0.0047	0.0000	0.0003	0.0000	0.0007	0.5760	0.0000	-0.0000	0.0006	0.0000	5.9946	5.9600	0.0000	0.0000	0.0000	0.0000	0.0000	0.0000	0.0000	0.0000	0.0000	0.0001	0.0001	0.0000	0.0001	0.0001	0.0000	0.0000	0.0000	0.0000	0.0000	0.0000	0.0000	0.0000	0.0000	0.0000	0.0000	0.0000	0.0000	0.0952	0.0497	0.0455	0.0121	0.0107	0.0013	0.0831	0.0390	0.0442	0.0000	0.0000	0.0000	0.0000	0.0000	0.0000	0.0000	0.0000	0.0000	0.0008	0.0010	0.0006	0.0041	0.0047	0.0000	0.0003	0.0000	0.0007			
6	36	0.1591	4	1	2	0	1	0	0	0	0	N	Y	N	N	N	N	N	N	N	N	N	N	240.9735	0.0000	31377.9705	78.7388	0.0000	15719.7414	15730.0707	21822.0211	0.1707	0.0000	0.6402	0.1972	0.0000	0.9985	0.1322	0.0000	0.3601	0.0007	0.0012	0.0000	0.0025	0.0028	0.0001	0.0000	0.0000	0.0000	inf	0.0116	0.0000	-0.0001	0.0006	0.0123	5.9946	6.2120	0.0000	0.0000	0.0000	0.0000	0.0000	0.0000	0.0000	0.0000	0.0000	0.0001	0.0001	0.0000	0.0001	0.0001	0.0000	0.0000	0.0000	0.0000	0.0000	0.0000	0.0000	0.0000	0.0000	0.0000	0.0000	0.0000	0.0000	0.1428	0.0857	0.0570	0.0400	0.0353	0.0047	0.1027	0.0504	0.0523	240.9735	0.0000	31377.9705	78.7388	0.0000	15719.7414	15730.0707	0.0000	21822.0211	0.0007	0.0012	0.0000	0.0025	0.0028	0.0001	0.0000	0.0000	0.0000	
6	37	0.0685	3	1	2	0	1	0	0	0	0	N	Y	N	N	N	N	N	N	N	N	N	N	2327.9807	4845.0580	9347.4405	768.4431	1447.9867	1251.7000	4022.4603	41189.4167	13221.9578	1.0500	0.0532	8.6037	0.5087	0.0917	5.1777	1.7150	0.0017	10.7735	0.0005	0.0000	0.0009	0.0007	0.0001	0.0041	0.0004	0.0000	0.0008	21.3290	78.5399	0.0004	0.0001	0.0006	8.2035	5.9946	18.5835	0.0005	0.0000	0.0004	0.0001	0.0000	0.0001	0.0003	0.0000	0.0003	0.0001	0.0000	0.0001	0.0000	0.0000	0.0000	0.0001	0.0000	0.0001	0.0004	0.0004	0.0001	0.0002	0.0002	0.0000	0.0002	0.0002	0.0000	0.3146	0.1624	0.1522	0.0329	0.0281	0.0048	0.2817	0.1343	0.1474	2327.9807	4845.0580	9347.4405	768.4431	1447.9867	1251.7000	4022.4603	41189.4167	13221.9578	0.0005	0.0000	0.0009	0.0007	0.0001	0.0041	0.0004	0.0000	0.0008
6	38	0.0685	3	1	2	0	2	0	0	0	0	N	Y	N	Y	N	N	N	N	N	N	N	N	139.8610	152347.5316	32.2713	789.2315	10589.1975	293.2358	204.4078	inf	6.2042	0.9099	0.9695	0.4365	0.4449	0.3964	1.0453	1.4704	1.7276	0.0860	0.0065	0.0000	0.0135	0.0006	0.0000	0.0036	0.0072	0.0000	0.0139	0.0567	1967.7796	-0.0000	0.0011	0.0006	10.2042	5.9946	23.0710	0.0005	0.0004	0.0000	0.0001	0.0001	0.0000	0.0003	0.0003	0.0000	0.0024	0.0000	0.0024	0.0000	0.0000	0.0000	0.0023	0.0000	0.0023	0.0005	0.0004	0.0001	0.0003	0.0003	0.0000	0.0002	0.0002	0.0000	0.3630	0.1885	0.1745	0.0377	0.0320	0.0056	0.3253	0.1564	0.1689	139.8610	152347.5316	32.2713	789.2315	10589.1975	293.2358	204.4078	inf	6.2042	0.0065	0.0000	0.0135	0.0006	0.0000	0.0036	0.0072	0.0000	0.0139
6	39	0.0685	3	2	1	1	1	0	0	0	0	Y	N	N	N	N	N	N	N	N	N	N	N	0.0000	0.0000	0.0000	0.0000	0.0000	0.0000	0.0000	0.0000	0.0000	0.0000	0.0000	0.0000	0.0000	0.0008	0.0000	0.0017	0.0000	0.0000	0.0000	0.0009	0.0000	0.0018	inf	0.0000	0.0000	0.0006	0.0000	5.9946	1.9600	0.0000	0.0000	0.0000	0.0000	0.0000	0.0000	0.0000	0.0000	0.0000	0.0000	0.0000	0.0000	0.0000	0.0000	0.0000	0.0000	0.0000	0.0000	0.0000	0.0000	0.0000	0.0000	0.0000	0.0000	0.0000	0.0000	0.0000	0.0382	0.0215	0.0167	0.0068	0.0063	0.0005	0.0314	0.0151	0.0162	0.0000	0.0000	0.0000	0.0000	0.0000	0.0000	0.0000	0.0000	0.0000	0.0008	0.0000	0.0017	0.0000	0.0000	0.0000	0.0009	0.0000	0.0018						
6	40	0.1240	4	1	1	1	1	0	0	0	0	N	N	N	N	N	N	N	N	N	N	N	N	65454.2314	554415.7104	0.0000	128429.0810	533960.5759	0.0000	9446.2129	inf	0.0000	0.1603	0.1871	0.0000	0.1974	0.2291	0.0000	0.0426	0.0507	0.0000	0.0000	0.0000	0.0000	0.0000	0.0000	0.0000	0.0000	0.0000	0.0000	0.0000	9.2591	-0.0000	0.0000	0.0006	0.0009	5.9946	7.7842	0.0000	0.0000	0.0000	0.0000	0.0000	0.0000	0.0000	0.0000	0.0000	0.0000	0.0000	0.0000	0.0000	0.0000	0.0000	0.0000	0.0000	0.0000	0.0000	0.0000	0.0000	0.0000	0.0000	0.0000	0.0000	0.0000	0.0000	0.1035	0.0732	0.0303	0.0718	0.0576	0.0142	0.0317	0.0156	0.0161	65454.2314	554415.7104	0.0000	128429.0810	533960.5759	0.0000	9446.2129	inf	0.0000	0.0000	0.0000	0.0000	0.0000	0.0000	0.0000	0.0000	0.0000	0.0000
6	41	0.0685	3	1	1	0	1	0	0	0	0	N	N	N	N	N	N	N	N	N	N	N	N	2029.1486	33634.3758	0.7204	696.8311	10084.8003	0.0669	0.2519	0.0000	0.0000	0.3340	0.3985	0.0002	0.5566	0.6618	0.0003	0.0000	0.0000	0.0000	0.0002	0.0000	0.0003	0.0008	0.0001	0.0052	0.0001	0.0000	0.0002	0.0001	26.0584	-0.0000	0.0000	0.0006	1.7959	5.9946	20.1034	0.0001	0.0001	0.0000	0.0001	0.0001	0.0000	0.0000	0.0000	0.0000	0.0000	0.0000	0.0000	0.0000	0.0000	0.0000	0.0000	0.0000	0.0000	0.0002	0.0001	0.0000	0.0001	0.0001	0.0000	0.0001	0.0001	0.0000	0.2515	0.1291	0.1223	0.0268	0.0230	0.0038	0.2246	0.1061	0.1185	2029.1486	33634.3758	0.7204	696.8311	10084.8003	0.0669	0.2519	0.0000	0.0000	0.0002	0.0000	0.0003	0.0008	0.0001	0.0052	0.0001	0.0000	0.0002
6	42	0.1385	4	1	2	0	1	0	0	0	0	N	Y	N	N	N	N	N	N	N	N	N	N	inf	inf	inf	inf	0.0846	0.0917	0.0000	0.1126	0.1182	0.0000	0.0000	0.0000	0.0000	0.0000	0.0000	0.0000	0.0000	0.0000	0.0000	0.0000	0.0000	0.0000	0.0000	-0.0000	0.0000	0.0006	0.0003	5.9946	0.0002	0.0000	0.0000	0.0000	0.0000	0.0000	0.0000	0.0000	0.0000	0.0000	0.0000	0.0000	0.0000	0.0000	0.0000	0.0000	0.0000	0.0000	0.0000	0.0000	0.0000	0.0000	0.0000	0.0000	0.0000	0.0000	0.0000	0.0000	0.0000	0.0000	0.0000	0.0000	0.0000	0.0000	0.0000	0.0000	0.0000	inf	inf	0.0000	inf	inf	0.0000	0.0000	0.0000	0.0000	0.0000	0.0000	0.0000	0.0000	0.0000	0.0000	0.0000	0.0000	0.0000						
6	43	0.0946	4	2	2	1	1	0	0	0	0	Y	Y	N	N	N	N	N	N	N	N	N	N	0.0000	0.0000	0.0000	0.0000	0.0000	0.0000	0.0000	0.0000	0.0000	0.0000	0.0000	0.0000	0.0000	0.0000	0.0000	0.0000	0.0000	0.0000	0.0000	0.0000	0.0006	0.0000	5.9946	2.0000	0.0000	0.0000	0.0000	0.0000	0.0000	0.0000	0.0000	0.0000	0.0000	0.0000	0.0000	0.0000	0.0000	0.0000	0.0000	0.0000	0.0000	0.0000	0.0000	0.0000	0.0000	0.0000	0.0000	0.0000	0.0000	0.0000	0.0000	0.0226	0.0137	0.0089	0.0072	0.0056	0.0016	0.0154	0.0081	0.0073	0.0000	0.0000	0.0000	0.0000	0.0000	0.0000	0.0000	0.0000	0.0000	0.0000	0.0000	0.0000	0.0000	0.0000	0.0000	0.0000	0.0000	0.0000											
6	44	0.0946	4	2	2	1	1	0	0	0	0	Y	Y	N	N	N	N	N	N	N	N	N	N	0.0000	0.0000	0.0000	0.0000	0.0000	0.0000	0.0000	0.0000	0.0000	0.0000	0.0000	0.0000	0.0000	0.0000	0.0000	0.0000	0.0000	0.0000	0.0000	0.0000	0.0006	0.0000	5.9946	0.0000	0.0000	0.0000	0.0000	0.0000	0.0000	0.0000	0.0000	0.0000	0.0000	0.0000	0.0000	0.0000	0.0000	0.0000	0.0000	0.0000	0.0000	0.0000	0.0000	0.0000	0.0000	0.0000	0.0000	0.0000	0.0000	0.0000	0.0000	0.0000	0.0000	0.0000	0.0000	0.0000	0.0000	0.0000	0.0000	0.0000	0.0000	0.0000	0.0000	0.0000	0.0000	0.0000	0.0000	0.0000	0.0000	0.0000	0.0000	0.0000	0.0000	0.0000	0.0000	0.0000	0.0000	0.0000											
6	45	0.0685	3	2	2	1	1	0	0	0	0	Y	Y	N	N	N	N	N	N	N	N	N	N	1850.0886	inf	0.0000	inf	inf	0.0000	0.0000	0.4462	0.5476	0.0000	0.7132	0.8874	0.0000	0.0000	0.0000	0.0000	0.0002	0.0000	0.0005	0.0000	0.0000	0.0000	0.0003	0.0000	0.0005	0.0000	inf	-0.0000	0.0000	0.0006	0.7962	5.9946	7.9291	0.0001	0.0001	0.0000	0.0001	0.0001	0.0000	0.0000	0.0000	0.0000	0.0000	0.0000	0.0000	0.0000	0.0000	0.0000	0.0000	0.0000	0.0000	0.0001	0.0001	0.0000	0.0001	0.0001	0.0000	0.0000	0.0000	0.0000	0.1194	0.0618	0.0577	0.0143	0.0126	0.0017	0.1051	0.0492	0.0559	1850.0886	inf	0.0000	inf	inf	0.0000	0.0000	0.0000	0.0000	0.0002	0.0000	0.0005	0.0000	0.0000	0.0000	0.0003	0.0000	0.0005		
6	46	0.0685	3	2	2	0	1	0	0	0	0	Y	Y	N	N	N	N	N	N	N	N	N	N	0.0801	0.0504	0.0000	0.0143	0.0154	0.0000	0.0000	0.0000	0.4462	0.5476	0.0000	0.7132	0.8874	0.0000	0.0000	0.0000	0.0000	5.5715	10.8569	0.0008	49.8599	57.5168	0.0077	0.0003	0.0000	0.0006	0.0000	0.0001	-0.0000	-0.5053	0.0006	0.7962	5.9946	12.9291	0.0001	0.0001	0.0000	0.0001	0.0001	0.0000	0.0000	0.0000	0.0000	0.9699	0.9698	0.0001	0.9698	0.9698	0.0000	0.0000	0.0000	0.0000	0.0001	0.0001	0.0000	0.0001	0.0001	0.0000	0.0000	0.0000	0.0000	0.1741	0.0893	0.0848	0.0195	0.0169	0.0026	0.1546	0.0725	0.0822	0.0801	0.0504	0.0000	0.0143	0.0154	0.0000	0.0000	0.0000	0.0000	5.5715	10.8569	0.0008	49.8599	57.5168	0.0077	0.0003	0.0000	0.0006	
6	47	0.0685	3	1	2	0	2	0	0	0	0	N	Y	N	Y	N	N	N	N	N	N	N	N	0.0000	0.0000	0.0000	0.0000	0.0000	0.0000	0.0000	0.0000	0.0000	0.0000	0.0000	0.0000	0.0000	0.0000	0.0000	0.0000	3.4146	0.0000	7.0408	0.0000	0.0000	0.0000	3.8162	0.0000	7.2706	833274.9708	0.0000	0.4786	0.0006	9.0000	5.9946	15.0400	0.0000	0.0000	0.0000	0.0000	0.0000	0.0000	0.0000	0.0000	0.0000	0.9994	0.0000	0.9994	0.0000	0.0000	0.0000	0.9994	0.0000	0.9994	0.0005	0.0004	0.0001	0.0003	0.0002	0.0000	0.0002	0.0002	0.0000	0.2927	0.1507	0.1419	0.0308	0.0263	0.0045	0.2619	0.1244	0.1375	0.0000	0.0000	0.0000	0.0000	0.0000	0.0000	0.0000	0.0000	0.0000	3.4146	0.0000	7.0408	0.0000	0.0000	0.0000	3.8162	0.0000	7.2706			
6	48	0.1470	4	1	1	0	2	0	0	0	0	N	N	N	Y	N	N	N	N	N	N	N	N	6.1551	inf	0.0000	82085.6446	inf	0.0000	0.0000	0.0000	0.0529	0.0600	0.0000	0.0761	0.0901	0.0000	0.0000	0.0000	0.0000	0.0086	0.0000	0.0313	0.0000	0.0000	0.0000	0.0264	0.0000	0.0538	0.0000	inf	-0.0000	0.0002	0.0006	0.0037	5.9946	3.0208	0.0000	0.0000	0.0000	0.0000	0.0000	0.0000	0.0000	0.0000	0.0000	0.0003	0.0000	0.0003	0.0000	0.0000	0.0000	0.0003	0.0000	0.0003	0.0000	0.0000	0.0000	0.0000	0.0000	0.0000	0.0000	0.0000	0.0000	0.0372	0.0270	0.0102	0.0251	0.0209	0.0043	0.0121	0.0062	0.0059	6.1551	inf	0.0000	82085.6446	inf	0.0000	0.0000	0.0000	0.0000	0.0086	0.0000	0.0313	0.0000	0.0000	0.0000	0.0264	0.0000	0.0538	
6	49	0.0685	3	1	1	0	2	0	0	0	0	N	N	N	Y	N	N	N	N	N	N	N	N	0.0589	26567.8173	0.0000	511.1723	7968.8200	0.0196	0.0000	0.0000	0.0000	0.1963	0.2263	0.0000	0.3456	0.3877	0.0001	0.0000	0.0000	0.0000	3.3334	0.0000	6.8781	0.0007	0.0000	0.0043	3.7245	0.0000	7.1029	0.0000	759446.8554	-0.0000	0.4785	0.0006	4.7960	5.9946	23.0471	0.0001	0.0001	0.0000	0.0001	0.0001	0.0000	0.0000	0.0000	0.0000	0.9991	0.0000	0.9991	0.0000	0.0000	0.0000	0.9991	0.0000	0.9991	0.0003	0.0002	0.0000	0.0002	0.0001	0.0000	0.0001	0.0001	0.0000	0.2997	0.1545	0.1453	0.0315	0.0269	0.0046	0.2683	0.1276	0.1407	0.0589	26567.8173	0.0000	511.1723	7968.8200	0.0196	0.0000	0.0000	0.0000	3.3334	0.0000	6.8781	0.0007	0.0000	0.0043	3.7245	0.0000	7.1029
6	50	0.1035	4	1	2	1	1	0	0	0	0	N	Y	N	N	N	N	N	N	N	N	N	N	8534.7649	52110.8287	0.4162	13168.8588	inf	0.1828	821.6610	3150.7436	0.0000	0.3239	0.4414	0.0000	0.4660	0.6329	0.0000	0.0320	0.0439	0.0000	0.0000	0.0000	0.0001	0.0000	0.0000	0.0002	0.0000	0.0000	0.0001	0.0000	6.5837	-0.0000	0.0000	0.0006	1.4428	5.9946	0.4686	0.0001	0.0001	0.0000	0.0001	0.0001	0.0000	0.0000	0.0000	0.0000	0.0000	0.0000	0.0000	0.0000	0.0000	0.0000	0.0000	0.0000	0.0000	0.0004	0.0003	0.0001	0.0003	0.0002	0.0001	0.0001	0.0001	0.0000	0.0570	0.0337	0.0233	0.0159	0.0133	0.0026	0.0411	0.0204	0.0207	8534.7649	52110.8287	0.4162	13168.8588	inf	0.1828	821.6610	3150.7436	0.0000	0.0000	0.0000	0.0001	0.0000	0.0000	0.0002	0.0000	0.0000	0.0001
6	51	0.0685	3	1	2	0	1	0	0	0	0	N	Y	N	N	N	N	N	N	N	N	N	N	227.8350	82.0321	2238275.0492	4592.3492	2269.9562	251324.0062	349.7341	127.1060	3203112.1339	1.0826	0.7601	3.4565	0.4569	0.2583	2.5448	1.8609	1.4390	4.0712	0.0048	0.0093	0.0000	0.0001	0.0001	0.0000	0.0053	0.0113	0.0000	0.6178	0.0002	0.0001	-0.0005	0.0006	7.1845	5.9946	8.0722	0.0004	0.0003	0.0002	0.0001	0.0001	0.0000	0.0003	0.0002	0.0001	0.0010	0.0010	0.0000	0.0000	0.0000	0.0000	0.0010	0.0010	0.0000	0.0004	0.0003	0.0000	0.0002	0.0002	0.0000	0.0002	0.0001	0.0000	0.2067	0.1060	0.1007	0.0225	0.0194	0.0031	0.1841	0.0865	0.0976	227.8350	82.0321	2238275.0492	4592.3492	2269.9562	251324.0062	349.7341	127.1060	3203112.1339	0.0048	0.0093	0.0000	0.0001	0.0001	0.0000	0.0053	0.0113	0.0000
6	52	0.0912	4	2	1	1	1	0	0	0	0	Y	N	N	N	N	N	N	N	N	N	N	N	1.0638	0.0000	2.8067	0.1117	0.0000	0.2831	227.0395	426.9890	0.0392	0.0000	0.2187	0.0248	0.0000	1.0247	0.0495	0.0000	0.1707	0.0369	0.0009	0.0779	0.2222	0.0032	3.6198	0.0002	0.0000	0.0004	inf	73.7158	0.0000	0.0021	0.0006	0.9976	5.9946	4.7732	0.0000	0.0000	0.0000	0.0000	0.0000	0.0000	0.0000	0.0000	0.0000	0.0045	0.0001	0.0045	0.0045	0.0001	0.0045	0.0000	0.0000	0.0000	0.0001	0.0000	0.0000	0.0000	0.0000	0.0000	0.0000	0.0000	0.0000	0.1233	0.0657	0.0576	0.0204	0.0189	0.0014	0.1029	0.0468	0.0562	1.0638	0.0000	2.8067	0.1117	0.0000	0.3257	227.0395	0.0000	426.9890	0.0369	0.0009	0.0779	0.2222	0.0032	3.1461	0.0002	0.0000	0.0004	
6	53	0.0685	3	2	1	0	1	0	0	0	0	Y	N	N	N	N	N	N	N	N	N	N	N	54.4440	0.0181	9726.8937	2.6179	0.0023	121202.5353	4502.3538	180.6985	14611.9948	1.8158	0.0011	12.8865	0.7351	0.0007	5.9628	3.2896	0.0017	19.9383	0.0334	0.0635	0.0013	0.2808	0.3211	0.0000	0.0007	0.0000	0.0014	1841.4154	0.0196	0.0004	-0.0023	0.0006	3.2133	5.9946	6.0120	0.0004	0.0000	0.0004	0.0001	0.0000	0.0001	0.0003	0.0000	0.0003	0.0046	0.0045	0.0001	0.0045	0.0045	0.0000	0.0001	0.0000	0.0001	0.0002	0.0002	0.0000	0.0001	0.0001	0.0000	0.0001	0.0001	0.0000	0.1370	0.0706	0.0664	0.0160	0.0140	0.0020	0.1211	0.0566	0.0644	54.4440	0.0181	9726.8937	2.6179	0.0023	121202.5353	4502.3538	180.6985	14611.9948	0.0334	0.0635	0.0013	0.2808	0.3211	0.0000	0.0007	0.0000	0.0014
6	54	0.0685	3	2	2	0	1	0	0	0	0	Y	Y	N	N	N	N	N	N	N	N	N	N	489.3672	711.9212	0.0000	154.6598	223.1908	0.0000	0.0000	0.0000	0.3340	0.3985	0.0000	0.5566	0.6618	0.0000	0.0000	0.0000	0.0000	0.0007	0.0006	0.0008	0.0036	0.0030	0.0077	0.0003	0.0000	0.0006	0.0000	1.3760	-0.0000	0.0000	0.0006	1.7961	5.9946	11.9291	0.0001	0.0001	0.0000	0.0001	0.0001	0.0000	0.0000	0.0000	0.0000	0.0001	0.0000	0.0001	0.0001	0.0000	0.0000	0.0000	0.0000	0.0000	0.0002	0.0001	0.0000	0.0001	0.0001	0.0000	0.0001	0.0001	0.0000	0.1741	0.0893	0.0848	0.0195	0.0169	0.0026	0.1546	0.0725	0.0822	489.3672	711.9212	0.0000	154.6598	223.1908	0.0000	0.0000	0.0000	0.0000	0.0007	0.0006	0.0008	0.0036	0.0030	0.0077	0.0003	0.0000	0.0006	
6	55	0.0898	4	1	2	0	1	0	0	0	0	N	Y	N	N	N	N	N	N	N	N	N	N	0.0355	0.0274	0.0000	0.0853	0.0843	0.0000	0.0041	0.0024	0.0000	0.1690	0.2031	0.0000	0.2210	0.2668	0.0000	0.0274	0.0325	0.0000	4.7559	7.4055	0.0000	2.5910	3.1644	0.0000	6.6203	13.5064	0.0000	0.0000	0.0000	-0.0000	-0.3471	0.0006	0.0041	5.9946	6.2745	0.0000	0.0000	0.0000	0.0000	0.0000	0.0000	0.0000	0.0000	0.0000	0.6661	0.6661	0.0000	0.1679	0.1679	0.0000	0.4982	0.4982	0.0000	0.0000	0.0000	0.0000	0.0000	0.0000	0.0000	0.0000	0.0000	0.0000	0.1401	0.0900	0.0501	0.0648	0.0531	0.0117	0.0753	0.0369	0.0384	0.0355	0.0274	0.0000	0.0853	0.0843	0.0000	0.0041	0.0024	0.0000	4.7559	7.4055	0.0000	2.5910	3.1644	0.0000	6.6203	13.5064	0.0000
6	56	0.1385	4	1	1	1	1	0	0	0	0	N	N	N	N	N	N	N	N	N	N	N	N	inf	inf	inf	inf	inf	inf	0.7946	0.8786	0.0000	0.4615	0.4883	0.0000	1.2433	1.4631	0.0000	0.0000	0.0000	0.0000	0.0000	0.0000	0.0000	0.0000	0.0000	0.0000	0.0000	-0.0000	0.0000	0.0006	18.9997	5.9946	4.0000	0.0005	0.0005	0.0000	0.0002	0.0002	0.0000	0.0003	0.0003	0.0000	0.0000	0.0000	0.0000	0.0000	0.0000	0.0000	0.0000	0.0000	0.0000	0.0006	0.0006	0.0001	0.0004	0.0003	0.0000	0.0003	0.0002	0.0000	0.2159	0.1543	0.0615	0.1409	0.1141	0.0268	0.0750	0.0402	0.0348	inf	inf	0.0000	inf	inf	0.0000	inf	inf	0.0000	0.0000	0.0000	0.0000	0.0000	0.0000	0.0000	0.0000	0.0000	0.0000				
6	57	0.0685	3	1	1	0	1	0	0	0	0	N	N	N	N	N	N	N	N	N	N	N	N	2248.4592	47282.0307	0.0000	771.2466	13769.7972	0.0000	0.0000	0.0000	0.3196	0.3800	0.0000	0.5356	0.6331	0.0000	0.0000	0.0000	0.0000	0.0001	0.0000	0.0003	0.0007	0.0000	0.0045	0.0001	0.0000	0.0001	0.0000	33.3500	-0.0000	0.0000	0.0006	1.7961	5.9946	22.3138	0.0001	0.0001	0.0000	0.0001	0.0001	0.0000	0.0000	0.0000	0.0000	0.0000	0.0000	0.0000	0.0000	0.0000	0.0000	0.0000	0.0000	0.0000	0.0002	0.0001	0.0000	0.0001	0.0001	0.0000	0.0001	0.0001	0.0000	0.2898	0.1492	0.1406	0.0305	0.0261	0.0044	0.2593	0.1231	0.1362	2248.4592	47282.0307	0.0000	771.2466	13769.7972	0.0000	0.0000	0.0000	0.0000	0.0001	0.0000	0.0003	0.0007	0.0000	0.0045	0.0001	0.0000	0.0001	
6	58	0.0893	5	2	2	0	1	0	0	0	0	Y	Y	N	N	N	N	N	N	N	N	N	N	13.2653	0.0000	912.9182	1.2308	0.0000	466.2982	623.6075	0.0000	1009.0096	0.0473	0.0000	0.2538	0.0300	0.0000	0.9456	0.0599	0.0000	0.2004	0.0036	0.0061	0.0003	0.0244	0.0278	0.0020	0.0001	0.0000	0.0002	inf	0.0349	0.0000	-0.0004	0.0006	0.9359	5.9946	8.5945	0.0000	0.0000	0.0000	0.0000	0.0000	0.0000	0.0000	0.0000	0.0000	0.0008	0.0007	0.0000	0.0008	0.0007	0.0000	0.0000	0.0000	0.0000	0.0001	0.0001	0.0000	0.0000	0.0000	0.0000	0.0000	0.0000	0.0000	0.2154	0.1221	0.0933	0.0308	0.0267	0.0040	0.1846	0.0954	0.0892	13.2653	0.0000	912.9182	1.2308	0.0000	466.2982	623.6075	0.0000	1009.0096	0.0036	0.0061	0.0003	0.0244	0.0278	0.0020	0.0001	0.0000	0.0002
6	59	0.0866	4	1	2	0	1	0	0	0	0	N	Y	N	N	N	N	N	N	N	N	N	N	43.9766	19.6180	488.5349	27.2989	20.9349	289.3832	51.2835	0.0317	537.0521	0.2617	0.1782	0.4626	0.3284	0.2771	0.9876	0.1977	0.0002	0.3907	0.0060	0.0091	0.0009	0.0120	0.0132	0.0034	0.0039	0.0067	0.0007	1.0787	0.0653	0.0000	-0.0002	0.0006	0.1706	5.9946	1.8413	0.0000	0.0000	0.0000	0.0000	0.0000	0.0000	0.0000	0.0000	0.0000	0.0004	0.0004	0.0000	0.0002	0.0002	0.0000	0.0002	0.0002	0.0000	0.0000	0.0000	0.0000	0.0000	0.0000	0.0000	0.0000	0.0000	0.0000	0.0692	0.0426	0.0267	0.0177	0.0156	0.0022	0.0515	0.0270	0.0245	43.9766	19.6180	488.5349	27.2989	20.9349	289.3832	51.2835	0.0317	537.0521	0.0060	0.0091	0.0009	0.0120	0.0132	0.0034	0.0039	0.0067	0.0007
6	60	0.0685	3	1	2	0	1	0	0	0	0	N	Y	N	N	N	N	N	N	N	N	N	N	244.1479	0.0980	26271.1828	679.5771	1.0008	407137.7971	381.8710	0.0872	33726.1753	1.2040	0.0009	9.7688	0.5043	0.0009	5.4256	2.0878	0.0010	12.9201	0.0049	0.0092	0.0004	0.0007	0.0009	0.0000	0.0055	0.0112	0.0004	1514.5447	0.0381	0.0004	-0.0004	0.0006	6.1830	5.9946	4.8458	0.0004	0.0000	0.0004	0.0001	0.0000	0.0001	0.0003	0.0000	0.0003	0.0008	0.0008	0.0000	0.0000	0.0000	0.0000	0.0008	0.0007	0.0000	0.0004	0.0003	0.0000	0.0002	0.0002	0.0000	0.0002	0.0001	0.0000	0.1589	0.0817	0.0773	0.0180	0.0157	0.0024	0.1409	0.0660	0.0749	244.1479	0.0980	26271.1828	679.5771	1.0008	407137.7971	381.8710	0.0872	33726.1753	0.0049	0.0092	0.0004	0.0007	0.0009	0.0000	0.0055	0.0112	0.0004
6	61	0.4616	10	1	1	0	1	0	0	0	0	N	N	N	N	N	N	N	N	N	N	N	N	0.0226	0.5631	0.0000	0.0243	0.6491	0.0000	0.0000	0.0000	0.0001	0.0001	0.0000	0.0002	0.0002	0.0000	0.0000	0.0000	0.0000	0.0052	0.0002	0.0177	0.0079	0.0003	0.0470	0.0010	0.0000	0.0022	0.0000	29.9910	-0.0000	0.0004	0.0006	1.0140	5.9946	12.0537	0.0000	0.0000	0.0000	0.0000	0.0000	0.0000	0.0000	0.0000	0.0000	0.0008	0.0000	0.0008	0.0008	0.0000	0.0008	0.0001	0.0000	0.0001	0.0000	0.0000	0.0000	0.0000	0.0000	0.0000	0.0000	0.0000	0.0000	0.1626	0.1165	0.0461	0.0993	0.0832	0.0160	0.0634	0.0333	0.0301	0.0226	0.5631	0.0000	0.0243	0.6491	0.0000	0.0000	0.0000	0.0000	0.0052	0.0002	0.0177	0.0079	0.0003	0.0470	0.0010	0.0000	0.0022	
6	62	0.3857	7	1	1	0	1	0	0	0	0	N	N	N	N	N	N	N	N	N	N	N	N	0.0106	0.0087	0.0009	0.0161	0.0153	0.0024	0.0027	0.0017	0.0008	0.0329	0.0369	0.0004	0.0466	0.0514	0.0003	0.0089	0.0103	0.0004	3.1144	4.2479	0.3762	2.8950	3.3519	0.1446	3.3669	5.9029	0.4577	0.0012	0.0367	-0.0000	-0.9993	0.0006	22.0948	5.9946	64.3951	0.0000	0.0000	0.0000	0.0000	0.0000	0.0000	0.0000	0.0000	0.0000	2.0575	1.9847	0.0728	1.0234	1.0161	0.0073	1.0341	0.9686	0.0655	0.0008	0.0007	0.0001	0.0005	0.0005	0.0001	0.0003	0.0003	0.0000	0.6606	0.4672	0.1934	0.3535	0.3031	0.0504	0.3071	0.1641	0.1431	0.0106	0.0087	0.0009	0.0161	0.0153	0.0024	0.0027	0.0017	0.0008	3.1144	4.2479	0.3762	2.8950	3.3519	0.1446	3.3669	5.9029	0.4577
6	63	0.1788	6	1	1	0	1	0	0	0	0	N	N	N	N	N	N	N	N	N	N	N	N	0.0009	0.0006	0.0408	0.0008	0.0007	inf	0.0901	19.1654	0.0227	0.0019	0.0021	0.0002	0.0031	0.0032	0.0002	0.0003	0.0003	0.0001	2.2246	3.2641	0.0041	3.9421	4.6219	0.0000	0.0030	0.0000	0.0055	0.0095	0.0006	-0.0000	-0.4438	0.0006	3.0638	5.9946	18.8214	0.0000	0.0000	0.0000	0.0000	0.0000	0.0000	0.0000	0.0000	0.0000	0.8526	0.8521	0.0005	0.8521	0.8521	0.0000	0.0005	0.0000	0.0005	0.0001	0.0001	0.0000	0.0001	0.0001	0.0000	0.0001	0.0000	0.0000	0.3833	0.2611	0.1222	0.2162	0.1844	0.0318	0.1671	0.0767	0.0904	0.0009	0.0006	0.0408	0.0008	0.0007	inf	0.0901	19.1654	0.0227	2.2246	3.2641	0.0041	3.9421	4.6219	0.0000	0.0030	0.0000	0.0055
6	64	0.0898	4	2	2	1	1	0	0	0	0	Y	Y	N	N	N	N	N	N	N	N	N	N	0.0019	0.0014	0.0000	0.0014	0.0012	0.0000	0.0238	653.6827	0.0000	0.0054	0.0061	0.0000	0.0089	0.0095	0.0000	0.0006	0.0007	0.0000	2.8123	4.4160	0.0372	6.5035	8.0085	0.0000	0.0239	0.0000	0.0477	0.0000	0.0049	-0.0000	-0.2451	0.0006	1.0029	5.9946	8.4685	0.0000	0.0000	0.0000	0.0000	0.0000	0.0000	0.0000	0.0000	0.0000	0.4748	0.4725	0.0023	0.4725	0.4725	0.0000	0.0023	0.0000	0.0023	0.0000	0.0000	0.0000	0.0000	0.0000	0.0000	0.0000	0.0000	0.0000	0.1688	0.1070	0.0618	0.0726	0.0590	0.0137	0.0962	0.0480	0.0482	0.0019	0.0014	0.0000	0.0014	0.0012	0.0000	0.0238	653.6827	0.0000	2.8123	4.4160	0.0372	6.5035	8.0085	0.0000	0.0239	0.0000	0.0477
6	65	0.0685	3	1	2	0	1	0	0	0	0	N	Y	N	N	N	N	N	N	N	N	N	N	0.0702	0.0444	2.6462	0.0133	0.0145	inf	0.3836	0.6318	0.9536	0.4459	0.5467	0.0021	0.7125	0.8859	0.0028	0.0002	0.0001	0.0008	6.3545	12.3090	0.0008	53.7188	61.2472	0.0000	0.0005	0.0001	0.0008	0.0009	0.0001	-0.0000	-0.4204	0.0006	0.7961	5.9946	8.5878	0.0001	0.0001	0.0000	0.0001	0.0001	0.0000	0.0000	0.0000	0.0000	0.8068	0.8067	0.0000	0.8067	0.8067	0.0000	0.0001	0.0000	0.0000	0.0001	0.0001	0.0000	0.0001	0.0001	0.0000	0.0000	0.0000	0.0000	0.1270	0.0655	0.0614	0.0150	0.0132	0.0018	0.1119	0.0524	0.0596	0.0702	0.0444	2.6462	0.0133	0.0145	inf	0.3836	0.6318	0.9536	6.3545	12.3090	0.0008	53.7188	61.2472	0.0000	0.0005	0.0001	0.0008
6	66	0.4616	10	1	2	0	1	0	0	0	0	N	Y	N	N	N	N	N	N	N	N	N	N	0.0000	0.0000	0.0000	0.0000	0.0000	0.0000	0.0000	0.0000	0.0001	0.0001	0.0000	0.0002	0.0002	0.0000	0.0000	0.0000	0.0000	5.8367	8.1297	0.0488	9.5375	11.3848	0.0000	0.0363	0.0014	0.0749	0.0000	0.0024	-0.0000	-0.5040	0.0006	1.0110	5.9946	12.5479	0.0000	0.0000	0.0000	0.0000	0.0000	0.0000	0.0000	0.0000	0.0000	0.9716	0.9693	0.0023	0.9693	0.9693	0.0000	0.0024	0.0000	0.0023	0.0000	0.0000	0.0000	0.0000	0.0000	0.0000	0.0000	0.0000	0.0000	0.1665	0.1192	0.0472	0.1016	0.0851	0.0165	0.0648	0.0341	0.0307	0.0000	0.0000	0.0000	0.0000	0.0000	0.0000	0.0000	0.0000	0.0000	5.8367	8.1297	0.0488	9.5375	11.3848	0.0000	0.0363	0.0014	0.0749	
6	67	0.4552	9	1	1	0	1	0	0	0	0	N	N	N	N	N	N	N	N	N	N	N	N	0.0141	0.0125	0.0000	0.0054	0.0056	0.0000	0.2549	9.2004	0.0000	0.0001	0.0002	0.0000	0.0001	0.0001	0.0000	0.0002	0.0003	0.0000	0.0101	0.0127	0.0034	0.0171	0.0176	0.0115	0.0008	0.0000	0.0015	0.0000	0.1033	-0.0000	-0.0004	0.0006	0.9784	5.9946	1.5217	0.0000	0.0000	0.0000	0.0000	0.0000	0.0000	0.0000	0.0000	0.0000	0.0009	0.0008	0.0001	0.0009	0.0008	0.0001	0.0000	0.0000	0.0000	0.0000	0.0000	0.0000	0.0000	0.0000	0.0000	0.0000	0.0000	0.0000	0.0880	0.0633	0.0247	0.0500	0.0455	0.0045	0.0380	0.0178	0.0202	0.0141	0.0125	0.0000	0.0054	0.0056	0.0000	0.2549	9.2004	0.0000	0.0101	0.0127	0.0034	0.0171	0.0176	0.0115	0.0008	0.0000	0.0015
6	68	0.4250	8	1	1	0	1	0	0	0	0	N	N	N	N	N	N	N	N	N	N	N	N	0.5541	0.8229	0.1249	0.7640	1.5002	0.1318	0.0972	0.0569	0.0000	0.0021	0.0023	0.0008	0.0034	0.0035	0.0019	0.0002	0.0002	0.0000	0.0038	0.0028	0.0064	0.0045	0.0023	0.0145	0.0025	0.0043	0.0008	0.0428	0.9429	-0.0000	-0.0000	0.0006	1.0531	5.9946	9.0748	0.0000	0.0000	0.0000	0.0000	0.0000	0.0000	0.0000	0.0000	0.0000	0.0006	0.0003	0.0003	0.0005	0.0002	0.0003	0.0001	0.0001	0.0000	0.0000	0.0000	0.0000	0.0000	0.0000	0.0000	0.0000	0.0000	0.0000	0.1679	0.1193	0.0486	0.1130	0.0934	0.0197	0.0548	0.0259	0.0289	0.5541	0.8229	0.1249	0.7640	1.5002	0.1318	0.0972	0.0569	0.0000	0.0038	0.0028	0.0064	0.0045	0.0023	0.0145	0.0025	0.0043	0.0008
6	69	0.0685	3	2	1	1	1	0	0	0	0	Y	N	N	N	N	N	N	N	N	N	N	N	0.0000	0.0000	0.0000	0.0000	0.0000	0.0000	0.0000	0.0000	0.0000	0.0000	0.0000	0.0000	0.0000	0.0004	0.0000	0.0007	0.0000	0.0000	0.0000	0.0004	0.0000	0.0008	inf	0.0000	0.0000	0.0006	0.0000	5.9946	4.9600	0.0000	0.0000	0.0000	0.0000	0.0000	0.0000	0.0000	0.0000	0.0000	0.0000	0.0000	0.0000	0.0000	0.0000	0.0000	0.0000	0.0000	0.0000	0.0000	0.0000	0.0000	0.0000	0.0000	0.0000	0.0000	0.0000	0.0000	0.0815	0.0428	0.0386	0.0108	0.0096	0.0011	0.0707	0.0332	0.0375	0.0000	0.0000	0.0000	0.0000	0.0000	0.0000	0.0000	0.0000	0.0000	0.0004	0.0000	0.0007	0.0000	0.0000	0.0000	0.0004	0.0000	0.0008						
6	71	0.1248	7	1	1	1	1	0	0	0	0	N	N	N	N	N	N	N	N	N	N	N	N	0.0000	0.0000	0.0000	0.0000	0.0000	0.0000	0.0000	0.0000	0.0000	0.0000	0.0000	0.0000	0.0000	0.0000	0.0000	0.0000	0.0000	0.0000	0.0000	0.0000	0.0006	1.0000	5.9946	0.0055	0.0000	0.0000	0.0000	0.0000	0.0000	0.0000	0.0000	0.0000	0.0000	0.0000	0.0000	0.0000	0.0000	0.0000	0.0000	0.0000	0.0000	0.0000	0.0000	0.0000	0.0000	0.0000	0.0000	0.0000	0.0000	0.0000	0.0000	0.0113	0.0079	0.0033	0.0055	0.0048	0.0007	0.0058	0.0032	0.0026	0.0000	0.0000	0.0000	0.0000	0.0000	0.0000	0.0000	0.0000	0.0000	0.0000	0.0000	0.0000	0.0000	0.0000	0.0000	0.0000	0.0000	0.0000											
6	72	0.1181	6	1	1	1	1	0	0	0	0	N	N	N	N	N	N	N	N	N	N	N	N	0.0000	0.0000	0.0000	0.0000	0.0000	0.0000	0.0000	0.0000	0.0000	0.0000	0.0000	0.0000	0.0000	0.0000	0.0000	0.0000	0.0000	0.0000	0.0000	0.0000	0.0006	0.0000	5.9946	1.0265	0.0000	0.0000	0.0000	0.0000	0.0000	0.0000	0.0000	0.0000	0.0000	0.0000	0.0000	0.0000	0.0000	0.0000	0.0000	0.0000	0.0000	0.0000	0.0000	0.0000	0.0000	0.0000	0.0000	0.0000	0.0000	0.0000	0.0000	0.0126	0.0089	0.0036	0.0061	0.0054	0.0007	0.0064	0.0036	0.0029	0.0000	0.0000	0.0000	0.0000	0.0000	0.0000	0.0000	0.0000	0.0000	0.0000	0.0000	0.0000	0.0000	0.0000	0.0000	0.0000	0.0000	0.0000											
6	73	0.1127	5	1	1	0	1	0	0	0	0	N	N	N	N	N	N	N	N	N	N	N	N	0.0000	0.0000	0.0000	0.0000	0.0000	0.0000	0.0000	0.0000	0.0000	0.0000	0.0000	0.0000	0.0000	0.0000	0.0000	0.0000	0.0000	0.0000	0.0000	0.0000	0.0000	0.0000	0.0000	0.0000	-0.0000	0.0006	0.0000	5.9946	1.0321	0.0000	0.0000	0.0000	0.0000	0.0000	0.0000	0.0000	0.0000	0.0000	0.0000	0.0000	0.0000	0.0000	0.0000	0.0000	0.0000	0.0000	0.0000	0.0000	0.0000	0.0000	0.0000	0.0000	0.0000	0.0000	0.0000	0.0000	0.1046	0.0679	0.0366	0.0582	0.0527	0.0054	0.0464	0.0152	0.0312	0.0000	0.0000	0.0000	0.0000	0.0000	0.0000	0.0000	0.0000	0.0000	0.0000	0.0000	0.0000	0.0000	0.0000	0.0000	0.0000	0.0000	0.0000						
6	74	0.0899	4	1	1	0	1	0	0	0	0	N	N	N	N	N	N	N	N	N	N	N	N	390.4585	1070.8965	284.5113	352.4323	999.4497	69.3741	214.0170	36293.0115	229.6957	0.1062	0.0964	0.1710	0.1502	0.1347	0.2772	0.0297	0.0249	0.0530	0.0003	0.0001	0.0006	0.0004	0.0001	0.0040	0.0001	0.0000	0.0002	0.2677	3.6923	0.0000	0.0000	0.0006	0.5629	5.9946	8.5245	0.0000	0.0000	0.0000	0.0000	0.0000	0.0000	0.0000	0.0000	0.0000	0.0001	0.0000	0.0001	0.0001	0.0000	0.0000	0.0000	0.0000	0.0000	0.0000	0.0000	0.0000	0.0000	0.0000	0.0000	0.0000	0.0000	0.0000	0.2774	0.1786	0.0988	0.1287	0.1190	0.0097	0.1487	0.0596	0.0891	390.4585	1070.8965	284.5113	352.4323	999.4497	69.3741	214.0170	36293.0115	229.6957	0.0003	0.0001	0.0006	0.0004	0.0001	0.0040	0.0001	0.0000	0.0002
6	75	0.1069	5	1	2	0	1	0	0	0	0	N	Y	N	N	N	N	N	N	N	N	N	N	0.0000	0.0000	0.0000	0.0000	0.0000	0.0000	0.0000	0.0000	0.0000	0.0000	0.0000	0.0000	0.0000	0.0086	0.0121	0.0000	0.0219	0.0243	0.0000	0.0000	0.0000	0.0000	0.0000	0.0000	-0.0004	0.0006	1.9994	5.9946	4.0943	0.0000	0.0000	0.0000	0.0000	0.0000	0.0000	0.0000	0.0000	0.0000	0.0007	0.0007	0.0000	0.0007	0.0007	0.0000	0.0000	0.0000	0.0000	0.0000	0.0000	0.0000	0.0000	0.0000	0.0000	0.0000	0.0000	0.0000	0.0861	0.0614	0.0247	0.0337	0.0305	0.0032	0.0524	0.0309	0.0215	0.0000	0.0000	0.0000	0.0000	0.0000	0.0000	0.0000	0.0000	0.0000	0.0086	0.0121	0.0000	0.0219	0.0243	0.0000	0.0000	0.0000	0.0000						
6	76	0.1006	4	1	1	0	1	0	0	0	0	N	N	N	N	N	N	N	N	N	N	N	N	0.0000	0.0000	0.0000	0.0000	0.0000	0.0000	0.0000	0.0000	0.0000	0.0000	0.0000	0.0000	0.0000	0.0000	0.0000	0.0000	0.0000	0.0000	0.0151	0.0200	0.0029	0.0006	0.0006	0.0007	0.0253	0.0426	0.0032	0.0590	0.0000	-0.0004	0.0006	0.0011	5.9946	2.7207	0.0000	0.0000	0.0000	0.0000	0.0000	0.0000	0.0000	0.0000	0.0000	0.0008	0.0007	0.0000	0.0000	0.0000	0.0000	0.0007	0.0007	0.0000	0.0000	0.0000	0.0000	0.0000	0.0000	0.0000	0.0000	0.0000	0.0000	0.0500	0.0356	0.0144	0.0207	0.0191	0.0016	0.0293	0.0164	0.0129	0.0000	0.0000	0.0000	0.0000	0.0000	0.0000	0.0000	0.0000	0.0000	0.0151	0.0200	0.0029	0.0006	0.0006	0.0007	0.0253	0.0426	0.0032	
6	77	0.0685	3	1	1	0	1	0	0	0	0	N	N	N	N	N	N	N	N	N	N	N	N	0.0000	0.0000	0.0000	0.0000	0.0000	0.0000	0.0000	0.0000	0.0000	0.0000	0.0000	0.0000	0.0000	0.0000	0.0000	0.0000	0.0000	0.0000	0.0003	0.0002	0.0005	0.0012	0.0001	0.0088	0.0002	0.0002	0.0003	3.3023	0.0000	0.0000	0.0006	0.0001	5.9946	10.0074	0.0000	0.0000	0.0000	0.0000	0.0000	0.0000	0.0000	0.0000	0.0000	0.0000	0.0000	0.0000	0.0000	0.0000	0.0000	0.0000	0.0000	0.0000	0.0001	0.0001	0.0000	0.0001	0.0000	0.0000	0.0000	0.0000	0.0000	0.1473	0.0758	0.0715	0.0169	0.0148	0.0022	0.1304	0.0610	0.0694	0.0000	0.0000	0.0000	0.0000	0.0000	0.0000	0.0000	0.0000	0.0000	0.0003	0.0002	0.0005	0.0012	0.0001	0.0088	0.0002	0.0002	0.0003	
6	78	0.0887	4	2	1	1	1	0	0	0	0	Y	N	N	N	N	N	N	N	N	N	N	N	40.8519	167.9690	6.7319	104.7463	69.6440	177.9822	0.0008	0.0000	0.0068	0.0004	0.0000	0.0563	0.0011	0.0000	0.0053	0.0000	0.0000	0.0000	0.0001	0.0000	0.0005	0.0000	0.0000	0.0000	inf	inf	0.0000	0.0000	0.0006	1.6246	5.9946	0.0115	0.0000	0.0000	0.0000	0.0000	0.0000	0.0000	0.0000	0.0000	0.0000	0.0000	0.0000	0.0000	0.0000	0.0000	0.0000	0.0000	0.0000	0.0000	0.0001	0.0001	0.0000	0.0000	0.0000	0.0000	0.0001	0.0000	0.0000	0.0366	0.0192	0.0174	0.0030	0.0027	0.0004	0.0336	0.0166	0.0170	40.8519	0.0000	167.9690	6.7319	0.0000	104.7463	69.6440	0.0000	177.9822	0.0000	0.0000	0.0000	0.0001	0.0000	0.0005	0.0000	0.0000	0.0000			
6	79	0.0685	3	2	1	1	1	0	0	0	0	Y	N	N	N	N	N	N	N	N	N	N	N	6190.2344	11683.8397	25045.6201	22948.5314	3855.1447	422255.6719	9113.7703	inf	30445.9033	1.0511	0.0524	8.6176	0.5092	0.0915	5.1833	1.7170	0.0000	10.7939	0.0002	0.0000	0.0003	0.0000	0.0000	0.0000	0.0002	0.0000	0.0004	21.7040	72.7673	0.0004	0.0000	0.0006	8.1927	5.9946	3.9952	0.0005	0.0000	0.0004	0.0001	0.0000	0.0001	0.0003	0.0000	0.0003	0.0000	0.0000	0.0000	0.0000	0.0000	0.0000	0.0000	0.0000	0.0000	0.0004	0.0004	0.0001	0.0002	0.0002	0.0000	0.0002	0.0002	0.0000	0.1725	0.0885	0.0840	0.0193	0.0167	0.0026	0.1532	0.0718	0.0814	6190.2344	11683.8397	25045.6201	22948.5314	3855.1447	422255.6719	9113.7703	inf	30445.9033	0.0002	0.0000	0.0003	0.0000	0.0000	0.0000	0.0002	0.0000	0.0004
6	80	0.0685	3	1	2	0	2	0	0	0	0	N	Y	N	Y	N	N	N	N	N	N	N	N	0.0528	0.0675	0.0000	0.0184	0.0197	0.0000	0.0000	0.4462	0.5476	0.0000	0.7132	0.8874	0.0000	0.0000	0.0000	0.0000	8.4563	8.1155	8.8153	38.7149	45.0604	0.0000	4.8102	0.0000	9.0982	0.0000	1.0311	-0.0000	-0.0264	0.0006	0.7962	5.9946	19.0091	0.0001	0.0001	0.0000	0.0001	0.0001	0.0000	0.0000	0.0000	0.0000	1.9697	0.9698	0.9999	0.9698	0.9698	0.0000	0.9999	0.0000	0.9999	0.0001	0.0001	0.0000	0.0001	0.0001	0.0000	0.0000	0.0000	0.0000	0.2329	0.1195	0.1134	0.0250	0.0215	0.0035	0.2079	0.0980	0.1099	0.0528	0.0675	0.0000	0.0184	0.0197	0.0000	0.0000	0.0000	0.0000	8.4563	8.1155	8.8153	38.7149	45.0604	0.0000	4.8102	0.0000	9.0982		
6	81	0.0685	3	1	2	0	1	0	0	0	0	N	Y	N	N	N	N	N	N	N	N	N	N	3100.7581	67277.3587	0.0000	1015.4109	19087.2963	0.0000	0.0000	0.0000	0.4462	0.5476	0.0000	0.7132	0.8874	0.0000	0.0000	0.0000	0.0000	0.0001	0.0000	0.0003	0.0007	0.0000	0.0046	0.0001	0.0000	0.0001	0.0000	33.3500	-0.0000	0.0000	0.0006	0.7962	5.9946	25.3140	0.0001	0.0001	0.0000	0.0001	0.0001	0.0000	0.0000	0.0000	0.0000	0.0000	0.0000	0.0000	0.0000	0.0000	0.0000	0.0000	0.0000	0.0000	0.0001	0.0001	0.0000	0.0001	0.0001	0.0000	0.0000	0.0000	0.0000	0.2863	0.1474	0.1389	0.0302	0.0258	0.0044	0.2561	0.1216	0.1345	3100.7581	67277.3587	0.0000	1015.4109	19087.2963	0.0000	0.0000	0.0000	0.0000	0.0001	0.0000	0.0003	0.0007	0.0000	0.0046	0.0001	0.0000	0.0001	
6	82	0.0685	3	1	2	0	1	0	0	0	0	N	Y	N	N	N	N	N	N	N	N	N	N	2488.6060	52604.8821	0.0000	845.1769	15160.4588	0.0000	0.0000	0.0000	0.3340	0.3985	0.0000	0.5566	0.6618	0.0000	0.0000	0.0000	0.0000	0.0001	0.0000	0.0003	0.0007	0.0000	0.0042	0.0001	0.0000	0.0001	0.0000	33.3500	-0.0000	0.0000	0.0006	1.7961	5.9946	27.0091	0.0001	0.0001	0.0000	0.0001	0.0001	0.0000	0.0000	0.0000	0.0000	0.0000	0.0000	0.0000	0.0000	0.0000	0.0000	0.0000	0.0000	0.0000	0.0002	0.0001	0.0000	0.0001	0.0001	0.0000	0.0001	0.0001	0.0000	0.3070	0.1583	0.1487	0.0322	0.0275	0.0047	0.2748	0.1309	0.1439	2488.6060	52604.8821	0.0000	845.1769	15160.4588	0.0000	0.0000	0.0000	0.0000	0.0001	0.0000	0.0003	0.0007	0.0000	0.0042	0.0001	0.0000	0.0001	
6	83	0.1788	6	1	1	0	1	0	0	0	0	N	N	N	N	N	N	N	N	N	N	N	N	0.0004	0.0003	0.0181	0.0003	0.0003	4.2923	0.0002	0.0001	0.0102	0.0006	0.0007	0.0001	0.0010	0.0011	0.0001	0.0001	0.0001	0.0000	1.8458	2.7311	0.0033	3.0287	3.5808	0.0000	0.5329	1.0910	0.0044	0.0095	0.0006	-0.0000	-0.4502	0.0006	10.0679	5.9946	33.8159	0.0000	0.0000	0.0000	0.0000	0.0000	0.0000	0.0000	0.0000	0.0000	0.8650	0.8645	0.0005	0.7466	0.7466	0.0000	0.1184	0.1179	0.0005	0.0004	0.0003	0.0000	0.0002	0.0002	0.0000	0.0002	0.0001	0.0000	0.4686	0.3165	0.1521	0.2465	0.2085	0.0380	0.2221	0.1080	0.1141	0.0004	0.0003	0.0181	0.0003	0.0003	4.2923	0.0002	0.0001	0.0102	1.8458	2.7311	0.0033	3.0287	3.5808	0.0000	0.5329	1.0910	0.0044
6	84	0.1512	5	1	1	0	1	0	0	0	0	N	N	N	N	N	N	N	N	N	N	N	N	0.0204	0.0159	0.0471	0.0141	0.0135	0.0146	0.1907	0.6942	0.0958	0.0136	0.0145	0.0067	0.0169	0.0176	0.0059	0.0089	0.0092	0.0071	0.6666	0.9099	0.1417	1.1944	1.3033	0.4027	0.0465	0.0133	0.0740	0.0569	0.0722	-0.0000	-0.1084	0.0006	0.9441	5.9946	14.0836	0.0000	0.0000	0.0000	0.0000	0.0000	0.0000	0.0000	0.0000	0.0000	0.2389	0.2228	0.0161	0.2312	0.2218	0.0094	0.0077	0.0010	0.0067	0.0000	0.0000	0.0000	0.0000	0.0000	0.0000	0.0000	0.0000	0.0000	0.3584	0.2449	0.1135	0.1936	0.1702	0.0234	0.1648	0.0747	0.0901	0.0204	0.0159	0.0471	0.0141	0.0135	0.0146	0.1907	0.6942	0.0958	0.6666	0.9099	0.1417	1.1944	1.3033	0.4027	0.0465	0.0133	0.0740
6	85	0.4335	8	1	1	0	1	0	0	0	0	N	N	N	N	N	N	N	N	N	N	N	N	0.3421	0.3232	0.0021	0.2641	0.2590	0.0021	0.4322	inf	0.0018	0.1157	0.1275	0.0004	0.1567	0.1667	0.0005	0.0391	0.0462	0.0004	0.3382	0.3945	0.2076	0.5934	0.6435	0.2587	0.0905	0.0000	0.1938	0.0003	0.2268	-0.0000	-0.0427	0.0006	15.0008	5.9946	28.2980	0.0001	0.0001	0.0000	0.0001	0.0001	0.0000	0.0000	0.0000	0.0000	0.1268	0.1034	0.0234	0.1096	0.1034	0.0062	0.0172	0.0000	0.0172	0.0007	0.0006	0.0001	0.0004	0.0004	0.0000	0.0002	0.0002	0.0000	0.3751	0.2621	0.1129	0.1847	0.1607	0.0240	0.1904	0.1014	0.0889	0.3421	0.3232	0.0021	0.2641	0.2590	0.0021	0.4322	inf	0.0018	0.3382	0.3945	0.2076	0.5934	0.6435	0.2587	0.0905	0.0000	0.1938
6	86	0.4335	8	1	1	0	1	0	0	0	0	N	N	N	N	N	N	N	N	N	N	N	N	0.0218	25.1182	0.0000	0.8334	20.5146	0.0003	0.0036	inf	0.0000	0.1198	0.1327	0.0006	0.1562	0.1670	0.0007	0.0405	0.0486	0.0005	5.5073	0.0053	18.7780	0.1874	0.0081	2.3782	11.3700	0.0000	23.7525	0.0005	1473.6354	-0.0000	0.9311	0.0006	10.8154	5.9946	27.4443	0.0001	0.0001	0.0000	0.0000	0.0000	0.0000	0.0000	0.0000	0.0000	1.9469	0.0013	1.9456	0.0347	0.0013	0.0334	1.9122	0.0000	1.9122	0.0005	0.0004	0.0000	0.0003	0.0003	0.0000	0.0001	0.0001	0.0000	0.3535	0.2499	0.1036	0.1853	0.1622	0.0231	0.1682	0.0877	0.0805	0.0218	25.1182	0.0000	0.8334	20.5146	0.0005	0.0036	inf	0.0000	5.5073	0.0053	18.7780	0.1874	0.0081	1.4460	11.3700	0.0000	23.7525
6	87	0.3857	7	1	1	0	1	0	0	0	0	N	N	N	N	N	N	N	N	N	N	N	N	0.3338	0.6388	0.0343	0.5974	0.6858	0.0730	0.1342	0.4445	0.0616	0.1462	0.1661	0.0308	0.1654	0.1920	0.0188	0.0909	0.0937	0.0722	0.4381	0.2600	0.8998	0.2769	0.2799	0.2581	0.6772	0.2107	1.1719	0.0319	1.3348	-0.0000	0.0136	0.0006	2.7608	5.9946	22.4044	0.0000	0.0000	0.0000	0.0000	0.0000	0.0000	0.0000	0.0000	0.0000	0.2695	0.1154	0.1540	0.1017	0.0885	0.0132	0.1678	0.0269	0.1409	0.0003	0.0003	0.0000	0.0002	0.0002	0.0000	0.0001	0.0001	0.0000	0.6150	0.4438	0.1712	0.3673	0.3163	0.0510	0.2477	0.1275	0.1202	0.3338	0.6388	0.0343	0.5974	0.6858	0.0730	0.1342	0.4445	0.0616	0.4381	0.2600	0.8998	0.2769	0.2799	0.2581	0.6772	0.2107	1.1719
6	88	0.2559	6	1	1	0	1	0	0	0	0	N	N	N	N	N	N	N	N	N	N	N	N	0.1148	1.7867	0.0178	4.5342	5.9673	1.2282	0.0117	0.1785	0.0052	0.2020	0.2143	0.1007	0.3055	0.3147	0.1893	0.0455	0.0466	0.0398	1.7593	0.1200	5.6551	0.0674	0.0527	0.1542	3.8887	0.2612	7.7049	0.0574	19.8364	-0.0000	0.4379	0.0006	8.8820	5.9946	49.9570	0.0001	0.0001	0.0000	0.0001	0.0001	0.0000	0.0000	0.0000	0.0000	1.0163	0.0488	0.9675	0.0217	0.0145	0.0072	0.9946	0.0342	0.9604	0.0004	0.0003	0.0000	0.0002	0.0002	0.0000	0.0001	0.0001	0.0000	0.5777	0.4066	0.1711	0.3219	0.2755	0.0464	0.2558	0.1311	0.1246	0.1148	1.7867	0.0178	4.5342	5.9673	1.2282	0.0117	0.1785	0.0052	1.7593	0.1200	5.6551	0.0674	0.0527	0.1542	3.8887	0.2612	7.7049
6	89	0.0685	3	2	2	0	2	0	0	0	0	Y	Y	N	Y	N	N	N	N	N	N	N	N	0.0190	inf	0.0000	413.8068	inf	0.0000	0.0000	0.0000	0.4462	0.5476	0.0000	0.7132	0.8874	0.0000	0.0000	0.0000	0.0000	23.4960	0.0000	48.2226	0.0017	0.0000	0.0124	26.3590	0.0000	49.7611	0.0000	inf	-0.0000	2.4043	0.0006	0.7962	5.9946	16.9291	0.0001	0.0001	0.0000	0.0001	0.0001	0.0000	0.0000	0.0000	0.0000	5.0203	0.0000	5.0203	0.0000	0.0000	0.0000	5.0203	0.0000	5.0203	0.0001	0.0001	0.0000	0.0001	0.0001	0.0000	0.0000	0.0000	0.0000	0.2137	0.1096	0.1041	0.0232	0.0200	0.0032	0.1905	0.0896	0.1009	0.0190	inf	0.0000	413.8068	inf	0.0000	0.0000	0.0000	0.0000	23.4960	0.0000	48.2226	0.0017	0.0000	0.0124	26.3590	0.0000	49.7611	
6	90	0.0344	4	1	2	0	2	0	0	0	0	N	Y	N	Y	N	N	N	N	N	N	N	N	0.0000	0.0000	0.0000	0.0000	0.0000	0.0000	0.0000	0.0000	0.0000	0.0000	0.0000	0.0000	0.0000	0.0000	0.0000	0.0000	0.0000	0.0000	0.0000	0.0000	0.0006	0.0000	5.9946	0.0000	0.0000	0.0000	0.0000	0.0000	0.0000	0.0000	0.0000	0.0000	0.0000	0.0000	0.0000	0.0000	0.0000	0.0000	0.0000	0.0000	0.0000	0.0000	0.0000	0.0000	0.0000	0.0000	0.0000	0.0000	0.0000	0.0000	0.0000	0.0000	0.0000	0.0000	0.0000	0.0000	0.0000	0.0000	0.0000	0.0000	0.0000	0.0000	0.0000	0.0000	0.0000	0.0000	0.0000	0.0000	0.0000	0.0000	0.0000	0.0000	0.0000	0.0000	0.0000	0.0000	0.0000	0.0000											
6	91	0.0236	3	1	2	0	2	0	0	0	0	N	Y	N	Y	N	N	N	N	N	N	N	N	0.0000	0.0000	0.0000	0.0000	0.0000	0.0000	0.0000	0.0000	0.0000	0.0000	0.0000	0.0000	0.0000	0.0000	0.0000	0.0000	0.0000	0.0000	0.0000	0.0000	0.0006	1.0000	5.9946	3.0000	0.0000	0.0000	0.0000	0.0000	0.0000	0.0000	0.0000	0.0000	0.0000	0.0000	0.0000	0.0000	0.0000	0.0000	0.0000	0.0000	0.0000	0.0000	0.0000	0.0000	0.0000	0.0000	0.0000	0.0000	0.0000	0.0000	0.0000	0.0837	0.0398	0.0439	0.0006	0.0006	0.0000	0.0832	0.0393	0.0439	0.0000	0.0000	0.0000	0.0000	0.0000	0.0000	0.0000	0.0000	0.0000	0.0000	0.0000	0.0000	0.0000	0.0000	0.0000	0.0000	0.0000	0.0000											
6	92	0.0213	3	1	2	0	1	0	0	0	0	N	Y	N	N	N	N	N	N	N	N	N	N	0.0000	0.0000	0.0000	0.0000	0.0000	0.0000	0.0000	0.0000	0.0000	0.0000	0.0000	0.0000	0.0000	0.0000	0.0000	0.0000	0.0000	0.0000	0.0000	0.0000	0.0006	0.0000	5.9946	0.0000	0.0000	0.0000	0.0000	0.0000	0.0000	0.0000	0.0000	0.0000	0.0000	0.0000	0.0000	0.0000	0.0000	0.0000	0.0000	0.0000	0.0000	0.0000	0.0000	0.0000	0.0000	0.0000	0.0000	0.0000	0.0000	0.0000	0.0000	0.0000	0.0000	0.0000	0.0000	0.0000	0.0000	0.0000	0.0000	0.0000	0.0000	0.0000	0.0000	0.0000	0.0000	0.0000	0.0000	0.0000	0.0000	0.0000	0.0000	0.0000	0.0000	0.0000	0.0000	0.0000	0.0000	0.0000											
6	93	0.0236	3	1	1	1	2	0	0	0	0	N	N	N	Y	N	N	N	N	N	N	N	N	0.0000	0.0000	0.0000	0.0000	0.0000	0.0000	0.0000	0.0000	0.0000	0.0000	0.0000	0.0000	0.0000	0.0000	0.0000	0.0000	0.0000	0.0000	0.0000	0.0000	0.0006	0.0000	5.9946	0.0000	0.0000	0.0000	0.0000	0.0000	0.0000	0.0000	0.0000	0.0000	0.0000	0.0000	0.0000	0.0000	0.0000	0.0000	0.0000	0.0000	0.0000	0.0000	0.0000	0.0000	0.0000	0.0000	0.0000	0.0000	0.0000	0.0000	0.0000	0.0000	0.0000	0.0000	0.0000	0.0000	0.0000	0.0000	0.0000	0.0000	0.0000	0.0000	0.0000	0.0000	0.0000	0.0000	0.0000	0.0000	0.0000	0.0000	0.0000	0.0000	0.0000	0.0000	0.0000	0.0000	0.0000	0.0000											
6	94	0.0210	2	1	1	0	2	0	0	0	0	N	N	N	Y	N	N	N	N	N	N	N	N	0.0000	0.0000	0.0000	0.0000	0.0000	0.0000	0.0000	0.0000	0.0000	0.0000	0.0000	0.0000	0.0000	0.0009	0.0000	0.0016	0.0000	0.0000	0.0000	0.0009	0.0000	0.0016	inf	0.0000	0.0000	0.0006	1.0000	5.9946	0.0097	0.0000	0.0000	0.0000	0.0000	0.0000	0.0000	0.0000	0.0000	0.0000	0.0000	0.0000	0.0000	0.0000	0.0000	0.0000	0.0000	0.0000	0.0000	0.0000	0.0000	0.0000	0.0000	0.0000	0.0000	0.0000	0.0000	0.0000	0.0224	0.0106	0.0118	0.0003	0.0003	0.0000	0.0221	0.0103	0.0118	0.0000	0.0000	0.0000	0.0000	0.0000	0.0000	0.0000	0.0000	0.0000	0.0009	0.0000	0.0016	0.0000	0.0000	0.0000	0.0009	0.0000	0.0016						
6	95	0.0210	2	1	1	1	2	0	0	0	0	N	N	N	Y	N	N	N	N	N	N	N	N	0.0000	0.0000	0.0000	0.0000	0.0000	0.0000	0.0000	0.0000	0.0000	0.0000	0.0000	0.0000	0.0000	0.0000	0.0000	0.0000	0.0096	0.0198	0.0003	1.1462	1.1529	0.0000	0.0002	0.0000	0.0003	0.0174	0.0000	-0.0005	0.0006	2.0000	5.9946	3.0050	0.0000	0.0000	0.0000	0.0000	0.0000	0.0000	0.0000	0.0000	0.0000	0.0010	0.0010	0.0000	0.0010	0.0010	0.0000	0.0000	0.0000	0.0000	0.0000	0.0000	0.0000	0.0000	0.0000	0.0000	0.0000	0.0000	0.0000	0.1035	0.0493	0.0542	0.0009	0.0008	0.0000	0.1027	0.0485	0.0542	0.0000	0.0000	0.0000	0.0000	0.0000	0.0000	0.0000	0.0000	0.0000	0.0096	0.0198	0.0003	1.1462	1.1529	0.0000	0.0002	0.0000	0.0003			
6	96	0.0210	2	1	1	1	2	0	0	0	0	N	N	N	Y	N	N	N	N	N	N	N	N	0.0000	0.0000	0.0000	0.0000	0.0000	0.0000	0.0000	0.0000	0.0000	0.0000	0.0000	0.0000	0.0000	0.0234	0.0489	0.0000	2.9209	2.9387	0.0000	0.0000	0.0000	0.0000	0.0000	0.0000	-0.0017	0.0006	0.0000	5.9946	6.9903	0.0000	0.0000	0.0000	0.0000	0.0000	0.0000	0.0000	0.0000	0.0000	0.0033	0.0033	0.0000	0.0033	0.0033	0.0000	0.0000	0.0000	0.0000	0.0000	0.0000	0.0000	0.0000	0.0000	0.0000	0.0000	0.0000	0.0000	0.1404	0.0670	0.0734	0.0011	0.0011	0.0000	0.1393	0.0659	0.0734	0.0000	0.0000	0.0000	0.0000	0.0000	0.0000	0.0000	0.0000	0.0000	0.0234	0.0489	0.0000	2.9209	2.9387	0.0000	0.0000	0.0000	0.0000						
6	99	0.0685	3	2	2	0	1	0	0	0	0	Y	Y	N	N	N	N	N	N	N	N	N	N	0.3431	0.1939	895.9679	0.0178	0.0145	163.5717	10461.3019	inf	308.6657	1.9060	2.0991	0.7269	0.8831	0.8300	1.2614	3.3005	3.9161	0.1833	5.5558	10.8267	0.0008	49.7411	57.3853	0.0077	0.0003	0.0000	0.0006	0.0567	0.0001	-0.0000	-0.5053	0.0006	3.2042	5.9946	9.0918	0.0005	0.0004	0.0000	0.0001	0.0001	0.0000	0.0003	0.0003	0.0000	0.9699	0.9698	0.0001	0.9698	0.9698	0.0000	0.0000	0.0000	0.0000	0.0002	0.0002	0.0000	0.0001	0.0001	0.0000	0.0001	0.0001	0.0000	0.1746	0.0896	0.0850	0.0195	0.0169	0.0026	0.1551	0.0727	0.0824	0.3431	0.1939	895.9679	0.0178	0.0145	163.5717	10461.3019	inf	308.6657	5.5558	10.8267	0.0008	49.7411	57.3853	0.0077	0.0003	0.0000	0.0006
6	100	0.0685	3	1	2	0	1	0	0	0	0	N	Y	N	N	N	N	N	N	N	N	N	N	991.8988	inf	0.0000	622.4754	inf	0.0000	0.0000	0.0000	0.4462	0.5476	0.0000	0.7132	0.8874	0.0000	0.0000	0.0000	0.0000	0.0004	0.0000	0.0009	0.0011	0.0000	0.0089	0.0004	0.0000	0.0007	0.0000	inf	-0.0000	0.0000	0.0006	0.7962	5.9946	10.9291	0.0001	0.0001	0.0000	0.0001	0.0001	0.0000	0.0000	0.0000	0.0000	0.0001	0.0000	0.0001	0.0000	0.0000	0.0000	0.0000	0.0000	0.0000	0.0001	0.0001	0.0000	0.0001	0.0001	0.0000	0.0000	0.0000	0.0000	0.1529	0.0786	0.0743	0.0175	0.0152	0.0023	0.1355	0.0634	0.0721	991.8988	inf	0.0000	622.4754	inf	0.0000	0.0000	0.0000	0.0000	0.0004	0.0000	0.0009	0.0011	0.0000	0.0089	0.0004	0.0000	0.0007	
6	101	0.0244	4	2	2	0	1	0	0	0	0	Y	Y	N	N	N	N	N	N	N	N	N	N	0.0000	0.0000	0.0000	0.0000	0.0000	0.0000	0.0000	0.0000	0.0000	0.0000	0.0000	0.0000	0.0000	0.0000	0.0000	0.0000	0.0000	0.0000	0.0000	0.0000	0.0006	0.0000	5.9946	3.0000	0.0000	0.0000	0.0000	0.0000	0.0000	0.0000	0.0000	0.0000	0.0000	0.0000	0.0000	0.0000	0.0000	0.0000	0.0000	0.0000	0.0000	0.0000	0.0000	0.0000	0.0000	0.0000	0.0000	0.0000	0.0000	0.0000	0.0000	0.0698	0.0340	0.0358	0.0008	0.0007	0.0001	0.0691	0.0333	0.0357	0.0000	0.0000	0.0000	0.0000	0.0000	0.0000	0.0000	0.0000	0.0000	0.0000	0.0000	0.0000	0.0000	0.0000	0.0000	0.0000	0.0000	0.0000											
6	102	0.0213	3	2	2	0	1	0	0	0	0	Y	Y	N	N	N	N	N	N	N	N	N	N	0.0000	0.0000	0.0000	0.0000	0.0000	0.0000	0.0000	0.0000	0.0000	0.0000	0.0000	0.0000	0.0000	0.0000	0.0000	0.0000	0.0000	0.0000	0.0000	0.0000	0.0006	0.0000	5.9946	1.0000	0.0000	0.0000	0.0000	0.0000	0.0000	0.0000	0.0000	0.0000	0.0000	0.0000	0.0000	0.0000	0.0000	0.0000	0.0000	0.0000	0.0000	0.0000	0.0000	0.0000	0.0000	0.0000	0.0000	0.0000	0.0000	0.0000	0.0000	0.0244	0.0119	0.0125	0.0003	0.0002	0.0000	0.0241	0.0116	0.0125	0.0000	0.0000	0.0000	0.0000	0.0000	0.0000	0.0000	0.0000	0.0000	0.0000	0.0000	0.0000	0.0000	0.0000	0.0000	0.0000	0.0000	0.0000											
6	103	0.0175	2	1	2	0	1	0	0	0	0	N	Y	N	N	N	N	N	N	N	N	N	N	0.2557	0.0000	1004.0137	0.0158	0.0000	21.6562	1267.6571	909.7510	0.2308	0.0000	0.5734	0.1221	0.0000	1.0005	0.3711	0.0000	0.4855	0.9028	1.7524	0.0006	7.7359	7.7622	0.0462	0.0003	0.0000	0.0005	inf	0.0003	0.0000	-0.0155	0.0006	0.0006	5.9946	1.0534	0.0000	0.0000	0.0000	0.0000	0.0000	0.0000	0.0000	0.0000	0.0000	0.0297	0.0297	0.0000	0.0297	0.0297	0.0000	0.0000	0.0000	0.0000	0.0000	0.0000	0.0000	0.0000	0.0000	0.0000	0.0000	0.0000	0.0000	0.0329	0.0170	0.0160	0.0038	0.0038	0.0000	0.0291	0.0131	0.0159	0.2557	0.0000	1004.0137	0.0158	0.0000	21.6562	1267.6571	0.0000	909.7510	0.9028	1.7524	0.0006	7.7359	7.7622	0.0462	0.0003	0.0000	0.0005	
6	109	0.3382	7	1	1	0	1	0	0	0	0	N	N	N	N	N	N	N	N	N	N	N	N	0.1912	0.1547	0.0192	0.2055	0.1863	4739.2609	0.0441	0.1071	0.0100	0.3889	0.4369	0.0002	0.6507	0.7029	0.0003	0.0005	0.0006	0.0002	2.0340	2.8234	0.0121	3.1659	3.7721	0.0000	0.0124	0.0057	0.0191	0.0001	0.0017	-0.0000	-0.4936	0.0006	7.7801	5.9946	32.2209	0.0001	0.0001	0.0000	0.0001	0.0001	0.0000	0.0000	0.0000	0.0000	0.9502	0.9487	0.0016	0.9482	0.9482	0.0000	0.0021	0.0005	0.0016	0.0003	0.0003	0.0000	0.0002	0.0002	0.0000	0.0001	0.0001	0.0000	0.4672	0.3360	0.1312	0.2995	0.2514	0.0481	0.1677	0.0846	0.0831	0.1912	0.1547	0.0192	0.2055	0.1863	4739.2609	0.0441	0.1071	0.0100	2.0340	2.8234	0.0121	3.1659	3.7721	0.0000	0.0124	0.0057	0.0191
7	9	0.1156	6	1	0	2	0	0	0	0	0	N	N	Y	N	N	N	N	N	N	N	N	N	0.0000	0.0000	0.0000	0.0000	0.0000	0.0000	0.0000	0.0000	0.0000	0.0000	0.0000	0.0000	0.0000	0.0000	0.0000	0.0000	0.0000	0.0070	0.0070	0.0071	0.0104	0.0119	0.0000	0.0043	0.0000	0.0085	0.5032	0.0000	-0.0000	0.0052	0.0000	6.0470	0.9989	0.0000	0.0000	0.0000	0.0000	0.0000	0.0000	0.0000	0.0000	0.0000	0.0001	0.0001	0.0000	0.0001	0.0001	0.0000	0.0000	0.0000	0.0000	0.0000	0.0000	0.0000	0.0000	0.0000	0.0000	0.0000	0.0000	0.0000	0.0127	0.0085	0.0042	0.0057	0.0050	0.0007	0.0070	0.0035	0.0035	0.0000	0.0000	0.0000	0.0000	0.0000	0.0000	0.0000	0.0000	0.0000	0.0070	0.0070	0.0071	0.0104	0.0119	0.0000	0.0043	0.0000	0.0085		
7	10	0.0977	4	1	0	2	0	0	0	0	0	N	N	Y	N	N	N	N	N	N	N	N	N	0.0000	0.0000	0.0000	0.0000	0.0000	0.0000	0.0000	0.0000	0.0000	0.0000	0.0000	0.0000	0.0000	0.0000	0.0000	0.0000	0.0000	0.0000	0.0086	0.0098	0.0058	0.0035	0.0039	0.0016	0.0129	0.0174	0.0071	0.2573	0.0000	-0.0003	0.0052	0.0010	6.0470	6.5746	0.0000	0.0000	0.0000	0.0000	0.0000	0.0000	0.0000	0.0000	0.0000	0.0008	0.0007	0.0002	0.0002	0.0001	0.0000	0.0007	0.0005	0.0002	0.0000	0.0000	0.0000	0.0000	0.0000	0.0000	0.0000	0.0000	0.0000	0.0982	0.0685	0.0297	0.0455	0.0387	0.0068	0.0527	0.0298	0.0229	0.0000	0.0000	0.0000	0.0000	0.0000	0.0000	0.0000	0.0000	0.0000	0.0086	0.0098	0.0058	0.0035	0.0039	0.0016	0.0129	0.0174	0.0071	
7	11	0.0594	2	2	1	1	0	0	0	0	0	Y	N	N	N	N	N	N	N	N	N	N	N	2.5422	55.1129	0.0000	5.2138	12.3371	0.0000	0.0000	0.0000	0.2528	0.3320	0.0000	0.4630	0.5226	0.0000	0.0000	0.0000	0.0000	0.0994	0.0060	0.1956	0.0888	0.0424	0.5782	0.1003	0.0000	0.1902	0.0000	31.5343	-0.0000	0.0078	0.0052	0.7962	6.0470	11.9291	0.0002	0.0002	0.0000	0.0002	0.0002	0.0000	0.0000	0.0000	0.0000	0.0175	0.0005	0.0169	0.0012	0.0005	0.0007	0.0162	0.0000	0.0162	0.0008	0.0006	0.0002	0.0004	0.0004	0.0000	0.0004	0.0002	0.0001	0.1758	0.0892	0.0866	0.0139	0.0127	0.0012	0.1619	0.0765	0.0854	2.5422	55.1129	0.0000	5.2138	12.3371	0.0000	0.0000	0.0000	0.0000	0.0994	0.0060	0.1956	0.0888	0.0424	0.5782	0.1003	0.0000	0.1902	
7	12	0.0802	4	1	1	1	0	0	0	0	0	N	N	N	N	N	N	N	N	N	N	N	N	0.0000	0.0000	0.0000	0.0000	0.0000	0.0000	0.0000	0.0000	0.0000	0.0000	0.0000	0.0000	0.0000	0.0000	0.0000	0.0000	0.0000	0.0000	0.0225	0.0335	0.0006	0.0852	0.0866	0.0004	0.0003	0.0000	0.0006	0.0092	0.0000	-0.0005	0.0052	0.0000	6.0470	1.2577	0.0000	0.0000	0.0000	0.0000	0.0000	0.0000	0.0000	0.0000	0.0000	0.0010	0.0010	0.0000	0.0010	0.0010	0.0000	0.0000	0.0000	0.0000	0.0000	0.0000	0.0000	0.0000	0.0000	0.0000	0.0000	0.0000	0.0000	0.0464	0.0309	0.0155	0.0122	0.0120	0.0002	0.0342	0.0190	0.0153	0.0000	0.0000	0.0000	0.0000	0.0000	0.0000	0.0000	0.0000	0.0000	0.0225	0.0335	0.0006	0.0852	0.0866	0.0004	0.0003	0.0000	0.0006	
7	13	0.1180	5	1	0	1	1	0	0	0	0	N	N	N	N	N	N	N	N	N	N	N	N	0.0000	0.0000	0.0000	0.0000	0.0000	0.0000	0.0000	0.0000	0.0000	0.0000	0.0000	0.0000	0.0000	0.0003	0.0000	0.0006	0.0000	0.0000	0.0000	0.0003	0.0000	0.0006	inf	0.0000	0.0000	0.0052	0.0000	6.0470	1.9950	0.0000	0.0000	0.0000	0.0000	0.0000	0.0000	0.0000	0.0000	0.0000	0.0000	0.0000	0.0000	0.0000	0.0000	0.0000	0.0000	0.0000	0.0000	0.0000	0.0000	0.0000	0.0000	0.0000	0.0000	0.0000	0.0000	0.0000	0.0336	0.0166	0.0170	0.0039	0.0034	0.0006	0.0297	0.0133	0.0164	0.0000	0.0000	0.0000	0.0000	0.0000	0.0000	0.0000	0.0000	0.0000	0.0003	0.0000	0.0006	0.0000	0.0000	0.0000	0.0003	0.0000	0.0006						
7	14	0.4843	9	1	1	1	1	0	0	0	0	N	N	N	N	N	N	N	N	N	N	N	N	0.1202	0.0982	0.0000	0.1516	0.1335	0.0000	0.2630	0.3005	0.0000	0.0002	0.0002	0.0000	0.0003	0.0004	0.0000	0.0000	0.0000	0.0000	0.0015	0.0021	0.0000	0.0022	0.0026	0.0000	0.0000	0.0000	0.0000	0.0000	0.0069	-0.0000	-0.0002	0.0052	3.8100	6.0470	14.0319	0.0000	0.0000	0.0000	0.0000	0.0000	0.0000	0.0000	0.0000	0.0000	0.0003	0.0003	0.0000	0.0003	0.0003	0.0000	0.0000	0.0000	0.0000	0.0010	0.0009	0.0001	0.0005	0.0005	0.0000	0.0005	0.0004	0.0001	0.2221	0.1602	0.0619	0.1465	0.1238	0.0227	0.0756	0.0364	0.0392	0.1202	0.0982	0.0000	0.1516	0.1335	0.0000	0.2630	0.3005	0.0000	0.0015	0.0021	0.0000	0.0022	0.0026	0.0000	0.0000	0.0000	0.0000
7	15	0.0943	3	1	1	1	0	0	0	0	0	N	N	N	N	N	N	N	N	N	N	N	N	0.0623	0.0000	0.1307	6.9075	0.0000	5128.2266	0.0143	0.0000	0.0382	0.4561	0.0000	2.0885	0.6612	0.0000	2.8159	0.1219	0.0000	0.6361	7.3272	0.0266	15.9780	0.0957	0.1103	0.0005	8.5253	0.0019	16.6658	inf	507.6223	0.0009	0.4511	0.0052	2.5826	6.0470	3.6028	0.0010	0.0000	0.0010	0.0009	0.0000	0.0009	0.0001	0.0000	0.0001	0.9458	0.0019	0.9439	0.0018	0.0018	0.0000	0.9440	0.0001	0.9439	0.0022	0.0017	0.0005	0.0014	0.0011	0.0003	0.0008	0.0007	0.0002	0.1291	0.0700	0.0591	0.0183	0.0159	0.0024	0.1107	0.0541	0.0566	0.0623	0.0000	0.1307	6.9075	0.0000	5128.2266	0.0143	0.0000	0.0382	7.3272	0.0266	15.9780	0.0957	0.1103	0.0005	8.5253	0.0019	16.6658
7	16	0.1314	7	1	1	1	1	0	0	0	0	N	N	N	N	N	N	N	N	N	N	N	N	0.0000	0.0000	0.0000	0.0000	0.0000	0.0000	0.0000	0.0000	0.0000	0.0000	0.0000	0.0000	0.0000	0.0000	0.0000	0.0000	0.0000	0.0000	0.0000	0.0000	0.0052	0.0000	6.0470	0.0000	0.0000	0.0000	0.0000	0.0000	0.0000	0.0000	0.0000	0.0000	0.0000	0.0000	0.0000	0.0000	0.0000	0.0000	0.0000	0.0000	0.0000	0.0000	0.0000	0.0000	0.0000	0.0000	0.0000	0.0000	0.0000	0.0000	0.0000	0.0000	0.0000	0.0000	0.0000	0.0000	0.0000	0.0000	0.0000	0.0000	0.0000	0.0000	0.0000	0.0000	0.0000	0.0000	0.0000	0.0000	0.0000	0.0000	0.0000	0.0000	0.0000	0.0000	0.0000	0.0000	0.0000	0.0000											
7	17	0.0594	2	1	1	1	0	0	0	0	0	N	N	N	N	N	N	N	N	N	N	N	N	0.3295	0.0000	0.8353	21.9903	0.0000	39.0319	0.4986	0.0000	0.8625	1.9059	0.0000	9.8001	0.7389	0.0000	8.3004	3.1309	0.0000	10.2594	5.7844	0.0096	11.7322	0.0336	0.0167	0.2127	6.2793	0.0085	11.8943	inf	1181.1962	0.0020	0.4804	0.0052	2.2039	6.0470	8.9910	0.0022	0.0000	0.0022	0.0004	0.0000	0.0004	0.0018	0.0000	0.0018	1.0049	0.0009	1.0040	0.0005	0.0002	0.0003	1.0044	0.0006	1.0038	0.0012	0.0010	0.0002	0.0006	0.0006	0.0001	0.0006	0.0004	0.0002	0.1737	0.0881	0.0856	0.0138	0.0126	0.0012	0.1600	0.0756	0.0844	0.3295	0.0000	0.8353	21.9903	0.0000	39.0319	0.4986	0.0000	0.8625	5.7844	0.0096	11.7322	0.0336	0.0167	0.2127	6.2793	0.0085	11.8943
7	18	0.1379	3	1	0	1	1	0	0	0	0	N	N	N	N	N	N	N	N	N	N	N	N	0.0491	0.0406	0.0656	0.0569	0.5719	0.3483	0.0001	0.0001	0.0000	0.0002	0.0002	0.0000	0.0000	0.0000	0.0000	0.0026	0.0035	0.0000	0.0036	0.0044	0.0000	0.0000	0.0000	0.0000	0.0000	0.0000	-0.0000	-0.0000	0.0052	0.9969	6.0470	1.0186	0.0000	0.0000	0.0000	0.0000	0.0000	0.0000	0.0000	0.0000	0.0000	0.0001	0.0001	0.0000	0.0001	0.0001	0.0000	0.0000	0.0000	0.0000	0.0003	0.0002	0.0000	0.0001	0.0001	0.0000	0.0001	0.0001	0.0000	0.0284	0.0208	0.0076	0.0200	0.0166	0.0033	0.0084	0.0041	0.0043	0.0491	0.0406	0.0000	0.0656	0.0569	0.0000	0.5719	0.3483	0.0000	0.0026	0.0035	0.0000	0.0036	0.0044	0.0000	0.0000	0.0000	0.0000			
7	19	0.0796	3	2	0	2	0	0	0	0	0	Y	N	Y	N	N	N	N	N	N	N	N	N	4.1462	inf	24.8850	1.6127	9.5968	9.3736	inf	22.8253	0.0022	0.0001	0.0265	0.0007	0.0000	0.0487	0.0050	0.0003	0.0237	0.0005	0.0000	0.0011	0.0004	0.0000	0.0051	0.0005	0.0000	0.0010	24.8978	inf	0.0000	0.0000	0.0052	0.3962	6.0470	2.0067	0.0000	0.0000	0.0000	0.0000	0.0000	0.0000	0.0000	0.0000	0.0000	0.0000	0.0000	0.0000	0.0000	0.0000	0.0000	0.0000	0.0000	0.0000	0.0002	0.0002	0.0000	0.0001	0.0001	0.0000	0.0001	0.0001	0.0000	0.0472	0.0237	0.0235	0.0019	0.0017	0.0002	0.0454	0.0220	0.0234	4.1462	inf	24.8850	1.6127	0.0000	9.5968	9.3736	inf	22.8253	0.0005	0.0000	0.0011	0.0004	0.0000	0.0051	0.0005	0.0000	0.0010	
7	20	0.1090	5	1	1	1	0	0	0	0	0	N	N	N	N	N	N	N	N	N	N	N	N	0.0000	0.0000	0.0000	0.0000	0.0000	0.0000	0.0000	0.0000	0.0000	0.0000	0.0000	0.0000	0.0000	0.0000	0.0000	0.0000	0.0000	38.9343	0.0000	154.2600	0.0054	0.0000	0.0474	70.8016	0.0000	199.7279	4776134.5552	0.0000	0.4717	0.0052	0.0000	6.0470	3.0021	0.0000	0.0000	0.0000	0.0000	0.0000	0.0000	0.0000	0.0000	0.0000	0.9848	0.0000	0.9848	0.0001	0.0000	0.0001	0.9848	0.0000	0.9848	0.0000	0.0000	0.0000	0.0000	0.0000	0.0000	0.0000	0.0000	0.0000	0.0253	0.0169	0.0084	0.0114	0.0101	0.0013	0.0139	0.0068	0.0071	0.0000	0.0000	0.0000	0.0000	0.0000	0.0000	0.0000	0.0000	0.0000	38.9343	0.0000	117.1788	0.0054	0.0000	0.0474	70.8016	0.0000	138.3697		
7	21	0.0594	2	1	1	1	0	0	0	0	0	N	N	N	N	N	N	N	N	N	N	N	N	0.2345	0.0000	0.8511	0.3195	0.0000	91.4840	0.3344	0.8139	0.8326	0.0000	5.9956	0.3634	0.0000	6.7859	1.2505	0.0000	5.8202	3.5505	0.1617	7.0450	1.1371	1.2569	0.0742	3.7397	0.0000	7.1508	inf	42.2416	0.0021	0.4637	0.0052	9.2038	6.0470	12.0710	0.0023	0.0000	0.0023	0.0005	0.0000	0.0005	0.0018	0.0000	0.0018	1.0173	0.0235	0.9938	0.0237	0.0235	0.0002	0.9936	0.0000	0.9936	0.0027	0.0023	0.0004	0.0013	0.0012	0.0001	0.0014	0.0011	0.0003	0.2865	0.1455	0.1411	0.0208	0.0187	0.0021	0.2657	0.1267	0.1390	0.2345	0.0000	0.8511	0.3195	0.0000	91.4840	0.3344	0.0000	0.8139	3.5505	0.1617	7.0450	1.1371	1.2569	0.0742	3.7397	0.0000	7.1508	
7	22	0.0594	2	2	1	1	0	0	0	0	0	Y	N	N	N	N	N	N	N	N	N	N	N	13.8060	8.7514	52.1299	12.8655	2.2341	39.6327	21.6346	56.0716	0.7957	0.0072	6.0512	0.1938	0.0140	3.7535	1.3196	0.0000	6.5267	0.0576	0.0008	0.1161	0.0151	0.0063	0.0947	0.0610	0.0000	0.1164	126.8519	137.9709	0.0023	0.0072	0.0052	12.2045	6.0470	6.9907	0.0026	0.0000	0.0026	0.0003	0.0000	0.0003	0.0023	0.0000	0.0023	0.0153	0.0001	0.0152	0.0003	0.0001	0.0002	0.0150	0.0000	0.0150	0.0033	0.0029	0.0004	0.0015	0.0015	0.0001	0.0018	0.0014	0.0004	0.2653	0.1345	0.1307	0.0194	0.0175	0.0019	0.2458	0.1170	0.1288	13.8060	8.7514	52.1299	12.8655	2.2341	39.6327	21.6346	0.0000	56.0716	0.0576	0.0008	0.1161	0.0151	0.0063	0.0947	0.0610	0.0000	0.1164	
7	23	0.1036	4	1	1	1	0	0	0	0	0	N	N	N	N	N	N	N	N	N	N	N	N	0.0000	0.0000	0.0000	0.0000	0.0000	0.0000	0.0000	0.0000	0.0000	0.0000	0.0000	0.0000	0.0000	0.0000	0.0000	0.0000	0.0000	0.0000	0.4282	0.6372	0.0491	0.7968	0.8936	0.0000	0.0361	0.0000	0.0583	0.0425	0.0000	-0.0287	0.0052	0.0000	6.0470	4.0676	0.0000	0.0000	0.0000	0.0000	0.0000	0.0000	0.0000	0.0000	0.0000	0.0598	0.0574	0.0024	0.0574	0.0574	0.0000	0.0024	0.0000	0.0024	0.0001	0.0000	0.0000	0.0000	0.0000	0.0000	0.0000	0.0000	0.0000	0.1397	0.0901	0.0497	0.0720	0.0642	0.0078	0.0677	0.0258	0.0419	0.0000	0.0000	0.0000	0.0000	0.0000	0.0000	0.0000	0.0000	0.0000	0.4282	0.6372	0.0491	0.7968	0.8936	0.0000	0.0361	0.0000	0.0583	
7	24	0.0594	2	2	1	1	0	0	0	0	0	Y	N	N	N	N	N	N	N	N	N	N	N	551.8314	207.3015	59439.2802	10.9361	6.1218	1419.7129	141493.4215	inf	124101.8904	1.6530	1.2007	4.3821	0.4508	0.2809	3.3315	2.7337	2.2017	4.6214	0.0030	0.0058	0.0001	0.0412	0.0459	0.0023	0.0000	0.0000	0.0000	0.6047	0.0122	0.0012	-0.0005	0.0052	8.3046	6.0470	21.0710	0.0042	0.0026	0.0016	0.0005	0.0003	0.0002	0.0037	0.0023	0.0014	0.0011	0.0011	0.0000	0.0011	0.0011	0.0000	0.0000	0.0000	0.0000	0.0025	0.0022	0.0004	0.0012	0.0011	0.0001	0.0013	0.0010	0.0003	0.3603	0.1841	0.1762	0.0260	0.0232	0.0028	0.3343	0.1608	0.1734	551.8314	207.3015	59439.2802	10.9361	6.1218	1419.7129	141493.4215	inf	124101.8904	0.0030	0.0058	0.0001	0.0412	0.0459	0.0023	0.0000	0.0000	0.0000
7	25	0.0774	3	1	1	1	0	0	0	0	0	N	N	N	N	N	N	N	N	N	N	N	N	0.7338	153.7138	0.0182	0.7181	0.1135	28.9983	1.1248	304.5460	0.0157	4.1947	5.1136	0.2247	0.0251	0.0041	0.4838	7.1261	9.9481	0.1972	5.7166	0.0333	12.3656	0.0349	0.0362	0.0167	6.3357	0.0327	12.5448	0.0102	317.7240	-0.0002	0.4583	0.0052	1.0335	6.0470	7.4537	0.0019	0.0019	0.0000	0.0000	0.0000	0.0000	0.0019	0.0019	0.0000	0.9633	0.0030	0.9603	0.0006	0.0006	0.0000	0.9627	0.0025	0.9602	0.0004	0.0004	0.0001	0.0002	0.0002	0.0000	0.0003	0.0002	0.0001	0.1685	0.0908	0.0777	0.0166	0.0154	0.0011	0.1519	0.0754	0.0765	0.7338	153.7138	0.0182	0.7181	0.1135	28.9983	1.1248	304.5460	0.0157	5.7166	0.0333	12.3656	0.0349	0.0362	0.0167	6.3357	0.0327	12.5448
7	26	0.0594	2	1	1	1	0	0	0	0	0	N	N	N	N	N	N	N	N	N	N	N	N	12.9654	0.0000	43.6375	27.4369	0.0000	50.2652	18.4436	42.8088	0.9792	0.0000	6.6658	0.4223	0.0000	7.1764	1.4868	0.0000	6.5453	0.0755	0.0004	0.1528	0.0154	0.0030	0.1428	0.0806	0.0000	0.1529	inf	349.1701	0.0021	0.0067	0.0052	7.2039	6.0470	4.9911	0.0023	0.0000	0.0023	0.0005	0.0000	0.0005	0.0018	0.0000	0.0018	0.0140	0.0000	0.0140	0.0002	0.0000	0.0002	0.0138	0.0000	0.0138	0.0023	0.0020	0.0003	0.0011	0.0010	0.0001	0.0012	0.0009	0.0003	0.1855	0.0940	0.0914	0.0145	0.0132	0.0013	0.1710	0.0808	0.0902	12.9654	0.0000	43.6375	27.4369	0.0000	50.2652	18.4436	0.0000	42.8088	0.0755	0.0004	0.1528	0.0154	0.0030	0.1428	0.0806	0.0000	0.1529	
7	27	0.1500	3	1	1	2	1	0	0	0	0	N	N	Y	N	N	N	N	N	N	N	N	N	1755.7244	3812.1916	1002.8202	3435.8446	4066.1580	12254.4886	99.5970	0.0000	279.9419	0.0332	0.0329	0.0350	0.0722	0.0662	0.6633	0.0018	0.0000	0.0091	0.0000	0.0000	0.0000	0.0000	0.0000	0.0001	0.0000	0.0000	0.0000	0.1341	2.5858	0.0000	0.0000	0.0052	1.9923	6.0470	5.5017	0.0000	0.0000	0.0000	0.0000	0.0000	0.0000	0.0000	0.0000	0.0000	0.0000	0.0000	0.0000	0.0000	0.0000	0.0000	0.0000	0.0000	0.0000	0.0007	0.0006	0.0001	0.0003	0.0003	0.0000	0.0004	0.0003	0.0001	0.1469	0.0896	0.0573	0.0541	0.0473	0.0067	0.0929	0.0423	0.0506	1755.7244	3812.1916	1002.8202	3435.8446	4066.1580	12254.4886	99.5970	0.0000	279.9419	0.0000	0.0000	0.0000	0.0000	0.0000	0.0001	0.0000	0.0000	0.0000
7	28	0.0594	2	1	1	1	0	0	0	0	0	N	N	N	N	N	N	N	N	N	N	N	N	4.0793	35.2854	0.0000	7.0553	7.9015	0.0000	0.0000	0.0000	0.1964	0.2481	0.0000	0.3759	0.4164	0.0000	0.0000	0.0000	0.0000	0.0482	0.0070	0.0904	0.0533	0.0527	0.0589	0.0477	0.0000	0.0908	0.0000	12.5213	-0.0000	0.0045	0.0052	1.7961	6.0470	15.9291	0.0002	0.0002	0.0000	0.0002	0.0002	0.0000	0.0000	0.0000	0.0000	0.0111	0.0008	0.0102	0.0009	0.0008	0.0001	0.0101	0.0000	0.0101	0.0010	0.0008	0.0002	0.0005	0.0005	0.0001	0.0005	0.0003	0.0002	0.2295	0.1162	0.1132	0.0171	0.0155	0.0016	0.2123	0.1007	0.1116	4.0793	35.2854	0.0000	7.0553	7.9015	0.0000	0.0000	0.0000	0.0000	0.0482	0.0070	0.0904	0.0533	0.0527	0.0589	0.0477	0.0000	0.0908	
7	29	0.1172	5	2	1	1	0	0	0	0	0	Y	N	N	N	N	N	N	N	N	N	N	N	0.0000	0.0000	0.0000	0.0000	0.0000	0.0000	0.0000	0.0000	0.0000	0.0000	0.0000	0.0000	0.0000	0.0000	0.0000	0.0000	0.0000	0.0000	0.0000	0.0000	0.0052	0.0000	6.0470	0.0000	0.0000	0.0000	0.0000	0.0000	0.0000	0.0000	0.0000	0.0000	0.0000	0.0000	0.0000	0.0000	0.0000	0.0000	0.0000	0.0000	0.0000	0.0000	0.0000	0.0000	0.0000	0.0000	0.0000	0.0000	0.0000	0.0000	0.0000	0.0000	0.0000	0.0000	0.0000	0.0000	0.0000	0.0000	0.0000	0.0000	0.0000	0.0000	0.0000	0.0000	0.0000	0.0000	0.0000	0.0000	0.0000	0.0000	0.0000	0.0000	0.0000	0.0000	0.0000	0.0000	0.0000	0.0000											
7	30	0.0594	2	1	1	1	1	0	0	0	0	N	N	N	N	N	N	N	N	N	N	N	N	0.0000	0.0000	0.0000	0.0000	0.0000	0.0000	0.0000	0.0000	0.0000	0.0000	0.0000	0.0000	0.0000	0.0900	0.1774	0.0000	1.2284	1.3636	0.0000	0.0000	0.0000	0.0000	0.0000	0.0000	-0.0124	0.0052	0.0000	6.0470	19.0400	0.0000	0.0000	0.0000	0.0000	0.0000	0.0000	0.0000	0.0000	0.0000	0.0238	0.0238	0.0000	0.0238	0.0238	0.0000	0.0000	0.0000	0.0000	0.0000	0.0000	0.0000	0.0000	0.0000	0.0000	0.0000	0.0000	0.0000	0.2647	0.1342	0.1305	0.0194	0.0175	0.0019	0.2453	0.1168	0.1286	0.0000	0.0000	0.0000	0.0000	0.0000	0.0000	0.0000	0.0000	0.0000	0.0900	0.1774	0.0000	1.2284	1.3636	0.0000	0.0000	0.0000	0.0000						
7	31	0.0594	2	2	1	1	0	0	0	0	0	Y	N	N	N	N	N	N	N	N	N	N	N	0.0269	0.6691	0.0000	0.1692	0.1624	0.0000	0.0000	0.0972	0.1147	0.0000	0.2021	0.2156	0.0000	0.0000	0.0000	0.0000	3.6144	0.1714	7.1612	1.1939	1.3274	0.0000	3.8046	0.0000	7.2694	0.0000	40.5474	-0.0000	0.4578	0.0052	6.7961	6.0470	16.0091	0.0002	0.0002	0.0000	0.0002	0.0002	0.0000	0.0000	0.0000	0.0000	1.0064	0.0242	0.9822	0.0242	0.0242	0.0000	0.9822	0.0000	0.9822	0.0021	0.0018	0.0003	0.0010	0.0009	0.0001	0.0011	0.0008	0.0003	0.2785	0.1413	0.1372	0.0203	0.0182	0.0020	0.2582	0.1230	0.1351	0.0269	0.6691	0.0000	0.1692	0.1624	0.0000	0.0000	0.0000	0.0000	3.6144	0.1714	7.1612	1.1939	1.3274	0.0000	3.8046	0.0000	7.2694		
7	32	0.4843	9	1	0	2	0	0	0	0	0	N	N	Y	N	N	N	N	N	N	N	N	N	0.1244	0.1378	0.0000	0.2104	0.1887	0.0000	0.0096	0.3195	0.0000	0.0003	0.0003	0.0000	0.0005	0.0005	0.0000	0.0000	0.0000	0.0000	0.0022	0.0022	0.0021	0.0024	0.0028	0.0001	0.0017	0.0001	0.0031	0.0000	0.3740	-0.0000	-0.0001	0.0052	2.4598	6.0470	7.4321	0.0000	0.0000	0.0000	0.0000	0.0000	0.0000	0.0000	0.0000	0.0000	0.0003	0.0003	0.0001	0.0003	0.0002	0.0000	0.0001	0.0000	0.0001	0.0006	0.0006	0.0001	0.0003	0.0003	0.0000	0.0003	0.0003	0.0001	0.1577	0.1129	0.0447	0.1029	0.0881	0.0149	0.0547	0.0248	0.0299	0.1244	0.1378	0.0000	0.2104	0.1887	0.0000	0.0096	0.3195	0.0000	0.0022	0.0022	0.0021	0.0024	0.0028	0.0001	0.0017	0.0001	0.0031
7	33	0.4461	8	1	0	1	0	0	0	0	0	N	N	N	N	N	N	N	N	N	N	N	N	0.0672	0.0697	0.0946	0.0232	0.0209	0.0000	0.1203	4.0237	0.0850	0.0002	0.0002	0.0005	0.0001	0.0001	0.0000	0.0004	0.0004	0.0006	0.0037	0.0031	0.0049	0.0039	0.0045	0.0001	0.0034	0.0001	0.0066	0.2690	0.6601	0.0000	-0.0001	0.0052	2.7943	6.0470	8.2643	0.0000	0.0000	0.0000	0.0000	0.0000	0.0000	0.0000	0.0000	0.0000	0.0006	0.0004	0.0003	0.0004	0.0004	0.0000	0.0003	0.0000	0.0003	0.0007	0.0006	0.0001	0.0004	0.0003	0.0000	0.0003	0.0003	0.0001	0.1763	0.1240	0.0523	0.1003	0.0867	0.0136	0.0760	0.0373	0.0387	0.0672	0.0697	0.0946	0.0232	0.0209	0.0000	0.1203	4.0237	0.0850	0.0037	0.0031	0.0049	0.0039	0.0045	0.0001	0.0034	0.0001	0.0066
7	34	0.1149	3	1	1	1	0	0	0	0	0	N	N	N	N	N	N	N	N	N	N	N	N	46.5943	38.6460	64.3263	56.4094	7.1197	4.3760	0.1093	0.1310	0.0000	0.1559	0.1745	0.0000	0.0152	0.0212	0.0000	0.0023	0.0034	0.0000	0.0024	0.0031	0.0000	0.0021	0.0049	0.0000	0.0000	0.0000	-0.0000	-0.0001	0.0052	0.0009	6.0470	2.4415	0.0000	0.0000	0.0000	0.0000	0.0000	0.0000	0.0000	0.0000	0.0000	0.0001	0.0001	0.0000	0.0001	0.0001	0.0000	0.0000	0.0000	0.0000	0.0000	0.0000	0.0000	0.0000	0.0000	0.0000	0.0000	0.0000	0.0000	0.0542	0.0375	0.0167	0.0398	0.0312	0.0086	0.0145	0.0063	0.0081	46.5943	38.6460	0.0000	64.3263	56.4094	0.0000	7.1197	4.3760	0.0000	0.0023	0.0034	0.0000	0.0024	0.0031	0.0000	0.0021	0.0049	0.0000			
7	35	0.0594	2	2	0	2	0	0	0	0	0	Y	N	Y	N	N	N	N	N	N	N	N	N	0.0000	0.0000	0.0000	0.0000	0.0000	0.0000	0.0000	0.0000	0.0000	0.0000	0.0000	0.0000	0.0000	0.0000	0.0000	0.0000	0.0000	0.0999	0.0004	0.2057	0.0119	0.0022	0.1461	0.1091	0.0000	0.2065	511.6907	0.0000	0.0049	0.0052	0.0000	6.0470	5.9600	0.0000	0.0000	0.0000	0.0000	0.0000	0.0000	0.0000	0.0000	0.0000	0.0103	0.0000	0.0102	0.0001	0.0000	0.0001	0.0101	0.0000	0.0101	0.0000	0.0000	0.0000	0.0000	0.0000	0.0000	0.0000	0.0000	0.0000	0.1026	0.0529	0.0498	0.0097	0.0091	0.0007	0.0929	0.0438	0.0491	0.0000	0.0000	0.0000	0.0000	0.0000	0.0000	0.0000	0.0000	0.0000	0.0999	0.0004	0.2057	0.0119	0.0022	0.1461	0.1091	0.0000	0.2065		
7	36	0.1500	3	1	1	1	0	0	0	0	0	N	N	N	N	N	N	N	N	N	N	N	N	322.5386	0.0000	15908.1121	10624.1329	0.0000	15661.4976	137.8710	0.0000	8762.0180	0.1590	0.0000	0.6517	0.1937	0.0000	0.9999	0.1064	0.0000	0.3324	0.0005	0.0008	0.0000	0.0000	0.0000	0.0001	0.0008	0.0016	0.0000	inf	0.0334	0.0000	-0.0000	0.0052	0.0123	6.0470	6.2120	0.0000	0.0000	0.0000	0.0000	0.0000	0.0000	0.0000	0.0000	0.0000	0.0001	0.0001	0.0000	0.0000	0.0000	0.0000	0.0001	0.0001	0.0000	0.0000	0.0000	0.0000	0.0000	0.0000	0.0000	0.0000	0.0000	0.0000	0.1258	0.0769	0.0489	0.0465	0.0408	0.0057	0.0793	0.0361	0.0432	322.5386	0.0000	15908.1121	10624.1329	0.0000	15661.4976	137.8710	0.0000	8762.0180	0.0005	0.0008	0.0000	0.0000	0.0000	0.0001	0.0008	0.0016	0.0000
7	37	0.0594	2	1	1	1	0	0	0	0	0	N	N	N	N	N	N	N	N	N	N	N	N	9.1458	2.5214	639.4115	0.1616	0.0002	234.2078	555.8205	inf	644.5542	1.6359	0.8608	6.2980	0.3902	0.0006	6.9607	2.7571	1.7984	6.1466	0.1789	0.3414	0.0098	2.4143	2.6955	0.0297	0.0050	0.0000	0.0095	1.2163	0.0277	0.0019	-0.0299	0.0052	8.2035	6.0470	18.5835	0.0041	0.0019	0.0023	0.0005	0.0000	0.0005	0.0037	0.0019	0.0018	0.0605	0.0589	0.0016	0.0589	0.0589	0.0001	0.0016	0.0000	0.0016	0.0025	0.0022	0.0004	0.0012	0.0011	0.0001	0.0013	0.0010	0.0003	0.3382	0.1724	0.1658	0.0244	0.0218	0.0026	0.3138	0.1506	0.1632	9.1458	2.5214	639.4115	0.1616	0.0002	234.2078	555.8205	inf	644.5542	0.1789	0.3414	0.0098	2.4143	2.6955	0.0297	0.0050	0.0000	0.0095
7	38	0.0594	2	1	1	1	1	0	0	0	0	N	N	N	N	N	N	N	N	N	N	N	N	135.3231	246.7200	121.4808	5.9992	3.0559	24.6297	346.1522	inf	107.4038	1.4170	1.3385	1.9171	0.3416	0.1315	4.2099	2.3668	2.6186	1.4208	0.0105	0.0054	0.0158	0.0569	0.0430	0.1709	0.0068	0.0000	0.0132	0.2250	2.7647	0.0004	0.0009	0.0052	10.2042	6.0470	23.0710	0.0041	0.0034	0.0008	0.0005	0.0002	0.0003	0.0037	0.0032	0.0005	0.0041	0.0011	0.0030	0.0016	0.0011	0.0005	0.0025	0.0000	0.0025	0.0029	0.0025	0.0004	0.0014	0.0013	0.0001	0.0015	0.0012	0.0003	0.3905	0.2002	0.1903	0.0283	0.0252	0.0031	0.3622	0.1750	0.1872	135.3231	246.7200	121.4808	5.9992	3.0559	24.6297	346.1522	inf	107.4038	0.0105	0.0054	0.0158	0.0569	0.0430	0.1709	0.0068	0.0000	0.0132
7	39	0.0594	2	2	0	2	0	0	0	0	0	Y	N	Y	N	N	N	N	N	N	N	N	N	0.0000	0.0000	0.0000	0.0000	0.0000	0.0000	0.0000	0.0000	0.0000	0.0000	0.0000	0.0000	0.0000	0.0000	0.0000	0.0000	0.0000	0.2452	0.0009	0.5480	0.0178	0.0032	0.4214	0.2871	0.0000	0.5496	511.6907	0.0000	0.0049	0.0052	0.0000	6.0470	1.9600	0.0000	0.0000	0.0000	0.0000	0.0000	0.0000	0.0000	0.0000	0.0000	0.0103	0.0000	0.0102	0.0001	0.0000	0.0001	0.0101	0.0000	0.0101	0.0000	0.0000	0.0000	0.0000	0.0000	0.0000	0.0000	0.0000	0.0000	0.0418	0.0231	0.0187	0.0065	0.0063	0.0002	0.0353	0.0169	0.0184	0.0000	0.0000	0.0000	0.0000	0.0000	0.0000	0.0000	0.0000	0.0000	0.2452	0.0009	0.5480	0.0178	0.0032	0.4214	0.2871	0.0000	0.5496		
7	40	0.1149	3	1	0	2	0	0	0	0	0	N	N	Y	N	N	N	N	N	N	N	N	N	4.0167	3.4404	0.0000	22.1692	19.8661	0.1872	0.1262	0.0000	0.1093	0.1310	0.0000	0.1559	0.1745	0.0000	0.0152	0.0212	0.0000	0.0272	0.0381	0.0001	0.0070	0.0088	0.0000	0.0809	0.1684	0.0002	0.0000	0.0012	-0.0000	-0.0016	0.0052	0.0009	6.0470	7.7842	0.0000	0.0000	0.0000	0.0000	0.0000	0.0000	0.0000	0.0000	0.0000	0.0030	0.0030	0.0000	0.0006	0.0006	0.0000	0.0024	0.0024	0.0000	0.0000	0.0000	0.0000	0.0000	0.0000	0.0000	0.0000	0.0000	0.0000	0.1096	0.0782	0.0314	0.0797	0.0638	0.0159	0.0299	0.0144	0.0156	4.0167	3.4404	0.0000	22.1692	19.8661	0.0000	0.1872	0.1262	0.0000	0.0272	0.0381	0.0001	0.0070	0.0088	0.0000	0.0809	0.1684	0.0002	
7	41	0.0594	2	1	0	1	0	0	0	0	0	N	N	N	N	N	N	N	N	N	N	N	N	31.7655	20.4701	2.4977	4.6153	4.6015	13.1244	0.2636	0.0642	1.8217	0.1965	0.2481	0.0002	0.3759	0.4163	0.0004	0.0001	0.0000	0.0001	0.0062	0.0121	0.0001	0.0815	0.0905	0.0000	0.0003	0.0004	0.0001	0.0002	0.0062	-0.0000	-0.0009	0.0052	1.7959	6.0470	20.1034	0.0002	0.0002	0.0000	0.0002	0.0002	0.0000	0.0000	0.0000	0.0000	0.0017	0.0017	0.0000	0.0016	0.0016	0.0000	0.0001	0.0001	0.0000	0.0010	0.0008	0.0002	0.0005	0.0005	0.0001	0.0005	0.0003	0.0002	0.2701	0.1370	0.1331	0.0197	0.0178	0.0020	0.2504	0.1192	0.1311	31.7655	20.4701	2.4977	4.6153	4.6015	13.1244	0.2636	0.0642	1.8217	0.0062	0.0121	0.0001	0.0815	0.0905	0.0000	0.0003	0.0004	0.0001
7	42	0.1294	3	1	1	1	0	0	0	0	0	N	N	N	N	N	N	N	N	N	N	N	N	22.3217	20.2427	19.8358	19.6155	0.0000	0.0000	0.0372	0.0415	0.0000	0.0586	0.0621	0.0000	0.0000	0.0000	0.0000	0.0017	0.0020	0.0000	0.0030	0.0032	0.0000	0.0001	0.0001	0.0000	0.0000	0.0000	-0.0000	-0.0000	0.0052	0.0003	6.0470	0.0002	0.0000	0.0000	0.0000	0.0000	0.0000	0.0000	0.0000	0.0000	0.0000	0.0000	0.0000	0.0000	0.0000	0.0000	0.0000	0.0000	0.0000	0.0000	0.0000	0.0000	0.0000	0.0000	0.0000	0.0000	0.0000	0.0000	0.0000	0.0000	0.0000	0.0000	0.0000	0.0000	0.0000	0.0000	0.0000	0.0000	22.3217	20.2427	0.0000	19.8358	19.6155	0.0000	0.0000	0.0000	0.0000	0.0017	0.0020	0.0000	0.0030	0.0032	0.0000	0.0001	0.0001	0.0000			
7	43	0.0854	3	2	1	2	0	0	0	0	0	Y	N	Y	N	N	N	N	N	N	N	N	N	0.0000	0.0000	0.0000	0.0000	0.0000	0.0000	0.0000	0.0000	0.0000	0.0000	0.0000	0.0000	0.0000	0.0000	0.0000	0.0000	0.0000	0.0000	0.0000	0.0000	0.0052	0.0000	6.0470	2.0000	0.0000	0.0000	0.0000	0.0000	0.0000	0.0000	0.0000	0.0000	0.0000	0.0000	0.0000	0.0000	0.0000	0.0000	0.0000	0.0000	0.0000	0.0000	0.0000	0.0000	0.0000	0.0000	0.0000	0.0000	0.0000	0.0000	0.0000	0.0241	0.0143	0.0098	0.0059	0.0045	0.0014	0.0182	0.0098	0.0085	0.0000	0.0000	0.0000	0.0000	0.0000	0.0000	0.0000	0.0000	0.0000	0.0000	0.0000	0.0000	0.0000	0.0000	0.0000	0.0000	0.0000	0.0000											
7	44	0.0854	3	2	1	2	0	0	0	0	0	Y	N	Y	N	N	N	N	N	N	N	N	N	0.0000	0.0000	0.0000	0.0000	0.0000	0.0000	0.0000	0.0000	0.0000	0.0000	0.0000	0.0000	0.0000	0.0000	0.0000	0.0000	0.0000	0.0000	0.0000	0.0000	0.0052	0.0000	6.0470	0.0000	0.0000	0.0000	0.0000	0.0000	0.0000	0.0000	0.0000	0.0000	0.0000	0.0000	0.0000	0.0000	0.0000	0.0000	0.0000	0.0000	0.0000	0.0000	0.0000	0.0000	0.0000	0.0000	0.0000	0.0000	0.0000	0.0000	0.0000	0.0000	0.0000	0.0000	0.0000	0.0000	0.0000	0.0000	0.0000	0.0000	0.0000	0.0000	0.0000	0.0000	0.0000	0.0000	0.0000	0.0000	0.0000	0.0000	0.0000	0.0000	0.0000	0.0000	0.0000	0.0000	0.0000	0.0000											
7	45	0.0594	2	2	1	2	0	0	0	0	0	Y	N	Y	N	N	N	N	N	N	N	N	N	2.2433	41.3374	0.0000	7.3556	10.2349	0.0000	0.0000	0.0000	0.2528	0.3320	0.0000	0.4630	0.5226	0.0000	0.0000	0.0000	0.0000	0.1127	0.0080	0.2219	0.0629	0.0511	0.2080	0.1174	0.0000	0.2221	0.0000	26.4620	-0.0000	0.0064	0.0052	0.7962	6.0470	7.9291	0.0002	0.0002	0.0000	0.0002	0.0002	0.0000	0.0000	0.0000	0.0000	0.0145	0.0005	0.0140	0.0007	0.0005	0.0002	0.0138	0.0000	0.0138	0.0008	0.0006	0.0002	0.0004	0.0004	0.0000	0.0004	0.0002	0.0001	0.1285	0.0657	0.0629	0.0112	0.0103	0.0008	0.1174	0.0553	0.0620	2.2433	41.3374	0.0000	7.3556	10.2349	0.0000	0.0000	0.0000	0.0000	0.1127	0.0080	0.2219	0.0629	0.0511	0.2080	0.1174	0.0000	0.2221	
7	46	0.0594	2	2	1	1	0	0	0	0	0	Y	N	N	N	N	N	N	N	N	N	N	N	3.9720	56.4790	0.0000	10.0057	12.4341	0.0000	0.0000	0.0000	0.2528	0.3320	0.0000	0.4630	0.5226	0.0000	0.0000	0.0000	0.0000	0.0636	0.0059	0.1230	0.0463	0.0420	0.0899	0.0651	0.0000	0.1235	0.0000	20.3544	-0.0000	0.0051	0.0052	0.7962	6.0470	12.9291	0.0002	0.0002	0.0000	0.0002	0.0002	0.0000	0.0000	0.0000	0.0000	0.0119	0.0006	0.0113	0.0007	0.0006	0.0001	0.0112	0.0000	0.0112	0.0008	0.0006	0.0002	0.0004	0.0004	0.0000	0.0004	0.0002	0.0001	0.1870	0.0948	0.0922	0.0146	0.0133	0.0013	0.1725	0.0815	0.0909	3.9720	56.4790	0.0000	10.0057	12.4341	0.0000	0.0000	0.0000	0.0000	0.0636	0.0059	0.1230	0.0463	0.0420	0.0899	0.0651	0.0000	0.1235	
7	47	0.0594	2	1	1	1	1	0	0	0	0	N	N	N	N	N	N	N	N	N	N	N	N	0.0000	0.0000	0.0000	0.0000	0.0000	0.0000	0.0000	0.0000	0.0000	0.0000	0.0000	0.0000	0.0000	0.0026	0.0052	0.0000	0.0363	0.0405	0.0000	0.0000	0.0000	0.0000	0.0000	0.0000	-0.0004	0.0052	9.0000	6.0470	15.0400	0.0000	0.0000	0.0000	0.0000	0.0000	0.0000	0.0000	0.0000	0.0000	0.0008	0.0008	0.0000	0.0008	0.0008	0.0000	0.0000	0.0000	0.0000	0.0027	0.0023	0.0004	0.0013	0.0012	0.0001	0.0014	0.0011	0.0003	0.3145	0.1600	0.1545	0.0227	0.0204	0.0024	0.2918	0.1396	0.1522	0.0000	0.0000	0.0000	0.0000	0.0000	0.0000	0.0000	0.0000	0.0000	0.0026	0.0052	0.0000	0.0363	0.0405	0.0000	0.0000	0.0000	0.0000						
7	48	0.1379	3	1	0	1	1	0	0	0	0	N	N	N	N	N	N	N	N	N	N	N	N	0.2925	78.6066	0.0000	14.7645	103.6359	0.0000	0.0076	118.9205	0.0000	0.0270	0.0309	0.0000	0.0472	0.0501	0.0000	0.0024	0.0030	0.0000	0.0924	0.0004	0.3468	0.0032	0.0005	0.0164	0.3130	0.0000	0.6258	0.0000	318.9072	-0.0000	0.0017	0.0052	0.0037	6.0470	3.0208	0.0000	0.0000	0.0000	0.0000	0.0000	0.0000	0.0000	0.0000	0.0000	0.0037	0.0000	0.0037	0.0001	0.0000	0.0001	0.0036	0.0000	0.0036	0.0000	0.0000	0.0000	0.0000	0.0000	0.0000	0.0000	0.0000	0.0000	0.0397	0.0292	0.0105	0.0283	0.0235	0.0048	0.0114	0.0057	0.0057	0.2925	78.6066	0.0000	14.7645	103.6359	0.0000	0.0076	118.9205	0.0000	0.0924	0.0004	0.3468	0.0032	0.0005	0.0164	0.3130	0.0000	0.6258
7	49	0.0594	2	1	0	1	1	0	0	0	0	N	N	N	N	N	N	N	N	N	N	N	N	23.4731	14.9704	0.0855	3.6067	3.4818	0.1494	0.0370	0.9431	0.0601	0.1205	0.1445	0.0000	0.2455	0.2644	0.0001	0.0000	0.0000	0.0000	0.0051	0.0097	0.0004	0.0681	0.0759	0.0005	0.0002	0.0000	0.0004	0.0001	0.0448	-0.0000	-0.0008	0.0052	4.7960	6.0470	23.0471	0.0002	0.0002	0.0000	0.0002	0.0002	0.0000	0.0000	0.0000	0.0000	0.0017	0.0016	0.0001	0.0016	0.0016	0.0000	0.0001	0.0000	0.0001	0.0017	0.0014	0.0003	0.0008	0.0008	0.0001	0.0009	0.0006	0.0002	0.3221	0.1640	0.1582	0.0233	0.0208	0.0024	0.2989	0.1431	0.1557	23.4731	14.9704	0.0855	3.6067	3.4818	0.1494	0.0370	0.9431	0.0601	0.0051	0.0097	0.0004	0.0681	0.0759	0.0005	0.0002	0.0000	0.0004
7	50	0.0943	3	1	1	2	0	0	0	0	0	N	N	Y	N	N	N	N	N	N	N	N	N	0.6611	0.5317	0.0121	0.2170	0.2722	0.0003	5.5525	inf	0.1636	0.2800	0.3660	0.0007	0.4144	0.5584	0.0003	0.0289	0.0354	0.0017	0.4235	0.6884	0.0582	1.9094	2.0517	0.9457	0.0052	0.0000	0.0103	0.0006	0.0613	-0.0001	-0.0102	0.0052	1.4428	6.0470	0.4686	0.0005	0.0005	0.0000	0.0005	0.0005	0.0000	0.0000	0.0000	0.0000	0.0220	0.0207	0.0013	0.0218	0.0207	0.0011	0.0002	0.0000	0.0002	0.0019	0.0015	0.0005	0.0012	0.0009	0.0003	0.0007	0.0005	0.0001	0.0519	0.0301	0.0218	0.0114	0.0101	0.0013	0.0405	0.0200	0.0205	0.6611	0.5317	0.0121	0.2170	0.2722	0.0004	5.5525	inf	0.1636	0.4235	0.6884	0.0582	1.9094	2.0517	0.8105	0.0052	0.0000	0.0103
7	51	0.0594	2	1	1	1	0	0	0	0	0	N	N	N	N	N	N	N	N	N	N	N	N	7.3397	35.3501	14.5303	6.2536	2.8125	17.7385	10.7041	96.1230	13.1788	0.9718	0.5041	3.6858	0.4210	0.1239	5.1676	1.4738	0.9261	3.3357	0.1324	0.0143	0.2537	0.0673	0.0441	0.2913	0.1377	0.0096	0.2531	1.2601	17.3309	0.0010	0.0125	0.0052	7.1845	6.0470	8.0722	0.0022	0.0010	0.0013	0.0005	0.0001	0.0003	0.0018	0.0009	0.0009	0.0294	0.0016	0.0278	0.0011	0.0007	0.0005	0.0283	0.0009	0.0273	0.0023	0.0020	0.0003	0.0011	0.0010	0.0001	0.0012	0.0009	0.0003	0.2220	0.1124	0.1095	0.0167	0.0151	0.0016	0.2053	0.0973	0.1080	7.3397	35.3501	14.5303	6.2536	2.8125	17.7385	10.7041	96.1230	13.1788	0.1324	0.0143	0.2537	0.0673	0.0441	0.2913	0.1377	0.0096	0.2531
7	52	0.0820	3	2	0	2	0	0	0	0	0	Y	N	Y	N	N	N	N	N	N	N	N	N	0.0046	0.0000	0.0124	0.5609	0.0000	1.2654	0.0050	0.0000	0.0100	0.0340	0.0000	0.1963	0.0193	0.0000	1.0042	0.0436	0.0000	0.1594	7.4709	0.0012	15.8077	0.0344	0.0044	0.7936	8.6313	0.0001	15.9778	inf	12306.9781	0.0000	0.4714	0.0052	0.9976	6.0470	4.7732	0.0000	0.0000	0.0000	0.0000	0.0000	0.0000	0.0000	0.0000	0.0000	0.9844	0.0001	0.9843	0.0006	0.0001	0.0005	0.9838	0.0000	0.9838	0.0004	0.0003	0.0001	0.0002	0.0002	0.0000	0.0002	0.0002	0.0001	0.1318	0.0695	0.0623	0.0178	0.0171	0.0007	0.1140	0.0524	0.0616	0.0046	0.0000	0.0124	0.5609	0.0000	1.3060	0.0050	0.0000	0.0100	7.4709	0.0012	15.8077	0.0344	0.0044	0.7689	8.6313	0.0001	15.9778
7	53	0.0594	2	2	0	1	0	0	0	0	0	Y	N	N	N	N	N	N	N	N	N	N	N	9.1429	0.2407	25.5497	28.4900	0.1012	45.2665	13.4605	0.3742	25.9057	1.5892	0.0013	8.9037	0.6546	0.0009	8.2600	2.5235	0.0017	9.0872	0.1738	0.0053	0.3485	0.0230	0.0090	0.1825	0.1875	0.0046	0.3508	1521.8824	63.7155	0.0020	0.0119	0.0052	3.2133	6.0470	6.0120	0.0023	0.0000	0.0023	0.0005	0.0000	0.0005	0.0018	0.0000	0.0018	0.0256	0.0004	0.0252	0.0003	0.0001	0.0002	0.0253	0.0003	0.0250	0.0014	0.0012	0.0003	0.0007	0.0007	0.0001	0.0007	0.0005	0.0002	0.1474	0.0750	0.0724	0.0122	0.0113	0.0010	0.1351	0.0637	0.0714	9.1429	0.2407	25.5497	28.4900	0.1012	45.2665	13.4605	0.3742	25.9057	0.1738	0.0053	0.3485	0.0230	0.0090	0.1825	0.1875	0.0046	0.3508
7	54	0.0594	2	2	1	1	0	0	0	0	0	Y	N	N	N	N	N	N	N	N	N	N	N	1.0918	1.0044	0.0000	0.2327	0.2358	0.0000	0.0000	0.0000	0.1964	0.2481	0.0000	0.3759	0.4164	0.0000	0.0000	0.0000	0.0000	0.1799	0.2470	0.1110	1.6158	1.7658	0.0744	0.0588	0.0000	0.1115	0.0000	0.4370	-0.0000	-0.0073	0.0052	1.7961	6.0470	11.9291	0.0002	0.0002	0.0000	0.0002	0.0002	0.0000	0.0000	0.0000	0.0000	0.0337	0.0234	0.0102	0.0235	0.0234	0.0001	0.0101	0.0000	0.0101	0.0010	0.0008	0.0002	0.0005	0.0005	0.0001	0.0005	0.0003	0.0002	0.1870	0.0948	0.0922	0.0146	0.0133	0.0013	0.1725	0.0815	0.0909	1.0918	1.0044	0.0000	0.2327	0.2358	0.0000	0.0000	0.0000	0.0000	0.1799	0.2470	0.1110	1.6158	1.7658	0.0744	0.0588	0.0000	0.1115	
7	55	0.0806	3	1	1	1	0	0	0	0	0	N	N	N	N	N	N	N	N	N	N	N	N	0.3931	0.3057	0.0000	0.2091	0.2083	0.0000	1.0765	2.6887	0.0000	0.1296	0.1618	0.0000	0.1987	0.2249	0.0000	0.0087	0.0132	0.0000	0.3295	0.5293	0.0101	0.9506	1.0796	0.0030	0.0081	0.0049	0.0109	0.0000	0.0119	-0.0000	-0.0200	0.0052	0.0041	6.0470	6.2745	0.0000	0.0000	0.0000	0.0000	0.0000	0.0000	0.0000	0.0000	0.0000	0.0392	0.0388	0.0005	0.0386	0.0386	0.0000	0.0006	0.0002	0.0004	0.0000	0.0000	0.0000	0.0000	0.0000	0.0000	0.0000	0.0000	0.0000	0.1191	0.0733	0.0458	0.0406	0.0357	0.0049	0.0785	0.0375	0.0409	0.3931	0.3057	0.0000	0.2091	0.2083	0.0000	1.0765	2.6887	0.0000	0.3295	0.5293	0.0101	0.9506	1.0796	0.0030	0.0081	0.0049	0.0109
7	56	0.1294	3	1	0	2	0	0	0	0	0	N	N	Y	N	N	N	N	N	N	N	N	N	10.0217	8.1742	0.0000	1.8355	1.5540	0.0000	632.1391	inf	0.0000	1.0046	1.1211	0.0000	0.2661	0.2755	0.0000	1.7340	2.0963	0.0000	0.1002	0.1372	0.0063	0.1450	0.1773	0.0070	0.0027	0.0000	0.0057	0.0000	0.0180	-0.0004	-0.0117	0.0052	18.9997	6.0470	4.0000	0.0043	0.0043	0.0000	0.0006	0.0006	0.0000	0.0038	0.0038	0.0000	0.0232	0.0228	0.0004	0.0230	0.0228	0.0002	0.0002	0.0000	0.0002	0.0043	0.0039	0.0004	0.0021	0.0021	0.0001	0.0022	0.0018	0.0004	0.2317	0.1664	0.0654	0.1588	0.1287	0.0301	0.0729	0.0377	0.0352	10.0217	8.1742	0.0000	1.8355	1.5540	0.0000	632.1391	inf	0.0000	0.1002	0.1372	0.0063	0.1450	0.1773	0.0070	0.0027	0.0000	0.0057
7	57	0.0594	2	1	0	1	0	0	0	0	0	N	N	N	N	N	N	N	N	N	N	N	N	39.9257	25.5109	0.0000	5.5593	5.5054	0.0000	0.0000	0.0000	0.1889	0.2373	0.0000	0.3637	0.4017	0.0000	0.0000	0.0000	0.0000	0.0047	0.0093	0.0000	0.0654	0.0730	0.0000	0.0000	0.0000	0.0000	0.0000	0.0000	-0.0000	-0.0008	0.0052	1.7961	6.0470	22.3138	0.0002	0.0002	0.0000	0.0002	0.0002	0.0000	0.0000	0.0000	0.0000	0.0015	0.0015	0.0000	0.0015	0.0015	0.0000	0.0000	0.0000	0.0000	0.0011	0.0009	0.0002	0.0006	0.0005	0.0001	0.0005	0.0003	0.0002	0.3114	0.1584	0.1530	0.0225	0.0202	0.0023	0.2889	0.1382	0.1507	39.9257	25.5109	0.0000	5.5593	5.5054	0.0000	0.0000	0.0000	0.0000	0.0047	0.0093	0.0000	0.0654	0.0730	0.0000	0.0000	0.0000	0.0000	
7	58	0.0802	4	2	1	1	0	0	0	0	0	Y	N	N	N	N	N	N	N	N	N	N	N	0.0050	2.5371	0.0098	1.7416	0.9344	15.9683	0.0049	0.0000	0.0084	0.0525	0.0119	0.2275	0.0459	0.0243	0.5038	0.0571	0.0000	0.1971	10.4977	0.0047	23.2176	0.0264	0.0260	0.0315	11.7246	0.0000	23.5565	4.4544	4096.2764	0.0000	0.9496	0.0052	0.9359	6.0470	8.5945	0.0000	0.0000	0.0000	0.0000	0.0000	0.0000	0.0000	0.0000	0.0000	1.9838	0.0005	1.9834	0.0005	0.0005	0.0000	1.9833	0.0000	1.9833	0.0004	0.0003	0.0001	0.0002	0.0002	0.0000	0.0002	0.0002	0.0001	0.1890	0.1036	0.0854	0.0198	0.0186	0.0012	0.1692	0.0850	0.0842	0.0050	2.5371	0.0098	1.7416	0.9344	15.9683	0.0049	0.0000	0.0084	10.4977	0.0047	23.2176	0.0264	0.0260	0.0315	11.7246	0.0000	23.5565
7	59	0.0774	3	1	1	1	0	0	0	0	0	N	N	N	N	N	N	N	N	N	N	N	N	2.6158	1.6130	7.2488	0.7126	0.6557	8.4355	8.7808	1345.2944	6.9850	0.2831	0.2307	0.4081	0.3247	0.3070	0.4782	0.2412	0.0957	0.3933	0.1082	0.1430	0.0563	0.4556	0.4682	0.0567	0.0275	0.0001	0.0563	0.7416	0.2638	0.0000	-0.0019	0.0052	0.1706	6.0470	1.8413	0.0000	0.0000	0.0000	0.0000	0.0000	0.0000	0.0000	0.0000	0.0000	0.0061	0.0048	0.0013	0.0048	0.0048	0.0000	0.0013	0.0000	0.0012	0.0002	0.0001	0.0000	0.0001	0.0001	0.0000	0.0001	0.0000	0.0000	0.0561	0.0336	0.0225	0.0106	0.0103	0.0003	0.0455	0.0234	0.0222	2.6158	1.6130	7.2488	0.7126	0.6557	8.4355	8.7808	1345.2944	6.9850	0.1082	0.1430	0.0563	0.4556	0.4682	0.0567	0.0275	0.0001	0.0563
7	60	0.0594	2	1	1	1	0	0	0	0	0	N	N	N	N	N	N	N	N	N	N	N	N	9.9545	7.2188	32.1763	29.6394	0.3228	47.7883	14.1760	56.5152	31.6867	1.0771	0.0033	7.0540	0.4608	0.0008	7.3740	1.6475	0.0061	6.9756	0.1082	0.0005	0.2192	0.0155	0.0025	0.1543	0.1162	0.0001	0.2201	383.9950	465.3458	0.0020	0.0088	0.0052	6.1830	6.0470	4.8458	0.0023	0.0000	0.0023	0.0005	0.0000	0.0005	0.0018	0.0000	0.0018	0.0185	0.0000	0.0184	0.0002	0.0000	0.0002	0.0183	0.0000	0.0183	0.0021	0.0018	0.0003	0.0010	0.0009	0.0001	0.0011	0.0008	0.0003	0.1708	0.0867	0.0841	0.0136	0.0124	0.0012	0.1572	0.0743	0.0830	9.9545	7.2188	32.1763	29.6394	0.3228	47.7883	14.1760	56.5152	31.6867	0.1082	0.0005	0.2192	0.0155	0.0025	0.1543	0.1162	0.0001	0.2201
7	61	0.4524	9	1	0	1	0	0	0	0	0	N	N	N	N	N	N	N	N	N	N	N	N	0.1084	0.0893	0.0000	0.1214	0.1103	0.0000	0.0000	0.0000	0.0000	0.0001	0.0001	0.0000	0.0002	0.0002	0.0000	0.0000	0.0000	0.0000	0.0009	0.0012	0.0001	0.0015	0.0017	0.0001	0.0001	0.0000	0.0001	0.0000	0.0413	-0.0000	-0.0001	0.0052	1.0140	6.0470	12.0537	0.0000	0.0000	0.0000	0.0000	0.0000	0.0000	0.0000	0.0000	0.0000	0.0002	0.0001	0.0000	0.0001	0.0001	0.0000	0.0000	0.0000	0.0000	0.0003	0.0002	0.0000	0.0001	0.0001	0.0000	0.0001	0.0001	0.0000	0.1779	0.1248	0.0531	0.0999	0.0849	0.0151	0.0779	0.0399	0.0380	0.1084	0.0893	0.0000	0.1214	0.1103	0.0000	0.0000	0.0000	0.0000	0.0009	0.0012	0.0001	0.0015	0.0017	0.0001	0.0001	0.0000	0.0001
7	62	0.3765	6	1	0	1	0	0	0	0	0	N	N	N	N	N	N	N	N	N	N	N	N	0.1509	0.1194	0.0000	0.1746	0.1565	0.0000	0.0546	0.0376	0.0000	0.0162	0.0181	0.0000	0.0281	0.0294	0.0000	0.0025	0.0031	0.0000	0.1073	0.1513	0.0081	0.1610	0.1878	0.0023	0.0462	0.0813	0.0100	0.0000	0.0237	-0.0000	-0.0394	0.0052	22.0948	6.0470	64.3951	0.0001	0.0001	0.0000	0.0001	0.0001	0.0000	0.0000	0.0000	0.0000	0.0792	0.0774	0.0018	0.0632	0.0631	0.0001	0.0160	0.0143	0.0017	0.0049	0.0044	0.0005	0.0026	0.0025	0.0001	0.0023	0.0019	0.0004	0.7383	0.5115	0.2268	0.3927	0.3362	0.0566	0.3456	0.1753	0.1702	0.1509	0.1194	0.0000	0.1746	0.1565	0.0000	0.0546	0.0376	0.0000	0.1073	0.1513	0.0081	0.1610	0.1878	0.0023	0.0462	0.0813	0.0100
7	63	0.1697	5	1	0	1	0	0	0	0	0	N	N	N	N	N	N	N	N	N	N	N	N	0.0161	0.0131	0.0000	0.0175	0.0156	0.0000	0.0100	0.0911	0.0000	0.0016	0.0018	0.0000	0.0030	0.0031	0.0000	0.0001	0.0001	0.0000	0.0975	0.1352	0.0148	0.1718	0.2004	0.0045	0.0100	0.0014	0.0182	0.0000	0.0497	-0.0000	-0.0195	0.0052	3.0638	6.0470	18.8214	0.0000	0.0000	0.0000	0.0000	0.0000	0.0000	0.0000	0.0000	0.0000	0.0411	0.0392	0.0019	0.0392	0.0390	0.0001	0.0019	0.0001	0.0018	0.0008	0.0007	0.0001	0.0004	0.0004	0.0000	0.0004	0.0003	0.0001	0.4213	0.2896	0.1318	0.2280	0.1948	0.0332	0.1934	0.0948	0.0985	0.0161	0.0131	0.0000	0.0175	0.0156	0.0000	0.0100	0.0911	0.0000	0.0975	0.1352	0.0148	0.1718	0.2004	0.0045	0.0100	0.0014	0.0182
7	64	0.0806	3	2	1	2	0	0	0	0	0	Y	N	Y	N	N	N	N	N	N	N	N	N	0.0003	9.0150	0.0000	0.5443	7.3110	0.0000	0.0000	7.8008	0.0000	0.0033	0.0038	0.0000	0.0065	0.0067	0.0000	0.0002	0.0002	0.0000	12.6955	0.0004	32.3613	0.0119	0.0009	0.0805	18.3342	0.0000	36.2662	0.0000	50156.4722	-0.0000	0.9156	0.0052	1.0029	6.0470	8.4685	0.0000	0.0000	0.0000	0.0000	0.0000	0.0000	0.0000	0.0000	0.0000	1.9119	0.0000	1.9119	0.0006	0.0000	0.0005	1.9114	0.0000	1.9114	0.0003	0.0002	0.0000	0.0001	0.0001	0.0000	0.0001	0.0001	0.0000	0.1506	0.0915	0.0591	0.0463	0.0400	0.0064	0.1043	0.0515	0.0527	0.0003	9.0150	0.0000	0.5443	7.3110	0.0000	0.0000	7.8008	0.0000	12.6955	0.0004	32.3613	0.0119	0.0009	0.0805	18.3342	0.0000	36.2662
7	65	0.0594	2	1	1	1	0	0	0	0	0	N	N	N	N	N	N	N	N	N	N	N	N	0.6009	26.2015	0.0025	4.1534	10.5805	0.0035	0.0017	0.0272	0.0020	0.2530	0.3316	0.0022	0.4628	0.5219	0.0035	0.0008	0.0002	0.0017	0.4210	0.0127	0.8459	0.1114	0.0493	0.9933	0.4498	0.0060	0.8459	0.0020	64.2312	-0.0000	0.0267	0.0052	0.7961	6.0470	8.5878	0.0002	0.0002	0.0000	0.0002	0.0002	0.0000	0.0000	0.0000	0.0000	0.0575	0.0009	0.0566	0.0013	0.0005	0.0008	0.0562	0.0004	0.0559	0.0008	0.0006	0.0002	0.0004	0.0004	0.0000	0.0004	0.0002	0.0001	0.1366	0.0697	0.0669	0.0116	0.0107	0.0009	0.1250	0.0589	0.0660	0.6009	26.2015	0.0025	4.1534	10.5805	0.0041	0.0017	0.0272	0.0020	0.4210	0.0127	0.8459	0.1114	0.0493	0.8461	0.4498	0.0060	0.8459
7	66	0.4524	9	1	1	1	0	0	0	0	0	N	N	N	N	N	N	N	N	N	N	N	N	0.0034	0.0108	0.0000	0.0771	0.1088	0.0000	0.0000	0.0000	0.0000	0.0001	0.0001	0.0000	0.0002	0.0002	0.0000	0.0000	0.0000	0.0000	0.0273	0.0097	0.0685	0.0023	0.0017	0.0055	0.0593	0.0266	0.0936	0.0000	3.0004	-0.0000	0.0011	0.0052	1.0110	6.0470	12.5479	0.0000	0.0000	0.0000	0.0000	0.0000	0.0000	0.0000	0.0000	0.0000	0.0050	0.0012	0.0037	0.0002	0.0002	0.0001	0.0047	0.0011	0.0036	0.0003	0.0002	0.0000	0.0001	0.0001	0.0000	0.0001	0.0001	0.0000	0.1820	0.1276	0.0544	0.1022	0.0867	0.0155	0.0798	0.0409	0.0389	0.0034	0.0108	0.0000	0.0771	0.1088	0.0000	0.0000	0.0000	0.0000	0.0273	0.0097	0.0685	0.0023	0.0017	0.0055	0.0593	0.0266	0.0936
7	67	0.4461	8	1	0	1	0	0	0	0	0	N	N	N	N	N	N	N	N	N	N	N	N	0.0258	0.0329	0.0000	0.0118	0.0116	0.0000	0.0477	1.1180	0.0000	0.0001	0.0001	0.0000	0.0001	0.0001	0.0000	0.0002	0.0002	0.0000	0.0040	0.0035	0.0051	0.0046	0.0049	0.0016	0.0032	0.0002	0.0057	0.0000	0.6033	-0.0000	-0.0001	0.0052	0.9784	6.0470	1.5217	0.0000	0.0000	0.0000	0.0000	0.0000	0.0000	0.0000	0.0000	0.0000	0.0004	0.0002	0.0001	0.0002	0.0002	0.0000	0.0001	0.0000	0.0001	0.0003	0.0002	0.0000	0.0001	0.0001	0.0000	0.0001	0.0001	0.0000	0.0976	0.0687	0.0289	0.0532	0.0490	0.0043	0.0444	0.0198	0.0246	0.0258	0.0329	0.0000	0.0118	0.0116	0.0000	0.0477	1.1180	0.0000	0.0040	0.0035	0.0051	0.0046	0.0049	0.0016	0.0032	0.0002	0.0057
7	68	0.4158	7	1	0	1	0	0	0	0	0	N	N	N	N	N	N	N	N	N	N	N	N	0.0218	0.0178	0.0000	0.0263	0.0230	0.0000	0.0151	0.4793	0.0000	0.0021	0.0023	0.0000	0.0039	0.0041	0.0000	0.0001	0.0001	0.0000	0.0946	0.1308	0.0110	0.1490	0.1779	0.0053	0.0074	0.0003	0.0140	0.0000	0.0365	-0.0000	-0.0082	0.0052	1.0531	6.0470	9.0748	0.0000	0.0000	0.0000	0.0000	0.0000	0.0000	0.0000	0.0000	0.0000	0.0169	0.0163	0.0006	0.0164	0.0163	0.0001	0.0005	0.0000	0.0005	0.0003	0.0002	0.0000	0.0001	0.0001	0.0000	0.0001	0.0001	0.0000	0.1787	0.1247	0.0540	0.1100	0.0917	0.0184	0.0687	0.0330	0.0357	0.0218	0.0178	0.0000	0.0263	0.0230	0.0000	0.0151	0.4793	0.0000	0.0946	0.1308	0.0110	0.1490	0.1779	0.0053	0.0074	0.0003	0.0140
7	69	0.0594	2	2	0	2	0	0	0	0	0	Y	N	Y	N	N	N	N	N	N	N	N	N	0.0000	0.0000	0.0000	0.0000	0.0000	0.0000	0.0000	0.0000	0.0000	0.0000	0.0000	0.0000	0.0000	0.0000	0.0000	0.1640	0.0000	0.3411	0.0688	0.0000	1.6198	0.1748	0.0000	0.3309	inf	0.0000	0.0069	0.0052	0.0000	6.0470	4.9600	0.0000	0.0000	0.0000	0.0000	0.0000	0.0000	0.0000	0.0000	0.0000	0.0144	0.0000	0.0144	0.0006	0.0000	0.0006	0.0138	0.0000	0.0138	0.0000	0.0000	0.0000	0.0000	0.0000	0.0000	0.0000	0.0000	0.0000	0.0880	0.0457	0.0423	0.0089	0.0084	0.0006	0.0791	0.0373	0.0418	0.0000	0.0000	0.0000	0.0000	0.0000	0.0000	0.0000	0.0000	0.0000	0.1640	0.0000	0.3411	0.0688	0.0000	1.1165	0.1748	0.0000	0.3309				
7	71	0.1156	6	1	0	2	0	0	0	0	0	N	N	Y	N	N	N	N	N	N	N	N	N	0.0000	0.0000	0.0000	0.0000	0.0000	0.0000	0.0000	0.0000	0.0000	0.0000	0.0000	0.0000	0.0000	0.0000	0.0000	0.0000	0.0000	0.0070	0.0069	0.0071	0.0104	0.0118	0.0000	0.0042	0.0000	0.0085	0.5032	0.0000	-0.0000	0.0052	1.0000	6.0470	0.0055	0.0000	0.0000	0.0000	0.0000	0.0000	0.0000	0.0000	0.0000	0.0000	0.0001	0.0001	0.0000	0.0001	0.0001	0.0000	0.0000	0.0000	0.0000	0.0001	0.0000	0.0000	0.0000	0.0000	0.0000	0.0001	0.0000	0.0000	0.0127	0.0085	0.0042	0.0057	0.0050	0.0007	0.0070	0.0035	0.0035	0.0000	0.0000	0.0000	0.0000	0.0000	0.0000	0.0000	0.0000	0.0000	0.0070	0.0069	0.0071	0.0104	0.0118	0.0000	0.0042	0.0000	0.0085		
7	72	0.1090	5	1	0	2	0	0	0	0	0	N	N	Y	N	N	N	N	N	N	N	N	N	0.0000	0.0000	0.0000	0.0000	0.0000	0.0000	0.0000	0.0000	0.0000	0.0000	0.0000	0.0000	0.0000	0.0000	0.0000	0.0000	0.0000	1.5532	1.2883	2.0864	1.8954	2.1140	0.0571	1.2668	0.0000	2.4330	0.8046	0.0000	-0.0017	0.0052	0.0000	6.0470	1.0265	0.0000	0.0000	0.0000	0.0000	0.0000	0.0000	0.0000	0.0000	0.0000	0.0232	0.0129	0.0103	0.0129	0.0129	0.0000	0.0103	0.0000	0.0103	0.0000	0.0000	0.0000	0.0000	0.0000	0.0000	0.0000	0.0000	0.0000	0.0149	0.0100	0.0050	0.0068	0.0061	0.0007	0.0081	0.0039	0.0042	0.0000	0.0000	0.0000	0.0000	0.0000	0.0000	0.0000	0.0000	0.0000	1.5532	1.2883	2.0864	1.8954	2.1140	0.0571	1.2668	0.0000	2.4330		
7	73	0.1036	4	1	0	1	0	0	0	0	0	N	N	N	N	N	N	N	N	N	N	N	N	0.0000	0.0000	0.0000	0.0000	0.0000	0.0000	0.0000	0.0000	0.0000	0.0000	0.0000	0.0000	0.0000	0.0000	0.0000	0.0000	0.0000	0.0000	8.8127	0.1685	24.5243	0.2069	0.2182	0.0946	19.1762	0.0023	28.5100	80.0927	0.0000	0.4505	0.0052	0.0000	6.0470	1.0321	0.0000	0.0000	0.0000	0.0000	0.0000	0.0000	0.0000	0.0000	0.0000	0.9655	0.0119	0.9536	0.0124	0.0119	0.0005	0.9532	0.0000	0.9531	0.0001	0.0000	0.0000	0.0000	0.0000	0.0000	0.0000	0.0000	0.0000	0.1096	0.0707	0.0389	0.0599	0.0544	0.0055	0.0497	0.0163	0.0334	0.0000	0.0000	0.0000	0.0000	0.0000	0.0000	0.0000	0.0000	0.0000	8.8127	0.1685	24.5243	0.2069	0.2182	0.0946	19.1762	0.0023	28.5100	
7	74	0.0807	3	1	0	1	0	0	0	0	0	N	N	N	N	N	N	N	N	N	N	N	N	0.0256	0.6154	0.0159	0.6389	0.5499	26.8693	0.0094	5.9070	0.0111	0.0756	0.0676	0.1243	0.0984	0.0905	0.2088	0.0486	0.0351	0.0946	2.9553	0.1099	7.8223	0.1540	0.1645	0.0078	5.1877	0.0059	8.5045	0.2991	41.6023	0.0000	0.4101	0.0052	0.5629	6.0470	8.5245	0.0000	0.0000	0.0000	0.0000	0.0000	0.0000	0.0000	0.0000	0.0000	0.9005	0.0211	0.8794	0.0208	0.0207	0.0001	0.8797	0.0004	0.8793	0.0002	0.0002	0.0000	0.0001	0.0001	0.0000	0.0001	0.0001	0.0000	0.3047	0.1923	0.1124	0.1351	0.1261	0.0090	0.1696	0.0662	0.1034	0.0256	0.6154	0.0159	0.6389	0.5499	26.8693	0.0094	5.9070	0.0111	2.9553	0.1099	7.8223	0.1540	0.1645	0.0078	5.1877	0.0059	8.5045
7	75	0.0977	4	1	1	1	0	0	0	0	0	N	N	N	N	N	N	N	N	N	N	N	N	0.0000	0.0000	0.0000	0.0000	0.0000	0.0000	0.0000	0.0000	0.0000	0.0000	0.0000	0.0000	0.0000	0.0000	0.0000	0.0000	0.0000	0.0000	0.0020	0.0003	0.0058	0.0007	0.0006	0.0015	0.0031	0.0000	0.0071	7.7437	0.0000	0.0001	0.0052	1.9994	6.0470	4.0943	0.0000	0.0000	0.0000	0.0000	0.0000	0.0000	0.0000	0.0000	0.0000	0.0002	0.0000	0.0002	0.0000	0.0000	0.0000	0.0002	0.0000	0.0002	0.0001	0.0001	0.0000	0.0000	0.0000	0.0000	0.0001	0.0001	0.0000	0.0960	0.0670	0.0290	0.0446	0.0379	0.0067	0.0514	0.0291	0.0223	0.0000	0.0000	0.0000	0.0000	0.0000	0.0000	0.0000	0.0000	0.0000	0.0020	0.0003	0.0058	0.0007	0.0006	0.0015	0.0031	0.0000	0.0071	
7	76	0.0915	3	1	0	1	0	0	0	0	0	N	N	N	N	N	N	N	N	N	N	N	N	0.0000	0.0000	0.0000	0.0000	0.0000	0.0000	0.0000	0.0000	0.0000	0.0000	0.0000	0.0000	0.0000	0.0000	0.0000	0.0000	0.0000	0.0000	0.0564	0.0090	0.1692	0.0120	0.0101	0.0308	0.0933	0.0074	0.1921	7.9363	0.0000	0.0011	0.0052	0.0011	6.0470	2.7207	0.0000	0.0000	0.0000	0.0000	0.0000	0.0000	0.0000	0.0000	0.0000	0.0031	0.0003	0.0028	0.0003	0.0002	0.0001	0.0028	0.0001	0.0027	0.0000	0.0000	0.0000	0.0000	0.0000	0.0000	0.0000	0.0000	0.0000	0.0553	0.0389	0.0164	0.0251	0.0228	0.0023	0.0302	0.0161	0.0140	0.0000	0.0000	0.0000	0.0000	0.0000	0.0000	0.0000	0.0000	0.0000	0.0564	0.0090	0.1692	0.0120	0.0101	0.0308	0.0933	0.0074	0.1921	
7	77	0.0594	2	1	0	1	0	0	0	0	0	N	N	N	N	N	N	N	N	N	N	N	N	0.0000	0.0000	0.0000	0.0000	0.0000	0.0000	0.0000	0.0000	0.0000	0.0000	0.0000	0.0000	0.0000	0.0000	0.0000	0.0000	0.0000	0.0000	6.2635	0.0122	12.7222	0.0827	0.0770	0.1459	6.8103	0.0010	12.8974	1011.4020	0.0000	0.4741	0.0052	0.0001	6.0470	10.0074	0.0000	0.0000	0.0000	0.0000	0.0000	0.0000	0.0000	0.0000	0.0000	0.9921	0.0010	0.9911	0.0011	0.0009	0.0002	0.9910	0.0001	0.9909	0.0006	0.0004	0.0002	0.0004	0.0003	0.0000	0.0003	0.0001	0.0001	0.1584	0.0805	0.0779	0.0129	0.0118	0.0011	0.1455	0.0687	0.0768	0.0000	0.0000	0.0000	0.0000	0.0000	0.0000	0.0000	0.0000	0.0000	6.2635	0.0122	12.7222	0.0827	0.0770	0.1459	6.8103	0.0010	12.8974	
7	78	0.0796	3	2	0	2	0	0	0	0	0	Y	N	Y	N	N	N	N	N	N	N	N	N	0.7277	inf	4.4916	0.2961	1.7238	1.6291	inf	4.1184	0.0006	0.0000	0.0069	0.0002	0.0000	0.0128	0.0013	0.0001	0.0062	0.0008	0.0000	0.0015	0.0006	0.0000	0.0074	0.0008	0.0000	0.0015	24.8978	inf	0.0000	0.0000	0.0052	1.6246	6.0470	0.0115	0.0000	0.0000	0.0000	0.0000	0.0000	0.0000	0.0000	0.0000	0.0000	0.0000	0.0000	0.0000	0.0000	0.0000	0.0000	0.0000	0.0000	0.0000	0.0009	0.0008	0.0001	0.0006	0.0005	0.0000	0.0003	0.0002	0.0001	0.0326	0.0164	0.0162	0.0013	0.0012	0.0001	0.0313	0.0151	0.0161	0.7277	inf	4.4916	0.2961	0.0000	1.7238	1.6291	inf	4.1184	0.0008	0.0000	0.0015	0.0006	0.0000	0.0074	0.0008	0.0000	0.0015	
7	79	0.0594	2	2	0	2	0	0	0	0	0	Y	N	Y	N	N	N	N	N	N	N	N	N	21.7638	46563.8096	41.3442	30.6813	0.1112	48.8711	34.2750	1432695.1184	40.3131	1.6374	0.8606	6.3083	0.3904	0.0000	6.9718	2.7598	1.7988	6.1567	0.0752	0.0000	0.1526	0.0127	0.0001	0.1427	0.0805	0.0000	0.1527	1.2191	8028.3105	0.0019	0.0067	0.0052	8.1927	6.0470	3.9952	0.0041	0.0019	0.0023	0.0005	0.0000	0.0005	0.0037	0.0019	0.0018	0.0139	0.0000	0.0139	0.0002	0.0000	0.0002	0.0138	0.0000	0.0138	0.0025	0.0022	0.0004	0.0012	0.0011	0.0001	0.0013	0.0010	0.0003	0.1854	0.0940	0.0914	0.0145	0.0132	0.0013	0.1709	0.0808	0.0901	21.7638	46563.8096	41.3442	30.6813	0.1112	48.8711	34.2750	1432695.1184	40.3131	0.0752	0.0000	0.1526	0.0127	0.0001	0.1427	0.0805	0.0000	0.1527
7	80	0.0594	2	1	1	1	1	0	0	0	0	N	N	N	N	N	N	N	N	N	N	N	N	0.0654	17.1558	0.0000	6.2637	6.3800	0.0000	0.0000	0.0000	0.2528	0.3320	0.0000	0.4630	0.5226	0.0000	0.0000	0.0000	0.0000	3.8657	0.0194	7.8179	0.0739	0.0819	0.0000	4.1676	0.0099	7.9336	0.0000	393.1646	-0.0000	0.4607	0.0052	0.7962	6.0470	19.0091	0.0002	0.0002	0.0000	0.0002	0.0002	0.0000	0.0000	0.0000	0.0000	0.9671	0.0025	0.9646	0.0014	0.0014	0.0000	0.9657	0.0011	0.9646	0.0008	0.0006	0.0002	0.0004	0.0004	0.0000	0.0004	0.0002	0.0001	0.2502	0.1268	0.1234	0.0184	0.0166	0.0018	0.2317	0.1101	0.1216	0.0654	17.1558	0.0000	6.2637	6.3800	0.0000	0.0000	0.0000	0.0000	3.8657	0.0194	7.8179	0.0739	0.0819	0.0000	4.1676	0.0099	7.9336	
7	81	0.0594	2	1	1	1	0	0	0	0	0	N	N	N	N	N	N	N	N	N	N	N	N	1.2753	0.8750	0.0000	0.1734	0.1758	0.0000	0.0000	0.0000	0.2528	0.3320	0.0000	0.4630	0.5226	0.0000	0.0000	0.0000	0.0000	0.1982	0.3794	0.0107	2.6691	2.9726	0.0305	0.0054	0.0000	0.0104	0.0000	0.0273	-0.0000	-0.0301	0.0052	0.7962	6.0470	25.3140	0.0002	0.0002	0.0000	0.0002	0.0002	0.0000	0.0000	0.0000	0.0000	0.0610	0.0593	0.0016	0.0594	0.0593	0.0001	0.0015	0.0000	0.0015	0.0008	0.0006	0.0002	0.0004	0.0004	0.0000	0.0004	0.0002	0.0001	0.3076	0.1564	0.1512	0.0223	0.0200	0.0023	0.2854	0.1364	0.1489	1.2753	0.8750	0.0000	0.1734	0.1758	0.0000	0.0000	0.0000	0.0000	0.1982	0.3794	0.0107	2.6691	2.9726	0.0305	0.0054	0.0000	0.0104	
7	82	0.0594	2	1	1	1	0	0	0	0	0	N	N	N	N	N	N	N	N	N	N	N	N	14.5869	9.3837	4.5379	4.4986	0.0000	0.0000	0.1964	0.2481	0.0000	0.3759	0.4164	0.0000	0.0000	0.0000	0.0000	0.0135	0.0264	0.0000	0.0828	0.0926	0.0000	0.0081	0.0168	0.0000	0.0000	0.0000	-0.0000	-0.0023	0.0052	1.7961	6.0470	27.0091	0.0002	0.0002	0.0000	0.0002	0.0002	0.0000	0.0000	0.0000	0.0000	0.0044	0.0044	0.0000	0.0020	0.0020	0.0000	0.0025	0.0025	0.0000	0.0010	0.0008	0.0002	0.0005	0.0005	0.0001	0.0005	0.0003	0.0002	0.3300	0.1681	0.1619	0.0238	0.0213	0.0025	0.3061	0.1467	0.1594	14.5869	9.3837	0.0000	4.5379	4.4986	0.0000	0.0000	0.0000	0.0000	0.0135	0.0264	0.0000	0.0828	0.0926	0.0000	0.0081	0.0168	0.0000			
7	83	0.1697	5	1	0	1	0	0	0	0	0	N	N	N	N	N	N	N	N	N	N	N	N	0.0055	0.0043	0.0000	0.0056	0.0050	0.0000	0.0033	0.0053	0.0000	0.0005	0.0006	0.0000	0.0010	0.0010	0.0000	0.0000	0.0000	0.0000	0.0947	0.1350	0.0101	0.1788	0.2102	0.0036	0.0099	0.0077	0.0121	0.0000	0.0357	-0.0000	-0.0237	0.0052	10.0679	6.0470	33.8159	0.0000	0.0000	0.0000	0.0000	0.0000	0.0000	0.0000	0.0000	0.0000	0.0486	0.0470	0.0017	0.0461	0.0460	0.0001	0.0025	0.0010	0.0015	0.0023	0.0021	0.0003	0.0012	0.0011	0.0000	0.0012	0.0010	0.0002	0.5136	0.3480	0.1656	0.2580	0.2187	0.0393	0.2556	0.1292	0.1264	0.0055	0.0043	0.0000	0.0056	0.0050	0.0000	0.0033	0.0053	0.0000	0.0947	0.1350	0.0101	0.1788	0.2102	0.0036	0.0099	0.0077	0.0121
7	84	0.1421	4	1	0	1	0	0	0	0	0	N	N	N	N	N	N	N	N	N	N	N	N	0.0365	0.0397	0.0291	0.0334	0.0316	0.0289	0.0427	2.9809	0.0286	0.0098	0.0099	0.0090	0.0115	0.0118	0.0036	0.0081	0.0076	0.0102	0.2691	0.2504	0.3091	0.3427	0.3734	0.1248	0.1899	0.0026	0.3553	0.1196	0.5798	0.0000	-0.0170	0.0052	0.9441	6.0470	14.0836	0.0000	0.0000	0.0000	0.0000	0.0000	0.0000	0.0000	0.0000	0.0000	0.1104	0.0699	0.0405	0.0729	0.0696	0.0033	0.0375	0.0002	0.0372	0.0003	0.0002	0.0000	0.0001	0.0001	0.0000	0.0001	0.0001	0.0000	0.4102	0.2791	0.1311	0.2128	0.1865	0.0263	0.1974	0.0926	0.1048	0.0365	0.0397	0.0291	0.0334	0.0316	0.0289	0.0427	2.9809	0.0286	0.2691	0.2504	0.3091	0.3427	0.3734	0.1248	0.1899	0.0026	0.3553
7	85	0.4243	7	1	0	1	0	0	0	0	0	N	N	N	N	N	N	N	N	N	N	N	N	5.7890	6.0834	0.0000	5.2414	4.9911	0.0000	6.8087	132.7362	0.0000	0.0423	0.0472	0.0000	0.0572	0.0598	0.0000	0.0232	0.0283	0.0000	0.0073	0.0078	0.0063	0.0109	0.0120	0.0046	0.0034	0.0002	0.0069	0.0000	0.3591	-0.0000	-0.0008	0.0052	15.0008	6.0470	28.2980	0.0002	0.0002	0.0000	0.0001	0.0001	0.0000	0.0000	0.0000	0.0000	0.0031	0.0023	0.0008	0.0024	0.0022	0.0001	0.0007	0.0000	0.0007	0.0046	0.0041	0.0005	0.0026	0.0025	0.0001	0.0020	0.0016	0.0004	0.4186	0.2903	0.1283	0.2172	0.1859	0.0313	0.2014	0.1044	0.0970	5.7890	6.0834	0.0000	5.2414	4.9911	0.0000	6.8087	132.7362	0.0000	0.0073	0.0078	0.0063	0.0109	0.0120	0.0046	0.0034	0.0002	0.0069
7	86	0.4243	7	1	0	1	0	0	0	0	0	N	N	N	N	N	N	N	N	N	N	N	N	3.1055	2.8461	0.0000	2.4310	2.2815	0.0000	6.4984	15.1152	0.0000	0.0494	0.0555	0.0000	0.0597	0.0630	0.0000	0.0346	0.0428	0.0000	0.0159	0.0195	0.0073	0.0246	0.0276	0.0054	0.0053	0.0028	0.0080	0.0000	0.1566	-0.0000	-0.0024	0.0052	10.8154	6.0470	27.4443	0.0001	0.0001	0.0000	0.0001	0.0001	0.0000	0.0000	0.0000	0.0000	0.0063	0.0054	0.0008	0.0053	0.0052	0.0002	0.0009	0.0003	0.0007	0.0028	0.0025	0.0003	0.0016	0.0015	0.0001	0.0011	0.0009	0.0002	0.3947	0.2784	0.1163	0.2170	0.1871	0.0299	0.1777	0.0913	0.0864	3.1055	2.8461	0.0000	2.4310	2.2815	0.0000	6.4984	15.1152	0.0000	0.0159	0.0195	0.0073	0.0246	0.0276	0.0054	0.0053	0.0028	0.0080
7	87	0.3765	6	1	0	1	0	0	0	0	0	N	N	N	N	N	N	N	N	N	N	N	N	5.3917	6.4800	1.8795	4.6482	5.1381	0.7599	7.2771	36.5103	2.7344	0.1142	0.1230	0.0501	0.1217	0.1295	0.0246	0.1012	0.1097	0.0668	0.0212	0.0190	0.0267	0.0262	0.0252	0.0324	0.0139	0.0030	0.0244	0.0554	0.5683	-0.0000	-0.0023	0.0052	2.7608	6.0470	22.4044	0.0001	0.0001	0.0000	0.0001	0.0001	0.0000	0.0000	0.0000	0.0000	0.0148	0.0094	0.0053	0.0108	0.0090	0.0018	0.0039	0.0004	0.0035	0.0012	0.0011	0.0001	0.0008	0.0007	0.0001	0.0004	0.0004	0.0001	0.6963	0.4958	0.2006	0.4132	0.3567	0.0565	0.2831	0.1390	0.1441	5.3917	6.4800	1.8795	4.6482	5.1381	0.7599	7.2771	36.5103	2.7344	0.0212	0.0190	0.0267	0.0262	0.0252	0.0324	0.0139	0.0030	0.0244
7	88	0.2467	5	1	0	1	0	0	0	0	0	N	N	N	N	N	N	N	N	N	N	N	N	0.0539	0.1241	0.0199	0.0902	0.0796	0.5984	0.0379	2.8393	0.0162	0.0396	0.0405	0.0329	0.0386	0.0393	0.0226	0.0407	0.0419	0.0353	0.7350	0.3259	1.6519	0.4280	0.4938	0.0378	1.0742	0.0148	2.1773	0.1012	2.2613	-0.0000	0.0818	0.0052	8.8820	6.0470	49.9570	0.0001	0.0001	0.0000	0.0000	0.0000	0.0000	0.0000	0.0000	0.0000	0.4746	0.1455	0.3291	0.1451	0.1432	0.0018	0.3295	0.0023	0.3272	0.0022	0.0019	0.0002	0.0011	0.0011	0.0000	0.0011	0.0009	0.0002	0.6457	0.4465	0.1992	0.3389	0.2900	0.0489	0.3068	0.1565	0.1503	0.0539	0.1241	0.0199	0.0902	0.0796	0.5984	0.0379	2.8393	0.0162	0.7350	0.3259	1.6519	0.4280	0.4938	0.0378	1.0742	0.0148	2.1773
7	89	0.0594	2	2	1	1	1	0	0	0	0	Y	N	N	N	N	N	N	N	N	N	N	N	1.1999	1.0128	0.0000	0.2077	0.2127	0.0000	0.0000	0.0000	0.2528	0.3320	0.0000	0.4630	0.5226	0.0000	0.0000	0.0000	0.0000	0.2107	0.3278	0.0904	2.2289	2.4569	0.0589	0.0477	0.0000	0.0908	0.0000	0.2686	-0.0000	-0.0150	0.0052	0.7962	6.0470	16.9291	0.0002	0.0002	0.0000	0.0002	0.0002	0.0000	0.0000	0.0000	0.0000	0.0483	0.0381	0.0102	0.0382	0.0381	0.0001	0.0101	0.0000	0.0101	0.0008	0.0006	0.0002	0.0004	0.0004	0.0000	0.0004	0.0002	0.0001	0.2295	0.1162	0.1132	0.0171	0.0155	0.0016	0.2123	0.1007	0.1116	1.1999	1.0128	0.0000	0.2077	0.2127	0.0000	0.0000	0.0000	0.0000	0.2107	0.3278	0.0904	2.2289	2.4569	0.0589	0.0477	0.0000	0.0908	
7	90	0.1314	7	1	1	1	1	0	0	0	0	N	N	N	N	N	N	N	N	N	N	N	N	0.0000	0.0000	0.0000	0.0000	0.0000	0.0000	0.0000	0.0000	0.0000	0.0000	0.0000	0.0000	0.0000	0.0000	0.0000	0.0000	0.0000	0.0000	0.0000	0.0000	0.0052	0.0000	6.0470	0.0000	0.0000	0.0000	0.0000	0.0000	0.0000	0.0000	0.0000	0.0000	0.0000	0.0000	0.0000	0.0000	0.0000	0.0000	0.0000	0.0000	0.0000	0.0000	0.0000	0.0000	0.0000	0.0000	0.0000	0.0000	0.0000	0.0000	0.0000	0.0000	0.0000	0.0000	0.0000	0.0000	0.0000	0.0000	0.0000	0.0000	0.0000	0.0000	0.0000	0.0000	0.0000	0.0000	0.0000	0.0000	0.0000	0.0000	0.0000	0.0000	0.0000	0.0000	0.0000	0.0000	0.0000	0.0000											
7	91	0.1207	6	1	1	1	1	0	0	0	0	N	N	N	N	N	N	N	N	N	N	N	N	0.0000	0.0000	0.0000	0.0000	0.0000	0.0000	0.0000	0.0000	0.0000	0.0000	0.0000	0.0000	0.0000	0.0000	0.0000	0.0000	0.0000	0.0000	0.0000	0.0000	0.0052	1.0000	6.0470	3.0000	0.0000	0.0000	0.0000	0.0000	0.0000	0.0000	0.0000	0.0000	0.0000	0.0000	0.0000	0.0000	0.0000	0.0000	0.0000	0.0000	0.0000	0.0000	0.0001	0.0001	0.0000	0.0000	0.0000	0.0000	0.0001	0.0001	0.0000	0.0647	0.0321	0.0326	0.0072	0.0061	0.0011	0.0576	0.0261	0.0315	0.0000	0.0000	0.0000	0.0000	0.0000	0.0000	0.0000	0.0000	0.0000	0.0000	0.0000	0.0000	0.0000	0.0000	0.0000	0.0000	0.0000	0.0000											
7	92	0.1142	4	1	1	1	0	0	0	0	0	N	N	N	N	N	N	N	N	N	N	N	N	0.0000	0.0000	0.0000	0.0000	0.0000	0.0000	0.0000	0.0000	0.0000	0.0000	0.0000	0.0000	0.0000	0.0000	0.0000	0.0000	0.0000	0.0000	0.0000	0.0000	0.0052	0.0000	6.0470	0.0000	0.0000	0.0000	0.0000	0.0000	0.0000	0.0000	0.0000	0.0000	0.0000	0.0000	0.0000	0.0000	0.0000	0.0000	0.0000	0.0000	0.0000	0.0000	0.0000	0.0000	0.0000	0.0000	0.0000	0.0000	0.0000	0.0000	0.0000	0.0000	0.0000	0.0000	0.0000	0.0000	0.0000	0.0000	0.0000	0.0000	0.0000	0.0000	0.0000	0.0000	0.0000	0.0000	0.0000	0.0000	0.0000	0.0000	0.0000	0.0000	0.0000	0.0000	0.0000	0.0000	0.0000	0.0000											
7	93	0.1207	6	1	0	2	1	0	0	0	0	N	N	Y	N	N	N	N	N	N	N	N	N	0.0000	0.0000	0.0000	0.0000	0.0000	0.0000	0.0000	0.0000	0.0000	0.0000	0.0000	0.0000	0.0000	0.0000	0.0000	0.0000	0.0000	0.0000	0.0000	0.0000	0.0052	0.0000	6.0470	0.0000	0.0000	0.0000	0.0000	0.0000	0.0000	0.0000	0.0000	0.0000	0.0000	0.0000	0.0000	0.0000	0.0000	0.0000	0.0000	0.0000	0.0000	0.0000	0.0000	0.0000	0.0000	0.0000	0.0000	0.0000	0.0000	0.0000	0.0000	0.0000	0.0000	0.0000	0.0000	0.0000	0.0000	0.0000	0.0000	0.0000	0.0000	0.0000	0.0000	0.0000	0.0000	0.0000	0.0000	0.0000	0.0000	0.0000	0.0000	0.0000	0.0000	0.0000	0.0000	0.0000	0.0000	0.0000											
7	94	0.1180	5	1	0	1	1	0	0	0	0	N	N	N	N	N	N	N	N	N	N	N	N	0.0000	0.0000	0.0000	0.0000	0.0000	0.0000	0.0000	0.0000	0.0000	0.0000	0.0000	0.0000	0.0000	0.0000	0.0000	0.0000	0.0000	0.0000	0.0000	0.0000	0.0000	0.0000	0.0000	0.0000	-0.0000	0.0052	1.0000	6.0470	0.0097	0.0000	0.0000	0.0000	0.0000	0.0000	0.0000	0.0000	0.0000	0.0000	0.0000	0.0000	0.0000	0.0000	0.0000	0.0000	0.0000	0.0000	0.0000	0.0001	0.0001	0.0000	0.0000	0.0000	0.0000	0.0001	0.0001	0.0000	0.0175	0.0086	0.0088	0.0021	0.0019	0.0003	0.0153	0.0068	0.0085	0.0000	0.0000	0.0000	0.0000	0.0000	0.0000	0.0000	0.0000	0.0000	0.0000	0.0000	0.0000	0.0000	0.0000	0.0000	0.0000	0.0000	0.0000						
7	95	0.1180	5	1	0	2	1	0	0	0	0	N	N	Y	N	N	N	N	N	N	N	N	N	0.0000	0.0000	0.0000	0.0000	0.0000	0.0000	0.0000	0.0000	0.0000	0.0000	0.0000	0.0000	0.0000	0.0000	0.0000	0.0000	0.0000	0.0000	0.0000	0.0000	0.0000	0.0000	0.0000	0.0000	-0.0000	0.0052	2.0000	6.0470	3.0050	0.0000	0.0000	0.0000	0.0000	0.0000	0.0000	0.0000	0.0000	0.0000	0.0000	0.0000	0.0000	0.0000	0.0000	0.0000	0.0000	0.0000	0.0000	0.0003	0.0002	0.0000	0.0001	0.0001	0.0000	0.0002	0.0002	0.0000	0.0806	0.0400	0.0405	0.0091	0.0078	0.0014	0.0714	0.0323	0.0391	0.0000	0.0000	0.0000	0.0000	0.0000	0.0000	0.0000	0.0000	0.0000	0.0000	0.0000	0.0000	0.0000	0.0000	0.0000	0.0000	0.0000	0.0000						
7	96	0.1180	5	1	0	2	1	0	0	0	0	N	N	Y	N	N	N	N	N	N	N	N	N	0.0000	0.0000	0.0000	0.0000	0.0000	0.0000	0.0000	0.0000	0.0000	0.0000	0.0000	0.0000	0.0000	0.0000	0.0000	0.0000	0.0002	0.0002	0.0002	0.0008	0.0010	0.0000	0.0001	0.0000	0.0002	0.9927	0.0000	-0.0000	0.0052	0.0000	6.0470	6.9903	0.0000	0.0000	0.0000	0.0000	0.0000	0.0000	0.0000	0.0000	0.0000	0.0000	0.0000	0.0000	0.0000	0.0000	0.0000	0.0000	0.0000	0.0000	0.0000	0.0000	0.0000	0.0000	0.0000	0.0000	0.0000	0.0000	0.0000	0.1097	0.0547	0.0550	0.0124	0.0105	0.0019	0.0973	0.0442	0.0531	0.0000	0.0000	0.0000	0.0000	0.0000	0.0000	0.0000	0.0000	0.0000	0.0002	0.0002	0.0002	0.0008	0.0010	0.0000	0.0001	0.0000	0.0002			
7	97	0.1125	4	1	0	1	1	0	0	0	0	N	N	N	N	N	N	N	N	N	N	N	N	0.0000	0.0000	0.0000	0.0000	0.0000	0.0000	0.0000	0.0000	0.0000	0.0000	0.0000	0.0000	0.0000	0.0000	0.0000	0.0000	0.0000	0.0000	0.0071	0.0118	0.0017	0.0471	0.0551	0.0007	0.0009	0.0000	0.0018	0.1286	0.0000	-0.0001	0.0052	0.9999	6.0470	1.0605	0.0000	0.0000	0.0000	0.0000	0.0000	0.0000	0.0000	0.0000	0.0000	0.0003	0.0003	0.0000	0.0003	0.0003	0.0000	0.0000	0.0000	0.0000	0.0003	0.0003	0.0000	0.0001	0.0001	0.0000	0.0002	0.0002	0.0000	0.0421	0.0224	0.0197	0.0056	0.0048	0.0008	0.0365	0.0176	0.0189	0.0000	0.0000	0.0000	0.0000	0.0000	0.0000	0.0000	0.0000	0.0000	0.0071	0.0118	0.0017	0.0471	0.0551	0.0007	0.0009	0.0000	0.0018	
7	98	0.1104	3	1	0	1	1	0	0	0	0	N	N	N	N	N	N	N	N	N	N	N	N	0.6688	0.2890	124.5191	0.1234	0.0927	78.4492	178.9154	2776.6993	123.5849	0.4045	0.3169	0.5444	0.4464	0.3924	1.0003	0.3573	0.0421	0.4809	0.6047	1.0967	0.0044	3.6169	4.2353	0.0128	0.0020	0.0000	0.0039	1.0747	0.0033	0.0000	-0.0074	0.0052	0.0012	6.0470	1.0414	0.0000	0.0000	0.0000	0.0000	0.0000	0.0000	0.0000	0.0000	0.0000	0.0142	0.0142	0.0000	0.0142	0.0142	0.0000	0.0000	0.0000	0.0000	0.0000	0.0000	0.0000	0.0000	0.0000	0.0000	0.0000	0.0000	0.0000	0.0235	0.0129	0.0106	0.0039	0.0033	0.0006	0.0196	0.0096	0.0100	0.6688	0.2890	124.5191	0.1234	0.0927	78.4492	178.9154	2776.6993	123.5849	0.6047	1.0967	0.0044	3.6169	4.2353	0.0128	0.0020	0.0000	0.0039
7	99	0.0594	2	2	1	1	0	0	0	0	0	Y	N	N	N	N	N	N	N	N	N	N	N	47.3229	1508.3157	83.3847	44.9076	42.4756	51.9033	79.1837	inf	95.4363	2.8861	1.2909	10.2402	0.6279	0.2601	4.9116	5.1430	2.6038	11.7584	0.0610	0.0009	0.1228	0.0140	0.0061	0.0946	0.0650	0.0000	0.1232	1.7208	139.5747	0.0022	0.0054	0.0052	3.2042	6.0470	9.0918	0.0041	0.0015	0.0026	0.0004	0.0002	0.0003	0.0037	0.0013	0.0023	0.0114	0.0001	0.0114	0.0002	0.0001	0.0001	0.0112	0.0000	0.0112	0.0014	0.0012	0.0003	0.0007	0.0007	0.0001	0.0007	0.0005	0.0002	0.1876	0.0951	0.0925	0.0146	0.0133	0.0013	0.1730	0.0818	0.0912	47.3229	1508.3157	83.3847	44.9076	42.4756	51.9033	79.1837	inf	95.4363	0.0610	0.0009	0.1228	0.0140	0.0061	0.0946	0.0650	0.0000	0.1232
7	100	0.0594	2	1	1	1	0	0	0	0	0	N	N	N	N	N	N	N	N	N	N	N	N	0.0414	66.4107	0.0000	9.2271	15.1571	0.0000	0.0000	0.0000	0.2528	0.3320	0.0000	0.4630	0.5226	0.0000	0.0000	0.0000	0.0000	6.1102	0.0050	12.4093	0.0502	0.0345	0.2205	6.6402	0.0000	12.5797	0.0000	2405.8679	-0.0000	0.4806	0.0052	0.7962	6.0470	10.9291	0.0002	0.0002	0.0000	0.0002	0.0002	0.0000	0.0000	0.0000	0.0000	1.0044	0.0004	1.0040	0.0007	0.0004	0.0002	1.0038	0.0000	1.0038	0.0008	0.0006	0.0002	0.0004	0.0004	0.0000	0.0004	0.0002	0.0001	0.1644	0.0835	0.0809	0.0132	0.0121	0.0011	0.1512	0.0714	0.0798	0.0414	66.4107	0.0000	9.2271	15.1571	0.0000	0.0000	0.0000	0.0000	6.1102	0.0050	12.4093	0.0502	0.0345	0.2205	6.6402	0.0000	12.5797	
7	101	0.1172	5	2	1	1	0	0	0	0	0	Y	N	N	N	N	N	N	N	N	N	N	N	0.0000	0.0000	0.0000	0.0000	0.0000	0.0000	0.0000	0.0000	0.0000	0.0000	0.0000	0.0000	0.0000	0.0000	0.0000	0.0292	0.0000	0.0602	0.0130	0.0000	0.0915	0.0310	0.0000	0.0593	inf	0.0000	0.0008	0.0052	0.0000	6.0470	3.0000	0.0000	0.0000	0.0000	0.0000	0.0000	0.0000	0.0000	0.0000	0.0000	0.0016	0.0000	0.0016	0.0001	0.0000	0.0001	0.0015	0.0000	0.0015	0.0000	0.0000	0.0000	0.0000	0.0000	0.0000	0.0000	0.0000	0.0000	0.0554	0.0285	0.0269	0.0054	0.0046	0.0008	0.0500	0.0239	0.0261	0.0000	0.0000	0.0000	0.0000	0.0000	0.0000	0.0000	0.0000	0.0000	0.0292	0.0000	0.0602	0.0130	0.0000	0.0915	0.0310	0.0000	0.0593				
7	102	0.1142	4	2	1	1	0	0	0	0	0	Y	N	N	N	N	N	N	N	N	N	N	N	0.0000	0.0000	0.0000	0.0000	0.0000	0.0000	0.0000	0.0000	0.0000	0.0000	0.0000	0.0000	0.0000	51.0889	0.0000	105.0465	0.0000	0.0000	0.0000	56.4606	0.0000	108.1093	inf	0.0000	0.4704	0.0052	0.0000	6.0470	1.0000	0.0000	0.0000	0.0000	0.0000	0.0000	0.0000	0.0000	0.0000	0.0000	0.9822	0.0000	0.9822	0.0000	0.0000	0.0000	0.9822	0.0000	0.9822	0.0000	0.0000	0.0000	0.0000	0.0000	0.0000	0.0000	0.0000	0.0000	0.0192	0.0099	0.0094	0.0018	0.0016	0.0003	0.0174	0.0083	0.0091	0.0000	0.0000	0.0000	0.0000	0.0000	0.0000	0.0000	0.0000	0.0000	51.0889	0.0000	105.0465	0.0000	0.0000	0.0000	56.4606	0.0000	108.1093						
7	103	0.1104	3	1	1	1	0	0	0	0	0	N	N	N	N	N	N	N	N	N	N	N	N	14.1552	0.0000	15.8778	1.1324	0.0000	1.7871	171.3328	114.1959	0.2183	0.0000	0.5424	0.0930	0.0000	1.0009	0.3659	0.0000	0.4769	0.0154	0.0000	0.0342	0.0821	0.0001	0.5601	0.0021	0.0000	0.0042	inf	746.5092	0.0000	0.0002	0.0052	0.0006	6.0470	1.0534	0.0000	0.0000	0.0000	0.0000	0.0000	0.0000	0.0000	0.0000	0.0000	0.0004	0.0000	0.0004	0.0003	0.0000	0.0003	0.0000	0.0000	0.0000	0.0000	0.0000	0.0000	0.0000	0.0000	0.0000	0.0000	0.0000	0.0000	0.0237	0.0130	0.0107	0.0039	0.0034	0.0006	0.0198	0.0097	0.0101	14.1552	0.0000	15.8778	1.1324	0.0000	1.7871	171.3328	0.0000	114.1959	0.0154	0.0000	0.0342	0.0821	0.0001	0.5601	0.0021	0.0000	0.0042	
7	104	0.0594	2	1	0	1	0	0	0	0	0	N	N	N	N	N	N	N	N	N	N	N	N	6.9152	0.0003	70.7823	0.3267	0.0000	102.8206	29.9585	843.1489	69.2366	0.9790	0.0001	6.6641	0.4222	0.0000	7.1752	1.4864	0.0001	6.5435	0.1416	0.1878	0.0941	1.2923	1.4233	0.0698	0.0496	0.0000	0.0945	22798.2225	0.4882	0.0021	-0.0067	0.0052	7.2034	6.0470	9.9858	0.0023	0.0000	0.0023	0.0005	0.0000	0.0005	0.0018	0.0000	0.0018	0.0345	0.0232	0.0113	0.0233	0.0232	0.0001	0.0112	0.0000	0.0112	0.0023	0.0020	0.0003	0.0011	0.0010	0.0001	0.0012	0.0009	0.0003	0.2437	0.1235	0.1202	0.0180	0.0163	0.0017	0.2257	0.1072	0.1185	6.9152	0.0003	70.7823	0.3267	0.0000	102.8206	29.9585	843.1489	69.2366	0.1416	0.1878	0.0941	1.2923	1.4233	0.0698	0.0496	0.0000	0.0945
7	109	0.3291	6	1	0	1	0	0	0	0	0	N	N	N	N	N	N	N	N	N	N	N	N	0.0138	0.0287	0.0000	0.0419	0.0373	0.0000	0.0006	0.0118	0.0000	0.0027	0.0030	0.0000	0.0051	0.0053	0.0000	0.0002	0.0002	0.0000	0.1959	0.1055	0.4140	0.1211	0.1416	0.0119	0.3043	0.0197	0.6027	0.0000	1.6260	-0.0000	0.0100	0.0052	7.7801	6.0470	32.2209	0.0000	0.0000	0.0000	0.0000	0.0000	0.0000	0.0000	0.0000	0.0000	0.1020	0.0389	0.0632	0.0373	0.0367	0.0006	0.0647	0.0021	0.0626	0.0019	0.0017	0.0002	0.0010	0.0009	0.0000	0.0009	0.0007	0.0002	0.5207	0.3682	0.1526	0.3080	0.2592	0.0487	0.2128	0.1089	0.1039	0.0138	0.0287	0.0000	0.0419	0.0373	0.0000	0.0006	0.0118	0.0000	0.1959	0.1055	0.4140	0.1211	0.1416	0.0119	0.3043	0.0197	0.6027
8	9	0.0957	5	1	0	2	0	0	0	0	0	N	N	Y	N	N	N	N	N	N	N	N	N	0.0000	0.0000	0.0000	0.0000	0.0000	0.0000	0.0000	0.0000	0.0000	0.0000	0.0000	0.0000	0.0000	0.0000	0.0000	0.0000	0.0000	0.0000	0.0001	0.0000	0.0001	0.0001	0.0000	0.0000	0.0000	0.0000	0.2519	0.0000	-0.0000	4.2004	0.0000	7.1498	0.9989	0.0000	0.0000	0.0000	0.0000	0.0000	0.0000	0.0000	0.0000	0.0000	0.0000	0.0000	0.0000	0.0000	0.0000	0.0000	0.0000	0.0000	0.0000	0.0000	0.0000	0.0000	0.0000	0.0000	0.0000	0.0000	0.0000	0.0000	0.0209	0.0135	0.0074	0.0082	0.0071	0.0011	0.0127	0.0064	0.0063	0.0000	0.0000	0.0000	0.0000	0.0000	0.0000	0.0000	0.0000	0.0000	0.0000	0.0001	0.0000	0.0001	0.0001	0.0000	0.0000	0.0000	0.0000		
8	10	0.0778	3	1	0	2	0	0	0	0	0	N	N	Y	N	N	N	N	N	N	N	N	N	0.0000	0.0000	0.0000	0.0000	0.0000	0.0000	0.0000	0.0000	0.0000	0.0000	0.0000	0.0000	0.0000	0.0000	0.0000	0.0000	0.0000	0.0000	4.7802	6.8927	0.0039	0.0465	0.0511	0.0093	7.8994	14.0285	0.0030	0.0003	0.0000	-0.4244	4.2004	0.0010	7.1498	6.5746	0.0000	0.0000	0.0000	0.0000	0.0000	0.0000	0.0000	0.0000	0.0000	0.8149	0.8147	0.0002	0.0031	0.0031	0.0001	0.8118	0.8116	0.0001	0.0001	0.0001	0.0000	0.0000	0.0000	0.0000	0.0001	0.0001	0.0000	0.1705	0.1182	0.0523	0.0677	0.0603	0.0074	0.1028	0.0579	0.0449	0.0000	0.0000	0.0000	0.0000	0.0000	0.0000	0.0000	0.0000	0.0000	4.7802	6.8927	0.0039	0.0465	0.0511	0.0093	7.8994	14.0285	0.0030	
8	12	0.0603	3	1	1	1	0	0	0	0	0	N	N	N	N	N	N	N	N	N	N	N	N	0.0000	0.0000	0.0000	0.0000	0.0000	0.0000	0.0000	0.0000	0.0000	0.0000	0.0000	0.0000	0.0000	0.0000	0.0000	0.0000	0.0000	0.0154	0.0048	0.0365	0.0122	0.0124	0.0000	0.0165	0.0000	0.0369	3.7796	0.0000	0.0003	4.2004	0.0000	7.1498	1.2577	0.0000	0.0000	0.0000	0.0000	0.0000	0.0000	0.0000	0.0000	0.0000	0.0011	0.0002	0.0008	0.0002	0.0002	0.0000	0.0008	0.0000	0.0008	0.0000	0.0000	0.0000	0.0000	0.0000	0.0000	0.0000	0.0000	0.0000	0.0696	0.0465	0.0232	0.0183	0.0181	0.0002	0.0513	0.0284	0.0229	0.0000	0.0000	0.0000	0.0000	0.0000	0.0000	0.0000	0.0000	0.0000	0.0154	0.0048	0.0365	0.0122	0.0124	0.0000	0.0165	0.0000	0.0369		
8	13	0.0981	4	1	0	1	1	0	0	0	0	N	N	N	N	N	N	N	N	N	N	N	N	0.0000	0.0000	0.0000	0.0000	0.0000	0.0000	0.0000	0.0000	0.0000	0.0000	0.0000	0.0000	0.0000	0.0002	0.0004	0.0000	0.0016	0.0018	0.0000	0.0000	0.0000	0.0000	0.0000	0.0000	-0.0000	4.2004	0.0000	7.1498	1.9950	0.0000	0.0000	0.0000	0.0000	0.0000	0.0000	0.0000	0.0000	0.0000	0.0000	0.0000	0.0000	0.0000	0.0000	0.0000	0.0000	0.0000	0.0000	0.0000	0.0000	0.0000	0.0000	0.0000	0.0000	0.0000	0.0000	0.0000	0.0525	0.0262	0.0263	0.0063	0.0054	0.0008	0.0462	0.0208	0.0254	0.0000	0.0000	0.0000	0.0000	0.0000	0.0000	0.0000	0.0000	0.0000	0.0002	0.0004	0.0000	0.0016	0.0018	0.0000	0.0000	0.0000	0.0000						
8	14	0.4644	8	1	1	1	1	0	0	0	0	N	N	N	N	N	N	N	N	N	N	N	N	0.3280	0.3837	0.0001	1.2771	1.6208	0.0009	0.0000	0.0000	0.0000	0.0005	0.0006	0.0000	0.0034	0.0036	0.0000	0.0000	0.0000	0.0000	0.0015	0.0015	0.0016	0.0027	0.0022	0.0053	0.0004	0.0003	0.0005	0.0001	0.5347	-0.0000	-0.0001	4.2004	3.8100	7.1498	14.0319	0.0001	0.0001	0.0000	0.0001	0.0001	0.0000	0.0000	0.0000	0.0000	0.0008	0.0005	0.0003	0.0007	0.0005	0.0002	0.0001	0.0000	0.0001	0.2736	0.2410	0.0326	0.0394	0.0378	0.0016	0.2342	0.2031	0.0310	0.5126	0.3442	0.1684	0.2466	0.2089	0.0377	0.2660	0.1354	0.1307	0.3280	0.3837	0.0001	1.2771	1.6208	0.0009	0.0000	0.0000	0.0000	0.0015	0.0015	0.0016	0.0027	0.0022	0.0053	0.0004	0.0003	0.0005
8	15	0.0744	2	1	1	1	0	0	0	0	0	N	N	N	N	N	N	N	N	N	N	N	N	1.3208	0.0001	113.2482	0.4947	0.0000	2751.7129	0.2046	0.0000	2.1799	4.4531	0.0004	44.4019	8.0959	0.0007	88.1485	0.1004	0.0000	0.9092	3.3714	6.0606	0.3921	16.3650	19.7046	0.0320	0.4906	0.5777	0.4171	12073.0385	0.0584	1.4310	-0.3058	4.2004	2.5826	7.1498	3.6028	1.5824	0.0001	1.5823	1.5662	0.0001	1.5660	0.0162	0.0000	0.0162	0.6563	0.6201	0.0362	0.5782	0.5780	0.0002	0.0782	0.0422	0.0360	0.3554	0.3197	0.0356	0.1935	0.1757	0.0178	0.1619	0.1440	0.0179	0.1947	0.1023	0.0924	0.0353	0.0293	0.0060	0.1593	0.0730	0.0864	1.3208	0.0001	113.2482	0.4947	0.0000	2751.7129	0.2046	0.0000	2.1799	3.3714	6.0606	0.3921	16.3650	19.7046	0.0320	0.4906	0.5777	0.4171
8	16	0.1115	6	1	1	1	1	0	0	0	0	N	N	N	N	N	N	N	N	N	N	N	N	0.0000	0.0000	0.0000	0.0000	0.0000	0.0000	0.0000	0.0000	0.0000	0.0000	0.0000	0.0000	0.0000	0.0000	0.0000	0.0000	0.0000	0.0000	0.0000	0.0000	4.2004	0.0000	7.1498	0.0000	0.0000	0.0000	0.0000	0.0000	0.0000	0.0000	0.0000	0.0000	0.0000	0.0000	0.0000	0.0000	0.0000	0.0000	0.0000	0.0000	0.0000	0.0000	0.0000	0.0000	0.0000	0.0000	0.0000	0.0000	0.0000	0.0000	0.0000	0.0000	0.0000	0.0000	0.0000	0.0000	0.0000	0.0000	0.0000	0.0000	0.0000	0.0000	0.0000	0.0000	0.0000	0.0000	0.0000	0.0000	0.0000	0.0000	0.0000	0.0000	0.0000	0.0000	0.0000	0.0000	0.0000	0.0000											
8	18	0.1180	2	1	0	1	1	0	0	0	0	N	N	N	N	N	N	N	N	N	N	N	N	0.0029	0.0022	0.0148	0.0122	0.0106	0.3063	0.0040	0.0067	0.0073	0.0007	0.0008	0.0000	0.0061	0.0063	0.0000	0.0000	0.0000	0.0000	0.2458	0.3641	0.0001	0.4995	0.5975	0.0000	0.0000	0.0000	0.0001	0.0001	0.0001	-0.0000	-0.0086	4.2004	0.9969	7.1498	1.0186	0.0001	0.0001	0.0000	0.0001	0.0001	0.0000	0.0000	0.0000	0.0000	0.0165	0.0165	0.0000	0.0165	0.0165	0.0000	0.0000	0.0000	0.0000	0.0725	0.0635	0.0090	0.0085	0.0082	0.0003	0.0640	0.0554	0.0087	0.0672	0.0454	0.0218	0.0331	0.0276	0.0054	0.0341	0.0177	0.0164	0.0029	0.0022	0.0148	0.0122	0.0106	0.3063	0.0040	0.0067	0.0073	0.2458	0.3641	0.0001	0.4995	0.5975	0.0000	0.0000	0.0000	0.0001
8	19	0.0596	2	2	0	2	0	0	0	0	0	Y	N	Y	N	N	N	N	N	N	N	N	N	0.0597	1.4395	0.5053	0.0691	0.0003	0.1301	0.2501	52.2847	1.2154	0.0022	0.0001	0.0366	0.0003	0.0000	0.0058	0.0096	0.0004	0.0882	0.0368	0.0001	0.0724	0.0038	0.0006	0.0444	0.0383	0.0000	0.0725	28.1237	1343.7428	0.0003	0.0012	4.2004	0.3962	7.1498	2.0067	0.0003	0.0000	0.0003	0.0000	0.0000	0.0000	0.0003	0.0000	0.0003	0.0025	0.0000	0.0025	0.0000	0.0000	0.0000	0.0025	0.0000	0.0025	0.1334	0.1257	0.0077	0.1058	0.1009	0.0048	0.0277	0.0248	0.0029	0.0686	0.0338	0.0348	0.0030	0.0028	0.0002	0.0656	0.0310	0.0346	0.0597	1.4395	0.5053	0.0691	0.0003	0.1301	0.2501	52.2847	1.2154	0.0368	0.0001	0.0724	0.0038	0.0006	0.0444	0.0383	0.0000	0.0725
8	20	0.0890	4	1	1	1	0	0	0	0	0	N	N	N	N	N	N	N	N	N	N	N	N	0.0000	0.0000	0.0000	0.0000	0.0000	0.0000	0.0000	0.0000	0.0000	0.0000	0.0000	0.0000	0.0000	0.0000	0.0000	0.0000	0.0000	0.0000	0.3099	0.0008	0.8866	0.0000	0.0000	0.0001	0.5127	0.0017	1.0368	585.1431	0.0000	0.0060	4.2004	0.0000	7.1498	3.0021	0.0000	0.0000	0.0000	0.0000	0.0000	0.0000	0.0000	0.0000	0.0000	0.0125	0.0000	0.0125	0.0000	0.0000	0.0000	0.0125	0.0000	0.0125	0.0000	0.0000	0.0000	0.0000	0.0000	0.0000	0.0000	0.0000	0.0000	0.0405	0.0264	0.0141	0.0160	0.0140	0.0020	0.0245	0.0124	0.0121	0.0000	0.0000	0.0000	0.0000	0.0000	0.0000	0.0000	0.0000	0.0000	0.3099	0.0008	0.8866	0.0000	0.0000	0.0001	0.5127	0.0017	1.0368	
8	23	0.0836	3	1	1	1	0	0	0	0	0	N	N	N	N	N	N	N	N	N	N	N	N	0.0000	0.0000	0.0000	0.0000	0.0000	0.0000	0.0000	0.0000	0.0000	0.0000	0.0000	0.0000	0.0000	0.0000	0.0000	0.0000	0.0000	0.0000	0.0019	0.0023	0.0012	0.0032	0.0036	0.0000	0.0009	0.0003	0.0014	0.2728	0.0000	-0.0002	4.2004	0.0000	7.1498	4.0676	0.0000	0.0000	0.0000	0.0000	0.0000	0.0000	0.0000	0.0000	0.0000	0.0006	0.0005	0.0001	0.0005	0.0005	0.0000	0.0002	0.0000	0.0001	0.0323	0.0267	0.0056	0.0184	0.0169	0.0014	0.0139	0.0098	0.0042	0.3155	0.2063	0.1091	0.1426	0.1282	0.0144	0.1728	0.0781	0.0947	0.0000	0.0000	0.0000	0.0000	0.0000	0.0000	0.0000	0.0000	0.0000	0.0019	0.0023	0.0012	0.0032	0.0036	0.0000	0.0009	0.0003	0.0014	
8	25	0.0575	2	1	1	1	0	0	0	0	0	N	N	N	N	N	N	N	N	N	N	N	N	1.9140	1.1619	1.8107	2.2323	3.2221	2.1387	3.0516	1.7627	2.1619	8.1873	8.9261	1.0300	0.0324	0.0078	0.4400	14.3230	16.1267	1.2384	4.2777	7.6821	0.5688	0.0145	0.0024	0.2057	4.6937	9.1489	0.5729	0.0119	0.0680	-0.0845	-0.4859	4.2004	1.0335	7.1498	7.4537	1.0081	0.9962	0.0119	0.0017	0.0004	0.0013	1.0063	0.9958	0.0105	1.0621	0.9945	0.0676	0.0003	0.0001	0.0003	1.0618	0.9945	0.0673	0.1231	0.1116	0.0115	0.0529	0.0499	0.0030	0.0703	0.0617	0.0085	0.2483	0.1295	0.1188	0.0221	0.0208	0.0013	0.2262	0.1087	0.1175	1.9140	1.1619	1.8107	2.2323	3.2221	2.1387	3.0516	1.7627	2.1619	4.2777	7.6821	0.5688	0.0145	0.0024	0.2057	4.6937	9.1489	0.5729
8	27	0.1300	2	1	1	2	1	0	0	0	0	N	N	Y	N	N	N	N	N	N	N	N	N	74628.3246	540395.5766	805.1378	376566.9485	714594.3737	2734.4346	42.7290	0.9864	224.1187	4.5532	4.9781	0.1142	10.4004	11.0437	0.3040	0.0036	0.0000	0.0328	0.0001	0.0000	0.0001	0.0000	0.0000	0.0001	0.0001	0.0000	0.0001	0.0022	9.8692	-0.0926	0.0000	4.2004	1.9923	7.1498	5.5017	0.9921	0.9899	0.0022	0.9917	0.9899	0.0017	0.0004	0.0000	0.0004	0.0000	0.0000	0.0000	0.0000	0.0000	0.0000	0.0000	0.0000	0.0000	0.2179	0.1989	0.0190	0.0953	0.0896	0.0057	0.1225	0.1092	0.0133	0.2163	0.1318	0.0845	0.0871	0.0760	0.0111	0.1292	0.0558	0.0734	74628.3246	540395.5766	805.1378	376566.9485	714594.3737	2734.4346	42.7290	0.9864	224.1187	0.0001	0.0000	0.0001	0.0000	0.0000	0.0001	0.0001	0.0000	0.0001
8	29	0.0973	4	2	1	1	0	0	0	0	0	Y	N	N	N	N	N	N	N	N	N	N	N	0.0000	0.0000	0.0000	0.0000	0.0000	0.0000	0.0000	0.0000	0.0000	0.0000	0.0000	0.0000	0.0000	0.0000	0.0000	0.0000	0.0000	0.0000	0.0000	0.0000	4.2004	0.0000	7.1498	0.0000	0.0000	0.0000	0.0000	0.0000	0.0000	0.0000	0.0000	0.0000	0.0000	0.0000	0.0000	0.0000	0.0000	0.0000	0.0000	0.0000	0.0000	0.0000	0.0000	0.0000	0.0000	0.0000	0.0000	0.0000	0.0000	0.0000	0.0000	0.0000	0.0000	0.0000	0.0000	0.0000	0.0000	0.0000	0.0000	0.0000	0.0000	0.0000	0.0000	0.0000	0.0000	0.0000	0.0000	0.0000	0.0000	0.0000	0.0000	0.0000	0.0000	0.0000	0.0000	0.0000	0.0000	0.0000											
8	32	0.4644	8	1	0	2	0	0	0	0	0	N	N	Y	N	N	N	N	N	N	N	N	N	0.3362	0.3635	0.0002	1.1349	1.3885	0.0008	0.0000	0.0000	0.0000	0.0007	0.0008	0.0000	0.0049	0.0051	0.0000	0.0000	0.0000	0.0000	0.0022	0.0023	0.0020	0.0043	0.0037	0.0081	0.0002	0.0000	0.0003	0.0001	0.4128	-0.0000	-0.0002	4.2004	2.4598	7.1498	7.4321	0.0001	0.0001	0.0000	0.0001	0.0001	0.0000	0.0000	0.0000	0.0000	0.0008	0.0006	0.0002	0.0008	0.0006	0.0002	0.0000	0.0000	0.0000	0.1825	0.1607	0.0218	0.0278	0.0267	0.0012	0.1547	0.1341	0.0206	0.3564	0.2403	0.1161	0.1760	0.1511	0.0248	0.1804	0.0891	0.0913	0.3362	0.3635	0.0002	1.1349	1.3885	0.0008	0.0000	0.0000	0.0000	0.0022	0.0023	0.0020	0.0043	0.0037	0.0081	0.0002	0.0000	0.0003
8	33	0.4261	7	1	0	1	0	0	0	0	0	N	N	N	N	N	N	N	N	N	N	N	N	0.1879	0.1739	0.2490	0.0242	0.0274	0.0002	0.2856	0.2555	0.3534	0.0007	0.0007	0.0008	0.0001	0.0001	0.0000	0.0008	0.0008	0.0009	0.0037	0.0039	0.0033	0.0051	0.0046	0.0078	0.0027	0.0030	0.0024	0.1686	0.4242	0.0000	-0.0003	4.2004	2.7943	7.1498	8.2643	0.0001	0.0001	0.0000	0.0000	0.0000	0.0000	0.0001	0.0001	0.0000	0.0015	0.0010	0.0004	0.0009	0.0007	0.0002	0.0006	0.0004	0.0003	0.1977	0.1737	0.0240	0.0250	0.0241	0.0010	0.1727	0.1496	0.0231	0.3995	0.2666	0.1329	0.1699	0.1477	0.0222	0.2296	0.1189	0.1107	0.1879	0.1739	0.2490	0.0242	0.0274	0.0002	0.2856	0.2555	0.3534	0.0037	0.0039	0.0033	0.0051	0.0046	0.0078	0.0027	0.0030	0.0024
8	34	0.0950	2	1	1	1	0	0	0	0	0	N	N	N	N	N	N	N	N	N	N	N	N	1.6203	1.4301	0.3029	1.6008	1.4621	5.9006	0.2388	0.4695	0.1621	0.2941	0.3936	0.0002	0.5110	0.5895	0.0002	0.0001	0.0001	0.0001	0.1815	0.2753	0.0005	0.3192	0.4032	0.0000	0.0005	0.0003	0.0008	0.0001	0.0010	-0.0000	-0.0112	4.2004	0.0009	7.1498	2.4415	0.0002	0.0002	0.0000	0.0002	0.0002	0.0000	0.0000	0.0000	0.0000	0.0215	0.0215	0.0000	0.0215	0.0215	0.0000	0.0000	0.0000	0.0000	0.0007	0.0005	0.0002	0.0004	0.0003	0.0001	0.0003	0.0002	0.0001	0.1186	0.0781	0.0405	0.0674	0.0533	0.0140	0.0513	0.0248	0.0264	1.6203	1.4301	0.3029	1.6008	1.4621	5.9006	0.2388	0.4695	0.1621	0.1815	0.2753	0.0005	0.3192	0.4032	0.0000	0.0005	0.0003	0.0008
8	36	0.1300	2	1	1	1	0	0	0	0	0	N	N	N	N	N	N	N	N	N	N	N	N	8712.1048	0.4164	279683.6939	5434.7762	0.2918	685252.9537	4715.5161	20.6971	25433.3762	3.4001	0.0002	44.6983	4.4568	0.0003	68.7553	0.4607	0.0001	4.2913	0.0004	0.0005	0.0002	0.0008	0.0009	0.0001	0.0001	0.0000	0.0002	16466.8647	0.1892	0.0110	-0.0000	4.2004	0.0123	7.1498	6.2120	0.0122	0.0000	0.0122	0.0118	0.0000	0.0118	0.0004	0.0000	0.0004	0.0001	0.0001	0.0000	0.0001	0.0001	0.0000	0.0000	0.0000	0.0000	0.0036	0.0033	0.0003	0.0026	0.0025	0.0002	0.0009	0.0008	0.0001	0.1857	0.1135	0.0721	0.0752	0.0658	0.0094	0.1105	0.0477	0.0627	8712.1048	0.4164	279683.6939	5434.7762	0.2918	685252.9537	4715.5161	20.6971	25433.3762	0.0004	0.0005	0.0002	0.0008	0.0009	0.0001	0.0001	0.0000	0.0002
8	40	0.0950	2	1	0	2	0	0	0	0	0	N	N	Y	N	N	N	N	N	N	N	N	N	0.0773	0.0687	0.0462	183.9208	186.1392	0.1962	0.0000	0.0000	0.0289	0.2941	0.3936	0.0002	0.5110	0.5895	0.0002	0.0001	0.0001	0.0001	3.8043	5.7313	0.0034	0.0028	0.0032	0.0012	7.7998	15.1378	0.0044	0.0001	0.0003	-0.0000	-0.5086	4.2004	0.0009	7.1498	7.7842	0.0002	0.0002	0.0000	0.0002	0.0002	0.0000	0.0000	0.0000	0.0000	0.9767	0.9764	0.0003	0.0004	0.0003	0.0000	0.9763	0.9760	0.0003	0.0007	0.0005	0.0002	0.0004	0.0003	0.0001	0.0003	0.0002	0.0001	0.2567	0.1704	0.0864	0.1316	0.1059	0.0257	0.1252	0.0645	0.0607	0.0773	0.0687	0.0462	183.9208	186.1392	0.1962	0.0000	0.0000	0.0289	3.8043	5.7313	0.0034	0.0028	0.0032	0.0012	7.7998	15.1378	0.0044
8	42	0.1095	2	1	1	1	0	0	0	0	0	N	N	N	N	N	N	N	N	N	N	N	N	2.5096	2.2763	0.0000	2.7755	3.3739	0.0000	0.0000	0.0000	0.0000	0.1507	0.1804	0.0000	0.3182	0.4102	0.0000	0.0000	0.0000	0.0000	0.0600	0.0793	0.0015	0.1146	0.1216	0.0007	0.0015	0.0014	0.0016	0.0002	0.0062	-0.0000	-0.0000	4.2004	0.0003	7.1498	0.0002	0.0000	0.0000	0.0000	0.0000	0.0000	0.0000	0.0000	0.0000	0.0000	0.0000	0.0000	0.0000	0.0000	0.0000	0.0000	0.0000	0.0000	0.0000	0.0000	0.0000	0.0000	0.0000	0.0000	0.0000	0.0000	0.0000	0.0000	0.0001	0.0001	0.0000	0.0001	0.0000	0.0000	0.0000	0.0000	0.0000	2.5096	2.2763	0.0000	2.7755	3.3739	0.0000	0.0000	0.0000	0.0000	0.0600	0.0793	0.0015	0.1146	0.1216	0.0007	0.0015	0.0014	0.0016
8	43	0.0655	2	2	1	2	0	0	0	0	0	Y	N	Y	N	N	N	N	N	N	N	N	N	0.0000	0.0000	0.0000	0.0000	0.0000	0.0000	0.0000	0.0000	0.0000	0.0000	0.0000	0.0000	0.0000	0.0000	0.0000	0.0000	0.0000	0.0000	0.0000	0.0000	4.2004	0.0000	7.1498	2.0000	0.0000	0.0000	0.0000	0.0000	0.0000	0.0000	0.0000	0.0000	0.0000	0.0000	0.0000	0.0000	0.0000	0.0000	0.0000	0.0000	0.0000	0.0000	0.0000	0.0000	0.0000	0.0000	0.0000	0.0000	0.0000	0.0000	0.0000	0.0606	0.0356	0.0250	0.0124	0.0096	0.0028	0.0482	0.0260	0.0221	0.0000	0.0000	0.0000	0.0000	0.0000	0.0000	0.0000	0.0000	0.0000	0.0000	0.0000	0.0000	0.0000	0.0000	0.0000	0.0000	0.0000	0.0000											
8	44	0.0655	2	2	1	2	0	0	0	0	0	Y	N	Y	N	N	N	N	N	N	N	N	N	0.0000	0.0000	0.0000	0.0000	0.0000	0.0000	0.0000	0.0000	0.0000	0.0000	0.0000	0.0000	0.0000	0.0000	0.0000	0.0000	0.0000	0.0000	0.0000	0.0000	4.2004	0.0000	7.1498	0.0000	0.0000	0.0000	0.0000	0.0000	0.0000	0.0000	0.0000	0.0000	0.0000	0.0000	0.0000	0.0000	0.0000	0.0000	0.0000	0.0000	0.0000	0.0000	0.0000	0.0000	0.0000	0.0000	0.0000	0.0000	0.0000	0.0000	0.0000	0.0000	0.0000	0.0000	0.0000	0.0000	0.0000	0.0000	0.0000	0.0000	0.0000	0.0000	0.0000	0.0000	0.0000	0.0000	0.0000	0.0000	0.0000	0.0000	0.0000	0.0000	0.0000	0.0000	0.0000	0.0000	0.0000	0.0000											
8	48	0.1180	2	1	0	1	1	0	0	0	0	N	N	N	N	N	N	N	N	N	N	N	N	0.0115	62.0376	0.0000	109.4296	235.3119	0.0184	0.0000	0.0076	0.0000	0.1184	0.1439	0.0001	0.3750	0.4253	0.0002	0.0000	0.0000	0.0001	10.2794	0.0023	31.5012	0.0034	0.0018	0.0114	20.1297	0.0031	42.2289	0.0001	6576.6699	-0.0000	0.4692	4.2004	0.0037	7.1498	3.0208	0.0001	0.0001	0.0000	0.0001	0.0001	0.0000	0.0000	0.0000	0.0000	0.9801	0.0001	0.9799	0.0002	0.0001	0.0001	0.9799	0.0001	0.9798	0.0004	0.0004	0.0001	0.0001	0.0001	0.0000	0.0003	0.0002	0.0001	0.0953	0.0642	0.0311	0.0467	0.0388	0.0079	0.0487	0.0255	0.0232	0.0115	62.0376	0.0000	109.4296	235.3119	0.0184	0.0000	0.0076	0.0000	10.2794	0.0023	31.5012	0.0034	0.0018	0.0114	20.1297	0.0031	42.2289
8	50	0.0744	2	1	1	2	0	0	0	0	0	N	N	Y	N	N	N	N	N	N	N	N	N	0.3355	90.8367	0.0007	0.1861	66.2793	0.0001	0.2127	216.0712	0.0079	1.8219	2.0394	0.0091	2.8961	3.2328	0.0071	0.1731	0.1933	0.0119	5.4300	0.0225	12.8029	15.5587	0.0488	91.0951	0.8142	0.0009	1.5118	0.0005	418.2419	-0.0412	0.2016	4.2004	1.4428	7.1498	0.4686	0.4334	0.4332	0.0002	0.4172	0.4171	0.0001	0.0162	0.0161	0.0001	0.4231	0.0010	0.4221	0.3795	0.0010	0.3785	0.0436	0.0000	0.0436	0.2379	0.2124	0.0255	0.1441	0.1290	0.0150	0.0939	0.0834	0.0104	0.0779	0.0450	0.0330	0.0244	0.0202	0.0042	0.0535	0.0247	0.0288	0.3355	90.8367	0.0007	0.1861	66.2793	0.0001	0.2127	216.0712	0.0079	5.4300	0.0225	12.8029	15.5587	0.0488	91.0951	0.8142	0.0009	1.5118
8	52	0.0621	2	2	0	2	0	0	0	0	0	Y	N	Y	N	N	N	N	N	N	N	N	N	0.0181	0.0001	0.0925	0.0654	0.0000	0.9762	0.0187	0.0083	0.0851	0.1060	0.0000	1.0802	0.0723	0.0000	1.5911	0.1200	0.0000	0.9999	5.8643	0.2198	11.6751	1.1056	1.1050	1.6299	6.4110	0.0030	11.7446	4827.6029	51.5905	0.0090	0.4896	4.2004	0.9976	7.1498	4.7732	0.0099	0.0000	0.0099	0.0020	0.0000	0.0020	0.0079	0.0000	0.0079	1.0646	0.0202	1.0444	0.0207	0.0200	0.0007	1.0439	0.0002	1.0437	0.0936	0.0844	0.0092	0.0275	0.0262	0.0012	0.0661	0.0582	0.0079	0.1815	0.0921	0.0895	0.0187	0.0181	0.0006	0.1628	0.0740	0.0889	0.0181	0.0001	0.0925	0.0654	0.0000	1.4130	0.0187	0.0083	0.0851	5.8643	0.2198	11.6751	1.1056	1.1050	1.1261	6.4110	0.0030	11.7446
8	55	0.0607	2	1	1	1	0	0	0	0	0	N	N	N	N	N	N	N	N	N	N	N	N	0.1528	0.1494	0.0003	0.1726	0.1591	0.0039	0.0001	0.0001	0.0002	0.3561	0.4967	0.0002	0.6526	0.7218	0.0002	0.0002	0.0002	0.0001	2.3311	3.3251	0.5301	3.7814	4.5356	0.0593	1.2323	1.8079	0.6509	0.0001	0.0880	-0.0001	-0.3334	4.2004	0.0041	7.1498	6.2745	0.0013	0.0013	0.0000	0.0013	0.0013	0.0000	0.0000	0.0000	0.0000	0.7574	0.6961	0.0613	0.5295	0.5281	0.0014	0.2278	0.1679	0.0599	0.0037	0.0026	0.0010	0.0020	0.0018	0.0002	0.0017	0.0008	0.0008	0.3249	0.2093	0.1156	0.1400	0.1164	0.0236	0.1849	0.0929	0.0920	0.1528	0.1494	0.0003	0.1726	0.1591	0.0039	0.0001	0.0001	0.0002	2.3311	3.3251	0.5301	3.7814	4.5356	0.0593	1.2323	1.8079	0.6509
8	56	0.1095	2	1	0	2	0	0	0	0	0	N	N	Y	N	N	N	N	N	N	N	N	N	36.7984	63.7971	0.0005	1.1436	0.9527	0.1641	22.1114	31.4692	0.0004	3.5644	4.0193	0.0001	0.0018	0.0018	0.0000	3.9487	4.4998	0.0001	0.0969	0.0630	0.1624	0.0015	0.0019	0.0000	0.1786	0.1430	0.2188	0.0000	1.3315	-0.4014	0.0027	4.2004	18.9997	7.1498	4.0000	4.2004	4.2004	0.0000	0.0002	0.0002	0.0000	4.2002	4.2002	0.0000	0.0541	0.0232	0.0309	0.0004	0.0004	0.0000	0.0537	0.0228	0.0309	1.1784	1.0450	0.1334	0.1147	0.1116	0.0031	1.0637	0.9334	0.1303	0.5590	0.3686	0.1904	0.2580	0.2090	0.0490	0.3010	0.1596	0.1413	36.7984	63.7971	0.0005	1.1436	0.9527	0.1641	22.1114	31.4692	0.0004	0.0969	0.0630	0.1624	0.0015	0.0019	0.0000	0.1786	0.1430	0.2188
8	58	0.0603	3	2	1	1	0	0	0	0	0	Y	N	N	N	N	N	N	N	N	N	N	N	0.8283	9.7082	3.4969	3.3785	4.0517	2.6449	0.9684	0.1913	4.0910	0.1168	0.0207	1.0477	0.0741	0.0460	0.5374	0.1491	0.0000	1.2303	0.1410	0.0021	0.2996	0.0219	0.0114	0.2032	0.1540	0.0002	0.3007	5.2351	123.2483	0.0098	0.0186	4.2004	0.9359	7.1498	8.5945	0.0131	0.0021	0.0110	0.0036	0.0021	0.0015	0.0095	0.0000	0.0095	0.0395	0.0003	0.0392	0.0006	0.0003	0.0003	0.0389	0.0000	0.0389	0.1126	0.1021	0.0105	0.0486	0.0458	0.0028	0.0640	0.0563	0.0078	0.2803	0.1494	0.1308	0.0276	0.0261	0.0015	0.2527	0.1233	0.1293	0.8283	9.7082	3.4969	3.3785	4.0517	2.6449	0.9684	0.1913	4.0910	0.1410	0.0021	0.2996	0.0219	0.0114	0.2032	0.1540	0.0002	0.3007
8	59	0.0575	2	1	1	1	0	0	0	0	0	N	N	N	N	N	N	N	N	N	N	N	N	1.3165	1.0958	3.8336	0.6050	0.5740	2.2158	1.7118	20.7512	4.3922	0.9173	0.5823	3.5728	1.0447	1.0041	1.7606	0.8036	0.1565	4.1006	0.6968	0.5314	0.9320	1.7268	1.7494	0.7946	0.4695	0.0075	0.9336	0.7739	1.2330	0.0093	0.0018	4.2004	0.1706	7.1498	1.8413	0.0272	0.0153	0.0119	0.0146	0.0133	0.0013	0.0126	0.0021	0.0105	0.0573	0.0257	0.0317	0.0257	0.0254	0.0003	0.0316	0.0003	0.0314	0.0296	0.0263	0.0033	0.0140	0.0132	0.0007	0.0157	0.0131	0.0026	0.0823	0.0483	0.0340	0.0149	0.0145	0.0003	0.0674	0.0338	0.0336	1.3165	1.0958	3.8336	0.6050	0.5740	2.2785	1.7118	20.7512	4.3922	0.6968	0.5314	0.9320	1.7268	1.7494	0.7727	0.4695	0.0075	0.9336
8	61	0.4325	8	1	0	1	0	0	0	0	0	N	N	N	N	N	N	N	N	N	N	N	N	0.0368	0.0286	0.0000	0.1163	0.1063	0.0000	0.0000	0.0000	0.0000	0.0003	0.0003	0.0000	0.0023	0.0024	0.0000	0.0000	0.0000	0.0000	0.0081	0.0119	0.0008	0.0200	0.0227	0.0041	0.0001	0.0001	0.0001	0.0000	0.0352	-0.0000	-0.0016	4.2004	1.0140	7.1498	12.0537	0.0000	0.0000	0.0000	0.0000	0.0000	0.0000	0.0000	0.0000	0.0000	0.0033	0.0032	0.0001	0.0033	0.0032	0.0001	0.0000	0.0000	0.0000	0.0737	0.0647	0.0090	0.0095	0.0091	0.0004	0.0642	0.0556	0.0087	0.4091	0.2689	0.1402	0.1647	0.1404	0.0244	0.2444	0.1285	0.1159	0.0368	0.0286	0.0000	0.1163	0.1063	0.0000	0.0000	0.0000	0.0000	0.0081	0.0119	0.0008	0.0200	0.0227	0.0041	0.0001	0.0001	0.0001
8	62	0.3566	5	1	0	1	0	0	0	0	0	N	N	N	N	N	N	N	N	N	N	N	N	0.0341	0.0419	0.0000	2.4016	3.1782	0.0015	0.0000	0.0000	0.0000	0.0713	0.0811	0.0001	0.2886	0.3266	0.0003	0.0000	0.0000	0.0000	2.0894	1.9366	2.4212	0.1202	0.1028	0.2230	3.9824	4.8300	3.0608	0.0001	0.5758	-0.0100	-0.5061	4.2004	22.0948	7.1498	64.3951	0.1052	0.1052	0.0000	0.1052	0.1052	0.0000	0.0000	0.0000	0.0000	3.2514	2.0633	1.1881	0.0917	0.0670	0.0247	3.1598	1.9963	1.1635	1.4753	1.2978	0.1775	0.3645	0.3221	0.0424	1.1108	0.9757	0.1351	1.5561	1.0654	0.4907	0.7627	0.6521	0.1106	0.7934	0.4133	0.3801	0.0341	0.0419	0.0000	2.4016	3.1782	0.0015	0.0000	0.0000	0.0000	2.0894	1.9366	2.4212	0.1202	0.1028	0.2230	3.9824	4.8300	3.0608
8	63	0.1498	4	1	0	1	0	0	0	0	0	N	N	N	N	N	N	N	N	N	N	N	N	0.0044	0.0960	0.0000	0.1213	0.6787	0.0000	0.0000	0.0000	0.0000	0.0046	0.0052	0.0000	0.0427	0.0443	0.0001	0.0000	0.0000	0.0000	1.0455	0.0541	2.9839	0.3519	0.0653	3.2042	1.5641	0.0397	3.1158	0.0001	28.1943	-0.0001	0.4041	4.2004	3.0638	7.1498	18.8214	0.0010	0.0010	0.0000	0.0010	0.0010	0.0000	0.0000	0.0000	0.0000	0.9087	0.0311	0.8776	0.1308	0.0212	0.1097	0.7778	0.0100	0.7679	0.2165	0.1897	0.0268	0.0231	0.0222	0.0008	0.1934	0.1675	0.0259	0.8691	0.5751	0.2941	0.3719	0.3242	0.0476	0.4973	0.2508	0.2464	0.0044	0.0960	0.0000	0.1213	0.6787	0.0000	0.0000	0.0000	0.0000	1.0455	0.0541	2.9839	0.3519	0.0653	2.3019	1.5641	0.0397	3.1158
8	64	0.0607	2	2	1	2	0	0	0	0	0	Y	N	Y	N	N	N	N	N	N	N	N	N	0.0027	3.4224	0.0000	0.0764	16.1354	0.0000	0.0000	0.0023	0.0000	0.0174	0.0200	0.0000	0.1610	0.1684	0.0001	0.0000	0.0000	0.0000	6.5240	0.0059	17.7280	2.1088	0.0104	45.7808	9.2758	0.0013	19.0367	0.0001	1761.2731	-0.0001	1.2394	4.2004	1.0029	7.1498	8.4685	0.0013	0.0013	0.0000	0.0013	0.0013	0.0000	0.0000	0.0000	0.0000	2.5911	0.0015	2.5896	0.3216	0.0013	0.3203	2.2695	0.0002	2.2693	0.0752	0.0652	0.0100	0.0081	0.0078	0.0004	0.0671	0.0574	0.0096	0.3972	0.2511	0.1461	0.1525	0.1256	0.0269	0.2447	0.1255	0.1192	0.0027	3.4224	0.0000	0.0764	16.1354	0.0000	0.0000	0.0023	0.0000	6.5240	0.0059	17.7280	2.1088	0.0104	11.9209	9.2758	0.0013	19.0367
8	66	0.4325	8	1	1	1	0	0	0	0	0	N	N	N	N	N	N	N	N	N	N	N	N	0.0001	0.0001	0.0000	0.5436	0.6419	0.0000	0.0000	0.0000	0.0000	0.0003	0.0003	0.0000	0.0023	0.0024	0.0000	0.0000	0.0000	0.0000	4.7552	3.6287	6.9097	0.0043	0.0038	0.0072	7.9429	7.5625	8.3653	0.0000	0.9956	-0.0000	-0.0442	4.2004	1.0110	7.1498	12.5479	0.0000	0.0000	0.0000	0.0000	0.0000	0.0000	0.0000	0.0000	0.0000	1.9930	0.9987	0.9943	0.0007	0.0005	0.0002	1.9923	0.9982	0.9941	0.0735	0.0645	0.0090	0.0095	0.0091	0.0004	0.0641	0.0554	0.0086	0.4191	0.2752	0.1439	0.1683	0.1432	0.0251	0.2508	0.1320	0.1188	0.0001	0.0001	0.0000	0.5436	0.6419	0.0000	0.0000	0.0000	0.0000	4.7552	3.6287	6.9097	0.0043	0.0038	0.0072	7.9429	7.5625	8.3653
8	67	0.4261	7	1	0	1	0	0	0	0	0	N	N	N	N	N	N	N	N	N	N	N	N	0.0178	0.0351	0.0000	0.0429	0.0536	0.0000	0.0116	0.0207	0.0000	0.0004	0.0004	0.0000	0.0003	0.0003	0.0000	0.0004	0.0004	0.0000	0.0198	0.0114	0.0386	0.0079	0.0065	0.0242	0.0305	0.0199	0.0405	0.0000	1.4946	-0.0000	0.0003	4.2004	0.9784	7.1498	1.5217	0.0000	0.0000	0.0000	0.0000	0.0000	0.0000	0.0000	0.0000	0.0000	0.0040	0.0016	0.0024	0.0007	0.0006	0.0002	0.0032	0.0010	0.0022	0.0711	0.0624	0.0087	0.0091	0.0087	0.0003	0.0621	0.0537	0.0084	0.2001	0.1387	0.0614	0.0948	0.0877	0.0071	0.1053	0.0510	0.0543	0.0178	0.0351	0.0000	0.0429	0.0536	0.0000	0.0116	0.0207	0.0000	0.0198	0.0114	0.0386	0.0079	0.0065	0.0242	0.0305	0.0199	0.0405
8	68	0.3959	6	1	0	1	0	0	0	0	0	N	N	N	N	N	N	N	N	N	N	N	N	0.1714	0.4607	0.0000	0.7314	1.9387	0.0002	0.0038	0.0221	0.0000	0.0054	0.0061	0.0000	0.0384	0.0400	0.0000	0.0000	0.0001	0.0000	0.0313	0.0133	0.0682	0.0525	0.0207	0.2202	0.0119	0.0024	0.0222	0.0001	2.5067	-0.0000	0.0025	4.2004	1.0531	7.1498	9.0748	0.0004	0.0004	0.0000	0.0004	0.0004	0.0000	0.0000	0.0000	0.0000	0.0129	0.0037	0.0092	0.0103	0.0034	0.0069	0.0026	0.0003	0.0023	0.0786	0.0689	0.0097	0.0109	0.0105	0.0004	0.0677	0.0585	0.0092	0.4119	0.2767	0.1352	0.1968	0.1654	0.0314	0.2151	0.1113	0.1038	0.1714	0.4607	0.0000	0.7314	1.9387	0.0002	0.0038	0.0221	0.0000	0.0313	0.0133	0.0682	0.0525	0.0207	0.2202	0.0119	0.0024	0.0222
8	71	0.0957	5	1	0	2	0	0	0	0	0	N	N	Y	N	N	N	N	N	N	N	N	N	0.0000	0.0000	0.0000	0.0000	0.0000	0.0000	0.0000	0.0000	0.0000	0.0000	0.0000	0.0000	0.0000	0.0000	0.0000	0.0000	0.0000	0.0000	0.0001	0.0000	0.0001	0.0001	0.0000	0.0000	0.0000	0.0000	0.2519	0.0000	-0.0000	4.2004	1.0000	7.1498	0.0055	0.0000	0.0000	0.0000	0.0000	0.0000	0.0000	0.0000	0.0000	0.0000	0.0000	0.0000	0.0000	0.0000	0.0000	0.0000	0.0000	0.0000	0.0000	0.0381	0.0331	0.0050	0.0000	0.0000	0.0000	0.0381	0.0331	0.0050	0.0210	0.0136	0.0075	0.0083	0.0072	0.0011	0.0127	0.0064	0.0063	0.0000	0.0000	0.0000	0.0000	0.0000	0.0000	0.0000	0.0000	0.0000	0.0000	0.0001	0.0000	0.0001	0.0001	0.0000	0.0000	0.0000	0.0000		
8	72	0.0890	4	1	0	2	0	0	0	0	0	N	N	Y	N	N	N	N	N	N	N	N	N	0.0000	0.0000	0.0000	0.0000	0.0000	0.0000	0.0000	0.0000	0.0000	0.0000	0.0000	0.0000	0.0000	0.0000	0.0000	0.0000	0.0000	0.0000	0.0099	0.0108	0.0082	0.0175	0.0199	0.0002	0.0048	0.0002	0.0096	0.3974	0.0000	-0.0001	4.2004	0.0000	7.1498	1.0265	0.0000	0.0000	0.0000	0.0000	0.0000	0.0000	0.0000	0.0000	0.0000	0.0002	0.0002	0.0001	0.0002	0.0002	0.0000	0.0001	0.0000	0.0001	0.0000	0.0000	0.0000	0.0000	0.0000	0.0000	0.0000	0.0000	0.0000	0.0234	0.0154	0.0080	0.0094	0.0083	0.0012	0.0140	0.0071	0.0069	0.0000	0.0000	0.0000	0.0000	0.0000	0.0000	0.0000	0.0000	0.0000	0.0099	0.0108	0.0082	0.0175	0.0199	0.0002	0.0048	0.0002	0.0096	
8	73	0.0836	3	1	0	1	0	0	0	0	0	N	N	N	N	N	N	N	N	N	N	N	N	0.0000	0.0000	0.0000	0.0000	0.0000	0.0000	0.0000	0.0000	0.0000	0.0000	0.0000	0.0000	0.0000	0.0000	0.0000	0.0000	0.0000	0.0000	0.0268	0.0019	0.0774	0.0014	0.0015	0.0002	0.0544	0.0030	0.0895	19.6089	0.0000	0.0028	4.2004	0.0000	7.1498	1.0321	0.0000	0.0000	0.0000	0.0000	0.0000	0.0000	0.0000	0.0000	0.0000	0.0065	0.0003	0.0061	0.0002	0.0002	0.0000	0.0063	0.0001	0.0061	0.0323	0.0267	0.0056	0.0184	0.0169	0.0014	0.0139	0.0098	0.0042	0.2410	0.1617	0.0793	0.1257	0.1149	0.0108	0.1153	0.0468	0.0685	0.0000	0.0000	0.0000	0.0000	0.0000	0.0000	0.0000	0.0000	0.0000	0.0268	0.0019	0.0774	0.0014	0.0015	0.0002	0.0544	0.0030	0.0895	
8	74	0.0608	2	1	0	1	0	0	0	0	0	N	N	N	N	N	N	N	N	N	N	N	N	3.2611	6.3276	2.0553	8.7121	9.1386	0.4817	1.5727	7.5754	2.2214	0.2760	0.2651	0.3193	0.5518	0.6026	0.0135	0.1534	0.0821	0.3661	0.0846	0.0419	0.1554	0.0633	0.0659	0.0280	0.0975	0.0108	0.1648	0.3016	2.2396	0.0027	0.0085	4.2004	0.5629	7.1498	8.5245	0.0201	0.0155	0.0047	0.0124	0.0124	0.0000	0.0077	0.0031	0.0046	0.0499	0.0154	0.0345	0.0141	0.0137	0.0004	0.0358	0.0017	0.0340	0.0730	0.0583	0.0146	0.0224	0.0205	0.0019	0.0505	0.0378	0.0127	0.5892	0.3673	0.2218	0.2223	0.2070	0.0153	0.3669	0.1603	0.2066	3.2611	6.3276	2.0553	8.7121	9.1386	0.4817	1.5727	7.5754	2.2214	0.0846	0.0419	0.1554	0.0633	0.0659	0.0280	0.0975	0.0108	0.1648
8	75	0.0778	3	1	1	1	0	0	0	0	0	N	N	N	N	N	N	N	N	N	N	N	N	0.0000	0.0000	0.0000	0.0000	0.0000	0.0000	0.0000	0.0000	0.0000	0.0000	0.0000	0.0000	0.0000	0.0000	0.0000	0.0000	0.0000	0.0000	0.0002	0.0003	0.0001	0.0005	0.0005	0.0000	0.0000	0.0000	0.0001	0.1040	0.0000	-0.0000	4.2004	1.9994	7.1498	4.0943	0.0000	0.0000	0.0000	0.0000	0.0000	0.0000	0.0000	0.0000	0.0000	0.0000	0.0000	0.0000	0.0000	0.0000	0.0000	0.0000	0.0000	0.0000	0.0769	0.0670	0.0099	0.0000	0.0000	0.0000	0.0768	0.0669	0.0099	0.1667	0.1156	0.0511	0.0664	0.0592	0.0072	0.1003	0.0564	0.0439	0.0000	0.0000	0.0000	0.0000	0.0000	0.0000	0.0000	0.0000	0.0000	0.0002	0.0003	0.0001	0.0005	0.0005	0.0000	0.0000	0.0000	0.0001	
8	76	0.0715	2	1	0	1	0	0	0	0	0	N	N	N	N	N	N	N	N	N	N	N	N	0.0000	0.0000	0.0000	0.0000	0.0000	0.0000	0.0000	0.0000	0.0000	0.0000	0.0000	0.0000	0.0000	0.0000	0.0000	0.0000	0.0000	0.0000	1.9633	2.8016	0.0610	0.0562	0.0609	0.0081	3.3697	6.2477	0.0685	0.0096	0.0000	-0.0971	4.2004	0.0011	7.1498	2.7207	0.0000	0.0000	0.0000	0.0000	0.0000	0.0000	0.0000	0.0000	0.0000	0.1897	0.1879	0.0018	0.0023	0.0023	0.0000	0.1874	0.1857	0.0018	0.0000	0.0000	0.0000	0.0000	0.0000	0.0000	0.0000	0.0000	0.0000	0.0966	0.0671	0.0296	0.0410	0.0374	0.0037	0.0556	0.0297	0.0259	0.0000	0.0000	0.0000	0.0000	0.0000	0.0000	0.0000	0.0000	0.0000	1.9633	2.8016	0.0610	0.0562	0.0609	0.0081	3.3697	6.2477	0.0685	
8	78	0.0596	2	2	0	2	0	0	0	0	0	Y	N	Y	N	N	N	N	N	N	N	N	N	0.0207	0.5087	0.1404	0.0329	0.0001	0.0532	0.0463	9.6834	0.2188	0.0011	0.0000	0.0147	0.0002	0.0000	0.0034	0.0026	0.0001	0.0230	0.0532	0.0001	0.1047	0.0052	0.0008	0.0646	0.0555	0.0000	0.1050	28.1237	1343.7428	0.0003	0.0012	4.2004	1.6246	7.1498	0.0115	0.0003	0.0000	0.0003	0.0000	0.0000	0.0000	0.0003	0.0000	0.0003	0.0025	0.0000	0.0025	0.0000	0.0000	0.0000	0.0025	0.0000	0.0025	0.2652	0.2459	0.0192	0.1621	0.1540	0.0081	0.1030	0.0920	0.0111	0.0474	0.0234	0.0241	0.0022	0.0020	0.0002	0.0452	0.0213	0.0239	0.0207	0.5087	0.1404	0.0329	0.0001	0.0532	0.0463	9.6834	0.2188	0.0532	0.0001	0.1047	0.0052	0.0008	0.0646	0.0555	0.0000	0.1050
8	83	0.1498	4	1	0	1	0	0	0	0	0	N	N	N	N	N	N	N	N	N	N	N	N	0.0009	0.0013	0.0000	0.0408	0.0368	0.0008	0.0000	0.0000	0.0000	0.0015	0.0017	0.0000	0.0148	0.0153	0.0000	0.0000	0.0000	0.0000	1.7702	1.3186	2.5932	0.3638	0.4164	0.0390	2.6211	2.2298	3.0376	0.0001	1.0791	-0.0001	-0.0039	4.2004	10.0679	7.1498	33.8159	0.0010	0.0010	0.0000	0.0010	0.0010	0.0000	0.0000	0.0000	0.0000	1.9224	0.9246	0.9978	0.1489	0.1467	0.0022	1.7735	0.7779	0.9956	0.6445	0.5680	0.0765	0.0664	0.0643	0.0021	0.5781	0.5037	0.0744	1.0860	0.7012	0.3848	0.4094	0.3523	0.0570	0.6766	0.3489	0.3277	0.0009	0.0013	0.0000	0.0408	0.0368	0.0008	0.0000	0.0000	0.0000	1.7702	1.3186	2.5932	0.3638	0.4164	0.0390	2.6211	2.2298	3.0376
8	84	0.1222	3	1	0	1	0	0	0	0	0	N	N	N	N	N	N	N	N	N	N	N	N	0.0857	0.1067	0.0356	0.8250	0.8188	0.0049	0.0289	0.0281	0.0336	0.0307	0.0328	0.0165	0.1144	0.1215	0.0003	0.0152	0.0148	0.0177	0.3582	0.3074	0.4627	0.1387	0.1484	0.0544	0.5260	0.5245	0.5276	0.0748	0.7311	-0.0001	-0.0298	4.2004	0.9441	7.1498	14.0836	0.0024	0.0022	0.0002	0.0014	0.0014	0.0000	0.0010	0.0008	0.0002	0.3020	0.1745	0.1276	0.0507	0.0486	0.0021	0.2514	0.1259	0.1255	0.0769	0.0669	0.0100	0.0120	0.0113	0.0007	0.0648	0.0556	0.0093	0.8432	0.5675	0.2757	0.3653	0.3275	0.0378	0.4778	0.2399	0.2379	0.0857	0.1067	0.0356	0.8250	0.8188	0.0049	0.0289	0.0281	0.0336	0.3582	0.3074	0.4627	0.1387	0.1484	0.0544	0.5260	0.5245	0.5276
8	85	0.4044	6	1	0	1	0	0	0	0	0	N	N	N	N	N	N	N	N	N	N	N	N	2.0633	3.3491	0.0000	3.5817	5.6262	0.0000	1.4947	2.5034	0.0000	0.2446	0.2798	0.0000	0.4014	0.4662	0.0000	0.1861	0.2116	0.0000	0.1185	0.0835	0.1955	0.1121	0.0829	0.2950	0.1245	0.0845	0.1689	0.0000	1.0651	-0.0291	-0.0007	4.2004	15.0008	7.1498	28.2980	0.3042	0.3042	0.0000	0.1357	0.1357	0.0000	0.1685	0.1685	0.0000	0.1251	0.0606	0.0645	0.0567	0.0361	0.0205	0.0684	0.0245	0.0440	1.2437	1.0874	0.1563	0.3379	0.2910	0.0470	0.9057	0.7964	0.1093	1.0554	0.7253	0.3301	0.5056	0.4360	0.0696	0.5497	0.2892	0.2605	2.0633	3.3491	0.0000	3.5817	5.6262	0.0000	1.4947	2.5034	0.0000	0.1185	0.0835	0.1955	0.1121	0.0829	0.2950	0.1245	0.0845	0.1689
8	86	0.4044	6	1	0	1	0	0	0	0	0	N	N	N	N	N	N	N	N	N	N	N	N	1.9606	3.2138	0.0005	1.1541	1.8583	0.0006	2.2112	3.5258	0.0003	0.2443	0.2841	0.0001	0.1262	0.1509	0.0002	0.3113	0.3564	0.0001	0.1246	0.0884	0.2098	0.1094	0.0812	0.2978	0.1408	0.1011	0.1843	0.0001	1.0093	-0.0198	-0.0024	4.2004	10.8154	7.1498	27.4443	0.2073	0.2073	0.0000	0.0387	0.0387	0.0000	0.1685	0.1685	0.0000	0.1285	0.0639	0.0645	0.0580	0.0375	0.0205	0.0705	0.0265	0.0440	0.8483	0.7295	0.1188	0.3069	0.2566	0.0502	0.5414	0.4729	0.0686	1.0311	0.7233	0.3077	0.5305	0.4615	0.0690	0.5005	0.2618	0.2387	1.9606	3.2138	0.0005	1.1541	1.8583	0.0006	2.2112	3.5258	0.0003	0.1246	0.0884	0.2098	0.1094	0.0812	0.2978	0.1408	0.1011	0.1843
8	87	0.3566	5	1	0	1	0	0	0	0	0	N	N	N	N	N	N	N	N	N	N	N	N	1.3208	1.8186	0.1836	1.4241	1.7821	0.0577	1.1986	1.6112	0.3389	0.3495	0.3989	0.0693	0.2818	0.3353	0.0151	0.4207	0.4629	0.1419	0.2646	0.2193	0.3775	0.1979	0.1882	0.2613	0.3510	0.2873	0.4186	0.0306	0.6906	-0.0123	-0.0452	4.2004	2.7608	7.1498	22.4044	0.1868	0.1813	0.0055	0.0771	0.0764	0.0007	0.1097	0.1048	0.0049	0.4018	0.2377	0.1641	0.1694	0.1398	0.0296	0.2324	0.0979	0.1345	0.5344	0.4544	0.0800	0.2737	0.2279	0.0458	0.2607	0.2264	0.0342	1.5184	1.0836	0.4348	0.8563	0.7428	0.1135	0.6621	0.3408	0.3213	1.3208	1.8186	0.1836	1.4241	1.7821	0.0577	1.1986	1.6112	0.3389	0.2646	0.2193	0.3775	0.1979	0.1882	0.2613	0.3510	0.2873	0.4186
8	88	0.2268	4	1	0	1	0	0	0	0	0	N	N	N	N	N	N	N	N	N	N	N	N	0.1013	0.1492	0.0250	0.1232	0.1689	0.0019	0.0773	0.0971	0.0255	0.1760	0.1911	0.0667	0.0854	0.0913	0.0052	0.1949	0.2134	0.0734	1.7368	1.2805	2.6669	0.6932	0.5407	2.7555	2.5209	2.1985	2.8761	0.0480	1.0218	-0.0056	-0.0376	4.2004	8.8820	7.1498	49.9570	0.1124	0.1073	0.0051	0.0094	0.0094	0.0000	0.1030	0.0979	0.0051	2.3949	1.1846	1.2104	0.4101	0.2770	0.1331	1.9849	0.9076	1.0773	0.6386	0.5614	0.0772	0.1103	0.1027	0.0076	0.5283	0.4587	0.0697	1.3790	0.9251	0.4538	0.5916	0.5123	0.0793	0.7874	0.4128	0.3746	0.1013	0.1492	0.0250	0.1232	0.1689	0.0031	0.0773	0.0971	0.0255	1.7368	1.2805	2.6669	0.6932	0.5407	1.6786	2.5209	2.1985	2.8761
8	90	0.1115	6	1	1	1	1	0	0	0	0	N	N	N	N	N	N	N	N	N	N	N	N	0.0000	0.0000	0.0000	0.0000	0.0000	0.0000	0.0000	0.0000	0.0000	0.0000	0.0000	0.0000	0.0000	0.0000	0.0000	0.0000	0.0000	0.0000	0.0000	0.0000	4.2004	0.0000	7.1498	0.0000	0.0000	0.0000	0.0000	0.0000	0.0000	0.0000	0.0000	0.0000	0.0000	0.0000	0.0000	0.0000	0.0000	0.0000	0.0000	0.0000	0.0000	0.0000	0.0000	0.0000	0.0000	0.0000	0.0000	0.0000	0.0000	0.0000	0.0000	0.0000	0.0000	0.0000	0.0000	0.0000	0.0000	0.0000	0.0000	0.0000	0.0000	0.0000	0.0000	0.0000	0.0000	0.0000	0.0000	0.0000	0.0000	0.0000	0.0000	0.0000	0.0000	0.0000	0.0000	0.0000	0.0000	0.0000											
8	91	0.1007	5	1	1	1	1	0	0	0	0	N	N	N	N	N	N	N	N	N	N	N	N	0.0000	0.0000	0.0000	0.0000	0.0000	0.0000	0.0000	0.0000	0.0000	0.0000	0.0000	0.0000	0.0000	0.0000	0.0000	0.0000	0.0000	0.0000	0.0000	0.0000	4.2004	1.0000	7.1498	3.0000	0.0000	0.0000	0.0000	0.0000	0.0000	0.0000	0.0000	0.0000	0.0000	0.0000	0.0000	0.0000	0.0000	0.0000	0.0000	0.0000	0.0000	0.0000	0.0636	0.0568	0.0068	0.0226	0.0209	0.0017	0.0410	0.0359	0.0051	0.1008	0.0505	0.0504	0.0114	0.0097	0.0017	0.0895	0.0408	0.0487	0.0000	0.0000	0.0000	0.0000	0.0000	0.0000	0.0000	0.0000	0.0000	0.0000	0.0000	0.0000	0.0000	0.0000	0.0000	0.0000	0.0000	0.0000											
8	92	0.0942	3	1	1	1	0	0	0	0	0	N	N	N	N	N	N	N	N	N	N	N	N	0.0000	0.0000	0.0000	0.0000	0.0000	0.0000	0.0000	0.0000	0.0000	0.0000	0.0000	0.0000	0.0000	0.0000	0.0000	0.0000	0.0000	0.0000	0.0000	0.0000	4.2004	0.0000	7.1498	0.0000	0.0000	0.0000	0.0000	0.0000	0.0000	0.0000	0.0000	0.0000	0.0000	0.0000	0.0000	0.0000	0.0000	0.0000	0.0000	0.0000	0.0000	0.0000	0.0000	0.0000	0.0000	0.0000	0.0000	0.0000	0.0000	0.0000	0.0000	0.0000	0.0000	0.0000	0.0000	0.0000	0.0000	0.0000	0.0000	0.0000	0.0000	0.0000	0.0000	0.0000	0.0000	0.0000	0.0000	0.0000	0.0000	0.0000	0.0000	0.0000	0.0000	0.0000	0.0000	0.0000	0.0000	0.0000											
8	93	0.1007	5	1	0	2	1	0	0	0	0	N	N	Y	N	N	N	N	N	N	N	N	N	0.0000	0.0000	0.0000	0.0000	0.0000	0.0000	0.0000	0.0000	0.0000	0.0000	0.0000	0.0000	0.0000	0.0000	0.0000	0.0000	0.0000	0.0000	0.0000	0.0000	4.2004	0.0000	7.1498	0.0000	0.0000	0.0000	0.0000	0.0000	0.0000	0.0000	0.0000	0.0000	0.0000	0.0000	0.0000	0.0000	0.0000	0.0000	0.0000	0.0000	0.0000	0.0000	0.0000	0.0000	0.0000	0.0000	0.0000	0.0000	0.0000	0.0000	0.0000	0.0000	0.0000	0.0000	0.0000	0.0000	0.0000	0.0000	0.0000	0.0000	0.0000	0.0000	0.0000	0.0000	0.0000	0.0000	0.0000	0.0000	0.0000	0.0000	0.0000	0.0000	0.0000	0.0000	0.0000	0.0000	0.0000	0.0000											
8	94	0.0981	4	1	0	1	1	0	0	0	0	N	N	N	N	N	N	N	N	N	N	N	N	0.0000	0.0000	0.0000	0.0000	0.0000	0.0000	0.0000	0.0000	0.0000	0.0000	0.0000	0.0000	0.0000	0.0000	0.0000	0.0000	0.0000	0.0000	0.0000	0.0000	0.0000	0.0000	inf	0.0000	0.0000	4.2004	1.0000	7.1498	0.0097	0.0000	0.0000	0.0000	0.0000	0.0000	0.0000	0.0000	0.0000	0.0000	0.0000	0.0000	0.0000	0.0000	0.0000	0.0000	0.0000	0.0000	0.0000	0.0636	0.0568	0.0068	0.0226	0.0209	0.0017	0.0410	0.0359	0.0051	0.0273	0.0136	0.0137	0.0035	0.0030	0.0004	0.0239	0.0106	0.0133	0.0000	0.0000	0.0000	0.0000	0.0000	0.0000	0.0000	0.0000	0.0000	0.0000	0.0000	0.0000	0.0000	0.0000	0.0000	0.0000	0.0000	0.0000						
8	95	0.0981	4	1	0	2	1	0	0	0	0	N	N	Y	N	N	N	N	N	N	N	N	N	0.0000	0.0000	0.0000	0.0000	0.0000	0.0000	0.0000	0.0000	0.0000	0.0000	0.0000	0.0000	0.0000	0.0000	0.0000	0.0000	0.0000	0.0000	0.0000	0.0000	0.0000	0.0000	inf	0.0000	0.0000	4.2004	2.0000	7.1498	3.0050	0.0000	0.0000	0.0000	0.0000	0.0000	0.0000	0.0000	0.0000	0.0000	0.0000	0.0000	0.0000	0.0000	0.0000	0.0000	0.0000	0.0000	0.0000	0.1255	0.1121	0.0134	0.0444	0.0410	0.0033	0.0811	0.0711	0.0100	0.1256	0.0629	0.0627	0.0145	0.0124	0.0020	0.1111	0.0505	0.0606	0.0000	0.0000	0.0000	0.0000	0.0000	0.0000	0.0000	0.0000	0.0000	0.0000	0.0000	0.0000	0.0000	0.0000	0.0000	0.0000	0.0000	0.0000						
8	96	0.0981	4	1	0	2	1	0	0	0	0	N	N	Y	N	N	N	N	N	N	N	N	N	0.0000	0.0000	0.0000	0.0000	0.0000	0.0000	0.0000	0.0000	0.0000	0.0000	0.0000	0.0000	0.0000	0.0000	0.0000	0.0001	0.0002	0.0000	0.0005	0.0006	0.0000	0.0001	0.0001	0.0000	0.0000	0.0000	-0.0000	4.2004	0.0000	7.1498	6.9903	0.0000	0.0000	0.0000	0.0000	0.0000	0.0000	0.0000	0.0000	0.0000	0.0000	0.0000	0.0000	0.0000	0.0000	0.0000	0.0000	0.0000	0.0000	0.0000	0.0000	0.0000	0.0000	0.0000	0.0000	0.0000	0.0000	0.0000	0.1710	0.0859	0.0851	0.0195	0.0167	0.0028	0.1515	0.0692	0.0823	0.0000	0.0000	0.0000	0.0000	0.0000	0.0000	0.0000	0.0000	0.0000	0.0001	0.0002	0.0000	0.0005	0.0006	0.0000	0.0001	0.0001	0.0000				
8	97	0.0925	3	1	0	1	1	0	0	0	0	N	N	N	N	N	N	N	N	N	N	N	N	0.0000	0.0000	0.0000	0.0000	0.0000	0.0000	0.0000	0.0000	0.0000	0.0000	0.0000	0.0000	0.0000	0.0000	0.0000	0.0000	0.0000	0.0000	0.4963	0.0081	1.0362	0.0013	0.0001	0.0114	0.5705	0.0104	1.0677	114.9893	0.0000	0.0144	4.2004	0.9999	7.1498	1.0605	0.0000	0.0000	0.0000	0.0000	0.0000	0.0000	0.0000	0.0000	0.0000	0.0305	0.0003	0.0303	0.0000	0.0000	0.0000	0.0305	0.0003	0.0302	0.1046	0.0952	0.0095	0.0411	0.0386	0.0025	0.0635	0.0566	0.0069	0.0615	0.0323	0.0292	0.0080	0.0071	0.0009	0.0535	0.0252	0.0283	0.0000	0.0000	0.0000	0.0000	0.0000	0.0000	0.0000	0.0000	0.0000	0.4963	0.0081	1.0362	0.0013	0.0001	0.0114	0.5705	0.0104	1.0677	
8	98	0.0904	2	1	0	1	1	0	0	0	0	N	N	N	N	N	N	N	N	N	N	N	N	1.2261	0.6282	5.7155	0.5165	0.4391	250.5598	1.5783	0.0712	6.5990	2.6235	1.4627	10.9310	2.8436	2.6319	5.7455	2.3932	0.0728	12.9823	2.1397	2.3286	1.9125	5.5057	5.9946	0.0229	1.5164	1.0221	1.9673	1.0442	0.6829	0.0004	-0.0084	4.2004	0.0012	7.1498	1.0414	0.0009	0.0004	0.0005	0.0005	0.0004	0.0001	0.0004	0.0000	0.0004	0.0730	0.0434	0.0296	0.0294	0.0294	0.0000	0.0437	0.0140	0.0296	0.0003	0.0003	0.0000	0.0002	0.0002	0.0000	0.0002	0.0001	0.0000	0.0341	0.0186	0.0155	0.0053	0.0049	0.0004	0.0288	0.0137	0.0151	1.2261	0.6282	5.7155	0.5165	0.4391	250.5598	1.5783	0.0712	6.5990	2.1397	2.3286	1.9125	5.5057	5.9946	0.0229	1.5164	1.0221	1.9673
8	101	0.0973	4	2	1	1	0	0	0	0	0	Y	N	N	N	N	N	N	N	N	N	N	N	0.0000	0.0000	0.0000	0.0000	0.0000	0.0000	0.0000	0.0000	0.0000	0.0000	0.0000	0.0000	0.0000	0.0000	0.0000	12.2942	0.0017	24.7715	0.0000	0.0000	0.0000	13.7171	0.0021	25.5666	14262.4286	0.0000	0.4781	4.2004	0.0000	7.1498	3.0000	0.0000	0.0000	0.0000	0.0000	0.0000	0.0000	0.0000	0.0000	0.0000	0.9984	0.0001	0.9984	0.0000	0.0000	0.0000	0.9984	0.0001	0.9984	0.0000	0.0000	0.0000	0.0000	0.0000	0.0000	0.0000	0.0000	0.0000	0.0812	0.0409	0.0403	0.0084	0.0072	0.0013	0.0728	0.0337	0.0390	0.0000	0.0000	0.0000	0.0000	0.0000	0.0000	0.0000	0.0000	0.0000	12.2942	0.0017	24.7715	0.0000	0.0000	0.0000	13.7171	0.0021	25.5666				
8	102	0.0942	3	2	1	1	0	0	0	0	0	Y	N	N	N	N	N	N	N	N	N	N	N	0.0000	0.0000	0.0000	0.0000	0.0000	0.0000	0.0000	0.0000	0.0000	0.0000	0.0000	0.0000	0.0000	0.6307	0.0000	1.2675	0.0000	0.0000	0.0000	0.7036	0.0000	1.3081	inf	0.0000	0.0085	4.2004	0.0000	7.1498	1.0000	0.0000	0.0000	0.0000	0.0000	0.0000	0.0000	0.0000	0.0000	0.0000	0.0178	0.0000	0.0178	0.0000	0.0000	0.0000	0.0178	0.0000	0.0178	0.0000	0.0000	0.0000	0.0000	0.0000	0.0000	0.0000	0.0000	0.0000	0.0282	0.0142	0.0140	0.0029	0.0025	0.0004	0.0253	0.0117	0.0136	0.0000	0.0000	0.0000	0.0000	0.0000	0.0000	0.0000	0.0000	0.0000	0.6307	0.0000	1.2675	0.0000	0.0000	0.0000	0.7036	0.0000	1.3081						
8	103	0.0904	2	1	1	1	0	0	0	0	0	N	N	N	N	N	N	N	N	N	N	N	N	1.8230	0.0200	6.4191	7.3120	0.0020	284.0620	2.8663	8.1402	7.4135	1.6287	0.0003	12.4862	0.4594	0.0001	6.6370	2.9998	0.0006	14.8339	0.8934	0.0174	1.9452	0.0628	0.0664	0.0234	1.0466	0.0001	2.0009	5371.9343	92.8659	0.0004	0.0144	4.2004	0.0006	7.1498	1.0534	0.0005	0.0000	0.0005	0.0001	0.0000	0.0001	0.0004	0.0000	0.0004	0.0308	0.0003	0.0304	0.0003	0.0003	0.0000	0.0304	0.0000	0.0304	0.0003	0.0002	0.0000	0.0002	0.0001	0.0000	0.0001	0.0001	0.0000	0.0344	0.0188	0.0157	0.0054	0.0049	0.0004	0.0291	0.0139	0.0152	1.8230	0.0200	6.4191	7.3120	0.0020	284.0620	2.8663	8.1402	7.4135	0.8934	0.0174	1.9452	0.0628	0.0664	0.0234	1.0466	0.0001	2.0009
8	109	0.3091	5	1	0	1	0	0	0	0	0	N	N	N	N	N	N	N	N	N	N	N	N	0.0034	0.0026	0.0015	0.0483	0.0433	0.0226	0.0000	0.0000	0.0000	0.0077	0.0088	0.0000	0.0534	0.0561	0.0001	0.0000	0.0000	0.0000	2.2937	3.3581	0.0029	1.1057	1.2961	0.0034	3.3757	6.3911	0.0028	0.0001	0.0004	-0.0004	-1.3671	4.2004	7.7801	7.1498	32.2209	0.0041	0.0041	0.0000	0.0041	0.0041	0.0000	0.0000	0.0000	0.0000	2.6256	2.6245	0.0011	0.6033	0.6030	0.0003	2.0223	2.0215	0.0008	0.5315	0.4682	0.0634	0.0769	0.0732	0.0037	0.4547	0.3950	0.0597	1.1447	0.7816	0.3631	0.5456	0.4653	0.0804	0.5991	0.3163	0.2828	0.0034	0.0026	0.0015	0.0483	0.0433	0.0226	0.0000	0.0000	0.0000	2.2937	3.3581	0.0029	1.1057	1.2961	0.0034	3.3757	6.3911	0.0028
9	10	0.1012	7	0	0	2	0	0	0	0	0	N	N	Y	N	N	N	N	N	N	N	N	N	0.0000	0.0000	0.0000	0.0000	0.0000	0.0000	0.0000	0.0000	0.0000	0.0000	0.0000	0.0000	0.0000	0.0000	0.0000	0.0000	0.0000	0.0001	0.0001	0.0000	0.0019	0.0000	0.0000	0.0001	inf	0.0000	0.0000	0.0000	0.0010	0.9989	6.5746	0.0000	0.0000	0.0000	0.0000	0.0000	0.0000	0.0000	0.0000	0.0000	0.0000	0.0000	0.0000	0.0000	0.0000	0.0000	0.0000	0.0000	0.0000	0.0000	0.0000	0.0000	0.0000	0.0000	0.0000	0.0000	0.0000	0.0000	0.0137	0.0082	0.0055	0.0014	0.0013	0.0001	0.0123	0.0068	0.0054	0.0000	0.0000	0.0000	0.0000	0.0000	0.0000	0.0000	0.0000	0.0000	0.0000	0.0000	0.0001	0.0001	0.0000	0.0019	0.0000	0.0000	0.0001				
9	11	0.0628	5	1	1	1	0	0	0	0	0	N	N	N	N	N	N	N	N	N	N	N	N	0.0000	0.0000	0.0000	0.0000	0.0000	0.0000	0.0000	0.0000	0.0000	0.0000	0.0000	0.0000	0.0000	0.0000	0.0000	0.0000	0.0000	0.0000	0.0000	0.0000	0.0000	0.7962	0.9989	11.9291	0.0000	0.0000	0.0000	0.0000	0.0000	0.0000	0.0000	0.0000	0.0000	0.0000	0.0000	0.0000	0.0000	0.0000	0.0000	0.0000	0.0000	0.0000	0.0000	0.0000	0.0000	0.0000	0.0000	0.0000	0.0000	0.0000	0.0000	0.0210	0.0136	0.0075	0.0083	0.0072	0.0011	0.0127	0.0064	0.0063	0.0000	0.0000	0.0000	0.0000	0.0000	0.0000	0.0000	0.0000	0.0000	0.0000	0.0000	0.0000	0.0000	0.0000	0.0000	0.0000	0.0000	0.0000											
9	12	0.0836	7	0	1	1	0	0	0	0	0	N	N	N	N	N	N	N	N	N	N	N	N	0.0000	0.0000	0.0000	0.0000	0.0000	0.0000	0.0000	0.0000	0.0000	0.0000	0.0000	0.0000	0.0000	0.0000	0.0000	0.0000	0.0000	0.0000	0.0000	0.0000	0.0000	0.0000	inf	0.0000	0.0000	0.0000	0.0000	0.9989	1.2577	0.0000	0.0000	0.0000	0.0000	0.0000	0.0000	0.0000	0.0000	0.0000	0.0000	0.0000	0.0000	0.0000	0.0000	0.0000	0.0000	0.0000	0.0000	0.0000	0.0000	0.0000	0.0000	0.0000	0.0000	0.0000	0.0000	0.0000	0.0045	0.0035	0.0010	0.0021	0.0020	0.0001	0.0024	0.0015	0.0008	0.0000	0.0000	0.0000	0.0000	0.0000	0.0000	0.0000	0.0000	0.0000	0.0000	0.0000	0.0000	0.0000	0.0000	0.0000	0.0000	0.0000	0.0000						
9	13	0.1214	8	0	0	1	1	0	0	0	0	N	N	N	N	N	N	N	N	N	N	N	N	0.0000	0.0000	0.0000	0.0000	0.0000	0.0000	0.0000	0.0000	0.0000	0.0000	0.0000	0.0000	0.0000	0.0000	0.0000	0.0000	0.0000	0.0000	0.0000	0.0000	0.0000	0.0000	0.9989	1.9950	0.0000	0.0000	0.0000	0.0000	0.0000	0.0000	0.0000	0.0000	0.0000	0.0000	0.0000	0.0000	0.0000	0.0000	0.0000	0.0000	0.0000	0.0000	0.0000	0.0000	0.0000	0.0000	0.0000	0.0000	0.0000	0.0000	0.0000	0.0038	0.0027	0.0012	0.0019	0.0017	0.0002	0.0019	0.0010	0.0009	0.0000	0.0000	0.0000	0.0000	0.0000	0.0000	0.0000	0.0000	0.0000	0.0000	0.0000	0.0000	0.0000	0.0000	0.0000	0.0000	0.0000	0.0000											
9	14	0.4450	10	0	1	1	1	0	0	0	0	N	N	N	N	N	N	N	N	N	N	N	N	0.0000	0.0000	0.0000	0.0000	0.0000	0.0000	0.0000	0.0000	0.0000	0.0000	0.0000	0.0000	0.0000	0.0000	0.0000	0.0000	0.0000	0.0000	0.0004	0.0001	0.0009	0.0001	0.0001	0.0001	0.0005	0.0000	0.0010	8.6217	0.0000	0.0000	0.0000	3.8100	0.9989	14.0319	0.0000	0.0000	0.0000	0.0000	0.0000	0.0000	0.0000	0.0000	0.0000	0.0000	0.0000	0.0000	0.0000	0.0000	0.0000	0.0000	0.0000	0.0000	0.0000	0.0000	0.0000	0.0000	0.0000	0.0000	0.0000	0.0000	0.0000	0.0338	0.0215	0.0123	0.0122	0.0108	0.0014	0.0216	0.0107	0.0109	0.0000	0.0000	0.0000	0.0000	0.0000	0.0000	0.0000	0.0000	0.0000	0.0004	0.0001	0.0009	0.0001	0.0001	0.0001	0.0005	0.0000	0.0010	
9	15	0.0977	6	0	1	1	0	0	0	0	0	N	N	N	N	N	N	N	N	N	N	N	N	0.0000	0.0000	0.0000	0.0000	0.0000	0.0000	0.0000	0.0000	0.0000	0.0000	0.0000	0.0000	0.0000	0.0000	0.0000	0.0000	0.0000	0.0000	0.0000	0.0000	0.0000	0.0000	0.1333	0.0000	-0.0000	0.0000	2.5826	0.9989	3.6028	0.0000	0.0000	0.0000	0.0000	0.0000	0.0000	0.0000	0.0000	0.0000	0.0000	0.0000	0.0000	0.0000	0.0000	0.0000	0.0000	0.0000	0.0000	0.0000	0.0000	0.0000	0.0000	0.0000	0.0000	0.0000	0.0000	0.0000	0.0150	0.0103	0.0046	0.0086	0.0072	0.0014	0.0064	0.0031	0.0033	0.0000	0.0000	0.0000	0.0000	0.0000	0.0000	0.0000	0.0000	0.0000	0.0000	0.0000	0.0000	0.0000	0.0000	0.0000	0.0000	0.0000	0.0000						
9	16	0.1348	10	0	1	1	1	0	0	0	0	N	N	N	N	N	N	N	N	N	N	N	N	0.0000	0.0000	0.0000	0.0000	0.0000	0.0000	0.0000	0.0000	0.0000	0.0000	0.0000	0.0000	0.0000	0.0000	0.0000	0.0000	0.0000	0.0000	0.0000	0.0000	0.0000	0.0000	0.9989	0.0000	0.0000	0.0000	0.0000	0.0000	0.0000	0.0000	0.0000	0.0000	0.0000	0.0000	0.0000	0.0000	0.0000	0.0000	0.0000	0.0000	0.0000	0.0000	0.0000	0.0000	0.0000	0.0000	0.0000	0.0000	0.0000	0.0000	0.0000	0.0000	0.0000	0.0000	0.0000	0.0000	0.0000	0.0000	0.0000	0.0000	0.0000	0.0000	0.0000	0.0000	0.0000	0.0000	0.0000	0.0000	0.0000	0.0000	0.0000	0.0000	0.0000	0.0000	0.0000	0.0000	0.0000	0.0000											
9	17	0.0628	5	0	1	1	0	0	0	0	0	N	N	N	N	N	N	N	N	N	N	N	N	0.0000	0.0000	0.0000	0.0000	0.0000	0.0000	0.0000	0.0000	0.0000	0.0000	0.0000	0.0000	0.0000	0.0014	0.0000	0.0041	0.0000	0.0000	0.0000	0.0024	0.0000	0.0048	inf	0.0000	0.0000	0.0000	2.2039	0.9989	8.9910	0.0000	0.0000	0.0000	0.0000	0.0000	0.0000	0.0000	0.0000	0.0000	0.0000	0.0000	0.0000	0.0000	0.0000	0.0000	0.0000	0.0000	0.0000	0.0000	0.0000	0.0000	0.0000	0.0000	0.0000	0.0000	0.0000	0.0000	0.0208	0.0134	0.0074	0.0082	0.0071	0.0011	0.0126	0.0063	0.0063	0.0000	0.0000	0.0000	0.0000	0.0000	0.0000	0.0000	0.0000	0.0000	0.0014	0.0000	0.0041	0.0000	0.0000	0.0000	0.0024	0.0000	0.0048						
9	18	0.1413	6	0	0	1	1	0	0	0	0	N	N	N	N	N	N	N	N	N	N	N	N	0.0000	0.0000	0.0000	0.0000	0.0000	0.0000	0.0000	0.0000	0.0000	0.0000	0.0000	0.0000	0.0000	0.0000	0.0000	0.0000	0.0000	0.0000	0.0030	0.0046	0.0001	0.0088	0.0106	0.0001	0.0000	0.0000	0.0001	0.0093	0.0000	-0.0000	0.0000	0.9969	0.9989	1.0186	0.0000	0.0000	0.0000	0.0000	0.0000	0.0000	0.0000	0.0000	0.0000	0.0000	0.0000	0.0000	0.0000	0.0000	0.0000	0.0000	0.0000	0.0000	0.0000	0.0000	0.0000	0.0000	0.0000	0.0000	0.0000	0.0000	0.0000	0.0039	0.0024	0.0014	0.0013	0.0011	0.0002	0.0026	0.0014	0.0012	0.0000	0.0000	0.0000	0.0000	0.0000	0.0000	0.0000	0.0000	0.0000	0.0030	0.0046	0.0001	0.0088	0.0106	0.0001	0.0000	0.0000	0.0001	
9	19	0.0830	6	1	0	2	0	0	0	0	0	N	N	Y	N	N	N	N	N	N	N	N	N	0.0000	0.0000	0.0000	0.0000	0.0000	0.0000	0.0000	0.0000	0.0000	0.0000	0.0000	0.0000	0.0000	0.0000	0.0000	0.0000	0.0000	0.0000	0.0000	-0.0000	0.0000	0.3962	0.9989	2.0067	0.0000	0.0000	0.0000	0.0000	0.0000	0.0000	0.0000	0.0000	0.0000	0.0000	0.0000	0.0000	0.0000	0.0000	0.0000	0.0000	0.0000	0.0000	0.0000	0.0000	0.0000	0.0000	0.0000	0.0000	0.0000	0.0000	0.0000	0.0046	0.0031	0.0015	0.0020	0.0018	0.0003	0.0026	0.0014	0.0013	0.0000	0.0000	0.0000	0.0000	0.0000	0.0000	0.0000	0.0000	0.0000	0.0000	0.0000	0.0000	0.0000	0.0000	0.0000	0.0000	0.0000	0.0000											
9	20	0.0132	2	0	1	1	0	0	0	0	0	N	N	N	N	N	N	N	N	N	N	N	N	0.0000	0.0000	0.0000	0.0000	0.0000	0.0000	0.0000	0.0000	0.0000	0.0000	0.0000	0.0000	0.0000	0.0000	0.0000	0.0000	0.0000	0.0177	0.0335	0.0001	0.7879	0.7907	0.0211	0.0001	0.0000	0.0001	0.0037	0.0000	-0.0001	0.0000	0.0000	0.9989	3.0021	0.0000	0.0000	0.0000	0.0000	0.0000	0.0000	0.0000	0.0000	0.0000	0.0001	0.0001	0.0000	0.0001	0.0001	0.0000	0.0000	0.0000	0.0000	0.0000	0.0000	0.0000	0.0000	0.0000	0.0000	0.0000	0.0000	0.0000	0.0059	0.0031	0.0028	0.0001	0.0001	0.0000	0.0057	0.0030	0.0028	0.0000	0.0000	0.0000	0.0000	0.0000	0.0000	0.0000	0.0000	0.0000	0.0177	0.0335	0.0001	0.7879	0.7907	0.0211	0.0001	0.0000	0.0001		
9	21	0.0628	5	0	1	1	0	0	0	0	0	N	N	N	N	N	N	N	N	N	N	N	N	0.0000	0.0000	0.0000	0.0000	0.0000	0.0000	0.0000	0.0000	0.0000	0.0000	0.0000	0.0000	0.0000	0.0000	0.0000	0.0025	0.0000	0.0070	0.0015	0.0000	0.0102	0.0032	0.0000	0.0064	inf	0.0000	0.0000	0.0000	9.2038	0.9989	12.0710	0.0000	0.0000	0.0000	0.0000	0.0000	0.0000	0.0000	0.0000	0.0000	0.0001	0.0000	0.0001	0.0000	0.0000	0.0000	0.0001	0.0000	0.0001	0.0000	0.0000	0.0000	0.0000	0.0000	0.0000	0.0000	0.0000	0.0000	0.0355	0.0226	0.0128	0.0134	0.0115	0.0020	0.0220	0.0112	0.0109	0.0000	0.0000	0.0000	0.0000	0.0000	0.0000	0.0000	0.0000	0.0000	0.0025	0.0000	0.0070	0.0015	0.0000	0.0102	0.0032	0.0000	0.0064				
9	22	0.0628	5	1	1	1	0	0	0	0	0	N	N	N	N	N	N	N	N	N	N	N	N	0.0000	0.0000	0.0000	0.0000	0.0000	0.0000	0.0000	0.0000	0.0000	0.0000	0.0000	0.0000	0.0000	0.0000	0.0000	0.0015	0.0024	0.0000	0.0032	0.0038	0.0000	0.0005	0.0010	0.0000	0.0000	0.0000	-0.0000	0.0000	12.2045	0.9989	6.9907	0.0000	0.0000	0.0000	0.0000	0.0000	0.0000	0.0000	0.0000	0.0000	0.0001	0.0001	0.0000	0.0000	0.0000	0.0000	0.0000	0.0000	0.0000	0.0000	0.0000	0.0000	0.0000	0.0000	0.0000	0.0000	0.0000	0.0000	0.0326	0.0209	0.0118	0.0124	0.0106	0.0018	0.0202	0.0102	0.0100	0.0000	0.0000	0.0000	0.0000	0.0000	0.0000	0.0000	0.0000	0.0000	0.0015	0.0024	0.0000	0.0032	0.0038	0.0000	0.0005	0.0010	0.0000				
9	23	0.0186	3	0	1	1	0	0	0	0	0	N	N	N	N	N	N	N	N	N	N	N	N	0.0000	0.0000	0.0000	0.0000	0.0000	0.0000	0.0000	0.0000	0.0000	0.0000	0.0000	0.0000	0.0000	0.0000	0.0000	0.0000	0.0000	0.0035	0.0060	0.0004	0.0343	0.0348	0.0084	0.0002	0.0000	0.0003	0.0449	0.0000	-0.0000	0.0000	0.0000	0.9989	4.0676	0.0000	0.0000	0.0000	0.0000	0.0000	0.0000	0.0000	0.0000	0.0000	0.0000	0.0000	0.0000	0.0000	0.0000	0.0000	0.0000	0.0000	0.0000	0.0000	0.0000	0.0000	0.0000	0.0000	0.0000	0.0000	0.0000	0.0000	0.0092	0.0052	0.0040	0.0009	0.0009	0.0000	0.0083	0.0043	0.0040	0.0000	0.0000	0.0000	0.0000	0.0000	0.0000	0.0000	0.0000	0.0000	0.0035	0.0060	0.0004	0.0343	0.0348	0.0084	0.0002	0.0000	0.0003		
9	24	0.0628	5	1	1	1	0	0	0	0	0	N	N	N	N	N	N	N	N	N	N	N	N	0.0000	0.0000	0.0000	0.0000	0.0000	0.0000	0.0000	0.0000	0.0000	0.0000	0.0000	0.0000	0.0000	0.0000	0.0000	0.0000	0.0000	0.0020	0.0007	0.0042	0.0024	0.0014	0.0078	0.0017	0.0000	0.0035	3.5000	0.0000	0.0000	0.0000	8.3046	0.9989	21.0710	0.0000	0.0000	0.0000	0.0000	0.0000	0.0000	0.0000	0.0000	0.0000	0.0001	0.0000	0.0001	0.0000	0.0000	0.0000	0.0001	0.0000	0.0001	0.0000	0.0000	0.0000	0.0000	0.0000	0.0000	0.0000	0.0000	0.0000	0.0456	0.0288	0.0168	0.0167	0.0141	0.0026	0.0289	0.0147	0.0142	0.0000	0.0000	0.0000	0.0000	0.0000	0.0000	0.0000	0.0000	0.0000	0.0020	0.0007	0.0042	0.0024	0.0014	0.0078	0.0017	0.0000	0.0035		
9	25	0.0809	6	0	1	1	0	0	0	0	0	N	N	N	N	N	N	N	N	N	N	N	N	0.0000	0.0000	0.0000	0.0000	0.0000	0.0000	0.0000	0.0000	0.0000	0.0000	0.0000	0.0000	0.0000	0.0000	0.0000	0.0000	0.0000	0.0000	0.0000	0.0000	0.0000	0.0000	inf	0.0000	0.0000	0.0000	1.0335	0.9989	7.4537	0.0000	0.0000	0.0000	0.0000	0.0000	0.0000	0.0000	0.0000	0.0000	0.0000	0.0000	0.0000	0.0000	0.0000	0.0000	0.0000	0.0000	0.0000	0.0000	0.0000	0.0000	0.0000	0.0000	0.0000	0.0000	0.0000	0.0000	0.0178	0.0123	0.0054	0.0079	0.0070	0.0010	0.0098	0.0053	0.0045	0.0000	0.0000	0.0000	0.0000	0.0000	0.0000	0.0000	0.0000	0.0000	0.0000	0.0000	0.0000	0.0000	0.0000	0.0000	0.0000	0.0000	0.0000						
9	26	0.0628	5	0	1	1	0	0	0	0	0	N	N	N	N	N	N	N	N	N	N	N	N	0.0000	0.0000	0.0000	0.0000	0.0000	0.0000	0.0000	0.0000	0.0000	0.0000	0.0000	0.0000	0.0000	0.0000	0.0000	0.0000	0.0000	0.0000	0.0000	0.0000	0.0000	7.2039	0.9989	4.9911	0.0000	0.0000	0.0000	0.0000	0.0000	0.0000	0.0000	0.0000	0.0000	0.0000	0.0000	0.0000	0.0000	0.0000	0.0000	0.0000	0.0000	0.0000	0.0000	0.0000	0.0000	0.0000	0.0000	0.0000	0.0000	0.0000	0.0000	0.0222	0.0143	0.0079	0.0087	0.0076	0.0012	0.0135	0.0068	0.0067	0.0000	0.0000	0.0000	0.0000	0.0000	0.0000	0.0000	0.0000	0.0000	0.0000	0.0000	0.0000	0.0000	0.0000	0.0000	0.0000	0.0000	0.0000											
9	27	0.1534	6	0	1	2	1	0	0	0	0	N	N	Y	N	N	N	N	N	N	N	N	N	0.0000	0.0000	0.0000	0.0000	0.0000	0.0000	0.0000	0.0000	0.0000	0.0000	0.0000	0.0000	0.0000	0.0000	0.0000	0.0000	0.0000	0.0000	0.0000	0.0000	0.0000	0.0000	0.0000	0.0000	0.0000	0.0000	18.6071	0.0000	0.0000	0.0000	1.9923	0.9989	5.5017	0.0000	0.0000	0.0000	0.0000	0.0000	0.0000	0.0000	0.0000	0.0000	0.0000	0.0000	0.0000	0.0000	0.0000	0.0000	0.0000	0.0000	0.0000	0.0000	0.0000	0.0000	0.0000	0.0000	0.0000	0.0000	0.0000	0.0000	0.0170	0.0108	0.0062	0.0051	0.0046	0.0006	0.0118	0.0062	0.0057	0.0000	0.0000	0.0000	0.0000	0.0000	0.0000	0.0000	0.0000	0.0000	0.0000	0.0000	0.0000	0.0000	0.0000	0.0000	0.0000	0.0000	0.0000		
9	28	0.0628	5	0	1	1	0	0	0	0	0	N	N	N	N	N	N	N	N	N	N	N	N	0.0000	0.0000	0.0000	0.0000	0.0000	0.0000	0.0000	0.0000	0.0000	0.0000	0.0000	0.0000	0.0000	0.0000	0.0000	0.0000	0.0000	0.0029	0.0011	0.0060	0.0037	0.0022	0.0132	0.0023	0.0000	0.0047	3.0000	0.0000	0.0000	0.0000	1.7961	0.9989	15.9291	0.0000	0.0000	0.0000	0.0000	0.0000	0.0000	0.0000	0.0000	0.0000	0.0001	0.0000	0.0001	0.0000	0.0000	0.0000	0.0000	0.0000	0.0000	0.0000	0.0000	0.0000	0.0000	0.0000	0.0000	0.0000	0.0000	0.0000	0.0279	0.0179	0.0100	0.0108	0.0093	0.0015	0.0171	0.0086	0.0085	0.0000	0.0000	0.0000	0.0000	0.0000	0.0000	0.0000	0.0000	0.0000	0.0029	0.0011	0.0060	0.0037	0.0022	0.0132	0.0023	0.0000	0.0047		
9	29	0.1207	8	1	1	1	0	0	0	0	0	N	N	N	N	N	N	N	N	N	N	N	N	0.0000	0.0000	0.0000	0.0000	0.0000	0.0000	0.0000	0.0000	0.0000	0.0000	0.0000	0.0000	0.0000	0.0000	0.0000	0.0000	0.0000	0.0000	0.0000	0.0000	0.0000	0.0000	0.9989	0.0000	0.0000	0.0000	0.0000	0.0000	0.0000	0.0000	0.0000	0.0000	0.0000	0.0000	0.0000	0.0000	0.0000	0.0000	0.0000	0.0000	0.0000	0.0000	0.0000	0.0000	0.0000	0.0000	0.0000	0.0000	0.0000	0.0000	0.0000	0.0000	0.0000	0.0000	0.0000	0.0000	0.0000	0.0000	0.0000	0.0000	0.0000	0.0000	0.0000	0.0000	0.0000	0.0000	0.0000	0.0000	0.0000	0.0000	0.0000	0.0000	0.0000	0.0000	0.0000	0.0000	0.0000	0.0000											
9	30	0.0628	5	0	1	1	1	0	0	0	0	N	N	N	N	N	N	N	N	N	N	N	N	0.0000	0.0000	0.0000	0.0000	0.0000	0.0000	0.0000	0.0000	0.0000	0.0000	0.0000	0.0000	0.0000	0.0000	0.0000	0.0022	0.0000	0.0060	0.0016	0.0000	0.0112	0.0025	0.0000	0.0050	inf	0.0000	0.0000	0.0000	0.0000	0.9989	19.0400	0.0000	0.0000	0.0000	0.0000	0.0000	0.0000	0.0000	0.0000	0.0000	0.0001	0.0000	0.0001	0.0000	0.0000	0.0000	0.0001	0.0000	0.0001	0.0000	0.0000	0.0000	0.0000	0.0000	0.0000	0.0000	0.0000	0.0000	0.0325	0.0208	0.0117	0.0124	0.0106	0.0018	0.0201	0.0102	0.0099	0.0000	0.0000	0.0000	0.0000	0.0000	0.0000	0.0000	0.0000	0.0000	0.0022	0.0000	0.0060	0.0016	0.0000	0.0112	0.0025	0.0000	0.0050				
9	31	0.0628	5	1	1	1	0	0	0	0	0	N	N	N	N	N	N	N	N	N	N	N	N	2493.7399	7639.5884	0.0000	6656.6642	11373.8101	0.0000	0.0000	0.0000	6.5293	6.9605	0.0000	20.4065	20.4065	0.0000	0.0000	0.0000	0.0000	0.0026	0.0009	0.0056	0.0031	0.0018	0.0105	0.0023	0.0000	0.0048	0.0000	3.5000	-0.0000	0.0000	0.0000	6.7961	0.9989	16.0091	0.0000	0.0000	0.0000	0.0000	0.0000	0.0000	0.0000	0.0000	0.0000	0.0001	0.0000	0.0001	0.0000	0.0000	0.0000	0.0001	0.0000	0.0001	0.0000	0.0000	0.0000	0.0000	0.0000	0.0000	0.0000	0.0000	0.0000	0.0344	0.0220	0.0124	0.0130	0.0111	0.0019	0.0213	0.0108	0.0105	2493.7399	7639.5884	0.0000	6656.6642	11373.8101	0.0000	0.0000	0.0000	0.0000	0.0026	0.0009	0.0056	0.0031	0.0018	0.0105	0.0023	0.0000	0.0048	
9	32	0.4450	10	0	0	2	0	0	0	0	0	N	N	Y	N	N	N	N	N	N	N	N	N	0.0000	0.0000	0.0000	0.0000	0.0000	0.0000	0.0000	0.0000	0.0000	0.0000	0.0000	0.0000	0.0000	0.0000	0.0000	0.0000	0.0000	0.0000	0.0005	0.0001	0.0013	0.0001	0.0001	0.0001	0.0007	0.0000	0.0014	8.6217	0.0000	0.0000	0.0000	2.4598	0.9989	7.4321	0.0000	0.0000	0.0000	0.0000	0.0000	0.0000	0.0000	0.0000	0.0000	0.0000	0.0000	0.0000	0.0000	0.0000	0.0000	0.0000	0.0000	0.0000	0.0000	0.0000	0.0000	0.0000	0.0000	0.0000	0.0000	0.0000	0.0000	0.0239	0.0152	0.0087	0.0091	0.0083	0.0008	0.0148	0.0069	0.0079	0.0000	0.0000	0.0000	0.0000	0.0000	0.0000	0.0000	0.0000	0.0000	0.0005	0.0001	0.0013	0.0001	0.0001	0.0001	0.0007	0.0000	0.0014	
9	33	0.4067	9	0	0	1	0	0	0	0	0	N	N	N	N	N	N	N	N	N	N	N	N	0.0000	0.0000	0.0000	0.0000	0.0000	0.0000	0.0000	0.0000	0.0000	0.0000	0.0000	0.0000	0.0000	0.0000	0.0000	0.0000	0.0000	0.0000	0.0015	0.0021	0.0005	0.0044	0.0049	0.0002	0.0003	0.0000	0.0006	0.1498	0.0000	-0.0000	0.0000	2.7943	0.9989	8.2643	0.0000	0.0000	0.0000	0.0000	0.0000	0.0000	0.0000	0.0000	0.0000	0.0000	0.0000	0.0000	0.0000	0.0000	0.0000	0.0000	0.0000	0.0000	0.0000	0.0000	0.0000	0.0000	0.0000	0.0000	0.0000	0.0000	0.0000	0.0221	0.0141	0.0080	0.0067	0.0060	0.0007	0.0155	0.0081	0.0073	0.0000	0.0000	0.0000	0.0000	0.0000	0.0000	0.0000	0.0000	0.0000	0.0015	0.0021	0.0005	0.0044	0.0049	0.0002	0.0003	0.0000	0.0006	
9	34	0.1183	6	0	1	1	0	0	0	0	0	N	N	N	N	N	N	N	N	N	N	N	N	0.0000	0.0000	0.0000	0.0000	0.0000	0.0000	0.0000	0.0000	0.0000	0.0000	0.0000	0.0000	0.0000	0.0000	0.0000	0.0000	0.0000	0.0000	0.0000	0.0000	0.0001	0.0000	0.0000	0.0001	0.0001	0.0000	0.0001	9.6822	0.0000	0.0000	0.0000	0.0009	0.9989	2.4415	0.0000	0.0000	0.0000	0.0000	0.0000	0.0000	0.0000	0.0000	0.0000	0.0000	0.0000	0.0000	0.0000	0.0000	0.0000	0.0000	0.0000	0.0000	0.0000	0.0000	0.0000	0.0000	0.0000	0.0000	0.0000	0.0000	0.0000	0.0092	0.0059	0.0033	0.0048	0.0036	0.0012	0.0044	0.0023	0.0020	0.0000	0.0000	0.0000	0.0000	0.0000	0.0000	0.0000	0.0000	0.0000	0.0000	0.0000	0.0001	0.0000	0.0000	0.0001	0.0001	0.0000	0.0001	
9	35	0.0628	5	1	0	2	0	0	0	0	0	N	N	Y	N	N	N	N	N	N	N	N	N	0.0000	0.0000	0.0000	0.0000	0.0000	0.0000	0.0000	0.0000	0.0000	0.0000	0.0000	0.0000	0.0000	0.0008	0.0000	0.0024	0.0000	0.0000	0.0000	0.0014	0.0000	0.0028	inf	0.0000	0.0000	0.0000	0.0000	0.9989	5.9600	0.0000	0.0000	0.0000	0.0000	0.0000	0.0000	0.0000	0.0000	0.0000	0.0000	0.0000	0.0000	0.0000	0.0000	0.0000	0.0000	0.0000	0.0000	0.0000	0.0000	0.0000	0.0000	0.0000	0.0000	0.0000	0.0000	0.0000	0.0119	0.0077	0.0042	0.0048	0.0042	0.0006	0.0071	0.0035	0.0036	0.0000	0.0000	0.0000	0.0000	0.0000	0.0000	0.0000	0.0000	0.0000	0.0008	0.0000	0.0024	0.0000	0.0000	0.0000	0.0014	0.0000	0.0028						
9	36	0.1534	6	0	1	1	0	0	0	0	0	N	N	N	N	N	N	N	N	N	N	N	N	0.0000	0.0000	0.0000	0.0000	0.0000	0.0000	0.0000	0.0000	0.0000	0.0000	0.0000	0.0000	0.0000	0.0000	0.0000	0.0000	0.0000	0.0000	0.0000	0.0000	0.0000	0.0000	0.0000	0.0000	0.0000	0.0000	18.6071	0.0000	0.0000	0.0000	0.0123	0.9989	6.2120	0.0000	0.0000	0.0000	0.0000	0.0000	0.0000	0.0000	0.0000	0.0000	0.0000	0.0000	0.0000	0.0000	0.0000	0.0000	0.0000	0.0000	0.0000	0.0000	0.0000	0.0000	0.0000	0.0000	0.0000	0.0000	0.0000	0.0000	0.0147	0.0094	0.0053	0.0045	0.0041	0.0005	0.0102	0.0053	0.0049	0.0000	0.0000	0.0000	0.0000	0.0000	0.0000	0.0000	0.0000	0.0000	0.0000	0.0000	0.0000	0.0000	0.0000	0.0000	0.0000	0.0000	0.0000		
9	37	0.0628	5	0	1	1	0	0	0	0	0	N	N	N	N	N	N	N	N	N	N	N	N	0.0000	0.0000	0.0000	0.0000	0.0000	0.0000	0.0000	0.0000	0.0000	0.0000	0.0000	0.0000	0.0000	0.0000	0.0000	0.0000	0.0000	0.0000	0.0021	0.0007	0.0045	0.0025	0.0015	0.0084	0.0019	0.0000	0.0038	3.4963	0.0000	0.0000	0.0000	8.2035	0.9989	18.5835	0.0000	0.0000	0.0000	0.0000	0.0000	0.0000	0.0000	0.0000	0.0000	0.0001	0.0000	0.0001	0.0000	0.0000	0.0000	0.0000	0.0000	0.0000	0.0000	0.0000	0.0000	0.0000	0.0000	0.0000	0.0000	0.0000	0.0000	0.0425	0.0270	0.0156	0.0157	0.0134	0.0024	0.0268	0.0136	0.0132	0.0000	0.0000	0.0000	0.0000	0.0000	0.0000	0.0000	0.0000	0.0000	0.0021	0.0007	0.0045	0.0025	0.0015	0.0084	0.0019	0.0000	0.0038	
9	38	0.0628	5	0	1	1	1	0	0	0	0	N	N	N	N	N	N	N	N	N	N	N	N	0.0000	0.0000	0.0000	0.0000	0.0000	0.0000	0.0000	0.0000	0.0000	0.0000	0.0000	0.0000	0.0000	0.0000	0.0000	0.0000	0.0000	0.0018	0.0006	0.0038	0.0022	0.0013	0.0071	0.0016	0.0000	0.0032	3.5000	0.0000	0.0000	0.0000	10.2042	0.9989	23.0710	0.0000	0.0000	0.0000	0.0000	0.0000	0.0000	0.0000	0.0000	0.0000	0.0001	0.0000	0.0001	0.0000	0.0000	0.0000	0.0001	0.0000	0.0001	0.0000	0.0000	0.0000	0.0000	0.0000	0.0000	0.0000	0.0000	0.0000	0.0499	0.0314	0.0185	0.0180	0.0152	0.0028	0.0319	0.0162	0.0156	0.0000	0.0000	0.0000	0.0000	0.0000	0.0000	0.0000	0.0000	0.0000	0.0018	0.0006	0.0038	0.0022	0.0013	0.0071	0.0016	0.0000	0.0032		
9	39	0.0628	5	1	0	2	0	0	0	0	0	N	N	Y	N	N	N	N	N	N	N	N	N	0.0000	0.0000	0.0000	0.0000	0.0000	0.0000	0.0000	0.0000	0.0000	0.0000	0.0000	0.0000	0.0000	0.0022	0.0000	0.0062	0.0000	0.0000	0.0000	0.0038	0.0000	0.0070	inf	0.0000	0.0000	0.0000	0.0000	0.9989	1.9600	0.0000	0.0000	0.0000	0.0000	0.0000	0.0000	0.0000	0.0000	0.0000	0.0000	0.0000	0.0000	0.0000	0.0000	0.0000	0.0000	0.0000	0.0000	0.0000	0.0000	0.0000	0.0000	0.0000	0.0000	0.0000	0.0000	0.0000	0.0046	0.0030	0.0016	0.0019	0.0017	0.0002	0.0027	0.0012	0.0014	0.0000	0.0000	0.0000	0.0000	0.0000	0.0000	0.0000	0.0000	0.0000	0.0022	0.0000	0.0062	0.0000	0.0000	0.0000	0.0038	0.0000	0.0070						
9	40	0.1183	6	0	0	2	0	0	0	0	0	N	N	Y	N	N	N	N	N	N	N	N	N	0.0000	0.0000	0.0000	0.0000	0.0000	0.0000	0.0000	0.0000	0.0000	0.0000	0.0000	0.0000	0.0000	0.0000	0.0000	0.0000	0.0000	0.0000	0.0000	0.0000	0.0001	0.0000	0.0000	0.0001	0.0000	0.0000	0.0001	9.6822	0.0000	0.0000	0.0000	0.0009	0.9989	7.7842	0.0000	0.0000	0.0000	0.0000	0.0000	0.0000	0.0000	0.0000	0.0000	0.0000	0.0000	0.0000	0.0000	0.0000	0.0000	0.0000	0.0000	0.0000	0.0000	0.0000	0.0000	0.0000	0.0000	0.0000	0.0000	0.0000	0.0000	0.0178	0.0111	0.0067	0.0070	0.0054	0.0016	0.0108	0.0057	0.0051	0.0000	0.0000	0.0000	0.0000	0.0000	0.0000	0.0000	0.0000	0.0000	0.0000	0.0000	0.0001	0.0000	0.0000	0.0001	0.0000	0.0000	0.0001	
9	41	0.0628	5	0	0	1	0	0	0	0	0	N	N	N	N	N	N	N	N	N	N	N	N	0.0000	0.0000	0.0000	0.0000	0.0000	0.0000	0.0000	0.0000	0.0000	0.0000	0.0000	0.0000	0.0000	0.0000	0.0000	0.0000	0.0000	0.0000	0.0027	0.0009	0.0058	0.0031	0.0018	0.0108	0.0024	0.0000	0.0049	3.4792	0.0000	0.0000	0.0000	1.7959	0.9989	20.1034	0.0000	0.0000	0.0000	0.0000	0.0000	0.0000	0.0000	0.0000	0.0000	0.0001	0.0000	0.0001	0.0000	0.0000	0.0000	0.0000	0.0000	0.0000	0.0000	0.0000	0.0000	0.0000	0.0000	0.0000	0.0000	0.0000	0.0000	0.0333	0.0213	0.0120	0.0127	0.0108	0.0018	0.0206	0.0104	0.0102	0.0000	0.0000	0.0000	0.0000	0.0000	0.0000	0.0000	0.0000	0.0000	0.0027	0.0009	0.0058	0.0031	0.0018	0.0108	0.0024	0.0000	0.0049	
9	42	0.1328	6	0	1	1	0	0	0	0	0	N	N	N	N	N	N	N	N	N	N	N	N	0.0000	0.0000	0.0000	0.0000	0.0000	0.0000	0.0000	0.0000	0.0000	0.0000	0.0000	0.0000	0.0000	0.0000	0.0000	0.0000	0.0000	0.0000	0.0000	0.0000	0.0000	0.0003	0.9989	0.0002	0.0000	0.0000	0.0000	0.0000	0.0000	0.0000	0.0000	0.0000	0.0000	0.0000	0.0000	0.0000	0.0000	0.0000	0.0000	0.0000	0.0000	0.0000	0.0000	0.0000	0.0000	0.0000	0.0000	0.0000	0.0000	0.0000	0.0000	0.0000	0.0000	0.0000	0.0000	0.0000	0.0000	0.0000	0.0000	0.0000	0.0000	0.0000	0.0000	0.0000	0.0000	0.0000	0.0000	0.0000	0.0000	0.0000	0.0000	0.0000	0.0000	0.0000	0.0000	0.0000	0.0000	0.0000											
9	43	0.0888	6	1	1	2	0	0	0	0	0	N	N	Y	N	N	N	N	N	N	N	N	N	0.0000	0.0000	0.0000	0.0000	0.0000	0.0000	0.0000	0.0000	0.0000	0.0000	0.0000	0.0000	0.0000	0.0000	0.0000	0.0000	0.0000	0.0000	0.0000	0.0000	0.0000	0.0000	0.9989	2.0000	0.0000	0.0000	0.0000	0.0000	0.0000	0.0000	0.0000	0.0000	0.0000	0.0000	0.0000	0.0000	0.0000	0.0000	0.0000	0.0000	0.0000	0.0000	0.0000	0.0000	0.0000	0.0000	0.0000	0.0000	0.0000	0.0000	0.0000	0.0034	0.0023	0.0011	0.0015	0.0013	0.0002	0.0019	0.0010	0.0009	0.0000	0.0000	0.0000	0.0000	0.0000	0.0000	0.0000	0.0000	0.0000	0.0000	0.0000	0.0000	0.0000	0.0000	0.0000	0.0000	0.0000	0.0000											
9	44	0.0888	6	1	1	2	0	0	0	0	0	N	N	Y	N	N	N	N	N	N	N	N	N	0.0000	0.0000	0.0000	0.0000	0.0000	0.0000	0.0000	0.0000	0.0000	0.0000	0.0000	0.0000	0.0000	0.0000	0.0000	0.0000	0.0000	0.0000	0.0000	0.0000	0.0000	0.0000	0.9989	0.0000	0.0000	0.0000	0.0000	0.0000	0.0000	0.0000	0.0000	0.0000	0.0000	0.0000	0.0000	0.0000	0.0000	0.0000	0.0000	0.0000	0.0000	0.0000	0.0000	0.0000	0.0000	0.0000	0.0000	0.0000	0.0000	0.0000	0.0000	0.0000	0.0000	0.0000	0.0000	0.0000	0.0000	0.0000	0.0000	0.0000	0.0000	0.0000	0.0000	0.0000	0.0000	0.0000	0.0000	0.0000	0.0000	0.0000	0.0000	0.0000	0.0000	0.0000	0.0000	0.0000	0.0000	0.0000											
9	45	0.0628	5	1	1	2	0	0	0	0	0	N	N	Y	N	N	N	N	N	N	N	N	N	0.0000	0.0000	0.0000	0.0000	0.0000	0.0000	0.0000	0.0000	0.0000	0.0000	0.0000	0.0000	0.0000	0.0000	0.0000	0.0000	0.0000	0.0000	0.0000	0.0000	0.0000	0.7962	0.9989	7.9291	0.0000	0.0000	0.0000	0.0000	0.0000	0.0000	0.0000	0.0000	0.0000	0.0000	0.0000	0.0000	0.0000	0.0000	0.0000	0.0000	0.0000	0.0000	0.0000	0.0000	0.0000	0.0000	0.0000	0.0000	0.0000	0.0000	0.0000	0.0151	0.0098	0.0053	0.0061	0.0053	0.0008	0.0091	0.0045	0.0045	0.0000	0.0000	0.0000	0.0000	0.0000	0.0000	0.0000	0.0000	0.0000	0.0000	0.0000	0.0000	0.0000	0.0000	0.0000	0.0000	0.0000	0.0000											
9	46	0.0628	5	1	1	1	0	0	0	0	0	N	N	N	N	N	N	N	N	N	N	N	N	0.0000	0.0000	0.0000	0.0000	0.0000	0.0000	0.0000	0.0000	0.0000	0.0000	0.0000	0.0000	0.0000	0.0000	0.0000	0.0000	0.0000	0.0000	0.0000	0.0000	0.0000	0.7962	0.9989	12.9291	0.0000	0.0000	0.0000	0.0000	0.0000	0.0000	0.0000	0.0000	0.0000	0.0000	0.0000	0.0000	0.0000	0.0000	0.0000	0.0000	0.0000	0.0000	0.0000	0.0000	0.0000	0.0000	0.0000	0.0000	0.0000	0.0000	0.0000	0.0224	0.0145	0.0080	0.0088	0.0076	0.0012	0.0136	0.0069	0.0068	0.0000	0.0000	0.0000	0.0000	0.0000	0.0000	0.0000	0.0000	0.0000	0.0000	0.0000	0.0000	0.0000	0.0000	0.0000	0.0000	0.0000	0.0000											
9	47	0.0628	5	0	1	1	1	0	0	0	0	N	N	N	N	N	N	N	N	N	N	N	N	0.0000	0.0000	0.0000	0.0000	0.0000	0.0000	0.0000	0.0000	0.0000	0.0000	0.0000	0.0000	0.0000	0.0000	0.0000	0.0000	0.0015	0.0008	0.0028	0.0014	0.0016	0.0000	0.0016	0.0000	0.0033	2.0000	0.0000	0.0000	0.0000	9.0000	0.9989	15.0400	0.0000	0.0000	0.0000	0.0000	0.0000	0.0000	0.0000	0.0000	0.0000	0.0001	0.0000	0.0000	0.0000	0.0000	0.0000	0.0000	0.0000	0.0000	0.0000	0.0000	0.0000	0.0000	0.0000	0.0000	0.0000	0.0000	0.0000	0.0393	0.0250	0.0143	0.0147	0.0125	0.0022	0.0246	0.0125	0.0121	0.0000	0.0000	0.0000	0.0000	0.0000	0.0000	0.0000	0.0000	0.0000	0.0015	0.0008	0.0028	0.0014	0.0016	0.0000	0.0016	0.0000	0.0033			
9	48	0.1413	6	0	0	1	1	0	0	0	0	N	N	N	N	N	N	N	N	N	N	N	N	0.0000	0.0000	0.0000	0.0000	0.0000	0.0000	0.0000	0.0000	0.0000	0.0000	0.0000	0.0000	0.0000	0.0000	0.0000	0.0000	0.0000	0.0000	0.3529	0.5607	0.0001	0.0000	0.0000	0.0001	0.5240	0.9846	0.0000	0.0001	0.0000	-0.0010	0.0000	0.0037	0.9989	3.0208	0.0000	0.0000	0.0000	0.0000	0.0000	0.0000	0.0000	0.0000	0.0000	0.0020	0.0020	0.0000	0.0000	0.0000	0.0000	0.0020	0.0020	0.0000	0.0000	0.0000	0.0000	0.0000	0.0000	0.0000	0.0000	0.0000	0.0000	0.0056	0.0035	0.0021	0.0018	0.0015	0.0003	0.0038	0.0020	0.0018	0.0000	0.0000	0.0000	0.0000	0.0000	0.0000	0.0000	0.0000	0.0000	0.3529	0.5607	0.0001	0.0000	0.0000	0.0001	0.5240	0.9846	0.0000	
9	49	0.0628	5	0	0	1	1	0	0	0	0	N	N	N	N	N	N	N	N	N	N	N	N	0.0000	0.0000	0.0000	0.0000	0.0000	0.0000	0.0000	0.0000	0.0000	0.0000	0.0000	0.0000	0.0000	0.0000	0.0000	0.0000	0.0000	0.0000	0.0025	0.0012	0.0048	0.0027	0.0016	0.0089	0.0024	0.0009	0.0040	2.2373	0.0000	0.0000	0.0000	4.7960	0.9989	23.0471	0.0000	0.0000	0.0000	0.0000	0.0000	0.0000	0.0000	0.0000	0.0000	0.0001	0.0000	0.0001	0.0000	0.0000	0.0000	0.0001	0.0000	0.0000	0.0000	0.0000	0.0000	0.0000	0.0000	0.0000	0.0000	0.0000	0.0000	0.0403	0.0256	0.0147	0.0150	0.0128	0.0023	0.0253	0.0128	0.0124	0.0000	0.0000	0.0000	0.0000	0.0000	0.0000	0.0000	0.0000	0.0000	0.0025	0.0012	0.0048	0.0027	0.0016	0.0089	0.0024	0.0009	0.0040	
9	50	0.0977	6	0	1	2	0	0	0	0	0	N	N	Y	N	N	N	N	N	N	N	N	N	0.0000	0.0000	0.0000	0.0000	0.0000	0.0000	0.0000	0.0000	0.0000	0.0000	0.0000	0.0000	0.0000	0.0000	0.0000	0.0000	0.0000	0.0000	0.0000	0.0000	0.0000	0.0000	0.1333	0.0000	-0.0000	0.0000	1.4428	0.9989	0.4686	0.0000	0.0000	0.0000	0.0000	0.0000	0.0000	0.0000	0.0000	0.0000	0.0000	0.0000	0.0000	0.0000	0.0000	0.0000	0.0000	0.0000	0.0000	0.0000	0.0000	0.0000	0.0000	0.0000	0.0000	0.0000	0.0000	0.0000	0.0069	0.0050	0.0019	0.0046	0.0039	0.0007	0.0023	0.0011	0.0012	0.0000	0.0000	0.0000	0.0000	0.0000	0.0000	0.0000	0.0000	0.0000	0.0000	0.0000	0.0000	0.0000	0.0000	0.0000	0.0000	0.0000	0.0000						
9	51	0.0628	5	0	1	1	0	0	0	0	0	N	N	N	N	N	N	N	N	N	N	N	N	0.0000	0.0000	0.0000	0.0000	0.0000	0.0000	0.0000	0.0000	0.0000	0.0000	0.0000	0.0000	0.0000	0.0000	0.0000	0.0000	0.0000	0.0000	0.0000	0.0000	0.0000	0.0000	inf	0.0000	0.0000	0.0000	7.1845	0.9989	8.0722	0.0000	0.0000	0.0000	0.0000	0.0000	0.0000	0.0000	0.0000	0.0000	0.0000	0.0000	0.0000	0.0000	0.0000	0.0000	0.0000	0.0000	0.0000	0.0000	0.0000	0.0000	0.0000	0.0000	0.0000	0.0000	0.0000	0.0000	0.0269	0.0173	0.0096	0.0104	0.0090	0.0015	0.0165	0.0083	0.0082	0.0000	0.0000	0.0000	0.0000	0.0000	0.0000	0.0000	0.0000	0.0000	0.0000	0.0000	0.0000	0.0000	0.0000	0.0000	0.0000	0.0000	0.0000						
9	52	0.0854	6	1	0	2	0	0	0	0	0	N	N	Y	N	N	N	N	N	N	N	N	N	0.0000	0.0000	0.0000	0.0000	0.0000	0.0000	0.0000	0.0000	0.0000	0.0000	0.0000	0.0000	0.0000	0.0000	0.0000	0.0000	0.0000	0.0024	0.0000	0.0071	0.0000	0.0000	0.0000	0.0042	0.0000	0.0083	12353.3750	0.0000	0.0000	0.0000	0.9976	0.9989	4.7732	0.0000	0.0000	0.0000	0.0000	0.0000	0.0000	0.0000	0.0000	0.0000	0.0000	0.0000	0.0000	0.0000	0.0000	0.0000	0.0000	0.0000	0.0000	0.0000	0.0000	0.0000	0.0000	0.0000	0.0000	0.0000	0.0000	0.0000	0.0124	0.0082	0.0042	0.0054	0.0048	0.0006	0.0070	0.0034	0.0036	0.0000	0.0000	0.0000	0.0000	0.0000	0.0000	0.0000	0.0000	0.0000	0.0024	0.0000	0.0071	0.0000	0.0000	0.0000	0.0042	0.0000	0.0083		
9	53	0.0628	5	1	0	1	0	0	0	0	0	N	N	N	N	N	N	N	N	N	N	N	N	0.0000	0.0000	0.0000	0.0000	0.0000	0.0000	0.0000	0.0000	0.0000	0.0000	0.0000	0.0000	0.0000	0.0000	0.0000	0.0000	0.0000	0.0000	0.0000	0.0000	0.0001	0.0000	0.0000	0.0000	0.0000	0.0000	0.0001	27.5490	0.0000	0.0000	0.0000	3.2133	0.9989	6.0120	0.0000	0.0000	0.0000	0.0000	0.0000	0.0000	0.0000	0.0000	0.0000	0.0000	0.0000	0.0000	0.0000	0.0000	0.0000	0.0000	0.0000	0.0000	0.0000	0.0000	0.0000	0.0000	0.0000	0.0000	0.0000	0.0000	0.0000	0.0174	0.0113	0.0062	0.0069	0.0060	0.0009	0.0105	0.0053	0.0052	0.0000	0.0000	0.0000	0.0000	0.0000	0.0000	0.0000	0.0000	0.0000	0.0000	0.0000	0.0001	0.0000	0.0000	0.0000	0.0000	0.0000	0.0001	
9	54	0.0628	5	1	1	1	0	0	0	0	0	N	N	N	N	N	N	N	N	N	N	N	N	0.0000	0.0000	0.0000	0.0000	0.0000	0.0000	0.0000	0.0000	0.0000	0.0000	0.0000	0.0000	0.0000	0.0000	0.0000	0.0013	0.0000	0.0038	0.0023	0.0000	0.0167	0.0007	0.0000	0.0015	inf	0.0000	0.0000	0.0000	1.7961	0.9989	11.9291	0.0000	0.0000	0.0000	0.0000	0.0000	0.0000	0.0000	0.0000	0.0000	0.0000	0.0000	0.0000	0.0000	0.0000	0.0000	0.0000	0.0000	0.0000	0.0000	0.0000	0.0000	0.0000	0.0000	0.0000	0.0000	0.0000	0.0000	0.0224	0.0145	0.0080	0.0088	0.0076	0.0012	0.0136	0.0069	0.0068	0.0000	0.0000	0.0000	0.0000	0.0000	0.0000	0.0000	0.0000	0.0000	0.0013	0.0000	0.0038	0.0023	0.0000	0.0167	0.0007	0.0000	0.0015				
9	55	0.0841	6	0	1	1	0	0	0	0	0	N	N	N	N	N	N	N	N	N	N	N	N	0.0000	0.0000	0.0000	0.0000	0.0000	0.0000	0.0000	0.0000	0.0000	0.0000	0.0000	0.0000	0.0000	0.0000	0.0000	0.0000	0.0000	0.0000	0.0000	0.0000	0.0000	0.0000	0.0000	0.1690	0.0000	-0.0000	0.0000	0.0041	0.9989	6.2745	0.0000	0.0000	0.0000	0.0000	0.0000	0.0000	0.0000	0.0000	0.0000	0.0000	0.0000	0.0000	0.0000	0.0000	0.0000	0.0000	0.0000	0.0000	0.0000	0.0000	0.0000	0.0000	0.0000	0.0000	0.0000	0.0000	0.0000	0.0159	0.0116	0.0043	0.0082	0.0074	0.0008	0.0076	0.0042	0.0035	0.0000	0.0000	0.0000	0.0000	0.0000	0.0000	0.0000	0.0000	0.0000	0.0000	0.0000	0.0000	0.0000	0.0000	0.0000	0.0000	0.0000	0.0000					
9	56	0.1328	6	0	0	2	0	0	0	0	0	N	N	Y	N	N	N	N	N	N	N	N	N	0.0000	0.0000	0.0000	0.0000	0.0000	0.0000	0.0000	0.0000	0.0000	0.0000	0.0000	0.0000	0.0000	0.0000	0.0000	0.0000	0.0000	0.0000	0.0000	0.0000	0.0000	18.9997	0.9989	4.0000	0.0000	0.0000	0.0000	0.0000	0.0000	0.0000	0.0000	0.0000	0.0000	0.0000	0.0000	0.0000	0.0000	0.0000	0.0000	0.0000	0.0000	0.0000	0.0000	0.0000	0.0000	0.0000	0.0000	0.0000	0.0000	0.0000	0.0000	0.0378	0.0232	0.0146	0.0111	0.0092	0.0020	0.0267	0.0141	0.0126	0.0000	0.0000	0.0000	0.0000	0.0000	0.0000	0.0000	0.0000	0.0000	0.0000	0.0000	0.0000	0.0000	0.0000	0.0000	0.0000	0.0000	0.0000											
9	57	0.0628	5	0	0	1	0	0	0	0	0	N	N	N	N	N	N	N	N	N	N	N	N	0.0000	0.0000	0.0000	0.0000	0.0000	0.0000	0.0000	0.0000	0.0000	0.0000	0.0000	0.0000	0.0000	0.0000	0.0000	0.0000	0.0000	0.0023	0.0008	0.0050	0.0028	0.0016	0.0092	0.0021	0.0000	0.0042	3.5000	0.0000	0.0000	0.0000	1.7961	0.9989	22.3138	0.0000	0.0000	0.0000	0.0000	0.0000	0.0000	0.0000	0.0000	0.0000	0.0001	0.0000	0.0001	0.0000	0.0000	0.0000	0.0001	0.0000	0.0001	0.0000	0.0000	0.0000	0.0000	0.0000	0.0000	0.0000	0.0000	0.0000	0.0388	0.0247	0.0141	0.0145	0.0124	0.0022	0.0243	0.0123	0.0120	0.0000	0.0000	0.0000	0.0000	0.0000	0.0000	0.0000	0.0000	0.0000	0.0023	0.0008	0.0050	0.0028	0.0016	0.0092	0.0021	0.0000	0.0042		
9	58	0.0836	7	1	1	1	0	0	0	0	0	N	N	N	N	N	N	N	N	N	N	N	N	0.0000	0.0000	0.0000	0.0000	0.0000	0.0000	0.0000	0.0000	0.0000	0.0000	0.0000	0.0000	0.0000	0.0031	0.0045	0.0000	0.0071	0.0081	0.0000	0.0000	0.0000	0.0000	0.0000	0.0000	-0.0000	0.0000	0.9359	0.9989	8.5945	0.0000	0.0000	0.0000	0.0000	0.0000	0.0000	0.0000	0.0000	0.0000	0.0001	0.0001	0.0000	0.0001	0.0001	0.0000	0.0000	0.0000	0.0000	0.0000	0.0000	0.0000	0.0000	0.0000	0.0000	0.0000	0.0000	0.0000	0.0191	0.0132	0.0058	0.0085	0.0074	0.0011	0.0106	0.0058	0.0048	0.0000	0.0000	0.0000	0.0000	0.0000	0.0000	0.0000	0.0000	0.0000	0.0031	0.0045	0.0000	0.0071	0.0081	0.0000	0.0000	0.0000	0.0000						
9	59	0.0809	6	0	1	1	0	0	0	0	0	N	N	N	N	N	N	N	N	N	N	N	N	0.0000	0.0000	0.0000	0.0000	0.0000	0.0000	0.0000	0.0000	0.0000	0.0000	0.0000	0.0000	0.0000	0.0000	0.0000	0.0000	0.0000	0.0000	0.0000	0.0000	0.0000	0.0000	0.0000	0.0000	0.0000	0.1062	0.0000	-0.0000	0.0000	0.1706	0.9989	1.8413	0.0000	0.0000	0.0000	0.0000	0.0000	0.0000	0.0000	0.0000	0.0000	0.0000	0.0000	0.0000	0.0000	0.0000	0.0000	0.0000	0.0000	0.0000	0.0000	0.0000	0.0000	0.0000	0.0000	0.0000	0.0000	0.0000	0.0000	0.0063	0.0047	0.0016	0.0030	0.0027	0.0002	0.0034	0.0020	0.0014	0.0000	0.0000	0.0000	0.0000	0.0000	0.0000	0.0000	0.0000	0.0000	0.0000	0.0000	0.0000	0.0000	0.0000	0.0000	0.0000	0.0000	0.0000			
9	60	0.0628	5	0	1	1	0	0	0	0	0	N	N	N	N	N	N	N	N	N	N	N	N	0.0000	0.0000	0.0000	0.0000	0.0000	0.0000	0.0000	0.0000	0.0000	0.0000	0.0000	0.0000	0.0000	0.0000	0.0000	0.0000	0.0000	0.0000	0.0000	0.0000	0.0000	0.0000	0.3462	0.0000	-0.0000	0.0000	6.1830	0.9989	4.8458	0.0000	0.0000	0.0000	0.0000	0.0000	0.0000	0.0000	0.0000	0.0000	0.0000	0.0000	0.0000	0.0000	0.0000	0.0000	0.0000	0.0000	0.0000	0.0000	0.0000	0.0000	0.0000	0.0000	0.0000	0.0000	0.0000	0.0000	0.0204	0.0132	0.0072	0.0081	0.0070	0.0011	0.0123	0.0062	0.0061	0.0000	0.0000	0.0000	0.0000	0.0000	0.0000	0.0000	0.0000	0.0000	0.0000	0.0000	0.0000	0.0000	0.0000	0.0000	0.0000	0.0000	0.0000						
9	61	0.4131	10	0	0	1	0	0	0	0	0	N	N	N	N	N	N	N	N	N	N	N	N	0.0000	0.0000	0.0000	0.0000	0.0000	0.0000	0.0000	0.0000	0.0000	0.0000	0.0000	0.0000	0.0000	0.0000	0.0000	0.0000	0.0000	0.0001	0.0001	0.0001	0.0003	0.0003	0.0004	0.0000	0.0000	0.0000	0.3024	0.0000	-0.0000	0.0000	1.0140	0.9989	12.0537	0.0000	0.0000	0.0000	0.0000	0.0000	0.0000	0.0000	0.0000	0.0000	0.0000	0.0000	0.0000	0.0000	0.0000	0.0000	0.0000	0.0000	0.0000	0.0000	0.0000	0.0000	0.0000	0.0000	0.0000	0.0000	0.0000	0.0000	0.0225	0.0141	0.0084	0.0063	0.0055	0.0007	0.0163	0.0086	0.0076	0.0000	0.0000	0.0000	0.0000	0.0000	0.0000	0.0000	0.0000	0.0000	0.0001	0.0001	0.0001	0.0003	0.0003	0.0004	0.0000	0.0000	0.0000		
9	62	0.3372	7	0	0	1	0	0	0	0	0	N	N	N	N	N	N	N	N	N	N	N	N	290.6459	33208.2893	0.0000	271.9799	35377.1373	0.0000	0.0000	0.0000	0.0378	0.0425	0.0000	0.0649	0.0726	0.0000	0.0000	0.0000	0.0000	0.0001	0.0000	0.0004	0.0002	0.0000	0.0018	0.0000	0.0000	0.0001	0.0000	149.3391	-0.0000	0.0000	0.0000	22.0948	0.9989	64.3951	0.0000	0.0000	0.0000	0.0000	0.0000	0.0000	0.0000	0.0000	0.0000	0.0000	0.0000	0.0000	0.0000	0.0000	0.0000	0.0000	0.0000	0.0000	0.0000	0.0000	0.0000	0.0000	0.0000	0.0000	0.0000	0.0000	0.0000	0.1208	0.0816	0.0392	0.0585	0.0509	0.0076	0.0623	0.0307	0.0316	290.6459	33208.2893	0.0000	271.9799	35377.1373	0.0000	0.0000	0.0000	0.0000	0.0001	0.0000	0.0004	0.0002	0.0000	0.0018	0.0000	0.0000	0.0001	
9	63	0.1304	6	0	0	1	0	0	0	0	0	N	N	N	N	N	N	N	N	N	N	N	N	0.1498	0.0000	99.2909	0.1726	0.0000	624.5128	0.0000	0.0000	0.0000	0.0013	0.0000	0.0199	0.0038	0.0000	0.7663	0.0000	0.0000	0.0000	0.0084	0.0125	0.0002	0.0220	0.0237	0.0012	0.0001	0.0000	0.0001	inf	0.0078	0.0000	-0.0003	0.0000	3.0638	0.9989	18.8214	0.0000	0.0000	0.0000	0.0000	0.0000	0.0000	0.0000	0.0000	0.0000	0.0005	0.0005	0.0000	0.0005	0.0005	0.0000	0.0000	0.0000	0.0000	0.0000	0.0000	0.0000	0.0000	0.0000	0.0000	0.0000	0.0000	0.0000	0.0637	0.0429	0.0208	0.0243	0.0225	0.0018	0.0394	0.0203	0.0190	0.1498	0.0000	99.2909	0.1726	0.0000	624.5128	0.0000	0.0000	0.0000	0.0084	0.0125	0.0002	0.0220	0.0237	0.0012	0.0001	0.0000	0.0001
9	64	0.0841	6	1	1	2	0	0	0	0	0	N	N	Y	N	N	N	N	N	N	N	N	N	0.0000	0.0000	0.0000	0.0000	0.0000	0.0000	0.0000	0.0000	0.0000	0.0000	0.0000	0.0000	0.0000	0.0000	0.0000	0.0000	0.0000	0.0000	0.0000	0.0000	0.0000	0.0000	0.0000	0.1690	0.0000	-0.0000	0.0000	1.0029	0.9989	8.4685	0.0000	0.0000	0.0000	0.0000	0.0000	0.0000	0.0000	0.0000	0.0000	0.0000	0.0000	0.0000	0.0000	0.0000	0.0000	0.0000	0.0000	0.0000	0.0000	0.0000	0.0000	0.0000	0.0000	0.0000	0.0000	0.0000	0.0000	0.0206	0.0147	0.0059	0.0102	0.0091	0.0012	0.0103	0.0056	0.0048	0.0000	0.0000	0.0000	0.0000	0.0000	0.0000	0.0000	0.0000	0.0000	0.0000	0.0000	0.0000	0.0000	0.0000	0.0000	0.0000	0.0000	0.0000					
9	65	0.0628	5	0	1	1	0	0	0	0	0	N	N	N	N	N	N	N	N	N	N	N	N	0.0000	0.0000	0.0000	0.0000	0.0000	0.0000	0.0000	0.0000	0.0000	0.0000	0.0000	0.0000	0.0000	0.0000	0.0000	0.0000	0.0000	0.0000	0.0000	0.0000	0.0000	0.0000	0.0000	0.0000	0.0000	2.4583	0.0000	0.0000	0.0000	0.7961	0.9989	8.5878	0.0000	0.0000	0.0000	0.0000	0.0000	0.0000	0.0000	0.0000	0.0000	0.0000	0.0000	0.0000	0.0000	0.0000	0.0000	0.0000	0.0000	0.0000	0.0000	0.0000	0.0000	0.0000	0.0000	0.0000	0.0000	0.0000	0.0000	0.0161	0.0104	0.0057	0.0064	0.0056	0.0008	0.0097	0.0048	0.0048	0.0000	0.0000	0.0000	0.0000	0.0000	0.0000	0.0000	0.0000	0.0000	0.0000	0.0000	0.0000	0.0000	0.0000	0.0000	0.0000	0.0000	0.0000			
9	66	0.4131	10	0	1	1	0	0	0	0	0	N	N	N	N	N	N	N	N	N	N	N	N	0.0000	0.0000	0.0000	0.0000	0.0000	0.0000	0.0000	0.0000	0.0000	0.0000	0.0000	0.0000	0.0000	0.0000	0.0000	0.0000	0.0000	0.0001	0.0001	0.0001	0.0003	0.0003	0.0004	0.0000	0.0000	0.0000	0.3024	0.0000	-0.0000	0.0000	1.0110	0.9989	12.5479	0.0000	0.0000	0.0000	0.0000	0.0000	0.0000	0.0000	0.0000	0.0000	0.0000	0.0000	0.0000	0.0000	0.0000	0.0000	0.0000	0.0000	0.0000	0.0000	0.0000	0.0000	0.0000	0.0000	0.0000	0.0000	0.0000	0.0000	0.0232	0.0145	0.0086	0.0064	0.0057	0.0008	0.0167	0.0089	0.0078	0.0000	0.0000	0.0000	0.0000	0.0000	0.0000	0.0000	0.0000	0.0000	0.0001	0.0001	0.0001	0.0003	0.0003	0.0004	0.0000	0.0000	0.0000		
9	67	0.4067	9	0	0	1	0	0	0	0	0	N	N	N	N	N	N	N	N	N	N	N	N	0.0000	0.0000	0.0000	0.0000	0.0000	0.0000	0.0000	0.0000	0.0000	0.0000	0.0000	0.0000	0.0000	0.0000	0.0000	0.0000	0.0000	0.0000	0.0007	0.0008	0.0006	0.0016	0.0014	0.0048	0.0001	0.0000	0.0003	0.3500	0.0000	-0.0000	0.0000	0.9784	0.9989	1.5217	0.0000	0.0000	0.0000	0.0000	0.0000	0.0000	0.0000	0.0000	0.0000	0.0000	0.0000	0.0000	0.0000	0.0000	0.0000	0.0000	0.0000	0.0000	0.0000	0.0000	0.0000	0.0000	0.0000	0.0000	0.0000	0.0000	0.0000	0.0098	0.0067	0.0032	0.0039	0.0037	0.0002	0.0060	0.0030	0.0030	0.0000	0.0000	0.0000	0.0000	0.0000	0.0000	0.0000	0.0000	0.0000	0.0007	0.0008	0.0006	0.0016	0.0014	0.0048	0.0001	0.0000	0.0003	
9	68	0.3765	8	0	0	1	0	0	0	0	0	N	N	N	N	N	N	N	N	N	N	N	N	0.0000	0.0000	0.0000	0.0000	0.0000	0.0000	0.0000	0.0000	0.0000	0.0000	0.0000	0.0000	0.0000	0.0000	0.0000	0.0000	0.0000	0.0000	0.0088	0.0003	0.0259	0.0006	0.0005	0.0012	0.0142	0.0000	0.0302	48.2516	0.0000	0.0001	0.0000	1.0531	0.9989	9.0748	0.0000	0.0000	0.0000	0.0000	0.0000	0.0000	0.0000	0.0000	0.0000	0.0002	0.0000	0.0002	0.0000	0.0000	0.0000	0.0002	0.0000	0.0002	0.0000	0.0000	0.0000	0.0000	0.0000	0.0000	0.0000	0.0000	0.0000	0.0259	0.0172	0.0086	0.0102	0.0090	0.0013	0.0156	0.0082	0.0074	0.0000	0.0000	0.0000	0.0000	0.0000	0.0000	0.0000	0.0000	0.0000	0.0088	0.0003	0.0259	0.0006	0.0005	0.0012	0.0142	0.0000	0.0302	
9	69	0.0628	5	1	0	2	0	0	0	0	0	N	N	Y	N	N	N	N	N	N	N	N	N	0.0000	0.0000	0.0000	0.0000	0.0000	0.0000	0.0000	0.0000	0.0000	0.0000	0.0000	0.0000	0.0000	0.0000	0.0000	0.0000	0.0000	0.0000	0.0000	0.0000	0.0000	0.0000	0.9989	4.9600	0.0000	0.0000	0.0000	0.0000	0.0000	0.0000	0.0000	0.0000	0.0000	0.0000	0.0000	0.0000	0.0000	0.0000	0.0000	0.0000	0.0000	0.0000	0.0000	0.0000	0.0000	0.0000	0.0000	0.0000	0.0000	0.0000	0.0000	0.0101	0.0066	0.0036	0.0041	0.0036	0.0005	0.0060	0.0030	0.0031	0.0000	0.0000	0.0000	0.0000	0.0000	0.0000	0.0000	0.0000	0.0000	0.0000	0.0000	0.0000	0.0000	0.0000	0.0000	0.0000	0.0000	0.0000											
9	75	0.1012	7	0	1	1	0	0	0	0	0	N	N	N	N	N	N	N	N	N	N	N	N	0.0000	0.0000	0.0000	0.0000	0.0000	0.0000	0.0000	0.0000	0.0000	0.0000	0.0000	0.0000	0.0000	0.0000	0.0000	0.0000	0.0000	0.0001	0.0001	0.0000	0.0020	0.0000	0.0000	0.0001	inf	0.0000	0.0000	0.0000	1.9994	0.9989	4.0943	0.0000	0.0000	0.0000	0.0000	0.0000	0.0000	0.0000	0.0000	0.0000	0.0000	0.0000	0.0000	0.0000	0.0000	0.0000	0.0000	0.0000	0.0000	0.0000	0.0000	0.0000	0.0000	0.0000	0.0000	0.0000	0.0000	0.0000	0.0133	0.0080	0.0054	0.0014	0.0013	0.0001	0.0120	0.0067	0.0053	0.0000	0.0000	0.0000	0.0000	0.0000	0.0000	0.0000	0.0000	0.0000	0.0000	0.0000	0.0001	0.0001	0.0000	0.0020	0.0000	0.0000	0.0001				
9	76	0.0949	6	0	0	1	0	0	0	0	0	N	N	N	N	N	N	N	N	N	N	N	N	0.0000	0.0000	0.0000	0.0000	0.0000	0.0000	0.0000	0.0000	0.0000	0.0000	0.0000	0.0000	0.0000	0.0000	0.0000	0.0000	0.0000	0.0002	0.0001	0.0005	0.0004	0.0002	0.0158	0.0002	0.0000	0.0004	3.6968	0.0000	0.0000	0.0000	0.0011	0.9989	2.7207	0.0000	0.0000	0.0000	0.0000	0.0000	0.0000	0.0000	0.0000	0.0000	0.0000	0.0000	0.0000	0.0000	0.0000	0.0000	0.0000	0.0000	0.0000	0.0000	0.0000	0.0000	0.0000	0.0000	0.0000	0.0000	0.0000	0.0000	0.0085	0.0054	0.0031	0.0018	0.0018	0.0000	0.0067	0.0036	0.0031	0.0000	0.0000	0.0000	0.0000	0.0000	0.0000	0.0000	0.0000	0.0000	0.0002	0.0001	0.0005	0.0004	0.0002	0.0158	0.0002	0.0000	0.0004		
9	77	0.0628	5	0	0	1	0	0	0	0	0	N	N	N	N	N	N	N	N	N	N	N	N	0.0000	0.0000	0.0000	0.0000	0.0000	0.0000	0.0000	0.0000	0.0000	0.0000	0.0000	0.0000	0.0000	0.0000	0.0000	0.0000	0.0000	0.0000	0.0052	0.0000	0.0148	0.0026	0.0000	0.0198	0.0069	0.0000	0.0139	1811.0956	0.0000	0.0000	0.0000	0.0001	0.9989	10.0074	0.0000	0.0000	0.0000	0.0000	0.0000	0.0000	0.0000	0.0000	0.0000	0.0001	0.0000	0.0001	0.0000	0.0000	0.0000	0.0001	0.0000	0.0001	0.0000	0.0000	0.0000	0.0000	0.0000	0.0000	0.0000	0.0000	0.0000	0.0188	0.0122	0.0067	0.0075	0.0065	0.0010	0.0114	0.0057	0.0057	0.0000	0.0000	0.0000	0.0000	0.0000	0.0000	0.0000	0.0000	0.0000	0.0052	0.0000	0.0148	0.0026	0.0000	0.0198	0.0069	0.0000	0.0139	
9	78	0.0830	6	1	0	2	0	0	0	0	0	N	N	Y	N	N	N	N	N	N	N	N	N	0.0000	0.0000	0.0000	0.0000	0.0000	0.0000	0.0000	0.0000	0.0000	0.0000	0.0000	0.0000	0.0000	0.0000	0.0000	0.0000	0.0000	0.0000	0.0000	-0.0000	0.0000	1.6246	0.9989	0.0115	0.0000	0.0000	0.0000	0.0000	0.0000	0.0000	0.0000	0.0000	0.0000	0.0000	0.0000	0.0000	0.0000	0.0000	0.0000	0.0000	0.0000	0.0000	0.0000	0.0000	0.0000	0.0000	0.0000	0.0000	0.0000	0.0000	0.0000	0.0032	0.0022	0.0011	0.0014	0.0012	0.0002	0.0018	0.0009	0.0009	0.0000	0.0000	0.0000	0.0000	0.0000	0.0000	0.0000	0.0000	0.0000	0.0000	0.0000	0.0000	0.0000	0.0000	0.0000	0.0000	0.0000	0.0000											
9	79	0.0628	5	1	0	2	0	0	0	0	0	N	N	Y	N	N	N	N	N	N	N	N	N	0.0000	0.0000	0.0000	0.0000	0.0000	0.0000	0.0000	0.0000	0.0000	0.0000	0.0000	0.0000	0.0000	0.0000	0.0000	0.0000	0.0000	0.0000	0.0000	0.0000	0.0000	8.1927	0.9989	3.9952	0.0000	0.0000	0.0000	0.0000	0.0000	0.0000	0.0000	0.0000	0.0000	0.0000	0.0000	0.0000	0.0000	0.0000	0.0000	0.0000	0.0000	0.0000	0.0000	0.0000	0.0000	0.0000	0.0000	0.0000	0.0000	0.0000	0.0000	0.0222	0.0143	0.0079	0.0087	0.0075	0.0012	0.0135	0.0068	0.0067	0.0000	0.0000	0.0000	0.0000	0.0000	0.0000	0.0000	0.0000	0.0000	0.0000	0.0000	0.0000	0.0000	0.0000	0.0000	0.0000	0.0000	0.0000											
9	80	0.0628	5	0	1	1	1	0	0	0	0	N	N	N	N	N	N	N	N	N	N	N	N	0.0000	0.0000	0.0000	0.0000	0.0000	0.0000	0.0000	0.0000	0.0000	0.0000	0.0000	0.0000	0.0000	0.0000	0.0000	0.0020	0.0000	0.0055	0.0017	0.0000	0.0119	0.0021	0.0000	0.0043	inf	0.0000	0.0000	0.0000	0.7962	0.9989	19.0091	0.0000	0.0000	0.0000	0.0000	0.0000	0.0000	0.0000	0.0000	0.0000	0.0001	0.0000	0.0001	0.0000	0.0000	0.0000	0.0000	0.0000	0.0000	0.0000	0.0000	0.0000	0.0000	0.0000	0.0000	0.0000	0.0000	0.0000	0.0306	0.0196	0.0110	0.0117	0.0101	0.0017	0.0189	0.0095	0.0093	0.0000	0.0000	0.0000	0.0000	0.0000	0.0000	0.0000	0.0000	0.0000	0.0020	0.0000	0.0055	0.0017	0.0000	0.0119	0.0021	0.0000	0.0043				
9	81	0.0628	5	0	1	1	0	0	0	0	0	N	N	N	N	N	N	N	N	N	N	N	N	0.0000	0.0000	0.0000	0.0000	0.0000	0.0000	0.0000	0.0000	0.0000	0.0000	0.0000	0.0000	0.0000	0.0000	0.0000	0.0000	0.0000	0.0023	0.0008	0.0050	0.0028	0.0016	0.0094	0.0021	0.0000	0.0042	3.5000	0.0000	0.0000	0.0000	0.7962	0.9989	25.3140	0.0000	0.0000	0.0000	0.0000	0.0000	0.0000	0.0000	0.0000	0.0000	0.0001	0.0000	0.0001	0.0000	0.0000	0.0000	0.0001	0.0000	0.0001	0.0000	0.0000	0.0000	0.0000	0.0000	0.0000	0.0000	0.0000	0.0000	0.0383	0.0244	0.0139	0.0144	0.0122	0.0021	0.0239	0.0121	0.0118	0.0000	0.0000	0.0000	0.0000	0.0000	0.0000	0.0000	0.0000	0.0000	0.0023	0.0008	0.0050	0.0028	0.0016	0.0094	0.0021	0.0000	0.0042		
9	82	0.0628	5	0	1	1	0	0	0	0	0	N	N	N	N	N	N	N	N	N	N	N	N	0.0000	0.0000	0.0000	0.0000	0.0000	0.0000	0.0000	0.0000	0.0000	0.0000	0.0000	0.0000	0.0000	0.0000	0.0000	0.0017	0.0000	0.0046	0.0013	0.0000	0.0086	0.0019	0.0000	0.0039	inf	0.0000	0.0000	0.0000	1.7961	0.9989	27.0091	0.0000	0.0000	0.0000	0.0000	0.0000	0.0000	0.0000	0.0000	0.0000	0.0001	0.0000	0.0001	0.0000	0.0000	0.0000	0.0001	0.0000	0.0001	0.0000	0.0000	0.0000	0.0000	0.0000	0.0000	0.0000	0.0000	0.0000	0.0414	0.0263	0.0151	0.0154	0.0131	0.0023	0.0260	0.0132	0.0128	0.0000	0.0000	0.0000	0.0000	0.0000	0.0000	0.0000	0.0000	0.0000	0.0017	0.0000	0.0046	0.0013	0.0000	0.0086	0.0019	0.0000	0.0039				
9	83	0.1304	6	0	0	1	0	0	0	0	0	N	N	N	N	N	N	N	N	N	N	N	N	0.0593	0.0000	8.5228	0.0607	0.0000	507.2286	0.0000	0.0000	0.0000	0.0004	0.0000	0.0067	0.0012	0.0000	0.5024	0.0000	0.0000	0.0000	0.0068	0.0102	0.0008	0.0200	0.0219	0.0010	0.0004	0.0000	0.0008	inf	0.0427	0.0000	-0.0003	0.0000	10.0679	0.9989	33.8159	0.0000	0.0000	0.0000	0.0000	0.0000	0.0000	0.0000	0.0000	0.0000	0.0005	0.0005	0.0000	0.0005	0.0005	0.0000	0.0000	0.0000	0.0000	0.0000	0.0000	0.0000	0.0000	0.0000	0.0000	0.0000	0.0000	0.0000	0.0796	0.0513	0.0283	0.0263	0.0238	0.0025	0.0534	0.0276	0.0258	0.0593	0.0000	8.5228	0.0607	0.0000	507.2286	0.0000	0.0000	0.0000	0.0068	0.0102	0.0008	0.0200	0.0219	0.0010	0.0004	0.0000	0.0008
9	84	0.1028	5	0	0	1	0	0	0	0	0	N	N	N	N	N	N	N	N	N	N	N	N	0.2001	0.0845	2.3158	0.2865	0.1247	255.7078	0.0000	0.0000	0.0000	0.0083	0.0040	0.0644	0.0241	0.0110	0.9372	0.0000	0.0000	0.0000	0.0417	0.0479	0.0278	0.0841	0.0882	0.0037	0.0140	0.0000	0.0294	1.2221	0.2560	0.0000	-0.0008	0.0000	0.9441	0.9989	14.0836	0.0000	0.0000	0.0000	0.0000	0.0000	0.0000	0.0000	0.0000	0.0000	0.0026	0.0021	0.0005	0.0021	0.0021	0.0000	0.0005	0.0000	0.0005	0.0000	0.0000	0.0000	0.0000	0.0000	0.0000	0.0000	0.0000	0.0000	0.0624	0.0433	0.0191	0.0247	0.0235	0.0012	0.0377	0.0198	0.0179	0.2001	0.0845	2.3158	0.2865	0.1247	255.7078	0.0000	0.0000	0.0000	0.0417	0.0479	0.0278	0.0841	0.0882	0.0037	0.0140	0.0000	0.0294
9	85	0.3850	8	0	0	1	0	0	0	0	0	N	N	N	N	N	N	N	N	N	N	N	N	22.0772	16.9875	0.0000	16.8735	16.2148	0.0000	0.0000	0.0000	0.0000	0.0044	0.0049	0.0000	0.0064	0.0069	0.0000	0.0000	0.0000	0.0000	0.0002	0.0003	0.0000	0.0004	0.0004	0.0000	0.0001	0.0001	0.0000	0.0000	0.0760	-0.0000	-0.0000	0.0000	15.0008	0.9989	28.2980	0.0000	0.0000	0.0000	0.0000	0.0000	0.0000	0.0000	0.0000	0.0000	0.0000	0.0000	0.0000	0.0000	0.0000	0.0000	0.0000	0.0000	0.0000	0.0000	0.0000	0.0000	0.0000	0.0000	0.0000	0.0000	0.0000	0.0000	0.0453	0.0295	0.0158	0.0200	0.0176	0.0024	0.0253	0.0119	0.0134	22.0772	16.9875	0.0000	16.8735	16.2148	0.0000	0.0000	0.0000	0.0000	0.0002	0.0003	0.0000	0.0004	0.0004	0.0000	0.0001	0.0001	0.0000
9	86	0.3850	8	0	0	1	0	0	0	0	0	N	N	N	N	N	N	N	N	N	N	N	N	21.4338	30.2962	0.0000	26.7766	31.5778	0.0000	0.0000	0.0000	0.0000	0.0082	0.0091	0.0000	0.0123	0.0133	0.0000	0.0000	0.0000	0.0000	0.0004	0.0003	0.0006	0.0005	0.0004	0.0008	0.0003	0.0001	0.0005	0.0000	0.8889	-0.0000	-0.0000	0.0000	10.8154	0.9989	27.4443	0.0000	0.0000	0.0000	0.0000	0.0000	0.0000	0.0000	0.0000	0.0000	0.0000	0.0000	0.0000	0.0000	0.0000	0.0000	0.0000	0.0000	0.0000	0.0000	0.0000	0.0000	0.0000	0.0000	0.0000	0.0000	0.0000	0.0000	0.0417	0.0282	0.0135	0.0201	0.0179	0.0022	0.0216	0.0103	0.0113	21.4338	30.2962	0.0000	26.7766	31.5778	0.0000	0.0000	0.0000	0.0000	0.0004	0.0003	0.0006	0.0005	0.0004	0.0008	0.0003	0.0001	0.0005
9	87	0.3372	7	0	0	1	0	0	0	0	0	N	N	N	N	N	N	N	N	N	N	N	N	587.1289	676.8007	221.4762	659.0023	822.8430	143.7326	0.0000	0.0000	0.0000	0.1161	0.1293	0.0474	0.1846	0.2124	0.0647	0.0000	0.0000	0.0000	0.0002	0.0002	0.0002	0.0003	0.0003	0.0005	0.0001	0.0000	0.0001	0.0707	0.4528	-0.0000	-0.0000	0.0000	2.7608	0.9989	22.4044	0.0000	0.0000	0.0000	0.0000	0.0000	0.0000	0.0000	0.0000	0.0000	0.0000	0.0000	0.0000	0.0000	0.0000	0.0000	0.0000	0.0000	0.0000	0.0000	0.0000	0.0000	0.0000	0.0000	0.0000	0.0000	0.0000	0.0000	0.1153	0.0821	0.0332	0.0634	0.0561	0.0073	0.0519	0.0260	0.0259	587.1289	676.8007	221.4762	659.0023	822.8430	143.7326	0.0000	0.0000	0.0000	0.0002	0.0002	0.0002	0.0003	0.0003	0.0005	0.0001	0.0000	0.0001
9	88	0.2074	6	0	0	1	0	0	0	0	0	N	N	N	N	N	N	N	N	N	N	N	N	1.9331	2.3152	0.0013	3.4761	3.2588	11.6920	0.0000	0.0000	0.0000	4.3339	4.6891	0.0036	11.0127	11.6062	0.0135	0.0000	0.0000	0.0000	2.2419	2.0253	2.6887	3.1681	3.5615	0.0012	1.5416	0.0001	3.1471	0.0001	0.6436	-0.0000	-0.0311	0.0000	8.8820	0.9989	49.9570	0.0000	0.0000	0.0000	0.0000	0.0000	0.0000	0.0000	0.0000	0.0000	0.2401	0.1461	0.0940	0.1461	0.1461	0.0000	0.0940	0.0000	0.0940	0.0000	0.0000	0.0000	0.0000	0.0000	0.0000	0.0000	0.0000	0.0000	0.1071	0.0721	0.0350	0.0461	0.0410	0.0051	0.0610	0.0311	0.0299	1.9331	2.3152	0.0013	3.4761	3.2588	11.6920	0.0000	0.0000	0.0000	2.2419	2.0253	2.6887	3.1681	3.5615	0.0012	1.5416	0.0001	3.1471
9	89	0.0628	5	1	1	1	1	0	0	0	0	N	N	N	N	N	N	N	N	N	N	N	N	0.0000	0.0000	0.0000	0.0000	0.0000	0.0000	0.0000	0.0000	0.0000	0.0000	0.0000	0.0000	0.0000	0.0000	0.0000	0.0000	0.0000	0.0000	0.0000	0.0000	0.0000	0.7962	0.9989	16.9291	0.0000	0.0000	0.0000	0.0000	0.0000	0.0000	0.0000	0.0000	0.0000	0.0000	0.0000	0.0000	0.0000	0.0000	0.0000	0.0000	0.0000	0.0000	0.0000	0.0000	0.0000	0.0000	0.0000	0.0000	0.0000	0.0000	0.0000	0.0279	0.0179	0.0100	0.0108	0.0093	0.0015	0.0171	0.0086	0.0085	0.0000	0.0000	0.0000	0.0000	0.0000	0.0000	0.0000	0.0000	0.0000	0.0000	0.0000	0.0000	0.0000	0.0000	0.0000	0.0000	0.0000	0.0000											
9	90	0.1348	10	0	1	1	1	0	0	0	0	N	N	N	N	N	N	N	N	N	N	N	N	0.0000	0.0000	0.0000	0.0000	0.0000	0.0000	0.0000	0.0000	0.0000	0.0000	0.0000	0.0000	0.0000	0.0000	0.0000	0.0000	0.0000	0.0000	0.0000	0.0000	0.0000	0.0000	0.9989	0.0000	0.0000	0.0000	0.0000	0.0000	0.0000	0.0000	0.0000	0.0000	0.0000	0.0000	0.0000	0.0000	0.0000	0.0000	0.0000	0.0000	0.0000	0.0000	0.0000	0.0000	0.0000	0.0000	0.0000	0.0000	0.0000	0.0000	0.0000	0.0000	0.0000	0.0000	0.0000	0.0000	0.0000	0.0000	0.0000	0.0000	0.0000	0.0000	0.0000	0.0000	0.0000	0.0000	0.0000	0.0000	0.0000	0.0000	0.0000	0.0000	0.0000	0.0000	0.0000	0.0000	0.0000	0.0000											
9	91	0.1241	9	0	1	1	1	0	0	0	0	N	N	N	N	N	N	N	N	N	N	N	N	0.0000	0.0000	0.0000	0.0000	0.0000	0.0000	0.0000	0.0000	0.0000	0.0000	0.0000	0.0000	0.0000	0.0000	0.0000	0.0000	0.0000	0.0000	0.0000	0.0000	0.0000	1.0000	0.9989	3.0000	0.0000	0.0000	0.0000	0.0000	0.0000	0.0000	0.0000	0.0000	0.0000	0.0000	0.0000	0.0000	0.0000	0.0000	0.0000	0.0000	0.0000	0.0000	0.0000	0.0000	0.0000	0.0000	0.0000	0.0000	0.0000	0.0000	0.0000	0.0072	0.0051	0.0022	0.0036	0.0031	0.0005	0.0037	0.0020	0.0017	0.0000	0.0000	0.0000	0.0000	0.0000	0.0000	0.0000	0.0000	0.0000	0.0000	0.0000	0.0000	0.0000	0.0000	0.0000	0.0000	0.0000	0.0000											
9	92	0.1176	7	0	1	1	0	0	0	0	0	N	N	N	N	N	N	N	N	N	N	N	N	0.0000	0.0000	0.0000	0.0000	0.0000	0.0000	0.0000	0.0000	0.0000	0.0000	0.0000	0.0000	0.0000	0.0000	0.0000	0.0000	0.0000	0.0000	0.0000	0.0000	0.0000	0.0000	0.9989	0.0000	0.0000	0.0000	0.0000	0.0000	0.0000	0.0000	0.0000	0.0000	0.0000	0.0000	0.0000	0.0000	0.0000	0.0000	0.0000	0.0000	0.0000	0.0000	0.0000	0.0000	0.0000	0.0000	0.0000	0.0000	0.0000	0.0000	0.0000	0.0000	0.0000	0.0000	0.0000	0.0000	0.0000	0.0000	0.0000	0.0000	0.0000	0.0000	0.0000	0.0000	0.0000	0.0000	0.0000	0.0000	0.0000	0.0000	0.0000	0.0000	0.0000	0.0000	0.0000	0.0000	0.0000	0.0000											
9	93	0.1241	9	0	0	2	1	0	0	0	0	N	N	Y	N	N	N	N	N	N	N	N	N	0.0000	0.0000	0.0000	0.0000	0.0000	0.0000	0.0000	0.0000	0.0000	0.0000	0.0000	0.0000	0.0000	0.0000	0.0000	0.0000	0.0000	0.0000	0.0000	0.0000	0.0000	0.0000	0.9989	0.0000	0.0000	0.0000	0.0000	0.0000	0.0000	0.0000	0.0000	0.0000	0.0000	0.0000	0.0000	0.0000	0.0000	0.0000	0.0000	0.0000	0.0000	0.0000	0.0000	0.0000	0.0000	0.0000	0.0000	0.0000	0.0000	0.0000	0.0000	0.0000	0.0000	0.0000	0.0000	0.0000	0.0000	0.0000	0.0000	0.0000	0.0000	0.0000	0.0000	0.0000	0.0000	0.0000	0.0000	0.0000	0.0000	0.0000	0.0000	0.0000	0.0000	0.0000	0.0000	0.0000	0.0000	0.0000											
9	94	0.1214	8	0	0	1	1	0	0	0	0	N	N	N	N	N	N	N	N	N	N	N	N	0.0000	0.0000	0.0000	0.0000	0.0000	0.0000	0.0000	0.0000	0.0000	0.0000	0.0000	0.0000	0.0000	0.0000	0.0000	0.0000	0.0000	0.0000	0.0000	0.0000	0.0000	1.0000	0.9989	0.0097	0.0000	0.0000	0.0000	0.0000	0.0000	0.0000	0.0000	0.0000	0.0000	0.0000	0.0000	0.0000	0.0000	0.0000	0.0000	0.0000	0.0000	0.0000	0.0000	0.0000	0.0000	0.0000	0.0000	0.0000	0.0000	0.0000	0.0000	0.0020	0.0014	0.0006	0.0010	0.0009	0.0001	0.0010	0.0005	0.0005	0.0000	0.0000	0.0000	0.0000	0.0000	0.0000	0.0000	0.0000	0.0000	0.0000	0.0000	0.0000	0.0000	0.0000	0.0000	0.0000	0.0000	0.0000											
9	95	0.1214	8	0	0	2	1	0	0	0	0	N	N	Y	N	N	N	N	N	N	N	N	N	0.0000	0.0000	0.0000	0.0000	0.0000	0.0000	0.0000	0.0000	0.0000	0.0000	0.0000	0.0000	0.0000	0.0000	0.0000	0.0000	0.0000	0.0000	0.0000	0.0000	0.0000	2.0000	0.9989	3.0050	0.0000	0.0000	0.0000	0.0000	0.0000	0.0000	0.0000	0.0000	0.0000	0.0000	0.0000	0.0000	0.0000	0.0000	0.0000	0.0000	0.0000	0.0000	0.0000	0.0000	0.0000	0.0000	0.0000	0.0000	0.0000	0.0000	0.0000	0.0091	0.0064	0.0027	0.0045	0.0039	0.0006	0.0046	0.0025	0.0021	0.0000	0.0000	0.0000	0.0000	0.0000	0.0000	0.0000	0.0000	0.0000	0.0000	0.0000	0.0000	0.0000	0.0000	0.0000	0.0000	0.0000	0.0000											
9	96	0.1214	8	0	0	2	1	0	0	0	0	N	N	Y	N	N	N	N	N	N	N	N	N	0.0000	0.0000	0.0000	0.0000	0.0000	0.0000	0.0000	0.0000	0.0000	0.0000	0.0000	0.0000	0.0000	0.0000	0.0000	0.0000	0.0000	0.0000	0.0000	0.0000	0.0000	0.0000	0.9989	6.9903	0.0000	0.0000	0.0000	0.0000	0.0000	0.0000	0.0000	0.0000	0.0000	0.0000	0.0000	0.0000	0.0000	0.0000	0.0000	0.0000	0.0000	0.0000	0.0000	0.0000	0.0000	0.0000	0.0000	0.0000	0.0000	0.0000	0.0000	0.0124	0.0087	0.0038	0.0061	0.0053	0.0008	0.0063	0.0034	0.0029	0.0000	0.0000	0.0000	0.0000	0.0000	0.0000	0.0000	0.0000	0.0000	0.0000	0.0000	0.0000	0.0000	0.0000	0.0000	0.0000	0.0000	0.0000											
9	97	0.1159	7	0	0	1	1	0	0	0	0	N	N	N	N	N	N	N	N	N	N	N	N	0.0000	0.0000	0.0000	0.0000	0.0000	0.0000	0.0000	0.0000	0.0000	0.0000	0.0000	0.0000	0.0000	0.0000	0.0000	0.0000	0.0000	0.0000	0.0000	0.0000	0.0000	0.9999	0.9989	1.0605	0.0000	0.0000	0.0000	0.0000	0.0000	0.0000	0.0000	0.0000	0.0000	0.0000	0.0000	0.0000	0.0000	0.0000	0.0000	0.0000	0.0000	0.0000	0.0000	0.0000	0.0000	0.0000	0.0000	0.0000	0.0000	0.0000	0.0000	0.0043	0.0031	0.0012	0.0021	0.0019	0.0002	0.0022	0.0012	0.0010	0.0000	0.0000	0.0000	0.0000	0.0000	0.0000	0.0000	0.0000	0.0000	0.0000	0.0000	0.0000	0.0000	0.0000	0.0000	0.0000	0.0000	0.0000											
9	98	0.1138	6	0	0	1	1	0	0	0	0	N	N	N	N	N	N	N	N	N	N	N	N	0.0000	0.0000	0.0000	0.0000	0.0000	0.0000	0.0000	0.0000	0.0000	0.0000	0.0000	0.0000	0.0000	0.0000	0.0000	0.0000	0.0000	0.0000	0.0000	-0.0000	0.0000	0.0012	0.9989	1.0414	0.0000	0.0000	0.0000	0.0000	0.0000	0.0000	0.0000	0.0000	0.0000	0.0000	0.0000	0.0000	0.0000	0.0000	0.0000	0.0000	0.0000	0.0000	0.0000	0.0000	0.0000	0.0000	0.0000	0.0000	0.0000	0.0000	0.0000	0.0025	0.0018	0.0007	0.0012	0.0011	0.0001	0.0013	0.0007	0.0006	0.0000	0.0000	0.0000	0.0000	0.0000	0.0000	0.0000	0.0000	0.0000	0.0000	0.0000	0.0000	0.0000	0.0000	0.0000	0.0000	0.0000	0.0000											
9	99	0.0628	5	1	1	1	0	0	0	0	0	N	N	N	N	N	N	N	N	N	N	N	N	0.0000	0.0000	0.0000	0.0000	0.0000	0.0000	0.0000	0.0000	0.0000	0.0000	0.0000	0.0000	0.0000	0.0000	0.0000	0.0000	0.0000	0.0000	0.0000	0.0000	0.0000	3.2042	0.9989	9.0918	0.0000	0.0000	0.0000	0.0000	0.0000	0.0000	0.0000	0.0000	0.0000	0.0000	0.0000	0.0000	0.0000	0.0000	0.0000	0.0000	0.0000	0.0000	0.0000	0.0000	0.0000	0.0000	0.0000	0.0000	0.0000	0.0000	0.0000	0.0225	0.0145	0.0080	0.0088	0.0076	0.0012	0.0137	0.0069	0.0068	0.0000	0.0000	0.0000	0.0000	0.0000	0.0000	0.0000	0.0000	0.0000	0.0000	0.0000	0.0000	0.0000	0.0000	0.0000	0.0000	0.0000	0.0000											
9	100	0.0628	5	0	1	1	0	0	0	0	0	N	N	N	N	N	N	N	N	N	N	N	N	0.0000	0.0000	0.0000	0.0000	0.0000	0.0000	0.0000	0.0000	0.0000	0.0000	0.0000	0.0000	0.0000	0.0015	0.0000	0.0043	0.0000	0.0000	0.0000	0.0025	0.0000	0.0051	inf	0.0000	0.0000	0.0000	0.7962	0.9989	10.9291	0.0000	0.0000	0.0000	0.0000	0.0000	0.0000	0.0000	0.0000	0.0000	0.0000	0.0000	0.0000	0.0000	0.0000	0.0000	0.0000	0.0000	0.0000	0.0000	0.0000	0.0000	0.0000	0.0000	0.0000	0.0000	0.0000	0.0000	0.0196	0.0127	0.0069	0.0077	0.0067	0.0010	0.0118	0.0059	0.0059	0.0000	0.0000	0.0000	0.0000	0.0000	0.0000	0.0000	0.0000	0.0000	0.0015	0.0000	0.0043	0.0000	0.0000	0.0000	0.0025	0.0000	0.0051						
9	101	0.1207	8	1	1	1	0	0	0	0	0	N	N	N	N	N	N	N	N	N	N	N	N	0.0000	0.0000	0.0000	0.0000	0.0000	0.0000	0.0000	0.0000	0.0000	0.0000	0.0000	0.0000	0.0000	0.0000	0.0000	0.0000	0.0000	0.0000	0.0000	0.0000	0.0000	0.0000	0.9989	3.0000	0.0000	0.0000	0.0000	0.0000	0.0000	0.0000	0.0000	0.0000	0.0000	0.0000	0.0000	0.0000	0.0000	0.0000	0.0000	0.0000	0.0000	0.0000	0.0000	0.0000	0.0000	0.0000	0.0000	0.0000	0.0000	0.0000	0.0000	0.0054	0.0038	0.0016	0.0027	0.0023	0.0004	0.0028	0.0015	0.0013	0.0000	0.0000	0.0000	0.0000	0.0000	0.0000	0.0000	0.0000	0.0000	0.0000	0.0000	0.0000	0.0000	0.0000	0.0000	0.0000	0.0000	0.0000											
9	102	0.1176	7	1	1	1	0	0	0	0	0	N	N	N	N	N	N	N	N	N	N	N	N	0.0000	0.0000	0.0000	0.0000	0.0000	0.0000	0.0000	0.0000	0.0000	0.0000	0.0000	0.0000	0.0000	0.0000	0.0000	0.0000	0.0000	0.0000	0.0000	0.0000	0.0000	0.0000	0.9989	1.0000	0.0000	0.0000	0.0000	0.0000	0.0000	0.0000	0.0000	0.0000	0.0000	0.0000	0.0000	0.0000	0.0000	0.0000	0.0000	0.0000	0.0000	0.0000	0.0000	0.0000	0.0000	0.0000	0.0000	0.0000	0.0000	0.0000	0.0000	0.0019	0.0013	0.0006	0.0009	0.0008	0.0001	0.0009	0.0005	0.0004	0.0000	0.0000	0.0000	0.0000	0.0000	0.0000	0.0000	0.0000	0.0000	0.0000	0.0000	0.0000	0.0000	0.0000	0.0000	0.0000	0.0000	0.0000											
9	103	0.1138	6	0	1	1	0	0	0	0	0	N	N	N	N	N	N	N	N	N	N	N	N	0.0000	0.0000	0.0000	0.0000	0.0000	0.0000	0.0000	0.0000	0.0000	0.0000	0.0000	0.0000	0.0000	0.0000	0.0000	0.0000	0.0000	0.0000	0.0000	-0.0000	0.0000	0.0006	0.9989	1.0534	0.0000	0.0000	0.0000	0.0000	0.0000	0.0000	0.0000	0.0000	0.0000	0.0000	0.0000	0.0000	0.0000	0.0000	0.0000	0.0000	0.0000	0.0000	0.0000	0.0000	0.0000	0.0000	0.0000	0.0000	0.0000	0.0000	0.0000	0.0025	0.0019	0.0007	0.0012	0.0011	0.0001	0.0013	0.0007	0.0006	0.0000	0.0000	0.0000	0.0000	0.0000	0.0000	0.0000	0.0000	0.0000	0.0000	0.0000	0.0000	0.0000	0.0000	0.0000	0.0000	0.0000	0.0000											
9	104	0.0628	5	0	0	1	0	0	0	0	0	N	N	N	N	N	N	N	N	N	N	N	N	0.0000	0.0000	0.0000	0.0000	0.0000	0.0000	0.0000	0.0000	0.0000	0.0000	0.0000	0.0000	0.0000	0.0000	0.0000	0.0000	0.0000	0.0000	0.0000	0.0000	0.0000	7.2034	0.9989	9.9858	0.0000	0.0000	0.0000	0.0000	0.0000	0.0000	0.0000	0.0000	0.0000	0.0000	0.0000	0.0000	0.0000	0.0000	0.0000	0.0000	0.0000	0.0000	0.0000	0.0000	0.0000	0.0000	0.0000	0.0000	0.0000	0.0000	0.0000	0.0298	0.0191	0.0107	0.0115	0.0098	0.0016	0.0183	0.0093	0.0091	0.0000	0.0000	0.0000	0.0000	0.0000	0.0000	0.0000	0.0000	0.0000	0.0000	0.0000	0.0000	0.0000	0.0000	0.0000	0.0000	0.0000	0.0000											
9	105	0.0414	4	0	0	1	0	0	0	0	0	N	N	N	N	N	N	N	N	N	N	N	N	0.0000	0.0000	0.0000	0.0000	0.0000	0.0000	0.0000	0.0000	0.0000	0.0000	0.0000	0.0000	0.0000	0.0000	0.0000	0.0000	0.0000	0.0000	0.0019	0.0027	0.0001	0.0049	0.0050	0.0004	0.0001	0.0000	0.0001	0.0210	0.0000	-0.0000	0.0000	0.7993	0.9989	5.3573	0.0000	0.0000	0.0000	0.0000	0.0000	0.0000	0.0000	0.0000	0.0000	0.0001	0.0001	0.0000	0.0001	0.0001	0.0000	0.0000	0.0000	0.0000	0.0000	0.0000	0.0000	0.0000	0.0000	0.0000	0.0000	0.0000	0.0000	0.0339	0.0239	0.0099	0.0131	0.0127	0.0004	0.0208	0.0112	0.0096	0.0000	0.0000	0.0000	0.0000	0.0000	0.0000	0.0000	0.0000	0.0000	0.0019	0.0027	0.0001	0.0049	0.0050	0.0004	0.0001	0.0000	0.0001	
9	109	0.2898	7	0	0	1	0	0	0	0	0	N	N	N	N	N	N	N	N	N	N	N	N	0.0055	0.0000	0.0283	11.4844	0.0000	549.4277	0.0000	0.0000	0.0000	0.0018	0.0000	0.0290	0.0049	0.0000	0.4078	0.0000	0.0000	0.0000	0.3254	0.0002	1.0229	0.0004	0.0004	0.0007	0.5955	0.0000	1.2356	inf	2058.3852	0.0000	0.0129	0.0000	7.7801	0.9989	32.2209	0.0000	0.0000	0.0000	0.0000	0.0000	0.0000	0.0000	0.0000	0.0000	0.0269	0.0000	0.0269	0.0000	0.0000	0.0000	0.0269	0.0000	0.0269	0.0000	0.0000	0.0000	0.0000	0.0000	0.0000	0.0000	0.0000	0.0000	0.0827	0.0564	0.0263	0.0376	0.0330	0.0045	0.0452	0.0234	0.0218	0.0055	0.0000	0.0283	11.4844	0.0000	549.4277	0.0000	0.0000	0.0000	0.3254	0.0002	1.0229	0.0004	0.0004	0.0007	0.5955	0.0000	1.2356
10	11	0.0660	3	1	1	1	0	0	0	0	0	N	N	N	N	N	N	N	N	N	N	N	N	0.0000	0.0000	0.0000	0.0000	0.0000	0.0000	0.0000	0.0000	0.0000	0.0000	0.0000	0.0000	0.0000	0.0215	0.0310	0.0000	0.0542	0.0608	0.0000	0.0000	0.0000	0.0000	0.0000	0.0000	-0.0019	0.0010	0.7962	6.5746	11.9291	0.0000	0.0000	0.0000	0.0000	0.0000	0.0000	0.0000	0.0000	0.0000	0.0037	0.0037	0.0000	0.0037	0.0037	0.0000	0.0000	0.0000	0.0000	0.0000	0.0000	0.0000	0.0000	0.0000	0.0000	0.0000	0.0000	0.0000	0.1714	0.1188	0.0526	0.0681	0.0607	0.0074	0.1033	0.0582	0.0452	0.0000	0.0000	0.0000	0.0000	0.0000	0.0000	0.0000	0.0000	0.0000	0.0215	0.0310	0.0000	0.0542	0.0608	0.0000	0.0000	0.0000	0.0000						
10	12	0.0869	5	0	1	1	0	0	0	0	0	N	N	N	N	N	N	N	N	N	N	N	N	0.0000	0.0000	0.0000	0.0000	0.0000	0.0000	0.0000	0.0000	0.0000	0.0000	0.0000	0.0000	0.0000	0.0000	0.0000	0.0000	0.0000	0.0000	0.0001	0.0000	0.0000	0.0000	0.0001	0.0000	0.0002	8.1309	0.0000	0.0000	0.0010	0.0000	6.5746	1.2577	0.0000	0.0000	0.0000	0.0000	0.0000	0.0000	0.0000	0.0000	0.0000	0.0000	0.0000	0.0000	0.0000	0.0000	0.0000	0.0000	0.0000	0.0000	0.0000	0.0000	0.0000	0.0000	0.0000	0.0000	0.0000	0.0000	0.0000	0.0382	0.0301	0.0081	0.0177	0.0167	0.0010	0.0205	0.0134	0.0071	0.0000	0.0000	0.0000	0.0000	0.0000	0.0000	0.0000	0.0000	0.0000	0.0000	0.0000	0.0001	0.0000	0.0000	0.0000	0.0001	0.0000	0.0002			
10	13	0.1247	6	0	0	1	1	0	0	0	0	N	N	N	N	N	N	N	N	N	N	N	N	0.0000	0.0000	0.0000	0.0000	0.0000	0.0000	0.0000	0.0000	0.0000	0.0000	0.0000	0.0000	0.0000	0.0003	0.0005	0.0000	0.0008	0.0009	0.0000	0.0000	0.0000	0.0000	0.0000	0.0000	-0.0000	0.0010	0.0000	6.5746	1.9950	0.0000	0.0000	0.0000	0.0000	0.0000	0.0000	0.0000	0.0000	0.0000	0.0000	0.0000	0.0000	0.0000	0.0000	0.0000	0.0000	0.0000	0.0000	0.0000	0.0000	0.0000	0.0000	0.0000	0.0000	0.0000	0.0000	0.0000	0.0303	0.0215	0.0089	0.0120	0.0108	0.0011	0.0184	0.0107	0.0077	0.0000	0.0000	0.0000	0.0000	0.0000	0.0000	0.0000	0.0000	0.0000	0.0003	0.0005	0.0000	0.0008	0.0009	0.0000	0.0000	0.0000	0.0000						
10	14	0.4910	10	0	1	1	1	0	0	0	0	N	N	N	N	N	N	N	N	N	N	N	N	0.0000	0.0000	0.0235	0.0090	0.0000	0.4967	0.0000	0.0000	0.0084	0.0001	0.0000	0.0015	0.0002	0.0000	0.0363	0.0001	0.0000	0.0005	3.0705	4.7370	0.0625	0.0272	0.0184	0.0731	5.1826	10.1587	0.0601	inf	0.0073	0.0000	-0.4187	0.0010	3.8100	6.5746	14.0319	0.0000	0.0000	0.0000	0.0000	0.0000	0.0000	0.0000	0.0000	0.0000	0.8149	0.8090	0.0059	0.0030	0.0017	0.0013	0.8119	0.8073	0.0046	0.0001	0.0001	0.0000	0.0000	0.0000	0.0000	0.0001	0.0001	0.0000	0.2654	0.1708	0.0946	0.1087	0.0913	0.0174	0.1567	0.0795	0.0772	0.0000	0.0000	0.0235	0.0090	0.0000	0.4967	0.0000	0.0000	0.0084	3.0705	4.7370	0.0625	0.0272	0.0184	0.0731	5.1826	10.1587	0.0601
10	15	0.1010	4	0	1	1	0	0	0	0	0	N	N	N	N	N	N	N	N	N	N	N	N	0.0000	0.0000	0.0000	0.0000	0.0000	0.0000	0.0000	0.0000	0.0000	0.0000	0.0000	0.0000	0.0000	0.0000	0.0000	0.0000	0.0000	0.0000	0.0217	0.0303	0.0000	0.0422	0.0489	0.0000	0.0000	0.0000	0.0000	0.0002	0.0000	-0.0012	0.0010	2.5826	6.5746	3.6028	0.0000	0.0000	0.0000	0.0000	0.0000	0.0000	0.0000	0.0000	0.0000	0.0023	0.0023	0.0000	0.0023	0.0023	0.0000	0.0000	0.0000	0.0000	0.0001	0.0001	0.0000	0.0000	0.0000	0.0000	0.0000	0.0000	0.0000	0.1073	0.0769	0.0305	0.0552	0.0477	0.0076	0.0521	0.0292	0.0229	0.0000	0.0000	0.0000	0.0000	0.0000	0.0000	0.0000	0.0000	0.0000	0.0217	0.0303	0.0000	0.0422	0.0489	0.0000	0.0000	0.0000	0.0000	
10	16	0.1381	8	0	1	1	1	0	0	0	0	N	N	N	N	N	N	N	N	N	N	N	N	0.0000	0.0000	0.0000	0.0000	0.0000	0.0000	0.0000	0.0000	0.0000	0.0000	0.0000	0.0000	0.0000	0.0000	0.0000	0.0000	0.0000	0.0000	0.0000	0.0000	0.0010	0.0000	6.5746	0.0000	0.0000	0.0000	0.0000	0.0000	0.0000	0.0000	0.0000	0.0000	0.0000	0.0000	0.0000	0.0000	0.0000	0.0000	0.0000	0.0000	0.0000	0.0000	0.0000	0.0000	0.0000	0.0000	0.0000	0.0000	0.0000	0.0000	0.0000	0.0000	0.0000	0.0000	0.0000	0.0000	0.0000	0.0000	0.0000	0.0000	0.0000	0.0000	0.0000	0.0000	0.0000	0.0000	0.0000	0.0000	0.0000	0.0000	0.0000	0.0000	0.0000	0.0000	0.0000	0.0000	0.0000	0.0000											
10	17	0.0660	3	0	1	1	0	0	0	0	0	N	N	N	N	N	N	N	N	N	N	N	N	0.0000	0.0000	0.0000	0.0000	0.0000	0.0000	0.0000	0.0000	0.0000	0.0000	0.0000	0.0000	0.0000	0.0000	0.0000	0.0000	0.0000	5.0790	0.0017	16.5621	0.1700	0.0033	2.5347	8.3155	0.0000	19.0283	4307.1669	0.0000	0.4116	0.0010	2.2039	6.5746	8.9910	0.0000	0.0000	0.0000	0.0000	0.0000	0.0000	0.0000	0.0000	0.0000	0.8599	0.0002	0.8597	0.0114	0.0002	0.0112	0.8485	0.0000	0.8485	0.0001	0.0001	0.0000	0.0000	0.0000	0.0000	0.0000	0.0000	0.0000	0.1693	0.1174	0.0519	0.0673	0.0600	0.0073	0.1020	0.0574	0.0446	0.0000	0.0000	0.0000	0.0000	0.0000	0.0000	0.0000	0.0000	0.0000	5.0790	0.0017	16.5621	0.1700	0.0033	1.5357	8.3155	0.0000	19.0283		
10	18	0.1446	4	0	0	1	1	0	0	0	0	N	N	N	N	N	N	N	N	N	N	N	N	0.0000	0.0000	0.0000	0.0000	0.0000	0.0000	0.0000	0.0000	0.0000	0.0000	0.0000	0.0000	0.0000	0.0000	0.0000	0.0000	0.0000	0.0000	0.0192	0.0257	0.0074	0.0072	0.0067	0.0092	0.0275	0.0462	0.0069	0.1625	0.0000	-0.0002	0.0010	0.9969	6.5746	1.0186	0.0000	0.0000	0.0000	0.0000	0.0000	0.0000	0.0000	0.0000	0.0000	0.0006	0.0005	0.0001	0.0001	0.0001	0.0000	0.0005	0.0005	0.0001	0.0000	0.0000	0.0000	0.0000	0.0000	0.0000	0.0000	0.0000	0.0000	0.0327	0.0210	0.0118	0.0135	0.0109	0.0026	0.0193	0.0101	0.0092	0.0000	0.0000	0.0000	0.0000	0.0000	0.0000	0.0000	0.0000	0.0000	0.0192	0.0257	0.0074	0.0072	0.0067	0.0092	0.0275	0.0462	0.0069	
10	19	0.0862	4	1	0	2	0	0	0	0	0	N	N	Y	N	N	N	N	N	N	N	N	N	0.0000	0.0000	0.0000	0.0000	0.0000	0.0000	0.0000	0.0000	0.0000	0.0000	0.0000	0.0000	0.0000	0.0000	0.0000	0.0000	0.0000	0.0000	0.0000	0.0000	0.0000	0.0000	0.0000	0.0000	0.0000	0.0000	0.9651	0.0000	-0.0000	0.0010	0.3962	6.5746	2.0067	0.0000	0.0000	0.0000	0.0000	0.0000	0.0000	0.0000	0.0000	0.0000	0.0000	0.0000	0.0000	0.0000	0.0000	0.0000	0.0000	0.0000	0.0000	0.0000	0.0000	0.0000	0.0000	0.0000	0.0000	0.0000	0.0000	0.0000	0.0377	0.0266	0.0111	0.0157	0.0140	0.0017	0.0219	0.0125	0.0094	0.0000	0.0000	0.0000	0.0000	0.0000	0.0000	0.0000	0.0000	0.0000	0.0000	0.0000	0.0000	0.0000	0.0000	0.0000	0.0000	0.0000	0.0000		
10	20	0.1156	6	0	1	1	0	0	0	0	0	N	N	N	N	N	N	N	N	N	N	N	N	0.0000	0.0000	0.0000	0.0000	0.0000	0.0000	0.0000	0.0000	0.0000	0.0000	0.0000	0.0000	0.0000	0.0000	0.0000	0.0000	0.0000	0.0000	0.0887	0.1459	0.0012	0.7665	0.7931	0.0096	0.0005	0.0000	0.0011	0.0052	0.0000	-0.0012	0.0010	0.0000	6.5746	3.0021	0.0000	0.0000	0.0000	0.0000	0.0000	0.0000	0.0000	0.0000	0.0000	0.0023	0.0023	0.0000	0.0023	0.0023	0.0000	0.0000	0.0000	0.0000	0.0000	0.0000	0.0000	0.0000	0.0000	0.0000	0.0000	0.0000	0.0000	0.0262	0.0158	0.0103	0.0030	0.0029	0.0001	0.0232	0.0129	0.0102	0.0000	0.0000	0.0000	0.0000	0.0000	0.0000	0.0000	0.0000	0.0000	0.0887	0.1459	0.0012	0.7665	0.7931	0.0096	0.0005	0.0000	0.0011	
10	21	0.0660	3	0	1	1	0	0	0	0	0	N	N	N	N	N	N	N	N	N	N	N	N	0.0000	0.0000	0.0000	0.0000	0.0000	0.0000	0.0000	0.0000	0.0000	0.0000	0.0000	0.0000	0.0000	0.0000	0.0000	0.0000	0.0000	0.0440	0.0001	0.1403	0.0099	0.0002	0.0844	0.0653	0.0000	0.1496	624.0892	0.0000	0.0060	0.0010	9.2038	6.5746	12.0710	0.0000	0.0000	0.0000	0.0000	0.0000	0.0000	0.0000	0.0000	0.0000	0.0125	0.0000	0.0125	0.0011	0.0000	0.0011	0.0114	0.0000	0.0114	0.0002	0.0002	0.0000	0.0001	0.0001	0.0000	0.0002	0.0001	0.0000	0.2844	0.1954	0.0890	0.1097	0.0970	0.0127	0.1747	0.0984	0.0763	0.0000	0.0000	0.0000	0.0000	0.0000	0.0000	0.0000	0.0000	0.0000	0.0440	0.0001	0.1403	0.0099	0.0002	0.0844	0.0653	0.0000	0.1496		
10	22	0.0660	3	1	1	1	0	0	0	0	0	N	N	N	N	N	N	N	N	N	N	N	N	0.0000	0.0000	0.0000	0.0000	0.0000	0.0000	0.0000	0.0000	0.0000	0.0000	0.0000	0.0000	0.0000	0.0000	0.0000	0.0000	0.0000	0.0000	0.0584	0.0299	0.1214	0.0124	0.0103	0.0282	0.0876	0.0494	0.1369	1.8374	0.0000	0.0019	0.0010	12.2045	6.5746	6.9907	0.0000	0.0000	0.0000	0.0000	0.0000	0.0000	0.0000	0.0000	0.0000	0.0153	0.0054	0.0099	0.0013	0.0009	0.0003	0.0141	0.0045	0.0096	0.0003	0.0003	0.0000	0.0001	0.0001	0.0000	0.0002	0.0002	0.0000	0.2622	0.1805	0.0817	0.1017	0.0901	0.0116	0.1605	0.0904	0.0701	0.0000	0.0000	0.0000	0.0000	0.0000	0.0000	0.0000	0.0000	0.0000	0.0584	0.0299	0.1214	0.0124	0.0103	0.0282	0.0876	0.0494	0.1369	
10	23	0.1102	5	0	1	1	0	0	0	0	0	N	N	N	N	N	N	N	N	N	N	N	N	0.0000	0.0000	0.0000	0.0000	0.0000	0.0000	0.0000	0.0000	0.0000	0.0000	0.0000	0.0000	0.0000	0.0000	0.0000	0.0000	0.0000	0.0000	0.0019	0.0006	0.0048	0.0012	0.0012	0.0014	0.0024	0.0000	0.0059	3.1671	0.0000	0.0000	0.0010	0.0000	6.5746	4.0676	0.0000	0.0000	0.0000	0.0000	0.0000	0.0000	0.0000	0.0000	0.0000	0.0002	0.0000	0.0002	0.0001	0.0000	0.0000	0.0001	0.0000	0.0001	0.0000	0.0000	0.0000	0.0000	0.0000	0.0000	0.0000	0.0000	0.0000	0.1093	0.0771	0.0322	0.0497	0.0420	0.0077	0.0596	0.0351	0.0245	0.0000	0.0000	0.0000	0.0000	0.0000	0.0000	0.0000	0.0000	0.0000	0.0019	0.0006	0.0048	0.0012	0.0012	0.0014	0.0024	0.0000	0.0059	
10	24	0.0660	3	1	1	1	0	0	0	0	0	N	N	N	N	N	N	N	N	N	N	N	N	0.0000	0.0000	0.0000	0.0000	0.0000	0.0000	0.0000	0.0000	0.0000	0.0000	0.0000	0.0000	0.0000	0.0000	0.0000	0.0000	0.0000	0.0000	5.6951	8.0494	0.6168	0.0724	0.0044	0.5770	9.1051	15.6851	0.6233	0.0355	0.0000	-1.0065	0.0010	8.3046	6.5746	21.0710	0.0000	0.0000	0.0000	0.0000	0.0000	0.0000	0.0000	0.0000	0.0000	2.0678	1.9969	0.0709	0.0099	0.0005	0.0094	2.0579	1.9963	0.0615	0.0002	0.0002	0.0000	0.0001	0.0001	0.0000	0.0001	0.0001	0.0000	0.3631	0.2481	0.1150	0.1371	0.1208	0.0163	0.2260	0.1273	0.0987	0.0000	0.0000	0.0000	0.0000	0.0000	0.0000	0.0000	0.0000	0.0000	5.6951	8.0494	0.6168	0.0724	0.0044	0.5770	9.1051	15.6851	0.6233	
10	25	0.0841	4	0	1	1	0	0	0	0	0	N	N	N	N	N	N	N	N	N	N	N	N	0.0000	0.0000	0.0000	0.0000	0.0000	0.0000	0.0000	0.0000	0.0000	0.0000	0.0000	0.0000	0.0000	0.0000	0.0000	0.0000	0.0000	0.0000	0.0006	0.0007	0.0002	0.0013	0.0014	0.0006	0.0000	0.0000	0.0001	0.0832	0.0000	-0.0000	0.0010	1.0335	6.5746	7.4537	0.0000	0.0000	0.0000	0.0000	0.0000	0.0000	0.0000	0.0000	0.0000	0.0001	0.0001	0.0000	0.0001	0.0001	0.0000	0.0000	0.0000	0.0000	0.0000	0.0000	0.0000	0.0000	0.0000	0.0000	0.0000	0.0000	0.0000	0.1378	0.0986	0.0392	0.0591	0.0530	0.0062	0.0787	0.0457	0.0330	0.0000	0.0000	0.0000	0.0000	0.0000	0.0000	0.0000	0.0000	0.0000	0.0006	0.0007	0.0002	0.0013	0.0014	0.0006	0.0000	0.0000	0.0001	
10	26	0.0660	3	0	1	1	0	0	0	0	0	N	N	N	N	N	N	N	N	N	N	N	N	0.0000	0.0000	0.0000	0.0000	0.0000	0.0000	0.0000	0.0000	0.0000	0.0000	0.0000	0.0000	0.0000	0.0000	0.0000	0.0000	0.0000	0.0014	0.0012	0.0020	0.0030	0.0023	0.0087	0.0004	0.0000	0.0009	0.7445	0.0000	-0.0000	0.0010	7.2039	6.5746	4.9911	0.0000	0.0000	0.0000	0.0000	0.0000	0.0000	0.0000	0.0000	0.0000	0.0003	0.0001	0.0001	0.0002	0.0001	0.0001	0.0000	0.0000	0.0000	0.0002	0.0002	0.0000	0.0001	0.0001	0.0000	0.0001	0.0001	0.0000	0.1810	0.1254	0.0556	0.0717	0.0638	0.0079	0.1093	0.0616	0.0478	0.0000	0.0000	0.0000	0.0000	0.0000	0.0000	0.0000	0.0000	0.0000	0.0014	0.0012	0.0020	0.0030	0.0023	0.0087	0.0004	0.0000	0.0009		
10	27	0.1566	4	0	1	2	1	0	0	0	0	N	N	Y	N	N	N	N	N	N	N	N	N	0.0000	0.0000	0.0000	0.0000	0.0000	0.0000	0.0000	0.0000	0.0000	0.0000	0.0000	0.0000	0.0000	0.0000	0.0000	0.0000	0.0000	0.0000	0.0034	0.0049	0.0009	0.0106	0.0111	0.0062	0.0011	0.0016	0.0006	0.1164	0.0000	-0.0002	0.0010	1.9923	6.5746	5.5017	0.0000	0.0000	0.0000	0.0000	0.0000	0.0000	0.0000	0.0000	0.0000	0.0004	0.0004	0.0000	0.0003	0.0003	0.0000	0.0001	0.0001	0.0000	0.0001	0.0001	0.0000	0.0000	0.0000	0.0000	0.0000	0.0000	0.0000	0.1251	0.0778	0.0472	0.0297	0.0271	0.0026	0.0954	0.0508	0.0446	0.0000	0.0000	0.0000	0.0000	0.0000	0.0000	0.0000	0.0000	0.0000	0.0034	0.0049	0.0009	0.0106	0.0111	0.0062	0.0011	0.0016	0.0006	
10	28	0.0660	3	0	1	1	0	0	0	0	0	N	N	N	N	N	N	N	N	N	N	N	N	0.0000	0.0000	0.0000	0.0000	0.0000	0.0000	0.0000	0.0000	0.0000	0.0000	0.0000	0.0000	0.0000	0.0000	0.0000	0.0000	0.0000	0.0776	0.0378	0.1662	0.0761	0.0750	0.0846	0.0785	0.0000	0.1798	1.9751	0.0000	0.0025	0.0010	1.7961	6.5746	15.9291	0.0000	0.0000	0.0000	0.0000	0.0000	0.0000	0.0000	0.0000	0.0000	0.0175	0.0059	0.0116	0.0067	0.0059	0.0008	0.0108	0.0000	0.0108	0.0000	0.0000	0.0000	0.0000	0.0000	0.0000	0.0000	0.0000	0.0000	0.2255	0.1556	0.0698	0.0883	0.0783	0.0099	0.1372	0.0773	0.0599	0.0000	0.0000	0.0000	0.0000	0.0000	0.0000	0.0000	0.0000	0.0000	0.0776	0.0378	0.1662	0.0761	0.0750	0.0846	0.0785	0.0000	0.1798		
10	29	0.1239	6	1	1	1	0	0	0	0	0	N	N	N	N	N	N	N	N	N	N	N	N	0.0000	0.0000	0.0000	0.0000	0.0000	0.0000	0.0000	0.0000	0.0000	0.0000	0.0000	0.0000	0.0000	0.0000	0.0000	0.0000	0.0000	0.0000	0.0000	0.0000	0.0010	0.0000	6.5746	0.0000	0.0000	0.0000	0.0000	0.0000	0.0000	0.0000	0.0000	0.0000	0.0000	0.0000	0.0000	0.0000	0.0000	0.0000	0.0000	0.0000	0.0000	0.0000	0.0000	0.0000	0.0000	0.0000	0.0000	0.0000	0.0000	0.0000	0.0000	0.0000	0.0000	0.0000	0.0000	0.0000	0.0000	0.0000	0.0000	0.0000	0.0000	0.0000	0.0000	0.0000	0.0000	0.0000	0.0000	0.0000	0.0000	0.0000	0.0000	0.0000	0.0000	0.0000	0.0000	0.0000	0.0000	0.0000											
10	30	0.0660	3	0	1	1	1	0	0	0	0	N	N	N	N	N	N	N	N	N	N	N	N	0.0000	0.0000	0.0000	0.0000	0.0000	0.0000	0.0000	0.0000	0.0000	0.0000	0.0000	0.0000	0.0000	0.0000	0.0000	0.0000	0.0000	0.0000	3.9115	5.5386	0.3173	0.0114	0.0033	0.0741	6.3830	11.0525	0.3577	0.0259	0.0000	-0.5075	0.0010	0.0000	6.5746	19.0400	0.0000	0.0000	0.0000	0.0000	0.0000	0.0000	0.0000	0.0000	0.0000	1.0237	0.9978	0.0259	0.0012	0.0003	0.0009	1.0225	0.9975	0.0250	0.0000	0.0000	0.0000	0.0000	0.0000	0.0000	0.0000	0.0000	0.0000	0.2617	0.1802	0.0816	0.1015	0.0899	0.0116	0.1602	0.0902	0.0699	0.0000	0.0000	0.0000	0.0000	0.0000	0.0000	0.0000	0.0000	0.0000	3.9115	5.5386	0.3173	0.0114	0.0033	0.0741	6.3830	11.0525	0.3577	
10	31	0.0660	3	1	1	1	0	0	0	0	0	N	N	N	N	N	N	N	N	N	N	N	N	0.0000	0.0000	0.0000	0.0000	0.0000	0.0000	0.0000	0.0000	0.0000	0.0000	0.0000	0.0000	0.0000	0.0000	0.0000	0.0000	0.0000	0.1005	0.0186	0.2808	0.0426	0.0375	0.0823	0.1370	0.0000	0.3137	6.8389	0.0000	0.0097	0.0010	6.7961	6.5746	16.0091	0.0000	0.0000	0.0000	0.0000	0.0000	0.0000	0.0000	0.0000	0.0000	0.0277	0.0035	0.0242	0.0045	0.0035	0.0010	0.0232	0.0000	0.0232	0.0002	0.0001	0.0000	0.0001	0.0001	0.0000	0.0001	0.0001	0.0000	0.2760	0.1898	0.0862	0.1067	0.0944	0.0123	0.1693	0.0954	0.0739	0.0000	0.0000	0.0000	0.0000	0.0000	0.0000	0.0000	0.0000	0.0000	0.1005	0.0186	0.2808	0.0426	0.0375	0.0823	0.1370	0.0000	0.3137		
10	32	0.4910	10	0	0	2	0	0	0	0	0	N	N	Y	N	N	N	N	N	N	N	N	N	0.0030	0.0000	0.0313	0.0032	0.0000	0.4376	0.0035	0.0000	0.0122	0.0002	0.0000	0.0022	0.0004	0.0000	0.0472	0.0001	0.0000	0.0008	0.0676	0.0662	0.0702	0.1149	0.1161	0.1078	0.0317	0.0002	0.0620	inf	0.5752	0.0000	-0.0020	0.0010	2.4598	6.5746	7.4321	0.0000	0.0000	0.0000	0.0000	0.0000	0.0000	0.0000	0.0000	0.0000	0.0127	0.0080	0.0046	0.0093	0.0080	0.0013	0.0034	0.0000	0.0034	0.0001	0.0001	0.0000	0.0000	0.0000	0.0000	0.0000	0.0000	0.0000	0.1872	0.1213	0.0659	0.0809	0.0691	0.0118	0.1063	0.0522	0.0541	0.0030	0.0000	0.0313	0.0032	0.0000	0.4376	0.0035	0.0000	0.0122	0.0676	0.0662	0.0702	0.1149	0.1161	0.1078	0.0317	0.0002	0.0620
10	33	0.4527	9	0	0	1	0	0	0	0	0	N	N	N	N	N	N	N	N	N	N	N	N	0.0007	0.0013	0.0000	0.0019	0.0022	0.0000	0.0000	0.0000	0.0000	0.0002	0.0002	0.0000	0.0005	0.0005	0.0000	0.0000	0.0000	0.0000	0.2715	0.1558	0.5005	0.2668	0.2368	0.4643	0.2755	0.0337	0.5085	0.0000	1.6236	-0.0000	0.0058	0.0010	2.7943	6.5746	8.2643	0.0000	0.0000	0.0000	0.0000	0.0000	0.0000	0.0000	0.0000	0.0000	0.0593	0.0226	0.0367	0.0268	0.0206	0.0061	0.0325	0.0019	0.0305	0.0001	0.0001	0.0000	0.0000	0.0000	0.0000	0.0000	0.0000	0.0000	0.2183	0.1450	0.0733	0.1004	0.0872	0.0132	0.1179	0.0579	0.0601	0.0007	0.0013	0.0000	0.0019	0.0022	0.0000	0.0000	0.0000	0.0000	0.2715	0.1558	0.5005	0.2668	0.2368	0.4643	0.2755	0.0337	0.5085
10	34	0.1216	4	0	1	1	0	0	0	0	0	N	N	N	N	N	N	N	N	N	N	N	N	0.0000	0.0000	0.0000	0.0000	0.0000	0.0000	0.0000	0.0000	0.0000	0.0000	0.0000	0.0000	0.0000	0.0000	0.0000	0.0000	0.0000	0.0000	0.0331	0.0398	0.0155	0.0103	0.0098	0.0128	0.0557	0.0804	0.0167	0.1482	0.0000	-0.0010	0.0010	0.0009	6.5746	2.4415	0.0000	0.0000	0.0000	0.0000	0.0000	0.0000	0.0000	0.0000	0.0000	0.0026	0.0023	0.0003	0.0004	0.0003	0.0001	0.0022	0.0020	0.0003	0.0000	0.0000	0.0000	0.0000	0.0000	0.0000	0.0000	0.0000	0.0000	0.0798	0.0578	0.0220	0.0397	0.0332	0.0065	0.0401	0.0246	0.0155	0.0000	0.0000	0.0000	0.0000	0.0000	0.0000	0.0000	0.0000	0.0000	0.0331	0.0398	0.0155	0.0103	0.0098	0.0128	0.0557	0.0804	0.0167	
10	35	0.0660	3	1	0	2	0	0	0	0	0	N	N	Y	N	N	N	N	N	N	N	N	N	0.0000	0.0000	0.0000	0.0000	0.0000	0.0000	0.0000	0.0000	0.0000	0.0000	0.0000	0.0000	0.0000	0.0000	0.0000	0.0000	0.0000	0.0000	10.6248	14.3484	1.9890	0.0012	0.0008	0.0049	17.9085	30.0959	2.3027	0.0598	0.0000	-0.4911	0.0010	0.0000	6.5746	5.9600	0.0000	0.0000	0.0000	0.0000	0.0000	0.0000	0.0000	0.0000	0.0000	1.0569	0.9973	0.0596	0.0000	0.0000	0.0000	1.0569	0.9973	0.0596	0.0000	0.0000	0.0000	0.0000	0.0000	0.0000	0.0000	0.0000	0.0000	0.0995	0.0695	0.0300	0.0405	0.0364	0.0041	0.0590	0.0331	0.0259	0.0000	0.0000	0.0000	0.0000	0.0000	0.0000	0.0000	0.0000	0.0000	10.6248	14.3484	1.9890	0.0012	0.0008	0.0049	17.9085	30.0959	2.3027	
10	36	0.1566	4	0	1	1	0	0	0	0	0	N	N	N	N	N	N	N	N	N	N	N	N	0.0000	0.0000	0.0000	0.0000	0.0000	0.0000	0.0000	0.0000	0.0000	0.0000	0.0000	0.0000	0.0000	0.0000	0.0000	0.0000	0.0000	0.0000	0.0073	0.0112	0.0010	0.0262	0.0281	0.0062	0.0013	0.0019	0.0007	0.0536	0.0000	-0.0004	0.0010	0.0123	6.5746	6.2120	0.0000	0.0000	0.0000	0.0000	0.0000	0.0000	0.0000	0.0000	0.0000	0.0008	0.0007	0.0000	0.0007	0.0007	0.0000	0.0001	0.0001	0.0000	0.0000	0.0000	0.0000	0.0000	0.0000	0.0000	0.0000	0.0000	0.0000	0.1072	0.0670	0.0402	0.0259	0.0237	0.0022	0.0813	0.0433	0.0380	0.0000	0.0000	0.0000	0.0000	0.0000	0.0000	0.0000	0.0000	0.0000	0.0073	0.0112	0.0010	0.0262	0.0281	0.0062	0.0013	0.0019	0.0007	
10	37	0.0660	3	0	1	1	0	0	0	0	0	N	N	N	N	N	N	N	N	N	N	N	N	0.0000	0.0000	0.0000	0.0000	0.0000	0.0000	0.0000	0.0000	0.0000	0.0000	0.0000	0.0000	0.0000	0.0000	0.0000	0.0000	0.0000	0.0000	3.1498	4.2966	0.6623	0.0758	0.0035	0.6180	5.0343	8.4189	0.6697	0.0711	0.0000	-0.4858	0.0010	8.2035	6.5746	18.5835	0.0000	0.0000	0.0000	0.0000	0.0000	0.0000	0.0000	0.0000	0.0000	1.0684	0.9975	0.0709	0.0098	0.0004	0.0094	1.0586	0.9971	0.0615	0.0002	0.0002	0.0000	0.0001	0.0001	0.0000	0.0001	0.0001	0.0000	0.3392	0.2322	0.1070	0.1289	0.1137	0.0152	0.2103	0.1184	0.0918	0.0000	0.0000	0.0000	0.0000	0.0000	0.0000	0.0000	0.0000	0.0000	3.1498	4.2966	0.6623	0.0758	0.0035	0.6180	5.0343	8.4189	0.6697	
10	38	0.0660	3	0	1	1	1	0	0	0	0	N	N	N	N	N	N	N	N	N	N	N	N	0.0000	0.0000	0.0000	0.0000	0.0000	0.0000	0.0000	0.0000	0.0000	0.0000	0.0000	0.0000	0.0000	0.0000	0.0000	0.0000	0.0000	0.0000	2.6961	3.6933	0.5620	0.0664	0.0035	0.5286	4.2662	7.1376	0.5675	0.0711	0.0000	-0.4858	0.0010	10.2042	6.5746	23.0710	0.0000	0.0000	0.0000	0.0000	0.0000	0.0000	0.0000	0.0000	0.0000	1.0684	0.9975	0.0709	0.0098	0.0004	0.0094	1.0586	0.9970	0.0615	0.0003	0.0002	0.0000	0.0001	0.0001	0.0000	0.0002	0.0001	0.0000	0.3963	0.2701	0.1262	0.1482	0.1304	0.0178	0.2481	0.1397	0.1084	0.0000	0.0000	0.0000	0.0000	0.0000	0.0000	0.0000	0.0000	0.0000	2.6961	3.6933	0.5620	0.0664	0.0035	0.5286	4.2662	7.1376	0.5675	
10	39	0.0660	3	1	0	2	0	0	0	0	0	N	N	Y	N	N	N	N	N	N	N	N	N	0.0000	0.0000	0.0000	0.0000	0.0000	0.0000	0.0000	0.0000	0.0000	0.0000	0.0000	0.0000	0.0000	0.0000	0.0000	0.0000	0.0000	0.1231	0.0003	0.4240	0.0017	0.0006	0.0140	0.2134	0.0000	0.4798	526.0307	0.0000	0.0024	0.0010	0.0000	6.5746	1.9600	0.0000	0.0000	0.0000	0.0000	0.0000	0.0000	0.0000	0.0000	0.0000	0.0051	0.0000	0.0050	0.0000	0.0000	0.0000	0.0050	0.0000	0.0050	0.0000	0.0000	0.0000	0.0000	0.0000	0.0000	0.0000	0.0000	0.0000	0.0411	0.0292	0.0119	0.0175	0.0161	0.0014	0.0236	0.0131	0.0105	0.0000	0.0000	0.0000	0.0000	0.0000	0.0000	0.0000	0.0000	0.0000	0.1231	0.0003	0.4240	0.0017	0.0006	0.0140	0.2134	0.0000	0.4798		
10	40	0.1216	4	0	0	2	0	0	0	0	0	N	N	Y	N	N	N	N	N	N	N	N	N	0.0000	0.0000	0.0000	0.0000	0.0000	0.0000	0.0000	0.0000	0.0000	0.0000	0.0000	0.0000	0.0000	0.0000	0.0000	0.0000	0.0000	0.0000	0.0289	0.0361	0.0139	0.0306	0.0313	0.0278	0.0275	0.0415	0.0089	0.1854	0.0000	-0.0015	0.0010	0.0009	6.5746	7.7842	0.0000	0.0000	0.0000	0.0000	0.0000	0.0000	0.0000	0.0000	0.0000	0.0042	0.0036	0.0007	0.0020	0.0016	0.0004	0.0022	0.0019	0.0003	0.0000	0.0000	0.0000	0.0000	0.0000	0.0000	0.0000	0.0000	0.0000	0.1459	0.0985	0.0474	0.0648	0.0522	0.0126	0.0811	0.0463	0.0348	0.0000	0.0000	0.0000	0.0000	0.0000	0.0000	0.0000	0.0000	0.0000	0.0289	0.0361	0.0139	0.0306	0.0313	0.0278	0.0275	0.0415	0.0089	
10	41	0.0660	3	0	0	1	0	0	0	0	0	N	N	N	N	N	N	N	N	N	N	N	N	0.0000	0.0000	0.0000	0.0000	0.0000	0.0000	0.0000	0.0000	0.0000	0.0000	0.0000	0.0000	0.0000	0.0000	0.0000	0.0000	0.0000	0.0000	7.0304	9.8356	0.8420	0.1317	0.0475	0.8811	11.3920	19.5603	0.8520	0.0388	0.0000	-0.9089	0.0010	1.7959	6.5746	20.1034	0.0000	0.0000	0.0000	0.0000	0.0000	0.0000	0.0000	0.0000	0.0000	1.8790	1.8088	0.0702	0.0136	0.0044	0.0093	1.8653	1.8044	0.0609	0.0000	0.0000	0.0000	0.0000	0.0000	0.0000	0.0000	0.0000	0.0000	0.2673	0.1839	0.0834	0.1035	0.0917	0.0119	0.1637	0.0922	0.0715	0.0000	0.0000	0.0000	0.0000	0.0000	0.0000	0.0000	0.0000	0.0000	7.0304	9.8356	0.8420	0.1317	0.0475	0.7818	11.3920	19.5603	0.8520	
10	42	0.1361	4	0	1	1	0	0	0	0	0	N	N	N	N	N	N	N	N	N	N	N	N	0.0000	0.0000	0.0000	0.0000	0.0000	0.0000	0.0000	0.0000	0.0000	0.0000	0.0000	0.0000	0.0000	0.0000	0.0000	0.0130	0.0164	0.0000	0.0247	0.0266	0.0000	0.0007	0.0011	0.0000	0.0000	0.0000	-0.0000	0.0010	0.0003	6.5746	0.0002	0.0000	0.0000	0.0000	0.0000	0.0000	0.0000	0.0000	0.0000	0.0000	0.0000	0.0000	0.0000	0.0000	0.0000	0.0000	0.0000	0.0000	0.0000	0.0000	0.0000	0.0000	0.0000	0.0000	0.0000	0.0000	0.0000	0.0000	0.0001	0.0000	0.0000	0.0000	0.0000	0.0000	0.0000	0.0000	0.0000	0.0000	0.0000	0.0000	0.0000	0.0000	0.0000	0.0000	0.0000	0.0000	0.0130	0.0164	0.0000	0.0247	0.0266	0.0000	0.0007	0.0011	0.0000				
10	43	0.0921	4	1	1	2	0	0	0	0	0	N	N	Y	N	N	N	N	N	N	N	N	N	0.0000	0.0000	0.0000	0.0000	0.0000	0.0000	0.0000	0.0000	0.0000	0.0000	0.0000	0.0000	0.0000	0.0000	0.0000	0.0000	0.0000	0.0000	0.0000	0.0000	0.0010	0.0000	6.5746	2.0000	0.0000	0.0000	0.0000	0.0000	0.0000	0.0000	0.0000	0.0000	0.0000	0.0000	0.0000	0.0000	0.0000	0.0000	0.0000	0.0000	0.0000	0.0000	0.0000	0.0000	0.0000	0.0000	0.0000	0.0000	0.0000	0.0000	0.0000	0.0281	0.0200	0.0080	0.0158	0.0131	0.0027	0.0123	0.0069	0.0054	0.0000	0.0000	0.0000	0.0000	0.0000	0.0000	0.0000	0.0000	0.0000	0.0000	0.0000	0.0000	0.0000	0.0000	0.0000	0.0000	0.0000	0.0000											
10	44	0.0921	4	1	1	2	0	0	0	0	0	N	N	Y	N	N	N	N	N	N	N	N	N	0.0000	0.0000	0.0000	0.0000	0.0000	0.0000	0.0000	0.0000	0.0000	0.0000	0.0000	0.0000	0.0000	0.0000	0.0000	0.0000	0.0000	0.0000	0.0000	0.0000	0.0010	0.0000	6.5746	0.0000	0.0000	0.0000	0.0000	0.0000	0.0000	0.0000	0.0000	0.0000	0.0000	0.0000	0.0000	0.0000	0.0000	0.0000	0.0000	0.0000	0.0000	0.0000	0.0000	0.0000	0.0000	0.0000	0.0000	0.0000	0.0000	0.0000	0.0000	0.0000	0.0000	0.0000	0.0000	0.0000	0.0000	0.0000	0.0000	0.0000	0.0000	0.0000	0.0000	0.0000	0.0000	0.0000	0.0000	0.0000	0.0000	0.0000	0.0000	0.0000	0.0000	0.0000	0.0000	0.0000	0.0000	0.0000											
10	45	0.0660	3	1	1	2	0	0	0	0	0	N	N	Y	N	N	N	N	N	N	N	N	N	0.0000	0.0000	0.0000	0.0000	0.0000	0.0000	0.0000	0.0000	0.0000	0.0000	0.0000	0.0000	0.0000	0.0289	0.0414	0.0000	0.0716	0.0800	0.0000	0.0000	0.0000	0.0000	0.0000	0.0000	-0.0019	0.0010	0.7962	6.5746	7.9291	0.0000	0.0000	0.0000	0.0000	0.0000	0.0000	0.0000	0.0000	0.0000	0.0036	0.0036	0.0000	0.0036	0.0036	0.0000	0.0000	0.0000	0.0000	0.0000	0.0000	0.0000	0.0000	0.0000	0.0000	0.0000	0.0000	0.0000	0.1247	0.0868	0.0378	0.0502	0.0450	0.0053	0.0745	0.0419	0.0326	0.0000	0.0000	0.0000	0.0000	0.0000	0.0000	0.0000	0.0000	0.0000	0.0289	0.0414	0.0000	0.0716	0.0800	0.0000	0.0000	0.0000	0.0000						
10	46	0.0660	3	1	1	1	0	0	0	0	0	N	N	N	N	N	N	N	N	N	N	N	N	0.0000	0.0000	0.0000	0.0000	0.0000	0.0000	0.0000	0.0000	0.0000	0.0000	0.0000	0.0000	0.0000	0.0000	0.0000	0.0000	0.0000	0.2624	0.0281	0.7902	0.1642	0.0553	1.3590	0.3267	0.0000	0.7479	12.4641	0.0000	0.0194	0.0010	0.7962	6.5746	12.9291	0.0000	0.0000	0.0000	0.0000	0.0000	0.0000	0.0000	0.0000	0.0000	0.0479	0.0036	0.0444	0.0119	0.0036	0.0083	0.0360	0.0000	0.0360	0.0000	0.0000	0.0000	0.0000	0.0000	0.0000	0.0000	0.0000	0.0000	0.1826	0.1265	0.0561	0.0723	0.0644	0.0079	0.1103	0.0621	0.0482	0.0000	0.0000	0.0000	0.0000	0.0000	0.0000	0.0000	0.0000	0.0000	0.2624	0.0281	0.7902	0.1642	0.0553	1.0473	0.3267	0.0000	0.7479		
10	47	0.0660	3	0	1	1	1	0	0	0	0	N	N	N	N	N	N	N	N	N	N	N	N	0.0000	0.0000	0.0000	0.0000	0.0000	0.0000	0.0000	0.0000	0.0000	0.0000	0.0000	0.0000	0.0000	0.0000	0.0000	0.0000	0.0000	0.0442	0.0008	0.1387	0.0022	0.0017	0.0057	0.0702	0.0000	0.1607	76.0022	0.0000	0.0065	0.0010	9.0000	6.5746	15.0400	0.0000	0.0000	0.0000	0.0000	0.0000	0.0000	0.0000	0.0000	0.0000	0.0139	0.0002	0.0137	0.0003	0.0002	0.0001	0.0136	0.0000	0.0136	0.0002	0.0002	0.0000	0.0001	0.0001	0.0000	0.0002	0.0001	0.0000	0.3139	0.2152	0.0986	0.1201	0.1061	0.0140	0.1938	0.1092	0.0846	0.0000	0.0000	0.0000	0.0000	0.0000	0.0000	0.0000	0.0000	0.0000	0.0442	0.0008	0.1387	0.0022	0.0017	0.0057	0.0702	0.0000	0.1607		
10	48	0.1446	4	0	0	1	1	0	0	0	0	N	N	N	N	N	N	N	N	N	N	N	N	0.0000	0.0000	0.0000	0.0000	0.0000	0.0000	0.0000	0.0000	0.0000	0.0000	0.0000	0.0000	0.0000	0.0000	0.0000	0.0000	0.0000	0.0000	0.0146	0.0200	0.0052	0.0078	0.0082	0.0062	0.0192	0.0322	0.0049	0.1482	0.0000	-0.0003	0.0010	0.0037	6.5746	3.0208	0.0000	0.0000	0.0000	0.0000	0.0000	0.0000	0.0000	0.0000	0.0000	0.0007	0.0006	0.0001	0.0001	0.0001	0.0000	0.0005	0.0005	0.0001	0.0000	0.0000	0.0000	0.0000	0.0000	0.0000	0.0000	0.0000	0.0000	0.0463	0.0294	0.0169	0.0188	0.0150	0.0038	0.0276	0.0145	0.0131	0.0000	0.0000	0.0000	0.0000	0.0000	0.0000	0.0000	0.0000	0.0000	0.0146	0.0200	0.0052	0.0078	0.0082	0.0062	0.0192	0.0322	0.0049	
10	49	0.0660	3	0	0	1	1	0	0	0	0	N	N	N	N	N	N	N	N	N	N	N	N	0.0000	0.0000	0.0000	0.0000	0.0000	0.0000	0.0000	0.0000	0.0000	0.0000	0.0000	0.0000	0.0000	0.0000	0.0000	0.0000	0.0000	0.0000	5.8392	8.2023	0.6924	0.1097	0.0399	0.6362	9.3781	16.1047	0.7017	0.0388	0.0000	-0.9095	0.0010	4.7960	6.5746	23.0471	0.0000	0.0000	0.0000	0.0000	0.0000	0.0000	0.0000	0.0000	0.0000	1.8801	1.8099	0.0702	0.0135	0.0043	0.0092	1.8666	1.8056	0.0610	0.0001	0.0001	0.0000	0.0000	0.0000	0.0000	0.0001	0.0001	0.0000	0.3220	0.2207	0.1013	0.1229	0.1085	0.0144	0.1990	0.1121	0.0869	0.0000	0.0000	0.0000	0.0000	0.0000	0.0000	0.0000	0.0000	0.0000	5.8392	8.2023	0.6924	0.1097	0.0399	0.6362	9.3781	16.1047	0.7017	
10	50	0.1010	4	0	1	2	0	0	0	0	0	N	N	Y	N	N	N	N	N	N	N	N	N	0.0000	0.0000	0.0000	0.0000	0.0000	0.0000	0.0000	0.0000	0.0000	0.0000	0.0000	0.0000	0.0000	0.0000	0.0000	0.0000	0.0000	0.0000	0.0005	0.0003	0.0013	0.0009	0.0004	0.0035	0.0001	0.0000	0.0002	1.5702	0.0000	0.0000	0.0010	1.4428	6.5746	0.4686	0.0000	0.0000	0.0000	0.0000	0.0000	0.0000	0.0000	0.0000	0.0000	0.0000	0.0000	0.0000	0.0000	0.0000	0.0000	0.0000	0.0000	0.0000	0.0000	0.0000	0.0000	0.0000	0.0000	0.0000	0.0000	0.0000	0.0000	0.0432	0.0318	0.0114	0.0256	0.0219	0.0038	0.0176	0.0100	0.0076	0.0000	0.0000	0.0000	0.0000	0.0000	0.0000	0.0000	0.0000	0.0000	0.0005	0.0003	0.0013	0.0009	0.0004	0.0035	0.0001	0.0000	0.0002	
10	51	0.0660	3	0	1	1	0	0	0	0	0	N	N	N	N	N	N	N	N	N	N	N	N	0.0000	0.0000	0.0000	0.0000	0.0000	0.0000	0.0000	0.0000	0.0000	0.0000	0.0000	0.0000	0.0000	0.0000	0.0000	0.0000	0.0000	0.0000	0.0021	0.0023	0.0017	0.0048	0.0045	0.0071	0.0003	0.0000	0.0008	0.3267	0.0000	-0.0001	0.0010	7.1845	6.5746	8.0722	0.0000	0.0000	0.0000	0.0000	0.0000	0.0000	0.0000	0.0000	0.0000	0.0005	0.0003	0.0001	0.0004	0.0003	0.0001	0.0000	0.0000	0.0000	0.0002	0.0002	0.0000	0.0001	0.0001	0.0000	0.0001	0.0001	0.0000	0.2179	0.1505	0.0674	0.0855	0.0759	0.0096	0.1324	0.0746	0.0578	0.0000	0.0000	0.0000	0.0000	0.0000	0.0000	0.0000	0.0000	0.0000	0.0021	0.0023	0.0017	0.0048	0.0045	0.0071	0.0003	0.0000	0.0008	
10	52	0.0887	4	1	0	2	0	0	0	0	0	N	N	Y	N	N	N	N	N	N	N	N	N	0.0000	0.0000	0.0000	0.0000	0.0000	0.0000	0.0000	0.0000	0.0000	0.0000	0.0000	0.0000	0.0000	0.0000	0.0000	0.0000	0.0000	0.0000	0.0156	0.0114	0.0255	0.0188	0.0205	0.0031	0.0133	0.0000	0.0290	0.9754	0.0000	-0.0000	0.0010	0.9976	6.5746	4.7732	0.0000	0.0000	0.0000	0.0000	0.0000	0.0000	0.0000	0.0000	0.0000	0.0015	0.0008	0.0008	0.0008	0.0008	0.0000	0.0007	0.0000	0.0007	0.0000	0.0000	0.0000	0.0000	0.0000	0.0000	0.0000	0.0000	0.0000	0.0981	0.0683	0.0298	0.0419	0.0378	0.0041	0.0562	0.0305	0.0257	0.0000	0.0000	0.0000	0.0000	0.0000	0.0000	0.0000	0.0000	0.0000	0.0156	0.0114	0.0255	0.0188	0.0205	0.0031	0.0133	0.0000	0.0290	
10	53	0.0660	3	1	0	1	0	0	0	0	0	N	N	N	N	N	N	N	N	N	N	N	N	0.0000	0.0000	0.0000	0.0000	0.0000	0.0000	0.0000	0.0000	0.0000	0.0000	0.0000	0.0000	0.0000	0.0000	0.0000	0.0000	0.0000	0.0000	0.3803	0.0019	1.2429	0.0044	0.0036	0.0112	0.6312	0.0000	1.4432	287.8956	0.0000	0.0259	0.0010	3.2133	6.5746	6.0120	0.0000	0.0000	0.0000	0.0000	0.0000	0.0000	0.0000	0.0000	0.0000	0.0544	0.0002	0.0543	0.0003	0.0002	0.0001	0.0542	0.0000	0.0542	0.0001	0.0001	0.0000	0.0000	0.0000	0.0000	0.0001	0.0001	0.0000	0.1432	0.0995	0.0437	0.0573	0.0512	0.0061	0.0859	0.0483	0.0375	0.0000	0.0000	0.0000	0.0000	0.0000	0.0000	0.0000	0.0000	0.0000	0.3803	0.0019	1.2429	0.0044	0.0036	0.0112	0.6312	0.0000	1.4432	
10	54	0.0660	3	1	1	1	0	0	0	0	0	N	N	N	N	N	N	N	N	N	N	N	N	0.0000	0.0000	0.0000	0.0000	0.0000	0.0000	0.0000	0.0000	0.0000	0.0000	0.0000	0.0000	0.0000	0.0000	0.0000	0.0000	0.0000	0.0000	5.7653	7.9316	0.8837	0.2064	0.0906	1.6487	9.4083	16.0554	0.8406	0.0494	0.0000	-0.4989	0.0010	1.7961	6.5746	11.9291	0.0000	0.0000	0.0000	0.0000	0.0000	0.0000	0.0000	0.0000	0.0000	1.0527	1.0031	0.0496	0.0149	0.0058	0.0091	1.0378	0.9973	0.0405	0.0000	0.0000	0.0000	0.0000	0.0000	0.0000	0.0000	0.0000	0.0000	0.1826	0.1265	0.0561	0.0723	0.0644	0.0079	0.1103	0.0621	0.0482	0.0000	0.0000	0.0000	0.0000	0.0000	0.0000	0.0000	0.0000	0.0000	5.7653	7.9316	0.8837	0.2064	0.0906	1.1456	9.4083	16.0554	0.8406	
10	55	0.0873	4	0	1	1	0	0	0	0	0	N	N	N	N	N	N	N	N	N	N	N	N	0.0000	0.0000	0.0000	0.0000	0.0000	0.0000	0.0000	0.0000	0.0000	0.0000	0.0000	0.0000	0.0000	0.0000	0.0000	0.0000	0.0000	0.0000	0.0099	0.0132	0.0000	0.0166	0.0193	0.0000	0.0003	0.0005	0.0000	0.0005	0.0000	-0.0006	0.0010	0.0041	6.5746	6.2745	0.0000	0.0000	0.0000	0.0000	0.0000	0.0000	0.0000	0.0000	0.0000	0.0012	0.0012	0.0000	0.0011	0.0011	0.0000	0.0000	0.0000	0.0000	0.0000	0.0000	0.0000	0.0000	0.0000	0.0000	0.0000	0.0000	0.0000	0.1181	0.0884	0.0297	0.0694	0.0596	0.0097	0.0487	0.0288	0.0200	0.0000	0.0000	0.0000	0.0000	0.0000	0.0000	0.0000	0.0000	0.0000	0.0099	0.0132	0.0000	0.0166	0.0193	0.0000	0.0003	0.0005	0.0000	
10	56	0.1361	4	0	0	2	0	0	0	0	0	N	N	Y	N	N	N	N	N	N	N	N	N	0.0000	0.0000	0.0000	0.0000	0.0000	0.0000	0.0000	0.0000	0.0000	0.0000	0.0000	0.0000	0.0000	0.0000	0.0000	0.0122	0.0000	0.0319	0.0213	0.0000	0.1059	0.0073	0.0000	0.0151	inf	0.0000	0.0017	0.0010	18.9997	6.5746	4.0000	0.0000	0.0000	0.0000	0.0000	0.0000	0.0000	0.0000	0.0000	0.0000	0.0036	0.0000	0.0036	0.0022	0.0000	0.0022	0.0014	0.0000	0.0014	0.0004	0.0004	0.0000	0.0001	0.0001	0.0000	0.0003	0.0002	0.0000	0.2946	0.1819	0.1127	0.1036	0.0827	0.0209	0.1910	0.0991	0.0918	0.0000	0.0000	0.0000	0.0000	0.0000	0.0000	0.0000	0.0000	0.0000	0.0122	0.0000	0.0319	0.0213	0.0000	0.1059	0.0073	0.0000	0.0151				
10	57	0.0660	3	0	0	1	0	0	0	0	0	N	N	N	N	N	N	N	N	N	N	N	N	0.0000	0.0000	0.0000	0.0000	0.0000	0.0000	0.0000	0.0000	0.0000	0.0000	0.0000	0.0000	0.0000	0.0000	0.0000	0.0000	0.0000	0.0000	3.4502	4.6978	0.7259	0.1107	0.0366	0.6726	5.5232	9.2350	0.7348	0.0708	0.0000	-0.4876	0.0010	1.7961	6.5746	22.3138	0.0000	0.0000	0.0000	0.0000	0.0000	0.0000	0.0000	0.0000	0.0000	1.0717	1.0009	0.0708	0.0132	0.0038	0.0093	1.0586	0.9971	0.0615	0.0001	0.0000	0.0000	0.0000	0.0000	0.0000	0.0000	0.0000	0.0000	0.3106	0.2131	0.0976	0.1190	0.1051	0.0139	0.1917	0.1080	0.0837	0.0000	0.0000	0.0000	0.0000	0.0000	0.0000	0.0000	0.0000	0.0000	3.4502	4.6978	0.7259	0.1107	0.0366	0.6717	5.5232	9.2350	0.7348	
10	58	0.0869	5	1	1	1	0	0	0	0	0	N	N	N	N	N	N	N	N	N	N	N	N	0.0000	0.0000	0.0000	0.0000	0.0000	0.0000	0.0000	0.0000	0.0000	0.0000	0.0000	0.0000	0.0000	0.0000	0.0000	0.0000	0.0000	0.0000	0.0007	0.0009	0.0002	0.0016	0.0017	0.0007	0.0001	0.0000	0.0001	0.0921	0.0000	-0.0000	0.0010	0.9359	6.5746	8.5945	0.0000	0.0000	0.0000	0.0000	0.0000	0.0000	0.0000	0.0000	0.0000	0.0001	0.0001	0.0000	0.0001	0.0001	0.0000	0.0000	0.0000	0.0000	0.0000	0.0000	0.0000	0.0000	0.0000	0.0000	0.0000	0.0000	0.0000	0.1558	0.1125	0.0433	0.0669	0.0600	0.0069	0.0888	0.0524	0.0364	0.0000	0.0000	0.0000	0.0000	0.0000	0.0000	0.0000	0.0000	0.0000	0.0007	0.0009	0.0002	0.0016	0.0017	0.0007	0.0001	0.0000	0.0001	
10	59	0.0841	4	0	1	1	0	0	0	0	0	N	N	N	N	N	N	N	N	N	N	N	N	0.0000	0.0000	0.0000	0.0000	0.0000	0.0000	0.0000	0.0000	0.0000	0.0000	0.0000	0.0000	0.0000	0.0000	0.0000	0.0000	0.0000	0.0000	0.0031	0.0011	0.0086	0.0013	0.0012	0.0034	0.0044	0.0011	0.0093	2.5799	0.0000	0.0000	0.0010	0.1706	6.5746	1.8413	0.0000	0.0000	0.0000	0.0000	0.0000	0.0000	0.0000	0.0000	0.0000	0.0001	0.0000	0.0001	0.0000	0.0000	0.0000	0.0001	0.0000	0.0001	0.0000	0.0000	0.0000	0.0000	0.0000	0.0000	0.0000	0.0000	0.0000	0.0452	0.0336	0.0116	0.0203	0.0188	0.0015	0.0249	0.0148	0.0101	0.0000	0.0000	0.0000	0.0000	0.0000	0.0000	0.0000	0.0000	0.0000	0.0031	0.0011	0.0086	0.0013	0.0012	0.0034	0.0044	0.0011	0.0093	
10	60	0.0660	3	0	1	1	0	0	0	0	0	N	N	N	N	N	N	N	N	N	N	N	N	0.0000	0.0000	0.0000	0.0000	0.0000	0.0000	0.0000	0.0000	0.0000	0.0000	0.0000	0.0000	0.0000	0.0000	0.0000	0.0000	0.0000	0.0000	0.0024	0.0024	0.0023	0.0052	0.0046	0.0095	0.0005	0.0000	0.0012	0.4341	0.0000	-0.0001	0.0010	6.1830	6.5746	4.8458	0.0000	0.0000	0.0000	0.0000	0.0000	0.0000	0.0000	0.0000	0.0000	0.0004	0.0003	0.0001	0.0003	0.0003	0.0001	0.0001	0.0000	0.0001	0.0002	0.0001	0.0000	0.0001	0.0001	0.0000	0.0001	0.0001	0.0000	0.1664	0.1154	0.0510	0.0662	0.0590	0.0072	0.1002	0.0564	0.0438	0.0000	0.0000	0.0000	0.0000	0.0000	0.0000	0.0000	0.0000	0.0000	0.0024	0.0024	0.0023	0.0052	0.0046	0.0095	0.0005	0.0000	0.0012	
10	61	0.4591	10	0	0	1	0	0	0	0	0	N	N	N	N	N	N	N	N	N	N	N	N	0.0000	0.0000	0.0000	0.0000	0.0000	0.0000	0.0000	0.0000	0.0000	0.0000	0.0000	0.0000	0.0000	0.0000	0.0000	0.0000	0.0000	0.0000	3.6656	0.0392	10.8198	0.1223	0.0665	0.4636	6.6184	0.0001	13.2475	139.8113	0.0000	0.3929	0.0010	1.0140	6.5746	12.0537	0.0000	0.0000	0.0000	0.0000	0.0000	0.0000	0.0000	0.0000	0.0000	0.8327	0.0059	0.8268	0.0126	0.0059	0.0067	0.8201	0.0000	0.8201	0.0000	0.0000	0.0000	0.0000	0.0000	0.0000	0.0000	0.0000	0.0000	0.2272	0.1508	0.0764	0.1033	0.0888	0.0145	0.1239	0.0620	0.0619	0.0000	0.0000	0.0000	0.0000	0.0000	0.0000	0.0000	0.0000	0.0000	3.6656	0.0392	10.8198	0.1223	0.0665	0.4636	6.6184	0.0001	13.2475	
10	62	0.3832	7	0	0	1	0	0	0	0	0	N	N	N	N	N	N	N	N	N	N	N	N	0.3175	3.3273	0.0092	14.0852	37.8016	0.5689	0.0010	0.0038	0.0022	0.4266	0.4652	0.0370	1.1095	1.1338	0.2371	0.0025	0.0012	0.0110	1.3438	0.1398	4.0381	0.0788	0.0300	0.4168	2.5628	0.3194	4.9455	0.0079	12.9050	-0.0000	0.4831	0.0010	22.0948	6.5746	64.3951	0.0002	0.0002	0.0000	0.0002	0.0002	0.0000	0.0000	0.0000	0.0000	1.1869	0.0854	1.1016	0.0341	0.0114	0.0228	1.1528	0.0740	1.0788	0.0005	0.0004	0.0000	0.0002	0.0002	0.0000	0.0003	0.0003	0.0000	0.8833	0.6105	0.2728	0.4335	0.3788	0.0547	0.4498	0.2317	0.2181	0.3175	3.3273	0.0092	14.0852	37.8016	0.5689	0.0010	0.0038	0.0022	1.3438	0.1398	4.0381	0.0788	0.0300	0.4168	2.5628	0.3194	4.9455
10	63	0.1764	6	0	0	1	0	0	0	0	0	N	N	N	N	N	N	N	N	N	N	N	N	2.7675	2.4920	0.0731	3.2785	3.3568	0.0627	0.0148	0.0000	0.0649	0.0605	0.0703	0.0005	0.1321	0.1515	0.0007	0.0001	0.0000	0.0003	0.0218	0.0282	0.0067	0.0403	0.0451	0.0108	0.0035	0.0020	0.0053	0.0011	0.0987	-0.0000	-0.0042	0.0010	3.0638	6.5746	18.8214	0.0000	0.0000	0.0000	0.0000	0.0000	0.0000	0.0000	0.0000	0.0000	0.0098	0.0089	0.0009	0.0090	0.0087	0.0003	0.0008	0.0003	0.0005	0.0001	0.0001	0.0000	0.0000	0.0000	0.0000	0.0001	0.0000	0.0000	0.4484	0.3162	0.1322	0.2234	0.1919	0.0315	0.2250	0.1243	0.1006	2.7675	2.4920	0.0731	3.2785	3.3568	0.0627	0.0148	0.0000	0.0649	0.0218	0.0282	0.0067	0.0403	0.0451	0.0108	0.0035	0.0020	0.0053
10	64	0.0873	4	1	1	2	0	0	0	0	0	N	N	Y	N	N	N	N	N	N	N	N	N	0.0000	0.0000	0.0000	0.0000	0.0000	0.0000	0.0000	0.0000	0.0000	0.0000	0.0000	0.0000	0.0000	0.0000	0.0000	0.0000	0.0000	0.0000	5.2139	7.0626	0.0001	0.0342	0.0401	0.0001	12.2783	21.0870	0.0000	0.0000	0.0000	-0.4244	0.0010	1.0029	6.5746	8.4685	0.0000	0.0000	0.0000	0.0000	0.0000	0.0000	0.0000	0.0000	0.0000	0.8144	0.8144	0.0000	0.0031	0.0031	0.0000	0.8114	0.8114	0.0000	0.0000	0.0000	0.0000	0.0000	0.0000	0.0000	0.0000	0.0000	0.0000	0.1562	0.1153	0.0409	0.0901	0.0768	0.0133	0.0661	0.0385	0.0276	0.0000	0.0000	0.0000	0.0000	0.0000	0.0000	0.0000	0.0000	0.0000	5.2139	7.0626	0.0001	0.0342	0.0401	0.0001	12.2783	21.0870	0.0000	
10	65	0.0660	3	0	1	1	0	0	0	0	0	N	N	N	N	N	N	N	N	N	N	N	N	0.0000	0.0000	0.0000	0.0000	0.0000	0.0000	0.0000	0.0000	0.0000	0.0000	0.0000	0.0000	0.0000	0.0000	0.0000	0.0000	0.0000	0.0000	0.0339	0.0483	0.0010	0.0678	0.0757	0.0004	0.0111	0.0190	0.0010	0.0086	0.0000	-0.0023	0.0010	0.7961	6.5746	8.5878	0.0000	0.0000	0.0000	0.0000	0.0000	0.0000	0.0000	0.0000	0.0000	0.0045	0.0045	0.0000	0.0036	0.0036	0.0000	0.0009	0.0008	0.0000	0.0000	0.0000	0.0000	0.0000	0.0000	0.0000	0.0000	0.0000	0.0000	0.1326	0.0923	0.0403	0.0533	0.0477	0.0056	0.0793	0.0446	0.0347	0.0000	0.0000	0.0000	0.0000	0.0000	0.0000	0.0000	0.0000	0.0000	0.0339	0.0483	0.0010	0.0678	0.0757	0.0004	0.0111	0.0190	0.0010	
10	66	0.4591	10	0	1	1	0	0	0	0	0	N	N	N	N	N	N	N	N	N	N	N	N	0.0000	0.0000	0.0000	0.0000	0.0000	0.0000	0.0000	0.0000	0.0000	0.0000	0.0000	0.0000	0.0000	0.0000	0.0000	0.0000	0.0000	0.0000	4.4054	6.6381	0.0013	0.2814	0.3275	0.0012	7.8273	15.5957	0.0014	0.0001	0.0000	-0.5325	0.0010	1.0110	6.5746	12.5479	0.0000	0.0000	0.0000	0.0000	0.0000	0.0000	0.0000	0.0000	0.0000	1.0220	1.0219	0.0001	0.0296	0.0296	0.0000	0.9924	0.9924	0.0001	0.0000	0.0000	0.0000	0.0000	0.0000	0.0000	0.0000	0.0000	0.0000	0.2320	0.1540	0.0780	0.1052	0.0903	0.0149	0.1268	0.0636	0.0632	0.0000	0.0000	0.0000	0.0000	0.0000	0.0000	0.0000	0.0000	0.0000	4.4054	6.6381	0.0013	0.2814	0.3275	0.0012	7.8273	15.5957	0.0014	
10	67	0.4527	9	0	0	1	0	0	0	0	0	N	N	N	N	N	N	N	N	N	N	N	N	0.0000	0.0000	0.0000	0.0000	0.0000	0.0000	0.0000	0.0000	0.0000	0.0000	0.0000	0.0000	0.0000	0.0000	0.0000	0.0000	0.0000	0.0000	0.4783	0.3958	0.6456	0.4707	0.4877	0.2821	0.4860	0.1953	0.6977	0.8049	0.0000	-0.0045	0.0010	0.9784	6.5746	1.5217	0.0000	0.0000	0.0000	0.0000	0.0000	0.0000	0.0000	0.0000	0.0000	0.0595	0.0330	0.0265	0.0293	0.0279	0.0015	0.0302	0.0051	0.0251	0.0000	0.0000	0.0000	0.0000	0.0000	0.0000	0.0000	0.0000	0.0000	0.1244	0.0833	0.0411	0.0623	0.0571	0.0051	0.0622	0.0262	0.0360	0.0000	0.0000	0.0000	0.0000	0.0000	0.0000	0.0000	0.0000	0.0000	0.4783	0.3958	0.6456	0.4707	0.4877	0.2821	0.4860	0.1953	0.6977	
10	68	0.4225	8	0	0	1	0	0	0	0	0	N	N	N	N	N	N	N	N	N	N	N	N	0.0073	0.0000	0.0562	0.0169	0.0000	4.7371	0.0013	0.0000	0.0050	0.0021	0.0000	0.0211	0.0050	0.0000	0.5214	0.0003	0.0000	0.0023	0.2809	0.2341	0.3751	0.2943	0.3285	0.1101	0.2669	0.0612	0.4596	inf	0.7970	0.0000	-0.0047	0.0010	1.0531	6.5746	9.0748	0.0000	0.0000	0.0000	0.0000	0.0000	0.0000	0.0000	0.0000	0.0000	0.0608	0.0338	0.0270	0.0326	0.0307	0.0019	0.0282	0.0031	0.0250	0.0000	0.0000	0.0000	0.0000	0.0000	0.0000	0.0000	0.0000	0.0000	0.2164	0.1445	0.0719	0.1108	0.0934	0.0174	0.1055	0.0511	0.0545	0.0073	0.0000	0.0562	0.0169	0.0000	4.7371	0.0013	0.0000	0.0050	0.2809	0.2341	0.3751	0.2943	0.3285	0.1101	0.2669	0.0612	0.4596
10	69	0.0660	3	1	0	2	0	0	0	0	0	N	N	Y	N	N	N	N	N	N	N	N	N	0.0000	0.0000	0.0000	0.0000	0.0000	0.0000	0.0000	0.0000	0.0000	0.0000	0.0000	0.0000	0.0000	0.0003	0.0005	0.0000	0.0008	0.0009	0.0000	0.0000	0.0000	0.0000	0.0000	0.0000	-0.0000	0.0010	0.0000	6.5746	4.9600	0.0000	0.0000	0.0000	0.0000	0.0000	0.0000	0.0000	0.0000	0.0000	0.0000	0.0000	0.0000	0.0000	0.0000	0.0000	0.0000	0.0000	0.0000	0.0000	0.0000	0.0000	0.0000	0.0000	0.0000	0.0000	0.0000	0.0000	0.0853	0.0597	0.0256	0.0349	0.0315	0.0034	0.0504	0.0282	0.0221	0.0000	0.0000	0.0000	0.0000	0.0000	0.0000	0.0000	0.0000	0.0000	0.0003	0.0005	0.0000	0.0008	0.0009	0.0000	0.0000	0.0000	0.0000						
10	71	0.1223	7	0	0	2	0	0	0	0	0	N	N	Y	N	N	N	N	N	N	N	N	N	0.0000	0.0000	0.0000	0.0000	0.0000	0.0000	0.0000	0.0000	0.0000	0.0000	0.0000	0.0000	0.0000	0.0000	0.0000	0.0000	0.0000	0.0001	0.0001	0.0000	0.0019	0.0000	0.0000	0.0001	inf	0.0000	0.0000	0.0010	1.0000	6.5746	0.0055	0.0000	0.0000	0.0000	0.0000	0.0000	0.0000	0.0000	0.0000	0.0000	0.0000	0.0000	0.0000	0.0000	0.0000	0.0000	0.0000	0.0000	0.0000	0.0000	0.0000	0.0000	0.0000	0.0000	0.0000	0.0000	0.0000	0.0000	0.0138	0.0082	0.0055	0.0014	0.0014	0.0001	0.0124	0.0069	0.0055	0.0000	0.0000	0.0000	0.0000	0.0000	0.0000	0.0000	0.0000	0.0000	0.0000	0.0000	0.0001	0.0001	0.0000	0.0019	0.0000	0.0000	0.0001				
10	72	0.1156	6	0	0	2	0	0	0	0	0	N	N	Y	N	N	N	N	N	N	N	N	N	0.0000	0.0000	0.0000	0.0000	0.0000	0.0000	0.0000	0.0000	0.0000	0.0000	0.0000	0.0000	0.0000	0.0000	0.0000	0.0000	0.0000	0.0009	0.0001	0.0021	0.0009	0.0003	0.0225	0.0009	0.0000	0.0019	25.9324	0.0000	0.0000	0.0010	0.0000	6.5746	1.0265	0.0000	0.0000	0.0000	0.0000	0.0000	0.0000	0.0000	0.0000	0.0000	0.0000	0.0000	0.0000	0.0000	0.0000	0.0000	0.0000	0.0000	0.0000	0.0000	0.0000	0.0000	0.0000	0.0000	0.0000	0.0000	0.0000	0.0000	0.0150	0.0092	0.0058	0.0019	0.0018	0.0001	0.0131	0.0073	0.0058	0.0000	0.0000	0.0000	0.0000	0.0000	0.0000	0.0000	0.0000	0.0000	0.0009	0.0001	0.0021	0.0009	0.0003	0.0225	0.0009	0.0000	0.0019		
10	73	0.1102	5	0	0	1	0	0	0	0	0	N	N	N	N	N	N	N	N	N	N	N	N	0.0000	0.0000	0.0000	0.0000	0.0000	0.0000	0.0000	0.0000	0.0000	0.0000	0.0000	0.0000	0.0000	0.0000	0.0000	0.0000	0.0000	0.0000	0.0046	0.0002	0.0176	0.0008	0.0004	0.0035	0.0094	0.0000	0.0245	25.1970	0.0000	0.0001	0.0010	0.0000	6.5746	1.0321	0.0000	0.0000	0.0000	0.0000	0.0000	0.0000	0.0000	0.0000	0.0000	0.0003	0.0000	0.0003	0.0000	0.0000	0.0000	0.0003	0.0000	0.0003	0.0000	0.0000	0.0000	0.0000	0.0000	0.0000	0.0000	0.0000	0.0000	0.0708	0.0528	0.0180	0.0392	0.0333	0.0059	0.0316	0.0195	0.0121	0.0000	0.0000	0.0000	0.0000	0.0000	0.0000	0.0000	0.0000	0.0000	0.0046	0.0002	0.0176	0.0008	0.0004	0.0035	0.0094	0.0000	0.0245	
10	74	0.0874	4	0	0	1	0	0	0	0	0	N	N	N	N	N	N	N	N	N	N	N	N	0.0882	0.0996	0.1973	0.2978	0.1598	18.5609	0.0057	0.0000	0.0171	0.0032	0.0017	0.0174	0.0089	0.0044	0.9967	0.0002	0.0000	0.0016	0.0367	0.0169	0.0881	0.0300	0.0277	0.0537	0.0419	0.0032	0.0937	1.1295	1.9989	0.0000	0.0014	0.0010	0.5629	6.5746	8.5245	0.0000	0.0000	0.0000	0.0000	0.0000	0.0000	0.0000	0.0000	0.0000	0.0098	0.0033	0.0066	0.0036	0.0030	0.0006	0.0063	0.0003	0.0060	0.0000	0.0000	0.0000	0.0000	0.0000	0.0000	0.0000	0.0000	0.0000	0.2686	0.1941	0.0745	0.1190	0.1085	0.0105	0.1496	0.0856	0.0640	0.0882	0.0996	0.1973	0.2978	0.1598	18.5609	0.0057	0.0000	0.0171	0.0367	0.0169	0.0881	0.0300	0.0277	0.0537	0.0419	0.0032	0.0937
10	78	0.0862	4	1	0	2	0	0	0	0	0	N	N	Y	N	N	N	N	N	N	N	N	N	0.0000	0.0000	0.0000	0.0000	0.0000	0.0000	0.0000	0.0000	0.0000	0.0000	0.0000	0.0000	0.0000	0.0000	0.0000	0.0000	0.0000	0.0000	0.0000	0.0000	0.0000	0.0000	0.0001	0.0000	0.0000	0.0000	0.9651	0.0000	-0.0000	0.0010	1.6246	6.5746	0.0115	0.0000	0.0000	0.0000	0.0000	0.0000	0.0000	0.0000	0.0000	0.0000	0.0000	0.0000	0.0000	0.0000	0.0000	0.0000	0.0000	0.0000	0.0000	0.0000	0.0000	0.0000	0.0000	0.0000	0.0000	0.0000	0.0000	0.0000	0.0259	0.0183	0.0076	0.0109	0.0097	0.0012	0.0151	0.0086	0.0065	0.0000	0.0000	0.0000	0.0000	0.0000	0.0000	0.0000	0.0000	0.0000	0.0000	0.0000	0.0000	0.0000	0.0000	0.0001	0.0000	0.0000	0.0000		
10	79	0.0660	3	1	0	2	0	0	0	0	0	N	N	Y	N	N	N	N	N	N	N	N	N	0.0000	0.0000	0.0000	0.0000	0.0000	0.0000	0.0000	0.0000	0.0000	0.0000	0.0000	0.0000	0.0000	0.0000	0.0000	0.0000	0.0000	0.0012	0.0009	0.0020	0.0025	0.0017	0.0087	0.0004	0.0000	0.0009	1.0163	0.0000	-0.0000	0.0010	8.1927	6.5746	3.9952	0.0000	0.0000	0.0000	0.0000	0.0000	0.0000	0.0000	0.0000	0.0000	0.0002	0.0001	0.0001	0.0002	0.0001	0.0001	0.0000	0.0000	0.0000	0.0002	0.0002	0.0000	0.0001	0.0001	0.0000	0.0001	0.0001	0.0000	0.1809	0.1253	0.0556	0.0717	0.0638	0.0079	0.1093	0.0615	0.0477	0.0000	0.0000	0.0000	0.0000	0.0000	0.0000	0.0000	0.0000	0.0000	0.0012	0.0009	0.0020	0.0025	0.0017	0.0087	0.0004	0.0000	0.0009		
10	80	0.0660	3	0	1	1	1	0	0	0	0	N	N	N	N	N	N	N	N	N	N	N	N	0.0000	0.0000	0.0000	0.0000	0.0000	0.0000	0.0000	0.0000	0.0000	0.0000	0.0000	0.0000	0.0000	0.0000	0.0000	0.0000	0.0000	0.1014	0.0345	0.2497	0.0713	0.0688	0.0907	0.1206	0.0000	0.2761	3.2688	0.0000	0.0061	0.0010	0.7962	6.5746	19.0091	0.0000	0.0000	0.0000	0.0000	0.0000	0.0000	0.0000	0.0000	0.0000	0.0250	0.0059	0.0192	0.0068	0.0059	0.0010	0.0182	0.0000	0.0182	0.0000	0.0000	0.0000	0.0000	0.0000	0.0000	0.0000	0.0000	0.0000	0.2467	0.1700	0.0767	0.0960	0.0851	0.0109	0.1506	0.0849	0.0658	0.0000	0.0000	0.0000	0.0000	0.0000	0.0000	0.0000	0.0000	0.0000	0.1014	0.0345	0.2497	0.0713	0.0688	0.0907	0.1206	0.0000	0.2761		
10	81	0.0660	3	0	1	1	0	0	0	0	0	N	N	N	N	N	N	N	N	N	N	N	N	0.0000	0.0000	0.0000	0.0000	0.0000	0.0000	0.0000	0.0000	0.0000	0.0000	0.0000	0.0000	0.0000	0.0000	0.0000	0.0000	0.0000	0.0000	3.4962	4.7590	0.7359	0.1131	0.0382	0.6809	5.5998	9.3630	0.7451	0.0707	0.0000	-0.4877	0.0010	0.7962	6.5746	25.3140	0.0000	0.0000	0.0000	0.0000	0.0000	0.0000	0.0000	0.0000	0.0000	1.0718	1.0010	0.0708	0.0133	0.0040	0.0093	1.0586	0.9970	0.0615	0.0000	0.0000	0.0000	0.0000	0.0000	0.0000	0.0000	0.0000	0.0000	0.3066	0.2103	0.0962	0.1175	0.1039	0.0137	0.1890	0.1065	0.0825	0.0000	0.0000	0.0000	0.0000	0.0000	0.0000	0.0000	0.0000	0.0000	3.4962	4.7590	0.7359	0.1131	0.0382	0.6809	5.5998	9.3630	0.7451	
10	82	0.0660	3	0	1	1	0	0	0	0	0	N	N	N	N	N	N	N	N	N	N	N	N	0.0000	0.0000	0.0000	0.0000	0.0000	0.0000	0.0000	0.0000	0.0000	0.0000	0.0000	0.0000	0.0000	0.0000	0.0000	0.0000	0.0000	0.0000	6.2700	8.8412	0.6811	0.1073	0.0377	0.6306	10.0627	17.3304	0.6895	0.0354	0.0000	-1.0084	0.0010	1.7961	6.5746	27.0091	0.0000	0.0000	0.0000	0.0000	0.0000	0.0000	0.0000	0.0000	0.0000	2.0713	2.0004	0.0709	0.0135	0.0042	0.0093	2.0578	1.9962	0.0616	0.0000	0.0000	0.0000	0.0000	0.0000	0.0000	0.0000	0.0000	0.0000	0.3303	0.2263	0.1041	0.1259	0.1111	0.0148	0.2045	0.1152	0.0893	0.0000	0.0000	0.0000	0.0000	0.0000	0.0000	0.0000	0.0000	0.0000	6.2700	8.8412	0.6811	0.1073	0.0377	0.6306	10.0627	17.3304	0.6895	
10	83	0.1764	6	0	0	1	0	0	0	0	0	N	N	N	N	N	N	N	N	N	N	N	N	0.0159	0.0125	0.0090	0.9659	0.9177	0.0471	0.0000	0.0000	0.0044	0.0239	0.0269	0.0002	0.0586	0.0631	0.0005	0.0000	0.0000	0.0001	1.5001	2.1510	0.0266	0.0607	0.0688	0.0115	2.7080	4.8558	0.0307	0.0011	0.0055	-0.0000	-0.4471	0.0010	10.0679	6.5746	33.8159	0.0000	0.0000	0.0000	0.0000	0.0000	0.0000	0.0000	0.0000	0.0000	0.8671	0.8624	0.0047	0.0160	0.0156	0.0004	0.8511	0.8468	0.0043	0.0003	0.0002	0.0000	0.0001	0.0001	0.0000	0.0002	0.0001	0.0000	0.5781	0.4009	0.1771	0.2637	0.2265	0.0372	0.3143	0.1744	0.1399	0.0159	0.0125	0.0090	0.9659	0.9177	0.0471	0.0000	0.0000	0.0044	1.5001	2.1510	0.0266	0.0607	0.0688	0.0115	2.7080	4.8558	0.0307
10	84	0.1488	5	0	0	1	0	0	0	0	0	N	N	N	N	N	N	N	N	N	N	N	N	19.8561	22.0121	1.1118	35.9894	44.0964	2.3606	0.0329	0.0000	0.3027	1.3044	1.6380	0.0487	2.1966	2.8871	0.0639	0.0023	0.0000	0.0145	0.0657	0.0744	0.0438	0.0610	0.0655	0.0271	0.0701	0.0879	0.0479	0.0079	0.2341	-0.0000	-0.0088	0.0010	0.9441	6.5746	14.0836	0.0001	0.0001	0.0000	0.0001	0.0001	0.0000	0.0000	0.0000	0.0000	0.0266	0.0216	0.0051	0.0121	0.0114	0.0006	0.0146	0.0102	0.0044	0.0001	0.0001	0.0000	0.0000	0.0000	0.0000	0.0000	0.0000	0.0000	0.4055	0.2901	0.1154	0.1975	0.1746	0.0228	0.2081	0.1155	0.0926	19.8561	22.0121	1.1118	35.9894	44.0964	2.3606	0.0329	0.0000	0.3027	0.0657	0.0744	0.0438	0.0610	0.0655	0.0271	0.0701	0.0879	0.0479
10	85	0.4310	8	0	0	1	0	0	0	0	0	N	N	N	N	N	N	N	N	N	N	N	N	0.0034	0.0000	0.0136	0.1125	0.0000	1.9326	0.0006	0.0000	0.0025	0.0058	0.0000	0.0725	0.0116	0.0000	1.1546	0.0020	0.0000	0.0159	1.6802	0.0635	5.3146	0.1035	0.0369	0.5974	3.1004	0.1039	6.3714	inf	37.2483	0.0000	0.3907	0.0010	15.0008	6.5746	28.2980	0.0000	0.0000	0.0000	0.0000	0.0000	0.0000	0.0000	0.0000	0.0000	0.8628	0.0226	0.8402	0.0252	0.0079	0.0173	0.8376	0.0146	0.8230	0.0004	0.0003	0.0000	0.0001	0.0001	0.0000	0.0002	0.0002	0.0000	0.5135	0.3554	0.1581	0.2434	0.2144	0.0289	0.2702	0.1410	0.1292	0.0034	0.0000	0.0136	0.1125	0.0000	1.9326	0.0006	0.0000	0.0025	1.6802	0.0635	5.3146	0.1035	0.0369	0.5974	3.1004	0.1039	6.3714
10	86	0.4310	8	0	0	1	0	0	0	0	0	N	N	N	N	N	N	N	N	N	N	N	N	0.0483	0.0000	0.2942	0.0991	0.0000	1.7938	0.0161	0.0000	0.0795	0.0099	0.0000	0.1093	0.0195	0.0000	1.0905	0.0034	0.0000	0.0247	0.2049	0.1337	0.3716	0.1965	0.1401	0.6079	0.2136	0.1225	0.3106	inf	1.1855	0.0000	0.0021	0.0010	10.8154	6.5746	27.4443	0.0000	0.0000	0.0000	0.0000	0.0000	0.0000	0.0000	0.0000	0.0000	0.0968	0.0443	0.0525	0.0473	0.0297	0.0176	0.0495	0.0146	0.0349	0.0002	0.0002	0.0000	0.0001	0.0001	0.0000	0.0001	0.0001	0.0000	0.4726	0.3313	0.1414	0.2407	0.2117	0.0290	0.2319	0.1196	0.1124	0.0483	0.0000	0.2942	0.0991	0.0000	1.7938	0.0161	0.0000	0.0795	0.2049	0.1337	0.3716	0.1965	0.1401	0.6079	0.2136	0.1225	0.3106
10	87	0.3832	7	0	0	1	0	0	0	0	0	N	N	N	N	N	N	N	N	N	N	N	N	0.1847	0.0833	0.6248	0.5350	0.2145	2.5363	0.0265	0.0001	0.1287	0.0628	0.0216	0.3353	0.1190	0.0438	0.8864	0.0130	0.0000	0.0767	0.3399	0.2596	0.5367	0.2225	0.2044	0.3495	0.4890	0.3822	0.5960	2.3438	0.8438	0.0000	-0.0174	0.0010	2.7608	6.5746	22.4044	0.0000	0.0000	0.0000	0.0000	0.0000	0.0000	0.0000	0.0000	0.0000	0.2742	0.1487	0.1255	0.1004	0.0807	0.0196	0.1738	0.0680	0.1058	0.0001	0.0001	0.0000	0.0001	0.0000	0.0000	0.0001	0.0001	0.0000	0.8066	0.5728	0.2338	0.4512	0.3950	0.0562	0.3554	0.1778	0.1776	0.1847	0.0833	0.6248	0.5350	0.2145	2.5363	0.0265	0.0001	0.1287	0.3399	0.2596	0.5367	0.2225	0.2044	0.3495	0.4890	0.3822	0.5960
10	88	0.2534	6	0	0	1	0	0	0	0	0	N	N	N	N	N	N	N	N	N	N	N	N	0.0227	0.0118	0.0920	0.4677	0.2063	4.3936	0.0012	0.0000	0.0096	0.0537	0.0238	0.2876	0.1234	0.0554	1.0112	0.0052	0.0000	0.0364	2.3605	2.0148	3.1254	0.2638	0.2685	0.2302	4.3131	4.7932	3.8066	1.5423	0.7009	0.0000	-0.1976	0.0010	8.8820	6.5746	49.9570	0.0000	0.0000	0.0000	0.0000	0.0000	0.0000	0.0000	0.0000	0.0000	1.8131	1.0659	0.7471	0.0977	0.0872	0.0105	1.7154	0.9787	0.7367	0.0002	0.0002	0.0000	0.0001	0.0001	0.0000	0.0001	0.0001	0.0000	0.7681	0.5290	0.2391	0.3704	0.3249	0.0455	0.3977	0.2042	0.1935	0.0227	0.0118	0.0920	0.4677	0.2063	4.3936	0.0012	0.0000	0.0096	2.3605	2.0148	3.1254	0.2638	0.2685	0.2302	4.3131	4.7932	3.8066
10	89	0.0660	3	1	1	1	1	0	0	0	0	N	N	N	N	N	N	N	N	N	N	N	N	0.0000	0.0000	0.0000	0.0000	0.0000	0.0000	0.0000	0.0000	0.0000	0.0000	0.0000	0.0000	0.0000	0.0000	0.0000	0.0000	0.0000	0.0000	4.6443	6.4435	0.6350	0.1349	0.0459	0.9819	7.5455	12.9281	0.6015	0.0442	0.0000	-0.5013	0.0010	0.7962	6.5746	16.9291	0.0000	0.0000	0.0000	0.0000	0.0000	0.0000	0.0000	0.0000	0.0000	1.0472	1.0029	0.0444	0.0119	0.0036	0.0083	1.0353	0.9993	0.0360	0.0000	0.0000	0.0000	0.0000	0.0000	0.0000	0.0000	0.0000	0.0000	0.2255	0.1556	0.0698	0.0883	0.0783	0.0099	0.1372	0.0773	0.0599	0.0000	0.0000	0.0000	0.0000	0.0000	0.0000	0.0000	0.0000	0.0000	4.6443	6.4435	0.6350	0.1349	0.0459	0.8369	7.5455	12.9281	0.6015	
10	90	0.1381	8	0	1	1	1	0	0	0	0	N	N	N	N	N	N	N	N	N	N	N	N	0.0000	0.0000	0.0000	0.0000	0.0000	0.0000	0.0000	0.0000	0.0000	0.0000	0.0000	0.0000	0.0000	0.0000	0.0000	0.0000	0.0000	0.0000	0.0000	0.0000	0.0010	0.0000	6.5746	0.0000	0.0000	0.0000	0.0000	0.0000	0.0000	0.0000	0.0000	0.0000	0.0000	0.0000	0.0000	0.0000	0.0000	0.0000	0.0000	0.0000	0.0000	0.0000	0.0000	0.0000	0.0000	0.0000	0.0000	0.0000	0.0000	0.0000	0.0000	0.0000	0.0000	0.0000	0.0000	0.0000	0.0000	0.0000	0.0000	0.0000	0.0000	0.0000	0.0000	0.0000	0.0000	0.0000	0.0000	0.0000	0.0000	0.0000	0.0000	0.0000	0.0000	0.0000	0.0000	0.0000	0.0000	0.0000											
10	91	0.1273	7	0	1	1	1	0	0	0	0	N	N	N	N	N	N	N	N	N	N	N	N	0.0000	0.0000	0.0000	0.0000	0.0000	0.0000	0.0000	0.0000	0.0000	0.0000	0.0000	0.0000	0.0000	0.0005	0.0007	0.0000	0.0013	0.0015	0.0000	0.0000	0.0000	0.0000	0.0000	0.0000	-0.0000	0.0010	1.0000	6.5746	3.0000	0.0000	0.0000	0.0000	0.0000	0.0000	0.0000	0.0000	0.0000	0.0000	0.0000	0.0000	0.0000	0.0000	0.0000	0.0000	0.0000	0.0000	0.0000	0.0000	0.0000	0.0000	0.0000	0.0000	0.0000	0.0000	0.0000	0.0000	0.0585	0.0416	0.0169	0.0229	0.0207	0.0023	0.0356	0.0209	0.0146	0.0000	0.0000	0.0000	0.0000	0.0000	0.0000	0.0000	0.0000	0.0000	0.0005	0.0007	0.0000	0.0013	0.0015	0.0000	0.0000	0.0000	0.0000						
10	92	0.1208	5	0	1	1	0	0	0	0	0	N	N	N	N	N	N	N	N	N	N	N	N	0.0000	0.0000	0.0000	0.0000	0.0000	0.0000	0.0000	0.0000	0.0000	0.0000	0.0000	0.0000	0.0000	0.0000	0.0000	0.0000	0.0000	0.0000	0.0000	0.0000	0.0010	0.0000	6.5746	0.0000	0.0000	0.0000	0.0000	0.0000	0.0000	0.0000	0.0000	0.0000	0.0000	0.0000	0.0000	0.0000	0.0000	0.0000	0.0000	0.0000	0.0000	0.0000	0.0000	0.0000	0.0000	0.0000	0.0000	0.0000	0.0000	0.0000	0.0000	0.0000	0.0000	0.0000	0.0000	0.0000	0.0000	0.0000	0.0000	0.0000	0.0000	0.0000	0.0000	0.0000	0.0000	0.0000	0.0000	0.0000	0.0000	0.0000	0.0000	0.0000	0.0000	0.0000	0.0000	0.0000	0.0000	0.0000											
10	93	0.1273	7	0	0	2	1	0	0	0	0	N	N	Y	N	N	N	N	N	N	N	N	N	0.0000	0.0000	0.0000	0.0000	0.0000	0.0000	0.0000	0.0000	0.0000	0.0000	0.0000	0.0000	0.0000	0.0000	0.0000	0.0000	0.0000	0.0000	0.0000	0.0000	0.0010	0.0000	6.5746	0.0000	0.0000	0.0000	0.0000	0.0000	0.0000	0.0000	0.0000	0.0000	0.0000	0.0000	0.0000	0.0000	0.0000	0.0000	0.0000	0.0000	0.0000	0.0000	0.0000	0.0000	0.0000	0.0000	0.0000	0.0000	0.0000	0.0000	0.0000	0.0000	0.0000	0.0000	0.0000	0.0000	0.0000	0.0000	0.0000	0.0000	0.0000	0.0000	0.0000	0.0000	0.0000	0.0000	0.0000	0.0000	0.0000	0.0000	0.0000	0.0000	0.0000	0.0000	0.0000	0.0000	0.0000	0.0000											
10	94	0.1247	6	0	0	1	1	0	0	0	0	N	N	N	N	N	N	N	N	N	N	N	N	0.0000	0.0000	0.0000	0.0000	0.0000	0.0000	0.0000	0.0000	0.0000	0.0000	0.0000	0.0000	0.0000	0.0000	0.0000	0.0000	0.0000	0.0000	0.0000	0.0000	0.0010	1.0000	6.5746	0.0097	0.0000	0.0000	0.0000	0.0000	0.0000	0.0000	0.0000	0.0000	0.0000	0.0000	0.0000	0.0000	0.0000	0.0000	0.0000	0.0000	0.0000	0.0000	0.0000	0.0000	0.0000	0.0000	0.0000	0.0000	0.0000	0.0000	0.0000	0.0158	0.0111	0.0047	0.0063	0.0057	0.0006	0.0095	0.0055	0.0041	0.0000	0.0000	0.0000	0.0000	0.0000	0.0000	0.0000	0.0000	0.0000	0.0000	0.0000	0.0000	0.0000	0.0000	0.0000	0.0000	0.0000	0.0000											
10	95	0.1247	6	0	0	2	1	0	0	0	0	N	N	Y	N	N	N	N	N	N	N	N	N	0.0000	0.0000	0.0000	0.0000	0.0000	0.0000	0.0000	0.0000	0.0000	0.0000	0.0000	0.0000	0.0000	0.0003	0.0004	0.0000	0.0007	0.0008	0.0000	0.0000	0.0000	0.0000	0.0000	0.0000	-0.0000	0.0010	2.0000	6.5746	3.0050	0.0000	0.0000	0.0000	0.0000	0.0000	0.0000	0.0000	0.0000	0.0000	0.0000	0.0000	0.0000	0.0000	0.0000	0.0000	0.0000	0.0000	0.0000	0.0001	0.0001	0.0000	0.0000	0.0000	0.0000	0.0000	0.0000	0.0000	0.0730	0.0518	0.0212	0.0286	0.0258	0.0028	0.0444	0.0260	0.0184	0.0000	0.0000	0.0000	0.0000	0.0000	0.0000	0.0000	0.0000	0.0000	0.0003	0.0004	0.0000	0.0007	0.0008	0.0000	0.0000	0.0000	0.0000						
10	96	0.1247	6	0	0	2	1	0	0	0	0	N	N	Y	N	N	N	N	N	N	N	N	N	0.0000	0.0000	0.0000	0.0000	0.0000	0.0000	0.0000	0.0000	0.0000	0.0000	0.0000	0.0000	0.0000	0.0000	0.0000	0.0000	0.0000	0.0000	0.0000	0.0000	0.0010	0.0000	6.5746	6.9903	0.0000	0.0000	0.0000	0.0000	0.0000	0.0000	0.0000	0.0000	0.0000	0.0000	0.0000	0.0000	0.0000	0.0000	0.0000	0.0000	0.0000	0.0000	0.0000	0.0000	0.0000	0.0000	0.0000	0.0000	0.0000	0.0000	0.0000	0.0997	0.0707	0.0290	0.0390	0.0351	0.0039	0.0607	0.0356	0.0251	0.0000	0.0000	0.0000	0.0000	0.0000	0.0000	0.0000	0.0000	0.0000	0.0000	0.0000	0.0000	0.0000	0.0000	0.0000	0.0000	0.0000	0.0000											
10	97	0.1191	5	0	0	1	1	0	0	0	0	N	N	N	N	N	N	N	N	N	N	N	N	0.0000	0.0000	0.0000	0.0000	0.0000	0.0000	0.0000	0.0000	0.0000	0.0000	0.0000	0.0000	0.0000	0.0000	0.0000	0.0000	0.0000	0.0000	0.0055	0.0076	0.0002	0.0138	0.0151	0.0008	0.0000	0.0000	0.0001	0.0099	0.0000	-0.0001	0.0010	0.9999	6.5746	1.0605	0.0000	0.0000	0.0000	0.0000	0.0000	0.0000	0.0000	0.0000	0.0000	0.0002	0.0002	0.0000	0.0002	0.0002	0.0000	0.0000	0.0000	0.0000	0.0000	0.0000	0.0000	0.0000	0.0000	0.0000	0.0000	0.0000	0.0000	0.0330	0.0237	0.0093	0.0131	0.0119	0.0012	0.0199	0.0118	0.0081	0.0000	0.0000	0.0000	0.0000	0.0000	0.0000	0.0000	0.0000	0.0000	0.0055	0.0076	0.0002	0.0138	0.0151	0.0008	0.0000	0.0000	0.0001	
10	98	0.1170	4	0	0	1	1	0	0	0	0	N	N	N	N	N	N	N	N	N	N	N	N	0.0000	0.0000	0.0000	0.0000	0.0000	0.0000	0.0000	0.0000	0.0000	0.0000	0.0000	0.0000	0.0000	0.0000	0.0000	0.0000	0.0000	0.0000	0.0107	0.0136	0.0031	0.0010	0.0003	0.0095	0.0173	0.0275	0.0022	0.0858	0.0000	-0.0001	0.0010	0.0012	6.5746	1.0414	0.0000	0.0000	0.0000	0.0000	0.0000	0.0000	0.0000	0.0000	0.0000	0.0002	0.0002	0.0000	0.0000	0.0000	0.0000	0.0002	0.0002	0.0000	0.0000	0.0000	0.0000	0.0000	0.0000	0.0000	0.0000	0.0000	0.0000	0.0184	0.0134	0.0050	0.0074	0.0068	0.0006	0.0110	0.0065	0.0044	0.0000	0.0000	0.0000	0.0000	0.0000	0.0000	0.0000	0.0000	0.0000	0.0107	0.0136	0.0031	0.0010	0.0003	0.0095	0.0173	0.0275	0.0022	
10	99	0.0660	3	1	1	1	0	0	0	0	0	N	N	N	N	N	N	N	N	N	N	N	N	0.0000	0.0000	0.0000	0.0000	0.0000	0.0000	0.0000	0.0000	0.0000	0.0000	0.0000	0.0000	0.0000	0.0000	0.0000	0.0000	0.0000	0.2432	0.0005	0.7898	0.1165	0.0011	1.3626	0.3261	0.0000	0.7465	638.8112	0.0000	0.0213	0.0010	3.2042	6.5746	9.0918	0.0000	0.0000	0.0000	0.0000	0.0000	0.0000	0.0000	0.0000	0.0000	0.0445	0.0001	0.0445	0.0084	0.0001	0.0084	0.0361	0.0000	0.0361	0.0001	0.0001	0.0000	0.0000	0.0000	0.0000	0.0001	0.0001	0.0000	0.1831	0.1268	0.0563	0.0725	0.0645	0.0080	0.1106	0.0623	0.0483	0.0000	0.0000	0.0000	0.0000	0.0000	0.0000	0.0000	0.0000	0.0000	0.2432	0.0005	0.7898	0.1165	0.0011	1.0526	0.3261	0.0000	0.7465		
10	100	0.0660	3	0	1	1	0	0	0	0	0	N	N	N	N	N	N	N	N	N	N	N	N	0.0000	0.0000	0.0000	0.0000	0.0000	0.0000	0.0000	0.0000	0.0000	0.0000	0.0000	0.0000	0.0000	0.0000	0.0000	0.0000	0.0000	0.3014	0.0334	0.9091	0.1887	0.0652	1.7238	0.3760	0.0000	0.8602	12.0058	0.0000	0.0194	0.0010	0.7962	6.5746	10.9291	0.0000	0.0000	0.0000	0.0000	0.0000	0.0000	0.0000	0.0000	0.0000	0.0482	0.0037	0.0445	0.0120	0.0037	0.0083	0.0362	0.0000	0.0362	0.0000	0.0000	0.0000	0.0000	0.0000	0.0000	0.0000	0.0000	0.0000	0.1600	0.1111	0.0490	0.0638	0.0569	0.0069	0.0963	0.0542	0.0421	0.0000	0.0000	0.0000	0.0000	0.0000	0.0000	0.0000	0.0000	0.0000	0.3014	0.0334	0.9091	0.1887	0.0652	1.2080	0.3760	0.0000	0.8602		
10	101	0.1239	6	1	1	1	0	0	0	0	0	N	N	N	N	N	N	N	N	N	N	N	N	0.0000	0.0000	0.0000	0.0000	0.0000	0.0000	0.0000	0.0000	0.0000	0.0000	0.0000	0.0000	0.0000	0.0069	0.0097	0.0000	0.0177	0.0196	0.0000	0.0000	0.0000	0.0000	0.0000	0.0000	-0.0002	0.0010	0.0000	6.5746	3.0000	0.0000	0.0000	0.0000	0.0000	0.0000	0.0000	0.0000	0.0000	0.0000	0.0003	0.0003	0.0000	0.0003	0.0003	0.0000	0.0000	0.0000	0.0000	0.0000	0.0000	0.0000	0.0000	0.0000	0.0000	0.0000	0.0000	0.0000	0.0436	0.0310	0.0126	0.0170	0.0153	0.0017	0.0266	0.0157	0.0109	0.0000	0.0000	0.0000	0.0000	0.0000	0.0000	0.0000	0.0000	0.0000	0.0069	0.0097	0.0000	0.0177	0.0196	0.0000	0.0000	0.0000	0.0000						
10	102	0.1208	5	1	1	1	0	0	0	0	0	N	N	N	N	N	N	N	N	N	N	N	N	0.0000	0.0000	0.0000	0.0000	0.0000	0.0000	0.0000	0.0000	0.0000	0.0000	0.0000	0.0000	0.0000	0.0000	0.0000	0.0000	0.0000	0.0000	0.0000	0.0000	0.0010	0.0000	6.5746	1.0000	0.0000	0.0000	0.0000	0.0000	0.0000	0.0000	0.0000	0.0000	0.0000	0.0000	0.0000	0.0000	0.0000	0.0000	0.0000	0.0000	0.0000	0.0000	0.0000	0.0000	0.0000	0.0000	0.0000	0.0000	0.0000	0.0000	0.0000	0.0151	0.0107	0.0044	0.0059	0.0053	0.0006	0.0092	0.0054	0.0038	0.0000	0.0000	0.0000	0.0000	0.0000	0.0000	0.0000	0.0000	0.0000	0.0000	0.0000	0.0000	0.0000	0.0000	0.0000	0.0000	0.0000	0.0000											
10	103	0.1170	4	0	1	1	0	0	0	0	0	N	N	N	N	N	N	N	N	N	N	N	N	0.0000	0.0000	0.0000	0.0000	0.0000	0.0000	0.0000	0.0000	0.0000	0.0000	0.0000	0.0000	0.0000	0.0000	0.0000	0.0000	0.0000	0.0008	0.0000	0.0031	0.0008	0.0000	0.0094	0.0009	0.0000	0.0022	113.2498	0.0000	0.0000	0.0010	0.0006	6.5746	1.0534	0.0000	0.0000	0.0000	0.0000	0.0000	0.0000	0.0000	0.0000	0.0000	0.0000	0.0000	0.0000	0.0000	0.0000	0.0000	0.0000	0.0000	0.0000	0.0000	0.0000	0.0000	0.0000	0.0000	0.0000	0.0000	0.0000	0.0000	0.0186	0.0135	0.0051	0.0075	0.0069	0.0006	0.0111	0.0066	0.0045	0.0000	0.0000	0.0000	0.0000	0.0000	0.0000	0.0000	0.0000	0.0000	0.0008	0.0000	0.0031	0.0008	0.0000	0.0094	0.0009	0.0000	0.0022		
10	104	0.0660	3	0	0	1	0	0	0	0	0	N	N	N	N	N	N	N	N	N	N	N	N	0.0000	0.0000	0.0000	0.0000	0.0000	0.0000	0.0000	0.0000	0.0000	0.0000	0.0000	0.0000	0.0000	0.0000	0.0000	0.0000	0.0000	0.0000	0.1853	0.0003	0.5963	0.0899	0.0005	0.9057	0.2464	0.0000	0.5642	1018.0461	0.0000	0.0213	0.0010	7.2034	6.5746	9.9858	0.0000	0.0000	0.0000	0.0000	0.0000	0.0000	0.0000	0.0000	0.0000	0.0445	0.0000	0.0444	0.0084	0.0000	0.0084	0.0361	0.0000	0.0361	0.0002	0.0002	0.0000	0.0001	0.0001	0.0000	0.0001	0.0001	0.0000	0.2400	0.1655	0.0745	0.0936	0.0830	0.0106	0.1464	0.0825	0.0639	0.0000	0.0000	0.0000	0.0000	0.0000	0.0000	0.0000	0.0000	0.0000	0.1853	0.0003	0.5963	0.0899	0.0005	0.7897	0.2464	0.0000	0.5642	
10	109	0.3357	7	0	0	1	0	0	0	0	0	N	N	N	N	N	N	N	N	N	N	N	N	0.3874	7.5611	0.0002	15.1599	17.8504	0.0112	0.0000	0.0000	0.0001	0.4634	0.5253	0.0006	1.1041	1.2055	0.0012	0.0000	0.0000	0.0003	1.1962	0.0695	3.6476	0.0728	0.0675	0.1060	2.3900	0.0730	4.6796	0.0001	24.1334	-0.0000	0.3301	0.0010	7.7801	6.5746	32.2209	0.0001	0.0001	0.0000	0.0001	0.0001	0.0000	0.0000	0.0000	0.0000	0.7518	0.0299	0.7219	0.0236	0.0189	0.0047	0.7282	0.0111	0.7172	0.0002	0.0002	0.0000	0.0001	0.0001	0.0000	0.0001	0.0001	0.0000	0.6285	0.4306	0.1979	0.3238	0.2791	0.0447	0.3047	0.1514	0.1533	0.3874	7.5611	0.0002	15.1599	17.8504	0.0112	0.0000	0.0000	0.0001	1.1962	0.0695	3.6476	0.0728	0.0675	0.1060	2.3900	0.0730	4.6796
11	12	0.0664	3	1	2	0	0	0	0	0	0	N	Y	N	N	N	N	N	N	N	N	N	N	0.0000	0.0000	0.0000	0.0000	0.0000	0.0000	0.0000	0.0000	0.0000	0.0000	0.0000	0.0000	0.0000	0.0000	0.0000	0.0000	0.0151	0.0043	0.0367	0.0109	0.0110	0.0000	0.0166	0.0000	0.0371	4.2721	0.0000	0.0003	0.7962	0.0000	11.9291	1.2577	0.0000	0.0000	0.0000	0.0000	0.0000	0.0000	0.0000	0.0000	0.0000	0.0011	0.0002	0.0009	0.0002	0.0002	0.0000	0.0009	0.0000	0.0009	0.0000	0.0000	0.0000	0.0000	0.0000	0.0000	0.0000	0.0000	0.0000	0.0700	0.0467	0.0233	0.0184	0.0182	0.0002	0.0516	0.0286	0.0230	0.0000	0.0000	0.0000	0.0000	0.0000	0.0000	0.0000	0.0000	0.0000	0.0151	0.0043	0.0367	0.0109	0.0110	0.0000	0.0166	0.0000	0.0371			
11	13	0.1042	4	1	1	0	1	0	0	0	0	N	N	N	N	N	N	N	N	N	N	N	N	0.0000	0.0000	0.0000	0.0000	0.0000	0.0000	0.0000	0.0000	0.0000	0.0000	0.0000	0.0000	0.0000	0.0000	0.0000	0.0000	0.0000	0.0000	0.0000	0.0000	0.7962	0.0000	11.9291	1.9950	0.0000	0.0000	0.0000	0.0000	0.0000	0.0000	0.0000	0.0000	0.0000	0.0000	0.0000	0.0000	0.0000	0.0000	0.0000	0.0000	0.0000	0.0000	0.0000	0.0000	0.0000	0.0000	0.0000	0.0000	0.0000	0.0000	0.0000	0.0528	0.0263	0.0264	0.0063	0.0055	0.0009	0.0464	0.0209	0.0256	0.0000	0.0000	0.0000	0.0000	0.0000	0.0000	0.0000	0.0000	0.0000	0.0000	0.0000	0.0000	0.0000	0.0000	0.0000	0.0000	0.0000	0.0000											
11	14	0.4705	8	1	2	0	1	0	0	0	0	N	Y	N	N	N	N	N	N	N	N	N	N	0.0350	0.0000	0.1272	0.1112	0.0000	1.1618	0.0000	0.0000	0.0010	0.0000	0.0107	0.0036	0.0000	0.2411	0.0000	0.0000	0.0000	0.0281	0.0007	0.0840	0.0327	0.0011	0.2075	0.0237	0.0000	0.0483	inf	60.1688	0.0001	0.0067	0.7962	3.8100	11.9291	14.0319	0.0001	0.0000	0.0001	0.0001	0.0000	0.0001	0.0000	0.0000	0.0000	0.0145	0.0002	0.0142	0.0081	0.0002	0.0079	0.0063	0.0000	0.0063	0.0759	0.0689	0.0070	0.0205	0.0202	0.0003	0.0554	0.0487	0.0067	0.5154	0.3461	0.1693	0.2479	0.2100	0.0379	0.2675	0.1361	0.1314	0.0350	0.0000	0.1272	0.1112	0.0000	1.1618	0.0000	0.0000	0.0000	0.0281	0.0007	0.0840	0.0327	0.0011	0.2075	0.0237	0.0000	0.0483	
11	15	0.0805	2	1	2	0	0	0	0	0	0	N	Y	N	N	N	N	N	N	N	N	N	N	0.0006	0.0004	0.0000	0.0002	0.0002	0.0000	0.0000	0.0000	0.0000	0.0020	0.0021	0.0000	0.0038	0.0040	0.0000	0.0000	0.0000	0.0000	3.1828	6.0460	0.0109	16.3240	19.6647	0.0033	0.2701	0.5761	0.0114	0.0000	0.0016	-0.0000	-0.3236	0.7962	2.5826	11.9291	3.6028	0.0003	0.0003	0.0000	0.0003	0.0003	0.0000	0.0000	0.0000	0.0000	0.6230	0.6219	0.0010	0.5797	0.5797	0.0000	0.0433	0.0423	0.0010	0.1323	0.1238	0.0085	0.0693	0.0659	0.0034	0.0631	0.0580	0.0051	0.1957	0.1029	0.0929	0.0355	0.0295	0.0060	0.1602	0.0734	0.0868	0.0006	0.0004	0.0000	0.0002	0.0002	0.0000	0.0000	0.0000	0.0000	3.1828	6.0460	0.0109	16.3240	19.6647	0.0033	0.2701	0.5761	0.0114
11	16	0.1176	6	1	2	0	1	0	0	0	0	N	Y	N	N	N	N	N	N	N	N	N	N	0.0000	0.0000	0.0000	0.0000	0.0000	0.0000	0.0000	0.0000	0.0000	0.0000	0.0000	0.0000	0.0000	0.0000	0.0000	0.0000	0.0000	0.0000	0.0000	0.0000	0.7962	0.0000	11.9291	0.0000	0.0000	0.0000	0.0000	0.0000	0.0000	0.0000	0.0000	0.0000	0.0000	0.0000	0.0000	0.0000	0.0000	0.0000	0.0000	0.0000	0.0000	0.0000	0.0000	0.0000	0.0000	0.0000	0.0000	0.0000	0.0000	0.0000	0.0000	0.0000	0.0000	0.0000	0.0000	0.0000	0.0000	0.0000	0.0000	0.0000	0.0000	0.0000	0.0000	0.0000	0.0000	0.0000	0.0000	0.0000	0.0000	0.0000	0.0000	0.0000	0.0000	0.0000	0.0000	0.0000	0.0000	0.0000											
11	18	0.1241	2	1	1	0	1	0	0	0	0	N	N	N	N	N	N	N	N	N	N	N	N	0.0158	0.0000	0.2664	0.0180	0.0000	4.5421	0.0338	0.1306	0.0048	0.0000	0.0504	0.0094	0.0000	0.6782	0.0033	0.0000	0.0264	0.3061	0.3624	0.1891	0.5217	0.5947	0.1493	0.0972	0.0000	0.2022	inf	0.2511	0.0001	-0.0066	0.7962	0.9969	11.9291	1.0186	0.0001	0.0000	0.0001	0.0000	0.0000	0.0000	0.0000	0.0000	0.0000	0.0207	0.0165	0.0042	0.0173	0.0165	0.0008	0.0033	0.0000	0.0033	0.0203	0.0183	0.0020	0.0052	0.0051	0.0001	0.0151	0.0132	0.0019	0.0676	0.0456	0.0220	0.0332	0.0278	0.0055	0.0343	0.0178	0.0165	0.0158	0.0000	0.2664	0.0180	0.0000	4.5421	0.0338	0.0000	0.1306	0.3061	0.3624	0.1891	0.5217	0.5947	0.1493	0.0972	0.0000	0.2022	
11	19	0.0658	2	2	1	1	0	0	0	0	0	Y	N	N	N	N	N	N	N	N	N	N	N	0.0127	0.3494	0.0000	0.0349	0.0401	0.0000	0.0000	0.0000	0.0005	0.0005	0.0000	0.0007	0.0007	0.0000	0.0000	0.0000	0.0000	0.0376	0.0014	0.0726	0.0195	0.0176	0.0432	0.0384	0.0000	0.0728	0.0000	52.1229	-0.0000	0.0012	0.7962	0.3962	11.9291	2.0067	0.0000	0.0000	0.0000	0.0000	0.0000	0.0000	0.0000	0.0000	0.0000	0.0026	0.0000	0.0025	0.0001	0.0000	0.0000	0.0025	0.0000	0.0025	0.0358	0.0340	0.0017	0.0252	0.0243	0.0009	0.0106	0.0098	0.0008	0.0690	0.0339	0.0350	0.0030	0.0028	0.0002	0.0660	0.0312	0.0348	0.0127	0.3494	0.0000	0.0349	0.0401	0.0000	0.0000	0.0000	0.0000	0.0376	0.0014	0.0726	0.0195	0.0176	0.0432	0.0384	0.0000	0.0728	
11	20	0.0952	4	1	2	0	0	0	0	0	0	N	Y	N	N	N	N	N	N	N	N	N	N	0.0000	0.0000	0.0000	0.0000	0.0000	0.0000	0.0000	0.0000	0.0000	0.0000	0.0000	0.0000	0.0000	0.0000	0.0000	0.0000	0.0000	0.0000	0.0000	0.0000	0.7962	0.0000	11.9291	3.0021	0.0000	0.0000	0.0000	0.0000	0.0000	0.0000	0.0000	0.0000	0.0000	0.0000	0.0000	0.0000	0.0000	0.0000	0.0000	0.0000	0.0000	0.0000	0.0000	0.0000	0.0000	0.0000	0.0000	0.0000	0.0000	0.0000	0.0000	0.0407	0.0265	0.0142	0.0161	0.0140	0.0021	0.0246	0.0125	0.0121	0.0000	0.0000	0.0000	0.0000	0.0000	0.0000	0.0000	0.0000	0.0000	0.0000	0.0000	0.0000	0.0000	0.0000	0.0000	0.0000	0.0000	0.0000											
11	23	0.0898	3	1	2	0	0	0	0	0	0	N	Y	N	N	N	N	N	N	N	N	N	N	0.0000	0.0000	0.0000	0.0000	0.0000	0.0000	0.0000	0.0000	0.0000	0.0000	0.0000	0.0000	0.0000	0.0004	0.0006	0.0000	0.0008	0.0009	0.0000	0.0000	0.0000	0.0000	0.0000	0.0000	-0.0001	0.7962	0.0000	11.9291	4.0676	0.0000	0.0000	0.0000	0.0000	0.0000	0.0000	0.0000	0.0000	0.0000	0.0001	0.0001	0.0000	0.0001	0.0001	0.0000	0.0000	0.0000	0.0000	0.0175	0.0118	0.0057	0.0103	0.0089	0.0014	0.0072	0.0029	0.0043	0.3170	0.2074	0.1097	0.1433	0.1288	0.0145	0.1737	0.0785	0.0951	0.0000	0.0000	0.0000	0.0000	0.0000	0.0000	0.0000	0.0000	0.0000	0.0004	0.0006	0.0000	0.0008	0.0009	0.0000	0.0000	0.0000	0.0000						
11	25	0.0636	2	1	2	0	0	0	0	0	0	N	Y	N	N	N	N	N	N	N	N	N	N	0.0059	0.0034	0.0000	0.5574	0.6179	0.0000	0.0000	0.0000	0.0000	0.0242	0.0260	0.0000	0.0510	0.0525	0.0000	0.0000	0.0000	0.0000	4.1310	7.6753	0.2701	0.0915	0.0849	0.1959	4.5247	9.1233	0.2709	0.0000	0.0323	-0.0001	-0.5051	0.7962	1.0335	11.9291	7.4537	0.0013	0.0013	0.0000	0.0013	0.0013	0.0000	0.0000	0.0000	0.0000	1.0312	0.9990	0.0323	0.0020	0.0018	0.0003	1.0292	0.9972	0.0320	0.0530	0.0492	0.0038	0.0251	0.0244	0.0007	0.0278	0.0248	0.0031	0.2496	0.1302	0.1195	0.0222	0.0209	0.0013	0.2275	0.1093	0.1182	0.0059	0.0034	0.0000	0.5574	0.6179	0.0000	0.0000	0.0000	0.0000	4.1310	7.6753	0.2701	0.0915	0.0849	0.1959	4.5247	9.1233	0.2709
11	27	0.1362	2	1	2	1	1	0	0	0	0	N	Y	N	N	N	N	N	N	N	N	N	N	4.1457	2.6688	3.5091	3.1434	0.0011	0.0012	0.0000	0.0024	0.0024	0.0000	0.0000	0.0000	0.0000	0.0003	0.0004	0.0000	0.0007	0.0008	0.0000	0.0000	0.0000	0.0000	0.0000	0.0000	-0.0000	-0.0000	0.7962	1.9923	11.9291	5.5017	0.0001	0.0001	0.0000	0.0001	0.0001	0.0000	0.0000	0.0000	0.0000	0.0001	0.0001	0.0000	0.0001	0.0001	0.0000	0.0000	0.0000	0.0000	0.0930	0.0880	0.0050	0.0442	0.0431	0.0011	0.0488	0.0449	0.0038	0.2175	0.1325	0.0850	0.0875	0.0764	0.0111	0.1299	0.0561	0.0738	4.1457	2.6688	0.0000	3.5091	3.1434	0.0000	0.0000	0.0000	0.0000	0.0003	0.0004	0.0000	0.0007	0.0008	0.0000	0.0000	0.0000	0.0000					
11	29	0.1034	4	2	2	0	0	0	0	0	0	Y	Y	N	N	N	N	N	N	N	N	N	N	0.0000	0.0000	0.0000	0.0000	0.0000	0.0000	0.0000	0.0000	0.0000	0.0000	0.0000	0.0000	0.0000	0.0000	0.0000	0.0000	0.0000	0.0000	0.0000	0.0000	0.7962	0.0000	11.9291	0.0000	0.0000	0.0000	0.0000	0.0000	0.0000	0.0000	0.0000	0.0000	0.0000	0.0000	0.0000	0.0000	0.0000	0.0000	0.0000	0.0000	0.0000	0.0000	0.0000	0.0000	0.0000	0.0000	0.0000	0.0000	0.0000	0.0000	0.0000	0.0000	0.0000	0.0000	0.0000	0.0000	0.0000	0.0000	0.0000	0.0000	0.0000	0.0000	0.0000	0.0000	0.0000	0.0000	0.0000	0.0000	0.0000	0.0000	0.0000	0.0000	0.0000	0.0000	0.0000	0.0000	0.0000	0.0000											
11	32	0.4705	8	1	1	1	0	0	0	0	0	N	N	N	N	N	N	N	N	N	N	N	N	0.0368	0.0000	0.1316	0.1181	0.0000	1.0321	0.0000	0.0000	0.0015	0.0000	0.0160	0.0054	0.0000	0.3255	0.0000	0.0000	0.0000	0.0404	0.0010	0.1218	0.0459	0.0016	0.3153	0.0350	0.0000	0.0691	inf	60.1688	0.0001	0.0067	0.7962	2.4598	11.9291	7.4321	0.0001	0.0000	0.0001	0.0001	0.0000	0.0001	0.0000	0.0000	0.0000	0.0145	0.0002	0.0142	0.0081	0.0002	0.0079	0.0063	0.0000	0.0063	0.0502	0.0456	0.0047	0.0138	0.0135	0.0002	0.0365	0.0321	0.0044	0.3583	0.2415	0.1168	0.1769	0.1519	0.0250	0.1814	0.0896	0.0918	0.0368	0.0000	0.1316	0.1181	0.0000	1.0321	0.0000	0.0000	0.0000	0.0404	0.0010	0.1218	0.0459	0.0016	0.3153	0.0350	0.0000	0.0691	
11	33	0.4322	7	1	1	0	0	0	0	0	0	N	N	N	N	N	N	N	N	N	N	N	N	0.0218	0.0268	0.0147	0.0455	0.0524	0.1381	0.0000	0.0000	0.0000	0.0015	0.0015	0.0014	0.0057	0.0052	0.0396	0.0000	0.0000	0.0000	0.0678	0.0555	0.0923	0.1244	0.0999	0.2868	0.0258	0.0004	0.0532	0.0932	0.8290	-0.0000	-0.0018	0.7962	2.7943	11.9291	8.2643	0.0001	0.0001	0.0000	0.0001	0.0001	0.0000	0.0000	0.0000	0.0000	0.0272	0.0149	0.0123	0.0212	0.0148	0.0064	0.0060	0.0000	0.0059	0.0553	0.0501	0.0051	0.0144	0.0142	0.0002	0.0409	0.0359	0.0050	0.4017	0.2680	0.1336	0.1708	0.1484	0.0224	0.2309	0.1196	0.1113	0.0218	0.0268	0.0147	0.0455	0.0524	0.1381	0.0000	0.0000	0.0000	0.0678	0.0555	0.0923	0.1244	0.0999	0.2868	0.0258	0.0004	0.0532
11	34	0.1011	2	1	2	0	0	0	0	0	0	N	Y	N	N	N	N	N	N	N	N	N	N	1.9219	0.0000	5.1847	1.2194	0.0000	18.7177	3.6142	3.0347	0.7170	0.0000	2.0669	0.5527	0.0000	3.2257	0.9675	0.0000	1.5744	0.3730	0.3598	0.3987	0.4532	0.5271	0.1723	0.2677	0.0000	0.5188	inf	0.5740	0.0003	-0.0070	0.7962	0.0009	11.9291	2.4415	0.0003	0.0000	0.0003	0.0002	0.0000	0.0002	0.0002	0.0000	0.0002	0.0445	0.0283	0.0162	0.0307	0.0283	0.0024	0.0138	0.0000	0.0138	0.0005	0.0003	0.0002	0.0003	0.0002	0.0000	0.0002	0.0001	0.0001	0.1193	0.0786	0.0407	0.0677	0.0536	0.0141	0.0515	0.0249	0.0266	1.9219	0.0000	5.1847	1.2194	0.0000	18.7177	3.6142	0.0000	3.0347	0.3730	0.3598	0.3987	0.4532	0.5271	0.1723	0.2677	0.0000	0.5188	
11	36	0.1362	2	1	2	0	0	0	0	0	0	N	Y	N	N	N	N	N	N	N	N	N	N	253.8933	173.4832	152.7666	152.0594	0.0799	0.0893	0.0000	0.1188	0.1351	0.0000	0.0000	0.0000	0.0000	0.0003	0.0005	0.0000	0.0008	0.0009	0.0000	0.0000	0.0000	0.0000	0.0000	0.0000	-0.0000	-0.0000	0.7962	0.0123	11.9291	6.2120	0.0001	0.0001	0.0000	0.0001	0.0001	0.0000	0.0000	0.0000	0.0000	0.0001	0.0001	0.0000	0.0001	0.0001	0.0000	0.0000	0.0000	0.0000	0.0013	0.0012	0.0001	0.0009	0.0008	0.0001	0.0004	0.0004	0.0000	0.1867	0.1141	0.0725	0.0756	0.0661	0.0095	0.1111	0.0480	0.0631	253.8933	173.4832	0.0000	152.7666	152.0594	0.0000	0.0000	0.0000	0.0000	0.0003	0.0005	0.0000	0.0008	0.0009	0.0000	0.0000	0.0000	0.0000					
11	40	0.1011	2	1	1	1	0	0	0	0	0	N	N	N	N	N	N	N	N	N	N	N	N	0.0931	0.0000	0.1778	28.0015	0.0000	33.8239	0.0613	0.0000	0.0954	0.7170	0.0000	2.0669	0.5527	0.0000	3.2257	0.9675	0.0000	1.5744	7.7030	5.7155	11.6224	0.0197	0.0014	0.0954	15.7775	15.0977	16.4995	inf	1.0311	0.0003	-0.0267	0.7962	0.0009	11.9291	7.7842	0.0003	0.0000	0.0003	0.0002	0.0000	0.0002	0.0002	0.0000	0.0002	1.9882	0.9789	1.0093	0.0026	0.0001	0.0025	1.9856	0.9787	1.0069	0.0005	0.0003	0.0002	0.0003	0.0002	0.0000	0.0002	0.0001	0.0001	0.2581	0.1713	0.0868	0.1323	0.1064	0.0258	0.1258	0.0648	0.0610	0.0931	0.0000	0.1778	28.0015	0.0000	33.8239	0.0613	0.0000	0.0954	7.7030	5.7155	11.6224	0.0197	0.0014	0.0954	15.7775	15.0977	16.4995
11	42	0.1156	2	1	2	0	0	0	0	0	0	N	Y	N	N	N	N	N	N	N	N	N	N	0.3250	0.3901	4.9645	0.6768	0.0000	0.0000	0.6011	0.0000	2.9206	0.9340	0.0000	3.2696	0.0000	0.0000	0.0000	1.8494	0.0000	7.4865	0.1881	0.0000	4.8311	3.6304	0.0000	8.0604	inf	inf	0.0000	0.0001	0.7962	0.0003	11.9291	0.0002	0.0000	0.0000	0.0000	0.0000	0.0000	0.0000	0.0000	0.0000	0.0000	0.0002	0.0000	0.0002	0.0000	0.0000	0.0000	0.0002	0.0000	0.0002	0.0000	0.0000	0.0000	0.0000	0.0000	0.0000	0.0000	0.0000	0.0000	0.0001	0.0001	0.0000	0.0001	0.0000	0.0000	0.0000	0.0000	0.0000	0.3250	0.0000	0.3901	4.9645	0.0000	0.9965	0.0000	0.0000	0.0000	1.8494	0.0000	7.4865	0.1881	0.0000	3.2812	3.6304	0.0000	8.0604			
11	43	0.0716	2	2	2	1	0	0	0	0	0	Y	Y	N	N	N	N	N	N	N	N	N	N	0.0000	0.0000	0.0000	0.0000	0.0000	0.0000	0.0000	0.0000	0.0000	0.0000	0.0000	0.0000	0.0000	0.0000	0.0000	0.0000	0.0000	0.0000	0.0000	0.0000	0.7962	0.0000	11.9291	2.0000	0.0000	0.0000	0.0000	0.0000	0.0000	0.0000	0.0000	0.0000	0.0000	0.0000	0.0000	0.0000	0.0000	0.0000	0.0000	0.0000	0.0000	0.0000	0.0000	0.0000	0.0000	0.0000	0.0000	0.0000	0.0000	0.0000	0.0000	0.0609	0.0358	0.0251	0.0125	0.0097	0.0028	0.0484	0.0262	0.0223	0.0000	0.0000	0.0000	0.0000	0.0000	0.0000	0.0000	0.0000	0.0000	0.0000	0.0000	0.0000	0.0000	0.0000	0.0000	0.0000	0.0000	0.0000											
11	44	0.0716	2	2	2	1	0	0	0	0	0	Y	Y	N	N	N	N	N	N	N	N	N	N	0.0000	0.0000	0.0000	0.0000	0.0000	0.0000	0.0000	0.0000	0.0000	0.0000	0.0000	0.0000	0.0000	0.0000	0.0000	0.0000	0.0000	0.0000	0.0000	0.0000	0.7962	0.0000	11.9291	0.0000	0.0000	0.0000	0.0000	0.0000	0.0000	0.0000	0.0000	0.0000	0.0000	0.0000	0.0000	0.0000	0.0000	0.0000	0.0000	0.0000	0.0000	0.0000	0.0000	0.0000	0.0000	0.0000	0.0000	0.0000	0.0000	0.0000	0.0000	0.0000	0.0000	0.0000	0.0000	0.0000	0.0000	0.0000	0.0000	0.0000	0.0000	0.0000	0.0000	0.0000	0.0000	0.0000	0.0000	0.0000	0.0000	0.0000	0.0000	0.0000	0.0000	0.0000	0.0000	0.0000	0.0000	0.0000											
11	48	0.1241	2	1	1	0	1	0	0	0	0	N	N	N	N	N	N	N	N	N	N	N	N	0.0464	0.0000	0.0588	24.5394	0.0000	28.3009	0.0235	0.0310	0.4781	0.0000	1.8558	0.4832	0.0000	3.2186	0.4733	0.0000	1.3117	10.3050	0.0003	31.5797	0.0197	0.0005	0.1137	20.1631	0.0000	42.3012	inf	50393.8835	0.0001	0.4730	0.7962	0.0037	11.9291	3.0208	0.0001	0.0000	0.0001	0.0000	0.0000	0.0000	0.0000	0.0000	0.0000	0.9877	0.0000	0.9877	0.0009	0.0000	0.0009	0.9868	0.0000	0.9868	0.0002	0.0002	0.0001	0.0001	0.0001	0.0000	0.0001	0.0001	0.0000	0.0959	0.0646	0.0313	0.0469	0.0390	0.0079	0.0489	0.0256	0.0233	0.0464	0.0000	0.0588	24.5394	0.0000	28.3009	0.0235	0.0000	0.0310	10.3050	0.0003	31.5797	0.0197	0.0005	0.1137	20.1631	0.0000	42.3012	
11	50	0.0805	2	1	2	1	0	0	0	0	0	N	Y	N	N	N	N	N	N	N	N	N	N	0.0004	0.6317	0.0000	0.0001	0.1771	0.0000	0.0037	inf	0.0000	0.0020	0.0022	0.0000	0.0013	0.0014	0.0000	0.0030	0.0032	0.0000	5.3998	0.0034	12.7580	15.4821	0.0077	90.8038	0.8040	0.0000	1.4937	0.0000	2716.1341	-0.0000	0.2025	0.7962	1.4428	11.9291	0.4686	0.0002	0.0002	0.0000	0.0001	0.0001	0.0000	0.0001	0.0001	0.0000	0.4231	0.0002	0.4229	0.3798	0.0002	0.3796	0.0433	0.0000	0.0433	0.0827	0.0769	0.0058	0.0461	0.0432	0.0029	0.0366	0.0337	0.0030	0.0784	0.0452	0.0331	0.0245	0.0204	0.0042	0.0538	0.0249	0.0290	0.0004	0.6317	0.0000	0.0001	0.1771	0.0000	0.0037	inf	0.0000	5.3998	0.0034	12.7580	15.4821	0.0077	90.8038	0.8040	0.0000	1.4937
11	52	0.0682	2	2	1	1	0	0	0	0	0	Y	N	N	N	N	N	N	N	N	N	N	N	0.0336	0.0431	0.0000	0.0373	0.0375	0.0000	0.0000	0.0000	0.0000	0.0187	0.0200	0.0000	0.0439	0.0446	0.0000	0.0000	0.0000	0.0000	0.5579	0.4645	0.6540	1.1752	1.1913	0.6798	0.4871	0.2868	0.6538	0.0000	1.3678	-0.0001	0.0058	0.7962	0.9976	11.9291	4.7732	0.0009	0.0009	0.0000	0.0009	0.0009	0.0000	0.0000	0.0000	0.0000	0.1018	0.0430	0.0588	0.0221	0.0217	0.0004	0.0797	0.0213	0.0584	0.0458	0.0428	0.0030	0.0196	0.0192	0.0003	0.0263	0.0236	0.0026	0.1825	0.0926	0.0899	0.0188	0.0182	0.0006	0.1637	0.0744	0.0893	0.0336	0.0431	0.0000	0.0373	0.0375	0.0000	0.0000	0.0000	0.0000	0.5579	0.4645	0.6540	1.1752	1.1913	0.6798	0.4871	0.2868	0.6538
11	55	0.0668	2	1	2	0	0	0	0	0	0	N	Y	N	N	N	N	N	N	N	N	N	N	1.2845	0.0000	1.1763	5.6099	0.0000	8.0279	1.2460	0.8369	0.7217	0.0000	1.8581	0.3802	0.0000	3.2249	1.1663	0.0000	1.5749	0.5618	0.0000	1.5796	0.0678	0.0001	0.4017	0.9361	0.0000	1.8819	inf	18349.6365	0.0018	0.0879	0.7962	0.0041	11.9291	6.2745	0.0020	0.0000	0.0020	0.0006	0.0000	0.0006	0.0014	0.0000	0.0014	0.1835	0.0000	0.1835	0.0095	0.0000	0.0095	0.1740	0.0000	0.1740	0.0028	0.0017	0.0011	0.0016	0.0014	0.0002	0.0012	0.0003	0.0009	0.3266	0.2105	0.1162	0.1408	0.1170	0.0237	0.1859	0.0934	0.0924	1.2845	0.0000	1.1763	5.6099	0.0000	8.0279	1.2460	0.0000	0.8369	0.5618	0.0000	1.5796	0.0678	0.0001	0.4017	0.9361	0.0000	1.8819	
11	56	0.1156	2	1	1	1	0	0	0	0	0	N	N	N	N	N	N	N	N	N	N	N	N	1.3636	0.9820	2.5162	2.0521	2.3509	2.5676	0.0000	9.3991	9.4648	0.0000	0.0000	0.0000	0.0000	1.7240	2.6145	0.0000	3.7354	4.6122	0.0000	0.0000	0.0000	0.0000	0.0000	0.0000	-0.0761	-0.5049	0.7962	18.9997	11.9291	4.0000	0.7961	0.7961	0.0000	0.7961	0.7961	0.0000	0.0000	0.0000	0.0000	0.9689	0.9689	0.0000	0.9689	0.9689	0.0000	0.0000	0.0000	0.0000	0.3386	0.3101	0.0286	0.0847	0.0841	0.0006	0.2539	0.2260	0.0280	0.5620	0.3706	0.1914	0.2594	0.2101	0.0493	0.3026	0.1605	0.1421	1.3636	0.9820	0.0000	2.5162	2.0521	0.0000	0.0000	0.0000	0.0000	1.7240	2.6145	0.0000	3.7354	4.6122	0.0000	0.0000	0.0000	0.0000					
11	58	0.0664	3	2	2	0	0	0	0	0	0	Y	Y	N	N	N	N	N	N	N	N	N	N	0.2797	1.2964	0.0000	0.4302	0.4548	0.0000	0.0000	0.0000	0.0260	0.0280	0.0000	0.0547	0.0564	0.0000	0.0000	0.0000	0.0000	0.0931	0.0216	0.1747	0.1272	0.1240	0.1828	0.0894	0.0000	0.1746	0.0000	7.0733	-0.0001	0.0093	0.7962	0.9359	11.9291	8.5945	0.0013	0.0013	0.0000	0.0013	0.0013	0.0000	0.0000	0.0000	0.0000	0.0262	0.0032	0.0230	0.0035	0.0032	0.0003	0.0227	0.0000	0.0227	0.0483	0.0448	0.0034	0.0230	0.0223	0.0007	0.0253	0.0225	0.0028	0.2818	0.1502	0.1316	0.0277	0.0262	0.0015	0.2540	0.1240	0.1300	0.2797	1.2964	0.0000	0.4302	0.4548	0.0000	0.0000	0.0000	0.0000	0.0931	0.0216	0.1747	0.1272	0.1240	0.1828	0.0894	0.0000	0.1746	
11	59	0.0636	2	1	2	0	0	0	0	0	0	N	Y	N	N	N	N	N	N	N	N	N	N	0.2731	0.2838	0.4678	0.1133	0.1170	0.0022	0.3956	2.9181	0.5611	0.2046	0.1645	0.4630	0.2065	0.2163	0.0017	0.2026	0.1009	0.5568	0.7490	0.5798	0.9898	1.8223	1.8479	0.7792	0.5123	0.0346	0.9923	0.4364	1.2000	0.0005	0.0015	0.7962	0.1706	11.9291	1.8413	0.0025	0.0018	0.0008	0.0013	0.0013	0.0000	0.0013	0.0005	0.0008	0.0620	0.0282	0.0338	0.0272	0.0270	0.0003	0.0347	0.0012	0.0335	0.0124	0.0107	0.0017	0.0062	0.0059	0.0003	0.0062	0.0048	0.0014	0.0827	0.0486	0.0341	0.0149	0.0146	0.0003	0.0678	0.0340	0.0338	0.2731	0.2838	0.4678	0.1133	0.1170	0.0023	0.3956	2.9181	0.5611	0.7490	0.5798	0.9898	1.8223	1.8479	0.7369	0.5123	0.0346	0.9923
11	61	0.4386	8	1	1	0	0	0	0	0	0	N	N	N	N	N	N	N	N	N	N	N	N	0.0130	0.0000	0.0590	0.0330	0.0000	0.5585	0.0000	0.0000	0.0004	0.0000	0.0041	0.0015	0.0000	0.1154	0.0000	0.0000	0.0000	0.0297	0.0088	0.0698	0.0449	0.0169	0.2066	0.0195	0.0000	0.0411	inf	4.1383	0.0000	0.0035	0.7962	1.0140	11.9291	12.0537	0.0000	0.0000	0.0000	0.0000	0.0000	0.0000	0.0000	0.0000	0.0000	0.0122	0.0024	0.0098	0.0074	0.0024	0.0051	0.0048	0.0000	0.0048	0.0205	0.0186	0.0019	0.0054	0.0053	0.0001	0.0152	0.0133	0.0019	0.4113	0.2703	0.1410	0.1656	0.1411	0.0245	0.2457	0.1292	0.1165	0.0130	0.0000	0.0590	0.0330	0.0000	0.5585	0.0000	0.0000	0.0000	0.0297	0.0088	0.0698	0.0449	0.0169	0.2066	0.0195	0.0000	0.0411	
11	62	0.3627	5	1	1	0	0	0	0	0	0	N	N	N	N	N	N	N	N	N	N	N	N	0.1727	0.0000	1.6428	0.5682	0.0000	1.0915	0.0033	0.0000	0.0659	0.4102	0.0000	3.1693	0.9050	0.0000	5.6434	0.0103	0.0000	0.0987	2.3755	2.5811	1.9292	1.5929	1.2852	5.1706	3.1277	4.6251	1.4993	inf	0.3443	0.1847	-0.9851	0.7962	22.0948	11.9291	64.3951	0.2042	0.0000	0.2042	0.2014	0.0000	0.2014	0.0028	0.0000	0.0028	3.7175	2.7654	0.9520	1.2216	0.8427	0.3789	2.4959	1.9227	0.5732	0.4979	0.4334	0.0644	0.2225	0.1869	0.0357	0.2753	0.2466	0.0288	1.5649	1.0714	0.4935	0.7669	0.6557	0.1112	0.7980	0.4157	0.3823	0.1727	0.0000	1.6428	0.5682	0.0000	1.6565	0.0033	0.0000	0.0659	2.3755	2.5811	1.9292	1.5929	1.2852	3.4069	3.1277	4.6251	1.4993
11	63	0.1559	4	1	1	0	0	0	0	0	0	N	N	N	N	N	N	N	N	N	N	N	N	0.0296	0.0000	0.1056	0.1430	0.0000	0.6845	0.0015	0.0061	0.0133	0.0000	0.1376	0.0498	0.0000	2.2032	0.0008	0.0000	0.0064	0.4483	0.0111	1.3033	0.3482	0.0196	3.2186	0.5232	0.0000	1.0557	inf	60.2311	0.0007	0.1812	0.7962	3.0638	11.9291	18.8214	0.0008	0.0000	0.0008	0.0008	0.0000	0.0008	0.0000	0.0000	0.0000	0.3918	0.0064	0.3854	0.1302	0.0064	0.1238	0.2616	0.0000	0.2616	0.0613	0.0554	0.0059	0.0156	0.0153	0.0004	0.0457	0.0401	0.0056	0.8739	0.5782	0.2957	0.3738	0.3259	0.0479	0.5000	0.2522	0.2478	0.0296	0.0000	0.1056	0.1430	0.0000	0.8527	0.0015	0.0000	0.0061	0.4483	0.0111	1.3033	0.3482	0.0196	2.5839	0.5232	0.0000	1.0557	
11	64	0.0668	2	2	2	1	0	0	0	0	0	Y	Y	N	N	N	N	N	N	N	N	N	N	0.1948	0.0000	0.5490	1.5545	0.0000	7.9179	0.1227	0.3580	0.0895	0.0000	0.6860	0.0967	0.0000	2.7934	0.0868	0.0000	0.5196	0.4596	0.0000	1.2495	0.0622	0.0001	0.3528	0.7072	0.0000	1.4516	inf	18349.6365	0.0018	0.0879	0.7962	1.0029	11.9291	8.4685	0.0020	0.0000	0.0020	0.0006	0.0000	0.0006	0.0014	0.0000	0.0014	0.1835	0.0000	0.1835	0.0095	0.0000	0.0095	0.1740	0.0000	0.1740	0.0228	0.0198	0.0030	0.0063	0.0061	0.0002	0.0165	0.0138	0.0028	0.3993	0.2524	0.1469	0.1533	0.1263	0.0270	0.2460	0.1262	0.1198	0.1948	0.0000	0.5490	1.5545	0.0000	7.9179	0.1227	0.0000	0.3580	0.4596	0.0000	1.2495	0.0622	0.0001	0.3528	0.7072	0.0000	1.4516	
11	66	0.4386	8	1	2	0	0	0	0	0	0	N	Y	N	N	N	N	N	N	N	N	N	N	0.0002	0.0000	0.0006	0.0471	0.0000	0.5671	0.0000	0.0000	0.0004	0.0000	0.0041	0.0015	0.0000	0.1157	0.0000	0.0000	0.0000	2.3921	0.0008	6.9649	0.0316	0.0015	0.2040	3.9756	0.0000	8.3909	inf	4817.1798	0.0000	0.4825	0.7962	1.0110	11.9291	12.5479	0.0000	0.0000	0.0000	0.0000	0.0000	0.0000	0.0000	0.0000	0.0000	1.0080	0.0002	1.0078	0.0054	0.0002	0.0051	1.0026	0.0000	1.0026	0.0205	0.0186	0.0019	0.0053	0.0053	0.0001	0.0151	0.0133	0.0019	0.4214	0.2767	0.1447	0.1692	0.1440	0.0252	0.2522	0.1327	0.1195	0.0002	0.0000	0.0006	0.0471	0.0000	0.5671	0.0000	0.0000	0.0000	2.3921	0.0008	6.9649	0.0316	0.0015	0.2040	3.9756	0.0000	8.3909	
11	67	0.4322	7	1	1	0	0	0	0	0	0	N	N	N	N	N	N	N	N	N	N	N	N	0.0060	0.0059	0.0159	0.0163	0.0132	0.1082	0.0000	0.0000	0.0000	0.0008	0.0004	0.0037	0.0029	0.0016	0.1083	0.0000	0.0000	0.0000	0.1244	0.0758	0.2342	0.1774	0.1188	1.0011	0.0767	0.0018	0.1470	0.8731	1.3679	0.0000	0.0014	0.7962	0.9784	11.9291	1.5217	0.0000	0.0000	0.0000	0.0000	0.0000	0.0000	0.0000	0.0000	0.0000	0.0250	0.0106	0.0145	0.0169	0.0105	0.0064	0.0081	0.0001	0.0080	0.0198	0.0180	0.0019	0.0052	0.0051	0.0001	0.0147	0.0129	0.0018	0.2011	0.1394	0.0617	0.0953	0.0882	0.0071	0.1058	0.0513	0.0546	0.0060	0.0059	0.0159	0.0163	0.0132	0.1203	0.0000	0.0000	0.0000	0.1244	0.0758	0.2342	0.1774	0.1188	0.9008	0.0767	0.0018	0.1470
11	68	0.4020	6	1	1	0	0	0	0	0	0	N	N	N	N	N	N	N	N	N	N	N	N	0.0352	0.0020	0.1811	0.0807	0.0042	0.5902	0.0000	0.0000	0.0000	0.0113	0.0004	0.1132	0.0416	0.0012	1.6487	0.0000	0.0000	0.0000	0.3206	0.1718	0.6253	0.5163	0.2867	2.7934	0.1415	0.0009	0.2923	34.6091	1.7785	0.0002	0.0158	0.7962	1.0531	11.9291	9.0748	0.0002	0.0000	0.0002	0.0002	0.0000	0.0002	0.0000	0.0000	0.0000	0.1328	0.0478	0.0850	0.1022	0.0477	0.0545	0.0306	0.0001	0.0305	0.0219	0.0198	0.0021	0.0059	0.0058	0.0001	0.0160	0.0140	0.0020	0.4142	0.2782	0.1359	0.1979	0.1663	0.0316	0.2163	0.1119	0.1043	0.0352	0.0020	0.1811	0.0807	0.0042	0.9559	0.0000	0.0000	0.0000	0.3206	0.1718	0.6253	0.5163	0.2867	1.7247	0.1415	0.0009	0.2923
11	71	0.1018	5	1	1	1	0	0	0	0	0	N	N	N	N	N	N	N	N	N	N	N	N	0.0000	0.0000	0.0000	0.0000	0.0000	0.0000	0.0000	0.0000	0.0000	0.0000	0.0000	0.0000	0.0000	0.0000	0.0000	0.0000	0.0000	0.0000	0.0000	0.0000	0.7962	1.0000	11.9291	0.0055	0.0000	0.0000	0.0000	0.0000	0.0000	0.0000	0.0000	0.0000	0.0000	0.0000	0.0000	0.0000	0.0000	0.0000	0.0000	0.0000	0.0000	0.0000	0.0067	0.0058	0.0009	0.0000	0.0000	0.0000	0.0067	0.0058	0.0009	0.0212	0.0137	0.0075	0.0083	0.0072	0.0011	0.0128	0.0064	0.0064	0.0000	0.0000	0.0000	0.0000	0.0000	0.0000	0.0000	0.0000	0.0000	0.0000	0.0000	0.0000	0.0000	0.0000	0.0000	0.0000	0.0000	0.0000											
11	72	0.0952	4	1	1	1	0	0	0	0	0	N	N	N	N	N	N	N	N	N	N	N	N	0.0000	0.0000	0.0000	0.0000	0.0000	0.0000	0.0000	0.0000	0.0000	0.0000	0.0000	0.0000	0.0000	0.0000	0.0000	0.0000	0.0000	0.0000	0.0000	0.0000	0.7962	0.0000	11.9291	1.0265	0.0000	0.0000	0.0000	0.0000	0.0000	0.0000	0.0000	0.0000	0.0000	0.0000	0.0000	0.0000	0.0000	0.0000	0.0000	0.0000	0.0000	0.0000	0.0000	0.0000	0.0000	0.0000	0.0000	0.0000	0.0000	0.0000	0.0000	0.0235	0.0154	0.0081	0.0095	0.0083	0.0012	0.0140	0.0071	0.0069	0.0000	0.0000	0.0000	0.0000	0.0000	0.0000	0.0000	0.0000	0.0000	0.0000	0.0000	0.0000	0.0000	0.0000	0.0000	0.0000	0.0000	0.0000											
11	73	0.0898	3	1	1	0	0	0	0	0	0	N	N	N	N	N	N	N	N	N	N	N	N	0.0000	0.0000	0.0000	0.0000	0.0000	0.0000	0.0000	0.0000	0.0000	0.0000	0.0000	0.0000	0.0000	0.0005	0.0007	0.0000	0.0009	0.0010	0.0000	0.0000	0.0000	0.0000	0.0000	0.0000	-0.0001	0.7962	0.0000	11.9291	1.0321	0.0000	0.0000	0.0000	0.0000	0.0000	0.0000	0.0000	0.0000	0.0000	0.0001	0.0001	0.0000	0.0001	0.0001	0.0000	0.0000	0.0000	0.0000	0.0175	0.0118	0.0057	0.0103	0.0089	0.0014	0.0072	0.0029	0.0043	0.2422	0.1625	0.0797	0.1263	0.1154	0.0108	0.1159	0.0470	0.0689	0.0000	0.0000	0.0000	0.0000	0.0000	0.0000	0.0000	0.0000	0.0000	0.0005	0.0007	0.0000	0.0009	0.0010	0.0000	0.0000	0.0000	0.0000						
11	74	0.0669	2	1	1	0	0	0	0	0	0	N	N	N	N	N	N	N	N	N	N	N	N	0.4805	0.5205	0.5430	0.6423	0.5226	0.6007	0.3831	0.0528	0.4604	0.8273	0.4275	1.7448	0.9516	0.6951	3.1914	0.7154	0.0087	1.4684	1.7218	0.8213	3.2131	1.4816	1.3300	5.3125	1.8673	0.1647	3.1891	1.7785	2.3625	0.0170	0.1851	0.7962	0.5629	11.9291	8.5245	0.0312	0.0112	0.0200	0.0170	0.0111	0.0059	0.0142	0.0001	0.0141	1.0196	0.3032	0.7164	0.3310	0.2767	0.0543	0.6886	0.0265	0.6621	0.0377	0.0263	0.0114	0.0179	0.0160	0.0018	0.0198	0.0102	0.0096	0.5922	0.3692	0.2230	0.2234	0.2080	0.0153	0.3688	0.1612	0.2076	0.4805	0.5205	0.5430	0.6423	0.5226	0.9022	0.3831	0.0528	0.4604	1.7218	0.8213	3.2131	1.4816	1.3300	3.5375	1.8673	0.1647	3.1891
11	75	0.0839	3	1	2	0	0	0	0	0	0	N	Y	N	N	N	N	N	N	N	N	N	N	0.0000	0.0000	0.0000	0.0000	0.0000	0.0000	0.0000	0.0000	0.0000	0.0000	0.0000	0.0000	0.0000	0.0002	0.0003	0.0000	0.0004	0.0005	0.0000	0.0000	0.0000	0.0000	0.0000	0.0000	-0.0000	0.7962	1.9994	11.9291	4.0943	0.0000	0.0000	0.0000	0.0000	0.0000	0.0000	0.0000	0.0000	0.0000	0.0000	0.0000	0.0000	0.0000	0.0000	0.0000	0.0000	0.0000	0.0000	0.0136	0.0118	0.0018	0.0000	0.0000	0.0000	0.0136	0.0118	0.0018	0.1676	0.1163	0.0513	0.0667	0.0595	0.0072	0.1009	0.0568	0.0441	0.0000	0.0000	0.0000	0.0000	0.0000	0.0000	0.0000	0.0000	0.0000	0.0002	0.0003	0.0000	0.0004	0.0005	0.0000	0.0000	0.0000	0.0000						
11	76	0.0777	2	1	1	0	0	0	0	0	0	N	N	N	N	N	N	N	N	N	N	N	N	0.0000	0.0000	0.0000	0.0000	0.0000	0.0000	0.0000	0.0000	0.0000	0.0000	0.0000	0.0000	0.0000	0.0000	0.0000	0.0000	0.0000	0.0000	0.0582	0.0629	0.0476	0.0479	0.0525	0.0003	0.0658	0.0759	0.0543	0.3338	0.0000	-0.0015	0.7962	0.0011	11.9291	2.7207	0.0000	0.0000	0.0000	0.0000	0.0000	0.0000	0.0000	0.0000	0.0000	0.0057	0.0042	0.0014	0.0020	0.0020	0.0000	0.0037	0.0023	0.0014	0.0000	0.0000	0.0000	0.0000	0.0000	0.0000	0.0000	0.0000	0.0000	0.0972	0.0674	0.0297	0.0412	0.0376	0.0037	0.0559	0.0299	0.0260	0.0000	0.0000	0.0000	0.0000	0.0000	0.0000	0.0000	0.0000	0.0000	0.0582	0.0629	0.0476	0.0479	0.0525	0.0003	0.0658	0.0759	0.0543	
11	78	0.0658	2	2	1	1	0	0	0	0	0	Y	N	N	N	N	N	N	N	N	N	N	N	0.0034	0.0938	0.0000	0.0124	0.0142	0.0000	0.0000	0.0000	0.0002	0.0002	0.0000	0.0003	0.0003	0.0000	0.0000	0.0000	0.0000	0.0543	0.0021	0.1050	0.0267	0.0239	0.0628	0.0557	0.0000	0.1053	0.0000	52.1229	-0.0000	0.0012	0.7962	1.6246	11.9291	0.0115	0.0000	0.0000	0.0000	0.0000	0.0000	0.0000	0.0000	0.0000	0.0000	0.0026	0.0000	0.0025	0.0001	0.0000	0.0000	0.0025	0.0000	0.0025	0.0923	0.0876	0.0047	0.0518	0.0503	0.0015	0.0406	0.0374	0.0032	0.0477	0.0235	0.0242	0.0022	0.0020	0.0002	0.0455	0.0214	0.0240	0.0034	0.0938	0.0000	0.0124	0.0142	0.0000	0.0000	0.0000	0.0000	0.0543	0.0021	0.1050	0.0267	0.0239	0.0628	0.0557	0.0000	0.1053	
11	83	0.1559	4	1	1	0	0	0	0	0	0	N	N	N	N	N	N	N	N	N	N	N	N	0.0124	0.0000	0.0493	0.0533	0.0000	0.4300	0.0007	0.0028	0.0044	0.0000	0.0492	0.0169	0.0000	1.3626	0.0003	0.0000	0.0022	0.3588	0.0091	0.9961	0.3163	0.0181	3.1687	0.3845	0.0000	0.7938	inf	60.2311	0.0007	0.1812	0.7962	10.0679	11.9291	33.8159	0.0008	0.0000	0.0008	0.0008	0.0000	0.0008	0.0000	0.0000	0.0000	0.3918	0.0064	0.3854	0.1302	0.0064	0.1238	0.2616	0.0000	0.2616	0.1833	0.1667	0.0166	0.0461	0.0455	0.0006	0.1372	0.1212	0.0160	1.0919	0.7050	0.3869	0.4115	0.3542	0.0573	0.6804	0.3508	0.3296	0.0124	0.0000	0.0493	0.0533	0.0000	0.6312	0.0007	0.0000	0.0028	0.3588	0.0091	0.9961	0.3163	0.0181	2.1588	0.3845	0.0000	0.7938	
11	84	0.1283	3	1	1	0	0	0	0	0	0	N	N	N	N	N	N	N	N	N	N	N	N	0.1143	0.0696	0.3586	0.3099	0.1352	0.9320	0.0169	0.0002	0.0666	0.1219	0.0409	0.7365	0.3568	0.1268	3.0483	0.0169	0.0000	0.1267	1.0664	0.5869	2.0537	1.1513	0.9382	3.2706	1.0015	0.1074	1.9036	2.3775	1.6998	0.0017	0.0981	0.7962	0.9441	11.9291	14.0836	0.0027	0.0008	0.0019	0.0025	0.0008	0.0017	0.0003	0.0000	0.0003	0.9040	0.3348	0.5692	0.4228	0.3089	0.1139	0.4812	0.0259	0.4553	0.0225	0.0199	0.0026	0.0070	0.0064	0.0005	0.0156	0.0135	0.0021	0.8477	0.5706	0.2771	0.3673	0.3293	0.0380	0.4804	0.2413	0.2392	0.1143	0.0696	0.3586	0.3099	0.1352	1.0168	0.0169	0.0002	0.0666	1.0664	0.5869	2.0537	1.1513	0.9382	2.9981	1.0015	0.1074	1.9036
11	85	0.4105	6	1	1	0	0	0	0	0	0	N	N	N	N	N	N	N	N	N	N	N	N	1.5921	2.2589	0.0044	2.4286	2.7485	0.0128	0.0342	inf	0.0004	1.3647	1.5832	0.0053	2.6480	3.2048	0.0079	0.0220	0.0244	0.0005	0.8571	0.7009	1.2004	1.0904	1.1660	0.6167	0.6427	0.0000	1.3564	0.0005	0.7795	-0.0630	-0.0755	0.7962	15.0008	11.9291	28.2980	0.6631	0.6627	0.0004	0.6579	0.6575	0.0003	0.0052	0.0052	0.0000	0.9095	0.5111	0.3984	0.5542	0.5111	0.0432	0.3552	0.0000	0.3552	0.4859	0.4186	0.0673	0.2484	0.2052	0.0433	0.2375	0.2134	0.0240	1.0611	0.7292	0.3319	0.5083	0.4383	0.0700	0.5527	0.2909	0.2619	1.5921	2.2589	0.0044	2.4286	2.7485	0.0128	0.0342	inf	0.0004	0.8571	0.7009	1.2004	1.0904	1.1660	0.6167	0.6427	0.0000	1.3564
11	86	0.4105	6	1	1	0	0	0	0	0	0	N	N	N	N	N	N	N	N	N	N	N	N	0.4917	0.4402	0.0115	0.4559	0.5029	37.1137	0.1005	0.6697	0.0013	1.1527	1.3793	0.0056	1.9357	2.4542	0.0072	0.0331	0.0366	0.0008	2.3442	3.1333	0.4895	4.2455	4.8802	0.0002	0.3294	0.0547	0.6309	0.0008	0.0665	-0.0419	-1.1148	0.7962	10.8154	11.9291	27.4443	0.4422	0.4418	0.0004	0.4370	0.4366	0.0003	0.0052	0.0052	0.0000	2.4300	2.2786	0.1514	2.2642	2.2642	0.0000	0.1658	0.0144	0.1514	0.3836	0.3203	0.0633	0.2257	0.1779	0.0478	0.1579	0.1424	0.0155	1.0366	0.7272	0.3094	0.5333	0.4640	0.0694	0.5033	0.2633	0.2400	0.4917	0.4402	0.0115	0.4559	0.5029	37.1137	0.1005	0.6697	0.0013	2.3442	3.1333	0.4895	4.2455	4.8802	0.0002	0.3294	0.0547	0.6309
11	87	0.3627	5	1	1	0	0	0	0	0	0	N	N	N	N	N	N	N	N	N	N	N	N	1.4844	1.4046	1.9156	2.0311	1.8161	2.6196	0.0391	0.0415	0.1593	1.3792	1.1753	2.2207	2.0810	1.9120	2.5848	0.0315	0.0152	0.2026	0.9291	0.8367	1.1593	1.0246	1.0528	0.9867	0.8056	0.3659	1.2721	0.4577	0.5558	0.0787	-0.2324	0.7962	2.7608	11.9291	22.4044	0.3602	0.2471	0.1131	0.3574	0.2459	0.1115	0.0028	0.0012	0.0016	1.4186	0.9118	0.5068	0.8822	0.7864	0.0958	0.5364	0.1254	0.4110	0.2612	0.2103	0.0509	0.1718	0.1286	0.0432	0.0894	0.0817	0.0078	1.5269	1.0897	0.4372	0.8610	0.7469	0.1141	0.6659	0.3427	0.3231	1.4844	1.4046	1.9156	2.0311	1.8161	3.0787	0.0391	0.0415	0.1593	0.9291	0.8367	1.1593	1.0246	1.0528	0.8396	0.8056	0.3659	1.2721
11	88	0.2329	4	1	1	0	0	0	0	0	0	N	N	N	N	N	N	N	N	N	N	N	N	0.4832	0.7027	0.1654	1.6402	1.7476	0.7325	0.0004	0.0003	0.0018	1.1284	1.1907	0.6022	3.4912	3.5938	2.3577	0.0011	0.0004	0.0068	2.3351	1.6943	3.6413	2.1285	2.0564	3.2186	2.4903	1.2452	3.8628	0.0598	1.0543	-0.0083	-0.0255	0.7962	8.8820	11.9291	49.9570	0.2124	0.2004	0.0120	0.2123	0.2004	0.0119	0.0001	0.0000	0.0001	3.2380	1.5762	1.6618	1.2660	1.0592	0.2068	1.9719	0.5170	1.4549	0.1883	0.1683	0.0199	0.0608	0.0558	0.0050	0.1275	0.1126	0.0149	1.3866	0.9303	0.4564	0.5948	0.5151	0.0797	0.7918	0.4152	0.3767	0.4832	0.7027	0.1654	1.6402	1.7476	0.9086	0.0004	0.0003	0.0018	2.3351	1.6943	3.6413	2.1285	2.0564	2.5948	2.4903	1.2452	3.8628
11	90	0.1176	6	1	2	0	1	0	0	0	0	N	Y	N	N	N	N	N	N	N	N	N	N	0.0000	0.0000	0.0000	0.0000	0.0000	0.0000	0.0000	0.0000	0.0000	0.0000	0.0000	0.0000	0.0000	0.0000	0.0000	0.0000	0.0000	0.0000	0.0000	0.0000	0.7962	0.0000	11.9291	0.0000	0.0000	0.0000	0.0000	0.0000	0.0000	0.0000	0.0000	0.0000	0.0000	0.0000	0.0000	0.0000	0.0000	0.0000	0.0000	0.0000	0.0000	0.0000	0.0000	0.0000	0.0000	0.0000	0.0000	0.0000	0.0000	0.0000	0.0000	0.0000	0.0000	0.0000	0.0000	0.0000	0.0000	0.0000	0.0000	0.0000	0.0000	0.0000	0.0000	0.0000	0.0000	0.0000	0.0000	0.0000	0.0000	0.0000	0.0000	0.0000	0.0000	0.0000	0.0000	0.0000	0.0000	0.0000											
11	91	0.1069	5	1	2	0	1	0	0	0	0	N	Y	N	N	N	N	N	N	N	N	N	N	0.0000	0.0000	0.0000	0.0000	0.0000	0.0000	0.0000	0.0000	0.0000	0.0000	0.0000	0.0000	0.0000	0.0000	0.0000	0.0000	0.0000	0.0000	0.0000	0.0000	0.7962	1.0000	11.9291	3.0000	0.0000	0.0000	0.0000	0.0000	0.0000	0.0000	0.0000	0.0000	0.0000	0.0000	0.0000	0.0000	0.0000	0.0000	0.0000	0.0000	0.0000	0.0000	0.0161	0.0148	0.0014	0.0065	0.0062	0.0003	0.0096	0.0086	0.0010	0.1014	0.0507	0.0507	0.0114	0.0097	0.0017	0.0900	0.0410	0.0490	0.0000	0.0000	0.0000	0.0000	0.0000	0.0000	0.0000	0.0000	0.0000	0.0000	0.0000	0.0000	0.0000	0.0000	0.0000	0.0000	0.0000	0.0000											
11	92	0.1004	3	1	2	0	0	0	0	0	0	N	Y	N	N	N	N	N	N	N	N	N	N	0.0000	0.0000	0.0000	0.0000	0.0000	0.0000	0.0000	0.0000	0.0000	0.0000	0.0000	0.0000	0.0000	0.0000	0.0000	0.0000	0.0000	0.0000	0.0000	0.0000	0.7962	0.0000	11.9291	0.0000	0.0000	0.0000	0.0000	0.0000	0.0000	0.0000	0.0000	0.0000	0.0000	0.0000	0.0000	0.0000	0.0000	0.0000	0.0000	0.0000	0.0000	0.0000	0.0000	0.0000	0.0000	0.0000	0.0000	0.0000	0.0000	0.0000	0.0000	0.0000	0.0000	0.0000	0.0000	0.0000	0.0000	0.0000	0.0000	0.0000	0.0000	0.0000	0.0000	0.0000	0.0000	0.0000	0.0000	0.0000	0.0000	0.0000	0.0000	0.0000	0.0000	0.0000	0.0000	0.0000	0.0000	0.0000											
11	93	0.1069	5	1	1	1	1	0	0	0	0	N	N	N	N	N	N	N	N	N	N	N	N	0.0000	0.0000	0.0000	0.0000	0.0000	0.0000	0.0000	0.0000	0.0000	0.0000	0.0000	0.0000	0.0000	0.0000	0.0000	0.0000	0.0000	0.0000	0.0000	0.0000	0.7962	0.0000	11.9291	0.0000	0.0000	0.0000	0.0000	0.0000	0.0000	0.0000	0.0000	0.0000	0.0000	0.0000	0.0000	0.0000	0.0000	0.0000	0.0000	0.0000	0.0000	0.0000	0.0000	0.0000	0.0000	0.0000	0.0000	0.0000	0.0000	0.0000	0.0000	0.0000	0.0000	0.0000	0.0000	0.0000	0.0000	0.0000	0.0000	0.0000	0.0000	0.0000	0.0000	0.0000	0.0000	0.0000	0.0000	0.0000	0.0000	0.0000	0.0000	0.0000	0.0000	0.0000	0.0000	0.0000	0.0000	0.0000											
11	94	0.1042	4	1	1	0	1	0	0	0	0	N	N	N	N	N	N	N	N	N	N	N	N	0.0000	0.0000	0.0000	0.0000	0.0000	0.0000	0.0000	0.0000	0.0000	0.0000	0.0000	0.0000	0.0000	0.0000	0.0000	0.0000	0.0000	0.0000	0.0000	0.0000	0.7962	1.0000	11.9291	0.0097	0.0000	0.0000	0.0000	0.0000	0.0000	0.0000	0.0000	0.0000	0.0000	0.0000	0.0000	0.0000	0.0000	0.0000	0.0000	0.0000	0.0000	0.0000	0.0161	0.0148	0.0014	0.0065	0.0062	0.0003	0.0096	0.0086	0.0010	0.0275	0.0137	0.0138	0.0035	0.0030	0.0004	0.0240	0.0107	0.0133	0.0000	0.0000	0.0000	0.0000	0.0000	0.0000	0.0000	0.0000	0.0000	0.0000	0.0000	0.0000	0.0000	0.0000	0.0000	0.0000	0.0000	0.0000											
11	95	0.1042	4	1	1	1	1	0	0	0	0	N	N	N	N	N	N	N	N	N	N	N	N	0.0000	0.0000	0.0000	0.0000	0.0000	0.0000	0.0000	0.0000	0.0000	0.0000	0.0000	0.0000	0.0000	0.0000	0.0000	0.0000	0.0000	0.0000	0.0000	0.0000	0.7962	2.0000	11.9291	3.0050	0.0000	0.0000	0.0000	0.0000	0.0000	0.0000	0.0000	0.0000	0.0000	0.0000	0.0000	0.0000	0.0000	0.0000	0.0000	0.0000	0.0000	0.0000	0.0317	0.0291	0.0027	0.0127	0.0121	0.0006	0.0190	0.0169	0.0021	0.1263	0.0633	0.0630	0.0145	0.0125	0.0021	0.1118	0.0508	0.0609	0.0000	0.0000	0.0000	0.0000	0.0000	0.0000	0.0000	0.0000	0.0000	0.0000	0.0000	0.0000	0.0000	0.0000	0.0000	0.0000	0.0000	0.0000											
11	96	0.1042	4	1	1	1	1	0	0	0	0	N	N	N	N	N	N	N	N	N	N	N	N	0.0000	0.0000	0.0000	0.0000	0.0000	0.0000	0.0000	0.0000	0.0000	0.0000	0.0000	0.0000	0.0000	0.0000	0.0000	0.0000	0.0000	0.0000	0.0000	0.0000	0.7962	0.0000	11.9291	6.9903	0.0000	0.0000	0.0000	0.0000	0.0000	0.0000	0.0000	0.0000	0.0000	0.0000	0.0000	0.0000	0.0000	0.0000	0.0000	0.0000	0.0000	0.0000	0.0000	0.0000	0.0000	0.0000	0.0000	0.0000	0.0000	0.0000	0.0000	0.1719	0.0864	0.0855	0.0195	0.0167	0.0028	0.1524	0.0696	0.0827	0.0000	0.0000	0.0000	0.0000	0.0000	0.0000	0.0000	0.0000	0.0000	0.0000	0.0000	0.0000	0.0000	0.0000	0.0000	0.0000	0.0000	0.0000											
11	97	0.0987	3	1	1	0	1	0	0	0	0	N	N	N	N	N	N	N	N	N	N	N	N	0.0000	0.0000	0.0000	0.0000	0.0000	0.0000	0.0000	0.0000	0.0000	0.0000	0.0000	0.0000	0.0000	0.0005	0.0000	0.0010	0.0000	0.0000	0.0000	0.0005	0.0000	0.0010	inf	0.0000	0.0000	0.7962	0.9999	11.9291	1.0605	0.0000	0.0000	0.0000	0.0000	0.0000	0.0000	0.0000	0.0000	0.0000	0.0000	0.0000	0.0000	0.0000	0.0000	0.0000	0.0000	0.0000	0.0000	0.0466	0.0441	0.0025	0.0213	0.0209	0.0005	0.0253	0.0233	0.0020	0.0618	0.0325	0.0294	0.0081	0.0072	0.0009	0.0538	0.0253	0.0285	0.0000	0.0000	0.0000	0.0000	0.0000	0.0000	0.0000	0.0000	0.0000	0.0005	0.0000	0.0010	0.0000	0.0000	0.0000	0.0005	0.0000	0.0010						
11	98	0.0966	2	1	1	0	1	0	0	0	0	N	N	N	N	N	N	N	N	N	N	N	N	55.6064	238.4410	13.7250	44.4430	45.3261	72.8402	inf	19.8905	0.6698	0.7402	0.3129	0.4823	0.5358	0.0000	0.8934	1.0300	0.4666	0.0120	0.0031	0.0228	0.0109	0.0118	0.0000	0.0123	0.0000	0.0235	0.0834	6.1061	-0.0000	0.0001	0.7962	0.0012	11.9291	1.0414	0.0001	0.0001	0.0000	0.0000	0.0000	0.0000	0.0001	0.0000	0.0000	0.0004	0.0001	0.0004	0.0001	0.0001	0.0000	0.0004	0.0000	0.0004	0.0001	0.0001	0.0000	0.0001	0.0001	0.0000	0.0001	0.0000	0.0000	0.0343	0.0187	0.0156	0.0054	0.0049	0.0004	0.0290	0.0138	0.0151	55.6064	238.4410	13.7250	44.4430	45.3261	0.0000	72.8402	inf	19.8905	0.0120	0.0031	0.0228	0.0109	0.0118	0.0000	0.0123	0.0000	0.0235	
11	101	0.1034	4	2	2	0	0	0	0	0	0	Y	Y	N	N	N	N	N	N	N	N	N	N	0.0000	0.0000	0.0000	0.0000	0.0000	0.0000	0.0000	0.0000	0.0000	0.0000	0.0000	0.0000	0.0000	0.0000	0.0000	0.0000	0.0000	0.0000	0.0000	0.0000	0.7962	0.0000	11.9291	3.0000	0.0000	0.0000	0.0000	0.0000	0.0000	0.0000	0.0000	0.0000	0.0000	0.0000	0.0000	0.0000	0.0000	0.0000	0.0000	0.0000	0.0000	0.0000	0.0000	0.0000	0.0000	0.0000	0.0000	0.0000	0.0000	0.0000	0.0000	0.0816	0.0411	0.0405	0.0085	0.0072	0.0013	0.0732	0.0339	0.0393	0.0000	0.0000	0.0000	0.0000	0.0000	0.0000	0.0000	0.0000	0.0000	0.0000	0.0000	0.0000	0.0000	0.0000	0.0000	0.0000	0.0000	0.0000											
11	102	0.1004	3	2	2	0	0	0	0	0	0	Y	Y	N	N	N	N	N	N	N	N	N	N	0.0000	0.0000	0.0000	0.0000	0.0000	0.0000	0.0000	0.0000	0.0000	0.0000	0.0000	0.0000	0.0000	0.0000	0.0000	0.0000	0.0000	0.0000	0.0000	0.0000	0.7962	0.0000	11.9291	1.0000	0.0000	0.0000	0.0000	0.0000	0.0000	0.0000	0.0000	0.0000	0.0000	0.0000	0.0000	0.0000	0.0000	0.0000	0.0000	0.0000	0.0000	0.0000	0.0000	0.0000	0.0000	0.0000	0.0000	0.0000	0.0000	0.0000	0.0000	0.0284	0.0143	0.0141	0.0029	0.0025	0.0004	0.0254	0.0118	0.0137	0.0000	0.0000	0.0000	0.0000	0.0000	0.0000	0.0000	0.0000	0.0000	0.0000	0.0000	0.0000	0.0000	0.0000	0.0000	0.0000	0.0000	0.0000											
11	103	0.0966	2	1	2	0	0	0	0	0	0	N	Y	N	N	N	N	N	N	N	N	N	N	30.3176	269.5352	0.0000	108.7037	113.0492	0.0000	0.0000	0.3366	0.4191	0.0000	0.5924	0.6713	0.0000	0.0000	0.0000	0.0000	0.0111	0.0016	0.0226	0.0054	0.0059	0.0000	0.0121	0.0000	0.0232	0.0000	12.0896	-0.0000	0.0002	0.7962	0.0006	11.9291	1.0534	0.0000	0.0000	0.0000	0.0000	0.0000	0.0000	0.0000	0.0000	0.0000	0.0004	0.0000	0.0004	0.0000	0.0000	0.0000	0.0004	0.0000	0.0004	0.0001	0.0001	0.0000	0.0001	0.0001	0.0000	0.0000	0.0000	0.0000	0.0346	0.0189	0.0157	0.0054	0.0049	0.0004	0.0292	0.0139	0.0153	30.3176	269.5352	0.0000	108.7037	113.0492	0.0000	0.0000	0.0000	0.0000	0.0111	0.0016	0.0226	0.0054	0.0059	0.0000	0.0121	0.0000	0.0232		
11	109	0.3153	5	1	1	0	0	0	0	0	0	N	N	N	N	N	N	N	N	N	N	N	N	0.0166	0.0000	0.3644	0.0393	0.0000	39106.1404	0.0003	0.0000	0.0020	0.0236	0.0000	0.2497	0.0831	0.0000	2.3829	0.0002	0.0000	0.0018	1.4184	1.7590	0.6853	2.1118	2.4766	0.0001	0.7870	0.7038	0.8800	inf	0.1810	0.0032	-0.6005	0.7962	7.7801	11.9291	32.2209	0.0036	0.0000	0.0036	0.0035	0.0000	0.0035	0.0000	0.0000	0.0000	1.6325	1.3823	0.2502	1.1585	1.1585	0.0000	0.4741	0.2239	0.2502	0.1513	0.1370	0.0143	0.0427	0.0412	0.0015	0.1086	0.0957	0.0128	1.1510	0.7859	0.3651	0.5486	0.4678	0.0808	0.6024	0.3181	0.2843	0.0166	0.0000	0.3644	0.0393	0.0000	39106.1404	0.0003	0.0000	0.0020	1.4184	1.7590	0.6853	2.1118	2.4766	0.0001	0.7870	0.7038	0.8800
12	13	0.0850	6	0	1	0	1	0	0	0	0	N	N	N	N	N	N	N	N	N	N	N	N	0.0000	0.0000	0.0000	0.0000	0.0000	0.0000	0.0000	0.0000	0.0000	0.0000	0.0000	0.0000	0.0000	0.0000	0.0000	0.0288	0.0433	0.0000	0.0000	0.0000	0.0000	0.0452	0.0815	0.0000	0.0000	0.0000	-0.0003	0.0000	0.0000	1.2577	1.9950	0.0000	0.0000	0.0000	0.0000	0.0000	0.0000	0.0000	0.0000	0.0000	0.0006	0.0006	0.0000	0.0000	0.0000	0.0000	0.0006	0.0006	0.0000	0.0000	0.0000	0.0000	0.0000	0.0000	0.0000	0.0000	0.0000	0.0000	0.0199	0.0132	0.0067	0.0072	0.0062	0.0010	0.0127	0.0070	0.0056	0.0000	0.0000	0.0000	0.0000	0.0000	0.0000	0.0000	0.0000	0.0000	0.0288	0.0433	0.0000	0.0000	0.0000	0.0000	0.0452	0.0815	0.0000				
12	14	0.4513	10	0	2	0	1	0	0	0	0	N	Y	N	N	N	N	N	N	N	N	N	N	0.0000	0.0000	0.0000	0.0000	0.0000	0.0000	0.0000	0.0000	0.0000	0.0000	0.0000	0.0000	0.0000	0.0000	0.0000	0.0000	0.0000	0.0000	2.5877	0.0000	11.6727	0.0019	0.0001	0.0193	6.2236	0.0000	15.5542	84374.1167	0.0000	0.1158	0.0000	3.8100	1.2577	14.0319	0.0000	0.0000	0.0000	0.0000	0.0000	0.0000	0.0000	0.0000	0.0000	0.2418	0.0000	0.2418	0.0001	0.0000	0.0001	0.2417	0.0000	0.2417	0.0000	0.0000	0.0000	0.0000	0.0000	0.0000	0.0000	0.0000	0.0000	0.0934	0.0727	0.0207	0.0546	0.0494	0.0052	0.0388	0.0233	0.0155	0.0000	0.0000	0.0000	0.0000	0.0000	0.0000	0.0000	0.0000	0.0000	2.5877	0.0000	11.6727	0.0019	0.0001	0.0193	6.2236	0.0000	15.5542	
12	15	0.0613	4	0	2	0	0	0	0	0	0	N	Y	N	N	N	N	N	N	N	N	N	N	0.0000	0.0000	0.0000	0.0000	0.0000	0.0000	0.0000	0.0000	0.0000	0.0000	0.0000	0.0000	0.0000	0.0000	0.0000	0.0000	0.0000	0.0000	0.0102	0.0134	0.0033	0.0305	0.0318	0.0000	0.0015	0.0000	0.0034	0.1147	0.0000	-0.0003	0.0000	2.5826	1.2577	3.6028	0.0000	0.0000	0.0000	0.0000	0.0000	0.0000	0.0000	0.0000	0.0000	0.0007	0.0006	0.0001	0.0006	0.0006	0.0000	0.0001	0.0000	0.0001	0.0000	0.0000	0.0000	0.0000	0.0000	0.0000	0.0000	0.0000	0.0000	0.0670	0.0457	0.0214	0.0201	0.0193	0.0008	0.0469	0.0264	0.0205	0.0000	0.0000	0.0000	0.0000	0.0000	0.0000	0.0000	0.0000	0.0000	0.0102	0.0134	0.0033	0.0305	0.0318	0.0000	0.0015	0.0000	0.0034	
12	16	0.0984	8	0	2	0	1	0	0	0	0	N	Y	N	N	N	N	N	N	N	N	N	N	0.0000	0.0000	0.0000	0.0000	0.0000	0.0000	0.0000	0.0000	0.0000	0.0000	0.0000	0.0000	0.0000	0.0000	0.0000	0.0000	0.0000	0.0000	0.0000	0.0000	0.0000	0.0000	1.2577	0.0000	0.0000	0.0000	0.0000	0.0000	0.0000	0.0000	0.0000	0.0000	0.0000	0.0000	0.0000	0.0000	0.0000	0.0000	0.0000	0.0000	0.0000	0.0000	0.0000	0.0000	0.0000	0.0000	0.0000	0.0000	0.0000	0.0000	0.0000	0.0000	0.0000	0.0000	0.0000	0.0000	0.0000	0.0000	0.0000	0.0000	0.0000	0.0000	0.0000	0.0000	0.0000	0.0000	0.0000	0.0000	0.0000	0.0000	0.0000	0.0000	0.0000	0.0000	0.0000	0.0000	0.0000	0.0000											
12	17	0.0264	3	0	2	0	0	0	0	0	0	N	Y	N	N	N	N	N	N	N	N	N	N	0.0000	0.0000	0.0000	0.0000	0.0000	0.0000	0.0000	0.0000	0.0000	0.0000	0.0000	0.0000	0.0000	0.0125	0.0000	0.0376	0.0000	0.0000	0.0000	0.0170	0.0000	0.0380	inf	0.0000	0.0004	0.0000	2.2039	1.2577	8.9910	0.0000	0.0000	0.0000	0.0000	0.0000	0.0000	0.0000	0.0000	0.0000	0.0009	0.0000	0.0009	0.0000	0.0000	0.0000	0.0009	0.0000	0.0009	0.0000	0.0000	0.0000	0.0000	0.0000	0.0000	0.0000	0.0000	0.0000	0.0691	0.0461	0.0230	0.0182	0.0179	0.0002	0.0510	0.0282	0.0228	0.0000	0.0000	0.0000	0.0000	0.0000	0.0000	0.0000	0.0000	0.0000	0.0125	0.0000	0.0376	0.0000	0.0000	0.0000	0.0170	0.0000	0.0380						
12	18	0.1049	4	0	1	0	1	0	0	0	0	N	N	N	N	N	N	N	N	N	N	N	N	0.0000	0.0000	0.0000	0.0000	0.0000	0.0000	0.0000	0.0000	0.0000	0.0000	0.0000	0.0000	0.0000	0.0000	0.0000	0.0000	0.0000	0.0000	0.0000	0.0000	0.0000	0.0000	0.0000	0.0000	0.0000	0.1759	0.0000	-0.0000	0.0000	0.9969	1.2577	1.0186	0.0000	0.0000	0.0000	0.0000	0.0000	0.0000	0.0000	0.0000	0.0000	0.0000	0.0000	0.0000	0.0000	0.0000	0.0000	0.0000	0.0000	0.0000	0.0000	0.0000	0.0000	0.0000	0.0000	0.0000	0.0000	0.0000	0.0000	0.0124	0.0094	0.0029	0.0074	0.0067	0.0008	0.0049	0.0027	0.0022	0.0000	0.0000	0.0000	0.0000	0.0000	0.0000	0.0000	0.0000	0.0000	0.0000	0.0000	0.0000	0.0000	0.0000	0.0000	0.0000	0.0000	0.0000			
12	19	0.0466	4	1	1	1	0	0	0	0	0	N	N	N	N	N	N	N	N	N	N	N	N	0.0000	0.0000	0.0000	0.0000	0.0000	0.0000	0.0000	0.0000	0.0000	0.0000	0.0000	0.0000	0.0000	0.0000	0.0000	0.0001	0.0000	0.0002	0.0000	0.0000	0.0001	0.0001	0.0000	0.0002	inf	0.0000	0.0000	0.0000	0.3962	1.2577	2.0067	0.0000	0.0000	0.0000	0.0000	0.0000	0.0000	0.0000	0.0000	0.0000	0.0000	0.0000	0.0000	0.0000	0.0000	0.0000	0.0000	0.0000	0.0000	0.0000	0.0000	0.0000	0.0000	0.0000	0.0000	0.0000	0.0000	0.0000	0.0260	0.0179	0.0081	0.0069	0.0068	0.0001	0.0190	0.0110	0.0080	0.0000	0.0000	0.0000	0.0000	0.0000	0.0000	0.0000	0.0000	0.0000	0.0001	0.0000	0.0002	0.0000	0.0000	0.0001	0.0001	0.0000	0.0002				
12	20	0.0760	6	0	2	0	0	0	0	0	0	N	Y	N	N	N	N	N	N	N	N	N	N	0.0000	0.0000	0.0000	0.0000	0.0000	0.0000	0.0000	0.0000	0.0000	0.0000	0.0000	0.0000	0.0000	0.0679	0.0868	0.0000	0.1439	0.1543	0.0000	0.0000	0.0000	0.0000	0.0000	0.0000	-0.0003	0.0000	0.0000	1.2577	3.0021	0.0000	0.0000	0.0000	0.0000	0.0000	0.0000	0.0000	0.0000	0.0000	0.0006	0.0006	0.0000	0.0006	0.0006	0.0000	0.0000	0.0000	0.0000	0.0000	0.0000	0.0000	0.0000	0.0000	0.0000	0.0000	0.0000	0.0000	0.0086	0.0067	0.0019	0.0041	0.0038	0.0003	0.0045	0.0029	0.0016	0.0000	0.0000	0.0000	0.0000	0.0000	0.0000	0.0000	0.0000	0.0000	0.0679	0.0868	0.0000	0.1439	0.1543	0.0000	0.0000	0.0000	0.0000						
12	21	0.0264	3	0	2	0	0	0	0	0	0	N	Y	N	N	N	N	N	N	N	N	N	N	0.0000	0.0000	0.0000	0.0000	0.0000	0.0000	0.0000	0.0000	0.0000	0.0000	0.0000	0.0000	0.0000	0.0004	0.0006	0.0000	0.0014	0.0015	0.0000	0.0000	0.0000	0.0000	0.0000	0.0000	-0.0000	0.0000	9.2038	1.2577	12.0710	0.0000	0.0000	0.0000	0.0000	0.0000	0.0000	0.0000	0.0000	0.0000	0.0000	0.0000	0.0000	0.0000	0.0000	0.0000	0.0000	0.0000	0.0000	0.0000	0.0000	0.0000	0.0000	0.0000	0.0000	0.0000	0.0000	0.0000	0.1185	0.0802	0.0383	0.0318	0.0314	0.0004	0.0867	0.0488	0.0379	0.0000	0.0000	0.0000	0.0000	0.0000	0.0000	0.0000	0.0000	0.0000	0.0004	0.0006	0.0000	0.0014	0.0015	0.0000	0.0000	0.0000	0.0000						
12	22	0.0264	3	1	2	0	0	0	0	0	0	N	Y	N	N	N	N	N	N	N	N	N	N	0.0000	0.0000	0.0000	0.0000	0.0000	0.0000	0.0000	0.0000	0.0000	0.0000	0.0000	0.0000	0.0000	0.0078	0.0000	0.0241	0.0000	0.0000	0.0000	0.0107	0.0000	0.0244	inf	0.0000	0.0004	0.0000	12.2045	1.2577	6.9907	0.0000	0.0000	0.0000	0.0000	0.0000	0.0000	0.0000	0.0000	0.0000	0.0009	0.0000	0.0009	0.0000	0.0000	0.0000	0.0009	0.0000	0.0009	0.0000	0.0000	0.0000	0.0000	0.0000	0.0000	0.0000	0.0000	0.0000	0.1089	0.0735	0.0354	0.0291	0.0287	0.0004	0.0798	0.0448	0.0350	0.0000	0.0000	0.0000	0.0000	0.0000	0.0000	0.0000	0.0000	0.0000	0.0078	0.0000	0.0241	0.0000	0.0000	0.0000	0.0107	0.0000	0.0244						
12	23	0.0706	5	0	2	0	0	0	0	0	0	N	Y	N	N	N	N	N	N	N	N	N	N	0.0000	0.0000	0.0000	0.0000	0.0000	0.0000	0.0000	0.0000	0.0000	0.0000	0.0000	0.0000	0.0000	0.0000	0.0000	0.0000	0.0002	0.0000	0.0004	0.0001	0.0001	0.0000	0.0003	0.0000	0.0005	3.6143	0.0000	0.0000	0.0000	0.0000	1.2577	4.0676	0.0000	0.0000	0.0000	0.0000	0.0000	0.0000	0.0000	0.0000	0.0000	0.0000	0.0000	0.0000	0.0000	0.0000	0.0000	0.0000	0.0000	0.0000	0.0000	0.0000	0.0000	0.0000	0.0000	0.0000	0.0000	0.0000	0.0000	0.0424	0.0296	0.0129	0.0219	0.0200	0.0020	0.0205	0.0096	0.0109	0.0000	0.0000	0.0000	0.0000	0.0000	0.0000	0.0000	0.0000	0.0000	0.0002	0.0000	0.0004	0.0001	0.0001	0.0000	0.0003	0.0000	0.0005			
12	24	0.0264	3	1	2	0	0	0	0	0	0	N	Y	N	N	N	N	N	N	N	N	N	N	0.0000	0.0000	0.0000	0.0000	0.0000	0.0000	0.0000	0.0000	0.0000	0.0000	0.0000	0.0000	0.0000	0.0004	0.0005	0.0000	0.0013	0.0013	0.0000	0.0000	0.0000	0.0000	0.0000	0.0000	-0.0000	0.0000	8.3046	1.2577	21.0710	0.0000	0.0000	0.0000	0.0000	0.0000	0.0000	0.0000	0.0000	0.0000	0.0001	0.0001	0.0000	0.0001	0.0001	0.0000	0.0000	0.0000	0.0000	0.0000	0.0000	0.0000	0.0000	0.0000	0.0000	0.0000	0.0000	0.0000	0.1528	0.1047	0.0482	0.0419	0.0414	0.0005	0.1109	0.0633	0.0476	0.0000	0.0000	0.0000	0.0000	0.0000	0.0000	0.0000	0.0000	0.0000	0.0004	0.0005	0.0000	0.0013	0.0013	0.0000	0.0000	0.0000	0.0000						
12	25	0.0083	2	0	2	0	0	0	0	0	0	N	Y	N	N	N	N	N	N	N	N	N	N	0.0000	0.0000	0.0000	0.0000	0.0000	0.0000	0.0000	0.0000	0.0000	0.0000	0.0000	0.0000	0.0000	0.0000	0.0000	0.0000	0.0000	0.2611	0.0157	0.5909	0.0219	0.0220	0.0101	0.4292	0.0000	0.5966	27.9685	0.0000	0.0272	0.0000	1.0335	1.2577	7.4537	0.0000	0.0000	0.0000	0.0000	0.0000	0.0000	0.0000	0.0000	0.0000	0.0611	0.0021	0.0590	0.0021	0.0021	0.0000	0.0590	0.0000	0.0590	0.0000	0.0000	0.0000	0.0000	0.0000	0.0000	0.0000	0.0000	0.0000	0.2341	0.1342	0.0998	0.0967	0.0957	0.0010	0.1374	0.0386	0.0989	0.0000	0.0000	0.0000	0.0000	0.0000	0.0000	0.0000	0.0000	0.0000	0.2611	0.0157	0.5909	0.0219	0.0220	0.0101	0.4292	0.0000	0.5966		
12	26	0.0264	3	0	2	0	0	0	0	0	0	N	Y	N	N	N	N	N	N	N	N	N	N	0.0000	0.0000	0.0000	0.0000	0.0000	0.0000	0.0000	0.0000	0.0000	0.0000	0.0000	0.0000	0.0000	0.0000	0.0000	3.2856	0.0000	9.8963	0.0010	0.0000	0.0763	4.4590	0.0000	10.0020	inf	0.0000	0.1166	0.0000	7.2039	1.2577	4.9911	0.0000	0.0000	0.0000	0.0000	0.0000	0.0000	0.0000	0.0000	0.0000	0.2435	0.0000	0.2435	0.0000	0.0000	0.0000	0.2435	0.0000	0.2435	0.0000	0.0000	0.0000	0.0000	0.0000	0.0000	0.0000	0.0000	0.0000	0.0741	0.0495	0.0246	0.0195	0.0192	0.0003	0.0546	0.0303	0.0243	0.0000	0.0000	0.0000	0.0000	0.0000	0.0000	0.0000	0.0000	0.0000	3.2856	0.0000	9.8963	0.0010	0.0000	0.0763	4.4590	0.0000	10.0020				
12	27	0.1170	4	0	2	1	1	0	0	0	0	N	Y	N	N	N	N	N	N	N	N	N	N	0.0000	0.0000	0.0000	0.0000	0.0000	0.0000	0.0000	0.0000	0.0000	0.0000	0.0000	0.0000	0.0000	0.0000	0.0000	0.0000	0.0000	0.0000	0.0000	0.0000	0.0000	0.0000	0.0000	0.0000	0.0000	3.7952	0.0000	0.0000	0.0000	1.9923	1.2577	5.5017	0.0000	0.0000	0.0000	0.0000	0.0000	0.0000	0.0000	0.0000	0.0000	0.0000	0.0000	0.0000	0.0000	0.0000	0.0000	0.0000	0.0000	0.0000	0.0000	0.0000	0.0000	0.0000	0.0000	0.0000	0.0000	0.0000	0.0000	0.0818	0.0598	0.0219	0.0322	0.0305	0.0016	0.0496	0.0293	0.0203	0.0000	0.0000	0.0000	0.0000	0.0000	0.0000	0.0000	0.0000	0.0000	0.0000	0.0000	0.0000	0.0000	0.0000	0.0000	0.0000	0.0000	0.0000			
12	28	0.0264	3	0	2	0	0	0	0	0	0	N	Y	N	N	N	N	N	N	N	N	N	N	0.0000	0.0000	0.0000	0.0000	0.0000	0.0000	0.0000	0.0000	0.0000	0.0000	0.0000	0.0000	0.0000	0.0000	0.0000	0.0000	0.0109	0.0026	0.0279	0.0065	0.0066	0.0000	0.0125	0.0000	0.0282	5.3401	0.0000	0.0003	0.0000	1.7961	1.2577	15.9291	0.0000	0.0000	0.0000	0.0000	0.0000	0.0000	0.0000	0.0000	0.0000	0.0010	0.0002	0.0009	0.0002	0.0002	0.0000	0.0009	0.0000	0.0009	0.0000	0.0000	0.0000	0.0000	0.0000	0.0000	0.0000	0.0000	0.0000	0.0931	0.0625	0.0306	0.0247	0.0243	0.0003	0.0684	0.0382	0.0303	0.0000	0.0000	0.0000	0.0000	0.0000	0.0000	0.0000	0.0000	0.0000	0.0109	0.0026	0.0279	0.0065	0.0066	0.0000	0.0125	0.0000	0.0282			
12	29	0.0843	6	1	2	0	0	0	0	0	0	N	Y	N	N	N	N	N	N	N	N	N	N	0.0000	0.0000	0.0000	0.0000	0.0000	0.0000	0.0000	0.0000	0.0000	0.0000	0.0000	0.0000	0.0000	0.0000	0.0000	0.0000	0.0000	0.0000	0.0000	0.0000	0.0000	0.0000	1.2577	0.0000	0.0000	0.0000	0.0000	0.0000	0.0000	0.0000	0.0000	0.0000	0.0000	0.0000	0.0000	0.0000	0.0000	0.0000	0.0000	0.0000	0.0000	0.0000	0.0000	0.0000	0.0000	0.0000	0.0000	0.0000	0.0000	0.0000	0.0000	0.0000	0.0000	0.0000	0.0000	0.0000	0.0000	0.0000	0.0000	0.0000	0.0000	0.0000	0.0000	0.0000	0.0000	0.0000	0.0000	0.0000	0.0000	0.0000	0.0000	0.0000	0.0000	0.0000	0.0000	0.0000	0.0000	0.0000											
12	30	0.0264	3	0	2	0	1	0	0	0	0	N	Y	N	N	N	N	N	N	N	N	N	N	0.0000	0.0000	0.0000	0.0000	0.0000	0.0000	0.0000	0.0000	0.0000	0.0000	0.0000	0.0000	0.0000	0.0000	0.0000	2.2337	3.3109	0.0000	0.0026	0.0026	0.0000	3.0465	5.4315	0.0000	0.0000	0.0000	-0.1265	0.0000	0.0000	1.2577	19.0400	0.0000	0.0000	0.0000	0.0000	0.0000	0.0000	0.0000	0.0000	0.0000	0.2427	0.2427	0.0000	0.0001	0.0001	0.0000	0.2426	0.2426	0.0000	0.0000	0.0000	0.0000	0.0000	0.0000	0.0000	0.0000	0.0000	0.0000	0.1087	0.0733	0.0354	0.0290	0.0286	0.0004	0.0796	0.0447	0.0350	0.0000	0.0000	0.0000	0.0000	0.0000	0.0000	0.0000	0.0000	0.0000	2.2337	3.3109	0.0000	0.0026	0.0026	0.0000	3.0465	5.4315	0.0000				
12	31	0.0264	3	1	2	0	0	0	0	0	0	N	Y	N	N	N	N	N	N	N	N	N	N	0.0000	0.0000	0.0000	0.0000	0.0000	0.0000	0.0000	0.0000	0.0000	0.0000	0.0000	0.0000	0.0000	0.0005	0.0007	0.0000	0.0018	0.0018	0.0000	0.0000	0.0000	0.0000	0.0000	0.0000	-0.0000	0.0000	6.7961	1.2577	16.0091	0.0000	0.0000	0.0000	0.0000	0.0000	0.0000	0.0000	0.0000	0.0000	0.0001	0.0001	0.0000	0.0001	0.0001	0.0000	0.0000	0.0000	0.0000	0.0000	0.0000	0.0000	0.0000	0.0000	0.0000	0.0000	0.0000	0.0000	0.1148	0.0776	0.0372	0.0308	0.0304	0.0004	0.0840	0.0472	0.0368	0.0000	0.0000	0.0000	0.0000	0.0000	0.0000	0.0000	0.0000	0.0000	0.0005	0.0007	0.0000	0.0018	0.0018	0.0000	0.0000	0.0000	0.0000						
12	32	0.4513	10	0	1	1	0	0	0	0	0	N	N	N	N	N	N	N	N	N	N	N	N	0.0000	0.0000	0.0000	0.0000	0.0000	0.0000	0.0000	0.0000	0.0000	0.0000	0.0000	0.0000	0.0000	0.0000	0.0000	0.0000	0.0000	0.0000	0.0158	0.0206	0.0006	0.0267	0.0294	0.0000	0.0003	0.0000	0.0007	0.0085	0.0000	-0.0005	0.0000	2.4598	1.2577	7.4321	0.0000	0.0000	0.0000	0.0000	0.0000	0.0000	0.0000	0.0000	0.0000	0.0010	0.0010	0.0000	0.0010	0.0010	0.0000	0.0000	0.0000	0.0000	0.0000	0.0000	0.0000	0.0000	0.0000	0.0000	0.0000	0.0000	0.0000	0.0622	0.0473	0.0149	0.0365	0.0331	0.0034	0.0257	0.0142	0.0115	0.0000	0.0000	0.0000	0.0000	0.0000	0.0000	0.0000	0.0000	0.0000	0.0158	0.0206	0.0006	0.0267	0.0294	0.0000	0.0003	0.0000	0.0007	
12	33	0.4131	9	0	1	0	0	0	0	0	0	N	N	N	N	N	N	N	N	N	N	N	N	0.0000	0.0000	0.0000	0.0000	0.0000	0.0000	0.0000	0.0000	0.0000	0.0000	0.0000	0.0000	0.0000	0.0000	0.0000	0.0000	0.0000	0.0000	0.0152	0.0018	0.0607	0.0002	0.0002	0.0000	0.0330	0.0045	0.0769	10.2718	0.0000	0.0004	0.0000	2.7943	1.2577	8.2643	0.0000	0.0000	0.0000	0.0000	0.0000	0.0000	0.0000	0.0000	0.0000	0.0010	0.0001	0.0009	0.0000	0.0000	0.0000	0.0010	0.0001	0.0009	0.0000	0.0000	0.0000	0.0000	0.0000	0.0000	0.0000	0.0000	0.0000	0.0646	0.0498	0.0148	0.0350	0.0319	0.0031	0.0296	0.0179	0.0116	0.0000	0.0000	0.0000	0.0000	0.0000	0.0000	0.0000	0.0000	0.0000	0.0152	0.0018	0.0607	0.0002	0.0002	0.0000	0.0330	0.0045	0.0769	
12	34	0.0819	4	0	2	0	0	0	0	0	0	N	Y	N	N	N	N	N	N	N	N	N	N	0.0000	0.0000	0.0000	0.0000	0.0000	0.0000	0.0000	0.0000	0.0000	0.0000	0.0000	0.0000	0.0000	0.0000	0.0000	0.0000	0.0000	0.0002	0.0000	0.0009	0.0000	0.0000	0.0000	0.0007	0.0000	0.0016	25.1622	0.0000	0.0000	0.0000	0.0009	1.2577	2.4415	0.0000	0.0000	0.0000	0.0000	0.0000	0.0000	0.0000	0.0000	0.0000	0.0000	0.0000	0.0000	0.0000	0.0000	0.0000	0.0000	0.0000	0.0000	0.0000	0.0000	0.0000	0.0000	0.0000	0.0000	0.0000	0.0000	0.0000	0.0180	0.0135	0.0045	0.0117	0.0098	0.0018	0.0063	0.0036	0.0027	0.0000	0.0000	0.0000	0.0000	0.0000	0.0000	0.0000	0.0000	0.0000	0.0002	0.0000	0.0009	0.0000	0.0000	0.0000	0.0007	0.0000	0.0016		
12	35	0.0264	3	1	1	1	0	0	0	0	0	N	N	N	N	N	N	N	N	N	N	N	N	0.0000	0.0000	0.0000	0.0000	0.0000	0.0000	0.0000	0.0000	0.0000	0.0000	0.0000	0.0000	0.0000	0.0216	0.0000	0.0643	0.0000	0.0000	0.0000	0.0294	0.0000	0.0650	inf	0.0000	0.0004	0.0000	0.0000	1.2577	5.9600	0.0000	0.0000	0.0000	0.0000	0.0000	0.0000	0.0000	0.0000	0.0000	0.0009	0.0000	0.0009	0.0000	0.0000	0.0000	0.0009	0.0000	0.0009	0.0000	0.0000	0.0000	0.0000	0.0000	0.0000	0.0000	0.0000	0.0000	0.0396	0.0263	0.0133	0.0105	0.0103	0.0001	0.0291	0.0160	0.0131	0.0000	0.0000	0.0000	0.0000	0.0000	0.0000	0.0000	0.0000	0.0000	0.0216	0.0000	0.0643	0.0000	0.0000	0.0000	0.0294	0.0000	0.0650						
12	36	0.1170	4	0	2	0	0	0	0	0	0	N	Y	N	N	N	N	N	N	N	N	N	N	0.0000	0.0000	0.0000	0.0000	0.0000	0.0000	0.0000	0.0000	0.0000	0.0000	0.0000	0.0000	0.0000	0.0009	0.0012	0.0000	0.0022	0.0023	0.0000	0.0000	0.0000	0.0000	0.0000	0.0000	-0.0000	0.0000	0.0123	1.2577	6.2120	0.0000	0.0000	0.0000	0.0000	0.0000	0.0000	0.0000	0.0000	0.0000	0.0001	0.0001	0.0000	0.0001	0.0001	0.0000	0.0000	0.0000	0.0000	0.0000	0.0000	0.0000	0.0000	0.0000	0.0000	0.0000	0.0000	0.0000	0.0697	0.0509	0.0188	0.0274	0.0260	0.0014	0.0422	0.0249	0.0174	0.0000	0.0000	0.0000	0.0000	0.0000	0.0000	0.0000	0.0000	0.0000	0.0009	0.0012	0.0000	0.0022	0.0023	0.0000	0.0000	0.0000	0.0000						
12	37	0.0264	3	0	2	0	0	0	0	0	0	N	Y	N	N	N	N	N	N	N	N	N	N	0.0000	0.0000	0.0000	0.0000	0.0000	0.0000	0.0000	0.0000	0.0000	0.0000	0.0000	0.0000	0.0000	0.0004	0.0006	0.0000	0.0014	0.0015	0.0000	0.0000	0.0000	0.0000	0.0000	0.0000	-0.0000	0.0000	8.2035	1.2577	18.5835	0.0000	0.0000	0.0000	0.0000	0.0000	0.0000	0.0000	0.0000	0.0000	0.0001	0.0001	0.0000	0.0001	0.0001	0.0000	0.0000	0.0000	0.0000	0.0000	0.0000	0.0000	0.0000	0.0000	0.0000	0.0000	0.0000	0.0000	0.1423	0.0971	0.0452	0.0388	0.0383	0.0005	0.1035	0.0588	0.0447	0.0000	0.0000	0.0000	0.0000	0.0000	0.0000	0.0000	0.0000	0.0000	0.0004	0.0006	0.0000	0.0014	0.0015	0.0000	0.0000	0.0000	0.0000						
12	38	0.0264	3	0	2	0	1	0	0	0	0	N	Y	N	N	N	N	N	N	N	N	N	N	0.0000	0.0000	0.0000	0.0000	0.0000	0.0000	0.0000	0.0000	0.0000	0.0000	0.0000	0.0000	0.0000	0.0015	0.0022	0.0000	0.0055	0.0056	0.0000	0.0000	0.0000	0.0000	0.0000	0.0000	-0.0001	0.0000	10.2042	1.2577	23.0710	0.0000	0.0000	0.0000	0.0000	0.0000	0.0000	0.0000	0.0000	0.0000	0.0003	0.0003	0.0000	0.0003	0.0003	0.0000	0.0000	0.0000	0.0000	0.0000	0.0000	0.0000	0.0000	0.0000	0.0000	0.0000	0.0000	0.0000	0.1676	0.1154	0.0522	0.0464	0.0459	0.0006	0.1211	0.0695	0.0516	0.0000	0.0000	0.0000	0.0000	0.0000	0.0000	0.0000	0.0000	0.0000	0.0015	0.0022	0.0000	0.0055	0.0056	0.0000	0.0000	0.0000	0.0000						
12	39	0.0264	3	1	1	1	0	0	0	0	0	N	N	N	N	N	N	N	N	N	N	N	N	0.0000	0.0000	0.0000	0.0000	0.0000	0.0000	0.0000	0.0000	0.0000	0.0000	0.0000	0.0000	0.0000	0.0571	0.0000	0.1741	0.0000	0.0000	0.0000	0.0799	0.0000	0.1766	inf	0.0000	0.0004	0.0000	0.0000	1.2577	1.9600	0.0000	0.0000	0.0000	0.0000	0.0000	0.0000	0.0000	0.0000	0.0000	0.0009	0.0000	0.0009	0.0000	0.0000	0.0000	0.0009	0.0000	0.0009	0.0000	0.0000	0.0000	0.0000	0.0000	0.0000	0.0000	0.0000	0.0000	0.0150	0.0100	0.0049	0.0043	0.0042	0.0001	0.0107	0.0059	0.0048	0.0000	0.0000	0.0000	0.0000	0.0000	0.0000	0.0000	0.0000	0.0000	0.0571	0.0000	0.1741	0.0000	0.0000	0.0000	0.0799	0.0000	0.1766						
12	40	0.0819	4	0	1	1	0	0	0	0	0	N	N	N	N	N	N	N	N	N	N	N	N	0.0000	0.0000	0.0000	0.0000	0.0000	0.0000	0.0000	0.0000	0.0000	0.0000	0.0000	0.0000	0.0000	0.0000	0.0000	0.0000	0.0046	0.0059	0.0000	0.0074	0.0085	0.0000	0.0000	0.0000	0.0000	0.0000	0.0000	-0.0001	0.0000	0.0009	1.2577	7.7842	0.0000	0.0000	0.0000	0.0000	0.0000	0.0000	0.0000	0.0000	0.0000	0.0002	0.0002	0.0000	0.0002	0.0002	0.0000	0.0000	0.0000	0.0000	0.0000	0.0000	0.0000	0.0000	0.0000	0.0000	0.0000	0.0000	0.0000	0.0424	0.0332	0.0092	0.0265	0.0230	0.0035	0.0158	0.0101	0.0057	0.0000	0.0000	0.0000	0.0000	0.0000	0.0000	0.0000	0.0000	0.0000	0.0046	0.0059	0.0000	0.0074	0.0085	0.0000	0.0000	0.0000	0.0000			
12	41	0.0264	3	0	1	0	0	0	0	0	0	N	N	N	N	N	N	N	N	N	N	N	N	0.0000	0.0000	0.0000	0.0000	0.0000	0.0000	0.0000	0.0000	0.0000	0.0000	0.0000	0.0000	0.0000	0.0000	0.0000	0.0000	0.0005	0.0008	0.0000	0.0020	0.0020	0.0000	0.0000	0.0000	0.0000	0.0007	0.0000	-0.0000	0.0000	1.7959	1.2577	20.1034	0.0000	0.0000	0.0000	0.0000	0.0000	0.0000	0.0000	0.0000	0.0000	0.0001	0.0001	0.0000	0.0001	0.0001	0.0000	0.0000	0.0000	0.0000	0.0000	0.0000	0.0000	0.0000	0.0000	0.0000	0.0000	0.0000	0.0000	0.1111	0.0750	0.0361	0.0297	0.0293	0.0004	0.0814	0.0457	0.0357	0.0000	0.0000	0.0000	0.0000	0.0000	0.0000	0.0000	0.0000	0.0000	0.0005	0.0008	0.0000	0.0020	0.0020	0.0000	0.0000	0.0000	0.0000			
12	42	0.0964	4	0	2	0	0	0	0	0	0	N	Y	N	N	N	N	N	N	N	N	N	N	0.0000	0.0000	0.0000	0.0000	0.0000	0.0000	0.0000	0.0000	0.0000	0.0000	0.0000	0.0000	0.0000	0.0000	0.0000	0.0000	0.0000	0.0000	0.0000	0.0000	0.0000	0.0003	1.2577	0.0002	0.0000	0.0000	0.0000	0.0000	0.0000	0.0000	0.0000	0.0000	0.0000	0.0000	0.0000	0.0000	0.0000	0.0000	0.0000	0.0000	0.0000	0.0000	0.0000	0.0000	0.0000	0.0000	0.0000	0.0000	0.0000	0.0000	0.0000	0.0000	0.0000	0.0000	0.0000	0.0000	0.0000	0.0000	0.0000	0.0000	0.0000	0.0000	0.0000	0.0000	0.0000	0.0000	0.0000	0.0000	0.0000	0.0000	0.0000	0.0000	0.0000	0.0000	0.0000	0.0000	0.0000	0.0000											
12	43	0.0524	4	1	2	1	0	0	0	0	0	N	Y	N	N	N	N	N	N	N	N	N	N	0.0000	0.0000	0.0000	0.0000	0.0000	0.0000	0.0000	0.0000	0.0000	0.0000	0.0000	0.0000	0.0000	0.0000	0.0000	0.0000	0.0000	0.0000	0.0000	0.0000	0.0000	0.0000	1.2577	2.0000	0.0000	0.0000	0.0000	0.0000	0.0000	0.0000	0.0000	0.0000	0.0000	0.0000	0.0000	0.0000	0.0000	0.0000	0.0000	0.0000	0.0000	0.0000	0.0000	0.0000	0.0000	0.0000	0.0000	0.0000	0.0000	0.0000	0.0000	0.0100	0.0073	0.0027	0.0037	0.0033	0.0003	0.0064	0.0039	0.0024	0.0000	0.0000	0.0000	0.0000	0.0000	0.0000	0.0000	0.0000	0.0000	0.0000	0.0000	0.0000	0.0000	0.0000	0.0000	0.0000	0.0000	0.0000											
12	44	0.0524	4	1	2	1	0	0	0	0	0	N	Y	N	N	N	N	N	N	N	N	N	N	0.0000	0.0000	0.0000	0.0000	0.0000	0.0000	0.0000	0.0000	0.0000	0.0000	0.0000	0.0000	0.0000	0.0000	0.0000	0.0000	0.0000	0.0000	0.0000	0.0000	0.0000	0.0000	1.2577	0.0000	0.0000	0.0000	0.0000	0.0000	0.0000	0.0000	0.0000	0.0000	0.0000	0.0000	0.0000	0.0000	0.0000	0.0000	0.0000	0.0000	0.0000	0.0000	0.0000	0.0000	0.0000	0.0000	0.0000	0.0000	0.0000	0.0000	0.0000	0.0000	0.0000	0.0000	0.0000	0.0000	0.0000	0.0000	0.0000	0.0000	0.0000	0.0000	0.0000	0.0000	0.0000	0.0000	0.0000	0.0000	0.0000	0.0000	0.0000	0.0000	0.0000	0.0000	0.0000	0.0000	0.0000	0.0000											
12	45	0.0264	3	1	2	1	0	0	0	0	0	N	Y	N	N	N	N	N	N	N	N	N	N	0.0000	0.0000	0.0000	0.0000	0.0000	0.0000	0.0000	0.0000	0.0000	0.0000	0.0000	0.0000	0.0000	0.0170	0.0000	0.0508	0.0000	0.0000	0.0000	0.0231	0.0000	0.0513	inf	0.0000	0.0004	0.0000	0.7962	1.2577	7.9291	0.0000	0.0000	0.0000	0.0000	0.0000	0.0000	0.0000	0.0000	0.0000	0.0009	0.0000	0.0009	0.0000	0.0000	0.0000	0.0009	0.0000	0.0009	0.0000	0.0000	0.0000	0.0000	0.0000	0.0000	0.0000	0.0000	0.0000	0.0502	0.0334	0.0168	0.0132	0.0130	0.0002	0.0370	0.0204	0.0167	0.0000	0.0000	0.0000	0.0000	0.0000	0.0000	0.0000	0.0000	0.0000	0.0170	0.0000	0.0508	0.0000	0.0000	0.0000	0.0231	0.0000	0.0513						
12	46	0.0264	3	1	2	0	0	0	0	0	0	N	Y	N	N	N	N	N	N	N	N	N	N	0.0000	0.0000	0.0000	0.0000	0.0000	0.0000	0.0000	0.0000	0.0000	0.0000	0.0000	0.0000	0.0000	0.0114	0.0000	0.0344	0.0000	0.0000	0.0000	0.0155	0.0000	0.0348	inf	0.0000	0.0004	0.0000	0.7962	1.2577	12.9291	0.0000	0.0000	0.0000	0.0000	0.0000	0.0000	0.0000	0.0000	0.0000	0.0009	0.0000	0.0009	0.0000	0.0000	0.0000	0.0009	0.0000	0.0009	0.0000	0.0000	0.0000	0.0000	0.0000	0.0000	0.0000	0.0000	0.0000	0.0748	0.0500	0.0248	0.0197	0.0194	0.0003	0.0551	0.0305	0.0246	0.0000	0.0000	0.0000	0.0000	0.0000	0.0000	0.0000	0.0000	0.0000	0.0114	0.0000	0.0344	0.0000	0.0000	0.0000	0.0155	0.0000	0.0348						
12	47	0.0264	3	0	2	0	1	0	0	0	0	N	Y	N	N	N	N	N	N	N	N	N	N	0.0000	0.0000	0.0000	0.0000	0.0000	0.0000	0.0000	0.0000	0.0000	0.0000	0.0000	0.0000	0.0000	0.0003	0.0005	0.0000	0.0013	0.0013	0.0000	0.0000	0.0000	0.0000	0.0000	0.0000	-0.0000	0.0000	9.0000	1.2577	15.0400	0.0000	0.0000	0.0000	0.0000	0.0000	0.0000	0.0000	0.0000	0.0000	0.0000	0.0000	0.0000	0.0000	0.0000	0.0000	0.0000	0.0000	0.0000	0.0000	0.0000	0.0000	0.0000	0.0000	0.0000	0.0000	0.0000	0.0000	0.1313	0.0892	0.0420	0.0355	0.0351	0.0005	0.0958	0.0542	0.0416	0.0000	0.0000	0.0000	0.0000	0.0000	0.0000	0.0000	0.0000	0.0000	0.0003	0.0005	0.0000	0.0013	0.0013	0.0000	0.0000	0.0000	0.0000						
12	48	0.1049	4	0	1	0	1	0	0	0	0	N	N	N	N	N	N	N	N	N	N	N	N	0.0000	0.0000	0.0000	0.0000	0.0000	0.0000	0.0000	0.0000	0.0000	0.0000	0.0000	0.0000	0.0000	0.0000	0.0000	0.0000	0.0000	0.0000	0.0000	0.0000	0.0000	0.0000	0.0000	0.0000	0.0000	0.1759	0.0000	-0.0000	0.0000	0.0037	1.2577	3.0208	0.0000	0.0000	0.0000	0.0000	0.0000	0.0000	0.0000	0.0000	0.0000	0.0000	0.0000	0.0000	0.0000	0.0000	0.0000	0.0000	0.0000	0.0000	0.0000	0.0000	0.0000	0.0000	0.0000	0.0000	0.0000	0.0000	0.0000	0.0172	0.0133	0.0038	0.0104	0.0093	0.0011	0.0067	0.0040	0.0028	0.0000	0.0000	0.0000	0.0000	0.0000	0.0000	0.0000	0.0000	0.0000	0.0000	0.0000	0.0000	0.0000	0.0000	0.0000	0.0000	0.0000	0.0000			
12	49	0.0264	3	0	1	0	1	0	0	0	0	N	N	N	N	N	N	N	N	N	N	N	N	0.0000	0.0000	0.0000	0.0000	0.0000	0.0000	0.0000	0.0000	0.0000	0.0000	0.0000	0.0000	0.0000	0.0000	0.0000	0.0000	0.0004	0.0006	0.0000	0.0015	0.0015	0.0000	0.0000	0.0000	0.0000	0.0002	0.0000	-0.0000	0.0000	4.7960	1.2577	23.0471	0.0000	0.0000	0.0000	0.0000	0.0000	0.0000	0.0000	0.0000	0.0000	0.0001	0.0001	0.0000	0.0001	0.0001	0.0000	0.0000	0.0000	0.0000	0.0000	0.0000	0.0000	0.0000	0.0000	0.0000	0.0000	0.0000	0.0000	0.1348	0.0917	0.0431	0.0365	0.0361	0.0005	0.0982	0.0556	0.0426	0.0000	0.0000	0.0000	0.0000	0.0000	0.0000	0.0000	0.0000	0.0000	0.0004	0.0006	0.0000	0.0015	0.0015	0.0000	0.0000	0.0000	0.0000			
12	50	0.0613	4	0	2	1	0	0	0	0	0	N	Y	N	N	N	N	N	N	N	N	N	N	0.0000	0.0000	0.0000	0.0000	0.0000	0.0000	0.0000	0.0000	0.0000	0.0000	0.0000	0.0000	0.0000	0.0000	0.0000	0.0000	0.0000	0.0000	0.0067	0.0049	0.0104	0.0096	0.0103	0.0000	0.0050	0.0000	0.0113	0.9609	0.0000	-0.0000	0.0000	1.4428	1.2577	0.4686	0.0000	0.0000	0.0000	0.0000	0.0000	0.0000	0.0000	0.0000	0.0000	0.0002	0.0001	0.0001	0.0001	0.0001	0.0000	0.0001	0.0000	0.0001	0.0000	0.0000	0.0000	0.0000	0.0000	0.0000	0.0000	0.0000	0.0000	0.0249	0.0171	0.0078	0.0087	0.0081	0.0006	0.0161	0.0089	0.0072	0.0000	0.0000	0.0000	0.0000	0.0000	0.0000	0.0000	0.0000	0.0000	0.0067	0.0049	0.0104	0.0096	0.0103	0.0000	0.0050	0.0000	0.0113	
12	51	0.0264	3	0	2	0	0	0	0	0	0	N	Y	N	N	N	N	N	N	N	N	N	N	0.0000	0.0000	0.0000	0.0000	0.0000	0.0000	0.0000	0.0000	0.0000	0.0000	0.0000	0.0000	0.0000	0.0000	0.0000	0.0000	0.0000	2.7030	0.0039	8.2038	0.0108	0.0101	0.0635	3.6718	0.0000	8.2914	1019.8374	0.0000	0.1161	0.0000	7.1845	1.2577	8.0722	0.0000	0.0000	0.0000	0.0000	0.0000	0.0000	0.0000	0.0000	0.0000	0.2428	0.0002	0.2426	0.0003	0.0002	0.0000	0.2426	0.0000	0.2426	0.0000	0.0000	0.0000	0.0000	0.0000	0.0000	0.0000	0.0000	0.0000	0.0898	0.0603	0.0296	0.0238	0.0235	0.0003	0.0661	0.0368	0.0293	0.0000	0.0000	0.0000	0.0000	0.0000	0.0000	0.0000	0.0000	0.0000	2.7030	0.0039	8.2038	0.0108	0.0101	0.0635	3.6718	0.0000	8.2914		
12	52	0.0490	4	1	1	1	0	0	0	0	0	N	N	N	N	N	N	N	N	N	N	N	N	0.0000	0.0000	0.0000	0.0000	0.0000	0.0000	0.0000	0.0000	0.0000	0.0000	0.0000	0.0000	0.0000	0.0000	0.0000	0.0009	0.0000	0.0025	0.0000	0.0000	0.0014	0.0012	0.0000	0.0025	inf	0.0000	0.0000	0.0000	0.9976	1.2577	4.7732	0.0000	0.0000	0.0000	0.0000	0.0000	0.0000	0.0000	0.0000	0.0000	0.0000	0.0000	0.0000	0.0000	0.0000	0.0000	0.0000	0.0000	0.0000	0.0000	0.0000	0.0000	0.0000	0.0000	0.0000	0.0000	0.0000	0.0000	0.0495	0.0324	0.0172	0.0142	0.0141	0.0002	0.0353	0.0183	0.0170	0.0000	0.0000	0.0000	0.0000	0.0000	0.0000	0.0000	0.0000	0.0000	0.0009	0.0000	0.0025	0.0000	0.0000	0.0014	0.0012	0.0000	0.0025				
12	53	0.0264	3	1	1	0	0	0	0	0	0	N	N	N	N	N	N	N	N	N	N	N	N	0.0000	0.0000	0.0000	0.0000	0.0000	0.0000	0.0000	0.0000	0.0000	0.0000	0.0000	0.0000	0.0000	0.0000	0.0000	0.0000	0.0000	0.0142	0.0001	0.0421	0.0003	0.0003	0.0000	0.0191	0.0000	0.0425	159.4544	0.0000	0.0004	0.0000	3.2133	1.2577	6.0120	0.0000	0.0000	0.0000	0.0000	0.0000	0.0000	0.0000	0.0000	0.0000	0.0008	0.0000	0.0008	0.0000	0.0000	0.0000	0.0008	0.0000	0.0008	0.0000	0.0000	0.0000	0.0000	0.0000	0.0000	0.0000	0.0000	0.0000	0.0580	0.0386	0.0194	0.0152	0.0150	0.0002	0.0428	0.0236	0.0192	0.0000	0.0000	0.0000	0.0000	0.0000	0.0000	0.0000	0.0000	0.0000	0.0142	0.0001	0.0421	0.0003	0.0003	0.0000	0.0191	0.0000	0.0425		
12	54	0.0264	3	1	2	0	0	0	0	0	0	N	Y	N	N	N	N	N	N	N	N	N	N	0.0000	0.0000	0.0000	0.0000	0.0000	0.0000	0.0000	0.0000	0.0000	0.0000	0.0000	0.0000	0.0000	0.0114	0.0000	0.0344	0.0000	0.0000	0.0000	0.0155	0.0000	0.0348	inf	0.0000	0.0004	0.0000	1.7961	1.2577	11.9291	0.0000	0.0000	0.0000	0.0000	0.0000	0.0000	0.0000	0.0000	0.0000	0.0009	0.0000	0.0009	0.0000	0.0000	0.0000	0.0009	0.0000	0.0009	0.0000	0.0000	0.0000	0.0000	0.0000	0.0000	0.0000	0.0000	0.0000	0.0748	0.0500	0.0248	0.0197	0.0194	0.0003	0.0551	0.0305	0.0246	0.0000	0.0000	0.0000	0.0000	0.0000	0.0000	0.0000	0.0000	0.0000	0.0114	0.0000	0.0344	0.0000	0.0000	0.0000	0.0155	0.0000	0.0348						
12	55	0.0477	4	0	2	0	0	0	0	0	0	N	Y	N	N	N	N	N	N	N	N	N	N	0.0000	0.0000	0.0000	0.0000	0.0000	0.0000	0.0000	0.0000	0.0000	0.0000	0.0000	0.0000	0.0000	0.0000	0.0000	0.0000	0.0000	0.0000	5.0600	0.0001	16.8789	0.0023	0.0001	0.0276	9.0646	0.0000	19.1431	125155.2768	0.0000	0.1156	0.0000	0.0041	1.2577	6.2745	0.0000	0.0000	0.0000	0.0000	0.0000	0.0000	0.0000	0.0000	0.0000	0.2413	0.0000	0.2413	0.0000	0.0000	0.0000	0.2413	0.0000	0.2413	0.0000	0.0000	0.0000	0.0000	0.0000	0.0000	0.0000	0.0000	0.0000	0.0477	0.0334	0.0143	0.0211	0.0194	0.0017	0.0266	0.0140	0.0126	0.0000	0.0000	0.0000	0.0000	0.0000	0.0000	0.0000	0.0000	0.0000	5.0600	0.0001	16.8789	0.0023	0.0001	0.0276	9.0646	0.0000	19.1431	
12	56	0.0964	4	0	1	1	0	0	0	0	0	N	N	N	N	N	N	N	N	N	N	N	N	0.0000	0.0000	0.0000	0.0000	0.0000	0.0000	0.0000	0.0000	0.0000	0.0000	0.0000	0.0000	0.0000	0.0000	0.0000	0.0000	0.0000	0.0000	0.0000	0.0000	0.0000	18.9997	1.2577	4.0000	0.0000	0.0000	0.0000	0.0000	0.0000	0.0000	0.0000	0.0000	0.0000	0.0000	0.0000	0.0000	0.0000	0.0000	0.0000	0.0000	0.0000	0.0000	0.0000	0.0000	0.0000	0.0000	0.0000	0.0000	0.0000	0.0000	0.0000	0.1066	0.0855	0.0211	0.0626	0.0559	0.0067	0.0440	0.0296	0.0143	0.0000	0.0000	0.0000	0.0000	0.0000	0.0000	0.0000	0.0000	0.0000	0.0000	0.0000	0.0000	0.0000	0.0000	0.0000	0.0000	0.0000	0.0000											
12	57	0.0264	3	0	1	0	0	0	0	0	0	N	N	N	N	N	N	N	N	N	N	N	N	0.0000	0.0000	0.0000	0.0000	0.0000	0.0000	0.0000	0.0000	0.0000	0.0000	0.0000	0.0000	0.0000	0.0004	0.0006	0.0000	0.0016	0.0016	0.0000	0.0000	0.0000	0.0000	0.0000	0.0000	-0.0000	0.0000	1.7961	1.2577	22.3138	0.0000	0.0000	0.0000	0.0000	0.0000	0.0000	0.0000	0.0000	0.0000	0.0001	0.0001	0.0000	0.0001	0.0001	0.0000	0.0000	0.0000	0.0000	0.0000	0.0000	0.0000	0.0000	0.0000	0.0000	0.0000	0.0000	0.0000	0.1298	0.0882	0.0416	0.0351	0.0346	0.0005	0.0947	0.0536	0.0412	0.0000	0.0000	0.0000	0.0000	0.0000	0.0000	0.0000	0.0000	0.0000	0.0004	0.0006	0.0000	0.0016	0.0016	0.0000	0.0000	0.0000	0.0000						
12	61	0.4195	10	0	1	0	0	0	0	0	0	N	N	N	N	N	N	N	N	N	N	N	N	0.0000	0.0000	0.0000	0.0000	0.0000	0.0000	0.0000	0.0000	0.0000	0.0000	0.0000	0.0000	0.0000	0.0000	0.0000	0.0000	0.0000	0.0000	0.0000	0.0000	0.0001	0.0001	0.0000	0.0000	0.0000	0.0000	0.0247	0.0000	-0.0000	0.0000	1.0140	1.2577	12.0537	0.0000	0.0000	0.0000	0.0000	0.0000	0.0000	0.0000	0.0000	0.0000	0.0000	0.0000	0.0000	0.0000	0.0000	0.0000	0.0000	0.0000	0.0000	0.0000	0.0000	0.0000	0.0000	0.0000	0.0000	0.0000	0.0000	0.0000	0.0695	0.0539	0.0155	0.0372	0.0337	0.0034	0.0323	0.0202	0.0121	0.0000	0.0000	0.0000	0.0000	0.0000	0.0000	0.0000	0.0000	0.0000	0.0000	0.0000	0.0000	0.0001	0.0001	0.0000	0.0000	0.0000	0.0000		
12	62	0.3436	7	0	1	0	0	0	0	0	0	N	N	N	N	N	N	N	N	N	N	N	N	0.0000	0.0000	0.0000	0.0000	0.0000	0.0000	0.0000	0.0000	0.0000	0.0000	0.0000	0.0000	0.0000	0.0000	0.0000	0.0000	0.0000	0.0000	0.7437	0.0038	3.3593	0.0049	0.0007	0.0567	1.5344	0.0088	4.0557	247.1029	0.0000	0.1154	0.0000	22.0948	1.2577	64.3951	0.0000	0.0000	0.0000	0.0000	0.0000	0.0000	0.0000	0.0000	0.0000	0.2429	0.0010	0.2419	0.0008	0.0001	0.0007	0.2421	0.0009	0.2412	0.0000	0.0000	0.0000	0.0000	0.0000	0.0000	0.0000	0.0000	0.0000	0.3266	0.2546	0.0720	0.1688	0.1563	0.0125	0.1578	0.0983	0.0595	0.0000	0.0000	0.0000	0.0000	0.0000	0.0000	0.0000	0.0000	0.0000	0.7437	0.0038	3.3593	0.0049	0.0007	0.0567	1.5344	0.0088	4.0557	
12	63	0.1367	6	0	1	0	0	0	0	0	0	N	N	N	N	N	N	N	N	N	N	N	N	0.0000	0.0000	0.0000	0.0000	0.0000	0.0000	0.0000	0.0000	0.0000	0.0000	0.0000	0.0000	0.0000	0.0000	0.0000	0.0000	0.0000	7.0728	0.0007	28.4658	0.0010	0.0011	0.0001	14.7137	0.0000	35.5838	13410.9979	0.0000	0.4735	0.0000	3.0638	1.2577	18.8214	0.0000	0.0000	0.0000	0.0000	0.0000	0.0000	0.0000	0.0000	0.0000	0.9889	0.0001	0.9888	0.0001	0.0001	0.0000	0.9888	0.0000	0.9888	0.0000	0.0000	0.0000	0.0000	0.0000	0.0000	0.0000	0.0000	0.0000	0.1398	0.1051	0.0347	0.0726	0.0657	0.0069	0.0672	0.0394	0.0278	0.0000	0.0000	0.0000	0.0000	0.0000	0.0000	0.0000	0.0000	0.0000	7.0728	0.0007	28.4658	0.0010	0.0011	0.0001	14.7137	0.0000	35.5838		
12	64	0.0477	4	1	2	1	0	0	0	0	0	N	Y	N	N	N	N	N	N	N	N	N	N	0.0000	0.0000	0.0000	0.0000	0.0000	0.0000	0.0000	0.0000	0.0000	0.0000	0.0000	0.0000	0.0000	0.0000	0.0000	0.0000	0.0000	0.0000	0.0315	0.0438	0.0018	0.0735	0.0799	0.0001	0.0009	0.0000	0.0020	0.0165	0.0000	-0.0010	0.0000	1.0029	1.2577	8.4685	0.0000	0.0000	0.0000	0.0000	0.0000	0.0000	0.0000	0.0000	0.0000	0.0019	0.0019	0.0000	0.0019	0.0019	0.0000	0.0000	0.0000	0.0000	0.0000	0.0000	0.0000	0.0000	0.0000	0.0000	0.0000	0.0000	0.0000	0.0616	0.0436	0.0180	0.0260	0.0239	0.0021	0.0356	0.0197	0.0159	0.0000	0.0000	0.0000	0.0000	0.0000	0.0000	0.0000	0.0000	0.0000	0.0315	0.0438	0.0018	0.0735	0.0799	0.0001	0.0009	0.0000	0.0020	
12	65	0.0264	3	0	2	0	0	0	0	0	0	N	Y	N	N	N	N	N	N	N	N	N	N	0.0000	0.0000	0.0000	0.0000	0.0000	0.0000	0.0000	0.0000	0.0000	0.0000	0.0000	0.0000	0.0000	0.0000	0.0000	0.0000	0.0000	0.0000	0.0459	0.0067	0.1237	0.0151	0.0153	0.0006	0.0569	0.0012	0.1251	9.2702	0.0000	0.0009	0.0000	0.7961	1.2577	8.5878	0.0000	0.0000	0.0000	0.0000	0.0000	0.0000	0.0000	0.0000	0.0000	0.0025	0.0002	0.0022	0.0002	0.0002	0.0000	0.0022	0.0000	0.0022	0.0000	0.0000	0.0000	0.0000	0.0000	0.0000	0.0000	0.0000	0.0000	0.0536	0.0356	0.0179	0.0141	0.0139	0.0002	0.0395	0.0217	0.0177	0.0000	0.0000	0.0000	0.0000	0.0000	0.0000	0.0000	0.0000	0.0000	0.0459	0.0067	0.1237	0.0151	0.0153	0.0006	0.0569	0.0012	0.1251	
12	66	0.4195	10	0	2	0	0	0	0	0	0	N	Y	N	N	N	N	N	N	N	N	N	N	0.0000	0.0000	0.0000	0.0000	0.0000	0.0000	0.0000	0.0000	0.0000	0.0000	0.0000	0.0000	0.0000	0.0000	0.0000	0.0000	0.0000	0.0000	0.0000	0.0000	0.0001	0.0001	0.0000	0.0000	0.0000	0.0000	0.0247	0.0000	-0.0000	0.0000	1.0110	1.2577	12.5479	0.0000	0.0000	0.0000	0.0000	0.0000	0.0000	0.0000	0.0000	0.0000	0.0000	0.0000	0.0000	0.0000	0.0000	0.0000	0.0000	0.0000	0.0000	0.0000	0.0000	0.0000	0.0000	0.0000	0.0000	0.0000	0.0000	0.0000	0.0714	0.0555	0.0159	0.0382	0.0347	0.0035	0.0332	0.0208	0.0124	0.0000	0.0000	0.0000	0.0000	0.0000	0.0000	0.0000	0.0000	0.0000	0.0000	0.0000	0.0000	0.0001	0.0001	0.0000	0.0000	0.0000	0.0000		
12	67	0.4131	9	0	1	0	0	0	0	0	0	N	N	N	N	N	N	N	N	N	N	N	N	0.0000	0.0000	0.0000	0.0000	0.0000	0.0000	0.0000	0.0000	0.0000	0.0000	0.0000	0.0000	0.0000	0.0000	0.0000	0.0000	0.0000	0.0000	0.0003	0.0003	0.0003	0.0005	0.0005	0.0000	0.0002	0.0000	0.0004	0.3181	0.0000	-0.0000	0.0000	0.9784	1.2577	1.5217	0.0000	0.0000	0.0000	0.0000	0.0000	0.0000	0.0000	0.0000	0.0000	0.0000	0.0000	0.0000	0.0000	0.0000	0.0000	0.0000	0.0000	0.0000	0.0000	0.0000	0.0000	0.0000	0.0000	0.0000	0.0000	0.0000	0.0000	0.0277	0.0205	0.0072	0.0149	0.0139	0.0010	0.0128	0.0066	0.0062	0.0000	0.0000	0.0000	0.0000	0.0000	0.0000	0.0000	0.0000	0.0000	0.0003	0.0003	0.0003	0.0005	0.0005	0.0000	0.0002	0.0000	0.0004	
12	68	0.3829	8	0	1	0	0	0	0	0	0	N	N	N	N	N	N	N	N	N	N	N	N	0.0000	0.0000	0.0000	0.0000	0.0000	0.0000	0.0000	0.0000	0.0000	0.0000	0.0000	0.0000	0.0000	0.0000	0.0000	0.0000	0.0000	0.0000	0.0107	0.0139	0.0009	0.0184	0.0207	0.0000	0.0005	0.0001	0.0011	0.0202	0.0000	-0.0004	0.0000	1.0531	1.2577	9.0748	0.0000	0.0000	0.0000	0.0000	0.0000	0.0000	0.0000	0.0000	0.0000	0.0007	0.0007	0.0000	0.0007	0.0007	0.0000	0.0000	0.0000	0.0000	0.0000	0.0000	0.0000	0.0000	0.0000	0.0000	0.0000	0.0000	0.0000	0.0658	0.0495	0.0163	0.0375	0.0333	0.0042	0.0283	0.0162	0.0121	0.0000	0.0000	0.0000	0.0000	0.0000	0.0000	0.0000	0.0000	0.0000	0.0107	0.0139	0.0009	0.0184	0.0207	0.0000	0.0005	0.0001	0.0011	
12	69	0.0264	3	1	1	1	0	0	0	0	0	N	N	N	N	N	N	N	N	N	N	N	N	0.0000	0.0000	0.0000	0.0000	0.0000	0.0000	0.0000	0.0000	0.0000	0.0000	0.0000	0.0000	0.0000	0.0000	0.0000	0.0000	0.0314	0.0090	0.0758	0.0224	0.0227	0.0000	0.0347	0.0000	0.0767	4.2721	0.0000	0.0003	0.0000	0.0000	1.2577	4.9600	0.0000	0.0000	0.0000	0.0000	0.0000	0.0000	0.0000	0.0000	0.0000	0.0011	0.0002	0.0009	0.0002	0.0002	0.0000	0.0009	0.0000	0.0009	0.0000	0.0000	0.0000	0.0000	0.0000	0.0000	0.0000	0.0000	0.0000	0.0336	0.0223	0.0113	0.0089	0.0088	0.0001	0.0246	0.0135	0.0111	0.0000	0.0000	0.0000	0.0000	0.0000	0.0000	0.0000	0.0000	0.0000	0.0314	0.0090	0.0758	0.0224	0.0227	0.0000	0.0347	0.0000	0.0767			
12	71	0.0827	7	0	1	1	0	0	0	0	0	N	N	N	N	N	N	N	N	N	N	N	N	0.0000	0.0000	0.0000	0.0000	0.0000	0.0000	0.0000	0.0000	0.0000	0.0000	0.0000	0.0000	0.0000	0.0000	0.0000	0.0000	0.0000	0.0000	0.0000	0.0000	0.0000	0.0000	inf	0.0000	0.0000	0.0000	1.0000	1.2577	0.0055	0.0000	0.0000	0.0000	0.0000	0.0000	0.0000	0.0000	0.0000	0.0000	0.0000	0.0000	0.0000	0.0000	0.0000	0.0000	0.0000	0.0000	0.0000	0.0000	0.0000	0.0000	0.0000	0.0000	0.0000	0.0000	0.0000	0.0000	0.0045	0.0036	0.0010	0.0021	0.0020	0.0001	0.0024	0.0016	0.0008	0.0000	0.0000	0.0000	0.0000	0.0000	0.0000	0.0000	0.0000	0.0000	0.0000	0.0000	0.0000	0.0000	0.0000	0.0000	0.0000	0.0000	0.0000						
12	72	0.0760	6	0	1	1	0	0	0	0	0	N	N	N	N	N	N	N	N	N	N	N	N	0.0000	0.0000	0.0000	0.0000	0.0000	0.0000	0.0000	0.0000	0.0000	0.0000	0.0000	0.0000	0.0000	0.0000	0.0000	0.0000	0.0000	0.0012	0.0000	0.0055	0.0000	0.0000	0.0000	0.0023	0.0000	0.0064	126.3097	0.0000	0.0000	0.0000	0.0000	1.2577	1.0265	0.0000	0.0000	0.0000	0.0000	0.0000	0.0000	0.0000	0.0000	0.0000	0.0000	0.0000	0.0000	0.0000	0.0000	0.0000	0.0000	0.0000	0.0000	0.0000	0.0000	0.0000	0.0000	0.0000	0.0000	0.0000	0.0000	0.0000	0.0049	0.0038	0.0011	0.0023	0.0022	0.0002	0.0026	0.0017	0.0009	0.0000	0.0000	0.0000	0.0000	0.0000	0.0000	0.0000	0.0000	0.0000	0.0012	0.0000	0.0055	0.0000	0.0000	0.0000	0.0023	0.0000	0.0064		
12	73	0.0706	5	0	1	0	0	0	0	0	0	N	N	N	N	N	N	N	N	N	N	N	N	0.0000	0.0000	0.0000	0.0000	0.0000	0.0000	0.0000	0.0000	0.0000	0.0000	0.0000	0.0000	0.0000	0.0000	0.0000	0.0000	0.0004	0.0004	0.0005	0.0004	0.0005	0.0000	0.0004	0.0000	0.0006	0.7126	0.0000	-0.0000	0.0000	0.0000	1.2577	1.0321	0.0000	0.0000	0.0000	0.0000	0.0000	0.0000	0.0000	0.0000	0.0000	0.0000	0.0000	0.0000	0.0000	0.0000	0.0000	0.0000	0.0000	0.0000	0.0000	0.0000	0.0000	0.0000	0.0000	0.0000	0.0000	0.0000	0.0000	0.0290	0.0192	0.0098	0.0159	0.0144	0.0015	0.0131	0.0048	0.0083	0.0000	0.0000	0.0000	0.0000	0.0000	0.0000	0.0000	0.0000	0.0000	0.0004	0.0004	0.0005	0.0004	0.0005	0.0000	0.0004	0.0000	0.0006			
12	74	0.0478	4	0	1	0	0	0	0	0	0	N	N	N	N	N	N	N	N	N	N	N	N	0.0000	0.0000	0.0000	0.0000	0.0000	0.0000	0.0000	0.0000	0.0000	0.0000	0.0000	0.0000	0.0000	0.0000	0.0000	0.0000	0.0000	0.0051	0.0072	0.0003	0.0109	0.0115	0.0000	0.0002	0.0000	0.0003	0.0171	0.0000	-0.0002	0.0000	0.5629	1.2577	8.5245	0.0000	0.0000	0.0000	0.0000	0.0000	0.0000	0.0000	0.0000	0.0000	0.0004	0.0004	0.0000	0.0004	0.0004	0.0000	0.0000	0.0000	0.0000	0.0000	0.0000	0.0000	0.0000	0.0000	0.0000	0.0000	0.0000	0.0000	0.0880	0.0610	0.0271	0.0404	0.0382	0.0023	0.0476	0.0228	0.0248	0.0000	0.0000	0.0000	0.0000	0.0000	0.0000	0.0000	0.0000	0.0000	0.0051	0.0072	0.0003	0.0109	0.0115	0.0000	0.0002	0.0000	0.0003		
12	75	0.0648	5	0	2	0	0	0	0	0	0	N	Y	N	N	N	N	N	N	N	N	N	N	0.0000	0.0000	0.0000	0.0000	0.0000	0.0000	0.0000	0.0000	0.0000	0.0000	0.0000	0.0000	0.0000	0.0000	0.0000	0.0000	0.0000	0.0000	0.0001	0.0000	0.0000	0.0000	0.0001	0.0000	0.0002	8.1309	0.0000	0.0000	0.0000	1.9994	1.2577	4.0943	0.0000	0.0000	0.0000	0.0000	0.0000	0.0000	0.0000	0.0000	0.0000	0.0000	0.0000	0.0000	0.0000	0.0000	0.0000	0.0000	0.0000	0.0000	0.0000	0.0000	0.0000	0.0000	0.0000	0.0000	0.0000	0.0000	0.0000	0.0372	0.0293	0.0079	0.0172	0.0163	0.0010	0.0200	0.0130	0.0069	0.0000	0.0000	0.0000	0.0000	0.0000	0.0000	0.0000	0.0000	0.0000	0.0000	0.0000	0.0001	0.0000	0.0000	0.0000	0.0001	0.0000	0.0002			
12	76	0.0585	4	0	1	0	0	0	0	0	0	N	N	N	N	N	N	N	N	N	N	N	N	0.0000	0.0000	0.0000	0.0000	0.0000	0.0000	0.0000	0.0000	0.0000	0.0000	0.0000	0.0000	0.0000	0.0000	0.0000	0.0000	0.0000	0.0013	0.0001	0.0055	0.0002	0.0002	0.0000	0.0024	0.0000	0.0062	14.0524	0.0000	0.0000	0.0000	0.0011	1.2577	2.7207	0.0000	0.0000	0.0000	0.0000	0.0000	0.0000	0.0000	0.0000	0.0000	0.0000	0.0000	0.0000	0.0000	0.0000	0.0000	0.0000	0.0000	0.0000	0.0000	0.0000	0.0000	0.0000	0.0000	0.0000	0.0000	0.0000	0.0000	0.0197	0.0152	0.0045	0.0093	0.0088	0.0005	0.0104	0.0064	0.0040	0.0000	0.0000	0.0000	0.0000	0.0000	0.0000	0.0000	0.0000	0.0000	0.0013	0.0001	0.0055	0.0002	0.0002	0.0000	0.0024	0.0000	0.0062		
12	77	0.0264	3	0	1	0	0	0	0	0	0	N	N	N	N	N	N	N	N	N	N	N	N	0.0000	0.0000	0.0000	0.0000	0.0000	0.0000	0.0000	0.0000	0.0000	0.0000	0.0000	0.0000	0.0000	0.0000	0.0000	0.0000	0.0000	0.2306	0.0013	0.6883	0.0034	0.0034	0.0000	0.3116	0.0000	0.6957	260.8769	0.0000	0.0069	0.0000	0.0001	1.2577	10.0074	0.0000	0.0000	0.0000	0.0000	0.0000	0.0000	0.0000	0.0000	0.0000	0.0145	0.0001	0.0144	0.0001	0.0001	0.0000	0.0144	0.0000	0.0144	0.0000	0.0000	0.0000	0.0000	0.0000	0.0000	0.0000	0.0000	0.0000	0.0627	0.0417	0.0209	0.0165	0.0162	0.0002	0.0462	0.0255	0.0207	0.0000	0.0000	0.0000	0.0000	0.0000	0.0000	0.0000	0.0000	0.0000	0.2306	0.0013	0.6883	0.0034	0.0034	0.0000	0.3116	0.0000	0.6957		
12	78	0.0466	4	1	1	1	0	0	0	0	0	N	N	N	N	N	N	N	N	N	N	N	N	0.0000	0.0000	0.0000	0.0000	0.0000	0.0000	0.0000	0.0000	0.0000	0.0000	0.0000	0.0000	0.0000	0.0000	0.0000	0.0001	0.0000	0.0003	0.0000	0.0000	0.0001	0.0001	0.0000	0.0003	inf	0.0000	0.0000	0.0000	1.6246	1.2577	0.0115	0.0000	0.0000	0.0000	0.0000	0.0000	0.0000	0.0000	0.0000	0.0000	0.0000	0.0000	0.0000	0.0000	0.0000	0.0000	0.0000	0.0000	0.0000	0.0000	0.0000	0.0000	0.0000	0.0000	0.0000	0.0000	0.0000	0.0000	0.0182	0.0125	0.0057	0.0050	0.0049	0.0001	0.0133	0.0076	0.0056	0.0000	0.0000	0.0000	0.0000	0.0000	0.0000	0.0000	0.0000	0.0000	0.0001	0.0000	0.0003	0.0000	0.0000	0.0001	0.0001	0.0000	0.0003				
12	79	0.0264	3	1	1	1	0	0	0	0	0	N	N	N	N	N	N	N	N	N	N	N	N	0.0000	0.0000	0.0000	0.0000	0.0000	0.0000	0.0000	0.0000	0.0000	0.0000	0.0000	0.0000	0.0000	0.0000	0.0000	0.0000	0.0000	0.0115	0.0000	0.0347	0.0000	0.0000	0.0000	0.0156	0.0000	0.0350	10878.8670	0.0000	0.0004	0.0000	8.1927	1.2577	3.9952	0.0000	0.0000	0.0000	0.0000	0.0000	0.0000	0.0000	0.0000	0.0000	0.0009	0.0000	0.0009	0.0000	0.0000	0.0000	0.0009	0.0000	0.0009	0.0000	0.0000	0.0000	0.0000	0.0000	0.0000	0.0000	0.0000	0.0000	0.0741	0.0495	0.0246	0.0195	0.0192	0.0003	0.0546	0.0302	0.0243	0.0000	0.0000	0.0000	0.0000	0.0000	0.0000	0.0000	0.0000	0.0000	0.0115	0.0000	0.0347	0.0000	0.0000	0.0000	0.0156	0.0000	0.0350		
12	80	0.0264	3	0	2	0	1	0	0	0	0	N	Y	N	N	N	N	N	N	N	N	N	N	0.0000	0.0000	0.0000	0.0000	0.0000	0.0000	0.0000	0.0000	0.0000	0.0000	0.0000	0.0000	0.0000	0.0069	0.0103	0.0000	0.0259	0.0263	0.0000	0.0000	0.0000	0.0000	0.0000	0.0000	-0.0004	0.0000	0.7962	1.2577	19.0091	0.0000	0.0000	0.0000	0.0000	0.0000	0.0000	0.0000	0.0000	0.0000	0.0007	0.0007	0.0000	0.0007	0.0007	0.0000	0.0000	0.0000	0.0000	0.0000	0.0000	0.0000	0.0000	0.0000	0.0000	0.0000	0.0000	0.0000	0.1022	0.0688	0.0334	0.0272	0.0268	0.0004	0.0750	0.0420	0.0330	0.0000	0.0000	0.0000	0.0000	0.0000	0.0000	0.0000	0.0000	0.0000	0.0069	0.0103	0.0000	0.0259	0.0263	0.0000	0.0000	0.0000	0.0000						
12	81	0.0264	3	0	2	0	0	0	0	0	0	N	Y	N	N	N	N	N	N	N	N	N	N	0.0000	0.0000	0.0000	0.0000	0.0000	0.0000	0.0000	0.0000	0.0000	0.0000	0.0000	0.0000	0.0000	0.0004	0.0006	0.0000	0.0016	0.0016	0.0000	0.0000	0.0000	0.0000	0.0000	0.0000	-0.0000	0.0000	0.7962	1.2577	25.3140	0.0000	0.0000	0.0000	0.0000	0.0000	0.0000	0.0000	0.0000	0.0000	0.0001	0.0001	0.0000	0.0001	0.0001	0.0000	0.0000	0.0000	0.0000	0.0000	0.0000	0.0000	0.0000	0.0000	0.0000	0.0000	0.0000	0.0000	0.1281	0.0870	0.0411	0.0346	0.0341	0.0004	0.0935	0.0528	0.0407	0.0000	0.0000	0.0000	0.0000	0.0000	0.0000	0.0000	0.0000	0.0000	0.0004	0.0006	0.0000	0.0016	0.0016	0.0000	0.0000	0.0000	0.0000						
12	82	0.0264	3	0	2	0	0	0	0	0	0	N	Y	N	N	N	N	N	N	N	N	N	N	0.0000	0.0000	0.0000	0.0000	0.0000	0.0000	0.0000	0.0000	0.0000	0.0000	0.0000	0.0000	0.0000	0.0000	0.0000	0.0000	0.1060	0.0027	0.3268	0.0068	0.0069	0.0000	0.1430	0.0000	0.3305	56.4202	0.0000	0.0068	0.0000	1.7961	1.2577	27.0091	0.0000	0.0000	0.0000	0.0000	0.0000	0.0000	0.0000	0.0000	0.0000	0.0147	0.0003	0.0144	0.0003	0.0003	0.0000	0.0144	0.0000	0.0144	0.0000	0.0000	0.0000	0.0000	0.0000	0.0000	0.0000	0.0000	0.0000	0.1384	0.0943	0.0441	0.0376	0.0371	0.0005	0.1008	0.0572	0.0436	0.0000	0.0000	0.0000	0.0000	0.0000	0.0000	0.0000	0.0000	0.0000	0.1060	0.0027	0.3268	0.0068	0.0069	0.0000	0.1430	0.0000	0.3305			
12	83	0.1367	6	0	1	0	0	0	0	0	0	N	N	N	N	N	N	N	N	N	N	N	N	0.0000	0.0000	0.0000	0.0000	0.0000	0.0000	0.0000	0.0000	0.0000	0.0000	0.0000	0.0000	0.0000	0.0000	0.0000	0.0000	0.0000	0.0457	0.0594	0.0004	0.0920	0.1003	0.0000	0.0002	0.0000	0.0005	0.0020	0.0000	-0.0048	0.0000	10.0679	1.2577	33.8159	0.0000	0.0000	0.0000	0.0000	0.0000	0.0000	0.0000	0.0000	0.0000	0.0092	0.0092	0.0000	0.0092	0.0092	0.0000	0.0000	0.0000	0.0000	0.0000	0.0000	0.0000	0.0000	0.0000	0.0000	0.0000	0.0000	0.0000	0.2019	0.1551	0.0468	0.1000	0.0918	0.0083	0.1019	0.0633	0.0386	0.0000	0.0000	0.0000	0.0000	0.0000	0.0000	0.0000	0.0000	0.0000	0.0457	0.0594	0.0004	0.0920	0.1003	0.0000	0.0002	0.0000	0.0005		
12	84	0.1091	5	0	1	0	0	0	0	0	0	N	N	N	N	N	N	N	N	N	N	N	N	0.0000	0.0000	0.0000	0.0000	0.0000	0.0000	0.0000	0.0000	0.0000	0.0000	0.0000	0.0000	0.0000	0.0000	0.0000	0.0000	0.0000	0.0000	0.0803	0.0054	0.2868	0.0077	0.0084	0.0002	0.1544	0.0004	0.3404	19.1794	0.0000	0.0042	0.0000	0.9441	1.2577	14.0836	0.0000	0.0000	0.0000	0.0000	0.0000	0.0000	0.0000	0.0000	0.0000	0.0097	0.0005	0.0092	0.0005	0.0005	0.0000	0.0092	0.0000	0.0092	0.0000	0.0000	0.0000	0.0000	0.0000	0.0000	0.0000	0.0000	0.0000	0.1208	0.0887	0.0321	0.0611	0.0560	0.0051	0.0598	0.0327	0.0271	0.0000	0.0000	0.0000	0.0000	0.0000	0.0000	0.0000	0.0000	0.0000	0.0803	0.0054	0.2868	0.0077	0.0084	0.0002	0.1544	0.0004	0.3404	
12	85	0.3914	8	0	1	0	0	0	0	0	0	N	N	N	N	N	N	N	N	N	N	N	N	0.0000	0.0000	0.0000	0.0000	0.0000	0.0000	0.0000	0.0000	0.0000	0.0000	0.0000	0.0000	0.0000	0.0000	0.0000	0.0027	0.0034	0.0000	0.0053	0.0056	0.0000	0.0000	0.0000	0.0000	0.0000	0.0000	-0.0003	0.0000	15.0008	1.2577	28.2980	0.0000	0.0000	0.0000	0.0000	0.0000	0.0000	0.0000	0.0000	0.0000	0.0006	0.0006	0.0000	0.0006	0.0006	0.0000	0.0000	0.0000	0.0000	0.0000	0.0000	0.0000	0.0000	0.0000	0.0000	0.0000	0.0000	0.0000	0.2206	0.1769	0.0437	0.1126	0.1051	0.0075	0.1080	0.0718	0.0362	0.0000	0.0000	0.0000	0.0000	0.0000	0.0000	0.0000	0.0000	0.0000	0.0027	0.0034	0.0000	0.0053	0.0056	0.0000	0.0000	0.0000	0.0000				
12	86	0.3914	8	0	1	0	0	0	0	0	0	N	N	N	N	N	N	N	N	N	N	N	N	0.0000	0.0000	0.0000	0.0000	0.0000	0.0000	0.0000	0.0000	0.0000	0.0000	0.0000	0.0000	0.0000	0.0000	0.0000	0.0000	0.0000	0.0000	0.0033	0.0041	0.0005	0.0061	0.0067	0.0000	0.0002	0.0000	0.0007	0.0353	0.0000	-0.0003	0.0000	10.8154	1.2577	27.4443	0.0000	0.0000	0.0000	0.0000	0.0000	0.0000	0.0000	0.0000	0.0000	0.0006	0.0006	0.0000	0.0006	0.0006	0.0000	0.0000	0.0000	0.0000	0.0000	0.0000	0.0000	0.0000	0.0000	0.0000	0.0000	0.0000	0.0000	0.1717	0.1351	0.0366	0.0907	0.0834	0.0073	0.0810	0.0517	0.0293	0.0000	0.0000	0.0000	0.0000	0.0000	0.0000	0.0000	0.0000	0.0000	0.0033	0.0041	0.0005	0.0061	0.0067	0.0000	0.0002	0.0000	0.0007	
12	87	0.3436	7	0	1	0	0	0	0	0	0	N	N	N	N	N	N	N	N	N	N	N	N	0.0000	0.0000	0.0000	0.0000	0.0000	0.0000	0.0000	0.0000	0.0000	0.0000	0.0000	0.0000	0.0000	0.0000	0.0000	0.0000	0.0000	0.0000	0.0094	0.0112	0.0042	0.0121	0.0135	0.0001	0.0059	0.0064	0.0054	0.1298	0.0000	-0.0008	0.0000	2.7608	1.2577	22.4044	0.0000	0.0000	0.0000	0.0000	0.0000	0.0000	0.0000	0.0000	0.0000	0.0021	0.0018	0.0002	0.0015	0.0015	0.0000	0.0006	0.0003	0.0002	0.0000	0.0000	0.0000	0.0000	0.0000	0.0000	0.0000	0.0000	0.0000	0.2189	0.1625	0.0564	0.1239	0.1110	0.0128	0.0950	0.0514	0.0436	0.0000	0.0000	0.0000	0.0000	0.0000	0.0000	0.0000	0.0000	0.0000	0.0094	0.0112	0.0042	0.0121	0.0135	0.0001	0.0059	0.0064	0.0054	
12	88	0.2137	6	0	1	0	0	0	0	0	0	N	N	N	N	N	N	N	N	N	N	N	N	0.0000	0.0000	0.0000	0.0000	0.0000	0.0000	0.0000	0.0000	0.0000	0.0000	0.0000	0.0000	0.0000	0.0000	0.0000	0.0000	0.0000	0.0000	0.0266	0.0071	0.0949	0.0055	0.0058	0.0021	0.0484	0.0092	0.1144	3.8048	0.0000	0.0018	0.0000	8.8820	1.2577	49.9570	0.0000	0.0000	0.0000	0.0000	0.0000	0.0000	0.0000	0.0000	0.0000	0.0068	0.0014	0.0054	0.0007	0.0007	0.0000	0.0061	0.0007	0.0053	0.0000	0.0000	0.0000	0.0000	0.0000	0.0000	0.0000	0.0000	0.0000	0.2546	0.1980	0.0566	0.1292	0.1193	0.0098	0.1254	0.0787	0.0467	0.0000	0.0000	0.0000	0.0000	0.0000	0.0000	0.0000	0.0000	0.0000	0.0266	0.0071	0.0949	0.0055	0.0058	0.0021	0.0484	0.0092	0.1144	
12	89	0.0264	3	1	2	0	1	0	0	0	0	N	Y	N	N	N	N	N	N	N	N	N	N	0.0000	0.0000	0.0000	0.0000	0.0000	0.0000	0.0000	0.0000	0.0000	0.0000	0.0000	0.0000	0.0000	0.0000	0.0000	0.0000	0.0000	2.6156	3.8817	0.0279	0.0008	0.0008	0.0000	3.5585	6.3573	0.0282	0.0035	0.0000	-0.1260	0.0000	0.7962	1.2577	16.9291	0.0000	0.0000	0.0000	0.0000	0.0000	0.0000	0.0000	0.0000	0.0000	0.2435	0.2427	0.0009	0.0000	0.0000	0.0000	0.2435	0.2426	0.0009	0.0000	0.0000	0.0000	0.0000	0.0000	0.0000	0.0000	0.0000	0.0000	0.0931	0.0625	0.0306	0.0247	0.0243	0.0003	0.0684	0.0382	0.0303	0.0000	0.0000	0.0000	0.0000	0.0000	0.0000	0.0000	0.0000	0.0000	2.6156	3.8817	0.0279	0.0008	0.0008	0.0000	3.5585	6.3573	0.0282		
12	90	0.0984	8	0	2	0	1	0	0	0	0	N	Y	N	N	N	N	N	N	N	N	N	N	0.0000	0.0000	0.0000	0.0000	0.0000	0.0000	0.0000	0.0000	0.0000	0.0000	0.0000	0.0000	0.0000	0.0000	0.0000	0.0000	0.0000	0.0000	0.0000	0.0000	0.0000	0.0000	1.2577	0.0000	0.0000	0.0000	0.0000	0.0000	0.0000	0.0000	0.0000	0.0000	0.0000	0.0000	0.0000	0.0000	0.0000	0.0000	0.0000	0.0000	0.0000	0.0000	0.0000	0.0000	0.0000	0.0000	0.0000	0.0000	0.0000	0.0000	0.0000	0.0000	0.0000	0.0000	0.0000	0.0000	0.0000	0.0000	0.0000	0.0000	0.0000	0.0000	0.0000	0.0000	0.0000	0.0000	0.0000	0.0000	0.0000	0.0000	0.0000	0.0000	0.0000	0.0000	0.0000	0.0000	0.0000	0.0000											
12	91	0.0877	7	0	2	0	1	0	0	0	0	N	Y	N	N	N	N	N	N	N	N	N	N	0.0000	0.0000	0.0000	0.0000	0.0000	0.0000	0.0000	0.0000	0.0000	0.0000	0.0000	0.0000	0.0000	0.0000	0.0000	0.0000	0.0000	0.0000	0.0000	0.0000	0.0000	1.0000	1.2577	3.0000	0.0000	0.0000	0.0000	0.0000	0.0000	0.0000	0.0000	0.0000	0.0000	0.0000	0.0000	0.0000	0.0000	0.0000	0.0000	0.0000	0.0000	0.0000	0.0000	0.0000	0.0000	0.0000	0.0000	0.0000	0.0000	0.0000	0.0000	0.0352	0.0232	0.0120	0.0115	0.0103	0.0012	0.0237	0.0129	0.0108	0.0000	0.0000	0.0000	0.0000	0.0000	0.0000	0.0000	0.0000	0.0000	0.0000	0.0000	0.0000	0.0000	0.0000	0.0000	0.0000	0.0000	0.0000											
12	92	0.0812	5	0	2	0	0	0	0	0	0	N	Y	N	N	N	N	N	N	N	N	N	N	0.0000	0.0000	0.0000	0.0000	0.0000	0.0000	0.0000	0.0000	0.0000	0.0000	0.0000	0.0000	0.0000	0.0000	0.0000	0.0000	0.0000	0.0000	0.0000	0.0000	0.0000	0.0000	1.2577	0.0000	0.0000	0.0000	0.0000	0.0000	0.0000	0.0000	0.0000	0.0000	0.0000	0.0000	0.0000	0.0000	0.0000	0.0000	0.0000	0.0000	0.0000	0.0000	0.0000	0.0000	0.0000	0.0000	0.0000	0.0000	0.0000	0.0000	0.0000	0.0000	0.0000	0.0000	0.0000	0.0000	0.0000	0.0000	0.0000	0.0000	0.0000	0.0000	0.0000	0.0000	0.0000	0.0000	0.0000	0.0000	0.0000	0.0000	0.0000	0.0000	0.0000	0.0000	0.0000	0.0000	0.0000	0.0000											
12	93	0.0877	7	0	1	1	1	0	0	0	0	N	N	N	N	N	N	N	N	N	N	N	N	0.0000	0.0000	0.0000	0.0000	0.0000	0.0000	0.0000	0.0000	0.0000	0.0000	0.0000	0.0000	0.0000	0.0000	0.0000	0.0000	0.0000	0.0000	0.0000	0.0000	0.0000	0.0000	1.2577	0.0000	0.0000	0.0000	0.0000	0.0000	0.0000	0.0000	0.0000	0.0000	0.0000	0.0000	0.0000	0.0000	0.0000	0.0000	0.0000	0.0000	0.0000	0.0000	0.0000	0.0000	0.0000	0.0000	0.0000	0.0000	0.0000	0.0000	0.0000	0.0000	0.0000	0.0000	0.0000	0.0000	0.0000	0.0000	0.0000	0.0000	0.0000	0.0000	0.0000	0.0000	0.0000	0.0000	0.0000	0.0000	0.0000	0.0000	0.0000	0.0000	0.0000	0.0000	0.0000	0.0000	0.0000	0.0000											
12	94	0.0850	6	0	1	0	1	0	0	0	0	N	N	N	N	N	N	N	N	N	N	N	N	0.0000	0.0000	0.0000	0.0000	0.0000	0.0000	0.0000	0.0000	0.0000	0.0000	0.0000	0.0000	0.0000	0.0000	0.0000	0.0516	0.0770	0.0000	0.0000	0.0000	0.0000	0.0849	0.1501	0.0000	0.0000	0.0000	-0.0003	0.0000	1.0000	1.2577	0.0097	0.0000	0.0000	0.0000	0.0000	0.0000	0.0000	0.0000	0.0000	0.0000	0.0006	0.0006	0.0000	0.0000	0.0000	0.0000	0.0006	0.0006	0.0000	0.0000	0.0000	0.0000	0.0000	0.0000	0.0000	0.0000	0.0000	0.0000	0.0111	0.0074	0.0037	0.0044	0.0036	0.0007	0.0067	0.0038	0.0029	0.0000	0.0000	0.0000	0.0000	0.0000	0.0000	0.0000	0.0000	0.0000	0.0516	0.0770	0.0000	0.0000	0.0000	0.0000	0.0849	0.1501	0.0000				
12	95	0.0850	6	0	1	1	1	0	0	0	0	N	N	N	N	N	N	N	N	N	N	N	N	0.0000	0.0000	0.0000	0.0000	0.0000	0.0000	0.0000	0.0000	0.0000	0.0000	0.0000	0.0000	0.0000	0.0000	0.0000	5.3632	8.1032	0.0000	15.6275	17.8104	0.0000	0.0007	0.0012	0.0000	0.0000	0.0000	-0.1261	0.0000	2.0000	1.2577	3.0050	0.0000	0.0000	0.0000	0.0000	0.0000	0.0000	0.0000	0.0000	0.0000	0.2421	0.2421	0.0000	0.2421	0.2421	0.0000	0.0000	0.0000	0.0000	0.0000	0.0000	0.0000	0.0000	0.0000	0.0000	0.0000	0.0000	0.0000	0.0451	0.0299	0.0153	0.0155	0.0136	0.0019	0.0296	0.0163	0.0134	0.0000	0.0000	0.0000	0.0000	0.0000	0.0000	0.0000	0.0000	0.0000	5.3632	8.1032	0.0000	15.6275	17.8104	0.0000	0.0007	0.0012	0.0000				
12	96	0.0850	6	0	1	1	1	0	0	0	0	N	N	N	N	N	N	N	N	N	N	N	N	0.0000	0.0000	0.0000	0.0000	0.0000	0.0000	0.0000	0.0000	0.0000	0.0000	0.0000	0.0000	0.0000	0.0000	0.0000	3.9978	6.0404	0.0000	11.7665	13.3601	0.0000	0.0005	0.0009	0.0000	0.0000	0.0000	-0.1262	0.0000	0.0000	1.2577	6.9903	0.0000	0.0000	0.0000	0.0000	0.0000	0.0000	0.0000	0.0000	0.0000	0.2422	0.2422	0.0000	0.2422	0.2422	0.0000	0.0000	0.0000	0.0000	0.0000	0.0000	0.0000	0.0000	0.0000	0.0000	0.0000	0.0000	0.0000	0.0606	0.0401	0.0205	0.0206	0.0181	0.0025	0.0400	0.0220	0.0180	0.0000	0.0000	0.0000	0.0000	0.0000	0.0000	0.0000	0.0000	0.0000	3.9978	6.0404	0.0000	11.7665	13.3601	0.0000	0.0005	0.0009	0.0000				
12	97	0.0795	5	0	1	0	1	0	0	0	0	N	N	N	N	N	N	N	N	N	N	N	N	0.0000	0.0000	0.0000	0.0000	0.0000	0.0000	0.0000	0.0000	0.0000	0.0000	0.0000	0.0000	0.0000	0.0000	0.0000	0.0000	0.0000	0.0367	0.0550	0.0000	0.0764	0.0858	0.0000	0.0163	0.0294	0.0000	0.0000	0.0000	-0.0004	0.0000	0.9999	1.2577	1.0605	0.0000	0.0000	0.0000	0.0000	0.0000	0.0000	0.0000	0.0000	0.0000	0.0008	0.0008	0.0000	0.0006	0.0006	0.0000	0.0002	0.0002	0.0000	0.0000	0.0000	0.0000	0.0000	0.0000	0.0000	0.0000	0.0000	0.0000	0.0221	0.0147	0.0073	0.0075	0.0067	0.0008	0.0146	0.0081	0.0065	0.0000	0.0000	0.0000	0.0000	0.0000	0.0000	0.0000	0.0000	0.0000	0.0367	0.0550	0.0000	0.0764	0.0858	0.0000	0.0163	0.0294	0.0000		
12	98	0.0774	4	0	1	0	1	0	0	0	0	N	N	N	N	N	N	N	N	N	N	N	N	0.0000	0.0000	0.0000	0.0000	0.0000	0.0000	0.0000	0.0000	0.0000	0.0000	0.0000	0.0000	0.0000	0.0000	0.0000	0.0000	0.0000	0.0419	0.0622	0.0001	0.0537	0.0613	0.0000	0.0353	0.0631	0.0001	0.0006	0.0000	-0.0003	0.0000	0.0012	1.2577	1.0414	0.0000	0.0000	0.0000	0.0000	0.0000	0.0000	0.0000	0.0000	0.0000	0.0005	0.0005	0.0000	0.0002	0.0002	0.0000	0.0003	0.0003	0.0000	0.0000	0.0000	0.0000	0.0000	0.0000	0.0000	0.0000	0.0000	0.0000	0.0123	0.0083	0.0040	0.0044	0.0039	0.0005	0.0078	0.0044	0.0035	0.0000	0.0000	0.0000	0.0000	0.0000	0.0000	0.0000	0.0000	0.0000	0.0419	0.0622	0.0001	0.0537	0.0613	0.0000	0.0353	0.0631	0.0001		
12	99	0.0264	3	1	2	0	0	0	0	0	0	N	Y	N	N	N	N	N	N	N	N	N	N	0.0000	0.0000	0.0000	0.0000	0.0000	0.0000	0.0000	0.0000	0.0000	0.0000	0.0000	0.0000	0.0000	0.0114	0.0000	0.0343	0.0000	0.0000	0.0000	0.0155	0.0000	0.0347	inf	0.0000	0.0004	0.0000	3.2042	1.2577	9.0918	0.0000	0.0000	0.0000	0.0000	0.0000	0.0000	0.0000	0.0000	0.0000	0.0009	0.0000	0.0009	0.0000	0.0000	0.0000	0.0009	0.0000	0.0009	0.0000	0.0000	0.0000	0.0000	0.0000	0.0000	0.0000	0.0000	0.0000	0.0750	0.0501	0.0249	0.0197	0.0195	0.0003	0.0553	0.0306	0.0246	0.0000	0.0000	0.0000	0.0000	0.0000	0.0000	0.0000	0.0000	0.0000	0.0114	0.0000	0.0343	0.0000	0.0000	0.0000	0.0155	0.0000	0.0347						
12	100	0.0264	3	0	2	0	0	0	0	0	0	N	Y	N	N	N	N	N	N	N	N	N	N	0.0000	0.0000	0.0000	0.0000	0.0000	0.0000	0.0000	0.0000	0.0000	0.0000	0.0000	0.0000	0.0000	0.0133	0.0000	0.0398	0.0000	0.0000	0.0000	0.0180	0.0000	0.0402	inf	0.0000	0.0004	0.0000	0.7962	1.2577	10.9291	0.0000	0.0000	0.0000	0.0000	0.0000	0.0000	0.0000	0.0000	0.0000	0.0009	0.0000	0.0009	0.0000	0.0000	0.0000	0.0009	0.0000	0.0009	0.0000	0.0000	0.0000	0.0000	0.0000	0.0000	0.0000	0.0000	0.0000	0.0652	0.0435	0.0217	0.0171	0.0169	0.0002	0.0481	0.0266	0.0215	0.0000	0.0000	0.0000	0.0000	0.0000	0.0000	0.0000	0.0000	0.0000	0.0133	0.0000	0.0398	0.0000	0.0000	0.0000	0.0180	0.0000	0.0402						
12	101	0.0843	6	1	2	0	0	0	0	0	0	N	Y	N	N	N	N	N	N	N	N	N	N	0.0000	0.0000	0.0000	0.0000	0.0000	0.0000	0.0000	0.0000	0.0000	0.0000	0.0000	0.0000	0.0000	0.0000	0.0000	0.0000	0.0000	0.0000	0.0000	0.0000	0.0000	0.0000	1.2577	3.0000	0.0000	0.0000	0.0000	0.0000	0.0000	0.0000	0.0000	0.0000	0.0000	0.0000	0.0000	0.0000	0.0000	0.0000	0.0000	0.0000	0.0000	0.0000	0.0000	0.0000	0.0000	0.0000	0.0000	0.0000	0.0000	0.0000	0.0000	0.0293	0.0193	0.0099	0.0094	0.0085	0.0009	0.0199	0.0109	0.0090	0.0000	0.0000	0.0000	0.0000	0.0000	0.0000	0.0000	0.0000	0.0000	0.0000	0.0000	0.0000	0.0000	0.0000	0.0000	0.0000	0.0000	0.0000											
12	102	0.0812	5	1	2	0	0	0	0	0	0	N	Y	N	N	N	N	N	N	N	N	N	N	0.0000	0.0000	0.0000	0.0000	0.0000	0.0000	0.0000	0.0000	0.0000	0.0000	0.0000	0.0000	0.0000	0.0000	0.0000	0.0000	0.0000	0.0000	0.0000	0.0000	0.0000	0.0000	1.2577	1.0000	0.0000	0.0000	0.0000	0.0000	0.0000	0.0000	0.0000	0.0000	0.0000	0.0000	0.0000	0.0000	0.0000	0.0000	0.0000	0.0000	0.0000	0.0000	0.0000	0.0000	0.0000	0.0000	0.0000	0.0000	0.0000	0.0000	0.0000	0.0102	0.0068	0.0035	0.0033	0.0030	0.0003	0.0070	0.0038	0.0032	0.0000	0.0000	0.0000	0.0000	0.0000	0.0000	0.0000	0.0000	0.0000	0.0000	0.0000	0.0000	0.0000	0.0000	0.0000	0.0000	0.0000	0.0000											
12	103	0.0774	4	0	2	0	0	0	0	0	0	N	Y	N	N	N	N	N	N	N	N	N	N	0.0000	0.0000	0.0000	0.0000	0.0000	0.0000	0.0000	0.0000	0.0000	0.0000	0.0000	0.0000	0.0000	0.0000	0.0000	0.0000	0.0000	0.0224	0.0332	0.0001	0.0000	0.0000	0.0000	0.0350	0.0625	0.0001	0.0012	0.0000	-0.0001	0.0000	0.0006	1.2577	1.0534	0.0000	0.0000	0.0000	0.0000	0.0000	0.0000	0.0000	0.0000	0.0000	0.0003	0.0003	0.0000	0.0000	0.0000	0.0000	0.0003	0.0003	0.0000	0.0000	0.0000	0.0000	0.0000	0.0000	0.0000	0.0000	0.0000	0.0000	0.0124	0.0083	0.0040	0.0045	0.0039	0.0005	0.0079	0.0044	0.0035	0.0000	0.0000	0.0000	0.0000	0.0000	0.0000	0.0000	0.0000	0.0000	0.0224	0.0332	0.0001	0.0000	0.0000	0.0000	0.0350	0.0625	0.0001		
12	104	0.0264	3	0	1	0	0	0	0	0	0	N	N	N	N	N	N	N	N	N	N	N	N	0.0000	0.0000	0.0000	0.0000	0.0000	0.0000	0.0000	0.0000	0.0000	0.0000	0.0000	0.0000	0.0000	0.0000	0.0000	0.0000	0.0000	2.4485	3.6269	0.0263	0.0008	0.0008	0.0000	3.3345	5.9440	0.0266	0.0035	0.0000	-0.1259	0.0000	7.2034	1.2577	9.9858	0.0000	0.0000	0.0000	0.0000	0.0000	0.0000	0.0000	0.0000	0.0000	0.2432	0.2424	0.0009	0.0000	0.0000	0.0000	0.2432	0.2424	0.0009	0.0000	0.0000	0.0000	0.0000	0.0000	0.0000	0.0000	0.0000	0.0000	0.0993	0.0668	0.0325	0.0264	0.0261	0.0003	0.0729	0.0408	0.0322	0.0000	0.0000	0.0000	0.0000	0.0000	0.0000	0.0000	0.0000	0.0000	2.4485	3.6269	0.0263	0.0008	0.0008	0.0000	3.3345	5.9440	0.0266		
12	109	0.2961	7	0	1	0	0	0	0	0	0	N	N	N	N	N	N	N	N	N	N	N	N	0.0000	0.0000	0.0000	0.0000	0.0000	0.0000	0.0000	0.0000	0.0000	0.0000	0.0000	0.0000	0.0000	0.0000	0.0000	0.0000	0.0000	0.0000	0.0030	0.0038	0.0002	0.0054	0.0059	0.0000	0.0001	0.0000	0.0003	0.0161	0.0000	-0.0003	0.0000	7.7801	1.2577	32.2209	0.0000	0.0000	0.0000	0.0000	0.0000	0.0000	0.0000	0.0000	0.0000	0.0006	0.0006	0.0000	0.0006	0.0006	0.0000	0.0000	0.0000	0.0000	0.0000	0.0000	0.0000	0.0000	0.0000	0.0000	0.0000	0.0000	0.0000	0.1959	0.1528	0.0431	0.1074	0.0973	0.0101	0.0885	0.0555	0.0330	0.0000	0.0000	0.0000	0.0000	0.0000	0.0000	0.0000	0.0000	0.0000	0.0030	0.0038	0.0002	0.0054	0.0059	0.0000	0.0001	0.0000	0.0003	
13	14	0.4888	11	0	1	0	2	0	0	0	0	N	N	N	Y	N	N	N	N	N	N	N	N	0.0000	0.0000	0.0000	0.0000	0.0000	0.0000	0.0000	0.0000	0.0000	0.0000	0.0000	0.0000	0.0000	0.0000	0.0000	0.0000	0.0000	0.0367	0.0461	0.0118	0.0000	0.0000	0.0000	0.1052	0.1941	0.0184	0.0971	0.0000	-0.0011	0.0000	3.8100	1.9950	14.0319	0.0000	0.0000	0.0000	0.0000	0.0000	0.0000	0.0000	0.0000	0.0000	0.0026	0.0024	0.0002	0.0000	0.0000	0.0000	0.0026	0.0024	0.0002	0.0000	0.0000	0.0000	0.0000	0.0000	0.0000	0.0000	0.0000	0.0000	0.0703	0.0510	0.0193	0.0458	0.0389	0.0069	0.0245	0.0121	0.0124	0.0000	0.0000	0.0000	0.0000	0.0000	0.0000	0.0000	0.0000	0.0000	0.0367	0.0461	0.0118	0.0000	0.0000	0.0000	0.1052	0.1941	0.0184		
13	15	0.0988	5	0	1	0	1	0	0	0	0	N	N	N	N	N	N	N	N	N	N	N	N	0.0000	0.0000	0.0000	0.0000	0.0000	0.0000	0.0000	0.0000	0.0000	0.0000	0.0000	0.0000	0.0000	0.0000	0.0000	0.0000	0.0000	0.0000	0.0000	0.0000	0.0000	0.0000	0.0000	0.0000	-0.0000	0.0000	2.5826	1.9950	3.6028	0.0000	0.0000	0.0000	0.0000	0.0000	0.0000	0.0000	0.0000	0.0000	0.0000	0.0000	0.0000	0.0000	0.0000	0.0000	0.0000	0.0000	0.0000	0.0000	0.0000	0.0000	0.0000	0.0000	0.0000	0.0000	0.0000	0.0000	0.0466	0.0252	0.0214	0.0089	0.0073	0.0015	0.0377	0.0178	0.0199	0.0000	0.0000	0.0000	0.0000	0.0000	0.0000	0.0000	0.0000	0.0000	0.0000	0.0000	0.0000	0.0000	0.0000	0.0000	0.0000	0.0000	0.0000						
13	16	0.0186	3	0	1	0	2	0	0	0	0	N	N	N	Y	N	N	N	N	N	N	N	N	0.0000	0.0000	0.0000	0.0000	0.0000	0.0000	0.0000	0.0000	0.0000	0.0000	0.0000	0.0000	0.0000	0.0000	0.0000	0.0000	0.0000	0.0000	0.0000	0.0000	0.0000	0.0000	1.9950	0.0000	0.0000	0.0000	0.0000	0.0000	0.0000	0.0000	0.0000	0.0000	0.0000	0.0000	0.0000	0.0000	0.0000	0.0000	0.0000	0.0000	0.0000	0.0000	0.0000	0.0000	0.0000	0.0000	0.0000	0.0000	0.0000	0.0000	0.0000	0.0000	0.0000	0.0000	0.0000	0.0000	0.0000	0.0000	0.0000	0.0000	0.0000	0.0000	0.0000	0.0000	0.0000	0.0000	0.0000	0.0000	0.0000	0.0000	0.0000	0.0000	0.0000	0.0000	0.0000	0.0000	0.0000	0.0000											
13	17	0.0638	4	0	1	0	1	0	0	0	0	N	N	N	N	N	N	N	N	N	N	N	N	0.0000	0.0000	0.0000	0.0000	0.0000	0.0000	0.0000	0.0000	0.0000	0.0000	0.0000	0.0000	0.0000	0.0000	0.0000	0.0000	0.0000	0.0000	0.0000	0.0000	0.0000	2.2039	1.9950	8.9910	0.0000	0.0000	0.0000	0.0000	0.0000	0.0000	0.0000	0.0000	0.0000	0.0000	0.0000	0.0000	0.0000	0.0000	0.0000	0.0000	0.0000	0.0000	0.0000	0.0000	0.0000	0.0000	0.0000	0.0000	0.0000	0.0000	0.0000	0.0521	0.0260	0.0261	0.0063	0.0054	0.0008	0.0459	0.0206	0.0252	0.0000	0.0000	0.0000	0.0000	0.0000	0.0000	0.0000	0.0000	0.0000	0.0000	0.0000	0.0000	0.0000	0.0000	0.0000	0.0000	0.0000	0.0000											
13	18	0.1424	5	0	0	0	2	0	0	0	0	N	N	N	Y	N	N	N	N	N	N	N	N	0.0000	0.0000	0.0000	0.0000	0.0000	0.0000	0.0000	0.0000	0.0000	0.0000	0.0000	0.0000	0.0000	0.0000	0.0000	0.0000	0.0000	0.0000	0.0000	0.0000	0.0000	0.9969	1.9950	1.0186	0.0000	0.0000	0.0000	0.0000	0.0000	0.0000	0.0000	0.0000	0.0000	0.0000	0.0000	0.0000	0.0000	0.0000	0.0000	0.0000	0.0000	0.0000	0.0000	0.0000	0.0000	0.0000	0.0000	0.0000	0.0000	0.0000	0.0000	0.0091	0.0066	0.0024	0.0062	0.0052	0.0010	0.0028	0.0014	0.0014	0.0000	0.0000	0.0000	0.0000	0.0000	0.0000	0.0000	0.0000	0.0000	0.0000	0.0000	0.0000	0.0000	0.0000	0.0000	0.0000	0.0000	0.0000											
13	19	0.0840	5	1	0	1	1	0	0	0	0	N	N	N	N	N	N	N	N	N	N	N	N	0.0000	0.0000	0.0000	0.0000	0.0000	0.0000	0.0000	0.0000	0.0000	0.0000	0.0000	0.0000	0.0000	0.0000	0.0000	0.0000	0.0000	0.0000	0.0000	0.0000	0.0000	0.3962	1.9950	2.0067	0.0000	0.0000	0.0000	0.0000	0.0000	0.0000	0.0000	0.0000	0.0000	0.0000	0.0000	0.0000	0.0000	0.0000	0.0000	0.0000	0.0000	0.0000	0.0000	0.0000	0.0000	0.0000	0.0000	0.0000	0.0000	0.0000	0.0000	0.0164	0.0082	0.0082	0.0014	0.0012	0.0002	0.0151	0.0070	0.0080	0.0000	0.0000	0.0000	0.0000	0.0000	0.0000	0.0000	0.0000	0.0000	0.0000	0.0000	0.0000	0.0000	0.0000	0.0000	0.0000	0.0000	0.0000											
13	20	0.1134	7	0	1	0	1	0	0	0	0	N	N	N	N	N	N	N	N	N	N	N	N	0.0000	0.0000	0.0000	0.0000	0.0000	0.0000	0.0000	0.0000	0.0000	0.0000	0.0000	0.0000	0.0000	0.0000	0.0000	0.0000	0.0000	0.0000	0.0000	0.0000	0.0000	0.0000	1.9950	3.0021	0.0000	0.0000	0.0000	0.0000	0.0000	0.0000	0.0000	0.0000	0.0000	0.0000	0.0000	0.0000	0.0000	0.0000	0.0000	0.0000	0.0000	0.0000	0.0000	0.0000	0.0000	0.0000	0.0000	0.0000	0.0000	0.0000	0.0000	0.0074	0.0052	0.0022	0.0037	0.0032	0.0004	0.0037	0.0020	0.0018	0.0000	0.0000	0.0000	0.0000	0.0000	0.0000	0.0000	0.0000	0.0000	0.0000	0.0000	0.0000	0.0000	0.0000	0.0000	0.0000	0.0000	0.0000											
13	21	0.0638	4	0	1	0	1	0	0	0	0	N	N	N	N	N	N	N	N	N	N	N	N	0.0000	0.0000	0.0000	0.0000	0.0000	0.0000	0.0000	0.0000	0.0000	0.0000	0.0000	0.0000	0.0000	0.0000	0.0000	0.0000	0.0000	0.0000	0.0000	0.0000	0.0000	9.2038	1.9950	12.0710	0.0000	0.0000	0.0000	0.0000	0.0000	0.0000	0.0000	0.0000	0.0000	0.0000	0.0000	0.0000	0.0000	0.0000	0.0000	0.0000	0.0000	0.0000	0.0000	0.0000	0.0000	0.0000	0.0000	0.0000	0.0000	0.0000	0.0000	0.0863	0.0431	0.0432	0.0096	0.0082	0.0014	0.0767	0.0349	0.0418	0.0000	0.0000	0.0000	0.0000	0.0000	0.0000	0.0000	0.0000	0.0000	0.0000	0.0000	0.0000	0.0000	0.0000	0.0000	0.0000	0.0000	0.0000											
13	22	0.0638	4	1	1	0	1	0	0	0	0	N	N	N	N	N	N	N	N	N	N	N	N	0.0000	0.0000	0.0000	0.0000	0.0000	0.0000	0.0000	0.0000	0.0000	0.0000	0.0000	0.0000	0.0000	0.0000	0.0000	0.0000	0.0000	0.0000	0.0000	0.0000	0.0000	12.2045	1.9950	6.9907	0.0000	0.0000	0.0000	0.0000	0.0000	0.0000	0.0000	0.0000	0.0000	0.0000	0.0000	0.0000	0.0000	0.0000	0.0000	0.0000	0.0000	0.0000	0.0000	0.0000	0.0000	0.0000	0.0000	0.0000	0.0000	0.0000	0.0000	0.0798	0.0398	0.0400	0.0090	0.0077	0.0013	0.0709	0.0322	0.0387	0.0000	0.0000	0.0000	0.0000	0.0000	0.0000	0.0000	0.0000	0.0000	0.0000	0.0000	0.0000	0.0000	0.0000	0.0000	0.0000	0.0000	0.0000											
13	23	0.1080	6	0	1	0	1	0	0	0	0	N	N	N	N	N	N	N	N	N	N	N	N	0.0000	0.0000	0.0000	0.0000	0.0000	0.0000	0.0000	0.0000	0.0000	0.0000	0.0000	0.0000	0.0000	0.0002	0.0000	0.0006	0.0000	0.0000	0.0000	0.0005	0.0000	0.0008	inf	0.0000	0.0000	0.0000	0.0000	1.9950	4.0676	0.0000	0.0000	0.0000	0.0000	0.0000	0.0000	0.0000	0.0000	0.0000	0.0000	0.0000	0.0000	0.0000	0.0000	0.0000	0.0000	0.0000	0.0000	0.0000	0.0000	0.0000	0.0000	0.0000	0.0000	0.0000	0.0000	0.0000	0.0462	0.0303	0.0159	0.0254	0.0225	0.0029	0.0208	0.0078	0.0131	0.0000	0.0000	0.0000	0.0000	0.0000	0.0000	0.0000	0.0000	0.0000	0.0002	0.0000	0.0006	0.0000	0.0000	0.0000	0.0005	0.0000	0.0008						
13	24	0.0638	4	1	1	0	1	0	0	0	0	N	N	N	N	N	N	N	N	N	N	N	N	0.0000	0.0000	0.0000	0.0000	0.0000	0.0000	0.0000	0.0000	0.0000	0.0000	0.0000	0.0000	0.0000	0.0000	0.0000	0.0000	0.0000	0.0000	0.0000	0.0000	0.0000	8.3046	1.9950	21.0710	0.0000	0.0000	0.0000	0.0000	0.0000	0.0000	0.0000	0.0000	0.0000	0.0000	0.0000	0.0000	0.0000	0.0000	0.0000	0.0000	0.0000	0.0000	0.0000	0.0000	0.0000	0.0000	0.0000	0.0000	0.0000	0.0000	0.0000	0.1087	0.0547	0.0540	0.0118	0.0100	0.0018	0.0969	0.0447	0.0522	0.0000	0.0000	0.0000	0.0000	0.0000	0.0000	0.0000	0.0000	0.0000	0.0000	0.0000	0.0000	0.0000	0.0000	0.0000	0.0000	0.0000	0.0000											
13	25	0.0819	5	0	1	0	1	0	0	0	0	N	N	N	N	N	N	N	N	N	N	N	N	0.0000	0.0000	0.0000	0.0000	0.0000	0.0000	0.0000	0.0000	0.0000	0.0000	0.0000	0.0000	0.0000	0.0000	0.0000	0.0092	0.0169	0.0000	0.0000	0.0000	0.0000	0.0109	0.0218	0.0000	0.0000	0.0000	-0.0003	0.0000	1.0335	1.9950	7.4537	0.0000	0.0000	0.0000	0.0000	0.0000	0.0000	0.0000	0.0000	0.0000	0.0006	0.0006	0.0000	0.0000	0.0000	0.0000	0.0006	0.0006	0.0000	0.0000	0.0000	0.0000	0.0000	0.0000	0.0000	0.0000	0.0000	0.0000	0.0621	0.0340	0.0281	0.0094	0.0077	0.0016	0.0528	0.0263	0.0265	0.0000	0.0000	0.0000	0.0000	0.0000	0.0000	0.0000	0.0000	0.0000	0.0092	0.0169	0.0000	0.0000	0.0000	0.0000	0.0109	0.0218	0.0000				
13	26	0.0638	4	0	1	0	1	0	0	0	0	N	N	N	N	N	N	N	N	N	N	N	N	0.0000	0.0000	0.0000	0.0000	0.0000	0.0000	0.0000	0.0000	0.0000	0.0000	0.0000	0.0000	0.0000	0.0424	0.0850	0.0000	0.0000	0.0000	0.0000	0.0481	0.1069	0.0000	0.0000	0.0000	-0.0012	0.0000	7.2039	1.9950	4.9911	0.0000	0.0000	0.0000	0.0000	0.0000	0.0000	0.0000	0.0000	0.0000	0.0024	0.0024	0.0000	0.0000	0.0000	0.0000	0.0024	0.0024	0.0000	0.0000	0.0000	0.0000	0.0000	0.0000	0.0000	0.0000	0.0000	0.0000	0.0557	0.0278	0.0279	0.0066	0.0057	0.0009	0.0491	0.0221	0.0270	0.0000	0.0000	0.0000	0.0000	0.0000	0.0000	0.0000	0.0000	0.0000	0.0424	0.0850	0.0000	0.0000	0.0000	0.0000	0.0481	0.1069	0.0000						
13	27	0.1544	5	0	1	1	2	0	0	0	0	N	N	N	Y	N	N	N	N	N	N	N	N	0.0000	0.0000	0.0000	0.0000	0.0000	0.0000	0.0000	0.0000	0.0000	0.0000	0.0000	0.0000	0.0000	0.0000	0.0000	0.0000	0.0000	0.0000	0.0000	0.0000	0.0000	1.9923	1.9950	5.5017	0.0000	0.0000	0.0000	0.0000	0.0000	0.0000	0.0000	0.0000	0.0000	0.0000	0.0000	0.0000	0.0000	0.0000	0.0000	0.0000	0.0000	0.0000	0.0000	0.0000	0.0000	0.0000	0.0000	0.0000	0.0000	0.0000	0.0000	0.0530	0.0311	0.0219	0.0160	0.0141	0.0019	0.0370	0.0170	0.0200	0.0000	0.0000	0.0000	0.0000	0.0000	0.0000	0.0000	0.0000	0.0000	0.0000	0.0000	0.0000	0.0000	0.0000	0.0000	0.0000	0.0000	0.0000											
13	28	0.0638	4	0	1	0	1	0	0	0	0	N	N	N	N	N	N	N	N	N	N	N	N	0.0000	0.0000	0.0000	0.0000	0.0000	0.0000	0.0000	0.0000	0.0000	0.0000	0.0000	0.0000	0.0000	0.0000	0.0000	0.0000	0.0000	0.0000	0.0000	0.0000	0.0000	1.7961	1.9950	15.9291	0.0000	0.0000	0.0000	0.0000	0.0000	0.0000	0.0000	0.0000	0.0000	0.0000	0.0000	0.0000	0.0000	0.0000	0.0000	0.0000	0.0000	0.0000	0.0000	0.0000	0.0000	0.0000	0.0000	0.0000	0.0000	0.0000	0.0000	0.0690	0.0344	0.0346	0.0079	0.0068	0.0011	0.0611	0.0276	0.0335	0.0000	0.0000	0.0000	0.0000	0.0000	0.0000	0.0000	0.0000	0.0000	0.0000	0.0000	0.0000	0.0000	0.0000	0.0000	0.0000	0.0000	0.0000											
13	29	0.0198	5	1	1	0	1	0	0	0	0	N	N	N	N	N	N	N	N	N	N	N	N	0.0000	0.0000	0.0000	0.0000	0.0000	0.0000	0.0000	0.0000	0.0000	0.0000	0.0000	0.0000	0.0000	0.0000	0.0000	0.0000	0.0000	0.0000	0.0000	0.0000	0.0000	0.0000	1.9950	0.0000	0.0000	0.0000	0.0000	0.0000	0.0000	0.0000	0.0000	0.0000	0.0000	0.0000	0.0000	0.0000	0.0000	0.0000	0.0000	0.0000	0.0000	0.0000	0.0000	0.0000	0.0000	0.0000	0.0000	0.0000	0.0000	0.0000	0.0000	0.0000	0.0000	0.0000	0.0000	0.0000	0.0000	0.0000	0.0000	0.0000	0.0000	0.0000	0.0000	0.0000	0.0000	0.0000	0.0000	0.0000	0.0000	0.0000	0.0000	0.0000	0.0000	0.0000	0.0000	0.0000	0.0000	0.0000											
13	30	0.0638	4	0	1	0	2	0	0	0	0	N	N	N	Y	N	N	N	N	N	N	N	N	0.0000	0.0000	0.0000	0.0000	0.0000	0.0000	0.0000	0.0000	0.0000	0.0000	0.0000	0.0000	0.0000	0.0296	0.0000	0.0591	0.0000	0.0000	0.0000	0.0334	0.0000	0.0611	inf	0.0000	0.0011	0.0000	0.0000	1.9950	19.0400	0.0000	0.0000	0.0000	0.0000	0.0000	0.0000	0.0000	0.0000	0.0000	0.0024	0.0000	0.0024	0.0000	0.0000	0.0000	0.0024	0.0000	0.0024	0.0000	0.0000	0.0000	0.0000	0.0000	0.0000	0.0000	0.0000	0.0000	0.0797	0.0397	0.0399	0.0090	0.0076	0.0013	0.0707	0.0321	0.0386	0.0000	0.0000	0.0000	0.0000	0.0000	0.0000	0.0000	0.0000	0.0000	0.0296	0.0000	0.0591	0.0000	0.0000	0.0000	0.0334	0.0000	0.0611						
13	31	0.0638	4	1	1	0	1	0	0	0	0	N	N	N	N	N	N	N	N	N	N	N	N	0.0000	0.0000	0.0000	0.0000	0.0000	0.0000	0.0000	0.0000	0.0000	0.0000	0.0000	0.0000	0.0000	0.0000	0.0000	0.0000	0.0000	0.0000	0.0000	0.0000	0.0000	6.7961	1.9950	16.0091	0.0000	0.0000	0.0000	0.0000	0.0000	0.0000	0.0000	0.0000	0.0000	0.0000	0.0000	0.0000	0.0000	0.0000	0.0000	0.0000	0.0000	0.0000	0.0000	0.0000	0.0000	0.0000	0.0000	0.0000	0.0000	0.0000	0.0000	0.0838	0.0418	0.0420	0.0094	0.0080	0.0014	0.0745	0.0339	0.0406	0.0000	0.0000	0.0000	0.0000	0.0000	0.0000	0.0000	0.0000	0.0000	0.0000	0.0000	0.0000	0.0000	0.0000	0.0000	0.0000	0.0000	0.0000											
13	32	0.4888	11	0	0	1	1	0	0	0	0	N	N	N	N	N	N	N	N	N	N	N	N	0.0000	0.0000	0.0000	0.0000	0.0000	0.0000	0.0000	0.0000	0.0000	0.0000	0.0000	0.0000	0.0000	0.0000	0.0000	0.0000	0.0047	0.0003	0.0162	0.0003	0.0003	0.0000	0.0127	0.0000	0.0238	24.1255	0.0000	0.0001	0.0000	2.4598	1.9950	7.4321	0.0000	0.0000	0.0000	0.0000	0.0000	0.0000	0.0000	0.0000	0.0000	0.0002	0.0000	0.0002	0.0000	0.0000	0.0000	0.0002	0.0000	0.0002	0.0000	0.0000	0.0000	0.0000	0.0000	0.0000	0.0000	0.0000	0.0000	0.0502	0.0361	0.0141	0.0322	0.0277	0.0045	0.0180	0.0084	0.0096	0.0000	0.0000	0.0000	0.0000	0.0000	0.0000	0.0000	0.0000	0.0000	0.0047	0.0003	0.0162	0.0003	0.0003	0.0000	0.0127	0.0000	0.0238			
13	33	0.4505	10	0	0	0	1	0	0	0	0	N	N	N	N	N	N	N	N	N	N	N	N	0.0000	0.0000	0.0000	0.0000	0.0000	0.0000	0.0000	0.0000	0.0000	0.0000	0.0000	0.0000	0.0000	0.0000	0.0000	0.0000	0.0000	0.0672	0.0059	0.2269	0.0066	0.0077	0.0000	0.1651	0.0008	0.3312	14.7920	0.0000	0.0016	0.0000	2.7943	1.9950	8.2643	0.0000	0.0000	0.0000	0.0000	0.0000	0.0000	0.0000	0.0000	0.0000	0.0037	0.0002	0.0035	0.0002	0.0002	0.0000	0.0035	0.0000	0.0035	0.0000	0.0000	0.0000	0.0000	0.0000	0.0000	0.0000	0.0000	0.0000	0.0555	0.0401	0.0154	0.0343	0.0295	0.0049	0.0212	0.0107	0.0106	0.0000	0.0000	0.0000	0.0000	0.0000	0.0000	0.0000	0.0000	0.0000	0.0672	0.0059	0.2269	0.0066	0.0077	0.0000	0.1651	0.0008	0.3312		
13	34	0.1194	5	0	1	0	1	0	0	0	0	N	N	N	N	N	N	N	N	N	N	N	N	0.0000	0.0000	0.0000	0.0000	0.0000	0.0000	0.0000	0.0000	0.0000	0.0000	0.0000	0.0000	0.0000	0.0006	0.0000	0.0018	0.0000	0.0000	0.0000	0.0020	0.0000	0.0036	inf	0.0000	0.0000	0.0000	0.0009	1.9950	2.4415	0.0000	0.0000	0.0000	0.0000	0.0000	0.0000	0.0000	0.0000	0.0000	0.0000	0.0000	0.0000	0.0000	0.0000	0.0000	0.0000	0.0000	0.0000	0.0000	0.0000	0.0000	0.0000	0.0000	0.0000	0.0000	0.0000	0.0000	0.0178	0.0123	0.0055	0.0128	0.0101	0.0027	0.0050	0.0022	0.0028	0.0000	0.0000	0.0000	0.0000	0.0000	0.0000	0.0000	0.0000	0.0000	0.0006	0.0000	0.0018	0.0000	0.0000	0.0000	0.0020	0.0000	0.0036						
13	35	0.0638	4	1	0	1	1	0	0	0	0	N	N	N	N	N	N	N	N	N	N	N	N	0.0000	0.0000	0.0000	0.0000	0.0000	0.0000	0.0000	0.0000	0.0000	0.0000	0.0000	0.0000	0.0000	0.0000	0.0000	0.0000	0.0000	0.0000	0.0000	0.0000	0.0000	0.0000	1.9950	5.9600	0.0000	0.0000	0.0000	0.0000	0.0000	0.0000	0.0000	0.0000	0.0000	0.0000	0.0000	0.0000	0.0000	0.0000	0.0000	0.0000	0.0000	0.0000	0.0000	0.0000	0.0000	0.0000	0.0000	0.0000	0.0000	0.0000	0.0000	0.0307	0.0156	0.0151	0.0042	0.0037	0.0005	0.0266	0.0119	0.0146	0.0000	0.0000	0.0000	0.0000	0.0000	0.0000	0.0000	0.0000	0.0000	0.0000	0.0000	0.0000	0.0000	0.0000	0.0000	0.0000	0.0000	0.0000											
13	36	0.1544	5	0	1	0	1	0	0	0	0	N	N	N	N	N	N	N	N	N	N	N	N	0.0000	0.0000	0.0000	0.0000	0.0000	0.0000	0.0000	0.0000	0.0000	0.0000	0.0000	0.0000	0.0000	0.0000	0.0000	0.0000	0.0000	0.0000	0.0000	0.0000	0.0000	0.0123	1.9950	6.2120	0.0000	0.0000	0.0000	0.0000	0.0000	0.0000	0.0000	0.0000	0.0000	0.0000	0.0000	0.0000	0.0000	0.0000	0.0000	0.0000	0.0000	0.0000	0.0000	0.0000	0.0000	0.0000	0.0000	0.0000	0.0000	0.0000	0.0000	0.0455	0.0267	0.0187	0.0138	0.0122	0.0016	0.0317	0.0146	0.0171	0.0000	0.0000	0.0000	0.0000	0.0000	0.0000	0.0000	0.0000	0.0000	0.0000	0.0000	0.0000	0.0000	0.0000	0.0000	0.0000	0.0000	0.0000											
13	37	0.0638	4	0	1	0	1	0	0	0	0	N	N	N	N	N	N	N	N	N	N	N	N	0.0000	0.0000	0.0000	0.0000	0.0000	0.0000	0.0000	0.0000	0.0000	0.0000	0.0000	0.0000	0.0000	0.0000	0.0000	0.0000	0.0000	0.0000	0.0000	0.0000	0.0000	8.2035	1.9950	18.5835	0.0000	0.0000	0.0000	0.0000	0.0000	0.0000	0.0000	0.0000	0.0000	0.0000	0.0000	0.0000	0.0000	0.0000	0.0000	0.0000	0.0000	0.0000	0.0000	0.0000	0.0000	0.0000	0.0000	0.0000	0.0000	0.0000	0.0000	0.1020	0.0512	0.0508	0.0111	0.0094	0.0017	0.0908	0.0417	0.0491	0.0000	0.0000	0.0000	0.0000	0.0000	0.0000	0.0000	0.0000	0.0000	0.0000	0.0000	0.0000	0.0000	0.0000	0.0000	0.0000	0.0000	0.0000											
13	38	0.0638	4	0	1	0	2	0	0	0	0	N	N	N	Y	N	N	N	N	N	N	N	N	0.0000	0.0000	0.0000	0.0000	0.0000	0.0000	0.0000	0.0000	0.0000	0.0000	0.0000	0.0000	0.0000	8.4200	16.6802	0.0000	78.2649	92.7223	0.0000	0.0000	0.0000	0.0000	0.0000	0.0000	-0.5173	0.0000	10.2042	1.9950	23.0710	0.0000	0.0000	0.0000	0.0000	0.0000	0.0000	0.0000	0.0000	0.0000	0.9927	0.9927	0.0000	0.9927	0.9927	0.0000	0.0000	0.0000	0.0000	0.0000	0.0000	0.0000	0.0000	0.0000	0.0000	0.0000	0.0000	0.0000	0.1179	0.0595	0.0584	0.0127	0.0107	0.0020	0.1052	0.0488	0.0564	0.0000	0.0000	0.0000	0.0000	0.0000	0.0000	0.0000	0.0000	0.0000	8.4200	16.6802	0.0000	78.2649	92.7223	0.0000	0.0000	0.0000	0.0000						
13	39	0.0638	4	1	0	1	1	0	0	0	0	N	N	N	N	N	N	N	N	N	N	N	N	0.0000	0.0000	0.0000	0.0000	0.0000	0.0000	0.0000	0.0000	0.0000	0.0000	0.0000	0.0000	0.0000	0.0000	0.0000	0.0000	0.0000	0.0000	0.0000	0.0000	0.0000	0.0000	1.9950	1.9600	0.0000	0.0000	0.0000	0.0000	0.0000	0.0000	0.0000	0.0000	0.0000	0.0000	0.0000	0.0000	0.0000	0.0000	0.0000	0.0000	0.0000	0.0000	0.0000	0.0000	0.0000	0.0000	0.0000	0.0000	0.0000	0.0000	0.0000	0.0124	0.0069	0.0055	0.0024	0.0022	0.0002	0.0101	0.0047	0.0054	0.0000	0.0000	0.0000	0.0000	0.0000	0.0000	0.0000	0.0000	0.0000	0.0000	0.0000	0.0000	0.0000	0.0000	0.0000	0.0000	0.0000	0.0000											
13	40	0.1194	5	0	0	1	1	0	0	0	0	N	N	N	N	N	N	N	N	N	N	N	N	0.0000	0.0000	0.0000	0.0000	0.0000	0.0000	0.0000	0.0000	0.0000	0.0000	0.0000	0.0000	0.0000	0.0003	0.0000	0.0010	0.0000	0.0000	0.0000	0.0010	0.0000	0.0019	inf	0.0000	0.0000	0.0000	0.0009	1.9950	7.7842	0.0000	0.0000	0.0000	0.0000	0.0000	0.0000	0.0000	0.0000	0.0000	0.0000	0.0000	0.0000	0.0000	0.0000	0.0000	0.0000	0.0000	0.0000	0.0000	0.0000	0.0000	0.0000	0.0000	0.0000	0.0000	0.0000	0.0000	0.0353	0.0252	0.0101	0.0252	0.0202	0.0050	0.0101	0.0050	0.0052	0.0000	0.0000	0.0000	0.0000	0.0000	0.0000	0.0000	0.0000	0.0000	0.0003	0.0000	0.0010	0.0000	0.0000	0.0000	0.0010	0.0000	0.0019						
13	41	0.0638	4	0	0	0	1	0	0	0	0	N	N	N	N	N	N	N	N	N	N	N	N	0.0000	0.0000	0.0000	0.0000	0.0000	0.0000	0.0000	0.0000	0.0000	0.0000	0.0000	0.0000	0.0000	0.0001	0.0002	0.0000	0.0011	0.0013	0.0000	0.0000	0.0000	0.0000	0.0000	0.0000	-0.0000	0.0000	1.7959	1.9950	20.1034	0.0000	0.0000	0.0000	0.0000	0.0000	0.0000	0.0000	0.0000	0.0000	0.0000	0.0000	0.0000	0.0000	0.0000	0.0000	0.0000	0.0000	0.0000	0.0000	0.0000	0.0000	0.0000	0.0000	0.0000	0.0000	0.0000	0.0000	0.0813	0.0406	0.0407	0.0091	0.0078	0.0013	0.0722	0.0328	0.0394	0.0000	0.0000	0.0000	0.0000	0.0000	0.0000	0.0000	0.0000	0.0000	0.0001	0.0002	0.0000	0.0011	0.0013	0.0000	0.0000	0.0000	0.0000						
13	42	0.1339	5	0	1	0	1	0	0	0	0	N	N	N	N	N	N	N	N	N	N	N	N	0.0000	0.0000	0.0000	0.0000	0.0000	0.0000	0.0000	0.0000	0.0000	0.0000	0.0000	0.0000	0.0000	0.0000	0.0000	0.0000	0.0000	0.0000	0.0000	0.0000	0.0000	0.0003	1.9950	0.0002	0.0000	0.0000	0.0000	0.0000	0.0000	0.0000	0.0000	0.0000	0.0000	0.0000	0.0000	0.0000	0.0000	0.0000	0.0000	0.0000	0.0000	0.0000	0.0000	0.0000	0.0000	0.0000	0.0000	0.0000	0.0000	0.0000	0.0000	0.0000	0.0000	0.0000	0.0000	0.0000	0.0000	0.0000	0.0000	0.0000	0.0000	0.0000	0.0000	0.0000	0.0000	0.0000	0.0000	0.0000	0.0000	0.0000	0.0000	0.0000	0.0000	0.0000	0.0000	0.0000	0.0000	0.0000											
13	43	0.0899	5	1	1	1	1	0	0	0	0	N	N	N	N	N	N	N	N	N	N	N	N	0.0000	0.0000	0.0000	0.0000	0.0000	0.0000	0.0000	0.0000	0.0000	0.0000	0.0000	0.0000	0.0000	0.0000	0.0000	0.0000	0.0000	0.0000	0.0000	0.0000	0.0000	0.0000	1.9950	2.0000	0.0000	0.0000	0.0000	0.0000	0.0000	0.0000	0.0000	0.0000	0.0000	0.0000	0.0000	0.0000	0.0000	0.0000	0.0000	0.0000	0.0000	0.0000	0.0000	0.0000	0.0000	0.0000	0.0000	0.0000	0.0000	0.0000	0.0000	0.0077	0.0047	0.0030	0.0026	0.0020	0.0006	0.0051	0.0027	0.0024	0.0000	0.0000	0.0000	0.0000	0.0000	0.0000	0.0000	0.0000	0.0000	0.0000	0.0000	0.0000	0.0000	0.0000	0.0000	0.0000	0.0000	0.0000											
13	44	0.0899	5	1	1	1	1	0	0	0	0	N	N	N	N	N	N	N	N	N	N	N	N	0.0000	0.0000	0.0000	0.0000	0.0000	0.0000	0.0000	0.0000	0.0000	0.0000	0.0000	0.0000	0.0000	0.0000	0.0000	0.0000	0.0000	0.0000	0.0000	0.0000	0.0000	0.0000	1.9950	0.0000	0.0000	0.0000	0.0000	0.0000	0.0000	0.0000	0.0000	0.0000	0.0000	0.0000	0.0000	0.0000	0.0000	0.0000	0.0000	0.0000	0.0000	0.0000	0.0000	0.0000	0.0000	0.0000	0.0000	0.0000	0.0000	0.0000	0.0000	0.0000	0.0000	0.0000	0.0000	0.0000	0.0000	0.0000	0.0000	0.0000	0.0000	0.0000	0.0000	0.0000	0.0000	0.0000	0.0000	0.0000	0.0000	0.0000	0.0000	0.0000	0.0000	0.0000	0.0000	0.0000	0.0000	0.0000											
13	45	0.0638	4	1	1	1	1	0	0	0	0	N	N	N	N	N	N	N	N	N	N	N	N	0.0000	0.0000	0.0000	0.0000	0.0000	0.0000	0.0000	0.0000	0.0000	0.0000	0.0000	0.0000	0.0000	0.0000	0.0000	0.0000	0.0000	0.0000	0.0000	0.0000	0.0000	0.7962	1.9950	7.9291	0.0000	0.0000	0.0000	0.0000	0.0000	0.0000	0.0000	0.0000	0.0000	0.0000	0.0000	0.0000	0.0000	0.0000	0.0000	0.0000	0.0000	0.0000	0.0000	0.0000	0.0000	0.0000	0.0000	0.0000	0.0000	0.0000	0.0000	0.0385	0.0194	0.0191	0.0049	0.0043	0.0006	0.0336	0.0151	0.0185	0.0000	0.0000	0.0000	0.0000	0.0000	0.0000	0.0000	0.0000	0.0000	0.0000	0.0000	0.0000	0.0000	0.0000	0.0000	0.0000	0.0000	0.0000											
13	46	0.0638	4	1	1	0	1	0	0	0	0	N	N	N	N	N	N	N	N	N	N	N	N	0.0000	0.0000	0.0000	0.0000	0.0000	0.0000	0.0000	0.0000	0.0000	0.0000	0.0000	0.0000	0.0000	0.0000	0.0000	0.0000	0.0000	0.0000	0.0000	0.0000	0.0000	0.7962	1.9950	12.9291	0.0000	0.0000	0.0000	0.0000	0.0000	0.0000	0.0000	0.0000	0.0000	0.0000	0.0000	0.0000	0.0000	0.0000	0.0000	0.0000	0.0000	0.0000	0.0000	0.0000	0.0000	0.0000	0.0000	0.0000	0.0000	0.0000	0.0000	0.0561	0.0280	0.0281	0.0067	0.0057	0.0009	0.0495	0.0223	0.0272	0.0000	0.0000	0.0000	0.0000	0.0000	0.0000	0.0000	0.0000	0.0000	0.0000	0.0000	0.0000	0.0000	0.0000	0.0000	0.0000	0.0000	0.0000											
13	47	0.0638	4	0	1	0	2	0	0	0	0	N	N	N	Y	N	N	N	N	N	N	N	N	0.0000	0.0000	0.0000	0.0000	0.0000	0.0000	0.0000	0.0000	0.0000	0.0000	0.0000	0.0000	0.0000	0.0000	0.0000	0.0000	0.0000	0.0000	0.0000	0.0000	0.0000	9.0000	1.9950	15.0400	0.0000	0.0000	0.0000	0.0000	0.0000	0.0000	0.0000	0.0000	0.0000	0.0000	0.0000	0.0000	0.0000	0.0000	0.0000	0.0000	0.0000	0.0000	0.0000	0.0000	0.0000	0.0000	0.0000	0.0000	0.0000	0.0000	0.0000	0.0948	0.0474	0.0473	0.0104	0.0089	0.0016	0.0843	0.0386	0.0458	0.0000	0.0000	0.0000	0.0000	0.0000	0.0000	0.0000	0.0000	0.0000	0.0000	0.0000	0.0000	0.0000	0.0000	0.0000	0.0000	0.0000	0.0000											
13	48	0.1424	5	0	0	0	2	0	0	0	0	N	N	N	Y	N	N	N	N	N	N	N	N	0.0000	0.0000	0.0000	0.0000	0.0000	0.0000	0.0000	0.0000	0.0000	0.0000	0.0000	0.0000	0.0000	0.0000	0.0000	0.0000	0.0000	0.0000	0.0000	0.0000	0.0000	0.0037	1.9950	3.0208	0.0000	0.0000	0.0000	0.0000	0.0000	0.0000	0.0000	0.0000	0.0000	0.0000	0.0000	0.0000	0.0000	0.0000	0.0000	0.0000	0.0000	0.0000	0.0000	0.0000	0.0000	0.0000	0.0000	0.0000	0.0000	0.0000	0.0000	0.0126	0.0093	0.0034	0.0088	0.0073	0.0015	0.0038	0.0020	0.0019	0.0000	0.0000	0.0000	0.0000	0.0000	0.0000	0.0000	0.0000	0.0000	0.0000	0.0000	0.0000	0.0000	0.0000	0.0000	0.0000	0.0000	0.0000											
13	49	0.0638	4	0	0	0	2	0	0	0	0	N	N	N	Y	N	N	N	N	N	N	N	N	0.0000	0.0000	0.0000	0.0000	0.0000	0.0000	0.0000	0.0000	0.0000	0.0000	0.0000	0.0000	0.0000	0.0000	0.0000	0.0000	0.0000	0.0000	0.0000	0.0000	0.0000	4.7960	1.9950	23.0471	0.0000	0.0000	0.0000	0.0000	0.0000	0.0000	0.0000	0.0000	0.0000	0.0000	0.0000	0.0000	0.0000	0.0000	0.0000	0.0000	0.0000	0.0000	0.0000	0.0000	0.0000	0.0000	0.0000	0.0000	0.0000	0.0000	0.0000	0.0971	0.0486	0.0485	0.0107	0.0090	0.0016	0.0864	0.0396	0.0468	0.0000	0.0000	0.0000	0.0000	0.0000	0.0000	0.0000	0.0000	0.0000	0.0000	0.0000	0.0000	0.0000	0.0000	0.0000	0.0000	0.0000	0.0000											
13	50	0.0988	5	0	1	1	1	0	0	0	0	N	N	N	N	N	N	N	N	N	N	N	N	0.0000	0.0000	0.0000	0.0000	0.0000	0.0000	0.0000	0.0000	0.0000	0.0000	0.0000	0.0000	0.0000	0.0000	0.0001	0.0000	0.0000	0.0000	0.0000	0.0001	0.0001	0.0000	0.0000	0.0000	-0.0000	0.0000	1.4428	1.9950	0.4686	0.0000	0.0000	0.0000	0.0000	0.0000	0.0000	0.0000	0.0000	0.0000	0.0000	0.0000	0.0000	0.0000	0.0000	0.0000	0.0000	0.0000	0.0000	0.0000	0.0000	0.0000	0.0000	0.0000	0.0000	0.0000	0.0000	0.0000	0.0183	0.0106	0.0076	0.0054	0.0045	0.0009	0.0129	0.0061	0.0067	0.0000	0.0000	0.0000	0.0000	0.0000	0.0000	0.0000	0.0000	0.0000	0.0000	0.0001	0.0000	0.0000	0.0000	0.0000	0.0001	0.0001	0.0000						
13	51	0.0638	4	0	1	0	1	0	0	0	0	N	N	N	N	N	N	N	N	N	N	N	N	0.0000	0.0000	0.0000	0.0000	0.0000	0.0000	0.0000	0.0000	0.0000	0.0000	0.0000	0.0000	0.0000	0.0354	0.0710	0.0000	0.0000	0.0000	0.0000	0.0400	0.0885	0.0000	0.0000	0.0000	-0.0012	0.0000	7.1845	1.9950	8.0722	0.0000	0.0000	0.0000	0.0000	0.0000	0.0000	0.0000	0.0000	0.0000	0.0024	0.0024	0.0000	0.0000	0.0000	0.0000	0.0024	0.0024	0.0000	0.0000	0.0000	0.0000	0.0000	0.0000	0.0000	0.0000	0.0000	0.0000	0.0667	0.0332	0.0335	0.0077	0.0066	0.0011	0.0590	0.0266	0.0324	0.0000	0.0000	0.0000	0.0000	0.0000	0.0000	0.0000	0.0000	0.0000	0.0354	0.0710	0.0000	0.0000	0.0000	0.0000	0.0400	0.0885	0.0000						
13	52	0.0865	5	1	0	1	1	0	0	0	0	N	N	N	N	N	N	N	N	N	N	N	N	0.0000	0.0000	0.0000	0.0000	0.0000	0.0000	0.0000	0.0000	0.0000	0.0000	0.0000	0.0000	0.0000	0.0003	0.0000	0.0005	0.0000	0.0000	0.0000	0.0003	0.0000	0.0006	inf	0.0000	0.0000	0.0000	0.9976	1.9950	4.7732	0.0000	0.0000	0.0000	0.0000	0.0000	0.0000	0.0000	0.0000	0.0000	0.0000	0.0000	0.0000	0.0000	0.0000	0.0000	0.0000	0.0000	0.0000	0.0000	0.0000	0.0000	0.0000	0.0000	0.0000	0.0000	0.0000	0.0000	0.0374	0.0192	0.0183	0.0065	0.0061	0.0004	0.0309	0.0131	0.0178	0.0000	0.0000	0.0000	0.0000	0.0000	0.0000	0.0000	0.0000	0.0000	0.0003	0.0000	0.0005	0.0000	0.0000	0.0000	0.0003	0.0000	0.0006						
13	53	0.0638	4	1	0	0	1	0	0	0	0	N	N	N	N	N	N	N	N	N	N	N	N	0.0000	0.0000	0.0000	0.0000	0.0000	0.0000	0.0000	0.0000	0.0000	0.0000	0.0000	0.0000	0.0000	0.0002	0.0004	0.0000	0.0018	0.0021	0.0000	0.0000	0.0000	0.0000	0.0000	0.0000	-0.0000	0.0000	3.2133	1.9950	6.0120	0.0000	0.0000	0.0000	0.0000	0.0000	0.0000	0.0000	0.0000	0.0000	0.0000	0.0000	0.0000	0.0000	0.0000	0.0000	0.0000	0.0000	0.0000	0.0000	0.0000	0.0000	0.0000	0.0000	0.0000	0.0000	0.0000	0.0000	0.0442	0.0221	0.0220	0.0055	0.0048	0.0007	0.0387	0.0174	0.0213	0.0000	0.0000	0.0000	0.0000	0.0000	0.0000	0.0000	0.0000	0.0000	0.0002	0.0004	0.0000	0.0018	0.0021	0.0000	0.0000	0.0000	0.0000						
13	54	0.0638	4	1	1	0	1	0	0	0	0	N	N	N	N	N	N	N	N	N	N	N	N	0.0000	0.0000	0.0000	0.0000	0.0000	0.0000	0.0000	0.0000	0.0000	0.0000	0.0000	0.0000	0.0000	0.0000	0.0000	0.0000	0.0000	0.0000	0.0000	0.0000	0.0000	1.7961	1.9950	11.9291	0.0000	0.0000	0.0000	0.0000	0.0000	0.0000	0.0000	0.0000	0.0000	0.0000	0.0000	0.0000	0.0000	0.0000	0.0000	0.0000	0.0000	0.0000	0.0000	0.0000	0.0000	0.0000	0.0000	0.0000	0.0000	0.0000	0.0000	0.0561	0.0280	0.0281	0.0067	0.0057	0.0009	0.0495	0.0223	0.0272	0.0000	0.0000	0.0000	0.0000	0.0000	0.0000	0.0000	0.0000	0.0000	0.0000	0.0000	0.0000	0.0000	0.0000	0.0000	0.0000	0.0000	0.0000											
13	55	0.0851	5	0	1	0	1	0	0	0	0	N	N	N	N	N	N	N	N	N	N	N	N	0.0000	0.0000	0.0000	0.0000	0.0000	0.0000	0.0000	0.0000	0.0000	0.0000	0.0000	0.0000	0.0000	0.0000	0.0000	0.0000	0.0000	0.3079	0.1006	0.6628	0.0000	0.0000	0.0000	0.5151	0.2239	0.7784	3.8456	0.0000	0.0031	0.0000	0.0041	1.9950	6.2745	0.0000	0.0000	0.0000	0.0000	0.0000	0.0000	0.0000	0.0000	0.0000	0.0114	0.0023	0.0090	0.0000	0.0000	0.0000	0.0114	0.0023	0.0090	0.0000	0.0000	0.0000	0.0000	0.0000	0.0000	0.0000	0.0000	0.0000	0.0369	0.0233	0.0136	0.0149	0.0128	0.0020	0.0221	0.0105	0.0116	0.0000	0.0000	0.0000	0.0000	0.0000	0.0000	0.0000	0.0000	0.0000	0.3079	0.1006	0.6628	0.0000	0.0000	0.0000	0.5151	0.2239	0.7784		
13	56	0.1339	5	0	0	1	1	0	0	0	0	N	N	N	N	N	N	N	N	N	N	N	N	0.0000	0.0000	0.0000	0.0000	0.0000	0.0000	0.0000	0.0000	0.0000	0.0000	0.0000	0.0000	0.0000	0.0000	0.0000	0.0000	0.0000	0.0000	0.0000	0.0000	0.0000	18.9997	1.9950	4.0000	0.0000	0.0000	0.0000	0.0000	0.0000	0.0000	0.0000	0.0000	0.0000	0.0000	0.0000	0.0000	0.0000	0.0000	0.0000	0.0000	0.0000	0.0000	0.0000	0.0000	0.0000	0.0000	0.0000	0.0000	0.0000	0.0000	0.0000	0.0726	0.0523	0.0203	0.0492	0.0398	0.0094	0.0234	0.0125	0.0109	0.0000	0.0000	0.0000	0.0000	0.0000	0.0000	0.0000	0.0000	0.0000	0.0000	0.0000	0.0000	0.0000	0.0000	0.0000	0.0000	0.0000	0.0000											
13	57	0.0638	4	0	0	0	1	0	0	0	0	N	N	N	N	N	N	N	N	N	N	N	N	0.0000	0.0000	0.0000	0.0000	0.0000	0.0000	0.0000	0.0000	0.0000	0.0000	0.0000	0.0000	0.0000	0.0000	0.0000	0.0000	0.0000	0.0000	0.0000	0.0000	0.0000	1.7961	1.9950	22.3138	0.0000	0.0000	0.0000	0.0000	0.0000	0.0000	0.0000	0.0000	0.0000	0.0000	0.0000	0.0000	0.0000	0.0000	0.0000	0.0000	0.0000	0.0000	0.0000	0.0000	0.0000	0.0000	0.0000	0.0000	0.0000	0.0000	0.0000	0.0938	0.0470	0.0469	0.0103	0.0088	0.0016	0.0835	0.0382	0.0453	0.0000	0.0000	0.0000	0.0000	0.0000	0.0000	0.0000	0.0000	0.0000	0.0000	0.0000	0.0000	0.0000	0.0000	0.0000	0.0000	0.0000	0.0000											
13	58	0.0847	6	1	1	0	1	0	0	0	0	N	N	N	N	N	N	N	N	N	N	N	N	0.0000	0.0000	0.0000	0.0000	0.0000	0.0000	0.0000	0.0000	0.0000	0.0000	0.0000	0.0000	0.0000	0.0258	0.0466	0.0000	0.1693	0.2017	0.0000	0.0000	0.0000	0.0000	0.0000	0.0000	-0.0009	0.0000	0.9359	1.9950	8.5945	0.0000	0.0000	0.0000	0.0000	0.0000	0.0000	0.0000	0.0000	0.0000	0.0018	0.0018	0.0000	0.0018	0.0018	0.0000	0.0000	0.0000	0.0000	0.0000	0.0000	0.0000	0.0000	0.0000	0.0000	0.0000	0.0000	0.0000	0.0692	0.0383	0.0308	0.0106	0.0089	0.0017	0.0586	0.0295	0.0292	0.0000	0.0000	0.0000	0.0000	0.0000	0.0000	0.0000	0.0000	0.0000	0.0258	0.0466	0.0000	0.1693	0.2017	0.0000	0.0000	0.0000	0.0000						
13	59	0.0819	5	0	1	0	1	0	0	0	0	N	N	N	N	N	N	N	N	N	N	N	N	0.0000	0.0000	0.0000	0.0000	0.0000	0.0000	0.0000	0.0000	0.0000	0.0000	0.0000	0.0000	0.0000	0.0000	0.0000	0.0000	0.0000	0.0000	0.0372	0.0607	0.0000	0.0643	0.0767	0.0000	0.0262	0.0503	0.0000	0.0001	0.0000	-0.0005	0.0000	0.1706	1.9950	1.8413	0.0000	0.0000	0.0000	0.0000	0.0000	0.0000	0.0000	0.0000	0.0000	0.0009	0.0009	0.0000	0.0004	0.0004	0.0000	0.0004	0.0004	0.0000	0.0000	0.0000	0.0000	0.0000	0.0000	0.0000	0.0000	0.0000	0.0000	0.0233	0.0143	0.0090	0.0067	0.0057	0.0011	0.0166	0.0086	0.0079	0.0000	0.0000	0.0000	0.0000	0.0000	0.0000	0.0000	0.0000	0.0000	0.0372	0.0607	0.0000	0.0643	0.0767	0.0000	0.0262	0.0503	0.0000	
13	60	0.0638	4	0	1	0	1	0	0	0	0	N	N	N	N	N	N	N	N	N	N	N	N	0.0000	0.0000	0.0000	0.0000	0.0000	0.0000	0.0000	0.0000	0.0000	0.0000	0.0000	0.0000	0.0000	0.0000	0.0000	0.0349	0.0698	0.0000	0.0000	0.0000	0.0000	0.0396	0.0882	0.0000	0.0000	0.0000	-0.0009	0.0000	6.1830	1.9950	4.8458	0.0000	0.0000	0.0000	0.0000	0.0000	0.0000	0.0000	0.0000	0.0000	0.0018	0.0018	0.0000	0.0000	0.0000	0.0000	0.0018	0.0018	0.0000	0.0000	0.0000	0.0000	0.0000	0.0000	0.0000	0.0000	0.0000	0.0000	0.0512	0.0256	0.0256	0.0062	0.0053	0.0008	0.0451	0.0203	0.0248	0.0000	0.0000	0.0000	0.0000	0.0000	0.0000	0.0000	0.0000	0.0000	0.0349	0.0698	0.0000	0.0000	0.0000	0.0000	0.0396	0.0882	0.0000				
13	61	0.4569	11	0	0	0	1	0	0	0	0	N	N	N	N	N	N	N	N	N	N	N	N	0.0000	0.0000	0.0000	0.0000	0.0000	0.0000	0.0000	0.0000	0.0000	0.0000	0.0000	0.0000	0.0000	0.1329	0.0000	0.4787	0.0000	0.0000	0.0000	0.3467	0.0000	0.7327	inf	0.0000	0.0035	0.0000	1.0140	1.9950	12.0537	0.0000	0.0000	0.0000	0.0000	0.0000	0.0000	0.0000	0.0000	0.0000	0.0074	0.0000	0.0074	0.0000	0.0000	0.0000	0.0074	0.0000	0.0074	0.0000	0.0000	0.0000	0.0000	0.0000	0.0000	0.0000	0.0000	0.0000	0.0556	0.0401	0.0154	0.0343	0.0289	0.0053	0.0213	0.0112	0.0101	0.0000	0.0000	0.0000	0.0000	0.0000	0.0000	0.0000	0.0000	0.0000	0.1329	0.0000	0.4787	0.0000	0.0000	0.0000	0.3467	0.0000	0.7327						
13	62	0.3810	8	0	0	0	1	0	0	0	0	N	N	N	N	N	N	N	N	N	N	N	N	0.0000	0.0000	0.0000	0.0000	0.0000	0.0000	0.0000	0.0000	0.0000	0.0000	0.0000	0.0000	0.0000	0.0000	0.0000	2.6283	3.7391	0.0000	4.8535	5.6582	0.0000	0.0228	0.0438	0.0000	0.0000	0.0000	-0.3054	0.0000	22.0948	1.9950	64.3951	0.0000	0.0000	0.0000	0.0000	0.0000	0.0000	0.0000	0.0000	0.0000	0.5862	0.5862	0.0000	0.5838	0.5838	0.0000	0.0023	0.0023	0.0000	0.0000	0.0000	0.0000	0.0000	0.0000	0.0000	0.0000	0.0000	0.0000	0.2230	0.1568	0.0663	0.1203	0.1032	0.0171	0.1027	0.0536	0.0492	0.0000	0.0000	0.0000	0.0000	0.0000	0.0000	0.0000	0.0000	0.0000	2.6283	3.7391	0.0000	4.8535	5.6582	0.0000	0.0228	0.0438	0.0000				
13	63	0.1742	7	0	0	0	1	0	0	0	0	N	N	N	N	N	N	N	N	N	N	N	N	0.0000	0.0000	0.0000	0.0000	0.0000	0.0000	0.0000	0.0000	0.0000	0.0000	0.0000	0.0000	0.0000	1.6598	2.4339	0.0000	2.9111	3.3906	0.0000	0.0000	0.0000	0.0000	0.0000	0.0000	-0.1106	0.0000	3.0638	1.9950	18.8214	0.0000	0.0000	0.0000	0.0000	0.0000	0.0000	0.0000	0.0000	0.0000	0.2122	0.2122	0.0000	0.2122	0.2122	0.0000	0.0000	0.0000	0.0000	0.0000	0.0000	0.0000	0.0000	0.0000	0.0000	0.0000	0.0000	0.0000	0.1278	0.0872	0.0407	0.0729	0.0626	0.0103	0.0549	0.0246	0.0303	0.0000	0.0000	0.0000	0.0000	0.0000	0.0000	0.0000	0.0000	0.0000	1.6598	2.4339	0.0000	2.9111	3.3906	0.0000	0.0000	0.0000	0.0000						
13	64	0.0851	5	1	1	1	1	0	0	0	0	N	N	N	N	N	N	N	N	N	N	N	N	0.0000	0.0000	0.0000	0.0000	0.0000	0.0000	0.0000	0.0000	0.0000	0.0000	0.0000	0.0000	0.0000	21.0009	33.6440	0.0000	55.4935	65.5768	0.0000	0.0000	0.0000	0.0000	0.0000	0.0000	-0.5126	0.0000	1.0029	1.9950	8.4685	0.0000	0.0000	0.0000	0.0000	0.0000	0.0000	0.0000	0.0000	0.0000	0.9837	0.9837	0.0000	0.9837	0.9837	0.0000	0.0000	0.0000	0.0000	0.0000	0.0000	0.0000	0.0000	0.0000	0.0000	0.0000	0.0000	0.0000	0.0468	0.0292	0.0176	0.0177	0.0150	0.0027	0.0291	0.0142	0.0149	0.0000	0.0000	0.0000	0.0000	0.0000	0.0000	0.0000	0.0000	0.0000	21.0009	33.6440	0.0000	55.4935	65.5768	0.0000	0.0000	0.0000	0.0000						
13	65	0.0638	4	0	1	0	1	0	0	0	0	N	N	N	N	N	N	N	N	N	N	N	N	0.0000	0.0000	0.0000	0.0000	0.0000	0.0000	0.0000	0.0000	0.0000	0.0000	0.0000	0.0000	0.0000	0.0000	0.0000	0.0000	0.0000	0.2208	0.4394	0.0000	1.7496	2.0021	0.0000	0.0004	0.0008	0.0000	0.0000	0.0000	-0.0047	0.0000	0.7961	1.9950	8.5878	0.0000	0.0000	0.0000	0.0000	0.0000	0.0000	0.0000	0.0000	0.0000	0.0090	0.0090	0.0000	0.0090	0.0090	0.0000	0.0000	0.0000	0.0000	0.0000	0.0000	0.0000	0.0000	0.0000	0.0000	0.0000	0.0000	0.0000	0.0409	0.0206	0.0204	0.0052	0.0045	0.0007	0.0358	0.0161	0.0197	0.0000	0.0000	0.0000	0.0000	0.0000	0.0000	0.0000	0.0000	0.0000	0.2208	0.4394	0.0000	1.7496	2.0021	0.0000	0.0004	0.0008	0.0000		
13	66	0.4569	11	0	1	0	1	0	0	0	0	N	N	N	N	N	N	N	N	N	N	N	N	0.0000	0.0000	0.0000	0.0000	0.0000	0.0000	0.0000	0.0000	0.0000	0.0000	0.0000	0.0000	0.0000	17.3310	24.0060	0.0000	28.1001	33.3289	0.0000	0.0000	0.0000	0.0000	0.0000	0.0000	-0.5134	0.0000	1.0110	1.9950	12.5479	0.0000	0.0000	0.0000	0.0000	0.0000	0.0000	0.0000	0.0000	0.0000	0.9853	0.9853	0.0000	0.9853	0.9853	0.0000	0.0000	0.0000	0.0000	0.0000	0.0000	0.0000	0.0000	0.0000	0.0000	0.0000	0.0000	0.0000	0.0569	0.0410	0.0158	0.0351	0.0296	0.0055	0.0218	0.0115	0.0103	0.0000	0.0000	0.0000	0.0000	0.0000	0.0000	0.0000	0.0000	0.0000	17.3310	24.0060	0.0000	28.1001	33.3289	0.0000	0.0000	0.0000	0.0000						
13	67	0.4505	10	0	0	0	1	0	0	0	0	N	N	N	N	N	N	N	N	N	N	N	N	0.0000	0.0000	0.0000	0.0000	0.0000	0.0000	0.0000	0.0000	0.0000	0.0000	0.0000	0.0000	0.0000	0.0000	0.0000	0.0000	0.3516	0.3308	0.4060	0.4193	0.4595	0.0000	0.2620	0.0000	0.4950	0.4713	0.0000	-0.0022	0.0000	0.9784	1.9950	1.5217	0.0000	0.0000	0.0000	0.0000	0.0000	0.0000	0.0000	0.0000	0.0000	0.0108	0.0074	0.0035	0.0074	0.0074	0.0000	0.0035	0.0000	0.0035	0.0000	0.0000	0.0000	0.0000	0.0000	0.0000	0.0000	0.0000	0.0000	0.0308	0.0223	0.0085	0.0176	0.0160	0.0015	0.0132	0.0062	0.0070	0.0000	0.0000	0.0000	0.0000	0.0000	0.0000	0.0000	0.0000	0.0000	0.3516	0.3308	0.4060	0.4193	0.4595	0.0000	0.2620	0.0000	0.4950			
13	68	0.4203	9	0	0	0	1	0	0	0	0	N	N	N	N	N	N	N	N	N	N	N	N	0.0000	0.0000	0.0000	0.0000	0.0000	0.0000	0.0000	0.0000	0.0000	0.0000	0.0000	0.0000	0.0000	0.0000	0.0000	0.0000	0.1949	0.0847	0.4704	0.0890	0.1073	0.0000	0.4198	0.0000	0.7917	2.2225	0.0000	0.0019	0.0000	1.0531	1.9950	9.0748	0.0000	0.0000	0.0000	0.0000	0.0000	0.0000	0.0000	0.0000	0.0000	0.0112	0.0035	0.0077	0.0035	0.0035	0.0000	0.0077	0.0000	0.0077	0.0000	0.0000	0.0000	0.0000	0.0000	0.0000	0.0000	0.0000	0.0000	0.0573	0.0409	0.0164	0.0390	0.0323	0.0066	0.0184	0.0086	0.0097	0.0000	0.0000	0.0000	0.0000	0.0000	0.0000	0.0000	0.0000	0.0000	0.1949	0.0847	0.4704	0.0890	0.1073	0.0000	0.4198	0.0000	0.7917			
13	69	0.0638	4	1	0	1	1	0	0	0	0	N	N	N	N	N	N	N	N	N	N	N	N	0.0000	0.0000	0.0000	0.0000	0.0000	0.0000	0.0000	0.0000	0.0000	0.0000	0.0000	0.0000	0.0000	0.0000	0.0000	0.0000	0.0000	0.0000	0.0000	0.0000	0.0000	0.0000	1.9950	4.9600	0.0000	0.0000	0.0000	0.0000	0.0000	0.0000	0.0000	0.0000	0.0000	0.0000	0.0000	0.0000	0.0000	0.0000	0.0000	0.0000	0.0000	0.0000	0.0000	0.0000	0.0000	0.0000	0.0000	0.0000	0.0000	0.0000	0.0000	0.0263	0.0135	0.0128	0.0037	0.0033	0.0004	0.0226	0.0102	0.0124	0.0000	0.0000	0.0000	0.0000	0.0000	0.0000	0.0000	0.0000	0.0000	0.0000	0.0000	0.0000	0.0000	0.0000	0.0000	0.0000	0.0000	0.0000											
13	71	0.1201	8	0	0	1	1	0	0	0	0	N	N	N	N	N	N	N	N	N	N	N	N	0.0000	0.0000	0.0000	0.0000	0.0000	0.0000	0.0000	0.0000	0.0000	0.0000	0.0000	0.0000	0.0000	0.0000	0.0000	0.0000	0.0000	0.0000	0.0000	0.0000	0.0000	1.0000	1.9950	0.0055	0.0000	0.0000	0.0000	0.0000	0.0000	0.0000	0.0000	0.0000	0.0000	0.0000	0.0000	0.0000	0.0000	0.0000	0.0000	0.0000	0.0000	0.0000	0.0000	0.0000	0.0000	0.0000	0.0000	0.0000	0.0000	0.0000	0.0000	0.0038	0.0027	0.0012	0.0019	0.0017	0.0002	0.0019	0.0010	0.0009	0.0000	0.0000	0.0000	0.0000	0.0000	0.0000	0.0000	0.0000	0.0000	0.0000	0.0000	0.0000	0.0000	0.0000	0.0000	0.0000	0.0000	0.0000											
13	72	0.1134	7	0	0	1	1	0	0	0	0	N	N	N	N	N	N	N	N	N	N	N	N	0.0000	0.0000	0.0000	0.0000	0.0000	0.0000	0.0000	0.0000	0.0000	0.0000	0.0000	0.0000	0.0000	0.0000	0.0000	0.0000	0.0000	0.0000	0.0000	0.0000	0.0000	0.0000	1.9950	1.0265	0.0000	0.0000	0.0000	0.0000	0.0000	0.0000	0.0000	0.0000	0.0000	0.0000	0.0000	0.0000	0.0000	0.0000	0.0000	0.0000	0.0000	0.0000	0.0000	0.0000	0.0000	0.0000	0.0000	0.0000	0.0000	0.0000	0.0000	0.0043	0.0030	0.0013	0.0021	0.0019	0.0003	0.0021	0.0011	0.0010	0.0000	0.0000	0.0000	0.0000	0.0000	0.0000	0.0000	0.0000	0.0000	0.0000	0.0000	0.0000	0.0000	0.0000	0.0000	0.0000	0.0000	0.0000											
13	73	0.1080	6	0	0	0	1	0	0	0	0	N	N	N	N	N	N	N	N	N	N	N	N	0.0000	0.0000	0.0000	0.0000	0.0000	0.0000	0.0000	0.0000	0.0000	0.0000	0.0000	0.0000	0.0000	0.0003	0.0000	0.0008	0.0000	0.0000	0.0000	0.0006	0.0000	0.0009	inf	0.0000	0.0000	0.0000	0.0000	1.9950	1.0321	0.0000	0.0000	0.0000	0.0000	0.0000	0.0000	0.0000	0.0000	0.0000	0.0000	0.0000	0.0000	0.0000	0.0000	0.0000	0.0000	0.0000	0.0000	0.0000	0.0000	0.0000	0.0000	0.0000	0.0000	0.0000	0.0000	0.0000	0.0372	0.0242	0.0130	0.0208	0.0188	0.0019	0.0164	0.0053	0.0111	0.0000	0.0000	0.0000	0.0000	0.0000	0.0000	0.0000	0.0000	0.0000	0.0003	0.0000	0.0008	0.0000	0.0000	0.0000	0.0006	0.0000	0.0009						
13	74	0.0852	5	0	0	0	1	0	0	0	0	N	N	N	N	N	N	N	N	N	N	N	N	0.0000	0.0000	0.0000	0.0000	0.0000	0.0000	0.0000	0.0000	0.0000	0.0000	0.0000	0.0000	0.0000	0.0000	0.0000	0.0000	0.0191	0.0002	0.0533	0.0002	0.0002	0.0000	0.0358	0.0000	0.0592	186.3503	0.0000	0.0009	0.0000	0.5629	1.9950	8.5245	0.0000	0.0000	0.0000	0.0000	0.0000	0.0000	0.0000	0.0000	0.0000	0.0019	0.0000	0.0018	0.0000	0.0000	0.0000	0.0018	0.0000	0.0018	0.0000	0.0000	0.0000	0.0000	0.0000	0.0000	0.0000	0.0000	0.0000	0.0973	0.0627	0.0346	0.0457	0.0423	0.0034	0.0515	0.0204	0.0312	0.0000	0.0000	0.0000	0.0000	0.0000	0.0000	0.0000	0.0000	0.0000	0.0191	0.0002	0.0533	0.0002	0.0002	0.0000	0.0358	0.0000	0.0592			
13	75	0.1022	6	0	1	0	1	0	0	0	0	N	N	N	N	N	N	N	N	N	N	N	N	0.0000	0.0000	0.0000	0.0000	0.0000	0.0000	0.0000	0.0000	0.0000	0.0000	0.0000	0.0000	0.0000	0.0000	0.0000	0.0000	0.0000	0.0000	0.0000	0.0000	0.0000	1.9994	1.9950	4.0943	0.0000	0.0000	0.0000	0.0000	0.0000	0.0000	0.0000	0.0000	0.0000	0.0000	0.0000	0.0000	0.0000	0.0000	0.0000	0.0000	0.0000	0.0000	0.0000	0.0000	0.0000	0.0000	0.0000	0.0000	0.0000	0.0000	0.0000	0.0297	0.0210	0.0087	0.0117	0.0106	0.0011	0.0179	0.0104	0.0075	0.0000	0.0000	0.0000	0.0000	0.0000	0.0000	0.0000	0.0000	0.0000	0.0000	0.0000	0.0000	0.0000	0.0000	0.0000	0.0000	0.0000	0.0000											
13	76	0.0959	5	0	0	0	1	0	0	0	0	N	N	N	N	N	N	N	N	N	N	N	N	0.0000	0.0000	0.0000	0.0000	0.0000	0.0000	0.0000	0.0000	0.0000	0.0000	0.0000	0.0000	0.0000	0.0006	0.0000	0.0020	0.0000	0.0000	0.0000	0.0010	0.0000	0.0022	inf	0.0000	0.0000	0.0000	0.0011	1.9950	2.7207	0.0000	0.0000	0.0000	0.0000	0.0000	0.0000	0.0000	0.0000	0.0000	0.0000	0.0000	0.0000	0.0000	0.0000	0.0000	0.0000	0.0000	0.0000	0.0000	0.0000	0.0000	0.0000	0.0000	0.0000	0.0000	0.0000	0.0000	0.0174	0.0123	0.0051	0.0073	0.0067	0.0005	0.0101	0.0056	0.0045	0.0000	0.0000	0.0000	0.0000	0.0000	0.0000	0.0000	0.0000	0.0000	0.0006	0.0000	0.0020	0.0000	0.0000	0.0000	0.0010	0.0000	0.0022						
13	77	0.0638	4	0	0	0	1	0	0	0	0	N	N	N	N	N	N	N	N	N	N	N	N	0.0000	0.0000	0.0000	0.0000	0.0000	0.0000	0.0000	0.0000	0.0000	0.0000	0.0000	0.0000	0.0000	0.0000	0.0000	0.0000	0.0000	0.0000	0.0000	0.0000	0.0000	0.0001	1.9950	10.0074	0.0000	0.0000	0.0000	0.0000	0.0000	0.0000	0.0000	0.0000	0.0000	0.0000	0.0000	0.0000	0.0000	0.0000	0.0000	0.0000	0.0000	0.0000	0.0000	0.0000	0.0000	0.0000	0.0000	0.0000	0.0000	0.0000	0.0000	0.0475	0.0238	0.0237	0.0058	0.0050	0.0008	0.0417	0.0187	0.0230	0.0000	0.0000	0.0000	0.0000	0.0000	0.0000	0.0000	0.0000	0.0000	0.0000	0.0000	0.0000	0.0000	0.0000	0.0000	0.0000	0.0000	0.0000											
13	78	0.0840	5	1	0	1	1	0	0	0	0	N	N	N	N	N	N	N	N	N	N	N	N	0.0000	0.0000	0.0000	0.0000	0.0000	0.0000	0.0000	0.0000	0.0000	0.0000	0.0000	0.0000	0.0000	0.0000	0.0000	0.0000	0.0000	0.0000	0.0000	0.0000	0.0000	1.6246	1.9950	0.0115	0.0000	0.0000	0.0000	0.0000	0.0000	0.0000	0.0000	0.0000	0.0000	0.0000	0.0000	0.0000	0.0000	0.0000	0.0000	0.0000	0.0000	0.0000	0.0000	0.0000	0.0000	0.0000	0.0000	0.0000	0.0000	0.0000	0.0000	0.0115	0.0058	0.0057	0.0010	0.0009	0.0001	0.0105	0.0049	0.0056	0.0000	0.0000	0.0000	0.0000	0.0000	0.0000	0.0000	0.0000	0.0000	0.0000	0.0000	0.0000	0.0000	0.0000	0.0000	0.0000	0.0000	0.0000											
13	79	0.0638	4	1	0	1	1	0	0	0	0	N	N	N	N	N	N	N	N	N	N	N	N	0.0000	0.0000	0.0000	0.0000	0.0000	0.0000	0.0000	0.0000	0.0000	0.0000	0.0000	0.0000	0.0000	0.0000	0.0000	0.0000	0.0000	0.0000	0.0000	0.0000	0.0000	8.1927	1.9950	3.9952	0.0000	0.0000	0.0000	0.0000	0.0000	0.0000	0.0000	0.0000	0.0000	0.0000	0.0000	0.0000	0.0000	0.0000	0.0000	0.0000	0.0000	0.0000	0.0000	0.0000	0.0000	0.0000	0.0000	0.0000	0.0000	0.0000	0.0000	0.0556	0.0278	0.0279	0.0066	0.0057	0.0009	0.0490	0.0221	0.0270	0.0000	0.0000	0.0000	0.0000	0.0000	0.0000	0.0000	0.0000	0.0000	0.0000	0.0000	0.0000	0.0000	0.0000	0.0000	0.0000	0.0000	0.0000											
13	80	0.0638	4	0	1	0	2	0	0	0	0	N	N	N	Y	N	N	N	N	N	N	N	N	0.0000	0.0000	0.0000	0.0000	0.0000	0.0000	0.0000	0.0000	0.0000	0.0000	0.0000	0.0000	0.0000	0.0000	0.0000	0.0000	0.0000	0.0000	0.0000	0.0000	0.0000	0.7962	1.9950	19.0091	0.0000	0.0000	0.0000	0.0000	0.0000	0.0000	0.0000	0.0000	0.0000	0.0000	0.0000	0.0000	0.0000	0.0000	0.0000	0.0000	0.0000	0.0000	0.0000	0.0000	0.0000	0.0000	0.0000	0.0000	0.0000	0.0000	0.0000	0.0753	0.0375	0.0377	0.0085	0.0073	0.0012	0.0667	0.0302	0.0365	0.0000	0.0000	0.0000	0.0000	0.0000	0.0000	0.0000	0.0000	0.0000	0.0000	0.0000	0.0000	0.0000	0.0000	0.0000	0.0000	0.0000	0.0000											
13	81	0.0638	4	0	1	0	1	0	0	0	0	N	N	N	N	N	N	N	N	N	N	N	N	0.0000	0.0000	0.0000	0.0000	0.0000	0.0000	0.0000	0.0000	0.0000	0.0000	0.0000	0.0000	0.0000	0.0000	0.0000	0.0000	0.0000	0.0000	0.0000	0.0000	0.0000	0.7962	1.9950	25.3140	0.0000	0.0000	0.0000	0.0000	0.0000	0.0000	0.0000	0.0000	0.0000	0.0000	0.0000	0.0000	0.0000	0.0000	0.0000	0.0000	0.0000	0.0000	0.0000	0.0000	0.0000	0.0000	0.0000	0.0000	0.0000	0.0000	0.0000	0.0927	0.0464	0.0463	0.0102	0.0087	0.0015	0.0825	0.0377	0.0448	0.0000	0.0000	0.0000	0.0000	0.0000	0.0000	0.0000	0.0000	0.0000	0.0000	0.0000	0.0000	0.0000	0.0000	0.0000	0.0000	0.0000	0.0000											
13	82	0.0638	4	0	1	0	1	0	0	0	0	N	N	N	N	N	N	N	N	N	N	N	N	0.0000	0.0000	0.0000	0.0000	0.0000	0.0000	0.0000	0.0000	0.0000	0.0000	0.0000	0.0000	0.0000	0.0000	0.0000	0.0000	0.0000	0.0000	0.0000	0.0000	0.0000	1.7961	1.9950	27.0091	0.0000	0.0000	0.0000	0.0000	0.0000	0.0000	0.0000	0.0000	0.0000	0.0000	0.0000	0.0000	0.0000	0.0000	0.0000	0.0000	0.0000	0.0000	0.0000	0.0000	0.0000	0.0000	0.0000	0.0000	0.0000	0.0000	0.0000	0.0995	0.0499	0.0496	0.0109	0.0092	0.0017	0.0886	0.0406	0.0480	0.0000	0.0000	0.0000	0.0000	0.0000	0.0000	0.0000	0.0000	0.0000	0.0000	0.0000	0.0000	0.0000	0.0000	0.0000	0.0000	0.0000	0.0000											
13	83	0.1742	7	0	0	0	1	0	0	0	0	N	N	N	N	N	N	N	N	N	N	N	N	0.0000	0.0000	0.0000	0.0000	0.0000	0.0000	0.0000	0.0000	0.0000	0.0000	0.0000	0.0000	0.0000	1.3654	2.0168	0.0000	2.5496	3.0024	0.0000	0.0000	0.0000	0.0000	0.0000	0.0000	-0.1106	0.0000	10.0679	1.9950	33.8159	0.0000	0.0000	0.0000	0.0000	0.0000	0.0000	0.0000	0.0000	0.0000	0.2122	0.2122	0.0000	0.2122	0.2122	0.0000	0.0000	0.0000	0.0000	0.0000	0.0000	0.0000	0.0000	0.0000	0.0000	0.0000	0.0000	0.0000	0.1554	0.1052	0.0502	0.0832	0.0707	0.0126	0.0722	0.0345	0.0376	0.0000	0.0000	0.0000	0.0000	0.0000	0.0000	0.0000	0.0000	0.0000	1.3654	2.0168	0.0000	2.5496	3.0024	0.0000	0.0000	0.0000	0.0000						
13	84	0.1466	6	0	0	0	1	0	0	0	0	N	N	N	N	N	N	N	N	N	N	N	N	0.0000	0.0000	0.0000	0.0000	0.0000	0.0000	0.0000	0.0000	0.0000	0.0000	0.0000	0.0000	0.0000	0.0000	0.0000	0.0000	4.4166	5.6004	1.9310	6.9489	7.8650	0.0000	1.3719	0.0000	2.4051	0.1642	0.0000	-0.2153	0.0000	0.9441	1.9950	14.0836	0.0000	0.0000	0.0000	0.0000	0.0000	0.0000	0.0000	0.0000	0.0000	0.5665	0.4866	0.0799	0.4866	0.4866	0.0000	0.0799	0.0000	0.0799	0.0000	0.0000	0.0000	0.0000	0.0000	0.0000	0.0000	0.0000	0.0000	0.1283	0.0869	0.0414	0.0700	0.0619	0.0082	0.0582	0.0250	0.0332	0.0000	0.0000	0.0000	0.0000	0.0000	0.0000	0.0000	0.0000	0.0000	4.4166	5.6004	1.9310	6.9489	7.8650	0.0000	1.3719	0.0000	2.4051			
13	85	0.4288	9	0	0	0	1	0	0	0	0	N	N	N	N	N	N	N	N	N	N	N	N	0.0000	0.0000	0.0000	0.0000	0.0000	0.0000	0.0000	0.0000	0.0000	0.0000	0.0000	0.0000	0.0000	4.4625	6.4367	0.0000	8.9299	10.2472	0.0000	0.0000	0.0000	0.0000	0.0000	0.0000	-0.3037	0.0000	15.0008	1.9950	28.2980	0.0000	0.0000	0.0000	0.0000	0.0000	0.0000	0.0000	0.0000	0.0000	0.5828	0.5828	0.0000	0.5828	0.5828	0.0000	0.0000	0.0000	0.0000	0.0000	0.0000	0.0000	0.0000	0.0000	0.0000	0.0000	0.0000	0.0000	0.1306	0.0905	0.0401	0.0653	0.0569	0.0084	0.0653	0.0337	0.0317	0.0000	0.0000	0.0000	0.0000	0.0000	0.0000	0.0000	0.0000	0.0000	4.4625	6.4367	0.0000	8.9299	10.2472	0.0000	0.0000	0.0000	0.0000						
13	86	0.4288	9	0	0	0	1	0	0	0	0	N	N	N	N	N	N	N	N	N	N	N	N	0.0000	0.0000	0.0000	0.0000	0.0000	0.0000	0.0000	0.0000	0.0000	0.0000	0.0000	0.0000	0.0000	0.0000	0.0000	0.0000	3.2818	0.0010	10.9937	0.0013	0.0015	0.0000	6.9810	0.0000	14.0429	4831.5393	0.0000	0.1962	0.0000	10.8154	1.9950	27.4443	0.0000	0.0000	0.0000	0.0000	0.0000	0.0000	0.0000	0.0000	0.0000	0.4099	0.0001	0.4098	0.0001	0.0001	0.0000	0.4098	0.0000	0.4098	0.0000	0.0000	0.0000	0.0000	0.0000	0.0000	0.0000	0.0000	0.0000	0.1249	0.0876	0.0373	0.0662	0.0581	0.0081	0.0587	0.0295	0.0292	0.0000	0.0000	0.0000	0.0000	0.0000	0.0000	0.0000	0.0000	0.0000	3.2818	0.0010	10.9937	0.0013	0.0015	0.0000	6.9810	0.0000	14.0429			
13	87	0.3810	8	0	0	0	1	0	0	0	0	N	N	N	N	N	N	N	N	N	N	N	N	0.0000	0.0000	0.0000	0.0000	0.0000	0.0000	0.0000	0.0000	0.0000	0.0000	0.0000	0.0000	0.0000	0.0000	0.0000	0.0000	0.0000	0.0000	2.2612	1.5793	3.9932	1.8923	2.1929	0.0000	2.8120	0.0000	5.6294	0.9954	0.0000	-0.0107	0.0000	2.7608	1.9950	22.4044	0.0000	0.0000	0.0000	0.0000	0.0000	0.0000	0.0000	0.0000	0.0000	0.4810	0.2411	0.2400	0.2411	0.2411	0.0000	0.2400	0.0000	0.2400	0.0000	0.0000	0.0000	0.0000	0.0000	0.0000	0.0000	0.0000	0.0000	0.2127	0.1526	0.0601	0.1274	0.1099	0.0175	0.0853	0.0427	0.0426	0.0000	0.0000	0.0000	0.0000	0.0000	0.0000	0.0000	0.0000	0.0000	2.2612	1.5793	3.9932	1.8923	2.1929	0.0000	2.8120	0.0000	5.6294	
13	88	0.2512	7	0	0	0	1	0	0	0	0	N	N	N	N	N	N	N	N	N	N	N	N	0.0000	0.0000	0.0000	0.0000	0.0000	0.0000	0.0000	0.0000	0.0000	0.0000	0.0000	0.0000	0.0000	0.0000	0.0000	0.0000	0.0000	2.4071	1.9637	3.4365	2.4374	2.8417	0.0000	2.3680	0.0002	4.6828	0.7537	0.0000	-0.0428	0.0000	8.8820	1.9950	49.9570	0.0000	0.0000	0.0000	0.0000	0.0000	0.0000	0.0000	0.0000	0.0000	0.4692	0.2676	0.2017	0.2676	0.2676	0.0000	0.2017	0.0000	0.2017	0.0000	0.0000	0.0000	0.0000	0.0000	0.0000	0.0000	0.0000	0.0000	0.1949	0.1363	0.0587	0.1098	0.0942	0.0156	0.0852	0.0421	0.0431	0.0000	0.0000	0.0000	0.0000	0.0000	0.0000	0.0000	0.0000	0.0000	2.4071	1.9637	3.4365	2.4374	2.8417	0.0000	2.3680	0.0002	4.6828		
13	89	0.0638	4	1	1	0	2	0	0	0	0	N	N	N	Y	N	N	N	N	N	N	N	N	0.0000	0.0000	0.0000	0.0000	0.0000	0.0000	0.0000	0.0000	0.0000	0.0000	0.0000	0.0000	0.0000	0.0000	0.0000	0.0000	14.4240	28.8808	0.0682	125.4764	146.4789	0.0000	0.0386	0.0000	0.0705	0.0024	0.0000	-0.5161	0.0000	0.7962	1.9950	16.9291	0.0000	0.0000	0.0000	0.0000	0.0000	0.0000	0.0000	0.0000	0.0000	0.9950	0.9927	0.0024	0.9927	0.9927	0.0000	0.0024	0.0000	0.0024	0.0000	0.0000	0.0000	0.0000	0.0000	0.0000	0.0000	0.0000	0.0000	0.0690	0.0344	0.0346	0.0079	0.0068	0.0011	0.0611	0.0276	0.0335	0.0000	0.0000	0.0000	0.0000	0.0000	0.0000	0.0000	0.0000	0.0000	14.4240	28.8808	0.0682	125.4764	146.4789	0.0000	0.0386	0.0000	0.0705			
13	90	0.0186	3	0	1	0	2	0	0	0	0	N	N	N	Y	N	N	N	N	N	N	N	N	0.0000	0.0000	0.0000	0.0000	0.0000	0.0000	0.0000	0.0000	0.0000	0.0000	0.0000	0.0000	0.0000	0.0000	0.0000	0.0000	0.0000	0.0000	0.0000	0.0000	0.0000	0.0000	1.9950	0.0000	0.0000	0.0000	0.0000	0.0000	0.0000	0.0000	0.0000	0.0000	0.0000	0.0000	0.0000	0.0000	0.0000	0.0000	0.0000	0.0000	0.0000	0.0000	0.0000	0.0000	0.0000	0.0000	0.0000	0.0000	0.0000	0.0000	0.0000	0.0000	0.0000	0.0000	0.0000	0.0000	0.0000	0.0000	0.0000	0.0000	0.0000	0.0000	0.0000	0.0000	0.0000	0.0000	0.0000	0.0000	0.0000	0.0000	0.0000	0.0000	0.0000	0.0000	0.0000	0.0000	0.0000	0.0000											
13	91	0.0079	2	0	1	0	2	0	0	0	0	N	N	N	Y	N	N	N	N	N	N	N	N	0.0000	0.0000	0.0000	0.0000	0.0000	0.0000	0.0000	0.0000	0.0000	0.0000	0.0000	0.0000	0.0000	0.0000	0.0000	0.0000	0.0000	0.0000	0.0000	0.0000	0.0000	1.0000	1.9950	3.0000	0.0000	0.0000	0.0000	0.0000	0.0000	0.0000	0.0000	0.0000	0.0000	0.0000	0.0000	0.0000	0.0000	0.0000	0.0000	0.0000	0.0000	0.0000	0.0000	0.0000	0.0000	0.0000	0.0000	0.0000	0.0000	0.0000	0.0000	0.0296	0.0139	0.0157	0.0001	0.0001	0.0000	0.0296	0.0138	0.0157	0.0000	0.0000	0.0000	0.0000	0.0000	0.0000	0.0000	0.0000	0.0000	0.0000	0.0000	0.0000	0.0000	0.0000	0.0000	0.0000	0.0000	0.0000											
13	92	0.0167	4	0	1	0	1	0	0	0	0	N	N	N	N	N	N	N	N	N	N	N	N	0.0000	0.0000	0.0000	0.0000	0.0000	0.0000	0.0000	0.0000	0.0000	0.0000	0.0000	0.0000	0.0000	0.0000	0.0000	0.0000	0.0000	0.0000	0.0000	0.0000	0.0000	0.0000	1.9950	0.0000	0.0000	0.0000	0.0000	0.0000	0.0000	0.0000	0.0000	0.0000	0.0000	0.0000	0.0000	0.0000	0.0000	0.0000	0.0000	0.0000	0.0000	0.0000	0.0000	0.0000	0.0000	0.0000	0.0000	0.0000	0.0000	0.0000	0.0000	0.0000	0.0000	0.0000	0.0000	0.0000	0.0000	0.0000	0.0000	0.0000	0.0000	0.0000	0.0000	0.0000	0.0000	0.0000	0.0000	0.0000	0.0000	0.0000	0.0000	0.0000	0.0000	0.0000	0.0000	0.0000	0.0000	0.0000											
13	93	0.0079	2	0	0	1	2	0	0	0	0	N	N	N	Y	N	N	N	N	N	N	N	N	0.0000	0.0000	0.0000	0.0000	0.0000	0.0000	0.0000	0.0000	0.0000	0.0000	0.0000	0.0000	0.0000	0.0000	0.0000	0.0000	0.0000	0.0000	0.0000	0.0000	0.0000	0.0000	1.9950	0.0000	0.0000	0.0000	0.0000	0.0000	0.0000	0.0000	0.0000	0.0000	0.0000	0.0000	0.0000	0.0000	0.0000	0.0000	0.0000	0.0000	0.0000	0.0000	0.0000	0.0000	0.0000	0.0000	0.0000	0.0000	0.0000	0.0000	0.0000	0.0000	0.0000	0.0000	0.0000	0.0000	0.0000	0.0000	0.0000	0.0000	0.0000	0.0000	0.0000	0.0000	0.0000	0.0000	0.0000	0.0000	0.0000	0.0000	0.0000	0.0000	0.0000	0.0000	0.0000	0.0000	0.0000	0.0000											
13	99	0.0638	4	1	1	0	1	0	0	0	0	N	N	N	N	N	N	N	N	N	N	N	N	0.0000	0.0000	0.0000	0.0000	0.0000	0.0000	0.0000	0.0000	0.0000	0.0000	0.0000	0.0000	0.0000	0.0000	0.0000	0.0000	0.0000	0.0000	0.0000	0.0000	0.0000	3.2042	1.9950	9.0918	0.0000	0.0000	0.0000	0.0000	0.0000	0.0000	0.0000	0.0000	0.0000	0.0000	0.0000	0.0000	0.0000	0.0000	0.0000	0.0000	0.0000	0.0000	0.0000	0.0000	0.0000	0.0000	0.0000	0.0000	0.0000	0.0000	0.0000	0.0563	0.0281	0.0282	0.0067	0.0058	0.0009	0.0496	0.0223	0.0273	0.0000	0.0000	0.0000	0.0000	0.0000	0.0000	0.0000	0.0000	0.0000	0.0000	0.0000	0.0000	0.0000	0.0000	0.0000	0.0000	0.0000	0.0000											
13	100	0.0638	4	0	1	0	1	0	0	0	0	N	N	N	N	N	N	N	N	N	N	N	N	0.0000	0.0000	0.0000	0.0000	0.0000	0.0000	0.0000	0.0000	0.0000	0.0000	0.0000	0.0000	0.0000	0.0000	0.0000	0.0000	0.0000	0.0000	0.0000	0.0000	0.0000	0.7962	1.9950	10.9291	0.0000	0.0000	0.0000	0.0000	0.0000	0.0000	0.0000	0.0000	0.0000	0.0000	0.0000	0.0000	0.0000	0.0000	0.0000	0.0000	0.0000	0.0000	0.0000	0.0000	0.0000	0.0000	0.0000	0.0000	0.0000	0.0000	0.0000	0.0493	0.0246	0.0247	0.0060	0.0052	0.0008	0.0433	0.0195	0.0239	0.0000	0.0000	0.0000	0.0000	0.0000	0.0000	0.0000	0.0000	0.0000	0.0000	0.0000	0.0000	0.0000	0.0000	0.0000	0.0000	0.0000	0.0000											
13	101	0.0198	5	1	1	0	1	0	0	0	0	N	N	N	N	N	N	N	N	N	N	N	N	0.0000	0.0000	0.0000	0.0000	0.0000	0.0000	0.0000	0.0000	0.0000	0.0000	0.0000	0.0000	0.0000	0.0000	0.0000	0.0000	0.0000	0.0000	0.0000	0.0000	0.0000	0.0000	1.9950	3.0000	0.0000	0.0000	0.0000	0.0000	0.0000	0.0000	0.0000	0.0000	0.0000	0.0000	0.0000	0.0000	0.0000	0.0000	0.0000	0.0000	0.0000	0.0000	0.0000	0.0000	0.0000	0.0000	0.0000	0.0000	0.0000	0.0000	0.0000	0.0220	0.0103	0.0117	0.0002	0.0002	0.0000	0.0218	0.0102	0.0116	0.0000	0.0000	0.0000	0.0000	0.0000	0.0000	0.0000	0.0000	0.0000	0.0000	0.0000	0.0000	0.0000	0.0000	0.0000	0.0000	0.0000	0.0000											
13	102	0.0167	4	1	1	0	1	0	0	0	0	N	N	N	N	N	N	N	N	N	N	N	N	0.0000	0.0000	0.0000	0.0000	0.0000	0.0000	0.0000	0.0000	0.0000	0.0000	0.0000	0.0000	0.0000	0.0000	0.0000	0.0000	0.0000	0.0000	0.0000	0.0000	0.0000	0.0000	1.9950	1.0000	0.0000	0.0000	0.0000	0.0000	0.0000	0.0000	0.0000	0.0000	0.0000	0.0000	0.0000	0.0000	0.0000	0.0000	0.0000	0.0000	0.0000	0.0000	0.0000	0.0000	0.0000	0.0000	0.0000	0.0000	0.0000	0.0000	0.0000	0.0077	0.0036	0.0041	0.0001	0.0001	0.0000	0.0076	0.0035	0.0041	0.0000	0.0000	0.0000	0.0000	0.0000	0.0000	0.0000	0.0000	0.0000	0.0000	0.0000	0.0000	0.0000	0.0000	0.0000	0.0000	0.0000	0.0000											
13	103	0.0129	3	0	1	0	1	0	0	0	0	N	N	N	N	N	N	N	N	N	N	N	N	0.0000	0.0000	0.0000	0.0000	0.0000	0.0000	0.0000	0.0000	0.0000	0.0000	0.0000	0.0000	0.0000	0.0000	0.0000	0.0000	0.2782	0.5553	0.0006	5.4496	5.4930	0.0000	0.0003	0.0000	0.0006	0.0011	0.0000	-0.0013	0.0000	0.0006	1.9950	1.0534	0.0000	0.0000	0.0000	0.0000	0.0000	0.0000	0.0000	0.0000	0.0000	0.0025	0.0025	0.0000	0.0025	0.0025	0.0000	0.0000	0.0000	0.0000	0.0000	0.0000	0.0000	0.0000	0.0000	0.0000	0.0000	0.0000	0.0000	0.0089	0.0045	0.0044	0.0005	0.0004	0.0000	0.0084	0.0040	0.0044	0.0000	0.0000	0.0000	0.0000	0.0000	0.0000	0.0000	0.0000	0.0000	0.2782	0.5553	0.0006	5.4496	5.4930	0.0000	0.0003	0.0000	0.0006			
13	109	0.3335	8	0	0	0	1	0	0	0	0	N	N	N	N	N	N	N	N	N	N	N	N	0.0000	0.0000	0.0000	0.0000	0.0000	0.0000	0.0000	0.0000	0.0000	0.0000	0.0000	0.0000	0.0000	4.2072	5.8697	0.0000	6.5227	7.7162	0.0000	0.0000	0.0000	0.0000	0.0000	0.0000	-0.3514	0.0000	7.7801	1.9950	32.2209	0.0000	0.0000	0.0000	0.0000	0.0000	0.0000	0.0000	0.0000	0.0000	0.6744	0.6744	0.0000	0.6744	0.6744	0.0000	0.0000	0.0000	0.0000	0.0000	0.0000	0.0000	0.0000	0.0000	0.0000	0.0000	0.0000	0.0000	0.1603	0.1149	0.0454	0.1034	0.0874	0.0160	0.0569	0.0275	0.0294	0.0000	0.0000	0.0000	0.0000	0.0000	0.0000	0.0000	0.0000	0.0000	4.2072	5.8697	0.0000	6.5227	7.7162	0.0000	0.0000	0.0000	0.0000						
14	15	0.5273	9	0	2	0	1	0	0	0	0	N	Y	N	N	N	N	N	N	N	N	N	N	0.0282	0.0404	0.0000	0.0465	0.0462	0.0000	0.0000	0.0034	0.0000	0.0001	0.0001	0.0000	0.0001	0.0001	0.0000	0.0000	0.0000	0.0000	0.0030	0.0024	0.0046	0.0028	0.0031	0.0011	0.0035	0.0000	0.0066	0.0000	0.8048	-0.0000	-0.0001	3.8100	2.5826	14.0319	3.6028	0.0000	0.0000	0.0000	0.0000	0.0000	0.0000	0.0000	0.0000	0.0000	0.0007	0.0004	0.0003	0.0004	0.0004	0.0000	0.0003	0.0000	0.0003	0.2315	0.2059	0.0256	0.1523	0.1370	0.0153	0.0792	0.0690	0.0103	0.2425	0.1713	0.0712	0.1559	0.1298	0.0261	0.0865	0.0415	0.0450	0.0282	0.0404	0.0000	0.0465	0.0462	0.0000	0.0000	0.0034	0.0000	0.0030	0.0024	0.0046	0.0028	0.0031	0.0011	0.0035	0.0000	0.0066
14	16	0.5643	13	0	2	0	2	0	0	0	0	N	Y	N	Y	N	N	N	N	N	N	N	N	0.0000	0.0000	0.0000	0.0000	0.0000	0.0000	0.0000	0.0000	0.0000	0.0000	0.0000	0.0000	0.0000	0.0000	0.0000	0.0000	0.0000	0.0000	0.0000	0.0000	3.8100	0.0000	14.0319	0.0000	0.0000	0.0000	0.0000	0.0000	0.0000	0.0000	0.0000	0.0000	0.0000	0.0000	0.0000	0.0000	0.0000	0.0000	0.0000	0.0000	0.0000	0.0000	0.0000	0.0000	0.0000	0.0000	0.0000	0.0000	0.0000	0.0000	0.0000	0.0000	0.0000	0.0000	0.0000	0.0000	0.0000	0.0000	0.0000	0.0000	0.0000	0.0000	0.0000	0.0000	0.0000	0.0000	0.0000	0.0000	0.0000	0.0000	0.0000	0.0000	0.0000	0.0000	0.0000	0.0000	0.0000	0.0000											
14	17	0.4923	8	0	2	0	1	0	0	0	0	N	Y	N	N	N	N	N	N	N	N	N	N	0.0003	0.6667	0.0000	0.0483	2.0952	0.0000	0.0000	0.0000	0.0006	0.0007	0.0000	0.0036	0.0038	0.0000	0.0000	0.0000	0.0000	2.0805	0.0011	6.3323	0.0755	0.0018	0.4836	3.9392	0.0000	8.0211	0.0000	2841.3238	-0.0000	0.5070	3.8100	2.2039	14.0319	8.9910	0.0001	0.0001	0.0000	0.0001	0.0001	0.0000	0.0000	0.0000	0.0000	1.0593	0.0004	1.0590	0.0185	0.0004	0.0181	1.0408	0.0000	1.0408	0.1636	0.1451	0.0185	0.0289	0.0280	0.0009	0.1347	0.1171	0.0176	0.5092	0.3419	0.1672	0.2449	0.2075	0.0375	0.2642	0.1345	0.1298	0.0003	0.6667	0.0000	0.0483	2.0952	0.0000	0.0000	0.0000	0.0000	2.0805	0.0011	6.3323	0.0755	0.0018	0.4836	3.9392	0.0000	8.0211	
14	18	0.5709	9	0	1	0	2	0	0	0	0	N	N	N	Y	N	N	N	N	N	N	N	N	0.0002	0.0000	0.0004	0.0003	0.0000	0.0008	0.0001	0.0000	0.0004	0.0012	0.0000	0.0086	0.0000	0.0000	0.0001	0.0012	0.0000	0.0087	7.5785	0.0000	19.8483	0.0178	0.0001	0.1418	10.4698	0.0000	21.8169	inf	410373.0571	0.0001	0.4657	3.8100	0.9969	14.0319	1.0186	0.0001	0.0000	0.0001	0.0000	0.0000	0.0000	0.0001	0.0000	0.0001	0.9723	0.0000	0.9723	0.0006	0.0000	0.0006	0.9717	0.0000	0.9717	0.0603	0.0522	0.0081	0.0021	0.0020	0.0001	0.0582	0.0502	0.0080	0.1283	0.0793	0.0490	0.0355	0.0310	0.0044	0.0928	0.0483	0.0445	0.0002	0.0000	0.0004	0.0003	0.0000	0.0008	0.0001	0.0000	0.0004	7.5785	0.0000	19.8483	0.0178	0.0001	0.1418	10.4698	0.0000	21.8169
14	19	0.5125	9	1	1	1	1	0	0	0	0	N	N	N	N	N	N	N	N	N	N	N	N	0.1147	0.0876	0.1374	0.1213	0.0017	0.0009	0.0006	0.0007	0.0000	0.0007	0.0008	0.0000	0.0000	0.0000	0.0000	0.0055	0.0076	0.0000	0.0053	0.0063	0.0000	0.0058	0.0121	0.0000	0.0000	0.0000	-0.0000	-0.0002	3.8100	0.3962	14.0319	2.0067	0.0001	0.0001	0.0000	0.0001	0.0001	0.0000	0.0000	0.0000	0.0000	0.0005	0.0005	0.0000	0.0003	0.0003	0.0000	0.0002	0.0002	0.0000	0.1003	0.0946	0.0057	0.0865	0.0824	0.0041	0.0139	0.0122	0.0016	0.0869	0.0626	0.0243	0.0578	0.0486	0.0092	0.0291	0.0140	0.0152	0.1147	0.0876	0.0000	0.1374	0.1213	0.0000	0.0017	0.0009	0.0000	0.0055	0.0076	0.0000	0.0053	0.0063	0.0000	0.0058	0.0121	0.0000			
14	20	0.4992	9	0	2	0	1	0	0	0	0	N	Y	N	N	N	N	N	N	N	N	N	N	0.0000	0.0000	0.0000	0.0000	0.0000	0.0000	0.0000	0.0000	0.0000	0.0000	0.0000	0.0000	0.0000	0.0000	0.0000	0.0000	0.0000	0.0000	0.0029	0.0039	0.0011	0.0062	0.0069	0.0011	0.0009	0.0008	0.0011	0.1585	0.0000	-0.0001	3.8100	0.0000	14.0319	3.0021	0.0000	0.0000	0.0000	0.0000	0.0000	0.0000	0.0000	0.0000	0.0000	0.0002	0.0002	0.0000	0.0001	0.0001	0.0000	0.0000	0.0000	0.0000	0.0000	0.0000	0.0000	0.0000	0.0000	0.0000	0.0000	0.0000	0.0000	0.0640	0.0409	0.0230	0.0235	0.0208	0.0026	0.0405	0.0201	0.0204	0.0000	0.0000	0.0000	0.0000	0.0000	0.0000	0.0000	0.0000	0.0000	0.0029	0.0039	0.0011	0.0062	0.0069	0.0011	0.0009	0.0008	0.0011	
14	21	0.4923	8	0	2	0	1	0	0	0	0	N	Y	N	N	N	N	N	N	N	N	N	N	0.0073	0.0065	0.0000	0.0302	0.0301	0.0000	0.0000	0.0000	0.0005	0.0006	0.0000	0.0045	0.0047	0.0000	0.0000	0.0000	0.0000	0.0750	0.0948	0.0353	0.1483	0.1572	0.1003	0.0081	0.0000	0.0164	0.0000	0.1852	-0.0000	-0.0231	3.8100	9.2038	14.0319	12.0710	0.0003	0.0003	0.0000	0.0003	0.0003	0.0000	0.0000	0.0000	0.0000	0.0632	0.0534	0.0099	0.0597	0.0534	0.0063	0.0036	0.0000	0.0036	0.5243	0.4607	0.0636	0.0636	0.0604	0.0032	0.4607	0.4003	0.0603	0.8428	0.5628	0.2799	0.4025	0.3394	0.0631	0.4403	0.2234	0.2168	0.0073	0.0065	0.0000	0.0302	0.0301	0.0000	0.0000	0.0000	0.0000	0.0750	0.0948	0.0353	0.1483	0.1572	0.1003	0.0081	0.0000	0.0164	
14	22	0.4923	8	1	2	0	1	0	0	0	0	N	Y	N	N	N	N	N	N	N	N	N	N	0.0043	0.0168	0.0000	0.0449	0.0880	0.0000	0.0000	0.0000	0.0000	0.0004	0.0005	0.0000	0.0037	0.0039	0.0000	0.0000	0.0000	0.0000	0.1005	0.0293	0.2440	0.0828	0.0447	0.2888	0.1166	0.0058	0.2309	0.0000	4.1343	-0.0000	0.0223	3.8100	12.2045	14.0319	6.9907	0.0003	0.0003	0.0000	0.0003	0.0003	0.0000	0.0000	0.0000	0.0000	0.0784	0.0153	0.0631	0.0309	0.0141	0.0168	0.0475	0.0012	0.0463	0.6586	0.5792	0.0794	0.0768	0.0727	0.0041	0.5818	0.5066	0.0753	0.7799	0.5213	0.2586	0.3731	0.3148	0.0583	0.4069	0.2066	0.2003	0.0043	0.0168	0.0000	0.0449	0.0880	0.0000	0.0000	0.0000	0.0000	0.1005	0.0293	0.2440	0.0828	0.0447	0.2888	0.1166	0.0058	0.2309
14	23	0.4938	8	0	2	0	1	0	0	0	0	N	Y	N	N	N	N	N	N	N	N	N	N	0.0000	0.0000	0.0000	0.0000	0.0000	0.0000	0.0000	0.0000	0.0000	0.0000	0.0000	0.0000	0.0000	0.0000	0.0000	0.0000	0.0000	0.0000	0.0715	0.0964	0.0017	0.0315	0.0385	0.0005	0.1341	0.2171	0.0027	0.0064	0.0000	-0.0321	3.8100	0.0000	14.0319	4.0676	0.0000	0.0000	0.0000	0.0000	0.0000	0.0000	0.0000	0.0000	0.0000	0.0624	0.0620	0.0004	0.0168	0.0167	0.0000	0.0456	0.0453	0.0004	0.0136	0.0132	0.0005	0.0069	0.0069	0.0000	0.0068	0.0063	0.0004	0.8727	0.6430	0.2297	0.5324	0.4344	0.0980	0.3403	0.2086	0.1317	0.0000	0.0000	0.0000	0.0000	0.0000	0.0000	0.0000	0.0000	0.0000	0.0715	0.0964	0.0017	0.0315	0.0385	0.0005	0.1341	0.2171	0.0027	
14	24	0.4923	8	1	2	0	1	0	0	0	0	N	Y	N	N	N	N	N	N	N	N	N	N	0.0002	0.0084	0.0000	0.0253	0.0379	0.0000	0.0000	0.0000	0.0000	0.0007	0.0008	0.0000	0.0054	0.0057	0.0000	0.0000	0.0000	0.0000	3.4060	0.0904	10.0132	0.2126	0.1495	0.5477	6.2901	0.0017	12.7607	0.0000	55.6069	-0.0000	1.6652	3.8100	8.3046	14.0319	21.0710	0.0003	0.0003	0.0000	0.0003	0.0003	0.0000	0.0000	0.0000	0.0000	3.6102	0.0638	3.5464	0.1069	0.0633	0.0436	3.5032	0.0005	3.5028	0.4818	0.4234	0.0585	0.0595	0.0566	0.0030	0.4223	0.3668	0.0555	1.0600	0.7058	0.3542	0.5030	0.4233	0.0797	0.5569	0.2824	0.2745	0.0002	0.0084	0.0000	0.0253	0.0379	0.0000	0.0000	0.0000	0.0000	3.4060	0.0904	10.0132	0.2126	0.1495	0.5477	6.2901	0.0017	12.7607
14	25	0.5104	9	0	2	0	1	0	0	0	0	N	Y	N	N	N	N	N	N	N	N	N	N	0.0001	0.0001	0.0000	0.0387	0.0362	0.0000	0.0000	0.0000	0.0000	0.0004	0.0005	0.0000	0.0008	0.0009	0.0000	0.0000	0.0000	0.0000	3.8659	4.3169	2.7035	0.0206	0.0236	0.0033	10.6311	17.4045	4.0958	0.0000	0.2430	-0.0000	-0.4034	3.8100	1.0335	14.0319	7.4537	0.0000	0.0000	0.0000	0.0000	0.0000	0.0000	0.0000	0.0000	0.0000	1.2390	0.9967	0.2422	0.0042	0.0041	0.0001	1.2348	0.9926	0.2421	0.0739	0.0668	0.0071	0.0395	0.0368	0.0026	0.0344	0.0299	0.0045	0.3205	0.2309	0.0896	0.2043	0.1739	0.0305	0.1161	0.0570	0.0591	0.0001	0.0001	0.0000	0.0387	0.0362	0.0000	0.0000	0.0000	0.0000	3.8659	4.3169	2.7035	0.0206	0.0236	0.0033	10.6311	17.4045	4.0958
14	26	0.4923	8	0	2	0	1	0	0	0	0	N	Y	N	N	N	N	N	N	N	N	N	N	0.0004	0.2875	0.0000	1.6692	2.4788	0.0000	0.0000	0.0000	0.0000	0.0007	0.0008	0.0000	0.0053	0.0055	0.0000	0.0000	0.0000	0.0000	1.8336	0.0026	5.5689	0.0031	0.0022	0.0082	3.5281	0.0033	7.1774	0.0000	1034.9269	-0.0000	0.4767	3.8100	7.2039	14.0319	4.9911	0.0003	0.0003	0.0000	0.0003	0.0003	0.0000	0.0000	0.0000	0.0000	0.9973	0.0010	0.9963	0.0008	0.0005	0.0003	0.9965	0.0005	0.9960	0.4284	0.3764	0.0520	0.0543	0.0517	0.0026	0.3740	0.3247	0.0493	0.5439	0.3650	0.1789	0.2615	0.2213	0.0401	0.2824	0.1437	0.1388	0.0004	0.2875	0.0000	1.6692	2.4788	0.0000	0.0000	0.0000	0.0000	1.8336	0.0026	5.5689	0.0031	0.0022	0.0082	3.5281	0.0033	7.1774
14	27	0.5829	9	0	2	1	2	0	0	0	0	N	Y	N	Y	N	N	N	N	N	N	N	N	0.0003	0.0130	0.0000	0.0004	0.0120	0.0000	0.0000	0.0183	0.0000	0.0000	0.0000	0.0000	0.0000	0.0000	0.0000	0.0000	0.0000	0.0000	0.0027	0.0001	0.0076	0.0028	0.0001	0.0173	0.0027	0.0000	0.0055	0.0000	70.5900	-0.0000	0.0004	3.8100	1.9923	14.0319	5.5017	0.0000	0.0000	0.0000	0.0000	0.0000	0.0000	0.0000	0.0000	0.0000	0.0008	0.0000	0.0008	0.0003	0.0000	0.0003	0.0005	0.0000	0.0005	0.1310	0.1183	0.0126	0.0726	0.0674	0.0052	0.0584	0.0509	0.0075	0.2854	0.1851	0.1003	0.1161	0.0980	0.0181	0.1692	0.0871	0.0822	0.0003	0.0130	0.0000	0.0004	0.0120	0.0000	0.0000	0.0183	0.0000	0.0027	0.0001	0.0076	0.0028	0.0001	0.0173	0.0027	0.0000	0.0055
14	28	0.4923	8	0	2	0	1	0	0	0	0	N	Y	N	N	N	N	N	N	N	N	N	N	60.0566	62.1092	0.0499	0.0508	0.0323	0.4061	60.5279	42.8275	0.0000	7.7622	8.7039	0.0053	0.0049	0.0020	0.1134	9.6835	11.1139	0.0000	0.1292	0.1401	0.1072	0.0959	0.0622	0.2792	0.1600	0.2595	0.0572	0.0001	0.3776	-0.0955	-0.0215	3.8100	1.7961	14.0319	15.9291	0.9998	0.9997	0.0001	0.0001	0.0000	0.0001	0.9996	0.9996	0.0000	0.0871	0.0633	0.0239	0.0310	0.0170	0.0140	0.0561	0.0463	0.0099	0.1288	0.1149	0.0139	0.0256	0.0249	0.0007	0.1032	0.0899	0.0133	0.6742	0.4514	0.2228	0.3232	0.2731	0.0502	0.3510	0.1783	0.1727	60.0566	62.1092	0.0499	0.0508	0.0323	0.4061	60.5279	42.8275	0.0000	0.1292	0.1401	0.1072	0.0959	0.0622	0.2792	0.1600	0.2595	0.0572
14	29	0.5502	11	1	2	0	1	0	0	0	0	N	Y	N	N	N	N	N	N	N	N	N	N	0.0000	0.0000	0.0000	0.0000	0.0000	0.0000	0.0000	0.0000	0.0000	0.0000	0.0000	0.0000	0.0000	0.0000	0.0000	0.0000	0.0000	0.0000	0.0000	0.0000	3.8100	0.0000	14.0319	0.0000	0.0000	0.0000	0.0000	0.0000	0.0000	0.0000	0.0000	0.0000	0.0000	0.0000	0.0000	0.0000	0.0000	0.0000	0.0000	0.0000	0.0000	0.0000	0.0000	0.0000	0.0000	0.0000	0.0000	0.0000	0.0000	0.0000	0.0000	0.0000	0.0000	0.0000	0.0000	0.0000	0.0000	0.0000	0.0000	0.0000	0.0000	0.0000	0.0000	0.0000	0.0000	0.0000	0.0000	0.0000	0.0000	0.0000	0.0000	0.0000	0.0000	0.0000	0.0000	0.0000	0.0000	0.0000											
14	30	0.4923	8	0	2	0	2	0	0	0	0	N	Y	N	Y	N	N	N	N	N	N	N	N	0.0000	0.0000	0.0000	0.0000	0.0000	0.0000	0.0000	0.0000	0.0000	0.0000	0.0000	0.0000	0.0000	0.0000	0.0000	0.0000	0.0000	0.0000	4.3128	3.8221	5.3021	0.0309	0.0063	0.1640	8.2389	9.6371	6.7970	0.6881	0.0000	-0.3809	3.8100	0.0000	14.0319	19.0400	0.0000	0.0000	0.0000	0.0000	0.0000	0.0000	0.0000	0.0000	0.0000	3.3572	1.9888	1.3685	0.0115	0.0020	0.0095	3.3457	1.9868	1.3589	0.0000	0.0000	0.0000	0.0000	0.0000	0.0000	0.0000	0.0000	0.0000	0.7784	0.5203	0.2581	0.3723	0.3142	0.0582	0.4061	0.2062	0.1999	0.0000	0.0000	0.0000	0.0000	0.0000	0.0000	0.0000	0.0000	0.0000	4.3128	3.8221	5.3021	0.0309	0.0063	0.1640	8.2389	9.6371	6.7970	
14	31	0.4923	8	1	2	0	1	0	0	0	0	N	Y	N	N	N	N	N	N	N	N	N	N	0.0005	0.0000	0.0017	0.0190	0.0000	0.1404	0.0000	0.0000	0.0000	0.0002	0.0000	0.0017	0.0015	0.0000	0.0330	0.0000	0.0000	0.0000	0.4073	0.1155	0.9944	0.0801	0.0514	0.2351	0.7067	0.2131	1.2154	inf	4.2765	0.0001	0.0965	3.8100	6.7961	14.0319	16.0091	0.0001	0.0000	0.0001	0.0001	0.0000	0.0001	0.0000	0.0000	0.0000	0.3335	0.0632	0.2703	0.0314	0.0170	0.0144	0.3022	0.0463	0.2559	0.3731	0.3280	0.0451	0.0490	0.0468	0.0023	0.3241	0.2812	0.0429	0.8189	0.5471	0.2718	0.3913	0.3301	0.0613	0.4276	0.2170	0.2106	0.0005	0.0000	0.0017	0.0190	0.0000	0.1404	0.0000	0.0000	0.0000	0.4073	0.1155	0.9944	0.0801	0.0514	0.2351	0.7067	0.2131	1.2154
14	34	0.5479	9	0	2	0	1	0	0	0	0	N	Y	N	N	N	N	N	N	N	N	N	N	0.0033	0.0000	0.0463	0.0050	0.0000	9.3690	0.0020	0.0000	0.0095	0.0004	0.0000	0.0039	0.0010	0.0000	0.1890	0.0002	0.0000	0.0010	0.1274	0.1473	0.0845	0.1911	0.2281	0.0202	0.0774	0.0564	0.1056	inf	0.2663	0.0000	-0.0114	3.8100	0.0009	14.0319	2.4415	0.0000	0.0000	0.0000	0.0000	0.0000	0.0000	0.0000	0.0000	0.0000	0.0366	0.0289	0.0077	0.0241	0.0237	0.0005	0.0124	0.0052	0.0072	0.0001	0.0001	0.0000	0.0000	0.0000	0.0000	0.0001	0.0001	0.0000	0.2870	0.1961	0.0910	0.1262	0.1038	0.0225	0.1608	0.0923	0.0685	0.0033	0.0000	0.0463	0.0050	0.0000	9.3690	0.0020	0.0000	0.0095	0.1274	0.1473	0.0845	0.1911	0.2281	0.0202	0.0774	0.0564	0.1056
14	35	0.4923	8	1	1	1	1	0	0	0	0	N	N	N	N	N	N	N	N	N	N	N	N	0.0000	0.0000	0.0000	0.0000	0.0000	0.0000	0.0000	0.0000	0.0000	0.0000	0.0000	0.0000	0.0000	0.0000	0.0000	0.0000	0.0000	0.2065	0.0008	0.6358	0.0039	0.0014	0.0188	0.3958	0.0000	0.8099	369.5273	0.0000	0.0294	3.8100	0.0000	14.0319	5.9600	0.0000	0.0000	0.0000	0.0000	0.0000	0.0000	0.0000	0.0000	0.0000	0.0617	0.0002	0.0615	0.0006	0.0002	0.0004	0.0611	0.0000	0.0611	0.0000	0.0000	0.0000	0.0000	0.0000	0.0000	0.0000	0.0000	0.0000	0.2986	0.2019	0.0967	0.1443	0.1230	0.0213	0.1543	0.0789	0.0754	0.0000	0.0000	0.0000	0.0000	0.0000	0.0000	0.0000	0.0000	0.0000	0.2065	0.0008	0.6358	0.0039	0.0014	0.0188	0.3958	0.0000	0.8099		
14	36	0.5829	9	0	2	0	1	0	0	0	0	N	Y	N	N	N	N	N	N	N	N	N	N	0.0002	0.0001	0.0000	0.0001	0.0001	0.0000	0.0018	0.0030	0.0000	0.0000	0.0000	0.0000	0.0000	0.0000	0.0000	0.0000	0.0000	0.0000	0.2301	0.3517	0.0040	0.5576	0.6579	0.0029	0.0031	0.0021	0.0042	0.0000	0.0060	-0.0000	-0.0291	3.8100	0.0123	14.0319	6.2120	0.0000	0.0000	0.0000	0.0000	0.0000	0.0000	0.0000	0.0000	0.0000	0.0565	0.0561	0.0003	0.0560	0.0560	0.0000	0.0005	0.0002	0.0003	0.0023	0.0022	0.0001	0.0019	0.0018	0.0001	0.0004	0.0004	0.0001	0.2453	0.1596	0.0858	0.1004	0.0850	0.0154	0.1449	0.0745	0.0704	0.0002	0.0001	0.0000	0.0001	0.0001	0.0000	0.0018	0.0030	0.0000	0.2301	0.3517	0.0040	0.5576	0.6579	0.0029	0.0031	0.0021	0.0042
14	37	0.4923	8	0	2	0	1	0	0	0	0	N	Y	N	N	N	N	N	N	N	N	N	N	0.0003	0.0141	0.0000	0.0324	0.0649	0.0000	0.0000	0.0000	0.0000	0.0007	0.0008	0.0000	0.0053	0.0056	0.0000	0.0000	0.0000	0.0000	2.6131	0.0532	7.7278	0.1651	0.0867	0.5830	4.8330	0.0029	9.8044	0.0000	72.6545	-0.0000	1.2099	3.8100	8.2035	14.0319	18.5835	0.0003	0.0003	0.0000	0.0003	0.0003	0.0000	0.0000	0.0000	0.0000	2.6001	0.0353	2.5648	0.0781	0.0345	0.0436	2.5220	0.0008	2.5212	0.4770	0.4191	0.0579	0.0591	0.0561	0.0029	0.4179	0.3630	0.0550	0.9950	0.6631	0.3319	0.4732	0.3984	0.0747	0.5218	0.2647	0.2572	0.0003	0.0141	0.0000	0.0324	0.0649	0.0000	0.0000	0.0000	0.0000	2.6131	0.0532	7.7278	0.1651	0.0867	0.5830	4.8330	0.0029	9.8044
14	38	0.4923	8	0	2	0	2	0	0	0	0	N	Y	N	Y	N	N	N	N	N	N	N	N	0.0002	0.0038	0.0000	0.0237	0.0277	0.0000	0.0000	0.0000	0.0000	0.0006	0.0006	0.0000	0.0046	0.0049	0.0000	0.0000	0.0000	0.0000	2.2367	0.1673	6.3456	0.1955	0.1768	0.2945	4.0692	0.1532	8.0977	0.0000	19.0998	-0.0000	1.1026	3.8100	10.2042	14.0319	23.0710	0.0003	0.0003	0.0000	0.0003	0.0003	0.0000	0.0000	0.0000	0.0000	2.5691	0.1278	2.4413	0.1062	0.0808	0.0254	2.4628	0.0470	2.4158	0.5690	0.5001	0.0689	0.0680	0.0645	0.0035	0.5010	0.4357	0.0654	1.1486	0.7639	0.3847	0.5433	0.4570	0.0864	0.6052	0.3069	0.2983	0.0002	0.0038	0.0000	0.0237	0.0277	0.0000	0.0000	0.0000	0.0000	2.2367	0.1673	6.3456	0.1955	0.1768	0.2945	4.0692	0.1532	8.0977
14	39	0.4923	8	1	1	1	1	0	0	0	0	N	N	N	N	N	N	N	N	N	N	N	N	0.0000	0.0000	0.0000	0.0000	0.0000	0.0000	0.0000	0.0000	0.0000	0.0000	0.0000	0.0000	0.0000	0.0000	0.0000	0.0000	0.0000	0.5197	0.0011	1.6778	0.0084	0.0017	0.0537	1.0053	0.0000	2.0923	711.6750	0.0000	0.0294	3.8100	0.0000	14.0319	1.9600	0.0000	0.0000	0.0000	0.0000	0.0000	0.0000	0.0000	0.0000	0.0000	0.0616	0.0001	0.0615	0.0005	0.0001	0.0004	0.0611	0.0000	0.0611	0.0000	0.0000	0.0000	0.0000	0.0000	0.0000	0.0000	0.0000	0.0000	0.1185	0.0818	0.0366	0.0577	0.0503	0.0075	0.0608	0.0316	0.0292	0.0000	0.0000	0.0000	0.0000	0.0000	0.0000	0.0000	0.0000	0.0000	0.5197	0.0011	1.6778	0.0084	0.0017	0.0537	1.0053	0.0000	2.0923		
14	40	0.5479	9	0	1	1	1	0	0	0	0	N	N	N	N	N	N	N	N	N	N	N	N	0.0055	0.0000	0.0186	0.0062	0.0000	0.1894	0.0044	0.0000	0.0128	0.0004	0.0000	0.0039	0.0010	0.0000	0.1890	0.0002	0.0000	0.0010	0.0753	0.0009	0.2105	0.1531	0.0019	0.9979	0.0351	0.0002	0.0785	inf	126.1144	0.0000	0.0193	3.8100	0.0009	14.0319	7.7842	0.0000	0.0000	0.0000	0.0000	0.0000	0.0000	0.0000	0.0000	0.0000	0.0411	0.0003	0.0408	0.0284	0.0003	0.0281	0.0127	0.0000	0.0126	0.0001	0.0001	0.0000	0.0000	0.0000	0.0000	0.0001	0.0001	0.0000	0.5458	0.3522	0.1936	0.1857	0.1528	0.0328	0.3602	0.1994	0.1607	0.0055	0.0000	0.0186	0.0062	0.0000	0.2206	0.0044	0.0000	0.0128	0.0753	0.0009	0.2105	0.1531	0.0019	0.8565	0.0351	0.0002	0.0785
14	41	0.4923	8	0	1	0	1	0	0	0	0	N	N	N	N	N	N	N	N	N	N	N	N	0.0001	0.0000	0.0003	0.0211	0.0006	0.1134	0.0000	0.0000	0.0000	0.0006	0.0000	0.0053	0.0029	0.0000	0.1133	0.0000	0.0000	0.0000	6.9790	0.0555	20.9275	0.1379	0.0026	0.9994	13.2471	0.1362	26.7642	1944.4442	187.0043	0.0001	2.6253	3.8100	1.7959	14.0319	20.1034	0.0001	0.0000	0.0001	0.0001	0.0000	0.0001	0.0000	0.0000	0.0000	5.5432	0.0295	5.5137	0.0524	0.0008	0.0515	5.4908	0.0286	5.4622	0.1288	0.1148	0.0139	0.0256	0.0249	0.0007	0.1032	0.0899	0.0133	0.7943	0.5308	0.2635	0.3798	0.3204	0.0594	0.4145	0.2104	0.2041	0.0001	0.0000	0.0003	0.0211	0.0006	0.1306	0.0000	0.0000	0.0000	6.9790	0.0555	20.9275	0.1379	0.0026	0.8678	13.2471	0.1362	26.7642
14	42	0.5624	9	0	2	0	1	0	0	0	0	N	Y	N	N	N	N	N	N	N	N	N	N	3.2567	75.5129	0.0040	5.7352	109.3439	0.0232	0.0000	0.0000	0.0483	0.0603	0.0003	0.1615	0.1625	0.0234	0.0000	0.0000	0.0000	0.0148	0.0008	0.0783	0.0282	0.0015	1.0106	0.0038	0.0000	0.0122	0.0013	21.6416	-0.0000	0.0000	3.8100	0.0003	14.0319	0.0002	0.0000	0.0000	0.0000	0.0000	0.0000	0.0000	0.0000	0.0000	0.0000	0.0000	0.0000	0.0000	0.0000	0.0000	0.0000	0.0000	0.0000	0.0000	0.0000	0.0000	0.0000	0.0000	0.0000	0.0000	0.0000	0.0000	0.0000	0.0001	0.0001	0.0000	0.0001	0.0001	0.0000	0.0001	0.0000	0.0000	3.2567	75.5129	0.0040	5.7352	109.3439	0.0245	0.0000	0.0000	0.0000	0.0148	0.0008	0.0783	0.0282	0.0015	0.9559	0.0038	0.0000	0.0122	
14	43	0.5184	9	1	2	1	1	0	0	0	0	N	Y	N	N	N	N	N	N	N	N	N	N	0.0000	0.0000	0.0000	0.0000	0.0000	0.0000	0.0000	0.0000	0.0000	0.0000	0.0000	0.0000	0.0000	0.0000	0.0000	7.0238	10.5076	0.0000	11.5701	13.8308	0.0000	3.3310	6.2622	0.0000	0.0000	0.0000	-0.4026	3.8100	0.0000	14.0319	2.0000	0.0000	0.0000	0.0000	0.0000	0.0000	0.0000	0.0000	0.0000	0.0000	0.7726	0.7726	0.0000	0.5704	0.5704	0.0000	0.2022	0.2022	0.0000	0.0000	0.0000	0.0000	0.0000	0.0000	0.0000	0.0000	0.0000	0.0000	0.1100	0.0735	0.0365	0.0493	0.0412	0.0081	0.0607	0.0323	0.0284	0.0000	0.0000	0.0000	0.0000	0.0000	0.0000	0.0000	0.0000	0.0000	7.0238	10.5076	0.0000	11.5701	13.8308	0.0000	3.3310	6.2622	0.0000				
14	44	0.5184	9	1	2	1	1	0	0	0	0	N	Y	N	N	N	N	N	N	N	N	N	N	0.0000	0.0000	0.0000	0.0000	0.0000	0.0000	0.0000	0.0000	0.0000	0.0000	0.0000	0.0000	0.0000	0.0000	0.0000	0.6464	0.9370	0.0000	0.2759	0.3472	0.0000	1.2748	2.4900	0.0000	0.0000	0.0000	-0.0000	3.8100	0.0000	14.0319	0.0000	0.0000	0.0000	0.0000	0.0000	0.0000	0.0000	0.0000	0.0000	0.0000	0.0000	0.0000	0.0000	0.0000	0.0000	0.0000	0.0000	0.0000	0.0000	0.0000	0.0000	0.0000	0.0000	0.0000	0.0000	0.0000	0.0000	0.0000	0.0000	0.0000	0.0000	0.0000	0.0000	0.0000	0.0000	0.0000	0.0000	0.0000	0.0000	0.0000	0.0000	0.0000	0.0000	0.0000	0.0000	0.0000	0.6464	0.9370	0.0000	0.2759	0.3472	0.0000	1.2748	2.4900	0.0000				
14	45	0.4923	8	1	2	1	1	0	0	0	0	N	Y	N	N	N	N	N	N	N	N	N	N	0.0108	0.0000	0.0934	0.0238	0.0000	0.8536	0.0000	0.0000	0.0010	0.0000	0.0107	0.0036	0.0000	0.2411	0.0000	0.0000	0.0000	0.0907	0.0792	0.1145	0.1531	0.1302	0.2824	0.0326	0.0000	0.0665	inf	0.6989	0.0001	-0.0037	3.8100	0.7962	14.0319	7.9291	0.0001	0.0000	0.0001	0.0001	0.0000	0.0001	0.0000	0.0000	0.0000	0.0340	0.0200	0.0140	0.0277	0.0200	0.0077	0.0063	0.0000	0.0063	0.0759	0.0689	0.0070	0.0205	0.0202	0.0003	0.0554	0.0487	0.0067	0.3753	0.2530	0.1223	0.1810	0.1539	0.0272	0.1943	0.0991	0.0952	0.0108	0.0000	0.0934	0.0238	0.0000	0.8536	0.0000	0.0000	0.0000	0.0907	0.0792	0.1145	0.1531	0.1302	0.2824	0.0326	0.0000	0.0665	
14	46	0.4923	8	1	2	0	1	0	0	0	0	N	Y	N	N	N	N	N	N	N	N	N	N	0.0035	0.0000	0.0182	0.0382	0.0000	0.4186	0.0000	0.0000	0.0000	0.0010	0.0000	0.0107	0.0036	0.0000	0.2411	0.0000	0.0000	0.0000	0.2797	0.1295	0.5860	0.0952	0.0080	0.5759	0.4505	0.3168	0.5890	inf	2.2184	0.0001	0.0258	3.8100	0.7962	14.0319	12.9291	0.0001	0.0000	0.0001	0.0001	0.0000	0.0001	0.0000	0.0000	0.0000	0.1534	0.0477	0.1058	0.0251	0.0018	0.0233	0.1283	0.0459	0.0824	0.0759	0.0689	0.0070	0.0205	0.0202	0.0003	0.0554	0.0487	0.0067	0.5486	0.3681	0.1805	0.2637	0.2232	0.0405	0.2849	0.1449	0.1400	0.0035	0.0000	0.0182	0.0382	0.0000	0.4186	0.0000	0.0000	0.0000	0.2797	0.1295	0.5860	0.0952	0.0080	0.5759	0.4505	0.3168	0.5890
14	47	0.4923	8	0	2	0	2	0	0	0	0	N	Y	N	Y	N	N	N	N	N	N	N	N	0.0000	0.0000	0.0000	0.0000	0.0000	0.0000	0.0000	0.0000	0.0000	0.0000	0.0000	0.0000	0.0000	0.0000	0.0000	0.0000	0.0000	3.5399	0.0001	10.6325	0.0533	0.0001	0.3377	6.7138	0.0000	13.6272	65510.2720	0.0000	1.5687	3.8100	9.0000	14.0319	15.0400	0.0000	0.0000	0.0000	0.0000	0.0000	0.0000	0.0000	0.0000	0.0000	3.2756	0.0000	3.2755	0.0235	0.0000	0.0234	3.2521	0.0000	3.2521	0.5171	0.4544	0.0627	0.0629	0.0597	0.0032	0.4542	0.3947	0.0595	0.9253	0.6173	0.3081	0.4409	0.3715	0.0694	0.4844	0.2457	0.2386	0.0000	0.0000	0.0000	0.0000	0.0000	0.0000	0.0000	0.0000	0.0000	3.5399	0.0001	10.6325	0.0533	0.0001	0.3377	6.7138	0.0000	13.6272		
14	48	0.5709	9	0	1	0	2	0	0	0	0	N	N	N	Y	N	N	N	N	N	N	N	N	1.6124	0.0000	49.0410	0.0007	0.0000	0.3623	16.4727	0.0000	55.8113	0.2562	0.0000	2.0345	0.0004	0.0000	0.0317	0.2903	0.0000	2.0585	0.1589	0.2324	0.0415	0.5456	0.6147	0.0874	0.0176	0.0000	0.0369	inf	0.1117	0.0001	-0.0123	3.8100	0.0037	14.0319	3.0208	0.0001	0.0000	0.0001	0.0000	0.0000	0.0000	0.0001	0.0000	0.0001	0.0291	0.0262	0.0029	0.0268	0.0262	0.0006	0.0024	0.0000	0.0024	0.0003	0.0002	0.0000	0.0000	0.0000	0.0000	0.0002	0.0002	0.0000	0.1834	0.1128	0.0706	0.0491	0.0426	0.0064	0.1343	0.0702	0.0642	1.6124	0.0000	49.0410	0.0007	0.0000	0.3623	16.4727	0.0000	55.8113	0.1589	0.2324	0.0415	0.5456	0.6147	0.0874	0.0176	0.0000	0.0369
14	49	0.4923	8	0	1	0	2	0	0	0	0	N	N	N	Y	N	N	N	N	N	N	N	N	1.3417	0.0000	3.7437	0.0290	0.0002	0.0992	0.8263	0.0000	3.0731	10.7333	0.0000	89.8799	0.0036	0.0000	0.0879	12.5267	0.0000	94.5378	7.9995	0.0024	24.0085	0.1248	0.0016	0.8862	15.1591	0.0035	30.7630	312744706.1132	5102.4481	2.7108	3.6293	3.8100	4.7960	14.0319	23.0471	2.9973	0.0000	2.9973	0.0001	0.0000	0.0001	2.9972	0.0000	2.9972	7.5813	0.0015	7.5798	0.0563	0.0006	0.0557	7.5250	0.0009	7.5241	0.2793	0.2459	0.0333	0.0400	0.0383	0.0016	0.2393	0.2076	0.0317	0.9477	0.6320	0.3157	0.4513	0.3802	0.0711	0.4964	0.2518	0.2446	1.3417	0.0000	3.7437	0.0290	0.0002	0.1122	0.8263	0.0000	3.0731	7.9995	0.0024	24.0085	0.1248	0.0016	0.7834	15.1591	0.0035	30.7630
14	50	0.5273	9	0	2	1	1	0	0	0	0	N	Y	N	N	N	N	N	N	N	N	N	N	0.0157	0.7626	0.0000	0.1310	0.8481	0.0000	0.0000	0.0069	0.0000	0.0001	0.0001	0.0000	0.0001	0.0001	0.0000	0.0000	0.0000	0.0000	0.0042	0.0001	0.0154	0.0007	0.0001	0.0040	0.0102	0.0000	0.0214	0.0000	57.6912	-0.0000	0.0002	3.8100	1.4428	14.0319	0.4686	0.0000	0.0000	0.0000	0.0000	0.0000	0.0000	0.0000	0.0000	0.0000	0.0004	0.0000	0.0004	0.0000	0.0000	0.0000	0.0004	0.0000	0.0004	0.1602	0.1414	0.0188	0.1143	0.1015	0.0128	0.0459	0.0399	0.0060	0.0928	0.0677	0.0252	0.0585	0.0497	0.0088	0.0343	0.0179	0.0164	0.0157	0.7626	0.0000	0.1310	0.8481	0.0000	0.0000	0.0069	0.0000	0.0042	0.0001	0.0154	0.0007	0.0001	0.0040	0.0102	0.0000	0.0214
14	51	0.4923	8	0	2	0	1	0	0	0	0	N	Y	N	N	N	N	N	N	N	N	N	N	0.0004	0.3080	0.0000	1.5734	2.4392	0.0001	0.0000	0.0000	0.0000	0.0007	0.0008	0.0000	0.0053	0.0055	0.0000	0.0000	0.0000	0.0000	1.5294	0.0025	4.6259	0.0033	0.0023	0.0092	2.9362	0.0028	5.9665	0.0000	925.8816	-0.0000	0.4765	3.8100	7.1845	14.0319	8.0722	0.0003	0.0003	0.0000	0.0003	0.0003	0.0000	0.0000	0.0000	0.0000	0.9972	0.0011	0.9962	0.0010	0.0006	0.0004	0.9962	0.0005	0.9957	0.4274	0.3756	0.0518	0.0543	0.0516	0.0026	0.3732	0.3239	0.0492	0.6520	0.4367	0.2153	0.3128	0.2643	0.0485	0.3393	0.1724	0.1669	0.0004	0.3080	0.0000	1.5734	2.4392	0.0001	0.0000	0.0000	0.0000	1.5294	0.0025	4.6259	0.0033	0.0023	0.0092	2.9362	0.0028	5.9665
14	52	0.5150	9	1	1	1	1	0	0	0	0	N	N	N	N	N	N	N	N	N	N	N	N	0.0213	0.0167	0.0000	0.0370	0.0337	0.0000	0.0067	0.0040	0.0000	0.0004	0.0004	0.0000	0.0011	0.0011	0.0000	0.0000	0.0000	0.0000	0.0185	0.0266	0.0000	0.0289	0.0339	0.0000	0.0001	0.0001	0.0000	0.0000	0.0003	-0.0000	-0.0022	3.8100	0.9976	14.0319	4.7732	0.0000	0.0000	0.0000	0.0000	0.0000	0.0000	0.0000	0.0000	0.0000	0.0043	0.0043	0.0000	0.0043	0.0043	0.0000	0.0000	0.0000	0.0000	0.0509	0.0453	0.0055	0.0188	0.0176	0.0012	0.0321	0.0277	0.0043	0.2318	0.1617	0.0701	0.1482	0.1266	0.0216	0.0835	0.0351	0.0484	0.0213	0.0167	0.0000	0.0370	0.0337	0.0000	0.0067	0.0040	0.0000	0.0185	0.0266	0.0000	0.0289	0.0339	0.0000	0.0001	0.0001	0.0000
14	53	0.4923	8	1	1	0	1	0	0	0	0	N	N	N	N	N	N	N	N	N	N	N	N	0.0442	0.3245	0.0001	1.4335	1.2841	0.1365	0.0000	0.0000	0.0000	0.0005	0.0005	0.0000	0.0031	0.0032	0.0000	0.0000	0.0000	0.0000	0.0109	0.0017	0.0298	0.0021	0.0025	0.0002	0.0190	0.0004	0.0383	0.0004	8.6375	-0.0000	0.0018	3.8100	3.2133	14.0319	6.0120	0.0001	0.0001	0.0000	0.0001	0.0001	0.0000	0.0000	0.0000	0.0000	0.0047	0.0005	0.0042	0.0004	0.0004	0.0000	0.0042	0.0000	0.0042	0.2197	0.1939	0.0257	0.0343	0.0330	0.0013	0.1854	0.1609	0.0245	0.4311	0.2900	0.1410	0.2077	0.1762	0.0315	0.2234	0.1138	0.1096	0.0442	0.3245	0.0001	1.4335	1.2841	0.1365	0.0000	0.0000	0.0000	0.0109	0.0017	0.0298	0.0021	0.0025	0.0002	0.0190	0.0004	0.0383
14	54	0.4923	8	1	2	0	1	0	0	0	0	N	Y	N	N	N	N	N	N	N	N	N	N	0.0028	0.0000	0.0085	0.0260	0.0000	0.1536	0.0000	0.0000	0.0000	0.0006	0.0000	0.0053	0.0029	0.0000	0.1134	0.0000	0.0000	0.0000	0.2064	0.0007	0.6260	0.1122	0.0011	0.7381	0.2936	0.0001	0.5975	inf	440.6522	0.0001	0.0540	3.8100	1.7961	14.0319	11.9291	0.0001	0.0000	0.0001	0.0001	0.0000	0.0001	0.0000	0.0000	0.0000	0.1132	0.0003	0.1130	0.0296	0.0002	0.0293	0.0836	0.0000	0.0836	0.1288	0.1149	0.0139	0.0256	0.0249	0.0007	0.1032	0.0899	0.0133	0.5486	0.3681	0.1805	0.2637	0.2232	0.0405	0.2849	0.1449	0.1400	0.0028	0.0000	0.0085	0.0260	0.0000	0.1565	0.0000	0.0000	0.0000	0.2064	0.0007	0.6260	0.1122	0.0011	0.7246	0.2936	0.0001	0.5975
14	55	0.5136	9	0	2	0	1	0	0	0	0	N	Y	N	N	N	N	N	N	N	N	N	N	0.0002	0.0000	0.0008	0.3154	0.0000	15.1562	0.0000	0.0000	0.0001	0.0005	0.0000	0.0055	0.0013	0.0000	0.2387	0.0001	0.0000	0.0007	2.0250	0.0024	6.7481	0.0040	0.0016	0.0158	4.5943	0.0041	9.8746	inf	1183.1722	0.0000	0.4744	3.8100	0.0041	14.0319	6.2745	0.0000	0.0000	0.0000	0.0000	0.0000	0.0000	0.0000	0.0000	0.0000	0.9923	0.0008	0.9914	0.0011	0.0004	0.0007	0.9912	0.0005	0.9907	0.0006	0.0006	0.0001	0.0002	0.0002	0.0000	0.0004	0.0004	0.0001	0.4900	0.3431	0.1469	0.2743	0.2277	0.0466	0.2157	0.1154	0.1003	0.0002	0.0000	0.0008	0.3154	0.0000	15.1562	0.0000	0.0000	0.0001	2.0250	0.0024	6.7481	0.0040	0.0016	0.0158	4.5943	0.0041	9.8746
14	56	0.5624	9	0	1	1	1	0	0	0	0	N	N	N	N	N	N	N	N	N	N	N	N	0.4570	0.0185	inf	0.0859	0.0717	inf	82959.8982	0.0000	inf	0.0073	0.0005	0.0568	0.0066	0.0063	0.0124	0.0074	0.0000	0.0585	0.0160	0.0260	0.0000	0.0774	0.0874	0.0000	0.0000	0.0000	0.0000	16.3295	0.0000	0.0057	-0.0077	3.8100	18.9997	14.0319	4.0000	0.0068	0.0004	0.0064	0.0004	0.0004	0.0000	0.0063	0.0000	0.0063	0.0148	0.0148	0.0000	0.0148	0.0148	0.0000	0.0000	0.0000	0.0000	0.9225	0.8104	0.1120	0.0662	0.0622	0.0040	0.8563	0.7482	0.1080	0.9231	0.5692	0.3540	0.1912	0.1693	0.0219	0.7319	0.3998	0.3321	0.4570	0.0185	inf	0.0859	0.0717	inf	82959.8982	0.0000	inf	0.0160	0.0260	0.0000	0.0774	0.0874	0.0000	0.0000	0.0000	0.0000
14	57	0.4923	8	0	1	0	1	0	0	0	0	N	N	N	N	N	N	N	N	N	N	N	N	0.0003	0.0000	0.0009	0.0077	0.0000	0.1183	0.0000	0.0000	0.0000	0.0005	0.0000	0.0049	0.0028	0.0000	0.1035	0.0000	0.0000	0.0000	1.8566	0.1751	5.2269	0.3663	0.2889	0.8752	3.2139	0.0031	6.5205	37277.2322	14.8898	0.0001	0.7076	3.8100	1.7961	14.0319	22.3138	0.0001	0.0000	0.0001	0.0001	0.0000	0.0001	0.0000	0.0000	0.0000	1.7011	0.1071	1.5940	0.1599	0.1063	0.0536	1.5411	0.0008	1.5404	0.1383	0.1231	0.0152	0.0265	0.0258	0.0007	0.1118	0.0974	0.0145	0.9162	0.6113	0.3050	0.4367	0.3680	0.0687	0.4795	0.2433	0.2362	0.0003	0.0000	0.0009	0.0077	0.0000	0.1326	0.0000	0.0000	0.0000	1.8566	0.1751	5.2269	0.3663	0.2889	0.7806	3.2139	0.0031	6.5205
14	58	0.5132	10	1	2	0	1	0	0	0	0	N	Y	N	N	N	N	N	N	N	N	N	N	0.0000	0.0000	0.0000	0.0000	0.0000	0.4303	0.0000	0.0250	0.0000	0.0000	0.0000	0.0000	0.0000	0.0000	0.0000	0.0000	0.0000	0.0000	4.5021	2.8407	8.9079	3.2564	3.8125	0.0001	6.6549	0.0001	13.4439	0.0439	1.1824	-0.0000	0.0341	3.8100	0.9359	14.0319	8.5945	0.0000	0.0000	0.0000	0.0000	0.0000	0.0000	0.0000	0.0000	0.0000	1.6472	0.7548	0.8925	0.7548	0.7548	0.0000	0.8925	0.0000	0.8925	0.0677	0.0611	0.0065	0.0362	0.0338	0.0024	0.0315	0.0273	0.0041	0.3659	0.2657	0.1002	0.2318	0.1980	0.0338	0.1341	0.0677	0.0664	0.0000	0.0000	0.0000	0.0000	0.0000	0.4303	0.0000	0.0250	0.0000	4.5021	2.8407	8.9079	3.2564	3.8125	0.0001	6.6549	0.0001	13.4439
14	59	0.5104	9	0	2	0	1	0	0	0	0	N	Y	N	N	N	N	N	N	N	N	N	N	0.0000	0.0000	0.0001	0.0001	0.0001	0.1851	0.0000	0.0042	0.0000	0.0002	0.0001	0.0007	0.0003	0.0002	0.0020	0.0000	0.0000	0.0000	4.4655	2.3692	10.6030	2.8773	3.2781	0.0110	6.9906	0.0021	15.0520	0.5697	1.5286	0.0000	0.0394	3.8100	0.1706	14.0319	1.8413	0.0000	0.0000	0.0000	0.0000	0.0000	0.0000	0.0000	0.0000	0.0000	0.4722	0.1867	0.2855	0.1868	0.1867	0.0001	0.2854	0.0000	0.2854	0.0184	0.0167	0.0017	0.0101	0.0095	0.0006	0.0084	0.0072	0.0011	0.1057	0.0788	0.0269	0.0649	0.0570	0.0080	0.0408	0.0219	0.0190	0.0000	0.0000	0.0001	0.0001	0.0001	0.1851	0.0000	0.0042	0.0000	4.4655	2.3692	10.6030	2.8773	3.2781	0.0110	6.9906	0.0021	15.0520
14	60	0.4923	8	0	2	0	1	0	0	0	0	N	Y	N	N	N	N	N	N	N	N	N	N	0.0005	0.3509	0.0000	1.9912	2.8796	0.0042	0.0000	0.0000	0.0000	0.0007	0.0008	0.0000	0.0056	0.0058	0.0000	0.0000	0.0000	0.0000	1.5154	0.0024	4.6108	0.0028	0.0020	0.0070	2.9180	0.0029	5.9394	0.0002	955.1978	-0.0000	0.3625	3.8100	6.1830	14.0319	4.8458	0.0003	0.0003	0.0000	0.0003	0.0003	0.0000	0.0000	0.0000	0.0000	0.7585	0.0008	0.7578	0.0007	0.0004	0.0003	0.7579	0.0004	0.7575	0.3773	0.3316	0.0457	0.0494	0.0471	0.0023	0.3279	0.2845	0.0434	0.5006	0.3362	0.1643	0.2408	0.2040	0.0368	0.2597	0.1322	0.1275	0.0005	0.3509	0.0000	1.9912	2.8796	0.0042	0.0000	0.0000	0.0000	1.5154	0.0024	4.6108	0.0028	0.0020	0.0070	2.9180	0.0029	5.9394
14	61	0.1121	3	0	1	0	1	0	0	0	0	N	N	N	N	N	N	N	N	N	N	N	N	70.8346	85.1195	0.0000	0.0721	0.0728	0.0000	124.5532	387.3696	0.0000	16.2305	18.7623	0.0000	0.0324	0.0339	0.0000	16.6468	19.2959	0.0000	0.2291	0.2204	0.2440	0.4494	0.4651	0.3553	0.1337	0.0498	0.2292	0.0000	0.6489	-0.0955	-0.0241	3.8100	1.0140	14.0319	12.0537	0.9995	0.9995	0.0000	0.0000	0.0000	0.0000	0.9994	0.9994	0.0000	0.1891	0.1147	0.0744	0.1122	0.0994	0.0127	0.0770	0.0153	0.0617	0.0616	0.0533	0.0083	0.0015	0.0015	0.0001	0.0600	0.0518	0.0082	0.8254	0.5203	0.3051	0.2496	0.2137	0.0359	0.5758	0.3066	0.2692	70.8346	85.1195	0.0000	0.0721	0.0728	0.0000	124.5532	387.3696	0.0000	0.2291	0.2204	0.2440	0.4494	0.4651	0.3553	0.1337	0.0498	0.2292
14	62	0.4348	6	0	1	0	1	0	0	0	0	N	N	N	N	N	N	N	N	N	N	N	N	0.4271	0.9101	0.0001	0.0027	0.0023	0.0257	0.2814	0.7631	0.0000	0.8825	1.0007	0.0003	0.0021	0.0020	0.0037	0.9842	1.1268	0.0002	2.0663	1.0995	4.2695	0.7654	0.8821	0.1451	3.4972	1.4767	5.8093	0.0000	1.7038	-0.0953	0.6937	3.8100	22.0948	14.0319	64.3951	0.9975	0.9975	0.0000	0.0002	0.0002	0.0000	0.9973	0.9972	0.0000	6.3599	2.3522	4.0077	1.2341	1.1971	0.0370	5.1258	1.1551	3.9707	1.1303	0.9968	0.1336	0.1171	0.1118	0.0053	1.0132	0.8850	0.1283	3.0780	2.1393	0.9387	1.6123	1.3571	0.2552	1.4657	0.7822	0.6835	0.4271	0.9101	0.0001	0.0027	0.0023	0.0257	0.2814	0.7631	0.0000	2.0663	1.0995	4.2695	0.7654	0.8821	0.1451	3.4972	1.4767	5.8093
14	63	0.4372	7	0	1	0	1	0	0	0	0	N	N	N	N	N	N	N	N	N	N	N	N	49.5407	88.1050	0.0001	0.1192	0.1235	0.0024	45.5694	176.8478	0.0000	5.6006	6.4467	0.0000	0.0111	0.0117	0.0002	6.0263	6.9839	0.0000	0.1131	0.0732	0.1983	0.0932	0.0950	0.0837	0.1322	0.0395	0.2351	0.0000	1.2679	-0.0954	0.0067	3.8100	3.0638	14.0319	18.8214	0.9977	0.9977	0.0000	0.0001	0.0001	0.0000	0.9976	0.9976	0.0000	0.1768	0.0780	0.0989	0.0716	0.0614	0.0102	0.1052	0.0165	0.0887	0.1781	0.1548	0.0234	0.0126	0.0119	0.0007	0.1655	0.1428	0.0227	1.5641	1.0656	0.4986	0.7684	0.6471	0.1213	0.7957	0.4185	0.3772	49.5407	88.1050	0.0001	0.1192	0.1235	0.0024	45.5694	176.8478	0.0000	0.1131	0.0732	0.1983	0.0932	0.0950	0.0837	0.1322	0.0395	0.2351
14	64	0.5136	9	1	2	1	1	0	0	0	0	N	Y	N	N	N	N	N	N	N	N	N	N	0.0004	0.0000	0.0091	0.0035	0.0000	0.2538	0.0003	0.0000	0.0012	0.0000	0.0000	0.0000	0.0001	0.0000	0.0013	0.0000	0.0000	0.0000	0.0120	0.0154	0.0044	0.0204	0.0236	0.0051	0.0022	0.0005	0.0041	inf	0.1263	0.0000	-0.0031	3.8100	1.0029	14.0319	8.4685	0.0000	0.0000	0.0000	0.0000	0.0000	0.0000	0.0000	0.0000	0.0000	0.0076	0.0067	0.0008	0.0069	0.0066	0.0003	0.0006	0.0001	0.0006	0.0597	0.0518	0.0079	0.0038	0.0036	0.0002	0.0558	0.0482	0.0077	0.6301	0.4367	0.1934	0.3392	0.2814	0.0578	0.2909	0.1554	0.1355	0.0004	0.0000	0.0091	0.0035	0.0000	0.2538	0.0003	0.0000	0.0012	0.0120	0.0154	0.0044	0.0204	0.0236	0.0051	0.0022	0.0005	0.0041
14	65	0.4923	8	0	2	0	1	0	0	0	0	N	Y	N	N	N	N	N	N	N	N	N	N	0.0197	0.0010	0.0725	0.0867	0.0027	0.9231	0.0000	0.0000	0.0000	0.0010	0.0000	0.0107	0.0036	0.0000	0.2404	0.0000	0.0000	0.0000	0.0497	0.0025	0.1471	0.0419	0.0031	0.2605	0.0570	0.0016	0.1147	431.1236	28.1236	0.0001	0.0088	3.8100	0.7961	14.0319	8.5878	0.0001	0.0000	0.0001	0.0001	0.0000	0.0001	0.0000	0.0000	0.0000	0.0199	0.0007	0.0192	0.0081	0.0005	0.0076	0.0118	0.0002	0.0116	0.0759	0.0689	0.0070	0.0205	0.0202	0.0003	0.0554	0.0487	0.0067	0.3992	0.2689	0.1304	0.1925	0.1635	0.0290	0.2068	0.1054	0.1013	0.0197	0.0010	0.0725	0.0867	0.0027	0.9231	0.0000	0.0000	0.0000	0.0497	0.0025	0.1471	0.0419	0.0031	0.2605	0.0570	0.0016	0.1147
14	66	0.1121	3	0	2	0	1	0	0	0	0	N	Y	N	N	N	N	N	N	N	N	N	N	0.0382	0.0290	0.0001	0.5957	0.5409	0.0000	0.0000	0.0000	0.0001	0.0034	0.0040	0.0000	0.1364	0.1426	0.0000	0.0000	0.0000	0.0000	0.0895	0.1362	0.0100	0.2290	0.2637	0.0237	0.0296	0.0484	0.0082	0.0000	0.0430	-0.0000	-0.0363	3.8100	1.0110	14.0319	12.5479	0.0002	0.0002	0.0000	0.0002	0.0002	0.0000	0.0000	0.0000	0.0000	0.0756	0.0725	0.0031	0.0581	0.0572	0.0009	0.0175	0.0152	0.0023	0.0614	0.0531	0.0083	0.0015	0.0015	0.0001	0.0599	0.0516	0.0082	0.8449	0.5323	0.3126	0.2537	0.2171	0.0366	0.5912	0.3152	0.2760	0.0382	0.0290	0.0001	0.5957	0.5409	0.0000	0.0000	0.0000	0.0001	0.0895	0.1362	0.0100	0.2290	0.2637	0.0237	0.0296	0.0484	0.0082
14	67	0.1057	2	0	1	0	1	0	0	0	0	N	N	N	N	N	N	N	N	N	N	N	N	0.0128	0.0120	0.0000	0.0768	0.0765	0.0000	0.0164	0.0147	0.0000	0.0058	0.0067	0.0000	0.0482	0.0512	0.0000	0.0047	0.0054	0.0000	0.4522	0.5599	0.2438	0.6277	0.6684	0.3762	0.2847	0.3691	0.2108	0.0002	0.2250	-0.0000	-0.0778	3.8100	0.9784	14.0319	1.5217	0.0003	0.0003	0.0000	0.0001	0.0001	0.0000	0.0003	0.0003	0.0000	0.2305	0.1881	0.0423	0.1562	0.1432	0.0130	0.0742	0.0449	0.0293	0.0596	0.0515	0.0081	0.0015	0.0015	0.0001	0.0581	0.0501	0.0080	0.5096	0.3360	0.1736	0.2489	0.2142	0.0346	0.2607	0.1218	0.1389	0.0128	0.0120	0.0000	0.0768	0.0765	0.0000	0.0164	0.0147	0.0000	0.4522	0.5599	0.2438	0.6277	0.6684	0.3762	0.2847	0.3691	0.2108
14	69	0.4923	8	1	1	1	1	0	0	0	0	N	N	N	N	N	N	N	N	N	N	N	N	0.0000	0.0000	0.0000	0.0000	0.0000	0.0000	0.0000	0.0000	0.0000	0.0000	0.0000	0.0000	0.0000	0.0000	0.0000	0.0000	0.0000	0.0012	0.0006	0.0027	0.0024	0.0009	0.0111	0.0002	0.0000	0.0003	2.2821	0.0000	0.0001	3.8100	0.0000	14.0319	4.9600	0.0000	0.0000	0.0000	0.0000	0.0000	0.0000	0.0000	0.0000	0.0000	0.0003	0.0001	0.0002	0.0003	0.0001	0.0002	0.0000	0.0000	0.0000	0.0000	0.0000	0.0000	0.0000	0.0000	0.0000	0.0000	0.0000	0.0000	0.2553	0.1730	0.0822	0.1235	0.1055	0.0179	0.1318	0.0675	0.0643	0.0000	0.0000	0.0000	0.0000	0.0000	0.0000	0.0000	0.0000	0.0000	0.0012	0.0006	0.0027	0.0024	0.0009	0.0111	0.0002	0.0000	0.0003		
14	71	0.5059	10	0	1	1	1	0	0	0	0	N	N	N	N	N	N	N	N	N	N	N	N	0.0000	0.0000	0.0000	0.0000	0.0000	0.0000	0.0000	0.0000	0.0000	0.0000	0.0000	0.0000	0.0000	0.0000	0.0000	0.0000	0.0000	0.0000	0.0001	0.0001	0.0001	0.0001	0.0001	0.0001	0.0000	0.0000	0.0001	0.7043	0.0000	-0.0000	3.8100	1.0000	14.0319	0.0055	0.0000	0.0000	0.0000	0.0000	0.0000	0.0000	0.0000	0.0000	0.0000	0.0000	0.0000	0.0000	0.0000	0.0000	0.0000	0.0000	0.0000	0.0000	0.0347	0.0305	0.0042	0.0057	0.0054	0.0003	0.0290	0.0252	0.0038	0.0340	0.0216	0.0124	0.0122	0.0109	0.0014	0.0218	0.0108	0.0110	0.0000	0.0000	0.0000	0.0000	0.0000	0.0000	0.0000	0.0000	0.0000	0.0001	0.0001	0.0001	0.0001	0.0001	0.0001	0.0000	0.0000	0.0001	
14	72	0.4992	9	0	1	1	1	0	0	0	0	N	N	N	N	N	N	N	N	N	N	N	N	0.0000	0.0000	0.0000	0.0000	0.0000	0.0000	0.0000	0.0000	0.0000	0.0000	0.0000	0.0000	0.0000	0.0000	0.0000	0.0000	0.0000	0.0000	0.0032	0.0039	0.0019	0.0064	0.0070	0.0019	0.0012	0.0005	0.0019	0.2796	0.0000	-0.0000	3.8100	0.0000	14.0319	1.0265	0.0000	0.0000	0.0000	0.0000	0.0000	0.0000	0.0000	0.0000	0.0000	0.0001	0.0001	0.0000	0.0001	0.0001	0.0000	0.0000	0.0000	0.0000	0.0000	0.0000	0.0000	0.0000	0.0000	0.0000	0.0000	0.0000	0.0000	0.0363	0.0234	0.0130	0.0135	0.0120	0.0015	0.0228	0.0114	0.0115	0.0000	0.0000	0.0000	0.0000	0.0000	0.0000	0.0000	0.0000	0.0000	0.0032	0.0039	0.0019	0.0064	0.0070	0.0019	0.0012	0.0005	0.0019	
14	73	0.4938	8	0	1	0	1	0	0	0	0	N	N	N	N	N	N	N	N	N	N	N	N	0.0000	0.0000	0.0000	0.0000	0.0000	0.0000	0.0000	0.0000	0.0000	0.0000	0.0000	0.0000	0.0000	0.0000	0.0000	0.0000	0.0000	0.0000	0.0027	0.0029	0.0023	0.0031	0.0036	0.0005	0.0021	0.0009	0.0042	0.2501	0.0000	-0.0007	3.8100	0.0000	14.0319	1.0321	0.0000	0.0000	0.0000	0.0000	0.0000	0.0000	0.0000	0.0000	0.0000	0.0020	0.0016	0.0004	0.0015	0.0015	0.0000	0.0005	0.0001	0.0004	0.0136	0.0132	0.0005	0.0069	0.0069	0.0000	0.0068	0.0063	0.0004	0.7492	0.5697	0.1795	0.5023	0.4098	0.0924	0.2469	0.1598	0.0870	0.0000	0.0000	0.0000	0.0000	0.0000	0.0000	0.0000	0.0000	0.0000	0.0027	0.0029	0.0023	0.0031	0.0036	0.0005	0.0021	0.0009	0.0042	
14	74	0.4710	7	0	1	0	1	0	0	0	0	N	N	N	N	N	N	N	N	N	N	N	N	0.0007	0.0017	0.0004	0.0014	0.0019	0.0026	0.0010	0.0034	0.0002	0.0004	0.0004	0.0007	0.0012	0.0006	0.0211	0.0003	0.0003	0.0001	0.5876	0.2237	1.4483	0.9013	0.3051	8.2601	0.3005	0.1039	0.5356	0.2482	2.7377	0.0000	0.1128	3.8100	0.5629	14.0319	8.5245	0.0000	0.0000	0.0000	0.0000	0.0000	0.0000	0.0000	0.0000	0.0000	0.5338	0.1428	0.3910	0.3913	0.1160	0.2753	0.1425	0.0268	0.1157	0.0372	0.0326	0.0047	0.0040	0.0038	0.0001	0.0333	0.0287	0.0046	0.9083	0.6384	0.2699	0.4341	0.3802	0.0539	0.4742	0.2582	0.2160	0.0007	0.0017	0.0004	0.0014	0.0019	0.0041	0.0010	0.0034	0.0002	0.5876	0.2237	1.4483	0.9013	0.3051	5.1034	0.3005	0.1039	0.5356
14	75	0.5307	10	0	2	0	1	0	0	0	0	N	Y	N	N	N	N	N	N	N	N	N	N	0.0000	0.0000	0.0000	0.0000	0.0000	0.0000	0.0000	0.0000	0.0000	0.0000	0.0000	0.0000	0.0000	0.0000	0.0000	0.0000	0.0000	0.0000	0.0074	0.0005	0.0198	0.0010	0.0008	0.0021	0.0118	0.0001	0.0238	22.3260	0.0000	0.0008	3.8100	1.9994	14.0319	4.0943	0.0000	0.0000	0.0000	0.0000	0.0000	0.0000	0.0000	0.0000	0.0000	0.0019	0.0001	0.0018	0.0001	0.0001	0.0000	0.0018	0.0000	0.0018	0.0681	0.0599	0.0082	0.0083	0.0079	0.0005	0.0598	0.0521	0.0077	0.2596	0.1672	0.0924	0.1066	0.0896	0.0170	0.1530	0.0776	0.0755	0.0000	0.0000	0.0000	0.0000	0.0000	0.0000	0.0000	0.0000	0.0000	0.0074	0.0005	0.0198	0.0010	0.0008	0.0021	0.0118	0.0001	0.0238	
14	76	0.5244	9	0	1	0	1	0	0	0	0	N	N	N	N	N	N	N	N	N	N	N	N	0.0003	0.0002	0.0011	0.0105	0.0106	0.0000	0.0000	0.0000	0.0000	0.0003	0.0003	0.0002	0.0020	0.0021	0.0000	0.0000	0.0000	0.0000	1.3348	1.9548	0.2038	0.1902	0.1939	0.1633	2.2191	4.5286	0.2109	0.0909	0.0572	-0.0000	-0.0992	3.8100	0.0011	14.0319	2.7207	0.0000	0.0000	0.0000	0.0000	0.0000	0.0000	0.0000	0.0000	0.0000	0.2125	0.2010	0.0115	0.0132	0.0118	0.0014	0.1993	0.1892	0.0101	0.0000	0.0000	0.0000	0.0000	0.0000	0.0000	0.0000	0.0000	0.0000	0.1592	0.1028	0.0564	0.0694	0.0611	0.0083	0.0898	0.0418	0.0480	0.0003	0.0002	0.0011	0.0105	0.0106	0.0000	0.0000	0.0000	0.0000	1.3348	1.9548	0.2038	0.1902	0.1939	0.1633	2.2191	4.5286	0.2109
14	77	0.4923	8	0	1	0	1	0	0	0	0	N	N	N	N	N	N	N	N	N	N	N	N	0.0000	0.0000	0.0000	0.0000	0.0000	0.0000	0.0000	0.0000	0.0000	0.0000	0.0000	0.0000	0.0000	0.0000	0.0000	0.0000	0.0000	0.0000	1.0564	0.0266	3.1690	0.0997	0.0025	0.6415	1.9448	0.0638	3.8968	0.0000	58.1586	-0.0000	0.2264	3.8100	0.0001	14.0319	10.0074	0.0000	0.0000	0.0000	0.0000	0.0000	0.0000	0.0000	0.0000	0.0000	0.4899	0.0083	0.4816	0.0223	0.0005	0.0218	0.4677	0.0078	0.4599	0.0327	0.0314	0.0012	0.0164	0.0163	0.0000	0.0163	0.0151	0.0012	0.4637	0.3118	0.1520	0.2233	0.1893	0.0340	0.2405	0.1225	0.1180	0.0000	0.0000	0.0000	0.0000	0.0000	0.0000	0.0000	0.0000	0.0000	1.0564	0.0266	3.1690	0.0997	0.0025	0.6415	1.9448	0.0638	3.8968
14	78	0.5125	9	1	1	1	1	0	0	0	0	N	N	N	N	N	N	N	N	N	N	N	N	4.4882	3.5007	0.0000	4.7598	4.2480	0.0000	0.0565	0.0309	0.0006	0.0006	0.0000	0.0008	0.0008	0.0000	0.0000	0.0000	0.0000	0.0001	0.0002	0.0000	0.0002	0.0002	0.0000	0.0000	0.0001	0.0000	0.0000	0.0026	-0.0000	-0.0000	3.8100	1.6246	14.0319	0.0115	0.0001	0.0001	0.0000	0.0001	0.0001	0.0000	0.0000	0.0000	0.0000	0.0000	0.0000	0.0000	0.0000	0.0000	0.0000	0.0000	0.0000	0.0000	0.1791	0.1657	0.0134	0.1293	0.1222	0.0071	0.0498	0.0436	0.0062	0.0599	0.0432	0.0168	0.0399	0.0336	0.0064	0.0200	0.0096	0.0104	4.4882	3.5007	0.0000	4.7598	4.2480	0.0000	0.0565	0.0309	0.0000	0.0001	0.0002	0.0000	0.0002	0.0002	0.0000	0.0000	0.0001	0.0000	
14	79	0.4923	8	1	1	1	1	0	0	0	0	N	N	N	N	N	N	N	N	N	N	N	N	0.0176	0.0134	0.0098	0.0683	0.0609	0.0644	0.0000	0.0000	0.0000	0.0007	0.0007	0.0000	0.0053	0.0056	0.0000	0.0000	0.0000	0.0000	0.0374	0.0557	0.0000	0.0777	0.0918	0.0000	0.0000	0.0000	0.0000	0.0000	0.0000	-0.0000	-0.0106	3.8100	8.1927	14.0319	3.9952	0.0003	0.0003	0.0000	0.0003	0.0003	0.0000	0.0000	0.0000	0.0000	0.0203	0.0203	0.0000	0.0203	0.0203	0.0000	0.0000	0.0000	0.0000	0.4765	0.4187	0.0578	0.0590	0.0561	0.0029	0.4175	0.3626	0.0549	0.5436	0.3648	0.1788	0.2613	0.2212	0.0401	0.2823	0.1436	0.1387	0.0176	0.0134	0.0098	0.0683	0.0609	0.0644	0.0000	0.0000	0.0000	0.0374	0.0557	0.0000	0.0777	0.0918	0.0000	0.0000	0.0000	0.0000
14	80	0.4923	8	0	2	0	2	0	0	0	0	N	Y	N	Y	N	N	N	N	N	N	N	N	0.0034	0.0000	0.0124	0.0863	0.0000	0.9119	0.0000	0.0000	0.0000	0.0010	0.0000	0.0107	0.0036	0.0000	0.2411	0.0000	0.0000	0.0000	0.2855	0.0007	0.8608	0.0422	0.0011	0.2644	0.5091	0.0001	1.0342	inf	598.8789	0.0001	0.1002	3.8100	0.7962	14.0319	19.0091	0.0001	0.0000	0.0001	0.0001	0.0000	0.0001	0.0000	0.0000	0.0000	0.2100	0.0003	0.2096	0.0148	0.0003	0.0145	0.1951	0.0000	0.1951	0.0759	0.0689	0.0070	0.0205	0.0202	0.0003	0.0554	0.0487	0.0067	0.7354	0.4919	0.2435	0.3521	0.2972	0.0549	0.3833	0.1946	0.1886	0.0034	0.0000	0.0124	0.0863	0.0000	0.9119	0.0000	0.0000	0.0000	0.2855	0.0007	0.8608	0.0422	0.0011	0.2644	0.5091	0.0001	1.0342
14	81	0.4923	8	0	2	0	1	0	0	0	0	N	Y	N	N	N	N	N	N	N	N	N	N	0.0005	0.0000	0.0020	0.0181	0.0000	0.3293	0.0000	0.0000	0.0000	0.0010	0.0000	0.0107	0.0036	0.0000	0.2411	0.0000	0.0000	0.0000	1.8380	0.0844	5.3547	0.2011	0.1044	0.7323	3.3297	0.0540	6.7034	inf	31.6499	0.0001	0.7457	3.8100	0.7962	14.0319	25.3140	0.0001	0.0000	0.0001	0.0001	0.0000	0.0001	0.0000	0.0000	0.0000	1.6634	0.0509	1.6124	0.0868	0.0380	0.0488	1.5766	0.0130	1.5636	0.0759	0.0689	0.0070	0.0205	0.0202	0.0003	0.0554	0.0487	0.0067	0.9050	0.6039	0.3011	0.4315	0.3636	0.0679	0.4735	0.2402	0.2333	0.0005	0.0000	0.0020	0.0181	0.0000	0.3353	0.0000	0.0000	0.0000	1.8380	0.0844	5.3547	0.2011	0.1044	0.7190	3.3297	0.0540	6.7034
14	82	0.4923	8	0	2	0	1	0	0	0	0	N	Y	N	N	N	N	N	N	N	N	N	N	2.9962	5.5708	0.0012	0.0671	0.2472	0.2719	1.9855	2.8455	0.0000	7.7622	8.7039	0.0053	0.0049	0.0020	0.1134	9.6835	11.1139	0.0000	2.5907	1.5624	4.6472	0.0726	0.0081	0.4170	4.8771	3.9058	5.8771	0.0001	1.4872	-0.0955	0.1933	3.8100	1.7961	14.0319	27.0091	0.9998	0.9997	0.0001	0.0001	0.0000	0.0001	0.9996	0.9996	0.0000	2.5150	1.0112	1.5038	0.0336	0.0032	0.0304	2.4814	1.0080	1.4734	0.1288	0.1149	0.0139	0.0256	0.0249	0.0007	0.1032	0.0899	0.0133	0.9708	0.6472	0.3236	0.4620	0.3891	0.0729	0.5088	0.2581	0.2507	2.9962	5.5708	0.0012	0.0671	0.2472	0.2719	1.9855	2.8455	0.0000	2.5907	1.5624	4.6472	0.0726	0.0081	0.4170	4.8771	3.9058	5.8771
14	83	0.4372	7	0	1	0	1	0	0	0	0	N	N	N	N	N	N	N	N	N	N	N	N	0.0035	0.0052	0.0000	0.8518	1.0544	0.0006	0.0000	0.0000	0.0000	0.0038	0.0044	0.0000	0.0548	0.0582	0.0001	0.0000	0.0000	0.0000	1.0929	0.8350	1.6209	0.0644	0.0552	0.1121	1.9635	1.8794	2.0584	0.0002	0.9484	-0.0002	-0.0753	3.8100	10.0679	14.0319	33.8159	0.0020	0.0020	0.0000	0.0020	0.0020	0.0000	0.0000	0.0000	0.0000	2.1933	1.1257	1.0676	0.0592	0.0426	0.0166	2.1341	1.0831	1.0510	0.5330	0.4654	0.0676	0.0370	0.0348	0.0022	0.4960	0.4306	0.0654	2.0068	1.3482	0.6586	0.9199	0.7719	0.1480	1.0869	0.5763	0.5106	0.0035	0.0052	0.0000	0.8518	1.0544	0.0006	0.0000	0.0000	0.0000	1.0929	0.8350	1.6209	0.0644	0.0552	0.1121	1.9635	1.8794	2.0584
14	84	0.4096	6	0	1	0	1	0	0	0	0	N	N	N	N	N	N	N	N	N	N	N	N	0.0876	0.2009	0.0001	0.0219	0.0220	0.0041	0.0678	0.3197	0.0000	0.0336	0.0387	0.0001	0.0049	0.0050	0.0008	0.0369	0.0432	0.0000	0.3836	0.1927	0.8106	0.2223	0.2278	0.1878	0.5445	0.1350	0.9897	0.0002	1.8802	-0.0002	0.0733	3.8100	0.9441	14.0319	14.0836	0.0021	0.0021	0.0000	0.0000	0.0000	0.0000	0.0020	0.0020	0.0000	0.5562	0.1931	0.3631	0.1609	0.1421	0.0188	0.3954	0.0510	0.3443	0.0614	0.0532	0.0081	0.0064	0.0062	0.0002	0.0550	0.0470	0.0079	1.4500	1.0020	0.4480	0.7238	0.6237	0.1000	0.7262	0.3783	0.3479	0.0876	0.2009	0.0001	0.0219	0.0220	0.0041	0.0678	0.3197	0.0000	0.3836	0.1927	0.8106	0.2223	0.2278	0.1878	0.5445	0.1350	0.9897
14	85	0.4826	7	0	1	0	1	0	0	0	0	N	N	N	N	N	N	N	N	N	N	N	N	0.9577	0.9691	0.0001	0.0322	0.0326	0.0040	0.6444	0.5289	0.0001	1.1745	1.3378	0.0001	0.0200	0.0207	0.0022	1.2516	1.4345	0.0001	1.2264	1.3804	0.8567	0.6201	0.6348	0.5457	1.9424	2.7124	0.9914	0.0000	0.2585	-0.0954	-0.8395	3.8100	15.0008	14.0319	28.2980	0.9985	0.9985	0.0000	0.0011	0.0011	0.0000	0.9974	0.9974	0.0000	2.6595	2.1132	0.5463	0.7282	0.6230	0.1052	1.9313	1.4902	0.4411	0.8501	0.7464	0.1038	0.0532	0.0511	0.0021	0.7969	0.6953	0.1016	2.1685	1.5309	0.6377	1.1742	0.9815	0.1928	0.9943	0.5494	0.4449	0.9577	0.9691	0.0001	0.0322	0.0326	0.0040	0.6444	0.5289	0.0001	1.2264	1.3804	0.8567	0.6201	0.6348	0.5457	1.9424	2.7124	0.9914
14	86	0.4826	7	0	1	0	1	0	0	0	0	N	N	N	N	N	N	N	N	N	N	N	N	0.0055	0.0104	0.0001	0.0505	0.0699	0.0011	0.0000	0.0000	0.0001	0.0039	0.0045	0.0002	0.0423	0.0435	0.0033	0.0000	0.0000	0.0001	0.7200	0.4323	1.4400	0.8381	0.6225	3.0405	0.5648	0.0488	1.1913	0.0068	1.3312	-0.0002	0.0761	3.8100	10.8154	14.0319	27.4443	0.0020	0.0020	0.0000	0.0020	0.0020	0.0000	0.0000	0.0000	0.0000	1.5228	0.6532	0.8696	1.0067	0.6287	0.3780	0.5160	0.0245	0.4915	0.5062	0.4411	0.0651	0.0469	0.0455	0.0014	0.4594	0.3956	0.0637	2.1149	1.5111	0.6038	1.2013	1.0100	0.1912	0.9136	0.5010	0.4126	0.0055	0.0104	0.0001	0.0505	0.0699	0.0017	0.0000	0.0000	0.0001	0.7200	0.4323	1.4400	0.8381	0.6225	1.9766	0.5648	0.0488	1.1913
14	87	0.4348	6	0	1	0	1	0	0	0	0	N	N	N	N	N	N	N	N	N	N	N	N	0.0234	0.0257	0.0138	0.0521	0.0541	0.0105	0.0127	0.0133	0.0136	0.0149	0.0156	0.0100	0.0315	0.0321	0.0072	0.0087	0.0084	0.0101	0.6383	0.6049	0.7224	0.6048	0.5934	0.6782	0.6844	0.6307	0.7431	0.0861	0.4748	-0.0001	-0.3842	3.8100	2.7608	14.0319	22.4044	0.0044	0.0041	0.0004	0.0026	0.0025	0.0000	0.0019	0.0015	0.0003	1.9293	1.3081	0.6212	1.0587	0.8885	0.1701	0.8706	0.4196	0.4510	0.2968	0.2617	0.0351	0.0809	0.0790	0.0019	0.2160	0.1827	0.0332	3.0225	2.1627	0.8599	1.7504	1.4974	0.2530	1.2722	0.6653	0.6069	0.0234	0.0257	0.0138	0.0521	0.0541	0.0106	0.0127	0.0133	0.0136	0.6383	0.6049	0.7224	0.6048	0.5934	0.6725	0.6844	0.6307	0.7431
14	88	0.3050	5	0	1	0	1	0	0	0	0	N	N	N	N	N	N	N	N	N	N	N	N	0.0115	0.0128	0.0019	0.0435	0.0440	0.0303	0.0083	0.0089	0.0012	0.0085	0.0095	0.0014	0.0288	0.0292	0.0198	0.0067	0.0076	0.0009	0.7391	0.7424	0.7320	0.6609	0.6624	0.6523	0.8042	0.8487	0.7531	0.0217	0.4658	-0.0003	-0.4028	3.8100	8.8820	14.0319	49.9570	0.0045	0.0044	0.0001	0.0013	0.0012	0.0000	0.0032	0.0032	0.0001	1.9815	1.3518	0.6297	0.8053	0.6881	0.1172	1.1762	0.6637	0.5125	0.5269	0.4600	0.0670	0.0437	0.0418	0.0019	0.4832	0.4182	0.0650	2.6810	1.8208	0.8602	1.2184	1.0388	0.1796	1.4626	0.7820	0.6805	0.0115	0.0128	0.0019	0.0435	0.0440	0.0303	0.0083	0.0089	0.0012	0.7391	0.7424	0.7320	0.6609	0.6624	0.6523	0.8042	0.8487	0.7531
14	89	0.4923	8	1	2	0	2	0	0	0	0	N	Y	N	Y	N	N	N	N	N	N	N	N	0.0006	0.0000	0.0225	0.0267	0.0000	0.5185	0.0000	0.0000	0.0000	0.0010	0.0000	0.0107	0.0036	0.0000	0.2411	0.0000	0.0000	0.0000	1.6649	2.2525	0.4747	0.1363	0.0760	0.4650	3.0728	5.5860	0.4775	inf	0.1040	0.0001	-0.4791	3.8100	0.7962	14.0319	16.9291	0.0001	0.0000	0.0001	0.0001	0.0000	0.0001	0.0000	0.0000	0.0000	1.1225	1.0167	0.1058	0.0441	0.0207	0.0233	1.0784	0.9960	0.0824	0.0759	0.0689	0.0070	0.0205	0.0202	0.0003	0.0554	0.0487	0.0067	0.6742	0.4514	0.2228	0.3232	0.2731	0.0502	0.3510	0.1783	0.1727	0.0006	0.0000	0.0225	0.0267	0.0000	0.5185	0.0000	0.0000	0.0000	1.6649	2.2525	0.4747	0.1363	0.0760	0.4650	3.0728	5.5860	0.4775
14	90	0.5643	13	0	2	0	2	0	0	0	0	N	Y	N	Y	N	N	N	N	N	N	N	N	0.0000	0.0000	0.0000	0.0000	0.0000	0.0000	0.0000	0.0000	0.0000	0.0000	0.0000	0.0000	0.0000	0.0000	0.0000	0.0000	0.0000	0.0000	0.0000	0.0000	3.8100	0.0000	14.0319	0.0000	0.0000	0.0000	0.0000	0.0000	0.0000	0.0000	0.0000	0.0000	0.0000	0.0000	0.0000	0.0000	0.0000	0.0000	0.0000	0.0000	0.0000	0.0000	0.0000	0.0000	0.0000	0.0000	0.0000	0.0000	0.0000	0.0000	0.0000	0.0000	0.0000	0.0000	0.0000	0.0000	0.0000	0.0000	0.0000	0.0000	0.0000	0.0000	0.0000	0.0000	0.0000	0.0000	0.0000	0.0000	0.0000	0.0000	0.0000	0.0000	0.0000	0.0000	0.0000	0.0000	0.0000	0.0000											
14	91	0.5536	12	0	2	0	2	0	0	0	0	N	Y	N	Y	N	N	N	N	N	N	N	N	0.0000	0.0000	0.0000	0.0000	0.0000	0.0000	0.0000	0.0000	0.0000	0.0000	0.0000	0.0000	0.0000	0.0000	0.0000	0.0000	0.0000	0.0000	0.0000	0.0000	3.8100	1.0000	14.0319	3.0000	0.0000	0.0000	0.0000	0.0000	0.0000	0.0000	0.0000	0.0000	0.0000	0.0000	0.0000	0.0000	0.0000	0.0000	0.0000	0.0000	0.0000	0.0000	0.0532	0.0476	0.0056	0.0235	0.0218	0.0018	0.0297	0.0259	0.0038	0.1353	0.0986	0.0368	0.0883	0.0747	0.0135	0.0471	0.0239	0.0232	0.0000	0.0000	0.0000	0.0000	0.0000	0.0000	0.0000	0.0000	0.0000	0.0000	0.0000	0.0000	0.0000	0.0000	0.0000	0.0000	0.0000	0.0000											
14	92	0.5471	10	0	2	0	1	0	0	0	0	N	Y	N	N	N	N	N	N	N	N	N	N	0.0000	0.0000	0.0000	0.0000	0.0000	0.0000	0.0000	0.0000	0.0000	0.0000	0.0000	0.0000	0.0000	0.0000	0.0000	0.0000	0.0000	0.0000	0.0000	0.0000	3.8100	0.0000	14.0319	0.0000	0.0000	0.0000	0.0000	0.0000	0.0000	0.0000	0.0000	0.0000	0.0000	0.0000	0.0000	0.0000	0.0000	0.0000	0.0000	0.0000	0.0000	0.0000	0.0000	0.0000	0.0000	0.0000	0.0000	0.0000	0.0000	0.0000	0.0000	0.0000	0.0000	0.0000	0.0000	0.0000	0.0000	0.0000	0.0000	0.0000	0.0000	0.0000	0.0000	0.0000	0.0000	0.0000	0.0000	0.0000	0.0000	0.0000	0.0000	0.0000	0.0000	0.0000	0.0000	0.0000	0.0000	0.0000											
14	93	0.5536	12	0	1	1	2	0	0	0	0	N	N	N	Y	N	N	N	N	N	N	N	N	0.0000	0.0000	0.0000	0.0000	0.0000	0.0000	0.0000	0.0000	0.0000	0.0000	0.0000	0.0000	0.0000	0.0000	0.0000	0.0000	0.0000	0.0000	0.0000	0.0000	3.8100	0.0000	14.0319	0.0000	0.0000	0.0000	0.0000	0.0000	0.0000	0.0000	0.0000	0.0000	0.0000	0.0000	0.0000	0.0000	0.0000	0.0000	0.0000	0.0000	0.0000	0.0000	0.0000	0.0000	0.0000	0.0000	0.0000	0.0000	0.0000	0.0000	0.0000	0.0000	0.0000	0.0000	0.0000	0.0000	0.0000	0.0000	0.0000	0.0000	0.0000	0.0000	0.0000	0.0000	0.0000	0.0000	0.0000	0.0000	0.0000	0.0000	0.0000	0.0000	0.0000	0.0000	0.0000	0.0000	0.0000	0.0000											
14	94	0.5509	11	0	1	0	2	0	0	0	0	N	N	N	Y	N	N	N	N	N	N	N	N	0.0000	0.0000	0.0000	0.0000	0.0000	0.0000	0.0000	0.0000	0.0000	0.0000	0.0000	0.0000	0.0000	0.0000	0.0000	0.0642	0.0890	0.0000	0.0001	0.0001	0.0000	0.1833	0.3797	0.0000	0.0000	0.0000	-0.0012	3.8100	1.0000	14.0319	0.0097	0.0000	0.0000	0.0000	0.0000	0.0000	0.0000	0.0000	0.0000	0.0000	0.0024	0.0024	0.0000	0.0000	0.0000	0.0000	0.0024	0.0024	0.0000	0.0532	0.0476	0.0056	0.0235	0.0217	0.0018	0.0297	0.0259	0.0038	0.0366	0.0264	0.0102	0.0238	0.0203	0.0035	0.0128	0.0062	0.0066	0.0000	0.0000	0.0000	0.0000	0.0000	0.0000	0.0000	0.0000	0.0000	0.0642	0.0890	0.0000	0.0001	0.0001	0.0000	0.1833	0.3797	0.0000				
14	95	0.5509	11	0	1	1	2	0	0	0	0	N	N	N	Y	N	N	N	N	N	N	N	N	0.0000	0.0000	0.0001	0.0001	0.0000	0.0000	0.0003	0.0003	0.0000	0.0006	0.0007	0.0000	0.0000	0.0000	0.0000	5.8874	8.1053	0.0000	9.0561	10.6876	0.0000	0.0054	0.0108	0.0000	0.0000	0.0000	-0.0000	-0.5179	3.8100	2.0000	14.0319	3.0050	0.0000	0.0000	0.0000	0.0000	0.0000	0.0000	0.0000	0.0000	0.0000	0.9940	0.9940	0.0000	0.9937	0.9937	0.0000	0.0003	0.0003	0.0000	0.1050	0.0940	0.0110	0.0463	0.0428	0.0035	0.0587	0.0512	0.0075	0.1688	0.1226	0.0462	0.1097	0.0930	0.0168	0.0591	0.0297	0.0294	0.0000	0.0000	0.0000	0.0001	0.0001	0.0000	0.0000	0.0000	0.0000	5.8874	8.1053	0.0000	9.0561	10.6876	0.0000	0.0054	0.0108	0.0000			
14	96	0.5509	11	0	1	1	2	0	0	0	0	N	N	N	Y	N	N	N	N	N	N	N	N	0.0000	0.0000	0.0000	0.0000	0.0000	0.0000	0.0000	0.0000	0.0000	0.0000	0.0000	0.0000	0.0000	0.0000	0.0000	0.0000	0.0000	8.6213	11.8727	0.0036	6.6659	7.8707	0.0000	12.2221	24.2686	0.0057	0.0001	0.0000	-1.0347	3.8100	0.0000	14.0319	6.9903	0.0000	0.0000	0.0000	0.0000	0.0000	0.0000	0.0000	0.0000	0.0000	1.9861	1.9859	0.0002	0.9952	0.9952	0.0000	0.9909	0.9907	0.0002	0.0000	0.0000	0.0000	0.0000	0.0000	0.0000	0.0000	0.0000	0.0000	0.2304	0.1673	0.0631	0.1493	0.1264	0.0229	0.0811	0.0408	0.0403	0.0000	0.0000	0.0000	0.0000	0.0000	0.0000	0.0000	0.0000	0.0000	8.6213	11.8727	0.0036	6.6659	7.8707	0.0000	12.2221	24.2686	0.0057		
14	97	0.5454	10	0	1	0	2	0	0	0	0	N	N	N	Y	N	N	N	N	N	N	N	N	0.0000	0.0000	0.0000	0.0000	0.0000	0.0000	0.0000	0.0000	0.0000	0.0000	0.0000	0.0000	0.0000	0.0000	0.0000	0.0000	0.0000	0.0000	0.0427	0.0587	0.0003	0.0465	0.0548	0.0002	0.0357	0.0705	0.0003	0.0016	0.0000	-0.0017	3.8100	0.9999	14.0319	1.0605	0.0000	0.0000	0.0000	0.0000	0.0000	0.0000	0.0000	0.0000	0.0000	0.0033	0.0033	0.0000	0.0024	0.0023	0.0000	0.0010	0.0010	0.0000	0.0609	0.0547	0.0062	0.0306	0.0283	0.0023	0.0303	0.0264	0.0039	0.0780	0.0567	0.0214	0.0506	0.0429	0.0078	0.0274	0.0138	0.0136	0.0000	0.0000	0.0000	0.0000	0.0000	0.0000	0.0000	0.0000	0.0000	0.0427	0.0587	0.0003	0.0465	0.0548	0.0002	0.0357	0.0705	0.0003	
14	98	0.5433	9	0	1	0	2	0	0	0	0	N	N	N	Y	N	N	N	N	N	N	N	N	0.0042	0.0026	0.1754	0.0103	0.0072	0.6119	0.0000	0.0000	0.0000	0.0002	0.0002	0.0005	0.0004	0.0003	0.0017	0.0000	0.0000	0.0000	0.0494	0.0662	0.0029	0.0353	0.0411	0.0028	0.0757	0.1428	0.0030	0.3313	0.0158	0.0000	-0.0011	3.8100	0.0012	14.0319	1.0414	0.0000	0.0000	0.0000	0.0000	0.0000	0.0000	0.0000	0.0000	0.0000	0.0022	0.0021	0.0000	0.0010	0.0010	0.0000	0.0012	0.0011	0.0000	0.0002	0.0002	0.0000	0.0001	0.0001	0.0000	0.0001	0.0001	0.0000	0.0437	0.0321	0.0116	0.0285	0.0242	0.0043	0.0153	0.0079	0.0073	0.0042	0.0026	0.1754	0.0103	0.0072	0.6119	0.0000	0.0000	0.0000	0.0494	0.0662	0.0029	0.0353	0.0411	0.0028	0.0757	0.1428	0.0030
14	99	0.4923	8	1	2	0	1	0	0	0	0	N	Y	N	N	N	N	N	N	N	N	N	N	0.0024	0.0054	0.0000	0.0589	0.4488	0.0000	0.0000	0.0000	0.0000	0.0006	0.0007	0.0000	0.0039	0.0041	0.0000	0.0000	0.0000	0.0000	0.2540	0.1299	0.5070	0.0669	0.0091	0.3855	0.4271	0.3159	0.5422	0.0000	1.9142	-0.0000	0.0190	3.8100	3.2042	14.0319	9.0918	0.0001	0.0001	0.0000	0.0001	0.0001	0.0000	0.0000	0.0000	0.0000	0.1397	0.0479	0.0918	0.0177	0.0020	0.0157	0.1220	0.0459	0.0761	0.2202	0.1944	0.0258	0.0343	0.0331	0.0013	0.1858	0.1613	0.0245	0.5501	0.3691	0.1810	0.2644	0.2238	0.0406	0.2857	0.1453	0.1404	0.0024	0.0054	0.0000	0.0589	0.4488	0.0000	0.0000	0.0000	0.0000	0.2540	0.1299	0.5070	0.0669	0.0091	0.3855	0.4271	0.3159	0.5422
14	100	0.4923	8	0	2	0	1	0	0	0	0	N	Y	N	N	N	N	N	N	N	N	N	N	0.0047	0.0000	0.0168	0.0360	0.0000	0.3633	0.0000	0.0000	0.0010	0.0000	0.0107	0.0036	0.0000	0.2411	0.0000	0.0000	0.0000	0.2087	0.0003	0.6357	0.1010	0.0004	0.6637	0.3087	0.0000	0.6288	inf	1162.1750	0.0001	0.0480	3.8100	0.7962	14.0319	10.9291	0.0001	0.0000	0.0001	0.0001	0.0000	0.0001	0.0000	0.0000	0.0000	0.1005	0.0001	0.1004	0.0234	0.0001	0.0233	0.0771	0.0000	0.0771	0.0759	0.0689	0.0070	0.0205	0.0202	0.0003	0.0554	0.0487	0.0067	0.4815	0.3236	0.1579	0.2318	0.1964	0.0353	0.2498	0.1271	0.1226	0.0047	0.0000	0.0168	0.0360	0.0000	0.3653	0.0000	0.0000	0.0000	0.2087	0.0003	0.6357	0.1010	0.0004	0.6600	0.3087	0.0000	0.6288	
14	101	0.5502	11	1	2	0	1	0	0	0	0	N	Y	N	N	N	N	N	N	N	N	N	N	0.0000	0.0000	0.0000	0.0000	0.0000	0.0000	0.0000	0.0000	0.0000	0.0000	0.0000	0.0000	0.0000	0.0003	0.0004	0.0000	0.0005	0.0005	0.0000	0.0000	0.0000	0.0000	0.0000	0.0000	-0.0000	3.8100	0.0000	14.0319	3.0000	0.0000	0.0000	0.0000	0.0000	0.0000	0.0000	0.0000	0.0000	0.0000	0.0000	0.0000	0.0000	0.0000	0.0000	0.0000	0.0000	0.0000	0.0000	0.0000	0.0000	0.0000	0.0000	0.0000	0.0000	0.0000	0.0000	0.0000	0.1025	0.0737	0.0288	0.0666	0.0562	0.0104	0.0359	0.0174	0.0184	0.0000	0.0000	0.0000	0.0000	0.0000	0.0000	0.0000	0.0000	0.0000	0.0003	0.0004	0.0000	0.0005	0.0005	0.0000	0.0000	0.0000	0.0000						
14	102	0.5471	10	1	2	0	1	0	0	0	0	N	Y	N	N	N	N	N	N	N	N	N	N	0.0000	0.0000	0.0000	0.0000	0.0000	0.0000	0.0000	0.0000	0.0000	0.0000	0.0000	0.0000	0.0000	0.0008	0.0012	0.0000	0.0013	0.0015	0.0000	0.0000	0.0000	0.0000	0.0000	0.0000	-0.0000	3.8100	0.0000	14.0319	1.0000	0.0000	0.0000	0.0000	0.0000	0.0000	0.0000	0.0000	0.0000	0.0000	0.0000	0.0000	0.0000	0.0000	0.0000	0.0000	0.0000	0.0000	0.0000	0.0000	0.0000	0.0000	0.0000	0.0000	0.0000	0.0000	0.0000	0.0000	0.0355	0.0255	0.0100	0.0231	0.0195	0.0036	0.0123	0.0060	0.0064	0.0000	0.0000	0.0000	0.0000	0.0000	0.0000	0.0000	0.0000	0.0000	0.0008	0.0012	0.0000	0.0013	0.0015	0.0000	0.0000	0.0000	0.0000						
14	103	0.5433	9	0	2	0	1	0	0	0	0	N	Y	N	N	N	N	N	N	N	N	N	N	0.0050	0.0042	0.0000	0.3967	1.1790	0.0000	0.0002	0.0001	0.0000	0.0001	0.0001	0.0000	0.0002	0.0002	0.0000	0.0000	0.0000	0.0000	0.0266	0.0352	0.0028	0.0006	0.0002	0.0026	0.0750	0.1417	0.0029	0.0000	0.0284	-0.0000	-0.0006	3.8100	0.0006	14.0319	1.0534	0.0000	0.0000	0.0000	0.0000	0.0000	0.0000	0.0000	0.0000	0.0000	0.0012	0.0011	0.0000	0.0000	0.0000	0.0000	0.0012	0.0011	0.0000	0.0002	0.0002	0.0000	0.0001	0.0001	0.0000	0.0001	0.0001	0.0000	0.0441	0.0324	0.0117	0.0287	0.0244	0.0043	0.0154	0.0080	0.0074	0.0050	0.0042	0.0000	0.3967	1.1790	0.0000	0.0002	0.0001	0.0000	0.0266	0.0352	0.0028	0.0006	0.0002	0.0026	0.0750	0.1417	0.0029
14	104	0.4923	8	0	1	0	1	0	0	0	0	N	N	N	N	N	N	N	N	N	N	N	N	0.0004	0.0004	0.0000	0.0492	0.0762	0.0000	0.0000	0.0000	0.0000	0.0007	0.0008	0.0000	0.0053	0.0055	0.0000	0.0000	0.0000	0.0000	1.5462	2.1196	0.3870	0.1068	0.0724	0.2930	2.8697	5.2489	0.4143	0.0000	0.0903	-0.0000	-0.4854	3.8100	7.2034	14.0319	9.9858	0.0003	0.0003	0.0000	0.0003	0.0003	0.0000	0.0000	0.0000	0.0000	1.1076	1.0158	0.0917	0.0366	0.0210	0.0156	1.0709	0.9949	0.0761	0.4284	0.3764	0.0520	0.0543	0.0517	0.0026	0.3740	0.3247	0.0493	0.7163	0.4793	0.2371	0.3431	0.2897	0.0534	0.3732	0.1895	0.1837	0.0004	0.0004	0.0000	0.0492	0.0762	0.0000	0.0000	0.0000	0.0000	1.5462	2.1196	0.3870	0.1068	0.0724	0.2930	2.8697	5.2489	0.4143
14	105	0.4710	7	0	1	0	1	0	0	0	0	N	N	N	N	N	N	N	N	N	N	N	N	0.0154	0.0129	0.0142	0.0845	0.0769	1.5105	0.0011	0.0023	0.0016	0.0015	0.0016	0.0002	0.0153	0.0157	0.0053	0.0000	0.0000	0.0000	0.0939	0.1268	0.0117	0.1813	0.2042	0.0035	0.0077	0.0027	0.0137	0.0148	0.0368	-0.0000	-0.0364	3.8100	0.7993	14.0319	5.3573	0.0001	0.0001	0.0000	0.0001	0.0001	0.0000	0.0000	0.0000	0.0000	0.0749	0.0723	0.0027	0.0719	0.0717	0.0002	0.0031	0.0006	0.0025	0.0511	0.0446	0.0065	0.0048	0.0046	0.0002	0.0463	0.0400	0.0063	0.7978	0.5702	0.2275	0.3964	0.3511	0.0453	0.4014	0.2191	0.1822	0.0154	0.0129	0.0142	0.0845	0.0769	1.5105	0.0011	0.0023	0.0016	0.0939	0.1268	0.0117	0.1813	0.2042	0.0035	0.0077	0.0027	0.0137
14	106	0.4096	6	0	1	0	1	0	0	0	0	N	N	N	N	N	N	N	N	N	N	N	N	0.0003	0.0002	0.0002	0.0019	0.0018	0.0009	0.0001	0.0001	0.0002	0.0001	0.0002	0.0000	0.0019	0.0020	0.0002	0.0000	0.0000	0.0000	0.5073	0.7055	0.0775	1.0049	1.1395	0.2026	0.0409	0.0397	0.0422	0.0122	0.0507	-0.0000	-0.3825	3.8100	4.1241	14.0319	16.2542	0.0000	0.0000	0.0000	0.0000	0.0000	0.0000	0.0000	0.0000	0.0000	0.8089	0.7699	0.0390	0.7753	0.7528	0.0225	0.0337	0.0171	0.0166	0.2387	0.2075	0.0312	0.0176	0.0167	0.0009	0.2211	0.1908	0.0303	1.5946	1.0913	0.5033	0.7715	0.6606	0.1108	0.8232	0.4307	0.3925	0.0003	0.0002	0.0002	0.0019	0.0018	0.0009	0.0001	0.0001	0.0002	0.5073	0.7055	0.0775	1.0049	1.1395	0.2026	0.0409	0.0397	0.0422
14	107	0.3050	5	0	1	0	1	0	0	0	0	N	N	N	N	N	N	N	N	N	N	N	N	0.0061	0.0072	0.0002	0.0168	0.0159	0.0049	0.0066	0.0215	0.0001	0.0023	0.0026	0.0001	0.0083	0.0086	0.0009	0.0017	0.0020	0.0000	0.3729	0.3623	0.3963	0.4914	0.5406	0.1824	0.2628	0.0924	0.4542	0.0036	0.4923	-0.0001	-0.1779	3.8100	8.6998	14.0319	27.8967	0.0012	0.0012	0.0000	0.0004	0.0004	0.0000	0.0008	0.0008	0.0000	0.9305	0.6235	0.3070	0.5904	0.5603	0.0301	0.3401	0.0632	0.2769	0.5182	0.4523	0.0659	0.0434	0.0415	0.0019	0.4748	0.4108	0.0640	2.4956	1.7210	0.7746	1.2015	1.0364	0.1650	1.2941	0.6845	0.6096	0.0061	0.0072	0.0002	0.0168	0.0159	0.0049	0.0066	0.0215	0.0001	0.3729	0.3623	0.3963	0.4914	0.5406	0.1824	0.2628	0.0924	0.4542
14	108	0.2226	4	0	1	0	1	0	0	0	0	N	N	N	N	N	N	N	N	N	N	N	N	0.0068	0.0083	0.0001	0.0078	0.0074	0.0050	0.0087	0.0227	0.0001	0.0032	0.0037	0.0001	0.0050	0.0051	0.0018	0.0032	0.0036	0.0000	0.4807	0.4466	0.5516	0.6401	0.6852	0.3662	0.3608	0.1605	0.5943	0.0023	0.5931	-0.0001	-0.1578	3.8100	5.3278	14.0319	31.5322	0.0010	0.0010	0.0000	0.0001	0.0001	0.0000	0.0009	0.0009	0.0000	1.0603	0.6655	0.3947	0.6058	0.5568	0.0490	0.4544	0.1087	0.3457	0.3155	0.2741	0.0414	0.0159	0.0153	0.0006	0.2996	0.2588	0.0408	2.2059	1.4903	0.7155	0.9465	0.8126	0.1339	1.2593	0.6777	0.5816	0.0068	0.0083	0.0001	0.0078	0.0074	0.0050	0.0087	0.0227	0.0001	0.4807	0.4466	0.5516	0.6401	0.6852	0.3662	0.3608	0.1605	0.5943
14	109	0.2226	4	0	1	0	1	0	0	0	0	N	N	N	N	N	N	N	N	N	N	N	N	0.0001	0.0002	0.0000	0.0158	0.0188	0.0019	0.0000	0.0000	0.0000	0.0002	0.0002	0.0000	0.0035	0.0037	0.0007	0.0000	0.0000	0.0000	1.1500	0.7995	1.8735	0.2234	0.1942	0.3985	1.8311	1.5070	2.2101	0.0242	1.1350	-0.0000	0.0273	3.8100	7.7801	14.0319	32.2209	0.0001	0.0001	0.0000	0.0001	0.0001	0.0000	0.0000	0.0000	0.0000	2.5880	1.2122	1.3758	0.2131	0.1587	0.0544	2.3750	1.0535	1.3215	0.4415	0.3842	0.0573	0.0200	0.0192	0.0008	0.4215	0.3650	0.0565	2.2505	1.5162	0.7344	0.9535	0.8171	0.1364	1.2970	0.6991	0.5979	0.0001	0.0002	0.0000	0.0158	0.0188	0.0019	0.0000	0.0000	0.0000	1.1500	0.7995	1.8735	0.2234	0.1942	0.3985	1.8311	1.5070	2.2101
14	110	0.1359	3	0	1	0	1	0	0	0	0	N	N	N	N	N	N	N	N	N	N	N	N	0.0192	0.0418	0.0000	1.0058	0.9922	0.0004	0.0002	0.0007	0.0000	0.0127	0.0146	0.0000	0.4992	0.5212	0.0002	0.0001	0.0002	0.0000	0.6605	0.3496	1.2074	0.4963	0.5253	0.3513	0.7360	0.2268	1.3521	0.0000	1.9636	-0.0004	0.1434	3.8100	6.4159	14.0319	23.0802	0.0046	0.0046	0.0000	0.0046	0.0046	0.0000	0.0000	0.0000	0.0000	1.0133	0.3419	0.6714	0.2396	0.2114	0.0283	0.7737	0.1305	0.6432	0.3637	0.3158	0.0479	0.0091	0.0088	0.0004	0.3545	0.3070	0.0475	1.5341	0.9780	0.5561	0.4829	0.4024	0.0804	1.0512	0.5755	0.4757	0.0192	0.0418	0.0000	1.0058	0.9922	0.0004	0.0002	0.0007	0.0000	0.6605	0.3496	1.2074	0.4963	0.5253	0.3513	0.7360	0.2268	1.3521
15	16	0.1190	7	0	2	0	1	0	0	0	0	N	Y	N	N	N	N	N	N	N	N	N	N	0.0000	0.0000	0.0000	0.0000	0.0000	0.0000	0.0000	0.0000	0.0000	0.0000	0.0000	0.0000	0.0000	0.0000	0.0000	0.0000	0.0000	0.0000	0.0000	0.0000	2.5826	0.0000	3.6028	0.0000	0.0000	0.0000	0.0000	0.0000	0.0000	0.0000	0.0000	0.0000	0.0000	0.0000	0.0000	0.0000	0.0000	0.0000	0.0000	0.0000	0.0000	0.0000	0.0000	0.0000	0.0000	0.0000	0.0000	0.0000	0.0000	0.0000	0.0000	0.0000	0.0000	0.0000	0.0000	0.0000	0.0000	0.0000	0.0000	0.0000	0.0000	0.0000	0.0000	0.0000	0.0000	0.0000	0.0000	0.0000	0.0000	0.0000	0.0000	0.0000	0.0000	0.0000	0.0000	0.0000	0.0000	0.0000											
15	17	0.0470	2	0	2	0	0	0	0	0	0	N	Y	N	N	N	N	N	N	N	N	N	N	17234.4665	0.0000	922614.8308	5983.6332	0.0000	249563.7702	13165.1045	70555.0784	2.8495	0.0000	31.8716	5.1750	0.0000	65.2070	0.1342	0.0000	1.3273	0.0002	0.0003	0.0000	0.0009	0.0010	0.0003	0.0000	0.0000	0.0000	inf	0.1100	0.5971	-0.0000	2.5826	2.2039	3.6028	8.9910	0.6602	0.0000	0.6602	0.6459	0.0000	0.6459	0.0143	0.0000	0.0143	0.0000	0.0000	0.0000	0.0000	0.0000	0.0000	0.0000	0.0000	0.0000	0.2317	0.2110	0.0207	0.1248	0.1149	0.0099	0.1069	0.0961	0.0108	0.1934	0.1016	0.0917	0.0351	0.0291	0.0060	0.1583	0.0725	0.0858	17234.4665	0.0000	922614.8308	5983.6332	0.0000	249563.7702	13165.1045	0.0000	70555.0784	0.0002	0.0003	0.0000	0.0009	0.0010	0.0003	0.0000	0.0000	0.0000	
15	18	0.1255	3	0	1	0	1	0	0	0	0	N	N	N	N	N	N	N	N	N	N	N	N	0.0001	0.0001	0.0000	0.0001	0.0001	0.0000	0.0000	0.0000	0.0000	0.0000	0.0000	0.0000	0.0000	0.0000	0.0000	0.0000	0.0000	0.0011	0.0015	0.0000	0.0015	0.0018	0.0000	0.0000	0.0000	0.0000	0.0000	0.0002	-0.0000	-0.0000	2.5826	0.9969	3.6028	1.0186	0.0000	0.0000	0.0000	0.0000	0.0000	0.0000	0.0000	0.0000	0.0000	0.0000	0.0000	0.0000	0.0000	0.0000	0.0000	0.0000	0.0000	0.0000	0.0619	0.0549	0.0070	0.0403	0.0361	0.0042	0.0216	0.0187	0.0028	0.0315	0.0230	0.0085	0.0226	0.0188	0.0038	0.0089	0.0042	0.0047	0.0001	0.0001	0.0000	0.0001	0.0001	0.0000	0.0000	0.0000	0.0000	0.0011	0.0015	0.0000	0.0015	0.0018	0.0000	0.0000	0.0000	0.0000	
15	19	0.0671	3	1	1	1	0	0	0	0	0	N	N	N	N	N	N	N	N	N	N	N	N	7.3406	0.0000	48.2037	7.0105	0.0000	87.2360	0.8447	4.0001	0.0023	0.0000	0.0338	0.0057	0.0000	0.4291	0.0002	0.0000	0.0020	0.0003	0.0000	0.0007	0.0008	0.0000	0.0049	0.0002	0.0000	0.0005	inf	355.3367	0.0002	0.0000	2.5826	0.3962	3.6028	2.0067	0.0002	0.0000	0.0002	0.0002	0.0000	0.0002	0.0000	0.0000	0.0000	0.0000	0.0000	0.0000	0.0000	0.0000	0.0000	0.0000	0.0000	0.0000	0.0807	0.0752	0.0056	0.0312	0.0307	0.0004	0.0496	0.0444	0.0052	0.0659	0.0361	0.0298	0.0082	0.0068	0.0013	0.0577	0.0293	0.0284	7.3406	0.0000	48.2037	7.0105	0.0000	87.2360	0.8447	0.0000	4.0001	0.0003	0.0000	0.0007	0.0008	0.0000	0.0049	0.0002	0.0000	0.0005	
15	20	0.0965	5	0	2	0	0	0	0	0	0	N	Y	N	N	N	N	N	N	N	N	N	N	0.0000	0.0000	0.0000	0.0000	0.0000	0.0000	0.0000	0.0000	0.0000	0.0000	0.0000	0.0000	0.0000	0.0000	0.0000	0.0000	0.0000	34.5861	49.8880	0.0022	0.0116	0.0137	0.0000	79.9853	162.5192	0.0031	0.0000	0.0000	-0.5180	2.5826	0.0000	3.6028	3.0021	0.0000	0.0000	0.0000	0.0000	0.0000	0.0000	0.0000	0.0000	0.0000	0.9942	0.9942	0.0000	0.0002	0.0002	0.0000	0.9940	0.9940	0.0000	0.0000	0.0000	0.0000	0.0000	0.0000	0.0000	0.0000	0.0000	0.0000	0.0287	0.0199	0.0088	0.0163	0.0138	0.0025	0.0124	0.0061	0.0063	0.0000	0.0000	0.0000	0.0000	0.0000	0.0000	0.0000	0.0000	0.0000	34.5861	49.8880	0.0022	0.0116	0.0137	0.0000	79.9853	162.5192	0.0031		
15	21	0.0470	2	0	2	0	0	0	0	0	0	N	Y	N	N	N	N	N	N	N	N	N	N	24058.9491	5965.2085	811921.6863	8376.7486	3036.9941	311731.2689	7301.6178	inf	25408.3839	4.0767	1.7612	23.4093	7.4097	3.1835	45.8017	0.0782	0.0218	0.5072	0.0002	0.0003	0.0000	0.0009	0.0010	0.0001	0.0000	0.0000	0.0000	1.5920	0.0874	1.3376	-0.0000	2.5826	9.2038	3.6028	12.0710	2.5792	0.9951	1.5841	2.5567	0.9895	1.5672	0.0225	0.0055	0.0170	0.0001	0.0001	0.0000	0.0001	0.0001	0.0000	0.0000	0.0000	0.0000	0.6327	0.5650	0.0677	0.3450	0.3108	0.0342	0.2876	0.2542	0.0335	0.3209	0.1694	0.1515	0.0583	0.0477	0.0106	0.2626	0.1217	0.1409	24058.9491	5965.2085	811921.6863	8376.7486	3036.9941	311731.2689	7301.6178	inf	25408.3839	0.0002	0.0003	0.0000	0.0009	0.0010	0.0001	0.0000	0.0000	0.0000
15	22	0.0470	2	1	2	0	0	0	0	0	0	N	Y	N	N	N	N	N	N	N	N	N	N	688.8778	8845.6335	1.7326	3449.0118	4527.7053	2.3763	5.7050	inf	2.6120	2.4656	2.7609	0.0125	4.5167	5.0154	0.0053	0.0233	0.0237	0.0198	0.0036	0.0003	0.0072	0.0013	0.0011	0.0022	0.0041	0.0000	0.0076	0.0005	20.7614	-0.1824	0.0005	2.5826	12.2045	3.6028	6.9907	1.9193	1.9183	0.0010	1.9111	1.9109	0.0002	0.0083	0.0075	0.0008	0.0011	0.0000	0.0010	0.0001	0.0000	0.0000	0.0010	0.0000	0.0010	0.7784	0.6948	0.0836	0.4231	0.3810	0.0421	0.3553	0.3138	0.0415	0.2967	0.1564	0.1404	0.0537	0.0441	0.0097	0.2430	0.1123	0.1307	688.8778	8845.6335	1.7326	3449.0118	4527.7053	2.3763	5.7050	inf	2.6120	0.0036	0.0003	0.0072	0.0013	0.0011	0.0022	0.0041	0.0000	0.0076
15	23	0.0911	4	0	2	0	0	0	0	0	0	N	Y	N	N	N	N	N	N	N	N	N	N	0.0000	0.0000	0.0000	0.0000	0.0000	0.0000	0.0000	0.0000	0.0000	0.0000	0.0000	0.0000	0.0000	0.0000	0.0000	0.0000	0.0000	0.0172	0.0002	0.0486	0.0002	0.0002	0.0000	0.0372	0.0000	0.0596	148.3060	0.0000	0.0012	2.5826	0.0000	3.6028	4.0676	0.0000	0.0000	0.0000	0.0000	0.0000	0.0000	0.0000	0.0000	0.0000	0.0025	0.0000	0.0025	0.0000	0.0000	0.0000	0.0025	0.0000	0.0025	0.0146	0.0141	0.0005	0.0087	0.0085	0.0002	0.0058	0.0056	0.0003	0.1452	0.0942	0.0510	0.0786	0.0692	0.0094	0.0665	0.0250	0.0415	0.0000	0.0000	0.0000	0.0000	0.0000	0.0000	0.0000	0.0000	0.0000	0.0172	0.0002	0.0486	0.0002	0.0002	0.0000	0.0372	0.0000	0.0596		
15	24	0.0470	2	1	2	0	0	0	0	0	0	N	Y	N	N	N	N	N	N	N	N	N	N	2998.2108	694.1716	1100567.9765	4549.6845	1609.4433	444607.6704	60.2663	8.7246	33143.0331	4.4003	1.9014	25.3576	7.9927	3.4327	49.6197	0.0845	0.0260	0.5308	0.0015	0.0027	0.0000	0.0018	0.0021	0.0001	0.0014	0.0030	0.0000	1.5902	0.0074	1.3369	-0.0003	2.5826	8.3046	3.6028	21.0710	2.5792	0.9958	1.5834	2.5567	0.9897	1.5671	0.0225	0.0061	0.0164	0.0006	0.0006	0.0000	0.0001	0.0001	0.0000	0.0005	0.0005	0.0000	0.5861	0.5237	0.0624	0.3199	0.2883	0.0316	0.2663	0.2354	0.0309	0.4050	0.2154	0.1896	0.0749	0.0610	0.0139	0.3301	0.1544	0.1756	2998.2108	694.1716	1100567.9765	4549.6845	1609.4433	444607.6704	60.2663	8.7246	33143.0331	0.0015	0.0027	0.0000	0.0018	0.0021	0.0001	0.0014	0.0030	0.0000
15	25	0.0650	3	0	2	0	0	0	0	0	0	N	Y	N	N	N	N	N	N	N	N	N	N	0.0080	0.0001	0.0378	0.0161	0.0002	158.7553	0.0009	0.0000	0.0028	0.0532	0.0006	0.3685	0.2271	0.0027	2.2884	0.0044	0.0000	0.0284	6.6371	4.4183	9.7554	14.1458	16.1094	0.0144	5.0980	0.4036	10.2673	100.0572	1.5710	0.0045	0.1434	2.5826	1.0335	3.6028	7.4537	0.0050	0.0000	0.0050	0.0047	0.0000	0.0047	0.0003	0.0000	0.0003	1.5942	0.6201	0.9741	0.5780	0.5779	0.0001	1.0162	0.0422	0.9740	0.0946	0.0810	0.0135	0.0207	0.0187	0.0020	0.0739	0.0624	0.0115	0.2402	0.1403	0.0999	0.0409	0.0359	0.0050	0.1993	0.1045	0.0949	0.0080	0.0001	0.0378	0.0161	0.0002	158.7553	0.0009	0.0000	0.0028	6.6371	4.4183	9.7554	14.1458	16.1094	0.0144	5.0980	0.4036	10.2673
15	26	0.0470	2	0	2	0	0	0	0	0	0	N	Y	N	N	N	N	N	N	N	N	N	N	551.4991	7955.1319	1544.3935	3676.3591	4100.5903	5792.3174	9.1268	inf	31.9315	4.8912	2.1108	28.4112	8.8808	3.8104	55.6220	0.0940	0.0272	0.6071	0.0089	0.0003	0.0184	0.0024	0.0009	0.0096	0.0103	0.0000	0.0190	1.5912	62.6087	1.3373	0.0008	2.5826	7.2039	3.6028	4.9911	2.5792	0.9954	1.5838	2.5567	0.9896	1.5671	0.0225	0.0058	0.0167	0.0018	0.0000	0.0018	0.0001	0.0000	0.0001	0.0017	0.0000	0.0017	0.5273	0.4716	0.0557	0.2879	0.2597	0.0282	0.2394	0.2119	0.0276	0.2066	0.1085	0.0980	0.0374	0.0310	0.0064	0.1692	0.0776	0.0916	551.4991	7955.1319	1544.3935	3676.3591	4100.5903	5792.3174	9.1268	inf	31.9315	0.0089	0.0003	0.0184	0.0024	0.0009	0.0096	0.0103	0.0000	0.0190
15	27	0.1375	3	0	2	1	1	0	0	0	0	N	Y	N	N	N	N	N	N	N	N	N	N	156503.1110	4437048.2867	403.1630	734950.2509	10484488.1437	1273.9348	46.1219	0.0000	147.7939	5.5803	6.4590	0.0365	29.3943	31.1348	0.3484	0.0016	0.0000	0.0100	0.0000	0.0000	0.0001	0.0000	0.0000	0.0003	0.0000	0.0000	0.0001	0.0009	38.7452	-0.0866	0.0000	2.5826	1.9923	3.6028	5.5017	0.9146	0.9138	0.0008	0.9144	0.9138	0.0006	0.0002	0.0000	0.0002	0.0000	0.0000	0.0000	0.0000	0.0000	0.0000	0.0000	0.0000	0.0000	0.1639	0.1415	0.0224	0.0311	0.0293	0.0018	0.1328	0.1121	0.0207	0.2048	0.1262	0.0786	0.0643	0.0555	0.0088	0.1405	0.0707	0.0698	156503.1110	4437048.2867	403.1630	734950.2509	10484488.1437	1273.9348	46.1219	0.0000	147.7939	0.0000	0.0000	0.0001	0.0000	0.0000	0.0003	0.0000	0.0000	0.0001
15	28	0.0470	2	0	2	0	0	0	0	0	0	N	Y	N	N	N	N	N	N	N	N	N	N	0.0004	0.0002	0.4489	0.3979	0.0000	0.0000	0.0014	0.0015	0.0000	0.0026	0.0028	0.0000	0.0000	0.0000	0.0000	3.8810	7.3800	0.0000	0.0057	0.0070	0.0000	4.7349	10.2853	0.0000	0.0000	0.0000	-0.0000	-0.5182	2.5826	1.7961	3.6028	15.9291	0.0003	0.0003	0.0000	0.0003	0.0003	0.0000	0.0000	0.0000	0.0000	0.9944	0.9944	0.0000	0.0003	0.0003	0.0000	0.9941	0.9941	0.0000	0.1924	0.1765	0.0159	0.1029	0.0955	0.0073	0.0895	0.0810	0.0085	0.2562	0.1347	0.1215	0.0463	0.0381	0.0082	0.2100	0.0967	0.1133	0.0004	0.0002	0.0000	0.4489	0.3979	0.0000	0.0000	0.0000	0.0000	3.8810	7.3800	0.0000	0.0057	0.0070	0.0000	4.7349	10.2853	0.0000			
15	29	0.1048	5	1	2	0	0	0	0	0	0	N	Y	N	N	N	N	N	N	N	N	N	N	0.0000	0.0000	0.0000	0.0000	0.0000	0.0000	0.0000	0.0000	0.0000	0.0000	0.0000	0.0000	0.0000	0.0000	0.0000	0.0000	0.0000	0.0000	0.0000	0.0000	2.5826	0.0000	3.6028	0.0000	0.0000	0.0000	0.0000	0.0000	0.0000	0.0000	0.0000	0.0000	0.0000	0.0000	0.0000	0.0000	0.0000	0.0000	0.0000	0.0000	0.0000	0.0000	0.0000	0.0000	0.0000	0.0000	0.0000	0.0000	0.0000	0.0000	0.0000	0.0000	0.0000	0.0000	0.0000	0.0000	0.0000	0.0000	0.0000	0.0000	0.0000	0.0000	0.0000	0.0000	0.0000	0.0000	0.0000	0.0000	0.0000	0.0000	0.0000	0.0000	0.0000	0.0000	0.0000	0.0000	0.0000	0.0000											
15	30	0.0470	2	0	2	0	1	0	0	0	0	N	Y	N	N	N	N	N	N	N	N	N	N	0.0000	0.0000	0.0000	0.0000	0.0000	0.0000	0.0000	0.0000	0.0000	0.0000	0.0000	0.0000	0.0000	0.0000	0.0000	0.0000	0.0000	0.0029	0.0056	0.0000	0.0022	0.0027	0.0000	0.0031	0.0067	0.0000	0.0014	0.0000	-0.0005	2.5826	0.0000	3.6028	19.0400	0.0000	0.0000	0.0000	0.0000	0.0000	0.0000	0.0000	0.0000	0.0000	0.0009	0.0009	0.0000	0.0001	0.0001	0.0000	0.0008	0.0008	0.0000	0.0000	0.0000	0.0000	0.0000	0.0000	0.0000	0.0000	0.0000	0.0000	0.2961	0.1560	0.1401	0.0536	0.0440	0.0096	0.2425	0.1121	0.1304	0.0000	0.0000	0.0000	0.0000	0.0000	0.0000	0.0000	0.0000	0.0000	0.0029	0.0056	0.0000	0.0022	0.0027	0.0000	0.0031	0.0067	0.0000		
15	31	0.0470	2	1	2	0	0	0	0	0	0	N	Y	N	N	N	N	N	N	N	N	N	N	0.8519	0.5047	0.0000	0.2848	0.2581	0.0000	0.0000	0.0006	0.0006	0.0000	0.0010	0.0012	0.0000	0.0000	0.0000	0.0000	0.0007	0.0013	0.0000	0.0037	0.0045	0.0000	0.0000	0.0000	0.0000	0.0000	0.0058	-0.0000	-0.0001	2.5826	6.7961	3.6028	16.0091	0.0003	0.0003	0.0000	0.0003	0.0003	0.0000	0.0000	0.0000	0.0000	0.0002	0.0002	0.0000	0.0002	0.0002	0.0000	0.0000	0.0000	0.0000	0.4662	0.4175	0.0487	0.2545	0.2299	0.0245	0.2117	0.1876	0.0241	0.3117	0.1644	0.1473	0.0565	0.0463	0.0102	0.2551	0.1181	0.1370	0.8519	0.5047	0.0000	0.2848	0.2581	0.0000	0.0000	0.0000	0.0000	0.0007	0.0013	0.0000	0.0037	0.0045	0.0000	0.0000	0.0000	0.0000		
15	32	0.4719	9	0	1	1	0	0	0	0	0	N	N	N	N	N	N	N	N	N	N	N	N	0.0474	0.0427	0.0000	0.0488	0.0492	0.0000	0.0003	0.0034	0.0000	0.0001	0.0001	0.0000	0.0002	0.0002	0.0000	0.0000	0.0000	0.0000	0.0027	0.0034	0.0011	0.0040	0.0044	0.0018	0.0005	0.0001	0.0008	0.0000	0.1385	-0.0000	-0.0002	2.5826	2.4598	3.6028	7.4321	0.0000	0.0000	0.0000	0.0000	0.0000	0.0000	0.0000	0.0000	0.0000	0.0005	0.0004	0.0001	0.0004	0.0004	0.0000	0.0000	0.0000	0.0000	0.1540	0.1370	0.0170	0.1017	0.0915	0.0102	0.0523	0.0455	0.0068	0.1700	0.1195	0.0505	0.1087	0.0917	0.0170	0.0613	0.0278	0.0335	0.0474	0.0427	0.0000	0.0488	0.0492	0.0000	0.0003	0.0034	0.0000	0.0027	0.0034	0.0011	0.0040	0.0044	0.0018	0.0005	0.0001	0.0008
15	33	0.4336	8	0	1	0	0	0	0	0	0	N	N	N	N	N	N	N	N	N	N	N	N	0.0135	0.0128	0.0000	0.0148	0.0141	0.0000	0.0017	0.0036	0.0000	0.0001	0.0001	0.0000	0.0002	0.0002	0.0000	0.0000	0.0000	0.0000	0.0087	0.0103	0.0052	0.0118	0.0138	0.0004	0.0048	0.0025	0.0070	0.0000	0.2244	-0.0000	-0.0006	2.5826	2.7943	3.6028	8.2643	0.0000	0.0000	0.0000	0.0000	0.0000	0.0000	0.0000	0.0000	0.0000	0.0017	0.0014	0.0003	0.0013	0.0013	0.0000	0.0004	0.0001	0.0003	0.1687	0.1498	0.0189	0.1109	0.0995	0.0113	0.0579	0.0503	0.0076	0.1900	0.1313	0.0586	0.1065	0.0906	0.0160	0.0834	0.0408	0.0427	0.0135	0.0128	0.0000	0.0148	0.0141	0.0000	0.0017	0.0036	0.0000	0.0087	0.0103	0.0052	0.0118	0.0138	0.0004	0.0048	0.0025	0.0070
15	34	0.1025	3	0	2	0	0	0	0	0	0	N	Y	N	N	N	N	N	N	N	N	N	N	0.0009	0.0007	0.0000	0.0009	0.0008	0.0069	0.0035	0.0000	0.0001	0.0002	0.0000	0.0002	0.0002	0.0000	0.0000	0.0000	0.0000	0.1679	0.2208	0.0000	0.2095	0.2497	0.0000	0.0040	0.0089	0.0000	0.0000	0.0000	-0.0000	-0.0069	2.5826	0.0009	3.6028	2.4415	0.0000	0.0000	0.0000	0.0000	0.0000	0.0000	0.0000	0.0000	0.0000	0.0133	0.0133	0.0000	0.0132	0.0132	0.0000	0.0001	0.0001	0.0000	0.0002	0.0002	0.0000	0.0002	0.0002	0.0000	0.0001	0.0001	0.0000	0.0790	0.0601	0.0189	0.0630	0.0529	0.0102	0.0160	0.0072	0.0088	0.0009	0.0007	0.0000	0.0009	0.0008	0.0000	0.0069	0.0035	0.0000	0.1679	0.2208	0.0000	0.2095	0.2497	0.0000	0.0040	0.0089	0.0000	
15	35	0.0470	2	1	1	1	0	0	0	0	0	N	N	N	N	N	N	N	N	N	N	N	N	0.0000	0.0000	0.0000	0.0000	0.0000	0.0000	0.0000	0.0000	0.0000	0.0000	0.0000	0.0000	0.0000	0.0003	0.0005	0.0000	0.0013	0.0016	0.0000	0.0000	0.0000	0.0000	0.0000	0.0000	-0.0000	2.5826	0.0000	3.6028	5.9600	0.0000	0.0000	0.0000	0.0000	0.0000	0.0000	0.0000	0.0000	0.0000	0.0000	0.0000	0.0000	0.0000	0.0000	0.0000	0.0000	0.0000	0.0000	0.0000	0.0000	0.0000	0.0000	0.0000	0.0000	0.0000	0.0000	0.0000	0.1136	0.0603	0.0533	0.0216	0.0183	0.0033	0.0920	0.0420	0.0500	0.0000	0.0000	0.0000	0.0000	0.0000	0.0000	0.0000	0.0000	0.0000	0.0003	0.0005	0.0000	0.0013	0.0016	0.0000	0.0000	0.0000	0.0000						
15	36	0.1375	3	0	2	0	0	0	0	0	0	N	Y	N	N	N	N	N	N	N	N	N	N	12772.3509	0.0000	76233.8648	35709.3233	0.0000	31848.8165	842.8807	0.0000	9048.8516	1.2514	0.0000	8.0825	1.6338	0.0000	10.3109	0.1028	0.0000	0.7141	0.0001	0.0001	0.0001	0.0000	0.0000	0.0003	0.0001	0.0002	0.0001	inf	0.7076	0.0091	-0.0000	2.5826	0.0123	3.6028	6.2120	0.0101	0.0000	0.0101	0.0099	0.0000	0.0099	0.0002	0.0000	0.0002	0.0000	0.0000	0.0000	0.0000	0.0000	0.0000	0.0000	0.0000	0.0000	0.0081	0.0068	0.0012	0.0060	0.0051	0.0010	0.0020	0.0017	0.0003	0.1753	0.1082	0.0671	0.0552	0.0477	0.0074	0.1202	0.0605	0.0597	12772.3509	0.0000	76233.8648	35709.3233	0.0000	31848.8165	842.8807	0.0000	9048.8516	0.0001	0.0001	0.0001	0.0000	0.0000	0.0003	0.0001	0.0002	0.0001
15	37	0.0470	2	0	2	0	0	0	0	0	0	N	Y	N	N	N	N	N	N	N	N	N	N	1629.6276	660.8673	10210.6761	3707.8538	1527.7743	29791.5175	29.9310	7.4927	216.6459	4.4400	1.9362	25.4523	8.0644	3.4974	49.7850	0.0853	0.0238	0.5539	0.0027	0.0029	0.0025	0.0022	0.0023	0.0017	0.0028	0.0032	0.0026	1.5664	0.7530	1.3276	-0.0001	2.5826	8.2035	3.6028	18.5835	2.5789	1.0049	1.5741	2.5564	0.9993	1.5571	0.0225	0.0056	0.0169	0.0010	0.0006	0.0004	0.0002	0.0001	0.0000	0.0009	0.0005	0.0004	0.5808	0.5190	0.0618	0.3170	0.2857	0.0313	0.2638	0.2333	0.0306	0.3797	0.2014	0.1783	0.0698	0.0569	0.0129	0.3099	0.1446	0.1654	1629.6276	660.8673	10210.6761	3707.8538	1527.7743	29791.5175	29.9310	7.4927	216.6459	0.0027	0.0029	0.0025	0.0022	0.0023	0.0017	0.0028	0.0032	0.0026
15	38	0.0470	2	0	2	0	1	0	0	0	0	N	Y	N	N	N	N	N	N	N	N	N	N	2.6725	1.0266	7108.0326	0.9753	0.5628	247064.3134	0.6018	0.2869	36.2971	3.7853	2.7216	12.6395	6.8863	4.8916	24.9515	0.0725	0.0729	0.0695	1.4164	2.6510	0.0018	7.0608	8.6909	0.0001	0.1205	0.2543	0.0019	0.5579	0.0006	0.6772	-0.3241	2.5826	10.2042	3.6028	23.0710	2.5794	1.6557	0.9238	2.5569	1.6357	0.9212	0.0225	0.0200	0.0025	0.6227	0.6224	0.0004	0.5796	0.5796	0.0000	0.0431	0.0427	0.0004	0.6814	0.6083	0.0731	0.3713	0.3344	0.0369	0.3101	0.2740	0.0362	0.4397	0.2348	0.2049	0.0821	0.0667	0.0154	0.3576	0.1681	0.1895	2.6725	1.0266	7108.0326	0.9753	0.5628	247064.3134	0.6018	0.2869	36.2971	1.4164	2.6510	0.0018	7.0608	8.6909	0.0001	0.1205	0.2543	0.0019
15	39	0.0470	2	1	1	1	0	0	0	0	0	N	N	N	N	N	N	N	N	N	N	N	N	0.0000	0.0000	0.0000	0.0000	0.0000	0.0000	0.0000	0.0000	0.0000	0.0000	0.0000	0.0000	0.0000	0.0006	0.0011	0.0000	0.0027	0.0030	0.0000	0.0000	0.0000	0.0000	0.0000	0.0000	-0.0000	2.5826	0.0000	3.6028	1.9600	0.0000	0.0000	0.0000	0.0000	0.0000	0.0000	0.0000	0.0000	0.0000	0.0000	0.0000	0.0000	0.0000	0.0000	0.0000	0.0000	0.0000	0.0000	0.0000	0.0000	0.0000	0.0000	0.0000	0.0000	0.0000	0.0000	0.0000	0.0457	0.0256	0.0201	0.0106	0.0095	0.0011	0.0351	0.0161	0.0190	0.0000	0.0000	0.0000	0.0000	0.0000	0.0000	0.0000	0.0000	0.0000	0.0006	0.0011	0.0000	0.0027	0.0030	0.0000	0.0000	0.0000	0.0000						
15	40	0.1025	3	0	1	1	0	0	0	0	0	N	N	N	N	N	N	N	N	N	N	N	N	0.0000	0.0000	0.0000	0.0000	0.0000	0.0000	0.0000	0.0000	0.0001	0.0002	0.0000	0.0002	0.0002	0.0000	0.0000	0.0000	0.0000	4.2890	5.7511	0.0001	5.1980	6.2739	0.0000	1.2632	2.6855	0.0001	0.0000	0.0000	-0.0000	-0.3171	2.5826	0.0009	3.6028	7.7842	0.0000	0.0000	0.0000	0.0000	0.0000	0.0000	0.0000	0.0000	0.0000	0.6086	0.6086	0.0000	0.5672	0.5672	0.0000	0.0414	0.0414	0.0000	0.0002	0.0002	0.0000	0.0002	0.0002	0.0000	0.0001	0.0001	0.0000	0.1419	0.1058	0.0361	0.1091	0.0904	0.0187	0.0328	0.0154	0.0174	0.0000	0.0000	0.0000	0.0000	0.0000	0.0000	0.0000	0.0000	0.0000	4.2890	5.7511	0.0001	5.1980	6.2739	0.0000	1.2632	2.6855	0.0001	
15	41	0.0470	2	0	1	0	0	0	0	0	0	N	N	N	N	N	N	N	N	N	N	N	N	0.0298	0.0172	0.0027	0.0112	0.0099	0.0003	0.0000	0.0000	0.0076	0.0014	0.0015	0.0000	0.0026	0.0028	0.0000	0.0000	0.0000	0.0000	0.0462	0.0875	0.0003	0.2301	0.2802	0.0023	0.0055	0.0119	0.0001	0.0000	0.0026	-0.0000	-0.0072	2.5826	1.7959	3.6028	20.1034	0.0003	0.0003	0.0000	0.0003	0.0003	0.0000	0.0000	0.0000	0.0000	0.0140	0.0139	0.0000	0.0126	0.0126	0.0000	0.0014	0.0014	0.0000	0.1924	0.1765	0.0159	0.1029	0.0955	0.0073	0.0895	0.0810	0.0085	0.3022	0.1593	0.1429	0.0548	0.0449	0.0099	0.2475	0.1144	0.1330	0.0298	0.0172	0.0027	0.0112	0.0099	0.0003	0.0000	0.0000	0.0076	0.0462	0.0875	0.0003	0.2301	0.2802	0.0023	0.0055	0.0119	0.0001
15	42	0.1170	3	0	2	0	0	0	0	0	0	N	Y	N	N	N	N	N	N	N	N	N	N	0.1113	0.1003	0.0847	0.0845	0.0000	0.0000	0.0000	0.0001	0.0001	0.0000	0.0000	0.0000	0.0000	0.0004	0.0005	0.0000	0.0007	0.0008	0.0000	0.0000	0.0000	0.0000	0.0000	0.0000	-0.0000	-0.0000	2.5826	0.0003	3.6028	0.0002	0.0000	0.0000	0.0000	0.0000	0.0000	0.0000	0.0000	0.0000	0.0000	0.0000	0.0000	0.0000	0.0000	0.0000	0.0000	0.0000	0.0000	0.0000	0.0000	0.0000	0.0000	0.0000	0.0000	0.0000	0.0000	0.0000	0.0000	0.0000	0.0000	0.0000	0.0000	0.0000	0.0000	0.0000	0.0000	0.0000	0.1113	0.1003	0.0000	0.0847	0.0845	0.0000	0.0000	0.0000	0.0000	0.0004	0.0005	0.0000	0.0007	0.0008	0.0000	0.0000	0.0000	0.0000					
15	43	0.0730	3	1	2	1	0	0	0	0	0	N	Y	N	N	N	N	N	N	N	N	N	N	0.0000	0.0000	0.0000	0.0000	0.0000	0.0000	0.0000	0.0000	0.0000	0.0000	0.0000	0.0000	0.0000	0.0000	0.0000	0.0000	0.0000	0.0000	0.0000	0.0000	2.5826	0.0000	3.6028	2.0000	0.0000	0.0000	0.0000	0.0000	0.0000	0.0000	0.0000	0.0000	0.0000	0.0000	0.0000	0.0000	0.0000	0.0000	0.0000	0.0000	0.0000	0.0000	0.0000	0.0000	0.0000	0.0000	0.0000	0.0000	0.0000	0.0000	0.0000	0.0275	0.0169	0.0106	0.0102	0.0080	0.0023	0.0172	0.0090	0.0083	0.0000	0.0000	0.0000	0.0000	0.0000	0.0000	0.0000	0.0000	0.0000	0.0000	0.0000	0.0000	0.0000	0.0000	0.0000	0.0000	0.0000	0.0000											
15	44	0.0730	3	1	2	1	0	0	0	0	0	N	Y	N	N	N	N	N	N	N	N	N	N	0.0000	0.0000	0.0000	0.0000	0.0000	0.0000	0.0000	0.0000	0.0000	0.0000	0.0000	0.0000	0.0000	0.0000	0.0000	0.0000	0.0000	0.0000	0.0000	0.0000	2.5826	0.0000	3.6028	0.0000	0.0000	0.0000	0.0000	0.0000	0.0000	0.0000	0.0000	0.0000	0.0000	0.0000	0.0000	0.0000	0.0000	0.0000	0.0000	0.0000	0.0000	0.0000	0.0000	0.0000	0.0000	0.0000	0.0000	0.0000	0.0000	0.0000	0.0000	0.0000	0.0000	0.0000	0.0000	0.0000	0.0000	0.0000	0.0000	0.0000	0.0000	0.0000	0.0000	0.0000	0.0000	0.0000	0.0000	0.0000	0.0000	0.0000	0.0000	0.0000	0.0000	0.0000	0.0000	0.0000	0.0000	0.0000											
15	45	0.0470	2	1	2	1	0	0	0	0	0	N	Y	N	N	N	N	N	N	N	N	N	N	0.2452	1.0348	0.0000	0.5758	0.5737	0.0000	0.0000	0.0000	0.0020	0.0021	0.0000	0.0038	0.0040	0.0000	0.0000	0.0000	0.0000	0.0082	0.0021	0.0150	0.0066	0.0070	0.0047	0.0085	0.0000	0.0157	0.0000	6.4866	-0.0000	0.0004	2.5826	0.7962	3.6028	7.9291	0.0003	0.0003	0.0000	0.0003	0.0003	0.0000	0.0000	0.0000	0.0000	0.0012	0.0002	0.0010	0.0002	0.0002	0.0000	0.0010	0.0000	0.0010	0.1323	0.1238	0.0085	0.0693	0.0659	0.0034	0.0631	0.0580	0.0051	0.1426	0.0753	0.0674	0.0264	0.0222	0.0042	0.1162	0.0531	0.0631	0.2452	1.0348	0.0000	0.5758	0.5737	0.0000	0.0000	0.0000	0.0000	0.0082	0.0021	0.0150	0.0066	0.0070	0.0047	0.0085	0.0000	0.0157	
15	46	0.0470	2	1	2	0	0	0	0	0	0	N	Y	N	N	N	N	N	N	N	N	N	N	0.4071	1.5054	0.0000	0.8219	0.8077	0.0000	0.0000	0.0000	0.0020	0.0021	0.0000	0.0038	0.0040	0.0000	0.0000	0.0000	0.0000	0.0049	0.0014	0.0088	0.0047	0.0050	0.0031	0.0050	0.0000	0.0092	0.0000	5.5874	-0.0000	0.0003	2.5826	0.7962	3.6028	12.9291	0.0003	0.0003	0.0000	0.0003	0.0003	0.0000	0.0000	0.0000	0.0000	0.0010	0.0002	0.0009	0.0002	0.0002	0.0000	0.0008	0.0000	0.0008	0.1323	0.1238	0.0085	0.0693	0.0659	0.0034	0.0631	0.0580	0.0051	0.2083	0.1095	0.0989	0.0377	0.0312	0.0065	0.1706	0.0782	0.0924	0.4071	1.5054	0.0000	0.8219	0.8077	0.0000	0.0000	0.0000	0.0000	0.0049	0.0014	0.0088	0.0047	0.0050	0.0031	0.0050	0.0000	0.0092	
15	47	0.0470	2	0	2	0	1	0	0	0	0	N	Y	N	N	N	N	N	N	N	N	N	N	0.0000	0.0000	0.0000	0.0000	0.0000	0.0000	0.0000	0.0000	0.0000	0.0000	0.0000	0.0000	0.0000	0.0000	0.0000	0.0000	0.0002	0.0003	0.0000	0.0009	0.0011	0.0000	0.0000	0.0000	0.0000	0.0200	0.0000	-0.0000	2.5826	9.0000	3.6028	15.0400	0.0000	0.0000	0.0000	0.0000	0.0000	0.0000	0.0000	0.0000	0.0000	0.0001	0.0001	0.0000	0.0001	0.0001	0.0000	0.0000	0.0000	0.0000	0.6248	0.5580	0.0668	0.3408	0.3070	0.0338	0.2840	0.2510	0.0330	0.3527	0.1866	0.1661	0.0644	0.0526	0.0118	0.2883	0.1340	0.1542	0.0000	0.0000	0.0000	0.0000	0.0000	0.0000	0.0000	0.0000	0.0000	0.0002	0.0003	0.0000	0.0009	0.0011	0.0000	0.0000	0.0000	0.0000			
15	48	0.1255	3	0	1	0	1	0	0	0	0	N	N	N	N	N	N	N	N	N	N	N	N	0.0014	0.0683	0.0000	0.0398	0.0844	0.0000	0.0000	0.0000	0.0000	0.0000	0.0000	0.0000	0.0000	0.0001	0.0000	0.0000	0.0000	0.0000	0.0227	0.0005	0.0829	0.0011	0.0006	0.0035	0.0800	0.0000	0.1529	0.0000	59.8076	-0.0000	0.0005	2.5826	0.0037	3.6028	3.0208	0.0000	0.0000	0.0000	0.0000	0.0000	0.0000	0.0000	0.0000	0.0000	0.0010	0.0000	0.0010	0.0000	0.0000	0.0000	0.0010	0.0000	0.0010	0.0003	0.0003	0.0000	0.0002	0.0002	0.0000	0.0001	0.0001	0.0000	0.0444	0.0324	0.0120	0.0322	0.0266	0.0056	0.0122	0.0058	0.0064	0.0014	0.0683	0.0000	0.0398	0.0844	0.0000	0.0000	0.0000	0.0000	0.0227	0.0005	0.0829	0.0011	0.0006	0.0035	0.0800	0.0000	0.1529
15	49	0.0470	2	0	1	0	1	0	0	0	0	N	N	N	N	N	N	N	N	N	N	N	N	0.3531	0.2158	0.0005	0.3388	0.3050	0.0024	0.0000	0.0000	0.0005	0.0007	0.0008	0.0000	0.0013	0.0015	0.0000	0.0000	0.0000	0.0000	0.0021	0.0038	0.0002	0.0040	0.0049	0.0000	0.0017	0.0034	0.0002	0.0000	0.0382	-0.0000	-0.0004	2.5826	4.7960	3.6028	23.0471	0.0003	0.0003	0.0000	0.0003	0.0003	0.0000	0.0000	0.0000	0.0000	0.0008	0.0007	0.0000	0.0003	0.0003	0.0000	0.0005	0.0005	0.0000	0.3617	0.3253	0.0364	0.1969	0.1788	0.0182	0.1647	0.1465	0.0182	0.3614	0.1914	0.1700	0.0661	0.0540	0.0122	0.2952	0.1374	0.1578	0.3531	0.2158	0.0005	0.3388	0.3050	0.0024	0.0000	0.0000	0.0005	0.0021	0.0038	0.0002	0.0040	0.0049	0.0000	0.0017	0.0034	0.0002
15	52	0.0696	3	1	1	1	0	0	0	0	0	N	N	N	N	N	N	N	N	N	N	N	N	1.0253	0.0000	59.4701	1.0585	0.0000	475.4844	1.1991	0.0000	4.1283	0.0721	0.0000	0.4796	0.2656	0.0000	2.7921	0.0057	0.0000	0.0339	0.0703	0.1139	0.0081	0.2509	0.2792	0.0059	0.0048	0.0010	0.0082	inf	0.0496	0.0045	-0.0048	2.5826	0.9976	3.6028	4.7732	0.0050	0.0000	0.0050	0.0047	0.0000	0.0047	0.0003	0.0000	0.0003	0.0101	0.0096	0.0005	0.0096	0.0095	0.0000	0.0005	0.0001	0.0005	0.0695	0.0591	0.0104	0.0177	0.0161	0.0017	0.0518	0.0430	0.0088	0.1430	0.0841	0.0589	0.0381	0.0341	0.0039	0.1050	0.0500	0.0550	1.0253	0.0000	59.4701	1.0585	0.0000	475.4844	1.1991	0.0000	4.1283	0.0703	0.1139	0.0081	0.2509	0.2792	0.0059	0.0048	0.0010	0.0082
15	53	0.0470	2	1	1	0	0	0	0	0	0	N	N	N	N	N	N	N	N	N	N	N	N	82.5752	0.0361	4068.9359	32.7325	0.0204	12341.1797	9.6525	0.0062	80.2717	5.3555	0.0040	55.5977	9.7719	0.0073	111.8967	0.1200	0.0001	1.1219	0.0649	0.1109	0.0137	0.2985	0.3556	0.0091	0.0124	0.0106	0.0140	1478.9335	0.1108	1.4273	-0.0045	2.5826	3.2133	3.6028	6.0120	1.5793	0.0011	1.5783	1.5631	0.0011	1.5621	0.0162	0.0000	0.0162	0.0106	0.0096	0.0011	0.0090	0.0089	0.0000	0.0017	0.0006	0.0010	0.2949	0.2665	0.0284	0.1600	0.1460	0.0140	0.1349	0.1205	0.0144	0.1637	0.0862	0.0775	0.0300	0.0251	0.0049	0.1337	0.0611	0.0726	82.5752	0.0361	4068.9359	32.7325	0.0204	12341.1797	9.6525	0.0062	80.2717	0.0649	0.1109	0.0137	0.2985	0.3556	0.0091	0.0124	0.0106	0.0140
15	54	0.0470	2	1	2	0	0	0	0	0	0	N	Y	N	N	N	N	N	N	N	N	N	N	0.0035	0.0020	5.4650	4.8752	0.0000	0.0000	0.0167	0.0182	0.0000	0.0313	0.0337	0.0000	0.0000	0.0000	0.0000	4.7730	9.0833	0.0000	0.0057	0.0069	0.0000	5.8268	12.7082	0.0000	0.0000	0.0000	-0.0003	-0.5181	2.5826	1.7961	3.6028	11.9291	0.0032	0.0032	0.0000	0.0032	0.0032	0.0000	0.0000	0.0000	0.0000	0.9944	0.9944	0.0000	0.0002	0.0002	0.0000	0.9941	0.9941	0.0000	0.1924	0.1765	0.0159	0.1029	0.0955	0.0073	0.0895	0.0810	0.0085	0.2083	0.1095	0.0989	0.0377	0.0312	0.0065	0.1706	0.0782	0.0924	0.0035	0.0020	0.0000	5.4650	4.8752	0.0000	0.0000	0.0000	0.0000	4.7730	9.0833	0.0000	0.0057	0.0069	0.0000	5.8268	12.7082	0.0000			
15	55	0.0682	3	0	2	0	0	0	0	0	0	N	Y	N	N	N	N	N	N	N	N	N	N	0.0010	0.0007	0.0000	0.0007	0.0006	0.0000	0.0011	0.0036	0.0000	0.0002	0.0002	0.0000	0.0003	0.0004	0.0000	0.0000	0.0000	0.0000	0.2383	0.3456	0.0389	0.5146	0.5992	0.0080	0.0277	0.0094	0.0455	0.0000	0.0605	-0.0000	-0.0155	2.5826	0.0041	3.6028	6.2745	0.0000	0.0000	0.0000	0.0000	0.0000	0.0000	0.0000	0.0000	0.0000	0.0334	0.0315	0.0019	0.0312	0.0312	0.0001	0.0022	0.0004	0.0018	0.0013	0.0012	0.0001	0.0008	0.0008	0.0000	0.0004	0.0004	0.0000	0.1403	0.0912	0.0491	0.0607	0.0520	0.0087	0.0796	0.0392	0.0404	0.0010	0.0007	0.0000	0.0007	0.0006	0.0000	0.0011	0.0036	0.0000	0.2383	0.3456	0.0389	0.5146	0.5992	0.0080	0.0277	0.0094	0.0455
15	56	0.1170	3	0	1	1	0	0	0	0	0	N	N	N	N	N	N	N	N	N	N	N	N	6972.5925	inf	0.0000	15924.0230	inf	0.0000	92.3704	inf	0.0000	2.6062	2.9134	0.0000	4.2081	4.6469	0.0000	0.0590	0.0672	0.0000	0.0004	0.0000	0.0013	0.0003	0.0000	0.0014	0.0006	0.0000	0.0013	0.0000	inf	-0.2465	0.0000	2.5826	18.9997	3.6028	4.0000	2.5795	2.5795	0.0000	2.5569	2.5569	0.0000	0.0225	0.0225	0.0000	0.0001	0.0000	0.0001	0.0000	0.0000	0.0000	0.0000	0.0000	0.0000	0.9898	0.8854	0.1044	0.6076	0.5502	0.0574	0.3821	0.3351	0.0470	0.2675	0.1917	0.0758	0.1892	0.1531	0.0361	0.0783	0.0386	0.0397	6972.5925	inf	0.0000	15924.0230	inf	0.0000	92.3704	inf	0.0000	0.0004	0.0000	0.0013	0.0003	0.0000	0.0014	0.0006	0.0000	0.0013
15	57	0.0470	2	0	1	0	0	0	0	0	0	N	N	N	N	N	N	N	N	N	N	N	N	0.6625	0.3836	0.0000	0.6843	0.6035	0.0000	0.0000	0.0000	0.0013	0.0014	0.0000	0.0024	0.0026	0.0000	0.0000	0.0000	0.0000	0.0020	0.0037	0.0000	0.0036	0.0044	0.0000	0.0016	0.0035	0.0000	0.0000	0.0017	-0.0000	-0.0004	2.5826	1.7961	3.6028	22.3138	0.0003	0.0003	0.0000	0.0003	0.0003	0.0000	0.0000	0.0000	0.0000	0.0007	0.0007	0.0000	0.0002	0.0002	0.0000	0.0005	0.0005	0.0000	0.2031	0.1859	0.0172	0.1089	0.1008	0.0080	0.0943	0.0851	0.0092	0.3492	0.1847	0.1645	0.0637	0.0521	0.0117	0.2854	0.1327	0.1528	0.6625	0.3836	0.0000	0.6843	0.6035	0.0000	0.0000	0.0000	0.0000	0.0020	0.0037	0.0000	0.0036	0.0044	0.0000	0.0016	0.0035	0.0000	
15	58	0.0678	4	1	2	0	0	0	0	0	0	N	Y	N	N	N	N	N	N	N	N	N	N	13.8193	0.1240	212.2837	10.7833	0.1305	174.8308	9.5694	1.8798	29.0068	0.0539	0.0007	0.3733	0.2248	0.0029	2.2903	0.0053	0.0000	0.0339	0.0039	0.0054	0.0018	0.0208	0.0219	0.0131	0.0006	0.0000	0.0012	92.6106	0.2298	0.0042	-0.0003	2.5826	0.9359	3.6028	8.5945	0.0047	0.0000	0.0046	0.0043	0.0000	0.0043	0.0004	0.0000	0.0004	0.0010	0.0008	0.0002	0.0009	0.0008	0.0001	0.0001	0.0000	0.0001	0.0864	0.0740	0.0123	0.0191	0.0173	0.0019	0.0672	0.0567	0.0105	0.2637	0.1544	0.1094	0.0435	0.0381	0.0054	0.2202	0.1163	0.1039	13.8193	0.1240	212.2837	10.7833	0.1305	174.8308	9.5694	1.8798	29.0068	0.0039	0.0054	0.0018	0.0208	0.0219	0.0131	0.0006	0.0000	0.0012
15	59	0.0650	3	0	2	0	0	0	0	0	0	N	Y	N	N	N	N	N	N	N	N	N	N	4.1921	1.7255	49.5695	3.0361	1.7306	55.7183	2.1449	6.3449	5.8141	0.3692	0.2133	1.1963	0.9166	0.5517	2.7129	0.0235	0.0038	0.1334	0.0881	0.1236	0.0241	0.3019	0.3188	0.0487	0.0110	0.0006	0.0229	1.0571	0.1085	0.0040	-0.0032	2.5826	0.1706	3.6028	1.8413	0.0096	0.0047	0.0049	0.0092	0.0046	0.0046	0.0004	0.0001	0.0003	0.0075	0.0068	0.0007	0.0068	0.0068	0.0001	0.0007	0.0000	0.0007	0.0261	0.0219	0.0041	0.0101	0.0084	0.0017	0.0160	0.0135	0.0024	0.0854	0.0549	0.0305	0.0226	0.0212	0.0014	0.0628	0.0337	0.0291	4.1921	1.7255	49.5695	3.0361	1.7306	55.7183	2.1449	6.3449	5.8141	0.0881	0.1236	0.0241	0.3019	0.3188	0.0487	0.0110	0.0006	0.0229
15	60	0.0470	2	0	2	0	0	0	0	0	0	N	Y	N	N	N	N	N	N	N	N	N	N	135.6541	133.2313	490.9572	204.1931	74.0221	13682.1774	2.7049	17.6142	9.8461	5.4679	2.3609	32.0783	9.9302	4.2631	62.9323	0.1040	0.0292	0.6847	0.0403	0.0177	0.0653	0.0486	0.0576	0.0046	0.0385	0.0017	0.0695	1.5864	3.3272	1.3329	0.0019	2.5826	6.1830	3.6028	4.8458	2.5743	0.9953	1.5790	2.5521	0.9898	1.5623	0.0222	0.0055	0.0167	0.0077	0.0018	0.0059	0.0017	0.0017	0.0000	0.0060	0.0001	0.0059	0.4708	0.4216	0.0492	0.2570	0.2322	0.0248	0.2138	0.1894	0.0244	0.1901	0.0999	0.0902	0.0345	0.0287	0.0058	0.1556	0.0712	0.0843	135.6541	133.2313	490.9572	204.1931	74.0221	13682.1774	2.7049	17.6142	9.8461	0.0403	0.0177	0.0653	0.0486	0.0576	0.0046	0.0385	0.0017	0.0695
15	61	0.4400	9	0	1	0	0	0	0	0	0	N	N	N	N	N	N	N	N	N	N	N	N	0.0050	0.0039	0.0000	0.0042	0.0039	0.0000	0.0069	0.0056	0.0000	0.0001	0.0001	0.0000	0.0002	0.0002	0.0000	0.0000	0.0000	0.0000	0.0208	0.0301	0.0002	0.0376	0.0450	0.0006	0.0000	0.0000	0.0000	0.0000	0.0026	-0.0000	-0.0021	2.5826	1.0140	3.6028	12.0537	0.0000	0.0000	0.0000	0.0000	0.0000	0.0000	0.0000	0.0000	0.0000	0.0040	0.0040	0.0000	0.0040	0.0040	0.0000	0.0000	0.0000	0.0000	0.0630	0.0559	0.0071	0.0416	0.0373	0.0043	0.0214	0.0186	0.0028	0.1935	0.1331	0.0603	0.1070	0.0892	0.0177	0.0865	0.0439	0.0426	0.0050	0.0039	0.0000	0.0042	0.0039	0.0000	0.0069	0.0056	0.0000	0.0208	0.0301	0.0002	0.0376	0.0450	0.0006	0.0000	0.0000	0.0000
15	62	0.3641	6	0	1	0	0	0	0	0	0	N	N	N	N	N	N	N	N	N	N	N	N	0.0059	0.0046	0.0000	2.9003	2.6287	0.0000	0.0006	0.0004	0.0000	0.0060	0.0066	0.0000	0.0083	0.0091	0.0000	0.0015	0.0017	0.0000	1.0124	1.4427	0.0012	0.0029	0.0035	0.0002	2.4140	4.4650	0.0018	0.0000	0.0004	-0.0006	-0.5123	2.5826	22.0948	3.6028	64.3951	0.0068	0.0068	0.0000	0.0062	0.0062	0.0000	0.0006	0.0006	0.0000	0.9838	0.9835	0.0004	0.0016	0.0016	0.0000	0.9822	0.9819	0.0003	1.1369	1.0229	0.1140	0.7418	0.6767	0.0651	0.3951	0.3462	0.0489	0.9717	0.6817	0.2901	0.5649	0.4618	0.1031	0.4069	0.2199	0.1870	0.0059	0.0046	0.0000	2.9003	2.6287	0.0000	0.0006	0.0004	0.0000	1.0124	1.4427	0.0012	0.0029	0.0035	0.0002	2.4140	4.4650	0.0018
15	63	0.1573	5	0	1	0	0	0	0	0	0	N	N	N	N	N	N	N	N	N	N	N	N	0.0139	0.0107	0.0000	0.0118	0.0112	0.0000	0.0640	0.0349	0.0000	0.0012	0.0014	0.0000	0.0018	0.0020	0.0000	0.0002	0.0002	0.0000	0.0880	0.1280	0.0001	0.1516	0.1772	0.0001	0.0031	0.0065	0.0001	0.0000	0.0005	-0.0000	-0.0204	2.5826	3.0638	3.6028	18.8214	0.0002	0.0002	0.0000	0.0002	0.0002	0.0000	0.0000	0.0000	0.0000	0.0391	0.0391	0.0000	0.0385	0.0385	0.0000	0.0006	0.0006	0.0000	0.1844	0.1636	0.0208	0.1184	0.1063	0.0121	0.0660	0.0573	0.0087	0.4446	0.3054	0.1391	0.2542	0.2175	0.0367	0.1904	0.0880	0.1024	0.0139	0.0107	0.0000	0.0118	0.0112	0.0000	0.0640	0.0349	0.0000	0.0880	0.1280	0.0001	0.1516	0.1772	0.0001	0.0031	0.0065	0.0001
15	64	0.0682	3	1	2	1	0	0	0	0	0	N	Y	N	N	N	N	N	N	N	N	N	N	0.0000	0.0001	0.0000	0.0001	0.0001	0.0000	0.0000	0.0001	0.0000	0.0000	0.0000	0.0000	0.0000	0.0000	0.0000	0.0000	0.0000	0.0000	5.4856	0.0538	15.1653	0.0810	0.0958	0.0001	9.0870	0.0069	18.3192	0.0000	158.0605	-0.0000	0.4533	2.5826	1.0029	3.6028	8.4685	0.0000	0.0000	0.0000	0.0000	0.0000	0.0000	0.0000	0.0000	0.0000	0.9590	0.0060	0.9530	0.0057	0.0057	0.0000	0.9534	0.0004	0.9530	0.0626	0.0555	0.0071	0.0397	0.0356	0.0041	0.0229	0.0199	0.0030	0.1748	0.1120	0.0628	0.0699	0.0591	0.0108	0.1049	0.0529	0.0520	0.0000	0.0001	0.0000	0.0001	0.0001	0.0000	0.0000	0.0001	0.0000	5.4856	0.0538	15.1653	0.0810	0.0958	0.0001	9.0870	0.0069	18.3192
15	65	0.0470	2	0	2	0	0	0	0	0	0	N	Y	N	N	N	N	N	N	N	N	N	N	0.0005	0.0003	0.0000	0.0002	0.0002	0.0002	0.0000	0.0000	0.0000	0.0020	0.0021	0.0000	0.0038	0.0040	0.0000	0.0000	0.0000	0.0000	4.2431	7.7092	0.3803	20.5597	24.5260	0.0705	0.5566	0.7412	0.4012	0.0004	0.0443	-0.0000	-0.3080	2.5826	0.7961	3.6028	8.5878	0.0003	0.0003	0.0000	0.0003	0.0003	0.0000	0.0000	0.0000	0.0000	0.6435	0.6162	0.0273	0.5747	0.5744	0.0003	0.0689	0.0419	0.0270	0.1323	0.1238	0.0085	0.0693	0.0659	0.0034	0.0631	0.0580	0.0051	0.1517	0.0799	0.0717	0.0280	0.0234	0.0045	0.1237	0.0565	0.0672	0.0005	0.0003	0.0000	0.0002	0.0002	0.0002	0.0000	0.0000	0.0000	4.2431	7.7092	0.3803	20.5597	24.5260	0.0705	0.5566	0.7412	0.4012
15	66	0.4400	9	0	2	0	0	0	0	0	0	N	Y	N	N	N	N	N	N	N	N	N	N	0.0000	0.0000	0.0000	0.0737	0.0784	0.0000	0.0000	0.0000	0.0000	0.0001	0.0001	0.0000	0.0002	0.0002	0.0000	0.0000	0.0000	0.0000	5.0126	7.2796	0.0165	0.0022	0.0023	0.0017	11.2013	22.0137	0.0227	0.0000	0.0010	-0.0000	-0.5163	2.5826	1.0110	3.6028	12.5479	0.0000	0.0000	0.0000	0.0000	0.0000	0.0000	0.0000	0.0000	0.0000	0.9928	0.9918	0.0010	0.0002	0.0002	0.0000	0.9926	0.9916	0.0010	0.0628	0.0557	0.0071	0.0414	0.0372	0.0043	0.0214	0.0185	0.0028	0.1981	0.1362	0.0618	0.1094	0.0912	0.0182	0.0886	0.0450	0.0436	0.0000	0.0000	0.0000	0.0737	0.0784	0.0000	0.0000	0.0000	0.0000	5.0126	7.2796	0.0165	0.0022	0.0023	0.0017	11.2013	22.0137	0.0227
15	67	0.4336	8	0	1	0	0	0	0	0	0	N	N	N	N	N	N	N	N	N	N	N	N	0.0021	0.0017	0.0000	0.0074	0.0075	0.0000	0.0001	0.0000	0.0000	0.0001	0.0001	0.0000	0.0002	0.0002	0.0000	0.0000	0.0000	0.0000	0.0513	0.0713	0.0051	0.0218	0.0239	0.0007	0.0862	0.1864	0.0059	0.0000	0.0307	-0.0000	-0.0026	2.5826	0.9784	3.6028	1.5217	0.0000	0.0000	0.0000	0.0000	0.0000	0.0000	0.0000	0.0000	0.0000	0.0052	0.0051	0.0002	0.0012	0.0012	0.0000	0.0040	0.0039	0.0002	0.0608	0.0539	0.0069	0.0401	0.0359	0.0041	0.0207	0.0180	0.0027	0.1016	0.0709	0.0307	0.0551	0.0502	0.0049	0.0465	0.0207	0.0258	0.0021	0.0017	0.0000	0.0074	0.0075	0.0000	0.0001	0.0000	0.0000	0.0513	0.0713	0.0051	0.0218	0.0239	0.0007	0.0862	0.1864	0.0059
15	68	0.4034	7	0	1	0	0	0	0	0	0	N	N	N	N	N	N	N	N	N	N	N	N	0.0305	0.0255	0.0000	0.0341	0.0318	0.0000	0.0001	0.0001	0.0000	0.0015	0.0017	0.0000	0.0023	0.0025	0.0000	0.0000	0.0000	0.0000	0.0488	0.0657	0.0114	0.0662	0.0792	0.0087	0.0212	0.0299	0.0130	0.0000	0.0787	-0.0000	-0.0044	2.5826	1.0531	3.6028	9.0748	0.0001	0.0001	0.0000	0.0001	0.0001	0.0000	0.0000	0.0000	0.0000	0.0097	0.0090	0.0007	0.0081	0.0079	0.0002	0.0016	0.0011	0.0005	0.0667	0.0591	0.0075	0.0439	0.0394	0.0045	0.0228	0.0197	0.0031	0.1990	0.1371	0.0619	0.1219	0.0995	0.0223	0.0771	0.0375	0.0396	0.0305	0.0255	0.0000	0.0341	0.0318	0.0000	0.0001	0.0001	0.0000	0.0488	0.0657	0.0114	0.0662	0.0792	0.0087	0.0212	0.0299	0.0130
15	69	0.0470	2	1	1	1	0	0	0	0	0	N	N	N	N	N	N	N	N	N	N	N	N	0.0000	0.0000	0.0000	0.0000	0.0000	0.0000	0.0000	0.0000	0.0000	0.0000	0.0000	0.0000	0.0000	0.0000	0.0000	6.3945	11.9793	0.0000	30.6631	35.8685	0.0000	0.5397	1.1826	0.0000	0.0000	0.0000	-0.3240	2.5826	0.0000	3.6028	4.9600	0.0000	0.0000	0.0000	0.0000	0.0000	0.0000	0.0000	0.0000	0.0000	0.6218	0.6218	0.0000	0.5795	0.5795	0.0000	0.0423	0.0423	0.0000	0.0000	0.0000	0.0000	0.0000	0.0000	0.0000	0.0000	0.0000	0.0000	0.0972	0.0519	0.0453	0.0189	0.0162	0.0027	0.0783	0.0358	0.0426	0.0000	0.0000	0.0000	0.0000	0.0000	0.0000	0.0000	0.0000	0.0000	6.3945	11.9793	0.0000	30.6631	35.8685	0.0000	0.5397	1.1826	0.0000				
15	71	0.1032	6	0	1	1	0	0	0	0	0	N	N	N	N	N	N	N	N	N	N	N	N	0.0000	0.0000	0.0000	0.0000	0.0000	0.0000	0.0000	0.0000	0.0000	0.0000	0.0000	0.0000	0.0000	0.0000	0.0000	0.0000	0.0000	0.0000	0.0000	0.0000	0.0000	0.0000	0.1333	0.0000	-0.0000	2.5826	1.0000	3.6028	0.0055	0.0000	0.0000	0.0000	0.0000	0.0000	0.0000	0.0000	0.0000	0.0000	0.0000	0.0000	0.0000	0.0000	0.0000	0.0000	0.0000	0.0000	0.0000	0.0241	0.0209	0.0032	0.0000	0.0000	0.0000	0.0241	0.0209	0.0032	0.0151	0.0104	0.0047	0.0086	0.0073	0.0014	0.0064	0.0031	0.0033	0.0000	0.0000	0.0000	0.0000	0.0000	0.0000	0.0000	0.0000	0.0000	0.0000	0.0000	0.0000	0.0000	0.0000	0.0000	0.0000	0.0000	0.0000						
15	72	0.0965	5	0	1	1	0	0	0	0	0	N	N	N	N	N	N	N	N	N	N	N	N	0.0000	0.0000	0.0000	0.0000	0.0000	0.0000	0.0000	0.0000	0.0000	0.0000	0.0000	0.0000	0.0000	0.0000	0.0000	0.0000	0.0000	0.0121	0.0156	0.0039	0.0192	0.0225	0.0000	0.0028	0.0000	0.0054	0.1094	0.0000	-0.0001	2.5826	0.0000	3.6028	1.0265	0.0000	0.0000	0.0000	0.0000	0.0000	0.0000	0.0000	0.0000	0.0000	0.0002	0.0002	0.0000	0.0002	0.0002	0.0000	0.0000	0.0000	0.0000	0.0000	0.0000	0.0000	0.0000	0.0000	0.0000	0.0000	0.0000	0.0000	0.0165	0.0115	0.0050	0.0093	0.0079	0.0014	0.0071	0.0035	0.0036	0.0000	0.0000	0.0000	0.0000	0.0000	0.0000	0.0000	0.0000	0.0000	0.0121	0.0156	0.0039	0.0192	0.0225	0.0000	0.0028	0.0000	0.0054		
15	73	0.0911	4	0	1	0	0	0	0	0	0	N	N	N	N	N	N	N	N	N	N	N	N	0.0000	0.0000	0.0000	0.0000	0.0000	0.0000	0.0000	0.0000	0.0000	0.0000	0.0000	0.0000	0.0000	0.0000	0.0000	0.0000	0.0000	0.0000	0.0243	0.0022	0.0650	0.0004	0.0005	0.0000	0.0541	0.0080	0.0766	16.2229	0.0000	0.0011	2.5826	0.0000	3.6028	1.0321	0.0000	0.0000	0.0000	0.0000	0.0000	0.0000	0.0000	0.0000	0.0000	0.0027	0.0002	0.0025	0.0000	0.0000	0.0000	0.0027	0.0001	0.0025	0.0146	0.0141	0.0005	0.0087	0.0085	0.0002	0.0058	0.0056	0.0003	0.1104	0.0715	0.0389	0.0613	0.0554	0.0059	0.0491	0.0161	0.0330	0.0000	0.0000	0.0000	0.0000	0.0000	0.0000	0.0000	0.0000	0.0000	0.0243	0.0022	0.0650	0.0004	0.0005	0.0000	0.0541	0.0080	0.0766	
15	74	0.0683	3	0	1	0	0	0	0	0	0	N	N	N	N	N	N	N	N	N	N	N	N	0.0024	1.9611	0.0013	2.3934	2.0911	32.6926	0.0001	1.3154	0.0001	0.0064	0.0062	0.0092	0.0099	0.0094	0.0155	0.0004	0.0004	0.0007	2.6581	0.0031	7.3261	0.0041	0.0045	0.0005	5.0444	0.0003	8.2360	0.1634	1328.5589	0.0000	0.3994	2.5826	0.5629	3.6028	8.5245	0.0003	0.0002	0.0000	0.0003	0.0002	0.0000	0.0000	0.0000	0.0000	0.8352	0.0006	0.8346	0.0006	0.0006	0.0000	0.8346	0.0000	0.8346	0.0447	0.0402	0.0044	0.0284	0.0258	0.0025	0.0163	0.0144	0.0019	0.3142	0.2003	0.1139	0.1488	0.1362	0.0126	0.1655	0.0641	0.1013	0.0024	1.9611	0.0013	2.3934	2.0911	32.6926	0.0001	1.3154	0.0001	2.6581	0.0031	7.3261	0.0041	0.0045	0.0005	5.0444	0.0003	8.2360
15	75	0.0853	4	0	2	0	0	0	0	0	0	N	Y	N	N	N	N	N	N	N	N	N	N	0.0000	0.0000	0.0000	0.0000	0.0000	0.0000	0.0000	0.0000	0.0000	0.0000	0.0000	0.0000	0.0000	0.0000	0.0000	9.4593	13.2021	0.0000	0.0048	0.0056	0.0000	19.4950	34.7764	0.0000	0.0000	0.0000	-0.5170	2.5826	1.9994	3.6028	4.0943	0.0000	0.0000	0.0000	0.0000	0.0000	0.0000	0.0000	0.0000	0.0000	0.9921	0.9921	0.0000	0.0003	0.0003	0.0000	0.9919	0.9919	0.0000	0.0486	0.0423	0.0063	0.0000	0.0000	0.0000	0.0486	0.0423	0.0063	0.1049	0.0751	0.0297	0.0540	0.0466	0.0074	0.0509	0.0285	0.0224	0.0000	0.0000	0.0000	0.0000	0.0000	0.0000	0.0000	0.0000	0.0000	9.4593	13.2021	0.0000	0.0048	0.0056	0.0000	19.4950	34.7764	0.0000				
15	76	0.0790	3	0	1	0	0	0	0	0	0	N	N	N	N	N	N	N	N	N	N	N	N	0.0000	0.0000	0.0000	0.0000	0.0000	0.0000	0.0000	0.0000	0.0000	0.0000	0.0000	0.0000	0.0000	0.0000	0.0000	0.0000	0.0000	0.0000	0.0412	0.0552	0.0064	0.0050	0.0056	0.0001	0.0798	0.1439	0.0080	0.0465	0.0000	-0.0012	2.5826	0.0011	3.6028	2.7207	0.0000	0.0000	0.0000	0.0000	0.0000	0.0000	0.0000	0.0000	0.0000	0.0025	0.0024	0.0001	0.0002	0.0002	0.0000	0.0023	0.0022	0.0001	0.0000	0.0000	0.0000	0.0000	0.0000	0.0000	0.0000	0.0000	0.0000	0.0601	0.0428	0.0173	0.0310	0.0274	0.0036	0.0290	0.0153	0.0137	0.0000	0.0000	0.0000	0.0000	0.0000	0.0000	0.0000	0.0000	0.0000	0.0412	0.0552	0.0064	0.0050	0.0056	0.0001	0.0798	0.1439	0.0080	
15	77	0.0470	2	0	1	0	0	0	0	0	0	N	N	N	N	N	N	N	N	N	N	N	N	0.0000	0.0000	0.0000	0.0000	0.0000	0.0000	0.0000	0.0000	0.0000	0.0000	0.0000	0.0000	0.0000	0.0000	0.0000	0.0000	0.0000	0.0000	0.0013	0.0021	0.0004	0.0029	0.0034	0.0003	0.0009	0.0015	0.0004	0.1774	0.0000	-0.0001	2.5826	0.0001	3.6028	10.0074	0.0000	0.0000	0.0000	0.0000	0.0000	0.0000	0.0000	0.0000	0.0000	0.0002	0.0002	0.0000	0.0001	0.0001	0.0000	0.0001	0.0001	0.0000	0.0831	0.0808	0.0023	0.0417	0.0416	0.0001	0.0415	0.0392	0.0022	0.1761	0.0926	0.0835	0.0321	0.0268	0.0054	0.1440	0.0659	0.0781	0.0000	0.0000	0.0000	0.0000	0.0000	0.0000	0.0000	0.0000	0.0000	0.0013	0.0021	0.0004	0.0029	0.0034	0.0003	0.0009	0.0015	0.0004	
15	78	0.0671	3	1	1	1	0	0	0	0	0	N	N	N	N	N	N	N	N	N	N	N	N	16.5339	271.5548	40.0031	20.2553	171.7605	75.0842	1.4253	inf	4.5477	0.0013	0.0006	0.0067	0.0044	0.0021	0.0979	0.0001	0.0000	0.0005	0.0001	0.0000	0.0002	0.0002	0.0000	0.0013	0.0001	0.0000	0.0001	1.2531	59.1888	0.0001	0.0000	2.5826	1.6246	3.6028	0.0115	0.0002	0.0001	0.0001	0.0002	0.0001	0.0001	0.0000	0.0000	0.0000	0.0000	0.0000	0.0000	0.0000	0.0000	0.0000	0.0000	0.0000	0.0000	0.1772	0.1586	0.0186	0.0495	0.0483	0.0012	0.1277	0.1103	0.0174	0.0459	0.0253	0.0206	0.0058	0.0049	0.0009	0.0401	0.0203	0.0197	16.5339	271.5548	40.0031	20.2553	171.7605	75.0842	1.4253	inf	4.5477	0.0001	0.0000	0.0002	0.0002	0.0000	0.0013	0.0001	0.0000	0.0001
15	79	0.0470	2	1	1	1	0	0	0	0	0	N	N	N	N	N	N	N	N	N	N	N	N	881.1410	7195.1496	2480.8588	5978.7391	3711.1070	14916.1782	14.5614	inf	51.2433	4.4446	1.9193	25.6389	8.0728	3.4667	50.1536	0.0853	0.0239	0.5546	0.0050	0.0003	0.0103	0.0014	0.0009	0.0034	0.0059	0.0000	0.0108	1.5917	34.9863	1.3375	0.0005	2.5826	8.1927	3.6028	3.9952	2.5791	0.9951	1.5839	2.5566	0.9896	1.5670	0.0225	0.0056	0.0169	0.0010	0.0000	0.0010	0.0001	0.0000	0.0000	0.0010	0.0000	0.0010	0.5803	0.5185	0.0618	0.3167	0.2854	0.0312	0.2636	0.2330	0.0305	0.2065	0.1085	0.0980	0.0374	0.0310	0.0064	0.1691	0.0775	0.0916	881.1410	7195.1496	2480.8588	5978.7391	3711.1070	14916.1782	14.5614	inf	51.2433	0.0050	0.0003	0.0103	0.0014	0.0009	0.0034	0.0059	0.0000	0.0108
15	80	0.0470	2	0	2	0	1	0	0	0	0	N	Y	N	N	N	N	N	N	N	N	N	N	0.0003	0.0003	0.0000	0.7839	0.6768	0.0000	0.0000	0.0000	0.0020	0.0021	0.0000	0.0038	0.0040	0.0000	0.0000	0.0000	0.0000	7.0556	6.7552	7.3896	0.0049	0.0059	0.0000	8.6115	9.4064	7.9306	0.0000	0.9840	-0.0000	-0.0495	2.5826	0.7962	3.6028	19.0091	0.0003	0.0003	0.0000	0.0003	0.0003	0.0000	0.0000	0.0000	0.0000	1.9729	0.9944	0.9785	0.0002	0.0002	0.0000	1.9727	0.9941	0.9785	0.1323	0.1238	0.0085	0.0693	0.0659	0.0034	0.0631	0.0580	0.0051	0.2796	0.1472	0.1324	0.0505	0.0415	0.0090	0.2291	0.1057	0.1234	0.0003	0.0003	0.0000	0.7839	0.6768	0.0000	0.0000	0.0000	0.0000	7.0556	6.7552	7.3896	0.0049	0.0059	0.0000	8.6115	9.4064	7.9306	
15	81	0.0470	2	0	2	0	0	0	0	0	0	N	Y	N	N	N	N	N	N	N	N	N	N	0.5968	0.5446	0.0000	0.8697	0.8051	0.0000	0.0000	0.0000	0.0000	0.0020	0.0021	0.0000	0.0038	0.0040	0.0000	0.0000	0.0000	0.0000	0.0034	0.0039	0.0027	0.0044	0.0050	0.0017	0.0031	0.0035	0.0028	0.0000	0.6154	-0.0000	-0.0002	2.5826	0.7962	3.6028	25.3140	0.0003	0.0003	0.0000	0.0003	0.0003	0.0000	0.0000	0.0000	0.0000	0.0012	0.0007	0.0004	0.0003	0.0003	0.0000	0.0009	0.0005	0.0004	0.1323	0.1238	0.0085	0.0693	0.0659	0.0034	0.0631	0.0580	0.0051	0.3448	0.1824	0.1625	0.0629	0.0514	0.0115	0.2819	0.1310	0.1510	0.5968	0.5446	0.0000	0.8697	0.8051	0.0000	0.0000	0.0000	0.0000	0.0034	0.0039	0.0027	0.0044	0.0050	0.0017	0.0031	0.0035	0.0028
15	82	0.0470	2	0	2	0	0	0	0	0	0	N	Y	N	N	N	N	N	N	N	N	N	N	0.0008	1.4254	0.0000	0.0003	0.7430	0.0000	0.0000	0.0000	0.0014	0.0015	0.0000	0.0026	0.0028	0.0000	0.0000	0.0000	0.0000	1.6797	0.0011	3.5728	8.5379	0.0037	55.6187	0.1398	0.0000	0.2618	0.0000	3005.1869	-0.0000	0.2977	2.5826	1.7961	3.6028	27.0091	0.0003	0.0003	0.0000	0.0003	0.0003	0.0000	0.0000	0.0000	0.0000	0.6220	0.0002	0.6218	0.5797	0.0002	0.5795	0.0423	0.0000	0.0423	0.1924	0.1765	0.0159	0.1029	0.0955	0.0073	0.0895	0.0810	0.0085	0.3703	0.1963	0.1740	0.0679	0.0554	0.0125	0.3024	0.1409	0.1615	0.0008	1.4254	0.0000	0.0003	0.7430	0.0000	0.0000	0.0000	0.0000	1.6797	0.0011	3.5728	8.5379	0.0037	46.2833	0.1398	0.0000	0.2618	
15	83	0.1573	5	0	1	0	0	0	0	0	0	N	N	N	N	N	N	N	N	N	N	N	N	0.0002	0.0002	0.0000	0.0064	0.0060	0.0000	0.0000	0.0000	0.0000	0.0004	0.0005	0.0000	0.0006	0.0007	0.0000	0.0001	0.0001	0.0000	1.8074	2.6547	0.0013	0.0950	0.1129	0.0000	3.9331	8.1819	0.0018	0.0000	0.0002	-0.0000	-0.5296	2.5826	10.0679	3.6028	33.8159	0.0002	0.0002	0.0000	0.0002	0.0002	0.0000	0.0000	0.0000	0.0000	1.0168	1.0165	0.0002	0.0296	0.0296	0.0000	0.9872	0.9869	0.0002	0.5467	0.4868	0.0600	0.3456	0.3112	0.0344	0.2012	0.1756	0.0256	0.5625	0.3829	0.1796	0.3116	0.2623	0.0493	0.2510	0.1206	0.1304	0.0002	0.0002	0.0000	0.0064	0.0060	0.0000	0.0000	0.0000	0.0000	1.8074	2.6547	0.0013	0.0950	0.1129	0.0000	3.9331	8.1819	0.0018
15	84	0.1297	4	0	1	0	0	0	0	0	0	N	N	N	N	N	N	N	N	N	N	N	N	0.0249	0.0225	0.0296	0.0312	0.0274	0.8026	0.0027	0.0041	0.0011	0.0063	0.0064	0.0055	0.0095	0.0095	0.0098	0.0005	0.0006	0.0003	0.2532	0.2846	0.1853	0.3058	0.3475	0.0122	0.1885	0.1334	0.2334	0.1110	0.3006	0.0000	-0.0317	2.5826	0.9441	3.6028	14.0836	0.0004	0.0004	0.0000	0.0004	0.0003	0.0000	0.0000	0.0000	0.0000	0.1092	0.0840	0.0252	0.0728	0.0724	0.0004	0.0365	0.0116	0.0249	0.0630	0.0558	0.0072	0.0404	0.0364	0.0040	0.0226	0.0194	0.0033	0.4314	0.2952	0.1362	0.2380	0.2084	0.0296	0.1934	0.0868	0.1066	0.0249	0.0225	0.0296	0.0312	0.0274	0.8026	0.0027	0.0041	0.0011	0.2532	0.2846	0.1853	0.3058	0.3475	0.0122	0.1885	0.1334	0.2334
15	85	0.4119	7	0	1	0	0	0	0	0	0	N	N	N	N	N	N	N	N	N	N	N	N	0.3191	0.2414	0.0000	0.2209	0.2092	0.0000	0.4370	0.2637	0.0000	0.0061	0.0068	0.0000	0.0077	0.0085	0.0000	0.0018	0.0021	0.0000	0.0191	0.0281	0.0007	0.0348	0.0404	0.0015	0.0042	0.0079	0.0005	0.0000	0.0119	-0.0006	-0.0039	2.5826	15.0008	3.6028	28.2980	0.0060	0.0060	0.0000	0.0055	0.0055	0.0000	0.0005	0.0005	0.0000	0.0077	0.0076	0.0001	0.0069	0.0068	0.0000	0.0009	0.0008	0.0000	0.9781	0.8819	0.0963	0.7127	0.6490	0.0637	0.2654	0.2329	0.0325	0.4035	0.2720	0.1315	0.1967	0.1686	0.0281	0.2068	0.1034	0.1034	0.3191	0.2414	0.0000	0.2209	0.2092	0.0000	0.4370	0.2637	0.0000	0.0191	0.0281	0.0007	0.0348	0.0404	0.0015	0.0042	0.0079	0.0005
15	86	0.4119	7	0	1	0	0	0	0	0	0	N	N	N	N	N	N	N	N	N	N	N	N	0.5452	0.4231	0.0000	0.3505	0.3355	0.0000	12.0835	286.9778	0.0000	0.0098	0.0109	0.0000	0.0120	0.0132	0.0000	0.0032	0.0037	0.0000	0.0180	0.0258	0.0008	0.0342	0.0393	0.0016	0.0003	0.0000	0.0005	0.0000	0.0132	-0.0006	-0.0035	2.5826	10.8154	3.6028	27.4443	0.0060	0.0060	0.0000	0.0055	0.0055	0.0000	0.0005	0.0005	0.0000	0.0069	0.0068	0.0001	0.0069	0.0068	0.0000	0.0000	0.0000	0.0000	0.6057	0.5447	0.0610	0.4566	0.4153	0.0413	0.1491	0.1294	0.0197	0.3837	0.2643	0.1194	0.2010	0.1739	0.0271	0.1827	0.0904	0.0923	0.5452	0.4231	0.0000	0.3505	0.3355	0.0000	12.0835	286.9778	0.0000	0.0180	0.0258	0.0008	0.0342	0.0393	0.0016	0.0003	0.0000	0.0005
15	87	0.3641	6	0	1	0	0	0	0	0	0	N	N	N	N	N	N	N	N	N	N	N	N	1.8081	1.3304	13.8676	2.2121	1.7346	152.6622	0.4282	0.2969	0.4579	0.0405	0.0398	0.0475	0.0528	0.0505	0.0812	0.0085	0.0095	0.0025	0.0224	0.0299	0.0034	0.0239	0.0291	0.0005	0.0198	0.0321	0.0055	0.1282	0.0451	0.0002	-0.0103	2.5826	2.7608	3.6028	22.4044	0.0126	0.0112	0.0014	0.0119	0.0105	0.0014	0.0007	0.0007	0.0000	0.0215	0.0205	0.0009	0.0147	0.0146	0.0001	0.0068	0.0059	0.0009	0.3120	0.2817	0.0303	0.2255	0.2082	0.0173	0.0865	0.0735	0.0130	0.9576	0.6868	0.2708	0.6142	0.5020	0.1122	0.3434	0.1848	0.1586	1.8081	1.3304	13.8676	2.2121	1.7346	152.6622	0.4282	0.2969	0.4579	0.0224	0.0299	0.0034	0.0239	0.0291	0.0005	0.0198	0.0321	0.0055
15	88	0.2343	5	0	1	0	0	0	0	0	0	N	N	N	N	N	N	N	N	N	N	N	N	0.0145	0.0149	0.0208	0.0271	0.0197	0.4082	0.0010	0.0019	0.0007	0.0159	0.0141	0.0303	0.0238	0.0208	0.0519	0.0014	0.0014	0.0015	1.0975	0.9489	1.4555	0.8784	1.0548	0.1272	1.4337	0.7092	2.3139	0.2615	0.6365	0.0009	-0.1345	2.5826	8.8820	3.6028	49.9570	0.0083	0.0066	0.0017	0.0081	0.0064	0.0017	0.0003	0.0002	0.0000	1.0180	0.6221	0.3959	0.4933	0.4797	0.0136	0.5247	0.1424	0.3823	0.5231	0.4662	0.0569	0.3392	0.3067	0.0325	0.1839	0.1594	0.0245	0.9276	0.6555	0.2720	0.5616	0.4548	0.1068	0.3660	0.2008	0.1652	0.0145	0.0149	0.0208	0.0271	0.0197	0.4082	0.0010	0.0019	0.0007	1.0975	0.9489	1.4555	0.8784	1.0548	0.1272	1.4337	0.7092	2.3139
15	89	0.0470	2	1	2	0	1	0	0	0	0	N	Y	N	N	N	N	N	N	N	N	N	N	1.1522	0.6473	1.1377	0.9846	0.0000	0.0000	0.0020	0.0021	0.0000	0.0038	0.0040	0.0000	0.0000	0.0000	0.0000	0.0017	0.0033	0.0000	0.0034	0.0041	0.0000	0.0014	0.0030	0.0000	0.0000	0.0000	-0.0000	-0.0002	2.5826	0.7962	3.6028	16.9291	0.0003	0.0003	0.0000	0.0003	0.0003	0.0000	0.0000	0.0000	0.0000	0.0004	0.0004	0.0000	0.0002	0.0002	0.0000	0.0003	0.0003	0.0000	0.1323	0.1238	0.0085	0.0693	0.0659	0.0034	0.0631	0.0580	0.0051	0.2562	0.1347	0.1215	0.0463	0.0381	0.0082	0.2100	0.0967	0.1133	1.1522	0.6473	0.0000	1.1377	0.9846	0.0000	0.0000	0.0000	0.0000	0.0017	0.0033	0.0000	0.0034	0.0041	0.0000	0.0014	0.0030	0.0000			
15	90	0.1190	7	0	2	0	1	0	0	0	0	N	Y	N	N	N	N	N	N	N	N	N	N	0.0000	0.0000	0.0000	0.0000	0.0000	0.0000	0.0000	0.0000	0.0000	0.0000	0.0000	0.0000	0.0000	0.0000	0.0000	0.0000	0.0000	0.0000	0.0000	0.0000	2.5826	0.0000	3.6028	0.0000	0.0000	0.0000	0.0000	0.0000	0.0000	0.0000	0.0000	0.0000	0.0000	0.0000	0.0000	0.0000	0.0000	0.0000	0.0000	0.0000	0.0000	0.0000	0.0000	0.0000	0.0000	0.0000	0.0000	0.0000	0.0000	0.0000	0.0000	0.0000	0.0000	0.0000	0.0000	0.0000	0.0000	0.0000	0.0000	0.0000	0.0000	0.0000	0.0000	0.0000	0.0000	0.0000	0.0000	0.0000	0.0000	0.0000	0.0000	0.0000	0.0000	0.0000	0.0000	0.0000	0.0000	0.0000											
15	91	0.1082	6	0	2	0	1	0	0	0	0	N	Y	N	N	N	N	N	N	N	N	N	N	0.0000	0.0000	0.0000	0.0000	0.0000	0.0000	0.0000	0.0000	0.0000	0.0000	0.0000	0.0000	0.0000	0.0000	0.0000	0.0000	0.0000	0.0000	0.0000	0.0000	2.5826	1.0000	3.6028	3.0000	0.0000	0.0000	0.0000	0.0000	0.0000	0.0000	0.0000	0.0000	0.0000	0.0000	0.0000	0.0000	0.0000	0.0000	0.0000	0.0000	0.0000	0.0000	0.0458	0.0401	0.0057	0.0070	0.0066	0.0004	0.0388	0.0335	0.0053	0.0899	0.0487	0.0412	0.0169	0.0139	0.0030	0.0730	0.0348	0.0382	0.0000	0.0000	0.0000	0.0000	0.0000	0.0000	0.0000	0.0000	0.0000	0.0000	0.0000	0.0000	0.0000	0.0000	0.0000	0.0000	0.0000	0.0000											
15	92	0.1017	4	0	2	0	0	0	0	0	0	N	Y	N	N	N	N	N	N	N	N	N	N	0.0000	0.0000	0.0000	0.0000	0.0000	0.0000	0.0000	0.0000	0.0000	0.0000	0.0000	0.0000	0.0000	0.0000	0.0000	0.0000	0.0000	0.0000	0.0000	0.0000	2.5826	0.0000	3.6028	0.0000	0.0000	0.0000	0.0000	0.0000	0.0000	0.0000	0.0000	0.0000	0.0000	0.0000	0.0000	0.0000	0.0000	0.0000	0.0000	0.0000	0.0000	0.0000	0.0000	0.0000	0.0000	0.0000	0.0000	0.0000	0.0000	0.0000	0.0000	0.0000	0.0000	0.0000	0.0000	0.0000	0.0000	0.0000	0.0000	0.0000	0.0000	0.0000	0.0000	0.0000	0.0000	0.0000	0.0000	0.0000	0.0000	0.0000	0.0000	0.0000	0.0000	0.0000	0.0000	0.0000	0.0000	0.0000											
15	93	0.1082	6	0	1	1	1	0	0	0	0	N	N	N	N	N	N	N	N	N	N	N	N	0.0000	0.0000	0.0000	0.0000	0.0000	0.0000	0.0000	0.0000	0.0000	0.0000	0.0000	0.0000	0.0000	0.0000	0.0000	0.0000	0.0000	0.0000	0.0000	0.0000	2.5826	0.0000	3.6028	0.0000	0.0000	0.0000	0.0000	0.0000	0.0000	0.0000	0.0000	0.0000	0.0000	0.0000	0.0000	0.0000	0.0000	0.0000	0.0000	0.0000	0.0000	0.0000	0.0000	0.0000	0.0000	0.0000	0.0000	0.0000	0.0000	0.0000	0.0000	0.0000	0.0000	0.0000	0.0000	0.0000	0.0000	0.0000	0.0000	0.0000	0.0000	0.0000	0.0000	0.0000	0.0000	0.0000	0.0000	0.0000	0.0000	0.0000	0.0000	0.0000	0.0000	0.0000	0.0000	0.0000	0.0000	0.0000											
15	94	0.1056	5	0	1	0	1	0	0	0	0	N	N	N	N	N	N	N	N	N	N	N	N	0.0000	0.0000	0.0000	0.0000	0.0000	0.0000	0.0000	0.0000	0.0000	0.0000	0.0000	0.0000	0.0000	0.0000	0.0001	0.0000	0.0000	0.0000	0.0000	0.0000	0.0001	0.0000	0.0000	0.0000	-0.0000	2.5826	1.0000	3.6028	0.0097	0.0000	0.0000	0.0000	0.0000	0.0000	0.0000	0.0000	0.0000	0.0000	0.0000	0.0000	0.0000	0.0000	0.0000	0.0000	0.0000	0.0000	0.0000	0.0458	0.0401	0.0057	0.0070	0.0066	0.0004	0.0388	0.0335	0.0053	0.0242	0.0130	0.0111	0.0047	0.0039	0.0008	0.0195	0.0092	0.0103	0.0000	0.0000	0.0000	0.0000	0.0000	0.0000	0.0000	0.0000	0.0000	0.0000	0.0001	0.0000	0.0000	0.0000	0.0000	0.0000	0.0001	0.0000						
15	95	0.1056	5	0	1	1	1	0	0	0	0	N	N	N	N	N	N	N	N	N	N	N	N	0.7242	0.4475	0.8937	0.7799	0.0019	0.0021	0.0000	0.0122	0.0129	0.0000	0.0000	0.0000	0.0000	0.0026	0.0048	0.0000	0.0137	0.0166	0.0000	0.0000	0.0000	0.0000	0.0000	0.0000	-0.0000	-0.0002	2.5826	2.0000	3.6028	3.0050	0.0002	0.0002	0.0000	0.0002	0.0002	0.0000	0.0000	0.0000	0.0000	0.0003	0.0003	0.0000	0.0003	0.0003	0.0000	0.0000	0.0000	0.0000	0.0904	0.0793	0.0111	0.0139	0.0131	0.0008	0.0764	0.0661	0.0103	0.1114	0.0604	0.0510	0.0212	0.0174	0.0038	0.0902	0.0429	0.0473	0.7242	0.4475	0.0000	0.8937	0.7799	0.0000	0.0000	0.0000	0.0000	0.0026	0.0048	0.0000	0.0137	0.0166	0.0000	0.0000	0.0000	0.0000					
15	96	0.1056	5	0	1	1	1	0	0	0	0	N	N	N	N	N	N	N	N	N	N	N	N	0.0000	0.0000	0.0000	0.0000	0.0000	0.0000	0.0000	0.0000	0.0000	0.0000	0.0000	0.0000	0.0000	0.0019	0.0035	0.0000	0.0100	0.0122	0.0000	0.0000	0.0000	0.0000	0.0000	0.0000	-0.0002	2.5826	0.0000	3.6028	6.9903	0.0000	0.0000	0.0000	0.0000	0.0000	0.0000	0.0000	0.0000	0.0000	0.0003	0.0003	0.0000	0.0003	0.0003	0.0000	0.0000	0.0000	0.0000	0.0000	0.0000	0.0000	0.0000	0.0000	0.0000	0.0000	0.0000	0.0000	0.1512	0.0821	0.0691	0.0290	0.0238	0.0052	0.1222	0.0583	0.0639	0.0000	0.0000	0.0000	0.0000	0.0000	0.0000	0.0000	0.0000	0.0000	0.0019	0.0035	0.0000	0.0100	0.0122	0.0000	0.0000	0.0000	0.0000						
15	97	0.1000	4	0	1	0	1	0	0	0	0	N	N	N	N	N	N	N	N	N	N	N	N	0.0000	0.0000	0.0000	0.0000	0.0000	0.0000	0.0000	0.0000	0.0000	0.0000	0.0000	0.0000	0.0000	0.0000	0.0000	0.0000	0.0000	0.0000	0.0000	0.0000	0.0000	0.0001	0.0001	0.0001	0.0000	0.0000	0.0000	0.4437	0.0000	-0.0000	2.5826	0.9999	3.6028	1.0605	0.0000	0.0000	0.0000	0.0000	0.0000	0.0000	0.0000	0.0000	0.0000	0.0000	0.0000	0.0000	0.0000	0.0000	0.0000	0.0000	0.0000	0.0000	0.0729	0.0628	0.0101	0.0158	0.0150	0.0008	0.0571	0.0478	0.0093	0.0550	0.0307	0.0242	0.0101	0.0085	0.0016	0.0449	0.0222	0.0227	0.0000	0.0000	0.0000	0.0000	0.0000	0.0000	0.0000	0.0000	0.0000	0.0000	0.0000	0.0000	0.0001	0.0001	0.0001	0.0000	0.0000	0.0000	
15	98	0.0979	3	0	1	0	1	0	0	0	0	N	N	N	N	N	N	N	N	N	N	N	N	4677.1062	3599.0502	8361.1167	2345.4344	1986.0943	2100.2524	1663.4587	2.4761	4839.3174	0.9893	0.6290	2.1796	1.4639	1.0262	2.7551	0.1812	0.0001	0.9201	0.0002	0.0002	0.0003	0.0006	0.0005	0.0013	0.0001	0.0000	0.0002	1.0488	1.1147	0.0002	0.0000	2.5826	0.0012	3.6028	1.0414	0.0006	0.0003	0.0003	0.0005	0.0003	0.0002	0.0000	0.0000	0.0000	0.0000	0.0000	0.0000	0.0000	0.0000	0.0000	0.0000	0.0000	0.0000	0.0006	0.0004	0.0001	0.0004	0.0003	0.0001	0.0002	0.0002	0.0000	0.0299	0.0171	0.0128	0.0059	0.0051	0.0008	0.0239	0.0120	0.0120	4677.1062	3599.0502	8361.1167	2345.4344	1986.0943	2100.2524	1663.4587	2.4761	4839.3174	0.0002	0.0002	0.0003	0.0006	0.0005	0.0013	0.0001	0.0000	0.0002
15	99	0.0470	2	1	2	0	0	0	0	0	0	N	Y	N	N	N	N	N	N	N	N	N	N	510.9532	6640.0591	0.7427	2441.7159	3383.9711	1.3582	21.3260	inf	0.9255	2.2355	2.4730	0.0065	4.0315	4.4168	0.0045	0.1061	0.1178	0.0085	0.0044	0.0004	0.0088	0.0017	0.0013	0.0033	0.0050	0.0000	0.0092	0.0003	21.3557	-0.0629	0.0004	2.5826	3.2042	3.6028	9.0918	0.6605	0.6603	0.0002	0.6461	0.6460	0.0001	0.0143	0.0142	0.0001	0.0009	0.0000	0.0009	0.0001	0.0000	0.0000	0.0009	0.0000	0.0009	0.2954	0.2670	0.0285	0.1603	0.1463	0.0140	0.1352	0.1207	0.0145	0.2089	0.1098	0.0991	0.0378	0.0313	0.0065	0.1711	0.0785	0.0926	510.9532	6640.0591	0.7427	2441.7159	3383.9711	1.3582	21.3260	inf	0.9255	0.0044	0.0004	0.0088	0.0017	0.0013	0.0033	0.0050	0.0000	0.0092
15	100	0.0470	2	0	2	0	0	0	0	0	0	N	Y	N	N	N	N	N	N	N	N	N	N	2.9155	1.6377	1.0137	0.8867	0.0020	0.0021	0.0000	0.0038	0.0040	0.0000	0.0000	0.0000	0.0000	0.0007	0.0013	0.0000	0.0038	0.0045	0.0000	0.0000	0.0000	0.0000	0.0000	0.0000	-0.0000	-0.0001	2.5826	0.7962	3.6028	10.9291	0.0003	0.0003	0.0000	0.0003	0.0003	0.0000	0.0000	0.0000	0.0000	0.0001	0.0001	0.0000	0.0001	0.0001	0.0000	0.0000	0.0000	0.0000	0.1323	0.1238	0.0085	0.0693	0.0659	0.0034	0.0631	0.0580	0.0051	0.1829	0.0961	0.0867	0.0333	0.0277	0.0056	0.1496	0.0685	0.0811	2.9155	1.6377	0.0000	1.0137	0.8867	0.0000	0.0000	0.0000	0.0000	0.0007	0.0013	0.0000	0.0038	0.0045	0.0000	0.0000	0.0000	0.0000					
15	101	0.1048	5	1	2	0	0	0	0	0	0	N	Y	N	N	N	N	N	N	N	N	N	N	0.0000	0.0000	0.0000	0.0000	0.0000	0.0000	0.0000	0.0000	0.0000	0.0000	0.0000	0.0000	0.0000	0.0000	0.0000	0.0000	0.0000	0.0065	0.0010	0.0131	0.0048	0.0039	0.0090	0.0068	0.0000	0.0134	11.0000	0.0000	0.0002	2.5826	0.0000	3.6028	3.0000	0.0000	0.0000	0.0000	0.0000	0.0000	0.0000	0.0000	0.0000	0.0000	0.0005	0.0000	0.0004	0.0001	0.0000	0.0000	0.0004	0.0000	0.0004	0.0000	0.0000	0.0000	0.0000	0.0000	0.0000	0.0000	0.0000	0.0000	0.0741	0.0405	0.0336	0.0125	0.0103	0.0022	0.0616	0.0302	0.0314	0.0000	0.0000	0.0000	0.0000	0.0000	0.0000	0.0000	0.0000	0.0000	0.0065	0.0010	0.0131	0.0048	0.0039	0.0090	0.0068	0.0000	0.0134		
15	102	0.1017	4	1	2	0	0	0	0	0	0	N	Y	N	N	N	N	N	N	N	N	N	N	0.0000	0.0000	0.0000	0.0000	0.0000	0.0000	0.0000	0.0000	0.0000	0.0000	0.0000	0.0000	0.0000	0.0000	0.0000	0.0000	0.0000	0.0000	0.0000	0.0000	2.5826	0.0000	3.6028	1.0000	0.0000	0.0000	0.0000	0.0000	0.0000	0.0000	0.0000	0.0000	0.0000	0.0000	0.0000	0.0000	0.0000	0.0000	0.0000	0.0000	0.0000	0.0000	0.0000	0.0000	0.0000	0.0000	0.0000	0.0000	0.0000	0.0000	0.0000	0.0259	0.0141	0.0118	0.0043	0.0036	0.0008	0.0215	0.0106	0.0110	0.0000	0.0000	0.0000	0.0000	0.0000	0.0000	0.0000	0.0000	0.0000	0.0000	0.0000	0.0000	0.0000	0.0000	0.0000	0.0000	0.0000	0.0000											
15	103	0.0979	3	0	2	0	0	0	0	0	0	N	Y	N	N	N	N	N	N	N	N	N	N	4535.7926	0.0000	8887.3082	4038.2090	0.0000	2133.2225	2039.0789	0.0000	5730.6621	0.5524	0.0000	2.2941	0.7179	0.0000	2.7702	0.2200	0.0000	1.0789	0.0001	0.0000	0.0003	0.0002	0.0000	0.0013	0.0001	0.0000	0.0002	inf	9.7550	0.0003	0.0000	2.5826	0.0006	3.6028	1.0534	0.0003	0.0000	0.0003	0.0002	0.0000	0.0002	0.0000	0.0000	0.0000	0.0000	0.0000	0.0000	0.0000	0.0000	0.0000	0.0000	0.0000	0.0000	0.0005	0.0004	0.0001	0.0003	0.0003	0.0001	0.0002	0.0001	0.0000	0.0302	0.0173	0.0129	0.0060	0.0052	0.0008	0.0242	0.0121	0.0121	4535.7926	0.0000	8887.3082	4038.2090	0.0000	2133.2225	2039.0789	0.0000	5730.6621	0.0001	0.0000	0.0003	0.0002	0.0000	0.0013	0.0001	0.0000	0.0002
15	104	0.0470	2	0	1	0	0	0	0	0	0	N	N	N	N	N	N	N	N	N	N	N	N	4132.7983	947.6927	1156751.4716	14097.3399	5233.9739	313455.5160	71.9653	9.2716	45839.0317	4.8909	2.1103	28.4135	8.8804	3.8103	55.6187	0.0940	0.0261	0.6152	0.0012	0.0022	0.0000	0.0006	0.0007	0.0002	0.0013	0.0028	0.0000	1.5917	0.0099	1.3374	-0.0002	2.5826	7.2034	3.6028	9.9858	2.5790	0.9951	1.5839	2.5565	0.9896	1.5669	0.0225	0.0055	0.0170	0.0003	0.0003	0.0000	0.0000	0.0000	0.0000	0.0003	0.0003	0.0000	0.5273	0.4715	0.0557	0.2879	0.2597	0.0282	0.2394	0.2118	0.0276	0.2723	0.1433	0.1290	0.0492	0.0404	0.0088	0.2231	0.1029	0.1203	4132.7983	947.6927	1156751.4716	14097.3399	5233.9739	313455.5160	71.9653	9.2716	45839.0317	0.0012	0.0022	0.0000	0.0006	0.0007	0.0002	0.0013	0.0028	0.0000
15	109	0.3166	6	0	1	0	0	0	0	0	0	N	N	N	N	N	N	N	N	N	N	N	N	0.0012	0.0010	0.0000	0.0119	0.0109	0.0000	0.0001	0.0001	0.0000	0.0022	0.0025	0.0000	0.0032	0.0036	0.0000	0.0004	0.0005	0.0000	1.8865	2.5412	0.2142	0.2699	0.3264	0.0500	4.8977	8.2440	0.3616	0.0000	0.0330	-0.0001	-0.7251	2.5826	7.7801	3.6028	32.2209	0.0010	0.0010	0.0000	0.0009	0.0009	0.0000	0.0001	0.0001	0.0000	1.4824	1.4351	0.0474	0.1380	0.1328	0.0052	1.3444	1.3023	0.0421	0.4472	0.3982	0.0489	0.2920	0.2633	0.0287	0.1552	0.1350	0.0202	0.7858	0.5647	0.2211	0.5113	0.4068	0.1046	0.2745	0.1580	0.1165	0.0012	0.0010	0.0000	0.0119	0.0109	0.0000	0.0001	0.0001	0.0000	1.8865	2.5412	0.2142	0.2699	0.3264	0.0500	4.8977	8.2440	0.3616
16	17	0.0720	6	0	2	0	1	0	0	0	0	N	Y	N	N	N	N	N	N	N	N	N	N	0.0000	0.0000	0.0000	0.0000	0.0000	0.0000	0.0000	0.0000	0.0000	0.0000	0.0000	0.0000	0.0000	0.0000	0.0000	0.0000	0.0000	0.0000	0.0000	0.0000	0.0000	2.2039	0.0000	8.9910	0.0000	0.0000	0.0000	0.0000	0.0000	0.0000	0.0000	0.0000	0.0000	0.0000	0.0000	0.0000	0.0000	0.0000	0.0000	0.0000	0.0000	0.0000	0.0000	0.0000	0.0000	0.0000	0.0000	0.0000	0.0000	0.0000	0.0000	0.0000	0.0000	0.0000	0.0000	0.0000	0.0000	0.0000	0.0000	0.0000	0.0000	0.0000	0.0000	0.0000	0.0000	0.0000	0.0000	0.0000	0.0000	0.0000	0.0000	0.0000	0.0000	0.0000	0.0000	0.0000	0.0000	0.0000											
16	18	0.1505	7	0	1	0	2	0	0	0	0	N	N	N	Y	N	N	N	N	N	N	N	N	0.0000	0.0000	0.0000	0.0000	0.0000	0.0000	0.0000	0.0000	0.0000	0.0000	0.0000	0.0000	0.0000	0.0000	0.0000	0.0000	0.0000	0.0000	0.0000	0.0000	0.0000	0.9969	0.0000	1.0186	0.0000	0.0000	0.0000	0.0000	0.0000	0.0000	0.0000	0.0000	0.0000	0.0000	0.0000	0.0000	0.0000	0.0000	0.0000	0.0000	0.0000	0.0000	0.0000	0.0000	0.0000	0.0000	0.0000	0.0000	0.0000	0.0000	0.0000	0.0000	0.0000	0.0000	0.0000	0.0000	0.0000	0.0000	0.0000	0.0000	0.0000	0.0000	0.0000	0.0000	0.0000	0.0000	0.0000	0.0000	0.0000	0.0000	0.0000	0.0000	0.0000	0.0000	0.0000	0.0000	0.0000	0.0000											
16	19	0.0922	7	1	1	1	1	0	0	0	0	N	N	N	N	N	N	N	N	N	N	N	N	0.0000	0.0000	0.0000	0.0000	0.0000	0.0000	0.0000	0.0000	0.0000	0.0000	0.0000	0.0000	0.0000	0.0000	0.0000	0.0000	0.0000	0.0000	0.0000	0.0000	0.0000	0.3962	0.0000	2.0067	0.0000	0.0000	0.0000	0.0000	0.0000	0.0000	0.0000	0.0000	0.0000	0.0000	0.0000	0.0000	0.0000	0.0000	0.0000	0.0000	0.0000	0.0000	0.0000	0.0000	0.0000	0.0000	0.0000	0.0000	0.0000	0.0000	0.0000	0.0000	0.0000	0.0000	0.0000	0.0000	0.0000	0.0000	0.0000	0.0000	0.0000	0.0000	0.0000	0.0000	0.0000	0.0000	0.0000	0.0000	0.0000	0.0000	0.0000	0.0000	0.0000	0.0000	0.0000	0.0000	0.0000	0.0000											
16	20	0.1216	9	0	2	0	1	0	0	0	0	N	Y	N	N	N	N	N	N	N	N	N	N	0.0000	0.0000	0.0000	0.0000	0.0000	0.0000	0.0000	0.0000	0.0000	0.0000	0.0000	0.0000	0.0000	0.0000	0.0000	0.0000	0.0000	0.0000	0.0000	0.0000	0.0000	0.0000	0.0000	3.0021	0.0000	0.0000	0.0000	0.0000	0.0000	0.0000	0.0000	0.0000	0.0000	0.0000	0.0000	0.0000	0.0000	0.0000	0.0000	0.0000	0.0000	0.0000	0.0000	0.0000	0.0000	0.0000	0.0000	0.0000	0.0000	0.0000	0.0000	0.0000	0.0000	0.0000	0.0000	0.0000	0.0000	0.0000	0.0000	0.0000	0.0000	0.0000	0.0000	0.0000	0.0000	0.0000	0.0000	0.0000	0.0000	0.0000	0.0000	0.0000	0.0000	0.0000	0.0000	0.0000	0.0000	0.0000											
16	21	0.0720	6	0	2	0	1	0	0	0	0	N	Y	N	N	N	N	N	N	N	N	N	N	0.0000	0.0000	0.0000	0.0000	0.0000	0.0000	0.0000	0.0000	0.0000	0.0000	0.0000	0.0000	0.0000	0.0000	0.0000	0.0000	0.0000	0.0000	0.0000	0.0000	0.0000	9.2038	0.0000	12.0710	0.0000	0.0000	0.0000	0.0000	0.0000	0.0000	0.0000	0.0000	0.0000	0.0000	0.0000	0.0000	0.0000	0.0000	0.0000	0.0000	0.0000	0.0000	0.0000	0.0000	0.0000	0.0000	0.0000	0.0000	0.0000	0.0000	0.0000	0.0000	0.0000	0.0000	0.0000	0.0000	0.0000	0.0000	0.0000	0.0000	0.0000	0.0000	0.0000	0.0000	0.0000	0.0000	0.0000	0.0000	0.0000	0.0000	0.0000	0.0000	0.0000	0.0000	0.0000	0.0000	0.0000	0.0000											
16	22	0.0720	6	1	2	0	1	0	0	0	0	N	Y	N	N	N	N	N	N	N	N	N	N	0.0000	0.0000	0.0000	0.0000	0.0000	0.0000	0.0000	0.0000	0.0000	0.0000	0.0000	0.0000	0.0000	0.0000	0.0000	0.0000	0.0000	0.0000	0.0000	0.0000	0.0000	12.2045	0.0000	6.9907	0.0000	0.0000	0.0000	0.0000	0.0000	0.0000	0.0000	0.0000	0.0000	0.0000	0.0000	0.0000	0.0000	0.0000	0.0000	0.0000	0.0000	0.0000	0.0000	0.0000	0.0000	0.0000	0.0000	0.0000	0.0000	0.0000	0.0000	0.0000	0.0000	0.0000	0.0000	0.0000	0.0000	0.0000	0.0000	0.0000	0.0000	0.0000	0.0000	0.0000	0.0000	0.0000	0.0000	0.0000	0.0000	0.0000	0.0000	0.0000	0.0000	0.0000	0.0000	0.0000	0.0000	0.0000											
16	23	0.1162	8	0	2	0	1	0	0	0	0	N	Y	N	N	N	N	N	N	N	N	N	N	0.0000	0.0000	0.0000	0.0000	0.0000	0.0000	0.0000	0.0000	0.0000	0.0000	0.0000	0.0000	0.0000	0.0000	0.0000	0.0000	0.0000	0.0000	0.0000	0.0000	0.0000	0.0000	0.0000	4.0676	0.0000	0.0000	0.0000	0.0000	0.0000	0.0000	0.0000	0.0000	0.0000	0.0000	0.0000	0.0000	0.0000	0.0000	0.0000	0.0000	0.0000	0.0000	0.0000	0.0000	0.0000	0.0000	0.0000	0.0000	0.0000	0.0000	0.0000	0.0000	0.0000	0.0000	0.0000	0.0000	0.0000	0.0000	0.0000	0.0000	0.0000	0.0000	0.0000	0.0000	0.0000	0.0000	0.0000	0.0000	0.0000	0.0000	0.0000	0.0000	0.0000	0.0000	0.0000	0.0000	0.0000	0.0000											
16	24	0.0720	6	1	2	0	1	0	0	0	0	N	Y	N	N	N	N	N	N	N	N	N	N	0.0000	0.0000	0.0000	0.0000	0.0000	0.0000	0.0000	0.0000	0.0000	0.0000	0.0000	0.0000	0.0000	0.0000	0.0000	0.0000	0.0000	0.0000	0.0000	0.0000	0.0000	8.3046	0.0000	21.0710	0.0000	0.0000	0.0000	0.0000	0.0000	0.0000	0.0000	0.0000	0.0000	0.0000	0.0000	0.0000	0.0000	0.0000	0.0000	0.0000	0.0000	0.0000	0.0000	0.0000	0.0000	0.0000	0.0000	0.0000	0.0000	0.0000	0.0000	0.0000	0.0000	0.0000	0.0000	0.0000	0.0000	0.0000	0.0000	0.0000	0.0000	0.0000	0.0000	0.0000	0.0000	0.0000	0.0000	0.0000	0.0000	0.0000	0.0000	0.0000	0.0000	0.0000	0.0000	0.0000	0.0000	0.0000											
16	25	0.0901	7	0	2	0	1	0	0	0	0	N	Y	N	N	N	N	N	N	N	N	N	N	0.0000	0.0000	0.0000	0.0000	0.0000	0.0000	0.0000	0.0000	0.0000	0.0000	0.0000	0.0000	0.0000	0.0000	0.0000	0.0000	0.0000	0.0000	0.0000	0.0000	0.0000	1.0335	0.0000	7.4537	0.0000	0.0000	0.0000	0.0000	0.0000	0.0000	0.0000	0.0000	0.0000	0.0000	0.0000	0.0000	0.0000	0.0000	0.0000	0.0000	0.0000	0.0000	0.0000	0.0000	0.0000	0.0000	0.0000	0.0000	0.0000	0.0000	0.0000	0.0000	0.0000	0.0000	0.0000	0.0000	0.0000	0.0000	0.0000	0.0000	0.0000	0.0000	0.0000	0.0000	0.0000	0.0000	0.0000	0.0000	0.0000	0.0000	0.0000	0.0000	0.0000	0.0000	0.0000	0.0000	0.0000	0.0000											
16	26	0.0720	6	0	2	0	1	0	0	0	0	N	Y	N	N	N	N	N	N	N	N	N	N	0.0000	0.0000	0.0000	0.0000	0.0000	0.0000	0.0000	0.0000	0.0000	0.0000	0.0000	0.0000	0.0000	0.0000	0.0000	0.0000	0.0000	0.0000	0.0000	0.0000	0.0000	7.2039	0.0000	4.9911	0.0000	0.0000	0.0000	0.0000	0.0000	0.0000	0.0000	0.0000	0.0000	0.0000	0.0000	0.0000	0.0000	0.0000	0.0000	0.0000	0.0000	0.0000	0.0000	0.0000	0.0000	0.0000	0.0000	0.0000	0.0000	0.0000	0.0000	0.0000	0.0000	0.0000	0.0000	0.0000	0.0000	0.0000	0.0000	0.0000	0.0000	0.0000	0.0000	0.0000	0.0000	0.0000	0.0000	0.0000	0.0000	0.0000	0.0000	0.0000	0.0000	0.0000	0.0000	0.0000	0.0000	0.0000											
16	27	0.1626	7	0	2	1	2	0	0	0	0	N	Y	N	Y	N	N	N	N	N	N	N	N	0.0000	0.0000	0.0000	0.0000	0.0000	0.0000	0.0000	0.0000	0.0000	0.0000	0.0000	0.0000	0.0000	0.0000	0.0000	0.0000	0.0000	0.0000	0.0000	0.0000	0.0000	1.9923	0.0000	5.5017	0.0000	0.0000	0.0000	0.0000	0.0000	0.0000	0.0000	0.0000	0.0000	0.0000	0.0000	0.0000	0.0000	0.0000	0.0000	0.0000	0.0000	0.0000	0.0000	0.0000	0.0000	0.0000	0.0000	0.0000	0.0000	0.0000	0.0000	0.0000	0.0000	0.0000	0.0000	0.0000	0.0000	0.0000	0.0000	0.0000	0.0000	0.0000	0.0000	0.0000	0.0000	0.0000	0.0000	0.0000	0.0000	0.0000	0.0000	0.0000	0.0000	0.0000	0.0000	0.0000	0.0000	0.0000											
16	28	0.0720	6	0	2	0	1	0	0	0	0	N	Y	N	N	N	N	N	N	N	N	N	N	0.0000	0.0000	0.0000	0.0000	0.0000	0.0000	0.0000	0.0000	0.0000	0.0000	0.0000	0.0000	0.0000	0.0000	0.0000	0.0000	0.0000	0.0000	0.0000	0.0000	0.0000	1.7961	0.0000	15.9291	0.0000	0.0000	0.0000	0.0000	0.0000	0.0000	0.0000	0.0000	0.0000	0.0000	0.0000	0.0000	0.0000	0.0000	0.0000	0.0000	0.0000	0.0000	0.0000	0.0000	0.0000	0.0000	0.0000	0.0000	0.0000	0.0000	0.0000	0.0000	0.0000	0.0000	0.0000	0.0000	0.0000	0.0000	0.0000	0.0000	0.0000	0.0000	0.0000	0.0000	0.0000	0.0000	0.0000	0.0000	0.0000	0.0000	0.0000	0.0000	0.0000	0.0000	0.0000	0.0000	0.0000	0.0000											
16	29	0.0279	7	1	2	0	1	0	0	0	0	N	Y	N	N	N	N	N	N	N	N	N	N	0.0000	0.0000	0.0000	0.0000	0.0000	0.0000	0.0000	0.0000	0.0000	0.0000	0.0000	0.0000	0.0000	0.0000	0.0000	0.0000	0.0000	0.0000	0.0000	0.0000	0.0000	0.0000	0.0000	0.0000	0.0000	0.0000	0.0000	0.0000	0.0000	0.0000	0.0000	0.0000	0.0000	0.0000	0.0000	0.0000	0.0000	0.0000	0.0000	0.0000	0.0000	0.0000	0.0000	0.0000	0.0000	0.0000	0.0000	0.0000	0.0000	0.0000	0.0000	0.0000	0.0000	0.0000	0.0000	0.0000	0.0000	0.0000	0.0000	0.0000	0.0000	0.0000	0.0000	0.0000	0.0000	0.0000	0.0000	0.0000	0.0000	0.0000	0.0000	0.0000	0.0000	0.0000	0.0000	0.0000	0.0000	0.0000											
16	30	0.0720	6	0	2	0	2	0	0	0	0	N	Y	N	Y	N	N	N	N	N	N	N	N	0.0000	0.0000	0.0000	0.0000	0.0000	0.0000	0.0000	0.0000	0.0000	0.0000	0.0000	0.0000	0.0000	0.0000	0.0000	0.0000	0.0000	0.0000	0.0000	0.0000	0.0000	0.0000	0.0000	19.0400	0.0000	0.0000	0.0000	0.0000	0.0000	0.0000	0.0000	0.0000	0.0000	0.0000	0.0000	0.0000	0.0000	0.0000	0.0000	0.0000	0.0000	0.0000	0.0000	0.0000	0.0000	0.0000	0.0000	0.0000	0.0000	0.0000	0.0000	0.0000	0.0000	0.0000	0.0000	0.0000	0.0000	0.0000	0.0000	0.0000	0.0000	0.0000	0.0000	0.0000	0.0000	0.0000	0.0000	0.0000	0.0000	0.0000	0.0000	0.0000	0.0000	0.0000	0.0000	0.0000	0.0000	0.0000											
16	31	0.0720	6	1	2	0	1	0	0	0	0	N	Y	N	N	N	N	N	N	N	N	N	N	0.0000	0.0000	0.0000	0.0000	0.0000	0.0000	0.0000	0.0000	0.0000	0.0000	0.0000	0.0000	0.0000	0.0000	0.0000	0.0000	0.0000	0.0000	0.0000	0.0000	0.0000	6.7961	0.0000	16.0091	0.0000	0.0000	0.0000	0.0000	0.0000	0.0000	0.0000	0.0000	0.0000	0.0000	0.0000	0.0000	0.0000	0.0000	0.0000	0.0000	0.0000	0.0000	0.0000	0.0000	0.0000	0.0000	0.0000	0.0000	0.0000	0.0000	0.0000	0.0000	0.0000	0.0000	0.0000	0.0000	0.0000	0.0000	0.0000	0.0000	0.0000	0.0000	0.0000	0.0000	0.0000	0.0000	0.0000	0.0000	0.0000	0.0000	0.0000	0.0000	0.0000	0.0000	0.0000	0.0000	0.0000	0.0000											
16	32	0.4969	13	0	1	1	1	0	0	0	0	N	N	N	N	N	N	N	N	N	N	N	N	0.0000	0.0000	0.0000	0.0000	0.0000	0.0000	0.0000	0.0000	0.0000	0.0000	0.0000	0.0000	0.0000	0.0000	0.0000	0.0000	0.0000	0.0000	0.0000	0.0000	0.0000	2.4598	0.0000	7.4321	0.0000	0.0000	0.0000	0.0000	0.0000	0.0000	0.0000	0.0000	0.0000	0.0000	0.0000	0.0000	0.0000	0.0000	0.0000	0.0000	0.0000	0.0000	0.0000	0.0000	0.0000	0.0000	0.0000	0.0000	0.0000	0.0000	0.0000	0.0000	0.0000	0.0000	0.0000	0.0000	0.0000	0.0000	0.0000	0.0000	0.0000	0.0000	0.0000	0.0000	0.0000	0.0000	0.0000	0.0000	0.0000	0.0000	0.0000	0.0000	0.0000	0.0000	0.0000	0.0000	0.0000	0.0000											
16	33	0.4587	12	0	1	0	1	0	0	0	0	N	N	N	N	N	N	N	N	N	N	N	N	0.0000	0.0000	0.0000	0.0000	0.0000	0.0000	0.0000	0.0000	0.0000	0.0000	0.0000	0.0000	0.0000	0.0000	0.0000	0.0000	0.0000	0.0000	0.0000	0.0000	0.0000	2.7943	0.0000	8.2643	0.0000	0.0000	0.0000	0.0000	0.0000	0.0000	0.0000	0.0000	0.0000	0.0000	0.0000	0.0000	0.0000	0.0000	0.0000	0.0000	0.0000	0.0000	0.0000	0.0000	0.0000	0.0000	0.0000	0.0000	0.0000	0.0000	0.0000	0.0000	0.0000	0.0000	0.0000	0.0000	0.0000	0.0000	0.0000	0.0000	0.0000	0.0000	0.0000	0.0000	0.0000	0.0000	0.0000	0.0000	0.0000	0.0000	0.0000	0.0000	0.0000	0.0000	0.0000	0.0000	0.0000	0.0000											
16	34	0.1275	7	0	2	0	1	0	0	0	0	N	Y	N	N	N	N	N	N	N	N	N	N	0.0000	0.0000	0.0000	0.0000	0.0000	0.0000	0.0000	0.0000	0.0000	0.0000	0.0000	0.0000	0.0000	0.0000	0.0000	0.0000	0.0000	0.0000	0.0000	0.0000	0.0000	0.0009	0.0000	2.4415	0.0000	0.0000	0.0000	0.0000	0.0000	0.0000	0.0000	0.0000	0.0000	0.0000	0.0000	0.0000	0.0000	0.0000	0.0000	0.0000	0.0000	0.0000	0.0000	0.0000	0.0000	0.0000	0.0000	0.0000	0.0000	0.0000	0.0000	0.0000	0.0000	0.0000	0.0000	0.0000	0.0000	0.0000	0.0000	0.0000	0.0000	0.0000	0.0000	0.0000	0.0000	0.0000	0.0000	0.0000	0.0000	0.0000	0.0000	0.0000	0.0000	0.0000	0.0000	0.0000	0.0000	0.0000											
16	35	0.0720	6	1	1	1	1	0	0	0	0	N	N	N	N	N	N	N	N	N	N	N	N	0.0000	0.0000	0.0000	0.0000	0.0000	0.0000	0.0000	0.0000	0.0000	0.0000	0.0000	0.0000	0.0000	0.0000	0.0000	0.0000	0.0000	0.0000	0.0000	0.0000	0.0000	0.0000	0.0000	5.9600	0.0000	0.0000	0.0000	0.0000	0.0000	0.0000	0.0000	0.0000	0.0000	0.0000	0.0000	0.0000	0.0000	0.0000	0.0000	0.0000	0.0000	0.0000	0.0000	0.0000	0.0000	0.0000	0.0000	0.0000	0.0000	0.0000	0.0000	0.0000	0.0000	0.0000	0.0000	0.0000	0.0000	0.0000	0.0000	0.0000	0.0000	0.0000	0.0000	0.0000	0.0000	0.0000	0.0000	0.0000	0.0000	0.0000	0.0000	0.0000	0.0000	0.0000	0.0000	0.0000	0.0000	0.0000											
16	36	0.1626	7	0	2	0	1	0	0	0	0	N	Y	N	N	N	N	N	N	N	N	N	N	0.0000	0.0000	0.0000	0.0000	0.0000	0.0000	0.0000	0.0000	0.0000	0.0000	0.0000	0.0000	0.0000	0.0000	0.0000	0.0000	0.0000	0.0000	0.0000	0.0000	0.0000	0.0123	0.0000	6.2120	0.0000	0.0000	0.0000	0.0000	0.0000	0.0000	0.0000	0.0000	0.0000	0.0000	0.0000	0.0000	0.0000	0.0000	0.0000	0.0000	0.0000	0.0000	0.0000	0.0000	0.0000	0.0000	0.0000	0.0000	0.0000	0.0000	0.0000	0.0000	0.0000	0.0000	0.0000	0.0000	0.0000	0.0000	0.0000	0.0000	0.0000	0.0000	0.0000	0.0000	0.0000	0.0000	0.0000	0.0000	0.0000	0.0000	0.0000	0.0000	0.0000	0.0000	0.0000	0.0000	0.0000	0.0000											
16	37	0.0720	6	0	2	0	1	0	0	0	0	N	Y	N	N	N	N	N	N	N	N	N	N	0.0000	0.0000	0.0000	0.0000	0.0000	0.0000	0.0000	0.0000	0.0000	0.0000	0.0000	0.0000	0.0000	0.0000	0.0000	0.0000	0.0000	0.0000	0.0000	0.0000	0.0000	8.2035	0.0000	18.5835	0.0000	0.0000	0.0000	0.0000	0.0000	0.0000	0.0000	0.0000	0.0000	0.0000	0.0000	0.0000	0.0000	0.0000	0.0000	0.0000	0.0000	0.0000	0.0000	0.0000	0.0000	0.0000	0.0000	0.0000	0.0000	0.0000	0.0000	0.0000	0.0000	0.0000	0.0000	0.0000	0.0000	0.0000	0.0000	0.0000	0.0000	0.0000	0.0000	0.0000	0.0000	0.0000	0.0000	0.0000	0.0000	0.0000	0.0000	0.0000	0.0000	0.0000	0.0000	0.0000	0.0000	0.0000											
16	38	0.0720	6	0	2	0	2	0	0	0	0	N	Y	N	Y	N	N	N	N	N	N	N	N	0.0000	0.0000	0.0000	0.0000	0.0000	0.0000	0.0000	0.0000	0.0000	0.0000	0.0000	0.0000	0.0000	0.0000	0.0000	0.0000	0.0000	0.0000	0.0000	0.0000	0.0000	10.2042	0.0000	23.0710	0.0000	0.0000	0.0000	0.0000	0.0000	0.0000	0.0000	0.0000	0.0000	0.0000	0.0000	0.0000	0.0000	0.0000	0.0000	0.0000	0.0000	0.0000	0.0000	0.0000	0.0000	0.0000	0.0000	0.0000	0.0000	0.0000	0.0000	0.0000	0.0000	0.0000	0.0000	0.0000	0.0000	0.0000	0.0000	0.0000	0.0000	0.0000	0.0000	0.0000	0.0000	0.0000	0.0000	0.0000	0.0000	0.0000	0.0000	0.0000	0.0000	0.0000	0.0000	0.0000	0.0000	0.0000											
16	39	0.0720	6	1	1	1	1	0	0	0	0	N	N	N	N	N	N	N	N	N	N	N	N	0.0000	0.0000	0.0000	0.0000	0.0000	0.0000	0.0000	0.0000	0.0000	0.0000	0.0000	0.0000	0.0000	0.0000	0.0000	0.0000	0.0000	0.0000	0.0000	0.0000	0.0000	0.0000	0.0000	1.9600	0.0000	0.0000	0.0000	0.0000	0.0000	0.0000	0.0000	0.0000	0.0000	0.0000	0.0000	0.0000	0.0000	0.0000	0.0000	0.0000	0.0000	0.0000	0.0000	0.0000	0.0000	0.0000	0.0000	0.0000	0.0000	0.0000	0.0000	0.0000	0.0000	0.0000	0.0000	0.0000	0.0000	0.0000	0.0000	0.0000	0.0000	0.0000	0.0000	0.0000	0.0000	0.0000	0.0000	0.0000	0.0000	0.0000	0.0000	0.0000	0.0000	0.0000	0.0000	0.0000	0.0000	0.0000											
16	40	0.1275	7	0	1	1	1	0	0	0	0	N	N	N	N	N	N	N	N	N	N	N	N	0.0000	0.0000	0.0000	0.0000	0.0000	0.0000	0.0000	0.0000	0.0000	0.0000	0.0000	0.0000	0.0000	0.0000	0.0000	0.0000	0.0000	0.0000	0.0000	0.0000	0.0000	0.0009	0.0000	7.7842	0.0000	0.0000	0.0000	0.0000	0.0000	0.0000	0.0000	0.0000	0.0000	0.0000	0.0000	0.0000	0.0000	0.0000	0.0000	0.0000	0.0000	0.0000	0.0000	0.0000	0.0000	0.0000	0.0000	0.0000	0.0000	0.0000	0.0000	0.0000	0.0000	0.0000	0.0000	0.0000	0.0000	0.0000	0.0000	0.0000	0.0000	0.0000	0.0000	0.0000	0.0000	0.0000	0.0000	0.0000	0.0000	0.0000	0.0000	0.0000	0.0000	0.0000	0.0000	0.0000	0.0000	0.0000											
16	41	0.0720	6	0	1	0	1	0	0	0	0	N	N	N	N	N	N	N	N	N	N	N	N	0.0000	0.0000	0.0000	0.0000	0.0000	0.0000	0.0000	0.0000	0.0000	0.0000	0.0000	0.0000	0.0000	0.0000	0.0000	0.0000	0.0000	0.0000	0.0000	0.0000	0.0000	1.7959	0.0000	20.1034	0.0000	0.0000	0.0000	0.0000	0.0000	0.0000	0.0000	0.0000	0.0000	0.0000	0.0000	0.0000	0.0000	0.0000	0.0000	0.0000	0.0000	0.0000	0.0000	0.0000	0.0000	0.0000	0.0000	0.0000	0.0000	0.0000	0.0000	0.0000	0.0000	0.0000	0.0000	0.0000	0.0000	0.0000	0.0000	0.0000	0.0000	0.0000	0.0000	0.0000	0.0000	0.0000	0.0000	0.0000	0.0000	0.0000	0.0000	0.0000	0.0000	0.0000	0.0000	0.0000	0.0000	0.0000											
16	42	0.1420	7	0	2	0	1	0	0	0	0	N	Y	N	N	N	N	N	N	N	N	N	N	0.0000	0.0000	0.0000	0.0000	0.0000	0.0000	0.0000	0.0000	0.0000	0.0000	0.0000	0.0000	0.0000	0.0000	0.0000	0.0000	0.0000	0.0000	0.0000	0.0000	0.0000	0.0003	0.0000	0.0002	0.0000	0.0000	0.0000	0.0000	0.0000	0.0000	0.0000	0.0000	0.0000	0.0000	0.0000	0.0000	0.0000	0.0000	0.0000	0.0000	0.0000	0.0000	0.0000	0.0000	0.0000	0.0000	0.0000	0.0000	0.0000	0.0000	0.0000	0.0000	0.0000	0.0000	0.0000	0.0000	0.0000	0.0000	0.0000	0.0000	0.0000	0.0000	0.0000	0.0000	0.0000	0.0000	0.0000	0.0000	0.0000	0.0000	0.0000	0.0000	0.0000	0.0000	0.0000	0.0000	0.0000	0.0000											
16	43	0.0980	7	1	2	1	1	0	0	0	0	N	Y	N	N	N	N	N	N	N	N	N	N	0.0000	0.0000	0.0000	0.0000	0.0000	0.0000	0.0000	0.0000	0.0000	0.0000	0.0000	0.0000	0.0000	0.0000	0.0000	0.0000	0.0000	0.0000	0.0000	0.0000	0.0000	0.0000	0.0000	2.0000	0.0000	0.0000	0.0000	0.0000	0.0000	0.0000	0.0000	0.0000	0.0000	0.0000	0.0000	0.0000	0.0000	0.0000	0.0000	0.0000	0.0000	0.0000	0.0000	0.0000	0.0000	0.0000	0.0000	0.0000	0.0000	0.0000	0.0000	0.0000	0.0000	0.0000	0.0000	0.0000	0.0000	0.0000	0.0000	0.0000	0.0000	0.0000	0.0000	0.0000	0.0000	0.0000	0.0000	0.0000	0.0000	0.0000	0.0000	0.0000	0.0000	0.0000	0.0000	0.0000	0.0000	0.0000											
16	44	0.0980	7	1	2	1	1	0	0	0	0	N	Y	N	N	N	N	N	N	N	N	N	N	0.0000	0.0000	0.0000	0.0000	0.0000	0.0000	0.0000	0.0000	0.0000	0.0000	0.0000	0.0000	0.0000	0.0000	0.0000	0.0000	0.0000	0.0000	0.0000	0.0000	0.0000	0.0000	0.0000	0.0000	0.0000	0.0000	0.0000	0.0000	0.0000	0.0000	0.0000	0.0000	0.0000	0.0000	0.0000	0.0000	0.0000	0.0000	0.0000	0.0000	0.0000	0.0000	0.0000	0.0000	0.0000	0.0000	0.0000	0.0000	0.0000	0.0000	0.0000	0.0000	0.0000	0.0000	0.0000	0.0000	0.0000	0.0000	0.0000	0.0000	0.0000	0.0000	0.0000	0.0000	0.0000	0.0000	0.0000	0.0000	0.0000	0.0000	0.0000	0.0000	0.0000	0.0000	0.0000	0.0000	0.0000	0.0000											
16	45	0.0720	6	1	2	1	1	0	0	0	0	N	Y	N	N	N	N	N	N	N	N	N	N	0.0000	0.0000	0.0000	0.0000	0.0000	0.0000	0.0000	0.0000	0.0000	0.0000	0.0000	0.0000	0.0000	0.0000	0.0000	0.0000	0.0000	0.0000	0.0000	0.0000	0.0000	0.7962	0.0000	7.9291	0.0000	0.0000	0.0000	0.0000	0.0000	0.0000	0.0000	0.0000	0.0000	0.0000	0.0000	0.0000	0.0000	0.0000	0.0000	0.0000	0.0000	0.0000	0.0000	0.0000	0.0000	0.0000	0.0000	0.0000	0.0000	0.0000	0.0000	0.0000	0.0000	0.0000	0.0000	0.0000	0.0000	0.0000	0.0000	0.0000	0.0000	0.0000	0.0000	0.0000	0.0000	0.0000	0.0000	0.0000	0.0000	0.0000	0.0000	0.0000	0.0000	0.0000	0.0000	0.0000	0.0000	0.0000											
16	46	0.0720	6	1	2	0	1	0	0	0	0	N	Y	N	N	N	N	N	N	N	N	N	N	0.0000	0.0000	0.0000	0.0000	0.0000	0.0000	0.0000	0.0000	0.0000	0.0000	0.0000	0.0000	0.0000	0.0000	0.0000	0.0000	0.0000	0.0000	0.0000	0.0000	0.0000	0.7962	0.0000	12.9291	0.0000	0.0000	0.0000	0.0000	0.0000	0.0000	0.0000	0.0000	0.0000	0.0000	0.0000	0.0000	0.0000	0.0000	0.0000	0.0000	0.0000	0.0000	0.0000	0.0000	0.0000	0.0000	0.0000	0.0000	0.0000	0.0000	0.0000	0.0000	0.0000	0.0000	0.0000	0.0000	0.0000	0.0000	0.0000	0.0000	0.0000	0.0000	0.0000	0.0000	0.0000	0.0000	0.0000	0.0000	0.0000	0.0000	0.0000	0.0000	0.0000	0.0000	0.0000	0.0000	0.0000	0.0000											
16	47	0.0720	6	0	2	0	2	0	0	0	0	N	Y	N	Y	N	N	N	N	N	N	N	N	0.0000	0.0000	0.0000	0.0000	0.0000	0.0000	0.0000	0.0000	0.0000	0.0000	0.0000	0.0000	0.0000	0.0000	0.0000	0.0000	0.0000	0.0000	0.0000	0.0000	0.0000	9.0000	0.0000	15.0400	0.0000	0.0000	0.0000	0.0000	0.0000	0.0000	0.0000	0.0000	0.0000	0.0000	0.0000	0.0000	0.0000	0.0000	0.0000	0.0000	0.0000	0.0000	0.0000	0.0000	0.0000	0.0000	0.0000	0.0000	0.0000	0.0000	0.0000	0.0000	0.0000	0.0000	0.0000	0.0000	0.0000	0.0000	0.0000	0.0000	0.0000	0.0000	0.0000	0.0000	0.0000	0.0000	0.0000	0.0000	0.0000	0.0000	0.0000	0.0000	0.0000	0.0000	0.0000	0.0000	0.0000	0.0000											
16	48	0.1505	7	0	1	0	2	0	0	0	0	N	N	N	Y	N	N	N	N	N	N	N	N	0.0000	0.0000	0.0000	0.0000	0.0000	0.0000	0.0000	0.0000	0.0000	0.0000	0.0000	0.0000	0.0000	0.0000	0.0000	0.0000	0.0000	0.0000	0.0000	0.0000	0.0000	0.0037	0.0000	3.0208	0.0000	0.0000	0.0000	0.0000	0.0000	0.0000	0.0000	0.0000	0.0000	0.0000	0.0000	0.0000	0.0000	0.0000	0.0000	0.0000	0.0000	0.0000	0.0000	0.0000	0.0000	0.0000	0.0000	0.0000	0.0000	0.0000	0.0000	0.0000	0.0000	0.0000	0.0000	0.0000	0.0000	0.0000	0.0000	0.0000	0.0000	0.0000	0.0000	0.0000	0.0000	0.0000	0.0000	0.0000	0.0000	0.0000	0.0000	0.0000	0.0000	0.0000	0.0000	0.0000	0.0000	0.0000											
16	49	0.0720	6	0	1	0	2	0	0	0	0	N	N	N	Y	N	N	N	N	N	N	N	N	0.0000	0.0000	0.0000	0.0000	0.0000	0.0000	0.0000	0.0000	0.0000	0.0000	0.0000	0.0000	0.0000	0.0000	0.0000	0.0000	0.0000	0.0000	0.0000	0.0000	0.0000	4.7960	0.0000	23.0471	0.0000	0.0000	0.0000	0.0000	0.0000	0.0000	0.0000	0.0000	0.0000	0.0000	0.0000	0.0000	0.0000	0.0000	0.0000	0.0000	0.0000	0.0000	0.0000	0.0000	0.0000	0.0000	0.0000	0.0000	0.0000	0.0000	0.0000	0.0000	0.0000	0.0000	0.0000	0.0000	0.0000	0.0000	0.0000	0.0000	0.0000	0.0000	0.0000	0.0000	0.0000	0.0000	0.0000	0.0000	0.0000	0.0000	0.0000	0.0000	0.0000	0.0000	0.0000	0.0000	0.0000	0.0000											
16	50	0.1069	7	0	2	1	1	0	0	0	0	N	Y	N	N	N	N	N	N	N	N	N	N	0.0000	0.0000	0.0000	0.0000	0.0000	0.0000	0.0000	0.0000	0.0000	0.0000	0.0000	0.0000	0.0000	0.0000	0.0000	0.0000	0.0000	0.0000	0.0000	0.0000	0.0000	1.4428	0.0000	0.4686	0.0000	0.0000	0.0000	0.0000	0.0000	0.0000	0.0000	0.0000	0.0000	0.0000	0.0000	0.0000	0.0000	0.0000	0.0000	0.0000	0.0000	0.0000	0.0000	0.0000	0.0000	0.0000	0.0000	0.0000	0.0000	0.0000	0.0000	0.0000	0.0000	0.0000	0.0000	0.0000	0.0000	0.0000	0.0000	0.0000	0.0000	0.0000	0.0000	0.0000	0.0000	0.0000	0.0000	0.0000	0.0000	0.0000	0.0000	0.0000	0.0000	0.0000	0.0000	0.0000	0.0000	0.0000											
16	51	0.0720	6	0	2	0	1	0	0	0	0	N	Y	N	N	N	N	N	N	N	N	N	N	0.0000	0.0000	0.0000	0.0000	0.0000	0.0000	0.0000	0.0000	0.0000	0.0000	0.0000	0.0000	0.0000	0.0000	0.0000	0.0000	0.0000	0.0000	0.0000	0.0000	0.0000	7.1845	0.0000	8.0722	0.0000	0.0000	0.0000	0.0000	0.0000	0.0000	0.0000	0.0000	0.0000	0.0000	0.0000	0.0000	0.0000	0.0000	0.0000	0.0000	0.0000	0.0000	0.0000	0.0000	0.0000	0.0000	0.0000	0.0000	0.0000	0.0000	0.0000	0.0000	0.0000	0.0000	0.0000	0.0000	0.0000	0.0000	0.0000	0.0000	0.0000	0.0000	0.0000	0.0000	0.0000	0.0000	0.0000	0.0000	0.0000	0.0000	0.0000	0.0000	0.0000	0.0000	0.0000	0.0000	0.0000	0.0000											
16	52	0.0946	7	1	1	1	1	0	0	0	0	N	N	N	N	N	N	N	N	N	N	N	N	0.0000	0.0000	0.0000	0.0000	0.0000	0.0000	0.0000	0.0000	0.0000	0.0000	0.0000	0.0000	0.0000	0.0000	0.0000	0.0000	0.0000	0.0000	0.0000	0.0000	0.0000	0.9976	0.0000	4.7732	0.0000	0.0000	0.0000	0.0000	0.0000	0.0000	0.0000	0.0000	0.0000	0.0000	0.0000	0.0000	0.0000	0.0000	0.0000	0.0000	0.0000	0.0000	0.0000	0.0000	0.0000	0.0000	0.0000	0.0000	0.0000	0.0000	0.0000	0.0000	0.0000	0.0000	0.0000	0.0000	0.0000	0.0000	0.0000	0.0000	0.0000	0.0000	0.0000	0.0000	0.0000	0.0000	0.0000	0.0000	0.0000	0.0000	0.0000	0.0000	0.0000	0.0000	0.0000	0.0000	0.0000	0.0000											
16	53	0.0720	6	1	1	0	1	0	0	0	0	N	N	N	N	N	N	N	N	N	N	N	N	0.0000	0.0000	0.0000	0.0000	0.0000	0.0000	0.0000	0.0000	0.0000	0.0000	0.0000	0.0000	0.0000	0.0000	0.0000	0.0000	0.0000	0.0000	0.0000	0.0000	0.0000	3.2133	0.0000	6.0120	0.0000	0.0000	0.0000	0.0000	0.0000	0.0000	0.0000	0.0000	0.0000	0.0000	0.0000	0.0000	0.0000	0.0000	0.0000	0.0000	0.0000	0.0000	0.0000	0.0000	0.0000	0.0000	0.0000	0.0000	0.0000	0.0000	0.0000	0.0000	0.0000	0.0000	0.0000	0.0000	0.0000	0.0000	0.0000	0.0000	0.0000	0.0000	0.0000	0.0000	0.0000	0.0000	0.0000	0.0000	0.0000	0.0000	0.0000	0.0000	0.0000	0.0000	0.0000	0.0000	0.0000	0.0000											
16	54	0.0720	6	1	2	0	1	0	0	0	0	N	Y	N	N	N	N	N	N	N	N	N	N	0.0000	0.0000	0.0000	0.0000	0.0000	0.0000	0.0000	0.0000	0.0000	0.0000	0.0000	0.0000	0.0000	0.0000	0.0000	0.0000	0.0000	0.0000	0.0000	0.0000	0.0000	1.7961	0.0000	11.9291	0.0000	0.0000	0.0000	0.0000	0.0000	0.0000	0.0000	0.0000	0.0000	0.0000	0.0000	0.0000	0.0000	0.0000	0.0000	0.0000	0.0000	0.0000	0.0000	0.0000	0.0000	0.0000	0.0000	0.0000	0.0000	0.0000	0.0000	0.0000	0.0000	0.0000	0.0000	0.0000	0.0000	0.0000	0.0000	0.0000	0.0000	0.0000	0.0000	0.0000	0.0000	0.0000	0.0000	0.0000	0.0000	0.0000	0.0000	0.0000	0.0000	0.0000	0.0000	0.0000	0.0000	0.0000											
16	55	0.0933	7	0	2	0	1	0	0	0	0	N	Y	N	N	N	N	N	N	N	N	N	N	0.0000	0.0000	0.0000	0.0000	0.0000	0.0000	0.0000	0.0000	0.0000	0.0000	0.0000	0.0000	0.0000	0.0000	0.0000	0.0000	0.0000	0.0000	0.0000	0.0000	0.0000	0.0041	0.0000	6.2745	0.0000	0.0000	0.0000	0.0000	0.0000	0.0000	0.0000	0.0000	0.0000	0.0000	0.0000	0.0000	0.0000	0.0000	0.0000	0.0000	0.0000	0.0000	0.0000	0.0000	0.0000	0.0000	0.0000	0.0000	0.0000	0.0000	0.0000	0.0000	0.0000	0.0000	0.0000	0.0000	0.0000	0.0000	0.0000	0.0000	0.0000	0.0000	0.0000	0.0000	0.0000	0.0000	0.0000	0.0000	0.0000	0.0000	0.0000	0.0000	0.0000	0.0000	0.0000	0.0000	0.0000	0.0000											
16	56	0.1420	7	0	1	1	1	0	0	0	0	N	N	N	N	N	N	N	N	N	N	N	N	0.0000	0.0000	0.0000	0.0000	0.0000	0.0000	0.0000	0.0000	0.0000	0.0000	0.0000	0.0000	0.0000	0.0000	0.0000	0.0000	0.0000	0.0000	0.0000	0.0000	0.0000	18.9997	0.0000	4.0000	0.0000	0.0000	0.0000	0.0000	0.0000	0.0000	0.0000	0.0000	0.0000	0.0000	0.0000	0.0000	0.0000	0.0000	0.0000	0.0000	0.0000	0.0000	0.0000	0.0000	0.0000	0.0000	0.0000	0.0000	0.0000	0.0000	0.0000	0.0000	0.0000	0.0000	0.0000	0.0000	0.0000	0.0000	0.0000	0.0000	0.0000	0.0000	0.0000	0.0000	0.0000	0.0000	0.0000	0.0000	0.0000	0.0000	0.0000	0.0000	0.0000	0.0000	0.0000	0.0000	0.0000	0.0000											
16	57	0.0720	6	0	1	0	1	0	0	0	0	N	N	N	N	N	N	N	N	N	N	N	N	0.0000	0.0000	0.0000	0.0000	0.0000	0.0000	0.0000	0.0000	0.0000	0.0000	0.0000	0.0000	0.0000	0.0000	0.0000	0.0000	0.0000	0.0000	0.0000	0.0000	0.0000	1.7961	0.0000	22.3138	0.0000	0.0000	0.0000	0.0000	0.0000	0.0000	0.0000	0.0000	0.0000	0.0000	0.0000	0.0000	0.0000	0.0000	0.0000	0.0000	0.0000	0.0000	0.0000	0.0000	0.0000	0.0000	0.0000	0.0000	0.0000	0.0000	0.0000	0.0000	0.0000	0.0000	0.0000	0.0000	0.0000	0.0000	0.0000	0.0000	0.0000	0.0000	0.0000	0.0000	0.0000	0.0000	0.0000	0.0000	0.0000	0.0000	0.0000	0.0000	0.0000	0.0000	0.0000	0.0000	0.0000	0.0000											
16	58	0.0928	8	1	2	0	1	0	0	0	0	N	Y	N	N	N	N	N	N	N	N	N	N	0.0000	0.0000	0.0000	0.0000	0.0000	0.0000	0.0000	0.0000	0.0000	0.0000	0.0000	0.0000	0.0000	0.0000	0.0000	0.0000	0.0000	0.0000	0.0000	0.0000	0.0000	0.9359	0.0000	8.5945	0.0000	0.0000	0.0000	0.0000	0.0000	0.0000	0.0000	0.0000	0.0000	0.0000	0.0000	0.0000	0.0000	0.0000	0.0000	0.0000	0.0000	0.0000	0.0000	0.0000	0.0000	0.0000	0.0000	0.0000	0.0000	0.0000	0.0000	0.0000	0.0000	0.0000	0.0000	0.0000	0.0000	0.0000	0.0000	0.0000	0.0000	0.0000	0.0000	0.0000	0.0000	0.0000	0.0000	0.0000	0.0000	0.0000	0.0000	0.0000	0.0000	0.0000	0.0000	0.0000	0.0000	0.0000											
16	59	0.0901	7	0	2	0	1	0	0	0	0	N	Y	N	N	N	N	N	N	N	N	N	N	0.0000	0.0000	0.0000	0.0000	0.0000	0.0000	0.0000	0.0000	0.0000	0.0000	0.0000	0.0000	0.0000	0.0000	0.0000	0.0000	0.0000	0.0000	0.0000	0.0000	0.0000	0.1706	0.0000	1.8413	0.0000	0.0000	0.0000	0.0000	0.0000	0.0000	0.0000	0.0000	0.0000	0.0000	0.0000	0.0000	0.0000	0.0000	0.0000	0.0000	0.0000	0.0000	0.0000	0.0000	0.0000	0.0000	0.0000	0.0000	0.0000	0.0000	0.0000	0.0000	0.0000	0.0000	0.0000	0.0000	0.0000	0.0000	0.0000	0.0000	0.0000	0.0000	0.0000	0.0000	0.0000	0.0000	0.0000	0.0000	0.0000	0.0000	0.0000	0.0000	0.0000	0.0000	0.0000	0.0000	0.0000	0.0000											
16	60	0.0720	6	0	2	0	1	0	0	0	0	N	Y	N	N	N	N	N	N	N	N	N	N	0.0000	0.0000	0.0000	0.0000	0.0000	0.0000	0.0000	0.0000	0.0000	0.0000	0.0000	0.0000	0.0000	0.0000	0.0000	0.0000	0.0000	0.0000	0.0000	0.0000	0.0000	6.1830	0.0000	4.8458	0.0000	0.0000	0.0000	0.0000	0.0000	0.0000	0.0000	0.0000	0.0000	0.0000	0.0000	0.0000	0.0000	0.0000	0.0000	0.0000	0.0000	0.0000	0.0000	0.0000	0.0000	0.0000	0.0000	0.0000	0.0000	0.0000	0.0000	0.0000	0.0000	0.0000	0.0000	0.0000	0.0000	0.0000	0.0000	0.0000	0.0000	0.0000	0.0000	0.0000	0.0000	0.0000	0.0000	0.0000	0.0000	0.0000	0.0000	0.0000	0.0000	0.0000	0.0000	0.0000	0.0000	0.0000											
16	61	0.4651	13	0	1	0	1	0	0	0	0	N	N	N	N	N	N	N	N	N	N	N	N	0.0000	0.0000	0.0000	0.0000	0.0000	0.0000	0.0000	0.0000	0.0000	0.0000	0.0000	0.0000	0.0000	0.0000	0.0000	0.0000	0.0000	0.0000	0.0000	0.0000	0.0000	1.0140	0.0000	12.0537	0.0000	0.0000	0.0000	0.0000	0.0000	0.0000	0.0000	0.0000	0.0000	0.0000	0.0000	0.0000	0.0000	0.0000	0.0000	0.0000	0.0000	0.0000	0.0000	0.0000	0.0000	0.0000	0.0000	0.0000	0.0000	0.0000	0.0000	0.0000	0.0000	0.0000	0.0000	0.0000	0.0000	0.0000	0.0000	0.0000	0.0000	0.0000	0.0000	0.0000	0.0000	0.0000	0.0000	0.0000	0.0000	0.0000	0.0000	0.0000	0.0000	0.0000	0.0000	0.0000	0.0000	0.0000											
16	62	0.3892	10	0	1	0	1	0	0	0	0	N	N	N	N	N	N	N	N	N	N	N	N	0.0000	0.0000	0.0000	0.0000	0.0000	0.0000	0.0000	0.0000	0.0000	0.0000	0.0000	0.0000	0.0000	0.0000	0.0000	0.0000	0.0000	0.0000	0.0000	0.0000	0.0000	22.0948	0.0000	64.3951	0.0000	0.0000	0.0000	0.0000	0.0000	0.0000	0.0000	0.0000	0.0000	0.0000	0.0000	0.0000	0.0000	0.0000	0.0000	0.0000	0.0000	0.0000	0.0000	0.0000	0.0000	0.0000	0.0000	0.0000	0.0000	0.0000	0.0000	0.0000	0.0000	0.0000	0.0000	0.0000	0.0000	0.0000	0.0000	0.0000	0.0000	0.0000	0.0000	0.0000	0.0000	0.0000	0.0000	0.0000	0.0000	0.0000	0.0000	0.0000	0.0000	0.0000	0.0000	0.0000	0.0000	0.0000											
16	63	0.1823	9	0	1	0	1	0	0	0	0	N	N	N	N	N	N	N	N	N	N	N	N	0.0000	0.0000	0.0000	0.0000	0.0000	0.0000	0.0000	0.0000	0.0000	0.0000	0.0000	0.0000	0.0000	0.0000	0.0000	0.0000	0.0000	0.0000	0.0000	0.0000	0.0000	3.0638	0.0000	18.8214	0.0000	0.0000	0.0000	0.0000	0.0000	0.0000	0.0000	0.0000	0.0000	0.0000	0.0000	0.0000	0.0000	0.0000	0.0000	0.0000	0.0000	0.0000	0.0000	0.0000	0.0000	0.0000	0.0000	0.0000	0.0000	0.0000	0.0000	0.0000	0.0000	0.0000	0.0000	0.0000	0.0000	0.0000	0.0000	0.0000	0.0000	0.0000	0.0000	0.0000	0.0000	0.0000	0.0000	0.0000	0.0000	0.0000	0.0000	0.0000	0.0000	0.0000	0.0000	0.0000	0.0000	0.0000											
16	64	0.0933	7	1	2	1	1	0	0	0	0	N	Y	N	N	N	N	N	N	N	N	N	N	0.0000	0.0000	0.0000	0.0000	0.0000	0.0000	0.0000	0.0000	0.0000	0.0000	0.0000	0.0000	0.0000	0.0000	0.0000	0.0000	0.0000	0.0000	0.0000	0.0000	0.0000	1.0029	0.0000	8.4685	0.0000	0.0000	0.0000	0.0000	0.0000	0.0000	0.0000	0.0000	0.0000	0.0000	0.0000	0.0000	0.0000	0.0000	0.0000	0.0000	0.0000	0.0000	0.0000	0.0000	0.0000	0.0000	0.0000	0.0000	0.0000	0.0000	0.0000	0.0000	0.0000	0.0000	0.0000	0.0000	0.0000	0.0000	0.0000	0.0000	0.0000	0.0000	0.0000	0.0000	0.0000	0.0000	0.0000	0.0000	0.0000	0.0000	0.0000	0.0000	0.0000	0.0000	0.0000	0.0000	0.0000	0.0000											
16	65	0.0720	6	0	2	0	1	0	0	0	0	N	Y	N	N	N	N	N	N	N	N	N	N	0.0000	0.0000	0.0000	0.0000	0.0000	0.0000	0.0000	0.0000	0.0000	0.0000	0.0000	0.0000	0.0000	0.0000	0.0000	0.0000	0.0000	0.0000	0.0000	0.0000	0.0000	0.7961	0.0000	8.5878	0.0000	0.0000	0.0000	0.0000	0.0000	0.0000	0.0000	0.0000	0.0000	0.0000	0.0000	0.0000	0.0000	0.0000	0.0000	0.0000	0.0000	0.0000	0.0000	0.0000	0.0000	0.0000	0.0000	0.0000	0.0000	0.0000	0.0000	0.0000	0.0000	0.0000	0.0000	0.0000	0.0000	0.0000	0.0000	0.0000	0.0000	0.0000	0.0000	0.0000	0.0000	0.0000	0.0000	0.0000	0.0000	0.0000	0.0000	0.0000	0.0000	0.0000	0.0000	0.0000	0.0000	0.0000											
16	66	0.4651	13	0	2	0	1	0	0	0	0	N	Y	N	N	N	N	N	N	N	N	N	N	0.0000	0.0000	0.0000	0.0000	0.0000	0.0000	0.0000	0.0000	0.0000	0.0000	0.0000	0.0000	0.0000	0.0000	0.0000	0.0000	0.0000	0.0000	0.0000	0.0000	0.0000	1.0110	0.0000	12.5479	0.0000	0.0000	0.0000	0.0000	0.0000	0.0000	0.0000	0.0000	0.0000	0.0000	0.0000	0.0000	0.0000	0.0000	0.0000	0.0000	0.0000	0.0000	0.0000	0.0000	0.0000	0.0000	0.0000	0.0000	0.0000	0.0000	0.0000	0.0000	0.0000	0.0000	0.0000	0.0000	0.0000	0.0000	0.0000	0.0000	0.0000	0.0000	0.0000	0.0000	0.0000	0.0000	0.0000	0.0000	0.0000	0.0000	0.0000	0.0000	0.0000	0.0000	0.0000	0.0000	0.0000	0.0000											
16	67	0.4587	12	0	1	0	1	0	0	0	0	N	N	N	N	N	N	N	N	N	N	N	N	0.0000	0.0000	0.0000	0.0000	0.0000	0.0000	0.0000	0.0000	0.0000	0.0000	0.0000	0.0000	0.0000	0.0000	0.0000	0.0000	0.0000	0.0000	0.0000	0.0000	0.0000	0.9784	0.0000	1.5217	0.0000	0.0000	0.0000	0.0000	0.0000	0.0000	0.0000	0.0000	0.0000	0.0000	0.0000	0.0000	0.0000	0.0000	0.0000	0.0000	0.0000	0.0000	0.0000	0.0000	0.0000	0.0000	0.0000	0.0000	0.0000	0.0000	0.0000	0.0000	0.0000	0.0000	0.0000	0.0000	0.0000	0.0000	0.0000	0.0000	0.0000	0.0000	0.0000	0.0000	0.0000	0.0000	0.0000	0.0000	0.0000	0.0000	0.0000	0.0000	0.0000	0.0000	0.0000	0.0000	0.0000	0.0000											
16	68	0.4285	11	0	1	0	1	0	0	0	0	N	N	N	N	N	N	N	N	N	N	N	N	0.0000	0.0000	0.0000	0.0000	0.0000	0.0000	0.0000	0.0000	0.0000	0.0000	0.0000	0.0000	0.0000	0.0000	0.0000	0.0000	0.0000	0.0000	0.0000	0.0000	0.0000	1.0531	0.0000	9.0748	0.0000	0.0000	0.0000	0.0000	0.0000	0.0000	0.0000	0.0000	0.0000	0.0000	0.0000	0.0000	0.0000	0.0000	0.0000	0.0000	0.0000	0.0000	0.0000	0.0000	0.0000	0.0000	0.0000	0.0000	0.0000	0.0000	0.0000	0.0000	0.0000	0.0000	0.0000	0.0000	0.0000	0.0000	0.0000	0.0000	0.0000	0.0000	0.0000	0.0000	0.0000	0.0000	0.0000	0.0000	0.0000	0.0000	0.0000	0.0000	0.0000	0.0000	0.0000	0.0000	0.0000	0.0000											
16	69	0.0720	6	1	1	1	1	0	0	0	0	N	N	N	N	N	N	N	N	N	N	N	N	0.0000	0.0000	0.0000	0.0000	0.0000	0.0000	0.0000	0.0000	0.0000	0.0000	0.0000	0.0000	0.0000	0.0000	0.0000	0.0000	0.0000	0.0000	0.0000	0.0000	0.0000	0.0000	0.0000	4.9600	0.0000	0.0000	0.0000	0.0000	0.0000	0.0000	0.0000	0.0000	0.0000	0.0000	0.0000	0.0000	0.0000	0.0000	0.0000	0.0000	0.0000	0.0000	0.0000	0.0000	0.0000	0.0000	0.0000	0.0000	0.0000	0.0000	0.0000	0.0000	0.0000	0.0000	0.0000	0.0000	0.0000	0.0000	0.0000	0.0000	0.0000	0.0000	0.0000	0.0000	0.0000	0.0000	0.0000	0.0000	0.0000	0.0000	0.0000	0.0000	0.0000	0.0000	0.0000	0.0000	0.0000	0.0000											
16	71	0.1283	10	0	1	1	1	0	0	0	0	N	N	N	N	N	N	N	N	N	N	N	N	0.0000	0.0000	0.0000	0.0000	0.0000	0.0000	0.0000	0.0000	0.0000	0.0000	0.0000	0.0000	0.0000	0.0000	0.0000	0.0000	0.0000	0.0000	0.0000	0.0000	0.0000	1.0000	0.0000	0.0055	0.0000	0.0000	0.0000	0.0000	0.0000	0.0000	0.0000	0.0000	0.0000	0.0000	0.0000	0.0000	0.0000	0.0000	0.0000	0.0000	0.0000	0.0000	0.0000	0.0000	0.0000	0.0000	0.0000	0.0000	0.0000	0.0000	0.0000	0.0000	0.0000	0.0000	0.0000	0.0000	0.0000	0.0000	0.0000	0.0000	0.0000	0.0000	0.0000	0.0000	0.0000	0.0000	0.0000	0.0000	0.0000	0.0000	0.0000	0.0000	0.0000	0.0000	0.0000	0.0000	0.0000	0.0000											
16	72	0.1216	9	0	1	1	1	0	0	0	0	N	N	N	N	N	N	N	N	N	N	N	N	0.0000	0.0000	0.0000	0.0000	0.0000	0.0000	0.0000	0.0000	0.0000	0.0000	0.0000	0.0000	0.0000	0.0000	0.0000	0.0000	0.0000	0.0000	0.0000	0.0000	0.0000	0.0000	0.0000	1.0265	0.0000	0.0000	0.0000	0.0000	0.0000	0.0000	0.0000	0.0000	0.0000	0.0000	0.0000	0.0000	0.0000	0.0000	0.0000	0.0000	0.0000	0.0000	0.0000	0.0000	0.0000	0.0000	0.0000	0.0000	0.0000	0.0000	0.0000	0.0000	0.0000	0.0000	0.0000	0.0000	0.0000	0.0000	0.0000	0.0000	0.0000	0.0000	0.0000	0.0000	0.0000	0.0000	0.0000	0.0000	0.0000	0.0000	0.0000	0.0000	0.0000	0.0000	0.0000	0.0000	0.0000	0.0000											
16	73	0.1162	8	0	1	0	1	0	0	0	0	N	N	N	N	N	N	N	N	N	N	N	N	0.0000	0.0000	0.0000	0.0000	0.0000	0.0000	0.0000	0.0000	0.0000	0.0000	0.0000	0.0000	0.0000	0.0000	0.0000	0.0000	0.0000	0.0000	0.0000	0.0000	0.0000	0.0000	0.0000	1.0321	0.0000	0.0000	0.0000	0.0000	0.0000	0.0000	0.0000	0.0000	0.0000	0.0000	0.0000	0.0000	0.0000	0.0000	0.0000	0.0000	0.0000	0.0000	0.0000	0.0000	0.0000	0.0000	0.0000	0.0000	0.0000	0.0000	0.0000	0.0000	0.0000	0.0000	0.0000	0.0000	0.0000	0.0000	0.0000	0.0000	0.0000	0.0000	0.0000	0.0000	0.0000	0.0000	0.0000	0.0000	0.0000	0.0000	0.0000	0.0000	0.0000	0.0000	0.0000	0.0000	0.0000	0.0000											
16	74	0.0934	7	0	1	0	1	0	0	0	0	N	N	N	N	N	N	N	N	N	N	N	N	0.0000	0.0000	0.0000	0.0000	0.0000	0.0000	0.0000	0.0000	0.0000	0.0000	0.0000	0.0000	0.0000	0.0000	0.0000	0.0000	0.0000	0.0000	0.0000	0.0000	0.0000	0.5629	0.0000	8.5245	0.0000	0.0000	0.0000	0.0000	0.0000	0.0000	0.0000	0.0000	0.0000	0.0000	0.0000	0.0000	0.0000	0.0000	0.0000	0.0000	0.0000	0.0000	0.0000	0.0000	0.0000	0.0000	0.0000	0.0000	0.0000	0.0000	0.0000	0.0000	0.0000	0.0000	0.0000	0.0000	0.0000	0.0000	0.0000	0.0000	0.0000	0.0000	0.0000	0.0000	0.0000	0.0000	0.0000	0.0000	0.0000	0.0000	0.0000	0.0000	0.0000	0.0000	0.0000	0.0000	0.0000	0.0000											
16	75	0.1104	8	0	2	0	1	0	0	0	0	N	Y	N	N	N	N	N	N	N	N	N	N	0.0000	0.0000	0.0000	0.0000	0.0000	0.0000	0.0000	0.0000	0.0000	0.0000	0.0000	0.0000	0.0000	0.0000	0.0000	0.0000	0.0000	0.0000	0.0000	0.0000	0.0000	1.9994	0.0000	4.0943	0.0000	0.0000	0.0000	0.0000	0.0000	0.0000	0.0000	0.0000	0.0000	0.0000	0.0000	0.0000	0.0000	0.0000	0.0000	0.0000	0.0000	0.0000	0.0000	0.0000	0.0000	0.0000	0.0000	0.0000	0.0000	0.0000	0.0000	0.0000	0.0000	0.0000	0.0000	0.0000	0.0000	0.0000	0.0000	0.0000	0.0000	0.0000	0.0000	0.0000	0.0000	0.0000	0.0000	0.0000	0.0000	0.0000	0.0000	0.0000	0.0000	0.0000	0.0000	0.0000	0.0000	0.0000											
16	76	0.1041	7	0	1	0	1	0	0	0	0	N	N	N	N	N	N	N	N	N	N	N	N	0.0000	0.0000	0.0000	0.0000	0.0000	0.0000	0.0000	0.0000	0.0000	0.0000	0.0000	0.0000	0.0000	0.0000	0.0000	0.0000	0.0000	0.0000	0.0000	0.0000	0.0000	0.0011	0.0000	2.7207	0.0000	0.0000	0.0000	0.0000	0.0000	0.0000	0.0000	0.0000	0.0000	0.0000	0.0000	0.0000	0.0000	0.0000	0.0000	0.0000	0.0000	0.0000	0.0000	0.0000	0.0000	0.0000	0.0000	0.0000	0.0000	0.0000	0.0000	0.0000	0.0000	0.0000	0.0000	0.0000	0.0000	0.0000	0.0000	0.0000	0.0000	0.0000	0.0000	0.0000	0.0000	0.0000	0.0000	0.0000	0.0000	0.0000	0.0000	0.0000	0.0000	0.0000	0.0000	0.0000	0.0000	0.0000											
16	77	0.0720	6	0	1	0	1	0	0	0	0	N	N	N	N	N	N	N	N	N	N	N	N	0.0000	0.0000	0.0000	0.0000	0.0000	0.0000	0.0000	0.0000	0.0000	0.0000	0.0000	0.0000	0.0000	0.0000	0.0000	0.0000	0.0000	0.0000	0.0000	0.0000	0.0000	0.0001	0.0000	10.0074	0.0000	0.0000	0.0000	0.0000	0.0000	0.0000	0.0000	0.0000	0.0000	0.0000	0.0000	0.0000	0.0000	0.0000	0.0000	0.0000	0.0000	0.0000	0.0000	0.0000	0.0000	0.0000	0.0000	0.0000	0.0000	0.0000	0.0000	0.0000	0.0000	0.0000	0.0000	0.0000	0.0000	0.0000	0.0000	0.0000	0.0000	0.0000	0.0000	0.0000	0.0000	0.0000	0.0000	0.0000	0.0000	0.0000	0.0000	0.0000	0.0000	0.0000	0.0000	0.0000	0.0000	0.0000											
16	78	0.0922	7	1	1	1	1	0	0	0	0	N	N	N	N	N	N	N	N	N	N	N	N	0.0000	0.0000	0.0000	0.0000	0.0000	0.0000	0.0000	0.0000	0.0000	0.0000	0.0000	0.0000	0.0000	0.0000	0.0000	0.0000	0.0000	0.0000	0.0000	0.0000	0.0000	1.6246	0.0000	0.0115	0.0000	0.0000	0.0000	0.0000	0.0000	0.0000	0.0000	0.0000	0.0000	0.0000	0.0000	0.0000	0.0000	0.0000	0.0000	0.0000	0.0000	0.0000	0.0000	0.0000	0.0000	0.0000	0.0000	0.0000	0.0000	0.0000	0.0000	0.0000	0.0000	0.0000	0.0000	0.0000	0.0000	0.0000	0.0000	0.0000	0.0000	0.0000	0.0000	0.0000	0.0000	0.0000	0.0000	0.0000	0.0000	0.0000	0.0000	0.0000	0.0000	0.0000	0.0000	0.0000	0.0000	0.0000											
16	79	0.0720	6	1	1	1	1	0	0	0	0	N	N	N	N	N	N	N	N	N	N	N	N	0.0000	0.0000	0.0000	0.0000	0.0000	0.0000	0.0000	0.0000	0.0000	0.0000	0.0000	0.0000	0.0000	0.0000	0.0000	0.0000	0.0000	0.0000	0.0000	0.0000	0.0000	8.1927	0.0000	3.9952	0.0000	0.0000	0.0000	0.0000	0.0000	0.0000	0.0000	0.0000	0.0000	0.0000	0.0000	0.0000	0.0000	0.0000	0.0000	0.0000	0.0000	0.0000	0.0000	0.0000	0.0000	0.0000	0.0000	0.0000	0.0000	0.0000	0.0000	0.0000	0.0000	0.0000	0.0000	0.0000	0.0000	0.0000	0.0000	0.0000	0.0000	0.0000	0.0000	0.0000	0.0000	0.0000	0.0000	0.0000	0.0000	0.0000	0.0000	0.0000	0.0000	0.0000	0.0000	0.0000	0.0000	0.0000											
16	80	0.0720	6	0	2	0	2	0	0	0	0	N	Y	N	Y	N	N	N	N	N	N	N	N	0.0000	0.0000	0.0000	0.0000	0.0000	0.0000	0.0000	0.0000	0.0000	0.0000	0.0000	0.0000	0.0000	0.0000	0.0000	0.0000	0.0000	0.0000	0.0000	0.0000	0.0000	0.7962	0.0000	19.0091	0.0000	0.0000	0.0000	0.0000	0.0000	0.0000	0.0000	0.0000	0.0000	0.0000	0.0000	0.0000	0.0000	0.0000	0.0000	0.0000	0.0000	0.0000	0.0000	0.0000	0.0000	0.0000	0.0000	0.0000	0.0000	0.0000	0.0000	0.0000	0.0000	0.0000	0.0000	0.0000	0.0000	0.0000	0.0000	0.0000	0.0000	0.0000	0.0000	0.0000	0.0000	0.0000	0.0000	0.0000	0.0000	0.0000	0.0000	0.0000	0.0000	0.0000	0.0000	0.0000	0.0000	0.0000											
16	81	0.0720	6	0	2	0	1	0	0	0	0	N	Y	N	N	N	N	N	N	N	N	N	N	0.0000	0.0000	0.0000	0.0000	0.0000	0.0000	0.0000	0.0000	0.0000	0.0000	0.0000	0.0000	0.0000	0.0000	0.0000	0.0000	0.0000	0.0000	0.0000	0.0000	0.0000	0.7962	0.0000	25.3140	0.0000	0.0000	0.0000	0.0000	0.0000	0.0000	0.0000	0.0000	0.0000	0.0000	0.0000	0.0000	0.0000	0.0000	0.0000	0.0000	0.0000	0.0000	0.0000	0.0000	0.0000	0.0000	0.0000	0.0000	0.0000	0.0000	0.0000	0.0000	0.0000	0.0000	0.0000	0.0000	0.0000	0.0000	0.0000	0.0000	0.0000	0.0000	0.0000	0.0000	0.0000	0.0000	0.0000	0.0000	0.0000	0.0000	0.0000	0.0000	0.0000	0.0000	0.0000	0.0000	0.0000	0.0000											
16	82	0.0720	6	0	2	0	1	0	0	0	0	N	Y	N	N	N	N	N	N	N	N	N	N	0.0000	0.0000	0.0000	0.0000	0.0000	0.0000	0.0000	0.0000	0.0000	0.0000	0.0000	0.0000	0.0000	0.0000	0.0000	0.0000	0.0000	0.0000	0.0000	0.0000	0.0000	1.7961	0.0000	27.0091	0.0000	0.0000	0.0000	0.0000	0.0000	0.0000	0.0000	0.0000	0.0000	0.0000	0.0000	0.0000	0.0000	0.0000	0.0000	0.0000	0.0000	0.0000	0.0000	0.0000	0.0000	0.0000	0.0000	0.0000	0.0000	0.0000	0.0000	0.0000	0.0000	0.0000	0.0000	0.0000	0.0000	0.0000	0.0000	0.0000	0.0000	0.0000	0.0000	0.0000	0.0000	0.0000	0.0000	0.0000	0.0000	0.0000	0.0000	0.0000	0.0000	0.0000	0.0000	0.0000	0.0000	0.0000											
16	83	0.1823	9	0	1	0	1	0	0	0	0	N	N	N	N	N	N	N	N	N	N	N	N	0.0000	0.0000	0.0000	0.0000	0.0000	0.0000	0.0000	0.0000	0.0000	0.0000	0.0000	0.0000	0.0000	0.0000	0.0000	0.0000	0.0000	0.0000	0.0000	0.0000	0.0000	10.0679	0.0000	33.8159	0.0000	0.0000	0.0000	0.0000	0.0000	0.0000	0.0000	0.0000	0.0000	0.0000	0.0000	0.0000	0.0000	0.0000	0.0000	0.0000	0.0000	0.0000	0.0000	0.0000	0.0000	0.0000	0.0000	0.0000	0.0000	0.0000	0.0000	0.0000	0.0000	0.0000	0.0000	0.0000	0.0000	0.0000	0.0000	0.0000	0.0000	0.0000	0.0000	0.0000	0.0000	0.0000	0.0000	0.0000	0.0000	0.0000	0.0000	0.0000	0.0000	0.0000	0.0000	0.0000	0.0000	0.0000											
16	84	0.1547	8	0	1	0	1	0	0	0	0	N	N	N	N	N	N	N	N	N	N	N	N	0.0000	0.0000	0.0000	0.0000	0.0000	0.0000	0.0000	0.0000	0.0000	0.0000	0.0000	0.0000	0.0000	0.0000	0.0000	0.0000	0.0000	0.0000	0.0000	0.0000	0.0000	0.9441	0.0000	14.0836	0.0000	0.0000	0.0000	0.0000	0.0000	0.0000	0.0000	0.0000	0.0000	0.0000	0.0000	0.0000	0.0000	0.0000	0.0000	0.0000	0.0000	0.0000	0.0000	0.0000	0.0000	0.0000	0.0000	0.0000	0.0000	0.0000	0.0000	0.0000	0.0000	0.0000	0.0000	0.0000	0.0000	0.0000	0.0000	0.0000	0.0000	0.0000	0.0000	0.0000	0.0000	0.0000	0.0000	0.0000	0.0000	0.0000	0.0000	0.0000	0.0000	0.0000	0.0000	0.0000	0.0000	0.0000											
16	85	0.4370	11	0	1	0	1	0	0	0	0	N	N	N	N	N	N	N	N	N	N	N	N	0.0000	0.0000	0.0000	0.0000	0.0000	0.0000	0.0000	0.0000	0.0000	0.0000	0.0000	0.0000	0.0000	0.0000	0.0000	0.0000	0.0000	0.0000	0.0000	0.0000	0.0000	15.0008	0.0000	28.2980	0.0000	0.0000	0.0000	0.0000	0.0000	0.0000	0.0000	0.0000	0.0000	0.0000	0.0000	0.0000	0.0000	0.0000	0.0000	0.0000	0.0000	0.0000	0.0000	0.0000	0.0000	0.0000	0.0000	0.0000	0.0000	0.0000	0.0000	0.0000	0.0000	0.0000	0.0000	0.0000	0.0000	0.0000	0.0000	0.0000	0.0000	0.0000	0.0000	0.0000	0.0000	0.0000	0.0000	0.0000	0.0000	0.0000	0.0000	0.0000	0.0000	0.0000	0.0000	0.0000	0.0000	0.0000											
16	86	0.4370	11	0	1	0	1	0	0	0	0	N	N	N	N	N	N	N	N	N	N	N	N	0.0000	0.0000	0.0000	0.0000	0.0000	0.0000	0.0000	0.0000	0.0000	0.0000	0.0000	0.0000	0.0000	0.0000	0.0000	0.0000	0.0000	0.0000	0.0000	0.0000	0.0000	10.8154	0.0000	27.4443	0.0000	0.0000	0.0000	0.0000	0.0000	0.0000	0.0000	0.0000	0.0000	0.0000	0.0000	0.0000	0.0000	0.0000	0.0000	0.0000	0.0000	0.0000	0.0000	0.0000	0.0000	0.0000	0.0000	0.0000	0.0000	0.0000	0.0000	0.0000	0.0000	0.0000	0.0000	0.0000	0.0000	0.0000	0.0000	0.0000	0.0000	0.0000	0.0000	0.0000	0.0000	0.0000	0.0000	0.0000	0.0000	0.0000	0.0000	0.0000	0.0000	0.0000	0.0000	0.0000	0.0000	0.0000											
16	87	0.3892	10	0	1	0	1	0	0	0	0	N	N	N	N	N	N	N	N	N	N	N	N	0.0000	0.0000	0.0000	0.0000	0.0000	0.0000	0.0000	0.0000	0.0000	0.0000	0.0000	0.0000	0.0000	0.0000	0.0000	0.0000	0.0000	0.0000	0.0000	0.0000	0.0000	2.7608	0.0000	22.4044	0.0000	0.0000	0.0000	0.0000	0.0000	0.0000	0.0000	0.0000	0.0000	0.0000	0.0000	0.0000	0.0000	0.0000	0.0000	0.0000	0.0000	0.0000	0.0000	0.0000	0.0000	0.0000	0.0000	0.0000	0.0000	0.0000	0.0000	0.0000	0.0000	0.0000	0.0000	0.0000	0.0000	0.0000	0.0000	0.0000	0.0000	0.0000	0.0000	0.0000	0.0000	0.0000	0.0000	0.0000	0.0000	0.0000	0.0000	0.0000	0.0000	0.0000	0.0000	0.0000	0.0000	0.0000											
16	88	0.2593	9	0	1	0	1	0	0	0	0	N	N	N	N	N	N	N	N	N	N	N	N	0.0000	0.0000	0.0000	0.0000	0.0000	0.0000	0.0000	0.0000	0.0000	0.0000	0.0000	0.0000	0.0000	0.0000	0.0000	0.0000	0.0000	0.0000	0.0000	0.0000	0.0000	8.8820	0.0000	49.9570	0.0000	0.0000	0.0000	0.0000	0.0000	0.0000	0.0000	0.0000	0.0000	0.0000	0.0000	0.0000	0.0000	0.0000	0.0000	0.0000	0.0000	0.0000	0.0000	0.0000	0.0000	0.0000	0.0000	0.0000	0.0000	0.0000	0.0000	0.0000	0.0000	0.0000	0.0000	0.0000	0.0000	0.0000	0.0000	0.0000	0.0000	0.0000	0.0000	0.0000	0.0000	0.0000	0.0000	0.0000	0.0000	0.0000	0.0000	0.0000	0.0000	0.0000	0.0000	0.0000	0.0000	0.0000											
16	89	0.0720	6	1	2	0	2	0	0	0	0	N	Y	N	Y	N	N	N	N	N	N	N	N	0.0000	0.0000	0.0000	0.0000	0.0000	0.0000	0.0000	0.0000	0.0000	0.0000	0.0000	0.0000	0.0000	0.0000	0.0000	0.0000	0.0000	0.0000	0.0000	0.0000	0.0000	0.7962	0.0000	16.9291	0.0000	0.0000	0.0000	0.0000	0.0000	0.0000	0.0000	0.0000	0.0000	0.0000	0.0000	0.0000	0.0000	0.0000	0.0000	0.0000	0.0000	0.0000	0.0000	0.0000	0.0000	0.0000	0.0000	0.0000	0.0000	0.0000	0.0000	0.0000	0.0000	0.0000	0.0000	0.0000	0.0000	0.0000	0.0000	0.0000	0.0000	0.0000	0.0000	0.0000	0.0000	0.0000	0.0000	0.0000	0.0000	0.0000	0.0000	0.0000	0.0000	0.0000	0.0000	0.0000	0.0000	0.0000											
16	92	0.0248	6	0	2	0	1	0	0	0	0	N	Y	N	N	N	N	N	N	N	N	N	N	0.0000	0.0000	0.0000	0.0000	0.0000	0.0000	0.0000	0.0000	0.0000	0.0000	0.0000	0.0000	0.0000	0.0000	0.0000	0.0000	0.0000	0.0000	0.0000	0.0000	0.0000	0.0000	0.0000	0.0000	0.0000	0.0000	0.0000	0.0000	0.0000	0.0000	0.0000	0.0000	0.0000	0.0000	0.0000	0.0000	0.0000	0.0000	0.0000	0.0000	0.0000	0.0000	0.0000	0.0000	0.0000	0.0000	0.0000	0.0000	0.0000	0.0000	0.0000	0.0000	0.0000	0.0000	0.0000	0.0000	0.0000	0.0000	0.0000	0.0000	0.0000	0.0000	0.0000	0.0000	0.0000	0.0000	0.0000	0.0000	0.0000	0.0000	0.0000	0.0000	0.0000	0.0000	0.0000	0.0000	0.0000	0.0000											
16	93	0.0107	2	0	1	1	2	0	0	0	0	N	N	N	Y	N	N	N	N	N	N	N	N	0.0000	0.0000	0.0000	0.0000	0.0000	0.0000	0.0000	0.0000	0.0000	0.0000	0.0000	0.0000	0.0000	0.0000	0.0000	0.0000	0.0000	0.0000	0.0000	0.0000	0.0000	0.0000	0.0000	0.0000	0.0000	0.0000	0.0000	0.0000	0.0000	0.0000	0.0000	0.0000	0.0000	0.0000	0.0000	0.0000	0.0000	0.0000	0.0000	0.0000	0.0000	0.0000	0.0000	0.0000	0.0000	0.0000	0.0000	0.0000	0.0000	0.0000	0.0000	0.0000	0.0000	0.0000	0.0000	0.0000	0.0000	0.0000	0.0000	0.0000	0.0000	0.0000	0.0000	0.0000	0.0000	0.0000	0.0000	0.0000	0.0000	0.0000	0.0000	0.0000	0.0000	0.0000	0.0000	0.0000	0.0000	0.0000											
16	95	0.0134	3	0	1	1	2	0	0	0	0	N	N	N	Y	N	N	N	N	N	N	N	N	0.0000	0.0000	0.0000	0.0000	0.0000	0.0000	0.0000	0.0000	0.0000	0.0000	0.0000	0.0000	0.0000	0.0000	0.0000	0.0000	0.0000	0.0000	0.0000	0.0000	0.0000	2.0000	0.0000	3.0050	0.0000	0.0000	0.0000	0.0000	0.0000	0.0000	0.0000	0.0000	0.0000	0.0000	0.0000	0.0000	0.0000	0.0000	0.0000	0.0000	0.0000	0.0000	0.0000	0.0000	0.0000	0.0000	0.0000	0.0000	0.0000	0.0000	0.0000	0.0000	0.0000	0.0000	0.0000	0.0000	0.0000	0.0000	0.0000	0.0000	0.0000	0.0000	0.0000	0.0000	0.0000	0.0000	0.0000	0.0000	0.0000	0.0000	0.0000	0.0000	0.0000	0.0000	0.0000	0.0000	0.0000	0.0000											
16	96	0.0134	3	0	1	1	2	0	0	0	0	N	N	N	Y	N	N	N	N	N	N	N	N	0.0000	0.0000	0.0000	0.0000	0.0000	0.0000	0.0000	0.0000	0.0000	0.0000	0.0000	0.0000	0.0000	0.0000	0.0000	0.0000	0.0000	0.0000	0.0000	0.0000	0.0000	0.0000	0.0000	6.9903	0.0000	0.0000	0.0000	0.0000	0.0000	0.0000	0.0000	0.0000	0.0000	0.0000	0.0000	0.0000	0.0000	0.0000	0.0000	0.0000	0.0000	0.0000	0.0000	0.0000	0.0000	0.0000	0.0000	0.0000	0.0000	0.0000	0.0000	0.0000	0.0000	0.0000	0.0000	0.0000	0.0000	0.0000	0.0000	0.0000	0.0000	0.0000	0.0000	0.0000	0.0000	0.0000	0.0000	0.0000	0.0000	0.0000	0.0000	0.0000	0.0000	0.0000	0.0000	0.0000	0.0000	0.0000											
16	99	0.0720	6	1	2	0	1	0	0	0	0	N	Y	N	N	N	N	N	N	N	N	N	N	0.0000	0.0000	0.0000	0.0000	0.0000	0.0000	0.0000	0.0000	0.0000	0.0000	0.0000	0.0000	0.0000	0.0000	0.0000	0.0000	0.0000	0.0000	0.0000	0.0000	0.0000	3.2042	0.0000	9.0918	0.0000	0.0000	0.0000	0.0000	0.0000	0.0000	0.0000	0.0000	0.0000	0.0000	0.0000	0.0000	0.0000	0.0000	0.0000	0.0000	0.0000	0.0000	0.0000	0.0000	0.0000	0.0000	0.0000	0.0000	0.0000	0.0000	0.0000	0.0000	0.0000	0.0000	0.0000	0.0000	0.0000	0.0000	0.0000	0.0000	0.0000	0.0000	0.0000	0.0000	0.0000	0.0000	0.0000	0.0000	0.0000	0.0000	0.0000	0.0000	0.0000	0.0000	0.0000	0.0000	0.0000	0.0000											
16	100	0.0720	6	0	2	0	1	0	0	0	0	N	Y	N	N	N	N	N	N	N	N	N	N	0.0000	0.0000	0.0000	0.0000	0.0000	0.0000	0.0000	0.0000	0.0000	0.0000	0.0000	0.0000	0.0000	0.0000	0.0000	0.0000	0.0000	0.0000	0.0000	0.0000	0.0000	0.7962	0.0000	10.9291	0.0000	0.0000	0.0000	0.0000	0.0000	0.0000	0.0000	0.0000	0.0000	0.0000	0.0000	0.0000	0.0000	0.0000	0.0000	0.0000	0.0000	0.0000	0.0000	0.0000	0.0000	0.0000	0.0000	0.0000	0.0000	0.0000	0.0000	0.0000	0.0000	0.0000	0.0000	0.0000	0.0000	0.0000	0.0000	0.0000	0.0000	0.0000	0.0000	0.0000	0.0000	0.0000	0.0000	0.0000	0.0000	0.0000	0.0000	0.0000	0.0000	0.0000	0.0000	0.0000	0.0000	0.0000											
16	101	0.0279	7	1	2	0	1	0	0	0	0	N	Y	N	N	N	N	N	N	N	N	N	N	0.0000	0.0000	0.0000	0.0000	0.0000	0.0000	0.0000	0.0000	0.0000	0.0000	0.0000	0.0000	0.0000	0.0000	0.0000	0.0000	0.0000	0.0000	0.0000	0.0000	0.0000	0.0000	0.0000	3.0000	0.0000	0.0000	0.0000	0.0000	0.0000	0.0000	0.0000	0.0000	0.0000	0.0000	0.0000	0.0000	0.0000	0.0000	0.0000	0.0000	0.0000	0.0000	0.0000	0.0000	0.0000	0.0000	0.0000	0.0000	0.0000	0.0000	0.0000	0.0000	0.0000	0.0000	0.0000	0.0000	0.0000	0.0000	0.0000	0.0000	0.0000	0.0000	0.0000	0.0000	0.0000	0.0000	0.0000	0.0000	0.0000	0.0000	0.0000	0.0000	0.0000	0.0000	0.0000	0.0000	0.0000	0.0000											
16	102	0.0248	6	1	2	0	1	0	0	0	0	N	Y	N	N	N	N	N	N	N	N	N	N	0.0000	0.0000	0.0000	0.0000	0.0000	0.0000	0.0000	0.0000	0.0000	0.0000	0.0000	0.0000	0.0000	0.0000	0.0000	0.0000	0.0000	0.0000	0.0000	0.0000	0.0000	0.0000	0.0000	1.0000	0.0000	0.0000	0.0000	0.0000	0.0000	0.0000	0.0000	0.0000	0.0000	0.0000	0.0000	0.0000	0.0000	0.0000	0.0000	0.0000	0.0000	0.0000	0.0000	0.0000	0.0000	0.0000	0.0000	0.0000	0.0000	0.0000	0.0000	0.0000	0.0000	0.0000	0.0000	0.0000	0.0000	0.0000	0.0000	0.0000	0.0000	0.0000	0.0000	0.0000	0.0000	0.0000	0.0000	0.0000	0.0000	0.0000	0.0000	0.0000	0.0000	0.0000	0.0000	0.0000	0.0000	0.0000											
16	103	0.0210	5	0	2	0	1	0	0	0	0	N	Y	N	N	N	N	N	N	N	N	N	N	0.0000	0.0000	0.0000	0.0000	0.0000	0.0000	0.0000	0.0000	0.0000	0.0000	0.0000	0.0000	0.0000	0.0000	0.0000	0.0000	0.0000	0.0000	0.0000	0.0000	0.0000	0.0006	0.0000	1.0534	0.0000	0.0000	0.0000	0.0000	0.0000	0.0000	0.0000	0.0000	0.0000	0.0000	0.0000	0.0000	0.0000	0.0000	0.0000	0.0000	0.0000	0.0000	0.0000	0.0000	0.0000	0.0000	0.0000	0.0000	0.0000	0.0000	0.0000	0.0000	0.0000	0.0000	0.0000	0.0000	0.0000	0.0000	0.0000	0.0000	0.0000	0.0000	0.0000	0.0000	0.0000	0.0000	0.0000	0.0000	0.0000	0.0000	0.0000	0.0000	0.0000	0.0000	0.0000	0.0000	0.0000	0.0000											
16	109	0.3417	10	0	1	0	1	0	0	0	0	N	N	N	N	N	N	N	N	N	N	N	N	0.0000	0.0000	0.0000	0.0000	0.0000	0.0000	0.0000	0.0000	0.0000	0.0000	0.0000	0.0000	0.0000	0.0000	0.0000	0.0000	0.0000	0.0000	0.0000	0.0000	0.0000	7.7801	0.0000	32.2209	0.0000	0.0000	0.0000	0.0000	0.0000	0.0000	0.0000	0.0000	0.0000	0.0000	0.0000	0.0000	0.0000	0.0000	0.0000	0.0000	0.0000	0.0000	0.0000	0.0000	0.0000	0.0000	0.0000	0.0000	0.0000	0.0000	0.0000	0.0000	0.0000	0.0000	0.0000	0.0000	0.0000	0.0000	0.0000	0.0000	0.0000	0.0000	0.0000	0.0000	0.0000	0.0000	0.0000	0.0000	0.0000	0.0000	0.0000	0.0000	0.0000	0.0000	0.0000	0.0000	0.0000	0.0000											
17	18	0.1276	2	0	1	0	1	0	0	0	0	N	N	N	N	N	N	N	N	N	N	N	N	0.0519	1.0217	0.0000	0.5424	3.6864	0.0000	0.0000	0.0000	0.0012	0.0013	0.0000	0.0078	0.0080	0.0000	0.0000	0.0000	0.0000	0.0229	0.0013	0.0678	0.0143	0.0022	0.0762	0.0313	0.0000	0.0650	0.0000	24.7418	-0.0000	0.0007	2.2039	0.9969	8.9910	1.0186	0.0001	0.0001	0.0000	0.0001	0.0001	0.0000	0.0000	0.0000	0.0000	0.0015	0.0001	0.0015	0.0005	0.0001	0.0004	0.0011	0.0000	0.0011	0.0435	0.0384	0.0051	0.0067	0.0065	0.0002	0.0368	0.0319	0.0049	0.0668	0.0451	0.0217	0.0329	0.0275	0.0054	0.0339	0.0176	0.0163	0.0519	1.0217	0.0000	0.5424	3.6864	0.0000	0.0000	0.0000	0.0000	0.0229	0.0013	0.0678	0.0143	0.0022	0.0762	0.0313	0.0000	0.0650	
17	19	0.0692	2	1	1	1	0	0	0	0	0	N	N	N	N	N	N	N	N	N	N	N	N	0.1284	1.1774	0.1367	0.2325	0.4878	2.6698	0.0035	0.0000	0.0641	0.0005	0.0000	0.0105	0.0140	0.0000	0.1455	0.0276	0.0000	0.0544	0.0033	0.0000	0.0452	0.0287	0.0000	0.0545	inf	inf	0.0003	0.0009	2.2039	0.3962	8.9910	2.0067	0.0003	0.0000	0.0003	0.0000	0.0000	0.0000	0.0003	0.0000	0.0003	0.0019	0.0000	0.0019	0.0000	0.0000	0.0000	0.0019	0.0000	0.0019	0.0797	0.0753	0.0044	0.0616	0.0589	0.0027	0.0182	0.0164	0.0018	0.0681	0.0336	0.0346	0.0030	0.0028	0.0002	0.0652	0.0308	0.0344	0.1284	0.0000	1.1774	0.1367	0.0000	0.2325	0.4878	0.0000	2.6698	0.0276	0.0000	0.0544	0.0033	0.0000	0.0452	0.0287	0.0000	0.0545			
17	20	0.0986	4	0	2	0	0	0	0	0	0	N	Y	N	N	N	N	N	N	N	N	N	N	0.0000	0.0000	0.0000	0.0000	0.0000	0.0000	0.0000	0.0000	0.0000	0.0000	0.0000	0.0000	0.0000	0.0000	0.0000	0.0000	0.0000	0.2573	0.0004	0.7368	0.0031	0.0007	0.0197	0.4238	0.0000	0.8583	1033.0000	0.0000	0.0049	2.2039	0.0000	8.9910	3.0021	0.0000	0.0000	0.0000	0.0000	0.0000	0.0000	0.0000	0.0000	0.0000	0.0103	0.0000	0.0103	0.0000	0.0000	0.0000	0.0103	0.0000	0.0103	0.0000	0.0000	0.0000	0.0000	0.0000	0.0000	0.0000	0.0000	0.0000	0.0402	0.0262	0.0140	0.0159	0.0139	0.0020	0.0243	0.0123	0.0120	0.0000	0.0000	0.0000	0.0000	0.0000	0.0000	0.0000	0.0000	0.0000	0.2573	0.0004	0.7368	0.0031	0.0007	0.0197	0.4238	0.0000	0.8583		
17	23	0.0932	3	0	2	0	0	0	0	0	0	N	Y	N	N	N	N	N	N	N	N	N	N	0.0000	0.0000	0.0000	0.0000	0.0000	0.0000	0.0000	0.0000	0.0000	0.0000	0.0000	0.0000	0.0000	0.1475	0.2255	0.0000	0.3261	0.3628	0.0000	0.0000	0.0000	0.0000	0.0000	0.0000	-0.0241	2.2039	0.0000	8.9910	4.0676	0.0000	0.0000	0.0000	0.0000	0.0000	0.0000	0.0000	0.0000	0.0000	0.0462	0.0462	0.0000	0.0462	0.0462	0.0000	0.0000	0.0000	0.0000	0.0240	0.0184	0.0057	0.0139	0.0124	0.0014	0.0101	0.0059	0.0042	0.3135	0.2050	0.1084	0.1418	0.1274	0.0144	0.1717	0.0776	0.0941	0.0000	0.0000	0.0000	0.0000	0.0000	0.0000	0.0000	0.0000	0.0000	0.1475	0.2255	0.0000	0.3261	0.3628	0.0000	0.0000	0.0000	0.0000						
17	25	0.0671	2	0	2	0	0	0	0	0	0	N	Y	N	N	N	N	N	N	N	N	N	N	3.9821	0.0000	22.2442	8.0981	0.0000	18.4258	5.9067	26.0158	0.1400	0.0000	1.6261	0.0337	0.0000	0.7250	0.2255	0.0000	1.9116	0.0351	0.0003	0.0731	0.0042	0.0019	0.0393	0.0382	0.0000	0.0735	inf	215.6917	0.0107	0.0041	2.2039	1.0335	8.9910	7.4537	0.0118	0.0000	0.0118	0.0013	0.0000	0.0013	0.0105	0.0000	0.0105	0.0087	0.0000	0.0086	0.0001	0.0000	0.0001	0.0086	0.0000	0.0086	0.0842	0.0770	0.0073	0.0376	0.0358	0.0017	0.0467	0.0412	0.0055	0.2466	0.1286	0.1180	0.0220	0.0206	0.0013	0.2247	0.1079	0.1167	3.9821	0.0000	22.2442	8.0981	0.0000	18.4258	5.9067	0.0000	26.0158	0.0351	0.0003	0.0731	0.0042	0.0019	0.0393	0.0382	0.0000	0.0735	
17	27	0.1396	2	0	2	1	1	0	0	0	0	N	Y	N	N	N	N	N	N	N	N	N	N	5.8939	30.2966	7.9273	21.0678	2.7547	15.7778	0.0146	0.0000	0.1918	0.0257	0.0000	0.5387	0.0054	0.0000	0.0542	0.0025	0.0000	0.0063	0.0032	0.0000	0.0256	0.0020	0.0000	0.0034	inf	inf	0.0020	0.0003	2.2039	1.9923	8.9910	5.5017	0.0022	0.0000	0.0022	0.0017	0.0000	0.0017	0.0004	0.0000	0.0004	0.0005	0.0000	0.0005	0.0003	0.0000	0.0003	0.0003	0.0000	0.0003	0.1486	0.1373	0.0113	0.0671	0.0639	0.0032	0.0815	0.0734	0.0081	0.2148	0.1309	0.0839	0.0865	0.0755	0.0110	0.1283	0.0554	0.0729	5.8939	0.0000	30.2966	7.9273	0.0000	21.0678	2.7547	0.0000	15.7778	0.0025	0.0000	0.0063	0.0032	0.0000	0.0256	0.0020	0.0000	0.0034			
17	29	0.1069	4	1	2	0	0	0	0	0	0	N	Y	N	N	N	N	N	N	N	N	N	N	0.0000	0.0000	0.0000	0.0000	0.0000	0.0000	0.0000	0.0000	0.0000	0.0000	0.0000	0.0000	0.0000	0.0000	0.0000	0.0000	0.0000	0.0000	0.0000	0.0000	2.2039	0.0000	8.9910	0.0000	0.0000	0.0000	0.0000	0.0000	0.0000	0.0000	0.0000	0.0000	0.0000	0.0000	0.0000	0.0000	0.0000	0.0000	0.0000	0.0000	0.0000	0.0000	0.0000	0.0000	0.0000	0.0000	0.0000	0.0000	0.0000	0.0000	0.0000	0.0000	0.0000	0.0000	0.0000	0.0000	0.0000	0.0000	0.0000	0.0000	0.0000	0.0000	0.0000	0.0000	0.0000	0.0000	0.0000	0.0000	0.0000	0.0000	0.0000	0.0000	0.0000	0.0000	0.0000	0.0000	0.0000	0.0000											
17	32	0.4740	8	0	1	1	0	0	0	0	0	N	N	N	N	N	N	N	N	N	N	N	N	0.0027	0.0073	0.0000	0.0180	0.0230	0.0000	0.0000	0.0000	0.0010	0.0011	0.0000	0.0053	0.0055	0.0000	0.0000	0.0000	0.0000	0.3599	0.1493	0.7955	0.2934	0.2374	0.6346	0.4247	0.0000	0.8393	0.0000	2.5752	-0.0000	0.0254	2.2039	2.4598	8.9910	7.4321	0.0001	0.0001	0.0000	0.0001	0.0001	0.0000	0.0000	0.0000	0.0000	0.1274	0.0356	0.0918	0.0513	0.0356	0.0156	0.0761	0.0000	0.0761	0.1089	0.0966	0.0123	0.0200	0.0193	0.0006	0.0889	0.0772	0.0117	0.3540	0.2386	0.1153	0.1748	0.1501	0.0247	0.1792	0.0885	0.0907	0.0027	0.0073	0.0000	0.0180	0.0230	0.0000	0.0000	0.0000	0.0000	0.3599	0.1493	0.7955	0.2934	0.2374	0.6346	0.4247	0.0000	0.8393	
17	33	0.4357	7	0	1	0	0	0	0	0	0	N	N	N	N	N	N	N	N	N	N	N	N	0.0005	0.0065	0.0000	0.0008	0.0009	0.0000	0.0003	0.0097	0.0000	0.0009	0.0010	0.0000	0.0002	0.0002	0.0000	0.0011	0.0012	0.0000	1.9911	0.1587	5.6674	0.1889	0.1845	0.2180	3.3249	0.1266	6.7623	0.0000	17.8033	-0.0000	0.3364	2.2039	2.7943	8.9910	8.2643	0.0001	0.0001	0.0000	0.0000	0.0000	0.0000	0.0001	0.0001	0.0000	0.7901	0.0420	0.7481	0.0319	0.0271	0.0048	0.7582	0.0150	0.7433	0.1185	0.1049	0.0136	0.0192	0.0186	0.0005	0.0994	0.0863	0.0131	0.3968	0.2648	0.1320	0.1688	0.1467	0.0221	0.2280	0.1181	0.1099	0.0005	0.0065	0.0000	0.0008	0.0009	0.0000	0.0003	0.0097	0.0000	1.9911	0.1587	5.6674	0.1889	0.1845	0.2180	3.3249	0.1266	6.7623
17	34	0.1046	2	0	2	0	0	0	0	0	0	N	Y	N	N	N	N	N	N	N	N	N	N	7.0114	164.8525	0.0000	28.7863	158.1670	0.0000	0.0000	0.0000	0.3452	0.4910	0.0000	0.5856	0.6902	0.0000	0.0000	0.0000	0.0000	0.0492	0.0030	0.1386	0.0203	0.0044	0.0811	0.0872	0.0000	0.1691	0.0000	24.0953	-0.0000	0.0025	2.2039	0.0009	8.9910	2.4415	0.0002	0.0002	0.0000	0.0002	0.0002	0.0000	0.0000	0.0000	0.0000	0.0058	0.0002	0.0056	0.0014	0.0002	0.0011	0.0044	0.0000	0.0044	0.0006	0.0004	0.0002	0.0003	0.0003	0.0001	0.0002	0.0001	0.0001	0.1178	0.0776	0.0402	0.0669	0.0530	0.0139	0.0509	0.0246	0.0263	7.0114	164.8525	0.0000	28.7863	158.1670	0.0000	0.0000	0.0000	0.0000	0.0492	0.0030	0.1386	0.0203	0.0044	0.0811	0.0872	0.0000	0.1691	
17	36	0.1396	2	0	2	0	0	0	0	0	0	N	Y	N	N	N	N	N	N	N	N	N	N	324.7246	1475.1481	277.3292	424.4267	291.4332	1735.7336	0.9356	0.0000	10.9403	1.0431	0.0000	12.7822	0.6651	0.0000	6.9741	0.0029	0.0000	0.0074	0.0038	0.0000	0.0301	0.0023	0.0000	0.0040	inf	inf	0.0020	0.0003	2.2039	0.0123	8.9910	6.2120	0.0022	0.0000	0.0022	0.0017	0.0000	0.0017	0.0004	0.0000	0.0004	0.0005	0.0000	0.0005	0.0003	0.0000	0.0003	0.0003	0.0000	0.0003	0.0023	0.0021	0.0002	0.0017	0.0015	0.0001	0.0007	0.0006	0.0001	0.1844	0.1128	0.0716	0.0747	0.0654	0.0093	0.1097	0.0474	0.0623	324.7246	0.0000	1475.1481	277.3292	0.0000	424.4267	291.4332	0.0000	1735.7336	0.0029	0.0000	0.0074	0.0038	0.0000	0.0301	0.0023	0.0000	0.0040			
17	40	0.1046	2	0	1	1	0	0	0	0	0	N	N	N	N	N	N	N	N	N	N	N	N	15.1748	359.4083	0.0000	56.2171	314.0248	0.0000	0.0000	0.0000	0.3452	0.4910	0.0000	0.5856	0.6902	0.0000	0.0000	0.0000	0.0000	0.0228	0.0014	0.0649	0.0104	0.0022	0.0443	0.0357	0.0000	0.0737	0.0000	24.0953	-0.0000	0.0025	2.2039	0.0009	8.9910	7.7842	0.0002	0.0002	0.0000	0.0002	0.0002	0.0000	0.0000	0.0000	0.0000	0.0058	0.0002	0.0056	0.0014	0.0002	0.0011	0.0044	0.0000	0.0044	0.0006	0.0004	0.0002	0.0003	0.0003	0.0001	0.0002	0.0001	0.0001	0.2550	0.1692	0.0858	0.1307	0.1052	0.0255	0.1243	0.0640	0.0603	15.1748	359.4083	0.0000	56.2171	314.0248	0.0000	0.0000	0.0000	0.0000	0.0228	0.0014	0.0649	0.0104	0.0022	0.0443	0.0357	0.0000	0.0737	
17	42	0.1191	2	0	2	0	0	0	0	0	0	N	Y	N	N	N	N	N	N	N	N	N	N	3.3106	3.0452	3.1394	3.9652	0.1973	0.2412	0.0000	0.3616	0.4845	0.0000	0.0000	0.0000	0.0000	0.0596	0.0792	0.0000	0.1152	0.1222	0.0000	0.0000	0.0000	0.0000	0.0000	0.0000	-0.0000	-0.0000	2.2039	0.0003	8.9910	0.0002	0.0000	0.0000	0.0000	0.0000	0.0000	0.0000	0.0000	0.0000	0.0000	0.0000	0.0000	0.0000	0.0000	0.0000	0.0000	0.0000	0.0000	0.0000	0.0000	0.0000	0.0000	0.0000	0.0000	0.0000	0.0000	0.0000	0.0000	0.0001	0.0001	0.0000	0.0001	0.0000	0.0000	0.0000	0.0000	0.0000	3.3106	3.0452	0.0000	3.1394	3.9652	0.0000	0.0000	0.0000	0.0000	0.0596	0.0792	0.0000	0.1152	0.1222	0.0000	0.0000	0.0000	0.0000					
17	43	0.0751	2	1	2	1	0	0	0	0	0	N	Y	N	N	N	N	N	N	N	N	N	N	0.0000	0.0000	0.0000	0.0000	0.0000	0.0000	0.0000	0.0000	0.0000	0.0000	0.0000	0.0000	0.0000	0.0000	0.0000	0.0000	0.0000	0.0000	0.0000	0.0000	2.2039	0.0000	8.9910	2.0000	0.0000	0.0000	0.0000	0.0000	0.0000	0.0000	0.0000	0.0000	0.0000	0.0000	0.0000	0.0000	0.0000	0.0000	0.0000	0.0000	0.0000	0.0000	0.0000	0.0000	0.0000	0.0000	0.0000	0.0000	0.0000	0.0000	0.0000	0.0602	0.0354	0.0248	0.0124	0.0096	0.0028	0.0478	0.0258	0.0220	0.0000	0.0000	0.0000	0.0000	0.0000	0.0000	0.0000	0.0000	0.0000	0.0000	0.0000	0.0000	0.0000	0.0000	0.0000	0.0000	0.0000	0.0000											
17	44	0.0751	2	1	2	1	0	0	0	0	0	N	Y	N	N	N	N	N	N	N	N	N	N	0.0000	0.0000	0.0000	0.0000	0.0000	0.0000	0.0000	0.0000	0.0000	0.0000	0.0000	0.0000	0.0000	0.0000	0.0000	0.0000	0.0000	0.0000	0.0000	0.0000	2.2039	0.0000	8.9910	0.0000	0.0000	0.0000	0.0000	0.0000	0.0000	0.0000	0.0000	0.0000	0.0000	0.0000	0.0000	0.0000	0.0000	0.0000	0.0000	0.0000	0.0000	0.0000	0.0000	0.0000	0.0000	0.0000	0.0000	0.0000	0.0000	0.0000	0.0000	0.0000	0.0000	0.0000	0.0000	0.0000	0.0000	0.0000	0.0000	0.0000	0.0000	0.0000	0.0000	0.0000	0.0000	0.0000	0.0000	0.0000	0.0000	0.0000	0.0000	0.0000	0.0000	0.0000	0.0000	0.0000	0.0000	0.0000											
17	48	0.1276	2	0	1	0	1	0	0	0	0	N	N	N	N	N	N	N	N	N	N	N	N	10.3705	226.8377	0.0000	43.3999	328.6220	0.0000	0.0000	0.0000	0.1675	0.2112	0.0000	0.4395	0.5071	0.0000	0.0000	0.0000	0.0000	0.0161	0.0009	0.0476	0.0101	0.0015	0.0522	0.0219	0.0000	0.0460	0.0000	24.7418	-0.0000	0.0007	2.2039	0.0037	8.9910	3.0208	0.0001	0.0001	0.0000	0.0001	0.0001	0.0000	0.0000	0.0000	0.0000	0.0015	0.0001	0.0015	0.0005	0.0001	0.0004	0.0011	0.0000	0.0011	0.0003	0.0002	0.0001	0.0001	0.0001	0.0000	0.0002	0.0001	0.0000	0.0947	0.0638	0.0309	0.0464	0.0385	0.0078	0.0484	0.0253	0.0230	10.3705	226.8377	0.0000	43.3999	328.6220	0.0000	0.0000	0.0000	0.0000	0.0161	0.0009	0.0476	0.0101	0.0015	0.0522	0.0219	0.0000	0.0460	
17	50	0.0840	2	0	2	1	0	0	0	0	0	N	Y	N	N	N	N	N	N	N	N	N	N	5645.0542	4000.2623	130.6997	3017.0785	2909.8966	19.9267	7622.4430	inf	345.3596	2.3323	2.5810	0.0126	3.7816	4.1705	0.0075	0.2314	0.2554	0.0195	0.0004	0.0006	0.0001	0.0013	0.0014	0.0004	0.0000	0.0000	0.0001	0.0005	0.1100	-0.0337	-0.0000	2.2039	1.4428	8.9910	0.4686	0.3543	0.3541	0.0002	0.3399	0.3399	0.0001	0.0143	0.0142	0.0001	0.0000	0.0000	0.0000	0.0000	0.0000	0.0000	0.0000	0.0000	0.0000	0.1519	0.1372	0.0147	0.0899	0.0815	0.0084	0.0620	0.0557	0.0063	0.0774	0.0446	0.0327	0.0242	0.0201	0.0041	0.0532	0.0245	0.0286	5645.0542	4000.2623	130.6997	3017.0785	2909.8966	19.9267	7622.4430	inf	345.3596	0.0004	0.0006	0.0001	0.0013	0.0014	0.0004	0.0000	0.0000	0.0001
17	52	0.0717	2	1	1	1	0	0	0	0	0	N	N	N	N	N	N	N	N	N	N	N	N	0.0221	0.0000	0.1266	1.6170	0.0000	1.5797	0.0262	0.1252	0.1266	0.0000	1.4691	0.0497	0.0000	1.5153	0.1669	0.0000	1.4621	5.7177	0.0010	11.6037	0.0307	0.0050	0.9592	6.3724	0.0000	11.6747	inf	11456.4787	0.0077	0.4938	2.2039	0.9976	8.9910	4.7732	0.0085	0.0000	0.0085	0.0011	0.0000	0.0011	0.0073	0.0000	0.0073	1.0312	0.0001	1.0311	0.0006	0.0001	0.0005	1.0306	0.0000	1.0306	0.0670	0.0613	0.0058	0.0231	0.0223	0.0008	0.0440	0.0389	0.0050	0.1803	0.0915	0.0889	0.0186	0.0180	0.0006	0.1617	0.0735	0.0883	0.0221	0.0000	0.1266	1.6170	0.0000	1.8296	0.0262	0.0000	0.1252	5.7177	0.0010	11.6037	0.0307	0.0050	0.8282	6.3724	0.0000	11.6747	
17	55	0.0703	2	0	2	0	0	0	0	0	0	N	Y	N	N	N	N	N	N	N	N	N	N	3.5970	52.0967	0.0000	39.1749	38.9089	0.0000	0.0000	0.0000	0.4067	0.6102	0.0000	0.7317	0.8191	0.0000	0.0000	0.0000	0.0000	0.1131	0.0117	0.2967	0.0187	0.0211	0.0070	0.1846	0.0000	0.3710	0.0000	13.9812	-0.0001	0.0150	2.2039	0.0041	8.9910	6.2745	0.0013	0.0013	0.0000	0.0013	0.0013	0.0000	0.0000	0.0000	0.0000	0.0365	0.0024	0.0341	0.0026	0.0024	0.0002	0.0339	0.0000	0.0339	0.0032	0.0021	0.0011	0.0018	0.0016	0.0002	0.0014	0.0005	0.0009	0.3227	0.2080	0.1148	0.1391	0.1157	0.0234	0.1836	0.0923	0.0914	3.5970	52.0967	0.0000	39.1749	38.9089	0.0000	0.0000	0.0000	0.0000	0.1131	0.0117	0.2967	0.0187	0.0211	0.0070	0.1846	0.0000	0.3710	
17	56	0.1191	2	0	1	1	0	0	0	0	0	N	N	N	N	N	N	N	N	N	N	N	N	55.6264	inf	0.0000	0.0000	0.0000	34.7614	inf	0.0000	3.0993	3.4671	0.0000	0.0000	0.0000	0.0000	3.5975	4.0894	0.0000	0.0557	0.0000	0.1636	0.0000	0.0000	0.0000	0.1035	0.0000	0.2204	0.0000	inf	-0.2106	0.0148	2.2039	18.9997	8.9910	4.0000	2.2038	2.2038	0.0000	0.0000	0.0000	0.0000	2.2038	2.2038	0.0000	0.0309	0.0000	0.0309	0.0000	0.0000	0.0000	0.0309	0.0000	0.0309	0.7111	0.6356	0.0754	0.0985	0.0967	0.0017	0.6126	0.5389	0.0737	0.5552	0.3662	0.1890	0.2563	0.2076	0.0487	0.2989	0.1585	0.1404	55.6264	inf	0.0000	0.0000	0.0000	0.0000	34.7614	inf	0.0000	0.0557	0.0000	0.1636	0.0000	0.0000	0.0000	0.1035	0.0000	0.2204	
17	58	0.0699	3	1	2	0	0	0	0	0	0	N	Y	N	N	N	N	N	N	N	N	N	N	31.8294	0.0000	229.3045	3.3556	0.0000	43.7165	62.1258	269.7920	0.1425	0.0000	1.6518	0.0416	0.0000	0.8809	0.2242	0.0000	1.9023	0.0045	0.0021	0.0072	0.0124	0.0120	0.0201	0.0036	0.0000	0.0071	inf	3.0193	0.0099	0.0003	2.2039	0.9359	8.9910	8.5945	0.0110	0.0000	0.0110	0.0014	0.0000	0.0014	0.0095	0.0000	0.0095	0.0012	0.0003	0.0009	0.0003	0.0003	0.0000	0.0009	0.0000	0.0009	0.0769	0.0703	0.0066	0.0344	0.0328	0.0016	0.0425	0.0375	0.0050	0.2783	0.1484	0.1299	0.0274	0.0259	0.0015	0.2509	0.1225	0.1284	31.8294	0.0000	229.3045	3.3556	0.0000	43.7165	62.1258	0.0000	269.7920	0.0045	0.0021	0.0072	0.0124	0.0120	0.0201	0.0036	0.0000	0.0071	
17	59	0.0671	2	0	2	0	0	0	0	0	0	N	Y	N	N	N	N	N	N	N	N	N	N	9.2965	24.4786	18.8817	18.1896	17.6729	16.9715	7.5814	0.1034	21.1005	1.1264	0.6169	4.8645	1.2560	1.1864	2.5529	1.0058	0.0007	5.4592	0.1212	0.0252	0.2576	0.0691	0.0671	0.1504	0.1327	0.0072	0.2587	1.0747	7.1882	0.0096	0.0035	2.2039	0.1706	8.9910	1.8413	0.0226	0.0109	0.0117	0.0122	0.0109	0.0013	0.0105	0.0000	0.0105	0.0099	0.0012	0.0087	0.0010	0.0010	0.0001	0.0089	0.0002	0.0086	0.0201	0.0177	0.0024	0.0097	0.0092	0.0005	0.0104	0.0085	0.0019	0.0817	0.0480	0.0337	0.0148	0.0144	0.0003	0.0669	0.0335	0.0334	9.2965	24.4786	18.8817	18.1896	17.6729	16.9715	7.5814	0.1034	21.1005	0.1212	0.0252	0.2576	0.0691	0.0671	0.1504	0.1327	0.0072	0.2587
17	61	0.4421	8	0	1	0	0	0	0	0	0	N	N	N	N	N	N	N	N	N	N	N	N	0.0003	0.0486	0.0000	0.0586	0.1415	0.0000	0.0000	0.0000	0.0005	0.0006	0.0000	0.0031	0.0031	0.0000	0.0000	0.0000	0.0000	1.9449	0.0116	5.6531	0.0522	0.0223	0.2248	3.2212	0.0000	6.7945	0.0000	253.6740	-0.0000	0.3754	2.2039	1.0140	8.9910	12.0537	0.0000	0.0000	0.0000	0.0000	0.0000	0.0000	0.0000	0.0000	0.0000	0.7904	0.0031	0.7873	0.0085	0.0031	0.0054	0.7818	0.0000	0.7818	0.0442	0.0390	0.0051	0.0072	0.0070	0.0002	0.0370	0.0320	0.0049	0.4064	0.2671	0.1393	0.1637	0.1395	0.0242	0.2427	0.1276	0.1151	0.0003	0.0486	0.0000	0.0586	0.1415	0.0000	0.0000	0.0000	0.0000	1.9449	0.0116	5.6531	0.0522	0.0223	0.2248	3.2212	0.0000	6.7945	
17	62	0.3662	5	0	1	0	0	0	0	0	0	N	N	N	N	N	N	N	N	N	N	N	N	0.0760	0.0859	0.0000	0.3249	0.4305	0.0000	0.0000	0.0000	0.0000	0.1111	0.1268	0.0000	0.3619	0.4185	0.0000	0.0000	0.0000	0.0000	1.4618	1.4764	1.4300	1.1138	0.9722	2.9719	1.7964	2.2721	1.2792	0.0000	0.4461	-0.0099	-0.4802	2.2039	22.0948	8.9910	64.3951	0.1035	0.1035	0.0000	0.1035	0.1035	0.0000	0.0000	0.0000	0.0000	2.2586	1.5618	0.6967	0.8436	0.6296	0.2140	1.4150	0.9322	0.4828	0.9314	0.8164	0.1150	0.2860	0.2473	0.0387	0.6454	0.5691	0.0763	1.5451	1.0579	0.4872	0.7574	0.6476	0.1098	0.7877	0.4103	0.3774	0.0760	0.0859	0.0000	0.3249	0.4305	0.0000	0.0000	0.0000	0.0000	1.4618	1.4764	1.4300	1.1138	0.9722	1.9482	1.7964	2.2721	1.2792
17	63	0.1594	4	0	1	0	0	0	0	0	0	N	N	N	N	N	N	N	N	N	N	N	N	0.0451	0.1238	0.0000	0.3990	0.4357	0.0000	0.0000	0.0000	0.0067	0.0076	0.0000	0.0461	0.0476	0.0000	0.0000	0.0000	0.0000	0.1492	0.0616	0.3207	0.1156	0.1092	0.1593	0.1744	0.0000	0.3519	0.0000	2.6632	-0.0001	0.0265	2.2039	3.0638	8.9910	18.8214	0.0009	0.0009	0.0000	0.0009	0.0009	0.0000	0.0000	0.0000	0.0000	0.1288	0.0352	0.0937	0.0427	0.0352	0.0075	0.0861	0.0000	0.0861	0.1302	0.1149	0.0153	0.0190	0.0184	0.0006	0.1112	0.0965	0.0147	0.8632	0.5711	0.2921	0.3694	0.3220	0.0473	0.4938	0.2491	0.2447	0.0451	0.1238	0.0000	0.3990	0.4357	0.0000	0.0000	0.0000	0.0000	0.1492	0.0616	0.3207	0.1156	0.1092	0.1593	0.1744	0.0000	0.3519	
17	64	0.0703	2	1	2	1	0	0	0	0	0	N	Y	N	N	N	N	N	N	N	N	N	N	0.0108	0.0082	0.0000	17.2488	16.4653	0.0000	0.0000	0.0000	0.0000	0.0284	0.0327	0.0000	0.1832	0.1907	0.0000	0.0000	0.0000	0.0000	2.6220	4.0108	0.2347	0.0106	0.0116	0.0061	4.2502	8.0175	0.2862	0.0000	0.0340	-0.0001	-0.5050	2.2039	1.0029	8.9910	8.4685	0.0013	0.0013	0.0000	0.0013	0.0013	0.0000	0.0000	0.0000	0.0000	1.0344	1.0004	0.0341	0.0016	0.0014	0.0002	1.0328	0.9989	0.0339	0.0461	0.0400	0.0061	0.0071	0.0069	0.0003	0.0390	0.0331	0.0058	0.3945	0.2494	0.1451	0.1515	0.1248	0.0267	0.2430	0.1246	0.1184	0.0108	0.0082	0.0000	17.2488	16.4653	0.0000	0.0000	0.0000	0.0000	2.6220	4.0108	0.2347	0.0106	0.0116	0.0061	4.2502	8.0175	0.2862
17	66	0.4421	8	0	2	0	0	0	0	0	0	N	Y	N	N	N	N	N	N	N	N	N	N	0.0009	0.0007	0.0023	0.0020	0.0005	0.0006	0.0000	0.0031	0.0032	0.0000	0.0000	0.0000	0.0000	0.5316	0.8094	0.0000	1.3236	1.5551	0.0000	0.0000	0.0000	0.0000	0.0000	0.0000	-0.0000	-0.1153	2.2039	1.0110	8.9910	12.5479	0.0000	0.0000	0.0000	0.0000	0.0000	0.0000	0.0000	0.0000	0.0000	0.2213	0.2213	0.0000	0.2213	0.2213	0.0000	0.0000	0.0000	0.0000	0.0440	0.0389	0.0051	0.0072	0.0070	0.0002	0.0368	0.0319	0.0049	0.4163	0.2734	0.1429	0.1672	0.1423	0.0249	0.2491	0.1311	0.1180	0.0009	0.0007	0.0000	0.0023	0.0020	0.0000	0.0000	0.0000	0.0000	0.5316	0.8094	0.0000	1.3236	1.5551	0.0000	0.0000	0.0000	0.0000					
17	67	0.4357	7	0	1	0	0	0	0	0	0	N	N	N	N	N	N	N	N	N	N	N	N	0.0003	0.0005	0.0000	0.0002	0.0002	0.0000	0.0004	0.0079	0.0000	0.0006	0.0007	0.0000	0.0004	0.0005	0.0000	0.0006	0.0007	0.0000	1.7794	1.3302	2.7946	1.9091	2.0508	0.1596	1.6626	0.0907	3.1394	0.0000	0.9298	-0.0000	-0.0139	2.2039	0.9784	8.9910	1.5217	0.0000	0.0000	0.0000	0.0000	0.0000	0.0000	0.0000	0.0000	0.0000	0.3535	0.1832	0.1703	0.1797	0.1786	0.0011	0.1738	0.0046	0.1692	0.0426	0.0377	0.0049	0.0069	0.0067	0.0002	0.0357	0.0309	0.0048	0.1987	0.1377	0.0610	0.0941	0.0871	0.0071	0.1045	0.0506	0.0539	0.0003	0.0005	0.0000	0.0002	0.0002	0.0000	0.0004	0.0079	0.0000	1.7794	1.3302	2.7946	1.9091	2.0508	0.1596	1.6626	0.0907	3.1394
17	68	0.4055	6	0	1	0	0	0	0	0	0	N	N	N	N	N	N	N	N	N	N	N	N	0.0111	0.0360	0.0000	0.1385	0.1232	0.0000	0.0001	0.0018	0.0000	0.0075	0.0085	0.0000	0.0428	0.0444	0.0000	0.0001	0.0001	0.0000	0.6770	0.2355	1.5810	0.3094	0.3602	0.0419	1.0134	0.0500	2.0469	0.0000	3.2796	-0.0000	0.0679	2.2039	1.0531	8.9910	9.0748	0.0004	0.0004	0.0000	0.0003	0.0003	0.0000	0.0000	0.0000	0.0000	0.2770	0.0647	0.2123	0.0605	0.0592	0.0013	0.2165	0.0055	0.2110	0.0471	0.0416	0.0055	0.0082	0.0079	0.0003	0.0389	0.0337	0.0052	0.4091	0.2749	0.1343	0.1955	0.1643	0.0312	0.2136	0.1106	0.1031	0.0111	0.0360	0.0000	0.1385	0.1232	0.0000	0.0001	0.0018	0.0000	0.6770	0.2355	1.5810	0.3094	0.3602	0.0419	1.0134	0.0500	2.0469
17	71	0.1053	5	0	1	1	0	0	0	0	0	N	N	N	N	N	N	N	N	N	N	N	N	0.0000	0.0000	0.0000	0.0000	0.0000	0.0000	0.0000	0.0000	0.0000	0.0000	0.0000	0.0000	0.0000	0.0014	0.0000	0.0041	0.0000	0.0000	0.0000	0.0024	0.0000	0.0048	inf	0.0000	0.0000	2.2039	1.0000	8.9910	0.0055	0.0000	0.0000	0.0000	0.0000	0.0000	0.0000	0.0000	0.0000	0.0000	0.0000	0.0000	0.0000	0.0000	0.0000	0.0000	0.0000	0.0000	0.0000	0.0205	0.0178	0.0027	0.0000	0.0000	0.0000	0.0205	0.0178	0.0027	0.0209	0.0135	0.0074	0.0082	0.0071	0.0011	0.0127	0.0064	0.0063	0.0000	0.0000	0.0000	0.0000	0.0000	0.0000	0.0000	0.0000	0.0000	0.0014	0.0000	0.0041	0.0000	0.0000	0.0000	0.0024	0.0000	0.0048						
17	72	0.0986	4	0	1	1	0	0	0	0	0	N	N	N	N	N	N	N	N	N	N	N	N	0.0000	0.0000	0.0000	0.0000	0.0000	0.0000	0.0000	0.0000	0.0000	0.0000	0.0000	0.0000	0.0000	0.0000	0.0000	0.0000	0.0000	0.4470	0.0026	1.2988	0.0085	0.0048	0.0350	0.7425	0.0000	1.5107	260.2501	0.0000	0.0049	2.2039	0.0000	8.9910	1.0265	0.0000	0.0000	0.0000	0.0000	0.0000	0.0000	0.0000	0.0000	0.0000	0.0104	0.0000	0.0103	0.0001	0.0000	0.0000	0.0103	0.0000	0.0103	0.0000	0.0000	0.0000	0.0000	0.0000	0.0000	0.0000	0.0000	0.0000	0.0232	0.0152	0.0080	0.0093	0.0082	0.0011	0.0139	0.0070	0.0068	0.0000	0.0000	0.0000	0.0000	0.0000	0.0000	0.0000	0.0000	0.0000	0.4470	0.0026	1.2988	0.0085	0.0048	0.0350	0.7425	0.0000	1.5107		
17	73	0.0932	3	0	1	0	0	0	0	0	0	N	N	N	N	N	N	N	N	N	N	N	N	0.0000	0.0000	0.0000	0.0000	0.0000	0.0000	0.0000	0.0000	0.0000	0.0000	0.0000	0.0000	0.0000	0.0000	0.0000	0.0000	0.0000	0.0000	3.9458	0.0041	11.9748	0.0079	0.0054	0.0350	8.2371	0.0008	13.8568	1444.3730	0.0000	0.4520	2.2039	0.0000	8.9910	1.0321	0.0000	0.0000	0.0000	0.0000	0.0000	0.0000	0.0000	0.0000	0.0000	0.9451	0.0007	0.9444	0.0010	0.0006	0.0004	0.9441	0.0000	0.9440	0.0240	0.0184	0.0057	0.0139	0.0124	0.0014	0.0101	0.0059	0.0042	0.2395	0.1606	0.0789	0.1249	0.1142	0.0107	0.1146	0.0465	0.0681	0.0000	0.0000	0.0000	0.0000	0.0000	0.0000	0.0000	0.0000	0.0000	3.9458	0.0041	11.9748	0.0079	0.0054	0.0350	8.2371	0.0008	13.8568	
17	74	0.0704	2	0	1	0	0	0	0	0	0	N	N	N	N	N	N	N	N	N	N	N	N	2.7812	4.8261	1.5582	5.3211	5.5527	0.4820	1.5538	6.4237	1.7049	0.3712	0.3778	0.3504	0.6187	0.6817	0.0136	0.2236	0.1336	0.4082	0.1335	0.0783	0.2249	0.1163	0.1228	0.0282	0.1439	0.0208	0.2394	0.2937	1.7346	0.0026	0.0088	2.2039	0.5629	8.9910	8.5245	0.0198	0.0153	0.0045	0.0124	0.0123	0.0000	0.0075	0.0030	0.0045	0.0781	0.0286	0.0496	0.0257	0.0253	0.0004	0.0524	0.0033	0.0491	0.0534	0.0406	0.0129	0.0200	0.0181	0.0019	0.0335	0.0225	0.0110	0.5854	0.3650	0.2204	0.2209	0.2058	0.0152	0.3644	0.1592	0.2052	2.7812	4.8261	1.5582	5.3211	5.5527	0.4820	1.5538	6.4237	1.7049	0.1335	0.0783	0.2249	0.1163	0.1228	0.0282	0.1439	0.0208	0.2394
17	75	0.0874	3	0	2	0	0	0	0	0	0	N	Y	N	N	N	N	N	N	N	N	N	N	0.0000	0.0000	0.0000	0.0000	0.0000	0.0000	0.0000	0.0000	0.0000	0.0000	0.0000	0.0000	0.0000	0.0000	0.0000	0.0000	0.0000	0.0022	0.0017	0.0034	0.0032	0.0034	0.0014	0.0016	0.0000	0.0037	0.8517	0.0000	-0.0000	2.2039	1.9994	8.9910	4.0943	0.0000	0.0000	0.0000	0.0000	0.0000	0.0000	0.0000	0.0000	0.0000	0.0004	0.0002	0.0002	0.0002	0.0002	0.0000	0.0002	0.0000	0.0002	0.0414	0.0361	0.0054	0.0000	0.0000	0.0000	0.0414	0.0360	0.0054	0.1656	0.1149	0.0507	0.0660	0.0588	0.0071	0.0996	0.0560	0.0436	0.0000	0.0000	0.0000	0.0000	0.0000	0.0000	0.0000	0.0000	0.0000	0.0022	0.0017	0.0034	0.0032	0.0034	0.0014	0.0016	0.0000	0.0037		
17	76	0.0811	2	0	1	0	0	0	0	0	0	N	N	N	N	N	N	N	N	N	N	N	N	0.0000	0.0000	0.0000	0.0000	0.0000	0.0000	0.0000	0.0000	0.0000	0.0000	0.0000	0.0000	0.0000	0.0000	0.0000	0.0000	0.0000	0.0000	2.9996	0.7699	8.0608	1.3485	1.2906	2.9632	4.2178	0.1149	8.9236	4.6123	0.0000	0.0866	2.2039	0.0011	8.9910	2.7207	0.0000	0.0000	0.0000	0.0000	0.0000	0.0000	0.0000	0.0000	0.0000	0.2879	0.0513	0.2366	0.0550	0.0479	0.0070	0.2330	0.0034	0.2296	0.0000	0.0000	0.0000	0.0000	0.0000	0.0000	0.0000	0.0000	0.0000	0.0960	0.0666	0.0294	0.0407	0.0371	0.0036	0.0552	0.0295	0.0257	0.0000	0.0000	0.0000	0.0000	0.0000	0.0000	0.0000	0.0000	0.0000	2.9996	0.7699	8.0608	1.3485	1.2906	1.9416	4.2178	0.1149	8.9236	
17	78	0.0692	2	1	1	1	0	0	0	0	0	N	N	N	N	N	N	N	N	N	N	N	N	0.0417	0.3203	0.0606	0.0949	0.0895	0.4806	0.0017	0.0000	0.0252	0.0003	0.0000	0.0062	0.0037	0.0000	0.0379	0.0400	0.0000	0.0788	0.0046	0.0000	0.0657	0.0417	0.0000	0.0788	inf	inf	0.0003	0.0009	2.2039	1.6246	8.9910	0.0115	0.0003	0.0000	0.0003	0.0000	0.0000	0.0000	0.0003	0.0000	0.0003	0.0019	0.0000	0.0019	0.0000	0.0000	0.0000	0.0019	0.0000	0.0019	0.1698	0.1585	0.0112	0.1015	0.0970	0.0045	0.0683	0.0616	0.0067	0.0471	0.0232	0.0239	0.0022	0.0020	0.0002	0.0449	0.0212	0.0238	0.0417	0.0000	0.3203	0.0606	0.0000	0.0949	0.0895	0.0000	0.4806	0.0400	0.0000	0.0788	0.0046	0.0000	0.0657	0.0417	0.0000	0.0788			
17	83	0.1594	4	0	1	0	0	0	0	0	0	N	N	N	N	N	N	N	N	N	N	N	N	0.0008	0.0006	0.0000	0.1895	0.2145	0.0000	0.0000	0.0000	0.0000	0.0023	0.0025	0.0000	0.0158	0.0162	0.0000	0.0000	0.0000	0.0000	2.8673	4.3060	0.2451	0.0836	0.0756	0.1331	4.5520	8.5801	0.2646	0.0000	0.0312	-0.0001	-1.5177	2.2039	10.0679	8.9910	33.8159	0.0009	0.0009	0.0000	0.0009	0.0009	0.0000	0.0000	0.0000	0.0000	3.0924	2.9988	0.0937	0.0340	0.0265	0.0075	3.0584	2.9723	0.0861	0.3880	0.3445	0.0434	0.0553	0.0540	0.0013	0.3327	0.2905	0.0422	1.0785	0.6964	0.3821	0.4066	0.3500	0.0566	0.6719	0.3464	0.3255	0.0008	0.0006	0.0000	0.1895	0.2145	0.0000	0.0000	0.0000	0.0000	2.8673	4.3060	0.2451	0.0836	0.0756	0.1331	4.5520	8.5801	0.2646
17	84	0.1318	3	0	1	0	0	0	0	0	0	N	N	N	N	N	N	N	N	N	N	N	N	0.0893	0.2668	0.0119	0.5444	0.5892	0.0003	0.0324	0.2348	0.0118	0.0466	0.0513	0.0143	0.1407	0.1508	0.0001	0.0234	0.0246	0.0159	0.5217	0.1921	1.2000	0.2585	0.2560	0.2800	0.7230	0.1049	1.3463	0.0404	3.0345	-0.0001	0.1009	2.2039	0.9441	8.9910	14.0836	0.0022	0.0021	0.0001	0.0013	0.0013	0.0000	0.0009	0.0008	0.0001	0.4369	0.1083	0.3286	0.0938	0.0833	0.0105	0.3431	0.0250	0.3181	0.0466	0.0407	0.0059	0.0092	0.0086	0.0006	0.0374	0.0321	0.0053	0.8374	0.5636	0.2738	0.3629	0.3254	0.0376	0.4745	0.2383	0.2363	0.0893	0.2668	0.0119	0.5444	0.5892	0.0003	0.0324	0.2348	0.0118	0.5217	0.1921	1.2000	0.2585	0.2560	0.2800	0.7230	0.1049	1.3463
17	85	0.4140	6	0	1	0	0	0	0	0	0	N	N	N	N	N	N	N	N	N	N	N	N	0.3790	15.9121	0.0000	0.7632	12.4340	0.0000	0.2421	inf	0.0000	0.3676	0.4226	0.0000	0.4638	0.5492	0.0000	0.3155	0.3571	0.0000	0.9698	0.0266	3.0424	0.6077	0.0442	5.8452	1.3030	0.0000	2.7497	0.0000	52.1298	-0.0289	0.4677	2.2039	15.0008	8.9910	28.2980	0.3027	0.3027	0.0000	0.1341	0.1341	0.0000	0.1686	0.1686	0.0000	1.0165	0.0191	0.9974	0.3053	0.0191	0.2861	0.7113	0.0000	0.7113	0.8234	0.7162	0.1073	0.2892	0.2442	0.0450	0.5343	0.4720	0.0623	1.0482	0.7203	0.3278	0.5023	0.4331	0.0692	0.5459	0.2872	0.2587	0.3790	15.9121	0.0000	0.7632	12.4340	0.0000	0.2421	inf	0.0000	0.9698	0.0266	3.0424	0.6077	0.0442	4.1370	1.3030	0.0000	2.7497
17	86	0.4140	6	0	1	0	0	0	0	0	0	N	N	N	N	N	N	N	N	N	N	N	N	0.3183	0.4877	0.0000	0.0905	0.1324	0.0000	0.8650	inf	0.0000	0.3481	0.4093	0.0000	0.1417	0.1742	0.0000	0.5133	0.5832	0.0000	1.0936	0.8391	1.6918	1.5654	1.3150	4.2101	0.5934	0.0000	1.2442	0.0000	0.8577	-0.0197	-0.0665	2.2039	10.8154	8.9910	27.4443	0.2058	0.2058	0.0000	0.0372	0.0372	0.0000	0.1686	0.1686	0.0000	1.1200	0.6029	0.5171	0.8250	0.6029	0.2221	0.2950	0.0000	0.2950	0.5911	0.5028	0.0883	0.2627	0.2138	0.0490	0.3284	0.2890	0.0394	1.0241	0.7185	0.3056	0.5270	0.4585	0.0686	0.4971	0.2600	0.2371	0.3183	0.4877	0.0000	0.0905	0.1324	0.0000	0.8650	inf	0.0000	1.0936	0.8391	1.6918	1.5654	1.3150	3.2399	0.5934	0.0000	1.2442
17	87	0.3662	5	0	1	0	0	0	0	0	0	N	N	N	N	N	N	N	N	N	N	N	N	0.5168	0.8430	0.0451	0.3891	0.5298	0.0065	0.6707	2.0844	0.1199	0.4798	0.5618	0.0712	0.3466	0.4315	0.0153	0.6551	0.7169	0.1975	0.9283	0.6665	1.5810	0.8909	0.8144	2.3577	0.9768	0.3439	1.6479	0.0255	0.9518	-0.0130	-0.0468	2.2039	2.7608	8.9910	22.4044	0.1836	0.1791	0.0046	0.0754	0.0747	0.0007	0.1082	0.1044	0.0039	1.3998	0.7171	0.6826	0.7576	0.6008	0.1568	0.6422	0.1164	0.5258	0.3827	0.3187	0.0640	0.2175	0.1731	0.0443	0.1652	0.1456	0.0196	1.5078	1.0761	0.4318	0.8504	0.7377	0.1127	0.6574	0.3384	0.3191	0.5168	0.8430	0.0451	0.3891	0.5298	0.0110	0.6707	2.0844	0.1199	0.9283	0.6665	1.5810	0.8909	0.8144	1.3915	0.9768	0.3439	1.6479
17	88	0.2364	4	0	1	0	0	0	0	0	0	N	N	N	N	N	N	N	N	N	N	N	N	0.1929	0.4782	0.0278	0.1644	0.1672	0.0137	0.1590	0.6156	0.0269	0.2840	0.3102	0.0875	0.1075	0.1157	0.0056	0.3320	0.3663	0.1003	1.4723	0.6486	3.1513	0.6536	0.6918	0.4070	2.0876	0.5951	3.7323	0.0376	2.3833	-0.0065	0.3696	2.2039	8.8820	8.9910	49.9570	0.1102	0.1062	0.0040	0.0089	0.0089	0.0000	0.1013	0.0973	0.0040	2.0160	0.5959	1.4202	0.3840	0.3520	0.0320	1.6320	0.2439	1.3881	0.3880	0.3424	0.0456	0.0829	0.0767	0.0062	0.3052	0.2657	0.0394	1.3693	0.9187	0.4507	0.5875	0.5088	0.0787	0.7818	0.4099	0.3719	0.1929	0.4782	0.0278	0.1644	0.1672	0.0137	0.1590	0.6156	0.0269	1.4723	0.6486	3.1513	0.6536	0.6918	0.4070	2.0876	0.5951	3.7323
17	90	0.1211	6	0	2	0	1	0	0	0	0	N	Y	N	N	N	N	N	N	N	N	N	N	0.0000	0.0000	0.0000	0.0000	0.0000	0.0000	0.0000	0.0000	0.0000	0.0000	0.0000	0.0000	0.0000	0.0000	0.0000	0.0000	0.0000	0.0000	0.0000	0.0000	2.2039	0.0000	8.9910	0.0000	0.0000	0.0000	0.0000	0.0000	0.0000	0.0000	0.0000	0.0000	0.0000	0.0000	0.0000	0.0000	0.0000	0.0000	0.0000	0.0000	0.0000	0.0000	0.0000	0.0000	0.0000	0.0000	0.0000	0.0000	0.0000	0.0000	0.0000	0.0000	0.0000	0.0000	0.0000	0.0000	0.0000	0.0000	0.0000	0.0000	0.0000	0.0000	0.0000	0.0000	0.0000	0.0000	0.0000	0.0000	0.0000	0.0000	0.0000	0.0000	0.0000	0.0000	0.0000	0.0000	0.0000	0.0000											
17	91	0.1103	5	0	2	0	1	0	0	0	0	N	Y	N	N	N	N	N	N	N	N	N	N	0.0000	0.0000	0.0000	0.0000	0.0000	0.0000	0.0000	0.0000	0.0000	0.0000	0.0000	0.0000	0.0000	0.0000	0.0000	0.0000	0.0000	0.0000	0.0000	0.0000	2.2039	1.0000	8.9910	3.0000	0.0000	0.0000	0.0000	0.0000	0.0000	0.0000	0.0000	0.0000	0.0000	0.0000	0.0000	0.0000	0.0000	0.0000	0.0000	0.0000	0.0000	0.0000	0.0372	0.0334	0.0038	0.0137	0.0128	0.0009	0.0234	0.0206	0.0028	0.1002	0.0501	0.0500	0.0113	0.0096	0.0016	0.0889	0.0405	0.0484	0.0000	0.0000	0.0000	0.0000	0.0000	0.0000	0.0000	0.0000	0.0000	0.0000	0.0000	0.0000	0.0000	0.0000	0.0000	0.0000	0.0000	0.0000											
17	92	0.1038	3	0	2	0	0	0	0	0	0	N	Y	N	N	N	N	N	N	N	N	N	N	0.0000	0.0000	0.0000	0.0000	0.0000	0.0000	0.0000	0.0000	0.0000	0.0000	0.0000	0.0000	0.0000	0.0000	0.0000	0.0000	0.0000	0.0000	0.0000	0.0000	2.2039	0.0000	8.9910	0.0000	0.0000	0.0000	0.0000	0.0000	0.0000	0.0000	0.0000	0.0000	0.0000	0.0000	0.0000	0.0000	0.0000	0.0000	0.0000	0.0000	0.0000	0.0000	0.0000	0.0000	0.0000	0.0000	0.0000	0.0000	0.0000	0.0000	0.0000	0.0000	0.0000	0.0000	0.0000	0.0000	0.0000	0.0000	0.0000	0.0000	0.0000	0.0000	0.0000	0.0000	0.0000	0.0000	0.0000	0.0000	0.0000	0.0000	0.0000	0.0000	0.0000	0.0000	0.0000	0.0000	0.0000	0.0000											
17	93	0.1103	5	0	1	1	1	0	0	0	0	N	N	N	N	N	N	N	N	N	N	N	N	0.0000	0.0000	0.0000	0.0000	0.0000	0.0000	0.0000	0.0000	0.0000	0.0000	0.0000	0.0000	0.0000	0.0000	0.0000	0.0000	0.0000	0.0000	0.0000	0.0000	2.2039	0.0000	8.9910	0.0000	0.0000	0.0000	0.0000	0.0000	0.0000	0.0000	0.0000	0.0000	0.0000	0.0000	0.0000	0.0000	0.0000	0.0000	0.0000	0.0000	0.0000	0.0000	0.0000	0.0000	0.0000	0.0000	0.0000	0.0000	0.0000	0.0000	0.0000	0.0000	0.0000	0.0000	0.0000	0.0000	0.0000	0.0000	0.0000	0.0000	0.0000	0.0000	0.0000	0.0000	0.0000	0.0000	0.0000	0.0000	0.0000	0.0000	0.0000	0.0000	0.0000	0.0000	0.0000	0.0000	0.0000	0.0000											
17	94	0.1077	4	0	1	0	1	0	0	0	0	N	N	N	N	N	N	N	N	N	N	N	N	0.0000	0.0000	0.0000	0.0000	0.0000	0.0000	0.0000	0.0000	0.0000	0.0000	0.0000	0.0000	0.0000	0.0000	0.0000	0.0000	0.0000	0.0000	0.0000	0.0000	2.2039	1.0000	8.9910	0.0097	0.0000	0.0000	0.0000	0.0000	0.0000	0.0000	0.0000	0.0000	0.0000	0.0000	0.0000	0.0000	0.0000	0.0000	0.0000	0.0000	0.0000	0.0000	0.0372	0.0334	0.0038	0.0137	0.0128	0.0009	0.0234	0.0206	0.0028	0.0272	0.0136	0.0136	0.0034	0.0030	0.0004	0.0237	0.0105	0.0132	0.0000	0.0000	0.0000	0.0000	0.0000	0.0000	0.0000	0.0000	0.0000	0.0000	0.0000	0.0000	0.0000	0.0000	0.0000	0.0000	0.0000	0.0000											
17	95	0.1077	4	0	1	1	1	0	0	0	0	N	N	N	N	N	N	N	N	N	N	N	N	0.0000	0.0000	0.0000	0.0000	0.0000	0.0000	0.0000	0.0000	0.0000	0.0000	0.0000	0.0000	0.0000	0.0000	0.0000	0.0000	0.0000	0.0000	0.0000	0.0000	2.2039	2.0000	8.9910	3.0050	0.0000	0.0000	0.0000	0.0000	0.0000	0.0000	0.0000	0.0000	0.0000	0.0000	0.0000	0.0000	0.0000	0.0000	0.0000	0.0000	0.0000	0.0000	0.0733	0.0658	0.0075	0.0269	0.0251	0.0018	0.0463	0.0407	0.0056	0.1248	0.0625	0.0622	0.0144	0.0123	0.0020	0.1104	0.0502	0.0602	0.0000	0.0000	0.0000	0.0000	0.0000	0.0000	0.0000	0.0000	0.0000	0.0000	0.0000	0.0000	0.0000	0.0000	0.0000	0.0000	0.0000	0.0000											
17	96	0.1077	4	0	1	1	1	0	0	0	0	N	N	N	N	N	N	N	N	N	N	N	N	0.0000	0.0000	0.0000	0.0000	0.0000	0.0000	0.0000	0.0000	0.0000	0.0000	0.0000	0.0000	0.0000	0.0000	0.0000	0.0000	0.0000	0.0000	0.0000	0.0000	2.2039	0.0000	8.9910	6.9903	0.0000	0.0000	0.0000	0.0000	0.0000	0.0000	0.0000	0.0000	0.0000	0.0000	0.0000	0.0000	0.0000	0.0000	0.0000	0.0000	0.0000	0.0000	0.0000	0.0000	0.0000	0.0000	0.0000	0.0000	0.0000	0.0000	0.0000	0.1698	0.0853	0.0845	0.0194	0.0166	0.0028	0.1505	0.0688	0.0817	0.0000	0.0000	0.0000	0.0000	0.0000	0.0000	0.0000	0.0000	0.0000	0.0000	0.0000	0.0000	0.0000	0.0000	0.0000	0.0000	0.0000	0.0000											
17	97	0.1021	3	0	1	0	1	0	0	0	0	N	N	N	N	N	N	N	N	N	N	N	N	0.0000	0.0000	0.0000	0.0000	0.0000	0.0000	0.0000	0.0000	0.0000	0.0000	0.0000	0.0000	0.0000	0.0000	0.0000	0.0011	0.0000	0.0024	0.0025	0.0000	0.0231	0.0009	0.0000	0.0017	inf	0.0000	0.0000	2.2039	0.9999	8.9910	1.0605	0.0000	0.0000	0.0000	0.0000	0.0000	0.0000	0.0000	0.0000	0.0000	0.0001	0.0000	0.0001	0.0000	0.0000	0.0000	0.0000	0.0000	0.0000	0.0724	0.0668	0.0056	0.0302	0.0288	0.0014	0.0422	0.0380	0.0042	0.0611	0.0321	0.0290	0.0080	0.0071	0.0009	0.0531	0.0250	0.0281	0.0000	0.0000	0.0000	0.0000	0.0000	0.0000	0.0000	0.0000	0.0000	0.0011	0.0000	0.0024	0.0025	0.0000	0.0231	0.0009	0.0000	0.0017				
17	98	0.1000	2	0	1	0	1	0	0	0	0	N	N	N	N	N	N	N	N	N	N	N	N	168.6565	586.2732	313.7709	139.1165	276.4205	34.8712	162.5494	890.0917	424.4512	3.8548	2.1834	14.3917	4.1804	3.9157	7.2644	3.4986	0.0003	17.4695	0.0229	0.0037	0.0459	0.0300	0.0142	0.2083	0.0215	0.0000	0.0412	1.0456	10.2397	0.0004	0.0003	2.2039	0.0012	8.9910	1.0414	0.0009	0.0004	0.0005	0.0005	0.0004	0.0001	0.0004	0.0000	0.0004	0.0008	0.0001	0.0007	0.0002	0.0001	0.0001	0.0006	0.0000	0.0006	0.0002	0.0002	0.0000	0.0001	0.0001	0.0000	0.0001	0.0001	0.0000	0.0339	0.0185	0.0154	0.0053	0.0049	0.0004	0.0286	0.0136	0.0150	168.6565	586.2732	313.7709	139.1165	276.4205	34.8712	162.5494	890.0917	424.4512	0.0229	0.0037	0.0459	0.0300	0.0142	0.2083	0.0215	0.0000	0.0412
17	101	0.1069	4	1	2	0	0	0	0	0	0	N	Y	N	N	N	N	N	N	N	N	N	N	0.0000	0.0000	0.0000	0.0000	0.0000	0.0000	0.0000	0.0000	0.0000	0.0000	0.0000	0.0000	0.0000	0.0000	0.0000	0.0000	0.0000	0.0000	0.0000	0.0000	2.2039	0.0000	8.9910	3.0000	0.0000	0.0000	0.0000	0.0000	0.0000	0.0000	0.0000	0.0000	0.0000	0.0000	0.0000	0.0000	0.0000	0.0000	0.0000	0.0000	0.0000	0.0000	0.0000	0.0000	0.0000	0.0000	0.0000	0.0000	0.0000	0.0000	0.0000	0.0807	0.0406	0.0400	0.0084	0.0071	0.0012	0.0723	0.0335	0.0388	0.0000	0.0000	0.0000	0.0000	0.0000	0.0000	0.0000	0.0000	0.0000	0.0000	0.0000	0.0000	0.0000	0.0000	0.0000	0.0000	0.0000	0.0000											
17	102	0.1038	3	1	2	0	0	0	0	0	0	N	Y	N	N	N	N	N	N	N	N	N	N	0.0000	0.0000	0.0000	0.0000	0.0000	0.0000	0.0000	0.0000	0.0000	0.0000	0.0000	0.0000	0.0000	0.0000	0.0000	0.0000	0.0000	0.0000	0.0000	0.0000	2.2039	0.0000	8.9910	1.0000	0.0000	0.0000	0.0000	0.0000	0.0000	0.0000	0.0000	0.0000	0.0000	0.0000	0.0000	0.0000	0.0000	0.0000	0.0000	0.0000	0.0000	0.0000	0.0000	0.0000	0.0000	0.0000	0.0000	0.0000	0.0000	0.0000	0.0000	0.0280	0.0141	0.0139	0.0029	0.0025	0.0004	0.0251	0.0116	0.0135	0.0000	0.0000	0.0000	0.0000	0.0000	0.0000	0.0000	0.0000	0.0000	0.0000	0.0000	0.0000	0.0000	0.0000	0.0000	0.0000	0.0000	0.0000											
17	103	0.1000	2	0	2	0	0	0	0	0	0	N	Y	N	N	N	N	N	N	N	N	N	N	119.8064	357.9037	40.4389	38.9367	218.1148	488.7832	2.4719	0.0000	16.2516	0.6852	0.0000	8.0268	4.6488	0.0000	19.9161	0.0206	0.0000	0.0454	0.0169	0.0000	0.2061	0.0213	0.0000	0.0407	inf	inf	0.0004	0.0003	2.2039	0.0006	8.9910	1.0534	0.0005	0.0000	0.0005	0.0001	0.0000	0.0001	0.0004	0.0000	0.0004	0.0007	0.0000	0.0007	0.0001	0.0000	0.0001	0.0006	0.0000	0.0006	0.0002	0.0002	0.0000	0.0001	0.0001	0.0000	0.0001	0.0001	0.0000	0.0342	0.0187	0.0155	0.0053	0.0049	0.0004	0.0289	0.0138	0.0151	119.8064	0.0000	357.9037	40.4389	0.0000	38.9367	218.1148	0.0000	488.7832	0.0206	0.0000	0.0454	0.0169	0.0000	0.2061	0.0213	0.0000	0.0407			
17	109	0.3187	5	0	1	0	0	0	0	0	0	N	N	N	N	N	N	N	N	N	N	N	N	0.0096	0.2164	0.0000	0.6239	1.0327	0.0000	0.0000	0.0000	0.0000	0.0116	0.0131	0.0000	0.0642	0.0670	0.0000	0.0000	0.0000	0.0000	1.2090	0.0606	3.6807	0.1029	0.0649	0.3227	2.2167	0.0542	4.6354	0.0000	28.2315	-0.0004	0.6112	2.2039	7.7801	8.9910	32.2209	0.0037	0.0037	0.0000	0.0037	0.0037	0.0000	0.0000	0.0000	0.0000	1.3744	0.0470	1.3274	0.0557	0.0300	0.0258	1.3186	0.0170	1.3016	0.3200	0.2837	0.0363	0.0579	0.0555	0.0025	0.2621	0.2282	0.0338	1.1368	0.7762	0.3606	0.5419	0.4621	0.0798	0.5949	0.3141	0.2808	0.0096	0.2164	0.0000	0.6239	1.0327	0.0000	0.0000	0.0000	0.0000	1.2090	0.0606	3.6807	0.1029	0.0649	0.3227	2.2167	0.0542	4.6354
18	19	0.1037	3	1	0	1	1	0	0	0	0	N	N	N	N	N	N	N	N	N	N	N	N	0.0001	0.0001	0.0001	0.0001	0.0000	0.0000	0.0000	0.0000	0.0000	0.0000	0.0000	0.0000	0.0000	0.0000	0.0000	0.0010	0.0014	0.0000	0.0014	0.0017	0.0000	0.0000	0.0000	0.0000	0.0000	0.0000	-0.0000	-0.0000	0.9969	0.3962	1.0186	2.0067	0.0000	0.0000	0.0000	0.0000	0.0000	0.0000	0.0000	0.0000	0.0000	0.0000	0.0000	0.0000	0.0000	0.0000	0.0000	0.0000	0.0000	0.0000	0.0276	0.0260	0.0016	0.0238	0.0226	0.0011	0.0038	0.0033	0.0005	0.0110	0.0081	0.0030	0.0078	0.0065	0.0013	0.0033	0.0016	0.0016	0.0001	0.0001	0.0000	0.0001	0.0001	0.0000	0.0000	0.0000	0.0000	0.0010	0.0014	0.0000	0.0014	0.0017	0.0000	0.0000	0.0000	0.0000			
18	20	0.1332	5	0	1	0	1	0	0	0	0	N	N	N	N	N	N	N	N	N	N	N	N	0.0000	0.0000	0.0000	0.0000	0.0000	0.0000	0.0000	0.0000	0.0000	0.0000	0.0000	0.0000	0.0000	0.0000	0.0000	0.0000	0.0000	0.0000	0.0021	0.0002	0.0056	0.0052	0.0003	0.0320	0.0005	0.0000	0.0010	20.5208	0.0000	0.0000	0.9969	0.0000	1.0186	3.0021	0.0000	0.0000	0.0000	0.0000	0.0000	0.0000	0.0000	0.0000	0.0000	0.0000	0.0000	0.0000	0.0000	0.0000	0.0000	0.0000	0.0000	0.0000	0.0000	0.0000	0.0000	0.0000	0.0000	0.0000	0.0000	0.0000	0.0000	0.0074	0.0048	0.0027	0.0025	0.0021	0.0004	0.0049	0.0026	0.0023	0.0000	0.0000	0.0000	0.0000	0.0000	0.0000	0.0000	0.0000	0.0000	0.0021	0.0002	0.0056	0.0052	0.0003	0.0320	0.0005	0.0000	0.0010	
18	21	0.0836	2	0	1	0	1	0	0	0	0	N	N	N	N	N	N	N	N	N	N	N	N	0.0133	0.6345	0.0000	0.5716	3.9238	0.0000	0.0000	0.0000	0.0004	0.0004	0.0000	0.0041	0.0044	0.0000	0.0000	0.0000	0.0000	0.0282	0.0007	0.0845	0.0072	0.0011	0.0377	0.0481	0.0000	0.1001	0.0000	61.2365	-0.0000	0.0014	0.9969	9.2038	1.0186	12.0710	0.0001	0.0001	0.0000	0.0001	0.0001	0.0000	0.0000	0.0000	0.0000	0.0031	0.0000	0.0031	0.0004	0.0000	0.0003	0.0027	0.0000	0.0027	0.1384	0.1210	0.0174	0.0125	0.0118	0.0006	0.1259	0.1091	0.0168	0.1101	0.0740	0.0361	0.0538	0.0448	0.0090	0.0563	0.0292	0.0271	0.0133	0.6345	0.0000	0.5716	3.9238	0.0000	0.0000	0.0000	0.0000	0.0282	0.0007	0.0845	0.0072	0.0011	0.0377	0.0481	0.0000	0.1001	
18	22	0.0836	2	1	1	0	1	0	0	0	0	N	N	N	N	N	N	N	N	N	N	N	N	0.0016	0.0013	0.0000	0.0102	0.0091	0.0000	0.0000	0.0000	0.0000	0.0003	0.0003	0.0000	0.0036	0.0038	0.0000	0.0000	0.0000	0.0000	0.1850	0.2666	0.0174	0.3481	0.4116	0.0312	0.0288	0.0437	0.0128	0.0000	0.0317	-0.0000	-0.0092	0.9969	12.2045	1.0186	6.9907	0.0001	0.0001	0.0000	0.0001	0.0001	0.0000	0.0000	0.0000	0.0000	0.0189	0.0183	0.0006	0.0174	0.0171	0.0003	0.0015	0.0012	0.0003	0.1736	0.1518	0.0217	0.0145	0.0137	0.0008	0.1590	0.1381	0.0209	0.1019	0.0686	0.0334	0.0499	0.0415	0.0083	0.0521	0.0270	0.0250	0.0016	0.0013	0.0000	0.0102	0.0091	0.0000	0.0000	0.0000	0.0000	0.1850	0.2666	0.0174	0.3481	0.4116	0.0312	0.0288	0.0437	0.0128
18	23	0.1277	4	0	1	0	1	0	0	0	0	N	N	N	N	N	N	N	N	N	N	N	N	0.0000	0.0000	0.0000	0.0000	0.0000	0.0000	0.0000	0.0000	0.0000	0.0000	0.0000	0.0000	0.0000	0.0000	0.0000	0.0000	0.0000	0.0000	0.0071	0.0087	0.0020	0.0056	0.0061	0.0009	0.0088	0.0131	0.0023	0.0706	0.0000	-0.0003	0.9969	0.0000	1.0186	4.0676	0.0000	0.0000	0.0000	0.0000	0.0000	0.0000	0.0000	0.0000	0.0000	0.0006	0.0006	0.0000	0.0003	0.0003	0.0000	0.0003	0.0003	0.0000	0.0036	0.0035	0.0001	0.0018	0.0018	0.0000	0.0018	0.0017	0.0001	0.0858	0.0653	0.0204	0.0459	0.0415	0.0044	0.0399	0.0238	0.0160	0.0000	0.0000	0.0000	0.0000	0.0000	0.0000	0.0000	0.0000	0.0000	0.0071	0.0087	0.0020	0.0056	0.0061	0.0009	0.0088	0.0131	0.0023	
18	24	0.0836	2	1	1	0	1	0	0	0	0	N	N	N	N	N	N	N	N	N	N	N	N	0.0052	0.8816	0.0000	0.2274	5.1496	0.0000	0.0001	inf	0.0000	0.0004	0.0005	0.0000	0.0044	0.0046	0.0000	0.0000	0.0000	0.0000	0.0802	0.0005	0.2425	0.0192	0.0009	0.1097	0.1375	0.0000	0.2864	0.0000	221.4344	-0.0000	0.0053	0.9969	8.3046	1.0186	21.0710	0.0001	0.0001	0.0000	0.0001	0.0001	0.0000	0.0000	0.0000	0.0000	0.0111	0.0000	0.0110	0.0013	0.0000	0.0012	0.0098	0.0000	0.0098	0.1273	0.1112	0.0160	0.0118	0.0112	0.0006	0.1155	0.1000	0.0155	0.1382	0.0927	0.0455	0.0670	0.0557	0.0113	0.0712	0.0370	0.0342	0.0052	0.8816	0.0000	0.2274	5.1496	0.0000	0.0001	inf	0.0000	0.0802	0.0005	0.2425	0.0192	0.0009	0.1097	0.1375	0.0000	0.2864
18	25	0.1016	3	0	1	0	1	0	0	0	0	N	N	N	N	N	N	N	N	N	N	N	N	0.0010	0.0008	0.0013	0.0012	0.0330	0.0185	0.0000	0.0000	0.0000	0.0000	0.0000	0.0000	0.0000	0.0000	0.0000	0.0103	0.0142	0.0000	0.0153	0.0181	0.0000	0.0000	0.0000	0.0000	0.0000	0.0000	-0.0000	-0.0002	0.9969	1.0335	1.0186	7.4537	0.0000	0.0000	0.0000	0.0000	0.0000	0.0000	0.0000	0.0000	0.0000	0.0004	0.0004	0.0000	0.0004	0.0004	0.0000	0.0000	0.0000	0.0000	0.0196	0.0177	0.0019	0.0103	0.0096	0.0007	0.0094	0.0081	0.0013	0.0417	0.0303	0.0114	0.0280	0.0236	0.0044	0.0137	0.0066	0.0070	0.0010	0.0008	0.0000	0.0013	0.0012	0.0000	0.0330	0.0185	0.0000	0.0103	0.0142	0.0000	0.0153	0.0181	0.0000	0.0000	0.0000	0.0000			
18	26	0.0836	2	0	1	0	1	0	0	0	0	N	N	N	N	N	N	N	N	N	N	N	N	0.0019	0.0015	0.0099	0.0086	0.0000	0.0000	0.0005	0.0005	0.0000	0.0047	0.0049	0.0000	0.0000	0.0000	0.0000	0.2395	0.3549	0.0000	0.4778	0.5719	0.0000	0.0088	0.0170	0.0000	0.0000	0.0000	-0.0000	-0.0089	0.9969	7.2039	1.0186	4.9911	0.0001	0.0001	0.0000	0.0001	0.0001	0.0000	0.0000	0.0000	0.0000	0.0171	0.0171	0.0000	0.0167	0.0167	0.0000	0.0003	0.0003	0.0000	0.1132	0.0990	0.0143	0.0110	0.0105	0.0005	0.1023	0.0885	0.0137	0.0713	0.0481	0.0232	0.0351	0.0293	0.0058	0.0362	0.0188	0.0174	0.0019	0.0015	0.0000	0.0099	0.0086	0.0000	0.0000	0.0000	0.0000	0.2395	0.3549	0.0000	0.4778	0.5719	0.0000	0.0088	0.0170	0.0000			
18	27	0.1741	3	0	1	1	2	0	0	0	0	N	N	N	Y	N	N	N	N	N	N	N	N	0.0012	0.0656	0.0000	0.0020	0.0589	0.0000	0.0000	0.0000	0.0000	0.0000	0.0000	0.0000	0.0000	0.0000	0.0000	0.0000	0.0000	0.0000	0.0002	0.0000	0.0006	0.0003	0.0000	0.0016	0.0002	0.0000	0.0005	0.0000	77.2547	-0.0000	0.0000	0.9969	1.9923	1.0186	5.5017	0.0000	0.0000	0.0000	0.0000	0.0000	0.0000	0.0000	0.0000	0.0000	0.0000	0.0000	0.0000	0.0000	0.0000	0.0000	0.0000	0.0000	0.0000	0.0347	0.0313	0.0034	0.0188	0.0174	0.0014	0.0159	0.0138	0.0021	0.0371	0.0231	0.0139	0.0115	0.0095	0.0020	0.0256	0.0136	0.0120	0.0012	0.0656	0.0000	0.0020	0.0589	0.0000	0.0000	0.0000	0.0000	0.0002	0.0000	0.0006	0.0003	0.0000	0.0016	0.0002	0.0000	0.0005
18	28	0.0836	2	0	1	0	1	0	0	0	0	N	N	N	N	N	N	N	N	N	N	N	N	0.0358	0.0331	0.1018	0.2431	0.0000	2.1478	0.0149	0.0298	0.0477	0.0032	0.0003	0.0254	0.0080	0.0000	0.3449	0.0021	0.0004	0.0133	0.0883	0.0099	0.2499	0.0329	0.0075	0.1606	0.1416	0.0137	0.2796	9.8323	12.2120	0.0001	0.0031	0.9969	1.7961	1.0186	15.9291	0.0001	0.0000	0.0001	0.0000	0.0000	0.0000	0.0001	0.0000	0.0000	0.0078	0.0006	0.0072	0.0014	0.0003	0.0012	0.0064	0.0003	0.0060	0.0343	0.0304	0.0039	0.0061	0.0059	0.0001	0.0282	0.0245	0.0037	0.0882	0.0594	0.0288	0.0433	0.0361	0.0072	0.0449	0.0233	0.0216	0.0358	0.0331	0.1018	0.2431	0.0000	2.1478	0.0149	0.0298	0.0477	0.0883	0.0099	0.2499	0.0329	0.0075	0.1606	0.1416	0.0137	0.2796
18	29	0.1414	5	1	1	0	1	0	0	0	0	N	N	N	N	N	N	N	N	N	N	N	N	0.0000	0.0000	0.0000	0.0000	0.0000	0.0000	0.0000	0.0000	0.0000	0.0000	0.0000	0.0000	0.0000	0.0000	0.0000	0.0000	0.0000	0.0000	0.0000	0.0000	0.9969	0.0000	1.0186	0.0000	0.0000	0.0000	0.0000	0.0000	0.0000	0.0000	0.0000	0.0000	0.0000	0.0000	0.0000	0.0000	0.0000	0.0000	0.0000	0.0000	0.0000	0.0000	0.0000	0.0000	0.0000	0.0000	0.0000	0.0000	0.0000	0.0000	0.0000	0.0000	0.0000	0.0000	0.0000	0.0000	0.0000	0.0000	0.0000	0.0000	0.0000	0.0000	0.0000	0.0000	0.0000	0.0000	0.0000	0.0000	0.0000	0.0000	0.0000	0.0000	0.0000	0.0000	0.0000	0.0000	0.0000	0.0000											
18	30	0.0836	2	0	1	0	2	0	0	0	0	N	N	N	Y	N	N	N	N	N	N	N	N	0.0000	0.0000	0.0000	0.0000	0.0000	0.0000	0.0000	0.0000	0.0000	0.0000	0.0000	0.0000	0.0000	0.0000	0.0000	0.0000	0.0000	0.0000	0.0854	0.0023	0.2561	0.0123	0.0005	0.0710	0.1555	0.0052	0.3177	53.3150	0.0000	0.0040	0.9969	0.0000	1.0186	19.0400	0.0000	0.0000	0.0000	0.0000	0.0000	0.0000	0.0000	0.0000	0.0000	0.0087	0.0002	0.0085	0.0006	0.0000	0.0006	0.0081	0.0001	0.0079	0.0000	0.0000	0.0000	0.0000	0.0000	0.0000	0.0000	0.0000	0.0000	0.1017	0.0684	0.0333	0.0498	0.0415	0.0083	0.0520	0.0270	0.0250	0.0000	0.0000	0.0000	0.0000	0.0000	0.0000	0.0000	0.0000	0.0000	0.0854	0.0023	0.2561	0.0123	0.0005	0.0710	0.1555	0.0052	0.3177	
18	31	0.0836	2	1	1	0	1	0	0	0	0	N	N	N	N	N	N	N	N	N	N	N	N	0.0097	0.0000	0.0267	0.1770	0.0000	0.8100	0.0032	0.0000	0.0118	0.0010	0.0000	0.0079	0.0048	0.0000	0.1077	0.0006	0.0000	0.0042	0.1025	0.0081	0.2964	0.0272	0.0060	0.1330	0.1745	0.0113	0.3507	inf	17.9148	0.0001	0.0047	0.9969	6.7961	1.0186	16.0091	0.0001	0.0000	0.0001	0.0000	0.0000	0.0000	0.0000	0.0000	0.0000	0.0110	0.0006	0.0104	0.0014	0.0003	0.0012	0.0095	0.0003	0.0092	0.0987	0.0863	0.0124	0.0101	0.0096	0.0005	0.0886	0.0767	0.0120	0.1070	0.0719	0.0351	0.0523	0.0435	0.0088	0.0547	0.0284	0.0263	0.0097	0.0000	0.0267	0.1770	0.0000	0.8100	0.0032	0.0000	0.0118	0.1025	0.0081	0.2964	0.0272	0.0060	0.1330	0.1745	0.0113	0.3507
18	32	0.5085	9	0	0	1	1	0	0	0	0	N	N	N	N	N	N	N	N	N	N	N	N	0.0000	0.0000	0.0002	0.0002	0.0002	0.0054	0.0000	0.0000	0.0001	0.0000	0.0000	0.0000	0.0001	0.0000	0.0001	0.0000	0.0000	0.0000	0.0708	0.1055	0.0118	0.2085	0.2340	0.0250	0.0066	0.0032	0.0102	0.1955	0.0657	0.0000	-0.0030	0.9969	2.4598	1.0186	7.4321	0.0000	0.0000	0.0000	0.0000	0.0000	0.0000	0.0000	0.0000	0.0000	0.0065	0.0061	0.0004	0.0060	0.0060	0.0001	0.0004	0.0001	0.0003	0.0403	0.0349	0.0054	0.0018	0.0017	0.0001	0.0384	0.0331	0.0053	0.0913	0.0575	0.0338	0.0290	0.0255	0.0035	0.0623	0.0320	0.0303	0.0000	0.0000	0.0002	0.0002	0.0002	0.0054	0.0000	0.0000	0.0001	0.0708	0.1055	0.0118	0.2085	0.2340	0.0250	0.0066	0.0032	0.0102
18	33	0.4702	8	0	0	0	1	0	0	0	0	N	N	N	N	N	N	N	N	N	N	N	N	0.0000	0.0000	0.0000	0.0005	0.0010	0.0000	0.0000	0.0000	0.0000	0.0000	0.0000	0.0000	0.0000	0.0000	0.0000	0.0000	0.0000	0.0000	0.1079	0.0178	0.2799	0.0477	0.0260	0.1704	0.1425	0.0105	0.3006	4.9451	8.2219	0.0000	0.0035	0.9969	2.7943	1.0186	8.2643	0.0000	0.0000	0.0000	0.0000	0.0000	0.0000	0.0000	0.0000	0.0000	0.0094	0.0010	0.0084	0.0015	0.0007	0.0008	0.0079	0.0003	0.0076	0.0436	0.0376	0.0060	0.0007	0.0006	0.0000	0.0430	0.0370	0.0059	0.0875	0.0574	0.0301	0.0319	0.0271	0.0048	0.0555	0.0303	0.0253	0.0000	0.0000	0.0000	0.0005	0.0010	0.0000	0.0000	0.0000	0.0000	0.1079	0.0178	0.2799	0.0477	0.0260	0.1704	0.1425	0.0105	0.3006
18	34	0.1391	3	0	1	0	1	0	0	0	0	N	N	N	N	N	N	N	N	N	N	N	N	0.0245	0.0000	0.0827	0.1441	0.0000	22.4027	0.0099	0.0000	0.0269	0.0018	0.0000	0.0159	0.0034	0.0000	0.5900	0.0009	0.0000	0.0057	0.0721	0.0120	0.1918	0.0238	0.0234	0.0263	0.0948	0.0037	0.2135	inf	8.0370	0.0000	0.0008	0.9969	0.0009	1.0186	2.4415	0.0000	0.0000	0.0000	0.0000	0.0000	0.0000	0.0000	0.0000	0.0000	0.0022	0.0002	0.0020	0.0002	0.0002	0.0000	0.0020	0.0000	0.0020	0.0000	0.0000	0.0000	0.0000	0.0000	0.0000	0.0000	0.0000	0.0000	0.0309	0.0206	0.0103	0.0099	0.0087	0.0012	0.0211	0.0119	0.0091	0.0245	0.0000	0.0827	0.1441	0.0000	22.4027	0.0099	0.0000	0.0269	0.0721	0.0120	0.1918	0.0238	0.0234	0.0263	0.0948	0.0037	0.2135
18	35	0.0836	2	1	0	1	1	0	0	0	0	N	N	N	N	N	N	N	N	N	N	N	N	0.0000	0.0000	0.0000	0.0000	0.0000	0.0000	0.0000	0.0000	0.0000	0.0000	0.0000	0.0000	0.0000	0.0000	0.0000	0.0000	0.0000	0.0346	0.0004	0.1072	0.0010	0.0006	0.0033	0.0673	0.0000	0.1407	140.6221	0.0000	0.0006	0.9969	0.0000	1.0186	5.9600	0.0000	0.0000	0.0000	0.0000	0.0000	0.0000	0.0000	0.0000	0.0000	0.0014	0.0000	0.0014	0.0000	0.0000	0.0000	0.0013	0.0000	0.0013	0.0000	0.0000	0.0000	0.0000	0.0000	0.0000	0.0000	0.0000	0.0000	0.0393	0.0267	0.0126	0.0194	0.0164	0.0031	0.0199	0.0104	0.0095	0.0000	0.0000	0.0000	0.0000	0.0000	0.0000	0.0000	0.0000	0.0000	0.0346	0.0004	0.1072	0.0010	0.0006	0.0033	0.0673	0.0000	0.1407		
18	36	0.1741	3	0	1	0	1	0	0	0	0	N	N	N	N	N	N	N	N	N	N	N	N	0.0011	0.0007	0.0000	0.0004	0.0004	0.0000	0.0000	0.0000	0.0000	0.0000	0.0000	0.0000	0.0000	0.0000	0.0000	0.0000	0.0000	0.0000	0.0149	0.0235	0.0005	0.0469	0.0564	0.0005	0.0003	0.0001	0.0004	0.0000	0.0116	-0.0000	-0.0002	0.9969	0.0123	1.0186	6.2120	0.0000	0.0000	0.0000	0.0000	0.0000	0.0000	0.0000	0.0000	0.0000	0.0005	0.0005	0.0000	0.0005	0.0005	0.0000	0.0000	0.0000	0.0000	0.0006	0.0006	0.0000	0.0005	0.0005	0.0000	0.0001	0.0001	0.0000	0.0318	0.0199	0.0119	0.0100	0.0083	0.0017	0.0218	0.0116	0.0102	0.0011	0.0007	0.0000	0.0004	0.0004	0.0000	0.0000	0.0000	0.0000	0.0149	0.0235	0.0005	0.0469	0.0564	0.0005	0.0003	0.0001	0.0004
18	37	0.0836	2	0	1	0	1	0	0	0	0	N	N	N	N	N	N	N	N	N	N	N	N	0.0049	0.7726	0.0000	0.2155	4.8488	0.0000	0.0000	0.0001	0.0000	0.0004	0.0005	0.0000	0.0044	0.0046	0.0000	0.0000	0.0000	0.0000	0.0834	0.0006	0.2524	0.0204	0.0010	0.1166	0.1429	0.0001	0.2974	0.0000	203.5302	-0.0000	0.0051	0.9969	8.2035	1.0186	18.5835	0.0001	0.0001	0.0000	0.0001	0.0001	0.0000	0.0000	0.0000	0.0000	0.0108	0.0001	0.0108	0.0013	0.0001	0.0012	0.0095	0.0000	0.0095	0.1260	0.1101	0.0159	0.0117	0.0112	0.0006	0.1143	0.0990	0.0153	0.1298	0.0871	0.0427	0.0631	0.0525	0.0106	0.0667	0.0347	0.0320	0.0049	0.7726	0.0000	0.2155	4.8488	0.0000	0.0000	0.0001	0.0000	0.0834	0.0006	0.2524	0.0204	0.0010	0.1166	0.1429	0.0001	0.2974
18	38	0.0836	2	0	1	0	2	0	0	0	0	N	N	N	Y	N	N	N	N	N	N	N	N	0.0048	0.0617	0.0000	0.2073	0.7788	0.0000	0.0000	0.0000	0.0000	0.0003	0.0004	0.0000	0.0039	0.0041	0.0000	0.0000	0.0000	0.0000	0.0716	0.0064	0.2043	0.0189	0.0053	0.0859	0.1209	0.0080	0.2434	0.0000	15.7552	-0.0000	0.0045	0.9969	10.2042	1.0186	23.0710	0.0001	0.0001	0.0000	0.0001	0.0001	0.0000	0.0000	0.0000	0.0000	0.0107	0.0006	0.0101	0.0014	0.0003	0.0011	0.0094	0.0003	0.0090	0.1501	0.1313	0.0189	0.0132	0.0125	0.0007	0.1370	0.1188	0.0182	0.1497	0.1003	0.0493	0.0723	0.0601	0.0122	0.0773	0.0402	0.0371	0.0048	0.0617	0.0000	0.2073	0.7788	0.0000	0.0000	0.0000	0.0000	0.0716	0.0064	0.2043	0.0189	0.0053	0.0859	0.1209	0.0080	0.2434
18	39	0.0836	2	1	0	1	1	0	0	0	0	N	N	N	N	N	N	N	N	N	N	N	N	0.0000	0.0000	0.0000	0.0000	0.0000	0.0000	0.0000	0.0000	0.0000	0.0000	0.0000	0.0000	0.0000	0.0000	0.0000	0.0000	0.0000	0.0860	0.0009	0.2808	0.0025	0.0014	0.0093	0.1684	0.0000	0.3590	140.6221	0.0000	0.0006	0.9969	0.0000	1.0186	1.9600	0.0000	0.0000	0.0000	0.0000	0.0000	0.0000	0.0000	0.0000	0.0000	0.0014	0.0000	0.0014	0.0000	0.0000	0.0000	0.0013	0.0000	0.0013	0.0000	0.0000	0.0000	0.0000	0.0000	0.0000	0.0000	0.0000	0.0000	0.0158	0.0110	0.0048	0.0078	0.0068	0.0011	0.0080	0.0042	0.0037	0.0000	0.0000	0.0000	0.0000	0.0000	0.0000	0.0000	0.0000	0.0000	0.0860	0.0009	0.2808	0.0025	0.0014	0.0093	0.1684	0.0000	0.3590		
18	40	0.1391	3	0	0	1	1	0	0	0	0	N	N	N	N	N	N	N	N	N	N	N	N	0.0482	0.0000	0.1685	0.1545	0.0000	3.7539	0.0234	0.0000	0.0643	0.0018	0.0000	0.0159	0.0034	0.0000	0.5900	0.0009	0.0000	0.0057	0.0367	0.0003	0.0941	0.0222	0.0009	0.1572	0.0402	0.0000	0.0894	inf	229.5456	0.0000	0.0011	0.9969	0.0009	1.0186	7.7842	0.0000	0.0000	0.0000	0.0000	0.0000	0.0000	0.0000	0.0000	0.0000	0.0023	0.0000	0.0023	0.0003	0.0000	0.0003	0.0020	0.0000	0.0020	0.0000	0.0000	0.0000	0.0000	0.0000	0.0000	0.0000	0.0000	0.0000	0.0619	0.0379	0.0240	0.0123	0.0106	0.0017	0.0496	0.0273	0.0223	0.0482	0.0000	0.1685	0.1545	0.0000	3.7539	0.0234	0.0000	0.0643	0.0367	0.0003	0.0941	0.0222	0.0009	0.1572	0.0402	0.0000	0.0894
18	41	0.0836	2	0	0	0	1	0	0	0	0	N	N	N	N	N	N	N	N	N	N	N	N	0.0003	0.0004	0.0009	0.1880	0.0415	1.3580	0.0001	0.0000	0.0003	0.0029	0.0000	0.0254	0.0080	0.0000	0.3448	0.0018	0.0000	0.0133	9.5103	0.0037	29.0309	0.0426	0.0001	0.2539	18.5732	0.0093	38.6036	2245.8865	3778.7439	0.0001	0.4725	0.9969	1.7959	1.0186	20.1034	0.0001	0.0000	0.0001	0.0000	0.0000	0.0000	0.0000	0.0000	0.0000	0.9871	0.0003	0.9868	0.0022	0.0000	0.0022	0.9849	0.0003	0.9847	0.0343	0.0304	0.0039	0.0061	0.0059	0.0001	0.0282	0.0245	0.0037	0.1038	0.0698	0.0340	0.0508	0.0423	0.0085	0.0530	0.0275	0.0255	0.0003	0.0004	0.0009	0.1880	0.0415	1.3580	0.0001	0.0000	0.0003	9.5103	0.0037	29.0309	0.0426	0.0001	0.2539	18.5732	0.0093	38.6036
18	42	0.1536	3	0	1	0	1	0	0	0	0	N	N	N	N	N	N	N	N	N	N	N	N	0.0240	0.0320	0.0784	0.2107	0.0000	0.0000	0.0004	0.0000	0.0030	0.0016	0.0000	0.2136	0.0000	0.0000	0.0000	0.0171	0.0000	0.0943	0.0202	0.0000	1.0137	0.0146	0.0000	0.0473	inf	inf	0.0000	0.0000	0.9969	0.0003	1.0186	0.0002	0.0000	0.0000	0.0000	0.0000	0.0000	0.0000	0.0000	0.0000	0.0000	0.0000	0.0000	0.0000	0.0000	0.0000	0.0000	0.0000	0.0000	0.0000	0.0000	0.0000	0.0000	0.0000	0.0000	0.0000	0.0000	0.0000	0.0000	0.0000	0.0000	0.0000	0.0000	0.0000	0.0000	0.0000	0.0000	0.0000	0.0240	0.0000	0.0320	0.0784	0.0000	0.2193	0.0000	0.0000	0.0000	0.0171	0.0000	0.0943	0.0202	0.0000	0.9740	0.0146	0.0000	0.0473			
18	43	0.1096	3	1	1	1	1	0	0	0	0	N	N	N	N	N	N	N	N	N	N	N	N	0.0000	0.0000	0.0000	0.0000	0.0000	0.0000	0.0000	0.0000	0.0000	0.0000	0.0000	0.0000	0.0000	0.0000	0.0000	0.0732	0.1104	0.0000	0.0815	0.0983	0.0000	0.0668	0.1247	0.0000	0.0000	0.0000	-0.0005	0.9969	0.0000	1.0186	2.0000	0.0000	0.0000	0.0000	0.0000	0.0000	0.0000	0.0000	0.0000	0.0000	0.0010	0.0010	0.0000	0.0005	0.0005	0.0000	0.0005	0.0005	0.0000	0.0000	0.0000	0.0000	0.0000	0.0000	0.0000	0.0000	0.0000	0.0000	0.0131	0.0087	0.0044	0.0056	0.0047	0.0010	0.0075	0.0040	0.0035	0.0000	0.0000	0.0000	0.0000	0.0000	0.0000	0.0000	0.0000	0.0000	0.0732	0.1104	0.0000	0.0815	0.0983	0.0000	0.0668	0.1247	0.0000				
18	44	0.1096	3	1	1	1	1	0	0	0	0	N	N	N	N	N	N	N	N	N	N	N	N	0.0000	0.0000	0.0000	0.0000	0.0000	0.0000	0.0000	0.0000	0.0000	0.0000	0.0000	0.0000	0.0000	0.0000	0.0000	0.0202	0.0336	0.0000	0.0131	0.0218	0.0000	0.0848	0.1366	0.0000	0.0000	0.0000	-0.0000	0.9969	0.0000	1.0186	0.0000	0.0000	0.0000	0.0000	0.0000	0.0000	0.0000	0.0000	0.0000	0.0000	0.0000	0.0000	0.0000	0.0000	0.0000	0.0000	0.0000	0.0000	0.0000	0.0000	0.0000	0.0000	0.0000	0.0000	0.0000	0.0000	0.0000	0.0000	0.0000	0.0000	0.0000	0.0000	0.0000	0.0000	0.0000	0.0000	0.0000	0.0000	0.0000	0.0000	0.0000	0.0000	0.0000	0.0000	0.0000	0.0000	0.0202	0.0336	0.0000	0.0131	0.0218	0.0000	0.0848	0.1366	0.0000				
18	45	0.0836	2	1	1	1	1	0	0	0	0	N	N	N	N	N	N	N	N	N	N	N	N	0.0116	0.0000	0.1930	0.0132	0.0000	3.2597	0.0246	0.0949	0.0048	0.0000	0.0504	0.0094	0.0000	0.6782	0.0033	0.0000	0.0264	0.4191	0.4943	0.2610	0.7124	0.8090	0.2081	0.1335	0.0000	0.2782	inf	0.2512	0.0001	-0.0066	0.9969	0.7962	1.0186	7.9291	0.0001	0.0000	0.0001	0.0000	0.0000	0.0000	0.0000	0.0000	0.0000	0.0207	0.0165	0.0042	0.0173	0.0165	0.0008	0.0033	0.0000	0.0033	0.0203	0.0183	0.0020	0.0052	0.0051	0.0001	0.0151	0.0132	0.0019	0.0493	0.0334	0.0159	0.0243	0.0204	0.0039	0.0250	0.0130	0.0120	0.0116	0.0000	0.1930	0.0132	0.0000	3.2597	0.0246	0.0000	0.0949	0.4191	0.4943	0.2610	0.7124	0.8090	0.2081	0.1335	0.0000	0.2782	
18	46	0.0836	2	1	1	0	1	0	0	0	0	N	N	N	N	N	N	N	N	N	N	N	N	0.0400	0.0000	0.2239	0.0780	0.0000	3.3307	0.0270	0.0000	0.1138	0.0048	0.0000	0.0504	0.0094	0.0000	0.6782	0.0033	0.0000	0.0264	0.1210	0.0709	0.2250	0.1203	0.1039	0.2036	0.1217	0.0195	0.2320	inf	1.5293	0.0001	0.0007	0.9969	0.7962	1.0186	12.9291	0.0001	0.0000	0.0001	0.0000	0.0000	0.0000	0.0000	0.0000	0.0000	0.0087	0.0034	0.0053	0.0043	0.0031	0.0012	0.0044	0.0004	0.0041	0.0203	0.0183	0.0020	0.0052	0.0051	0.0001	0.0151	0.0132	0.0019	0.0719	0.0485	0.0234	0.0353	0.0295	0.0058	0.0365	0.0190	0.0176	0.0400	0.0000	0.2239	0.0780	0.0000	3.3307	0.0270	0.0000	0.1138	0.1210	0.0709	0.2250	0.1203	0.1039	0.2036	0.1217	0.0195	0.2320
18	47	0.0836	2	0	1	0	2	0	0	0	0	N	N	N	Y	N	N	N	N	N	N	N	N	0.0000	0.0000	0.0000	0.0000	0.0000	0.0000	0.0000	0.0000	0.0000	0.0000	0.0000	0.0000	0.0000	0.0000	0.0000	0.0527	0.0000	0.1606	0.0066	0.0000	0.0394	0.0966	0.0000	0.2009	inf	0.0000	0.0031	0.9969	9.0000	1.0186	15.0400	0.0000	0.0000	0.0000	0.0000	0.0000	0.0000	0.0000	0.0000	0.0000	0.0064	0.0000	0.0064	0.0004	0.0000	0.0004	0.0060	0.0000	0.0060	0.1365	0.1193	0.0172	0.0124	0.0117	0.0006	0.1242	0.1076	0.0166	0.1208	0.0811	0.0397	0.0589	0.0490	0.0099	0.0619	0.0322	0.0298	0.0000	0.0000	0.0000	0.0000	0.0000	0.0000	0.0000	0.0000	0.0000	0.0527	0.0000	0.1606	0.0066	0.0000	0.0394	0.0966	0.0000	0.2009				
18	50	0.1185	3	0	1	1	1	0	0	0	0	N	N	N	N	N	N	N	N	N	N	N	N	0.0001	0.0001	0.0000	0.0001	0.0001	0.0000	0.0000	0.0000	0.0000	0.0000	0.0000	0.0000	0.0000	0.0000	0.0000	0.0000	0.0000	0.0017	0.0023	0.0001	0.0022	0.0027	0.0000	0.0001	0.0001	0.0001	0.0000	0.0103	-0.0000	-0.0000	0.9969	1.4428	1.0186	0.4686	0.0000	0.0000	0.0000	0.0000	0.0000	0.0000	0.0000	0.0000	0.0000	0.0000	0.0000	0.0000	0.0000	0.0000	0.0000	0.0000	0.0000	0.0000	0.0430	0.0379	0.0052	0.0305	0.0270	0.0035	0.0125	0.0108	0.0017	0.0126	0.0094	0.0032	0.0095	0.0079	0.0016	0.0031	0.0015	0.0016	0.0001	0.0001	0.0000	0.0001	0.0001	0.0000	0.0000	0.0000	0.0000	0.0017	0.0023	0.0001	0.0022	0.0027	0.0000	0.0001	0.0001	0.0001	
18	51	0.0836	2	0	1	0	1	0	0	0	0	N	N	N	N	N	N	N	N	N	N	N	N	0.0023	0.0018	0.0061	0.0118	0.0103	0.0000	0.0000	0.0000	0.0027	0.0005	0.0005	0.0000	0.0047	0.0050	0.0000	0.0000	0.0000	0.0000	0.1999	0.2967	0.0000	0.3997	0.4791	0.0000	0.0074	0.0142	0.0000	0.0000	0.0000	-0.0000	-0.0089	0.9969	7.1845	1.0186	8.0722	0.0001	0.0001	0.0000	0.0001	0.0001	0.0000	0.0000	0.0000	0.0000	0.0171	0.0171	0.0000	0.0167	0.0167	0.0000	0.0003	0.0003	0.0000	0.1130	0.0988	0.0142	0.0110	0.0104	0.0005	0.1020	0.0883	0.0137	0.0853	0.0575	0.0279	0.0419	0.0349	0.0069	0.0435	0.0226	0.0209	0.0023	0.0018	0.0061	0.0118	0.0103	0.0000	0.0000	0.0000	0.0027	0.1999	0.2967	0.0000	0.3997	0.4791	0.0000	0.0074	0.0142	0.0000
18	52	0.1062	3	1	0	1	1	0	0	0	0	N	N	N	N	N	N	N	N	N	N	N	N	0.0010	0.0008	0.0000	0.0020	0.0018	0.0109	0.0096	0.0000	0.0000	0.0000	0.0000	0.0000	0.0000	0.0000	0.0000	0.0000	0.0000	0.0103	0.0144	0.0000	0.0153	0.0181	0.0000	0.0000	0.0001	0.0000	0.0000	0.0006	-0.0000	-0.0002	0.9969	0.9976	1.0186	4.7732	0.0000	0.0000	0.0000	0.0000	0.0000	0.0000	0.0000	0.0000	0.0000	0.0003	0.0003	0.0000	0.0003	0.0003	0.0000	0.0000	0.0000	0.0000	0.0133	0.0118	0.0015	0.0046	0.0043	0.0003	0.0087	0.0075	0.0012	0.0294	0.0209	0.0085	0.0197	0.0166	0.0030	0.0097	0.0042	0.0055	0.0010	0.0008	0.0000	0.0020	0.0018	0.0000	0.0109	0.0096	0.0000	0.0103	0.0144	0.0000	0.0153	0.0181	0.0000	0.0000	0.0001	0.0000	
18	53	0.0836	2	1	0	0	1	0	0	0	0	N	N	N	N	N	N	N	N	N	N	N	N	0.0031	0.0024	0.0029	0.0116	0.0101	0.4759	0.0006	0.0096	0.0012	0.0009	0.0010	0.0000	0.0068	0.0070	0.0001	0.0000	0.0000	0.0000	0.2889	0.4261	0.0022	0.5848	0.6981	0.0002	0.0014	0.0000	0.0028	0.0009	0.0024	-0.0000	-0.0085	0.9969	3.2133	1.0186	6.0120	0.0001	0.0001	0.0000	0.0001	0.0001	0.0000	0.0000	0.0000	0.0000	0.0163	0.0163	0.0000	0.0163	0.0163	0.0000	0.0000	0.0000	0.0000	0.0583	0.0512	0.0071	0.0076	0.0073	0.0003	0.0507	0.0439	0.0068	0.0566	0.0383	0.0183	0.0279	0.0234	0.0045	0.0287	0.0149	0.0138	0.0031	0.0024	0.0029	0.0116	0.0101	0.4759	0.0006	0.0096	0.0012	0.2889	0.4261	0.0022	0.5848	0.6981	0.0002	0.0014	0.0000	0.0028
18	54	0.0836	2	1	1	0	1	0	0	0	0	N	N	N	N	N	N	N	N	N	N	N	N	0.0305	0.0000	0.0883	0.1893	0.0000	1.3516	0.0122	0.0446	0.0029	0.0000	0.0254	0.0080	0.0000	0.3449	0.0018	0.0000	0.0133	0.0939	0.0002	0.2883	0.0423	0.0003	0.2552	0.1439	0.0000	0.2992	inf	702.0891	0.0001	0.0032	0.9969	1.7961	1.0186	11.9291	0.0001	0.0000	0.0001	0.0000	0.0000	0.0000	0.0000	0.0000	0.0000	0.0067	0.0000	0.0067	0.0015	0.0000	0.0015	0.0053	0.0000	0.0053	0.0343	0.0304	0.0039	0.0061	0.0059	0.0001	0.0282	0.0245	0.0037	0.0719	0.0485	0.0234	0.0353	0.0295	0.0058	0.0365	0.0190	0.0176	0.0305	0.0000	0.0883	0.1893	0.0000	1.3516	0.0122	0.0000	0.0446	0.0939	0.0002	0.2883	0.0423	0.0003	0.2552	0.1439	0.0000	0.2992	
18	55	0.1048	3	0	1	0	1	0	0	0	0	N	N	N	N	N	N	N	N	N	N	N	N	0.1465	0.0000	1.6501	0.3402	0.0000	101.8986	0.0699	0.0000	0.5507	0.0023	0.0000	0.0254	0.0042	0.0000	0.6365	0.0014	0.0000	0.0107	0.0159	0.0162	0.0154	0.0123	0.0135	0.0062	0.0205	0.0214	0.0195	inf	0.4178	0.0000	-0.0002	0.9969	0.0041	1.0186	6.2745	0.0000	0.0000	0.0000	0.0000	0.0000	0.0000	0.0000	0.0000	0.0000	0.0010	0.0007	0.0003	0.0004	0.0004	0.0000	0.0006	0.0003	0.0003	0.0002	0.0002	0.0000	0.0001	0.0001	0.0000	0.0001	0.0001	0.0000	0.0619	0.0430	0.0189	0.0344	0.0286	0.0058	0.0274	0.0144	0.0130	0.1465	0.0000	1.6501	0.3402	0.0000	101.8986	0.0699	0.0000	0.5507	0.0159	0.0162	0.0154	0.0123	0.0135	0.0062	0.0205	0.0214	0.0195
18	56	0.1536	3	0	0	1	1	0	0	0	0	N	N	N	N	N	N	N	N	N	N	N	N	0.0419	0.0285	0.0915	0.0933	0.0000	0.0000	0.0006	0.0007	0.0000	0.0140	0.0150	0.0000	0.0000	0.0000	0.0000	0.0148	0.0249	0.0000	0.1533	0.1606	0.0000	0.0000	0.0000	0.0000	0.0000	0.0000	-0.0000	-0.0009	0.9969	18.9997	1.0186	4.0000	0.0001	0.0001	0.0000	0.0001	0.0001	0.0000	0.0000	0.0000	0.0000	0.0018	0.0018	0.0000	0.0018	0.0018	0.0000	0.0000	0.0000	0.0000	0.2414	0.2112	0.0302	0.0107	0.0100	0.0007	0.2307	0.2012	0.0295	0.1201	0.0714	0.0488	0.0116	0.0111	0.0005	0.1085	0.0603	0.0482	0.0419	0.0285	0.0000	0.0915	0.0933	0.0000	0.0000	0.0000	0.0000	0.0148	0.0249	0.0000	0.1533	0.1606	0.0000	0.0000	0.0000	0.0000			
18	57	0.0836	2	0	0	0	1	0	0	0	0	N	N	N	N	N	N	N	N	N	N	N	N	0.0255	0.0002	0.0734	0.2034	0.0006	1.4154	0.0097	0.0000	0.0350	0.0027	0.0000	0.0234	0.0078	0.0000	0.3171	0.0016	0.0000	0.0123	0.1048	0.0005	0.3184	0.0383	0.0008	0.2240	0.1681	0.0000	0.3497	35114.1680	315.1899	0.0001	0.0060	0.9969	1.7961	1.0186	22.3138	0.0001	0.0000	0.0001	0.0000	0.0000	0.0000	0.0000	0.0000	0.0000	0.0125	0.0000	0.0125	0.0022	0.0000	0.0022	0.0103	0.0000	0.0103	0.0368	0.0326	0.0042	0.0062	0.0061	0.0002	0.0306	0.0265	0.0041	0.1196	0.0803	0.0393	0.0583	0.0485	0.0098	0.0613	0.0318	0.0295	0.0255	0.0002	0.0734	0.2034	0.0006	1.4154	0.0097	0.0000	0.0350	0.1048	0.0005	0.3184	0.0383	0.0008	0.2240	0.1681	0.0000	0.3497
18	58	0.1044	4	1	1	0	1	0	0	0	0	N	N	N	N	N	N	N	N	N	N	N	N	0.0010	0.0011	0.0000	0.0017	0.0015	0.0001	0.0108	0.0000	0.0000	0.0000	0.0000	0.0000	0.0000	0.0000	0.0000	0.0000	0.0000	0.0118	0.0116	0.0122	0.0127	0.0151	0.0000	0.0099	0.0001	0.0200	0.0000	0.3808	-0.0000	-0.0001	0.9969	0.9359	1.0186	8.5945	0.0000	0.0000	0.0000	0.0000	0.0000	0.0000	0.0000	0.0000	0.0000	0.0006	0.0004	0.0002	0.0004	0.0004	0.0000	0.0002	0.0000	0.0002	0.0180	0.0162	0.0018	0.0094	0.0088	0.0006	0.0086	0.0074	0.0011	0.0469	0.0344	0.0125	0.0314	0.0265	0.0049	0.0155	0.0079	0.0076	0.0010	0.0011	0.0000	0.0017	0.0015	0.0000	0.0001	0.0108	0.0000	0.0118	0.0116	0.0122	0.0127	0.0151	0.0000	0.0099	0.0001	0.0200	
18	59	0.1016	3	0	1	0	1	0	0	0	0	N	N	N	N	N	N	N	N	N	N	N	N	0.0015	0.0017	0.0025	0.0025	0.0019	0.1104	0.0008	0.0046	0.0017	0.0001	0.0001	0.0003	0.0001	0.0001	0.0003	0.0001	0.0000	0.0002	0.0560	0.0393	0.1018	0.0440	0.0500	0.0027	0.0768	0.0060	0.1437	0.4035	0.9463	0.0000	-0.0000	0.9969	0.1706	1.0186	1.8413	0.0000	0.0000	0.0000	0.0000	0.0000	0.0000	0.0000	0.0000	0.0000	0.0008	0.0004	0.0004	0.0004	0.0004	0.0000	0.0004	0.0000	0.0004	0.0049	0.0045	0.0005	0.0027	0.0025	0.0001	0.0023	0.0020	0.0003	0.0144	0.0106	0.0039	0.0092	0.0080	0.0011	0.0053	0.0026	0.0027	0.0015	0.0017	0.0025	0.0025	0.0019	0.1104	0.0008	0.0046	0.0017	0.0560	0.0393	0.1018	0.0440	0.0500	0.0027	0.0768	0.0060	0.1437
18	60	0.0836	2	0	1	0	1	0	0	0	0	N	N	N	N	N	N	N	N	N	N	N	N	0.0021	0.0016	0.0401	0.0102	0.0089	0.3998	0.0096	0.0165	0.0243	0.0005	0.0006	0.0000	0.0051	0.0053	0.0001	0.0000	0.0000	0.0000	0.2464	0.3648	0.0001	0.5006	0.5985	0.0002	0.0001	0.0000	0.0001	0.0014	0.0002	-0.0000	-0.0084	0.9969	6.1830	1.0186	4.8458	0.0001	0.0001	0.0000	0.0001	0.0001	0.0000	0.0000	0.0000	0.0000	0.0162	0.0162	0.0000	0.0162	0.0162	0.0000	0.0000	0.0000	0.0000	0.0998	0.0873	0.0125	0.0102	0.0097	0.0005	0.0897	0.0776	0.0121	0.0656	0.0443	0.0213	0.0323	0.0270	0.0053	0.0333	0.0173	0.0160	0.0021	0.0016	0.0401	0.0102	0.0089	0.3998	0.0096	0.0165	0.0243	0.2464	0.3648	0.0001	0.5006	0.5985	0.0002	0.0001	0.0000	0.0001
18	61	0.4766	9	0	0	0	1	0	0	0	0	N	N	N	N	N	N	N	N	N	N	N	N	0.0449	0.1490	0.0000	0.0002	0.0000	0.0012	0.0561	1.9675	0.0000	0.0006	0.0007	0.0000	0.0000	0.0000	0.0001	0.0006	0.0007	0.0000	0.0137	0.0048	0.0302	0.0186	0.0102	0.0650	0.0111	0.0004	0.0241	0.0002	3.4107	-0.0000	0.0003	0.9969	1.0140	1.0186	12.0537	0.0000	0.0000	0.0000	0.0000	0.0000	0.0000	0.0000	0.0000	0.0000	0.0012	0.0003	0.0010	0.0006	0.0003	0.0003	0.0007	0.0000	0.0006	0.0163	0.0140	0.0022	0.0003	0.0003	0.0000	0.0160	0.0137	0.0022	0.0903	0.0586	0.0317	0.0309	0.0262	0.0047	0.0594	0.0324	0.0270	0.0449	0.1490	0.0000	0.0002	0.0000	0.0012	0.0561	1.9675	0.0000	0.0137	0.0048	0.0302	0.0186	0.0102	0.0650	0.0111	0.0004	0.0241
18	62	0.4007	6	0	0	0	1	0	0	0	0	N	N	N	N	N	N	N	N	N	N	N	N	55.6883	52.5496	0.0367	0.0119	0.0000	0.7362	247.4028	1077.2064	0.0106	3.3557	3.8176	0.0011	0.0012	0.0000	0.0282	3.6732	4.2146	0.0003	0.0603	0.0726	0.0312	0.1004	0.1127	0.0383	0.0148	0.0039	0.0282	0.0000	0.1830	-0.0952	-0.0078	0.9969	22.0948	1.0186	64.3951	0.9964	0.9964	0.0000	0.0000	0.0000	0.0000	0.9964	0.9964	0.0000	0.0213	0.0180	0.0033	0.0188	0.0176	0.0012	0.0025	0.0004	0.0021	0.2969	0.2610	0.0359	0.0257	0.0246	0.0011	0.2713	0.2364	0.0348	0.3528	0.2473	0.1054	0.1872	0.1563	0.0310	0.1655	0.0911	0.0745	55.6883	52.5496	0.0367	0.0119	0.0000	0.7362	247.4028	1077.2064	0.0106	0.0603	0.0726	0.0312	0.1004	0.1127	0.0383	0.0148	0.0039	0.0282
18	63	0.1939	5	0	0	0	1	0	0	0	0	N	N	N	N	N	N	N	N	N	N	N	N	0.0199	0.0327	0.0014	0.0046	0.0013	0.0368	0.0278	0.1591	0.0004	0.0002	0.0002	0.0000	0.0001	0.0000	0.0010	0.0002	0.0003	0.0000	0.0109	0.0075	0.0180	0.0145	0.0123	0.0269	0.0081	0.0016	0.0157	0.0161	1.1369	-0.0000	0.0000	0.9969	3.0638	1.0186	18.8214	0.0000	0.0000	0.0000	0.0000	0.0000	0.0000	0.0000	0.0000	0.0000	0.0020	0.0010	0.0011	0.0012	0.0009	0.0003	0.0008	0.0001	0.0008	0.0470	0.0407	0.0064	0.0023	0.0022	0.0001	0.0447	0.0385	0.0062	0.1876	0.1270	0.0606	0.0823	0.0699	0.0124	0.1053	0.0571	0.0482	0.0199	0.0327	0.0014	0.0046	0.0013	0.0368	0.0278	0.1591	0.0004	0.0109	0.0075	0.0180	0.0145	0.0123	0.0269	0.0081	0.0016	0.0157
18	64	0.1048	3	1	1	1	1	0	0	0	0	N	N	N	N	N	N	N	N	N	N	N	N	0.0038	0.0000	0.0158	0.0648	0.0000	1.4486	0.0016	0.0000	0.0053	0.0000	0.0000	0.0002	0.0004	0.0000	0.0073	0.0000	0.0000	0.0001	0.0068	0.0045	0.0119	0.0066	0.0069	0.0051	0.0071	0.0002	0.0148	inf	1.1892	0.0000	0.0000	0.9969	1.0029	1.0186	8.4685	0.0000	0.0000	0.0000	0.0000	0.0000	0.0000	0.0000	0.0000	0.0000	0.0005	0.0002	0.0003	0.0003	0.0002	0.0000	0.0003	0.0000	0.0003	0.0158	0.0136	0.0022	0.0006	0.0005	0.0000	0.0152	0.0131	0.0021	0.0782	0.0539	0.0243	0.0419	0.0347	0.0072	0.0364	0.0192	0.0172	0.0038	0.0000	0.0158	0.0648	0.0000	1.4486	0.0016	0.0000	0.0053	0.0068	0.0045	0.0119	0.0066	0.0069	0.0051	0.0071	0.0002	0.0148
18	65	0.0836	2	0	1	0	1	0	0	0	0	N	N	N	N	N	N	N	N	N	N	N	N	0.0126	0.0000	0.2201	0.0142	0.0000	3.6190	0.0281	0.0025	0.1090	0.0048	0.0000	0.0502	0.0094	0.0000	0.6762	0.0033	0.0000	0.0263	0.3858	0.4610	0.2281	0.6624	0.7540	0.1869	0.1167	0.0013	0.2416	463.4885	0.2361	0.0001	-0.0067	0.9969	0.7961	1.0186	8.5878	0.0001	0.0000	0.0001	0.0000	0.0000	0.0000	0.0000	0.0000	0.0000	0.0202	0.0164	0.0039	0.0171	0.0163	0.0008	0.0031	0.0000	0.0031	0.0203	0.0183	0.0020	0.0052	0.0051	0.0001	0.0151	0.0132	0.0019	0.0524	0.0355	0.0169	0.0259	0.0217	0.0042	0.0266	0.0138	0.0128	0.0126	0.0000	0.2201	0.0142	0.0000	3.6190	0.0281	0.0025	0.1090	0.3858	0.4610	0.2281	0.6624	0.7540	0.1869	0.1167	0.0013	0.2416
18	66	0.4766	9	0	1	0	1	0	0	0	0	N	N	N	N	N	N	N	N	N	N	N	N	0.0000	0.0000	0.0005	0.0000	0.0000	0.0359	0.0000	0.0000	0.0000	0.0000	0.0000	0.0000	0.0000	0.0000	0.0001	0.0000	0.0000	0.0000	0.1839	0.2828	0.0014	0.5371	0.6337	0.0022	0.0008	0.0004	0.0013	0.7143	0.0027	0.0000	-0.0088	0.9969	1.0110	1.0186	12.5479	0.0000	0.0000	0.0000	0.0000	0.0000	0.0000	0.0000	0.0000	0.0000	0.0170	0.0170	0.0000	0.0170	0.0170	0.0000	0.0000	0.0000	0.0000	0.0162	0.0140	0.0022	0.0003	0.0003	0.0000	0.0159	0.0137	0.0022	0.0927	0.0601	0.0326	0.0316	0.0268	0.0048	0.0610	0.0333	0.0277	0.0000	0.0000	0.0005	0.0000	0.0000	0.0359	0.0000	0.0000	0.0000	0.1839	0.2828	0.0014	0.5371	0.6337	0.0022	0.0008	0.0004	0.0013
18	67	0.4702	8	0	0	0	1	0	0	0	0	N	N	N	N	N	N	N	N	N	N	N	N	0.0000	0.0000	0.0000	0.0002	0.0001	0.0000	0.0000	0.0000	0.0000	0.0000	0.0000	0.0000	0.0000	0.0000	0.0000	0.0000	0.0000	0.0000	0.0381	0.0409	0.0316	0.0646	0.0682	0.0385	0.0157	0.0041	0.0300	0.3784	0.3310	0.0000	-0.0004	0.9969	0.9784	1.0186	1.5217	0.0000	0.0000	0.0000	0.0000	0.0000	0.0000	0.0000	0.0000	0.0000	0.0015	0.0012	0.0004	0.0012	0.0011	0.0001	0.0003	0.0000	0.0003	0.0157	0.0135	0.0022	0.0003	0.0002	0.0000	0.0154	0.0133	0.0022	0.0403	0.0282	0.0121	0.0185	0.0162	0.0023	0.0218	0.0120	0.0098	0.0000	0.0000	0.0000	0.0002	0.0001	0.0000	0.0000	0.0000	0.0000	0.0381	0.0409	0.0316	0.0646	0.0682	0.0385	0.0157	0.0041	0.0300
18	68	0.4400	7	0	0	0	1	0	0	0	0	N	N	N	N	N	N	N	N	N	N	N	N	0.0002	0.0000	0.0011	0.0034	0.0001	0.0948	0.0001	0.0000	0.0005	0.0000	0.0000	0.0000	0.0001	0.0000	0.0036	0.0000	0.0000	0.0000	0.0181	0.0146	0.0250	0.0272	0.0253	0.0377	0.0115	0.0025	0.0220	44.3434	0.8441	0.0000	-0.0001	0.9969	1.0531	1.0186	9.0748	0.0000	0.0000	0.0000	0.0000	0.0000	0.0000	0.0000	0.0000	0.0000	0.0017	0.0009	0.0008	0.0011	0.0008	0.0002	0.0006	0.0001	0.0006	0.0173	0.0149	0.0024	0.0005	0.0005	0.0000	0.0168	0.0144	0.0024	0.0931	0.0623	0.0308	0.0389	0.0331	0.0058	0.0542	0.0292	0.0250	0.0002	0.0000	0.0011	0.0034	0.0001	0.0948	0.0001	0.0000	0.0005	0.0181	0.0146	0.0250	0.0272	0.0253	0.0377	0.0115	0.0025	0.0220
18	69	0.0836	2	1	0	1	1	0	0	0	0	N	N	N	N	N	N	N	N	N	N	N	N	0.0000	0.0000	0.0000	0.0000	0.0000	0.0000	0.0000	0.0000	0.0000	0.0000	0.0000	0.0000	0.0000	0.0006	0.0009	0.0000	0.0012	0.0014	0.0000	0.0000	0.0000	0.0000	0.0000	0.0000	-0.0000	0.9969	0.0000	1.0186	4.9600	0.0000	0.0000	0.0000	0.0000	0.0000	0.0000	0.0000	0.0000	0.0000	0.0000	0.0000	0.0000	0.0000	0.0000	0.0000	0.0000	0.0000	0.0000	0.0000	0.0000	0.0000	0.0000	0.0000	0.0000	0.0000	0.0000	0.0000	0.0337	0.0229	0.0107	0.0166	0.0141	0.0026	0.0170	0.0089	0.0081	0.0000	0.0000	0.0000	0.0000	0.0000	0.0000	0.0000	0.0000	0.0000	0.0006	0.0009	0.0000	0.0012	0.0014	0.0000	0.0000	0.0000	0.0000						
18	71	0.1398	6	0	0	1	1	0	0	0	0	N	N	N	N	N	N	N	N	N	N	N	N	0.0000	0.0000	0.0000	0.0000	0.0000	0.0000	0.0000	0.0000	0.0000	0.0000	0.0000	0.0000	0.0000	0.0000	0.0000	0.0000	0.0000	0.0000	0.0029	0.0046	0.0001	0.0088	0.0105	0.0001	0.0000	0.0000	0.0001	0.0093	0.0000	-0.0000	0.9969	1.0000	1.0186	0.0055	0.0000	0.0000	0.0000	0.0000	0.0000	0.0000	0.0000	0.0000	0.0000	0.0000	0.0000	0.0000	0.0000	0.0000	0.0000	0.0000	0.0000	0.0000	0.0087	0.0076	0.0011	0.0007	0.0007	0.0000	0.0080	0.0069	0.0011	0.0039	0.0025	0.0014	0.0013	0.0011	0.0002	0.0026	0.0014	0.0012	0.0000	0.0000	0.0000	0.0000	0.0000	0.0000	0.0000	0.0000	0.0000	0.0029	0.0046	0.0001	0.0088	0.0105	0.0001	0.0000	0.0000	0.0001	
18	72	0.1332	5	0	0	1	1	0	0	0	0	N	N	N	N	N	N	N	N	N	N	N	N	0.0000	0.0000	0.0000	0.0000	0.0000	0.0000	0.0000	0.0000	0.0000	0.0000	0.0000	0.0000	0.0000	0.0000	0.0000	0.0000	0.0000	0.0000	1.3162	2.0349	0.0017	3.7643	4.4285	0.0014	0.0009	0.0001	0.0018	0.0005	0.0000	-0.0030	0.9969	0.0000	1.0186	1.0265	0.0000	0.0000	0.0000	0.0000	0.0000	0.0000	0.0000	0.0000	0.0000	0.0057	0.0057	0.0000	0.0057	0.0057	0.0000	0.0000	0.0000	0.0000	0.0000	0.0000	0.0000	0.0000	0.0000	0.0000	0.0000	0.0000	0.0000	0.0043	0.0028	0.0015	0.0015	0.0013	0.0002	0.0028	0.0015	0.0013	0.0000	0.0000	0.0000	0.0000	0.0000	0.0000	0.0000	0.0000	0.0000	1.3162	2.0349	0.0017	3.7643	4.4285	0.0014	0.0009	0.0001	0.0018	
18	73	0.1277	4	0	0	0	1	0	0	0	0	N	N	N	N	N	N	N	N	N	N	N	N	0.0000	0.0000	0.0000	0.0000	0.0000	0.0000	0.0000	0.0000	0.0000	0.0000	0.0000	0.0000	0.0000	0.0000	0.0000	0.0000	0.0000	0.0000	0.0010	0.0005	0.0029	0.0007	0.0007	0.0012	0.0014	0.0001	0.0035	1.4321	0.0000	0.0000	0.9969	0.0000	1.0186	1.0321	0.0000	0.0000	0.0000	0.0000	0.0000	0.0000	0.0000	0.0000	0.0000	0.0001	0.0000	0.0000	0.0000	0.0000	0.0000	0.0000	0.0000	0.0000	0.0036	0.0035	0.0001	0.0018	0.0018	0.0000	0.0018	0.0017	0.0001	0.0700	0.0563	0.0137	0.0424	0.0390	0.0034	0.0276	0.0173	0.0103	0.0000	0.0000	0.0000	0.0000	0.0000	0.0000	0.0000	0.0000	0.0000	0.0010	0.0005	0.0029	0.0007	0.0007	0.0012	0.0014	0.0001	0.0035	
18	74	0.1049	3	0	0	0	1	0	0	0	0	N	N	N	N	N	N	N	N	N	N	N	N	0.0152	0.0207	0.0280	0.1998	0.1599	0.9412	0.0035	0.0003	0.0119	0.0006	0.0003	0.0031	0.0056	0.0028	0.1073	0.0002	0.0000	0.0013	0.0414	0.0126	0.1102	0.0281	0.0176	0.1140	0.0526	0.0056	0.1094	1.7790	3.6705	0.0000	0.0012	0.9969	0.5629	1.0186	8.5245	0.0000	0.0000	0.0000	0.0000	0.0000	0.0000	0.0000	0.0000	0.0000	0.0047	0.0010	0.0037	0.0015	0.0008	0.0006	0.0032	0.0002	0.0030	0.0099	0.0086	0.0013	0.0008	0.0008	0.0000	0.0091	0.0078	0.0013	0.1129	0.0795	0.0333	0.0516	0.0460	0.0056	0.0612	0.0335	0.0277	0.0152	0.0207	0.0280	0.1998	0.1599	0.9412	0.0035	0.0003	0.0119	0.0414	0.0126	0.1102	0.0281	0.0176	0.1140	0.0526	0.0056	0.1094
18	75	0.1219	4	0	1	0	1	0	0	0	0	N	N	N	N	N	N	N	N	N	N	N	N	0.0000	0.0000	0.0000	0.0000	0.0000	0.0000	0.0000	0.0000	0.0000	0.0000	0.0000	0.0000	0.0000	0.0000	0.0000	0.0000	0.0000	0.0000	0.0012	0.0001	0.0032	0.0003	0.0001	0.0011	0.0018	0.0000	0.0038	25.5030	0.0000	0.0000	0.9969	1.9994	1.0186	4.0943	0.0000	0.0000	0.0000	0.0000	0.0000	0.0000	0.0000	0.0000	0.0000	0.0000	0.0000	0.0000	0.0000	0.0000	0.0000	0.0000	0.0000	0.0000	0.0174	0.0152	0.0022	0.0012	0.0011	0.0001	0.0163	0.0142	0.0021	0.0320	0.0205	0.0115	0.0132	0.0106	0.0025	0.0188	0.0098	0.0090	0.0000	0.0000	0.0000	0.0000	0.0000	0.0000	0.0000	0.0000	0.0000	0.0012	0.0001	0.0032	0.0003	0.0001	0.0011	0.0018	0.0000	0.0038	
18	76	0.1156	3	0	0	0	1	0	0	0	0	N	N	N	N	N	N	N	N	N	N	N	N	0.0000	0.0000	0.0000	0.0000	0.0000	0.0000	0.0000	0.0000	0.0000	0.0000	0.0000	0.0000	0.0000	0.0000	0.0000	0.0000	0.0000	0.0000	0.0184	0.0089	0.0372	0.0157	0.0137	0.0273	0.0204	0.0032	0.0394	2.1201	0.0000	0.0001	0.9969	0.0011	1.0186	2.7207	0.0000	0.0000	0.0000	0.0000	0.0000	0.0000	0.0000	0.0000	0.0000	0.0003	0.0001	0.0002	0.0001	0.0001	0.0000	0.0002	0.0000	0.0002	0.0000	0.0000	0.0000	0.0000	0.0000	0.0000	0.0000	0.0000	0.0000	0.0181	0.0120	0.0061	0.0077	0.0065	0.0011	0.0105	0.0055	0.0050	0.0000	0.0000	0.0000	0.0000	0.0000	0.0000	0.0000	0.0000	0.0000	0.0184	0.0089	0.0372	0.0157	0.0137	0.0273	0.0204	0.0032	0.0394	
18	77	0.0836	2	0	0	0	1	0	0	0	0	N	N	N	N	N	N	N	N	N	N	N	N	0.0000	0.0000	0.0000	0.0000	0.0000	0.0000	0.0000	0.0000	0.0000	0.0000	0.0000	0.0000	0.0000	0.0000	0.0000	0.0000	0.0000	0.0000	0.1345	0.0015	0.4119	0.0250	0.0021	0.1423	0.2409	0.0005	0.5007	131.0186	0.0000	0.0039	0.9969	0.0001	1.0186	10.0074	0.0000	0.0000	0.0000	0.0000	0.0000	0.0000	0.0000	0.0000	0.0000	0.0082	0.0001	0.0081	0.0007	0.0001	0.0007	0.0074	0.0000	0.0074	0.0089	0.0085	0.0004	0.0044	0.0044	0.0000	0.0044	0.0041	0.0004	0.0608	0.0411	0.0197	0.0300	0.0251	0.0049	0.0309	0.0160	0.0148	0.0000	0.0000	0.0000	0.0000	0.0000	0.0000	0.0000	0.0000	0.0000	0.1345	0.0015	0.4119	0.0250	0.0021	0.1423	0.2409	0.0005	0.5007	
18	78	0.1037	3	1	0	1	1	0	0	0	0	N	N	N	N	N	N	N	N	N	N	N	N	0.0000	0.0000	0.0000	0.0000	0.0000	0.0000	0.0000	0.0000	0.0000	0.0000	0.0000	0.0000	0.0000	0.0000	0.0000	0.0014	0.0020	0.0000	0.0021	0.0025	0.0000	0.0000	0.0000	0.0000	0.0000	0.0000	-0.0000	-0.0000	0.9969	1.6246	1.0186	0.0115	0.0000	0.0000	0.0000	0.0000	0.0000	0.0000	0.0000	0.0000	0.0000	0.0000	0.0000	0.0000	0.0000	0.0000	0.0000	0.0000	0.0000	0.0000	0.0484	0.0447	0.0036	0.0348	0.0329	0.0019	0.0136	0.0119	0.0017	0.0076	0.0056	0.0020	0.0054	0.0045	0.0009	0.0022	0.0011	0.0011	0.0000	0.0000	0.0000	0.0000	0.0000	0.0000	0.0000	0.0000	0.0000	0.0014	0.0020	0.0000	0.0021	0.0025	0.0000	0.0000	0.0000	0.0000			
18	79	0.0836	2	1	0	1	1	0	0	0	0	N	N	N	N	N	N	N	N	N	N	N	N	0.0018	0.0014	0.0173	0.0093	0.0082	0.0000	0.0000	0.0000	0.0000	0.0004	0.0005	0.0000	0.0044	0.0046	0.0000	0.0000	0.0000	0.0000	0.2324	0.3445	0.0000	0.4726	0.5656	0.0000	0.0000	0.0000	0.0000	0.0000	0.0000	-0.0000	-0.0086	0.9969	8.1927	1.0186	3.9952	0.0001	0.0001	0.0000	0.0001	0.0001	0.0000	0.0000	0.0000	0.0000	0.0166	0.0166	0.0000	0.0166	0.0166	0.0000	0.0000	0.0000	0.0000	0.1259	0.1100	0.0159	0.0117	0.0111	0.0006	0.1141	0.0989	0.0153	0.0712	0.0481	0.0232	0.0350	0.0293	0.0058	0.0362	0.0188	0.0174	0.0018	0.0014	0.0173	0.0093	0.0082	0.0000	0.0000	0.0000	0.0000	0.2324	0.3445	0.0000	0.4726	0.5656	0.0000	0.0000	0.0000	0.0000
18	80	0.0836	2	0	1	0	2	0	0	0	0	N	N	N	Y	N	N	N	N	N	N	N	N	0.0522	0.0000	0.1816	0.3525	0.0000	4.6128	0.0210	0.0000	0.0824	0.0048	0.0000	0.0504	0.0094	0.0000	0.6782	0.0033	0.0000	0.0264	0.0928	0.0031	0.2773	0.0266	0.0025	0.1470	0.1563	0.0039	0.3206	inf	43.6030	0.0001	0.0041	0.9969	0.7962	1.0186	19.0091	0.0001	0.0000	0.0001	0.0000	0.0000	0.0000	0.0000	0.0000	0.0000	0.0089	0.0002	0.0087	0.0013	0.0001	0.0012	0.0077	0.0001	0.0076	0.0203	0.0183	0.0020	0.0052	0.0051	0.0001	0.0151	0.0132	0.0019	0.0962	0.0647	0.0314	0.0471	0.0392	0.0078	0.0491	0.0255	0.0236	0.0522	0.0000	0.1816	0.3525	0.0000	4.6128	0.0210	0.0000	0.0824	0.0928	0.0031	0.2773	0.0266	0.0025	0.1470	0.1563	0.0039	0.3206
18	81	0.0836	2	0	1	0	1	0	0	0	0	N	N	N	N	N	N	N	N	N	N	N	N	0.0383	0.0000	0.1323	0.2465	0.0000	3.1176	0.0156	0.0000	0.0607	0.0048	0.0000	0.0504	0.0094	0.0000	0.6782	0.0033	0.0000	0.0264	0.1265	0.0023	0.3806	0.0381	0.0019	0.2175	0.2105	0.0029	0.4348	inf	82.1696	0.0001	0.0070	0.9969	0.7962	1.0186	25.3140	0.0001	0.0000	0.0001	0.0000	0.0000	0.0000	0.0000	0.0000	0.0000	0.0149	0.0002	0.0148	0.0022	0.0001	0.0021	0.0127	0.0001	0.0127	0.0203	0.0183	0.0020	0.0052	0.0051	0.0001	0.0151	0.0132	0.0019	0.1181	0.0794	0.0388	0.0576	0.0479	0.0097	0.0605	0.0314	0.0291	0.0383	0.0000	0.1323	0.2465	0.0000	3.1176	0.0156	0.0000	0.0607	0.1265	0.0023	0.3806	0.0381	0.0019	0.2175	0.2105	0.0029	0.4348
18	82	0.0836	2	0	1	0	1	0	0	0	0	N	N	N	N	N	N	N	N	N	N	N	N	0.0004	0.0000	0.0814	0.2860	0.0000	2.2028	0.0001	0.0000	0.0366	0.0032	0.0003	0.0254	0.0080	0.0000	0.3449	0.0021	0.0004	0.0133	7.7946	11.4569	0.3126	0.0280	0.0020	0.1566	15.1544	28.8376	0.3643	9.8323	0.0134	0.0001	-0.5015	0.9969	1.7961	1.0186	27.0091	0.0001	0.0000	0.0001	0.0000	0.0000	0.0000	0.0001	0.0000	0.0000	0.9873	0.9743	0.0130	0.0017	0.0001	0.0016	0.9856	0.9742	0.0114	0.0343	0.0304	0.0039	0.0061	0.0059	0.0001	0.0282	0.0245	0.0037	0.1267	0.0850	0.0416	0.0616	0.0513	0.0104	0.0650	0.0338	0.0313	0.0004	0.0000	0.0814	0.2860	0.0000	2.2028	0.0001	0.0000	0.0366	7.7946	11.4569	0.3126	0.0280	0.0020	0.1566	15.1544	28.8376	0.3643
18	83	0.1939	5	0	0	0	1	0	0	0	0	N	N	N	N	N	N	N	N	N	N	N	N	0.0001	0.0001	0.0003	0.0026	0.0012	0.0117	0.0000	0.0000	0.0001	0.0000	0.0000	0.0000	0.0000	0.0000	0.0003	0.0000	0.0000	0.0000	0.0151	0.0088	0.0277	0.0104	0.0074	0.0270	0.0181	0.0102	0.0279	2.9347	1.5565	0.0000	0.0003	0.9969	10.0679	1.0186	33.8159	0.0000	0.0000	0.0000	0.0000	0.0000	0.0000	0.0000	0.0000	0.0000	0.0036	0.0014	0.0022	0.0010	0.0006	0.0004	0.0026	0.0008	0.0018	0.1403	0.1220	0.0183	0.0065	0.0061	0.0004	0.1338	0.1159	0.0179	0.2382	0.1592	0.0790	0.0939	0.0796	0.0143	0.1443	0.0796	0.0647	0.0001	0.0001	0.0003	0.0026	0.0012	0.0117	0.0000	0.0000	0.0001	0.0151	0.0088	0.0277	0.0104	0.0074	0.0270	0.0181	0.0102	0.0279
18	84	0.1663	4	0	0	0	1	0	0	0	0	N	N	N	N	N	N	N	N	N	N	N	N	0.0023	0.0019	0.0051	0.0184	0.0124	0.1675	0.0006	0.0003	0.0018	0.0001	0.0000	0.0002	0.0005	0.0003	0.0069	0.0000	0.0000	0.0001	0.0228	0.0165	0.0367	0.0264	0.0241	0.0415	0.0197	0.0058	0.0356	0.9565	0.9991	0.0000	-0.0001	0.9969	0.9441	1.0186	14.0836	0.0000	0.0000	0.0000	0.0000	0.0000	0.0000	0.0000	0.0000	0.0000	0.0039	0.0020	0.0020	0.0021	0.0017	0.0004	0.0018	0.0003	0.0015	0.0163	0.0141	0.0022	0.0014	0.0014	0.0000	0.0149	0.0127	0.0022	0.1714	0.1183	0.0531	0.0793	0.0691	0.0102	0.0921	0.0492	0.0429	0.0023	0.0019	0.0051	0.0184	0.0124	0.1675	0.0006	0.0003	0.0018	0.0228	0.0165	0.0367	0.0264	0.0241	0.0415	0.0197	0.0058	0.0356
18	85	0.4485	7	0	0	0	1	0	0	0	0	N	N	N	N	N	N	N	N	N	N	N	N	0.0002	0.0002	0.0001	0.1683	0.1633	0.0018	0.0000	0.0000	0.0000	0.0008	0.0010	0.0000	0.0086	0.0089	0.0001	0.0003	0.0003	0.0000	3.8096	5.3617	0.0233	0.0509	0.0547	0.0305	8.2224	14.8393	0.0203	0.0002	0.0018	-0.0000	-0.4983	0.9969	15.0008	1.0186	28.2980	0.0002	0.0002	0.0000	0.0001	0.0001	0.0000	0.0001	0.0001	0.0000	0.9595	0.9578	0.0017	0.0069	0.0063	0.0007	0.9526	0.9515	0.0011	0.2302	0.2018	0.0284	0.0150	0.0143	0.0006	0.2152	0.1874	0.0278	0.2519	0.1786	0.0732	0.1360	0.1145	0.0215	0.1158	0.0641	0.0517	0.0002	0.0002	0.0001	0.1683	0.1633	0.0018	0.0000	0.0000	0.0000	3.8096	5.3617	0.0233	0.0509	0.0547	0.0305	8.2224	14.8393	0.0203
18	86	0.4485	7	0	0	0	1	0	0	0	0	N	N	N	N	N	N	N	N	N	N	N	N	0.0066	0.0060	0.0001	0.0420	0.0380	0.0022	0.0003	0.0012	0.0000	0.0007	0.0008	0.0000	0.0076	0.0078	0.0001	0.0000	0.0000	0.0000	0.1095	0.1391	0.0342	0.1803	0.2062	0.0369	0.0178	0.0054	0.0330	0.0004	0.0966	-0.0000	-0.0114	0.9969	10.8154	1.0186	27.4443	0.0001	0.0001	0.0000	0.0001	0.0001	0.0000	0.0000	0.0000	0.0000	0.0263	0.0240	0.0023	0.0244	0.0237	0.0008	0.0019	0.0003	0.0016	0.1372	0.1193	0.0179	0.0130	0.0126	0.0004	0.1242	0.1068	0.0175	0.2402	0.1724	0.0678	0.1355	0.1148	0.0207	0.1047	0.0576	0.0471	0.0066	0.0060	0.0001	0.0420	0.0380	0.0022	0.0003	0.0012	0.0000	0.1095	0.1391	0.0342	0.1803	0.2062	0.0369	0.0178	0.0054	0.0330
18	87	0.4007	6	0	0	0	1	0	0	0	0	N	N	N	N	N	N	N	N	N	N	N	N	0.0350	0.0314	0.0366	0.1791	0.1545	1.4258	0.0016	0.0009	0.0077	0.0043	0.0046	0.0024	0.0156	0.0151	0.0407	0.0003	0.0002	0.0006	0.1234	0.1459	0.0648	0.0871	0.0977	0.0285	0.1747	0.2517	0.0821	0.0713	0.1708	-0.0000	-0.0154	0.9969	2.7608	1.0186	22.4044	0.0003	0.0003	0.0000	0.0003	0.0003	0.0000	0.0000	0.0000	0.0000	0.0412	0.0352	0.0060	0.0170	0.0162	0.0009	0.0241	0.0190	0.0052	0.0792	0.0696	0.0096	0.0208	0.0204	0.0004	0.0583	0.0492	0.0092	0.3335	0.2409	0.0926	0.1953	0.1655	0.0298	0.1382	0.0754	0.0628	0.0350	0.0314	0.0366	0.1791	0.1545	1.4258	0.0016	0.0009	0.0077	0.1234	0.1459	0.0648	0.0871	0.0977	0.0285	0.1747	0.2517	0.0821
18	88	0.2709	5	0	0	0	1	0	0	0	0	N	N	N	N	N	N	N	N	N	N	N	N	0.0328	0.0346	0.0105	0.1559	0.1560	0.2064	0.0206	0.0185	0.0076	0.0023	0.0025	0.0007	0.0054	0.0053	0.0077	0.0021	0.0023	0.0005	0.0701	0.0735	0.0626	0.0348	0.0342	0.0374	0.1006	0.1254	0.0705	0.0386	0.3963	-0.0000	-0.0051	0.9969	8.8820	1.0186	49.9570	0.0003	0.0003	0.0000	0.0001	0.0000	0.0000	0.0003	0.0003	0.0000	0.0215	0.0154	0.0061	0.0050	0.0041	0.0009	0.0166	0.0113	0.0052	0.1395	0.1214	0.0181	0.0094	0.0091	0.0003	0.1301	0.1123	0.0178	0.3075	0.2099	0.0976	0.1426	0.1194	0.0232	0.1649	0.0905	0.0745	0.0328	0.0346	0.0105	0.1559	0.1560	0.2064	0.0206	0.0185	0.0076	0.0701	0.0735	0.0626	0.0348	0.0342	0.0374	0.1006	0.1254	0.0705
18	89	0.0836	2	1	1	0	2	0	0	0	0	N	N	N	Y	N	N	N	N	N	N	N	N	0.0765	0.0000	0.2600	0.3403	0.0000	4.1158	0.0336	0.1299	0.0048	0.0000	0.0504	0.0094	0.0000	0.6782	0.0033	0.0000	0.0264	0.0634	0.0002	0.1937	0.0276	0.0003	0.1648	0.0978	0.0000	0.2033	inf	581.2583	0.0001	0.0027	0.9969	0.7962	1.0186	16.9291	0.0001	0.0000	0.0001	0.0000	0.0000	0.0000	0.0000	0.0000	0.0000	0.0056	0.0000	0.0056	0.0012	0.0000	0.0012	0.0044	0.0000	0.0044	0.0203	0.0183	0.0020	0.0052	0.0051	0.0001	0.0151	0.0132	0.0019	0.0882	0.0594	0.0288	0.0433	0.0361	0.0072	0.0449	0.0233	0.0216	0.0765	0.0000	0.2600	0.3403	0.0000	4.1158	0.0336	0.0000	0.1299	0.0634	0.0002	0.1937	0.0276	0.0003	0.1648	0.0978	0.0000	0.2033	
18	90	0.1556	7	0	1	0	2	0	0	0	0	N	N	N	Y	N	N	N	N	N	N	N	N	0.0000	0.0000	0.0000	0.0000	0.0000	0.0000	0.0000	0.0000	0.0000	0.0000	0.0000	0.0000	0.0000	0.0000	0.0000	0.0000	0.0000	0.0000	0.0000	0.0000	0.9969	0.0000	1.0186	0.0000	0.0000	0.0000	0.0000	0.0000	0.0000	0.0000	0.0000	0.0000	0.0000	0.0000	0.0000	0.0000	0.0000	0.0000	0.0000	0.0000	0.0000	0.0000	0.0000	0.0000	0.0000	0.0000	0.0000	0.0000	0.0000	0.0000	0.0000	0.0000	0.0000	0.0000	0.0000	0.0000	0.0000	0.0000	0.0000	0.0000	0.0000	0.0000	0.0000	0.0000	0.0000	0.0000	0.0000	0.0000	0.0000	0.0000	0.0000	0.0000	0.0000	0.0000	0.0000	0.0000	0.0000	0.0000											
18	91	0.1448	6	0	1	0	2	0	0	0	0	N	N	N	Y	N	N	N	N	N	N	N	N	0.0000	0.0000	0.0000	0.0000	0.0000	0.0000	0.0000	0.0000	0.0000	0.0000	0.0000	0.0000	0.0000	0.0000	0.0000	0.0000	0.0000	0.0000	0.0000	0.0000	0.9969	1.0000	1.0186	3.0000	0.0000	0.0000	0.0000	0.0000	0.0000	0.0000	0.0000	0.0000	0.0000	0.0000	0.0000	0.0000	0.0000	0.0000	0.0000	0.0000	0.0000	0.0000	0.0140	0.0125	0.0015	0.0059	0.0054	0.0005	0.0081	0.0070	0.0011	0.0175	0.0128	0.0046	0.0120	0.0100	0.0020	0.0054	0.0028	0.0026	0.0000	0.0000	0.0000	0.0000	0.0000	0.0000	0.0000	0.0000	0.0000	0.0000	0.0000	0.0000	0.0000	0.0000	0.0000	0.0000	0.0000	0.0000											
18	92	0.1383	4	0	1	0	1	0	0	0	0	N	N	N	N	N	N	N	N	N	N	N	N	0.0000	0.0000	0.0000	0.0000	0.0000	0.0000	0.0000	0.0000	0.0000	0.0000	0.0000	0.0000	0.0000	0.0000	0.0000	0.0000	0.0000	0.0000	0.0000	0.0000	0.9969	0.0000	1.0186	0.0000	0.0000	0.0000	0.0000	0.0000	0.0000	0.0000	0.0000	0.0000	0.0000	0.0000	0.0000	0.0000	0.0000	0.0000	0.0000	0.0000	0.0000	0.0000	0.0000	0.0000	0.0000	0.0000	0.0000	0.0000	0.0000	0.0000	0.0000	0.0000	0.0000	0.0000	0.0000	0.0000	0.0000	0.0000	0.0000	0.0000	0.0000	0.0000	0.0000	0.0000	0.0000	0.0000	0.0000	0.0000	0.0000	0.0000	0.0000	0.0000	0.0000	0.0000	0.0000	0.0000	0.0000	0.0000											
18	93	0.1448	6	0	0	1	2	0	0	0	0	N	N	N	Y	N	N	N	N	N	N	N	N	0.0000	0.0000	0.0000	0.0000	0.0000	0.0000	0.0000	0.0000	0.0000	0.0000	0.0000	0.0000	0.0000	0.0000	0.0000	0.0000	0.0000	0.0000	0.0000	0.0000	0.9969	0.0000	1.0186	0.0000	0.0000	0.0000	0.0000	0.0000	0.0000	0.0000	0.0000	0.0000	0.0000	0.0000	0.0000	0.0000	0.0000	0.0000	0.0000	0.0000	0.0000	0.0000	0.0000	0.0000	0.0000	0.0000	0.0000	0.0000	0.0000	0.0000	0.0000	0.0000	0.0000	0.0000	0.0000	0.0000	0.0000	0.0000	0.0000	0.0000	0.0000	0.0000	0.0000	0.0000	0.0000	0.0000	0.0000	0.0000	0.0000	0.0000	0.0000	0.0000	0.0000	0.0000	0.0000	0.0000	0.0000	0.0000											
18	94	0.1422	5	0	0	0	2	0	0	0	0	N	N	N	Y	N	N	N	N	N	N	N	N	0.0000	0.0000	0.0000	0.0000	0.0000	0.0000	0.0000	0.0000	0.0000	0.0000	0.0000	0.0000	0.0000	0.0000	0.0000	0.0000	0.0000	0.0000	0.0000	0.0000	0.9969	1.0000	1.0186	0.0097	0.0000	0.0000	0.0000	0.0000	0.0000	0.0000	0.0000	0.0000	0.0000	0.0000	0.0000	0.0000	0.0000	0.0000	0.0000	0.0000	0.0000	0.0000	0.0140	0.0125	0.0015	0.0059	0.0054	0.0005	0.0081	0.0070	0.0011	0.0047	0.0034	0.0013	0.0032	0.0027	0.0005	0.0015	0.0007	0.0008	0.0000	0.0000	0.0000	0.0000	0.0000	0.0000	0.0000	0.0000	0.0000	0.0000	0.0000	0.0000	0.0000	0.0000	0.0000	0.0000	0.0000	0.0000											
18	95	0.1422	5	0	0	1	2	0	0	0	0	N	N	N	Y	N	N	N	N	N	N	N	N	0.0000	0.0000	0.0000	0.0000	0.0000	0.0000	0.0000	0.0000	0.0000	0.0000	0.0000	0.0000	0.0000	0.0000	0.0000	0.0000	0.0000	0.0000	0.0000	0.0000	0.9969	2.0000	1.0186	3.0050	0.0000	0.0000	0.0000	0.0000	0.0000	0.0000	0.0000	0.0000	0.0000	0.0000	0.0000	0.0000	0.0000	0.0000	0.0000	0.0000	0.0000	0.0000	0.0276	0.0246	0.0030	0.0116	0.0107	0.0009	0.0160	0.0139	0.0021	0.0218	0.0159	0.0058	0.0150	0.0125	0.0025	0.0068	0.0035	0.0033	0.0000	0.0000	0.0000	0.0000	0.0000	0.0000	0.0000	0.0000	0.0000	0.0000	0.0000	0.0000	0.0000	0.0000	0.0000	0.0000	0.0000	0.0000											
18	96	0.1422	5	0	0	1	2	0	0	0	0	N	N	N	Y	N	N	N	N	N	N	N	N	0.0000	0.0000	0.0000	0.0000	0.0000	0.0000	0.0000	0.0000	0.0000	0.0000	0.0000	0.0000	0.0000	0.0000	0.0000	0.0054	0.0074	0.0000	0.0010	0.0012	0.0000	0.0150	0.0292	0.0000	0.0000	0.0000	-0.0001	0.9969	0.0000	1.0186	6.9903	0.0000	0.0000	0.0000	0.0000	0.0000	0.0000	0.0000	0.0000	0.0000	0.0002	0.0002	0.0000	0.0000	0.0000	0.0000	0.0001	0.0001	0.0000	0.0000	0.0000	0.0000	0.0000	0.0000	0.0000	0.0000	0.0000	0.0000	0.0297	0.0218	0.0079	0.0204	0.0170	0.0034	0.0094	0.0048	0.0046	0.0000	0.0000	0.0000	0.0000	0.0000	0.0000	0.0000	0.0000	0.0000	0.0054	0.0074	0.0000	0.0010	0.0012	0.0000	0.0150	0.0292	0.0000				
18	97	0.1366	4	0	0	0	2	0	0	0	0	N	N	N	Y	N	N	N	N	N	N	N	N	0.0000	0.0000	0.0000	0.0000	0.0000	0.0000	0.0000	0.0000	0.0000	0.0000	0.0000	0.0000	0.0000	0.0000	0.0000	0.0000	0.0000	0.0000	0.0000	0.0000	0.0000	0.0000	0.0000	0.0000	0.0000	0.0000	0.2430	0.0000	-0.0000	0.9969	0.9999	1.0186	1.0605	0.0000	0.0000	0.0000	0.0000	0.0000	0.0000	0.0000	0.0000	0.0000	0.0000	0.0000	0.0000	0.0000	0.0000	0.0000	0.0000	0.0000	0.0000	0.0161	0.0144	0.0017	0.0078	0.0072	0.0006	0.0082	0.0072	0.0011	0.0100	0.0073	0.0027	0.0066	0.0056	0.0011	0.0033	0.0017	0.0016	0.0000	0.0000	0.0000	0.0000	0.0000	0.0000	0.0000	0.0000	0.0000	0.0000	0.0000	0.0000	0.0000	0.0000	0.0000	0.0000	0.0000	0.0000		
18	98	0.1345	3	0	0	0	2	0	0	0	0	N	N	N	Y	N	N	N	N	N	N	N	N	2.3000	7.3799	0.5887	4.0363	6.7804	0.0000	1.0803	35.5947	0.0000	0.0003	0.0003	0.0002	0.0004	0.0004	0.0000	0.0002	0.0002	0.0000	0.0001	0.0000	0.0004	0.0001	0.0001	0.0003	0.0002	0.0000	0.0004	0.0828	3.2355	-0.0000	0.0000	0.9969	0.0012	1.0186	1.0414	0.0000	0.0000	0.0000	0.0000	0.0000	0.0000	0.0000	0.0000	0.0000	0.0000	0.0000	0.0000	0.0000	0.0000	0.0000	0.0000	0.0000	0.0000	0.0001	0.0001	0.0000	0.0000	0.0000	0.0000	0.0000	0.0000	0.0000	0.0055	0.0041	0.0015	0.0036	0.0030	0.0005	0.0019	0.0010	0.0009	2.3000	7.3799	0.5887	4.0363	6.7804	0.0000	1.0803	35.5947	0.0000	0.0001	0.0000	0.0004	0.0001	0.0001	0.0003	0.0002	0.0000	0.0004
18	99	0.0836	2	1	1	0	1	0	0	0	0	N	N	N	N	N	N	N	N	N	N	N	N	0.0409	0.1090	0.0000	0.5357	2.6220	0.0000	0.0000	0.0000	0.0000	0.0009	0.0010	0.0000	0.0068	0.0070	0.0000	0.0000	0.0000	0.0000	0.0216	0.0092	0.0473	0.0127	0.0027	0.0634	0.0303	0.0195	0.0420	0.0000	2.4699	-0.0000	0.0003	0.9969	3.2042	1.0186	9.0918	0.0001	0.0001	0.0000	0.0001	0.0001	0.0000	0.0000	0.0000	0.0000	0.0016	0.0004	0.0011	0.0004	0.0001	0.0004	0.0011	0.0004	0.0007	0.0584	0.0513	0.0071	0.0076	0.0073	0.0003	0.0508	0.0440	0.0069	0.0721	0.0486	0.0234	0.0354	0.0296	0.0058	0.0366	0.0190	0.0176	0.0409	0.1090	0.0000	0.5357	2.6220	0.0000	0.0000	0.0000	0.0000	0.0216	0.0092	0.0473	0.0127	0.0027	0.0634	0.0303	0.0195	0.0420
18	100	0.0836	2	0	1	0	1	0	0	0	0	N	N	N	N	N	N	N	N	N	N	N	N	0.1142	0.0000	0.3864	0.2446	0.0000	2.9098	0.0709	0.2738	0.0048	0.0000	0.0504	0.0094	0.0000	0.6782	0.0033	0.0000	0.0264	0.0424	0.0002	0.1303	0.0384	0.0004	0.2331	0.0464	0.0000	0.0965	inf	278.1396	0.0001	0.0013	0.9969	0.7962	1.0186	10.9291	0.0001	0.0000	0.0001	0.0000	0.0000	0.0000	0.0000	0.0000	0.0000	0.0027	0.0000	0.0027	0.0012	0.0000	0.0012	0.0015	0.0000	0.0015	0.0203	0.0183	0.0020	0.0052	0.0051	0.0001	0.0151	0.0132	0.0019	0.0632	0.0427	0.0205	0.0311	0.0260	0.0051	0.0321	0.0167	0.0154	0.1142	0.0000	0.3864	0.2446	0.0000	2.9098	0.0709	0.0000	0.2738	0.0424	0.0002	0.1303	0.0384	0.0004	0.2331	0.0464	0.0000	0.0965	
18	101	0.1414	5	1	1	0	1	0	0	0	0	N	N	N	N	N	N	N	N	N	N	N	N	0.0000	0.0000	0.0000	0.0000	0.0000	0.0000	0.0000	0.0000	0.0000	0.0000	0.0000	0.0000	0.0000	0.0000	0.0000	0.0000	0.0000	0.0000	0.0000	0.0000	0.9969	0.0000	1.0186	3.0000	0.0000	0.0000	0.0000	0.0000	0.0000	0.0000	0.0000	0.0000	0.0000	0.0000	0.0000	0.0000	0.0000	0.0000	0.0000	0.0000	0.0000	0.0000	0.0000	0.0000	0.0000	0.0000	0.0000	0.0000	0.0000	0.0000	0.0000	0.0132	0.0095	0.0037	0.0089	0.0074	0.0015	0.0043	0.0021	0.0022	0.0000	0.0000	0.0000	0.0000	0.0000	0.0000	0.0000	0.0000	0.0000	0.0000	0.0000	0.0000	0.0000	0.0000	0.0000	0.0000	0.0000	0.0000											
18	102	0.1383	4	1	1	0	1	0	0	0	0	N	N	N	N	N	N	N	N	N	N	N	N	0.0000	0.0000	0.0000	0.0000	0.0000	0.0000	0.0000	0.0000	0.0000	0.0000	0.0000	0.0000	0.0000	0.0000	0.0000	0.0000	0.0000	0.0000	0.0000	0.0000	0.9969	0.0000	1.0186	1.0000	0.0000	0.0000	0.0000	0.0000	0.0000	0.0000	0.0000	0.0000	0.0000	0.0000	0.0000	0.0000	0.0000	0.0000	0.0000	0.0000	0.0000	0.0000	0.0000	0.0000	0.0000	0.0000	0.0000	0.0000	0.0000	0.0000	0.0000	0.0046	0.0033	0.0013	0.0031	0.0026	0.0005	0.0015	0.0007	0.0008	0.0000	0.0000	0.0000	0.0000	0.0000	0.0000	0.0000	0.0000	0.0000	0.0000	0.0000	0.0000	0.0000	0.0000	0.0000	0.0000	0.0000	0.0000											
18	103	0.1345	3	0	1	0	1	0	0	0	0	N	N	N	N	N	N	N	N	N	N	N	N	1.6547	6.4791	0.0000	3.3452	8.7602	0.0000	0.0000	0.0000	0.0000	0.0001	0.0002	0.0000	0.0002	0.0003	0.0000	0.0000	0.0000	0.0000	0.0001	0.0000	0.0003	0.0001	0.0000	0.0003	0.0001	0.0000	0.0002	0.0000	3.7763	-0.0000	0.0000	0.9969	0.0006	1.0186	1.0534	0.0000	0.0000	0.0000	0.0000	0.0000	0.0000	0.0000	0.0000	0.0000	0.0000	0.0000	0.0000	0.0000	0.0000	0.0000	0.0000	0.0000	0.0000	0.0000	0.0000	0.0000	0.0000	0.0000	0.0000	0.0000	0.0000	0.0000	0.0056	0.0041	0.0015	0.0036	0.0031	0.0005	0.0019	0.0010	0.0009	1.6547	6.4791	0.0000	3.3452	8.7602	0.0000	0.0000	0.0000	0.0000	0.0001	0.0000	0.0003	0.0001	0.0000	0.0003	0.0001	0.0000	0.0002
18	104	0.0836	2	0	0	0	1	0	0	0	0	N	N	N	N	N	N	N	N	N	N	N	N	0.0366	0.5524	0.0000	0.5035	3.1780	0.0000	0.0000	0.0055	0.0000	0.0005	0.0005	0.0000	0.0047	0.0049	0.0000	0.0000	0.0000	0.0000	0.0125	0.0009	0.0362	0.0094	0.0016	0.0484	0.0155	0.0000	0.0322	0.0000	18.6198	-0.0000	0.0005	0.9969	7.2034	1.0186	9.9858	0.0001	0.0001	0.0000	0.0001	0.0001	0.0000	0.0000	0.0000	0.0000	0.0012	0.0001	0.0011	0.0004	0.0001	0.0004	0.0007	0.0000	0.0007	0.1132	0.0990	0.0143	0.0110	0.0105	0.0005	0.1023	0.0885	0.0137	0.0937	0.0631	0.0306	0.0459	0.0383	0.0076	0.0478	0.0248	0.0230	0.0366	0.5524	0.0000	0.5035	3.1780	0.0000	0.0000	0.0055	0.0000	0.0125	0.0009	0.0362	0.0094	0.0016	0.0484	0.0155	0.0000	0.0322
18	109	0.3532	6	0	0	0	1	0	0	0	0	N	N	N	N	N	N	N	N	N	N	N	N	0.0011	0.0000	0.0062	0.0113	0.0000	0.3001	0.0008	0.0000	0.0038	0.0000	0.0000	0.0001	0.0002	0.0000	0.0055	0.0000	0.0000	0.0001	0.0139	0.0119	0.0179	0.0168	0.0165	0.0183	0.0113	0.0058	0.0179	inf	0.7047	0.0000	-0.0004	0.9969	7.7801	1.0186	32.2209	0.0000	0.0000	0.0000	0.0000	0.0000	0.0000	0.0000	0.0000	0.0000	0.0036	0.0021	0.0015	0.0020	0.0017	0.0003	0.0016	0.0004	0.0011	0.1165	0.1011	0.0155	0.0036	0.0035	0.0001	0.1129	0.0976	0.0154	0.2595	0.1766	0.0829	0.1202	0.1012	0.0190	0.1393	0.0754	0.0638	0.0011	0.0000	0.0062	0.0113	0.0000	0.3001	0.0008	0.0000	0.0038	0.0139	0.0119	0.0179	0.0168	0.0165	0.0183	0.0113	0.0058	0.0179
19	20	0.0758	5	1	1	1	0	0	0	0	0	N	N	N	N	N	N	N	N	N	N	N	N	0.0000	0.0000	0.0000	0.0000	0.0000	0.0000	0.0000	0.0000	0.0000	0.0000	0.0000	0.0000	0.0000	0.0000	0.0000	0.0000	0.0000	0.0000	0.0000	0.0000	0.0000	0.0000	0.0000	0.0000	-0.0000	0.3962	0.0000	2.0067	3.0021	0.0000	0.0000	0.0000	0.0000	0.0000	0.0000	0.0000	0.0000	0.0000	0.0000	0.0000	0.0000	0.0000	0.0000	0.0000	0.0000	0.0000	0.0000	0.0000	0.0000	0.0000	0.0000	0.0000	0.0000	0.0000	0.0000	0.0000	0.0090	0.0061	0.0029	0.0039	0.0034	0.0005	0.0051	0.0027	0.0024	0.0000	0.0000	0.0000	0.0000	0.0000	0.0000	0.0000	0.0000	0.0000	0.0000	0.0000	0.0000	0.0000	0.0000	0.0000	0.0000	0.0000	0.0000						
19	21	0.0262	2	1	1	1	0	0	0	0	0	N	N	N	N	N	N	N	N	N	N	N	N	1973.4940	0.0000	1181383.5405	82.9055	0.0000	48464.1824	32400.3578	154424.5899	1.5791	0.0000	26.2819	1.8965	0.0000	39.6074	0.2862	0.0000	2.6069	0.0008	0.0016	0.0000	0.0229	0.0253	0.0008	0.0000	0.0000	0.0000	inf	0.0143	0.3556	-0.0000	0.3962	9.2038	2.0067	12.0710	0.3932	0.0000	0.3932	0.3791	0.0000	0.3791	0.0140	0.0000	0.0140	0.0001	0.0001	0.0000	0.0001	0.0001	0.0000	0.0000	0.0000	0.0000	0.2490	0.2340	0.0150	0.1999	0.1903	0.0096	0.0491	0.0437	0.0054	0.1120	0.0550	0.0570	0.0039	0.0035	0.0004	0.1081	0.0516	0.0566	1973.4940	0.0000	1181383.5405	82.9055	0.0000	48464.1824	32400.3578	0.0000	154424.5899	0.0008	0.0016	0.0000	0.0229	0.0253	0.0008	0.0000	0.0000	0.0000	
19	22	0.0262	2	2	1	1	0	0	0	0	0	Y	N	N	N	N	N	N	N	N	N	N	N	52.2707	inf	438.1804	574.3534	inf	1120.9123	9.0634	inf	43.0078	1.2808	0.0000	21.0961	1.5390	0.0000	31.7240	0.2294	0.0002	2.0763	0.0245	0.0000	0.0481	0.0027	0.0000	0.0283	0.0253	0.0000	0.0483	39060.8080	inf	0.3554	0.0012	0.3962	12.2045	2.0067	6.9907	0.3930	0.0000	0.3930	0.3791	0.0000	0.3791	0.0139	0.0000	0.0139	0.0025	0.0000	0.0025	0.0000	0.0000	0.0000	0.0025	0.0000	0.0025	0.3068	0.2882	0.0186	0.2463	0.2344	0.0120	0.0605	0.0538	0.0067	0.1038	0.0510	0.0528	0.0037	0.0033	0.0004	0.1001	0.0476	0.0525	52.2707	inf	438.1804	574.3534	inf	1120.9123	9.0634	inf	43.0078	0.0245	0.0000	0.0481	0.0027	0.0000	0.0283	0.0253	0.0000	0.0483
19	23	0.0704	4	1	1	1	0	0	0	0	0	N	N	N	N	N	N	N	N	N	N	N	N	0.0000	0.0000	0.0000	0.0000	0.0000	0.0000	0.0000	0.0000	0.0000	0.0000	0.0000	0.0000	0.0000	0.0000	0.0000	0.0000	0.0000	0.0000	0.0000	0.0000	0.0000	0.0000	0.0000	0.0000	-0.0000	0.3962	0.0000	2.0067	4.0676	0.0000	0.0000	0.0000	0.0000	0.0000	0.0000	0.0000	0.0000	0.0000	0.0000	0.0000	0.0000	0.0000	0.0000	0.0000	0.0000	0.0000	0.0000	0.0032	0.0031	0.0001	0.0023	0.0022	0.0000	0.0009	0.0009	0.0000	0.0556	0.0359	0.0197	0.0285	0.0254	0.0031	0.0271	0.0105	0.0166	0.0000	0.0000	0.0000	0.0000	0.0000	0.0000	0.0000	0.0000	0.0000	0.0000	0.0000	0.0000	0.0000	0.0000	0.0000	0.0000	0.0000	0.0000						
19	24	0.0262	2	2	1	1	0	0	0	0	0	Y	N	N	N	N	N	N	N	N	N	N	N	2677.0415	1.3428	1599250.6153	104.8198	0.0125	68508.3946	43983.0689	inf	203951.3697	1.7089	0.0017	28.5302	2.0535	0.0003	43.0981	0.3092	0.0080	2.7617	0.0006	0.0013	0.0000	0.0196	0.0219	0.0006	0.0000	0.0000	0.0000	1061.6838	0.0143	0.3552	-0.0000	0.3962	8.3046	2.0067	21.0710	0.3932	0.0004	0.3928	0.3791	0.0000	0.3791	0.0141	0.0003	0.0137	0.0001	0.0001	0.0000	0.0001	0.0001	0.0000	0.0000	0.0000	0.0000	0.2301	0.2163	0.0138	0.1846	0.1758	0.0088	0.0455	0.0405	0.0050	0.1404	0.0694	0.0710	0.0045	0.0040	0.0005	0.1359	0.0653	0.0705	2677.0415	1.3428	1599250.6153	104.8198	0.0125	68508.3946	43983.0689	inf	203951.3697	0.0006	0.0013	0.0000	0.0196	0.0219	0.0006	0.0000	0.0000	0.0000
19	25	0.0442	3	1	1	1	0	0	0	0	0	N	N	N	N	N	N	N	N	N	N	N	N	15.2353	164.8905	76.6840	9.7039	0.0218	5.9631	1.1650	inf	5.0011	0.0523	0.0003	0.6055	0.1227	0.0000	1.5976	0.0030	0.0005	0.0276	0.0034	0.0000	0.0079	0.0126	0.0000	0.2679	0.0026	0.0000	0.0055	185.8007	3266.1211	0.0017	0.0001	0.3962	1.0335	2.0067	7.4537	0.0019	0.0000	0.0019	0.0018	0.0000	0.0018	0.0001	0.0000	0.0001	0.0003	0.0000	0.0003	0.0001	0.0000	0.0001	0.0002	0.0000	0.0002	0.0357	0.0326	0.0031	0.0147	0.0135	0.0011	0.0210	0.0191	0.0019	0.0881	0.0498	0.0383	0.0073	0.0070	0.0003	0.0808	0.0428	0.0379	15.2353	164.8905	76.6840	9.7039	0.0218	5.9631	1.1650	inf	5.0011	0.0034	0.0000	0.0079	0.0126	0.0000	0.2679	0.0026	0.0000	0.0055
19	26	0.0262	2	1	1	1	0	0	0	0	0	N	N	N	N	N	N	N	N	N	N	N	N	54.6144	inf	0.6443	711.7337	inf	0.1462	9.4438	inf	1.6143	1.9096	2.0275	0.0443	2.2978	2.4115	0.0061	0.3434	0.3717	0.1113	0.0350	0.0000	0.0688	0.0032	0.0000	0.0421	0.0364	0.0000	0.0690	0.0014	inf	-0.0370	0.0012	0.3962	7.2039	2.0067	4.9911	0.3932	0.3926	0.0005	0.3791	0.3791	0.0000	0.0140	0.0135	0.0005	0.0025	0.0000	0.0025	0.0000	0.0000	0.0000	0.0025	0.0000	0.0025	0.2059	0.1936	0.0122	0.1650	0.1572	0.0078	0.0409	0.0365	0.0044	0.0727	0.0358	0.0370	0.0031	0.0028	0.0002	0.0697	0.0329	0.0367	54.6144	inf	0.6443	711.7337	inf	0.1462	9.4438	inf	1.6143	0.0350	0.0000	0.0688	0.0032	0.0000	0.0421	0.0364	0.0000	0.0690
19	27	0.1168	3	1	1	2	1	0	0	0	0	N	N	Y	N	N	N	N	N	N	N	N	N	0.3978	0.0000	2.5370	1.1757	0.0000	19.0536	0.0147	0.0801	0.0001	0.0000	0.0012	0.0002	0.0000	0.0266	0.0000	0.0000	0.0000	0.0002	0.0000	0.0005	0.0002	0.0000	0.0014	0.0002	0.0000	0.0004	inf	1794.5063	0.0000	0.0000	0.3962	1.9923	2.0067	5.5017	0.0000	0.0000	0.0000	0.0000	0.0000	0.0000	0.0000	0.0000	0.0000	0.0000	0.0000	0.0000	0.0000	0.0000	0.0000	0.0000	0.0000	0.0000	0.0574	0.0538	0.0036	0.0204	0.0202	0.0002	0.0370	0.0336	0.0034	0.0758	0.0455	0.0303	0.0210	0.0184	0.0026	0.0547	0.0271	0.0276	0.3978	0.0000	2.5370	1.1757	0.0000	19.0536	0.0147	0.0000	0.0801	0.0002	0.0000	0.0005	0.0002	0.0000	0.0014	0.0002	0.0000	0.0004	
19	28	0.0262	2	1	1	1	0	0	0	0	0	N	N	N	N	N	N	N	N	N	N	N	N	0.0127	0.2171	0.0000	0.0180	0.0200	0.0000	0.0000	0.0000	0.0003	0.0003	0.0000	0.0004	0.0004	0.0000	0.0000	0.0000	0.0000	0.0216	0.0013	0.0411	0.0200	0.0189	0.0322	0.0216	0.0000	0.0412	0.0000	32.0211	-0.0000	0.0009	0.3962	1.7961	2.0067	15.9291	0.0000	0.0000	0.0000	0.0000	0.0000	0.0000	0.0000	0.0000	0.0000	0.0019	0.0001	0.0019	0.0001	0.0001	0.0000	0.0019	0.0000	0.0019	0.0624	0.0591	0.0034	0.0472	0.0453	0.0020	0.0152	0.0138	0.0014	0.0899	0.0441	0.0458	0.0034	0.0031	0.0003	0.0865	0.0410	0.0455	0.0127	0.2171	0.0000	0.0180	0.0200	0.0000	0.0000	0.0000	0.0000	0.0216	0.0013	0.0411	0.0200	0.0189	0.0322	0.0216	0.0000	0.0412	
19	29	0.0840	5	2	1	1	0	0	0	0	0	Y	N	N	N	N	N	N	N	N	N	N	N	0.0000	0.0000	0.0000	0.0000	0.0000	0.0000	0.0000	0.0000	0.0000	0.0000	0.0000	0.0000	0.0000	0.0000	0.0000	0.0000	0.0000	0.0000	0.0000	0.0000	0.3962	0.0000	2.0067	0.0000	0.0000	0.0000	0.0000	0.0000	0.0000	0.0000	0.0000	0.0000	0.0000	0.0000	0.0000	0.0000	0.0000	0.0000	0.0000	0.0000	0.0000	0.0000	0.0000	0.0000	0.0000	0.0000	0.0000	0.0000	0.0000	0.0000	0.0000	0.0000	0.0000	0.0000	0.0000	0.0000	0.0000	0.0000	0.0000	0.0000	0.0000	0.0000	0.0000	0.0000	0.0000	0.0000	0.0000	0.0000	0.0000	0.0000	0.0000	0.0000	0.0000	0.0000	0.0000	0.0000	0.0000	0.0000											
19	30	0.0262	2	1	1	1	1	0	0	0	0	N	N	N	N	N	N	N	N	N	N	N	N	0.0000	0.0000	0.0000	0.0000	0.0000	0.0000	0.0000	0.0000	0.0000	0.0000	0.0000	0.0000	0.0000	0.0009	0.0017	0.0000	0.0239	0.0264	0.0000	0.0000	0.0000	0.0000	0.0000	0.0000	-0.0000	0.3962	0.0000	2.0067	19.0400	0.0000	0.0000	0.0000	0.0000	0.0000	0.0000	0.0000	0.0000	0.0000	0.0001	0.0001	0.0000	0.0001	0.0001	0.0000	0.0000	0.0000	0.0000	0.0000	0.0000	0.0000	0.0000	0.0000	0.0000	0.0000	0.0000	0.0000	0.1036	0.0509	0.0527	0.0037	0.0033	0.0003	0.0999	0.0475	0.0524	0.0000	0.0000	0.0000	0.0000	0.0000	0.0000	0.0000	0.0000	0.0000	0.0009	0.0017	0.0000	0.0239	0.0264	0.0000	0.0000	0.0000	0.0000						
19	31	0.0262	2	2	1	1	0	0	0	0	0	Y	N	N	N	N	N	N	N	N	N	N	N	0.0752	0.0393	0.0033	0.0031	0.0001	0.0001	0.0000	0.0001	0.0001	0.0000	0.0000	0.0000	0.0000	0.0013	0.0026	0.0000	0.0360	0.0399	0.0000	0.0000	0.0000	0.0000	0.0000	0.0000	-0.0000	-0.0001	0.3962	6.7961	2.0067	16.0091	0.0000	0.0000	0.0000	0.0000	0.0000	0.0000	0.0000	0.0000	0.0000	0.0001	0.0001	0.0000	0.0001	0.0001	0.0000	0.0000	0.0000	0.0000	0.1804	0.1698	0.0107	0.1442	0.1375	0.0068	0.0362	0.0323	0.0039	0.1089	0.0535	0.0554	0.0038	0.0034	0.0004	0.1051	0.0501	0.0550	0.0752	0.0393	0.0000	0.0033	0.0031	0.0000	0.0000	0.0000	0.0000	0.0013	0.0026	0.0000	0.0360	0.0399	0.0000	0.0000	0.0000	0.0000					
19	32	0.4511	9	1	0	2	0	0	0	0	0	N	N	Y	N	N	N	N	N	N	N	N	N	0.0798	0.0946	0.0000	0.1485	0.1329	0.0000	0.0007	0.0010	0.0000	0.0009	0.0010	0.0000	0.0011	0.0011	0.0000	0.0000	0.0000	0.0000	0.0118	0.0105	0.0149	0.0073	0.0086	0.0000	0.0203	0.0176	0.0226	0.0000	0.5640	-0.0000	-0.0001	0.3962	2.4598	2.0067	7.4321	0.0001	0.0001	0.0000	0.0001	0.0001	0.0000	0.0000	0.0000	0.0000	0.0007	0.0005	0.0003	0.0003	0.0003	0.0000	0.0004	0.0002	0.0003	0.0668	0.0630	0.0038	0.0577	0.0549	0.0027	0.0092	0.0081	0.0011	0.0623	0.0445	0.0177	0.0409	0.0349	0.0060	0.0214	0.0096	0.0117	0.0798	0.0946	0.0000	0.1485	0.1329	0.0000	0.0007	0.0010	0.0000	0.0118	0.0105	0.0149	0.0073	0.0086	0.0000	0.0203	0.0176	0.0226
19	33	0.4129	8	1	0	1	0	0	0	0	0	N	N	N	N	N	N	N	N	N	N	N	N	0.0013	0.0010	0.0000	0.0024	0.0022	0.0000	0.0002	0.0001	0.0000	0.0009	0.0010	0.0000	0.0011	0.0011	0.0000	0.0002	0.0002	0.0000	0.7176	1.0167	0.0136	0.4381	0.5020	0.0479	1.0893	2.2108	0.0010	0.0000	0.0057	-0.0000	-0.0260	0.3962	2.7943	2.0067	8.2643	0.0001	0.0001	0.0000	0.0001	0.0001	0.0000	0.0000	0.0000	0.0000	0.0505	0.0503	0.0003	0.0176	0.0173	0.0003	0.0329	0.0329	0.0000	0.0745	0.0702	0.0042	0.0643	0.0612	0.0030	0.0102	0.0090	0.0012	0.0704	0.0494	0.0210	0.0402	0.0345	0.0057	0.0302	0.0149	0.0153	0.0013	0.0010	0.0000	0.0024	0.0022	0.0000	0.0002	0.0001	0.0000	0.7176	1.0167	0.0136	0.4381	0.5020	0.0479	1.0893	2.2108	0.0010
19	34	0.0817	3	1	1	1	0	0	0	0	0	N	N	N	N	N	N	N	N	N	N	N	N	2551.2861	1856.0345	2396.1044	1956.6018	190.5923	93.2043	0.0594	0.0625	0.0000	0.0736	0.0765	0.0000	0.0007	0.0008	0.0000	0.0000	0.0000	0.0000	0.0000	0.0000	0.0000	0.0000	0.0000	0.0000	0.0000	0.0000	-0.0000	-0.0000	0.3962	0.0009	2.0067	2.4415	0.0000	0.0000	0.0000	0.0000	0.0000	0.0000	0.0000	0.0000	0.0000	0.0000	0.0000	0.0000	0.0000	0.0000	0.0000	0.0000	0.0000	0.0000	0.0001	0.0001	0.0000	0.0001	0.0001	0.0000	0.0000	0.0000	0.0000	0.0216	0.0149	0.0067	0.0157	0.0123	0.0034	0.0059	0.0026	0.0033	2551.2861	1856.0345	0.0000	2396.1044	1956.6018	0.0000	190.5923	93.2043	0.0000	0.0000	0.0000	0.0000	0.0000	0.0000	0.0000	0.0000	0.0000	0.0000			
19	35	0.0262	2	2	0	2	0	0	0	0	0	Y	N	Y	N	N	N	N	N	N	N	N	N	0.0000	0.0000	0.0000	0.0000	0.0000	0.0000	0.0000	0.0000	0.0000	0.0000	0.0000	0.0000	0.0000	0.0000	0.0000	0.0467	0.0000	0.0937	0.0039	0.0000	0.0784	0.0495	0.0000	0.0938	inf	0.0000	0.0009	0.3962	0.0000	2.0067	5.9600	0.0000	0.0000	0.0000	0.0000	0.0000	0.0000	0.0000	0.0000	0.0000	0.0019	0.0000	0.0019	0.0000	0.0000	0.0000	0.0019	0.0000	0.0019	0.0000	0.0000	0.0000	0.0000	0.0000	0.0000	0.0000	0.0000	0.0000	0.0403	0.0202	0.0201	0.0025	0.0023	0.0001	0.0378	0.0179	0.0200	0.0000	0.0000	0.0000	0.0000	0.0000	0.0000	0.0000	0.0000	0.0000	0.0467	0.0000	0.0937	0.0039	0.0000	0.0784	0.0495	0.0000	0.0938				
19	36	0.1168	3	1	1	1	0	0	0	0	0	N	N	N	N	N	N	N	N	N	N	N	N	35.0860	0.0000	157.6881	90.7845	0.0000	699.5790	1.4125	5.1412	0.0077	0.0000	0.0865	0.0183	0.0000	1.1531	0.0003	0.0000	0.0023	0.0002	0.0000	0.0005	0.0002	0.0000	0.0016	0.0002	0.0000	0.0004	inf	1794.5316	0.0000	0.0000	0.3962	0.0123	2.0067	6.2120	0.0000	0.0000	0.0000	0.0000	0.0000	0.0000	0.0000	0.0000	0.0000	0.0000	0.0000	0.0000	0.0000	0.0000	0.0000	0.0000	0.0000	0.0000	0.0006	0.0005	0.0000	0.0002	0.0002	0.0000	0.0003	0.0003	0.0000	0.0649	0.0391	0.0259	0.0182	0.0159	0.0022	0.0468	0.0232	0.0236	35.0860	0.0000	157.6881	90.7845	0.0000	699.5790	1.4125	0.0000	5.1412	0.0002	0.0000	0.0005	0.0002	0.0000	0.0016	0.0002	0.0000	0.0004	
19	37	0.0262	2	1	1	1	0	0	0	0	0	N	N	N	N	N	N	N	N	N	N	N	N	2536.3244	0.0487	1522053.1496	101.0056	0.0010	64333.0440	41682.6579	inf	198278.6836	1.7251	0.0001	28.8413	2.0732	0.0000	43.5430	0.3120	0.0003	2.8515	0.0007	0.0014	0.0000	0.0205	0.0229	0.0007	0.0000	0.0000	0.0000	27717.0783	0.0143	0.3556	-0.0000	0.3962	8.2035	2.0067	18.5835	0.3932	0.0000	0.3932	0.3791	0.0000	0.3791	0.0141	0.0000	0.0140	0.0001	0.0001	0.0000	0.0001	0.0001	0.0000	0.0000	0.0000	0.0000	0.2279	0.2143	0.0136	0.1829	0.1742	0.0087	0.0450	0.0401	0.0049	0.1319	0.0651	0.0669	0.0043	0.0039	0.0005	0.1276	0.0612	0.0664	2536.3244	0.0487	1522053.1496	101.0056	0.0010	64333.0440	41682.6579	inf	198278.6836	0.0007	0.0014	0.0000	0.0205	0.0229	0.0007	0.0000	0.0000	0.0000
19	38	0.0262	2	1	1	1	1	0	0	0	0	N	N	N	N	N	N	N	N	N	N	N	N	2482.0997	1326.6707	1317.9600	95.3655	89.1350	6.3955	40947.1421	inf	4311.3353	1.4640	1.5565	0.0218	1.7577	1.8463	0.0037	0.2658	0.2920	0.0541	0.0006	0.0012	0.0000	0.0184	0.0207	0.0006	0.0000	0.0000	0.0000	0.0009	0.0143	-0.0372	-0.0000	0.3962	10.2042	2.0067	23.0710	0.3932	0.3928	0.0004	0.3791	0.3791	0.0000	0.0141	0.0137	0.0003	0.0001	0.0001	0.0000	0.0001	0.0001	0.0000	0.0000	0.0000	0.0000	0.2686	0.2524	0.0162	0.2157	0.2053	0.0104	0.0529	0.0471	0.0058	0.1520	0.0753	0.0766	0.0048	0.0043	0.0005	0.1472	0.0710	0.0761	2482.0997	1326.6707	1317.9600	95.3655	89.1350	6.3955	40947.1421	inf	4311.3353	0.0006	0.0012	0.0000	0.0184	0.0207	0.0006	0.0000	0.0000	0.0000
19	39	0.0262	2	2	0	2	0	0	0	0	0	Y	N	Y	N	N	N	N	N	N	N	N	N	0.0000	0.0000	0.0000	0.0000	0.0000	0.0000	0.0000	0.0000	0.0000	0.0000	0.0000	0.0000	0.0000	0.0000	0.0000	0.1151	0.0000	0.2529	0.0047	0.0000	0.2277	0.1309	0.0000	0.2530	inf	0.0000	0.0009	0.3962	0.0000	2.0067	1.9600	0.0000	0.0000	0.0000	0.0000	0.0000	0.0000	0.0000	0.0000	0.0000	0.0019	0.0000	0.0019	0.0000	0.0000	0.0000	0.0019	0.0000	0.0019	0.0000	0.0000	0.0000	0.0000	0.0000	0.0000	0.0000	0.0000	0.0000	0.0163	0.0089	0.0074	0.0021	0.0020	0.0000	0.0143	0.0069	0.0074	0.0000	0.0000	0.0000	0.0000	0.0000	0.0000	0.0000	0.0000	0.0000	0.1151	0.0000	0.2529	0.0047	0.0000	0.2277	0.1309	0.0000	0.2530				
19	40	0.0817	3	1	0	2	0	0	0	0	0	N	N	Y	N	N	N	N	N	N	N	N	N	5086.4899	3815.4405	4758.2510	3956.0030	383.9650	206.5766	0.0594	0.0625	0.0000	0.0736	0.0765	0.0000	0.0007	0.0008	0.0000	0.0000	0.0000	0.0000	0.0000	0.0000	0.0000	0.0000	0.0000	0.0000	0.0000	0.0000	-0.0000	-0.0000	0.3962	0.0009	2.0067	7.7842	0.0000	0.0000	0.0000	0.0000	0.0000	0.0000	0.0000	0.0000	0.0000	0.0000	0.0000	0.0000	0.0000	0.0000	0.0000	0.0000	0.0000	0.0000	0.0001	0.0001	0.0000	0.0001	0.0001	0.0000	0.0000	0.0000	0.0000	0.0431	0.0307	0.0124	0.0312	0.0249	0.0062	0.0119	0.0058	0.0062	5086.4899	3815.4405	0.0000	4758.2510	3956.0030	0.0000	383.9650	206.5766	0.0000	0.0000	0.0000	0.0000	0.0000	0.0000	0.0000	0.0000	0.0000	0.0000			
19	41	0.0262	2	1	0	1	0	0	0	0	0	N	N	N	N	N	N	N	N	N	N	N	N	0.2597	0.1348	0.7167	0.0121	0.0114	0.0000	9.4581	205.1682	1.4592	0.0003	0.0004	0.0000	0.0004	0.0005	0.0000	0.0000	0.0000	0.0000	0.0013	0.0026	0.0000	0.0366	0.0405	0.0000	0.0000	0.0000	0.0000	0.0002	0.0007	-0.0000	-0.0001	0.3962	1.7959	2.0067	20.1034	0.0000	0.0000	0.0000	0.0000	0.0000	0.0000	0.0000	0.0000	0.0000	0.0001	0.0001	0.0000	0.0001	0.0001	0.0000	0.0000	0.0000	0.0000	0.0624	0.0591	0.0034	0.0472	0.0453	0.0020	0.0152	0.0138	0.0014	0.1057	0.0519	0.0538	0.0037	0.0034	0.0004	0.1019	0.0485	0.0534	0.2597	0.1348	0.7167	0.0121	0.0114	0.0000	9.4581	205.1682	1.4592	0.0013	0.0026	0.0000	0.0366	0.0405	0.0000	0.0000	0.0000	0.0000
19	42	0.0962	3	1	1	1	0	0	0	0	0	N	N	N	N	N	N	N	N	N	N	N	N	0.0000	0.0000	0.0000	0.0000	0.0000	0.0000	0.0000	0.0000	0.0000	0.0000	0.0000	0.0000	0.0000	0.0004	0.0005	0.0000	0.0007	0.0008	0.0000	0.0000	0.0000	0.0000	0.0000	-0.0000	-0.0000	0.3962	0.0003	2.0067	0.0002	0.0000	0.0000	0.0000	0.0000	0.0000	0.0000	0.0000	0.0000	0.0000	0.0000	0.0000	0.0000	0.0000	0.0000	0.0000	0.0000	0.0000	0.0000	0.0000	0.0000	0.0000	0.0000	0.0000	0.0000	0.0000	0.0000	0.0000	0.0000	0.0000	0.0000	0.0000	0.0000	0.0000	0.0000	0.0000	0.0000	0.0000	0.0000	0.0000	0.0000	0.0000	0.0000	0.0000	0.0000	0.0000	0.0004	0.0005	0.0000	0.0007	0.0008	0.0000	0.0000	0.0000	0.0000						
19	43	0.0522	3	2	1	2	0	0	0	0	0	Y	N	Y	N	N	N	N	N	N	N	N	N	0.0000	0.0000	0.0000	0.0000	0.0000	0.0000	0.0000	0.0000	0.0000	0.0000	0.0000	0.0000	0.0000	0.0000	0.0000	0.0000	0.0000	0.0000	0.0000	0.0000	0.3962	0.0000	2.0067	2.0000	0.0000	0.0000	0.0000	0.0000	0.0000	0.0000	0.0000	0.0000	0.0000	0.0000	0.0000	0.0000	0.0000	0.0000	0.0000	0.0000	0.0000	0.0000	0.0000	0.0000	0.0000	0.0000	0.0000	0.0000	0.0000	0.0000	0.0000	0.0094	0.0055	0.0040	0.0021	0.0015	0.0005	0.0074	0.0039	0.0034	0.0000	0.0000	0.0000	0.0000	0.0000	0.0000	0.0000	0.0000	0.0000	0.0000	0.0000	0.0000	0.0000	0.0000	0.0000	0.0000	0.0000	0.0000											
19	44	0.0522	3	2	1	2	0	0	0	0	0	Y	N	Y	N	N	N	N	N	N	N	N	N	0.0000	0.0000	0.0000	0.0000	0.0000	0.0000	0.0000	0.0000	0.0000	0.0000	0.0000	0.0000	0.0000	0.0000	0.0000	0.0000	0.0000	0.0000	0.0000	0.0000	0.3962	0.0000	2.0067	0.0000	0.0000	0.0000	0.0000	0.0000	0.0000	0.0000	0.0000	0.0000	0.0000	0.0000	0.0000	0.0000	0.0000	0.0000	0.0000	0.0000	0.0000	0.0000	0.0000	0.0000	0.0000	0.0000	0.0000	0.0000	0.0000	0.0000	0.0000	0.0000	0.0000	0.0000	0.0000	0.0000	0.0000	0.0000	0.0000	0.0000	0.0000	0.0000	0.0000	0.0000	0.0000	0.0000	0.0000	0.0000	0.0000	0.0000	0.0000	0.0000	0.0000	0.0000	0.0000	0.0000	0.0000	0.0000											
19	45	0.0262	2	2	1	2	0	0	0	0	0	Y	N	Y	N	N	N	N	N	N	N	N	N	0.0000	0.2579	0.0000	0.0263	0.0360	0.0000	0.0000	0.0000	0.0005	0.0005	0.0000	0.0007	0.0007	0.0000	0.0000	0.0000	0.0000	19.8401	0.0019	39.4105	0.0258	0.0196	0.1246	20.9391	0.0000	39.6553	0.0000	20525.8896	-0.0000	0.4793	0.3962	0.7962	2.0067	7.9291	0.0000	0.0000	0.0000	0.0000	0.0000	0.0000	0.0000	0.0000	0.0000	1.0009	0.0000	1.0009	0.0001	0.0000	0.0000	1.0009	0.0000	1.0009	0.0358	0.0340	0.0017	0.0252	0.0243	0.0009	0.0106	0.0098	0.0008	0.0505	0.0251	0.0254	0.0027	0.0025	0.0002	0.0478	0.0226	0.0252	0.0000	0.2579	0.0000	0.0263	0.0360	0.0000	0.0000	0.0000	0.0000	19.8401	0.0019	39.4105	0.0258	0.0196	0.1246	20.9391	0.0000	39.6553	
19	46	0.0262	2	2	1	1	0	0	0	0	0	Y	N	N	N	N	N	N	N	N	N	N	N	0.0182	0.3712	0.0000	0.0359	0.0411	0.0000	0.0000	0.0000	0.0005	0.0005	0.0000	0.0007	0.0007	0.0000	0.0000	0.0000	0.0000	0.0263	0.0014	0.0505	0.0189	0.0171	0.0404	0.0266	0.0000	0.0505	0.0000	38.5879	-0.0000	0.0009	0.3962	0.7962	2.0067	12.9291	0.0000	0.0000	0.0000	0.0000	0.0000	0.0000	0.0000	0.0000	0.0000	0.0019	0.0000	0.0019	0.0001	0.0000	0.0000	0.0019	0.0000	0.0019	0.0358	0.0340	0.0017	0.0252	0.0243	0.0009	0.0106	0.0098	0.0008	0.0733	0.0361	0.0373	0.0031	0.0028	0.0002	0.0703	0.0332	0.0370	0.0182	0.3712	0.0000	0.0359	0.0411	0.0000	0.0000	0.0000	0.0000	0.0263	0.0014	0.0505	0.0189	0.0171	0.0404	0.0266	0.0000	0.0505	
19	47	0.0262	2	1	1	1	1	0	0	0	0	N	N	N	N	N	N	N	N	N	N	N	N	0.0000	0.0000	0.0000	0.0000	0.0000	0.0000	0.0000	0.0000	0.0000	0.0000	0.0000	0.0000	0.0000	0.0007	0.0015	0.0000	0.0215	0.0239	0.0000	0.0000	0.0000	0.0000	0.0000	0.0000	-0.0000	0.3962	9.0000	2.0067	15.0400	0.0000	0.0000	0.0000	0.0000	0.0000	0.0000	0.0000	0.0000	0.0000	0.0001	0.0001	0.0000	0.0001	0.0001	0.0000	0.0000	0.0000	0.0000	0.2458	0.2311	0.0148	0.1973	0.1879	0.0094	0.0485	0.0431	0.0053	0.1228	0.0605	0.0624	0.0041	0.0037	0.0004	0.1187	0.0568	0.0619	0.0000	0.0000	0.0000	0.0000	0.0000	0.0000	0.0000	0.0000	0.0000	0.0007	0.0015	0.0000	0.0215	0.0239	0.0000	0.0000	0.0000	0.0000						
19	48	0.1047	3	1	0	1	1	0	0	0	0	N	N	N	N	N	N	N	N	N	N	N	N	0.0005	2.0518	0.0000	1.5573	2.0243	0.0000	0.0000	0.0000	0.0000	0.0000	0.0000	0.0000	0.0000	0.0000	0.0000	0.0000	0.0000	0.0000	0.0420	0.0000	0.1580	0.0000	0.0000	0.0000	0.1463	0.0000	0.2961	0.0000	5168.4936	-0.0000	0.0003	0.3962	0.0037	2.0067	3.0208	0.0000	0.0000	0.0000	0.0000	0.0000	0.0000	0.0000	0.0000	0.0000	0.0006	0.0000	0.0006	0.0000	0.0000	0.0000	0.0006	0.0000	0.0006	0.0001	0.0001	0.0000	0.0001	0.0001	0.0000	0.0000	0.0000	0.0000	0.0154	0.0113	0.0041	0.0110	0.0091	0.0019	0.0044	0.0022	0.0022	0.0005	2.0518	0.0000	1.5573	2.0243	0.0000	0.0000	0.0000	0.0000	0.0420	0.0000	0.1580	0.0000	0.0000	0.0000	0.1463	0.0000	0.2961
19	49	0.0262	2	1	0	1	1	0	0	0	0	N	N	N	N	N	N	N	N	N	N	N	N	0.1067	0.0602	0.0008	0.0048	0.0045	0.0005	0.0000	0.0000	0.0001	0.0001	0.0000	0.0002	0.0002	0.0000	0.0000	0.0000	0.0000	0.0012	0.0022	0.0002	0.0328	0.0366	0.0000	0.0001	0.0000	0.0002	0.0001	0.0792	-0.0000	-0.0001	0.3962	4.7960	2.0067	23.0471	0.0000	0.0000	0.0000	0.0000	0.0000	0.0000	0.0000	0.0000	0.0000	0.0001	0.0001	0.0000	0.0001	0.0001	0.0000	0.0000	0.0000	0.0000	0.1361	0.1282	0.0079	0.1080	0.1030	0.0050	0.0281	0.0252	0.0029	0.1257	0.0619	0.0638	0.0042	0.0037	0.0004	0.1216	0.0582	0.0634	0.1067	0.0602	0.0008	0.0048	0.0045	0.0000	0.0005	0.0000	0.0000	0.0012	0.0022	0.0002	0.0328	0.0366	0.0000	0.0001	0.0000	0.0002	
19	50	0.0611	3	1	1	2	0	0	0	0	0	N	N	Y	N	N	N	N	N	N	N	N	N	3.1901	369.3197	8.4981	5.5182	271.9356	28.2217	0.1805	inf	0.2660	0.0026	0.0015	0.0168	0.0064	0.0034	0.2011	0.0001	0.0001	0.0004	0.0008	0.0000	0.0020	0.0012	0.0000	0.0071	0.0007	0.0000	0.0015	0.9361	353.8452	0.0001	0.0000	0.3962	1.4428	2.0067	0.4686	0.0001	0.0001	0.0001	0.0001	0.0001	0.0001	0.0000	0.0000	0.0000	0.0000	0.0000	0.0000	0.0000	0.0000	0.0000	0.0000	0.0000	0.0000	0.0496	0.0458	0.0038	0.0196	0.0193	0.0003	0.0300	0.0265	0.0035	0.0253	0.0148	0.0105	0.0057	0.0048	0.0009	0.0196	0.0100	0.0096	3.1901	369.3197	8.4981	5.5182	271.9356	28.2217	0.1805	inf	0.2660	0.0008	0.0000	0.0020	0.0012	0.0000	0.0071	0.0007	0.0000	0.0015
19	51	0.0262	2	1	1	1	0	0	0	0	0	N	N	N	N	N	N	N	N	N	N	N	N	225.1238	0.4336	2155.0292	97.8567	0.0092	44791.8769	43.5607	9648.5458	209.0997	1.9134	0.0008	32.1548	2.3025	0.0002	48.6870	0.3440	0.0032	3.1388	0.0085	0.0018	0.0149	0.0235	0.0256	0.0011	0.0079	0.0000	0.0150	2548.8800	8.4088	0.3554	0.0003	0.3962	7.1845	2.0067	8.0722	0.3931	0.0002	0.3930	0.3791	0.0000	0.3791	0.0140	0.0001	0.0139	0.0007	0.0001	0.0007	0.0001	0.0001	0.0000	0.0007	0.0000	0.0007	0.2055	0.1932	0.0122	0.1646	0.1569	0.0078	0.0408	0.0364	0.0044	0.0870	0.0427	0.0443	0.0034	0.0031	0.0003	0.0836	0.0396	0.0440	225.1238	0.4336	2155.0292	97.8567	0.0092	44791.8769	43.5607	9648.5458	209.0997	0.0085	0.0018	0.0149	0.0235	0.0256	0.0011	0.0079	0.0000	0.0150
19	52	0.0488	3	2	0	2	0	0	0	0	0	Y	N	Y	N	N	N	N	N	N	N	N	N	0.0027	0.0000	0.3661	0.0006	0.0000	0.2414	0.0884	0.3153	0.0002	0.0000	0.0016	0.0004	0.0000	0.0181	0.0002	0.0000	0.0013	0.0830	0.1569	0.0043	0.7809	0.7846	0.0748	0.0023	0.0000	0.0043	inf	0.0260	0.0000	-0.0021	0.3962	0.9976	2.0067	4.7732	0.0000	0.0000	0.0000	0.0000	0.0000	0.0000	0.0000	0.0000	0.0000	0.0043	0.0042	0.0001	0.0042	0.0042	0.0000	0.0001	0.0000	0.0001	0.0079	0.0068	0.0011	0.0007	0.0007	0.0000	0.0072	0.0061	0.0011	0.0519	0.0267	0.0252	0.0054	0.0053	0.0000	0.0465	0.0214	0.0251	0.0027	0.0000	0.3661	0.0006	0.0000	0.2414	0.0884	0.0000	0.3153	0.0830	0.1569	0.0043	0.7809	0.7846	0.0748	0.0023	0.0000	0.0043	
19	53	0.0262	2	2	0	1	0	0	0	0	0	Y	N	N	N	N	N	N	N	N	N	N	N	0.0228	0.0032	0.2030	0.0613	0.0003	0.1422	0.0915	0.0153	0.4767	0.0026	0.0000	0.0461	0.0003	0.0000	0.0074	0.0110	0.0000	0.1087	0.1150	0.0006	0.2269	0.0054	0.0021	0.0518	0.1206	0.0004	0.2280	1564.6765	412.0890	0.0003	0.0032	0.3962	3.2133	2.0067	6.0120	0.0003	0.0000	0.0003	0.0000	0.0000	0.0000	0.0003	0.0000	0.0003	0.0067	0.0000	0.0066	0.0000	0.0000	0.0000	0.0066	0.0000	0.0066	0.1073	0.1012	0.0061	0.0843	0.0805	0.0038	0.0230	0.0207	0.0023	0.0578	0.0286	0.0292	0.0028	0.0026	0.0002	0.0550	0.0260	0.0291	0.0228	0.0032	0.2030	0.0613	0.0003	0.1422	0.0915	0.0153	0.4767	0.1150	0.0006	0.2269	0.0054	0.0021	0.0518	0.1206	0.0004	0.2280
19	54	0.0262	2	2	1	1	0	0	0	0	0	Y	N	N	N	N	N	N	N	N	N	N	N	0.0104	0.2139	0.0000	0.0191	0.0220	0.0000	0.0000	0.0000	0.0003	0.0003	0.0000	0.0004	0.0004	0.0000	0.0000	0.0000	0.0000	0.0263	0.0014	0.0505	0.0189	0.0171	0.0404	0.0266	0.0000	0.0505	0.0000	38.5879	-0.0000	0.0009	0.3962	1.7961	2.0067	11.9291	0.0000	0.0000	0.0000	0.0000	0.0000	0.0000	0.0000	0.0000	0.0000	0.0019	0.0000	0.0019	0.0001	0.0000	0.0000	0.0019	0.0000	0.0019	0.0624	0.0591	0.0034	0.0472	0.0453	0.0020	0.0152	0.0138	0.0014	0.0733	0.0361	0.0373	0.0031	0.0028	0.0002	0.0703	0.0332	0.0370	0.0104	0.2139	0.0000	0.0191	0.0220	0.0000	0.0000	0.0000	0.0000	0.0263	0.0014	0.0505	0.0189	0.0171	0.0404	0.0266	0.0000	0.0505	
19	55	0.0474	3	1	1	1	0	0	0	0	0	N	N	N	N	N	N	N	N	N	N	N	N	8.0812	171.2836	0.0000	99.2843	118.8679	0.0000	0.0570	32.6357	0.0000	0.0137	0.0144	0.0000	0.0184	0.0192	0.0000	0.0001	0.0002	0.0000	0.0017	0.0001	0.0045	0.0002	0.0002	0.0004	0.0026	0.0000	0.0051	0.0000	30.8570	-0.0000	0.0000	0.3962	0.0041	2.0067	6.2745	0.0000	0.0000	0.0000	0.0000	0.0000	0.0000	0.0000	0.0000	0.0000	0.0001	0.0000	0.0001	0.0000	0.0000	0.0000	0.0001	0.0000	0.0001	0.0003	0.0003	0.0000	0.0002	0.0002	0.0000	0.0001	0.0001	0.0000	0.0473	0.0300	0.0173	0.0173	0.0152	0.0022	0.0299	0.0148	0.0151	8.0812	171.2836	0.0000	99.2843	118.8679	0.0000	0.0570	32.6357	0.0000	0.0017	0.0001	0.0045	0.0002	0.0002	0.0004	0.0026	0.0000	0.0051
19	56	0.0962	3	1	0	2	0	0	0	0	0	N	N	Y	N	N	N	N	N	N	N	N	N	2196.0376	inf	0.0000	6898.4820	inf	0.0000	204.5701	inf	0.0000	0.9839	1.0468	0.0000	1.1335	1.1923	0.0000	0.2160	0.2440	0.0000	0.0004	0.0000	0.0016	0.0002	0.0000	0.0008	0.0011	0.0000	0.0022	0.0000	inf	-0.0376	0.0000	0.3962	18.9997	2.0067	4.0000	0.3932	0.3932	0.0000	0.3791	0.3791	0.0000	0.0141	0.0141	0.0000	0.0000	0.0000	0.0000	0.0000	0.0000	0.0000	0.0000	0.0000	0.0000	0.3996	0.3756	0.0240	0.3345	0.3180	0.0165	0.0651	0.0577	0.0075	0.0893	0.0639	0.0254	0.0609	0.0490	0.0118	0.0284	0.0149	0.0135	2196.0376	inf	0.0000	6898.4820	inf	0.0000	204.5701	inf	0.0000	0.0004	0.0000	0.0016	0.0002	0.0000	0.0008	0.0011	0.0000	0.0022
19	57	0.0262	2	1	0	1	0	0	0	0	0	N	N	N	N	N	N	N	N	N	N	N	N	0.2433	0.1266	0.0107	0.0101	0.0003	0.0003	0.0000	0.0003	0.0003	0.0000	0.0000	0.0000	0.0000	0.0010	0.0021	0.0000	0.0311	0.0346	0.0000	0.0000	0.0000	0.0000	0.0000	0.0000	-0.0000	-0.0001	0.3962	1.7961	2.0067	22.3138	0.0000	0.0000	0.0000	0.0000	0.0000	0.0000	0.0000	0.0000	0.0000	0.0001	0.0001	0.0000	0.0001	0.0001	0.0000	0.0000	0.0000	0.0000	0.0672	0.0635	0.0036	0.0512	0.0490	0.0022	0.0160	0.0145	0.0015	0.1216	0.0599	0.0618	0.0041	0.0037	0.0004	0.1175	0.0562	0.0614	0.2433	0.1266	0.0000	0.0107	0.0101	0.0000	0.0000	0.0000	0.0000	0.0010	0.0021	0.0000	0.0311	0.0346	0.0000	0.0000	0.0000	0.0000					
19	58	0.0470	4	2	1	1	0	0	0	0	0	Y	N	N	N	N	N	N	N	N	N	N	N	18.6674	0.3960	92.7523	11.6897	0.1383	6.7181	1.2067	6.1037	0.0532	0.0000	0.6150	0.1253	0.0000	1.5958	0.0025	0.0000	0.0275	0.0029	0.0000	0.0066	0.0107	0.0000	0.2375	0.0021	0.0000	0.0045	82097.7915	2789.7310	0.0016	0.0001	0.3962	0.9359	2.0067	8.5945	0.0017	0.0000	0.0017	0.0017	0.0000	0.0017	0.0000	0.0000	0.0000	0.0003	0.0000	0.0003	0.0001	0.0000	0.0001	0.0002	0.0000	0.0002	0.0325	0.0297	0.0028	0.0134	0.0124	0.0011	0.0191	0.0173	0.0018	0.0979	0.0558	0.0421	0.0085	0.0081	0.0004	0.0894	0.0477	0.0417	18.6674	0.3960	92.7523	11.6897	0.1383	6.7181	1.2067	0.0000	6.1037	0.0029	0.0000	0.0066	0.0107	0.0000	0.2375	0.0021	0.0000	0.0045	
19	59	0.0442	3	1	1	1	0	0	0	0	0	N	N	N	N	N	N	N	N	N	N	N	N	18.6917	13.9100	46.9881	10.3223	8.1184	2.6019	1.3615	0.2377	6.6850	0.3350	0.1894	1.1938	0.6060	0.3669	1.6287	0.0110	0.0000	0.1194	0.0179	0.0136	0.0254	0.0587	0.0452	0.6260	0.0081	0.0001	0.0179	1.0683	1.0729	0.0015	-0.0000	0.3962	0.1706	2.0067	1.8413	0.0036	0.0017	0.0018	0.0035	0.0017	0.0018	0.0001	0.0000	0.0001	0.0006	0.0003	0.0003	0.0004	0.0003	0.0001	0.0002	0.0000	0.0002	0.0107	0.0091	0.0015	0.0058	0.0047	0.0011	0.0049	0.0044	0.0004	0.0315	0.0200	0.0115	0.0061	0.0060	0.0001	0.0253	0.0140	0.0113	18.6917	13.9100	46.9881	10.3223	8.1184	2.6019	1.3615	0.2377	6.6850	0.0179	0.0136	0.0254	0.0587	0.0452	0.6260	0.0081	0.0001	0.0179
19	60	0.0262	2	1	1	1	0	0	0	0	0	N	N	N	N	N	N	N	N	N	N	N	N	57.2461	33.4305	491.5761	587.3546	3.5268	1207.6393	9.7386	92.9472	47.6184	2.1485	0.0035	36.3048	2.5915	0.0041	55.1702	0.3804	0.0006	3.5254	0.0375	0.0001	0.0739	0.0044	0.0012	0.0457	0.0391	0.0000	0.0740	655.1072	730.9836	0.3538	0.0012	0.3962	6.1830	2.0067	4.8458	0.3918	0.0006	0.3912	0.3779	0.0006	0.3773	0.0139	0.0000	0.0139	0.0025	0.0000	0.0025	0.0000	0.0000	0.0000	0.0025	0.0000	0.0025	0.1824	0.1716	0.0108	0.1458	0.1390	0.0068	0.0365	0.0326	0.0039	0.0670	0.0330	0.0340	0.0030	0.0027	0.0002	0.0640	0.0303	0.0338	57.2461	33.4305	491.5761	587.3546	3.5268	1207.6393	9.7386	92.9472	47.6184	0.0375	0.0001	0.0739	0.0044	0.0012	0.0457	0.0391	0.0000	0.0740
19	61	0.4192	9	1	0	1	0	0	0	0	0	N	N	N	N	N	N	N	N	N	N	N	N	16.5724	12.2938	10.9929	9.7661	4.7017	2.7348	0.0004	0.0004	0.0000	0.0005	0.0005	0.0000	0.0000	0.0000	0.0000	0.0000	0.0000	0.0000	0.0000	0.0001	0.0000	0.0000	0.0000	0.0000	0.0000	0.0000	-0.0000	-0.0000	0.3962	1.0140	2.0067	12.0537	0.0000	0.0000	0.0000	0.0000	0.0000	0.0000	0.0000	0.0000	0.0000	0.0000	0.0000	0.0000	0.0000	0.0000	0.0000	0.0000	0.0000	0.0000	0.0280	0.0265	0.0016	0.0243	0.0231	0.0011	0.0038	0.0033	0.0005	0.0699	0.0489	0.0210	0.0392	0.0332	0.0060	0.0307	0.0157	0.0150	16.5724	12.2938	0.0000	10.9929	9.7661	0.0000	4.7017	2.7348	0.0000	0.0000	0.0000	0.0000	0.0000	0.0001	0.0000	0.0000	0.0000	0.0000			
19	62	0.3433	6	1	0	1	0	0	0	0	0	N	N	N	N	N	N	N	N	N	N	N	N	1.5530	1.1499	27.8815	24.8904	0.0105	0.0062	0.0148	0.0158	0.0000	0.0175	0.0184	0.0000	0.0002	0.0002	0.0000	0.0096	0.0137	0.0000	0.0006	0.0007	0.0000	0.0196	0.0374	0.0000	0.0000	0.0000	-0.0006	-0.0014	0.3962	22.0948	2.0067	64.3951	0.0064	0.0064	0.0000	0.0064	0.0064	0.0000	0.0000	0.0000	0.0000	0.0026	0.0026	0.0000	0.0001	0.0001	0.0000	0.0026	0.0026	0.0000	0.4343	0.4084	0.0258	0.3671	0.3490	0.0180	0.0672	0.0594	0.0078	0.2765	0.1925	0.0839	0.1466	0.1244	0.0222	0.1299	0.0681	0.0618	1.5530	1.1499	0.0000	27.8815	24.8904	0.0000	0.0105	0.0062	0.0000	0.0096	0.0137	0.0000	0.0006	0.0007	0.0000	0.0196	0.0374	0.0000			
19	63	0.1365	5	1	0	1	0	0	0	0	0	N	N	N	N	N	N	N	N	N	N	N	N	4.3918	3.2638	0.0000	2.7257	2.4781	0.0000	0.9585	2.5217	0.0000	0.0040	0.0043	0.0000	0.0047	0.0049	0.0000	0.0001	0.0001	0.0000	0.0009	0.0013	0.0001	0.0017	0.0020	0.0000	0.0001	0.0000	0.0001	0.0000	0.0286	-0.0000	-0.0001	0.3962	3.0638	2.0067	18.8214	0.0003	0.0003	0.0000	0.0003	0.0003	0.0000	0.0000	0.0000	0.0000	0.0001	0.0001	0.0000	0.0001	0.0001	0.0000	0.0000	0.0000	0.0000	0.0819	0.0772	0.0047	0.0703	0.0670	0.0033	0.0115	0.0102	0.0014	0.1583	0.1078	0.0505	0.0816	0.0707	0.0109	0.0766	0.0371	0.0395	4.3918	3.2638	0.0000	2.7257	2.4781	0.0000	0.9585	2.5217	0.0000	0.0009	0.0013	0.0001	0.0017	0.0020	0.0000	0.0001	0.0000	0.0001
19	64	0.0474	3	2	1	2	0	0	0	0	0	Y	N	Y	N	N	N	N	N	N	N	N	N	0.1073	2.2519	0.0000	1.0214	1.2043	0.0000	0.0014	0.8917	0.0000	0.0001	0.0002	0.0000	0.0002	0.0002	0.0000	0.0000	0.0000	0.0000	0.0014	0.0001	0.0035	0.0002	0.0001	0.0003	0.0019	0.0000	0.0039	0.0000	30.8570	-0.0000	0.0000	0.3962	1.0029	2.0067	8.4685	0.0000	0.0000	0.0000	0.0000	0.0000	0.0000	0.0000	0.0000	0.0000	0.0001	0.0000	0.0001	0.0000	0.0000	0.0000	0.0001	0.0000	0.0001	0.0278	0.0262	0.0016	0.0238	0.0227	0.0011	0.0040	0.0035	0.0005	0.0594	0.0369	0.0225	0.0195	0.0166	0.0028	0.0400	0.0203	0.0197	0.1073	2.2519	0.0000	1.0214	1.2043	0.0000	0.0014	0.8917	0.0000	0.0014	0.0001	0.0035	0.0002	0.0001	0.0003	0.0019	0.0000	0.0039
19	65	0.0262	2	1	1	1	0	0	0	0	0	N	N	N	N	N	N	N	N	N	N	N	N	0.0126	0.3280	0.0003	0.0382	0.0440	0.0002	0.0004	0.9936	0.0005	0.0006	0.0006	0.0000	0.0008	0.0009	0.0000	0.0000	0.0000	0.0000	0.0469	0.0019	0.0912	0.0217	0.0195	0.0551	0.0483	0.0000	0.0914	0.0022	49.2988	-0.0000	0.0012	0.3962	0.7961	2.0067	8.5878	0.0000	0.0000	0.0000	0.0000	0.0000	0.0000	0.0000	0.0000	0.0000	0.0025	0.0001	0.0025	0.0001	0.0000	0.0000	0.0025	0.0000	0.0025	0.0358	0.0340	0.0017	0.0252	0.0243	0.0009	0.0106	0.0098	0.0008	0.0536	0.0266	0.0270	0.0027	0.0025	0.0002	0.0509	0.0240	0.0269	0.0126	0.3280	0.0003	0.0382	0.0440	0.0002	0.0004	0.9936	0.0005	0.0469	0.0019	0.0912	0.0217	0.0195	0.0551	0.0483	0.0000	0.0914
19	66	0.4192	9	1	1	1	0	0	0	0	0	N	N	N	N	N	N	N	N	N	N	N	N	0.0437	0.7364	0.0000	59.5170	62.9893	0.0000	0.0003	0.0042	0.0000	0.0004	0.0004	0.0000	0.0005	0.0005	0.0000	0.0000	0.0000	0.0000	0.0096	0.0006	0.0307	0.0000	0.0000	0.0000	0.0219	0.0019	0.0430	0.0000	21.7377	-0.0000	0.0003	0.3962	1.0110	2.0067	12.5479	0.0000	0.0000	0.0000	0.0000	0.0000	0.0000	0.0000	0.0000	0.0000	0.0007	0.0000	0.0007	0.0000	0.0000	0.0000	0.0007	0.0000	0.0007	0.0280	0.0264	0.0016	0.0242	0.0231	0.0011	0.0038	0.0033	0.0004	0.0714	0.0500	0.0215	0.0400	0.0339	0.0062	0.0314	0.0161	0.0153	0.0437	0.7364	0.0000	59.5170	62.9893	0.0000	0.0003	0.0042	0.0000	0.0096	0.0006	0.0307	0.0000	0.0000	0.0000	0.0219	0.0019	0.0430
19	67	0.4129	8	1	0	1	0	0	0	0	0	N	N	N	N	N	N	N	N	N	N	N	N	0.0366	0.0340	0.0000	0.0458	0.0709	0.0000	0.0052	0.0027	0.0000	0.0007	0.0008	0.0000	0.0008	0.0009	0.0000	0.0001	0.0001	0.0000	0.0198	0.0226	0.0132	0.0179	0.0121	0.0796	0.0221	0.0484	0.0007	0.0000	0.2448	-0.0000	-0.0003	0.3962	0.9784	2.0067	1.5217	0.0000	0.0000	0.0000	0.0000	0.0000	0.0000	0.0000	0.0000	0.0000	0.0008	0.0006	0.0002	0.0004	0.0002	0.0001	0.0004	0.0004	0.0000	0.0271	0.0255	0.0015	0.0234	0.0223	0.0011	0.0036	0.0032	0.0004	0.0401	0.0283	0.0119	0.0220	0.0201	0.0019	0.0181	0.0081	0.0100	0.0366	0.0340	0.0000	0.0458	0.0709	0.0000	0.0052	0.0027	0.0000	0.0198	0.0226	0.0132	0.0179	0.0121	0.0796	0.0221	0.0484	0.0007
19	68	0.3826	7	1	0	1	0	0	0	0	0	N	N	N	N	N	N	N	N	N	N	N	N	0.0005	0.0004	0.0000	0.0455	0.0442	0.0000	0.0000	0.0000	0.0000	0.0061	0.0065	0.0000	0.0070	0.0074	0.0000	0.0002	0.0002	0.0000	12.9344	18.2161	0.7968	0.1541	0.1662	0.0957	33.6264	68.2511	1.1742	0.0000	0.0190	-0.0000	-0.4592	0.3962	1.0531	2.0067	9.0748	0.0002	0.0002	0.0000	0.0002	0.0002	0.0000	0.0000	0.0000	0.0000	0.9141	0.8970	0.0171	0.0067	0.0060	0.0007	0.9073	0.8910	0.0164	0.0297	0.0280	0.0017	0.0257	0.0245	0.0012	0.0040	0.0035	0.0005	0.0707	0.0492	0.0214	0.0437	0.0362	0.0075	0.0270	0.0131	0.0139	0.0005	0.0004	0.0000	0.0455	0.0442	0.0000	0.0000	0.0000	0.0000	12.9344	18.2161	0.7968	0.1541	0.1662	0.0957	33.6264	68.2511	1.1742
19	69	0.0262	2	2	0	2	0	0	0	0	0	Y	N	Y	N	N	N	N	N	N	N	N	N	0.0000	0.0000	0.0000	0.0000	0.0000	0.0000	0.0000	0.0000	0.0000	0.0000	0.0000	0.0000	0.0000	0.0000	0.0000	0.0545	0.0000	0.1103	0.0041	0.0000	0.0933	0.0582	0.0000	0.1105	inf	0.0000	0.0009	0.3962	0.0000	2.0067	4.9600	0.0000	0.0000	0.0000	0.0000	0.0000	0.0000	0.0000	0.0000	0.0000	0.0019	0.0000	0.0019	0.0000	0.0000	0.0000	0.0019	0.0000	0.0019	0.0000	0.0000	0.0000	0.0000	0.0000	0.0000	0.0000	0.0000	0.0000	0.0345	0.0175	0.0171	0.0024	0.0023	0.0001	0.0322	0.0152	0.0169	0.0000	0.0000	0.0000	0.0000	0.0000	0.0000	0.0000	0.0000	0.0000	0.0545	0.0000	0.1103	0.0041	0.0000	0.0933	0.0582	0.0000	0.1105				
19	71	0.0824	6	1	0	2	0	0	0	0	0	N	N	Y	N	N	N	N	N	N	N	N	N	0.0000	0.0000	0.0000	0.0000	0.0000	0.0000	0.0000	0.0000	0.0000	0.0000	0.0000	0.0000	0.0000	0.0000	0.0000	0.0000	0.0000	0.0000	0.0000	-0.0000	0.3962	1.0000	2.0067	0.0055	0.0000	0.0000	0.0000	0.0000	0.0000	0.0000	0.0000	0.0000	0.0000	0.0000	0.0000	0.0000	0.0000	0.0000	0.0000	0.0000	0.0000	0.0000	0.0038	0.0033	0.0005	0.0000	0.0000	0.0000	0.0038	0.0033	0.0005	0.0047	0.0031	0.0015	0.0020	0.0018	0.0003	0.0027	0.0014	0.0013	0.0000	0.0000	0.0000	0.0000	0.0000	0.0000	0.0000	0.0000	0.0000	0.0000	0.0000	0.0000	0.0000	0.0000	0.0000	0.0000	0.0000	0.0000											
19	72	0.0758	5	1	0	2	0	0	0	0	0	N	N	Y	N	N	N	N	N	N	N	N	N	0.0000	0.0000	0.0000	0.0000	0.0000	0.0000	0.0000	0.0000	0.0000	0.0000	0.0000	0.0000	0.0000	0.0000	0.0000	0.0000	0.0000	0.0000	0.0000	0.0000	0.0000	0.0000	0.0306	0.0000	-0.0000	0.3962	0.0000	2.0067	1.0265	0.0000	0.0000	0.0000	0.0000	0.0000	0.0000	0.0000	0.0000	0.0000	0.0000	0.0000	0.0000	0.0000	0.0000	0.0000	0.0000	0.0000	0.0000	0.0000	0.0000	0.0000	0.0000	0.0000	0.0000	0.0000	0.0000	0.0000	0.0052	0.0035	0.0017	0.0023	0.0020	0.0003	0.0029	0.0015	0.0014	0.0000	0.0000	0.0000	0.0000	0.0000	0.0000	0.0000	0.0000	0.0000	0.0000	0.0000	0.0000	0.0000	0.0000	0.0000	0.0000	0.0000	0.0000						
19	73	0.0704	4	1	0	1	0	0	0	0	0	N	N	N	N	N	N	N	N	N	N	N	N	0.0000	0.0000	0.0000	0.0000	0.0000	0.0000	0.0000	0.0000	0.0000	0.0000	0.0000	0.0000	0.0000	0.0000	0.0000	0.0000	0.0000	0.0000	0.0000	0.0000	0.0000	0.0000	0.0000	0.0000	0.0000	0.0575	0.0000	-0.0000	0.3962	0.0000	2.0067	1.0321	0.0000	0.0000	0.0000	0.0000	0.0000	0.0000	0.0000	0.0000	0.0000	0.0000	0.0000	0.0000	0.0000	0.0000	0.0000	0.0000	0.0000	0.0000	0.0032	0.0031	0.0001	0.0023	0.0022	0.0000	0.0009	0.0009	0.0000	0.0444	0.0287	0.0157	0.0242	0.0220	0.0022	0.0202	0.0067	0.0134	0.0000	0.0000	0.0000	0.0000	0.0000	0.0000	0.0000	0.0000	0.0000	0.0000	0.0000	0.0000	0.0000	0.0000	0.0000	0.0000	0.0000	0.0000			
19	74	0.0475	3	1	0	1	0	0	0	0	0	N	N	N	N	N	N	N	N	N	N	N	N	80.5470	64.2386	32.4083	49.1022	49.8525	14.5903	51.0687	79.2558	11.6299	0.0240	0.0252	0.0044	0.0278	0.0288	0.0058	0.0048	0.0052	0.0013	0.0003	0.0004	0.0001	0.0006	0.0006	0.0004	0.0001	0.0001	0.0001	0.0102	0.1991	-0.0000	-0.0000	0.3962	0.5629	2.0067	8.5245	0.0004	0.0004	0.0000	0.0004	0.0004	0.0000	0.0000	0.0000	0.0000	0.0000	0.0000	0.0000	0.0000	0.0000	0.0000	0.0000	0.0000	0.0000	0.0174	0.0164	0.0010	0.0146	0.0139	0.0007	0.0028	0.0025	0.0003	0.1170	0.0743	0.0427	0.0509	0.0474	0.0035	0.0662	0.0269	0.0392	80.5470	64.2386	32.4083	49.1022	49.8525	14.5903	51.0687	79.2558	11.6299	0.0003	0.0004	0.0001	0.0006	0.0006	0.0004	0.0001	0.0001	0.0001
19	75	0.0645	4	1	1	1	0	0	0	0	0	N	N	N	N	N	N	N	N	N	N	N	N	0.0000	0.0000	0.0000	0.0000	0.0000	0.0000	0.0000	0.0000	0.0000	0.0000	0.0000	0.0000	0.0000	0.0000	0.0000	0.0000	0.0000	0.0000	0.0000	0.0000	0.0000	0.0000	0.0000	0.0000	-0.0000	0.3962	1.9994	2.0067	4.0943	0.0000	0.0000	0.0000	0.0000	0.0000	0.0000	0.0000	0.0000	0.0000	0.0000	0.0000	0.0000	0.0000	0.0000	0.0000	0.0000	0.0000	0.0000	0.0076	0.0067	0.0010	0.0000	0.0000	0.0000	0.0076	0.0066	0.0010	0.0368	0.0260	0.0109	0.0154	0.0138	0.0017	0.0214	0.0122	0.0092	0.0000	0.0000	0.0000	0.0000	0.0000	0.0000	0.0000	0.0000	0.0000	0.0000	0.0000	0.0000	0.0000	0.0000	0.0000	0.0000	0.0000	0.0000						
19	76	0.0583	3	1	0	1	0	0	0	0	0	N	N	N	N	N	N	N	N	N	N	N	N	0.0000	0.0000	0.0000	0.0000	0.0000	0.0000	0.0000	0.0000	0.0000	0.0000	0.0000	0.0000	0.0000	0.0000	0.0000	0.0000	0.0000	0.0000	0.0000	0.0000	0.0000	0.0001	0.0001	0.0000	0.0000	0.0000	0.0000	0.2917	0.0000	-0.0000	0.3962	0.0011	2.0067	2.7207	0.0000	0.0000	0.0000	0.0000	0.0000	0.0000	0.0000	0.0000	0.0000	0.0000	0.0000	0.0000	0.0000	0.0000	0.0000	0.0000	0.0000	0.0000	0.0000	0.0000	0.0000	0.0000	0.0000	0.0000	0.0000	0.0000	0.0000	0.0219	0.0154	0.0065	0.0097	0.0088	0.0009	0.0122	0.0065	0.0056	0.0000	0.0000	0.0000	0.0000	0.0000	0.0000	0.0000	0.0000	0.0000	0.0000	0.0000	0.0000	0.0001	0.0001	0.0000	0.0000	0.0000	0.0000	
19	77	0.0262	2	1	0	1	0	0	0	0	0	N	N	N	N	N	N	N	N	N	N	N	N	0.0000	0.0000	0.0000	0.0000	0.0000	0.0000	0.0000	0.0000	0.0000	0.0000	0.0000	0.0000	0.0000	0.0000	0.0000	0.0000	0.0000	0.0014	0.0029	0.0000	0.0309	0.0330	0.0016	0.0000	0.0000	0.0000	0.0168	0.0000	-0.0000	0.3962	0.0001	2.0067	10.0074	0.0000	0.0000	0.0000	0.0000	0.0000	0.0000	0.0000	0.0000	0.0000	0.0001	0.0001	0.0000	0.0001	0.0001	0.0000	0.0000	0.0000	0.0000	0.0137	0.0133	0.0004	0.0069	0.0069	0.0000	0.0069	0.0065	0.0004	0.0621	0.0307	0.0315	0.0029	0.0027	0.0002	0.0593	0.0280	0.0313	0.0000	0.0000	0.0000	0.0000	0.0000	0.0000	0.0000	0.0000	0.0000	0.0014	0.0029	0.0000	0.0309	0.0330	0.0016	0.0000	0.0000	0.0000		
19	80	0.0262	2	1	1	1	1	0	0	0	0	N	N	N	N	N	N	N	N	N	N	N	N	0.3412	0.1760	0.0177	0.0167	0.0005	0.0005	0.0000	0.0007	0.0007	0.0000	0.0000	0.0000	0.0000	0.0014	0.0029	0.0000	0.0383	0.0422	0.0000	0.0000	0.0000	0.0000	0.0000	0.0000	-0.0000	-0.0001	0.3962	0.7962	2.0067	19.0091	0.0000	0.0000	0.0000	0.0000	0.0000	0.0000	0.0000	0.0000	0.0000	0.0001	0.0001	0.0000	0.0001	0.0001	0.0000	0.0000	0.0000	0.0000	0.0358	0.0340	0.0017	0.0252	0.0243	0.0009	0.0106	0.0098	0.0008	0.0979	0.0481	0.0499	0.0036	0.0032	0.0003	0.0944	0.0448	0.0495	0.3412	0.1760	0.0000	0.0177	0.0167	0.0000	0.0000	0.0000	0.0000	0.0014	0.0029	0.0000	0.0383	0.0422	0.0000	0.0000	0.0000	0.0000					
19	81	0.0262	2	1	1	1	0	0	0	0	0	N	N	N	N	N	N	N	N	N	N	N	N	0.4187	0.2164	0.0201	0.0187	0.0005	0.0005	0.0000	0.0007	0.0007	0.0000	0.0000	0.0000	0.0000	0.0011	0.0023	0.0000	0.0338	0.0376	0.0000	0.0000	0.0000	0.0000	0.0000	0.0000	-0.0000	-0.0001	0.3962	0.7962	2.0067	25.3140	0.0000	0.0000	0.0000	0.0000	0.0000	0.0000	0.0000	0.0000	0.0000	0.0001	0.0001	0.0000	0.0001	0.0001	0.0000	0.0000	0.0000	0.0000	0.0358	0.0340	0.0017	0.0252	0.0243	0.0009	0.0106	0.0098	0.0008	0.1202	0.0591	0.0610	0.0041	0.0036	0.0004	0.1161	0.0555	0.0606	0.4187	0.2164	0.0000	0.0201	0.0187	0.0000	0.0000	0.0000	0.0000	0.0011	0.0023	0.0000	0.0338	0.0376	0.0000	0.0000	0.0000	0.0000					
19	82	0.0262	2	1	1	1	0	0	0	0	0	N	N	N	N	N	N	N	N	N	N	N	N	0.2570	0.1338	0.0112	0.0105	0.0003	0.0003	0.0000	0.0004	0.0004	0.0000	0.0000	0.0000	0.0000	0.0011	0.0022	0.0000	0.0323	0.0361	0.0000	0.0000	0.0000	0.0000	0.0000	0.0000	-0.0000	-0.0001	0.3962	1.7961	2.0067	27.0091	0.0000	0.0000	0.0000	0.0000	0.0000	0.0000	0.0000	0.0000	0.0000	0.0001	0.0001	0.0000	0.0001	0.0001	0.0000	0.0000	0.0000	0.0000	0.0624	0.0591	0.0034	0.0472	0.0453	0.0020	0.0152	0.0138	0.0014	0.1288	0.0635	0.0653	0.0043	0.0038	0.0004	0.1245	0.0596	0.0649	0.2570	0.1338	0.0000	0.0112	0.0105	0.0000	0.0000	0.0000	0.0000	0.0011	0.0022	0.0000	0.0323	0.0361	0.0000	0.0000	0.0000	0.0000					
19	83	0.1365	5	1	0	1	0	0	0	0	0	N	N	N	N	N	N	N	N	N	N	N	N	1.8550	1.3223	1.0385	0.9338	2.0140	1.1516	0.0014	0.0015	0.0000	0.0017	0.0017	0.0000	0.0000	0.0000	0.0000	0.0008	0.0011	0.0000	0.0016	0.0019	0.0000	0.0000	0.0000	0.0000	0.0000	0.0000	-0.0000	-0.0001	0.3962	10.0679	2.0067	33.8159	0.0003	0.0003	0.0000	0.0003	0.0003	0.0000	0.0000	0.0000	0.0000	0.0001	0.0001	0.0000	0.0001	0.0001	0.0000	0.0000	0.0000	0.0000	0.2331	0.2195	0.0136	0.1983	0.1888	0.0095	0.0348	0.0307	0.0041	0.1930	0.1295	0.0635	0.0915	0.0783	0.0132	0.1015	0.0513	0.0503	1.8550	1.3223	0.0000	1.0385	0.9338	0.0000	2.0140	1.1516	0.0000	0.0008	0.0011	0.0000	0.0016	0.0019	0.0000	0.0000	0.0000	0.0000			
19	84	0.1089	4	1	0	1	0	0	0	0	0	N	N	N	N	N	N	N	N	N	N	N	N	8.1976	6.7012	0.0101	7.2446	6.7764	0.0072	1.6735	1.3450	0.0244	0.0211	0.0224	0.0000	0.0241	0.0253	0.0000	0.0030	0.0035	0.0000	0.0026	0.0033	0.0010	0.0033	0.0037	0.0001	0.0018	0.0026	0.0011	0.0000	0.1370	-0.0001	-0.0002	0.3962	0.9441	2.0067	14.0836	0.0006	0.0006	0.0000	0.0006	0.0006	0.0000	0.0000	0.0000	0.0000	0.0004	0.0003	0.0000	0.0003	0.0003	0.0000	0.0001	0.0001	0.0000	0.0274	0.0258	0.0016	0.0234	0.0224	0.0011	0.0039	0.0034	0.0005	0.1543	0.1045	0.0498	0.0771	0.0685	0.0086	0.0772	0.0360	0.0412	8.1976	6.7012	0.0101	7.2446	6.7764	0.0072	1.6735	1.3450	0.0244	0.0026	0.0033	0.0010	0.0033	0.0037	0.0001	0.0018	0.0026	0.0011
19	85	0.3911	7	1	0	1	0	0	0	0	0	N	N	N	N	N	N	N	N	N	N	N	N	35.0447	37.4981	0.0000	22.8773	26.4165	0.0000	3.7285	533.8889	0.0000	0.0141	0.0150	0.0000	0.0159	0.0167	0.0000	0.0004	0.0004	0.0000	0.0004	0.0004	0.0004	0.0007	0.0006	0.0011	0.0001	0.0000	0.0002	0.0000	0.4618	-0.0006	-0.0000	0.3962	15.0008	2.0067	28.2980	0.0058	0.0058	0.0000	0.0058	0.0058	0.0000	0.0000	0.0000	0.0000	0.0001	0.0000	0.0000	0.0001	0.0000	0.0000	0.0000	0.0000	0.0000	0.4108	0.3877	0.0231	0.3639	0.3460	0.0179	0.0470	0.0418	0.0052	0.1581	0.1092	0.0489	0.0801	0.0688	0.0113	0.0780	0.0404	0.0376	35.0447	37.4981	0.0000	22.8773	26.4165	0.0000	3.7285	533.8889	0.0000	0.0004	0.0004	0.0004	0.0007	0.0006	0.0011	0.0001	0.0000	0.0002
19	86	0.3911	7	1	0	1	0	0	0	0	0	N	N	N	N	N	N	N	N	N	N	N	N	51.3999	55.0126	0.0000	35.1878	40.4178	0.0000	5.8071	828.9742	0.0000	0.0225	0.0238	0.0000	0.0250	0.0262	0.0000	0.0007	0.0008	0.0000	0.0004	0.0004	0.0004	0.0007	0.0006	0.0011	0.0001	0.0000	0.0002	0.0000	0.4388	-0.0006	-0.0000	0.3962	10.8154	2.0067	27.4443	0.0058	0.0058	0.0000	0.0058	0.0058	0.0000	0.0000	0.0000	0.0000	0.0001	0.0000	0.0000	0.0001	0.0000	0.0000	0.0000	0.0000	0.0000	0.2580	0.2439	0.0141	0.2312	0.2202	0.0110	0.0268	0.0237	0.0032	0.1509	0.1061	0.0448	0.0815	0.0706	0.0109	0.0694	0.0356	0.0339	51.3999	55.0126	0.0000	35.1878	40.4178	0.0000	5.8071	828.9742	0.0000	0.0004	0.0004	0.0004	0.0007	0.0006	0.0011	0.0001	0.0000	0.0002
19	87	0.3433	6	1	0	1	0	0	0	0	0	N	N	N	N	N	N	N	N	N	N	N	N	213.9364	244.5646	5.3827	232.9015	228.5572	13.9445	30.3486	68.9969	0.8453	0.1103	0.1167	0.0033	0.1252	0.1306	0.0047	0.0147	0.0170	0.0006	0.0005	0.0005	0.0006	0.0005	0.0006	0.0003	0.0005	0.0002	0.0007	0.0017	0.5029	-0.0011	-0.0000	0.3962	2.7608	2.0067	22.4044	0.0121	0.0120	0.0000	0.0118	0.0118	0.0000	0.0002	0.0002	0.0000	0.0001	0.0001	0.0000	0.0001	0.0001	0.0000	0.0001	0.0000	0.0000	0.1093	0.1031	0.0061	0.0946	0.0905	0.0041	0.0147	0.0126	0.0021	0.2640	0.1898	0.0742	0.1574	0.1348	0.0226	0.1066	0.0550	0.0516	213.9364	244.5646	5.3827	232.9015	228.5572	13.9445	30.3486	68.9969	0.8453	0.0005	0.0005	0.0006	0.0005	0.0006	0.0003	0.0005	0.0002	0.0007
19	88	0.2135	5	1	0	1	0	0	0	0	0	N	N	N	N	N	N	N	N	N	N	N	N	0.0138	0.0105	0.0081	0.3856	0.3531	0.2789	0.0014	0.0008	0.0011	0.0371	0.0392	0.0028	0.0422	0.0441	0.0039	0.0073	0.0082	0.0005	2.6816	3.7271	0.3502	0.1094	0.1248	0.0139	5.3361	9.9404	0.4500	0.0045	0.0421	-0.0007	-0.3123	0.3962	8.8820	2.0067	49.9570	0.0081	0.0080	0.0000	0.0078	0.0078	0.0000	0.0002	0.0002	0.0000	0.6498	0.6235	0.0263	0.0135	0.0132	0.0002	0.6363	0.6103	0.0260	0.2174	0.2047	0.0127	0.1856	0.1768	0.0088	0.0318	0.0279	0.0039	0.2423	0.1673	0.0750	0.1231	0.1059	0.0172	0.1193	0.0614	0.0579	0.0138	0.0105	0.0081	0.3856	0.3531	0.2789	0.0014	0.0008	0.0011	2.6816	3.7271	0.3502	0.1094	0.1248	0.0139	5.3361	9.9404	0.4500
19	89	0.0262	2	2	1	1	1	0	0	0	0	Y	N	N	N	N	N	N	N	N	N	N	N	0.0195	0.4542	0.0000	0.0397	0.0449	0.0000	0.0000	0.0000	0.0005	0.0005	0.0000	0.0007	0.0007	0.0000	0.0000	0.0000	0.0000	0.0245	0.0011	0.0470	0.0171	0.0157	0.0322	0.0248	0.0000	0.0471	0.0000	44.1250	-0.0000	0.0010	0.3962	0.7962	2.0067	16.9291	0.0000	0.0000	0.0000	0.0000	0.0000	0.0000	0.0000	0.0000	0.0000	0.0022	0.0000	0.0022	0.0001	0.0000	0.0000	0.0021	0.0000	0.0021	0.0358	0.0340	0.0017	0.0252	0.0243	0.0009	0.0106	0.0098	0.0008	0.0899	0.0441	0.0458	0.0034	0.0031	0.0003	0.0865	0.0410	0.0455	0.0195	0.4542	0.0000	0.0397	0.0449	0.0000	0.0000	0.0000	0.0000	0.0245	0.0011	0.0470	0.0171	0.0157	0.0322	0.0248	0.0000	0.0471	
19	90	0.0982	7	1	1	1	1	0	0	0	0	N	N	N	N	N	N	N	N	N	N	N	N	0.0000	0.0000	0.0000	0.0000	0.0000	0.0000	0.0000	0.0000	0.0000	0.0000	0.0000	0.0000	0.0000	0.0000	0.0000	0.0000	0.0000	0.0000	0.0000	0.0000	0.3962	0.0000	2.0067	0.0000	0.0000	0.0000	0.0000	0.0000	0.0000	0.0000	0.0000	0.0000	0.0000	0.0000	0.0000	0.0000	0.0000	0.0000	0.0000	0.0000	0.0000	0.0000	0.0000	0.0000	0.0000	0.0000	0.0000	0.0000	0.0000	0.0000	0.0000	0.0000	0.0000	0.0000	0.0000	0.0000	0.0000	0.0000	0.0000	0.0000	0.0000	0.0000	0.0000	0.0000	0.0000	0.0000	0.0000	0.0000	0.0000	0.0000	0.0000	0.0000	0.0000	0.0000	0.0000	0.0000	0.0000	0.0000											
19	91	0.0875	6	1	1	1	1	0	0	0	0	N	N	N	N	N	N	N	N	N	N	N	N	0.0000	0.0000	0.0000	0.0000	0.0000	0.0000	0.0000	0.0000	0.0000	0.0000	0.0000	0.0000	0.0000	0.0000	0.0000	0.0000	0.0000	0.0000	0.0000	0.0000	0.3962	1.0000	2.0067	3.0000	0.0000	0.0000	0.0000	0.0000	0.0000	0.0000	0.0000	0.0000	0.0000	0.0000	0.0000	0.0000	0.0000	0.0000	0.0000	0.0000	0.0000	0.0000	0.0258	0.0245	0.0013	0.0107	0.0106	0.0001	0.0151	0.0139	0.0012	0.0316	0.0158	0.0158	0.0025	0.0021	0.0004	0.0292	0.0137	0.0154	0.0000	0.0000	0.0000	0.0000	0.0000	0.0000	0.0000	0.0000	0.0000	0.0000	0.0000	0.0000	0.0000	0.0000	0.0000	0.0000	0.0000	0.0000											
19	92	0.0810	4	1	1	1	0	0	0	0	0	N	N	N	N	N	N	N	N	N	N	N	N	0.0000	0.0000	0.0000	0.0000	0.0000	0.0000	0.0000	0.0000	0.0000	0.0000	0.0000	0.0000	0.0000	0.0000	0.0000	0.0000	0.0000	0.0000	0.0000	0.0000	0.3962	0.0000	2.0067	0.0000	0.0000	0.0000	0.0000	0.0000	0.0000	0.0000	0.0000	0.0000	0.0000	0.0000	0.0000	0.0000	0.0000	0.0000	0.0000	0.0000	0.0000	0.0000	0.0000	0.0000	0.0000	0.0000	0.0000	0.0000	0.0000	0.0000	0.0000	0.0000	0.0000	0.0000	0.0000	0.0000	0.0000	0.0000	0.0000	0.0000	0.0000	0.0000	0.0000	0.0000	0.0000	0.0000	0.0000	0.0000	0.0000	0.0000	0.0000	0.0000	0.0000	0.0000	0.0000	0.0000	0.0000	0.0000											
19	93	0.0875	6	1	0	2	1	0	0	0	0	N	N	Y	N	N	N	N	N	N	N	N	N	0.0000	0.0000	0.0000	0.0000	0.0000	0.0000	0.0000	0.0000	0.0000	0.0000	0.0000	0.0000	0.0000	0.0000	0.0000	0.0000	0.0000	0.0000	0.0000	0.0000	0.3962	0.0000	2.0067	0.0000	0.0000	0.0000	0.0000	0.0000	0.0000	0.0000	0.0000	0.0000	0.0000	0.0000	0.0000	0.0000	0.0000	0.0000	0.0000	0.0000	0.0000	0.0000	0.0000	0.0000	0.0000	0.0000	0.0000	0.0000	0.0000	0.0000	0.0000	0.0000	0.0000	0.0000	0.0000	0.0000	0.0000	0.0000	0.0000	0.0000	0.0000	0.0000	0.0000	0.0000	0.0000	0.0000	0.0000	0.0000	0.0000	0.0000	0.0000	0.0000	0.0000	0.0000	0.0000	0.0000	0.0000	0.0000											
19	94	0.0848	5	1	0	1	1	0	0	0	0	N	N	N	N	N	N	N	N	N	N	N	N	inf	inf	inf	inf	0.1124	0.1183	0.0000	0.2712	0.2738	0.0000	0.0000	0.0000	0.0000	0.0000	0.0000	0.0000	0.0000	0.0000	0.0000	0.0000	0.0000	0.0000	0.0000	-0.0003	0.0000	0.3962	1.0000	2.0067	0.0097	0.0029	0.0029	0.0000	0.0029	0.0029	0.0000	0.0000	0.0000	0.0000	0.0000	0.0000	0.0000	0.0000	0.0000	0.0000	0.0000	0.0000	0.0000	0.0258	0.0245	0.0013	0.0107	0.0106	0.0001	0.0151	0.0139	0.0012	0.0085	0.0043	0.0043	0.0008	0.0007	0.0001	0.0078	0.0036	0.0042	inf	inf	0.0000	inf	inf	0.0000	0.0000	0.0000	0.0000	0.0000	0.0000	0.0000	0.0000	0.0000	0.0000	0.0000	0.0000	0.0000						
19	95	0.0848	5	1	0	2	1	0	0	0	0	N	N	Y	N	N	N	N	N	N	N	N	N	inf	inf	inf	inf	0.0020	0.0021	0.0000	0.0048	0.0048	0.0000	0.0000	0.0000	0.0000	0.0000	0.0000	0.0000	0.0000	0.0000	0.0000	0.0000	0.0000	0.0000	0.0000	-0.0000	0.0000	0.3962	2.0000	2.0067	3.0050	0.0001	0.0001	0.0000	0.0001	0.0001	0.0000	0.0000	0.0000	0.0000	0.0000	0.0000	0.0000	0.0000	0.0000	0.0000	0.0000	0.0000	0.0000	0.0505	0.0480	0.0025	0.0209	0.0207	0.0002	0.0296	0.0273	0.0024	0.0392	0.0197	0.0196	0.0031	0.0027	0.0004	0.0361	0.0170	0.0191	inf	inf	0.0000	inf	inf	0.0000	0.0000	0.0000	0.0000	0.0000	0.0000	0.0000	0.0000	0.0000	0.0000	0.0000	0.0000	0.0000						
19	96	0.0848	5	1	0	2	1	0	0	0	0	N	N	Y	N	N	N	N	N	N	N	N	N	0.0000	0.0000	0.0000	0.0000	0.0000	0.0000	0.0000	0.0000	0.0000	0.0000	0.0000	0.0000	0.0000	0.0000	0.0000	0.0000	0.0000	0.0000	0.0000	0.0000	0.3962	0.0000	2.0067	6.9903	0.0000	0.0000	0.0000	0.0000	0.0000	0.0000	0.0000	0.0000	0.0000	0.0000	0.0000	0.0000	0.0000	0.0000	0.0000	0.0000	0.0000	0.0000	0.0000	0.0000	0.0000	0.0000	0.0000	0.0000	0.0000	0.0000	0.0000	0.0532	0.0267	0.0265	0.0042	0.0036	0.0006	0.0490	0.0231	0.0259	0.0000	0.0000	0.0000	0.0000	0.0000	0.0000	0.0000	0.0000	0.0000	0.0000	0.0000	0.0000	0.0000	0.0000	0.0000	0.0000	0.0000	0.0000											
19	97	0.0793	4	1	0	1	1	0	0	0	0	N	N	N	N	N	N	N	N	N	N	N	N	0.0000	0.0000	0.0000	0.0000	0.0000	0.0000	0.0000	0.0000	0.0000	0.0000	0.0000	0.0000	0.0000	0.0000	0.0000	0.0000	0.0000	0.0001	0.0001	0.0000	0.0012	0.0000	0.0000	0.0001	inf	0.0000	0.0000	0.3962	0.9999	2.0067	1.0605	0.0000	0.0000	0.0000	0.0000	0.0000	0.0000	0.0000	0.0000	0.0000	0.0000	0.0000	0.0000	0.0000	0.0000	0.0000	0.0000	0.0000	0.0000	0.0282	0.0265	0.0016	0.0110	0.0109	0.0001	0.0172	0.0157	0.0015	0.0198	0.0105	0.0093	0.0018	0.0016	0.0002	0.0180	0.0089	0.0091	0.0000	0.0000	0.0000	0.0000	0.0000	0.0000	0.0000	0.0000	0.0000	0.0000	0.0000	0.0001	0.0001	0.0000	0.0012	0.0000	0.0000	0.0001				
19	98	0.0772	3	1	0	1	1	0	0	0	0	N	N	N	N	N	N	N	N	N	N	N	N	183.9462	4.7549	858.5409	91.4195	1.7903	118.3193	17.4958	71.7167	0.1105	0.0012	0.8692	0.2088	0.0024	1.5953	0.0067	0.0000	0.0550	0.0006	0.0003	0.0010	0.0023	0.0014	0.0135	0.0004	0.0000	0.0008	100.8687	3.2023	0.0000	0.0000	0.3962	0.0012	2.0067	1.0414	0.0000	0.0000	0.0000	0.0000	0.0000	0.0000	0.0000	0.0000	0.0000	0.0000	0.0000	0.0000	0.0000	0.0000	0.0000	0.0000	0.0000	0.0000	0.0001	0.0001	0.0000	0.0000	0.0000	0.0000	0.0000	0.0000	0.0000	0.0108	0.0059	0.0049	0.0012	0.0011	0.0001	0.0096	0.0048	0.0048	183.9462	4.7549	858.5409	91.4195	1.7903	118.3193	17.4958	0.0000	71.7167	0.0006	0.0003	0.0010	0.0023	0.0014	0.0135	0.0004	0.0000	0.0008	
19	99	0.0262	2	2	1	1	0	0	0	0	0	Y	N	N	N	N	N	N	N	N	N	N	N	0.1061	14.1592	0.3012	0.0685	0.0705	0.1142	0.4322	inf	0.6357	0.0027	0.0020	0.0152	0.0003	0.0001	0.0047	0.0115	0.0092	0.0321	0.0257	0.0001	0.0504	0.0048	0.0018	0.0415	0.0266	0.0000	0.0504	0.4649	373.8893	0.0001	0.0009	0.3962	3.2042	2.0067	9.0918	0.0003	0.0002	0.0001	0.0000	0.0000	0.0000	0.0003	0.0002	0.0001	0.0019	0.0000	0.0019	0.0000	0.0000	0.0000	0.0019	0.0000	0.0019	0.1076	0.1014	0.0061	0.0845	0.0807	0.0038	0.0231	0.0207	0.0023	0.0735	0.0362	0.0374	0.0031	0.0028	0.0002	0.0705	0.0333	0.0371	0.1061	14.1592	0.3012	0.0685	0.0705	0.1142	0.4322	inf	0.6357	0.0257	0.0001	0.0504	0.0048	0.0018	0.0415	0.0266	0.0000	0.0504
19	100	0.0262	2	1	1	1	0	0	0	0	0	N	N	N	N	N	N	N	N	N	N	N	N	0.0160	0.4116	0.0000	0.0409	0.0491	0.0000	0.0000	0.0000	0.0005	0.0005	0.0000	0.0007	0.0007	0.0000	0.0000	0.0000	0.0000	0.0298	0.0012	0.0575	0.0166	0.0143	0.0465	0.0304	0.0000	0.0576	0.0000	48.5429	-0.0000	0.0009	0.3962	0.7962	2.0067	10.9291	0.0000	0.0000	0.0000	0.0000	0.0000	0.0000	0.0000	0.0000	0.0000	0.0019	0.0000	0.0019	0.0000	0.0000	0.0000	0.0019	0.0000	0.0019	0.0358	0.0340	0.0017	0.0252	0.0243	0.0009	0.0106	0.0098	0.0008	0.0645	0.0318	0.0327	0.0029	0.0027	0.0002	0.0616	0.0291	0.0325	0.0160	0.4116	0.0000	0.0409	0.0491	0.0000	0.0000	0.0000	0.0000	0.0298	0.0012	0.0575	0.0166	0.0143	0.0465	0.0304	0.0000	0.0576	
19	101	0.0840	5	2	1	1	0	0	0	0	0	Y	N	N	N	N	N	N	N	N	N	N	N	0.0000	0.0000	0.0000	0.0000	0.0000	0.0000	0.0000	0.0000	0.0000	0.0000	0.0000	0.0000	0.0000	0.0004	0.0007	0.0000	0.0054	0.0063	0.0000	0.0000	0.0000	0.0000	0.0000	0.0000	-0.0000	0.3962	0.0000	2.0067	3.0000	0.0000	0.0000	0.0000	0.0000	0.0000	0.0000	0.0000	0.0000	0.0000	0.0000	0.0000	0.0000	0.0000	0.0000	0.0000	0.0000	0.0000	0.0000	0.0000	0.0000	0.0000	0.0000	0.0000	0.0000	0.0000	0.0000	0.0000	0.0266	0.0137	0.0129	0.0018	0.0016	0.0003	0.0247	0.0121	0.0126	0.0000	0.0000	0.0000	0.0000	0.0000	0.0000	0.0000	0.0000	0.0000	0.0004	0.0007	0.0000	0.0054	0.0063	0.0000	0.0000	0.0000	0.0000						
19	102	0.0810	4	2	1	1	0	0	0	0	0	Y	N	N	N	N	N	N	N	N	N	N	N	0.0000	0.0000	0.0000	0.0000	0.0000	0.0000	0.0000	0.0000	0.0000	0.0000	0.0000	0.0000	0.0000	0.0000	0.0000	0.0000	0.0000	0.0000	0.0000	0.0000	0.3962	0.0000	2.0067	1.0000	0.0000	0.0000	0.0000	0.0000	0.0000	0.0000	0.0000	0.0000	0.0000	0.0000	0.0000	0.0000	0.0000	0.0000	0.0000	0.0000	0.0000	0.0000	0.0000	0.0000	0.0000	0.0000	0.0000	0.0000	0.0000	0.0000	0.0000	0.0093	0.0048	0.0045	0.0006	0.0006	0.0001	0.0086	0.0042	0.0044	0.0000	0.0000	0.0000	0.0000	0.0000	0.0000	0.0000	0.0000	0.0000	0.0000	0.0000	0.0000	0.0000	0.0000	0.0000	0.0000	0.0000	0.0000											
19	103	0.0772	3	1	1	1	0	0	0	0	0	N	N	N	N	N	N	N	N	N	N	N	N	321.3979	980.1950	248.2137	121.3484	25.6966	93.8234	0.1458	0.0000	0.9825	0.2549	0.0000	1.6195	0.0098	0.0000	0.0712	0.0005	0.0000	0.0010	0.0010	0.0000	0.0133	0.0004	0.0000	0.0008	inf	inf	0.0000	0.0000	0.3962	0.0006	2.0067	1.0534	0.0000	0.0000	0.0000	0.0000	0.0000	0.0000	0.0000	0.0000	0.0000	0.0000	0.0000	0.0000	0.0000	0.0000	0.0000	0.0000	0.0000	0.0000	0.0001	0.0000	0.0000	0.0000	0.0000	0.0000	0.0000	0.0000	0.0000	0.0109	0.0060	0.0049	0.0012	0.0011	0.0001	0.0097	0.0048	0.0048	321.3979	0.0000	980.1950	248.2137	0.0000	121.3484	25.6966	0.0000	93.8234	0.0005	0.0000	0.0010	0.0010	0.0000	0.0133	0.0004	0.0000	0.0008			
19	104	0.0262	2	1	0	1	0	0	0	0	0	N	N	N	N	N	N	N	N	N	N	N	N	84.6569	3.3476	724.6368	794.4820	0.2717	1562.7366	14.7317	inf	71.1842	1.9096	0.0000	32.1000	2.2979	0.0000	48.5866	0.3434	0.0000	3.1595	0.0226	0.0000	0.0443	0.0029	0.0001	0.0311	0.0233	0.0000	0.0444	99791.5513	7560.1881	0.3556	0.0010	0.3962	7.2034	2.0067	9.9858	0.3932	0.0000	0.3932	0.3791	0.0000	0.3791	0.0140	0.0000	0.0140	0.0022	0.0000	0.0022	0.0000	0.0000	0.0000	0.0021	0.0000	0.0021	0.2059	0.1936	0.0122	0.1650	0.1572	0.0078	0.0409	0.0365	0.0044	0.0954	0.0468	0.0486	0.0035	0.0032	0.0003	0.0919	0.0436	0.0483	84.6569	3.3476	724.6368	794.4820	0.2717	1562.7366	14.7317	inf	71.1842	0.0226	0.0000	0.0443	0.0029	0.0001	0.0311	0.0233	0.0000	0.0444
19	109	0.2959	6	1	0	1	0	0	0	0	0	N	N	N	N	N	N	N	N	N	N	N	N	0.2107	0.1579	0.1431	0.1270	0.4698	0.2727	0.0061	0.0065	0.0000	0.0071	0.0075	0.0000	0.0001	0.0001	0.0000	0.0290	0.0411	0.0000	0.0497	0.0588	0.0000	0.0002	0.0004	0.0000	0.0000	0.0000	-0.0001	-0.0030	0.3962	7.7801	2.0067	32.2209	0.0012	0.0012	0.0000	0.0012	0.0012	0.0000	0.0000	0.0000	0.0000	0.0057	0.0057	0.0000	0.0057	0.0057	0.0000	0.0000	0.0000	0.0000	0.1912	0.1802	0.0110	0.1642	0.1564	0.0078	0.0270	0.0238	0.0032	0.1961	0.1384	0.0576	0.1143	0.0966	0.0176	0.0818	0.0418	0.0400	0.2107	0.1579	0.0000	0.1431	0.1270	0.0000	0.4698	0.2727	0.0000	0.0290	0.0411	0.0000	0.0497	0.0588	0.0000	0.0002	0.0004	0.0000			
20	21	0.0668	4	0	2	0	0	0	0	0	0	N	Y	N	N	N	N	N	N	N	N	N	N	0.0000	0.0000	0.0000	0.0000	0.0000	0.0000	0.0000	0.0000	0.0000	0.0000	0.0000	0.0000	0.0000	0.0000	0.0000	0.1715	0.0000	0.4822	0.0061	0.0000	0.0442	0.2730	0.0000	0.5583	inf	0.0000	0.0056	0.0000	9.2038	3.0021	12.0710	0.0000	0.0000	0.0000	0.0000	0.0000	0.0000	0.0000	0.0000	0.0000	0.0118	0.0000	0.0118	0.0002	0.0000	0.0002	0.0116	0.0000	0.0116	0.0000	0.0000	0.0000	0.0000	0.0000	0.0000	0.0000	0.0000	0.0000	0.0688	0.0443	0.0245	0.0262	0.0225	0.0036	0.0426	0.0218	0.0208	0.0000	0.0000	0.0000	0.0000	0.0000	0.0000	0.0000	0.0000	0.0000	0.1715	0.0000	0.4822	0.0061	0.0000	0.0442	0.2730	0.0000	0.5583				
20	22	0.0668	4	1	2	0	0	0	0	0	0	N	Y	N	N	N	N	N	N	N	N	N	N	0.0000	0.0000	0.0000	0.0000	0.0000	0.0000	0.0000	0.0000	0.0000	0.0000	0.0000	0.0000	0.0000	0.0000	0.0000	0.0263	0.0407	0.0000	0.0540	0.0626	0.0000	0.0090	0.0176	0.0000	0.0000	0.0000	-0.0009	0.0000	12.2045	3.0021	6.9907	0.0000	0.0000	0.0000	0.0000	0.0000	0.0000	0.0000	0.0000	0.0000	0.0017	0.0017	0.0000	0.0013	0.0013	0.0000	0.0003	0.0003	0.0000	0.0000	0.0000	0.0000	0.0000	0.0000	0.0000	0.0000	0.0000	0.0000	0.0632	0.0408	0.0224	0.0242	0.0209	0.0033	0.0390	0.0199	0.0191	0.0000	0.0000	0.0000	0.0000	0.0000	0.0000	0.0000	0.0000	0.0000	0.0263	0.0407	0.0000	0.0540	0.0626	0.0000	0.0090	0.0176	0.0000				
20	23	0.0226	2	0	2	0	0	0	0	0	0	N	Y	N	N	N	N	N	N	N	N	N	N	0.0000	0.0000	0.0000	0.0000	0.0000	0.0000	0.0000	0.0000	0.0000	0.0000	0.0000	0.0000	0.0000	0.0000	0.0000	0.0000	0.0000	0.0000	0.6621	1.1659	0.0022	4.1427	4.1916	0.0298	0.0011	0.0000	0.0021	0.0015	0.0000	-0.0069	0.0000	0.0000	3.0021	4.0676	0.0000	0.0000	0.0000	0.0000	0.0000	0.0000	0.0000	0.0000	0.0000	0.0132	0.0132	0.0000	0.0132	0.0132	0.0000	0.0000	0.0000	0.0000	0.0000	0.0000	0.0000	0.0000	0.0000	0.0000	0.0000	0.0000	0.0000	0.0200	0.0113	0.0087	0.0032	0.0032	0.0000	0.0168	0.0082	0.0086	0.0000	0.0000	0.0000	0.0000	0.0000	0.0000	0.0000	0.0000	0.0000	0.6621	1.1659	0.0022	4.1427	4.1916	0.0298	0.0011	0.0000	0.0021	
20	24	0.0668	4	1	2	0	0	0	0	0	0	N	Y	N	N	N	N	N	N	N	N	N	N	0.0000	0.0000	0.0000	0.0000	0.0000	0.0000	0.0000	0.0000	0.0000	0.0000	0.0000	0.0000	0.0000	0.0000	0.0000	0.0000	0.0000	0.0340	0.0219	0.0554	0.0416	0.0444	0.0253	0.0296	0.0000	0.0607	1.4274	0.0000	0.0002	0.0000	8.3046	3.0021	21.0710	0.0000	0.0000	0.0000	0.0000	0.0000	0.0000	0.0000	0.0000	0.0000	0.0030	0.0012	0.0018	0.0014	0.0012	0.0001	0.0016	0.0000	0.0016	0.0000	0.0000	0.0000	0.0000	0.0000	0.0000	0.0000	0.0000	0.0000	0.0885	0.0566	0.0319	0.0327	0.0280	0.0047	0.0558	0.0286	0.0272	0.0000	0.0000	0.0000	0.0000	0.0000	0.0000	0.0000	0.0000	0.0000	0.0340	0.0219	0.0554	0.0416	0.0444	0.0253	0.0296	0.0000	0.0607		
20	25	0.0849	5	0	2	0	0	0	0	0	0	N	Y	N	N	N	N	N	N	N	N	N	N	0.0000	0.0000	0.0000	0.0000	0.0000	0.0000	0.0000	0.0000	0.0000	0.0000	0.0000	0.0000	0.0000	0.0000	0.0000	0.0000	0.0020	0.0021	0.0019	0.0032	0.0037	0.0000	0.0010	0.0000	0.0023	0.4024	0.0000	-0.0000	0.0000	1.0335	3.0021	7.4537	0.0000	0.0000	0.0000	0.0000	0.0000	0.0000	0.0000	0.0000	0.0000	0.0001	0.0000	0.0000	0.0000	0.0000	0.0000	0.0000	0.0000	0.0000	0.0000	0.0000	0.0000	0.0000	0.0000	0.0000	0.0000	0.0000	0.0000	0.0343	0.0239	0.0104	0.0153	0.0135	0.0018	0.0190	0.0104	0.0086	0.0000	0.0000	0.0000	0.0000	0.0000	0.0000	0.0000	0.0000	0.0000	0.0020	0.0021	0.0019	0.0032	0.0037	0.0000	0.0010	0.0000	0.0023			
20	26	0.0668	4	0	2	0	0	0	0	0	0	N	Y	N	N	N	N	N	N	N	N	N	N	0.0000	0.0000	0.0000	0.0000	0.0000	0.0000	0.0000	0.0000	0.0000	0.0000	0.0000	0.0000	0.0000	0.0002	0.0004	0.0000	0.0006	0.0007	0.0000	0.0000	0.0000	0.0000	0.0000	0.0000	-0.0000	0.0000	7.2039	3.0021	4.9911	0.0000	0.0000	0.0000	0.0000	0.0000	0.0000	0.0000	0.0000	0.0000	0.0000	0.0000	0.0000	0.0000	0.0000	0.0000	0.0000	0.0000	0.0000	0.0000	0.0000	0.0000	0.0000	0.0000	0.0000	0.0000	0.0000	0.0000	0.0431	0.0280	0.0151	0.0170	0.0148	0.0022	0.0261	0.0132	0.0129	0.0000	0.0000	0.0000	0.0000	0.0000	0.0000	0.0000	0.0000	0.0000	0.0002	0.0004	0.0000	0.0006	0.0007	0.0000	0.0000	0.0000	0.0000						
20	27	0.1574	5	0	2	1	1	0	0	0	0	N	Y	N	N	N	N	N	N	N	N	N	N	0.0000	0.0000	0.0000	0.0000	0.0000	0.0000	0.0000	0.0000	0.0000	0.0000	0.0000	0.0000	0.0000	0.0000	0.0000	0.0000	0.0000	0.0000	0.0000	0.0000	0.0001	0.0000	0.0000	0.0001	0.0001	0.0000	0.0001	5.1499	0.0000	0.0000	0.0000	1.9923	3.0021	5.5017	0.0000	0.0000	0.0000	0.0000	0.0000	0.0000	0.0000	0.0000	0.0000	0.0000	0.0000	0.0000	0.0000	0.0000	0.0000	0.0000	0.0000	0.0000	0.0000	0.0000	0.0000	0.0000	0.0000	0.0000	0.0000	0.0000	0.0000	0.0327	0.0210	0.0117	0.0102	0.0092	0.0011	0.0225	0.0118	0.0107	0.0000	0.0000	0.0000	0.0000	0.0000	0.0000	0.0000	0.0000	0.0000	0.0000	0.0000	0.0001	0.0000	0.0000	0.0001	0.0001	0.0000	0.0001	
20	28	0.0668	4	0	2	0	0	0	0	0	0	N	Y	N	N	N	N	N	N	N	N	N	N	0.0000	0.0000	0.0000	0.0000	0.0000	0.0000	0.0000	0.0000	0.0000	0.0000	0.0000	0.0000	0.0000	0.0000	0.0000	0.0000	0.0000	0.0000	37.0187	57.0860	0.0756	0.0695	0.0741	0.0393	60.4820	118.7322	0.0819	0.0007	0.0000	-1.0418	0.0000	1.7961	3.0021	15.9291	0.0000	0.0000	0.0000	0.0000	0.0000	0.0000	0.0000	0.0000	0.0000	2.0021	2.0007	0.0014	0.0015	0.0013	0.0001	2.0006	1.9993	0.0013	0.0000	0.0000	0.0000	0.0000	0.0000	0.0000	0.0000	0.0000	0.0000	0.0541	0.0350	0.0190	0.0210	0.0182	0.0028	0.0331	0.0168	0.0162	0.0000	0.0000	0.0000	0.0000	0.0000	0.0000	0.0000	0.0000	0.0000	37.0187	57.0860	0.0756	0.0695	0.0741	0.0393	60.4820	118.7322	0.0819	
20	29	0.1247	7	1	2	0	0	0	0	0	0	N	Y	N	N	N	N	N	N	N	N	N	N	0.0000	0.0000	0.0000	0.0000	0.0000	0.0000	0.0000	0.0000	0.0000	0.0000	0.0000	0.0000	0.0000	0.0000	0.0000	0.0000	0.0000	0.0000	0.0000	0.0000	0.0000	0.0000	3.0021	0.0000	0.0000	0.0000	0.0000	0.0000	0.0000	0.0000	0.0000	0.0000	0.0000	0.0000	0.0000	0.0000	0.0000	0.0000	0.0000	0.0000	0.0000	0.0000	0.0000	0.0000	0.0000	0.0000	0.0000	0.0000	0.0000	0.0000	0.0000	0.0000	0.0000	0.0000	0.0000	0.0000	0.0000	0.0000	0.0000	0.0000	0.0000	0.0000	0.0000	0.0000	0.0000	0.0000	0.0000	0.0000	0.0000	0.0000	0.0000	0.0000	0.0000	0.0000	0.0000	0.0000	0.0000	0.0000											
20	30	0.0668	4	0	2	0	1	0	0	0	0	N	Y	N	N	N	N	N	N	N	N	N	N	0.0000	0.0000	0.0000	0.0000	0.0000	0.0000	0.0000	0.0000	0.0000	0.0000	0.0000	0.0000	0.0000	0.0000	0.0000	0.0000	0.0000	0.0000	0.0287	0.0015	0.0783	0.0066	0.0024	0.0333	0.0424	0.0005	0.0861	29.1667	0.0000	0.0008	0.0000	0.0000	3.0021	19.0400	0.0000	0.0000	0.0000	0.0000	0.0000	0.0000	0.0000	0.0000	0.0000	0.0018	0.0001	0.0017	0.0002	0.0001	0.0001	0.0016	0.0000	0.0016	0.0000	0.0000	0.0000	0.0000	0.0000	0.0000	0.0000	0.0000	0.0000	0.0631	0.0407	0.0223	0.0242	0.0209	0.0033	0.0389	0.0198	0.0190	0.0000	0.0000	0.0000	0.0000	0.0000	0.0000	0.0000	0.0000	0.0000	0.0287	0.0015	0.0783	0.0066	0.0024	0.0333	0.0424	0.0005	0.0861	
20	31	0.0668	4	1	2	0	0	0	0	0	0	N	Y	N	N	N	N	N	N	N	N	N	N	0.0000	0.0000	0.0000	0.0000	0.0000	0.0000	0.0000	0.0000	0.0000	0.0000	0.0000	0.0000	0.0000	0.0000	0.0000	0.0000	0.0000	0.0447	0.0281	0.0748	0.0523	0.0552	0.0343	0.0400	0.0000	0.0818	1.4628	0.0000	0.0002	0.0000	6.7961	3.0021	16.0091	0.0000	0.0000	0.0000	0.0000	0.0000	0.0000	0.0000	0.0000	0.0000	0.0030	0.0012	0.0018	0.0013	0.0012	0.0001	0.0016	0.0000	0.0016	0.0000	0.0000	0.0000	0.0000	0.0000	0.0000	0.0000	0.0000	0.0000	0.0667	0.0430	0.0237	0.0254	0.0219	0.0035	0.0412	0.0210	0.0202	0.0000	0.0000	0.0000	0.0000	0.0000	0.0000	0.0000	0.0000	0.0000	0.0447	0.0281	0.0748	0.0523	0.0552	0.0343	0.0400	0.0000	0.0818		
20	32	0.4490	9	0	1	1	0	0	0	0	0	N	N	N	N	N	N	N	N	N	N	N	N	0.0000	0.0000	0.0000	0.0000	0.0000	0.0000	0.0000	0.0000	0.0000	0.0000	0.0000	0.0000	0.0000	0.0000	0.0000	0.0000	0.0000	0.0000	0.0040	0.0051	0.0021	0.0076	0.0083	0.0017	0.0017	0.0012	0.0021	0.2292	0.0000	-0.0001	0.0000	2.4598	3.0021	7.4321	0.0000	0.0000	0.0000	0.0000	0.0000	0.0000	0.0000	0.0000	0.0000	0.0002	0.0001	0.0000	0.0001	0.0001	0.0000	0.0000	0.0000	0.0000	0.0000	0.0000	0.0000	0.0000	0.0000	0.0000	0.0000	0.0000	0.0000	0.0452	0.0289	0.0163	0.0175	0.0159	0.0016	0.0277	0.0130	0.0146	0.0000	0.0000	0.0000	0.0000	0.0000	0.0000	0.0000	0.0000	0.0000	0.0040	0.0051	0.0021	0.0076	0.0083	0.0017	0.0017	0.0012	0.0021	
20	33	0.4108	8	0	1	0	0	0	0	0	0	N	N	N	N	N	N	N	N	N	N	N	N	0.0000	0.0000	0.0000	0.0000	0.0000	0.0000	0.0000	0.0000	0.0000	0.0000	0.0000	0.0000	0.0000	0.0000	0.0000	0.0000	0.0000	0.0000	0.0347	0.0487	0.0097	0.0998	0.1108	0.0031	0.0057	0.0016	0.0103	0.1111	0.0000	-0.0006	0.0000	2.7943	3.0021	8.2643	0.0000	0.0000	0.0000	0.0000	0.0000	0.0000	0.0000	0.0000	0.0000	0.0015	0.0013	0.0001	0.0013	0.0013	0.0000	0.0002	0.0000	0.0001	0.0000	0.0000	0.0000	0.0000	0.0000	0.0000	0.0000	0.0000	0.0000	0.0421	0.0270	0.0151	0.0129	0.0116	0.0013	0.0291	0.0153	0.0138	0.0000	0.0000	0.0000	0.0000	0.0000	0.0000	0.0000	0.0000	0.0000	0.0347	0.0487	0.0097	0.0998	0.1108	0.0031	0.0057	0.0016	0.0103	
20	34	0.1223	5	0	2	0	0	0	0	0	0	N	Y	N	N	N	N	N	N	N	N	N	N	0.0000	0.0000	0.0000	0.0000	0.0000	0.0000	0.0000	0.0000	0.0000	0.0000	0.0000	0.0000	0.0000	0.0000	0.0000	0.0000	0.0000	0.0000	0.0011	0.0007	0.0017	0.0005	0.0005	0.0004	0.0017	0.0010	0.0025	1.3617	0.0000	0.0000	0.0000	0.0009	3.0021	2.4415	0.0000	0.0000	0.0000	0.0000	0.0000	0.0000	0.0000	0.0000	0.0000	0.0000	0.0000	0.0000	0.0000	0.0000	0.0000	0.0000	0.0000	0.0000	0.0000	0.0000	0.0000	0.0000	0.0000	0.0000	0.0000	0.0000	0.0000	0.0172	0.0111	0.0061	0.0090	0.0067	0.0023	0.0081	0.0044	0.0038	0.0000	0.0000	0.0000	0.0000	0.0000	0.0000	0.0000	0.0000	0.0000	0.0011	0.0007	0.0017	0.0005	0.0005	0.0004	0.0017	0.0010	0.0025	
20	35	0.0668	4	1	1	1	0	0	0	0	0	N	N	N	N	N	N	N	N	N	N	N	N	0.0000	0.0000	0.0000	0.0000	0.0000	0.0000	0.0000	0.0000	0.0000	0.0000	0.0000	0.0000	0.0000	0.0134	0.0000	0.0389	0.0000	0.0000	0.0000	0.0226	0.0000	0.0452	inf	0.0000	0.0001	0.0000	0.0000	3.0021	5.9600	0.0000	0.0000	0.0000	0.0000	0.0000	0.0000	0.0000	0.0000	0.0000	0.0003	0.0000	0.0003	0.0000	0.0000	0.0000	0.0003	0.0000	0.0003	0.0000	0.0000	0.0000	0.0000	0.0000	0.0000	0.0000	0.0000	0.0000	0.0230	0.0151	0.0080	0.0094	0.0082	0.0011	0.0137	0.0068	0.0069	0.0000	0.0000	0.0000	0.0000	0.0000	0.0000	0.0000	0.0000	0.0000	0.0134	0.0000	0.0389	0.0000	0.0000	0.0000	0.0226	0.0000	0.0452						
20	36	0.1574	5	0	2	0	0	0	0	0	0	N	Y	N	N	N	N	N	N	N	N	N	N	0.0000	0.0000	0.0000	0.0000	0.0000	0.0000	0.0000	0.0000	0.0000	0.0000	0.0000	0.0000	0.0000	0.0000	0.0000	0.0000	0.0000	0.0000	0.0004	0.0006	0.0001	0.0000	0.0000	0.0002	0.0006	0.0010	0.0001	0.1292	0.0000	-0.0000	0.0000	0.0123	3.0021	6.2120	0.0000	0.0000	0.0000	0.0000	0.0000	0.0000	0.0000	0.0000	0.0000	0.0000	0.0000	0.0000	0.0000	0.0000	0.0000	0.0000	0.0000	0.0000	0.0000	0.0000	0.0000	0.0000	0.0000	0.0000	0.0000	0.0000	0.0000	0.0283	0.0182	0.0101	0.0090	0.0081	0.0009	0.0193	0.0101	0.0092	0.0000	0.0000	0.0000	0.0000	0.0000	0.0000	0.0000	0.0000	0.0000	0.0004	0.0006	0.0001	0.0000	0.0000	0.0002	0.0006	0.0010	0.0001	
20	37	0.0668	4	0	2	0	0	0	0	0	0	N	Y	N	N	N	N	N	N	N	N	N	N	0.0000	0.0000	0.0000	0.0000	0.0000	0.0000	0.0000	0.0000	0.0000	0.0000	0.0000	0.0000	0.0000	0.0000	0.0000	0.0000	0.0000	0.0000	0.0365	0.0235	0.0597	0.0442	0.0470	0.0273	0.0319	0.0000	0.0653	1.4263	0.0000	0.0002	0.0000	8.2035	3.0021	18.5835	0.0000	0.0000	0.0000	0.0000	0.0000	0.0000	0.0000	0.0000	0.0000	0.0030	0.0012	0.0018	0.0014	0.0012	0.0001	0.0016	0.0000	0.0016	0.0000	0.0000	0.0000	0.0000	0.0000	0.0000	0.0000	0.0000	0.0000	0.0825	0.0529	0.0296	0.0308	0.0264	0.0044	0.0517	0.0265	0.0252	0.0000	0.0000	0.0000	0.0000	0.0000	0.0000	0.0000	0.0000	0.0000	0.0365	0.0235	0.0597	0.0442	0.0470	0.0273	0.0319	0.0000	0.0653	
20	38	0.0668	4	0	2	0	1	0	0	0	0	N	Y	N	N	N	N	N	N	N	N	N	N	0.0000	0.0000	0.0000	0.0000	0.0000	0.0000	0.0000	0.0000	0.0000	0.0000	0.0000	0.0000	0.0000	0.0000	0.0000	0.0000	0.0000	0.0311	0.0201	0.0503	0.0385	0.0412	0.0230	0.0268	0.0000	0.0550	1.4274	0.0000	0.0002	0.0000	10.2042	3.0021	23.0710	0.0000	0.0000	0.0000	0.0000	0.0000	0.0000	0.0000	0.0000	0.0000	0.0030	0.0012	0.0018	0.0014	0.0012	0.0001	0.0016	0.0000	0.0016	0.0000	0.0000	0.0000	0.0000	0.0000	0.0000	0.0000	0.0000	0.0000	0.0969	0.0617	0.0352	0.0353	0.0301	0.0052	0.0616	0.0316	0.0300	0.0000	0.0000	0.0000	0.0000	0.0000	0.0000	0.0000	0.0000	0.0000	0.0311	0.0201	0.0503	0.0385	0.0412	0.0230	0.0268	0.0000	0.0550		
20	39	0.0668	4	1	1	1	0	0	0	0	0	N	N	N	N	N	N	N	N	N	N	N	N	0.0000	0.0000	0.0000	0.0000	0.0000	0.0000	0.0000	0.0000	0.0000	0.0000	0.0000	0.0000	0.0000	0.0351	0.0000	0.1007	0.0000	0.0000	0.0000	0.0606	0.0000	0.1145	inf	0.0000	0.0001	0.0000	0.0000	3.0021	1.9600	0.0000	0.0000	0.0000	0.0000	0.0000	0.0000	0.0000	0.0000	0.0000	0.0003	0.0000	0.0003	0.0000	0.0000	0.0000	0.0003	0.0000	0.0003	0.0000	0.0000	0.0000	0.0000	0.0000	0.0000	0.0000	0.0000	0.0000	0.0088	0.0058	0.0031	0.0037	0.0034	0.0004	0.0051	0.0024	0.0027	0.0000	0.0000	0.0000	0.0000	0.0000	0.0000	0.0000	0.0000	0.0000	0.0351	0.0000	0.1007	0.0000	0.0000	0.0000	0.0606	0.0000	0.1145						
20	40	0.1223	5	0	1	1	0	0	0	0	0	N	N	N	N	N	N	N	N	N	N	N	N	0.0000	0.0000	0.0000	0.0000	0.0000	0.0000	0.0000	0.0000	0.0000	0.0000	0.0000	0.0000	0.0000	0.0000	0.0000	0.0000	0.0000	0.0000	0.0006	0.0004	0.0008	0.0007	0.0008	0.0003	0.0005	0.0000	0.0010	1.2364	0.0000	0.0000	0.0000	0.0009	3.0021	7.7842	0.0000	0.0000	0.0000	0.0000	0.0000	0.0000	0.0000	0.0000	0.0000	0.0000	0.0000	0.0000	0.0000	0.0000	0.0000	0.0000	0.0000	0.0000	0.0000	0.0000	0.0000	0.0000	0.0000	0.0000	0.0000	0.0000	0.0000	0.0336	0.0211	0.0125	0.0133	0.0103	0.0030	0.0203	0.0108	0.0095	0.0000	0.0000	0.0000	0.0000	0.0000	0.0000	0.0000	0.0000	0.0000	0.0006	0.0004	0.0008	0.0007	0.0008	0.0003	0.0005	0.0000	0.0010	
20	41	0.0668	4	0	1	0	0	0	0	0	0	N	N	N	N	N	N	N	N	N	N	N	N	0.0000	0.0000	0.0000	0.0000	0.0000	0.0000	0.0000	0.0000	0.0000	0.0000	0.0000	0.0000	0.0000	0.0000	0.0000	0.0000	0.0000	0.0000	0.0465	0.0297	0.0770	0.0550	0.0581	0.0353	0.0412	0.0000	0.0842	1.4214	0.0000	0.0002	0.0000	1.7959	3.0021	20.1034	0.0000	0.0000	0.0000	0.0000	0.0000	0.0000	0.0000	0.0000	0.0000	0.0030	0.0012	0.0018	0.0014	0.0012	0.0001	0.0016	0.0000	0.0016	0.0000	0.0000	0.0000	0.0000	0.0000	0.0000	0.0000	0.0000	0.0000	0.0645	0.0416	0.0229	0.0247	0.0213	0.0034	0.0398	0.0203	0.0195	0.0000	0.0000	0.0000	0.0000	0.0000	0.0000	0.0000	0.0000	0.0000	0.0465	0.0297	0.0770	0.0550	0.0581	0.0353	0.0412	0.0000	0.0842	
20	42	0.1368	5	0	2	0	0	0	0	0	0	N	Y	N	N	N	N	N	N	N	N	N	N	0.0000	0.0000	0.0000	0.0000	0.0000	0.0000	0.0000	0.0000	0.0000	0.0000	0.0000	0.0000	0.0000	0.0000	0.0000	0.0000	0.0000	0.0000	0.0000	0.0000	0.0000	0.0003	3.0021	0.0002	0.0000	0.0000	0.0000	0.0000	0.0000	0.0000	0.0000	0.0000	0.0000	0.0000	0.0000	0.0000	0.0000	0.0000	0.0000	0.0000	0.0000	0.0000	0.0000	0.0000	0.0000	0.0000	0.0000	0.0000	0.0000	0.0000	0.0000	0.0000	0.0000	0.0000	0.0000	0.0000	0.0000	0.0000	0.0000	0.0000	0.0000	0.0000	0.0000	0.0000	0.0000	0.0000	0.0000	0.0000	0.0000	0.0000	0.0000	0.0000	0.0000	0.0000	0.0000	0.0000	0.0000	0.0000											
20	43	0.0928	5	1	2	1	0	0	0	0	0	N	Y	N	N	N	N	N	N	N	N	N	N	0.0000	0.0000	0.0000	0.0000	0.0000	0.0000	0.0000	0.0000	0.0000	0.0000	0.0000	0.0000	0.0000	0.0000	0.0000	0.0000	0.0000	0.0000	0.0000	0.0000	0.0000	0.0000	3.0021	2.0000	0.0000	0.0000	0.0000	0.0000	0.0000	0.0000	0.0000	0.0000	0.0000	0.0000	0.0000	0.0000	0.0000	0.0000	0.0000	0.0000	0.0000	0.0000	0.0000	0.0000	0.0000	0.0000	0.0000	0.0000	0.0000	0.0000	0.0000	0.0066	0.0045	0.0021	0.0029	0.0025	0.0004	0.0037	0.0020	0.0018	0.0000	0.0000	0.0000	0.0000	0.0000	0.0000	0.0000	0.0000	0.0000	0.0000	0.0000	0.0000	0.0000	0.0000	0.0000	0.0000	0.0000	0.0000											
20	44	0.0928	5	1	2	1	0	0	0	0	0	N	Y	N	N	N	N	N	N	N	N	N	N	0.0000	0.0000	0.0000	0.0000	0.0000	0.0000	0.0000	0.0000	0.0000	0.0000	0.0000	0.0000	0.0000	0.0000	0.0000	0.0000	0.0000	0.0000	0.0000	0.0000	0.0000	0.0000	3.0021	0.0000	0.0000	0.0000	0.0000	0.0000	0.0000	0.0000	0.0000	0.0000	0.0000	0.0000	0.0000	0.0000	0.0000	0.0000	0.0000	0.0000	0.0000	0.0000	0.0000	0.0000	0.0000	0.0000	0.0000	0.0000	0.0000	0.0000	0.0000	0.0000	0.0000	0.0000	0.0000	0.0000	0.0000	0.0000	0.0000	0.0000	0.0000	0.0000	0.0000	0.0000	0.0000	0.0000	0.0000	0.0000	0.0000	0.0000	0.0000	0.0000	0.0000	0.0000	0.0000	0.0000	0.0000	0.0000											
20	45	0.0668	4	1	2	1	0	0	0	0	0	N	Y	N	N	N	N	N	N	N	N	N	N	0.0000	0.0000	0.0000	0.0000	0.0000	0.0000	0.0000	0.0000	0.0000	0.0000	0.0000	0.0000	0.0000	0.0000	0.0000	0.0000	0.0000	0.0000	0.0000	0.0000	0.0000	0.7962	3.0021	7.9291	0.0000	0.0000	0.0000	0.0000	0.0000	0.0000	0.0000	0.0000	0.0000	0.0000	0.0000	0.0000	0.0000	0.0000	0.0000	0.0000	0.0000	0.0000	0.0000	0.0000	0.0000	0.0000	0.0000	0.0000	0.0000	0.0000	0.0000	0.0292	0.0191	0.0101	0.0117	0.0103	0.0014	0.0175	0.0088	0.0087	0.0000	0.0000	0.0000	0.0000	0.0000	0.0000	0.0000	0.0000	0.0000	0.0000	0.0000	0.0000	0.0000	0.0000	0.0000	0.0000	0.0000	0.0000											
20	46	0.0668	4	1	2	0	0	0	0	0	0	N	Y	N	N	N	N	N	N	N	N	N	N	0.0000	0.0000	0.0000	0.0000	0.0000	0.0000	0.0000	0.0000	0.0000	0.0000	0.0000	0.0000	0.0000	0.0000	0.0000	0.0000	0.0000	0.0000	0.0000	0.0000	0.0000	0.7962	3.0021	12.9291	0.0000	0.0000	0.0000	0.0000	0.0000	0.0000	0.0000	0.0000	0.0000	0.0000	0.0000	0.0000	0.0000	0.0000	0.0000	0.0000	0.0000	0.0000	0.0000	0.0000	0.0000	0.0000	0.0000	0.0000	0.0000	0.0000	0.0000	0.0435	0.0283	0.0152	0.0171	0.0149	0.0022	0.0263	0.0134	0.0130	0.0000	0.0000	0.0000	0.0000	0.0000	0.0000	0.0000	0.0000	0.0000	0.0000	0.0000	0.0000	0.0000	0.0000	0.0000	0.0000	0.0000	0.0000											
20	47	0.0668	4	0	2	0	1	0	0	0	0	N	Y	N	N	N	N	N	N	N	N	N	N	0.0000	0.0000	0.0000	0.0000	0.0000	0.0000	0.0000	0.0000	0.0000	0.0000	0.0000	0.0000	0.0000	0.0000	0.0000	0.0000	0.0330	0.0249	0.0474	0.0426	0.0495	0.0000	0.0272	0.0000	0.0556	1.0574	0.0000	-0.0000	0.0000	9.0000	3.0021	15.0400	0.0000	0.0000	0.0000	0.0000	0.0000	0.0000	0.0000	0.0000	0.0000	0.0025	0.0012	0.0013	0.0012	0.0012	0.0000	0.0013	0.0000	0.0013	0.0000	0.0000	0.0000	0.0000	0.0000	0.0000	0.0000	0.0000	0.0000	0.0762	0.0489	0.0272	0.0287	0.0246	0.0040	0.0475	0.0243	0.0232	0.0000	0.0000	0.0000	0.0000	0.0000	0.0000	0.0000	0.0000	0.0000	0.0330	0.0249	0.0474	0.0426	0.0495	0.0000	0.0272	0.0000	0.0556			
20	48	0.1453	5	0	1	0	1	0	0	0	0	N	N	N	N	N	N	N	N	N	N	N	N	0.0000	0.0000	0.0000	0.0000	0.0000	0.0000	0.0000	0.0000	0.0000	0.0000	0.0000	0.0000	0.0000	0.0000	0.0000	0.0000	0.0000	0.0000	0.1990	0.3116	0.0007	0.5931	0.7046	0.0005	0.0003	0.0000	0.0007	0.0012	0.0000	-0.0011	0.0000	0.0037	3.0021	3.0208	0.0000	0.0000	0.0000	0.0000	0.0000	0.0000	0.0000	0.0000	0.0000	0.0021	0.0021	0.0000	0.0021	0.0021	0.0000	0.0000	0.0000	0.0000	0.0000	0.0000	0.0000	0.0000	0.0000	0.0000	0.0000	0.0000	0.0000	0.0108	0.0069	0.0039	0.0036	0.0030	0.0006	0.0072	0.0038	0.0033	0.0000	0.0000	0.0000	0.0000	0.0000	0.0000	0.0000	0.0000	0.0000	0.1990	0.3116	0.0007	0.5931	0.7046	0.0005	0.0003	0.0000	0.0007	
20	49	0.0668	4	0	1	0	1	0	0	0	0	N	N	N	N	N	N	N	N	N	N	N	N	0.0000	0.0000	0.0000	0.0000	0.0000	0.0000	0.0000	0.0000	0.0000	0.0000	0.0000	0.0000	0.0000	0.0000	0.0000	0.0000	0.0000	0.0000	0.0384	0.0249	0.0624	0.0464	0.0497	0.0264	0.0335	0.0000	0.0687	1.3957	0.0000	0.0002	0.0000	4.7960	3.0021	23.0471	0.0000	0.0000	0.0000	0.0000	0.0000	0.0000	0.0000	0.0000	0.0000	0.0030	0.0013	0.0017	0.0014	0.0013	0.0001	0.0016	0.0000	0.0016	0.0000	0.0000	0.0000	0.0000	0.0000	0.0000	0.0000	0.0000	0.0000	0.0782	0.0502	0.0280	0.0293	0.0252	0.0042	0.0488	0.0250	0.0238	0.0000	0.0000	0.0000	0.0000	0.0000	0.0000	0.0000	0.0000	0.0000	0.0384	0.0249	0.0624	0.0464	0.0497	0.0264	0.0335	0.0000	0.0687	
20	50	0.1017	5	0	2	1	0	0	0	0	0	N	Y	N	N	N	N	N	N	N	N	N	N	0.0000	0.0000	0.0000	0.0000	0.0000	0.0000	0.0000	0.0000	0.0000	0.0000	0.0000	0.0000	0.0000	0.0000	0.0000	0.0000	0.0000	0.4449	0.6162	0.0000	0.6751	0.7990	0.0000	0.0001	0.0001	0.0000	0.0000	0.0000	-0.0030	0.0000	1.4428	3.0021	0.4686	0.0000	0.0000	0.0000	0.0000	0.0000	0.0000	0.0000	0.0000	0.0000	0.0059	0.0059	0.0000	0.0058	0.0058	0.0000	0.0000	0.0000	0.0000	0.0000	0.0000	0.0000	0.0000	0.0000	0.0000	0.0000	0.0000	0.0000	0.0131	0.0095	0.0037	0.0087	0.0073	0.0013	0.0045	0.0022	0.0023	0.0000	0.0000	0.0000	0.0000	0.0000	0.0000	0.0000	0.0000	0.0000	0.4449	0.6162	0.0000	0.6751	0.7990	0.0000	0.0001	0.0001	0.0000		
20	51	0.0668	4	0	2	0	0	0	0	0	0	N	Y	N	N	N	N	N	N	N	N	N	N	0.0000	0.0000	0.0000	0.0000	0.0000	0.0000	0.0000	0.0000	0.0000	0.0000	0.0000	0.0000	0.0000	0.0000	0.0000	0.0000	0.0000	0.0000	0.1123	0.1731	0.0000	0.0005	0.0006	0.0000	0.1835	0.3607	0.0000	0.0001	0.0000	-0.0031	0.0000	7.1845	3.0021	8.0722	0.0000	0.0000	0.0000	0.0000	0.0000	0.0000	0.0000	0.0000	0.0000	0.0059	0.0059	0.0000	0.0000	0.0000	0.0000	0.0058	0.0058	0.0000	0.0000	0.0000	0.0000	0.0000	0.0000	0.0000	0.0000	0.0000	0.0000	0.0522	0.0338	0.0183	0.0203	0.0176	0.0027	0.0319	0.0162	0.0157	0.0000	0.0000	0.0000	0.0000	0.0000	0.0000	0.0000	0.0000	0.0000	0.1123	0.1731	0.0000	0.0005	0.0006	0.0000	0.1835	0.3607	0.0000	
20	52	0.0894	5	1	1	1	0	0	0	0	0	N	N	N	N	N	N	N	N	N	N	N	N	0.0000	0.0000	0.0000	0.0000	0.0000	0.0000	0.0000	0.0000	0.0000	0.0000	0.0000	0.0000	0.0000	0.0000	0.0000	0.0000	0.0000	0.4198	0.0000	1.2423	0.0040	0.0000	0.0371	0.7421	0.0000	1.4358	239075.9672	0.0000	0.0049	0.0000	0.9976	3.0021	4.7732	0.0000	0.0000	0.0000	0.0000	0.0000	0.0000	0.0000	0.0000	0.0000	0.0102	0.0000	0.0102	0.0000	0.0000	0.0000	0.0102	0.0000	0.0102	0.0000	0.0000	0.0000	0.0000	0.0000	0.0000	0.0000	0.0000	0.0000	0.0243	0.0161	0.0082	0.0106	0.0095	0.0011	0.0137	0.0066	0.0071	0.0000	0.0000	0.0000	0.0000	0.0000	0.0000	0.0000	0.0000	0.0000	0.4198	0.0000	1.2423	0.0040	0.0000	0.0371	0.7421	0.0000	1.4358		
20	53	0.0668	4	1	1	0	0	0	0	0	0	N	N	N	N	N	N	N	N	N	N	N	N	0.0000	0.0000	0.0000	0.0000	0.0000	0.0000	0.0000	0.0000	0.0000	0.0000	0.0000	0.0000	0.0000	0.0000	0.0000	0.0000	0.0000	0.0000	0.0038	0.0001	0.0106	0.0001	0.0000	0.0003	0.0062	0.0003	0.0123	39.9247	0.0000	0.0001	0.0000	3.2133	3.0021	6.0120	0.0000	0.0000	0.0000	0.0000	0.0000	0.0000	0.0000	0.0000	0.0000	0.0001	0.0000	0.0001	0.0000	0.0000	0.0000	0.0001	0.0000	0.0001	0.0000	0.0000	0.0000	0.0000	0.0000	0.0000	0.0000	0.0000	0.0000	0.0338	0.0220	0.0117	0.0135	0.0118	0.0017	0.0203	0.0102	0.0101	0.0000	0.0000	0.0000	0.0000	0.0000	0.0000	0.0000	0.0000	0.0000	0.0038	0.0001	0.0106	0.0001	0.0000	0.0003	0.0062	0.0003	0.0123	
20	54	0.0668	4	1	2	0	0	0	0	0	0	N	Y	N	N	N	N	N	N	N	N	N	N	0.0000	0.0000	0.0000	0.0000	0.0000	0.0000	0.0000	0.0000	0.0000	0.0000	0.0000	0.0000	0.0000	0.0000	0.0000	0.0000	0.0000	0.0000	23.0175	35.3722	0.0303	0.0158	0.0107	0.0498	37.9726	74.8610	0.0270	0.0005	0.0000	-0.5209	0.0000	1.7961	3.0021	11.9291	0.0000	0.0000	0.0000	0.0000	0.0000	0.0000	0.0000	0.0000	0.0000	1.0004	1.0000	0.0005	0.0003	0.0002	0.0001	1.0002	0.9998	0.0003	0.0000	0.0000	0.0000	0.0000	0.0000	0.0000	0.0000	0.0000	0.0000	0.0435	0.0283	0.0152	0.0171	0.0149	0.0022	0.0263	0.0134	0.0130	0.0000	0.0000	0.0000	0.0000	0.0000	0.0000	0.0000	0.0000	0.0000	23.0175	35.3722	0.0303	0.0158	0.0107	0.0498	37.9726	74.8610	0.0270	
20	55	0.0881	5	0	2	0	0	0	0	0	0	N	Y	N	N	N	N	N	N	N	N	N	N	0.0000	0.0000	0.0000	0.0000	0.0000	0.0000	0.0000	0.0000	0.0000	0.0000	0.0000	0.0000	0.0000	0.0000	0.0000	0.0000	0.0000	0.0000	0.0003	0.0005	0.0000	0.0007	0.0007	0.0000	0.0000	0.0000	0.0000	0.0071	0.0000	-0.0000	0.0000	0.0041	3.0021	6.2745	0.0000	0.0000	0.0000	0.0000	0.0000	0.0000	0.0000	0.0000	0.0000	0.0000	0.0000	0.0000	0.0000	0.0000	0.0000	0.0000	0.0000	0.0000	0.0000	0.0000	0.0000	0.0000	0.0000	0.0000	0.0000	0.0000	0.0000	0.0303	0.0222	0.0082	0.0157	0.0141	0.0016	0.0147	0.0080	0.0066	0.0000	0.0000	0.0000	0.0000	0.0000	0.0000	0.0000	0.0000	0.0000	0.0003	0.0005	0.0000	0.0007	0.0007	0.0000	0.0000	0.0000	0.0000	
20	56	0.1368	5	0	1	1	0	0	0	0	0	N	N	N	N	N	N	N	N	N	N	N	N	0.0000	0.0000	0.0000	0.0000	0.0000	0.0000	0.0000	0.0000	0.0000	0.0000	0.0000	0.0000	0.0000	0.0000	0.0000	0.0000	0.0000	0.0000	0.0000	0.0000	0.0000	18.9997	3.0021	4.0000	0.0000	0.0000	0.0000	0.0000	0.0000	0.0000	0.0000	0.0000	0.0000	0.0000	0.0000	0.0000	0.0000	0.0000	0.0000	0.0000	0.0000	0.0000	0.0000	0.0000	0.0000	0.0000	0.0000	0.0000	0.0000	0.0000	0.0000	0.0716	0.0443	0.0273	0.0216	0.0179	0.0037	0.0500	0.0264	0.0236	0.0000	0.0000	0.0000	0.0000	0.0000	0.0000	0.0000	0.0000	0.0000	0.0000	0.0000	0.0000	0.0000	0.0000	0.0000	0.0000	0.0000	0.0000											
20	57	0.0668	4	0	1	0	0	0	0	0	0	N	N	N	N	N	N	N	N	N	N	N	N	0.0000	0.0000	0.0000	0.0000	0.0000	0.0000	0.0000	0.0000	0.0000	0.0000	0.0000	0.0000	0.0000	0.0000	0.0000	0.0000	0.0000	0.0400	0.0256	0.0658	0.0479	0.0508	0.0301	0.0352	0.0000	0.0720	1.4274	0.0000	0.0002	0.0000	1.7961	3.0021	22.3138	0.0000	0.0000	0.0000	0.0000	0.0000	0.0000	0.0000	0.0000	0.0000	0.0030	0.0012	0.0018	0.0014	0.0012	0.0001	0.0016	0.0000	0.0016	0.0000	0.0000	0.0000	0.0000	0.0000	0.0000	0.0000	0.0000	0.0000	0.0753	0.0484	0.0269	0.0284	0.0244	0.0040	0.0469	0.0240	0.0229	0.0000	0.0000	0.0000	0.0000	0.0000	0.0000	0.0000	0.0000	0.0000	0.0400	0.0256	0.0658	0.0479	0.0508	0.0301	0.0352	0.0000	0.0720		
20	58	0.0876	6	1	2	0	0	0	0	0	0	N	Y	N	N	N	N	N	N	N	N	N	N	0.0000	0.0000	0.0000	0.0000	0.0000	0.0000	0.0000	0.0000	0.0000	0.0000	0.0000	0.0000	0.0000	0.0000	0.0000	0.0000	0.0000	53.9161	0.0000	270.9741	0.0006	0.0000	0.0050	97.0231	0.0000	271.8252	100299283.0581	0.0000	0.9511	0.0000	0.9359	3.0021	8.5945	0.0000	0.0000	0.0000	0.0000	0.0000	0.0000	0.0000	0.0000	0.0000	1.9859	0.0000	1.9859	0.0000	0.0000	0.0000	1.9859	0.0000	1.9859	0.0000	0.0000	0.0000	0.0000	0.0000	0.0000	0.0000	0.0000	0.0000	0.0368	0.0257	0.0111	0.0164	0.0144	0.0020	0.0205	0.0113	0.0092	0.0000	0.0000	0.0000	0.0000	0.0000	0.0000	0.0000	0.0000	0.0000	53.9161	0.0000	178.1723	0.0006	0.0000	0.0050	97.0231	0.0000	216.6682		
20	59	0.0849	5	0	2	0	0	0	0	0	0	N	Y	N	N	N	N	N	N	N	N	N	N	0.0000	0.0000	0.0000	0.0000	0.0000	0.0000	0.0000	0.0000	0.0000	0.0000	0.0000	0.0000	0.0000	0.0000	0.0000	0.0000	0.0000	0.0524	0.0055	0.1893	0.0088	0.0095	0.0000	0.0906	0.0000	0.2204	11.7843	0.0000	0.0003	0.0000	0.1706	3.0021	1.8413	0.0000	0.0000	0.0000	0.0000	0.0000	0.0000	0.0000	0.0000	0.0000	0.0006	0.0000	0.0006	0.0000	0.0000	0.0000	0.0006	0.0000	0.0006	0.0000	0.0000	0.0000	0.0000	0.0000	0.0000	0.0000	0.0000	0.0000	0.0121	0.0090	0.0031	0.0057	0.0052	0.0004	0.0064	0.0038	0.0027	0.0000	0.0000	0.0000	0.0000	0.0000	0.0000	0.0000	0.0000	0.0000	0.0524	0.0055	0.1893	0.0088	0.0095	0.0000	0.0906	0.0000	0.2204		
20	60	0.0668	4	0	2	0	0	0	0	0	0	N	Y	N	N	N	N	N	N	N	N	N	N	0.0000	0.0000	0.0000	0.0000	0.0000	0.0000	0.0000	0.0000	0.0000	0.0000	0.0000	0.0000	0.0000	0.0000	0.0000	0.0000	0.0000	0.0013	0.0000	0.0036	0.0000	0.0000	0.0000	0.0021	0.0000	0.0042	3999.6129	0.0000	0.0000	0.0000	6.1830	3.0021	4.8458	0.0000	0.0000	0.0000	0.0000	0.0000	0.0000	0.0000	0.0000	0.0000	0.0000	0.0000	0.0000	0.0000	0.0000	0.0000	0.0000	0.0000	0.0000	0.0000	0.0000	0.0000	0.0000	0.0000	0.0000	0.0000	0.0000	0.0000	0.0395	0.0257	0.0138	0.0156	0.0136	0.0020	0.0238	0.0121	0.0118	0.0000	0.0000	0.0000	0.0000	0.0000	0.0000	0.0000	0.0000	0.0000	0.0013	0.0000	0.0036	0.0000	0.0000	0.0000	0.0021	0.0000	0.0042		
20	61	0.4172	9	0	1	0	0	0	0	0	0	N	N	N	N	N	N	N	N	N	N	N	N	0.0000	0.0000	0.0000	0.0000	0.0000	0.0000	0.0000	0.0000	0.0000	0.0000	0.0000	0.0000	0.0000	0.0000	0.0000	0.0000	0.0000	0.0026	0.0032	0.0014	0.0087	0.0082	0.0125	0.0002	0.0000	0.0003	0.2530	0.0000	-0.0000	0.0000	1.0140	3.0021	12.0537	0.0000	0.0000	0.0000	0.0000	0.0000	0.0000	0.0000	0.0000	0.0000	0.0001	0.0001	0.0000	0.0001	0.0001	0.0000	0.0000	0.0000	0.0000	0.0000	0.0000	0.0000	0.0000	0.0000	0.0000	0.0000	0.0000	0.0000	0.0427	0.0270	0.0157	0.0121	0.0107	0.0014	0.0305	0.0162	0.0143	0.0000	0.0000	0.0000	0.0000	0.0000	0.0000	0.0000	0.0000	0.0000	0.0026	0.0032	0.0014	0.0087	0.0082	0.0125	0.0002	0.0000	0.0003		
20	62	0.3413	6	0	1	0	0	0	0	0	0	N	N	N	N	N	N	N	N	N	N	N	N	0.0000	0.0000	0.0000	0.0000	0.0000	0.0000	0.0000	0.0000	0.0000	0.0000	0.0000	0.0000	0.0000	0.0000	0.0000	0.0059	0.0000	0.0181	0.0075	0.0000	0.0579	0.0043	0.0000	0.0084	inf	0.0000	0.0006	0.0000	22.0948	3.0021	64.3951	0.0000	0.0000	0.0000	0.0000	0.0000	0.0000	0.0000	0.0000	0.0000	0.0013	0.0000	0.0013	0.0008	0.0000	0.0008	0.0005	0.0000	0.0005	0.0000	0.0000	0.0000	0.0000	0.0000	0.0000	0.0000	0.0000	0.0000	0.2280	0.1543	0.0737	0.1108	0.0963	0.0144	0.1173	0.0580	0.0593	0.0000	0.0000	0.0000	0.0000	0.0000	0.0000	0.0000	0.0000	0.0000	0.0059	0.0000	0.0181	0.0075	0.0000	0.0579	0.0043	0.0000	0.0084				
20	63	0.1344	5	0	1	0	0	0	0	0	0	N	N	N	N	N	N	N	N	N	N	N	N	0.0000	0.0000	0.0000	0.0000	0.0000	0.0000	0.0000	0.0000	0.0000	0.0000	0.0000	0.0000	0.0000	0.0000	0.0000	0.0000	0.0000	0.0000	0.0174	0.0141	0.0242	0.0249	0.0263	0.0085	0.0126	0.0002	0.0257	0.8355	0.0000	-0.0001	0.0000	3.0638	3.0021	18.8214	0.0000	0.0000	0.0000	0.0000	0.0000	0.0000	0.0000	0.0000	0.0000	0.0021	0.0011	0.0010	0.0012	0.0011	0.0000	0.0009	0.0000	0.0009	0.0000	0.0000	0.0000	0.0000	0.0000	0.0000	0.0000	0.0000	0.0000	0.1212	0.0815	0.0397	0.0470	0.0434	0.0036	0.0742	0.0381	0.0361	0.0000	0.0000	0.0000	0.0000	0.0000	0.0000	0.0000	0.0000	0.0000	0.0174	0.0141	0.0242	0.0249	0.0263	0.0085	0.0126	0.0002	0.0257	
20	64	0.0881	5	1	2	1	0	0	0	0	0	N	Y	N	N	N	N	N	N	N	N	N	N	0.0000	0.0000	0.0000	0.0000	0.0000	0.0000	0.0000	0.0000	0.0000	0.0000	0.0000	0.0000	0.0000	0.0000	0.0000	0.0000	0.0000	0.0005	0.0000	0.0018	0.0000	0.0000	0.0002	0.0010	0.0000	0.0021	96.5626	0.0000	0.0000	0.0000	1.0029	3.0021	8.4685	0.0000	0.0000	0.0000	0.0000	0.0000	0.0000	0.0000	0.0000	0.0000	0.0000	0.0000	0.0000	0.0000	0.0000	0.0000	0.0000	0.0000	0.0000	0.0000	0.0000	0.0000	0.0000	0.0000	0.0000	0.0000	0.0000	0.0000	0.0395	0.0282	0.0113	0.0196	0.0175	0.0021	0.0199	0.0108	0.0091	0.0000	0.0000	0.0000	0.0000	0.0000	0.0000	0.0000	0.0000	0.0000	0.0005	0.0000	0.0018	0.0000	0.0000	0.0002	0.0010	0.0000	0.0021		
20	65	0.0668	4	0	2	0	0	0	0	0	0	N	Y	N	N	N	N	N	N	N	N	N	N	0.0000	0.0000	0.0000	0.0000	0.0000	0.0000	0.0000	0.0000	0.0000	0.0000	0.0000	0.0000	0.0000	0.0000	0.0000	0.0000	0.0000	0.0000	0.0000	0.0000	0.0001	0.0000	0.0000	0.0000	0.0000	0.0000	0.0001	1.4835	0.0000	0.0000	0.0000	0.7961	3.0021	8.5878	0.0000	0.0000	0.0000	0.0000	0.0000	0.0000	0.0000	0.0000	0.0000	0.0000	0.0000	0.0000	0.0000	0.0000	0.0000	0.0000	0.0000	0.0000	0.0000	0.0000	0.0000	0.0000	0.0000	0.0000	0.0000	0.0000	0.0000	0.0312	0.0203	0.0108	0.0125	0.0109	0.0015	0.0187	0.0094	0.0093	0.0000	0.0000	0.0000	0.0000	0.0000	0.0000	0.0000	0.0000	0.0000	0.0000	0.0000	0.0001	0.0000	0.0000	0.0000	0.0000	0.0000	0.0001	
20	66	0.4172	9	0	2	0	0	0	0	0	0	N	Y	N	N	N	N	N	N	N	N	N	N	0.0000	0.0000	0.0000	0.0000	0.0000	0.0000	0.0000	0.0000	0.0000	0.0000	0.0000	0.0000	0.0000	0.0000	0.0000	0.0000	0.0000	0.0025	0.0032	0.0014	0.0084	0.0080	0.0121	0.0001	0.0000	0.0003	0.2530	0.0000	-0.0000	0.0000	1.0110	3.0021	12.5479	0.0000	0.0000	0.0000	0.0000	0.0000	0.0000	0.0000	0.0000	0.0000	0.0001	0.0001	0.0000	0.0001	0.0001	0.0000	0.0000	0.0000	0.0000	0.0000	0.0000	0.0000	0.0000	0.0000	0.0000	0.0000	0.0000	0.0000	0.0439	0.0277	0.0161	0.0124	0.0110	0.0014	0.0314	0.0167	0.0147	0.0000	0.0000	0.0000	0.0000	0.0000	0.0000	0.0000	0.0000	0.0000	0.0025	0.0032	0.0014	0.0084	0.0080	0.0121	0.0001	0.0000	0.0003		
20	67	0.4108	8	0	1	0	0	0	0	0	0	N	N	N	N	N	N	N	N	N	N	N	N	0.0000	0.0000	0.0000	0.0000	0.0000	0.0000	0.0000	0.0000	0.0000	0.0000	0.0000	0.0000	0.0000	0.0000	0.0000	0.0000	0.0000	0.0000	0.0217	0.0233	0.0183	0.0467	0.0419	0.1307	0.0051	0.0000	0.0102	0.3775	0.0000	-0.0001	0.0000	0.9784	3.0021	1.5217	0.0000	0.0000	0.0000	0.0000	0.0000	0.0000	0.0000	0.0000	0.0000	0.0004	0.0003	0.0001	0.0004	0.0003	0.0001	0.0001	0.0000	0.0001	0.0000	0.0000	0.0000	0.0000	0.0000	0.0000	0.0000	0.0000	0.0000	0.0189	0.0127	0.0061	0.0075	0.0071	0.0004	0.0114	0.0056	0.0057	0.0000	0.0000	0.0000	0.0000	0.0000	0.0000	0.0000	0.0000	0.0000	0.0217	0.0233	0.0183	0.0467	0.0419	0.1307	0.0051	0.0000	0.0102	
20	68	0.3805	7	0	1	0	0	0	0	0	0	N	N	N	N	N	N	N	N	N	N	N	N	0.0000	0.0000	0.0000	0.0000	0.0000	0.0000	0.0000	0.0000	0.0000	0.0000	0.0000	0.0000	0.0000	0.0000	0.0000	0.0000	0.0000	0.0000	0.3220	0.4762	0.0149	0.7738	0.8769	0.0293	0.0181	0.0232	0.0125	0.0158	0.0000	-0.0081	0.0000	1.0531	3.0021	9.0748	0.0000	0.0000	0.0000	0.0000	0.0000	0.0000	0.0000	0.0000	0.0000	0.0160	0.0157	0.0002	0.0155	0.0154	0.0001	0.0005	0.0004	0.0002	0.0000	0.0000	0.0000	0.0000	0.0000	0.0000	0.0000	0.0000	0.0000	0.0497	0.0331	0.0166	0.0200	0.0175	0.0024	0.0297	0.0155	0.0142	0.0000	0.0000	0.0000	0.0000	0.0000	0.0000	0.0000	0.0000	0.0000	0.3220	0.4762	0.0149	0.7738	0.8769	0.0293	0.0181	0.0232	0.0125	
20	69	0.0668	4	1	1	1	0	0	0	0	0	N	N	N	N	N	N	N	N	N	N	N	N	0.0000	0.0000	0.0000	0.0000	0.0000	0.0000	0.0000	0.0000	0.0000	0.0000	0.0000	0.0000	0.0000	0.0000	0.0000	0.0000	0.0000	0.0000	0.0000	0.0000	0.0000	0.0000	3.0021	4.9600	0.0000	0.0000	0.0000	0.0000	0.0000	0.0000	0.0000	0.0000	0.0000	0.0000	0.0000	0.0000	0.0000	0.0000	0.0000	0.0000	0.0000	0.0000	0.0000	0.0000	0.0000	0.0000	0.0000	0.0000	0.0000	0.0000	0.0000	0.0196	0.0128	0.0068	0.0080	0.0071	0.0009	0.0116	0.0057	0.0058	0.0000	0.0000	0.0000	0.0000	0.0000	0.0000	0.0000	0.0000	0.0000	0.0000	0.0000	0.0000	0.0000	0.0000	0.0000	0.0000	0.0000	0.0000											
20	71	0.0239	2	0	1	1	0	0	0	0	0	N	N	N	N	N	N	N	N	N	N	N	N	0.0000	0.0000	0.0000	0.0000	0.0000	0.0000	0.0000	0.0000	0.0000	0.0000	0.0000	0.0000	0.0000	0.0000	0.0000	0.0000	0.0000	0.0109	0.0204	0.0002	0.4814	0.4831	0.0210	0.0001	0.0000	0.0002	0.0081	0.0000	-0.0000	0.0000	1.0000	3.0021	0.0055	0.0000	0.0000	0.0000	0.0000	0.0000	0.0000	0.0000	0.0000	0.0000	0.0001	0.0001	0.0000	0.0001	0.0001	0.0000	0.0000	0.0000	0.0000	0.0000	0.0000	0.0000	0.0000	0.0000	0.0000	0.0000	0.0000	0.0000	0.0059	0.0031	0.0028	0.0001	0.0001	0.0000	0.0058	0.0030	0.0028	0.0000	0.0000	0.0000	0.0000	0.0000	0.0000	0.0000	0.0000	0.0000	0.0109	0.0204	0.0002	0.4814	0.4831	0.0210	0.0001	0.0000	0.0002		
20	75	0.1052	6	0	2	0	0	0	0	0	0	N	Y	N	N	N	N	N	N	N	N	N	N	0.0000	0.0000	0.0000	0.0000	0.0000	0.0000	0.0000	0.0000	0.0000	0.0000	0.0000	0.0000	0.0000	0.0000	0.0000	0.0000	0.0000	0.0000	39.1536	64.6756	0.0012	0.1085	0.1119	0.0099	44.2769	79.3449	0.0011	0.0000	0.0000	-0.5199	0.0000	1.9994	3.0021	4.0943	0.0000	0.0000	0.0000	0.0000	0.0000	0.0000	0.0000	0.0000	0.0000	0.9978	0.9978	0.0000	0.0003	0.0003	0.0000	0.9975	0.9975	0.0000	0.0000	0.0000	0.0000	0.0000	0.0000	0.0000	0.0000	0.0000	0.0000	0.0255	0.0154	0.0101	0.0030	0.0029	0.0001	0.0225	0.0126	0.0100	0.0000	0.0000	0.0000	0.0000	0.0000	0.0000	0.0000	0.0000	0.0000	39.1536	64.6756	0.0012	0.1085	0.1119	0.0099	44.2769	79.3449	0.0011	
20	76	0.0989	5	0	1	0	0	0	0	0	0	N	N	N	N	N	N	N	N	N	N	N	N	0.0000	0.0000	0.0000	0.0000	0.0000	0.0000	0.0000	0.0000	0.0000	0.0000	0.0000	0.0000	0.0000	0.0000	0.0000	0.0000	0.0000	0.0000	0.1528	0.2326	0.0109	0.0345	0.0340	0.0768	0.1868	0.3369	0.0104	0.0264	0.0000	-0.0012	0.0000	0.0011	3.0021	2.7207	0.0000	0.0000	0.0000	0.0000	0.0000	0.0000	0.0000	0.0000	0.0000	0.0025	0.0024	0.0001	0.0001	0.0001	0.0000	0.0024	0.0023	0.0001	0.0000	0.0000	0.0000	0.0000	0.0000	0.0000	0.0000	0.0000	0.0000	0.0163	0.0105	0.0059	0.0036	0.0036	0.0000	0.0127	0.0069	0.0058	0.0000	0.0000	0.0000	0.0000	0.0000	0.0000	0.0000	0.0000	0.0000	0.1528	0.2326	0.0109	0.0345	0.0340	0.0768	0.1868	0.3369	0.0104	
20	77	0.0668	4	0	1	0	0	0	0	0	0	N	N	N	N	N	N	N	N	N	N	N	N	0.0000	0.0000	0.0000	0.0000	0.0000	0.0000	0.0000	0.0000	0.0000	0.0000	0.0000	0.0000	0.0000	0.0000	0.0000	0.0000	0.0000	0.0000	0.3339	0.0055	0.9489	0.0123	0.0016	0.0864	0.5464	0.0101	1.0940	91.5908	0.0000	0.0057	0.0000	0.0001	3.0021	10.0074	0.0000	0.0000	0.0000	0.0000	0.0000	0.0000	0.0000	0.0000	0.0000	0.0122	0.0001	0.0120	0.0002	0.0000	0.0002	0.0120	0.0001	0.0119	0.0000	0.0000	0.0000	0.0000	0.0000	0.0000	0.0000	0.0000	0.0000	0.0364	0.0238	0.0127	0.0145	0.0127	0.0018	0.0219	0.0111	0.0109	0.0000	0.0000	0.0000	0.0000	0.0000	0.0000	0.0000	0.0000	0.0000	0.3339	0.0055	0.9489	0.0123	0.0016	0.0864	0.5464	0.0101	1.0940	
20	78	0.0870	5	1	1	1	0	0	0	0	0	N	N	N	N	N	N	N	N	N	N	N	N	0.0000	0.0000	0.0000	0.0000	0.0000	0.0000	0.0000	0.0000	0.0000	0.0000	0.0000	0.0000	0.0000	0.0000	0.0000	0.0000	0.0000	0.0000	0.0000	0.0000	0.0000	0.0000	0.0000	0.0000	-0.0000	0.0000	1.6246	3.0021	0.0115	0.0000	0.0000	0.0000	0.0000	0.0000	0.0000	0.0000	0.0000	0.0000	0.0000	0.0000	0.0000	0.0000	0.0000	0.0000	0.0000	0.0000	0.0000	0.0000	0.0000	0.0000	0.0000	0.0000	0.0000	0.0000	0.0000	0.0000	0.0062	0.0042	0.0020	0.0027	0.0024	0.0003	0.0035	0.0018	0.0017	0.0000	0.0000	0.0000	0.0000	0.0000	0.0000	0.0000	0.0000	0.0000	0.0000	0.0000	0.0000	0.0000	0.0000	0.0000	0.0000	0.0000	0.0000						
20	79	0.0668	4	1	1	1	0	0	0	0	0	N	N	N	N	N	N	N	N	N	N	N	N	0.0000	0.0000	0.0000	0.0000	0.0000	0.0000	0.0000	0.0000	0.0000	0.0000	0.0000	0.0000	0.0000	0.0000	0.0000	0.0000	0.0000	0.0000	0.0000	0.0000	0.0000	0.0000	inf	0.0000	0.0000	0.0000	8.1927	3.0021	3.9952	0.0000	0.0000	0.0000	0.0000	0.0000	0.0000	0.0000	0.0000	0.0000	0.0000	0.0000	0.0000	0.0000	0.0000	0.0000	0.0000	0.0000	0.0000	0.0000	0.0000	0.0000	0.0000	0.0000	0.0000	0.0000	0.0000	0.0000	0.0431	0.0280	0.0150	0.0170	0.0148	0.0022	0.0261	0.0132	0.0129	0.0000	0.0000	0.0000	0.0000	0.0000	0.0000	0.0000	0.0000	0.0000	0.0000	0.0000	0.0000	0.0000	0.0000	0.0000	0.0000	0.0000	0.0000						
20	80	0.0668	4	0	2	0	1	0	0	0	0	N	Y	N	N	N	N	N	N	N	N	N	N	0.0000	0.0000	0.0000	0.0000	0.0000	0.0000	0.0000	0.0000	0.0000	0.0000	0.0000	0.0000	0.0000	0.0000	0.0000	0.0000	0.0000	0.0000	33.7146	52.0916	0.0706	0.0122	0.0081	0.0388	54.8655	107.5429	0.0761	0.0007	0.0000	-1.0412	0.0000	0.7962	3.0021	19.0091	0.0000	0.0000	0.0000	0.0000	0.0000	0.0000	0.0000	0.0000	0.0000	2.0010	1.9995	0.0015	0.0003	0.0002	0.0001	2.0007	1.9993	0.0014	0.0000	0.0000	0.0000	0.0000	0.0000	0.0000	0.0000	0.0000	0.0000	0.0593	0.0384	0.0210	0.0229	0.0198	0.0031	0.0365	0.0186	0.0179	0.0000	0.0000	0.0000	0.0000	0.0000	0.0000	0.0000	0.0000	0.0000	33.7146	52.0916	0.0706	0.0122	0.0081	0.0388	54.8655	107.5429	0.0761	
20	81	0.0668	4	0	2	0	0	0	0	0	0	N	Y	N	N	N	N	N	N	N	N	N	N	0.0000	0.0000	0.0000	0.0000	0.0000	0.0000	0.0000	0.0000	0.0000	0.0000	0.0000	0.0000	0.0000	0.0000	0.0000	0.0000	0.0000	0.0404	0.0257	0.0667	0.0481	0.0510	0.0305	0.0357	0.0000	0.0730	1.4390	0.0000	0.0002	0.0000	0.7962	3.0021	25.3140	0.0000	0.0000	0.0000	0.0000	0.0000	0.0000	0.0000	0.0000	0.0000	0.0030	0.0012	0.0018	0.0014	0.0012	0.0001	0.0016	0.0000	0.0016	0.0000	0.0000	0.0000	0.0000	0.0000	0.0000	0.0000	0.0000	0.0000	0.0743	0.0478	0.0265	0.0281	0.0241	0.0039	0.0463	0.0237	0.0226	0.0000	0.0000	0.0000	0.0000	0.0000	0.0000	0.0000	0.0000	0.0000	0.0404	0.0257	0.0667	0.0481	0.0510	0.0305	0.0357	0.0000	0.0730		
20	82	0.0668	4	0	2	0	0	0	0	0	0	N	Y	N	N	N	N	N	N	N	N	N	N	0.0000	0.0000	0.0000	0.0000	0.0000	0.0000	0.0000	0.0000	0.0000	0.0000	0.0000	0.0000	0.0000	0.0000	0.0000	0.0000	0.0000	0.0223	0.0004	0.0615	0.0047	0.0008	0.0281	0.0328	0.0000	0.0673	88.5000	0.0000	0.0008	0.0000	1.7961	3.0021	27.0091	0.0000	0.0000	0.0000	0.0000	0.0000	0.0000	0.0000	0.0000	0.0000	0.0018	0.0000	0.0018	0.0001	0.0000	0.0001	0.0016	0.0000	0.0016	0.0000	0.0000	0.0000	0.0000	0.0000	0.0000	0.0000	0.0000	0.0000	0.0803	0.0515	0.0288	0.0300	0.0258	0.0043	0.0503	0.0257	0.0245	0.0000	0.0000	0.0000	0.0000	0.0000	0.0000	0.0000	0.0000	0.0000	0.0223	0.0004	0.0615	0.0047	0.0008	0.0281	0.0328	0.0000	0.0673		
20	83	0.1344	5	0	1	0	0	0	0	0	0	N	N	N	N	N	N	N	N	N	N	N	N	0.0000	0.0000	0.0000	0.0000	0.0000	0.0000	0.0000	0.0000	0.0000	0.0000	0.0000	0.0000	0.0000	0.0000	0.0000	0.0000	0.0000	0.0000	0.0151	0.0076	0.0288	0.0151	0.0159	0.0078	0.0151	0.0002	0.0308	2.0889	0.0000	0.0004	0.0000	10.0679	3.0021	33.8159	0.0000	0.0000	0.0000	0.0000	0.0000	0.0000	0.0000	0.0000	0.0000	0.0023	0.0007	0.0016	0.0008	0.0007	0.0000	0.0015	0.0000	0.0015	0.0000	0.0000	0.0000	0.0000	0.0000	0.0000	0.0000	0.0000	0.0000	0.1519	0.0980	0.0539	0.0511	0.0463	0.0048	0.1008	0.0517	0.0491	0.0000	0.0000	0.0000	0.0000	0.0000	0.0000	0.0000	0.0000	0.0000	0.0151	0.0076	0.0288	0.0151	0.0159	0.0078	0.0151	0.0002	0.0308	
20	84	0.1068	4	0	1	0	0	0	0	0	0	N	N	N	N	N	N	N	N	N	N	N	N	0.0000	0.0000	0.0000	0.0000	0.0000	0.0000	0.0000	0.0000	0.0000	0.0000	0.0000	0.0000	0.0000	0.0000	0.0000	0.0000	0.0000	0.0000	0.1443	0.0535	0.3489	0.0835	0.0849	0.0593	0.1851	0.0151	0.3702	2.8993	0.0000	0.0038	0.0000	0.9441	3.0021	14.0836	0.0000	0.0000	0.0000	0.0000	0.0000	0.0000	0.0000	0.0000	0.0000	0.0172	0.0044	0.0128	0.0040	0.0039	0.0001	0.0132	0.0006	0.0126	0.0000	0.0000	0.0000	0.0000	0.0000	0.0000	0.0000	0.0000	0.0000	0.1192	0.0826	0.0367	0.0479	0.0454	0.0025	0.0713	0.0372	0.0342	0.0000	0.0000	0.0000	0.0000	0.0000	0.0000	0.0000	0.0000	0.0000	0.1443	0.0535	0.3489	0.0835	0.0849	0.0593	0.1851	0.0151	0.3702	
20	85	0.3891	7	0	1	0	0	0	0	0	0	N	N	N	N	N	N	N	N	N	N	N	N	0.0000	0.0000	0.0000	0.0000	0.0000	0.0000	0.0000	0.0000	0.0000	0.0000	0.0000	0.0000	0.0000	0.0000	0.0000	0.0000	0.0000	0.0000	0.0076	0.0087	0.0054	0.0113	0.0127	0.0008	0.0045	0.0025	0.0062	0.3324	0.0000	-0.0002	0.0000	15.0008	3.0021	28.2980	0.0000	0.0000	0.0000	0.0000	0.0000	0.0000	0.0000	0.0000	0.0000	0.0007	0.0005	0.0002	0.0005	0.0004	0.0000	0.0002	0.0001	0.0002	0.0000	0.0000	0.0000	0.0000	0.0000	0.0000	0.0000	0.0000	0.0000	0.0890	0.0580	0.0311	0.0399	0.0352	0.0047	0.0491	0.0228	0.0264	0.0000	0.0000	0.0000	0.0000	0.0000	0.0000	0.0000	0.0000	0.0000	0.0076	0.0087	0.0054	0.0113	0.0127	0.0008	0.0045	0.0025	0.0062	
20	86	0.3891	7	0	1	0	0	0	0	0	0	N	N	N	N	N	N	N	N	N	N	N	N	0.0000	0.0000	0.0000	0.0000	0.0000	0.0000	0.0000	0.0000	0.0000	0.0000	0.0000	0.0000	0.0000	0.0000	0.0000	0.0000	0.0000	0.0000	0.0111	0.0092	0.0151	0.0127	0.0126	0.0130	0.0096	0.0030	0.0156	0.7934	0.0000	-0.0001	0.0000	10.8154	3.0021	27.4443	0.0000	0.0000	0.0000	0.0000	0.0000	0.0000	0.0000	0.0000	0.0000	0.0009	0.0005	0.0004	0.0005	0.0004	0.0001	0.0004	0.0001	0.0003	0.0000	0.0000	0.0000	0.0000	0.0000	0.0000	0.0000	0.0000	0.0000	0.0812	0.0548	0.0263	0.0396	0.0352	0.0044	0.0416	0.0196	0.0219	0.0000	0.0000	0.0000	0.0000	0.0000	0.0000	0.0000	0.0000	0.0000	0.0111	0.0092	0.0151	0.0127	0.0126	0.0130	0.0096	0.0030	0.0156	
20	87	0.3413	6	0	1	0	0	0	0	0	0	N	N	N	N	N	N	N	N	N	N	N	N	0.0000	0.0000	0.0000	0.0000	0.0000	0.0000	0.0000	0.0000	0.0000	0.0000	0.0000	0.0000	0.0000	0.0000	0.0000	0.0000	0.0000	0.0000	0.0077	0.0062	0.0115	0.0090	0.0085	0.0127	0.0062	0.0014	0.0112	0.7416	0.0000	-0.0002	0.0000	2.7608	3.0021	22.4044	0.0000	0.0000	0.0000	0.0000	0.0000	0.0000	0.0000	0.0000	0.0000	0.0017	0.0010	0.0007	0.0011	0.0009	0.0002	0.0006	0.0001	0.0005	0.0000	0.0000	0.0000	0.0000	0.0000	0.0000	0.0000	0.0000	0.0000	0.2153	0.1538	0.0615	0.1189	0.1051	0.0138	0.0965	0.0487	0.0477	0.0000	0.0000	0.0000	0.0000	0.0000	0.0000	0.0000	0.0000	0.0000	0.0077	0.0062	0.0115	0.0090	0.0085	0.0127	0.0062	0.0014	0.0112	
20	88	0.2114	5	0	1	0	0	0	0	0	0	N	N	N	N	N	N	N	N	N	N	N	N	0.0000	0.0000	0.0000	0.0000	0.0000	0.0000	0.0000	0.0000	0.0000	0.0000	0.0000	0.0000	0.0000	0.0000	0.0000	0.0000	0.0000	0.0000	1.5076	2.1864	0.0926	2.0398	2.2929	0.0291	1.1014	2.0460	0.1037	0.0203	0.0000	-0.1518	0.0000	8.8820	3.0021	49.9570	0.0000	0.0000	0.0000	0.0000	0.0000	0.0000	0.0000	0.0000	0.0000	0.3030	0.2969	0.0060	0.1774	0.1772	0.0003	0.1255	0.1198	0.0057	0.0000	0.0000	0.0000	0.0000	0.0000	0.0000	0.0000	0.0000	0.0000	0.2010	0.1358	0.0652	0.0870	0.0773	0.0097	0.1140	0.0585	0.0554	0.0000	0.0000	0.0000	0.0000	0.0000	0.0000	0.0000	0.0000	0.0000	1.5076	2.1864	0.0926	2.0398	2.2929	0.0291	1.1014	2.0460	0.1037	
20	89	0.0668	4	1	2	0	1	0	0	0	0	N	Y	N	N	N	N	N	N	N	N	N	N	0.0000	0.0000	0.0000	0.0000	0.0000	0.0000	0.0000	0.0000	0.0000	0.0000	0.0000	0.0000	0.0000	0.0000	0.0000	0.0000	0.0000	0.0000	0.0000	0.0000	0.0000	0.7962	3.0021	16.9291	0.0000	0.0000	0.0000	0.0000	0.0000	0.0000	0.0000	0.0000	0.0000	0.0000	0.0000	0.0000	0.0000	0.0000	0.0000	0.0000	0.0000	0.0000	0.0000	0.0000	0.0000	0.0000	0.0000	0.0000	0.0000	0.0000	0.0000	0.0541	0.0350	0.0190	0.0210	0.0182	0.0028	0.0331	0.0168	0.0162	0.0000	0.0000	0.0000	0.0000	0.0000	0.0000	0.0000	0.0000	0.0000	0.0000	0.0000	0.0000	0.0000	0.0000	0.0000	0.0000	0.0000	0.0000											
20	90	0.1388	9	0	2	0	1	0	0	0	0	N	Y	N	N	N	N	N	N	N	N	N	N	0.0000	0.0000	0.0000	0.0000	0.0000	0.0000	0.0000	0.0000	0.0000	0.0000	0.0000	0.0000	0.0000	0.0000	0.0000	0.0000	0.0000	0.0000	0.0000	0.0000	0.0000	0.0000	3.0021	0.0000	0.0000	0.0000	0.0000	0.0000	0.0000	0.0000	0.0000	0.0000	0.0000	0.0000	0.0000	0.0000	0.0000	0.0000	0.0000	0.0000	0.0000	0.0000	0.0000	0.0000	0.0000	0.0000	0.0000	0.0000	0.0000	0.0000	0.0000	0.0000	0.0000	0.0000	0.0000	0.0000	0.0000	0.0000	0.0000	0.0000	0.0000	0.0000	0.0000	0.0000	0.0000	0.0000	0.0000	0.0000	0.0000	0.0000	0.0000	0.0000	0.0000	0.0000	0.0000	0.0000	0.0000	0.0000											
20	91	0.1281	8	0	2	0	1	0	0	0	0	N	Y	N	N	N	N	N	N	N	N	N	N	0.0000	0.0000	0.0000	0.0000	0.0000	0.0000	0.0000	0.0000	0.0000	0.0000	0.0000	0.0000	0.0000	0.0000	0.0000	0.0000	0.0000	0.0000	0.0000	0.0000	0.0000	1.0000	3.0021	3.0000	0.0000	0.0000	0.0000	0.0000	0.0000	0.0000	0.0000	0.0000	0.0000	0.0000	0.0000	0.0000	0.0000	0.0000	0.0000	0.0000	0.0000	0.0000	0.0000	0.0000	0.0000	0.0000	0.0000	0.0000	0.0000	0.0000	0.0000	0.0141	0.0099	0.0041	0.0069	0.0060	0.0009	0.0071	0.0039	0.0032	0.0000	0.0000	0.0000	0.0000	0.0000	0.0000	0.0000	0.0000	0.0000	0.0000	0.0000	0.0000	0.0000	0.0000	0.0000	0.0000	0.0000	0.0000											
20	92	0.1216	6	0	2	0	0	0	0	0	0	N	Y	N	N	N	N	N	N	N	N	N	N	0.0000	0.0000	0.0000	0.0000	0.0000	0.0000	0.0000	0.0000	0.0000	0.0000	0.0000	0.0000	0.0000	0.0000	0.0000	0.0000	0.0000	0.0000	0.0000	0.0000	0.0000	0.0000	3.0021	0.0000	0.0000	0.0000	0.0000	0.0000	0.0000	0.0000	0.0000	0.0000	0.0000	0.0000	0.0000	0.0000	0.0000	0.0000	0.0000	0.0000	0.0000	0.0000	0.0000	0.0000	0.0000	0.0000	0.0000	0.0000	0.0000	0.0000	0.0000	0.0000	0.0000	0.0000	0.0000	0.0000	0.0000	0.0000	0.0000	0.0000	0.0000	0.0000	0.0000	0.0000	0.0000	0.0000	0.0000	0.0000	0.0000	0.0000	0.0000	0.0000	0.0000	0.0000	0.0000	0.0000	0.0000	0.0000											
20	93	0.1281	8	0	1	1	1	0	0	0	0	N	N	N	N	N	N	N	N	N	N	N	N	0.0000	0.0000	0.0000	0.0000	0.0000	0.0000	0.0000	0.0000	0.0000	0.0000	0.0000	0.0000	0.0000	0.0000	0.0000	0.0000	0.0000	0.0000	0.0000	0.0000	0.0000	0.0000	3.0021	0.0000	0.0000	0.0000	0.0000	0.0000	0.0000	0.0000	0.0000	0.0000	0.0000	0.0000	0.0000	0.0000	0.0000	0.0000	0.0000	0.0000	0.0000	0.0000	0.0000	0.0000	0.0000	0.0000	0.0000	0.0000	0.0000	0.0000	0.0000	0.0000	0.0000	0.0000	0.0000	0.0000	0.0000	0.0000	0.0000	0.0000	0.0000	0.0000	0.0000	0.0000	0.0000	0.0000	0.0000	0.0000	0.0000	0.0000	0.0000	0.0000	0.0000	0.0000	0.0000	0.0000	0.0000	0.0000											
20	94	0.1254	7	0	1	0	1	0	0	0	0	N	N	N	N	N	N	N	N	N	N	N	N	0.0000	0.0000	0.0000	0.0000	0.0000	0.0000	0.0000	0.0000	0.0000	0.0000	0.0000	0.0000	0.0000	0.0000	0.0000	0.0000	0.0000	0.0000	0.0000	0.0000	0.0000	1.0000	3.0021	0.0097	0.0000	0.0000	0.0000	0.0000	0.0000	0.0000	0.0000	0.0000	0.0000	0.0000	0.0000	0.0000	0.0000	0.0000	0.0000	0.0000	0.0000	0.0000	0.0000	0.0000	0.0000	0.0000	0.0000	0.0000	0.0000	0.0000	0.0000	0.0039	0.0027	0.0012	0.0019	0.0017	0.0002	0.0020	0.0010	0.0010	0.0000	0.0000	0.0000	0.0000	0.0000	0.0000	0.0000	0.0000	0.0000	0.0000	0.0000	0.0000	0.0000	0.0000	0.0000	0.0000	0.0000	0.0000											
20	95	0.1254	7	0	1	1	1	0	0	0	0	N	N	N	N	N	N	N	N	N	N	N	N	0.0000	0.0000	0.0000	0.0000	0.0000	0.0000	0.0000	0.0000	0.0000	0.0000	0.0000	0.0000	0.0000	0.0000	0.0000	0.0000	0.0000	0.0000	0.0000	0.0000	0.0000	2.0000	3.0021	3.0050	0.0000	0.0000	0.0000	0.0000	0.0000	0.0000	0.0000	0.0000	0.0000	0.0000	0.0000	0.0000	0.0000	0.0000	0.0000	0.0000	0.0000	0.0000	0.0000	0.0000	0.0000	0.0000	0.0000	0.0000	0.0000	0.0000	0.0000	0.0177	0.0124	0.0053	0.0087	0.0076	0.0011	0.0090	0.0048	0.0041	0.0000	0.0000	0.0000	0.0000	0.0000	0.0000	0.0000	0.0000	0.0000	0.0000	0.0000	0.0000	0.0000	0.0000	0.0000	0.0000	0.0000	0.0000											
20	96	0.1254	7	0	1	1	1	0	0	0	0	N	N	N	N	N	N	N	N	N	N	N	N	0.0000	0.0000	0.0000	0.0000	0.0000	0.0000	0.0000	0.0000	0.0000	0.0000	0.0000	0.0000	0.0000	0.0000	0.0000	41.4014	0.0000	258.7168	0.0008	0.0000	0.0065	80.9886	0.0000	269.1179	inf	0.0000	0.4787	0.0000	0.0000	3.0021	6.9903	0.0000	0.0000	0.0000	0.0000	0.0000	0.0000	0.0000	0.0000	0.0000	0.9995	0.0000	0.9995	0.0000	0.0000	0.0000	0.9995	0.0000	0.9995	0.0000	0.0000	0.0000	0.0000	0.0000	0.0000	0.0000	0.0000	0.0000	0.0241	0.0169	0.0072	0.0118	0.0103	0.0015	0.0123	0.0067	0.0057	0.0000	0.0000	0.0000	0.0000	0.0000	0.0000	0.0000	0.0000	0.0000	41.4014	0.0000	138.5911	0.0008	0.0000	0.0065	80.9886	0.0000	176.1756				
20	97	0.1199	6	0	1	0	1	0	0	0	0	N	N	N	N	N	N	N	N	N	N	N	N	0.0000	0.0000	0.0000	0.0000	0.0000	0.0000	0.0000	0.0000	0.0000	0.0000	0.0000	0.0000	0.0000	0.0000	0.0000	0.0000	0.0000	0.0000	0.0000	0.0000	0.0000	0.9999	3.0021	1.0605	0.0000	0.0000	0.0000	0.0000	0.0000	0.0000	0.0000	0.0000	0.0000	0.0000	0.0000	0.0000	0.0000	0.0000	0.0000	0.0000	0.0000	0.0000	0.0000	0.0000	0.0000	0.0000	0.0000	0.0000	0.0000	0.0000	0.0000	0.0083	0.0060	0.0023	0.0041	0.0036	0.0005	0.0043	0.0024	0.0019	0.0000	0.0000	0.0000	0.0000	0.0000	0.0000	0.0000	0.0000	0.0000	0.0000	0.0000	0.0000	0.0000	0.0000	0.0000	0.0000	0.0000	0.0000											
20	98	0.1178	5	0	1	0	1	0	0	0	0	N	N	N	N	N	N	N	N	N	N	N	N	0.0000	0.0000	0.0000	0.0000	0.0000	0.0000	0.0000	0.0000	0.0000	0.0000	0.0000	0.0000	0.0000	0.0000	0.0000	0.0000	0.0000	0.0000	0.0000	0.0000	0.0000	0.0000	0.0102	0.0000	-0.0000	0.0000	0.0012	3.0021	1.0414	0.0000	0.0000	0.0000	0.0000	0.0000	0.0000	0.0000	0.0000	0.0000	0.0000	0.0000	0.0000	0.0000	0.0000	0.0000	0.0000	0.0000	0.0000	0.0000	0.0000	0.0000	0.0000	0.0000	0.0000	0.0000	0.0000	0.0000	0.0049	0.0036	0.0013	0.0024	0.0021	0.0002	0.0025	0.0014	0.0011	0.0000	0.0000	0.0000	0.0000	0.0000	0.0000	0.0000	0.0000	0.0000	0.0000	0.0000	0.0000	0.0000	0.0000	0.0000	0.0000	0.0000	0.0000						
20	99	0.0668	4	1	2	0	0	0	0	0	0	N	Y	N	N	N	N	N	N	N	N	N	N	0.0000	0.0000	0.0000	0.0000	0.0000	0.0000	0.0000	0.0000	0.0000	0.0000	0.0000	0.0000	0.0000	0.0000	0.0000	0.0000	0.0000	0.0000	0.0000	0.0000	0.0000	3.2042	3.0021	9.0918	0.0000	0.0000	0.0000	0.0000	0.0000	0.0000	0.0000	0.0000	0.0000	0.0000	0.0000	0.0000	0.0000	0.0000	0.0000	0.0000	0.0000	0.0000	0.0000	0.0000	0.0000	0.0000	0.0000	0.0000	0.0000	0.0000	0.0000	0.0436	0.0284	0.0152	0.0172	0.0150	0.0022	0.0264	0.0134	0.0130	0.0000	0.0000	0.0000	0.0000	0.0000	0.0000	0.0000	0.0000	0.0000	0.0000	0.0000	0.0000	0.0000	0.0000	0.0000	0.0000	0.0000	0.0000											
20	100	0.0668	4	0	2	0	0	0	0	0	0	N	Y	N	N	N	N	N	N	N	N	N	N	0.0000	0.0000	0.0000	0.0000	0.0000	0.0000	0.0000	0.0000	0.0000	0.0000	0.0000	0.0000	0.0000	0.0000	0.0000	0.2726	0.0000	0.7823	0.0027	0.0000	0.0210	0.4502	0.0000	0.9108	inf	0.0000	0.0049	0.0000	0.7962	3.0021	10.9291	0.0000	0.0000	0.0000	0.0000	0.0000	0.0000	0.0000	0.0000	0.0000	0.0103	0.0000	0.0103	0.0000	0.0000	0.0000	0.0103	0.0000	0.0103	0.0000	0.0000	0.0000	0.0000	0.0000	0.0000	0.0000	0.0000	0.0000	0.0379	0.0247	0.0132	0.0150	0.0131	0.0019	0.0229	0.0116	0.0113	0.0000	0.0000	0.0000	0.0000	0.0000	0.0000	0.0000	0.0000	0.0000	0.2726	0.0000	0.7823	0.0027	0.0000	0.0210	0.4502	0.0000	0.9108				
20	101	0.1247	7	1	2	0	0	0	0	0	0	N	Y	N	N	N	N	N	N	N	N	N	N	0.0000	0.0000	0.0000	0.0000	0.0000	0.0000	0.0000	0.0000	0.0000	0.0000	0.0000	0.0000	0.0000	0.0000	0.0000	0.0000	0.0000	0.0000	0.0000	0.0000	0.0000	0.0000	3.0021	3.0000	0.0000	0.0000	0.0000	0.0000	0.0000	0.0000	0.0000	0.0000	0.0000	0.0000	0.0000	0.0000	0.0000	0.0000	0.0000	0.0000	0.0000	0.0000	0.0000	0.0000	0.0000	0.0000	0.0000	0.0000	0.0000	0.0000	0.0000	0.0105	0.0074	0.0031	0.0051	0.0045	0.0007	0.0054	0.0029	0.0024	0.0000	0.0000	0.0000	0.0000	0.0000	0.0000	0.0000	0.0000	0.0000	0.0000	0.0000	0.0000	0.0000	0.0000	0.0000	0.0000	0.0000	0.0000											
20	102	0.1216	6	1	2	0	0	0	0	0	0	N	Y	N	N	N	N	N	N	N	N	N	N	0.0000	0.0000	0.0000	0.0000	0.0000	0.0000	0.0000	0.0000	0.0000	0.0000	0.0000	0.0000	0.0000	0.0000	0.0000	0.0000	0.0000	0.0000	0.0000	0.0000	0.0000	0.0000	3.0021	1.0000	0.0000	0.0000	0.0000	0.0000	0.0000	0.0000	0.0000	0.0000	0.0000	0.0000	0.0000	0.0000	0.0000	0.0000	0.0000	0.0000	0.0000	0.0000	0.0000	0.0000	0.0000	0.0000	0.0000	0.0000	0.0000	0.0000	0.0000	0.0036	0.0026	0.0011	0.0018	0.0015	0.0002	0.0019	0.0010	0.0008	0.0000	0.0000	0.0000	0.0000	0.0000	0.0000	0.0000	0.0000	0.0000	0.0000	0.0000	0.0000	0.0000	0.0000	0.0000	0.0000	0.0000	0.0000											
20	103	0.1178	5	0	2	0	0	0	0	0	0	N	Y	N	N	N	N	N	N	N	N	N	N	0.0000	0.0000	0.0000	0.0000	0.0000	0.0000	0.0000	0.0000	0.0000	0.0000	0.0000	0.0000	0.0000	0.0000	0.0000	0.0000	0.0000	0.0000	0.0000	0.0000	0.0000	0.0000	0.0102	0.0000	-0.0000	0.0000	0.0006	3.0021	1.0534	0.0000	0.0000	0.0000	0.0000	0.0000	0.0000	0.0000	0.0000	0.0000	0.0000	0.0000	0.0000	0.0000	0.0000	0.0000	0.0000	0.0000	0.0000	0.0000	0.0000	0.0000	0.0000	0.0000	0.0000	0.0000	0.0000	0.0000	0.0049	0.0036	0.0013	0.0024	0.0022	0.0002	0.0025	0.0014	0.0011	0.0000	0.0000	0.0000	0.0000	0.0000	0.0000	0.0000	0.0000	0.0000	0.0000	0.0000	0.0000	0.0000	0.0000	0.0000	0.0000	0.0000	0.0000						
20	104	0.0668	4	0	1	0	0	0	0	0	0	N	N	N	N	N	N	N	N	N	N	N	N	0.0000	0.0000	0.0000	0.0000	0.0000	0.0000	0.0000	0.0000	0.0000	0.0000	0.0000	0.0000	0.0000	0.0000	0.0000	0.0000	0.0000	0.0000	0.0000	0.0000	0.0000	0.0000	inf	0.0000	0.0000	0.0000	7.2034	3.0021	9.9858	0.0000	0.0000	0.0000	0.0000	0.0000	0.0000	0.0000	0.0000	0.0000	0.0000	0.0000	0.0000	0.0000	0.0000	0.0000	0.0000	0.0000	0.0000	0.0000	0.0000	0.0000	0.0000	0.0000	0.0000	0.0000	0.0000	0.0000	0.0577	0.0373	0.0204	0.0223	0.0193	0.0030	0.0354	0.0180	0.0174	0.0000	0.0000	0.0000	0.0000	0.0000	0.0000	0.0000	0.0000	0.0000	0.0000	0.0000	0.0000	0.0000	0.0000	0.0000	0.0000	0.0000	0.0000						
20	105	0.0455	3	0	1	0	0	0	0	0	0	N	N	N	N	N	N	N	N	N	N	N	N	0.0000	0.0000	0.0000	0.0000	0.0000	0.0000	0.0000	0.0000	0.0000	0.0000	0.0000	0.0000	0.0000	0.0000	0.0000	0.0000	0.0000	0.0000	0.2657	0.3786	0.0011	0.6769	0.6969	0.0126	0.0003	0.0000	0.0006	0.0012	0.0000	-0.0090	0.0000	0.7993	3.0021	5.3573	0.0000	0.0000	0.0000	0.0000	0.0000	0.0000	0.0000	0.0000	0.0000	0.0174	0.0174	0.0000	0.0174	0.0174	0.0000	0.0000	0.0000	0.0000	0.0000	0.0000	0.0000	0.0000	0.0000	0.0000	0.0000	0.0000	0.0000	0.0655	0.0459	0.0196	0.0257	0.0249	0.0007	0.0398	0.0210	0.0189	0.0000	0.0000	0.0000	0.0000	0.0000	0.0000	0.0000	0.0000	0.0000	0.2657	0.3786	0.0011	0.6769	0.6969	0.0126	0.0003	0.0000	0.0006	
20	109	0.2938	6	0	1	0	0	0	0	0	0	N	N	N	N	N	N	N	N	N	N	N	N	0.0000	0.0000	0.0000	0.0000	0.0000	0.0000	0.0000	0.0000	0.0000	0.0000	0.0000	0.0000	0.0000	0.0000	0.0000	0.0000	0.0000	0.0000	0.4805	0.4491	0.5477	0.0842	0.0932	0.0184	0.8149	0.9629	0.6582	0.5699	0.0000	-0.0120	0.0000	7.7801	3.0021	32.2209	0.0000	0.0000	0.0000	0.0000	0.0000	0.0000	0.0000	0.0000	0.0000	0.0759	0.0483	0.0275	0.0061	0.0059	0.0002	0.0698	0.0424	0.0274	0.0000	0.0000	0.0000	0.0000	0.0000	0.0000	0.0000	0.0000	0.0000	0.1579	0.1076	0.0503	0.0723	0.0636	0.0087	0.0856	0.0440	0.0416	0.0000	0.0000	0.0000	0.0000	0.0000	0.0000	0.0000	0.0000	0.0000	0.4805	0.4491	0.5477	0.0842	0.0932	0.0184	0.8149	0.9629	0.6582	
21	23	0.1188	3	0	2	0	0	0	0	0	0	N	Y	N	N	N	N	N	N	N	N	N	N	0.0000	0.0000	0.0000	0.0000	0.0000	0.0000	0.0000	0.0000	0.0000	0.0000	0.0000	0.0000	0.0000	0.0000	0.0000	0.0000	0.0000	0.1392	0.1409	0.1361	0.2137	0.2317	0.0542	0.0797	0.0000	0.1484	0.5049	0.0000	-0.0129	9.2038	0.0000	12.0710	4.0676	0.0000	0.0000	0.0000	0.0000	0.0000	0.0000	0.0000	0.0000	0.0000	0.0695	0.0462	0.0233	0.0474	0.0462	0.0012	0.0221	0.0000	0.0221	0.0517	0.0462	0.0055	0.0288	0.0273	0.0015	0.0230	0.0189	0.0041	0.4992	0.3278	0.1714	0.2219	0.1994	0.0225	0.2774	0.1285	0.1489	0.0000	0.0000	0.0000	0.0000	0.0000	0.0000	0.0000	0.0000	0.0000	0.1392	0.1409	0.1361	0.2137	0.2317	0.0542	0.0797	0.0000	0.1484		
21	25	0.0927	2	0	2	0	0	0	0	0	0	N	Y	N	N	N	N	N	N	N	N	N	N	0.0559	0.0000	0.2697	4.0893	0.0000	49.5167	0.0749	0.3157	0.1362	0.0000	1.3784	0.0458	0.0000	0.6989	0.1992	0.0000	1.6326	2.4364	0.0017	5.1103	0.0112	0.0110	0.0141	2.6596	0.0000	5.1711	inf	2818.6006	0.0259	0.4769	9.2038	1.0335	12.0710	7.4537	0.0286	0.0000	0.0286	0.0040	0.0000	0.0040	0.0247	0.0000	0.0247	0.9966	0.0004	0.9962	0.0004	0.0004	0.0000	0.9962	0.0000	0.9962	0.2104	0.1896	0.0208	0.0864	0.0807	0.0057	0.1240	0.1089	0.0151	0.4090	0.2141	0.1949	0.0345	0.0322	0.0023	0.3746	0.1819	0.1926	0.0559	0.0000	0.2697	4.0893	0.0000	49.5167	0.0749	0.0000	0.3157	2.4364	0.0017	5.1103	0.0112	0.0110	0.0141	2.6596	0.0000	5.1711	
21	27	0.1652	2	0	2	1	1	0	0	0	0	N	Y	N	N	N	N	N	N	N	N	N	N	0.9454	0.6371	5.2821	3445.2749	inf	11.5954	0.0005	0.0000	1.6261	2.6543	2.9295	0.0615	6.2983	6.7586	0.1592	0.0021	0.0000	0.0184	2.8077	4.5986	0.0116	0.0018	0.0000	0.0137	4.6791	10.6690	0.0113	0.0022	0.0016	-0.0926	-0.5203	9.2038	1.9923	12.0710	5.5017	0.9922	0.9900	0.0022	0.9917	0.9900	0.0017	0.0005	0.0000	0.0005	1.0016	1.0000	0.0016	0.0003	0.0000	0.0003	1.0013	1.0000	0.0014	0.3738	0.3379	0.0359	0.1575	0.1465	0.0110	0.2163	0.1914	0.0249	0.3567	0.2175	0.1393	0.1427	0.1237	0.0190	0.2140	0.0937	0.1203	0.9454	0.6371	5.2821	3445.2749	inf	11.5954	0.0005	0.0000	1.6261	2.8077	4.5986	0.0116	0.0018	0.0000	0.0137	4.6791	10.6690	0.0113
21	29	0.1325	4	1	2	0	0	0	0	0	0	N	Y	N	N	N	N	N	N	N	N	N	N	0.0000	0.0000	0.0000	0.0000	0.0000	0.0000	0.0000	0.0000	0.0000	0.0000	0.0000	0.0000	0.0000	0.0000	0.0000	0.0000	0.0000	0.0000	0.0000	0.0000	9.2038	0.0000	12.0710	0.0000	0.0000	0.0000	0.0000	0.0000	0.0000	0.0000	0.0000	0.0000	0.0000	0.0000	0.0000	0.0000	0.0000	0.0000	0.0000	0.0000	0.0000	0.0000	0.0000	0.0000	0.0000	0.0000	0.0000	0.0000	0.0000	0.0000	0.0000	0.0000	0.0000	0.0000	0.0000	0.0000	0.0000	0.0000	0.0000	0.0000	0.0000	0.0000	0.0000	0.0000	0.0000	0.0000	0.0000	0.0000	0.0000	0.0000	0.0000	0.0000	0.0000	0.0000	0.0000	0.0000	0.0000	0.0000											
21	32	0.4996	8	0	1	1	0	0	0	0	0	N	N	N	N	N	N	N	N	N	N	N	N	0.0005	0.7345	0.0000	0.2616	3.2475	0.0000	0.0000	0.0000	0.0008	0.0009	0.0000	0.0062	0.0065	0.0000	0.0000	0.0000	0.0000	1.6331	0.0013	4.9596	0.0237	0.0020	0.1530	3.1857	0.0000	6.2713	0.0000	1928.3191	-0.0000	0.4581	9.2038	2.4598	12.0710	7.4321	0.0003	0.0003	0.0000	0.0003	0.0003	0.0000	0.0000	0.0000	0.0000	0.9575	0.0005	0.9570	0.0068	0.0005	0.0063	0.9507	0.0000	0.9507	0.3504	0.3080	0.0424	0.0460	0.0437	0.0024	0.3044	0.2644	0.0401	0.5863	0.3934	0.1930	0.2879	0.2465	0.0414	0.2984	0.1468	0.1516	0.0005	0.7345	0.0000	0.2616	3.2475	0.0000	0.0000	0.0000	0.0000	1.6331	0.0013	4.9596	0.0237	0.0020	0.1530	3.1857	0.0000	6.2713	
21	33	0.4613	7	0	1	0	0	0	0	0	0	N	N	N	N	N	N	N	N	N	N	N	N	0.0075	0.0319	0.0000	0.0103	0.0122	0.0000	0.0058	0.6839	0.0000	0.0008	0.0009	0.0000	0.0006	0.0006	0.0000	0.0008	0.0010	0.0000	0.1093	0.0293	0.2680	0.0589	0.0521	0.1023	0.1461	0.0014	0.3016	0.0000	4.6258	-0.0000	0.0216	9.2038	2.7943	12.0710	8.2643	0.0003	0.0003	0.0000	0.0000	0.0000	0.0000	0.0003	0.0003	0.0000	0.0716	0.0127	0.0589	0.0162	0.0124	0.0038	0.0553	0.0003	0.0551	0.3775	0.3308	0.0468	0.0381	0.0362	0.0019	0.3394	0.2946	0.0448	0.6546	0.4350	0.2196	0.2758	0.2387	0.0371	0.3788	0.1963	0.1825	0.0075	0.0319	0.0000	0.0103	0.0122	0.0000	0.0058	0.6839	0.0000	0.1093	0.0293	0.2680	0.0589	0.0521	0.1023	0.1461	0.0014	0.3016
21	34	0.1302	2	0	2	0	0	0	0	0	0	N	Y	N	N	N	N	N	N	N	N	N	N	3.2965	204.2702	0.0000	34.6695	227.6326	0.0000	0.0000	0.0000	0.2348	0.2911	0.0000	0.4257	0.4765	0.0000	0.0000	0.0000	0.0000	0.0712	0.0014	0.2048	0.0123	0.0021	0.0502	0.1485	0.0000	0.2879	0.0000	75.1345	-0.0000	0.0065	9.2038	0.0009	12.0710	2.4415	0.0002	0.0002	0.0000	0.0002	0.0002	0.0000	0.0000	0.0000	0.0000	0.0139	0.0002	0.0138	0.0014	0.0002	0.0012	0.0126	0.0000	0.0126	0.0009	0.0007	0.0002	0.0005	0.0004	0.0001	0.0004	0.0003	0.0001	0.1957	0.1285	0.0672	0.1110	0.0875	0.0235	0.0847	0.0410	0.0437	3.2965	204.2702	0.0000	34.6695	227.6326	0.0000	0.0000	0.0000	0.0000	0.0712	0.0014	0.2048	0.0123	0.0021	0.0502	0.1485	0.0000	0.2879	
21	36	0.1652	2	0	2	0	0	0	0	0	0	N	Y	N	N	N	N	N	N	N	N	N	N	351.0945	0.0000	2051.8737	1056.6865	0.0000	2908.8796	38.2654	184.8700	1.8799	0.0000	27.9699	2.4037	0.0000	47.0252	0.2844	0.0000	2.4465	0.0054	0.0001	0.0136	0.0023	0.0002	0.0162	0.0074	0.0000	0.0132	inf	81.0640	0.0111	0.0008	9.2038	0.0123	12.0710	6.2120	0.0122	0.0000	0.0122	0.0118	0.0000	0.0118	0.0005	0.0000	0.0005	0.0016	0.0000	0.0016	0.0003	0.0000	0.0003	0.0014	0.0000	0.0014	0.0065	0.0061	0.0004	0.0049	0.0047	0.0003	0.0016	0.0014	0.0002	0.3065	0.1876	0.1189	0.1235	0.1074	0.0161	0.1830	0.0802	0.1028	351.0945	0.0000	2051.8737	1056.6865	0.0000	2908.8796	38.2654	0.0000	184.8700	0.0054	0.0001	0.0136	0.0023	0.0002	0.0162	0.0074	0.0000	0.0132	
21	40	0.1302	2	0	1	1	0	0	0	0	0	N	N	N	N	N	N	N	N	N	N	N	N	7.0963	441.9641	0.0000	66.9887	446.3536	0.0000	0.0000	0.0000	0.2348	0.2911	0.0000	0.4257	0.4765	0.0000	0.0000	0.0000	0.0000	0.0331	0.0007	0.0961	0.0064	0.0011	0.0275	0.0608	0.0000	0.1253	0.0000	75.1345	-0.0000	0.0065	9.2038	0.0009	12.0710	7.7842	0.0002	0.0002	0.0000	0.0002	0.0002	0.0000	0.0000	0.0000	0.0000	0.0139	0.0002	0.0138	0.0014	0.0002	0.0012	0.0126	0.0000	0.0126	0.0009	0.0007	0.0002	0.0005	0.0004	0.0001	0.0004	0.0003	0.0001	0.4214	0.2781	0.1433	0.2145	0.1716	0.0429	0.2069	0.1065	0.1004	7.0963	441.9641	0.0000	66.9887	446.3536	0.0000	0.0000	0.0000	0.0000	0.0331	0.0007	0.0961	0.0064	0.0011	0.0275	0.0608	0.0000	0.1253	
21	42	0.1447	2	0	2	0	0	0	0	0	0	N	Y	N	N	N	N	N	N	N	N	N	N	2.4460	2.2099	3.2845	3.7725	0.0990	0.1159	0.0000	0.2571	0.3146	0.0000	0.0000	0.0000	0.0000	0.0405	0.0524	0.0000	0.0783	0.0834	0.0000	0.0000	0.0000	0.0000	0.0000	0.0000	-0.0000	-0.0000	9.2038	0.0003	12.0710	0.0002	0.0000	0.0000	0.0000	0.0000	0.0000	0.0000	0.0000	0.0000	0.0000	0.0000	0.0000	0.0000	0.0000	0.0000	0.0000	0.0000	0.0000	0.0000	0.0001	0.0001	0.0000	0.0000	0.0000	0.0000	0.0000	0.0000	0.0000	0.0001	0.0001	0.0000	0.0001	0.0001	0.0000	0.0001	0.0000	0.0000	2.4460	2.2099	0.0000	3.2845	3.7725	0.0000	0.0000	0.0000	0.0000	0.0405	0.0524	0.0000	0.0783	0.0834	0.0000	0.0000	0.0000	0.0000					
21	43	0.1007	2	1	2	1	0	0	0	0	0	N	Y	N	N	N	N	N	N	N	N	N	N	0.0000	0.0000	0.0000	0.0000	0.0000	0.0000	0.0000	0.0000	0.0000	0.0000	0.0000	0.0000	0.0000	0.0000	0.0000	0.0000	0.0000	0.0000	0.0000	0.0000	9.2038	0.0000	12.0710	2.0000	0.0000	0.0000	0.0000	0.0000	0.0000	0.0000	0.0000	0.0000	0.0000	0.0000	0.0000	0.0000	0.0000	0.0000	0.0000	0.0000	0.0000	0.0000	0.0000	0.0000	0.0000	0.0000	0.0000	0.0000	0.0000	0.0000	0.0000	0.0990	0.0578	0.0413	0.0192	0.0147	0.0046	0.0798	0.0431	0.0367	0.0000	0.0000	0.0000	0.0000	0.0000	0.0000	0.0000	0.0000	0.0000	0.0000	0.0000	0.0000	0.0000	0.0000	0.0000	0.0000	0.0000	0.0000											
21	44	0.1007	2	1	2	1	0	0	0	0	0	N	Y	N	N	N	N	N	N	N	N	N	N	0.0000	0.0000	0.0000	0.0000	0.0000	0.0000	0.0000	0.0000	0.0000	0.0000	0.0000	0.0000	0.0000	0.0000	0.0000	0.0000	0.0000	0.0000	0.0000	0.0000	9.2038	0.0000	12.0710	0.0000	0.0000	0.0000	0.0000	0.0000	0.0000	0.0000	0.0000	0.0000	0.0000	0.0000	0.0000	0.0000	0.0000	0.0000	0.0000	0.0000	0.0000	0.0000	0.0000	0.0000	0.0000	0.0000	0.0000	0.0000	0.0000	0.0000	0.0000	0.0000	0.0000	0.0000	0.0000	0.0000	0.0000	0.0000	0.0000	0.0000	0.0000	0.0000	0.0000	0.0000	0.0000	0.0000	0.0000	0.0000	0.0000	0.0000	0.0000	0.0000	0.0000	0.0000	0.0000	0.0000	0.0000	0.0000											
21	48	0.1532	2	0	1	0	1	0	0	0	0	N	N	N	N	N	N	N	N	N	N	N	N	3.5959	175.9687	0.0000	55.7017	399.1537	0.0000	0.0000	0.0000	0.0715	0.0839	0.0000	0.2868	0.3178	0.0000	0.0000	0.0000	0.0000	0.0199	0.0005	0.0593	0.0051	0.0008	0.0259	0.0338	0.0000	0.0708	0.0000	61.2365	-0.0000	0.0014	9.2038	0.0037	12.0710	3.0208	0.0001	0.0001	0.0000	0.0001	0.0001	0.0000	0.0000	0.0000	0.0000	0.0031	0.0000	0.0031	0.0004	0.0000	0.0003	0.0027	0.0000	0.0027	0.0007	0.0006	0.0001	0.0002	0.0002	0.0000	0.0005	0.0005	0.0001	0.1559	0.1045	0.0514	0.0757	0.0626	0.0131	0.0802	0.0420	0.0383	3.5959	175.9687	0.0000	55.7017	399.1537	0.0000	0.0000	0.0000	0.0000	0.0199	0.0005	0.0593	0.0051	0.0008	0.0259	0.0338	0.0000	0.0708	
21	50	0.1096	2	0	2	1	0	0	0	0	0	N	Y	N	N	N	N	N	N	N	N	N	N	2480.6623	1723.3135	2992.4833	1307.6190	1230.9676	872.2391	4238.9542	inf	5437.7002	1.0352	1.1360	0.2401	1.6034	1.7783	0.1825	0.1351	0.1099	0.3254	0.0004	0.0007	0.0001	0.0012	0.0014	0.0002	0.0000	0.0000	0.0001	0.0268	0.0874	-0.0309	-0.0000	9.2038	1.4428	12.0710	0.4686	0.4454	0.4337	0.0116	0.4229	0.4176	0.0053	0.0225	0.0161	0.0064	0.0001	0.0001	0.0000	0.0001	0.0001	0.0000	0.0000	0.0000	0.0000	0.4302	0.3818	0.0484	0.2637	0.2348	0.0289	0.1665	0.1470	0.0195	0.1303	0.0758	0.0544	0.0420	0.0346	0.0074	0.0882	0.0412	0.0470	2480.6623	1723.3135	2992.4833	1307.6190	1230.9676	872.2391	4238.9542	inf	5437.7002	0.0004	0.0007	0.0001	0.0012	0.0014	0.0002	0.0000	0.0000	0.0001
21	52	0.0973	2	1	1	1	0	0	0	0	0	N	N	N	N	N	N	N	N	N	N	N	N	0.0192	0.0000	0.0878	0.6732	0.0000	3.3847	0.0184	0.0807	0.0644	0.0000	0.5980	0.0531	0.0000	0.8826	0.0680	0.0000	0.5533	3.3572	0.0127	6.8126	0.0789	0.0720	0.2608	3.6937	0.0000	6.8581	inf	519.0625	0.0090	0.4723	9.2038	0.9976	12.0710	4.7732	0.0099	0.0000	0.0099	0.0020	0.0000	0.0020	0.0079	0.0000	0.0079	0.9902	0.0019	0.9882	0.0022	0.0019	0.0003	0.9880	0.0000	0.9880	0.1542	0.1376	0.0166	0.0374	0.0352	0.0023	0.1168	0.1024	0.0144	0.2949	0.1499	0.1451	0.0275	0.0265	0.0010	0.2675	0.1234	0.1441	0.0192	0.0000	0.0878	0.6732	0.0000	3.3847	0.0184	0.0000	0.0807	3.3572	0.0127	6.8126	0.0789	0.0720	0.2608	3.6937	0.0000	6.8581	
21	55	0.0959	2	0	2	0	0	0	0	0	0	N	Y	N	N	N	N	N	N	N	N	N	N	54.6693	44.6834	44.1176	39.7425	0.3090	0.3915	0.0000	0.5862	0.6368	0.0000	0.0000	0.0000	0.0000	0.0057	0.0088	0.0000	0.0133	0.0160	0.0000	0.0000	0.0000	0.0000	0.0000	0.0000	-0.0001	-0.0016	9.2038	0.0041	12.0710	6.2745	0.0014	0.0014	0.0000	0.0014	0.0014	0.0000	0.0000	0.0000	0.0000	0.0030	0.0030	0.0000	0.0030	0.0030	0.0000	0.0000	0.0000	0.0000	0.0046	0.0036	0.0010	0.0024	0.0022	0.0002	0.0022	0.0014	0.0008	0.5278	0.3406	0.1872	0.2246	0.1862	0.0384	0.3032	0.1544	0.1489	54.6693	44.6834	0.0000	44.1176	39.7425	0.0000	0.0000	0.0000	0.0000	0.0057	0.0088	0.0000	0.0133	0.0160	0.0000	0.0000	0.0000	0.0000					
21	56	0.1447	2	0	1	1	0	0	0	0	0	N	N	N	N	N	N	N	N	N	N	N	N	2.8634	2.1887	0.0000	0.0000	0.0000	1.6675	1.0377	0.0000	3.2090	3.6327	0.0000	0.0000	0.0000	0.0000	3.4352	3.9127	0.0000	1.1207	1.6597	0.0975	0.0000	0.0000	0.0000	2.0601	3.7707	0.1315	0.0000	0.0309	-0.6885	-0.5063	9.2038	18.9997	12.0710	4.0000	7.2038	7.2038	0.0000	0.0000	0.0000	0.0000	7.2038	7.2038	0.0000	1.0309	1.0000	0.0309	0.0000	0.0000	0.0000	1.0309	1.0000	0.0309	2.2448	1.9831	0.2618	0.1478	0.1419	0.0059	2.0971	1.8412	0.2559	0.9199	0.6025	0.3174	0.4195	0.3373	0.0822	0.5004	0.2652	0.2352	2.8634	2.1887	0.0000	0.0000	0.0000	0.0000	1.6675	1.0377	0.0000	1.1207	1.6597	0.0975	0.0000	0.0000	0.0000	2.0601	3.7707	0.1315	
21	58	0.0955	3	1	2	0	0	0	0	0	0	N	Y	N	N	N	N	N	N	N	N	N	N	17.6274	0.0000	4186.4662	0.6510	0.0000	70.1428	2012.2529	8342.4384	0.1374	0.0000	1.3928	0.0524	0.0000	0.8025	0.1973	0.0000	1.6145	0.0078	0.0142	0.0003	0.0804	0.0848	0.0114	0.0001	0.0000	0.0002	inf	0.0202	0.0239	-0.0018	9.2038	0.9359	12.0710	8.5945	0.0265	0.0000	0.0265	0.0042	0.0000	0.0042	0.0223	0.0000	0.0223	0.0036	0.0035	0.0001	0.0036	0.0035	0.0000	0.0000	0.0000	0.0000	0.1926	0.1736	0.0190	0.0795	0.0743	0.0052	0.1131	0.0993	0.0138	0.4639	0.2488	0.2151	0.0445	0.0418	0.0027	0.4195	0.2070	0.2125	17.6274	0.0000	4186.4662	0.6510	0.0000	70.1428	2012.2529	0.0000	8342.4384	0.0078	0.0142	0.0003	0.0804	0.0848	0.0114	0.0001	0.0000	0.0002	
21	59	0.0927	2	0	2	0	0	0	0	0	0	N	Y	N	N	N	N	N	N	N	N	N	N	18.7050	10.8607	84.2992	7.4444	6.7078	145.0426	27.9523	1.8993	95.3357	1.0763	0.5770	5.3945	1.2946	1.1916	3.0629	0.8913	0.0010	6.1448	0.0575	0.0531	0.0640	0.1739	0.1777	0.0211	0.0319	0.0005	0.0645	1.0810	0.8241	0.0232	-0.0005	9.2038	0.1706	12.0710	1.8413	0.0547	0.0263	0.0284	0.0302	0.0263	0.0039	0.0245	0.0000	0.0245	0.0079	0.0043	0.0036	0.0043	0.0043	0.0000	0.0036	0.0000	0.0035	0.0508	0.0456	0.0053	0.0233	0.0220	0.0013	0.0275	0.0235	0.0040	0.1367	0.0811	0.0555	0.0247	0.0241	0.0006	0.1120	0.0570	0.0549	18.7050	10.8607	84.2992	7.4444	6.7078	145.0426	27.9523	1.8993	95.3357	0.0575	0.0531	0.0640	0.1739	0.1777	0.0211	0.0319	0.0005	0.0645
21	61	0.4677	8	0	1	0	0	0	0	0	0	N	N	N	N	N	N	N	N	N	N	N	N	0.0444	0.2905	0.0000	0.2437	1.3314	0.0000	0.0000	0.0000	0.0004	0.0004	0.0000	0.0036	0.0038	0.0000	0.0000	0.0000	0.0000	0.0083	0.0015	0.0212	0.0146	0.0028	0.0800	0.0041	0.0000	0.0087	0.0000	7.7592	-0.0000	0.0020	9.2038	1.0140	12.0710	12.0537	0.0001	0.0001	0.0000	0.0001	0.0001	0.0000	0.0000	0.0000	0.0000	0.0056	0.0006	0.0049	0.0039	0.0006	0.0033	0.0017	0.0000	0.0017	0.1409	0.1233	0.0176	0.0146	0.0139	0.0007	0.1263	0.1095	0.0168	0.6684	0.4367	0.2317	0.2656	0.2250	0.0406	0.4027	0.2117	0.1911	0.0444	0.2905	0.0000	0.2437	1.3314	0.0000	0.0000	0.0000	0.0000	0.0083	0.0015	0.0212	0.0146	0.0028	0.0800	0.0041	0.0000	0.0087	
21	62	0.3918	5	0	1	0	0	0	0	0	0	N	N	N	N	N	N	N	N	N	N	N	N	0.0404	0.0313	0.1545	0.1457	0.0000	0.0000	0.0473	0.0536	0.0000	0.2384	0.2630	0.0000	0.0000	0.0000	0.0000	1.1725	1.7136	0.0000	1.5433	1.8048	0.0000	0.8243	1.5739	0.0000	0.0000	0.0000	-0.0123	-1.6141	9.2038	22.0948	12.0710	64.3951	0.1286	0.1286	0.0000	0.1286	0.1286	0.0000	0.0000	0.0000	0.0000	3.0976	3.0976	0.0000	1.9747	1.9747	0.0000	1.1229	1.1229	0.0000	2.7171	2.4009	0.3162	0.5396	0.4890	0.0505	2.1775	1.9119	0.2656	2.6418	1.8076	0.8342	1.2795	1.0942	0.1854	1.3623	0.7134	0.6488	0.0404	0.0313	0.0000	0.1545	0.1457	0.0000	0.0000	0.0000	0.0000	1.1725	1.7136	0.0000	1.5433	1.8048	0.0000	0.8243	1.5739	0.0000			
21	63	0.1850	4	0	1	0	0	0	0	0	0	N	N	N	N	N	N	N	N	N	N	N	N	0.0056	0.0050	0.0000	0.0566	0.0585	0.0000	0.0000	0.0000	0.0000	0.0045	0.0051	0.0000	0.0582	0.0609	0.0000	0.0000	0.0000	0.0000	0.8029	1.0384	0.3413	1.0278	1.0401	1.0050	0.6373	1.0362	0.2261	0.0000	0.1676	-0.0002	-0.4361	9.2038	3.0638	12.0710	18.8214	0.0019	0.0019	0.0000	0.0019	0.0019	0.0000	0.0000	0.0000	0.0000	1.1553	0.9894	0.1659	0.6272	0.5536	0.0736	0.5280	0.4358	0.0922	0.4125	0.3606	0.0518	0.0319	0.0305	0.0014	0.3806	0.3301	0.0504	1.4388	0.9528	0.4860	0.6102	0.5322	0.0780	0.8286	0.4206	0.4080	0.0056	0.0050	0.0000	0.0566	0.0585	0.0000	0.0000	0.0000	0.0000	0.8029	1.0384	0.3413	1.0278	1.0401	0.9438	0.6373	1.0362	0.2261
21	64	0.0959	2	1	2	1	0	0	0	0	0	N	Y	N	N	N	N	N	N	N	N	N	N	2.1926	1.5930	11.6111	10.0369	0.0101	0.0116	0.0000	0.1421	0.1496	0.0000	0.0000	0.0000	0.0000	0.0046	0.0073	0.0000	0.0122	0.0149	0.0000	0.0000	0.0000	0.0000	0.0000	0.0000	-0.0001	-0.0016	9.2038	1.0029	12.0710	8.4685	0.0014	0.0014	0.0000	0.0014	0.0014	0.0000	0.0000	0.0000	0.0000	0.0030	0.0030	0.0000	0.0030	0.0030	0.0000	0.0000	0.0000	0.0000	0.1411	0.1227	0.0184	0.0100	0.0095	0.0005	0.1311	0.1132	0.0179	0.6471	0.4088	0.2382	0.2439	0.2002	0.0437	0.4032	0.2087	0.1946	2.1926	1.5930	0.0000	11.6111	10.0369	0.0000	0.0000	0.0000	0.0000	0.0046	0.0073	0.0000	0.0122	0.0149	0.0000	0.0000	0.0000	0.0000					
21	66	0.4677	8	0	2	0	0	0	0	0	0	N	Y	N	N	N	N	N	N	N	N	N	N	0.0457	0.2983	0.0000	0.2497	1.3623	0.0000	0.0000	0.0000	0.0004	0.0004	0.0000	0.0036	0.0038	0.0000	0.0000	0.0000	0.0000	0.0081	0.0014	0.0207	0.0143	0.0028	0.0778	0.0040	0.0000	0.0085	0.0000	7.7592	-0.0000	0.0020	9.2038	1.0110	12.0710	12.5479	0.0001	0.0001	0.0000	0.0001	0.0001	0.0000	0.0000	0.0000	0.0000	0.0056	0.0006	0.0049	0.0039	0.0006	0.0033	0.0017	0.0000	0.0017	0.1405	0.1230	0.0175	0.0146	0.0138	0.0007	0.1259	0.1091	0.0168	0.6848	0.4470	0.2378	0.2714	0.2296	0.0418	0.4135	0.2174	0.1961	0.0457	0.2983	0.0000	0.2497	1.3623	0.0000	0.0000	0.0000	0.0000	0.0081	0.0014	0.0207	0.0143	0.0028	0.0778	0.0040	0.0000	0.0085	
21	67	0.4613	7	0	1	0	0	0	0	0	0	N	N	N	N	N	N	N	N	N	N	N	N	0.0130	0.0187	0.0000	0.0227	0.0333	0.0000	0.0281	0.2596	0.0000	0.0006	0.0006	0.0000	0.0017	0.0017	0.0000	0.0004	0.0005	0.0000	0.0424	0.0337	0.0621	0.0729	0.0524	0.3248	0.0152	0.0019	0.0276	0.0000	0.8176	-0.0000	-0.0010	9.2038	0.9784	12.0710	1.5217	0.0001	0.0001	0.0000	0.0000	0.0000	0.0000	0.0001	0.0001	0.0000	0.0140	0.0077	0.0063	0.0113	0.0075	0.0038	0.0026	0.0002	0.0025	0.1359	0.1190	0.0169	0.0139	0.0132	0.0007	0.1220	0.1058	0.0163	0.3289	0.2278	0.1011	0.1553	0.1435	0.0117	0.1736	0.0842	0.0894	0.0130	0.0187	0.0000	0.0227	0.0333	0.0000	0.0281	0.2596	0.0000	0.0424	0.0337	0.0621	0.0729	0.0524	0.3248	0.0152	0.0019	0.0276
21	68	0.4311	6	0	1	0	0	0	0	0	0	N	N	N	N	N	N	N	N	N	N	N	N	0.0038	0.0030	0.0000	0.0157	0.0141	0.0000	0.0030	0.1627	0.0000	0.0059	0.0067	0.0000	0.0501	0.0526	0.0000	0.0002	0.0002	0.0000	1.5540	2.2149	0.2099	3.2003	3.7204	0.5096	0.0577	0.0012	0.1183	0.0000	0.0466	-0.0001	-0.5014	9.2038	1.0531	12.0710	9.0748	0.0009	0.0009	0.0000	0.0009	0.0009	0.0000	0.0000	0.0000	0.0000	1.0522	1.0054	0.0468	1.0318	1.0051	0.0266	0.0204	0.0002	0.0202	0.1503	0.1315	0.0188	0.0171	0.0163	0.0008	0.1332	0.1152	0.0180	0.6771	0.4539	0.2232	0.3224	0.2702	0.0522	0.3547	0.1837	0.1709	0.0038	0.0030	0.0000	0.0157	0.0141	0.0000	0.0030	0.1627	0.0000	1.5540	2.2149	0.2099	3.2003	3.7204	0.5096	0.0577	0.0012	0.1183
21	71	0.1309	5	0	1	1	0	0	0	0	0	N	N	N	N	N	N	N	N	N	N	N	N	0.0000	0.0000	0.0000	0.0000	0.0000	0.0000	0.0000	0.0000	0.0000	0.0000	0.0000	0.0000	0.0000	0.0000	0.0000	0.0025	0.0000	0.0070	0.0015	0.0000	0.0101	0.0032	0.0000	0.0064	inf	0.0000	0.0000	9.2038	1.0000	12.0710	0.0055	0.0000	0.0000	0.0000	0.0000	0.0000	0.0000	0.0000	0.0000	0.0000	0.0001	0.0000	0.0001	0.0000	0.0000	0.0000	0.0001	0.0000	0.0001	0.0796	0.0693	0.0104	0.0000	0.0000	0.0000	0.0796	0.0693	0.0104	0.0357	0.0228	0.0129	0.0135	0.0115	0.0020	0.0222	0.0112	0.0109	0.0000	0.0000	0.0000	0.0000	0.0000	0.0000	0.0000	0.0000	0.0000	0.0025	0.0000	0.0070	0.0015	0.0000	0.0101	0.0032	0.0000	0.0064				
21	72	0.1243	4	0	1	1	0	0	0	0	0	N	N	N	N	N	N	N	N	N	N	N	N	0.0000	0.0000	0.0000	0.0000	0.0000	0.0000	0.0000	0.0000	0.0000	0.0000	0.0000	0.0000	0.0000	0.0000	0.0000	0.0000	0.0000	0.0000	0.2989	0.0035	0.8500	0.0162	0.0067	0.0786	0.4783	0.0000	0.9827	131.4971	0.0000	0.0056	9.2038	0.0000	12.0710	1.0265	0.0000	0.0000	0.0000	0.0000	0.0000	0.0000	0.0000	0.0000	0.0000	0.0119	0.0001	0.0118	0.0002	0.0001	0.0002	0.0116	0.0000	0.0116	0.0000	0.0000	0.0000	0.0000	0.0000	0.0000	0.0000	0.0000	0.0000	0.0397	0.0259	0.0139	0.0154	0.0134	0.0020	0.0243	0.0125	0.0118	0.0000	0.0000	0.0000	0.0000	0.0000	0.0000	0.0000	0.0000	0.0000	0.2989	0.0035	0.8500	0.0162	0.0067	0.0786	0.4783	0.0000	0.9827	
21	73	0.1188	3	0	1	0	0	0	0	0	0	N	N	N	N	N	N	N	N	N	N	N	N	0.0000	0.0000	0.0000	0.0000	0.0000	0.0000	0.0000	0.0000	0.0000	0.0000	0.0000	0.0000	0.0000	0.0000	0.0000	0.0000	0.0000	0.0000	2.5787	0.0081	7.9709	0.0186	0.0113	0.0978	5.3246	0.0005	9.1934	470.2673	0.0000	0.4624	9.2038	0.0000	12.0710	1.0321	0.0000	0.0000	0.0000	0.0000	0.0000	0.0000	0.0000	0.0000	0.0000	0.9698	0.0021	0.9677	0.0036	0.0020	0.0016	0.9661	0.0000	0.9661	0.0517	0.0462	0.0055	0.0288	0.0273	0.0015	0.0230	0.0189	0.0041	0.3761	0.2547	0.1214	0.1946	0.1783	0.0163	0.1815	0.0764	0.1051	0.0000	0.0000	0.0000	0.0000	0.0000	0.0000	0.0000	0.0000	0.0000	2.5787	0.0081	7.9709	0.0186	0.0113	0.0978	5.3246	0.0005	9.1934	
21	74	0.0960	2	0	1	0	0	0	0	0	0	N	N	N	N	N	N	N	N	N	N	N	N	2.1488	63.9441	0.0475	2.3539	3.4658	0.0127	1.7928	975.6169	0.0500	4.4914	5.2901	0.2580	0.4652	0.5013	0.0127	5.7308	6.9645	0.2882	2.0902	0.0827	5.4347	0.1976	0.1446	1.0039	3.1965	0.0071	5.7628	0.0092	39.4310	-0.0452	0.8937	9.2038	0.5629	12.0710	8.5245	0.5227	0.5179	0.0048	0.0127	0.0127	0.0000	0.5100	0.5052	0.0047	1.9677	0.0487	1.9191	0.0686	0.0468	0.0218	1.8991	0.0019	1.8972	0.1164	0.0979	0.0185	0.0274	0.0254	0.0020	0.0890	0.0725	0.0164	0.9414	0.5883	0.3531	0.3473	0.3234	0.0239	0.5941	0.2649	0.3292	2.1488	63.9441	0.0475	2.3539	3.4658	0.0139	1.7928	975.6169	0.0500	2.0902	0.0827	5.4347	0.1976	0.1446	0.9145	3.1965	0.0071	5.7628
21	75	0.1130	3	0	2	0	0	0	0	0	0	N	Y	N	N	N	N	N	N	N	N	N	N	0.0000	0.0000	0.0000	0.0000	0.0000	0.0000	0.0000	0.0000	0.0000	0.0000	0.0000	0.0000	0.0000	0.0000	0.0000	0.0445	0.0000	0.1424	0.0093	0.0000	0.0809	0.0667	0.0000	0.1526	inf	0.0000	0.0059	9.2038	1.9994	12.0710	4.0943	0.0000	0.0000	0.0000	0.0000	0.0000	0.0000	0.0000	0.0000	0.0000	0.0124	0.0000	0.0124	0.0010	0.0000	0.0010	0.0114	0.0000	0.0114	0.1600	0.1398	0.0202	0.0001	0.0001	0.0000	0.1599	0.1397	0.0202	0.2781	0.1912	0.0869	0.1076	0.0952	0.0124	0.1705	0.0960	0.0745	0.0000	0.0000	0.0000	0.0000	0.0000	0.0000	0.0000	0.0000	0.0000	0.0445	0.0000	0.1424	0.0093	0.0000	0.0809	0.0667	0.0000	0.1526				
21	76	0.1068	2	0	1	0	0	0	0	0	0	N	N	N	N	N	N	N	N	N	N	N	N	0.0000	0.0000	0.0000	0.0000	0.0000	0.0000	0.0000	0.0000	0.0000	0.0000	0.0000	0.0000	0.0000	0.0000	0.0000	0.0000	0.0000	0.0000	0.3741	0.1115	0.9570	0.2194	0.2044	0.3635	0.4836	0.0005	1.0424	3.8662	0.0000	0.0163	9.2038	0.0011	12.0710	2.7207	0.0000	0.0000	0.0000	0.0000	0.0000	0.0000	0.0000	0.0000	0.0000	0.0597	0.0123	0.0475	0.0145	0.0123	0.0023	0.0452	0.0000	0.0452	0.0001	0.0001	0.0000	0.0000	0.0000	0.0000	0.0001	0.0001	0.0000	0.1597	0.1101	0.0496	0.0662	0.0599	0.0062	0.0935	0.0502	0.0434	0.0000	0.0000	0.0000	0.0000	0.0000	0.0000	0.0000	0.0000	0.0000	0.3741	0.1115	0.9570	0.2194	0.2044	0.3635	0.4836	0.0005	1.0424	
21	78	0.0948	2	1	1	1	0	0	0	0	0	N	N	N	N	N	N	N	N	N	N	N	N	1139.7427	615.3776	543.7259	67.3366	64.8926	2.5240	6012.1146	inf	1174.8234	1.3204	1.4294	0.0175	2.0941	2.2148	0.0030	0.0771	0.0833	0.0287	0.0012	0.0023	0.0000	0.0311	0.0341	0.0012	0.0000	0.0000	0.0000	0.0010	0.0143	-0.0593	-0.0000	9.2038	1.6246	12.0710	0.0115	0.6273	0.6267	0.0006	0.6133	0.6132	0.0000	0.0140	0.0134	0.0006	0.0001	0.0001	0.0000	0.0001	0.0001	0.0000	0.0000	0.0000	0.0000	0.4751	0.4384	0.0367	0.2929	0.2769	0.0160	0.1822	0.1615	0.0207	0.0774	0.0380	0.0393	0.0029	0.0026	0.0003	0.0745	0.0355	0.0391	1139.7427	615.3776	543.7259	67.3366	64.8926	2.5240	6012.1146	inf	1174.8234	0.0012	0.0023	0.0000	0.0311	0.0341	0.0012	0.0000	0.0000	0.0000
21	83	0.1850	4	0	1	0	0	0	0	0	0	N	N	N	N	N	N	N	N	N	N	N	N	0.0008	0.0023	0.0000	0.0260	0.0275	0.0000	0.0000	0.0000	0.0000	0.0015	0.0017	0.0000	0.0206	0.0216	0.0000	0.0000	0.0000	0.0000	2.0145	0.7623	4.2874	0.7950	0.7836	0.9980	2.7361	0.7413	4.8787	0.0000	3.0988	-0.0002	0.8552	9.2038	10.0679	12.0710	33.8159	0.0019	0.0019	0.0000	0.0019	0.0019	0.0000	0.0000	0.0000	0.0000	3.6401	0.8881	2.7520	0.5340	0.4523	0.0817	3.1061	0.4358	2.6703	1.2282	1.0790	0.1492	0.0899	0.0861	0.0039	1.1383	0.9930	0.1453	1.8069	1.1650	0.6419	0.6717	0.5772	0.0945	1.1352	0.5879	0.5473	0.0008	0.0023	0.0000	0.0260	0.0275	0.0000	0.0000	0.0000	0.0000	2.0145	0.7623	4.2874	0.7950	0.7836	0.8642	2.7361	0.7413	4.8787
21	84	0.1574	3	0	1	0	0	0	0	0	0	N	N	N	N	N	N	N	N	N	N	N	N	0.0253	0.0296	0.0036	0.1065	0.1132	0.0000	0.0132	0.0165	0.0038	0.0289	0.0325	0.0045	0.1285	0.1349	0.0001	0.0145	0.0162	0.0047	1.1448	1.1002	1.2374	1.2062	1.1918	2.2032	1.0987	0.9788	1.2225	0.0204	0.5410	-0.0003	-0.2699	9.2038	0.9441	12.0710	14.0836	0.0042	0.0041	0.0001	0.0024	0.0024	0.0000	0.0019	0.0018	0.0001	1.5877	1.0303	0.5574	0.7169	0.6363	0.0806	0.8708	0.3940	0.4768	0.1459	0.1271	0.0188	0.0184	0.0175	0.0009	0.1275	0.1095	0.0180	1.3869	0.9364	0.4504	0.5943	0.5339	0.0604	0.7925	0.4025	0.3900	0.0253	0.0296	0.0036	0.1065	0.1132	0.0000	0.0132	0.0165	0.0038	1.1448	1.1002	1.2374	1.2062	1.1918	1.3335	1.0987	0.9788	1.2225
21	85	0.4396	6	0	1	0	0	0	0	0	0	N	N	N	N	N	N	N	N	N	N	N	N	1.0607	5.3616	0.0000	6.0948	7.5658	0.0000	0.4529	inf	0.0000	0.1484	0.1687	0.0000	0.3551	0.4016	0.0000	0.0964	0.1097	0.0000	0.1399	0.0315	0.3771	0.0583	0.0531	0.0906	0.2129	0.0000	0.4522	0.0000	5.4792	-0.0310	0.0792	9.2038	15.0008	12.0710	28.2980	0.3248	0.3248	0.0000	0.1562	0.1562	0.0000	0.1686	0.1686	0.0000	0.2440	0.0377	0.2063	0.0480	0.0377	0.0103	0.1961	0.0000	0.1961	2.1885	1.9252	0.2632	0.4399	0.3890	0.0510	1.7485	1.5363	0.2123	1.7441	1.1969	0.5471	0.8230	0.7094	0.1136	0.9210	0.4875	0.4335	1.0607	5.3616	0.0000	6.0948	7.5658	0.0000	0.4529	inf	0.0000	0.1399	0.0315	0.3771	0.0583	0.0531	0.0906	0.2129	0.0000	0.4522
21	86	0.4396	6	0	1	0	0	0	0	0	0	N	N	N	N	N	N	N	N	N	N	N	N	0.1238	0.1124	0.0000	0.1339	0.1440	0.0000	0.1109	0.0786	0.0000	0.1603	0.1842	0.0000	0.1488	0.1715	0.0000	0.1647	0.1891	0.0000	1.2946	1.6383	0.4862	1.1113	1.1909	0.5760	1.4846	2.4054	0.4608	0.0000	0.1262	-0.0218	-0.8959	9.2038	10.8154	12.0710	27.4443	0.2279	0.2279	0.0000	0.0593	0.0593	0.0000	0.1686	0.1686	0.0000	2.1903	1.9449	0.2454	0.9572	0.8930	0.0642	1.2331	1.0519	0.1812	1.4220	1.2375	0.1845	0.3986	0.3459	0.0527	1.0234	0.8916	0.1318	1.6919	1.1871	0.5048	0.8613	0.7498	0.1115	0.8306	0.4373	0.3933	0.1238	0.1124	0.0000	0.1339	0.1440	0.0000	0.1109	0.0786	0.0000	1.2946	1.6383	0.4862	1.1113	1.1909	0.5760	1.4846	2.4054	0.4608
21	87	0.3918	5	0	1	0	0	0	0	0	0	N	N	N	N	N	N	N	N	N	N	N	N	0.6635	0.7633	0.1018	0.6417	0.6825	0.0620	0.6793	0.9475	0.1312	0.2624	0.2955	0.0424	0.2520	0.2853	0.0140	0.2710	0.3041	0.0633	0.3955	0.3872	0.4163	0.3928	0.4181	0.2250	0.3989	0.3210	0.4826	0.0216	0.4288	-0.0171	-0.2224	9.2038	2.7608	12.0710	22.4044	0.2303	0.2254	0.0049	0.1002	0.0996	0.0007	0.1301	0.1259	0.0042	1.0065	0.7044	0.3021	0.5606	0.5186	0.0420	0.4459	0.1858	0.2600	0.8777	0.7628	0.1149	0.3978	0.3490	0.0488	0.4800	0.4139	0.0661	2.5451	1.8194	0.7256	1.4274	1.2406	0.1868	1.1177	0.5789	0.5389	0.6635	0.7633	0.1018	0.6417	0.6825	0.0620	0.6793	0.9475	0.1312	0.3955	0.3872	0.4163	0.3928	0.4181	0.2250	0.3989	0.3210	0.4826
21	88	0.2620	4	0	1	0	0	0	0	0	0	N	N	N	N	N	N	N	N	N	N	N	N	0.1649	0.1566	0.0518	0.1644	0.1691	0.0115	0.1961	0.1762	0.0610	0.1500	0.1664	0.0310	0.1894	0.2012	0.0115	0.1434	0.1602	0.0325	0.9097	1.0627	0.5980	1.1524	1.1899	1.0032	0.7313	0.9092	0.5331	0.0257	0.2763	-0.0128	-0.6415	9.2038	8.8820	12.0710	49.9570	0.1815	0.1770	0.0045	0.0327	0.0325	0.0001	0.1489	0.1445	0.0044	2.1062	1.6502	0.4560	1.1304	1.0109	0.1195	0.9758	0.6394	0.3364	1.2104	1.0636	0.1468	0.1724	0.1617	0.0107	1.0380	0.9019	0.1361	2.3152	1.5528	0.7624	0.9809	0.8496	0.1314	1.3343	0.7032	0.6311	0.1649	0.1566	0.0518	0.1644	0.1691	0.0126	0.1961	0.1762	0.0610	0.9097	1.0627	0.5980	1.1524	1.1899	0.9099	0.7313	0.9092	0.5331
21	90	0.1467	6	0	2	0	1	0	0	0	0	N	Y	N	N	N	N	N	N	N	N	N	N	0.0000	0.0000	0.0000	0.0000	0.0000	0.0000	0.0000	0.0000	0.0000	0.0000	0.0000	0.0000	0.0000	0.0000	0.0000	0.0000	0.0000	0.0000	0.0000	0.0000	9.2038	0.0000	12.0710	0.0000	0.0000	0.0000	0.0000	0.0000	0.0000	0.0000	0.0000	0.0000	0.0000	0.0000	0.0000	0.0000	0.0000	0.0000	0.0000	0.0000	0.0000	0.0000	0.0000	0.0000	0.0000	0.0000	0.0000	0.0000	0.0000	0.0000	0.0000	0.0000	0.0000	0.0000	0.0000	0.0000	0.0000	0.0000	0.0000	0.0000	0.0000	0.0000	0.0000	0.0000	0.0000	0.0000	0.0000	0.0000	0.0000	0.0000	0.0000	0.0000	0.0000	0.0000	0.0000	0.0000	0.0000	0.0000											
21	91	0.1360	5	0	2	0	1	0	0	0	0	N	Y	N	N	N	N	N	N	N	N	N	N	0.0000	0.0000	0.0000	0.0000	0.0000	0.0000	0.0000	0.0000	0.0000	0.0000	0.0000	0.0000	0.0000	0.0000	0.0000	0.0000	0.0000	0.0000	0.0000	0.0000	9.2038	1.0000	12.0710	3.0000	0.0000	0.0000	0.0000	0.0000	0.0000	0.0000	0.0000	0.0000	0.0000	0.0000	0.0000	0.0000	0.0000	0.0000	0.0000	0.0000	0.0000	0.0000	0.1244	0.1108	0.0135	0.0421	0.0388	0.0033	0.0823	0.0720	0.0102	0.1657	0.0829	0.0828	0.0171	0.0143	0.0028	0.1486	0.0686	0.0800	0.0000	0.0000	0.0000	0.0000	0.0000	0.0000	0.0000	0.0000	0.0000	0.0000	0.0000	0.0000	0.0000	0.0000	0.0000	0.0000	0.0000	0.0000											
21	92	0.1294	3	0	2	0	0	0	0	0	0	N	Y	N	N	N	N	N	N	N	N	N	N	0.0000	0.0000	0.0000	0.0000	0.0000	0.0000	0.0000	0.0000	0.0000	0.0000	0.0000	0.0000	0.0000	0.0000	0.0000	0.0000	0.0000	0.0000	0.0000	0.0000	9.2038	0.0000	12.0710	0.0000	0.0000	0.0000	0.0000	0.0000	0.0000	0.0000	0.0000	0.0000	0.0000	0.0000	0.0000	0.0000	0.0000	0.0000	0.0000	0.0000	0.0000	0.0000	0.0000	0.0000	0.0000	0.0000	0.0000	0.0000	0.0000	0.0000	0.0000	0.0000	0.0000	0.0000	0.0000	0.0000	0.0000	0.0000	0.0000	0.0000	0.0000	0.0000	0.0000	0.0000	0.0000	0.0000	0.0000	0.0000	0.0000	0.0000	0.0000	0.0000	0.0000	0.0000	0.0000	0.0000	0.0000	0.0000											
21	93	0.1360	5	0	1	1	1	0	0	0	0	N	N	N	N	N	N	N	N	N	N	N	N	0.0000	0.0000	0.0000	0.0000	0.0000	0.0000	0.0000	0.0000	0.0000	0.0000	0.0000	0.0000	0.0000	0.0000	0.0000	0.0000	0.0000	0.0000	0.0000	0.0000	9.2038	0.0000	12.0710	0.0000	0.0000	0.0000	0.0000	0.0000	0.0000	0.0000	0.0000	0.0000	0.0000	0.0000	0.0000	0.0000	0.0000	0.0000	0.0000	0.0000	0.0000	0.0000	0.0000	0.0000	0.0000	0.0000	0.0000	0.0000	0.0000	0.0000	0.0000	0.0000	0.0000	0.0000	0.0000	0.0000	0.0000	0.0000	0.0000	0.0000	0.0000	0.0000	0.0000	0.0000	0.0000	0.0000	0.0000	0.0000	0.0000	0.0000	0.0000	0.0000	0.0000	0.0000	0.0000	0.0000	0.0000	0.0000											
21	94	0.1333	4	0	1	0	1	0	0	0	0	N	N	N	N	N	N	N	N	N	N	N	N	0.0000	0.0000	0.0000	0.0000	0.0000	0.0000	0.0000	0.0000	0.0000	0.0000	0.0000	0.0000	0.0000	0.0000	0.0000	0.0000	0.0000	0.0000	0.0000	0.0000	9.2038	1.0000	12.0710	0.0097	0.0000	0.0000	0.0000	0.0000	0.0000	0.0000	0.0000	0.0000	0.0000	0.0000	0.0000	0.0000	0.0000	0.0000	0.0000	0.0000	0.0000	0.0000	0.1243	0.1108	0.0135	0.0421	0.0388	0.0033	0.0823	0.0721	0.0102	0.0450	0.0225	0.0225	0.0053	0.0046	0.0007	0.0397	0.0179	0.0218	0.0000	0.0000	0.0000	0.0000	0.0000	0.0000	0.0000	0.0000	0.0000	0.0000	0.0000	0.0000	0.0000	0.0000	0.0000	0.0000	0.0000	0.0000											
21	95	0.1333	4	0	1	1	1	0	0	0	0	N	N	N	N	N	N	N	N	N	N	N	N	inf	inf	inf	inf	4.0756	4.5712	0.0000	12.1068	13.1286	0.0000	0.0000	0.0000	0.0000	0.0000	0.0000	0.0000	0.0000	0.0000	0.0000	0.0000	0.0000	0.0000	0.0000	-0.0956	0.0000	9.2038	2.0000	12.0710	3.0050	1.0000	1.0000	0.0000	1.0000	1.0000	0.0000	0.0000	0.0000	0.0000	0.0000	0.0000	0.0000	0.0000	0.0000	0.0000	0.0000	0.0000	0.0000	0.2454	0.2188	0.0266	0.0826	0.0762	0.0064	0.1628	0.1426	0.0202	0.2066	0.1035	0.1031	0.0219	0.0185	0.0035	0.1847	0.0851	0.0996	inf	inf	0.0000	inf	inf	0.0000	0.0000	0.0000	0.0000	0.0000	0.0000	0.0000	0.0000	0.0000	0.0000	0.0000	0.0000	0.0000						
21	96	0.1333	4	0	1	1	1	0	0	0	0	N	N	N	N	N	N	N	N	N	N	N	N	0.0000	0.0000	0.0000	0.0000	0.0000	0.0000	0.0000	0.0000	0.0000	0.0000	0.0000	0.0000	0.0000	0.0000	0.0000	0.0000	0.0000	0.0000	0.0000	0.0000	9.2038	0.0000	12.0710	6.9903	0.0000	0.0000	0.0000	0.0000	0.0000	0.0000	0.0000	0.0000	0.0000	0.0000	0.0000	0.0000	0.0000	0.0000	0.0000	0.0000	0.0000	0.0000	0.0000	0.0000	0.0000	0.0000	0.0000	0.0000	0.0000	0.0000	0.0000	0.2814	0.1414	0.1400	0.0295	0.0248	0.0047	0.2519	0.1166	0.1353	0.0000	0.0000	0.0000	0.0000	0.0000	0.0000	0.0000	0.0000	0.0000	0.0000	0.0000	0.0000	0.0000	0.0000	0.0000	0.0000	0.0000	0.0000											
21	97	0.1277	3	0	1	0	1	0	0	0	0	N	N	N	N	N	N	N	N	N	N	N	N	0.0000	0.0000	0.0000	0.0000	0.0000	0.0000	0.0000	0.0000	0.0000	0.0000	0.0000	0.0000	0.0000	0.0006	0.0012	0.0000	0.0048	0.0055	0.0000	0.0000	0.0000	0.0000	0.0000	0.0000	-0.0000	9.2038	0.9999	12.0710	1.0605	0.0000	0.0000	0.0000	0.0000	0.0000	0.0000	0.0000	0.0000	0.0000	0.0001	0.0001	0.0000	0.0001	0.0001	0.0000	0.0000	0.0000	0.0000	0.1771	0.1594	0.0178	0.0649	0.0602	0.0048	0.1122	0.0992	0.0130	0.1010	0.0532	0.0478	0.0126	0.0112	0.0015	0.0883	0.0420	0.0463	0.0000	0.0000	0.0000	0.0000	0.0000	0.0000	0.0000	0.0000	0.0000	0.0006	0.0012	0.0000	0.0048	0.0055	0.0000	0.0000	0.0000	0.0000						
21	98	0.1256	2	0	1	0	1	0	0	0	0	N	N	N	N	N	N	N	N	N	N	N	N	396.2971	239.8631	1666.4865	597.9137	487.9411	11788.5648	357.1227	0.0343	1856.2168	1.6648	0.8125	8.6545	1.7466	1.5375	5.1780	1.5830	0.0001	9.9020	0.0042	0.0034	0.0052	0.0029	0.0032	0.0004	0.0044	0.0035	0.0053	1.2989	1.2570	0.0005	0.0000	9.2038	0.0012	12.0710	1.0414	0.0010	0.0004	0.0006	0.0005	0.0004	0.0001	0.0005	0.0000	0.0005	0.0002	0.0001	0.0001	0.0000	0.0000	0.0000	0.0002	0.0001	0.0001	0.0006	0.0005	0.0001	0.0003	0.0003	0.0000	0.0003	0.0003	0.0000	0.0564	0.0310	0.0254	0.0087	0.0079	0.0007	0.0477	0.0231	0.0247	396.2971	239.8631	1666.4865	597.9137	487.9411	11788.5648	357.1227	0.0343	1856.2168	0.0042	0.0034	0.0052	0.0029	0.0032	0.0004	0.0044	0.0035	0.0053
21	101	0.1325	4	1	2	0	0	0	0	0	0	N	Y	N	N	N	N	N	N	N	N	N	N	0.0000	0.0000	0.0000	0.0000	0.0000	0.0000	0.0000	0.0000	0.0000	0.0000	0.0000	0.0000	0.0000	0.0000	0.0000	0.0000	0.0000	0.0000	0.0000	0.0000	9.2038	0.0000	12.0710	3.0000	0.0000	0.0000	0.0000	0.0000	0.0000	0.0000	0.0000	0.0000	0.0000	0.0000	0.0000	0.0000	0.0000	0.0000	0.0000	0.0000	0.0000	0.0000	0.0000	0.0000	0.0000	0.0000	0.0000	0.0000	0.0000	0.0000	0.0000	0.1326	0.0667	0.0659	0.0127	0.0106	0.0021	0.1199	0.0562	0.0637	0.0000	0.0000	0.0000	0.0000	0.0000	0.0000	0.0000	0.0000	0.0000	0.0000	0.0000	0.0000	0.0000	0.0000	0.0000	0.0000	0.0000	0.0000											
21	102	0.1294	3	1	2	0	0	0	0	0	0	N	Y	N	N	N	N	N	N	N	N	N	N	0.0000	0.0000	0.0000	0.0000	0.0000	0.0000	0.0000	0.0000	0.0000	0.0000	0.0000	0.0000	0.0000	0.0000	0.0000	0.0000	0.0000	0.0000	0.0000	0.0000	9.2038	0.0000	12.0710	1.0000	0.0000	0.0000	0.0000	0.0000	0.0000	0.0000	0.0000	0.0000	0.0000	0.0000	0.0000	0.0000	0.0000	0.0000	0.0000	0.0000	0.0000	0.0000	0.0000	0.0000	0.0000	0.0000	0.0000	0.0000	0.0000	0.0000	0.0000	0.0460	0.0231	0.0229	0.0044	0.0037	0.0007	0.0416	0.0194	0.0222	0.0000	0.0000	0.0000	0.0000	0.0000	0.0000	0.0000	0.0000	0.0000	0.0000	0.0000	0.0000	0.0000	0.0000	0.0000	0.0000	0.0000	0.0000											
21	103	0.1256	2	0	2	0	0	0	0	0	0	N	Y	N	N	N	N	N	N	N	N	N	N	376.2931	0.0000	2059.4015	119.6984	0.0000	14505.3377	667.2374	0.0000	2290.2427	1.1607	0.0000	10.4917	0.3457	0.0000	6.3051	2.0818	0.0000	11.9850	0.0031	0.0014	0.0051	0.0029	0.0031	0.0004	0.0031	0.0009	0.0052	inf	2.9183	0.0005	0.0000	9.2038	0.0006	12.0710	1.0534	0.0006	0.0000	0.0006	0.0001	0.0000	0.0001	0.0005	0.0000	0.0005	0.0002	0.0000	0.0001	0.0000	0.0000	0.0000	0.0002	0.0000	0.0001	0.0005	0.0004	0.0001	0.0003	0.0002	0.0000	0.0002	0.0002	0.0000	0.0569	0.0312	0.0257	0.0087	0.0080	0.0007	0.0482	0.0233	0.0249	376.2931	0.0000	2059.4015	119.6984	0.0000	14505.3377	667.2374	0.0000	2290.2427	0.0031	0.0014	0.0051	0.0029	0.0031	0.0004	0.0031	0.0009	0.0052
21	109	0.3444	5	0	1	0	0	0	0	0	0	N	N	N	N	N	N	N	N	N	N	N	N	0.0113	0.0142	0.0000	0.2939	1.2194	0.0000	0.0000	0.0000	0.0000	0.0072	0.0082	0.0000	0.0608	0.0642	0.0000	0.0000	0.0001	0.0000	0.6374	0.5768	0.7679	0.2070	0.0527	1.5867	1.0230	1.3317	0.6746	0.0000	0.6192	-0.0007	-0.1686	9.2038	7.7801	12.0710	32.2209	0.0073	0.0073	0.0000	0.0073	0.0073	0.0000	0.0000	0.0000	0.0000	1.2159	0.7510	0.4650	0.1865	0.0405	0.1461	1.0294	0.7105	0.3189	1.0132	0.8905	0.1228	0.1195	0.1132	0.0063	0.8938	0.7773	0.1164	1.9075	1.3020	0.6055	0.9013	0.7685	0.1328	1.0062	0.5335	0.4727	0.0113	0.0142	0.0000	0.2939	1.2194	0.0000	0.0000	0.0000	0.0000	0.6374	0.5768	0.7679	0.2070	0.0527	1.0998	1.0230	1.3317	0.6746
22	23	0.1079	3	1	2	0	0	0	0	0	0	N	Y	N	N	N	N	N	N	N	N	N	N	0.0000	0.0000	0.0000	0.0000	0.0000	0.0000	0.0000	0.0000	0.0000	0.0000	0.0000	0.0000	0.0000	0.0000	0.0000	2.1208	3.2319	0.0000	0.0085	0.0095	0.0000	3.8196	8.2812	0.0000	0.0000	0.0000	-0.5139	12.2045	0.0000	6.9907	4.0676	0.0000	0.0000	0.0000	0.0000	0.0000	0.0000	0.0000	0.0000	0.0000	0.9863	0.9863	0.0000	0.0018	0.0018	0.0000	0.9845	0.9845	0.0000	0.0626	0.0570	0.0055	0.0345	0.0330	0.0015	0.0281	0.0240	0.0041	0.4651	0.3052	0.1599	0.2073	0.1863	0.0210	0.2578	0.1189	0.1389	0.0000	0.0000	0.0000	0.0000	0.0000	0.0000	0.0000	0.0000	0.0000	2.1208	3.2319	0.0000	0.0085	0.0095	0.0000	3.8196	8.2812	0.0000				
22	25	0.0818	2	1	2	0	0	0	0	0	0	N	Y	N	N	N	N	N	N	N	N	N	N	46.5332	42746.2798	4.6435	4.2001	7.0022	3.9176	71.7965	inf	5.3073	3.9778	4.3251	0.8308	0.0383	0.0047	0.5052	6.6435	7.4289	0.9527	0.0855	0.0001	0.1789	0.0091	0.0007	0.1290	0.0925	0.0000	0.1795	0.0212	1615.8834	-0.0763	0.0155	12.2045	1.0335	6.9907	7.4537	1.0193	0.9982	0.0212	0.0040	0.0005	0.0035	1.0154	0.9977	0.0177	0.0323	0.0000	0.0323	0.0003	0.0000	0.0003	0.0320	0.0000	0.0320	0.2563	0.2308	0.0255	0.1034	0.0965	0.0069	0.1528	0.1343	0.0185	0.3783	0.1977	0.1806	0.0320	0.0299	0.0021	0.3463	0.1678	0.1785	46.5332	42746.2798	4.6435	4.2001	7.0022	3.9176	71.7965	inf	5.3073	0.0855	0.0001	0.1789	0.0091	0.0007	0.1290	0.0925	0.0000	0.1795
22	27	0.1543	2	1	2	1	1	0	0	0	0	N	Y	N	N	N	N	N	N	N	N	N	N	812.9195	652.8346	19.8364	2223.8710	3074.4385	11.8688	0.0493	0.0000	3.3946	2.1723	2.4044	0.0217	5.2347	5.6326	0.0686	0.0001	0.0000	0.0012	0.0027	0.0037	0.0011	0.0024	0.0018	0.0058	0.0029	0.0061	0.0004	0.0010	0.1909	-0.0937	-0.0003	12.2045	1.9923	6.9907	5.5017	0.9909	0.9900	0.0010	0.9909	0.9900	0.0009	0.0000	0.0000	0.0000	0.0009	0.0007	0.0001	0.0003	0.0002	0.0001	0.0006	0.0005	0.0000	0.4562	0.4117	0.0444	0.1893	0.1758	0.0135	0.2669	0.2360	0.0309	0.3298	0.2009	0.1289	0.1321	0.1146	0.0175	0.1977	0.0863	0.1114	812.9195	652.8346	19.8364	2223.8710	3074.4385	11.8688	0.0493	0.0000	3.3946	0.0027	0.0037	0.0011	0.0024	0.0018	0.0058	0.0029	0.0061	0.0004
22	29	0.1216	4	2	2	0	0	0	0	0	0	Y	Y	N	N	N	N	N	N	N	N	N	N	0.0000	0.0000	0.0000	0.0000	0.0000	0.0000	0.0000	0.0000	0.0000	0.0000	0.0000	0.0000	0.0000	0.0000	0.0000	0.0000	0.0000	0.0000	0.0000	0.0000	12.2045	0.0000	6.9907	0.0000	0.0000	0.0000	0.0000	0.0000	0.0000	0.0000	0.0000	0.0000	0.0000	0.0000	0.0000	0.0000	0.0000	0.0000	0.0000	0.0000	0.0000	0.0000	0.0000	0.0000	0.0000	0.0000	0.0000	0.0000	0.0000	0.0000	0.0000	0.0000	0.0000	0.0000	0.0000	0.0000	0.0000	0.0000	0.0000	0.0000	0.0000	0.0000	0.0000	0.0000	0.0000	0.0000	0.0000	0.0000	0.0000	0.0000	0.0000	0.0000	0.0000	0.0000	0.0000	0.0000	0.0000	0.0000											
22	32	0.4887	8	1	1	1	0	0	0	0	0	N	N	N	N	N	N	N	N	N	N	N	N	0.0045	0.0176	0.0000	0.0440	0.0875	0.0000	0.0000	0.0000	0.0000	0.0006	0.0007	0.0000	0.0051	0.0054	0.0000	0.0000	0.0000	0.0000	0.1444	0.0419	0.3538	0.1158	0.0615	0.4401	0.1720	0.0088	0.3303	0.0000	4.1343	-0.0000	0.0223	12.2045	2.4598	6.9907	7.4321	0.0003	0.0003	0.0000	0.0003	0.0003	0.0000	0.0000	0.0000	0.0000	0.0784	0.0153	0.0631	0.0309	0.0141	0.0168	0.0475	0.0012	0.0463	0.4405	0.3876	0.0529	0.0560	0.0530	0.0030	0.3845	0.3346	0.0499	0.5426	0.3643	0.1783	0.2668	0.2285	0.0382	0.2759	0.1358	0.1401	0.0045	0.0176	0.0000	0.0440	0.0875	0.0000	0.0000	0.0000	0.0000	0.1444	0.0419	0.3538	0.1158	0.0615	0.4401	0.1720	0.0088	0.3303
22	33	0.4504	7	1	1	0	0	0	0	0	0	N	N	N	N	N	N	N	N	N	N	N	N	0.0005	0.0095	0.0001	0.0141	0.0332	0.0000	0.0003	0.0057	0.0001	0.0008	0.0008	0.0003	0.0018	0.0019	0.0000	0.0007	0.0007	0.0004	1.5658	0.0884	4.4974	0.1310	0.0587	0.5985	2.6137	0.1247	5.2885	0.0574	25.6307	-0.0000	0.4191	12.2045	2.7943	6.9907	8.2643	0.0004	0.0003	0.0000	0.0001	0.0001	0.0000	0.0003	0.0003	0.0000	0.9495	0.0357	0.9138	0.0335	0.0130	0.0205	0.9159	0.0226	0.8933	0.4735	0.4152	0.0583	0.0450	0.0426	0.0024	0.4285	0.3726	0.0559	0.6064	0.4032	0.2032	0.2559	0.2217	0.0343	0.3504	0.1815	0.1689	0.0005	0.0095	0.0001	0.0141	0.0332	0.0000	0.0003	0.0057	0.0001	1.5658	0.0884	4.4974	0.1310	0.0587	0.5985	2.6137	0.1247	5.2885
22	34	0.1193	2	1	2	0	0	0	0	0	0	N	Y	N	N	N	N	N	N	N	N	N	N	4.4818	4.7660	0.0000	17.8413	23.7916	0.0000	0.0000	0.0000	0.0000	0.2097	0.2537	0.0000	0.3874	0.4289	0.0000	0.0000	0.0000	0.0000	0.0468	0.0532	0.0345	0.0217	0.0180	0.0355	0.0797	0.1285	0.0339	0.0000	0.3380	-0.0000	-0.0023	12.2045	0.0009	6.9907	2.4415	0.0002	0.0002	0.0000	0.0002	0.0002	0.0000	0.0000	0.0000	0.0000	0.0085	0.0063	0.0021	0.0022	0.0015	0.0008	0.0062	0.0049	0.0014	0.0010	0.0008	0.0002	0.0005	0.0005	0.0001	0.0004	0.0003	0.0001	0.1811	0.1190	0.0621	0.1027	0.0810	0.0217	0.0783	0.0379	0.0404	4.4818	4.7660	0.0000	17.8413	23.7916	0.0000	0.0000	0.0000	0.0000	0.0468	0.0532	0.0345	0.0217	0.0180	0.0355	0.0797	0.1285	0.0339
22	36	0.1543	2	1	2	0	0	0	0	0	0	N	Y	N	N	N	N	N	N	N	N	N	N	437.3075	310.6200	1440.1687	657.6974	814.4524	467.3319	5.7353	0.0000	388.6420	1.3603	1.3266	1.8491	1.7899	1.7204	3.1796	0.0193	0.0000	0.1647	0.0031	0.0043	0.0013	0.0027	0.0021	0.0068	0.0034	0.0072	0.0004	0.0962	0.1909	-0.0001	-0.0003	12.2045	0.0123	6.9907	6.2120	0.0110	0.0100	0.0010	0.0110	0.0100	0.0009	0.0000	0.0000	0.0000	0.0009	0.0007	0.0001	0.0003	0.0002	0.0001	0.0006	0.0005	0.0000	0.0081	0.0076	0.0005	0.0061	0.0058	0.0003	0.0020	0.0017	0.0002	0.2833	0.1733	0.1100	0.1143	0.0994	0.0148	0.1691	0.0739	0.0952	437.3075	310.6200	1440.1687	657.6974	814.4524	467.3319	5.7353	0.0000	388.6420	0.0031	0.0043	0.0013	0.0027	0.0021	0.0068	0.0034	0.0072	0.0004
22	40	0.1193	2	1	1	1	0	0	0	0	0	N	N	N	N	N	N	N	N	N	N	N	N	9.6553	10.3239	0.0000	34.5352	46.7492	0.0000	0.0000	0.0000	0.0000	0.2097	0.2537	0.0000	0.3874	0.4289	0.0000	0.0000	0.0000	0.0000	0.0217	0.0246	0.0162	0.0112	0.0092	0.0194	0.0326	0.0495	0.0148	0.0000	0.3380	-0.0000	-0.0023	12.2045	0.0009	6.9907	7.7842	0.0002	0.0002	0.0000	0.0002	0.0002	0.0000	0.0000	0.0000	0.0000	0.0085	0.0063	0.0021	0.0022	0.0015	0.0008	0.0062	0.0049	0.0014	0.0010	0.0008	0.0002	0.0005	0.0005	0.0001	0.0004	0.0003	0.0001	0.3901	0.2577	0.1324	0.1989	0.1592	0.0396	0.1912	0.0984	0.0928	9.6553	10.3239	0.0000	34.5352	46.7492	0.0000	0.0000	0.0000	0.0000	0.0217	0.0246	0.0162	0.0112	0.0092	0.0194	0.0326	0.0495	0.0148
22	42	0.1338	2	1	2	0	0	0	0	0	0	N	Y	N	N	N	N	N	N	N	N	N	N	1.9585	1.7518	2.8494	3.2181	0.0841	0.0978	0.0000	0.2366	0.2845	0.0000	0.0000	0.0000	0.0000	0.0430	0.0558	0.0000	0.0831	0.0884	0.0000	0.0000	0.0000	0.0000	0.0000	0.0000	-0.0000	-0.0000	12.2045	0.0003	6.9907	0.0002	0.0000	0.0000	0.0000	0.0000	0.0000	0.0000	0.0000	0.0000	0.0000	0.0000	0.0000	0.0000	0.0000	0.0000	0.0000	0.0000	0.0000	0.0000	0.0001	0.0001	0.0000	0.0000	0.0000	0.0000	0.0000	0.0000	0.0000	0.0001	0.0001	0.0000	0.0001	0.0001	0.0000	0.0001	0.0000	0.0000	1.9585	1.7518	0.0000	2.8494	3.2181	0.0000	0.0000	0.0000	0.0000	0.0430	0.0558	0.0000	0.0831	0.0884	0.0000	0.0000	0.0000	0.0000					
22	43	0.0898	2	2	2	1	0	0	0	0	0	Y	Y	N	N	N	N	N	N	N	N	N	N	0.0000	0.0000	0.0000	0.0000	0.0000	0.0000	0.0000	0.0000	0.0000	0.0000	0.0000	0.0000	0.0000	0.0000	0.0000	0.0000	0.0000	0.0000	0.0000	0.0000	12.2045	0.0000	6.9907	2.0000	0.0000	0.0000	0.0000	0.0000	0.0000	0.0000	0.0000	0.0000	0.0000	0.0000	0.0000	0.0000	0.0000	0.0000	0.0000	0.0000	0.0000	0.0000	0.0000	0.0000	0.0000	0.0000	0.0000	0.0000	0.0000	0.0000	0.0000	0.0918	0.0536	0.0382	0.0180	0.0137	0.0042	0.0738	0.0398	0.0339	0.0000	0.0000	0.0000	0.0000	0.0000	0.0000	0.0000	0.0000	0.0000	0.0000	0.0000	0.0000	0.0000	0.0000	0.0000	0.0000	0.0000	0.0000											
22	44	0.0898	2	2	2	1	0	0	0	0	0	Y	Y	N	N	N	N	N	N	N	N	N	N	0.0000	0.0000	0.0000	0.0000	0.0000	0.0000	0.0000	0.0000	0.0000	0.0000	0.0000	0.0000	0.0000	0.0000	0.0000	0.0000	0.0000	0.0000	0.0000	0.0000	12.2045	0.0000	6.9907	0.0000	0.0000	0.0000	0.0000	0.0000	0.0000	0.0000	0.0000	0.0000	0.0000	0.0000	0.0000	0.0000	0.0000	0.0000	0.0000	0.0000	0.0000	0.0000	0.0000	0.0000	0.0000	0.0000	0.0000	0.0000	0.0000	0.0000	0.0000	0.0000	0.0000	0.0000	0.0000	0.0000	0.0000	0.0000	0.0000	0.0000	0.0000	0.0000	0.0000	0.0000	0.0000	0.0000	0.0000	0.0000	0.0000	0.0000	0.0000	0.0000	0.0000	0.0000	0.0000	0.0000	0.0000	0.0000											
22	48	0.1423	2	1	1	0	1	0	0	0	0	N	N	N	N	N	N	N	N	N	N	N	N	0.0087	3.7635	0.0000	19.2398	27.8784	0.0000	0.0000	0.0000	0.0000	0.0592	0.0687	0.0000	0.2572	0.2828	0.0000	0.0000	0.0000	0.0000	6.8261	0.0183	20.6996	0.0134	0.0101	0.0288	13.2781	0.0304	27.8004	0.0000	556.2300	-0.0000	0.4704	12.2045	0.0037	6.9907	3.0208	0.0001	0.0001	0.0000	0.0001	0.0001	0.0000	0.0000	0.0000	0.0000	0.9859	0.0018	0.9842	0.0009	0.0006	0.0004	0.9850	0.0012	0.9838	0.0009	0.0008	0.0001	0.0002	0.0002	0.0000	0.0007	0.0006	0.0001	0.1444	0.0969	0.0475	0.0703	0.0581	0.0122	0.0742	0.0388	0.0354	0.0087	3.7635	0.0000	19.2398	27.8784	0.0000	0.0000	0.0000	0.0000	6.8261	0.0183	20.6996	0.0134	0.0101	0.0288	13.2781	0.0304	27.8004
22	50	0.0987	2	1	2	1	0	0	0	0	0	N	Y	N	N	N	N	N	N	N	N	N	N	19.4704	242.0051	9.6787	139.5819	174.3374	46.6439	3.3577	inf	11.5416	0.1721	0.1692	0.1947	0.2550	0.2681	0.1485	0.0408	0.0112	0.2625	0.0088	0.0007	0.0201	0.0018	0.0015	0.0032	0.0121	0.0000	0.0227	0.1458	20.7614	0.0029	0.0005	12.2045	1.4428	6.9907	0.4686	0.0914	0.0797	0.0116	0.0830	0.0777	0.0053	0.0084	0.0020	0.0064	0.0011	0.0000	0.0010	0.0001	0.0000	0.0000	0.0010	0.0000	0.0010	0.5309	0.4712	0.0597	0.3254	0.2898	0.0355	0.2055	0.1813	0.0242	0.1202	0.0698	0.0504	0.0385	0.0317	0.0068	0.0817	0.0381	0.0436	19.4704	242.0051	9.6787	139.5819	174.3374	46.6439	3.3577	inf	11.5416	0.0088	0.0007	0.0201	0.0018	0.0015	0.0032	0.0121	0.0000	0.0227
22	52	0.0864	2	2	1	1	0	0	0	0	0	Y	N	N	N	N	N	N	N	N	N	N	N	0.1085	7.5647	0.3280	1.6308	3.2649	0.5797	0.0832	inf	0.2871	0.0234	0.0087	0.1434	0.0363	0.0211	0.2596	0.0196	0.0048	0.1255	0.2159	0.0012	0.4371	0.0222	0.0065	0.4479	0.2360	0.0000	0.4371	2.0139	367.7692	0.0025	0.0281	12.2045	0.9976	6.9907	4.7732	0.0044	0.0015	0.0029	0.0015	0.0008	0.0007	0.0028	0.0006	0.0022	0.0590	0.0002	0.0588	0.0006	0.0002	0.0004	0.0584	0.0000	0.0584	0.1868	0.1664	0.0204	0.0427	0.0400	0.0027	0.1441	0.1264	0.0177	0.2733	0.1387	0.1346	0.0257	0.0248	0.0009	0.2476	0.1139	0.1337	0.1085	7.5647	0.3280	1.6308	3.2649	0.5797	0.0832	inf	0.2871	0.2159	0.0012	0.4371	0.0222	0.0065	0.4479	0.2360	0.0000	0.4371
22	55	0.0850	2	1	2	0	0	0	0	0	0	N	Y	N	N	N	N	N	N	N	N	N	N	2.4611	11.6664	0.0000	11.7440	10.8423	0.0000	0.0000	0.0000	0.0000	0.2812	0.3453	0.0000	0.5421	0.5851	0.0000	0.0000	0.0000	0.0000	0.1143	0.0296	0.2681	0.0462	0.0540	0.0082	0.1649	0.0000	0.3352	0.0000	4.9866	-0.0001	0.0174	12.2045	0.0041	6.9907	6.2745	0.0014	0.0014	0.0000	0.0014	0.0014	0.0000	0.0000	0.0000	0.0000	0.0559	0.0093	0.0466	0.0096	0.0093	0.0003	0.0463	0.0000	0.0463	0.0051	0.0041	0.0009	0.0026	0.0024	0.0002	0.0024	0.0017	0.0007	0.4896	0.3158	0.1738	0.2088	0.1732	0.0356	0.2808	0.1426	0.1382	2.4611	11.6664	0.0000	11.7440	10.8423	0.0000	0.0000	0.0000	0.0000	0.1143	0.0296	0.2681	0.0462	0.0540	0.0082	0.1649	0.0000	0.3352
22	56	0.1338	2	1	1	1	0	0	0	0	0	N	N	N	N	N	N	N	N	N	N	N	N	80.1118	inf	0.0000	2463.4708	inf	0.0000	46.1621	inf	0.0000	2.9125	3.2967	0.0000	0.0020	0.0020	0.0000	3.0916	3.5172	0.0000	0.0364	0.0000	0.1056	0.0000	0.0000	0.0000	0.0670	0.0000	0.1425	0.0000	inf	-0.7841	0.0148	12.2045	18.9997	6.9907	4.0000	8.2045	8.2045	0.0000	0.0003	0.0003	0.0000	8.2041	8.2041	0.0000	0.0309	0.0000	0.0309	0.0000	0.0000	0.0000	0.0309	0.0000	0.0309	2.8170	2.4887	0.3283	0.1633	0.1561	0.0072	2.6537	2.3326	0.3211	0.8509	0.5579	0.2930	0.3890	0.3131	0.0759	0.4619	0.2448	0.2171	80.1118	inf	0.0000	2463.4708	inf	0.0000	46.1621	inf	0.0000	0.0364	0.0000	0.1056	0.0000	0.0000	0.0000	0.0670	0.0000	0.1425
22	58	0.0846	3	2	2	0	0	0	0	0	0	Y	Y	N	N	N	N	N	N	N	N	N	N	1.7222	inf	7.2510	8.0682	inf	4.4986	1.9469	inf	8.1211	0.0926	0.0104	0.8390	0.0610	0.0244	0.5736	0.1142	0.0002	0.9384	0.0538	0.0000	0.1157	0.0076	0.0000	0.1275	0.0587	0.0000	0.1156	8.8752	inf	0.0175	0.0110	12.2045	0.9359	6.9907	8.5945	0.0217	0.0022	0.0195	0.0058	0.0022	0.0036	0.0159	0.0000	0.0159	0.0231	0.0000	0.0231	0.0003	0.0000	0.0003	0.0227	0.0000	0.0227	0.2348	0.2115	0.0233	0.0953	0.0890	0.0064	0.1395	0.1225	0.0169	0.4287	0.2295	0.1993	0.0411	0.0386	0.0024	0.3877	0.1908	0.1968	1.7222	inf	7.2510	8.0682	inf	4.4986	1.9469	inf	8.1211	0.0538	0.0000	0.1157	0.0076	0.0000	0.1275	0.0587	0.0000	0.1156
22	59	0.0818	2	1	2	0	0	0	0	0	0	N	Y	N	N	N	N	N	N	N	N	N	N	1.6884	1.4241	5.4675	0.8980	0.8086	4.6276	1.9102	391.3041	6.0386	0.7270	0.4299	3.3762	0.9014	0.8218	2.2746	0.5820	0.0720	3.7370	0.4306	0.3018	0.6175	1.0037	1.0163	0.4915	0.3047	0.0002	0.6189	0.8810	1.4091	0.0168	0.0035	12.2045	0.1706	6.9907	1.8413	0.0450	0.0239	0.0211	0.0253	0.0218	0.0035	0.0197	0.0021	0.0176	0.0543	0.0226	0.0318	0.0228	0.0225	0.0003	0.0315	0.0000	0.0315	0.0619	0.0556	0.0062	0.0281	0.0266	0.0015	0.0338	0.0291	0.0047	0.1262	0.0747	0.0515	0.0227	0.0222	0.0005	0.1034	0.0525	0.0509	1.6884	1.4241	5.4675	0.8980	0.8086	4.6276	1.9102	391.3041	6.0386	0.4306	0.3018	0.6175	1.0037	1.0163	0.4915	0.3047	0.0002	0.6189
22	61	0.4568	8	1	1	0	0	0	0	0	0	N	N	N	N	N	N	N	N	N	N	N	N	0.0071	0.0053	inf	0.0298	0.0267	inf	0.0000	0.0000	0.0003	0.0003	0.0000	0.0030	0.0032	0.0000	0.0000	0.0000	0.0000	0.0412	0.0630	0.0000	0.1009	0.1191	0.0000	0.0016	0.0031	0.0000	0.0001	0.0000	-0.0000	-0.0133	12.2045	1.0140	6.9907	12.0537	0.0001	0.0001	0.0000	0.0001	0.0001	0.0000	0.0000	0.0000	0.0000	0.0255	0.0255	0.0000	0.0249	0.0249	0.0000	0.0006	0.0006	0.0000	0.1767	0.1548	0.0219	0.0173	0.0164	0.0009	0.1594	0.1385	0.0210	0.6194	0.4051	0.2143	0.2468	0.2092	0.0375	0.3726	0.1958	0.1768	0.0071	0.0053	inf	0.0298	0.0267	inf	0.0000	0.0000	0.0000	0.0412	0.0630	0.0000	0.1009	0.1191	0.0000	0.0016	0.0031	0.0000	
22	62	0.3809	5	1	1	0	0	0	0	0	0	N	N	N	N	N	N	N	N	N	N	N	N	0.1929	0.0161	inf	0.1813	0.1696	inf	0.1553	0.0000	inf	0.3295	0.0402	2.5629	0.1910	0.2090	0.0010	0.3613	0.0000	2.9838	1.7087	2.4970	0.0000	1.0536	1.2322	0.0000	2.3266	4.4467	0.0000	8.2492	0.0000	0.8880	-2.1628	12.2045	22.0948	6.9907	64.3951	1.1151	0.1206	0.9946	0.1206	0.1206	0.0001	0.9945	0.0000	0.9945	4.1505	4.1505	0.0000	1.2423	1.2423	0.0000	2.9083	2.9083	0.0000	3.3839	2.9959	0.3881	0.6316	0.5768	0.0548	2.7524	2.4191	0.3333	2.4291	1.6622	0.7669	1.1791	1.0082	0.1709	1.2500	0.6540	0.5960	0.1929	0.0161	inf	0.1813	0.1696	inf	0.1553	0.0000	inf	1.7087	2.4970	0.0000	1.0536	1.2322	0.0000	2.3266	4.4467	0.0000
22	63	0.1741	4	1	1	0	0	0	0	0	0	N	N	N	N	N	N	N	N	N	N	N	N	0.0115	0.0087	inf	0.1570	0.1436	inf	0.0000	0.0000	inf	0.0032	0.0036	0.0000	0.0450	0.0472	0.0001	0.0000	0.0000	0.0000	0.2747	0.4149	0.0000	0.2866	0.3286	0.0000	0.2659	0.5245	0.0000	0.0001	0.0000	-0.0002	-0.1903	12.2045	3.0638	6.9907	18.8214	0.0016	0.0016	0.0000	0.0016	0.0016	0.0000	0.0000	0.0000	0.0000	0.3652	0.3652	0.0000	0.1618	0.1618	0.0000	0.2034	0.2034	0.0000	0.5171	0.4525	0.0646	0.0364	0.0347	0.0017	0.4807	0.4178	0.0629	1.3297	0.8802	0.4494	0.5647	0.4925	0.0723	0.7649	0.3878	0.3772	0.0115	0.0087	inf	0.1570	0.1436	inf	0.0000	0.0000	inf	0.2747	0.4149	0.0000	0.2866	0.3286	0.0000	0.2659	0.5245	0.0000
22	64	0.0850	2	2	2	1	0	0	0	0	0	Y	Y	N	N	N	N	N	N	N	N	N	N	0.0047	1.7827	0.0000	13.0797	13.0196	0.0000	0.0000	0.0000	0.0000	0.0081	0.0093	0.0000	0.1308	0.1381	0.0000	0.0000	0.0000	0.0000	1.7357	0.0052	4.7046	0.0100	0.0106	0.0072	2.7851	0.0000	5.7613	0.0000	526.0944	-0.0001	0.4967	12.2045	1.0029	6.9907	8.4685	0.0014	0.0014	0.0000	0.0014	0.0014	0.0000	0.0000	0.0000	0.0000	1.0412	0.0020	1.0392	0.0023	0.0020	0.0003	1.0389	0.0000	1.0389	0.1762	0.1535	0.0227	0.0109	0.0103	0.0006	0.1653	0.1432	0.0221	0.5999	0.3790	0.2209	0.2269	0.1863	0.0406	0.3730	0.1927	0.1803	0.0047	1.7827	0.0000	13.0797	13.0196	0.0000	0.0000	0.0000	0.0000	1.7357	0.0052	4.7046	0.0100	0.0106	0.0072	2.7851	0.0000	5.7613
22	66	0.4568	8	1	2	0	0	0	0	0	0	N	Y	N	N	N	N	N	N	N	N	N	N	0.0002	0.0060	0.0000	0.0333	0.0299	0.0017	0.0000	0.0000	0.0000	0.0003	0.0003	0.0000	0.0030	0.0032	0.0000	0.0000	0.0000	0.0000	1.6092	0.0563	4.5360	0.0905	0.1065	0.0021	2.6100	0.0030	5.5012	0.0001	42.7512	-0.0000	0.4658	12.2045	1.0110	6.9907	12.5479	0.0001	0.0001	0.0000	0.0001	0.0001	0.0000	0.0000	0.0000	0.0000	1.0213	0.0233	0.9979	0.0228	0.0227	0.0001	0.9984	0.0006	0.9978	0.1762	0.1544	0.0218	0.0173	0.0163	0.0009	0.1590	0.1380	0.0209	0.6346	0.4146	0.2200	0.2521	0.2135	0.0386	0.3825	0.2012	0.1814	0.0002	0.0060	0.0000	0.0333	0.0299	0.0017	0.0000	0.0000	0.0000	1.6092	0.0563	4.5360	0.0905	0.1065	0.0021	2.6100	0.0030	5.5012
22	67	0.4504	7	1	1	0	0	0	0	0	0	N	N	N	N	N	N	N	N	N	N	N	N	0.0029	0.0026	0.0031	0.0121	0.0124	0.0000	0.0025	0.0024	0.0036	0.0008	0.0008	0.0005	0.0050	0.0053	0.0000	0.0003	0.0003	0.0005	0.2690	0.3199	0.1544	0.4188	0.4306	0.2747	0.1348	0.1307	0.1387	0.0799	0.2143	-0.0000	-0.0282	12.2045	0.9784	6.9907	1.5217	0.0001	0.0001	0.0000	0.0001	0.0001	0.0000	0.0001	0.0000	0.0000	0.0820	0.0675	0.0145	0.0603	0.0573	0.0030	0.0217	0.0102	0.0115	0.1705	0.1493	0.0211	0.0164	0.0156	0.0009	0.1540	0.1338	0.0203	0.3047	0.2110	0.0937	0.1439	0.1331	0.0108	0.1607	0.0779	0.0828	0.0029	0.0026	0.0031	0.0121	0.0124	0.0000	0.0025	0.0024	0.0036	0.2690	0.3199	0.1544	0.4188	0.4306	0.2747	0.1348	0.1307	0.1387
22	68	0.4202	6	1	1	0	0	0	0	0	0	N	N	N	N	N	N	N	N	N	N	N	N	0.4285	0.4104	0.0144	2.7595	2.5259	0.0005	0.0028	0.0011	0.0131	0.1213	0.1381	0.0025	1.1135	1.1715	0.0000	0.0005	0.0002	0.0026	0.2830	0.3366	0.1739	0.4035	0.4638	0.0909	0.1734	0.1493	0.1992	0.0026	0.2539	-0.0021	-0.0565	12.2045	1.0531	6.9907	9.0748	0.0229	0.0228	0.0001	0.0228	0.0228	0.0000	0.0001	0.0000	0.0001	0.1773	0.1414	0.0359	0.1205	0.1161	0.0044	0.0569	0.0254	0.0315	0.1887	0.1652	0.0235	0.0205	0.0195	0.0010	0.1682	0.1457	0.0224	0.6266	0.4202	0.2064	0.2985	0.2503	0.0482	0.3281	0.1699	0.1582	0.4285	0.4104	0.0144	2.7595	2.5259	0.0005	0.0028	0.0011	0.0131	0.2830	0.3366	0.1739	0.4035	0.4638	0.0909	0.1734	0.1493	0.1992
22	71	0.1200	5	1	1	1	0	0	0	0	0	N	N	N	N	N	N	N	N	N	N	N	N	0.0000	0.0000	0.0000	0.0000	0.0000	0.0000	0.0000	0.0000	0.0000	0.0000	0.0000	0.0000	0.0000	0.0000	0.0000	0.0015	0.0024	0.0000	0.0032	0.0037	0.0000	0.0005	0.0010	0.0000	0.0000	0.0000	-0.0000	12.2045	1.0000	6.9907	0.0055	0.0000	0.0000	0.0000	0.0000	0.0000	0.0000	0.0000	0.0000	0.0000	0.0001	0.0001	0.0000	0.0000	0.0000	0.0000	0.0000	0.0000	0.0000	0.1027	0.0894	0.0132	0.0000	0.0000	0.0000	0.1027	0.0894	0.0132	0.0328	0.0210	0.0118	0.0125	0.0107	0.0018	0.0203	0.0103	0.0100	0.0000	0.0000	0.0000	0.0000	0.0000	0.0000	0.0000	0.0000	0.0000	0.0015	0.0024	0.0000	0.0032	0.0037	0.0000	0.0005	0.0010	0.0000				
22	72	0.1133	4	1	1	1	0	0	0	0	0	N	N	N	N	N	N	N	N	N	N	N	N	0.0000	0.0000	0.0000	0.0000	0.0000	0.0000	0.0000	0.0000	0.0000	0.0000	0.0000	0.0000	0.0000	0.0000	0.0000	0.0000	0.0000	0.0000	0.0468	0.0709	0.0016	0.0938	0.1062	0.0107	0.0166	0.0324	0.0000	0.0118	0.0000	-0.0009	12.2045	0.0000	6.9907	1.0265	0.0000	0.0000	0.0000	0.0000	0.0000	0.0000	0.0000	0.0000	0.0000	0.0017	0.0017	0.0000	0.0013	0.0013	0.0000	0.0004	0.0004	0.0000	0.0000	0.0000	0.0000	0.0000	0.0000	0.0000	0.0000	0.0000	0.0000	0.0365	0.0238	0.0127	0.0143	0.0124	0.0019	0.0223	0.0114	0.0108	0.0000	0.0000	0.0000	0.0000	0.0000	0.0000	0.0000	0.0000	0.0000	0.0468	0.0709	0.0016	0.0938	0.1062	0.0107	0.0166	0.0324	0.0000	
22	73	0.1079	3	1	1	0	0	0	0	0	0	N	N	N	N	N	N	N	N	N	N	N	N	0.0000	0.0000	0.0000	0.0000	0.0000	0.0000	0.0000	0.0000	0.0000	0.0000	0.0000	0.0000	0.0000	0.0000	0.0000	0.0000	0.0000	0.0000	0.0836	0.1233	0.0008	0.1237	0.1345	0.0058	0.0406	0.0970	0.0000	0.0031	0.0000	-0.0152	12.2045	0.0000	6.9907	1.0321	0.0000	0.0000	0.0000	0.0000	0.0000	0.0000	0.0000	0.0000	0.0000	0.0294	0.0293	0.0001	0.0225	0.0224	0.0001	0.0069	0.0069	0.0000	0.0626	0.0570	0.0055	0.0345	0.0330	0.0015	0.0281	0.0240	0.0041	0.3512	0.2374	0.1138	0.1820	0.1666	0.0153	0.1692	0.0708	0.0985	0.0000	0.0000	0.0000	0.0000	0.0000	0.0000	0.0000	0.0000	0.0000	0.0836	0.1233	0.0008	0.1237	0.1345	0.0058	0.0406	0.0970	0.0000	
22	74	0.0851	2	1	1	0	0	0	0	0	0	N	N	N	N	N	N	N	N	N	N	N	N	0.3983	0.2346	8.2686	2.3887	2.4258	0.2936	0.1593	0.0420	9.5228	0.1534	0.1408	0.2266	0.4206	0.4511	0.0124	0.0809	0.0467	0.2505	0.3851	0.6001	0.0274	0.1761	0.1860	0.0424	0.5081	1.1108	0.0263	0.2776	0.0274	0.0026	-0.1668	12.2045	0.5629	6.9907	8.5245	0.0213	0.0167	0.0046	0.0125	0.0124	0.0000	0.0089	0.0042	0.0046	0.3373	0.3283	0.0090	0.0571	0.0562	0.0009	0.2802	0.2722	0.0081	0.1391	0.1186	0.0205	0.0297	0.0276	0.0021	0.1094	0.0910	0.0184	0.8759	0.5471	0.3288	0.3244	0.3021	0.0223	0.5515	0.2450	0.3065	0.3983	0.2346	8.2686	2.3887	2.4258	0.2936	0.1593	0.0420	9.5228	0.3851	0.6001	0.0274	0.1761	0.1860	0.0424	0.5081	1.1108	0.0263
22	75	0.1021	3	1	2	0	0	0	0	0	0	N	Y	N	N	N	N	N	N	N	N	N	N	0.0000	0.0000	0.0000	0.0000	0.0000	0.0000	0.0000	0.0000	0.0000	0.0000	0.0000	0.0000	0.0000	0.0000	0.0000	0.0000	0.0000	0.0000	0.0589	0.0300	0.1229	0.0109	0.0094	0.0229	0.0895	0.0507	0.1395	1.8511	0.0000	0.0019	12.2045	1.9994	6.9907	4.0943	0.0000	0.0000	0.0000	0.0000	0.0000	0.0000	0.0000	0.0000	0.0000	0.0151	0.0053	0.0098	0.0011	0.0008	0.0003	0.0140	0.0045	0.0095	0.2059	0.1802	0.0257	0.0001	0.0001	0.0000	0.2058	0.1801	0.0257	0.2564	0.1766	0.0798	0.0998	0.0884	0.0114	0.1567	0.0882	0.0685	0.0000	0.0000	0.0000	0.0000	0.0000	0.0000	0.0000	0.0000	0.0000	0.0589	0.0300	0.1229	0.0109	0.0094	0.0229	0.0895	0.0507	0.1395	
22	76	0.0958	2	1	1	0	0	0	0	0	0	N	N	N	N	N	N	N	N	N	N	N	N	0.0000	0.0000	0.0000	0.0000	0.0000	0.0000	0.0000	0.0000	0.0000	0.0000	0.0000	0.0000	0.0000	0.0000	0.0000	0.0000	0.0000	0.0000	6.6902	0.2314	21.0859	0.1247	0.1185	0.1848	11.3741	0.3677	24.0850	40.8815	0.0000	0.4494	12.2045	0.0011	6.9907	2.7207	0.0000	0.0000	0.0000	0.0000	0.0000	0.0000	0.0000	0.0000	0.0000	0.9875	0.0236	0.9640	0.0077	0.0066	0.0011	0.9799	0.0170	0.9629	0.0001	0.0001	0.0000	0.0000	0.0000	0.0000	0.0001	0.0001	0.0000	0.1476	0.1019	0.0457	0.0615	0.0557	0.0057	0.0862	0.0462	0.0400	0.0000	0.0000	0.0000	0.0000	0.0000	0.0000	0.0000	0.0000	0.0000	6.6902	0.2314	21.0859	0.1247	0.1185	0.1848	11.3741	0.3677	24.0850	
22	78	0.0839	2	2	1	1	0	0	0	0	0	Y	N	N	N	N	N	N	N	N	N	N	N	30.3206	inf	0.1425	469.3370	inf	0.0464	1.6808	inf	0.2310	1.0756	1.1659	0.0099	1.7115	1.8120	0.0019	0.0617	0.0676	0.0162	0.0355	0.0000	0.0697	0.0036	0.0000	0.0412	0.0367	0.0000	0.0699	0.0007	inf	-0.0595	0.0012	12.2045	1.6246	6.9907	0.0115	0.6271	0.6267	0.0005	0.6133	0.6132	0.0000	0.0139	0.0135	0.0004	0.0025	0.0000	0.0025	0.0000	0.0000	0.0000	0.0025	0.0000	0.0025	0.5831	0.5375	0.0456	0.3583	0.3384	0.0199	0.2248	0.1991	0.0257	0.0717	0.0352	0.0365	0.0027	0.0025	0.0002	0.0690	0.0327	0.0362	30.3206	inf	0.1425	469.3370	inf	0.0464	1.6808	inf	0.2310	0.0355	0.0000	0.0697	0.0036	0.0000	0.0412	0.0367	0.0000	0.0699
22	83	0.1741	4	1	1	0	0	0	0	0	0	N	N	N	N	N	N	N	N	N	N	N	N	0.0029	0.0021	inf	0.0605	0.0546	inf	0.0000	0.0000	inf	0.0011	0.0012	0.0000	0.0161	0.0169	0.0000	0.0000	0.0000	0.0000	0.3643	0.5649	0.0000	0.2659	0.3094	0.0000	0.4227	0.8170	0.0000	0.0001	0.0000	-0.0002	-0.3166	12.2045	10.0679	6.9907	33.8159	0.0016	0.0016	0.0000	0.0016	0.0016	0.0000	0.0000	0.0000	0.0000	0.6077	0.6077	0.0000	0.1653	0.1653	0.0000	0.4424	0.4424	0.0000	1.5404	1.3540	0.1864	0.1017	0.0969	0.0047	1.4387	1.2570	0.1817	1.6681	1.0756	0.5925	0.6215	0.5341	0.0874	1.0466	0.5415	0.5051	0.0029	0.0021	inf	0.0605	0.0546	inf	0.0000	0.0000	inf	0.3643	0.5649	0.0000	0.2659	0.3094	0.0000	0.4227	0.8170	0.0000
22	84	0.1465	3	1	1	0	0	0	0	0	0	N	N	N	N	N	N	N	N	N	N	N	N	0.0153	0.0122	0.0205	0.1173	0.1269	0.0001	0.0062	0.0035	0.0446	0.0191	0.0213	0.0045	0.0854	0.0893	0.0001	0.0101	0.0110	0.0046	1.2473	1.7438	0.2173	0.7284	0.7038	1.0051	1.6377	3.1303	0.1042	0.0307	0.0601	-0.0002	-0.7434	12.2045	0.9441	6.9907	14.0836	0.0035	0.0034	0.0001	0.0019	0.0019	0.0000	0.0016	0.0015	0.0001	1.6007	1.5100	0.0907	0.4013	0.3482	0.0531	1.1994	1.1618	0.0376	0.1830	0.1596	0.0234	0.0218	0.0209	0.0010	0.1612	0.1387	0.0224	1.2833	0.8659	0.4174	0.5510	0.4948	0.0562	0.7324	0.3711	0.3612	0.0153	0.0122	0.0205	0.1173	0.1269	0.0001	0.0062	0.0035	0.0446	1.2473	1.7438	0.2173	0.7284	0.7038	0.9444	1.6377	3.1303	0.1042
22	85	0.4287	6	1	1	0	0	0	0	0	0	N	N	N	N	N	N	N	N	N	N	N	N	0.8776	0.3220	3.6387	0.3207	0.4888	0.0068	2.7739	9999.9713	9.2732	0.4877	0.1344	3.1242	0.3087	0.3434	0.0218	0.5276	0.0872	3.7432	0.5558	0.4175	0.8586	0.9627	0.7026	3.2186	0.1902	0.0000	0.4037	3.1141	0.9394	0.8668	-0.0329	12.2045	15.0008	6.9907	28.2980	1.3106	0.3186	0.9920	0.1511	0.1500	0.0012	1.1594	0.1686	0.9909	0.8958	0.4619	0.4339	0.7343	0.4619	0.2724	0.1615	0.0000	0.1615	2.6870	2.3694	0.3175	0.4896	0.4368	0.0528	2.1974	1.9327	0.2647	1.6117	1.1064	0.5053	0.7627	0.6574	0.1053	0.8490	0.4490	0.4001	0.8776	0.3220	3.6387	0.3207	0.4888	0.0084	2.7739	9999.9713	9.2732	0.5558	0.4175	0.8586	0.9627	0.7026	2.5877	0.1902	0.0000	0.4037
22	86	0.4287	6	1	1	0	0	0	0	0	0	N	N	N	N	N	N	N	N	N	N	N	N	0.2343	0.3649	0.0000	0.1529	0.2408	0.0000	0.6260	15569.9984	0.0000	0.1340	0.1534	0.0000	0.1406	0.1600	0.0000	0.1318	0.1511	0.0000	0.5720	0.4204	0.9286	0.9193	0.6643	3.2249	0.2105	0.0000	0.4440	0.0000	0.9394	-0.0221	-0.0329	12.2045	10.8154	6.9907	27.4443	0.2308	0.2308	0.0000	0.0622	0.0622	0.0000	0.1686	0.1686	0.0000	0.8958	0.4619	0.4339	0.7343	0.4619	0.2724	0.1615	0.0000	0.1615	1.7219	1.5046	0.2174	0.4429	0.3891	0.0538	1.2791	1.1155	0.1636	1.5660	1.0987	0.4672	0.7987	0.6953	0.1035	0.7672	0.4035	0.3638	0.2343	0.3649	0.0000	0.1529	0.2408	0.0000	0.6260	15569.9984	0.0000	0.5720	0.4204	0.9286	0.9193	0.6643	2.6325	0.2105	0.0000	0.4440
22	87	0.3809	5	1	1	0	0	0	0	0	0	N	N	N	N	N	N	N	N	N	N	N	N	0.3678	0.4423	0.1293	0.3096	0.4105	0.0056	0.4685	0.5336	0.2859	0.2175	0.2349	0.0960	0.2113	0.2355	0.0133	0.2223	0.2344	0.1464	0.5913	0.5310	0.7424	0.6826	0.5737	2.3577	0.4745	0.4393	0.5122	0.0584	0.5582	-0.0093	-0.2259	12.2045	2.7608	6.9907	22.4044	0.2307	0.2180	0.0127	0.0977	0.0970	0.0007	0.1331	0.1210	0.0121	1.3876	0.8905	0.4971	0.8992	0.6566	0.2426	0.4884	0.2339	0.2545	1.0607	0.9281	0.1326	0.4621	0.4119	0.0502	0.5986	0.5162	0.0824	2.3466	1.6770	0.6696	1.3174	1.1446	0.1728	1.0292	0.5324	0.4968	0.3678	0.4423	0.1293	0.3096	0.4105	0.0095	0.4685	0.5336	0.2859	0.5913	0.5310	0.7424	0.6826	0.5737	1.4043	0.4745	0.4393	0.5122
22	88	0.2511	4	1	1	0	0	0	0	0	0	N	N	N	N	N	N	N	N	N	N	N	N	0.0990	0.1143	0.0445	0.0479	0.0676	0.0005	0.1508	0.1495	0.0878	0.0900	0.0959	0.0468	0.0620	0.0658	0.0025	0.0944	0.1010	0.0501	0.9092	0.8385	1.0531	1.2936	0.9731	5.0680	0.6255	0.6753	0.5702	0.0668	0.6166	-0.0045	-0.2709	12.2045	8.8820	6.9907	49.9570	0.1365	0.1280	0.0085	0.0127	0.0127	0.0000	0.1238	0.1152	0.0085	1.9399	1.2000	0.7399	1.1719	0.7634	0.4085	0.7680	0.4366	0.3315	1.5171	1.3346	0.1825	0.2055	0.1932	0.0123	1.3116	1.1414	0.1702	2.1337	1.4310	0.7027	0.9059	0.7845	0.1213	1.2278	0.6465	0.5813	0.0990	0.1143	0.0445	0.0479	0.0676	0.0008	0.1508	0.1495	0.0878	0.9092	0.8385	1.0531	1.2936	0.9731	3.3662	0.6255	0.6753	0.5702
22	90	0.1358	6	1	2	0	1	0	0	0	0	N	Y	N	N	N	N	N	N	N	N	N	N	0.0000	0.0000	0.0000	0.0000	0.0000	0.0000	0.0000	0.0000	0.0000	0.0000	0.0000	0.0000	0.0000	0.0000	0.0000	0.0000	0.0000	0.0000	0.0000	0.0000	12.2045	0.0000	6.9907	0.0000	0.0000	0.0000	0.0000	0.0000	0.0000	0.0000	0.0000	0.0000	0.0000	0.0000	0.0000	0.0000	0.0000	0.0000	0.0000	0.0000	0.0000	0.0000	0.0000	0.0000	0.0000	0.0000	0.0000	0.0000	0.0000	0.0000	0.0000	0.0000	0.0000	0.0000	0.0000	0.0000	0.0000	0.0000	0.0000	0.0000	0.0000	0.0000	0.0000	0.0000	0.0000	0.0000	0.0000	0.0000	0.0000	0.0000	0.0000	0.0000	0.0000	0.0000	0.0000	0.0000	0.0000	0.0000											
22	91	0.1250	5	1	2	0	1	0	0	0	0	N	Y	N	N	N	N	N	N	N	N	N	N	0.0000	0.0000	0.0000	0.0000	0.0000	0.0000	0.0000	0.0000	0.0000	0.0000	0.0000	0.0000	0.0000	0.0000	0.0000	0.0000	0.0000	0.0000	0.0000	0.0000	12.2045	1.0000	6.9907	3.0000	0.0000	0.0000	0.0000	0.0000	0.0000	0.0000	0.0000	0.0000	0.0000	0.0000	0.0000	0.0000	0.0000	0.0000	0.0000	0.0000	0.0000	0.0000	0.1571	0.1401	0.0170	0.0520	0.0480	0.0041	0.1051	0.0921	0.0130	0.1533	0.0766	0.0767	0.0160	0.0135	0.0026	0.1373	0.0632	0.0741	0.0000	0.0000	0.0000	0.0000	0.0000	0.0000	0.0000	0.0000	0.0000	0.0000	0.0000	0.0000	0.0000	0.0000	0.0000	0.0000	0.0000	0.0000											
22	92	0.1185	3	1	2	0	0	0	0	0	0	N	Y	N	N	N	N	N	N	N	N	N	N	0.0000	0.0000	0.0000	0.0000	0.0000	0.0000	0.0000	0.0000	0.0000	0.0000	0.0000	0.0000	0.0000	0.0000	0.0000	0.0000	0.0000	0.0000	0.0000	0.0000	12.2045	0.0000	6.9907	0.0000	0.0000	0.0000	0.0000	0.0000	0.0000	0.0000	0.0000	0.0000	0.0000	0.0000	0.0000	0.0000	0.0000	0.0000	0.0000	0.0000	0.0000	0.0000	0.0000	0.0000	0.0000	0.0000	0.0000	0.0000	0.0000	0.0000	0.0000	0.0000	0.0000	0.0000	0.0000	0.0000	0.0000	0.0000	0.0000	0.0000	0.0000	0.0000	0.0000	0.0000	0.0000	0.0000	0.0000	0.0000	0.0000	0.0000	0.0000	0.0000	0.0000	0.0000	0.0000	0.0000	0.0000	0.0000											
22	93	0.1250	5	1	1	1	1	0	0	0	0	N	N	N	N	N	N	N	N	N	N	N	N	0.0000	0.0000	0.0000	0.0000	0.0000	0.0000	0.0000	0.0000	0.0000	0.0000	0.0000	0.0000	0.0000	0.0000	0.0000	0.0000	0.0000	0.0000	0.0000	0.0000	12.2045	0.0000	6.9907	0.0000	0.0000	0.0000	0.0000	0.0000	0.0000	0.0000	0.0000	0.0000	0.0000	0.0000	0.0000	0.0000	0.0000	0.0000	0.0000	0.0000	0.0000	0.0000	0.0000	0.0000	0.0000	0.0000	0.0000	0.0000	0.0000	0.0000	0.0000	0.0000	0.0000	0.0000	0.0000	0.0000	0.0000	0.0000	0.0000	0.0000	0.0000	0.0000	0.0000	0.0000	0.0000	0.0000	0.0000	0.0000	0.0000	0.0000	0.0000	0.0000	0.0000	0.0000	0.0000	0.0000	0.0000	0.0000											
22	94	0.1224	4	1	1	0	1	0	0	0	0	N	N	N	N	N	N	N	N	N	N	N	N	0.0000	0.0000	0.0000	0.0000	0.0000	0.0000	0.0000	0.0000	0.0000	0.0000	0.0000	0.0000	0.0000	0.0000	0.0000	0.0000	0.0000	0.0000	0.0000	0.0000	12.2045	1.0000	6.9907	0.0097	0.0000	0.0000	0.0000	0.0000	0.0000	0.0000	0.0000	0.0000	0.0000	0.0000	0.0000	0.0000	0.0000	0.0000	0.0000	0.0000	0.0000	0.0000	0.1571	0.1401	0.0170	0.0520	0.0479	0.0041	0.1051	0.0921	0.0130	0.0416	0.0207	0.0209	0.0050	0.0043	0.0007	0.0366	0.0164	0.0202	0.0000	0.0000	0.0000	0.0000	0.0000	0.0000	0.0000	0.0000	0.0000	0.0000	0.0000	0.0000	0.0000	0.0000	0.0000	0.0000	0.0000	0.0000											
22	95	0.1224	4	1	1	1	1	0	0	0	0	N	N	N	N	N	N	N	N	N	N	N	N	inf	inf	inf	inf	3.2257	3.6169	0.0000	9.7932	10.6181	0.0000	0.0000	0.0000	0.0000	0.0000	0.0000	0.0000	0.0000	0.0000	0.0000	0.0000	0.0000	0.0000	0.0000	-0.0956	0.0000	12.2045	2.0000	6.9907	3.0050	1.0000	1.0000	0.0000	1.0000	1.0000	0.0000	0.0000	0.0000	0.0000	0.0000	0.0000	0.0000	0.0000	0.0000	0.0000	0.0000	0.0000	0.0000	0.3100	0.2765	0.0335	0.1021	0.0942	0.0079	0.2079	0.1823	0.0256	0.1911	0.0957	0.0955	0.0205	0.0173	0.0032	0.1706	0.0783	0.0923	inf	inf	0.0000	inf	inf	0.0000	0.0000	0.0000	0.0000	0.0000	0.0000	0.0000	0.0000	0.0000	0.0000	0.0000	0.0000	0.0000						
22	96	0.1224	4	1	1	1	1	0	0	0	0	N	N	N	N	N	N	N	N	N	N	N	N	0.0000	0.0000	0.0000	0.0000	0.0000	0.0000	0.0000	0.0000	0.0000	0.0000	0.0000	0.0000	0.0000	0.0000	0.0000	0.0000	0.0000	0.0000	0.0000	0.0000	12.2045	0.0000	6.9907	6.9903	0.0000	0.0000	0.0000	0.0000	0.0000	0.0000	0.0000	0.0000	0.0000	0.0000	0.0000	0.0000	0.0000	0.0000	0.0000	0.0000	0.0000	0.0000	0.0000	0.0000	0.0000	0.0000	0.0000	0.0000	0.0000	0.0000	0.0000	0.2603	0.1307	0.1297	0.0276	0.0233	0.0043	0.2327	0.1074	0.1253	0.0000	0.0000	0.0000	0.0000	0.0000	0.0000	0.0000	0.0000	0.0000	0.0000	0.0000	0.0000	0.0000	0.0000	0.0000	0.0000	0.0000	0.0000											
22	97	0.1168	3	1	1	0	1	0	0	0	0	N	N	N	N	N	N	N	N	N	N	N	N	0.0000	0.0000	0.0000	0.0000	0.0000	0.0000	0.0000	0.0000	0.0000	0.0000	0.0000	0.0000	0.0000	0.0003	0.0000	0.0007	0.0000	0.0000	0.0000	0.0004	0.0000	0.0007	inf	0.0000	0.0000	12.2045	0.9999	6.9907	1.0605	0.0000	0.0000	0.0000	0.0000	0.0000	0.0000	0.0000	0.0000	0.0000	0.0000	0.0000	0.0000	0.0000	0.0000	0.0000	0.0000	0.0000	0.0000	0.2155	0.1935	0.0220	0.0771	0.0713	0.0058	0.1384	0.1222	0.0161	0.0935	0.0492	0.0443	0.0117	0.0104	0.0014	0.0817	0.0388	0.0430	0.0000	0.0000	0.0000	0.0000	0.0000	0.0000	0.0000	0.0000	0.0000	0.0003	0.0000	0.0007	0.0000	0.0000	0.0000	0.0004	0.0000	0.0007						
22	98	0.1147	2	1	1	0	1	0	0	0	0	N	N	N	N	N	N	N	N	N	N	N	N	33.1877	52.0586	125.3400	40.4747	18.1073	3065.8718	42.2045	29706.1158	131.1085	0.2451	0.0529	1.8949	0.1484	0.0717	1.4814	0.3401	0.0322	2.0389	0.0074	0.0010	0.0151	0.0037	0.0040	0.0005	0.0081	0.0000	0.0156	4.1773	12.2647	0.0001	0.0002	12.2045	0.0012	6.9907	1.0414	0.0002	0.0000	0.0001	0.0001	0.0000	0.0000	0.0001	0.0000	0.0001	0.0004	0.0000	0.0004	0.0000	0.0000	0.0000	0.0004	0.0000	0.0004	0.0007	0.0007	0.0001	0.0004	0.0003	0.0000	0.0004	0.0003	0.0001	0.0521	0.0286	0.0235	0.0080	0.0073	0.0007	0.0441	0.0213	0.0229	33.1877	52.0586	125.3400	40.4747	18.1073	3065.8718	42.2045	29706.1158	131.1085	0.0074	0.0010	0.0151	0.0037	0.0040	0.0005	0.0081	0.0000	0.0156
22	101	0.1216	4	2	2	0	0	0	0	0	0	Y	Y	N	N	N	N	N	N	N	N	N	N	0.0000	0.0000	0.0000	0.0000	0.0000	0.0000	0.0000	0.0000	0.0000	0.0000	0.0000	0.0000	0.0000	0.0000	0.0000	0.0000	0.0000	0.0000	0.0000	0.0000	12.2045	0.0000	6.9907	3.0000	0.0000	0.0000	0.0000	0.0000	0.0000	0.0000	0.0000	0.0000	0.0000	0.0000	0.0000	0.0000	0.0000	0.0000	0.0000	0.0000	0.0000	0.0000	0.0000	0.0000	0.0000	0.0000	0.0000	0.0000	0.0000	0.0000	0.0000	0.1229	0.0618	0.0611	0.0119	0.0099	0.0020	0.1110	0.0518	0.0591	0.0000	0.0000	0.0000	0.0000	0.0000	0.0000	0.0000	0.0000	0.0000	0.0000	0.0000	0.0000	0.0000	0.0000	0.0000	0.0000	0.0000	0.0000											
22	102	0.1185	3	2	2	0	0	0	0	0	0	Y	Y	N	N	N	N	N	N	N	N	N	N	0.0000	0.0000	0.0000	0.0000	0.0000	0.0000	0.0000	0.0000	0.0000	0.0000	0.0000	0.0000	0.0000	0.0000	0.0000	0.0000	0.0000	0.0000	0.0000	0.0000	12.2045	0.0000	6.9907	1.0000	0.0000	0.0000	0.0000	0.0000	0.0000	0.0000	0.0000	0.0000	0.0000	0.0000	0.0000	0.0000	0.0000	0.0000	0.0000	0.0000	0.0000	0.0000	0.0000	0.0000	0.0000	0.0000	0.0000	0.0000	0.0000	0.0000	0.0000	0.0427	0.0214	0.0213	0.0041	0.0034	0.0007	0.0385	0.0180	0.0206	0.0000	0.0000	0.0000	0.0000	0.0000	0.0000	0.0000	0.0000	0.0000	0.0000	0.0000	0.0000	0.0000	0.0000	0.0000	0.0000	0.0000	0.0000											
22	103	0.1147	2	1	2	0	0	0	0	0	0	N	Y	N	N	N	N	N	N	N	N	N	N	33.5507	inf	144.4460	2342.6168	inf	3889.7478	47.0893	147.8143	0.2270	0.0003	2.1619	0.0938	0.0005	1.8315	0.3758	0.0000	2.2758	0.0068	0.0000	0.0150	0.0000	0.0000	0.0005	0.0080	0.0000	0.0154	975.5618	inf	0.0001	0.0002	12.2045	0.0006	6.9907	1.0534	0.0001	0.0000	0.0001	0.0000	0.0000	0.0000	0.0001	0.0000	0.0001	0.0004	0.0000	0.0004	0.0000	0.0000	0.0000	0.0004	0.0000	0.0004	0.0006	0.0005	0.0001	0.0003	0.0003	0.0000	0.0003	0.0002	0.0000	0.0526	0.0288	0.0238	0.0080	0.0074	0.0007	0.0446	0.0215	0.0231	33.5507	inf	144.4460	2342.6168	inf	3889.7478	47.0893	0.0000	147.8143	0.0068	0.0000	0.0150	0.0000	0.0000	0.0005	0.0080	0.0000	0.0154	
22	109	0.3334	5	1	1	0	0	0	0	0	0	N	N	N	N	N	N	N	N	N	N	N	N	0.7318	0.5679	inf	0.1063	0.0959	inf	0.5493	0.3341	inf	0.7904	0.8987	0.0000	0.0523	0.0554	0.0001	0.8833	1.0140	0.0000	1.0801	1.5824	0.0000	0.4923	0.5773	0.0000	1.6080	3.0353	0.0000	0.0000	0.0000	-0.0960	-0.9908	12.2045	7.7801	6.9907	32.2209	1.0047	1.0047	0.0000	0.0074	0.0074	0.0000	0.9973	0.9973	0.0000	1.9014	1.9014	0.0000	0.4100	0.4100	0.0000	1.4914	1.4914	0.0000	1.2711	1.1179	0.1532	0.1421	0.1344	0.0077	1.1290	0.9835	0.1454	1.7604	1.2016	0.5588	0.8330	0.7102	0.1227	0.9275	0.4914	0.4361	0.7318	0.5679	inf	0.1063	0.0959	inf	0.5493	0.3341	inf	1.0801	1.5824	0.0000	0.4923	0.5773	0.0000	1.6080	3.0353	0.0000
23	24	0.0771	3	1	2	0	0	0	0	0	0	N	Y	N	N	N	N	N	N	N	N	N	N	0.0000	0.0000	0.0000	0.0000	0.0000	0.0000	0.0000	0.0000	0.0000	0.0000	0.0000	0.0000	0.0000	0.0000	0.0000	0.0000	0.0000	0.0000	1.6404	2.4238	0.1299	0.0088	0.0047	0.0451	2.9219	6.0535	0.1428	0.0278	0.0000	-0.4976	0.0000	8.3046	4.0676	21.0710	0.0000	0.0000	0.0000	0.0000	0.0000	0.0000	0.0000	0.0000	0.0000	1.0072	0.9800	0.0273	0.0024	0.0012	0.0012	1.0048	0.9788	0.0260	0.0484	0.0428	0.0055	0.0270	0.0255	0.0015	0.0214	0.0173	0.0041	0.6140	0.4043	0.2097	0.2701	0.2426	0.0275	0.3439	0.1617	0.1822	0.0000	0.0000	0.0000	0.0000	0.0000	0.0000	0.0000	0.0000	0.0000	1.6404	2.4238	0.1299	0.0088	0.0047	0.0451	2.9219	6.0535	0.1428	
23	25	0.0951	4	0	2	0	0	0	0	0	0	N	Y	N	N	N	N	N	N	N	N	N	N	0.0000	0.0000	0.0000	0.0000	0.0000	0.0000	0.0000	0.0000	0.0000	0.0000	0.0000	0.0000	0.0000	0.0000	0.0000	0.0000	0.0134	0.0002	0.0380	0.0002	0.0002	0.0000	0.0272	0.0000	0.0451	124.5937	0.0000	0.0012	0.0000	1.0335	4.0676	7.4537	0.0000	0.0000	0.0000	0.0000	0.0000	0.0000	0.0000	0.0000	0.0000	0.0025	0.0000	0.0025	0.0000	0.0000	0.0000	0.0025	0.0000	0.0025	0.0060	0.0058	0.0003	0.0036	0.0035	0.0001	0.0024	0.0023	0.0001	0.1889	0.1226	0.0663	0.0962	0.0858	0.0104	0.0927	0.0369	0.0559	0.0000	0.0000	0.0000	0.0000	0.0000	0.0000	0.0000	0.0000	0.0000	0.0134	0.0002	0.0380	0.0002	0.0002	0.0000	0.0272	0.0000	0.0451			
23	26	0.0771	3	0	2	0	0	0	0	0	0	N	Y	N	N	N	N	N	N	N	N	N	N	0.0000	0.0000	0.0000	0.0000	0.0000	0.0000	0.0000	0.0000	0.0000	0.0000	0.0000	0.0000	0.0000	0.0001	0.0002	0.0000	0.0003	0.0003	0.0000	0.0000	0.0000	0.0000	0.0000	0.0000	-0.0000	0.0000	7.2039	4.0676	4.9911	0.0000	0.0000	0.0000	0.0000	0.0000	0.0000	0.0000	0.0000	0.0000	0.0000	0.0000	0.0000	0.0000	0.0000	0.0000	0.0000	0.0000	0.0000	0.0442	0.0386	0.0056	0.0247	0.0233	0.0015	0.0194	0.0153	0.0041	0.3333	0.2181	0.1152	0.1504	0.1352	0.0152	0.1829	0.0829	0.1000	0.0000	0.0000	0.0000	0.0000	0.0000	0.0000	0.0000	0.0000	0.0000	0.0001	0.0002	0.0000	0.0003	0.0003	0.0000	0.0000	0.0000	0.0000						
23	27	0.1676	4	0	2	1	1	0	0	0	0	N	Y	N	N	N	N	N	N	N	N	N	N	0.0000	0.0000	0.0000	0.0000	0.0000	0.0000	0.0000	0.0000	0.0000	0.0000	0.0000	0.0000	0.0000	0.0000	0.0000	0.0000	0.0000	0.0000	0.0009	0.0013	0.0003	0.0012	0.0013	0.0002	0.0007	0.0012	0.0004	0.1439	0.0000	-0.0001	0.0000	1.9923	4.0676	5.5017	0.0000	0.0000	0.0000	0.0000	0.0000	0.0000	0.0000	0.0000	0.0000	0.0002	0.0001	0.0000	0.0001	0.0001	0.0000	0.0001	0.0000	0.0000	0.0111	0.0107	0.0004	0.0066	0.0064	0.0002	0.0045	0.0043	0.0002	0.1679	0.1084	0.0595	0.0851	0.0754	0.0096	0.0828	0.0329	0.0499	0.0000	0.0000	0.0000	0.0000	0.0000	0.0000	0.0000	0.0000	0.0000	0.0009	0.0013	0.0003	0.0012	0.0013	0.0002	0.0007	0.0012	0.0004	
23	28	0.0771	3	0	2	0	0	0	0	0	0	N	Y	N	N	N	N	N	N	N	N	N	N	0.0000	0.0000	0.0000	0.0000	0.0000	0.0000	0.0000	0.0000	0.0000	0.0000	0.0000	0.0000	0.0000	0.0000	0.0000	0.0000	0.0000	0.0000	2.4620	3.6761	0.1529	0.0105	0.0054	0.0558	4.4521	9.5255	0.1677	0.0219	0.0000	-0.5002	0.0000	1.7961	4.0676	15.9291	0.0000	0.0000	0.0000	0.0000	0.0000	0.0000	0.0000	0.0000	0.0000	1.0011	0.9797	0.0214	0.0019	0.0009	0.0010	0.9992	0.9788	0.0204	0.0214	0.0158	0.0057	0.0125	0.0110	0.0014	0.0090	0.0047	0.0043	0.4066	0.2665	0.1401	0.1822	0.1638	0.0185	0.2244	0.1028	0.1217	0.0000	0.0000	0.0000	0.0000	0.0000	0.0000	0.0000	0.0000	0.0000	2.4620	3.6761	0.1529	0.0105	0.0054	0.0558	4.4521	9.5255	0.1677	
23	29	0.1349	6	1	2	0	0	0	0	0	0	N	Y	N	N	N	N	N	N	N	N	N	N	0.0000	0.0000	0.0000	0.0000	0.0000	0.0000	0.0000	0.0000	0.0000	0.0000	0.0000	0.0000	0.0000	0.0000	0.0000	0.0000	0.0000	0.0000	0.0000	0.0000	0.0000	0.0000	4.0676	0.0000	0.0000	0.0000	0.0000	0.0000	0.0000	0.0000	0.0000	0.0000	0.0000	0.0000	0.0000	0.0000	0.0000	0.0000	0.0000	0.0000	0.0000	0.0000	0.0000	0.0000	0.0000	0.0000	0.0000	0.0000	0.0000	0.0000	0.0000	0.0000	0.0000	0.0000	0.0000	0.0000	0.0000	0.0000	0.0000	0.0000	0.0000	0.0000	0.0000	0.0000	0.0000	0.0000	0.0000	0.0000	0.0000	0.0000	0.0000	0.0000	0.0000	0.0000	0.0000	0.0000	0.0000	0.0000											
23	30	0.0771	3	0	2	0	1	0	0	0	0	N	Y	N	N	N	N	N	N	N	N	N	N	0.0000	0.0000	0.0000	0.0000	0.0000	0.0000	0.0000	0.0000	0.0000	0.0000	0.0000	0.0000	0.0000	0.0000	0.0000	0.0000	0.0000	0.0000	0.0593	0.0035	0.1659	0.0074	0.0026	0.0501	0.1011	0.0050	0.1834	24.7387	0.0000	0.0121	0.0000	0.0000	4.0676	19.0400	0.0000	0.0000	0.0000	0.0000	0.0000	0.0000	0.0000	0.0000	0.0000	0.0275	0.0011	0.0265	0.0015	0.0005	0.0010	0.0260	0.0006	0.0254	0.0000	0.0000	0.0000	0.0000	0.0000	0.0000	0.0000	0.0000	0.0000	0.4642	0.3046	0.1596	0.2069	0.1860	0.0210	0.2573	0.1187	0.1386	0.0000	0.0000	0.0000	0.0000	0.0000	0.0000	0.0000	0.0000	0.0000	0.0593	0.0035	0.1659	0.0074	0.0026	0.0501	0.1011	0.0050	0.1834	
23	31	0.0771	3	1	2	0	0	0	0	0	0	N	Y	N	N	N	N	N	N	N	N	N	N	0.0000	0.0000	0.0000	0.0000	0.0000	0.0000	0.0000	0.0000	0.0000	0.0000	0.0000	0.0000	0.0000	0.0000	0.0000	0.0000	0.0000	0.0000	2.0707	3.0688	0.1631	0.0101	0.0048	0.0565	3.7225	7.8409	0.1793	0.0278	0.0000	-0.4975	0.0000	6.7961	4.0676	16.0091	0.0000	0.0000	0.0000	0.0000	0.0000	0.0000	0.0000	0.0000	0.0000	1.0070	0.9798	0.0273	0.0022	0.0009	0.0012	1.0048	0.9788	0.0260	0.0399	0.0343	0.0056	0.0224	0.0210	0.0015	0.0175	0.0133	0.0041	0.4863	0.3193	0.1670	0.2164	0.1944	0.0219	0.2699	0.1248	0.1451	0.0000	0.0000	0.0000	0.0000	0.0000	0.0000	0.0000	0.0000	0.0000	2.0707	3.0688	0.1631	0.0101	0.0048	0.0565	3.7225	7.8409	0.1793	
23	32	0.4592	8	0	1	1	0	0	0	0	0	N	N	N	N	N	N	N	N	N	N	N	N	0.0000	0.0000	0.0000	0.0000	0.0000	0.0000	0.0000	0.0000	0.0000	0.0000	0.0000	0.0000	0.0000	0.0000	0.0000	0.0000	0.0000	0.0000	0.0910	0.1214	0.0081	0.0377	0.0471	0.0005	0.1823	0.2860	0.0150	0.0246	0.0000	-0.0315	0.0000	2.4598	4.0676	7.4321	0.0000	0.0000	0.0000	0.0000	0.0000	0.0000	0.0000	0.0000	0.0000	0.0633	0.0618	0.0015	0.0166	0.0165	0.0000	0.0468	0.0453	0.0015	0.0089	0.0086	0.0003	0.0045	0.0045	0.0000	0.0044	0.0041	0.0003	0.6959	0.5093	0.1866	0.4394	0.3510	0.0884	0.2565	0.1583	0.0982	0.0000	0.0000	0.0000	0.0000	0.0000	0.0000	0.0000	0.0000	0.0000	0.0910	0.1214	0.0081	0.0377	0.0471	0.0005	0.1823	0.2860	0.0150	
23	33	0.4210	7	0	1	0	0	0	0	0	0	N	N	N	N	N	N	N	N	N	N	N	N	0.0000	0.0000	0.0000	0.0000	0.0000	0.0000	0.0000	0.0000	0.0000	0.0000	0.0000	0.0000	0.0000	0.0000	0.0000	0.0000	0.0000	0.0000	1.7621	2.3863	0.1616	0.0745	0.0830	0.0076	3.3555	5.8317	0.1987	0.0264	0.0000	-0.4591	0.0000	2.7943	4.0676	8.2643	0.0000	0.0000	0.0000	0.0000	0.0000	0.0000	0.0000	0.0000	0.0000	0.9268	0.9030	0.0238	0.0190	0.0188	0.0002	0.9078	0.8842	0.0236	0.0100	0.0097	0.0003	0.0051	0.0051	0.0000	0.0050	0.0047	0.0003	0.5260	0.3784	0.1476	0.2554	0.2268	0.0287	0.2705	0.1516	0.1189	0.0000	0.0000	0.0000	0.0000	0.0000	0.0000	0.0000	0.0000	0.0000	1.7621	2.3863	0.1616	0.0745	0.0830	0.0076	3.3555	5.8317	0.1987	
23	34	0.1326	4	0	2	0	0	0	0	0	0	N	Y	N	N	N	N	N	N	N	N	N	N	0.0097	0.0112	0.0000	0.0250	0.0282	0.0000	0.0000	0.0000	0.0000	0.0002	0.0003	0.0000	0.0003	0.0003	0.0000	0.0000	0.0000	0.0000	0.0178	0.0226	0.0047	0.0108	0.0122	0.0013	0.0269	0.0436	0.0059	0.0000	0.0756	-0.0000	-0.0010	0.0000	0.0009	4.0676	2.4415	0.0000	0.0000	0.0000	0.0000	0.0000	0.0000	0.0000	0.0000	0.0000	0.0023	0.0021	0.0002	0.0008	0.0008	0.0000	0.0015	0.0014	0.0001	0.0000	0.0000	0.0000	0.0000	0.0000	0.0000	0.0000	0.0000	0.0000	0.1280	0.0939	0.0341	0.0719	0.0627	0.0092	0.0560	0.0312	0.0249	0.0097	0.0112	0.0000	0.0250	0.0282	0.0000	0.0000	0.0000	0.0000	0.0178	0.0226	0.0047	0.0108	0.0122	0.0013	0.0269	0.0436	0.0059
23	35	0.0771	3	1	1	1	0	0	0	0	0	N	N	N	N	N	N	N	N	N	N	N	N	0.0000	0.0000	0.0000	0.0000	0.0000	0.0000	0.0000	0.0000	0.0000	0.0000	0.0000	0.0000	0.0000	0.0000	0.0000	0.0000	0.0000	0.0264	0.0001	0.0755	0.0003	0.0001	0.0022	0.0486	0.0000	0.0870	524.9891	0.0000	0.0024	0.0000	0.0000	4.0676	5.9600	0.0000	0.0000	0.0000	0.0000	0.0000	0.0000	0.0000	0.0000	0.0000	0.0050	0.0000	0.0050	0.0000	0.0000	0.0000	0.0050	0.0000	0.0050	0.0000	0.0000	0.0000	0.0000	0.0000	0.0000	0.0000	0.0000	0.0000	0.1915	0.1248	0.0667	0.0883	0.0793	0.0090	0.1032	0.0455	0.0577	0.0000	0.0000	0.0000	0.0000	0.0000	0.0000	0.0000	0.0000	0.0000	0.0264	0.0001	0.0755	0.0003	0.0001	0.0022	0.0486	0.0000	0.0870		
23	36	0.1676	4	0	2	0	0	0	0	0	0	N	Y	N	N	N	N	N	N	N	N	N	N	0.0000	0.0000	0.0000	0.0000	0.0000	0.0000	0.0000	0.0000	0.0000	0.0000	0.0000	0.0000	0.0000	0.0000	0.0000	0.0000	0.0000	0.0000	0.0014	0.0019	0.0004	0.0014	0.0015	0.0002	0.0014	0.0028	0.0004	0.1118	0.0000	-0.0001	0.0000	0.0123	4.0676	6.2120	0.0000	0.0000	0.0000	0.0000	0.0000	0.0000	0.0000	0.0000	0.0000	0.0002	0.0002	0.0000	0.0001	0.0001	0.0000	0.0001	0.0001	0.0000	0.0001	0.0001	0.0000	0.0001	0.0000	0.0000	0.0000	0.0000	0.0000	0.1431	0.0925	0.0507	0.0726	0.0645	0.0082	0.0705	0.0280	0.0425	0.0000	0.0000	0.0000	0.0000	0.0000	0.0000	0.0000	0.0000	0.0000	0.0014	0.0019	0.0004	0.0014	0.0015	0.0002	0.0014	0.0028	0.0004	
23	37	0.0771	3	0	2	0	0	0	0	0	0	N	Y	N	N	N	N	N	N	N	N	N	N	0.0000	0.0000	0.0000	0.0000	0.0000	0.0000	0.0000	0.0000	0.0000	0.0000	0.0000	0.0000	0.0000	0.0000	0.0000	0.0000	0.0000	0.0000	1.7357	2.5667	0.1373	0.0093	0.0050	0.0476	3.0992	6.4501	0.1508	0.0278	0.0000	-0.4976	0.0000	8.2035	4.0676	18.5835	0.0000	0.0000	0.0000	0.0000	0.0000	0.0000	0.0000	0.0000	0.0000	1.0072	0.9799	0.0273	0.0024	0.0011	0.0012	1.0048	0.9788	0.0260	0.0480	0.0424	0.0056	0.0268	0.0253	0.0015	0.0212	0.0171	0.0041	0.5803	0.3818	0.1985	0.2561	0.2300	0.0260	0.3242	0.1517	0.1725	0.0000	0.0000	0.0000	0.0000	0.0000	0.0000	0.0000	0.0000	0.0000	1.7357	2.5667	0.1373	0.0093	0.0050	0.0476	3.0992	6.4501	0.1508	
23	38	0.0771	3	0	2	0	1	0	0	0	0	N	Y	N	N	N	N	N	N	N	N	N	N	0.0000	0.0000	0.0000	0.0000	0.0000	0.0000	0.0000	0.0000	0.0000	0.0000	0.0000	0.0000	0.0000	0.0000	0.0000	0.0000	0.0000	1.5282	0.0008	4.4836	0.0084	0.0013	0.0713	2.7125	0.0000	5.1495	3051.3345	0.0000	0.4821	0.0000	10.2042	4.0676	23.0710	0.0000	0.0000	0.0000	0.0000	0.0000	0.0000	0.0000	0.0000	0.0000	1.0073	0.0003	1.0069	0.0024	0.0003	0.0021	1.0048	0.0000	1.0048	0.0553	0.0498	0.0055	0.0306	0.0292	0.0015	0.0247	0.0206	0.0041	0.6591	0.4345	0.2246	0.2887	0.2592	0.0295	0.3704	0.1753	0.1951	0.0000	0.0000	0.0000	0.0000	0.0000	0.0000	0.0000	0.0000	0.0000	1.5282	0.0008	4.4836	0.0084	0.0013	0.0713	2.7125	0.0000	5.1495		
23	39	0.0771	3	1	1	1	0	0	0	0	0	N	N	N	N	N	N	N	N	N	N	N	N	0.0000	0.0000	0.0000	0.0000	0.0000	0.0000	0.0000	0.0000	0.0000	0.0000	0.0000	0.0000	0.0000	0.0000	0.0000	0.0000	0.0000	0.0596	0.0002	0.1681	0.0007	0.0003	0.0046	0.1151	0.0000	0.1957	524.9891	0.0000	0.0024	0.0000	0.0000	4.0676	1.9600	0.0000	0.0000	0.0000	0.0000	0.0000	0.0000	0.0000	0.0000	0.0000	0.0050	0.0000	0.0050	0.0000	0.0000	0.0000	0.0050	0.0000	0.0050	0.0000	0.0000	0.0000	0.0000	0.0000	0.0000	0.0000	0.0000	0.0000	0.0847	0.0547	0.0300	0.0411	0.0368	0.0043	0.0436	0.0180	0.0256	0.0000	0.0000	0.0000	0.0000	0.0000	0.0000	0.0000	0.0000	0.0000	0.0596	0.0002	0.1681	0.0007	0.0003	0.0046	0.1151	0.0000	0.1957		
23	40	0.1326	4	0	1	1	0	0	0	0	0	N	N	N	N	N	N	N	N	N	N	N	N	0.0174	0.0279	0.0000	0.0569	0.0657	0.0000	0.0000	0.0000	0.0000	0.0002	0.0003	0.0000	0.0003	0.0003	0.0000	0.0000	0.0000	0.0000	0.0099	0.0090	0.0125	0.0047	0.0052	0.0007	0.0159	0.0157	0.0162	0.0000	0.4531	-0.0000	-0.0006	0.0000	0.0009	4.0676	7.7842	0.0000	0.0000	0.0000	0.0000	0.0000	0.0000	0.0000	0.0000	0.0000	0.0031	0.0021	0.0010	0.0008	0.0008	0.0000	0.0023	0.0013	0.0010	0.0000	0.0000	0.0000	0.0000	0.0000	0.0000	0.0000	0.0000	0.0000	0.3131	0.2359	0.0772	0.1692	0.1507	0.0185	0.1439	0.0852	0.0587	0.0174	0.0279	0.0000	0.0569	0.0657	0.0000	0.0000	0.0000	0.0000	0.0099	0.0090	0.0125	0.0047	0.0052	0.0007	0.0159	0.0157	0.0162
23	41	0.0771	3	0	1	0	0	0	0	0	0	N	N	N	N	N	N	N	N	N	N	N	N	0.0004	0.0004	0.0000	0.1413	0.2967	0.0000	0.0000	0.0000	0.0000	0.0009	0.0013	0.0000	0.0016	0.0018	0.0000	0.0000	0.0000	0.0000	2.1269	3.1527	0.1678	0.0113	0.0061	0.0578	3.8262	8.0722	0.1844	0.0000	0.0279	-0.0000	-0.4968	0.0000	1.7959	4.0676	20.1034	0.0000	0.0000	0.0000	0.0000	0.0000	0.0000	0.0000	0.0000	0.0000	1.0057	0.9785	0.0273	0.0024	0.0012	0.0012	1.0034	0.9773	0.0260	0.0214	0.0158	0.0057	0.0125	0.0110	0.0014	0.0090	0.0047	0.0043	0.4729	0.3104	0.1625	0.2106	0.1893	0.0214	0.2622	0.1211	0.1412	0.0004	0.0004	0.0000	0.1413	0.2967	0.0000	0.0000	0.0000	0.0000	2.1269	3.1527	0.1678	0.0113	0.0061	0.0578	3.8262	8.0722	0.1844
23	42	0.1471	4	0	2	0	0	0	0	0	0	N	Y	N	N	N	N	N	N	N	N	N	N	0.0000	0.0000	0.0000	0.0000	0.0000	0.0000	0.0000	0.0000	0.0000	0.0000	0.0000	0.0000	0.0000	0.0000	0.0000	0.0000	0.0000	0.0000	0.0000	0.0000	0.0000	0.0003	4.0676	0.0002	0.0000	0.0000	0.0000	0.0000	0.0000	0.0000	0.0000	0.0000	0.0000	0.0000	0.0000	0.0000	0.0000	0.0000	0.0000	0.0000	0.0000	0.0000	0.0000	0.0000	0.0000	0.0000	0.0000	0.0000	0.0000	0.0000	0.0000	0.0002	0.0001	0.0001	0.0001	0.0001	0.0000	0.0001	0.0000	0.0000	0.0000	0.0000	0.0000	0.0000	0.0000	0.0000	0.0000	0.0000	0.0000	0.0000	0.0000	0.0000	0.0000	0.0000	0.0000	0.0000	0.0000	0.0000											
23	43	0.1031	4	1	2	1	0	0	0	0	0	N	Y	N	N	N	N	N	N	N	N	N	N	0.0000	0.0000	0.0000	0.0000	0.0000	0.0000	0.0000	0.0000	0.0000	0.0000	0.0000	0.0000	0.0000	0.0000	0.0000	0.0000	0.0000	0.0000	0.0000	0.0000	0.0000	0.0000	4.0676	2.0000	0.0000	0.0000	0.0000	0.0000	0.0000	0.0000	0.0000	0.0000	0.0000	0.0000	0.0000	0.0000	0.0000	0.0000	0.0000	0.0000	0.0000	0.0000	0.0000	0.0000	0.0000	0.0000	0.0000	0.0000	0.0000	0.0000	0.0000	0.0746	0.0556	0.0190	0.0335	0.0314	0.0021	0.0411	0.0241	0.0169	0.0000	0.0000	0.0000	0.0000	0.0000	0.0000	0.0000	0.0000	0.0000	0.0000	0.0000	0.0000	0.0000	0.0000	0.0000	0.0000	0.0000	0.0000											
23	44	0.1031	4	1	2	1	0	0	0	0	0	N	Y	N	N	N	N	N	N	N	N	N	N	0.0000	0.0000	0.0000	0.0000	0.0000	0.0000	0.0000	0.0000	0.0000	0.0000	0.0000	0.0000	0.0000	0.0000	0.0000	0.0000	0.0000	0.0000	0.0000	0.0000	0.0000	0.0000	4.0676	0.0000	0.0000	0.0000	0.0000	0.0000	0.0000	0.0000	0.0000	0.0000	0.0000	0.0000	0.0000	0.0000	0.0000	0.0000	0.0000	0.0000	0.0000	0.0000	0.0000	0.0000	0.0000	0.0000	0.0000	0.0000	0.0000	0.0000	0.0000	0.0000	0.0000	0.0000	0.0000	0.0000	0.0000	0.0000	0.0000	0.0000	0.0000	0.0000	0.0000	0.0000	0.0000	0.0000	0.0000	0.0000	0.0000	0.0000	0.0000	0.0000	0.0000	0.0000	0.0000	0.0000	0.0000	0.0000											
23	45	0.0771	3	1	2	1	0	0	0	0	0	N	Y	N	N	N	N	N	N	N	N	N	N	0.0000	0.0000	0.0000	0.0000	0.0000	0.0000	0.0000	0.0000	0.0000	0.0000	0.0000	0.0000	0.0000	0.0000	0.0001	0.0000	0.0001	0.0001	0.0000	0.0000	0.0000	0.0000	0.0000	0.0000	-0.0000	0.0000	0.7962	4.0676	7.9291	0.0000	0.0000	0.0000	0.0000	0.0000	0.0000	0.0000	0.0000	0.0000	0.0000	0.0000	0.0000	0.0000	0.0000	0.0000	0.0000	0.0000	0.0000	0.0175	0.0118	0.0057	0.0103	0.0089	0.0014	0.0072	0.0029	0.0043	0.2363	0.1542	0.0821	0.1080	0.0970	0.0110	0.1283	0.0572	0.0711	0.0000	0.0000	0.0000	0.0000	0.0000	0.0000	0.0000	0.0000	0.0000	0.0000	0.0001	0.0000	0.0001	0.0001	0.0000	0.0000	0.0000	0.0000						
23	46	0.0771	3	1	2	0	0	0	0	0	0	N	Y	N	N	N	N	N	N	N	N	N	N	0.0000	0.0000	0.0000	0.0000	0.0000	0.0000	0.0000	0.0000	0.0000	0.0000	0.0000	0.0000	0.0000	0.0000	0.0000	0.0000	0.0001	0.0001	0.0000	0.0000	0.0000	0.0000	0.0000	0.0000	-0.0000	0.0000	0.7962	4.0676	12.9291	0.0000	0.0000	0.0000	0.0000	0.0000	0.0000	0.0000	0.0000	0.0000	0.0000	0.0000	0.0000	0.0000	0.0000	0.0000	0.0000	0.0000	0.0000	0.0175	0.0118	0.0057	0.0103	0.0089	0.0014	0.0072	0.0029	0.0043	0.3359	0.2198	0.1161	0.1516	0.1362	0.0153	0.1844	0.0836	0.1008	0.0000	0.0000	0.0000	0.0000	0.0000	0.0000	0.0000	0.0000	0.0000	0.0000	0.0000	0.0000	0.0001	0.0001	0.0000	0.0000	0.0000	0.0000						
23	47	0.0771	3	0	2	0	1	0	0	0	0	N	Y	N	N	N	N	N	N	N	N	N	N	0.0000	0.0000	0.0000	0.0000	0.0000	0.0000	0.0000	0.0000	0.0000	0.0000	0.0000	0.0000	0.0000	0.0000	0.0000	0.0000	0.0000	0.0000	1.8394	2.7426	0.1067	0.0049	0.0048	0.0061	3.2969	6.9377	0.1219	0.0203	0.0000	-0.5011	0.0000	9.0000	4.0676	15.0400	0.0000	0.0000	0.0000	0.0000	0.0000	0.0000	0.0000	0.0000	0.0000	0.9998	0.9799	0.0199	0.0012	0.0010	0.0002	0.9986	0.9788	0.0197	0.0512	0.0456	0.0055	0.0284	0.0270	0.0015	0.0227	0.0186	0.0041	0.5435	0.3573	0.1862	0.2406	0.2162	0.0244	0.3029	0.1411	0.1618	0.0000	0.0000	0.0000	0.0000	0.0000	0.0000	0.0000	0.0000	0.0000	1.8394	2.7426	0.1067	0.0049	0.0048	0.0061	3.2969	6.9377	0.1219	
23	48	0.1556	4	0	1	0	1	0	0	0	0	N	N	N	N	N	N	N	N	N	N	N	N	0.0000	0.0000	0.0000	0.0000	0.0000	0.0000	0.0000	0.0000	0.0000	0.0000	0.0000	0.0000	0.0000	0.0000	0.0000	0.0000	0.0000	0.0000	0.0053	0.0065	0.0014	0.0047	0.0051	0.0006	0.0061	0.0090	0.0016	0.0645	0.0000	-0.0003	0.0000	0.0037	4.0676	3.0208	0.0000	0.0000	0.0000	0.0000	0.0000	0.0000	0.0000	0.0000	0.0000	0.0007	0.0006	0.0000	0.0003	0.0003	0.0000	0.0003	0.0003	0.0000	0.0000	0.0000	0.0000	0.0000	0.0000	0.0000	0.0000	0.0000	0.0000	0.1235	0.0945	0.0290	0.0660	0.0597	0.0063	0.0576	0.0348	0.0227	0.0000	0.0000	0.0000	0.0000	0.0000	0.0000	0.0000	0.0000	0.0000	0.0053	0.0065	0.0014	0.0047	0.0051	0.0006	0.0061	0.0090	0.0016	
23	49	0.0771	3	0	1	0	1	0	0	0	0	N	N	N	N	N	N	N	N	N	N	N	N	0.0000	0.0000	0.0000	0.0000	0.0000	0.0000	0.0000	0.0000	0.0000	0.0000	0.0000	0.0000	0.0000	0.0000	0.0000	0.0000	0.0000	0.0000	1.8115	2.6825	0.1393	0.0090	0.0053	0.0420	3.2409	6.7708	0.1540	0.0270	0.0000	-0.4978	0.0000	4.7960	4.0676	23.0471	0.0000	0.0000	0.0000	0.0000	0.0000	0.0000	0.0000	0.0000	0.0000	1.0061	0.9796	0.0265	0.0022	0.0012	0.0010	1.0039	0.9785	0.0254	0.0327	0.0271	0.0056	0.0186	0.0171	0.0014	0.0141	0.0100	0.0042	0.5554	0.3652	0.1902	0.2456	0.2207	0.0250	0.3098	0.1445	0.1652	0.0000	0.0000	0.0000	0.0000	0.0000	0.0000	0.0000	0.0000	0.0000	1.8115	2.6825	0.1393	0.0090	0.0053	0.0420	3.2409	6.7708	0.1540	
23	50	0.1120	4	0	2	1	0	0	0	0	0	N	Y	N	N	N	N	N	N	N	N	N	N	0.0000	0.0000	0.0000	0.0000	0.0000	0.0000	0.0000	0.0000	0.0000	0.0000	0.0000	0.0000	0.0000	0.0000	0.0000	0.0000	0.0000	0.0013	0.0020	0.0000	0.0023	0.0026	0.0000	0.0000	0.0000	0.0000	0.0000	0.0000	-0.0000	0.0000	1.4428	4.0676	0.4686	0.0000	0.0000	0.0000	0.0000	0.0000	0.0000	0.0000	0.0000	0.0000	0.0001	0.0001	0.0000	0.0001	0.0001	0.0000	0.0000	0.0000	0.0000	0.0084	0.0081	0.0003	0.0051	0.0050	0.0001	0.0033	0.0032	0.0002	0.0533	0.0353	0.0180	0.0307	0.0268	0.0038	0.0226	0.0085	0.0142	0.0000	0.0000	0.0000	0.0000	0.0000	0.0000	0.0000	0.0000	0.0000	0.0013	0.0020	0.0000	0.0023	0.0026	0.0000	0.0000	0.0000	0.0000		
23	51	0.0771	3	0	2	0	0	0	0	0	0	N	Y	N	N	N	N	N	N	N	N	N	N	0.0000	0.0000	0.0000	0.0000	0.0000	0.0000	0.0000	0.0000	0.0000	0.0000	0.0000	0.0000	0.0000	0.0000	0.0000	0.0000	0.0000	0.0000	0.0003	0.0002	0.0005	0.0003	0.0003	0.0000	0.0003	0.0000	0.0006	1.3081	0.0000	0.0000	0.0000	7.1845	4.0676	8.0722	0.0000	0.0000	0.0000	0.0000	0.0000	0.0000	0.0000	0.0000	0.0000	0.0001	0.0000	0.0001	0.0000	0.0000	0.0000	0.0001	0.0000	0.0001	0.0441	0.0385	0.0056	0.0247	0.0232	0.0015	0.0194	0.0153	0.0041	0.3943	0.2583	0.1359	0.1769	0.1590	0.0179	0.2174	0.0994	0.1180	0.0000	0.0000	0.0000	0.0000	0.0000	0.0000	0.0000	0.0000	0.0000	0.0003	0.0002	0.0005	0.0003	0.0003	0.0000	0.0003	0.0000	0.0006	
23	52	0.0997	4	1	1	1	0	0	0	0	0	N	N	N	N	N	N	N	N	N	N	N	N	0.0000	0.0000	0.0000	0.0000	0.0000	0.0000	0.0000	0.0000	0.0000	0.0000	0.0000	0.0000	0.0000	0.0000	0.0000	0.0000	0.0000	0.0000	0.3353	0.5235	0.0000	0.6586	0.7358	0.0000	0.0000	0.0000	0.0000	0.0000	0.0000	-0.0238	0.0000	0.9976	4.0676	4.7732	0.0000	0.0000	0.0000	0.0000	0.0000	0.0000	0.0000	0.0000	0.0000	0.0456	0.0456	0.0000	0.0456	0.0456	0.0000	0.0000	0.0000	0.0000	0.0056	0.0054	0.0002	0.0033	0.0032	0.0001	0.0023	0.0022	0.0001	0.1361	0.0872	0.0489	0.0693	0.0620	0.0073	0.0668	0.0252	0.0417	0.0000	0.0000	0.0000	0.0000	0.0000	0.0000	0.0000	0.0000	0.0000	0.3353	0.5235	0.0000	0.6586	0.7358	0.0000	0.0000	0.0000	0.0000	
23	53	0.0771	3	1	1	0	0	0	0	0	0	N	N	N	N	N	N	N	N	N	N	N	N	0.0000	0.0000	0.0000	0.0000	0.0000	0.0000	0.0000	0.0000	0.0000	0.0000	0.0000	0.0000	0.0000	0.0000	0.0000	0.0000	0.0000	0.0000	0.0026	0.0034	0.0010	0.0046	0.0052	0.0000	0.0008	0.0005	0.0011	0.1542	0.0000	-0.0003	0.0000	3.2133	4.0676	6.0120	0.0000	0.0000	0.0000	0.0000	0.0000	0.0000	0.0000	0.0000	0.0000	0.0007	0.0006	0.0001	0.0006	0.0006	0.0000	0.0001	0.0000	0.0001	0.0282	0.0226	0.0056	0.0162	0.0147	0.0014	0.0121	0.0079	0.0042	0.2686	0.1755	0.0931	0.1222	0.1098	0.0124	0.1464	0.0657	0.0807	0.0000	0.0000	0.0000	0.0000	0.0000	0.0000	0.0000	0.0000	0.0000	0.0026	0.0034	0.0010	0.0046	0.0052	0.0000	0.0008	0.0005	0.0011	
23	54	0.0771	3	1	2	0	0	0	0	0	0	N	Y	N	N	N	N	N	N	N	N	N	N	0.0000	0.0000	0.0000	0.0000	0.0000	0.0000	0.0000	0.0000	0.0000	0.0000	0.0000	0.0000	0.0000	0.0000	0.0000	0.0000	0.0000	2.9919	0.0000	8.6566	0.0060	0.0001	0.0586	5.4467	0.0000	9.9662	104687.4023	0.0000	0.4813	0.0000	1.7961	4.0676	11.9291	0.0000	0.0000	0.0000	0.0000	0.0000	0.0000	0.0000	0.0000	0.0000	1.0050	0.0000	1.0050	0.0009	0.0000	0.0009	1.0041	0.0000	1.0041	0.0214	0.0158	0.0057	0.0125	0.0110	0.0014	0.0090	0.0047	0.0043	0.3359	0.2198	0.1161	0.1516	0.1362	0.0153	0.1844	0.0836	0.1008	0.0000	0.0000	0.0000	0.0000	0.0000	0.0000	0.0000	0.0000	0.0000	2.9919	0.0000	8.6566	0.0060	0.0001	0.0586	5.4467	0.0000	9.9662		
23	55	0.0983	4	0	2	0	0	0	0	0	0	N	Y	N	N	N	N	N	N	N	N	N	N	0.0000	0.0000	0.0000	0.0000	0.0000	0.0000	0.0000	0.0000	0.0000	0.0000	0.0000	0.0000	0.0000	0.0000	0.0000	0.0000	0.0000	0.0000	0.0005	0.0007	0.0000	0.0009	0.0010	0.0000	0.0000	0.0000	0.0000	0.0007	0.0000	-0.0001	0.0000	0.0041	4.0676	6.2745	0.0000	0.0000	0.0000	0.0000	0.0000	0.0000	0.0000	0.0000	0.0000	0.0002	0.0002	0.0000	0.0002	0.0002	0.0000	0.0000	0.0000	0.0000	0.0002	0.0001	0.0001	0.0001	0.0001	0.0000	0.0001	0.0000	0.0000	0.3390	0.2386	0.1004	0.1731	0.1584	0.0146	0.1660	0.0802	0.0858	0.0000	0.0000	0.0000	0.0000	0.0000	0.0000	0.0000	0.0000	0.0000	0.0005	0.0007	0.0000	0.0009	0.0010	0.0000	0.0000	0.0000	0.0000	
23	56	0.1471	4	0	1	1	0	0	0	0	0	N	N	N	N	N	N	N	N	N	N	N	N	0.0000	0.0000	0.0000	0.0000	0.0000	0.0000	0.0000	0.0000	0.0000	0.0000	0.0000	0.0000	0.0000	0.0000	0.0000	0.0000	0.0000	0.0000	0.0000	0.0000	0.0000	18.9997	4.0676	4.0000	0.0000	0.0000	0.0000	0.0000	0.0000	0.0000	0.0000	0.0000	0.0000	0.0000	0.0000	0.0000	0.0000	0.0000	0.0000	0.0000	0.0000	0.0000	0.0689	0.0668	0.0021	0.0347	0.0346	0.0000	0.0342	0.0322	0.0020	0.4882	0.3686	0.1196	0.2014	0.1859	0.0155	0.2868	0.1827	0.1041	0.0000	0.0000	0.0000	0.0000	0.0000	0.0000	0.0000	0.0000	0.0000	0.0000	0.0000	0.0000	0.0000	0.0000	0.0000	0.0000	0.0000	0.0000											
23	57	0.0771	3	0	1	0	0	0	0	0	0	N	N	N	N	N	N	N	N	N	N	N	N	0.0005	0.0004	0.0000	0.1546	0.3235	0.0000	0.0000	0.0000	0.0000	0.0009	0.0012	0.0000	0.0016	0.0018	0.0000	0.0000	0.0000	0.0000	1.8698	2.7679	0.1476	0.0101	0.0054	0.0512	3.3485	7.0068	0.1622	0.0000	0.0278	-0.0000	-0.4976	0.0000	1.7961	4.0676	22.3138	0.0000	0.0000	0.0000	0.0000	0.0000	0.0000	0.0000	0.0000	0.0000	1.0072	0.9800	0.0273	0.0024	0.0012	0.0012	1.0048	0.9788	0.0260	0.0221	0.0165	0.0057	0.0129	0.0114	0.0014	0.0093	0.0050	0.0042	0.5387	0.3541	0.1846	0.2386	0.2144	0.0242	0.3001	0.1397	0.1604	0.0005	0.0004	0.0000	0.1546	0.3235	0.0000	0.0000	0.0000	0.0000	1.8698	2.7679	0.1476	0.0101	0.0054	0.0512	3.3485	7.0068	0.1622
23	58	0.0979	5	1	2	0	0	0	0	0	0	N	Y	N	N	N	N	N	N	N	N	N	N	0.0000	0.0000	0.0000	0.0000	0.0000	0.0000	0.0000	0.0000	0.0000	0.0000	0.0000	0.0000	0.0000	0.0000	0.0000	0.0000	0.0554	0.0849	0.0000	0.1088	0.1219	0.0000	0.0000	0.0000	0.0000	0.0000	0.0000	-0.0061	0.0000	0.9359	4.0676	8.5945	0.0000	0.0000	0.0000	0.0000	0.0000	0.0000	0.0000	0.0000	0.0000	0.0117	0.0117	0.0000	0.0117	0.0117	0.0000	0.0000	0.0000	0.0000	0.0055	0.0052	0.0002	0.0033	0.0032	0.0001	0.0022	0.0021	0.0001	0.2109	0.1377	0.0732	0.1074	0.0958	0.0116	0.1035	0.0419	0.0616	0.0000	0.0000	0.0000	0.0000	0.0000	0.0000	0.0000	0.0000	0.0000	0.0554	0.0849	0.0000	0.1088	0.1219	0.0000	0.0000	0.0000	0.0000			
23	59	0.0951	4	0	2	0	0	0	0	0	0	N	Y	N	N	N	N	N	N	N	N	N	N	0.0000	0.0000	0.0000	0.0000	0.0000	0.0000	0.0000	0.0000	0.0000	0.0000	0.0000	0.0000	0.0000	0.0000	0.0000	0.0000	0.0000	0.0005	0.0007	0.0001	0.0010	0.0011	0.0000	0.0001	0.0000	0.0001	0.0697	0.0000	-0.0000	0.0000	0.1706	4.0676	1.8413	0.0000	0.0000	0.0000	0.0000	0.0000	0.0000	0.0000	0.0000	0.0000	0.0000	0.0000	0.0000	0.0000	0.0000	0.0000	0.0000	0.0000	0.0000	0.0012	0.0011	0.0001	0.0007	0.0007	0.0000	0.0005	0.0004	0.0000	0.0559	0.0373	0.0186	0.0287	0.0259	0.0028	0.0272	0.0114	0.0158	0.0000	0.0000	0.0000	0.0000	0.0000	0.0000	0.0000	0.0000	0.0000	0.0005	0.0007	0.0001	0.0010	0.0011	0.0000	0.0001	0.0000	0.0001		
23	60	0.0771	3	0	2	0	0	0	0	0	0	N	Y	N	N	N	N	N	N	N	N	N	N	0.0000	0.0000	0.0000	0.0000	0.0000	0.0000	0.0000	0.0000	0.0000	0.0000	0.0000	0.0000	0.0000	0.0000	0.0000	0.0000	0.0000	0.0001	0.0000	0.0002	0.0001	0.0001	0.0000	0.0001	0.0000	0.0002	2.2212	0.0000	0.0000	0.0000	6.1830	4.0676	4.8458	0.0000	0.0000	0.0000	0.0000	0.0000	0.0000	0.0000	0.0000	0.0000	0.0000	0.0000	0.0000	0.0000	0.0000	0.0000	0.0000	0.0000	0.0000	0.0402	0.0346	0.0056	0.0226	0.0212	0.0015	0.0176	0.0135	0.0041	0.3086	0.2018	0.1068	0.1396	0.1255	0.0141	0.1689	0.0763	0.0926	0.0000	0.0000	0.0000	0.0000	0.0000	0.0000	0.0000	0.0000	0.0000	0.0001	0.0000	0.0002	0.0001	0.0001	0.0000	0.0001	0.0000	0.0002		
23	61	0.4274	8	0	1	0	0	0	0	0	0	N	N	N	N	N	N	N	N	N	N	N	N	0.0000	0.0000	0.0000	0.0000	0.0000	0.0000	0.0000	0.0000	0.0000	0.0000	0.0000	0.0000	0.0000	0.0000	0.0000	0.0000	0.0000	0.0000	0.0353	0.0480	0.0003	0.0782	0.0851	0.0012	0.0001	0.0000	0.0002	0.0025	0.0000	-0.0090	0.0000	1.0140	4.0676	12.0537	0.0000	0.0000	0.0000	0.0000	0.0000	0.0000	0.0000	0.0000	0.0000	0.0174	0.0174	0.0000	0.0174	0.0174	0.0000	0.0000	0.0000	0.0000	0.0037	0.0036	0.0001	0.0019	0.0018	0.0000	0.0018	0.0017	0.0001	0.4935	0.3617	0.1318	0.2220	0.2040	0.0180	0.2715	0.1577	0.1138	0.0000	0.0000	0.0000	0.0000	0.0000	0.0000	0.0000	0.0000	0.0000	0.0353	0.0480	0.0003	0.0782	0.0851	0.0012	0.0001	0.0000	0.0002	
23	62	0.3515	5	0	1	0	0	0	0	0	0	N	N	N	N	N	N	N	N	N	N	N	N	0.0000	0.0000	0.0000	0.0000	0.0000	0.0000	0.0000	0.0000	0.0000	0.0000	0.0000	0.0000	0.0000	0.0000	0.0000	0.0000	0.0000	0.0000	0.3839	0.5322	0.0010	0.6317	0.7647	0.0004	0.0010	0.0006	0.0014	0.0007	0.0000	-0.3783	0.0000	22.0948	4.0676	64.3951	0.0000	0.0000	0.0000	0.0000	0.0000	0.0000	0.0000	0.0000	0.0000	0.7270	0.7265	0.0005	0.7263	0.7262	0.0001	0.0007	0.0003	0.0005	0.0820	0.0768	0.0051	0.0442	0.0421	0.0021	0.0378	0.0348	0.0030	1.8937	1.3651	0.5286	1.1498	0.9497	0.2001	0.7439	0.4154	0.3284	0.0000	0.0000	0.0000	0.0000	0.0000	0.0000	0.0000	0.0000	0.0000	0.3839	0.5322	0.0010	0.6317	0.7647	0.0004	0.0010	0.0006	0.0014	
23	63	0.1447	4	0	1	0	0	0	0	0	0	N	N	N	N	N	N	N	N	N	N	N	N	0.0000	0.0000	0.0000	0.0000	0.0000	0.0000	0.0000	0.0000	0.0000	0.0000	0.0000	0.0000	0.0000	0.0000	0.0000	0.0000	0.0000	0.0000	1.0115	0.2080	3.0261	0.0629	0.0730	0.0092	2.1595	0.4529	4.3462	0.0000	5.8013	-0.0000	0.3841	0.0000	3.0638	4.0676	18.8214	0.0000	0.0000	0.0000	0.0000	0.0000	0.0000	0.0000	0.0000	0.0000	1.1574	0.1702	0.9872	0.0394	0.0385	0.0009	1.1180	0.1317	0.9863	0.0111	0.0107	0.0004	0.0056	0.0056	0.0000	0.0055	0.0051	0.0004	1.1443	0.8180	0.3262	0.6266	0.5273	0.0993	0.5177	0.2908	0.2269	0.0000	0.0000	0.0000	0.0000	0.0000	0.0000	0.0000	0.0000	0.0000	1.0115	0.2080	3.0261	0.0629	0.0730	0.0092	2.1595	0.4529	4.3462
23	64	0.0983	4	1	2	1	0	0	0	0	0	N	Y	N	N	N	N	N	N	N	N	N	N	0.0000	0.0000	0.0000	0.0000	0.0000	0.0000	0.0000	0.0000	0.0000	0.0000	0.0000	0.0000	0.0000	0.0000	0.0000	0.0000	0.0000	0.0000	0.0059	0.0002	0.0201	0.0003	0.0004	0.0001	0.0113	0.0000	0.0233	34.1111	0.0000	0.0011	0.0000	1.0029	4.0676	8.4685	0.0000	0.0000	0.0000	0.0000	0.0000	0.0000	0.0000	0.0000	0.0000	0.0025	0.0001	0.0025	0.0001	0.0001	0.0000	0.0025	0.0000	0.0025	0.0038	0.0036	0.0002	0.0019	0.0019	0.0000	0.0019	0.0017	0.0002	0.4322	0.3093	0.1229	0.2151	0.1977	0.0173	0.2171	0.1115	0.1056	0.0000	0.0000	0.0000	0.0000	0.0000	0.0000	0.0000	0.0000	0.0000	0.0059	0.0002	0.0201	0.0003	0.0004	0.0001	0.0113	0.0000	0.0233	
23	65	0.0771	3	0	2	0	0	0	0	0	0	N	Y	N	N	N	N	N	N	N	N	N	N	0.0000	0.0000	0.0000	0.0000	0.0000	0.0000	0.0000	0.0000	0.0000	0.0000	0.0000	0.0000	0.0000	0.0000	0.0000	0.0000	0.0000	0.0000	0.0006	0.0002	0.0012	0.0002	0.0002	0.0000	0.0009	0.0003	0.0014	2.6626	0.0000	0.0000	0.0000	0.7961	4.0676	8.5878	0.0000	0.0000	0.0000	0.0000	0.0000	0.0000	0.0000	0.0000	0.0000	0.0001	0.0000	0.0001	0.0000	0.0000	0.0000	0.0001	0.0000	0.0001	0.0175	0.0118	0.0057	0.0103	0.0089	0.0014	0.0072	0.0029	0.0043	0.2502	0.1634	0.0868	0.1141	0.1025	0.0116	0.1361	0.0608	0.0752	0.0000	0.0000	0.0000	0.0000	0.0000	0.0000	0.0000	0.0000	0.0000	0.0006	0.0002	0.0012	0.0002	0.0002	0.0000	0.0009	0.0003	0.0014	
23	66	0.4274	8	0	2	0	0	0	0	0	0	N	Y	N	N	N	N	N	N	N	N	N	N	0.0000	0.0000	0.0000	0.0000	0.0000	0.0000	0.0000	0.0000	0.0000	0.0000	0.0000	0.0000	0.0000	0.0000	0.0000	0.0000	0.0000	0.0000	2.0048	2.7343	0.0005	0.0720	0.0782	0.0011	3.5794	6.1571	0.0005	0.0001	0.0000	-0.5288	0.0000	1.0110	4.0676	12.5479	0.0000	0.0000	0.0000	0.0000	0.0000	0.0000	0.0000	0.0000	0.0000	1.0150	1.0149	0.0001	0.0164	0.0164	0.0000	0.9986	0.9986	0.0001	0.0037	0.0035	0.0001	0.0018	0.0018	0.0000	0.0018	0.0017	0.0001	0.5063	0.3712	0.1351	0.2273	0.2090	0.0183	0.2790	0.1622	0.1168	0.0000	0.0000	0.0000	0.0000	0.0000	0.0000	0.0000	0.0000	0.0000	2.0048	2.7343	0.0005	0.0720	0.0782	0.0011	3.5794	6.1571	0.0005	
23	67	0.4210	7	0	1	0	0	0	0	0	0	N	N	N	N	N	N	N	N	N	N	N	N	0.0000	0.0000	0.0000	0.0000	0.0000	0.0000	0.0000	0.0000	0.0000	0.0000	0.0000	0.0000	0.0000	0.0000	0.0000	0.0000	0.0000	0.0000	0.2371	0.3253	0.0328	0.3202	0.3785	0.0054	0.1316	0.2144	0.0440	0.0435	0.0000	-0.0317	0.0000	0.9784	4.0676	1.5217	0.0000	0.0000	0.0000	0.0000	0.0000	0.0000	0.0000	0.0000	0.0000	0.0662	0.0634	0.0028	0.0500	0.0498	0.0001	0.0162	0.0136	0.0026	0.0035	0.0034	0.0001	0.0018	0.0018	0.0000	0.0018	0.0016	0.0001	0.2791	0.1950	0.0841	0.1561	0.1317	0.0244	0.1230	0.0633	0.0597	0.0000	0.0000	0.0000	0.0000	0.0000	0.0000	0.0000	0.0000	0.0000	0.2371	0.3253	0.0328	0.3202	0.3785	0.0054	0.1316	0.2144	0.0440	
23	68	0.3908	6	0	1	0	0	0	0	0	0	N	N	N	N	N	N	N	N	N	N	N	N	0.0000	0.0000	0.0000	0.0000	0.0000	0.0000	0.0000	0.0000	0.0000	0.0000	0.0000	0.0000	0.0000	0.0000	0.0000	0.0000	0.0000	0.0000	0.1711	0.2309	0.0294	0.1849	0.2109	0.0099	0.1563	0.2666	0.0351	0.0537	0.0000	-0.0492	0.0000	1.0531	4.0676	9.0748	0.0000	0.0000	0.0000	0.0000	0.0000	0.0000	0.0000	0.0000	0.0000	0.1046	0.0992	0.0053	0.0585	0.0581	0.0004	0.0460	0.0411	0.0049	0.0039	0.0037	0.0001	0.0019	0.0019	0.0000	0.0019	0.0018	0.0001	0.6111	0.4298	0.1813	0.3166	0.2756	0.0410	0.2945	0.1542	0.1403	0.0000	0.0000	0.0000	0.0000	0.0000	0.0000	0.0000	0.0000	0.0000	0.1711	0.2309	0.0294	0.1849	0.2109	0.0099	0.1563	0.2666	0.0351	
23	69	0.0771	3	1	1	1	0	0	0	0	0	N	N	N	N	N	N	N	N	N	N	N	N	0.0000	0.0000	0.0000	0.0000	0.0000	0.0000	0.0000	0.0000	0.0000	0.0000	0.0000	0.0000	0.0000	0.0001	0.0002	0.0000	0.0003	0.0003	0.0000	0.0000	0.0000	0.0000	0.0000	0.0000	-0.0000	0.0000	0.0000	4.0676	4.9600	0.0000	0.0000	0.0000	0.0000	0.0000	0.0000	0.0000	0.0000	0.0000	0.0000	0.0000	0.0000	0.0000	0.0000	0.0000	0.0000	0.0000	0.0000	0.0000	0.0000	0.0000	0.0000	0.0000	0.0000	0.0000	0.0000	0.0000	0.1660	0.1080	0.0580	0.0771	0.0692	0.0079	0.0889	0.0389	0.0501	0.0000	0.0000	0.0000	0.0000	0.0000	0.0000	0.0000	0.0000	0.0000	0.0001	0.0002	0.0000	0.0003	0.0003	0.0000	0.0000	0.0000	0.0000						
23	71	0.0450	3	0	1	1	0	0	0	0	0	N	N	N	N	N	N	N	N	N	N	N	N	0.0000	0.0000	0.0000	0.0000	0.0000	0.0000	0.0000	0.0000	0.0000	0.0000	0.0000	0.0000	0.0000	0.0000	0.0000	0.0000	0.0000	0.0024	0.0040	0.0004	0.0232	0.0235	0.0084	0.0002	0.0000	0.0003	0.0677	0.0000	-0.0000	0.0000	1.0000	4.0676	0.0055	0.0000	0.0000	0.0000	0.0000	0.0000	0.0000	0.0000	0.0000	0.0000	0.0000	0.0000	0.0000	0.0000	0.0000	0.0000	0.0000	0.0000	0.0000	0.0000	0.0000	0.0000	0.0000	0.0000	0.0000	0.0000	0.0000	0.0000	0.0092	0.0052	0.0040	0.0009	0.0009	0.0000	0.0083	0.0043	0.0040	0.0000	0.0000	0.0000	0.0000	0.0000	0.0000	0.0000	0.0000	0.0000	0.0024	0.0040	0.0004	0.0232	0.0235	0.0084	0.0002	0.0000	0.0003		
23	72	0.0383	2	0	1	1	0	0	0	0	0	N	N	N	N	N	N	N	N	N	N	N	N	0.0000	0.0000	0.0000	0.0000	0.0000	0.0000	0.0000	0.0000	0.0000	0.0000	0.0000	0.0000	0.0000	0.0000	0.0000	0.0000	0.0000	0.0000	0.1537	0.2441	0.0354	0.6990	0.7055	0.0468	0.0190	0.0000	0.0353	0.1106	0.0000	-0.0008	0.0000	0.0000	4.0676	1.0265	0.0000	0.0000	0.0000	0.0000	0.0000	0.0000	0.0000	0.0000	0.0000	0.0019	0.0017	0.0002	0.0017	0.0017	0.0000	0.0002	0.0000	0.0002	0.0000	0.0000	0.0000	0.0000	0.0000	0.0000	0.0000	0.0000	0.0000	0.0125	0.0071	0.0054	0.0025	0.0025	0.0000	0.0100	0.0046	0.0054	0.0000	0.0000	0.0000	0.0000	0.0000	0.0000	0.0000	0.0000	0.0000	0.1537	0.2441	0.0354	0.6990	0.7055	0.0468	0.0190	0.0000	0.0353	
23	75	0.1154	5	0	2	0	0	0	0	0	0	N	Y	N	N	N	N	N	N	N	N	N	N	0.0000	0.0000	0.0000	0.0000	0.0000	0.0000	0.0000	0.0000	0.0000	0.0000	0.0000	0.0000	0.0000	0.0000	0.0000	0.0000	0.0000	0.0000	0.0095	0.0114	0.0049	0.0012	0.0012	0.0014	0.0164	0.0236	0.0060	0.1809	0.0000	-0.0004	0.0000	1.9994	4.0676	4.0943	0.0000	0.0000	0.0000	0.0000	0.0000	0.0000	0.0000	0.0000	0.0000	0.0010	0.0009	0.0002	0.0001	0.0000	0.0000	0.0010	0.0008	0.0001	0.0067	0.0065	0.0001	0.0034	0.0034	0.0000	0.0033	0.0032	0.0001	0.1067	0.0753	0.0314	0.0486	0.0411	0.0075	0.0581	0.0342	0.0239	0.0000	0.0000	0.0000	0.0000	0.0000	0.0000	0.0000	0.0000	0.0000	0.0095	0.0114	0.0049	0.0012	0.0012	0.0014	0.0164	0.0236	0.0060	
23	76	0.1091	4	0	1	0	0	0	0	0	0	N	N	N	N	N	N	N	N	N	N	N	N	0.0000	0.0000	0.0000	0.0000	0.0000	0.0000	0.0000	0.0000	0.0000	0.0000	0.0000	0.0000	0.0000	0.0000	0.0000	0.0000	0.0000	0.0000	0.0156	0.0082	0.0335	0.0131	0.0138	0.0085	0.0178	0.0007	0.0402	1.6956	0.0000	0.0001	0.0000	0.0011	4.0676	2.7207	0.0000	0.0000	0.0000	0.0000	0.0000	0.0000	0.0000	0.0000	0.0000	0.0009	0.0003	0.0006	0.0004	0.0003	0.0000	0.0006	0.0000	0.0005	0.0000	0.0000	0.0000	0.0000	0.0000	0.0000	0.0000	0.0000	0.0000	0.0590	0.0417	0.0173	0.0276	0.0239	0.0037	0.0314	0.0178	0.0136	0.0000	0.0000	0.0000	0.0000	0.0000	0.0000	0.0000	0.0000	0.0000	0.0156	0.0082	0.0335	0.0131	0.0138	0.0085	0.0178	0.0007	0.0402	
23	77	0.0771	3	0	1	0	0	0	0	0	0	N	N	N	N	N	N	N	N	N	N	N	N	0.0000	0.0000	0.0000	0.0000	0.0000	0.0000	0.0000	0.0000	0.0000	0.0000	0.0000	0.0000	0.0000	0.0000	0.0000	0.0000	0.0000	0.0000	0.2535	0.2455	0.2686	0.3628	0.3933	0.0923	0.1627	0.0003	0.2956	0.5799	0.0000	-0.0112	0.0000	0.0001	4.0676	10.0074	0.0000	0.0000	0.0000	0.0000	0.0000	0.0000	0.0000	0.0000	0.0000	0.0729	0.0461	0.0267	0.0473	0.0461	0.0012	0.0255	0.0000	0.0255	0.0144	0.0086	0.0058	0.0086	0.0072	0.0014	0.0058	0.0014	0.0043	0.2874	0.1879	0.0996	0.1304	0.1172	0.0132	0.1570	0.0707	0.0863	0.0000	0.0000	0.0000	0.0000	0.0000	0.0000	0.0000	0.0000	0.0000	0.2535	0.2455	0.2686	0.3628	0.3933	0.0923	0.1627	0.0003	0.2956	
23	78	0.0972	4	1	1	1	0	0	0	0	0	N	N	N	N	N	N	N	N	N	N	N	N	0.0000	0.0000	0.0000	0.0000	0.0000	0.0000	0.0000	0.0000	0.0000	0.0000	0.0000	0.0000	0.0000	0.0000	0.0000	0.0000	0.0000	0.0000	0.0000	0.0000	0.0000	0.0000	0.0000	0.0000	-0.0000	0.0000	1.6246	4.0676	0.0115	0.0000	0.0000	0.0000	0.0000	0.0000	0.0000	0.0000	0.0000	0.0000	0.0000	0.0000	0.0000	0.0000	0.0000	0.0000	0.0000	0.0000	0.0000	0.0100	0.0097	0.0003	0.0063	0.0061	0.0001	0.0037	0.0035	0.0002	0.0384	0.0248	0.0136	0.0197	0.0175	0.0022	0.0187	0.0072	0.0114	0.0000	0.0000	0.0000	0.0000	0.0000	0.0000	0.0000	0.0000	0.0000	0.0000	0.0000	0.0000	0.0000	0.0000	0.0000	0.0000	0.0000	0.0000						
23	79	0.0771	3	1	1	1	0	0	0	0	0	N	N	N	N	N	N	N	N	N	N	N	N	0.0000	0.0000	0.0000	0.0000	0.0000	0.0000	0.0000	0.0000	0.0000	0.0000	0.0000	0.0000	0.0000	0.0000	0.0000	0.0000	0.0000	0.0000	0.0000	0.0000	0.0001	0.0001	0.0000	0.0000	0.0000	0.0000	0.0156	0.0000	-0.0000	0.0000	8.1927	4.0676	3.9952	0.0000	0.0000	0.0000	0.0000	0.0000	0.0000	0.0000	0.0000	0.0000	0.0000	0.0000	0.0000	0.0000	0.0000	0.0000	0.0000	0.0000	0.0000	0.0479	0.0424	0.0056	0.0267	0.0253	0.0015	0.0212	0.0171	0.0041	0.3331	0.2180	0.1151	0.1503	0.1351	0.0152	0.1828	0.0829	0.0999	0.0000	0.0000	0.0000	0.0000	0.0000	0.0000	0.0000	0.0000	0.0000	0.0000	0.0000	0.0000	0.0001	0.0001	0.0000	0.0000	0.0000	0.0000		
23	80	0.0771	3	0	2	0	1	0	0	0	0	N	Y	N	N	N	N	N	N	N	N	N	N	0.0000	0.0000	0.0000	0.0000	0.0000	0.0000	0.0000	0.0000	0.0000	0.0000	0.0000	0.0000	0.0000	0.0000	0.0000	0.0000	0.0000	0.0564	0.0004	0.1632	0.0068	0.0006	0.0612	0.0965	0.0000	0.1786	224.9127	0.0000	0.0118	0.0000	0.7962	4.0676	19.0091	0.0000	0.0000	0.0000	0.0000	0.0000	0.0000	0.0000	0.0000	0.0000	0.0249	0.0001	0.0247	0.0013	0.0001	0.0012	0.0235	0.0000	0.0235	0.0175	0.0118	0.0057	0.0103	0.0089	0.0014	0.0072	0.0029	0.0043	0.4406	0.2890	0.1516	0.1968	0.1769	0.0199	0.2438	0.1121	0.1317	0.0000	0.0000	0.0000	0.0000	0.0000	0.0000	0.0000	0.0000	0.0000	0.0564	0.0004	0.1632	0.0068	0.0006	0.0612	0.0965	0.0000	0.1786		
23	81	0.0771	3	0	2	0	0	0	0	0	0	N	Y	N	N	N	N	N	N	N	N	N	N	0.0000	0.0000	0.0000	0.0000	0.0000	0.0000	0.0000	0.0000	0.0000	0.0000	0.0000	0.0000	0.0000	0.0000	0.0000	0.0000	0.0000	0.0000	1.8907	2.7991	0.1492	0.0096	0.0049	0.0517	3.3877	7.0942	0.1640	0.0278	0.0000	-0.4975	0.0000	0.7962	4.0676	25.3140	0.0000	0.0000	0.0000	0.0000	0.0000	0.0000	0.0000	0.0000	0.0000	1.0071	0.9799	0.0273	0.0023	0.0010	0.0012	1.0048	0.9788	0.0260	0.0175	0.0118	0.0057	0.0103	0.0089	0.0014	0.0072	0.0029	0.0043	0.5327	0.3501	0.1826	0.2361	0.2121	0.0240	0.2966	0.1380	0.1586	0.0000	0.0000	0.0000	0.0000	0.0000	0.0000	0.0000	0.0000	0.0000	1.8907	2.7991	0.1492	0.0096	0.0049	0.0517	3.3877	7.0942	0.1640	
23	82	0.0771	3	0	2	0	0	0	0	0	0	N	Y	N	N	N	N	N	N	N	N	N	N	0.0000	0.0000	0.0000	0.0000	0.0000	0.0000	0.0000	0.0000	0.0000	0.0000	0.0000	0.0000	0.0000	0.0000	0.0000	0.0000	0.0000	0.0483	0.0004	0.1403	0.0055	0.0007	0.0486	0.0821	0.0000	0.1541	181.6693	0.0000	0.0130	0.0000	1.7961	4.0676	27.0091	0.0000	0.0000	0.0000	0.0000	0.0000	0.0000	0.0000	0.0000	0.0000	0.0274	0.0001	0.0273	0.0014	0.0001	0.0012	0.0260	0.0000	0.0260	0.0214	0.0158	0.0057	0.0125	0.0110	0.0014	0.0090	0.0047	0.0043	0.5676	0.3733	0.1943	0.2507	0.2253	0.0255	0.3168	0.1480	0.1688	0.0000	0.0000	0.0000	0.0000	0.0000	0.0000	0.0000	0.0000	0.0000	0.0483	0.0004	0.1403	0.0055	0.0007	0.0486	0.0821	0.0000	0.1541		
23	83	0.1447	4	0	1	0	0	0	0	0	0	N	N	N	N	N	N	N	N	N	N	N	N	0.0000	0.0000	0.0000	0.0000	0.0000	0.0000	0.0000	0.0000	0.0000	0.0000	0.0000	0.0000	0.0000	0.0000	0.0000	0.0000	0.0000	0.0000	0.1382	0.1807	0.0267	0.0668	0.0768	0.0063	0.2135	0.3419	0.0341	0.0000	0.0563	-0.0000	-0.0878	0.0000	10.0679	4.0676	33.8159	0.0000	0.0000	0.0000	0.0000	0.0000	0.0000	0.0000	0.0000	0.0000	0.1876	0.1776	0.0100	0.0465	0.0459	0.0006	0.1411	0.1317	0.0094	0.0351	0.0339	0.0012	0.0177	0.0176	0.0000	0.0174	0.0163	0.0011	1.3572	0.9832	0.3741	0.6965	0.5980	0.0984	0.6607	0.3851	0.2756	0.0000	0.0000	0.0000	0.0000	0.0000	0.0000	0.0000	0.0000	0.0000	0.1382	0.1807	0.0267	0.0668	0.0768	0.0063	0.2135	0.3419	0.0341
23	84	0.1171	3	0	1	0	0	0	0	0	0	N	N	N	N	N	N	N	N	N	N	N	N	0.0001	0.0001	0.0007	0.0003	0.0003	0.0000	0.0000	0.0000	0.0008	0.0001	0.0001	0.0001	0.0001	0.0001	0.0000	0.0000	0.0000	0.0001	0.4846	0.6684	0.0773	0.2777	0.3030	0.0782	0.7062	1.3979	0.0772	0.0671	0.0522	-0.0000	-0.2340	0.0000	0.9441	4.0676	14.0836	0.0000	0.0000	0.0000	0.0000	0.0000	0.0000	0.0000	0.0000	0.0000	0.4964	0.4718	0.0246	0.1471	0.1425	0.0047	0.3493	0.3293	0.0200	0.0037	0.0035	0.0002	0.0019	0.0019	0.0000	0.0018	0.0016	0.0002	1.0244	0.7058	0.3186	0.5298	0.4702	0.0596	0.4946	0.2355	0.2590	0.0001	0.0001	0.0007	0.0003	0.0003	0.0000	0.0000	0.0000	0.0008	0.4846	0.6684	0.0773	0.2777	0.3030	0.0782	0.7062	1.3979	0.0772
23	85	0.3993	6	0	1	0	0	0	0	0	0	N	N	N	N	N	N	N	N	N	N	N	N	0.0000	0.0000	0.0000	0.0000	0.0000	0.0000	0.0000	0.0000	0.0000	0.0000	0.0000	0.0000	0.0000	0.0000	0.0000	0.0000	0.0000	0.0000	0.2472	0.3433	0.0007	0.2446	0.3004	0.0003	0.2518	0.4523	0.0010	0.0008	0.0000	-0.2134	0.0000	15.0008	4.0676	28.2980	0.0000	0.0000	0.0000	0.0000	0.0000	0.0000	0.0000	0.0000	0.0000	0.4102	0.4099	0.0003	0.2575	0.2574	0.0001	0.1528	0.1525	0.0003	0.0853	0.0794	0.0058	0.0472	0.0444	0.0027	0.0381	0.0350	0.0031	1.6593	1.1941	0.4652	1.0525	0.8569	0.1956	0.6068	0.3372	0.2696	0.0000	0.0000	0.0000	0.0000	0.0000	0.0000	0.0000	0.0000	0.0000	0.2472	0.3433	0.0007	0.2446	0.3004	0.0003	0.2518	0.4523	0.0010	
23	86	0.3993	6	0	1	0	0	0	0	0	0	N	N	N	N	N	N	N	N	N	N	N	N	0.0000	0.0000	0.0000	0.0000	0.0000	0.0000	0.0000	0.0000	0.0000	0.0000	0.0000	0.0000	0.0000	0.0000	0.0000	0.0000	0.0000	0.0000	0.2501	0.3461	0.0083	0.2415	0.2971	0.0044	0.2658	0.4795	0.0112	0.0095	0.0000	-0.2117	0.0000	10.8154	4.0676	27.4443	0.0000	0.0000	0.0000	0.0000	0.0000	0.0000	0.0000	0.0000	0.0000	0.4137	0.4098	0.0039	0.2582	0.2573	0.0009	0.1555	0.1525	0.0030	0.0521	0.0467	0.0054	0.0303	0.0273	0.0030	0.0217	0.0193	0.0024	1.6541	1.1842	0.4700	1.0691	0.8660	0.2031	0.5850	0.3181	0.2669	0.0000	0.0000	0.0000	0.0000	0.0000	0.0000	0.0000	0.0000	0.0000	0.2501	0.3461	0.0083	0.2415	0.2971	0.0044	0.2658	0.4795	0.0112	
23	87	0.3515	5	0	1	0	0	0	0	0	0	N	N	N	N	N	N	N	N	N	N	N	N	0.0000	0.0000	0.0000	0.0000	0.0000	0.0000	0.0000	0.0000	0.0000	0.0000	0.0000	0.0000	0.0000	0.0000	0.0000	0.0000	0.0000	0.0000	0.3363	0.4384	0.0806	0.3520	0.4008	0.1365	0.3082	0.5410	0.0411	0.0735	0.0000	-0.2940	0.0000	2.7608	4.0676	22.4044	0.0000	0.0000	0.0000	0.0000	0.0000	0.0000	0.0000	0.0000	0.0000	0.6494	0.6050	0.0444	0.4356	0.4044	0.0312	0.2139	0.2006	0.0133	0.0233	0.0191	0.0042	0.0147	0.0120	0.0026	0.0086	0.0070	0.0016	1.9314	1.3799	0.5515	1.2375	1.0090	0.2285	0.6939	0.3708	0.3230	0.0000	0.0000	0.0000	0.0000	0.0000	0.0000	0.0000	0.0000	0.0000	0.3363	0.4384	0.0806	0.3520	0.4008	0.1365	0.3082	0.5410	0.0411	
23	88	0.2217	4	0	1	0	0	0	0	0	0	N	N	N	N	N	N	N	N	N	N	N	N	0.0000	0.0000	0.0000	0.0000	0.0000	0.0000	0.0000	0.0000	0.0000	0.0000	0.0000	0.0000	0.0000	0.0000	0.0000	0.0000	0.0000	0.0000	0.6405	0.5716	0.8212	0.4844	0.5183	0.2665	0.8177	0.6646	1.0148	1.1071	0.5482	0.0000	-0.1787	0.0000	8.8820	4.0676	49.9570	0.0000	0.0000	0.0000	0.0000	0.0000	0.0000	0.0000	0.0000	0.0000	1.0700	0.6911	0.3788	0.4303	0.3985	0.0318	0.6397	0.2926	0.3470	0.0324	0.0310	0.0015	0.0166	0.0163	0.0003	0.0158	0.0146	0.0012	1.6705	1.2092	0.4613	0.8882	0.7689	0.1194	0.7823	0.4403	0.3420	0.0000	0.0000	0.0000	0.0000	0.0000	0.0000	0.0000	0.0000	0.0000	0.6405	0.5716	0.8212	0.4844	0.5183	0.2665	0.8177	0.6646	1.0148
23	89	0.0771	3	1	2	0	1	0	0	0	0	N	Y	N	N	N	N	N	N	N	N	N	N	0.0000	0.0000	0.0000	0.0000	0.0000	0.0000	0.0000	0.0000	0.0000	0.0000	0.0000	0.0000	0.0000	0.0000	0.0001	0.0000	0.0001	0.0001	0.0000	0.0000	0.0000	0.0000	0.0000	0.0000	-0.0000	0.0000	0.7962	4.0676	16.9291	0.0000	0.0000	0.0000	0.0000	0.0000	0.0000	0.0000	0.0000	0.0000	0.0000	0.0000	0.0000	0.0000	0.0000	0.0000	0.0000	0.0000	0.0000	0.0175	0.0118	0.0057	0.0103	0.0089	0.0014	0.0072	0.0029	0.0043	0.4066	0.2665	0.1401	0.1822	0.1638	0.0185	0.2244	0.1028	0.1217	0.0000	0.0000	0.0000	0.0000	0.0000	0.0000	0.0000	0.0000	0.0000	0.0000	0.0001	0.0000	0.0001	0.0001	0.0000	0.0000	0.0000	0.0000						
23	90	0.1491	8	0	2	0	1	0	0	0	0	N	Y	N	N	N	N	N	N	N	N	N	N	0.0000	0.0000	0.0000	0.0000	0.0000	0.0000	0.0000	0.0000	0.0000	0.0000	0.0000	0.0000	0.0000	0.0000	0.0000	0.0000	0.0000	0.0000	0.0000	0.0000	0.0000	0.0000	4.0676	0.0000	0.0000	0.0000	0.0000	0.0000	0.0000	0.0000	0.0000	0.0000	0.0000	0.0000	0.0000	0.0000	0.0000	0.0000	0.0000	0.0000	0.0000	0.0000	0.0000	0.0000	0.0000	0.0000	0.0000	0.0000	0.0000	0.0000	0.0000	0.0000	0.0000	0.0000	0.0000	0.0000	0.0000	0.0000	0.0000	0.0000	0.0000	0.0000	0.0000	0.0000	0.0000	0.0000	0.0000	0.0000	0.0000	0.0000	0.0000	0.0000	0.0000	0.0000	0.0000	0.0000	0.0000	0.0000											
23	91	0.1384	7	0	2	0	1	0	0	0	0	N	Y	N	N	N	N	N	N	N	N	N	N	0.0000	0.0000	0.0000	0.0000	0.0000	0.0000	0.0000	0.0000	0.0000	0.0000	0.0000	0.0000	0.0000	0.0000	0.0000	0.0000	0.0000	0.0000	0.0000	0.0000	0.0000	1.0000	4.0676	3.0000	0.0000	0.0000	0.0000	0.0000	0.0000	0.0000	0.0000	0.0000	0.0000	0.0000	0.0000	0.0000	0.0000	0.0000	0.0000	0.0000	0.0000	0.0000	0.0036	0.0035	0.0001	0.0019	0.0019	0.0000	0.0017	0.0016	0.0001	0.0893	0.0586	0.0307	0.0489	0.0434	0.0056	0.0403	0.0152	0.0251	0.0000	0.0000	0.0000	0.0000	0.0000	0.0000	0.0000	0.0000	0.0000	0.0000	0.0000	0.0000	0.0000	0.0000	0.0000	0.0000	0.0000	0.0000											
23	92	0.1318	5	0	2	0	0	0	0	0	0	N	Y	N	N	N	N	N	N	N	N	N	N	0.0000	0.0000	0.0000	0.0000	0.0000	0.0000	0.0000	0.0000	0.0000	0.0000	0.0000	0.0000	0.0000	0.0000	0.0000	0.0000	0.0000	0.0000	0.0000	0.0000	0.0000	0.0000	4.0676	0.0000	0.0000	0.0000	0.0000	0.0000	0.0000	0.0000	0.0000	0.0000	0.0000	0.0000	0.0000	0.0000	0.0000	0.0000	0.0000	0.0000	0.0000	0.0000	0.0000	0.0000	0.0000	0.0000	0.0000	0.0000	0.0000	0.0000	0.0000	0.0000	0.0000	0.0000	0.0000	0.0000	0.0000	0.0000	0.0000	0.0000	0.0000	0.0000	0.0000	0.0000	0.0000	0.0000	0.0000	0.0000	0.0000	0.0000	0.0000	0.0000	0.0000	0.0000	0.0000	0.0000	0.0000	0.0000											
23	93	0.1384	7	0	1	1	1	0	0	0	0	N	N	N	N	N	N	N	N	N	N	N	N	0.0000	0.0000	0.0000	0.0000	0.0000	0.0000	0.0000	0.0000	0.0000	0.0000	0.0000	0.0000	0.0000	0.0000	0.0000	0.0000	0.0000	0.0000	0.0000	0.0000	0.0000	0.0000	4.0676	0.0000	0.0000	0.0000	0.0000	0.0000	0.0000	0.0000	0.0000	0.0000	0.0000	0.0000	0.0000	0.0000	0.0000	0.0000	0.0000	0.0000	0.0000	0.0000	0.0000	0.0000	0.0000	0.0000	0.0000	0.0000	0.0000	0.0000	0.0000	0.0000	0.0000	0.0000	0.0000	0.0000	0.0000	0.0000	0.0000	0.0000	0.0000	0.0000	0.0000	0.0000	0.0000	0.0000	0.0000	0.0000	0.0000	0.0000	0.0000	0.0000	0.0000	0.0000	0.0000	0.0000	0.0000	0.0000											
23	94	0.1357	6	0	1	0	1	0	0	0	0	N	N	N	N	N	N	N	N	N	N	N	N	0.0000	0.0000	0.0000	0.0000	0.0000	0.0000	0.0000	0.0000	0.0000	0.0000	0.0000	0.0000	0.0000	0.0000	0.0000	0.0000	0.0000	0.0000	0.0000	0.0000	0.0000	0.0000	0.0000	0.0000	-0.0000	0.0000	1.0000	4.0676	0.0097	0.0000	0.0000	0.0000	0.0000	0.0000	0.0000	0.0000	0.0000	0.0000	0.0000	0.0000	0.0000	0.0000	0.0000	0.0000	0.0000	0.0000	0.0000	0.0036	0.0035	0.0001	0.0019	0.0019	0.0000	0.0017	0.0016	0.0001	0.0239	0.0156	0.0083	0.0131	0.0117	0.0015	0.0108	0.0040	0.0068	0.0000	0.0000	0.0000	0.0000	0.0000	0.0000	0.0000	0.0000	0.0000	0.0000	0.0000	0.0000	0.0000	0.0000	0.0000	0.0000	0.0000	0.0000						
23	95	0.1357	6	0	1	1	1	0	0	0	0	N	N	N	N	N	N	N	N	N	N	N	N	0.0000	0.0000	0.0000	0.0000	0.0000	0.0000	0.0000	0.0000	0.0000	0.0000	0.0000	0.0000	0.0000	0.0000	0.0000	0.0000	0.0000	0.0000	0.0000	0.0000	0.0000	0.0000	0.0000	0.0000	-0.0000	0.0000	2.0000	4.0676	3.0050	0.0000	0.0000	0.0000	0.0000	0.0000	0.0000	0.0000	0.0000	0.0000	0.0000	0.0000	0.0000	0.0000	0.0000	0.0000	0.0000	0.0000	0.0000	0.0071	0.0069	0.0002	0.0038	0.0037	0.0000	0.0033	0.0032	0.0002	0.1103	0.0723	0.0380	0.0604	0.0535	0.0069	0.0499	0.0188	0.0311	0.0000	0.0000	0.0000	0.0000	0.0000	0.0000	0.0000	0.0000	0.0000	0.0000	0.0000	0.0000	0.0000	0.0000	0.0000	0.0000	0.0000	0.0000						
23	96	0.1357	6	0	1	1	1	0	0	0	0	N	N	N	N	N	N	N	N	N	N	N	N	0.0000	0.0000	0.0000	0.0000	0.0000	0.0000	0.0000	0.0000	0.0000	0.0000	0.0000	0.0000	0.0000	0.0000	0.0000	0.0000	0.0000	6.6911	10.2053	0.0002	0.0002	0.0003	0.0000	14.7479	38.9181	0.0002	0.0000	0.0000	-0.5209	0.0000	0.0000	4.0676	6.9903	0.0000	0.0000	0.0000	0.0000	0.0000	0.0000	0.0000	0.0000	0.0000	0.9996	0.9996	0.0000	0.0000	0.0000	0.0000	0.9996	0.9996	0.0000	0.0000	0.0000	0.0000	0.0000	0.0000	0.0000	0.0000	0.0000	0.0000	0.1494	0.0979	0.0514	0.0816	0.0723	0.0094	0.0678	0.0257	0.0421	0.0000	0.0000	0.0000	0.0000	0.0000	0.0000	0.0000	0.0000	0.0000	6.6911	10.2053	0.0002	0.0002	0.0003	0.0000	14.7479	38.9181	0.0002		
23	97	0.1301	5	0	1	0	1	0	0	0	0	N	N	N	N	N	N	N	N	N	N	N	N	0.0000	0.0000	0.0000	0.0000	0.0000	0.0000	0.0000	0.0000	0.0000	0.0000	0.0000	0.0000	0.0000	0.0000	0.0000	0.0000	0.0000	0.0000	0.0000	0.0000	0.0000	0.0000	0.0000	0.0000	0.0000	3.1346	0.0000	0.0000	0.0000	0.9999	4.0676	1.0605	0.0000	0.0000	0.0000	0.0000	0.0000	0.0000	0.0000	0.0000	0.0000	0.0000	0.0000	0.0000	0.0000	0.0000	0.0000	0.0000	0.0000	0.0000	0.0057	0.0055	0.0002	0.0034	0.0033	0.0001	0.0023	0.0022	0.0001	0.0488	0.0320	0.0168	0.0265	0.0236	0.0029	0.0223	0.0084	0.0138	0.0000	0.0000	0.0000	0.0000	0.0000	0.0000	0.0000	0.0000	0.0000	0.0000	0.0000	0.0000	0.0000	0.0000	0.0000	0.0000	0.0000	0.0000			
23	98	0.1280	4	0	1	0	1	0	0	0	0	N	N	N	N	N	N	N	N	N	N	N	N	0.0000	0.0000	0.0000	0.0000	0.0000	0.0000	0.0000	0.0000	0.0000	0.0000	0.0000	0.0000	0.0000	0.0000	0.0000	0.0000	0.0000	0.0000	0.0000	0.0000	0.0000	0.0000	0.0000	0.0000	0.0000	0.1370	0.0000	-0.0000	0.0000	0.0012	4.0676	1.0414	0.0000	0.0000	0.0000	0.0000	0.0000	0.0000	0.0000	0.0000	0.0000	0.0000	0.0000	0.0000	0.0000	0.0000	0.0000	0.0000	0.0000	0.0000	0.0000	0.0000	0.0000	0.0000	0.0000	0.0000	0.0000	0.0000	0.0000	0.0259	0.0171	0.0088	0.0140	0.0125	0.0015	0.0119	0.0046	0.0073	0.0000	0.0000	0.0000	0.0000	0.0000	0.0000	0.0000	0.0000	0.0000	0.0000	0.0000	0.0000	0.0000	0.0000	0.0000	0.0000	0.0000	0.0000			
23	99	0.0771	3	1	2	0	0	0	0	0	0	N	Y	N	N	N	N	N	N	N	N	N	N	0.0000	0.0000	0.0000	0.0000	0.0000	0.0000	0.0000	0.0000	0.0000	0.0000	0.0000	0.0000	0.0000	0.0000	0.0000	0.0000	0.0001	0.0001	0.0000	0.0000	0.0000	0.0000	0.0000	0.0000	-0.0000	0.0000	3.2042	4.0676	9.0918	0.0000	0.0000	0.0000	0.0000	0.0000	0.0000	0.0000	0.0000	0.0000	0.0000	0.0000	0.0000	0.0000	0.0000	0.0000	0.0000	0.0000	0.0000	0.0283	0.0226	0.0056	0.0162	0.0147	0.0014	0.0121	0.0079	0.0042	0.3368	0.2204	0.1164	0.1519	0.1366	0.0154	0.1849	0.0838	0.1010	0.0000	0.0000	0.0000	0.0000	0.0000	0.0000	0.0000	0.0000	0.0000	0.0000	0.0000	0.0000	0.0001	0.0001	0.0000	0.0000	0.0000	0.0000						
23	100	0.0771	3	0	2	0	0	0	0	0	0	N	Y	N	N	N	N	N	N	N	N	N	N	0.0000	0.0000	0.0000	0.0000	0.0000	0.0000	0.0000	0.0000	0.0000	0.0000	0.0000	0.0000	0.0000	0.1549	0.2369	0.0000	0.3418	0.3803	0.0000	0.0000	0.0000	0.0000	0.0000	0.0000	-0.0240	0.0000	0.7962	4.0676	10.9291	0.0000	0.0000	0.0000	0.0000	0.0000	0.0000	0.0000	0.0000	0.0000	0.0461	0.0461	0.0000	0.0461	0.0461	0.0000	0.0000	0.0000	0.0000	0.0175	0.0118	0.0057	0.0103	0.0089	0.0014	0.0072	0.0029	0.0043	0.2976	0.1946	0.1030	0.1349	0.1212	0.0137	0.1628	0.0734	0.0894	0.0000	0.0000	0.0000	0.0000	0.0000	0.0000	0.0000	0.0000	0.0000	0.1549	0.2369	0.0000	0.3418	0.3803	0.0000	0.0000	0.0000	0.0000						
23	101	0.1349	6	1	2	0	0	0	0	0	0	N	Y	N	N	N	N	N	N	N	N	N	N	0.0000	0.0000	0.0000	0.0000	0.0000	0.0000	0.0000	0.0000	0.0000	0.0000	0.0000	0.0000	0.0000	0.0000	0.0000	0.0000	0.0000	0.0000	0.0000	0.0000	0.0000	0.0000	4.0676	3.0000	0.0000	0.0000	0.0000	0.0000	0.0000	0.0000	0.0000	0.0000	0.0000	0.0000	0.0000	0.0000	0.0000	0.0000	0.0000	0.0000	0.0000	0.0000	0.0000	0.0000	0.0000	0.0000	0.0000	0.0000	0.0000	0.0000	0.0000	0.0671	0.0437	0.0234	0.0365	0.0323	0.0042	0.0306	0.0114	0.0192	0.0000	0.0000	0.0000	0.0000	0.0000	0.0000	0.0000	0.0000	0.0000	0.0000	0.0000	0.0000	0.0000	0.0000	0.0000	0.0000	0.0000	0.0000											
23	102	0.1318	5	1	2	0	0	0	0	0	0	N	Y	N	N	N	N	N	N	N	N	N	N	0.0000	0.0000	0.0000	0.0000	0.0000	0.0000	0.0000	0.0000	0.0000	0.0000	0.0000	0.0000	0.0000	0.0000	0.0000	0.0000	0.0000	0.0000	0.0000	0.0000	0.0000	0.0000	4.0676	1.0000	0.0000	0.0000	0.0000	0.0000	0.0000	0.0000	0.0000	0.0000	0.0000	0.0000	0.0000	0.0000	0.0000	0.0000	0.0000	0.0000	0.0000	0.0000	0.0000	0.0000	0.0000	0.0000	0.0000	0.0000	0.0000	0.0000	0.0000	0.0234	0.0153	0.0082	0.0128	0.0113	0.0015	0.0107	0.0039	0.0067	0.0000	0.0000	0.0000	0.0000	0.0000	0.0000	0.0000	0.0000	0.0000	0.0000	0.0000	0.0000	0.0000	0.0000	0.0000	0.0000	0.0000	0.0000											
23	103	0.1280	4	0	2	0	0	0	0	0	0	N	Y	N	N	N	N	N	N	N	N	N	N	0.0000	0.0000	0.0000	0.0000	0.0000	0.0000	0.0000	0.0000	0.0000	0.0000	0.0000	0.0000	0.0000	0.0000	0.0000	0.0000	0.0000	0.0000	0.0000	0.0000	0.0000	0.0000	0.0045	0.0000	-0.0000	0.0000	0.0006	4.0676	1.0534	0.0000	0.0000	0.0000	0.0000	0.0000	0.0000	0.0000	0.0000	0.0000	0.0000	0.0000	0.0000	0.0000	0.0000	0.0000	0.0000	0.0000	0.0000	0.0000	0.0000	0.0000	0.0000	0.0000	0.0000	0.0000	0.0000	0.0000	0.0262	0.0173	0.0089	0.0142	0.0127	0.0015	0.0120	0.0047	0.0073	0.0000	0.0000	0.0000	0.0000	0.0000	0.0000	0.0000	0.0000	0.0000	0.0000	0.0000	0.0000	0.0000	0.0000	0.0000	0.0000	0.0000	0.0000						
23	104	0.0771	3	0	1	0	0	0	0	0	0	N	N	N	N	N	N	N	N	N	N	N	N	0.0000	0.0000	0.0000	0.0000	0.0000	0.0000	0.0000	0.0000	0.0000	0.0000	0.0000	0.0000	0.0000	0.0000	0.0000	0.0000	0.0000	0.0000	0.0001	0.0000	0.0001	0.0001	0.0000	0.0000	0.0000	0.0000	0.0076	0.0000	-0.0000	0.0000	7.2034	4.0676	9.9858	0.0000	0.0000	0.0000	0.0000	0.0000	0.0000	0.0000	0.0000	0.0000	0.0000	0.0000	0.0000	0.0000	0.0000	0.0000	0.0000	0.0000	0.0000	0.0442	0.0386	0.0056	0.0247	0.0233	0.0015	0.0194	0.0153	0.0041	0.4300	0.2820	0.1480	0.1923	0.1728	0.0195	0.2378	0.1092	0.1286	0.0000	0.0000	0.0000	0.0000	0.0000	0.0000	0.0000	0.0000	0.0000	0.0000	0.0001	0.0000	0.0001	0.0001	0.0000	0.0000	0.0000	0.0000		
23	105	0.0557	2	0	1	0	0	0	0	0	0	N	N	N	N	N	N	N	N	N	N	N	N	0.0001	0.0000	0.0189	0.0000	0.0000	0.0000	0.0105	0.0000	0.0231	0.0000	0.0000	0.0000	0.0000	0.0000	0.0000	0.0000	0.0000	0.0000	0.0392	0.0618	0.0012	0.0747	0.0817	0.0005	0.0009	0.0001	0.0013	inf	0.0115	0.0000	-0.0174	0.0000	0.7993	4.0676	5.3573	0.0000	0.0000	0.0000	0.0000	0.0000	0.0000	0.0000	0.0000	0.0000	0.0342	0.0338	0.0004	0.0338	0.0338	0.0000	0.0004	0.0000	0.0004	0.0052	0.0042	0.0010	0.0028	0.0026	0.0002	0.0023	0.0016	0.0008	0.8714	0.5469	0.3245	0.4526	0.4137	0.0389	0.4188	0.1332	0.2856	0.0001	0.0000	0.0189	0.0000	0.0000	0.0000	0.0105	0.0000	0.0231	0.0392	0.0618	0.0012	0.0747	0.0817	0.0005	0.0009	0.0001	0.0013
23	109	0.3040	5	0	1	0	0	0	0	0	0	N	N	N	N	N	N	N	N	N	N	N	N	0.0000	0.0000	0.0000	0.0000	0.0000	0.0000	0.0000	0.0000	0.0000	0.0000	0.0000	0.0000	0.0000	0.0000	0.0000	0.0000	0.0000	0.0000	0.3839	0.5284	0.0086	0.1252	0.1446	0.0095	0.6881	1.2149	0.0083	0.0063	-0.0000	-0.2894	0.0000	7.7801	4.0676	32.2209	0.0000	0.0000	0.0000	0.0000	0.0000	0.0000	0.0000	0.0000	0.0000	0.5621	0.5586	0.0035	0.0991	0.0980	0.0011	0.4630	0.4606	0.0024	0.0278	0.0267	0.0011	0.0140	0.0140	0.0001	0.0137	0.0127	0.0010	1.4644	1.0572	0.4072	0.7915	0.6781	0.1134	0.6729	0.3791	0.2938	0.0000	0.0000	0.0000	0.0000	0.0000	0.0000	0.0000	0.0000	0.0000	0.3839	0.5284	0.0086	0.1252	0.1446	0.0095	0.6881	1.2149	0.0083	
24	25	0.1514	2	1	2	0	0	0	0	0	0	N	Y	N	N	N	N	N	N	N	N	N	N	457.8369	266.9660	3122.1857	0.4408	0.2456	97.9793	108785.3926	inf	4660.2943	5.2482	5.7496	0.6547	0.0593	0.0354	0.4044	8.8989	10.0325	0.7481	0.0115	0.0215	0.0002	0.1346	0.1443	0.0041	0.0001	0.0000	0.0002	0.0124	0.0087	-0.0856	-0.0030	8.3046	1.0335	21.0710	7.4537	1.0272	1.0146	0.0126	0.0048	0.0027	0.0021	1.0224	1.0119	0.0105	0.0059	0.0059	0.0001	0.0059	0.0059	0.0000	0.0000	0.0000	0.0000	0.1957	0.1765	0.0193	0.0808	0.0756	0.0052	0.1149	0.1009	0.0140	0.5160	0.2723	0.2437	0.0437	0.0406	0.0030	0.4723	0.2316	0.2407	457.8369	266.9660	3122.1857	0.4408	0.2456	97.9793	108785.3926	inf	4660.2943	0.0115	0.0215	0.0002	0.1346	0.1443	0.0041	0.0001	0.0000	0.0002
24	27	0.2239	2	1	2	1	1	0	0	0	0	N	Y	N	N	N	N	N	N	N	N	N	N	1.1199	6682.5445	0.0058	215.3760	8635.3088	0.3639	0.0005	inf	0.0024	2.8547	3.1512	0.0377	6.7392	7.2314	0.0819	0.0023	0.0002	0.0183	2.5492	0.0005	6.5579	0.0313	0.0008	0.2250	4.2163	0.0000	7.5821	0.0013	8841.9329	-0.0936	0.5504	8.3046	1.9923	21.0710	5.5017	0.9923	0.9910	0.0012	0.9918	0.9910	0.0008	0.0005	0.0000	0.0004	1.1496	0.0001	1.1495	0.0056	0.0001	0.0055	1.1440	0.0000	1.1440	0.3476	0.3145	0.0331	0.1472	0.1370	0.0101	0.2004	0.1774	0.0230	0.4510	0.2757	0.1753	0.1796	0.1552	0.0244	0.2713	0.1204	0.1509	1.1199	6682.5445	0.0058	215.3760	8635.3088	0.3639	0.0005	inf	0.0024	2.5492	0.0005	6.5579	0.0313	0.0008	0.2250	4.2163	0.0000	7.5821
24	29	0.1912	4	2	2	0	0	0	0	0	0	Y	Y	N	N	N	N	N	N	N	N	N	N	0.0000	0.0000	0.0000	0.0000	0.0000	0.0000	0.0000	0.0000	0.0000	0.0000	0.0000	0.0000	0.0000	0.0000	0.0000	0.0000	0.0000	0.0000	0.0000	0.0000	8.3046	0.0000	21.0710	0.0000	0.0000	0.0000	0.0000	0.0000	0.0000	0.0000	0.0000	0.0000	0.0000	0.0000	0.0000	0.0000	0.0000	0.0000	0.0000	0.0000	0.0000	0.0000	0.0000	0.0000	0.0000	0.0000	0.0000	0.0000	0.0000	0.0000	0.0000	0.0000	0.0000	0.0000	0.0000	0.0000	0.0000	0.0000	0.0000	0.0000	0.0000	0.0000	0.0000	0.0000	0.0000	0.0000	0.0000	0.0000	0.0000	0.0000	0.0000	0.0000	0.0000	0.0000	0.0000	0.0000	0.0000	0.0000											
24	32	0.5582	8	1	1	1	0	0	0	0	0	N	N	N	N	N	N	N	N	N	N	N	N	0.0003	0.0006	0.0000	0.0029	0.0028	0.0000	0.0000	0.0000	0.0000	0.0010	0.0011	0.0000	0.0075	0.0079	0.0000	0.0000	0.0000	0.0000	3.0315	1.7750	5.5737	2.5528	2.8407	0.9935	3.4889	0.0025	6.8575	0.0000	1.5521	-0.0000	0.1946	8.3046	2.4598	21.0710	7.4321	0.0003	0.0003	0.0000	0.0003	0.0003	0.0000	0.0000	0.0000	0.0000	2.2345	0.8756	1.3589	0.9194	0.8751	0.0443	1.3151	0.0005	1.3146	0.3220	0.2830	0.0390	0.0429	0.0407	0.0022	0.2791	0.2422	0.0368	0.7371	0.4933	0.2438	0.3602	0.3081	0.0521	0.3769	0.1852	0.1917	0.0003	0.0006	0.0000	0.0029	0.0028	0.0000	0.0000	0.0000	0.0000	3.0315	1.7750	5.5737	2.5528	2.8407	0.8506	3.4889	0.0025	6.8575
24	33	0.5200	7	1	1	0	0	0	0	0	0	N	N	N	N	N	N	N	N	N	N	N	N	0.0002	0.0019	0.0000	0.0009	0.0009	0.0000	0.0001	0.0077	0.0000	0.0010	0.0011	0.0002	0.0008	0.0008	0.0000	0.0010	0.0011	0.0002	6.3828	0.5641	17.8359	0.8605	0.9120	0.5341	10.3567	0.1473	21.3630	0.0300	16.0626	-0.0000	2.1994	8.3046	2.7943	21.0710	8.2643	0.0003	0.0003	0.0000	0.0000	0.0000	0.0000	0.0003	0.0003	0.0000	5.2329	0.3067	4.9262	0.2952	0.2702	0.0250	4.9376	0.0364	4.9012	0.3471	0.3041	0.0430	0.0359	0.0342	0.0018	0.3112	0.2699	0.0413	0.8198	0.5436	0.2762	0.3431	0.2963	0.0468	0.4768	0.2473	0.2294	0.0002	0.0019	0.0000	0.0009	0.0009	0.0000	0.0001	0.0077	0.0000	6.3828	0.5641	17.8359	0.8605	0.9120	0.5341	10.3567	0.1473	21.3630
24	34	0.1888	2	1	2	0	0	0	0	0	0	N	Y	N	N	N	N	N	N	N	N	N	N	0.1120	0.0998	0.0000	0.1472	0.1314	0.0000	0.0088	0.0088	0.0000	0.2505	0.3134	0.0000	0.4425	0.4972	0.0000	0.0108	0.0158	0.0000	2.2369	3.1416	0.5137	3.0053	3.7841	0.1280	1.2373	1.7852	0.7212	0.0000	0.0858	-0.0000	-0.2437	8.3046	0.0009	21.0710	2.4415	0.0002	0.0002	0.0000	0.0002	0.0002	0.0000	0.0000	0.0000	0.0000	0.5513	0.5077	0.0436	0.4188	0.4150	0.0038	0.1325	0.0927	0.0398	0.0008	0.0007	0.0002	0.0005	0.0004	0.0001	0.0004	0.0003	0.0001	0.2464	0.1616	0.0848	0.1393	0.1097	0.0297	0.1071	0.0519	0.0552	0.1120	0.0998	0.0000	0.1472	0.1314	0.0000	0.0088	0.0088	0.0000	2.2369	3.1416	0.5137	3.0053	3.7841	0.1280	1.2373	1.7852	0.7212
24	36	0.2239	2	1	2	0	0	0	0	0	0	N	Y	N	N	N	N	N	N	N	N	N	N	0.4275	0.0242	970.7461	0.2208	0.0174	1353.4223	11.1895	1.0560	88.3813	2.0526	0.1891	27.5012	2.6317	0.2387	45.7808	0.3056	0.0287	2.4258	4.8017	7.8035	0.0283	11.9216	13.7473	0.0338	0.0273	0.0271	0.0274	10.6506	0.0023	0.0101	-0.9660	8.3046	0.0123	21.0710	6.2120	0.0123	0.0011	0.0113	0.0119	0.0010	0.0109	0.0005	0.0000	0.0004	1.8620	1.8577	0.0042	1.8556	1.8549	0.0007	0.0063	0.0028	0.0035	0.0060	0.0056	0.0004	0.0045	0.0043	0.0002	0.0015	0.0013	0.0002	0.3878	0.2381	0.1497	0.1557	0.1349	0.0207	0.2321	0.1031	0.1290	0.4275	0.0242	970.7461	0.2208	0.0174	1353.4223	11.1895	1.0560	88.3813	4.8017	7.8035	0.0283	11.9216	13.7473	0.0338	0.0273	0.0271	0.0274
24	40	0.1888	2	1	1	1	0	0	0	0	0	N	N	N	N	N	N	N	N	N	N	N	N	0.2106	596.0959	0.0000	0.2381	579.5208	0.0000	0.0214	inf	0.0000	0.2505	0.3134	0.0000	0.4425	0.4972	0.0000	0.0108	0.0158	0.0000	1.1895	0.0005	3.4786	1.8580	0.0009	10.9188	0.5062	0.0000	1.0444	0.0000	3436.6974	-0.0000	0.3014	8.3046	0.0009	21.0710	7.7842	0.0002	0.0002	0.0000	0.0002	0.0002	0.0000	0.0000	0.0000	0.0000	0.6297	0.0002	0.6295	0.4972	0.0002	0.4970	0.1325	0.0000	0.1325	0.0008	0.0007	0.0002	0.0005	0.0004	0.0001	0.0004	0.0003	0.0001	0.5294	0.3484	0.1810	0.2676	0.2135	0.0541	0.2618	0.1349	0.1269	0.2106	596.0959	0.0000	0.2381	579.5208	0.0000	0.0214	inf	0.0000	1.1895	0.0005	3.4786	1.8580	0.0009	9.1902	0.5062	0.0000	1.0444
24	42	0.2034	2	1	2	0	0	0	0	0	0	N	Y	N	N	N	N	N	N	N	N	N	N	3.0803	2.8087	4.0160	4.6349	0.1050	0.1232	0.0000	0.2649	0.3263	0.0000	0.0000	0.0000	0.0000	0.0341	0.0439	0.0000	0.0660	0.0704	0.0000	0.0000	0.0000	0.0000	0.0000	0.0000	-0.0000	-0.0000	8.3046	0.0003	21.0710	0.0002	0.0000	0.0000	0.0000	0.0000	0.0000	0.0000	0.0000	0.0000	0.0000	0.0000	0.0000	0.0000	0.0000	0.0000	0.0000	0.0000	0.0000	0.0000	0.0001	0.0000	0.0000	0.0000	0.0000	0.0000	0.0000	0.0000	0.0000	0.0002	0.0001	0.0000	0.0001	0.0001	0.0000	0.0001	0.0001	0.0000	3.0803	2.8087	0.0000	4.0160	4.6349	0.0000	0.0000	0.0000	0.0000	0.0341	0.0439	0.0000	0.0660	0.0704	0.0000	0.0000	0.0000	0.0000					
24	43	0.1594	2	2	2	1	0	0	0	0	0	Y	Y	N	N	N	N	N	N	N	N	N	N	0.0000	0.0000	0.0000	0.0000	0.0000	0.0000	0.0000	0.0000	0.0000	0.0000	0.0000	0.0000	0.0000	0.0000	0.0000	0.0000	0.0000	0.0000	0.0000	0.0000	8.3046	0.0000	21.0710	2.0000	0.0000	0.0000	0.0000	0.0000	0.0000	0.0000	0.0000	0.0000	0.0000	0.0000	0.0000	0.0000	0.0000	0.0000	0.0000	0.0000	0.0000	0.0000	0.0000	0.0000	0.0000	0.0000	0.0000	0.0000	0.0000	0.0000	0.0000	0.1239	0.0721	0.0518	0.0232	0.0176	0.0056	0.1007	0.0544	0.0462	0.0000	0.0000	0.0000	0.0000	0.0000	0.0000	0.0000	0.0000	0.0000	0.0000	0.0000	0.0000	0.0000	0.0000	0.0000	0.0000	0.0000	0.0000											
24	44	0.1594	2	2	2	1	0	0	0	0	0	Y	Y	N	N	N	N	N	N	N	N	N	N	0.0000	0.0000	0.0000	0.0000	0.0000	0.0000	0.0000	0.0000	0.0000	0.0000	0.0000	0.0000	0.0000	0.0000	0.0000	0.0000	0.0000	0.0000	0.0000	0.0000	8.3046	0.0000	21.0710	0.0000	0.0000	0.0000	0.0000	0.0000	0.0000	0.0000	0.0000	0.0000	0.0000	0.0000	0.0000	0.0000	0.0000	0.0000	0.0000	0.0000	0.0000	0.0000	0.0000	0.0000	0.0000	0.0000	0.0000	0.0000	0.0000	0.0000	0.0000	0.0000	0.0000	0.0000	0.0000	0.0000	0.0000	0.0000	0.0000	0.0000	0.0000	0.0000	0.0000	0.0000	0.0000	0.0000	0.0000	0.0000	0.0000	0.0000	0.0000	0.0000	0.0000	0.0000	0.0000	0.0000	0.0000	0.0000											
24	48	0.2118	2	1	1	0	1	0	0	0	0	N	N	N	N	N	N	N	N	N	N	N	N	1.3781	241.4004	0.0000	21.7819	517.0283	0.0000	0.0208	inf	0.0000	0.0781	0.0919	0.0000	0.2981	0.3313	0.0000	0.0020	0.0024	0.0000	0.0567	0.0004	0.1702	0.0137	0.0006	0.0751	0.0966	0.0000	0.2028	0.0000	221.4344	-0.0000	0.0053	8.3046	0.0037	21.0710	3.0208	0.0001	0.0001	0.0000	0.0001	0.0001	0.0000	0.0000	0.0000	0.0000	0.0111	0.0000	0.0110	0.0013	0.0000	0.0012	0.0098	0.0000	0.0098	0.0007	0.0006	0.0001	0.0002	0.0002	0.0000	0.0005	0.0004	0.0001	0.1956	0.1308	0.0648	0.0943	0.0777	0.0165	0.1013	0.0531	0.0483	1.3781	241.4004	0.0000	21.7819	517.0283	0.0000	0.0208	inf	0.0000	0.0567	0.0004	0.1702	0.0137	0.0006	0.0751	0.0966	0.0000	0.2028
24	50	0.1683	2	1	2	1	0	0	0	0	0	N	Y	N	N	N	N	N	N	N	N	N	N	312.5655	203.3522	3830.5212	725.9345	668.5254	1229.3733	34.9871	13.9969	6663.4491	1.1190	1.2296	0.2444	1.7341	1.9234	0.1934	0.1459	0.1229	0.3201	0.0036	0.0060	0.0001	0.0024	0.0029	0.0002	0.0042	0.0088	0.0000	0.0251	0.0074	-0.0316	-0.0003	8.3046	1.4428	21.0710	0.4686	0.4454	0.4344	0.0109	0.4229	0.4177	0.0052	0.0225	0.0167	0.0058	0.0006	0.0006	0.0000	0.0001	0.0001	0.0000	0.0005	0.0005	0.0000	0.3980	0.3533	0.0447	0.2439	0.2172	0.0267	0.1542	0.1361	0.0180	0.1660	0.0976	0.0685	0.0551	0.0452	0.0099	0.1110	0.0524	0.0586	312.5655	203.3522	3830.5212	725.9345	668.5254	1229.3733	34.9871	13.9969	6663.4491	0.0036	0.0060	0.0001	0.0024	0.0029	0.0002	0.0042	0.0088	0.0000
24	52	0.1560	2	2	1	1	0	0	0	0	0	Y	N	N	N	N	N	N	N	N	N	N	N	1.0617	0.1774	2302.5037	0.0873	0.0349	76.9687	957.9889	inf	3068.0184	0.0711	0.0232	0.4713	0.0640	0.0266	0.6657	0.0734	0.0220	0.4408	0.0670	0.1307	0.0002	0.7331	0.7620	0.0086	0.0001	0.0000	0.0001	2.4336	0.0015	0.0063	-0.0129	8.3046	0.9976	21.0710	4.7732	0.0102	0.0030	0.0073	0.0023	0.0009	0.0014	0.0079	0.0021	0.0059	0.0248	0.0247	0.0000	0.0247	0.0247	0.0000	0.0000	0.0000	0.0000	0.1439	0.1285	0.0154	0.0357	0.0336	0.0021	0.1082	0.0949	0.0133	0.3699	0.1893	0.1807	0.0338	0.0325	0.0013	0.3362	0.1568	0.1794	1.0617	0.1774	2302.5037	0.0873	0.0349	76.9687	957.9889	inf	3068.0184	0.0670	0.1307	0.0002	0.7331	0.7620	0.0086	0.0001	0.0000	0.0001
24	55	0.1546	2	1	2	0	0	0	0	0	0	N	Y	N	N	N	N	N	N	N	N	N	N	0.1107	0.0917	36.5905	33.0380	0.0041	0.0034	0.3304	0.4236	0.0000	0.6045	0.6584	0.0000	0.0211	0.0338	0.0000	2.9855	4.6188	0.0000	0.0165	0.0199	0.0000	5.1492	10.0330	0.0000	0.0000	0.0000	-0.0001	-1.0238	8.3046	0.0041	21.0710	6.2745	0.0015	0.0015	0.0000	0.0014	0.0014	0.0000	0.0000	0.0000	0.0000	1.9647	1.9647	0.0000	0.0046	0.0046	0.0000	1.9601	1.9601	0.0000	0.0045	0.0035	0.0010	0.0024	0.0022	0.0002	0.0021	0.0013	0.0008	0.6581	0.4254	0.2327	0.2774	0.2300	0.0474	0.3807	0.1954	0.1853	0.1107	0.0917	0.0000	36.5905	33.0380	0.0000	0.0041	0.0034	0.0000	2.9855	4.6188	0.0000	0.0165	0.0199	0.0000	5.1492	10.0330	0.0000			
24	56	0.2034	2	1	1	1	0	0	0	0	0	N	N	N	N	N	N	N	N	N	N	N	N	150.8538	inf	0.0000	1194949.7406	inf	0.0000	87.8565	inf	0.0000	4.0234	4.5538	0.0000	0.7065	0.7345	0.0000	4.2695	4.8643	0.0000	0.0267	0.0000	0.0768	0.0000	0.0000	0.0000	0.0486	0.0000	0.1034	0.0000	inf	-0.7937	0.0148	8.3046	18.9997	21.0710	4.0000	8.3045	8.3045	0.0000	0.1007	0.1007	0.0000	8.2038	8.2038	0.0000	0.0309	0.0000	0.0309	0.0000	0.0000	0.0000	0.0309	0.0000	0.0309	2.0641	1.8237	0.2404	0.1426	0.1371	0.0054	1.9215	1.6865	0.2350	1.1599	0.7569	0.4029	0.5233	0.4195	0.1038	0.6366	0.3374	0.2992	150.8538	inf	0.0000	1194949.7406	inf	0.0000	87.8565	inf	0.0000	0.0267	0.0000	0.0768	0.0000	0.0000	0.0000	0.0486	0.0000	0.1034
24	58	0.1541	3	2	2	0	0	0	0	0	0	Y	Y	N	N	N	N	N	N	N	N	N	N	0.0529	76.1836	0.0999	3.5799	7.6985	1.6488	0.0628	inf	0.1097	0.1619	0.1068	0.6667	0.0900	0.0639	0.4672	0.2129	0.1393	0.7415	3.0619	0.0014	6.6740	0.0251	0.0083	0.2834	3.3894	0.0000	6.7580	0.6804	4032.9294	0.0090	0.8604	8.3046	0.9359	21.0710	8.5945	0.0290	0.0173	0.0117	0.0067	0.0045	0.0022	0.0223	0.0128	0.0095	1.7974	0.0004	1.7970	0.0014	0.0004	0.0010	1.7960	0.0000	1.7960	0.1792	0.1616	0.0176	0.0744	0.0696	0.0048	0.1048	0.0920	0.0128	0.5870	0.3178	0.2693	0.0571	0.0536	0.0035	0.5299	0.2641	0.2658	0.0529	76.1836	0.0999	3.5799	7.6985	1.6488	0.0628	inf	0.1097	3.0619	0.0014	6.6740	0.0251	0.0083	0.2834	3.3894	0.0000	6.7580
24	59	0.1514	2	1	2	0	0	0	0	0	0	N	Y	N	N	N	N	N	N	N	N	N	N	1.0526	17.3538	0.9310	8.9540	8.4208	144.8411	0.7368	45.7538	0.9424	1.2683	1.0988	2.7178	1.5124	1.4540	2.5163	1.0598	0.7628	2.7820	1.2049	0.0633	2.9192	0.1689	0.1727	0.0174	1.4384	0.0167	2.9519	0.2892	30.7003	0.0077	0.0936	8.3046	0.1706	21.0710	1.8413	0.0600	0.0465	0.0135	0.0330	0.0299	0.0030	0.0270	0.0166	0.0104	0.2093	0.0066	0.2027	0.0054	0.0054	0.0000	0.2039	0.0012	0.2026	0.0473	0.0424	0.0050	0.0218	0.0206	0.0012	0.0255	0.0218	0.0038	0.1737	0.1043	0.0694	0.0319	0.0312	0.0008	0.1417	0.0731	0.0686	1.0526	17.3538	0.9310	8.9540	8.4208	144.8411	0.7368	45.7538	0.9424	1.2049	0.0633	2.9192	0.1689	0.1727	0.0174	1.4384	0.0167	2.9519
24	61	0.5264	8	1	1	0	0	0	0	0	0	N	N	N	N	N	N	N	N	N	N	N	N	0.0002	0.0002	0.0000	0.0060	0.0056	0.0000	0.0000	0.0000	0.0000	0.0004	0.0005	0.0000	0.0039	0.0041	0.0000	0.0000	0.0000	0.0000	2.3802	2.1801	2.7538	0.6385	0.7247	0.1699	3.5115	3.6988	3.3038	0.0000	0.6763	-0.0000	-0.2341	8.3046	1.0140	21.0710	12.0537	0.0001	0.0001	0.0000	0.0001	0.0001	0.0000	0.0000	0.0000	0.0000	1.9900	1.1871	0.8029	0.2102	0.2015	0.0087	1.7798	0.9856	0.7942	0.1295	0.1134	0.0162	0.0137	0.0131	0.0007	0.1158	0.1003	0.0155	0.8361	0.5445	0.2915	0.3292	0.2781	0.0512	0.5068	0.2665	0.2404	0.0002	0.0002	0.0000	0.0060	0.0056	0.0000	0.0000	0.0000	0.0000	2.3802	2.1801	2.7538	0.6385	0.7247	0.1699	3.5115	3.6988	3.3038
24	62	0.4505	5	1	1	0	0	0	0	0	0	N	N	N	N	N	N	N	N	N	N	N	N	0.0372	0.0894	0.0000	0.2360	0.2693	0.0000	0.0000	0.0001	0.0000	0.0522	0.0591	0.0000	0.2561	0.2835	0.0000	0.0000	0.0000	0.0000	1.4000	0.6605	3.0012	1.0852	1.0528	2.0934	1.6912	0.0699	3.4864	0.0000	2.0984	-0.0125	0.7445	8.3046	22.0948	21.0710	64.3951	0.1307	0.1307	0.0000	0.1307	0.1307	0.0000	0.0000	0.0000	0.0000	4.7674	1.5386	3.2287	1.7755	1.4737	0.3018	2.9918	0.0649	2.9269	2.5065	2.2134	0.2931	0.5102	0.4611	0.0492	1.9962	1.7523	0.2439	3.4052	2.3294	1.0758	1.6362	1.3999	0.2363	1.7691	0.9295	0.8395	0.0372	0.0894	0.0000	0.2360	0.2693	0.0000	0.0000	0.0001	0.0000	1.4000	0.6605	3.0012	1.0852	1.0528	1.2772	1.6912	0.0699	3.4864
24	63	0.2437	4	1	1	0	0	0	0	0	0	N	N	N	N	N	N	N	N	N	N	N	N	0.0049	0.0044	0.0000	0.0838	0.0886	0.0000	0.0000	0.0000	0.0000	0.0052	0.0060	0.0000	0.0652	0.0682	0.0000	0.0000	0.0000	0.0000	1.0593	1.3611	0.4650	0.7779	0.7692	0.9844	1.2649	2.1011	0.3941	0.0000	0.1734	-0.0002	-0.7195	8.3046	3.0638	21.0710	18.8214	0.0020	0.0020	0.0000	0.0020	0.0020	0.0000	0.0000	0.0000	0.0000	1.9276	1.6427	0.2849	0.5977	0.5157	0.0819	1.3299	1.1269	0.2030	0.3793	0.3316	0.0477	0.0305	0.0291	0.0013	0.3489	0.3025	0.0464	1.8197	1.2069	0.6128	0.7683	0.6705	0.0978	1.0514	0.5364	0.5150	0.0049	0.0044	0.0000	0.0838	0.0886	0.0000	0.0000	0.0000	0.0000	1.0593	1.3611	0.4650	0.7779	0.7692	0.8381	1.2649	2.1011	0.3941
24	64	0.1546	2	2	2	1	0	0	0	0	0	Y	Y	N	N	N	N	N	N	N	N	N	N	0.2126	0.1547	1.0236	0.8838	inf	inf	0.0113	0.0131	0.0000	0.1468	0.1545	0.0000	0.0004	0.0004	0.0000	0.0534	0.0844	0.0000	0.1434	0.1748	0.0000	0.0000	0.0000	0.0000	0.0000	0.0000	-0.0001	-0.0225	8.3046	1.0029	21.0710	8.4685	0.0015	0.0015	0.0000	0.0014	0.0014	0.0000	0.0000	0.0000	0.0000	0.0432	0.0432	0.0000	0.0432	0.0432	0.0000	0.0000	0.0000	0.0000	0.1300	0.1130	0.0170	0.0097	0.0093	0.0005	0.1202	0.1037	0.0165	0.8085	0.5113	0.2972	0.3009	0.2469	0.0539	0.5076	0.2643	0.2433	0.2126	0.1547	0.0000	1.0236	0.8838	0.0000	inf	inf	0.0000	0.0534	0.0844	0.0000	0.1434	0.1748	0.0000	0.0000	0.0000	0.0000			
24	66	0.5264	8	1	2	0	0	0	0	0	0	N	Y	N	N	N	N	N	N	N	N	N	N	0.0008	0.0006	0.0000	0.0030	0.0027	0.0000	0.0000	0.0000	0.0000	0.0004	0.0005	0.0000	0.0039	0.0041	0.0000	0.0000	0.0000	0.0000	0.5236	0.7767	0.0522	1.2966	1.5257	0.0617	0.0241	0.0005	0.0502	0.0000	0.0361	-0.0000	-0.2181	8.3046	1.0110	21.0710	12.5479	0.0001	0.0001	0.0000	0.0001	0.0001	0.0000	0.0000	0.0000	0.0000	0.4486	0.4330	0.0156	0.4361	0.4329	0.0033	0.0125	0.0001	0.0124	0.1292	0.1131	0.0161	0.0137	0.0130	0.0007	0.1155	0.1000	0.0154	0.8568	0.5575	0.2993	0.3363	0.2837	0.0526	0.5205	0.2738	0.2467	0.0008	0.0006	0.0000	0.0030	0.0027	0.0000	0.0000	0.0000	0.0000	0.5236	0.7767	0.0522	1.2966	1.5257	0.0617	0.0241	0.0005	0.0502
24	67	0.5200	7	1	1	0	0	0	0	0	0	N	N	N	N	N	N	N	N	N	N	N	N	0.0002	0.0002	0.0000	0.0005	0.0004	0.0000	0.0003	0.0023	0.0000	0.0006	0.0007	0.0000	0.0018	0.0019	0.0000	0.0005	0.0005	0.0000	2.6883	2.8364	2.3549	4.0721	4.3779	0.3508	1.4575	0.2315	2.6184	0.0000	0.3688	-0.0000	-0.2783	8.3046	0.9784	21.0710	1.5217	0.0001	0.0001	0.0000	0.0000	0.0000	0.0000	0.0001	0.0001	0.0000	1.1060	0.8080	0.2980	0.7886	0.7835	0.0052	0.3174	0.0245	0.2928	0.1250	0.1094	0.0156	0.0131	0.0125	0.0006	0.1119	0.0969	0.0150	0.4114	0.2849	0.1265	0.1937	0.1790	0.0147	0.2177	0.1059	0.1118	0.0002	0.0002	0.0000	0.0005	0.0004	0.0000	0.0003	0.0023	0.0000	2.6883	2.8364	2.3549	4.0721	4.3779	0.3508	1.4575	0.2315	2.6184
24	68	0.4898	6	1	1	0	0	0	0	0	0	N	N	N	N	N	N	N	N	N	N	N	N	0.0057	0.0081	0.0000	0.0428	0.0397	0.0000	0.0002	0.0015	0.0000	0.0070	0.0080	0.0000	0.0584	0.0613	0.0000	0.0002	0.0002	0.0000	1.2251	0.9782	1.7266	1.3660	1.5452	0.4480	1.0975	0.1501	2.1202	0.0000	0.8690	-0.0001	-0.0586	8.3046	1.0531	21.0710	9.0748	0.0010	0.0010	0.0000	0.0009	0.0009	0.0000	0.0000	0.0000	0.0000	1.0435	0.5583	0.4852	0.5531	0.5235	0.0296	0.4904	0.0348	0.4555	0.1382	0.1209	0.0173	0.0161	0.0153	0.0008	0.1221	0.1056	0.0166	0.8517	0.5708	0.2810	0.4049	0.3388	0.0661	0.4468	0.2320	0.2149	0.0057	0.0081	0.0000	0.0428	0.0397	0.0000	0.0002	0.0015	0.0000	1.2251	0.9782	1.7266	1.3660	1.5452	0.4480	1.0975	0.1501	2.1202
24	71	0.1896	5	1	1	1	0	0	0	0	0	N	N	N	N	N	N	N	N	N	N	N	N	0.0000	0.0000	0.0000	0.0000	0.0000	0.0000	0.0000	0.0000	0.0000	0.0000	0.0000	0.0000	0.0000	0.0000	0.0000	0.0000	0.0000	0.0020	0.0007	0.0041	0.0024	0.0014	0.0077	0.0017	0.0000	0.0035	3.5000	0.0000	0.0000	8.3046	1.0000	21.0710	0.0055	0.0000	0.0000	0.0000	0.0000	0.0000	0.0000	0.0000	0.0000	0.0000	0.0001	0.0000	0.0001	0.0000	0.0000	0.0000	0.0001	0.0000	0.0001	0.0724	0.0630	0.0094	0.0000	0.0000	0.0000	0.0724	0.0630	0.0094	0.0459	0.0290	0.0169	0.0168	0.0142	0.0026	0.0291	0.0148	0.0143	0.0000	0.0000	0.0000	0.0000	0.0000	0.0000	0.0000	0.0000	0.0000	0.0020	0.0007	0.0041	0.0024	0.0014	0.0077	0.0017	0.0000	0.0035		
24	72	0.1829	4	1	1	1	0	0	0	0	0	N	N	N	N	N	N	N	N	N	N	N	N	0.0000	0.0000	0.0000	0.0000	0.0000	0.0000	0.0000	0.0000	0.0000	0.0000	0.0000	0.0000	0.0000	0.0000	0.0000	0.0000	0.0000	0.0000	0.0606	0.0402	0.0977	0.0740	0.0786	0.0450	0.0524	0.0012	0.1068	1.3309	0.0000	0.0002	8.3046	0.0000	21.0710	1.0265	0.0000	0.0000	0.0000	0.0000	0.0000	0.0000	0.0000	0.0000	0.0000	0.0031	0.0013	0.0018	0.0014	0.0013	0.0001	0.0017	0.0000	0.0016	0.0000	0.0000	0.0000	0.0000	0.0000	0.0000	0.0000	0.0000	0.0000	0.0512	0.0331	0.0181	0.0193	0.0167	0.0027	0.0319	0.0164	0.0154	0.0000	0.0000	0.0000	0.0000	0.0000	0.0000	0.0000	0.0000	0.0000	0.0606	0.0402	0.0977	0.0740	0.0786	0.0450	0.0524	0.0012	0.1068	
24	73	0.1775	3	1	1	0	0	0	0	0	0	N	N	N	N	N	N	N	N	N	N	N	N	0.0000	0.0000	0.0000	0.0000	0.0000	0.0000	0.0000	0.0000	0.0000	0.0000	0.0000	0.0000	0.0000	0.0000	0.0000	0.0000	0.0000	0.0000	0.1126	0.0780	0.1864	0.1033	0.1070	0.0630	0.1224	0.0124	0.2055	1.1190	0.0000	0.0004	8.3046	0.0000	21.0710	1.0321	0.0000	0.0000	0.0000	0.0000	0.0000	0.0000	0.0000	0.0000	0.0000	0.0516	0.0244	0.0273	0.0244	0.0232	0.0012	0.0272	0.0012	0.0260	0.0484	0.0428	0.0055	0.0270	0.0255	0.0015	0.0214	0.0173	0.0041	0.4586	0.3124	0.1463	0.2364	0.2167	0.0197	0.2223	0.0956	0.1266	0.0000	0.0000	0.0000	0.0000	0.0000	0.0000	0.0000	0.0000	0.0000	0.1126	0.0780	0.1864	0.1033	0.1070	0.0630	0.1224	0.0124	0.2055	
24	74	0.1547	2	1	1	0	0	0	0	0	0	N	N	N	N	N	N	N	N	N	N	N	N	0.1990	1.9207	0.0681	2.6255	3.6923	0.0171	0.0761	1.3243	0.0725	0.2046	0.2104	0.1748	0.4821	0.5205	0.0134	0.1151	0.0960	0.1954	1.0282	0.1096	2.5662	0.1836	0.1410	0.7838	1.5115	0.0725	2.6967	0.1623	13.9899	0.0010	0.4921	8.3046	0.5629	21.0710	8.5245	0.0223	0.0192	0.0031	0.0128	0.0128	0.0000	0.0095	0.0064	0.0031	1.1938	0.0796	1.1142	0.0776	0.0555	0.0222	1.1162	0.0242	1.0920	0.1091	0.0913	0.0178	0.0266	0.0246	0.0020	0.0825	0.0667	0.0158	1.1611	0.7270	0.4342	0.4227	0.3935	0.0292	0.7385	0.3335	0.4050	0.1990	1.9207	0.0681	2.6255	3.6923	0.0177	0.0761	1.3243	0.0725	1.0282	0.1096	2.5662	0.1836	0.1410	0.7579	1.5115	0.0725	2.6967
24	75	0.1717	3	1	2	0	0	0	0	0	0	N	Y	N	N	N	N	N	N	N	N	N	N	0.0000	0.0000	0.0000	0.0000	0.0000	0.0000	0.0000	0.0000	0.0000	0.0000	0.0000	0.0000	0.0000	0.0000	0.0000	0.0000	0.0000	0.0853	0.0157	0.2357	0.0358	0.0320	0.0636	0.1154	0.0000	0.2640	6.9659	0.0000	0.0107	8.3046	1.9994	21.0710	4.0943	0.0000	0.0000	0.0000	0.0000	0.0000	0.0000	0.0000	0.0000	0.0000	0.0303	0.0038	0.0265	0.0048	0.0038	0.0010	0.0255	0.0000	0.0255	0.1457	0.1272	0.0184	0.0001	0.0001	0.0000	0.1456	0.1271	0.0184	0.3551	0.2428	0.1123	0.1345	0.1186	0.0159	0.2206	0.1241	0.0964	0.0000	0.0000	0.0000	0.0000	0.0000	0.0000	0.0000	0.0000	0.0000	0.0853	0.0157	0.2357	0.0358	0.0320	0.0636	0.1154	0.0000	0.2640		
24	76	0.1654	2	1	1	0	0	0	0	0	0	N	N	N	N	N	N	N	N	N	N	N	N	0.0000	0.0000	0.0000	0.0000	0.0000	0.0000	0.0000	0.0000	0.0000	0.0000	0.0000	0.0000	0.0000	0.0000	0.0000	0.0000	0.0000	0.0000	1.1075	0.5271	2.3769	0.9503	0.9282	1.6517	1.2153	0.0653	2.5526	2.0619	0.0000	0.0340	8.3046	0.0011	21.0710	2.7207	0.0000	0.0000	0.0000	0.0000	0.0000	0.0000	0.0000	0.0000	0.0000	0.2234	0.0730	0.1505	0.0780	0.0688	0.0092	0.1455	0.0042	0.1412	0.0001	0.0001	0.0000	0.0000	0.0000	0.0000	0.0001	0.0001	0.0000	0.2017	0.1384	0.0633	0.0821	0.0741	0.0080	0.1197	0.0644	0.0553	0.0000	0.0000	0.0000	0.0000	0.0000	0.0000	0.0000	0.0000	0.0000	1.1075	0.5271	2.3769	0.9503	0.9282	1.1563	1.2153	0.0653	2.5526	
24	78	0.1535	2	2	1	1	0	0	0	0	0	Y	N	N	N	N	N	N	N	N	N	N	N	1541.0910	836.6268	335.1803	85.0820	81.0602	0.7423	8158.5631	inf	754.7081	1.4248	1.5426	0.0087	2.2591	2.3884	0.0007	0.0833	0.0920	0.0148	0.0009	0.0018	0.0000	0.0266	0.0295	0.0009	0.0000	0.0000	0.0000	0.0005	0.0143	-0.0597	-0.0000	8.3046	1.6246	21.0710	0.0115	0.6273	0.6270	0.0003	0.6133	0.6133	0.0000	0.0141	0.0138	0.0003	0.0001	0.0001	0.0000	0.0001	0.0001	0.0000	0.0000	0.0000	0.0000	0.4403	0.4065	0.0338	0.2715	0.2568	0.0147	0.1688	0.1497	0.0191	0.0969	0.0479	0.0490	0.0033	0.0030	0.0003	0.0936	0.0449	0.0487	1541.0910	836.6268	335.1803	85.0820	81.0602	0.7423	8158.5631	inf	754.7081	0.0009	0.0018	0.0000	0.0266	0.0295	0.0009	0.0000	0.0000	0.0000
24	83	0.2437	4	1	1	0	0	0	0	0	0	N	N	N	N	N	N	N	N	N	N	N	N	0.0019	0.0024	0.0000	0.0961	0.1540	0.0000	0.0000	0.0000	0.0000	0.0018	0.0020	0.0000	0.0231	0.0241	0.0000	0.0000	0.0000	0.0000	0.9217	0.8292	1.0895	0.2401	0.1563	0.7814	1.3199	1.4793	1.1476	0.0000	0.7238	-0.0002	-0.2140	8.3046	10.0679	21.0710	33.8159	0.0020	0.0020	0.0000	0.0020	0.0020	0.0000	0.0000	0.0000	0.0000	2.1146	1.2266	0.8879	0.2032	0.1136	0.0896	1.9114	1.1130	0.7983	1.1295	0.9923	0.1372	0.0861	0.0825	0.0036	1.0433	0.9097	0.1336	2.2943	1.4793	0.8149	0.8462	0.7269	0.1193	1.4481	0.7524	0.6957	0.0019	0.0024	0.0000	0.0961	0.1540	0.0000	0.0000	0.0000	0.0000	0.9217	0.8292	1.0895	0.2401	0.1563	0.7509	1.3199	1.4793	1.1476
24	84	0.2161	3	1	1	0	0	0	0	0	0	N	N	N	N	N	N	N	N	N	N	N	N	0.0268	0.0360	0.0054	0.1093	0.1184	0.0000	0.0146	0.0244	0.0056	0.0306	0.0339	0.0084	0.1231	0.1294	0.0001	0.0169	0.0182	0.0088	1.1404	0.9414	1.5577	1.1257	1.0928	2.3707	1.1513	0.7441	1.5787	0.0367	0.7890	-0.0002	-0.1593	8.3046	0.9441	21.0710	14.0836	0.0041	0.0040	0.0001	0.0021	0.0021	0.0000	0.0020	0.0018	0.0001	1.9902	1.1125	0.8778	0.8369	0.7307	0.1061	1.1534	0.3818	0.7716	0.1342	0.1168	0.0174	0.0173	0.0165	0.0008	0.1169	0.1004	0.0165	1.7452	1.1817	0.5635	0.7434	0.6687	0.0747	1.0018	0.5131	0.4888	0.0268	0.0360	0.0054	0.1093	0.1184	0.0000	0.0146	0.0244	0.0056	1.1404	0.9414	1.5577	1.1257	1.0928	1.4206	1.1513	0.7441	1.5787
24	85	0.4983	6	1	1	0	0	0	0	0	0	N	N	N	N	N	N	N	N	N	N	N	N	0.1147	0.2525	0.0000	0.5206	4.1397	0.0000	0.0524	0.0742	0.0000	0.1608	0.1830	0.0000	0.3728	0.4231	0.0000	0.1050	0.1195	0.0000	1.4020	0.7247	2.8800	0.7160	0.1022	6.9851	2.0036	1.6106	2.4488	0.0000	1.8213	-0.0312	0.3853	8.3046	15.0008	21.0710	28.2980	0.3265	0.3265	0.0000	0.1579	0.1579	0.0000	0.1686	0.1686	0.0000	3.0954	1.0972	1.9983	0.7386	0.0909	0.6478	2.3568	1.0063	1.3505	2.0297	1.7841	0.2456	0.4235	0.3732	0.0503	1.6062	1.4109	0.1953	2.2078	1.5140	0.6938	1.0316	0.8892	0.1424	1.1763	0.6248	0.5515	0.1147	0.2525	0.0000	0.5206	4.1397	0.0000	0.0524	0.0742	0.0000	1.4020	0.7247	2.8800	0.7160	0.1022	4.5500	2.0036	1.6106	2.4488
24	86	0.4983	6	1	1	0	0	0	0	0	0	N	N	N	N	N	N	N	N	N	N	N	N	0.1946	0.4272	0.0000	0.1396	0.2529	0.0000	0.2815	7.8012	0.0000	0.1731	0.1992	0.0000	0.1589	0.1840	0.0000	0.1789	0.2054	0.0000	0.8898	0.4663	1.8859	1.1382	0.7276	5.6434	0.6357	0.0263	1.3192	0.0000	1.7189	-0.0219	0.2105	8.3046	10.8154	21.0710	27.4443	0.2296	0.2296	0.0000	0.0610	0.0610	0.0000	0.1686	0.1686	0.0000	1.8939	0.6966	1.1974	1.2249	0.6819	0.5430	0.6690	0.0146	0.6544	1.3260	1.1523	0.1738	0.3839	0.3316	0.0523	0.9421	0.8207	0.1214	2.1286	1.4937	0.6349	1.0762	0.9373	0.1389	1.0524	0.5564	0.4960	0.1946	0.4272	0.0000	0.1396	0.2529	0.0000	0.2815	7.8012	0.0000	0.8898	0.4663	1.8859	1.1382	0.7276	3.9100	0.6357	0.0263	1.3192
24	87	0.4505	5	1	1	0	0	0	0	0	0	N	N	N	N	N	N	N	N	N	N	N	N	0.2939	0.4297	0.0589	0.2733	0.3538	0.0051	0.3157	0.7431	0.1036	0.2855	0.3152	0.0926	0.2722	0.3101	0.0142	0.2968	0.3195	0.1547	0.9714	0.7335	1.5705	0.9959	0.8767	2.7940	0.9402	0.4300	1.4934	0.0451	0.8503	-0.0123	-0.1940	8.3046	2.7608	21.0710	22.4044	0.2341	0.2240	0.0101	0.1027	0.1020	0.0007	0.1314	0.1220	0.0094	3.1528	1.7039	1.4488	1.8063	1.3837	0.4226	1.3465	0.3203	1.0262	0.8198	0.7106	0.1092	0.3771	0.3288	0.0483	0.4427	0.3818	0.0609	3.2457	2.3232	0.9225	1.8136	1.5783	0.2354	1.4321	0.7449	0.6872	0.2939	0.4297	0.0589	0.2733	0.3538	0.0079	0.3157	0.7431	0.1036	0.9714	0.7335	1.5705	0.9959	0.8767	1.7957	0.9402	0.4300	1.4934
24	88	0.3207	4	1	1	0	0	0	0	0	0	N	N	N	N	N	N	N	N	N	N	N	N	0.0608	0.0774	0.0269	0.0489	0.0579	0.0010	0.0594	0.0791	0.0296	0.1285	0.1357	0.0766	0.0932	0.0992	0.0040	0.1345	0.1424	0.0825	2.1141	1.7523	2.8514	1.9074	1.7127	3.8828	2.2642	1.7994	2.7859	0.0781	0.7985	-0.0033	-0.4822	8.3046	8.8820	21.0710	49.9570	0.1431	0.1327	0.0104	0.0151	0.0150	0.0000	0.1280	0.1177	0.0103	6.2546	3.4777	2.7769	2.3736	1.8465	0.5271	3.8810	1.6312	2.2498	1.1135	0.9782	0.1353	0.1619	0.1517	0.0102	0.9516	0.8265	0.1251	2.9585	1.9846	0.9739	1.2444	1.0781	0.1663	1.7141	0.9065	0.8076	0.0608	0.0774	0.0269	0.0489	0.0579	0.0013	0.0594	0.0791	0.0296	2.1141	1.7523	2.8514	1.9074	1.7127	3.1693	2.2642	1.7994	2.7859
24	90	0.2053	6	1	2	0	1	0	0	0	0	N	Y	N	N	N	N	N	N	N	N	N	N	0.0000	0.0000	0.0000	0.0000	0.0000	0.0000	0.0000	0.0000	0.0000	0.0000	0.0000	0.0000	0.0000	0.0000	0.0000	0.0000	0.0000	0.0000	0.0000	0.0000	8.3046	0.0000	21.0710	0.0000	0.0000	0.0000	0.0000	0.0000	0.0000	0.0000	0.0000	0.0000	0.0000	0.0000	0.0000	0.0000	0.0000	0.0000	0.0000	0.0000	0.0000	0.0000	0.0000	0.0000	0.0000	0.0000	0.0000	0.0000	0.0000	0.0000	0.0000	0.0000	0.0000	0.0000	0.0000	0.0000	0.0000	0.0000	0.0000	0.0000	0.0000	0.0000	0.0000	0.0000	0.0000	0.0000	0.0000	0.0000	0.0000	0.0000	0.0000	0.0000	0.0000	0.0000	0.0000	0.0000	0.0000	0.0000											
24	91	0.1946	5	1	2	0	1	0	0	0	0	N	Y	N	N	N	N	N	N	N	N	N	N	0.0000	0.0000	0.0000	0.0000	0.0000	0.0000	0.0000	0.0000	0.0000	0.0000	0.0000	0.0000	0.0000	0.0000	0.0000	0.0000	0.0000	0.0000	0.0000	0.0000	8.3046	1.0000	21.0710	3.0000	0.0000	0.0000	0.0000	0.0000	0.0000	0.0000	0.0000	0.0000	0.0000	0.0000	0.0000	0.0000	0.0000	0.0000	0.0000	0.0000	0.0000	0.0000	0.1140	0.1016	0.0124	0.0389	0.0358	0.0030	0.0752	0.0658	0.0094	0.2088	0.1052	0.1036	0.0209	0.0174	0.0036	0.1878	0.0878	0.1000	0.0000	0.0000	0.0000	0.0000	0.0000	0.0000	0.0000	0.0000	0.0000	0.0000	0.0000	0.0000	0.0000	0.0000	0.0000	0.0000	0.0000	0.0000											
24	92	0.1881	3	1	2	0	0	0	0	0	0	N	Y	N	N	N	N	N	N	N	N	N	N	0.0000	0.0000	0.0000	0.0000	0.0000	0.0000	0.0000	0.0000	0.0000	0.0000	0.0000	0.0000	0.0000	0.0000	0.0000	0.0000	0.0000	0.0000	0.0000	0.0000	8.3046	0.0000	21.0710	0.0000	0.0000	0.0000	0.0000	0.0000	0.0000	0.0000	0.0000	0.0000	0.0000	0.0000	0.0000	0.0000	0.0000	0.0000	0.0000	0.0000	0.0000	0.0000	0.0000	0.0000	0.0000	0.0000	0.0000	0.0000	0.0000	0.0000	0.0000	0.0000	0.0000	0.0000	0.0000	0.0000	0.0000	0.0000	0.0000	0.0000	0.0000	0.0000	0.0000	0.0000	0.0000	0.0000	0.0000	0.0000	0.0000	0.0000	0.0000	0.0000	0.0000	0.0000	0.0000	0.0000	0.0000	0.0000											
24	93	0.1946	5	1	1	1	1	0	0	0	0	N	N	N	N	N	N	N	N	N	N	N	N	0.0000	0.0000	0.0000	0.0000	0.0000	0.0000	0.0000	0.0000	0.0000	0.0000	0.0000	0.0000	0.0000	0.0000	0.0000	0.0000	0.0000	0.0000	0.0000	0.0000	8.3046	0.0000	21.0710	0.0000	0.0000	0.0000	0.0000	0.0000	0.0000	0.0000	0.0000	0.0000	0.0000	0.0000	0.0000	0.0000	0.0000	0.0000	0.0000	0.0000	0.0000	0.0000	0.0000	0.0000	0.0000	0.0000	0.0000	0.0000	0.0000	0.0000	0.0000	0.0000	0.0000	0.0000	0.0000	0.0000	0.0000	0.0000	0.0000	0.0000	0.0000	0.0000	0.0000	0.0000	0.0000	0.0000	0.0000	0.0000	0.0000	0.0000	0.0000	0.0000	0.0000	0.0000	0.0000	0.0000	0.0000	0.0000											
24	94	0.1919	4	1	1	0	1	0	0	0	0	N	N	N	N	N	N	N	N	N	N	N	N	0.0000	0.0000	0.0000	0.0000	0.0000	0.0000	0.0000	0.0000	0.0000	0.0000	0.0000	0.0000	0.0000	0.0000	0.0000	0.0000	0.0000	0.0000	0.0000	0.0000	8.3046	1.0000	21.0710	0.0097	0.0000	0.0000	0.0000	0.0000	0.0000	0.0000	0.0000	0.0000	0.0000	0.0000	0.0000	0.0000	0.0000	0.0000	0.0000	0.0000	0.0000	0.0000	0.1140	0.1016	0.0124	0.0389	0.0358	0.0030	0.0752	0.0658	0.0094	0.0567	0.0285	0.0282	0.0066	0.0057	0.0009	0.0501	0.0228	0.0273	0.0000	0.0000	0.0000	0.0000	0.0000	0.0000	0.0000	0.0000	0.0000	0.0000	0.0000	0.0000	0.0000	0.0000	0.0000	0.0000	0.0000	0.0000											
24	95	0.1919	4	1	1	1	1	0	0	0	0	N	N	N	N	N	N	N	N	N	N	N	N	inf	inf	inf	inf	4.4448	4.9851	0.0000	13.1092	14.2141	0.0000	0.0000	0.0000	0.0000	0.0000	0.0000	0.0000	0.0000	0.0000	0.0000	0.0000	0.0000	0.0000	0.0000	-0.0956	0.0000	8.3046	2.0000	21.0710	3.0050	1.0000	1.0000	0.0000	1.0000	1.0000	0.0000	0.0000	0.0000	0.0000	0.0000	0.0000	0.0000	0.0000	0.0000	0.0000	0.0000	0.0000	0.0000	0.2250	0.2006	0.0244	0.0763	0.0704	0.0059	0.1487	0.1302	0.0185	0.2604	0.1314	0.1290	0.0269	0.0225	0.0044	0.2335	0.1089	0.1246	inf	inf	0.0000	inf	inf	0.0000	0.0000	0.0000	0.0000	0.0000	0.0000	0.0000	0.0000	0.0000	0.0000	0.0000	0.0000	0.0000						
24	96	0.1919	4	1	1	1	1	0	0	0	0	N	N	N	N	N	N	N	N	N	N	N	N	0.0000	0.0000	0.0000	0.0000	0.0000	0.0000	0.0000	0.0000	0.0000	0.0000	0.0000	0.0000	0.0000	0.0000	0.0000	0.0000	0.0000	0.0000	0.0000	0.0000	8.3046	0.0000	21.0710	6.9903	0.0000	0.0000	0.0000	0.0000	0.0000	0.0000	0.0000	0.0000	0.0000	0.0000	0.0000	0.0000	0.0000	0.0000	0.0000	0.0000	0.0000	0.0000	0.0000	0.0000	0.0000	0.0000	0.0000	0.0000	0.0000	0.0000	0.0000	0.3549	0.1796	0.1753	0.0362	0.0302	0.0060	0.3188	0.1494	0.1694	0.0000	0.0000	0.0000	0.0000	0.0000	0.0000	0.0000	0.0000	0.0000	0.0000	0.0000	0.0000	0.0000	0.0000	0.0000	0.0000	0.0000	0.0000											
24	97	0.1864	3	1	1	0	1	0	0	0	0	N	N	N	N	N	N	N	N	N	N	N	N	0.0000	0.0000	0.0000	0.0000	0.0000	0.0000	0.0000	0.0000	0.0000	0.0000	0.0000	0.0000	0.0000	0.0000	0.0000	0.0000	0.0000	0.0017	0.0027	0.0007	0.0127	0.0130	0.0107	0.0002	0.0000	0.0003	0.2208	0.0000	-0.0001	8.3046	0.9999	21.0710	1.0605	0.0000	0.0000	0.0000	0.0000	0.0000	0.0000	0.0000	0.0000	0.0000	0.0002	0.0002	0.0000	0.0002	0.0002	0.0000	0.0000	0.0000	0.0000	0.1649	0.1485	0.0164	0.0610	0.0566	0.0044	0.1039	0.0919	0.0120	0.1270	0.0675	0.0596	0.0158	0.0139	0.0019	0.1112	0.0535	0.0577	0.0000	0.0000	0.0000	0.0000	0.0000	0.0000	0.0000	0.0000	0.0000	0.0017	0.0027	0.0007	0.0127	0.0130	0.0107	0.0002	0.0000	0.0003		
24	98	0.1843	2	1	1	0	1	0	0	0	0	N	N	N	N	N	N	N	N	N	N	N	N	214.6237	166.9629	710.8344	124.7406	227.1964	49.5501	242.8148	62.5429	1058.9497	1.8281	1.0770	7.8852	1.8766	1.6927	4.8292	1.7793	0.3821	8.9946	0.0085	0.0065	0.0111	0.0150	0.0075	0.0975	0.0073	0.0061	0.0085	0.9079	1.3803	0.0004	0.0000	8.3046	0.0012	21.0710	1.0414	0.0010	0.0005	0.0005	0.0005	0.0004	0.0001	0.0005	0.0001	0.0004	0.0006	0.0003	0.0004	0.0002	0.0001	0.0001	0.0004	0.0002	0.0003	0.0006	0.0005	0.0001	0.0003	0.0003	0.0000	0.0003	0.0002	0.0000	0.0712	0.0395	0.0317	0.0110	0.0101	0.0009	0.0603	0.0295	0.0308	214.6237	166.9629	710.8344	124.7406	227.1964	49.5501	242.8148	62.5429	1058.9497	0.0085	0.0065	0.0111	0.0150	0.0075	0.0975	0.0073	0.0061	0.0085
24	101	0.1912	4	2	2	0	0	0	0	0	0	Y	Y	N	N	N	N	N	N	N	N	N	N	0.0000	0.0000	0.0000	0.0000	0.0000	0.0000	0.0000	0.0000	0.0000	0.0000	0.0000	0.0000	0.0000	0.0000	0.0000	0.0000	0.0000	0.0000	0.0000	0.0000	8.3046	0.0000	21.0710	3.0000	0.0000	0.0000	0.0000	0.0000	0.0000	0.0000	0.0000	0.0000	0.0000	0.0000	0.0000	0.0000	0.0000	0.0000	0.0000	0.0000	0.0000	0.0000	0.0000	0.0000	0.0000	0.0000	0.0000	0.0000	0.0000	0.0000	0.0000	0.1661	0.0841	0.0820	0.0155	0.0128	0.0027	0.1506	0.0713	0.0793	0.0000	0.0000	0.0000	0.0000	0.0000	0.0000	0.0000	0.0000	0.0000	0.0000	0.0000	0.0000	0.0000	0.0000	0.0000	0.0000	0.0000	0.0000											
24	102	0.1881	3	2	2	0	0	0	0	0	0	Y	Y	N	N	N	N	N	N	N	N	N	N	0.0000	0.0000	0.0000	0.0000	0.0000	0.0000	0.0000	0.0000	0.0000	0.0000	0.0000	0.0000	0.0000	0.0000	0.0000	0.0000	0.0000	0.0000	0.0000	0.0000	8.3046	0.0000	21.0710	1.0000	0.0000	0.0000	0.0000	0.0000	0.0000	0.0000	0.0000	0.0000	0.0000	0.0000	0.0000	0.0000	0.0000	0.0000	0.0000	0.0000	0.0000	0.0000	0.0000	0.0000	0.0000	0.0000	0.0000	0.0000	0.0000	0.0000	0.0000	0.0576	0.0291	0.0285	0.0054	0.0044	0.0009	0.0523	0.0247	0.0276	0.0000	0.0000	0.0000	0.0000	0.0000	0.0000	0.0000	0.0000	0.0000	0.0000	0.0000	0.0000	0.0000	0.0000	0.0000	0.0000	0.0000	0.0000											
24	103	0.1843	2	1	2	0	0	0	0	0	0	N	Y	N	N	N	N	N	N	N	N	N	N	233.2888	228.6328	869.3982	33.1216	14.1067	60.5973	524.6246	inf	1295.3485	1.2510	0.1996	9.5157	0.3753	0.0486	5.8442	2.2451	0.3962	10.8434	0.0054	0.0009	0.0109	0.0113	0.0034	0.0964	0.0043	0.0000	0.0084	6.0638	10.0803	0.0004	0.0001	8.3046	0.0006	21.0710	1.0534	0.0006	0.0001	0.0005	0.0001	0.0000	0.0001	0.0005	0.0001	0.0004	0.0004	0.0000	0.0004	0.0001	0.0000	0.0001	0.0003	0.0000	0.0003	0.0005	0.0004	0.0001	0.0002	0.0002	0.0000	0.0002	0.0002	0.0000	0.0719	0.0398	0.0320	0.0110	0.0101	0.0009	0.0608	0.0297	0.0311	233.2888	228.6328	869.3982	33.1216	14.1067	60.5973	524.6246	inf	1295.3485	0.0054	0.0009	0.0109	0.0113	0.0034	0.0964	0.0043	0.0000	0.0084
24	109	0.4030	5	1	1	0	0	0	0	0	0	N	N	N	N	N	N	N	N	N	N	N	N	0.0065	0.0073	0.0000	0.1021	0.1184	0.0000	0.0000	0.0000	0.0000	0.0083	0.0094	0.0000	0.0688	0.0726	0.0000	0.0000	0.0000	0.0000	1.2713	1.2879	1.2357	0.6744	0.6133	1.1034	1.8012	2.2477	1.2940	0.0000	0.4461	-0.0007	-0.6554	8.3046	7.7801	21.0710	32.2209	0.0077	0.0077	0.0000	0.0077	0.0077	0.0000	0.0000	0.0000	0.0000	3.0825	2.1317	0.9509	0.7688	0.5961	0.1727	2.3137	1.5355	0.7782	0.9317	0.8188	0.1129	0.1123	0.1064	0.0059	0.8194	0.7123	0.1070	2.4246	1.6551	0.7695	1.1401	0.9720	0.1681	1.2845	0.6831	0.6014	0.0065	0.0073	0.0000	0.1021	0.1184	0.0000	0.0000	0.0000	0.0000	1.2713	1.2879	1.2357	0.6744	0.6133	1.0271	1.8012	2.2477	1.2940
25	26	0.0401	2	0	2	0	0	0	0	0	0	N	Y	N	N	N	N	N	N	N	N	N	N	0.1546	404.4999	0.6331	4.1240	47.9073	2.5023	0.2085	inf	0.7717	0.1617	0.0295	1.3824	0.0536	0.0220	0.5199	0.2388	0.0351	1.7021	1.0455	0.0001	2.1835	0.0130	0.0005	0.2078	1.1451	0.0000	2.2057	5.0826	27541.7667	0.0212	0.1319	1.0335	7.2039	7.4537	4.9911	0.0286	0.0047	0.0239	0.0040	0.0015	0.0024	0.0247	0.0032	0.0215	0.2754	0.0000	0.2754	0.0003	0.0000	0.0003	0.2751	0.0000	0.2751	0.1772	0.1599	0.0173	0.0738	0.0691	0.0047	0.1034	0.0908	0.0126	0.2635	0.1373	0.1261	0.0232	0.0218	0.0014	0.2403	0.1155	0.1247	0.1546	404.4999	0.6331	4.1240	47.9073	2.5023	0.2085	inf	0.7717	1.0455	0.0001	2.1835	0.0130	0.0005	0.2078	1.1451	0.0000	2.2057
25	27	0.1307	3	0	2	1	1	0	0	0	0	N	Y	N	N	N	N	N	N	N	N	N	N	0.4536	0.3164	2.0001	2.6442	2.2003	66.6025	0.2163	0.7189	0.0019	0.0019	0.0019	0.0330	0.0299	0.2458	0.0001	0.0000	0.0005	0.0041	0.0059	0.0010	0.0125	0.0136	0.0037	0.0003	0.0000	0.0007	0.1594	0.0903	0.0000	-0.0005	1.0335	1.9923	7.4537	5.5017	0.0001	0.0001	0.0000	0.0001	0.0001	0.0000	0.0000	0.0000	0.0000	0.0011	0.0010	0.0001	0.0011	0.0010	0.0000	0.0001	0.0000	0.0001	0.0549	0.0475	0.0074	0.0030	0.0030	0.0000	0.0519	0.0445	0.0074	0.2759	0.1770	0.0988	0.0869	0.0772	0.0097	0.1889	0.0998	0.0891	0.4536	0.3164	2.0001	2.6442	2.2003	66.6025	0.2163	0.0000	0.7189	0.0041	0.0059	0.0010	0.0125	0.0136	0.0037	0.0003	0.0000	0.0007	
25	28	0.0401	2	0	2	0	0	0	0	0	0	N	Y	N	N	N	N	N	N	N	N	N	N	0.5700	1.3500	0.0000	0.4421	0.4366	0.0000	0.0000	0.0000	0.0178	0.0194	0.0000	0.0392	0.0409	0.0000	0.0000	0.0000	0.0000	0.0313	0.0144	0.0497	0.0887	0.0937	0.0162	0.0259	0.0000	0.0501	0.0000	3.1702	-0.0001	0.0024	1.0335	1.7961	7.4537	15.9291	0.0013	0.0013	0.0000	0.0013	0.0013	0.0000	0.0000	0.0000	0.0000	0.0102	0.0024	0.0078	0.0025	0.0024	0.0000	0.0077	0.0000	0.0077	0.0719	0.0660	0.0059	0.0326	0.0313	0.0013	0.0392	0.0347	0.0045	0.3267	0.1704	0.1564	0.0279	0.0262	0.0018	0.2988	0.1442	0.1546	0.5700	1.3500	0.0000	0.4421	0.4366	0.0000	0.0000	0.0000	0.0000	0.0313	0.0144	0.0497	0.0887	0.0937	0.0162	0.0259	0.0000	0.0501	
25	29	0.0979	5	1	2	0	0	0	0	0	0	N	Y	N	N	N	N	N	N	N	N	N	N	0.0000	0.0000	0.0000	0.0000	0.0000	0.0000	0.0000	0.0000	0.0000	0.0000	0.0000	0.0000	0.0000	0.0000	0.0000	0.0000	0.0000	0.0000	0.0000	0.0000	1.0335	0.0000	7.4537	0.0000	0.0000	0.0000	0.0000	0.0000	0.0000	0.0000	0.0000	0.0000	0.0000	0.0000	0.0000	0.0000	0.0000	0.0000	0.0000	0.0000	0.0000	0.0000	0.0000	0.0000	0.0000	0.0000	0.0000	0.0000	0.0000	0.0000	0.0000	0.0000	0.0000	0.0000	0.0000	0.0000	0.0000	0.0000	0.0000	0.0000	0.0000	0.0000	0.0000	0.0000	0.0000	0.0000	0.0000	0.0000	0.0000	0.0000	0.0000	0.0000	0.0000	0.0000	0.0000	0.0000	0.0000	0.0000											
25	30	0.0401	2	0	2	0	1	0	0	0	0	N	Y	N	N	N	N	N	N	N	N	N	N	0.0000	0.0000	0.0000	0.0000	0.0000	0.0000	0.0000	0.0000	0.0000	0.0000	0.0000	0.0000	0.0000	0.0000	0.0000	0.6449	1.2343	0.0000	0.0130	0.0139	0.0000	0.7033	1.4516	0.0000	0.0000	0.0000	-0.1269	1.0335	0.0000	7.4537	19.0400	0.0000	0.0000	0.0000	0.0000	0.0000	0.0000	0.0000	0.0000	0.0000	0.2435	0.2435	0.0000	0.0004	0.0004	0.0000	0.2431	0.2431	0.0000	0.0000	0.0000	0.0000	0.0000	0.0000	0.0000	0.0000	0.0000	0.0000	0.3776	0.1973	0.1803	0.0319	0.0298	0.0021	0.3456	0.1675	0.1782	0.0000	0.0000	0.0000	0.0000	0.0000	0.0000	0.0000	0.0000	0.0000	0.6449	1.2343	0.0000	0.0130	0.0139	0.0000	0.7033	1.4516	0.0000				
25	31	0.0401	2	1	2	0	0	0	0	0	0	N	Y	N	N	N	N	N	N	N	N	N	N	1.5100	0.8743	0.3030	0.3015	0.0081	0.0090	0.0000	0.0193	0.0206	0.0000	0.0000	0.0000	0.0000	0.0054	0.0103	0.0000	0.0637	0.0682	0.0000	0.0000	0.0000	0.0000	0.0000	0.0000	-0.0001	-0.0011	1.0335	6.7961	7.4537	16.0091	0.0013	0.0013	0.0000	0.0013	0.0013	0.0000	0.0000	0.0000	0.0000	0.0021	0.0021	0.0000	0.0021	0.0021	0.0000	0.0000	0.0000	0.0000	0.1580	0.1427	0.0153	0.0664	0.0623	0.0041	0.0916	0.0804	0.0112	0.3974	0.2078	0.1895	0.0335	0.0313	0.0022	0.3638	0.1766	0.1873	1.5100	0.8743	0.0000	0.3030	0.3015	0.0000	0.0000	0.0000	0.0000	0.0054	0.0103	0.0000	0.0637	0.0682	0.0000	0.0000	0.0000	0.0000					
25	32	0.4650	9	0	1	1	0	0	0	0	0	N	N	N	N	N	N	N	N	N	N	N	N	0.0170	0.0135	0.0000	0.0201	0.0185	0.0039	0.0059	0.0000	0.0006	0.0007	0.0000	0.0012	0.0013	0.0000	0.0000	0.0000	0.0000	0.0376	0.0524	0.0006	0.0589	0.0684	0.0000	0.0008	0.0006	0.0009	0.0000	0.0048	-0.0000	-0.0044	1.0335	2.4598	7.4537	7.4321	0.0000	0.0000	0.0000	0.0000	0.0000	0.0000	0.0000	0.0000	0.0000	0.0085	0.0085	0.0000	0.0084	0.0084	0.0000	0.0001	0.0000	0.0000	0.0493	0.0445	0.0048	0.0265	0.0248	0.0018	0.0227	0.0198	0.0030	0.2262	0.1615	0.0647	0.1434	0.1234	0.0200	0.0828	0.0381	0.0447	0.0170	0.0135	0.0000	0.0201	0.0185	0.0000	0.0039	0.0059	0.0000	0.0376	0.0524	0.0006	0.0589	0.0684	0.0000	0.0008	0.0006	0.0009	
25	33	0.4267	8	0	1	0	0	0	0	0	0	N	N	N	N	N	N	N	N	N	N	N	N	0.0142	0.0126	0.0000	0.0011	0.0011	0.0000	0.0165	0.0111	0.0000	0.0006	0.0007	0.0000	0.0000	0.0000	0.0000	0.0012	0.0014	0.0000	0.0415	0.0518	0.0167	0.0147	0.0166	0.0028	0.0749	0.1285	0.0213	0.0000	0.1353	-0.0000	-0.0042	1.0335	2.7943	7.4537	8.2643	0.0000	0.0000	0.0000	0.0000	0.0000	0.0000	0.0000	0.0000	0.0000	0.0103	0.0091	0.0012	0.0020	0.0020	0.0001	0.0083	0.0071	0.0012	0.0535	0.0483	0.0052	0.0284	0.0264	0.0019	0.0252	0.0219	0.0033	0.2495	0.1757	0.0738	0.1386	0.1204	0.0183	0.1109	0.0554	0.0555	0.0142	0.0126	0.0000	0.0011	0.0011	0.0000	0.0165	0.0111	0.0000	0.0415	0.0518	0.0167	0.0147	0.0166	0.0028	0.0749	0.1285	0.0213
25	34	0.0956	3	0	2	0	0	0	0	0	0	N	Y	N	N	N	N	N	N	N	N	N	N	0.0303	0.0226	0.0311	0.0258	3.6394	1.8734	0.0084	0.0091	0.0000	0.0122	0.0128	0.0000	0.0008	0.0009	0.0000	0.2787	0.4022	0.0000	0.3937	0.4968	0.0000	0.0002	0.0005	0.0000	0.0000	0.0000	-0.0000	-0.0111	1.0335	0.0009	7.4537	2.4415	0.0000	0.0000	0.0000	0.0000	0.0000	0.0000	0.0000	0.0000	0.0000	0.0213	0.0213	0.0000	0.0213	0.0213	0.0000	0.0000	0.0000	0.0000	0.0001	0.0001	0.0000	0.0001	0.0001	0.0000	0.0000	0.0000	0.0000	0.0764	0.0529	0.0235	0.0541	0.0429	0.0112	0.0223	0.0101	0.0122	0.0303	0.0226	0.0000	0.0311	0.0258	0.0000	3.6394	1.8734	0.0000	0.2787	0.4022	0.0000	0.3937	0.4968	0.0000	0.0002	0.0005	0.0000			
25	35	0.0401	2	1	1	1	0	0	0	0	0	N	N	N	N	N	N	N	N	N	N	N	N	0.0000	0.0000	0.0000	0.0000	0.0000	0.0000	0.0000	0.0000	0.0000	0.0000	0.0000	0.0000	0.0000	0.0000	0.0000	0.0536	0.0000	0.1135	0.0019	0.0000	0.0398	0.0595	0.0000	0.1143	inf	0.0000	0.0037	1.0335	0.0000	7.4537	5.9600	0.0000	0.0000	0.0000	0.0000	0.0000	0.0000	0.0000	0.0000	0.0000	0.0078	0.0000	0.0078	0.0000	0.0000	0.0000	0.0077	0.0000	0.0077	0.0000	0.0000	0.0000	0.0000	0.0000	0.0000	0.0000	0.0000	0.0000	0.1448	0.0764	0.0684	0.0148	0.0141	0.0007	0.1300	0.0623	0.0677	0.0000	0.0000	0.0000	0.0000	0.0000	0.0000	0.0000	0.0000	0.0000	0.0536	0.0000	0.1135	0.0019	0.0000	0.0398	0.0595	0.0000	0.1143				
25	36	0.1307	3	0	2	0	0	0	0	0	0	N	Y	N	N	N	N	N	N	N	N	N	N	0.0041	0.0000	0.0101	81.6984	0.0000	232.9862	0.0011	0.0000	0.0025	0.0175	0.0000	0.1193	0.0396	0.0000	1.0133	0.0066	0.0000	0.0329	4.2199	0.0001	11.7982	0.0005	0.0000	0.0043	6.1726	0.0001	13.0708	inf	96070.4027	0.0000	0.4777	1.0335	0.0123	7.4537	6.2120	0.0000	0.0000	0.0000	0.0000	0.0000	0.0000	0.0000	0.0000	0.0000	0.9976	0.0000	0.9976	0.0000	0.0000	0.0000	0.9975	0.0000	0.9975	0.0009	0.0007	0.0001	0.0003	0.0003	0.0000	0.0006	0.0005	0.0001	0.2364	0.1518	0.0846	0.0748	0.0666	0.0082	0.1616	0.0853	0.0763	0.0041	0.0000	0.0101	81.6984	0.0000	232.9862	0.0011	0.0000	0.0025	4.2199	0.0001	11.7982	0.0005	0.0000	0.0043	6.1726	0.0001	13.0708
25	37	0.0401	2	0	2	0	0	0	0	0	0	N	Y	N	N	N	N	N	N	N	N	N	N	493.5959	355.3659	312.7962	0.5392	0.0486	171.1308	3659.9000	1851205207.4072	369.8211	5.2911	5.7046	1.5003	0.0542	0.0052	0.7625	8.9799	9.9821	1.7753	0.0107	0.0161	0.0048	0.1005	0.1076	0.0045	0.0025	0.0000	0.0048	0.0287	0.2690	-0.0695	-0.0016	1.0335	8.2035	7.4537	18.5835	1.0267	0.9981	0.0286	0.0043	0.0004	0.0040	1.0224	0.9977	0.0247	0.0052	0.0041	0.0011	0.0041	0.0041	0.0000	0.0011	0.0000	0.0011	0.1940	0.1750	0.0191	0.0802	0.0750	0.0052	0.1138	0.0999	0.0139	0.4839	0.2546	0.2293	0.0408	0.0380	0.0028	0.4431	0.2166	0.2265	493.5959	355.3659	312.7962	0.5392	0.0486	171.1308	3659.9000	1851205207.4072	369.8211	0.0107	0.0161	0.0048	0.1005	0.1076	0.0045	0.0025	0.0000	0.0048
25	38	0.0401	2	0	2	0	1	0	0	0	0	N	Y	N	N	N	N	N	N	N	N	N	N	2.5533	1.4777	3798.4730	4.6344	2.5090	89.7584	3.9315	2.1742	5973.7174	4.5490	4.9683	0.7373	0.0472	0.0268	0.3354	7.6530	8.5913	0.8879	1.7816	3.3621	0.0002	0.0102	0.0107	0.0037	1.9466	3.9515	0.0001	0.0163	0.0001	-0.0816	-0.5198	1.0335	10.2042	7.4537	23.0710	1.0267	1.0102	0.0165	0.0043	0.0023	0.0020	1.0224	1.0079	0.0144	0.9977	0.9977	0.0001	0.0005	0.0005	0.0000	0.9972	0.9972	0.0000	0.2257	0.2033	0.0224	0.0921	0.0860	0.0061	0.1336	0.1173	0.0163	0.5600	0.2967	0.2633	0.0477	0.0444	0.0033	0.5123	0.2524	0.2599	2.5533	1.4777	3798.4730	4.6344	2.5090	89.7584	3.9315	2.1742	5973.7174	1.7816	3.3621	0.0002	0.0102	0.0107	0.0037	1.9466	3.9515	0.0001
25	39	0.0401	2	1	1	1	0	0	0	0	0	N	N	N	N	N	N	N	N	N	N	N	N	0.0000	0.0000	0.0000	0.0000	0.0000	0.0000	0.0000	0.0000	0.0000	0.0000	0.0000	0.0000	0.0000	0.0000	0.0000	0.1340	0.0000	0.3062	0.0032	0.0000	0.1140	0.1581	0.0000	0.3082	inf	0.0000	0.0037	1.0335	0.0000	7.4537	1.9600	0.0000	0.0000	0.0000	0.0000	0.0000	0.0000	0.0000	0.0000	0.0000	0.0078	0.0000	0.0078	0.0000	0.0000	0.0000	0.0077	0.0000	0.0077	0.0000	0.0000	0.0000	0.0000	0.0000	0.0000	0.0000	0.0000	0.0000	0.0580	0.0326	0.0254	0.0091	0.0088	0.0003	0.0489	0.0238	0.0251	0.0000	0.0000	0.0000	0.0000	0.0000	0.0000	0.0000	0.0000	0.0000	0.1340	0.0000	0.3062	0.0032	0.0000	0.1140	0.1581	0.0000	0.3082				
25	40	0.0956	3	0	1	1	0	0	0	0	0	N	N	N	N	N	N	N	N	N	N	N	N	0.0014	33.2094	0.0000	8.9608	37.8611	0.0000	0.0000	28.8186	0.0000	0.0084	0.0091	0.0000	0.0122	0.0128	0.0000	0.0008	0.0009	0.0000	6.2149	0.0003	21.7517	0.0014	0.0003	0.0057	20.4953	0.0000	40.7066	0.0000	31726.8088	-0.0000	0.4675	1.0335	0.0009	7.4537	7.7842	0.0000	0.0000	0.0000	0.0000	0.0000	0.0000	0.0000	0.0000	0.0000	0.9761	0.0000	0.9761	0.0001	0.0000	0.0001	0.9760	0.0000	0.9760	0.0001	0.0001	0.0000	0.0001	0.0001	0.0000	0.0000	0.0000	0.0000	0.1571	0.1122	0.0449	0.1094	0.0885	0.0209	0.0476	0.0236	0.0240	0.0014	33.2094	0.0000	8.9608	37.8611	0.0000	0.0000	28.8186	0.0000	6.2149	0.0003	21.7517	0.0014	0.0003	0.0057	20.4953	0.0000	40.7066
25	41	0.0401	2	0	1	0	0	0	0	0	0	N	N	N	N	N	N	N	N	N	N	N	N	0.2535	0.6582	0.0004	0.2186	0.2128	0.2316	0.0001	0.0057	0.0004	0.0178	0.0194	0.0000	0.0392	0.0409	0.0001	0.0000	0.0000	0.0000	0.0703	0.0295	0.1150	0.1795	0.1922	0.0002	0.0602	0.0006	0.1164	0.0002	3.5616	-0.0001	0.0070	1.0335	1.7959	7.4537	20.1034	0.0013	0.0013	0.0000	0.0013	0.0013	0.0000	0.0000	0.0000	0.0000	0.0271	0.0059	0.0212	0.0058	0.0058	0.0000	0.0213	0.0001	0.0212	0.0719	0.0660	0.0059	0.0326	0.0313	0.0013	0.0392	0.0347	0.0045	0.3853	0.2014	0.1839	0.0325	0.0304	0.0021	0.3528	0.1710	0.1818	0.2535	0.6582	0.0004	0.2186	0.2128	0.2316	0.0001	0.0057	0.0004	0.0703	0.0295	0.1150	0.1795	0.1922	0.0002	0.0602	0.0006	0.1164
25	42	0.1101	3	0	2	0	0	0	0	0	0	N	Y	N	N	N	N	N	N	N	N	N	N	0.6232	0.5508	0.5024	0.5044	0.0000	0.0000	0.0030	0.0033	0.0000	0.0044	0.0047	0.0000	0.0000	0.0000	0.0000	0.0048	0.0060	0.0000	0.0087	0.0093	0.0000	0.0001	0.0002	0.0000	0.0000	0.0000	-0.0000	-0.0000	1.0335	0.0003	7.4537	0.0002	0.0000	0.0000	0.0000	0.0000	0.0000	0.0000	0.0000	0.0000	0.0000	0.0000	0.0000	0.0000	0.0000	0.0000	0.0000	0.0000	0.0000	0.0000	0.0000	0.0000	0.0000	0.0000	0.0000	0.0000	0.0000	0.0000	0.0000	0.0001	0.0001	0.0000	0.0000	0.0000	0.0000	0.0000	0.0000	0.0000	0.6232	0.5508	0.0000	0.5024	0.5044	0.0000	0.0000	0.0000	0.0000	0.0048	0.0060	0.0000	0.0087	0.0093	0.0000	0.0001	0.0002	0.0000			
25	43	0.0661	3	1	2	1	0	0	0	0	0	N	Y	N	N	N	N	N	N	N	N	N	N	0.0000	0.0000	0.0000	0.0000	0.0000	0.0000	0.0000	0.0000	0.0000	0.0000	0.0000	0.0000	0.0000	0.0000	0.0000	0.0000	0.0000	0.0000	0.0000	0.0000	1.0335	0.0000	7.4537	2.0000	0.0000	0.0000	0.0000	0.0000	0.0000	0.0000	0.0000	0.0000	0.0000	0.0000	0.0000	0.0000	0.0000	0.0000	0.0000	0.0000	0.0000	0.0000	0.0000	0.0000	0.0000	0.0000	0.0000	0.0000	0.0000	0.0000	0.0000	0.0348	0.0209	0.0139	0.0085	0.0067	0.0018	0.0263	0.0142	0.0121	0.0000	0.0000	0.0000	0.0000	0.0000	0.0000	0.0000	0.0000	0.0000	0.0000	0.0000	0.0000	0.0000	0.0000	0.0000	0.0000	0.0000	0.0000											
25	44	0.0661	3	1	2	1	0	0	0	0	0	N	Y	N	N	N	N	N	N	N	N	N	N	0.0000	0.0000	0.0000	0.0000	0.0000	0.0000	0.0000	0.0000	0.0000	0.0000	0.0000	0.0000	0.0000	0.0000	0.0000	0.0000	0.0000	0.0000	0.0000	0.0000	1.0335	0.0000	7.4537	0.0000	0.0000	0.0000	0.0000	0.0000	0.0000	0.0000	0.0000	0.0000	0.0000	0.0000	0.0000	0.0000	0.0000	0.0000	0.0000	0.0000	0.0000	0.0000	0.0000	0.0000	0.0000	0.0000	0.0000	0.0000	0.0000	0.0000	0.0000	0.0000	0.0000	0.0000	0.0000	0.0000	0.0000	0.0000	0.0000	0.0000	0.0000	0.0000	0.0000	0.0000	0.0000	0.0000	0.0000	0.0000	0.0000	0.0000	0.0000	0.0000	0.0000	0.0000	0.0000	0.0000	0.0000	0.0000											
25	45	0.0401	2	1	2	1	0	0	0	0	0	N	Y	N	N	N	N	N	N	N	N	N	N	0.1293	1.4175	0.0000	0.4406	0.4922	0.0000	0.0000	0.0000	0.0242	0.0260	0.0000	0.0510	0.0525	0.0000	0.0000	0.0000	0.0000	0.1871	0.0184	0.3727	0.1158	0.1066	0.2779	0.1946	0.0000	0.3738	0.0000	18.4393	-0.0001	0.0145	1.0335	0.7962	7.4537	7.9291	0.0013	0.0013	0.0000	0.0013	0.0013	0.0000	0.0000	0.0000	0.0000	0.0340	0.0017	0.0323	0.0020	0.0017	0.0003	0.0320	0.0000	0.0320	0.0530	0.0492	0.0038	0.0251	0.0244	0.0007	0.0278	0.0248	0.0031	0.1819	0.0953	0.0866	0.0174	0.0164	0.0009	0.1645	0.0789	0.0856	0.1293	1.4175	0.0000	0.4406	0.4922	0.0000	0.0000	0.0000	0.0000	0.1871	0.0184	0.3727	0.1158	0.1066	0.2779	0.1946	0.0000	0.3738	
25	46	0.0401	2	1	2	0	0	0	0	0	0	N	Y	N	N	N	N	N	N	N	N	N	N	0.6724	2.0141	0.0000	0.6547	0.6427	0.0000	0.0000	0.0000	0.0242	0.0260	0.0000	0.0510	0.0525	0.0000	0.0000	0.0000	0.0000	0.0360	0.0129	0.0610	0.0779	0.0816	0.0203	0.0319	0.0000	0.0615	0.0000	4.3392	-0.0001	0.0028	1.0335	0.7962	7.4537	12.9291	0.0013	0.0013	0.0000	0.0013	0.0013	0.0000	0.0000	0.0000	0.0000	0.0096	0.0018	0.0078	0.0018	0.0018	0.0000	0.0077	0.0000	0.0077	0.0530	0.0492	0.0038	0.0251	0.0244	0.0007	0.0278	0.0248	0.0031	0.2657	0.1385	0.1272	0.0233	0.0219	0.0014	0.2424	0.1166	0.1258	0.6724	2.0141	0.0000	0.6547	0.6427	0.0000	0.0000	0.0000	0.0000	0.0360	0.0129	0.0610	0.0779	0.0816	0.0203	0.0319	0.0000	0.0615	
25	47	0.0401	2	0	2	0	1	0	0	0	0	N	Y	N	N	N	N	N	N	N	N	N	N	0.0000	0.0000	0.0000	0.0000	0.0000	0.0000	0.0000	0.0000	0.0000	0.0000	0.0000	0.0000	0.0000	0.0023	0.0043	0.0000	0.0268	0.0287	0.0000	0.0000	0.0000	0.0000	0.0000	0.0000	-0.0005	1.0335	9.0000	7.4537	15.0400	0.0000	0.0000	0.0000	0.0000	0.0000	0.0000	0.0000	0.0000	0.0000	0.0010	0.0010	0.0000	0.0010	0.0010	0.0000	0.0000	0.0000	0.0000	0.2079	0.1874	0.0205	0.0854	0.0798	0.0056	0.1225	0.1075	0.0149	0.4495	0.2359	0.2136	0.0378	0.0353	0.0026	0.4117	0.2006	0.2110	0.0000	0.0000	0.0000	0.0000	0.0000	0.0000	0.0000	0.0000	0.0000	0.0023	0.0043	0.0000	0.0268	0.0287	0.0000	0.0000	0.0000	0.0000						
25	48	0.1186	3	0	1	0	1	0	0	0	0	N	N	N	N	N	N	N	N	N	N	N	N	0.0053	4.2927	0.0000	0.5886	5.6043	0.0000	0.0001	6.0923	0.0000	0.0022	0.0024	0.0000	0.0038	0.0040	0.0000	0.0001	0.0002	0.0000	0.4150	0.0006	1.5288	0.0064	0.0007	0.0355	1.2827	0.0000	2.5600	0.0000	1010.9160	-0.0000	0.0115	1.0335	0.0037	7.4537	3.0208	0.0000	0.0000	0.0000	0.0000	0.0000	0.0000	0.0000	0.0000	0.0000	0.0241	0.0000	0.0241	0.0003	0.0000	0.0002	0.0239	0.0000	0.0239	0.0001	0.0001	0.0000	0.0001	0.0001	0.0000	0.0000	0.0000	0.0000	0.0581	0.0424	0.0158	0.0395	0.0331	0.0064	0.0186	0.0093	0.0093	0.0053	4.2927	0.0000	0.5886	5.6043	0.0000	0.0001	6.0923	0.0000	0.4150	0.0006	1.5288	0.0064	0.0007	0.0355	1.2827	0.0000	2.5600
25	49	0.0401	2	0	1	0	1	0	0	0	0	N	N	N	N	N	N	N	N	N	N	N	N	0.7524	0.4676	0.0029	0.1584	0.1567	0.0040	0.0009	0.0224	0.0029	0.0102	0.0113	0.0000	0.0239	0.0253	0.0000	0.0000	0.0000	0.0000	0.0136	0.0242	0.0019	0.1507	0.1616	0.0014	0.0010	0.0000	0.0019	0.0001	0.0723	-0.0001	-0.0028	1.0335	4.7960	7.4537	23.0471	0.0013	0.0013	0.0000	0.0013	0.0013	0.0000	0.0000	0.0000	0.0000	0.0063	0.0058	0.0004	0.0058	0.0058	0.0000	0.0004	0.0000	0.0004	0.1251	0.1134	0.0117	0.0536	0.0506	0.0031	0.0715	0.0628	0.0087	0.4605	0.2419	0.2187	0.0388	0.0361	0.0026	0.4218	0.2058	0.2160	0.7524	0.4676	0.0029	0.1584	0.1567	0.0040	0.0009	0.0224	0.0029	0.0136	0.0242	0.0019	0.1507	0.1616	0.0014	0.0010	0.0000	0.0019
25	50	0.0750	3	0	2	1	0	0	0	0	0	N	Y	N	N	N	N	N	N	N	N	N	N	0.0086	0.0063	0.1283	0.0090	0.0088	0.0578	0.0037	0.0022	0.1482	0.0405	0.0475	0.0010	0.1391	0.1554	0.0012	0.0023	0.0026	0.0009	4.6873	7.5657	0.0075	15.3675	17.6958	0.0210	0.6198	1.1767	0.0061	0.0036	0.0006	-0.0002	-0.2302	1.0335	1.4428	7.4537	0.4686	0.0026	0.0026	0.0000	0.0025	0.0025	0.0000	0.0001	0.0001	0.0000	0.4424	0.4421	0.0003	0.4000	0.3999	0.0001	0.0424	0.0422	0.0002	0.0652	0.0553	0.0099	0.0182	0.0163	0.0019	0.0470	0.0390	0.0079	0.0944	0.0584	0.0359	0.0260	0.0226	0.0034	0.0683	0.0358	0.0325	0.0086	0.0063	0.1283	0.0090	0.0088	0.0578	0.0037	0.0022	0.1482	4.6873	7.5657	0.0075	15.3675	17.6958	0.0210	0.6198	1.1767	0.0061
25	51	0.0401	2	0	2	0	0	0	0	0	0	N	Y	N	N	N	N	N	N	N	N	N	N	0.0410	0.0053	0.7135	2.3398	0.3169	5.0995	0.0553	0.0073	0.8189	0.1613	0.0305	1.3698	0.0536	0.0045	0.7791	0.2382	0.0503	1.5887	3.9381	5.7912	1.9198	0.0229	0.0141	0.1528	4.3055	6.8439	1.9401	4.8656	0.3044	0.0209	-0.3580	1.0335	7.1845	7.4537	8.0722	0.0285	0.0049	0.0237	0.0039	0.0003	0.0036	0.0246	0.0046	0.0200	1.2443	0.9540	0.2903	0.0006	0.0004	0.0003	1.2437	0.9536	0.2901	0.1769	0.1596	0.0173	0.0737	0.0690	0.0047	0.1032	0.0906	0.0126	0.3160	0.1647	0.1512	0.0271	0.0254	0.0017	0.2889	0.1393	0.1495	0.0410	0.0053	0.7135	2.3398	0.3169	5.0995	0.0553	0.0073	0.8189	3.9381	5.7912	1.9198	0.0229	0.0141	0.1528	4.3055	6.8439	1.9401
25	52	0.0627	3	1	1	1	0	0	0	0	0	N	N	N	N	N	N	N	N	N	N	N	N	0.0389	0.0000	1.7769	0.0151	0.0000	9.0761	0.4522	0.0000	1.5450	0.0035	0.0000	0.0236	0.0084	0.0000	0.7014	0.0031	0.0000	0.0197	0.0888	0.1525	0.0133	0.5524	0.5637	0.0773	0.0068	0.0000	0.0128	inf	0.0734	0.0001	-0.0075	1.0335	0.9976	7.4537	4.7732	0.0001	0.0000	0.0001	0.0000	0.0000	0.0000	0.0001	0.0000	0.0001	0.0165	0.0154	0.0011	0.0154	0.0153	0.0000	0.0011	0.0000	0.0011	0.0209	0.0178	0.0031	0.0014	0.0014	0.0000	0.0195	0.0164	0.0030	0.1856	0.1007	0.0849	0.0279	0.0272	0.0006	0.1577	0.0734	0.0843	0.0389	0.0000	1.7769	0.0151	0.0000	9.0761	0.4522	0.0000	1.5450	0.0888	0.1525	0.0133	0.5524	0.5637	0.0773	0.0068	0.0000	0.0128
25	53	0.0401	2	1	1	0	0	0	0	0	0	N	N	N	N	N	N	N	N	N	N	N	N	0.5048	0.0496	2.6667	1.6015	0.0140	2.2411	0.7273	0.0892	3.1580	0.1137	0.0001	1.2524	0.0291	0.0001	0.5509	0.1790	0.0001	1.4909	0.2252	0.0017	0.4696	0.0182	0.0046	0.2458	0.2462	0.0012	0.4721	1452.1900	247.3082	0.0107	0.0223	1.0335	3.2133	7.4537	6.0120	0.0118	0.0000	0.0118	0.0013	0.0000	0.0013	0.0105	0.0000	0.0105	0.0470	0.0002	0.0468	0.0004	0.0001	0.0003	0.0467	0.0001	0.0466	0.1041	0.0947	0.0094	0.0454	0.0430	0.0024	0.0587	0.0517	0.0070	0.2088	0.1091	0.0997	0.0192	0.0182	0.0011	0.1896	0.0909	0.0986	0.5048	0.0496	2.6667	1.6015	0.0140	2.2411	0.7273	0.0892	3.1580	0.2252	0.0017	0.4696	0.0182	0.0046	0.2458	0.2462	0.0012	0.4721
25	54	0.0401	2	1	2	0	0	0	0	0	0	N	Y	N	N	N	N	N	N	N	N	N	N	0.4950	1.4935	0.0000	0.5008	0.4983	0.0000	0.0000	0.0000	0.0178	0.0194	0.0000	0.0392	0.0409	0.0000	0.0000	0.0000	0.0000	0.0360	0.0130	0.0610	0.0783	0.0821	0.0203	0.0319	0.0000	0.0615	0.0000	4.3151	-0.0001	0.0028	1.0335	1.7961	7.4537	11.9291	0.0013	0.0013	0.0000	0.0013	0.0013	0.0000	0.0000	0.0000	0.0000	0.0096	0.0018	0.0078	0.0018	0.0018	0.0000	0.0077	0.0000	0.0077	0.0719	0.0660	0.0059	0.0326	0.0313	0.0013	0.0392	0.0347	0.0045	0.2657	0.1385	0.1272	0.0233	0.0219	0.0014	0.2424	0.1166	0.1258	0.4950	1.4935	0.0000	0.5008	0.4983	0.0000	0.0000	0.0000	0.0000	0.0360	0.0130	0.0610	0.0783	0.0821	0.0203	0.0319	0.0000	0.0615	
25	55	0.0613	3	0	2	0	0	0	0	0	0	N	Y	N	N	N	N	N	N	N	N	N	N	0.0080	0.0407	0.0000	0.0452	0.0421	0.0000	0.0004	0.0065	0.0000	0.0129	0.0138	0.0000	0.0199	0.0209	0.0000	0.0010	0.0011	0.0000	1.6178	0.3378	3.9015	0.4407	0.4959	0.0075	2.3342	0.1639	4.4270	0.0000	6.4744	-0.0000	0.0965	1.0335	0.0041	7.4537	6.2745	0.0000	0.0000	0.0000	0.0000	0.0000	0.0000	0.0000	0.0000	0.0000	0.2797	0.0374	0.2423	0.0288	0.0288	0.0001	0.2509	0.0086	0.2422	0.0005	0.0005	0.0000	0.0003	0.0003	0.0000	0.0002	0.0002	0.0000	0.1729	0.1108	0.0621	0.0654	0.0580	0.0074	0.1075	0.0528	0.0547	0.0080	0.0407	0.0000	0.0452	0.0421	0.0000	0.0004	0.0065	0.0000	1.6178	0.3378	3.9015	0.4407	0.4959	0.0075	2.3342	0.1639	4.4270
25	56	0.1101	3	0	1	1	0	0	0	0	0	N	N	N	N	N	N	N	N	N	N	N	N	680.7839	inf	0.0000	17.4086	inf	0.0000	599.2352	inf	0.0000	3.2524	3.5974	0.0000	0.0315	0.0336	0.0000	6.2113	7.0912	0.0000	0.0048	0.0000	0.0171	0.0018	0.0000	0.0100	0.0104	0.0000	0.0224	0.0000	inf	-0.0982	0.0008	1.0335	18.9997	7.4537	4.0000	1.0280	1.0280	0.0000	0.0048	0.0048	0.0000	1.0232	1.0232	0.0000	0.0016	0.0000	0.0016	0.0004	0.0000	0.0004	0.0012	0.0000	0.0012	0.3161	0.2858	0.0303	0.1513	0.1415	0.0099	0.1647	0.1443	0.0204	0.3390	0.2444	0.0946	0.2214	0.1812	0.0401	0.1177	0.0632	0.0545	680.7839	inf	0.0000	17.4086	inf	0.0000	599.2352	inf	0.0000	0.0048	0.0000	0.0171	0.0018	0.0000	0.0100	0.0104	0.0000	0.0224
25	57	0.0401	2	0	1	0	0	0	0	0	0	N	N	N	N	N	N	N	N	N	N	N	N	3.7632	2.1532	0.0000	0.7011	0.6827	0.0000	5.9648	inf	0.0000	0.0170	0.0186	0.0000	0.0377	0.0393	0.0000	0.0000	0.0000	0.0000	0.0045	0.0086	0.0000	0.0537	0.0576	0.0000	0.0000	0.0000	0.0000	0.0000	0.0000	-0.0001	-0.0010	1.0335	1.7961	7.4537	22.3138	0.0013	0.0013	0.0000	0.0013	0.0013	0.0000	0.0000	0.0000	0.0000	0.0020	0.0020	0.0000	0.0020	0.0020	0.0000	0.0000	0.0000	0.0000	0.0752	0.0690	0.0063	0.0340	0.0325	0.0014	0.0413	0.0364	0.0048	0.4451	0.2335	0.2116	0.0375	0.0349	0.0025	0.4076	0.1986	0.2090	3.7632	2.1532	0.0000	0.7011	0.6827	0.0000	5.9648	inf	0.0000	0.0045	0.0086	0.0000	0.0537	0.0576	0.0000	0.0000	0.0000	0.0000
25	58	0.0248	2	1	2	0	0	0	0	0	0	N	Y	N	N	N	N	N	N	N	N	N	N	0.2246	0.1355	4.1048	0.4633	0.4593	1.1802	1.4108	31.3925	5.0080	0.0901	0.0955	0.0579	0.8489	0.8488	0.8495	0.0074	0.0000	0.0470	0.4010	0.7044	0.0141	1.8322	1.8481	0.7198	0.0052	0.0000	0.0094	0.1016	0.0157	-0.0000	-0.1002	1.0335	0.9359	7.4537	8.5945	0.0027	0.0024	0.0002	0.0025	0.0024	0.0000	0.0002	0.0000	0.0002	0.1982	0.1952	0.0031	0.1962	0.1952	0.0010	0.0020	0.0000	0.0020	0.0296	0.0254	0.0042	0.0029	0.0029	0.0001	0.0267	0.0225	0.0042	0.4944	0.2770	0.2173	0.1071	0.1056	0.0015	0.3873	0.1714	0.2158	0.2246	0.1355	4.1048	0.4633	0.4593	1.2137	1.4108	31.3925	5.0080	0.4010	0.7044	0.0141	1.8322	1.8481	0.7000	0.0052	0.0000	0.0094
25	61	0.4331	9	0	1	0	0	0	0	0	0	N	N	N	N	N	N	N	N	N	N	N	N	0.0079	0.0063	0.0000	0.0083	0.0076	0.0000	0.0044	0.0055	0.0000	0.0000	0.0000	0.0000	0.0000	0.0000	0.0000	0.0000	0.0000	0.0000	0.0017	0.0024	0.0002	0.0030	0.0035	0.0000	0.0002	0.0002	0.0002	0.0000	0.0303	-0.0000	-0.0002	1.0335	1.0140	7.4537	12.0537	0.0000	0.0000	0.0000	0.0000	0.0000	0.0000	0.0000	0.0000	0.0000	0.0004	0.0004	0.0000	0.0004	0.0004	0.0000	0.0000	0.0000	0.0000	0.0200	0.0180	0.0020	0.0107	0.0099	0.0007	0.0093	0.0081	0.0012	0.2535	0.1782	0.0753	0.1386	0.1184	0.0202	0.1149	0.0598	0.0551	0.0079	0.0063	0.0000	0.0083	0.0076	0.0000	0.0044	0.0055	0.0000	0.0017	0.0024	0.0002	0.0030	0.0035	0.0000	0.0002	0.0002	0.0002
25	62	0.3572	6	0	1	0	0	0	0	0	0	N	N	N	N	N	N	N	N	N	N	N	N	0.0034	0.0050	0.0000	0.0063	0.0058	0.0000	0.0001	0.0020	0.0000	0.0061	0.0067	0.0000	0.0111	0.0118	0.0000	0.0002	0.0002	0.0000	1.8012	1.3579	2.8242	1.7605	2.0191	0.0183	1.8457	0.1221	3.6304	0.0000	0.9014	-0.0002	-0.0923	1.0335	22.0948	7.4537	64.3951	0.0023	0.0023	0.0000	0.0022	0.0022	0.0000	0.0000	0.0000	0.0000	1.9627	1.0322	0.9305	1.0012	0.9999	0.0013	0.9615	0.0324	0.9291	0.3731	0.3390	0.0341	0.2029	0.1901	0.0128	0.1702	0.1489	0.0213	1.0897	0.7602	0.3295	0.5687	0.4952	0.0735	0.5209	0.2650	0.2559	0.0034	0.0050	0.0000	0.0063	0.0058	0.0000	0.0001	0.0020	0.0000	1.8012	1.3579	2.8242	1.7605	2.0191	0.0183	1.8457	0.1221	3.6304
25	63	0.1504	5	0	1	0	0	0	0	0	0	N	N	N	N	N	N	N	N	N	N	N	N	0.0012	0.0259	0.0000	0.0340	0.0319	0.0000	0.0000	0.0613	0.0000	0.0021	0.0023	0.0000	0.0040	0.0043	0.0000	0.0000	0.0000	0.0000	1.7175	0.0880	5.3094	0.1181	0.1350	0.0027	3.4045	0.0003	6.7175	0.0000	27.3730	-0.0000	0.4306	1.0335	3.0638	7.4537	18.8214	0.0001	0.0001	0.0000	0.0001	0.0001	0.0000	0.0000	0.0000	0.0000	0.9704	0.0342	0.9362	0.0343	0.0342	0.0001	0.9362	0.0000	0.9361	0.0585	0.0527	0.0058	0.0298	0.0278	0.0020	0.0287	0.0248	0.0038	0.5650	0.3887	0.1763	0.2901	0.2531	0.0370	0.2750	0.1356	0.1394	0.0012	0.0259	0.0000	0.0340	0.0319	0.0000	0.0000	0.0613	0.0000	1.7175	0.0880	5.3094	0.1181	0.1350	0.0027	3.4045	0.0003	6.7175
25	64	0.0613	3	1	2	1	0	0	0	0	0	N	Y	N	N	N	N	N	N	N	N	N	N	0.0001	0.0048	0.0000	0.0203	0.0191	0.0000	0.0000	0.0002	0.0000	0.0003	0.0004	0.0000	0.0007	0.0007	0.0000	0.0000	0.0000	0.0000	4.4887	0.0806	12.0269	0.0332	0.0378	0.0016	6.8146	0.1192	13.6543	0.0000	87.2130	-0.0000	0.4587	1.0335	1.0029	7.4537	8.4685	0.0000	0.0000	0.0000	0.0000	0.0000	0.0000	0.0000	0.0000	0.0000	0.9810	0.0111	0.9699	0.0025	0.0025	0.0000	0.9785	0.0086	0.9698	0.0199	0.0180	0.0020	0.0100	0.0093	0.0007	0.0099	0.0086	0.0013	0.2185	0.1379	0.0806	0.0750	0.0653	0.0096	0.1436	0.0726	0.0710	0.0001	0.0048	0.0000	0.0203	0.0191	0.0000	0.0000	0.0002	0.0000	4.4887	0.0806	12.0269	0.0332	0.0378	0.0016	6.8146	0.1192	13.6543
25	65	0.0401	2	0	2	0	0	0	0	0	0	N	Y	N	N	N	N	N	N	N	N	N	N	0.0045	0.0027	0.0010	0.4665	0.5202	0.0034	0.0000	0.0000	0.0009	0.0242	0.0260	0.0007	0.0510	0.0524	0.0009	0.0001	0.0001	0.0006	5.4255	9.7808	0.6456	0.1092	0.1007	0.2563	5.9763	11.7577	0.6498	0.0020	0.0601	-0.0001	-0.4873	1.0335	0.7961	7.4537	8.5878	0.0013	0.0013	0.0000	0.0013	0.0013	0.0000	0.0000	0.0000	0.0000	1.0493	0.9898	0.0595	0.0020	0.0017	0.0003	1.0474	0.9881	0.0593	0.0530	0.0492	0.0038	0.0251	0.0244	0.0007	0.0278	0.0248	0.0031	0.1934	0.1012	0.0922	0.0182	0.0172	0.0010	0.1753	0.0840	0.0912	0.0045	0.0027	0.0010	0.4665	0.5202	0.0034	0.0000	0.0000	0.0009	5.4255	9.7808	0.6456	0.1092	0.1007	0.2563	5.9763	11.7577	0.6498
25	66	0.4331	9	0	2	0	0	0	0	0	0	N	Y	N	N	N	N	N	N	N	N	N	N	0.0001	0.0081	0.0000	0.0062	0.0098	0.0000	0.0000	0.0057	0.0000	0.0000	0.0000	0.0000	0.0000	0.0000	0.0000	0.0000	0.0000	0.0000	0.0956	0.0019	0.3171	0.0040	0.0027	0.0115	0.2060	0.0002	0.4296	0.0000	72.1498	-0.0000	0.0115	1.0335	1.0110	7.4537	12.5479	0.0000	0.0000	0.0000	0.0000	0.0000	0.0000	0.0000	0.0000	0.0000	0.0248	0.0003	0.0245	0.0006	0.0003	0.0002	0.0242	0.0000	0.0242	0.0199	0.0180	0.0020	0.0106	0.0099	0.0007	0.0093	0.0081	0.0012	0.2595	0.1823	0.0772	0.1418	0.1211	0.0208	0.1177	0.0613	0.0564	0.0001	0.0081	0.0000	0.0062	0.0098	0.0000	0.0000	0.0057	0.0000	0.0956	0.0019	0.3171	0.0040	0.0027	0.0115	0.2060	0.0002	0.4296
25	67	0.4267	8	0	1	0	0	0	0	0	0	N	N	N	N	N	N	N	N	N	N	N	N	0.0012	0.0011	0.0000	0.0006	0.0006	0.0000	0.0043	0.0191	0.0000	0.0000	0.0000	0.0000	0.0000	0.0000	0.0000	0.0000	0.0000	0.0000	0.0166	0.0200	0.0086	0.0260	0.0276	0.0063	0.0056	0.0014	0.0090	0.0000	0.1808	-0.0000	-0.0008	1.0335	0.9784	7.4537	1.5217	0.0000	0.0000	0.0000	0.0000	0.0000	0.0000	0.0000	0.0000	0.0000	0.0022	0.0019	0.0003	0.0019	0.0018	0.0000	0.0003	0.0000	0.0003	0.0193	0.0174	0.0019	0.0103	0.0096	0.0007	0.0090	0.0078	0.0012	0.1345	0.0947	0.0398	0.0726	0.0669	0.0057	0.0619	0.0278	0.0341	0.0012	0.0011	0.0000	0.0006	0.0006	0.0000	0.0043	0.0191	0.0000	0.0166	0.0200	0.0086	0.0260	0.0276	0.0063	0.0056	0.0014	0.0090
25	68	0.3965	7	0	1	0	0	0	0	0	0	N	N	N	N	N	N	N	N	N	N	N	N	0.0010	0.0007	0.0000	0.0011	0.0010	0.0000	0.0004	0.0007	0.0000	0.0035	0.0039	0.0000	0.0066	0.0071	0.0000	0.0000	0.0000	0.0000	3.6975	5.3397	0.0536	6.1480	7.2872	0.0029	0.0600	0.0421	0.0754	0.0000	0.0045	-0.0000	-0.5066	1.0335	1.0531	7.4537	9.0748	0.0001	0.0001	0.0000	0.0001	0.0001	0.0000	0.0000	0.0000	0.0000	0.9806	0.9762	0.0044	0.9742	0.9741	0.0001	0.0064	0.0021	0.0043	0.0212	0.0191	0.0021	0.0113	0.0106	0.0008	0.0099	0.0086	0.0013	0.2652	0.1828	0.0824	0.1585	0.1337	0.0248	0.1068	0.0491	0.0576	0.0010	0.0007	0.0000	0.0011	0.0010	0.0000	0.0004	0.0007	0.0000	3.6975	5.3397	0.0536	6.1480	7.2872	0.0029	0.0600	0.0421	0.0754
25	69	0.0401	2	1	1	1	0	0	0	0	0	N	N	N	N	N	N	N	N	N	N	N	N	0.0000	0.0000	0.0000	0.0000	0.0000	0.0000	0.0000	0.0000	0.0000	0.0000	0.0000	0.0000	0.0000	0.0000	0.0000	0.0000	0.0000	0.0000	8.1116	15.1540	0.1337	0.0036	0.0016	0.0473	9.0943	18.8079	0.1346	0.0078	0.0000	-0.5159	1.0335	0.0000	7.4537	4.9600	0.0000	0.0000	0.0000	0.0000	0.0000	0.0000	0.0000	0.0000	0.0000	1.0050	0.9972	0.0078	0.0000	0.0000	0.0000	1.0049	0.9972	0.0077	0.0000	0.0000	0.0000	0.0000	0.0000	0.0000	0.0000	0.0000	0.0000	0.1239	0.0658	0.0581	0.0134	0.0128	0.0006	0.1105	0.0530	0.0575	0.0000	0.0000	0.0000	0.0000	0.0000	0.0000	0.0000	0.0000	0.0000	8.1116	15.1540	0.1337	0.0036	0.0016	0.0473	9.0943	18.8079	0.1346	
25	71	0.0963	6	0	1	1	0	0	0	0	0	N	N	N	N	N	N	N	N	N	N	N	N	0.0000	0.0000	0.0000	0.0000	0.0000	0.0000	0.0000	0.0000	0.0000	0.0000	0.0000	0.0000	0.0000	0.0000	0.0000	0.0000	0.0000	0.0000	0.0000	0.0000	0.0000	0.0000	inf	0.0000	0.0000	1.0335	1.0000	7.4537	0.0055	0.0000	0.0000	0.0000	0.0000	0.0000	0.0000	0.0000	0.0000	0.0000	0.0000	0.0000	0.0000	0.0000	0.0000	0.0000	0.0000	0.0000	0.0000	0.0098	0.0085	0.0013	0.0000	0.0000	0.0000	0.0098	0.0085	0.0013	0.0179	0.0124	0.0055	0.0080	0.0070	0.0010	0.0099	0.0054	0.0045	0.0000	0.0000	0.0000	0.0000	0.0000	0.0000	0.0000	0.0000	0.0000	0.0000	0.0000	0.0000	0.0000	0.0000	0.0000	0.0000	0.0000	0.0000						
25	72	0.0897	5	0	1	1	0	0	0	0	0	N	N	N	N	N	N	N	N	N	N	N	N	0.0000	0.0000	0.0000	0.0000	0.0000	0.0000	0.0000	0.0000	0.0000	0.0000	0.0000	0.0000	0.0000	0.0000	0.0000	0.0000	0.0010	0.0000	0.0035	0.0000	0.0000	0.0000	0.0019	0.0000	0.0042	758.0200	0.0000	0.0000	1.0335	0.0000	7.4537	1.0265	0.0000	0.0000	0.0000	0.0000	0.0000	0.0000	0.0000	0.0000	0.0000	0.0000	0.0000	0.0000	0.0000	0.0000	0.0000	0.0000	0.0000	0.0000	0.0000	0.0000	0.0000	0.0000	0.0000	0.0000	0.0000	0.0000	0.0000	0.0197	0.0138	0.0059	0.0089	0.0079	0.0010	0.0108	0.0059	0.0049	0.0000	0.0000	0.0000	0.0000	0.0000	0.0000	0.0000	0.0000	0.0000	0.0010	0.0000	0.0035	0.0000	0.0000	0.0000	0.0019	0.0000	0.0042			
25	73	0.0842	4	0	1	0	0	0	0	0	0	N	N	N	N	N	N	N	N	N	N	N	N	0.0000	0.0000	0.0000	0.0000	0.0000	0.0000	0.0000	0.0000	0.0000	0.0000	0.0000	0.0000	0.0000	0.0000	0.0000	0.0000	0.0000	0.0000	0.0175	0.0003	0.0491	0.0004	0.0004	0.0000	0.0379	0.0000	0.0572	81.7675	0.0000	0.0012	1.0335	0.0000	7.4537	1.0321	0.0000	0.0000	0.0000	0.0000	0.0000	0.0000	0.0000	0.0000	0.0000	0.0025	0.0000	0.0025	0.0000	0.0000	0.0000	0.0025	0.0000	0.0025	0.0060	0.0058	0.0003	0.0036	0.0035	0.0001	0.0024	0.0023	0.0001	0.1459	0.0946	0.0513	0.0795	0.0722	0.0073	0.0664	0.0224	0.0440	0.0000	0.0000	0.0000	0.0000	0.0000	0.0000	0.0000	0.0000	0.0000	0.0175	0.0003	0.0491	0.0004	0.0004	0.0000	0.0379	0.0000	0.0572	
25	74	0.0614	3	0	1	0	0	0	0	0	0	N	N	N	N	N	N	N	N	N	N	N	N	0.0115	0.6271	0.0025	0.1830	0.1722	0.8196	0.0108	58.7541	0.0025	0.0253	0.0263	0.0150	0.0114	0.0113	0.0127	0.0415	0.0451	0.0162	2.1926	0.0419	6.0199	0.0623	0.0657	0.0155	3.8376	0.0008	6.5617	0.0548	80.6712	-0.0000	0.4098	1.0335	0.5629	7.4537	8.5245	0.0004	0.0004	0.0000	0.0001	0.0001	0.0000	0.0003	0.0003	0.0000	0.8782	0.0108	0.8674	0.0109	0.0107	0.0002	0.8673	0.0001	0.8672	0.0154	0.0140	0.0013	0.0083	0.0078	0.0005	0.0071	0.0062	0.0009	0.4005	0.2564	0.1441	0.1745	0.1626	0.0119	0.2260	0.0938	0.1322	0.0115	0.6271	0.0025	0.1830	0.1722	0.8196	0.0108	58.7541	0.0025	2.1926	0.0419	6.0199	0.0623	0.0657	0.0155	3.8376	0.0008	6.5617
25	75	0.0784	4	0	2	0	0	0	0	0	0	N	Y	N	N	N	N	N	N	N	N	N	N	0.0000	0.0000	0.0000	0.0000	0.0000	0.0000	0.0000	0.0000	0.0000	0.0000	0.0000	0.0000	0.0000	0.0004	0.0005	0.0000	0.0008	0.0009	0.0000	0.0000	0.0000	0.0000	0.0000	0.0000	-0.0000	1.0335	1.9994	7.4537	4.0943	0.0000	0.0000	0.0000	0.0000	0.0000	0.0000	0.0000	0.0000	0.0000	0.0000	0.0000	0.0000	0.0000	0.0000	0.0000	0.0000	0.0000	0.0000	0.0198	0.0173	0.0026	0.0000	0.0000	0.0000	0.0198	0.0172	0.0026	0.1347	0.0964	0.0383	0.0579	0.0519	0.0060	0.0768	0.0445	0.0323	0.0000	0.0000	0.0000	0.0000	0.0000	0.0000	0.0000	0.0000	0.0000	0.0004	0.0005	0.0000	0.0008	0.0009	0.0000	0.0000	0.0000	0.0000						
25	76	0.0722	3	0	1	0	0	0	0	0	0	N	N	N	N	N	N	N	N	N	N	N	N	0.0000	0.0000	0.0000	0.0000	0.0000	0.0000	0.0000	0.0000	0.0000	0.0000	0.0000	0.0000	0.0000	0.0000	0.0000	0.0000	0.0000	0.0000	0.0036	0.0039	0.0028	0.0059	0.0063	0.0008	0.0017	0.0005	0.0031	0.2924	0.0000	-0.0001	1.0335	0.0011	7.4537	2.7207	0.0000	0.0000	0.0000	0.0000	0.0000	0.0000	0.0000	0.0000	0.0000	0.0003	0.0002	0.0001	0.0002	0.0002	0.0000	0.0001	0.0000	0.0001	0.0000	0.0000	0.0000	0.0000	0.0000	0.0000	0.0000	0.0000	0.0000	0.0782	0.0555	0.0227	0.0352	0.0321	0.0031	0.0430	0.0234	0.0196	0.0000	0.0000	0.0000	0.0000	0.0000	0.0000	0.0000	0.0000	0.0000	0.0036	0.0039	0.0028	0.0059	0.0063	0.0008	0.0017	0.0005	0.0031	
25	77	0.0401	2	0	1	0	0	0	0	0	0	N	N	N	N	N	N	N	N	N	N	N	N	0.0000	0.0000	0.0000	0.0000	0.0000	0.0000	0.0000	0.0000	0.0000	0.0000	0.0000	0.0000	0.0000	0.0000	0.0000	0.0000	0.0000	0.0000	0.3976	0.7610	0.0008	4.3807	4.6483	0.0105	0.0004	0.0000	0.0007	0.0010	0.0000	-0.0464	1.0335	0.0001	7.4537	10.0074	0.0000	0.0000	0.0000	0.0000	0.0000	0.0000	0.0000	0.0000	0.0000	0.0893	0.0892	0.0001	0.0892	0.0892	0.0000	0.0001	0.0000	0.0001	0.0375	0.0355	0.0020	0.0189	0.0187	0.0002	0.0186	0.0167	0.0018	0.2246	0.1172	0.1074	0.0204	0.0192	0.0012	0.2043	0.0980	0.1062	0.0000	0.0000	0.0000	0.0000	0.0000	0.0000	0.0000	0.0000	0.0000	0.3976	0.7610	0.0008	4.3807	4.6483	0.0105	0.0004	0.0000	0.0007	
25	78	0.0602	3	1	1	1	0	0	0	0	0	N	N	N	N	N	N	N	N	N	N	N	N	34.4732	18133.8721	0.2594	48.6352	9961.0439	0.0096	1.1190	inf	0.3423	0.0429	0.0481	0.0007	0.1648	0.1770	0.0007	0.0012	0.0012	0.0008	0.0012	0.0000	0.0029	0.0034	0.0000	0.0725	0.0010	0.0000	0.0022	0.0019	827.2022	-0.0003	0.0000	1.0335	1.6246	7.4537	0.0115	0.0030	0.0030	0.0000	0.0029	0.0029	0.0000	0.0001	0.0001	0.0000	0.0001	0.0000	0.0001	0.0000	0.0000	0.0000	0.0001	0.0000	0.0001	0.0691	0.0616	0.0075	0.0176	0.0164	0.0012	0.0515	0.0452	0.0063	0.0615	0.0349	0.0266	0.0055	0.0052	0.0003	0.0560	0.0297	0.0264	34.4732	18133.8721	0.2594	48.6352	9961.0439	0.0096	1.1190	inf	0.3423	0.0012	0.0000	0.0029	0.0034	0.0000	0.0725	0.0010	0.0000	0.0022
25	79	0.0401	2	1	1	1	0	0	0	0	0	N	N	N	N	N	N	N	N	N	N	N	N	43.1867	238672.5106	5.4875	4.5589	87.3955	3.3517	67.4236	14852610.6331	6.5714	5.2956	5.7200	1.4053	0.0540	0.0129	0.6484	8.9882	10.0038	1.6875	0.1226	0.0000	0.2561	0.0118	0.0001	0.1934	0.1333	0.0000	0.2568	0.0268	9815.3645	-0.0713	0.0155	1.0335	8.1927	7.4537	3.9952	1.0266	0.9998	0.0268	0.0043	0.0010	0.0034	1.0223	0.9989	0.0234	0.0323	0.0000	0.0323	0.0003	0.0000	0.0003	0.0320	0.0000	0.0320	0.1939	0.1748	0.0191	0.0801	0.0749	0.0052	0.1137	0.0998	0.0139	0.2633	0.1373	0.1261	0.0232	0.0218	0.0014	0.2402	0.1155	0.1247	43.1867	238672.5106	5.4875	4.5589	87.3955	3.3517	67.4236	14852610.6331	6.5714	0.1226	0.0000	0.2561	0.0118	0.0001	0.1934	0.1333	0.0000	0.2568
25	80	0.0401	2	0	2	0	1	0	0	0	0	N	Y	N	N	N	N	N	N	N	N	N	N	0.0086	2.2711	0.0000	0.7231	0.6954	0.0000	0.0000	0.0242	0.0260	0.0000	0.0510	0.0525	0.0000	0.0000	0.0000	0.0000	2.7972	0.0115	5.8395	0.0705	0.0754	0.0000	3.0500	0.0000	5.9077	0.0000	466.5133	-0.0001	0.4755	1.0335	0.7962	7.4537	19.0091	0.0013	0.0013	0.0000	0.0013	0.0013	0.0000	0.0000	0.0000	0.0000	0.9974	0.0021	0.9952	0.0021	0.0021	0.0000	0.9952	0.0000	0.9952	0.0530	0.0492	0.0038	0.0251	0.0244	0.0007	0.0278	0.0248	0.0031	0.3565	0.1861	0.1704	0.0302	0.0283	0.0020	0.3263	0.1578	0.1685	0.0086	2.2711	0.0000	0.7231	0.6954	0.0000	0.0000	0.0000	0.0000	2.7972	0.0115	5.8395	0.0705	0.0754	0.0000	3.0500	0.0000	5.9077		
25	81	0.0401	2	0	2	0	0	0	0	0	0	N	Y	N	N	N	N	N	N	N	N	N	N	1.8222	1.0286	0.3234	0.3102	0.0242	0.0260	0.0000	0.0510	0.0525	0.0000	0.0000	0.0000	0.0000	0.0133	0.0253	0.0000	0.1577	0.1691	0.0000	0.0000	0.0000	0.0000	0.0000	0.0000	-0.0001	-0.0030	1.0335	0.7962	7.4537	25.3140	0.0013	0.0013	0.0000	0.0013	0.0013	0.0000	0.0000	0.0000	0.0000	0.0058	0.0058	0.0000	0.0058	0.0058	0.0000	0.0000	0.0000	0.0000	0.0530	0.0492	0.0038	0.0251	0.0244	0.0007	0.0278	0.0248	0.0031	0.4395	0.2305	0.2090	0.0370	0.0345	0.0025	0.4025	0.1960	0.2065	1.8222	1.0286	0.0000	0.3234	0.3102	0.0000	0.0000	0.0000	0.0000	0.0133	0.0253	0.0000	0.1577	0.1691	0.0000	0.0000	0.0000	0.0000					
25	82	0.0401	2	0	2	0	0	0	0	0	0	N	Y	N	N	N	N	N	N	N	N	N	N	0.0077	0.0044	0.0171	0.0166	0.0000	0.0000	0.0178	0.0194	0.0000	0.0392	0.0409	0.0000	0.0000	0.0000	0.0000	2.3063	4.3871	0.0000	2.2922	2.4603	0.0000	2.3076	4.7253	0.0000	0.0000	0.0000	-0.0001	-0.5671	1.0335	1.7961	7.4537	27.0091	0.0013	0.0013	0.0000	0.0013	0.0013	0.0000	0.0000	0.0000	0.0000	1.0883	1.0883	0.0000	0.0911	0.0911	0.0000	0.9972	0.9972	0.0000	0.0719	0.0660	0.0059	0.0326	0.0313	0.0013	0.0392	0.0347	0.0045	0.4719	0.2481	0.2238	0.0398	0.0370	0.0027	0.4321	0.2110	0.2211	0.0077	0.0044	0.0000	0.0171	0.0166	0.0000	0.0000	0.0000	0.0000	2.3063	4.3871	0.0000	2.2922	2.4603	0.0000	2.3076	4.7253	0.0000			
25	83	0.1504	5	0	1	0	0	0	0	0	0	N	N	N	N	N	N	N	N	N	N	N	N	0.0052	0.0039	0.0000	0.0049	0.0046	0.0000	0.0038	0.0282	0.0000	0.0007	0.0008	0.0000	0.0014	0.0015	0.0000	0.0000	0.0000	0.0000	0.1341	0.1955	0.0020	0.2803	0.3235	0.0005	0.0012	0.0002	0.0024	0.0000	0.0048	-0.0000	-0.0492	1.0335	10.0679	7.4537	33.8159	0.0001	0.0001	0.0000	0.0001	0.0001	0.0000	0.0000	0.0000	0.0000	0.0954	0.0949	0.0005	0.0949	0.0949	0.0000	0.0005	0.0000	0.0004	0.1737	0.1568	0.0170	0.0866	0.0809	0.0058	0.0871	0.0759	0.0112	0.7114	0.4857	0.2257	0.3386	0.2933	0.0453	0.3728	0.1923	0.1804	0.0052	0.0039	0.0000	0.0049	0.0046	0.0000	0.0038	0.0282	0.0000	0.1341	0.1955	0.0020	0.2803	0.3235	0.0005	0.0012	0.0002	0.0024
25	84	0.1228	4	0	1	0	0	0	0	0	0	N	N	N	N	N	N	N	N	N	N	N	N	0.0287	0.0402	0.0006	0.0227	0.0216	0.0333	0.0359	0.9572	0.0007	0.0104	0.0115	0.0003	0.0087	0.0093	0.0001	0.0121	0.0141	0.0004	0.3614	0.2859	0.5237	0.3850	0.4309	0.0027	0.3379	0.0147	0.6290	0.0031	0.8518	-0.0000	-0.0119	1.0335	0.9441	7.4537	14.0836	0.0002	0.0002	0.0000	0.0001	0.0001	0.0000	0.0001	0.0001	0.0000	0.1947	0.1052	0.0896	0.1034	0.1033	0.0001	0.0914	0.0019	0.0895	0.0203	0.0183	0.0021	0.0106	0.0099	0.0007	0.0098	0.0084	0.0014	0.5389	0.3678	0.1711	0.2684	0.2397	0.0288	0.2704	0.1282	0.1423	0.0287	0.0402	0.0006	0.0227	0.0216	0.0333	0.0359	0.9572	0.0007	0.3614	0.2859	0.5237	0.3850	0.4309	0.0027	0.3379	0.0147	0.6290
25	85	0.4050	7	0	1	0	0	0	0	0	0	N	N	N	N	N	N	N	N	N	N	N	N	0.0081	1.6507	0.0000	0.9252	1.3598	0.0000	0.0017	201.6052	0.0000	0.0089	0.0098	0.0000	0.0121	0.0129	0.0000	0.0037	0.0043	0.0000	1.1050	0.0059	3.7930	0.0131	0.0095	0.0378	2.2176	0.0000	4.8517	0.0000	262.1292	-0.0003	0.3218	1.0335	15.0008	7.4537	28.2980	0.0027	0.0027	0.0000	0.0023	0.0023	0.0000	0.0004	0.0004	0.0000	0.6774	0.0026	0.6748	0.0040	0.0026	0.0015	0.6733	0.0000	0.6733	0.3083	0.2815	0.0268	0.1908	0.1785	0.0122	0.1176	0.1030	0.0146	0.6130	0.4351	0.1779	0.3094	0.2702	0.0391	0.3036	0.1648	0.1388	0.0081	1.6507	0.0000	0.9252	1.3598	0.0000	0.0017	201.6052	0.0000	1.1050	0.0059	3.7930	0.0131	0.0095	0.0378	2.2176	0.0000	4.8517
25	86	0.4050	7	0	1	0	0	0	0	0	0	N	N	N	N	N	N	N	N	N	N	N	N	0.0208	0.0163	0.0000	0.0140	0.0131	0.0000	3.2706	304.2172	0.0000	0.0121	0.0133	0.0000	0.0152	0.0163	0.0000	0.0061	0.0070	0.0000	0.5835	0.8141	0.0086	1.0902	1.2422	0.0241	0.0019	0.0000	0.0039	0.0000	0.0042	-0.0002	-0.1695	1.0335	10.8154	7.4537	27.4443	0.0024	0.0024	0.0000	0.0020	0.0020	0.0000	0.0004	0.0004	0.0000	0.3279	0.3265	0.0014	0.3274	0.3265	0.0009	0.0005	0.0000	0.0005	0.1956	0.1785	0.0172	0.1294	0.1211	0.0083	0.0663	0.0574	0.0089	0.5619	0.4010	0.1609	0.3003	0.2628	0.0375	0.2616	0.1382	0.1234	0.0208	0.0163	0.0000	0.0140	0.0131	0.0000	3.2706	304.2172	0.0000	0.5835	0.8141	0.0086	1.0902	1.2422	0.0241	0.0019	0.0000	0.0039
25	87	0.3572	6	0	1	0	0	0	0	0	0	N	N	N	N	N	N	N	N	N	N	N	N	0.0835	0.1324	0.0043	0.0832	0.0778	0.0510	0.0909	11.6649	0.0047	0.0371	0.0405	0.0034	0.0311	0.0329	0.0015	0.0495	0.0574	0.0049	0.4447	0.3058	0.7786	0.3731	0.4234	0.0290	0.5443	0.0049	1.0312	0.0082	1.0601	-0.0004	-0.0029	1.0335	2.7608	7.4537	22.4044	0.0042	0.0041	0.0000	0.0023	0.0023	0.0000	0.0018	0.0018	0.0000	0.4408	0.2140	0.2268	0.2151	0.2130	0.0021	0.2256	0.0010	0.2247	0.1119	0.1018	0.0101	0.0750	0.0705	0.0045	0.0369	0.0313	0.0056	0.9910	0.6997	0.2913	0.5765	0.5031	0.0734	0.4146	0.1967	0.2179	0.0835	0.1324	0.0043	0.0832	0.0778	0.0510	0.0909	11.6649	0.0047	0.4447	0.3058	0.7786	0.3731	0.4234	0.0290	0.5443	0.0049	1.0312
25	88	0.2274	5	0	1	0	0	0	0	0	0	N	N	N	N	N	N	N	N	N	N	N	N	0.0069	0.0099	0.0006	0.0040	0.0057	0.0001	0.0092	0.0125	0.0009	0.0167	0.0183	0.0022	0.0082	0.0087	0.0007	0.0263	0.0300	0.0030	2.4373	1.8532	3.7895	2.0279	1.5336	8.3005	2.8532	2.3935	3.3576	0.0129	0.8832	-0.0002	-0.1151	1.0335	8.8820	7.4537	49.9570	0.0028	0.0028	0.0000	0.0007	0.0007	0.0000	0.0021	0.0021	0.0000	2.2093	1.1731	1.0362	0.9263	0.6100	0.3163	1.2830	0.5631	0.7198	0.1689	0.1524	0.0164	0.0893	0.0836	0.0058	0.0795	0.0689	0.0107	0.9065	0.6330	0.2734	0.4568	0.3978	0.0590	0.4497	0.2353	0.2144	0.0069	0.0099	0.0006	0.0040	0.0057	0.0001	0.0092	0.0125	0.0009	2.4373	1.8532	3.7895	2.0279	1.5336	5.3576	2.8532	2.3935	3.3576
25	89	0.0401	2	1	2	0	1	0	0	0	0	N	Y	N	N	N	N	N	N	N	N	N	N	0.0313	0.0181	0.0000	0.7748	0.7579	0.0000	0.0000	0.0000	0.0000	0.0242	0.0260	0.0000	0.0510	0.0525	0.0000	0.0000	0.0000	0.0000	0.7732	1.4372	0.0497	0.0658	0.0692	0.0162	0.8394	1.6852	0.0501	0.0000	0.0317	-0.0001	-0.1239	1.0335	0.7962	7.4537	16.9291	0.0013	0.0013	0.0000	0.0013	0.0013	0.0000	0.0000	0.0000	0.0000	0.2527	0.2449	0.0078	0.0018	0.0018	0.0000	0.2508	0.2431	0.0077	0.0530	0.0492	0.0038	0.0251	0.0244	0.0007	0.0278	0.0248	0.0031	0.3267	0.1704	0.1564	0.0279	0.0262	0.0018	0.2988	0.1442	0.1546	0.0313	0.0181	0.0000	0.7748	0.7579	0.0000	0.0000	0.0000	0.0000	0.7732	1.4372	0.0497	0.0658	0.0692	0.0162	0.8394	1.6852	0.0501
25	90	0.1121	7	0	2	0	1	0	0	0	0	N	Y	N	N	N	N	N	N	N	N	N	N	0.0000	0.0000	0.0000	0.0000	0.0000	0.0000	0.0000	0.0000	0.0000	0.0000	0.0000	0.0000	0.0000	0.0000	0.0000	0.0000	0.0000	0.0000	0.0000	0.0000	1.0335	0.0000	7.4537	0.0000	0.0000	0.0000	0.0000	0.0000	0.0000	0.0000	0.0000	0.0000	0.0000	0.0000	0.0000	0.0000	0.0000	0.0000	0.0000	0.0000	0.0000	0.0000	0.0000	0.0000	0.0000	0.0000	0.0000	0.0000	0.0000	0.0000	0.0000	0.0000	0.0000	0.0000	0.0000	0.0000	0.0000	0.0000	0.0000	0.0000	0.0000	0.0000	0.0000	0.0000	0.0000	0.0000	0.0000	0.0000	0.0000	0.0000	0.0000	0.0000	0.0000	0.0000	0.0000	0.0000	0.0000	0.0000											
25	91	0.1014	6	0	2	0	1	0	0	0	0	N	Y	N	N	N	N	N	N	N	N	N	N	0.0000	0.0000	0.0000	0.0000	0.0000	0.0000	0.0000	0.0000	0.0000	0.0000	0.0000	0.0000	0.0000	0.0000	0.0000	0.0000	0.0000	0.0000	0.0000	0.0000	1.0335	1.0000	7.4537	3.0000	0.0000	0.0000	0.0000	0.0000	0.0000	0.0000	0.0000	0.0000	0.0000	0.0000	0.0000	0.0000	0.0000	0.0000	0.0000	0.0000	0.0000	0.0000	0.0186	0.0162	0.0024	0.0023	0.0022	0.0001	0.0162	0.0140	0.0023	0.1164	0.0632	0.0531	0.0151	0.0128	0.0023	0.1013	0.0505	0.0508	0.0000	0.0000	0.0000	0.0000	0.0000	0.0000	0.0000	0.0000	0.0000	0.0000	0.0000	0.0000	0.0000	0.0000	0.0000	0.0000	0.0000	0.0000											
25	92	0.0948	4	0	2	0	0	0	0	0	0	N	Y	N	N	N	N	N	N	N	N	N	N	0.0000	0.0000	0.0000	0.0000	0.0000	0.0000	0.0000	0.0000	0.0000	0.0000	0.0000	0.0000	0.0000	0.0000	0.0000	0.0000	0.0000	0.0000	0.0000	0.0000	1.0335	0.0000	7.4537	0.0000	0.0000	0.0000	0.0000	0.0000	0.0000	0.0000	0.0000	0.0000	0.0000	0.0000	0.0000	0.0000	0.0000	0.0000	0.0000	0.0000	0.0000	0.0000	0.0000	0.0000	0.0000	0.0000	0.0000	0.0000	0.0000	0.0000	0.0000	0.0000	0.0000	0.0000	0.0000	0.0000	0.0000	0.0000	0.0000	0.0000	0.0000	0.0000	0.0000	0.0000	0.0000	0.0000	0.0000	0.0000	0.0000	0.0000	0.0000	0.0000	0.0000	0.0000	0.0000	0.0000	0.0000	0.0000											
25	93	0.1014	6	0	1	1	1	0	0	0	0	N	N	N	N	N	N	N	N	N	N	N	N	0.0000	0.0000	0.0000	0.0000	0.0000	0.0000	0.0000	0.0000	0.0000	0.0000	0.0000	0.0000	0.0000	0.0000	0.0000	0.0000	0.0000	0.0000	0.0000	0.0000	1.0335	0.0000	7.4537	0.0000	0.0000	0.0000	0.0000	0.0000	0.0000	0.0000	0.0000	0.0000	0.0000	0.0000	0.0000	0.0000	0.0000	0.0000	0.0000	0.0000	0.0000	0.0000	0.0000	0.0000	0.0000	0.0000	0.0000	0.0000	0.0000	0.0000	0.0000	0.0000	0.0000	0.0000	0.0000	0.0000	0.0000	0.0000	0.0000	0.0000	0.0000	0.0000	0.0000	0.0000	0.0000	0.0000	0.0000	0.0000	0.0000	0.0000	0.0000	0.0000	0.0000	0.0000	0.0000	0.0000	0.0000	0.0000											
25	94	0.0987	5	0	1	0	1	0	0	0	0	N	N	N	N	N	N	N	N	N	N	N	N	0.0000	0.0000	0.0000	0.0000	0.0000	0.0000	0.0000	0.0000	0.0000	0.0000	0.0000	0.0000	0.0000	0.0000	0.0000	0.0174	0.0314	0.0000	0.0000	0.0000	0.0000	0.0209	0.0419	0.0000	0.0000	0.0000	-0.0003	1.0335	1.0000	7.4537	0.0097	0.0000	0.0000	0.0000	0.0000	0.0000	0.0000	0.0000	0.0000	0.0000	0.0006	0.0006	0.0000	0.0000	0.0000	0.0000	0.0006	0.0006	0.0000	0.0186	0.0162	0.0024	0.0023	0.0022	0.0001	0.0162	0.0140	0.0023	0.0331	0.0183	0.0148	0.0056	0.0046	0.0010	0.0275	0.0137	0.0138	0.0000	0.0000	0.0000	0.0000	0.0000	0.0000	0.0000	0.0000	0.0000	0.0174	0.0314	0.0000	0.0000	0.0000	0.0000	0.0209	0.0419	0.0000				
25	95	0.0987	5	0	1	1	1	0	0	0	0	N	N	N	N	N	N	N	N	N	N	N	N	0.0000	0.0000	0.0000	0.0000	0.0000	0.0000	0.0000	0.0000	0.0000	0.0000	0.0000	0.0000	0.0000	0.0000	0.0000	1.6643	3.0482	0.0000	12.0160	14.3676	0.0000	0.0002	0.0003	0.0000	0.0000	0.0000	-0.1264	1.0335	2.0000	7.4537	3.0050	0.0000	0.0000	0.0000	0.0000	0.0000	0.0000	0.0000	0.0000	0.0000	0.2425	0.2425	0.0000	0.2425	0.2425	0.0000	0.0000	0.0000	0.0000	0.0366	0.0319	0.0047	0.0046	0.0043	0.0002	0.0320	0.0275	0.0045	0.1457	0.0796	0.0662	0.0202	0.0169	0.0033	0.1255	0.0627	0.0629	0.0000	0.0000	0.0000	0.0000	0.0000	0.0000	0.0000	0.0000	0.0000	1.6643	3.0482	0.0000	12.0160	14.3676	0.0000	0.0002	0.0003	0.0000				
25	96	0.0987	5	0	1	1	1	0	0	0	0	N	N	N	N	N	N	N	N	N	N	N	N	0.0000	0.0000	0.0000	0.0000	0.0000	0.0000	0.0000	0.0000	0.0000	0.0000	0.0000	0.0000	0.0000	0.0000	0.0000	1.2321	2.2562	0.0000	9.0430	10.8009	0.0000	0.0001	0.0002	0.0000	0.0000	0.0000	-0.1264	1.0335	0.0000	7.4537	6.9903	0.0000	0.0000	0.0000	0.0000	0.0000	0.0000	0.0000	0.0000	0.0000	0.2425	0.2425	0.0000	0.2425	0.2425	0.0000	0.0000	0.0000	0.0000	0.0000	0.0000	0.0000	0.0000	0.0000	0.0000	0.0000	0.0000	0.0000	0.1969	0.1075	0.0894	0.0268	0.0225	0.0044	0.1700	0.0850	0.0850	0.0000	0.0000	0.0000	0.0000	0.0000	0.0000	0.0000	0.0000	0.0000	1.2321	2.2562	0.0000	9.0430	10.8009	0.0000	0.0001	0.0002	0.0000				
25	97	0.0932	4	0	1	0	1	0	0	0	0	N	N	N	N	N	N	N	N	N	N	N	N	0.0000	0.0000	0.0000	0.0000	0.0000	0.0000	0.0000	0.0000	0.0000	0.0000	0.0000	0.0000	0.0000	0.0000	0.0000	0.0000	0.0000	0.0000	0.0111	0.0194	0.0002	0.0509	0.0583	0.0016	0.0039	0.0074	0.0001	0.0078	0.0000	-0.0004	1.0335	0.9999	7.4537	1.0605	0.0000	0.0000	0.0000	0.0000	0.0000	0.0000	0.0000	0.0000	0.0000	0.0008	0.0008	0.0000	0.0006	0.0006	0.0000	0.0002	0.0002	0.0000	0.0249	0.0215	0.0033	0.0026	0.0025	0.0001	0.0222	0.0190	0.0032	0.0734	0.0418	0.0316	0.0113	0.0098	0.0015	0.0621	0.0319	0.0301	0.0000	0.0000	0.0000	0.0000	0.0000	0.0000	0.0000	0.0000	0.0000	0.0111	0.0194	0.0002	0.0509	0.0583	0.0016	0.0039	0.0074	0.0001	
25	98	0.0910	3	0	1	0	1	0	0	0	0	N	N	N	N	N	N	N	N	N	N	N	N	20.7584	13.5821	95.3785	3.0552	2.2969	51.4351	44.2237	30.0793	115.1483	0.3003	0.3105	0.2557	0.1175	0.0951	0.8785	0.4087	0.4822	0.2178	0.0145	0.0229	0.0027	0.0384	0.0414	0.0171	0.0092	0.0160	0.0019	0.1871	0.0835	0.0000	-0.0003	1.0335	0.0012	7.4537	1.0414	0.0000	0.0000	0.0000	0.0000	0.0000	0.0000	0.0000	0.0000	0.0000	0.0006	0.0005	0.0000	0.0003	0.0003	0.0000	0.0003	0.0003	0.0000	0.0001	0.0001	0.0000	0.0000	0.0000	0.0000	0.0001	0.0000	0.0000	0.0405	0.0236	0.0168	0.0072	0.0064	0.0009	0.0332	0.0173	0.0160	20.7584	13.5821	95.3785	3.0552	2.2969	51.4351	44.2237	30.0793	115.1483	0.0145	0.0229	0.0027	0.0384	0.0414	0.0171	0.0092	0.0160	0.0019
25	99	0.0401	2	1	2	0	0	0	0	0	0	N	Y	N	N	N	N	N	N	N	N	N	N	321.9466	7470.6098	7.5748	3.5769	2.0252	12.5303	535.8415	inf	8.0817	9.6837	10.6036	0.4641	0.0364	0.0182	0.3642	17.1435	19.4144	0.4981	0.0301	0.0014	0.0613	0.0102	0.0090	0.0291	0.0320	0.0000	0.0616	0.0044	39.6588	-0.0921	0.0036	1.0335	3.2042	7.4537	9.0918	1.0099	1.0055	0.0044	0.0017	0.0008	0.0009	1.0082	1.0047	0.0035	0.0080	0.0002	0.0078	0.0002	0.0002	0.0000	0.0078	0.0000	0.0078	0.1043	0.0948	0.0095	0.0455	0.0431	0.0024	0.0588	0.0517	0.0071	0.2665	0.1389	0.1276	0.0234	0.0220	0.0014	0.2431	0.1169	0.1262	321.9466	7470.6098	7.5748	3.5769	2.0252	12.5303	535.8415	inf	8.0817	0.0301	0.0014	0.0613	0.0102	0.0090	0.0291	0.0320	0.0000	0.0616
25	100	0.0401	2	0	2	0	0	0	0	0	0	N	Y	N	N	N	N	N	N	N	N	N	N	0.5205	1.4015	0.0000	0.4656	0.4586	0.0000	0.0000	0.0000	0.0242	0.0260	0.0000	0.0510	0.0525	0.0000	0.0000	0.0000	0.0000	0.0465	0.0186	0.0769	0.1095	0.1144	0.0317	0.0402	0.0000	0.0774	0.0000	3.7951	-0.0001	0.0029	1.0335	0.7962	7.4537	10.9291	0.0013	0.0013	0.0000	0.0013	0.0013	0.0000	0.0000	0.0000	0.0000	0.0108	0.0023	0.0086	0.0023	0.0023	0.0000	0.0085	0.0000	0.0085	0.0530	0.0492	0.0038	0.0251	0.0244	0.0007	0.0278	0.0248	0.0031	0.2332	0.1217	0.1116	0.0210	0.0198	0.0012	0.2122	0.1019	0.1103	0.5205	1.4015	0.0000	0.4656	0.4586	0.0000	0.0000	0.0000	0.0000	0.0465	0.0186	0.0769	0.1095	0.1144	0.0317	0.0402	0.0000	0.0774	
25	101	0.0979	5	1	2	0	0	0	0	0	0	N	Y	N	N	N	N	N	N	N	N	N	N	0.0000	0.0000	0.0000	0.0000	0.0000	0.0000	0.0000	0.0000	0.0000	0.0000	0.0000	0.0000	0.0000	0.0000	0.0000	0.0000	0.0000	0.0000	0.0000	0.0000	1.0335	0.0000	7.4537	3.0000	0.0000	0.0000	0.0000	0.0000	0.0000	0.0000	0.0000	0.0000	0.0000	0.0000	0.0000	0.0000	0.0000	0.0000	0.0000	0.0000	0.0000	0.0000	0.0000	0.0000	0.0000	0.0000	0.0000	0.0000	0.0000	0.0000	0.0000	0.0977	0.0542	0.0435	0.0127	0.0109	0.0018	0.0849	0.0433	0.0417	0.0000	0.0000	0.0000	0.0000	0.0000	0.0000	0.0000	0.0000	0.0000	0.0000	0.0000	0.0000	0.0000	0.0000	0.0000	0.0000	0.0000	0.0000											
25	102	0.0948	4	1	2	0	0	0	0	0	0	N	Y	N	N	N	N	N	N	N	N	N	N	0.0000	0.0000	0.0000	0.0000	0.0000	0.0000	0.0000	0.0000	0.0000	0.0000	0.0000	0.0000	0.0000	0.0000	0.0000	0.0000	0.0000	0.0000	0.0000	0.0000	1.0335	0.0000	7.4537	1.0000	0.0000	0.0000	0.0000	0.0000	0.0000	0.0000	0.0000	0.0000	0.0000	0.0000	0.0000	0.0000	0.0000	0.0000	0.0000	0.0000	0.0000	0.0000	0.0000	0.0000	0.0000	0.0000	0.0000	0.0000	0.0000	0.0000	0.0000	0.0341	0.0189	0.0152	0.0044	0.0038	0.0006	0.0297	0.0151	0.0146	0.0000	0.0000	0.0000	0.0000	0.0000	0.0000	0.0000	0.0000	0.0000	0.0000	0.0000	0.0000	0.0000	0.0000	0.0000	0.0000	0.0000	0.0000											
25	103	0.0910	3	0	2	0	0	0	0	0	0	N	Y	N	N	N	N	N	N	N	N	N	N	7.2714	0.0000	111.5019	12.6230	0.0000	56.4264	8.8094	0.0000	135.3407	0.0574	0.0000	0.2931	0.0264	0.0000	0.9499	0.0806	0.0000	0.2505	0.0079	0.0116	0.0026	0.0021	0.0001	0.0168	0.0091	0.0159	0.0019	inf	0.1610	0.0000	-0.0001	1.0335	0.0006	7.4537	1.0534	0.0000	0.0000	0.0000	0.0000	0.0000	0.0000	0.0000	0.0000	0.0000	0.0003	0.0003	0.0000	0.0000	0.0000	0.0000	0.0003	0.0003	0.0000	0.0001	0.0001	0.0000	0.0000	0.0000	0.0000	0.0000	0.0000	0.0000	0.0408	0.0238	0.0170	0.0073	0.0064	0.0009	0.0336	0.0174	0.0161	7.2714	0.0000	111.5019	12.6230	0.0000	56.4264	8.8094	0.0000	135.3407	0.0079	0.0116	0.0026	0.0021	0.0001	0.0168	0.0091	0.0159	0.0019
25	104	0.0401	2	0	1	0	0	0	0	0	0	N	N	N	N	N	N	N	N	N	N	N	N	0.2239	0.0002	35.0880	14.4093	0.0006	39.0684	0.3027	0.0004	41.1849	0.1617	0.0003	1.6513	0.0536	0.0000	0.8444	0.2387	0.0006	1.9505	0.7219	1.3403	0.0471	0.0037	0.0025	0.0216	0.7886	1.5808	0.0474	564.3531	0.0322	0.0259	-0.1228	1.0335	7.2034	7.4537	9.9858	0.0286	0.0001	0.0286	0.0040	0.0000	0.0040	0.0247	0.0001	0.0246	0.2507	0.2429	0.0078	0.0001	0.0001	0.0000	0.2506	0.2428	0.0078	0.1772	0.1599	0.0173	0.0738	0.0691	0.0047	0.1034	0.0908	0.0126	0.3473	0.1812	0.1661	0.0295	0.0276	0.0019	0.3177	0.1536	0.1641	0.2239	0.0002	35.0880	14.4093	0.0006	39.0684	0.3027	0.0004	41.1849	0.7219	1.3403	0.0471	0.0037	0.0025	0.0216	0.7886	1.5808	0.0474
25	109	0.3098	6	0	1	0	0	0	0	0	0	N	N	N	N	N	N	N	N	N	N	N	N	0.0029	0.0412	0.0000	0.0037	0.0529	0.0000	0.0001	0.0045	0.0000	0.0030	0.0033	0.0000	0.0057	0.0061	0.0000	0.0000	0.0000	0.0000	1.0597	0.0812	3.4599	1.5211	0.1154	13.9785	0.4460	0.0064	0.9200	0.0000	17.3692	-0.0000	0.3265	1.0335	7.7801	7.4537	32.2209	0.0004	0.0004	0.0000	0.0004	0.0004	0.0000	0.0000	0.0000	0.0000	0.7691	0.0419	0.7273	0.6302	0.0408	0.5894	0.1389	0.0010	0.1379	0.1428	0.1289	0.0139	0.0754	0.0704	0.0050	0.0673	0.0585	0.0089	0.7258	0.5156	0.2102	0.4143	0.3540	0.0603	0.3115	0.1616	0.1499	0.0029	0.0412	0.0000	0.0037	0.0529	0.0000	0.0001	0.0045	0.0000	1.0597	0.0812	3.4599	1.5211	0.1154	9.7723	0.4460	0.0064	0.9200
26	27	0.1322	2	0	2	1	1	0	0	0	0	N	Y	N	N	N	N	N	N	N	N	N	N	7149.0330	4857.5827	5201.5279	11206.4705	10624.1826	2435.8459	8.6288	0.0000	4978.5744	3.1550	3.4747	0.0743	7.3963	7.9170	0.1923	0.0025	0.0000	0.0223	0.0004	0.0007	0.0000	0.0007	0.0007	0.0001	0.0003	0.0007	0.0000	0.0022	0.0128	-0.0926	-0.0001	7.2039	1.9923	4.9911	5.5017	0.9922	0.9900	0.0022	0.9917	0.9900	0.0017	0.0005	0.0000	0.0005	0.0001	0.0001	0.0000	0.0001	0.0001	0.0000	0.0000	0.0000	0.0000	0.3145	0.2849	0.0296	0.1341	0.1250	0.0090	0.1804	0.1599	0.0205	0.2295	0.1398	0.0897	0.0923	0.0805	0.0118	0.1372	0.0593	0.0779	7149.0330	4857.5827	5201.5279	11206.4705	10624.1826	2435.8459	8.6288	0.0000	4978.5744	0.0004	0.0007	0.0000	0.0007	0.0007	0.0001	0.0003	0.0007	0.0000
26	29	0.0995	4	1	2	0	0	0	0	0	0	N	Y	N	N	N	N	N	N	N	N	N	N	0.0000	0.0000	0.0000	0.0000	0.0000	0.0000	0.0000	0.0000	0.0000	0.0000	0.0000	0.0000	0.0000	0.0000	0.0000	0.0000	0.0000	0.0000	0.0000	0.0000	7.2039	0.0000	4.9911	0.0000	0.0000	0.0000	0.0000	0.0000	0.0000	0.0000	0.0000	0.0000	0.0000	0.0000	0.0000	0.0000	0.0000	0.0000	0.0000	0.0000	0.0000	0.0000	0.0000	0.0000	0.0000	0.0000	0.0000	0.0000	0.0000	0.0000	0.0000	0.0000	0.0000	0.0000	0.0000	0.0000	0.0000	0.0000	0.0000	0.0000	0.0000	0.0000	0.0000	0.0000	0.0000	0.0000	0.0000	0.0000	0.0000	0.0000	0.0000	0.0000	0.0000	0.0000	0.0000	0.0000	0.0000	0.0000											
26	32	0.4666	8	0	1	1	0	0	0	0	0	N	N	N	N	N	N	N	N	N	N	N	N	0.0759	0.0582	0.3033	0.2738	0.0000	0.0000	0.0010	0.0011	0.0000	0.0073	0.0077	0.0000	0.0000	0.0000	0.0000	0.0131	0.0195	0.0000	0.0241	0.0281	0.0000	0.0025	0.0050	0.0000	0.0000	0.0000	-0.0000	-0.0026	7.2039	2.4598	4.9911	7.4321	0.0003	0.0003	0.0000	0.0003	0.0003	0.0000	0.0000	0.0000	0.0000	0.0050	0.0050	0.0000	0.0045	0.0045	0.0000	0.0005	0.0005	0.0000	0.2862	0.2515	0.0347	0.0390	0.0371	0.0019	0.2471	0.2144	0.0328	0.3782	0.2548	0.1234	0.1866	0.1602	0.0264	0.1916	0.0946	0.0970	0.0759	0.0582	0.0000	0.3033	0.2738	0.0000	0.0000	0.0000	0.0000	0.0131	0.0195	0.0000	0.0241	0.0281	0.0000	0.0025	0.0050	0.0000			
26	33	0.4283	7	0	1	0	0	0	0	0	0	N	N	N	N	N	N	N	N	N	N	N	N	0.0761	0.1859	0.0000	0.1276	0.1187	0.0000	0.0551	0.1950	0.0000	0.0010	0.0011	0.0000	0.0007	0.0007	0.0000	0.0010	0.0012	0.0000	0.0131	0.0061	0.0271	0.0054	0.0061	0.0009	0.0188	0.0061	0.0324	0.0000	2.2081	-0.0000	0.0009	7.2039	2.7943	4.9911	8.2643	0.0003	0.0003	0.0000	0.0000	0.0000	0.0000	0.0003	0.0003	0.0000	0.0056	0.0017	0.0038	0.0010	0.0010	0.0000	0.0046	0.0008	0.0038	0.3088	0.2706	0.0382	0.0332	0.0316	0.0016	0.2757	0.2390	0.0367	0.4238	0.2827	0.1412	0.1801	0.1564	0.0236	0.2438	0.1263	0.1175	0.0761	0.1859	0.0000	0.1276	0.1187	0.0000	0.0551	0.1950	0.0000	0.0131	0.0061	0.0271	0.0054	0.0061	0.0009	0.0188	0.0061	0.0324
26	34	0.0972	2	0	2	0	0	0	0	0	0	N	Y	N	N	N	N	N	N	N	N	N	N	15.1689	12.6689	42.7252	38.1993	0.0000	0.0000	0.2579	0.3271	0.0000	0.4607	0.5205	0.0000	0.0000	0.0000	0.0000	0.0170	0.0258	0.0000	0.0108	0.0136	0.0000	0.0252	0.0520	0.0000	0.0000	0.0000	-0.0000	-0.0011	7.2039	0.0009	4.9911	2.4415	0.0002	0.0002	0.0000	0.0002	0.0002	0.0000	0.0000	0.0000	0.0000	0.0021	0.0021	0.0000	0.0008	0.0008	0.0000	0.0014	0.0014	0.0000	0.0008	0.0006	0.0002	0.0004	0.0004	0.0001	0.0003	0.0002	0.0001	0.1259	0.0829	0.0430	0.0715	0.0566	0.0149	0.0544	0.0263	0.0281	15.1689	12.6689	0.0000	42.7252	38.1993	0.0000	0.0000	0.0000	0.0000	0.0170	0.0258	0.0000	0.0108	0.0136	0.0000	0.0252	0.0520	0.0000			
26	36	0.1322	2	0	2	0	0	0	0	0	0	N	Y	N	N	N	N	N	N	N	N	N	N	4417.7896	2.4010	1946598.7103	3823.6534	3.0466	574246.7756	980.3720	0.0000	562672.2709	2.2713	0.0020	32.5613	2.9219	0.0026	53.3852	0.3373	0.0000	2.9509	0.0005	0.0008	0.0000	0.0008	0.0009	0.0001	0.0003	0.0008	0.0000	1223.5862	0.0128	0.0111	-0.0001	7.2039	0.0123	4.9911	6.2120	0.0122	0.0000	0.0122	0.0118	0.0000	0.0118	0.0005	0.0000	0.0005	0.0001	0.0001	0.0000	0.0001	0.0001	0.0000	0.0000	0.0000	0.0000	0.0054	0.0050	0.0004	0.0040	0.0038	0.0002	0.0014	0.0012	0.0002	0.1970	0.1204	0.0766	0.0797	0.0697	0.0100	0.1173	0.0507	0.0665	4417.7896	2.4010	1946598.7103	3823.6534	3.0466	574246.7756	980.3720	0.0000	562672.2709	0.0005	0.0008	0.0000	0.0008	0.0009	0.0001	0.0003	0.0008	0.0000
26	40	0.0972	2	0	1	1	0	0	0	0	0	N	N	N	N	N	N	N	N	N	N	N	N	32.8051	27.5919	83.3282	75.7226	0.0000	0.0000	0.2579	0.3271	0.0000	0.4607	0.5205	0.0000	0.0000	0.0000	0.0000	0.0079	0.0119	0.0000	0.0055	0.0069	0.0000	0.0103	0.0200	0.0000	0.0000	0.0000	-0.0000	-0.0011	7.2039	0.0009	4.9911	7.7842	0.0002	0.0002	0.0000	0.0002	0.0002	0.0000	0.0000	0.0000	0.0000	0.0021	0.0021	0.0000	0.0008	0.0008	0.0000	0.0014	0.0014	0.0000	0.0008	0.0006	0.0002	0.0004	0.0004	0.0001	0.0003	0.0002	0.0001	0.2723	0.1806	0.0917	0.1395	0.1122	0.0273	0.1329	0.0684	0.0644	32.8051	27.5919	0.0000	83.3282	75.7226	0.0000	0.0000	0.0000	0.0000	0.0079	0.0119	0.0000	0.0055	0.0069	0.0000	0.0103	0.0200	0.0000			
26	42	0.1117	2	0	2	0	0	0	0	0	0	N	Y	N	N	N	N	N	N	N	N	N	N	2.0062	1.7861	2.5196	2.9519	0.1137	0.1340	0.0000	0.2760	0.3432	0.0000	0.0000	0.0000	0.0000	0.0567	0.0750	0.0000	0.1095	0.1163	0.0000	0.0000	0.0000	0.0000	0.0000	0.0000	-0.0000	-0.0000	7.2039	0.0003	4.9911	0.0002	0.0000	0.0000	0.0000	0.0000	0.0000	0.0000	0.0000	0.0000	0.0000	0.0000	0.0000	0.0000	0.0000	0.0000	0.0000	0.0000	0.0000	0.0000	0.0001	0.0000	0.0000	0.0000	0.0000	0.0000	0.0000	0.0000	0.0000	0.0001	0.0001	0.0000	0.0001	0.0001	0.0000	0.0001	0.0000	0.0000	2.0062	1.7861	0.0000	2.5196	2.9519	0.0000	0.0000	0.0000	0.0000	0.0567	0.0750	0.0000	0.1095	0.1163	0.0000	0.0000	0.0000	0.0000					
26	43	0.0677	2	1	2	1	0	0	0	0	0	N	Y	N	N	N	N	N	N	N	N	N	N	0.0000	0.0000	0.0000	0.0000	0.0000	0.0000	0.0000	0.0000	0.0000	0.0000	0.0000	0.0000	0.0000	0.0000	0.0000	0.0000	0.0000	0.0000	0.0000	0.0000	7.2039	0.0000	4.9911	2.0000	0.0000	0.0000	0.0000	0.0000	0.0000	0.0000	0.0000	0.0000	0.0000	0.0000	0.0000	0.0000	0.0000	0.0000	0.0000	0.0000	0.0000	0.0000	0.0000	0.0000	0.0000	0.0000	0.0000	0.0000	0.0000	0.0000	0.0000	0.0643	0.0377	0.0265	0.0131	0.0101	0.0030	0.0512	0.0276	0.0235	0.0000	0.0000	0.0000	0.0000	0.0000	0.0000	0.0000	0.0000	0.0000	0.0000	0.0000	0.0000	0.0000	0.0000	0.0000	0.0000	0.0000	0.0000											
26	44	0.0677	2	1	2	1	0	0	0	0	0	N	Y	N	N	N	N	N	N	N	N	N	N	0.0000	0.0000	0.0000	0.0000	0.0000	0.0000	0.0000	0.0000	0.0000	0.0000	0.0000	0.0000	0.0000	0.0000	0.0000	0.0000	0.0000	0.0000	0.0000	0.0000	7.2039	0.0000	4.9911	0.0000	0.0000	0.0000	0.0000	0.0000	0.0000	0.0000	0.0000	0.0000	0.0000	0.0000	0.0000	0.0000	0.0000	0.0000	0.0000	0.0000	0.0000	0.0000	0.0000	0.0000	0.0000	0.0000	0.0000	0.0000	0.0000	0.0000	0.0000	0.0000	0.0000	0.0000	0.0000	0.0000	0.0000	0.0000	0.0000	0.0000	0.0000	0.0000	0.0000	0.0000	0.0000	0.0000	0.0000	0.0000	0.0000	0.0000	0.0000	0.0000	0.0000	0.0000	0.0000	0.0000	0.0000	0.0000											
26	48	0.1202	2	0	1	0	1	0	0	0	0	N	N	N	N	N	N	N	N	N	N	N	N	0.0086	12.1283	0.0000	47.1348	60.0821	0.0000	0.0000	0.0000	0.0000	0.0842	0.0997	0.0000	0.3140	0.3505	0.0000	0.0000	0.0000	0.0000	9.7345	0.0082	29.7783	0.0067	0.0058	0.0107	19.0476	0.0118	39.9385	0.0000	1758.2340	-0.0000	0.4708	7.2039	0.0037	4.9911	3.0208	0.0001	0.0001	0.0000	0.0001	0.0001	0.0000	0.0000	0.0000	0.0000	0.9841	0.0006	0.9836	0.0003	0.0002	0.0001	0.9838	0.0003	0.9835	0.0006	0.0005	0.0001	0.0002	0.0001	0.0000	0.0004	0.0004	0.0001	0.1011	0.0681	0.0330	0.0494	0.0410	0.0084	0.0516	0.0270	0.0246	0.0086	12.1283	0.0000	47.1348	60.0821	0.0000	0.0000	0.0000	0.0000	9.7345	0.0082	29.7783	0.0067	0.0058	0.0107	19.0476	0.0118	39.9385
26	50	0.0766	2	0	2	1	0	0	0	0	0	N	Y	N	N	N	N	N	N	N	N	N	N	56.3408	2269.4832	5.4949	556.0491	1602.7327	15.6928	5.2939	inf	6.6734	1.2466	1.3678	0.2830	1.9344	2.1443	0.2172	0.1623	0.1336	0.3803	0.0221	0.0006	0.0515	0.0035	0.0013	0.0138	0.0306	0.0000	0.0570	0.0260	62.6087	-0.0313	0.0008	7.2039	1.4428	4.9911	0.4686	0.4454	0.4341	0.0113	0.4229	0.4177	0.0052	0.0225	0.0164	0.0061	0.0018	0.0000	0.0018	0.0001	0.0000	0.0001	0.0017	0.0000	0.0017	0.3573	0.3173	0.0399	0.2186	0.1948	0.0238	0.1387	0.1226	0.0161	0.0828	0.0478	0.0350	0.0260	0.0215	0.0044	0.0568	0.0263	0.0306	56.3408	2269.4832	5.4949	556.0491	1602.7327	15.6928	5.2939	inf	6.6734	0.0221	0.0006	0.0515	0.0035	0.0013	0.0138	0.0306	0.0000	0.0570
26	52	0.0643	2	1	1	1	0	0	0	0	0	N	N	N	N	N	N	N	N	N	N	N	N	0.2474	0.0000	1.1572	2.3900	0.0000	1.5808	0.2412	1.0724	0.0758	0.0000	0.7184	0.0591	0.0000	1.0532	0.0816	0.0000	0.6655	0.3064	0.0007	0.6208	0.0247	0.0037	0.6663	0.3382	0.0000	0.6205	inf	840.6154	0.0090	0.0281	7.2039	0.9976	4.9911	4.7732	0.0099	0.0000	0.0099	0.0020	0.0000	0.0020	0.0079	0.0000	0.0079	0.0589	0.0001	0.0588	0.0005	0.0001	0.0004	0.0584	0.0000	0.0584	0.1310	0.1172	0.0138	0.0336	0.0317	0.0019	0.0974	0.0854	0.0119	0.1923	0.0975	0.0948	0.0195	0.0189	0.0006	0.1728	0.0786	0.0942	0.2474	0.0000	1.1572	2.3900	0.0000	1.5957	0.2412	0.0000	1.0724	0.3064	0.0007	0.6208	0.0247	0.0037	0.6600	0.3382	0.0000	0.6205	
26	55	0.0629	2	0	2	0	0	0	0	0	0	N	Y	N	N	N	N	N	N	N	N	N	N	0.0573	75.2345	0.0000	31.2614	65.5636	0.0000	0.0000	0.0000	0.3342	0.4359	0.0000	0.6262	0.6842	0.0000	0.0000	0.0000	0.0000	5.8304	0.0058	16.3838	0.0200	0.0104	0.0672	10.2220	0.0000	20.5770	0.0000	1560.5935	-0.0001	0.9602	7.2039	0.0041	4.9911	6.2745	0.0014	0.0014	0.0000	0.0014	0.0014	0.0000	0.0000	0.0000	0.0000	2.0075	0.0013	2.0062	0.0030	0.0013	0.0017	2.0045	0.0000	2.0045	0.0043	0.0033	0.0010	0.0023	0.0021	0.0002	0.0020	0.0012	0.0008	0.3443	0.2219	0.1225	0.1482	0.1232	0.0250	0.1961	0.0987	0.0974	0.0573	75.2345	0.0000	31.2614	65.5636	0.0000	0.0000	0.0000	0.0000	5.8304	0.0058	16.3838	0.0200	0.0104	0.0672	10.2220	0.0000	20.5770	
26	56	0.1117	2	0	1	1	0	0	0	0	0	N	N	N	N	N	N	N	N	N	N	N	N	75.1941	inf	0.0000	0.0000	0.0000	43.7583	inf	0.0000	3.9225	4.4378	0.0000	0.0000	0.0000	0.0000	4.2356	4.8271	0.0000	0.0522	0.0000	0.1529	0.0000	0.0000	0.0000	0.0968	0.0000	0.2061	0.0000	inf	-0.6885	0.0148	7.2039	18.9997	4.9911	4.0000	7.2038	7.2038	0.0000	0.0000	0.0000	0.0000	7.2038	7.2038	0.0000	0.0309	0.0000	0.0309	0.0000	0.0000	0.0000	0.0309	0.0000	0.0309	1.8366	1.6233	0.2133	0.1358	0.1309	0.0049	1.7008	1.4924	0.2084	0.5930	0.3907	0.2023	0.2734	0.2213	0.0522	0.3196	0.1695	0.1501	75.1941	inf	0.0000	0.0000	0.0000	0.0000	43.7583	inf	0.0000	0.0522	0.0000	0.1529	0.0000	0.0000	0.0000	0.0968	0.0000	0.2061	
26	58	0.0625	3	1	2	0	0	0	0	0	0	N	Y	N	N	N	N	N	N	N	N	N	N	0.0622	0.0063	8.3982	0.0024	0.0009	3.1813	2.7916	inf	10.1831	0.1632	0.0301	1.3938	0.0613	0.0244	0.6076	0.2366	0.0344	1.6871	2.6230	4.7750	0.1660	26.0352	27.5640	0.1910	0.0847	0.0000	0.1657	5.0165	0.0304	0.0195	-0.3836	7.2039	0.9359	4.9911	8.5945	0.0265	0.0044	0.0221	0.0042	0.0016	0.0026	0.0223	0.0028	0.0195	0.7804	0.7574	0.0231	0.7577	0.7574	0.0003	0.0227	0.0000	0.0227	0.1622	0.1464	0.0158	0.0679	0.0636	0.0043	0.0943	0.0828	0.0115	0.2975	0.1586	0.1389	0.0291	0.0275	0.0016	0.2684	0.1311	0.1373	0.0622	0.0063	8.3982	0.0024	0.0009	3.1813	2.7916	inf	10.1831	2.6230	4.7750	0.1660	26.0352	27.5640	0.1910	0.0847	0.0000	0.1657
26	59	0.0597	2	0	2	0	0	0	0	0	0	N	Y	N	N	N	N	N	N	N	N	N	N	0.2645	0.2014	0.8722	0.1163	0.1107	2.8103	0.3540	502.9845	1.0201	1.2781	0.8093	5.2267	1.5241	1.4830	2.2330	1.0661	0.1637	6.1677	4.8321	4.0176	5.9924	13.1078	13.4010	0.7946	3.0114	0.0003	6.0459	0.7667	1.0470	0.0185	-0.0041	7.2039	0.1706	4.9911	1.8413	0.0547	0.0310	0.0237	0.0302	0.0278	0.0024	0.0245	0.0032	0.0213	0.4221	0.2062	0.2159	0.2065	0.2062	0.0003	0.2156	0.0000	0.2156	0.0428	0.0383	0.0045	0.0198	0.0187	0.0011	0.0230	0.0195	0.0035	0.0873	0.0513	0.0360	0.0158	0.0154	0.0004	0.0716	0.0359	0.0357	0.2645	0.2014	0.8722	0.1163	0.1107	2.9018	0.3540	502.9845	1.0201	4.8321	4.0176	5.9924	13.1078	13.4010	0.7695	3.0114	0.0003	6.0459
26	61	0.4347	8	0	1	0	0	0	0	0	0	N	N	N	N	N	N	N	N	N	N	N	N	0.0773	0.0580	0.3010	0.2689	0.0000	0.0000	0.0005	0.0005	0.0000	0.0041	0.0043	0.0000	0.0000	0.0000	0.0000	0.0058	0.0089	0.0000	0.0137	0.0160	0.0000	0.0006	0.0011	0.0000	0.0000	0.0000	-0.0000	-0.0013	7.2039	1.0140	4.9911	12.0537	0.0001	0.0001	0.0000	0.0001	0.0001	0.0000	0.0000	0.0000	0.0000	0.0025	0.0025	0.0000	0.0024	0.0024	0.0000	0.0001	0.0001	0.0000	0.1152	0.1009	0.0144	0.0127	0.0121	0.0006	0.1026	0.0888	0.0138	0.4339	0.2849	0.1489	0.1745	0.1486	0.0259	0.2594	0.1364	0.1230	0.0773	0.0580	0.0000	0.3010	0.2689	0.0000	0.0000	0.0000	0.0000	0.0058	0.0089	0.0000	0.0137	0.0160	0.0000	0.0006	0.0011	0.0000			
26	62	0.3588	5	0	1	0	0	0	0	0	0	N	N	N	N	N	N	N	N	N	N	N	N	0.0320	0.0373	0.0000	4.0393	4.0503	0.0000	0.0000	0.0000	0.0000	0.0574	0.0650	0.0000	0.2718	0.3022	0.0000	0.0000	0.0000	0.0000	1.7945	1.7417	1.9090	0.0673	0.0746	0.0242	3.4508	4.3640	2.4565	0.0000	0.5050	-0.0123	-0.5513	7.2039	22.0948	4.9911	64.3951	0.1286	0.1286	0.0000	0.1286	0.1286	0.0000	0.0000	0.0000	0.0000	2.9714	1.9744	0.9970	0.0546	0.0517	0.0028	2.9169	1.9227	0.9941	2.2415	1.9777	0.2638	0.4732	0.4257	0.0475	1.7684	1.5520	0.2163	1.6559	1.1336	0.5223	0.8106	0.6930	0.1176	0.8453	0.4406	0.4047	0.0320	0.0373	0.0000	4.0393	4.0503	0.0000	0.0000	0.0000	0.0000	1.7945	1.7417	1.9090	0.0673	0.0746	0.0242	3.4508	4.3640	2.4565
26	63	0.1520	4	0	1	0	0	0	0	0	0	N	N	N	N	N	N	N	N	N	N	N	N	0.2373	0.1796	1.1966	1.0892	0.0055	0.0063	0.0000	0.0649	0.0677	0.0000	0.0000	0.0000	0.0000	0.0232	0.0350	0.0000	0.0542	0.0622	0.0000	0.0000	0.0000	0.0000	0.0000	0.0000	-0.0002	-0.0111	7.2039	3.0638	4.9911	18.8214	0.0019	0.0019	0.0000	0.0019	0.0019	0.0000	0.0000	0.0000	0.0000	0.0214	0.0214	0.0000	0.0214	0.0214	0.0000	0.0000	0.0000	0.0000	0.3376	0.2952	0.0424	0.0286	0.0274	0.0012	0.3090	0.2677	0.0412	0.9227	0.6105	0.3122	0.3944	0.3438	0.0505	0.5284	0.2667	0.2617	0.2373	0.1796	0.0000	1.1966	1.0892	0.0000	0.0000	0.0000	0.0000	0.0232	0.0350	0.0000	0.0542	0.0622	0.0000	0.0000	0.0000	0.0000					
26	64	0.0629	2	1	2	1	0	0	0	0	0	N	Y	N	N	N	N	N	N	N	N	N	N	0.0578	0.0876	0.0000	0.5679	0.4947	0.0000	0.0000	0.0000	0.0123	0.0142	0.0000	0.1525	0.1603	0.0000	0.0000	0.0000	0.0000	0.2129	0.1617	0.3008	0.2686	0.3240	0.0103	0.1783	0.0000	0.3664	0.0000	1.0829	-0.0001	-0.0001	7.2039	1.0029	4.9911	8.4685	0.0014	0.0014	0.0000	0.0014	0.0014	0.0000	0.0000	0.0000	0.0000	0.0896	0.0430	0.0466	0.0433	0.0430	0.0003	0.0463	0.0000	0.0463	0.1159	0.1007	0.0152	0.0094	0.0089	0.0005	0.1066	0.0918	0.0148	0.4210	0.2661	0.1549	0.1613	0.1328	0.0285	0.2597	0.1333	0.1264	0.0578	0.0876	0.0000	0.5679	0.4947	0.0000	0.0000	0.0000	0.0000	0.2129	0.1617	0.3008	0.2686	0.3240	0.0103	0.1783	0.0000	0.3664	
26	66	0.4347	8	0	2	0	0	0	0	0	0	N	Y	N	N	N	N	N	N	N	N	N	N	0.0002	0.4153	0.0000	2.5049	3.0735	0.0000	0.0000	0.0000	0.0000	0.0005	0.0005	0.0000	0.0041	0.0043	0.0000	0.0000	0.0000	0.0000	2.2459	0.0012	6.5300	0.0016	0.0014	0.0030	3.7483	0.0011	7.9087	0.0000	2746.0933	-0.0000	0.4777	7.2039	1.0110	4.9911	12.5479	0.0001	0.0001	0.0000	0.0001	0.0001	0.0000	0.0000	0.0000	0.0000	0.9983	0.0004	0.9979	0.0003	0.0002	0.0001	0.9980	0.0001	0.9978	0.1149	0.1006	0.0143	0.0126	0.0120	0.0006	0.1023	0.0885	0.0137	0.4445	0.2917	0.1528	0.1782	0.1516	0.0267	0.2662	0.1401	0.1262	0.0002	0.4153	0.0000	2.5049	3.0735	0.0000	0.0000	0.0000	0.0000	2.2459	0.0012	6.5300	0.0016	0.0014	0.0030	3.7483	0.0011	7.9087
26	67	0.4283	7	0	1	0	0	0	0	0	0	N	N	N	N	N	N	N	N	N	N	N	N	0.0459	0.1139	0.0000	0.3369	0.3268	0.0000	0.0230	0.0769	0.0000	0.0007	0.0008	0.0000	0.0019	0.0020	0.0000	0.0005	0.0006	0.0000	0.0147	0.0068	0.0326	0.0057	0.0061	0.0000	0.0228	0.0079	0.0369	0.0000	2.1295	-0.0000	0.0005	7.2039	0.9784	4.9911	1.5217	0.0001	0.0001	0.0000	0.0000	0.0000	0.0000	0.0001	0.0001	0.0000	0.0031	0.0010	0.0021	0.0006	0.0006	0.0000	0.0026	0.0004	0.0021	0.1112	0.0973	0.0139	0.0121	0.0115	0.0006	0.0991	0.0858	0.0133	0.2124	0.1472	0.0652	0.1006	0.0931	0.0075	0.1118	0.0541	0.0576	0.0459	0.1139	0.0000	0.3369	0.3268	0.0000	0.0230	0.0769	0.0000	0.0147	0.0068	0.0326	0.0057	0.0061	0.0000	0.0228	0.0079	0.0369
26	68	0.3981	6	0	1	0	0	0	0	0	0	N	N	N	N	N	N	N	N	N	N	N	N	0.3872	0.3036	0.0000	3.9240	3.4564	0.0000	0.0097	0.0060	0.0000	0.0072	0.0082	0.0000	0.0582	0.0610	0.0000	0.0002	0.0002	0.0000	0.0185	0.0270	0.0012	0.0148	0.0176	0.0000	0.0219	0.0410	0.0015	0.0000	0.0215	-0.0001	-0.0041	7.2039	1.0531	4.9911	9.0748	0.0009	0.0009	0.0000	0.0009	0.0009	0.0000	0.0000	0.0000	0.0000	0.0081	0.0079	0.0002	0.0031	0.0031	0.0000	0.0050	0.0048	0.0002	0.1229	0.1075	0.0154	0.0148	0.0141	0.0007	0.1082	0.0934	0.0147	0.4370	0.2935	0.1435	0.2087	0.1754	0.0334	0.2283	0.1181	0.1102	0.3872	0.3036	0.0000	3.9240	3.4564	0.0000	0.0097	0.0060	0.0000	0.0185	0.0270	0.0012	0.0148	0.0176	0.0000	0.0219	0.0410	0.0015
26	71	0.0979	5	0	1	1	0	0	0	0	0	N	N	N	N	N	N	N	N	N	N	N	N	0.0000	0.0000	0.0000	0.0000	0.0000	0.0000	0.0000	0.0000	0.0000	0.0000	0.0000	0.0000	0.0000	0.0000	0.0000	0.0000	0.0000	0.0000	0.0000	0.0000	7.2039	1.0000	4.9911	0.0055	0.0000	0.0000	0.0000	0.0000	0.0000	0.0000	0.0000	0.0000	0.0000	0.0000	0.0000	0.0000	0.0000	0.0000	0.0000	0.0000	0.0000	0.0000	0.0635	0.0552	0.0083	0.0000	0.0000	0.0000	0.0635	0.0552	0.0083	0.0224	0.0144	0.0080	0.0088	0.0076	0.0012	0.0136	0.0068	0.0068	0.0000	0.0000	0.0000	0.0000	0.0000	0.0000	0.0000	0.0000	0.0000	0.0000	0.0000	0.0000	0.0000	0.0000	0.0000	0.0000	0.0000	0.0000											
26	72	0.0912	4	0	1	1	0	0	0	0	0	N	N	N	N	N	N	N	N	N	N	N	N	0.0000	0.0000	0.0000	0.0000	0.0000	0.0000	0.0000	0.0000	0.0000	0.0000	0.0000	0.0000	0.0000	0.0004	0.0006	0.0000	0.0010	0.0011	0.0000	0.0000	0.0000	0.0000	0.0000	0.0000	-0.0000	7.2039	0.0000	4.9911	1.0265	0.0000	0.0000	0.0000	0.0000	0.0000	0.0000	0.0000	0.0000	0.0000	0.0000	0.0000	0.0000	0.0000	0.0000	0.0000	0.0000	0.0000	0.0000	0.0000	0.0000	0.0000	0.0000	0.0000	0.0000	0.0000	0.0000	0.0000	0.0249	0.0163	0.0085	0.0100	0.0087	0.0012	0.0149	0.0076	0.0073	0.0000	0.0000	0.0000	0.0000	0.0000	0.0000	0.0000	0.0000	0.0000	0.0004	0.0006	0.0000	0.0010	0.0011	0.0000	0.0000	0.0000	0.0000						
26	73	0.0858	3	0	1	0	0	0	0	0	0	N	N	N	N	N	N	N	N	N	N	N	N	0.0000	0.0000	0.0000	0.0000	0.0000	0.0000	0.0000	0.0000	0.0000	0.0000	0.0000	0.0000	0.0000	0.0000	0.0000	0.0002	0.0003	0.0000	0.0003	0.0003	0.0000	0.0001	0.0002	0.0000	0.0000	0.0000	-0.0000	7.2039	0.0000	4.9911	1.0321	0.0000	0.0000	0.0000	0.0000	0.0000	0.0000	0.0000	0.0000	0.0000	0.0000	0.0000	0.0000	0.0000	0.0000	0.0000	0.0000	0.0000	0.0000	0.0442	0.0386	0.0056	0.0247	0.0233	0.0015	0.0194	0.0153	0.0041	0.2542	0.1707	0.0835	0.1324	0.1211	0.0113	0.1218	0.0496	0.0722	0.0000	0.0000	0.0000	0.0000	0.0000	0.0000	0.0000	0.0000	0.0000	0.0002	0.0003	0.0000	0.0003	0.0003	0.0000	0.0001	0.0002	0.0000				
26	74	0.0630	2	0	1	0	0	0	0	0	0	N	N	N	N	N	N	N	N	N	N	N	N	7.1813	5.2658	17.5052	8.1662	8.4801	0.5036	10.2157	9.0136	20.7637	0.2138	0.2032	0.2654	0.4879	0.5281	0.0128	0.1193	0.0738	0.2989	0.0298	0.0386	0.0152	0.0597	0.0623	0.0255	0.0117	0.0082	0.0144	0.2680	0.2371	0.0025	-0.0061	7.2039	0.5629	4.9911	8.5245	0.0214	0.0168	0.0045	0.0125	0.0125	0.0000	0.0089	0.0044	0.0045	0.0186	0.0150	0.0036	0.0140	0.0136	0.0004	0.0045	0.0014	0.0031	0.0999	0.0829	0.0170	0.0256	0.0236	0.0020	0.0743	0.0593	0.0150	0.6233	0.3887	0.2346	0.2346	0.2185	0.0161	0.3887	0.1702	0.2185	7.1813	5.2658	17.5052	8.1662	8.4801	0.5036	10.2157	9.0136	20.7637	0.0298	0.0386	0.0152	0.0597	0.0623	0.0255	0.0117	0.0082	0.0144
26	75	0.0800	3	0	2	0	0	0	0	0	0	N	Y	N	N	N	N	N	N	N	N	N	N	0.0000	0.0000	0.0000	0.0000	0.0000	0.0000	0.0000	0.0000	0.0000	0.0000	0.0000	0.0000	0.0000	0.0003	0.0004	0.0000	0.0007	0.0008	0.0000	0.0000	0.0000	0.0000	0.0000	0.0000	-0.0000	7.2039	1.9994	4.9911	4.0943	0.0000	0.0000	0.0000	0.0000	0.0000	0.0000	0.0000	0.0000	0.0000	0.0000	0.0000	0.0000	0.0000	0.0000	0.0000	0.0000	0.0000	0.0000	0.1278	0.1115	0.0162	0.0001	0.0001	0.0000	0.1277	0.1115	0.0162	0.1770	0.1227	0.0543	0.0703	0.0626	0.0077	0.1067	0.0601	0.0467	0.0000	0.0000	0.0000	0.0000	0.0000	0.0000	0.0000	0.0000	0.0000	0.0003	0.0004	0.0000	0.0007	0.0008	0.0000	0.0000	0.0000	0.0000						
26	76	0.0737	2	0	1	0	0	0	0	0	0	N	N	N	N	N	N	N	N	N	N	N	N	0.0000	0.0000	0.0000	0.0000	0.0000	0.0000	0.0000	0.0000	0.0000	0.0000	0.0000	0.0000	0.0000	0.0000	0.0000	0.0000	0.0000	0.0000	0.0047	0.0051	0.0038	0.0069	0.0070	0.0065	0.0031	0.0029	0.0034	0.3219	0.0000	-0.0001	7.2039	0.0011	4.9911	2.7207	0.0000	0.0000	0.0000	0.0000	0.0000	0.0000	0.0000	0.0000	0.0000	0.0005	0.0004	0.0001	0.0003	0.0003	0.0000	0.0002	0.0001	0.0001	0.0001	0.0001	0.0000	0.0000	0.0000	0.0000	0.0001	0.0001	0.0000	0.1026	0.0711	0.0314	0.0434	0.0395	0.0039	0.0591	0.0316	0.0275	0.0000	0.0000	0.0000	0.0000	0.0000	0.0000	0.0000	0.0000	0.0000	0.0047	0.0051	0.0038	0.0069	0.0070	0.0065	0.0031	0.0029	0.0034	
26	78	0.0618	2	1	1	1	0	0	0	0	0	N	N	N	N	N	N	N	N	N	N	N	N	31.3151	inf	209.0029	568.8851	767.6056	1.7529	inf	8.1805	1.5841	0.0003	20.8115	2.5124	0.0000	46.9549	0.0924	0.0007	0.8166	0.0506	0.0000	0.0996	0.0044	0.0000	0.0612	0.0527	0.0000	0.0998	6272.2292	inf	0.5673	0.0012	7.2039	1.6246	4.9911	0.0115	0.6273	0.0001	0.6272	0.6133	0.0000	0.6133	0.0140	0.0001	0.0139	0.0025	0.0000	0.0025	0.0000	0.0000	0.0000	0.0025	0.0000	0.0025	0.3960	0.3659	0.0301	0.2441	0.2310	0.0131	0.1519	0.1348	0.0171	0.0503	0.0247	0.0255	0.0022	0.0021	0.0002	0.0480	0.0227	0.0254	31.3151	inf	209.0029	568.8851	0.0000	767.6056	1.7529	inf	8.1805	0.0506	0.0000	0.0996	0.0044	0.0000	0.0612	0.0527	0.0000	0.0998	
26	83	0.1520	4	0	1	0	0	0	0	0	0	N	N	N	N	N	N	N	N	N	N	N	N	0.0997	0.0732	0.4642	0.4159	0.0018	0.0021	0.0000	0.0229	0.0238	0.0000	0.0000	0.0000	0.0000	0.0185	0.0287	0.0000	0.0492	0.0572	0.0000	0.0000	0.0000	0.0000	0.0000	0.0000	-0.0002	-0.0111	7.2039	10.0679	4.9911	33.8159	0.0019	0.0019	0.0000	0.0019	0.0019	0.0000	0.0000	0.0000	0.0000	0.0214	0.0214	0.0000	0.0214	0.0214	0.0000	0.0000	0.0000	0.0000	1.0050	0.8831	0.1219	0.0812	0.0780	0.0032	0.9238	0.8052	0.1187	1.1535	0.7446	0.4089	0.4341	0.3735	0.0606	0.7194	0.3711	0.3483	0.0997	0.0732	0.0000	0.4642	0.4159	0.0000	0.0000	0.0000	0.0000	0.0185	0.0287	0.0000	0.0492	0.0572	0.0000	0.0000	0.0000	0.0000					
26	84	0.1244	3	0	1	0	0	0	0	0	0	N	N	N	N	N	N	N	N	N	N	N	N	0.5273	0.4272	0.4381	1.3522	1.2939	0.0055	0.4834	0.3252	0.4557	0.0324	0.0364	0.0054	0.1262	0.1330	0.0001	0.0179	0.0199	0.0057	0.0614	0.0852	0.0124	0.0933	0.1028	0.0113	0.0371	0.0613	0.0126	0.0222	0.0707	-0.0003	-0.0250	7.2039	0.9441	4.9911	14.0836	0.0039	0.0038	0.0001	0.0020	0.0020	0.0000	0.0019	0.0018	0.0001	0.0549	0.0513	0.0036	0.0361	0.0357	0.0005	0.0188	0.0156	0.0032	0.1195	0.1040	0.0155	0.0160	0.0151	0.0008	0.1035	0.0888	0.0147	0.8946	0.6023	0.2924	0.3871	0.3472	0.0400	0.5075	0.2551	0.2524	0.5273	0.4272	0.4381	1.3522	1.2939	0.0055	0.4834	0.3252	0.4557	0.0614	0.0852	0.0124	0.0933	0.1028	0.0113	0.0371	0.0613	0.0126
26	85	0.4066	6	0	1	0	0	0	0	0	0	N	N	N	N	N	N	N	N	N	N	N	N	4.8199	6.0563	0.0000	5.8697	7.9580	0.0000	11.8468	inf	0.0000	0.1775	0.2022	0.0000	0.3881	0.4426	0.0000	0.1181	0.1345	0.0000	0.0368	0.0334	0.0444	0.0661	0.0556	0.1319	0.0100	0.0000	0.0211	0.0000	0.6056	-0.0310	-0.0059	7.2039	15.0008	4.9911	28.2980	0.3247	0.3247	0.0000	0.1562	0.1562	0.0000	0.1686	0.1686	0.0000	0.0413	0.0257	0.0156	0.0354	0.0257	0.0097	0.0058	0.0000	0.0058	1.8291	1.6060	0.2231	0.4024	0.3529	0.0495	1.4267	1.2531	0.1736	1.1199	0.7695	0.3504	0.5357	0.4619	0.0738	0.5842	0.3076	0.2766	4.8199	6.0563	0.0000	5.8697	7.9580	0.0000	11.8468	inf	0.0000	0.0368	0.0334	0.0444	0.0661	0.0556	0.1319	0.0100	0.0000	0.0211
26	86	0.4066	6	0	1	0	0	0	0	0	0	N	N	N	N	N	N	N	N	N	N	N	N	5.0143	6.5136	0.0000	2.5775	3.6041	0.0000	18.3156	inf	0.0000	0.1892	0.2181	0.0000	0.1625	0.1894	0.0000	0.2008	0.2304	0.0000	0.0377	0.0335	0.0477	0.0630	0.0525	0.1332	0.0110	0.0000	0.0230	0.0000	0.6056	-0.0218	-0.0059	7.2039	10.8154	4.9911	27.4443	0.2278	0.2278	0.0000	0.0593	0.0593	0.0000	0.1686	0.1686	0.0000	0.0413	0.0257	0.0156	0.0354	0.0257	0.0097	0.0058	0.0000	0.0058	1.2046	1.0445	0.1600	0.3649	0.3131	0.0518	0.8396	0.7314	0.1082	1.0936	0.7672	0.3264	0.5620	0.4890	0.0731	0.5315	0.2782	0.2533	5.0143	6.5136	0.0000	2.5775	3.6041	0.0000	18.3156	inf	0.0000	0.0377	0.0335	0.0477	0.0630	0.0525	0.1332	0.0110	0.0000	0.0230
26	87	0.3588	5	0	1	0	0	0	0	0	0	N	N	N	N	N	N	N	N	N	N	N	N	5.5871	6.4163	0.8291	4.5180	4.9949	0.3048	7.3293	12.2738	1.2595	0.3084	0.3496	0.0472	0.2856	0.3283	0.0143	0.3285	0.3685	0.0762	0.0552	0.0545	0.0570	0.0632	0.0657	0.0468	0.0448	0.0300	0.0605	0.0213	0.4191	-0.0172	-0.0201	7.2039	2.7608	4.9911	22.4044	0.2303	0.2254	0.0048	0.1002	0.0996	0.0007	0.1300	0.1259	0.0041	0.0891	0.0628	0.0263	0.0575	0.0519	0.0056	0.0316	0.0109	0.0207	0.7467	0.6449	0.1018	0.3509	0.3033	0.0477	0.3958	0.3416	0.0542	1.6141	1.1521	0.4620	0.9097	0.7893	0.1204	0.7044	0.3628	0.3416	5.5871	6.4163	0.8291	4.5180	4.9949	0.3048	7.3293	12.2738	1.2595	0.0552	0.0545	0.0570	0.0632	0.0657	0.0468	0.0448	0.0300	0.0605
26	88	0.2290	4	0	1	0	0	0	0	0	0	N	N	N	N	N	N	N	N	N	N	N	N	0.2756	0.2294	0.2090	0.1473	0.1476	0.0097	0.3591	0.2460	0.2992	0.1416	0.1562	0.0361	0.0947	0.1009	0.0037	0.1499	0.1668	0.0389	0.5139	0.6812	0.1729	0.6424	0.6837	0.3756	0.4175	0.6780	0.1301	0.0320	0.1245	-0.0091	-0.3091	7.2039	8.8820	4.9911	49.9570	0.1404	0.1361	0.0044	0.0141	0.0140	0.0000	0.1263	0.1220	0.0043	0.7533	0.6698	0.0834	0.4034	0.3718	0.0316	0.3499	0.2980	0.0518	0.9915	0.8709	0.1206	0.1487	0.1392	0.0095	0.8428	0.7317	0.1111	1.4659	0.9834	0.4825	0.6280	0.5438	0.0842	0.8379	0.4396	0.3984	0.2756	0.2294	0.2090	0.1473	0.1476	0.0097	0.3591	0.2460	0.2992	0.5139	0.6812	0.1729	0.6424	0.6837	0.3756	0.4175	0.6780	0.1301
26	90	0.1137	6	0	2	0	1	0	0	0	0	N	Y	N	N	N	N	N	N	N	N	N	N	0.0000	0.0000	0.0000	0.0000	0.0000	0.0000	0.0000	0.0000	0.0000	0.0000	0.0000	0.0000	0.0000	0.0000	0.0000	0.0000	0.0000	0.0000	0.0000	0.0000	7.2039	0.0000	4.9911	0.0000	0.0000	0.0000	0.0000	0.0000	0.0000	0.0000	0.0000	0.0000	0.0000	0.0000	0.0000	0.0000	0.0000	0.0000	0.0000	0.0000	0.0000	0.0000	0.0000	0.0000	0.0000	0.0000	0.0000	0.0000	0.0000	0.0000	0.0000	0.0000	0.0000	0.0000	0.0000	0.0000	0.0000	0.0000	0.0000	0.0000	0.0000	0.0000	0.0000	0.0000	0.0000	0.0000	0.0000	0.0000	0.0000	0.0000	0.0000	0.0000	0.0000	0.0000	0.0000	0.0000	0.0000	0.0000											
26	91	0.1029	5	0	2	0	1	0	0	0	0	N	Y	N	N	N	N	N	N	N	N	N	N	0.0000	0.0000	0.0000	0.0000	0.0000	0.0000	0.0000	0.0000	0.0000	0.0000	0.0000	0.0000	0.0000	0.0000	0.0000	0.0000	0.0000	0.0000	0.0000	0.0000	7.2039	1.0000	4.9911	3.0000	0.0000	0.0000	0.0000	0.0000	0.0000	0.0000	0.0000	0.0000	0.0000	0.0000	0.0000	0.0000	0.0000	0.0000	0.0000	0.0000	0.0000	0.0000	0.1011	0.0901	0.0110	0.0348	0.0321	0.0027	0.0663	0.0580	0.0083	0.1070	0.0535	0.0535	0.0119	0.0101	0.0018	0.0951	0.0434	0.0517	0.0000	0.0000	0.0000	0.0000	0.0000	0.0000	0.0000	0.0000	0.0000	0.0000	0.0000	0.0000	0.0000	0.0000	0.0000	0.0000	0.0000	0.0000											
26	92	0.0964	3	0	2	0	0	0	0	0	0	N	Y	N	N	N	N	N	N	N	N	N	N	0.0000	0.0000	0.0000	0.0000	0.0000	0.0000	0.0000	0.0000	0.0000	0.0000	0.0000	0.0000	0.0000	0.0000	0.0000	0.0000	0.0000	0.0000	0.0000	0.0000	7.2039	0.0000	4.9911	0.0000	0.0000	0.0000	0.0000	0.0000	0.0000	0.0000	0.0000	0.0000	0.0000	0.0000	0.0000	0.0000	0.0000	0.0000	0.0000	0.0000	0.0000	0.0000	0.0000	0.0000	0.0000	0.0000	0.0000	0.0000	0.0000	0.0000	0.0000	0.0000	0.0000	0.0000	0.0000	0.0000	0.0000	0.0000	0.0000	0.0000	0.0000	0.0000	0.0000	0.0000	0.0000	0.0000	0.0000	0.0000	0.0000	0.0000	0.0000	0.0000	0.0000	0.0000	0.0000	0.0000	0.0000	0.0000											
26	93	0.1029	5	0	1	1	1	0	0	0	0	N	N	N	N	N	N	N	N	N	N	N	N	0.0000	0.0000	0.0000	0.0000	0.0000	0.0000	0.0000	0.0000	0.0000	0.0000	0.0000	0.0000	0.0000	0.0000	0.0000	0.0000	0.0000	0.0000	0.0000	0.0000	7.2039	0.0000	4.9911	0.0000	0.0000	0.0000	0.0000	0.0000	0.0000	0.0000	0.0000	0.0000	0.0000	0.0000	0.0000	0.0000	0.0000	0.0000	0.0000	0.0000	0.0000	0.0000	0.0000	0.0000	0.0000	0.0000	0.0000	0.0000	0.0000	0.0000	0.0000	0.0000	0.0000	0.0000	0.0000	0.0000	0.0000	0.0000	0.0000	0.0000	0.0000	0.0000	0.0000	0.0000	0.0000	0.0000	0.0000	0.0000	0.0000	0.0000	0.0000	0.0000	0.0000	0.0000	0.0000	0.0000	0.0000	0.0000											
26	94	0.1003	4	0	1	0	1	0	0	0	0	N	N	N	N	N	N	N	N	N	N	N	N	0.0000	0.0000	0.0000	0.0000	0.0000	0.0000	0.0000	0.0000	0.0000	0.0000	0.0000	0.0000	0.0000	0.0814	0.1632	0.0000	0.0000	0.0000	0.0000	0.0930	0.2090	0.0000	0.0000	0.0000	-0.0012	7.2039	1.0000	4.9911	0.0097	0.0000	0.0000	0.0000	0.0000	0.0000	0.0000	0.0000	0.0000	0.0000	0.0024	0.0024	0.0000	0.0000	0.0000	0.0000	0.0024	0.0024	0.0000	0.1011	0.0901	0.0110	0.0348	0.0321	0.0027	0.0663	0.0580	0.0083	0.0290	0.0145	0.0145	0.0036	0.0032	0.0005	0.0254	0.0113	0.0141	0.0000	0.0000	0.0000	0.0000	0.0000	0.0000	0.0000	0.0000	0.0000	0.0814	0.1632	0.0000	0.0000	0.0000	0.0000	0.0930	0.2090	0.0000						
26	95	0.1003	4	0	1	1	1	0	0	0	0	N	N	N	N	N	N	N	N	N	N	N	N	0.6699	0.3761	0.2227	0.2067	5.0157	5.6245	0.0000	14.6551	15.8855	0.0000	0.0000	0.0000	0.0000	7.4876	14.9539	0.0000	65.8017	76.8649	0.0000	0.0000	0.0000	0.0000	0.0000	0.0000	-0.0956	-0.5199	7.2039	2.0000	4.9911	3.0050	1.0000	1.0000	0.0000	1.0000	1.0000	0.0000	0.0000	0.0000	0.0000	0.9976	0.9976	0.0000	0.9976	0.9976	0.0000	0.0000	0.0000	0.0000	0.1994	0.1778	0.0216	0.0682	0.0630	0.0053	0.1311	0.1148	0.0163	0.1332	0.0667	0.0665	0.0152	0.0130	0.0022	0.1181	0.0537	0.0643	0.6699	0.3761	0.0000	0.2227	0.2067	0.0000	0.0000	0.0000	0.0000	7.4876	14.9539	0.0000	65.8017	76.8649	0.0000	0.0000	0.0000	0.0000					
26	96	0.1003	4	0	1	1	1	0	0	0	0	N	N	N	N	N	N	N	N	N	N	N	N	0.0000	0.0000	0.0000	0.0000	0.0000	0.0000	0.0000	0.0000	0.0000	0.0000	0.0000	0.0000	0.0000	5.4998	10.9555	0.0000	48.8661	57.1904	0.0000	0.0000	0.0000	0.0000	0.0000	0.0000	-0.5199	7.2039	0.0000	4.9911	6.9903	0.0000	0.0000	0.0000	0.0000	0.0000	0.0000	0.0000	0.0000	0.0000	0.9976	0.9976	0.0000	0.9976	0.9976	0.0000	0.0000	0.0000	0.0000	0.0000	0.0000	0.0000	0.0000	0.0000	0.0000	0.0000	0.0000	0.0000	0.1814	0.0911	0.0903	0.0204	0.0174	0.0030	0.1610	0.0736	0.0874	0.0000	0.0000	0.0000	0.0000	0.0000	0.0000	0.0000	0.0000	0.0000	5.4998	10.9555	0.0000	48.8661	57.1904	0.0000	0.0000	0.0000	0.0000						
26	97	0.0947	3	0	1	0	1	0	0	0	0	N	N	N	N	N	N	N	N	N	N	N	N	0.0000	0.0000	0.0000	0.0000	0.0000	0.0000	0.0000	0.0000	0.0000	0.0000	0.0000	0.0000	0.0000	0.0000	0.0000	0.0000	0.0000	0.0516	0.0974	0.0009	0.2792	0.3137	0.0000	0.0177	0.0366	0.0010	0.0086	0.0000	-0.0017	7.2039	0.9999	4.9911	1.0605	0.0000	0.0000	0.0000	0.0000	0.0000	0.0000	0.0000	0.0000	0.0000	0.0034	0.0033	0.0000	0.0024	0.0024	0.0000	0.0010	0.0010	0.0000	0.1495	0.1349	0.0147	0.0560	0.0520	0.0039	0.0935	0.0828	0.0107	0.0652	0.0342	0.0310	0.0084	0.0075	0.0009	0.0568	0.0267	0.0301	0.0000	0.0000	0.0000	0.0000	0.0000	0.0000	0.0000	0.0000	0.0000	0.0516	0.0974	0.0009	0.2792	0.3137	0.0000	0.0177	0.0366	0.0010		
26	98	0.0926	2	0	1	0	1	0	0	0	0	N	N	N	N	N	N	N	N	N	N	N	N	28.6706	9.7702	426.4782	11.5398	9.5682	7459.0884	38.8182	1.8436	482.1799	1.9805	1.0603	9.2284	2.0636	1.8641	5.1677	1.8964	0.1437	10.7273	0.0691	0.1085	0.0216	0.1788	0.1948	0.0007	0.0489	0.0780	0.0222	1.1050	0.1658	0.0004	-0.0009	7.2039	0.0012	4.9911	1.0414	0.0010	0.0005	0.0005	0.0005	0.0004	0.0001	0.0005	0.0000	0.0004	0.0025	0.0021	0.0004	0.0010	0.0010	0.0000	0.0015	0.0011	0.0004	0.0005	0.0004	0.0001	0.0003	0.0002	0.0000	0.0003	0.0002	0.0000	0.0362	0.0198	0.0164	0.0056	0.0052	0.0005	0.0306	0.0146	0.0160	28.6706	9.7702	426.4782	11.5398	9.5682	7459.0884	38.8182	1.8436	482.1799	0.0691	0.1085	0.0216	0.1788	0.1948	0.0007	0.0489	0.0780	0.0222
26	101	0.0995	4	1	2	0	0	0	0	0	0	N	Y	N	N	N	N	N	N	N	N	N	N	0.0000	0.0000	0.0000	0.0000	0.0000	0.0000	0.0000	0.0000	0.0000	0.0000	0.0000	0.0000	0.0000	0.0000	0.0000	0.0000	0.0000	0.0000	0.0000	0.0000	7.2039	0.0000	4.9911	3.0000	0.0000	0.0000	0.0000	0.0000	0.0000	0.0000	0.0000	0.0000	0.0000	0.0000	0.0000	0.0000	0.0000	0.0000	0.0000	0.0000	0.0000	0.0000	0.0000	0.0000	0.0000	0.0000	0.0000	0.0000	0.0000	0.0000	0.0000	0.0861	0.0433	0.0428	0.0088	0.0075	0.0013	0.0773	0.0358	0.0414	0.0000	0.0000	0.0000	0.0000	0.0000	0.0000	0.0000	0.0000	0.0000	0.0000	0.0000	0.0000	0.0000	0.0000	0.0000	0.0000	0.0000	0.0000											
26	102	0.0964	3	1	2	0	0	0	0	0	0	N	Y	N	N	N	N	N	N	N	N	N	N	0.0000	0.0000	0.0000	0.0000	0.0000	0.0000	0.0000	0.0000	0.0000	0.0000	0.0000	0.0000	0.0000	0.0000	0.0000	0.0000	0.0000	0.0000	0.0000	0.0000	7.2039	0.0000	4.9911	1.0000	0.0000	0.0000	0.0000	0.0000	0.0000	0.0000	0.0000	0.0000	0.0000	0.0000	0.0000	0.0000	0.0000	0.0000	0.0000	0.0000	0.0000	0.0000	0.0000	0.0000	0.0000	0.0000	0.0000	0.0000	0.0000	0.0000	0.0000	0.0299	0.0150	0.0149	0.0031	0.0026	0.0005	0.0269	0.0124	0.0144	0.0000	0.0000	0.0000	0.0000	0.0000	0.0000	0.0000	0.0000	0.0000	0.0000	0.0000	0.0000	0.0000	0.0000	0.0000	0.0000	0.0000	0.0000											
26	103	0.0926	2	0	2	0	0	0	0	0	0	N	Y	N	N	N	N	N	N	N	N	N	N	33.7897	1.9407	516.4704	7214.0313	inf	9039.6570	51.5087	2.4899	583.8411	1.3824	0.1109	11.0638	0.4096	0.0488	6.1977	2.4937	0.1925	12.8592	0.0409	0.0571	0.0214	0.0001	0.0000	0.0007	0.0484	0.0773	0.0220	13.1025	0.3122	0.0005	-0.0004	7.2039	0.0006	4.9911	1.0534	0.0006	0.0000	0.0005	0.0001	0.0000	0.0001	0.0005	0.0000	0.0004	0.0015	0.0011	0.0004	0.0000	0.0000	0.0000	0.0015	0.0011	0.0004	0.0004	0.0004	0.0000	0.0002	0.0002	0.0000	0.0002	0.0002	0.0000	0.0366	0.0199	0.0166	0.0057	0.0052	0.0005	0.0309	0.0147	0.0161	33.7897	1.9407	516.4704	7214.0313	inf	9039.6570	51.5087	2.4899	583.8411	0.0409	0.0571	0.0214	0.0001	0.0000	0.0007	0.0484	0.0773	0.0220
26	109	0.3113	5	0	1	0	0	0	0	0	0	N	N	N	N	N	N	N	N	N	N	N	N	0.0831	0.0646	1.8329	1.6478	0.0000	0.0000	0.0088	0.0100	0.0000	0.0704	0.0742	0.0000	0.0000	0.0000	0.0000	0.1055	0.1545	0.0000	0.0384	0.0450	0.0000	0.1665	0.3151	0.0000	0.0000	0.0000	-0.0007	-0.0668	7.2039	7.7801	4.9911	32.2209	0.0073	0.0073	0.0000	0.0073	0.0073	0.0000	0.0000	0.0000	0.0000	0.1283	0.1283	0.0000	0.0222	0.0222	0.0000	0.1060	0.1060	0.0000	0.8290	0.7286	0.1004	0.1032	0.0979	0.0053	0.7257	0.6306	0.0951	1.2160	0.8302	0.3858	0.5790	0.4937	0.0853	0.6370	0.3365	0.3005	0.0831	0.0646	0.0000	1.8329	1.6478	0.0000	0.0000	0.0000	0.0000	0.1055	0.1545	0.0000	0.0384	0.0450	0.0000	0.1665	0.3151	0.0000			
27	28	0.1113	2	0	2	1	1	0	0	0	0	N	Y	N	N	N	N	N	N	N	N	N	N	0.0007	0.0004	0.0000	0.5012	0.9842	0.0000	0.0000	0.0000	0.0000	0.0008	0.0009	0.0000	0.0018	0.0019	0.0000	0.0000	0.0000	0.0000	1.2256	2.0039	0.0137	0.0036	0.0019	0.0148	2.0446	4.6897	0.0136	0.0000	0.0044	-0.0000	-0.1803	1.9923	1.7961	5.5017	15.9291	0.0001	0.0001	0.0000	0.0001	0.0001	0.0000	0.0000	0.0000	0.0000	0.3489	0.3474	0.0015	0.0004	0.0002	0.0002	0.3485	0.3472	0.0013	0.1266	0.1178	0.0088	0.0581	0.0557	0.0024	0.0685	0.0621	0.0064	0.2847	0.1734	0.1113	0.1142	0.0993	0.0149	0.1705	0.0740	0.0964	0.0007	0.0004	0.0000	0.5012	0.9842	0.0000	0.0000	0.0000	0.0000	1.2256	2.0039	0.0137	0.0036	0.0019	0.0148	2.0446	4.6897	0.0136
27	29	0.1692	5	1	2	1	1	0	0	0	0	N	Y	N	N	N	N	N	N	N	N	N	N	0.0000	0.0000	0.0000	0.0000	0.0000	0.0000	0.0000	0.0000	0.0000	0.0000	0.0000	0.0000	0.0000	0.0000	0.0000	0.0000	0.0000	0.0000	0.0000	0.0000	1.9923	0.0000	5.5017	0.0000	0.0000	0.0000	0.0000	0.0000	0.0000	0.0000	0.0000	0.0000	0.0000	0.0000	0.0000	0.0000	0.0000	0.0000	0.0000	0.0000	0.0000	0.0000	0.0000	0.0000	0.0000	0.0000	0.0000	0.0000	0.0000	0.0000	0.0000	0.0000	0.0000	0.0000	0.0000	0.0000	0.0000	0.0000	0.0000	0.0000	0.0000	0.0000	0.0000	0.0000	0.0000	0.0000	0.0000	0.0000	0.0000	0.0000	0.0000	0.0000	0.0000	0.0000	0.0000	0.0000	0.0000	0.0000											
27	30	0.1113	2	0	2	1	2	0	0	0	0	N	Y	N	Y	N	N	N	N	N	N	N	N	0.0000	0.0000	0.0000	0.0000	0.0000	0.0000	0.0000	0.0000	0.0000	0.0000	0.0000	0.0000	0.0000	0.0000	0.0000	0.0000	0.0000	0.0000	1.0887	0.0004	2.7854	0.0391	0.0003	0.2931	1.7901	0.0006	3.1762	3980.5556	0.0000	0.1715	1.9923	0.0000	5.5017	19.0400	0.0000	0.0000	0.0000	0.0000	0.0000	0.0000	0.0000	0.0000	0.0000	0.3583	0.0001	0.3583	0.0051	0.0000	0.0051	0.3532	0.0000	0.3531	0.0000	0.0000	0.0000	0.0000	0.0000	0.0000	0.0000	0.0000	0.0000	0.3291	0.2005	0.1286	0.1318	0.1144	0.0174	0.1973	0.0861	0.1112	0.0000	0.0000	0.0000	0.0000	0.0000	0.0000	0.0000	0.0000	0.0000	1.0887	0.0004	2.7854	0.0391	0.0003	0.2931	1.7901	0.0006	3.1762	
27	31	0.1113	2	1	2	1	1	0	0	0	0	N	Y	N	N	N	N	N	N	N	N	N	N	0.0389	0.4351	0.0000	0.2865	0.7012	0.0000	0.0000	0.0000	0.0000	0.0004	0.0004	0.0000	0.0009	0.0009	0.0000	0.0000	0.0000	0.0000	0.0095	0.0009	0.0230	0.0030	0.0013	0.0141	0.0139	0.0004	0.0244	0.0000	15.6468	-0.0000	0.0014	1.9923	6.7961	5.5017	16.0091	0.0001	0.0001	0.0000	0.0001	0.0001	0.0000	0.0000	0.0000	0.0000	0.0033	0.0002	0.0031	0.0004	0.0002	0.0003	0.0029	0.0000	0.0029	0.2801	0.2543	0.0259	0.1204	0.1125	0.0079	0.1597	0.1417	0.0180	0.3465	0.2112	0.1353	0.1387	0.1203	0.0184	0.2078	0.0909	0.1169	0.0389	0.4351	0.0000	0.2865	0.7012	0.0000	0.0000	0.0000	0.0000	0.0095	0.0009	0.0230	0.0030	0.0013	0.0141	0.0139	0.0004	0.0244
27	32	0.5363	9	0	1	2	1	0	0	0	0	N	N	Y	N	N	N	N	N	N	N	N	N	0.0001	0.0002	0.0000	0.0001	0.0001	0.0000	0.0000	0.0172	0.0000	0.0000	0.0000	0.0000	0.0000	0.0000	0.0000	0.0000	0.0000	0.0000	0.0077	0.0074	0.0082	0.0151	0.0133	0.0259	0.0022	0.0000	0.0045	0.0000	0.5797	-0.0000	-0.0002	1.9923	2.4598	5.5017	7.4321	0.0000	0.0000	0.0000	0.0000	0.0000	0.0000	0.0000	0.0000	0.0000	0.0015	0.0010	0.0006	0.0013	0.0010	0.0003	0.0003	0.0000	0.0003	0.0874	0.0790	0.0084	0.0488	0.0454	0.0035	0.0386	0.0336	0.0049	0.1971	0.1295	0.0676	0.0838	0.0721	0.0118	0.1132	0.0574	0.0558	0.0001	0.0002	0.0000	0.0001	0.0001	0.0000	0.0000	0.0172	0.0000	0.0077	0.0074	0.0082	0.0151	0.0133	0.0259	0.0022	0.0000	0.0045
27	33	0.4980	8	0	1	1	1	0	0	0	0	N	N	N	N	N	N	N	N	N	N	N	N	0.0000	0.0004	0.0000	0.0000	0.0006	0.0000	0.0000	0.0001	0.0000	0.0000	0.0000	0.0000	0.0000	0.0000	0.0000	0.0000	0.0000	0.0000	0.0409	0.0029	0.1274	0.0474	0.0028	0.2939	0.0343	0.0030	0.0713	0.0000	19.4407	-0.0000	0.0036	1.9923	2.7943	5.5017	8.2643	0.0000	0.0000	0.0000	0.0000	0.0000	0.0000	0.0000	0.0000	0.0000	0.0083	0.0004	0.0079	0.0048	0.0002	0.0046	0.0035	0.0002	0.0033	0.0947	0.0854	0.0093	0.0521	0.0483	0.0037	0.0426	0.0371	0.0055	0.2040	0.1418	0.0622	0.1024	0.0867	0.0157	0.1016	0.0551	0.0466	0.0000	0.0004	0.0000	0.0000	0.0006	0.0000	0.0000	0.0001	0.0000	0.0409	0.0029	0.1274	0.0474	0.0028	0.2939	0.0343	0.0030	0.0713
27	34	0.1669	3	0	2	1	1	0	0	0	0	N	Y	N	N	N	N	N	N	N	N	N	N	0.0074	0.0056	0.0000	0.0054	0.0049	0.0000	0.0000	0.0000	0.0000	0.0003	0.0003	0.0000	0.0004	0.0004	0.0000	0.0000	0.0000	0.0000	0.0386	0.0547	0.0007	0.0776	0.0912	0.0005	0.0051	0.0084	0.0008	0.0000	0.0056	-0.0000	-0.0020	1.9923	0.0009	5.5017	2.4415	0.0000	0.0000	0.0000	0.0000	0.0000	0.0000	0.0000	0.0000	0.0000	0.0039	0.0039	0.0000	0.0036	0.0036	0.0000	0.0003	0.0003	0.0000	0.0002	0.0002	0.0000	0.0001	0.0001	0.0000	0.0001	0.0001	0.0000	0.1004	0.0704	0.0300	0.0463	0.0394	0.0070	0.0541	0.0311	0.0230	0.0074	0.0056	0.0000	0.0054	0.0049	0.0000	0.0000	0.0000	0.0000	0.0386	0.0547	0.0007	0.0776	0.0912	0.0005	0.0051	0.0084	0.0008
27	35	0.1113	2	1	1	2	1	0	0	0	0	N	N	Y	N	N	N	N	N	N	N	N	N	0.0000	0.0000	0.0000	0.0000	0.0000	0.0000	0.0000	0.0000	0.0000	0.0000	0.0000	0.0000	0.0000	0.0049	0.0000	0.0127	0.0000	0.0000	0.0000	0.0083	0.0000	0.0145	inf	0.0000	0.0003	1.9923	0.0000	5.5017	5.9600	0.0000	0.0000	0.0000	0.0000	0.0000	0.0000	0.0000	0.0000	0.0000	0.0006	0.0000	0.0006	0.0000	0.0000	0.0000	0.0006	0.0000	0.0006	0.0000	0.0000	0.0000	0.0000	0.0000	0.0000	0.0000	0.0000	0.0000	0.1265	0.0776	0.0489	0.0514	0.0453	0.0061	0.0751	0.0323	0.0427	0.0000	0.0000	0.0000	0.0000	0.0000	0.0000	0.0000	0.0000	0.0000	0.0049	0.0000	0.0127	0.0000	0.0000	0.0000	0.0083	0.0000	0.0145						
27	38	0.1113	2	0	2	1	2	0	0	0	0	N	Y	N	Y	N	N	N	N	N	N	N	N	103.0027	5858.9534	0.4033	209.1266	10654.6084	0.3826	0.0925	6.7144	0.0370	2.4723	2.7340	0.0247	5.8968	6.3381	0.0775	0.0020	0.0020	0.0014	0.0240	0.0005	0.0612	0.0282	0.0006	0.2025	0.0212	0.0003	0.0381	0.0010	83.0091	-0.0939	0.0055	1.9923	10.2042	5.5017	23.0710	0.9922	0.9912	0.0010	0.9917	0.9908	0.0009	0.0005	0.0004	0.0000	0.0118	0.0001	0.0116	0.0055	0.0001	0.0054	0.0063	0.0000	0.0062	0.4013	0.3626	0.0388	0.1682	0.1563	0.0119	0.2331	0.2062	0.0269	0.4900	0.3000	0.1900	0.1947	0.1681	0.0266	0.2953	0.1319	0.1634	103.0027	5858.9534	0.4033	209.1266	10654.6084	0.3826	0.0925	6.7144	0.0370	0.0240	0.0005	0.0612	0.0282	0.0006	0.2025	0.0212	0.0003	0.0381
27	39	0.1113	2	1	1	2	1	0	0	0	0	N	N	Y	N	N	N	N	N	N	N	N	N	0.0000	0.0000	0.0000	0.0000	0.0000	0.0000	0.0000	0.0000	0.0000	0.0000	0.0000	0.0000	0.0000	0.0121	0.0000	0.0330	0.0000	0.0000	0.0000	0.0208	0.0000	0.0372	inf	0.0000	0.0003	1.9923	0.0000	5.5017	1.9600	0.0000	0.0000	0.0000	0.0000	0.0000	0.0000	0.0000	0.0000	0.0000	0.0006	0.0000	0.0006	0.0000	0.0000	0.0000	0.0006	0.0000	0.0006	0.0000	0.0000	0.0000	0.0000	0.0000	0.0000	0.0000	0.0000	0.0000	0.0513	0.0326	0.0188	0.0216	0.0195	0.0021	0.0298	0.0131	0.0167	0.0000	0.0000	0.0000	0.0000	0.0000	0.0000	0.0000	0.0000	0.0000	0.0121	0.0000	0.0330	0.0000	0.0000	0.0000	0.0208	0.0000	0.0372						
27	40	0.1669	3	0	1	2	1	0	0	0	0	N	N	Y	N	N	N	N	N	N	N	N	N	0.0111	77.9647	0.0000	0.0148	61.5536	0.0000	0.0000	0.0000	0.0000	0.0003	0.0003	0.0000	0.0004	0.0004	0.0000	0.0000	0.0000	0.0000	0.0258	0.0000	0.0754	0.0283	0.0000	0.1572	0.0243	0.0000	0.0553	0.0000	10005.8697	-0.0000	0.0021	1.9923	0.0009	5.5017	7.7842	0.0000	0.0000	0.0000	0.0000	0.0000	0.0000	0.0000	0.0000	0.0000	0.0045	0.0000	0.0045	0.0018	0.0000	0.0018	0.0026	0.0000	0.0026	0.0002	0.0002	0.0000	0.0001	0.0001	0.0000	0.0001	0.0001	0.0000	0.1735	0.1142	0.0593	0.0650	0.0533	0.0117	0.1084	0.0609	0.0476	0.0111	77.9647	0.0000	0.0148	61.5536	0.0000	0.0000	0.0000	0.0000	0.0258	0.0000	0.0754	0.0283	0.0000	0.1572	0.0243	0.0000	0.0553
27	41	0.1113	2	0	1	1	1	0	0	0	0	N	N	N	N	N	N	N	N	N	N	N	N	0.0248	0.0476	0.0001	0.0473	0.0902	0.0001	0.0000	0.0000	0.0000	0.0008	0.0009	0.0000	0.0018	0.0019	0.0000	0.0000	0.0000	0.0000	0.0332	0.0186	0.0561	0.0379	0.0207	0.1504	0.0301	0.0157	0.0413	0.0004	1.9355	-0.0000	0.0015	1.9923	1.7959	5.5017	20.1034	0.0001	0.0001	0.0000	0.0001	0.0001	0.0000	0.0000	0.0000	0.0000	0.0112	0.0038	0.0074	0.0051	0.0024	0.0027	0.0061	0.0014	0.0047	0.1266	0.1178	0.0088	0.0581	0.0557	0.0024	0.0685	0.0621	0.0064	0.3359	0.2047	0.1312	0.1345	0.1167	0.0178	0.2014	0.0880	0.1134	0.0248	0.0476	0.0001	0.0473	0.0902	0.0001	0.0000	0.0000	0.0000	0.0332	0.0186	0.0561	0.0379	0.0207	0.1504	0.0301	0.0157	0.0413
27	42	0.1814	3	0	2	1	1	0	0	0	0	N	Y	N	N	N	N	N	N	N	N	N	N	0.0000	0.0000	0.0000	0.0000	0.0000	0.0000	0.0000	0.0000	0.0000	0.0000	0.0000	0.0000	0.0000	0.0001	0.0002	0.0000	0.0003	0.0003	0.0000	0.0000	0.0000	0.0000	0.0000	0.0000	-0.0000	1.9923	0.0003	5.5017	0.0002	0.0000	0.0000	0.0000	0.0000	0.0000	0.0000	0.0000	0.0000	0.0000	0.0000	0.0000	0.0000	0.0000	0.0000	0.0000	0.0000	0.0000	0.0000	0.0000	0.0000	0.0000	0.0000	0.0000	0.0000	0.0000	0.0000	0.0000	0.0001	0.0000	0.0000	0.0000	0.0000	0.0000	0.0000	0.0000	0.0000	0.0000	0.0000	0.0000	0.0000	0.0000	0.0000	0.0000	0.0000	0.0000	0.0001	0.0002	0.0000	0.0003	0.0003	0.0000	0.0000	0.0000	0.0000						
27	43	0.1374	3	1	2	2	1	0	0	0	0	N	Y	Y	N	N	N	N	N	N	N	N	N	0.0000	0.0000	0.0000	0.0000	0.0000	0.0000	0.0000	0.0000	0.0000	0.0000	0.0000	0.0000	0.0000	0.0000	0.0000	0.0000	0.0000	0.0000	0.0000	0.0000	1.9923	0.0000	5.5017	2.0000	0.0000	0.0000	0.0000	0.0000	0.0000	0.0000	0.0000	0.0000	0.0000	0.0000	0.0000	0.0000	0.0000	0.0000	0.0000	0.0000	0.0000	0.0000	0.0000	0.0000	0.0000	0.0000	0.0000	0.0000	0.0000	0.0000	0.0000	0.0300	0.0221	0.0079	0.0207	0.0173	0.0035	0.0093	0.0048	0.0044	0.0000	0.0000	0.0000	0.0000	0.0000	0.0000	0.0000	0.0000	0.0000	0.0000	0.0000	0.0000	0.0000	0.0000	0.0000	0.0000	0.0000	0.0000											
27	44	0.1374	3	1	2	2	1	0	0	0	0	N	Y	Y	N	N	N	N	N	N	N	N	N	0.0000	0.0000	0.0000	0.0000	0.0000	0.0000	0.0000	0.0000	0.0000	0.0000	0.0000	0.0000	0.0000	0.0000	0.0000	0.0000	0.0000	0.0000	0.0000	0.0000	1.9923	0.0000	5.5017	0.0000	0.0000	0.0000	0.0000	0.0000	0.0000	0.0000	0.0000	0.0000	0.0000	0.0000	0.0000	0.0000	0.0000	0.0000	0.0000	0.0000	0.0000	0.0000	0.0000	0.0000	0.0000	0.0000	0.0000	0.0000	0.0000	0.0000	0.0000	0.0000	0.0000	0.0000	0.0000	0.0000	0.0000	0.0000	0.0000	0.0000	0.0000	0.0000	0.0000	0.0000	0.0000	0.0000	0.0000	0.0000	0.0000	0.0000	0.0000	0.0000	0.0000	0.0000	0.0000	0.0000	0.0000	0.0000											
27	45	0.1113	2	1	2	2	1	0	0	0	0	N	Y	Y	N	N	N	N	N	N	N	N	N	3.0229	1.9520	2.5706	2.3143	0.0011	0.0012	0.0000	0.0024	0.0024	0.0000	0.0000	0.0000	0.0000	0.0004	0.0006	0.0000	0.0009	0.0010	0.0000	0.0000	0.0000	0.0000	0.0000	0.0000	-0.0000	-0.0000	1.9923	0.7962	5.5017	7.9291	0.0001	0.0001	0.0000	0.0001	0.0001	0.0000	0.0000	0.0000	0.0000	0.0001	0.0001	0.0000	0.0001	0.0001	0.0000	0.0000	0.0000	0.0000	0.0930	0.0880	0.0050	0.0442	0.0431	0.0011	0.0488	0.0449	0.0038	0.1586	0.0969	0.0616	0.0641	0.0563	0.0079	0.0944	0.0407	0.0538	3.0229	1.9520	0.0000	2.5706	2.3143	0.0000	0.0000	0.0000	0.0000	0.0004	0.0006	0.0000	0.0009	0.0010	0.0000	0.0000	0.0000	0.0000					
27	46	0.1113	2	1	2	1	1	0	0	0	0	N	Y	N	N	N	N	N	N	N	N	N	N	0.4330	1.4050	0.0000	0.6671	3.3400	0.0000	0.0000	0.0000	0.0000	0.0011	0.0012	0.0000	0.0024	0.0024	0.0000	0.0000	0.0000	0.0000	0.0026	0.0008	0.0053	0.0035	0.0007	0.0227	0.0020	0.0010	0.0027	0.0000	4.0417	-0.0000	0.0002	1.9923	0.7962	5.5017	12.9291	0.0001	0.0001	0.0000	0.0001	0.0001	0.0000	0.0000	0.0000	0.0000	0.0006	0.0001	0.0005	0.0003	0.0001	0.0003	0.0003	0.0001	0.0002	0.0930	0.0880	0.0050	0.0442	0.0431	0.0011	0.0488	0.0449	0.0038	0.2315	0.1410	0.0905	0.0931	0.0812	0.0119	0.1384	0.0598	0.0786	0.4330	1.4050	0.0000	0.6671	3.3400	0.0000	0.0000	0.0000	0.0000	0.0026	0.0008	0.0053	0.0035	0.0007	0.0227	0.0020	0.0010	0.0027
27	47	0.1113	2	0	2	1	2	0	0	0	0	N	Y	N	Y	N	N	N	N	N	N	N	N	112.2791	inf	0.0000	0.0000	0.0000	242.3530	inf	0.0000	2.7073	2.9943	0.0000	0.0000	0.0000	0.0000	4.6805	5.2888	0.0000	0.0241	0.0000	0.0618	0.0313	0.0000	0.2333	0.0193	0.0000	0.0345	0.0000	inf	-0.0956	0.0045	1.9923	9.0000	5.5017	15.0400	1.0000	1.0000	0.0000	0.0000	0.0000	0.0000	1.0000	1.0000	0.0000	0.0095	0.0000	0.0095	0.0049	0.0000	0.0049	0.0046	0.0000	0.0046	0.3694	0.3340	0.0354	0.1557	0.1449	0.0108	0.2137	0.1891	0.0246	0.3923	0.2394	0.1530	0.1567	0.1357	0.0210	0.2356	0.1037	0.1319	112.2791	inf	0.0000	0.0000	0.0000	0.0000	242.3530	inf	0.0000	0.0241	0.0000	0.0618	0.0313	0.0000	0.2333	0.0193	0.0000	0.0345	
27	48	0.1899	3	0	1	1	2	0	0	0	0	N	N	N	Y	N	N	N	N	N	N	N	N	0.3469	18.4287	0.0000	0.5005	14.6633	0.0000	0.0000	0.0000	0.0000	0.0001	0.0001	0.0000	0.0001	0.0001	0.0000	0.0000	0.0000	0.0000	0.0002	0.0000	0.0005	0.0002	0.0000	0.0011	0.0002	0.0000	0.0003	0.0000	77.2547	-0.0000	0.0000	1.9923	0.0037	5.5017	3.0208	0.0000	0.0000	0.0000	0.0000	0.0000	0.0000	0.0000	0.0000	0.0000	0.0000	0.0000	0.0000	0.0000	0.0000	0.0000	0.0000	0.0000	0.0000	0.0002	0.0002	0.0000	0.0001	0.0001	0.0000	0.0001	0.0001	0.0000	0.0523	0.0324	0.0199	0.0156	0.0127	0.0029	0.0367	0.0197	0.0170	0.3469	18.4287	0.0000	0.5005	14.6633	0.0000	0.0000	0.0000	0.0000	0.0002	0.0000	0.0005	0.0002	0.0000	0.0011	0.0002	0.0000	0.0003
27	49	0.1113	2	0	1	1	2	0	0	0	0	N	N	N	Y	N	N	N	N	N	N	N	N	0.0160	2.1366	0.0000	0.0314	2.7010	0.0000	0.0000	0.0000	0.0000	0.0005	0.0005	0.0000	0.0011	0.0011	0.0000	0.0000	0.0000	0.0000	0.0293	0.0002	0.0749	0.0343	0.0004	0.2522	0.0260	0.0000	0.0465	0.0001	198.1615	-0.0000	0.0056	1.9923	4.7960	5.5017	23.0471	0.0001	0.0001	0.0000	0.0001	0.0001	0.0000	0.0000	0.0000	0.0000	0.0118	0.0001	0.0117	0.0055	0.0001	0.0054	0.0063	0.0000	0.0063	0.2214	0.2020	0.0194	0.0968	0.0909	0.0058	0.1247	0.1111	0.0136	0.4020	0.2454	0.1567	0.1605	0.1389	0.0216	0.2415	0.1064	0.1351	0.0160	2.1366	0.0000	0.0314	2.7010	0.0000	0.0000	0.0000	0.0000	0.0293	0.0002	0.0749	0.0343	0.0004	0.2522	0.0260	0.0000	0.0465
27	50	0.1463	3	0	2	2	1	0	0	0	0	N	Y	Y	N	N	N	N	N	N	N	N	N	8036.5914	228287.5806	0.0558	1343.7766	19012.9412	0.2187	9950.6171	1418472.3310	0.0093	0.7141	0.8330	0.0000	0.1143	0.1213	0.0001	0.9078	1.0940	0.0000	0.0001	0.0000	0.0002	0.0001	0.0000	0.0006	0.0001	0.0000	0.0002	0.0000	36.9717	-0.0076	0.0000	1.9923	1.4428	5.5017	0.4686	0.0793	0.0793	0.0000	0.0031	0.0031	0.0000	0.0762	0.0762	0.0000	0.0000	0.0000	0.0000	0.0000	0.0000	0.0000	0.0000	0.0000	0.0000	0.1110	0.0951	0.0158	0.0271	0.0255	0.0016	0.0839	0.0696	0.0143	0.0785	0.0503	0.0282	0.0302	0.0258	0.0043	0.0483	0.0245	0.0238	8036.5914	228287.5806	0.0558	1343.7766	19012.9412	0.2187	9950.6171	1418472.3310	0.0093	0.0001	0.0000	0.0002	0.0001	0.0000	0.0006	0.0001	0.0000	0.0002
27	51	0.1113	2	0	2	1	1	0	0	0	0	N	Y	N	N	N	N	N	N	N	N	N	N	7778.4574	5814.0156	466.0847	13343.4508	12632.8842	2067.3487	8.2044	3.0398	78.9399	3.1547	3.4769	0.0494	7.3948	7.9188	0.1415	0.0025	0.0017	0.0088	0.0004	0.0006	0.0001	0.0006	0.0006	0.0001	0.0003	0.0006	0.0001	0.0015	0.1138	-0.0932	-0.0000	1.9923	7.1845	5.5017	8.0722	0.9902	0.9888	0.0015	0.9898	0.9885	0.0013	0.0005	0.0003	0.0002	0.0001	0.0001	0.0000	0.0001	0.0001	0.0000	0.0001	0.0000	0.0000	0.3139	0.2844	0.0295	0.1338	0.1248	0.0090	0.1800	0.1596	0.0205	0.2753	0.1676	0.1077	0.1105	0.0961	0.0144	0.1648	0.0715	0.0933	7778.4574	5814.0156	466.0847	13343.4508	12632.8842	2067.3487	8.2044	3.0398	78.9399	0.0004	0.0006	0.0001	0.0006	0.0006	0.0001	0.0003	0.0006	0.0001
27	52	0.1340	3	1	1	2	1	0	0	0	0	N	N	Y	N	N	N	N	N	N	N	N	N	171.2757	208.3473	7.6854	2005.5426	1906.9458	1430.2980	0.4683	0.0000	1.7952	0.0386	0.0448	0.0019	0.7055	0.7144	0.2096	0.0001	0.0000	0.0005	0.0002	0.0002	0.0002	0.0004	0.0004	0.0001	0.0001	0.0000	0.0003	0.0069	0.7222	-0.0001	-0.0000	1.9923	0.9976	5.5017	4.7732	0.0014	0.0014	0.0000	0.0014	0.0014	0.0000	0.0000	0.0000	0.0000	0.0000	0.0000	0.0000	0.0000	0.0000	0.0000	0.0000	0.0000	0.0000	0.0374	0.0321	0.0054	0.0020	0.0020	0.0000	0.0354	0.0301	0.0053	0.1584	0.0965	0.0618	0.0613	0.0552	0.0061	0.0970	0.0413	0.0557	171.2757	208.3473	7.6854	2005.5426	1906.9458	1430.2980	0.4683	0.0000	1.7952	0.0002	0.0002	0.0002	0.0004	0.0004	0.0001	0.0001	0.0000	0.0003
27	53	0.1113	2	1	1	1	1	0	0	0	0	N	N	N	N	N	N	N	N	N	N	N	N	8414.5823	6992.8074	515.0838	9465.8387	8880.7915	3154.7912	20.7103	0.4477	113.1855	5.3885	5.8606	0.1704	12.1478	12.8286	0.4816	0.0043	0.0000	0.0404	0.0006	0.0008	0.0003	0.0013	0.0014	0.0002	0.0002	0.0000	0.0004	0.0026	0.2522	-0.0922	-0.0000	1.9923	3.2133	5.5017	6.0120	0.9915	0.9889	0.0026	0.9910	0.9889	0.0022	0.0004	0.0000	0.0004	0.0001	0.0001	0.0000	0.0001	0.0001	0.0000	0.0000	0.0000	0.0000	0.1840	0.1687	0.0153	0.0816	0.0771	0.0045	0.1024	0.0917	0.0108	0.1820	0.1110	0.0709	0.0734	0.0643	0.0092	0.1085	0.0468	0.0618	8414.5823	6992.8074	515.0838	9465.8387	8880.7915	3154.7912	20.7103	0.4477	113.1855	0.0006	0.0008	0.0003	0.0013	0.0014	0.0002	0.0002	0.0000	0.0004
27	54	0.1113	2	1	2	1	1	0	0	0	0	N	Y	N	N	N	N	N	N	N	N	N	N	0.1489	2.1215	0.0000	0.3099	2.5841	0.0000	0.0000	0.0000	0.0008	0.0009	0.0000	0.0018	0.0019	0.0000	0.0000	0.0000	0.0000	0.0055	0.0004	0.0135	0.0058	0.0007	0.0403	0.0053	0.0000	0.0094	0.0000	20.7616	-0.0000	0.0006	1.9923	1.7961	5.5017	11.9291	0.0001	0.0001	0.0000	0.0001	0.0001	0.0000	0.0000	0.0000	0.0000	0.0013	0.0001	0.0012	0.0005	0.0001	0.0005	0.0007	0.0000	0.0007	0.1266	0.1178	0.0088	0.0581	0.0557	0.0024	0.0685	0.0621	0.0064	0.2315	0.1410	0.0905	0.0931	0.0812	0.0119	0.1384	0.0598	0.0786	0.1489	2.1215	0.0000	0.3099	2.5841	0.0000	0.0000	0.0000	0.0000	0.0055	0.0004	0.0135	0.0058	0.0007	0.0403	0.0053	0.0000	0.0094	
27	55	0.1326	3	0	2	1	1	0	0	0	0	N	Y	N	N	N	N	N	N	N	N	N	N	0.5874	0.4448	0.0000	0.8606	0.7771	0.0000	0.0130	0.0061	0.0000	0.0005	0.0006	0.0000	0.0008	0.0009	0.0000	0.0000	0.0000	0.0000	0.0009	0.0012	0.0000	0.0010	0.0011	0.0000	0.0008	0.0017	0.0000	0.0000	0.0004	-0.0000	-0.0001	1.9923	0.0041	5.5017	6.2745	0.0000	0.0000	0.0000	0.0000	0.0000	0.0000	0.0000	0.0000	0.0000	0.0001	0.0001	0.0000	0.0001	0.0001	0.0000	0.0000	0.0000	0.0000	0.0009	0.0009	0.0000	0.0006	0.0006	0.0000	0.0003	0.0003	0.0000	0.1460	0.1050	0.0410	0.0955	0.0828	0.0127	0.0505	0.0222	0.0283	0.5874	0.4448	0.0000	0.8606	0.7771	0.0000	0.0130	0.0061	0.0000	0.0009	0.0012	0.0000	0.0010	0.0011	0.0000	0.0008	0.0017	0.0000
27	56	0.1814	3	0	1	2	1	0	0	0	0	N	N	Y	N	N	N	N	N	N	N	N	N	14078.3801	inf	0.0000	8509.7654	inf	0.0000	40.1895	inf	0.0000	1.7672	1.9550	0.0000	3.5555	3.8212	0.0000	0.0016	0.0019	0.0000	0.0001	0.0000	0.0003	0.0004	0.0000	0.0018	0.0000	0.0000	0.0001	0.0000	inf	-0.0948	0.0000	1.9923	18.9997	5.5017	4.0000	0.9923	0.9923	0.0000	0.9918	0.9918	0.0000	0.0005	0.0005	0.0000	0.0000	0.0000	0.0000	0.0000	0.0000	0.0000	0.0000	0.0000	0.0000	0.5615	0.5075	0.0540	0.2790	0.2596	0.0194	0.2825	0.2480	0.0346	0.3186	0.1889	0.1298	0.0718	0.0551	0.0167	0.2468	0.1338	0.1130	14078.3801	inf	0.0000	8509.7654	inf	0.0000	40.1895	inf	0.0000	0.0001	0.0000	0.0003	0.0004	0.0000	0.0018	0.0000	0.0000	0.0001
27	57	0.1113	2	0	1	1	1	0	0	0	0	N	N	N	N	N	N	N	N	N	N	N	N	0.0257	5.1715	0.0000	0.0483	6.2329	0.0000	0.0000	0.0000	0.0008	0.0008	0.0000	0.0017	0.0018	0.0000	0.0000	0.0000	0.0000	0.0306	0.0002	0.0781	0.0356	0.0003	0.2637	0.0272	0.0000	0.0485	0.0000	305.2475	-0.0000	0.0056	1.9923	1.7961	5.5017	22.3138	0.0001	0.0001	0.0000	0.0001	0.0001	0.0000	0.0000	0.0000	0.0000	0.0119	0.0000	0.0118	0.0055	0.0000	0.0055	0.0063	0.0000	0.0063	0.1326	0.1231	0.0095	0.0605	0.0579	0.0026	0.0721	0.0652	0.0069	0.3884	0.2369	0.1515	0.1552	0.1344	0.0208	0.2332	0.1026	0.1306	0.0257	5.1715	0.0000	0.0483	6.2329	0.0000	0.0000	0.0000	0.0000	0.0306	0.0002	0.0781	0.0356	0.0003	0.2637	0.0272	0.0000	0.0485	
27	58	0.1322	4	1	2	1	1	0	0	0	0	N	Y	N	N	N	N	N	N	N	N	N	N	2.9872	3.7669	2.0894	22.6185	24.3077	78.2096	0.2174	0.0000	0.7145	0.0020	0.0020	0.0019	0.0332	0.0303	0.2538	0.0001	0.0000	0.0005	0.0007	0.0005	0.0009	0.0015	0.0012	0.0032	0.0003	0.0000	0.0007	0.1477	0.9394	0.0000	-0.0000	1.9923	0.9359	5.5017	8.5945	0.0001	0.0001	0.0000	0.0001	0.0001	0.0000	0.0000	0.0000	0.0000	0.0002	0.0001	0.0001	0.0001	0.0001	0.0000	0.0001	0.0000	0.0001	0.0502	0.0435	0.0068	0.0030	0.0029	0.0000	0.0472	0.0405	0.0067	0.3058	0.1975	0.1083	0.0971	0.0863	0.0108	0.2086	0.1112	0.0975	2.9872	3.7669	2.0894	22.6185	24.3077	78.2096	0.2174	0.0000	0.7145	0.0007	0.0005	0.0009	0.0015	0.0012	0.0032	0.0003	0.0000	0.0007
27	59	0.1294	3	0	2	1	1	0	0	0	0	N	Y	N	N	N	N	N	N	N	N	N	N	5.8109	5.8796	8.1246	12.6362	14.7288	34.5751	3.9483	3.2769	8.5654	0.0156	0.0140	0.0274	0.0448	0.0409	0.4756	0.0087	0.0066	0.0211	0.0027	0.0024	0.0034	0.0035	0.0028	0.0138	0.0022	0.0020	0.0025	0.2711	0.6370	0.0000	-0.0000	1.9923	0.1706	5.5017	1.8413	0.0002	0.0002	0.0000	0.0001	0.0001	0.0000	0.0001	0.0001	0.0000	0.0003	0.0002	0.0001	0.0001	0.0001	0.0000	0.0001	0.0001	0.0001	0.0131	0.0115	0.0016	0.0025	0.0025	0.0000	0.0106	0.0091	0.0016	0.0994	0.0686	0.0308	0.0359	0.0334	0.0025	0.0635	0.0352	0.0283	5.8109	5.8796	8.1246	12.6362	14.7288	34.5751	3.9483	3.2769	8.5654	0.0027	0.0024	0.0034	0.0035	0.0028	0.0138	0.0022	0.0020	0.0025
27	60	0.1113	2	0	2	1	1	0	0	0	0	N	Y	N	N	N	N	N	N	N	N	N	N	108318.2915	91848.1339	4883.8668	108822.2697	119997.4689	2433.6402	772.9741	10.5019	3960.8657	3.5094	3.8582	0.0850	8.1666	8.7244	0.2219	0.0028	0.0000	0.0250	0.0000	0.0000	0.0000	0.0001	0.0001	0.0001	0.0000	0.0000	0.0000	0.0022	0.2656	-0.0926	-0.0000	1.9923	6.1830	5.5017	4.8458	0.9921	0.9899	0.0022	0.9917	0.9899	0.0018	0.0005	0.0000	0.0005	0.0000	0.0000	0.0000	0.0000	0.0000	0.0000	0.0000	0.0000	0.0000	0.2827	0.2566	0.0261	0.1214	0.1135	0.0080	0.1613	0.1431	0.0182	0.2112	0.1287	0.0825	0.0851	0.0743	0.0108	0.1262	0.0545	0.0717	108318.2915	91848.1339	4883.8668	108822.2697	119997.4689	2433.6402	772.9741	10.5019	3960.8657	0.0000	0.0000	0.0000	0.0001	0.0001	0.0001	0.0000	0.0000	0.0000
27	61	0.5044	9	0	1	1	1	0	0	0	0	N	N	N	N	N	N	N	N	N	N	N	N	0.0002	0.0004	0.0000	0.0003	0.0004	0.0000	0.0000	0.0000	0.0000	0.0000	0.0000	0.0000	0.0000	0.0000	0.0000	0.0000	0.0000	0.0000	0.0031	0.0018	0.0060	0.0046	0.0030	0.0127	0.0017	0.0000	0.0037	0.0000	1.4384	-0.0000	0.0000	1.9923	1.0140	5.5017	12.0537	0.0000	0.0000	0.0000	0.0000	0.0000	0.0000	0.0000	0.0000	0.0000	0.0007	0.0003	0.0004	0.0005	0.0003	0.0002	0.0002	0.0000	0.0002	0.0353	0.0319	0.0035	0.0196	0.0181	0.0014	0.0158	0.0137	0.0021	0.2124	0.1472	0.0652	0.1063	0.0893	0.0170	0.1062	0.0579	0.0483	0.0002	0.0004	0.0000	0.0003	0.0004	0.0000	0.0000	0.0000	0.0000	0.0031	0.0018	0.0060	0.0046	0.0030	0.0127	0.0017	0.0000	0.0037
27	62	0.4285	6	0	1	1	1	0	0	0	0	N	N	N	N	N	N	N	N	N	N	N	N	3.0049	991.5209	0.0000	0.0214	1.4582	0.0000	4.2014	18080.4110	0.0000	1.4916	1.6408	0.0000	0.0034	0.0036	0.0000	3.4015	3.8801	0.0000	0.4964	0.0017	1.4997	0.1570	0.0025	2.3829	0.8096	0.0002	1.5085	0.0000	446.8715	-0.0949	0.2764	1.9923	22.0948	5.5017	64.3951	0.9931	0.9931	0.0000	0.0013	0.0013	0.0000	0.9918	0.9918	0.0000	0.5798	0.0013	0.5785	0.0880	0.0012	0.0868	0.4917	0.0001	0.4917	0.6658	0.6052	0.0605	0.3742	0.3496	0.0246	0.2916	0.2556	0.0360	1.1679	0.7822	0.3857	0.5606	0.5008	0.0598	0.6074	0.2814	0.3259	3.0049	991.5209	0.0000	0.0214	1.4582	0.0000	4.2014	18080.4110	0.0000	0.4964	0.0017	1.4997	0.1570	0.0025	1.4519	0.8096	0.0002	1.5085
27	63	0.2217	5	0	1	1	1	0	0	0	0	N	N	N	N	N	N	N	N	N	N	N	N	0.0001	0.0016	0.0000	0.0014	0.0019	0.0000	0.0000	0.0046	0.0000	0.0000	0.0000	0.0000	0.0000	0.0000	0.0000	0.0000	0.0000	0.0000	0.0881	0.0045	0.2567	0.0083	0.0067	0.0216	0.1684	0.0001	0.3025	0.0000	28.3416	-0.0000	0.0240	1.9923	3.0638	5.5017	18.8214	0.0000	0.0000	0.0000	0.0000	0.0000	0.0000	0.0000	0.0000	0.0000	0.0540	0.0018	0.0522	0.0025	0.0018	0.0007	0.0515	0.0000	0.0515	0.1033	0.0931	0.0102	0.0546	0.0507	0.0039	0.0487	0.0423	0.0064	0.6131	0.4097	0.2034	0.3073	0.2741	0.0332	0.3058	0.1357	0.1702	0.0001	0.0016	0.0000	0.0014	0.0019	0.0000	0.0000	0.0046	0.0000	0.0881	0.0045	0.2567	0.0083	0.0067	0.0216	0.1684	0.0001	0.3025
27	64	0.1326	3	1	2	2	1	0	0	0	0	N	Y	Y	N	N	N	N	N	N	N	N	N	0.3322	0.2718	0.0000	0.5278	0.4977	0.0000	0.0079	0.0043	0.0000	0.0000	0.0000	0.0000	0.0000	0.0000	0.0000	0.0000	0.0000	0.0000	0.0000	0.0001	0.0000	0.0001	0.0001	0.0000	0.0000	0.0001	0.0000	0.0000	0.0224	-0.0000	-0.0000	1.9923	1.0029	5.5017	8.4685	0.0000	0.0000	0.0000	0.0000	0.0000	0.0000	0.0000	0.0000	0.0000	0.0000	0.0000	0.0000	0.0000	0.0000	0.0000	0.0000	0.0000	0.0000	0.0352	0.0317	0.0035	0.0183	0.0170	0.0013	0.0169	0.0147	0.0022	0.1857	0.1339	0.0518	0.1217	0.1044	0.0172	0.0640	0.0294	0.0346	0.3322	0.2718	0.0000	0.5278	0.4977	0.0000	0.0079	0.0043	0.0000	0.0000	0.0001	0.0000	0.0001	0.0001	0.0000	0.0000	0.0001	0.0000
27	65	0.1113	2	0	2	1	1	0	0	0	0	N	Y	N	N	N	N	N	N	N	N	N	N	2.6877	2.0375	0.5014	2.7437	2.4730	8.4365	0.0019	0.0019	0.0114	0.0011	0.0012	0.0001	0.0024	0.0024	0.0004	0.0000	0.0000	0.0000	0.0004	0.0006	0.0002	0.0009	0.0010	0.0000	0.0001	0.0000	0.0002	0.0039	0.1795	-0.0000	-0.0000	1.9923	0.7961	5.5017	8.5878	0.0001	0.0001	0.0000	0.0001	0.0001	0.0000	0.0000	0.0000	0.0000	0.0001	0.0001	0.0000	0.0001	0.0001	0.0000	0.0000	0.0000	0.0000	0.0930	0.0880	0.0050	0.0442	0.0431	0.0011	0.0488	0.0449	0.0038	0.1686	0.1030	0.0656	0.0681	0.0597	0.0084	0.1005	0.0433	0.0572	2.6877	2.0375	0.5014	2.7437	2.4730	8.4365	0.0019	0.0019	0.0114	0.0004	0.0006	0.0002	0.0009	0.0010	0.0000	0.0001	0.0000	0.0002
27	66	0.5044	9	0	2	1	1	0	0	0	0	N	Y	N	N	N	N	N	N	N	N	N	N	0.0003	0.0002	0.0000	0.0002	0.0002	0.0000	0.0000	0.0000	0.0000	0.0000	0.0000	0.0000	0.0000	0.0000	0.0000	0.0000	0.0000	0.0000	0.0025	0.0036	0.0002	0.0049	0.0058	0.0001	0.0001	0.0000	0.0002	0.0000	0.0243	-0.0000	-0.0003	1.9923	1.0110	5.5017	12.5479	0.0000	0.0000	0.0000	0.0000	0.0000	0.0000	0.0000	0.0000	0.0000	0.0005	0.0005	0.0000	0.0005	0.0005	0.0000	0.0000	0.0000	0.0000	0.0352	0.0318	0.0035	0.0195	0.0181	0.0014	0.0157	0.0137	0.0020	0.2179	0.1508	0.0671	0.1089	0.0915	0.0175	0.1090	0.0594	0.0496	0.0003	0.0002	0.0000	0.0002	0.0002	0.0000	0.0000	0.0000	0.0000	0.0025	0.0036	0.0002	0.0049	0.0058	0.0001	0.0001	0.0000	0.0002
27	67	0.4980	8	0	1	1	1	0	0	0	0	N	N	N	N	N	N	N	N	N	N	N	N	0.0001	0.0001	0.0000	0.0001	0.0001	0.0000	0.0001	0.0006	0.0000	0.0000	0.0000	0.0000	0.0000	0.0000	0.0000	0.0000	0.0000	0.0000	0.0113	0.0106	0.0131	0.0176	0.0163	0.0277	0.0043	0.0005	0.0092	0.0000	0.4473	-0.0000	-0.0002	1.9923	0.9784	5.5017	1.5217	0.0000	0.0000	0.0000	0.0000	0.0000	0.0000	0.0000	0.0000	0.0000	0.0011	0.0008	0.0003	0.0009	0.0007	0.0002	0.0002	0.0000	0.0002	0.0341	0.0307	0.0033	0.0188	0.0175	0.0014	0.0152	0.0133	0.0020	0.0979	0.0719	0.0260	0.0513	0.0458	0.0055	0.0466	0.0261	0.0205	0.0001	0.0001	0.0000	0.0001	0.0001	0.0000	0.0001	0.0006	0.0000	0.0113	0.0106	0.0131	0.0176	0.0163	0.0277	0.0043	0.0005	0.0092
27	68	0.4678	7	0	1	1	1	0	0	0	0	N	N	N	N	N	N	N	N	N	N	N	N	0.0010	0.0018	0.0000	0.0018	0.0022	0.0000	0.0000	0.0011	0.0000	0.0000	0.0000	0.0000	0.0000	0.0000	0.0000	0.0000	0.0000	0.0000	0.0077	0.0049	0.0139	0.0082	0.0071	0.0131	0.0072	0.0004	0.0142	0.0000	1.2872	-0.0000	0.0001	1.9923	1.0531	5.5017	9.0748	0.0000	0.0000	0.0000	0.0000	0.0000	0.0000	0.0000	0.0000	0.0000	0.0017	0.0007	0.0009	0.0010	0.0007	0.0003	0.0007	0.0000	0.0007	0.0376	0.0339	0.0037	0.0208	0.0193	0.0015	0.0168	0.0145	0.0022	0.2165	0.1484	0.0681	0.1222	0.1005	0.0217	0.0943	0.0479	0.0464	0.0010	0.0018	0.0000	0.0018	0.0022	0.0000	0.0000	0.0011	0.0000	0.0077	0.0049	0.0139	0.0082	0.0071	0.0131	0.0072	0.0004	0.0142
27	69	0.1113	2	1	1	2	1	0	0	0	0	N	N	Y	N	N	N	N	N	N	N	N	N	0.0000	0.0000	0.0000	0.0000	0.0000	0.0000	0.0000	0.0000	0.0000	0.0000	0.0000	0.0000	0.0000	0.0000	0.0000	0.0000	0.0000	0.0000	0.0000	0.0000	1.9923	0.0000	5.5017	4.9600	0.0000	0.0000	0.0000	0.0000	0.0000	0.0000	0.0000	0.0000	0.0000	0.0000	0.0000	0.0000	0.0000	0.0000	0.0000	0.0000	0.0000	0.0000	0.0000	0.0000	0.0000	0.0000	0.0000	0.0000	0.0000	0.0000	0.0000	0.1083	0.0667	0.0416	0.0442	0.0390	0.0051	0.0642	0.0277	0.0365	0.0000	0.0000	0.0000	0.0000	0.0000	0.0000	0.0000	0.0000	0.0000	0.0000	0.0000	0.0000	0.0000	0.0000	0.0000	0.0000	0.0000	0.0000											
27	71	0.1676	6	0	1	2	1	0	0	0	0	N	N	Y	N	N	N	N	N	N	N	N	N	0.0000	0.0000	0.0000	0.0000	0.0000	0.0000	0.0000	0.0000	0.0000	0.0000	0.0000	0.0000	0.0000	0.0000	0.0000	0.0000	0.0000	0.0000	0.0000	0.0000	0.0000	0.0000	0.0000	0.0000	0.0000	0.0000	18.6071	0.0000	0.0000	1.9923	1.0000	5.5017	0.0055	0.0000	0.0000	0.0000	0.0000	0.0000	0.0000	0.0000	0.0000	0.0000	0.0000	0.0000	0.0000	0.0000	0.0000	0.0000	0.0000	0.0000	0.0000	0.0187	0.0162	0.0025	0.0000	0.0000	0.0000	0.0187	0.0162	0.0025	0.0171	0.0108	0.0063	0.0052	0.0046	0.0006	0.0119	0.0062	0.0057	0.0000	0.0000	0.0000	0.0000	0.0000	0.0000	0.0000	0.0000	0.0000	0.0000	0.0000	0.0000	0.0000	0.0000	0.0000	0.0000	0.0000	0.0000		
27	72	0.1609	5	0	1	2	1	0	0	0	0	N	N	Y	N	N	N	N	N	N	N	N	N	0.0000	0.0000	0.0000	0.0000	0.0000	0.0000	0.0000	0.0000	0.0000	0.0000	0.0000	0.0000	0.0000	0.0000	0.0000	0.0000	0.0000	0.0000	0.0001	0.0000	0.0002	0.0001	0.0001	0.0002	0.0001	0.0000	0.0002	4.2353	0.0000	0.0000	1.9923	0.0000	5.5017	1.0265	0.0000	0.0000	0.0000	0.0000	0.0000	0.0000	0.0000	0.0000	0.0000	0.0000	0.0000	0.0000	0.0000	0.0000	0.0000	0.0000	0.0000	0.0000	0.0000	0.0000	0.0000	0.0000	0.0000	0.0000	0.0000	0.0000	0.0000	0.0188	0.0121	0.0066	0.0060	0.0054	0.0006	0.0127	0.0067	0.0060	0.0000	0.0000	0.0000	0.0000	0.0000	0.0000	0.0000	0.0000	0.0000	0.0001	0.0000	0.0002	0.0001	0.0001	0.0002	0.0001	0.0000	0.0002	
27	73	0.1555	4	0	1	1	1	0	0	0	0	N	N	N	N	N	N	N	N	N	N	N	N	0.0000	0.0000	0.0000	0.0000	0.0000	0.0000	0.0000	0.0000	0.0000	0.0000	0.0000	0.0000	0.0000	0.0000	0.0000	0.0000	0.0000	0.0000	0.0002	0.0001	0.0004	0.0001	0.0001	0.0003	0.0003	0.0000	0.0005	4.1352	0.0000	0.0000	1.9923	0.0000	5.5017	1.0321	0.0000	0.0000	0.0000	0.0000	0.0000	0.0000	0.0000	0.0000	0.0000	0.0000	0.0000	0.0000	0.0000	0.0000	0.0000	0.0000	0.0000	0.0000	0.0111	0.0107	0.0004	0.0066	0.0064	0.0002	0.0045	0.0043	0.0002	0.1294	0.0840	0.0454	0.0713	0.0644	0.0070	0.0580	0.0196	0.0384	0.0000	0.0000	0.0000	0.0000	0.0000	0.0000	0.0000	0.0000	0.0000	0.0002	0.0001	0.0004	0.0001	0.0001	0.0003	0.0003	0.0000	0.0005	
27	74	0.1327	3	0	1	1	1	0	0	0	0	N	N	N	N	N	N	N	N	N	N	N	N	0.0615	0.0757	0.1082	0.2875	0.2839	0.3829	0.0030	0.0031	0.0055	0.0003	0.0002	0.0008	0.0005	0.0004	0.0020	0.0000	0.0000	0.0000	0.0045	0.0030	0.0076	0.0017	0.0013	0.0053	0.0070	0.0059	0.0079	0.3351	1.2217	0.0000	0.0000	1.9923	0.5629	5.5017	8.5245	0.0000	0.0000	0.0000	0.0000	0.0000	0.0000	0.0000	0.0000	0.0000	0.0016	0.0007	0.0009	0.0003	0.0002	0.0001	0.0013	0.0005	0.0008	0.0272	0.0249	0.0023	0.0150	0.0141	0.0009	0.0122	0.0108	0.0014	0.3488	0.2362	0.1126	0.1668	0.1532	0.0137	0.1820	0.0831	0.0989	0.0615	0.0757	0.1082	0.2875	0.2839	0.3829	0.0030	0.0031	0.0055	0.0045	0.0030	0.0076	0.0017	0.0013	0.0053	0.0070	0.0059	0.0079
27	75	0.1497	4	0	2	1	1	0	0	0	0	N	Y	N	N	N	N	N	N	N	N	N	N	0.0000	0.0000	0.0000	0.0000	0.0000	0.0000	0.0000	0.0000	0.0000	0.0000	0.0000	0.0000	0.0000	0.0000	0.0000	0.0000	0.0000	0.0000	0.0002	0.0000	0.0005	0.0002	0.0000	0.0017	0.0002	0.0000	0.0004	92.3727	0.0000	0.0000	1.9923	1.9994	5.5017	4.0943	0.0000	0.0000	0.0000	0.0000	0.0000	0.0000	0.0000	0.0000	0.0000	0.0000	0.0000	0.0000	0.0000	0.0000	0.0000	0.0000	0.0000	0.0000	0.0377	0.0328	0.0049	0.0000	0.0000	0.0000	0.0377	0.0328	0.0049	0.1222	0.0761	0.0460	0.0292	0.0266	0.0025	0.0930	0.0495	0.0435	0.0000	0.0000	0.0000	0.0000	0.0000	0.0000	0.0000	0.0000	0.0000	0.0002	0.0000	0.0005	0.0002	0.0000	0.0017	0.0002	0.0000	0.0004	
27	76	0.1434	3	0	1	1	1	0	0	0	0	N	N	N	N	N	N	N	N	N	N	N	N	0.0000	0.0000	0.0000	0.0000	0.0000	0.0000	0.0000	0.0000	0.0000	0.0000	0.0000	0.0000	0.0000	0.0000	0.0000	0.0000	0.0000	0.0000	0.0059	0.0055	0.0067	0.0061	0.0041	0.0361	0.0059	0.0065	0.0052	0.6474	0.0000	-0.0001	1.9923	0.0011	5.5017	2.7207	0.0000	0.0000	0.0000	0.0000	0.0000	0.0000	0.0000	0.0000	0.0000	0.0004	0.0002	0.0002	0.0001	0.0001	0.0000	0.0003	0.0002	0.0001	0.0000	0.0000	0.0000	0.0000	0.0000	0.0000	0.0000	0.0000	0.0000	0.0674	0.0441	0.0233	0.0189	0.0177	0.0012	0.0485	0.0264	0.0221	0.0000	0.0000	0.0000	0.0000	0.0000	0.0000	0.0000	0.0000	0.0000	0.0059	0.0055	0.0067	0.0061	0.0041	0.0361	0.0059	0.0065	0.0052	
27	77	0.1113	2	0	1	1	1	0	0	0	0	N	N	N	N	N	N	N	N	N	N	N	N	0.0000	0.0000	0.0000	0.0000	0.0000	0.0000	0.0000	0.0000	0.0000	0.0000	0.0000	0.0000	0.0000	0.0000	0.0000	0.0000	0.0000	0.0000	0.0577	0.0003	0.1475	0.0669	0.0000	0.5319	0.0515	0.0006	0.0901	320.3211	0.0000	0.0054	1.9923	0.0001	5.5017	10.0074	0.0000	0.0000	0.0000	0.0000	0.0000	0.0000	0.0000	0.0000	0.0000	0.0113	0.0000	0.0113	0.0053	0.0000	0.0053	0.0060	0.0000	0.0060	0.0654	0.0636	0.0018	0.0328	0.0327	0.0001	0.0326	0.0309	0.0017	0.1957	0.1193	0.0764	0.0789	0.0690	0.0099	0.1168	0.0504	0.0664	0.0000	0.0000	0.0000	0.0000	0.0000	0.0000	0.0000	0.0000	0.0000	0.0577	0.0003	0.1475	0.0669	0.0000	0.5319	0.0515	0.0006	0.0901	
27	78	0.1315	3	1	1	2	1	0	0	0	0	N	N	Y	N	N	N	N	N	N	N	N	N	3.0046	241.5968	0.6237	8.4026	451.5298	2.2135	0.0846	inf	0.2979	0.0001	0.0001	0.0000	0.0003	0.0003	0.0006	0.0000	0.0000	0.0000	0.0000	0.0000	0.0000	0.0000	0.0000	0.0003	0.0000	0.0000	0.0000	0.0553	125.7089	-0.0000	0.0000	1.9923	1.6246	5.5017	0.0115	0.0000	0.0000	0.0000	0.0000	0.0000	0.0000	0.0000	0.0000	0.0000	0.0000	0.0000	0.0000	0.0000	0.0000	0.0000	0.0000	0.0000	0.0000	0.1161	0.1043	0.0118	0.0231	0.0227	0.0004	0.0929	0.0816	0.0113	0.0528	0.0318	0.0210	0.0147	0.0130	0.0018	0.0380	0.0188	0.0192	3.0046	241.5968	0.6237	8.4026	451.5298	2.2135	0.0846	inf	0.2979	0.0000	0.0000	0.0000	0.0000	0.0000	0.0003	0.0000	0.0000	0.0000
27	79	0.1113	2	1	1	2	1	0	0	0	0	N	N	Y	N	N	N	N	N	N	N	N	N	471739.5013	3939572.6246	4676.9320	600602.6650	5203458.5317	2202.3889	886.6514	inf	4395.6794	2.8819	3.1778	0.0672	6.7987	7.2876	0.1739	0.0023	0.0000	0.0201	0.0000	0.0000	0.0000	0.0000	0.0000	0.0001	0.0000	0.0000	0.0000	0.0022	11.4328	-0.0926	0.0000	1.9923	8.1927	5.5017	3.9952	0.9922	0.9900	0.0022	0.9917	0.9900	0.0017	0.0005	0.0000	0.0005	0.0000	0.0000	0.0000	0.0000	0.0000	0.0000	0.0000	0.0000	0.0000	0.3443	0.3115	0.0328	0.1459	0.1358	0.0100	0.1984	0.1757	0.0227	0.2294	0.1397	0.0897	0.0923	0.0805	0.0118	0.1371	0.0593	0.0779	471739.5013	3939572.6246	4676.9320	600602.6650	5203458.5317	2202.3889	886.6514	inf	4395.6794	0.0000	0.0000	0.0000	0.0000	0.0000	0.0001	0.0000	0.0000	0.0000
27	80	0.1113	2	0	2	1	2	0	0	0	0	N	Y	N	Y	N	N	N	N	N	N	N	N	0.1319	1.5057	0.0000	0.7178	1.7579	0.0000	0.0000	0.0000	0.0011	0.0012	0.0000	0.0024	0.0024	0.0000	0.0000	0.0000	0.0000	0.0085	0.0008	0.0205	0.0033	0.0014	0.0159	0.0120	0.0000	0.0212	0.0000	16.7381	-0.0000	0.0011	1.9923	0.7962	5.5017	19.0091	0.0001	0.0001	0.0000	0.0001	0.0001	0.0000	0.0000	0.0000	0.0000	0.0026	0.0001	0.0025	0.0004	0.0001	0.0003	0.0022	0.0000	0.0022	0.0930	0.0880	0.0050	0.0442	0.0431	0.0011	0.0488	0.0449	0.0038	0.3107	0.1893	0.1215	0.1246	0.1082	0.0164	0.1862	0.0811	0.1051	0.1319	1.5057	0.0000	0.7178	1.7579	0.0000	0.0000	0.0000	0.0000	0.0085	0.0008	0.0205	0.0033	0.0014	0.0159	0.0120	0.0000	0.0212	
27	81	0.1113	2	0	2	1	1	0	0	0	0	N	Y	N	N	N	N	N	N	N	N	N	N	0.0362	4.7117	0.0000	0.0652	5.4611	0.0000	0.0000	0.0000	0.0011	0.0012	0.0000	0.0024	0.0024	0.0000	0.0000	0.0000	0.0000	0.0309	0.0003	0.0789	0.0361	0.0004	0.2668	0.0274	0.0000	0.0490	0.0000	200.8087	-0.0000	0.0056	1.9923	0.7962	5.5017	25.3140	0.0001	0.0001	0.0000	0.0001	0.0001	0.0000	0.0000	0.0000	0.0000	0.0119	0.0001	0.0118	0.0055	0.0001	0.0055	0.0063	0.0000	0.0063	0.0930	0.0880	0.0050	0.0442	0.0431	0.0011	0.0488	0.0449	0.0038	0.3835	0.2339	0.1496	0.1533	0.1327	0.0205	0.2302	0.1012	0.1290	0.0362	4.7117	0.0000	0.0652	5.4611	0.0000	0.0000	0.0000	0.0000	0.0309	0.0003	0.0789	0.0361	0.0004	0.2668	0.0274	0.0000	0.0490	
27	82	0.1113	2	0	2	1	1	0	0	0	0	N	Y	N	N	N	N	N	N	N	N	N	N	0.0294	1.6029	0.0000	0.0548	4.5291	0.0000	0.0000	0.0000	0.0000	0.0008	0.0009	0.0000	0.0018	0.0019	0.0000	0.0000	0.0000	0.0000	0.0280	0.0006	0.0710	0.0327	0.0004	0.2399	0.0248	0.0007	0.0439	0.0000	82.0828	-0.0000	0.0054	1.9923	1.7961	5.5017	27.0091	0.0001	0.0001	0.0000	0.0001	0.0001	0.0000	0.0000	0.0000	0.0000	0.0115	0.0001	0.0114	0.0054	0.0001	0.0053	0.0062	0.0001	0.0061	0.1266	0.1178	0.0088	0.0581	0.0557	0.0024	0.0685	0.0621	0.0064	0.4120	0.2515	0.1605	0.1645	0.1423	0.0222	0.2476	0.1093	0.1383	0.0294	1.6029	0.0000	0.0548	4.5291	0.0000	0.0000	0.0000	0.0000	0.0280	0.0006	0.0710	0.0327	0.0004	0.2399	0.0248	0.0007	0.0439
27	83	0.2217	5	0	1	1	1	0	0	0	0	N	N	N	N	N	N	N	N	N	N	N	N	0.0000	0.0007	0.0000	0.0006	0.0008	0.0000	0.0000	0.0001	0.0000	0.0000	0.0000	0.0000	0.0000	0.0000	0.0000	0.0000	0.0000	0.0000	0.0736	0.0036	0.2186	0.0067	0.0051	0.0187	0.1318	0.0011	0.2569	0.0000	29.5499	-0.0000	0.0243	1.9923	10.0679	5.5017	33.8159	0.0000	0.0000	0.0000	0.0000	0.0000	0.0000	0.0000	0.0000	0.0000	0.0545	0.0018	0.0527	0.0023	0.0016	0.0007	0.0522	0.0002	0.0520	0.3076	0.2776	0.0300	0.1592	0.1479	0.0113	0.1485	0.1297	0.0187	0.7408	0.4995	0.2413	0.3445	0.3056	0.0389	0.3963	0.1939	0.2024	0.0000	0.0007	0.0000	0.0006	0.0008	0.0000	0.0000	0.0001	0.0000	0.0736	0.0036	0.2186	0.0067	0.0051	0.0187	0.1318	0.0011	0.2569
27	84	0.1941	4	0	1	1	1	0	0	0	0	N	N	N	N	N	N	N	N	N	N	N	N	0.0001	0.0010	0.0000	0.0013	0.0012	0.0054	0.0000	0.0010	0.0000	0.0000	0.0000	0.0000	0.0001	0.0001	0.0000	0.0000	0.0000	0.0000	0.4511	0.0339	1.2464	0.0406	0.0444	0.0086	0.8890	0.0090	1.4837	0.0756	19.2985	-0.0000	0.1148	1.9923	0.9441	5.5017	14.0836	0.0000	0.0000	0.0000	0.0000	0.0000	0.0000	0.0000	0.0000	0.0000	0.2672	0.0132	0.2540	0.0124	0.0121	0.0003	0.2548	0.0010	0.2537	0.0361	0.0324	0.0037	0.0194	0.0181	0.0013	0.0167	0.0143	0.0024	0.5923	0.3885	0.2038	0.3057	0.2729	0.0328	0.2866	0.1156	0.1710	0.0001	0.0010	0.0000	0.0013	0.0012	0.0054	0.0000	0.0010	0.0000	0.4511	0.0339	1.2464	0.0406	0.0444	0.0086	0.8890	0.0090	1.4837
27	85	0.4763	7	0	1	1	1	0	0	0	0	N	N	N	N	N	N	N	N	N	N	N	N	1.6066	60.5227	0.0000	0.0358	0.3215	0.0000	3.2000	35096.5946	0.0000	1.8433	2.0170	0.0000	0.0182	0.0195	0.0000	5.1926	5.9113	0.0000	1.1473	0.0333	3.5300	0.5082	0.0607	5.3719	1.6227	0.0002	3.5082	0.0000	49.5236	-0.0954	0.2574	1.9923	15.0008	5.5017	28.2980	0.9982	0.9982	0.0000	0.0064	0.0064	0.0000	0.9918	0.9918	0.0000	0.5606	0.0111	0.5495	0.1059	0.0111	0.0949	0.4546	0.0000	0.4546	0.5415	0.4949	0.0466	0.3505	0.3271	0.0234	0.1910	0.1678	0.0232	0.4886	0.3329	0.1557	0.2084	0.1823	0.0261	0.2802	0.1506	0.1296	1.6066	60.5227	0.0000	0.0358	0.3215	0.0000	3.2000	35096.5946	0.0000	1.1473	0.0333	3.5300	0.5082	0.0607	3.6386	1.6227	0.0002	3.5082
27	86	0.4763	7	0	1	1	1	0	0	0	0	N	N	N	N	N	N	N	N	N	N	N	N	0.9776	0.8058	0.0000	0.7071	0.6848	0.0000	0.0018	0.0278	0.0000	0.0241	0.0264	0.0000	0.0350	0.0375	0.0000	0.0000	0.0000	0.0000	0.0246	0.0327	0.0062	0.0495	0.0547	0.0094	0.0027	0.0002	0.0055	0.0000	0.0826	-0.0008	-0.0051	1.9923	10.8154	5.5017	27.4443	0.0083	0.0083	0.0000	0.0083	0.0083	0.0000	0.0000	0.0000	0.0000	0.0114	0.0105	0.0009	0.0107	0.0105	0.0002	0.0007	0.0000	0.0006	0.3434	0.3138	0.0296	0.2363	0.2207	0.0156	0.1072	0.0931	0.0141	0.4614	0.3210	0.1404	0.2163	0.1914	0.0248	0.2452	0.1296	0.1156	0.9776	0.8058	0.0000	0.7071	0.6848	0.0000	0.0018	0.0278	0.0000	0.0246	0.0327	0.0062	0.0495	0.0547	0.0094	0.0027	0.0002	0.0055
27	87	0.4285	6	0	1	1	1	0	0	0	0	N	N	N	N	N	N	N	N	N	N	N	N	0.1529	0.1971	0.0002	0.1124	0.1219	0.0004	0.2397	0.5690	0.0001	0.0817	0.0895	0.0002	0.0607	0.0644	0.0002	0.1264	0.1489	0.0001	0.5340	0.4540	0.6978	0.5398	0.5283	0.6446	0.5273	0.2617	0.7081	0.0002	0.7510	-0.0016	-0.0551	1.9923	2.7608	5.5017	22.4044	0.0164	0.0164	0.0000	0.0083	0.0083	0.0000	0.0081	0.0081	0.0000	0.5973	0.3411	0.2562	0.3246	0.2863	0.0383	0.2726	0.0548	0.2178	0.2010	0.1834	0.0176	0.1368	0.1289	0.0079	0.0642	0.0545	0.0097	1.1185	0.7514	0.3671	0.6014	0.5419	0.0595	0.5170	0.2094	0.3076	0.1529	0.1971	0.0002	0.1124	0.1219	0.0004	0.2397	0.5690	0.0001	0.5340	0.4540	0.6978	0.5398	0.5283	0.6446	0.5273	0.2617	0.7081
27	88	0.2987	5	0	1	1	1	0	0	0	0	N	N	N	N	N	N	N	N	N	N	N	N	0.0314	0.0949	0.0001	0.0032	0.0030	0.0059	0.0394	0.1368	0.0000	0.0276	0.0306	0.0001	0.0006	0.0007	0.0002	0.0603	0.0695	0.0001	0.8796	0.3222	1.9809	0.2029	0.2245	0.0353	1.5313	0.5077	2.3685	0.0004	3.1112	-0.0008	0.1981	1.9923	8.8820	5.5017	49.9570	0.0083	0.0083	0.0000	0.0001	0.0001	0.0000	0.0082	0.0082	0.0000	0.8405	0.2044	0.6360	0.0951	0.0932	0.0019	0.7453	0.1112	0.6342	0.3002	0.2711	0.0291	0.1644	0.1533	0.0112	0.1358	0.1178	0.0180	0.9555	0.6344	0.3211	0.4688	0.4154	0.0533	0.4867	0.2190	0.2677	0.0314	0.0949	0.0001	0.0032	0.0030	0.0059	0.0394	0.1368	0.0000	0.8796	0.3222	1.9809	0.2029	0.2245	0.0353	1.5313	0.5077	2.3685
27	89	0.1113	2	1	2	1	2	0	0	0	0	N	Y	N	Y	N	N	N	N	N	N	N	N	0.4993	1.2923	0.0000	0.6276	1.5125	0.0000	0.0000	0.0000	0.0011	0.0012	0.0000	0.0024	0.0024	0.0000	0.0000	0.0000	0.0000	0.0022	0.0009	0.0043	0.0038	0.0016	0.0181	0.0012	0.0000	0.0022	0.0000	3.0234	-0.0000	0.0001	1.9923	0.7962	5.5017	16.9291	0.0001	0.0001	0.0000	0.0001	0.0001	0.0000	0.0000	0.0000	0.0000	0.0006	0.0002	0.0005	0.0004	0.0002	0.0003	0.0002	0.0000	0.0002	0.0930	0.0880	0.0050	0.0442	0.0431	0.0011	0.0488	0.0449	0.0038	0.2847	0.1734	0.1113	0.1142	0.0993	0.0149	0.1705	0.0740	0.0964	0.4993	1.2923	0.0000	0.6276	1.5125	0.0000	0.0000	0.0000	0.0000	0.0022	0.0009	0.0043	0.0038	0.0016	0.0181	0.0012	0.0000	0.0022	
27	90	0.1834	7	0	2	1	2	0	0	0	0	N	Y	N	Y	N	N	N	N	N	N	N	N	0.0000	0.0000	0.0000	0.0000	0.0000	0.0000	0.0000	0.0000	0.0000	0.0000	0.0000	0.0000	0.0000	0.0000	0.0000	0.0000	0.0000	0.0000	0.0000	0.0000	1.9923	0.0000	5.5017	0.0000	0.0000	0.0000	0.0000	0.0000	0.0000	0.0000	0.0000	0.0000	0.0000	0.0000	0.0000	0.0000	0.0000	0.0000	0.0000	0.0000	0.0000	0.0000	0.0000	0.0000	0.0000	0.0000	0.0000	0.0000	0.0000	0.0000	0.0000	0.0000	0.0000	0.0000	0.0000	0.0000	0.0000	0.0000	0.0000	0.0000	0.0000	0.0000	0.0000	0.0000	0.0000	0.0000	0.0000	0.0000	0.0000	0.0000	0.0000	0.0000	0.0000	0.0000	0.0000	0.0000	0.0000	0.0000											
27	91	0.1726	6	0	2	1	2	0	0	0	0	N	Y	N	Y	N	N	N	N	N	N	N	N	0.0000	0.0000	0.0000	0.0000	0.0000	0.0000	0.0000	0.0000	0.0000	0.0000	0.0000	0.0000	0.0000	0.0000	0.0000	0.0000	0.0000	0.0000	0.0000	0.0000	1.9923	1.0000	5.5017	3.0000	0.0000	0.0000	0.0000	0.0000	0.0000	0.0000	0.0000	0.0000	0.0000	0.0000	0.0000	0.0000	0.0000	0.0000	0.0000	0.0000	0.0000	0.0000	0.0328	0.0284	0.0044	0.0029	0.0027	0.0002	0.0299	0.0257	0.0042	0.1021	0.0601	0.0420	0.0308	0.0270	0.0038	0.0713	0.0331	0.0382	0.0000	0.0000	0.0000	0.0000	0.0000	0.0000	0.0000	0.0000	0.0000	0.0000	0.0000	0.0000	0.0000	0.0000	0.0000	0.0000	0.0000	0.0000											
27	92	0.1661	4	0	2	1	1	0	0	0	0	N	Y	N	N	N	N	N	N	N	N	N	N	0.0000	0.0000	0.0000	0.0000	0.0000	0.0000	0.0000	0.0000	0.0000	0.0000	0.0000	0.0000	0.0000	0.0000	0.0000	0.0000	0.0000	0.0000	0.0000	0.0000	1.9923	0.0000	5.5017	0.0000	0.0000	0.0000	0.0000	0.0000	0.0000	0.0000	0.0000	0.0000	0.0000	0.0000	0.0000	0.0000	0.0000	0.0000	0.0000	0.0000	0.0000	0.0000	0.0000	0.0000	0.0000	0.0000	0.0000	0.0000	0.0000	0.0000	0.0000	0.0000	0.0000	0.0000	0.0000	0.0000	0.0000	0.0000	0.0000	0.0000	0.0000	0.0000	0.0000	0.0000	0.0000	0.0000	0.0000	0.0000	0.0000	0.0000	0.0000	0.0000	0.0000	0.0000	0.0000	0.0000	0.0000	0.0000											
27	93	0.1726	6	0	1	2	2	0	0	0	0	N	N	Y	Y	N	N	N	N	N	N	N	N	0.0000	0.0000	0.0000	0.0000	0.0000	0.0000	0.0000	0.0000	0.0000	0.0000	0.0000	0.0000	0.0000	0.0000	0.0000	0.0000	0.0000	0.0000	0.0000	0.0000	1.9923	0.0000	5.5017	0.0000	0.0000	0.0000	0.0000	0.0000	0.0000	0.0000	0.0000	0.0000	0.0000	0.0000	0.0000	0.0000	0.0000	0.0000	0.0000	0.0000	0.0000	0.0000	0.0000	0.0000	0.0000	0.0000	0.0000	0.0000	0.0000	0.0000	0.0000	0.0000	0.0000	0.0000	0.0000	0.0000	0.0000	0.0000	0.0000	0.0000	0.0000	0.0000	0.0000	0.0000	0.0000	0.0000	0.0000	0.0000	0.0000	0.0000	0.0000	0.0000	0.0000	0.0000	0.0000	0.0000	0.0000	0.0000											
27	94	0.1700	5	0	1	1	2	0	0	0	0	N	N	N	Y	N	N	N	N	N	N	N	N	0.0000	0.0000	0.0000	0.0000	0.0000	0.0000	0.0000	0.0000	0.0000	0.0000	0.0000	0.0000	0.0000	0.0000	0.0000	0.0000	0.0000	0.0000	0.0000	0.0000	1.9923	1.0000	5.5017	0.0097	0.0000	0.0000	0.0000	0.0000	0.0000	0.0000	0.0000	0.0000	0.0000	0.0000	0.0000	0.0000	0.0000	0.0000	0.0000	0.0000	0.0000	0.0000	0.0328	0.0284	0.0044	0.0029	0.0027	0.0002	0.0299	0.0257	0.0042	0.0275	0.0161	0.0114	0.0083	0.0074	0.0010	0.0192	0.0087	0.0104	0.0000	0.0000	0.0000	0.0000	0.0000	0.0000	0.0000	0.0000	0.0000	0.0000	0.0000	0.0000	0.0000	0.0000	0.0000	0.0000	0.0000	0.0000											
27	95	0.1700	5	0	1	2	2	0	0	0	0	N	N	Y	Y	N	N	N	N	N	N	N	N	0.0000	0.0000	0.0000	0.0000	0.0000	0.0000	0.0000	0.0000	0.0000	0.0000	0.0000	0.0000	0.0000	0.0000	0.0000	0.0000	0.0000	0.0000	0.0000	0.0000	1.9923	2.0000	5.5017	3.0050	0.0000	0.0000	0.0000	0.0000	0.0000	0.0000	0.0000	0.0000	0.0000	0.0000	0.0000	0.0000	0.0000	0.0000	0.0000	0.0000	0.0000	0.0000	0.0647	0.0561	0.0086	0.0058	0.0054	0.0004	0.0590	0.0507	0.0082	0.1266	0.0746	0.0520	0.0384	0.0337	0.0047	0.0882	0.0409	0.0473	0.0000	0.0000	0.0000	0.0000	0.0000	0.0000	0.0000	0.0000	0.0000	0.0000	0.0000	0.0000	0.0000	0.0000	0.0000	0.0000	0.0000	0.0000											
27	96	0.1700	5	0	1	2	2	0	0	0	0	N	N	Y	Y	N	N	N	N	N	N	N	N	0.0000	0.0000	0.0000	0.0000	0.0000	0.0000	0.0000	0.0000	0.0000	0.0000	0.0000	0.0000	0.0000	0.0000	0.0000	0.0000	0.0000	0.0000	0.0000	0.0000	1.9923	0.0000	5.5017	6.9903	0.0000	0.0000	0.0000	0.0000	0.0000	0.0000	0.0000	0.0000	0.0000	0.0000	0.0000	0.0000	0.0000	0.0000	0.0000	0.0000	0.0000	0.0000	0.0000	0.0000	0.0000	0.0000	0.0000	0.0000	0.0000	0.0000	0.0000	0.1718	0.1015	0.0703	0.0525	0.0460	0.0065	0.1193	0.0555	0.0638	0.0000	0.0000	0.0000	0.0000	0.0000	0.0000	0.0000	0.0000	0.0000	0.0000	0.0000	0.0000	0.0000	0.0000	0.0000	0.0000	0.0000	0.0000											
27	97	0.1644	4	0	1	1	2	0	0	0	0	N	N	N	Y	N	N	N	N	N	N	N	N	0.0000	0.0000	0.0000	0.0000	0.0000	0.0000	0.0000	0.0000	0.0000	0.0000	0.0000	0.0000	0.0000	0.0000	0.0000	0.0000	0.0000	0.0000	0.0000	0.0000	0.0000	0.0000	0.0000	0.0000	inf	0.0000	0.0000	1.9923	0.9999	5.5017	1.0605	0.0000	0.0000	0.0000	0.0000	0.0000	0.0000	0.0000	0.0000	0.0000	0.0000	0.0000	0.0000	0.0000	0.0000	0.0000	0.0000	0.0000	0.0000	0.0434	0.0375	0.0060	0.0033	0.0031	0.0002	0.0402	0.0344	0.0058	0.0626	0.0378	0.0248	0.0176	0.0156	0.0020	0.0451	0.0222	0.0228	0.0000	0.0000	0.0000	0.0000	0.0000	0.0000	0.0000	0.0000	0.0000	0.0000	0.0000	0.0000	0.0000	0.0000	0.0000	0.0000	0.0000	0.0000				
27	98	0.1623	3	0	1	1	2	0	0	0	0	N	N	N	Y	N	N	N	N	N	N	N	N	82.3216	73.3315	204.8377	103.9226	82.2188	978.2470	33.8695	90.2771	0.0075	0.0042	0.0301	0.0189	0.0110	0.5939	0.0019	0.0000	0.0099	0.0001	0.0001	0.0001	0.0002	0.0001	0.0006	0.0001	0.0000	0.0001	1.0734	1.6127	0.0000	0.0000	1.9923	0.0012	5.5017	1.0414	0.0000	0.0000	0.0000	0.0000	0.0000	0.0000	0.0000	0.0000	0.0000	0.0000	0.0000	0.0000	0.0000	0.0000	0.0000	0.0000	0.0000	0.0000	0.0001	0.0001	0.0000	0.0000	0.0000	0.0000	0.0001	0.0001	0.0000	0.0342	0.0210	0.0131	0.0099	0.0089	0.0010	0.0242	0.0121	0.0121	82.3216	73.3315	204.8377	103.9226	82.2188	978.2470	33.8695	0.0000	90.2771	0.0001	0.0001	0.0001	0.0002	0.0001	0.0006	0.0001	0.0000	0.0001	
27	99	0.1113	2	1	2	1	1	0	0	0	0	N	Y	N	N	N	N	N	N	N	N	N	N	4.8858	13.4511	11.4122	6.8562	50.5129	8.8849	2.1903	4.5716	0.6242	0.0118	0.0073	0.0605	0.0212	0.0106	0.2014	0.0043	0.0046	0.0017	0.0024	0.0005	0.0053	0.0031	0.0002	0.0227	0.0019	0.0010	0.0027	0.7470	6.2405	0.0007	0.0002	1.9923	3.2042	5.5017	9.0918	0.0022	0.0012	0.0009	0.0017	0.0008	0.0009	0.0004	0.0004	0.0000	0.0006	0.0001	0.0005	0.0003	0.0000	0.0003	0.0003	0.0001	0.0002	0.1843	0.1690	0.0153	0.0817	0.0772	0.0045	0.1026	0.0918	0.0108	0.2321	0.1414	0.0907	0.0934	0.0814	0.0120	0.1388	0.0600	0.0788	4.8858	13.4511	11.4122	6.8562	50.5129	8.8849	2.1903	4.5716	0.6242	0.0024	0.0005	0.0053	0.0031	0.0002	0.0227	0.0019	0.0010	0.0027
27	100	0.1113	2	0	2	1	1	0	0	0	0	N	Y	N	N	N	N	N	N	N	N	N	N	0.4388	3.7818	0.0000	0.6246	4.4609	0.0000	0.0000	0.0000	0.0011	0.0012	0.0000	0.0024	0.0024	0.0000	0.0000	0.0000	0.0000	0.0026	0.0003	0.0061	0.0038	0.0005	0.0261	0.0017	0.0000	0.0030	0.0000	12.3831	-0.0000	0.0002	1.9923	0.7962	5.5017	10.9291	0.0001	0.0001	0.0000	0.0001	0.0001	0.0000	0.0000	0.0000	0.0000	0.0005	0.0000	0.0005	0.0003	0.0000	0.0003	0.0002	0.0000	0.0002	0.0930	0.0880	0.0050	0.0442	0.0431	0.0011	0.0488	0.0449	0.0038	0.2032	0.1239	0.0793	0.0819	0.0715	0.0103	0.1213	0.0523	0.0690	0.4388	3.7818	0.0000	0.6246	4.4609	0.0000	0.0000	0.0000	0.0000	0.0026	0.0003	0.0061	0.0038	0.0005	0.0261	0.0017	0.0000	0.0030	
27	101	0.1692	5	1	2	1	1	0	0	0	0	N	Y	N	N	N	N	N	N	N	N	N	N	0.0000	0.0000	0.0000	0.0000	0.0000	0.0000	0.0000	0.0000	0.0000	0.0000	0.0000	0.0000	0.0000	0.0000	0.0000	0.0000	0.0000	11.8698	20.0123	0.0003	0.0013	0.0015	0.0000	16.2760	33.3540	0.0003	0.0000	0.0000	-0.5208	1.9923	0.0000	5.5017	3.0000	0.0000	0.0000	0.0000	0.0000	0.0000	0.0000	0.0000	0.0000	0.0000	0.9994	0.9994	0.0000	0.0000	0.0000	0.0000	0.9994	0.9994	0.0000	0.0000	0.0000	0.0000	0.0000	0.0000	0.0000	0.0000	0.0000	0.0000	0.0842	0.0499	0.0343	0.0228	0.0200	0.0028	0.0614	0.0300	0.0314	0.0000	0.0000	0.0000	0.0000	0.0000	0.0000	0.0000	0.0000	0.0000	11.8698	20.0123	0.0003	0.0013	0.0015	0.0000	16.2760	33.3540	0.0003		
27	102	0.1661	4	1	2	1	1	0	0	0	0	N	Y	N	N	N	N	N	N	N	N	N	N	0.0000	0.0000	0.0000	0.0000	0.0000	0.0000	0.0000	0.0000	0.0000	0.0000	0.0000	0.0000	0.0000	0.0000	0.0000	0.0000	0.0000	0.0000	0.0000	0.0000	1.9923	0.0000	5.5017	1.0000	0.0000	0.0000	0.0000	0.0000	0.0000	0.0000	0.0000	0.0000	0.0000	0.0000	0.0000	0.0000	0.0000	0.0000	0.0000	0.0000	0.0000	0.0000	0.0000	0.0000	0.0000	0.0000	0.0000	0.0000	0.0000	0.0000	0.0000	0.0294	0.0174	0.0120	0.0079	0.0069	0.0010	0.0215	0.0105	0.0110	0.0000	0.0000	0.0000	0.0000	0.0000	0.0000	0.0000	0.0000	0.0000	0.0000	0.0000	0.0000	0.0000	0.0000	0.0000	0.0000	0.0000	0.0000											
27	103	0.1623	3	0	2	1	1	0	0	0	0	N	Y	N	N	N	N	N	N	N	N	N	N	86.2805	0.0000	262.7818	134.7835	0.0000	1263.4997	47.2967	115.7741	0.0049	0.0000	0.0383	0.0084	0.0000	0.7592	0.0026	0.0000	0.0125	0.0001	0.0000	0.0001	0.0001	0.0000	0.0006	0.0001	0.0000	0.0001	inf	116.4337	0.0000	0.0000	1.9923	0.0006	5.5017	1.0534	0.0000	0.0000	0.0000	0.0000	0.0000	0.0000	0.0000	0.0000	0.0000	0.0000	0.0000	0.0000	0.0000	0.0000	0.0000	0.0000	0.0000	0.0000	0.0001	0.0001	0.0000	0.0000	0.0000	0.0000	0.0001	0.0001	0.0000	0.0345	0.0212	0.0133	0.0100	0.0090	0.0010	0.0245	0.0122	0.0123	86.2805	0.0000	262.7818	134.7835	0.0000	1263.4997	47.2967	0.0000	115.7741	0.0001	0.0000	0.0001	0.0001	0.0000	0.0006	0.0001	0.0000	0.0001	
27	104	0.1113	2	0	1	1	1	0	0	0	0	N	N	N	N	N	N	N	N	N	N	N	N	1982.7602	1543668.9428	18.3446	3308.9283	2107841.3015	11.3690	2.1871	0.6627	10.8576	3.1551	3.4747	0.0746	7.3965	7.9172	0.1934	0.0025	0.0000	0.0223	0.0016	0.0000	0.0041	0.0022	0.0000	0.0170	0.0012	0.0000	0.0021	0.0022	1159.7550	-0.0926	0.0002	1.9923	7.2034	5.5017	9.9858	0.9922	0.9900	0.0022	0.9917	0.9900	0.0017	0.0005	0.0000	0.0005	0.0005	0.0000	0.0005	0.0003	0.0000	0.0003	0.0002	0.0000	0.0002	0.3145	0.2849	0.0296	0.1341	0.1250	0.0090	0.1804	0.1599	0.0205	0.3026	0.1843	0.1183	0.1213	0.1054	0.0159	0.1813	0.0789	0.1024	1982.7602	1543668.9428	18.3446	3308.9283	2107841.3015	11.3690	2.1871	0.6627	10.8576	0.0016	0.0000	0.0041	0.0022	0.0000	0.0170	0.0012	0.0000	0.0021
27	109	0.3810	6	0	1	1	1	0	0	0	0	N	N	N	N	N	N	N	N	N	N	N	N	0.0001	0.0001	0.0000	0.0001	0.0001	0.0000	0.0001	0.0036	0.0000	0.0000	0.0000	0.0000	0.0000	0.0000	0.0000	0.0000	0.0000	0.0000	0.0871	0.1252	0.0104	0.1596	0.1846	0.0020	0.0071	0.0002	0.0127	0.0000	0.0414	-0.0000	-0.0311	1.9923	7.7801	5.5017	32.2209	0.0000	0.0000	0.0000	0.0000	0.0000	0.0000	0.0000	0.0000	0.0000	0.0647	0.0621	0.0026	0.0622	0.0621	0.0001	0.0025	0.0000	0.0025	0.2530	0.2285	0.0245	0.1387	0.1290	0.0097	0.1143	0.0995	0.0148	0.7426	0.4959	0.2467	0.3895	0.3361	0.0534	0.3531	0.1598	0.1933	0.0001	0.0001	0.0000	0.0001	0.0001	0.0000	0.0001	0.0036	0.0000	0.0871	0.1252	0.0104	0.1596	0.1846	0.0020	0.0071	0.0002	0.0127
28	29	0.1216	4	1	2	0	0	0	0	0	0	N	Y	N	N	N	N	N	N	N	N	N	N	0.0000	0.0000	0.0000	0.0000	0.0000	0.0000	0.0000	0.0000	0.0000	0.0000	0.0000	0.0000	0.0000	0.0000	0.0000	0.0000	0.0000	0.0000	0.0000	0.0000	1.7961	0.0000	15.9291	0.0000	0.0000	0.0000	0.0000	0.0000	0.0000	0.0000	0.0000	0.0000	0.0000	0.0000	0.0000	0.0000	0.0000	0.0000	0.0000	0.0000	0.0000	0.0000	0.0000	0.0000	0.0000	0.0000	0.0000	0.0000	0.0000	0.0000	0.0000	0.0000	0.0000	0.0000	0.0000	0.0000	0.0000	0.0000	0.0000	0.0000	0.0000	0.0000	0.0000	0.0000	0.0000	0.0000	0.0000	0.0000	0.0000	0.0000	0.0000	0.0000	0.0000	0.0000	0.0000	0.0000	0.0000	0.0000											
28	32	0.4887	8	0	1	1	0	0	0	0	0	N	N	N	N	N	N	N	N	N	N	N	N	0.0267	0.0229	0.0516	0.1806	0.2395	0.3659	0.0000	0.0000	0.0000	0.0050	0.0046	0.0080	0.0242	0.0205	0.1555	0.0000	0.0000	0.0000	0.1858	0.2006	0.1554	0.1342	0.0858	0.4251	0.2359	0.3945	0.0818	0.2130	0.3776	0.0000	-0.0215	1.7961	2.4598	15.9291	7.4321	0.0004	0.0004	0.0001	0.0004	0.0004	0.0001	0.0000	0.0000	0.0000	0.0871	0.0633	0.0239	0.0310	0.0170	0.0140	0.0561	0.0463	0.0099	0.0856	0.0763	0.0093	0.0175	0.0170	0.0005	0.0681	0.0593	0.0088	0.4690	0.3153	0.1537	0.2310	0.1980	0.0329	0.2380	0.1173	0.1207	0.0267	0.0229	0.0516	0.1806	0.2395	0.3659	0.0000	0.0000	0.0000	0.1858	0.2006	0.1554	0.1342	0.0858	0.4251	0.2359	0.3945	0.0818
28	33	0.4504	7	0	1	0	0	0	0	0	0	N	N	N	N	N	N	N	N	N	N	N	N	0.0026	0.0018	0.0208	0.0226	0.0232	0.0504	0.0015	0.0008	0.0223	0.0047	0.0049	0.0036	0.0053	0.0050	0.0180	0.0046	0.0048	0.0030	1.8427	2.6812	0.1730	0.2346	0.2159	0.3570	3.0231	5.7110	0.1358	0.0913	0.0324	-0.0000	-0.4736	1.7961	2.7943	15.9291	8.2643	0.0004	0.0004	0.0000	0.0001	0.0001	0.0000	0.0003	0.0003	0.0000	0.9671	0.9368	0.0304	0.0521	0.0416	0.0105	0.9150	0.8952	0.0198	0.0934	0.0832	0.0103	0.0173	0.0169	0.0004	0.0762	0.0663	0.0099	0.5248	0.3494	0.1754	0.2222	0.1926	0.0295	0.3027	0.1567	0.1459	0.0026	0.0018	0.0208	0.0226	0.0232	0.0504	0.0015	0.0008	0.0223	1.8427	2.6812	0.1730	0.2346	0.2159	0.3570	3.0231	5.7110	0.1358
28	34	0.1193	2	0	2	0	0	0	0	0	0	N	Y	N	N	N	N	N	N	N	N	N	N	3.3486	0.0000	3.9274	10.8924	0.0000	17.9775	2.2113	0.0000	2.2152	0.6507	0.0000	2.0679	0.5092	0.0000	3.2088	0.8584	0.0000	1.5790	0.1943	0.0213	0.5265	0.0467	0.0117	0.1785	0.3882	0.0419	0.7128	inf	12.8870	0.0003	0.0124	1.7961	0.0009	15.9291	2.4415	0.0003	0.0000	0.0003	0.0002	0.0000	0.0002	0.0002	0.0000	0.0002	0.0304	0.0022	0.0282	0.0042	0.0008	0.0033	0.0262	0.0014	0.0249	0.0005	0.0004	0.0002	0.0003	0.0003	0.0001	0.0002	0.0001	0.0001	0.1564	0.1028	0.0536	0.0888	0.0701	0.0187	0.0676	0.0327	0.0349	3.3486	0.0000	3.9274	10.8924	0.0000	17.9775	2.2113	0.0000	2.2152	0.1943	0.0213	0.5265	0.0467	0.0117	0.1785	0.3882	0.0419	0.7128
28	36	0.1544	2	0	2	0	0	0	0	0	0	N	Y	N	N	N	N	N	N	N	N	N	N	0.0381	0.0258	0.0000	18.6780	38.8270	0.0000	0.0000	0.0000	0.0000	0.0544	0.0599	0.0000	0.0773	0.0851	0.0000	0.0000	0.0000	0.0000	1.4272	2.3247	0.0161	0.0041	0.0022	0.0174	2.3913	5.4807	0.0159	0.0000	0.0044	-0.0000	-0.1803	1.7961	0.0123	15.9291	6.2120	0.0001	0.0001	0.0000	0.0001	0.0001	0.0000	0.0000	0.0000	0.0000	0.3489	0.3474	0.0015	0.0004	0.0002	0.0002	0.3485	0.3472	0.0013	0.0019	0.0017	0.0002	0.0013	0.0012	0.0001	0.0006	0.0005	0.0001	0.2445	0.1494	0.0951	0.0987	0.0861	0.0127	0.1457	0.0634	0.0824	0.0381	0.0258	0.0000	18.6780	38.8270	0.0000	0.0000	0.0000	0.0000	1.4272	2.3247	0.0161	0.0041	0.0022	0.0174	2.3913	5.4807	0.0159
28	40	0.1193	2	0	1	1	0	0	0	0	0	N	N	N	N	N	N	N	N	N	N	N	N	7.2248	0.0000	8.3734	21.1511	0.0000	32.8600	5.3979	0.0000	5.0836	0.6507	0.0000	2.0679	0.5092	0.0000	3.2088	0.8584	0.0000	1.5790	0.0901	0.0098	0.2470	0.0241	0.0059	0.0977	0.1590	0.0161	0.3106	inf	12.8870	0.0003	0.0124	1.7961	0.0009	15.9291	7.7842	0.0003	0.0000	0.0003	0.0002	0.0000	0.0002	0.0002	0.0000	0.0002	0.0304	0.0022	0.0282	0.0042	0.0008	0.0033	0.0262	0.0014	0.0249	0.0005	0.0004	0.0002	0.0003	0.0003	0.0001	0.0002	0.0001	0.0001	0.3374	0.2232	0.1142	0.1724	0.1383	0.0341	0.1650	0.0849	0.0800	7.2248	0.0000	8.3734	21.1511	0.0000	32.8600	5.3979	0.0000	5.0836	0.0901	0.0098	0.2470	0.0241	0.0059	0.0977	0.1590	0.0161	0.3106
28	42	0.1338	2	0	2	0	0	0	0	0	0	N	Y	N	N	N	N	N	N	N	N	N	N	0.3317	0.4112	5.6406	1.0122	0.0000	0.0000	0.4994	0.0000	2.6304	0.8638	0.0000	3.2580	0.0000	0.0000	0.0000	1.5055	0.0000	6.3969	0.1531	0.0000	3.2186	2.9555	0.0000	6.9730	inf	inf	0.0000	0.0001	1.7961	0.0003	15.9291	0.0002	0.0000	0.0000	0.0000	0.0000	0.0000	0.0000	0.0000	0.0000	0.0000	0.0002	0.0000	0.0002	0.0000	0.0000	0.0000	0.0002	0.0000	0.0002	0.0000	0.0000	0.0000	0.0000	0.0000	0.0000	0.0000	0.0000	0.0000	0.0001	0.0001	0.0000	0.0001	0.0001	0.0000	0.0001	0.0000	0.0000	0.3317	0.0000	0.4112	5.6406	0.0000	1.2666	0.0000	0.0000	0.0000	1.5055	0.0000	6.3969	0.1531	0.0000	2.5722	2.9555	0.0000	6.9730			
28	43	0.0898	2	1	2	1	0	0	0	0	0	N	Y	N	N	N	N	N	N	N	N	N	N	0.0000	0.0000	0.0000	0.0000	0.0000	0.0000	0.0000	0.0000	0.0000	0.0000	0.0000	0.0000	0.0000	0.0000	0.0000	0.0000	0.0000	0.0000	0.0000	0.0000	1.7961	0.0000	15.9291	2.0000	0.0000	0.0000	0.0000	0.0000	0.0000	0.0000	0.0000	0.0000	0.0000	0.0000	0.0000	0.0000	0.0000	0.0000	0.0000	0.0000	0.0000	0.0000	0.0000	0.0000	0.0000	0.0000	0.0000	0.0000	0.0000	0.0000	0.0000	0.0795	0.0465	0.0330	0.0159	0.0122	0.0037	0.0636	0.0344	0.0293	0.0000	0.0000	0.0000	0.0000	0.0000	0.0000	0.0000	0.0000	0.0000	0.0000	0.0000	0.0000	0.0000	0.0000	0.0000	0.0000	0.0000	0.0000											
28	44	0.0898	2	1	2	1	0	0	0	0	0	N	Y	N	N	N	N	N	N	N	N	N	N	0.0000	0.0000	0.0000	0.0000	0.0000	0.0000	0.0000	0.0000	0.0000	0.0000	0.0000	0.0000	0.0000	0.0000	0.0000	0.0000	0.0000	0.0000	0.0000	0.0000	1.7961	0.0000	15.9291	0.0000	0.0000	0.0000	0.0000	0.0000	0.0000	0.0000	0.0000	0.0000	0.0000	0.0000	0.0000	0.0000	0.0000	0.0000	0.0000	0.0000	0.0000	0.0000	0.0000	0.0000	0.0000	0.0000	0.0000	0.0000	0.0000	0.0000	0.0000	0.0000	0.0000	0.0000	0.0000	0.0000	0.0000	0.0000	0.0000	0.0000	0.0000	0.0000	0.0000	0.0000	0.0000	0.0000	0.0000	0.0000	0.0000	0.0000	0.0000	0.0000	0.0000	0.0000	0.0000	0.0000	0.0000	0.0000											
28	48	0.1423	2	0	1	0	1	0	0	0	0	N	N	N	N	N	N	N	N	N	N	N	N	6.4920	6.8413	9.4059	18.7841	0.0000	28.5994	3.8271	9.2855	5.6882	0.4044	0.0480	1.6501	0.4385	0.0000	3.1485	0.3803	0.0887	1.1254	0.0623	0.0070	0.1754	0.0233	0.0053	0.1101	0.0994	0.0096	0.1978	9.8323	12.2120	0.0001	0.0031	1.7961	0.0037	15.9291	3.0208	0.0001	0.0000	0.0001	0.0000	0.0000	0.0000	0.0001	0.0000	0.0000	0.0078	0.0006	0.0072	0.0014	0.0003	0.0012	0.0064	0.0003	0.0060	0.0003	0.0002	0.0001	0.0001	0.0001	0.0000	0.0002	0.0001	0.0000	0.1250	0.0840	0.0410	0.0610	0.0505	0.0105	0.0641	0.0335	0.0306	6.4920	6.8413	9.4059	18.7841	0.0000	28.5994	3.8271	9.2855	5.6882	0.0623	0.0070	0.1754	0.0233	0.0053	0.1101	0.0994	0.0096	0.1978
28	50	0.0987	2	0	2	1	0	0	0	0	0	N	Y	N	N	N	N	N	N	N	N	N	N	0.0229	0.0146	0.0044	0.0039	inf	inf	0.0013	0.0015	0.0000	0.0008	0.0009	0.0000	0.0021	0.0023	0.0000	0.0587	0.1014	0.0000	0.1852	0.2242	0.0000	0.0000	0.0000	0.0000	0.0000	0.0000	-0.0000	-0.0032	1.7961	1.4428	15.9291	0.4686	0.0002	0.0002	0.0000	0.0001	0.0001	0.0000	0.0001	0.0001	0.0000	0.0061	0.0061	0.0000	0.0061	0.0061	0.0000	0.0000	0.0000	0.0000	0.1245	0.1133	0.0112	0.0726	0.0663	0.0062	0.0519	0.0470	0.0050	0.1033	0.0598	0.0435	0.0328	0.0271	0.0057	0.0705	0.0327	0.0378	0.0229	0.0146	0.0000	0.0044	0.0039	0.0000	inf	inf	0.0000	0.0587	0.1014	0.0000	0.1852	0.2242	0.0000	0.0000	0.0000	0.0000			
28	52	0.0864	2	1	1	1	0	0	0	0	0	N	N	N	N	N	N	N	N	N	N	N	N	0.0783	1.2962	0.0000	0.5344	0.6101	0.0000	0.0000	0.0000	0.0146	0.0159	0.0000	0.0396	0.0407	0.0000	0.0000	0.0000	0.0000	0.1870	0.0123	0.3665	0.0741	0.0667	0.2811	0.1991	0.0000	0.3671	0.0000	29.0651	-0.0001	0.0197	1.7961	0.9976	15.9291	4.7732	0.0009	0.0009	0.0000	0.0009	0.0009	0.0000	0.0000	0.0000	0.0000	0.0443	0.0015	0.0428	0.0017	0.0015	0.0002	0.0426	0.0000	0.0426	0.0586	0.0539	0.0047	0.0217	0.0211	0.0006	0.0369	0.0329	0.0041	0.2370	0.1201	0.1169	0.0229	0.0221	0.0008	0.2141	0.0980	0.1161	0.0783	1.2962	0.0000	0.5344	0.6101	0.0000	0.0000	0.0000	0.0000	0.1870	0.0123	0.3665	0.0741	0.0667	0.2811	0.1991	0.0000	0.3671	
28	55	0.0850	2	0	2	0	0	0	0	0	0	N	Y	N	N	N	N	N	N	N	N	N	N	1.7647	0.0000	1.7779	7.4117	0.0000	11.7767	1.7000	1.2701	0.6669	0.0000	1.8874	0.3552	0.0000	3.2072	1.0628	0.0000	1.6068	0.3779	0.0011	1.0616	0.0479	0.0019	0.2723	0.6251	0.0000	1.2651	inf	552.6229	0.0018	0.0766	1.7961	0.0041	15.9291	6.2745	0.0020	0.0000	0.0020	0.0006	0.0000	0.0006	0.0014	0.0000	0.0014	0.1606	0.0003	0.1603	0.0087	0.0003	0.0084	0.1518	0.0000	0.1518	0.0031	0.0020	0.0011	0.0017	0.0015	0.0002	0.0013	0.0005	0.0009	0.4248	0.2739	0.1510	0.1819	0.1510	0.0310	0.2429	0.1229	0.1200	1.7647	0.0000	1.7779	7.4117	0.0000	11.7767	1.7000	0.0000	1.2701	0.3779	0.0011	1.0616	0.0479	0.0019	0.2723	0.6251	0.0000	1.2651	
28	56	0.1338	2	0	1	1	0	0	0	0	0	N	N	N	N	N	N	N	N	N	N	N	N	1.0723	0.7837	2.9785	2.4361	1.4132	1.5720	0.0000	8.5523	8.6720	0.0000	0.0000	0.0000	0.0000	1.3180	2.0060	0.0000	2.8713	3.5598	0.0000	0.0000	0.0000	0.0000	0.0000	0.0000	-0.0761	-0.5049	1.7961	18.9997	15.9291	4.0000	0.7961	0.7961	0.0000	0.7961	0.7961	0.0000	0.0000	0.0000	0.0000	0.9689	0.9689	0.0000	0.9689	0.9689	0.0000	0.0000	0.0000	0.0000	0.5633	0.5064	0.0569	0.0931	0.0918	0.0013	0.4703	0.4146	0.0556	0.7351	0.4830	0.2521	0.3374	0.2722	0.0653	0.3977	0.2108	0.1869	1.0723	0.7837	0.0000	2.9785	2.4361	0.0000	0.0000	0.0000	0.0000	1.3180	2.0060	0.0000	2.8713	3.5598	0.0000	0.0000	0.0000	0.0000					
28	58	0.0846	3	1	2	0	0	0	0	0	0	N	Y	N	N	N	N	N	N	N	N	N	N	0.0037	0.0022	0.0000	0.3200	0.3146	0.0000	0.0000	0.0000	0.0192	0.0209	0.0000	0.0420	0.0439	0.0000	0.0000	0.0000	0.0000	5.1511	9.6454	0.0050	0.1313	0.1394	0.0000	5.6850	11.5876	0.0050	0.0000	0.0004	-0.0001	-0.9916	1.7961	0.9359	15.9291	8.5945	0.0013	0.0013	0.0000	0.0013	0.0013	0.0000	0.0000	0.0000	0.0000	1.9046	1.9038	0.0009	0.0047	0.0047	0.0000	1.9000	1.8991	0.0009	0.0656	0.0602	0.0054	0.0299	0.0287	0.0013	0.0357	0.0316	0.0041	0.3698	0.1974	0.1724	0.0355	0.0335	0.0021	0.3342	0.1639	0.1703	0.0037	0.0022	0.0000	0.3200	0.3146	0.0000	0.0000	0.0000	0.0000	5.1511	9.6454	0.0050	0.1313	0.1394	0.0000	5.6850	11.5876	0.0050	
28	59	0.0818	2	0	2	0	0	0	0	0	0	N	Y	N	N	N	N	N	N	N	N	N	N	0.1407	0.0722	1.6371	0.9216	0.9548	0.0184	0.1147	0.0305	2.0140	0.1487	0.1182	0.3639	0.1540	0.1620	0.0012	0.1435	0.0690	0.4510	1.0569	1.6374	0.2223	0.1671	0.1696	0.0635	1.2517	2.2588	0.2239	0.4364	0.0944	0.0005	-0.0499	1.7961	0.1706	15.9291	1.8413	0.0025	0.0018	0.0008	0.0013	0.0013	0.0000	0.0013	0.0005	0.0008	0.1148	0.1049	0.0099	0.0033	0.0032	0.0000	0.1116	0.1017	0.0099	0.0170	0.0149	0.0021	0.0083	0.0079	0.0004	0.0087	0.0070	0.0017	0.1087	0.0641	0.0446	0.0195	0.0191	0.0005	0.0891	0.0450	0.0441	0.1407	0.0722	1.6371	0.9216	0.9548	0.0184	0.1147	0.0305	2.0140	1.0569	1.6374	0.2223	0.1671	0.1696	0.0635	1.2517	2.2588	0.2239
28	61	0.4568	8	0	1	0	0	0	0	0	0	N	N	N	N	N	N	N	N	N	N	N	N	504.5504	714.5560	0.0260	0.0109	0.0000	0.2099	1763.4212	inf	0.0000	28.7318	32.3211	0.0021	0.0012	0.0000	0.0533	35.3003	40.6297	0.0000	0.0569	0.0452	0.0792	0.1123	0.0872	0.2539	0.0200	0.0000	0.0422	0.0000	0.9218	-0.0955	-0.0013	1.7961	1.0140	15.9291	12.0537	0.9998	0.9998	0.0000	0.0000	0.0000	0.0000	0.9998	0.9998	0.0000	0.0306	0.0159	0.0147	0.0241	0.0159	0.0082	0.0064	0.0000	0.0064	0.0348	0.0309	0.0039	0.0065	0.0063	0.0001	0.0283	0.0246	0.0037	0.5366	0.3515	0.1851	0.2146	0.1823	0.0323	0.3219	0.1692	0.1527	504.5504	714.5560	0.0260	0.0109	0.0000	0.2099	1763.4212	inf	0.0000	0.0569	0.0452	0.0792	0.1123	0.0872	0.2539	0.0200	0.0000	0.0422
28	62	0.3809	5	0	1	0	0	0	0	0	0	N	N	N	N	N	N	N	N	N	N	N	N	0.9222	0.0000	4.4429	0.6940	0.0000	1.6734	0.8765	0.0000	5.8725	1.5826	0.0000	12.6493	0.7721	0.0000	5.3708	2.0069	0.0000	17.3972	1.7162	1.1947	2.8471	1.1125	0.8861	3.2096	2.2898	1.6748	2.9625	inf	1.0988	1.0870	0.0087	1.7961	22.0948	15.9291	64.3951	1.2019	0.0000	1.2019	0.2015	0.0000	0.2015	1.0004	0.0000	1.0004	3.5662	1.6992	1.8670	1.1263	0.7670	0.3593	2.4399	0.9322	1.5077	0.7594	0.6644	0.0950	0.2609	0.2234	0.0375	0.4985	0.4410	0.0575	2.0780	1.4222	0.6558	1.0124	0.8656	0.1468	1.0656	0.5566	0.5089	0.9222	0.0000	4.4429	0.6940	0.0000	2.1947	0.8765	0.0000	5.8725	1.7162	1.1947	2.8471	1.1125	0.8861	2.4471	2.2898	1.6748	2.9625
28	63	0.1741	4	0	1	0	0	0	0	0	0	N	N	N	N	N	N	N	N	N	N	N	N	5.2960	5.7739	0.0409	0.0280	0.0035	0.3064	6.1855	5.6377	0.0023	9.7073	10.9297	0.0703	0.0491	0.0052	1.5867	11.7094	13.4609	0.0032	1.8330	1.8929	1.7156	1.7519	1.5058	5.1782	1.8931	2.3876	1.3867	0.0008	0.4633	-0.0947	-0.4298	1.7961	3.0638	15.9291	18.8214	0.9989	0.9980	0.0008	0.0009	0.0001	0.0008	0.9980	0.9980	0.0000	2.1021	1.4365	0.6656	0.8554	0.6411	0.2143	1.2466	0.7954	0.4512	0.1029	0.0913	0.0116	0.0177	0.0172	0.0005	0.0852	0.0741	0.0111	1.1468	0.7589	0.3879	0.4883	0.4257	0.0625	0.6585	0.3331	0.3254	5.2960	5.7739	0.0409	0.0280	0.0035	0.4630	6.1855	5.6377	0.0023	1.8330	1.8929	1.7156	1.7519	1.5058	3.4271	1.8931	2.3876	1.3867
28	64	0.0850	2	1	2	1	0	0	0	0	0	N	Y	N	N	N	N	N	N	N	N	N	N	0.1795	0.0000	0.5000	2.0289	0.0000	9.9107	0.1013	0.3191	0.0554	0.0000	0.4185	0.0894	0.0000	2.3707	0.0477	0.0000	0.3101	0.3087	0.0009	0.8369	0.0441	0.0018	0.2392	0.4712	0.0000	0.9717	inf	552.6229	0.0018	0.0766	1.7961	1.0029	15.9291	8.4685	0.0020	0.0000	0.0020	0.0006	0.0000	0.0006	0.0014	0.0000	0.0014	0.1606	0.0003	0.1603	0.0087	0.0003	0.0084	0.1518	0.0000	0.1518	0.0369	0.0320	0.0049	0.0068	0.0066	0.0003	0.0301	0.0254	0.0046	0.5201	0.3286	0.1915	0.1978	0.1626	0.0352	0.3223	0.1660	0.1563	0.1795	0.0000	0.5000	2.0289	0.0000	9.9107	0.1013	0.0000	0.3191	0.3087	0.0009	0.8369	0.0441	0.0018	0.2392	0.4712	0.0000	0.9717	
28	66	0.4568	8	0	2	0	0	0	0	0	0	N	Y	N	N	N	N	N	N	N	N	N	N	0.1130	0.1541	0.0268	0.3070	0.3895	0.2165	0.0000	0.0000	0.0063	0.0068	0.0021	0.0338	0.0333	0.0534	0.0000	0.0000	0.0000	0.0556	0.0442	0.0772	0.1100	0.0855	0.2469	0.0195	0.0000	0.0411	0.0379	0.9218	-0.0000	-0.0013	1.7961	1.0110	15.9291	12.5479	0.0002	0.0002	0.0000	0.0002	0.0002	0.0000	0.0000	0.0000	0.0000	0.0306	0.0159	0.0147	0.0241	0.0159	0.0082	0.0064	0.0000	0.0064	0.0347	0.0308	0.0039	0.0065	0.0063	0.0001	0.0282	0.0245	0.0037	0.5497	0.3598	0.1899	0.2193	0.1860	0.0333	0.3305	0.1738	0.1567	0.1130	0.1541	0.0268	0.3070	0.3895	0.2165	0.0000	0.0000	0.0000	0.0556	0.0442	0.0772	0.1100	0.0855	0.2469	0.0195	0.0000	0.0411	
28	67	0.4504	7	0	1	0	0	0	0	0	0	N	N	N	N	N	N	N	N	N	N	N	N	0.0192	0.0189	0.0068	0.0068	0.0054	0.0330	0.0467	0.0547	0.0000	0.0070	0.0076	0.0019	0.0040	0.0030	0.0498	0.0077	0.0088	0.0000	0.3639	0.4037	0.2741	0.5863	0.5451	1.5086	0.1644	0.1617	0.1669	0.0305	0.3011	-0.0000	-0.0278	1.7961	0.9784	15.9291	1.5217	0.0002	0.0002	0.0000	0.0000	0.0000	0.0000	0.0002	0.0002	0.0000	0.0959	0.0737	0.0222	0.0731	0.0628	0.0102	0.0228	0.0109	0.0120	0.0336	0.0298	0.0037	0.0062	0.0061	0.0001	0.0274	0.0238	0.0036	0.2635	0.1826	0.0810	0.1246	0.1153	0.0094	0.1389	0.0673	0.0716	0.0192	0.0189	0.0068	0.0068	0.0054	0.0455	0.0467	0.0547	0.0000	0.3639	0.4037	0.2741	0.5863	0.5451	1.0930	0.1644	0.1617	0.1669
28	68	0.4202	6	0	1	0	0	0	0	0	0	N	N	N	N	N	N	N	N	N	N	N	N	0.0154	0.0017	0.0770	0.0586	0.0028	0.3784	0.0010	0.0016	0.0000	0.0069	0.0005	0.0575	0.0340	0.0010	1.0571	0.0003	0.0004	0.0000	0.4497	0.3039	0.7467	0.5804	0.3477	2.7934	0.3305	0.2393	0.4283	14.1900	1.2051	0.0002	0.0062	1.7961	1.0531	15.9291	9.0748	0.0003	0.0000	0.0002	0.0002	0.0000	0.0002	0.0000	0.0000	0.0000	0.2436	0.1105	0.1331	0.1499	0.0754	0.0746	0.0936	0.0351	0.0586	0.0371	0.0329	0.0042	0.0073	0.0071	0.0002	0.0298	0.0259	0.0040	0.5417	0.3634	0.1783	0.2583	0.2167	0.0416	0.2834	0.1467	0.1367	0.0154	0.0017	0.0770	0.0586	0.0028	0.5892	0.0010	0.0016	0.0000	0.4497	0.3039	0.7467	0.5804	0.3477	1.7942	0.3305	0.2393	0.4283
28	71	0.1200	5	0	1	1	0	0	0	0	0	N	N	N	N	N	N	N	N	N	N	N	N	0.0000	0.0000	0.0000	0.0000	0.0000	0.0000	0.0000	0.0000	0.0000	0.0000	0.0000	0.0000	0.0000	0.0000	0.0000	0.0000	0.0000	0.0028	0.0011	0.0060	0.0037	0.0021	0.0131	0.0023	0.0000	0.0047	3.0000	0.0000	0.0000	1.7961	1.0000	15.9291	0.0055	0.0000	0.0000	0.0000	0.0000	0.0000	0.0000	0.0000	0.0000	0.0000	0.0001	0.0000	0.0001	0.0000	0.0000	0.0000	0.0000	0.0000	0.0000	0.0150	0.0130	0.0020	0.0000	0.0000	0.0000	0.0150	0.0130	0.0020	0.0281	0.0180	0.0101	0.0109	0.0093	0.0015	0.0172	0.0087	0.0085	0.0000	0.0000	0.0000	0.0000	0.0000	0.0000	0.0000	0.0000	0.0000	0.0028	0.0011	0.0060	0.0037	0.0021	0.0131	0.0023	0.0000	0.0047		
28	72	0.1134	4	0	1	1	0	0	0	0	0	N	N	N	N	N	N	N	N	N	N	N	N	0.0000	0.0000	0.0000	0.0000	0.0000	0.0000	0.0000	0.0000	0.0000	0.0000	0.0000	0.0000	0.0000	0.0000	0.0000	0.0000	0.0000	0.0000	0.1091	0.0964	0.1333	0.1667	0.1808	0.0699	0.0715	0.0021	0.1441	0.7310	0.0000	-0.0003	1.7961	0.0000	15.9291	1.0265	0.0000	0.0000	0.0000	0.0000	0.0000	0.0000	0.0000	0.0000	0.0000	0.0034	0.0020	0.0014	0.0021	0.0019	0.0001	0.0013	0.0000	0.0013	0.0000	0.0000	0.0000	0.0000	0.0000	0.0000	0.0000	0.0000	0.0000	0.0312	0.0204	0.0108	0.0124	0.0108	0.0016	0.0189	0.0097	0.0092	0.0000	0.0000	0.0000	0.0000	0.0000	0.0000	0.0000	0.0000	0.0000	0.1091	0.0964	0.1333	0.1667	0.1808	0.0699	0.0715	0.0021	0.1441	
28	73	0.1079	3	0	1	0	0	0	0	0	0	N	N	N	N	N	N	N	N	N	N	N	N	0.0000	0.0000	0.0000	0.0000	0.0000	0.0000	0.0000	0.0000	0.0000	0.0000	0.0000	0.0000	0.0000	0.0000	0.0000	0.0000	0.0000	0.0000	0.1487	0.1173	0.2138	0.1475	0.1541	0.0760	0.1501	0.0293	0.2353	0.8810	0.0000	-0.0024	1.7961	0.0000	15.9291	1.0321	0.0000	0.0000	0.0000	0.0000	0.0000	0.0000	0.0000	0.0000	0.0000	0.0459	0.0244	0.0215	0.0236	0.0226	0.0010	0.0222	0.0018	0.0205	0.0214	0.0158	0.0057	0.0125	0.0110	0.0014	0.0090	0.0047	0.0043	0.3084	0.2079	0.1005	0.1601	0.1466	0.0136	0.1482	0.0613	0.0869	0.0000	0.0000	0.0000	0.0000	0.0000	0.0000	0.0000	0.0000	0.0000	0.1487	0.1173	0.2138	0.1475	0.1541	0.0760	0.1501	0.0293	0.2353	
28	74	0.0851	2	0	1	0	0	0	0	0	0	N	N	N	N	N	N	N	N	N	N	N	N	0.2698	0.4466	0.3053	0.6915	0.5766	0.5982	0.1610	0.0229	0.2482	0.6607	0.3214	1.6241	0.8875	0.6444	3.1412	0.5059	0.0050	1.3530	2.4490	0.7196	5.3206	1.2834	1.1176	5.2511	3.1418	0.2205	5.4512	1.7794	4.4531	0.0170	0.5529	1.7961	0.5629	15.9291	8.5245	0.0312	0.0112	0.0200	0.0170	0.0111	0.0059	0.0142	0.0001	0.0141	1.8708	0.3431	1.5277	0.3655	0.2964	0.0691	1.5053	0.0466	1.4587	0.0472	0.0349	0.0123	0.0191	0.0173	0.0019	0.0281	0.0176	0.0104	0.7639	0.4768	0.2871	0.2848	0.2652	0.0196	0.4791	0.2115	0.2676	0.2698	0.4466	0.3053	0.6915	0.5766	0.8891	0.1610	0.0229	0.2482	2.4490	0.7196	5.3206	1.2834	1.1176	3.5329	3.1418	0.2205	5.4512
28	75	0.1021	3	0	2	0	0	0	0	0	0	N	Y	N	N	N	N	N	N	N	N	N	N	0.0000	0.0000	0.0000	0.0000	0.0000	0.0000	0.0000	0.0000	0.0000	0.0000	0.0000	0.0000	0.0000	0.0000	0.0000	0.0000	0.0000	4.5784	0.0003	14.7993	0.0124	0.0006	0.1053	7.5301	0.0000	17.2315	20352.3373	0.0000	0.4834	1.7961	1.9994	15.9291	4.0943	0.0000	0.0000	0.0000	0.0000	0.0000	0.0000	0.0000	0.0000	0.0000	1.0095	0.0000	1.0095	0.0011	0.0000	0.0010	1.0085	0.0000	1.0085	0.0303	0.0264	0.0039	0.0000	0.0000	0.0000	0.0303	0.0264	0.0039	0.2205	0.1523	0.0682	0.0866	0.0769	0.0097	0.1339	0.0754	0.0585	0.0000	0.0000	0.0000	0.0000	0.0000	0.0000	0.0000	0.0000	0.0000	4.5784	0.0003	14.7993	0.0124	0.0006	0.1053	7.5301	0.0000	17.2315		
28	76	0.0959	2	0	1	0	0	0	0	0	0	N	N	N	N	N	N	N	N	N	N	N	N	0.0000	0.0000	0.0000	0.0000	0.0000	0.0000	0.0000	0.0000	0.0000	0.0000	0.0000	0.0000	0.0000	0.0000	0.0000	0.0000	0.0000	0.0000	0.4653	0.1802	1.1052	0.2840	0.2780	0.3429	0.5964	0.0602	1.2141	2.7328	0.0000	0.0125	1.7961	0.0011	15.9291	2.7207	0.0000	0.0000	0.0000	0.0000	0.0000	0.0000	0.0000	0.0000	0.0000	0.0593	0.0159	0.0434	0.0152	0.0135	0.0017	0.0441	0.0024	0.0417	0.0000	0.0000	0.0000	0.0000	0.0000	0.0000	0.0000	0.0000	0.0000	0.1274	0.0881	0.0393	0.0534	0.0485	0.0049	0.0739	0.0396	0.0344	0.0000	0.0000	0.0000	0.0000	0.0000	0.0000	0.0000	0.0000	0.0000	0.4653	0.1802	1.1052	0.2840	0.2780	0.3429	0.5964	0.0602	1.2141	
28	78	0.0839	2	1	1	1	0	0	0	0	0	N	N	N	N	N	N	N	N	N	N	N	N	0.0039	0.0679	0.0000	0.0076	0.0085	0.0000	0.0000	0.0000	0.0001	0.0001	0.0000	0.0002	0.0002	0.0000	0.0000	0.0000	0.0000	0.0312	0.0019	0.0595	0.0273	0.0256	0.0469	0.0314	0.0000	0.0596	0.0000	32.0211	-0.0000	0.0009	1.7961	1.6246	15.9291	0.0115	0.0000	0.0000	0.0000	0.0000	0.0000	0.0000	0.0000	0.0000	0.0000	0.0019	0.0001	0.0019	0.0001	0.0001	0.0000	0.0019	0.0000	0.0019	0.1392	0.1306	0.0086	0.0819	0.0786	0.0033	0.0573	0.0520	0.0053	0.0621	0.0305	0.0316	0.0025	0.0023	0.0002	0.0596	0.0282	0.0314	0.0039	0.0679	0.0000	0.0076	0.0085	0.0000	0.0000	0.0000	0.0000	0.0312	0.0019	0.0595	0.0273	0.0256	0.0469	0.0314	0.0000	0.0596	
28	83	0.1741	4	0	1	0	0	0	0	0	0	N	N	N	N	N	N	N	N	N	N	N	N	0.0061	0.0074	0.0100	0.0836	0.1455	0.2390	0.0001	0.0000	0.0005	0.0093	0.0074	0.0248	0.0543	0.0400	0.7814	0.0001	0.0000	0.0011	1.5255	0.9958	2.4881	0.6497	0.2753	3.2696	2.0490	1.7125	2.4088	0.4008	1.3750	0.0005	0.1268	1.7961	10.0679	15.9291	33.8159	0.0028	0.0020	0.0008	0.0028	0.0020	0.0008	0.0000	0.0000	0.0000	2.1911	0.9226	1.2685	0.3491	0.1272	0.2220	1.8420	0.7954	1.0466	0.3068	0.2740	0.0328	0.0517	0.0507	0.0010	0.2551	0.2233	0.0318	1.4363	0.9265	0.5099	0.5373	0.4620	0.0754	0.8990	0.4645	0.4345	0.0061	0.0074	0.0100	0.0836	0.1455	0.2653	0.0001	0.0000	0.0005	1.5255	0.9958	2.4881	0.6497	0.2753	2.9452	2.0490	1.7125	2.4088
28	84	0.1465	3	0	1	0	0	0	0	0	0	N	N	N	N	N	N	N	N	N	N	N	N	0.0461	0.0336	0.1312	0.1415	0.0579	0.4219	0.0240	0.0227	0.0263	0.1297	0.0864	0.4340	0.3020	0.1090	2.8242	0.0798	0.0793	0.0828	2.8103	2.5695	3.3080	2.1343	1.8841	6.6937	3.3217	3.4912	3.1488	0.7142	0.6227	0.0015	-0.4281	1.7961	0.9441	15.9291	14.0836	0.0048	0.0028	0.0020	0.0025	0.0008	0.0017	0.0023	0.0020	0.0003	3.1170	1.9208	1.1961	1.0196	0.8078	0.2118	2.0974	1.1131	0.9843	0.0370	0.0324	0.0046	0.0083	0.0077	0.0006	0.0287	0.0247	0.0040	1.1091	0.7475	0.3616	0.4777	0.4287	0.0490	0.6314	0.3188	0.3126	0.0461	0.0336	0.1312	0.1415	0.0579	0.6531	0.0240	0.0227	0.0263	2.8103	2.5695	3.3080	2.1343	1.8841	4.3241	3.3217	3.4912	3.1488
28	85	0.4287	6	0	1	0	0	0	0	0	0	N	N	N	N	N	N	N	N	N	N	N	N	1.2011	1.1001	0.0112	1.9751	2.0312	52.6693	0.0298	0.0349	0.0006	0.9621	1.1086	0.0039	2.4101	2.8751	0.0077	0.0125	0.0141	0.0003	0.8010	1.0078	0.3476	1.2202	1.4154	0.0001	0.4210	0.4043	0.4396	0.0005	0.1574	-0.0631	-0.4289	1.7961	15.0008	15.9291	28.2980	0.6637	0.6633	0.0004	0.6584	0.6581	0.0003	0.0052	0.0052	0.0000	1.1137	0.9623	0.1514	0.8066	0.8066	0.0000	0.3071	0.1557	0.1514	0.6898	0.5983	0.0915	0.2732	0.2289	0.0443	0.4166	0.3694	0.0472	1.3904	0.9549	0.4356	0.6611	0.5699	0.0912	0.7294	0.3850	0.3444	1.2011	1.1001	0.0112	1.9751	2.0312	52.6693	0.0298	0.0349	0.0006	0.8010	1.0078	0.3476	1.2202	1.4154	0.0001	0.4210	0.4043	0.4396
28	86	0.4287	6	0	1	0	0	0	0	0	0	N	N	N	N	N	N	N	N	N	N	N	N	0.5140	0.5106	0.0048	1.4425	1.6651	0.0118	0.0092	0.0070	0.0004	0.8698	1.0274	0.0045	1.7626	2.1890	0.0071	0.0200	0.0226	0.0004	1.6923	2.0121	0.9403	1.2219	1.3146	0.6000	2.1852	3.2242	1.0376	0.0008	0.1988	-0.0420	-0.8142	1.7961	10.8154	15.9291	27.4443	0.4428	0.4424	0.0004	0.4375	0.4372	0.0003	0.0052	0.0052	0.0000	2.2917	1.9117	0.3800	0.8468	0.7928	0.0539	1.4449	1.1189	0.3260	0.5091	0.4306	0.0785	0.2482	0.1997	0.0485	0.2608	0.2309	0.0299	1.3542	0.9501	0.4041	0.6930	0.6031	0.0899	0.6612	0.3470	0.3142	0.5140	0.5106	0.0048	1.4425	1.6651	0.0118	0.0092	0.0070	0.0004	1.6923	2.0121	0.9403	1.2219	1.3146	0.6000	2.1852	3.2242	1.0376
28	87	0.3809	5	0	1	0	0	0	0	0	0	N	N	N	N	N	N	N	N	N	N	N	N	1.1052	0.9444	1.8537	1.6123	1.4694	1.1537	0.0313	0.0155	0.1519	1.0856	0.9051	1.9316	1.8041	1.5960	2.5418	0.0252	0.0106	0.1427	0.9823	0.9583	1.0420	1.1190	1.0862	2.2032	0.8066	0.6820	0.9395	0.4555	0.4350	0.0790	-0.4316	1.7961	2.7608	15.9291	22.4044	0.3632	0.2496	0.1137	0.3598	0.2483	0.1115	0.0034	0.0013	0.0021	1.9803	1.3800	0.6003	1.2686	1.0693	0.1993	0.7117	0.3107	0.4010	0.3346	0.2757	0.0588	0.1994	0.1556	0.0439	0.1351	0.1202	0.0150	2.0161	1.4400	0.5761	1.1337	0.9845	0.1493	0.8823	0.4555	0.4268	1.1052	0.9444	1.8537	1.6123	1.4694	1.9037	0.0313	0.0155	0.1519	0.9823	0.9583	1.0420	1.1190	1.0862	1.3352	0.8066	0.6820	0.9395
28	88	0.2511	4	0	1	0	0	0	0	0	0	N	N	N	N	N	N	N	N	N	N	N	N	0.3410	0.3071	0.3037	0.9895	0.9818	0.6469	0.0077	0.0003	0.0727	0.6959	0.7338	0.4040	2.8646	2.9309	2.0738	0.0108	0.0005	0.0818	2.0404	2.3891	1.3303	2.8951	2.9853	3.2057	1.4058	1.6597	1.1243	0.0714	0.2734	-0.0062	-1.1452	1.7961	8.8820	15.9291	49.9570	0.2149	0.2006	0.0143	0.2123	0.2004	0.0119	0.0025	0.0001	0.0024	3.7379	2.9354	0.8025	2.2601	2.0182	0.2419	1.4778	0.9172	0.5606	0.3088	0.2733	0.0355	0.0741	0.0684	0.0057	0.2347	0.2049	0.0297	1.8319	1.2287	0.6032	0.7807	0.6761	0.1046	1.0512	0.5526	0.4986	0.3410	0.3071	0.3037	0.9895	0.9818	0.8968	0.0077	0.0003	0.0727	2.0404	2.3891	1.3303	2.8951	2.9853	2.3124	1.4058	1.6597	1.1243
28	90	0.1358	6	0	2	0	1	0	0	0	0	N	Y	N	N	N	N	N	N	N	N	N	N	0.0000	0.0000	0.0000	0.0000	0.0000	0.0000	0.0000	0.0000	0.0000	0.0000	0.0000	0.0000	0.0000	0.0000	0.0000	0.0000	0.0000	0.0000	0.0000	0.0000	1.7961	0.0000	15.9291	0.0000	0.0000	0.0000	0.0000	0.0000	0.0000	0.0000	0.0000	0.0000	0.0000	0.0000	0.0000	0.0000	0.0000	0.0000	0.0000	0.0000	0.0000	0.0000	0.0000	0.0000	0.0000	0.0000	0.0000	0.0000	0.0000	0.0000	0.0000	0.0000	0.0000	0.0000	0.0000	0.0000	0.0000	0.0000	0.0000	0.0000	0.0000	0.0000	0.0000	0.0000	0.0000	0.0000	0.0000	0.0000	0.0000	0.0000	0.0000	0.0000	0.0000	0.0000	0.0000	0.0000	0.0000	0.0000											
28	91	0.1251	5	0	2	0	1	0	0	0	0	N	Y	N	N	N	N	N	N	N	N	N	N	0.0000	0.0000	0.0000	0.0000	0.0000	0.0000	0.0000	0.0000	0.0000	0.0000	0.0000	0.0000	0.0000	0.0000	0.0000	0.0000	0.0000	0.0000	0.0000	0.0000	1.7961	1.0000	15.9291	3.0000	0.0000	0.0000	0.0000	0.0000	0.0000	0.0000	0.0000	0.0000	0.0000	0.0000	0.0000	0.0000	0.0000	0.0000	0.0000	0.0000	0.0000	0.0000	0.0288	0.0260	0.0028	0.0109	0.0102	0.0007	0.0179	0.0158	0.0021	0.1325	0.0662	0.0664	0.0142	0.0120	0.0022	0.1184	0.0542	0.0641	0.0000	0.0000	0.0000	0.0000	0.0000	0.0000	0.0000	0.0000	0.0000	0.0000	0.0000	0.0000	0.0000	0.0000	0.0000	0.0000	0.0000	0.0000											
28	92	0.1185	3	0	2	0	0	0	0	0	0	N	Y	N	N	N	N	N	N	N	N	N	N	0.0000	0.0000	0.0000	0.0000	0.0000	0.0000	0.0000	0.0000	0.0000	0.0000	0.0000	0.0000	0.0000	0.0000	0.0000	0.0000	0.0000	0.0000	0.0000	0.0000	1.7961	0.0000	15.9291	0.0000	0.0000	0.0000	0.0000	0.0000	0.0000	0.0000	0.0000	0.0000	0.0000	0.0000	0.0000	0.0000	0.0000	0.0000	0.0000	0.0000	0.0000	0.0000	0.0000	0.0000	0.0000	0.0000	0.0000	0.0000	0.0000	0.0000	0.0000	0.0000	0.0000	0.0000	0.0000	0.0000	0.0000	0.0000	0.0000	0.0000	0.0000	0.0000	0.0000	0.0000	0.0000	0.0000	0.0000	0.0000	0.0000	0.0000	0.0000	0.0000	0.0000	0.0000	0.0000	0.0000	0.0000	0.0000											
28	93	0.1251	5	0	1	1	1	0	0	0	0	N	N	N	N	N	N	N	N	N	N	N	N	0.0000	0.0000	0.0000	0.0000	0.0000	0.0000	0.0000	0.0000	0.0000	0.0000	0.0000	0.0000	0.0000	0.0000	0.0000	0.0000	0.0000	0.0000	0.0000	0.0000	1.7961	0.0000	15.9291	0.0000	0.0000	0.0000	0.0000	0.0000	0.0000	0.0000	0.0000	0.0000	0.0000	0.0000	0.0000	0.0000	0.0000	0.0000	0.0000	0.0000	0.0000	0.0000	0.0000	0.0000	0.0000	0.0000	0.0000	0.0000	0.0000	0.0000	0.0000	0.0000	0.0000	0.0000	0.0000	0.0000	0.0000	0.0000	0.0000	0.0000	0.0000	0.0000	0.0000	0.0000	0.0000	0.0000	0.0000	0.0000	0.0000	0.0000	0.0000	0.0000	0.0000	0.0000	0.0000	0.0000	0.0000	0.0000											
28	94	0.1224	4	0	1	0	1	0	0	0	0	N	N	N	N	N	N	N	N	N	N	N	N	0.0000	0.0000	0.0000	0.0000	0.0000	0.0000	0.0000	0.0000	0.0000	0.0000	0.0000	0.0000	0.0000	0.0000	0.0000	0.0000	0.0000	0.0000	0.0000	0.0000	1.7961	1.0000	15.9291	0.0097	0.0000	0.0000	0.0000	0.0000	0.0000	0.0000	0.0000	0.0000	0.0000	0.0000	0.0000	0.0000	0.0000	0.0000	0.0000	0.0000	0.0000	0.0000	0.0288	0.0260	0.0028	0.0109	0.0102	0.0007	0.0179	0.0158	0.0021	0.0360	0.0179	0.0181	0.0044	0.0038	0.0006	0.0316	0.0141	0.0175	0.0000	0.0000	0.0000	0.0000	0.0000	0.0000	0.0000	0.0000	0.0000	0.0000	0.0000	0.0000	0.0000	0.0000	0.0000	0.0000	0.0000	0.0000											
28	95	0.1224	4	0	1	1	1	0	0	0	0	N	N	N	N	N	N	N	N	N	N	N	N	0.0000	0.0000	0.0000	0.0000	0.0000	0.0000	0.0000	0.0000	0.0000	0.0000	0.0000	0.0000	0.0000	0.0000	0.0000	0.0000	0.0000	0.0000	0.0000	0.0000	1.7961	2.0000	15.9291	3.0050	0.0000	0.0000	0.0000	0.0000	0.0000	0.0000	0.0000	0.0000	0.0000	0.0000	0.0000	0.0000	0.0000	0.0000	0.0000	0.0000	0.0000	0.0000	0.0568	0.0512	0.0056	0.0213	0.0200	0.0014	0.0355	0.0313	0.0042	0.1651	0.0826	0.0826	0.0181	0.0154	0.0027	0.1470	0.0672	0.0798	0.0000	0.0000	0.0000	0.0000	0.0000	0.0000	0.0000	0.0000	0.0000	0.0000	0.0000	0.0000	0.0000	0.0000	0.0000	0.0000	0.0000	0.0000											
28	96	0.1224	4	0	1	1	1	0	0	0	0	N	N	N	N	N	N	N	N	N	N	N	N	0.0000	0.0000	0.0000	0.0000	0.0000	0.0000	0.0000	0.0000	0.0000	0.0000	0.0000	0.0000	0.0000	4.4466	8.8687	0.0000	0.0000	0.0000	0.0000	4.9874	10.8581	0.0000	0.0000	0.0000	-0.5211	1.7961	0.0000	15.9291	6.9903	0.0000	0.0000	0.0000	0.0000	0.0000	0.0000	0.0000	0.0000	0.0000	1.0000	1.0000	0.0000	0.0000	0.0000	0.0000	1.0000	1.0000	0.0000	0.0000	0.0000	0.0000	0.0000	0.0000	0.0000	0.0000	0.0000	0.0000	0.2249	0.1128	0.1121	0.0244	0.0207	0.0037	0.2005	0.0921	0.1084	0.0000	0.0000	0.0000	0.0000	0.0000	0.0000	0.0000	0.0000	0.0000	4.4466	8.8687	0.0000	0.0000	0.0000	0.0000	4.9874	10.8581	0.0000						
28	97	0.1169	3	0	1	0	1	0	0	0	0	N	N	N	N	N	N	N	N	N	N	N	N	0.0000	0.0000	0.0000	0.0000	0.0000	0.0000	0.0000	0.0000	0.0000	0.0000	0.0000	0.0000	0.0000	0.0000	0.0000	0.0000	0.0011	0.0014	0.0008	0.0059	0.0066	0.0000	0.0004	0.0000	0.0008	0.4800	0.0000	-0.0000	1.7961	0.9999	15.9291	1.0605	0.0000	0.0000	0.0000	0.0000	0.0000	0.0000	0.0000	0.0000	0.0000	0.0001	0.0001	0.0000	0.0001	0.0001	0.0000	0.0000	0.0000	0.0000	0.0622	0.0578	0.0044	0.0267	0.0257	0.0010	0.0355	0.0322	0.0033	0.0808	0.0424	0.0384	0.0103	0.0091	0.0012	0.0706	0.0333	0.0372	0.0000	0.0000	0.0000	0.0000	0.0000	0.0000	0.0000	0.0000	0.0000	0.0011	0.0014	0.0008	0.0059	0.0066	0.0000	0.0004	0.0000	0.0008			
28	98	0.1147	2	0	1	0	1	0	0	0	0	N	N	N	N	N	N	N	N	N	N	N	N	44.0872	98.1292	14.4578	35.6708	35.7115	56.0316	206.0927	20.3673	0.4737	0.5113	0.2519	0.3511	0.3837	0.0000	0.6113	0.6774	0.3653	0.0107	0.0052	0.0174	0.0098	0.0107	0.0000	0.0109	0.0033	0.0179	0.0834	2.7713	-0.0000	0.0001	1.7961	0.0012	15.9291	1.0414	0.0001	0.0001	0.0000	0.0000	0.0000	0.0000	0.0001	0.0000	0.0000	0.0005	0.0001	0.0004	0.0001	0.0001	0.0000	0.0004	0.0001	0.0004	0.0002	0.0002	0.0000	0.0001	0.0001	0.0000	0.0001	0.0001	0.0000	0.0450	0.0246	0.0204	0.0069	0.0063	0.0006	0.0381	0.0183	0.0198	44.0872	98.1292	14.4578	35.6708	35.7115	0.0000	56.0316	206.0927	20.3673	0.0107	0.0052	0.0174	0.0098	0.0107	0.0000	0.0109	0.0033	0.0179	
28	101	0.1216	4	1	2	0	0	0	0	0	0	N	Y	N	N	N	N	N	N	N	N	N	N	0.0000	0.0000	0.0000	0.0000	0.0000	0.0000	0.0000	0.0000	0.0000	0.0000	0.0000	0.0000	0.0000	0.0000	0.0000	0.0000	0.0000	0.0000	0.0000	0.0000	1.7961	0.0000	15.9291	3.0000	0.0000	0.0000	0.0000	0.0000	0.0000	0.0000	0.0000	0.0000	0.0000	0.0000	0.0000	0.0000	0.0000	0.0000	0.0000	0.0000	0.0000	0.0000	0.0000	0.0000	0.0000	0.0000	0.0000	0.0000	0.0000	0.0000	0.0000	0.1064	0.0535	0.0529	0.0105	0.0088	0.0017	0.0959	0.0446	0.0513	0.0000	0.0000	0.0000	0.0000	0.0000	0.0000	0.0000	0.0000	0.0000	0.0000	0.0000	0.0000	0.0000	0.0000	0.0000	0.0000	0.0000	0.0000											
28	102	0.1185	3	1	2	0	0	0	0	0	0	N	Y	N	N	N	N	N	N	N	N	N	N	0.0000	0.0000	0.0000	0.0000	0.0000	0.0000	0.0000	0.0000	0.0000	0.0000	0.0000	0.0000	0.0000	0.0000	0.0000	0.0000	0.0000	0.0000	0.0000	0.0000	1.7961	0.0000	15.9291	1.0000	0.0000	0.0000	0.0000	0.0000	0.0000	0.0000	0.0000	0.0000	0.0000	0.0000	0.0000	0.0000	0.0000	0.0000	0.0000	0.0000	0.0000	0.0000	0.0000	0.0000	0.0000	0.0000	0.0000	0.0000	0.0000	0.0000	0.0000	0.0370	0.0185	0.0184	0.0037	0.0031	0.0006	0.0333	0.0155	0.0179	0.0000	0.0000	0.0000	0.0000	0.0000	0.0000	0.0000	0.0000	0.0000	0.0000	0.0000	0.0000	0.0000	0.0000	0.0000	0.0000	0.0000	0.0000											
28	103	0.1147	2	0	2	0	0	0	0	0	0	N	Y	N	N	N	N	N	N	N	N	N	N	26.9438	176.5499	0.0000	74.7004	75.5294	0.0000	0.0000	0.2342	0.2803	0.0000	0.4223	0.4664	0.0000	0.0000	0.0000	0.0000	0.0087	0.0016	0.0172	0.0057	0.0062	0.0000	0.0092	0.0000	0.0178	0.0000	9.0197	-0.0000	0.0001	1.7961	0.0006	15.9291	1.0534	0.0000	0.0000	0.0000	0.0000	0.0000	0.0000	0.0000	0.0000	0.0000	0.0004	0.0000	0.0004	0.0000	0.0000	0.0000	0.0004	0.0000	0.0004	0.0002	0.0001	0.0000	0.0001	0.0001	0.0000	0.0001	0.0001	0.0000	0.0454	0.0248	0.0206	0.0070	0.0064	0.0006	0.0384	0.0184	0.0200	26.9438	176.5499	0.0000	74.7004	75.5294	0.0000	0.0000	0.0000	0.0000	0.0087	0.0016	0.0172	0.0057	0.0062	0.0000	0.0092	0.0000	0.0178		
28	109	0.3335	5	0	1	0	0	0	0	0	0	N	N	N	N	N	N	N	N	N	N	N	N	0.0125	0.0001	0.0646	0.0595	0.0002	0.5332	0.0001	0.0000	0.0005	0.0142	0.0000	0.1293	0.0685	0.0002	1.7093	0.0001	0.0000	0.0009	1.1358	0.7326	2.0028	1.1513	0.9506	3.2059	1.1217	0.4155	1.9152	357.1422	1.2713	0.0032	0.0665	1.7961	7.7801	15.9291	32.2209	0.0036	0.0000	0.0036	0.0036	0.0000	0.0035	0.0000	0.0000	0.0000	1.7207	0.7576	0.9631	0.8274	0.5826	0.2449	0.8933	0.1750	0.7183	0.2531	0.2255	0.0276	0.0519	0.0498	0.0021	0.2012	0.1756	0.0255	1.5151	1.0342	0.4809	0.7187	0.6128	0.1059	0.7964	0.4213	0.3750	0.0125	0.0001	0.0646	0.0595	0.0002	0.7389	0.0001	0.0000	0.0005	1.1358	0.7326	2.0028	1.1513	0.9506	2.3134	1.1217	0.4155	1.9152
29	30	0.0579	4	1	2	0	1	0	0	0	0	N	Y	N	N	N	N	N	N	N	N	N	N	0.0000	0.0000	0.0000	0.0000	0.0000	0.0000	0.0000	0.0000	0.0000	0.0000	0.0000	0.0000	0.0000	0.0000	0.0000	0.0000	0.0000	0.0000	0.0000	0.0000	0.0000	0.0000	0.0000	19.0400	0.0000	0.0000	0.0000	0.0000	0.0000	0.0000	0.0000	0.0000	0.0000	0.0000	0.0000	0.0000	0.0000	0.0000	0.0000	0.0000	0.0000	0.0000	0.0000	0.0000	0.0000	0.0000	0.0000	0.0000	0.0000	0.0000	0.0000	0.0000	0.0000	0.0000	0.0000	0.0000	0.0000	0.0000	0.0000	0.0000	0.0000	0.0000	0.0000	0.0000	0.0000	0.0000	0.0000	0.0000	0.0000	0.0000	0.0000	0.0000	0.0000	0.0000	0.0000	0.0000	0.0000	0.0000											
29	31	0.0579	4	2	2	0	0	0	0	0	0	Y	Y	N	N	N	N	N	N	N	N	N	N	0.0000	0.0000	0.0000	0.0000	0.0000	0.0000	0.0000	0.0000	0.0000	0.0000	0.0000	0.0000	0.0000	0.0000	0.0000	0.0000	0.0000	0.0000	0.0000	0.0000	0.0000	6.7961	0.0000	16.0091	0.0000	0.0000	0.0000	0.0000	0.0000	0.0000	0.0000	0.0000	0.0000	0.0000	0.0000	0.0000	0.0000	0.0000	0.0000	0.0000	0.0000	0.0000	0.0000	0.0000	0.0000	0.0000	0.0000	0.0000	0.0000	0.0000	0.0000	0.0000	0.0000	0.0000	0.0000	0.0000	0.0000	0.0000	0.0000	0.0000	0.0000	0.0000	0.0000	0.0000	0.0000	0.0000	0.0000	0.0000	0.0000	0.0000	0.0000	0.0000	0.0000	0.0000	0.0000	0.0000	0.0000	0.0000											
29	32	0.4828	11	1	1	1	0	0	0	0	0	N	N	N	N	N	N	N	N	N	N	N	N	0.0000	0.0000	0.0000	0.0000	0.0000	0.0000	0.0000	0.0000	0.0000	0.0000	0.0000	0.0000	0.0000	0.0000	0.0000	0.0000	0.0000	0.0000	0.0000	0.0000	0.0000	2.4598	0.0000	7.4321	0.0000	0.0000	0.0000	0.0000	0.0000	0.0000	0.0000	0.0000	0.0000	0.0000	0.0000	0.0000	0.0000	0.0000	0.0000	0.0000	0.0000	0.0000	0.0000	0.0000	0.0000	0.0000	0.0000	0.0000	0.0000	0.0000	0.0000	0.0000	0.0000	0.0000	0.0000	0.0000	0.0000	0.0000	0.0000	0.0000	0.0000	0.0000	0.0000	0.0000	0.0000	0.0000	0.0000	0.0000	0.0000	0.0000	0.0000	0.0000	0.0000	0.0000	0.0000	0.0000	0.0000	0.0000											
29	33	0.4445	10	1	1	0	0	0	0	0	0	N	N	N	N	N	N	N	N	N	N	N	N	0.0000	0.0000	0.0000	0.0000	0.0000	0.0000	0.0000	0.0000	0.0000	0.0000	0.0000	0.0000	0.0000	0.0000	0.0000	0.0000	0.0000	0.0000	0.0000	0.0000	0.0000	2.7943	0.0000	8.2643	0.0000	0.0000	0.0000	0.0000	0.0000	0.0000	0.0000	0.0000	0.0000	0.0000	0.0000	0.0000	0.0000	0.0000	0.0000	0.0000	0.0000	0.0000	0.0000	0.0000	0.0000	0.0000	0.0000	0.0000	0.0000	0.0000	0.0000	0.0000	0.0000	0.0000	0.0000	0.0000	0.0000	0.0000	0.0000	0.0000	0.0000	0.0000	0.0000	0.0000	0.0000	0.0000	0.0000	0.0000	0.0000	0.0000	0.0000	0.0000	0.0000	0.0000	0.0000	0.0000	0.0000	0.0000											
29	34	0.1134	5	1	2	0	0	0	0	0	0	N	Y	N	N	N	N	N	N	N	N	N	N	0.0000	0.0000	0.0000	0.0000	0.0000	0.0000	0.0000	0.0000	0.0000	0.0000	0.0000	0.0000	0.0000	0.0000	0.0000	0.0000	0.0000	0.0000	0.0000	0.0000	0.0000	0.0009	0.0000	2.4415	0.0000	0.0000	0.0000	0.0000	0.0000	0.0000	0.0000	0.0000	0.0000	0.0000	0.0000	0.0000	0.0000	0.0000	0.0000	0.0000	0.0000	0.0000	0.0000	0.0000	0.0000	0.0000	0.0000	0.0000	0.0000	0.0000	0.0000	0.0000	0.0000	0.0000	0.0000	0.0000	0.0000	0.0000	0.0000	0.0000	0.0000	0.0000	0.0000	0.0000	0.0000	0.0000	0.0000	0.0000	0.0000	0.0000	0.0000	0.0000	0.0000	0.0000	0.0000	0.0000	0.0000	0.0000											
29	35	0.0579	4	2	1	1	0	0	0	0	0	Y	N	N	N	N	N	N	N	N	N	N	N	0.0000	0.0000	0.0000	0.0000	0.0000	0.0000	0.0000	0.0000	0.0000	0.0000	0.0000	0.0000	0.0000	0.0000	0.0000	0.0000	0.0000	0.0000	0.0000	0.0000	0.0000	0.0000	0.0000	5.9600	0.0000	0.0000	0.0000	0.0000	0.0000	0.0000	0.0000	0.0000	0.0000	0.0000	0.0000	0.0000	0.0000	0.0000	0.0000	0.0000	0.0000	0.0000	0.0000	0.0000	0.0000	0.0000	0.0000	0.0000	0.0000	0.0000	0.0000	0.0000	0.0000	0.0000	0.0000	0.0000	0.0000	0.0000	0.0000	0.0000	0.0000	0.0000	0.0000	0.0000	0.0000	0.0000	0.0000	0.0000	0.0000	0.0000	0.0000	0.0000	0.0000	0.0000	0.0000	0.0000	0.0000	0.0000											
29	36	0.1485	5	1	2	0	0	0	0	0	0	N	Y	N	N	N	N	N	N	N	N	N	N	0.0000	0.0000	0.0000	0.0000	0.0000	0.0000	0.0000	0.0000	0.0000	0.0000	0.0000	0.0000	0.0000	0.0000	0.0000	0.0000	0.0000	0.0000	0.0000	0.0000	0.0000	0.0123	0.0000	6.2120	0.0000	0.0000	0.0000	0.0000	0.0000	0.0000	0.0000	0.0000	0.0000	0.0000	0.0000	0.0000	0.0000	0.0000	0.0000	0.0000	0.0000	0.0000	0.0000	0.0000	0.0000	0.0000	0.0000	0.0000	0.0000	0.0000	0.0000	0.0000	0.0000	0.0000	0.0000	0.0000	0.0000	0.0000	0.0000	0.0000	0.0000	0.0000	0.0000	0.0000	0.0000	0.0000	0.0000	0.0000	0.0000	0.0000	0.0000	0.0000	0.0000	0.0000	0.0000	0.0000	0.0000	0.0000											
29	37	0.0579	4	1	2	0	0	0	0	0	0	N	Y	N	N	N	N	N	N	N	N	N	N	0.0000	0.0000	0.0000	0.0000	0.0000	0.0000	0.0000	0.0000	0.0000	0.0000	0.0000	0.0000	0.0000	0.0000	0.0000	0.0000	0.0000	0.0000	0.0000	0.0000	0.0000	8.2035	0.0000	18.5835	0.0000	0.0000	0.0000	0.0000	0.0000	0.0000	0.0000	0.0000	0.0000	0.0000	0.0000	0.0000	0.0000	0.0000	0.0000	0.0000	0.0000	0.0000	0.0000	0.0000	0.0000	0.0000	0.0000	0.0000	0.0000	0.0000	0.0000	0.0000	0.0000	0.0000	0.0000	0.0000	0.0000	0.0000	0.0000	0.0000	0.0000	0.0000	0.0000	0.0000	0.0000	0.0000	0.0000	0.0000	0.0000	0.0000	0.0000	0.0000	0.0000	0.0000	0.0000	0.0000	0.0000	0.0000											
29	38	0.0579	4	1	2	0	1	0	0	0	0	N	Y	N	N	N	N	N	N	N	N	N	N	0.0000	0.0000	0.0000	0.0000	0.0000	0.0000	0.0000	0.0000	0.0000	0.0000	0.0000	0.0000	0.0000	0.0000	0.0000	0.0000	0.0000	0.0000	0.0000	0.0000	0.0000	10.2042	0.0000	23.0710	0.0000	0.0000	0.0000	0.0000	0.0000	0.0000	0.0000	0.0000	0.0000	0.0000	0.0000	0.0000	0.0000	0.0000	0.0000	0.0000	0.0000	0.0000	0.0000	0.0000	0.0000	0.0000	0.0000	0.0000	0.0000	0.0000	0.0000	0.0000	0.0000	0.0000	0.0000	0.0000	0.0000	0.0000	0.0000	0.0000	0.0000	0.0000	0.0000	0.0000	0.0000	0.0000	0.0000	0.0000	0.0000	0.0000	0.0000	0.0000	0.0000	0.0000	0.0000	0.0000	0.0000	0.0000											
29	39	0.0579	4	2	1	1	0	0	0	0	0	Y	N	N	N	N	N	N	N	N	N	N	N	0.0000	0.0000	0.0000	0.0000	0.0000	0.0000	0.0000	0.0000	0.0000	0.0000	0.0000	0.0000	0.0000	0.0000	0.0000	0.0000	0.0000	0.0000	0.0000	0.0000	0.0000	0.0000	0.0000	1.9600	0.0000	0.0000	0.0000	0.0000	0.0000	0.0000	0.0000	0.0000	0.0000	0.0000	0.0000	0.0000	0.0000	0.0000	0.0000	0.0000	0.0000	0.0000	0.0000	0.0000	0.0000	0.0000	0.0000	0.0000	0.0000	0.0000	0.0000	0.0000	0.0000	0.0000	0.0000	0.0000	0.0000	0.0000	0.0000	0.0000	0.0000	0.0000	0.0000	0.0000	0.0000	0.0000	0.0000	0.0000	0.0000	0.0000	0.0000	0.0000	0.0000	0.0000	0.0000	0.0000	0.0000	0.0000											
29	40	0.1134	5	1	1	1	0	0	0	0	0	N	N	N	N	N	N	N	N	N	N	N	N	0.0000	0.0000	0.0000	0.0000	0.0000	0.0000	0.0000	0.0000	0.0000	0.0000	0.0000	0.0000	0.0000	0.0000	0.0000	0.0000	0.0000	0.0000	0.0000	0.0000	0.0000	0.0009	0.0000	7.7842	0.0000	0.0000	0.0000	0.0000	0.0000	0.0000	0.0000	0.0000	0.0000	0.0000	0.0000	0.0000	0.0000	0.0000	0.0000	0.0000	0.0000	0.0000	0.0000	0.0000	0.0000	0.0000	0.0000	0.0000	0.0000	0.0000	0.0000	0.0000	0.0000	0.0000	0.0000	0.0000	0.0000	0.0000	0.0000	0.0000	0.0000	0.0000	0.0000	0.0000	0.0000	0.0000	0.0000	0.0000	0.0000	0.0000	0.0000	0.0000	0.0000	0.0000	0.0000	0.0000	0.0000	0.0000											
29	41	0.0579	4	1	1	0	0	0	0	0	0	N	N	N	N	N	N	N	N	N	N	N	N	0.0000	0.0000	0.0000	0.0000	0.0000	0.0000	0.0000	0.0000	0.0000	0.0000	0.0000	0.0000	0.0000	0.0000	0.0000	0.0000	0.0000	0.0000	0.0000	0.0000	0.0000	1.7959	0.0000	20.1034	0.0000	0.0000	0.0000	0.0000	0.0000	0.0000	0.0000	0.0000	0.0000	0.0000	0.0000	0.0000	0.0000	0.0000	0.0000	0.0000	0.0000	0.0000	0.0000	0.0000	0.0000	0.0000	0.0000	0.0000	0.0000	0.0000	0.0000	0.0000	0.0000	0.0000	0.0000	0.0000	0.0000	0.0000	0.0000	0.0000	0.0000	0.0000	0.0000	0.0000	0.0000	0.0000	0.0000	0.0000	0.0000	0.0000	0.0000	0.0000	0.0000	0.0000	0.0000	0.0000	0.0000	0.0000											
29	42	0.1279	5	1	2	0	0	0	0	0	0	N	Y	N	N	N	N	N	N	N	N	N	N	0.0000	0.0000	0.0000	0.0000	0.0000	0.0000	0.0000	0.0000	0.0000	0.0000	0.0000	0.0000	0.0000	0.0000	0.0000	0.0000	0.0000	0.0000	0.0000	0.0000	0.0000	0.0003	0.0000	0.0002	0.0000	0.0000	0.0000	0.0000	0.0000	0.0000	0.0000	0.0000	0.0000	0.0000	0.0000	0.0000	0.0000	0.0000	0.0000	0.0000	0.0000	0.0000	0.0000	0.0000	0.0000	0.0000	0.0000	0.0000	0.0000	0.0000	0.0000	0.0000	0.0000	0.0000	0.0000	0.0000	0.0000	0.0000	0.0000	0.0000	0.0000	0.0000	0.0000	0.0000	0.0000	0.0000	0.0000	0.0000	0.0000	0.0000	0.0000	0.0000	0.0000	0.0000	0.0000	0.0000	0.0000	0.0000											
29	43	0.0839	5	2	2	1	0	0	0	0	0	Y	Y	N	N	N	N	N	N	N	N	N	N	0.0000	0.0000	0.0000	0.0000	0.0000	0.0000	0.0000	0.0000	0.0000	0.0000	0.0000	0.0000	0.0000	0.0000	0.0000	0.0000	0.0000	0.0000	0.0000	0.0000	0.0000	0.0000	0.0000	2.0000	0.0000	0.0000	0.0000	0.0000	0.0000	0.0000	0.0000	0.0000	0.0000	0.0000	0.0000	0.0000	0.0000	0.0000	0.0000	0.0000	0.0000	0.0000	0.0000	0.0000	0.0000	0.0000	0.0000	0.0000	0.0000	0.0000	0.0000	0.0000	0.0000	0.0000	0.0000	0.0000	0.0000	0.0000	0.0000	0.0000	0.0000	0.0000	0.0000	0.0000	0.0000	0.0000	0.0000	0.0000	0.0000	0.0000	0.0000	0.0000	0.0000	0.0000	0.0000	0.0000	0.0000	0.0000											
29	44	0.0839	5	2	2	1	0	0	0	0	0	Y	Y	N	N	N	N	N	N	N	N	N	N	0.0000	0.0000	0.0000	0.0000	0.0000	0.0000	0.0000	0.0000	0.0000	0.0000	0.0000	0.0000	0.0000	0.0000	0.0000	0.0000	0.0000	0.0000	0.0000	0.0000	0.0000	0.0000	0.0000	0.0000	0.0000	0.0000	0.0000	0.0000	0.0000	0.0000	0.0000	0.0000	0.0000	0.0000	0.0000	0.0000	0.0000	0.0000	0.0000	0.0000	0.0000	0.0000	0.0000	0.0000	0.0000	0.0000	0.0000	0.0000	0.0000	0.0000	0.0000	0.0000	0.0000	0.0000	0.0000	0.0000	0.0000	0.0000	0.0000	0.0000	0.0000	0.0000	0.0000	0.0000	0.0000	0.0000	0.0000	0.0000	0.0000	0.0000	0.0000	0.0000	0.0000	0.0000	0.0000	0.0000	0.0000	0.0000											
29	45	0.0579	4	2	2	1	0	0	0	0	0	Y	Y	N	N	N	N	N	N	N	N	N	N	0.0000	0.0000	0.0000	0.0000	0.0000	0.0000	0.0000	0.0000	0.0000	0.0000	0.0000	0.0000	0.0000	0.0000	0.0000	0.0000	0.0000	0.0000	0.0000	0.0000	0.0000	0.7962	0.0000	7.9291	0.0000	0.0000	0.0000	0.0000	0.0000	0.0000	0.0000	0.0000	0.0000	0.0000	0.0000	0.0000	0.0000	0.0000	0.0000	0.0000	0.0000	0.0000	0.0000	0.0000	0.0000	0.0000	0.0000	0.0000	0.0000	0.0000	0.0000	0.0000	0.0000	0.0000	0.0000	0.0000	0.0000	0.0000	0.0000	0.0000	0.0000	0.0000	0.0000	0.0000	0.0000	0.0000	0.0000	0.0000	0.0000	0.0000	0.0000	0.0000	0.0000	0.0000	0.0000	0.0000	0.0000	0.0000											
29	46	0.0579	4	2	2	0	0	0	0	0	0	Y	Y	N	N	N	N	N	N	N	N	N	N	0.0000	0.0000	0.0000	0.0000	0.0000	0.0000	0.0000	0.0000	0.0000	0.0000	0.0000	0.0000	0.0000	0.0000	0.0000	0.0000	0.0000	0.0000	0.0000	0.0000	0.0000	0.7962	0.0000	12.9291	0.0000	0.0000	0.0000	0.0000	0.0000	0.0000	0.0000	0.0000	0.0000	0.0000	0.0000	0.0000	0.0000	0.0000	0.0000	0.0000	0.0000	0.0000	0.0000	0.0000	0.0000	0.0000	0.0000	0.0000	0.0000	0.0000	0.0000	0.0000	0.0000	0.0000	0.0000	0.0000	0.0000	0.0000	0.0000	0.0000	0.0000	0.0000	0.0000	0.0000	0.0000	0.0000	0.0000	0.0000	0.0000	0.0000	0.0000	0.0000	0.0000	0.0000	0.0000	0.0000	0.0000	0.0000											
29	47	0.0579	4	1	2	0	1	0	0	0	0	N	Y	N	N	N	N	N	N	N	N	N	N	0.0000	0.0000	0.0000	0.0000	0.0000	0.0000	0.0000	0.0000	0.0000	0.0000	0.0000	0.0000	0.0000	0.0000	0.0000	0.0000	0.0000	0.0000	0.0000	0.0000	0.0000	9.0000	0.0000	15.0400	0.0000	0.0000	0.0000	0.0000	0.0000	0.0000	0.0000	0.0000	0.0000	0.0000	0.0000	0.0000	0.0000	0.0000	0.0000	0.0000	0.0000	0.0000	0.0000	0.0000	0.0000	0.0000	0.0000	0.0000	0.0000	0.0000	0.0000	0.0000	0.0000	0.0000	0.0000	0.0000	0.0000	0.0000	0.0000	0.0000	0.0000	0.0000	0.0000	0.0000	0.0000	0.0000	0.0000	0.0000	0.0000	0.0000	0.0000	0.0000	0.0000	0.0000	0.0000	0.0000	0.0000	0.0000											
29	48	0.1364	5	1	1	0	1	0	0	0	0	N	N	N	N	N	N	N	N	N	N	N	N	0.0000	0.0000	0.0000	0.0000	0.0000	0.0000	0.0000	0.0000	0.0000	0.0000	0.0000	0.0000	0.0000	0.0000	0.0000	0.0000	0.0000	0.0000	0.0000	0.0000	0.0000	0.0037	0.0000	3.0208	0.0000	0.0000	0.0000	0.0000	0.0000	0.0000	0.0000	0.0000	0.0000	0.0000	0.0000	0.0000	0.0000	0.0000	0.0000	0.0000	0.0000	0.0000	0.0000	0.0000	0.0000	0.0000	0.0000	0.0000	0.0000	0.0000	0.0000	0.0000	0.0000	0.0000	0.0000	0.0000	0.0000	0.0000	0.0000	0.0000	0.0000	0.0000	0.0000	0.0000	0.0000	0.0000	0.0000	0.0000	0.0000	0.0000	0.0000	0.0000	0.0000	0.0000	0.0000	0.0000	0.0000	0.0000											
29	49	0.0579	4	1	1	0	1	0	0	0	0	N	N	N	N	N	N	N	N	N	N	N	N	0.0000	0.0000	0.0000	0.0000	0.0000	0.0000	0.0000	0.0000	0.0000	0.0000	0.0000	0.0000	0.0000	0.0000	0.0000	0.0000	0.0000	0.0000	0.0000	0.0000	0.0000	4.7960	0.0000	23.0471	0.0000	0.0000	0.0000	0.0000	0.0000	0.0000	0.0000	0.0000	0.0000	0.0000	0.0000	0.0000	0.0000	0.0000	0.0000	0.0000	0.0000	0.0000	0.0000	0.0000	0.0000	0.0000	0.0000	0.0000	0.0000	0.0000	0.0000	0.0000	0.0000	0.0000	0.0000	0.0000	0.0000	0.0000	0.0000	0.0000	0.0000	0.0000	0.0000	0.0000	0.0000	0.0000	0.0000	0.0000	0.0000	0.0000	0.0000	0.0000	0.0000	0.0000	0.0000	0.0000	0.0000	0.0000											
29	50	0.0928	5	1	2	1	0	0	0	0	0	N	Y	N	N	N	N	N	N	N	N	N	N	0.0000	0.0000	0.0000	0.0000	0.0000	0.0000	0.0000	0.0000	0.0000	0.0000	0.0000	0.0000	0.0000	0.0000	0.0000	0.0000	0.0000	0.0000	0.0000	0.0000	0.0000	1.4428	0.0000	0.4686	0.0000	0.0000	0.0000	0.0000	0.0000	0.0000	0.0000	0.0000	0.0000	0.0000	0.0000	0.0000	0.0000	0.0000	0.0000	0.0000	0.0000	0.0000	0.0000	0.0000	0.0000	0.0000	0.0000	0.0000	0.0000	0.0000	0.0000	0.0000	0.0000	0.0000	0.0000	0.0000	0.0000	0.0000	0.0000	0.0000	0.0000	0.0000	0.0000	0.0000	0.0000	0.0000	0.0000	0.0000	0.0000	0.0000	0.0000	0.0000	0.0000	0.0000	0.0000	0.0000	0.0000	0.0000											
29	51	0.0579	4	1	2	0	0	0	0	0	0	N	Y	N	N	N	N	N	N	N	N	N	N	0.0000	0.0000	0.0000	0.0000	0.0000	0.0000	0.0000	0.0000	0.0000	0.0000	0.0000	0.0000	0.0000	0.0000	0.0000	0.0000	0.0000	0.0000	0.0000	0.0000	0.0000	7.1845	0.0000	8.0722	0.0000	0.0000	0.0000	0.0000	0.0000	0.0000	0.0000	0.0000	0.0000	0.0000	0.0000	0.0000	0.0000	0.0000	0.0000	0.0000	0.0000	0.0000	0.0000	0.0000	0.0000	0.0000	0.0000	0.0000	0.0000	0.0000	0.0000	0.0000	0.0000	0.0000	0.0000	0.0000	0.0000	0.0000	0.0000	0.0000	0.0000	0.0000	0.0000	0.0000	0.0000	0.0000	0.0000	0.0000	0.0000	0.0000	0.0000	0.0000	0.0000	0.0000	0.0000	0.0000	0.0000	0.0000											
29	52	0.0805	5	2	1	1	0	0	0	0	0	Y	N	N	N	N	N	N	N	N	N	N	N	0.0000	0.0000	0.0000	0.0000	0.0000	0.0000	0.0000	0.0000	0.0000	0.0000	0.0000	0.0000	0.0000	0.0000	0.0000	0.0000	0.0000	0.0000	0.0000	0.0000	0.0000	0.9976	0.0000	4.7732	0.0000	0.0000	0.0000	0.0000	0.0000	0.0000	0.0000	0.0000	0.0000	0.0000	0.0000	0.0000	0.0000	0.0000	0.0000	0.0000	0.0000	0.0000	0.0000	0.0000	0.0000	0.0000	0.0000	0.0000	0.0000	0.0000	0.0000	0.0000	0.0000	0.0000	0.0000	0.0000	0.0000	0.0000	0.0000	0.0000	0.0000	0.0000	0.0000	0.0000	0.0000	0.0000	0.0000	0.0000	0.0000	0.0000	0.0000	0.0000	0.0000	0.0000	0.0000	0.0000	0.0000	0.0000											
29	53	0.0579	4	2	1	0	0	0	0	0	0	Y	N	N	N	N	N	N	N	N	N	N	N	0.0000	0.0000	0.0000	0.0000	0.0000	0.0000	0.0000	0.0000	0.0000	0.0000	0.0000	0.0000	0.0000	0.0000	0.0000	0.0000	0.0000	0.0000	0.0000	0.0000	0.0000	3.2133	0.0000	6.0120	0.0000	0.0000	0.0000	0.0000	0.0000	0.0000	0.0000	0.0000	0.0000	0.0000	0.0000	0.0000	0.0000	0.0000	0.0000	0.0000	0.0000	0.0000	0.0000	0.0000	0.0000	0.0000	0.0000	0.0000	0.0000	0.0000	0.0000	0.0000	0.0000	0.0000	0.0000	0.0000	0.0000	0.0000	0.0000	0.0000	0.0000	0.0000	0.0000	0.0000	0.0000	0.0000	0.0000	0.0000	0.0000	0.0000	0.0000	0.0000	0.0000	0.0000	0.0000	0.0000	0.0000	0.0000											
29	54	0.0579	4	2	2	0	0	0	0	0	0	Y	Y	N	N	N	N	N	N	N	N	N	N	0.0000	0.0000	0.0000	0.0000	0.0000	0.0000	0.0000	0.0000	0.0000	0.0000	0.0000	0.0000	0.0000	0.0000	0.0000	0.0000	0.0000	0.0000	0.0000	0.0000	0.0000	1.7961	0.0000	11.9291	0.0000	0.0000	0.0000	0.0000	0.0000	0.0000	0.0000	0.0000	0.0000	0.0000	0.0000	0.0000	0.0000	0.0000	0.0000	0.0000	0.0000	0.0000	0.0000	0.0000	0.0000	0.0000	0.0000	0.0000	0.0000	0.0000	0.0000	0.0000	0.0000	0.0000	0.0000	0.0000	0.0000	0.0000	0.0000	0.0000	0.0000	0.0000	0.0000	0.0000	0.0000	0.0000	0.0000	0.0000	0.0000	0.0000	0.0000	0.0000	0.0000	0.0000	0.0000	0.0000	0.0000	0.0000											
29	55	0.0791	5	1	2	0	0	0	0	0	0	N	Y	N	N	N	N	N	N	N	N	N	N	0.0000	0.0000	0.0000	0.0000	0.0000	0.0000	0.0000	0.0000	0.0000	0.0000	0.0000	0.0000	0.0000	0.0000	0.0000	0.0000	0.0000	0.0000	0.0000	0.0000	0.0000	0.0041	0.0000	6.2745	0.0000	0.0000	0.0000	0.0000	0.0000	0.0000	0.0000	0.0000	0.0000	0.0000	0.0000	0.0000	0.0000	0.0000	0.0000	0.0000	0.0000	0.0000	0.0000	0.0000	0.0000	0.0000	0.0000	0.0000	0.0000	0.0000	0.0000	0.0000	0.0000	0.0000	0.0000	0.0000	0.0000	0.0000	0.0000	0.0000	0.0000	0.0000	0.0000	0.0000	0.0000	0.0000	0.0000	0.0000	0.0000	0.0000	0.0000	0.0000	0.0000	0.0000	0.0000	0.0000	0.0000	0.0000											
29	56	0.1279	5	1	1	1	0	0	0	0	0	N	N	N	N	N	N	N	N	N	N	N	N	0.0000	0.0000	0.0000	0.0000	0.0000	0.0000	0.0000	0.0000	0.0000	0.0000	0.0000	0.0000	0.0000	0.0000	0.0000	0.0000	0.0000	0.0000	0.0000	0.0000	0.0000	18.9997	0.0000	4.0000	0.0000	0.0000	0.0000	0.0000	0.0000	0.0000	0.0000	0.0000	0.0000	0.0000	0.0000	0.0000	0.0000	0.0000	0.0000	0.0000	0.0000	0.0000	0.0000	0.0000	0.0000	0.0000	0.0000	0.0000	0.0000	0.0000	0.0000	0.0000	0.0000	0.0000	0.0000	0.0000	0.0000	0.0000	0.0000	0.0000	0.0000	0.0000	0.0000	0.0000	0.0000	0.0000	0.0000	0.0000	0.0000	0.0000	0.0000	0.0000	0.0000	0.0000	0.0000	0.0000	0.0000	0.0000											
29	57	0.0579	4	1	1	0	0	0	0	0	0	N	N	N	N	N	N	N	N	N	N	N	N	0.0000	0.0000	0.0000	0.0000	0.0000	0.0000	0.0000	0.0000	0.0000	0.0000	0.0000	0.0000	0.0000	0.0000	0.0000	0.0000	0.0000	0.0000	0.0000	0.0000	0.0000	1.7961	0.0000	22.3138	0.0000	0.0000	0.0000	0.0000	0.0000	0.0000	0.0000	0.0000	0.0000	0.0000	0.0000	0.0000	0.0000	0.0000	0.0000	0.0000	0.0000	0.0000	0.0000	0.0000	0.0000	0.0000	0.0000	0.0000	0.0000	0.0000	0.0000	0.0000	0.0000	0.0000	0.0000	0.0000	0.0000	0.0000	0.0000	0.0000	0.0000	0.0000	0.0000	0.0000	0.0000	0.0000	0.0000	0.0000	0.0000	0.0000	0.0000	0.0000	0.0000	0.0000	0.0000	0.0000	0.0000	0.0000											
29	58	0.0787	6	2	2	0	0	0	0	0	0	Y	Y	N	N	N	N	N	N	N	N	N	N	0.0000	0.0000	0.0000	0.0000	0.0000	0.0000	0.0000	0.0000	0.0000	0.0000	0.0000	0.0000	0.0000	0.0000	0.0000	0.0000	0.0000	0.0000	0.0000	0.0000	0.0000	0.9359	0.0000	8.5945	0.0000	0.0000	0.0000	0.0000	0.0000	0.0000	0.0000	0.0000	0.0000	0.0000	0.0000	0.0000	0.0000	0.0000	0.0000	0.0000	0.0000	0.0000	0.0000	0.0000	0.0000	0.0000	0.0000	0.0000	0.0000	0.0000	0.0000	0.0000	0.0000	0.0000	0.0000	0.0000	0.0000	0.0000	0.0000	0.0000	0.0000	0.0000	0.0000	0.0000	0.0000	0.0000	0.0000	0.0000	0.0000	0.0000	0.0000	0.0000	0.0000	0.0000	0.0000	0.0000	0.0000	0.0000											
29	59	0.0759	5	1	2	0	0	0	0	0	0	N	Y	N	N	N	N	N	N	N	N	N	N	0.0000	0.0000	0.0000	0.0000	0.0000	0.0000	0.0000	0.0000	0.0000	0.0000	0.0000	0.0000	0.0000	0.0000	0.0000	0.0000	0.0000	0.0000	0.0000	0.0000	0.0000	0.1706	0.0000	1.8413	0.0000	0.0000	0.0000	0.0000	0.0000	0.0000	0.0000	0.0000	0.0000	0.0000	0.0000	0.0000	0.0000	0.0000	0.0000	0.0000	0.0000	0.0000	0.0000	0.0000	0.0000	0.0000	0.0000	0.0000	0.0000	0.0000	0.0000	0.0000	0.0000	0.0000	0.0000	0.0000	0.0000	0.0000	0.0000	0.0000	0.0000	0.0000	0.0000	0.0000	0.0000	0.0000	0.0000	0.0000	0.0000	0.0000	0.0000	0.0000	0.0000	0.0000	0.0000	0.0000	0.0000	0.0000											
29	60	0.0579	4	1	2	0	0	0	0	0	0	N	Y	N	N	N	N	N	N	N	N	N	N	0.0000	0.0000	0.0000	0.0000	0.0000	0.0000	0.0000	0.0000	0.0000	0.0000	0.0000	0.0000	0.0000	0.0000	0.0000	0.0000	0.0000	0.0000	0.0000	0.0000	0.0000	6.1830	0.0000	4.8458	0.0000	0.0000	0.0000	0.0000	0.0000	0.0000	0.0000	0.0000	0.0000	0.0000	0.0000	0.0000	0.0000	0.0000	0.0000	0.0000	0.0000	0.0000	0.0000	0.0000	0.0000	0.0000	0.0000	0.0000	0.0000	0.0000	0.0000	0.0000	0.0000	0.0000	0.0000	0.0000	0.0000	0.0000	0.0000	0.0000	0.0000	0.0000	0.0000	0.0000	0.0000	0.0000	0.0000	0.0000	0.0000	0.0000	0.0000	0.0000	0.0000	0.0000	0.0000	0.0000	0.0000	0.0000											
29	61	0.4509	11	1	1	0	0	0	0	0	0	N	N	N	N	N	N	N	N	N	N	N	N	0.0000	0.0000	0.0000	0.0000	0.0000	0.0000	0.0000	0.0000	0.0000	0.0000	0.0000	0.0000	0.0000	0.0000	0.0000	0.0000	0.0000	0.0000	0.0000	0.0000	0.0000	1.0140	0.0000	12.0537	0.0000	0.0000	0.0000	0.0000	0.0000	0.0000	0.0000	0.0000	0.0000	0.0000	0.0000	0.0000	0.0000	0.0000	0.0000	0.0000	0.0000	0.0000	0.0000	0.0000	0.0000	0.0000	0.0000	0.0000	0.0000	0.0000	0.0000	0.0000	0.0000	0.0000	0.0000	0.0000	0.0000	0.0000	0.0000	0.0000	0.0000	0.0000	0.0000	0.0000	0.0000	0.0000	0.0000	0.0000	0.0000	0.0000	0.0000	0.0000	0.0000	0.0000	0.0000	0.0000	0.0000	0.0000											
29	62	0.3750	8	1	1	0	0	0	0	0	0	N	N	N	N	N	N	N	N	N	N	N	N	0.0000	0.0000	0.0000	0.0000	0.0000	0.0000	0.0000	0.0000	0.0000	0.0000	0.0000	0.0000	0.0000	0.0000	0.0000	0.0000	0.0000	0.0000	0.0000	0.0000	0.0000	22.0948	0.0000	64.3951	0.0000	0.0000	0.0000	0.0000	0.0000	0.0000	0.0000	0.0000	0.0000	0.0000	0.0000	0.0000	0.0000	0.0000	0.0000	0.0000	0.0000	0.0000	0.0000	0.0000	0.0000	0.0000	0.0000	0.0000	0.0000	0.0000	0.0000	0.0000	0.0000	0.0000	0.0000	0.0000	0.0000	0.0000	0.0000	0.0000	0.0000	0.0000	0.0000	0.0000	0.0000	0.0000	0.0000	0.0000	0.0000	0.0000	0.0000	0.0000	0.0000	0.0000	0.0000	0.0000	0.0000	0.0000											
29	63	0.1682	7	1	1	0	0	0	0	0	0	N	N	N	N	N	N	N	N	N	N	N	N	0.0000	0.0000	0.0000	0.0000	0.0000	0.0000	0.0000	0.0000	0.0000	0.0000	0.0000	0.0000	0.0000	0.0000	0.0000	0.0000	0.0000	0.0000	0.0000	0.0000	0.0000	3.0638	0.0000	18.8214	0.0000	0.0000	0.0000	0.0000	0.0000	0.0000	0.0000	0.0000	0.0000	0.0000	0.0000	0.0000	0.0000	0.0000	0.0000	0.0000	0.0000	0.0000	0.0000	0.0000	0.0000	0.0000	0.0000	0.0000	0.0000	0.0000	0.0000	0.0000	0.0000	0.0000	0.0000	0.0000	0.0000	0.0000	0.0000	0.0000	0.0000	0.0000	0.0000	0.0000	0.0000	0.0000	0.0000	0.0000	0.0000	0.0000	0.0000	0.0000	0.0000	0.0000	0.0000	0.0000	0.0000	0.0000											
29	64	0.0791	5	2	2	1	0	0	0	0	0	Y	Y	N	N	N	N	N	N	N	N	N	N	0.0000	0.0000	0.0000	0.0000	0.0000	0.0000	0.0000	0.0000	0.0000	0.0000	0.0000	0.0000	0.0000	0.0000	0.0000	0.0000	0.0000	0.0000	0.0000	0.0000	0.0000	1.0029	0.0000	8.4685	0.0000	0.0000	0.0000	0.0000	0.0000	0.0000	0.0000	0.0000	0.0000	0.0000	0.0000	0.0000	0.0000	0.0000	0.0000	0.0000	0.0000	0.0000	0.0000	0.0000	0.0000	0.0000	0.0000	0.0000	0.0000	0.0000	0.0000	0.0000	0.0000	0.0000	0.0000	0.0000	0.0000	0.0000	0.0000	0.0000	0.0000	0.0000	0.0000	0.0000	0.0000	0.0000	0.0000	0.0000	0.0000	0.0000	0.0000	0.0000	0.0000	0.0000	0.0000	0.0000	0.0000	0.0000											
29	65	0.0579	4	1	2	0	0	0	0	0	0	N	Y	N	N	N	N	N	N	N	N	N	N	0.0000	0.0000	0.0000	0.0000	0.0000	0.0000	0.0000	0.0000	0.0000	0.0000	0.0000	0.0000	0.0000	0.0000	0.0000	0.0000	0.0000	0.0000	0.0000	0.0000	0.0000	0.7961	0.0000	8.5878	0.0000	0.0000	0.0000	0.0000	0.0000	0.0000	0.0000	0.0000	0.0000	0.0000	0.0000	0.0000	0.0000	0.0000	0.0000	0.0000	0.0000	0.0000	0.0000	0.0000	0.0000	0.0000	0.0000	0.0000	0.0000	0.0000	0.0000	0.0000	0.0000	0.0000	0.0000	0.0000	0.0000	0.0000	0.0000	0.0000	0.0000	0.0000	0.0000	0.0000	0.0000	0.0000	0.0000	0.0000	0.0000	0.0000	0.0000	0.0000	0.0000	0.0000	0.0000	0.0000	0.0000	0.0000											
29	66	0.4509	11	1	2	0	0	0	0	0	0	N	Y	N	N	N	N	N	N	N	N	N	N	0.0000	0.0000	0.0000	0.0000	0.0000	0.0000	0.0000	0.0000	0.0000	0.0000	0.0000	0.0000	0.0000	0.0000	0.0000	0.0000	0.0000	0.0000	0.0000	0.0000	0.0000	1.0110	0.0000	12.5479	0.0000	0.0000	0.0000	0.0000	0.0000	0.0000	0.0000	0.0000	0.0000	0.0000	0.0000	0.0000	0.0000	0.0000	0.0000	0.0000	0.0000	0.0000	0.0000	0.0000	0.0000	0.0000	0.0000	0.0000	0.0000	0.0000	0.0000	0.0000	0.0000	0.0000	0.0000	0.0000	0.0000	0.0000	0.0000	0.0000	0.0000	0.0000	0.0000	0.0000	0.0000	0.0000	0.0000	0.0000	0.0000	0.0000	0.0000	0.0000	0.0000	0.0000	0.0000	0.0000	0.0000	0.0000											
29	67	0.4445	10	1	1	0	0	0	0	0	0	N	N	N	N	N	N	N	N	N	N	N	N	0.0000	0.0000	0.0000	0.0000	0.0000	0.0000	0.0000	0.0000	0.0000	0.0000	0.0000	0.0000	0.0000	0.0000	0.0000	0.0000	0.0000	0.0000	0.0000	0.0000	0.0000	0.9784	0.0000	1.5217	0.0000	0.0000	0.0000	0.0000	0.0000	0.0000	0.0000	0.0000	0.0000	0.0000	0.0000	0.0000	0.0000	0.0000	0.0000	0.0000	0.0000	0.0000	0.0000	0.0000	0.0000	0.0000	0.0000	0.0000	0.0000	0.0000	0.0000	0.0000	0.0000	0.0000	0.0000	0.0000	0.0000	0.0000	0.0000	0.0000	0.0000	0.0000	0.0000	0.0000	0.0000	0.0000	0.0000	0.0000	0.0000	0.0000	0.0000	0.0000	0.0000	0.0000	0.0000	0.0000	0.0000	0.0000											
29	68	0.4143	9	1	1	0	0	0	0	0	0	N	N	N	N	N	N	N	N	N	N	N	N	0.0000	0.0000	0.0000	0.0000	0.0000	0.0000	0.0000	0.0000	0.0000	0.0000	0.0000	0.0000	0.0000	0.0000	0.0000	0.0000	0.0000	0.0000	0.0000	0.0000	0.0000	1.0531	0.0000	9.0748	0.0000	0.0000	0.0000	0.0000	0.0000	0.0000	0.0000	0.0000	0.0000	0.0000	0.0000	0.0000	0.0000	0.0000	0.0000	0.0000	0.0000	0.0000	0.0000	0.0000	0.0000	0.0000	0.0000	0.0000	0.0000	0.0000	0.0000	0.0000	0.0000	0.0000	0.0000	0.0000	0.0000	0.0000	0.0000	0.0000	0.0000	0.0000	0.0000	0.0000	0.0000	0.0000	0.0000	0.0000	0.0000	0.0000	0.0000	0.0000	0.0000	0.0000	0.0000	0.0000	0.0000	0.0000											
29	69	0.0579	4	2	1	1	0	0	0	0	0	Y	N	N	N	N	N	N	N	N	N	N	N	0.0000	0.0000	0.0000	0.0000	0.0000	0.0000	0.0000	0.0000	0.0000	0.0000	0.0000	0.0000	0.0000	0.0000	0.0000	0.0000	0.0000	0.0000	0.0000	0.0000	0.0000	0.0000	0.0000	4.9600	0.0000	0.0000	0.0000	0.0000	0.0000	0.0000	0.0000	0.0000	0.0000	0.0000	0.0000	0.0000	0.0000	0.0000	0.0000	0.0000	0.0000	0.0000	0.0000	0.0000	0.0000	0.0000	0.0000	0.0000	0.0000	0.0000	0.0000	0.0000	0.0000	0.0000	0.0000	0.0000	0.0000	0.0000	0.0000	0.0000	0.0000	0.0000	0.0000	0.0000	0.0000	0.0000	0.0000	0.0000	0.0000	0.0000	0.0000	0.0000	0.0000	0.0000	0.0000	0.0000	0.0000	0.0000											
29	71	0.1141	8	1	1	1	0	0	0	0	0	N	N	N	N	N	N	N	N	N	N	N	N	0.0000	0.0000	0.0000	0.0000	0.0000	0.0000	0.0000	0.0000	0.0000	0.0000	0.0000	0.0000	0.0000	0.0000	0.0000	0.0000	0.0000	0.0000	0.0000	0.0000	0.0000	1.0000	0.0000	0.0055	0.0000	0.0000	0.0000	0.0000	0.0000	0.0000	0.0000	0.0000	0.0000	0.0000	0.0000	0.0000	0.0000	0.0000	0.0000	0.0000	0.0000	0.0000	0.0000	0.0000	0.0000	0.0000	0.0000	0.0000	0.0000	0.0000	0.0000	0.0000	0.0000	0.0000	0.0000	0.0000	0.0000	0.0000	0.0000	0.0000	0.0000	0.0000	0.0000	0.0000	0.0000	0.0000	0.0000	0.0000	0.0000	0.0000	0.0000	0.0000	0.0000	0.0000	0.0000	0.0000	0.0000	0.0000											
29	72	0.1075	7	1	1	1	0	0	0	0	0	N	N	N	N	N	N	N	N	N	N	N	N	0.0000	0.0000	0.0000	0.0000	0.0000	0.0000	0.0000	0.0000	0.0000	0.0000	0.0000	0.0000	0.0000	0.0000	0.0000	0.0000	0.0000	0.0000	0.0000	0.0000	0.0000	0.0000	0.0000	1.0265	0.0000	0.0000	0.0000	0.0000	0.0000	0.0000	0.0000	0.0000	0.0000	0.0000	0.0000	0.0000	0.0000	0.0000	0.0000	0.0000	0.0000	0.0000	0.0000	0.0000	0.0000	0.0000	0.0000	0.0000	0.0000	0.0000	0.0000	0.0000	0.0000	0.0000	0.0000	0.0000	0.0000	0.0000	0.0000	0.0000	0.0000	0.0000	0.0000	0.0000	0.0000	0.0000	0.0000	0.0000	0.0000	0.0000	0.0000	0.0000	0.0000	0.0000	0.0000	0.0000	0.0000	0.0000											
29	73	0.1020	6	1	1	0	0	0	0	0	0	N	N	N	N	N	N	N	N	N	N	N	N	0.0000	0.0000	0.0000	0.0000	0.0000	0.0000	0.0000	0.0000	0.0000	0.0000	0.0000	0.0000	0.0000	0.0000	0.0000	0.0000	0.0000	0.0000	0.0000	0.0000	0.0000	0.0000	0.0000	1.0321	0.0000	0.0000	0.0000	0.0000	0.0000	0.0000	0.0000	0.0000	0.0000	0.0000	0.0000	0.0000	0.0000	0.0000	0.0000	0.0000	0.0000	0.0000	0.0000	0.0000	0.0000	0.0000	0.0000	0.0000	0.0000	0.0000	0.0000	0.0000	0.0000	0.0000	0.0000	0.0000	0.0000	0.0000	0.0000	0.0000	0.0000	0.0000	0.0000	0.0000	0.0000	0.0000	0.0000	0.0000	0.0000	0.0000	0.0000	0.0000	0.0000	0.0000	0.0000	0.0000	0.0000	0.0000											
29	74	0.0792	5	1	1	0	0	0	0	0	0	N	N	N	N	N	N	N	N	N	N	N	N	0.0000	0.0000	0.0000	0.0000	0.0000	0.0000	0.0000	0.0000	0.0000	0.0000	0.0000	0.0000	0.0000	0.0000	0.0000	0.0000	0.0000	0.0000	0.0000	0.0000	0.0000	0.5629	0.0000	8.5245	0.0000	0.0000	0.0000	0.0000	0.0000	0.0000	0.0000	0.0000	0.0000	0.0000	0.0000	0.0000	0.0000	0.0000	0.0000	0.0000	0.0000	0.0000	0.0000	0.0000	0.0000	0.0000	0.0000	0.0000	0.0000	0.0000	0.0000	0.0000	0.0000	0.0000	0.0000	0.0000	0.0000	0.0000	0.0000	0.0000	0.0000	0.0000	0.0000	0.0000	0.0000	0.0000	0.0000	0.0000	0.0000	0.0000	0.0000	0.0000	0.0000	0.0000	0.0000	0.0000	0.0000	0.0000											
29	75	0.0962	6	1	2	0	0	0	0	0	0	N	Y	N	N	N	N	N	N	N	N	N	N	0.0000	0.0000	0.0000	0.0000	0.0000	0.0000	0.0000	0.0000	0.0000	0.0000	0.0000	0.0000	0.0000	0.0000	0.0000	0.0000	0.0000	0.0000	0.0000	0.0000	0.0000	1.9994	0.0000	4.0943	0.0000	0.0000	0.0000	0.0000	0.0000	0.0000	0.0000	0.0000	0.0000	0.0000	0.0000	0.0000	0.0000	0.0000	0.0000	0.0000	0.0000	0.0000	0.0000	0.0000	0.0000	0.0000	0.0000	0.0000	0.0000	0.0000	0.0000	0.0000	0.0000	0.0000	0.0000	0.0000	0.0000	0.0000	0.0000	0.0000	0.0000	0.0000	0.0000	0.0000	0.0000	0.0000	0.0000	0.0000	0.0000	0.0000	0.0000	0.0000	0.0000	0.0000	0.0000	0.0000	0.0000	0.0000											
29	76	0.0900	5	1	1	0	0	0	0	0	0	N	N	N	N	N	N	N	N	N	N	N	N	0.0000	0.0000	0.0000	0.0000	0.0000	0.0000	0.0000	0.0000	0.0000	0.0000	0.0000	0.0000	0.0000	0.0000	0.0000	0.0000	0.0000	0.0000	0.0000	0.0000	0.0000	0.0011	0.0000	2.7207	0.0000	0.0000	0.0000	0.0000	0.0000	0.0000	0.0000	0.0000	0.0000	0.0000	0.0000	0.0000	0.0000	0.0000	0.0000	0.0000	0.0000	0.0000	0.0000	0.0000	0.0000	0.0000	0.0000	0.0000	0.0000	0.0000	0.0000	0.0000	0.0000	0.0000	0.0000	0.0000	0.0000	0.0000	0.0000	0.0000	0.0000	0.0000	0.0000	0.0000	0.0000	0.0000	0.0000	0.0000	0.0000	0.0000	0.0000	0.0000	0.0000	0.0000	0.0000	0.0000	0.0000	0.0000											
29	77	0.0579	4	1	1	0	0	0	0	0	0	N	N	N	N	N	N	N	N	N	N	N	N	0.0000	0.0000	0.0000	0.0000	0.0000	0.0000	0.0000	0.0000	0.0000	0.0000	0.0000	0.0000	0.0000	0.0000	0.0000	0.0000	0.0000	0.0000	0.0000	0.0000	0.0000	0.0001	0.0000	10.0074	0.0000	0.0000	0.0000	0.0000	0.0000	0.0000	0.0000	0.0000	0.0000	0.0000	0.0000	0.0000	0.0000	0.0000	0.0000	0.0000	0.0000	0.0000	0.0000	0.0000	0.0000	0.0000	0.0000	0.0000	0.0000	0.0000	0.0000	0.0000	0.0000	0.0000	0.0000	0.0000	0.0000	0.0000	0.0000	0.0000	0.0000	0.0000	0.0000	0.0000	0.0000	0.0000	0.0000	0.0000	0.0000	0.0000	0.0000	0.0000	0.0000	0.0000	0.0000	0.0000	0.0000	0.0000											
29	78	0.0780	5	2	1	1	0	0	0	0	0	Y	N	N	N	N	N	N	N	N	N	N	N	0.0000	0.0000	0.0000	0.0000	0.0000	0.0000	0.0000	0.0000	0.0000	0.0000	0.0000	0.0000	0.0000	0.0000	0.0000	0.0000	0.0000	0.0000	0.0000	0.0000	0.0000	1.6246	0.0000	0.0115	0.0000	0.0000	0.0000	0.0000	0.0000	0.0000	0.0000	0.0000	0.0000	0.0000	0.0000	0.0000	0.0000	0.0000	0.0000	0.0000	0.0000	0.0000	0.0000	0.0000	0.0000	0.0000	0.0000	0.0000	0.0000	0.0000	0.0000	0.0000	0.0000	0.0000	0.0000	0.0000	0.0000	0.0000	0.0000	0.0000	0.0000	0.0000	0.0000	0.0000	0.0000	0.0000	0.0000	0.0000	0.0000	0.0000	0.0000	0.0000	0.0000	0.0000	0.0000	0.0000	0.0000	0.0000											
29	79	0.0579	4	2	1	1	0	0	0	0	0	Y	N	N	N	N	N	N	N	N	N	N	N	0.0000	0.0000	0.0000	0.0000	0.0000	0.0000	0.0000	0.0000	0.0000	0.0000	0.0000	0.0000	0.0000	0.0000	0.0000	0.0000	0.0000	0.0000	0.0000	0.0000	0.0000	8.1927	0.0000	3.9952	0.0000	0.0000	0.0000	0.0000	0.0000	0.0000	0.0000	0.0000	0.0000	0.0000	0.0000	0.0000	0.0000	0.0000	0.0000	0.0000	0.0000	0.0000	0.0000	0.0000	0.0000	0.0000	0.0000	0.0000	0.0000	0.0000	0.0000	0.0000	0.0000	0.0000	0.0000	0.0000	0.0000	0.0000	0.0000	0.0000	0.0000	0.0000	0.0000	0.0000	0.0000	0.0000	0.0000	0.0000	0.0000	0.0000	0.0000	0.0000	0.0000	0.0000	0.0000	0.0000	0.0000	0.0000											
29	80	0.0579	4	1	2	0	1	0	0	0	0	N	Y	N	N	N	N	N	N	N	N	N	N	0.0000	0.0000	0.0000	0.0000	0.0000	0.0000	0.0000	0.0000	0.0000	0.0000	0.0000	0.0000	0.0000	0.0000	0.0000	0.0000	0.0000	0.0000	0.0000	0.0000	0.0000	0.7962	0.0000	19.0091	0.0000	0.0000	0.0000	0.0000	0.0000	0.0000	0.0000	0.0000	0.0000	0.0000	0.0000	0.0000	0.0000	0.0000	0.0000	0.0000	0.0000	0.0000	0.0000	0.0000	0.0000	0.0000	0.0000	0.0000	0.0000	0.0000	0.0000	0.0000	0.0000	0.0000	0.0000	0.0000	0.0000	0.0000	0.0000	0.0000	0.0000	0.0000	0.0000	0.0000	0.0000	0.0000	0.0000	0.0000	0.0000	0.0000	0.0000	0.0000	0.0000	0.0000	0.0000	0.0000	0.0000	0.0000											
29	81	0.0579	4	1	2	0	0	0	0	0	0	N	Y	N	N	N	N	N	N	N	N	N	N	0.0000	0.0000	0.0000	0.0000	0.0000	0.0000	0.0000	0.0000	0.0000	0.0000	0.0000	0.0000	0.0000	0.0000	0.0000	0.0000	0.0000	0.0000	0.0000	0.0000	0.0000	0.7962	0.0000	25.3140	0.0000	0.0000	0.0000	0.0000	0.0000	0.0000	0.0000	0.0000	0.0000	0.0000	0.0000	0.0000	0.0000	0.0000	0.0000	0.0000	0.0000	0.0000	0.0000	0.0000	0.0000	0.0000	0.0000	0.0000	0.0000	0.0000	0.0000	0.0000	0.0000	0.0000	0.0000	0.0000	0.0000	0.0000	0.0000	0.0000	0.0000	0.0000	0.0000	0.0000	0.0000	0.0000	0.0000	0.0000	0.0000	0.0000	0.0000	0.0000	0.0000	0.0000	0.0000	0.0000	0.0000	0.0000											
29	82	0.0579	4	1	2	0	0	0	0	0	0	N	Y	N	N	N	N	N	N	N	N	N	N	0.0000	0.0000	0.0000	0.0000	0.0000	0.0000	0.0000	0.0000	0.0000	0.0000	0.0000	0.0000	0.0000	0.0000	0.0000	0.0000	0.0000	0.0000	0.0000	0.0000	0.0000	1.7961	0.0000	27.0091	0.0000	0.0000	0.0000	0.0000	0.0000	0.0000	0.0000	0.0000	0.0000	0.0000	0.0000	0.0000	0.0000	0.0000	0.0000	0.0000	0.0000	0.0000	0.0000	0.0000	0.0000	0.0000	0.0000	0.0000	0.0000	0.0000	0.0000	0.0000	0.0000	0.0000	0.0000	0.0000	0.0000	0.0000	0.0000	0.0000	0.0000	0.0000	0.0000	0.0000	0.0000	0.0000	0.0000	0.0000	0.0000	0.0000	0.0000	0.0000	0.0000	0.0000	0.0000	0.0000	0.0000	0.0000											
29	83	0.1682	7	1	1	0	0	0	0	0	0	N	N	N	N	N	N	N	N	N	N	N	N	0.0000	0.0000	0.0000	0.0000	0.0000	0.0000	0.0000	0.0000	0.0000	0.0000	0.0000	0.0000	0.0000	0.0000	0.0000	0.0000	0.0000	0.0000	0.0000	0.0000	0.0000	10.0679	0.0000	33.8159	0.0000	0.0000	0.0000	0.0000	0.0000	0.0000	0.0000	0.0000	0.0000	0.0000	0.0000	0.0000	0.0000	0.0000	0.0000	0.0000	0.0000	0.0000	0.0000	0.0000	0.0000	0.0000	0.0000	0.0000	0.0000	0.0000	0.0000	0.0000	0.0000	0.0000	0.0000	0.0000	0.0000	0.0000	0.0000	0.0000	0.0000	0.0000	0.0000	0.0000	0.0000	0.0000	0.0000	0.0000	0.0000	0.0000	0.0000	0.0000	0.0000	0.0000	0.0000	0.0000	0.0000	0.0000											
29	84	0.1406	6	1	1	0	0	0	0	0	0	N	N	N	N	N	N	N	N	N	N	N	N	0.0000	0.0000	0.0000	0.0000	0.0000	0.0000	0.0000	0.0000	0.0000	0.0000	0.0000	0.0000	0.0000	0.0000	0.0000	0.0000	0.0000	0.0000	0.0000	0.0000	0.0000	0.9441	0.0000	14.0836	0.0000	0.0000	0.0000	0.0000	0.0000	0.0000	0.0000	0.0000	0.0000	0.0000	0.0000	0.0000	0.0000	0.0000	0.0000	0.0000	0.0000	0.0000	0.0000	0.0000	0.0000	0.0000	0.0000	0.0000	0.0000	0.0000	0.0000	0.0000	0.0000	0.0000	0.0000	0.0000	0.0000	0.0000	0.0000	0.0000	0.0000	0.0000	0.0000	0.0000	0.0000	0.0000	0.0000	0.0000	0.0000	0.0000	0.0000	0.0000	0.0000	0.0000	0.0000	0.0000	0.0000	0.0000											
29	85	0.4228	9	1	1	0	0	0	0	0	0	N	N	N	N	N	N	N	N	N	N	N	N	0.0000	0.0000	0.0000	0.0000	0.0000	0.0000	0.0000	0.0000	0.0000	0.0000	0.0000	0.0000	0.0000	0.0000	0.0000	0.0000	0.0000	0.0000	0.0000	0.0000	0.0000	15.0008	0.0000	28.2980	0.0000	0.0000	0.0000	0.0000	0.0000	0.0000	0.0000	0.0000	0.0000	0.0000	0.0000	0.0000	0.0000	0.0000	0.0000	0.0000	0.0000	0.0000	0.0000	0.0000	0.0000	0.0000	0.0000	0.0000	0.0000	0.0000	0.0000	0.0000	0.0000	0.0000	0.0000	0.0000	0.0000	0.0000	0.0000	0.0000	0.0000	0.0000	0.0000	0.0000	0.0000	0.0000	0.0000	0.0000	0.0000	0.0000	0.0000	0.0000	0.0000	0.0000	0.0000	0.0000	0.0000	0.0000											
29	86	0.4228	9	1	1	0	0	0	0	0	0	N	N	N	N	N	N	N	N	N	N	N	N	0.0000	0.0000	0.0000	0.0000	0.0000	0.0000	0.0000	0.0000	0.0000	0.0000	0.0000	0.0000	0.0000	0.0000	0.0000	0.0000	0.0000	0.0000	0.0000	0.0000	0.0000	10.8154	0.0000	27.4443	0.0000	0.0000	0.0000	0.0000	0.0000	0.0000	0.0000	0.0000	0.0000	0.0000	0.0000	0.0000	0.0000	0.0000	0.0000	0.0000	0.0000	0.0000	0.0000	0.0000	0.0000	0.0000	0.0000	0.0000	0.0000	0.0000	0.0000	0.0000	0.0000	0.0000	0.0000	0.0000	0.0000	0.0000	0.0000	0.0000	0.0000	0.0000	0.0000	0.0000	0.0000	0.0000	0.0000	0.0000	0.0000	0.0000	0.0000	0.0000	0.0000	0.0000	0.0000	0.0000	0.0000	0.0000											
29	87	0.3750	8	1	1	0	0	0	0	0	0	N	N	N	N	N	N	N	N	N	N	N	N	0.0000	0.0000	0.0000	0.0000	0.0000	0.0000	0.0000	0.0000	0.0000	0.0000	0.0000	0.0000	0.0000	0.0000	0.0000	0.0000	0.0000	0.0000	0.0000	0.0000	0.0000	2.7608	0.0000	22.4044	0.0000	0.0000	0.0000	0.0000	0.0000	0.0000	0.0000	0.0000	0.0000	0.0000	0.0000	0.0000	0.0000	0.0000	0.0000	0.0000	0.0000	0.0000	0.0000	0.0000	0.0000	0.0000	0.0000	0.0000	0.0000	0.0000	0.0000	0.0000	0.0000	0.0000	0.0000	0.0000	0.0000	0.0000	0.0000	0.0000	0.0000	0.0000	0.0000	0.0000	0.0000	0.0000	0.0000	0.0000	0.0000	0.0000	0.0000	0.0000	0.0000	0.0000	0.0000	0.0000	0.0000	0.0000											
29	88	0.2452	7	1	1	0	0	0	0	0	0	N	N	N	N	N	N	N	N	N	N	N	N	0.0000	0.0000	0.0000	0.0000	0.0000	0.0000	0.0000	0.0000	0.0000	0.0000	0.0000	0.0000	0.0000	0.0000	0.0000	0.0000	0.0000	0.0000	0.0000	0.0000	0.0000	8.8820	0.0000	49.9570	0.0000	0.0000	0.0000	0.0000	0.0000	0.0000	0.0000	0.0000	0.0000	0.0000	0.0000	0.0000	0.0000	0.0000	0.0000	0.0000	0.0000	0.0000	0.0000	0.0000	0.0000	0.0000	0.0000	0.0000	0.0000	0.0000	0.0000	0.0000	0.0000	0.0000	0.0000	0.0000	0.0000	0.0000	0.0000	0.0000	0.0000	0.0000	0.0000	0.0000	0.0000	0.0000	0.0000	0.0000	0.0000	0.0000	0.0000	0.0000	0.0000	0.0000	0.0000	0.0000	0.0000	0.0000											
29	89	0.0579	4	2	2	0	1	0	0	0	0	Y	Y	N	N	N	N	N	N	N	N	N	N	0.0000	0.0000	0.0000	0.0000	0.0000	0.0000	0.0000	0.0000	0.0000	0.0000	0.0000	0.0000	0.0000	0.0000	0.0000	0.0000	0.0000	0.0000	0.0000	0.0000	0.0000	0.7962	0.0000	16.9291	0.0000	0.0000	0.0000	0.0000	0.0000	0.0000	0.0000	0.0000	0.0000	0.0000	0.0000	0.0000	0.0000	0.0000	0.0000	0.0000	0.0000	0.0000	0.0000	0.0000	0.0000	0.0000	0.0000	0.0000	0.0000	0.0000	0.0000	0.0000	0.0000	0.0000	0.0000	0.0000	0.0000	0.0000	0.0000	0.0000	0.0000	0.0000	0.0000	0.0000	0.0000	0.0000	0.0000	0.0000	0.0000	0.0000	0.0000	0.0000	0.0000	0.0000	0.0000	0.0000	0.0000	0.0000											
29	90	0.0279	7	1	2	0	1	0	0	0	0	N	Y	N	N	N	N	N	N	N	N	N	N	0.0000	0.0000	0.0000	0.0000	0.0000	0.0000	0.0000	0.0000	0.0000	0.0000	0.0000	0.0000	0.0000	0.0000	0.0000	0.0000	0.0000	0.0000	0.0000	0.0000	0.0000	0.0000	0.0000	0.0000	0.0000	0.0000	0.0000	0.0000	0.0000	0.0000	0.0000	0.0000	0.0000	0.0000	0.0000	0.0000	0.0000	0.0000	0.0000	0.0000	0.0000	0.0000	0.0000	0.0000	0.0000	0.0000	0.0000	0.0000	0.0000	0.0000	0.0000	0.0000	0.0000	0.0000	0.0000	0.0000	0.0000	0.0000	0.0000	0.0000	0.0000	0.0000	0.0000	0.0000	0.0000	0.0000	0.0000	0.0000	0.0000	0.0000	0.0000	0.0000	0.0000	0.0000	0.0000	0.0000	0.0000	0.0000											
29	91	0.0172	6	1	2	0	1	0	0	0	0	N	Y	N	N	N	N	N	N	N	N	N	N	0.0000	0.0000	0.0000	0.0000	0.0000	0.0000	0.0000	0.0000	0.0000	0.0000	0.0000	0.0000	0.0000	0.0000	0.0000	0.0000	0.0000	0.0000	0.0000	0.0000	0.0000	1.0000	0.0000	3.0000	0.0000	0.0000	0.0000	0.0000	0.0000	0.0000	0.0000	0.0000	0.0000	0.0000	0.0000	0.0000	0.0000	0.0000	0.0000	0.0000	0.0000	0.0000	0.0000	0.0000	0.0000	0.0000	0.0000	0.0000	0.0000	0.0000	0.0000	0.0000	0.0000	0.0000	0.0000	0.0000	0.0000	0.0000	0.0000	0.0000	0.0000	0.0000	0.0000	0.0000	0.0000	0.0000	0.0000	0.0000	0.0000	0.0000	0.0000	0.0000	0.0000	0.0000	0.0000	0.0000	0.0000	0.0000											
29	92	0.0031	2	1	2	0	0	0	0	0	0	N	Y	N	N	N	N	N	N	N	N	N	N	0.0000	0.0000	0.0000	0.0000	0.0000	0.0000	0.0000	0.0000	0.0000	0.0000	0.0000	0.0000	0.0000	0.0000	0.0000	0.0000	0.0000	0.0000	0.0000	0.0000	0.0000	0.0000	0.0000	0.0000	0.0000	0.0000	0.0000	0.0000	0.0000	0.0000	0.0000	0.0000	0.0000	0.0000	0.0000	0.0000	0.0000	0.0000	0.0000	0.0000	0.0000	0.0000	0.0000	0.0000	0.0000	0.0000	0.0000	0.0000	0.0000	0.0000	0.0000	0.0000	0.0000	0.0000	0.0000	0.0000	0.0000	0.0000	0.0000	0.0000	0.0000	0.0000	0.0000	0.0000	0.0000	0.0000	0.0000	0.0000	0.0000	0.0000	0.0000	0.0000	0.0000	0.0000	0.0000	0.0000	0.0000	0.0000											
29	93	0.0172	6	1	1	1	1	0	0	0	0	N	N	N	N	N	N	N	N	N	N	N	N	0.0000	0.0000	0.0000	0.0000	0.0000	0.0000	0.0000	0.0000	0.0000	0.0000	0.0000	0.0000	0.0000	0.0000	0.0000	0.0000	0.0000	0.0000	0.0000	0.0000	0.0000	0.0000	0.0000	0.0000	0.0000	0.0000	0.0000	0.0000	0.0000	0.0000	0.0000	0.0000	0.0000	0.0000	0.0000	0.0000	0.0000	0.0000	0.0000	0.0000	0.0000	0.0000	0.0000	0.0000	0.0000	0.0000	0.0000	0.0000	0.0000	0.0000	0.0000	0.0000	0.0000	0.0000	0.0000	0.0000	0.0000	0.0000	0.0000	0.0000	0.0000	0.0000	0.0000	0.0000	0.0000	0.0000	0.0000	0.0000	0.0000	0.0000	0.0000	0.0000	0.0000	0.0000	0.0000	0.0000	0.0000	0.0000											
29	94	0.0145	5	1	1	0	1	0	0	0	0	N	N	N	N	N	N	N	N	N	N	N	N	0.0000	0.0000	0.0000	0.0000	0.0000	0.0000	0.0000	0.0000	0.0000	0.0000	0.0000	0.0000	0.0000	0.0000	0.0000	0.0000	0.0000	0.0000	0.0000	0.0000	0.0000	1.0000	0.0000	0.0097	0.0000	0.0000	0.0000	0.0000	0.0000	0.0000	0.0000	0.0000	0.0000	0.0000	0.0000	0.0000	0.0000	0.0000	0.0000	0.0000	0.0000	0.0000	0.0000	0.0000	0.0000	0.0000	0.0000	0.0000	0.0000	0.0000	0.0000	0.0000	0.0000	0.0000	0.0000	0.0000	0.0000	0.0000	0.0000	0.0000	0.0000	0.0000	0.0000	0.0000	0.0000	0.0000	0.0000	0.0000	0.0000	0.0000	0.0000	0.0000	0.0000	0.0000	0.0000	0.0000	0.0000	0.0000											
29	95	0.0145	5	1	1	1	1	0	0	0	0	N	N	N	N	N	N	N	N	N	N	N	N	0.0000	0.0000	0.0000	0.0000	0.0000	0.0000	0.0000	0.0000	0.0000	0.0000	0.0000	0.0000	0.0000	0.0000	0.0000	0.0000	0.0000	0.0000	0.0000	0.0000	0.0000	2.0000	0.0000	3.0050	0.0000	0.0000	0.0000	0.0000	0.0000	0.0000	0.0000	0.0000	0.0000	0.0000	0.0000	0.0000	0.0000	0.0000	0.0000	0.0000	0.0000	0.0000	0.0000	0.0000	0.0000	0.0000	0.0000	0.0000	0.0000	0.0000	0.0000	0.0000	0.0000	0.0000	0.0000	0.0000	0.0000	0.0000	0.0000	0.0000	0.0000	0.0000	0.0000	0.0000	0.0000	0.0000	0.0000	0.0000	0.0000	0.0000	0.0000	0.0000	0.0000	0.0000	0.0000	0.0000	0.0000	0.0000											
29	96	0.0145	5	1	1	1	1	0	0	0	0	N	N	N	N	N	N	N	N	N	N	N	N	0.0000	0.0000	0.0000	0.0000	0.0000	0.0000	0.0000	0.0000	0.0000	0.0000	0.0000	0.0000	0.0000	0.0000	0.0000	0.0000	0.0000	0.0000	0.0000	0.0000	0.0000	0.0000	0.0000	6.9903	0.0000	0.0000	0.0000	0.0000	0.0000	0.0000	0.0000	0.0000	0.0000	0.0000	0.0000	0.0000	0.0000	0.0000	0.0000	0.0000	0.0000	0.0000	0.0000	0.0000	0.0000	0.0000	0.0000	0.0000	0.0000	0.0000	0.0000	0.0000	0.0000	0.0000	0.0000	0.0000	0.0000	0.0000	0.0000	0.0000	0.0000	0.0000	0.0000	0.0000	0.0000	0.0000	0.0000	0.0000	0.0000	0.0000	0.0000	0.0000	0.0000	0.0000	0.0000	0.0000	0.0000	0.0000											
29	97	0.0090	4	1	1	0	1	0	0	0	0	N	N	N	N	N	N	N	N	N	N	N	N	0.0000	0.0000	0.0000	0.0000	0.0000	0.0000	0.0000	0.0000	0.0000	0.0000	0.0000	0.0000	0.0000	0.0000	0.0000	0.0000	0.0000	0.0000	0.0000	0.0000	0.0000	0.9999	0.0000	1.0605	0.0000	0.0000	0.0000	0.0000	0.0000	0.0000	0.0000	0.0000	0.0000	0.0000	0.0000	0.0000	0.0000	0.0000	0.0000	0.0000	0.0000	0.0000	0.0000	0.0000	0.0000	0.0000	0.0000	0.0000	0.0000	0.0000	0.0000	0.0000	0.0000	0.0000	0.0000	0.0000	0.0000	0.0000	0.0000	0.0000	0.0000	0.0000	0.0000	0.0000	0.0000	0.0000	0.0000	0.0000	0.0000	0.0000	0.0000	0.0000	0.0000	0.0000	0.0000	0.0000	0.0000	0.0000											
29	98	0.0069	3	1	1	0	1	0	0	0	0	N	N	N	N	N	N	N	N	N	N	N	N	0.0000	0.0000	0.0000	0.0000	0.0000	0.0000	0.0000	0.0000	0.0000	0.0000	0.0000	0.0000	0.0000	0.0000	0.0000	0.0000	0.0000	0.0000	0.0000	0.0000	0.0000	0.0012	0.0000	1.0414	0.0000	0.0000	0.0000	0.0000	0.0000	0.0000	0.0000	0.0000	0.0000	0.0000	0.0000	0.0000	0.0000	0.0000	0.0000	0.0000	0.0000	0.0000	0.0000	0.0000	0.0000	0.0000	0.0000	0.0000	0.0000	0.0000	0.0000	0.0000	0.0000	0.0000	0.0000	0.0000	0.0000	0.0000	0.0000	0.0000	0.0000	0.0000	0.0000	0.0000	0.0000	0.0000	0.0000	0.0000	0.0000	0.0000	0.0000	0.0000	0.0000	0.0000	0.0000	0.0000	0.0000	0.0000											
29	99	0.0579	4	2	2	0	0	0	0	0	0	Y	Y	N	N	N	N	N	N	N	N	N	N	0.0000	0.0000	0.0000	0.0000	0.0000	0.0000	0.0000	0.0000	0.0000	0.0000	0.0000	0.0000	0.0000	0.0000	0.0000	0.0000	0.0000	0.0000	0.0000	0.0000	0.0000	3.2042	0.0000	9.0918	0.0000	0.0000	0.0000	0.0000	0.0000	0.0000	0.0000	0.0000	0.0000	0.0000	0.0000	0.0000	0.0000	0.0000	0.0000	0.0000	0.0000	0.0000	0.0000	0.0000	0.0000	0.0000	0.0000	0.0000	0.0000	0.0000	0.0000	0.0000	0.0000	0.0000	0.0000	0.0000	0.0000	0.0000	0.0000	0.0000	0.0000	0.0000	0.0000	0.0000	0.0000	0.0000	0.0000	0.0000	0.0000	0.0000	0.0000	0.0000	0.0000	0.0000	0.0000	0.0000	0.0000	0.0000											
29	100	0.0579	4	1	2	0	0	0	0	0	0	N	Y	N	N	N	N	N	N	N	N	N	N	0.0000	0.0000	0.0000	0.0000	0.0000	0.0000	0.0000	0.0000	0.0000	0.0000	0.0000	0.0000	0.0000	0.0000	0.0000	0.0000	0.0000	0.0000	0.0000	0.0000	0.0000	0.7962	0.0000	10.9291	0.0000	0.0000	0.0000	0.0000	0.0000	0.0000	0.0000	0.0000	0.0000	0.0000	0.0000	0.0000	0.0000	0.0000	0.0000	0.0000	0.0000	0.0000	0.0000	0.0000	0.0000	0.0000	0.0000	0.0000	0.0000	0.0000	0.0000	0.0000	0.0000	0.0000	0.0000	0.0000	0.0000	0.0000	0.0000	0.0000	0.0000	0.0000	0.0000	0.0000	0.0000	0.0000	0.0000	0.0000	0.0000	0.0000	0.0000	0.0000	0.0000	0.0000	0.0000	0.0000	0.0000	0.0000											
29	109	0.3276	8	1	1	0	0	0	0	0	0	N	N	N	N	N	N	N	N	N	N	N	N	0.0000	0.0000	0.0000	0.0000	0.0000	0.0000	0.0000	0.0000	0.0000	0.0000	0.0000	0.0000	0.0000	0.0000	0.0000	0.0000	0.0000	0.0000	0.0000	0.0000	0.0000	7.7801	0.0000	32.2209	0.0000	0.0000	0.0000	0.0000	0.0000	0.0000	0.0000	0.0000	0.0000	0.0000	0.0000	0.0000	0.0000	0.0000	0.0000	0.0000	0.0000	0.0000	0.0000	0.0000	0.0000	0.0000	0.0000	0.0000	0.0000	0.0000	0.0000	0.0000	0.0000	0.0000	0.0000	0.0000	0.0000	0.0000	0.0000	0.0000	0.0000	0.0000	0.0000	0.0000	0.0000	0.0000	0.0000	0.0000	0.0000	0.0000	0.0000	0.0000	0.0000	0.0000	0.0000	0.0000	0.0000	0.0000											
30	32	0.5537	8	0	1	1	1	0	0	0	0	N	N	N	N	N	N	N	N	N	N	N	N	0.0000	0.0000	0.0000	0.0000	0.0000	0.0000	0.0000	0.0000	0.0000	0.0000	0.0000	0.0000	0.0000	0.0000	0.0000	0.0000	0.0000	0.0000	1.9958	2.3776	1.2156	3.2719	3.7884	0.1853	0.7617	0.0035	1.4969	0.2502	0.0000	-0.3469	0.0000	2.4598	19.0400	7.4321	0.0000	0.0000	0.0000	0.0000	0.0000	0.0000	0.0000	0.0000	0.0000	1.0809	0.8645	0.2163	0.8711	0.8641	0.0071	0.2097	0.0005	0.2093	0.0000	0.0000	0.0000	0.0000	0.0000	0.0000	0.0000	0.0000	0.0000	0.5416	0.3636	0.1780	0.2663	0.2281	0.0382	0.2753	0.1355	0.1398	0.0000	0.0000	0.0000	0.0000	0.0000	0.0000	0.0000	0.0000	0.0000	1.9958	2.3776	1.2156	3.2719	3.7884	0.1853	0.7617	0.0035	1.4969	
30	33	0.5154	7	0	1	0	1	0	0	0	0	N	N	N	N	N	N	N	N	N	N	N	N	0.0000	0.0000	0.0000	0.0000	0.0000	0.0000	0.0000	0.0000	0.0000	0.0000	0.0000	0.0000	0.0000	0.0000	0.0000	0.0000	0.0000	0.0000	4.1694	0.6269	11.1990	0.9447	1.0714	0.1250	6.5246	0.0840	13.4458	9.0027	0.0000	0.9562	0.0000	2.7943	19.0400	8.2643	0.0000	0.0000	0.0000	0.0000	0.0000	0.0000	0.0000	0.0000	0.0000	2.5233	0.2523	2.2711	0.2413	0.2370	0.0043	2.2820	0.0152	2.2668	0.0000	0.0000	0.0000	0.0000	0.0000	0.0000	0.0000	0.0000	0.0000	0.6052	0.4024	0.2028	0.2554	0.2212	0.0342	0.3498	0.1812	0.1686	0.0000	0.0000	0.0000	0.0000	0.0000	0.0000	0.0000	0.0000	0.0000	4.1694	0.6269	11.1990	0.9447	1.0714	0.1250	6.5246	0.0840	13.4458	
30	34	0.1843	2	0	2	0	1	0	0	0	0	N	Y	N	N	N	N	N	N	N	N	N	N	0.0000	0.0000	0.0000	0.0000	0.0000	0.0000	0.0000	0.0000	0.0000	0.0000	0.0000	0.0000	0.0000	0.0000	0.0000	0.0000	0.0000	0.0000	2.9963	4.2898	0.5193	4.0639	5.1315	0.0766	1.5961	2.4906	0.7569	0.0632	0.0000	-0.2500	0.0000	0.0009	19.0400	2.4415	0.0000	0.0000	0.0000	0.0000	0.0000	0.0000	0.0000	0.0000	0.0000	0.5415	0.5093	0.0322	0.4167	0.4151	0.0017	0.1248	0.0942	0.0305	0.0000	0.0000	0.0000	0.0000	0.0000	0.0000	0.0000	0.0000	0.0000	0.1807	0.1187	0.0620	0.1025	0.0809	0.0217	0.0782	0.0378	0.0403	0.0000	0.0000	0.0000	0.0000	0.0000	0.0000	0.0000	0.0000	0.0000	2.9963	4.2898	0.5193	4.0639	5.1315	0.0766	1.5961	2.4906	0.7569	
30	36	0.2194	2	0	2	0	1	0	0	0	0	N	Y	N	N	N	N	N	N	N	N	N	N	0.0000	0.0000	0.0000	0.0000	0.0000	0.0000	0.0000	0.0000	0.0000	0.0000	0.0000	0.0000	0.0000	0.0000	0.0000	0.0000	0.0000	0.0000	4.7602	5.7555	3.1929	8.7062	10.0019	0.0216	2.0933	0.0387	3.6870	0.3523	0.0000	-0.3507	0.0000	0.0123	19.0400	6.2120	0.0000	0.0000	0.0000	0.0000	0.0000	0.0000	0.0000	0.0000	0.0000	1.3460	0.9953	0.3507	0.9928	0.9924	0.0003	0.3532	0.0028	0.3503	0.0000	0.0000	0.0000	0.0000	0.0000	0.0000	0.0000	0.0000	0.0000	0.2828	0.1729	0.1098	0.1140	0.0992	0.0148	0.1687	0.0737	0.0950	0.0000	0.0000	0.0000	0.0000	0.0000	0.0000	0.0000	0.0000	0.0000	4.7602	5.7555	3.1929	8.7062	10.0019	0.0216	2.0933	0.0387	3.6870	
30	40	0.1843	2	0	1	1	1	0	0	0	0	N	N	N	N	N	N	N	N	N	N	N	N	0.0000	0.0000	0.0000	0.0000	0.0000	0.0000	0.0000	0.0000	0.0000	0.0000	0.0000	0.0000	0.0000	0.0000	0.0000	0.0000	0.0000	0.0000	1.5922	0.0070	4.6770	2.4943	0.0018	45.8066	0.6538	0.0154	1.3312	345.3028	0.0000	0.2951	0.0000	0.0009	19.0400	7.7842	0.0000	0.0000	0.0000	0.0000	0.0000	0.0000	0.0000	0.0000	0.0000	0.6199	0.0018	0.6181	0.4951	0.0003	0.4948	0.1248	0.0015	0.1233	0.0000	0.0000	0.0000	0.0000	0.0000	0.0000	0.0000	0.0000	0.0000	0.3893	0.2572	0.1322	0.1985	0.1589	0.0396	0.1908	0.0982	0.0926	0.0000	0.0000	0.0000	0.0000	0.0000	0.0000	0.0000	0.0000	0.0000	1.5922	0.0070	4.6770	2.4943	0.0018	12.5093	0.6538	0.0154	1.3312	
30	42	0.1988	2	0	2	0	1	0	0	0	0	N	Y	N	N	N	N	N	N	N	N	N	N	0.0000	0.0000	0.0000	0.0000	0.0000	0.0000	0.0000	0.0000	0.0000	0.0000	0.0000	0.0000	0.0000	0.0000	0.0000	0.0000	0.0000	0.0000	0.0000	0.0000	0.0000	0.0003	19.0400	0.0002	0.0000	0.0000	0.0000	0.0000	0.0000	0.0000	0.0000	0.0000	0.0000	0.0000	0.0000	0.0000	0.0000	0.0000	0.0000	0.0000	0.0000	0.0000	0.0000	0.0000	0.0000	0.0000	0.0000	0.0000	0.0000	0.0000	0.0000	0.0001	0.0001	0.0000	0.0001	0.0001	0.0000	0.0001	0.0000	0.0000	0.0000	0.0000	0.0000	0.0000	0.0000	0.0000	0.0000	0.0000	0.0000	0.0000	0.0000	0.0000	0.0000	0.0000	0.0000	0.0000	0.0000	0.0000											
30	43	0.1548	2	1	2	1	1	0	0	0	0	N	Y	N	N	N	N	N	N	N	N	N	N	0.0000	0.0000	0.0000	0.0000	0.0000	0.0000	0.0000	0.0000	0.0000	0.0000	0.0000	0.0000	0.0000	0.0000	0.0000	0.0000	0.0000	0.0000	0.0000	0.0000	0.0000	0.0000	19.0400	2.0000	0.0000	0.0000	0.0000	0.0000	0.0000	0.0000	0.0000	0.0000	0.0000	0.0000	0.0000	0.0000	0.0000	0.0000	0.0000	0.0000	0.0000	0.0000	0.0000	0.0000	0.0000	0.0000	0.0000	0.0000	0.0000	0.0000	0.0000	0.0916	0.0535	0.0381	0.0180	0.0137	0.0042	0.0736	0.0397	0.0339	0.0000	0.0000	0.0000	0.0000	0.0000	0.0000	0.0000	0.0000	0.0000	0.0000	0.0000	0.0000	0.0000	0.0000	0.0000	0.0000	0.0000	0.0000											
30	44	0.1548	2	1	2	1	1	0	0	0	0	N	Y	N	N	N	N	N	N	N	N	N	N	0.0000	0.0000	0.0000	0.0000	0.0000	0.0000	0.0000	0.0000	0.0000	0.0000	0.0000	0.0000	0.0000	0.0000	0.0000	0.0000	0.0000	0.0000	0.0000	0.0000	0.0000	0.0000	19.0400	0.0000	0.0000	0.0000	0.0000	0.0000	0.0000	0.0000	0.0000	0.0000	0.0000	0.0000	0.0000	0.0000	0.0000	0.0000	0.0000	0.0000	0.0000	0.0000	0.0000	0.0000	0.0000	0.0000	0.0000	0.0000	0.0000	0.0000	0.0000	0.0000	0.0000	0.0000	0.0000	0.0000	0.0000	0.0000	0.0000	0.0000	0.0000	0.0000	0.0000	0.0000	0.0000	0.0000	0.0000	0.0000	0.0000	0.0000	0.0000	0.0000	0.0000	0.0000	0.0000	0.0000	0.0000	0.0000											
30	48	0.2073	2	0	1	0	2	0	0	0	0	N	N	N	Y	N	N	N	N	N	N	N	N	0.0000	0.0000	0.0000	0.0000	0.0000	0.0000	0.0000	0.0000	0.0000	0.0000	0.0000	0.0000	0.0000	0.0000	0.0000	0.0000	0.0000	0.0000	0.0603	0.0017	0.1798	0.0087	0.0003	0.0486	0.1091	0.0036	0.2248	53.3150	0.0000	0.0040	0.0000	0.0037	19.0400	3.0208	0.0000	0.0000	0.0000	0.0000	0.0000	0.0000	0.0000	0.0000	0.0000	0.0087	0.0002	0.0085	0.0006	0.0000	0.0006	0.0081	0.0001	0.0079	0.0000	0.0000	0.0000	0.0000	0.0000	0.0000	0.0000	0.0000	0.0000	0.1442	0.0967	0.0475	0.0701	0.0580	0.0121	0.0740	0.0387	0.0353	0.0000	0.0000	0.0000	0.0000	0.0000	0.0000	0.0000	0.0000	0.0000	0.0603	0.0017	0.1798	0.0087	0.0003	0.0486	0.1091	0.0036	0.2248	
30	50	0.1637	2	0	2	1	1	0	0	0	0	N	Y	N	N	N	N	N	N	N	N	N	N	0.0000	0.0000	0.0000	0.0000	0.0000	0.0000	0.0000	0.0000	0.0000	0.0000	0.0000	0.0000	0.0000	0.0000	0.0000	0.0000	0.0000	0.0073	0.0125	0.0000	0.0031	0.0038	0.0000	0.0092	0.0197	0.0000	0.0014	0.0000	-0.0005	0.0000	1.4428	19.0400	0.4686	0.0000	0.0000	0.0000	0.0000	0.0000	0.0000	0.0000	0.0000	0.0000	0.0009	0.0009	0.0000	0.0001	0.0001	0.0000	0.0008	0.0008	0.0000	0.0000	0.0000	0.0000	0.0000	0.0000	0.0000	0.0000	0.0000	0.0000	0.1199	0.0696	0.0503	0.0384	0.0317	0.0068	0.0815	0.0380	0.0435	0.0000	0.0000	0.0000	0.0000	0.0000	0.0000	0.0000	0.0000	0.0000	0.0073	0.0125	0.0000	0.0031	0.0038	0.0000	0.0092	0.0197	0.0000		
30	52	0.1514	2	1	1	1	1	0	0	0	0	N	N	N	N	N	N	N	N	N	N	N	N	0.0000	0.0000	0.0000	0.0000	0.0000	0.0000	0.0000	0.0000	0.0000	0.0000	0.0000	0.0000	0.0000	0.0902	0.1777	0.0000	0.9581	0.9936	0.0000	0.0000	0.0000	0.0000	0.0000	0.0000	-0.0128	0.0000	0.9976	19.0400	4.7732	0.0000	0.0000	0.0000	0.0000	0.0000	0.0000	0.0000	0.0000	0.0000	0.0246	0.0246	0.0000	0.0246	0.0246	0.0000	0.0000	0.0000	0.0000	0.0000	0.0000	0.0000	0.0000	0.0000	0.0000	0.0000	0.0000	0.0000	0.2728	0.1384	0.1344	0.0257	0.0248	0.0009	0.2471	0.1137	0.1334	0.0000	0.0000	0.0000	0.0000	0.0000	0.0000	0.0000	0.0000	0.0000	0.0902	0.1777	0.0000	0.9581	0.9936	0.0000	0.0000	0.0000	0.0000						
30	55	0.1500	2	0	2	0	1	0	0	0	0	N	Y	N	N	N	N	N	N	N	N	N	N	0.0000	0.0000	0.0000	0.0000	0.0000	0.0000	0.0000	0.0000	0.0000	0.0000	0.0000	0.0000	0.0000	0.0000	0.0000	4.0141	6.2236	0.0000	0.0159	0.0192	0.0000	6.9882	13.7601	0.0000	0.0000	0.0000	-1.0221	0.0000	0.0041	19.0400	6.2745	0.0000	0.0000	0.0000	0.0000	0.0000	0.0000	0.0000	0.0000	0.0000	1.9616	1.9616	0.0000	0.0033	0.0033	0.0000	1.9582	1.9582	0.0000	0.0000	0.0000	0.0000	0.0000	0.0000	0.0000	0.0000	0.0000	0.0000	0.4887	0.3152	0.1735	0.2084	0.1729	0.0356	0.2802	0.1423	0.1379	0.0000	0.0000	0.0000	0.0000	0.0000	0.0000	0.0000	0.0000	0.0000	4.0141	6.2236	0.0000	0.0159	0.0192	0.0000	6.9882	13.7601	0.0000				
30	56	0.1988	2	0	1	1	1	0	0	0	0	N	N	N	N	N	N	N	N	N	N	N	N	0.0000	0.0000	0.0000	0.0000	0.0000	0.0000	0.0000	0.0000	0.0000	0.0000	0.0000	0.0000	0.0000	1.1775	1.7958	0.0000	0.0000	0.0000	0.0000	2.1693	4.0932	0.0000	0.0000	0.0000	-0.5211	0.0000	18.9997	19.0400	4.0000	0.0000	0.0000	0.0000	0.0000	0.0000	0.0000	0.0000	0.0000	0.0000	1.0000	1.0000	0.0000	0.0000	0.0000	0.0000	1.0000	1.0000	0.0000	0.0000	0.0000	0.0000	0.0000	0.0000	0.0000	0.0000	0.0000	0.0000	0.8492	0.5569	0.2924	0.3883	0.3126	0.0757	0.4610	0.2443	0.2167	0.0000	0.0000	0.0000	0.0000	0.0000	0.0000	0.0000	0.0000	0.0000	1.1775	1.7958	0.0000	0.0000	0.0000	0.0000	2.1693	4.0932	0.0000						
30	58	0.1496	3	1	2	0	1	0	0	0	0	N	Y	N	N	N	N	N	N	N	N	N	N	0.0000	0.0000	0.0000	0.0000	0.0000	0.0000	0.0000	0.0000	0.0000	0.0000	0.0000	0.0000	0.0000	1.7702	3.3076	0.0000	18.4838	19.6487	0.0000	0.0000	0.0000	0.0000	0.0000	0.0000	-0.3947	0.0000	0.9359	19.0400	8.5945	0.0000	0.0000	0.0000	0.0000	0.0000	0.0000	0.0000	0.0000	0.0000	0.7574	0.7574	0.0000	0.7574	0.7574	0.0000	0.0000	0.0000	0.0000	0.0000	0.0000	0.0000	0.0000	0.0000	0.0000	0.0000	0.0000	0.0000	0.4279	0.2290	0.1989	0.0410	0.0385	0.0024	0.3869	0.1904	0.1965	0.0000	0.0000	0.0000	0.0000	0.0000	0.0000	0.0000	0.0000	0.0000	1.7702	3.3076	0.0000	18.4838	19.6487	0.0000	0.0000	0.0000	0.0000						
30	59	0.1468	2	0	2	0	1	0	0	0	0	N	Y	N	N	N	N	N	N	N	N	N	N	0.0000	0.0000	0.0000	0.0000	0.0000	0.0000	0.0000	0.0000	0.0000	0.0000	0.0000	0.0000	0.0000	0.0000	0.0000	0.0000	0.0000	0.0000	2.9244	4.9380	0.0015	8.1173	8.3153	0.0280	1.7838	3.5119	0.0012	0.0002	0.0000	-0.1918	0.0000	0.1706	19.0400	1.8413	0.0000	0.0000	0.0000	0.0000	0.0000	0.0000	0.0000	0.0000	0.0000	0.3682	0.3682	0.0001	0.1841	0.1841	0.0000	0.1842	0.1841	0.0001	0.0000	0.0000	0.0000	0.0000	0.0000	0.0000	0.0000	0.0000	0.0000	0.1259	0.0746	0.0514	0.0227	0.0221	0.0005	0.1032	0.0524	0.0508	0.0000	0.0000	0.0000	0.0000	0.0000	0.0000	0.0000	0.0000	0.0000	2.9244	4.9380	0.0015	8.1173	8.3153	0.0280	1.7838	3.5119	0.0012	
30	61	0.5218	8	0	1	0	1	0	0	0	0	N	N	N	N	N	N	N	N	N	N	N	N	0.0000	0.0000	0.0000	0.0000	0.0000	0.0000	0.0000	0.0000	0.0000	0.0000	0.0000	0.0000	0.0000	0.0000	0.0000	0.0000	0.0000	0.0000	0.3229	0.4551	0.0731	0.7596	0.8803	0.0867	0.0337	0.0008	0.0702	0.0849	0.0000	-0.0884	0.0000	1.0140	19.0400	12.0537	0.0000	0.0000	0.0000	0.0000	0.0000	0.0000	0.0000	0.0000	0.0000	0.1996	0.1840	0.0156	0.1871	0.1839	0.0033	0.0125	0.0001	0.0124	0.0000	0.0000	0.0000	0.0000	0.0000	0.0000	0.0000	0.0000	0.0000	0.6182	0.4043	0.2139	0.2463	0.2089	0.0375	0.3719	0.1954	0.1765	0.0000	0.0000	0.0000	0.0000	0.0000	0.0000	0.0000	0.0000	0.0000	0.3229	0.4551	0.0731	0.7596	0.8803	0.0867	0.0337	0.0008	0.0702	
30	62	0.4459	5	0	1	0	1	0	0	0	0	N	N	N	N	N	N	N	N	N	N	N	N	0.0000	0.0000	0.0000	0.0000	0.0000	0.0000	0.0000	0.0000	0.0000	0.0000	0.0000	0.0000	0.0000	0.0000	0.0000	0.0000	0.0000	0.0000	0.9680	1.3687	0.0994	0.9638	1.1145	0.0748	0.9719	1.7605	0.1065	0.0335	0.0000	-1.1466	0.0000	22.0948	19.0400	64.3951	0.0000	0.0000	0.0000	0.0000	0.0000	0.0000	0.0000	0.0000	0.0000	2.3464	2.2703	0.0761	1.1341	1.1214	0.0128	1.2123	1.1489	0.0633	0.0000	0.0000	0.0000	0.0000	0.0000	0.0000	0.0000	0.0000	0.0000	2.4240	1.6587	0.7653	1.1767	1.0061	0.1706	1.2473	0.6526	0.5947	0.0000	0.0000	0.0000	0.0000	0.0000	0.0000	0.0000	0.0000	0.0000	0.9680	1.3687	0.0994	0.9638	1.1145	0.0748	0.9719	1.7605	0.1065	
30	63	0.2391	4	0	1	0	1	0	0	0	0	N	N	N	N	N	N	N	N	N	N	N	N	0.0000	0.0000	0.0000	0.0000	0.0000	0.0000	0.0000	0.0000	0.0000	0.0000	0.0000	0.0000	0.0000	0.0000	0.0000	0.0000	0.0000	0.0000	1.1147	0.5805	2.1609	1.2284	1.0181	3.2249	1.0307	0.0247	2.0649	1.9007	0.0000	0.1985	0.0000	3.0638	19.0400	18.8214	0.0000	0.0000	0.0000	0.0000	0.0000	0.0000	0.0000	0.0000	0.0000	1.4792	0.5100	0.9693	0.6924	0.5004	0.1920	0.7869	0.0096	0.7773	0.0000	0.0000	0.0000	0.0000	0.0000	0.0000	0.0000	0.0000	0.0000	1.3270	0.8785	0.4485	0.5636	0.4915	0.0721	0.7634	0.3870	0.3764	0.0000	0.0000	0.0000	0.0000	0.0000	0.0000	0.0000	0.0000	0.0000	1.1147	0.5805	2.1609	1.2284	1.0181	2.6621	1.0307	0.0247	2.0649	
30	64	0.1500	2	1	2	1	1	0	0	0	0	N	Y	N	N	N	N	N	N	N	N	N	N	0.0000	0.0000	0.0000	0.0000	0.0000	0.0000	0.0000	0.0000	0.0000	0.0000	0.0000	0.0000	0.0000	0.0729	0.1155	0.0000	0.1929	0.2349	0.0000	0.0000	0.0000	0.0000	0.0000	0.0000	-0.0228	0.0000	1.0029	19.0400	8.4685	0.0000	0.0000	0.0000	0.0000	0.0000	0.0000	0.0000	0.0000	0.0000	0.0437	0.0437	0.0000	0.0437	0.0437	0.0000	0.0000	0.0000	0.0000	0.0000	0.0000	0.0000	0.0000	0.0000	0.0000	0.0000	0.0000	0.0000	0.5988	0.3783	0.2205	0.2264	0.1860	0.0405	0.3723	0.1923	0.1800	0.0000	0.0000	0.0000	0.0000	0.0000	0.0000	0.0000	0.0000	0.0000	0.0729	0.1155	0.0000	0.1929	0.2349	0.0000	0.0000	0.0000	0.0000						
30	66	0.5218	8	0	2	0	1	0	0	0	0	N	Y	N	N	N	N	N	N	N	N	N	N	0.0000	0.0000	0.0000	0.0000	0.0000	0.0000	0.0000	0.0000	0.0000	0.0000	0.0000	0.0000	0.0000	0.0000	0.0000	0.0000	0.0000	0.0000	0.3152	0.4446	0.0712	0.7436	0.8628	0.0843	0.0328	0.0007	0.0684	0.0849	0.0000	-0.0884	0.0000	1.0110	19.0400	12.5479	0.0000	0.0000	0.0000	0.0000	0.0000	0.0000	0.0000	0.0000	0.0000	0.1996	0.1840	0.0156	0.1871	0.1839	0.0033	0.0125	0.0001	0.0124	0.0000	0.0000	0.0000	0.0000	0.0000	0.0000	0.0000	0.0000	0.0000	0.6334	0.4139	0.2196	0.2516	0.2131	0.0385	0.3818	0.2008	0.1810	0.0000	0.0000	0.0000	0.0000	0.0000	0.0000	0.0000	0.0000	0.0000	0.3152	0.4446	0.0712	0.7436	0.8628	0.0843	0.0328	0.0007	0.0684	
30	67	0.5154	7	0	1	0	1	0	0	0	0	N	N	N	N	N	N	N	N	N	N	N	N	0.0000	0.0000	0.0000	0.0000	0.0000	0.0000	0.0000	0.0000	0.0000	0.0000	0.0000	0.0000	0.0000	0.0000	0.0000	0.0000	0.0000	0.0000	2.2097	2.6205	1.2841	3.8649	4.1507	0.3578	0.7276	0.0074	1.4054	0.2175	0.0000	-0.2301	0.0000	0.9784	19.0400	1.5217	0.0000	0.0000	0.0000	0.0000	0.0000	0.0000	0.0000	0.0000	0.0000	0.6719	0.5519	0.1200	0.5552	0.5513	0.0039	0.1167	0.0006	0.1162	0.0000	0.0000	0.0000	0.0000	0.0000	0.0000	0.0000	0.0000	0.0000	0.3041	0.2106	0.0935	0.1436	0.1328	0.0108	0.1604	0.0778	0.0826	0.0000	0.0000	0.0000	0.0000	0.0000	0.0000	0.0000	0.0000	0.0000	2.2097	2.6205	1.2841	3.8649	4.1507	0.3578	0.7276	0.0074	1.4054	
30	68	0.4852	6	0	1	0	1	0	0	0	0	N	N	N	N	N	N	N	N	N	N	N	N	0.0000	0.0000	0.0000	0.0000	0.0000	0.0000	0.0000	0.0000	0.0000	0.0000	0.0000	0.0000	0.0000	0.0000	0.0000	0.0000	0.0000	0.0000	1.0849	1.0411	1.1740	1.5388	1.7265	0.5654	0.6718	0.0314	1.3595	0.5540	0.0000	-0.1116	0.0000	1.0531	19.0400	9.0748	0.0000	0.0000	0.0000	0.0000	0.0000	0.0000	0.0000	0.0000	0.0000	0.6785	0.4366	0.2419	0.4585	0.4313	0.0272	0.2200	0.0053	0.2147	0.0000	0.0000	0.0000	0.0000	0.0000	0.0000	0.0000	0.0000	0.0000	0.6254	0.4193	0.2060	0.2979	0.2498	0.0481	0.3275	0.1696	0.1579	0.0000	0.0000	0.0000	0.0000	0.0000	0.0000	0.0000	0.0000	0.0000	1.0849	1.0411	1.1740	1.5388	1.7265	0.5654	0.6718	0.0314	1.3595	
30	71	0.1850	5	0	1	1	1	0	0	0	0	N	N	N	N	N	N	N	N	N	N	N	N	0.0000	0.0000	0.0000	0.0000	0.0000	0.0000	0.0000	0.0000	0.0000	0.0000	0.0000	0.0000	0.0000	0.0000	0.0000	0.0021	0.0000	0.0059	0.0016	0.0000	0.0111	0.0025	0.0000	0.0050	inf	0.0000	0.0000	0.0000	1.0000	19.0400	0.0055	0.0000	0.0000	0.0000	0.0000	0.0000	0.0000	0.0000	0.0000	0.0000	0.0001	0.0000	0.0001	0.0000	0.0000	0.0000	0.0001	0.0000	0.0001	0.0000	0.0000	0.0000	0.0000	0.0000	0.0000	0.0000	0.0000	0.0000	0.0328	0.0209	0.0118	0.0125	0.0107	0.0018	0.0203	0.0103	0.0100	0.0000	0.0000	0.0000	0.0000	0.0000	0.0000	0.0000	0.0000	0.0000	0.0021	0.0000	0.0059	0.0016	0.0000	0.0111	0.0025	0.0000	0.0050				
30	72	0.1784	4	0	1	1	1	0	0	0	0	N	N	N	N	N	N	N	N	N	N	N	N	0.0000	0.0000	0.0000	0.0000	0.0000	0.0000	0.0000	0.0000	0.0000	0.0000	0.0000	0.0000	0.0000	0.0000	0.0000	0.0000	0.0000	0.0000	0.0516	0.0055	0.1380	0.0161	0.0097	0.0593	0.0743	0.0009	0.1516	13.4651	0.0000	0.0008	0.0000	0.0000	19.0400	1.0265	0.0000	0.0000	0.0000	0.0000	0.0000	0.0000	0.0000	0.0000	0.0000	0.0019	0.0001	0.0017	0.0002	0.0001	0.0001	0.0016	0.0000	0.0016	0.0000	0.0000	0.0000	0.0000	0.0000	0.0000	0.0000	0.0000	0.0000	0.0365	0.0238	0.0127	0.0143	0.0124	0.0019	0.0222	0.0114	0.0108	0.0000	0.0000	0.0000	0.0000	0.0000	0.0000	0.0000	0.0000	0.0000	0.0516	0.0055	0.1380	0.0161	0.0097	0.0593	0.0743	0.0009	0.1516	
30	73	0.1729	3	0	1	0	1	0	0	0	0	N	N	N	N	N	N	N	N	N	N	N	N	0.0000	0.0000	0.0000	0.0000	0.0000	0.0000	0.0000	0.0000	0.0000	0.0000	0.0000	0.0000	0.0000	0.0000	0.0000	0.0000	0.0000	0.0000	0.0836	0.0119	0.2332	0.0181	0.0134	0.0687	0.1541	0.0085	0.2587	9.3509	0.0000	0.0112	0.0000	0.0000	19.0400	1.0321	0.0000	0.0000	0.0000	0.0000	0.0000	0.0000	0.0000	0.0000	0.0000	0.0293	0.0028	0.0265	0.0033	0.0022	0.0010	0.0260	0.0006	0.0254	0.0000	0.0000	0.0000	0.0000	0.0000	0.0000	0.0000	0.0000	0.0000	0.3506	0.2370	0.1136	0.1816	0.1664	0.0153	0.1689	0.0706	0.0983	0.0000	0.0000	0.0000	0.0000	0.0000	0.0000	0.0000	0.0000	0.0000	0.0836	0.0119	0.2332	0.0181	0.0134	0.0687	0.1541	0.0085	0.2587	
30	74	0.1501	2	0	1	0	1	0	0	0	0	N	N	N	N	N	N	N	N	N	N	N	N	0.0000	0.0000	0.0000	0.0000	0.0000	0.0000	0.0000	0.0000	0.0000	0.0000	0.0000	0.0000	0.0000	0.0000	0.0000	0.0000	0.0000	0.0000	1.3012	0.2082	3.1196	0.1526	0.1133	0.6850	1.9767	0.3252	3.2967	9.0067	0.0000	0.4311	0.0000	0.5629	19.0400	8.5245	0.0000	0.0000	0.0000	0.0000	0.0000	0.0000	0.0000	0.0000	0.0000	1.1376	0.1137	1.0239	0.0494	0.0342	0.0152	1.0882	0.0795	1.0087	0.0000	0.0000	0.0000	0.0000	0.0000	0.0000	0.0000	0.0000	0.0000	0.8743	0.5461	0.3282	0.3238	0.3015	0.0223	0.5505	0.2445	0.3060	0.0000	0.0000	0.0000	0.0000	0.0000	0.0000	0.0000	0.0000	0.0000	1.3012	0.2082	3.1196	0.1526	0.1133	0.6850	1.9767	0.3252	3.2967	
30	75	0.1671	3	0	2	0	1	0	0	0	0	N	Y	N	N	N	N	N	N	N	N	N	N	0.0000	0.0000	0.0000	0.0000	0.0000	0.0000	0.0000	0.0000	0.0000	0.0000	0.0000	0.0000	0.0000	0.0000	0.0000	0.0000	0.0000	0.0000	0.1152	0.0205	0.3249	0.0405	0.0359	0.0759	0.1628	0.0050	0.3662	7.1691	0.0000	0.0105	0.0000	1.9994	19.0400	4.0943	0.0000	0.0000	0.0000	0.0000	0.0000	0.0000	0.0000	0.0000	0.0000	0.0295	0.0036	0.0259	0.0040	0.0032	0.0009	0.0255	0.0004	0.0250	0.0000	0.0000	0.0000	0.0000	0.0000	0.0000	0.0000	0.0000	0.0000	0.2559	0.1763	0.0796	0.0996	0.0882	0.0113	0.1564	0.0880	0.0683	0.0000	0.0000	0.0000	0.0000	0.0000	0.0000	0.0000	0.0000	0.0000	0.1152	0.0205	0.3249	0.0405	0.0359	0.0759	0.1628	0.0050	0.3662	
30	76	0.1609	2	0	1	0	1	0	0	0	0	N	N	N	N	N	N	N	N	N	N	N	N	0.0000	0.0000	0.0000	0.0000	0.0000	0.0000	0.0000	0.0000	0.0000	0.0000	0.0000	0.0000	0.0000	0.0000	0.0000	0.0000	0.0000	0.0000	0.8828	0.3340	2.1061	0.4642	0.4804	0.3075	1.1815	0.1574	2.3642	2.8285	0.0000	0.0283	0.0000	0.0011	19.0400	2.7207	0.0000	0.0000	0.0000	0.0000	0.0000	0.0000	0.0000	0.0000	0.0000	0.1301	0.0340	0.0961	0.0285	0.0267	0.0018	0.1016	0.0073	0.0943	0.0000	0.0000	0.0000	0.0000	0.0000	0.0000	0.0000	0.0000	0.0000	0.1473	0.1017	0.0456	0.0613	0.0556	0.0057	0.0860	0.0461	0.0399	0.0000	0.0000	0.0000	0.0000	0.0000	0.0000	0.0000	0.0000	0.0000	0.8828	0.3340	2.1061	0.4642	0.4804	0.3075	1.1815	0.1574	2.3642	
30	78	0.1489	2	1	1	1	1	0	0	0	0	N	N	N	N	N	N	N	N	N	N	N	N	0.0000	0.0000	0.0000	0.0000	0.0000	0.0000	0.0000	0.0000	0.0000	0.0000	0.0000	0.0000	0.0000	0.0012	0.0025	0.0000	0.0325	0.0357	0.0000	0.0000	0.0000	0.0000	0.0000	0.0000	-0.0000	0.0000	1.6246	19.0400	0.0115	0.0000	0.0000	0.0000	0.0000	0.0000	0.0000	0.0000	0.0000	0.0000	0.0001	0.0001	0.0000	0.0001	0.0001	0.0000	0.0000	0.0000	0.0000	0.0000	0.0000	0.0000	0.0000	0.0000	0.0000	0.0000	0.0000	0.0000	0.0715	0.0351	0.0364	0.0027	0.0025	0.0002	0.0688	0.0327	0.0362	0.0000	0.0000	0.0000	0.0000	0.0000	0.0000	0.0000	0.0000	0.0000	0.0012	0.0025	0.0000	0.0325	0.0357	0.0000	0.0000	0.0000	0.0000						
30	83	0.2391	4	0	1	0	1	0	0	0	0	N	N	N	N	N	N	N	N	N	N	N	N	0.0000	0.0000	0.0000	0.0000	0.0000	0.0000	0.0000	0.0000	0.0000	0.0000	0.0000	0.0000	0.0000	0.0000	0.0000	0.0000	0.0000	0.0000	1.7681	1.7990	1.7121	0.9528	0.9671	0.9993	2.2524	2.6196	1.8586	0.5242	0.0000	-0.5215	0.0000	10.0679	19.0400	33.8159	0.0000	0.0000	0.0000	0.0000	0.0000	0.0000	0.0000	0.0000	0.0000	2.9435	1.9312	1.0123	0.5911	0.5156	0.0755	2.3525	1.4156	0.9369	0.0000	0.0000	0.0000	0.0000	0.0000	0.0000	0.0000	0.0000	0.0000	1.6648	1.0735	0.5913	0.6203	0.5331	0.0872	1.0445	0.5404	0.5041	0.0000	0.0000	0.0000	0.0000	0.0000	0.0000	0.0000	0.0000	0.0000	1.7681	1.7990	1.7121	0.9528	0.9671	0.8656	2.2524	2.6196	1.8586	
30	84	0.2115	3	0	1	0	1	0	0	0	0	N	N	N	N	N	N	N	N	N	N	N	N	0.0000	0.0000	0.0000	0.0000	0.0000	0.0000	0.0000	0.0000	0.0000	0.0000	0.0000	0.0000	0.0000	0.0000	0.0000	0.0000	0.0000	0.0000	2.2240	1.1502	4.4515	1.6891	1.6835	2.7934	2.6265	0.4392	4.8736	1.8658	0.0000	0.3703	0.0000	0.9441	19.0400	14.0836	0.0000	0.0000	0.0000	0.0000	0.0000	0.0000	0.0000	0.0000	0.0000	2.8486	0.9940	1.8546	0.9288	0.8313	0.0975	1.9198	0.1627	1.7571	0.0000	0.0000	0.0000	0.0000	0.0000	0.0000	0.0000	0.0000	0.0000	1.2808	0.8642	0.4166	0.5499	0.4938	0.0561	0.7309	0.3704	0.3605	0.0000	0.0000	0.0000	0.0000	0.0000	0.0000	0.0000	0.0000	0.0000	2.2240	1.1502	4.4515	1.6891	1.6835	1.7385	2.6265	0.4392	4.8736	
30	85	0.4937	6	0	1	0	1	0	0	0	0	N	N	N	N	N	N	N	N	N	N	N	N	0.0000	0.0000	0.0000	0.0000	0.0000	0.0000	0.0000	0.0000	0.0000	0.0000	0.0000	0.0000	0.0000	0.0000	0.0000	0.0000	0.0000	0.7971	0.0636	2.4029	0.4687	0.1070	3.2257	1.0921	0.0000	2.3175	17.2534	0.0000	0.5438	0.0000	15.0008	19.0400	28.2980	0.0000	0.0000	0.0000	0.0000	0.0000	0.0000	0.0000	0.0000	0.0000	1.2821	0.0702	1.2119	0.3568	0.0702	0.2865	0.9253	0.0000	0.9253	0.0000	0.0000	0.0000	0.0000	0.0000	0.0000	0.0000	0.0000	0.0000	1.6085	1.1042	0.5043	0.7612	0.6562	0.1051	0.8473	0.4480	0.3993	0.0000	0.0000	0.0000	0.0000	0.0000	0.0000	0.0000	0.0000	0.0000	0.7971	0.0636	2.4029	0.4687	0.1070	2.7274	1.0921	0.0000	2.3175		
30	86	0.4937	6	0	1	0	1	0	0	0	0	N	N	N	N	N	N	N	N	N	N	N	N	0.0000	0.0000	0.0000	0.0000	0.0000	0.0000	0.0000	0.0000	0.0000	0.0000	0.0000	0.0000	0.0000	0.0000	0.0000	0.0000	0.0000	0.0000	1.2070	1.4527	0.6293	1.3975	1.5114	0.6325	1.0087	1.3515	0.6284	0.1842	0.0000	-0.6895	0.0000	10.8154	19.0400	27.4443	0.0000	0.0000	0.0000	0.0000	0.0000	0.0000	0.0000	0.0000	0.0000	1.8864	1.5930	0.2935	1.1141	1.0488	0.0653	0.7723	0.5442	0.2281	0.0000	0.0000	0.0000	0.0000	0.0000	0.0000	0.0000	0.0000	0.0000	1.5629	1.0966	0.4663	0.7972	0.6939	0.1033	0.7657	0.4027	0.3631	0.0000	0.0000	0.0000	0.0000	0.0000	0.0000	0.0000	0.0000	0.0000	1.2070	1.4527	0.6293	1.3975	1.5114	0.6325	1.0087	1.3515	0.6284	
30	87	0.4459	5	0	1	0	1	0	0	0	0	N	N	N	N	N	N	N	N	N	N	N	N	0.0000	0.0000	0.0000	0.0000	0.0000	0.0000	0.0000	0.0000	0.0000	0.0000	0.0000	0.0000	0.0000	0.0000	0.0000	0.0000	0.0000	0.0000	0.8724	0.7367	1.2122	0.8065	0.7967	0.9999	0.9567	0.6077	1.3306	0.6570	0.0000	-0.2545	0.0000	2.7608	19.0400	22.4044	0.0000	0.0000	0.0000	0.0000	0.0000	0.0000	0.0000	0.0000	0.0000	2.0430	1.2329	0.8100	1.0604	0.9101	0.1503	0.9826	0.3229	0.6597	0.0000	0.0000	0.0000	0.0000	0.0000	0.0000	0.0000	0.0000	0.0000	2.3418	1.6736	0.6683	1.3147	1.1423	0.1724	1.0271	0.5313	0.4958	0.0000	0.0000	0.0000	0.0000	0.0000	0.0000	0.0000	0.0000	0.0000	0.8724	0.7367	1.2122	0.8065	0.7967	0.8716	0.9567	0.6077	1.3306	
30	88	0.3161	4	0	1	0	1	0	0	0	0	N	N	N	N	N	N	N	N	N	N	N	N	0.0000	0.0000	0.0000	0.0000	0.0000	0.0000	0.0000	0.0000	0.0000	0.0000	0.0000	0.0000	0.0000	0.0000	0.0000	0.0000	0.0000	0.0000	2.2052	1.9779	2.6681	2.4217	2.3749	3.2257	2.0454	1.4961	2.6563	0.6624	0.0000	-0.5758	0.0000	8.8820	19.0400	49.9570	0.0000	0.0000	0.0000	0.0000	0.0000	0.0000	0.0000	0.0000	0.0000	4.6956	2.8246	1.8709	2.1895	1.8595	0.3299	2.5061	0.9651	1.5410	0.0000	0.0000	0.0000	0.0000	0.0000	0.0000	0.0000	0.0000	0.0000	2.1293	1.4281	0.7012	0.9041	0.7830	0.1211	1.2252	0.6451	0.5801	0.0000	0.0000	0.0000	0.0000	0.0000	0.0000	0.0000	0.0000	0.0000	2.2052	1.9779	2.6681	2.4217	2.3749	2.7243	2.0454	1.4961	2.6563	
30	90	0.2008	6	0	2	0	2	0	0	0	0	N	Y	N	Y	N	N	N	N	N	N	N	N	0.0000	0.0000	0.0000	0.0000	0.0000	0.0000	0.0000	0.0000	0.0000	0.0000	0.0000	0.0000	0.0000	0.0000	0.0000	0.0000	0.0000	0.0000	0.0000	0.0000	0.0000	0.0000	19.0400	0.0000	0.0000	0.0000	0.0000	0.0000	0.0000	0.0000	0.0000	0.0000	0.0000	0.0000	0.0000	0.0000	0.0000	0.0000	0.0000	0.0000	0.0000	0.0000	0.0000	0.0000	0.0000	0.0000	0.0000	0.0000	0.0000	0.0000	0.0000	0.0000	0.0000	0.0000	0.0000	0.0000	0.0000	0.0000	0.0000	0.0000	0.0000	0.0000	0.0000	0.0000	0.0000	0.0000	0.0000	0.0000	0.0000	0.0000	0.0000	0.0000	0.0000	0.0000	0.0000	0.0000	0.0000	0.0000											
30	91	0.1901	5	0	2	0	2	0	0	0	0	N	Y	N	Y	N	N	N	N	N	N	N	N	0.0000	0.0000	0.0000	0.0000	0.0000	0.0000	0.0000	0.0000	0.0000	0.0000	0.0000	0.0000	0.0000	6.5338	13.0730	0.0000	0.0000	0.0000	0.0000	7.2971	15.8574	0.0000	0.0000	0.0000	-0.5211	0.0000	1.0000	19.0400	3.0000	0.0000	0.0000	0.0000	0.0000	0.0000	0.0000	0.0000	0.0000	0.0000	1.0000	1.0000	0.0000	0.0000	0.0000	0.0000	1.0000	1.0000	0.0000	0.0000	0.0000	0.0000	0.0000	0.0000	0.0000	0.0000	0.0000	0.0000	0.1530	0.0765	0.0766	0.0160	0.0134	0.0026	0.1370	0.0631	0.0740	0.0000	0.0000	0.0000	0.0000	0.0000	0.0000	0.0000	0.0000	0.0000	6.5338	13.0730	0.0000	0.0000	0.0000	0.0000	7.2971	15.8574	0.0000						
30	92	0.1835	3	0	2	0	1	0	0	0	0	N	Y	N	N	N	N	N	N	N	N	N	N	0.0000	0.0000	0.0000	0.0000	0.0000	0.0000	0.0000	0.0000	0.0000	0.0000	0.0000	0.0000	0.0000	0.0000	0.0000	0.0000	0.0000	0.0000	0.0000	0.0000	0.0000	0.0000	19.0400	0.0000	0.0000	0.0000	0.0000	0.0000	0.0000	0.0000	0.0000	0.0000	0.0000	0.0000	0.0000	0.0000	0.0000	0.0000	0.0000	0.0000	0.0000	0.0000	0.0000	0.0000	0.0000	0.0000	0.0000	0.0000	0.0000	0.0000	0.0000	0.0000	0.0000	0.0000	0.0000	0.0000	0.0000	0.0000	0.0000	0.0000	0.0000	0.0000	0.0000	0.0000	0.0000	0.0000	0.0000	0.0000	0.0000	0.0000	0.0000	0.0000	0.0000	0.0000	0.0000	0.0000	0.0000	0.0000											
30	93	0.1901	5	0	1	1	2	0	0	0	0	N	N	N	Y	N	N	N	N	N	N	N	N	0.0000	0.0000	0.0000	0.0000	0.0000	0.0000	0.0000	0.0000	0.0000	0.0000	0.0000	0.0000	0.0000	0.0000	0.0000	0.0000	0.0000	0.0000	0.0000	0.0000	0.0000	0.0000	19.0400	0.0000	0.0000	0.0000	0.0000	0.0000	0.0000	0.0000	0.0000	0.0000	0.0000	0.0000	0.0000	0.0000	0.0000	0.0000	0.0000	0.0000	0.0000	0.0000	0.0000	0.0000	0.0000	0.0000	0.0000	0.0000	0.0000	0.0000	0.0000	0.0000	0.0000	0.0000	0.0000	0.0000	0.0000	0.0000	0.0000	0.0000	0.0000	0.0000	0.0000	0.0000	0.0000	0.0000	0.0000	0.0000	0.0000	0.0000	0.0000	0.0000	0.0000	0.0000	0.0000	0.0000	0.0000	0.0000											
30	94	0.1874	4	0	1	0	2	0	0	0	0	N	N	N	Y	N	N	N	N	N	N	N	N	0.0000	0.0000	0.0000	0.0000	0.0000	0.0000	0.0000	0.0000	0.0000	0.0000	0.0000	0.0000	0.0000	0.0568	0.0000	0.1133	0.0000	0.0000	0.0000	0.0645	0.0000	0.1171	inf	0.0000	0.0011	0.0000	1.0000	19.0400	0.0097	0.0000	0.0000	0.0000	0.0000	0.0000	0.0000	0.0000	0.0000	0.0000	0.0024	0.0000	0.0024	0.0000	0.0000	0.0000	0.0024	0.0000	0.0024	0.0000	0.0000	0.0000	0.0000	0.0000	0.0000	0.0000	0.0000	0.0000	0.0415	0.0207	0.0208	0.0050	0.0043	0.0007	0.0366	0.0164	0.0202	0.0000	0.0000	0.0000	0.0000	0.0000	0.0000	0.0000	0.0000	0.0000	0.0568	0.0000	0.1133	0.0000	0.0000	0.0000	0.0645	0.0000	0.1171						
30	95	0.1874	4	0	1	1	2	0	0	0	0	N	N	N	Y	N	N	N	N	N	N	N	N	0.0000	0.0000	0.0000	0.0000	0.0000	0.0000	0.0000	0.0000	0.0000	0.0000	0.0000	0.0000	0.0000	5.2300	10.4483	0.0000	48.7149	57.6821	0.0000	0.0000	0.0000	0.0000	0.0000	0.0000	-0.5199	0.0000	2.0000	19.0400	3.0050	0.0000	0.0000	0.0000	0.0000	0.0000	0.0000	0.0000	0.0000	0.0000	0.9976	0.9976	0.0000	0.9976	0.9976	0.0000	0.0000	0.0000	0.0000	0.0000	0.0000	0.0000	0.0000	0.0000	0.0000	0.0000	0.0000	0.0000	0.1908	0.0955	0.0953	0.0205	0.0173	0.0032	0.1703	0.0782	0.0921	0.0000	0.0000	0.0000	0.0000	0.0000	0.0000	0.0000	0.0000	0.0000	5.2300	10.4483	0.0000	48.7149	57.6821	0.0000	0.0000	0.0000	0.0000						
30	96	0.1874	4	0	1	1	2	0	0	0	0	N	N	N	Y	N	N	N	N	N	N	N	N	0.0000	0.0000	0.0000	0.0000	0.0000	0.0000	0.0000	0.0000	0.0000	0.0000	0.0000	0.0000	0.0000	0.0000	0.0000	11.5374	22.9888	0.0000	36.1914	42.9477	0.0000	8.6113	18.6626	0.0000	0.0000	0.0000	-1.5620	0.0000	0.0000	19.0400	6.9903	0.0000	0.0000	0.0000	0.0000	0.0000	0.0000	0.0000	0.0000	0.0000	2.9976	2.9976	0.0000	0.9976	0.9976	0.0000	2.0000	2.0000	0.0000	0.0000	0.0000	0.0000	0.0000	0.0000	0.0000	0.0000	0.0000	0.0000	0.2598	0.1304	0.1294	0.0276	0.0232	0.0043	0.2323	0.1072	0.1251	0.0000	0.0000	0.0000	0.0000	0.0000	0.0000	0.0000	0.0000	0.0000	11.5374	22.9888	0.0000	36.1914	42.9477	0.0000	8.6113	18.6626	0.0000				
30	97	0.1819	3	0	1	0	2	0	0	0	0	N	N	N	Y	N	N	N	N	N	N	N	N	0.0000	0.0000	0.0000	0.0000	0.0000	0.0000	0.0000	0.0000	0.0000	0.0000	0.0000	0.0000	0.0000	0.0000	0.0000	0.0000	0.0358	0.0481	0.0221	0.2012	0.2275	0.0000	0.0120	0.0000	0.0228	0.4145	0.0000	-0.0008	0.0000	0.9999	19.0400	1.0605	0.0000	0.0000	0.0000	0.0000	0.0000	0.0000	0.0000	0.0000	0.0000	0.0033	0.0024	0.0010	0.0024	0.0024	0.0000	0.0010	0.0000	0.0010	0.0000	0.0000	0.0000	0.0000	0.0000	0.0000	0.0000	0.0000	0.0000	0.0933	0.0491	0.0442	0.0117	0.0104	0.0014	0.0816	0.0387	0.0429	0.0000	0.0000	0.0000	0.0000	0.0000	0.0000	0.0000	0.0000	0.0000	0.0358	0.0481	0.0221	0.2012	0.2275	0.0000	0.0120	0.0000	0.0228			
30	98	0.1797	2	0	1	0	2	0	0	0	0	N	N	N	Y	N	N	N	N	N	N	N	N	0.0000	0.0000	0.0000	0.0000	0.0000	0.0000	0.0000	0.0000	0.0000	0.0000	0.0000	0.0000	0.0000	0.0000	0.0000	0.0000	0.0000	0.0418	0.0362	0.0485	0.1270	0.1387	0.0000	0.0263	0.0009	0.0500	1.1029	0.0000	0.0000	0.0000	0.0012	19.0400	1.0414	0.0000	0.0000	0.0000	0.0000	0.0000	0.0000	0.0000	0.0000	0.0000	0.0022	0.0010	0.0011	0.0010	0.0010	0.0000	0.0012	0.0000	0.0011	0.0000	0.0000	0.0000	0.0000	0.0000	0.0000	0.0000	0.0000	0.0000	0.0520	0.0285	0.0235	0.0080	0.0073	0.0007	0.0440	0.0212	0.0228	0.0000	0.0000	0.0000	0.0000	0.0000	0.0000	0.0000	0.0000	0.0000	0.0418	0.0362	0.0485	0.1270	0.1387	0.0000	0.0263	0.0009	0.0500		
30	101	0.1866	4	1	2	0	1	0	0	0	0	N	Y	N	N	N	N	N	N	N	N	N	N	0.0000	0.0000	0.0000	0.0000	0.0000	0.0000	0.0000	0.0000	0.0000	0.0000	0.0000	0.0000	0.0000	0.0000	0.0000	0.0000	0.0000	0.0000	0.0000	0.0000	0.0000	0.0000	19.0400	3.0000	0.0000	0.0000	0.0000	0.0000	0.0000	0.0000	0.0000	0.0000	0.0000	0.0000	0.0000	0.0000	0.0000	0.0000	0.0000	0.0000	0.0000	0.0000	0.0000	0.0000	0.0000	0.0000	0.0000	0.0000	0.0000	0.0000	0.0000	0.1226	0.0617	0.0610	0.0119	0.0099	0.0019	0.1108	0.0517	0.0590	0.0000	0.0000	0.0000	0.0000	0.0000	0.0000	0.0000	0.0000	0.0000	0.0000	0.0000	0.0000	0.0000	0.0000	0.0000	0.0000	0.0000	0.0000											
30	102	0.1835	3	1	2	0	1	0	0	0	0	N	Y	N	N	N	N	N	N	N	N	N	N	0.0000	0.0000	0.0000	0.0000	0.0000	0.0000	0.0000	0.0000	0.0000	0.0000	0.0000	0.0000	0.0000	0.0000	0.0000	0.0000	0.0000	0.0000	0.0000	0.0000	0.0000	0.0000	19.0400	1.0000	0.0000	0.0000	0.0000	0.0000	0.0000	0.0000	0.0000	0.0000	0.0000	0.0000	0.0000	0.0000	0.0000	0.0000	0.0000	0.0000	0.0000	0.0000	0.0000	0.0000	0.0000	0.0000	0.0000	0.0000	0.0000	0.0000	0.0000	0.0426	0.0214	0.0212	0.0041	0.0034	0.0007	0.0385	0.0179	0.0206	0.0000	0.0000	0.0000	0.0000	0.0000	0.0000	0.0000	0.0000	0.0000	0.0000	0.0000	0.0000	0.0000	0.0000	0.0000	0.0000	0.0000	0.0000											
30	103	0.1797	2	0	2	0	1	0	0	0	0	N	Y	N	N	N	N	N	N	N	N	N	N	0.0000	0.0000	0.0000	0.0000	0.0000	0.0000	0.0000	0.0000	0.0000	0.0000	0.0000	0.0000	0.0000	0.0000	0.0000	0.0000	0.0000	0.0228	0.0019	0.0480	0.0043	0.0047	0.0000	0.0261	0.0009	0.0495	20.8057	0.0000	0.0005	0.0000	0.0006	19.0400	1.0534	0.0000	0.0000	0.0000	0.0000	0.0000	0.0000	0.0000	0.0000	0.0000	0.0012	0.0001	0.0011	0.0000	0.0000	0.0000	0.0012	0.0000	0.0011	0.0000	0.0000	0.0000	0.0000	0.0000	0.0000	0.0000	0.0000	0.0000	0.0525	0.0288	0.0237	0.0080	0.0073	0.0007	0.0445	0.0214	0.0231	0.0000	0.0000	0.0000	0.0000	0.0000	0.0000	0.0000	0.0000	0.0000	0.0228	0.0019	0.0480	0.0043	0.0047	0.0000	0.0261	0.0009	0.0495		
30	109	0.3985	5	0	1	0	1	0	0	0	0	N	N	N	N	N	N	N	N	N	N	N	N	0.0000	0.0000	0.0000	0.0000	0.0000	0.0000	0.0000	0.0000	0.0000	0.0000	0.0000	0.0000	0.0000	0.0000	0.0000	0.0000	0.0000	0.0000	1.5539	0.8727	3.0188	0.3325	0.0975	2.7623	2.6510	1.9933	3.3919	1.6088	0.0000	0.2610	0.0000	7.7801	19.0400	32.2209	0.0000	0.0000	0.0000	0.0000	0.0000	0.0000	0.0000	0.0000	0.0000	2.7301	1.0465	1.6836	0.2764	0.0691	0.2073	2.4537	0.9774	1.4763	0.0000	0.0000	0.0000	0.0000	0.0000	0.0000	0.0000	0.0000	0.0000	1.7569	1.1992	0.5577	0.8313	0.7088	0.1225	0.9256	0.4903	0.4352	0.0000	0.0000	0.0000	0.0000	0.0000	0.0000	0.0000	0.0000	0.0000	1.5539	0.8727	3.0188	0.3325	0.0975	1.6929	2.6510	1.9933	3.3919	
31	32	0.4949	8	1	1	1	0	0	0	0	0	N	N	N	N	N	N	N	N	N	N	N	N	0.0002	0.0000	0.0054	0.0007	0.0000	0.1270	0.0000	0.0000	0.0000	0.0003	0.0000	0.0025	0.0021	0.0000	0.0455	0.0000	0.0000	0.0000	1.6913	2.2969	0.4556	3.0239	3.4707	0.3585	0.4045	0.3243	0.4821	inf	0.0972	0.0001	-0.4167	6.7961	2.4598	16.0091	7.4321	0.0001	0.0000	0.0001	0.0001	0.0000	0.0001	0.0000	0.0000	0.0000	0.9636	0.8782	0.0854	0.8464	0.8320	0.0144	0.1172	0.0463	0.0710	0.2491	0.2190	0.0301	0.0350	0.0334	0.0016	0.2141	0.1857	0.0285	0.5697	0.3823	0.1874	0.2799	0.2397	0.0402	0.2899	0.1426	0.1472	0.0002	0.0000	0.0054	0.0007	0.0000	0.1270	0.0000	0.0000	0.0000	1.6913	2.2969	0.4556	3.0239	3.4707	0.3585	0.4045	0.3243	0.4821
31	33	0.4567	7	1	1	0	0	0	0	0	0	N	N	N	N	N	N	N	N	N	N	N	N	0.0001	0.0001	0.0001	0.0027	0.0023	0.0173	0.0000	0.0000	0.0000	0.0003	0.0003	0.0002	0.0027	0.0026	0.0052	0.0000	0.0000	0.0000	2.5329	2.7270	2.1482	1.0015	1.1105	0.2987	3.6492	4.6961	2.5238	0.0932	0.3975	-0.0000	-0.3814	6.7961	2.7943	16.0091	8.2643	0.0001	0.0001	0.0000	0.0001	0.0001	0.0000	0.0000	0.0000	0.0000	1.6117	1.1533	0.4584	0.2687	0.2579	0.0108	1.3430	0.8954	0.4477	0.2692	0.2360	0.0332	0.0303	0.0289	0.0013	0.2389	0.2070	0.0319	0.6363	0.4229	0.2134	0.2683	0.2323	0.0360	0.3680	0.1907	0.1774	0.0001	0.0001	0.0001	0.0027	0.0023	0.0173	0.0000	0.0000	0.0000	2.5329	2.7270	2.1482	1.0015	1.1105	0.2987	3.6492	4.6961	2.5238
31	34	0.1255	2	1	2	0	0	0	0	0	0	N	Y	N	N	N	N	N	N	N	N	N	N	2.0087	0.0000	3.2307	9.3062	0.0000	19.7314	1.1882	0.0000	1.7694	0.4631	0.0000	2.0643	0.3815	0.0000	3.1584	0.5692	0.0000	1.5859	0.2306	0.0171	0.6390	0.0410	0.0091	0.1601	0.4790	0.0344	0.8963	inf	19.4901	0.0003	0.0189	6.7961	0.0009	16.0091	2.4415	0.0003	0.0000	0.0003	0.0002	0.0000	0.0002	0.0002	0.0000	0.0002	0.0438	0.0021	0.0417	0.0044	0.0008	0.0037	0.0394	0.0014	0.0381	0.0007	0.0006	0.0002	0.0004	0.0004	0.0001	0.0003	0.0002	0.0001	0.1902	0.1249	0.0653	0.1079	0.0851	0.0228	0.0823	0.0398	0.0425	2.0087	0.0000	3.2307	9.3062	0.0000	19.7314	1.1882	0.0000	1.7694	0.2306	0.0171	0.6390	0.0410	0.0091	0.1601	0.4790	0.0344	0.8963
31	36	0.1606	2	1	2	0	0	0	0	0	0	N	Y	N	N	N	N	N	N	N	N	N	N	1.9739	21.6522	0.0000	8.4405	20.5405	0.0000	0.0000	0.0000	0.0000	0.0219	0.0236	0.0000	0.0295	0.0313	0.0000	0.0000	0.0000	0.0000	0.0111	0.0011	0.0269	0.0035	0.0015	0.0166	0.0163	0.0005	0.0285	0.0000	15.6468	-0.0000	0.0014	6.7961	0.0123	16.0091	6.2120	0.0001	0.0001	0.0000	0.0001	0.0001	0.0000	0.0000	0.0000	0.0000	0.0033	0.0002	0.0031	0.0004	0.0002	0.0003	0.0029	0.0000	0.0029	0.0047	0.0044	0.0003	0.0035	0.0033	0.0002	0.0012	0.0011	0.0001	0.2977	0.1821	0.1156	0.1200	0.1043	0.0156	0.1777	0.0778	0.0999	1.9739	21.6522	0.0000	8.4405	20.5405	0.0000	0.0000	0.0000	0.0000	0.0111	0.0011	0.0269	0.0035	0.0015	0.0166	0.0163	0.0005	0.0285
31	40	0.1255	2	1	1	1	0	0	0	0	0	N	N	N	N	N	N	N	N	N	N	N	N	4.3253	0.0000	6.8870	17.9937	0.0000	36.0276	2.9008	0.0000	4.0626	0.4631	0.0000	2.0643	0.3815	0.0000	3.1584	0.5692	0.0000	1.5859	0.1071	0.0079	0.2997	0.0212	0.0046	0.0877	0.1962	0.0132	0.3904	inf	19.4901	0.0003	0.0189	6.7961	0.0009	16.0091	7.7842	0.0003	0.0000	0.0003	0.0002	0.0000	0.0002	0.0002	0.0000	0.0002	0.0438	0.0021	0.0417	0.0044	0.0008	0.0037	0.0394	0.0014	0.0381	0.0007	0.0006	0.0002	0.0004	0.0004	0.0001	0.0003	0.0002	0.0001	0.4095	0.2704	0.1392	0.2086	0.1669	0.0417	0.2009	0.1034	0.0975	4.3253	0.0000	6.8870	17.9937	0.0000	36.0276	2.9008	0.0000	4.0626	0.1071	0.0079	0.2997	0.0212	0.0046	0.0877	0.1962	0.0132	0.3904
31	42	0.1400	2	1	2	0	0	0	0	0	0	N	Y	N	N	N	N	N	N	N	N	N	N	0.2190	0.3225	4.9979	1.0149	0.0000	0.0000	0.2839	0.0000	1.8263	0.6592	0.0000	3.2195	0.0000	0.0000	0.0000	1.2962	0.0000	5.6626	0.1319	0.0000	3.1722	2.5437	0.0000	6.2230	inf	inf	0.0000	0.0001	6.7961	0.0003	16.0091	0.0002	0.0000	0.0000	0.0000	0.0000	0.0000	0.0000	0.0000	0.0000	0.0000	0.0002	0.0000	0.0002	0.0000	0.0000	0.0000	0.0002	0.0000	0.0002	0.0000	0.0000	0.0000	0.0000	0.0000	0.0000	0.0000	0.0000	0.0000	0.0001	0.0001	0.0000	0.0001	0.0001	0.0000	0.0001	0.0000	0.0000	0.2190	0.0000	0.3225	4.9979	0.0000	1.4902	0.0000	0.0000	0.0000	1.2962	0.0000	5.6626	0.1319	0.0000	2.1605	2.5437	0.0000	6.2230			
31	43	0.0960	2	2	2	1	0	0	0	0	0	Y	Y	N	N	N	N	N	N	N	N	N	N	0.0000	0.0000	0.0000	0.0000	0.0000	0.0000	0.0000	0.0000	0.0000	0.0000	0.0000	0.0000	0.0000	0.0000	0.0000	0.0000	0.0000	0.0000	0.0000	0.0000	6.7961	0.0000	16.0091	2.0000	0.0000	0.0000	0.0000	0.0000	0.0000	0.0000	0.0000	0.0000	0.0000	0.0000	0.0000	0.0000	0.0000	0.0000	0.0000	0.0000	0.0000	0.0000	0.0000	0.0000	0.0000	0.0000	0.0000	0.0000	0.0000	0.0000	0.0000	0.0963	0.0562	0.0401	0.0188	0.0143	0.0044	0.0775	0.0418	0.0357	0.0000	0.0000	0.0000	0.0000	0.0000	0.0000	0.0000	0.0000	0.0000	0.0000	0.0000	0.0000	0.0000	0.0000	0.0000	0.0000	0.0000	0.0000											
31	44	0.0960	2	2	2	1	0	0	0	0	0	Y	Y	N	N	N	N	N	N	N	N	N	N	0.0000	0.0000	0.0000	0.0000	0.0000	0.0000	0.0000	0.0000	0.0000	0.0000	0.0000	0.0000	0.0000	0.0000	0.0000	0.0000	0.0000	0.0000	0.0000	0.0000	6.7961	0.0000	16.0091	0.0000	0.0000	0.0000	0.0000	0.0000	0.0000	0.0000	0.0000	0.0000	0.0000	0.0000	0.0000	0.0000	0.0000	0.0000	0.0000	0.0000	0.0000	0.0000	0.0000	0.0000	0.0000	0.0000	0.0000	0.0000	0.0000	0.0000	0.0000	0.0000	0.0000	0.0000	0.0000	0.0000	0.0000	0.0000	0.0000	0.0000	0.0000	0.0000	0.0000	0.0000	0.0000	0.0000	0.0000	0.0000	0.0000	0.0000	0.0000	0.0000	0.0000	0.0000	0.0000	0.0000	0.0000	0.0000											
31	48	0.1485	2	1	1	0	1	0	0	0	0	N	N	N	N	N	N	N	N	N	N	N	N	2.4657	0.0000	5.3012	16.2097	0.0000	31.6877	1.0245	0.0000	2.7675	0.1785	0.0000	1.1029	0.3134	0.0000	2.8883	0.1255	0.0000	0.6869	0.0724	0.0057	0.2080	0.0193	0.0043	0.0911	0.1225	0.0079	0.2482	inf	17.9148	0.0001	0.0047	6.7961	0.0037	16.0091	3.0208	0.0001	0.0000	0.0001	0.0000	0.0000	0.0000	0.0000	0.0000	0.0000	0.0110	0.0006	0.0104	0.0014	0.0003	0.0012	0.0095	0.0003	0.0092	0.0006	0.0005	0.0001	0.0002	0.0001	0.0000	0.0004	0.0003	0.0001	0.1516	0.1016	0.0499	0.0736	0.0609	0.0128	0.0779	0.0408	0.0372	2.4657	0.0000	5.3012	16.2097	0.0000	31.6877	1.0245	0.0000	2.7675	0.0724	0.0057	0.2080	0.0193	0.0043	0.0911	0.1225	0.0079	0.2482
31	50	0.1049	2	1	2	1	0	0	0	0	0	N	Y	N	N	N	N	N	N	N	N	N	N	0.3227	0.2123	0.0000	0.0599	0.0553	63.3569	inf	0.0000	0.0005	0.0006	0.0000	0.0003	0.0003	0.0000	0.0009	0.0010	0.0000	0.0016	0.0028	0.0000	0.0051	0.0062	0.0000	0.0000	0.0000	0.0000	0.0000	0.0058	-0.0000	-0.0001	6.7961	1.4428	16.0091	0.4686	0.0002	0.0002	0.0000	0.0001	0.0001	0.0000	0.0001	0.0001	0.0000	0.0002	0.0002	0.0000	0.0002	0.0002	0.0000	0.0000	0.0000	0.0000	0.3149	0.2800	0.0349	0.1922	0.1715	0.0208	0.1227	0.1086	0.0141	0.1264	0.0735	0.0529	0.0407	0.0335	0.0072	0.0857	0.0400	0.0457	0.3227	0.2123	0.0000	0.0599	0.0553	0.0000	63.3569	inf	0.0000	0.0016	0.0028	0.0000	0.0051	0.0062	0.0000	0.0000	0.0000	0.0000	
31	52	0.0926	2	2	1	1	0	0	0	0	0	Y	N	N	N	N	N	N	N	N	N	N	N	0.0812	0.0460	0.0284	0.0289	0.0073	0.0081	0.0000	0.0273	0.0288	0.0000	0.0000	0.0000	0.0000	0.0898	0.1767	0.0000	0.9606	0.9967	0.0000	0.0000	0.0000	0.0000	0.0000	0.0000	-0.0001	-0.0134	6.7961	0.9976	16.0091	4.7732	0.0009	0.0009	0.0000	0.0009	0.0009	0.0000	0.0000	0.0000	0.0000	0.0257	0.0257	0.0000	0.0257	0.0257	0.0000	0.0000	0.0000	0.0000	0.1176	0.1055	0.0122	0.0314	0.0298	0.0017	0.0862	0.0757	0.0105	0.2867	0.1456	0.1411	0.0268	0.0258	0.0010	0.2599	0.1198	0.1401	0.0812	0.0460	0.0000	0.0284	0.0289	0.0000	0.0000	0.0000	0.0000	0.0898	0.1767	0.0000	0.9606	0.9967	0.0000	0.0000	0.0000	0.0000					
31	55	0.0913	2	1	2	0	0	0	0	0	0	N	Y	N	N	N	N	N	N	N	N	N	N	1.8309	0.0000	2.9171	2.6348	0.0000	14.2464	1.9096	2.1535	0.5032	0.0000	2.0213	0.2788	0.0000	3.1539	0.7643	0.0000	1.7540	0.2748	0.0449	0.6929	0.1058	0.0820	0.2214	0.4002	0.0000	0.8145	inf	8.4889	0.0018	0.0527	6.7961	0.0041	16.0091	6.2745	0.0020	0.0000	0.0020	0.0006	0.0000	0.0006	0.0014	0.0000	0.0014	0.1411	0.0149	0.1262	0.0231	0.0149	0.0083	0.1179	0.0000	0.1179	0.0041	0.0030	0.0010	0.0022	0.0020	0.0002	0.0019	0.0011	0.0008	0.5133	0.3312	0.1822	0.2186	0.1813	0.0373	0.2947	0.1499	0.1448	1.8309	0.0000	2.9171	2.6348	0.0000	14.2464	1.9096	0.0000	2.1535	0.2748	0.0449	0.6929	0.1058	0.0820	0.2214	0.4002	0.0000	0.8145	
31	56	0.1400	2	1	1	1	0	0	0	0	0	N	N	N	N	N	N	N	N	N	N	N	N	0.2256	0.3397	0.0000	2.6085	2.1702	0.0000	0.0000	0.4971	0.5620	0.0000	6.1958	6.4076	0.0000	0.0000	0.0000	0.0000	2.2031	1.6545	3.2458	2.3752	2.9525	0.0000	2.0586	0.0000	4.3797	0.0000	1.0321	-0.0761	-0.0259	6.7961	18.9997	16.0091	4.0000	0.7961	0.7961	0.0000	0.7961	0.7961	0.0000	0.0000	0.0000	0.0000	1.9689	0.9689	1.0000	0.9689	0.9689	0.0000	1.0000	0.0000	1.0000	1.6015	1.4165	0.1850	0.1285	0.1242	0.0042	1.4730	1.2923	0.1807	0.8937	0.5856	0.3081	0.4079	0.3282	0.0798	0.4858	0.2574	0.2283	0.2256	0.3397	0.0000	2.6085	2.1702	0.0000	0.0000	0.0000	0.0000	2.2031	1.6545	3.2458	2.3752	2.9525	0.0000	2.0586	0.0000	4.3797		
31	58	0.0908	3	2	2	0	0	0	0	0	0	Y	Y	N	N	N	N	N	N	N	N	N	N	1.2703	0.7535	0.2880	0.2887	0.0087	0.0096	0.0000	0.0206	0.0219	0.0000	0.0000	0.0000	0.0000	0.0068	0.0128	0.0000	0.0715	0.0760	0.0000	0.0000	0.0000	0.0000	0.0000	0.0000	-0.0001	-0.0016	6.7961	0.9359	16.0091	8.5945	0.0013	0.0013	0.0000	0.0013	0.0013	0.0000	0.0000	0.0000	0.0000	0.0031	0.0031	0.0000	0.0031	0.0031	0.0000	0.0000	0.0000	0.0000	0.1446	0.1306	0.0140	0.0611	0.0573	0.0038	0.0835	0.0733	0.0102	0.4506	0.2414	0.2091	0.0432	0.0406	0.0026	0.4074	0.2009	0.2066	1.2703	0.7535	0.0000	0.2880	0.2887	0.0000	0.0000	0.0000	0.0000	0.0068	0.0128	0.0000	0.0715	0.0760	0.0000	0.0000	0.0000	0.0000					
31	59	0.0881	2	1	2	0	0	0	0	0	0	N	Y	N	N	N	N	N	N	N	N	N	N	1.6908	1.3248	4.7347	0.8094	0.8355	0.5616	2.1712	1.6415	6.1251	0.0664	0.0518	0.1871	0.0721	0.0762	0.0005	0.0615	0.0281	0.2446	0.0393	0.0391	0.0395	0.0890	0.0912	0.0009	0.0283	0.0171	0.0399	0.4364	0.6930	0.0005	-0.0006	6.7961	0.1706	16.0091	1.8413	0.0025	0.0018	0.0008	0.0013	0.0013	0.0000	0.0013	0.0005	0.0008	0.0052	0.0031	0.0021	0.0021	0.0021	0.0000	0.0031	0.0009	0.0021	0.0381	0.0340	0.0041	0.0178	0.0168	0.0010	0.0204	0.0172	0.0031	0.1327	0.0787	0.0540	0.0239	0.0234	0.0006	0.1087	0.0553	0.0534	1.6908	1.3248	4.7347	0.8094	0.8355	0.5616	2.1712	1.6415	6.1251	0.0393	0.0391	0.0395	0.0890	0.0912	0.0009	0.0283	0.0171	0.0399
31	61	0.4631	8	1	1	0	0	0	0	0	0	N	N	N	N	N	N	N	N	N	N	N	N	0.0000	0.0000	0.0001	0.0010	0.0000	0.0744	0.0000	0.0000	0.0001	0.0000	0.0006	0.0007	0.0000	0.0155	0.0000	0.0000	0.0000	1.8351	0.4008	4.5409	0.6903	0.7772	0.2082	2.5913	0.0000	5.4614	inf	6.0048	0.0000	0.4009	6.7961	1.0140	16.0091	12.0537	0.0000	0.0000	0.0000	0.0000	0.0000	0.0000	0.0000	0.0000	0.0000	1.1925	0.1702	1.0223	0.1785	0.1702	0.0082	1.0140	0.0000	1.0140	0.1004	0.0879	0.0125	0.0115	0.0110	0.0005	0.0889	0.0769	0.0120	0.6498	0.4247	0.2251	0.2585	0.2191	0.0394	0.3913	0.2056	0.1857	0.0000	0.0000	0.0001	0.0010	0.0000	0.0744	0.0000	0.0000	0.0000	1.8351	0.4008	4.5409	0.6903	0.7772	0.2082	2.5913	0.0000	5.4614	
31	62	0.3872	5	1	1	0	0	0	0	0	0	N	N	N	N	N	N	N	N	N	N	N	N	0.0956	0.0015	0.7886	0.4624	0.0092	1.4483	0.0085	0.0000	0.0963	0.1128	0.0018	0.9391	0.4711	0.0078	4.4148	0.0113	0.0000	0.0925	1.1798	1.1748	1.1908	1.0188	0.8528	3.0483	1.3313	1.6695	0.9597	72.0456	0.4677	0.1978	-0.6115	6.7961	22.0948	16.0091	64.3951	0.2221	0.0030	0.2190	0.2047	0.0030	0.2017	0.0173	0.0000	0.0173	3.0211	2.0584	0.9628	1.2646	0.9052	0.3594	1.7565	1.1532	0.6033	1.9678	1.7346	0.2332	0.4346	0.3889	0.0457	1.5332	1.3457	0.1876	2.5607	1.7522	0.8085	1.2413	1.0614	0.1799	1.3194	0.6908	0.6286	0.0956	0.0015	0.7886	0.4624	0.0092	2.2093	0.0085	0.0000	0.0963	1.1798	1.1748	1.1908	1.0188	0.8528	1.9983	1.3313	1.6695	0.9597
31	63	0.1803	4	1	1	0	0	0	0	0	0	N	N	N	N	N	N	N	N	N	N	N	N	0.0074	0.0102	0.0079	0.0896	0.1022	0.1031	0.0001	0.0000	0.0004	0.0123	0.0110	0.0220	0.1349	0.1102	0.7192	0.0001	0.0000	0.0010	1.6568	1.0737	2.7996	1.5060	1.0783	6.9734	1.7681	1.0679	2.4891	0.2885	1.3304	0.0005	0.1153	6.7961	3.0638	16.0091	18.8214	0.0036	0.0028	0.0008	0.0036	0.0028	0.0008	0.0000	0.0000	0.0000	2.3152	0.9935	1.3217	0.8930	0.5577	0.3353	1.4222	0.4358	0.9864	0.2944	0.2575	0.0369	0.0267	0.0256	0.0011	0.2677	0.2319	0.0358	1.3974	0.9252	0.4721	0.5930	0.5171	0.0758	0.8044	0.4081	0.3963	0.0074	0.0102	0.0079	0.0896	0.1022	0.1626	0.0001	0.0000	0.0004	1.6568	1.0737	2.7996	1.5060	1.0783	4.4224	1.7681	1.0679	2.4891
31	64	0.0913	2	2	2	1	0	0	0	0	0	Y	Y	N	N	N	N	N	N	N	N	N	N	0.0114	0.0000	0.0318	1.5988	0.0000	7.4718	0.0055	0.0189	0.0201	0.0000	0.1527	0.0682	0.0000	1.4533	0.0155	0.0000	0.1106	1.7722	0.0047	4.8052	0.0426	0.0095	0.1945	2.8204	0.0000	5.8410	inf	599.1087	0.0018	0.5322	6.7961	1.0029	16.0091	8.4685	0.0020	0.0000	0.0020	0.0006	0.0000	0.0006	0.0014	0.0000	0.0014	1.1151	0.0019	1.1132	0.0101	0.0019	0.0083	1.1049	0.0000	1.1049	0.1014	0.0880	0.0134	0.0089	0.0085	0.0004	0.0925	0.0795	0.0130	0.6292	0.3975	0.2317	0.2374	0.1949	0.0425	0.3918	0.2026	0.1892	0.0114	0.0000	0.0318	1.5988	0.0000	7.4718	0.0055	0.0000	0.0189	1.7722	0.0047	4.8052	0.0426	0.0095	0.1945	2.8204	0.0000	5.8410	
31	66	0.4631	8	1	2	0	0	0	0	0	0	N	Y	N	N	N	N	N	N	N	N	N	N	0.0003	0.0000	0.0058	0.0010	0.0000	0.0768	0.0000	0.0000	0.0001	0.0000	0.0006	0.0007	0.0000	0.0155	0.0000	0.0000	0.0000	0.2985	0.3987	0.1098	0.6875	0.7756	0.2024	0.0427	0.0000	0.0901	inf	0.1463	0.0000	-0.0782	6.7961	1.0110	16.0091	12.5479	0.0000	0.0000	0.0000	0.0000	0.0000	0.0000	0.0000	0.0000	0.0000	0.1987	0.1734	0.0254	0.1816	0.1734	0.0082	0.0172	0.0000	0.0172	0.1001	0.0877	0.0125	0.0115	0.0110	0.0005	0.0886	0.0767	0.0119	0.6658	0.4347	0.2311	0.2641	0.2235	0.0406	0.4017	0.2112	0.1905	0.0003	0.0000	0.0058	0.0010	0.0000	0.0768	0.0000	0.0000	0.0000	0.2985	0.3987	0.1098	0.6875	0.7756	0.2024	0.0427	0.0000	0.0901	
31	67	0.4567	7	1	1	0	0	0	0	0	0	N	N	N	N	N	N	N	N	N	N	N	N	0.0001	0.0000	0.0005	0.0004	0.0002	0.0144	0.0000	0.0000	0.0000	0.0002	0.0001	0.0006	0.0014	0.0008	0.0144	0.0000	0.0000	0.0000	2.0949	2.5218	1.1331	3.6942	3.9219	1.0025	0.6641	0.1340	1.1634	0.8731	0.1995	0.0000	-0.2376	6.7961	0.9784	16.0091	1.5217	0.0000	0.0000	0.0000	0.0000	0.0000	0.0000	0.0000	0.0000	0.0000	0.6698	0.5584	0.1114	0.5577	0.5475	0.0103	0.1121	0.0110	0.1011	0.0969	0.0848	0.0120	0.0110	0.0105	0.0005	0.0859	0.0743	0.0116	0.3197	0.2214	0.0983	0.1510	0.1396	0.0114	0.1688	0.0818	0.0869	0.0001	0.0000	0.0005	0.0004	0.0002	0.0160	0.0000	0.0000	0.0000	2.0949	2.5218	1.1331	3.6942	3.9219	0.9023	0.6641	0.1340	1.1634
31	68	0.4265	6	1	1	0	0	0	0	0	0	N	N	N	N	N	N	N	N	N	N	N	N	0.0020	0.0001	0.0145	0.0110	0.0003	0.1692	0.0000	0.0000	0.0000	0.0023	0.0001	0.0180	0.0185	0.0005	0.4033	0.0000	0.0000	0.0000	1.1447	1.0997	1.2365	1.6774	1.7153	2.3829	0.6604	0.1937	1.1618	34.6091	0.5527	0.0002	-0.1244	6.7961	1.0531	16.0091	9.0748	0.0002	0.0000	0.0002	0.0002	0.0000	0.0002	0.0000	0.0000	0.0000	0.7532	0.4851	0.2681	0.5256	0.4505	0.0751	0.2276	0.0346	0.1930	0.1071	0.0937	0.0134	0.0134	0.0128	0.0006	0.0937	0.0809	0.0128	0.6579	0.4411	0.2168	0.3133	0.2626	0.0507	0.3446	0.1785	0.1661	0.0020	0.0001	0.0145	0.0110	0.0003	0.2723	0.0000	0.0000	0.0000	1.1447	1.0997	1.2365	1.6774	1.7153	1.4810	0.6604	0.1937	1.1618
31	71	0.1263	5	1	1	1	0	0	0	0	0	N	N	N	N	N	N	N	N	N	N	N	N	7070.2342	23390.1585	0.0000	0.0000	0.0000	0.0000	7896.1151	inf	0.0000	18.3942	21.1755	0.0000	0.0000	0.0000	0.0000	18.3948	21.1764	0.0000	0.0026	0.0009	0.0056	0.0030	0.0018	0.0105	0.0023	0.0000	0.0047	0.0000	3.5000	-0.0956	0.0000	6.7961	1.0000	16.0091	0.0055	1.0000	1.0000	0.0000	0.0000	0.0000	0.0000	1.0000	1.0000	0.0000	0.0001	0.0000	0.0001	0.0000	0.0000	0.0000	0.0001	0.0000	0.0001	0.0544	0.0472	0.0071	0.0000	0.0000	0.0000	0.0544	0.0472	0.0071	0.0346	0.0221	0.0125	0.0131	0.0112	0.0019	0.0215	0.0109	0.0106	7070.2342	23390.1585	0.0000	0.0000	0.0000	0.0000	7896.1151	inf	0.0000	0.0026	0.0009	0.0056	0.0030	0.0018	0.0105	0.0023	0.0000	0.0047
31	72	0.1196	4	1	1	1	0	0	0	0	0	N	N	N	N	N	N	N	N	N	N	N	N	227.5185	403.2527	0.0000	0.0000	0.0000	0.0000	255.4571	12617.8157	0.0000	18.1334	20.8899	0.0000	0.0000	0.0000	0.0000	18.1334	20.8899	0.0000	0.0797	0.0518	0.1318	0.0934	0.0983	0.0610	0.0710	0.0017	0.1440	0.0000	1.3616	-0.0000	0.0002	6.7961	0.0000	16.0091	1.0265	0.0000	0.0000	0.0000	0.0000	0.0000	0.0000	0.0000	0.0000	0.0000	0.0031	0.0013	0.0018	0.0014	0.0013	0.0001	0.0017	0.0000	0.0016	0.0000	0.0000	0.0000	0.0000	0.0000	0.0000	0.0000	0.0000	0.0000	0.0385	0.0251	0.0134	0.0150	0.0130	0.0020	0.0235	0.0121	0.0115	227.5185	403.2527	0.0000	0.0000	0.0000	0.0000	255.4571	12617.8157	0.0000	0.0797	0.0518	0.1318	0.0934	0.0983	0.0610	0.0710	0.0017	0.1440
31	73	0.1142	3	1	1	0	0	0	0	0	0	N	N	N	N	N	N	N	N	N	N	N	N	0.0000	0.0000	0.0000	0.0000	0.0000	0.0000	0.0000	0.0000	0.0000	0.0000	0.0000	0.0000	0.0000	0.0000	0.0000	0.0000	0.0000	0.0000	0.1401	0.0972	0.2300	0.1275	0.1321	0.0778	0.1537	0.0156	0.2536	1.1301	0.0000	0.0005	6.7961	0.0000	16.0091	1.0321	0.0000	0.0000	0.0000	0.0000	0.0000	0.0000	0.0000	0.0000	0.0000	0.0514	0.0241	0.0273	0.0242	0.0230	0.0012	0.0272	0.0012	0.0260	0.0399	0.0343	0.0056	0.0224	0.0210	0.0015	0.0175	0.0133	0.0041	0.3667	0.2481	0.1185	0.1898	0.1739	0.0159	0.1768	0.0742	0.1026	0.0000	0.0000	0.0000	0.0000	0.0000	0.0000	0.0000	0.0000	0.0000	0.1401	0.0972	0.2300	0.1275	0.1321	0.0778	0.1537	0.0156	0.2536	
31	74	0.0914	2	1	1	0	0	0	0	0	0	N	N	N	N	N	N	N	N	N	N	N	N	0.1455	0.2490	0.2326	0.6217	0.5168	0.6700	0.0694	0.0095	0.1822	0.3452	0.1513	1.2352	0.6930	0.4939	2.9629	0.2156	0.0017	0.9944	2.3720	0.6077	5.3100	1.1146	0.9558	4.4223	3.1087	0.1811	5.4585	1.7785	5.2475	0.0170	0.6933	6.7961	0.5629	16.0091	8.5245	0.0312	0.0112	0.0200	0.0170	0.0111	0.0059	0.0142	0.0001	0.0141	2.1743	0.3480	1.8263	0.3775	0.3014	0.0760	1.7968	0.0466	1.7502	0.0904	0.0742	0.0162	0.0245	0.0225	0.0020	0.0658	0.0516	0.0142	0.9166	0.5727	0.3439	0.3386	0.3153	0.0233	0.5780	0.2574	0.3206	0.1455	0.2490	0.2326	0.6217	0.5168	0.9075	0.0694	0.0095	0.1822	2.3720	0.6077	5.3100	1.1146	0.9558	3.2650	3.1087	0.1811	5.4585
31	75	0.1084	3	1	2	0	0	0	0	0	0	N	Y	N	N	N	N	N	N	N	N	N	N	0.0000	0.0000	0.0000	0.0000	0.0000	0.0000	0.0000	0.0000	0.0000	0.0000	0.0000	0.0000	0.0000	0.0000	0.0000	0.0000	0.0000	0.0898	0.0002	0.2875	0.0100	0.0004	0.0844	0.1403	0.0000	0.3212	605.0100	0.0000	0.0116	6.7961	1.9994	16.0091	4.0943	0.0000	0.0000	0.0000	0.0000	0.0000	0.0000	0.0000	0.0000	0.0000	0.0242	0.0000	0.0242	0.0011	0.0000	0.0010	0.0232	0.0000	0.0232	0.1095	0.0955	0.0140	0.0001	0.0001	0.0000	0.1094	0.0954	0.0140	0.2699	0.1857	0.0842	0.1046	0.0926	0.0120	0.1652	0.0930	0.0722	0.0000	0.0000	0.0000	0.0000	0.0000	0.0000	0.0000	0.0000	0.0000	0.0898	0.0002	0.2875	0.0100	0.0004	0.0844	0.1403	0.0000	0.3212		
31	76	0.1021	2	1	1	0	0	0	0	0	0	N	N	N	N	N	N	N	N	N	N	N	N	0.0000	0.0000	0.0000	0.0000	0.0000	0.0000	0.0000	0.0000	0.0000	0.0000	0.0000	0.0000	0.0000	0.0000	0.0000	0.0000	0.0000	0.0000	0.7411	0.2597	1.8115	0.4322	0.4387	0.3691	0.9604	0.0449	2.0188	3.1379	0.0000	0.0273	6.7961	0.0011	16.0091	2.7207	0.0000	0.0000	0.0000	0.0000	0.0000	0.0000	0.0000	0.0000	0.0000	0.1150	0.0278	0.0872	0.0278	0.0256	0.0022	0.0871	0.0022	0.0849	0.0001	0.0001	0.0000	0.0000	0.0000	0.0000	0.0001	0.0001	0.0000	0.1551	0.1070	0.0481	0.0644	0.0583	0.0060	0.0907	0.0486	0.0421	0.0000	0.0000	0.0000	0.0000	0.0000	0.0000	0.0000	0.0000	0.0000	0.7411	0.2597	1.8115	0.4322	0.4387	0.3691	0.9604	0.0449	2.0188	
31	78	0.0902	2	2	1	1	0	0	0	0	0	Y	N	N	N	N	N	N	N	N	N	N	N	0.0268	0.0142	0.0016	0.0016	0.0000	0.0001	0.0000	0.0001	0.0001	0.0000	0.0000	0.0000	0.0000	0.0018	0.0037	0.0000	0.0490	0.0539	0.0000	0.0000	0.0000	0.0000	0.0000	0.0000	-0.0000	-0.0001	6.7961	1.6246	16.0091	0.0115	0.0000	0.0000	0.0000	0.0000	0.0000	0.0000	0.0000	0.0000	0.0000	0.0001	0.0001	0.0000	0.0001	0.0001	0.0000	0.0000	0.0000	0.0000	0.3498	0.3235	0.0263	0.2153	0.2040	0.0113	0.1345	0.1195	0.0150	0.0752	0.0370	0.0382	0.0028	0.0025	0.0003	0.0724	0.0344	0.0380	0.0268	0.0142	0.0000	0.0016	0.0016	0.0000	0.0000	0.0000	0.0000	0.0018	0.0037	0.0000	0.0490	0.0539	0.0000	0.0000	0.0000	0.0000					
31	83	0.1803	4	1	1	0	0	0	0	0	0	N	N	N	N	N	N	N	N	N	N	N	N	1.2729	1.6208	0.0036	0.0072	0.0015	0.0854	1.3625	1.7695	0.0002	2.2802	2.5924	0.0077	0.0125	0.0023	0.2749	2.4956	2.8643	0.0003	1.7914	1.5995	2.1398	1.7234	1.5800	3.2187	1.8317	1.6187	2.0603	0.0004	0.7370	-0.1902	-0.3041	6.7961	10.0679	16.0091	33.8159	1.9983	1.9975	0.0008	0.0009	0.0002	0.0008	1.9973	1.9973	0.0000	3.1424	1.8091	1.3333	1.1248	0.8861	0.2387	2.0176	0.9230	1.0946	0.8764	0.7705	0.1059	0.0760	0.0732	0.0028	0.8003	0.6973	0.1030	1.7541	1.1310	0.6231	0.6526	0.5608	0.0918	1.1015	0.5702	0.5313	1.2729	1.6208	0.0036	0.0072	0.0015	0.1057	1.3625	1.7695	0.0002	1.7914	1.5995	2.1398	1.7234	1.5800	2.5996	1.8317	1.6187	2.0603
31	84	0.1527	3	1	1	0	0	0	0	0	0	N	N	N	N	N	N	N	N	N	N	N	N	0.0249	0.0279	0.0366	0.1013	0.0590	0.3811	0.0130	0.0267	0.0060	0.0618	0.0493	0.1456	0.2309	0.1228	2.1516	0.0344	0.0361	0.0237	2.4866	1.7671	3.9811	2.2783	2.0798	5.6452	2.6430	1.3516	3.9735	0.4408	1.0846	0.0014	-0.0027	6.7961	0.9441	16.0091	14.0836	0.0064	0.0045	0.0020	0.0034	0.0017	0.0017	0.0031	0.0028	0.0003	3.3509	1.6075	1.7434	1.3166	1.0796	0.2371	2.0343	0.5279	1.5064	0.1043	0.0907	0.0135	0.0146	0.0138	0.0008	0.0897	0.0769	0.0128	1.3476	0.9097	0.4379	0.5779	0.5191	0.0588	0.7697	0.3906	0.3791	0.0249	0.0279	0.0366	0.1013	0.0590	0.5339	0.0130	0.0267	0.0060	2.4866	1.7671	3.9811	2.2783	2.0798	4.0302	2.6430	1.3516	3.9735
31	85	0.4350	6	1	1	0	0	0	0	0	0	N	N	N	N	N	N	N	N	N	N	N	N	0.5936	0.5665	0.0177	1.7000	1.7030	0.0721	0.0126	0.0145	0.0146	0.4173	0.4749	0.0072	1.7638	2.0217	0.0075	0.0051	0.0048	0.0071	0.7030	0.8382	0.4072	1.0375	1.1871	0.1033	0.4035	0.3292	0.4870	0.0021	0.2220	-0.0632	-0.4041	6.7961	15.0008	16.0091	28.2980	0.6764	0.6749	0.0014	0.6701	0.6697	0.0004	0.0063	0.0052	0.0011	1.1908	0.9744	0.2163	0.8302	0.8188	0.0114	0.3606	0.1557	0.2049	1.6209	1.4213	0.1996	0.3799	0.3313	0.0486	1.2410	1.0900	0.1509	1.6938	1.1625	0.5312	0.8001	0.6897	0.1104	0.8936	0.4728	0.4208	0.5936	0.5665	0.0177	1.7000	1.7030	0.0721	0.0126	0.0145	0.0146	0.7030	0.8382	0.4072	1.0375	1.1871	0.1033	0.4035	0.3292	0.4870
31	86	0.4350	6	1	1	0	0	0	0	0	0	N	N	N	N	N	N	N	N	N	N	N	N	0.8957	1.6775	0.0035	1.2081	1.3398	0.0111	0.7018	2.6984	0.0033	1.3274	1.5330	0.0099	1.2676	1.4880	0.0071	1.3555	1.5537	0.0114	1.4820	0.9139	2.8179	1.0493	1.1107	0.6363	1.9313	0.5758	3.4371	0.0010	1.3112	-0.1353	0.1127	6.7961	10.8154	16.0091	27.4443	1.4311	1.4297	0.0014	0.4370	0.4367	0.0004	0.9941	0.9930	0.0011	2.4365	1.0542	1.3823	0.8789	0.8098	0.0690	1.5576	0.2444	1.3133	1.0781	0.9326	0.1455	0.3448	0.2934	0.0513	0.7334	0.6391	0.0942	1.6441	1.1536	0.4905	0.8376	0.7291	0.1085	0.8065	0.4244	0.3821	0.8957	1.6775	0.0035	1.2081	1.3398	0.0111	0.7018	2.6984	0.0033	1.4820	0.9139	2.8179	1.0493	1.1107	0.6363	1.9313	0.5758	3.4371
31	87	0.3872	5	1	1	0	0	0	0	0	0	N	N	N	N	N	N	N	N	N	N	N	N	0.5904	0.4679	1.3357	1.0221	0.8422	1.3494	0.0997	0.0583	0.3616	0.5831	0.4565	1.3583	1.1179	0.9037	2.3779	0.0849	0.0447	0.3408	0.9875	0.9757	1.0169	1.0937	1.0731	1.7622	0.8516	0.7669	0.9426	0.4855	0.4158	0.0905	-0.5545	6.7961	2.7608	16.0091	22.4044	0.3913	0.2634	0.1279	0.3618	0.2500	0.1118	0.0295	0.0134	0.0161	2.4386	1.7224	0.7162	1.5154	1.2920	0.2234	0.9232	0.4303	0.4929	0.6710	0.5769	0.0941	0.3236	0.2766	0.0470	0.3474	0.3003	0.0471	2.4696	1.7652	0.7043	1.3855	1.2041	0.1815	1.0840	0.5612	0.5229	0.5904	0.4679	1.3357	1.0221	0.8422	1.9317	0.0997	0.0583	0.3616	0.9875	0.9757	1.0169	1.0937	1.0731	1.2310	0.8516	0.7669	0.9426
31	88	0.2573	4	1	1	0	0	0	0	0	0	N	N	N	N	N	N	N	N	N	N	N	N	0.7219	0.1491	4.9486	0.6611	0.6464	0.4752	0.8727	0.0183	5.3464	1.4052	0.2931	9.4338	1.6321	1.6503	1.3727	1.3632	0.0230	10.1730	1.9464	1.9661	1.9064	2.4686	2.5529	2.8884	1.5620	1.2559	1.9028	4.4587	0.4761	0.8771	-0.8680	6.7961	8.8820	16.0091	49.9570	1.2161	0.2228	0.9934	0.2204	0.2082	0.0121	0.9958	0.0146	0.9812	4.3719	2.9618	1.4101	2.3511	2.1057	0.2454	2.0208	0.8561	1.1648	0.8655	0.7602	0.1053	0.1350	0.1262	0.0088	0.7305	0.6340	0.0965	2.2461	1.5064	0.7397	0.9524	0.8248	0.1275	1.2937	0.6816	0.6121	0.7219	0.1491	4.9486	0.6611	0.6464	0.7136	0.8727	0.0183	5.3464	1.9464	1.9661	1.9064	2.4686	2.5529	1.9237	1.5620	1.2559	1.9028
31	90	0.1420	6	1	2	0	1	0	0	0	0	N	Y	N	N	N	N	N	N	N	N	N	N	0.0000	0.0000	0.0000	0.0000	0.0000	0.0000	0.0000	0.0000	0.0000	0.0000	0.0000	0.0000	0.0000	0.0000	0.0000	0.0000	0.0000	0.0000	0.0000	0.0000	6.7961	0.0000	16.0091	0.0000	0.0000	0.0000	0.0000	0.0000	0.0000	0.0000	0.0000	0.0000	0.0000	0.0000	0.0000	0.0000	0.0000	0.0000	0.0000	0.0000	0.0000	0.0000	0.0000	0.0000	0.0000	0.0000	0.0000	0.0000	0.0000	0.0000	0.0000	0.0000	0.0000	0.0000	0.0000	0.0000	0.0000	0.0000	0.0000	0.0000	0.0000	0.0000	0.0000	0.0000	0.0000	0.0000	0.0000	0.0000	0.0000	0.0000	0.0000	0.0000	0.0000	0.0000	0.0000	0.0000	0.0000	0.0000											
31	91	0.1313	5	1	2	0	1	0	0	0	0	N	Y	N	N	N	N	N	N	N	N	N	N	0.0000	0.0000	0.0000	0.0000	0.0000	0.0000	0.0000	0.0000	0.0000	0.0000	0.0000	0.0000	0.0000	0.0000	0.0000	0.0000	0.0000	0.0000	0.0000	0.0000	6.7961	1.0000	16.0091	3.0000	0.0000	0.0000	0.0000	0.0000	0.0000	0.0000	0.0000	0.0000	0.0000	0.0000	0.0000	0.0000	0.0000	0.0000	0.0000	0.0000	0.0000	0.0000	0.0877	0.0782	0.0095	0.0305	0.0281	0.0024	0.0572	0.0501	0.0071	0.1610	0.0805	0.0805	0.0167	0.0140	0.0027	0.1443	0.0665	0.0778	0.0000	0.0000	0.0000	0.0000	0.0000	0.0000	0.0000	0.0000	0.0000	0.0000	0.0000	0.0000	0.0000	0.0000	0.0000	0.0000	0.0000	0.0000											
31	92	0.1248	3	1	2	0	0	0	0	0	0	N	Y	N	N	N	N	N	N	N	N	N	N	0.0000	0.0000	0.0000	0.0000	0.0000	0.0000	0.0000	0.0000	0.0000	0.0000	0.0000	0.0000	0.0000	0.0000	0.0000	0.0000	0.0000	0.0000	0.0000	0.0000	6.7961	0.0000	16.0091	0.0000	0.0000	0.0000	0.0000	0.0000	0.0000	0.0000	0.0000	0.0000	0.0000	0.0000	0.0000	0.0000	0.0000	0.0000	0.0000	0.0000	0.0000	0.0000	0.0000	0.0000	0.0000	0.0000	0.0000	0.0000	0.0000	0.0000	0.0000	0.0000	0.0000	0.0000	0.0000	0.0000	0.0000	0.0000	0.0000	0.0000	0.0000	0.0000	0.0000	0.0000	0.0000	0.0000	0.0000	0.0000	0.0000	0.0000	0.0000	0.0000	0.0000	0.0000	0.0000	0.0000	0.0000	0.0000											
31	93	0.1313	5	1	1	1	1	0	0	0	0	N	N	N	N	N	N	N	N	N	N	N	N	0.0000	0.0000	0.0000	0.0000	0.0000	0.0000	0.0000	0.0000	0.0000	0.0000	0.0000	0.0000	0.0000	0.0000	0.0000	0.0000	0.0000	0.0000	0.0000	0.0000	6.7961	0.0000	16.0091	0.0000	0.0000	0.0000	0.0000	0.0000	0.0000	0.0000	0.0000	0.0000	0.0000	0.0000	0.0000	0.0000	0.0000	0.0000	0.0000	0.0000	0.0000	0.0000	0.0000	0.0000	0.0000	0.0000	0.0000	0.0000	0.0000	0.0000	0.0000	0.0000	0.0000	0.0000	0.0000	0.0000	0.0000	0.0000	0.0000	0.0000	0.0000	0.0000	0.0000	0.0000	0.0000	0.0000	0.0000	0.0000	0.0000	0.0000	0.0000	0.0000	0.0000	0.0000	0.0000	0.0000	0.0000	0.0000											
31	94	0.1286	4	1	1	0	1	0	0	0	0	N	N	N	N	N	N	N	N	N	N	N	N	0.0000	0.0000	0.0000	0.0000	0.0000	0.0000	0.0000	0.0000	0.0000	0.0000	0.0000	0.0000	0.0000	0.0000	0.0000	0.0000	0.0000	0.0000	0.0000	0.0000	6.7961	1.0000	16.0091	0.0097	0.0000	0.0000	0.0000	0.0000	0.0000	0.0000	0.0000	0.0000	0.0000	0.0000	0.0000	0.0000	0.0000	0.0000	0.0000	0.0000	0.0000	0.0000	0.0877	0.0782	0.0095	0.0305	0.0281	0.0024	0.0572	0.0501	0.0071	0.0437	0.0218	0.0219	0.0052	0.0045	0.0007	0.0385	0.0173	0.0212	0.0000	0.0000	0.0000	0.0000	0.0000	0.0000	0.0000	0.0000	0.0000	0.0000	0.0000	0.0000	0.0000	0.0000	0.0000	0.0000	0.0000	0.0000											
31	95	0.1286	4	1	1	1	1	0	0	0	0	N	N	N	N	N	N	N	N	N	N	N	N	0.0000	0.0000	0.0000	0.0000	0.0000	0.0000	0.0000	0.0000	0.0000	0.0000	0.0000	0.0000	0.0000	0.0000	0.0000	0.0000	0.0000	0.0000	0.0000	0.0000	6.7961	2.0000	16.0091	3.0050	0.0000	0.0000	0.0000	0.0000	0.0000	0.0000	0.0000	0.0000	0.0000	0.0000	0.0000	0.0000	0.0000	0.0000	0.0000	0.0000	0.0000	0.0000	0.1730	0.1543	0.0187	0.0598	0.0552	0.0046	0.1131	0.0991	0.0141	0.2007	0.1006	0.1002	0.0214	0.0180	0.0034	0.1793	0.0825	0.0968	0.0000	0.0000	0.0000	0.0000	0.0000	0.0000	0.0000	0.0000	0.0000	0.0000	0.0000	0.0000	0.0000	0.0000	0.0000	0.0000	0.0000	0.0000											
31	96	0.1286	4	1	1	1	1	0	0	0	0	N	N	N	N	N	N	N	N	N	N	N	N	0.0000	0.0000	0.0000	0.0000	0.0000	0.0000	0.0000	0.0000	0.0000	0.0000	0.0000	0.0000	0.0000	0.0000	0.0000	0.0000	0.0000	0.0000	0.0000	0.0000	6.7961	0.0000	16.0091	6.9903	0.0000	0.0000	0.0000	0.0000	0.0000	0.0000	0.0000	0.0000	0.0000	0.0000	0.0000	0.0000	0.0000	0.0000	0.0000	0.0000	0.0000	0.0000	0.0000	0.0000	0.0000	0.0000	0.0000	0.0000	0.0000	0.0000	0.0000	0.2734	0.1373	0.1361	0.0288	0.0242	0.0046	0.2446	0.1131	0.1315	0.0000	0.0000	0.0000	0.0000	0.0000	0.0000	0.0000	0.0000	0.0000	0.0000	0.0000	0.0000	0.0000	0.0000	0.0000	0.0000	0.0000	0.0000											
31	97	0.1231	3	1	1	0	1	0	0	0	0	N	N	N	N	N	N	N	N	N	N	N	N	0.0000	0.0000	0.0000	0.0000	0.0000	0.0000	0.0000	0.0000	0.0000	0.0000	0.0000	0.0000	0.0000	0.0058	0.0111	0.0000	0.0464	0.0525	0.0000	0.0000	0.0000	0.0000	0.0000	0.0000	-0.0003	6.7961	0.9999	16.0091	1.0605	0.0000	0.0000	0.0000	0.0000	0.0000	0.0000	0.0000	0.0000	0.0000	0.0006	0.0006	0.0000	0.0006	0.0006	0.0000	0.0000	0.0000	0.0000	0.1335	0.1207	0.0128	0.0507	0.0473	0.0034	0.0828	0.0734	0.0094	0.0981	0.0517	0.0465	0.0123	0.0109	0.0014	0.0858	0.0408	0.0450	0.0000	0.0000	0.0000	0.0000	0.0000	0.0000	0.0000	0.0000	0.0000	0.0058	0.0111	0.0000	0.0464	0.0525	0.0000	0.0000	0.0000	0.0000						
31	98	0.1210	2	1	1	0	1	0	0	0	0	N	N	N	N	N	N	N	N	N	N	N	N	16.1108	61.6258	5.6963	12.7873	12.4848	19.7334	inf	7.6161	0.2045	0.2135	0.1363	0.1585	0.1691	0.0000	0.2516	0.2647	0.1877	0.0127	0.0035	0.0239	0.0124	0.0135	0.0000	0.0128	0.0000	0.0246	0.0834	5.6762	-0.0000	0.0002	6.7961	0.0012	16.0091	1.0414	0.0001	0.0001	0.0000	0.0000	0.0000	0.0000	0.0001	0.0000	0.0000	0.0007	0.0001	0.0006	0.0001	0.0001	0.0000	0.0006	0.0000	0.0006	0.0004	0.0004	0.0001	0.0002	0.0002	0.0000	0.0002	0.0002	0.0000	0.0548	0.0301	0.0247	0.0084	0.0077	0.0007	0.0464	0.0224	0.0240	16.1108	61.6258	5.6963	12.7873	12.4848	0.0000	19.7334	inf	7.6161	0.0127	0.0035	0.0239	0.0124	0.0135	0.0000	0.0128	0.0000	0.0246	
31	101	0.1279	4	2	2	0	0	0	0	0	0	Y	Y	N	N	N	N	N	N	N	N	N	N	0.0000	0.0000	0.0000	0.0000	0.0000	0.0000	0.0000	0.0000	0.0000	0.0000	0.0000	0.0000	0.0000	0.0000	0.0000	0.0000	0.0000	0.0000	0.0000	0.0000	6.7961	0.0000	16.0091	3.0000	0.0000	0.0000	0.0000	0.0000	0.0000	0.0000	0.0000	0.0000	0.0000	0.0000	0.0000	0.0000	0.0000	0.0000	0.0000	0.0000	0.0000	0.0000	0.0000	0.0000	0.0000	0.0000	0.0000	0.0000	0.0000	0.0000	0.0000	0.1289	0.0649	0.0641	0.0124	0.0103	0.0021	0.1165	0.0545	0.0620	0.0000	0.0000	0.0000	0.0000	0.0000	0.0000	0.0000	0.0000	0.0000	0.0000	0.0000	0.0000	0.0000	0.0000	0.0000	0.0000	0.0000	0.0000											
31	102	0.1248	3	2	2	0	0	0	0	0	0	Y	Y	N	N	N	N	N	N	N	N	N	N	0.0000	0.0000	0.0000	0.0000	0.0000	0.0000	0.0000	0.0000	0.0000	0.0000	0.0000	0.0000	0.0000	22.3413	0.0000	44.8417	0.0000	0.0000	0.0000	24.7143	0.0000	46.3245	inf	0.0000	0.4789	6.7961	0.0000	16.0091	1.0000	0.0000	0.0000	0.0000	0.0000	0.0000	0.0000	0.0000	0.0000	0.0000	1.0000	0.0000	1.0000	0.0000	0.0000	0.0000	1.0000	0.0000	1.0000	0.0000	0.0000	0.0000	0.0000	0.0000	0.0000	0.0000	0.0000	0.0000	0.0448	0.0225	0.0223	0.0043	0.0036	0.0007	0.0405	0.0189	0.0216	0.0000	0.0000	0.0000	0.0000	0.0000	0.0000	0.0000	0.0000	0.0000	22.3413	0.0000	44.8417	0.0000	0.0000	0.0000	24.7143	0.0000	46.3245						
31	103	0.1210	2	1	2	0	0	0	0	0	0	N	Y	N	N	N	N	N	N	N	N	N	N	44.1029	32.7782	0.0000	15.0169	14.6405	0.0000	0.0000	0.0991	0.1126	0.0000	0.1852	0.1973	0.0000	0.0000	0.0000	0.0000	0.0022	0.0034	0.0008	0.0123	0.0135	0.0000	0.0004	0.0000	0.0008	0.0000	0.1920	-0.0000	-0.0000	6.7961	0.0006	16.0091	1.0534	0.0000	0.0000	0.0000	0.0000	0.0000	0.0000	0.0000	0.0000	0.0000	0.0001	0.0001	0.0000	0.0001	0.0001	0.0000	0.0000	0.0000	0.0000	0.0004	0.0003	0.0000	0.0002	0.0002	0.0000	0.0002	0.0001	0.0000	0.0553	0.0303	0.0249	0.0084	0.0077	0.0007	0.0468	0.0226	0.0242	44.1029	32.7782	0.0000	15.0169	14.6405	0.0000	0.0000	0.0000	0.0000	0.0022	0.0034	0.0008	0.0123	0.0135	0.0000	0.0004	0.0000	0.0008		
31	109	0.3397	5	1	1	0	0	0	0	0	0	N	N	N	N	N	N	N	N	N	N	N	N	0.0040	0.0006	0.0206	0.0426	0.0045	0.2640	0.0001	0.0001	0.0001	0.0055	0.0006	0.0409	0.0412	0.0036	0.7505	0.0002	0.0001	0.0003	1.3758	1.0938	1.9822	0.9685	0.8040	2.8423	1.7410	1.5117	1.9997	8.9286	0.8428	0.0032	-0.1623	6.7961	7.7801	16.0091	32.2209	0.0040	0.0004	0.0036	0.0039	0.0003	0.0035	0.0001	0.0001	0.0000	2.5474	1.3823	1.1651	0.8477	0.6001	0.2476	1.6997	0.7823	0.9174	0.7228	0.6355	0.0873	0.0939	0.0891	0.0047	0.6289	0.5464	0.0826	1.8516	1.2638	0.5878	0.8753	0.7463	0.1290	0.9763	0.5175	0.4588	0.0040	0.0006	0.0206	0.0426	0.0045	0.3909	0.0001	0.0001	0.0001	1.3758	1.0938	1.9822	0.9685	0.8040	1.9200	1.7410	1.5117	1.9997
32	34	0.5150	9	0	1	1	0	0	0	0	0	N	N	N	N	N	N	N	N	N	N	N	N	0.0038	0.0000	0.2763	0.0051	0.0000	15.6553	0.0042	0.0000	0.0632	0.0006	0.0000	0.0059	0.0014	0.0000	0.2332	0.0002	0.0000	0.0015	0.1645	0.2295	0.0213	0.2814	0.3443	0.0149	0.0566	0.0806	0.0240	inf	0.0421	0.0000	-0.0170	2.4598	0.0009	7.4321	2.4415	0.0000	0.0000	0.0000	0.0000	0.0000	0.0000	0.0000	0.0000	0.0000	0.0354	0.0340	0.0014	0.0291	0.0288	0.0003	0.0063	0.0052	0.0011	0.0001	0.0001	0.0000	0.0000	0.0000	0.0000	0.0001	0.0001	0.0000	0.2152	0.1481	0.0671	0.1033	0.0836	0.0198	0.1119	0.0645	0.0474	0.0038	0.0000	0.2763	0.0051	0.0000	15.6553	0.0042	0.0000	0.0632	0.1645	0.2295	0.0213	0.2814	0.3443	0.0149	0.0566	0.0806	0.0240
32	35	0.4594	8	1	0	2	0	0	0	0	0	N	N	Y	N	N	N	N	N	N	N	N	N	0.0000	0.0000	0.0000	0.0000	0.0000	0.0000	0.0000	0.0000	0.0000	0.0000	0.0000	0.0000	0.0000	0.0000	0.0000	0.0000	0.0000	0.2977	0.0012	0.9232	0.0055	0.0019	0.0284	0.5845	0.0000	1.1626	369.5273	0.0000	0.0294	2.4598	0.0000	7.4321	5.9600	0.0000	0.0000	0.0000	0.0000	0.0000	0.0000	0.0000	0.0000	0.0000	0.0617	0.0002	0.0615	0.0006	0.0002	0.0004	0.0611	0.0000	0.0611	0.0000	0.0000	0.0000	0.0000	0.0000	0.0000	0.0000	0.0000	0.0000	0.2071	0.1405	0.0666	0.1026	0.0885	0.0141	0.1045	0.0520	0.0525	0.0000	0.0000	0.0000	0.0000	0.0000	0.0000	0.0000	0.0000	0.0000	0.2977	0.0012	0.9232	0.0055	0.0019	0.0284	0.5845	0.0000	1.1626		
32	36	0.5500	9	0	1	1	0	0	0	0	0	N	N	N	N	N	N	N	N	N	N	N	N	0.0002	0.0001	0.0000	0.0001	0.0001	0.0000	0.0032	0.0030	0.0000	0.0001	0.0001	0.0000	0.0001	0.0001	0.0000	0.0000	0.0000	0.0000	0.3369	0.5106	0.0022	0.7850	0.9104	0.0035	0.0026	0.0032	0.0020	0.0000	0.0023	-0.0000	-0.0295	2.4598	0.0123	7.4321	6.2120	0.0000	0.0000	0.0000	0.0000	0.0000	0.0000	0.0000	0.0000	0.0000	0.0570	0.0568	0.0001	0.0567	0.0567	0.0000	0.0003	0.0002	0.0001	0.0015	0.0015	0.0001	0.0013	0.0012	0.0001	0.0003	0.0002	0.0000	0.1691	0.1113	0.0578	0.0722	0.0622	0.0100	0.0968	0.0491	0.0478	0.0002	0.0001	0.0000	0.0001	0.0001	0.0000	0.0032	0.0030	0.0000	0.3369	0.5106	0.0022	0.7850	0.9104	0.0035	0.0026	0.0032	0.0020
32	37	0.4594	8	0	1	1	0	0	0	0	0	N	N	N	N	N	N	N	N	N	N	N	N	0.0003	0.0006	0.0000	0.0028	0.0026	0.0000	0.0000	0.0000	0.0000	0.0010	0.0011	0.0000	0.0074	0.0078	0.0000	0.0000	0.0000	0.0000	3.2368	1.8468	6.0552	2.6464	2.9510	0.9880	3.8026	0.0044	7.4746	0.0000	1.6170	-0.0000	0.2168	2.4598	8.2035	7.4321	18.5835	0.0003	0.0003	0.0000	0.0003	0.0003	0.0000	0.0000	0.0000	0.0000	2.2400	0.8560	1.3841	0.8964	0.8552	0.0412	1.3437	0.0008	1.3429	0.3187	0.2801	0.0386	0.0426	0.0404	0.0021	0.2762	0.2397	0.0365	0.6921	0.4635	0.2286	0.3387	0.2898	0.0489	0.3534	0.1737	0.1797	0.0003	0.0006	0.0000	0.0028	0.0026	0.0000	0.0000	0.0000	0.0000	3.2368	1.8468	6.0552	2.6464	2.9510	0.8419	3.8026	0.0044	7.4746
32	38	0.4594	8	0	1	1	1	0	0	0	0	N	N	N	N	N	N	N	N	N	N	N	N	0.0003	0.0003	0.0000	0.0027	0.0025	0.0000	0.0000	0.0000	0.0000	0.0008	0.0009	0.0000	0.0064	0.0067	0.0000	0.0000	0.0000	0.0000	2.7341	3.5121	1.1650	2.3475	2.6767	0.4062	3.1018	4.8945	1.3707	0.0000	0.1645	-0.0000	-0.8292	2.4598	10.2042	7.4321	23.0710	0.0003	0.0003	0.0000	0.0003	0.0003	0.0000	0.0000	0.0000	0.0000	2.1830	1.8747	0.3083	0.9135	0.8906	0.0229	1.2695	0.9841	0.2854	0.3804	0.3345	0.0460	0.0493	0.0467	0.0026	0.3311	0.2877	0.0434	0.7984	0.5338	0.2646	0.3892	0.3327	0.0564	0.4093	0.2011	0.2082	0.0003	0.0003	0.0000	0.0027	0.0025	0.0000	0.0000	0.0000	0.0000	2.7341	3.5121	1.1650	2.3475	2.6767	0.4062	3.1018	4.8945	1.3707
32	39	0.4594	8	1	0	2	0	0	0	0	0	N	N	Y	N	N	N	N	N	N	N	N	N	0.0000	0.0000	0.0000	0.0000	0.0000	0.0000	0.0000	0.0000	0.0000	0.0000	0.0000	0.0000	0.0000	0.0000	0.0000	0.0000	0.0000	0.7578	0.0015	2.4572	0.0120	0.0024	0.0803	1.4977	0.0000	3.0481	711.6750	0.0000	0.0294	2.4598	0.0000	7.4321	1.9600	0.0000	0.0000	0.0000	0.0000	0.0000	0.0000	0.0000	0.0000	0.0000	0.0616	0.0001	0.0615	0.0005	0.0001	0.0004	0.0611	0.0000	0.0611	0.0000	0.0000	0.0000	0.0000	0.0000	0.0000	0.0000	0.0000	0.0000	0.0813	0.0562	0.0250	0.0405	0.0355	0.0050	0.0408	0.0207	0.0200	0.0000	0.0000	0.0000	0.0000	0.0000	0.0000	0.0000	0.0000	0.0000	0.7578	0.0015	2.4572	0.0120	0.0024	0.0803	1.4977	0.0000	3.0481		
32	40	0.5150	9	0	0	2	0	0	0	0	0	N	N	Y	N	N	N	N	N	N	N	N	N	0.0063	0.0000	0.0232	0.0067	0.0000	0.2200	0.0088	0.0000	0.0252	0.0006	0.0000	0.0059	0.0014	0.0000	0.2332	0.0002	0.0000	0.0015	0.1001	0.0207	0.2535	0.2159	0.0426	1.0598	0.0268	0.0002	0.0601	inf	6.3525	0.0000	0.0137	2.4598	0.0009	7.4321	7.7842	0.0000	0.0000	0.0000	0.0000	0.0000	0.0000	0.0000	0.0000	0.0000	0.0399	0.0054	0.0345	0.0334	0.0054	0.0280	0.0065	0.0000	0.0065	0.0001	0.0001	0.0000	0.0000	0.0000	0.0000	0.0001	0.0001	0.0000	0.3988	0.2627	0.1361	0.1546	0.1270	0.0276	0.2442	0.1357	0.1085	0.0063	0.0000	0.0232	0.0067	0.0000	0.2301	0.0088	0.0000	0.0252	0.1001	0.0207	0.2535	0.2159	0.0426	1.0132	0.0268	0.0002	0.0601
32	41	0.4594	8	0	0	1	0	0	0	0	0	N	N	N	N	N	N	N	N	N	N	N	N	0.0004	0.0000	0.0037	0.0012	0.0000	0.0854	0.0000	0.0000	0.0000	0.0009	0.0000	0.0080	0.0043	0.0000	0.1555	0.0000	0.0000	0.0000	2.3593	2.4411	2.1924	3.4075	3.7699	1.8205	1.3463	0.2060	2.4516	1944.4442	0.4398	0.0001	-0.2811	2.4598	1.7959	7.4321	20.1034	0.0001	0.0000	0.0001	0.0001	0.0000	0.0001	0.0000	0.0000	0.0000	1.3038	0.9055	0.3982	0.9254	0.8770	0.0484	0.3783	0.0285	0.3498	0.0856	0.0763	0.0093	0.0175	0.0170	0.0005	0.0681	0.0593	0.0088	0.5526	0.3709	0.1816	0.2716	0.2326	0.0390	0.2810	0.1383	0.1427	0.0004	0.0000	0.0037	0.0012	0.0000	0.1251	0.0000	0.0000	0.0000	2.3593	2.4411	2.1924	3.4075	3.7699	1.2428	1.3463	0.2060	2.4516
32	42	0.5295	9	0	1	1	0	0	0	0	0	N	N	N	N	N	N	N	N	N	N	N	N	71.0796	56.8849	0.0472	0.2417	63.9853	58.9955	10.3648	0.0000	45.4787	0.0019	0.0000	0.2461	15.2247	0.0000	45.9604	0.1458	0.0000	0.7995	0.0392	0.0000	1.0183	0.2379	0.0000	0.7790	inf	inf	0.0002	0.0000	2.4598	0.0003	7.4321	0.0002	0.0002	0.0000	0.0002	0.0000	0.0000	0.0000	0.0002	0.0000	0.0002	0.0000	0.0000	0.0000	0.0000	0.0000	0.0000	0.0000	0.0000	0.0000	0.0000	0.0000	0.0000	0.0000	0.0000	0.0000	0.0000	0.0000	0.0000	0.0001	0.0001	0.0000	0.0000	0.0000	0.0000	0.0000	0.0000	0.0000	71.0796	0.0000	56.8849	0.0472	0.0000	0.2512	63.9853	0.0000	58.9955	0.1458	0.0000	0.7995	0.0392	0.0000	0.9797	0.2379	0.0000	0.7790			
32	43	0.4855	9	1	1	2	0	0	0	0	0	N	N	Y	N	N	N	N	N	N	N	N	N	0.0000	0.0000	0.0000	0.0000	0.0000	0.0000	0.0000	0.0000	0.0000	0.0000	0.0000	0.0000	0.0000	0.0000	0.0000	5.4692	0.0000	16.8945	6.1799	0.0000	55.1711	4.8302	0.0000	10.1226	inf	0.0000	0.2082	2.4598	0.0000	7.4321	2.0000	0.0000	0.0000	0.0000	0.0000	0.0000	0.0000	0.0000	0.0000	0.0000	0.4347	0.0000	0.4347	0.2326	0.0000	0.2326	0.2022	0.0000	0.2022	0.0000	0.0000	0.0000	0.0000	0.0000	0.0000	0.0000	0.0000	0.0000	0.0795	0.0538	0.0257	0.0376	0.0319	0.0058	0.0419	0.0219	0.0200	0.0000	0.0000	0.0000	0.0000	0.0000	0.0000	0.0000	0.0000	0.0000	5.4692	0.0000	16.8945	6.1799	0.0000	40.3759	4.8302	0.0000	10.1226				
32	44	0.4855	9	1	1	2	0	0	0	0	0	N	N	Y	N	N	N	N	N	N	N	N	N	0.0000	0.0000	0.0000	0.0000	0.0000	0.0000	0.0000	0.0000	0.0000	0.0000	0.0000	0.0000	0.0000	0.3629	0.5367	0.0000	0.5684	0.7244	0.0000	0.0000	0.0000	0.0000	0.0000	0.0000	-0.0000	2.4598	0.0000	7.4321	0.0000	0.0000	0.0000	0.0000	0.0000	0.0000	0.0000	0.0000	0.0000	0.0000	0.0000	0.0000	0.0000	0.0000	0.0000	0.0000	0.0000	0.0000	0.0000	0.0000	0.0000	0.0000	0.0000	0.0000	0.0000	0.0000	0.0000	0.0000	0.0000	0.0000	0.0000	0.0000	0.0000	0.0000	0.0000	0.0000	0.0000	0.0000	0.0000	0.0000	0.0000	0.0000	0.0000	0.0000	0.0000	0.0000	0.3629	0.5367	0.0000	0.5684	0.7244	0.0000	0.0000	0.0000	0.0000						
32	45	0.4594	8	1	1	2	0	0	0	0	0	N	N	Y	N	N	N	N	N	N	N	N	N	0.0004	0.0000	0.0014	0.0894	0.0000	0.7580	0.0000	0.0000	0.0015	0.0000	0.0160	0.0054	0.0000	0.3255	0.0000	0.0000	0.0000	3.8151	0.0007	11.7870	0.0606	0.0010	0.4293	7.4904	0.0000	14.8522	inf	8540.1086	0.0001	0.4760	2.4598	0.7962	7.4321	7.9291	0.0001	0.0000	0.0001	0.0001	0.0000	0.0001	0.0000	0.0000	0.0000	0.9942	0.0001	0.9941	0.0078	0.0001	0.0077	0.9864	0.0000	0.9864	0.0502	0.0456	0.0047	0.0138	0.0135	0.0002	0.0365	0.0321	0.0044	0.2606	0.1763	0.0843	0.1289	0.1110	0.0179	0.1317	0.0653	0.0664	0.0004	0.0000	0.0014	0.0894	0.0000	0.7580	0.0000	0.0000	0.0000	3.8151	0.0007	11.7870	0.0606	0.0010	0.4293	7.4904	0.0000	14.8522	
32	46	0.4594	8	1	1	1	0	0	0	0	0	N	N	N	N	N	N	N	N	N	N	N	N	0.0037	0.0000	0.0189	0.0406	0.0000	0.3253	0.0000	0.0000	0.0000	0.0015	0.0000	0.0160	0.0054	0.0000	0.3255	0.0000	0.0000	0.0000	0.4023	0.1855	0.8496	0.1334	0.0110	1.0003	0.6642	0.4812	0.8426	inf	2.2184	0.0001	0.0258	2.4598	0.7962	7.4321	12.9291	0.0001	0.0000	0.0001	0.0001	0.0000	0.0001	0.0000	0.0000	0.0000	0.1534	0.0477	0.1058	0.0251	0.0018	0.0233	0.1283	0.0459	0.0824	0.0502	0.0456	0.0047	0.0138	0.0135	0.0002	0.0365	0.0321	0.0044	0.3815	0.2570	0.1245	0.1882	0.1616	0.0266	0.1932	0.0954	0.0978	0.0037	0.0000	0.0189	0.0406	0.0000	0.3717	0.0000	0.0000	0.0000	0.4023	0.1855	0.8496	0.1334	0.0110	0.8755	0.6642	0.4812	0.8426
32	47	0.4594	8	0	1	1	1	0	0	0	0	N	N	N	N	N	N	N	N	N	N	N	N	0.0000	0.0000	0.0000	0.0000	0.0000	0.0000	0.0000	0.0000	0.0000	0.0000	0.0000	0.0000	0.0000	0.0000	0.0000	0.0000	0.0000	0.5714	0.1117	1.5060	0.2143	0.1784	0.4278	0.9148	0.0000	1.7999	6.6359	0.0000	0.1280	2.4598	9.0000	7.4321	15.0400	0.0000	0.0000	0.0000	0.0000	0.0000	0.0000	0.0000	0.0000	0.0000	0.3678	0.0482	0.3197	0.0676	0.0482	0.0195	0.3002	0.0000	0.3002	0.3456	0.3038	0.0418	0.0455	0.0432	0.0023	0.3001	0.2606	0.0395	0.6437	0.4314	0.2123	0.3155	0.2701	0.0455	0.3282	0.1614	0.1668	0.0000	0.0000	0.0000	0.0000	0.0000	0.0000	0.0000	0.0000	0.0000	0.5714	0.1117	1.5060	0.2143	0.1784	0.4278	0.9148	0.0000	1.7999		
32	48	0.5379	9	0	0	1	1	0	0	0	0	N	N	N	N	N	N	N	N	N	N	N	N	0.0311	0.0244	0.0645	0.0980	0.0797	1.9915	0.0036	0.0000	0.0154	0.0005	0.0005	0.0007	0.0041	0.0036	0.0351	0.0000	0.0000	0.0002	0.0170	0.0208	0.0106	0.0417	0.0452	0.0176	0.0059	0.0022	0.0098	0.1955	0.3035	0.0000	-0.0006	2.4598	0.0037	7.4321	3.0208	0.0000	0.0000	0.0000	0.0000	0.0000	0.0000	0.0000	0.0000	0.0000	0.0022	0.0017	0.0005	0.0017	0.0016	0.0001	0.0005	0.0001	0.0004	0.0002	0.0002	0.0000	0.0000	0.0000	0.0000	0.0002	0.0001	0.0000	0.1305	0.0819	0.0486	0.0405	0.0354	0.0051	0.0901	0.0465	0.0435	0.0311	0.0244	0.0645	0.0980	0.0797	1.9915	0.0036	0.0000	0.0154	0.0170	0.0208	0.0106	0.0417	0.0452	0.0176	0.0059	0.0022	0.0098
32	49	0.4594	8	0	0	1	1	0	0	0	0	N	N	N	N	N	N	N	N	N	N	N	N	0.0075	0.0083	0.0021	0.0342	0.0314	0.0466	0.0001	0.0000	0.0002	0.0153	0.0168	0.0043	0.1004	0.1017	0.0710	0.0001	0.0000	0.0005	2.0374	2.0289	2.0546	2.9306	3.2394	1.5239	1.1793	0.0048	2.3153	0.0344	0.4986	-0.0002	-0.2530	2.4598	4.7960	7.4321	23.0471	0.0028	0.0027	0.0001	0.0028	0.0027	0.0001	0.0000	0.0000	0.0000	1.3431	0.8962	0.4469	0.9466	0.8955	0.0511	0.3965	0.0008	0.3957	0.1863	0.1641	0.0222	0.0282	0.0270	0.0012	0.1581	0.1370	0.0211	0.6592	0.4417	0.2175	0.3230	0.2764	0.0466	0.3362	0.1653	0.1709	0.0075	0.0083	0.0021	0.0342	0.0314	0.0646	0.0001	0.0000	0.0002	2.0374	2.0289	2.0546	2.9306	3.2394	1.0976	1.1793	0.0048	2.3153
32	50	0.4944	9	0	1	2	0	0	0	0	0	N	N	Y	N	N	N	N	N	N	N	N	N	0.0538	1.2480	0.0000	0.1430	1.4864	0.0000	0.0001	0.0067	0.0000	0.0001	0.0001	0.0000	0.0001	0.0002	0.0000	0.0000	0.0000	0.0000	0.0019	0.0001	0.0065	0.0010	0.0001	0.0062	0.0034	0.0000	0.0066	0.0000	27.3532	-0.0000	0.0001	2.4598	1.4428	7.4321	0.4686	0.0000	0.0000	0.0000	0.0000	0.0000	0.0000	0.0000	0.0000	0.0000	0.0001	0.0000	0.0001	0.0000	0.0000	0.0000	0.0001	0.0000	0.0001	0.1064	0.0939	0.0125	0.0761	0.0676	0.0085	0.0303	0.0263	0.0040	0.0633	0.0457	0.0176	0.0399	0.0342	0.0057	0.0235	0.0116	0.0119	0.0538	1.2480	0.0000	0.1430	1.4864	0.0000	0.0001	0.0067	0.0000	0.0019	0.0001	0.0065	0.0010	0.0001	0.0062	0.0034	0.0000	0.0066
32	51	0.4594	8	0	1	1	0	0	0	0	0	N	N	N	N	N	N	N	N	N	N	N	N	0.0864	0.0679	0.0001	0.3451	0.3189	0.0003	0.0000	0.0000	0.0000	0.0010	0.0011	0.0000	0.0073	0.0077	0.0000	0.0000	0.0000	0.0000	0.0116	0.0167	0.0010	0.0212	0.0241	0.0037	0.0022	0.0042	0.0002	0.0000	0.0279	-0.0000	-0.0026	2.4598	7.1845	7.4321	8.0722	0.0003	0.0003	0.0000	0.0003	0.0003	0.0000	0.0000	0.0000	0.0000	0.0052	0.0051	0.0001	0.0047	0.0046	0.0001	0.0005	0.0005	0.0000	0.2855	0.2509	0.0346	0.0389	0.0370	0.0019	0.2466	0.2139	0.0327	0.4536	0.3051	0.1485	0.2235	0.1916	0.0318	0.2301	0.1134	0.1167	0.0864	0.0679	0.0001	0.3451	0.3189	0.0003	0.0000	0.0000	0.0000	0.0116	0.0167	0.0010	0.0212	0.0241	0.0037	0.0022	0.0042	0.0002
32	52	0.4821	9	1	0	2	0	0	0	0	0	N	N	Y	N	N	N	N	N	N	N	N	N	0.0054	0.9408	0.0000	2.1265	1.9963	0.0000	0.0000	0.0041	0.0000	0.0006	0.0007	0.0000	0.0016	0.0017	0.0000	0.0000	0.0000	0.0000	0.1099	0.0007	0.3534	0.0007	0.0008	0.0001	0.2974	0.0002	0.4863	0.0000	224.4617	-0.0000	0.0087	2.4598	0.9976	7.4321	4.7732	0.0000	0.0000	0.0000	0.0000	0.0000	0.0000	0.0000	0.0000	0.0000	0.0184	0.0001	0.0183	0.0001	0.0001	0.0000	0.0183	0.0000	0.0183	0.0340	0.0303	0.0037	0.0128	0.0120	0.0008	0.0212	0.0183	0.0029	0.1670	0.1153	0.0517	0.1056	0.0914	0.0141	0.0615	0.0239	0.0376	0.0054	0.9408	0.0000	2.1265	1.9963	0.0000	0.0000	0.0041	0.0000	0.1099	0.0007	0.3534	0.0007	0.0008	0.0001	0.2974	0.0002	0.4863
32	53	0.4594	8	1	0	1	0	0	0	0	0	N	N	N	N	N	N	N	N	N	N	N	N	0.0115	0.0088	0.0092	0.0348	0.0311	0.1249	0.0000	0.0000	0.0000	0.0007	0.0008	0.0000	0.0044	0.0046	0.0000	0.0000	0.0000	0.0000	0.0626	0.0926	0.0003	0.1265	0.1470	0.0004	0.0002	0.0001	0.0002	0.0004	0.0014	-0.0000	-0.0097	2.4598	3.2133	7.4321	6.0120	0.0001	0.0001	0.0000	0.0001	0.0001	0.0000	0.0000	0.0000	0.0000	0.0187	0.0187	0.0000	0.0187	0.0187	0.0000	0.0000	0.0000	0.0000	0.1464	0.1293	0.0172	0.0240	0.0231	0.0009	0.1225	0.1062	0.0163	0.2995	0.2023	0.0972	0.1480	0.1273	0.0207	0.1515	0.0750	0.0765	0.0115	0.0088	0.0092	0.0348	0.0311	0.1249	0.0000	0.0000	0.0000	0.0626	0.0926	0.0003	0.1265	0.1470	0.0004	0.0002	0.0001	0.0002
32	54	0.4594	8	1	1	1	0	0	0	0	0	N	N	N	N	N	N	N	N	N	N	N	N	0.0029	0.0000	0.0088	0.0271	0.0000	0.0980	0.0000	0.0000	0.0000	0.0009	0.0000	0.0080	0.0043	0.0000	0.1555	0.0000	0.0000	0.0000	0.2969	0.0010	0.9076	0.1572	0.0015	1.5870	0.4329	0.0001	0.8548	inf	440.6522	0.0001	0.0540	2.4598	1.7961	7.4321	11.9291	0.0001	0.0000	0.0001	0.0001	0.0000	0.0001	0.0000	0.0000	0.0000	0.1132	0.0003	0.1130	0.0296	0.0002	0.0293	0.0836	0.0000	0.0836	0.0856	0.0763	0.0093	0.0175	0.0170	0.0005	0.0681	0.0593	0.0088	0.3815	0.2570	0.1245	0.1882	0.1616	0.0266	0.1932	0.0954	0.0978	0.0029	0.0000	0.0088	0.0271	0.0000	0.1412	0.0000	0.0000	0.0000	0.2969	0.0010	0.9076	0.1572	0.0015	1.1015	0.4329	0.0001	0.8548
32	55	0.4807	9	0	1	1	0	0	0	0	0	N	N	N	N	N	N	N	N	N	N	N	N	0.0436	0.0000	0.8897	0.0795	0.0000	30.6006	0.0179	0.0000	0.1123	0.0007	0.0000	0.0083	0.0019	0.0000	0.2925	0.0001	0.0000	0.0010	0.0169	0.0201	0.0093	0.0240	0.0269	0.0096	0.0075	0.0060	0.0093	inf	0.1983	0.0000	-0.0020	2.4598	0.0041	7.4321	6.2745	0.0000	0.0000	0.0000	0.0000	0.0000	0.0000	0.0000	0.0000	0.0000	0.0057	0.0047	0.0009	0.0046	0.0043	0.0003	0.0011	0.0005	0.0006	0.0004	0.0004	0.0000	0.0001	0.0001	0.0000	0.0003	0.0002	0.0000	0.3365	0.2360	0.1005	0.1903	0.1592	0.0311	0.1462	0.0768	0.0694	0.0436	0.0000	0.8897	0.0795	0.0000	30.6006	0.0179	0.0000	0.1123	0.0169	0.0201	0.0093	0.0240	0.0269	0.0096	0.0075	0.0060	0.0093
32	56	0.5295	9	0	0	2	0	0	0	0	0	N	N	Y	N	N	N	N	N	N	N	N	N	68.2350	48.7910	191.4153	185.4009	0.0000	0.0000	1.6074	1.8283	0.0000	18.9806	20.1679	0.0000	0.0000	0.0000	0.0000	0.0236	0.0375	0.0000	0.0992	0.1088	0.0000	0.0000	0.0000	0.0000	0.0000	0.0000	-0.0950	-0.0077	2.4598	18.9997	7.4321	4.0000	0.9938	0.9938	0.0000	0.9938	0.9938	0.0000	0.0000	0.0000	0.0000	0.0148	0.0148	0.0000	0.0148	0.0148	0.0000	0.0000	0.0000	0.0000	0.6183	0.5436	0.0747	0.0524	0.0493	0.0031	0.5659	0.4943	0.0716	0.6282	0.3949	0.2333	0.1492	0.1360	0.0132	0.4790	0.2589	0.2201	68.2350	48.7910	0.0000	191.4153	185.4009	0.0000	0.0000	0.0000	0.0000	0.0236	0.0375	0.0000	0.0992	0.1088	0.0000	0.0000	0.0000	0.0000			
32	57	0.4594	8	0	0	1	0	0	0	0	0	N	N	N	N	N	N	N	N	N	N	N	N	0.0001	0.0000	0.0005	0.0014	0.0000	0.0824	0.0000	0.0000	0.0000	0.0008	0.0000	0.0074	0.0041	0.0000	0.1422	0.0000	0.0000	0.0000	6.5783	1.9953	15.8964	2.8998	3.1843	1.7253	10.1166	0.0047	19.9009	37277.2322	3.9183	0.0001	1.1555	2.4598	1.7961	7.4321	22.3138	0.0001	0.0000	0.0001	0.0001	0.0000	0.0001	0.0000	0.0000	0.0000	4.1928	0.8525	3.3403	0.9062	0.8518	0.0545	3.2866	0.0008	3.2859	0.0920	0.0819	0.0101	0.0182	0.0177	0.0005	0.0738	0.0642	0.0096	0.6374	0.4272	0.2101	0.3125	0.2675	0.0450	0.3249	0.1598	0.1651	0.0001	0.0000	0.0005	0.0014	0.0000	0.1176	0.0000	0.0000	0.0000	6.5783	1.9953	15.8964	2.8998	3.1843	1.2096	10.1166	0.0047	19.9009
32	58	0.4803	10	1	1	1	0	0	0	0	0	N	N	N	N	N	N	N	N	N	N	N	N	0.0011	0.0014	0.0003	0.0019	0.0018	0.0032	0.0001	0.0250	0.0000	0.0000	0.0000	0.0000	0.0001	0.0001	0.0000	0.0000	0.0000	0.0000	0.0305	0.0260	0.0421	0.0311	0.0342	0.0113	0.0295	0.0001	0.0556	0.0439	0.6356	-0.0000	-0.0010	2.4598	0.9359	7.4321	8.5945	0.0000	0.0000	0.0000	0.0000	0.0000	0.0000	0.0000	0.0000	0.0000	0.0078	0.0048	0.0030	0.0050	0.0048	0.0003	0.0028	0.0000	0.0028	0.0451	0.0408	0.0043	0.0243	0.0227	0.0016	0.0208	0.0180	0.0027	0.2572	0.1847	0.0725	0.1621	0.1400	0.0222	0.0951	0.0448	0.0504	0.0011	0.0014	0.0003	0.0019	0.0018	0.0032	0.0001	0.0250	0.0000	0.0305	0.0260	0.0421	0.0311	0.0342	0.0113	0.0295	0.0001	0.0556
32	59	0.4775	9	0	1	1	0	0	0	0	0	N	N	N	N	N	N	N	N	N	N	N	N	0.0082	0.0067	0.0230	0.0139	0.0086	0.2124	0.0004	0.0038	0.0001	0.0003	0.0002	0.0010	0.0005	0.0003	0.0030	0.0000	0.0000	0.0000	0.0311	0.0266	0.0433	0.0324	0.0348	0.0143	0.0290	0.0035	0.0541	0.5697	0.5907	0.0000	-0.0003	2.4598	0.1706	7.4321	1.8413	0.0000	0.0000	0.0000	0.0000	0.0000	0.0000	0.0000	0.0000	0.0000	0.0023	0.0014	0.0008	0.0014	0.0014	0.0001	0.0008	0.0000	0.0008	0.0122	0.0111	0.0011	0.0067	0.0064	0.0004	0.0055	0.0048	0.0008	0.0725	0.0532	0.0193	0.0445	0.0392	0.0052	0.0280	0.0139	0.0141	0.0082	0.0067	0.0230	0.0139	0.0086	0.2124	0.0004	0.0038	0.0001	0.0311	0.0266	0.0433	0.0324	0.0348	0.0143	0.0290	0.0035	0.0541
32	60	0.4594	8	0	1	1	0	0	0	0	0	N	N	N	N	N	N	N	N	N	N	N	N	0.1083	0.0834	0.0192	0.3824	0.3456	0.1035	0.0000	0.0000	0.0000	0.0011	0.0012	0.0000	0.0078	0.0082	0.0000	0.0000	0.0000	0.0000	0.0101	0.0149	0.0001	0.0203	0.0236	0.0004	0.0000	0.0000	0.0000	0.0002	0.0038	-0.0000	-0.0018	2.4598	6.1830	7.4321	4.8458	0.0003	0.0003	0.0000	0.0003	0.0003	0.0000	0.0000	0.0000	0.0000	0.0035	0.0035	0.0000	0.0035	0.0035	0.0000	0.0000	0.0000	0.0000	0.2519	0.2215	0.0305	0.0353	0.0336	0.0017	0.2166	0.1878	0.0288	0.3480	0.2346	0.1134	0.1718	0.1476	0.0242	0.1762	0.0870	0.0891	0.1083	0.0834	0.0192	0.3824	0.3456	0.1035	0.0000	0.0000	0.0000	0.0101	0.0149	0.0001	0.0203	0.0236	0.0004	0.0000	0.0000	0.0000
32	61	0.0792	3	0	0	1	0	0	0	0	0	N	N	N	N	N	N	N	N	N	N	N	N	0.0051	0.0040	0.0000	0.9755	1.1415	0.0000	0.0000	0.0000	0.0000	0.0085	0.0098	0.0000	0.2421	0.2533	0.0000	0.0000	0.0000	0.0000	1.6820	2.4498	0.3239	0.2482	0.2219	0.4115	2.4881	4.5481	0.3099	0.0000	0.0748	-0.0000	-0.4709	2.4598	1.0140	7.4321	12.0537	0.0003	0.0003	0.0000	0.0003	0.0003	0.0000	0.0000	0.0000	0.0000	1.0429	0.9704	0.0725	0.0554	0.0426	0.0128	0.9876	0.9278	0.0598	0.0411	0.0356	0.0055	0.0014	0.0014	0.0001	0.0396	0.0342	0.0055	0.6201	0.3961	0.2239	0.2231	0.1921	0.0310	0.3969	0.2040	0.1929	0.0051	0.0040	0.0000	0.9755	1.1415	0.0000	0.0000	0.0000	0.0000	1.6820	2.4498	0.3239	0.2482	0.2219	0.4115	2.4881	4.5481	0.3099
32	62	0.4019	6	0	0	1	0	0	0	0	0	N	N	N	N	N	N	N	N	N	N	N	N	0.0083	0.0082	0.0026	0.0528	0.0523	0.0172	0.0002	0.0000	0.0018	0.0018	0.0019	0.0004	0.0150	0.0156	0.0037	0.0000	0.0000	0.0002	0.2101	0.2345	0.1542	0.2843	0.2977	0.2127	0.1229	0.1152	0.1315	0.0272	0.2867	-0.0001	-0.1338	2.4598	22.0948	7.4321	64.3951	0.0013	0.0013	0.0000	0.0013	0.0013	0.0000	0.0000	0.0000	0.0000	0.4487	0.3487	0.1000	0.3279	0.2894	0.0385	0.1208	0.0593	0.0614	0.7559	0.6668	0.0891	0.0868	0.0827	0.0041	0.6691	0.5841	0.0850	2.1357	1.4871	0.6486	1.1533	0.9721	0.1812	0.9824	0.5151	0.4673	0.0083	0.0082	0.0026	0.0528	0.0523	0.0172	0.0002	0.0000	0.0018	0.2101	0.2345	0.1542	0.2843	0.2977	0.2127	0.1229	0.1152	0.1315
32	63	0.4043	7	0	0	1	0	0	0	0	0	N	N	N	N	N	N	N	N	N	N	N	N	0.0473	0.0680	0.0002	0.7976	0.7914	0.0047	0.0000	0.0000	0.0001	0.0030	0.0035	0.0000	0.0374	0.0395	0.0001	0.0000	0.0000	0.0000	0.0640	0.0511	0.0916	0.0469	0.0500	0.0308	0.0818	0.0531	0.1125	0.0009	0.8318	-0.0000	-0.0047	2.4598	3.0638	7.4321	18.8214	0.0004	0.0004	0.0000	0.0004	0.0004	0.0000	0.0000	0.0000	0.0000	0.0702	0.0383	0.0319	0.0263	0.0236	0.0027	0.0439	0.0147	0.0291	0.1189	0.1033	0.0156	0.0096	0.0091	0.0005	0.1093	0.0942	0.0151	1.0977	0.7496	0.3481	0.5615	0.4724	0.0891	0.5362	0.2772	0.2590	0.0473	0.0680	0.0002	0.7976	0.7914	0.0047	0.0000	0.0000	0.0001	0.0640	0.0511	0.0916	0.0469	0.0500	0.0308	0.0818	0.0531	0.1125
32	64	0.4807	9	1	1	2	0	0	0	0	0	N	N	Y	N	N	N	N	N	N	N	N	N	0.0020	0.0000	0.0083	0.0222	0.0000	0.2230	0.0003	0.0000	0.0011	0.0000	0.0000	0.0001	0.0001	0.0000	0.0017	0.0000	0.0000	0.0000	0.0040	0.0026	0.0072	0.0042	0.0035	0.0077	0.0037	0.0007	0.0069	inf	1.2190	0.0000	0.0000	2.4598	1.0029	7.4321	8.4685	0.0000	0.0000	0.0000	0.0000	0.0000	0.0000	0.0000	0.0000	0.0000	0.0017	0.0008	0.0010	0.0010	0.0007	0.0003	0.0007	0.0001	0.0007	0.0398	0.0346	0.0053	0.0030	0.0028	0.0002	0.0369	0.0318	0.0051	0.4386	0.3052	0.1335	0.2402	0.2011	0.0391	0.1984	0.1041	0.0943	0.0020	0.0000	0.0083	0.0222	0.0000	0.2230	0.0003	0.0000	0.0011	0.0040	0.0026	0.0072	0.0042	0.0035	0.0077	0.0037	0.0007	0.0069
32	65	0.4594	8	0	1	1	0	0	0	0	0	N	N	N	N	N	N	N	N	N	N	N	N	0.0292	0.0011	0.1071	0.0908	0.0024	0.8218	0.0000	0.0000	0.0000	0.0015	0.0000	0.0160	0.0054	0.0000	0.3246	0.0000	0.0000	0.0000	0.0507	0.0035	0.1492	0.0596	0.0053	0.3950	0.0420	0.0004	0.0828	431.1236	20.6304	0.0001	0.0061	2.4598	0.7961	7.4321	8.5878	0.0001	0.0000	0.0001	0.0001	0.0000	0.0001	0.0000	0.0000	0.0000	0.0141	0.0007	0.0134	0.0082	0.0006	0.0076	0.0059	0.0000	0.0059	0.0502	0.0456	0.0047	0.0138	0.0135	0.0002	0.0365	0.0321	0.0044	0.2773	0.1874	0.0899	0.1371	0.1180	0.0191	0.1402	0.0694	0.0707	0.0292	0.0011	0.1071	0.0908	0.0024	0.8218	0.0000	0.0000	0.0000	0.0507	0.0035	0.1492	0.0596	0.0053	0.3950	0.0420	0.0004	0.0828
32	66	0.0792	3	0	1	1	0	0	0	0	0	N	N	N	N	N	N	N	N	N	N	N	N	0.0000	0.0000	0.0109	0.0002	0.0000	0.4617	0.0000	0.0000	0.0017	0.0000	0.0000	0.0000	0.0000	0.0000	0.0011	0.0000	0.0000	0.0000	0.1205	0.1879	0.0014	0.3163	0.3671	0.0025	0.0114	0.0211	0.0012	inf	0.0041	0.0000	-0.0395	2.4598	1.0110	7.4321	12.5479	0.0000	0.0000	0.0000	0.0000	0.0000	0.0000	0.0000	0.0000	0.0000	0.0763	0.0760	0.0003	0.0717	0.0716	0.0001	0.0047	0.0044	0.0002	0.0410	0.0354	0.0055	0.0014	0.0014	0.0001	0.0395	0.0341	0.0055	0.6335	0.4046	0.2289	0.2267	0.1951	0.0316	0.4069	0.2096	0.1973	0.0000	0.0000	0.0109	0.0002	0.0000	0.4617	0.0000	0.0000	0.0017	0.1205	0.1879	0.0014	0.3163	0.3671	0.0025	0.0114	0.0211	0.0012
32	67	0.0728	2	0	0	1	0	0	0	0	0	N	N	N	N	N	N	N	N	N	N	N	N	0.0045	0.0043	0.0000	0.0817	0.0792	0.0002	0.0009	0.0010	0.0000	0.0021	0.0024	0.0000	0.0482	0.0512	0.0000	0.0003	0.0003	0.0000	0.4569	0.5536	0.2785	0.5895	0.6469	0.2580	0.3111	0.3476	0.2843	0.0001	0.2726	-0.0000	-0.0617	2.4598	0.9784	7.4321	1.5217	0.0001	0.0001	0.0000	0.0001	0.0001	0.0000	0.0000	0.0000	0.0000	0.2011	0.1580	0.0431	0.1359	0.1271	0.0088	0.0652	0.0309	0.0343	0.0398	0.0344	0.0054	0.0015	0.0014	0.0001	0.0384	0.0330	0.0053	0.4401	0.2855	0.1547	0.2305	0.1965	0.0340	0.2096	0.0890	0.1207	0.0045	0.0043	0.0000	0.0817	0.0792	0.0002	0.0009	0.0010	0.0000	0.4569	0.5536	0.2785	0.5895	0.6469	0.2580	0.3111	0.3476	0.2843
32	69	0.4594	8	1	0	2	0	0	0	0	0	N	N	Y	N	N	N	N	N	N	N	N	N	0.0000	0.0000	0.0000	0.0000	0.0000	0.0000	0.0000	0.0000	0.0000	0.0000	0.0000	0.0000	0.0000	0.0000	0.0000	0.0000	0.0000	0.0018	0.0008	0.0039	0.0034	0.0013	0.0168	0.0002	0.0000	0.0004	2.2821	0.0000	0.0001	2.4598	0.0000	7.4321	4.9600	0.0000	0.0000	0.0000	0.0000	0.0000	0.0000	0.0000	0.0000	0.0000	0.0003	0.0001	0.0002	0.0003	0.0001	0.0002	0.0000	0.0000	0.0000	0.0000	0.0000	0.0000	0.0000	0.0000	0.0000	0.0000	0.0000	0.0000	0.1768	0.1202	0.0566	0.0876	0.0758	0.0119	0.0892	0.0444	0.0447	0.0000	0.0000	0.0000	0.0000	0.0000	0.0000	0.0000	0.0000	0.0000	0.0018	0.0008	0.0039	0.0034	0.0013	0.0168	0.0002	0.0000	0.0004		
32	71	0.4730	10	0	0	2	0	0	0	0	0	N	N	Y	N	N	N	N	N	N	N	N	N	0.0000	0.0000	0.0000	0.0000	0.0000	0.0000	0.0000	0.0000	0.0000	0.0000	0.0000	0.0000	0.0000	0.0000	0.0000	0.0000	0.0000	0.0000	0.0001	0.0001	0.0001	0.0001	0.0001	0.0001	0.0001	0.0000	0.0001	0.7043	0.0000	-0.0000	2.4598	1.0000	7.4321	0.0055	0.0000	0.0000	0.0000	0.0000	0.0000	0.0000	0.0000	0.0000	0.0000	0.0000	0.0000	0.0000	0.0000	0.0000	0.0000	0.0000	0.0000	0.0000	0.0236	0.0208	0.0028	0.0044	0.0042	0.0003	0.0192	0.0167	0.0025	0.0240	0.0153	0.0088	0.0092	0.0083	0.0008	0.0149	0.0070	0.0079	0.0000	0.0000	0.0000	0.0000	0.0000	0.0000	0.0000	0.0000	0.0000	0.0001	0.0001	0.0001	0.0001	0.0001	0.0001	0.0001	0.0000	0.0001	
32	72	0.4663	9	0	0	2	0	0	0	0	0	N	N	Y	N	N	N	N	N	N	N	N	N	0.0000	0.0000	0.0000	0.0000	0.0000	0.0000	0.0000	0.0000	0.0000	0.0000	0.0000	0.0000	0.0000	0.0000	0.0000	0.0000	0.0000	0.0000	0.0044	0.0048	0.0037	0.0075	0.0080	0.0030	0.0024	0.0008	0.0037	0.4291	0.0000	-0.0000	2.4598	0.0000	7.4321	1.0265	0.0000	0.0000	0.0000	0.0000	0.0000	0.0000	0.0000	0.0000	0.0000	0.0001	0.0001	0.0000	0.0001	0.0001	0.0000	0.0000	0.0000	0.0000	0.0000	0.0000	0.0000	0.0000	0.0000	0.0000	0.0000	0.0000	0.0000	0.0257	0.0165	0.0092	0.0101	0.0091	0.0010	0.0156	0.0074	0.0082	0.0000	0.0000	0.0000	0.0000	0.0000	0.0000	0.0000	0.0000	0.0000	0.0044	0.0048	0.0037	0.0075	0.0080	0.0030	0.0024	0.0008	0.0037	
32	73	0.4609	8	0	0	1	0	0	0	0	0	N	N	N	N	N	N	N	N	N	N	N	N	0.0000	0.0000	0.0000	0.0000	0.0000	0.0000	0.0000	0.0000	0.0000	0.0000	0.0000	0.0000	0.0000	0.0000	0.0000	0.0000	0.0000	0.0000	0.0049	0.0032	0.0099	0.0032	0.0039	0.0005	0.0083	0.0012	0.0217	1.0511	0.0000	-0.0000	2.4598	0.0000	7.4321	1.0321	0.0000	0.0000	0.0000	0.0000	0.0000	0.0000	0.0000	0.0000	0.0000	0.0030	0.0014	0.0015	0.0013	0.0013	0.0000	0.0016	0.0001	0.0015	0.0089	0.0086	0.0003	0.0045	0.0045	0.0000	0.0044	0.0041	0.0003	0.6107	0.4577	0.1530	0.4159	0.3308	0.0851	0.1948	0.1270	0.0678	0.0000	0.0000	0.0000	0.0000	0.0000	0.0000	0.0000	0.0000	0.0000	0.0049	0.0032	0.0099	0.0032	0.0039	0.0005	0.0083	0.0012	0.0217	
32	74	0.4381	7	0	0	1	0	0	0	0	0	N	N	N	N	N	N	N	N	N	N	N	N	0.0012	0.0035	0.0009	0.0036	0.0015	0.0874	0.0007	0.0031	0.0006	0.0022	0.0019	0.0042	0.0016	0.0007	0.0277	0.0023	0.0021	0.0034	1.8203	0.5432	4.8011	0.4481	0.4674	0.3174	3.1949	0.6682	6.0283	0.3113	3.7873	0.0000	0.3225	2.4598	0.5629	7.4321	8.5245	0.0001	0.0000	0.0000	0.0000	0.0000	0.0000	0.0001	0.0000	0.0000	1.1941	0.2494	0.9447	0.1471	0.1337	0.0134	1.0470	0.1158	0.9313	0.0248	0.0217	0.0031	0.0028	0.0028	0.0001	0.0220	0.0189	0.0030	0.6560	0.4592	0.1968	0.3283	0.2860	0.0423	0.3277	0.1732	0.1545	0.0012	0.0035	0.0009	0.0036	0.0015	0.0874	0.0007	0.0031	0.0006	1.8203	0.5432	4.8011	0.4481	0.4674	0.3174	3.1949	0.6682	6.0283
32	75	0.4978	10	0	1	1	0	0	0	0	0	N	N	N	N	N	N	N	N	N	N	N	N	0.0000	0.0000	0.0000	0.0000	0.0000	0.0000	0.0000	0.0000	0.0000	0.0000	0.0000	0.0000	0.0000	0.0000	0.0000	0.0000	0.0000	0.0000	0.0342	0.0481	0.0085	0.0724	0.0842	0.0031	0.0050	0.0002	0.0097	0.0961	0.0000	-0.0027	2.4598	1.9994	7.4321	4.0943	0.0000	0.0000	0.0000	0.0000	0.0000	0.0000	0.0000	0.0000	0.0000	0.0063	0.0057	0.0005	0.0057	0.0057	0.0000	0.0005	0.0000	0.0005	0.0460	0.0405	0.0055	0.0065	0.0061	0.0004	0.0395	0.0344	0.0051	0.1832	0.1188	0.0644	0.0793	0.0678	0.0115	0.1039	0.0510	0.0529	0.0000	0.0000	0.0000	0.0000	0.0000	0.0000	0.0000	0.0000	0.0000	0.0342	0.0481	0.0085	0.0724	0.0842	0.0031	0.0050	0.0002	0.0097	
32	76	0.4915	9	0	0	1	0	0	0	0	0	N	N	N	N	N	N	N	N	N	N	N	N	0.0017	0.0017	0.0012	0.0061	0.0059	0.0000	0.0000	0.0000	0.0000	0.0005	0.0005	0.0003	0.0027	0.0028	0.0000	0.0000	0.0000	0.0000	0.2985	0.3025	0.2914	0.4446	0.4699	0.2331	0.1751	0.0042	0.3006	0.0909	0.5457	-0.0000	-0.0060	2.4598	0.0011	7.4321	2.7207	0.0000	0.0000	0.0000	0.0000	0.0000	0.0000	0.0000	0.0000	0.0000	0.0359	0.0233	0.0127	0.0245	0.0231	0.0014	0.0114	0.0001	0.0113	0.0000	0.0000	0.0000	0.0000	0.0000	0.0000	0.0000	0.0000	0.0000	0.1204	0.0769	0.0435	0.0551	0.0493	0.0059	0.0653	0.0276	0.0377	0.0017	0.0017	0.0012	0.0061	0.0059	0.0000	0.0000	0.0000	0.0000	0.2985	0.3025	0.2914	0.4446	0.4699	0.2331	0.1751	0.0042	0.3006
32	77	0.4594	8	0	0	1	0	0	0	0	0	N	N	N	N	N	N	N	N	N	N	N	N	0.0000	0.0000	0.0000	0.0000	0.0000	0.0000	0.0000	0.0000	0.0000	0.0000	0.0000	0.0000	0.0000	0.0000	0.0000	0.0000	0.0000	0.0000	3.4087	3.6682	2.8702	5.1436	5.8253	1.0123	1.7146	0.0070	3.3849	0.0000	0.3771	-0.0000	-0.2716	2.4598	0.0001	7.4321	10.0074	0.0000	0.0000	0.0000	0.0000	0.0000	0.0000	0.0000	0.0000	0.0000	1.0986	0.7978	0.3008	0.8190	0.7972	0.0218	0.2796	0.0006	0.2790	0.0214	0.0206	0.0008	0.0107	0.0107	0.0000	0.0107	0.0099	0.0008	0.3223	0.2175	0.1048	0.1592	0.1369	0.0224	0.1631	0.0806	0.0824	0.0000	0.0000	0.0000	0.0000	0.0000	0.0000	0.0000	0.0000	0.0000	3.4087	3.6682	2.8702	5.1436	5.8253	0.9740	1.7146	0.0070	3.3849
32	78	0.4796	9	1	0	2	0	0	0	0	0	N	N	Y	N	N	N	N	N	N	N	N	N	0.1351	13.3855	0.0000	29.0975	26.8371	0.0000	0.0002	0.0323	0.0000	0.0008	0.0009	0.0000	0.0012	0.0012	0.0000	0.0000	0.0000	0.0000	0.0062	0.0001	0.0217	0.0000	0.0000	0.0000	0.0181	0.0001	0.0328	0.0000	127.2008	-0.0000	0.0001	2.4598	1.6246	7.4321	0.0115	0.0001	0.0001	0.0000	0.0001	0.0001	0.0000	0.0000	0.0000	0.0000	0.0003	0.0000	0.0003	0.0000	0.0000	0.0000	0.0003	0.0000	0.0003	0.1194	0.1105	0.0089	0.0865	0.0817	0.0047	0.0329	0.0288	0.0041	0.0429	0.0307	0.0122	0.0282	0.0241	0.0042	0.0147	0.0066	0.0081	0.1351	13.3855	0.0000	29.0975	26.8371	0.0000	0.0002	0.0323	0.0000	0.0062	0.0001	0.0217	0.0000	0.0000	0.0000	0.0181	0.0001	0.0328
32	79	0.4594	8	1	0	2	0	0	0	0	0	N	N	Y	N	N	N	N	N	N	N	N	N	0.0004	0.7216	0.0000	3.3139	3.1486	0.0007	0.0000	0.0000	0.0000	0.0010	0.0011	0.0000	0.0074	0.0078	0.0000	0.0000	0.0000	0.0000	2.5929	0.0016	7.9438	0.0022	0.0025	0.0008	5.1169	0.0000	10.1063	0.0000	2479.6375	-0.0000	0.4690	2.4598	8.1927	7.4321	3.9952	0.0003	0.0003	0.0000	0.0003	0.0003	0.0000	0.0000	0.0000	0.0000	0.9802	0.0004	0.9798	0.0004	0.0004	0.0000	0.9798	0.0000	0.9798	0.3184	0.2798	0.0386	0.0425	0.0404	0.0021	0.2759	0.2394	0.0364	0.3780	0.2547	0.1233	0.1865	0.1602	0.0264	0.1915	0.0945	0.0969	0.0004	0.7216	0.0000	3.3139	3.1486	0.0007	0.0000	0.0000	0.0000	2.5929	0.0016	7.9438	0.0022	0.0025	0.0008	5.1169	0.0000	10.1063
32	80	0.4594	8	0	1	1	1	0	0	0	0	N	N	N	N	N	N	N	N	N	N	N	N	0.0009	0.0000	0.1091	0.0016	0.0000	0.8080	0.0000	0.0000	0.0000	0.0015	0.0000	0.0160	0.0054	0.0000	0.3255	0.0000	0.0000	0.0000	1.6419	2.3724	0.1469	3.2969	3.7801	0.4028	0.0391	0.0001	0.0770	inf	0.0303	0.0001	-0.4131	2.4598	0.7962	7.4321	19.0091	0.0001	0.0000	0.0001	0.0001	0.0000	0.0001	0.0000	0.0000	0.0000	0.8400	0.8154	0.0247	0.8299	0.8154	0.0145	0.0102	0.0000	0.0102	0.0502	0.0456	0.0047	0.0138	0.0135	0.0002	0.0365	0.0321	0.0044	0.5116	0.3437	0.1679	0.2517	0.2157	0.0360	0.2599	0.1280	0.1319	0.0009	0.0000	0.1091	0.0016	0.0000	0.8080	0.0000	0.0000	0.0000	1.6419	2.3724	0.1469	3.2969	3.7801	0.4028	0.0391	0.0001	0.0770
32	81	0.4594	8	0	1	1	0	0	0	0	0	N	N	N	N	N	N	N	N	N	N	N	N	0.0004	0.0000	0.0024	0.0019	0.0000	0.2052	0.0000	0.0000	0.0000	0.0015	0.0000	0.0160	0.0054	0.0000	0.3255	0.0000	0.0000	0.0000	3.5513	1.9833	6.7406	2.8275	3.1182	1.5860	4.2479	0.0823	8.2790	inf	1.6709	0.0001	0.2337	2.4598	0.7962	7.4321	25.3140	0.0001	0.0000	0.0001	0.0001	0.0000	0.0001	0.0000	0.0000	0.0000	2.2357	0.8371	1.3987	0.8730	0.8241	0.0489	1.3628	0.0130	1.3498	0.0502	0.0456	0.0047	0.0138	0.0135	0.0002	0.0365	0.0321	0.0044	0.6296	0.4221	0.2075	0.3087	0.2643	0.0445	0.3208	0.1578	0.1630	0.0004	0.0000	0.0024	0.0019	0.0000	0.2961	0.0000	0.0000	0.0000	3.5513	1.9833	6.7406	2.8275	3.1182	1.0993	4.2479	0.0823	8.2790
32	82	0.4594	8	0	1	1	0	0	0	0	0	N	N	N	N	N	N	N	N	N	N	N	N	0.0029	0.0025	0.0055	0.0094	0.0070	0.2442	0.0000	0.0000	0.0000	0.0050	0.0046	0.0080	0.0242	0.0205	0.1555	0.0000	0.0000	0.0000	1.7185	1.8533	1.4450	2.5894	2.9186	0.6370	0.8828	0.0740	1.6650	0.2130	0.3842	0.0000	-0.2826	2.4598	1.7961	7.4321	27.0091	0.0004	0.0004	0.0001	0.0004	0.0004	0.0001	0.0000	0.0000	0.0000	1.1604	0.8384	0.3221	0.8562	0.8258	0.0304	0.3042	0.0125	0.2917	0.0856	0.0763	0.0093	0.0175	0.0170	0.0005	0.0681	0.0593	0.0088	0.6753	0.4524	0.2229	0.3307	0.2830	0.0477	0.3446	0.1694	0.1752	0.0029	0.0025	0.0055	0.0094	0.0070	0.2442	0.0000	0.0000	0.0000	1.7185	1.8533	1.4450	2.5894	2.9186	0.6370	0.8828	0.0740	1.6650
32	83	0.4043	7	0	0	1	0	0	0	0	0	N	N	N	N	N	N	N	N	N	N	N	N	0.0003	0.0002	0.0003	0.0047	0.0042	0.0178	0.0000	0.0000	0.0001	0.0000	0.0000	0.0000	0.0004	0.0004	0.0005	0.0000	0.0000	0.0000	0.1226	0.1468	0.0723	0.0792	0.0892	0.0263	0.1633	0.2339	0.0865	0.1018	0.2362	-0.0000	-0.0573	2.4598	10.0679	7.4321	33.8159	0.0000	0.0000	0.0000	0.0000	0.0000	0.0000	0.0000	0.0000	0.0000	0.1737	0.1405	0.0332	0.0542	0.0514	0.0029	0.1195	0.0891	0.0303	0.3561	0.3111	0.0450	0.0286	0.0270	0.0016	0.3275	0.2841	0.0434	1.4169	0.9575	0.4594	0.6851	0.5763	0.1088	0.7318	0.3812	0.3505	0.0003	0.0002	0.0003	0.0047	0.0042	0.0178	0.0000	0.0000	0.0001	0.1226	0.1468	0.0723	0.0792	0.0892	0.0263	0.1633	0.2339	0.0865
32	84	0.3767	6	0	0	1	0	0	0	0	0	N	N	N	N	N	N	N	N	N	N	N	N	0.0018	0.0021	0.0004	0.0025	0.0022	0.0114	0.0016	0.0023	0.0002	0.0003	0.0003	0.0001	0.0004	0.0004	0.0011	0.0003	0.0003	0.0001	0.1734	0.1617	0.1992	0.1577	0.1679	0.0956	0.1903	0.1505	0.2312	0.0365	0.5559	-0.0000	-0.0292	2.4598	0.9441	7.4321	14.0836	0.0000	0.0000	0.0000	0.0000	0.0000	0.0000	0.0000	0.0000	0.0000	0.1781	0.1145	0.0636	0.0839	0.0767	0.0072	0.0942	0.0378	0.0564	0.0409	0.0355	0.0054	0.0046	0.0044	0.0002	0.0363	0.0310	0.0053	1.0272	0.7077	0.3195	0.5321	0.4567	0.0754	0.4951	0.2511	0.2441	0.0018	0.0021	0.0004	0.0025	0.0022	0.0114	0.0016	0.0023	0.0002	0.1734	0.1617	0.1992	0.1577	0.1679	0.0956	0.1903	0.1505	0.2312
32	85	0.4497	7	0	0	1	0	0	0	0	0	N	N	N	N	N	N	N	N	N	N	N	N	0.0169	0.1050	0.0001	0.2497	1.0823	0.0004	0.0003	0.0050	0.0002	0.0039	0.0044	0.0001	0.0607	0.0631	0.0007	0.0001	0.0000	0.0001	0.2294	0.0418	0.6861	0.2429	0.0583	1.7093	0.2122	0.0099	0.4578	0.0032	6.7357	-0.0002	0.1254	2.4598	15.0008	7.4321	28.2980	0.0022	0.0022	0.0000	0.0021	0.0021	0.0000	0.0000	0.0000	0.0000	0.3586	0.0464	0.3123	0.2123	0.0426	0.1697	0.1463	0.0037	0.1425	0.5592	0.4905	0.0687	0.0352	0.0338	0.0014	0.5240	0.4567	0.0673	1.5635	1.1084	0.4551	0.8743	0.7305	0.1438	0.6892	0.3779	0.3113	0.0169	0.1050	0.0001	0.2497	1.0823	0.0006	0.0003	0.0050	0.0002	0.2294	0.0418	0.6861	0.2429	0.0583	1.1804	0.2122	0.0099	0.4578
32	86	0.4497	7	0	0	1	0	0	0	0	0	N	N	N	N	N	N	N	N	N	N	N	N	0.0244	0.0540	0.0011	0.3062	0.6120	0.0076	0.0002	0.0000	0.0010	0.0026	0.0029	0.0002	0.0275	0.0282	0.0024	0.0000	0.0000	0.0002	0.1054	0.0541	0.2330	0.0897	0.0461	0.3120	0.1274	0.0713	0.1936	0.0127	1.7324	-0.0001	0.0184	2.4598	10.8154	7.4321	27.4443	0.0009	0.0008	0.0000	0.0008	0.0008	0.0000	0.0000	0.0000	0.0000	0.1627	0.0595	0.1032	0.0807	0.0347	0.0459	0.0820	0.0248	0.0572	0.3330	0.2899	0.0432	0.0309	0.0300	0.0009	0.3021	0.2599	0.0422	1.5437	1.1009	0.4428	0.8997	0.7525	0.1472	0.6440	0.3484	0.2956	0.0244	0.0540	0.0011	0.3062	0.6120	0.0076	0.0002	0.0000	0.0010	0.1054	0.0541	0.2330	0.0897	0.0461	0.3120	0.1274	0.0713	0.1936
32	87	0.4019	6	0	0	1	0	0	0	0	0	N	N	N	N	N	N	N	N	N	N	N	N	0.0403	0.0541	0.0185	0.0737	0.0961	0.0120	0.0290	0.0429	0.0252	0.0087	0.0091	0.0062	0.0178	0.0181	0.0065	0.0052	0.0050	0.0062	0.2161	0.1675	0.3347	0.2414	0.1882	0.5416	0.1799	0.1175	0.2440	0.0923	0.8208	-0.0000	-0.0325	2.4598	2.7608	7.4321	22.4044	0.0017	0.0016	0.0001	0.0010	0.0010	0.0000	0.0007	0.0006	0.0001	0.4630	0.2543	0.2087	0.3049	0.2019	0.1030	0.1582	0.0524	0.1058	0.1976	0.1740	0.0235	0.0551	0.0536	0.0015	0.1425	0.1204	0.0220	2.1423	1.5187	0.6236	1.2629	1.0728	0.1901	0.8793	0.4459	0.4335	0.0403	0.0541	0.0185	0.0737	0.0961	0.0120	0.0290	0.0429	0.0252	0.2161	0.1675	0.3347	0.2414	0.1882	0.5416	0.1799	0.1175	0.2440
32	88	0.2721	5	0	0	1	0	0	0	0	0	N	N	N	N	N	N	N	N	N	N	N	N	0.0228	0.0289	0.0128	0.0967	0.0984	0.1350	0.0161	0.0377	0.0078	0.0095	0.0098	0.0074	0.0475	0.0453	0.0913	0.0055	0.0057	0.0043	0.4151	0.3376	0.5804	0.4916	0.4606	0.6765	0.3443	0.1515	0.5543	0.1107	0.8055	0.0000	-0.0587	2.4598	8.8820	7.4321	49.9570	0.0033	0.0030	0.0003	0.0016	0.0014	0.0001	0.0018	0.0016	0.0002	0.7828	0.4336	0.3492	0.4455	0.3561	0.0894	0.3373	0.0774	0.2598	0.3522	0.3075	0.0447	0.0331	0.0315	0.0016	0.3191	0.2760	0.0431	1.8859	1.2842	0.6017	0.9062	0.7732	0.1330	0.9798	0.5110	0.4687	0.0228	0.0289	0.0128	0.0967	0.0984	0.1358	0.0161	0.0377	0.0078	0.4151	0.3376	0.5804	0.4916	0.4606	0.6723	0.3443	0.1515	0.5543
32	89	0.4594	8	1	1	1	1	0	0	0	0	N	N	N	N	N	N	N	N	N	N	N	N	0.0006	0.0000	0.0023	0.0449	0.0000	0.4484	0.0000	0.0000	0.0015	0.0000	0.0160	0.0054	0.0000	0.3255	0.0000	0.0000	0.0000	2.3248	0.0143	7.0656	0.1206	0.0228	0.7258	4.4637	0.0000	8.8006	inf	240.9559	0.0001	0.5177	2.4598	0.7962	7.4321	16.9291	0.0001	0.0000	0.0001	0.0001	0.0000	0.0001	0.0000	0.0000	0.0000	1.0904	0.0045	1.0858	0.0279	0.0045	0.0233	1.0625	0.0000	1.0625	0.0502	0.0456	0.0047	0.0138	0.0135	0.0002	0.0365	0.0321	0.0044	0.4690	0.3153	0.1537	0.2310	0.1980	0.0329	0.2380	0.1173	0.1207	0.0006	0.0000	0.0023	0.0449	0.0000	0.4593	0.0000	0.0000	0.0000	2.3248	0.0143	7.0656	0.1206	0.0228	0.7085	4.4637	0.0000	8.8006	
32	90	0.5314	13	0	1	1	1	0	0	0	0	N	N	N	N	N	N	N	N	N	N	N	N	0.0000	0.0000	0.0000	0.0000	0.0000	0.0000	0.0000	0.0000	0.0000	0.0000	0.0000	0.0000	0.0000	0.0000	0.0000	0.0000	0.0000	0.0000	0.0000	0.0000	2.4598	0.0000	7.4321	0.0000	0.0000	0.0000	0.0000	0.0000	0.0000	0.0000	0.0000	0.0000	0.0000	0.0000	0.0000	0.0000	0.0000	0.0000	0.0000	0.0000	0.0000	0.0000	0.0000	0.0000	0.0000	0.0000	0.0000	0.0000	0.0000	0.0000	0.0000	0.0000	0.0000	0.0000	0.0000	0.0000	0.0000	0.0000	0.0000	0.0000	0.0000	0.0000	0.0000	0.0000	0.0000	0.0000	0.0000	0.0000	0.0000	0.0000	0.0000	0.0000	0.0000	0.0000	0.0000	0.0000	0.0000	0.0000											
32	91	0.5207	12	0	1	1	1	0	0	0	0	N	N	N	N	N	N	N	N	N	N	N	N	0.0000	0.0000	0.0000	0.0000	0.0000	0.0000	0.0000	0.0000	0.0000	0.0000	0.0000	0.0000	0.0000	0.0005	0.0007	0.0000	0.0008	0.0009	0.0000	0.0000	0.0000	0.0000	0.0000	0.0000	-0.0000	2.4598	1.0000	7.4321	3.0000	0.0000	0.0000	0.0000	0.0000	0.0000	0.0000	0.0000	0.0000	0.0000	0.0001	0.0001	0.0000	0.0001	0.0001	0.0000	0.0000	0.0000	0.0000	0.0356	0.0319	0.0037	0.0160	0.0148	0.0012	0.0196	0.0171	0.0025	0.0970	0.0700	0.0270	0.0623	0.0535	0.0088	0.0347	0.0165	0.0182	0.0000	0.0000	0.0000	0.0000	0.0000	0.0000	0.0000	0.0000	0.0000	0.0005	0.0007	0.0000	0.0008	0.0009	0.0000	0.0000	0.0000	0.0000						
32	92	0.5142	10	0	1	1	0	0	0	0	0	N	N	N	N	N	N	N	N	N	N	N	N	0.0000	0.0000	0.0000	0.0000	0.0000	0.0000	0.0000	0.0000	0.0000	0.0000	0.0000	0.0000	0.0000	0.0000	0.0000	0.0000	0.0000	0.0000	0.0000	0.0000	2.4598	0.0000	7.4321	0.0000	0.0000	0.0000	0.0000	0.0000	0.0000	0.0000	0.0000	0.0000	0.0000	0.0000	0.0000	0.0000	0.0000	0.0000	0.0000	0.0000	0.0000	0.0000	0.0000	0.0000	0.0000	0.0000	0.0000	0.0000	0.0000	0.0000	0.0000	0.0000	0.0000	0.0000	0.0000	0.0000	0.0000	0.0000	0.0000	0.0000	0.0000	0.0000	0.0000	0.0000	0.0000	0.0000	0.0000	0.0000	0.0000	0.0000	0.0000	0.0000	0.0000	0.0000	0.0000	0.0000	0.0000	0.0000											
32	93	0.5207	12	0	0	2	1	0	0	0	0	N	N	Y	N	N	N	N	N	N	N	N	N	0.0000	0.0000	0.0000	0.0000	0.0000	0.0000	0.0000	0.0000	0.0000	0.0000	0.0000	0.0000	0.0000	0.0000	0.0000	0.0000	0.0000	0.0000	0.0000	0.0000	2.4598	0.0000	7.4321	0.0000	0.0000	0.0000	0.0000	0.0000	0.0000	0.0000	0.0000	0.0000	0.0000	0.0000	0.0000	0.0000	0.0000	0.0000	0.0000	0.0000	0.0000	0.0000	0.0000	0.0000	0.0000	0.0000	0.0000	0.0000	0.0000	0.0000	0.0000	0.0000	0.0000	0.0000	0.0000	0.0000	0.0000	0.0000	0.0000	0.0000	0.0000	0.0000	0.0000	0.0000	0.0000	0.0000	0.0000	0.0000	0.0000	0.0000	0.0000	0.0000	0.0000	0.0000	0.0000	0.0000	0.0000	0.0000											
32	94	0.5180	11	0	0	1	1	0	0	0	0	N	N	N	N	N	N	N	N	N	N	N	N	0.0000	0.0000	0.0000	0.0000	0.0000	0.0000	0.0000	0.0000	0.0000	0.0000	0.0000	0.0000	0.0000	0.0004	0.0006	0.0000	0.0007	0.0008	0.0000	0.0000	0.0000	0.0000	0.0000	0.0000	-0.0000	2.4598	1.0000	7.4321	0.0097	0.0000	0.0000	0.0000	0.0000	0.0000	0.0000	0.0000	0.0000	0.0000	0.0000	0.0000	0.0000	0.0000	0.0000	0.0000	0.0000	0.0000	0.0000	0.0356	0.0319	0.0037	0.0160	0.0148	0.0012	0.0196	0.0171	0.0025	0.0261	0.0187	0.0074	0.0167	0.0144	0.0023	0.0094	0.0043	0.0051	0.0000	0.0000	0.0000	0.0000	0.0000	0.0000	0.0000	0.0000	0.0000	0.0004	0.0006	0.0000	0.0007	0.0008	0.0000	0.0000	0.0000	0.0000						
32	95	0.5180	11	0	0	2	1	0	0	0	0	N	N	Y	N	N	N	N	N	N	N	N	N	0.0128	1.9109	0.0000	0.0199	3.1526	0.0000	0.0000	0.0000	0.0004	0.0005	0.0000	0.0010	0.0010	0.0000	0.0000	0.0000	0.0000	0.0333	0.0002	0.1184	0.0479	0.0003	0.3380	0.0074	0.0000	0.0139	0.0000	184.4764	-0.0000	0.0019	2.4598	2.0000	7.4321	3.0050	0.0000	0.0000	0.0000	0.0000	0.0000	0.0000	0.0000	0.0000	0.0000	0.0040	0.0000	0.0040	0.0037	0.0000	0.0037	0.0003	0.0000	0.0003	0.0703	0.0630	0.0073	0.0315	0.0292	0.0024	0.0388	0.0338	0.0050	0.1208	0.0870	0.0338	0.0773	0.0664	0.0109	0.0434	0.0205	0.0229	0.0128	1.9109	0.0000	0.0199	3.1526	0.0000	0.0000	0.0000	0.0000	0.0333	0.0002	0.1184	0.0479	0.0003	0.3380	0.0074	0.0000	0.0139	
32	96	0.5180	11	0	0	2	1	0	0	0	0	N	N	Y	N	N	N	N	N	N	N	N	N	0.0000	0.0000	0.0000	0.0000	0.0000	0.0000	0.0000	0.0000	0.0000	0.0000	0.0000	0.0000	0.0000	0.0000	0.0000	0.0000	0.0000	0.0844	0.0816	0.0916	0.1270	0.1071	0.2479	0.0092	0.0000	0.0175	0.4369	0.0000	-0.0030	2.4598	0.0000	7.4321	6.9903	0.0000	0.0000	0.0000	0.0000	0.0000	0.0000	0.0000	0.0000	0.0000	0.0139	0.0097	0.0042	0.0134	0.0097	0.0037	0.0005	0.0000	0.0005	0.0000	0.0000	0.0000	0.0000	0.0000	0.0000	0.0000	0.0000	0.0000	0.1647	0.1186	0.0462	0.1052	0.0904	0.0149	0.0595	0.0282	0.0313	0.0000	0.0000	0.0000	0.0000	0.0000	0.0000	0.0000	0.0000	0.0000	0.0844	0.0816	0.0916	0.1270	0.1071	0.2479	0.0092	0.0000	0.0175		
32	97	0.5125	10	0	0	1	1	0	0	0	0	N	N	N	N	N	N	N	N	N	N	N	N	0.0000	0.0000	0.0000	0.0000	0.0000	0.0000	0.0000	0.0000	0.0000	0.0000	0.0000	0.0000	0.0000	0.0000	0.0000	0.0000	0.0000	0.0004	0.0001	0.0010	0.0005	0.0002	0.0021	0.0002	0.0000	0.0004	2.8316	0.0000	0.0000	2.4598	0.9999	7.4321	1.0605	0.0000	0.0000	0.0000	0.0000	0.0000	0.0000	0.0000	0.0000	0.0000	0.0000	0.0000	0.0000	0.0000	0.0000	0.0000	0.0000	0.0000	0.0000	0.0407	0.0365	0.0041	0.0207	0.0191	0.0016	0.0200	0.0174	0.0026	0.0549	0.0396	0.0154	0.0351	0.0301	0.0050	0.0198	0.0094	0.0104	0.0000	0.0000	0.0000	0.0000	0.0000	0.0000	0.0000	0.0000	0.0000	0.0004	0.0001	0.0010	0.0005	0.0002	0.0021	0.0002	0.0000	0.0004		
32	98	0.5104	9	0	0	1	1	0	0	0	0	N	N	N	N	N	N	N	N	N	N	N	N	0.0821	0.2835	0.0666	0.2979	0.3682	0.4474	0.0000	0.0000	0.0000	0.0003	0.0003	0.0008	0.0005	0.0004	0.0025	0.0000	0.0000	0.0000	0.0038	0.0009	0.0114	0.0018	0.0012	0.0057	0.0073	0.0000	0.0143	0.3313	4.6810	0.0000	0.0000	2.4598	0.0012	7.4321	1.0414	0.0000	0.0000	0.0000	0.0000	0.0000	0.0000	0.0000	0.0000	0.0000	0.0001	0.0000	0.0001	0.0000	0.0000	0.0000	0.0001	0.0000	0.0001	0.0001	0.0001	0.0000	0.0001	0.0001	0.0000	0.0001	0.0001	0.0000	0.0304	0.0221	0.0083	0.0195	0.0167	0.0027	0.0109	0.0053	0.0056	0.0821	0.2835	0.0666	0.2979	0.3682	0.4474	0.0000	0.0000	0.0000	0.0038	0.0009	0.0114	0.0018	0.0012	0.0057	0.0073	0.0000	0.0143
32	99	0.4594	8	1	1	1	0	0	0	0	0	N	N	N	N	N	N	N	N	N	N	N	N	0.0025	0.0056	0.0000	0.0601	0.4650	0.0000	0.0000	0.0000	0.0000	0.0009	0.0010	0.0000	0.0056	0.0059	0.0000	0.0000	0.0000	0.0000	0.3652	0.1860	0.7351	0.0938	0.0126	0.5861	0.6296	0.4798	0.7756	0.0000	1.9142	-0.0000	0.0190	2.4598	3.2042	7.4321	9.0918	0.0001	0.0001	0.0000	0.0001	0.0001	0.0000	0.0000	0.0000	0.0000	0.1397	0.0479	0.0918	0.0177	0.0020	0.0157	0.1220	0.0459	0.0761	0.1468	0.1296	0.0172	0.0240	0.0231	0.0009	0.1227	0.1064	0.0163	0.3825	0.2577	0.1248	0.1888	0.1620	0.0267	0.1938	0.0957	0.0981	0.0025	0.0056	0.0000	0.0601	0.4650	0.0000	0.0000	0.0000	0.0000	0.3652	0.1860	0.7351	0.0938	0.0126	0.5861	0.6296	0.4798	0.7756
32	100	0.4594	8	0	1	1	0	0	0	0	0	N	N	N	N	N	N	N	N	N	N	N	N	0.0049	0.0000	0.0174	0.0382	0.0000	0.3079	0.0000	0.0000	0.0015	0.0000	0.0160	0.0054	0.0000	0.3255	0.0000	0.0000	0.0000	0.3003	0.0004	0.9218	0.1416	0.0006	1.0571	0.4551	0.0000	0.8999	inf	1162.1750	0.0001	0.0480	2.4598	0.7962	7.4321	10.9291	0.0001	0.0000	0.0001	0.0001	0.0000	0.0001	0.0000	0.0000	0.0000	0.1005	0.0001	0.1004	0.0234	0.0001	0.0233	0.0771	0.0000	0.0771	0.0502	0.0456	0.0047	0.0138	0.0135	0.0002	0.0365	0.0321	0.0044	0.3347	0.2258	0.1089	0.1653	0.1420	0.0233	0.1694	0.0837	0.0857	0.0049	0.0000	0.0174	0.0382	0.0000	0.3247	0.0000	0.0000	0.0000	0.3003	0.0004	0.9218	0.1416	0.0006	1.0024	0.4551	0.0000	0.8999	
32	101	0.5173	11	1	1	1	0	0	0	0	0	N	N	N	N	N	N	N	N	N	N	N	N	0.0000	0.0000	0.0000	0.0000	0.0000	0.0000	0.0000	0.0000	0.0000	0.0000	0.0000	0.0000	0.0000	0.0037	0.0052	0.0000	0.0058	0.0067	0.0000	0.0000	0.0000	0.0000	0.0000	0.0000	-0.0001	2.4598	0.0000	7.4321	3.0000	0.0000	0.0000	0.0000	0.0000	0.0000	0.0000	0.0000	0.0000	0.0000	0.0003	0.0003	0.0000	0.0003	0.0003	0.0000	0.0000	0.0000	0.0000	0.0000	0.0000	0.0000	0.0000	0.0000	0.0000	0.0000	0.0000	0.0000	0.0732	0.0522	0.0210	0.0469	0.0401	0.0067	0.0264	0.0121	0.0143	0.0000	0.0000	0.0000	0.0000	0.0000	0.0000	0.0000	0.0000	0.0000	0.0037	0.0052	0.0000	0.0058	0.0067	0.0000	0.0000	0.0000	0.0000						
32	102	0.5142	10	1	1	1	0	0	0	0	0	N	N	N	N	N	N	N	N	N	N	N	N	0.0000	0.0000	0.0000	0.0000	0.0000	0.0000	0.0000	0.0000	0.0000	0.0000	0.0000	0.0000	0.0000	0.0012	0.0017	0.0000	0.0018	0.0022	0.0000	0.0000	0.0000	0.0000	0.0000	0.0000	-0.0000	2.4598	0.0000	7.4321	1.0000	0.0000	0.0000	0.0000	0.0000	0.0000	0.0000	0.0000	0.0000	0.0000	0.0000	0.0000	0.0000	0.0000	0.0000	0.0000	0.0000	0.0000	0.0000	0.0000	0.0000	0.0000	0.0000	0.0000	0.0000	0.0000	0.0000	0.0000	0.0254	0.0181	0.0073	0.0163	0.0139	0.0023	0.0091	0.0042	0.0049	0.0000	0.0000	0.0000	0.0000	0.0000	0.0000	0.0000	0.0000	0.0000	0.0012	0.0017	0.0000	0.0018	0.0022	0.0000	0.0000	0.0000	0.0000						
32	103	0.5104	9	0	1	1	0	0	0	0	0	N	N	N	N	N	N	N	N	N	N	N	N	0.0636	0.7869	0.0000	0.3772	0.9621	0.0000	0.0028	1.9885	0.0000	0.0002	0.0002	0.0000	0.0003	0.0004	0.0000	0.0000	0.0000	0.0000	0.0031	0.0003	0.0107	0.0009	0.0004	0.0041	0.0071	0.0000	0.0140	0.0000	14.2870	-0.0000	0.0000	2.4598	0.0006	7.4321	1.0534	0.0000	0.0000	0.0000	0.0000	0.0000	0.0000	0.0000	0.0000	0.0000	0.0001	0.0000	0.0001	0.0000	0.0000	0.0000	0.0001	0.0000	0.0001	0.0001	0.0001	0.0000	0.0001	0.0001	0.0000	0.0000	0.0000	0.0000	0.0306	0.0223	0.0084	0.0197	0.0169	0.0028	0.0110	0.0054	0.0056	0.0636	0.7869	0.0000	0.3772	0.9621	0.0000	0.0028	1.9885	0.0000	0.0031	0.0003	0.0107	0.0009	0.0004	0.0041	0.0071	0.0000	0.0140
32	104	0.4594	8	0	0	1	0	0	0	0	0	N	N	N	N	N	N	N	N	N	N	N	N	0.0005	0.0799	0.0000	0.0879	0.3405	0.0000	0.0000	0.0000	0.0000	0.0010	0.0011	0.0000	0.0073	0.0077	0.0000	0.0000	0.0000	0.0000	2.1602	0.0142	6.5560	0.0832	0.0226	0.4468	4.1730	0.0001	8.2237	0.0000	225.3490	-0.0000	0.5108	2.4598	7.2034	7.4321	9.9858	0.0003	0.0003	0.0000	0.0003	0.0003	0.0000	0.0000	0.0000	0.0000	1.0765	0.0048	1.0718	0.0204	0.0047	0.0157	1.0561	0.0000	1.0561	0.2861	0.2515	0.0347	0.0390	0.0371	0.0019	0.2471	0.2144	0.0328	0.4983	0.3349	0.1635	0.2453	0.2102	0.0351	0.2531	0.1247	0.1284	0.0005	0.0799	0.0000	0.0879	0.3405	0.0000	0.0000	0.0000	0.0000	2.1602	0.0142	6.5560	0.0832	0.0226	0.4468	4.1730	0.0001	8.2237
32	105	0.4381	7	0	0	1	0	0	0	0	0	N	N	N	N	N	N	N	N	N	N	N	N	0.0117	0.0095	0.0257	0.0594	0.0536	1.2509	0.0017	0.0023	0.0031	0.0022	0.0025	0.0002	0.0210	0.0216	0.0070	0.0000	0.0000	0.0000	0.1865	0.2590	0.0097	0.3543	0.4025	0.0056	0.0072	0.0040	0.0108	0.0148	0.0154	-0.0000	-0.0544	2.4598	0.7993	7.4321	5.3573	0.0001	0.0001	0.0000	0.0001	0.0001	0.0000	0.0000	0.0000	0.0000	0.1075	0.1058	0.0016	0.1055	0.1053	0.0002	0.0020	0.0006	0.0014	0.0341	0.0297	0.0043	0.0035	0.0034	0.0001	0.0306	0.0264	0.0042	0.5762	0.4086	0.1677	0.2977	0.2615	0.0362	0.2786	0.1471	0.1315	0.0117	0.0095	0.0257	0.0594	0.0536	1.2509	0.0017	0.0023	0.0031	0.1865	0.2590	0.0097	0.3543	0.4025	0.0056	0.0072	0.0040	0.0108
32	106	0.3767	6	0	0	1	0	0	0	0	0	N	N	N	N	N	N	N	N	N	N	N	N	0.0002	0.0002	0.0001	0.0018	0.0017	0.0031	0.0000	0.0001	0.0000	0.0000	0.0000	0.0000	0.0003	0.0003	0.0002	0.0000	0.0000	0.0000	0.1914	0.1320	0.3200	0.1560	0.1690	0.0794	0.2274	0.0687	0.3929	0.0993	1.1193	-0.0000	0.0015	2.4598	4.1241	7.4321	16.2542	0.0000	0.0000	0.0000	0.0000	0.0000	0.0000	0.0000	0.0000	0.0000	0.2166	0.1022	0.1144	0.0891	0.0825	0.0066	0.1274	0.0197	0.1078	0.1593	0.1385	0.0208	0.0134	0.0127	0.0007	0.1460	0.1259	0.0201	1.1317	0.7743	0.3574	0.5713	0.4882	0.0831	0.5603	0.2860	0.2743	0.0002	0.0002	0.0001	0.0018	0.0017	0.0031	0.0000	0.0001	0.0000	0.1914	0.1320	0.3200	0.1560	0.1690	0.0794	0.2274	0.0687	0.3929
32	107	0.2721	5	0	0	1	0	0	0	0	0	N	N	N	N	N	N	N	N	N	N	N	N	0.0094	0.0328	0.0001	0.0762	0.0741	0.0097	0.0045	0.0505	0.0000	0.0037	0.0042	0.0001	0.0118	0.0124	0.0008	0.0029	0.0033	0.0001	0.3954	0.1295	0.9808	0.1552	0.1671	0.0822	0.6391	0.0655	1.2416	0.0029	3.4412	-0.0001	0.1770	2.4598	8.6998	7.4321	27.8967	0.0013	0.0013	0.0000	0.0004	0.0004	0.0000	0.0009	0.0009	0.0000	0.6974	0.1570	0.5404	0.1378	0.1276	0.0102	0.5596	0.0294	0.5302	0.3464	0.3023	0.0440	0.0328	0.0312	0.0016	0.3136	0.2711	0.0424	1.7636	1.2126	0.5509	0.8880	0.7641	0.1239	0.8756	0.4486	0.4270	0.0094	0.0328	0.0001	0.0762	0.0741	0.0097	0.0045	0.0505	0.0000	0.3954	0.1295	0.9808	0.1552	0.1671	0.0822	0.6391	0.0655	1.2416
32	108	0.1897	4	0	0	1	0	0	0	0	0	N	N	N	N	N	N	N	N	N	N	N	N	0.0826	0.1470	0.0007	0.0609	0.0604	0.0040	0.0757	0.3452	0.0006	0.0299	0.0344	0.0004	0.0191	0.0198	0.0009	0.0306	0.0354	0.0004	0.3626	0.2338	0.6343	0.3133	0.3287	0.2228	0.4046	0.1026	0.7421	0.0019	1.2848	-0.0006	0.0234	2.4598	5.3278	7.4321	31.5322	0.0063	0.0063	0.0000	0.0002	0.0002	0.0000	0.0061	0.0060	0.0000	0.5665	0.2479	0.3185	0.2255	0.2023	0.0232	0.3410	0.0456	0.2953	0.2106	0.1830	0.0276	0.0128	0.0122	0.0005	0.1978	0.1707	0.0271	1.5625	1.0603	0.5022	0.7198	0.6155	0.1043	0.8427	0.4448	0.3979	0.0826	0.1470	0.0007	0.0609	0.0604	0.0040	0.0757	0.3452	0.0006	0.3626	0.2338	0.6343	0.3133	0.3287	0.2228	0.4046	0.1026	0.7421
32	109	0.1897	4	0	0	1	0	0	0	0	0	N	N	N	N	N	N	N	N	N	N	N	N	0.0241	0.0191	0.0010	0.0282	0.0257	0.0154	0.0163	0.0102	0.0007	0.0177	0.0203	0.0000	0.0077	0.0080	0.0007	0.0183	0.0211	0.0000	0.7338	1.0636	0.0416	0.2731	0.3121	0.0445	1.1199	2.0804	0.0408	0.0003	0.0186	-0.0005	-0.5877	2.4598	7.7801	7.4321	32.2209	0.0052	0.0052	0.0000	0.0001	0.0001	0.0000	0.0051	0.0051	0.0000	1.1688	1.1474	0.0214	0.1983	0.1936	0.0047	0.9704	0.9538	0.0167	0.2948	0.2566	0.0382	0.0165	0.0158	0.0007	0.2783	0.2408	0.0375	1.5928	1.0788	0.5141	0.7263	0.6203	0.1060	0.8665	0.4585	0.4081	0.0241	0.0191	0.0010	0.0282	0.0257	0.0154	0.0163	0.0102	0.0007	0.7338	1.0636	0.0416	0.2731	0.3121	0.0445	1.1199	2.0804	0.0408
32	110	0.1030	3	0	0	1	0	0	0	0	0	N	N	N	N	N	N	N	N	N	N	N	N	12.3536	14.2080	0.0057	0.0357	0.0341	0.0015	14.0005	19.2242	0.0053	4.0743	4.6903	0.0019	0.0135	0.0141	0.0003	4.2256	4.8829	0.0019	0.3298	0.3301	0.3292	0.3774	0.4137	0.1922	0.3018	0.2540	0.3580	0.0001	0.5376	-0.0945	-0.0636	2.4598	6.4159	7.4321	23.0802	0.9893	0.9892	0.0001	0.0001	0.0001	0.0000	0.9891	0.9891	0.0001	0.3712	0.2414	0.1298	0.1574	0.1442	0.0131	0.2139	0.0972	0.1167	0.2428	0.2109	0.0319	0.0087	0.0083	0.0004	0.2341	0.2026	0.0315	1.1256	0.7314	0.3942	0.4170	0.3486	0.0684	0.7086	0.3827	0.3259	12.3536	14.2080	0.0057	0.0357	0.0341	0.0015	14.0005	19.2242	0.0053	0.3298	0.3301	0.3292	0.3774	0.4137	0.1922	0.3018	0.2540	0.3580
33	34	0.4804	8	0	1	0	0	0	0	0	0	N	N	N	N	N	N	N	N	N	N	N	N	0.0002	0.0002	0.0024	0.0004	0.0003	0.3496	0.0000	0.0000	0.0007	0.0006	0.0006	0.0005	0.0019	0.0018	0.0371	0.0000	0.0000	0.0002	2.6443	3.8647	0.2212	4.3069	5.5139	0.1061	1.0485	1.6601	0.2770	0.0989	0.0288	-0.0000	-0.2338	2.7943	0.0009	8.2643	2.4415	0.0000	0.0000	0.0000	0.0000	0.0000	0.0000	0.0000	0.0000	0.0000	0.4741	0.4609	0.0133	0.3782	0.3761	0.0021	0.0959	0.0847	0.0112	0.0001	0.0001	0.0000	0.0000	0.0000	0.0000	0.0001	0.0001	0.0000	0.1793	0.1193	0.0601	0.0878	0.0682	0.0196	0.0915	0.0510	0.0405	0.0002	0.0002	0.0024	0.0004	0.0003	0.3496	0.0000	0.0000	0.0007	2.6443	3.8647	0.2212	4.3069	5.5139	0.1061	1.0485	1.6601	0.2770
33	35	0.4249	7	1	0	1	0	0	0	0	0	N	N	N	N	N	N	N	N	N	N	N	N	0.0000	0.0000	0.0000	0.0000	0.0000	0.0000	0.0000	0.0000	0.0000	0.0000	0.0000	0.0000	0.0000	0.0000	0.0000	0.0000	0.0000	0.0000	1.9300	0.2267	5.4108	0.3555	0.4038	0.0209	3.1129	0.0028	6.4736	11.6809	0.0000	0.1795	2.7943	0.0000	8.2643	5.9600	0.0000	0.0000	0.0000	0.0000	0.0000	0.0000	0.0000	0.0000	0.0000	0.4486	0.0354	0.4132	0.0354	0.0352	0.0003	0.4131	0.0002	0.4129	0.0000	0.0000	0.0000	0.0000	0.0000	0.0000	0.0000	0.0000	0.0000	0.2324	0.1561	0.0764	0.0997	0.0871	0.0126	0.1327	0.0689	0.0638	0.0000	0.0000	0.0000	0.0000	0.0000	0.0000	0.0000	0.0000	0.0000	1.9300	0.2267	5.4108	0.3555	0.4038	0.0209	3.1129	0.0028	6.4736	
33	36	0.5155	8	0	1	0	0	0	0	0	0	N	N	N	N	N	N	N	N	N	N	N	N	0.0000	0.0000	0.0000	0.0000	0.0000	0.0000	0.0007	0.0005	0.0000	0.0001	0.0001	0.0000	0.0001	0.0001	0.0000	0.0000	0.0001	0.0000	5.1458	7.3854	0.0246	10.1717	11.9757	0.0422	0.0659	0.1059	0.0187	0.0000	0.0015	-0.0000	-0.4685	2.7943	0.0123	8.2643	6.2120	0.0000	0.0000	0.0000	0.0000	0.0000	0.0000	0.0000	0.0000	0.0000	0.9016	0.9003	0.0013	0.8959	0.8953	0.0006	0.0057	0.0050	0.0007	0.0017	0.0016	0.0001	0.0014	0.0014	0.0001	0.0003	0.0003	0.0000	0.1752	0.1219	0.0533	0.0881	0.0748	0.0133	0.0871	0.0471	0.0400	0.0000	0.0000	0.0000	0.0000	0.0000	0.0000	0.0007	0.0005	0.0000	5.1458	7.3854	0.0246	10.1717	11.9757	0.0422	0.0659	0.1059	0.0187
33	37	0.4249	7	0	1	0	0	0	0	0	0	N	N	N	N	N	N	N	N	N	N	N	N	0.0001	0.0019	0.0000	0.0007	0.0007	0.0000	0.0001	0.0072	0.0000	0.0010	0.0011	0.0000	0.0006	0.0007	0.0000	0.0010	0.0012	0.0000	6.7100	0.5823	18.7928	0.8796	0.9304	0.5567	10.9212	0.1634	22.5074	0.0000	16.3659	-0.0000	2.1789	2.7943	8.2035	8.2643	18.5835	0.0003	0.0003	0.0000	0.0000	0.0000	0.0000	0.0003	0.0003	0.0000	5.1714	0.2978	4.8736	0.2843	0.2599	0.0244	4.8871	0.0379	4.8492	0.3437	0.3011	0.0426	0.0357	0.0340	0.0017	0.3080	0.2671	0.0408	0.7707	0.5114	0.2593	0.3232	0.2793	0.0439	0.4475	0.2320	0.2154	0.0001	0.0019	0.0000	0.0007	0.0007	0.0000	0.0001	0.0072	0.0000	6.7100	0.5823	18.7928	0.8796	0.9304	0.5567	10.9212	0.1634	22.5074
33	38	0.4249	7	0	1	0	1	0	0	0	0	N	N	N	N	N	N	N	N	N	N	N	N	0.0002	0.0004	0.0000	0.0007	0.0007	0.0000	0.0001	0.0003	0.0000	0.0008	0.0009	0.0000	0.0006	0.0006	0.0000	0.0009	0.0010	0.0000	4.8288	2.1606	10.0679	0.8113	0.9092	0.1951	7.7038	3.6492	12.0819	0.0000	2.3730	-0.0000	0.7810	2.7943	10.2042	8.2643	23.0710	0.0003	0.0003	0.0000	0.0000	0.0000	0.0000	0.0003	0.0003	0.0000	4.2806	1.2691	3.0115	0.3000	0.2901	0.0099	3.9806	0.9789	3.0016	0.4095	0.3589	0.0507	0.0404	0.0384	0.0021	0.3691	0.3205	0.0486	0.8865	0.5874	0.2991	0.3698	0.3191	0.0507	0.5167	0.2683	0.2484	0.0002	0.0004	0.0000	0.0007	0.0007	0.0000	0.0001	0.0003	0.0000	4.8288	2.1606	10.0679	0.8113	0.9092	0.1951	7.7038	3.6492	12.0819
33	39	0.4249	7	1	0	1	0	0	0	0	0	N	N	N	N	N	N	N	N	N	N	N	N	0.0000	0.0000	0.0000	0.0000	0.0000	0.0000	0.0000	0.0000	0.0000	0.0000	0.0000	0.0000	0.0000	0.0000	0.0000	0.0000	0.0000	0.0000	4.9231	0.5554	14.4388	0.8692	0.9706	0.0591	8.0965	0.0066	17.0836	11.9322	0.0000	0.1798	2.7943	0.0000	8.2643	1.9600	0.0000	0.0000	0.0000	0.0000	0.0000	0.0000	0.0000	0.0000	0.0000	0.4478	0.0346	0.4132	0.0347	0.0344	0.0003	0.4131	0.0002	0.4129	0.0000	0.0000	0.0000	0.0000	0.0000	0.0000	0.0000	0.0000	0.0000	0.0910	0.0623	0.0286	0.0399	0.0355	0.0044	0.0510	0.0268	0.0242	0.0000	0.0000	0.0000	0.0000	0.0000	0.0000	0.0000	0.0000	0.0000	4.9231	0.5554	14.4388	0.8692	0.9706	0.0591	8.0965	0.0066	17.0836	
33	40	0.4804	8	0	0	1	0	0	0	0	0	N	N	N	N	N	N	N	N	N	N	N	N	0.0004	0.0374	0.0001	0.0006	0.0538	0.0007	0.0001	0.0000	0.0002	0.0006	0.0006	0.0005	0.0019	0.0018	0.0371	0.0000	0.0000	0.0002	1.5249	0.0170	4.4203	3.2628	0.0331	49.6202	0.4332	0.0026	0.9888	0.0989	135.1774	-0.0000	0.2573	2.7943	0.0009	8.2643	7.7842	0.0000	0.0000	0.0000	0.0000	0.0000	0.0000	0.0000	0.0000	0.0000	0.5456	0.0040	0.5416	0.4504	0.0037	0.4467	0.0952	0.0003	0.0949	0.0001	0.0001	0.0000	0.0000	0.0000	0.0000	0.0001	0.0001	0.0000	0.3578	0.2353	0.1225	0.1380	0.1115	0.0266	0.2198	0.1238	0.0960	0.0004	0.0374	0.0001	0.0006	0.0538	0.0022	0.0001	0.0000	0.0002	1.5249	0.0170	4.4203	3.2628	0.0331	16.8121	0.4332	0.0026	0.9888
33	41	0.4249	7	0	0	0	0	0	0	0	0	N	N	N	N	N	N	N	N	N	N	N	N	0.0001	0.0005	0.0000	0.0040	0.0036	0.0180	0.0000	0.0000	0.0000	0.0009	0.0009	0.0007	0.0047	0.0044	0.0180	0.0000	0.0000	0.0000	8.2564	1.8333	20.9957	1.1656	1.2088	1.0009	13.4312	2.5952	25.0770	0.0934	5.7742	-0.0000	1.6887	2.7943	1.7959	8.2643	20.1034	0.0001	0.0001	0.0000	0.0001	0.0001	0.0000	0.0000	0.0000	0.0000	5.0973	0.7524	4.3448	0.3036	0.2727	0.0310	4.7936	0.4798	4.3138	0.0934	0.0832	0.0103	0.0173	0.0169	0.0004	0.0762	0.0663	0.0099	0.6174	0.4104	0.2069	0.2605	0.2256	0.0349	0.3569	0.1849	0.1720	0.0001	0.0005	0.0000	0.0040	0.0036	0.0203	0.0000	0.0000	0.0000	8.2564	1.8333	20.9957	1.1656	1.2088	0.8868	13.4312	2.5952	25.0770
33	42	0.4949	8	0	1	0	0	0	0	0	0	N	N	N	N	N	N	N	N	N	N	N	N	2.2136	0.0358	6.1023	0.0067	0.0101	0.0000	18.7170	29.3286	30.9690	0.0816	0.0009	0.5991	0.0005	0.0004	0.0000	0.1075	0.0010	0.6059	0.0369	0.0241	0.0982	0.0719	0.0440	0.9424	0.0057	0.0000	0.0196	108.3571	0.8467	0.0000	-0.0000	2.7943	0.0003	8.2643	0.0002	0.0000	0.0000	0.0000	0.0000	0.0000	0.0000	0.0000	0.0000	0.0000	0.0000	0.0000	0.0000	0.0000	0.0000	0.0000	0.0000	0.0000	0.0000	0.0000	0.0000	0.0000	0.0000	0.0000	0.0000	0.0000	0.0000	0.0000	0.0001	0.0001	0.0000	0.0000	0.0000	0.0000	0.0000	0.0000	0.0000	2.2136	0.0358	6.1023	0.0067	0.0101	0.0000	18.7170	29.3286	30.9690	0.0369	0.0241	0.0982	0.0719	0.0440	0.8018	0.0057	0.0000	0.0196
33	43	0.4509	8	1	1	1	0	0	0	0	0	N	N	N	N	N	N	N	N	N	N	N	N	0.0000	0.0000	0.0000	0.0000	0.0000	0.0000	0.0000	0.0000	0.0000	0.0000	0.0000	0.0000	0.0000	0.0000	0.0000	0.0000	0.0000	0.0000	9.5108	4.5972	19.0860	3.0536	1.8469	47.0312	12.9003	7.0213	19.6817	2.1305	0.0000	0.1229	2.7943	0.0000	8.2643	2.0000	0.0000	0.0000	0.0000	0.0000	0.0000	0.0000	0.0000	0.0000	0.0000	0.7706	0.2462	0.5245	0.0852	0.0463	0.0388	0.6855	0.1998	0.4856	0.0000	0.0000	0.0000	0.0000	0.0000	0.0000	0.0000	0.0000	0.0000	0.0810	0.0535	0.0275	0.0279	0.0251	0.0028	0.0531	0.0285	0.0247	0.0000	0.0000	0.0000	0.0000	0.0000	0.0000	0.0000	0.0000	0.0000	9.5108	4.5972	19.0860	3.0536	1.8469	13.8456	12.9003	7.0213	19.6817	
33	44	0.4509	8	1	1	1	0	0	0	0	0	N	N	N	N	N	N	N	N	N	N	N	N	0.0000	0.0000	0.0000	0.0000	0.0000	0.0000	0.0000	0.0000	0.0000	0.0000	0.0000	0.0000	0.0000	0.0000	0.0000	0.0000	0.0000	0.0000	1.1980	1.6927	0.1389	1.9731	2.2966	0.2362	0.1165	0.1366	0.0997	0.0383	0.0000	-0.0000	2.7943	0.0000	8.2643	0.0000	0.0000	0.0000	0.0000	0.0000	0.0000	0.0000	0.0000	0.0000	0.0000	0.0000	0.0000	0.0000	0.0000	0.0000	0.0000	0.0000	0.0000	0.0000	0.0000	0.0000	0.0000	0.0000	0.0000	0.0000	0.0000	0.0000	0.0000	0.0000	0.0000	0.0000	0.0000	0.0000	0.0000	0.0000	0.0000	0.0000	0.0000	0.0000	0.0000	0.0000	0.0000	0.0000	0.0000	0.0000	0.0000	1.1980	1.6927	0.1389	1.9731	2.2966	0.2362	0.1165	0.1366	0.0997	
33	45	0.4249	7	1	1	1	0	0	0	0	0	N	N	N	N	N	N	N	N	N	N	N	N	0.0093	0.0205	0.0041	0.0346	0.0403	0.1018	0.0000	0.0000	0.0000	0.0015	0.0015	0.0014	0.0057	0.0052	0.0396	0.0000	0.0000	0.0000	0.1578	0.0725	0.3305	0.1632	0.1299	0.3892	0.1538	0.0005	0.3188	0.0932	2.2499	-0.0000	0.0079	2.7943	0.7962	8.2643	7.9291	0.0001	0.0001	0.0000	0.0001	0.0001	0.0000	0.0000	0.0000	0.0000	0.0461	0.0142	0.0319	0.0204	0.0142	0.0062	0.0257	0.0000	0.0257	0.0553	0.0501	0.0051	0.0144	0.0142	0.0002	0.0409	0.0359	0.0050	0.2924	0.1958	0.0967	0.1250	0.1089	0.0160	0.1675	0.0868	0.0806	0.0093	0.0205	0.0041	0.0346	0.0403	0.1018	0.0000	0.0000	0.0000	0.1578	0.0725	0.3305	0.1632	0.1299	0.3892	0.1538	0.0005	0.3188
33	46	0.4249	7	1	1	0	0	0	0	0	0	N	N	N	N	N	N	N	N	N	N	N	N	0.0004	0.0004	0.0003	0.0228	0.0243	0.0854	0.0000	0.0000	0.0000	0.0015	0.0015	0.0014	0.0057	0.0052	0.0396	0.0000	0.0000	0.0000	4.0384	3.5010	5.1143	0.2483	0.2157	0.4635	6.8375	7.5700	6.0506	0.0932	0.7296	-0.0000	-0.1713	2.7943	0.7962	8.2643	12.9291	0.0001	0.0001	0.0000	0.0001	0.0001	0.0000	0.0000	0.0000	0.0000	1.7262	0.9980	0.7282	0.0451	0.0340	0.0111	1.6811	0.9640	0.7171	0.0553	0.0501	0.0051	0.0144	0.0142	0.0002	0.0409	0.0359	0.0050	0.4274	0.2851	0.1424	0.1816	0.1577	0.0239	0.2459	0.1273	0.1185	0.0004	0.0004	0.0003	0.0228	0.0243	0.0854	0.0000	0.0000	0.0000	4.0384	3.5010	5.1143	0.2483	0.2157	0.4635	6.8375	7.5700	6.0506
33	47	0.4249	7	0	1	0	1	0	0	0	0	N	N	N	N	N	N	N	N	N	N	N	N	0.0000	0.0000	0.0000	0.0000	0.0000	0.0000	0.0000	0.0000	0.0000	0.0000	0.0000	0.0000	0.0000	0.0000	0.0000	0.0000	0.0000	0.0000	5.8401	0.1529	17.0763	0.2208	0.1946	0.3879	9.9142	0.1023	20.4722	56.5436	0.0000	1.9345	2.7943	9.0000	8.2643	15.0400	0.0000	0.0000	0.0000	0.0000	0.0000	0.0000	0.0000	0.0000	0.0000	4.1914	0.0728	4.1186	0.0666	0.0508	0.0158	4.1248	0.0221	4.1028	0.3724	0.3263	0.0461	0.0378	0.0359	0.0019	0.3346	0.2904	0.0442	0.7177	0.4765	0.2412	0.3016	0.2609	0.0408	0.4161	0.2156	0.2004	0.0000	0.0000	0.0000	0.0000	0.0000	0.0000	0.0000	0.0000	0.0000	5.8401	0.1529	17.0763	0.2208	0.1946	0.3879	9.9142	0.1023	20.4722	
33	48	0.5034	8	0	0	0	1	0	0	0	0	N	N	N	N	N	N	N	N	N	N	N	N	0.0115	0.0063	0.0339	0.0209	0.0321	0.0000	0.0102	0.0000	0.0352	0.0005	0.0001	0.0032	0.0008	0.0008	0.0000	0.0005	0.0000	0.0032	0.0427	0.0152	0.0948	0.0397	0.0254	0.1171	0.0443	0.0064	0.0905	4.9451	3.2967	0.0000	0.0013	2.7943	0.0037	8.2643	3.0208	0.0000	0.0000	0.0000	0.0000	0.0000	0.0000	0.0000	0.0000	0.0000	0.0053	0.0012	0.0041	0.0018	0.0010	0.0008	0.0036	0.0003	0.0033	0.0002	0.0002	0.0000	0.0000	0.0000	0.0000	0.0002	0.0002	0.0000	0.1249	0.0818	0.0431	0.0448	0.0378	0.0070	0.0801	0.0439	0.0362	0.0115	0.0063	0.0339	0.0209	0.0321	0.0000	0.0102	0.0000	0.0352	0.0427	0.0152	0.0948	0.0397	0.0254	0.1171	0.0443	0.0064	0.0905
33	49	0.4249	7	0	0	0	1	0	0	0	0	N	N	N	N	N	N	N	N	N	N	N	N	0.0017	0.0014	0.0047	0.0044	0.0042	0.0081	0.0011	0.0023	0.0040	0.0142	0.0009	0.1098	0.0044	0.0043	0.0071	0.0156	0.0004	0.1141	8.3584	0.6420	23.5941	0.9969	1.0306	0.8799	13.6894	0.1726	28.2379	16.3894	18.6139	0.0024	2.6281	2.7943	4.7960	8.2643	23.0471	0.0029	0.0002	0.0027	0.0001	0.0001	0.0000	0.0027	0.0001	0.0027	6.1414	0.3131	5.8283	0.3076	0.2750	0.0327	5.8338	0.0381	5.7956	0.2018	0.1772	0.0246	0.0253	0.0244	0.0010	0.1764	0.1528	0.0236	0.7348	0.4877	0.2470	0.3086	0.2668	0.0418	0.4262	0.2209	0.2052	0.0017	0.0014	0.0047	0.0044	0.0042	0.0091	0.0011	0.0023	0.0040	8.3584	0.6420	23.5941	0.9969	1.0306	0.7815	13.6894	0.1726	28.2379
33	50	0.4598	8	0	1	1	0	0	0	0	0	N	N	N	N	N	N	N	N	N	N	N	N	0.0306	0.0439	0.0000	0.0296	0.0402	0.0000	0.0090	0.2245	0.0000	0.0001	0.0001	0.0000	0.0001	0.0001	0.0000	0.0000	0.0000	0.0000	0.0030	0.0024	0.0045	0.0041	0.0034	0.0085	0.0015	0.0001	0.0031	0.0000	0.7749	-0.0000	-0.0000	2.7943	1.4428	8.2643	0.4686	0.0000	0.0000	0.0000	0.0000	0.0000	0.0000	0.0000	0.0000	0.0000	0.0002	0.0001	0.0001	0.0002	0.0001	0.0000	0.0000	0.0000	0.0000	0.1173	0.1033	0.0139	0.0837	0.0742	0.0095	0.0335	0.0291	0.0044	0.0709	0.0505	0.0204	0.0397	0.0343	0.0054	0.0312	0.0161	0.0150	0.0306	0.0439	0.0000	0.0296	0.0402	0.0000	0.0090	0.2245	0.0000	0.0030	0.0024	0.0045	0.0041	0.0034	0.0085	0.0015	0.0001	0.0031
33	51	0.4249	7	0	1	0	0	0	0	0	0	N	N	N	N	N	N	N	N	N	N	N	N	0.0839	0.1848	0.0000	0.1068	0.1111	0.0000	0.0653	0.2103	0.0000	0.0010	0.0011	0.0000	0.0007	0.0007	0.0000	0.0010	0.0012	0.0000	0.0119	0.0062	0.0234	0.0065	0.0066	0.0062	0.0159	0.0057	0.0268	0.0000	1.8978	-0.0000	0.0008	2.7943	7.1845	8.2643	8.0722	0.0003	0.0003	0.0000	0.0000	0.0000	0.0000	0.0003	0.0003	0.0000	0.0060	0.0021	0.0040	0.0014	0.0012	0.0002	0.0046	0.0009	0.0038	0.3081	0.2700	0.0381	0.0331	0.0316	0.0015	0.2750	0.2384	0.0366	0.5077	0.3381	0.1696	0.2150	0.1865	0.0285	0.2927	0.1516	0.1411	0.0839	0.1848	0.0000	0.1068	0.1111	0.0000	0.0653	0.2103	0.0000	0.0119	0.0062	0.0234	0.0065	0.0066	0.0062	0.0159	0.0057	0.0268
33	52	0.4475	8	1	0	1	0	0	0	0	0	N	N	N	N	N	N	N	N	N	N	N	N	0.0197	0.0021	0.0651	0.0010	0.0009	0.0000	0.0158	0.0060	0.0622	0.0006	0.0000	0.0049	0.0000	0.0000	0.0000	0.0009	0.0000	0.0061	0.0281	0.0071	0.0748	0.0076	0.0087	0.0002	0.0542	0.0031	0.0986	41.7320	4.7454	0.0000	0.0015	2.7943	0.9976	8.2643	4.7732	0.0000	0.0000	0.0000	0.0000	0.0000	0.0000	0.0000	0.0000	0.0000	0.0050	0.0009	0.0041	0.0008	0.0007	0.0000	0.0042	0.0001	0.0041	0.0364	0.0323	0.0040	0.0129	0.0121	0.0008	0.0234	0.0202	0.0032	0.1765	0.1219	0.0547	0.0991	0.0859	0.0132	0.0774	0.0360	0.0415	0.0197	0.0021	0.0651	0.0010	0.0009	0.0000	0.0158	0.0060	0.0622	0.0281	0.0071	0.0748	0.0076	0.0087	0.0002	0.0542	0.0031	0.0986
33	53	0.4249	7	1	0	0	0	0	0	0	0	N	N	N	N	N	N	N	N	N	N	N	N	0.0401	0.0341	0.0032	0.0044	0.0040	0.0171	0.1282	0.1673	0.0028	0.0007	0.0008	0.0000	0.0001	0.0001	0.0000	0.0008	0.0009	0.0000	0.0171	0.0227	0.0057	0.0319	0.0366	0.0005	0.0060	0.0053	0.0068	0.0032	0.1258	-0.0000	-0.0023	2.7943	3.2133	8.2643	6.0120	0.0001	0.0001	0.0000	0.0000	0.0000	0.0000	0.0001	0.0001	0.0000	0.0057	0.0051	0.0006	0.0046	0.0046	0.0000	0.0012	0.0005	0.0006	0.1589	0.1399	0.0190	0.0222	0.0214	0.0007	0.1367	0.1185	0.0182	0.3360	0.2246	0.1114	0.1433	0.1247	0.0186	0.1927	0.0999	0.0928	0.0401	0.0341	0.0032	0.0044	0.0040	0.0171	0.1282	0.1673	0.0028	0.0171	0.0227	0.0057	0.0319	0.0366	0.0005	0.0060	0.0053	0.0068
33	54	0.4249	7	1	1	0	0	0	0	0	0	N	N	N	N	N	N	N	N	N	N	N	N	0.0005	0.0047	0.0001	0.0150	0.0165	0.0290	0.0000	0.0000	0.0000	0.0009	0.0009	0.0007	0.0047	0.0044	0.0180	0.0000	0.0000	0.0000	1.8810	0.1908	5.2652	0.3133	0.2669	0.6203	3.0389	0.0965	6.2003	0.0932	13.7852	-0.0000	0.3307	2.7943	1.7961	8.2643	11.9291	0.0001	0.0001	0.0000	0.0001	0.0001	0.0000	0.0000	0.0000	0.0000	0.8040	0.0544	0.7497	0.0569	0.0421	0.0148	0.7471	0.0123	0.7349	0.0934	0.0832	0.0103	0.0173	0.0169	0.0004	0.0762	0.0663	0.0099	0.4274	0.2851	0.1424	0.1816	0.1577	0.0239	0.2459	0.1273	0.1185	0.0005	0.0047	0.0001	0.0150	0.0165	0.0290	0.0000	0.0000	0.0000	1.8810	0.1908	5.2652	0.3133	0.2669	0.6203	3.0389	0.0965	6.2003
33	55	0.4462	8	0	1	0	0	0	0	0	0	N	N	N	N	N	N	N	N	N	N	N	N	0.0371	0.0768	0.0164	0.1792	0.1673	3.9604	0.0006	0.0000	0.0026	0.0007	0.0007	0.0007	0.0022	0.0020	0.0478	0.0000	0.0000	0.0001	0.0195	0.0094	0.0421	0.0120	0.0120	0.0121	0.0264	0.0056	0.0505	0.0921	1.9770	-0.0000	0.0010	2.7943	0.0041	8.2643	6.2745	0.0000	0.0000	0.0000	0.0000	0.0000	0.0000	0.0000	0.0000	0.0000	0.0068	0.0023	0.0045	0.0020	0.0017	0.0003	0.0048	0.0006	0.0042	0.0005	0.0004	0.0000	0.0002	0.0002	0.0000	0.0003	0.0003	0.0000	0.3501	0.2425	0.1076	0.1683	0.1448	0.0235	0.1818	0.0977	0.0841	0.0371	0.0768	0.0164	0.1792	0.1673	3.9604	0.0006	0.0000	0.0026	0.0195	0.0094	0.0421	0.0120	0.0120	0.0121	0.0264	0.0056	0.0505
33	56	0.4949	8	0	0	1	0	0	0	0	0	N	N	N	N	N	N	N	N	N	N	N	N	0.2715	0.2276	0.0299	3.9635	3.7395	0.0000	0.0195	0.0142	0.0277	0.0103	0.0117	0.0004	0.2090	0.2238	0.0000	0.0006	0.0007	0.0004	0.0379	0.0514	0.0122	0.0527	0.0599	0.0004	0.0318	0.0460	0.0135	0.0044	0.1250	-0.0006	-0.0101	2.7943	18.9997	8.2643	4.0000	0.0068	0.0068	0.0000	0.0064	0.0064	0.0000	0.0004	0.0004	0.0000	0.0246	0.0219	0.0027	0.0099	0.0099	0.0000	0.0147	0.0120	0.0027	0.6602	0.5781	0.0820	0.0306	0.0286	0.0020	0.6295	0.5495	0.0800	0.6507	0.4265	0.2242	0.1881	0.1655	0.0225	0.4626	0.2609	0.2017	0.2715	0.2276	0.0299	3.9635	3.7395	0.0000	0.0195	0.0142	0.0277	0.0379	0.0514	0.0122	0.0527	0.0599	0.0004	0.0318	0.0460	0.0135
33	57	0.4249	7	0	0	0	0	0	0	0	0	N	N	N	N	N	N	N	N	N	N	N	N	0.0001	0.0012	0.0000	0.0044	0.0040	0.0172	0.0000	0.0000	0.0000	0.0008	0.0008	0.0006	0.0046	0.0043	0.0164	0.0000	0.0000	0.0000	8.7297	0.6765	24.6445	1.0502	1.0857	0.9528	14.3002	0.1812	29.4912	0.0932	18.4338	-0.0000	2.6523	2.7943	1.7961	8.2643	22.3138	0.0001	0.0001	0.0000	0.0001	0.0001	0.0000	0.0000	0.0000	0.0000	6.2048	0.3193	5.8855	0.3138	0.2806	0.0332	5.8910	0.0387	5.8523	0.1003	0.0891	0.0112	0.0178	0.0174	0.0004	0.0825	0.0717	0.0108	0.7108	0.4719	0.2388	0.2988	0.2584	0.0404	0.4119	0.2135	0.1984	0.0001	0.0012	0.0000	0.0044	0.0040	0.0199	0.0000	0.0000	0.0000	8.7297	0.6765	24.6445	1.0502	1.0857	0.8227	14.3002	0.1812	29.4912
33	58	0.4457	9	1	1	0	0	0	0	0	0	N	N	N	N	N	N	N	N	N	N	N	N	0.0011	0.0021	0.0000	0.0009	0.0009	0.0000	0.0012	0.0956	0.0000	0.0000	0.0000	0.0000	0.0000	0.0000	0.0000	0.0000	0.0001	0.0000	0.0289	0.0173	0.0572	0.0219	0.0252	0.0003	0.0375	0.0006	0.0760	0.0000	1.3516	-0.0000	0.0004	2.7943	0.9359	8.2643	8.5945	0.0000	0.0000	0.0000	0.0000	0.0000	0.0000	0.0000	0.0000	0.0000	0.0081	0.0035	0.0047	0.0034	0.0034	0.0000	0.0047	0.0000	0.0047	0.0490	0.0442	0.0048	0.0260	0.0243	0.0017	0.0230	0.0200	0.0031	0.2821	0.2003	0.0818	0.1564	0.1361	0.0203	0.1256	0.0642	0.0615	0.0011	0.0021	0.0000	0.0009	0.0009	0.0000	0.0012	0.0956	0.0000	0.0289	0.0173	0.0572	0.0219	0.0252	0.0003	0.0375	0.0006	0.0760
33	59	0.4430	8	0	1	0	0	0	0	0	0	N	N	N	N	N	N	N	N	N	N	N	N	0.0066	0.0097	0.0016	0.0093	0.0083	0.0959	0.0045	0.0182	0.0001	0.0002	0.0003	0.0001	0.0003	0.0003	0.0003	0.0002	0.0002	0.0000	0.0370	0.0268	0.0647	0.0303	0.0337	0.0033	0.0451	0.0128	0.0828	0.0416	0.8855	-0.0000	-0.0001	2.7943	0.1706	8.2643	1.8413	0.0000	0.0000	0.0000	0.0000	0.0000	0.0000	0.0000	0.0000	0.0000	0.0029	0.0015	0.0014	0.0013	0.0013	0.0000	0.0016	0.0002	0.0013	0.0135	0.0122	0.0013	0.0073	0.0069	0.0004	0.0061	0.0053	0.0009	0.0781	0.0572	0.0210	0.0431	0.0383	0.0048	0.0351	0.0189	0.0162	0.0066	0.0097	0.0016	0.0093	0.0083	0.0959	0.0045	0.0182	0.0001	0.0370	0.0268	0.0647	0.0303	0.0337	0.0033	0.0451	0.0128	0.0828
33	60	0.4249	7	0	1	0	0	0	0	0	0	N	N	N	N	N	N	N	N	N	N	N	N	0.1072	0.3234	0.0001	0.2696	0.2507	0.0159	0.0725	0.2775	0.0001	0.0011	0.0012	0.0000	0.0008	0.0008	0.0000	0.0011	0.0013	0.0000	0.0102	0.0039	0.0229	0.0028	0.0032	0.0005	0.0157	0.0047	0.0274	0.0002	2.9626	-0.0000	0.0009	2.7943	6.1830	8.2643	4.8458	0.0003	0.0003	0.0000	0.0000	0.0000	0.0000	0.0003	0.0003	0.0000	0.0040	0.0010	0.0030	0.0005	0.0005	0.0000	0.0035	0.0005	0.0030	0.2722	0.2386	0.0336	0.0305	0.0291	0.0014	0.2417	0.2094	0.0322	0.3901	0.2604	0.1297	0.1660	0.1443	0.0217	0.2242	0.1161	0.1080	0.1072	0.3234	0.0001	0.2696	0.2507	0.0159	0.0725	0.2775	0.0001	0.0102	0.0039	0.0229	0.0028	0.0032	0.0005	0.0157	0.0047	0.0274
33	61	0.0446	2	0	0	0	0	0	0	0	0	N	N	N	N	N	N	N	N	N	N	N	N	0.0098	0.0214	0.0008	0.2870	0.2946	0.0000	0.0064	0.0307	0.0008	0.0115	0.0131	0.0016	0.2937	0.2993	0.0000	0.0078	0.0089	0.0016	1.1679	0.6138	2.0110	1.0235	1.0157	1.8449	1.2236	0.2902	2.0295	0.0198	2.1530	-0.0000	0.1358	2.7943	1.0140	8.2643	12.0537	0.0005	0.0005	0.0000	0.0002	0.0002	0.0000	0.0003	0.0003	0.0000	0.8396	0.2663	0.5733	0.2050	0.1965	0.0084	0.6346	0.0697	0.5649	0.0452	0.0388	0.0064	0.0006	0.0006	0.0000	0.0446	0.0382	0.0064	0.7189	0.4338	0.2851	0.2003	0.1935	0.0068	0.5187	0.2403	0.2783	0.0098	0.0214	0.0008	0.2870	0.2946	0.0000	0.0064	0.0307	0.0008	1.1679	0.6138	2.0110	1.0235	1.0157	1.2470	1.2236	0.2902	2.0295
33	62	0.3674	5	0	0	0	0	0	0	0	0	N	N	N	N	N	N	N	N	N	N	N	N	0.0004	0.0004	0.0006	0.0010	0.0010	0.0001	0.0004	0.0003	0.0007	0.0006	0.0006	0.0005	0.0017	0.0017	0.0002	0.0005	0.0005	0.0005	1.4315	1.6865	0.8374	1.6572	1.7556	1.4762	1.2062	1.5785	0.7595	0.1130	0.2131	0.0000	-1.0491	2.7943	22.0948	8.2643	64.3951	0.0005	0.0004	0.0000	0.0001	0.0001	0.0000	0.0004	0.0003	0.0000	3.0376	2.5039	0.5337	1.7567	1.5896	0.1670	1.2809	0.9143	0.3667	0.8122	0.7144	0.0978	0.0659	0.0633	0.0026	0.7463	0.6511	0.0952	2.1220	1.4847	0.6373	1.0601	0.9055	0.1546	1.0620	0.5792	0.4827	0.0004	0.0004	0.0006	0.0010	0.0010	0.0002	0.0004	0.0003	0.0007	1.4315	1.6865	0.8374	1.6572	1.7556	1.0806	1.2062	1.5785	0.7595
33	63	0.3698	6	0	0	0	0	0	0	0	0	N	N	N	N	N	N	N	N	N	N	N	N	0.0049	0.0043	0.0024	0.0111	0.0111	0.0001	0.0038	0.0027	0.0024	0.0030	0.0034	0.0006	0.0046	0.0049	0.0000	0.0029	0.0033	0.0006	0.6227	0.7972	0.2425	0.4179	0.4418	0.2234	0.7710	1.2240	0.2458	0.0264	0.1396	-0.0000	-0.2635	2.7943	3.0638	8.2643	18.8214	0.0004	0.0004	0.0000	0.0000	0.0000	0.0000	0.0004	0.0003	0.0000	0.6612	0.5802	0.0810	0.1864	0.1754	0.0109	0.4748	0.4047	0.0701	0.1286	0.1114	0.0172	0.0066	0.0062	0.0004	0.1220	0.1052	0.0169	1.0618	0.7278	0.3341	0.4460	0.3971	0.0489	0.6158	0.3306	0.2852	0.0049	0.0043	0.0024	0.0111	0.0111	0.0001	0.0038	0.0027	0.0024	0.6227	0.7972	0.2425	0.4179	0.4418	0.2234	0.7710	1.2240	0.2458
33	64	0.4462	8	1	1	1	0	0	0	0	0	N	N	N	N	N	N	N	N	N	N	N	N	0.0006	0.0005	0.0006	0.0069	0.0062	0.0225	0.0000	0.0000	0.0001	0.0000	0.0000	0.0000	0.0002	0.0002	0.0002	0.0000	0.0000	0.0000	0.0138	0.0161	0.0089	0.0255	0.0279	0.0095	0.0042	0.0004	0.0087	0.0921	0.2529	-0.0000	-0.0020	2.7943	1.0029	8.2643	8.4685	0.0000	0.0000	0.0000	0.0000	0.0000	0.0000	0.0000	0.0000	0.0000	0.0063	0.0050	0.0013	0.0052	0.0049	0.0003	0.0011	0.0001	0.0010	0.0431	0.0373	0.0058	0.0019	0.0018	0.0001	0.0412	0.0355	0.0057	0.4532	0.3107	0.1425	0.2044	0.1770	0.0274	0.2488	0.1337	0.1151	0.0006	0.0005	0.0006	0.0069	0.0062	0.0225	0.0000	0.0000	0.0001	0.0138	0.0161	0.0089	0.0255	0.0279	0.0095	0.0042	0.0004	0.0087
33	65	0.4249	7	0	1	0	0	0	0	0	0	N	N	N	N	N	N	N	N	N	N	N	N	0.0177	0.0219	0.0119	0.0376	0.0440	0.1094	0.0001	0.0007	0.0000	0.0015	0.0015	0.0014	0.0056	0.0052	0.0396	0.0000	0.0000	0.0000	0.0831	0.0677	0.1143	0.1502	0.1188	0.3621	0.0332	0.0037	0.0649	0.0935	0.8355	-0.0000	-0.0017	2.7943	0.7961	8.2643	8.5878	0.0001	0.0001	0.0000	0.0001	0.0001	0.0000	0.0000	0.0000	0.0000	0.0259	0.0141	0.0118	0.0199	0.0137	0.0062	0.0059	0.0003	0.0056	0.0553	0.0501	0.0051	0.0144	0.0142	0.0002	0.0409	0.0359	0.0050	0.3111	0.2081	0.1030	0.1328	0.1157	0.0171	0.1783	0.0924	0.0859	0.0177	0.0219	0.0119	0.0376	0.0440	0.1094	0.0001	0.0007	0.0000	0.0831	0.0677	0.1143	0.1502	0.1188	0.3621	0.0332	0.0037	0.0649
33	66	0.0446	2	0	1	0	0	0	0	0	0	N	N	N	N	N	N	N	N	N	N	N	N	0.0089	0.0065	0.0000	0.2004	0.1980	0.0000	0.0000	0.0000	0.0000	0.0040	0.0046	0.0000	0.3115	0.3174	0.0000	0.0000	0.0000	0.0000	0.4453	0.7111	0.0404	1.5540	1.6033	0.1461	0.0241	0.0084	0.0378	0.0000	0.0372	-0.0000	-0.1581	2.7943	1.0110	8.2643	12.5479	0.0002	0.0002	0.0000	0.0002	0.0002	0.0000	0.0000	0.0000	0.0000	0.3259	0.3142	0.0117	0.3131	0.3121	0.0010	0.0128	0.0021	0.0107	0.0451	0.0386	0.0064	0.0006	0.0006	0.0000	0.0445	0.0381	0.0064	0.7319	0.4419	0.2901	0.2015	0.1947	0.0068	0.5304	0.2472	0.2832	0.0089	0.0065	0.0000	0.2004	0.1980	0.0000	0.0000	0.0000	0.0000	0.4453	0.7111	0.0404	1.5540	1.6033	0.1461	0.0241	0.0084	0.0378
33	69	0.4249	7	1	0	1	0	0	0	0	0	N	N	N	N	N	N	N	N	N	N	N	N	0.0000	0.0000	0.0000	0.0000	0.0000	0.0000	0.0000	0.0000	0.0000	0.0000	0.0000	0.0000	0.0000	0.0000	0.0000	0.0000	0.0000	0.0000	0.0026	0.0017	0.0044	0.0047	0.0031	0.0160	0.0010	0.0000	0.0021	1.2473	0.0000	0.0000	2.7943	0.0000	8.2643	4.9600	0.0000	0.0000	0.0000	0.0000	0.0000	0.0000	0.0000	0.0000	0.0000	0.0005	0.0002	0.0003	0.0004	0.0002	0.0002	0.0001	0.0000	0.0001	0.0000	0.0000	0.0000	0.0000	0.0000	0.0000	0.0000	0.0000	0.0000	0.1984	0.1335	0.0649	0.0854	0.0747	0.0106	0.1131	0.0588	0.0543	0.0000	0.0000	0.0000	0.0000	0.0000	0.0000	0.0000	0.0000	0.0000	0.0026	0.0017	0.0044	0.0047	0.0031	0.0160	0.0010	0.0000	0.0021	
33	71	0.4385	9	0	0	1	0	0	0	0	0	N	N	N	N	N	N	N	N	N	N	N	N	0.0000	0.0000	0.0000	0.0000	0.0000	0.0000	0.0000	0.0000	0.0000	0.0000	0.0000	0.0000	0.0000	0.0000	0.0000	0.0000	0.0000	0.0000	0.0011	0.0013	0.0005	0.0029	0.0032	0.0002	0.0003	0.0000	0.0006	0.2297	0.0000	-0.0000	2.7943	1.0000	8.2643	0.0055	0.0000	0.0000	0.0000	0.0000	0.0000	0.0000	0.0000	0.0000	0.0000	0.0000	0.0000	0.0000	0.0000	0.0000	0.0000	0.0000	0.0000	0.0000	0.0238	0.0209	0.0030	0.0028	0.0027	0.0002	0.0210	0.0182	0.0028	0.0223	0.0142	0.0081	0.0067	0.0060	0.0007	0.0156	0.0082	0.0074	0.0000	0.0000	0.0000	0.0000	0.0000	0.0000	0.0000	0.0000	0.0000	0.0011	0.0013	0.0005	0.0029	0.0032	0.0002	0.0003	0.0000	0.0006	
33	72	0.4318	8	0	0	1	0	0	0	0	0	N	N	N	N	N	N	N	N	N	N	N	N	0.0000	0.0000	0.0000	0.0000	0.0000	0.0000	0.0000	0.0000	0.0000	0.0000	0.0000	0.0000	0.0000	0.0000	0.0000	0.0000	0.0000	0.0000	0.0540	0.0750	0.0161	0.1514	0.1677	0.0054	0.0095	0.0027	0.0172	0.1194	0.0000	-0.0005	2.7943	0.0000	8.2643	1.0265	0.0000	0.0000	0.0000	0.0000	0.0000	0.0000	0.0000	0.0000	0.0000	0.0013	0.0012	0.0001	0.0011	0.0011	0.0000	0.0002	0.0000	0.0001	0.0000	0.0000	0.0000	0.0000	0.0000	0.0000	0.0000	0.0000	0.0000	0.0240	0.0154	0.0086	0.0075	0.0068	0.0008	0.0165	0.0087	0.0078	0.0000	0.0000	0.0000	0.0000	0.0000	0.0000	0.0000	0.0000	0.0000	0.0540	0.0750	0.0161	0.1514	0.1677	0.0054	0.0095	0.0027	0.0172	
33	73	0.4264	7	0	0	0	0	0	0	0	0	N	N	N	N	N	N	N	N	N	N	N	N	0.0000	0.0000	0.0000	0.0000	0.0000	0.0000	0.0000	0.0000	0.0000	0.0000	0.0000	0.0000	0.0000	0.0000	0.0000	0.0000	0.0000	0.0000	0.0536	0.0654	0.0202	0.0842	0.0943	0.0030	0.0169	0.0104	0.0253	0.1083	0.0000	-0.0099	2.7943	0.0000	8.2643	1.0321	0.0000	0.0000	0.0000	0.0000	0.0000	0.0000	0.0000	0.0000	0.0000	0.0234	0.0211	0.0023	0.0200	0.0199	0.0001	0.0034	0.0012	0.0022	0.0100	0.0097	0.0003	0.0051	0.0051	0.0000	0.0050	0.0047	0.0003	0.4357	0.3224	0.1133	0.2374	0.2113	0.0261	0.1982	0.1111	0.0871	0.0000	0.0000	0.0000	0.0000	0.0000	0.0000	0.0000	0.0000	0.0000	0.0536	0.0654	0.0202	0.0842	0.0943	0.0030	0.0169	0.0104	0.0253	
33	74	0.4036	6	0	0	0	0	0	0	0	0	N	N	N	N	N	N	N	N	N	N	N	N	0.0001	0.0001	0.0002	0.0030	0.0031	0.0040	0.0000	0.0000	0.0001	0.0002	0.0002	0.0002	0.0014	0.0014	0.0036	0.0001	0.0001	0.0002	1.6165	1.8415	1.1559	0.4710	0.4488	0.8872	2.4394	3.7751	1.1898	0.1594	0.3066	0.0000	-0.3343	2.7943	0.5629	8.2643	8.5245	0.0000	0.0000	0.0000	0.0000	0.0000	0.0000	0.0000	0.0000	0.0000	1.1673	0.8934	0.2739	0.1422	0.1266	0.0156	1.0251	0.7668	0.2583	0.0270	0.0235	0.0034	0.0024	0.0024	0.0001	0.0245	0.0212	0.0034	0.7221	0.4851	0.2370	0.3019	0.2820	0.0199	0.4202	0.2031	0.2171	0.0001	0.0001	0.0002	0.0030	0.0031	0.0046	0.0000	0.0000	0.0001	1.6165	1.8415	1.1559	0.4710	0.4488	0.7858	2.4394	3.7751	1.1898
33	75	0.4633	9	0	1	0	0	0	0	0	0	N	N	N	N	N	N	N	N	N	N	N	N	0.0000	0.0000	0.0000	0.0000	0.0000	0.0000	0.0000	0.0000	0.0000	0.0000	0.0000	0.0000	0.0000	0.0000	0.0000	0.0000	0.0000	0.0000	0.0273	0.0109	0.0598	0.0162	0.0180	0.0047	0.0368	0.0002	0.0718	2.7699	0.0000	0.0013	2.7943	1.9994	8.2643	4.0943	0.0000	0.0000	0.0000	0.0000	0.0000	0.0000	0.0000	0.0000	0.0000	0.0059	0.0016	0.0043	0.0016	0.0015	0.0001	0.0043	0.0000	0.0042	0.0477	0.0418	0.0059	0.0041	0.0039	0.0003	0.0436	0.0379	0.0057	0.2142	0.1422	0.0720	0.0987	0.0858	0.0129	0.1156	0.0565	0.0591	0.0000	0.0000	0.0000	0.0000	0.0000	0.0000	0.0000	0.0000	0.0000	0.0273	0.0109	0.0598	0.0162	0.0180	0.0047	0.0368	0.0002	0.0718	
33	76	0.4570	8	0	0	0	0	0	0	0	0	N	N	N	N	N	N	N	N	N	N	N	N	0.0006	0.0007	0.0010	0.0004	0.0004	0.0000	0.0007	0.0080	0.0010	0.0005	0.0004	0.0013	0.0003	0.0003	0.0000	0.0005	0.0004	0.0013	0.7593	0.5122	1.2196	0.7539	0.7498	0.9105	0.7642	0.0479	1.2892	0.4700	1.2781	0.0000	0.0042	2.7943	0.0011	8.2643	2.7207	0.0000	0.0000	0.0000	0.0000	0.0000	0.0000	0.0000	0.0000	0.0000	0.1060	0.0465	0.0595	0.0504	0.0451	0.0054	0.0556	0.0015	0.0541	0.0000	0.0000	0.0000	0.0000	0.0000	0.0000	0.0000	0.0000	0.0000	0.1396	0.0909	0.0488	0.0669	0.0601	0.0068	0.0727	0.0308	0.0420	0.0006	0.0007	0.0010	0.0004	0.0004	0.0000	0.0007	0.0080	0.0010	0.7593	0.5122	1.2196	0.7539	0.7498	0.7900	0.7642	0.0479	1.2892
33	77	0.4249	7	0	0	0	0	0	0	0	0	N	N	N	N	N	N	N	N	N	N	N	N	0.0000	0.0000	0.0000	0.0000	0.0000	0.0000	0.0000	0.0000	0.0000	0.0000	0.0000	0.0000	0.0000	0.0000	0.0000	0.0000	0.0000	0.0000	8.7303	1.0850	24.1106	1.6434	1.8243	0.4340	13.9886	0.1641	28.8545	11.0459	0.0000	1.2493	2.7943	0.0001	8.2643	10.0074	0.0000	0.0000	0.0000	0.0000	0.0000	0.0000	0.0000	0.0000	0.0000	3.1555	0.2620	2.8936	0.2530	0.2443	0.0087	2.9025	0.0176	2.8849	0.0241	0.0232	0.0009	0.0121	0.0121	0.0000	0.0121	0.0112	0.0009	0.3614	0.2414	0.1200	0.1540	0.1339	0.0200	0.2075	0.1075	0.1000	0.0000	0.0000	0.0000	0.0000	0.0000	0.0000	0.0000	0.0000	0.0000	8.7303	1.0850	24.1106	1.6434	1.8243	0.4340	13.9886	0.1641	28.8545	
33	78	0.4451	8	1	0	1	0	0	0	0	0	N	N	N	N	N	N	N	N	N	N	N	N	0.2512	0.1979	0.0000	0.3056	0.2789	0.0000	0.0207	0.0129	0.0000	0.0009	0.0009	0.0000	0.0012	0.0012	0.0000	0.0001	0.0001	0.0000	0.0034	0.0047	0.0004	0.0038	0.0044	0.0001	0.0029	0.0053	0.0005	0.0000	0.0385	-0.0000	-0.0001	2.7943	1.6246	8.2643	0.0115	0.0001	0.0001	0.0000	0.0001	0.0001	0.0000	0.0000	0.0000	0.0000	0.0002	0.0002	0.0000	0.0001	0.0001	0.0000	0.0001	0.0001	0.0000	0.1313	0.1215	0.0098	0.0949	0.0897	0.0052	0.0364	0.0318	0.0046	0.0487	0.0342	0.0145	0.0279	0.0239	0.0040	0.0208	0.0103	0.0106	0.2512	0.1979	0.0000	0.3056	0.2789	0.0000	0.0207	0.0129	0.0000	0.0034	0.0047	0.0004	0.0038	0.0044	0.0001	0.0029	0.0053	0.0005
33	79	0.4249	7	1	0	1	0	0	0	0	0	N	N	N	N	N	N	N	N	N	N	N	N	0.0198	0.3577	0.0000	0.2281	0.2088	0.0000	0.0122	0.3902	0.0000	0.0010	0.0011	0.0000	0.0006	0.0007	0.0000	0.0010	0.0012	0.0000	0.0494	0.0031	0.1420	0.0028	0.0032	0.0001	0.0838	0.0030	0.1705	0.0004	22.7089	-0.0000	0.0091	2.7943	8.1927	8.2643	3.9952	0.0003	0.0003	0.0000	0.0000	0.0000	0.0000	0.0003	0.0003	0.0000	0.0209	0.0009	0.0200	0.0005	0.0005	0.0000	0.0204	0.0004	0.0200	0.3433	0.3008	0.0425	0.0357	0.0339	0.0017	0.3076	0.2668	0.0408	0.4236	0.2825	0.1411	0.1800	0.1564	0.0236	0.2436	0.1262	0.1174	0.0198	0.3577	0.0000	0.2281	0.2088	0.0000	0.0122	0.3902	0.0000	0.0494	0.0031	0.1420	0.0028	0.0032	0.0001	0.0838	0.0030	0.1705
33	80	0.4249	7	0	1	0	1	0	0	0	0	N	N	N	N	N	N	N	N	N	N	N	N	0.0035	0.0027	0.0075	0.0063	0.0053	0.1143	0.0000	0.0000	0.0000	0.0015	0.0015	0.0014	0.0057	0.0052	0.0396	0.0000	0.0000	0.0000	0.4208	0.5421	0.1797	0.8995	0.9847	0.3466	0.0704	0.0002	0.1459	0.0932	0.1669	-0.0000	-0.0910	2.7943	0.7962	8.2643	19.0091	0.0001	0.0001	0.0000	0.0001	0.0001	0.0000	0.0000	0.0000	0.0000	0.2407	0.2063	0.0344	0.2175	0.2063	0.0112	0.0233	0.0000	0.0232	0.0553	0.0501	0.0051	0.0144	0.0142	0.0002	0.0409	0.0359	0.0050	0.5721	0.3806	0.1915	0.2417	0.2095	0.0323	0.3303	0.1711	0.1592	0.0035	0.0027	0.0075	0.0063	0.0053	0.1143	0.0000	0.0000	0.0000	0.4208	0.5421	0.1797	0.8995	0.9847	0.3466	0.0704	0.0002	0.1459
33	81	0.4249	7	0	1	0	0	0	0	0	0	N	N	N	N	N	N	N	N	N	N	N	N	0.0002	0.0006	0.0001	0.0055	0.0050	0.0451	0.0000	0.0000	0.0000	0.0015	0.0015	0.0014	0.0057	0.0052	0.0396	0.0000	0.0000	0.0000	8.6837	2.6484	20.6145	1.0201	1.0575	0.8786	14.2459	4.5755	24.6491	0.0932	3.9376	-0.0000	1.6853	2.7943	0.7962	8.2643	25.3140	0.0001	0.0001	0.0000	0.0001	0.0001	0.0000	0.0000	0.0000	0.0000	6.0974	1.2349	4.8625	0.3012	0.2701	0.0311	5.7962	0.9648	4.8314	0.0553	0.0501	0.0051	0.0144	0.0142	0.0002	0.0409	0.0359	0.0050	0.7022	0.4663	0.2359	0.2953	0.2554	0.0399	0.4069	0.2109	0.1960	0.0002	0.0006	0.0001	0.0055	0.0050	0.0507	0.0000	0.0000	0.0000	8.6837	2.6484	20.6145	1.0201	1.0575	0.7808	14.2459	4.5755	24.6491
33	82	0.4249	7	0	1	0	0	0	0	0	0	N	N	N	N	N	N	N	N	N	N	N	N	0.0008	0.0021	0.0001	0.0059	0.0051	0.0487	0.0005	0.0012	0.0001	0.0047	0.0051	0.0016	0.0053	0.0050	0.0180	0.0046	0.0051	0.0010	5.5651	2.4408	11.7300	0.8952	0.9776	0.3695	8.9428	4.2053	14.0434	0.0399	2.4356	-0.0000	0.7864	2.7943	1.7961	8.2643	27.0091	0.0004	0.0004	0.0000	0.0001	0.0001	0.0000	0.0003	0.0003	0.0000	4.1867	1.2186	2.9680	0.2827	0.2668	0.0158	3.9040	0.9518	2.9522	0.0934	0.0832	0.0103	0.0173	0.0169	0.0004	0.0762	0.0663	0.0099	0.7523	0.4993	0.2530	0.3157	0.2729	0.0428	0.4366	0.2263	0.2102	0.0008	0.0021	0.0001	0.0059	0.0051	0.0487	0.0005	0.0012	0.0001	5.5651	2.4408	11.7300	0.8952	0.9776	0.3695	8.9428	4.2053	14.0434
33	83	0.3698	6	0	0	0	0	0	0	0	0	N	N	N	N	N	N	N	N	N	N	N	N	0.0001	0.0001	0.0000	0.0029	0.0029	0.0000	0.0000	0.0000	0.0000	0.0001	0.0001	0.0000	0.0011	0.0012	0.0000	0.0000	0.0000	0.0000	1.0344	1.4184	0.2328	0.3969	0.4208	0.2241	1.4410	2.4405	0.2343	0.0019	0.0786	-0.0000	-0.6301	2.7943	10.0679	8.2643	33.8159	0.0000	0.0000	0.0000	0.0000	0.0000	0.0000	0.0000	0.0000	0.0000	1.4058	1.3033	0.1025	0.2101	0.1957	0.0144	1.1957	1.1076	0.0881	0.3837	0.3340	0.0497	0.0184	0.0173	0.0011	0.3653	0.3168	0.0485	1.3590	0.9189	0.4402	0.5293	0.4650	0.0643	0.8298	0.4539	0.3759	0.0001	0.0001	0.0000	0.0029	0.0029	0.0000	0.0000	0.0000	0.0000	1.0344	1.4184	0.2328	0.3969	0.4208	0.2241	1.4410	2.4405	0.2343
33	84	0.3422	5	0	0	0	0	0	0	0	0	N	N	N	N	N	N	N	N	N	N	N	N	0.0089	0.0110	0.0000	0.1163	0.1248	0.0001	0.0038	0.0038	0.0000	0.0158	0.0182	0.0001	0.0773	0.0798	0.0001	0.0099	0.0115	0.0001	1.7815	1.6588	2.0507	0.6648	0.6391	1.0061	2.6341	3.0505	2.1968	0.0005	0.5637	-0.0001	-0.3007	2.7943	0.9441	8.2643	14.0836	0.0007	0.0007	0.0000	0.0003	0.0003	0.0000	0.0004	0.0004	0.0000	1.8724	1.1975	0.6750	0.3025	0.2663	0.0363	1.5699	0.9312	0.6387	0.0444	0.0384	0.0060	0.0039	0.0038	0.0001	0.0405	0.0346	0.0059	1.0510	0.7219	0.3291	0.4550	0.4166	0.0384	0.5960	0.3053	0.2907	0.0089	0.0110	0.0000	0.1163	0.1248	0.0001	0.0038	0.0038	0.0000	1.7815	1.6588	2.0507	0.6648	0.6391	0.9445	2.6341	3.0505	2.1968
33	85	0.4152	6	0	0	0	0	0	0	0	0	N	N	N	N	N	N	N	N	N	N	N	N	0.0025	0.0079	0.0001	0.0015	0.0039	0.0000	0.0028	0.0127	0.0001	0.0023	0.0026	0.0002	0.0015	0.0016	0.0001	0.0024	0.0027	0.0002	0.9091	0.3296	2.2897	0.9790	0.4007	6.2112	0.8333	0.2096	1.5853	0.0107	2.9166	-0.0001	0.3132	2.7943	15.0008	8.2643	28.2980	0.0015	0.0014	0.0000	0.0001	0.0001	0.0000	0.0014	0.0014	0.0000	1.4007	0.3576	1.0430	0.7848	0.2729	0.5119	0.6159	0.0847	0.5312	0.6300	0.5528	0.0772	0.0385	0.0370	0.0016	0.5915	0.5158	0.0757	1.5407	1.0852	0.4555	0.8017	0.6812	0.1205	0.7391	0.4040	0.3351	0.0025	0.0079	0.0001	0.0015	0.0039	0.0000	0.0028	0.0127	0.0001	0.9091	0.3296	2.2897	0.9790	0.4007	4.2486	0.8333	0.2096	1.5853
33	86	0.4152	6	0	0	0	0	0	0	0	0	N	N	N	N	N	N	N	N	N	N	N	N	0.0003	0.0001	0.0011	0.0008	0.0011	0.0015	0.0002	0.0000	0.0016	0.0004	0.0001	0.0020	0.0009	0.0008	0.0049	0.0003	0.0001	0.0019	1.4036	1.2744	1.7195	1.0432	0.6759	3.3431	1.8487	2.4461	1.1576	2.0289	0.5517	0.0001	-0.3557	2.7943	10.8154	8.2643	27.4443	0.0001	0.0000	0.0001	0.0000	0.0000	0.0000	0.0001	0.0000	0.0001	2.1486	1.3847	0.7639	0.8825	0.4861	0.3964	1.2661	0.8986	0.3675	0.3753	0.3268	0.0485	0.0343	0.0332	0.0010	0.3411	0.2936	0.0475	1.5308	1.0866	0.4443	0.8460	0.7192	0.1268	0.6849	0.3674	0.3175	0.0003	0.0001	0.0011	0.0008	0.0011	0.0016	0.0002	0.0000	0.0016	1.4036	1.2744	1.7195	1.0432	0.6759	3.1266	1.8487	2.4461	1.1576
33	87	0.3674	5	0	0	0	0	0	0	0	0	N	N	N	N	N	N	N	N	N	N	N	N	0.0004	0.0003	0.0007	0.0006	0.0007	0.0004	0.0003	0.0002	0.0008	0.0004	0.0003	0.0012	0.0007	0.0007	0.0014	0.0003	0.0002	0.0011	1.1656	0.9795	1.6331	1.1962	1.0448	3.1414	1.1255	0.8397	1.4417	0.4889	0.6636	0.0000	-0.3052	2.7943	2.7608	8.2643	22.4044	0.0001	0.0001	0.0000	0.0000	0.0000	0.0000	0.0001	0.0000	0.0000	2.4977	1.5013	0.9963	1.4521	1.0917	0.3604	1.0456	0.4097	0.6359	0.2161	0.1902	0.0259	0.0560	0.0550	0.0010	0.1601	0.1352	0.0249	2.1428	1.5328	0.6101	1.2139	1.0449	0.1690	0.9290	0.4879	0.4411	0.0004	0.0003	0.0007	0.0006	0.0007	0.0006	0.0003	0.0002	0.0008	1.1656	0.9795	1.6331	1.1962	1.0448	2.1328	1.1255	0.8397	1.4417
33	88	0.2376	4	0	0	0	0	0	0	0	0	N	N	N	N	N	N	N	N	N	N	N	N	1.3477	1.8756	0.0080	11.1861	13.3179	0.1436	0.6805	1.0378	0.0047	1.8062	2.0721	0.0148	15.7887	16.2788	0.4696	0.8805	1.0176	0.0079	1.3402	1.1047	1.8447	1.4115	1.2223	3.2696	1.2940	0.9806	1.6718	0.0011	0.7792	-0.0650	-0.2051	2.7943	8.8820	8.2643	49.9570	0.6876	0.6869	0.0007	0.3732	0.3729	0.0003	0.3144	0.3140	0.0004	2.4677	1.3870	1.0807	1.0220	0.7882	0.2338	1.4457	0.5988	0.8469	0.3807	0.3315	0.0492	0.0236	0.0229	0.0007	0.3571	0.3086	0.0485	1.8413	1.2554	0.5859	0.7241	0.6448	0.0792	1.1172	0.6106	0.5066	1.3477	1.8756	0.0080	11.1861	13.3179	0.1592	0.6805	1.0378	0.0047	1.3402	1.1047	1.8447	1.4115	1.2223	2.9504	1.2940	0.9806	1.6718
33	89	0.4249	7	1	1	0	1	0	0	0	0	N	N	N	N	N	N	N	N	N	N	N	N	0.0010	0.0097	0.0003	0.0259	0.0269	0.1058	0.0000	0.0000	0.0000	0.0015	0.0015	0.0014	0.0057	0.0052	0.0396	0.0000	0.0000	0.0000	1.5271	0.1530	4.2635	0.2183	0.1944	0.3742	2.4878	0.1022	5.0503	0.0932	13.9905	-0.0000	0.3304	2.7943	0.7962	8.2643	16.9291	0.0001	0.0001	0.0000	0.0001	0.0001	0.0000	0.0000	0.0000	0.0000	0.8015	0.0535	0.7480	0.0485	0.0374	0.0110	0.7530	0.0160	0.7370	0.0553	0.0501	0.0051	0.0144	0.0142	0.0002	0.0409	0.0359	0.0050	0.5248	0.3494	0.1754	0.2222	0.1926	0.0295	0.3027	0.1567	0.1459	0.0010	0.0097	0.0003	0.0259	0.0269	0.1058	0.0000	0.0000	0.0000	1.5271	0.1530	4.2635	0.2183	0.1944	0.3742	2.4878	0.1022	5.0503
33	90	0.4969	12	0	1	0	1	0	0	0	0	N	N	N	N	N	N	N	N	N	N	N	N	0.0000	0.0000	0.0000	0.0000	0.0000	0.0000	0.0000	0.0000	0.0000	0.0000	0.0000	0.0000	0.0000	0.0000	0.0000	0.0000	0.0000	0.0000	0.0000	0.0000	2.7943	0.0000	8.2643	0.0000	0.0000	0.0000	0.0000	0.0000	0.0000	0.0000	0.0000	0.0000	0.0000	0.0000	0.0000	0.0000	0.0000	0.0000	0.0000	0.0000	0.0000	0.0000	0.0000	0.0000	0.0000	0.0000	0.0000	0.0000	0.0000	0.0000	0.0000	0.0000	0.0000	0.0000	0.0000	0.0000	0.0000	0.0000	0.0000	0.0000	0.0000	0.0000	0.0000	0.0000	0.0000	0.0000	0.0000	0.0000	0.0000	0.0000	0.0000	0.0000	0.0000	0.0000	0.0000	0.0000	0.0000	0.0000											
33	91	0.4862	11	0	1	0	1	0	0	0	0	N	N	N	N	N	N	N	N	N	N	N	N	0.0000	0.0000	0.0000	0.0000	0.0000	0.0000	0.0000	0.0000	0.0000	0.0000	0.0000	0.0000	0.0000	0.0005	0.0000	0.0017	0.0000	0.0000	0.0000	0.0012	0.0000	0.0025	inf	0.0000	0.0000	2.7943	1.0000	8.2643	3.0000	0.0000	0.0000	0.0000	0.0000	0.0000	0.0000	0.0000	0.0000	0.0000	0.0001	0.0000	0.0001	0.0000	0.0000	0.0000	0.0001	0.0000	0.0001	0.0382	0.0341	0.0041	0.0165	0.0152	0.0013	0.0217	0.0188	0.0028	0.1069	0.0775	0.0294	0.0660	0.0565	0.0095	0.0408	0.0209	0.0199	0.0000	0.0000	0.0000	0.0000	0.0000	0.0000	0.0000	0.0000	0.0000	0.0005	0.0000	0.0017	0.0000	0.0000	0.0000	0.0012	0.0000	0.0025						
33	92	0.4797	9	0	1	0	0	0	0	0	0	N	N	N	N	N	N	N	N	N	N	N	N	0.0000	0.0000	0.0000	0.0000	0.0000	0.0000	0.0000	0.0000	0.0000	0.0000	0.0000	0.0000	0.0000	0.0000	0.0000	0.0000	0.0000	0.0000	0.0000	0.0000	2.7943	0.0000	8.2643	0.0000	0.0000	0.0000	0.0000	0.0000	0.0000	0.0000	0.0000	0.0000	0.0000	0.0000	0.0000	0.0000	0.0000	0.0000	0.0000	0.0000	0.0000	0.0000	0.0000	0.0000	0.0000	0.0000	0.0000	0.0000	0.0000	0.0000	0.0000	0.0000	0.0000	0.0000	0.0000	0.0000	0.0000	0.0000	0.0000	0.0000	0.0000	0.0000	0.0000	0.0000	0.0000	0.0000	0.0000	0.0000	0.0000	0.0000	0.0000	0.0000	0.0000	0.0000	0.0000	0.0000	0.0000	0.0000											
33	93	0.4862	11	0	0	1	1	0	0	0	0	N	N	N	N	N	N	N	N	N	N	N	N	0.0000	0.0000	0.0000	0.0000	0.0000	0.0000	0.0000	0.0000	0.0000	0.0000	0.0000	0.0000	0.0000	0.0000	0.0000	0.0000	0.0000	0.0000	0.0000	0.0000	2.7943	0.0000	8.2643	0.0000	0.0000	0.0000	0.0000	0.0000	0.0000	0.0000	0.0000	0.0000	0.0000	0.0000	0.0000	0.0000	0.0000	0.0000	0.0000	0.0000	0.0000	0.0000	0.0000	0.0000	0.0000	0.0000	0.0000	0.0000	0.0000	0.0000	0.0000	0.0000	0.0000	0.0000	0.0000	0.0000	0.0000	0.0000	0.0000	0.0000	0.0000	0.0000	0.0000	0.0000	0.0000	0.0000	0.0000	0.0000	0.0000	0.0000	0.0000	0.0000	0.0000	0.0000	0.0000	0.0000	0.0000	0.0000											
33	94	0.4835	10	0	0	0	1	0	0	0	0	N	N	N	N	N	N	N	N	N	N	N	N	0.0000	0.0000	0.0000	0.0000	0.0000	0.0000	0.0000	0.0000	0.0000	0.0000	0.0000	0.0000	0.0000	0.0000	0.0000	0.0000	0.0000	0.0013	0.0017	0.0003	0.0014	0.0017	0.0000	0.0010	0.0016	0.0004	0.0706	0.0000	-0.0000	2.7943	1.0000	8.2643	0.0097	0.0000	0.0000	0.0000	0.0000	0.0000	0.0000	0.0000	0.0000	0.0000	0.0000	0.0000	0.0000	0.0000	0.0000	0.0000	0.0000	0.0000	0.0000	0.0382	0.0341	0.0041	0.0165	0.0152	0.0013	0.0217	0.0188	0.0028	0.0289	0.0208	0.0081	0.0178	0.0153	0.0025	0.0111	0.0055	0.0056	0.0000	0.0000	0.0000	0.0000	0.0000	0.0000	0.0000	0.0000	0.0000	0.0013	0.0017	0.0003	0.0014	0.0017	0.0000	0.0010	0.0016	0.0004		
33	95	0.4835	10	0	0	1	1	0	0	0	0	N	N	N	N	N	N	N	N	N	N	N	N	0.0120	0.0033	7.8487	0.0058	0.0053	1.1006	0.0000	7.7553	0.0004	0.0001	0.0025	0.0003	0.0003	0.0000	0.0005	0.0000	0.0036	0.0331	0.0456	0.0003	0.0534	0.0623	0.0000	0.0004	0.0004	0.0005	2.0000	0.0027	0.0000	-0.0023	2.7943	2.0000	8.2643	3.0050	0.0000	0.0000	0.0000	0.0000	0.0000	0.0000	0.0000	0.0000	0.0000	0.0044	0.0044	0.0000	0.0044	0.0044	0.0000	0.0000	0.0000	0.0000	0.0753	0.0673	0.0080	0.0325	0.0300	0.0025	0.0428	0.0373	0.0055	0.1330	0.0962	0.0368	0.0819	0.0702	0.0117	0.0511	0.0260	0.0251	0.0120	0.0033	7.8487	0.0058	0.0053	0.0000	1.1006	0.0000	7.7553	0.0331	0.0456	0.0003	0.0534	0.0623	0.0000	0.0004	0.0004	0.0005	
33	96	0.4835	10	0	0	1	1	0	0	0	0	N	N	N	N	N	N	N	N	N	N	N	N	0.0000	0.0000	0.0000	0.0000	0.0000	0.0000	0.0000	0.0000	0.0000	0.0000	0.0000	0.0000	0.0000	0.0000	0.0000	0.0000	0.0000	0.0000	0.0977	0.1067	0.0743	0.0407	0.0475	0.0000	0.1885	0.2651	0.1090	0.2674	0.0000	-0.0055	2.7943	0.0000	8.2643	6.9903	0.0000	0.0000	0.0000	0.0000	0.0000	0.0000	0.0000	0.0000	0.0000	0.0177	0.0140	0.0037	0.0045	0.0045	0.0000	0.0132	0.0094	0.0037	0.0000	0.0000	0.0000	0.0000	0.0000	0.0000	0.0000	0.0000	0.0000	0.1810	0.1308	0.0502	0.1112	0.0952	0.0160	0.0699	0.0356	0.0343	0.0000	0.0000	0.0000	0.0000	0.0000	0.0000	0.0000	0.0000	0.0000	0.0977	0.1067	0.0743	0.0407	0.0475	0.0000	0.1885	0.2651	0.1090	
33	97	0.4780	9	0	0	0	1	0	0	0	0	N	N	N	N	N	N	N	N	N	N	N	N	0.0000	0.0000	0.0000	0.0000	0.0000	0.0000	0.0000	0.0000	0.0000	0.0000	0.0000	0.0000	0.0000	0.0000	0.0000	0.0000	0.0000	0.0000	0.0014	0.0006	0.0033	0.0010	0.0007	0.0027	0.0020	0.0004	0.0036	2.0588	0.0000	0.0000	2.7943	0.9999	8.2643	1.0605	0.0000	0.0000	0.0000	0.0000	0.0000	0.0000	0.0000	0.0000	0.0000	0.0001	0.0000	0.0001	0.0000	0.0000	0.0000	0.0000	0.0000	0.0000	0.0439	0.0394	0.0046	0.0218	0.0201	0.0017	0.0221	0.0192	0.0029	0.0607	0.0439	0.0168	0.0375	0.0321	0.0054	0.0232	0.0118	0.0114	0.0000	0.0000	0.0000	0.0000	0.0000	0.0000	0.0000	0.0000	0.0000	0.0014	0.0006	0.0033	0.0010	0.0007	0.0027	0.0020	0.0004	0.0036	
33	98	0.4759	8	0	0	0	1	0	0	0	0	N	N	N	N	N	N	N	N	N	N	N	N	0.0274	0.0851	0.0028	0.0527	0.0953	0.0000	0.0138	0.0683	0.0000	0.0003	0.0003	0.0001	0.0003	0.0003	0.0000	0.0002	0.0003	0.0000	0.0106	0.0037	0.0292	0.0062	0.0035	0.0226	0.0177	0.0042	0.0324	0.0294	2.9265	-0.0000	0.0001	2.7943	0.0012	8.2643	1.0414	0.0000	0.0000	0.0000	0.0000	0.0000	0.0000	0.0000	0.0000	0.0000	0.0004	0.0001	0.0003	0.0001	0.0001	0.0001	0.0002	0.0000	0.0002	0.0002	0.0001	0.0000	0.0001	0.0001	0.0000	0.0001	0.0001	0.0000	0.0337	0.0246	0.0091	0.0209	0.0180	0.0030	0.0128	0.0066	0.0061	0.0274	0.0851	0.0028	0.0527	0.0953	0.0000	0.0138	0.0683	0.0000	0.0106	0.0037	0.0292	0.0062	0.0035	0.0226	0.0177	0.0042	0.0324
33	99	0.4249	7	1	1	0	0	0	0	0	0	N	N	N	N	N	N	N	N	N	N	N	N	0.0002	0.0002	0.0002	0.0010	0.0011	0.0000	0.0001	0.0001	0.0002	0.0009	0.0008	0.0011	0.0001	0.0001	0.0000	0.0010	0.0010	0.0011	3.9677	3.4441	5.0161	0.1380	0.1285	0.2008	6.7959	7.5502	5.9855	0.1688	0.7275	0.0000	-0.1700	2.7943	3.2042	8.2643	9.0918	0.0001	0.0001	0.0000	0.0000	0.0000	0.0000	0.0001	0.0001	0.0000	1.7008	0.9845	0.7163	0.0251	0.0203	0.0048	1.6757	0.9642	0.7114	0.1593	0.1403	0.0190	0.0222	0.0214	0.0007	0.1371	0.1188	0.0183	0.4287	0.2859	0.1428	0.1821	0.1582	0.0239	0.2466	0.1277	0.1189	0.0002	0.0002	0.0002	0.0010	0.0011	0.0000	0.0001	0.0001	0.0002	3.9677	3.4441	5.0161	0.1380	0.1285	0.2008	6.7959	7.5502	5.9855
33	100	0.4249	7	0	1	0	0	0	0	0	0	N	N	N	N	N	N	N	N	N	N	N	N	0.0007	0.0091	0.0002	0.0228	0.0255	0.0747	0.0000	0.0000	0.0000	0.0015	0.0015	0.0014	0.0057	0.0052	0.0396	0.0000	0.0000	0.0000	2.0335	0.1628	5.7928	0.2478	0.2054	0.5302	3.3571	0.1097	6.8484	0.0932	17.7122	-0.0000	0.3247	2.7943	0.7962	8.2643	10.9291	0.0001	0.0001	0.0000	0.0001	0.0001	0.0000	0.0000	0.0000	0.0000	0.7632	0.0408	0.7224	0.0396	0.0285	0.0110	0.7236	0.0123	0.7113	0.0553	0.0501	0.0051	0.0144	0.0142	0.0002	0.0409	0.0359	0.0050	0.3753	0.2506	0.1247	0.1598	0.1389	0.0208	0.2155	0.1117	0.1039	0.0007	0.0091	0.0002	0.0228	0.0255	0.0747	0.0000	0.0000	0.0000	2.0335	0.1628	5.7928	0.2478	0.2054	0.5302	3.3571	0.1097	6.8484
33	101	0.4828	10	1	1	0	0	0	0	0	0	N	N	N	N	N	N	N	N	N	N	N	N	0.0000	0.0000	0.0000	0.0000	0.0000	0.0000	0.0000	0.0000	0.0000	0.0000	0.0000	0.0000	0.0000	0.0000	0.0000	0.0000	0.0000	0.0036	0.0040	0.0026	0.0004	0.0005	0.0000	0.0087	0.0137	0.0038	0.2609	0.0000	-0.0001	2.7943	0.0000	8.2643	3.0000	0.0000	0.0000	0.0000	0.0000	0.0000	0.0000	0.0000	0.0000	0.0000	0.0003	0.0002	0.0001	0.0000	0.0000	0.0000	0.0003	0.0002	0.0001	0.0000	0.0000	0.0000	0.0000	0.0000	0.0000	0.0000	0.0000	0.0000	0.0807	0.0579	0.0229	0.0498	0.0425	0.0073	0.0310	0.0154	0.0156	0.0000	0.0000	0.0000	0.0000	0.0000	0.0000	0.0000	0.0000	0.0000	0.0036	0.0040	0.0026	0.0004	0.0005	0.0000	0.0087	0.0137	0.0038		
33	102	0.4797	9	1	1	0	0	0	0	0	0	N	N	N	N	N	N	N	N	N	N	N	N	0.0000	0.0000	0.0000	0.0000	0.0000	0.0000	0.0000	0.0000	0.0000	0.0000	0.0000	0.0000	0.0000	0.0000	0.0000	0.0000	0.0014	0.0005	0.0038	0.0006	0.0007	0.0000	0.0028	0.0000	0.0056	3.0001	0.0000	0.0000	2.7943	0.0000	8.2643	1.0000	0.0000	0.0000	0.0000	0.0000	0.0000	0.0000	0.0000	0.0000	0.0000	0.0000	0.0000	0.0000	0.0000	0.0000	0.0000	0.0000	0.0000	0.0000	0.0000	0.0000	0.0000	0.0000	0.0000	0.0000	0.0000	0.0000	0.0000	0.0280	0.0201	0.0079	0.0173	0.0148	0.0025	0.0107	0.0053	0.0054	0.0000	0.0000	0.0000	0.0000	0.0000	0.0000	0.0000	0.0000	0.0000	0.0014	0.0005	0.0038	0.0006	0.0007	0.0000	0.0028	0.0000	0.0056			
33	103	0.4759	8	0	1	0	0	0	0	0	0	N	N	N	N	N	N	N	N	N	N	N	N	0.0223	0.1837	0.0000	0.0249	0.0974	0.0000	0.0193	0.2910	0.0000	0.0002	0.0002	0.0000	0.0001	0.0001	0.0000	0.0003	0.0004	0.0000	0.0083	0.0011	0.0277	0.0040	0.0011	0.0219	0.0153	0.0012	0.0305	0.0000	9.1470	-0.0000	0.0001	2.7943	0.0006	8.2643	1.0534	0.0000	0.0000	0.0000	0.0000	0.0000	0.0000	0.0000	0.0000	0.0000	0.0003	0.0000	0.0003	0.0001	0.0000	0.0001	0.0002	0.0000	0.0002	0.0001	0.0001	0.0000	0.0001	0.0001	0.0000	0.0001	0.0000	0.0000	0.0340	0.0248	0.0092	0.0211	0.0181	0.0030	0.0129	0.0067	0.0062	0.0223	0.1837	0.0000	0.0249	0.0974	0.0000	0.0193	0.2910	0.0000	0.0083	0.0011	0.0277	0.0040	0.0011	0.0219	0.0153	0.0012	0.0305
33	104	0.4249	7	0	0	0	0	0	0	0	0	N	N	N	N	N	N	N	N	N	N	N	N	0.0007	0.0106	0.0000	0.0057	0.0063	0.0000	0.0004	0.0122	0.0000	0.0010	0.0011	0.0000	0.0007	0.0007	0.0000	0.0010	0.0012	0.0000	1.3921	0.1080	3.9453	0.1212	0.1163	0.1529	2.3230	0.0978	4.7135	0.0000	18.3698	-0.0000	0.3315	2.7943	7.2034	8.2643	9.9858	0.0003	0.0003	0.0000	0.0000	0.0000	0.0000	0.0003	0.0003	0.0000	0.7759	0.0401	0.7358	0.0286	0.0238	0.0048	0.7473	0.0163	0.7310	0.3088	0.2706	0.0382	0.0332	0.0316	0.0016	0.2756	0.2390	0.0367	0.5574	0.3708	0.1865	0.2357	0.2042	0.0314	0.3217	0.1666	0.1551	0.0007	0.0106	0.0000	0.0057	0.0063	0.0000	0.0004	0.0122	0.0000	1.3921	0.1080	3.9453	0.1212	0.1163	0.1529	2.3230	0.0978	4.7135
33	105	0.4036	6	0	0	0	0	0	0	0	0	N	N	N	N	N	N	N	N	N	N	N	N	0.0035	0.0030	0.0001	0.0024	0.0023	0.0445	0.0178	0.0441	0.0000	0.0022	0.0025	0.0000	0.0030	0.0031	0.0008	0.0021	0.0025	0.0000	0.6204	0.8399	0.1621	1.2538	1.3317	0.0174	0.1193	0.0559	0.1748	0.0011	0.0924	-0.0000	-0.1757	2.7943	0.7993	8.2643	5.3573	0.0001	0.0001	0.0000	0.0000	0.0000	0.0000	0.0001	0.0001	0.0000	0.4025	0.3685	0.0341	0.3593	0.3590	0.0003	0.0432	0.0094	0.0338	0.0370	0.0322	0.0048	0.0028	0.0027	0.0001	0.0342	0.0294	0.0047	0.6488	0.4387	0.2101	0.2866	0.2696	0.0170	0.3622	0.1691	0.1931	0.0035	0.0030	0.0001	0.0024	0.0023	0.0445	0.0178	0.0441	0.0000	0.6204	0.8399	0.1621	1.2538	1.3317	0.0174	0.1193	0.0559	0.1748
33	106	0.3422	5	0	0	0	0	0	0	0	0	N	N	N	N	N	N	N	N	N	N	N	N	0.0034	0.0028	0.0001	0.0119	0.0115	0.0002	0.0103	0.0107	0.0001	0.0039	0.0045	0.0000	0.0290	0.0305	0.0000	0.0025	0.0029	0.0000	1.1500	1.5919	0.2025	2.4350	2.6605	0.1293	0.2403	0.2664	0.2121	0.0007	0.0593	-0.0001	-0.6140	2.7943	4.1241	8.2643	16.2542	0.0007	0.0007	0.0000	0.0003	0.0003	0.0000	0.0004	0.0004	0.0000	1.3202	1.2463	0.0739	1.1587	1.1532	0.0055	0.1615	0.0931	0.0684	0.1723	0.1493	0.0230	0.0093	0.0088	0.0005	0.1630	0.1405	0.0225	1.1481	0.7829	0.3651	0.4758	0.4335	0.0424	0.6722	0.3495	0.3227	0.0034	0.0028	0.0001	0.0119	0.0115	0.0002	0.0103	0.0107	0.0001	1.1500	1.5919	0.2025	2.4350	2.6605	0.1293	0.2403	0.2664	0.2121
33	107	0.2376	4	0	0	0	0	0	0	0	0	N	N	N	N	N	N	N	N	N	N	N	N	1.8345	2.0470	0.0004	6.0415	5.8654	0.0047	1.7908	2.5833	0.0003	1.6690	1.9168	0.0003	6.9163	7.1351	0.0025	1.3165	1.5235	0.0003	0.9098	0.9364	0.8504	1.1448	1.2165	0.5263	0.7351	0.5898	0.9045	0.0000	0.4066	-0.0597	-0.3632	2.7943	8.6998	8.2643	27.8967	0.6250	0.6249	0.0000	0.1630	0.1630	0.0000	0.4619	0.4619	0.0000	1.5655	1.1130	0.4525	0.8398	0.7997	0.0401	0.7257	0.3133	0.4124	0.3745	0.3260	0.0484	0.0236	0.0228	0.0007	0.3509	0.3032	0.0477	1.7207	1.1886	0.5322	0.7336	0.6574	0.0762	0.9872	0.5312	0.4560	1.8345	2.0470	0.0004	6.0415	5.8654	0.0047	1.7908	2.5833	0.0003	0.9098	0.9364	0.8504	1.1448	1.2165	0.5263	0.7351	0.5898	0.9045
33	108	0.1552	3	0	0	0	0	0	0	0	0	N	N	N	N	N	N	N	N	N	N	N	N	2.3143	2.6718	0.0047	1.5999	1.6388	0.0090	2.9365	4.1600	0.0049	2.3697	2.7348	0.0049	2.2367	2.2840	0.0213	2.3738	2.7505	0.0048	1.0240	1.0236	1.0248	1.3980	1.3937	2.3763	0.8084	0.6612	0.9786	0.0003	0.4858	-0.0514	-0.3091	2.7943	5.3278	8.2643	31.5322	0.5399	0.5397	0.0001	0.0152	0.0152	0.0000	0.5247	0.5245	0.0001	1.5923	1.0717	0.5206	0.7948	0.7219	0.0729	0.7975	0.3498	0.4477	0.2278	0.1974	0.0305	0.0068	0.0067	0.0001	0.2210	0.1907	0.0303	1.5551	1.0470	0.5081	0.5686	0.5180	0.0506	0.9865	0.5290	0.4575	2.3143	2.6718	0.0047	1.5999	1.6388	0.0148	2.9365	4.1600	0.0049	1.0240	1.0236	1.0248	1.3980	1.3937	1.4423	0.8084	0.6612	0.9786
33	109	0.1552	3	0	0	0	0	0	0	0	0	N	N	N	N	N	N	N	N	N	N	N	N	0.0437	0.0478	0.0000	4.7571	5.0457	0.0001	0.0000	0.0000	0.0000	0.0669	0.0771	0.0000	2.7894	2.8656	0.0001	0.0001	0.0001	0.0000	1.5299	1.6135	1.3588	0.5864	0.5679	0.7955	2.0591	2.6055	1.4227	0.0000	0.4115	-0.0020	-0.5564	2.7943	7.7801	8.2643	32.2209	0.0213	0.0213	0.0000	0.0213	0.0213	0.0000	0.0000	0.0000	0.0000	2.4240	1.7173	0.7067	0.3339	0.2943	0.0395	2.0902	1.4230	0.6671	0.3185	0.2763	0.0422	0.0076	0.0074	0.0002	0.3109	0.2689	0.0420	1.5845	1.0644	0.5201	0.5694	0.5182	0.0511	1.0151	0.5462	0.4689	0.0437	0.0478	0.0000	4.7571	5.0457	0.0001	0.0000	0.0000	0.0000	1.5299	1.6135	1.3588	0.5864	0.5679	0.7731	2.0591	2.6055	1.4227
33	110	0.0685	2	0	0	0	0	0	0	0	0	N	N	N	N	N	N	N	N	N	N	N	N	0.0806	0.0971	0.0005	0.0415	0.0409	0.0005	0.0802	0.1003	0.0005	0.0987	0.1139	0.0006	0.0499	0.0504	0.0005	0.0989	0.1142	0.0006	1.2254	1.1741	1.3117	1.2016	1.2325	0.8830	1.2335	1.1387	1.3377	0.0009	0.6636	-0.0025	-0.1725	2.7943	6.4159	8.2643	23.0802	0.0259	0.0259	0.0000	0.0001	0.0001	0.0000	0.0258	0.0258	0.0000	1.4117	0.8486	0.5631	0.3519	0.3362	0.0157	1.0598	0.5124	0.5474	0.2623	0.2271	0.0353	0.0010	0.0010	0.0000	0.2613	0.2260	0.0353	1.1520	0.7228	0.4293	0.2928	0.2728	0.0201	0.8592	0.4500	0.4092	0.0806	0.0971	0.0005	0.0415	0.0409	0.0006	0.0802	0.1003	0.0005	1.2254	1.1741	1.3117	1.2016	1.2325	0.7824	1.2335	1.1387	1.3377
34	35	0.0617	2	1	1	1	0	0	0	0	0	N	N	N	N	N	N	N	N	N	N	N	N	0.0000	0.0000	0.0000	0.0000	0.0000	0.0000	0.0000	0.0000	0.0000	0.0000	0.0000	0.0000	0.0000	0.0000	0.0000	0.0000	0.0000	0.0812	0.0011	0.2384	0.0023	0.0015	0.0051	0.1846	0.0000	0.3590	115.2059	0.0000	0.0026	0.0009	0.0000	2.4415	5.9600	0.0000	0.0000	0.0000	0.0000	0.0000	0.0000	0.0000	0.0000	0.0000	0.0056	0.0000	0.0055	0.0001	0.0000	0.0000	0.0055	0.0000	0.0055	0.0000	0.0000	0.0000	0.0000	0.0000	0.0000	0.0000	0.0000	0.0000	0.0687	0.0455	0.0232	0.0389	0.0310	0.0079	0.0297	0.0144	0.0153	0.0000	0.0000	0.0000	0.0000	0.0000	0.0000	0.0000	0.0000	0.0000	0.0812	0.0011	0.2384	0.0023	0.0015	0.0051	0.1846	0.0000	0.3590		
34	36	0.1522	3	0	2	0	0	0	0	0	0	N	Y	N	N	N	N	N	N	N	N	N	N	0.0050	4293.6655	0.0000	0.0164	3716.6327	0.0000	0.0000	0.0000	0.0000	0.0292	0.0316	0.0000	0.0384	0.0417	0.0000	0.0000	0.0000	0.0000	5.8325	0.0000	19.4939	2.3341	0.0000	48.5870	8.8696	0.0000	20.7065	0.0000	1130968.9105	-0.0000	0.2419	0.0009	0.0123	2.4415	6.2120	0.0000	0.0000	0.0000	0.0000	0.0000	0.0000	0.0000	0.0000	0.0000	0.5051	0.0000	0.5051	0.0939	0.0000	0.0939	0.4112	0.0000	0.4112	0.0000	0.0000	0.0000	0.0000	0.0000	0.0000	0.0000	0.0000	0.0000	0.0866	0.0607	0.0259	0.0402	0.0342	0.0061	0.0464	0.0265	0.0199	0.0050	4293.6655	0.0000	0.0164	3716.6327	0.0000	0.0000	0.0000	0.0000	5.8325	0.0000	19.4939	2.3341	0.0000	15.5165	8.8696	0.0000	20.7065
34	37	0.0617	2	0	2	0	0	0	0	0	0	N	Y	N	N	N	N	N	N	N	N	N	N	0.1035	0.0926	0.0000	0.1386	0.1244	0.0000	0.0000	0.0000	0.0000	0.2456	0.3077	0.0000	0.4420	0.4969	0.0000	0.0000	0.0000	0.0000	2.3728	3.3207	0.5652	3.1898	3.9952	0.2077	1.3072	1.8916	0.7576	0.0000	0.0892	-0.0000	-0.2410	0.0009	8.2035	2.4415	18.5835	0.0002	0.0002	0.0000	0.0002	0.0002	0.0000	0.0000	0.0000	0.0000	0.5488	0.5038	0.0450	0.4176	0.4118	0.0058	0.1312	0.0920	0.0392	0.0008	0.0007	0.0002	0.0005	0.0004	0.0001	0.0004	0.0003	0.0001	0.2313	0.1517	0.0796	0.1309	0.1031	0.0278	0.1004	0.0487	0.0517	0.1035	0.0926	0.0000	0.1386	0.1244	0.0000	0.0000	0.0000	0.0000	2.3728	3.3207	0.5652	3.1898	3.9952	0.2077	1.3072	1.8916	0.7576
34	38	0.0617	2	0	2	0	1	0	0	0	0	N	Y	N	N	N	N	N	N	N	N	N	N	0.1056	0.0914	0.0000	0.1410	0.1246	0.0000	0.0000	0.0000	0.0000	0.2257	0.2772	0.0000	0.4118	0.4591	0.0000	0.0000	0.0000	0.0000	2.1377	3.0341	0.4330	2.9203	3.6857	0.0998	1.1237	1.6661	0.6121	0.0000	0.0750	-0.0000	-0.2577	0.0009	10.2042	2.4415	23.0710	0.0002	0.0002	0.0000	0.0002	0.0002	0.0000	0.0000	0.0000	0.0000	0.5710	0.5311	0.0399	0.4402	0.4370	0.0032	0.1307	0.0941	0.0366	0.0009	0.0007	0.0002	0.0005	0.0004	0.0001	0.0004	0.0003	0.0001	0.2671	0.1751	0.0920	0.1508	0.1186	0.0322	0.1163	0.0565	0.0599	0.1056	0.0914	0.0000	0.1410	0.1246	0.0000	0.0000	0.0000	0.0000	2.1377	3.0341	0.4330	2.9203	3.6857	0.0998	1.1237	1.6661	0.6121
34	39	0.0617	2	1	1	1	0	0	0	0	0	N	N	N	N	N	N	N	N	N	N	N	N	0.0000	0.0000	0.0000	0.0000	0.0000	0.0000	0.0000	0.0000	0.0000	0.0000	0.0000	0.0000	0.0000	0.0000	0.0000	0.0000	0.0000	0.2092	0.0027	0.6372	0.0059	0.0039	0.0144	0.4696	0.0000	0.9293	115.2059	0.0000	0.0026	0.0009	0.0000	2.4415	1.9600	0.0000	0.0000	0.0000	0.0000	0.0000	0.0000	0.0000	0.0000	0.0000	0.0056	0.0000	0.0055	0.0001	0.0000	0.0000	0.0055	0.0000	0.0055	0.0000	0.0000	0.0000	0.0000	0.0000	0.0000	0.0000	0.0000	0.0000	0.0267	0.0180	0.0087	0.0150	0.0122	0.0028	0.0117	0.0058	0.0059	0.0000	0.0000	0.0000	0.0000	0.0000	0.0000	0.0000	0.0000	0.0000	0.2092	0.0027	0.6372	0.0059	0.0039	0.0144	0.4696	0.0000	0.9293		
34	42	0.1317	3	0	2	0	0	0	0	0	0	N	Y	N	N	N	N	N	N	N	N	N	N	4.6430	4.1797	7.3107	1.3770	0.0000	0.0000	0.1917	0.0000	0.8333	0.2785	0.0000	1.0004	0.0000	0.0000	0.0000	0.0413	0.0000	0.1994	0.0381	0.0000	0.7265	0.0441	0.0000	0.1282	inf	inf	0.0000	0.0000	0.0009	0.0003	2.4415	0.0002	0.0000	0.0000	0.0000	0.0000	0.0000	0.0000	0.0000	0.0000	0.0000	0.0000	0.0000	0.0000	0.0000	0.0000	0.0000	0.0000	0.0000	0.0000	0.0000	0.0000	0.0000	0.0000	0.0000	0.0000	0.0000	0.0000	0.0000	0.0000	0.0000	0.0000	0.0000	0.0000	0.0000	0.0000	0.0000	0.0000	4.6430	0.0000	4.1797	7.3107	0.0000	1.4113	0.0000	0.0000	0.0000	0.0413	0.0000	0.1994	0.0381	0.0000	0.7089	0.0441	0.0000	0.1282			
34	43	0.0877	3	1	2	1	0	0	0	0	0	N	Y	N	N	N	N	N	N	N	N	N	N	0.0000	0.0000	0.0000	0.0000	0.0000	0.0000	0.0000	0.0000	0.0000	0.0000	0.0000	0.0000	0.0000	0.0027	0.0042	0.0000	0.0055	0.0069	0.0000	0.0000	0.0000	0.0000	0.0000	0.0000	-0.0000	0.0009	0.0000	2.4415	2.0000	0.0000	0.0000	0.0000	0.0000	0.0000	0.0000	0.0000	0.0000	0.0000	0.0001	0.0001	0.0000	0.0001	0.0001	0.0000	0.0000	0.0000	0.0000	0.0000	0.0000	0.0000	0.0000	0.0000	0.0000	0.0000	0.0000	0.0000	0.0221	0.0144	0.0076	0.0110	0.0087	0.0023	0.0111	0.0057	0.0053	0.0000	0.0000	0.0000	0.0000	0.0000	0.0000	0.0000	0.0000	0.0000	0.0027	0.0042	0.0000	0.0055	0.0069	0.0000	0.0000	0.0000	0.0000						
34	44	0.0877	3	1	2	1	0	0	0	0	0	N	Y	N	N	N	N	N	N	N	N	N	N	0.0000	0.0000	0.0000	0.0000	0.0000	0.0000	0.0000	0.0000	0.0000	0.0000	0.0000	0.0000	0.0000	0.0000	0.0000	0.0000	0.0000	0.0000	0.0000	0.0000	0.0009	0.0000	2.4415	0.0000	0.0000	0.0000	0.0000	0.0000	0.0000	0.0000	0.0000	0.0000	0.0000	0.0000	0.0000	0.0000	0.0000	0.0000	0.0000	0.0000	0.0000	0.0000	0.0000	0.0000	0.0000	0.0000	0.0000	0.0000	0.0000	0.0000	0.0000	0.0000	0.0000	0.0000	0.0000	0.0000	0.0000	0.0000	0.0000	0.0000	0.0000	0.0000	0.0000	0.0000	0.0000	0.0000	0.0000	0.0000	0.0000	0.0000	0.0000	0.0000	0.0000	0.0000	0.0000	0.0000	0.0000	0.0000											
34	45	0.0617	2	1	2	1	0	0	0	0	0	N	Y	N	N	N	N	N	N	N	N	N	N	3.8137	0.0000	3.7432	10.9472	0.0000	13.3952	2.6255	2.2012	0.7170	0.0000	2.0669	0.5527	0.0000	3.2257	0.9675	0.0000	1.5744	0.1880	0.0008	0.5522	0.0505	0.0012	0.2408	0.3685	0.0000	0.7152	inf	338.0524	0.0003	0.0077	0.0009	0.7962	2.4415	7.9291	0.0003	0.0000	0.0003	0.0002	0.0000	0.0002	0.0002	0.0000	0.0002	0.0163	0.0000	0.0162	0.0025	0.0000	0.0024	0.0138	0.0000	0.0138	0.0005	0.0003	0.0002	0.0003	0.0002	0.0000	0.0002	0.0001	0.0001	0.0866	0.0572	0.0294	0.0491	0.0390	0.0101	0.0374	0.0181	0.0193	3.8137	0.0000	3.7432	10.9472	0.0000	13.3952	2.6255	0.0000	2.2012	0.1880	0.0008	0.5522	0.0505	0.0012	0.2408	0.3685	0.0000	0.7152	
34	46	0.0617	2	1	2	0	0	0	0	0	0	N	Y	N	N	N	N	N	N	N	N	N	N	4.1367	0.0000	4.4006	11.1665	0.0000	14.1168	2.8785	0.0000	2.6329	0.7170	0.0000	2.0669	0.5527	0.0000	3.2257	0.9675	0.0000	1.5744	0.1733	0.0196	0.4697	0.0495	0.0022	0.2285	0.3361	0.0569	0.5980	inf	12.4401	0.0003	0.0089	0.0009	0.7962	2.4415	12.9291	0.0003	0.0000	0.0003	0.0002	0.0000	0.0002	0.0002	0.0000	0.0002	0.0220	0.0016	0.0204	0.0036	0.0001	0.0034	0.0184	0.0015	0.0169	0.0005	0.0003	0.0002	0.0003	0.0002	0.0000	0.0002	0.0001	0.0001	0.1270	0.0836	0.0434	0.0721	0.0571	0.0151	0.0549	0.0266	0.0283	4.1367	0.0000	4.4006	11.1665	0.0000	14.1168	2.8785	0.0000	2.6329	0.1733	0.0196	0.4697	0.0495	0.0022	0.2285	0.3361	0.0569	0.5980
34	47	0.0617	2	0	2	0	1	0	0	0	0	N	Y	N	N	N	N	N	N	N	N	N	N	0.0000	0.0000	0.0000	0.0000	0.0000	0.0000	0.0000	0.0000	0.0000	0.0000	0.0000	0.0000	0.0000	0.0000	0.0000	0.0000	0.0000	0.0000	2.4543	3.5963	0.2739	3.4138	4.3219	0.0433	1.2002	2.0539	0.3980	0.0399	0.0000	-0.2548	0.0009	9.0000	2.4415	15.0400	0.0000	0.0000	0.0000	0.0000	0.0000	0.0000	0.0000	0.0000	0.0000	0.5277	0.5075	0.0202	0.4159	0.4148	0.0011	0.1119	0.0927	0.0191	0.0009	0.0007	0.0002	0.0005	0.0004	0.0001	0.0004	0.0003	0.0001	0.2150	0.1411	0.0739	0.1218	0.0960	0.0259	0.0932	0.0451	0.0480	0.0000	0.0000	0.0000	0.0000	0.0000	0.0000	0.0000	0.0000	0.0000	2.4543	3.5963	0.2739	3.4138	4.3219	0.0433	1.2002	2.0539	0.3980	
34	48	0.1402	3	0	1	0	1	0	0	0	0	N	N	N	N	N	N	N	N	N	N	N	N	18.7587	0.0000	110.8687	9.9487	0.0000	141.6031	33.3012	0.0000	68.3909	0.1605	0.0000	0.6256	0.1892	0.0000	0.9979	0.1260	0.0000	0.3735	0.0086	0.0100	0.0056	0.0190	0.0207	0.0070	0.0038	0.0025	0.0055	inf	0.2840	0.0000	-0.0001	0.0009	0.0037	2.4415	3.0208	0.0000	0.0000	0.0000	0.0000	0.0000	0.0000	0.0000	0.0000	0.0000	0.0004	0.0003	0.0001	0.0003	0.0003	0.0000	0.0001	0.0000	0.0001	0.0000	0.0000	0.0000	0.0000	0.0000	0.0000	0.0000	0.0000	0.0000	0.0447	0.0297	0.0150	0.0140	0.0123	0.0017	0.0307	0.0174	0.0133	18.7587	0.0000	110.8687	9.9487	0.0000	141.6031	33.3012	0.0000	68.3909	0.0086	0.0100	0.0056	0.0190	0.0207	0.0070	0.0038	0.0025	0.0055
34	49	0.0617	2	0	1	0	1	0	0	0	0	N	N	N	N	N	N	N	N	N	N	N	N	0.2020	0.0000	2.6621	0.1246	0.0000	13.5006	0.4290	0.0000	1.4851	0.5191	0.0001	2.0670	0.4203	0.0001	3.1722	0.6526	0.0001	1.5858	2.5701	3.5099	0.7764	3.3732	4.2195	0.2350	1.5211	2.0032	1.0679	7644.5973	0.1159	0.0003	-0.2362	0.0009	4.7960	2.4415	23.0471	0.0003	0.0000	0.0003	0.0002	0.0000	0.0002	0.0002	0.0000	0.0002	0.5661	0.5073	0.0588	0.4208	0.4146	0.0062	0.1453	0.0927	0.0526	0.0007	0.0005	0.0002	0.0004	0.0003	0.0001	0.0003	0.0002	0.0001	0.2203	0.1445	0.0757	0.1248	0.0983	0.0265	0.0955	0.0463	0.0492	0.2020	0.0000	2.6621	0.1246	0.0000	13.5006	0.4290	0.0000	1.4851	2.5701	3.5099	0.7764	3.3732	4.2195	0.2350	1.5211	2.0032	1.0679
34	50	0.0966	3	0	2	1	0	0	0	0	0	N	Y	N	N	N	N	N	N	N	N	N	N	0.0011	0.0010	0.0000	0.0013	0.0012	0.0056	0.0033	0.0000	0.0002	0.0003	0.0000	0.0003	0.0003	0.0000	0.0000	0.0001	0.0000	0.2096	0.2522	0.0000	0.2423	0.2745	0.0000	0.0084	0.0163	0.0001	0.0000	0.0000	-0.0000	-0.0047	0.0009	1.4428	2.4415	0.4686	0.0000	0.0000	0.0000	0.0000	0.0000	0.0000	0.0000	0.0000	0.0000	0.0090	0.0090	0.0000	0.0090	0.0090	0.0000	0.0001	0.0001	0.0000	0.0001	0.0001	0.0000	0.0001	0.0001	0.0000	0.0000	0.0000	0.0000	0.0430	0.0357	0.0073	0.0369	0.0326	0.0043	0.0060	0.0031	0.0029	0.0011	0.0010	0.0000	0.0013	0.0012	0.0000	0.0056	0.0033	0.0000	0.2096	0.2522	0.0000	0.2423	0.2745	0.0000	0.0084	0.0163	0.0001	
34	51	0.0617	2	0	2	0	0	0	0	0	0	N	Y	N	N	N	N	N	N	N	N	N	N	1.7336	1.4472	0.2053	1.8729	1.6719	7.8907	0.0013	0.0006	0.1080	0.2582	0.3275	0.0000	0.4611	0.5210	0.0001	0.0000	0.0000	0.0000	0.1489	0.2263	0.0002	0.2462	0.3116	0.0000	0.0211	0.0433	0.0003	0.0000	0.0005	-0.0000	-0.0117	0.0009	7.1845	2.4415	8.0722	0.0002	0.0002	0.0000	0.0002	0.0002	0.0000	0.0000	0.0000	0.0000	0.0225	0.0225	0.0000	0.0211	0.0211	0.0000	0.0014	0.0014	0.0000	0.0008	0.0006	0.0002	0.0004	0.0004	0.0001	0.0003	0.0002	0.0001	0.1512	0.0994	0.0518	0.0859	0.0678	0.0180	0.0653	0.0316	0.0337	1.7336	1.4472	0.2053	1.8729	1.6719	7.8907	0.0013	0.0006	0.1080	0.1489	0.2263	0.0002	0.2462	0.3116	0.0000	0.0211	0.0433	0.0003
34	52	0.0843	3	1	1	1	0	0	0	0	0	N	N	N	N	N	N	N	N	N	N	N	N	0.5608	1.1322	0.0000	1.9379	1.6452	0.0000	0.0226	0.1115	0.0000	0.0060	0.0064	0.0000	0.0089	0.0093	0.0000	0.0006	0.0007	0.0000	0.0107	0.0057	0.0214	0.0046	0.0056	0.0005	0.0254	0.0058	0.0395	0.0000	1.7471	-0.0000	0.0001	0.0009	0.9976	2.4415	4.7732	0.0000	0.0000	0.0000	0.0000	0.0000	0.0000	0.0000	0.0000	0.0000	0.0006	0.0002	0.0004	0.0002	0.0002	0.0000	0.0004	0.0000	0.0004	0.0001	0.0001	0.0000	0.0001	0.0001	0.0000	0.0000	0.0000	0.0000	0.0533	0.0364	0.0169	0.0377	0.0299	0.0078	0.0156	0.0065	0.0090	0.5608	1.1322	0.0000	1.9379	1.6452	0.0000	0.0226	0.1115	0.0000	0.0107	0.0057	0.0214	0.0046	0.0056	0.0005	0.0254	0.0058	0.0395
34	53	0.0617	2	1	1	0	0	0	0	0	0	N	N	N	N	N	N	N	N	N	N	N	N	38.9139	44.2615	0.1943	48.0436	44.8179	2.5621	0.1540	0.8601	0.1044	0.3170	0.4354	0.0009	0.5443	0.6338	0.0014	0.0006	0.0005	0.0007	0.0081	0.0098	0.0049	0.0113	0.0141	0.0005	0.0040	0.0006	0.0071	0.0008	0.2555	-0.0000	-0.0003	0.0009	3.2133	2.4415	6.0120	0.0002	0.0002	0.0000	0.0002	0.0002	0.0000	0.0000	0.0000	0.0000	0.0008	0.0006	0.0002	0.0006	0.0006	0.0000	0.0002	0.0000	0.0002	0.0006	0.0004	0.0002	0.0004	0.0003	0.0001	0.0003	0.0001	0.0001	0.0996	0.0657	0.0339	0.0565	0.0448	0.0117	0.0430	0.0208	0.0222	38.9139	44.2615	0.1943	48.0436	44.8179	2.5621	0.1540	0.8601	0.1044	0.0081	0.0098	0.0049	0.0113	0.0141	0.0005	0.0040	0.0006	0.0071
34	54	0.0617	2	1	2	0	0	0	0	0	0	N	Y	N	N	N	N	N	N	N	N	N	N	3.1684	0.0000	3.4457	8.5817	0.0000	11.4218	2.1604	2.0508	0.6507	0.0000	2.0679	0.5092	0.0000	3.2088	0.8584	0.0000	1.5790	0.2054	0.0006	0.6001	0.0593	0.0008	0.2809	0.3973	0.0000	0.7700	inf	542.4231	0.0003	0.0124	0.0009	1.7961	2.4415	11.9291	0.0003	0.0000	0.0003	0.0002	0.0000	0.0002	0.0002	0.0000	0.0002	0.0261	0.0000	0.0260	0.0043	0.0000	0.0042	0.0218	0.0000	0.0218	0.0005	0.0004	0.0002	0.0003	0.0003	0.0001	0.0002	0.0001	0.0001	0.1270	0.0836	0.0434	0.0721	0.0571	0.0151	0.0549	0.0266	0.0283	3.1684	0.0000	3.4457	8.5817	0.0000	11.4218	2.1604	0.0000	2.0508	0.2054	0.0006	0.6001	0.0593	0.0008	0.2809	0.3973	0.0000	0.7700	
34	55	0.0829	3	0	2	0	0	0	0	0	0	N	Y	N	N	N	N	N	N	N	N	N	N	7.0391	0.0000	18.4692	13.9237	0.0000	93.2594	4.6518	0.0000	9.3545	0.2398	0.0000	0.6939	0.2167	0.0000	1.0025	0.2795	0.0000	0.4922	0.0341	0.0324	0.0376	0.0156	0.0167	0.0107	0.0601	0.0674	0.0526	inf	0.5452	0.0000	-0.0005	0.0009	0.0041	2.4415	6.2745	0.0000	0.0000	0.0000	0.0000	0.0000	0.0000	0.0000	0.0000	0.0000	0.0033	0.0021	0.0011	0.0009	0.0008	0.0001	0.0024	0.0014	0.0010	0.0000	0.0000	0.0000	0.0000	0.0000	0.0000	0.0000	0.0000	0.0000	0.0956	0.0650	0.0306	0.0559	0.0449	0.0110	0.0397	0.0201	0.0196	7.0391	0.0000	18.4692	13.9237	0.0000	93.2594	4.6518	0.0000	9.3545	0.0341	0.0324	0.0376	0.0156	0.0167	0.0107	0.0601	0.0674	0.0526
34	56	0.1317	3	0	1	1	0	0	0	0	0	N	N	N	N	N	N	N	N	N	N	N	N	38.5664	29.2221	37.5141	33.2510	0.0000	0.0000	0.9005	0.9984	0.0000	2.7855	2.7862	0.0000	0.0000	0.0000	0.0000	0.0233	0.0342	0.0000	0.0743	0.0838	0.0000	0.0000	0.0000	0.0000	0.0000	0.0000	-0.0001	-0.0033	0.0009	18.9997	2.4415	4.0000	0.0005	0.0005	0.0000	0.0005	0.0005	0.0000	0.0000	0.0000	0.0000	0.0063	0.0063	0.0000	0.0063	0.0063	0.0000	0.0000	0.0000	0.0000	0.0006	0.0006	0.0001	0.0002	0.0002	0.0000	0.0004	0.0004	0.0001	0.2681	0.1832	0.0849	0.0843	0.0747	0.0096	0.1838	0.1085	0.0753	38.5664	29.2221	0.0000	37.5141	33.2510	0.0000	0.0000	0.0000	0.0000	0.0233	0.0342	0.0000	0.0743	0.0838	0.0000	0.0000	0.0000	0.0000			
34	57	0.0617	2	0	1	0	0	0	0	0	0	N	N	N	N	N	N	N	N	N	N	N	N	0.4580	0.0000	5.8522	0.1438	0.0000	12.6412	1.5140	0.0000	4.7164	1.1958	0.0000	3.8629	0.5022	0.0000	3.2059	2.2077	0.0000	4.1448	2.6111	3.6327	0.6601	3.4928	4.3653	0.2536	1.4582	2.0748	0.8788	65880.5746	0.0951	0.0006	-0.2414	0.0009	1.7961	2.4415	22.3138	0.0006	0.0000	0.0006	0.0002	0.0000	0.0002	0.0005	0.0000	0.0005	0.5559	0.5076	0.0483	0.4214	0.4149	0.0065	0.1345	0.0927	0.0418	0.0005	0.0004	0.0002	0.0003	0.0003	0.0001	0.0002	0.0001	0.0001	0.2129	0.1397	0.0732	0.1206	0.0950	0.0256	0.0923	0.0447	0.0476	0.4580	0.0000	5.8522	0.1438	0.0000	12.6412	1.5140	0.0000	4.7164	2.6111	3.6327	0.6601	3.4928	4.3653	0.2536	1.4582	2.0748	0.8788
34	58	0.0825	4	1	2	0	0	0	0	0	0	N	Y	N	N	N	N	N	N	N	N	N	N	1.0404	4.8362	0.0000	6.6350	5.5389	0.0000	0.0372	6.9018	0.0000	0.0091	0.0099	0.0000	0.0132	0.0138	0.0000	0.0009	0.0011	0.0000	0.0088	0.0020	0.0243	0.0020	0.0025	0.0000	0.0250	0.0002	0.0466	0.0000	5.1832	-0.0000	0.0002	0.0009	0.9359	2.4415	8.5945	0.0000	0.0000	0.0000	0.0000	0.0000	0.0000	0.0000	0.0000	0.0000	0.0008	0.0001	0.0006	0.0001	0.0001	0.0000	0.0006	0.0000	0.0006	0.0001	0.0001	0.0000	0.0001	0.0001	0.0000	0.0000	0.0000	0.0000	0.0859	0.0599	0.0260	0.0605	0.0481	0.0124	0.0254	0.0118	0.0136	1.0404	4.8362	0.0000	6.6350	5.5389	0.0000	0.0372	6.9018	0.0000	0.0088	0.0020	0.0243	0.0020	0.0025	0.0000	0.0250	0.0002	0.0466
34	59	0.0797	3	0	2	0	0	0	0	0	0	N	Y	N	N	N	N	N	N	N	N	N	N	5.9738	18.2663	5.8936	25.6352	20.0638	160.1794	2.0362	14.5642	3.3297	0.0788	0.0620	0.2221	0.0831	0.0734	0.2244	0.0702	0.0359	0.2206	0.0132	0.0034	0.0377	0.0032	0.0037	0.0014	0.0345	0.0025	0.0663	0.4203	4.4403	0.0000	0.0001	0.0009	0.1706	2.4415	1.8413	0.0000	0.0000	0.0000	0.0000	0.0000	0.0000	0.0000	0.0000	0.0000	0.0003	0.0001	0.0002	0.0001	0.0000	0.0000	0.0003	0.0000	0.0002	0.0000	0.0000	0.0000	0.0000	0.0000	0.0000	0.0000	0.0000	0.0000	0.0229	0.0164	0.0065	0.0156	0.0127	0.0029	0.0073	0.0036	0.0037	5.9738	18.2663	5.8936	25.6352	20.0638	160.1794	2.0362	14.5642	3.3297	0.0132	0.0034	0.0377	0.0032	0.0037	0.0014	0.0345	0.0025	0.0663
34	60	0.0617	2	0	2	0	0	0	0	0	0	N	Y	N	N	N	N	N	N	N	N	N	N	94.1321	89.4629	1.6867	105.8639	96.2025	10.5410	0.9984	4.3812	0.9487	0.2727	0.3507	0.0016	0.4825	0.5481	0.0023	0.0007	0.0004	0.0012	0.0029	0.0039	0.0009	0.0046	0.0057	0.0002	0.0007	0.0001	0.0013	0.0013	0.1217	-0.0000	-0.0001	0.0009	6.1830	2.4415	4.8458	0.0002	0.0002	0.0000	0.0002	0.0002	0.0000	0.0000	0.0000	0.0000	0.0003	0.0003	0.0000	0.0003	0.0003	0.0000	0.0000	0.0000	0.0000	0.0007	0.0006	0.0002	0.0004	0.0004	0.0001	0.0003	0.0002	0.0001	0.1158	0.0763	0.0395	0.0658	0.0521	0.0137	0.0500	0.0242	0.0258	94.1321	89.4629	1.6867	105.8639	96.2025	10.5410	0.9984	4.3812	0.9487	0.0029	0.0039	0.0009	0.0046	0.0057	0.0002	0.0007	0.0001	0.0013
34	61	0.4547	9	0	1	0	0	0	0	0	0	N	N	N	N	N	N	N	N	N	N	N	N	0.0017	0.0000	0.0260	0.0064	0.0000	1.9540	0.0006	0.0000	0.0084	0.0002	0.0000	0.0016	0.0003	0.0000	0.1003	0.0001	0.0000	0.0005	0.0969	0.1170	0.0597	0.0540	0.0547	0.0513	0.1323	0.1900	0.0630	inf	0.2746	0.0000	-0.0049	0.0009	1.0140	2.4415	12.0537	0.0000	0.0000	0.0000	0.0000	0.0000	0.0000	0.0000	0.0000	0.0000	0.0160	0.0126	0.0034	0.0040	0.0032	0.0009	0.0120	0.0094	0.0026	0.0000	0.0000	0.0000	0.0000	0.0000	0.0000	0.0000	0.0000	0.0000	0.1652	0.1074	0.0578	0.0745	0.0579	0.0166	0.0906	0.0494	0.0412	0.0017	0.0000	0.0260	0.0064	0.0000	1.9540	0.0006	0.0000	0.0084	0.0969	0.1170	0.0597	0.0540	0.0547	0.0513	0.1323	0.1900	0.0630
34	62	0.3788	6	0	1	0	0	0	0	0	0	N	N	N	N	N	N	N	N	N	N	N	N	1.4686	0.0000	12.2306	2.4563	0.0000	30.6247	0.6267	0.0000	4.2362	0.1502	0.0000	0.9069	0.2384	0.0000	1.7238	0.0687	0.0000	0.3598	0.1023	0.1151	0.0741	0.0971	0.1074	0.0563	0.1096	0.1314	0.0849	inf	0.2938	0.0001	-0.0181	0.0009	22.0948	2.4415	64.3951	0.0001	0.0000	0.0001	0.0001	0.0000	0.0001	0.0000	0.0000	0.0000	0.0614	0.0475	0.0139	0.0340	0.0301	0.0040	0.0274	0.0174	0.0100	0.0010	0.0008	0.0002	0.0005	0.0004	0.0001	0.0005	0.0004	0.0001	0.6004	0.4123	0.1881	0.3508	0.2799	0.0709	0.2496	0.1324	0.1172	1.4686	0.0000	12.2306	2.4563	0.0000	30.6247	0.6267	0.0000	4.2362	0.1023	0.1151	0.0741	0.0971	0.1074	0.0563	0.1096	0.1314	0.0849
34	63	0.1720	5	0	1	0	0	0	0	0	0	N	N	N	N	N	N	N	N	N	N	N	N	0.0611	0.0000	1.5228	0.0618	0.0000	21.8147	0.1410	0.0000	0.7208	0.0069	0.0000	0.0603	0.0122	0.0000	1.0039	0.0044	0.0000	0.0270	0.1126	0.1508	0.0396	0.1978	0.2300	0.0460	0.0310	0.0245	0.0374	inf	0.1372	0.0000	-0.0142	0.0009	3.0638	2.4415	18.8214	0.0000	0.0000	0.0000	0.0000	0.0000	0.0000	0.0000	0.0000	0.0000	0.0355	0.0312	0.0043	0.0305	0.0293	0.0012	0.0050	0.0020	0.0030	0.0001	0.0001	0.0000	0.0000	0.0000	0.0000	0.0001	0.0001	0.0000	0.3152	0.2071	0.1082	0.1542	0.1272	0.0270	0.1610	0.0799	0.0812	0.0611	0.0000	1.5228	0.0618	0.0000	21.8147	0.1410	0.0000	0.7208	0.1126	0.1508	0.0396	0.1978	0.2300	0.0460	0.0310	0.0245	0.0374
34	64	0.0829	3	1	2	1	0	0	0	0	0	N	Y	N	N	N	N	N	N	N	N	N	N	2.6332	0.0000	7.9954	8.3967	0.0000	122.7641	1.0584	0.0000	2.8283	0.0321	0.0000	0.2277	0.0508	0.0000	1.0121	0.0216	0.0000	0.1121	0.0122	0.0043	0.0285	0.0060	0.0055	0.0082	0.0204	0.0019	0.0396	inf	3.1881	0.0000	0.0004	0.0009	1.0029	2.4415	8.4685	0.0000	0.0000	0.0000	0.0000	0.0000	0.0000	0.0000	0.0000	0.0000	0.0015	0.0004	0.0011	0.0004	0.0003	0.0001	0.0011	0.0001	0.0010	0.0000	0.0000	0.0000	0.0000	0.0000	0.0000	0.0000	0.0000	0.0000	0.1238	0.0834	0.0403	0.0707	0.0563	0.0143	0.0531	0.0271	0.0260	2.6332	0.0000	7.9954	8.3967	0.0000	122.7641	1.0584	0.0000	2.8283	0.0122	0.0043	0.0285	0.0060	0.0055	0.0082	0.0204	0.0019	0.0396
34	65	0.0617	2	0	2	0	0	0	0	0	0	N	Y	N	N	N	N	N	N	N	N	N	N	1.8118	0.0068	4.2729	1.2268	0.0048	14.8783	2.9918	0.4983	2.5234	0.7165	0.0024	2.0610	0.5531	0.0024	3.2164	0.9655	0.0021	1.5699	0.3955	0.3507	0.4823	0.4509	0.5118	0.2162	0.3227	0.0043	0.6221	461.3930	0.7080	0.0003	-0.0039	0.0009	0.7961	2.4415	8.5878	0.0003	0.0000	0.0003	0.0002	0.0000	0.0002	0.0002	0.0000	0.0002	0.0364	0.0213	0.0151	0.0236	0.0213	0.0023	0.0129	0.0001	0.0128	0.0005	0.0003	0.0002	0.0003	0.0002	0.0000	0.0002	0.0001	0.0001	0.0921	0.0608	0.0313	0.0523	0.0415	0.0108	0.0398	0.0193	0.0205	1.8118	0.0068	4.2729	1.2268	0.0048	14.8783	2.9918	0.4983	2.5234	0.3955	0.3507	0.4823	0.4509	0.5118	0.2162	0.3227	0.0043	0.6221
34	66	0.4547	9	0	2	0	0	0	0	0	0	N	Y	N	N	N	N	N	N	N	N	N	N	0.0021	0.0000	0.5068	0.0064	0.0000	39.3004	0.0008	0.0000	0.1625	0.0002	0.0000	0.0016	0.0003	0.0000	0.1005	0.0001	0.0000	0.0005	0.0808	0.1228	0.0031	0.0543	0.0691	0.0026	0.1026	0.1855	0.0033	inf	0.0135	0.0000	-0.0069	0.0009	1.0110	2.4415	12.5479	0.0000	0.0000	0.0000	0.0000	0.0000	0.0000	0.0000	0.0000	0.0000	0.0137	0.0135	0.0002	0.0041	0.0041	0.0000	0.0095	0.0094	0.0001	0.0000	0.0000	0.0000	0.0000	0.0000	0.0000	0.0000	0.0000	0.0000	0.1689	0.1097	0.0592	0.0760	0.0590	0.0170	0.0929	0.0506	0.0423	0.0021	0.0000	0.5068	0.0064	0.0000	39.3004	0.0008	0.0000	0.1625	0.0808	0.1228	0.0031	0.0543	0.0691	0.0026	0.1026	0.1855	0.0033
34	67	0.4483	8	0	1	0	0	0	0	0	0	N	N	N	N	N	N	N	N	N	N	N	N	0.0009	0.0004	0.0312	0.0031	0.0016	4.9543	0.0002	0.0000	0.0080	0.0003	0.0002	0.0015	0.0009	0.0005	0.0967	0.0001	0.0000	0.0005	0.3579	0.4909	0.0466	0.2786	0.3497	0.0195	0.4653	0.7466	0.0657	0.9032	0.0405	0.0000	-0.0185	0.0009	0.9784	2.4415	1.5217	0.0000	0.0000	0.0000	0.0000	0.0000	0.0000	0.0000	0.0000	0.0000	0.0384	0.0369	0.0015	0.0172	0.0169	0.0003	0.0212	0.0200	0.0012	0.0000	0.0000	0.0000	0.0000	0.0000	0.0000	0.0000	0.0000	0.0000	0.1072	0.0751	0.0321	0.0617	0.0484	0.0133	0.0455	0.0267	0.0188	0.0009	0.0004	0.0312	0.0031	0.0016	4.9543	0.0002	0.0000	0.0080	0.3579	0.4909	0.0466	0.2786	0.3497	0.0195	0.4653	0.7466	0.0657
34	68	0.4181	7	0	1	0	0	0	0	0	0	N	N	N	N	N	N	N	N	N	N	N	N	0.0186	0.0005	0.7875	0.0338	0.0011	19.2589	0.0090	0.0000	0.1803	0.0046	0.0002	0.0399	0.0108	0.0004	0.7946	0.0016	0.0000	0.0098	0.2474	0.3460	0.0507	0.3212	0.3914	0.0413	0.1752	0.2798	0.0546	31.3644	0.0734	0.0000	-0.0185	0.0009	1.0531	2.4415	9.0748	0.0000	0.0000	0.0000	0.0000	0.0000	0.0000	0.0000	0.0000	0.0000	0.0408	0.0380	0.0028	0.0262	0.0255	0.0007	0.0146	0.0125	0.0021	0.0000	0.0000	0.0000	0.0000	0.0000	0.0000	0.0000	0.0000	0.0000	0.1649	0.1098	0.0551	0.0816	0.0652	0.0164	0.0834	0.0446	0.0387	0.0186	0.0005	0.7875	0.0338	0.0011	19.2589	0.0090	0.0000	0.1803	0.2474	0.3460	0.0507	0.3212	0.3914	0.0413	0.1752	0.2798	0.0546
34	69	0.0617	2	1	1	1	0	0	0	0	0	N	N	N	N	N	N	N	N	N	N	N	N	0.0000	0.0000	0.0000	0.0000	0.0000	0.0000	0.0000	0.0000	0.0000	0.0000	0.0000	0.0000	0.0000	0.3646	0.5494	0.0000	0.6437	0.8057	0.0000	0.0000	0.0000	0.0000	0.0000	0.0000	-0.0111	0.0009	0.0000	2.4415	4.9600	0.0000	0.0000	0.0000	0.0000	0.0000	0.0000	0.0000	0.0000	0.0000	0.0213	0.0213	0.0000	0.0213	0.0213	0.0000	0.0000	0.0000	0.0000	0.0000	0.0000	0.0000	0.0000	0.0000	0.0000	0.0000	0.0000	0.0000	0.0586	0.0389	0.0197	0.0332	0.0265	0.0067	0.0254	0.0124	0.0130	0.0000	0.0000	0.0000	0.0000	0.0000	0.0000	0.0000	0.0000	0.0000	0.3646	0.5494	0.0000	0.6437	0.8057	0.0000	0.0000	0.0000	0.0000						
34	71	0.1179	6	0	1	1	0	0	0	0	0	N	N	N	N	N	N	N	N	N	N	N	N	0.0000	0.0000	0.0000	0.0000	0.0000	0.0000	0.0000	0.0000	0.0000	0.0000	0.0000	0.0000	0.0000	0.0000	0.0000	0.0000	0.0000	0.0000	0.0000	0.0000	0.0001	0.0000	0.0000	0.0001	0.0001	0.0000	0.0001	9.6822	0.0000	0.0000	0.0009	1.0000	2.4415	0.0055	0.0000	0.0000	0.0000	0.0000	0.0000	0.0000	0.0000	0.0000	0.0000	0.0000	0.0000	0.0000	0.0000	0.0000	0.0000	0.0000	0.0000	0.0000	0.0000	0.0000	0.0000	0.0000	0.0000	0.0000	0.0000	0.0000	0.0000	0.0092	0.0059	0.0033	0.0048	0.0036	0.0012	0.0044	0.0023	0.0020	0.0000	0.0000	0.0000	0.0000	0.0000	0.0000	0.0000	0.0000	0.0000	0.0000	0.0000	0.0001	0.0000	0.0000	0.0001	0.0001	0.0000	0.0001	
34	72	0.1113	5	0	1	1	0	0	0	0	0	N	N	N	N	N	N	N	N	N	N	N	N	0.0000	0.0000	0.0000	0.0000	0.0000	0.0000	0.0000	0.0000	0.0000	0.0000	0.0000	0.0000	0.0000	0.0000	0.0000	0.0000	0.0000	0.0000	0.0019	0.0013	0.0031	0.0009	0.0010	0.0008	0.0030	0.0018	0.0045	1.2858	0.0000	0.0000	0.0009	0.0000	2.4415	1.0265	0.0000	0.0000	0.0000	0.0000	0.0000	0.0000	0.0000	0.0000	0.0000	0.0000	0.0000	0.0000	0.0000	0.0000	0.0000	0.0000	0.0000	0.0000	0.0000	0.0000	0.0000	0.0000	0.0000	0.0000	0.0000	0.0000	0.0000	0.0097	0.0063	0.0034	0.0051	0.0038	0.0013	0.0046	0.0024	0.0021	0.0000	0.0000	0.0000	0.0000	0.0000	0.0000	0.0000	0.0000	0.0000	0.0019	0.0013	0.0031	0.0009	0.0010	0.0008	0.0030	0.0018	0.0045	
34	73	0.1058	4	0	1	0	0	0	0	0	0	N	N	N	N	N	N	N	N	N	N	N	N	0.0692	0.2188	0.0000	0.2115	0.2878	0.0000	0.0000	0.0000	0.0000	0.0002	0.0003	0.0000	0.0003	0.0003	0.0000	0.0000	0.0000	0.0000	0.0025	0.0012	0.0070	0.0013	0.0012	0.0020	0.0044	0.0010	0.0089	0.0000	1.7983	-0.0000	0.0000	0.0009	0.0000	2.4415	1.0321	0.0000	0.0000	0.0000	0.0000	0.0000	0.0000	0.0000	0.0000	0.0000	0.0002	0.0001	0.0002	0.0001	0.0001	0.0000	0.0002	0.0000	0.0001	0.0000	0.0000	0.0000	0.0000	0.0000	0.0000	0.0000	0.0000	0.0000	0.1003	0.0774	0.0229	0.0615	0.0552	0.0063	0.0388	0.0221	0.0167	0.0692	0.2188	0.0000	0.2115	0.2878	0.0000	0.0000	0.0000	0.0000	0.0025	0.0012	0.0070	0.0013	0.0012	0.0020	0.0044	0.0010	0.0089
34	74	0.0830	3	0	1	0	0	0	0	0	0	N	N	N	N	N	N	N	N	N	N	N	N	2.0361	1.4913	2.7690	2.5997	1.5530	9.1542	1.2838	0.1556	1.6191	0.2802	0.1451	0.6170	0.3691	0.2281	1.0122	0.1712	0.0021	0.4079	0.1376	0.0973	0.2228	0.1420	0.1468	0.1106	0.1334	0.0133	0.2519	1.7062	1.0842	0.0000	-0.0000	0.0009	0.5629	2.4415	8.5245	0.0000	0.0000	0.0000	0.0000	0.0000	0.0000	0.0000	0.0000	0.0000	0.0253	0.0121	0.0132	0.0129	0.0115	0.0013	0.0124	0.0006	0.0118	0.0001	0.0001	0.0000	0.0000	0.0000	0.0000	0.0000	0.0000	0.0000	0.1840	0.1249	0.0591	0.0907	0.0785	0.0122	0.0933	0.0464	0.0469	2.0361	1.4913	2.7690	2.5997	1.5530	9.1542	1.2838	0.1556	1.6191	0.1376	0.0973	0.2228	0.1420	0.1468	0.1106	0.1334	0.0133	0.2519
34	75	0.1000	4	0	2	0	0	0	0	0	0	N	Y	N	N	N	N	N	N	N	N	N	N	0.0000	0.0000	0.0000	0.0000	0.0000	0.0000	0.0000	0.0000	0.0000	0.0000	0.0000	0.0000	0.0000	0.0000	0.0000	0.0000	0.0000	0.0000	0.0820	0.1106	0.0069	0.1598	0.1907	0.0015	0.0049	0.0022	0.0092	0.0237	0.0000	-0.0032	0.0009	1.9994	2.4415	4.0943	0.0000	0.0000	0.0000	0.0000	0.0000	0.0000	0.0000	0.0000	0.0000	0.0064	0.0062	0.0001	0.0062	0.0062	0.0000	0.0002	0.0001	0.0001	0.0000	0.0000	0.0000	0.0000	0.0000	0.0000	0.0000	0.0000	0.0000	0.0778	0.0563	0.0214	0.0387	0.0324	0.0063	0.0390	0.0239	0.0151	0.0000	0.0000	0.0000	0.0000	0.0000	0.0000	0.0000	0.0000	0.0000	0.0820	0.1106	0.0069	0.1598	0.1907	0.0015	0.0049	0.0022	0.0092	
34	76	0.0937	3	0	1	0	0	0	0	0	0	N	N	N	N	N	N	N	N	N	N	N	N	0.0000	0.0000	0.0000	0.0000	0.0000	0.0000	0.0000	0.0000	0.0000	0.0000	0.0000	0.0000	0.0000	0.0000	0.0000	0.0000	0.0000	0.0000	0.0864	0.0979	0.0565	0.1089	0.1260	0.0239	0.0618	0.0553	0.0715	0.2231	0.0000	-0.0014	0.0009	0.0011	2.4415	2.7207	0.0000	0.0000	0.0000	0.0000	0.0000	0.0000	0.0000	0.0000	0.0000	0.0040	0.0033	0.0007	0.0027	0.0026	0.0001	0.0014	0.0007	0.0006	0.0000	0.0000	0.0000	0.0000	0.0000	0.0000	0.0000	0.0000	0.0000	0.0468	0.0337	0.0130	0.0244	0.0203	0.0041	0.0224	0.0134	0.0089	0.0000	0.0000	0.0000	0.0000	0.0000	0.0000	0.0000	0.0000	0.0000	0.0864	0.0979	0.0565	0.1089	0.1260	0.0239	0.0618	0.0553	0.0715	
34	77	0.0617	2	0	1	0	0	0	0	0	0	N	N	N	N	N	N	N	N	N	N	N	N	0.0000	0.0000	0.0000	0.0000	0.0000	0.0000	0.0000	0.0000	0.0000	0.0000	0.0000	0.0000	0.0000	0.0000	0.0000	0.0000	0.0000	0.0000	5.0110	7.1458	0.8803	6.8160	8.5557	0.1717	2.6391	4.1136	1.2550	0.0637	0.0000	-0.2478	0.0009	0.0001	2.4415	10.0074	0.0000	0.0000	0.0000	0.0000	0.0000	0.0000	0.0000	0.0000	0.0000	0.5372	0.5051	0.0322	0.4150	0.4128	0.0022	0.1223	0.0923	0.0300	0.0004	0.0003	0.0002	0.0003	0.0002	0.0000	0.0002	0.0001	0.0001	0.1072	0.0707	0.0365	0.0609	0.0482	0.0126	0.0463	0.0224	0.0239	0.0000	0.0000	0.0000	0.0000	0.0000	0.0000	0.0000	0.0000	0.0000	5.0110	7.1458	0.8803	6.8160	8.5557	0.1717	2.6391	4.1136	1.2550	
34	78	0.0818	3	1	1	1	0	0	0	0	0	N	N	N	N	N	N	N	N	N	N	N	N	1051.5021	772.1573	1104.2377	905.3607	34.3474	16.8132	0.0356	0.0378	0.0000	0.0493	0.0514	0.0000	0.0002	0.0002	0.0000	0.0000	0.0000	0.0000	0.0000	0.0001	0.0000	0.0000	0.0000	0.0000	0.0000	0.0000	-0.0000	-0.0000	0.0009	1.6246	2.4415	0.0115	0.0000	0.0000	0.0000	0.0000	0.0000	0.0000	0.0000	0.0000	0.0000	0.0000	0.0000	0.0000	0.0000	0.0000	0.0000	0.0000	0.0000	0.0000	0.0002	0.0002	0.0000	0.0001	0.0001	0.0000	0.0000	0.0000	0.0000	0.0149	0.0103	0.0046	0.0108	0.0085	0.0023	0.0041	0.0018	0.0023	1051.5021	772.1573	0.0000	1104.2377	905.3607	0.0000	34.3474	16.8132	0.0000	0.0000	0.0000	0.0000	0.0000	0.0001	0.0000	0.0000	0.0000	0.0000			
34	79	0.0617	2	1	1	1	0	0	0	0	0	N	N	N	N	N	N	N	N	N	N	N	N	133.1263	109.9889	2.8353	136.2559	121.2443	6.6247	1.0733	0.0000	1.8956	0.2455	0.3076	0.0000	0.4419	0.4968	0.0000	0.0000	0.0000	0.0000	0.0018	0.0028	0.0000	0.0032	0.0041	0.0000	0.0000	0.0000	0.0000	0.0000	0.0015	-0.0000	-0.0001	0.0009	8.1927	2.4415	3.9952	0.0002	0.0002	0.0000	0.0002	0.0002	0.0000	0.0000	0.0000	0.0000	0.0002	0.0002	0.0000	0.0002	0.0002	0.0000	0.0000	0.0000	0.0000	0.0008	0.0007	0.0002	0.0005	0.0004	0.0001	0.0004	0.0003	0.0001	0.1259	0.0829	0.0430	0.0715	0.0566	0.0149	0.0544	0.0263	0.0281	133.1263	109.9889	2.8353	136.2559	121.2443	6.6247	1.0733	0.0000	1.8956	0.0018	0.0028	0.0000	0.0032	0.0041	0.0000	0.0000	0.0000	0.0000
34	80	0.0617	2	0	2	0	1	0	0	0	0	N	Y	N	N	N	N	N	N	N	N	N	N	3.3170	0.0000	3.3424	13.7887	0.0000	18.2375	2.1630	0.0000	1.8410	0.7170	0.0000	2.0669	0.5527	0.0000	3.2257	0.9675	0.0000	1.5744	0.2162	0.0063	0.6184	0.0401	0.0035	0.1769	0.4473	0.0123	0.8552	inf	50.9561	0.0003	0.0170	0.0009	0.7962	2.4415	19.0091	0.0003	0.0000	0.0003	0.0002	0.0000	0.0002	0.0002	0.0000	0.0002	0.0369	0.0007	0.0362	0.0039	0.0003	0.0036	0.0330	0.0004	0.0326	0.0005	0.0003	0.0002	0.0003	0.0002	0.0000	0.0002	0.0001	0.0001	0.1707	0.1122	0.0585	0.0969	0.0764	0.0204	0.0738	0.0357	0.0381	3.3170	0.0000	3.3424	13.7887	0.0000	18.2375	2.1630	0.0000	1.8410	0.2162	0.0063	0.6184	0.0401	0.0035	0.1769	0.4473	0.0123	0.8552
34	81	0.0617	2	0	2	0	0	0	0	0	0	N	Y	N	N	N	N	N	N	N	N	N	N	0.2665	0.0000	2.5718	0.1563	0.0000	12.7949	0.6103	0.0000	1.4307	0.7170	0.0000	2.0669	0.5527	0.0000	3.2257	0.9675	0.0000	1.5744	2.6902	3.6779	0.8037	3.5351	4.4189	0.2521	1.5852	2.1013	1.1004	inf	0.1144	0.0003	-0.2367	0.0009	0.7962	2.4415	25.3140	0.0003	0.0000	0.0003	0.0002	0.0000	0.0002	0.0002	0.0000	0.0002	0.5657	0.5076	0.0581	0.4212	0.4149	0.0064	0.1444	0.0927	0.0517	0.0005	0.0003	0.0002	0.0003	0.0002	0.0000	0.0002	0.0001	0.0001	0.2103	0.1380	0.0723	0.1192	0.0939	0.0253	0.0911	0.0441	0.0470	0.2665	0.0000	2.5718	0.1563	0.0000	12.7949	0.6103	0.0000	1.4307	2.6902	3.6779	0.8037	3.5351	4.4189	0.2521	1.5852	2.1013	1.1004
34	82	0.0617	2	0	2	0	0	0	0	0	0	N	Y	N	N	N	N	N	N	N	N	N	N	0.2521	0.0000	3.2216	0.1475	0.0000	17.7001	0.5941	0.0000	1.7746	0.6507	0.0000	2.0679	0.5092	0.0000	3.2088	0.8584	0.0000	1.5790	2.5816	3.5983	0.6419	3.4524	4.3353	0.1813	1.4448	2.0350	0.8898	inf	0.0935	0.0003	-0.2537	0.0009	1.7961	2.4415	27.0091	0.0003	0.0000	0.0003	0.0002	0.0000	0.0002	0.0002	0.0000	0.0002	0.5825	0.5327	0.0498	0.4411	0.4362	0.0049	0.1414	0.0965	0.0449	0.0005	0.0004	0.0002	0.0003	0.0003	0.0001	0.0002	0.0001	0.0001	0.2256	0.1480	0.0776	0.1278	0.1006	0.0272	0.0979	0.0474	0.0504	0.2521	0.0000	3.2216	0.1475	0.0000	17.7001	0.5941	0.0000	1.7746	2.5816	3.5983	0.6419	3.4524	4.3353	0.1813	1.4448	2.0350	0.8898
34	83	0.1720	5	0	1	0	0	0	0	0	0	N	N	N	N	N	N	N	N	N	N	N	N	0.0012	0.0000	0.0039	0.2085	0.0000	26.6425	0.0004	0.0000	0.0013	0.0023	0.0000	0.0217	0.0041	0.0000	1.0050	0.0015	0.0000	0.0095	1.9880	0.0279	5.6447	0.0198	0.0156	0.0377	3.6949	0.0449	7.5400	inf	108.2605	0.0000	0.3806	0.0009	10.0679	2.4415	33.8159	0.0000	0.0000	0.0000	0.0000	0.0000	0.0000	0.0000	0.0000	0.0000	0.8102	0.0074	0.8028	0.0037	0.0024	0.0014	0.8065	0.0050	0.8014	0.0003	0.0003	0.0000	0.0001	0.0001	0.0000	0.0002	0.0002	0.0000	0.4076	0.2653	0.1422	0.1893	0.1534	0.0359	0.2183	0.1120	0.1063	0.0012	0.0000	0.0039	0.2085	0.0000	26.6425	0.0004	0.0000	0.0013	1.9880	0.0279	5.6447	0.0198	0.0156	0.0377	3.6949	0.0449	7.5400
34	84	0.1444	4	0	1	0	0	0	0	0	0	N	N	N	N	N	N	N	N	N	N	N	N	0.4529	0.1359	1.0615	0.4943	0.2050	13.5489	0.4115	0.0000	0.7113	0.0947	0.0189	0.3743	0.0870	0.0399	1.0097	0.0996	0.0000	0.3119	0.2090	0.1391	0.3526	0.1760	0.1945	0.0745	0.2421	0.0453	0.4385	5.3645	1.2329	0.0000	0.0018	0.0009	0.9441	2.4415	14.0836	0.0000	0.0000	0.0000	0.0000	0.0000	0.0000	0.0000	0.0000	0.0000	0.0589	0.0264	0.0325	0.0248	0.0232	0.0016	0.0341	0.0032	0.0309	0.0001	0.0000	0.0000	0.0000	0.0000	0.0000	0.0000	0.0000	0.0000	0.2819	0.1896	0.0923	0.1411	0.1193	0.0218	0.1408	0.0703	0.0705	0.4529	0.1359	1.0615	0.4943	0.2050	13.5489	0.4115	0.0000	0.7113	0.2090	0.1391	0.3526	0.1760	0.1945	0.0745	0.2421	0.0453	0.4385
34	85	0.4266	7	0	1	0	0	0	0	0	0	N	N	N	N	N	N	N	N	N	N	N	N	4.3385	4.1002	0.0600	7.5043	7.6922	0.0584	0.9492	0.7468	0.0639	0.5155	0.6270	0.0026	0.8568	1.0260	0.0022	0.1194	0.1474	0.0030	0.1188	0.1529	0.0436	0.1142	0.1334	0.0380	0.1258	0.1973	0.0472	0.0009	0.1293	-0.0000	-0.0210	0.0009	15.0008	2.4415	28.2980	0.0005	0.0005	0.0000	0.0004	0.0004	0.0000	0.0001	0.0000	0.0000	0.0515	0.0456	0.0059	0.0296	0.0276	0.0020	0.0219	0.0180	0.0039	0.0009	0.0007	0.0002	0.0005	0.0004	0.0001	0.0004	0.0003	0.0001	0.4337	0.2984	0.1353	0.2595	0.2072	0.0523	0.1743	0.0912	0.0830	4.3385	4.1002	0.0600	7.5043	7.6922	0.0584	0.9492	0.7468	0.0639	0.1188	0.1529	0.0436	0.1142	0.1334	0.0380	0.1258	0.1973	0.0472
34	86	0.4266	7	0	1	0	0	0	0	0	0	N	N	N	N	N	N	N	N	N	N	N	N	3.2611	3.3228	0.0486	5.5585	6.0540	0.0429	0.0683	0.0542	0.0580	0.4140	0.5265	0.0026	0.6891	0.8599	0.0020	0.0090	0.0107	0.0034	0.1270	0.1584	0.0539	0.1240	0.1420	0.0466	0.1316	0.1978	0.0584	0.0014	0.1468	-0.0000	-0.0205	0.0009	10.8154	2.4415	27.4443	0.0003	0.0003	0.0000	0.0003	0.0003	0.0000	0.0000	0.0000	0.0000	0.0521	0.0454	0.0067	0.0309	0.0287	0.0022	0.0211	0.0167	0.0045	0.0008	0.0006	0.0002	0.0004	0.0004	0.0001	0.0003	0.0002	0.0001	0.4103	0.2867	0.1236	0.2496	0.2024	0.0473	0.1607	0.0843	0.0763	3.2611	3.3228	0.0486	5.5585	6.0540	0.0429	0.0683	0.0542	0.0580	0.1270	0.1584	0.0539	0.1240	0.1420	0.0466	0.1316	0.1978	0.0584
34	87	0.3788	6	0	1	0	0	0	0	0	0	N	N	N	N	N	N	N	N	N	N	N	N	2.6361	2.2464	4.0461	3.8927	3.2888	11.3644	0.6092	0.1319	1.6849	0.4704	0.4335	0.5776	0.6781	0.6478	0.7805	0.1128	0.0242	0.3156	0.1784	0.1930	0.1427	0.1742	0.1970	0.0687	0.1852	0.1833	0.1873	0.4583	0.3012	0.0001	-0.0288	0.0009	2.7608	2.4415	22.4044	0.0003	0.0002	0.0001	0.0002	0.0002	0.0001	0.0000	0.0000	0.0000	0.0996	0.0765	0.0231	0.0595	0.0553	0.0042	0.0401	0.0212	0.0189	0.0005	0.0004	0.0001	0.0003	0.0003	0.0001	0.0002	0.0001	0.0001	0.5582	0.3966	0.1615	0.3416	0.2809	0.0607	0.2165	0.1157	0.1008	2.6361	2.2464	4.0461	3.8927	3.2888	11.3644	0.6092	0.1319	1.6849	0.1784	0.1930	0.1427	0.1742	0.1970	0.0687	0.1852	0.1833	0.1873
34	88	0.2490	5	0	1	0	0	0	0	0	0	N	N	N	N	N	N	N	N	N	N	N	N	0.9206	0.7696	1.0075	2.3656	2.0677	4.8815	0.0252	0.0012	0.3089	0.4379	0.4742	0.1945	1.1578	1.1830	0.7838	0.0116	0.0008	0.0643	0.4756	0.6161	0.1930	0.4894	0.5721	0.1606	0.4604	0.6904	0.2081	0.0612	0.1557	-0.0000	-0.0967	0.0009	8.8820	2.4415	49.9570	0.0002	0.0001	0.0000	0.0001	0.0001	0.0000	0.0000	0.0000	0.0000	0.2502	0.2165	0.0337	0.1351	0.1262	0.0089	0.1151	0.0903	0.0248	0.0003	0.0003	0.0000	0.0001	0.0001	0.0000	0.0002	0.0002	0.0000	0.5260	0.3513	0.1746	0.2761	0.2206	0.0555	0.2499	0.1308	0.1192	0.9206	0.7696	1.0075	2.3656	2.0677	4.8815	0.0252	0.0012	0.3089	0.4756	0.6161	0.1930	0.4894	0.5721	0.1606	0.4604	0.6904	0.2081
34	89	0.0617	2	1	2	0	1	0	0	0	0	N	Y	N	N	N	N	N	N	N	N	N	N	5.4863	0.0000	5.4319	14.0176	0.0000	17.4944	3.8611	3.2430	0.7170	0.0000	2.0669	0.5527	0.0000	3.2257	0.9675	0.0000	1.5744	0.1307	0.0006	0.3805	0.0394	0.0008	0.1844	0.2506	0.0000	0.4855	inf	351.3190	0.0003	0.0097	0.0009	0.7962	2.4415	16.9291	0.0003	0.0000	0.0003	0.0002	0.0000	0.0002	0.0002	0.0000	0.0002	0.0204	0.0001	0.0204	0.0035	0.0001	0.0034	0.0169	0.0000	0.0169	0.0005	0.0003	0.0002	0.0003	0.0002	0.0000	0.0002	0.0001	0.0001	0.1564	0.1028	0.0536	0.0888	0.0701	0.0187	0.0676	0.0327	0.0349	5.4863	0.0000	5.4319	14.0176	0.0000	17.4944	3.8611	0.0000	3.2430	0.1307	0.0006	0.3805	0.0394	0.0008	0.1844	0.2506	0.0000	0.4855	
34	90	0.1337	7	0	2	0	1	0	0	0	0	N	Y	N	N	N	N	N	N	N	N	N	N	0.0000	0.0000	0.0000	0.0000	0.0000	0.0000	0.0000	0.0000	0.0000	0.0000	0.0000	0.0000	0.0000	0.0000	0.0000	0.0000	0.0000	0.0000	0.0000	0.0000	0.0009	0.0000	2.4415	0.0000	0.0000	0.0000	0.0000	0.0000	0.0000	0.0000	0.0000	0.0000	0.0000	0.0000	0.0000	0.0000	0.0000	0.0000	0.0000	0.0000	0.0000	0.0000	0.0000	0.0000	0.0000	0.0000	0.0000	0.0000	0.0000	0.0000	0.0000	0.0000	0.0000	0.0000	0.0000	0.0000	0.0000	0.0000	0.0000	0.0000	0.0000	0.0000	0.0000	0.0000	0.0000	0.0000	0.0000	0.0000	0.0000	0.0000	0.0000	0.0000	0.0000	0.0000	0.0000	0.0000	0.0000	0.0000											
34	91	0.1230	6	0	2	0	1	0	0	0	0	N	Y	N	N	N	N	N	N	N	N	N	N	0.0000	0.0000	0.0000	0.0000	0.0000	0.0000	0.0000	0.0000	0.0000	0.0000	0.0000	0.0000	0.0000	0.0000	0.0000	0.0000	0.0000	0.0000	0.0000	0.0000	0.0009	1.0000	2.4415	3.0000	0.0000	0.0000	0.0000	0.0000	0.0000	0.0000	0.0000	0.0000	0.0000	0.0000	0.0000	0.0000	0.0000	0.0000	0.0000	0.0000	0.0000	0.0000	0.0000	0.0000	0.0000	0.0000	0.0000	0.0000	0.0000	0.0000	0.0000	0.0346	0.0239	0.0107	0.0248	0.0195	0.0053	0.0097	0.0044	0.0053	0.0000	0.0000	0.0000	0.0000	0.0000	0.0000	0.0000	0.0000	0.0000	0.0000	0.0000	0.0000	0.0000	0.0000	0.0000	0.0000	0.0000	0.0000											
34	92	0.1164	4	0	2	0	0	0	0	0	0	N	Y	N	N	N	N	N	N	N	N	N	N	0.0000	0.0000	0.0000	0.0000	0.0000	0.0000	0.0000	0.0000	0.0000	0.0000	0.0000	0.0000	0.0000	0.0000	0.0000	0.0000	0.0000	0.0000	0.0000	0.0000	0.0009	0.0000	2.4415	0.0000	0.0000	0.0000	0.0000	0.0000	0.0000	0.0000	0.0000	0.0000	0.0000	0.0000	0.0000	0.0000	0.0000	0.0000	0.0000	0.0000	0.0000	0.0000	0.0000	0.0000	0.0000	0.0000	0.0000	0.0000	0.0000	0.0000	0.0000	0.0000	0.0000	0.0000	0.0000	0.0000	0.0000	0.0000	0.0000	0.0000	0.0000	0.0000	0.0000	0.0000	0.0000	0.0000	0.0000	0.0000	0.0000	0.0000	0.0000	0.0000	0.0000	0.0000	0.0000	0.0000	0.0000	0.0000											
34	93	0.1230	6	0	1	1	1	0	0	0	0	N	N	N	N	N	N	N	N	N	N	N	N	0.0000	0.0000	0.0000	0.0000	0.0000	0.0000	0.0000	0.0000	0.0000	0.0000	0.0000	0.0000	0.0000	0.0000	0.0000	0.0000	0.0000	0.0000	0.0000	0.0000	0.0009	0.0000	2.4415	0.0000	0.0000	0.0000	0.0000	0.0000	0.0000	0.0000	0.0000	0.0000	0.0000	0.0000	0.0000	0.0000	0.0000	0.0000	0.0000	0.0000	0.0000	0.0000	0.0000	0.0000	0.0000	0.0000	0.0000	0.0000	0.0000	0.0000	0.0000	0.0000	0.0000	0.0000	0.0000	0.0000	0.0000	0.0000	0.0000	0.0000	0.0000	0.0000	0.0000	0.0000	0.0000	0.0000	0.0000	0.0000	0.0000	0.0000	0.0000	0.0000	0.0000	0.0000	0.0000	0.0000	0.0000	0.0000											
34	94	0.1203	5	0	1	0	1	0	0	0	0	N	N	N	N	N	N	N	N	N	N	N	N	0.0000	0.0000	0.0000	0.0000	0.0000	0.0000	0.0000	0.0000	0.0000	0.0000	0.0000	0.0000	0.0000	0.0000	0.0000	0.0000	0.0000	0.0000	0.0000	0.0000	0.0000	0.0000	0.0000	0.0000	-0.0000	0.0009	1.0000	2.4415	0.0097	0.0000	0.0000	0.0000	0.0000	0.0000	0.0000	0.0000	0.0000	0.0000	0.0000	0.0000	0.0000	0.0000	0.0000	0.0000	0.0000	0.0000	0.0000	0.0000	0.0000	0.0000	0.0000	0.0000	0.0000	0.0000	0.0000	0.0000	0.0092	0.0063	0.0029	0.0066	0.0052	0.0014	0.0026	0.0011	0.0015	0.0000	0.0000	0.0000	0.0000	0.0000	0.0000	0.0000	0.0000	0.0000	0.0000	0.0000	0.0000	0.0000	0.0000	0.0000	0.0000	0.0000	0.0000						
34	95	0.1203	5	0	1	1	1	0	0	0	0	N	N	N	N	N	N	N	N	N	N	N	N	0.0000	0.0000	0.0000	0.0000	0.0000	0.0000	0.0000	0.0000	0.0000	0.0000	0.0000	0.0000	0.0000	0.0000	0.0000	0.0000	0.0000	0.0000	0.0000	0.0000	0.0000	0.0000	0.0000	0.0000	-0.0000	0.0009	2.0000	2.4415	3.0050	0.0000	0.0000	0.0000	0.0000	0.0000	0.0000	0.0000	0.0000	0.0000	0.0000	0.0000	0.0000	0.0000	0.0000	0.0000	0.0000	0.0000	0.0000	0.0001	0.0000	0.0000	0.0000	0.0000	0.0000	0.0000	0.0000	0.0000	0.0430	0.0297	0.0133	0.0308	0.0242	0.0066	0.0122	0.0055	0.0067	0.0000	0.0000	0.0000	0.0000	0.0000	0.0000	0.0000	0.0000	0.0000	0.0000	0.0000	0.0000	0.0000	0.0000	0.0000	0.0000	0.0000	0.0000						
34	96	0.1203	5	0	1	1	1	0	0	0	0	N	N	N	N	N	N	N	N	N	N	N	N	0.0000	0.0000	0.0000	0.0000	0.0000	0.0000	0.0000	0.0000	0.0000	0.0000	0.0000	0.0000	0.0000	0.0002	0.0000	0.0005	0.0000	0.0000	0.0000	0.0006	0.0000	0.0011	inf	0.0000	0.0000	0.0009	0.0000	2.4415	6.9903	0.0000	0.0000	0.0000	0.0000	0.0000	0.0000	0.0000	0.0000	0.0000	0.0000	0.0000	0.0000	0.0000	0.0000	0.0000	0.0000	0.0000	0.0000	0.0000	0.0000	0.0000	0.0000	0.0000	0.0000	0.0000	0.0000	0.0000	0.0587	0.0405	0.0181	0.0420	0.0330	0.0090	0.0167	0.0076	0.0091	0.0000	0.0000	0.0000	0.0000	0.0000	0.0000	0.0000	0.0000	0.0000	0.0002	0.0000	0.0005	0.0000	0.0000	0.0000	0.0006	0.0000	0.0011						
34	97	0.1147	4	0	1	0	1	0	0	0	0	N	N	N	N	N	N	N	N	N	N	N	N	0.0000	0.0000	0.0000	0.0000	0.0000	0.0000	0.0000	0.0000	0.0000	0.0000	0.0000	0.0000	0.0000	0.0000	0.0000	0.0000	0.0000	0.0000	0.0000	0.0000	0.0000	0.0000	0.0000	0.0000	0.0000	0.0000	9.7485	0.0000	0.0000	0.0009	0.9999	2.4415	1.0605	0.0000	0.0000	0.0000	0.0000	0.0000	0.0000	0.0000	0.0000	0.0000	0.0000	0.0000	0.0000	0.0000	0.0000	0.0000	0.0000	0.0000	0.0000	0.0001	0.0001	0.0000	0.0001	0.0001	0.0000	0.0000	0.0000	0.0000	0.0191	0.0132	0.0059	0.0134	0.0106	0.0028	0.0057	0.0026	0.0031	0.0000	0.0000	0.0000	0.0000	0.0000	0.0000	0.0000	0.0000	0.0000	0.0000	0.0000	0.0000	0.0000	0.0000	0.0000	0.0000	0.0000	0.0000		
34	98	0.1126	3	0	1	0	1	0	0	0	0	N	N	N	N	N	N	N	N	N	N	N	N	1231.9034	3164.1858	278.7354	1462.1907	2398.3245	312.4472	950.3707	23320.8690	262.0621	0.2542	0.2744	0.1341	0.2402	0.2541	0.1235	0.2853	0.3264	0.1452	0.0002	0.0001	0.0005	0.0002	0.0001	0.0004	0.0003	0.0000	0.0006	0.0824	2.4148	-0.0000	0.0000	0.0009	0.0012	2.4415	1.0414	0.0000	0.0000	0.0000	0.0000	0.0000	0.0000	0.0000	0.0000	0.0000	0.0000	0.0000	0.0000	0.0000	0.0000	0.0000	0.0000	0.0000	0.0000	0.0000	0.0000	0.0000	0.0000	0.0000	0.0000	0.0000	0.0000	0.0000	0.0103	0.0072	0.0031	0.0071	0.0057	0.0014	0.0032	0.0015	0.0017	1231.9034	3164.1858	278.7354	1462.1907	2398.3245	312.4472	950.3707	23320.8690	262.0621	0.0002	0.0001	0.0005	0.0002	0.0001	0.0004	0.0003	0.0000	0.0006
34	99	0.0617	2	1	2	0	0	0	0	0	0	N	Y	N	N	N	N	N	N	N	N	N	N	6.7544	20.0367	0.0000	29.7949	116.5686	0.0000	0.0000	0.0000	0.0000	0.3166	0.4351	0.0000	0.5441	0.6337	0.0000	0.0000	0.0000	0.0000	0.0469	0.0217	0.0954	0.0183	0.0054	0.0668	0.0845	0.0567	0.1106	0.0000	2.2788	-0.0000	0.0010	0.0009	3.2042	2.4415	9.0918	0.0002	0.0002	0.0000	0.0002	0.0002	0.0000	0.0000	0.0000	0.0000	0.0060	0.0018	0.0042	0.0013	0.0003	0.0010	0.0046	0.0015	0.0031	0.0006	0.0004	0.0002	0.0004	0.0003	0.0001	0.0003	0.0001	0.0001	0.1274	0.0839	0.0435	0.0723	0.0572	0.0151	0.0550	0.0266	0.0284	6.7544	20.0367	0.0000	29.7949	116.5686	0.0000	0.0000	0.0000	0.0000	0.0469	0.0217	0.0954	0.0183	0.0054	0.0668	0.0845	0.0567	0.1106
34	100	0.0617	2	0	2	0	0	0	0	0	0	N	Y	N	N	N	N	N	N	N	N	N	N	8.0367	0.0000	7.9369	10.0137	0.0000	12.3156	7.2237	6.0642	0.7170	0.0000	2.0669	0.5527	0.0000	3.2257	0.9675	0.0000	1.5744	0.0892	0.0007	0.2604	0.0552	0.0010	0.2619	0.1339	0.0000	0.2596	inf	205.9718	0.0003	0.0047	0.0009	0.7962	2.4415	10.9291	0.0003	0.0000	0.0003	0.0002	0.0000	0.0002	0.0002	0.0000	0.0002	0.0099	0.0000	0.0099	0.0035	0.0000	0.0034	0.0064	0.0000	0.0064	0.0005	0.0003	0.0002	0.0003	0.0002	0.0000	0.0002	0.0001	0.0001	0.1114	0.0734	0.0380	0.0632	0.0501	0.0131	0.0481	0.0233	0.0248	8.0367	0.0000	7.9369	10.0137	0.0000	12.3156	7.2237	0.0000	6.0642	0.0892	0.0007	0.2604	0.0552	0.0010	0.2619	0.1339	0.0000	0.2596	
34	101	0.1195	5	1	2	0	0	0	0	0	0	N	Y	N	N	N	N	N	N	N	N	N	N	0.0000	0.0000	0.0000	0.0000	0.0000	0.0000	0.0000	0.0000	0.0000	0.0000	0.0000	0.0000	0.0000	0.0000	0.0000	0.0000	0.0000	0.0000	0.0000	0.0000	0.0009	0.0000	2.4415	3.0000	0.0000	0.0000	0.0000	0.0000	0.0000	0.0000	0.0000	0.0000	0.0000	0.0000	0.0000	0.0000	0.0000	0.0000	0.0000	0.0000	0.0000	0.0000	0.0000	0.0000	0.0000	0.0000	0.0000	0.0000	0.0000	0.0000	0.0000	0.0259	0.0178	0.0082	0.0184	0.0144	0.0040	0.0075	0.0033	0.0042	0.0000	0.0000	0.0000	0.0000	0.0000	0.0000	0.0000	0.0000	0.0000	0.0000	0.0000	0.0000	0.0000	0.0000	0.0000	0.0000	0.0000	0.0000											
34	102	0.1164	4	1	2	0	0	0	0	0	0	N	Y	N	N	N	N	N	N	N	N	N	N	0.0000	0.0000	0.0000	0.0000	0.0000	0.0000	0.0000	0.0000	0.0000	0.0000	0.0000	0.0000	0.0000	0.0000	0.0000	0.0000	0.0000	0.0000	0.0000	0.0000	0.0009	0.0000	2.4415	1.0000	0.0000	0.0000	0.0000	0.0000	0.0000	0.0000	0.0000	0.0000	0.0000	0.0000	0.0000	0.0000	0.0000	0.0000	0.0000	0.0000	0.0000	0.0000	0.0000	0.0000	0.0000	0.0000	0.0000	0.0000	0.0000	0.0000	0.0000	0.0090	0.0062	0.0028	0.0064	0.0050	0.0014	0.0026	0.0011	0.0015	0.0000	0.0000	0.0000	0.0000	0.0000	0.0000	0.0000	0.0000	0.0000	0.0000	0.0000	0.0000	0.0000	0.0000	0.0000	0.0000	0.0000	0.0000											
34	103	0.1126	3	0	2	0	0	0	0	0	0	N	Y	N	N	N	N	N	N	N	N	N	N	723.1857	2886.7047	0.0000	1336.8163	3077.9862	0.0000	99.2011	2832.6793	0.0000	0.1301	0.1566	0.0000	0.1747	0.1998	0.0000	0.0287	0.0393	0.0000	0.0002	0.0001	0.0005	0.0001	0.0001	0.0004	0.0003	0.0000	0.0005	0.0000	3.7616	-0.0000	0.0000	0.0009	0.0006	2.4415	1.0534	0.0000	0.0000	0.0000	0.0000	0.0000	0.0000	0.0000	0.0000	0.0000	0.0000	0.0000	0.0000	0.0000	0.0000	0.0000	0.0000	0.0000	0.0000	0.0000	0.0000	0.0000	0.0000	0.0000	0.0000	0.0000	0.0000	0.0000	0.0104	0.0072	0.0031	0.0072	0.0057	0.0014	0.0032	0.0015	0.0017	723.1857	2886.7047	0.0000	1336.8163	3077.9862	0.0000	99.2011	2832.6793	0.0000	0.0002	0.0001	0.0005	0.0001	0.0001	0.0004	0.0003	0.0000	0.0005
34	104	0.0617	2	0	1	0	0	0	0	0	0	N	N	N	N	N	N	N	N	N	N	N	N	9.7640	147.8651	0.0006	34.7418	160.5997	0.0012	0.0006	2.5733	0.0004	0.2579	0.3271	0.0000	0.4607	0.5206	0.0001	0.0000	0.0000	0.0000	0.0264	0.0022	0.0728	0.0133	0.0032	0.0508	0.0437	0.0000	0.0847	0.0000	17.1657	-0.0000	0.0019	0.0009	7.2034	2.4415	9.9858	0.0002	0.0002	0.0000	0.0002	0.0002	0.0000	0.0000	0.0000	0.0000	0.0044	0.0002	0.0041	0.0013	0.0002	0.0010	0.0031	0.0000	0.0031	0.0008	0.0006	0.0002	0.0004	0.0004	0.0001	0.0003	0.0002	0.0001	0.1662	0.1092	0.0570	0.0943	0.0745	0.0199	0.0719	0.0348	0.0371	9.7640	147.8651	0.0006	34.7418	160.5997	0.0012	0.0006	2.5733	0.0004	0.0264	0.0022	0.0728	0.0133	0.0032	0.0508	0.0437	0.0000	0.0847
34	109	0.3313	6	0	1	0	0	0	0	0	0	N	N	N	N	N	N	N	N	N	N	N	N	0.0054	0.0000	0.0175	0.1812	0.0000	43.4640	0.0010	0.0000	0.0033	0.0093	0.0000	0.0838	0.0208	0.0000	0.9638	0.0035	0.0000	0.0222	1.7133	0.1280	4.7761	0.1148	0.1365	0.0222	3.4514	0.1128	6.7177	inf	19.3172	0.0000	0.3439	0.0009	7.7801	2.4415	32.2209	0.0000	0.0000	0.0000	0.0000	0.0000	0.0000	0.0000	0.0000	0.0000	0.8004	0.0394	0.7610	0.0279	0.0269	0.0010	0.7724	0.0125	0.7599	0.0003	0.0002	0.0000	0.0001	0.0001	0.0000	0.0002	0.0002	0.0000	0.4671	0.3078	0.1593	0.2433	0.1971	0.0462	0.2238	0.1107	0.1131	0.0054	0.0000	0.0175	0.1812	0.0000	43.4640	0.0010	0.0000	0.0033	1.7133	0.1280	4.7761	0.1148	0.1365	0.0222	3.4514	0.1128	6.7177
35	36	0.1293	2	1	1	1	0	0	0	0	0	N	N	N	N	N	N	N	N	N	N	N	N	0.0000	0.0000	0.0000	0.0000	0.0000	0.0000	0.0000	0.0000	0.0000	0.0000	0.0000	0.0000	0.0000	0.0057	0.0000	0.0149	0.0000	0.0000	0.0000	0.0097	0.0000	0.0170	inf	0.0000	0.0003	0.0000	0.0123	5.9600	6.2120	0.0000	0.0000	0.0000	0.0000	0.0000	0.0000	0.0000	0.0000	0.0000	0.0006	0.0000	0.0006	0.0000	0.0000	0.0000	0.0006	0.0000	0.0006	0.0000	0.0000	0.0000	0.0000	0.0000	0.0000	0.0000	0.0000	0.0000	0.1084	0.0667	0.0417	0.0443	0.0391	0.0052	0.0642	0.0277	0.0365	0.0000	0.0000	0.0000	0.0000	0.0000	0.0000	0.0000	0.0000	0.0000	0.0057	0.0000	0.0149	0.0000	0.0000	0.0000	0.0097	0.0000	0.0170						
35	40	0.0943	2	1	0	2	0	0	0	0	0	N	N	Y	N	N	N	N	N	N	N	N	N	0.0000	0.0000	0.0000	0.0000	0.0000	0.0000	0.0000	0.0000	0.0000	0.0000	0.0000	0.0000	0.0000	0.0000	0.0000	0.0000	0.0000	0.0372	0.0005	0.1114	0.0011	0.0008	0.0028	0.0754	0.0000	0.1560	115.2059	0.0000	0.0026	0.0000	0.0009	5.9600	7.7842	0.0000	0.0000	0.0000	0.0000	0.0000	0.0000	0.0000	0.0000	0.0000	0.0056	0.0000	0.0055	0.0001	0.0000	0.0000	0.0055	0.0000	0.0055	0.0000	0.0000	0.0000	0.0000	0.0000	0.0000	0.0000	0.0000	0.0000	0.1498	0.1001	0.0496	0.0769	0.0625	0.0145	0.0728	0.0377	0.0352	0.0000	0.0000	0.0000	0.0000	0.0000	0.0000	0.0000	0.0000	0.0000	0.0372	0.0005	0.1114	0.0011	0.0008	0.0028	0.0754	0.0000	0.1560		
35	42	0.1088	2	1	1	1	0	0	0	0	0	N	N	N	N	N	N	N	N	N	N	N	N	0.0000	0.0000	0.0000	0.0000	0.0000	0.0000	0.0000	0.0000	0.0000	0.0000	0.0000	0.0000	0.0000	0.0000	0.0000	0.0000	0.0000	0.0000	0.0000	0.0000	0.0000	0.0003	5.9600	0.0002	0.0000	0.0000	0.0000	0.0000	0.0000	0.0000	0.0000	0.0000	0.0000	0.0000	0.0000	0.0000	0.0000	0.0000	0.0000	0.0000	0.0000	0.0000	0.0000	0.0000	0.0000	0.0000	0.0000	0.0000	0.0000	0.0000	0.0000	0.0001	0.0000	0.0000	0.0000	0.0000	0.0000	0.0000	0.0000	0.0000	0.0000	0.0000	0.0000	0.0000	0.0000	0.0000	0.0000	0.0000	0.0000	0.0000	0.0000	0.0000	0.0000	0.0000	0.0000	0.0000	0.0000	0.0000											
35	43	0.0648	2	2	1	2	0	0	0	0	0	Y	N	Y	N	N	N	N	N	N	N	N	N	0.0000	0.0000	0.0000	0.0000	0.0000	0.0000	0.0000	0.0000	0.0000	0.0000	0.0000	0.0000	0.0000	0.0000	0.0000	0.0000	0.0000	0.0000	0.0000	0.0000	0.0000	0.0000	5.9600	2.0000	0.0000	0.0000	0.0000	0.0000	0.0000	0.0000	0.0000	0.0000	0.0000	0.0000	0.0000	0.0000	0.0000	0.0000	0.0000	0.0000	0.0000	0.0000	0.0000	0.0000	0.0000	0.0000	0.0000	0.0000	0.0000	0.0000	0.0000	0.0354	0.0211	0.0143	0.0077	0.0061	0.0016	0.0277	0.0150	0.0126	0.0000	0.0000	0.0000	0.0000	0.0000	0.0000	0.0000	0.0000	0.0000	0.0000	0.0000	0.0000	0.0000	0.0000	0.0000	0.0000	0.0000	0.0000											
35	44	0.0648	2	2	1	2	0	0	0	0	0	Y	N	Y	N	N	N	N	N	N	N	N	N	0.0000	0.0000	0.0000	0.0000	0.0000	0.0000	0.0000	0.0000	0.0000	0.0000	0.0000	0.0000	0.0000	0.0000	0.0000	0.0000	0.0000	0.0000	0.0000	0.0000	0.0000	0.0000	5.9600	0.0000	0.0000	0.0000	0.0000	0.0000	0.0000	0.0000	0.0000	0.0000	0.0000	0.0000	0.0000	0.0000	0.0000	0.0000	0.0000	0.0000	0.0000	0.0000	0.0000	0.0000	0.0000	0.0000	0.0000	0.0000	0.0000	0.0000	0.0000	0.0000	0.0000	0.0000	0.0000	0.0000	0.0000	0.0000	0.0000	0.0000	0.0000	0.0000	0.0000	0.0000	0.0000	0.0000	0.0000	0.0000	0.0000	0.0000	0.0000	0.0000	0.0000	0.0000	0.0000	0.0000	0.0000	0.0000											
35	48	0.1173	2	1	0	1	1	0	0	0	0	N	N	N	N	N	N	N	N	N	N	N	N	0.0000	0.0000	0.0000	0.0000	0.0000	0.0000	0.0000	0.0000	0.0000	0.0000	0.0000	0.0000	0.0000	0.0000	0.0000	0.0000	0.0000	0.0243	0.0003	0.0752	0.0007	0.0004	0.0022	0.0472	0.0000	0.0994	140.6221	0.0000	0.0006	0.0000	0.0037	5.9600	3.0208	0.0000	0.0000	0.0000	0.0000	0.0000	0.0000	0.0000	0.0000	0.0000	0.0014	0.0000	0.0014	0.0000	0.0000	0.0000	0.0013	0.0000	0.0013	0.0000	0.0000	0.0000	0.0000	0.0000	0.0000	0.0000	0.0000	0.0000	0.0559	0.0379	0.0179	0.0275	0.0230	0.0045	0.0284	0.0149	0.0135	0.0000	0.0000	0.0000	0.0000	0.0000	0.0000	0.0000	0.0000	0.0000	0.0243	0.0003	0.0752	0.0007	0.0004	0.0022	0.0472	0.0000	0.0994		
35	50	0.0737	2	1	1	2	0	0	0	0	0	N	N	Y	N	N	N	N	N	N	N	N	N	0.0000	0.0000	0.0000	0.0000	0.0000	0.0000	0.0000	0.0000	0.0000	0.0000	0.0000	0.0000	0.0000	0.0006	0.0011	0.0000	0.0021	0.0024	0.0000	0.0000	0.0000	0.0000	0.0000	0.0000	-0.0000	0.0000	1.4428	5.9600	0.4686	0.0000	0.0000	0.0000	0.0000	0.0000	0.0000	0.0000	0.0000	0.0000	0.0000	0.0000	0.0000	0.0000	0.0000	0.0000	0.0000	0.0000	0.0000	0.0000	0.0000	0.0000	0.0000	0.0000	0.0000	0.0000	0.0000	0.0000	0.0449	0.0260	0.0189	0.0140	0.0118	0.0023	0.0309	0.0142	0.0167	0.0000	0.0000	0.0000	0.0000	0.0000	0.0000	0.0000	0.0000	0.0000	0.0006	0.0011	0.0000	0.0021	0.0024	0.0000	0.0000	0.0000	0.0000						
35	52	0.0614	2	2	0	2	0	0	0	0	0	Y	N	Y	N	N	N	N	N	N	N	N	N	0.0000	0.0000	0.0000	0.0000	0.0000	0.0000	0.0000	0.0000	0.0000	0.0000	0.0000	0.0000	0.0000	0.0000	0.0000	0.0000	0.0000	0.5079	0.0005	1.0443	0.0201	0.0023	0.7466	0.5770	0.0000	1.0464	1831.2031	0.0000	0.0263	0.0000	0.9976	5.9600	4.7732	0.0000	0.0000	0.0000	0.0000	0.0000	0.0000	0.0000	0.0000	0.0000	0.0550	0.0000	0.0549	0.0003	0.0000	0.0002	0.0547	0.0000	0.0547	0.0000	0.0000	0.0000	0.0000	0.0000	0.0000	0.0000	0.0000	0.0000	0.1082	0.0556	0.0526	0.0134	0.0131	0.0003	0.0948	0.0425	0.0523	0.0000	0.0000	0.0000	0.0000	0.0000	0.0000	0.0000	0.0000	0.0000	0.5079	0.0005	1.0443	0.0201	0.0023	0.7249	0.5770	0.0000	1.0464		
35	55	0.0600	2	1	1	1	0	0	0	0	0	N	N	N	N	N	N	N	N	N	N	N	N	0.0000	0.0000	0.0000	0.0000	0.0000	0.0000	0.0000	0.0000	0.0000	0.0000	0.0000	0.0000	0.0000	0.0000	0.0000	0.0000	0.0000	0.1784	0.0002	0.5021	0.0022	0.0003	0.0120	0.3145	0.0000	0.6244	1702.5955	0.0000	0.0163	0.0000	0.0041	5.9600	6.2745	0.0000	0.0000	0.0000	0.0000	0.0000	0.0000	0.0000	0.0000	0.0000	0.0341	0.0000	0.0341	0.0002	0.0000	0.0002	0.0339	0.0000	0.0339	0.0000	0.0000	0.0000	0.0000	0.0000	0.0000	0.0000	0.0000	0.0000	0.1910	0.1232	0.0678	0.0833	0.0697	0.0135	0.1077	0.0535	0.0543	0.0000	0.0000	0.0000	0.0000	0.0000	0.0000	0.0000	0.0000	0.0000	0.1784	0.0002	0.5021	0.0022	0.0003	0.0120	0.3145	0.0000	0.6244		
35	56	0.1088	2	1	0	2	0	0	0	0	0	N	N	Y	N	N	N	N	N	N	N	N	N	0.0000	0.0000	0.0000	0.0000	0.0000	0.0000	0.0000	0.0000	0.0000	0.0000	0.0000	0.0000	0.0000	0.0000	0.0000	0.0000	0.0000	0.0000	0.0000	0.0000	0.0000	18.9997	5.9600	4.0000	0.0000	0.0000	0.0000	0.0000	0.0000	0.0000	0.0000	0.0000	0.0000	0.0000	0.0000	0.0000	0.0000	0.0000	0.0000	0.0000	0.0000	0.0000	0.0000	0.0000	0.0000	0.0000	0.0000	0.0000	0.0000	0.0000	0.0000	0.3268	0.2174	0.1094	0.1520	0.1245	0.0275	0.1748	0.0929	0.0819	0.0000	0.0000	0.0000	0.0000	0.0000	0.0000	0.0000	0.0000	0.0000	0.0000	0.0000	0.0000	0.0000	0.0000	0.0000	0.0000	0.0000	0.0000											
35	58	0.0596	3	2	1	1	0	0	0	0	0	Y	N	N	N	N	N	N	N	N	N	N	N	0.0000	0.0000	0.0000	0.0000	0.0000	0.0000	0.0000	0.0000	0.0000	0.0000	0.0000	0.0000	0.0000	0.0053	0.0000	0.0114	0.0000	0.0000	0.0000	0.0059	0.0000	0.0115	inf	0.0000	0.0004	0.0000	0.9359	5.9600	8.5945	0.0000	0.0000	0.0000	0.0000	0.0000	0.0000	0.0000	0.0000	0.0000	0.0009	0.0000	0.0009	0.0000	0.0000	0.0000	0.0009	0.0000	0.0009	0.0000	0.0000	0.0000	0.0000	0.0000	0.0000	0.0000	0.0000	0.0000	0.1626	0.0876	0.0751	0.0178	0.0170	0.0008	0.1448	0.0706	0.0742	0.0000	0.0000	0.0000	0.0000	0.0000	0.0000	0.0000	0.0000	0.0000	0.0053	0.0000	0.0114	0.0000	0.0000	0.0000	0.0059	0.0000	0.0115						
35	59	0.0568	2	1	1	1	0	0	0	0	0	N	N	N	N	N	N	N	N	N	N	N	N	0.0000	0.0000	0.0000	0.0000	0.0000	0.0000	0.0000	0.0000	0.0000	0.0000	0.0000	0.0000	0.0000	0.0000	0.0000	0.0000	0.0000	0.1799	0.0301	0.3933	0.0965	0.0953	0.1485	0.1994	0.0000	0.3957	9.1556	0.0000	0.0033	0.0000	0.1706	5.9600	1.8413	0.0000	0.0000	0.0000	0.0000	0.0000	0.0000	0.0000	0.0000	0.0000	0.0086	0.0008	0.0078	0.0009	0.0008	0.0000	0.0077	0.0000	0.0077	0.0000	0.0000	0.0000	0.0000	0.0000	0.0000	0.0000	0.0000	0.0000	0.0478	0.0281	0.0197	0.0091	0.0089	0.0002	0.0388	0.0192	0.0195	0.0000	0.0000	0.0000	0.0000	0.0000	0.0000	0.0000	0.0000	0.0000	0.1799	0.0301	0.3933	0.0965	0.0953	0.1485	0.1994	0.0000	0.3957		
35	61	0.4318	8	1	0	1	0	0	0	0	0	N	N	N	N	N	N	N	N	N	N	N	N	0.0000	0.0000	0.0000	0.0000	0.0000	0.0000	0.0000	0.0000	0.0000	0.0000	0.0000	0.0000	0.0000	0.6668	1.0066	0.0000	1.6356	1.9049	0.0000	0.0000	0.0000	0.0000	0.0000	0.0000	-0.0830	0.0000	1.0140	5.9600	12.0537	0.0000	0.0000	0.0000	0.0000	0.0000	0.0000	0.0000	0.0000	0.0000	0.1593	0.1593	0.0000	0.1593	0.1593	0.0000	0.0000	0.0000	0.0000	0.0000	0.0000	0.0000	0.0000	0.0000	0.0000	0.0000	0.0000	0.0000	0.2389	0.1583	0.0807	0.0974	0.0836	0.0138	0.1415	0.0746	0.0669	0.0000	0.0000	0.0000	0.0000	0.0000	0.0000	0.0000	0.0000	0.0000	0.6668	1.0066	0.0000	1.6356	1.9049	0.0000	0.0000	0.0000	0.0000						
35	62	0.3559	5	1	0	1	0	0	0	0	0	N	N	N	N	N	N	N	N	N	N	N	N	0.0000	0.0000	0.0000	0.0000	0.0000	0.0000	0.0000	0.0000	0.0000	0.0000	0.0000	0.0000	0.0000	0.0000	0.0000	0.0000	0.0000	0.0000	3.5351	3.2064	4.2505	0.0923	0.0702	0.2235	6.9153	8.2937	5.4346	0.6090	0.0000	-0.4474	0.0000	22.0948	5.9600	64.3951	0.0000	0.0000	0.0000	0.0000	0.0000	0.0000	0.0000	0.0000	0.0000	3.1383	1.9504	1.1879	0.0406	0.0264	0.0142	3.0977	1.9240	1.1737	0.0000	0.0000	0.0000	0.0000	0.0000	0.0000	0.0000	0.0000	0.0000	0.8877	0.6083	0.2795	0.4398	0.3763	0.0635	0.4480	0.2320	0.2160	0.0000	0.0000	0.0000	0.0000	0.0000	0.0000	0.0000	0.0000	0.0000	3.5351	3.2064	4.2505	0.0923	0.0702	0.2235	6.9153	8.2937	5.4346	
35	63	0.1491	4	1	0	1	0	0	0	0	0	N	N	N	N	N	N	N	N	N	N	N	N	0.0000	0.0000	0.0000	0.0000	0.0000	0.0000	0.0000	0.0000	0.0000	0.0000	0.0000	0.0000	0.0000	0.0000	0.0000	0.0000	0.0000	0.0000	2.0313	2.9473	0.2306	0.0079	0.0050	0.0280	3.5773	6.8478	0.2704	0.0398	0.0000	-0.4944	0.0000	3.0638	5.9600	18.8214	0.0000	0.0000	0.0000	0.0000	0.0000	0.0000	0.0000	0.0000	0.0000	1.0240	0.9848	0.0392	0.0017	0.0009	0.0008	1.0223	0.9839	0.0384	0.0000	0.0000	0.0000	0.0000	0.0000	0.0000	0.0000	0.0000	0.0000	0.5041	0.3341	0.1700	0.2183	0.1905	0.0279	0.2858	0.1437	0.1421	0.0000	0.0000	0.0000	0.0000	0.0000	0.0000	0.0000	0.0000	0.0000	2.0313	2.9473	0.2306	0.0079	0.0050	0.0280	3.5773	6.8478	0.2704	
35	64	0.0600	2	2	1	2	0	0	0	0	0	Y	N	Y	N	N	N	N	N	N	N	N	N	0.0000	0.0000	0.0000	0.0000	0.0000	0.0000	0.0000	0.0000	0.0000	0.0000	0.0000	0.0000	0.0000	0.0000	0.0000	0.0000	0.0000	0.1463	0.0001	0.4002	0.0020	0.0003	0.0106	0.2388	0.0000	0.4864	1702.5955	0.0000	0.0163	0.0000	1.0029	5.9600	8.4685	0.0000	0.0000	0.0000	0.0000	0.0000	0.0000	0.0000	0.0000	0.0000	0.0341	0.0000	0.0341	0.0002	0.0000	0.0002	0.0339	0.0000	0.0339	0.0000	0.0000	0.0000	0.0000	0.0000	0.0000	0.0000	0.0000	0.0000	0.2329	0.1478	0.0851	0.0910	0.0756	0.0154	0.1419	0.0722	0.0697	0.0000	0.0000	0.0000	0.0000	0.0000	0.0000	0.0000	0.0000	0.0000	0.1463	0.0001	0.4002	0.0020	0.0003	0.0106	0.2388	0.0000	0.4864		
35	66	0.4318	8	1	1	1	0	0	0	0	0	N	N	N	N	N	N	N	N	N	N	N	N	0.0000	0.0000	0.0000	0.0000	0.0000	0.0000	0.0000	0.0000	0.0000	0.0000	0.0000	0.0000	0.0000	0.0000	0.0000	0.0000	0.0000	4.6952	0.9527	12.0202	1.5510	1.8079	0.0014	6.8498	0.0000	14.5003	6.4460	0.0000	0.3961	0.0000	1.0110	5.9600	12.5479	0.0000	0.0000	0.0000	0.0000	0.0000	0.0000	0.0000	0.0000	0.0000	1.1494	0.1544	0.9951	0.1544	0.1544	0.0000	0.9950	0.0000	0.9950	0.0000	0.0000	0.0000	0.0000	0.0000	0.0000	0.0000	0.0000	0.0000	0.2448	0.1620	0.0828	0.0995	0.0854	0.0142	0.1453	0.0766	0.0686	0.0000	0.0000	0.0000	0.0000	0.0000	0.0000	0.0000	0.0000	0.0000	4.6952	0.9527	12.0202	1.5510	1.8079	0.0014	6.8498	0.0000	14.5003		
35	67	0.4254	7	1	0	1	0	0	0	0	0	N	N	N	N	N	N	N	N	N	N	N	N	0.0000	0.0000	0.0000	0.0000	0.0000	0.0000	0.0000	0.0000	0.0000	0.0000	0.0000	0.0000	0.0000	0.0000	0.0000	0.0000	0.0000	0.0000	4.7564	5.9356	2.0726	8.6709	9.3694	0.0106	1.2073	0.0037	2.3439	0.1534	0.0000	-0.2124	0.0000	0.9784	5.9600	1.5217	0.0000	0.0000	0.0000	0.0000	0.0000	0.0000	0.0000	0.0000	0.0000	0.5474	0.4746	0.0728	0.4745	0.4745	0.0000	0.0729	0.0001	0.0728	0.0000	0.0000	0.0000	0.0000	0.0000	0.0000	0.0000	0.0000	0.0000	0.1151	0.0800	0.0351	0.0547	0.0506	0.0041	0.0604	0.0293	0.0310	0.0000	0.0000	0.0000	0.0000	0.0000	0.0000	0.0000	0.0000	0.0000	4.7564	5.9356	2.0726	8.6709	9.3694	0.0106	1.2073	0.0037	2.3439	
35	68	0.3952	6	1	0	1	0	0	0	0	0	N	N	N	N	N	N	N	N	N	N	N	N	0.0000	0.0000	0.0000	0.0000	0.0000	0.0000	0.0000	0.0000	0.0000	0.0000	0.0000	0.0000	0.0000	0.0000	0.0000	0.0000	0.0000	0.0000	1.9411	2.1668	1.4725	3.0457	3.6067	0.0300	0.9181	0.0009	1.9082	0.3273	0.0000	-0.1280	0.0000	1.0531	5.9600	9.0748	0.0000	0.0000	0.0000	0.0000	0.0000	0.0000	0.0000	0.0000	0.0000	0.4662	0.3512	0.1150	0.3517	0.3512	0.0005	0.1145	0.0001	0.1144	0.0000	0.0000	0.0000	0.0000	0.0000	0.0000	0.0000	0.0000	0.0000	0.2402	0.1621	0.0781	0.1155	0.0974	0.0181	0.1247	0.0647	0.0600	0.0000	0.0000	0.0000	0.0000	0.0000	0.0000	0.0000	0.0000	0.0000	1.9411	2.1668	1.4725	3.0457	3.6067	0.0300	0.9181	0.0009	1.9082	
35	71	0.0950	5	1	0	2	0	0	0	0	0	N	N	Y	N	N	N	N	N	N	N	N	N	0.0000	0.0000	0.0000	0.0000	0.0000	0.0000	0.0000	0.0000	0.0000	0.0000	0.0000	0.0000	0.0000	0.0008	0.0000	0.0024	0.0000	0.0000	0.0000	0.0014	0.0000	0.0028	inf	0.0000	0.0000	0.0000	1.0000	5.9600	0.0055	0.0000	0.0000	0.0000	0.0000	0.0000	0.0000	0.0000	0.0000	0.0000	0.0000	0.0000	0.0000	0.0000	0.0000	0.0000	0.0000	0.0000	0.0000	0.0000	0.0000	0.0000	0.0000	0.0000	0.0000	0.0000	0.0000	0.0000	0.0120	0.0078	0.0042	0.0049	0.0043	0.0006	0.0071	0.0035	0.0036	0.0000	0.0000	0.0000	0.0000	0.0000	0.0000	0.0000	0.0000	0.0000	0.0008	0.0000	0.0024	0.0000	0.0000	0.0000	0.0014	0.0000	0.0028						
35	72	0.0883	4	1	0	2	0	0	0	0	0	N	N	Y	N	N	N	N	N	N	N	N	N	0.0000	0.0000	0.0000	0.0000	0.0000	0.0000	0.0000	0.0000	0.0000	0.0000	0.0000	0.0000	0.0000	0.0000	0.0000	0.0000	0.0241	0.0011	0.0686	0.0018	0.0021	0.0000	0.0397	0.0000	0.0795	31.0093	0.0000	0.0001	0.0000	0.0000	5.9600	1.0265	0.0000	0.0000	0.0000	0.0000	0.0000	0.0000	0.0000	0.0000	0.0000	0.0003	0.0000	0.0003	0.0000	0.0000	0.0000	0.0003	0.0000	0.0003	0.0000	0.0000	0.0000	0.0000	0.0000	0.0000	0.0000	0.0000	0.0000	0.0133	0.0088	0.0045	0.0055	0.0049	0.0006	0.0078	0.0039	0.0039	0.0000	0.0000	0.0000	0.0000	0.0000	0.0000	0.0000	0.0000	0.0000	0.0241	0.0011	0.0686	0.0018	0.0021	0.0000	0.0397	0.0000	0.0795			
35	73	0.0829	3	1	0	1	0	0	0	0	0	N	N	N	N	N	N	N	N	N	N	N	N	0.0000	0.0000	0.0000	0.0000	0.0000	0.0000	0.0000	0.0000	0.0000	0.0000	0.0000	0.0000	0.0000	0.0000	0.0000	0.0000	0.0000	0.0361	0.0032	0.1010	0.0043	0.0045	0.0029	0.0713	0.0000	0.1170	15.8420	0.0000	0.0022	0.0000	0.0000	5.9600	1.0321	0.0000	0.0000	0.0000	0.0000	0.0000	0.0000	0.0000	0.0000	0.0000	0.0054	0.0003	0.0050	0.0003	0.0003	0.0000	0.0050	0.0000	0.0050	0.0000	0.0000	0.0000	0.0000	0.0000	0.0000	0.0000	0.0000	0.0000	0.1485	0.0986	0.0499	0.0782	0.0712	0.0070	0.0703	0.0275	0.0429	0.0000	0.0000	0.0000	0.0000	0.0000	0.0000	0.0000	0.0000	0.0000	0.0361	0.0032	0.1010	0.0043	0.0045	0.0029	0.0713	0.0000	0.1170		
35	74	0.0601	2	1	0	1	0	0	0	0	0	N	N	N	N	N	N	N	N	N	N	N	N	0.0000	0.0000	0.0000	0.0000	0.0000	0.0000	0.0000	0.0000	0.0000	0.0000	0.0000	0.0000	0.0000	0.0000	0.0000	0.0000	0.0000	0.0000	0.6201	0.0252	1.6029	0.0438	0.0436	0.0473	0.9844	0.0000	1.7222	38.4383	0.0000	0.0990	0.0000	0.5629	5.9600	8.5245	0.0000	0.0000	0.0000	0.0000	0.0000	0.0000	0.0000	0.0000	0.0000	0.2182	0.0055	0.2127	0.0060	0.0055	0.0004	0.2123	0.0000	0.2123	0.0000	0.0000	0.0000	0.0000	0.0000	0.0000	0.0000	0.0000	0.0000	0.3519	0.2192	0.1327	0.1363	0.1269	0.0095	0.2156	0.0924	0.1232	0.0000	0.0000	0.0000	0.0000	0.0000	0.0000	0.0000	0.0000	0.0000	0.6201	0.0252	1.6029	0.0438	0.0436	0.0473	0.9844	0.0000	1.7222	
35	75	0.0771	3	1	1	1	0	0	0	0	0	N	N	N	N	N	N	N	N	N	N	N	N	0.0000	0.0000	0.0000	0.0000	0.0000	0.0000	0.0000	0.0000	0.0000	0.0000	0.0000	0.0000	0.0000	0.0000	0.0000	0.0000	0.0000	0.6411	0.0403	2.0368	0.0696	0.0768	0.0050	1.0346	0.0000	2.3578	21.7586	0.0000	0.0271	0.0000	1.9994	5.9600	4.0943	0.0000	0.0000	0.0000	0.0000	0.0000	0.0000	0.0000	0.0000	0.0000	0.0623	0.0027	0.0596	0.0028	0.0027	0.0000	0.0596	0.0000	0.0596	0.0000	0.0000	0.0000	0.0000	0.0000	0.0000	0.0000	0.0000	0.0000	0.0972	0.0680	0.0293	0.0397	0.0357	0.0040	0.0576	0.0323	0.0253	0.0000	0.0000	0.0000	0.0000	0.0000	0.0000	0.0000	0.0000	0.0000	0.6411	0.0403	2.0368	0.0696	0.0768	0.0050	1.0346	0.0000	2.3578		
35	76	0.0708	2	1	0	1	0	0	0	0	0	N	N	N	N	N	N	N	N	N	N	N	N	0.0000	0.0000	0.0000	0.0000	0.0000	0.0000	0.0000	0.0000	0.0000	0.0000	0.0000	0.0000	0.0000	0.0000	0.0000	0.0000	0.0000	0.0000	16.8680	0.2374	55.3512	0.2749	0.2973	0.0293	29.4725	0.1590	62.8774	100.7638	0.0000	0.4454	0.0000	0.0011	5.9600	2.7207	0.0000	0.0000	0.0000	0.0000	0.0000	0.0000	0.0000	0.0000	0.0000	0.9496	0.0093	0.9402	0.0067	0.0066	0.0001	0.9429	0.0027	0.9402	0.0000	0.0000	0.0000	0.0000	0.0000	0.0000	0.0000	0.0000	0.0000	0.0563	0.0393	0.0170	0.0243	0.0223	0.0020	0.0320	0.0170	0.0150	0.0000	0.0000	0.0000	0.0000	0.0000	0.0000	0.0000	0.0000	0.0000	16.8680	0.2374	55.3512	0.2749	0.2973	0.0293	29.4725	0.1590	62.8774	
35	78	0.0589	2	2	0	2	0	0	0	0	0	Y	N	Y	N	N	N	N	N	N	N	N	N	0.0000	0.0000	0.0000	0.0000	0.0000	0.0000	0.0000	0.0000	0.0000	0.0000	0.0000	0.0000	0.0000	0.0000	0.0000	0.0675	0.0000	0.1354	0.0054	0.0000	0.1139	0.0717	0.0000	0.1355	inf	0.0000	0.0009	0.0000	1.6246	5.9600	0.0115	0.0000	0.0000	0.0000	0.0000	0.0000	0.0000	0.0000	0.0000	0.0000	0.0019	0.0000	0.0019	0.0000	0.0000	0.0000	0.0019	0.0000	0.0019	0.0000	0.0000	0.0000	0.0000	0.0000	0.0000	0.0000	0.0000	0.0000	0.0279	0.0140	0.0139	0.0018	0.0017	0.0001	0.0261	0.0123	0.0138	0.0000	0.0000	0.0000	0.0000	0.0000	0.0000	0.0000	0.0000	0.0000	0.0675	0.0000	0.1354	0.0054	0.0000	0.1139	0.0717	0.0000	0.1355				
35	83	0.1491	4	1	0	1	0	0	0	0	0	N	N	N	N	N	N	N	N	N	N	N	N	0.0000	0.0000	0.0000	0.0000	0.0000	0.0000	0.0000	0.0000	0.0000	0.0000	0.0000	0.0000	0.0000	0.0000	0.0000	0.0000	0.0000	0.0891	0.0411	0.1774	0.0727	0.0805	0.0238	0.0993	0.0000	0.2043	2.3405	0.0000	0.0100	0.0000	10.0679	5.9600	33.8159	0.0000	0.0000	0.0000	0.0000	0.0000	0.0000	0.0000	0.0000	0.0000	0.0559	0.0167	0.0392	0.0175	0.0167	0.0008	0.0384	0.0000	0.0384	0.0000	0.0000	0.0000	0.0000	0.0000	0.0000	0.0000	0.0000	0.0000	0.6280	0.4071	0.2209	0.2409	0.2081	0.0328	0.3871	0.1990	0.1881	0.0000	0.0000	0.0000	0.0000	0.0000	0.0000	0.0000	0.0000	0.0000	0.0891	0.0411	0.1774	0.0727	0.0805	0.0238	0.0993	0.0000	0.2043		
35	84	0.1215	3	1	0	1	0	0	0	0	0	N	N	N	N	N	N	N	N	N	N	N	N	0.0000	0.0000	0.0000	0.0000	0.0000	0.0000	0.0000	0.0000	0.0000	0.0000	0.0000	0.0000	0.0000	0.0000	0.0000	0.0000	0.0000	0.0000	0.2584	0.1634	0.4535	0.1792	0.1964	0.0330	0.3205	0.1168	0.5227	1.3523	0.0000	0.0068	0.0000	0.9441	5.9600	14.0836	0.0000	0.0000	0.0000	0.0000	0.0000	0.0000	0.0000	0.0000	0.0000	0.1269	0.0540	0.0730	0.0387	0.0379	0.0007	0.0882	0.0160	0.0722	0.0000	0.0000	0.0000	0.0000	0.0000	0.0000	0.0000	0.0000	0.0000	0.4912	0.3303	0.1609	0.2159	0.1932	0.0227	0.2753	0.1371	0.1381	0.0000	0.0000	0.0000	0.0000	0.0000	0.0000	0.0000	0.0000	0.0000	0.2584	0.1634	0.4535	0.1792	0.1964	0.0330	0.3205	0.1168	0.5227	
35	85	0.4037	6	1	0	1	0	0	0	0	0	N	N	N	N	N	N	N	N	N	N	N	N	0.0000	0.0000	0.0000	0.0000	0.0000	0.0000	0.0000	0.0000	0.0000	0.0000	0.0000	0.0000	0.0000	0.0000	0.0000	0.0000	0.0000	0.2160	0.0602	0.5596	0.1228	0.0988	0.2738	0.3043	0.0000	0.6372	4.2105	0.0000	0.0382	0.0000	15.0008	5.9600	28.2980	0.0000	0.0000	0.0000	0.0000	0.0000	0.0000	0.0000	0.0000	0.0000	0.1331	0.0255	0.1076	0.0368	0.0255	0.0112	0.0963	0.0000	0.0963	0.0000	0.0000	0.0000	0.0000	0.0000	0.0000	0.0000	0.0000	0.0000	0.6161	0.4240	0.1922	0.2996	0.2586	0.0410	0.3166	0.1654	0.1512	0.0000	0.0000	0.0000	0.0000	0.0000	0.0000	0.0000	0.0000	0.0000	0.2160	0.0602	0.5596	0.1228	0.0988	0.2738	0.3043	0.0000	0.6372		
35	86	0.4037	6	1	0	1	0	0	0	0	0	N	N	N	N	N	N	N	N	N	N	N	N	0.0000	0.0000	0.0000	0.0000	0.0000	0.0000	0.0000	0.0000	0.0000	0.0000	0.0000	0.0000	0.0000	0.0000	0.0000	0.0000	0.0000	0.2173	0.0557	0.5970	0.1110	0.0865	0.2733	0.3326	0.0000	0.6926	4.5585	0.0000	0.0392	0.0000	10.8154	5.9600	27.4443	0.0000	0.0000	0.0000	0.0000	0.0000	0.0000	0.0000	0.0000	0.0000	0.1311	0.0236	0.1076	0.0348	0.0236	0.0112	0.0963	0.0000	0.0963	0.0000	0.0000	0.0000	0.0000	0.0000	0.0000	0.0000	0.0000	0.0000	0.6035	0.4233	0.1802	0.3139	0.2728	0.0411	0.2896	0.1505	0.1391	0.0000	0.0000	0.0000	0.0000	0.0000	0.0000	0.0000	0.0000	0.0000	0.2173	0.0557	0.5970	0.1110	0.0865	0.2733	0.3326	0.0000	0.6926		
35	87	0.3559	5	1	0	1	0	0	0	0	0	N	N	N	N	N	N	N	N	N	N	N	N	0.0000	0.0000	0.0000	0.0000	0.0000	0.0000	0.0000	0.0000	0.0000	0.0000	0.0000	0.0000	0.0000	0.0000	0.0000	0.0000	0.0000	0.0000	0.3965	0.2400	0.7846	0.3066	0.3259	0.1817	0.5142	0.0498	1.0018	1.3181	0.0000	0.0164	0.0000	2.7608	5.9600	22.4044	0.0000	0.0000	0.0000	0.0000	0.0000	0.0000	0.0000	0.0000	0.0000	0.3452	0.1489	0.1963	0.1514	0.1393	0.0120	0.1939	0.0096	0.1843	0.0000	0.0000	0.0000	0.0000	0.0000	0.0000	0.0000	0.0000	0.0000	0.8708	0.6206	0.2502	0.4937	0.4275	0.0663	0.3770	0.1931	0.1839	0.0000	0.0000	0.0000	0.0000	0.0000	0.0000	0.0000	0.0000	0.0000	0.3965	0.2400	0.7846	0.3066	0.3259	0.1817	0.5142	0.0498	1.0018	
35	88	0.2261	4	1	0	1	0	0	0	0	0	N	N	N	N	N	N	N	N	N	N	N	N	0.0000	0.0000	0.0000	0.0000	0.0000	0.0000	0.0000	0.0000	0.0000	0.0000	0.0000	0.0000	0.0000	0.0000	0.0000	0.0000	0.0000	0.0000	1.3447	0.1794	3.7295	0.2319	0.2563	0.0743	2.2029	0.0809	4.5186	10.1603	0.0000	0.4145	0.0000	8.8820	5.9600	49.9570	0.0000	0.0000	0.0000	0.0000	0.0000	0.0000	0.0000	0.0000	0.0000	1.0648	0.0954	0.9694	0.0800	0.0765	0.0034	0.9848	0.0189	0.9660	0.0000	0.0000	0.0000	0.0000	0.0000	0.0000	0.0000	0.0000	0.0000	0.7918	0.5319	0.2599	0.3448	0.2986	0.0462	0.4471	0.2333	0.2138	0.0000	0.0000	0.0000	0.0000	0.0000	0.0000	0.0000	0.0000	0.0000	1.3447	0.1794	3.7295	0.2319	0.2563	0.0743	2.2029	0.0809	4.5186	
35	90	0.1108	6	1	1	1	1	0	0	0	0	N	N	N	N	N	N	N	N	N	N	N	N	0.0000	0.0000	0.0000	0.0000	0.0000	0.0000	0.0000	0.0000	0.0000	0.0000	0.0000	0.0000	0.0000	0.0000	0.0000	0.0000	0.0000	0.0000	0.0000	0.0000	0.0000	0.0000	5.9600	0.0000	0.0000	0.0000	0.0000	0.0000	0.0000	0.0000	0.0000	0.0000	0.0000	0.0000	0.0000	0.0000	0.0000	0.0000	0.0000	0.0000	0.0000	0.0000	0.0000	0.0000	0.0000	0.0000	0.0000	0.0000	0.0000	0.0000	0.0000	0.0000	0.0000	0.0000	0.0000	0.0000	0.0000	0.0000	0.0000	0.0000	0.0000	0.0000	0.0000	0.0000	0.0000	0.0000	0.0000	0.0000	0.0000	0.0000	0.0000	0.0000	0.0000	0.0000	0.0000	0.0000	0.0000	0.0000											
35	91	0.1000	5	1	1	1	1	0	0	0	0	N	N	N	N	N	N	N	N	N	N	N	N	0.0000	0.0000	0.0000	0.0000	0.0000	0.0000	0.0000	0.0000	0.0000	0.0000	0.0000	0.0000	0.0000	0.0000	0.0000	0.0000	0.0000	0.0000	0.0000	0.0000	0.0000	1.0000	5.9600	3.0000	0.0000	0.0000	0.0000	0.0000	0.0000	0.0000	0.0000	0.0000	0.0000	0.0000	0.0000	0.0000	0.0000	0.0000	0.0000	0.0000	0.0000	0.0000	0.0000	0.0000	0.0000	0.0000	0.0000	0.0000	0.0000	0.0000	0.0000	0.0590	0.0301	0.0289	0.0076	0.0067	0.0009	0.0515	0.0235	0.0280	0.0000	0.0000	0.0000	0.0000	0.0000	0.0000	0.0000	0.0000	0.0000	0.0000	0.0000	0.0000	0.0000	0.0000	0.0000	0.0000	0.0000	0.0000											
35	92	0.0935	3	1	1	1	0	0	0	0	0	N	N	N	N	N	N	N	N	N	N	N	N	0.0000	0.0000	0.0000	0.0000	0.0000	0.0000	0.0000	0.0000	0.0000	0.0000	0.0000	0.0000	0.0000	0.0000	0.0000	0.0000	0.0000	0.0000	0.0000	0.0000	0.0000	0.0000	5.9600	0.0000	0.0000	0.0000	0.0000	0.0000	0.0000	0.0000	0.0000	0.0000	0.0000	0.0000	0.0000	0.0000	0.0000	0.0000	0.0000	0.0000	0.0000	0.0000	0.0000	0.0000	0.0000	0.0000	0.0000	0.0000	0.0000	0.0000	0.0000	0.0000	0.0000	0.0000	0.0000	0.0000	0.0000	0.0000	0.0000	0.0000	0.0000	0.0000	0.0000	0.0000	0.0000	0.0000	0.0000	0.0000	0.0000	0.0000	0.0000	0.0000	0.0000	0.0000	0.0000	0.0000	0.0000	0.0000											
35	93	0.1000	5	1	0	2	1	0	0	0	0	N	N	Y	N	N	N	N	N	N	N	N	N	0.0000	0.0000	0.0000	0.0000	0.0000	0.0000	0.0000	0.0000	0.0000	0.0000	0.0000	0.0000	0.0000	0.0000	0.0000	0.0000	0.0000	0.0000	0.0000	0.0000	0.0000	0.0000	5.9600	0.0000	0.0000	0.0000	0.0000	0.0000	0.0000	0.0000	0.0000	0.0000	0.0000	0.0000	0.0000	0.0000	0.0000	0.0000	0.0000	0.0000	0.0000	0.0000	0.0000	0.0000	0.0000	0.0000	0.0000	0.0000	0.0000	0.0000	0.0000	0.0000	0.0000	0.0000	0.0000	0.0000	0.0000	0.0000	0.0000	0.0000	0.0000	0.0000	0.0000	0.0000	0.0000	0.0000	0.0000	0.0000	0.0000	0.0000	0.0000	0.0000	0.0000	0.0000	0.0000	0.0000	0.0000	0.0000											
35	94	0.0974	4	1	0	1	1	0	0	0	0	N	N	N	N	N	N	N	N	N	N	N	N	0.0000	0.0000	0.0000	0.0000	0.0000	0.0000	0.0000	0.0000	0.0000	0.0000	0.0000	0.0000	0.0000	0.0000	0.0000	0.0000	0.0000	0.0000	0.0000	0.0000	0.0000	1.0000	5.9600	0.0097	0.0000	0.0000	0.0000	0.0000	0.0000	0.0000	0.0000	0.0000	0.0000	0.0000	0.0000	0.0000	0.0000	0.0000	0.0000	0.0000	0.0000	0.0000	0.0000	0.0000	0.0000	0.0000	0.0000	0.0000	0.0000	0.0000	0.0000	0.0160	0.0081	0.0079	0.0023	0.0020	0.0002	0.0137	0.0061	0.0076	0.0000	0.0000	0.0000	0.0000	0.0000	0.0000	0.0000	0.0000	0.0000	0.0000	0.0000	0.0000	0.0000	0.0000	0.0000	0.0000	0.0000	0.0000											
35	95	0.0974	4	1	0	2	1	0	0	0	0	N	N	Y	N	N	N	N	N	N	N	N	N	0.0000	0.0000	0.0000	0.0000	0.0000	0.0000	0.0000	0.0000	0.0000	0.0000	0.0000	0.0000	0.0000	0.0000	0.0000	0.0000	0.0000	0.0000	0.0000	0.0000	0.0000	2.0000	5.9600	3.0050	0.0000	0.0000	0.0000	0.0000	0.0000	0.0000	0.0000	0.0000	0.0000	0.0000	0.0000	0.0000	0.0000	0.0000	0.0000	0.0000	0.0000	0.0000	0.0000	0.0000	0.0000	0.0000	0.0000	0.0000	0.0000	0.0000	0.0000	0.0735	0.0375	0.0360	0.0096	0.0085	0.0011	0.0639	0.0291	0.0348	0.0000	0.0000	0.0000	0.0000	0.0000	0.0000	0.0000	0.0000	0.0000	0.0000	0.0000	0.0000	0.0000	0.0000	0.0000	0.0000	0.0000	0.0000											
35	96	0.0974	4	1	0	2	1	0	0	0	0	N	N	Y	N	N	N	N	N	N	N	N	N	0.0000	0.0000	0.0000	0.0000	0.0000	0.0000	0.0000	0.0000	0.0000	0.0000	0.0000	0.0000	0.0000	0.0000	0.0000	0.0000	0.0000	0.0000	0.0000	0.0000	0.0000	0.0000	5.9600	6.9903	0.0000	0.0000	0.0000	0.0000	0.0000	0.0000	0.0000	0.0000	0.0000	0.0000	0.0000	0.0000	0.0000	0.0000	0.0000	0.0000	0.0000	0.0000	0.0000	0.0000	0.0000	0.0000	0.0000	0.0000	0.0000	0.0000	0.0000	0.1000	0.0512	0.0488	0.0130	0.0114	0.0016	0.0870	0.0398	0.0472	0.0000	0.0000	0.0000	0.0000	0.0000	0.0000	0.0000	0.0000	0.0000	0.0000	0.0000	0.0000	0.0000	0.0000	0.0000	0.0000	0.0000	0.0000											
35	97	0.0918	3	1	0	1	1	0	0	0	0	N	N	N	N	N	N	N	N	N	N	N	N	0.0000	0.0000	0.0000	0.0000	0.0000	0.0000	0.0000	0.0000	0.0000	0.0000	0.0000	0.0000	0.0000	0.0000	0.0000	0.0000	0.0022	0.0026	0.0017	0.0098	0.0108	0.0000	0.0009	0.0000	0.0018	0.5760	0.0000	-0.0000	0.0000	0.9999	5.9600	1.0605	0.0000	0.0000	0.0000	0.0000	0.0000	0.0000	0.0000	0.0000	0.0000	0.0001	0.0001	0.0000	0.0001	0.0001	0.0000	0.0000	0.0000	0.0000	0.0000	0.0000	0.0000	0.0000	0.0000	0.0000	0.0000	0.0000	0.0000	0.0359	0.0191	0.0168	0.0051	0.0046	0.0005	0.0308	0.0145	0.0163	0.0000	0.0000	0.0000	0.0000	0.0000	0.0000	0.0000	0.0000	0.0000	0.0022	0.0026	0.0017	0.0098	0.0108	0.0000	0.0009	0.0000	0.0018			
35	98	0.0897	2	1	0	1	1	0	0	0	0	N	N	N	N	N	N	N	N	N	N	N	N	0.0000	0.0000	0.0000	0.0000	0.0000	0.0000	0.0000	0.0000	0.0000	0.0000	0.0000	0.0000	0.0000	0.0000	0.0000	0.0000	0.3207	0.5450	0.0454	1.8075	1.9526	0.0000	0.0245	0.0000	0.0467	0.0680	0.0000	-0.0029	0.0000	0.0012	5.9600	1.0414	0.0000	0.0000	0.0000	0.0000	0.0000	0.0000	0.0000	0.0000	0.0000	0.0064	0.0060	0.0004	0.0060	0.0060	0.0000	0.0004	0.0000	0.0004	0.0000	0.0000	0.0000	0.0000	0.0000	0.0000	0.0000	0.0000	0.0000	0.0198	0.0109	0.0089	0.0033	0.0031	0.0002	0.0165	0.0079	0.0087	0.0000	0.0000	0.0000	0.0000	0.0000	0.0000	0.0000	0.0000	0.0000	0.3207	0.5450	0.0454	1.8075	1.9526	0.0000	0.0245	0.0000	0.0467			
35	101	0.0966	4	2	1	1	0	0	0	0	0	Y	N	N	N	N	N	N	N	N	N	N	N	0.0000	0.0000	0.0000	0.0000	0.0000	0.0000	0.0000	0.0000	0.0000	0.0000	0.0000	0.0000	0.0000	0.0000	0.0000	0.0000	0.0000	0.0000	0.0000	0.0000	0.0000	0.0000	5.9600	3.0000	0.0000	0.0000	0.0000	0.0000	0.0000	0.0000	0.0000	0.0000	0.0000	0.0000	0.0000	0.0000	0.0000	0.0000	0.0000	0.0000	0.0000	0.0000	0.0000	0.0000	0.0000	0.0000	0.0000	0.0000	0.0000	0.0000	0.0000	0.0476	0.0244	0.0232	0.0056	0.0049	0.0007	0.0420	0.0195	0.0225	0.0000	0.0000	0.0000	0.0000	0.0000	0.0000	0.0000	0.0000	0.0000	0.0000	0.0000	0.0000	0.0000	0.0000	0.0000	0.0000	0.0000	0.0000											
35	102	0.0935	3	2	1	1	0	0	0	0	0	Y	N	N	N	N	N	N	N	N	N	N	N	0.0000	0.0000	0.0000	0.0000	0.0000	0.0000	0.0000	0.0000	0.0000	0.0000	0.0000	0.0000	0.0000	0.0000	0.0000	0.0000	0.0000	0.0000	0.0000	0.0000	0.0000	0.0000	5.9600	1.0000	0.0000	0.0000	0.0000	0.0000	0.0000	0.0000	0.0000	0.0000	0.0000	0.0000	0.0000	0.0000	0.0000	0.0000	0.0000	0.0000	0.0000	0.0000	0.0000	0.0000	0.0000	0.0000	0.0000	0.0000	0.0000	0.0000	0.0000	0.0166	0.0085	0.0081	0.0020	0.0017	0.0002	0.0146	0.0068	0.0078	0.0000	0.0000	0.0000	0.0000	0.0000	0.0000	0.0000	0.0000	0.0000	0.0000	0.0000	0.0000	0.0000	0.0000	0.0000	0.0000	0.0000	0.0000											
35	103	0.0897	2	1	1	1	0	0	0	0	0	N	N	N	N	N	N	N	N	N	N	N	N	0.0000	0.0000	0.0000	0.0000	0.0000	0.0000	0.0000	0.0000	0.0000	0.0000	0.0000	0.0000	0.0000	0.0000	0.0000	49.6519	0.0000	110.4829	0.0060	0.0000	0.0808	59.5088	0.0000	113.6060	inf	0.0000	0.4763	0.0000	0.0006	5.9600	1.0534	0.0000	0.0000	0.0000	0.0000	0.0000	0.0000	0.0000	0.0000	0.0000	0.9944	0.0000	0.9944	0.0000	0.0000	0.0000	0.9944	0.0000	0.9944	0.0000	0.0000	0.0000	0.0000	0.0000	0.0000	0.0000	0.0000	0.0000	0.0200	0.0110	0.0090	0.0033	0.0031	0.0002	0.0167	0.0080	0.0088	0.0000	0.0000	0.0000	0.0000	0.0000	0.0000	0.0000	0.0000	0.0000	49.6519	0.0000	110.4829	0.0060	0.0000	0.0808	59.5088	0.0000	113.6060				
35	109	0.3084	5	1	0	1	0	0	0	0	0	N	N	N	N	N	N	N	N	N	N	N	N	0.0000	0.0000	0.0000	0.0000	0.0000	0.0000	0.0000	0.0000	0.0000	0.0000	0.0000	0.0000	0.0000	0.0000	0.0000	0.0000	0.0000	0.1503	0.0071	0.4595	0.0186	0.0118	0.0580	0.2729	0.0000	0.5761	30.0935	0.0000	0.0444	0.0000	7.7801	5.9600	32.2209	0.0000	0.0000	0.0000	0.0000	0.0000	0.0000	0.0000	0.0000	0.0000	0.0994	0.0032	0.0962	0.0059	0.0032	0.0027	0.0935	0.0000	0.0935	0.0000	0.0000	0.0000	0.0000	0.0000	0.0000	0.0000	0.0000	0.0000	0.6613	0.4520	0.2093	0.3189	0.2718	0.0471	0.3424	0.1802	0.1622	0.0000	0.0000	0.0000	0.0000	0.0000	0.0000	0.0000	0.0000	0.0000	0.1503	0.0071	0.4595	0.0186	0.0118	0.0580	0.2729	0.0000	0.5761		
36	38	0.1084	2	0	2	0	1	0	0	0	0	N	Y	N	N	N	N	N	N	N	N	N	N	0.7338	0.0495	949.3154	0.3774	0.0242	1558.9142	10.6795	10.9479	7.6646	1.7399	0.1902	23.5812	2.2196	0.1645	41.4269	0.2650	0.2752	0.1882	2.3711	3.8400	0.0248	5.8821	6.7877	0.0266	0.0248	0.0251	0.0246	8.7970	0.0041	0.0098	-0.5167	0.0123	10.2042	6.2120	23.0710	0.0122	0.0012	0.0110	0.0118	0.0008	0.0110	0.0005	0.0004	0.0000	0.9994	0.9953	0.0040	0.9931	0.9925	0.0006	0.0063	0.0028	0.0034	0.0070	0.0066	0.0005	0.0053	0.0050	0.0003	0.0017	0.0015	0.0002	0.4215	0.2592	0.1623	0.1688	0.1462	0.0226	0.2527	0.1130	0.1397	0.7338	0.0495	949.3154	0.3774	0.0242	1558.9142	10.6795	10.9479	7.6646	2.3711	3.8400	0.0248	5.8821	6.7877	0.0266	0.0248	0.0251	0.0246
36	39	0.1084	2	1	1	1	0	0	0	0	0	N	N	N	N	N	N	N	N	N	N	N	N	0.0000	0.0000	0.0000	0.0000	0.0000	0.0000	0.0000	0.0000	0.0000	0.0000	0.0000	0.0000	0.0000	0.0141	0.0000	0.0388	0.0000	0.0000	0.0000	0.0244	0.0000	0.0436	inf	0.0000	0.0003	0.0123	0.0000	6.2120	1.9600	0.0000	0.0000	0.0000	0.0000	0.0000	0.0000	0.0000	0.0000	0.0000	0.0006	0.0000	0.0006	0.0000	0.0000	0.0000	0.0006	0.0000	0.0006	0.0000	0.0000	0.0000	0.0000	0.0000	0.0000	0.0000	0.0000	0.0000	0.0439	0.0279	0.0160	0.0185	0.0167	0.0018	0.0254	0.0112	0.0142	0.0000	0.0000	0.0000	0.0000	0.0000	0.0000	0.0000	0.0000	0.0000	0.0141	0.0000	0.0388	0.0000	0.0000	0.0000	0.0244	0.0000	0.0436						
36	40	0.1640	3	0	1	1	0	0	0	0	0	N	N	N	N	N	N	N	N	N	N	N	N	0.0075	0.0053	0.0000	0.0037	0.0033	0.0000	0.0000	0.0000	0.0000	0.0292	0.0316	0.0000	0.0384	0.0417	0.0000	0.0000	0.0000	0.0000	3.9031	5.9187	0.0004	10.2877	12.5060	0.0003	0.0030	0.0050	0.0005	0.0000	0.0000	-0.0000	-0.3038	0.0123	0.0009	6.2120	7.7842	0.0000	0.0000	0.0000	0.0000	0.0000	0.0000	0.0000	0.0000	0.0000	0.5831	0.5831	0.0000	0.5828	0.5828	0.0000	0.0003	0.0003	0.0000	0.0000	0.0000	0.0000	0.0000	0.0000	0.0000	0.0000	0.0000	0.0000	0.1494	0.0985	0.0509	0.0567	0.0466	0.0100	0.0927	0.0519	0.0408	0.0075	0.0053	0.0000	0.0037	0.0033	0.0000	0.0000	0.0000	0.0000	3.9031	5.9187	0.0004	10.2877	12.5060	0.0003	0.0030	0.0050	0.0005
36	41	0.1084	2	0	1	0	0	0	0	0	0	N	N	N	N	N	N	N	N	N	N	N	N	0.0173	0.0256	0.0000	0.0100	0.0209	0.0000	0.0000	0.0000	0.0000	0.0545	0.0599	0.0002	0.0774	0.0851	0.0003	0.0000	0.0000	0.0000	3.1433	2.3387	4.4107	7.7439	4.0669	53.3853	0.0352	0.0154	0.0505	0.0004	1.1973	-0.0000	0.0216	0.0123	1.7959	6.2120	20.1034	0.0001	0.0001	0.0000	0.0001	0.0001	0.0000	0.0000	0.0000	0.0000	0.9071	0.4128	0.4943	0.9011	0.4117	0.4894	0.0061	0.0012	0.0049	0.0019	0.0017	0.0002	0.0013	0.0012	0.0001	0.0006	0.0005	0.0001	0.2886	0.1765	0.1121	0.1164	0.1012	0.0151	0.1722	0.0753	0.0969	0.0173	0.0256	0.0000	0.0100	0.0209	0.0000	0.0000	0.0000	0.0000	3.1433	2.3387	4.4107	7.7439	4.0669	32.3421	0.0352	0.0154	0.0505
36	42	0.1785	3	0	2	0	0	0	0	0	0	N	Y	N	N	N	N	N	N	N	N	N	N	0.0000	0.0000	0.0000	0.0000	0.0000	0.0000	0.0000	0.0000	0.0000	0.0000	0.0000	0.0000	0.0000	0.0002	0.0002	0.0000	0.0003	0.0003	0.0000	0.0000	0.0000	0.0000	0.0000	0.0000	-0.0000	0.0123	0.0003	6.2120	0.0002	0.0000	0.0000	0.0000	0.0000	0.0000	0.0000	0.0000	0.0000	0.0000	0.0000	0.0000	0.0000	0.0000	0.0000	0.0000	0.0000	0.0000	0.0000	0.0000	0.0000	0.0000	0.0000	0.0000	0.0000	0.0000	0.0000	0.0000	0.0000	0.0000	0.0000	0.0000	0.0000	0.0000	0.0000	0.0000	0.0000	0.0000	0.0000	0.0000	0.0000	0.0000	0.0000	0.0000	0.0000	0.0000	0.0002	0.0002	0.0000	0.0003	0.0003	0.0000	0.0000	0.0000	0.0000						
36	43	0.1345	3	1	2	1	0	0	0	0	0	N	Y	N	N	N	N	N	N	N	N	N	N	0.0000	0.0000	0.0000	0.0000	0.0000	0.0000	0.0000	0.0000	0.0000	0.0000	0.0000	0.0000	0.0000	0.0000	0.0000	0.0000	0.0000	0.0000	0.0000	0.0000	0.0123	0.0000	6.2120	2.0000	0.0000	0.0000	0.0000	0.0000	0.0000	0.0000	0.0000	0.0000	0.0000	0.0000	0.0000	0.0000	0.0000	0.0000	0.0000	0.0000	0.0000	0.0000	0.0000	0.0000	0.0000	0.0000	0.0000	0.0000	0.0000	0.0000	0.0000	0.0258	0.0190	0.0068	0.0178	0.0149	0.0029	0.0080	0.0042	0.0038	0.0000	0.0000	0.0000	0.0000	0.0000	0.0000	0.0000	0.0000	0.0000	0.0000	0.0000	0.0000	0.0000	0.0000	0.0000	0.0000	0.0000	0.0000											
36	44	0.1345	3	1	2	1	0	0	0	0	0	N	Y	N	N	N	N	N	N	N	N	N	N	0.0000	0.0000	0.0000	0.0000	0.0000	0.0000	0.0000	0.0000	0.0000	0.0000	0.0000	0.0000	0.0000	0.0000	0.0000	0.0000	0.0000	0.0000	0.0000	0.0000	0.0123	0.0000	6.2120	0.0000	0.0000	0.0000	0.0000	0.0000	0.0000	0.0000	0.0000	0.0000	0.0000	0.0000	0.0000	0.0000	0.0000	0.0000	0.0000	0.0000	0.0000	0.0000	0.0000	0.0000	0.0000	0.0000	0.0000	0.0000	0.0000	0.0000	0.0000	0.0000	0.0000	0.0000	0.0000	0.0000	0.0000	0.0000	0.0000	0.0000	0.0000	0.0000	0.0000	0.0000	0.0000	0.0000	0.0000	0.0000	0.0000	0.0000	0.0000	0.0000	0.0000	0.0000	0.0000	0.0000	0.0000	0.0000											
36	45	0.1084	2	1	2	1	0	0	0	0	0	N	Y	N	N	N	N	N	N	N	N	N	N	185.0175	126.7847	111.7923	111.8085	0.0799	0.0893	0.0000	0.1188	0.1351	0.0000	0.0000	0.0000	0.0000	0.0004	0.0007	0.0000	0.0011	0.0012	0.0000	0.0000	0.0000	0.0000	0.0000	0.0000	-0.0000	-0.0000	0.0123	0.7962	6.2120	7.9291	0.0001	0.0001	0.0000	0.0001	0.0001	0.0000	0.0000	0.0000	0.0000	0.0001	0.0001	0.0000	0.0001	0.0001	0.0000	0.0000	0.0000	0.0000	0.0013	0.0012	0.0001	0.0009	0.0008	0.0001	0.0004	0.0004	0.0000	0.1360	0.0834	0.0526	0.0553	0.0486	0.0067	0.0807	0.0348	0.0459	185.0175	126.7847	0.0000	111.7923	111.8085	0.0000	0.0000	0.0000	0.0000	0.0004	0.0007	0.0000	0.0011	0.0012	0.0000	0.0000	0.0000	0.0000					
36	46	0.1084	2	1	2	0	0	0	0	0	0	N	Y	N	N	N	N	N	N	N	N	N	N	26.5234	91.3475	0.0000	29.0458	161.6122	0.0000	0.0000	0.0000	0.0000	0.0799	0.0893	0.0000	0.1188	0.1351	0.0000	0.0000	0.0000	0.0000	0.0030	0.0010	0.0062	0.0041	0.0008	0.0267	0.0023	0.0012	0.0031	0.0000	4.0417	-0.0000	0.0002	0.0123	0.7962	6.2120	12.9291	0.0001	0.0001	0.0000	0.0001	0.0001	0.0000	0.0000	0.0000	0.0000	0.0006	0.0001	0.0005	0.0003	0.0001	0.0003	0.0003	0.0001	0.0002	0.0013	0.0012	0.0001	0.0009	0.0008	0.0001	0.0004	0.0004	0.0000	0.1987	0.1215	0.0772	0.0804	0.0703	0.0101	0.1183	0.0512	0.0671	26.5234	91.3475	0.0000	29.0458	161.6122	0.0000	0.0000	0.0000	0.0000	0.0030	0.0010	0.0062	0.0041	0.0008	0.0267	0.0023	0.0012	0.0031
36	47	0.1084	2	0	2	0	1	0	0	0	0	N	Y	N	N	N	N	N	N	N	N	N	N	0.0000	0.0000	0.0000	0.0000	0.0000	0.0000	0.0000	0.0000	0.0000	0.0000	0.0000	0.0000	0.0000	0.0000	0.0000	0.0000	0.0000	0.0000	2.9569	4.8177	0.0143	7.3146	8.4231	0.0067	0.0226	0.0315	0.0155	0.0019	0.0000	-0.5177	0.0123	9.0000	6.2120	15.0400	0.0000	0.0000	0.0000	0.0000	0.0000	0.0000	0.0000	0.0000	0.0000	0.9971	0.9952	0.0019	0.9925	0.9924	0.0001	0.0046	0.0028	0.0017	0.0064	0.0060	0.0004	0.0048	0.0046	0.0002	0.0016	0.0014	0.0002	0.3372	0.2066	0.1306	0.1357	0.1178	0.0179	0.2015	0.0888	0.1128	0.0000	0.0000	0.0000	0.0000	0.0000	0.0000	0.0000	0.0000	0.0000	2.9569	4.8177	0.0143	7.3146	8.4231	0.0067	0.0226	0.0315	0.0155	
36	48	0.1870	3	0	1	0	1	0	0	0	0	N	N	N	N	N	N	N	N	N	N	N	N	0.3688	0.2469	0.0000	0.1401	0.1203	0.0000	0.0000	0.0000	0.0000	0.0039	0.0041	0.0000	0.0048	0.0051	0.0000	0.0000	0.0000	0.0000	0.0105	0.0168	0.0003	0.0345	0.0420	0.0004	0.0002	0.0001	0.0003	0.0000	0.0116	-0.0000	-0.0002	0.0123	0.0037	6.2120	3.0208	0.0000	0.0000	0.0000	0.0000	0.0000	0.0000	0.0000	0.0000	0.0000	0.0005	0.0005	0.0000	0.0005	0.0005	0.0000	0.0000	0.0000	0.0000	0.0000	0.0000	0.0000	0.0000	0.0000	0.0000	0.0000	0.0000	0.0000	0.0449	0.0279	0.0170	0.0136	0.0111	0.0025	0.0313	0.0168	0.0145	0.3688	0.2469	0.0000	0.1401	0.1203	0.0000	0.0000	0.0000	0.0000	0.0105	0.0168	0.0003	0.0345	0.0420	0.0004	0.0002	0.0001	0.0003
36	49	0.1084	2	0	1	0	1	0	0	0	0	N	N	N	N	N	N	N	N	N	N	N	N	0.0099	0.0066	0.0011	0.0054	0.0050	0.0015	0.0000	0.0000	0.0000	0.0285	0.0308	0.0000	0.0387	0.0414	0.0001	0.0000	0.0000	0.0000	2.8907	4.6976	0.0310	7.1411	8.2213	0.0359	0.0304	0.0307	0.0302	0.0001	0.0042	-0.0000	-0.5164	0.0123	4.7960	6.2120	23.0471	0.0001	0.0001	0.0000	0.0001	0.0001	0.0000	0.0000	0.0000	0.0000	0.9989	0.9948	0.0041	0.9927	0.9920	0.0007	0.0063	0.0028	0.0035	0.0037	0.0034	0.0003	0.0027	0.0025	0.0002	0.0010	0.0009	0.0001	0.3456	0.2118	0.1338	0.1390	0.1207	0.0183	0.2066	0.0911	0.1155	0.0099	0.0066	0.0011	0.0054	0.0050	0.0015	0.0000	0.0000	0.0000	2.8907	4.6976	0.0310	7.1411	8.2213	0.0359	0.0304	0.0307	0.0302
36	50	0.1434	3	0	2	1	0	0	0	0	0	N	Y	N	N	N	N	N	N	N	N	N	N	759.6683	998.6709	0.6363	2601.0054	59702.8660	0.3033	11.7266	9.9956	0.4688	0.1911	0.2338	0.0002	0.2551	0.3170	0.0002	0.0041	0.0047	0.0001	0.0003	0.0002	0.0003	0.0001	0.0000	0.0007	0.0003	0.0005	0.0002	0.0002	0.6751	-0.0001	-0.0000	0.0123	1.4428	6.2120	0.4686	0.0012	0.0012	0.0000	0.0012	0.0012	0.0000	0.0000	0.0000	0.0000	0.0000	0.0000	0.0000	0.0000	0.0000	0.0000	0.0000	0.0000	0.0000	0.0065	0.0053	0.0012	0.0048	0.0039	0.0009	0.0017	0.0014	0.0002	0.0670	0.0430	0.0240	0.0257	0.0220	0.0036	0.0413	0.0209	0.0204	759.6683	998.6709	0.6363	2601.0054	59702.8660	0.3033	11.7266	9.9956	0.4688	0.0003	0.0002	0.0003	0.0001	0.0000	0.0007	0.0003	0.0005	0.0002
36	51	0.1084	2	0	2	0	0	0	0	0	0	N	Y	N	N	N	N	N	N	N	N	N	N	4413.8475	2632.2747	46707.3355	3921.9903	3049.7122	117166.9641	932.2088	345.6240	8946.6483	2.2691	2.0077	5.7564	2.9204	2.5695	8.9821	0.3335	0.2261	1.1665	0.0005	0.0008	0.0001	0.0007	0.0008	0.0001	0.0004	0.0007	0.0001	0.2149	0.1028	0.0010	-0.0001	0.0123	7.1845	6.2120	8.0722	0.0122	0.0100	0.0022	0.0118	0.0098	0.0020	0.0005	0.0003	0.0002	0.0001	0.0001	0.0000	0.0001	0.0001	0.0000	0.0001	0.0000	0.0000	0.0054	0.0050	0.0004	0.0040	0.0038	0.0002	0.0014	0.0012	0.0002	0.2364	0.1445	0.0919	0.0955	0.0833	0.0122	0.1409	0.0612	0.0797	4413.8475	2632.2747	46707.3355	3921.9903	3049.7122	117166.9641	932.2088	345.6240	8946.6483	0.0005	0.0008	0.0001	0.0007	0.0008	0.0001	0.0004	0.0007	0.0001
36	52	0.1311	3	1	1	1	0	0	0	0	0	N	N	N	N	N	N	N	N	N	N	N	N	27.5654	0.0000	381.2716	77.0490	0.0000	5895.4027	10.4339	0.0000	116.8371	0.0320	0.0000	0.2001	0.0599	0.0000	1.0182	0.0146	0.0000	0.0658	0.0012	0.0016	0.0005	0.0008	0.0008	0.0002	0.0014	0.0025	0.0006	inf	0.2138	0.0000	-0.0001	0.0123	0.9976	6.2120	4.7732	0.0000	0.0000	0.0000	0.0000	0.0000	0.0000	0.0000	0.0000	0.0000	0.0002	0.0001	0.0000	0.0000	0.0000	0.0000	0.0001	0.0001	0.0000	0.0008	0.0006	0.0001	0.0003	0.0003	0.0000	0.0005	0.0004	0.0001	0.1354	0.0827	0.0527	0.0527	0.0475	0.0052	0.0828	0.0353	0.0475	27.5654	0.0000	381.2716	77.0490	0.0000	5895.4027	10.4339	0.0000	116.8371	0.0012	0.0016	0.0005	0.0008	0.0008	0.0002	0.0014	0.0025	0.0006
36	53	0.1084	2	1	1	0	0	0	0	0	0	N	N	N	N	N	N	N	N	N	N	N	N	2852.0750	1.8034	95273.5903	1702.1986	1.4026	54624.5394	2247.0483	24.2444	12694.3100	4.1131	0.0036	51.5195	5.4492	0.0048	76.4744	0.5400	0.0003	5.2561	0.0014	0.0020	0.0005	0.0032	0.0035	0.0014	0.0002	0.0000	0.0004	1230.2269	0.1701	0.0110	-0.0001	0.0123	3.2133	6.2120	6.0120	0.0122	0.0000	0.0122	0.0118	0.0000	0.0117	0.0004	0.0000	0.0004	0.0002	0.0002	0.0000	0.0002	0.0002	0.0000	0.0000	0.0000	0.0000	0.0030	0.0027	0.0002	0.0022	0.0020	0.0002	0.0008	0.0007	0.0001	0.1561	0.0956	0.0605	0.0634	0.0556	0.0078	0.0928	0.0400	0.0528	2852.0750	1.8034	95273.5903	1702.1986	1.4026	54624.5394	2247.0483	24.2444	12694.3100	0.0014	0.0020	0.0005	0.0032	0.0035	0.0014	0.0002	0.0000	0.0004
36	54	0.1084	2	1	2	0	0	0	0	0	0	N	Y	N	N	N	N	N	N	N	N	N	N	8.4577	123.7610	0.0000	11.5403	101.8497	0.0000	0.0000	0.0000	0.0544	0.0599	0.0000	0.0773	0.0851	0.0000	0.0000	0.0000	0.0000	0.0064	0.0005	0.0158	0.0067	0.0008	0.0474	0.0063	0.0000	0.0110	0.0000	20.7616	-0.0000	0.0006	0.0123	1.7961	6.2120	11.9291	0.0001	0.0001	0.0000	0.0001	0.0001	0.0000	0.0000	0.0000	0.0000	0.0013	0.0001	0.0012	0.0005	0.0001	0.0005	0.0007	0.0000	0.0007	0.0019	0.0017	0.0002	0.0013	0.0012	0.0001	0.0006	0.0005	0.0001	0.1987	0.1215	0.0772	0.0804	0.0703	0.0101	0.1183	0.0512	0.0671	8.4577	123.7610	0.0000	11.5403	101.8497	0.0000	0.0000	0.0000	0.0000	0.0064	0.0005	0.0158	0.0067	0.0008	0.0474	0.0063	0.0000	0.0110	
36	55	0.1297	3	0	2	0	0	0	0	0	0	N	Y	N	N	N	N	N	N	N	N	N	N	32.9662	25.9012	0.0000	62.1422	59.4022	0.0000	0.5431	0.2549	0.0000	0.0502	0.0548	0.0000	0.0697	0.0768	0.0000	0.0012	0.0013	0.0000	0.0015	0.0021	0.0000	0.0011	0.0013	0.0000	0.0023	0.0052	0.0000	0.0000	0.0003	-0.0000	-0.0001	0.0123	0.0041	6.2120	6.2745	0.0000	0.0000	0.0000	0.0000	0.0000	0.0000	0.0000	0.0000	0.0000	0.0002	0.0002	0.0000	0.0001	0.0001	0.0000	0.0001	0.0001	0.0000	0.0000	0.0000	0.0000	0.0000	0.0000	0.0000	0.0000	0.0000	0.0000	0.1246	0.0897	0.0350	0.0815	0.0707	0.0108	0.0431	0.0189	0.0242	32.9662	25.9012	0.0000	62.1422	59.4022	0.0000	0.5431	0.2549	0.0000	0.0015	0.0021	0.0000	0.0011	0.0013	0.0000	0.0023	0.0052	0.0000
36	56	0.1785	3	0	1	1	0	0	0	0	0	N	N	N	N	N	N	N	N	N	N	N	N	8032.0324	inf	0.0000	2953.1021	inf	0.0000	4840.2476	inf	0.0000	1.1709	1.2394	0.0000	1.3915	1.4469	0.0000	0.2297	0.2633	0.0000	0.0001	0.0000	0.0004	0.0005	0.0000	0.0021	0.0000	0.0000	0.0001	0.0000	inf	-0.0012	0.0000	0.0123	18.9997	6.2120	4.0000	0.0123	0.0123	0.0000	0.0119	0.0119	0.0000	0.0005	0.0005	0.0000	0.0000	0.0000	0.0000	0.0000	0.0000	0.0000	0.0000	0.0000	0.0000	0.0105	0.0100	0.0006	0.0085	0.0082	0.0003	0.0020	0.0017	0.0003	0.2743	0.1636	0.1107	0.0637	0.0495	0.0141	0.2107	0.1141	0.0966	8032.0324	inf	0.0000	2953.1021	inf	0.0000	4840.2476	inf	0.0000	0.0001	0.0000	0.0004	0.0005	0.0000	0.0021	0.0000	0.0000	0.0001
36	57	0.1084	2	0	1	0	0	0	0	0	0	N	N	N	N	N	N	N	N	N	N	N	N	0.0172	0.0116	0.0000	0.0098	0.0094	0.0000	0.0000	0.0000	0.0000	0.0515	0.0565	0.0000	0.0727	0.0798	0.0000	0.0000	0.0000	0.0000	2.9941	4.8674	0.0328	7.3924	8.5066	0.0396	0.0318	0.0319	0.0317	0.0000	0.0043	-0.0000	-0.5166	0.0123	1.7961	6.2120	22.3138	0.0001	0.0001	0.0000	0.0001	0.0001	0.0000	0.0000	0.0000	0.0000	0.9995	0.9952	0.0042	0.9931	0.9924	0.0007	0.0063	0.0028	0.0035	0.0020	0.0018	0.0002	0.0014	0.0013	0.0001	0.0006	0.0005	0.0001	0.3338	0.2045	0.1293	0.1343	0.1167	0.0177	0.1995	0.0878	0.1117	0.0172	0.0116	0.0000	0.0098	0.0094	0.0000	0.0000	0.0000	0.0000	2.9941	4.8674	0.0328	7.3924	8.5066	0.0396	0.0318	0.0319	0.0317
36	58	0.1293	4	1	2	0	0	0	0	0	0	N	Y	N	N	N	N	N	N	N	N	N	N	23.5782	0.0000	111.8114	25.4253	0.0000	264.0176	18.2323	0.0000	42.7932	0.0179	0.0000	0.1218	0.0403	0.0000	1.0113	0.0067	0.0000	0.0338	0.0008	0.0006	0.0011	0.0016	0.0013	0.0038	0.0004	0.0000	0.0008	inf	1.0359	0.0000	-0.0000	0.0123	0.9359	6.2120	8.5945	0.0000	0.0000	0.0000	0.0000	0.0000	0.0000	0.0000	0.0000	0.0000	0.0002	0.0001	0.0001	0.0001	0.0001	0.0000	0.0001	0.0000	0.0001	0.0008	0.0007	0.0001	0.0003	0.0003	0.0000	0.0005	0.0004	0.0001	0.2619	0.1693	0.0926	0.0835	0.0743	0.0092	0.1784	0.0950	0.0835	23.5782	0.0000	111.8114	25.4253	0.0000	264.0176	18.2323	0.0000	42.7932	0.0008	0.0006	0.0011	0.0016	0.0013	0.0038	0.0004	0.0000	0.0008
36	59	0.1265	3	0	2	0	0	0	0	0	0	N	Y	N	N	N	N	N	N	N	N	N	N	6.4687	2.8884	62.4094	5.1259	3.0679	61.7577	11.8402	0.0880	25.7061	0.1320	0.0774	0.3846	0.2663	0.1676	0.9993	0.0302	0.0000	0.1358	0.0204	0.0268	0.0062	0.0520	0.0546	0.0162	0.0026	0.0004	0.0053	1.0731	0.1033	0.0000	-0.0007	0.0123	0.1706	6.2120	1.8413	0.0000	0.0000	0.0000	0.0000	0.0000	0.0000	0.0000	0.0000	0.0000	0.0017	0.0016	0.0002	0.0016	0.0016	0.0000	0.0001	0.0000	0.0001	0.0002	0.0002	0.0000	0.0001	0.0001	0.0000	0.0001	0.0001	0.0000	0.0850	0.0586	0.0263	0.0307	0.0286	0.0021	0.0543	0.0300	0.0242	6.4687	2.8884	62.4094	5.1259	3.0679	61.7577	11.8402	0.0880	25.7061	0.0204	0.0268	0.0062	0.0520	0.0546	0.0162	0.0026	0.0004	0.0053
36	60	0.1084	2	0	2	0	0	0	0	0	0	N	Y	N	N	N	N	N	N	N	N	N	N	311.7067	4.2387	1712.2925	16453.4872	2.9801	564055.4139	27.2980	244.1322	137.5351	2.5511	0.0005	35.7415	3.2969	0.0006	57.6107	0.3718	0.0002	3.2979	0.0082	0.0001	0.0209	0.0002	0.0002	0.0001	0.0136	0.0000	0.0240	5199.6114	106.3870	0.0111	0.0007	0.0123	6.1830	6.2120	4.8458	0.0122	0.0000	0.0122	0.0118	0.0000	0.0118	0.0005	0.0000	0.0005	0.0015	0.0000	0.0015	0.0000	0.0000	0.0000	0.0015	0.0000	0.0015	0.0048	0.0045	0.0003	0.0036	0.0034	0.0002	0.0012	0.0011	0.0001	0.1813	0.1109	0.0704	0.0734	0.0643	0.0092	0.1078	0.0466	0.0613	311.7067	4.2387	1712.2925	16453.4872	2.9801	564055.4139	27.2980	244.1322	137.5351	0.0082	0.0001	0.0209	0.0002	0.0002	0.0001	0.0136	0.0000	0.0240
36	61	0.5015	9	0	1	0	0	0	0	0	0	N	N	N	N	N	N	N	N	N	N	N	N	0.0003	0.0002	0.0000	0.0022	0.0023	0.0000	0.0000	0.0000	0.0000	0.0000	0.0000	0.0000	0.0000	0.0000	0.0000	0.0000	0.0000	0.0000	0.1338	0.1898	0.0070	0.0194	0.0202	0.0149	0.2489	0.4534	0.0042	0.0000	0.0162	-0.0000	-0.0124	0.0123	1.0140	6.2120	12.0537	0.0000	0.0000	0.0000	0.0000	0.0000	0.0000	0.0000	0.0000	0.0000	0.0245	0.0241	0.0004	0.0018	0.0016	0.0002	0.0227	0.0225	0.0002	0.0006	0.0006	0.0000	0.0005	0.0005	0.0000	0.0001	0.0001	0.0000	0.1827	0.1268	0.0559	0.0916	0.0772	0.0144	0.0911	0.0496	0.0415	0.0003	0.0002	0.0000	0.0022	0.0023	0.0000	0.0000	0.0000	0.0000	0.1338	0.1898	0.0070	0.0194	0.0202	0.0149	0.2489	0.4534	0.0042
36	62	0.4256	6	0	1	0	0	0	0	0	0	N	N	N	N	N	N	N	N	N	N	N	N	0.0010	0.0204	0.0000	0.0011	0.0525	0.0000	0.0002	0.0021	0.0000	0.0016	0.0017	0.0000	0.0018	0.0019	0.0000	0.0003	0.0003	0.0000	1.6229	0.0814	4.7097	1.6728	0.0366	48.6902	1.5764	0.1646	2.7412	0.0000	28.8766	-0.0000	0.7496	0.0123	22.0948	6.2120	64.3951	0.0000	0.0000	0.0000	0.0000	0.0000	0.0000	0.0000	0.0000	0.0000	1.6828	0.0563	1.6265	0.8375	0.0164	0.8211	0.8453	0.0399	0.8054	0.0115	0.0109	0.0006	0.0095	0.0091	0.0004	0.0021	0.0018	0.0003	1.0369	0.6915	0.3453	0.5007	0.4491	0.0515	0.5362	0.2424	0.2938	0.0010	0.0204	0.0000	0.0011	0.0525	0.0000	0.0002	0.0021	0.0000	1.6229	0.0814	4.7097	1.6728	0.0366	15.9284	1.5764	0.1646	2.7412
36	63	0.2188	5	0	1	0	0	0	0	0	0	N	N	N	N	N	N	N	N	N	N	N	N	0.0002	0.0277	0.0000	0.0628	0.1071	0.0000	0.0000	0.0017	0.0000	0.0003	0.0004	0.0000	0.0004	0.0004	0.0000	0.0000	0.0001	0.0000	1.8434	0.0132	5.4791	0.0066	0.0040	0.0286	3.6949	0.0325	6.4885	0.0000	208.4708	-0.0000	0.4712	0.0123	3.0638	6.2120	18.8214	0.0000	0.0000	0.0000	0.0000	0.0000	0.0000	0.0000	0.0000	0.0000	0.9937	0.0047	0.9890	0.0018	0.0010	0.0008	0.9920	0.0038	0.9882	0.0019	0.0018	0.0001	0.0015	0.0015	0.0001	0.0004	0.0003	0.0000	0.5391	0.3586	0.1805	0.2706	0.2424	0.0282	0.2685	0.1162	0.1523	0.0002	0.0277	0.0000	0.0628	0.1071	0.0000	0.0000	0.0017	0.0000	1.8434	0.0132	5.4791	0.0066	0.0040	0.0286	3.6949	0.0325	6.4885
36	64	0.1297	3	1	2	1	0	0	0	0	0	N	Y	N	N	N	N	N	N	N	N	N	N	1.8528	1.4248	0.0000	16.8482	15.4094	0.0000	0.0257	0.0137	0.0000	0.0008	0.0008	0.0000	0.0010	0.0010	0.0000	0.0000	0.0000	0.0000	0.0004	0.0006	0.0000	0.0001	0.0001	0.0000	0.0011	0.0024	0.0000	0.0000	0.0026	-0.0000	-0.0000	0.0123	1.0029	6.2120	8.4685	0.0000	0.0000	0.0000	0.0000	0.0000	0.0000	0.0000	0.0000	0.0000	0.0001	0.0001	0.0000	0.0000	0.0000	0.0000	0.0001	0.0001	0.0000	0.0006	0.0006	0.0000	0.0005	0.0005	0.0000	0.0001	0.0001	0.0000	0.1588	0.1146	0.0442	0.1040	0.0894	0.0146	0.0548	0.0252	0.0296	1.8528	1.4248	0.0000	16.8482	15.4094	0.0000	0.0257	0.0137	0.0000	0.0004	0.0006	0.0000	0.0001	0.0001	0.0000	0.0011	0.0024	0.0000
36	65	0.1084	2	0	2	0	0	0	0	0	0	N	Y	N	N	N	N	N	N	N	N	N	N	89.4136	66.2313	16.2141	59.3892	59.1447	414.8750	0.1844	0.1679	1.2261	0.0802	0.0893	0.0030	0.1192	0.1351	0.0038	0.0000	0.0000	0.0003	0.0009	0.0013	0.0002	0.0020	0.0023	0.0000	0.0001	0.0000	0.0002	0.0039	0.0860	-0.0000	-0.0001	0.0123	0.7961	6.2120	8.5878	0.0001	0.0001	0.0000	0.0001	0.0001	0.0000	0.0000	0.0000	0.0000	0.0001	0.0001	0.0000	0.0001	0.0001	0.0000	0.0000	0.0000	0.0000	0.0013	0.0012	0.0001	0.0009	0.0008	0.0001	0.0004	0.0004	0.0000	0.1446	0.0886	0.0560	0.0588	0.0516	0.0072	0.0859	0.0370	0.0489	89.4136	66.2313	16.2141	59.3892	59.1447	414.8750	0.1844	0.1679	1.2261	0.0009	0.0013	0.0002	0.0020	0.0023	0.0000	0.0001	0.0000	0.0002
36	66	0.5015	9	0	2	0	0	0	0	0	0	N	Y	N	N	N	N	N	N	N	N	N	N	0.0000	0.0002	0.0000	0.0114	0.0102	0.0000	0.0000	0.0000	0.0000	0.0000	0.0000	0.0000	0.0000	0.0000	0.0000	0.0000	0.0000	0.0000	5.4509	0.1759	17.3773	0.0038	0.0045	0.0001	10.9149	0.4420	23.4151	0.0000	43.6922	-0.0000	0.4663	0.0123	1.0110	6.2120	12.5479	0.0000	0.0000	0.0000	0.0000	0.0000	0.0000	0.0000	0.0000	0.0000	1.0214	0.0229	0.9986	0.0004	0.0004	0.0000	1.0211	0.0225	0.9986	0.0006	0.0006	0.0000	0.0005	0.0005	0.0000	0.0001	0.0001	0.0000	0.1874	0.1299	0.0575	0.0938	0.0790	0.0148	0.0935	0.0509	0.0426	0.0000	0.0002	0.0000	0.0114	0.0102	0.0000	0.0000	0.0000	0.0000	5.4509	0.1759	17.3773	0.0038	0.0045	0.0001	10.9149	0.4420	23.4151
36	67	0.4951	8	0	1	0	0	0	0	0	0	N	N	N	N	N	N	N	N	N	N	N	N	0.0000	0.0000	0.0000	0.0001	0.0001	0.0000	0.0000	0.0000	0.0000	0.0000	0.0000	0.0000	0.0000	0.0000	0.0000	0.0000	0.0000	0.0000	0.7973	1.0610	0.0681	0.5091	0.5677	0.0204	1.1150	1.9287	0.0809	0.0000	0.0232	-0.0000	-0.0333	0.0123	0.9784	6.2120	1.5217	0.0000	0.0000	0.0000	0.0000	0.0000	0.0000	0.0000	0.0000	0.0000	0.0668	0.0652	0.0015	0.0224	0.0223	0.0001	0.0444	0.0430	0.0014	0.0006	0.0006	0.0000	0.0005	0.0005	0.0000	0.0001	0.0001	0.0000	0.0837	0.0615	0.0222	0.0439	0.0392	0.0047	0.0398	0.0223	0.0175	0.0000	0.0000	0.0000	0.0001	0.0001	0.0000	0.0000	0.0000	0.0000	0.7973	1.0610	0.0681	0.5091	0.5677	0.0204	1.1150	1.9287	0.0809
36	68	0.4649	7	0	1	0	0	0	0	0	0	N	N	N	N	N	N	N	N	N	N	N	N	0.0013	0.0009	0.0000	0.0012	0.0011	0.0000	0.0002	0.0001	0.0000	0.0005	0.0005	0.0000	0.0005	0.0006	0.0000	0.0000	0.0001	0.0000	0.3583	0.5191	0.0068	0.4424	0.5348	0.0090	0.2493	0.4860	0.0059	0.0000	0.0060	-0.0000	-0.0342	0.0123	1.0531	6.2120	9.0748	0.0000	0.0000	0.0000	0.0000	0.0000	0.0000	0.0000	0.0000	0.0000	0.0664	0.0660	0.0004	0.0463	0.0461	0.0002	0.0201	0.0199	0.0002	0.0007	0.0006	0.0000	0.0005	0.0005	0.0000	0.0001	0.0001	0.0000	0.1854	0.1272	0.0582	0.1046	0.0862	0.0184	0.0808	0.0410	0.0398	0.0013	0.0009	0.0000	0.0012	0.0011	0.0000	0.0002	0.0001	0.0000	0.3583	0.5191	0.0068	0.4424	0.5348	0.0090	0.2493	0.4860	0.0059
36	69	0.1084	2	1	1	1	0	0	0	0	0	N	N	N	N	N	N	N	N	N	N	N	N	0.0000	0.0000	0.0000	0.0000	0.0000	0.0000	0.0000	0.0000	0.0000	0.0000	0.0000	0.0000	0.0000	0.0000	0.0000	0.0000	0.0000	0.0000	0.0000	0.0000	0.0123	0.0000	6.2120	4.9600	0.0000	0.0000	0.0000	0.0000	0.0000	0.0000	0.0000	0.0000	0.0000	0.0000	0.0000	0.0000	0.0000	0.0000	0.0000	0.0000	0.0000	0.0000	0.0000	0.0000	0.0000	0.0000	0.0000	0.0000	0.0000	0.0000	0.0000	0.0929	0.0573	0.0355	0.0381	0.0337	0.0044	0.0548	0.0237	0.0311	0.0000	0.0000	0.0000	0.0000	0.0000	0.0000	0.0000	0.0000	0.0000	0.0000	0.0000	0.0000	0.0000	0.0000	0.0000	0.0000	0.0000	0.0000											
36	71	0.1647	6	0	1	1	0	0	0	0	0	N	N	N	N	N	N	N	N	N	N	N	N	0.0000	0.0000	0.0000	0.0000	0.0000	0.0000	0.0000	0.0000	0.0000	0.0000	0.0000	0.0000	0.0000	0.0000	0.0000	0.0000	0.0000	0.0000	0.0000	0.0000	0.0000	0.0000	0.0000	0.0000	0.0000	0.0000	18.6071	0.0000	0.0000	0.0123	1.0000	6.2120	0.0055	0.0000	0.0000	0.0000	0.0000	0.0000	0.0000	0.0000	0.0000	0.0000	0.0000	0.0000	0.0000	0.0000	0.0000	0.0000	0.0000	0.0000	0.0000	0.0001	0.0001	0.0000	0.0000	0.0000	0.0000	0.0001	0.0001	0.0000	0.0148	0.0094	0.0054	0.0046	0.0041	0.0005	0.0102	0.0053	0.0049	0.0000	0.0000	0.0000	0.0000	0.0000	0.0000	0.0000	0.0000	0.0000	0.0000	0.0000	0.0000	0.0000	0.0000	0.0000	0.0000	0.0000	0.0000		
36	72	0.1580	5	0	1	1	0	0	0	0	0	N	N	N	N	N	N	N	N	N	N	N	N	0.0000	0.0000	0.0000	0.0000	0.0000	0.0000	0.0000	0.0000	0.0000	0.0000	0.0000	0.0000	0.0000	0.0000	0.0000	0.0000	0.0000	0.0000	0.0007	0.0010	0.0002	0.0001	0.0000	0.0003	0.0010	0.0017	0.0002	0.1285	0.0000	-0.0000	0.0123	0.0000	6.2120	1.0265	0.0000	0.0000	0.0000	0.0000	0.0000	0.0000	0.0000	0.0000	0.0000	0.0000	0.0000	0.0000	0.0000	0.0000	0.0000	0.0000	0.0000	0.0000	0.0000	0.0000	0.0000	0.0000	0.0000	0.0000	0.0000	0.0000	0.0000	0.0162	0.0105	0.0057	0.0053	0.0048	0.0005	0.0109	0.0058	0.0052	0.0000	0.0000	0.0000	0.0000	0.0000	0.0000	0.0000	0.0000	0.0000	0.0007	0.0010	0.0002	0.0001	0.0000	0.0003	0.0010	0.0017	0.0002	
36	73	0.1526	4	0	1	0	0	0	0	0	0	N	N	N	N	N	N	N	N	N	N	N	N	0.0000	0.0000	0.0000	0.0000	0.0000	0.0000	0.0000	0.0000	0.0000	0.0000	0.0000	0.0000	0.0000	0.0000	0.0000	0.0000	0.0000	0.0000	0.0007	0.0008	0.0005	0.0003	0.0003	0.0003	0.0012	0.0024	0.0005	0.3647	0.0000	-0.0000	0.0123	0.0000	6.2120	1.0321	0.0000	0.0000	0.0000	0.0000	0.0000	0.0000	0.0000	0.0000	0.0000	0.0001	0.0001	0.0000	0.0000	0.0000	0.0000	0.0001	0.0000	0.0000	0.0001	0.0001	0.0000	0.0001	0.0000	0.0000	0.0000	0.0000	0.0000	0.1100	0.0714	0.0385	0.0607	0.0548	0.0059	0.0493	0.0167	0.0327	0.0000	0.0000	0.0000	0.0000	0.0000	0.0000	0.0000	0.0000	0.0000	0.0007	0.0008	0.0005	0.0003	0.0003	0.0003	0.0012	0.0024	0.0005	
36	74	0.1298	3	0	1	0	0	0	0	0	0	N	N	N	N	N	N	N	N	N	N	N	N	3.4145	3.9290	8.2130	6.4965	5.5397	17.8749	0.4168	0.5451	0.6465	0.0176	0.0141	0.0697	0.0217	0.0170	0.1115	0.0029	0.0025	0.0057	0.0052	0.0036	0.0085	0.0033	0.0031	0.0062	0.0069	0.0045	0.0088	0.3351	1.1226	0.0000	0.0000	0.0123	0.5629	6.2120	8.5245	0.0000	0.0000	0.0000	0.0000	0.0000	0.0000	0.0000	0.0000	0.0000	0.0015	0.0007	0.0008	0.0005	0.0004	0.0001	0.0011	0.0003	0.0007	0.0004	0.0004	0.0000	0.0003	0.0003	0.0000	0.0001	0.0001	0.0000	0.2976	0.2017	0.0959	0.1426	0.1310	0.0116	0.1550	0.0707	0.0843	3.4145	3.9290	8.2130	6.4965	5.5397	17.8749	0.4168	0.5451	0.6465	0.0052	0.0036	0.0085	0.0033	0.0031	0.0062	0.0069	0.0045	0.0088
36	75	0.1468	4	0	2	0	0	0	0	0	0	N	Y	N	N	N	N	N	N	N	N	N	N	0.0000	0.0000	0.0000	0.0000	0.0000	0.0000	0.0000	0.0000	0.0000	0.0000	0.0000	0.0000	0.0000	0.0000	0.0000	0.0000	0.0000	0.0000	0.0055	0.0085	0.0005	0.0219	0.0239	0.0008	0.0002	0.0000	0.0005	0.0333	0.0000	-0.0003	0.0123	1.9994	6.2120	4.0943	0.0000	0.0000	0.0000	0.0000	0.0000	0.0000	0.0000	0.0000	0.0000	0.0006	0.0006	0.0000	0.0006	0.0006	0.0000	0.0000	0.0000	0.0000	0.0002	0.0002	0.0000	0.0000	0.0000	0.0000	0.0002	0.0002	0.0000	0.1047	0.0655	0.0392	0.0254	0.0233	0.0021	0.0793	0.0422	0.0371	0.0000	0.0000	0.0000	0.0000	0.0000	0.0000	0.0000	0.0000	0.0000	0.0055	0.0085	0.0005	0.0219	0.0239	0.0008	0.0002	0.0000	0.0005	
36	76	0.1405	3	0	1	0	0	0	0	0	0	N	N	N	N	N	N	N	N	N	N	N	N	0.0000	0.0000	0.0000	0.0000	0.0000	0.0000	0.0000	0.0000	0.0000	0.0000	0.0000	0.0000	0.0000	0.0000	0.0000	0.0000	0.0000	0.0000	0.1014	0.1521	0.0049	0.3173	0.3371	0.0181	0.0156	0.0253	0.0042	0.0170	0.0000	-0.0030	0.0123	0.0011	6.2120	2.7207	0.0000	0.0000	0.0000	0.0000	0.0000	0.0000	0.0000	0.0000	0.0000	0.0059	0.0058	0.0001	0.0052	0.0052	0.0000	0.0006	0.0006	0.0001	0.0000	0.0000	0.0000	0.0000	0.0000	0.0000	0.0000	0.0000	0.0000	0.0578	0.0379	0.0199	0.0164	0.0154	0.0010	0.0414	0.0225	0.0189	0.0000	0.0000	0.0000	0.0000	0.0000	0.0000	0.0000	0.0000	0.0000	0.1014	0.1521	0.0049	0.3173	0.3371	0.0181	0.0156	0.0253	0.0042	
36	77	0.1084	2	0	1	0	0	0	0	0	0	N	N	N	N	N	N	N	N	N	N	N	N	0.0000	0.0000	0.0000	0.0000	0.0000	0.0000	0.0000	0.0000	0.0000	0.0000	0.0000	0.0000	0.0000	0.0000	0.0000	0.0000	0.0000	0.0000	5.9171	9.6342	0.0572	14.5042	16.5431	0.0632	0.0600	0.0647	0.0564	0.0038	0.0000	-0.5141	0.0123	0.0001	6.2120	10.0074	0.0000	0.0000	0.0000	0.0000	0.0000	0.0000	0.0000	0.0000	0.0000	0.9938	0.9900	0.0037	0.9878	0.9872	0.0005	0.0060	0.0028	0.0032	0.0008	0.0007	0.0001	0.0005	0.0004	0.0001	0.0003	0.0003	0.0000	0.1679	0.1028	0.0652	0.0681	0.0597	0.0084	0.0998	0.0431	0.0568	0.0000	0.0000	0.0000	0.0000	0.0000	0.0000	0.0000	0.0000	0.0000	5.9171	9.6342	0.0572	14.5042	16.5431	0.0632	0.0600	0.0647	0.0564	
36	78	0.1286	3	1	1	1	0	0	0	0	0	N	N	N	N	N	N	N	N	N	N	N	N	203.8999	16738.9574	36.2779	329.0998	17579.6491	151.7665	7.0249	inf	17.2322	0.0045	0.0048	0.0020	0.0128	0.0124	0.0485	0.0001	0.0000	0.0005	0.0000	0.0000	0.0001	0.0000	0.0000	0.0003	0.0000	0.0000	0.0000	0.0553	125.7342	-0.0000	0.0000	0.0123	1.6246	6.2120	0.0115	0.0000	0.0000	0.0000	0.0000	0.0000	0.0000	0.0000	0.0000	0.0000	0.0000	0.0000	0.0000	0.0000	0.0000	0.0000	0.0000	0.0000	0.0000	0.0015	0.0013	0.0002	0.0005	0.0005	0.0000	0.0010	0.0008	0.0002	0.0453	0.0273	0.0180	0.0127	0.0112	0.0015	0.0325	0.0161	0.0164	203.8999	16738.9574	36.2779	329.0998	17579.6491	151.7665	7.0249	inf	17.2322	0.0000	0.0000	0.0001	0.0000	0.0000	0.0003	0.0000	0.0000	0.0000
36	79	0.1084	2	1	1	1	0	0	0	0	0	N	N	N	N	N	N	N	N	N	N	N	N	288987.2488	737.9180	1786114.1385	201202.5669	558.8681	537348.3694	101341.1081	inf	498213.1310	2.0567	0.0007	30.0740	2.6370	0.0009	49.9839	0.3085	0.0000	2.6723	0.0000	0.0000	0.0000	0.0000	0.0000	0.0001	0.0000	0.0000	0.0000	3193.9264	11.4328	0.0111	0.0000	0.0123	8.1927	6.2120	3.9952	0.0122	0.0000	0.0122	0.0118	0.0000	0.0118	0.0005	0.0000	0.0005	0.0000	0.0000	0.0000	0.0000	0.0000	0.0000	0.0000	0.0000	0.0000	0.0060	0.0055	0.0004	0.0045	0.0042	0.0002	0.0015	0.0013	0.0002	0.1969	0.1204	0.0765	0.0797	0.0697	0.0100	0.1172	0.0507	0.0665	288987.2488	737.9180	1786114.1385	201202.5669	558.8681	537348.3694	101341.1081	inf	498213.1310	0.0000	0.0000	0.0000	0.0000	0.0000	0.0001	0.0000	0.0000	0.0000
36	80	0.1084	2	0	2	0	1	0	0	0	0	N	Y	N	N	N	N	N	N	N	N	N	N	8.0852	97.9851	0.0000	31.2907	85.1757	0.0000	0.0000	0.0000	0.0799	0.0893	0.0000	0.1188	0.1351	0.0000	0.0000	0.0000	0.0000	0.0099	0.0009	0.0240	0.0038	0.0016	0.0187	0.0140	0.0000	0.0248	0.0000	16.7381	-0.0000	0.0011	0.0123	0.7962	6.2120	19.0091	0.0001	0.0001	0.0000	0.0001	0.0001	0.0000	0.0000	0.0000	0.0000	0.0026	0.0001	0.0025	0.0004	0.0001	0.0003	0.0022	0.0000	0.0022	0.0013	0.0012	0.0001	0.0009	0.0008	0.0001	0.0004	0.0004	0.0000	0.2669	0.1632	0.1037	0.1077	0.0938	0.0139	0.1592	0.0694	0.0898	8.0852	97.9851	0.0000	31.2907	85.1757	0.0000	0.0000	0.0000	0.0000	0.0099	0.0009	0.0240	0.0038	0.0016	0.0187	0.0140	0.0000	0.0248	
36	81	0.1084	2	0	2	0	0	0	0	0	0	N	Y	N	N	N	N	N	N	N	N	N	N	0.0264	0.0181	0.0000	0.0159	0.0157	0.0000	0.0000	0.0000	0.0000	0.0799	0.0893	0.0000	0.1188	0.1351	0.0000	0.0000	0.0000	0.0000	3.0322	4.9302	0.0330	7.4853	8.6123	0.0396	0.0321	0.0323	0.0319	0.0000	0.0042	-0.0000	-0.5166	0.0123	0.7962	6.2120	25.3140	0.0001	0.0001	0.0000	0.0001	0.0001	0.0000	0.0000	0.0000	0.0000	0.9995	0.9953	0.0042	0.9932	0.9925	0.0007	0.0063	0.0028	0.0035	0.0013	0.0012	0.0001	0.0009	0.0008	0.0001	0.0004	0.0004	0.0000	0.3296	0.2019	0.1277	0.1327	0.1152	0.0174	0.1969	0.0866	0.1103	0.0264	0.0181	0.0000	0.0159	0.0157	0.0000	0.0000	0.0000	0.0000	3.0322	4.9302	0.0330	7.4853	8.6123	0.0396	0.0321	0.0323	0.0319
36	82	0.1084	2	0	2	0	0	0	0	0	0	N	Y	N	N	N	N	N	N	N	N	N	N	0.0193	0.0131	0.0000	0.0111	0.0106	0.0000	0.0000	0.0000	0.0000	0.0544	0.0599	0.0000	0.0773	0.0851	0.0000	0.0000	0.0000	0.0000	2.8209	4.5841	0.0277	6.9723	8.0303	0.0281	0.0290	0.0308	0.0277	0.0000	0.0038	-0.0000	-0.5168	0.0123	1.7961	6.2120	27.0091	0.0001	0.0001	0.0000	0.0001	0.0001	0.0000	0.0000	0.0000	0.0000	0.9991	0.9953	0.0038	0.9930	0.9925	0.0005	0.0062	0.0029	0.0033	0.0019	0.0017	0.0002	0.0013	0.0012	0.0001	0.0006	0.0005	0.0001	0.3542	0.2171	0.1371	0.1424	0.1236	0.0188	0.2118	0.0935	0.1182	0.0193	0.0131	0.0000	0.0111	0.0106	0.0000	0.0000	0.0000	0.0000	2.8209	4.5841	0.0277	6.9723	8.0303	0.0281	0.0290	0.0308	0.0277
36	83	0.2188	5	0	1	0	0	0	0	0	0	N	N	N	N	N	N	N	N	N	N	N	N	0.0006	0.0008	0.0000	0.0006	0.0006	0.0000	0.0001	0.0008	0.0000	0.0001	0.0001	0.0000	0.0001	0.0001	0.0000	0.0000	0.0000	0.0000	0.1851	0.1539	0.2495	0.2110	0.2341	0.0221	0.1624	0.0238	0.2914	0.0000	0.7858	-0.0000	-0.0097	0.0123	10.0679	6.2120	33.8159	0.0000	0.0000	0.0000	0.0000	0.0000	0.0000	0.0000	0.0000	0.0000	0.1203	0.0673	0.0529	0.0641	0.0634	0.0007	0.0562	0.0040	0.0522	0.0057	0.0054	0.0003	0.0046	0.0044	0.0002	0.0011	0.0009	0.0001	0.6497	0.4375	0.2121	0.3037	0.2707	0.0330	0.3459	0.1668	0.1791	0.0006	0.0008	0.0000	0.0006	0.0006	0.0000	0.0001	0.0008	0.0000	0.1851	0.1539	0.2495	0.2110	0.2341	0.0221	0.1624	0.0238	0.2914
36	84	0.1912	4	0	1	0	0	0	0	0	0	N	N	N	N	N	N	N	N	N	N	N	N	0.0028	0.0141	0.0013	0.0132	0.0118	0.1626	0.0011	0.0299	0.0007	0.0020	0.0019	0.0022	0.0021	0.0021	0.0030	0.0013	0.0013	0.0014	0.6965	0.1371	1.7431	0.1587	0.1749	0.0184	1.2705	0.0444	2.0561	0.0756	6.7986	-0.0000	0.1270	0.0123	0.9441	6.2120	14.0836	0.0000	0.0000	0.0000	0.0000	0.0000	0.0000	0.0000	0.0000	0.0000	0.3622	0.0464	0.3158	0.0426	0.0421	0.0005	0.3196	0.0044	0.3152	0.0006	0.0006	0.0000	0.0005	0.0005	0.0000	0.0001	0.0001	0.0000	0.5200	0.3389	0.1812	0.2684	0.2406	0.0278	0.2516	0.0982	0.1533	0.0028	0.0141	0.0013	0.0132	0.0118	0.1626	0.0011	0.0299	0.0007	0.6965	0.1371	1.7431	0.1587	0.1749	0.0184	1.2705	0.0444	2.0561
36	85	0.4734	7	0	1	0	0	0	0	0	0	N	N	N	N	N	N	N	N	N	N	N	N	0.0008	0.0046	0.0000	0.0069	0.0064	0.0000	0.0001	0.0010	0.0000	0.0015	0.0015	0.0000	0.0016	0.0017	0.0000	0.0004	0.0004	0.0000	1.8671	0.3360	5.1423	0.2338	0.2622	0.0357	3.0880	0.4258	6.1767	0.0000	7.1540	-0.0000	0.2737	0.0123	15.0008	6.2120	28.2980	0.0000	0.0000	0.0000	0.0000	0.0000	0.0000	0.0000	0.0000	0.0000	0.7683	0.0942	0.6741	0.0412	0.0404	0.0008	0.7271	0.0539	0.6733	0.0108	0.0103	0.0006	0.0094	0.0090	0.0004	0.0014	0.0013	0.0002	0.4115	0.2804	0.1311	0.1760	0.1539	0.0221	0.2355	0.1265	0.1090	0.0008	0.0046	0.0000	0.0069	0.0064	0.0000	0.0001	0.0010	0.0000	1.8671	0.3360	5.1423	0.2338	0.2622	0.0357	3.0880	0.4258	6.1767
36	86	0.4734	7	0	1	0	0	0	0	0	0	N	N	N	N	N	N	N	N	N	N	N	N	0.0007	0.0018	0.0000	0.0015	0.0013	0.0000	0.0001	0.0015	0.0000	0.0025	0.0027	0.0000	0.0028	0.0029	0.0000	0.0006	0.0007	0.0000	3.5836	1.5038	8.3350	1.9337	2.1842	0.0112	5.0445	0.4943	10.1346	0.0000	2.4261	-0.0000	0.2608	0.0123	10.8154	6.2120	27.4443	0.0000	0.0000	0.0000	0.0000	0.0000	0.0000	0.0000	0.0000	0.0000	1.3942	0.4069	0.9873	0.3533	0.3531	0.0002	1.0409	0.0539	0.9870	0.0062	0.0059	0.0003	0.0054	0.0052	0.0002	0.0008	0.0007	0.0001	0.3891	0.2706	0.1184	0.1827	0.1617	0.0211	0.2063	0.1089	0.0974	0.0007	0.0018	0.0000	0.0015	0.0013	0.0000	0.0001	0.0015	0.0000	3.5836	1.5038	8.3350	1.9337	2.1842	0.0112	5.0445	0.4943	10.1346
36	87	0.4256	6	0	1	0	0	0	0	0	0	N	N	N	N	N	N	N	N	N	N	N	N	0.0181	0.0179	0.0227	0.0214	0.0200	0.0593	0.0117	0.0111	0.0151	0.0137	0.0134	0.0176	0.0145	0.0142	0.0214	0.0100	0.0094	0.0128	0.7568	0.7483	0.7738	0.6763	0.7099	0.3611	0.8503	0.8521	0.8492	0.0917	0.5202	-0.0000	-0.1349	0.0123	2.7608	6.2120	22.4044	0.0000	0.0000	0.0000	0.0000	0.0000	0.0000	0.0000	0.0000	0.0000	0.7542	0.4961	0.2581	0.3622	0.3436	0.0186	0.3921	0.1526	0.2395	0.0025	0.0023	0.0002	0.0020	0.0019	0.0001	0.0005	0.0004	0.0001	0.9966	0.6630	0.3336	0.5355	0.4840	0.0515	0.4611	0.1791	0.2820	0.0181	0.0179	0.0227	0.0214	0.0200	0.0593	0.0117	0.0111	0.0151	0.7568	0.7483	0.7738	0.6763	0.7099	0.3611	0.8503	0.8521	0.8492
36	88	0.2958	5	0	1	0	0	0	0	0	0	N	N	N	N	N	N	N	N	N	N	N	N	0.0019	0.0017	0.0051	0.0041	0.0033	0.0941	0.0014	0.0009	0.0032	0.0042	0.0038	0.0112	0.0041	0.0037	0.0136	0.0047	0.0042	0.0082	2.2318	2.2541	2.1885	0.9941	1.0981	0.1442	3.4304	4.5315	2.5725	0.1834	0.4984	0.0000	-0.3541	0.0123	8.8820	6.2120	49.9570	0.0000	0.0000	0.0000	0.0000	0.0000	0.0000	0.0000	0.0000	0.0000	1.8789	1.2539	0.6250	0.4117	0.4052	0.0065	1.4672	0.8488	0.6185	0.0053	0.0049	0.0003	0.0043	0.0041	0.0002	0.0010	0.0008	0.0001	0.8419	0.5563	0.2856	0.4141	0.3690	0.0452	0.4277	0.1873	0.2404	0.0019	0.0017	0.0051	0.0041	0.0033	0.0941	0.0014	0.0009	0.0032	2.2318	2.2541	2.1885	0.9941	1.0981	0.1442	3.4304	4.5315	2.5725
36	89	0.1084	2	1	2	0	1	0	0	0	0	N	Y	N	N	N	N	N	N	N	N	N	N	30.5941	84.0740	0.0000	27.3487	73.2514	0.0000	0.0000	0.0000	0.0799	0.0893	0.0000	0.1188	0.1351	0.0000	0.0000	0.0000	0.0000	0.0026	0.0011	0.0050	0.0043	0.0018	0.0213	0.0014	0.0000	0.0025	0.0000	3.0234	-0.0000	0.0001	0.0123	0.7962	6.2120	16.9291	0.0001	0.0001	0.0000	0.0001	0.0001	0.0000	0.0000	0.0000	0.0000	0.0006	0.0002	0.0005	0.0004	0.0002	0.0003	0.0002	0.0000	0.0002	0.0013	0.0012	0.0001	0.0009	0.0008	0.0001	0.0004	0.0004	0.0000	0.2445	0.1494	0.0951	0.0987	0.0861	0.0127	0.1457	0.0634	0.0824	30.5941	84.0740	0.0000	27.3487	73.2514	0.0000	0.0000	0.0000	0.0000	0.0026	0.0011	0.0050	0.0043	0.0018	0.0213	0.0014	0.0000	0.0025	
36	90	0.1805	7	0	2	0	1	0	0	0	0	N	Y	N	N	N	N	N	N	N	N	N	N	0.0000	0.0000	0.0000	0.0000	0.0000	0.0000	0.0000	0.0000	0.0000	0.0000	0.0000	0.0000	0.0000	0.0000	0.0000	0.0000	0.0000	0.0000	0.0000	0.0000	0.0123	0.0000	6.2120	0.0000	0.0000	0.0000	0.0000	0.0000	0.0000	0.0000	0.0000	0.0000	0.0000	0.0000	0.0000	0.0000	0.0000	0.0000	0.0000	0.0000	0.0000	0.0000	0.0000	0.0000	0.0000	0.0000	0.0000	0.0000	0.0000	0.0000	0.0000	0.0000	0.0000	0.0000	0.0000	0.0000	0.0000	0.0000	0.0000	0.0000	0.0000	0.0000	0.0000	0.0000	0.0000	0.0000	0.0000	0.0000	0.0000	0.0000	0.0000	0.0000	0.0000	0.0000	0.0000	0.0000	0.0000	0.0000											
36	91	0.1697	6	0	2	0	1	0	0	0	0	N	Y	N	N	N	N	N	N	N	N	N	N	0.0000	0.0000	0.0000	0.0000	0.0000	0.0000	0.0000	0.0000	0.0000	0.0000	0.0000	0.0000	0.0000	0.0000	0.0000	0.0000	0.0000	0.0000	0.0000	0.0000	0.0123	1.0000	6.2120	3.0000	0.0000	0.0000	0.0000	0.0000	0.0000	0.0000	0.0000	0.0000	0.0000	0.0000	0.0000	0.0000	0.0000	0.0000	0.0000	0.0000	0.0000	0.0000	0.0006	0.0005	0.0001	0.0002	0.0002	0.0000	0.0004	0.0003	0.0001	0.0876	0.0517	0.0359	0.0266	0.0234	0.0032	0.0610	0.0283	0.0327	0.0000	0.0000	0.0000	0.0000	0.0000	0.0000	0.0000	0.0000	0.0000	0.0000	0.0000	0.0000	0.0000	0.0000	0.0000	0.0000	0.0000	0.0000											
36	92	0.1632	4	0	2	0	0	0	0	0	0	N	Y	N	N	N	N	N	N	N	N	N	N	0.0000	0.0000	0.0000	0.0000	0.0000	0.0000	0.0000	0.0000	0.0000	0.0000	0.0000	0.0000	0.0000	0.0000	0.0000	0.0000	0.0000	0.0000	0.0000	0.0000	0.0123	0.0000	6.2120	0.0000	0.0000	0.0000	0.0000	0.0000	0.0000	0.0000	0.0000	0.0000	0.0000	0.0000	0.0000	0.0000	0.0000	0.0000	0.0000	0.0000	0.0000	0.0000	0.0000	0.0000	0.0000	0.0000	0.0000	0.0000	0.0000	0.0000	0.0000	0.0000	0.0000	0.0000	0.0000	0.0000	0.0000	0.0000	0.0000	0.0000	0.0000	0.0000	0.0000	0.0000	0.0000	0.0000	0.0000	0.0000	0.0000	0.0000	0.0000	0.0000	0.0000	0.0000	0.0000	0.0000	0.0000	0.0000											
36	93	0.1697	6	0	1	1	1	0	0	0	0	N	N	N	N	N	N	N	N	N	N	N	N	0.0000	0.0000	0.0000	0.0000	0.0000	0.0000	0.0000	0.0000	0.0000	0.0000	0.0000	0.0000	0.0000	0.0000	0.0000	0.0000	0.0000	0.0000	0.0000	0.0000	0.0123	0.0000	6.2120	0.0000	0.0000	0.0000	0.0000	0.0000	0.0000	0.0000	0.0000	0.0000	0.0000	0.0000	0.0000	0.0000	0.0000	0.0000	0.0000	0.0000	0.0000	0.0000	0.0000	0.0000	0.0000	0.0000	0.0000	0.0000	0.0000	0.0000	0.0000	0.0000	0.0000	0.0000	0.0000	0.0000	0.0000	0.0000	0.0000	0.0000	0.0000	0.0000	0.0000	0.0000	0.0000	0.0000	0.0000	0.0000	0.0000	0.0000	0.0000	0.0000	0.0000	0.0000	0.0000	0.0000	0.0000	0.0000											
36	94	0.1671	5	0	1	0	1	0	0	0	0	N	N	N	N	N	N	N	N	N	N	N	N	0.0000	0.0000	0.0000	0.0000	0.0000	0.0000	0.0000	0.0000	0.0000	0.0000	0.0000	0.0000	0.0000	0.0000	0.0000	0.0000	0.0000	0.0000	0.0000	0.0000	0.0123	1.0000	6.2120	0.0097	0.0000	0.0000	0.0000	0.0000	0.0000	0.0000	0.0000	0.0000	0.0000	0.0000	0.0000	0.0000	0.0000	0.0000	0.0000	0.0000	0.0000	0.0000	0.0006	0.0005	0.0001	0.0002	0.0002	0.0000	0.0004	0.0003	0.0001	0.0236	0.0138	0.0098	0.0072	0.0064	0.0008	0.0164	0.0075	0.0089	0.0000	0.0000	0.0000	0.0000	0.0000	0.0000	0.0000	0.0000	0.0000	0.0000	0.0000	0.0000	0.0000	0.0000	0.0000	0.0000	0.0000	0.0000											
36	95	0.1671	5	0	1	1	1	0	0	0	0	N	N	N	N	N	N	N	N	N	N	N	N	0.0000	0.0000	0.0000	0.0000	0.0000	0.0000	0.0000	0.0000	0.0000	0.0000	0.0000	0.0000	0.0000	0.0000	0.0000	0.0000	0.0000	0.0000	0.0000	0.0000	0.0123	2.0000	6.2120	3.0050	0.0000	0.0000	0.0000	0.0000	0.0000	0.0000	0.0000	0.0000	0.0000	0.0000	0.0000	0.0000	0.0000	0.0000	0.0000	0.0000	0.0000	0.0000	0.0011	0.0010	0.0002	0.0004	0.0004	0.0000	0.0007	0.0006	0.0002	0.1086	0.0642	0.0444	0.0332	0.0292	0.0040	0.0754	0.0349	0.0404	0.0000	0.0000	0.0000	0.0000	0.0000	0.0000	0.0000	0.0000	0.0000	0.0000	0.0000	0.0000	0.0000	0.0000	0.0000	0.0000	0.0000	0.0000											
36	96	0.1671	5	0	1	1	1	0	0	0	0	N	N	N	N	N	N	N	N	N	N	N	N	0.0000	0.0000	0.0000	0.0000	0.0000	0.0000	0.0000	0.0000	0.0000	0.0000	0.0000	0.0000	0.0000	0.0000	0.0000	0.0000	0.0000	0.0000	0.0000	0.0000	0.0123	0.0000	6.2120	6.9903	0.0000	0.0000	0.0000	0.0000	0.0000	0.0000	0.0000	0.0000	0.0000	0.0000	0.0000	0.0000	0.0000	0.0000	0.0000	0.0000	0.0000	0.0000	0.0000	0.0000	0.0000	0.0000	0.0000	0.0000	0.0000	0.0000	0.0000	0.1474	0.0873	0.0601	0.0454	0.0398	0.0055	0.1021	0.0475	0.0546	0.0000	0.0000	0.0000	0.0000	0.0000	0.0000	0.0000	0.0000	0.0000	0.0000	0.0000	0.0000	0.0000	0.0000	0.0000	0.0000	0.0000	0.0000											
36	97	0.1615	4	0	1	0	1	0	0	0	0	N	N	N	N	N	N	N	N	N	N	N	N	0.0000	0.0000	0.0000	0.0000	0.0000	0.0000	0.0000	0.0000	0.0000	0.0000	0.0000	0.0000	0.0000	0.0000	0.0000	0.0000	0.0000	0.0000	0.0000	0.0000	0.0000	0.0000	0.0000	0.0000	inf	0.0000	0.0000	0.0123	0.9999	6.2120	1.0605	0.0000	0.0000	0.0000	0.0000	0.0000	0.0000	0.0000	0.0000	0.0000	0.0000	0.0000	0.0000	0.0000	0.0000	0.0000	0.0000	0.0000	0.0000	0.0007	0.0006	0.0001	0.0002	0.0002	0.0000	0.0005	0.0004	0.0001	0.0537	0.0325	0.0212	0.0152	0.0135	0.0017	0.0385	0.0190	0.0195	0.0000	0.0000	0.0000	0.0000	0.0000	0.0000	0.0000	0.0000	0.0000	0.0000	0.0000	0.0000	0.0000	0.0000	0.0000	0.0000	0.0000	0.0000				
36	98	0.1594	3	0	1	0	1	0	0	0	0	N	N	N	N	N	N	N	N	N	N	N	N	2717.4508	2811.2706	3503.5738	2052.3567	1966.5377	1390.7489	1693.1581	2543.3515	0.2910	0.1871	0.6027	0.4335	0.3065	0.9962	0.1086	0.0000	0.3252	0.0001	0.0001	0.0002	0.0002	0.0002	0.0007	0.0001	0.0000	0.0001	1.0734	1.6127	0.0000	0.0000	0.0123	0.0012	6.2120	1.0414	0.0000	0.0000	0.0000	0.0000	0.0000	0.0000	0.0000	0.0000	0.0000	0.0000	0.0000	0.0000	0.0000	0.0000	0.0000	0.0000	0.0000	0.0000	0.0000	0.0000	0.0000	0.0000	0.0000	0.0000	0.0000	0.0000	0.0000	0.0292	0.0180	0.0112	0.0085	0.0077	0.0008	0.0207	0.0103	0.0104	2717.4508	2811.2706	3503.5738	2052.3567	1966.5377	1390.7489	1693.1581	0.0000	2543.3515	0.0001	0.0001	0.0002	0.0002	0.0002	0.0007	0.0001	0.0000	0.0001	
36	99	0.1084	2	1	2	0	0	0	0	0	0	N	Y	N	N	N	N	N	N	N	N	N	N	260.2921	716.5972	629.5448	223.8398	1681.5940	221.2588	237.7479	495.2542	69.3150	0.7295	0.4537	3.9120	0.7996	0.4085	5.9074	0.5419	0.5791	0.2166	0.0028	0.0006	0.0062	0.0036	0.0002	0.0267	0.0023	0.0012	0.0031	0.7470	6.2405	0.0007	0.0002	0.0123	3.2042	6.2120	9.0918	0.0022	0.0012	0.0009	0.0017	0.0008	0.0009	0.0004	0.0004	0.0000	0.0006	0.0001	0.0005	0.0003	0.0000	0.0003	0.0003	0.0001	0.0002	0.0030	0.0027	0.0002	0.0022	0.0020	0.0002	0.0008	0.0007	0.0001	0.1993	0.1218	0.0775	0.0806	0.0705	0.0101	0.1186	0.0513	0.0673	260.2921	716.5972	629.5448	223.8398	1681.5940	221.2588	237.7479	495.2542	69.3150	0.0028	0.0006	0.0062	0.0036	0.0002	0.0267	0.0023	0.0012	0.0031
36	100	0.1084	2	0	2	0	0	0	0	0	0	N	Y	N	N	N	N	N	N	N	N	N	N	26.8679	245.7944	0.0000	27.1829	215.7327	0.0000	0.0000	0.0000	0.0799	0.0893	0.0000	0.1188	0.1351	0.0000	0.0000	0.0000	0.0000	0.0030	0.0004	0.0071	0.0044	0.0006	0.0308	0.0020	0.0000	0.0036	0.0000	12.3831	-0.0000	0.0002	0.0123	0.7962	6.2120	10.9291	0.0001	0.0001	0.0000	0.0001	0.0001	0.0000	0.0000	0.0000	0.0000	0.0005	0.0000	0.0005	0.0003	0.0000	0.0003	0.0002	0.0000	0.0002	0.0013	0.0012	0.0001	0.0009	0.0008	0.0001	0.0004	0.0004	0.0000	0.1744	0.1067	0.0677	0.0707	0.0619	0.0088	0.1037	0.0448	0.0589	26.8679	245.7944	0.0000	27.1829	215.7327	0.0000	0.0000	0.0000	0.0000	0.0030	0.0004	0.0071	0.0044	0.0006	0.0308	0.0020	0.0000	0.0036	
36	101	0.1663	5	1	2	0	0	0	0	0	0	N	Y	N	N	N	N	N	N	N	N	N	N	0.0000	0.0000	0.0000	0.0000	0.0000	0.0000	0.0000	0.0000	0.0000	0.0000	0.0000	0.0000	0.0000	0.0000	0.0000	0.0000	0.0086	0.0142	0.0003	0.0310	0.0353	0.0000	0.0002	0.0000	0.0004	0.0164	0.0000	-0.0003	0.0123	0.0000	6.2120	3.0000	0.0000	0.0000	0.0000	0.0000	0.0000	0.0000	0.0000	0.0000	0.0000	0.0006	0.0006	0.0000	0.0006	0.0006	0.0000	0.0000	0.0000	0.0000	0.0000	0.0000	0.0000	0.0000	0.0000	0.0000	0.0000	0.0000	0.0000	0.0722	0.0429	0.0293	0.0197	0.0173	0.0024	0.0525	0.0256	0.0269	0.0000	0.0000	0.0000	0.0000	0.0000	0.0000	0.0000	0.0000	0.0000	0.0086	0.0142	0.0003	0.0310	0.0353	0.0000	0.0002	0.0000	0.0004			
36	102	0.1632	4	1	2	0	0	0	0	0	0	N	Y	N	N	N	N	N	N	N	N	N	N	0.0000	0.0000	0.0000	0.0000	0.0000	0.0000	0.0000	0.0000	0.0000	0.0000	0.0000	0.0000	0.0000	0.0000	0.0000	0.0000	0.0000	0.0000	0.0000	0.0000	0.0123	0.0000	6.2120	1.0000	0.0000	0.0000	0.0000	0.0000	0.0000	0.0000	0.0000	0.0000	0.0000	0.0000	0.0000	0.0000	0.0000	0.0000	0.0000	0.0000	0.0000	0.0000	0.0000	0.0000	0.0000	0.0000	0.0000	0.0000	0.0000	0.0000	0.0000	0.0252	0.0149	0.0103	0.0068	0.0060	0.0008	0.0184	0.0090	0.0094	0.0000	0.0000	0.0000	0.0000	0.0000	0.0000	0.0000	0.0000	0.0000	0.0000	0.0000	0.0000	0.0000	0.0000	0.0000	0.0000	0.0000	0.0000											
36	103	0.1594	3	0	2	0	0	0	0	0	0	N	Y	N	N	N	N	N	N	N	N	N	N	2611.0670	0.0000	3800.1179	2751.4100	0.0000	1409.2732	2115.5383	2904.1700	0.1725	0.0000	0.6475	0.1985	0.0000	0.9991	0.1345	0.0000	0.3678	0.0001	0.0000	0.0002	0.0001	0.0000	0.0007	0.0001	0.0000	0.0001	inf	116.4337	0.0000	0.0000	0.0123	0.0006	6.2120	1.0534	0.0000	0.0000	0.0000	0.0000	0.0000	0.0000	0.0000	0.0000	0.0000	0.0000	0.0000	0.0000	0.0000	0.0000	0.0000	0.0000	0.0000	0.0000	0.0000	0.0000	0.0000	0.0000	0.0000	0.0000	0.0000	0.0000	0.0000	0.0295	0.0182	0.0113	0.0086	0.0078	0.0009	0.0209	0.0104	0.0105	2611.0670	0.0000	3800.1179	2751.4100	0.0000	1409.2732	2115.5383	0.0000	2904.1700	0.0001	0.0000	0.0002	0.0001	0.0000	0.0007	0.0001	0.0000	0.0001	
36	104	0.1084	2	0	1	0	0	0	0	0	0	N	N	N	N	N	N	N	N	N	N	N	N	1225.9356	5.8025	6842.3235	1130.1791	3.0620	2667.7009	248.5597	75.4156	1227.4191	2.2713	0.0000	32.5875	2.9219	0.0000	53.4301	0.3372	0.0000	2.9499	0.0019	0.0000	0.0048	0.0026	0.0000	0.0200	0.0014	0.0000	0.0024	161154.7890	1159.7550	0.0111	0.0002	0.0123	7.2034	6.2120	9.9858	0.0122	0.0000	0.0122	0.0118	0.0000	0.0118	0.0005	0.0000	0.0005	0.0005	0.0000	0.0005	0.0003	0.0000	0.0003	0.0002	0.0000	0.0002	0.0054	0.0050	0.0004	0.0040	0.0038	0.0002	0.0014	0.0012	0.0002	0.2599	0.1589	0.1010	0.1049	0.0914	0.0135	0.1550	0.0675	0.0875	1225.9356	5.8025	6842.3235	1130.1791	3.0620	2667.7009	248.5597	75.4156	1227.4191	0.0019	0.0000	0.0048	0.0026	0.0000	0.0200	0.0014	0.0000	0.0024
36	109	0.3781	6	0	1	0	0	0	0	0	0	N	N	N	N	N	N	N	N	N	N	N	N	0.0010	0.0110	0.0000	0.0299	0.0274	0.0000	0.0001	0.0009	0.0000	0.0006	0.0006	0.0000	0.0007	0.0007	0.0000	0.0001	0.0001	0.0000	0.6016	0.0566	1.6832	0.0233	0.0265	0.0024	1.2389	0.1220	2.1226	0.0000	14.9698	-0.0000	0.1627	0.0123	7.7801	6.2120	32.2209	0.0000	0.0000	0.0000	0.0000	0.0000	0.0000	0.0000	0.0000	0.0000	0.3909	0.0245	0.3664	0.0079	0.0078	0.0001	0.3830	0.0167	0.3663	0.0046	0.0043	0.0003	0.0037	0.0036	0.0001	0.0008	0.0007	0.0001	0.6498	0.4321	0.2177	0.3407	0.2956	0.0451	0.3091	0.1365	0.1726	0.0010	0.0110	0.0000	0.0299	0.0274	0.0000	0.0001	0.0009	0.0000	0.6016	0.0566	1.6832	0.0233	0.0265	0.0024	1.2389	0.1220	2.1226
37	40	0.1461	2	0	1	1	0	0	0	0	0	N	N	N	N	N	N	N	N	N	N	N	N	0.1947	33.6601	0.0000	0.2246	39.2492	0.0000	0.0000	0.0045	0.0000	0.2456	0.3077	0.0000	0.4420	0.4969	0.0000	0.0000	0.0000	0.0000	1.2613	0.0091	3.6778	1.9684	0.0127	12.7900	0.5351	0.0035	1.0997	0.0000	208.4989	-0.0000	0.2973	8.2035	0.0009	18.5835	7.7842	0.0002	0.0002	0.0000	0.0002	0.0002	0.0000	0.0000	0.0000	0.0000	0.6270	0.0030	0.6240	0.4958	0.0025	0.4932	0.1312	0.0004	0.1308	0.0008	0.0007	0.0002	0.0005	0.0004	0.0001	0.0004	0.0003	0.0001	0.4971	0.3274	0.1697	0.2519	0.2011	0.0508	0.2452	0.1263	0.1189	0.1947	33.6601	0.0000	0.2246	39.2492	0.0000	0.0000	0.0045	0.0000	1.2613	0.0091	3.6778	1.9684	0.0127	9.7176	0.5351	0.0035	1.0997
37	42	0.1606	2	0	2	0	0	0	0	0	0	N	Y	N	N	N	N	N	N	N	N	N	N	2.9569	2.6940	0.0000	3.8481	4.4472	0.0000	0.0000	0.0000	0.1057	0.1241	0.0000	0.2659	0.3278	0.0000	0.0000	0.0000	0.0000	0.0358	0.0461	0.0000	0.0691	0.0737	0.0000	0.0001	0.0001	0.0001	0.0000	0.0003	-0.0000	-0.0000	8.2035	0.0003	18.5835	0.0002	0.0000	0.0000	0.0000	0.0000	0.0000	0.0000	0.0000	0.0000	0.0000	0.0000	0.0000	0.0000	0.0000	0.0000	0.0000	0.0000	0.0000	0.0000	0.0001	0.0000	0.0000	0.0000	0.0000	0.0000	0.0000	0.0000	0.0000	0.0002	0.0001	0.0000	0.0001	0.0001	0.0000	0.0001	0.0000	0.0000	2.9569	2.6940	0.0000	3.8481	4.4472	0.0000	0.0000	0.0000	0.0000	0.0358	0.0461	0.0000	0.0691	0.0737	0.0000	0.0001	0.0001	0.0001	
37	43	0.1166	2	1	2	1	0	0	0	0	0	N	Y	N	N	N	N	N	N	N	N	N	N	0.0000	0.0000	0.0000	0.0000	0.0000	0.0000	0.0000	0.0000	0.0000	0.0000	0.0000	0.0000	0.0000	0.0000	0.0000	0.0000	0.0000	0.0000	0.0000	0.0000	8.2035	0.0000	18.5835	2.0000	0.0000	0.0000	0.0000	0.0000	0.0000	0.0000	0.0000	0.0000	0.0000	0.0000	0.0000	0.0000	0.0000	0.0000	0.0000	0.0000	0.0000	0.0000	0.0000	0.0000	0.0000	0.0000	0.0000	0.0000	0.0000	0.0000	0.0000	0.1165	0.0678	0.0487	0.0221	0.0168	0.0053	0.0944	0.0510	0.0434	0.0000	0.0000	0.0000	0.0000	0.0000	0.0000	0.0000	0.0000	0.0000	0.0000	0.0000	0.0000	0.0000	0.0000	0.0000	0.0000	0.0000	0.0000											
37	44	0.1166	2	1	2	1	0	0	0	0	0	N	Y	N	N	N	N	N	N	N	N	N	N	0.0000	0.0000	0.0000	0.0000	0.0000	0.0000	0.0000	0.0000	0.0000	0.0000	0.0000	0.0000	0.0000	0.0000	0.0000	0.0000	0.0000	0.0000	0.0000	0.0000	8.2035	0.0000	18.5835	0.0000	0.0000	0.0000	0.0000	0.0000	0.0000	0.0000	0.0000	0.0000	0.0000	0.0000	0.0000	0.0000	0.0000	0.0000	0.0000	0.0000	0.0000	0.0000	0.0000	0.0000	0.0000	0.0000	0.0000	0.0000	0.0000	0.0000	0.0000	0.0000	0.0000	0.0000	0.0000	0.0000	0.0000	0.0000	0.0000	0.0000	0.0000	0.0000	0.0000	0.0000	0.0000	0.0000	0.0000	0.0000	0.0000	0.0000	0.0000	0.0000	0.0000	0.0000	0.0000	0.0000	0.0000	0.0000											
37	48	0.1691	2	0	1	0	1	0	0	0	0	N	N	N	N	N	N	N	N	N	N	N	N	1.3106	211.3487	0.0000	20.6111	486.4846	0.0000	0.0000	0.0439	0.0000	0.0772	0.0910	0.0000	0.2994	0.3329	0.0000	0.0000	0.0000	0.0000	0.0589	0.0004	0.1772	0.0145	0.0007	0.0799	0.1004	0.0001	0.2105	0.0000	203.5302	-0.0000	0.0051	8.2035	0.0037	18.5835	3.0208	0.0001	0.0001	0.0000	0.0001	0.0001	0.0000	0.0000	0.0000	0.0000	0.0108	0.0001	0.0108	0.0013	0.0001	0.0012	0.0095	0.0000	0.0095	0.0007	0.0006	0.0001	0.0002	0.0002	0.0000	0.0005	0.0004	0.0001	0.1838	0.1230	0.0608	0.0888	0.0733	0.0155	0.0950	0.0497	0.0453	1.3106	211.3487	0.0000	20.6111	486.4846	0.0000	0.0000	0.0439	0.0000	0.0589	0.0004	0.1772	0.0145	0.0007	0.0799	0.1004	0.0001	0.2105
37	50	0.1255	2	0	2	1	0	0	0	0	0	N	Y	N	N	N	N	N	N	N	N	N	N	169.3761	190.8008	38.3411	588.4599	624.4150	86.1406	17.3748	12.7472	46.4669	1.1290	1.2382	0.2651	1.7498	1.9397	0.2035	0.1472	0.1196	0.3563	0.0067	0.0065	0.0069	0.0030	0.0031	0.0024	0.0085	0.0094	0.0077	0.0271	0.7530	-0.0308	-0.0001	8.2035	1.4428	18.5835	0.4686	0.4452	0.4335	0.0117	0.4227	0.4173	0.0054	0.0225	0.0161	0.0064	0.0010	0.0006	0.0004	0.0002	0.0001	0.0000	0.0009	0.0005	0.0004	0.3943	0.3501	0.0443	0.2416	0.2152	0.0264	0.1528	0.1349	0.0178	0.1552	0.0909	0.0643	0.0510	0.0419	0.0091	0.1042	0.0490	0.0551	169.3761	190.8008	38.3411	588.4599	624.4150	86.1406	17.3748	12.7472	46.4669	0.0067	0.0065	0.0069	0.0030	0.0031	0.0024	0.0085	0.0094	0.0077
37	52	0.1132	2	1	1	1	0	0	0	0	0	N	N	N	N	N	N	N	N	N	N	N	N	0.0240	0.0012	0.1126	0.0712	0.0004	4.4022	0.0238	inf	0.1037	0.0696	0.0002	0.6499	0.0559	0.0003	0.9533	0.0741	0.0001	0.6021	2.8958	0.1393	5.7694	0.7848	0.8072	0.2165	3.1086	0.0000	5.8090	447.6320	39.7255	0.0090	0.4572	8.2035	0.9976	18.5835	4.7732	0.0099	0.0000	0.0099	0.0020	0.0000	0.0020	0.0079	0.0000	0.0079	1.0062	0.0247	0.9815	0.0250	0.0247	0.0003	0.9812	0.0000	0.9812	0.1428	0.1275	0.0152	0.0355	0.0335	0.0021	0.1072	0.0941	0.0132	0.3475	0.1773	0.1701	0.0318	0.0306	0.0012	0.3157	0.1467	0.1689	0.0240	0.0012	0.1126	0.0712	0.0004	4.4022	0.0238	inf	0.1037	2.8958	0.1393	5.7694	0.7848	0.8072	0.2165	3.1086	0.0000	5.8090
37	55	0.1119	2	0	2	0	0	0	0	0	0	N	Y	N	N	N	N	N	N	N	N	N	N	0.2040	0.1702	0.0000	33.5735	31.2803	0.0000	0.0000	0.0000	0.0000	0.3208	0.4119	0.0000	0.6048	0.6589	0.0000	0.0000	0.0000	0.0000	1.5725	2.4205	0.0250	0.0180	0.0211	0.0032	2.7112	5.2666	0.0306	0.0000	0.0057	-0.0001	-0.5021	8.2035	0.0041	18.5835	6.2745	0.0014	0.0014	0.0000	0.0014	0.0014	0.0000	0.0000	0.0000	0.0000	0.9741	0.9686	0.0055	0.0047	0.0046	0.0001	0.9694	0.9640	0.0053	0.0044	0.0035	0.0010	0.0024	0.0022	0.0002	0.0021	0.0013	0.0008	0.6195	0.4002	0.2193	0.2619	0.2171	0.0448	0.3576	0.1830	0.1745	0.2040	0.1702	0.0000	33.5735	31.2803	0.0000	0.0000	0.0000	0.0000	1.5725	2.4205	0.0250	0.0180	0.0211	0.0032	2.7112	5.2666	0.0306
37	56	0.1606	2	0	1	1	0	0	0	0	0	N	N	N	N	N	N	N	N	N	N	N	N	140.9981	81370.9780	0.0000	9.2491	7.7751	0.0000	83.0244	1671105.2080	0.0000	4.0145	4.5436	0.0000	0.0007	0.0008	0.0000	4.3141	4.9153	0.0000	0.0285	0.0001	0.0820	0.0001	0.0001	0.0000	0.0520	0.0000	0.1106	0.0000	779.4985	-0.7840	0.0148	8.2035	18.9997	18.5835	4.0000	8.2035	8.2035	0.0000	0.0001	0.0001	0.0000	8.2034	8.2034	0.0000	0.0310	0.0000	0.0309	0.0000	0.0000	0.0000	0.0309	0.0000	0.0309	2.0435	1.8055	0.2380	0.1420	0.1366	0.0054	1.9015	1.6689	0.2326	1.0878	0.7107	0.3771	0.4925	0.3952	0.0973	0.5953	0.3155	0.2798	140.9981	81370.9780	0.0000	9.2491	7.7751	0.0000	83.0244	1671105.2080	0.0000	0.0285	0.0001	0.0820	0.0001	0.0001	0.0000	0.0520	0.0000	0.1106
37	58	0.1114	3	1	2	0	0	0	0	0	0	N	Y	N	N	N	N	N	N	N	N	N	N	0.0986	9.1468	0.4278	9.8254	3.5560	92.9191	0.1190	18847.5144	0.4893	0.1609	0.0132	1.5159	0.0850	0.0306	0.8749	0.2148	0.0001	1.7561	1.6321	0.0014	3.5435	0.0086	0.0086	0.0094	1.8059	0.0000	3.5892	12.4754	2088.5458	0.0237	0.4295	8.2035	0.9359	18.5835	8.5945	0.0286	0.0021	0.0265	0.0063	0.0021	0.0042	0.0223	0.0000	0.0223	0.8976	0.0004	0.8972	0.0005	0.0004	0.0000	0.8972	0.0000	0.8972	0.1777	0.1602	0.0175	0.0738	0.0691	0.0048	0.1038	0.0911	0.0127	0.5500	0.2968	0.2532	0.0532	0.0499	0.0032	0.4968	0.2468	0.2500	0.0986	9.1468	0.4278	9.8254	3.5560	92.9191	0.1190	18847.5144	0.4893	1.6321	0.0014	3.5435	0.0086	0.0086	0.0094	1.8059	0.0000	3.5892
37	59	0.1086	2	0	2	0	0	0	0	0	0	N	Y	N	N	N	N	N	N	N	N	N	N	1.9190	17.5682	3.6756	11.7596	10.7099	190.7927	1.3579	25.9295	4.1311	1.2606	0.7314	5.7810	1.5038	1.3989	3.3082	1.0527	0.0992	6.5688	0.6569	0.0416	1.5728	0.1279	0.1306	0.0173	0.7752	0.0038	1.5901	0.9253	25.3793	0.0228	0.0471	8.2035	0.1706	18.5835	1.8413	0.0591	0.0307	0.0284	0.0325	0.0286	0.0039	0.0266	0.0021	0.0245	0.1067	0.0040	0.1027	0.0038	0.0038	0.0000	0.1029	0.0003	0.1027	0.0469	0.0420	0.0049	0.0216	0.0204	0.0012	0.0253	0.0216	0.0037	0.1625	0.0972	0.0653	0.0297	0.0290	0.0007	0.1328	0.0682	0.0646	1.9190	17.5682	3.6756	11.7596	10.7099	190.7927	1.3579	25.9295	4.1311	0.6569	0.0416	1.5728	0.1279	0.1306	0.0173	0.7752	0.0038	1.5901
37	61	0.4837	8	0	1	0	0	0	0	0	0	N	N	N	N	N	N	N	N	N	N	N	N	0.0003	0.0012	0.0000	0.0057	0.0053	0.0000	0.0000	0.0000	0.0000	0.0004	0.0005	0.0000	0.0038	0.0040	0.0000	0.0000	0.0000	0.0000	1.2755	0.3908	2.9321	0.6719	0.7618	0.1808	1.6694	0.0014	3.5176	0.0000	4.0061	-0.0000	0.2799	8.2035	1.0140	18.5835	12.0537	0.0001	0.0001	0.0000	0.0001	0.0001	0.0000	0.0000	0.0000	0.0000	1.0028	0.2003	0.8025	0.2086	0.2000	0.0087	0.7942	0.0004	0.7938	0.1283	0.1123	0.0160	0.0136	0.0130	0.0007	0.1146	0.0993	0.0153	0.7862	0.5125	0.2737	0.3105	0.2625	0.0480	0.4757	0.2501	0.2257	0.0003	0.0012	0.0000	0.0057	0.0053	0.0000	0.0000	0.0000	0.0000	1.2755	0.3908	2.9321	0.6719	0.7618	0.1808	1.6694	0.0014	3.5176
37	62	0.4078	5	0	1	0	0	0	0	0	0	N	N	N	N	N	N	N	N	N	N	N	N	0.0391	0.0881	0.0000	0.2315	0.2542	0.0000	0.0000	0.0000	0.0000	0.0525	0.0594	0.0000	0.2570	0.2845	0.0000	0.0000	0.0000	0.0000	1.3427	0.6744	2.7898	1.1101	1.1191	1.3626	1.5588	0.0011	3.2799	0.0000	1.9100	-0.0125	0.5761	8.2035	22.0948	18.5835	64.3951	0.1303	0.1303	0.0000	0.1303	0.1303	0.0000	0.0000	0.0000	0.0000	4.2588	1.4635	2.7953	1.6960	1.4625	0.2335	2.5628	0.0010	2.5619	2.4825	2.1920	0.2905	0.5069	0.4579	0.0490	1.9756	1.7342	0.2414	3.1719	2.1699	1.0020	1.5278	1.3069	0.2209	1.6441	0.8630	0.7811	0.0391	0.0881	0.0000	0.2315	0.2542	0.0000	0.0000	0.0000	0.0000	1.3427	0.6744	2.7898	1.1101	1.1191	1.0569	1.5588	0.0011	3.2799
37	63	0.2009	4	0	1	0	0	0	0	0	0	N	N	N	N	N	N	N	N	N	N	N	N	0.0086	0.0104	0.0000	0.0782	0.0828	0.0000	0.0000	0.0000	0.0000	0.0052	0.0060	0.0000	0.0649	0.0678	0.0000	0.0000	0.0000	0.0000	0.6061	0.5748	0.6675	0.8300	0.8190	1.0028	0.4421	0.2684	0.6224	0.0000	0.5905	-0.0002	-0.1548	8.2035	3.0638	18.5835	18.8214	0.0020	0.0020	0.0000	0.0020	0.0020	0.0000	0.0000	0.0000	0.0000	1.0335	0.6498	0.3837	0.5983	0.5152	0.0831	0.4351	0.1346	0.3006	0.3756	0.3283	0.0472	0.0303	0.0290	0.0013	0.3453	0.2994	0.0459	1.7052	1.1304	0.5748	0.7209	0.6290	0.0919	0.9842	0.5013	0.4829	0.0086	0.0104	0.0000	0.0782	0.0828	0.0000	0.0000	0.0000	0.0000	0.6061	0.5748	0.6675	0.8300	0.8190	0.9048	0.4421	0.2684	0.6224
37	64	0.1119	2	1	2	1	0	0	0	0	0	N	Y	N	N	N	N	N	N	N	N	N	N	0.1888	0.1564	0.0000	1.0613	0.9195	0.0000	0.0000	0.0311	0.0000	0.0111	0.0128	0.0000	0.1469	0.1545	0.0000	0.0000	0.0000	0.0000	0.0587	0.0815	0.0195	0.1384	0.1681	0.0027	0.0111	0.0000	0.0232	0.0000	0.1388	-0.0001	-0.0178	8.2035	1.0029	18.5835	8.4685	0.0014	0.0014	0.0000	0.0014	0.0014	0.0000	0.0000	0.0000	0.0000	0.0446	0.0392	0.0054	0.0393	0.0392	0.0001	0.0053	0.0000	0.0053	0.1287	0.1119	0.0168	0.0097	0.0092	0.0005	0.1190	0.1026	0.0164	0.7605	0.4808	0.2798	0.2841	0.2332	0.0510	0.4764	0.2476	0.2288	0.1888	0.1564	0.0000	1.0613	0.9195	0.0000	0.0000	0.0311	0.0000	0.0587	0.0815	0.0195	0.1384	0.1681	0.0027	0.0111	0.0000	0.0232
37	66	0.4837	8	0	2	0	0	0	0	0	0	N	Y	N	N	N	N	N	N	N	N	N	N	0.0008	0.0006	0.0000	0.0029	0.0026	0.0000	0.0000	0.0000	0.0000	0.0004	0.0005	0.0000	0.0038	0.0040	0.0000	0.0000	0.0000	0.0000	0.5387	0.7971	0.0560	1.3283	1.5612	0.0657	0.0259	0.0006	0.0539	0.0000	0.0376	-0.0000	-0.2104	8.2035	1.0110	18.5835	12.5479	0.0001	0.0001	0.0000	0.0001	0.0001	0.0000	0.0000	0.0000	0.0000	0.4340	0.4182	0.0157	0.4213	0.4181	0.0032	0.0126	0.0002	0.0125	0.1279	0.1119	0.0160	0.0136	0.0129	0.0007	0.1143	0.0990	0.0153	0.8057	0.5247	0.2810	0.3172	0.2678	0.0494	0.4885	0.2569	0.2316	0.0008	0.0006	0.0000	0.0029	0.0026	0.0000	0.0000	0.0000	0.0000	0.5387	0.7971	0.0560	1.3283	1.5612	0.0657	0.0259	0.0006	0.0539
37	67	0.4773	7	0	1	0	0	0	0	0	0	N	N	N	N	N	N	N	N	N	N	N	N	0.0002	0.0002	0.0000	0.0004	0.0004	0.0000	0.0003	0.0046	0.0000	0.0006	0.0007	0.0000	0.0018	0.0019	0.0000	0.0005	0.0005	0.0000	2.7913	2.9254	2.4896	4.2637	4.5828	0.3722	1.4795	0.1168	2.7676	0.0000	0.3780	-0.0000	-0.2666	8.2035	0.9784	18.5835	1.5217	0.0001	0.0001	0.0000	0.0000	0.0000	0.0000	0.0001	0.0001	0.0000	1.0802	0.7839	0.2963	0.7774	0.7723	0.0051	0.3028	0.0116	0.2912	0.1237	0.1083	0.0154	0.0130	0.0124	0.0006	0.1107	0.0959	0.0148	0.3870	0.2680	0.1190	0.1823	0.1685	0.0138	0.2047	0.0994	0.1052	0.0002	0.0002	0.0000	0.0004	0.0004	0.0000	0.0003	0.0046	0.0000	2.7913	2.9254	2.4896	4.2637	4.5828	0.3722	1.4795	0.1168	2.7676
37	68	0.4470	6	0	1	0	0	0	0	0	0	N	N	N	N	N	N	N	N	N	N	N	N	0.0054	0.0079	0.0000	0.0407	0.0378	0.0000	0.0002	0.0018	0.0000	0.0070	0.0080	0.0000	0.0582	0.0610	0.0000	0.0002	0.0002	0.0000	1.2796	1.0089	1.8297	1.4307	1.6163	0.4777	1.1426	0.1199	2.2449	0.0000	0.8926	-0.0001	-0.0506	8.2035	1.0531	18.5835	9.0748	0.0010	0.0010	0.0000	0.0009	0.0009	0.0000	0.0000	0.0000	0.0000	1.0231	0.5405	0.4825	0.5441	0.5145	0.0296	0.4790	0.0261	0.4529	0.1368	0.1197	0.0171	0.0160	0.0152	0.0007	0.1208	0.1045	0.0164	0.7995	0.5358	0.2637	0.3803	0.3183	0.0620	0.4192	0.2175	0.2017	0.0054	0.0079	0.0000	0.0407	0.0378	0.0000	0.0002	0.0018	0.0000	1.2796	1.0089	1.8297	1.4307	1.6163	0.4777	1.1426	0.1199	2.2449
37	71	0.1469	5	0	1	1	0	0	0	0	0	N	N	N	N	N	N	N	N	N	N	N	N	0.0000	0.0000	0.0000	0.0000	0.0000	0.0000	0.0000	0.0000	0.0000	0.0000	0.0000	0.0000	0.0000	0.0000	0.0000	0.0000	0.0000	0.0000	0.0021	0.0007	0.0045	0.0025	0.0015	0.0083	0.0019	0.0000	0.0038	3.4963	0.0000	0.0000	8.2035	1.0000	18.5835	0.0055	0.0000	0.0000	0.0000	0.0000	0.0000	0.0000	0.0000	0.0000	0.0000	0.0001	0.0000	0.0001	0.0000	0.0000	0.0000	0.0000	0.0000	0.0000	0.0716	0.0623	0.0093	0.0000	0.0000	0.0000	0.0716	0.0623	0.0093	0.0428	0.0271	0.0157	0.0158	0.0134	0.0024	0.0269	0.0137	0.0133	0.0000	0.0000	0.0000	0.0000	0.0000	0.0000	0.0000	0.0000	0.0000	0.0021	0.0007	0.0045	0.0025	0.0015	0.0083	0.0019	0.0000	0.0038	
37	72	0.1402	4	0	1	1	0	0	0	0	0	N	N	N	N	N	N	N	N	N	N	N	N	0.0000	0.0000	0.0000	0.0000	0.0000	0.0000	0.0000	0.0000	0.0000	0.0000	0.0000	0.0000	0.0000	0.0000	0.0000	0.0000	0.0000	0.0000	0.0650	0.0430	0.1052	0.0787	0.0835	0.0485	0.0565	0.0013	0.1150	1.3299	0.0000	0.0002	8.2035	0.0000	18.5835	1.0265	0.0000	0.0000	0.0000	0.0000	0.0000	0.0000	0.0000	0.0000	0.0000	0.0031	0.0013	0.0018	0.0014	0.0013	0.0001	0.0017	0.0000	0.0016	0.0000	0.0000	0.0000	0.0000	0.0000	0.0000	0.0000	0.0000	0.0000	0.0477	0.0309	0.0168	0.0182	0.0157	0.0025	0.0295	0.0152	0.0143	0.0000	0.0000	0.0000	0.0000	0.0000	0.0000	0.0000	0.0000	0.0000	0.0650	0.0430	0.1052	0.0787	0.0835	0.0485	0.0565	0.0013	0.1150	
37	73	0.1348	3	0	1	0	0	0	0	0	0	N	N	N	N	N	N	N	N	N	N	N	N	0.0000	0.0000	0.0000	0.0000	0.0000	0.0000	0.0000	0.0000	0.0000	0.0000	0.0000	0.0000	0.0000	0.0000	0.0000	0.0000	0.0000	0.0000	0.1188	0.0825	0.1958	0.1089	0.1128	0.0663	0.1293	0.0132	0.2159	1.1182	0.0000	0.0004	8.2035	0.0000	18.5835	1.0321	0.0000	0.0000	0.0000	0.0000	0.0000	0.0000	0.0000	0.0000	0.0000	0.0516	0.0244	0.0272	0.0244	0.0232	0.0012	0.0272	0.0012	0.0260	0.0480	0.0424	0.0056	0.0268	0.0253	0.0015	0.0212	0.0171	0.0041	0.4346	0.2954	0.1391	0.2242	0.2055	0.0187	0.2103	0.0899	0.1204	0.0000	0.0000	0.0000	0.0000	0.0000	0.0000	0.0000	0.0000	0.0000	0.1188	0.0825	0.1958	0.1089	0.1128	0.0663	0.1293	0.0132	0.2159	
37	74	0.1119	2	0	1	0	0	0	0	0	0	N	N	N	N	N	N	N	N	N	N	N	N	0.1838	1.6284	0.0939	2.4343	3.4222	0.0136	0.0696	0.9095	0.1002	0.1999	0.1892	0.2547	0.4721	0.5098	0.0127	0.1116	0.0701	0.2857	1.0879	0.1162	2.7122	0.1939	0.1490	0.9377	1.6028	0.0771	2.8504	0.2641	13.9647	0.0025	0.4916	8.2035	0.5629	18.5835	8.5245	0.0217	0.0171	0.0045	0.0125	0.0125	0.0000	0.0091	0.0046	0.0045	1.1930	0.0797	1.1133	0.0777	0.0556	0.0221	1.1153	0.0241	1.0911	0.1083	0.0905	0.0178	0.0265	0.0245	0.0020	0.0818	0.0660	0.0157	1.0966	0.6862	0.4105	0.4008	0.3732	0.0277	0.6958	0.3130	0.3828	0.1838	1.6284	0.0939	2.4343	3.4222	0.0159	0.0696	0.9095	0.1002	1.0879	0.1162	2.7122	0.1939	0.1490	0.8003	1.6028	0.0771	2.8504
37	75	0.1289	3	0	2	0	0	0	0	0	0	N	Y	N	N	N	N	N	N	N	N	N	N	0.0000	0.0000	0.0000	0.0000	0.0000	0.0000	0.0000	0.0000	0.0000	0.0000	0.0000	0.0000	0.0000	0.0000	0.0000	0.0000	0.0000	0.0000	0.0890	0.0135	0.2530	0.0322	0.0274	0.0681	0.1240	0.0000	0.2836	8.6326	0.0000	0.0111	8.2035	1.9994	18.5835	4.0943	0.0000	0.0000	0.0000	0.0000	0.0000	0.0000	0.0000	0.0000	0.0000	0.0295	0.0031	0.0264	0.0041	0.0031	0.0010	0.0254	0.0000	0.0254	0.1440	0.1258	0.0182	0.0001	0.0001	0.0000	0.1440	0.1257	0.0182	0.3317	0.2272	0.1045	0.1265	0.1117	0.0148	0.2052	0.1155	0.0897	0.0000	0.0000	0.0000	0.0000	0.0000	0.0000	0.0000	0.0000	0.0000	0.0890	0.0135	0.2530	0.0322	0.0274	0.0681	0.1240	0.0000	0.2836	
37	76	0.1227	2	0	1	0	0	0	0	0	0	N	N	N	N	N	N	N	N	N	N	N	N	0.0000	0.0000	0.0000	0.0000	0.0000	0.0000	0.0000	0.0000	0.0000	0.0000	0.0000	0.0000	0.0000	0.0000	0.0000	0.0000	0.0000	0.0000	1.1765	0.5559	2.5401	1.0073	0.9828	1.7736	1.2937	0.0585	2.7279	2.0798	0.0000	0.0343	8.2035	0.0011	18.5835	2.7207	0.0000	0.0000	0.0000	0.0000	0.0000	0.0000	0.0000	0.0000	0.0000	0.2225	0.0722	0.1503	0.0779	0.0687	0.0092	0.1446	0.0035	0.1410	0.0001	0.0001	0.0000	0.0000	0.0000	0.0000	0.0001	0.0001	0.0000	0.1891	0.1300	0.0592	0.0774	0.0699	0.0074	0.1117	0.0600	0.0517	0.0000	0.0000	0.0000	0.0000	0.0000	0.0000	0.0000	0.0000	0.0000	1.1765	0.5559	2.5401	1.0073	0.9828	1.2365	1.2937	0.0585	2.7279	
37	78	0.1108	2	1	1	1	0	0	0	0	0	N	N	N	N	N	N	N	N	N	N	N	N	1459.6784	790.3678	698.9987	81.8799	78.2345	3.3433	7732.4677	inf	1507.7535	1.4378	1.5557	0.0192	2.2796	2.4098	0.0033	0.0840	0.0907	0.0314	0.0010	0.0020	0.0000	0.0278	0.0308	0.0010	0.0000	0.0000	0.0000	0.0010	0.0143	-0.0593	-0.0000	8.2035	1.6246	18.5835	0.0115	0.6273	0.6267	0.0006	0.6133	0.6132	0.0000	0.0141	0.0135	0.0006	0.0001	0.0001	0.0000	0.0001	0.0001	0.0000	0.0000	0.0000	0.0000	0.4363	0.4028	0.0335	0.2690	0.2545	0.0146	0.1673	0.1484	0.0189	0.0911	0.0449	0.0462	0.0032	0.0029	0.0003	0.0879	0.0421	0.0458	1459.6784	790.3678	698.9987	81.8799	78.2345	3.3433	7732.4677	inf	1507.7535	0.0010	0.0020	0.0000	0.0278	0.0308	0.0010	0.0000	0.0000	0.0000
37	83	0.2009	4	0	1	0	0	0	0	0	0	N	N	N	N	N	N	N	N	N	N	N	N	0.0017	0.0023	0.0000	0.0926	0.1540	0.0000	0.0000	0.0000	0.0000	0.0018	0.0020	0.0000	0.0229	0.0239	0.0000	0.0000	0.0000	0.0000	1.0265	0.8802	1.2919	0.2479	0.1554	0.9470	1.4832	1.5839	1.3746	0.0000	0.8087	-0.0002	-0.1630	8.2035	10.0679	18.5835	33.8159	0.0020	0.0020	0.0000	0.0020	0.0020	0.0000	0.0000	0.0000	0.0000	2.2041	1.2186	0.9855	0.1968	0.1060	0.0908	2.0073	1.1126	0.8947	1.1182	0.9824	0.1358	0.0857	0.0821	0.0035	1.0325	0.9003	0.1323	2.1472	1.3844	0.7628	0.7938	0.6820	0.1119	1.3534	0.7024	0.6509	0.0017	0.0023	0.0000	0.0926	0.1540	0.0000	0.0000	0.0000	0.0000	1.0265	0.8802	1.2919	0.2479	0.1554	0.8112	1.4832	1.5839	1.3746
37	84	0.1733	3	0	1	0	0	0	0	0	0	N	N	N	N	N	N	N	N	N	N	N	N	0.0202	0.0340	0.0019	0.1001	0.1082	0.0000	0.0098	0.0242	0.0019	0.0306	0.0344	0.0049	0.1218	0.1281	0.0001	0.0170	0.0189	0.0051	1.5092	1.0102	2.5527	1.2168	1.1839	2.4368	1.7269	0.7827	2.7128	0.0212	1.2082	-0.0003	0.0645	8.2035	0.9441	18.5835	14.0836	0.0041	0.0040	0.0001	0.0021	0.0021	0.0000	0.0020	0.0019	0.0001	2.4721	1.1195	1.3526	0.8505	0.7441	0.1064	1.6216	0.3754	1.2462	0.1329	0.1157	0.0172	0.0172	0.0164	0.0008	0.1157	0.0993	0.0164	1.6380	1.1081	0.5299	0.6990	0.6285	0.0705	0.9390	0.4797	0.4594	0.0202	0.0340	0.0019	0.1001	0.1082	0.0000	0.0098	0.0242	0.0019	1.5092	1.0102	2.5527	1.2168	1.1839	1.5095	1.7269	0.7827	2.7128
37	85	0.4556	6	0	1	0	0	0	0	0	0	N	N	N	N	N	N	N	N	N	N	N	N	0.2124	3.2686	0.0000	0.5626	4.4346	0.0000	0.1246	580.9136	0.0000	0.1621	0.1844	0.0000	0.3737	0.4242	0.0000	0.1060	0.1207	0.0000	0.7633	0.0564	2.3069	0.6641	0.0957	6.1934	0.8508	0.0002	1.8123	0.0000	18.7211	-0.0312	0.6760	8.2035	15.0008	18.5835	28.2980	0.3261	0.3261	0.0000	0.1575	0.1575	0.0000	0.1686	0.1686	0.0000	1.5786	0.0800	1.4985	0.6437	0.0799	0.5638	0.9349	0.0001	0.9347	2.0116	1.7680	0.2436	0.4216	0.3714	0.0503	1.5900	1.3966	0.1933	2.0680	1.4185	0.6496	0.9692	0.8354	0.1338	1.0988	0.5830	0.5158	0.2124	3.2686	0.0000	0.5626	4.4346	0.0000	0.1246	580.9136	0.0000	0.7633	0.0564	2.3069	0.6641	0.0957	4.2139	0.8508	0.0002	1.8123
37	86	0.4556	6	0	1	0	0	0	0	0	0	N	N	N	N	N	N	N	N	N	N	N	N	0.1824	0.4239	0.0000	0.1320	0.2443	0.0000	0.2572	1035.3698	0.0000	0.1743	0.2006	0.0000	0.1587	0.1839	0.0000	0.1807	0.2074	0.0000	0.9558	0.4733	2.0908	1.2024	0.7526	6.1979	0.7026	0.0002	1.4883	0.0000	1.8779	-0.0219	0.2510	8.2035	10.8154	18.5835	27.4443	0.2292	0.2292	0.0000	0.0607	0.0607	0.0000	0.1686	0.1686	0.0000	1.9095	0.6635	1.2460	1.2170	0.6634	0.5537	0.6924	0.0001	0.6923	1.3151	1.1425	0.1725	0.3822	0.3299	0.0523	0.9329	0.8126	0.1202	1.9978	1.4018	0.5959	1.0122	0.8814	0.1307	0.9856	0.5204	0.4652	0.1824	0.4239	0.0000	0.1320	0.2443	0.0000	0.2572	1035.3698	0.0000	0.9558	0.4733	2.0908	1.2024	0.7526	4.2345	0.7026	0.0002	1.4883
37	87	0.4078	5	0	1	0	0	0	0	0	0	N	N	N	N	N	N	N	N	N	N	N	N	0.3297	0.5331	0.0293	0.3035	0.4093	0.0050	0.3579	1.1559	0.0485	0.2869	0.3241	0.0448	0.2719	0.3100	0.0141	0.2997	0.3364	0.0693	0.8700	0.6081	1.5287	0.8957	0.7572	2.8052	0.8373	0.2910	1.4279	0.0213	0.9997	-0.0174	-0.0558	8.2035	2.7608	18.5835	22.4044	0.2333	0.2284	0.0049	0.1019	0.1012	0.0007	0.1314	0.1272	0.0042	2.6393	1.3198	1.3194	1.5201	1.1178	0.4023	1.1192	0.2020	0.9171	0.8132	0.7047	0.1085	0.3748	0.3265	0.0482	0.4384	0.3782	0.0603	3.0336	2.1705	0.8631	1.6970	1.4762	0.2208	1.3366	0.6943	0.6423	0.3297	0.5331	0.0293	0.3035	0.4093	0.0077	0.3579	1.1559	0.0485	0.8700	0.6081	1.5287	0.8957	0.7572	1.8221	0.8373	0.2910	1.4279
37	88	0.2779	4	0	1	0	0	0	0	0	0	N	N	N	N	N	N	N	N	N	N	N	N	0.0608	0.1047	0.0090	0.0441	0.0522	0.0007	0.0624	0.1935	0.0095	0.1293	0.1426	0.0333	0.0906	0.0964	0.0035	0.1359	0.1511	0.0357	2.1257	1.3619	3.6818	2.0557	1.8483	5.1678	2.1767	0.7807	3.7402	0.0323	1.3270	-0.0092	0.2888	8.2035	8.8820	18.5835	49.9570	0.1425	0.1381	0.0045	0.0146	0.0145	0.0000	0.1280	0.1236	0.0044	5.8741	2.5244	3.3497	2.3947	1.8651	0.5296	3.4794	0.6593	2.8202	1.1024	0.9685	0.1340	0.1607	0.1506	0.0101	0.9417	0.8179	0.1238	2.7634	1.8536	0.9098	1.1649	1.0091	0.1558	1.5985	0.8445	0.7540	0.0608	0.1047	0.0090	0.0441	0.0522	0.0010	0.0624	0.1935	0.0095	2.1257	1.3619	3.6818	2.0557	1.8483	3.3990	2.1767	0.7807	3.7402
37	90	0.1626	6	0	2	0	1	0	0	0	0	N	Y	N	N	N	N	N	N	N	N	N	N	0.0000	0.0000	0.0000	0.0000	0.0000	0.0000	0.0000	0.0000	0.0000	0.0000	0.0000	0.0000	0.0000	0.0000	0.0000	0.0000	0.0000	0.0000	0.0000	0.0000	8.2035	0.0000	18.5835	0.0000	0.0000	0.0000	0.0000	0.0000	0.0000	0.0000	0.0000	0.0000	0.0000	0.0000	0.0000	0.0000	0.0000	0.0000	0.0000	0.0000	0.0000	0.0000	0.0000	0.0000	0.0000	0.0000	0.0000	0.0000	0.0000	0.0000	0.0000	0.0000	0.0000	0.0000	0.0000	0.0000	0.0000	0.0000	0.0000	0.0000	0.0000	0.0000	0.0000	0.0000	0.0000	0.0000	0.0000	0.0000	0.0000	0.0000	0.0000	0.0000	0.0000	0.0000	0.0000	0.0000	0.0000	0.0000											
37	91	0.1519	5	0	2	0	1	0	0	0	0	N	Y	N	N	N	N	N	N	N	N	N	N	0.0000	0.0000	0.0000	0.0000	0.0000	0.0000	0.0000	0.0000	0.0000	0.0000	0.0000	0.0000	0.0000	0.0000	0.0000	0.0000	0.0000	0.0000	0.0000	0.0000	8.2035	1.0000	18.5835	3.0000	0.0000	0.0000	0.0000	0.0000	0.0000	0.0000	0.0000	0.0000	0.0000	0.0000	0.0000	0.0000	0.0000	0.0000	0.0000	0.0000	0.0000	0.0000	0.1129	0.1006	0.0123	0.0385	0.0355	0.0030	0.0744	0.0651	0.0093	0.1959	0.0985	0.0974	0.0198	0.0165	0.0033	0.1761	0.0820	0.0941	0.0000	0.0000	0.0000	0.0000	0.0000	0.0000	0.0000	0.0000	0.0000	0.0000	0.0000	0.0000	0.0000	0.0000	0.0000	0.0000	0.0000	0.0000											
37	92	0.1454	3	0	2	0	0	0	0	0	0	N	Y	N	N	N	N	N	N	N	N	N	N	0.0000	0.0000	0.0000	0.0000	0.0000	0.0000	0.0000	0.0000	0.0000	0.0000	0.0000	0.0000	0.0000	0.0000	0.0000	0.0000	0.0000	0.0000	0.0000	0.0000	8.2035	0.0000	18.5835	0.0000	0.0000	0.0000	0.0000	0.0000	0.0000	0.0000	0.0000	0.0000	0.0000	0.0000	0.0000	0.0000	0.0000	0.0000	0.0000	0.0000	0.0000	0.0000	0.0000	0.0000	0.0000	0.0000	0.0000	0.0000	0.0000	0.0000	0.0000	0.0000	0.0000	0.0000	0.0000	0.0000	0.0000	0.0000	0.0000	0.0000	0.0000	0.0000	0.0000	0.0000	0.0000	0.0000	0.0000	0.0000	0.0000	0.0000	0.0000	0.0000	0.0000	0.0000	0.0000	0.0000	0.0000	0.0000											
37	93	0.1519	5	0	1	1	1	0	0	0	0	N	N	N	N	N	N	N	N	N	N	N	N	0.0000	0.0000	0.0000	0.0000	0.0000	0.0000	0.0000	0.0000	0.0000	0.0000	0.0000	0.0000	0.0000	0.0000	0.0000	0.0000	0.0000	0.0000	0.0000	0.0000	8.2035	0.0000	18.5835	0.0000	0.0000	0.0000	0.0000	0.0000	0.0000	0.0000	0.0000	0.0000	0.0000	0.0000	0.0000	0.0000	0.0000	0.0000	0.0000	0.0000	0.0000	0.0000	0.0000	0.0000	0.0000	0.0000	0.0000	0.0000	0.0000	0.0000	0.0000	0.0000	0.0000	0.0000	0.0000	0.0000	0.0000	0.0000	0.0000	0.0000	0.0000	0.0000	0.0000	0.0000	0.0000	0.0000	0.0000	0.0000	0.0000	0.0000	0.0000	0.0000	0.0000	0.0000	0.0000	0.0000	0.0000	0.0000											
37	94	0.1492	4	0	1	0	1	0	0	0	0	N	N	N	N	N	N	N	N	N	N	N	N	0.0000	0.0000	0.0000	0.0000	0.0000	0.0000	0.0000	0.0000	0.0000	0.0000	0.0000	0.0000	0.0000	0.0000	0.0000	0.0000	0.0000	0.0000	0.0000	0.0000	8.2035	1.0000	18.5835	0.0097	0.0000	0.0000	0.0000	0.0000	0.0000	0.0000	0.0000	0.0000	0.0000	0.0000	0.0000	0.0000	0.0000	0.0000	0.0000	0.0000	0.0000	0.0000	0.1129	0.1006	0.0123	0.0385	0.0355	0.0030	0.0744	0.0651	0.0093	0.0532	0.0267	0.0265	0.0062	0.0053	0.0009	0.0470	0.0213	0.0257	0.0000	0.0000	0.0000	0.0000	0.0000	0.0000	0.0000	0.0000	0.0000	0.0000	0.0000	0.0000	0.0000	0.0000	0.0000	0.0000	0.0000	0.0000											
37	95	0.1492	4	0	1	1	1	0	0	0	0	N	N	N	N	N	N	N	N	N	N	N	N	inf	inf	inf	inf	4.4911	5.0370	0.0000	13.2348	14.3500	0.0000	0.0000	0.0000	0.0000	0.0000	0.0000	0.0000	0.0000	0.0000	0.0000	0.0000	0.0000	0.0000	0.0000	-0.0956	0.0000	8.2035	2.0000	18.5835	3.0050	1.0000	1.0000	0.0000	1.0000	1.0000	0.0000	0.0000	0.0000	0.0000	0.0000	0.0000	0.0000	0.0000	0.0000	0.0000	0.0000	0.0000	0.0000	0.2227	0.1985	0.0241	0.0756	0.0697	0.0059	0.1471	0.1288	0.0183	0.2443	0.1230	0.1213	0.0254	0.0213	0.0041	0.2189	0.1017	0.1172	inf	inf	0.0000	inf	inf	0.0000	0.0000	0.0000	0.0000	0.0000	0.0000	0.0000	0.0000	0.0000	0.0000	0.0000	0.0000	0.0000						
37	96	0.1492	4	0	1	1	1	0	0	0	0	N	N	N	N	N	N	N	N	N	N	N	N	0.0000	0.0000	0.0000	0.0000	0.0000	0.0000	0.0000	0.0000	0.0000	0.0000	0.0000	0.0000	0.0000	0.0000	0.0000	0.0000	0.0000	0.0000	0.0000	0.0000	8.2035	0.0000	18.5835	6.9903	0.0000	0.0000	0.0000	0.0000	0.0000	0.0000	0.0000	0.0000	0.0000	0.0000	0.0000	0.0000	0.0000	0.0000	0.0000	0.0000	0.0000	0.0000	0.0000	0.0000	0.0000	0.0000	0.0000	0.0000	0.0000	0.0000	0.0000	0.3329	0.1680	0.1649	0.0342	0.0286	0.0056	0.2987	0.1394	0.1593	0.0000	0.0000	0.0000	0.0000	0.0000	0.0000	0.0000	0.0000	0.0000	0.0000	0.0000	0.0000	0.0000	0.0000	0.0000	0.0000	0.0000	0.0000											
37	97	0.1437	3	0	1	0	1	0	0	0	0	N	N	N	N	N	N	N	N	N	N	N	N	0.0000	0.0000	0.0000	0.0000	0.0000	0.0000	0.0000	0.0000	0.0000	0.0000	0.0000	0.0000	0.0000	0.0000	0.0000	0.0000	0.0000	0.0000	0.0003	0.0000	0.0007	0.0014	0.0001	0.0114	0.0002	0.0000	0.0004	32.5524	0.0000	0.0000	8.2035	0.9999	18.5835	1.0605	0.0000	0.0000	0.0000	0.0000	0.0000	0.0000	0.0000	0.0000	0.0000	0.0000	0.0000	0.0000	0.0000	0.0000	0.0000	0.0000	0.0000	0.0000	0.1635	0.1473	0.0162	0.0605	0.0562	0.0044	0.1030	0.0911	0.0119	0.1192	0.0631	0.0561	0.0149	0.0131	0.0018	0.1044	0.0500	0.0543	0.0000	0.0000	0.0000	0.0000	0.0000	0.0000	0.0000	0.0000	0.0000	0.0003	0.0000	0.0007	0.0014	0.0001	0.0114	0.0002	0.0000	0.0004	
37	98	0.1416	2	0	1	0	1	0	0	0	0	N	N	N	N	N	N	N	N	N	N	N	N	287.5226	451.8754	781.8797	117.1144	207.8180	52.6388	386.9272	10693.7204	1171.9086	1.8416	0.9242	9.2245	1.8880	1.6644	5.4684	1.7949	0.0881	10.5901	0.0064	0.0020	0.0118	0.0161	0.0080	0.1039	0.0046	0.0000	0.0090	1.2401	4.6630	0.0005	0.0001	8.2035	0.0012	18.5835	1.0414	0.0010	0.0005	0.0006	0.0005	0.0004	0.0001	0.0005	0.0000	0.0005	0.0004	0.0001	0.0004	0.0002	0.0001	0.0001	0.0003	0.0000	0.0003	0.0006	0.0005	0.0001	0.0003	0.0003	0.0000	0.0003	0.0002	0.0000	0.0668	0.0369	0.0299	0.0103	0.0094	0.0009	0.0565	0.0275	0.0290	287.5226	451.8754	781.8797	117.1144	207.8180	52.6388	386.9272	10693.7204	1171.9086	0.0064	0.0020	0.0118	0.0161	0.0080	0.1039	0.0046	0.0000	0.0090
37	101	0.1485	4	1	2	0	0	0	0	0	0	N	Y	N	N	N	N	N	N	N	N	N	N	0.0000	0.0000	0.0000	0.0000	0.0000	0.0000	0.0000	0.0000	0.0000	0.0000	0.0000	0.0000	0.0000	0.0000	0.0000	6.4084	0.0075	12.9448	0.0000	0.0000	0.0000	7.0728	0.0088	13.3813	1694.8983	0.0000	0.4786	8.2035	0.0000	18.5835	3.0000	0.0000	0.0000	0.0000	0.0000	0.0000	0.0000	0.0000	0.0000	0.0000	1.0006	0.0006	1.0000	0.0000	0.0000	0.0000	1.0006	0.0006	1.0000	0.0000	0.0000	0.0000	0.0000	0.0000	0.0000	0.0000	0.0000	0.0000	0.1561	0.0789	0.0773	0.0147	0.0121	0.0025	0.1415	0.0667	0.0747	0.0000	0.0000	0.0000	0.0000	0.0000	0.0000	0.0000	0.0000	0.0000	6.4084	0.0075	12.9448	0.0000	0.0000	0.0000	7.0728	0.0088	13.3813				
37	102	0.1454	3	1	2	0	0	0	0	0	0	N	Y	N	N	N	N	N	N	N	N	N	N	0.0000	0.0000	0.0000	0.0000	0.0000	0.0000	0.0000	0.0000	0.0000	0.0000	0.0000	0.0000	0.0000	0.0000	0.0000	0.0000	0.0000	0.0000	0.0000	0.0000	8.2035	0.0000	18.5835	1.0000	0.0000	0.0000	0.0000	0.0000	0.0000	0.0000	0.0000	0.0000	0.0000	0.0000	0.0000	0.0000	0.0000	0.0000	0.0000	0.0000	0.0000	0.0000	0.0000	0.0000	0.0000	0.0000	0.0000	0.0000	0.0000	0.0000	0.0000	0.0542	0.0273	0.0269	0.0051	0.0042	0.0009	0.0491	0.0231	0.0260	0.0000	0.0000	0.0000	0.0000	0.0000	0.0000	0.0000	0.0000	0.0000	0.0000	0.0000	0.0000	0.0000	0.0000	0.0000	0.0000	0.0000	0.0000											
37	103	0.1416	2	0	2	0	0	0	0	0	0	N	Y	N	N	N	N	N	N	N	N	N	N	219.9595	0.9675	956.8936	30.7967	0.0605	64.3113	496.3443	718.3345	1435.1797	1.2593	0.0009	11.1248	0.3742	0.0002	6.6109	2.2647	0.0018	12.7600	0.0057	0.0009	0.0116	0.0121	0.0037	0.1028	0.0046	0.0000	0.0089	1549.6003	9.9469	0.0005	0.0001	8.2035	0.0006	18.5835	1.0534	0.0006	0.0000	0.0006	0.0001	0.0000	0.0001	0.0005	0.0000	0.0005	0.0004	0.0000	0.0004	0.0001	0.0000	0.0001	0.0003	0.0000	0.0003	0.0004	0.0004	0.0001	0.0002	0.0002	0.0000	0.0002	0.0002	0.0000	0.0674	0.0372	0.0302	0.0103	0.0094	0.0009	0.0571	0.0278	0.0293	219.9595	0.9675	956.8936	30.7967	0.0605	64.3113	496.3443	718.3345	1435.1797	0.0057	0.0009	0.0116	0.0121	0.0037	0.1028	0.0046	0.0000	0.0089
37	109	0.3603	5	0	1	0	0	0	0	0	0	N	N	N	N	N	N	N	N	N	N	N	N	0.0091	0.0131	0.0000	0.1030	0.1223	0.0000	0.0000	0.0000	0.0000	0.0083	0.0094	0.0000	0.0687	0.0725	0.0000	0.0000	0.0000	0.0000	0.9116	0.7216	1.3202	0.6668	0.5925	1.5156	1.1295	0.9059	1.3830	0.0000	0.8507	-0.0007	-0.1270	8.2035	7.7801	18.5835	32.2209	0.0077	0.0077	0.0000	0.0077	0.0077	0.0000	0.0000	0.0000	0.0000	2.0679	1.1173	0.9506	0.7122	0.5396	0.1726	1.3557	0.5777	0.7779	0.9224	0.8106	0.1118	0.1115	0.1057	0.0058	0.8109	0.7049	0.1060	2.2684	1.5484	0.7200	1.0682	0.9107	0.1575	1.2002	0.6377	0.5625	0.0091	0.0131	0.0000	0.1030	0.1223	0.0000	0.0000	0.0000	0.0000	0.9116	0.7216	1.3202	0.6668	0.5925	1.0959	1.1295	0.9059	1.3830
38	40	0.2093	2	0	1	1	1	0	0	0	0	N	N	N	N	N	N	N	N	N	N	N	N	0.0805	0.1065	0.0000	0.2390	99.3908	0.0000	0.0000	0.0000	0.0000	0.2257	0.2772	0.0000	0.4118	0.4591	0.0000	0.0000	0.0000	0.0000	2.8028	2.6032	3.1859	1.7228	0.0046	10.8755	3.8987	6.6797	0.9385	0.0000	0.6378	-0.0000	-0.2116	10.2042	0.0009	23.0710	7.7842	0.0002	0.0002	0.0000	0.0002	0.0002	0.0000	0.0000	0.0000	0.0000	1.6069	0.9811	0.6258	0.4974	0.0011	0.4964	1.1095	0.9801	0.1294	0.0009	0.0007	0.0002	0.0005	0.0004	0.0001	0.0004	0.0003	0.0001	0.5733	0.3769	0.1964	0.2887	0.2302	0.0586	0.2846	0.1467	0.1378	0.0805	0.1065	0.0000	0.2390	99.3908	0.0000	0.0000	0.0000	0.0000	2.8028	2.6032	3.1859	1.7228	0.0046	8.4752	3.8987	6.6797	0.9385
38	42	0.2238	2	0	2	0	1	0	0	0	0	N	Y	N	N	N	N	N	N	N	N	N	N	2.9050	2.6384	4.0055	4.5596	0.0935	0.1091	0.0000	0.2496	0.3035	0.0000	0.0000	0.0000	0.0000	0.0322	0.0414	0.0000	0.0623	0.0666	0.0000	0.0000	0.0000	0.0000	0.0000	0.0000	-0.0000	-0.0000	10.2042	0.0003	23.0710	0.0002	0.0000	0.0000	0.0000	0.0000	0.0000	0.0000	0.0000	0.0000	0.0000	0.0000	0.0000	0.0000	0.0000	0.0000	0.0000	0.0000	0.0000	0.0000	0.0001	0.0001	0.0000	0.0000	0.0000	0.0000	0.0000	0.0000	0.0000	0.0002	0.0001	0.0000	0.0001	0.0001	0.0000	0.0001	0.0001	0.0000	2.9050	2.6384	0.0000	4.0055	4.5596	0.0000	0.0000	0.0000	0.0000	0.0322	0.0414	0.0000	0.0623	0.0666	0.0000	0.0000	0.0000	0.0000					
38	43	0.1798	2	1	2	1	1	0	0	0	0	N	Y	N	N	N	N	N	N	N	N	N	N	0.0000	0.0000	0.0000	0.0000	0.0000	0.0000	0.0000	0.0000	0.0000	0.0000	0.0000	0.0000	0.0000	0.0000	0.0000	0.0000	0.0000	0.0000	0.0000	0.0000	10.2042	0.0000	23.0710	2.0000	0.0000	0.0000	0.0000	0.0000	0.0000	0.0000	0.0000	0.0000	0.0000	0.0000	0.0000	0.0000	0.0000	0.0000	0.0000	0.0000	0.0000	0.0000	0.0000	0.0000	0.0000	0.0000	0.0000	0.0000	0.0000	0.0000	0.0000	0.1339	0.0779	0.0561	0.0247	0.0188	0.0059	0.1092	0.0591	0.0501	0.0000	0.0000	0.0000	0.0000	0.0000	0.0000	0.0000	0.0000	0.0000	0.0000	0.0000	0.0000	0.0000	0.0000	0.0000	0.0000	0.0000	0.0000											
38	44	0.1798	2	1	2	1	1	0	0	0	0	N	Y	N	N	N	N	N	N	N	N	N	N	0.0000	0.0000	0.0000	0.0000	0.0000	0.0000	0.0000	0.0000	0.0000	0.0000	0.0000	0.0000	0.0000	0.0000	0.0000	0.0000	0.0000	0.0000	0.0000	0.0000	10.2042	0.0000	23.0710	0.0000	0.0000	0.0000	0.0000	0.0000	0.0000	0.0000	0.0000	0.0000	0.0000	0.0000	0.0000	0.0000	0.0000	0.0000	0.0000	0.0000	0.0000	0.0000	0.0000	0.0000	0.0000	0.0000	0.0000	0.0000	0.0000	0.0000	0.0000	0.0000	0.0000	0.0000	0.0000	0.0000	0.0000	0.0000	0.0000	0.0000	0.0000	0.0000	0.0000	0.0000	0.0000	0.0000	0.0000	0.0000	0.0000	0.0000	0.0000	0.0000	0.0000	0.0000	0.0000	0.0000	0.0000	0.0000											
38	48	0.2323	2	0	1	0	2	0	0	0	0	N	N	N	Y	N	N	N	N	N	N	N	N	1.3199	17.2686	0.0000	20.4774	79.8817	0.0000	0.0000	0.0000	0.0000	0.0668	0.0781	0.0000	0.2760	0.3049	0.0000	0.0000	0.0000	0.0000	0.0506	0.0045	0.1435	0.0135	0.0038	0.0588	0.0849	0.0055	0.1723	0.0000	15.7552	-0.0000	0.0045	10.2042	0.0037	23.0710	3.0208	0.0001	0.0001	0.0000	0.0001	0.0001	0.0000	0.0000	0.0000	0.0000	0.0107	0.0006	0.0101	0.0014	0.0003	0.0011	0.0094	0.0003	0.0090	0.0008	0.0007	0.0001	0.0002	0.0002	0.0000	0.0006	0.0005	0.0001	0.2117	0.1414	0.0703	0.1016	0.0838	0.0179	0.1101	0.0577	0.0524	1.3199	17.2686	0.0000	20.4774	79.8817	0.0000	0.0000	0.0000	0.0000	0.0506	0.0045	0.1435	0.0135	0.0038	0.0588	0.0849	0.0055	0.1723
38	50	0.1887	2	0	2	1	1	0	0	0	0	N	Y	N	N	N	N	N	N	N	N	N	N	0.4110	39.8264	1.1927	0.2380	125.3625	0.2042	0.3513	6.0115	1.0484	0.9602	0.2199	6.7922	1.4866	0.3271	10.9104	0.1260	0.0485	0.7077	2.3362	0.0055	5.6947	6.2461	0.0026	53.4338	0.3586	0.0081	0.6750	3.9206	715.7193	0.3124	0.2019	10.2042	1.4428	23.0710	0.4686	0.4455	0.0905	0.3549	0.4229	0.0828	0.3400	0.0226	0.0077	0.0149	0.4229	0.0006	0.4223	0.3798	0.0001	0.3796	0.0431	0.0005	0.0426	0.4639	0.4117	0.0523	0.2845	0.2533	0.0312	0.1795	0.1584	0.0211	0.1810	0.1069	0.0742	0.0608	0.0498	0.0110	0.1202	0.0570	0.0632	0.4110	39.8264	1.1927	0.2380	125.3625	0.3155	0.3513	6.0115	1.0484	2.3362	0.0055	5.6947	6.2461	0.0026	34.5855	0.3586	0.0081	0.6750
38	52	0.1764	2	1	1	1	1	0	0	0	0	N	N	N	N	N	N	N	N	N	N	N	N	0.6005	0.1937	1289.1244	0.0461	0.0105	81.3866	892.1889	inf	1372.4484	0.0602	0.0378	0.2446	0.0508	0.0120	0.6411	0.0631	0.0464	0.1828	0.1002	0.1950	0.0002	1.1001	1.1444	0.0079	0.0001	0.0000	0.0001	0.7866	0.0009	0.0034	-0.0209	10.2042	0.9976	23.0710	4.7732	0.0099	0.0056	0.0044	0.0020	0.0004	0.0015	0.0079	0.0051	0.0028	0.0402	0.0401	0.0000	0.0401	0.0401	0.0000	0.0000	0.0000	0.0000	0.1650	0.1472	0.0179	0.0392	0.0368	0.0024	0.1259	0.1104	0.0155	0.4007	0.2058	0.1950	0.0365	0.0351	0.0014	0.3642	0.1707	0.1935	0.6005	0.1937	1289.1244	0.0461	0.0105	81.3866	892.1889	inf	1372.4484	0.1002	0.1950	0.0002	1.1001	1.1444	0.0079	0.0001	0.0000	0.0001
38	55	0.1750	2	0	2	0	1	0	0	0	0	N	Y	N	N	N	N	N	N	N	N	N	N	0.2151	0.1759	0.0000	11.6084	11.1737	0.0000	0.0000	0.0000	0.0000	0.2990	0.3744	0.0000	0.5701	0.6180	0.0000	0.0000	0.0000	0.0000	1.3901	2.1278	0.0384	0.0491	0.0553	0.0190	2.3602	4.5418	0.0434	0.0000	0.0099	-0.0001	-0.5049	10.2042	0.0041	23.0710	6.2745	0.0014	0.0014	0.0000	0.0014	0.0014	0.0000	0.0000	0.0000	0.0000	0.9874	0.9778	0.0096	0.0146	0.0137	0.0010	0.9728	0.9641	0.0087	0.0048	0.0038	0.0010	0.0025	0.0023	0.0002	0.0023	0.0015	0.0008	0.7103	0.4595	0.2508	0.2982	0.2472	0.0509	0.4122	0.2123	0.1999	0.2151	0.1759	0.0000	11.6084	11.1737	0.0000	0.0000	0.0000	0.0000	1.3901	2.1278	0.0384	0.0491	0.0553	0.0190	2.3602	4.5418	0.0434
38	56	0.2238	2	0	1	1	1	0	0	0	0	N	N	N	N	N	N	N	N	N	N	N	N	170.4783	inf	49.8910	3815.3703	inf	0.0000	100.2718	inf	37.9326	4.1901	4.2786	3.5196	0.0021	0.0022	0.0000	4.4711	4.5918	3.5998	0.0246	0.0000	0.0705	0.0000	0.0000	0.0000	0.0446	0.0000	0.0949	0.1086	inf	0.0247	0.0148	10.2042	18.9997	23.0710	4.0000	10.2041	9.2042	1.0000	0.0003	0.0003	0.0000	10.2038	9.2038	1.0000	0.0309	0.0000	0.0309	0.0000	0.0000	0.0000	0.0309	0.0000	0.0309	2.4353	2.1512	0.2841	0.1531	0.1468	0.0063	2.2822	2.0044	0.2778	1.2586	0.8201	0.4385	0.5648	0.4523	0.1125	0.6938	0.3678	0.3260	170.4783	inf	49.8910	3815.3703	inf	0.0000	100.2718	inf	37.9326	0.0246	0.0000	0.0705	0.0000	0.0000	0.0000	0.0446	0.0000	0.0949
38	58	0.1746	3	1	2	0	1	0	0	0	0	N	Y	N	N	N	N	N	N	N	N	N	N	123.0106	38.6665	3018.1695	6.8693	4.7464	48.8734	2560.6485	inf	6120.0254	0.1383	0.0719	0.7424	0.0740	0.0520	0.3856	0.1831	0.0867	0.8764	0.0011	0.0019	0.0002	0.0108	0.0110	0.0079	0.0001	0.0000	0.0001	1.1332	0.1109	0.0125	-0.0003	10.2042	0.9359	23.0710	8.5945	0.0286	0.0134	0.0152	0.0063	0.0041	0.0022	0.0223	0.0093	0.0130	0.0007	0.0006	0.0001	0.0007	0.0006	0.0000	0.0000	0.0000	0.0000	0.2067	0.1863	0.0205	0.0849	0.0793	0.0056	0.1219	0.1070	0.0149	0.6380	0.3470	0.2910	0.0628	0.0589	0.0039	0.5752	0.2881	0.2871	123.0106	38.6665	3018.1695	6.8693	4.7464	48.8734	2560.6485	inf	6120.0254	0.0011	0.0019	0.0002	0.0108	0.0110	0.0079	0.0001	0.0000	0.0001
38	59	0.1718	2	0	2	0	1	0	0	0	0	N	Y	N	N	N	N	N	N	N	N	N	N	51.0122	26.0561	991.3835	13.7299	13.1668	121.3472	202.7124	82.5080	1174.3748	1.0840	0.8660	2.9900	1.3033	1.2762	1.7698	0.8994	0.4851	3.3856	0.0213	0.0332	0.0030	0.0949	0.0969	0.0146	0.0044	0.0059	0.0029	0.3950	0.0596	0.0111	-0.0019	10.2042	0.1706	23.0710	1.8413	0.0591	0.0424	0.0167	0.0325	0.0301	0.0024	0.0266	0.0123	0.0143	0.0040	0.0038	0.0002	0.0033	0.0033	0.0000	0.0007	0.0005	0.0002	0.0545	0.0489	0.0056	0.0249	0.0236	0.0014	0.0296	0.0254	0.0042	0.1892	0.1141	0.0750	0.0351	0.0343	0.0009	0.1540	0.0798	0.0742	51.0122	26.0561	991.3835	13.7299	13.1668	121.3472	202.7124	82.5080	1174.3748	0.0213	0.0332	0.0030	0.0949	0.0969	0.0146	0.0044	0.0059	0.0029
38	61	0.5468	8	0	1	0	1	0	0	0	0	N	N	N	N	N	N	N	N	N	N	N	N	0.0001	0.0011	0.0000	0.0010	0.0051	0.0000	0.0000	0.0000	0.0000	0.0003	0.0004	0.0000	0.0034	0.0035	0.0000	0.0000	0.0000	0.0000	3.3166	0.3535	8.8303	3.4350	0.6943	49.7856	3.2402	0.0010	6.8329	0.0000	13.4221	-0.0000	1.2275	10.2042	1.0140	23.0710	12.0537	0.0001	0.0001	0.0000	0.0001	0.0001	0.0000	0.0000	0.0000	0.0000	2.9970	0.2078	2.7892	1.2170	0.2075	1.0095	1.7800	0.0003	1.7797	0.1528	0.1338	0.0190	0.0155	0.0147	0.0008	0.1373	0.1191	0.0182	0.9036	0.5878	0.3159	0.3543	0.2989	0.0554	0.5493	0.2889	0.2605	0.0001	0.0011	0.0000	0.0010	0.0051	0.0000	0.0000	0.0000	0.0000	3.3166	0.3535	8.8303	3.4350	0.6943	18.2188	3.2402	0.0010	6.8329
38	62	0.4709	5	0	1	0	1	0	0	0	0	N	N	N	N	N	N	N	N	N	N	N	N	0.0364	0.0557	0.0000	0.2434	0.2629	0.0000	0.0000	0.0000	0.0000	0.0444	0.0502	0.0000	0.2287	0.2517	0.0000	0.0000	0.0000	0.0000	1.2183	0.9018	1.9034	0.9396	0.9571	0.9801	1.4743	0.8191	2.2019	0.0000	0.9750	-0.0125	-0.1246	10.2042	22.0948	23.0710	64.3951	0.1305	0.1305	0.0000	0.1305	0.1305	0.0000	0.0000	0.0000	0.0000	4.5464	2.3019	2.2445	1.6788	1.4636	0.2152	2.8676	0.8383	2.0293	2.9390	2.5987	0.3403	0.5703	0.5184	0.0520	2.3687	2.0803	0.2884	3.7318	2.5526	1.1792	1.7867	1.5291	0.2576	1.9451	1.0235	0.9216	0.0364	0.0557	0.0000	0.2434	0.2629	0.0000	0.0000	0.0000	0.0000	1.2183	0.9018	1.9034	0.9396	0.9571	0.8355	1.4743	0.8191	2.2019
38	63	0.2641	4	0	1	0	1	0	0	0	0	N	N	N	N	N	N	N	N	N	N	N	N	0.0034	0.0062	0.0000	0.0485	0.0482	0.0000	0.0000	0.0000	0.0000	0.0044	0.0050	0.0000	0.0589	0.0616	0.0000	0.0000	0.0000	0.0000	1.2912	0.8106	2.2400	1.2137	1.2775	0.8065	1.3476	0.2300	2.5171	0.0000	1.3997	-0.0002	0.1588	10.2042	3.0638	23.0710	18.8214	0.0020	0.0020	0.0000	0.0020	0.0020	0.0000	0.0000	0.0000	0.0000	2.5526	1.0637	1.4889	1.0112	0.9292	0.0819	1.5414	0.1345	1.4069	0.4473	0.3912	0.0561	0.0334	0.0319	0.0015	0.4139	0.3593	0.0546	1.9769	1.3123	0.6647	0.8331	0.7274	0.1057	1.1438	0.5849	0.5589	0.0034	0.0062	0.0000	0.0485	0.0482	0.0000	0.0000	0.0000	0.0000	1.2912	0.8106	2.2400	1.2137	1.2775	0.7750	1.3476	0.2300	2.5171
38	64	0.1750	2	1	2	1	1	0	0	0	0	N	Y	N	N	N	N	N	N	N	N	N	N	0.0078	0.1513	0.0000	1.1099	0.9839	0.0000	0.0000	0.0000	0.0093	0.0107	0.0000	0.1379	0.1454	0.0000	0.0000	0.0000	0.0000	1.1903	0.0709	3.1184	0.1243	0.1477	0.0168	1.8164	0.0000	3.8014	0.0000	25.5284	-0.0001	0.4588	10.2042	1.0029	23.0710	8.4685	0.0014	0.0014	0.0000	0.0014	0.0014	0.0000	0.0000	0.0000	0.0000	1.0397	0.0392	1.0006	0.0402	0.0392	0.0010	0.9996	0.0000	0.9996	0.1528	0.1330	0.0198	0.0103	0.0098	0.0005	0.1425	0.1232	0.0193	0.8735	0.5526	0.3209	0.3232	0.2653	0.0579	0.5503	0.2874	0.2630	0.0078	0.1513	0.0000	1.1099	0.9839	0.0000	0.0000	0.0000	0.0000	1.1903	0.0709	3.1184	0.1243	0.1477	0.0168	1.8164	0.0000	3.8014	
38	66	0.5468	8	0	2	0	1	0	0	0	0	N	Y	N	N	N	N	N	N	N	N	N	N	0.0002	0.0005	0.0000	0.0028	0.0025	0.0000	0.0000	0.0000	0.0000	0.0003	0.0004	0.0000	0.0034	0.0035	0.0000	0.0000	0.0000	0.0000	1.5572	0.7208	3.1092	1.2069	1.4216	0.0588	1.7819	0.0010	3.7598	0.0000	2.3242	-0.0000	0.2568	10.2042	1.0110	23.0710	12.5479	0.0001	0.0001	0.0000	0.0001	0.0001	0.0000	0.0000	0.0000	0.0000	1.4421	0.4338	1.0083	0.4369	0.4335	0.0033	1.0053	0.0003	1.0050	0.1524	0.1334	0.0190	0.0155	0.0147	0.0008	0.1369	0.1188	0.0182	0.9261	0.6018	0.3243	0.3620	0.3050	0.0570	0.5642	0.2969	0.2673	0.0002	0.0005	0.0000	0.0028	0.0025	0.0000	0.0000	0.0000	0.0000	1.5572	0.7208	3.1092	1.2069	1.4216	0.0588	1.7819	0.0010	3.7598
38	67	0.5404	7	0	1	0	1	0	0	0	0	N	N	N	N	N	N	N	N	N	N	N	N	0.0002	0.0002	0.0000	0.0004	0.0004	0.0000	0.0003	0.0027	0.0000	0.0005	0.0006	0.0000	0.0016	0.0016	0.0000	0.0004	0.0005	0.0000	2.5133	2.6171	2.2798	3.7914	4.0719	0.3878	1.3795	0.1689	2.5290	0.0000	0.3870	-0.0000	-0.2703	10.2042	0.9784	23.0710	1.5217	0.0001	0.0001	0.0000	0.0000	0.0000	0.0000	0.0001	0.0001	0.0000	1.1167	0.8051	0.3116	0.7919	0.7857	0.0062	0.3248	0.0194	0.3054	0.1474	0.1291	0.0184	0.0147	0.0140	0.0007	0.1327	0.1151	0.0176	0.4443	0.3076	0.1367	0.2089	0.1930	0.0159	0.2354	0.1147	0.1208	0.0002	0.0002	0.0000	0.0004	0.0004	0.0000	0.0003	0.0027	0.0000	2.5133	2.6171	2.2798	3.7914	4.0719	0.3878	1.3795	0.1689	2.5290
38	68	0.5102	6	0	1	0	1	0	0	0	0	N	N	N	N	N	N	N	N	N	N	N	N	0.0050	0.0069	0.0000	0.0392	0.0367	0.0000	0.0002	0.0008	0.0000	0.0058	0.0067	0.0000	0.0509	0.0535	0.0000	0.0002	0.0002	0.0000	1.1638	0.9614	1.5747	1.2999	1.4569	0.4992	1.0405	0.2400	1.9069	0.0000	0.8065	-0.0001	-0.0802	10.2042	1.0531	23.0710	9.0748	0.0010	0.0010	0.0000	0.0009	0.0009	0.0000	0.0000	0.0000	0.0000	1.0743	0.5947	0.4796	0.5701	0.5342	0.0359	0.5042	0.0604	0.4437	0.1631	0.1427	0.0204	0.0183	0.0174	0.0009	0.1449	0.1254	0.0195	0.9231	0.6185	0.3046	0.4386	0.3667	0.0719	0.4845	0.2518	0.2327	0.0050	0.0069	0.0000	0.0392	0.0367	0.0000	0.0002	0.0008	0.0000	1.1638	0.9614	1.5747	1.2999	1.4569	0.4992	1.0405	0.2400	1.9069
38	71	0.2100	5	0	1	1	1	0	0	0	0	N	N	N	N	N	N	N	N	N	N	N	N	0.0000	0.0000	0.0000	0.0000	0.0000	0.0000	0.0000	0.0000	0.0000	0.0000	0.0000	0.0000	0.0000	0.0000	0.0000	0.0000	0.0000	0.0018	0.0006	0.0038	0.0022	0.0013	0.0070	0.0016	0.0000	0.0032	3.5000	0.0000	0.0000	10.2042	1.0000	23.0710	0.0055	0.0000	0.0000	0.0000	0.0000	0.0000	0.0000	0.0000	0.0000	0.0000	0.0001	0.0000	0.0001	0.0000	0.0000	0.0000	0.0001	0.0000	0.0001	0.0872	0.0759	0.0113	0.0000	0.0000	0.0000	0.0872	0.0759	0.0113	0.0502	0.0316	0.0186	0.0181	0.0153	0.0029	0.0321	0.0163	0.0157	0.0000	0.0000	0.0000	0.0000	0.0000	0.0000	0.0000	0.0000	0.0000	0.0018	0.0006	0.0038	0.0022	0.0013	0.0070	0.0016	0.0000	0.0032		
38	72	0.2034	4	0	1	1	1	0	0	0	0	N	N	N	N	N	N	N	N	N	N	N	N	0.0000	0.0000	0.0000	0.0000	0.0000	0.0000	0.0000	0.0000	0.0000	0.0000	0.0000	0.0000	0.0000	0.0000	0.0000	0.0000	0.0000	0.0000	0.0553	0.0363	0.0897	0.0685	0.0729	0.0409	0.0475	0.0000	0.0981	1.3664	0.0000	0.0002	10.2042	0.0000	23.0710	1.0265	0.0000	0.0000	0.0000	0.0000	0.0000	0.0000	0.0000	0.0000	0.0000	0.0031	0.0013	0.0018	0.0014	0.0013	0.0001	0.0017	0.0000	0.0017	0.0000	0.0000	0.0000	0.0000	0.0000	0.0000	0.0000	0.0000	0.0000	0.0561	0.0361	0.0200	0.0209	0.0180	0.0029	0.0352	0.0181	0.0170	0.0000	0.0000	0.0000	0.0000	0.0000	0.0000	0.0000	0.0000	0.0000	0.0553	0.0363	0.0897	0.0685	0.0729	0.0409	0.0475	0.0000	0.0981	
38	73	0.1980	3	0	1	0	1	0	0	0	0	N	N	N	N	N	N	N	N	N	N	N	N	0.0000	0.0000	0.0000	0.0000	0.0000	0.0000	0.0000	0.0000	0.0000	0.0000	0.0000	0.0000	0.0000	0.0000	0.0000	0.0000	0.0000	0.0000	0.1053	0.0694	0.1826	0.0969	0.1003	0.0592	0.1142	0.0003	0.2018	1.2224	0.0000	0.0015	10.2042	0.0000	23.0710	1.0321	0.0000	0.0000	0.0000	0.0000	0.0000	0.0000	0.0000	0.0000	0.0000	0.0517	0.0232	0.0284	0.0245	0.0232	0.0012	0.0272	0.0000	0.0272	0.0553	0.0498	0.0055	0.0306	0.0292	0.0015	0.0247	0.0206	0.0041	0.4905	0.3349	0.1556	0.2524	0.2314	0.0209	0.2382	0.1035	0.1347	0.0000	0.0000	0.0000	0.0000	0.0000	0.0000	0.0000	0.0000	0.0000	0.1053	0.0694	0.1826	0.0969	0.1003	0.0592	0.1142	0.0003	0.2018	
38	74	0.1751	2	0	1	0	1	0	0	0	0	N	N	N	N	N	N	N	N	N	N	N	N	0.1837	2.0361	0.0965	2.4616	3.3933	0.0173	0.0696	5.0807	0.1021	0.1764	0.1657	0.2349	0.4445	0.4783	0.0126	0.0976	0.0620	0.2614	0.9602	0.0814	2.4348	0.1806	0.1409	0.7278	1.4024	0.0122	2.5589	0.2587	17.8251	0.0024	0.5099	10.2042	0.5629	23.0710	8.5245	0.0219	0.0174	0.0045	0.0125	0.0125	0.0000	0.0093	0.0049	0.0045	1.1976	0.0636	1.1340	0.0815	0.0592	0.0223	1.1161	0.0044	1.1117	0.1240	0.1048	0.0191	0.0282	0.0261	0.0020	0.0958	0.0787	0.0171	1.2473	0.7815	0.4657	0.4514	0.4201	0.0313	0.7959	0.3614	0.4344	0.1837	2.0361	0.0965	2.4616	3.3933	0.0176	0.0696	5.0807	0.1021	0.9602	0.0814	2.4348	0.1806	0.1409	0.7127	1.4024	0.0122	2.5589
38	75	0.1921	3	0	2	0	1	0	0	0	0	N	Y	N	N	N	N	N	N	N	N	N	N	0.0000	0.0000	0.0000	0.0000	0.0000	0.0000	0.0000	0.0000	0.0000	0.0000	0.0000	0.0000	0.0000	0.0000	0.0000	0.0000	0.0000	0.0763	0.0117	0.2148	0.0282	0.0241	0.0583	0.1051	0.0000	0.2404	8.5665	0.0000	0.0111	10.2042	1.9994	23.0710	4.0943	0.0000	0.0000	0.0000	0.0000	0.0000	0.0000	0.0000	0.0000	0.0000	0.0296	0.0031	0.0265	0.0041	0.0031	0.0010	0.0255	0.0000	0.0255	0.1752	0.1531	0.0220	0.0001	0.0001	0.0000	0.1751	0.1530	0.0220	0.3876	0.2643	0.1233	0.1454	0.1281	0.0173	0.2422	0.1363	0.1059	0.0000	0.0000	0.0000	0.0000	0.0000	0.0000	0.0000	0.0000	0.0000	0.0763	0.0117	0.2148	0.0282	0.0241	0.0583	0.1051	0.0000	0.2404		
38	76	0.1859	2	0	1	0	1	0	0	0	0	N	N	N	N	N	N	N	N	N	N	N	N	0.0000	0.0000	0.0000	0.0000	0.0000	0.0000	0.0000	0.0000	0.0000	0.0000	0.0000	0.0000	0.0000	0.0000	0.0000	0.0000	0.0000	0.0000	1.0167	0.4819	2.1786	0.8832	0.8638	1.3626	1.1069	0.0498	2.3391	2.0806	0.0000	0.0344	10.2042	0.0011	23.0710	2.7207	0.0000	0.0000	0.0000	0.0000	0.0000	0.0000	0.0000	0.0000	0.0000	0.2227	0.0723	0.1504	0.0780	0.0688	0.0092	0.1447	0.0035	0.1412	0.0001	0.0001	0.0000	0.0000	0.0000	0.0000	0.0001	0.0001	0.0000	0.2190	0.1500	0.0690	0.0883	0.0796	0.0087	0.1307	0.0704	0.0604	0.0000	0.0000	0.0000	0.0000	0.0000	0.0000	0.0000	0.0000	0.0000	1.0167	0.4819	2.1786	0.8832	0.8638	1.0619	1.1069	0.0498	2.3391	
38	78	0.1740	2	1	1	1	1	0	0	0	0	N	N	N	N	N	N	N	N	N	N	N	N	1435.7402	782.5030	371.1175	78.0105	74.1034	2.6331	7593.8094	inf	773.6387	1.2267	1.3291	0.0089	1.9467	2.0598	0.0022	0.0716	0.0790	0.0141	0.0009	0.0017	0.0000	0.0250	0.0278	0.0008	0.0000	0.0000	0.0000	0.0006	0.0143	-0.0596	-0.0000	10.2042	1.6246	23.0710	0.0115	0.6273	0.6270	0.0004	0.6133	0.6132	0.0000	0.0141	0.0137	0.0003	0.0001	0.0001	0.0000	0.0001	0.0001	0.0000	0.0000	0.0000	0.0000	0.5114	0.4717	0.0397	0.3150	0.2977	0.0173	0.1964	0.1740	0.0224	0.1049	0.0520	0.0529	0.0036	0.0032	0.0004	0.1014	0.0488	0.0525	1435.7402	782.5030	371.1175	78.0105	74.1034	2.6331	7593.8094	inf	773.6387	0.0009	0.0017	0.0000	0.0250	0.0278	0.0008	0.0000	0.0000	0.0000
38	83	0.2641	4	0	1	0	1	0	0	0	0	N	N	N	N	N	N	N	N	N	N	N	N	0.0009	0.0012	0.0000	0.0857	0.1282	0.0000	0.0000	0.0000	0.0000	0.0015	0.0017	0.0000	0.0209	0.0219	0.0000	0.0000	0.0000	0.0000	1.5795	1.3659	1.9674	0.2444	0.1709	0.6992	2.3555	2.5125	2.1851	0.0000	0.7932	-0.0002	-0.3106	10.2042	10.0679	23.0710	33.8159	0.0020	0.0020	0.0000	0.0020	0.0020	0.0000	0.0000	0.0000	0.0000	3.9442	2.1996	1.7446	0.2244	0.1348	0.0896	3.7199	2.0648	1.6551	1.3322	1.1705	0.1617	0.0939	0.0897	0.0042	1.2383	1.0807	0.1576	2.4971	1.6104	0.8868	0.9179	0.7886	0.1293	1.5792	0.8218	0.7574	0.0009	0.0012	0.0000	0.0857	0.1282	0.0000	0.0000	0.0000	0.0000	1.5795	1.3659	1.9674	0.2444	0.1709	0.6924	2.3555	2.5125	2.1851
38	84	0.2365	3	0	1	0	1	0	0	0	0	N	N	N	N	N	N	N	N	N	N	N	N	0.0154	0.0241	0.0008	0.0710	0.0728	0.0000	0.0080	0.0208	0.0008	0.0257	0.0291	0.0022	0.1072	0.1124	0.0001	0.0142	0.0161	0.0023	1.6611	1.2088	2.6135	1.5091	1.5444	1.7103	1.7733	0.7746	2.8296	0.0110	1.0268	-0.0003	-0.0455	10.2042	0.9441	23.0710	14.0836	0.0041	0.0040	0.0000	0.0021	0.0021	0.0000	0.0020	0.0019	0.0000	3.1421	1.5503	1.5918	1.2128	1.1171	0.0957	1.9293	0.4332	1.4961	0.1583	0.1379	0.0204	0.0195	0.0186	0.0009	0.1387	0.1192	0.0195	1.8917	1.2826	0.6091	0.8037	0.7233	0.0804	1.0880	0.5592	0.5287	0.0154	0.0241	0.0008	0.0710	0.0728	0.0000	0.0080	0.0208	0.0008	1.6611	1.2088	2.6135	1.5091	1.5444	1.1912	1.7733	0.7746	2.8296
38	85	0.5187	6	0	1	0	1	0	0	0	0	N	N	N	N	N	N	N	N	N	N	N	N	0.1456	0.3884	0.0000	0.4810	0.7331	0.0000	0.0769	0.4433	0.0000	0.1385	0.1573	0.0000	0.3452	0.3891	0.0000	0.0888	0.1010	0.0000	0.9516	0.4051	2.1429	0.7177	0.5308	2.8242	1.1551	0.2279	2.2089	0.0000	2.4269	-0.0312	0.4274	10.2042	15.0008	23.0710	28.2980	0.3263	0.3263	0.0000	0.1577	0.1577	0.0000	0.1686	0.1686	0.0000	2.2844	0.6666	1.6178	0.8014	0.5109	0.2904	1.4830	0.1557	1.3273	2.3551	2.0735	0.2816	0.4568	0.4052	0.0516	1.8982	1.6683	0.2299	2.4005	1.6456	0.7549	1.1166	0.9626	0.1540	1.2839	0.6830	0.6009	0.1456	0.3884	0.0000	0.4810	0.7331	0.0000	0.0769	0.4433	0.0000	0.9516	0.4051	2.1429	0.7177	0.5308	1.8856	1.1551	0.2279	2.2089
38	86	0.5187	6	0	1	0	1	0	0	0	0	N	N	N	N	N	N	N	N	N	N	N	N	0.1117	0.1200	0.0000	0.1053	0.1272	0.0000	0.1168	0.1068	0.0000	0.1507	0.1729	0.0000	0.1470	0.1686	0.0000	0.1520	0.1745	0.0000	1.3488	1.4410	1.1320	1.3956	1.3253	2.8166	1.3013	1.6342	0.9264	0.0000	0.3338	-0.0219	-0.8429	10.2042	10.8154	23.0710	27.4443	0.2294	0.2294	0.0000	0.0608	0.0608	0.0000	0.1686	0.1686	0.0000	3.1126	2.3336	0.7790	1.6232	1.3429	0.2804	1.4894	0.9907	0.4987	1.5224	1.3268	0.1956	0.4137	0.3606	0.0531	1.1087	0.9662	0.1426	2.3076	1.6194	0.6882	1.1631	1.0132	0.1499	1.1445	0.6062	0.5383	0.1117	0.1200	0.0000	0.1053	0.1272	0.0000	0.1168	0.1068	0.0000	1.3488	1.4410	1.1320	1.3956	1.3253	1.8706	1.3013	1.6342	0.9264
38	87	0.4709	5	0	1	0	1	0	0	0	0	N	N	N	N	N	N	N	N	N	N	N	N	0.2727	0.3409	0.0246	0.2613	0.2914	0.0136	0.2851	0.4921	0.0309	0.2488	0.2815	0.0278	0.2434	0.2740	0.0136	0.2532	0.2877	0.0376	0.9124	0.8258	1.1308	0.9315	0.9402	0.9999	0.8883	0.5846	1.2188	0.0146	0.5427	-0.0190	-0.5467	10.2042	2.7608	23.0710	22.4044	0.2336	0.2302	0.0034	0.1021	0.1014	0.0007	0.1315	0.1288	0.0027	3.2293	2.0933	1.1360	1.8391	1.6164	0.2227	1.3901	0.4768	0.9133	0.9387	0.8178	0.1209	0.4193	0.3701	0.0493	0.5194	0.4478	0.0716	3.5394	2.5348	1.0046	1.9745	1.7193	0.2552	1.5650	0.8156	0.7494	0.2727	0.3409	0.0246	0.2613	0.2914	0.0156	0.2851	0.4921	0.0309	0.9124	0.8258	1.1308	0.9315	0.9402	0.8725	0.8883	0.5846	1.2188
38	88	0.3411	4	0	1	0	1	0	0	0	0	N	N	N	N	N	N	N	N	N	N	N	N	0.0509	0.0586	0.0075	0.0297	0.0318	0.0009	0.0649	0.0921	0.0083	0.1088	0.1214	0.0169	0.0794	0.0844	0.0029	0.1135	0.1279	0.0179	2.1356	2.0730	2.2634	2.6712	2.6516	3.2257	1.7489	1.3894	2.1538	0.0191	0.5356	-0.0110	-1.1883	10.2042	8.8820	23.0710	49.9570	0.1427	0.1401	0.0027	0.0146	0.0145	0.0000	0.1282	0.1255	0.0026	6.8966	4.4912	2.4054	3.6171	3.1112	0.5058	3.2795	1.3800	1.8996	1.3125	1.1537	0.1588	0.1834	0.1722	0.0113	1.1291	0.9815	0.1476	3.2293	2.1666	1.0627	1.3541	1.1733	0.1808	1.8752	0.9932	0.8819	0.0509	0.0586	0.0075	0.0297	0.0318	0.0010	0.0649	0.0921	0.0083	2.1356	2.0730	2.2634	2.6712	2.6516	2.7978	1.7489	1.3894	2.1538
38	90	0.2258	6	0	2	0	2	0	0	0	0	N	Y	N	Y	N	N	N	N	N	N	N	N	0.0000	0.0000	0.0000	0.0000	0.0000	0.0000	0.0000	0.0000	0.0000	0.0000	0.0000	0.0000	0.0000	0.0000	0.0000	0.0000	0.0000	0.0000	0.0000	0.0000	10.2042	0.0000	23.0710	0.0000	0.0000	0.0000	0.0000	0.0000	0.0000	0.0000	0.0000	0.0000	0.0000	0.0000	0.0000	0.0000	0.0000	0.0000	0.0000	0.0000	0.0000	0.0000	0.0000	0.0000	0.0000	0.0000	0.0000	0.0000	0.0000	0.0000	0.0000	0.0000	0.0000	0.0000	0.0000	0.0000	0.0000	0.0000	0.0000	0.0000	0.0000	0.0000	0.0000	0.0000	0.0000	0.0000	0.0000	0.0000	0.0000	0.0000	0.0000	0.0000	0.0000	0.0000	0.0000	0.0000	0.0000	0.0000											
38	91	0.2151	5	0	2	0	2	0	0	0	0	N	Y	N	Y	N	N	N	N	N	N	N	N	0.0000	0.0000	0.0000	0.0000	0.0000	0.0000	0.0000	0.0000	0.0000	0.0000	0.0000	0.0000	0.0000	0.0000	0.0000	0.0000	0.0000	0.0000	0.0000	0.0000	10.2042	1.0000	23.0710	3.0000	0.0000	0.0000	0.0000	0.0000	0.0000	0.0000	0.0000	0.0000	0.0000	0.0000	0.0000	0.0000	0.0000	0.0000	0.0000	0.0000	0.0000	0.0000	0.1352	0.1205	0.0147	0.0454	0.0419	0.0035	0.0898	0.0787	0.0111	0.2264	0.1145	0.1119	0.0224	0.0186	0.0039	0.2040	0.0960	0.1080	0.0000	0.0000	0.0000	0.0000	0.0000	0.0000	0.0000	0.0000	0.0000	0.0000	0.0000	0.0000	0.0000	0.0000	0.0000	0.0000	0.0000	0.0000											
38	92	0.2085	3	0	2	0	1	0	0	0	0	N	Y	N	N	N	N	N	N	N	N	N	N	0.0000	0.0000	0.0000	0.0000	0.0000	0.0000	0.0000	0.0000	0.0000	0.0000	0.0000	0.0000	0.0000	0.0000	0.0000	0.0000	0.0000	0.0000	0.0000	0.0000	10.2042	0.0000	23.0710	0.0000	0.0000	0.0000	0.0000	0.0000	0.0000	0.0000	0.0000	0.0000	0.0000	0.0000	0.0000	0.0000	0.0000	0.0000	0.0000	0.0000	0.0000	0.0000	0.0000	0.0000	0.0000	0.0000	0.0000	0.0000	0.0000	0.0000	0.0000	0.0000	0.0000	0.0000	0.0000	0.0000	0.0000	0.0000	0.0000	0.0000	0.0000	0.0000	0.0000	0.0000	0.0000	0.0000	0.0000	0.0000	0.0000	0.0000	0.0000	0.0000	0.0000	0.0000	0.0000	0.0000	0.0000	0.0000											
38	93	0.2151	5	0	1	1	2	0	0	0	0	N	N	N	Y	N	N	N	N	N	N	N	N	0.0000	0.0000	0.0000	0.0000	0.0000	0.0000	0.0000	0.0000	0.0000	0.0000	0.0000	0.0000	0.0000	0.0000	0.0000	0.0000	0.0000	0.0000	0.0000	0.0000	10.2042	0.0000	23.0710	0.0000	0.0000	0.0000	0.0000	0.0000	0.0000	0.0000	0.0000	0.0000	0.0000	0.0000	0.0000	0.0000	0.0000	0.0000	0.0000	0.0000	0.0000	0.0000	0.0000	0.0000	0.0000	0.0000	0.0000	0.0000	0.0000	0.0000	0.0000	0.0000	0.0000	0.0000	0.0000	0.0000	0.0000	0.0000	0.0000	0.0000	0.0000	0.0000	0.0000	0.0000	0.0000	0.0000	0.0000	0.0000	0.0000	0.0000	0.0000	0.0000	0.0000	0.0000	0.0000	0.0000	0.0000	0.0000											
38	94	0.2124	4	0	1	0	2	0	0	0	0	N	N	N	Y	N	N	N	N	N	N	N	N	0.0000	0.0000	0.0000	0.0000	0.0000	0.0000	0.0000	0.0000	0.0000	0.0000	0.0000	0.0000	0.0000	0.1191	0.0000	0.2404	0.0000	0.0000	0.0000	0.1347	0.0000	0.2487	inf	0.0000	0.0035	10.2042	1.0000	23.0710	0.0097	0.0000	0.0000	0.0000	0.0000	0.0000	0.0000	0.0000	0.0000	0.0000	0.0073	0.0000	0.0073	0.0000	0.0000	0.0000	0.0073	0.0000	0.0073	0.1352	0.1205	0.0147	0.0454	0.0419	0.0035	0.0898	0.0787	0.0111	0.0615	0.0310	0.0305	0.0071	0.0061	0.0010	0.0544	0.0250	0.0295	0.0000	0.0000	0.0000	0.0000	0.0000	0.0000	0.0000	0.0000	0.0000	0.1191	0.0000	0.2404	0.0000	0.0000	0.0000	0.1347	0.0000	0.2487						
38	95	0.2124	4	0	1	1	2	0	0	0	0	N	N	N	Y	N	N	N	N	N	N	N	N	144.4193	inf	0.0000	inf	inf	0.0000	0.0000	3.7474	4.2029	0.0000	11.2139	12.1606	0.0000	0.0000	0.0000	0.0000	0.0259	0.0000	0.0526	0.0000	0.0000	0.0000	0.0289	0.0000	0.0545	0.0000	inf	-0.0956	0.0035	10.2042	2.0000	23.0710	3.0050	1.0000	1.0000	0.0000	1.0000	1.0000	0.0000	0.0000	0.0000	0.0000	0.0073	0.0000	0.0073	0.0000	0.0000	0.0000	0.0073	0.0000	0.0073	0.2669	0.2379	0.0289	0.0892	0.0822	0.0069	0.1777	0.1557	0.0220	0.2825	0.1431	0.1394	0.0289	0.0241	0.0048	0.2536	0.1190	0.1346	144.4193	inf	0.0000	inf	inf	0.0000	0.0000	0.0000	0.0000	0.0259	0.0000	0.0526	0.0000	0.0000	0.0000	0.0289	0.0000	0.0545		
38	96	0.2124	4	0	1	1	2	0	0	0	0	N	N	N	Y	N	N	N	N	N	N	N	N	0.0000	0.0000	0.0000	0.0000	0.0000	0.0000	0.0000	0.0000	0.0000	0.0000	0.0000	0.0000	0.0000	2.5776	5.0756	0.0000	25.5537	30.6997	0.0000	0.0000	0.0000	0.0000	0.0000	0.0000	-0.5173	10.2042	0.0000	23.0710	6.9903	0.0000	0.0000	0.0000	0.0000	0.0000	0.0000	0.0000	0.0000	0.0000	0.9927	0.9927	0.0000	0.9927	0.9927	0.0000	0.0000	0.0000	0.0000	0.0000	0.0000	0.0000	0.0000	0.0000	0.0000	0.0000	0.0000	0.0000	0.3851	0.1956	0.1895	0.0388	0.0323	0.0065	0.3463	0.1632	0.1830	0.0000	0.0000	0.0000	0.0000	0.0000	0.0000	0.0000	0.0000	0.0000	2.5776	5.0756	0.0000	25.5537	30.6997	0.0000	0.0000	0.0000	0.0000						
38	97	0.2069	3	0	1	0	2	0	0	0	0	N	N	N	Y	N	N	N	N	N	N	N	N	0.0000	0.0000	0.0000	0.0000	0.0000	0.0000	0.0000	0.0000	0.0000	0.0000	0.0000	0.0000	0.0000	0.0000	0.0000	0.0000	0.0000	0.0701	0.0996	0.0364	0.4279	0.4841	0.0098	0.0193	0.0000	0.0373	0.3203	0.0000	-0.0027	10.2042	0.9999	23.0710	1.0605	0.0000	0.0000	0.0000	0.0000	0.0000	0.0000	0.0000	0.0000	0.0000	0.0097	0.0073	0.0023	0.0073	0.0073	0.0000	0.0023	0.0000	0.0023	0.1899	0.1707	0.0192	0.0690	0.0639	0.0051	0.1209	0.1068	0.0140	0.1377	0.0734	0.0643	0.0171	0.0151	0.0020	0.1206	0.0583	0.0623	0.0000	0.0000	0.0000	0.0000	0.0000	0.0000	0.0000	0.0000	0.0000	0.0701	0.0996	0.0364	0.4279	0.4841	0.0098	0.0193	0.0000	0.0373		
38	98	0.2047	2	0	1	0	2	0	0	0	0	N	N	N	Y	N	N	N	N	N	N	N	N	23.4401	26.8412	28.7782	7.8898	6.5958	54.9076	36.5206	9490396.4972	17.8856	1.5827	1.4867	2.3829	1.6326	1.4355	4.9347	1.5332	1.5437	1.4771	0.0675	0.0554	0.0828	0.2069	0.2176	0.0899	0.0420	0.0000	0.0826	0.1923	1.1871	0.0001	0.0001	10.2042	0.0012	23.0710	1.0414	0.0010	0.0009	0.0002	0.0005	0.0004	0.0001	0.0005	0.0004	0.0001	0.0052	0.0024	0.0028	0.0025	0.0024	0.0001	0.0027	0.0000	0.0027	0.0006	0.0006	0.0001	0.0003	0.0003	0.0000	0.0003	0.0003	0.0001	0.0774	0.0431	0.0343	0.0120	0.0110	0.0010	0.0654	0.0322	0.0332	23.4401	26.8412	28.7782	7.8898	6.5958	54.9076	36.5206	9490396.4972	17.8856	0.0675	0.0554	0.0828	0.2069	0.2176	0.0899	0.0420	0.0000	0.0826
38	101	0.2116	4	1	2	0	1	0	0	0	0	N	Y	N	N	N	N	N	N	N	N	N	N	0.0000	0.0000	0.0000	0.0000	0.0000	0.0000	0.0000	0.0000	0.0000	0.0000	0.0000	0.0000	0.0000	0.0000	0.0000	0.0000	0.0000	0.0000	0.0000	0.0000	10.2042	0.0000	23.0710	3.0000	0.0000	0.0000	0.0000	0.0000	0.0000	0.0000	0.0000	0.0000	0.0000	0.0000	0.0000	0.0000	0.0000	0.0000	0.0000	0.0000	0.0000	0.0000	0.0000	0.0000	0.0000	0.0000	0.0000	0.0000	0.0000	0.0000	0.0000	0.1798	0.0913	0.0884	0.0166	0.0137	0.0029	0.1631	0.0776	0.0855	0.0000	0.0000	0.0000	0.0000	0.0000	0.0000	0.0000	0.0000	0.0000	0.0000	0.0000	0.0000	0.0000	0.0000	0.0000	0.0000	0.0000	0.0000											
38	102	0.2085	3	1	2	0	1	0	0	0	0	N	Y	N	N	N	N	N	N	N	N	N	N	0.0000	0.0000	0.0000	0.0000	0.0000	0.0000	0.0000	0.0000	0.0000	0.0000	0.0000	0.0000	0.0000	0.0000	0.0000	0.0000	0.0000	0.0000	0.0000	0.0000	10.2042	0.0000	23.0710	1.0000	0.0000	0.0000	0.0000	0.0000	0.0000	0.0000	0.0000	0.0000	0.0000	0.0000	0.0000	0.0000	0.0000	0.0000	0.0000	0.0000	0.0000	0.0000	0.0000	0.0000	0.0000	0.0000	0.0000	0.0000	0.0000	0.0000	0.0000	0.0623	0.0316	0.0308	0.0058	0.0047	0.0010	0.0566	0.0268	0.0297	0.0000	0.0000	0.0000	0.0000	0.0000	0.0000	0.0000	0.0000	0.0000	0.0000	0.0000	0.0000	0.0000	0.0000	0.0000	0.0000	0.0000	0.0000											
38	103	0.2047	2	0	2	0	1	0	0	0	0	N	Y	N	N	N	N	N	N	N	N	N	N	29.3684	1263.0879	20.2698	31.1059	84.9923	14.5996	46.4605	inf	21.8942	1.0815	1.0106	1.6643	0.3231	0.2681	1.2984	1.9350	1.9641	1.7932	0.0368	0.0008	0.0821	0.0104	0.0032	0.0889	0.0416	0.0000	0.0819	0.2005	81.6472	0.0000	0.0013	10.2042	0.0006	23.0710	1.0534	0.0006	0.0005	0.0001	0.0001	0.0001	0.0000	0.0005	0.0004	0.0001	0.0029	0.0000	0.0028	0.0001	0.0000	0.0001	0.0028	0.0000	0.0028	0.0005	0.0005	0.0001	0.0003	0.0003	0.0000	0.0002	0.0002	0.0000	0.0781	0.0435	0.0346	0.0120	0.0110	0.0010	0.0660	0.0325	0.0336	29.3684	1263.0879	20.2698	31.1059	84.9923	14.5996	46.4605	inf	21.8942	0.0368	0.0008	0.0821	0.0104	0.0032	0.0889	0.0416	0.0000	0.0819
38	109	0.4235	5	0	1	0	1	0	0	0	0	N	N	N	N	N	N	N	N	N	N	N	N	0.0043	0.0085	0.0000	0.0785	0.0866	0.0000	0.0000	0.0000	0.0000	0.0070	0.0079	0.0000	0.0603	0.0637	0.0000	0.0000	0.0000	0.0000	1.6171	0.9302	3.0947	0.7685	0.7360	1.0111	2.3673	1.2051	3.6914	0.0000	1.5464	-0.0007	0.3681	10.2042	7.7801	23.0710	32.2209	0.0077	0.0077	0.0000	0.0077	0.0077	0.0000	0.0000	0.0000	0.0000	4.2696	1.6767	2.5929	0.9522	0.7774	0.1748	3.3175	0.8994	2.4181	1.0991	0.9661	0.1330	0.1270	0.1202	0.0068	0.9721	0.8459	0.1262	2.6404	1.8025	0.8378	1.2390	1.0562	0.1828	1.4014	0.7463	0.6551	0.0043	0.0085	0.0000	0.0785	0.0866	0.0000	0.0000	0.0000	0.0000	1.6171	0.9302	3.0947	0.7685	0.7360	0.9562	2.3673	1.2051	3.6914
39	40	0.0684	2	1	0	2	0	0	0	0	0	N	N	Y	N	N	N	N	N	N	N	N	N	0.0000	0.0000	0.0000	0.0000	0.0000	0.0000	0.0000	0.0000	0.0000	0.0000	0.0000	0.0000	0.0000	0.0000	0.0000	0.0000	0.0000	0.0936	0.0012	0.2942	0.0029	0.0019	0.0079	0.1894	0.0000	0.3988	115.2059	0.0000	0.0026	0.0000	0.0009	1.9600	7.7842	0.0000	0.0000	0.0000	0.0000	0.0000	0.0000	0.0000	0.0000	0.0000	0.0056	0.0000	0.0055	0.0001	0.0000	0.0000	0.0055	0.0000	0.0055	0.0000	0.0000	0.0000	0.0000	0.0000	0.0000	0.0000	0.0000	0.0000	0.0596	0.0408	0.0188	0.0306	0.0256	0.0050	0.0290	0.0152	0.0138	0.0000	0.0000	0.0000	0.0000	0.0000	0.0000	0.0000	0.0000	0.0000	0.0936	0.0012	0.2942	0.0029	0.0019	0.0079	0.1894	0.0000	0.3988		
39	42	0.0829	2	1	1	1	0	0	0	0	0	N	N	N	N	N	N	N	N	N	N	N	N	0.0000	0.0000	0.0000	0.0000	0.0000	0.0000	0.0000	0.0000	0.0000	0.0000	0.0000	0.0000	0.0000	0.0000	0.0000	0.0000	0.0000	0.0000	0.0000	0.0000	0.0000	0.0003	1.9600	0.0002	0.0000	0.0000	0.0000	0.0000	0.0000	0.0000	0.0000	0.0000	0.0000	0.0000	0.0000	0.0000	0.0000	0.0000	0.0000	0.0000	0.0000	0.0000	0.0000	0.0000	0.0000	0.0000	0.0000	0.0000	0.0000	0.0000	0.0000	0.0000	0.0000	0.0000	0.0000	0.0000	0.0000	0.0000	0.0000	0.0000	0.0000	0.0000	0.0000	0.0000	0.0000	0.0000	0.0000	0.0000	0.0000	0.0000	0.0000	0.0000	0.0000	0.0000	0.0000	0.0000	0.0000	0.0000											
39	43	0.0389	2	2	1	2	0	0	0	0	0	Y	N	Y	N	N	N	N	N	N	N	N	N	0.0000	0.0000	0.0000	0.0000	0.0000	0.0000	0.0000	0.0000	0.0000	0.0000	0.0000	0.0000	0.0000	0.0000	0.0000	0.0000	0.0000	0.0000	0.0000	0.0000	0.0000	0.0000	1.9600	2.0000	0.0000	0.0000	0.0000	0.0000	0.0000	0.0000	0.0000	0.0000	0.0000	0.0000	0.0000	0.0000	0.0000	0.0000	0.0000	0.0000	0.0000	0.0000	0.0000	0.0000	0.0000	0.0000	0.0000	0.0000	0.0000	0.0000	0.0000	0.0140	0.0089	0.0052	0.0036	0.0030	0.0006	0.0104	0.0058	0.0046	0.0000	0.0000	0.0000	0.0000	0.0000	0.0000	0.0000	0.0000	0.0000	0.0000	0.0000	0.0000	0.0000	0.0000	0.0000	0.0000	0.0000	0.0000											
39	44	0.0389	2	2	1	2	0	0	0	0	0	Y	N	Y	N	N	N	N	N	N	N	N	N	0.0000	0.0000	0.0000	0.0000	0.0000	0.0000	0.0000	0.0000	0.0000	0.0000	0.0000	0.0000	0.0000	0.0000	0.0000	0.0000	0.0000	0.0000	0.0000	0.0000	0.0000	0.0000	1.9600	0.0000	0.0000	0.0000	0.0000	0.0000	0.0000	0.0000	0.0000	0.0000	0.0000	0.0000	0.0000	0.0000	0.0000	0.0000	0.0000	0.0000	0.0000	0.0000	0.0000	0.0000	0.0000	0.0000	0.0000	0.0000	0.0000	0.0000	0.0000	0.0000	0.0000	0.0000	0.0000	0.0000	0.0000	0.0000	0.0000	0.0000	0.0000	0.0000	0.0000	0.0000	0.0000	0.0000	0.0000	0.0000	0.0000	0.0000	0.0000	0.0000	0.0000	0.0000	0.0000	0.0000	0.0000	0.0000											
39	48	0.0914	2	1	0	1	1	0	0	0	0	N	N	N	N	N	N	N	N	N	N	N	N	0.0000	0.0000	0.0000	0.0000	0.0000	0.0000	0.0000	0.0000	0.0000	0.0000	0.0000	0.0000	0.0000	0.0000	0.0000	0.0000	0.0000	0.0603	0.0006	0.1968	0.0018	0.0010	0.0064	0.1176	0.0000	0.2528	140.6221	0.0000	0.0006	0.0000	0.0037	1.9600	3.0208	0.0000	0.0000	0.0000	0.0000	0.0000	0.0000	0.0000	0.0000	0.0000	0.0014	0.0000	0.0014	0.0000	0.0000	0.0000	0.0013	0.0000	0.0013	0.0000	0.0000	0.0000	0.0000	0.0000	0.0000	0.0000	0.0000	0.0000	0.0225	0.0157	0.0069	0.0111	0.0096	0.0016	0.0114	0.0061	0.0053	0.0000	0.0000	0.0000	0.0000	0.0000	0.0000	0.0000	0.0000	0.0000	0.0603	0.0006	0.1968	0.0018	0.0010	0.0064	0.1176	0.0000	0.2528		
39	50	0.0478	2	1	1	2	0	0	0	0	0	N	N	Y	N	N	N	N	N	N	N	N	N	0.0000	0.0000	0.0000	0.0000	0.0000	0.0000	0.0000	0.0000	0.0000	0.0000	0.0000	0.0000	0.0000	0.0016	0.0027	0.0000	0.0050	0.0057	0.0000	0.0000	0.0000	0.0000	0.0000	0.0000	-0.0000	0.0000	1.4428	1.9600	0.4686	0.0000	0.0000	0.0000	0.0000	0.0000	0.0000	0.0000	0.0000	0.0000	0.0000	0.0000	0.0000	0.0000	0.0000	0.0000	0.0000	0.0000	0.0000	0.0000	0.0000	0.0000	0.0000	0.0000	0.0000	0.0000	0.0000	0.0000	0.0176	0.0105	0.0071	0.0058	0.0050	0.0008	0.0118	0.0054	0.0063	0.0000	0.0000	0.0000	0.0000	0.0000	0.0000	0.0000	0.0000	0.0000	0.0016	0.0027	0.0000	0.0050	0.0057	0.0000	0.0000	0.0000	0.0000						
39	52	0.0355	2	2	0	2	0	0	0	0	0	Y	N	Y	N	N	N	N	N	N	N	N	N	0.0000	0.0000	0.0000	0.0000	0.0000	0.0000	0.0000	0.0000	0.0000	0.0000	0.0000	0.0000	0.0000	0.0000	0.0000	0.0000	0.0000	0.9208	0.0012	2.0252	0.0272	0.0033	2.7934	1.1410	0.0000	2.0268	1427.8697	0.0000	0.0205	0.0000	0.9976	1.9600	4.7732	0.0000	0.0000	0.0000	0.0000	0.0000	0.0000	0.0000	0.0000	0.0000	0.0429	0.0000	0.0428	0.0003	0.0000	0.0002	0.0426	0.0000	0.0426	0.0000	0.0000	0.0000	0.0000	0.0000	0.0000	0.0000	0.0000	0.0000	0.0466	0.0254	0.0212	0.0092	0.0091	0.0001	0.0374	0.0163	0.0210	0.0000	0.0000	0.0000	0.0000	0.0000	0.0000	0.0000	0.0000	0.0000	0.9208	0.0012	2.0252	0.0272	0.0033	1.7617	1.1410	0.0000	2.0268		
39	55	0.0341	2	1	1	1	0	0	0	0	0	N	N	N	N	N	N	N	N	N	N	N	N	0.0000	0.0000	0.0000	0.0000	0.0000	0.0000	0.0000	0.0000	0.0000	0.0000	0.0000	0.0000	0.0000	0.0000	0.0000	0.0000	0.0000	0.4412	0.0004	1.2605	0.0053	0.0007	0.0335	0.7954	0.0000	1.5306	1702.5955	0.0000	0.0163	0.0000	0.0041	1.9600	6.2745	0.0000	0.0000	0.0000	0.0000	0.0000	0.0000	0.0000	0.0000	0.0000	0.0341	0.0000	0.0341	0.0002	0.0000	0.0002	0.0339	0.0000	0.0339	0.0000	0.0000	0.0000	0.0000	0.0000	0.0000	0.0000	0.0000	0.0000	0.0772	0.0502	0.0270	0.0346	0.0297	0.0049	0.0426	0.0205	0.0221	0.0000	0.0000	0.0000	0.0000	0.0000	0.0000	0.0000	0.0000	0.0000	0.4412	0.0004	1.2605	0.0053	0.0007	0.0335	0.7954	0.0000	1.5306		
39	56	0.0829	2	1	0	2	0	0	0	0	0	N	N	Y	N	N	N	N	N	N	N	N	N	0.0000	0.0000	0.0000	0.0000	0.0000	0.0000	0.0000	0.0000	0.0000	0.0000	0.0000	0.0000	0.0000	0.0000	0.0000	0.0000	0.0000	0.0000	0.0000	0.0000	0.0000	18.9997	1.9600	4.0000	0.0000	0.0000	0.0000	0.0000	0.0000	0.0000	0.0000	0.0000	0.0000	0.0000	0.0000	0.0000	0.0000	0.0000	0.0000	0.0000	0.0000	0.0000	0.0000	0.0000	0.0000	0.0000	0.0000	0.0000	0.0000	0.0000	0.0000	0.1321	0.0902	0.0419	0.0623	0.0528	0.0095	0.0698	0.0374	0.0324	0.0000	0.0000	0.0000	0.0000	0.0000	0.0000	0.0000	0.0000	0.0000	0.0000	0.0000	0.0000	0.0000	0.0000	0.0000	0.0000	0.0000	0.0000											
39	58	0.0337	3	2	1	1	0	0	0	0	0	Y	N	N	N	N	N	N	N	N	N	N	N	0.0000	0.0000	0.0000	0.0000	0.0000	0.0000	0.0000	0.0000	0.0000	0.0000	0.0000	0.0000	0.0000	0.0133	0.0000	0.0311	0.0000	0.0000	0.0000	0.0158	0.0000	0.0314	inf	0.0000	0.0004	0.0000	0.9359	1.9600	8.5945	0.0000	0.0000	0.0000	0.0000	0.0000	0.0000	0.0000	0.0000	0.0000	0.0009	0.0000	0.0009	0.0000	0.0000	0.0000	0.0009	0.0000	0.0009	0.0000	0.0000	0.0000	0.0000	0.0000	0.0000	0.0000	0.0000	0.0000	0.0642	0.0367	0.0275	0.0101	0.0098	0.0003	0.0541	0.0269	0.0272	0.0000	0.0000	0.0000	0.0000	0.0000	0.0000	0.0000	0.0000	0.0000	0.0133	0.0000	0.0311	0.0000	0.0000	0.0000	0.0158	0.0000	0.0314						
39	59	0.0309	2	1	1	1	0	0	0	0	0	N	N	N	N	N	N	N	N	N	N	N	N	0.0000	0.0000	0.0000	0.0000	0.0000	0.0000	0.0000	0.0000	0.0000	0.0000	0.0000	0.0000	0.0000	0.0000	0.0000	0.0000	0.0000	0.4476	0.0729	1.0208	0.1956	0.1924	0.3885	0.5241	0.0000	1.0270	9.1556	0.0000	0.0033	0.0000	0.1706	1.9600	1.8413	0.0000	0.0000	0.0000	0.0000	0.0000	0.0000	0.0000	0.0000	0.0000	0.0086	0.0008	0.0078	0.0009	0.0008	0.0000	0.0077	0.0000	0.0077	0.0000	0.0000	0.0000	0.0000	0.0000	0.0000	0.0000	0.0000	0.0000	0.0192	0.0116	0.0076	0.0045	0.0044	0.0001	0.0148	0.0072	0.0075	0.0000	0.0000	0.0000	0.0000	0.0000	0.0000	0.0000	0.0000	0.0000	0.4476	0.0729	1.0208	0.1956	0.1924	0.3885	0.5241	0.0000	1.0270		
39	61	0.4059	8	1	0	1	0	0	0	0	0	N	N	N	N	N	N	N	N	N	N	N	N	0.0000	0.0000	0.0000	0.0000	0.0000	0.0000	0.0000	0.0000	0.0000	0.0000	0.0000	0.0000	0.0000	1.6304	2.4016	0.0000	3.8715	4.4057	0.0000	0.0000	0.0000	0.0000	0.0000	0.0000	-0.0804	0.0000	1.0140	1.9600	12.0537	0.0000	0.0000	0.0000	0.0000	0.0000	0.0000	0.0000	0.0000	0.0000	0.1544	0.1544	0.0000	0.1544	0.1544	0.0000	0.0000	0.0000	0.0000	0.0000	0.0000	0.0000	0.0000	0.0000	0.0000	0.0000	0.0000	0.0000	0.0947	0.0643	0.0304	0.0399	0.0350	0.0048	0.0548	0.0292	0.0256	0.0000	0.0000	0.0000	0.0000	0.0000	0.0000	0.0000	0.0000	0.0000	1.6304	2.4016	0.0000	3.8715	4.4057	0.0000	0.0000	0.0000	0.0000						
39	62	0.3300	5	1	0	1	0	0	0	0	0	N	N	N	N	N	N	N	N	N	N	N	N	0.0000	0.0000	0.0000	0.0000	0.0000	0.0000	0.0000	0.0000	0.0000	0.0000	0.0000	0.0000	0.0000	0.0000	0.0000	0.0000	0.0000	0.0000	3.0251	4.0811	0.7107	0.2187	0.1691	0.5196	5.9273	10.9066	0.7676	0.0795	0.0000	-0.4625	0.0000	22.0948	1.9600	64.3951	0.0000	0.0000	0.0000	0.0000	0.0000	0.0000	0.0000	0.0000	0.0000	1.0335	0.9575	0.0761	0.0380	0.0252	0.0128	0.9956	0.9322	0.0633	0.0000	0.0000	0.0000	0.0000	0.0000	0.0000	0.0000	0.0000	0.0000	0.3417	0.2346	0.1070	0.1737	0.1491	0.0246	0.1680	0.0855	0.0825	0.0000	0.0000	0.0000	0.0000	0.0000	0.0000	0.0000	0.0000	0.0000	3.0251	4.0811	0.7107	0.2187	0.1691	0.5196	5.9273	10.9066	0.7676	
39	63	0.1232	4	1	0	1	0	0	0	0	0	N	N	N	N	N	N	N	N	N	N	N	N	0.0000	0.0000	0.0000	0.0000	0.0000	0.0000	0.0000	0.0000	0.0000	0.0000	0.0000	0.0000	0.0000	0.0000	0.0000	0.0000	0.0000	0.1999	0.0039	0.5980	0.0145	0.0066	0.0696	0.3521	0.0000	0.7070	75.6157	0.0000	0.0185	0.0000	3.0638	1.9600	18.8214	0.0000	0.0000	0.0000	0.0000	0.0000	0.0000	0.0000	0.0000	0.0000	0.0397	0.0005	0.0392	0.0013	0.0005	0.0008	0.0384	0.0000	0.0384	0.0000	0.0000	0.0000	0.0000	0.0000	0.0000	0.0000	0.0000	0.0000	0.1987	0.1332	0.0656	0.0896	0.0784	0.0112	0.1091	0.0548	0.0543	0.0000	0.0000	0.0000	0.0000	0.0000	0.0000	0.0000	0.0000	0.0000	0.1999	0.0039	0.5980	0.0145	0.0066	0.0696	0.3521	0.0000	0.7070		
39	64	0.0341	2	2	1	2	0	0	0	0	0	Y	N	Y	N	N	N	N	N	N	N	N	N	0.0000	0.0000	0.0000	0.0000	0.0000	0.0000	0.0000	0.0000	0.0000	0.0000	0.0000	0.0000	0.0000	0.0000	0.0000	0.0000	0.0000	0.3640	0.0003	1.0277	0.0048	0.0006	0.0296	0.6124	0.0000	1.2272	1702.5955	0.0000	0.0163	0.0000	1.0029	1.9600	8.4685	0.0000	0.0000	0.0000	0.0000	0.0000	0.0000	0.0000	0.0000	0.0000	0.0341	0.0000	0.0341	0.0002	0.0000	0.0002	0.0339	0.0000	0.0339	0.0000	0.0000	0.0000	0.0000	0.0000	0.0000	0.0000	0.0000	0.0000	0.0936	0.0605	0.0331	0.0383	0.0328	0.0055	0.0553	0.0277	0.0276	0.0000	0.0000	0.0000	0.0000	0.0000	0.0000	0.0000	0.0000	0.0000	0.3640	0.0003	1.0277	0.0048	0.0006	0.0296	0.6124	0.0000	1.2272		
39	66	0.4059	8	1	1	1	0	0	0	0	0	N	N	N	N	N	N	N	N	N	N	N	N	0.0000	0.0000	0.0000	0.0000	0.0000	0.0000	0.0000	0.0000	0.0000	0.0000	0.0000	0.0000	0.0000	1.5905	2.3443	0.0000	3.7846	4.3095	0.0000	0.0000	0.0000	0.0000	0.0000	0.0000	-0.0804	0.0000	1.0110	1.9600	12.5479	0.0000	0.0000	0.0000	0.0000	0.0000	0.0000	0.0000	0.0000	0.0000	0.1544	0.1544	0.0000	0.1544	0.1544	0.0000	0.0000	0.0000	0.0000	0.0000	0.0000	0.0000	0.0000	0.0000	0.0000	0.0000	0.0000	0.0000	0.0971	0.0658	0.0312	0.0408	0.0358	0.0050	0.0563	0.0300	0.0262	0.0000	0.0000	0.0000	0.0000	0.0000	0.0000	0.0000	0.0000	0.0000	1.5905	2.3443	0.0000	3.7846	4.3095	0.0000	0.0000	0.0000	0.0000						
39	67	0.3995	7	1	0	1	0	0	0	0	0	N	N	N	N	N	N	N	N	N	N	N	N	0.0000	0.0000	0.0000	0.0000	0.0000	0.0000	0.0000	0.0000	0.0000	0.0000	0.0000	0.0000	0.0000	0.0000	0.0000	0.0000	0.0000	0.0000	12.6132	15.7306	5.2919	22.9621	24.8023	0.0282	3.0437	0.0080	6.0062	0.1432	0.0000	-0.2144	0.0000	0.9784	1.9600	1.5217	0.0000	0.0000	0.0000	0.0000	0.0000	0.0000	0.0000	0.0000	0.0000	0.5417	0.4738	0.0679	0.4738	0.4737	0.0000	0.0679	0.0001	0.0678	0.0000	0.0000	0.0000	0.0000	0.0000	0.0000	0.0000	0.0000	0.0000	0.0429	0.0301	0.0128	0.0206	0.0191	0.0015	0.0223	0.0110	0.0113	0.0000	0.0000	0.0000	0.0000	0.0000	0.0000	0.0000	0.0000	0.0000	12.6132	15.7306	5.2919	22.9621	24.8023	0.0282	3.0437	0.0080	6.0062	
39	68	0.3693	6	1	0	1	0	0	0	0	0	N	N	N	N	N	N	N	N	N	N	N	N	0.0000	0.0000	0.0000	0.0000	0.0000	0.0000	0.0000	0.0000	0.0000	0.0000	0.0000	0.0000	0.0000	0.0000	0.0000	0.0000	0.0000	0.0000	4.8704	5.3504	3.8179	7.4819	8.7792	0.0775	2.3430	0.0022	4.9611	0.3254	0.0000	-0.1282	0.0000	1.0531	1.9600	9.0748	0.0000	0.0000	0.0000	0.0000	0.0000	0.0000	0.0000	0.0000	0.0000	0.4652	0.3510	0.1142	0.3515	0.3510	0.0005	0.1137	0.0001	0.1137	0.0000	0.0000	0.0000	0.0000	0.0000	0.0000	0.0000	0.0000	0.0000	0.0955	0.0656	0.0299	0.0470	0.0400	0.0070	0.0485	0.0256	0.0229	0.0000	0.0000	0.0000	0.0000	0.0000	0.0000	0.0000	0.0000	0.0000	4.8704	5.3504	3.8179	7.4819	8.7792	0.0775	2.3430	0.0022	4.9611	
39	71	0.0691	5	1	0	2	0	0	0	0	0	N	N	Y	N	N	N	N	N	N	N	N	N	0.0000	0.0000	0.0000	0.0000	0.0000	0.0000	0.0000	0.0000	0.0000	0.0000	0.0000	0.0000	0.0000	0.0022	0.0000	0.0061	0.0000	0.0000	0.0000	0.0037	0.0000	0.0070	inf	0.0000	0.0000	0.0000	1.0000	1.9600	0.0055	0.0000	0.0000	0.0000	0.0000	0.0000	0.0000	0.0000	0.0000	0.0000	0.0000	0.0000	0.0000	0.0000	0.0000	0.0000	0.0000	0.0000	0.0000	0.0000	0.0000	0.0000	0.0000	0.0000	0.0000	0.0000	0.0000	0.0000	0.0046	0.0030	0.0016	0.0019	0.0017	0.0002	0.0027	0.0012	0.0014	0.0000	0.0000	0.0000	0.0000	0.0000	0.0000	0.0000	0.0000	0.0000	0.0022	0.0000	0.0061	0.0000	0.0000	0.0000	0.0037	0.0000	0.0070						
39	72	0.0625	4	1	0	2	0	0	0	0	0	N	N	Y	N	N	N	N	N	N	N	N	N	0.0000	0.0000	0.0000	0.0000	0.0000	0.0000	0.0000	0.0000	0.0000	0.0000	0.0000	0.0000	0.0000	0.0000	0.0000	0.0000	0.0631	0.0030	0.1781	0.0046	0.0051	0.0000	0.1065	0.0000	0.2024	31.0093	0.0000	0.0001	0.0000	0.0000	1.9600	1.0265	0.0000	0.0000	0.0000	0.0000	0.0000	0.0000	0.0000	0.0000	0.0000	0.0003	0.0000	0.0003	0.0000	0.0000	0.0000	0.0003	0.0000	0.0003	0.0000	0.0000	0.0000	0.0000	0.0000	0.0000	0.0000	0.0000	0.0000	0.0051	0.0033	0.0017	0.0022	0.0020	0.0002	0.0029	0.0014	0.0015	0.0000	0.0000	0.0000	0.0000	0.0000	0.0000	0.0000	0.0000	0.0000	0.0631	0.0030	0.1781	0.0046	0.0051	0.0000	0.1065	0.0000	0.2024			
39	73	0.0570	3	1	0	1	0	0	0	0	0	N	N	N	N	N	N	N	N	N	N	N	N	0.0000	0.0000	0.0000	0.0000	0.0000	0.0000	0.0000	0.0000	0.0000	0.0000	0.0000	0.0000	0.0000	0.0000	0.0000	0.0000	0.0000	0.0786	0.0072	0.2095	0.0092	0.0096	0.0054	0.1599	0.0000	0.2468	15.8420	0.0000	0.0022	0.0000	0.0000	1.9600	1.0321	0.0000	0.0000	0.0000	0.0000	0.0000	0.0000	0.0000	0.0000	0.0000	0.0054	0.0003	0.0050	0.0003	0.0003	0.0000	0.0050	0.0000	0.0050	0.0000	0.0000	0.0000	0.0000	0.0000	0.0000	0.0000	0.0000	0.0000	0.0682	0.0441	0.0240	0.0368	0.0331	0.0037	0.0314	0.0111	0.0203	0.0000	0.0000	0.0000	0.0000	0.0000	0.0000	0.0000	0.0000	0.0000	0.0786	0.0072	0.2095	0.0092	0.0096	0.0054	0.1599	0.0000	0.2468		
39	74	0.0342	2	1	0	1	0	0	0	0	0	N	N	N	N	N	N	N	N	N	N	N	N	0.0000	0.0000	0.0000	0.0000	0.0000	0.0000	0.0000	0.0000	0.0000	0.0000	0.0000	0.0000	0.0000	0.0000	0.0000	0.0000	0.0000	0.0000	1.4758	0.0600	3.8210	0.0971	0.0969	0.1004	2.4582	0.0001	4.1450	38.4383	0.0000	0.0990	0.0000	0.5629	1.9600	8.5245	0.0000	0.0000	0.0000	0.0000	0.0000	0.0000	0.0000	0.0000	0.0000	0.2182	0.0055	0.2127	0.0060	0.0055	0.0004	0.2123	0.0000	0.2123	0.0000	0.0000	0.0000	0.0000	0.0000	0.0000	0.0000	0.0000	0.0000	0.1479	0.0922	0.0557	0.0615	0.0571	0.0045	0.0863	0.0351	0.0512	0.0000	0.0000	0.0000	0.0000	0.0000	0.0000	0.0000	0.0000	0.0000	1.4758	0.0600	3.8210	0.0971	0.0969	0.1004	2.4582	0.0001	4.1450	
39	75	0.0512	3	1	1	1	0	0	0	0	0	N	N	N	N	N	N	N	N	N	N	N	N	0.0000	0.0000	0.0000	0.0000	0.0000	0.0000	0.0000	0.0000	0.0000	0.0000	0.0000	0.0000	0.0000	0.0000	0.0000	0.0000	0.0000	0.1260	0.0003	0.4343	0.0017	0.0006	0.0143	0.2187	0.0000	0.4916	526.0307	0.0000	0.0024	0.0000	1.9994	1.9600	4.0943	0.0000	0.0000	0.0000	0.0000	0.0000	0.0000	0.0000	0.0000	0.0000	0.0051	0.0000	0.0050	0.0000	0.0000	0.0000	0.0050	0.0000	0.0050	0.0000	0.0000	0.0000	0.0000	0.0000	0.0000	0.0000	0.0000	0.0000	0.0402	0.0285	0.0116	0.0172	0.0158	0.0014	0.0230	0.0128	0.0102	0.0000	0.0000	0.0000	0.0000	0.0000	0.0000	0.0000	0.0000	0.0000	0.1260	0.0003	0.4343	0.0017	0.0006	0.0143	0.2187	0.0000	0.4916		
39	76	0.0450	2	1	0	1	0	0	0	0	0	N	N	N	N	N	N	N	N	N	N	N	N	0.0000	0.0000	0.0000	0.0000	0.0000	0.0000	0.0000	0.0000	0.0000	0.0000	0.0000	0.0000	0.0000	0.0000	0.0000	0.0000	0.0000	0.0000	1.0601	0.3173	2.8578	0.5106	0.5429	0.0843	1.5004	0.0001	3.1904	3.7215	0.0000	0.0064	0.0000	0.0011	1.9600	2.7207	0.0000	0.0000	0.0000	0.0000	0.0000	0.0000	0.0000	0.0000	0.0000	0.0240	0.0051	0.0189	0.0051	0.0051	0.0001	0.0188	0.0000	0.0188	0.0000	0.0000	0.0000	0.0000	0.0000	0.0000	0.0000	0.0000	0.0000	0.0226	0.0160	0.0066	0.0101	0.0094	0.0007	0.0126	0.0067	0.0059	0.0000	0.0000	0.0000	0.0000	0.0000	0.0000	0.0000	0.0000	0.0000	1.0601	0.3173	2.8578	0.5106	0.5429	0.0843	1.5004	0.0001	3.1904	
39	78	0.0330	2	2	0	2	0	0	0	0	0	Y	N	Y	N	N	N	N	N	N	N	N	N	0.0000	0.0000	0.0000	0.0000	0.0000	0.0000	0.0000	0.0000	0.0000	0.0000	0.0000	0.0000	0.0000	0.0000	0.0000	0.1655	0.0000	0.3633	0.0065	0.0000	0.3290	0.1892	0.0000	0.3635	inf	0.0000	0.0009	0.0000	1.6246	1.9600	0.0115	0.0000	0.0000	0.0000	0.0000	0.0000	0.0000	0.0000	0.0000	0.0000	0.0019	0.0000	0.0019	0.0000	0.0000	0.0000	0.0019	0.0000	0.0019	0.0000	0.0000	0.0000	0.0000	0.0000	0.0000	0.0000	0.0000	0.0000	0.0114	0.0062	0.0052	0.0015	0.0014	0.0000	0.0099	0.0047	0.0052	0.0000	0.0000	0.0000	0.0000	0.0000	0.0000	0.0000	0.0000	0.0000	0.1655	0.0000	0.3633	0.0065	0.0000	0.3290	0.1892	0.0000	0.3635				
39	83	0.1232	4	1	0	1	0	0	0	0	0	N	N	N	N	N	N	N	N	N	N	N	N	0.0000	0.0000	0.0000	0.0000	0.0000	0.0000	0.0000	0.0000	0.0000	0.0000	0.0000	0.0000	0.0000	0.0000	0.0000	0.0000	0.0000	0.1609	0.0032	0.4652	0.0130	0.0059	0.0621	0.2616	0.0000	0.5359	75.6157	0.0000	0.0185	0.0000	10.0679	1.9600	33.8159	0.0000	0.0000	0.0000	0.0000	0.0000	0.0000	0.0000	0.0000	0.0000	0.0397	0.0005	0.0392	0.0013	0.0005	0.0008	0.0384	0.0000	0.0384	0.0000	0.0000	0.0000	0.0000	0.0000	0.0000	0.0000	0.0000	0.0000	0.2469	0.1626	0.0843	0.1000	0.0874	0.0126	0.1469	0.0752	0.0717	0.0000	0.0000	0.0000	0.0000	0.0000	0.0000	0.0000	0.0000	0.0000	0.1609	0.0032	0.4652	0.0130	0.0059	0.0621	0.2616	0.0000	0.5359		
39	84	0.0956	3	1	0	1	0	0	0	0	0	N	N	N	N	N	N	N	N	N	N	N	N	0.0000	0.0000	0.0000	0.0000	0.0000	0.0000	0.0000	0.0000	0.0000	0.0000	0.0000	0.0000	0.0000	0.0000	0.0000	0.0000	0.0000	0.0000	0.5613	0.2798	1.1447	0.4181	0.4606	0.0757	0.6831	0.0017	1.3423	1.9741	0.0000	0.0156	0.0000	0.9441	1.9600	14.0836	0.0000	0.0000	0.0000	0.0000	0.0000	0.0000	0.0000	0.0000	0.0000	0.1095	0.0368	0.0727	0.0375	0.0367	0.0007	0.0720	0.0001	0.0719	0.0000	0.0000	0.0000	0.0000	0.0000	0.0000	0.0000	0.0000	0.0000	0.1951	0.1316	0.0635	0.0896	0.0797	0.0099	0.1054	0.0518	0.0536	0.0000	0.0000	0.0000	0.0000	0.0000	0.0000	0.0000	0.0000	0.0000	0.5613	0.2798	1.1447	0.4181	0.4606	0.0757	0.6831	0.0017	1.3423	
39	85	0.3778	6	1	0	1	0	0	0	0	0	N	N	N	N	N	N	N	N	N	N	N	N	0.0000	0.0000	0.0000	0.0000	0.0000	0.0000	0.0000	0.0000	0.0000	0.0000	0.0000	0.0000	0.0000	0.0000	0.0000	0.0000	0.0000	0.3336	0.1111	0.8293	0.2413	0.1756	0.6705	0.4275	0.0000	0.8753	3.3518	0.0000	0.0207	0.0000	15.0008	1.9600	28.2980	0.0000	0.0000	0.0000	0.0000	0.0000	0.0000	0.0000	0.0000	0.0000	0.0833	0.0191	0.0641	0.0304	0.0191	0.0112	0.0529	0.0000	0.0529	0.0000	0.0000	0.0000	0.0000	0.0000	0.0000	0.0000	0.0000	0.0000	0.2496	0.1722	0.0773	0.1258	0.1089	0.0169	0.1237	0.0633	0.0604	0.0000	0.0000	0.0000	0.0000	0.0000	0.0000	0.0000	0.0000	0.0000	0.3336	0.1111	0.8293	0.2413	0.1756	0.6647	0.4275	0.0000	0.8753		
39	86	0.3778	6	1	0	1	0	0	0	0	0	N	N	N	N	N	N	N	N	N	N	N	N	0.0000	0.0000	0.0000	0.0000	0.0000	0.0000	0.0000	0.0000	0.0000	0.0000	0.0000	0.0000	0.0000	0.0000	0.0000	0.0000	0.0000	0.3419	0.1121	0.8809	0.2331	0.1695	0.6449	0.4670	0.0000	0.9551	3.3518	0.0000	0.0207	0.0000	10.8154	1.9600	27.4443	0.0000	0.0000	0.0000	0.0000	0.0000	0.0000	0.0000	0.0000	0.0000	0.0833	0.0191	0.0641	0.0304	0.0191	0.0112	0.0529	0.0000	0.0529	0.0000	0.0000	0.0000	0.0000	0.0000	0.0000	0.0000	0.0000	0.0000	0.2435	0.1707	0.0728	0.1303	0.1129	0.0174	0.1133	0.0579	0.0554	0.0000	0.0000	0.0000	0.0000	0.0000	0.0000	0.0000	0.0000	0.0000	0.3419	0.1121	0.8809	0.2331	0.1695	0.6449	0.4670	0.0000	0.9551		
39	87	0.3300	5	1	0	1	0	0	0	0	0	N	N	N	N	N	N	N	N	N	N	N	N	0.0000	0.0000	0.0000	0.0000	0.0000	0.0000	0.0000	0.0000	0.0000	0.0000	0.0000	0.0000	0.0000	0.0000	0.0000	0.0000	0.0000	0.0000	0.5321	0.3871	0.8880	0.5165	0.5272	0.4505	0.5533	0.0647	1.0551	0.9347	0.0000	-0.0067	0.0000	2.7608	1.9600	22.4044	0.0000	0.0000	0.0000	0.0000	0.0000	0.0000	0.0000	0.0000	0.0000	0.1776	0.0918	0.0858	0.0992	0.0871	0.0120	0.0784	0.0046	0.0738	0.0000	0.0000	0.0000	0.0000	0.0000	0.0000	0.0000	0.0000	0.0000	0.3337	0.2371	0.0966	0.1920	0.1653	0.0267	0.1417	0.0718	0.0699	0.0000	0.0000	0.0000	0.0000	0.0000	0.0000	0.0000	0.0000	0.0000	0.5321	0.3871	0.8880	0.5165	0.5272	0.4505	0.5533	0.0647	1.0551	
39	88	0.2002	4	1	0	1	0	0	0	0	0	N	N	N	N	N	N	N	N	N	N	N	N	0.0000	0.0000	0.0000	0.0000	0.0000	0.0000	0.0000	0.0000	0.0000	0.0000	0.0000	0.0000	0.0000	0.0000	0.0000	0.0000	0.0000	0.0000	0.5691	0.3986	0.9241	0.5545	0.6113	0.1844	0.5813	0.0996	1.0940	1.1136	0.0000	0.0010	0.0000	8.8820	1.9600	49.9570	0.0000	0.0000	0.0000	0.0000	0.0000	0.0000	0.0000	0.0000	0.0000	0.1747	0.0826	0.0920	0.0775	0.0741	0.0034	0.0972	0.0086	0.0886	0.0000	0.0000	0.0000	0.0000	0.0000	0.0000	0.0000	0.0000	0.0000	0.3069	0.2073	0.0996	0.1397	0.1211	0.0186	0.1672	0.0862	0.0810	0.0000	0.0000	0.0000	0.0000	0.0000	0.0000	0.0000	0.0000	0.0000	0.5691	0.3986	0.9241	0.5545	0.6113	0.1844	0.5813	0.0996	1.0940	
39	90	0.0849	6	1	1	1	1	0	0	0	0	N	N	N	N	N	N	N	N	N	N	N	N	0.0000	0.0000	0.0000	0.0000	0.0000	0.0000	0.0000	0.0000	0.0000	0.0000	0.0000	0.0000	0.0000	0.0000	0.0000	0.0000	0.0000	0.0000	0.0000	0.0000	0.0000	0.0000	1.9600	0.0000	0.0000	0.0000	0.0000	0.0000	0.0000	0.0000	0.0000	0.0000	0.0000	0.0000	0.0000	0.0000	0.0000	0.0000	0.0000	0.0000	0.0000	0.0000	0.0000	0.0000	0.0000	0.0000	0.0000	0.0000	0.0000	0.0000	0.0000	0.0000	0.0000	0.0000	0.0000	0.0000	0.0000	0.0000	0.0000	0.0000	0.0000	0.0000	0.0000	0.0000	0.0000	0.0000	0.0000	0.0000	0.0000	0.0000	0.0000	0.0000	0.0000	0.0000	0.0000	0.0000	0.0000	0.0000											
39	91	0.0742	5	1	1	1	1	0	0	0	0	N	N	N	N	N	N	N	N	N	N	N	N	0.0000	0.0000	0.0000	0.0000	0.0000	0.0000	0.0000	0.0000	0.0000	0.0000	0.0000	0.0000	0.0000	0.0000	0.0000	0.0000	0.0000	0.0000	0.0000	0.0000	0.0000	1.0000	1.9600	3.0000	0.0000	0.0000	0.0000	0.0000	0.0000	0.0000	0.0000	0.0000	0.0000	0.0000	0.0000	0.0000	0.0000	0.0000	0.0000	0.0000	0.0000	0.0000	0.0000	0.0000	0.0000	0.0000	0.0000	0.0000	0.0000	0.0000	0.0000	0.0240	0.0133	0.0106	0.0044	0.0041	0.0003	0.0195	0.0092	0.0103	0.0000	0.0000	0.0000	0.0000	0.0000	0.0000	0.0000	0.0000	0.0000	0.0000	0.0000	0.0000	0.0000	0.0000	0.0000	0.0000	0.0000	0.0000											
39	92	0.0676	3	1	1	1	0	0	0	0	0	N	N	N	N	N	N	N	N	N	N	N	N	0.0000	0.0000	0.0000	0.0000	0.0000	0.0000	0.0000	0.0000	0.0000	0.0000	0.0000	0.0000	0.0000	0.0000	0.0000	0.0000	0.0000	0.0000	0.0000	0.0000	0.0000	0.0000	1.9600	0.0000	0.0000	0.0000	0.0000	0.0000	0.0000	0.0000	0.0000	0.0000	0.0000	0.0000	0.0000	0.0000	0.0000	0.0000	0.0000	0.0000	0.0000	0.0000	0.0000	0.0000	0.0000	0.0000	0.0000	0.0000	0.0000	0.0000	0.0000	0.0000	0.0000	0.0000	0.0000	0.0000	0.0000	0.0000	0.0000	0.0000	0.0000	0.0000	0.0000	0.0000	0.0000	0.0000	0.0000	0.0000	0.0000	0.0000	0.0000	0.0000	0.0000	0.0000	0.0000	0.0000	0.0000	0.0000											
39	93	0.0742	5	1	0	2	1	0	0	0	0	N	N	Y	N	N	N	N	N	N	N	N	N	0.0000	0.0000	0.0000	0.0000	0.0000	0.0000	0.0000	0.0000	0.0000	0.0000	0.0000	0.0000	0.0000	0.0000	0.0000	0.0000	0.0000	0.0000	0.0000	0.0000	0.0000	0.0000	1.9600	0.0000	0.0000	0.0000	0.0000	0.0000	0.0000	0.0000	0.0000	0.0000	0.0000	0.0000	0.0000	0.0000	0.0000	0.0000	0.0000	0.0000	0.0000	0.0000	0.0000	0.0000	0.0000	0.0000	0.0000	0.0000	0.0000	0.0000	0.0000	0.0000	0.0000	0.0000	0.0000	0.0000	0.0000	0.0000	0.0000	0.0000	0.0000	0.0000	0.0000	0.0000	0.0000	0.0000	0.0000	0.0000	0.0000	0.0000	0.0000	0.0000	0.0000	0.0000	0.0000	0.0000	0.0000	0.0000											
39	94	0.0715	4	1	0	1	1	0	0	0	0	N	N	N	N	N	N	N	N	N	N	N	N	0.0000	0.0000	0.0000	0.0000	0.0000	0.0000	0.0000	0.0000	0.0000	0.0000	0.0000	0.0000	0.0000	0.0000	0.0000	0.0000	0.0000	0.0000	0.0000	0.0000	0.0000	1.0000	1.9600	0.0097	0.0000	0.0000	0.0000	0.0000	0.0000	0.0000	0.0000	0.0000	0.0000	0.0000	0.0000	0.0000	0.0000	0.0000	0.0000	0.0000	0.0000	0.0000	0.0000	0.0000	0.0000	0.0000	0.0000	0.0000	0.0000	0.0000	0.0000	0.0065	0.0036	0.0029	0.0013	0.0012	0.0001	0.0052	0.0024	0.0028	0.0000	0.0000	0.0000	0.0000	0.0000	0.0000	0.0000	0.0000	0.0000	0.0000	0.0000	0.0000	0.0000	0.0000	0.0000	0.0000	0.0000	0.0000											
39	95	0.0715	4	1	0	2	1	0	0	0	0	N	N	Y	N	N	N	N	N	N	N	N	N	0.0000	0.0000	0.0000	0.0000	0.0000	0.0000	0.0000	0.0000	0.0000	0.0000	0.0000	0.0000	0.0000	0.0000	0.0000	0.0000	0.0000	0.0000	0.0000	0.0000	0.0000	2.0000	1.9600	3.0050	0.0000	0.0000	0.0000	0.0000	0.0000	0.0000	0.0000	0.0000	0.0000	0.0000	0.0000	0.0000	0.0000	0.0000	0.0000	0.0000	0.0000	0.0000	0.0000	0.0000	0.0000	0.0000	0.0000	0.0000	0.0000	0.0000	0.0000	0.0298	0.0166	0.0132	0.0055	0.0052	0.0004	0.0242	0.0114	0.0128	0.0000	0.0000	0.0000	0.0000	0.0000	0.0000	0.0000	0.0000	0.0000	0.0000	0.0000	0.0000	0.0000	0.0000	0.0000	0.0000	0.0000	0.0000											
39	96	0.0715	4	1	0	2	1	0	0	0	0	N	N	Y	N	N	N	N	N	N	N	N	N	0.0000	0.0000	0.0000	0.0000	0.0000	0.0000	0.0000	0.0000	0.0000	0.0000	0.0000	0.0000	0.0000	0.0000	0.0000	0.0000	0.0000	0.0000	0.0000	0.0000	0.0000	0.0000	1.9600	6.9903	0.0000	0.0000	0.0000	0.0000	0.0000	0.0000	0.0000	0.0000	0.0000	0.0000	0.0000	0.0000	0.0000	0.0000	0.0000	0.0000	0.0000	0.0000	0.0000	0.0000	0.0000	0.0000	0.0000	0.0000	0.0000	0.0000	0.0000	0.0405	0.0226	0.0179	0.0075	0.0070	0.0005	0.0330	0.0156	0.0174	0.0000	0.0000	0.0000	0.0000	0.0000	0.0000	0.0000	0.0000	0.0000	0.0000	0.0000	0.0000	0.0000	0.0000	0.0000	0.0000	0.0000	0.0000											
39	97	0.0659	3	1	0	1	1	0	0	0	0	N	N	N	N	N	N	N	N	N	N	N	N	0.0000	0.0000	0.0000	0.0000	0.0000	0.0000	0.0000	0.0000	0.0000	0.0000	0.0000	0.0000	0.0000	0.0020	0.0000	0.0047	0.0000	0.0000	0.0000	0.0025	0.0000	0.0048	inf	0.0000	0.0000	0.0000	0.9999	1.9600	1.0605	0.0000	0.0000	0.0000	0.0000	0.0000	0.0000	0.0000	0.0000	0.0000	0.0000	0.0000	0.0000	0.0000	0.0000	0.0000	0.0000	0.0000	0.0000	0.0000	0.0000	0.0000	0.0000	0.0000	0.0000	0.0000	0.0000	0.0000	0.0143	0.0082	0.0062	0.0027	0.0025	0.0002	0.0116	0.0056	0.0060	0.0000	0.0000	0.0000	0.0000	0.0000	0.0000	0.0000	0.0000	0.0000	0.0020	0.0000	0.0047	0.0000	0.0000	0.0000	0.0025	0.0000	0.0048						
39	98	0.0638	2	1	0	1	1	0	0	0	0	N	N	N	N	N	N	N	N	N	N	N	N	0.0000	0.0000	0.0000	0.0000	0.0000	0.0000	0.0000	0.0000	0.0000	0.0000	0.0000	0.0000	0.0000	0.0000	0.0000	0.0000	0.0488	0.0063	0.1084	0.0176	0.0185	0.0000	0.0571	0.0000	0.1113	12.3375	0.0000	0.0002	0.0000	0.0012	1.9600	1.0414	0.0000	0.0000	0.0000	0.0000	0.0000	0.0000	0.0000	0.0000	0.0000	0.0004	0.0000	0.0004	0.0000	0.0000	0.0000	0.0004	0.0000	0.0004	0.0000	0.0000	0.0000	0.0000	0.0000	0.0000	0.0000	0.0000	0.0000	0.0079	0.0046	0.0033	0.0016	0.0016	0.0001	0.0062	0.0030	0.0032	0.0000	0.0000	0.0000	0.0000	0.0000	0.0000	0.0000	0.0000	0.0000	0.0488	0.0063	0.1084	0.0176	0.0185	0.0000	0.0571	0.0000	0.1113			
39	101	0.0707	4	2	1	1	0	0	0	0	0	Y	N	N	N	N	N	N	N	N	N	N	N	0.0000	0.0000	0.0000	0.0000	0.0000	0.0000	0.0000	0.0000	0.0000	0.0000	0.0000	0.0000	0.0000	0.0000	0.0000	0.0000	0.0000	0.0000	0.0000	0.0000	0.0000	0.0000	1.9600	3.0000	0.0000	0.0000	0.0000	0.0000	0.0000	0.0000	0.0000	0.0000	0.0000	0.0000	0.0000	0.0000	0.0000	0.0000	0.0000	0.0000	0.0000	0.0000	0.0000	0.0000	0.0000	0.0000	0.0000	0.0000	0.0000	0.0000	0.0000	0.0192	0.0107	0.0085	0.0033	0.0031	0.0002	0.0159	0.0076	0.0083	0.0000	0.0000	0.0000	0.0000	0.0000	0.0000	0.0000	0.0000	0.0000	0.0000	0.0000	0.0000	0.0000	0.0000	0.0000	0.0000	0.0000	0.0000											
39	102	0.0676	3	2	1	1	0	0	0	0	0	Y	N	N	N	N	N	N	N	N	N	N	N	0.0000	0.0000	0.0000	0.0000	0.0000	0.0000	0.0000	0.0000	0.0000	0.0000	0.0000	0.0000	0.0000	0.0000	0.0000	0.0000	0.0000	0.0000	0.0000	0.0000	0.0000	0.0000	1.9600	1.0000	0.0000	0.0000	0.0000	0.0000	0.0000	0.0000	0.0000	0.0000	0.0000	0.0000	0.0000	0.0000	0.0000	0.0000	0.0000	0.0000	0.0000	0.0000	0.0000	0.0000	0.0000	0.0000	0.0000	0.0000	0.0000	0.0000	0.0000	0.0067	0.0037	0.0030	0.0011	0.0011	0.0001	0.0055	0.0026	0.0029	0.0000	0.0000	0.0000	0.0000	0.0000	0.0000	0.0000	0.0000	0.0000	0.0000	0.0000	0.0000	0.0000	0.0000	0.0000	0.0000	0.0000	0.0000											
39	103	0.0638	2	1	1	1	0	0	0	0	0	N	N	N	N	N	N	N	N	N	N	N	N	0.0000	0.0000	0.0000	0.0000	0.0000	0.0000	0.0000	0.0000	0.0000	0.0000	0.0000	0.0000	0.0000	0.0448	0.0000	0.1073	0.0000	0.0000	0.0000	0.0565	0.0000	0.1102	inf	0.0000	0.0002	0.0000	0.0006	1.9600	1.0534	0.0000	0.0000	0.0000	0.0000	0.0000	0.0000	0.0000	0.0000	0.0000	0.0004	0.0000	0.0004	0.0000	0.0000	0.0000	0.0004	0.0000	0.0004	0.0000	0.0000	0.0000	0.0000	0.0000	0.0000	0.0000	0.0000	0.0000	0.0079	0.0046	0.0033	0.0016	0.0016	0.0001	0.0063	0.0031	0.0032	0.0000	0.0000	0.0000	0.0000	0.0000	0.0000	0.0000	0.0000	0.0000	0.0448	0.0000	0.1073	0.0000	0.0000	0.0000	0.0565	0.0000	0.1102						
39	109	0.2826	5	1	0	1	0	0	0	0	0	N	N	N	N	N	N	N	N	N	N	N	N	0.0000	0.0000	0.0000	0.0000	0.0000	0.0000	0.0000	0.0000	0.0000	0.0000	0.0000	0.0000	0.0000	0.0000	0.0000	0.0000	0.0000	0.3784	0.0113	1.1823	0.0366	0.0183	0.1404	0.7205	0.0000	1.5096	47.7073	0.0000	0.0450	0.0000	7.7801	1.9600	32.2209	0.0000	0.0000	0.0000	0.0000	0.0000	0.0000	0.0000	0.0000	0.0000	0.0982	0.0020	0.0962	0.0047	0.0020	0.0027	0.0935	0.0000	0.0935	0.0000	0.0000	0.0000	0.0000	0.0000	0.0000	0.0000	0.0000	0.0000	0.2595	0.1782	0.0813	0.1298	0.1104	0.0194	0.1297	0.0678	0.0619	0.0000	0.0000	0.0000	0.0000	0.0000	0.0000	0.0000	0.0000	0.0000	0.3784	0.0113	1.1823	0.0366	0.0183	0.1404	0.7205	0.0000	1.5096		
40	42	0.1436	3	0	1	1	0	0	0	0	0	N	N	N	N	N	N	N	N	N	N	N	N	10.9964	8.8683	16.2709	1.4343	0.0000	0.0000	0.1917	0.0000	0.8333	0.2785	0.0000	1.0004	0.0000	0.0000	0.0000	0.0174	0.0000	0.0940	0.0171	0.0000	0.6975	0.0177	0.0000	0.0564	inf	inf	0.0000	0.0000	0.0009	0.0003	7.7842	0.0002	0.0000	0.0000	0.0000	0.0000	0.0000	0.0000	0.0000	0.0000	0.0000	0.0000	0.0000	0.0000	0.0000	0.0000	0.0000	0.0000	0.0000	0.0000	0.0000	0.0000	0.0000	0.0000	0.0000	0.0000	0.0000	0.0000	0.0000	0.0001	0.0001	0.0000	0.0000	0.0000	0.0000	0.0000	0.0000	0.0000	10.9964	0.0000	8.8683	16.2709	0.0000	1.4478	0.0000	0.0000	0.0000	0.0174	0.0000	0.0940	0.0171	0.0000	0.6910	0.0177	0.0000	0.0564			
40	43	0.0996	3	1	1	2	0	0	0	0	0	N	N	Y	N	N	N	N	N	N	N	N	N	0.0000	0.0000	0.0000	0.0000	0.0000	0.0000	0.0000	0.0000	0.0000	0.0000	0.0000	0.0000	0.0000	0.0012	0.0018	0.0000	0.0028	0.0035	0.0000	0.0000	0.0000	0.0000	0.0000	0.0000	-0.0000	0.0009	0.0000	7.7842	2.0000	0.0000	0.0000	0.0000	0.0000	0.0000	0.0000	0.0000	0.0000	0.0000	0.0001	0.0001	0.0000	0.0001	0.0001	0.0000	0.0000	0.0000	0.0000	0.0000	0.0000	0.0000	0.0000	0.0000	0.0000	0.0000	0.0000	0.0000	0.0500	0.0326	0.0174	0.0216	0.0173	0.0043	0.0284	0.0153	0.0131	0.0000	0.0000	0.0000	0.0000	0.0000	0.0000	0.0000	0.0000	0.0000	0.0012	0.0018	0.0000	0.0028	0.0035	0.0000	0.0000	0.0000	0.0000						
40	44	0.0996	3	1	1	2	0	0	0	0	0	N	N	Y	N	N	N	N	N	N	N	N	N	0.0000	0.0000	0.0000	0.0000	0.0000	0.0000	0.0000	0.0000	0.0000	0.0000	0.0000	0.0000	0.0000	0.0000	0.0000	0.0000	0.0000	0.0000	0.0000	0.0000	0.0009	0.0000	7.7842	0.0000	0.0000	0.0000	0.0000	0.0000	0.0000	0.0000	0.0000	0.0000	0.0000	0.0000	0.0000	0.0000	0.0000	0.0000	0.0000	0.0000	0.0000	0.0000	0.0000	0.0000	0.0000	0.0000	0.0000	0.0000	0.0000	0.0000	0.0000	0.0000	0.0000	0.0000	0.0000	0.0000	0.0000	0.0000	0.0000	0.0000	0.0000	0.0000	0.0000	0.0000	0.0000	0.0000	0.0000	0.0000	0.0000	0.0000	0.0000	0.0000	0.0000	0.0000	0.0000	0.0000	0.0000	0.0000											
40	45	0.0735	2	1	1	2	0	0	0	0	0	N	N	Y	N	N	N	N	N	N	N	N	N	8.2867	0.0000	7.9982	21.5138	0.0000	24.5088	6.4205	5.0573	0.7170	0.0000	2.0669	0.5527	0.0000	3.2257	0.9675	0.0000	1.5744	0.0865	0.0004	0.2584	0.0257	0.0006	0.1316	0.1507	0.0000	0.3113	inf	338.0524	0.0003	0.0077	0.0009	0.7962	7.7842	7.9291	0.0003	0.0000	0.0003	0.0002	0.0000	0.0002	0.0002	0.0000	0.0002	0.0163	0.0000	0.0162	0.0025	0.0000	0.0024	0.0138	0.0000	0.0138	0.0005	0.0003	0.0002	0.0003	0.0002	0.0000	0.0002	0.0001	0.0001	0.1881	0.1253	0.0628	0.0966	0.0781	0.0185	0.0915	0.0472	0.0443	8.2867	0.0000	7.9982	21.5138	0.0000	24.5088	6.4205	0.0000	5.0573	0.0865	0.0004	0.2584	0.0257	0.0006	0.1316	0.1507	0.0000	0.3113	
40	46	0.0735	2	1	1	1	0	0	0	0	0	N	N	N	N	N	N	N	N	N	N	N	N	8.9453	0.0000	9.3871	21.7747	0.0000	25.8211	7.0284	0.0000	6.0420	0.7170	0.0000	2.0669	0.5527	0.0000	3.2257	0.9675	0.0000	1.5744	0.0802	0.0090	0.2202	0.0254	0.0011	0.1249	0.1377	0.0219	0.2606	inf	12.4401	0.0003	0.0089	0.0009	0.7962	7.7842	12.9291	0.0003	0.0000	0.0003	0.0002	0.0000	0.0002	0.0002	0.0000	0.0002	0.0220	0.0016	0.0204	0.0036	0.0001	0.0034	0.0184	0.0015	0.0169	0.0005	0.0003	0.0002	0.0003	0.0002	0.0000	0.0002	0.0001	0.0001	0.2747	0.1821	0.0925	0.1407	0.1131	0.0276	0.1340	0.0690	0.0650	8.9453	0.0000	9.3871	21.7747	0.0000	25.8211	7.0284	0.0000	6.0420	0.0802	0.0090	0.2202	0.0254	0.0011	0.1249	0.1377	0.0219	0.2606
40	47	0.0735	2	0	1	1	1	0	0	0	0	N	N	N	N	N	N	N	N	N	N	N	N	0.0000	0.0000	0.0000	0.0000	0.0000	0.0000	0.0000	0.0000	0.0000	0.0000	0.0000	0.0000	0.0000	0.0000	0.0000	1.3107	0.0000	3.8468	2.1048	0.0000	34.3336	0.4914	0.0000	1.0131	inf	0.0000	0.2903	0.0009	9.0000	7.7842	15.0400	0.0000	0.0000	0.0000	0.0000	0.0000	0.0000	0.0000	0.0000	0.0000	0.6061	0.0000	0.6061	0.4943	0.0000	0.4943	0.1119	0.0000	0.1119	0.0009	0.0007	0.0002	0.0005	0.0004	0.0001	0.0004	0.0003	0.0001	0.4625	0.3049	0.1576	0.2348	0.1877	0.0472	0.2276	0.1172	0.1104	0.0000	0.0000	0.0000	0.0000	0.0000	0.0000	0.0000	0.0000	0.0000	1.3107	0.0000	3.8468	2.1048	0.0000	10.4790	0.4914	0.0000	1.0131				
40	48	0.1520	3	0	0	1	1	0	0	0	0	N	N	N	N	N	N	N	N	N	N	N	N	33.9518	0.0000	60.5672	10.5444	0.0000	9.8823	77.4684	0.0000	103.3962	0.1605	0.0000	0.6256	0.1892	0.0000	0.9979	0.1260	0.0000	0.3735	0.0047	0.0011	0.0103	0.0179	0.0042	0.1010	0.0016	0.0000	0.0036	inf	5.9136	0.0000	0.0001	0.0009	0.0037	7.7842	3.0208	0.0000	0.0000	0.0000	0.0000	0.0000	0.0000	0.0000	0.0000	0.0000	0.0004	0.0001	0.0004	0.0003	0.0001	0.0002	0.0001	0.0000	0.0001	0.0000	0.0000	0.0000	0.0000	0.0000	0.0000	0.0000	0.0000	0.0000	0.0894	0.0544	0.0350	0.0170	0.0146	0.0024	0.0724	0.0398	0.0326	33.9518	0.0000	60.5672	10.5444	0.0000	9.8823	77.4684	0.0000	103.3962	0.0047	0.0011	0.0103	0.0179	0.0042	0.1010	0.0016	0.0000	0.0036
40	49	0.0735	2	0	0	1	1	0	0	0	0	N	N	N	N	N	N	N	N	N	N	N	N	0.3815	1.2931	0.5179	0.2024	1.2251	0.1269	1.0479	1.3998	1.2351	0.5191	0.0001	2.0670	0.4203	0.0001	3.1722	0.6526	0.0001	1.5858	1.3607	0.0001	3.9913	2.0770	0.0001	24.9920	0.6227	0.0001	1.2840	7644.5973	29449.2978	0.0003	0.3086	0.0009	4.7960	7.7842	23.0471	0.0003	0.0000	0.0003	0.0002	0.0000	0.0002	0.0002	0.0000	0.0002	0.6444	0.0000	0.6444	0.4992	0.0000	0.4992	0.1453	0.0000	0.1453	0.0007	0.0005	0.0002	0.0004	0.0003	0.0001	0.0003	0.0002	0.0001	0.4736	0.3121	0.1615	0.2403	0.1920	0.0483	0.2333	0.1201	0.1131	0.3815	1.2931	0.5179	0.2024	1.2251	0.3071	1.0479	1.3998	1.2351	1.3607	0.0001	3.9913	2.0770	0.0001	10.3294	0.6227	0.0001	1.2840
40	50	0.1085	3	0	1	2	0	0	0	0	0	N	N	Y	N	N	N	N	N	N	N	N	N	0.0000	0.0000	0.0000	0.0000	0.0000	0.0000	0.0000	0.0000	0.0002	0.0003	0.0000	0.0003	0.0003	0.0000	0.0000	0.0001	0.0000	5.9941	7.5099	0.0001	6.5180	7.5911	0.0000	3.4822	6.8520	0.0003	0.0000	0.0000	-0.0000	-0.2152	0.0009	1.4428	7.7842	0.4686	0.0000	0.0000	0.0000	0.0000	0.0000	0.0000	0.0000	0.0000	0.0000	0.4130	0.4130	0.0000	0.3716	0.3716	0.0000	0.0414	0.0414	0.0000	0.0001	0.0001	0.0000	0.0001	0.0001	0.0000	0.0000	0.0000	0.0000	0.0689	0.0550	0.0139	0.0570	0.0489	0.0081	0.0119	0.0060	0.0058	0.0000	0.0000	0.0000	0.0000	0.0000	0.0000	0.0000	0.0000	0.0000	5.9941	7.5099	0.0001	6.5180	7.5911	0.0000	3.4822	6.8520	0.0003	
40	51	0.0735	2	0	1	1	0	0	0	0	0	N	N	N	N	N	N	N	N	N	N	N	N	0.0896	0.0754	0.0026	92.7371	84.6223	0.4117	0.0000	0.0000	0.0014	0.2582	0.3275	0.0000	0.4611	0.5210	0.0001	0.0000	0.0000	0.0000	2.8807	4.3438	0.0173	0.0050	0.0062	0.0002	5.8884	11.4153	0.0245	0.0000	0.0020	-0.0000	-0.4879	0.0009	7.1845	7.7842	8.0722	0.0002	0.0002	0.0000	0.0002	0.0002	0.0000	0.0000	0.0000	0.0000	0.9400	0.9381	0.0019	0.0008	0.0008	0.0000	0.9392	0.9373	0.0019	0.0008	0.0006	0.0002	0.0004	0.0004	0.0001	0.0003	0.0002	0.0001	0.3263	0.2160	0.1104	0.1668	0.1339	0.0330	0.1595	0.0821	0.0774	0.0896	0.0754	0.0026	92.7371	84.6223	0.4117	0.0000	0.0000	0.0014	2.8807	4.3438	0.0173	0.0050	0.0062	0.0002	5.8884	11.4153	0.0245
40	52	0.0962	3	1	0	2	0	0	0	0	0	N	N	Y	N	N	N	N	N	N	N	N	N	0.0325	0.0244	0.0000	0.0336	0.0285	3.3243	1.7031	0.0000	0.0060	0.0064	0.0000	0.0089	0.0093	0.0000	0.0006	0.0007	0.0000	0.1843	0.2633	0.0000	0.2646	0.3265	0.0000	0.0002	0.0004	0.0000	0.0000	0.0000	-0.0000	-0.0105	0.0009	0.9976	7.7842	4.7732	0.0000	0.0000	0.0000	0.0000	0.0000	0.0000	0.0000	0.0000	0.0000	0.0202	0.0202	0.0000	0.0202	0.0202	0.0000	0.0000	0.0000	0.0000	0.0001	0.0001	0.0000	0.0001	0.0001	0.0000	0.0000	0.0000	0.0000	0.1095	0.0766	0.0329	0.0762	0.0618	0.0145	0.0332	0.0148	0.0184	0.0325	0.0244	0.0000	0.0336	0.0285	0.0000	3.3243	1.7031	0.0000	0.1843	0.2633	0.0000	0.2646	0.3265	0.0000	0.0002	0.0004	0.0000	
40	53	0.0735	2	1	0	1	0	0	0	0	0	N	N	N	N	N	N	N	N	N	N	N	N	3.3519	167.5037	0.0034	208.4261	235.0766	0.6231	0.0032	0.2038	0.0019	0.3170	0.4354	0.0009	0.5443	0.6338	0.0014	0.0006	0.0005	0.0007	0.0946	0.0026	0.2772	0.0026	0.0027	0.0023	0.1915	0.0024	0.3926	0.0008	53.7217	-0.0000	0.0094	0.0009	3.2133	7.7842	6.0120	0.0002	0.0002	0.0000	0.0002	0.0002	0.0000	0.0000	0.0000	0.0000	0.0204	0.0004	0.0201	0.0003	0.0002	0.0000	0.0201	0.0001	0.0200	0.0006	0.0004	0.0002	0.0004	0.0003	0.0001	0.0003	0.0001	0.0001	0.2160	0.1436	0.0724	0.1108	0.0894	0.0214	0.1052	0.0542	0.0510	3.3519	167.5037	0.0034	208.4261	235.0766	0.6231	0.0032	0.2038	0.0019	0.0946	0.0026	0.2772	0.0026	0.0027	0.0023	0.1915	0.0024	0.3926
40	54	0.0735	2	1	1	1	0	0	0	0	0	N	N	N	N	N	N	N	N	N	N	N	N	6.8515	0.0000	7.3501	16.7343	0.0000	20.8917	5.2749	4.7063	0.6507	0.0000	2.0679	0.5092	0.0000	3.2088	0.8584	0.0000	1.5790	0.0950	0.0003	0.2813	0.0304	0.0004	0.1536	0.1627	0.0000	0.3355	inf	542.4231	0.0003	0.0124	0.0009	1.7961	7.7842	11.9291	0.0003	0.0000	0.0003	0.0002	0.0000	0.0002	0.0002	0.0000	0.0002	0.0261	0.0000	0.0260	0.0043	0.0000	0.0042	0.0218	0.0000	0.0218	0.0005	0.0004	0.0002	0.0003	0.0003	0.0001	0.0002	0.0001	0.0001	0.2747	0.1821	0.0925	0.1407	0.1131	0.0276	0.1340	0.0690	0.0650	6.8515	0.0000	7.3501	16.7343	0.0000	20.8917	5.2749	0.0000	4.7063	0.0950	0.0003	0.2813	0.0304	0.0004	0.1536	0.1627	0.0000	0.3355	
40	55	0.0948	3	0	1	1	0	0	0	0	0	N	N	N	N	N	N	N	N	N	N	N	N	4.4021	0.0000	42.8627	16.8304	0.0000	201.9383	2.6262	0.0000	22.5529	0.2398	0.0000	0.6939	0.2167	0.0000	1.0025	0.2795	0.0000	0.4922	0.0545	0.0717	0.0162	0.0129	0.0147	0.0050	0.1064	0.1801	0.0218	inf	0.1018	0.0000	-0.0053	0.0009	0.0041	7.7842	6.2745	0.0000	0.0000	0.0000	0.0000	0.0000	0.0000	0.0000	0.0000	0.0000	0.0125	0.0113	0.0012	0.0016	0.0015	0.0001	0.0108	0.0098	0.0010	0.0000	0.0000	0.0000	0.0000	0.0000	0.0000	0.0000	0.0000	0.0000	0.2291	0.1579	0.0712	0.1272	0.1034	0.0238	0.1019	0.0545	0.0474	4.4021	0.0000	42.8627	16.8304	0.0000	201.9383	2.6262	0.0000	22.5529	0.0545	0.0717	0.0162	0.0129	0.0147	0.0050	0.1064	0.1801	0.0218
40	56	0.1436	3	0	0	2	0	0	0	0	0	N	N	Y	N	N	N	N	N	N	N	N	N	75.1793	52.2503	42.2838	36.7885	0.0000	0.0000	0.9005	0.9984	0.0000	2.7855	2.7862	0.0000	0.0000	0.0000	0.0000	0.0120	0.0191	0.0000	0.0659	0.0757	0.0000	0.0000	0.0000	0.0000	0.0000	0.0000	-0.0001	-0.0033	0.0009	18.9997	7.7842	4.0000	0.0005	0.0005	0.0000	0.0005	0.0005	0.0000	0.0000	0.0000	0.0000	0.0063	0.0063	0.0000	0.0063	0.0063	0.0000	0.0000	0.0000	0.0000	0.0006	0.0006	0.0001	0.0002	0.0002	0.0000	0.0004	0.0004	0.0001	0.5225	0.3276	0.1950	0.0950	0.0826	0.0124	0.4275	0.2449	0.1826	75.1793	52.2503	0.0000	42.2838	36.7885	0.0000	0.0000	0.0000	0.0000	0.0120	0.0191	0.0000	0.0659	0.0757	0.0000	0.0000	0.0000	0.0000			
40	57	0.0735	2	0	0	1	0	0	0	0	0	N	N	N	N	N	N	N	N	N	N	N	N	0.8633	0.0782	0.9502	0.2338	0.0419	0.0809	3.6975	123.6718	3.3672	1.1958	0.0000	3.8629	0.5022	0.0000	3.2059	2.2077	0.0000	4.1448	1.3851	0.0003	4.0655	2.1485	0.0005	39.6170	0.5971	0.0000	1.2310	65880.5746	6244.7822	0.0006	0.3037	0.0009	1.7961	7.7842	22.3138	0.0006	0.0000	0.0006	0.0002	0.0000	0.0002	0.0005	0.0000	0.0005	0.6343	0.0001	0.6342	0.4998	0.0001	0.4997	0.1345	0.0000	0.1345	0.0005	0.0004	0.0002	0.0003	0.0003	0.0001	0.0002	0.0001	0.0001	0.4579	0.3019	0.1560	0.2326	0.1859	0.0467	0.2253	0.1160	0.1093	0.8633	0.0782	0.9502	0.2338	0.0419	0.2996	3.6975	123.6718	3.3672	1.3851	0.0003	4.0655	2.1485	0.0005	10.6993	0.5971	0.0000	1.2310
40	58	0.0943	4	1	1	1	0	0	0	0	0	N	N	N	N	N	N	N	N	N	N	N	N	1.8696	5.7546	0.0000	7.4598	6.3612	0.0779	16.4718	0.0000	0.0091	0.0099	0.0000	0.0132	0.0138	0.0000	0.0009	0.0011	0.0000	0.0049	0.0017	0.0131	0.0018	0.0022	0.0000	0.0119	0.0001	0.0245	0.0000	2.9619	-0.0000	0.0002	0.0009	0.9359	7.7842	8.5945	0.0000	0.0000	0.0000	0.0000	0.0000	0.0000	0.0000	0.0000	0.0000	0.0009	0.0002	0.0006	0.0002	0.0002	0.0000	0.0007	0.0000	0.0006	0.0001	0.0001	0.0000	0.0001	0.0001	0.0000	0.0000	0.0000	0.0000	0.1778	0.1282	0.0497	0.1232	0.1000	0.0232	0.0547	0.0282	0.0265	1.8696	5.7546	0.0000	7.4598	6.3612	0.0000	0.0779	16.4718	0.0000	0.0049	0.0017	0.0131	0.0018	0.0022	0.0000	0.0119	0.0001	0.0245	
40	59	0.0916	3	0	1	1	0	0	0	0	0	N	N	N	N	N	N	N	N	N	N	N	N	1.2869	0.8298	9.9402	0.9949	0.7378	359.6725	4.0828	69.5894	5.8332	0.0788	0.0620	0.2221	0.0831	0.0734	0.2244	0.0702	0.0359	0.2206	0.0612	0.0747	0.0223	0.0835	0.0994	0.0006	0.0172	0.0005	0.0378	0.4203	0.1037	0.0000	-0.0013	0.0009	0.1706	7.7842	1.8413	0.0000	0.0000	0.0000	0.0000	0.0000	0.0000	0.0000	0.0000	0.0000	0.0031	0.0028	0.0003	0.0028	0.0028	0.0000	0.0003	0.0000	0.0003	0.0000	0.0000	0.0000	0.0000	0.0000	0.0000	0.0000	0.0000	0.0000	0.0503	0.0374	0.0129	0.0334	0.0280	0.0054	0.0169	0.0094	0.0076	1.2869	0.8298	9.9402	0.9949	0.7378	359.6725	4.0828	69.5894	5.8332	0.0612	0.0747	0.0223	0.0835	0.0994	0.0006	0.0172	0.0005	0.0378
40	60	0.0735	2	0	1	1	0	0	0	0	0	N	N	N	N	N	N	N	N	N	N	N	N	22.7302	225.0625	0.0477	251.5037	237.9660	7.0285	0.0316	1.2845	0.0266	0.2727	0.3507	0.0016	0.4825	0.5481	0.0023	0.0007	0.0004	0.0012	0.0120	0.0016	0.0326	0.0019	0.0023	0.0003	0.0226	0.0003	0.0463	0.0013	10.6005	-0.0000	0.0012	0.0009	6.1830	7.7842	4.8458	0.0002	0.0002	0.0000	0.0002	0.0002	0.0000	0.0000	0.0000	0.0000	0.0030	0.0003	0.0027	0.0002	0.0002	0.0000	0.0028	0.0000	0.0027	0.0007	0.0006	0.0002	0.0004	0.0004	0.0001	0.0003	0.0002	0.0001	0.2507	0.1664	0.0843	0.1285	0.1034	0.0250	0.1222	0.0630	0.0593	22.7302	225.0625	0.0477	251.5037	237.9660	7.0285	0.0316	1.2845	0.0266	0.0120	0.0016	0.0326	0.0019	0.0023	0.0003	0.0226	0.0003	0.0463
40	61	0.4666	9	0	0	1	0	0	0	0	0	N	N	N	N	N	N	N	N	N	N	N	N	0.0033	0.0000	0.0561	0.0028	0.0000	2.8283	0.0072	0.0000	0.0206	0.0002	0.0000	0.0016	0.0003	0.0000	0.1003	0.0001	0.0000	0.0005	0.0510	0.0641	0.0277	0.1252	0.1475	0.0355	0.0116	0.0003	0.0258	inf	0.2420	0.0000	-0.0058	0.0009	1.0140	7.7842	12.0537	0.0000	0.0000	0.0000	0.0000	0.0000	0.0000	0.0000	0.0000	0.0000	0.0178	0.0144	0.0035	0.0152	0.0143	0.0009	0.0027	0.0000	0.0026	0.0000	0.0000	0.0000	0.0000	0.0000	0.0000	0.0000	0.0000	0.0000	0.3494	0.2239	0.1255	0.1211	0.0971	0.0240	0.2283	0.1268	0.1015	0.0033	0.0000	0.0561	0.0028	0.0000	2.8283	0.0072	0.0000	0.0206	0.0510	0.0641	0.0277	0.1252	0.1475	0.0355	0.0116	0.0003	0.0258
40	62	0.3907	6	0	0	1	0	0	0	0	0	N	N	N	N	N	N	N	N	N	N	N	N	0.3502	0.0000	1.5370	0.4445	0.0000	3.9400	0.2255	0.0000	0.5432	0.1502	0.0000	0.9069	0.2384	0.0000	1.7238	0.0687	0.0000	0.3598	0.4289	0.3571	0.5901	0.5364	0.5589	0.4375	0.3046	0.0107	0.6625	inf	0.7370	0.0001	-0.0568	0.0009	22.0948	7.7842	64.3951	0.0001	0.0000	0.0001	0.0001	0.0000	0.0001	0.0000	0.0000	0.0000	0.5866	0.3377	0.2489	0.3934	0.3340	0.0594	0.1932	0.0037	0.1895	0.0010	0.0008	0.0002	0.0005	0.0004	0.0001	0.0005	0.0004	0.0001	1.3676	0.9458	0.4218	0.7334	0.5976	0.1358	0.6342	0.3482	0.2860	0.3502	0.0000	1.5370	0.4445	0.0000	3.9400	0.2255	0.0000	0.5432	0.4289	0.3571	0.5901	0.5364	0.5589	0.4375	0.3046	0.0107	0.6625
40	63	0.1839	5	0	0	1	0	0	0	0	0	N	N	N	N	N	N	N	N	N	N	N	N	0.2265	0.0000	1.5208	0.2967	0.0000	43.8306	0.1994	0.0000	0.6104	0.0069	0.0000	0.0603	0.0122	0.0000	1.0039	0.0044	0.0000	0.0270	0.0304	0.0258	0.0396	0.0412	0.0448	0.0229	0.0219	0.0023	0.0442	inf	0.7747	0.0000	-0.0019	0.0009	3.0638	7.7842	18.8214	0.0000	0.0000	0.0000	0.0000	0.0000	0.0000	0.0000	0.0000	0.0000	0.0222	0.0125	0.0097	0.0132	0.0120	0.0012	0.0090	0.0005	0.0085	0.0001	0.0001	0.0000	0.0000	0.0000	0.0000	0.0001	0.0001	0.0000	0.7315	0.4866	0.2449	0.3207	0.2680	0.0526	0.4108	0.2185	0.1923	0.2265	0.0000	1.5208	0.2967	0.0000	43.8306	0.1994	0.0000	0.6104	0.0304	0.0258	0.0396	0.0412	0.0448	0.0229	0.0219	0.0023	0.0442
40	64	0.0948	3	1	1	2	0	0	0	0	0	N	N	Y	N	N	N	N	N	N	N	N	N	0.8734	0.0000	18.4005	6.6123	0.0000	256.2979	0.3079	0.0000	6.8499	0.0321	0.0000	0.2277	0.0508	0.0000	1.0121	0.0216	0.0000	0.1121	0.0368	0.0482	0.0124	0.0077	0.0086	0.0039	0.0700	0.1165	0.0164	inf	0.1203	0.0000	-0.0044	0.0009	1.0029	7.7842	8.4685	0.0000	0.0000	0.0000	0.0000	0.0000	0.0000	0.0000	0.0000	0.0000	0.0107	0.0096	0.0012	0.0012	0.0011	0.0001	0.0095	0.0085	0.0010	0.0000	0.0000	0.0000	0.0000	0.0000	0.0000	0.0000	0.0000	0.0000	0.2919	0.1988	0.0931	0.1558	0.1258	0.0299	0.1362	0.0730	0.0632	0.8734	0.0000	18.4005	6.6123	0.0000	256.2979	0.3079	0.0000	6.8499	0.0368	0.0482	0.0124	0.0077	0.0086	0.0039	0.0700	0.1165	0.0164
40	65	0.0735	2	0	1	1	0	0	0	0	0	N	N	N	N	N	N	N	N	N	N	N	N	0.1454	0.0003	8.8352	22.0398	0.9418	26.8814	0.0957	0.0001	5.5907	0.7165	0.0024	2.0610	0.5531	0.0024	3.2164	0.9655	0.0021	1.5699	4.9267	7.2845	0.2333	0.0251	0.0026	0.1197	10.0938	19.3072	0.2808	461.3930	0.0161	0.0003	-0.4980	0.0009	0.7961	7.7842	8.5878	0.0003	0.0000	0.0003	0.0002	0.0000	0.0002	0.0002	0.0000	0.0002	0.9856	0.9700	0.0156	0.0026	0.0002	0.0024	0.9831	0.9698	0.0132	0.0005	0.0003	0.0002	0.0003	0.0002	0.0000	0.0002	0.0001	0.0001	0.2001	0.1332	0.0669	0.1027	0.0829	0.0197	0.0974	0.0502	0.0472	0.1454	0.0003	8.8352	22.0398	0.9418	26.8814	0.0957	0.0001	5.5907	4.9267	7.2845	0.2333	0.0251	0.0026	0.1197	10.0938	19.3072	0.2808
40	66	0.4666	9	0	1	1	0	0	0	0	0	N	N	N	N	N	N	N	N	N	N	N	N	0.0039	0.0000	0.9777	0.0028	0.0000	57.1294	0.0969	0.0000	0.3431	0.0002	0.0000	0.0016	0.0003	0.0000	0.1005	0.0001	0.0000	0.0005	0.0432	0.0666	0.0016	0.1235	0.1538	0.0018	0.0009	0.0003	0.0016	inf	0.0134	0.0000	-0.0079	0.0009	1.0110	7.7842	12.5479	0.0000	0.0000	0.0000	0.0000	0.0000	0.0000	0.0000	0.0000	0.0000	0.0155	0.0153	0.0002	0.0153	0.0152	0.0000	0.0002	0.0000	0.0002	0.0000	0.0000	0.0000	0.0000	0.0000	0.0000	0.0000	0.0000	0.0000	0.3581	0.2292	0.1289	0.1236	0.0990	0.0246	0.2345	0.1302	0.1043	0.0039	0.0000	0.9777	0.0028	0.0000	57.1294	0.0969	0.0000	0.3431	0.0432	0.0666	0.0016	0.1235	0.1538	0.0018	0.0009	0.0003	0.0016
40	67	0.4602	8	0	0	1	0	0	0	0	0	N	N	N	N	N	N	N	N	N	N	N	N	0.0014	0.0009	0.0056	0.0020	0.0014	0.1333	0.0024	0.0000	0.0064	0.0003	0.0002	0.0015	0.0009	0.0005	0.0967	0.0001	0.0000	0.0005	0.2320	0.2204	0.2608	0.4337	0.3790	0.7250	0.0346	0.0020	0.0819	0.9032	0.4790	0.0000	-0.0086	0.0009	0.9784	7.7842	1.5217	0.0000	0.0000	0.0000	0.0000	0.0000	0.0000	0.0000	0.0000	0.0000	0.0436	0.0295	0.0141	0.0403	0.0294	0.0110	0.0033	0.0001	0.0032	0.0000	0.0000	0.0000	0.0000	0.0000	0.0000	0.0000	0.0000	0.0000	0.1879	0.1338	0.0541	0.0930	0.0775	0.0155	0.0949	0.0563	0.0386	0.0014	0.0009	0.0056	0.0020	0.0014	0.1367	0.0024	0.0000	0.0064	0.2320	0.2204	0.2608	0.4337	0.3790	0.7071	0.0346	0.0020	0.0819
40	68	0.4300	7	0	0	1	0	0	0	0	0	N	N	N	N	N	N	N	N	N	N	N	N	0.0312	0.0016	0.1677	0.0370	0.0025	0.8026	0.0375	0.0000	0.1404	0.0046	0.0002	0.0399	0.0108	0.0004	0.7946	0.0016	0.0000	0.0098	0.1474	0.1020	0.2379	0.2928	0.1780	0.9899	0.0421	0.0189	0.0702	31.3644	1.1717	0.0000	0.0010	0.0009	1.0531	7.7842	9.0748	0.0000	0.0000	0.0000	0.0000	0.0000	0.0000	0.0000	0.0000	0.0000	0.0532	0.0245	0.0287	0.0444	0.0223	0.0221	0.0088	0.0022	0.0066	0.0000	0.0000	0.0000	0.0000	0.0000	0.0000	0.0000	0.0000	0.0000	0.3608	0.2402	0.1206	0.1516	0.1254	0.0262	0.2092	0.1147	0.0945	0.0312	0.0016	0.1677	0.0370	0.0025	0.9430	0.0375	0.0000	0.1404	0.1474	0.1020	0.2379	0.2928	0.1780	0.8426	0.0421	0.0189	0.0702
40	69	0.0735	2	1	0	2	0	0	0	0	0	N	N	Y	N	N	N	N	N	N	N	N	N	0.0000	0.0000	0.0000	0.0000	0.0000	0.0000	0.0000	0.0000	0.0000	0.0000	0.0000	0.0000	0.0000	0.0000	0.0000	7.6444	11.4038	0.0000	0.0022	0.0028	0.0000	15.7191	30.3567	0.0000	0.0000	0.0000	-0.5101	0.0009	0.0000	7.7842	4.9600	0.0000	0.0000	0.0000	0.0000	0.0000	0.0000	0.0000	0.0000	0.0000	0.9789	0.9789	0.0000	0.0001	0.0001	0.0000	0.9787	0.9787	0.0000	0.0000	0.0000	0.0000	0.0000	0.0000	0.0000	0.0000	0.0000	0.0000	0.1280	0.0858	0.0422	0.0658	0.0536	0.0122	0.0623	0.0322	0.0300	0.0000	0.0000	0.0000	0.0000	0.0000	0.0000	0.0000	0.0000	0.0000	7.6444	11.4038	0.0000	0.0022	0.0028	0.0000	15.7191	30.3567	0.0000				
40	71	0.1298	6	0	0	2	0	0	0	0	0	N	N	Y	N	N	N	N	N	N	N	N	N	0.0000	0.0000	0.0000	0.0000	0.0000	0.0000	0.0000	0.0000	0.0000	0.0000	0.0000	0.0000	0.0000	0.0000	0.0000	0.0000	0.0000	0.0000	0.0000	0.0000	0.0001	0.0000	0.0000	0.0001	0.0000	0.0000	0.0001	9.6822	0.0000	0.0000	0.0009	1.0000	7.7842	0.0055	0.0000	0.0000	0.0000	0.0000	0.0000	0.0000	0.0000	0.0000	0.0000	0.0000	0.0000	0.0000	0.0000	0.0000	0.0000	0.0000	0.0000	0.0000	0.0000	0.0000	0.0000	0.0000	0.0000	0.0000	0.0000	0.0000	0.0000	0.0180	0.0112	0.0067	0.0070	0.0054	0.0016	0.0109	0.0058	0.0051	0.0000	0.0000	0.0000	0.0000	0.0000	0.0000	0.0000	0.0000	0.0000	0.0000	0.0000	0.0001	0.0000	0.0000	0.0001	0.0000	0.0000	0.0001	
40	72	0.1231	5	0	0	2	0	0	0	0	0	N	N	Y	N	N	N	N	N	N	N	N	N	0.0000	0.0000	0.0000	0.0000	0.0000	0.0000	0.0000	0.0000	0.0000	0.0000	0.0000	0.0000	0.0000	0.0000	0.0000	0.0000	0.0000	0.0000	0.0010	0.0007	0.0015	0.0013	0.0015	0.0006	0.0009	0.0000	0.0018	1.1735	0.0000	0.0000	0.0009	0.0000	7.7842	1.0265	0.0000	0.0000	0.0000	0.0000	0.0000	0.0000	0.0000	0.0000	0.0000	0.0000	0.0000	0.0000	0.0000	0.0000	0.0000	0.0000	0.0000	0.0000	0.0000	0.0000	0.0000	0.0000	0.0000	0.0000	0.0000	0.0000	0.0000	0.0190	0.0120	0.0070	0.0076	0.0059	0.0017	0.0114	0.0061	0.0054	0.0000	0.0000	0.0000	0.0000	0.0000	0.0000	0.0000	0.0000	0.0000	0.0010	0.0007	0.0015	0.0013	0.0015	0.0006	0.0009	0.0000	0.0018	
40	73	0.1177	4	0	0	1	0	0	0	0	0	N	N	N	N	N	N	N	N	N	N	N	N	0.0408	0.5494	0.0000	0.3978	0.5557	0.0000	0.0000	0.0000	0.0000	0.0002	0.0003	0.0000	0.0003	0.0003	0.0000	0.0000	0.0000	0.0000	0.0042	0.0005	0.0191	0.0007	0.0006	0.0013	0.0098	0.0001	0.0256	0.0000	10.5320	-0.0000	0.0004	0.0009	0.0000	7.7842	1.0321	0.0000	0.0000	0.0000	0.0000	0.0000	0.0000	0.0000	0.0000	0.0000	0.0011	0.0001	0.0010	0.0001	0.0001	0.0000	0.0010	0.0000	0.0010	0.0000	0.0000	0.0000	0.0000	0.0000	0.0000	0.0000	0.0000	0.0000	0.2515	0.2008	0.0507	0.1533	0.1399	0.0134	0.0983	0.0609	0.0373	0.0408	0.5494	0.0000	0.3978	0.5557	0.0000	0.0000	0.0000	0.0000	0.0042	0.0005	0.0191	0.0007	0.0006	0.0013	0.0098	0.0001	0.0256
40	74	0.0949	3	0	0	1	0	0	0	0	0	N	N	N	N	N	N	N	N	N	N	N	N	0.0784	0.0852	0.0781	6.8375	4.4132	14.2291	0.0265	0.0005	0.0426	0.2802	0.1451	0.6170	0.3691	0.2281	1.0122	0.1712	0.0021	0.4079	3.5731	1.7019	7.9000	0.0540	0.0517	0.0711	6.4603	3.8807	9.5840	1.7062	2.0074	0.0000	0.2218	0.0009	0.5629	7.7842	8.5245	0.0000	0.0000	0.0000	0.0000	0.0000	0.0000	0.0000	0.0000	0.0000	1.5151	0.5038	1.0113	0.0103	0.0087	0.0016	1.5048	0.4951	1.0097	0.0001	0.0001	0.0000	0.0000	0.0000	0.0000	0.0000	0.0000	0.0000	0.4240	0.2960	0.1280	0.1911	0.1684	0.0227	0.2329	0.1276	0.1054	0.0784	0.0852	0.0781	6.8375	4.4132	14.2291	0.0265	0.0005	0.0426	3.5731	1.7019	7.9000	0.0540	0.0517	0.0711	6.4603	3.8807	9.5840
40	75	0.1119	4	0	1	1	0	0	0	0	0	N	N	N	N	N	N	N	N	N	N	N	N	0.0000	0.0000	0.0000	0.0000	0.0000	0.0000	0.0000	0.0000	0.0000	0.0000	0.0000	0.0000	0.0000	0.0000	0.0000	0.0000	0.0000	0.0000	6.9713	10.3134	0.0103	0.0052	0.0009	0.0233	12.5515	21.9770	0.0056	0.0005	0.0000	-0.5170	0.0009	1.9994	7.7842	4.0943	0.0000	0.0000	0.0000	0.0000	0.0000	0.0000	0.0000	0.0000	0.0000	0.9930	0.9926	0.0005	0.0003	0.0000	0.0003	0.9927	0.9925	0.0002	0.0000	0.0000	0.0000	0.0000	0.0000	0.0000	0.0000	0.0000	0.0000	0.1424	0.0962	0.0462	0.0634	0.0511	0.0123	0.0791	0.0452	0.0339	0.0000	0.0000	0.0000	0.0000	0.0000	0.0000	0.0000	0.0000	0.0000	6.9713	10.3134	0.0103	0.0052	0.0009	0.0233	12.5515	21.9770	0.0056	
40	76	0.1056	3	0	0	1	0	0	0	0	0	N	N	N	N	N	N	N	N	N	N	N	N	0.0000	0.0000	0.0000	0.0000	0.0000	0.0000	0.0000	0.0000	0.0000	0.0000	0.0000	0.0000	0.0000	0.0000	0.0000	0.0000	0.0000	0.0000	0.0738	0.0402	0.1492	0.0884	0.0235	0.3974	0.0612	0.0612	0.0610	1.6535	0.0000	0.0006	0.0009	0.0011	7.7842	2.7207	0.0000	0.0000	0.0000	0.0000	0.0000	0.0000	0.0000	0.0000	0.0000	0.0061	0.0023	0.0038	0.0034	0.0007	0.0027	0.0027	0.0016	0.0011	0.0000	0.0000	0.0000	0.0000	0.0000	0.0000	0.0000	0.0000	0.0000	0.0826	0.0571	0.0255	0.0385	0.0318	0.0067	0.0441	0.0253	0.0188	0.0000	0.0000	0.0000	0.0000	0.0000	0.0000	0.0000	0.0000	0.0000	0.0738	0.0402	0.1492	0.0884	0.0235	0.3974	0.0612	0.0612	0.0610	
40	77	0.0735	2	0	0	1	0	0	0	0	0	N	N	N	N	N	N	N	N	N	N	N	N	0.0000	0.0000	0.0000	0.0000	0.0000	0.0000	0.0000	0.0000	0.0000	0.0000	0.0000	0.0000	0.0000	0.0000	0.0000	0.0000	0.0000	0.0000	2.6487	0.0020	7.8878	4.1383	0.0021	50.1618	1.0810	0.0017	2.2286	2040.6901	0.0000	0.2944	0.0009	0.0001	7.7842	10.0074	0.0000	0.0000	0.0000	0.0000	0.0000	0.0000	0.0000	0.0000	0.0000	0.6153	0.0003	0.6150	0.4930	0.0002	0.4928	0.1224	0.0001	0.1223	0.0004	0.0003	0.0002	0.0003	0.0002	0.0000	0.0002	0.0001	0.0001	0.2323	0.1543	0.0780	0.1191	0.0960	0.0231	0.1132	0.0583	0.0549	0.0000	0.0000	0.0000	0.0000	0.0000	0.0000	0.0000	0.0000	0.0000	2.6487	0.0020	7.8878	4.1383	0.0021	21.3181	1.0810	0.0017	2.2286	
40	78	0.0937	3	1	0	2	0	0	0	0	0	N	N	Y	N	N	N	N	N	N	N	N	N	2098.6274	1589.1112	2195.6819	1833.3013	69.2296	37.2552	0.0356	0.0378	0.0000	0.0493	0.0514	0.0000	0.0002	0.0002	0.0000	0.0000	0.0000	0.0000	0.0000	0.0000	0.0000	0.0000	0.0000	0.0000	0.0000	0.0000	-0.0000	-0.0000	0.0009	1.6246	7.7842	0.0115	0.0000	0.0000	0.0000	0.0000	0.0000	0.0000	0.0000	0.0000	0.0000	0.0000	0.0000	0.0000	0.0000	0.0000	0.0000	0.0000	0.0000	0.0000	0.0002	0.0002	0.0000	0.0001	0.0001	0.0000	0.0000	0.0000	0.0000	0.0297	0.0211	0.0085	0.0215	0.0172	0.0043	0.0082	0.0039	0.0042	2098.6274	1589.1112	0.0000	2195.6819	1833.3013	0.0000	69.2296	37.2552	0.0000	0.0000	0.0000	0.0000	0.0000	0.0000	0.0000	0.0000	0.0000	0.0000			
40	79	0.0735	2	1	0	2	0	0	0	0	0	N	N	Y	N	N	N	N	N	N	N	N	N	287.9067	239.5498	6.0483	265.7465	240.3462	12.1175	2.6207	0.0000	4.3502	0.2455	0.3076	0.0000	0.4419	0.4968	0.0000	0.0000	0.0000	0.0000	0.0009	0.0013	0.0000	0.0017	0.0021	0.0000	0.0000	0.0000	0.0000	0.0000	0.0015	-0.0000	-0.0001	0.0009	8.1927	7.7842	3.9952	0.0002	0.0002	0.0000	0.0002	0.0002	0.0000	0.0000	0.0000	0.0000	0.0002	0.0002	0.0000	0.0002	0.0002	0.0000	0.0000	0.0000	0.0000	0.0008	0.0007	0.0002	0.0005	0.0004	0.0001	0.0004	0.0003	0.0001	0.2722	0.1805	0.0917	0.1394	0.1121	0.0273	0.1328	0.0684	0.0644	287.9067	239.5498	6.0483	265.7465	240.3462	12.1175	2.6207	0.0000	4.3502	0.0009	0.0013	0.0000	0.0017	0.0021	0.0000	0.0000	0.0000	0.0000
40	80	0.0735	2	0	1	1	1	0	0	0	0	N	N	N	N	N	N	N	N	N	N	N	N	7.1501	0.0000	7.1254	26.7257	0.0000	33.3212	5.2799	0.0000	4.2256	0.7170	0.0000	2.0669	0.5527	0.0000	3.2257	0.9675	0.0000	1.5744	0.1003	0.0029	0.2901	0.0207	0.0018	0.0968	0.1832	0.0047	0.3726	inf	50.9561	0.0003	0.0170	0.0009	0.7962	7.7842	19.0091	0.0003	0.0000	0.0003	0.0002	0.0000	0.0002	0.0002	0.0000	0.0002	0.0369	0.0007	0.0362	0.0039	0.0003	0.0036	0.0330	0.0004	0.0326	0.0005	0.0003	0.0002	0.0003	0.0002	0.0000	0.0002	0.0001	0.0001	0.3679	0.2432	0.1247	0.1877	0.1504	0.0373	0.1801	0.0927	0.0874	7.1501	0.0000	7.1254	26.7257	0.0000	33.3212	5.2799	0.0000	4.2256	0.1003	0.0029	0.2901	0.0207	0.0018	0.0968	0.1832	0.0047	0.3726
40	81	0.0735	2	0	1	1	0	0	0	0	0	N	N	N	N	N	N	N	N	N	N	N	N	0.5035	0.0000	0.4944	0.2542	0.0000	0.0778	1.4904	1.1765	0.7170	0.0000	2.0669	0.5527	0.0000	3.2257	0.9675	0.0000	1.5744	1.4239	0.0003	4.1805	2.1739	0.0006	41.4354	0.6491	0.0000	1.3382	inf	6346.5841	0.0003	0.3084	0.0009	0.7962	7.7842	25.3140	0.0003	0.0000	0.0003	0.0002	0.0000	0.0002	0.0002	0.0000	0.0002	0.6441	0.0001	0.6440	0.4996	0.0001	0.4995	0.1444	0.0000	0.1444	0.0005	0.0003	0.0002	0.0003	0.0002	0.0000	0.0002	0.0001	0.0001	0.4523	0.2983	0.1540	0.2298	0.1837	0.0461	0.2225	0.1146	0.1079	0.5035	0.0000	0.4944	0.2542	0.0000	0.2978	1.4904	0.0000	1.1765	1.4239	0.0003	4.1805	2.1739	0.0006	10.8317	0.6491	0.0000	1.3382	
40	82	0.0735	2	0	1	1	0	0	0	0	0	N	N	N	N	N	N	N	N	N	N	N	N	0.1950	0.0000	0.5382	0.2514	0.0000	0.1474	0.1832	0.0000	1.3304	0.6507	0.0000	2.0679	0.5092	0.0000	3.2088	0.8584	0.0000	1.5790	3.3365	3.0747	3.8422	2.0258	0.0010	21.7707	4.6849	7.9783	1.1869	inf	0.6469	0.0003	-0.2076	0.0009	1.7961	7.7842	27.0091	0.0003	0.0000	0.0003	0.0002	0.0000	0.0002	0.0002	0.0000	0.0002	1.6184	0.9827	0.6357	0.4983	0.0002	0.4981	1.1201	0.9825	0.1376	0.0005	0.0004	0.0002	0.0003	0.0003	0.0001	0.0002	0.0001	0.0001	0.4851	0.3196	0.1655	0.2460	0.1965	0.0495	0.2391	0.1231	0.1159	0.1950	0.0000	0.5382	0.2514	0.0000	0.3190	0.1832	0.0000	1.3304	3.3365	3.0747	3.8422	2.0258	0.0010	10.0603	4.6849	7.9783	1.1869
40	83	0.1839	5	0	0	1	0	0	0	0	0	N	N	N	N	N	N	N	N	N	N	N	N	0.0109	0.0000	0.8813	0.0082	0.0000	49.5823	0.0800	0.0000	0.3692	0.0023	0.0000	0.0217	0.0041	0.0000	1.0050	0.0015	0.0000	0.0095	0.2109	0.3097	0.0247	0.5058	0.6100	0.0203	0.0182	0.0117	0.0258	inf	0.0423	0.0000	-0.0944	0.0009	10.0679	7.7842	33.8159	0.0000	0.0000	0.0000	0.0000	0.0000	0.0000	0.0000	0.0000	0.0000	0.1964	0.1884	0.0080	0.1862	0.1849	0.0013	0.0102	0.0036	0.0066	0.0003	0.0003	0.0000	0.0001	0.0001	0.0000	0.0002	0.0002	0.0000	0.9313	0.6085	0.3227	0.3681	0.3031	0.0651	0.5631	0.3055	0.2577	0.0109	0.0000	0.8813	0.0082	0.0000	49.5823	0.0800	0.0000	0.3692	0.2109	0.3097	0.0247	0.5058	0.6100	0.0203	0.0182	0.0117	0.0258
40	84	0.1563	4	0	0	1	0	0	0	0	0	N	N	N	N	N	N	N	N	N	N	N	N	1.2486	0.2536	4.7647	0.7818	0.3418	12.9884	2.1754	0.0000	3.9603	0.0947	0.0189	0.3743	0.0870	0.0399	1.0097	0.0996	0.0000	0.3119	0.0758	0.0746	0.0786	0.1112	0.1166	0.0777	0.0458	0.0172	0.0788	5.3645	0.4844	0.0000	-0.0099	0.0009	0.9441	7.7842	14.0836	0.0000	0.0000	0.0000	0.0000	0.0000	0.0000	0.0000	0.0000	0.0000	0.0506	0.0341	0.0165	0.0341	0.0308	0.0033	0.0166	0.0033	0.0132	0.0001	0.0000	0.0000	0.0000	0.0000	0.0000	0.0000	0.0000	0.0000	0.6680	0.4576	0.2104	0.3064	0.2640	0.0424	0.3616	0.1936	0.1680	1.2486	0.2536	4.7647	0.7818	0.3418	12.9884	2.1754	0.0000	3.9603	0.0758	0.0746	0.0786	0.1112	0.1166	0.0777	0.0458	0.0172	0.0788
40	85	0.4385	7	0	0	1	0	0	0	0	0	N	N	N	N	N	N	N	N	N	N	N	N	1.1317	12.7622	0.0019	6.2042	15.9363	0.0047	0.1408	6.9844	0.0016	0.5155	0.6270	0.0026	0.8568	1.0260	0.0022	0.1194	0.1474	0.0030	0.4555	0.0491	1.3962	0.1381	0.0644	0.4702	0.8477	0.0211	1.8579	0.0009	12.2779	-0.0000	0.1785	0.0009	15.0008	7.7842	28.2980	0.0005	0.0005	0.0000	0.0004	0.0004	0.0000	0.0001	0.0000	0.0000	0.4423	0.0333	0.4090	0.0741	0.0283	0.0458	0.3682	0.0050	0.3632	0.0009	0.0007	0.0002	0.0005	0.0004	0.0001	0.0004	0.0003	0.0001	0.9709	0.6780	0.2929	0.5366	0.4391	0.0975	0.4343	0.2389	0.1955	1.1317	12.7622	0.0019	6.2042	15.9363	0.0047	0.1408	6.9844	0.0016	0.4555	0.0491	1.3962	0.1381	0.0644	0.4702	0.8477	0.0211	1.8579
40	86	0.4385	7	0	0	1	0	0	0	0	0	N	N	N	N	N	N	N	N	N	N	N	N	0.8711	10.5438	0.0017	4.8725	12.9885	0.0039	0.0097	0.6313	0.0017	0.4140	0.5265	0.0026	0.6891	0.8599	0.0020	0.0090	0.0107	0.0034	0.4753	0.0499	1.5236	0.1414	0.0662	0.5139	0.9221	0.0170	2.0282	0.0014	12.3806	-0.0000	0.1790	0.0009	10.8154	7.7842	27.4443	0.0003	0.0003	0.0000	0.0003	0.0003	0.0000	0.0000	0.0000	0.0000	0.4428	0.0331	0.4097	0.0754	0.0294	0.0460	0.3674	0.0037	0.3637	0.0008	0.0006	0.0002	0.0004	0.0004	0.0001	0.0003	0.0002	0.0001	0.9317	0.6628	0.2689	0.5332	0.4436	0.0896	0.3985	0.2191	0.1793	0.8711	10.5438	0.0017	4.8725	12.9885	0.0039	0.0097	0.6313	0.0017	0.4753	0.0499	1.5236	0.1414	0.0662	0.5139	0.9221	0.0170	2.0282
40	87	0.3907	6	0	0	1	0	0	0	0	0	N	N	N	N	N	N	N	N	N	N	N	N	0.6277	1.6881	0.2854	1.7378	1.8189	1.3621	0.0901	0.5530	0.1155	0.4704	0.4335	0.5776	0.6781	0.6478	0.7805	0.1128	0.0242	0.3156	0.7494	0.2568	2.0240	0.3902	0.3562	0.5730	1.2525	0.0437	2.7338	0.4583	3.0461	0.0001	0.2255	0.0009	2.7608	7.7842	22.4044	0.0003	0.0002	0.0001	0.0002	0.0002	0.0001	0.0000	0.0000	0.0000	0.9732	0.2405	0.7326	0.2956	0.2275	0.0681	0.6775	0.0130	0.6645	0.0005	0.0004	0.0001	0.0003	0.0003	0.0001	0.0002	0.0001	0.0001	1.2986	0.9366	0.3620	0.7577	0.6388	0.1189	0.5409	0.2979	0.2431	0.6277	1.6881	0.2854	1.7378	1.8189	1.3621	0.0901	0.5530	0.1155	0.7494	0.2568	2.0240	0.3902	0.3562	0.5730	1.2525	0.0437	2.7338
40	88	0.2609	5	0	0	1	0	0	0	0	0	N	N	N	N	N	N	N	N	N	N	N	N	0.2479	0.3958	0.0664	1.3922	1.4879	0.7442	0.0045	0.0005	0.0178	0.4379	0.4742	0.1945	1.1578	1.1830	0.7838	0.0116	0.0008	0.0643	1.7663	1.1980	2.9282	0.8316	0.7951	1.0532	2.5726	1.7161	3.6077	0.0612	1.1955	-0.0000	0.0492	0.0009	8.8820	7.7842	49.9570	0.0002	0.0001	0.0000	0.0001	0.0001	0.0000	0.0000	0.0000	0.0000	2.0983	0.9557	1.1426	0.4576	0.3568	0.1007	1.6407	0.5989	1.0418	0.0003	0.0003	0.0000	0.0001	0.0001	0.0000	0.0002	0.0002	0.0000	1.1880	0.7978	0.3902	0.5502	0.4488	0.1014	0.6378	0.3490	0.2888	0.2479	0.3958	0.0664	1.3922	1.4879	0.7891	0.0045	0.0005	0.0178	1.7663	1.1980	2.9282	0.8316	0.7951	0.9932	2.5726	1.7161	3.6077
40	89	0.0735	2	1	1	1	1	0	0	0	0	N	N	N	N	N	N	N	N	N	N	N	N	11.8372	0.0000	11.5811	27.2197	0.0000	31.9770	9.4249	7.4422	0.7170	0.0000	2.0669	0.5527	0.0000	3.2257	0.9675	0.0000	1.5744	0.0606	0.0003	0.1785	0.0203	0.0004	0.1009	0.1026	0.0000	0.2116	inf	351.3190	0.0003	0.0097	0.0009	0.7962	7.7842	16.9291	0.0003	0.0000	0.0003	0.0002	0.0000	0.0002	0.0002	0.0000	0.0002	0.0204	0.0001	0.0204	0.0035	0.0001	0.0034	0.0169	0.0000	0.0169	0.0005	0.0003	0.0002	0.0003	0.0002	0.0000	0.0002	0.0001	0.0001	0.3374	0.2232	0.1142	0.1724	0.1383	0.0341	0.1650	0.0849	0.0800	11.8372	0.0000	11.5811	27.2197	0.0000	31.9770	9.4249	0.0000	7.4422	0.0606	0.0003	0.1785	0.0203	0.0004	0.1009	0.1026	0.0000	0.2116	
40	90	0.1455	7	0	1	1	1	0	0	0	0	N	N	N	N	N	N	N	N	N	N	N	N	0.0000	0.0000	0.0000	0.0000	0.0000	0.0000	0.0000	0.0000	0.0000	0.0000	0.0000	0.0000	0.0000	0.0000	0.0000	0.0000	0.0000	0.0000	0.0000	0.0000	0.0009	0.0000	7.7842	0.0000	0.0000	0.0000	0.0000	0.0000	0.0000	0.0000	0.0000	0.0000	0.0000	0.0000	0.0000	0.0000	0.0000	0.0000	0.0000	0.0000	0.0000	0.0000	0.0000	0.0000	0.0000	0.0000	0.0000	0.0000	0.0000	0.0000	0.0000	0.0000	0.0000	0.0000	0.0000	0.0000	0.0000	0.0000	0.0000	0.0000	0.0000	0.0000	0.0000	0.0000	0.0000	0.0000	0.0000	0.0000	0.0000	0.0000	0.0000	0.0000	0.0000	0.0000	0.0000	0.0000	0.0000	0.0000											
40	91	0.1348	6	0	1	1	1	0	0	0	0	N	N	N	N	N	N	N	N	N	N	N	N	0.0000	0.0000	0.0000	0.0000	0.0000	0.0000	0.0000	0.0000	0.0000	0.0000	0.0000	0.0000	0.0000	0.0000	0.0000	0.0000	0.0000	0.0000	0.0000	0.0000	0.0009	1.0000	7.7842	3.0000	0.0000	0.0000	0.0000	0.0000	0.0000	0.0000	0.0000	0.0000	0.0000	0.0000	0.0000	0.0000	0.0000	0.0000	0.0000	0.0000	0.0000	0.0000	0.0000	0.0000	0.0000	0.0000	0.0000	0.0000	0.0000	0.0000	0.0000	0.0681	0.0487	0.0194	0.0487	0.0389	0.0098	0.0194	0.0098	0.0096	0.0000	0.0000	0.0000	0.0000	0.0000	0.0000	0.0000	0.0000	0.0000	0.0000	0.0000	0.0000	0.0000	0.0000	0.0000	0.0000	0.0000	0.0000											
40	92	0.1283	4	0	1	1	0	0	0	0	0	N	N	N	N	N	N	N	N	N	N	N	N	0.0000	0.0000	0.0000	0.0000	0.0000	0.0000	0.0000	0.0000	0.0000	0.0000	0.0000	0.0000	0.0000	0.0000	0.0000	0.0000	0.0000	0.0000	0.0000	0.0000	0.0009	0.0000	7.7842	0.0000	0.0000	0.0000	0.0000	0.0000	0.0000	0.0000	0.0000	0.0000	0.0000	0.0000	0.0000	0.0000	0.0000	0.0000	0.0000	0.0000	0.0000	0.0000	0.0000	0.0000	0.0000	0.0000	0.0000	0.0000	0.0000	0.0000	0.0000	0.0000	0.0000	0.0000	0.0000	0.0000	0.0000	0.0000	0.0000	0.0000	0.0000	0.0000	0.0000	0.0000	0.0000	0.0000	0.0000	0.0000	0.0000	0.0000	0.0000	0.0000	0.0000	0.0000	0.0000	0.0000	0.0000	0.0000											
40	93	0.1348	6	0	0	2	1	0	0	0	0	N	N	Y	N	N	N	N	N	N	N	N	N	0.0000	0.0000	0.0000	0.0000	0.0000	0.0000	0.0000	0.0000	0.0000	0.0000	0.0000	0.0000	0.0000	0.0000	0.0000	0.0000	0.0000	0.0000	0.0000	0.0000	0.0009	0.0000	7.7842	0.0000	0.0000	0.0000	0.0000	0.0000	0.0000	0.0000	0.0000	0.0000	0.0000	0.0000	0.0000	0.0000	0.0000	0.0000	0.0000	0.0000	0.0000	0.0000	0.0000	0.0000	0.0000	0.0000	0.0000	0.0000	0.0000	0.0000	0.0000	0.0000	0.0000	0.0000	0.0000	0.0000	0.0000	0.0000	0.0000	0.0000	0.0000	0.0000	0.0000	0.0000	0.0000	0.0000	0.0000	0.0000	0.0000	0.0000	0.0000	0.0000	0.0000	0.0000	0.0000	0.0000	0.0000	0.0000											
40	94	0.1321	5	0	0	1	1	0	0	0	0	N	N	N	N	N	N	N	N	N	N	N	N	0.0000	0.0000	0.0000	0.0000	0.0000	0.0000	0.0000	0.0000	0.0000	0.0000	0.0000	0.0000	0.0000	0.0000	0.0000	0.0000	0.0000	0.0000	0.0000	0.0000	0.0000	0.0000	0.0000	0.0000	-0.0000	0.0009	1.0000	7.7842	0.0097	0.0000	0.0000	0.0000	0.0000	0.0000	0.0000	0.0000	0.0000	0.0000	0.0000	0.0000	0.0000	0.0000	0.0000	0.0000	0.0000	0.0000	0.0000	0.0000	0.0000	0.0000	0.0000	0.0000	0.0000	0.0000	0.0000	0.0000	0.0184	0.0130	0.0053	0.0130	0.0105	0.0026	0.0053	0.0025	0.0028	0.0000	0.0000	0.0000	0.0000	0.0000	0.0000	0.0000	0.0000	0.0000	0.0000	0.0000	0.0000	0.0000	0.0000	0.0000	0.0000	0.0000	0.0000						
40	95	0.1321	5	0	0	2	1	0	0	0	0	N	N	Y	N	N	N	N	N	N	N	N	N	0.0000	0.0000	0.0000	0.0000	0.0000	0.0000	0.0000	0.0000	0.0000	0.0000	0.0000	0.0000	0.0000	0.0000	0.0000	0.0000	0.0000	0.0000	0.0000	0.0000	0.0000	0.0000	0.0000	0.0000	-0.0000	0.0009	2.0000	7.7842	3.0050	0.0000	0.0000	0.0000	0.0000	0.0000	0.0000	0.0000	0.0000	0.0000	0.0000	0.0000	0.0000	0.0000	0.0000	0.0000	0.0000	0.0000	0.0000	0.0001	0.0000	0.0000	0.0000	0.0000	0.0000	0.0000	0.0000	0.0000	0.0848	0.0606	0.0243	0.0604	0.0483	0.0121	0.0244	0.0122	0.0122	0.0000	0.0000	0.0000	0.0000	0.0000	0.0000	0.0000	0.0000	0.0000	0.0000	0.0000	0.0000	0.0000	0.0000	0.0000	0.0000	0.0000	0.0000						
40	96	0.1321	5	0	0	2	1	0	0	0	0	N	N	Y	N	N	N	N	N	N	N	N	N	0.0000	0.0000	0.0000	0.0000	0.0000	0.0000	0.0000	0.0000	0.0000	0.0000	0.0000	0.0000	0.0000	0.0001	0.0000	0.0003	0.0000	0.0000	0.0000	0.0003	0.0000	0.0006	inf	0.0000	0.0000	0.0009	0.0000	7.7842	6.9903	0.0000	0.0000	0.0000	0.0000	0.0000	0.0000	0.0000	0.0000	0.0000	0.0000	0.0000	0.0000	0.0000	0.0000	0.0000	0.0000	0.0000	0.0000	0.0000	0.0000	0.0000	0.0000	0.0000	0.0000	0.0000	0.0000	0.0000	0.1158	0.0826	0.0331	0.0822	0.0658	0.0165	0.0335	0.0169	0.0167	0.0000	0.0000	0.0000	0.0000	0.0000	0.0000	0.0000	0.0000	0.0000	0.0001	0.0000	0.0003	0.0000	0.0000	0.0000	0.0003	0.0000	0.0006						
40	97	0.1266	4	0	0	1	1	0	0	0	0	N	N	N	N	N	N	N	N	N	N	N	N	0.0000	0.0000	0.0000	0.0000	0.0000	0.0000	0.0000	0.0000	0.0000	0.0000	0.0000	0.0000	0.0000	0.0000	0.0000	0.0000	0.0000	0.0000	0.0000	0.0000	0.0000	0.0000	0.0000	0.0000	0.0000	0.0000	9.7485	0.0000	0.0000	0.0009	0.9999	7.7842	1.0605	0.0000	0.0000	0.0000	0.0000	0.0000	0.0000	0.0000	0.0000	0.0000	0.0000	0.0000	0.0000	0.0000	0.0000	0.0000	0.0000	0.0000	0.0000	0.0001	0.0001	0.0000	0.0001	0.0001	0.0000	0.0000	0.0000	0.0000	0.0387	0.0276	0.0111	0.0267	0.0216	0.0051	0.0120	0.0060	0.0060	0.0000	0.0000	0.0000	0.0000	0.0000	0.0000	0.0000	0.0000	0.0000	0.0000	0.0000	0.0000	0.0000	0.0000	0.0000	0.0000	0.0000	0.0000		
40	98	0.1245	3	0	0	1	1	0	0	0	0	N	N	N	N	N	N	N	N	N	N	N	N	2563.0328	6806.5505	534.7354	2969.2793	4995.1149	570.0843	2082.8374	56200.6535	523.5972	0.2542	0.2744	0.1341	0.2402	0.2541	0.1235	0.2853	0.3264	0.1452	0.0001	0.0000	0.0003	0.0001	0.0001	0.0002	0.0001	0.0000	0.0003	0.0824	2.4148	-0.0000	0.0000	0.0009	0.0012	7.7842	1.0414	0.0000	0.0000	0.0000	0.0000	0.0000	0.0000	0.0000	0.0000	0.0000	0.0000	0.0000	0.0000	0.0000	0.0000	0.0000	0.0000	0.0000	0.0000	0.0000	0.0000	0.0000	0.0000	0.0000	0.0000	0.0000	0.0000	0.0000	0.0214	0.0154	0.0060	0.0144	0.0118	0.0026	0.0070	0.0036	0.0034	2563.0328	6806.5505	534.7354	2969.2793	4995.1149	570.0843	2082.8374	56200.6535	523.5972	0.0001	0.0000	0.0003	0.0001	0.0001	0.0002	0.0001	0.0000	0.0003
40	99	0.0735	2	1	1	1	0	0	0	0	0	N	N	N	N	N	N	N	N	N	N	N	N	14.6055	43.6308	0.0000	58.0967	231.0128	0.0000	0.0000	0.0000	0.0000	0.3166	0.4351	0.0000	0.5441	0.6337	0.0000	0.0000	0.0000	0.0000	0.0217	0.0100	0.0447	0.0094	0.0027	0.0365	0.0346	0.0218	0.0482	0.0000	2.2788	-0.0000	0.0010	0.0009	3.2042	7.7842	9.0918	0.0002	0.0002	0.0000	0.0002	0.0002	0.0000	0.0000	0.0000	0.0000	0.0060	0.0018	0.0042	0.0013	0.0003	0.0010	0.0046	0.0015	0.0031	0.0006	0.0004	0.0002	0.0004	0.0003	0.0001	0.0003	0.0001	0.0001	0.2754	0.1826	0.0928	0.1411	0.1134	0.0276	0.1344	0.0692	0.0652	14.6055	43.6308	0.0000	58.0967	231.0128	0.0000	0.0000	0.0000	0.0000	0.0217	0.0100	0.0447	0.0094	0.0027	0.0365	0.0346	0.0218	0.0482
40	100	0.0735	2	0	1	1	0	0	0	0	0	N	N	N	N	N	N	N	N	N	N	N	N	17.4057	0.0000	16.9382	19.5778	0.0000	22.5318	17.6449	13.9196	0.7170	0.0000	2.0669	0.5527	0.0000	3.2257	0.9675	0.0000	1.5744	0.0412	0.0003	0.1220	0.0282	0.0005	0.1432	0.0548	0.0000	0.1131	inf	205.9718	0.0003	0.0047	0.0009	0.7962	7.7842	10.9291	0.0003	0.0000	0.0003	0.0002	0.0000	0.0002	0.0002	0.0000	0.0002	0.0099	0.0000	0.0099	0.0035	0.0000	0.0034	0.0064	0.0000	0.0064	0.0005	0.0003	0.0002	0.0003	0.0002	0.0000	0.0002	0.0001	0.0001	0.2412	0.1602	0.0810	0.1236	0.0996	0.0240	0.1175	0.0606	0.0570	17.4057	0.0000	16.9382	19.5778	0.0000	22.5318	17.6449	0.0000	13.9196	0.0412	0.0003	0.1220	0.0282	0.0005	0.1432	0.0548	0.0000	0.1131	
40	101	0.1314	5	1	1	1	0	0	0	0	0	N	N	N	N	N	N	N	N	N	N	N	N	0.0000	0.0000	0.0000	0.0000	0.0000	0.0000	0.0000	0.0000	0.0000	0.0000	0.0000	0.0000	0.0000	0.0000	0.0000	0.0000	0.0000	0.0000	0.0000	0.0000	0.0009	0.0000	7.7842	3.0000	0.0000	0.0000	0.0000	0.0000	0.0000	0.0000	0.0000	0.0000	0.0000	0.0000	0.0000	0.0000	0.0000	0.0000	0.0000	0.0000	0.0000	0.0000	0.0000	0.0000	0.0000	0.0000	0.0000	0.0000	0.0000	0.0000	0.0000	0.0514	0.0362	0.0152	0.0361	0.0288	0.0072	0.0154	0.0074	0.0079	0.0000	0.0000	0.0000	0.0000	0.0000	0.0000	0.0000	0.0000	0.0000	0.0000	0.0000	0.0000	0.0000	0.0000	0.0000	0.0000	0.0000	0.0000											
40	102	0.1283	4	1	1	1	0	0	0	0	0	N	N	N	N	N	N	N	N	N	N	N	N	0.0000	0.0000	0.0000	0.0000	0.0000	0.0000	0.0000	0.0000	0.0000	0.0000	0.0000	0.0000	0.0000	0.0000	0.0000	0.0000	0.0000	0.0000	0.0000	0.0000	0.0009	0.0000	7.7842	1.0000	0.0000	0.0000	0.0000	0.0000	0.0000	0.0000	0.0000	0.0000	0.0000	0.0000	0.0000	0.0000	0.0000	0.0000	0.0000	0.0000	0.0000	0.0000	0.0000	0.0000	0.0000	0.0000	0.0000	0.0000	0.0000	0.0000	0.0000	0.0178	0.0126	0.0053	0.0125	0.0100	0.0025	0.0053	0.0025	0.0027	0.0000	0.0000	0.0000	0.0000	0.0000	0.0000	0.0000	0.0000	0.0000	0.0000	0.0000	0.0000	0.0000	0.0000	0.0000	0.0000	0.0000	0.0000											
40	103	0.1245	3	0	1	1	0	0	0	0	0	N	N	N	N	N	N	N	N	N	N	N	N	1503.9183	6206.5335	0.0000	2713.6793	6407.9333	0.0000	217.2727	6822.2295	0.0000	0.1301	0.1566	0.0000	0.1747	0.1998	0.0000	0.0287	0.0393	0.0000	0.0001	0.0000	0.0002	0.0001	0.0000	0.0002	0.0001	0.0000	0.0003	0.0000	3.7616	-0.0000	0.0000	0.0009	0.0006	7.7842	1.0534	0.0000	0.0000	0.0000	0.0000	0.0000	0.0000	0.0000	0.0000	0.0000	0.0000	0.0000	0.0000	0.0000	0.0000	0.0000	0.0000	0.0000	0.0000	0.0000	0.0000	0.0000	0.0000	0.0000	0.0000	0.0000	0.0000	0.0000	0.0216	0.0155	0.0060	0.0145	0.0119	0.0026	0.0070	0.0036	0.0034	1503.9183	6206.5335	0.0000	2713.6793	6407.9333	0.0000	217.2727	6822.2295	0.0000	0.0001	0.0000	0.0002	0.0001	0.0000	0.0002	0.0001	0.0000	0.0003
40	104	0.0735	2	0	0	1	0	0	0	0	0	N	N	N	N	N	N	N	N	N	N	N	N	21.0533	320.7047	0.0012	67.3757	316.2569	0.0023	0.0015	6.6817	0.0008	0.2579	0.3271	0.0000	0.4607	0.5206	0.0001	0.0000	0.0000	0.0000	0.0123	0.0010	0.0342	0.0068	0.0016	0.0278	0.0179	0.0000	0.0369	0.0000	17.1657	-0.0000	0.0019	0.0009	7.2034	7.7842	9.9858	0.0002	0.0002	0.0000	0.0002	0.0002	0.0000	0.0000	0.0000	0.0000	0.0044	0.0002	0.0041	0.0013	0.0002	0.0010	0.0031	0.0000	0.0031	0.0008	0.0006	0.0002	0.0004	0.0004	0.0001	0.0003	0.0002	0.0001	0.3584	0.2369	0.1214	0.1830	0.1466	0.0363	0.1754	0.0903	0.0851	21.0533	320.7047	0.0012	67.3757	316.2569	0.0023	0.0015	6.6817	0.0008	0.0123	0.0010	0.0342	0.0068	0.0016	0.0278	0.0179	0.0000	0.0369
40	109	0.3432	6	0	0	1	0	0	0	0	0	N	N	N	N	N	N	N	N	N	N	N	N	0.0054	0.0000	0.0179	0.0127	0.0000	0.1013	0.0019	0.0000	0.0057	0.0093	0.0000	0.0838	0.0208	0.0000	0.9638	0.0035	0.0000	0.0222	1.7374	0.2713	4.6713	1.6356	0.4697	9.5141	1.8247	0.0077	3.8898	inf	8.6025	0.0000	0.6664	0.0009	7.7801	7.7842	32.2209	0.0000	0.0000	0.0000	0.0000	0.0000	0.0000	0.0000	0.0000	0.0000	1.7780	0.1852	1.5928	0.7730	0.1829	0.5901	1.0050	0.0023	1.0027	0.0003	0.0002	0.0000	0.0001	0.0001	0.0000	0.0002	0.0002	0.0000	1.0234	0.6824	0.3410	0.4726	0.3894	0.0832	0.5508	0.2930	0.2578	0.0054	0.0000	0.0179	0.0127	0.0000	0.1359	0.0019	0.0000	0.0057	1.7374	0.2713	4.6713	1.6356	0.4697	7.0928	1.8247	0.0077	3.8898
41	42	0.1255	2	0	1	0	0	0	0	0	0	N	N	N	N	N	N	N	N	N	N	N	N	0.3776	0.0590	0.4580	6.3970	0.5963	1.0204	0.0000	0.0000	0.0000	0.4994	0.0003	2.6292	0.8638	0.0005	3.2564	0.0000	0.0000	0.0000	1.3227	0.0047	5.7402	0.1350	0.0009	3.1914	2.5954	0.0111	6.3005	2246.4715	368.3124	0.0000	0.0001	1.7959	0.0003	20.1034	0.0002	0.0000	0.0000	0.0000	0.0000	0.0000	0.0000	0.0000	0.0000	0.0000	0.0002	0.0000	0.0002	0.0000	0.0000	0.0000	0.0002	0.0000	0.0002	0.0000	0.0000	0.0000	0.0000	0.0000	0.0000	0.0000	0.0000	0.0000	0.0001	0.0001	0.0000	0.0001	0.0001	0.0000	0.0001	0.0000	0.0000	0.3776	0.0590	0.4580	6.3970	0.5963	1.4755	0.0000	0.0000	0.0000	1.3227	0.0047	5.7402	0.1350	0.0009	2.2070	2.5954	0.0111	6.3005
41	43	0.0815	2	1	1	1	0	0	0	0	0	N	N	N	N	N	N	N	N	N	N	N	N	0.0000	0.0000	0.0000	0.0000	0.0000	0.0000	0.0000	0.0000	0.0000	0.0000	0.0000	0.0000	0.0000	0.0000	0.0000	0.0000	0.0000	0.0000	0.0000	0.0000	1.7959	0.0000	20.1034	2.0000	0.0000	0.0000	0.0000	0.0000	0.0000	0.0000	0.0000	0.0000	0.0000	0.0000	0.0000	0.0000	0.0000	0.0000	0.0000	0.0000	0.0000	0.0000	0.0000	0.0000	0.0000	0.0000	0.0000	0.0000	0.0000	0.0000	0.0000	0.0934	0.0545	0.0389	0.0183	0.0140	0.0043	0.0751	0.0406	0.0346	0.0000	0.0000	0.0000	0.0000	0.0000	0.0000	0.0000	0.0000	0.0000	0.0000	0.0000	0.0000	0.0000	0.0000	0.0000	0.0000	0.0000	0.0000											
41	44	0.0815	2	1	1	1	0	0	0	0	0	N	N	N	N	N	N	N	N	N	N	N	N	0.0000	0.0000	0.0000	0.0000	0.0000	0.0000	0.0000	0.0000	0.0000	0.0000	0.0000	0.0000	0.0000	0.0000	0.0000	0.0000	0.0000	0.0000	0.0000	0.0000	1.7959	0.0000	20.1034	0.0000	0.0000	0.0000	0.0000	0.0000	0.0000	0.0000	0.0000	0.0000	0.0000	0.0000	0.0000	0.0000	0.0000	0.0000	0.0000	0.0000	0.0000	0.0000	0.0000	0.0000	0.0000	0.0000	0.0000	0.0000	0.0000	0.0000	0.0000	0.0000	0.0000	0.0000	0.0000	0.0000	0.0000	0.0000	0.0000	0.0000	0.0000	0.0000	0.0000	0.0000	0.0000	0.0000	0.0000	0.0000	0.0000	0.0000	0.0000	0.0000	0.0000	0.0000	0.0000	0.0000	0.0000	0.0000											
41	48	0.1340	2	0	0	0	1	0	0	0	0	N	N	N	N	N	N	N	N	N	N	N	N	1.2998	0.0008	5.3136	1.1042	0.0008	18.2553	1.8210	0.0166	3.1438	0.3671	0.0002	1.6494	0.4386	0.0003	3.1470	0.3165	0.0001	1.1249	0.2824	0.2687	0.3104	0.3972	0.4443	0.1724	0.1738	0.0060	0.3578	2245.8865	0.5672	0.0001	-0.0066	1.7959	0.0037	20.1034	3.0208	0.0001	0.0000	0.0001	0.0000	0.0000	0.0000	0.0000	0.0000	0.0000	0.0415	0.0265	0.0150	0.0284	0.0263	0.0021	0.0131	0.0002	0.0129	0.0003	0.0002	0.0001	0.0001	0.0001	0.0000	0.0002	0.0001	0.0000	0.1471	0.0986	0.0484	0.0715	0.0591	0.0124	0.0756	0.0395	0.0360	1.2998	0.0008	5.3136	1.1042	0.0008	18.2553	1.8210	0.0166	3.1438	0.2824	0.2687	0.3104	0.3972	0.4443	0.1724	0.1738	0.0060	0.3578
41	50	0.0905	2	0	1	1	0	0	0	0	0	N	N	N	N	N	N	N	N	N	N	N	N	0.0169	0.0108	0.0022	0.0038	0.0034	0.0003	0.1279	0.0661	0.0162	0.0013	0.0015	0.0000	0.0008	0.0009	0.0000	0.0021	0.0023	0.0000	0.0792	0.1360	0.0004	0.2123	0.2570	0.0027	0.0164	0.0350	0.0001	0.0001	0.0023	-0.0000	-0.0050	1.7959	1.4428	20.1034	0.4686	0.0002	0.0002	0.0000	0.0001	0.0001	0.0000	0.0001	0.0001	0.0000	0.0097	0.0097	0.0000	0.0083	0.0083	0.0000	0.0014	0.0014	0.0000	0.1245	0.1133	0.0112	0.0726	0.0663	0.0062	0.0519	0.0470	0.0050	0.1225	0.0712	0.0513	0.0393	0.0324	0.0069	0.0832	0.0388	0.0444	0.0169	0.0108	0.0022	0.0038	0.0034	0.0003	0.1279	0.0661	0.0162	0.0792	0.1360	0.0004	0.2123	0.2570	0.0027	0.0164	0.0350	0.0001
41	52	0.0781	2	1	0	1	0	0	0	0	0	N	N	N	N	N	N	N	N	N	N	N	N	0.1550	0.0855	2.2070	0.0393	0.0390	1.7085	0.5048	2.8643	1.7683	0.0146	0.0159	0.0000	0.0396	0.0407	0.0001	0.0000	0.0000	0.0000	0.0944	0.1860	0.0000	1.0062	1.0437	0.0001	0.0000	0.0000	0.0000	0.0002	0.0001	-0.0001	-0.0137	1.7959	0.9976	20.1034	4.7732	0.0009	0.0009	0.0000	0.0009	0.0009	0.0000	0.0000	0.0000	0.0000	0.0263	0.0263	0.0000	0.0263	0.0263	0.0000	0.0000	0.0000	0.0000	0.0586	0.0539	0.0047	0.0217	0.0211	0.0006	0.0369	0.0329	0.0041	0.2782	0.1412	0.1370	0.0261	0.0252	0.0009	0.2521	0.1161	0.1361	0.1550	0.0855	2.2070	0.0393	0.0390	1.7085	0.5048	2.8643	1.7683	0.0944	0.1860	0.0000	1.0062	1.0437	0.0001	0.0000	0.0000	0.0000
41	55	0.0768	2	0	1	0	0	0	0	0	0	N	N	N	N	N	N	N	N	N	N	N	N	0.3045	0.0002	2.6622	6.5283	0.0204	14.1431	0.2813	0.0001	1.9282	0.6669	0.0005	1.8865	0.3554	0.0004	3.2056	1.0625	0.0007	1.6060	2.1903	3.0057	0.7086	0.0544	0.0190	0.2267	3.7774	6.6273	0.8329	2244.8739	0.1297	0.0018	-0.4434	1.7959	0.0041	20.1034	6.2745	0.0020	0.0000	0.0020	0.0006	0.0000	0.0006	0.0014	0.0000	0.0014	1.0915	0.9661	0.1253	0.0116	0.0033	0.0082	1.0799	0.9628	0.1171	0.0031	0.0020	0.0011	0.0017	0.0015	0.0002	0.0013	0.0005	0.0009	0.4983	0.3214	0.1769	0.2124	0.1762	0.0363	0.2859	0.1453	0.1406	0.3045	0.0002	2.6622	6.5283	0.0204	14.1431	0.2813	0.0001	1.9282	2.1903	3.0057	0.7086	0.0544	0.0190	0.2267	3.7774	6.6273	0.8329
41	56	0.1255	2	0	0	1	0	0	0	0	0	N	N	N	N	N	N	N	N	N	N	N	N	1.2683	0.9249	1.4919	3.5063	2.8613	1188749.7546	1.1170	1.5126	0.3449	1.4134	1.5721	0.0005	8.5505	8.6699	0.0162	0.0004	0.0005	0.0002	1.1144	1.6998	0.0004	2.4386	3.0301	0.0000	0.0004	0.0003	0.0005	0.0000	0.0001	-0.0761	-0.5031	1.7959	18.9997	20.1034	4.0000	0.7961	0.7961	0.0000	0.7959	0.7959	0.0000	0.0002	0.0002	0.0000	0.9658	0.9657	0.0001	0.9656	0.9656	0.0000	0.0002	0.0001	0.0001	0.5633	0.5064	0.0569	0.0931	0.0918	0.0013	0.4702	0.4146	0.0556	0.8666	0.5681	0.2985	0.3960	0.3187	0.0773	0.4706	0.2494	0.2212	1.2683	0.9249	1.4919	3.5063	2.8613	1188749.7546	1.1170	1.5126	0.3449	1.1144	1.6998	0.0004	2.4386	3.0301	0.0000	0.0004	0.0003	0.0005
41	58	0.0763	3	1	1	0	0	0	0	0	0	N	N	N	N	N	N	N	N	N	N	N	N	0.0093	1.4048	0.0000	0.5058	0.4965	1.4810	0.0000	6.2424	0.0000	0.0192	0.0209	0.0000	0.0420	0.0439	0.0001	0.0000	0.0000	0.0000	2.0606	0.0149	4.4184	0.0831	0.0883	0.0000	2.2700	0.0000	4.4732	0.0002	257.9421	-0.0001	0.4275	1.7959	0.9359	20.1034	8.5945	0.0013	0.0013	0.0000	0.0013	0.0013	0.0000	0.0000	0.0000	0.0000	0.8999	0.0035	0.8965	0.0035	0.0035	0.0000	0.8965	0.0000	0.8965	0.0656	0.0602	0.0054	0.0299	0.0287	0.0013	0.0357	0.0316	0.0041	0.4367	0.2338	0.2029	0.0418	0.0393	0.0025	0.3949	0.1945	0.2004	0.0093	1.4048	0.0000	0.5058	0.4965	1.4810	0.0000	6.2424	0.0000	2.0606	0.0149	4.4184	0.0831	0.0883	0.0000	2.2700	0.0000	4.4732
41	59	0.0736	2	0	1	0	0	0	0	0	0	N	N	N	N	N	N	N	N	N	N	N	N	0.1716	1.3399	0.1821	0.6463	0.6634	1.2471	0.1429	3.0894	0.2233	0.1487	0.1182	0.3639	0.1541	0.1620	0.0014	0.1436	0.0690	0.4510	0.8665	0.0882	1.9981	0.2384	0.2442	0.0011	1.0046	0.0223	2.0194	0.4364	15.5802	0.0005	0.0466	1.7959	0.1706	20.1034	1.8413	0.0025	0.0018	0.0008	0.0013	0.0013	0.0000	0.0013	0.0005	0.0008	0.1114	0.0067	0.1047	0.0055	0.0055	0.0000	0.1059	0.0012	0.1047	0.0170	0.0149	0.0021	0.0083	0.0079	0.0004	0.0087	0.0070	0.0017	0.1286	0.0762	0.0524	0.0232	0.0226	0.0006	0.1054	0.0536	0.0518	0.1716	1.3399	0.1821	0.6463	0.6634	1.2471	0.1429	3.0894	0.2233	0.8665	0.0882	1.9981	0.2384	0.2442	0.0011	1.0046	0.0223	2.0194
41	61	0.4486	8	0	0	0	0	0	0	0	0	N	N	N	N	N	N	N	N	N	N	N	N	0.0001	0.0000	0.0006	0.0015	0.0000	0.1500	0.0000	0.0000	0.0000	0.0002	0.0000	0.0021	0.0012	0.0000	0.0533	0.0000	0.0000	0.0000	1.5976	0.4809	3.7066	0.8394	0.9264	0.3552	2.0993	0.0054	4.4183	1828.4110	4.0812	0.0000	0.2842	1.7959	1.0140	20.1034	12.0537	0.0000	0.0000	0.0000	0.0000	0.0000	0.0000	0.0000	0.0000	0.0000	1.0074	0.1983	0.8092	0.2108	0.1972	0.0136	0.7967	0.0011	0.7956	0.0348	0.0309	0.0039	0.0065	0.0063	0.0001	0.0283	0.0246	0.0037	0.6306	0.4123	0.2183	0.2511	0.2129	0.0382	0.3795	0.1994	0.1801	0.0001	0.0000	0.0006	0.0015	0.0000	0.1500	0.0000	0.0000	0.0000	1.5976	0.4809	3.7066	0.8394	0.9264	0.3552	2.0993	0.0054	4.4183
41	62	0.3727	5	0	0	0	0	0	0	0	0	N	N	N	N	N	N	N	N	N	N	N	N	0.1341	0.0002	0.4764	0.4641	0.0003	1.3135	0.0024	0.0004	0.0101	0.2689	0.0001	2.1486	0.7718	0.0004	5.3664	0.0057	0.0000	0.0494	2.0061	0.8507	4.5104	1.6632	1.4010	4.0854	2.3293	0.0034	4.8831	2239.3480	2.4462	0.1846	0.9380	1.7959	22.0948	20.1034	64.3951	0.2042	0.0001	0.2041	0.2014	0.0001	0.2013	0.0028	0.0000	0.0028	4.9698	1.4421	3.5277	1.9990	1.4398	0.5591	2.9708	0.0023	2.9685	0.7594	0.6644	0.0950	0.2609	0.2234	0.0375	0.4984	0.4409	0.0575	2.4773	1.6952	0.7821	1.2019	1.0277	0.1742	1.2754	0.6675	0.6079	0.1341	0.0002	0.4764	0.4641	0.0003	1.6719	0.0024	0.0004	0.0101	2.0061	0.8507	4.5104	1.6632	1.4010	3.2098	2.3293	0.0034	4.8831
41	63	0.1658	4	0	0	0	0	0	0	0	0	N	N	N	N	N	N	N	N	N	N	N	N	0.0145	0.0000	0.0868	0.0352	0.0000	0.4917	0.0103	0.0000	0.0507	0.0139	0.0000	0.1237	0.0440	0.0000	1.5860	0.0077	0.0000	0.0591	0.9606	0.7232	1.4256	1.2496	1.0249	3.2257	0.7474	0.3404	1.1660	3805.1534	1.0062	0.0013	-0.0254	1.7959	3.0638	20.1034	18.8214	0.0014	0.0000	0.0014	0.0008	0.0000	0.0008	0.0007	0.0000	0.0007	1.3012	0.6486	0.6526	0.7186	0.5140	0.2046	0.5825	0.1346	0.4480	0.1029	0.0913	0.0116	0.0177	0.0172	0.0005	0.0852	0.0741	0.0111	1.3545	0.8968	0.4578	0.5751	0.5015	0.0736	0.7794	0.3952	0.3842	0.0145	0.0000	0.0868	0.0352	0.0000	0.5702	0.0103	0.0000	0.0507	0.9606	0.7232	1.4256	1.2496	1.0249	2.7816	0.7474	0.3404	1.1660
41	64	0.0768	2	1	1	1	0	0	0	0	0	N	N	N	N	N	N	N	N	N	N	N	N	0.2073	0.0003	0.7519	0.4476	0.0004	11.9035	0.1548	0.0093	0.4869	0.0554	0.0000	0.4183	0.0895	0.0001	2.3697	0.0477	0.0000	0.3100	0.2674	0.0990	0.5563	0.1999	0.2001	0.1991	0.3084	0.0014	0.6367	2244.8739	3.2761	0.0018	0.0400	1.7959	1.0029	20.1034	8.4685	0.0020	0.0000	0.0020	0.0006	0.0000	0.0006	0.0014	0.0000	0.0014	0.1633	0.0382	0.1251	0.0461	0.0379	0.0082	0.1171	0.0003	0.1169	0.0369	0.0320	0.0049	0.0068	0.0066	0.0003	0.0301	0.0254	0.0046	0.6107	0.3858	0.2249	0.2308	0.1895	0.0413	0.3799	0.1963	0.1836	0.2073	0.0003	0.7519	0.4476	0.0004	11.9035	0.1548	0.0093	0.4869	0.2674	0.0990	0.5563	0.1999	0.2001	0.1991	0.3084	0.0014	0.6367
41	66	0.4486	8	0	1	0	0	0	0	0	0	N	N	N	N	N	N	N	N	N	N	N	N	0.0003	0.0000	0.0184	0.0007	0.0000	0.2574	0.0000	0.0000	0.0000	0.0002	0.0000	0.0021	0.0012	0.0000	0.0534	0.0000	0.0000	0.0000	0.6813	0.9833	0.1125	1.6485	1.9095	0.2075	0.0445	0.0014	0.0922	1828.4110	0.0607	0.0000	-0.2042	1.7959	1.0110	20.1034	12.5479	0.0000	0.0000	0.0000	0.0000	0.0000	0.0000	0.0000	0.0000	0.0000	0.4402	0.4150	0.0252	0.4228	0.4147	0.0082	0.0173	0.0003	0.0170	0.0347	0.0308	0.0039	0.0065	0.0063	0.0001	0.0282	0.0245	0.0037	0.6461	0.4220	0.2241	0.2565	0.2172	0.0393	0.3896	0.2049	0.1847	0.0003	0.0000	0.0184	0.0007	0.0000	0.2574	0.0000	0.0000	0.0000	0.6813	0.9833	0.1125	1.6485	1.9095	0.2075	0.0445	0.0014	0.0922
41	67	0.4422	7	0	0	0	0	0	0	0	0	N	N	N	N	N	N	N	N	N	N	N	N	0.0001	0.0001	0.0006	0.0004	0.0002	0.0389	0.0000	0.0000	0.0000	0.0004	0.0003	0.0019	0.0024	0.0013	0.0497	0.0000	0.0000	0.0000	3.5213	3.7121	3.0915	5.3696	5.7221	1.2780	1.8669	0.2812	3.3595	0.8726	0.3697	0.0000	-0.2744	1.7959	0.9784	20.1034	1.5217	0.0000	0.0000	0.0000	0.0000	0.0000	0.0000	0.0000	0.0000	0.0000	1.0923	0.7975	0.2948	0.7867	0.7752	0.0115	0.3056	0.0223	0.2833	0.0336	0.0298	0.0037	0.0062	0.0061	0.0001	0.0274	0.0238	0.0036	0.3102	0.2148	0.0954	0.1465	0.1355	0.0110	0.1637	0.0794	0.0843	0.0001	0.0001	0.0006	0.0004	0.0002	0.0476	0.0000	0.0000	0.0000	3.5213	3.7121	3.0915	5.3696	5.7221	1.0455	1.8669	0.2812	3.3595
41	68	0.4120	6	0	0	0	0	0	0	0	0	N	N	N	N	N	N	N	N	N	N	N	N	0.0038	0.0002	0.0229	0.0172	0.0005	0.4157	0.0000	0.0000	0.0000	0.0067	0.0002	0.0575	0.0340	0.0010	1.0567	0.0000	0.0000	0.0000	1.7317	1.3472	2.5144	1.9748	2.0536	2.5420	1.5107	0.3069	2.8036	34.0353	0.9172	0.0002	-0.0472	1.7959	1.0531	20.1034	9.0748	0.0002	0.0000	0.0002	0.0002	0.0000	0.0002	0.0000	0.0000	0.0000	1.1050	0.5764	0.5287	0.6002	0.5233	0.0770	0.5048	0.0531	0.4517	0.0371	0.0329	0.0042	0.0073	0.0071	0.0002	0.0298	0.0259	0.0040	0.6381	0.4279	0.2103	0.3040	0.2548	0.0491	0.3342	0.1730	0.1611	0.0038	0.0002	0.0229	0.0172	0.0005	0.6747	0.0000	0.0000	0.0000	1.7317	1.3472	2.5144	1.9748	2.0536	1.5661	1.5107	0.3069	2.8036
41	71	0.1118	5	0	0	1	0	0	0	0	0	N	N	N	N	N	N	N	N	N	N	N	N	0.0000	0.0000	0.0000	0.0000	0.0000	0.0000	0.0000	0.0000	0.0000	0.0000	0.0000	0.0000	0.0000	0.0000	0.0000	0.0000	0.0000	0.0000	0.0027	0.0009	0.0058	0.0031	0.0018	0.0108	0.0024	0.0000	0.0049	3.4792	0.0000	0.0000	1.7959	1.0000	20.1034	0.0055	0.0000	0.0000	0.0000	0.0000	0.0000	0.0000	0.0000	0.0000	0.0000	0.0001	0.0000	0.0001	0.0000	0.0000	0.0000	0.0000	0.0000	0.0000	0.0150	0.0130	0.0020	0.0000	0.0000	0.0000	0.0150	0.0130	0.0020	0.0335	0.0214	0.0121	0.0127	0.0109	0.0018	0.0207	0.0105	0.0102	0.0000	0.0000	0.0000	0.0000	0.0000	0.0000	0.0000	0.0000	0.0000	0.0027	0.0009	0.0058	0.0031	0.0018	0.0108	0.0024	0.0000	0.0049	
41	72	0.1051	4	0	0	1	0	0	0	0	0	N	N	N	N	N	N	N	N	N	N	N	N	0.0000	0.0000	0.0000	0.0000	0.0000	0.0000	0.0000	0.0000	0.0000	0.0000	0.0000	0.0000	0.0000	0.0000	0.0000	0.0000	0.0000	0.0000	0.0828	0.0546	0.1357	0.0981	0.1034	0.0628	0.0731	0.0017	0.1482	1.3255	0.0000	0.0002	1.7959	0.0000	20.1034	1.0265	0.0000	0.0000	0.0000	0.0000	0.0000	0.0000	0.0000	0.0000	0.0000	0.0031	0.0013	0.0018	0.0014	0.0013	0.0001	0.0017	0.0000	0.0016	0.0000	0.0000	0.0000	0.0000	0.0000	0.0000	0.0000	0.0000	0.0000	0.0373	0.0243	0.0130	0.0145	0.0126	0.0019	0.0227	0.0116	0.0111	0.0000	0.0000	0.0000	0.0000	0.0000	0.0000	0.0000	0.0000	0.0000	0.0828	0.0546	0.1357	0.0981	0.1034	0.0628	0.0731	0.0017	0.1482	
41	73	0.0997	3	0	0	0	0	0	0	0	0	N	N	N	N	N	N	N	N	N	N	N	N	0.0065	0.0126	0.0000	0.0122	0.0132	0.0000	0.0000	0.0000	0.0000	0.0009	0.0013	0.0000	0.0016	0.0018	0.0000	0.0000	0.0000	0.0000	0.1441	0.1008	0.2346	0.1319	0.1367	0.0794	0.1573	0.0166	0.2587	0.0000	1.1134	-0.0000	0.0003	1.7959	0.0000	20.1034	1.0321	0.0000	0.0000	0.0000	0.0000	0.0000	0.0000	0.0000	0.0000	0.0000	0.0514	0.0243	0.0271	0.0244	0.0231	0.0012	0.0271	0.0012	0.0259	0.0214	0.0158	0.0057	0.0125	0.0110	0.0014	0.0090	0.0047	0.0043	0.3569	0.2414	0.1155	0.1849	0.1693	0.0155	0.1720	0.0720	0.1000	0.0065	0.0126	0.0000	0.0122	0.0132	0.0000	0.0000	0.0000	0.0000	0.1441	0.1008	0.2346	0.1319	0.1367	0.0794	0.1573	0.0166	0.2587
41	74	0.0769	2	0	0	0	0	0	0	0	0	N	N	N	N	N	N	N	N	N	N	N	N	0.2796	0.5460	0.2983	0.8119	0.7061	0.6386	0.1581	0.0254	0.2418	0.6846	0.3537	1.6243	0.9460	0.7093	3.1398	0.5063	0.0053	1.3534	2.4484	0.6478	5.4454	1.1652	1.0046	4.9168	3.2021	0.2087	5.5984	1.6172	5.0511	0.0169	0.6842	1.7959	0.5629	20.1034	8.5245	0.0323	0.0124	0.0200	0.0181	0.0123	0.0059	0.0142	0.0001	0.0141	2.1813	0.3605	1.8208	0.3841	0.3084	0.0757	1.7972	0.0521	1.7451	0.0472	0.0349	0.0123	0.0191	0.0173	0.0019	0.0281	0.0176	0.0104	0.8909	0.5565	0.3344	0.3296	0.3070	0.0227	0.5613	0.2495	0.3117	0.2796	0.5460	0.2983	0.8119	0.7061	0.9400	0.1581	0.0254	0.2418	2.4484	0.6478	5.4454	1.1652	1.0046	3.3401	3.2021	0.2087	5.5984
41	75	0.0939	3	0	1	0	0	0	0	0	0	N	N	N	N	N	N	N	N	N	N	N	N	0.0000	0.0000	0.0000	0.0000	0.0000	0.0000	0.0000	0.0000	0.0000	0.0000	0.0000	0.0000	0.0000	0.0000	0.0000	0.0000	0.0000	0.0000	0.1350	0.0516	0.3193	0.0401	0.0341	0.0868	0.1953	0.0691	0.3578	2.7990	0.0000	0.0076	1.7959	1.9994	20.1034	4.0943	0.0000	0.0000	0.0000	0.0000	0.0000	0.0000	0.0000	0.0000	0.0000	0.0353	0.0093	0.0260	0.0041	0.0031	0.0010	0.0312	0.0062	0.0250	0.0303	0.0264	0.0039	0.0000	0.0000	0.0000	0.0303	0.0264	0.0039	0.2614	0.1799	0.0814	0.1015	0.0900	0.0116	0.1598	0.0900	0.0698	0.0000	0.0000	0.0000	0.0000	0.0000	0.0000	0.0000	0.0000	0.0000	0.1350	0.0516	0.3193	0.0401	0.0341	0.0868	0.1953	0.0691	0.3578	
41	76	0.0876	2	0	0	0	0	0	0	0	0	N	N	N	N	N	N	N	N	N	N	N	N	0.0000	0.0000	0.0000	0.0000	0.0000	0.0000	0.0000	0.0000	0.0000	0.0000	0.0000	0.0000	0.0000	0.0000	0.0000	0.0000	0.0000	0.0000	2.8044	2.6371	3.1769	1.3617	1.3410	2.5418	3.8317	4.1980	3.4086	0.5410	0.0000	-0.0717	1.7959	0.0011	20.1034	2.7207	0.0000	0.0000	0.0000	0.0000	0.0000	0.0000	0.0000	0.0000	0.0000	0.4217	0.2736	0.1480	0.0852	0.0760	0.0091	0.3365	0.1976	0.1389	0.0000	0.0000	0.0000	0.0000	0.0000	0.0000	0.0000	0.0000	0.0000	0.1504	0.1038	0.0466	0.0625	0.0567	0.0058	0.0878	0.0471	0.0407	0.0000	0.0000	0.0000	0.0000	0.0000	0.0000	0.0000	0.0000	0.0000	2.8044	2.6371	3.1769	1.3617	1.3410	1.5630	3.8317	4.1980	3.4086	
41	78	0.0757	2	1	0	1	0	0	0	0	0	N	N	N	N	N	N	N	N	N	N	N	N	0.0894	0.0469	0.1919	0.0057	0.0054	0.0000	1.7265	37.4370	0.2624	0.0002	0.0002	0.0000	0.0003	0.0003	0.0000	0.0000	0.0000	0.0000	0.0019	0.0038	0.0000	0.0498	0.0547	0.0000	0.0000	0.0000	0.0000	0.0002	0.0007	-0.0000	-0.0001	1.7959	1.6246	20.1034	0.0115	0.0000	0.0000	0.0000	0.0000	0.0000	0.0000	0.0000	0.0000	0.0000	0.0001	0.0001	0.0000	0.0001	0.0001	0.0000	0.0000	0.0000	0.0000	0.1392	0.1305	0.0086	0.0819	0.0786	0.0033	0.0573	0.0520	0.0053	0.0730	0.0359	0.0371	0.0027	0.0025	0.0002	0.0702	0.0334	0.0369	0.0894	0.0469	0.1919	0.0057	0.0054	0.0000	1.7265	37.4370	0.2624	0.0019	0.0038	0.0000	0.0498	0.0547	0.0000	0.0000	0.0000	0.0000
41	83	0.1658	4	0	0	0	0	0	0	0	0	N	N	N	N	N	N	N	N	N	N	N	N	0.0030	0.0000	0.0185	0.0304	0.0000	0.2434	0.0012	0.0000	0.0087	0.0047	0.0000	0.0437	0.0150	0.0000	0.7811	0.0026	0.0000	0.0206	1.5519	1.1046	2.3639	0.4955	0.1864	3.2088	2.1787	2.0092	2.3604	3805.1534	1.1788	0.0013	0.0526	1.7959	10.0679	20.1034	33.8159	0.0014	0.0000	0.0014	0.0008	0.0000	0.0008	0.0007	0.0000	0.0007	2.6377	1.2106	1.4271	0.3136	0.1014	0.2122	2.3240	1.1092	1.2149	0.3068	0.2740	0.0328	0.0517	0.0507	0.0010	0.2551	0.2233	0.0318	1.6997	1.0960	0.6037	0.6329	0.5439	0.0890	1.0667	0.5520	0.5147	0.0030	0.0000	0.0185	0.0304	0.0000	0.3276	0.0012	0.0000	0.0087	1.5519	1.1046	2.3639	0.4955	0.1864	2.3840	2.1787	2.0092	2.3604
41	84	0.1382	3	0	0	0	0	0	0	0	0	N	N	N	N	N	N	N	N	N	N	N	N	0.1619	0.0277	0.7719	0.1709	0.0924	0.5032	0.1627	0.0000	0.7790	0.3377	0.0440	2.4033	0.3734	0.1847	2.8399	0.3273	0.0000	2.3391	2.0862	1.5912	3.1136	2.1853	1.9990	5.6434	2.0117	1.0481	3.0028	7.7647	0.9428	0.0099	-0.0976	1.7959	0.9441	20.1034	14.0836	0.0125	0.0014	0.0111	0.0031	0.0014	0.0017	0.0094	0.0000	0.0094	2.7265	1.4034	1.3232	1.2256	1.0069	0.2187	1.5009	0.3965	1.1044	0.0370	0.0324	0.0046	0.0083	0.0077	0.0006	0.0287	0.0247	0.0040	1.3069	0.8820	0.4250	0.5609	0.5037	0.0572	0.7461	0.3783	0.3678	0.1619	0.0277	0.7719	0.1709	0.0924	0.7421	0.1627	0.0000	0.7790	2.0862	1.5912	3.1136	2.1853	1.9990	3.8268	2.0117	1.0481	3.0028
41	85	0.4205	6	0	0	0	0	0	0	0	0	N	N	N	N	N	N	N	N	N	N	N	N	0.5038	0.8052	0.0013	1.6734	3.3429	0.0010	0.0055	0.0067	0.0001	0.9613	1.1077	0.0039	2.4076	2.8721	0.0077	0.0127	0.0143	0.0003	1.9082	1.3757	3.0737	1.4387	0.8592	8.0292	2.3294	2.1310	2.5521	0.0005	1.0207	-0.0630	-0.0500	1.7959	15.0008	20.1034	28.2980	0.6631	0.6627	0.0004	0.6577	0.6574	0.0003	0.0053	0.0053	0.0000	3.1329	1.5504	1.5825	1.1170	0.5750	0.5420	2.0158	0.9754	1.0405	0.6898	0.5983	0.0915	0.2732	0.2289	0.0443	0.4166	0.3694	0.0472	1.6418	1.1270	0.5148	0.7764	0.6693	0.1072	0.8654	0.4577	0.4077	0.5038	0.8052	0.0013	1.6734	3.3429	0.0015	0.0055	0.0067	0.0001	1.9082	1.3757	3.0737	1.4387	0.8592	5.0578	2.3294	2.1310	2.5521
41	86	0.4205	6	0	0	0	0	0	0	0	0	N	N	N	N	N	N	N	N	N	N	N	N	0.5528	0.9762	0.0020	0.8382	1.3159	0.0011	0.0199	20.6348	0.0005	0.8686	1.0259	0.0056	1.7598	2.1853	0.0083	0.0204	0.0228	0.0012	1.5713	1.0509	2.7952	2.0996	1.6607	7.3920	1.0218	0.0011	2.1546	0.0010	1.1311	-0.0418	0.0243	1.7959	10.8154	20.1034	27.4443	0.4422	0.4417	0.0004	0.4369	0.4365	0.0004	0.0053	0.0053	0.0000	2.5057	1.1758	1.3299	1.7070	1.1753	0.5317	0.7987	0.0005	0.7983	0.5090	0.4306	0.0785	0.2482	0.1997	0.0485	0.2608	0.2309	0.0299	1.5947	1.1189	0.4758	0.8130	0.7077	0.1053	0.7816	0.4112	0.3705	0.5528	0.9762	0.0020	0.8382	1.3159	0.0016	0.0199	20.6348	0.0005	1.5713	1.0509	2.7952	2.0996	1.6607	5.0492	1.0218	0.0011	2.1546
41	87	0.3727	5	0	0	0	0	0	0	0	0	N	N	N	N	N	N	N	N	N	N	N	N	0.7525	0.7773	0.9039	1.1643	1.1360	0.7895	0.0164	0.0166	0.0533	1.0767	0.8963	1.9218	1.7918	1.5804	2.5412	0.0212	0.0106	0.1061	1.4307	1.1532	2.1261	1.5389	1.3912	3.2186	1.2923	0.6418	1.9898	0.4576	0.7360	0.0787	-0.3324	1.7959	2.7608	20.1034	22.4044	0.3602	0.2471	0.1131	0.3574	0.2459	0.1115	0.0029	0.0013	0.0016	3.4219	1.9712	1.4507	2.0658	1.6227	0.4431	1.3561	0.3485	1.0076	0.3346	0.2757	0.0588	0.1994	0.1556	0.0439	0.1351	0.1202	0.0150	2.3917	1.7094	0.6823	1.3424	1.1664	0.1760	1.0493	0.5429	0.5064	0.7525	0.7773	0.9039	1.1643	1.1360	1.0091	0.0164	0.0166	0.0533	1.4307	1.1532	2.1261	1.5389	1.3912	2.5181	1.2923	0.6418	1.9898
41	88	0.2428	4	0	0	0	0	0	0	0	0	N	N	N	N	N	N	N	N	N	N	N	N	0.2702	0.3216	0.1137	0.8568	0.9427	0.2816	0.0020	0.0003	0.0102	0.7027	0.7472	0.3598	2.9147	2.9850	2.0767	0.0039	0.0004	0.0286	2.6009	2.3234	3.1661	3.4020	3.1664	7.3741	2.0104	1.3015	2.7990	0.0625	0.6691	-0.0080	-0.6800	1.7959	8.8820	20.1034	49.9570	0.2170	0.2042	0.0128	0.2160	0.2041	0.0119	0.0009	0.0001	0.0008	5.6568	3.3891	2.2677	3.1399	2.5310	0.6089	2.5169	0.8581	1.6588	0.3088	0.2733	0.0355	0.0741	0.0684	0.0057	0.2346	0.2049	0.0297	2.1749	1.4587	0.7162	0.9229	0.7993	0.1236	1.2520	0.6593	0.5926	0.2702	0.3216	0.1137	0.8568	0.9427	0.4216	0.0020	0.0003	0.0102	2.6009	2.3234	3.1661	3.4020	3.1664	4.9255	2.0104	1.3015	2.7990
41	90	0.1275	6	0	1	0	1	0	0	0	0	N	N	N	N	N	N	N	N	N	N	N	N	0.0000	0.0000	0.0000	0.0000	0.0000	0.0000	0.0000	0.0000	0.0000	0.0000	0.0000	0.0000	0.0000	0.0000	0.0000	0.0000	0.0000	0.0000	0.0000	0.0000	1.7959	0.0000	20.1034	0.0000	0.0000	0.0000	0.0000	0.0000	0.0000	0.0000	0.0000	0.0000	0.0000	0.0000	0.0000	0.0000	0.0000	0.0000	0.0000	0.0000	0.0000	0.0000	0.0000	0.0000	0.0000	0.0000	0.0000	0.0000	0.0000	0.0000	0.0000	0.0000	0.0000	0.0000	0.0000	0.0000	0.0000	0.0000	0.0000	0.0000	0.0000	0.0000	0.0000	0.0000	0.0000	0.0000	0.0000	0.0000	0.0000	0.0000	0.0000	0.0000	0.0000	0.0000	0.0000	0.0000	0.0000	0.0000											
41	91	0.1168	5	0	1	0	1	0	0	0	0	N	N	N	N	N	N	N	N	N	N	N	N	0.0000	0.0000	0.0000	0.0000	0.0000	0.0000	0.0000	0.0000	0.0000	0.0000	0.0000	0.0000	0.0000	0.0000	0.0000	0.0000	0.0000	0.0000	0.0000	0.0000	1.7959	1.0000	20.1034	3.0000	0.0000	0.0000	0.0000	0.0000	0.0000	0.0000	0.0000	0.0000	0.0000	0.0000	0.0000	0.0000	0.0000	0.0000	0.0000	0.0000	0.0000	0.0000	0.0288	0.0260	0.0028	0.0109	0.0102	0.0007	0.0179	0.0158	0.0021	0.1562	0.0781	0.0781	0.0163	0.0137	0.0026	0.1399	0.0644	0.0755	0.0000	0.0000	0.0000	0.0000	0.0000	0.0000	0.0000	0.0000	0.0000	0.0000	0.0000	0.0000	0.0000	0.0000	0.0000	0.0000	0.0000	0.0000											
41	92	0.1103	3	0	1	0	0	0	0	0	0	N	N	N	N	N	N	N	N	N	N	N	N	0.0000	0.0000	0.0000	0.0000	0.0000	0.0000	0.0000	0.0000	0.0000	0.0000	0.0000	0.0000	0.0000	0.0000	0.0000	0.0000	0.0000	0.0000	0.0000	0.0000	1.7959	0.0000	20.1034	0.0000	0.0000	0.0000	0.0000	0.0000	0.0000	0.0000	0.0000	0.0000	0.0000	0.0000	0.0000	0.0000	0.0000	0.0000	0.0000	0.0000	0.0000	0.0000	0.0000	0.0000	0.0000	0.0000	0.0000	0.0000	0.0000	0.0000	0.0000	0.0000	0.0000	0.0000	0.0000	0.0000	0.0000	0.0000	0.0000	0.0000	0.0000	0.0000	0.0000	0.0000	0.0000	0.0000	0.0000	0.0000	0.0000	0.0000	0.0000	0.0000	0.0000	0.0000	0.0000	0.0000	0.0000	0.0000											
41	93	0.1168	5	0	0	1	1	0	0	0	0	N	N	N	N	N	N	N	N	N	N	N	N	0.0000	0.0000	0.0000	0.0000	0.0000	0.0000	0.0000	0.0000	0.0000	0.0000	0.0000	0.0000	0.0000	0.0000	0.0000	0.0000	0.0000	0.0000	0.0000	0.0000	1.7959	0.0000	20.1034	0.0000	0.0000	0.0000	0.0000	0.0000	0.0000	0.0000	0.0000	0.0000	0.0000	0.0000	0.0000	0.0000	0.0000	0.0000	0.0000	0.0000	0.0000	0.0000	0.0000	0.0000	0.0000	0.0000	0.0000	0.0000	0.0000	0.0000	0.0000	0.0000	0.0000	0.0000	0.0000	0.0000	0.0000	0.0000	0.0000	0.0000	0.0000	0.0000	0.0000	0.0000	0.0000	0.0000	0.0000	0.0000	0.0000	0.0000	0.0000	0.0000	0.0000	0.0000	0.0000	0.0000	0.0000	0.0000											
41	94	0.1141	4	0	0	0	1	0	0	0	0	N	N	N	N	N	N	N	N	N	N	N	N	0.0000	0.0000	0.0000	0.0000	0.0000	0.0000	0.0000	0.0000	0.0000	0.0000	0.0000	0.0000	0.0000	0.0000	0.0000	0.0000	0.0000	0.0000	0.0000	0.0000	0.0000	0.0000	inf	0.0000	0.0000	1.7959	1.0000	20.1034	0.0097	0.0000	0.0000	0.0000	0.0000	0.0000	0.0000	0.0000	0.0000	0.0000	0.0000	0.0000	0.0000	0.0000	0.0000	0.0000	0.0000	0.0000	0.0000	0.0288	0.0260	0.0028	0.0109	0.0102	0.0007	0.0179	0.0158	0.0021	0.0424	0.0211	0.0213	0.0051	0.0044	0.0007	0.0373	0.0168	0.0206	0.0000	0.0000	0.0000	0.0000	0.0000	0.0000	0.0000	0.0000	0.0000	0.0000	0.0000	0.0000	0.0000	0.0000	0.0000	0.0000	0.0000	0.0000						
41	95	0.1141	4	0	0	1	1	0	0	0	0	N	N	N	N	N	N	N	N	N	N	N	N	0.0000	0.0000	0.0000	0.0000	0.0000	0.0000	0.0000	0.0000	0.0000	0.0000	0.0000	0.0000	0.0000	0.0000	0.0000	0.0000	0.0000	0.0000	0.0000	0.0000	0.0000	0.0000	inf	0.0000	0.0000	1.7959	2.0000	20.1034	3.0050	0.0000	0.0000	0.0000	0.0000	0.0000	0.0000	0.0000	0.0000	0.0000	0.0000	0.0000	0.0000	0.0000	0.0000	0.0000	0.0000	0.0000	0.0000	0.0568	0.0512	0.0056	0.0213	0.0200	0.0014	0.0355	0.0312	0.0042	0.1947	0.0975	0.0972	0.0208	0.0176	0.0033	0.1738	0.0799	0.0939	0.0000	0.0000	0.0000	0.0000	0.0000	0.0000	0.0000	0.0000	0.0000	0.0000	0.0000	0.0000	0.0000	0.0000	0.0000	0.0000	0.0000	0.0000						
41	96	0.1141	4	0	0	1	1	0	0	0	0	N	N	N	N	N	N	N	N	N	N	N	N	0.0000	0.0000	0.0000	0.0000	0.0000	0.0000	0.0000	0.0000	0.0000	0.0000	0.0000	0.0000	0.0000	0.0000	0.0001	0.0000	0.0004	0.0004	0.0000	0.0000	0.0000	0.0000	0.0000	0.0000	-0.0000	1.7959	0.0000	20.1034	6.9903	0.0000	0.0000	0.0000	0.0000	0.0000	0.0000	0.0000	0.0000	0.0000	0.0000	0.0000	0.0000	0.0000	0.0000	0.0000	0.0000	0.0000	0.0000	0.0000	0.0000	0.0000	0.0000	0.0000	0.0000	0.0000	0.0000	0.0000	0.2651	0.1331	0.1320	0.0280	0.0236	0.0044	0.2371	0.1095	0.1276	0.0000	0.0000	0.0000	0.0000	0.0000	0.0000	0.0000	0.0000	0.0000	0.0000	0.0001	0.0000	0.0004	0.0004	0.0000	0.0000	0.0000	0.0000						
41	97	0.1086	3	0	0	0	1	0	0	0	0	N	N	N	N	N	N	N	N	N	N	N	N	0.0000	0.0000	0.0000	0.0000	0.0000	0.0000	0.0000	0.0000	0.0000	0.0000	0.0000	0.0000	0.0000	0.0000	0.0000	0.0000	0.0000	0.0000	0.0004	0.0000	0.0009	0.0018	0.0001	0.0144	0.0002	0.0000	0.0005	30.3595	0.0000	0.0000	1.7959	0.9999	20.1034	1.0605	0.0000	0.0000	0.0000	0.0000	0.0000	0.0000	0.0000	0.0000	0.0000	0.0000	0.0000	0.0000	0.0000	0.0000	0.0000	0.0000	0.0000	0.0000	0.0622	0.0578	0.0044	0.0267	0.0257	0.0010	0.0355	0.0322	0.0033	0.0952	0.0501	0.0451	0.0120	0.0106	0.0014	0.0832	0.0395	0.0437	0.0000	0.0000	0.0000	0.0000	0.0000	0.0000	0.0000	0.0000	0.0000	0.0004	0.0000	0.0009	0.0018	0.0001	0.0144	0.0002	0.0000	0.0005	
41	98	0.1065	2	0	0	0	1	0	0	0	0	N	N	N	N	N	N	N	N	N	N	N	N	55.3597	142.7304	17.2590	14.7740	27.5170	0.0030	105.3751	44160.2640	32.6619	0.4737	0.5113	0.2520	0.3512	0.3838	0.0004	0.6112	0.6773	0.3653	0.0086	0.0036	0.0146	0.0238	0.0139	0.1300	0.0058	0.0000	0.0112	0.0835	3.3547	-0.0000	0.0001	1.7959	0.0012	20.1034	1.0414	0.0001	0.0001	0.0000	0.0000	0.0000	0.0000	0.0001	0.0000	0.0000	0.0005	0.0001	0.0004	0.0002	0.0001	0.0001	0.0003	0.0000	0.0003	0.0002	0.0002	0.0000	0.0001	0.0001	0.0000	0.0001	0.0001	0.0000	0.0531	0.0291	0.0240	0.0081	0.0075	0.0007	0.0449	0.0217	0.0233	55.3597	142.7304	17.2590	14.7740	27.5170	0.0030	105.3751	44160.2640	32.6619	0.0086	0.0036	0.0146	0.0238	0.0139	0.1300	0.0058	0.0000	0.0112
41	101	0.1134	4	1	1	0	0	0	0	0	0	N	N	N	N	N	N	N	N	N	N	N	N	0.0000	0.0000	0.0000	0.0000	0.0000	0.0000	0.0000	0.0000	0.0000	0.0000	0.0000	0.0000	0.0000	0.0000	0.0000	0.0000	0.0000	0.0000	0.0000	0.0000	1.7959	0.0000	20.1034	3.0000	0.0000	0.0000	0.0000	0.0000	0.0000	0.0000	0.0000	0.0000	0.0000	0.0000	0.0000	0.0000	0.0000	0.0000	0.0000	0.0000	0.0000	0.0000	0.0000	0.0000	0.0000	0.0000	0.0000	0.0000	0.0000	0.0000	0.0000	0.1251	0.0629	0.0622	0.0121	0.0101	0.0020	0.1130	0.0528	0.0602	0.0000	0.0000	0.0000	0.0000	0.0000	0.0000	0.0000	0.0000	0.0000	0.0000	0.0000	0.0000	0.0000	0.0000	0.0000	0.0000	0.0000	0.0000											
41	102	0.1103	3	1	1	0	0	0	0	0	0	N	N	N	N	N	N	N	N	N	N	N	N	0.0000	0.0000	0.0000	0.0000	0.0000	0.0000	0.0000	0.0000	0.0000	0.0000	0.0000	0.0000	0.0000	0.0000	0.0000	0.0000	0.0000	0.0000	0.0000	0.0000	1.7959	0.0000	20.1034	1.0000	0.0000	0.0000	0.0000	0.0000	0.0000	0.0000	0.0000	0.0000	0.0000	0.0000	0.0000	0.0000	0.0000	0.0000	0.0000	0.0000	0.0000	0.0000	0.0000	0.0000	0.0000	0.0000	0.0000	0.0000	0.0000	0.0000	0.0000	0.0434	0.0218	0.0216	0.0042	0.0035	0.0007	0.0392	0.0183	0.0210	0.0000	0.0000	0.0000	0.0000	0.0000	0.0000	0.0000	0.0000	0.0000	0.0000	0.0000	0.0000	0.0000	0.0000	0.0000	0.0000	0.0000	0.0000											
41	103	0.1065	2	0	1	0	0	0	0	0	0	N	N	N	N	N	N	N	N	N	N	N	N	30.3845	127.8161	0.0119	22.4979	54.4926	0.0023	0.0091	2.5880	0.0103	0.2342	0.2803	0.0002	0.4223	0.4663	0.0003	0.0001	0.0000	0.0001	0.0077	0.0022	0.0144	0.0188	0.0086	0.1286	0.0057	0.0000	0.0110	0.0001	5.4128	-0.0000	0.0001	1.7959	0.0006	20.1034	1.0534	0.0000	0.0000	0.0000	0.0000	0.0000	0.0000	0.0000	0.0000	0.0000	0.0004	0.0001	0.0003	0.0002	0.0001	0.0001	0.0003	0.0000	0.0003	0.0002	0.0001	0.0000	0.0001	0.0001	0.0000	0.0001	0.0001	0.0000	0.0536	0.0294	0.0242	0.0082	0.0075	0.0007	0.0454	0.0219	0.0235	30.3845	127.8161	0.0119	22.4979	54.4926	0.0023	0.0091	2.5880	0.0103	0.0077	0.0022	0.0144	0.0188	0.0086	0.1286	0.0057	0.0000	0.0110
41	109	0.3252	5	0	0	0	0	0	0	0	0	N	N	N	N	N	N	N	N	N	N	N	N	0.0093	0.0000	0.0605	0.0629	0.0000	0.7162	0.0001	0.0000	0.0007	0.0142	0.0000	0.1300	0.0683	0.0000	1.7086	0.0002	0.0000	0.0017	1.5310	1.2439	2.1484	1.0859	1.0169	2.3858	1.9306	1.5717	2.3350	2186.9016	0.8032	0.0032	-0.2077	1.7959	7.7801	20.1034	32.2209	0.0036	0.0000	0.0036	0.0035	0.0000	0.0035	0.0000	0.0000	0.0000	2.7464	1.5231	1.2234	0.9214	0.7357	0.1856	1.8251	0.7873	1.0377	0.2531	0.2255	0.0276	0.0519	0.0498	0.0021	0.2012	0.1756	0.0255	1.7939	1.2244	0.5694	0.8485	0.7235	0.1250	0.9454	0.5009	0.4444	0.0093	0.0000	0.0605	0.0629	0.0000	1.1506	0.0001	0.0000	0.0007	1.5310	1.2439	2.1484	1.0859	1.0169	1.4850	1.9306	1.5717	2.3350
42	43	0.0961	3	1	2	1	0	0	0	0	0	N	Y	N	N	N	N	N	N	N	N	N	N	0.0000	0.0000	0.0000	0.0000	0.0000	0.0000	0.0000	0.0000	0.0000	0.0000	0.0000	0.0000	0.0000	0.0000	0.0000	0.0000	0.0000	0.0000	0.0000	0.0000	0.0003	0.0000	0.0002	2.0000	0.0000	0.0000	0.0000	0.0000	0.0000	0.0000	0.0000	0.0000	0.0000	0.0000	0.0000	0.0000	0.0000	0.0000	0.0000	0.0000	0.0000	0.0000	0.0000	0.0000	0.0000	0.0000	0.0000	0.0000	0.0000	0.0000	0.0000	0.0000	0.0000	0.0000	0.0000	0.0000	0.0000	0.0000	0.0000	0.0000	0.0000	0.0000	0.0000	0.0000	0.0000	0.0000	0.0000	0.0000	0.0000	0.0000	0.0000	0.0000	0.0000	0.0000	0.0000	0.0000	0.0000	0.0000											
42	44	0.0961	3	1	2	1	0	0	0	0	0	N	Y	N	N	N	N	N	N	N	N	N	N	0.0000	0.0000	0.0000	0.0000	0.0000	0.0000	0.0000	0.0000	0.0000	0.0000	0.0000	0.0000	0.0000	0.0000	0.0000	0.0000	0.0000	0.0000	0.0000	0.0000	0.0003	0.0000	0.0002	0.0000	0.0000	0.0000	0.0000	0.0000	0.0000	0.0000	0.0000	0.0000	0.0000	0.0000	0.0000	0.0000	0.0000	0.0000	0.0000	0.0000	0.0000	0.0000	0.0000	0.0000	0.0000	0.0000	0.0000	0.0000	0.0000	0.0000	0.0000	0.0000	0.0000	0.0000	0.0000	0.0000	0.0000	0.0000	0.0000	0.0000	0.0000	0.0000	0.0000	0.0000	0.0000	0.0000	0.0000	0.0000	0.0000	0.0000	0.0000	0.0000	0.0000	0.0000	0.0000	0.0000	0.0000	0.0000											
42	45	0.0700	2	1	2	1	0	0	0	0	0	N	Y	N	N	N	N	N	N	N	N	N	N	0.2569	0.3305	3.9225	0.4807	0.0000	0.0000	0.6011	0.0000	2.9206	0.9340	0.0000	3.2696	0.0000	0.0000	0.0000	2.3396	0.0000	8.8359	0.2381	0.0000	6.8011	4.5905	0.0000	9.3670	inf	inf	0.0000	0.0001	0.0003	0.7962	0.0002	7.9291	0.0000	0.0000	0.0000	0.0000	0.0000	0.0000	0.0000	0.0000	0.0000	0.0002	0.0000	0.0002	0.0000	0.0000	0.0000	0.0002	0.0000	0.0002	0.0000	0.0000	0.0000	0.0000	0.0000	0.0000	0.0000	0.0000	0.0000	0.0001	0.0001	0.0000	0.0000	0.0000	0.0000	0.0000	0.0000	0.0000	0.2569	0.0000	0.3305	3.9225	0.0000	0.7477	0.0000	0.0000	0.0000	2.3396	0.0000	8.8359	0.2381	0.0000	4.3731	4.5905	0.0000	9.3670			
42	46	0.0700	2	1	2	0	0	0	0	0	0	N	Y	N	N	N	N	N	N	N	N	N	N	0.3408	0.4041	5.2057	0.9847	0.0000	0.0000	0.6011	0.0000	2.9206	0.9340	0.0000	3.2696	0.0000	0.0000	0.0000	1.7638	0.0000	7.2275	0.1794	0.0000	3.3205	3.4625	0.0000	7.8046	inf	inf	0.0000	0.0001	0.0003	0.7962	0.0002	12.9291	0.0000	0.0000	0.0000	0.0000	0.0000	0.0000	0.0000	0.0000	0.0000	0.0002	0.0000	0.0002	0.0000	0.0000	0.0000	0.0002	0.0000	0.0002	0.0000	0.0000	0.0000	0.0000	0.0000	0.0000	0.0000	0.0000	0.0000	0.0001	0.0001	0.0000	0.0001	0.0001	0.0000	0.0001	0.0000	0.0000	0.3408	0.0000	0.4041	5.2057	0.0000	1.0545	0.0000	0.0000	0.0000	1.7638	0.0000	7.2275	0.1794	0.0000	3.1006	3.4625	0.0000	7.8046			
42	47	0.0700	2	0	2	0	1	0	0	0	0	N	Y	N	N	N	N	N	N	N	N	N	N	0.0000	0.0000	0.0000	0.0000	0.0000	0.0000	0.0000	0.0000	0.0000	0.0000	0.0000	0.0000	0.0000	0.0000	0.0000	0.0000	0.0000	0.0000	0.0000	0.0000	0.0003	9.0000	0.0002	15.0400	0.0000	0.0000	0.0000	0.0000	0.0000	0.0000	0.0000	0.0000	0.0000	0.0000	0.0000	0.0000	0.0000	0.0000	0.0000	0.0000	0.0000	0.0000	0.0001	0.0001	0.0000	0.0000	0.0000	0.0000	0.0000	0.0000	0.0000	0.0002	0.0001	0.0000	0.0001	0.0001	0.0000	0.0001	0.0000	0.0000	0.0000	0.0000	0.0000	0.0000	0.0000	0.0000	0.0000	0.0000	0.0000	0.0000	0.0000	0.0000	0.0000	0.0000	0.0000	0.0000	0.0000	0.0000											
42	48	0.1485	3	0	1	0	1	0	0	0	0	N	N	N	N	N	N	N	N	N	N	N	N	6.1600	6.3262	12.0792	0.9757	0.0000	0.0000	0.0733	0.0000	0.4250	0.1722	0.0000	0.9866	0.0000	0.0000	0.0000	0.0119	0.0000	0.0672	0.0143	0.0000	1.0112	0.0101	0.0000	0.0332	inf	inf	0.0000	0.0000	0.0003	0.0037	0.0002	3.0208	0.0000	0.0000	0.0000	0.0000	0.0000	0.0000	0.0000	0.0000	0.0000	0.0000	0.0000	0.0000	0.0000	0.0000	0.0000	0.0000	0.0000	0.0000	0.0000	0.0000	0.0000	0.0000	0.0000	0.0000	0.0000	0.0000	0.0000	0.0000	0.0000	0.0000	0.0000	0.0000	0.0000	0.0000	0.0000	0.0000	6.1600	0.0000	6.3262	12.0792	0.0000	1.0270	0.0000	0.0000	0.0000	0.0119	0.0000	0.0672	0.0143	0.0000	0.9606	0.0101	0.0000	0.0332			
42	49	0.0700	2	0	1	0	1	0	0	0	0	N	N	N	N	N	N	N	N	N	N	N	N	0.2927	0.0400	0.4012	6.1041	0.5331	1.1440	0.0000	0.0000	0.0000	0.3393	0.0001	2.0631	0.7210	0.0001	3.2309	0.0000	0.0000	0.0000	1.1591	0.0013	5.1422	0.1181	0.0002	2.8242	2.2735	0.0032	5.6824	7608.8809	1120.0086	0.0000	0.0001	0.0003	4.7960	0.0002	23.0471	0.0000	0.0000	0.0000	0.0000	0.0000	0.0000	0.0000	0.0000	0.0000	0.0002	0.0000	0.0002	0.0000	0.0000	0.0000	0.0002	0.0000	0.0002	0.0000	0.0000	0.0000	0.0000	0.0000	0.0000	0.0000	0.0000	0.0000	0.0002	0.0001	0.0000	0.0001	0.0001	0.0000	0.0001	0.0000	0.0000	0.2927	0.0400	0.4012	6.1041	0.5331	1.7036	0.0000	0.0000	0.0000	1.1591	0.0013	5.1422	0.1181	0.0002	1.8966	2.2735	0.0032	5.6824
42	50	0.1050	3	0	2	1	0	0	0	0	0	N	Y	N	N	N	N	N	N	N	N	N	N	0.0575	0.0523	0.0428	0.0429	0.0001	0.0001	0.0000	0.0001	0.0001	0.0000	0.0000	0.0000	0.0000	0.0012	0.0014	0.0000	0.0020	0.0022	0.0000	0.0000	0.0000	0.0000	0.0000	0.0000	-0.0000	-0.0000	0.0003	1.4428	0.0002	0.4686	0.0000	0.0000	0.0000	0.0000	0.0000	0.0000	0.0000	0.0000	0.0000	0.0000	0.0000	0.0000	0.0000	0.0000	0.0000	0.0000	0.0000	0.0000	0.0000	0.0000	0.0000	0.0000	0.0000	0.0000	0.0000	0.0000	0.0000	0.0000	0.0000	0.0000	0.0000	0.0000	0.0000	0.0000	0.0000	0.0000	0.0575	0.0523	0.0000	0.0428	0.0429	0.0000	0.0000	0.0000	0.0000	0.0012	0.0014	0.0000	0.0020	0.0022	0.0000	0.0000	0.0000	0.0000					
42	51	0.0700	2	0	2	0	0	0	0	0	0	N	Y	N	N	N	N	N	N	N	N	N	N	2.3021	2.0740	0.0000	2.8978	3.3904	0.0000	0.0000	0.0000	0.1139	0.1342	0.0000	0.2763	0.3436	0.0000	0.0000	0.0000	0.0000	0.0495	0.0647	0.0003	0.0953	0.1013	0.0000	0.0003	0.0003	0.0004	0.0000	0.0016	-0.0000	-0.0000	0.0003	7.1845	0.0002	8.0722	0.0000	0.0000	0.0000	0.0000	0.0000	0.0000	0.0000	0.0000	0.0000	0.0000	0.0000	0.0000	0.0000	0.0000	0.0000	0.0000	0.0000	0.0000	0.0001	0.0000	0.0000	0.0000	0.0000	0.0000	0.0000	0.0000	0.0000	0.0001	0.0001	0.0000	0.0001	0.0001	0.0000	0.0001	0.0000	0.0000	2.3021	2.0740	0.0000	2.8978	3.3904	0.0000	0.0000	0.0000	0.0000	0.0495	0.0647	0.0003	0.0953	0.1013	0.0000	0.0003	0.0003	0.0004	
42	52	0.0927	3	1	1	1	0	0	0	0	0	N	N	N	N	N	N	N	N	N	N	N	N	0.5336	0.4729	0.4747	0.4765	0.0000	0.0000	0.0026	0.0029	0.0000	0.0042	0.0045	0.0000	0.0000	0.0000	0.0000	0.0049	0.0061	0.0000	0.0088	0.0095	0.0000	0.0002	0.0002	0.0000	0.0000	0.0000	-0.0000	-0.0000	0.0003	0.9976	0.0002	4.7732	0.0000	0.0000	0.0000	0.0000	0.0000	0.0000	0.0000	0.0000	0.0000	0.0000	0.0000	0.0000	0.0000	0.0000	0.0000	0.0000	0.0000	0.0000	0.0000	0.0000	0.0000	0.0000	0.0000	0.0000	0.0000	0.0000	0.0000	0.0000	0.0000	0.0000	0.0000	0.0000	0.0000	0.0000	0.0000	0.0000	0.5336	0.4729	0.0000	0.4747	0.4765	0.0000	0.0000	0.0000	0.0000	0.0049	0.0061	0.0000	0.0088	0.0095	0.0000	0.0002	0.0002	0.0000			
42	53	0.0700	2	1	1	0	0	0	0	0	0	N	N	N	N	N	N	N	N	N	N	N	N	2.4383	2.2429	0.1451	2.5875	3.2054	0.4459	0.0000	0.0000	0.0000	0.1705	0.2058	0.0010	0.3381	0.4429	0.0014	0.0000	0.0000	0.0000	0.0699	0.0917	0.0067	0.1306	0.1382	0.0031	0.0049	0.0028	0.0071	0.0010	0.0251	-0.0000	-0.0000	0.0003	3.2133	0.0002	6.0120	0.0000	0.0000	0.0000	0.0000	0.0000	0.0000	0.0000	0.0000	0.0000	0.0000	0.0000	0.0000	0.0000	0.0000	0.0000	0.0000	0.0000	0.0000	0.0000	0.0000	0.0000	0.0000	0.0000	0.0000	0.0000	0.0000	0.0000	0.0001	0.0001	0.0000	0.0000	0.0000	0.0000	0.0000	0.0000	0.0000	2.4383	2.2429	0.1451	2.5875	3.2054	0.4459	0.0000	0.0000	0.0000	0.0699	0.0917	0.0067	0.1306	0.1382	0.0031	0.0049	0.0028	0.0071
42	54	0.0700	2	1	2	0	0	0	0	0	0	N	Y	N	N	N	N	N	N	N	N	N	N	0.2831	0.3639	4.8147	0.9812	0.0000	0.0000	0.4994	0.0000	2.6304	0.8638	0.0000	3.2580	0.0000	0.0000	0.0000	1.7638	0.0000	7.2275	0.1794	0.0000	3.3205	3.4625	0.0000	7.8046	inf	inf	0.0000	0.0001	0.0003	1.7961	0.0002	11.9291	0.0000	0.0000	0.0000	0.0000	0.0000	0.0000	0.0000	0.0000	0.0000	0.0002	0.0000	0.0002	0.0000	0.0000	0.0000	0.0002	0.0000	0.0002	0.0000	0.0000	0.0000	0.0000	0.0000	0.0000	0.0000	0.0000	0.0000	0.0001	0.0001	0.0000	0.0001	0.0001	0.0000	0.0001	0.0000	0.0000	0.2831	0.0000	0.3639	4.8147	0.0000	1.0508	0.0000	0.0000	0.0000	1.7638	0.0000	7.2275	0.1794	0.0000	3.1006	3.4625	0.0000	7.8046			
42	55	0.0913	3	0	2	0	0	0	0	0	0	N	Y	N	N	N	N	N	N	N	N	N	N	1.9850	2.2180	6.4469	1.4963	0.1026	0.5119	0.2015	0.0000	0.8916	0.2931	0.0000	1.0028	0.0169	0.0000	0.1832	0.1015	0.0000	0.4020	0.0455	0.0000	0.6702	0.1651	0.0000	0.3578	inf	inf	0.0000	0.0000	0.0003	0.0041	0.0002	6.2745	0.0000	0.0000	0.0000	0.0000	0.0000	0.0000	0.0000	0.0000	0.0000	0.0000	0.0000	0.0000	0.0000	0.0000	0.0000	0.0000	0.0000	0.0000	0.0000	0.0000	0.0000	0.0000	0.0000	0.0000	0.0000	0.0000	0.0000	0.0001	0.0001	0.0000	0.0000	0.0000	0.0000	0.0000	0.0000	0.0000	1.9850	0.0000	2.2180	6.4469	0.0000	1.5091	0.1026	0.0000	0.5119	0.1015	0.0000	0.4020	0.0455	0.0000	0.6645	0.1651	0.0000	0.3578			
42	58	0.0908	4	1	2	0	0	0	0	0	0	N	Y	N	N	N	N	N	N	N	N	N	N	0.5423	0.4792	0.4413	0.4420	0.0000	0.0000	0.0033	0.0036	0.0000	0.0048	0.0052	0.0000	0.0000	0.0000	0.0000	0.0061	0.0076	0.0000	0.0109	0.0117	0.0000	0.0003	0.0004	0.0000	0.0000	0.0000	-0.0000	-0.0000	0.0003	0.9359	0.0002	8.5945	0.0000	0.0000	0.0000	0.0000	0.0000	0.0000	0.0000	0.0000	0.0000	0.0000	0.0000	0.0000	0.0000	0.0000	0.0000	0.0000	0.0000	0.0000	0.0000	0.0000	0.0000	0.0000	0.0000	0.0000	0.0000	0.0000	0.0000	0.0001	0.0001	0.0000	0.0000	0.0000	0.0000	0.0000	0.0000	0.0000	0.5423	0.4792	0.0000	0.4413	0.4420	0.0000	0.0000	0.0000	0.0000	0.0061	0.0076	0.0000	0.0109	0.0117	0.0000	0.0003	0.0004	0.0000			
42	59	0.0881	3	0	2	0	0	0	0	0	0	N	Y	N	N	N	N	N	N	N	N	N	N	0.6370	0.6179	1.1476	1.1853	0.9084	8.4494	0.0000	0.0000	0.0000	0.0258	0.0208	0.0782	0.0387	0.0305	0.1657	0.0000	0.0000	0.0000	0.0405	0.0337	0.0681	0.0326	0.0335	0.0196	0.0501	0.0339	0.0791	0.3580	0.5002	0.0000	-0.0000	0.0003	0.1706	0.0002	1.8413	0.0000	0.0000	0.0000	0.0000	0.0000	0.0000	0.0000	0.0000	0.0000	0.0000	0.0000	0.0000	0.0000	0.0000	0.0000	0.0000	0.0000	0.0000	0.0000	0.0000	0.0000	0.0000	0.0000	0.0000	0.0000	0.0000	0.0000	0.0000	0.0000	0.0000	0.0000	0.0000	0.0000	0.0000	0.0000	0.0000	0.6370	0.6179	1.1476	1.1853	0.9084	8.4494	0.0000	0.0000	0.0000	0.0405	0.0337	0.0681	0.0326	0.0335	0.0196	0.0501	0.0339	0.0791
42	60	0.0700	2	0	2	0	0	0	0	0	0	N	Y	N	N	N	N	N	N	N	N	N	N	1.9551	1.8017	0.1390	2.4703	2.9274	0.5560	0.0000	0.0000	0.0000	0.1239	0.1464	0.0013	0.2886	0.3620	0.0023	0.0000	0.0000	0.0000	0.0634	0.0812	0.0093	0.1168	0.1237	0.0041	0.0060	0.0027	0.0100	0.0016	0.0378	-0.0000	-0.0000	0.0003	6.1830	0.0002	4.8458	0.0000	0.0000	0.0000	0.0000	0.0000	0.0000	0.0000	0.0000	0.0000	0.0000	0.0000	0.0000	0.0000	0.0000	0.0000	0.0000	0.0000	0.0000	0.0000	0.0000	0.0000	0.0000	0.0000	0.0000	0.0000	0.0000	0.0000	0.0001	0.0001	0.0000	0.0001	0.0000	0.0000	0.0000	0.0000	0.0000	1.9551	1.8017	0.1390	2.4703	2.9274	0.5560	0.0000	0.0000	0.0000	0.0634	0.0812	0.0093	0.1168	0.1237	0.0041	0.0060	0.0027	0.0100
42	61	0.4631	9	0	1	0	0	0	0	0	0	N	N	N	N	N	N	N	N	N	N	N	N	0.0000	0.0000	0.0000	0.0000	0.0000	0.0000	0.0000	0.0000	0.0000	0.0000	0.0000	0.0000	0.0000	0.0000	0.0000	0.0114	0.0000	0.0672	0.0214	0.0000	0.7747	0.0027	0.0000	0.0093	inf	0.0000	0.0000	0.0003	1.0140	0.0002	12.0537	0.0000	0.0000	0.0000	0.0000	0.0000	0.0000	0.0000	0.0000	0.0000	0.0000	0.0000	0.0000	0.0000	0.0000	0.0000	0.0000	0.0000	0.0000	0.0000	0.0000	0.0000	0.0000	0.0000	0.0000	0.0000	0.0000	0.0000	0.0001	0.0001	0.0000	0.0000	0.0000	0.0000	0.0001	0.0000	0.0000	0.0000	0.0000	0.0000	0.0000	0.0000	0.0000	0.0000	0.0000	0.0000	0.0114	0.0000	0.0672	0.0214	0.0000	0.7315	0.0027	0.0000	0.0093				
42	62	0.3872	6	0	1	0	0	0	0	0	0	N	N	N	N	N	N	N	N	N	N	N	N	0.0799	inf	0.1468	0.3021	inf	0.4771	0.0020	0.0046	0.0424	0.0018	0.2968	0.1245	0.0051	1.5188	0.0015	0.0000	0.0087	0.5310	0.0000	2.0226	0.4120	0.0000	3.1833	0.7356	0.0000	1.8778	26.2706	inf	0.0000	0.0001	0.0003	22.0948	0.0002	64.3951	0.0000	0.0000	0.0000	0.0000	0.0000	0.0000	0.0000	0.0000	0.0000	0.0001	0.0000	0.0001	0.0001	0.0000	0.0001	0.0001	0.0000	0.0001	0.0001	0.0001	0.0000	0.0000	0.0000	0.0000	0.0001	0.0001	0.0000	0.0003	0.0002	0.0001	0.0002	0.0001	0.0000	0.0001	0.0001	0.0000	0.0799	inf	0.1468	0.3021	inf	0.6908	0.0020	0.0000	0.0046	0.5310	0.0000	2.0226	0.4120	0.0000	2.1986	0.7356	0.0000	1.8778	
42	63	0.1803	5	0	1	0	0	0	0	0	0	N	N	N	N	N	N	N	N	N	N	N	N	0.0063	inf	0.0106	0.0247	inf	0.3067	0.0006	0.0014	0.0012	0.0001	0.0081	0.0049	0.0005	0.7272	0.0001	0.0000	0.0006	0.1938	0.0000	0.7669	0.1996	0.0000	2.3710	0.1865	0.0000	0.4695	9.5000	inf	0.0000	0.0000	0.0003	3.0638	0.0002	18.8214	0.0000	0.0000	0.0000	0.0000	0.0000	0.0000	0.0000	0.0000	0.0000	0.0000	0.0000	0.0000	0.0000	0.0000	0.0000	0.0000	0.0000	0.0000	0.0000	0.0000	0.0000	0.0000	0.0000	0.0000	0.0000	0.0000	0.0000	0.0002	0.0002	0.0001	0.0001	0.0001	0.0000	0.0001	0.0001	0.0000	0.0063	inf	0.0106	0.0247	inf	0.5057	0.0006	0.0000	0.0014	0.1938	0.0000	0.7669	0.1996	0.0000	1.4380	0.1865	0.0000	0.4695	
42	64	0.0913	3	1	2	1	0	0	0	0	0	N	Y	N	N	N	N	N	N	N	N	N	N	0.0988	0.1606	0.8787	1.5725	0.0023	0.0054	0.0081	0.0000	0.0579	0.0330	0.0000	0.9934	0.0003	0.0000	0.0017	0.0824	0.0000	0.3605	0.0375	0.0000	0.6317	0.1315	0.0000	0.3178	inf	inf	0.0000	0.0000	0.0003	1.0029	0.0002	8.4685	0.0000	0.0000	0.0000	0.0000	0.0000	0.0000	0.0000	0.0000	0.0000	0.0000	0.0000	0.0000	0.0000	0.0000	0.0000	0.0000	0.0000	0.0000	0.0000	0.0000	0.0000	0.0000	0.0000	0.0000	0.0000	0.0000	0.0000	0.0001	0.0001	0.0000	0.0001	0.0000	0.0000	0.0000	0.0000	0.0000	0.0988	0.0000	0.1606	0.8787	0.0000	1.5725	0.0023	0.0000	0.0054	0.0824	0.0000	0.3605	0.0375	0.0000	0.6317	0.1315	0.0000	0.3178			
42	65	0.0700	2	0	2	0	0	0	0	0	0	N	Y	N	N	N	N	N	N	N	N	N	N	0.2773	0.0540	0.3545	4.1321	0.3425	0.5777	0.0000	0.0000	0.0000	0.6006	0.0016	2.9121	0.9333	0.0028	3.2601	0.0000	0.0000	0.0000	2.1661	0.0298	8.2147	0.2259	0.0081	5.6434	4.2447	0.0722	8.7351	468.3765	97.2404	0.0000	0.0001	0.0003	0.7961	0.0002	8.5878	0.0000	0.0000	0.0000	0.0000	0.0000	0.0000	0.0000	0.0000	0.0000	0.0002	0.0000	0.0002	0.0000	0.0000	0.0000	0.0002	0.0000	0.0002	0.0000	0.0000	0.0000	0.0000	0.0000	0.0000	0.0000	0.0000	0.0000	0.0001	0.0001	0.0000	0.0000	0.0000	0.0000	0.0000	0.0000	0.0000	0.2773	0.0540	0.3545	4.1321	0.3425	0.8224	0.0000	0.0000	0.0000	2.1661	0.0298	8.2147	0.2259	0.0081	3.9641	4.2447	0.0722	8.7351
42	66	0.4631	9	0	2	0	0	0	0	0	0	N	Y	N	N	N	N	N	N	N	N	N	N	0.0000	0.0000	0.0000	0.0000	0.0000	0.0000	0.0000	0.0000	0.0000	0.0000	0.0000	0.0000	0.0000	0.0000	0.0000	0.0111	0.0000	0.0654	0.0208	0.0000	0.7483	0.0026	0.0000	0.0090	inf	0.0000	0.0000	0.0003	1.0110	0.0002	12.5479	0.0000	0.0000	0.0000	0.0000	0.0000	0.0000	0.0000	0.0000	0.0000	0.0000	0.0000	0.0000	0.0000	0.0000	0.0000	0.0000	0.0000	0.0000	0.0000	0.0000	0.0000	0.0000	0.0000	0.0000	0.0000	0.0000	0.0000	0.0001	0.0001	0.0000	0.0000	0.0000	0.0000	0.0001	0.0000	0.0000	0.0000	0.0000	0.0000	0.0000	0.0000	0.0000	0.0000	0.0000	0.0000	0.0111	0.0000	0.0654	0.0208	0.0000	0.7256	0.0026	0.0000	0.0090				
42	67	0.4567	8	0	1	0	0	0	0	0	0	N	N	N	N	N	N	N	N	N	N	N	N	0.0000	0.0000	0.0000	0.0000	0.0000	0.0000	0.0000	0.0000	0.0000	0.0000	0.0000	0.0000	0.0000	0.0000	0.0000	0.0000	0.0000	0.0835	0.0452	0.2499	0.1511	0.0787	1.0025	0.0126	0.0000	0.0433	1.2740	0.0000	0.0000	0.0003	0.9784	0.0002	1.5217	0.0000	0.0000	0.0000	0.0000	0.0000	0.0000	0.0000	0.0000	0.0000	0.0000	0.0000	0.0000	0.0000	0.0000	0.0000	0.0000	0.0000	0.0000	0.0000	0.0000	0.0000	0.0000	0.0000	0.0000	0.0000	0.0000	0.0000	0.0000	0.0000	0.0000	0.0000	0.0000	0.0000	0.0000	0.0000	0.0000	0.0000	0.0000	0.0000	0.0000	0.0000	0.0000	0.0000	0.0000	0.0000	0.0835	0.0452	0.2499	0.1511	0.0787	0.9044	0.0126	0.0000	0.0433		
42	68	0.4265	7	0	1	0	0	0	0	0	0	N	N	N	N	N	N	N	N	N	N	N	N	0.0081	0.0000	0.0137	0.0191	0.0000	0.2091	0.0000	0.0000	0.0000	0.0009	0.0000	0.0066	0.0033	0.0000	0.3448	0.0000	0.0000	0.0000	0.1142	0.0155	0.4816	0.1742	0.0255	1.6487	0.0415	0.0003	0.1354	inf	8.3669	0.0000	0.0000	0.0003	1.0531	0.0002	9.0748	0.0000	0.0000	0.0000	0.0000	0.0000	0.0000	0.0000	0.0000	0.0000	0.0000	0.0000	0.0000	0.0000	0.0000	0.0000	0.0000	0.0000	0.0000	0.0000	0.0000	0.0000	0.0000	0.0000	0.0000	0.0000	0.0000	0.0000	0.0001	0.0001	0.0000	0.0001	0.0001	0.0000	0.0000	0.0000	0.0000	0.0081	0.0000	0.0137	0.0191	0.0000	0.3050	0.0000	0.0000	0.0000	0.1142	0.0155	0.4816	0.1742	0.0255	1.1305	0.0415	0.0003	0.1354
42	69	0.0700	2	1	1	1	0	0	0	0	0	N	N	N	N	N	N	N	N	N	N	N	N	0.0000	0.0000	0.0000	0.0000	0.0000	0.0000	0.0000	0.0000	0.0000	0.0000	0.0000	0.0000	0.0000	0.0000	0.0000	0.0000	0.0000	0.0000	0.0000	0.0000	0.0003	0.0000	0.0002	4.9600	0.0000	0.0000	0.0000	0.0000	0.0000	0.0000	0.0000	0.0000	0.0000	0.0000	0.0000	0.0000	0.0000	0.0000	0.0000	0.0000	0.0000	0.0000	0.0000	0.0000	0.0000	0.0000	0.0000	0.0000	0.0000	0.0000	0.0000	0.0001	0.0000	0.0000	0.0000	0.0000	0.0000	0.0000	0.0000	0.0000	0.0000	0.0000	0.0000	0.0000	0.0000	0.0000	0.0000	0.0000	0.0000	0.0000	0.0000	0.0000	0.0000	0.0000	0.0000	0.0000	0.0000	0.0000											
42	71	0.1263	6	0	1	1	0	0	0	0	0	N	N	N	N	N	N	N	N	N	N	N	N	0.0000	0.0000	0.0000	0.0000	0.0000	0.0000	0.0000	0.0000	0.0000	0.0000	0.0000	0.0000	0.0000	0.0000	0.0000	0.0000	0.0000	0.0000	0.0000	0.0000	0.0003	1.0000	0.0002	0.0055	0.0000	0.0000	0.0000	0.0000	0.0000	0.0000	0.0000	0.0000	0.0000	0.0000	0.0000	0.0000	0.0000	0.0000	0.0000	0.0000	0.0000	0.0000	0.0000	0.0000	0.0000	0.0000	0.0000	0.0000	0.0000	0.0000	0.0000	0.0000	0.0000	0.0000	0.0000	0.0000	0.0000	0.0000	0.0000	0.0000	0.0000	0.0000	0.0000	0.0000	0.0000	0.0000	0.0000	0.0000	0.0000	0.0000	0.0000	0.0000	0.0000	0.0000	0.0000	0.0000	0.0000	0.0000											
42	72	0.1196	5	0	1	1	0	0	0	0	0	N	N	N	N	N	N	N	N	N	N	N	N	0.0000	0.0000	0.0000	0.0000	0.0000	0.0000	0.0000	0.0000	0.0000	0.0000	0.0000	0.0000	0.0000	0.0000	0.0000	0.0000	0.0000	0.0000	0.0000	0.0000	0.0003	0.0000	0.0002	1.0265	0.0000	0.0000	0.0000	0.0000	0.0000	0.0000	0.0000	0.0000	0.0000	0.0000	0.0000	0.0000	0.0000	0.0000	0.0000	0.0000	0.0000	0.0000	0.0000	0.0000	0.0000	0.0000	0.0000	0.0000	0.0000	0.0000	0.0000	0.0000	0.0000	0.0000	0.0000	0.0000	0.0000	0.0000	0.0000	0.0000	0.0000	0.0000	0.0000	0.0000	0.0000	0.0000	0.0000	0.0000	0.0000	0.0000	0.0000	0.0000	0.0000	0.0000	0.0000	0.0000	0.0000	0.0000											
42	73	0.1142	4	0	1	0	0	0	0	0	0	N	N	N	N	N	N	N	N	N	N	N	N	0.0000	0.0000	0.0000	0.0000	0.0000	0.0000	0.0000	0.0000	0.0000	0.0000	0.0000	0.0000	0.0000	0.0000	0.0000	0.0000	0.0000	0.0000	0.0000	0.0000	0.0003	0.0000	0.0002	1.0321	0.0000	0.0000	0.0000	0.0000	0.0000	0.0000	0.0000	0.0000	0.0000	0.0000	0.0000	0.0000	0.0000	0.0000	0.0000	0.0000	0.0000	0.0000	0.0000	0.0000	0.0000	0.0000	0.0000	0.0000	0.0000	0.0000	0.0000	0.0002	0.0001	0.0001	0.0001	0.0001	0.0000	0.0001	0.0000	0.0000	0.0000	0.0000	0.0000	0.0000	0.0000	0.0000	0.0000	0.0000	0.0000	0.0000	0.0000	0.0000	0.0000	0.0000	0.0000	0.0000	0.0000	0.0000											
42	74	0.0914	3	0	1	0	0	0	0	0	0	N	N	N	N	N	N	N	N	N	N	N	N	0.3412	0.2840	0.6681	1.0269	0.6108	1.0131	0.0132	0.0231	0.0381	0.1409	0.0624	0.5107	0.3273	0.1500	1.0176	0.0070	0.0032	0.0279	0.4130	0.2197	0.7644	0.3187	0.2455	1.0044	0.5284	0.1364	0.7306	1.7391	1.9146	0.0000	0.0000	0.0003	0.5629	0.0002	8.5245	0.0000	0.0000	0.0000	0.0000	0.0000	0.0000	0.0000	0.0000	0.0000	0.0001	0.0000	0.0001	0.0000	0.0000	0.0000	0.0001	0.0000	0.0001	0.0000	0.0000	0.0000	0.0000	0.0000	0.0000	0.0000	0.0000	0.0000	0.0002	0.0002	0.0001	0.0001	0.0001	0.0000	0.0001	0.0000	0.0001	0.3412	0.2840	0.6681	1.0269	0.6108	1.0864	0.0132	0.0231	0.0381	0.4130	0.2197	0.7644	0.3187	0.2455	0.9366	0.5284	0.1364	0.7306
42	75	0.1084	4	0	2	0	0	0	0	0	0	N	Y	N	N	N	N	N	N	N	N	N	N	0.0000	0.0000	0.0000	0.0000	0.0000	0.0000	0.0000	0.0000	0.0000	0.0000	0.0000	0.0000	0.0000	0.0000	0.0000	0.0000	0.0000	0.0000	0.0000	0.0000	0.0003	1.9994	0.0002	4.0943	0.0000	0.0000	0.0000	0.0000	0.0000	0.0000	0.0000	0.0000	0.0000	0.0000	0.0000	0.0000	0.0000	0.0000	0.0000	0.0000	0.0000	0.0000	0.0000	0.0000	0.0000	0.0000	0.0000	0.0000	0.0000	0.0000	0.0000	0.0001	0.0000	0.0000	0.0000	0.0000	0.0000	0.0000	0.0000	0.0000	0.0000	0.0000	0.0000	0.0000	0.0000	0.0000	0.0000	0.0000	0.0000	0.0000	0.0000	0.0000	0.0000	0.0000	0.0000	0.0000	0.0000	0.0000											
42	76	0.1021	3	0	1	0	0	0	0	0	0	N	N	N	N	N	N	N	N	N	N	N	N	0.0000	0.0000	0.0000	0.0000	0.0000	0.0000	0.0000	0.0000	0.0000	0.0000	0.0000	0.0000	0.0000	0.0000	0.0000	0.0000	0.0000	0.0000	0.0414	0.0392	0.0500	0.0302	0.0311	0.0167	0.0532	0.0515	0.0564	0.3393	0.0000	-0.0000	0.0003	0.0011	0.0002	2.7207	0.0000	0.0000	0.0000	0.0000	0.0000	0.0000	0.0000	0.0000	0.0000	0.0000	0.0000	0.0000	0.0000	0.0000	0.0000	0.0000	0.0000	0.0000	0.0000	0.0000	0.0000	0.0000	0.0000	0.0000	0.0000	0.0000	0.0000	0.0000	0.0000	0.0000	0.0000	0.0000	0.0000	0.0000	0.0000	0.0000	0.0000	0.0000	0.0000	0.0000	0.0000	0.0000	0.0000	0.0000	0.0000	0.0414	0.0392	0.0500	0.0302	0.0311	0.0167	0.0532	0.0515	0.0564	
42	77	0.0700	2	0	1	0	0	0	0	0	0	N	N	N	N	N	N	N	N	N	N	N	N	0.0000	0.0000	0.0000	0.0000	0.0000	0.0000	0.0000	0.0000	0.0000	0.0000	0.0000	0.0000	0.0000	0.0000	0.0000	0.0000	0.0000	0.0000	0.0677	0.0876	0.0085	0.1238	0.1310	0.0039	0.0074	0.0060	0.0091	0.0327	0.0000	-0.0000	0.0003	0.0001	0.0002	10.0074	0.0000	0.0000	0.0000	0.0000	0.0000	0.0000	0.0000	0.0000	0.0000	0.0000	0.0000	0.0000	0.0000	0.0000	0.0000	0.0000	0.0000	0.0000	0.0000	0.0000	0.0000	0.0000	0.0000	0.0000	0.0000	0.0000	0.0000	0.0001	0.0001	0.0000	0.0000	0.0000	0.0000	0.0000	0.0000	0.0000	0.0000	0.0000	0.0000	0.0000	0.0000	0.0000	0.0000	0.0000	0.0000	0.0677	0.0876	0.0085	0.1238	0.1310	0.0039	0.0074	0.0060	0.0091	
42	78	0.0902	3	1	1	1	0	0	0	0	0	N	N	N	N	N	N	N	N	N	N	N	N	0.0000	0.0000	0.0000	0.0000	0.0000	0.0000	0.0000	0.0000	0.0000	0.0000	0.0000	0.0000	0.0000	0.0006	0.0007	0.0000	0.0010	0.0011	0.0000	0.0000	0.0000	0.0000	0.0000	-0.0000	-0.0000	0.0003	1.6246	0.0002	0.0115	0.0000	0.0000	0.0000	0.0000	0.0000	0.0000	0.0000	0.0000	0.0000	0.0000	0.0000	0.0000	0.0000	0.0000	0.0000	0.0000	0.0000	0.0000	0.0000	0.0000	0.0000	0.0000	0.0000	0.0000	0.0000	0.0000	0.0000	0.0000	0.0000	0.0000	0.0000	0.0000	0.0000	0.0000	0.0000	0.0000	0.0000	0.0000	0.0000	0.0000	0.0000	0.0000	0.0000	0.0000	0.0000	0.0006	0.0007	0.0000	0.0010	0.0011	0.0000	0.0000	0.0000	0.0000						
42	79	0.0700	2	1	1	1	0	0	0	0	0	N	N	N	N	N	N	N	N	N	N	N	N	1.8638	1.6548	0.0000	2.4271	2.8194	0.0000	0.0000	0.0000	0.1058	0.1242	0.0000	0.2660	0.3279	0.0000	0.0000	0.0000	0.0000	0.0568	0.0751	0.0002	0.1096	0.1163	0.0000	0.0001	0.0001	0.0002	0.0000	0.0009	-0.0000	-0.0000	0.0003	8.1927	0.0002	3.9952	0.0000	0.0000	0.0000	0.0000	0.0000	0.0000	0.0000	0.0000	0.0000	0.0000	0.0000	0.0000	0.0000	0.0000	0.0000	0.0000	0.0000	0.0000	0.0001	0.0000	0.0000	0.0000	0.0000	0.0000	0.0000	0.0000	0.0000	0.0001	0.0001	0.0000	0.0001	0.0001	0.0000	0.0001	0.0000	0.0000	1.8638	1.6548	0.0000	2.4271	2.8194	0.0000	0.0000	0.0000	0.0000	0.0568	0.0751	0.0002	0.1096	0.1163	0.0000	0.0001	0.0001	0.0002	
42	80	0.0700	2	0	2	0	1	0	0	0	0	N	Y	N	N	N	N	N	N	N	N	N	N	0.4269	0.4818	6.5205	1.0189	0.0000	0.0000	0.6011	0.0000	2.9206	0.9340	0.0000	3.2696	0.0000	0.0000	0.0000	1.4080	0.0000	6.0623	0.1432	0.0000	3.2088	2.7638	0.0000	6.6329	inf	inf	0.0000	0.0001	0.0003	0.7962	0.0002	19.0091	0.0000	0.0000	0.0000	0.0000	0.0000	0.0000	0.0000	0.0000	0.0000	0.0002	0.0000	0.0002	0.0000	0.0000	0.0000	0.0002	0.0000	0.0002	0.0000	0.0000	0.0000	0.0000	0.0000	0.0000	0.0000	0.0000	0.0000	0.0001	0.0001	0.0000	0.0001	0.0001	0.0000	0.0001	0.0000	0.0000	0.4269	0.0000	0.4818	6.5205	0.0000	1.3746	0.0000	0.0000	0.0000	1.4080	0.0000	6.0623	0.1432	0.0000	2.3787	2.7638	0.0000	6.6329			
42	81	0.0700	2	0	2	0	0	0	0	0	0	N	Y	N	N	N	N	N	N	N	N	N	N	0.5004	0.5502	7.6400	1.0726	0.0000	0.0000	0.6011	0.0000	2.9206	0.9340	0.0000	3.2696	0.0000	0.0000	0.0000	1.2011	0.0000	5.3083	0.1223	0.0000	3.0483	2.3564	0.0000	5.8561	inf	inf	0.0000	0.0001	0.0003	0.7962	0.0002	25.3140	0.0000	0.0000	0.0000	0.0000	0.0000	0.0000	0.0000	0.0000	0.0000	0.0002	0.0000	0.0002	0.0000	0.0000	0.0000	0.0002	0.0000	0.0002	0.0000	0.0000	0.0000	0.0000	0.0000	0.0000	0.0000	0.0000	0.0000	0.0002	0.0001	0.0000	0.0001	0.0001	0.0000	0.0001	0.0000	0.0000	0.5004	0.0000	0.5502	7.6400	0.0000	1.6531	0.0000	0.0000	0.0000	1.2011	0.0000	5.3083	0.1223	0.0000	1.9779	2.3564	0.0000	5.8561			
42	82	0.0700	2	0	2	0	0	0	0	0	0	N	Y	N	N	N	N	N	N	N	N	N	N	0.4384	0.5188	7.4475	1.1569	0.0000	0.0000	0.4994	0.0000	2.6304	0.8638	0.0000	3.2580	0.0000	0.0000	0.0000	1.1393	0.0000	5.0699	0.1160	0.0000	2.8161	2.2343	0.0000	5.6074	inf	inf	0.0000	0.0001	0.0003	1.7961	0.0002	27.0091	0.0000	0.0000	0.0000	0.0000	0.0000	0.0000	0.0000	0.0000	0.0000	0.0002	0.0000	0.0002	0.0000	0.0000	0.0000	0.0002	0.0000	0.0002	0.0000	0.0000	0.0000	0.0000	0.0000	0.0000	0.0000	0.0000	0.0000	0.0002	0.0001	0.0000	0.0001	0.0001	0.0000	0.0001	0.0000	0.0000	0.4384	0.0000	0.5188	7.4475	0.0000	1.7512	0.0000	0.0000	0.0000	1.1393	0.0000	5.0699	0.1160	0.0000	1.8604	2.2343	0.0000	5.6074			
42	83	0.1803	5	0	1	0	0	0	0	0	0	N	N	N	N	N	N	N	N	N	N	N	N	0.0023	inf	0.0036	0.0082	inf	0.1826	0.0002	0.0005	0.0004	0.0000	0.0027	0.0016	0.0002	0.5099	0.0000	0.0000	0.0002	0.1768	0.0000	0.7610	0.1927	0.0000	2.7922	0.1591	0.0000	0.4335	9.5000	inf	0.0000	0.0000	0.0003	10.0679	0.0002	33.8159	0.0000	0.0000	0.0000	0.0000	0.0000	0.0000	0.0000	0.0000	0.0000	0.0000	0.0000	0.0000	0.0000	0.0000	0.0000	0.0000	0.0000	0.0000	0.0001	0.0001	0.0000	0.0000	0.0000	0.0000	0.0000	0.0000	0.0000	0.0002	0.0002	0.0001	0.0001	0.0001	0.0000	0.0001	0.0001	0.0000	0.0023	inf	0.0036	0.0082	inf	0.2972	0.0002	0.0000	0.0005	0.1768	0.0000	0.7610	0.1927	0.0000	1.7155	0.1591	0.0000	0.4335	
42	84	0.1528	4	0	1	0	0	0	0	0	0	N	N	N	N	N	N	N	N	N	N	N	N	0.0323	0.0194	0.0803	0.1060	0.0476	0.7191	0.0033	0.0072	0.0053	0.0115	0.0042	0.0558	0.0423	0.0132	0.9799	0.0010	0.0006	0.0028	0.3551	0.2165	0.6950	0.3993	0.2779	1.3626	0.2934	0.0786	0.5298	2.1831	1.3091	0.0000	0.0000	0.0003	0.9441	0.0002	14.0836	0.0000	0.0000	0.0000	0.0000	0.0000	0.0000	0.0000	0.0000	0.0000	0.0001	0.0000	0.0000	0.0001	0.0000	0.0000	0.0000	0.0000	0.0000	0.0000	0.0000	0.0000	0.0000	0.0000	0.0000	0.0000	0.0000	0.0000	0.0002	0.0002	0.0001	0.0001	0.0001	0.0000	0.0001	0.0001	0.0000	0.0323	0.0194	0.0803	0.1060	0.0476	0.9280	0.0033	0.0072	0.0053	0.3551	0.2165	0.6950	0.3993	0.2779	1.0559	0.2934	0.0786	0.5298
42	85	0.4350	7	0	1	0	0	0	0	0	0	N	N	N	N	N	N	N	N	N	N	N	N	0.3963	0.3428	0.7027	0.6321	0.0833	0.0613	0.1461	0.1703	0.0000	0.3972	0.4371	0.0000	0.0021	0.0025	0.0000	0.3686	0.4970	0.0000	0.5653	0.6915	0.0000	0.0252	0.0414	0.0000	0.0000	0.0000	-0.0000	-0.0000	0.0003	15.0008	0.0002	28.2980	0.0000	0.0000	0.0000	0.0000	0.0000	0.0000	0.0000	0.0000	0.0000	0.0001	0.0001	0.0000	0.0001	0.0001	0.0000	0.0000	0.0000	0.0000	0.0001	0.0001	0.0000	0.0000	0.0000	0.0000	0.0001	0.0001	0.0000	0.0003	0.0002	0.0001	0.0002	0.0001	0.0000	0.0001	0.0001	0.0000	0.3963	0.3428	0.0000	0.7027	0.6321	0.0000	0.0833	0.0613	0.0000	0.3686	0.4970	0.0000	0.5653	0.6915	0.0000	0.0252	0.0414	0.0000			
42	86	0.4350	7	0	1	0	0	0	0	0	0	N	N	N	N	N	N	N	N	N	N	N	N	0.4473	0.3895	0.7115	0.6668	0.1466	0.1057	0.1553	0.1842	0.0000	0.3713	0.4308	0.0000	0.0036	0.0044	0.0000	0.3472	0.4729	0.0000	0.5219	0.6460	0.0000	0.0247	0.0412	0.0000	0.0000	0.0000	-0.0000	-0.0000	0.0003	10.8154	0.0002	27.4443	0.0000	0.0000	0.0000	0.0000	0.0000	0.0000	0.0000	0.0000	0.0000	0.0001	0.0001	0.0000	0.0001	0.0001	0.0000	0.0000	0.0000	0.0000	0.0001	0.0001	0.0000	0.0000	0.0000	0.0000	0.0000	0.0000	0.0000	0.0003	0.0002	0.0001	0.0002	0.0001	0.0000	0.0001	0.0001	0.0000	0.4473	0.3895	0.0000	0.7115	0.6668	0.0000	0.1466	0.1057	0.0000	0.3472	0.4729	0.0000	0.5219	0.6460	0.0000	0.0247	0.0412	0.0000			
42	87	0.3872	6	0	1	0	0	0	0	0	0	N	N	N	N	N	N	N	N	N	N	N	N	0.5796	0.4450	1.3615	1.0164	0.8118	2.3423	0.0415	0.0301	0.1001	0.2433	0.2052	0.4224	0.4644	0.3999	0.7371	0.0144	0.0114	0.0306	0.4197	0.4611	0.3103	0.4569	0.4927	0.3147	0.3474	0.3769	0.3061	0.4378	0.2542	0.0000	-0.0000	0.0003	2.7608	0.0002	22.4044	0.0000	0.0000	0.0000	0.0000	0.0000	0.0000	0.0000	0.0000	0.0000	0.0001	0.0001	0.0000	0.0001	0.0001	0.0000	0.0000	0.0000	0.0000	0.0000	0.0000	0.0000	0.0000	0.0000	0.0000	0.0000	0.0000	0.0000	0.0003	0.0002	0.0001	0.0002	0.0002	0.0000	0.0001	0.0001	0.0000	0.5796	0.4450	1.3615	1.0164	0.8118	2.3423	0.0415	0.0301	0.1001	0.4197	0.4611	0.3103	0.4569	0.4927	0.3147	0.3474	0.3769	0.3061
42	88	0.2574	5	0	1	0	0	0	0	0	0	N	N	N	N	N	N	N	N	N	N	N	N	0.2044	0.2002	0.1323	0.5213	0.4814	1.1894	0.0264	0.0263	0.0304	0.1052	0.1144	0.0469	0.3717	0.3632	0.6294	0.0055	0.0052	0.0068	0.5148	0.5712	0.3549	0.7131	0.7545	0.5291	0.2071	0.1963	0.2247	0.0643	0.2194	-0.0000	-0.0000	0.0003	8.8820	0.0002	49.9570	0.0000	0.0000	0.0000	0.0000	0.0000	0.0000	0.0000	0.0000	0.0000	0.0001	0.0001	0.0000	0.0001	0.0001	0.0000	0.0000	0.0000	0.0000	0.0001	0.0001	0.0000	0.0000	0.0000	0.0000	0.0000	0.0000	0.0000	0.0003	0.0002	0.0001	0.0002	0.0001	0.0000	0.0001	0.0001	0.0000	0.2044	0.2002	0.1323	0.5213	0.4814	1.1894	0.0264	0.0263	0.0304	0.5148	0.5712	0.3549	0.7131	0.7545	0.5291	0.2071	0.1963	0.2247
42	89	0.0700	2	1	2	0	1	0	0	0	0	N	Y	N	N	N	N	N	N	N	N	N	N	0.3992	0.4566	6.0987	1.0158	0.0000	0.0000	0.6011	0.0000	2.9206	0.9340	0.0000	3.2696	0.0000	0.0000	0.0000	1.5055	0.0000	6.3969	0.1531	0.0000	3.2186	2.9555	0.0000	6.9730	inf	inf	0.0000	0.0001	0.0003	0.7962	0.0002	16.9291	0.0000	0.0000	0.0000	0.0000	0.0000	0.0000	0.0000	0.0000	0.0000	0.0002	0.0000	0.0002	0.0000	0.0000	0.0000	0.0002	0.0000	0.0002	0.0000	0.0000	0.0000	0.0000	0.0000	0.0000	0.0000	0.0000	0.0000	0.0001	0.0001	0.0000	0.0001	0.0001	0.0000	0.0001	0.0000	0.0000	0.3992	0.0000	0.4566	6.0987	0.0000	1.2711	0.0000	0.0000	0.0000	1.5055	0.0000	6.3969	0.1531	0.0000	2.5722	2.9555	0.0000	6.9730			
42	90	0.1420	7	0	2	0	1	0	0	0	0	N	Y	N	N	N	N	N	N	N	N	N	N	0.0000	0.0000	0.0000	0.0000	0.0000	0.0000	0.0000	0.0000	0.0000	0.0000	0.0000	0.0000	0.0000	0.0000	0.0000	0.0000	0.0000	0.0000	0.0000	0.0000	0.0003	0.0000	0.0002	0.0000	0.0000	0.0000	0.0000	0.0000	0.0000	0.0000	0.0000	0.0000	0.0000	0.0000	0.0000	0.0000	0.0000	0.0000	0.0000	0.0000	0.0000	0.0000	0.0000	0.0000	0.0000	0.0000	0.0000	0.0000	0.0000	0.0000	0.0000	0.0000	0.0000	0.0000	0.0000	0.0000	0.0000	0.0000	0.0000	0.0000	0.0000	0.0000	0.0000	0.0000	0.0000	0.0000	0.0000	0.0000	0.0000	0.0000	0.0000	0.0000	0.0000	0.0000	0.0000	0.0000	0.0000	0.0000											
42	91	0.1313	6	0	2	0	1	0	0	0	0	N	Y	N	N	N	N	N	N	N	N	N	N	0.0000	0.0000	0.0000	0.0000	0.0000	0.0000	0.0000	0.0000	0.0000	0.0000	0.0000	0.0000	0.0000	0.0000	0.0000	0.0000	0.0000	0.0000	0.0000	0.0000	0.0003	1.0000	0.0002	3.0000	0.0000	0.0000	0.0000	0.0000	0.0000	0.0000	0.0000	0.0000	0.0000	0.0000	0.0000	0.0000	0.0000	0.0000	0.0000	0.0000	0.0000	0.0000	0.0000	0.0000	0.0000	0.0000	0.0000	0.0000	0.0000	0.0000	0.0000	0.0000	0.0000	0.0000	0.0000	0.0000	0.0000	0.0000	0.0000	0.0000	0.0000	0.0000	0.0000	0.0000	0.0000	0.0000	0.0000	0.0000	0.0000	0.0000	0.0000	0.0000	0.0000	0.0000	0.0000	0.0000	0.0000	0.0000											
42	92	0.1248	4	0	2	0	0	0	0	0	0	N	Y	N	N	N	N	N	N	N	N	N	N	0.0000	0.0000	0.0000	0.0000	0.0000	0.0000	0.0000	0.0000	0.0000	0.0000	0.0000	0.0000	0.0000	0.0000	0.0000	0.0000	0.0000	0.0000	0.0000	0.0000	0.0003	0.0000	0.0002	0.0000	0.0000	0.0000	0.0000	0.0000	0.0000	0.0000	0.0000	0.0000	0.0000	0.0000	0.0000	0.0000	0.0000	0.0000	0.0000	0.0000	0.0000	0.0000	0.0000	0.0000	0.0000	0.0000	0.0000	0.0000	0.0000	0.0000	0.0000	0.0000	0.0000	0.0000	0.0000	0.0000	0.0000	0.0000	0.0000	0.0000	0.0000	0.0000	0.0000	0.0000	0.0000	0.0000	0.0000	0.0000	0.0000	0.0000	0.0000	0.0000	0.0000	0.0000	0.0000	0.0000	0.0000	0.0000											
42	93	0.1313	6	0	1	1	1	0	0	0	0	N	N	N	N	N	N	N	N	N	N	N	N	0.0000	0.0000	0.0000	0.0000	0.0000	0.0000	0.0000	0.0000	0.0000	0.0000	0.0000	0.0000	0.0000	0.0000	0.0000	0.0000	0.0000	0.0000	0.0000	0.0000	0.0003	0.0000	0.0002	0.0000	0.0000	0.0000	0.0000	0.0000	0.0000	0.0000	0.0000	0.0000	0.0000	0.0000	0.0000	0.0000	0.0000	0.0000	0.0000	0.0000	0.0000	0.0000	0.0000	0.0000	0.0000	0.0000	0.0000	0.0000	0.0000	0.0000	0.0000	0.0000	0.0000	0.0000	0.0000	0.0000	0.0000	0.0000	0.0000	0.0000	0.0000	0.0000	0.0000	0.0000	0.0000	0.0000	0.0000	0.0000	0.0000	0.0000	0.0000	0.0000	0.0000	0.0000	0.0000	0.0000	0.0000	0.0000											
42	94	0.1286	5	0	1	0	1	0	0	0	0	N	N	N	N	N	N	N	N	N	N	N	N	0.0000	0.0000	0.0000	0.0000	0.0000	0.0000	0.0000	0.0000	0.0000	0.0000	0.0000	0.0000	0.0000	0.0000	0.0000	0.0000	0.0000	0.0000	0.0000	0.0000	0.0003	1.0000	0.0002	0.0097	0.0000	0.0000	0.0000	0.0000	0.0000	0.0000	0.0000	0.0000	0.0000	0.0000	0.0000	0.0000	0.0000	0.0000	0.0000	0.0000	0.0000	0.0000	0.0000	0.0000	0.0000	0.0000	0.0000	0.0000	0.0000	0.0000	0.0000	0.0000	0.0000	0.0000	0.0000	0.0000	0.0000	0.0000	0.0000	0.0000	0.0000	0.0000	0.0000	0.0000	0.0000	0.0000	0.0000	0.0000	0.0000	0.0000	0.0000	0.0000	0.0000	0.0000	0.0000	0.0000	0.0000	0.0000											
42	95	0.1286	5	0	1	1	1	0	0	0	0	N	N	N	N	N	N	N	N	N	N	N	N	0.0000	0.0000	0.0000	0.0000	0.0000	0.0000	0.0000	0.0000	0.0000	0.0000	0.0000	0.0000	0.0000	0.0000	0.0000	0.0000	0.0000	0.0000	0.0000	0.0000	0.0003	2.0000	0.0002	3.0050	0.0000	0.0000	0.0000	0.0000	0.0000	0.0000	0.0000	0.0000	0.0000	0.0000	0.0000	0.0000	0.0000	0.0000	0.0000	0.0000	0.0000	0.0000	0.0000	0.0000	0.0000	0.0000	0.0000	0.0000	0.0000	0.0000	0.0000	0.0000	0.0000	0.0000	0.0000	0.0000	0.0000	0.0000	0.0000	0.0000	0.0000	0.0000	0.0000	0.0000	0.0000	0.0000	0.0000	0.0000	0.0000	0.0000	0.0000	0.0000	0.0000	0.0000	0.0000	0.0000	0.0000	0.0000											
42	96	0.1286	5	0	1	1	1	0	0	0	0	N	N	N	N	N	N	N	N	N	N	N	N	0.0000	0.0000	0.0000	0.0000	0.0000	0.0000	0.0000	0.0000	0.0000	0.0000	0.0000	0.0000	0.0000	0.0000	0.0000	0.0000	0.0000	0.0000	0.0000	0.0000	0.0003	0.0000	0.0002	6.9903	0.0000	0.0000	0.0000	0.0000	0.0000	0.0000	0.0000	0.0000	0.0000	0.0000	0.0000	0.0000	0.0000	0.0000	0.0000	0.0000	0.0000	0.0000	0.0000	0.0000	0.0000	0.0000	0.0000	0.0000	0.0000	0.0000	0.0000	0.0001	0.0000	0.0000	0.0000	0.0000	0.0000	0.0000	0.0000	0.0000	0.0000	0.0000	0.0000	0.0000	0.0000	0.0000	0.0000	0.0000	0.0000	0.0000	0.0000	0.0000	0.0000	0.0000	0.0000	0.0000	0.0000	0.0000											
42	97	0.1231	4	0	1	0	1	0	0	0	0	N	N	N	N	N	N	N	N	N	N	N	N	0.0000	0.0000	0.0000	0.0000	0.0000	0.0000	0.0000	0.0000	0.0000	0.0000	0.0000	0.0000	0.0000	0.0000	0.0000	0.0000	0.0000	0.0000	0.0000	0.0000	0.0003	0.9999	0.0002	1.0605	0.0000	0.0000	0.0000	0.0000	0.0000	0.0000	0.0000	0.0000	0.0000	0.0000	0.0000	0.0000	0.0000	0.0000	0.0000	0.0000	0.0000	0.0000	0.0000	0.0000	0.0000	0.0000	0.0000	0.0000	0.0000	0.0000	0.0000	0.0000	0.0000	0.0000	0.0000	0.0000	0.0000	0.0000	0.0000	0.0000	0.0000	0.0000	0.0000	0.0000	0.0000	0.0000	0.0000	0.0000	0.0000	0.0000	0.0000	0.0000	0.0000	0.0000	0.0000	0.0000	0.0000	0.0000											
42	98	0.1210	3	0	1	0	1	0	0	0	0	N	N	N	N	N	N	N	N	N	N	N	N	264.0158	219.9213	217.7557	196.8236	0.1153	0.1177	0.0000	0.1703	0.1685	0.0000	0.0000	0.0000	0.0000	0.0004	0.0005	0.0000	0.0008	0.0009	0.0000	0.0000	0.0000	0.0000	0.0833	0.0000	-0.0000	-0.0000	0.0003	0.0012	0.0002	1.0414	0.0000	0.0000	0.0000	0.0000	0.0000	0.0000	0.0000	0.0000	0.0000	0.0000	0.0000	0.0000	0.0000	0.0000	0.0000	0.0000	0.0000	0.0000	0.0000	0.0000	0.0000	0.0000	0.0000	0.0000	0.0000	0.0000	0.0000	0.0000	0.0000	0.0000	0.0000	0.0000	0.0000	0.0000	0.0000	0.0000	264.0158	219.9213	0.0000	217.7557	196.8236	0.0000	0.0000	0.0000	0.0000	0.0004	0.0005	0.0000	0.0008	0.0009	0.0000	0.0000	0.0000	0.0000					
42	99	0.0700	2	1	2	0	0	0	0	0	0	N	Y	N	N	N	N	N	N	N	N	N	N	3.0263	2.7641	3.1066	3.8377	0.1701	0.2054	0.0000	0.3374	0.4424	0.0000	0.0000	0.0000	0.0000	0.0562	0.0743	0.0000	0.1086	0.1153	0.0000	0.0000	0.0000	0.0000	0.0000	0.0000	-0.0000	-0.0000	0.0003	3.2042	0.0002	9.0918	0.0000	0.0000	0.0000	0.0000	0.0000	0.0000	0.0000	0.0000	0.0000	0.0000	0.0000	0.0000	0.0000	0.0000	0.0000	0.0000	0.0000	0.0000	0.0000	0.0000	0.0000	0.0000	0.0000	0.0000	0.0000	0.0000	0.0000	0.0001	0.0001	0.0000	0.0001	0.0001	0.0000	0.0001	0.0000	0.0000	3.0263	2.7641	0.0000	3.1066	3.8377	0.0000	0.0000	0.0000	0.0000	0.0562	0.0743	0.0000	0.1086	0.1153	0.0000	0.0000	0.0000	0.0000					
42	100	0.0700	2	0	2	0	0	0	0	0	0	N	Y	N	N	N	N	N	N	N	N	N	N	0.3088	0.3758	4.7159	0.6248	0.0000	0.0000	0.6011	0.0000	2.9206	0.9340	0.0000	3.2696	0.0000	0.0000	0.0000	1.9468	0.0000	7.7721	0.1981	0.0000	5.2334	3.8213	0.0000	8.3406	inf	inf	0.0000	0.0001	0.0003	0.7962	0.0002	10.9291	0.0000	0.0000	0.0000	0.0000	0.0000	0.0000	0.0000	0.0000	0.0000	0.0002	0.0000	0.0002	0.0000	0.0000	0.0000	0.0002	0.0000	0.0002	0.0000	0.0000	0.0000	0.0000	0.0000	0.0000	0.0000	0.0000	0.0000	0.0001	0.0001	0.0000	0.0000	0.0000	0.0000	0.0000	0.0000	0.0000	0.3088	0.0000	0.3758	4.7159	0.0000	0.9368	0.0000	0.0000	0.0000	1.9468	0.0000	7.7721	0.1981	0.0000	3.4901	3.8213	0.0000	8.3406			
42	101	0.1279	5	1	2	0	0	0	0	0	0	N	Y	N	N	N	N	N	N	N	N	N	N	0.0000	0.0000	0.0000	0.0000	0.0000	0.0000	0.0000	0.0000	0.0000	0.0000	0.0000	0.0000	0.0000	0.0000	0.0000	0.0000	0.0000	0.0000	0.0000	0.0000	0.0003	0.0000	0.0002	3.0000	0.0000	0.0000	0.0000	0.0000	0.0000	0.0000	0.0000	0.0000	0.0000	0.0000	0.0000	0.0000	0.0000	0.0000	0.0000	0.0000	0.0000	0.0000	0.0000	0.0000	0.0000	0.0000	0.0000	0.0000	0.0000	0.0000	0.0000	0.0000	0.0000	0.0000	0.0000	0.0000	0.0000	0.0000	0.0000	0.0000	0.0000	0.0000	0.0000	0.0000	0.0000	0.0000	0.0000	0.0000	0.0000	0.0000	0.0000	0.0000	0.0000	0.0000	0.0000	0.0000	0.0000	0.0000											
42	102	0.1248	4	1	2	0	0	0	0	0	0	N	Y	N	N	N	N	N	N	N	N	N	N	0.0000	0.0000	0.0000	0.0000	0.0000	0.0000	0.0000	0.0000	0.0000	0.0000	0.0000	0.0000	0.0000	0.0000	0.0000	0.0000	0.0000	0.0000	0.0000	0.0000	0.0003	0.0000	0.0002	1.0000	0.0000	0.0000	0.0000	0.0000	0.0000	0.0000	0.0000	0.0000	0.0000	0.0000	0.0000	0.0000	0.0000	0.0000	0.0000	0.0000	0.0000	0.0000	0.0000	0.0000	0.0000	0.0000	0.0000	0.0000	0.0000	0.0000	0.0000	0.0000	0.0000	0.0000	0.0000	0.0000	0.0000	0.0000	0.0000	0.0000	0.0000	0.0000	0.0000	0.0000	0.0000	0.0000	0.0000	0.0000	0.0000	0.0000	0.0000	0.0000	0.0000	0.0000	0.0000	0.0000	0.0000	0.0000											
42	103	0.1210	3	0	2	0	0	0	0	0	0	N	Y	N	N	N	N	N	N	N	N	N	N	127.2935	115.1872	105.1292	103.0568	0.0550	0.0610	0.0000	0.0813	0.0873	0.0000	0.0000	0.0000	0.0000	0.0004	0.0005	0.0000	0.0008	0.0008	0.0000	0.0000	0.0000	0.0000	0.0000	0.0000	-0.0000	-0.0000	0.0003	0.0006	0.0002	1.0534	0.0000	0.0000	0.0000	0.0000	0.0000	0.0000	0.0000	0.0000	0.0000	0.0000	0.0000	0.0000	0.0000	0.0000	0.0000	0.0000	0.0000	0.0000	0.0000	0.0000	0.0000	0.0000	0.0000	0.0000	0.0000	0.0000	0.0000	0.0000	0.0000	0.0000	0.0000	0.0000	0.0000	0.0000	0.0000	0.0000	127.2935	115.1872	0.0000	105.1292	103.0568	0.0000	0.0000	0.0000	0.0000	0.0004	0.0005	0.0000	0.0008	0.0008	0.0000	0.0000	0.0000	0.0000					
42	104	0.0700	2	0	1	0	0	0	0	0	0	N	N	N	N	N	N	N	N	N	N	N	N	2.4775	2.2393	0.0000	3.1132	3.6387	0.0000	0.0000	0.0000	0.1137	0.1340	0.0000	0.2761	0.3432	0.0000	0.0000	0.0000	0.0000	0.0459	0.0598	0.0001	0.0887	0.0943	0.0000	0.0001	0.0000	0.0001	0.0000	0.0003	-0.0000	-0.0000	0.0003	7.2034	0.0002	9.9858	0.0000	0.0000	0.0000	0.0000	0.0000	0.0000	0.0000	0.0000	0.0000	0.0000	0.0000	0.0000	0.0000	0.0000	0.0000	0.0000	0.0000	0.0000	0.0001	0.0000	0.0000	0.0000	0.0000	0.0000	0.0000	0.0000	0.0000	0.0001	0.0001	0.0000	0.0001	0.0001	0.0000	0.0001	0.0000	0.0000	2.4775	2.2393	0.0000	3.1132	3.6387	0.0000	0.0000	0.0000	0.0000	0.0459	0.0598	0.0001	0.0887	0.0943	0.0000	0.0001	0.0000	0.0001	
42	109	0.3397	6	0	1	0	0	0	0	0	0	N	N	N	N	N	N	N	N	N	N	N	N	0.0042	0.0002	inf	0.0111	0.0004	inf	0.0010	0.0000	inf	0.0021	0.0001	0.0148	0.0076	0.0004	0.5462	0.0002	0.0000	0.0010	0.4934	0.6704	0.0000	0.6843	0.8628	0.0000	0.1711	0.2676	0.0000	20.9583	0.0000	0.0000	-0.0001	0.0003	7.7801	0.0002	32.2209	0.0000	0.0000	0.0000	0.0000	0.0000	0.0000	0.0000	0.0000	0.0000	0.0001	0.0001	0.0000	0.0001	0.0001	0.0000	0.0000	0.0000	0.0000	0.0001	0.0000	0.0000	0.0000	0.0000	0.0000	0.0000	0.0000	0.0000	0.0003	0.0002	0.0001	0.0002	0.0001	0.0000	0.0001	0.0001	0.0000	0.0042	0.0002	inf	0.0111	0.0004	inf	0.0010	0.0000	inf	0.4934	0.6704	0.0000	0.6843	0.8628	0.0000	0.1711	0.2676	0.0000
43	46	0.0309	2	2	2	1	0	0	0	0	0	Y	Y	N	N	N	N	N	N	N	N	N	N	0.0000	0.0000	0.0000	0.0000	0.0000	0.0000	0.0000	0.0000	0.0000	0.0000	0.0000	0.0000	0.0000	0.0000	0.0000	0.0000	0.0000	0.0000	0.0000	0.0000	0.0000	0.7962	2.0000	12.9291	0.0000	0.0000	0.0000	0.0000	0.0000	0.0000	0.0000	0.0000	0.0000	0.0000	0.0000	0.0000	0.0000	0.0000	0.0000	0.0000	0.0000	0.0000	0.0000	0.0000	0.0000	0.0000	0.0000	0.0000	0.0000	0.0000	0.0000	0.0648	0.0381	0.0268	0.0132	0.0102	0.0030	0.0516	0.0279	0.0237	0.0000	0.0000	0.0000	0.0000	0.0000	0.0000	0.0000	0.0000	0.0000	0.0000	0.0000	0.0000	0.0000	0.0000	0.0000	0.0000	0.0000	0.0000											
43	47	0.0309	2	1	2	1	1	0	0	0	0	N	Y	N	N	N	N	N	N	N	N	N	N	0.0000	0.0000	0.0000	0.0000	0.0000	0.0000	0.0000	0.0000	0.0000	0.0000	0.0000	0.0000	0.0000	0.0000	0.0000	0.0000	0.0000	0.0000	0.0000	0.0000	0.0000	9.0000	2.0000	15.0400	0.0000	0.0000	0.0000	0.0000	0.0000	0.0000	0.0000	0.0000	0.0000	0.0000	0.0000	0.0000	0.0000	0.0000	0.0000	0.0000	0.0000	0.0000	0.0000	0.0000	0.0000	0.0000	0.0000	0.0000	0.0000	0.0000	0.0000	0.1085	0.0632	0.0453	0.0208	0.0158	0.0050	0.0877	0.0474	0.0403	0.0000	0.0000	0.0000	0.0000	0.0000	0.0000	0.0000	0.0000	0.0000	0.0000	0.0000	0.0000	0.0000	0.0000	0.0000	0.0000	0.0000	0.0000											
43	48	0.1094	3	1	1	1	1	0	0	0	0	N	N	N	N	N	N	N	N	N	N	N	N	0.0000	0.0000	0.0000	0.0000	0.0000	0.0000	0.0000	0.0000	0.0000	0.0000	0.0000	0.0000	0.0000	0.0000	0.0000	0.0511	0.0774	0.0000	0.0574	0.0697	0.0000	0.0464	0.0863	0.0000	0.0000	0.0000	-0.0005	0.0000	0.0037	2.0000	3.0208	0.0000	0.0000	0.0000	0.0000	0.0000	0.0000	0.0000	0.0000	0.0000	0.0010	0.0010	0.0000	0.0005	0.0005	0.0000	0.0005	0.0005	0.0000	0.0000	0.0000	0.0000	0.0000	0.0000	0.0000	0.0000	0.0000	0.0000	0.0188	0.0124	0.0064	0.0080	0.0066	0.0014	0.0108	0.0058	0.0050	0.0000	0.0000	0.0000	0.0000	0.0000	0.0000	0.0000	0.0000	0.0000	0.0511	0.0774	0.0000	0.0574	0.0697	0.0000	0.0464	0.0863	0.0000				
43	49	0.0309	2	1	1	1	1	0	0	0	0	N	N	N	N	N	N	N	N	N	N	N	N	0.0000	0.0000	0.0000	0.0000	0.0000	0.0000	0.0000	0.0000	0.0000	0.0000	0.0000	0.0000	0.0000	0.0000	0.0000	0.0000	0.0000	0.0000	0.0000	0.0000	0.0000	4.7960	2.0000	23.0471	0.0000	0.0000	0.0000	0.0000	0.0000	0.0000	0.0000	0.0000	0.0000	0.0000	0.0000	0.0000	0.0000	0.0000	0.0000	0.0000	0.0000	0.0000	0.0000	0.0000	0.0000	0.0000	0.0000	0.0000	0.0000	0.0000	0.0000	0.1111	0.0647	0.0464	0.0212	0.0161	0.0051	0.0899	0.0486	0.0413	0.0000	0.0000	0.0000	0.0000	0.0000	0.0000	0.0000	0.0000	0.0000	0.0000	0.0000	0.0000	0.0000	0.0000	0.0000	0.0000	0.0000	0.0000											
43	50	0.0658	3	1	2	2	0	0	0	0	0	N	Y	Y	N	N	N	N	N	N	N	N	N	0.0000	0.0000	0.0000	0.0000	0.0000	0.0000	0.0000	0.0000	0.0000	0.0000	0.0000	0.0000	0.0000	0.0000	0.0000	0.0000	0.0000	0.0000	0.0000	0.0000	0.0000	1.4428	2.0000	0.4686	0.0000	0.0000	0.0000	0.0000	0.0000	0.0000	0.0000	0.0000	0.0000	0.0000	0.0000	0.0000	0.0000	0.0000	0.0000	0.0000	0.0000	0.0000	0.0000	0.0000	0.0000	0.0000	0.0000	0.0000	0.0000	0.0000	0.0000	0.0113	0.0074	0.0039	0.0055	0.0044	0.0011	0.0058	0.0030	0.0028	0.0000	0.0000	0.0000	0.0000	0.0000	0.0000	0.0000	0.0000	0.0000	0.0000	0.0000	0.0000	0.0000	0.0000	0.0000	0.0000	0.0000	0.0000											
43	51	0.0309	2	1	2	1	0	0	0	0	0	N	Y	N	N	N	N	N	N	N	N	N	N	0.0000	0.0000	0.0000	0.0000	0.0000	0.0000	0.0000	0.0000	0.0000	0.0000	0.0000	0.0000	0.0000	0.0000	0.0000	0.0000	0.0000	0.0000	0.0000	0.0000	0.0000	7.1845	2.0000	8.0722	0.0000	0.0000	0.0000	0.0000	0.0000	0.0000	0.0000	0.0000	0.0000	0.0000	0.0000	0.0000	0.0000	0.0000	0.0000	0.0000	0.0000	0.0000	0.0000	0.0000	0.0000	0.0000	0.0000	0.0000	0.0000	0.0000	0.0000	0.0769	0.0450	0.0319	0.0154	0.0118	0.0036	0.0615	0.0332	0.0283	0.0000	0.0000	0.0000	0.0000	0.0000	0.0000	0.0000	0.0000	0.0000	0.0000	0.0000	0.0000	0.0000	0.0000	0.0000	0.0000	0.0000	0.0000											
43	52	0.0535	3	2	1	2	0	0	0	0	0	Y	N	Y	N	N	N	N	N	N	N	N	N	0.0000	0.0000	0.0000	0.0000	0.0000	0.0000	0.0000	0.0000	0.0000	0.0000	0.0000	0.0000	0.0000	0.0000	0.0000	0.0000	0.0000	0.0000	0.0000	0.0000	0.0000	0.9976	2.0000	4.7732	0.0000	0.0000	0.0000	0.0000	0.0000	0.0000	0.0000	0.0000	0.0000	0.0000	0.0000	0.0000	0.0000	0.0000	0.0000	0.0000	0.0000	0.0000	0.0000	0.0000	0.0000	0.0000	0.0000	0.0000	0.0000	0.0000	0.0000	0.0243	0.0143	0.0100	0.0059	0.0047	0.0012	0.0184	0.0095	0.0088	0.0000	0.0000	0.0000	0.0000	0.0000	0.0000	0.0000	0.0000	0.0000	0.0000	0.0000	0.0000	0.0000	0.0000	0.0000	0.0000	0.0000	0.0000											
43	53	0.0309	2	2	1	1	0	0	0	0	0	Y	N	N	N	N	N	N	N	N	N	N	N	0.0000	0.0000	0.0000	0.0000	0.0000	0.0000	0.0000	0.0000	0.0000	0.0000	0.0000	0.0000	0.0000	0.0000	0.0000	0.0000	0.0000	0.0000	0.0000	0.0000	0.0000	3.2133	2.0000	6.0120	0.0000	0.0000	0.0000	0.0000	0.0000	0.0000	0.0000	0.0000	0.0000	0.0000	0.0000	0.0000	0.0000	0.0000	0.0000	0.0000	0.0000	0.0000	0.0000	0.0000	0.0000	0.0000	0.0000	0.0000	0.0000	0.0000	0.0000	0.0510	0.0301	0.0209	0.0107	0.0083	0.0024	0.0404	0.0218	0.0185	0.0000	0.0000	0.0000	0.0000	0.0000	0.0000	0.0000	0.0000	0.0000	0.0000	0.0000	0.0000	0.0000	0.0000	0.0000	0.0000	0.0000	0.0000											
43	54	0.0309	2	2	2	1	0	0	0	0	0	Y	Y	N	N	N	N	N	N	N	N	N	N	0.0000	0.0000	0.0000	0.0000	0.0000	0.0000	0.0000	0.0000	0.0000	0.0000	0.0000	0.0000	0.0000	0.0000	0.0000	0.0000	0.0000	0.0000	0.0000	0.0000	0.0000	1.7961	2.0000	11.9291	0.0000	0.0000	0.0000	0.0000	0.0000	0.0000	0.0000	0.0000	0.0000	0.0000	0.0000	0.0000	0.0000	0.0000	0.0000	0.0000	0.0000	0.0000	0.0000	0.0000	0.0000	0.0000	0.0000	0.0000	0.0000	0.0000	0.0000	0.0648	0.0381	0.0268	0.0132	0.0102	0.0030	0.0516	0.0279	0.0237	0.0000	0.0000	0.0000	0.0000	0.0000	0.0000	0.0000	0.0000	0.0000	0.0000	0.0000	0.0000	0.0000	0.0000	0.0000	0.0000	0.0000	0.0000											
43	55	0.0521	3	1	2	1	0	0	0	0	0	N	Y	N	N	N	N	N	N	N	N	N	N	0.0000	0.0000	0.0000	0.0000	0.0000	0.0000	0.0000	0.0000	0.0000	0.0000	0.0000	0.0000	0.0000	0.0012	0.0019	0.0000	0.0043	0.0052	0.0000	0.0000	0.0000	0.0000	0.0000	0.0000	-0.0000	0.0000	0.0041	2.0000	6.2745	0.0000	0.0000	0.0000	0.0000	0.0000	0.0000	0.0000	0.0000	0.0000	0.0001	0.0001	0.0000	0.0001	0.0001	0.0000	0.0000	0.0000	0.0000	0.0000	0.0000	0.0000	0.0000	0.0000	0.0000	0.0000	0.0000	0.0000	0.0572	0.0360	0.0211	0.0162	0.0135	0.0027	0.0409	0.0225	0.0184	0.0000	0.0000	0.0000	0.0000	0.0000	0.0000	0.0000	0.0000	0.0000	0.0012	0.0019	0.0000	0.0043	0.0052	0.0000	0.0000	0.0000	0.0000						
43	56	0.1009	3	1	1	2	0	0	0	0	0	N	N	Y	N	N	N	N	N	N	N	N	N	0.0000	0.0000	0.0000	0.0000	0.0000	0.0000	0.0000	0.0000	0.0000	0.0000	0.0000	0.0000	0.0000	0.0000	0.0000	0.0000	0.0000	0.0000	0.0000	0.0000	0.0000	18.9997	2.0000	4.0000	0.0000	0.0000	0.0000	0.0000	0.0000	0.0000	0.0000	0.0000	0.0000	0.0000	0.0000	0.0000	0.0000	0.0000	0.0000	0.0000	0.0000	0.0000	0.0000	0.0000	0.0000	0.0000	0.0000	0.0000	0.0000	0.0000	0.0000	0.1048	0.0702	0.0346	0.0421	0.0352	0.0069	0.0627	0.0350	0.0277	0.0000	0.0000	0.0000	0.0000	0.0000	0.0000	0.0000	0.0000	0.0000	0.0000	0.0000	0.0000	0.0000	0.0000	0.0000	0.0000	0.0000	0.0000											
43	57	0.0309	2	1	1	1	0	0	0	0	0	N	N	N	N	N	N	N	N	N	N	N	N	0.0000	0.0000	0.0000	0.0000	0.0000	0.0000	0.0000	0.0000	0.0000	0.0000	0.0000	0.0000	0.0000	0.0000	0.0000	0.0000	0.0000	0.0000	0.0000	0.0000	0.0000	1.7961	2.0000	22.3138	0.0000	0.0000	0.0000	0.0000	0.0000	0.0000	0.0000	0.0000	0.0000	0.0000	0.0000	0.0000	0.0000	0.0000	0.0000	0.0000	0.0000	0.0000	0.0000	0.0000	0.0000	0.0000	0.0000	0.0000	0.0000	0.0000	0.0000	0.1075	0.0626	0.0448	0.0206	0.0157	0.0049	0.0869	0.0469	0.0399	0.0000	0.0000	0.0000	0.0000	0.0000	0.0000	0.0000	0.0000	0.0000	0.0000	0.0000	0.0000	0.0000	0.0000	0.0000	0.0000	0.0000	0.0000											
43	58	0.0517	4	2	2	1	0	0	0	0	0	Y	Y	N	N	N	N	N	N	N	N	N	N	0.0000	0.0000	0.0000	0.0000	0.0000	0.0000	0.0000	0.0000	0.0000	0.0000	0.0000	0.0000	0.0000	0.0000	0.0000	0.0000	0.0000	0.0000	0.0000	0.0000	0.0000	0.9359	2.0000	8.5945	0.0000	0.0000	0.0000	0.0000	0.0000	0.0000	0.0000	0.0000	0.0000	0.0000	0.0000	0.0000	0.0000	0.0000	0.0000	0.0000	0.0000	0.0000	0.0000	0.0000	0.0000	0.0000	0.0000	0.0000	0.0000	0.0000	0.0000	0.0397	0.0242	0.0155	0.0100	0.0080	0.0020	0.0297	0.0162	0.0135	0.0000	0.0000	0.0000	0.0000	0.0000	0.0000	0.0000	0.0000	0.0000	0.0000	0.0000	0.0000	0.0000	0.0000	0.0000	0.0000	0.0000	0.0000											
43	59	0.0489	3	1	2	1	0	0	0	0	0	N	Y	N	N	N	N	N	N	N	N	N	N	0.0000	0.0000	0.0000	0.0000	0.0000	0.0000	0.0000	0.0000	0.0000	0.0000	0.0000	0.0000	0.0000	0.0000	0.0000	0.0000	0.0000	0.0000	0.0000	0.0000	0.0000	0.1706	2.0000	1.8413	0.0000	0.0000	0.0000	0.0000	0.0000	0.0000	0.0000	0.0000	0.0000	0.0000	0.0000	0.0000	0.0000	0.0000	0.0000	0.0000	0.0000	0.0000	0.0000	0.0000	0.0000	0.0000	0.0000	0.0000	0.0000	0.0000	0.0000	0.0114	0.0075	0.0039	0.0035	0.0030	0.0005	0.0079	0.0045	0.0034	0.0000	0.0000	0.0000	0.0000	0.0000	0.0000	0.0000	0.0000	0.0000	0.0000	0.0000	0.0000	0.0000	0.0000	0.0000	0.0000	0.0000	0.0000											
43	60	0.0309	2	1	2	1	0	0	0	0	0	N	Y	N	N	N	N	N	N	N	N	N	N	0.0000	0.0000	0.0000	0.0000	0.0000	0.0000	0.0000	0.0000	0.0000	0.0000	0.0000	0.0000	0.0000	0.0000	0.0000	0.0000	0.0000	0.0000	0.0000	0.0000	0.0000	6.1830	2.0000	4.8458	0.0000	0.0000	0.0000	0.0000	0.0000	0.0000	0.0000	0.0000	0.0000	0.0000	0.0000	0.0000	0.0000	0.0000	0.0000	0.0000	0.0000	0.0000	0.0000	0.0000	0.0000	0.0000	0.0000	0.0000	0.0000	0.0000	0.0000	0.0592	0.0348	0.0244	0.0122	0.0094	0.0028	0.0470	0.0254	0.0216	0.0000	0.0000	0.0000	0.0000	0.0000	0.0000	0.0000	0.0000	0.0000	0.0000	0.0000	0.0000	0.0000	0.0000	0.0000	0.0000	0.0000	0.0000											
43	61	0.4239	9	1	1	1	0	0	0	0	0	N	N	N	N	N	N	N	N	N	N	N	N	0.0000	0.0000	0.0000	0.0000	0.0000	0.0000	0.0000	0.0000	0.0000	0.0000	0.0000	0.0000	0.0000	0.5854	0.9074	0.0000	1.9029	2.1626	0.0000	0.0000	0.0000	0.0000	0.0000	0.0000	-0.0248	0.0000	1.0140	2.0000	12.0537	0.0000	0.0000	0.0000	0.0000	0.0000	0.0000	0.0000	0.0000	0.0000	0.0476	0.0476	0.0000	0.0476	0.0476	0.0000	0.0000	0.0000	0.0000	0.0000	0.0000	0.0000	0.0000	0.0000	0.0000	0.0000	0.0000	0.0000	0.0814	0.0525	0.0289	0.0250	0.0220	0.0030	0.0563	0.0305	0.0259	0.0000	0.0000	0.0000	0.0000	0.0000	0.0000	0.0000	0.0000	0.0000	0.5854	0.9074	0.0000	1.9029	2.1626	0.0000	0.0000	0.0000	0.0000						
43	62	0.3480	6	1	1	1	0	0	0	0	0	N	N	N	N	N	N	N	N	N	N	N	N	0.0000	0.0000	0.0000	0.0000	0.0000	0.0000	0.0000	0.0000	0.0000	0.0000	0.0000	0.0000	0.0000	1.6033	2.3144	0.0000	3.3004	3.8827	0.0000	0.0000	0.0000	0.0000	0.0000	0.0000	-0.2550	0.0000	22.0948	2.0000	64.3951	0.0000	0.0000	0.0000	0.0000	0.0000	0.0000	0.0000	0.0000	0.0000	0.4894	0.4894	0.0000	0.4894	0.4894	0.0000	0.0000	0.0000	0.0000	0.0000	0.0000	0.0000	0.0000	0.0000	0.0000	0.0000	0.0000	0.0000	0.3052	0.2115	0.0938	0.1483	0.1260	0.0222	0.1570	0.0854	0.0715	0.0000	0.0000	0.0000	0.0000	0.0000	0.0000	0.0000	0.0000	0.0000	1.6033	2.3144	0.0000	3.3004	3.8827	0.0000	0.0000	0.0000	0.0000						
43	63	0.1412	5	1	1	1	0	0	0	0	0	N	N	N	N	N	N	N	N	N	N	N	N	0.0000	0.0000	0.0000	0.0000	0.0000	0.0000	0.0000	0.0000	0.0000	0.0000	0.0000	0.0000	0.0000	0.1042	0.1544	0.0000	0.2641	0.2999	0.0000	0.0000	0.0000	0.0000	0.0000	0.0000	-0.0091	0.0000	3.0638	2.0000	18.8214	0.0000	0.0000	0.0000	0.0000	0.0000	0.0000	0.0000	0.0000	0.0000	0.0175	0.0175	0.0000	0.0175	0.0175	0.0000	0.0000	0.0000	0.0000	0.0000	0.0000	0.0000	0.0000	0.0000	0.0000	0.0000	0.0000	0.0000	0.1678	0.1132	0.0546	0.0662	0.0583	0.0079	0.1016	0.0549	0.0467	0.0000	0.0000	0.0000	0.0000	0.0000	0.0000	0.0000	0.0000	0.0000	0.1042	0.1544	0.0000	0.2641	0.2999	0.0000	0.0000	0.0000	0.0000						
43	64	0.0521	3	2	2	2	0	0	0	0	0	Y	Y	Y	N	N	N	N	N	N	N	N	N	0.0000	0.0000	0.0000	0.0000	0.0000	0.0000	0.0000	0.0000	0.0000	0.0000	0.0000	0.0000	0.0000	0.0010	0.0016	0.0000	0.0044	0.0052	0.0000	0.0000	0.0000	0.0000	0.0000	0.0000	-0.0000	0.0000	1.0029	2.0000	8.4685	0.0000	0.0000	0.0000	0.0000	0.0000	0.0000	0.0000	0.0000	0.0000	0.0001	0.0001	0.0000	0.0001	0.0001	0.0000	0.0000	0.0000	0.0000	0.0000	0.0000	0.0000	0.0000	0.0000	0.0000	0.0000	0.0000	0.0000	0.0723	0.0442	0.0282	0.0161	0.0133	0.0027	0.0563	0.0308	0.0255	0.0000	0.0000	0.0000	0.0000	0.0000	0.0000	0.0000	0.0000	0.0000	0.0010	0.0016	0.0000	0.0044	0.0052	0.0000	0.0000	0.0000	0.0000						
43	65	0.0309	2	1	2	1	0	0	0	0	0	N	Y	N	N	N	N	N	N	N	N	N	N	0.0000	0.0000	0.0000	0.0000	0.0000	0.0000	0.0000	0.0000	0.0000	0.0000	0.0000	0.0000	0.0000	0.0000	0.0000	0.0000	0.0000	0.0000	0.0000	0.0000	0.0000	0.7961	2.0000	8.5878	0.0000	0.0000	0.0000	0.0000	0.0000	0.0000	0.0000	0.0000	0.0000	0.0000	0.0000	0.0000	0.0000	0.0000	0.0000	0.0000	0.0000	0.0000	0.0000	0.0000	0.0000	0.0000	0.0000	0.0000	0.0000	0.0000	0.0000	0.0473	0.0280	0.0193	0.0100	0.0078	0.0022	0.0373	0.0202	0.0171	0.0000	0.0000	0.0000	0.0000	0.0000	0.0000	0.0000	0.0000	0.0000	0.0000	0.0000	0.0000	0.0000	0.0000	0.0000	0.0000	0.0000	0.0000											
43	66	0.4239	9	1	2	1	0	0	0	0	0	N	Y	N	N	N	N	N	N	N	N	N	N	0.0000	0.0000	0.0000	0.0000	0.0000	0.0000	0.0000	0.0000	0.0000	0.0000	0.0000	0.0000	0.0000	0.5714	0.8866	0.0000	1.8659	2.1238	0.0000	0.0000	0.0000	0.0000	0.0000	0.0000	-0.0248	0.0000	1.0110	2.0000	12.5479	0.0000	0.0000	0.0000	0.0000	0.0000	0.0000	0.0000	0.0000	0.0000	0.0476	0.0476	0.0000	0.0476	0.0476	0.0000	0.0000	0.0000	0.0000	0.0000	0.0000	0.0000	0.0000	0.0000	0.0000	0.0000	0.0000	0.0000	0.0834	0.0537	0.0296	0.0255	0.0224	0.0031	0.0578	0.0313	0.0265	0.0000	0.0000	0.0000	0.0000	0.0000	0.0000	0.0000	0.0000	0.0000	0.5714	0.8866	0.0000	1.8659	2.1238	0.0000	0.0000	0.0000	0.0000						
43	67	0.4175	8	1	1	1	0	0	0	0	0	N	N	N	N	N	N	N	N	N	N	N	N	0.0000	0.0000	0.0000	0.0000	0.0000	0.0000	0.0000	0.0000	0.0000	0.0000	0.0000	0.0000	0.0000	0.0000	0.0000	0.0000	0.0000	0.0000	4.3035	5.2907	1.9963	7.7266	8.0064	3.1589	1.7288	1.4841	1.9845	0.1615	0.0000	-0.0682	0.0000	0.9784	2.0000	1.5217	0.0000	0.0000	0.0000	0.0000	0.0000	0.0000	0.0000	0.0000	0.0000	0.1785	0.1537	0.0248	0.1376	0.1357	0.0018	0.0409	0.0179	0.0230	0.0000	0.0000	0.0000	0.0000	0.0000	0.0000	0.0000	0.0000	0.0000	0.0415	0.0290	0.0124	0.0178	0.0170	0.0009	0.0237	0.0121	0.0116	0.0000	0.0000	0.0000	0.0000	0.0000	0.0000	0.0000	0.0000	0.0000	4.3035	5.2907	1.9963	7.7266	8.0064	2.1574	1.7288	1.4841	1.9845	
43	68	0.3873	7	1	1	1	0	0	0	0	0	N	N	N	N	N	N	N	N	N	N	N	N	0.0000	0.0000	0.0000	0.0000	0.0000	0.0000	0.0000	0.0000	0.0000	0.0000	0.0000	0.0000	0.0000	0.0000	0.0000	0.0000	0.0000	0.0000	3.6746	4.2563	2.4617	5.9655	6.4005	3.2197	2.1920	1.9818	2.4390	0.2774	0.0000	-0.0939	0.0000	1.0531	2.0000	9.0748	0.0000	0.0000	0.0000	0.0000	0.0000	0.0000	0.0000	0.0000	0.0000	0.3089	0.2418	0.0671	0.1970	0.1872	0.0098	0.1119	0.0546	0.0572	0.0000	0.0000	0.0000	0.0000	0.0000	0.0000	0.0000	0.0000	0.0000	0.0841	0.0568	0.0273	0.0330	0.0292	0.0038	0.0510	0.0276	0.0235	0.0000	0.0000	0.0000	0.0000	0.0000	0.0000	0.0000	0.0000	0.0000	3.6746	4.2563	2.4617	5.9655	6.4005	2.6028	2.1920	1.9818	2.4390	
43	69	0.0309	2	2	1	2	0	0	0	0	0	Y	N	Y	N	N	N	N	N	N	N	N	N	0.0000	0.0000	0.0000	0.0000	0.0000	0.0000	0.0000	0.0000	0.0000	0.0000	0.0000	0.0000	0.0000	0.0000	0.0000	0.0000	0.0000	0.0000	0.0000	0.0000	0.0000	0.0000	2.0000	4.9600	0.0000	0.0000	0.0000	0.0000	0.0000	0.0000	0.0000	0.0000	0.0000	0.0000	0.0000	0.0000	0.0000	0.0000	0.0000	0.0000	0.0000	0.0000	0.0000	0.0000	0.0000	0.0000	0.0000	0.0000	0.0000	0.0000	0.0000	0.0303	0.0182	0.0121	0.0067	0.0054	0.0014	0.0235	0.0128	0.0107	0.0000	0.0000	0.0000	0.0000	0.0000	0.0000	0.0000	0.0000	0.0000	0.0000	0.0000	0.0000	0.0000	0.0000	0.0000	0.0000	0.0000	0.0000											
43	71	0.0871	6	1	1	2	0	0	0	0	0	N	N	Y	N	N	N	N	N	N	N	N	N	0.0000	0.0000	0.0000	0.0000	0.0000	0.0000	0.0000	0.0000	0.0000	0.0000	0.0000	0.0000	0.0000	0.0000	0.0000	0.0000	0.0000	0.0000	0.0000	0.0000	0.0000	1.0000	2.0000	0.0055	0.0000	0.0000	0.0000	0.0000	0.0000	0.0000	0.0000	0.0000	0.0000	0.0000	0.0000	0.0000	0.0000	0.0000	0.0000	0.0000	0.0000	0.0000	0.0000	0.0000	0.0000	0.0000	0.0000	0.0000	0.0000	0.0000	0.0000	0.0034	0.0023	0.0011	0.0015	0.0013	0.0002	0.0019	0.0010	0.0009	0.0000	0.0000	0.0000	0.0000	0.0000	0.0000	0.0000	0.0000	0.0000	0.0000	0.0000	0.0000	0.0000	0.0000	0.0000	0.0000	0.0000	0.0000											
43	72	0.0805	5	1	1	2	0	0	0	0	0	N	N	Y	N	N	N	N	N	N	N	N	N	0.0000	0.0000	0.0000	0.0000	0.0000	0.0000	0.0000	0.0000	0.0000	0.0000	0.0000	0.0000	0.0000	0.0000	0.0000	0.0000	0.0000	0.0000	0.0000	0.0000	0.0000	0.0000	2.0000	1.0265	0.0000	0.0000	0.0000	0.0000	0.0000	0.0000	0.0000	0.0000	0.0000	0.0000	0.0000	0.0000	0.0000	0.0000	0.0000	0.0000	0.0000	0.0000	0.0000	0.0000	0.0000	0.0000	0.0000	0.0000	0.0000	0.0000	0.0000	0.0038	0.0026	0.0012	0.0017	0.0015	0.0002	0.0021	0.0011	0.0010	0.0000	0.0000	0.0000	0.0000	0.0000	0.0000	0.0000	0.0000	0.0000	0.0000	0.0000	0.0000	0.0000	0.0000	0.0000	0.0000	0.0000	0.0000											
43	73	0.0750	4	1	1	1	0	0	0	0	0	N	N	N	N	N	N	N	N	N	N	N	N	0.0000	0.0000	0.0000	0.0000	0.0000	0.0000	0.0000	0.0000	0.0000	0.0000	0.0000	0.0000	0.0000	0.0000	0.0000	0.0000	0.0000	0.0000	0.0000	0.0000	0.0000	0.0000	2.0000	1.0321	0.0000	0.0000	0.0000	0.0000	0.0000	0.0000	0.0000	0.0000	0.0000	0.0000	0.0000	0.0000	0.0000	0.0000	0.0000	0.0000	0.0000	0.0000	0.0000	0.0000	0.0000	0.0000	0.0000	0.0000	0.0000	0.0000	0.0000	0.0602	0.0471	0.0131	0.0302	0.0290	0.0013	0.0300	0.0182	0.0118	0.0000	0.0000	0.0000	0.0000	0.0000	0.0000	0.0000	0.0000	0.0000	0.0000	0.0000	0.0000	0.0000	0.0000	0.0000	0.0000	0.0000	0.0000											
43	74	0.0522	3	1	1	1	0	0	0	0	0	N	N	N	N	N	N	N	N	N	N	N	N	0.0000	0.0000	0.0000	0.0000	0.0000	0.0000	0.0000	0.0000	0.0000	0.0000	0.0000	0.0000	0.0000	0.0000	0.0000	0.0000	0.0000	0.0000	5.3579	7.3691	1.1512	0.8102	0.8315	0.5451	8.0572	14.1631	1.2080	0.0747	0.0000	-0.2493	0.0000	0.5629	2.0000	8.5245	0.0000	0.0000	0.0000	0.0000	0.0000	0.0000	0.0000	0.0000	0.0000	0.5520	0.5136	0.0384	0.0311	0.0295	0.0016	0.5209	0.4841	0.0368	0.0000	0.0000	0.0000	0.0000	0.0000	0.0000	0.0000	0.0000	0.0000	0.1030	0.0697	0.0333	0.0384	0.0355	0.0029	0.0646	0.0342	0.0305	0.0000	0.0000	0.0000	0.0000	0.0000	0.0000	0.0000	0.0000	0.0000	5.3579	7.3691	1.1512	0.8102	0.8315	0.5451	8.0572	14.1631	1.2080	
43	75	0.0692	4	1	2	1	0	0	0	0	0	N	Y	N	N	N	N	N	N	N	N	N	N	0.0000	0.0000	0.0000	0.0000	0.0000	0.0000	0.0000	0.0000	0.0000	0.0000	0.0000	0.0000	0.0000	0.0000	0.0000	0.0000	0.0000	0.0000	0.0000	0.0000	0.0000	1.9994	2.0000	4.0943	0.0000	0.0000	0.0000	0.0000	0.0000	0.0000	0.0000	0.0000	0.0000	0.0000	0.0000	0.0000	0.0000	0.0000	0.0000	0.0000	0.0000	0.0000	0.0000	0.0000	0.0000	0.0000	0.0000	0.0000	0.0000	0.0000	0.0000	0.0275	0.0196	0.0079	0.0155	0.0129	0.0026	0.0120	0.0067	0.0053	0.0000	0.0000	0.0000	0.0000	0.0000	0.0000	0.0000	0.0000	0.0000	0.0000	0.0000	0.0000	0.0000	0.0000	0.0000	0.0000	0.0000	0.0000											
43	76	0.0630	3	1	1	1	0	0	0	0	0	N	N	N	N	N	N	N	N	N	N	N	N	0.0000	0.0000	0.0000	0.0000	0.0000	0.0000	0.0000	0.0000	0.0000	0.0000	0.0000	0.0000	0.0000	0.0000	0.0000	0.0000	0.0000	0.0000	0.0000	0.0000	0.0000	0.0011	2.0000	2.7207	0.0000	0.0000	0.0000	0.0000	0.0000	0.0000	0.0000	0.0000	0.0000	0.0000	0.0000	0.0000	0.0000	0.0000	0.0000	0.0000	0.0000	0.0000	0.0000	0.0000	0.0000	0.0000	0.0000	0.0000	0.0000	0.0000	0.0000	0.0163	0.0116	0.0047	0.0091	0.0078	0.0013	0.0072	0.0038	0.0035	0.0000	0.0000	0.0000	0.0000	0.0000	0.0000	0.0000	0.0000	0.0000	0.0000	0.0000	0.0000	0.0000	0.0000	0.0000	0.0000	0.0000	0.0000											
43	77	0.0309	2	1	1	1	0	0	0	0	0	N	N	N	N	N	N	N	N	N	N	N	N	0.0000	0.0000	0.0000	0.0000	0.0000	0.0000	0.0000	0.0000	0.0000	0.0000	0.0000	0.0000	0.0000	0.0000	0.0000	0.0000	0.0000	0.0000	0.0000	0.0000	0.0000	0.0001	2.0000	10.0074	0.0000	0.0000	0.0000	0.0000	0.0000	0.0000	0.0000	0.0000	0.0000	0.0000	0.0000	0.0000	0.0000	0.0000	0.0000	0.0000	0.0000	0.0000	0.0000	0.0000	0.0000	0.0000	0.0000	0.0000	0.0000	0.0000	0.0000	0.0549	0.0323	0.0225	0.0114	0.0088	0.0026	0.0435	0.0235	0.0200	0.0000	0.0000	0.0000	0.0000	0.0000	0.0000	0.0000	0.0000	0.0000	0.0000	0.0000	0.0000	0.0000	0.0000	0.0000	0.0000	0.0000	0.0000											
43	78	0.0510	3	2	1	2	0	0	0	0	0	Y	N	Y	N	N	N	N	N	N	N	N	N	0.0000	0.0000	0.0000	0.0000	0.0000	0.0000	0.0000	0.0000	0.0000	0.0000	0.0000	0.0000	0.0000	0.0000	0.0000	0.0000	0.0000	0.0000	0.0000	0.0000	0.0000	1.6246	2.0000	0.0115	0.0000	0.0000	0.0000	0.0000	0.0000	0.0000	0.0000	0.0000	0.0000	0.0000	0.0000	0.0000	0.0000	0.0000	0.0000	0.0000	0.0000	0.0000	0.0000	0.0000	0.0000	0.0000	0.0000	0.0000	0.0000	0.0000	0.0000	0.0065	0.0038	0.0027	0.0014	0.0011	0.0004	0.0051	0.0027	0.0024	0.0000	0.0000	0.0000	0.0000	0.0000	0.0000	0.0000	0.0000	0.0000	0.0000	0.0000	0.0000	0.0000	0.0000	0.0000	0.0000	0.0000	0.0000											
43	79	0.0309	2	2	1	2	0	0	0	0	0	Y	N	Y	N	N	N	N	N	N	N	N	N	0.0000	0.0000	0.0000	0.0000	0.0000	0.0000	0.0000	0.0000	0.0000	0.0000	0.0000	0.0000	0.0000	0.0000	0.0000	0.0000	0.0000	0.0000	0.0000	0.0000	0.0000	8.1927	2.0000	3.9952	0.0000	0.0000	0.0000	0.0000	0.0000	0.0000	0.0000	0.0000	0.0000	0.0000	0.0000	0.0000	0.0000	0.0000	0.0000	0.0000	0.0000	0.0000	0.0000	0.0000	0.0000	0.0000	0.0000	0.0000	0.0000	0.0000	0.0000	0.0642	0.0377	0.0265	0.0131	0.0101	0.0030	0.0511	0.0276	0.0235	0.0000	0.0000	0.0000	0.0000	0.0000	0.0000	0.0000	0.0000	0.0000	0.0000	0.0000	0.0000	0.0000	0.0000	0.0000	0.0000	0.0000	0.0000											
43	80	0.0309	2	1	2	1	1	0	0	0	0	N	Y	N	N	N	N	N	N	N	N	N	N	0.0000	0.0000	0.0000	0.0000	0.0000	0.0000	0.0000	0.0000	0.0000	0.0000	0.0000	0.0000	0.0000	0.0000	0.0000	0.0000	0.0000	0.0000	0.0000	0.0000	0.0000	0.7962	2.0000	19.0091	0.0000	0.0000	0.0000	0.0000	0.0000	0.0000	0.0000	0.0000	0.0000	0.0000	0.0000	0.0000	0.0000	0.0000	0.0000	0.0000	0.0000	0.0000	0.0000	0.0000	0.0000	0.0000	0.0000	0.0000	0.0000	0.0000	0.0000	0.0866	0.0506	0.0360	0.0171	0.0131	0.0040	0.0695	0.0375	0.0320	0.0000	0.0000	0.0000	0.0000	0.0000	0.0000	0.0000	0.0000	0.0000	0.0000	0.0000	0.0000	0.0000	0.0000	0.0000	0.0000	0.0000	0.0000											
43	81	0.0309	2	1	2	1	0	0	0	0	0	N	Y	N	N	N	N	N	N	N	N	N	N	0.0000	0.0000	0.0000	0.0000	0.0000	0.0000	0.0000	0.0000	0.0000	0.0000	0.0000	0.0000	0.0000	0.0000	0.0000	0.0000	0.0000	0.0000	0.0000	0.0000	0.0000	0.7962	2.0000	25.3140	0.0000	0.0000	0.0000	0.0000	0.0000	0.0000	0.0000	0.0000	0.0000	0.0000	0.0000	0.0000	0.0000	0.0000	0.0000	0.0000	0.0000	0.0000	0.0000	0.0000	0.0000	0.0000	0.0000	0.0000	0.0000	0.0000	0.0000	0.1062	0.0619	0.0443	0.0204	0.0156	0.0049	0.0858	0.0463	0.0394	0.0000	0.0000	0.0000	0.0000	0.0000	0.0000	0.0000	0.0000	0.0000	0.0000	0.0000	0.0000	0.0000	0.0000	0.0000	0.0000	0.0000	0.0000											
43	82	0.0309	2	1	2	1	0	0	0	0	0	N	Y	N	N	N	N	N	N	N	N	N	N	0.0000	0.0000	0.0000	0.0000	0.0000	0.0000	0.0000	0.0000	0.0000	0.0000	0.0000	0.0000	0.0000	0.0000	0.0000	0.0000	0.0000	0.0000	0.0000	0.0000	0.0000	1.7961	2.0000	27.0091	0.0000	0.0000	0.0000	0.0000	0.0000	0.0000	0.0000	0.0000	0.0000	0.0000	0.0000	0.0000	0.0000	0.0000	0.0000	0.0000	0.0000	0.0000	0.0000	0.0000	0.0000	0.0000	0.0000	0.0000	0.0000	0.0000	0.0000	0.1137	0.0662	0.0475	0.0216	0.0165	0.0052	0.0921	0.0498	0.0423	0.0000	0.0000	0.0000	0.0000	0.0000	0.0000	0.0000	0.0000	0.0000	0.0000	0.0000	0.0000	0.0000	0.0000	0.0000	0.0000	0.0000	0.0000											
43	83	0.1412	5	1	1	1	0	0	0	0	0	N	N	N	N	N	N	N	N	N	N	N	N	0.0000	0.0000	0.0000	0.0000	0.0000	0.0000	0.0000	0.0000	0.0000	0.0000	0.0000	0.0000	0.0000	0.0000	0.0000	4.7881	7.3138	0.0000	0.2021	0.2357	0.0000	7.2513	13.2860	0.0000	0.0000	0.0000	-0.5275	0.0000	10.0679	2.0000	33.8159	0.0000	0.0000	0.0000	0.0000	0.0000	0.0000	0.0000	0.0000	0.0000	1.0122	1.0122	0.0000	0.0149	0.0149	0.0000	0.9973	0.9973	0.0000	0.0000	0.0000	0.0000	0.0000	0.0000	0.0000	0.0000	0.0000	0.0000	0.2114	0.1384	0.0730	0.0739	0.0633	0.0105	0.1375	0.0751	0.0625	0.0000	0.0000	0.0000	0.0000	0.0000	0.0000	0.0000	0.0000	0.0000	4.7881	7.3138	0.0000	0.2021	0.2357	0.0000	7.2513	13.2860	0.0000				
43	84	0.1136	4	1	1	1	0	0	0	0	0	N	N	N	N	N	N	N	N	N	N	N	N	0.0000	0.0000	0.0000	0.0000	0.0000	0.0000	0.0000	0.0000	0.0000	0.0000	0.0000	0.0000	0.0000	0.0000	0.0000	0.0000	0.0000	0.0000	0.2733	0.3492	0.1021	0.4070	0.4435	0.0156	0.1842	0.2438	0.1128	0.1296	0.0000	-0.0172	0.0000	0.9441	2.0000	14.0836	0.0000	0.0000	0.0000	0.0000	0.0000	0.0000	0.0000	0.0000	0.0000	0.0423	0.0374	0.0048	0.0252	0.0251	0.0001	0.0171	0.0123	0.0048	0.0000	0.0000	0.0000	0.0000	0.0000	0.0000	0.0000	0.0000	0.0000	0.1547	0.1072	0.0475	0.0619	0.0566	0.0053	0.0929	0.0506	0.0423	0.0000	0.0000	0.0000	0.0000	0.0000	0.0000	0.0000	0.0000	0.0000	0.2733	0.3492	0.1021	0.4070	0.4435	0.0156	0.1842	0.2438	0.1128	
43	85	0.3958	7	1	1	1	0	0	0	0	0	N	N	N	N	N	N	N	N	N	N	N	N	0.0000	0.0000	0.0000	0.0000	0.0000	0.0000	0.0000	0.0000	0.0000	0.0000	0.0000	0.0000	0.0000	0.0000	0.0000	0.0000	0.0000	2.3939	0.0013	7.9545	1.9332	0.0022	46.9552	2.8415	0.0000	6.3519	2649.6235	0.0000	0.2537	0.0000	15.0008	2.0000	28.2980	0.0000	0.0000	0.0000	0.0000	0.0000	0.0000	0.0000	0.0000	0.0000	0.5301	0.0002	0.5299	0.2110	0.0002	0.2108	0.3191	0.0000	0.3191	0.0000	0.0000	0.0000	0.0000	0.0000	0.0000	0.0000	0.0000	0.0000	0.2215	0.1548	0.0666	0.1091	0.0928	0.0164	0.1123	0.0621	0.0502	0.0000	0.0000	0.0000	0.0000	0.0000	0.0000	0.0000	0.0000	0.0000	2.3939	0.0013	7.9545	1.9332	0.0022	12.8707	2.8415	0.0000	6.3519		
43	86	0.3958	7	1	1	1	0	0	0	0	0	N	N	N	N	N	N	N	N	N	N	N	N	0.0000	0.0000	0.0000	0.0000	0.0000	0.0000	0.0000	0.0000	0.0000	0.0000	0.0000	0.0000	0.0000	0.0009	0.0013	0.0000	0.0018	0.0021	0.0000	0.0000	0.0000	0.0000	0.0000	0.0000	-0.0001	0.0000	10.8154	2.0000	27.4443	0.0000	0.0000	0.0000	0.0000	0.0000	0.0000	0.0000	0.0000	0.0000	0.0002	0.0002	0.0000	0.0002	0.0002	0.0000	0.0000	0.0000	0.0000	0.0000	0.0000	0.0000	0.0000	0.0000	0.0000	0.0000	0.0000	0.0000	0.2174	0.1546	0.0628	0.1134	0.0974	0.0161	0.1039	0.0572	0.0467	0.0000	0.0000	0.0000	0.0000	0.0000	0.0000	0.0000	0.0000	0.0000	0.0009	0.0013	0.0000	0.0018	0.0021	0.0000	0.0000	0.0000	0.0000						
43	87	0.3480	6	1	1	1	0	0	0	0	0	N	N	N	N	N	N	N	N	N	N	N	N	0.0000	0.0000	0.0000	0.0000	0.0000	0.0000	0.0000	0.0000	0.0000	0.0000	0.0000	0.0000	0.0000	0.0000	0.0000	0.0000	0.0000	0.0000	2.0835	1.5545	3.4457	1.9113	1.6228	5.6434	2.2965	1.4191	3.3271	0.8608	0.0000	-0.0366	0.0000	2.7608	2.0000	22.4044	0.0000	0.0000	0.0000	0.0000	0.0000	0.0000	0.0000	0.0000	0.0000	0.6250	0.3359	0.2891	0.3170	0.2331	0.0839	0.3080	0.1028	0.2052	0.0000	0.0000	0.0000	0.0000	0.0000	0.0000	0.0000	0.0000	0.0000	0.3000	0.2161	0.0839	0.1659	0.1436	0.0222	0.1341	0.0724	0.0617	0.0000	0.0000	0.0000	0.0000	0.0000	0.0000	0.0000	0.0000	0.0000	2.0835	1.5545	3.4457	1.9113	1.6228	3.7748	2.2965	1.4191	3.3271	
43	88	0.2182	5	1	1	1	0	0	0	0	0	N	N	N	N	N	N	N	N	N	N	N	N	0.0000	0.0000	0.0000	0.0000	0.0000	0.0000	0.0000	0.0000	0.0000	0.0000	0.0000	0.0000	0.0000	0.0000	0.0000	0.0000	0.0000	0.0000	1.9786	1.4147	3.1846	0.9590	0.8887	2.3577	2.7068	2.0057	3.5634	1.0527	0.0000	-0.0044	0.0000	8.8820	2.0000	49.9570	0.0000	0.0000	0.0000	0.0000	0.0000	0.0000	0.0000	0.0000	0.0000	0.5291	0.2577	0.2713	0.1068	0.0857	0.0211	0.4222	0.1721	0.2502	0.0000	0.0000	0.0000	0.0000	0.0000	0.0000	0.0000	0.0000	0.0000	0.2674	0.1822	0.0852	0.1114	0.0964	0.0150	0.1560	0.0858	0.0702	0.0000	0.0000	0.0000	0.0000	0.0000	0.0000	0.0000	0.0000	0.0000	1.9786	1.4147	3.1846	0.9590	0.8887	1.4106	2.7068	2.0057	3.5634	
43	89	0.0309	2	2	2	1	1	0	0	0	0	Y	Y	N	N	N	N	N	N	N	N	N	N	0.0000	0.0000	0.0000	0.0000	0.0000	0.0000	0.0000	0.0000	0.0000	0.0000	0.0000	0.0000	0.0000	0.0000	0.0000	0.0000	0.0000	0.0000	0.0000	0.0000	0.0000	0.7962	2.0000	16.9291	0.0000	0.0000	0.0000	0.0000	0.0000	0.0000	0.0000	0.0000	0.0000	0.0000	0.0000	0.0000	0.0000	0.0000	0.0000	0.0000	0.0000	0.0000	0.0000	0.0000	0.0000	0.0000	0.0000	0.0000	0.0000	0.0000	0.0000	0.0795	0.0465	0.0330	0.0159	0.0122	0.0037	0.0636	0.0344	0.0293	0.0000	0.0000	0.0000	0.0000	0.0000	0.0000	0.0000	0.0000	0.0000	0.0000	0.0000	0.0000	0.0000	0.0000	0.0000	0.0000	0.0000	0.0000											
43	90	0.1029	7	1	2	1	1	0	0	0	0	N	Y	N	N	N	N	N	N	N	N	N	N	0.0000	0.0000	0.0000	0.0000	0.0000	0.0000	0.0000	0.0000	0.0000	0.0000	0.0000	0.0000	0.0000	0.0000	0.0000	0.0000	0.0000	0.0000	0.0000	0.0000	0.0000	0.0000	2.0000	0.0000	0.0000	0.0000	0.0000	0.0000	0.0000	0.0000	0.0000	0.0000	0.0000	0.0000	0.0000	0.0000	0.0000	0.0000	0.0000	0.0000	0.0000	0.0000	0.0000	0.0000	0.0000	0.0000	0.0000	0.0000	0.0000	0.0000	0.0000	0.0000	0.0000	0.0000	0.0000	0.0000	0.0000	0.0000	0.0000	0.0000	0.0000	0.0000	0.0000	0.0000	0.0000	0.0000	0.0000	0.0000	0.0000	0.0000	0.0000	0.0000	0.0000	0.0000	0.0000	0.0000	0.0000	0.0000											
43	91	0.0922	6	1	2	1	1	0	0	0	0	N	Y	N	N	N	N	N	N	N	N	N	N	0.0000	0.0000	0.0000	0.0000	0.0000	0.0000	0.0000	0.0000	0.0000	0.0000	0.0000	0.0000	0.0000	0.0000	0.0000	0.0000	0.0000	0.0000	0.0000	0.0000	0.0000	1.0000	2.0000	3.0000	0.0000	0.0000	0.0000	0.0000	0.0000	0.0000	0.0000	0.0000	0.0000	0.0000	0.0000	0.0000	0.0000	0.0000	0.0000	0.0000	0.0000	0.0000	0.0000	0.0000	0.0000	0.0000	0.0000	0.0000	0.0000	0.0000	0.0000	0.0147	0.0090	0.0057	0.0048	0.0037	0.0011	0.0099	0.0053	0.0046	0.0000	0.0000	0.0000	0.0000	0.0000	0.0000	0.0000	0.0000	0.0000	0.0000	0.0000	0.0000	0.0000	0.0000	0.0000	0.0000	0.0000	0.0000											
43	92	0.0856	4	1	2	1	0	0	0	0	0	N	Y	N	N	N	N	N	N	N	N	N	N	0.0000	0.0000	0.0000	0.0000	0.0000	0.0000	0.0000	0.0000	0.0000	0.0000	0.0000	0.0000	0.0000	0.0000	0.0000	0.0000	0.0000	0.0000	0.0000	0.0000	0.0000	0.0000	2.0000	0.0000	0.0000	0.0000	0.0000	0.0000	0.0000	0.0000	0.0000	0.0000	0.0000	0.0000	0.0000	0.0000	0.0000	0.0000	0.0000	0.0000	0.0000	0.0000	0.0000	0.0000	0.0000	0.0000	0.0000	0.0000	0.0000	0.0000	0.0000	0.0000	0.0000	0.0000	0.0000	0.0000	0.0000	0.0000	0.0000	0.0000	0.0000	0.0000	0.0000	0.0000	0.0000	0.0000	0.0000	0.0000	0.0000	0.0000	0.0000	0.0000	0.0000	0.0000	0.0000	0.0000	0.0000	0.0000											
43	93	0.0922	6	1	1	2	1	0	0	0	0	N	N	Y	N	N	N	N	N	N	N	N	N	0.0000	0.0000	0.0000	0.0000	0.0000	0.0000	0.0000	0.0000	0.0000	0.0000	0.0000	0.0000	0.0000	0.0000	0.0000	0.0000	0.0000	0.0000	0.0000	0.0000	0.0000	0.0000	2.0000	0.0000	0.0000	0.0000	0.0000	0.0000	0.0000	0.0000	0.0000	0.0000	0.0000	0.0000	0.0000	0.0000	0.0000	0.0000	0.0000	0.0000	0.0000	0.0000	0.0000	0.0000	0.0000	0.0000	0.0000	0.0000	0.0000	0.0000	0.0000	0.0000	0.0000	0.0000	0.0000	0.0000	0.0000	0.0000	0.0000	0.0000	0.0000	0.0000	0.0000	0.0000	0.0000	0.0000	0.0000	0.0000	0.0000	0.0000	0.0000	0.0000	0.0000	0.0000	0.0000	0.0000	0.0000	0.0000											
43	94	0.0895	5	1	1	1	1	0	0	0	0	N	N	N	N	N	N	N	N	N	N	N	N	0.0000	0.0000	0.0000	0.0000	0.0000	0.0000	0.0000	0.0000	0.0000	0.0000	0.0000	0.0000	0.0000	0.0000	0.0000	0.0000	0.0000	0.0000	0.0000	0.0000	0.0000	1.0000	2.0000	0.0097	0.0000	0.0000	0.0000	0.0000	0.0000	0.0000	0.0000	0.0000	0.0000	0.0000	0.0000	0.0000	0.0000	0.0000	0.0000	0.0000	0.0000	0.0000	0.0000	0.0000	0.0000	0.0000	0.0000	0.0000	0.0000	0.0000	0.0000	0.0040	0.0024	0.0016	0.0014	0.0010	0.0003	0.0026	0.0014	0.0013	0.0000	0.0000	0.0000	0.0000	0.0000	0.0000	0.0000	0.0000	0.0000	0.0000	0.0000	0.0000	0.0000	0.0000	0.0000	0.0000	0.0000	0.0000											
43	95	0.0895	5	1	1	2	1	0	0	0	0	N	N	Y	N	N	N	N	N	N	N	N	N	0.0000	0.0000	0.0000	0.0000	0.0000	0.0000	0.0000	0.0000	0.0000	0.0000	0.0000	0.0000	0.0000	0.0000	0.0000	0.0000	0.0000	0.0000	0.0000	0.0000	0.0000	2.0000	2.0000	3.0050	0.0000	0.0000	0.0000	0.0000	0.0000	0.0000	0.0000	0.0000	0.0000	0.0000	0.0000	0.0000	0.0000	0.0000	0.0000	0.0000	0.0000	0.0000	0.0000	0.0000	0.0000	0.0000	0.0000	0.0000	0.0000	0.0000	0.0000	0.0183	0.0112	0.0072	0.0060	0.0046	0.0014	0.0124	0.0066	0.0058	0.0000	0.0000	0.0000	0.0000	0.0000	0.0000	0.0000	0.0000	0.0000	0.0000	0.0000	0.0000	0.0000	0.0000	0.0000	0.0000	0.0000	0.0000											
43	96	0.0895	5	1	1	2	1	0	0	0	0	N	N	Y	N	N	N	N	N	N	N	N	N	0.0000	0.0000	0.0000	0.0000	0.0000	0.0000	0.0000	0.0000	0.0000	0.0000	0.0000	0.0000	0.0000	0.0000	0.0000	0.0000	0.0000	0.0000	0.0000	0.0000	0.0000	0.0000	2.0000	6.9903	0.0000	0.0000	0.0000	0.0000	0.0000	0.0000	0.0000	0.0000	0.0000	0.0000	0.0000	0.0000	0.0000	0.0000	0.0000	0.0000	0.0000	0.0000	0.0000	0.0000	0.0000	0.0000	0.0000	0.0000	0.0000	0.0000	0.0000	0.0250	0.0152	0.0098	0.0081	0.0062	0.0019	0.0169	0.0091	0.0079	0.0000	0.0000	0.0000	0.0000	0.0000	0.0000	0.0000	0.0000	0.0000	0.0000	0.0000	0.0000	0.0000	0.0000	0.0000	0.0000	0.0000	0.0000											
43	97	0.0839	4	1	1	1	1	0	0	0	0	N	N	N	N	N	N	N	N	N	N	N	N	0.0000	0.0000	0.0000	0.0000	0.0000	0.0000	0.0000	0.0000	0.0000	0.0000	0.0000	0.0000	0.0000	0.0000	0.0000	0.0000	0.0000	0.0000	0.0000	0.0000	0.0000	0.9999	2.0000	1.0605	0.0000	0.0000	0.0000	0.0000	0.0000	0.0000	0.0000	0.0000	0.0000	0.0000	0.0000	0.0000	0.0000	0.0000	0.0000	0.0000	0.0000	0.0000	0.0000	0.0000	0.0000	0.0000	0.0000	0.0000	0.0000	0.0000	0.0000	0.0085	0.0052	0.0033	0.0028	0.0022	0.0006	0.0057	0.0030	0.0027	0.0000	0.0000	0.0000	0.0000	0.0000	0.0000	0.0000	0.0000	0.0000	0.0000	0.0000	0.0000	0.0000	0.0000	0.0000	0.0000	0.0000	0.0000											
43	98	0.0818	3	1	1	1	1	0	0	0	0	N	N	N	N	N	N	N	N	N	N	N	N	0.0000	0.0000	0.0000	0.0000	0.0000	0.0000	0.0000	0.0000	0.0000	0.0000	0.0000	0.0000	0.0000	0.0000	0.0000	0.0000	0.0000	0.0000	0.0000	0.0000	0.0000	0.0012	2.0000	1.0414	0.0000	0.0000	0.0000	0.0000	0.0000	0.0000	0.0000	0.0000	0.0000	0.0000	0.0000	0.0000	0.0000	0.0000	0.0000	0.0000	0.0000	0.0000	0.0000	0.0000	0.0000	0.0000	0.0000	0.0000	0.0000	0.0000	0.0000	0.0048	0.0030	0.0017	0.0017	0.0013	0.0003	0.0031	0.0017	0.0014	0.0000	0.0000	0.0000	0.0000	0.0000	0.0000	0.0000	0.0000	0.0000	0.0000	0.0000	0.0000	0.0000	0.0000	0.0000	0.0000	0.0000	0.0000											
43	99	0.0309	2	2	2	1	0	0	0	0	0	Y	Y	N	N	N	N	N	N	N	N	N	N	0.0000	0.0000	0.0000	0.0000	0.0000	0.0000	0.0000	0.0000	0.0000	0.0000	0.0000	0.0000	0.0000	0.0000	0.0000	0.0000	0.0000	0.0000	0.0000	0.0000	0.0000	3.2042	2.0000	9.0918	0.0000	0.0000	0.0000	0.0000	0.0000	0.0000	0.0000	0.0000	0.0000	0.0000	0.0000	0.0000	0.0000	0.0000	0.0000	0.0000	0.0000	0.0000	0.0000	0.0000	0.0000	0.0000	0.0000	0.0000	0.0000	0.0000	0.0000	0.0650	0.0382	0.0268	0.0133	0.0102	0.0030	0.0517	0.0280	0.0238	0.0000	0.0000	0.0000	0.0000	0.0000	0.0000	0.0000	0.0000	0.0000	0.0000	0.0000	0.0000	0.0000	0.0000	0.0000	0.0000	0.0000	0.0000											
43	100	0.0309	2	1	2	1	0	0	0	0	0	N	Y	N	N	N	N	N	N	N	N	N	N	0.0000	0.0000	0.0000	0.0000	0.0000	0.0000	0.0000	0.0000	0.0000	0.0000	0.0000	0.0000	0.0000	0.0000	0.0000	0.0000	0.0000	0.0000	0.0000	0.0000	0.0000	0.7962	2.0000	10.9291	0.0000	0.0000	0.0000	0.0000	0.0000	0.0000	0.0000	0.0000	0.0000	0.0000	0.0000	0.0000	0.0000	0.0000	0.0000	0.0000	0.0000	0.0000	0.0000	0.0000	0.0000	0.0000	0.0000	0.0000	0.0000	0.0000	0.0000	0.0570	0.0335	0.0234	0.0118	0.0091	0.0027	0.0452	0.0244	0.0208	0.0000	0.0000	0.0000	0.0000	0.0000	0.0000	0.0000	0.0000	0.0000	0.0000	0.0000	0.0000	0.0000	0.0000	0.0000	0.0000	0.0000	0.0000											
43	101	0.0887	5	2	2	1	0	0	0	0	0	Y	Y	N	N	N	N	N	N	N	N	N	N	0.0000	0.0000	0.0000	0.0000	0.0000	0.0000	0.0000	0.0000	0.0000	0.0000	0.0000	0.0000	0.0000	0.0000	0.0000	0.0000	0.0000	0.0000	0.0000	0.0000	0.0000	0.0000	2.0000	3.0000	0.0000	0.0000	0.0000	0.0000	0.0000	0.0000	0.0000	0.0000	0.0000	0.0000	0.0000	0.0000	0.0000	0.0000	0.0000	0.0000	0.0000	0.0000	0.0000	0.0000	0.0000	0.0000	0.0000	0.0000	0.0000	0.0000	0.0000	0.0112	0.0067	0.0045	0.0036	0.0027	0.0009	0.0076	0.0040	0.0036	0.0000	0.0000	0.0000	0.0000	0.0000	0.0000	0.0000	0.0000	0.0000	0.0000	0.0000	0.0000	0.0000	0.0000	0.0000	0.0000	0.0000	0.0000											
43	102	0.0856	4	2	2	1	0	0	0	0	0	Y	Y	N	N	N	N	N	N	N	N	N	N	0.0000	0.0000	0.0000	0.0000	0.0000	0.0000	0.0000	0.0000	0.0000	0.0000	0.0000	0.0000	0.0000	0.0000	0.0000	0.0000	0.0000	0.0000	0.0000	0.0000	0.0000	0.0000	2.0000	1.0000	0.0000	0.0000	0.0000	0.0000	0.0000	0.0000	0.0000	0.0000	0.0000	0.0000	0.0000	0.0000	0.0000	0.0000	0.0000	0.0000	0.0000	0.0000	0.0000	0.0000	0.0000	0.0000	0.0000	0.0000	0.0000	0.0000	0.0000	0.0039	0.0023	0.0016	0.0012	0.0009	0.0003	0.0026	0.0014	0.0013	0.0000	0.0000	0.0000	0.0000	0.0000	0.0000	0.0000	0.0000	0.0000	0.0000	0.0000	0.0000	0.0000	0.0000	0.0000	0.0000	0.0000	0.0000											
43	103	0.0818	3	1	2	1	0	0	0	0	0	N	Y	N	N	N	N	N	N	N	N	N	N	0.0000	0.0000	0.0000	0.0000	0.0000	0.0000	0.0000	0.0000	0.0000	0.0000	0.0000	0.0000	0.0000	0.0000	0.0000	0.0000	0.0000	0.0000	0.0000	0.0000	0.0000	0.0006	2.0000	1.0534	0.0000	0.0000	0.0000	0.0000	0.0000	0.0000	0.0000	0.0000	0.0000	0.0000	0.0000	0.0000	0.0000	0.0000	0.0000	0.0000	0.0000	0.0000	0.0000	0.0000	0.0000	0.0000	0.0000	0.0000	0.0000	0.0000	0.0000	0.0048	0.0030	0.0018	0.0017	0.0014	0.0003	0.0031	0.0017	0.0015	0.0000	0.0000	0.0000	0.0000	0.0000	0.0000	0.0000	0.0000	0.0000	0.0000	0.0000	0.0000	0.0000	0.0000	0.0000	0.0000	0.0000	0.0000											
43	104	0.0309	2	1	1	1	0	0	0	0	0	N	N	N	N	N	N	N	N	N	N	N	N	0.0000	0.0000	0.0000	0.0000	0.0000	0.0000	0.0000	0.0000	0.0000	0.0000	0.0000	0.0000	0.0000	0.0000	0.0000	0.0000	0.0000	0.0000	0.0000	0.0000	0.0000	7.2034	2.0000	9.9858	0.0000	0.0000	0.0000	0.0000	0.0000	0.0000	0.0000	0.0000	0.0000	0.0000	0.0000	0.0000	0.0000	0.0000	0.0000	0.0000	0.0000	0.0000	0.0000	0.0000	0.0000	0.0000	0.0000	0.0000	0.0000	0.0000	0.0000	0.0844	0.0493	0.0351	0.0167	0.0128	0.0039	0.0677	0.0365	0.0311	0.0000	0.0000	0.0000	0.0000	0.0000	0.0000	0.0000	0.0000	0.0000	0.0000	0.0000	0.0000	0.0000	0.0000	0.0000	0.0000	0.0000	0.0000											
43	109	0.3006	6	1	1	1	0	0	0	0	0	N	N	N	N	N	N	N	N	N	N	N	N	0.0000	0.0000	0.0000	0.0000	0.0000	0.0000	0.0000	0.0000	0.0000	0.0000	0.0000	0.0000	0.0000	0.5145	0.7466	0.0000	1.1772	1.3558	0.0000	0.0000	0.0000	0.0000	0.0000	0.0000	-0.0600	0.0000	7.7801	2.0000	32.2209	0.0000	0.0000	0.0000	0.0000	0.0000	0.0000	0.0000	0.0000	0.0000	0.1152	0.1152	0.0000	0.1152	0.1152	0.0000	0.0000	0.0000	0.0000	0.0000	0.0000	0.0000	0.0000	0.0000	0.0000	0.0000	0.0000	0.0000	0.2240	0.1543	0.0696	0.0979	0.0850	0.0129	0.1261	0.0693	0.0568	0.0000	0.0000	0.0000	0.0000	0.0000	0.0000	0.0000	0.0000	0.0000	0.5145	0.7466	0.0000	1.1772	1.3558	0.0000	0.0000	0.0000	0.0000						
44	46	0.0260	2	2	2	1	0	0	0	0	0	Y	Y	N	N	N	N	N	N	N	N	N	N	0.0000	0.0000	0.0000	0.0000	0.0000	0.0000	0.0000	0.0000	0.0000	0.0000	0.0000	0.0000	0.0000	0.0000	0.0000	0.0000	0.0000	0.0000	0.0000	0.0000	0.0000	0.7962	0.0000	12.9291	0.0000	0.0000	0.0000	0.0000	0.0000	0.0000	0.0000	0.0000	0.0000	0.0000	0.0000	0.0000	0.0000	0.0000	0.0000	0.0000	0.0000	0.0000	0.0000	0.0000	0.0000	0.0000	0.0000	0.0000	0.0000	0.0000	0.0000	0.0000	0.0000	0.0000	0.0000	0.0000	0.0000	0.0000	0.0000	0.0000	0.0000	0.0000	0.0000	0.0000	0.0000	0.0000	0.0000	0.0000	0.0000	0.0000	0.0000	0.0000	0.0000	0.0000	0.0000	0.0000	0.0000	0.0000											
44	47	0.0260	2	1	2	1	1	0	0	0	0	N	Y	N	N	N	N	N	N	N	N	N	N	0.0000	0.0000	0.0000	0.0000	0.0000	0.0000	0.0000	0.0000	0.0000	0.0000	0.0000	0.0000	0.0000	0.0000	0.0000	0.0000	0.0000	0.0000	0.0000	0.0000	0.0000	9.0000	0.0000	15.0400	0.0000	0.0000	0.0000	0.0000	0.0000	0.0000	0.0000	0.0000	0.0000	0.0000	0.0000	0.0000	0.0000	0.0000	0.0000	0.0000	0.0000	0.0000	0.0000	0.0000	0.0000	0.0000	0.0000	0.0000	0.0000	0.0000	0.0000	0.0000	0.0000	0.0000	0.0000	0.0000	0.0000	0.0000	0.0000	0.0000	0.0000	0.0000	0.0000	0.0000	0.0000	0.0000	0.0000	0.0000	0.0000	0.0000	0.0000	0.0000	0.0000	0.0000	0.0000	0.0000	0.0000	0.0000											
44	48	0.1045	3	1	1	1	1	0	0	0	0	N	N	N	N	N	N	N	N	N	N	N	N	0.0000	0.0000	0.0000	0.0000	0.0000	0.0000	0.0000	0.0000	0.0000	0.0000	0.0000	0.0000	0.0000	0.0000	0.0000	0.0141	0.0236	0.0000	0.0090	0.0152	0.0000	0.0625	0.1045	0.0000	0.0000	0.0000	-0.0000	0.0000	0.0037	0.0000	3.0208	0.0000	0.0000	0.0000	0.0000	0.0000	0.0000	0.0000	0.0000	0.0000	0.0000	0.0000	0.0000	0.0000	0.0000	0.0000	0.0000	0.0000	0.0000	0.0000	0.0000	0.0000	0.0000	0.0000	0.0000	0.0000	0.0000	0.0000	0.0000	0.0000	0.0000	0.0000	0.0000	0.0000	0.0000	0.0000	0.0000	0.0000	0.0000	0.0000	0.0000	0.0000	0.0000	0.0000	0.0000	0.0000	0.0141	0.0236	0.0000	0.0090	0.0152	0.0000	0.0625	0.1045	0.0000				
44	49	0.0260	2	1	1	1	1	0	0	0	0	N	N	N	N	N	N	N	N	N	N	N	N	0.0000	0.0000	0.0000	0.0000	0.0000	0.0000	0.0000	0.0000	0.0000	0.0000	0.0000	0.0000	0.0000	0.0000	0.0000	0.0000	0.0000	0.0000	0.0000	0.0000	0.0000	4.7960	0.0000	23.0471	0.0000	0.0000	0.0000	0.0000	0.0000	0.0000	0.0000	0.0000	0.0000	0.0000	0.0000	0.0000	0.0000	0.0000	0.0000	0.0000	0.0000	0.0000	0.0000	0.0000	0.0000	0.0000	0.0000	0.0000	0.0000	0.0000	0.0000	0.0000	0.0000	0.0000	0.0000	0.0000	0.0000	0.0000	0.0000	0.0000	0.0000	0.0000	0.0000	0.0000	0.0000	0.0000	0.0000	0.0000	0.0000	0.0000	0.0000	0.0000	0.0000	0.0000	0.0000	0.0000	0.0000	0.0000											
44	50	0.0610	3	1	2	2	0	0	0	0	0	N	Y	Y	N	N	N	N	N	N	N	N	N	0.0000	0.0000	0.0000	0.0000	0.0000	0.0000	0.0000	0.0000	0.0000	0.0000	0.0000	0.0000	0.0000	0.0000	0.0000	0.0000	0.0000	0.0000	0.0000	0.0000	0.0000	1.4428	0.0000	0.4686	0.0000	0.0000	0.0000	0.0000	0.0000	0.0000	0.0000	0.0000	0.0000	0.0000	0.0000	0.0000	0.0000	0.0000	0.0000	0.0000	0.0000	0.0000	0.0000	0.0000	0.0000	0.0000	0.0000	0.0000	0.0000	0.0000	0.0000	0.0000	0.0000	0.0000	0.0000	0.0000	0.0000	0.0000	0.0000	0.0000	0.0000	0.0000	0.0000	0.0000	0.0000	0.0000	0.0000	0.0000	0.0000	0.0000	0.0000	0.0000	0.0000	0.0000	0.0000	0.0000	0.0000	0.0000											
44	51	0.0260	2	1	2	1	0	0	0	0	0	N	Y	N	N	N	N	N	N	N	N	N	N	0.0000	0.0000	0.0000	0.0000	0.0000	0.0000	0.0000	0.0000	0.0000	0.0000	0.0000	0.0000	0.0000	0.0000	0.0000	0.0000	0.0000	0.0000	0.0000	0.0000	0.0000	7.1845	0.0000	8.0722	0.0000	0.0000	0.0000	0.0000	0.0000	0.0000	0.0000	0.0000	0.0000	0.0000	0.0000	0.0000	0.0000	0.0000	0.0000	0.0000	0.0000	0.0000	0.0000	0.0000	0.0000	0.0000	0.0000	0.0000	0.0000	0.0000	0.0000	0.0000	0.0000	0.0000	0.0000	0.0000	0.0000	0.0000	0.0000	0.0000	0.0000	0.0000	0.0000	0.0000	0.0000	0.0000	0.0000	0.0000	0.0000	0.0000	0.0000	0.0000	0.0000	0.0000	0.0000	0.0000	0.0000	0.0000											
44	52	0.0487	3	2	1	2	0	0	0	0	0	Y	N	Y	N	N	N	N	N	N	N	N	N	0.0000	0.0000	0.0000	0.0000	0.0000	0.0000	0.0000	0.0000	0.0000	0.0000	0.0000	0.0000	0.0000	0.0000	0.0000	0.0000	0.0000	0.0000	0.0000	0.0000	0.0000	0.9976	0.0000	4.7732	0.0000	0.0000	0.0000	0.0000	0.0000	0.0000	0.0000	0.0000	0.0000	0.0000	0.0000	0.0000	0.0000	0.0000	0.0000	0.0000	0.0000	0.0000	0.0000	0.0000	0.0000	0.0000	0.0000	0.0000	0.0000	0.0000	0.0000	0.0000	0.0000	0.0000	0.0000	0.0000	0.0000	0.0000	0.0000	0.0000	0.0000	0.0000	0.0000	0.0000	0.0000	0.0000	0.0000	0.0000	0.0000	0.0000	0.0000	0.0000	0.0000	0.0000	0.0000	0.0000	0.0000	0.0000											
44	53	0.0260	2	2	1	1	0	0	0	0	0	Y	N	N	N	N	N	N	N	N	N	N	N	0.0000	0.0000	0.0000	0.0000	0.0000	0.0000	0.0000	0.0000	0.0000	0.0000	0.0000	0.0000	0.0000	0.0000	0.0000	0.0000	0.0000	0.0000	0.0000	0.0000	0.0000	3.2133	0.0000	6.0120	0.0000	0.0000	0.0000	0.0000	0.0000	0.0000	0.0000	0.0000	0.0000	0.0000	0.0000	0.0000	0.0000	0.0000	0.0000	0.0000	0.0000	0.0000	0.0000	0.0000	0.0000	0.0000	0.0000	0.0000	0.0000	0.0000	0.0000	0.0000	0.0000	0.0000	0.0000	0.0000	0.0000	0.0000	0.0000	0.0000	0.0000	0.0000	0.0000	0.0000	0.0000	0.0000	0.0000	0.0000	0.0000	0.0000	0.0000	0.0000	0.0000	0.0000	0.0000	0.0000	0.0000	0.0000											
44	54	0.0260	2	2	2	1	0	0	0	0	0	Y	Y	N	N	N	N	N	N	N	N	N	N	0.0000	0.0000	0.0000	0.0000	0.0000	0.0000	0.0000	0.0000	0.0000	0.0000	0.0000	0.0000	0.0000	0.0000	0.0000	0.0000	0.0000	0.0000	0.0000	0.0000	0.0000	1.7961	0.0000	11.9291	0.0000	0.0000	0.0000	0.0000	0.0000	0.0000	0.0000	0.0000	0.0000	0.0000	0.0000	0.0000	0.0000	0.0000	0.0000	0.0000	0.0000	0.0000	0.0000	0.0000	0.0000	0.0000	0.0000	0.0000	0.0000	0.0000	0.0000	0.0000	0.0000	0.0000	0.0000	0.0000	0.0000	0.0000	0.0000	0.0000	0.0000	0.0000	0.0000	0.0000	0.0000	0.0000	0.0000	0.0000	0.0000	0.0000	0.0000	0.0000	0.0000	0.0000	0.0000	0.0000	0.0000	0.0000											
44	55	0.0473	3	1	2	1	0	0	0	0	0	N	Y	N	N	N	N	N	N	N	N	N	N	0.0000	0.0000	0.0000	0.0000	0.0000	0.0000	0.0000	0.0000	0.0000	0.0000	0.0000	0.0000	0.0000	0.0000	0.0000	0.0000	0.0000	0.0000	0.0000	0.0000	0.0000	0.0041	0.0000	6.2745	0.0000	0.0000	0.0000	0.0000	0.0000	0.0000	0.0000	0.0000	0.0000	0.0000	0.0000	0.0000	0.0000	0.0000	0.0000	0.0000	0.0000	0.0000	0.0000	0.0000	0.0000	0.0000	0.0000	0.0000	0.0000	0.0000	0.0000	0.0000	0.0000	0.0000	0.0000	0.0000	0.0000	0.0000	0.0000	0.0000	0.0000	0.0000	0.0000	0.0000	0.0000	0.0000	0.0000	0.0000	0.0000	0.0000	0.0000	0.0000	0.0000	0.0000	0.0000	0.0000	0.0000	0.0000											
44	56	0.0961	3	1	1	2	0	0	0	0	0	N	N	Y	N	N	N	N	N	N	N	N	N	0.0000	0.0000	0.0000	0.0000	0.0000	0.0000	0.0000	0.0000	0.0000	0.0000	0.0000	0.0000	0.0000	0.0000	0.0000	0.0000	0.0000	0.0000	0.0000	0.0000	0.0000	18.9997	0.0000	4.0000	0.0000	0.0000	0.0000	0.0000	0.0000	0.0000	0.0000	0.0000	0.0000	0.0000	0.0000	0.0000	0.0000	0.0000	0.0000	0.0000	0.0000	0.0000	0.0000	0.0000	0.0000	0.0000	0.0000	0.0000	0.0000	0.0000	0.0000	0.0000	0.0000	0.0000	0.0000	0.0000	0.0000	0.0000	0.0000	0.0000	0.0000	0.0000	0.0000	0.0000	0.0000	0.0000	0.0000	0.0000	0.0000	0.0000	0.0000	0.0000	0.0000	0.0000	0.0000	0.0000	0.0000	0.0000											
44	57	0.0260	2	1	1	1	0	0	0	0	0	N	N	N	N	N	N	N	N	N	N	N	N	0.0000	0.0000	0.0000	0.0000	0.0000	0.0000	0.0000	0.0000	0.0000	0.0000	0.0000	0.0000	0.0000	0.0000	0.0000	0.0000	0.0000	0.0000	0.0000	0.0000	0.0000	1.7961	0.0000	22.3138	0.0000	0.0000	0.0000	0.0000	0.0000	0.0000	0.0000	0.0000	0.0000	0.0000	0.0000	0.0000	0.0000	0.0000	0.0000	0.0000	0.0000	0.0000	0.0000	0.0000	0.0000	0.0000	0.0000	0.0000	0.0000	0.0000	0.0000	0.0000	0.0000	0.0000	0.0000	0.0000	0.0000	0.0000	0.0000	0.0000	0.0000	0.0000	0.0000	0.0000	0.0000	0.0000	0.0000	0.0000	0.0000	0.0000	0.0000	0.0000	0.0000	0.0000	0.0000	0.0000	0.0000	0.0000											
44	58	0.0468	4	2	2	1	0	0	0	0	0	Y	Y	N	N	N	N	N	N	N	N	N	N	0.0000	0.0000	0.0000	0.0000	0.0000	0.0000	0.0000	0.0000	0.0000	0.0000	0.0000	0.0000	0.0000	0.0000	0.0000	0.0000	0.0000	0.0000	0.0000	0.0000	0.0000	0.9359	0.0000	8.5945	0.0000	0.0000	0.0000	0.0000	0.0000	0.0000	0.0000	0.0000	0.0000	0.0000	0.0000	0.0000	0.0000	0.0000	0.0000	0.0000	0.0000	0.0000	0.0000	0.0000	0.0000	0.0000	0.0000	0.0000	0.0000	0.0000	0.0000	0.0000	0.0000	0.0000	0.0000	0.0000	0.0000	0.0000	0.0000	0.0000	0.0000	0.0000	0.0000	0.0000	0.0000	0.0000	0.0000	0.0000	0.0000	0.0000	0.0000	0.0000	0.0000	0.0000	0.0000	0.0000	0.0000	0.0000											
44	59	0.0441	3	1	2	1	0	0	0	0	0	N	Y	N	N	N	N	N	N	N	N	N	N	0.0000	0.0000	0.0000	0.0000	0.0000	0.0000	0.0000	0.0000	0.0000	0.0000	0.0000	0.0000	0.0000	0.0000	0.0000	0.0000	0.0000	0.0000	0.0000	0.0000	0.0000	0.1706	0.0000	1.8413	0.0000	0.0000	0.0000	0.0000	0.0000	0.0000	0.0000	0.0000	0.0000	0.0000	0.0000	0.0000	0.0000	0.0000	0.0000	0.0000	0.0000	0.0000	0.0000	0.0000	0.0000	0.0000	0.0000	0.0000	0.0000	0.0000	0.0000	0.0000	0.0000	0.0000	0.0000	0.0000	0.0000	0.0000	0.0000	0.0000	0.0000	0.0000	0.0000	0.0000	0.0000	0.0000	0.0000	0.0000	0.0000	0.0000	0.0000	0.0000	0.0000	0.0000	0.0000	0.0000	0.0000	0.0000											
44	60	0.0260	2	1	2	1	0	0	0	0	0	N	Y	N	N	N	N	N	N	N	N	N	N	0.0000	0.0000	0.0000	0.0000	0.0000	0.0000	0.0000	0.0000	0.0000	0.0000	0.0000	0.0000	0.0000	0.0000	0.0000	0.0000	0.0000	0.0000	0.0000	0.0000	0.0000	6.1830	0.0000	4.8458	0.0000	0.0000	0.0000	0.0000	0.0000	0.0000	0.0000	0.0000	0.0000	0.0000	0.0000	0.0000	0.0000	0.0000	0.0000	0.0000	0.0000	0.0000	0.0000	0.0000	0.0000	0.0000	0.0000	0.0000	0.0000	0.0000	0.0000	0.0000	0.0000	0.0000	0.0000	0.0000	0.0000	0.0000	0.0000	0.0000	0.0000	0.0000	0.0000	0.0000	0.0000	0.0000	0.0000	0.0000	0.0000	0.0000	0.0000	0.0000	0.0000	0.0000	0.0000	0.0000	0.0000	0.0000											
44	61	0.4191	9	1	1	1	0	0	0	0	0	N	N	N	N	N	N	N	N	N	N	N	N	0.0000	0.0000	0.0000	0.0000	0.0000	0.0000	0.0000	0.0000	0.0000	0.0000	0.0000	0.0000	0.0000	0.0000	0.0000	0.1182	0.0000	0.4267	0.0985	0.0000	1.3626	0.1401	0.0000	0.2902	inf	0.0000	0.0000	0.0000	1.0140	0.0000	12.0537	0.0000	0.0000	0.0000	0.0000	0.0000	0.0000	0.0000	0.0000	0.0000	0.0000	0.0000	0.0000	0.0000	0.0000	0.0000	0.0000	0.0000	0.0000	0.0000	0.0000	0.0000	0.0000	0.0000	0.0000	0.0000	0.0000	0.0000	0.0000	0.0000	0.0000	0.0000	0.0000	0.0000	0.0000	0.0000	0.0000	0.0000	0.0000	0.0000	0.0000	0.0000	0.0000	0.0000	0.0000	0.0000	0.1182	0.0000	0.4267	0.0985	0.0000	1.0735	0.1401	0.0000	0.2902				
44	62	0.3432	6	1	1	1	0	0	0	0	0	N	N	N	N	N	N	N	N	N	N	N	N	0.0000	0.0000	0.0000	0.0000	0.0000	0.0000	0.0000	0.0000	0.0000	0.0000	0.0000	0.0000	0.0000	0.0000	0.0000	0.4528	0.0000	1.7678	0.3111	0.0000	3.1797	0.6589	0.0000	1.5604	inf	0.0000	0.0000	0.0000	22.0948	0.0000	64.3951	0.0000	0.0000	0.0000	0.0000	0.0000	0.0000	0.0000	0.0000	0.0000	0.0000	0.0000	0.0000	0.0000	0.0000	0.0000	0.0000	0.0000	0.0000	0.0000	0.0000	0.0000	0.0000	0.0000	0.0000	0.0000	0.0000	0.0000	0.0000	0.0000	0.0000	0.0000	0.0000	0.0000	0.0000	0.0000	0.0000	0.0000	0.0000	0.0000	0.0000	0.0000	0.0000	0.0000	0.0000	0.0000	0.4528	0.0000	1.7678	0.3111	0.0000	2.1921	0.6589	0.0000	1.5604				
44	63	0.1364	5	1	1	1	0	0	0	0	0	N	N	N	N	N	N	N	N	N	N	N	N	0.0000	0.0000	0.0000	0.0000	0.0000	0.0000	0.0000	0.0000	0.0000	0.0000	0.0000	0.0000	0.0000	0.0000	0.0000	0.0327	0.0000	0.1463	0.0440	0.0000	0.9642	0.0214	0.0000	0.0544	inf	0.0000	0.0000	0.0000	3.0638	0.0000	18.8214	0.0000	0.0000	0.0000	0.0000	0.0000	0.0000	0.0000	0.0000	0.0000	0.0000	0.0000	0.0000	0.0000	0.0000	0.0000	0.0000	0.0000	0.0000	0.0000	0.0000	0.0000	0.0000	0.0000	0.0000	0.0000	0.0000	0.0000	0.0000	0.0000	0.0000	0.0000	0.0000	0.0000	0.0000	0.0000	0.0000	0.0000	0.0000	0.0000	0.0000	0.0000	0.0000	0.0000	0.0000	0.0000	0.0327	0.0000	0.1463	0.0440	0.0000	0.8332	0.0214	0.0000	0.0544				
44	64	0.0473	3	2	2	2	0	0	0	0	0	Y	Y	Y	N	N	N	N	N	N	N	N	N	0.0000	0.0000	0.0000	0.0000	0.0000	0.0000	0.0000	0.0000	0.0000	0.0000	0.0000	0.0000	0.0000	0.0000	0.0000	0.0000	0.0000	0.0000	0.0000	0.0000	0.0000	1.0029	0.0000	8.4685	0.0000	0.0000	0.0000	0.0000	0.0000	0.0000	0.0000	0.0000	0.0000	0.0000	0.0000	0.0000	0.0000	0.0000	0.0000	0.0000	0.0000	0.0000	0.0000	0.0000	0.0000	0.0000	0.0000	0.0000	0.0000	0.0000	0.0000	0.0000	0.0000	0.0000	0.0000	0.0000	0.0000	0.0000	0.0000	0.0000	0.0000	0.0000	0.0000	0.0000	0.0000	0.0000	0.0000	0.0000	0.0000	0.0000	0.0000	0.0000	0.0000	0.0000	0.0000	0.0000	0.0000	0.0000											
44	65	0.0260	2	1	2	1	0	0	0	0	0	N	Y	N	N	N	N	N	N	N	N	N	N	0.0000	0.0000	0.0000	0.0000	0.0000	0.0000	0.0000	0.0000	0.0000	0.0000	0.0000	0.0000	0.0000	0.0000	0.0000	0.0000	0.0000	0.0000	0.0000	0.0000	0.0000	0.7961	0.0000	8.5878	0.0000	0.0000	0.0000	0.0000	0.0000	0.0000	0.0000	0.0000	0.0000	0.0000	0.0000	0.0000	0.0000	0.0000	0.0000	0.0000	0.0000	0.0000	0.0000	0.0000	0.0000	0.0000	0.0000	0.0000	0.0000	0.0000	0.0000	0.0000	0.0000	0.0000	0.0000	0.0000	0.0000	0.0000	0.0000	0.0000	0.0000	0.0000	0.0000	0.0000	0.0000	0.0000	0.0000	0.0000	0.0000	0.0000	0.0000	0.0000	0.0000	0.0000	0.0000	0.0000	0.0000	0.0000											
44	66	0.4191	9	1	2	1	0	0	0	0	0	N	Y	N	N	N	N	N	N	N	N	N	N	0.0000	0.0000	0.0000	0.0000	0.0000	0.0000	0.0000	0.0000	0.0000	0.0000	0.0000	0.0000	0.0000	0.0000	0.0000	0.1163	0.0000	0.4223	0.0971	0.0000	1.3971	0.1375	0.0000	0.2864	inf	0.0000	0.0000	0.0000	1.0110	0.0000	12.5479	0.0000	0.0000	0.0000	0.0000	0.0000	0.0000	0.0000	0.0000	0.0000	0.0000	0.0000	0.0000	0.0000	0.0000	0.0000	0.0000	0.0000	0.0000	0.0000	0.0000	0.0000	0.0000	0.0000	0.0000	0.0000	0.0000	0.0000	0.0000	0.0000	0.0000	0.0000	0.0000	0.0000	0.0000	0.0000	0.0000	0.0000	0.0000	0.0000	0.0000	0.0000	0.0000	0.0000	0.0000	0.0000	0.1163	0.0000	0.4223	0.0971	0.0000	1.0756	0.1375	0.0000	0.2864				
44	67	0.4127	8	1	1	1	0	0	0	0	0	N	N	N	N	N	N	N	N	N	N	N	N	0.0000	0.0000	0.0000	0.0000	0.0000	0.0000	0.0000	0.0000	0.0000	0.0000	0.0000	0.0000	0.0000	0.0000	0.0000	0.0000	0.0000	0.0000	0.3244	0.1252	0.6871	0.3219	0.1568	1.2537	0.3285	0.0185	0.5187	3.0133	0.0000	0.0000	0.0000	0.9784	0.0000	1.5217	0.0000	0.0000	0.0000	0.0000	0.0000	0.0000	0.0000	0.0000	0.0000	0.0000	0.0000	0.0000	0.0000	0.0000	0.0000	0.0000	0.0000	0.0000	0.0000	0.0000	0.0000	0.0000	0.0000	0.0000	0.0000	0.0000	0.0000	0.0000	0.0000	0.0000	0.0000	0.0000	0.0000	0.0000	0.0000	0.0000	0.0000	0.0000	0.0000	0.0000	0.0000	0.0000	0.0000	0.0000	0.0000	0.3244	0.1252	0.6871	0.3219	0.1568	1.0413	0.3285	0.0185	0.5187	
44	68	0.3825	7	1	1	1	0	0	0	0	0	N	N	N	N	N	N	N	N	N	N	N	N	0.0000	0.0000	0.0000	0.0000	0.0000	0.0000	0.0000	0.0000	0.0000	0.0000	0.0000	0.0000	0.0000	0.0000	0.0000	0.0000	0.0000	0.0000	0.3807	0.2289	0.7337	0.4737	0.3088	1.3626	0.2180	0.0294	0.4487	1.3795	0.0000	0.0000	0.0000	1.0531	0.0000	9.0748	0.0000	0.0000	0.0000	0.0000	0.0000	0.0000	0.0000	0.0000	0.0000	0.0000	0.0000	0.0000	0.0000	0.0000	0.0000	0.0000	0.0000	0.0000	0.0000	0.0000	0.0000	0.0000	0.0000	0.0000	0.0000	0.0000	0.0000	0.0000	0.0000	0.0000	0.0000	0.0000	0.0000	0.0000	0.0000	0.0000	0.0000	0.0000	0.0000	0.0000	0.0000	0.0000	0.0000	0.0000	0.0000	0.3807	0.2289	0.7337	0.4737	0.3088	1.0736	0.2180	0.0294	0.4487	
44	69	0.0260	2	2	1	2	0	0	0	0	0	Y	N	Y	N	N	N	N	N	N	N	N	N	0.0000	0.0000	0.0000	0.0000	0.0000	0.0000	0.0000	0.0000	0.0000	0.0000	0.0000	0.0000	0.0000	0.0000	0.0000	0.0000	0.0000	0.0000	0.0000	0.0000	0.0000	0.0000	0.0000	4.9600	0.0000	0.0000	0.0000	0.0000	0.0000	0.0000	0.0000	0.0000	0.0000	0.0000	0.0000	0.0000	0.0000	0.0000	0.0000	0.0000	0.0000	0.0000	0.0000	0.0000	0.0000	0.0000	0.0000	0.0000	0.0000	0.0000	0.0000	0.0000	0.0000	0.0000	0.0000	0.0000	0.0000	0.0000	0.0000	0.0000	0.0000	0.0000	0.0000	0.0000	0.0000	0.0000	0.0000	0.0000	0.0000	0.0000	0.0000	0.0000	0.0000	0.0000	0.0000	0.0000	0.0000	0.0000											
44	71	0.0823	6	1	1	2	0	0	0	0	0	N	N	Y	N	N	N	N	N	N	N	N	N	0.0000	0.0000	0.0000	0.0000	0.0000	0.0000	0.0000	0.0000	0.0000	0.0000	0.0000	0.0000	0.0000	0.0000	0.0000	0.0000	0.0000	0.0000	0.0000	0.0000	0.0000	1.0000	0.0000	0.0055	0.0000	0.0000	0.0000	0.0000	0.0000	0.0000	0.0000	0.0000	0.0000	0.0000	0.0000	0.0000	0.0000	0.0000	0.0000	0.0000	0.0000	0.0000	0.0000	0.0000	0.0000	0.0000	0.0000	0.0000	0.0000	0.0000	0.0000	0.0000	0.0000	0.0000	0.0000	0.0000	0.0000	0.0000	0.0000	0.0000	0.0000	0.0000	0.0000	0.0000	0.0000	0.0000	0.0000	0.0000	0.0000	0.0000	0.0000	0.0000	0.0000	0.0000	0.0000	0.0000	0.0000	0.0000											
44	72	0.0756	5	1	1	2	0	0	0	0	0	N	N	Y	N	N	N	N	N	N	N	N	N	0.0000	0.0000	0.0000	0.0000	0.0000	0.0000	0.0000	0.0000	0.0000	0.0000	0.0000	0.0000	0.0000	0.0000	0.0000	0.0000	0.0000	0.0000	0.0000	0.0000	0.0000	0.0000	0.0000	1.0265	0.0000	0.0000	0.0000	0.0000	0.0000	0.0000	0.0000	0.0000	0.0000	0.0000	0.0000	0.0000	0.0000	0.0000	0.0000	0.0000	0.0000	0.0000	0.0000	0.0000	0.0000	0.0000	0.0000	0.0000	0.0000	0.0000	0.0000	0.0000	0.0000	0.0000	0.0000	0.0000	0.0000	0.0000	0.0000	0.0000	0.0000	0.0000	0.0000	0.0000	0.0000	0.0000	0.0000	0.0000	0.0000	0.0000	0.0000	0.0000	0.0000	0.0000	0.0000	0.0000	0.0000	0.0000											
44	73	0.0702	4	1	1	1	0	0	0	0	0	N	N	N	N	N	N	N	N	N	N	N	N	0.0000	0.0000	0.0000	0.0000	0.0000	0.0000	0.0000	0.0000	0.0000	0.0000	0.0000	0.0000	0.0000	0.0000	0.0000	0.0000	0.0000	0.0000	0.0000	0.0000	0.0000	0.0000	0.0000	1.0321	0.0000	0.0000	0.0000	0.0000	0.0000	0.0000	0.0000	0.0000	0.0000	0.0000	0.0000	0.0000	0.0000	0.0000	0.0000	0.0000	0.0000	0.0000	0.0000	0.0000	0.0000	0.0000	0.0000	0.0000	0.0000	0.0000	0.0000	0.0000	0.0000	0.0000	0.0000	0.0000	0.0000	0.0000	0.0000	0.0000	0.0000	0.0000	0.0000	0.0000	0.0000	0.0000	0.0000	0.0000	0.0000	0.0000	0.0000	0.0000	0.0000	0.0000	0.0000	0.0000	0.0000	0.0000											
44	74	0.0474	3	1	1	1	0	0	0	0	0	N	N	N	N	N	N	N	N	N	N	N	N	0.0000	0.0000	0.0000	0.0000	0.0000	0.0000	0.0000	0.0000	0.0000	0.0000	0.0000	0.0000	0.0000	0.0000	0.0000	0.0000	0.0000	0.0000	1.4932	1.9259	0.2337	2.5328	2.9537	0.4944	0.0540	0.0456	0.0681	0.0417	0.0000	-0.0000	0.0000	0.5629	0.0000	8.5245	0.0000	0.0000	0.0000	0.0000	0.0000	0.0000	0.0000	0.0000	0.0000	0.0000	0.0000	0.0000	0.0000	0.0000	0.0000	0.0000	0.0000	0.0000	0.0000	0.0000	0.0000	0.0000	0.0000	0.0000	0.0000	0.0000	0.0000	0.0000	0.0000	0.0000	0.0000	0.0000	0.0000	0.0000	0.0000	0.0000	0.0000	0.0000	0.0000	0.0000	0.0000	0.0000	0.0000	0.0000	0.0000	1.4932	1.9259	0.2337	2.5328	2.9537	0.4944	0.0540	0.0456	0.0681	
44	75	0.0644	4	1	2	1	0	0	0	0	0	N	Y	N	N	N	N	N	N	N	N	N	N	0.0000	0.0000	0.0000	0.0000	0.0000	0.0000	0.0000	0.0000	0.0000	0.0000	0.0000	0.0000	0.0000	0.0000	0.0000	0.0000	0.0000	0.0000	0.0000	0.0000	0.0000	1.9994	0.0000	4.0943	0.0000	0.0000	0.0000	0.0000	0.0000	0.0000	0.0000	0.0000	0.0000	0.0000	0.0000	0.0000	0.0000	0.0000	0.0000	0.0000	0.0000	0.0000	0.0000	0.0000	0.0000	0.0000	0.0000	0.0000	0.0000	0.0000	0.0000	0.0000	0.0000	0.0000	0.0000	0.0000	0.0000	0.0000	0.0000	0.0000	0.0000	0.0000	0.0000	0.0000	0.0000	0.0000	0.0000	0.0000	0.0000	0.0000	0.0000	0.0000	0.0000	0.0000	0.0000	0.0000	0.0000	0.0000											
44	76	0.0581	3	1	1	1	0	0	0	0	0	N	N	N	N	N	N	N	N	N	N	N	N	0.0000	0.0000	0.0000	0.0000	0.0000	0.0000	0.0000	0.0000	0.0000	0.0000	0.0000	0.0000	0.0000	0.0000	0.0000	0.0000	0.0000	0.0000	0.0000	0.0000	0.0000	0.0011	0.0000	2.7207	0.0000	0.0000	0.0000	0.0000	0.0000	0.0000	0.0000	0.0000	0.0000	0.0000	0.0000	0.0000	0.0000	0.0000	0.0000	0.0000	0.0000	0.0000	0.0000	0.0000	0.0000	0.0000	0.0000	0.0000	0.0000	0.0000	0.0000	0.0000	0.0000	0.0000	0.0000	0.0000	0.0000	0.0000	0.0000	0.0000	0.0000	0.0000	0.0000	0.0000	0.0000	0.0000	0.0000	0.0000	0.0000	0.0000	0.0000	0.0000	0.0000	0.0000	0.0000	0.0000	0.0000	0.0000											
44	77	0.0260	2	1	1	1	0	0	0	0	0	N	N	N	N	N	N	N	N	N	N	N	N	0.0000	0.0000	0.0000	0.0000	0.0000	0.0000	0.0000	0.0000	0.0000	0.0000	0.0000	0.0000	0.0000	0.0000	0.0000	0.0000	0.0000	0.0000	0.0000	0.0000	0.0000	0.0001	0.0000	10.0074	0.0000	0.0000	0.0000	0.0000	0.0000	0.0000	0.0000	0.0000	0.0000	0.0000	0.0000	0.0000	0.0000	0.0000	0.0000	0.0000	0.0000	0.0000	0.0000	0.0000	0.0000	0.0000	0.0000	0.0000	0.0000	0.0000	0.0000	0.0000	0.0000	0.0000	0.0000	0.0000	0.0000	0.0000	0.0000	0.0000	0.0000	0.0000	0.0000	0.0000	0.0000	0.0000	0.0000	0.0000	0.0000	0.0000	0.0000	0.0000	0.0000	0.0000	0.0000	0.0000	0.0000	0.0000											
44	78	0.0462	3	2	1	2	0	0	0	0	0	Y	N	Y	N	N	N	N	N	N	N	N	N	0.0000	0.0000	0.0000	0.0000	0.0000	0.0000	0.0000	0.0000	0.0000	0.0000	0.0000	0.0000	0.0000	0.0000	0.0000	0.0000	0.0000	0.0000	0.0000	0.0000	0.0000	1.6246	0.0000	0.0115	0.0000	0.0000	0.0000	0.0000	0.0000	0.0000	0.0000	0.0000	0.0000	0.0000	0.0000	0.0000	0.0000	0.0000	0.0000	0.0000	0.0000	0.0000	0.0000	0.0000	0.0000	0.0000	0.0000	0.0000	0.0000	0.0000	0.0000	0.0000	0.0000	0.0000	0.0000	0.0000	0.0000	0.0000	0.0000	0.0000	0.0000	0.0000	0.0000	0.0000	0.0000	0.0000	0.0000	0.0000	0.0000	0.0000	0.0000	0.0000	0.0000	0.0000	0.0000	0.0000	0.0000	0.0000											
44	79	0.0260	2	2	1	2	0	0	0	0	0	Y	N	Y	N	N	N	N	N	N	N	N	N	0.0000	0.0000	0.0000	0.0000	0.0000	0.0000	0.0000	0.0000	0.0000	0.0000	0.0000	0.0000	0.0000	0.0000	0.0000	0.0000	0.0000	0.0000	0.0000	0.0000	0.0000	8.1927	0.0000	3.9952	0.0000	0.0000	0.0000	0.0000	0.0000	0.0000	0.0000	0.0000	0.0000	0.0000	0.0000	0.0000	0.0000	0.0000	0.0000	0.0000	0.0000	0.0000	0.0000	0.0000	0.0000	0.0000	0.0000	0.0000	0.0000	0.0000	0.0000	0.0000	0.0000	0.0000	0.0000	0.0000	0.0000	0.0000	0.0000	0.0000	0.0000	0.0000	0.0000	0.0000	0.0000	0.0000	0.0000	0.0000	0.0000	0.0000	0.0000	0.0000	0.0000	0.0000	0.0000	0.0000	0.0000	0.0000											
44	80	0.0260	2	1	2	1	1	0	0	0	0	N	Y	N	N	N	N	N	N	N	N	N	N	0.0000	0.0000	0.0000	0.0000	0.0000	0.0000	0.0000	0.0000	0.0000	0.0000	0.0000	0.0000	0.0000	0.0000	0.0000	0.0000	0.0000	0.0000	0.0000	0.0000	0.0000	0.7962	0.0000	19.0091	0.0000	0.0000	0.0000	0.0000	0.0000	0.0000	0.0000	0.0000	0.0000	0.0000	0.0000	0.0000	0.0000	0.0000	0.0000	0.0000	0.0000	0.0000	0.0000	0.0000	0.0000	0.0000	0.0000	0.0000	0.0000	0.0000	0.0000	0.0000	0.0000	0.0000	0.0000	0.0000	0.0000	0.0000	0.0000	0.0000	0.0000	0.0000	0.0000	0.0000	0.0000	0.0000	0.0000	0.0000	0.0000	0.0000	0.0000	0.0000	0.0000	0.0000	0.0000	0.0000	0.0000	0.0000											
44	81	0.0260	2	1	2	1	0	0	0	0	0	N	Y	N	N	N	N	N	N	N	N	N	N	0.0000	0.0000	0.0000	0.0000	0.0000	0.0000	0.0000	0.0000	0.0000	0.0000	0.0000	0.0000	0.0000	0.0000	0.0000	0.0000	0.0000	0.0000	0.0000	0.0000	0.0000	0.7962	0.0000	25.3140	0.0000	0.0000	0.0000	0.0000	0.0000	0.0000	0.0000	0.0000	0.0000	0.0000	0.0000	0.0000	0.0000	0.0000	0.0000	0.0000	0.0000	0.0000	0.0000	0.0000	0.0000	0.0000	0.0000	0.0000	0.0000	0.0000	0.0000	0.0000	0.0000	0.0000	0.0000	0.0000	0.0000	0.0000	0.0000	0.0000	0.0000	0.0000	0.0000	0.0000	0.0000	0.0000	0.0000	0.0000	0.0000	0.0000	0.0000	0.0000	0.0000	0.0000	0.0000	0.0000	0.0000	0.0000											
44	82	0.0260	2	1	2	1	0	0	0	0	0	N	Y	N	N	N	N	N	N	N	N	N	N	0.0000	0.0000	0.0000	0.0000	0.0000	0.0000	0.0000	0.0000	0.0000	0.0000	0.0000	0.0000	0.0000	0.0000	0.0000	0.0000	0.0000	0.0000	0.0000	0.0000	0.0000	1.7961	0.0000	27.0091	0.0000	0.0000	0.0000	0.0000	0.0000	0.0000	0.0000	0.0000	0.0000	0.0000	0.0000	0.0000	0.0000	0.0000	0.0000	0.0000	0.0000	0.0000	0.0000	0.0000	0.0000	0.0000	0.0000	0.0000	0.0000	0.0000	0.0000	0.0000	0.0000	0.0000	0.0000	0.0000	0.0000	0.0000	0.0000	0.0000	0.0000	0.0000	0.0000	0.0000	0.0000	0.0000	0.0000	0.0000	0.0000	0.0000	0.0000	0.0000	0.0000	0.0000	0.0000	0.0000	0.0000	0.0000											
44	83	0.1364	5	1	1	1	0	0	0	0	0	N	N	N	N	N	N	N	N	N	N	N	N	0.0000	0.0000	0.0000	0.0000	0.0000	0.0000	0.0000	0.0000	0.0000	0.0000	0.0000	0.0000	0.0000	0.0000	0.0000	0.0225	0.0000	0.1056	0.0311	0.0000	0.9875	0.0144	0.0000	0.0378	inf	0.0000	0.0000	0.0000	10.0679	0.0000	33.8159	0.0000	0.0000	0.0000	0.0000	0.0000	0.0000	0.0000	0.0000	0.0000	0.0000	0.0000	0.0000	0.0000	0.0000	0.0000	0.0000	0.0000	0.0000	0.0000	0.0000	0.0000	0.0000	0.0000	0.0000	0.0000	0.0000	0.0000	0.0000	0.0000	0.0000	0.0000	0.0000	0.0000	0.0000	0.0000	0.0000	0.0000	0.0000	0.0000	0.0000	0.0000	0.0000	0.0000	0.0000	0.0000	0.0225	0.0000	0.1056	0.0311	0.0000	0.8397	0.0144	0.0000	0.0378				
44	84	0.1088	4	1	1	1	0	0	0	0	0	N	N	N	N	N	N	N	N	N	N	N	N	0.0000	0.0000	0.0000	0.0000	0.0000	0.0000	0.0000	0.0000	0.0000	0.0000	0.0000	0.0000	0.0000	0.0000	0.0000	0.0000	0.0000	0.0994	0.0486	0.2621	0.1519	0.0779	1.0203	0.0430	0.0000	0.1050	1.6864	0.0000	0.0000	0.0000	0.9441	0.0000	14.0836	0.0000	0.0000	0.0000	0.0000	0.0000	0.0000	0.0000	0.0000	0.0000	0.0000	0.0000	0.0000	0.0000	0.0000	0.0000	0.0000	0.0000	0.0000	0.0000	0.0000	0.0000	0.0000	0.0000	0.0000	0.0000	0.0000	0.0000	0.0000	0.0000	0.0000	0.0000	0.0000	0.0000	0.0000	0.0000	0.0000	0.0000	0.0000	0.0000	0.0000	0.0000	0.0000	0.0000	0.0000	0.0000	0.0994	0.0486	0.2621	0.1519	0.0779	0.9800	0.0430	0.0000	0.1050		
44	85	0.3910	7	1	1	1	0	0	0	0	0	N	N	N	N	N	N	N	N	N	N	N	N	0.0000	0.0000	0.0000	0.0000	0.0000	0.0000	0.0000	0.0000	0.0000	0.0000	0.0000	0.0000	0.0000	0.4927	0.6721	0.0000	0.8152	0.9643	0.0000	0.0000	0.0000	0.0000	0.0000	0.0000	-0.0000	0.0000	15.0008	0.0000	28.2980	0.0000	0.0000	0.0000	0.0000	0.0000	0.0000	0.0000	0.0000	0.0000	0.0000	0.0000	0.0000	0.0000	0.0000	0.0000	0.0000	0.0000	0.0000	0.0000	0.0000	0.0000	0.0000	0.0000	0.0000	0.0000	0.0000	0.0000	0.0000	0.0000	0.0000	0.0000	0.0000	0.0000	0.0000	0.0000	0.0000	0.0000	0.0000	0.0000	0.0000	0.0000	0.0000	0.0000	0.0000	0.0000	0.4927	0.6721	0.0000	0.8152	0.9643	0.0000	0.0000	0.0000	0.0000						
44	86	0.3910	7	1	1	1	0	0	0	0	0	N	N	N	N	N	N	N	N	N	N	N	N	0.0000	0.0000	0.0000	0.0000	0.0000	0.0000	0.0000	0.0000	0.0000	0.0000	0.0000	0.0000	0.0000	0.0000	0.0000	0.0000	0.0000	0.0000	0.0000	0.0000	0.0000	10.8154	0.0000	27.4443	0.0000	0.0000	0.0000	0.0000	0.0000	0.0000	0.0000	0.0000	0.0000	0.0000	0.0000	0.0000	0.0000	0.0000	0.0000	0.0000	0.0000	0.0000	0.0000	0.0000	0.0000	0.0000	0.0000	0.0000	0.0000	0.0000	0.0000	0.0000	0.0000	0.0000	0.0000	0.0000	0.0000	0.0000	0.0000	0.0000	0.0000	0.0000	0.0000	0.0000	0.0000	0.0000	0.0000	0.0000	0.0000	0.0000	0.0000	0.0000	0.0000	0.0000	0.0000	0.0000	0.0000	0.0000											
44	87	0.3432	6	1	1	1	0	0	0	0	0	N	N	N	N	N	N	N	N	N	N	N	N	0.0000	0.0000	0.0000	0.0000	0.0000	0.0000	0.0000	0.0000	0.0000	0.0000	0.0000	0.0000	0.0000	0.0000	0.0000	0.0000	0.0000	0.0000	0.4848	0.5237	0.3964	0.5911	0.6155	0.4711	0.3125	0.2625	0.3574	0.3332	0.0000	-0.0000	0.0000	2.7608	0.0000	22.4044	0.0000	0.0000	0.0000	0.0000	0.0000	0.0000	0.0000	0.0000	0.0000	0.0000	0.0000	0.0000	0.0000	0.0000	0.0000	0.0000	0.0000	0.0000	0.0000	0.0000	0.0000	0.0000	0.0000	0.0000	0.0000	0.0000	0.0000	0.0000	0.0000	0.0000	0.0000	0.0000	0.0000	0.0000	0.0000	0.0000	0.0000	0.0000	0.0000	0.0000	0.0000	0.0000	0.0000	0.0000	0.0000	0.4848	0.5237	0.3964	0.5911	0.6155	0.4711	0.3125	0.2625	0.3574	
44	88	0.2134	5	1	1	1	0	0	0	0	0	N	N	N	N	N	N	N	N	N	N	N	N	0.0000	0.0000	0.0000	0.0000	0.0000	0.0000	0.0000	0.0000	0.0000	0.0000	0.0000	0.0000	0.0000	0.0000	0.0000	0.0000	0.0000	0.0000	0.5751	0.6604	0.3025	0.9779	1.0027	0.7814	0.1025	0.0501	0.1795	0.1434	0.0000	-0.0000	0.0000	8.8820	0.0000	49.9570	0.0000	0.0000	0.0000	0.0000	0.0000	0.0000	0.0000	0.0000	0.0000	0.0000	0.0000	0.0000	0.0000	0.0000	0.0000	0.0000	0.0000	0.0000	0.0000	0.0000	0.0000	0.0000	0.0000	0.0000	0.0000	0.0000	0.0000	0.0000	0.0000	0.0000	0.0000	0.0000	0.0000	0.0000	0.0000	0.0000	0.0000	0.0000	0.0000	0.0000	0.0000	0.0000	0.0000	0.0000	0.0000	0.5751	0.6604	0.3025	0.9779	1.0027	0.7451	0.1025	0.0501	0.1795	
44	89	0.0260	2	2	2	1	1	0	0	0	0	Y	Y	N	N	N	N	N	N	N	N	N	N	0.0000	0.0000	0.0000	0.0000	0.0000	0.0000	0.0000	0.0000	0.0000	0.0000	0.0000	0.0000	0.0000	0.0000	0.0000	0.0000	0.0000	0.0000	0.0000	0.0000	0.0000	0.7962	0.0000	16.9291	0.0000	0.0000	0.0000	0.0000	0.0000	0.0000	0.0000	0.0000	0.0000	0.0000	0.0000	0.0000	0.0000	0.0000	0.0000	0.0000	0.0000	0.0000	0.0000	0.0000	0.0000	0.0000	0.0000	0.0000	0.0000	0.0000	0.0000	0.0000	0.0000	0.0000	0.0000	0.0000	0.0000	0.0000	0.0000	0.0000	0.0000	0.0000	0.0000	0.0000	0.0000	0.0000	0.0000	0.0000	0.0000	0.0000	0.0000	0.0000	0.0000	0.0000	0.0000	0.0000	0.0000	0.0000											
44	90	0.0980	7	1	2	1	1	0	0	0	0	N	Y	N	N	N	N	N	N	N	N	N	N	0.0000	0.0000	0.0000	0.0000	0.0000	0.0000	0.0000	0.0000	0.0000	0.0000	0.0000	0.0000	0.0000	0.0000	0.0000	0.0000	0.0000	0.0000	0.0000	0.0000	0.0000	0.0000	0.0000	0.0000	0.0000	0.0000	0.0000	0.0000	0.0000	0.0000	0.0000	0.0000	0.0000	0.0000	0.0000	0.0000	0.0000	0.0000	0.0000	0.0000	0.0000	0.0000	0.0000	0.0000	0.0000	0.0000	0.0000	0.0000	0.0000	0.0000	0.0000	0.0000	0.0000	0.0000	0.0000	0.0000	0.0000	0.0000	0.0000	0.0000	0.0000	0.0000	0.0000	0.0000	0.0000	0.0000	0.0000	0.0000	0.0000	0.0000	0.0000	0.0000	0.0000	0.0000	0.0000	0.0000	0.0000	0.0000											
44	91	0.0873	6	1	2	1	1	0	0	0	0	N	Y	N	N	N	N	N	N	N	N	N	N	0.0000	0.0000	0.0000	0.0000	0.0000	0.0000	0.0000	0.0000	0.0000	0.0000	0.0000	0.0000	0.0000	0.0000	0.0000	0.0000	0.0000	0.0000	0.0000	0.0000	0.0000	1.0000	0.0000	3.0000	0.0000	0.0000	0.0000	0.0000	0.0000	0.0000	0.0000	0.0000	0.0000	0.0000	0.0000	0.0000	0.0000	0.0000	0.0000	0.0000	0.0000	0.0000	0.0000	0.0000	0.0000	0.0000	0.0000	0.0000	0.0000	0.0000	0.0000	0.0000	0.0000	0.0000	0.0000	0.0000	0.0000	0.0000	0.0000	0.0000	0.0000	0.0000	0.0000	0.0000	0.0000	0.0000	0.0000	0.0000	0.0000	0.0000	0.0000	0.0000	0.0000	0.0000	0.0000	0.0000	0.0000	0.0000											
44	92	0.0808	4	1	2	1	0	0	0	0	0	N	Y	N	N	N	N	N	N	N	N	N	N	0.0000	0.0000	0.0000	0.0000	0.0000	0.0000	0.0000	0.0000	0.0000	0.0000	0.0000	0.0000	0.0000	0.0000	0.0000	0.0000	0.0000	0.0000	0.0000	0.0000	0.0000	0.0000	0.0000	0.0000	0.0000	0.0000	0.0000	0.0000	0.0000	0.0000	0.0000	0.0000	0.0000	0.0000	0.0000	0.0000	0.0000	0.0000	0.0000	0.0000	0.0000	0.0000	0.0000	0.0000	0.0000	0.0000	0.0000	0.0000	0.0000	0.0000	0.0000	0.0000	0.0000	0.0000	0.0000	0.0000	0.0000	0.0000	0.0000	0.0000	0.0000	0.0000	0.0000	0.0000	0.0000	0.0000	0.0000	0.0000	0.0000	0.0000	0.0000	0.0000	0.0000	0.0000	0.0000	0.0000	0.0000	0.0000											
44	93	0.0873	6	1	1	2	1	0	0	0	0	N	N	Y	N	N	N	N	N	N	N	N	N	0.0000	0.0000	0.0000	0.0000	0.0000	0.0000	0.0000	0.0000	0.0000	0.0000	0.0000	0.0000	0.0000	0.0000	0.0000	0.0000	0.0000	0.0000	0.0000	0.0000	0.0000	0.0000	0.0000	0.0000	0.0000	0.0000	0.0000	0.0000	0.0000	0.0000	0.0000	0.0000	0.0000	0.0000	0.0000	0.0000	0.0000	0.0000	0.0000	0.0000	0.0000	0.0000	0.0000	0.0000	0.0000	0.0000	0.0000	0.0000	0.0000	0.0000	0.0000	0.0000	0.0000	0.0000	0.0000	0.0000	0.0000	0.0000	0.0000	0.0000	0.0000	0.0000	0.0000	0.0000	0.0000	0.0000	0.0000	0.0000	0.0000	0.0000	0.0000	0.0000	0.0000	0.0000	0.0000	0.0000	0.0000	0.0000											
44	94	0.0846	5	1	1	1	1	0	0	0	0	N	N	N	N	N	N	N	N	N	N	N	N	0.0000	0.0000	0.0000	0.0000	0.0000	0.0000	0.0000	0.0000	0.0000	0.0000	0.0000	0.0000	0.0000	0.0000	0.0000	0.0000	0.0000	0.0000	0.0000	0.0000	0.0000	1.0000	0.0000	0.0097	0.0000	0.0000	0.0000	0.0000	0.0000	0.0000	0.0000	0.0000	0.0000	0.0000	0.0000	0.0000	0.0000	0.0000	0.0000	0.0000	0.0000	0.0000	0.0000	0.0000	0.0000	0.0000	0.0000	0.0000	0.0000	0.0000	0.0000	0.0000	0.0000	0.0000	0.0000	0.0000	0.0000	0.0000	0.0000	0.0000	0.0000	0.0000	0.0000	0.0000	0.0000	0.0000	0.0000	0.0000	0.0000	0.0000	0.0000	0.0000	0.0000	0.0000	0.0000	0.0000	0.0000	0.0000											
44	95	0.0846	5	1	1	2	1	0	0	0	0	N	N	Y	N	N	N	N	N	N	N	N	N	0.0000	0.0000	0.0000	0.0000	0.0000	0.0000	0.0000	0.0000	0.0000	0.0000	0.0000	0.0000	0.0000	0.0000	0.0000	0.0000	0.0000	0.0000	0.0000	0.0000	0.0000	2.0000	0.0000	3.0050	0.0000	0.0000	0.0000	0.0000	0.0000	0.0000	0.0000	0.0000	0.0000	0.0000	0.0000	0.0000	0.0000	0.0000	0.0000	0.0000	0.0000	0.0000	0.0000	0.0000	0.0000	0.0000	0.0000	0.0000	0.0000	0.0000	0.0000	0.0000	0.0000	0.0000	0.0000	0.0000	0.0000	0.0000	0.0000	0.0000	0.0000	0.0000	0.0000	0.0000	0.0000	0.0000	0.0000	0.0000	0.0000	0.0000	0.0000	0.0000	0.0000	0.0000	0.0000	0.0000	0.0000	0.0000											
44	96	0.0846	5	1	1	2	1	0	0	0	0	N	N	Y	N	N	N	N	N	N	N	N	N	0.0000	0.0000	0.0000	0.0000	0.0000	0.0000	0.0000	0.0000	0.0000	0.0000	0.0000	0.0000	0.0000	0.0000	0.0000	0.0000	0.0000	0.0000	0.0000	0.0000	0.0000	0.0000	0.0000	6.9903	0.0000	0.0000	0.0000	0.0000	0.0000	0.0000	0.0000	0.0000	0.0000	0.0000	0.0000	0.0000	0.0000	0.0000	0.0000	0.0000	0.0000	0.0000	0.0000	0.0000	0.0000	0.0000	0.0000	0.0000	0.0000	0.0000	0.0000	0.0000	0.0000	0.0000	0.0000	0.0000	0.0000	0.0000	0.0000	0.0000	0.0000	0.0000	0.0000	0.0000	0.0000	0.0000	0.0000	0.0000	0.0000	0.0000	0.0000	0.0000	0.0000	0.0000	0.0000	0.0000	0.0000	0.0000											
44	97	0.0791	4	1	1	1	1	0	0	0	0	N	N	N	N	N	N	N	N	N	N	N	N	0.0000	0.0000	0.0000	0.0000	0.0000	0.0000	0.0000	0.0000	0.0000	0.0000	0.0000	0.0000	0.0000	0.0000	0.0000	0.0000	0.0000	0.0000	0.0000	0.0000	0.0000	0.9999	0.0000	1.0605	0.0000	0.0000	0.0000	0.0000	0.0000	0.0000	0.0000	0.0000	0.0000	0.0000	0.0000	0.0000	0.0000	0.0000	0.0000	0.0000	0.0000	0.0000	0.0000	0.0000	0.0000	0.0000	0.0000	0.0000	0.0000	0.0000	0.0000	0.0000	0.0000	0.0000	0.0000	0.0000	0.0000	0.0000	0.0000	0.0000	0.0000	0.0000	0.0000	0.0000	0.0000	0.0000	0.0000	0.0000	0.0000	0.0000	0.0000	0.0000	0.0000	0.0000	0.0000	0.0000	0.0000	0.0000											
44	98	0.0770	3	1	1	1	1	0	0	0	0	N	N	N	N	N	N	N	N	N	N	N	N	0.0000	0.0000	0.0000	0.0000	0.0000	0.0000	0.0000	0.0000	0.0000	0.0000	0.0000	0.0000	0.0000	0.0000	0.0000	0.0000	0.0000	0.0000	0.0000	0.0000	0.0000	0.0012	0.0000	1.0414	0.0000	0.0000	0.0000	0.0000	0.0000	0.0000	0.0000	0.0000	0.0000	0.0000	0.0000	0.0000	0.0000	0.0000	0.0000	0.0000	0.0000	0.0000	0.0000	0.0000	0.0000	0.0000	0.0000	0.0000	0.0000	0.0000	0.0000	0.0000	0.0000	0.0000	0.0000	0.0000	0.0000	0.0000	0.0000	0.0000	0.0000	0.0000	0.0000	0.0000	0.0000	0.0000	0.0000	0.0000	0.0000	0.0000	0.0000	0.0000	0.0000	0.0000	0.0000	0.0000	0.0000	0.0000											
44	99	0.0260	2	2	2	1	0	0	0	0	0	Y	Y	N	N	N	N	N	N	N	N	N	N	0.0000	0.0000	0.0000	0.0000	0.0000	0.0000	0.0000	0.0000	0.0000	0.0000	0.0000	0.0000	0.0000	0.0000	0.0000	0.0000	0.0000	0.0000	0.0000	0.0000	0.0000	3.2042	0.0000	9.0918	0.0000	0.0000	0.0000	0.0000	0.0000	0.0000	0.0000	0.0000	0.0000	0.0000	0.0000	0.0000	0.0000	0.0000	0.0000	0.0000	0.0000	0.0000	0.0000	0.0000	0.0000	0.0000	0.0000	0.0000	0.0000	0.0000	0.0000	0.0000	0.0000	0.0000	0.0000	0.0000	0.0000	0.0000	0.0000	0.0000	0.0000	0.0000	0.0000	0.0000	0.0000	0.0000	0.0000	0.0000	0.0000	0.0000	0.0000	0.0000	0.0000	0.0000	0.0000	0.0000	0.0000	0.0000											
44	100	0.0260	2	1	2	1	0	0	0	0	0	N	Y	N	N	N	N	N	N	N	N	N	N	0.0000	0.0000	0.0000	0.0000	0.0000	0.0000	0.0000	0.0000	0.0000	0.0000	0.0000	0.0000	0.0000	0.0000	0.0000	0.0000	0.0000	0.0000	0.0000	0.0000	0.0000	0.7962	0.0000	10.9291	0.0000	0.0000	0.0000	0.0000	0.0000	0.0000	0.0000	0.0000	0.0000	0.0000	0.0000	0.0000	0.0000	0.0000	0.0000	0.0000	0.0000	0.0000	0.0000	0.0000	0.0000	0.0000	0.0000	0.0000	0.0000	0.0000	0.0000	0.0000	0.0000	0.0000	0.0000	0.0000	0.0000	0.0000	0.0000	0.0000	0.0000	0.0000	0.0000	0.0000	0.0000	0.0000	0.0000	0.0000	0.0000	0.0000	0.0000	0.0000	0.0000	0.0000	0.0000	0.0000	0.0000	0.0000											
44	101	0.0839	5	2	2	1	0	0	0	0	0	Y	Y	N	N	N	N	N	N	N	N	N	N	0.0000	0.0000	0.0000	0.0000	0.0000	0.0000	0.0000	0.0000	0.0000	0.0000	0.0000	0.0000	0.0000	0.0000	0.0000	0.0000	0.0000	0.0000	0.0000	0.0000	0.0000	0.0000	0.0000	3.0000	0.0000	0.0000	0.0000	0.0000	0.0000	0.0000	0.0000	0.0000	0.0000	0.0000	0.0000	0.0000	0.0000	0.0000	0.0000	0.0000	0.0000	0.0000	0.0000	0.0000	0.0000	0.0000	0.0000	0.0000	0.0000	0.0000	0.0000	0.0000	0.0000	0.0000	0.0000	0.0000	0.0000	0.0000	0.0000	0.0000	0.0000	0.0000	0.0000	0.0000	0.0000	0.0000	0.0000	0.0000	0.0000	0.0000	0.0000	0.0000	0.0000	0.0000	0.0000	0.0000	0.0000	0.0000											
44	102	0.0808	4	2	2	1	0	0	0	0	0	Y	Y	N	N	N	N	N	N	N	N	N	N	0.0000	0.0000	0.0000	0.0000	0.0000	0.0000	0.0000	0.0000	0.0000	0.0000	0.0000	0.0000	0.0000	0.0000	0.0000	0.0000	0.0000	0.0000	0.0000	0.0000	0.0000	0.0000	0.0000	1.0000	0.0000	0.0000	0.0000	0.0000	0.0000	0.0000	0.0000	0.0000	0.0000	0.0000	0.0000	0.0000	0.0000	0.0000	0.0000	0.0000	0.0000	0.0000	0.0000	0.0000	0.0000	0.0000	0.0000	0.0000	0.0000	0.0000	0.0000	0.0000	0.0000	0.0000	0.0000	0.0000	0.0000	0.0000	0.0000	0.0000	0.0000	0.0000	0.0000	0.0000	0.0000	0.0000	0.0000	0.0000	0.0000	0.0000	0.0000	0.0000	0.0000	0.0000	0.0000	0.0000	0.0000	0.0000											
44	103	0.0770	3	1	2	1	0	0	0	0	0	N	Y	N	N	N	N	N	N	N	N	N	N	0.0000	0.0000	0.0000	0.0000	0.0000	0.0000	0.0000	0.0000	0.0000	0.0000	0.0000	0.0000	0.0000	0.0000	0.0000	0.0000	0.0000	0.0000	0.0000	0.0000	0.0000	0.0006	0.0000	1.0534	0.0000	0.0000	0.0000	0.0000	0.0000	0.0000	0.0000	0.0000	0.0000	0.0000	0.0000	0.0000	0.0000	0.0000	0.0000	0.0000	0.0000	0.0000	0.0000	0.0000	0.0000	0.0000	0.0000	0.0000	0.0000	0.0000	0.0000	0.0000	0.0000	0.0000	0.0000	0.0000	0.0000	0.0000	0.0000	0.0000	0.0000	0.0000	0.0000	0.0000	0.0000	0.0000	0.0000	0.0000	0.0000	0.0000	0.0000	0.0000	0.0000	0.0000	0.0000	0.0000	0.0000	0.0000											
44	104	0.0260	2	1	1	1	0	0	0	0	0	N	N	N	N	N	N	N	N	N	N	N	N	0.0000	0.0000	0.0000	0.0000	0.0000	0.0000	0.0000	0.0000	0.0000	0.0000	0.0000	0.0000	0.0000	0.0000	0.0000	0.0000	0.0000	0.0000	0.0000	0.0000	0.0000	7.2034	0.0000	9.9858	0.0000	0.0000	0.0000	0.0000	0.0000	0.0000	0.0000	0.0000	0.0000	0.0000	0.0000	0.0000	0.0000	0.0000	0.0000	0.0000	0.0000	0.0000	0.0000	0.0000	0.0000	0.0000	0.0000	0.0000	0.0000	0.0000	0.0000	0.0000	0.0000	0.0000	0.0000	0.0000	0.0000	0.0000	0.0000	0.0000	0.0000	0.0000	0.0000	0.0000	0.0000	0.0000	0.0000	0.0000	0.0000	0.0000	0.0000	0.0000	0.0000	0.0000	0.0000	0.0000	0.0000	0.0000											
44	109	0.2957	6	1	1	1	0	0	0	0	0	N	N	N	N	N	N	N	N	N	N	N	N	0.0000	0.0000	0.0000	0.0000	0.0000	0.0000	0.0000	0.0000	0.0000	0.0000	0.0000	0.0000	0.0000	0.0000	0.0000	0.1397	0.0000	0.5686	0.1497	0.0000	2.2356	0.1274	0.0000	0.3092	inf	0.0000	0.0000	0.0000	7.7801	0.0000	32.2209	0.0000	0.0000	0.0000	0.0000	0.0000	0.0000	0.0000	0.0000	0.0000	0.0000	0.0000	0.0000	0.0000	0.0000	0.0000	0.0000	0.0000	0.0000	0.0000	0.0000	0.0000	0.0000	0.0000	0.0000	0.0000	0.0000	0.0000	0.0000	0.0000	0.0000	0.0000	0.0000	0.0000	0.0000	0.0000	0.0000	0.0000	0.0000	0.0000	0.0000	0.0000	0.0000	0.0000	0.0000	0.0000	0.1397	0.0000	0.5686	0.1497	0.0000	1.3515	0.1274	0.0000	0.3092				
45	48	0.1045	2	1	1	1	1	0	0	0	0	N	N	N	N	N	N	N	N	N	N	N	N	0.0339	0.0000	0.0426	18.1745	0.0000	20.2959	0.0171	0.0225	0.4781	0.0000	1.8558	0.4832	0.0000	3.2186	0.4733	0.0000	1.3117	14.1045	0.0002	43.5831	0.0266	0.0003	0.1586	27.6701	0.0000	58.1764	inf	102886.4186	0.0001	0.4730	0.7962	0.0037	7.9291	3.0208	0.0001	0.0000	0.0001	0.0000	0.0000	0.0000	0.0000	0.0000	0.0000	0.9877	0.0000	0.9877	0.0009	0.0000	0.0009	0.9868	0.0000	0.9868	0.0002	0.0002	0.0001	0.0001	0.0001	0.0000	0.0001	0.0001	0.0000	0.0700	0.0474	0.0227	0.0344	0.0287	0.0057	0.0357	0.0187	0.0170	0.0339	0.0000	0.0426	18.1745	0.0000	20.2959	0.0171	0.0000	0.0225	14.1045	0.0002	43.5831	0.0266	0.0003	0.1586	27.6701	0.0000	58.1764	
45	50	0.0610	2	1	2	2	0	0	0	0	0	N	Y	Y	N	N	N	N	N	N	N	N	N	0.0983	0.4568	0.0000	0.1276	0.1282	0.0000	0.1170	inf	0.0000	0.0020	0.0022	0.0000	0.0013	0.0014	0.0000	0.0030	0.0032	0.0000	0.0206	0.0048	0.0421	0.0100	0.0106	0.0069	0.0254	0.0000	0.0470	0.0000	6.4866	-0.0000	0.0004	0.7962	1.4428	7.9291	0.4686	0.0002	0.0002	0.0000	0.0001	0.0001	0.0000	0.0001	0.0001	0.0000	0.0012	0.0002	0.0010	0.0002	0.0002	0.0000	0.0010	0.0000	0.0010	0.0827	0.0769	0.0058	0.0461	0.0432	0.0029	0.0366	0.0337	0.0030	0.0567	0.0327	0.0240	0.0177	0.0147	0.0029	0.0390	0.0180	0.0211	0.0983	0.4568	0.0000	0.1276	0.1282	0.0000	0.1170	inf	0.0000	0.0206	0.0048	0.0421	0.0100	0.0106	0.0069	0.0254	0.0000	0.0470
45	52	0.0487	2	2	1	2	0	0	0	0	0	Y	N	Y	N	N	N	N	N	N	N	N	N	0.0419	1.0460	0.0000	0.3913	0.5054	0.0000	0.0000	0.0000	0.0187	0.0200	0.0000	0.0439	0.0446	0.0000	0.0000	0.0000	0.0000	0.4470	0.0191	0.8927	0.1121	0.0883	1.0087	0.4900	0.0000	0.8924	0.0000	44.7603	-0.0001	0.0275	0.7962	0.9976	7.9291	4.7732	0.0009	0.0009	0.0000	0.0009	0.0009	0.0000	0.0000	0.0000	0.0000	0.0601	0.0013	0.0588	0.0017	0.0013	0.0004	0.0584	0.0000	0.0584	0.0458	0.0428	0.0030	0.0196	0.0192	0.0003	0.0263	0.0236	0.0026	0.1345	0.0686	0.0659	0.0153	0.0149	0.0004	0.1192	0.0537	0.0654	0.0419	1.0460	0.0000	0.3913	0.5054	0.0000	0.0000	0.0000	0.0000	0.4470	0.0191	0.8927	0.1121	0.0883	0.9496	0.4900	0.0000	0.8924	
45	55	0.0473	2	1	2	1	0	0	0	0	0	N	Y	N	N	N	N	N	N	N	N	N	N	0.9928	0.9087	4.6091	6.4738	0.9554	0.6464	0.7217	0.0000	1.8581	0.3802	0.0000	3.2249	1.1663	0.0000	1.5749	0.7269	0.0000	2.0448	0.0825	0.0000	0.4981	1.2208	0.0000	2.4366	inf	inf	0.0018	0.0833	0.7962	0.0041	7.9291	6.2745	0.0020	0.0000	0.0020	0.0006	0.0000	0.0006	0.0014	0.0000	0.0014	0.1739	0.0000	0.1739	0.0086	0.0000	0.0086	0.1653	0.0000	0.1653	0.0028	0.0017	0.0011	0.0016	0.0014	0.0002	0.0012	0.0003	0.0009	0.2392	0.1542	0.0850	0.1038	0.0866	0.0172	0.1354	0.0676	0.0678	0.9928	0.0000	0.9087	4.6091	0.0000	6.4738	0.9554	0.0000	0.6464	0.7269	0.0000	2.0448	0.0825	0.0000	0.4981	1.2208	0.0000	2.4366			
45	56	0.0961	2	1	1	2	0	0	0	0	0	N	N	Y	N	N	N	N	N	N	N	N	N	0.9945	0.7196	1.8438	1.5125	2.3509	2.5676	0.0000	9.3991	9.4648	0.0000	0.0000	0.0000	0.0000	2.3640	3.5682	0.0000	5.0976	6.2577	0.0000	0.0000	0.0000	0.0000	0.0000	0.0000	-0.0761	-0.5049	0.7962	18.9997	7.9291	4.0000	0.7961	0.7961	0.0000	0.7961	0.7961	0.0000	0.0000	0.0000	0.0000	0.9689	0.9689	0.0000	0.9689	0.9689	0.0000	0.0000	0.0000	0.0000	0.3386	0.3101	0.0286	0.0847	0.0841	0.0006	0.2539	0.2260	0.0280	0.4098	0.2715	0.1383	0.1901	0.1548	0.0352	0.2198	0.1167	0.1031	0.9945	0.7196	0.0000	1.8438	1.5125	0.0000	0.0000	0.0000	0.0000	2.3640	3.5682	0.0000	5.0976	6.2577	0.0000	0.0000	0.0000	0.0000					
45	58	0.0468	3	2	2	1	0	0	0	0	0	Y	Y	N	N	N	N	N	N	N	N	N	N	0.2049	1.0139	0.0000	0.3513	0.3752	0.0000	0.0000	0.0000	0.0260	0.0280	0.0000	0.0547	0.0564	0.0000	0.0000	0.0000	0.0000	0.1271	0.0277	0.2416	0.1558	0.1503	0.2585	0.1238	0.0000	0.2414	0.0000	7.5870	-0.0001	0.0094	0.7962	0.9359	7.9291	8.5945	0.0013	0.0013	0.0000	0.0013	0.0013	0.0000	0.0000	0.0000	0.0000	0.0260	0.0030	0.0230	0.0033	0.0030	0.0003	0.0227	0.0000	0.0227	0.0483	0.0448	0.0034	0.0230	0.0223	0.0007	0.0253	0.0225	0.0028	0.2047	0.1095	0.0951	0.0212	0.0202	0.0011	0.1834	0.0894	0.0941	0.2049	1.0139	0.0000	0.3513	0.3752	0.0000	0.0000	0.0000	0.0000	0.1271	0.0277	0.2416	0.1558	0.1503	0.2585	0.1238	0.0000	0.2414	
45	59	0.0441	2	1	2	1	0	0	0	0	0	N	Y	N	N	N	N	N	N	N	N	N	N	0.2087	0.2308	0.3405	0.0939	0.0972	0.0015	0.2879	2.5776	0.4084	0.2046	0.1645	0.4630	0.2065	0.2163	0.0017	0.2026	0.1009	0.5568	0.9804	0.7129	1.3599	2.1994	2.2259	1.1564	0.7039	0.0391	1.3632	0.4364	1.3441	0.0005	0.0031	0.7962	0.1706	7.9291	1.8413	0.0025	0.0018	0.0008	0.0013	0.0013	0.0000	0.0013	0.0005	0.0008	0.0589	0.0251	0.0338	0.0244	0.0242	0.0003	0.0345	0.0010	0.0335	0.0124	0.0107	0.0017	0.0062	0.0059	0.0003	0.0062	0.0048	0.0014	0.0601	0.0353	0.0249	0.0111	0.0109	0.0002	0.0490	0.0244	0.0246	0.2087	0.2308	0.3405	0.0939	0.0972	0.0017	0.2879	2.5776	0.4084	0.9804	0.7129	1.3599	2.1994	2.2259	1.0321	0.7039	0.0391	1.3632
45	61	0.4191	8	1	1	1	0	0	0	0	0	N	N	N	N	N	N	N	N	N	N	N	N	0.0092	0.0000	0.0432	0.0231	0.0000	0.4085	0.0000	0.0000	0.0004	0.0000	0.0041	0.0015	0.0000	0.1154	0.0000	0.0000	0.0000	0.0420	0.0144	0.0954	0.0643	0.0275	0.2824	0.0268	0.0000	0.0565	inf	3.4051	0.0000	0.0032	0.7962	1.0140	7.9291	12.0537	0.0000	0.0000	0.0000	0.0000	0.0000	0.0000	0.0000	0.0000	0.0000	0.0126	0.0029	0.0097	0.0078	0.0029	0.0050	0.0048	0.0000	0.0048	0.0205	0.0186	0.0019	0.0054	0.0053	0.0001	0.0152	0.0133	0.0019	0.3001	0.1980	0.1020	0.1217	0.1041	0.0176	0.1784	0.0939	0.0845	0.0092	0.0000	0.0432	0.0231	0.0000	0.4085	0.0000	0.0000	0.0000	0.0420	0.0144	0.0954	0.0643	0.0275	0.2824	0.0268	0.0000	0.0565	
45	62	0.3432	5	1	1	1	0	0	0	0	0	N	N	N	N	N	N	N	N	N	N	N	N	0.1589	0.0000	1.1794	1.2311	0.0000	0.7767	0.0024	0.0000	0.0472	0.4102	0.0000	3.1693	0.9050	0.0000	5.6434	0.0103	0.0000	0.0987	2.5820	2.5336	2.6873	0.7351	0.0607	7.2656	4.3789	6.4966	2.0917	inf	0.4879	0.1847	-0.5609	0.7962	22.0948	7.9291	64.3951	0.2042	0.0000	0.2042	0.2014	0.0000	0.2014	0.0028	0.0000	0.0028	2.9035	1.9515	0.9520	0.4077	0.0288	0.3789	2.4959	1.9227	0.5732	0.4979	0.4334	0.0644	0.2225	0.1869	0.0357	0.2753	0.2466	0.0288	1.1245	0.7703	0.3543	0.5546	0.4743	0.0803	0.5700	0.2960	0.2740	0.1589	0.0000	1.1794	1.2311	0.0000	1.1955	0.0024	0.0000	0.0472	2.5820	2.5336	2.6873	0.7351	0.0607	4.7205	4.3789	6.4966	2.0917
45	63	0.1364	4	1	1	1	0	0	0	0	0	N	N	N	N	N	N	N	N	N	N	N	N	0.0226	0.0000	0.0794	0.1094	0.0000	0.4139	0.0011	0.0047	0.0133	0.0000	0.1376	0.0498	0.0000	2.2032	0.0008	0.0000	0.0064	0.5867	0.0016	1.7331	0.4555	0.0028	5.3235	0.6859	0.0000	1.3810	inf	547.7849	0.0007	0.1776	0.7962	3.0638	7.9291	18.8214	0.0008	0.0000	0.0008	0.0008	0.0000	0.0008	0.0000	0.0000	0.0000	0.3723	0.0007	0.3716	0.1245	0.0007	0.1238	0.2478	0.0000	0.2478	0.0613	0.0554	0.0059	0.0156	0.0153	0.0004	0.0457	0.0401	0.0056	0.6346	0.4202	0.2144	0.2733	0.2383	0.0350	0.3613	0.1819	0.1795	0.0226	0.0000	0.0794	0.1094	0.0000	0.6224	0.0011	0.0000	0.0047	0.5867	0.0016	1.7331	0.4555	0.0028	3.5401	0.6859	0.0000	1.3810	
45	64	0.0473	2	2	2	2	0	0	0	0	0	Y	Y	Y	N	N	N	N	N	N	N	N	N	0.1504	0.4223	1.2798	6.3841	0.0939	0.2750	0.0895	0.0000	0.6860	0.0967	0.0000	2.7934	0.0868	0.0000	0.5196	0.5955	0.0000	1.6242	0.0756	0.0000	0.4376	0.9249	0.0000	1.8896	inf	inf	0.0018	0.0833	0.7962	1.0029	7.9291	8.4685	0.0020	0.0000	0.0020	0.0006	0.0000	0.0006	0.0014	0.0000	0.0014	0.1739	0.0000	0.1739	0.0086	0.0000	0.0086	0.1653	0.0000	0.1653	0.0228	0.0198	0.0030	0.0063	0.0061	0.0002	0.0165	0.0138	0.0028	0.2920	0.1849	0.1070	0.1132	0.0937	0.0196	0.1787	0.0912	0.0875	0.1504	0.0000	0.4223	1.2798	0.0000	6.3841	0.0939	0.0000	0.2750	0.5955	0.0000	1.6242	0.0756	0.0000	0.4376	0.9249	0.0000	1.8896			
45	66	0.4191	8	1	2	1	0	0	0	0	0	N	Y	N	N	N	N	N	N	N	N	N	N	0.0001	0.0000	0.0004	0.0366	0.0000	0.4146	0.0000	0.0000	0.0000	0.0004	0.0000	0.0041	0.0015	0.0000	0.1157	0.0000	0.0000	0.0000	6.5285	4.9296	9.6243	0.0407	0.0002	0.2790	10.9333	10.3585	11.5735	inf	1.0083	0.0000	-0.0382	0.7962	1.0110	7.9291	12.5479	0.0000	0.0000	0.0000	0.0000	0.0000	0.0000	0.0000	0.0000	0.0000	2.0070	0.9993	1.0076	0.0051	0.0000	0.0050	2.0019	0.9993	1.0026	0.0205	0.0186	0.0019	0.0053	0.0053	0.0001	0.0151	0.0133	0.0019	0.3074	0.2027	0.1047	0.1243	0.1062	0.0181	0.1831	0.0965	0.0866	0.0001	0.0000	0.0004	0.0366	0.0000	0.4146	0.0000	0.0000	0.0000	6.5285	4.9296	9.6243	0.0407	0.0002	0.2790	10.9333	10.3585	11.5735
45	67	0.4127	7	1	1	1	0	0	0	0	0	N	N	N	N	N	N	N	N	N	N	N	N	0.0044	0.0042	0.0118	0.0124	0.0101	0.0621	0.0000	0.0000	0.0000	0.0008	0.0004	0.0037	0.0029	0.0016	0.1083	0.0000	0.0000	0.0000	0.1699	0.1055	0.3161	0.2338	0.1548	1.7447	0.1121	0.0203	0.1985	0.8731	1.3216	0.0000	0.0012	0.7962	0.9784	7.9291	1.5217	0.0000	0.0000	0.0000	0.0000	0.0000	0.0000	0.0000	0.0000	0.0000	0.0247	0.0107	0.0141	0.0162	0.0099	0.0063	0.0086	0.0008	0.0078	0.0198	0.0180	0.0019	0.0052	0.0051	0.0001	0.0147	0.0129	0.0018	0.1456	0.1011	0.0446	0.0691	0.0640	0.0052	0.0765	0.0371	0.0394	0.0044	0.0042	0.0118	0.0124	0.0101	0.0894	0.0000	0.0000	0.0000	0.1699	0.1055	0.3161	0.2338	0.1548	1.2121	0.1121	0.0203	0.1985
45	68	0.3825	6	1	1	1	0	0	0	0	0	N	N	N	N	N	N	N	N	N	N	N	N	0.0388	0.0059	0.1476	0.1011	0.0122	0.5251	0.0000	0.0000	0.0000	0.0113	0.0004	0.1132	0.0416	0.0012	1.6487	0.0000	0.0000	0.0000	0.2907	0.0595	0.7673	0.4118	0.0985	3.1399	0.1791	0.0011	0.3706	34.6091	6.2593	0.0002	0.0299	0.7962	1.0531	7.9291	9.0748	0.0002	0.0000	0.0002	0.0002	0.0000	0.0002	0.0000	0.0000	0.0000	0.0877	0.0121	0.0756	0.0596	0.0120	0.0476	0.0281	0.0001	0.0280	0.0219	0.0198	0.0021	0.0059	0.0058	0.0001	0.0160	0.0140	0.0020	0.3017	0.2032	0.0985	0.1446	0.1218	0.0229	0.1571	0.0814	0.0757	0.0388	0.0059	0.1476	0.1011	0.0122	0.7925	0.0000	0.0000	0.0000	0.2907	0.0595	0.7673	0.4118	0.0985	2.0804	0.1791	0.0011	0.3706
45	71	0.0823	5	1	1	2	0	0	0	0	0	N	N	Y	N	N	N	N	N	N	N	N	N	0.0000	0.0000	0.0000	0.0000	0.0000	0.0000	0.0000	0.0000	0.0000	0.0000	0.0000	0.0000	0.0000	0.0000	0.0000	0.0000	0.0000	0.0000	0.0000	0.0000	0.7962	1.0000	7.9291	0.0055	0.0000	0.0000	0.0000	0.0000	0.0000	0.0000	0.0000	0.0000	0.0000	0.0000	0.0000	0.0000	0.0000	0.0000	0.0000	0.0000	0.0000	0.0000	0.0067	0.0058	0.0009	0.0000	0.0000	0.0000	0.0067	0.0058	0.0009	0.0152	0.0099	0.0054	0.0061	0.0053	0.0008	0.0091	0.0045	0.0046	0.0000	0.0000	0.0000	0.0000	0.0000	0.0000	0.0000	0.0000	0.0000	0.0000	0.0000	0.0000	0.0000	0.0000	0.0000	0.0000	0.0000	0.0000											
45	72	0.0756	4	1	1	2	0	0	0	0	0	N	N	Y	N	N	N	N	N	N	N	N	N	0.0000	0.0000	0.0000	0.0000	0.0000	0.0000	0.0000	0.0000	0.0000	0.0000	0.0000	0.0000	0.0000	0.0000	0.0000	0.0000	0.0000	0.0000	0.0000	0.0000	0.7962	0.0000	7.9291	1.0265	0.0000	0.0000	0.0000	0.0000	0.0000	0.0000	0.0000	0.0000	0.0000	0.0000	0.0000	0.0000	0.0000	0.0000	0.0000	0.0000	0.0000	0.0000	0.0000	0.0000	0.0000	0.0000	0.0000	0.0000	0.0000	0.0000	0.0000	0.0169	0.0111	0.0057	0.0069	0.0061	0.0008	0.0100	0.0050	0.0049	0.0000	0.0000	0.0000	0.0000	0.0000	0.0000	0.0000	0.0000	0.0000	0.0000	0.0000	0.0000	0.0000	0.0000	0.0000	0.0000	0.0000	0.0000											
45	73	0.0702	3	1	1	1	0	0	0	0	0	N	N	N	N	N	N	N	N	N	N	N	N	0.0000	0.0000	0.0000	0.0000	0.0000	0.0000	0.0000	0.0000	0.0000	0.0000	0.0000	0.0000	0.0000	0.0001	0.0001	0.0000	0.0001	0.0001	0.0000	0.0000	0.0000	0.0000	0.0000	0.0000	-0.0000	0.7962	0.0000	7.9291	1.0321	0.0000	0.0000	0.0000	0.0000	0.0000	0.0000	0.0000	0.0000	0.0000	0.0000	0.0000	0.0000	0.0000	0.0000	0.0000	0.0000	0.0000	0.0000	0.0175	0.0118	0.0057	0.0103	0.0089	0.0014	0.0072	0.0029	0.0043	0.1820	0.1214	0.0606	0.0954	0.0870	0.0084	0.0866	0.0344	0.0522	0.0000	0.0000	0.0000	0.0000	0.0000	0.0000	0.0000	0.0000	0.0000	0.0001	0.0001	0.0000	0.0001	0.0001	0.0000	0.0000	0.0000	0.0000						
45	74	0.0474	2	1	1	1	0	0	0	0	0	N	N	N	N	N	N	N	N	N	N	N	N	0.3584	0.3968	0.4018	0.4954	0.4053	0.4439	0.2807	0.0386	0.3403	0.8273	0.4275	1.7448	0.9516	0.6951	3.1914	0.7154	0.0087	1.4684	2.3080	1.0773	4.3424	1.9208	1.7150	7.1887	2.5482	0.2255	4.3156	1.7785	2.4384	0.0170	0.1900	0.7962	0.5629	7.9291	8.5245	0.0312	0.0112	0.0200	0.0170	0.0111	0.0059	0.0142	0.0001	0.0141	1.0100	0.2938	0.7163	0.3217	0.2674	0.0543	0.6883	0.0263	0.6620	0.0377	0.0263	0.0114	0.0179	0.0160	0.0018	0.0198	0.0102	0.0096	0.4376	0.2727	0.1650	0.1675	0.1559	0.0116	0.2701	0.1167	0.1534	0.3584	0.3968	0.4018	0.4954	0.4053	0.6794	0.2807	0.0386	0.3403	2.3080	1.0773	4.3424	1.9208	1.7150	4.6973	2.5482	0.2255	4.3156
45	75	0.0644	3	1	2	1	0	0	0	0	0	N	Y	N	N	N	N	N	N	N	N	N	N	0.0000	0.0000	0.0000	0.0000	0.0000	0.0000	0.0000	0.0000	0.0000	0.0000	0.0000	0.0000	0.0000	0.0001	0.0001	0.0000	0.0002	0.0002	0.0000	0.0000	0.0000	0.0000	0.0000	0.0000	-0.0000	0.7962	1.9994	7.9291	4.0943	0.0000	0.0000	0.0000	0.0000	0.0000	0.0000	0.0000	0.0000	0.0000	0.0000	0.0000	0.0000	0.0000	0.0000	0.0000	0.0000	0.0000	0.0000	0.0136	0.0118	0.0018	0.0000	0.0000	0.0000	0.0136	0.0118	0.0018	0.1219	0.0850	0.0370	0.0492	0.0441	0.0051	0.0727	0.0408	0.0318	0.0000	0.0000	0.0000	0.0000	0.0000	0.0000	0.0000	0.0000	0.0000	0.0001	0.0001	0.0000	0.0002	0.0002	0.0000	0.0000	0.0000	0.0000						
45	76	0.0581	2	1	1	1	0	0	0	0	0	N	N	N	N	N	N	N	N	N	N	N	N	0.0000	0.0000	0.0000	0.0000	0.0000	0.0000	0.0000	0.0000	0.0000	0.0000	0.0000	0.0000	0.0000	0.0000	0.0000	0.0000	0.0000	0.0000	0.0784	0.0841	0.0655	0.0644	0.0705	0.0004	0.0889	0.1016	0.0745	0.3394	0.0000	-0.0015	0.7962	0.0011	7.9291	2.7207	0.0000	0.0000	0.0000	0.0000	0.0000	0.0000	0.0000	0.0000	0.0000	0.0055	0.0041	0.0014	0.0020	0.0020	0.0000	0.0036	0.0022	0.0014	0.0000	0.0000	0.0000	0.0000	0.0000	0.0000	0.0000	0.0000	0.0000	0.0707	0.0492	0.0215	0.0303	0.0277	0.0026	0.0404	0.0215	0.0188	0.0000	0.0000	0.0000	0.0000	0.0000	0.0000	0.0000	0.0000	0.0000	0.0784	0.0841	0.0655	0.0644	0.0705	0.0004	0.0889	0.1016	0.0745	
45	78	0.0462	2	2	1	2	0	0	0	0	0	Y	N	Y	N	N	N	N	N	N	N	N	N	0.0013	0.0017	0.0000	0.0003	0.0003	0.0000	0.0000	0.0000	0.0002	0.0002	0.0000	0.0003	0.0003	0.0000	0.0000	0.0000	0.0000	0.1390	0.1159	0.1618	1.0467	1.1037	0.0887	0.0859	0.0000	0.1622	0.0000	1.4146	-0.0000	0.0003	0.7962	1.6246	7.9291	0.0115	0.0000	0.0000	0.0000	0.0000	0.0000	0.0000	0.0000	0.0000	0.0000	0.0049	0.0020	0.0028	0.0020	0.0020	0.0000	0.0028	0.0000	0.0028	0.0923	0.0876	0.0047	0.0518	0.0503	0.0015	0.0406	0.0374	0.0032	0.0349	0.0173	0.0176	0.0019	0.0018	0.0001	0.0330	0.0155	0.0175	0.0013	0.0017	0.0000	0.0003	0.0003	0.0000	0.0000	0.0000	0.0000	0.1390	0.1159	0.1618	1.0467	1.1037	0.0887	0.0859	0.0000	0.1622	
45	83	0.1364	4	1	1	1	0	0	0	0	0	N	N	N	N	N	N	N	N	N	N	N	N	0.0094	0.0000	0.0370	0.0408	0.0000	0.4167	0.0005	0.0021	0.0044	0.0000	0.0492	0.0169	0.0000	1.3626	0.0003	0.0000	0.0022	0.4704	0.0013	1.3301	0.4133	0.0026	3.2696	0.5055	0.0000	1.0417	inf	547.7849	0.0007	0.1776	0.7962	10.0679	7.9291	33.8159	0.0008	0.0000	0.0008	0.0008	0.0000	0.0008	0.0000	0.0000	0.0000	0.3723	0.0007	0.3716	0.1245	0.0007	0.1238	0.2478	0.0000	0.2478	0.1833	0.1667	0.0166	0.0461	0.0455	0.0006	0.1372	0.1212	0.0160	0.7914	0.5120	0.2794	0.3012	0.2597	0.0415	0.4902	0.2523	0.2379	0.0094	0.0000	0.0370	0.0408	0.0000	0.4567	0.0005	0.0000	0.0021	0.4704	0.0013	1.3301	0.4133	0.0026	2.9836	0.5055	0.0000	1.0417	
45	84	0.1088	3	1	1	1	0	0	0	0	0	N	N	N	N	N	N	N	N	N	N	N	N	0.0995	0.0557	0.3296	0.2421	0.1080	0.5305	0.0164	0.0002	0.0653	0.1219	0.0409	0.7365	0.3568	0.1268	3.0483	0.0169	0.0000	0.1267	1.2252	0.7338	2.2344	1.4742	1.1743	5.7462	1.0323	0.1221	1.9415	2.3775	1.4826	0.0017	0.0576	0.7962	0.9441	7.9291	14.0836	0.0027	0.0008	0.0019	0.0025	0.0008	0.0017	0.0003	0.0000	0.0003	0.7563	0.3046	0.4516	0.3973	0.2834	0.1139	0.3590	0.0212	0.3377	0.0225	0.0199	0.0026	0.0070	0.0064	0.0005	0.0156	0.0135	0.0021	0.6173	0.4151	0.2021	0.2695	0.2413	0.0282	0.3477	0.1738	0.1740	0.0995	0.0557	0.3296	0.2421	0.1080	0.7539	0.0164	0.0002	0.0653	1.2252	0.7338	2.2344	1.4742	1.1743	4.0436	1.0323	0.1221	1.9415
45	85	0.3910	6	1	1	1	0	0	0	0	0	N	N	N	N	N	N	N	N	N	N	N	N	1.4652	1.6470	0.0061	1.7844	2.0204	0.0080	0.0530	inf	0.0006	1.3647	1.5832	0.0053	2.6480	3.2048	0.0079	0.0220	0.0244	0.0005	0.9314	0.9613	0.8657	1.4840	1.5862	0.9876	0.4150	0.0000	0.8721	0.0005	0.4089	-0.0630	-0.1662	0.7962	15.0008	7.9291	28.2980	0.6631	0.6627	0.0004	0.6579	0.6575	0.0003	0.0052	0.0052	0.0000	0.7200	0.5110	0.2090	0.5542	0.5110	0.0432	0.1658	0.0000	0.1658	0.4859	0.4186	0.0673	0.2484	0.2052	0.0433	0.2375	0.2134	0.0240	0.7730	0.5316	0.2414	0.3734	0.3222	0.0513	0.3995	0.2094	0.1901	1.4652	1.6470	0.0061	1.7844	2.0204	0.0094	0.0530	inf	0.0006	0.9314	0.9613	0.8657	1.4840	1.5862	0.8419	0.4150	0.0000	0.8721
45	86	0.3910	6	1	1	1	0	0	0	0	0	N	N	N	N	N	N	N	N	N	N	N	N	0.5386	0.4987	0.0084	0.5216	0.5750	27.3497	0.0729	0.4839	0.0010	1.1527	1.3793	0.0056	1.9357	2.4542	0.0072	0.0331	0.0366	0.0008	2.1403	2.7657	0.6704	3.7113	4.2683	0.0003	0.4543	0.0756	0.8665	0.0008	0.1031	-0.0419	-0.6924	0.7962	10.8154	7.9291	27.4443	0.4422	0.4418	0.0004	0.4370	0.4366	0.0003	0.0052	0.0052	0.0000	1.6194	1.4680	0.1514	1.4536	1.4536	0.0000	0.1658	0.0144	0.1514	0.3836	0.3203	0.0633	0.2257	0.1779	0.0478	0.1579	0.1424	0.0155	0.7566	0.5308	0.2259	0.3917	0.3406	0.0511	0.3650	0.1902	0.1747	0.5386	0.4987	0.0084	0.5216	0.5750	27.3497	0.0729	0.4839	0.0010	2.1403	2.7657	0.6704	3.7113	4.2683	0.0003	0.4543	0.0756	0.8665
45	87	0.3432	5	1	1	1	0	0	0	0	0	N	N	N	N	N	N	N	N	N	N	N	N	1.3643	1.2186	1.9719	1.7812	1.6330	1.5678	0.0391	0.0297	0.1814	1.3792	1.1753	2.2207	2.0810	1.9120	2.5848	0.0315	0.0152	0.2026	1.0109	0.9645	1.1262	1.1683	1.1708	1.6487	0.8058	0.5107	1.1170	0.4577	0.4698	0.0787	-0.2243	0.7962	2.7608	7.9291	22.4044	0.3602	0.2471	0.1131	0.3574	0.2459	0.1115	0.0028	0.0012	0.0016	1.1134	0.7575	0.3559	0.7279	0.6321	0.0958	0.3855	0.1254	0.2601	0.2612	0.2103	0.0509	0.1718	0.1286	0.0432	0.0894	0.0817	0.0078	1.1015	0.7854	0.3160	0.6230	0.5399	0.0831	0.4784	0.2455	0.2329	1.3643	1.2186	1.9719	1.7812	1.6330	2.2439	0.0391	0.0297	0.1814	1.0109	0.9645	1.1262	1.1683	1.1708	1.1519	0.8058	0.5107	1.1170
45	88	0.2134	4	1	1	1	0	0	0	0	0	N	N	N	N	N	N	N	N	N	N	N	N	0.4837	0.7343	0.1591	2.0279	2.0313	1.0000	0.0004	0.0002	0.0016	1.1284	1.1907	0.6022	3.4912	3.5938	2.3577	0.0011	0.0004	0.0068	2.3328	1.6215	3.7852	1.7216	1.7692	2.3577	2.7985	1.4352	4.2925	0.0598	1.1430	-0.0083	0.0287	0.7962	8.8820	7.9291	49.9570	0.2124	0.2004	0.0120	0.2123	0.2004	0.0119	0.0001	0.0000	0.0001	2.3344	1.0893	1.2451	0.7451	0.6631	0.0820	1.5893	0.4262	1.1631	0.1883	0.1683	0.0199	0.0608	0.0558	0.0050	0.1275	0.1126	0.0149	1.0007	0.6718	0.3289	0.4328	0.3748	0.0580	0.5679	0.2970	0.2710	0.4837	0.7343	0.1591	2.0279	2.0313	1.6673	0.0004	0.0002	0.0016	2.3328	1.6215	3.7852	1.7216	1.7692	1.4140	2.7985	1.4352	4.2925
45	90	0.0980	6	1	2	1	1	0	0	0	0	N	Y	N	N	N	N	N	N	N	N	N	N	0.0000	0.0000	0.0000	0.0000	0.0000	0.0000	0.0000	0.0000	0.0000	0.0000	0.0000	0.0000	0.0000	0.0000	0.0000	0.0000	0.0000	0.0000	0.0000	0.0000	0.7962	0.0000	7.9291	0.0000	0.0000	0.0000	0.0000	0.0000	0.0000	0.0000	0.0000	0.0000	0.0000	0.0000	0.0000	0.0000	0.0000	0.0000	0.0000	0.0000	0.0000	0.0000	0.0000	0.0000	0.0000	0.0000	0.0000	0.0000	0.0000	0.0000	0.0000	0.0000	0.0000	0.0000	0.0000	0.0000	0.0000	0.0000	0.0000	0.0000	0.0000	0.0000	0.0000	0.0000	0.0000	0.0000	0.0000	0.0000	0.0000	0.0000	0.0000	0.0000	0.0000	0.0000	0.0000	0.0000	0.0000	0.0000											
45	91	0.0873	5	1	2	1	1	0	0	0	0	N	Y	N	N	N	N	N	N	N	N	N	N	0.0000	0.0000	0.0000	0.0000	0.0000	0.0000	0.0000	0.0000	0.0000	0.0000	0.0000	0.0000	0.0000	0.0000	0.0000	0.0000	0.0000	0.0000	0.0000	0.0000	0.7962	1.0000	7.9291	3.0000	0.0000	0.0000	0.0000	0.0000	0.0000	0.0000	0.0000	0.0000	0.0000	0.0000	0.0000	0.0000	0.0000	0.0000	0.0000	0.0000	0.0000	0.0000	0.0161	0.0148	0.0014	0.0065	0.0062	0.0003	0.0096	0.0086	0.0010	0.0740	0.0374	0.0366	0.0089	0.0078	0.0012	0.0651	0.0296	0.0355	0.0000	0.0000	0.0000	0.0000	0.0000	0.0000	0.0000	0.0000	0.0000	0.0000	0.0000	0.0000	0.0000	0.0000	0.0000	0.0000	0.0000	0.0000											
45	92	0.0808	3	1	2	1	0	0	0	0	0	N	Y	N	N	N	N	N	N	N	N	N	N	0.0000	0.0000	0.0000	0.0000	0.0000	0.0000	0.0000	0.0000	0.0000	0.0000	0.0000	0.0000	0.0000	0.0000	0.0000	0.0000	0.0000	0.0000	0.0000	0.0000	0.7962	0.0000	7.9291	0.0000	0.0000	0.0000	0.0000	0.0000	0.0000	0.0000	0.0000	0.0000	0.0000	0.0000	0.0000	0.0000	0.0000	0.0000	0.0000	0.0000	0.0000	0.0000	0.0000	0.0000	0.0000	0.0000	0.0000	0.0000	0.0000	0.0000	0.0000	0.0000	0.0000	0.0000	0.0000	0.0000	0.0000	0.0000	0.0000	0.0000	0.0000	0.0000	0.0000	0.0000	0.0000	0.0000	0.0000	0.0000	0.0000	0.0000	0.0000	0.0000	0.0000	0.0000	0.0000	0.0000	0.0000	0.0000											
45	93	0.0873	5	1	1	2	1	0	0	0	0	N	N	Y	N	N	N	N	N	N	N	N	N	0.0000	0.0000	0.0000	0.0000	0.0000	0.0000	0.0000	0.0000	0.0000	0.0000	0.0000	0.0000	0.0000	0.0000	0.0000	0.0000	0.0000	0.0000	0.0000	0.0000	0.7962	0.0000	7.9291	0.0000	0.0000	0.0000	0.0000	0.0000	0.0000	0.0000	0.0000	0.0000	0.0000	0.0000	0.0000	0.0000	0.0000	0.0000	0.0000	0.0000	0.0000	0.0000	0.0000	0.0000	0.0000	0.0000	0.0000	0.0000	0.0000	0.0000	0.0000	0.0000	0.0000	0.0000	0.0000	0.0000	0.0000	0.0000	0.0000	0.0000	0.0000	0.0000	0.0000	0.0000	0.0000	0.0000	0.0000	0.0000	0.0000	0.0000	0.0000	0.0000	0.0000	0.0000	0.0000	0.0000	0.0000	0.0000											
45	94	0.0846	4	1	1	1	1	0	0	0	0	N	N	N	N	N	N	N	N	N	N	N	N	0.0000	0.0000	0.0000	0.0000	0.0000	0.0000	0.0000	0.0000	0.0000	0.0000	0.0000	0.0000	0.0000	0.0000	0.0000	0.0000	0.0000	0.0000	0.0000	0.0000	0.7962	1.0000	7.9291	0.0097	0.0000	0.0000	0.0000	0.0000	0.0000	0.0000	0.0000	0.0000	0.0000	0.0000	0.0000	0.0000	0.0000	0.0000	0.0000	0.0000	0.0000	0.0000	0.0161	0.0148	0.0014	0.0065	0.0062	0.0003	0.0096	0.0086	0.0010	0.0200	0.0101	0.0100	0.0027	0.0024	0.0003	0.0174	0.0077	0.0096	0.0000	0.0000	0.0000	0.0000	0.0000	0.0000	0.0000	0.0000	0.0000	0.0000	0.0000	0.0000	0.0000	0.0000	0.0000	0.0000	0.0000	0.0000											
45	95	0.0846	4	1	1	2	1	0	0	0	0	N	N	Y	N	N	N	N	N	N	N	N	N	0.0000	0.0000	0.0000	0.0000	0.0000	0.0000	0.0000	0.0000	0.0000	0.0000	0.0000	0.0000	0.0000	0.0000	0.0000	0.0000	0.0000	0.0000	0.0000	0.0000	0.7962	2.0000	7.9291	3.0050	0.0000	0.0000	0.0000	0.0000	0.0000	0.0000	0.0000	0.0000	0.0000	0.0000	0.0000	0.0000	0.0000	0.0000	0.0000	0.0000	0.0000	0.0000	0.0317	0.0291	0.0027	0.0127	0.0121	0.0006	0.0190	0.0169	0.0021	0.0921	0.0466	0.0456	0.0113	0.0099	0.0015	0.0808	0.0367	0.0441	0.0000	0.0000	0.0000	0.0000	0.0000	0.0000	0.0000	0.0000	0.0000	0.0000	0.0000	0.0000	0.0000	0.0000	0.0000	0.0000	0.0000	0.0000											
45	96	0.0846	4	1	1	2	1	0	0	0	0	N	N	Y	N	N	N	N	N	N	N	N	N	0.0000	0.0000	0.0000	0.0000	0.0000	0.0000	0.0000	0.0000	0.0000	0.0000	0.0000	0.0000	0.0000	0.0000	0.0000	0.0000	0.0000	0.0000	0.0000	0.0000	0.7962	0.0000	7.9291	6.9903	0.0000	0.0000	0.0000	0.0000	0.0000	0.0000	0.0000	0.0000	0.0000	0.0000	0.0000	0.0000	0.0000	0.0000	0.0000	0.0000	0.0000	0.0000	0.0000	0.0000	0.0000	0.0000	0.0000	0.0000	0.0000	0.0000	0.0000	0.1254	0.0635	0.0618	0.0153	0.0133	0.0020	0.1101	0.0502	0.0598	0.0000	0.0000	0.0000	0.0000	0.0000	0.0000	0.0000	0.0000	0.0000	0.0000	0.0000	0.0000	0.0000	0.0000	0.0000	0.0000	0.0000	0.0000											
45	97	0.0791	3	1	1	1	1	0	0	0	0	N	N	N	N	N	N	N	N	N	N	N	N	0.0000	0.0000	0.0000	0.0000	0.0000	0.0000	0.0000	0.0000	0.0000	0.0000	0.0000	0.0000	0.0000	0.0006	0.0000	0.0014	0.0000	0.0000	0.0000	0.0007	0.0000	0.0014	inf	0.0000	0.0000	0.7962	0.9999	7.9291	1.0605	0.0000	0.0000	0.0000	0.0000	0.0000	0.0000	0.0000	0.0000	0.0000	0.0000	0.0000	0.0000	0.0000	0.0000	0.0000	0.0000	0.0000	0.0000	0.0466	0.0441	0.0025	0.0213	0.0209	0.0005	0.0253	0.0233	0.0020	0.0451	0.0238	0.0213	0.0061	0.0055	0.0006	0.0389	0.0183	0.0206	0.0000	0.0000	0.0000	0.0000	0.0000	0.0000	0.0000	0.0000	0.0000	0.0006	0.0000	0.0014	0.0000	0.0000	0.0000	0.0007	0.0000	0.0014						
45	98	0.0770	2	1	1	1	1	0	0	0	0	N	N	N	N	N	N	N	N	N	N	N	N	36.0703	173.9559	8.7133	33.3107	34.1160	46.1643	inf	12.6327	0.6698	0.7402	0.3129	0.4823	0.5358	0.0000	0.8934	1.0300	0.4666	0.0186	0.0043	0.0359	0.0145	0.0157	0.0000	0.0194	0.0000	0.0369	0.0834	6.9656	-0.0000	0.0002	0.7962	0.0012	7.9291	1.0414	0.0001	0.0001	0.0000	0.0000	0.0000	0.0000	0.0001	0.0000	0.0000	0.0005	0.0001	0.0004	0.0001	0.0001	0.0000	0.0004	0.0000	0.0004	0.0001	0.0001	0.0000	0.0001	0.0001	0.0000	0.0001	0.0000	0.0000	0.0250	0.0137	0.0113	0.0040	0.0037	0.0003	0.0209	0.0100	0.0110	36.0703	173.9559	8.7133	33.3107	34.1160	0.0000	46.1643	inf	12.6327	0.0186	0.0043	0.0359	0.0145	0.0157	0.0000	0.0194	0.0000	0.0369	
45	101	0.0839	4	2	2	1	0	0	0	0	0	Y	Y	N	N	N	N	N	N	N	N	N	N	0.0000	0.0000	0.0000	0.0000	0.0000	0.0000	0.0000	0.0000	0.0000	0.0000	0.0000	0.0000	0.0000	0.0000	0.0000	0.0000	0.0000	0.0000	0.0000	0.0000	0.7962	0.0000	7.9291	3.0000	0.0000	0.0000	0.0000	0.0000	0.0000	0.0000	0.0000	0.0000	0.0000	0.0000	0.0000	0.0000	0.0000	0.0000	0.0000	0.0000	0.0000	0.0000	0.0000	0.0000	0.0000	0.0000	0.0000	0.0000	0.0000	0.0000	0.0000	0.0597	0.0303	0.0294	0.0066	0.0057	0.0009	0.0530	0.0246	0.0285	0.0000	0.0000	0.0000	0.0000	0.0000	0.0000	0.0000	0.0000	0.0000	0.0000	0.0000	0.0000	0.0000	0.0000	0.0000	0.0000	0.0000	0.0000											
45	102	0.0808	3	2	2	1	0	0	0	0	0	Y	Y	N	N	N	N	N	N	N	N	N	N	0.0000	0.0000	0.0000	0.0000	0.0000	0.0000	0.0000	0.0000	0.0000	0.0000	0.0000	0.0000	0.0000	0.0000	0.0000	0.0000	0.0000	0.0000	0.0000	0.0000	0.7962	0.0000	7.9291	1.0000	0.0000	0.0000	0.0000	0.0000	0.0000	0.0000	0.0000	0.0000	0.0000	0.0000	0.0000	0.0000	0.0000	0.0000	0.0000	0.0000	0.0000	0.0000	0.0000	0.0000	0.0000	0.0000	0.0000	0.0000	0.0000	0.0000	0.0000	0.0207	0.0105	0.0102	0.0023	0.0020	0.0003	0.0184	0.0085	0.0099	0.0000	0.0000	0.0000	0.0000	0.0000	0.0000	0.0000	0.0000	0.0000	0.0000	0.0000	0.0000	0.0000	0.0000	0.0000	0.0000	0.0000	0.0000											
45	103	0.0770	2	1	2	1	0	0	0	0	0	N	Y	N	N	N	N	N	N	N	N	N	N	19.5096	196.6586	0.0000	81.5001	85.1199	0.0000	0.0000	0.3366	0.4191	0.0000	0.5924	0.6713	0.0000	0.0000	0.0000	0.0000	0.0173	0.0021	0.0356	0.0073	0.0079	0.0000	0.0192	0.0000	0.0366	0.0000	13.7914	-0.0000	0.0002	0.7962	0.0006	7.9291	1.0534	0.0000	0.0000	0.0000	0.0000	0.0000	0.0000	0.0000	0.0000	0.0000	0.0004	0.0000	0.0004	0.0000	0.0000	0.0000	0.0004	0.0000	0.0004	0.0001	0.0001	0.0000	0.0001	0.0001	0.0000	0.0000	0.0000	0.0000	0.0252	0.0138	0.0114	0.0040	0.0037	0.0003	0.0211	0.0101	0.0111	19.5096	196.6586	0.0000	81.5001	85.1199	0.0000	0.0000	0.0000	0.0000	0.0173	0.0021	0.0356	0.0073	0.0079	0.0000	0.0192	0.0000	0.0366		
45	109	0.2957	5	1	1	1	0	0	0	0	0	N	N	N	N	N	N	N	N	N	N	N	N	0.0264	0.0000	0.7324	0.0586	0.0000	28531.4525	0.0005	0.0000	0.0041	0.0236	0.0000	0.2497	0.0831	0.0000	2.3829	0.0002	0.0000	0.0018	0.8943	1.1510	0.3409	1.4173	1.6624	0.0001	0.4123	0.3885	0.4389	inf	0.1374	0.0032	-0.2984	0.7962	7.7801	7.9291	32.2209	0.0036	0.0000	0.0036	0.0035	0.0000	0.0035	0.0000	0.0000	0.0000	0.7455	0.6555	0.0901	0.5667	0.5667	0.0000	0.1789	0.0888	0.0901	0.1513	0.1370	0.0143	0.0427	0.0412	0.0015	0.1086	0.0957	0.0128	0.8337	0.5695	0.2642	0.3998	0.3409	0.0590	0.4338	0.2286	0.2052	0.0264	0.0000	0.7324	0.0586	0.0000	28531.4525	0.0005	0.0000	0.0041	0.8943	1.1510	0.3409	1.4173	1.6624	0.0001	0.4123	0.3885	0.4389
46	48	0.1187	2	1	1	0	1	0	0	0	0	N	N	N	N	N	N	N	N	N	N	N	N	0.0486	0.0000	11.7541	19.8510	0.0000	23.0503	0.0246	0.0000	7.9924	0.4781	0.0000	1.8558	0.4832	0.0000	3.2186	0.4733	0.0000	1.3117	9.8341	14.5308	0.1579	0.0243	0.0007	0.1396	19.2239	36.5923	0.1641	inf	0.0053	0.0001	-0.5172	0.7962	0.0037	12.9291	3.0208	0.0001	0.0000	0.0001	0.0000	0.0000	0.0000	0.0000	0.0000	0.0000	1.0026	0.9974	0.0053	0.0012	0.0000	0.0012	1.0014	0.9973	0.0041	0.0002	0.0002	0.0001	0.0001	0.0001	0.0000	0.0001	0.0001	0.0000	0.1020	0.0686	0.0333	0.0499	0.0414	0.0085	0.0521	0.0273	0.0248	0.0486	0.0000	11.7541	19.8510	0.0000	23.0503	0.0246	0.0000	7.9924	9.8341	14.5308	0.1579	0.0243	0.0007	0.1396	19.2239	36.5923	0.1641
46	50	0.0751	2	1	2	1	0	0	0	0	0	N	Y	N	N	N	N	N	N	N	N	N	N	0.1647	0.6738	0.0000	0.1895	0.1890	0.0000	0.2002	inf	0.0000	0.0020	0.0022	0.0000	0.0013	0.0014	0.0000	0.0030	0.0032	0.0000	0.0123	0.0032	0.0246	0.0067	0.0072	0.0045	0.0148	0.0000	0.0276	0.0000	5.5874	-0.0000	0.0003	0.7962	1.4428	12.9291	0.4686	0.0002	0.0002	0.0000	0.0001	0.0001	0.0000	0.0001	0.0001	0.0000	0.0010	0.0002	0.0009	0.0002	0.0002	0.0000	0.0008	0.0000	0.0008	0.0827	0.0769	0.0058	0.0461	0.0432	0.0029	0.0366	0.0337	0.0030	0.0835	0.0482	0.0353	0.0262	0.0217	0.0045	0.0573	0.0265	0.0308	0.1647	0.6738	0.0000	0.1895	0.1890	0.0000	0.2002	inf	0.0000	0.0123	0.0032	0.0246	0.0067	0.0072	0.0045	0.0148	0.0000	0.0276
46	52	0.0628	2	2	1	1	0	0	0	0	0	Y	N	N	N	N	N	N	N	N	N	N	N	0.0744	0.3295	0.0000	0.1389	0.1419	0.0000	0.0000	0.0000	0.0187	0.0200	0.0000	0.0439	0.0446	0.0000	0.0000	0.0000	0.0000	0.2518	0.0608	0.4482	0.3158	0.3146	0.3505	0.2446	0.0000	0.4488	0.0000	7.1707	-0.0001	0.0174	0.7962	0.9976	12.9291	4.7732	0.0009	0.0009	0.0000	0.0009	0.0009	0.0000	0.0000	0.0000	0.0000	0.0488	0.0060	0.0428	0.0062	0.0060	0.0002	0.0426	0.0000	0.0426	0.0458	0.0428	0.0030	0.0196	0.0192	0.0003	0.0263	0.0236	0.0026	0.1939	0.0983	0.0956	0.0196	0.0190	0.0006	0.1742	0.0793	0.0949	0.0744	0.3295	0.0000	0.1389	0.1419	0.0000	0.0000	0.0000	0.0000	0.2518	0.0608	0.4482	0.3158	0.3146	0.3505	0.2446	0.0000	0.4488	
46	55	0.0615	2	1	2	0	0	0	0	0	0	N	Y	N	N	N	N	N	N	N	N	N	N	0.1363	0.0000	0.1992	0.1079	0.0000	9.5688	0.1759	0.0000	0.1353	0.7217	0.0000	1.8581	0.3802	0.0000	3.2249	1.1663	0.0000	1.5749	5.2931	3.0659	9.3285	3.5224	4.1701	0.3370	6.6310	1.6885	11.6397	inf	1.6792	0.0018	0.1942	0.7962	0.0041	12.9291	6.2745	0.0020	0.0000	0.0020	0.0006	0.0000	0.0006	0.0014	0.0000	0.0014	1.8378	0.6859	1.1518	0.5264	0.5179	0.0085	1.3114	0.1681	1.1433	0.0028	0.0017	0.0011	0.0016	0.0014	0.0002	0.0012	0.0003	0.0009	0.3472	0.2237	0.1235	0.1494	0.1242	0.0252	0.1978	0.0995	0.0982	0.1363	0.0000	0.1992	0.1079	0.0000	9.5688	0.1759	0.0000	0.1353	5.2931	3.0659	9.3285	3.5224	4.1701	0.3370	6.6310	1.6885	11.6397
46	56	0.1102	2	1	1	1	0	0	0	0	0	N	N	N	N	N	N	N	N	N	N	N	N	1.4512	1.0442	2.6748	2.1793	2.3509	2.5676	0.0000	9.3991	9.4648	0.0000	0.0000	0.0000	0.0000	1.6200	2.4589	0.0000	3.5140	4.3431	0.0000	0.0000	0.0000	0.0000	0.0000	0.0000	-0.0761	-0.5049	0.7962	18.9997	12.9291	4.0000	0.7961	0.7961	0.0000	0.7961	0.7961	0.0000	0.0000	0.0000	0.0000	0.9689	0.9689	0.0000	0.9689	0.9689	0.0000	0.0000	0.0000	0.0000	0.3386	0.3101	0.0286	0.0847	0.0841	0.0006	0.2539	0.2260	0.0280	0.5981	0.3940	0.2040	0.2757	0.2231	0.0526	0.3224	0.1709	0.1514	1.4512	1.0442	0.0000	2.6748	2.1793	0.0000	0.0000	0.0000	0.0000	1.6200	2.4589	0.0000	3.5140	4.3431	0.0000	0.0000	0.0000	0.0000					
46	58	0.0610	3	2	2	0	0	0	0	0	0	Y	Y	N	N	N	N	N	N	N	N	N	N	1.8543	1.3353	0.0000	0.4779	0.4648	0.0000	0.0000	0.0260	0.0280	0.0000	0.0547	0.0564	0.0000	0.0000	0.0000	0.0000	0.0140	0.0210	0.0061	0.1146	0.1213	0.0000	0.0032	0.0000	0.0062	0.0000	0.2543	-0.0001	-0.0013	0.7962	0.9359	12.9291	8.5945	0.0013	0.0013	0.0000	0.0013	0.0013	0.0000	0.0000	0.0000	0.0000	0.0042	0.0034	0.0009	0.0034	0.0034	0.0000	0.0009	0.0000	0.0009	0.0483	0.0448	0.0034	0.0230	0.0223	0.0007	0.0253	0.0225	0.0028	0.3001	0.1600	0.1401	0.0293	0.0277	0.0016	0.2708	0.1323	0.1385	1.8543	1.3353	0.0000	0.4779	0.4648	0.0000	0.0000	0.0000	0.0000	0.0140	0.0210	0.0061	0.1146	0.1213	0.0000	0.0032	0.0000	0.0062		
46	59	0.0583	2	1	2	0	0	0	0	0	0	N	Y	N	N	N	N	N	N	N	N	N	N	1.3108	2.2221	1.6962	1.2313	1.2733	0.0215	1.3200	3.0529	2.0249	0.2046	0.1645	0.4630	0.2065	0.2163	0.0017	0.2026	0.1009	0.5568	0.1561	0.0740	0.2730	0.1677	0.1698	0.0794	0.1535	0.0330	0.2750	0.4364	2.5874	0.0005	0.0028	0.7962	0.1706	12.9291	1.8413	0.0025	0.0018	0.0008	0.0013	0.0013	0.0000	0.0013	0.0005	0.0008	0.0138	0.0038	0.0099	0.0027	0.0026	0.0000	0.0111	0.0012	0.0099	0.0124	0.0107	0.0017	0.0062	0.0059	0.0003	0.0062	0.0048	0.0014	0.0881	0.0518	0.0363	0.0159	0.0155	0.0004	0.0722	0.0363	0.0360	1.3108	2.2221	1.6962	1.2313	1.2733	0.0215	1.3200	3.0529	2.0249	0.1561	0.0740	0.2730	0.1677	0.1698	0.0794	0.1535	0.0330	0.2750
46	61	0.4333	8	1	1	0	0	0	0	0	0	N	N	N	N	N	N	N	N	N	N	N	N	0.0002	0.0000	0.0008	0.0227	0.0000	0.2900	0.0000	0.0000	0.0004	0.0000	0.0041	0.0015	0.0000	0.1154	0.0000	0.0000	0.0000	1.8240	0.0038	5.3060	0.0653	0.0072	0.3979	3.0066	0.0000	6.3403	inf	738.4967	0.0000	0.3811	0.7962	1.0140	12.9291	12.0537	0.0000	0.0000	0.0000	0.0000	0.0000	0.0000	0.0000	0.0000	0.0000	0.7981	0.0011	0.7970	0.0115	0.0011	0.0104	0.7866	0.0000	0.7866	0.0205	0.0186	0.0019	0.0054	0.0053	0.0001	0.0152	0.0133	0.0019	0.4375	0.2873	0.1502	0.1759	0.1498	0.0261	0.2616	0.1376	0.1241	0.0002	0.0000	0.0008	0.0227	0.0000	0.2900	0.0000	0.0000	0.0000	1.8240	0.0038	5.3060	0.0653	0.0072	0.3979	3.0066	0.0000	6.3403	
46	62	0.3574	5	1	1	0	0	0	0	0	0	N	N	N	N	N	N	N	N	N	N	N	N	0.1538	0.0000	0.4798	1.2381	0.0000	0.7852	0.0023	0.0000	0.0138	0.4102	0.0000	3.1693	0.9050	0.0000	5.6434	0.0103	0.0000	0.0987	2.6666	0.8518	6.6059	0.7309	0.0601	7.1873	4.5223	2.0966	7.1636	inf	3.5730	0.1847	1.1595	0.7962	22.0948	12.9291	64.3951	0.2042	0.0000	0.2042	0.2014	0.0000	0.2014	0.0028	0.0000	0.0028	4.4553	0.9743	3.4810	0.5977	0.0420	0.5557	3.8576	0.9322	2.9253	0.4979	0.4334	0.0644	0.2225	0.1869	0.0357	0.2753	0.2466	0.0288	1.6708	1.1438	0.5270	0.8177	0.6991	0.1186	0.8530	0.4447	0.4084	0.1538	0.0000	0.4798	1.2381	0.0000	1.2044	0.0023	0.0000	0.0138	2.6666	0.8518	6.6059	0.7309	0.0601	4.6856	4.5223	2.0966	7.1636
46	63	0.1505	4	1	1	0	0	0	0	0	0	N	N	N	N	N	N	N	N	N	N	N	N	0.0054	0.0000	0.0347	0.0731	0.0000	0.3071	0.0002	0.0000	0.0017	0.0133	0.0000	0.1376	0.0498	0.0000	2.2032	0.0008	0.0000	0.0064	2.4404	1.6586	3.9691	0.6813	0.1079	7.1753	3.7530	3.6573	3.8506	inf	1.2240	0.0007	0.0665	0.7962	3.0638	12.9291	18.8214	0.0008	0.0000	0.0008	0.0008	0.0000	0.0008	0.0000	0.0000	0.0000	2.2713	1.0213	1.2500	0.2710	0.0374	0.2335	2.0004	0.9839	1.0165	0.0613	0.0554	0.0059	0.0156	0.0153	0.0004	0.0457	0.0401	0.0056	0.9307	0.6158	0.3149	0.3977	0.3467	0.0510	0.5330	0.2690	0.2640	0.0054	0.0000	0.0347	0.0731	0.0000	0.4808	0.0002	0.0000	0.0017	2.4404	1.6586	3.9691	0.6813	0.1079	4.5827	3.7530	3.6573	3.8506
46	64	0.0615	2	2	2	1	0	0	0	0	0	Y	Y	N	N	N	N	N	N	N	N	N	N	0.0580	0.0000	0.1655	0.0468	0.0000	0.0641	0.0711	0.2070	0.0895	0.0000	0.6860	0.0967	0.0000	2.7934	0.0868	0.0000	0.5196	1.5451	0.0318	4.1446	2.0663	0.0637	43.5534	1.2214	0.0000	2.5097	inf	75.9057	0.0018	0.3056	0.7962	1.0029	12.9291	8.4685	0.0020	0.0000	0.0020	0.0006	0.0000	0.0006	0.0014	0.0000	0.0014	0.6560	0.0085	0.6475	0.3361	0.0085	0.3276	0.3199	0.0000	0.3199	0.0228	0.0198	0.0030	0.0063	0.0061	0.0002	0.0165	0.0138	0.0028	0.4246	0.2683	0.1562	0.1627	0.1339	0.0287	0.2619	0.1344	0.1275	0.0580	0.0000	0.1655	0.0468	0.0000	0.2452	0.0711	0.0000	0.2070	1.5451	0.0318	4.1446	2.0663	0.0637	11.3939	1.2214	0.0000	2.5097	
46	66	0.4333	8	1	2	0	0	0	0	0	0	N	Y	N	N	N	N	N	N	N	N	N	N	0.0001	0.0000	0.0654	0.0012	0.0000	0.6269	0.0000	0.0000	0.0000	0.0004	0.0000	0.0041	0.0015	0.0000	0.1157	0.0000	0.0000	0.0000	2.7390	4.1414	0.0632	1.2450	1.4316	0.1845	3.7387	7.0725	0.0375	inf	0.0080	0.0000	-0.6300	0.7962	1.0110	12.9291	12.5479	0.0000	0.0000	0.0000	0.0000	0.0000	0.0000	0.0000	0.0000	0.0000	1.2277	1.2180	0.0097	0.2237	0.2188	0.0050	1.0040	0.9992	0.0048	0.0205	0.0186	0.0019	0.0053	0.0053	0.0001	0.0151	0.0133	0.0019	0.4482	0.2941	0.1541	0.1797	0.1528	0.0269	0.2685	0.1413	0.1273	0.0001	0.0000	0.0654	0.0012	0.0000	0.6269	0.0000	0.0000	0.0000	2.7390	4.1414	0.0632	1.2450	1.4316	0.1845	3.7387	7.0725	0.0375
46	67	0.4269	7	1	1	0	0	0	0	0	0	N	N	N	N	N	N	N	N	N	N	N	N	0.0004	0.0004	0.0014	0.0015	0.0008	0.1070	0.0000	0.0000	0.0000	0.0008	0.0004	0.0037	0.0029	0.0016	0.1083	0.0000	0.0000	0.0000	1.7164	1.2665	2.7324	1.8743	1.9475	1.0122	1.5743	0.0961	2.9629	0.8731	0.9554	0.0000	-0.0119	0.7962	0.9784	12.9291	1.5217	0.0000	0.0000	0.0000	0.0000	0.0000	0.0000	0.0000	0.0000	0.0000	0.3677	0.1880	0.1797	0.1902	0.1828	0.0074	0.1775	0.0052	0.1723	0.0198	0.0180	0.0019	0.0052	0.0051	0.0001	0.0147	0.0129	0.0018	0.2142	0.1485	0.0658	0.1015	0.0939	0.0076	0.1128	0.0546	0.0581	0.0004	0.0004	0.0014	0.0015	0.0008	0.1115	0.0000	0.0000	0.0000	1.7164	1.2665	2.7324	1.8743	1.9475	0.9711	1.5743	0.0961	2.9629
46	68	0.3967	6	1	1	0	0	0	0	0	0	N	N	N	N	N	N	N	N	N	N	N	N	0.0150	0.0021	0.0583	0.0959	0.0050	0.6919	0.0000	0.0000	0.0000	0.0113	0.0004	0.1132	0.0416	0.0012	1.6487	0.0000	0.0000	0.0000	0.7499	0.1675	1.9407	0.4340	0.2404	2.3829	1.0387	0.0593	2.0890	34.6091	5.6675	0.0002	0.1087	0.7962	1.0531	12.9291	9.0748	0.0002	0.0000	0.0002	0.0002	0.0000	0.0002	0.0000	0.0000	0.0000	0.3305	0.0496	0.2809	0.0914	0.0425	0.0489	0.2392	0.0071	0.2321	0.0219	0.0198	0.0021	0.0059	0.0058	0.0001	0.0160	0.0140	0.0020	0.4408	0.2960	0.1448	0.2105	0.1768	0.0337	0.2303	0.1192	0.1111	0.0150	0.0021	0.0583	0.0959	0.0050	1.1361	0.0000	0.0000	0.0000	0.7499	0.1675	1.9407	0.4340	0.2404	1.4511	1.0387	0.0593	2.0890
46	71	0.0965	5	1	1	1	0	0	0	0	0	N	N	N	N	N	N	N	N	N	N	N	N	0.0000	0.0000	0.0000	0.0000	0.0000	0.0000	0.0000	0.0000	0.0000	0.0000	0.0000	0.0000	0.0000	0.0000	0.0000	0.0000	0.0000	0.0000	0.0000	0.0000	0.7962	1.0000	12.9291	0.0055	0.0000	0.0000	0.0000	0.0000	0.0000	0.0000	0.0000	0.0000	0.0000	0.0000	0.0000	0.0000	0.0000	0.0000	0.0000	0.0000	0.0000	0.0000	0.0067	0.0058	0.0009	0.0000	0.0000	0.0000	0.0067	0.0058	0.0009	0.0226	0.0146	0.0080	0.0089	0.0077	0.0012	0.0137	0.0069	0.0068	0.0000	0.0000	0.0000	0.0000	0.0000	0.0000	0.0000	0.0000	0.0000	0.0000	0.0000	0.0000	0.0000	0.0000	0.0000	0.0000	0.0000	0.0000											
46	72	0.0898	4	1	1	1	0	0	0	0	0	N	N	N	N	N	N	N	N	N	N	N	N	0.0000	0.0000	0.0000	0.0000	0.0000	0.0000	0.0000	0.0000	0.0000	0.0000	0.0000	0.0000	0.0000	0.0000	0.0000	0.0000	0.0000	0.0000	0.0000	0.0000	0.7962	0.0000	12.9291	1.0265	0.0000	0.0000	0.0000	0.0000	0.0000	0.0000	0.0000	0.0000	0.0000	0.0000	0.0000	0.0000	0.0000	0.0000	0.0000	0.0000	0.0000	0.0000	0.0000	0.0000	0.0000	0.0000	0.0000	0.0000	0.0000	0.0000	0.0000	0.0251	0.0165	0.0086	0.0101	0.0088	0.0012	0.0150	0.0077	0.0074	0.0000	0.0000	0.0000	0.0000	0.0000	0.0000	0.0000	0.0000	0.0000	0.0000	0.0000	0.0000	0.0000	0.0000	0.0000	0.0000	0.0000	0.0000											
46	73	0.0844	3	1	1	0	0	0	0	0	0	N	N	N	N	N	N	N	N	N	N	N	N	0.0000	0.0000	0.0000	0.0000	0.0000	0.0000	0.0000	0.0000	0.0000	0.0000	0.0000	0.0000	0.0000	0.0000	0.0001	0.0000	0.0001	0.0001	0.0000	0.0000	0.0000	0.0000	0.0000	0.0000	-0.0000	0.7962	0.0000	12.9291	1.0321	0.0000	0.0000	0.0000	0.0000	0.0000	0.0000	0.0000	0.0000	0.0000	0.0000	0.0000	0.0000	0.0000	0.0000	0.0000	0.0000	0.0000	0.0000	0.0175	0.0118	0.0057	0.0103	0.0089	0.0014	0.0072	0.0029	0.0043	0.2562	0.1720	0.0841	0.1334	0.1220	0.0114	0.1227	0.0500	0.0727	0.0000	0.0000	0.0000	0.0000	0.0000	0.0000	0.0000	0.0000	0.0000	0.0000	0.0001	0.0000	0.0001	0.0001	0.0000	0.0000	0.0000	0.0000						
46	74	0.0616	2	1	1	0	0	0	0	0	0	N	N	N	N	N	N	N	N	N	N	N	N	0.5107	0.5632	0.5727	0.6980	0.5710	0.6463	0.4031	0.0508	0.4855	0.8273	0.4275	1.7448	0.9516	0.6951	3.1914	0.7154	0.0087	1.4684	1.6199	0.7590	3.0464	1.3634	1.2173	4.9377	1.7746	0.1713	3.0244	1.7785	2.4226	0.0170	0.1901	0.7962	0.5629	12.9291	8.5245	0.0312	0.0112	0.0200	0.0170	0.0111	0.0059	0.0142	0.0001	0.0141	1.0179	0.2974	0.7205	0.3223	0.2680	0.0543	0.6956	0.0294	0.6662	0.0377	0.0263	0.0114	0.0179	0.0160	0.0018	0.0198	0.0102	0.0096	0.6284	0.3919	0.2365	0.2364	0.2202	0.0162	0.3920	0.1717	0.2203	0.5107	0.5632	0.5727	0.6980	0.5710	0.9543	0.4031	0.0508	0.4855	1.6199	0.7590	3.0464	1.3634	1.2173	3.3443	1.7746	0.1713	3.0244
46	75	0.0786	3	1	2	0	0	0	0	0	0	N	Y	N	N	N	N	N	N	N	N	N	N	0.0000	0.0000	0.0000	0.0000	0.0000	0.0000	0.0000	0.0000	0.0000	0.0000	0.0000	0.0000	0.0000	0.0001	0.0001	0.0000	0.0001	0.0002	0.0000	0.0000	0.0000	0.0000	0.0000	0.0000	-0.0000	0.7962	1.9994	12.9291	4.0943	0.0000	0.0000	0.0000	0.0000	0.0000	0.0000	0.0000	0.0000	0.0000	0.0000	0.0000	0.0000	0.0000	0.0000	0.0000	0.0000	0.0000	0.0000	0.0136	0.0118	0.0018	0.0000	0.0000	0.0000	0.0136	0.0118	0.0018	0.1785	0.1237	0.0548	0.0709	0.0631	0.0077	0.1077	0.0606	0.0471	0.0000	0.0000	0.0000	0.0000	0.0000	0.0000	0.0000	0.0000	0.0000	0.0001	0.0001	0.0000	0.0001	0.0002	0.0000	0.0000	0.0000	0.0000						
46	76	0.0723	2	1	1	0	0	0	0	0	0	N	N	N	N	N	N	N	N	N	N	N	N	0.0000	0.0000	0.0000	0.0000	0.0000	0.0000	0.0000	0.0000	0.0000	0.0000	0.0000	0.0000	0.0000	0.0000	0.0000	0.0000	0.0000	0.0000	0.9431	0.6526	1.6007	1.1696	1.1109	2.7934	0.7768	0.0796	1.5774	1.0836	0.0000	-0.0001	0.7962	0.0011	12.9291	2.7207	0.0000	0.0000	0.0000	0.0000	0.0000	0.0000	0.0000	0.0000	0.0000	0.0976	0.0468	0.0507	0.0512	0.0443	0.0069	0.0463	0.0025	0.0438	0.0000	0.0000	0.0000	0.0000	0.0000	0.0000	0.0000	0.0000	0.0000	0.1035	0.0718	0.0317	0.0438	0.0399	0.0039	0.0597	0.0319	0.0278	0.0000	0.0000	0.0000	0.0000	0.0000	0.0000	0.0000	0.0000	0.0000	0.9431	0.6526	1.6007	1.1696	1.1109	1.7651	0.7768	0.0796	1.5774	
46	78	0.0604	2	2	1	1	0	0	0	0	0	Y	N	N	N	N	N	N	N	N	N	N	N	0.0049	0.0997	0.0000	0.0127	0.0146	0.0000	0.0000	0.0000	0.0002	0.0002	0.0000	0.0003	0.0003	0.0000	0.0000	0.0000	0.0000	0.0381	0.0020	0.0731	0.0259	0.0233	0.0587	0.0386	0.0000	0.0731	0.0000	38.5879	-0.0000	0.0009	0.7962	1.6246	12.9291	0.0115	0.0000	0.0000	0.0000	0.0000	0.0000	0.0000	0.0000	0.0000	0.0000	0.0019	0.0000	0.0019	0.0001	0.0000	0.0000	0.0019	0.0000	0.0019	0.0923	0.0876	0.0047	0.0518	0.0503	0.0015	0.0406	0.0374	0.0032	0.0507	0.0249	0.0258	0.0023	0.0021	0.0002	0.0484	0.0228	0.0256	0.0049	0.0997	0.0000	0.0127	0.0146	0.0000	0.0000	0.0000	0.0000	0.0381	0.0020	0.0731	0.0259	0.0233	0.0587	0.0386	0.0000	0.0731	
46	83	0.1505	4	1	1	0	0	0	0	0	0	N	N	N	N	N	N	N	N	N	N	N	N	0.0016	0.0000	0.0149	0.0265	0.0000	0.4444	0.0001	0.0000	0.0006	0.0044	0.0000	0.0492	0.0169	0.0000	1.3626	0.0003	0.0000	0.0022	2.8013	2.5333	3.2892	0.6379	0.4128	3.0661	4.1062	4.6668	3.5088	inf	0.7131	0.0007	-0.3417	0.7962	10.0679	12.9291	33.8159	0.0008	0.0000	0.0008	0.0008	0.0000	0.0008	0.0000	0.0000	0.0000	3.2593	1.9026	1.3567	0.2792	0.1555	0.1238	2.9800	1.7471	1.2329	0.1833	0.1667	0.0166	0.0461	0.0455	0.0006	0.1372	0.1212	0.0160	1.1635	0.7510	0.4125	0.4378	0.3767	0.0611	0.7257	0.3744	0.3514	0.0016	0.0000	0.0149	0.0265	0.0000	0.6726	0.0001	0.0000	0.0006	2.8013	2.5333	3.2892	0.6379	0.4128	2.0259	4.1062	4.6668	3.5088
46	84	0.1229	3	1	1	0	0	0	0	0	0	N	N	N	N	N	N	N	N	N	N	N	N	0.1031	0.0524	0.3659	0.3249	0.1417	0.9450	0.0136	0.0000	0.0675	0.1219	0.0409	0.7365	0.3568	0.1268	3.0483	0.0169	0.0000	0.1267	1.1823	0.7792	2.0128	1.0985	0.8951	3.2258	1.2462	0.6215	1.8778	2.3775	1.2539	0.0017	0.0376	0.7962	0.9441	12.9291	14.0836	0.0027	0.0008	0.0019	0.0025	0.0008	0.0017	0.0003	0.0000	0.0003	1.0667	0.4733	0.5934	0.4288	0.3133	0.1155	0.6379	0.1599	0.4780	0.0225	0.0199	0.0026	0.0070	0.0064	0.0005	0.0156	0.0135	0.0021	0.9023	0.6074	0.2948	0.3904	0.3501	0.0403	0.5119	0.2574	0.2545	0.1031	0.0524	0.3659	0.3249	0.1417	1.0639	0.0136	0.0000	0.0675	1.1823	0.7792	2.0128	1.0985	0.8951	2.8652	1.2462	0.6215	1.8778
46	85	0.4052	6	1	1	0	0	0	0	0	0	N	N	N	N	N	N	N	N	N	N	N	N	0.7229	0.8132	0.0030	1.9038	2.7336	0.0025	0.0094	0.0079	0.0004	1.3647	1.5832	0.0053	2.6480	3.2048	0.0079	0.0220	0.0244	0.0005	1.8879	1.9469	1.7583	1.3909	1.1724	3.2257	2.3435	3.1095	1.4914	0.0005	0.4112	-0.0630	-0.4898	0.7962	15.0008	12.9291	28.2980	0.6631	0.6627	0.0004	0.6579	0.6575	0.0003	0.0052	0.0052	0.0000	2.1325	1.5111	0.6214	0.7514	0.5461	0.2053	1.3811	0.9650	0.4161	0.4859	0.4186	0.0673	0.2484	0.2052	0.0433	0.2375	0.2134	0.0240	1.1296	0.7761	0.3534	0.5402	0.4658	0.0744	0.5893	0.3103	0.2790	0.7229	0.8132	0.0030	1.9038	2.7336	0.0029	0.0094	0.0079	0.0004	1.8879	1.9469	1.7583	1.3909	1.1724	2.7586	2.3435	3.1095	1.4914
46	86	0.4052	6	1	1	0	0	0	0	0	0	N	N	N	N	N	N	N	N	N	N	N	N	1.0871	1.9475	0.0030	1.4563	2.2082	0.0022	0.0426	1090.0791	0.0005	1.1527	1.3793	0.0056	1.9357	2.4542	0.0072	0.0331	0.0366	0.0008	1.0603	0.7082	1.8881	1.3292	1.1114	3.2257	0.7762	0.0000	1.6289	0.0008	1.1340	-0.0419	0.0121	0.7962	10.8154	12.9291	27.4443	0.4422	0.4418	0.0004	0.4370	0.4366	0.0003	0.0052	0.0052	0.0000	1.1694	0.5480	0.6214	0.7533	0.5480	0.2053	0.4161	0.0000	0.4161	0.3836	0.3203	0.0633	0.2257	0.1779	0.0478	0.1579	0.1424	0.0155	1.1029	0.7737	0.3291	0.5667	0.4931	0.0737	0.5361	0.2807	0.2555	1.0871	1.9475	0.0030	1.4563	2.2082	0.0026	0.0426	1090.0791	0.0005	1.0603	0.7082	1.8881	1.3292	1.1114	2.7870	0.7762	0.0000	1.6289
46	87	0.3574	5	1	1	0	0	0	0	0	0	N	N	N	N	N	N	N	N	N	N	N	N	1.3150	1.2660	1.6460	1.8586	1.7780	1.0963	0.0329	0.0250	0.1526	1.3792	1.1753	2.2207	2.0810	1.9120	2.5848	0.0315	0.0152	0.2026	1.0488	0.9283	1.3492	1.1197	1.0753	2.3577	0.9572	0.6085	1.3276	0.4577	0.5827	0.0787	-0.2611	0.7962	2.7608	12.9291	22.4044	0.3602	0.2471	0.1131	0.3574	0.2459	0.1115	0.0028	0.0012	0.0016	1.7078	1.0790	0.6288	1.0275	0.8563	0.1712	0.6803	0.2227	0.4575	0.2612	0.2103	0.0509	0.1718	0.1286	0.0432	0.0894	0.0817	0.0078	1.6284	1.1623	0.4660	0.9177	0.7963	0.1214	0.7107	0.3660	0.3446	1.3150	1.2660	1.6460	1.8586	1.7780	1.8326	0.0329	0.0250	0.1526	1.0488	0.9283	1.3492	1.1197	1.0753	1.4105	0.9572	0.6085	1.3276
46	88	0.2275	4	1	1	0	0	0	0	0	0	N	N	N	N	N	N	N	N	N	N	N	N	0.9299	1.1011	0.4062	2.5854	2.5931	1.4490	0.0010	0.0005	0.0044	1.1284	1.1907	0.6022	3.4912	3.5938	2.3577	0.0011	0.0004	0.0068	1.2134	1.0814	1.4825	1.3503	1.3859	1.6272	1.1108	0.7047	1.5590	0.0598	0.6727	-0.0083	-0.2134	0.7962	8.8820	12.9291	49.9570	0.2124	0.2004	0.0120	0.2123	0.2004	0.0119	0.0001	0.0000	0.0001	1.7945	1.0728	0.7217	0.8553	0.7602	0.0951	0.9392	0.3126	0.6266	0.1883	0.1683	0.0199	0.0608	0.0558	0.0050	0.1275	0.1126	0.0149	1.4789	0.9921	0.4868	0.6334	0.5485	0.0849	0.8455	0.4436	0.4019	0.9299	1.1011	0.4062	2.5854	2.5931	2.1042	0.0010	0.0005	0.0044	1.2134	1.0814	1.4825	1.3503	1.3859	1.1205	1.1108	0.7047	1.5590
46	90	0.1122	6	1	2	0	1	0	0	0	0	N	Y	N	N	N	N	N	N	N	N	N	N	0.0000	0.0000	0.0000	0.0000	0.0000	0.0000	0.0000	0.0000	0.0000	0.0000	0.0000	0.0000	0.0000	0.0000	0.0000	0.0000	0.0000	0.0000	0.0000	0.0000	0.7962	0.0000	12.9291	0.0000	0.0000	0.0000	0.0000	0.0000	0.0000	0.0000	0.0000	0.0000	0.0000	0.0000	0.0000	0.0000	0.0000	0.0000	0.0000	0.0000	0.0000	0.0000	0.0000	0.0000	0.0000	0.0000	0.0000	0.0000	0.0000	0.0000	0.0000	0.0000	0.0000	0.0000	0.0000	0.0000	0.0000	0.0000	0.0000	0.0000	0.0000	0.0000	0.0000	0.0000	0.0000	0.0000	0.0000	0.0000	0.0000	0.0000	0.0000	0.0000	0.0000	0.0000	0.0000	0.0000	0.0000	0.0000											
46	91	0.1015	5	1	2	0	1	0	0	0	0	N	Y	N	N	N	N	N	N	N	N	N	N	0.0000	0.0000	0.0000	0.0000	0.0000	0.0000	0.0000	0.0000	0.0000	0.0000	0.0000	0.0000	0.0000	0.0000	0.0000	0.0000	0.0000	0.0000	0.0000	0.0000	0.7962	1.0000	12.9291	3.0000	0.0000	0.0000	0.0000	0.0000	0.0000	0.0000	0.0000	0.0000	0.0000	0.0000	0.0000	0.0000	0.0000	0.0000	0.0000	0.0000	0.0000	0.0000	0.0161	0.0148	0.0014	0.0065	0.0062	0.0003	0.0096	0.0086	0.0010	0.1079	0.0539	0.0540	0.0120	0.0102	0.0018	0.0959	0.0437	0.0522	0.0000	0.0000	0.0000	0.0000	0.0000	0.0000	0.0000	0.0000	0.0000	0.0000	0.0000	0.0000	0.0000	0.0000	0.0000	0.0000	0.0000	0.0000											
46	92	0.0950	3	1	2	0	0	0	0	0	0	N	Y	N	N	N	N	N	N	N	N	N	N	0.0000	0.0000	0.0000	0.0000	0.0000	0.0000	0.0000	0.0000	0.0000	0.0000	0.0000	0.0000	0.0000	0.0000	0.0000	0.0000	0.0000	0.0000	0.0000	0.0000	0.7962	0.0000	12.9291	0.0000	0.0000	0.0000	0.0000	0.0000	0.0000	0.0000	0.0000	0.0000	0.0000	0.0000	0.0000	0.0000	0.0000	0.0000	0.0000	0.0000	0.0000	0.0000	0.0000	0.0000	0.0000	0.0000	0.0000	0.0000	0.0000	0.0000	0.0000	0.0000	0.0000	0.0000	0.0000	0.0000	0.0000	0.0000	0.0000	0.0000	0.0000	0.0000	0.0000	0.0000	0.0000	0.0000	0.0000	0.0000	0.0000	0.0000	0.0000	0.0000	0.0000	0.0000	0.0000	0.0000	0.0000	0.0000											
46	93	0.1015	5	1	1	1	1	0	0	0	0	N	N	N	N	N	N	N	N	N	N	N	N	0.0000	0.0000	0.0000	0.0000	0.0000	0.0000	0.0000	0.0000	0.0000	0.0000	0.0000	0.0000	0.0000	0.0000	0.0000	0.0000	0.0000	0.0000	0.0000	0.0000	0.7962	0.0000	12.9291	0.0000	0.0000	0.0000	0.0000	0.0000	0.0000	0.0000	0.0000	0.0000	0.0000	0.0000	0.0000	0.0000	0.0000	0.0000	0.0000	0.0000	0.0000	0.0000	0.0000	0.0000	0.0000	0.0000	0.0000	0.0000	0.0000	0.0000	0.0000	0.0000	0.0000	0.0000	0.0000	0.0000	0.0000	0.0000	0.0000	0.0000	0.0000	0.0000	0.0000	0.0000	0.0000	0.0000	0.0000	0.0000	0.0000	0.0000	0.0000	0.0000	0.0000	0.0000	0.0000	0.0000	0.0000	0.0000											
46	94	0.0988	4	1	1	0	1	0	0	0	0	N	N	N	N	N	N	N	N	N	N	N	N	0.0000	0.0000	0.0000	0.0000	0.0000	0.0000	0.0000	0.0000	0.0000	0.0000	0.0000	0.0000	0.0000	0.0000	0.0000	0.0000	0.0000	0.0000	0.0000	0.0000	0.7962	1.0000	12.9291	0.0097	0.0000	0.0000	0.0000	0.0000	0.0000	0.0000	0.0000	0.0000	0.0000	0.0000	0.0000	0.0000	0.0000	0.0000	0.0000	0.0000	0.0000	0.0000	0.0161	0.0148	0.0014	0.0065	0.0062	0.0003	0.0096	0.0086	0.0010	0.0293	0.0146	0.0147	0.0037	0.0032	0.0005	0.0256	0.0114	0.0142	0.0000	0.0000	0.0000	0.0000	0.0000	0.0000	0.0000	0.0000	0.0000	0.0000	0.0000	0.0000	0.0000	0.0000	0.0000	0.0000	0.0000	0.0000											
46	95	0.0988	4	1	1	1	1	0	0	0	0	N	N	N	N	N	N	N	N	N	N	N	N	0.0000	0.0000	0.0000	0.0000	0.0000	0.0000	0.0000	0.0000	0.0000	0.0000	0.0000	0.0000	0.0000	0.0000	0.0000	0.0000	0.0000	0.0000	0.0000	0.0000	0.7962	2.0000	12.9291	3.0050	0.0000	0.0000	0.0000	0.0000	0.0000	0.0000	0.0000	0.0000	0.0000	0.0000	0.0000	0.0000	0.0000	0.0000	0.0000	0.0000	0.0000	0.0000	0.0317	0.0291	0.0027	0.0127	0.0121	0.0006	0.0190	0.0169	0.0021	0.1344	0.0673	0.0671	0.0153	0.0131	0.0022	0.1191	0.0542	0.0649	0.0000	0.0000	0.0000	0.0000	0.0000	0.0000	0.0000	0.0000	0.0000	0.0000	0.0000	0.0000	0.0000	0.0000	0.0000	0.0000	0.0000	0.0000											
46	96	0.0988	4	1	1	1	1	0	0	0	0	N	N	N	N	N	N	N	N	N	N	N	N	0.0000	0.0000	0.0000	0.0000	0.0000	0.0000	0.0000	0.0000	0.0000	0.0000	0.0000	0.0000	0.0000	0.0000	0.0000	0.0000	0.0000	0.0000	0.0000	0.0000	0.7962	0.0000	12.9291	6.9903	0.0000	0.0000	0.0000	0.0000	0.0000	0.0000	0.0000	0.0000	0.0000	0.0000	0.0000	0.0000	0.0000	0.0000	0.0000	0.0000	0.0000	0.0000	0.0000	0.0000	0.0000	0.0000	0.0000	0.0000	0.0000	0.0000	0.0000	0.1829	0.0918	0.0911	0.0206	0.0176	0.0030	0.1624	0.0743	0.0881	0.0000	0.0000	0.0000	0.0000	0.0000	0.0000	0.0000	0.0000	0.0000	0.0000	0.0000	0.0000	0.0000	0.0000	0.0000	0.0000	0.0000	0.0000											
46	97	0.0933	3	1	1	0	1	0	0	0	0	N	N	N	N	N	N	N	N	N	N	N	N	0.0000	0.0000	0.0000	0.0000	0.0000	0.0000	0.0000	0.0000	0.0000	0.0000	0.0000	0.0000	0.0000	0.0000	0.0000	0.0000	0.0000	0.4617	0.0014	0.9703	0.0094	0.0066	0.0320	0.5289	0.0000	0.9993	606.5760	0.0000	0.0145	0.7962	0.9999	12.9291	1.0605	0.0000	0.0000	0.0000	0.0000	0.0000	0.0000	0.0000	0.0000	0.0000	0.0304	0.0001	0.0303	0.0001	0.0001	0.0000	0.0303	0.0000	0.0303	0.0466	0.0441	0.0025	0.0213	0.0209	0.0005	0.0253	0.0233	0.0020	0.0658	0.0345	0.0313	0.0085	0.0076	0.0009	0.0573	0.0270	0.0303	0.0000	0.0000	0.0000	0.0000	0.0000	0.0000	0.0000	0.0000	0.0000	0.4617	0.0014	0.9703	0.0094	0.0066	0.0320	0.5289	0.0000	0.9993		
46	98	0.0912	2	1	1	0	1	0	0	0	0	N	N	N	N	N	N	N	N	N	N	N	N	0.3738	0.4175	0.1724	0.0773	0.0790	0.0000	0.9189	49540.1329	0.2507	0.6698	0.7402	0.3129	0.4823	0.5358	0.0000	0.8934	1.0300	0.4666	1.7920	1.7732	1.8146	6.2424	6.7847	0.2126	0.9723	0.0000	1.8612	0.0834	0.8509	-0.0000	-0.0040	0.7962	0.0012	12.9291	1.0414	0.0001	0.0001	0.0000	0.0000	0.0000	0.0000	0.0001	0.0000	0.0000	0.0655	0.0354	0.0301	0.0355	0.0354	0.0001	0.0300	0.0000	0.0300	0.0001	0.0001	0.0000	0.0001	0.0001	0.0000	0.0001	0.0000	0.0000	0.0365	0.0200	0.0166	0.0057	0.0052	0.0005	0.0309	0.0147	0.0161	0.3738	0.4175	0.1724	0.0773	0.0790	0.0000	0.9189	49540.1329	0.2507	1.7920	1.7732	1.8146	6.2424	6.7847	0.2126	0.9723	0.0000	1.8612
46	101	0.0981	4	2	2	0	0	0	0	0	0	Y	Y	N	N	N	N	N	N	N	N	N	N	0.0000	0.0000	0.0000	0.0000	0.0000	0.0000	0.0000	0.0000	0.0000	0.0000	0.0000	0.0000	0.0000	0.0000	0.0000	0.0000	0.0000	0.0000	0.0000	0.0000	0.7962	0.0000	12.9291	3.0000	0.0000	0.0000	0.0000	0.0000	0.0000	0.0000	0.0000	0.0000	0.0000	0.0000	0.0000	0.0000	0.0000	0.0000	0.0000	0.0000	0.0000	0.0000	0.0000	0.0000	0.0000	0.0000	0.0000	0.0000	0.0000	0.0000	0.0000	0.0868	0.0437	0.0431	0.0089	0.0075	0.0013	0.0779	0.0361	0.0418	0.0000	0.0000	0.0000	0.0000	0.0000	0.0000	0.0000	0.0000	0.0000	0.0000	0.0000	0.0000	0.0000	0.0000	0.0000	0.0000	0.0000	0.0000											
46	102	0.0950	3	2	2	0	0	0	0	0	0	Y	Y	N	N	N	N	N	N	N	N	N	N	0.0000	0.0000	0.0000	0.0000	0.0000	0.0000	0.0000	0.0000	0.0000	0.0000	0.0000	0.0000	0.0000	0.0000	0.0000	0.0000	0.0000	0.0000	0.0000	0.0000	0.7962	0.0000	12.9291	1.0000	0.0000	0.0000	0.0000	0.0000	0.0000	0.0000	0.0000	0.0000	0.0000	0.0000	0.0000	0.0000	0.0000	0.0000	0.0000	0.0000	0.0000	0.0000	0.0000	0.0000	0.0000	0.0000	0.0000	0.0000	0.0000	0.0000	0.0000	0.0302	0.0151	0.0150	0.0031	0.0026	0.0005	0.0271	0.0125	0.0146	0.0000	0.0000	0.0000	0.0000	0.0000	0.0000	0.0000	0.0000	0.0000	0.0000	0.0000	0.0000	0.0000	0.0000	0.0000	0.0000	0.0000	0.0000											
46	103	0.0912	2	1	2	0	0	0	0	0	0	N	Y	N	N	N	N	N	N	N	N	N	N	0.0121	286.9757	0.0000	22.6673	119.7761	0.0000	0.0000	0.0000	0.3366	0.4191	0.0000	0.5924	0.6713	0.0000	0.0000	0.0000	0.0000	27.7966	0.0015	61.1690	0.0261	0.0056	0.2532	32.8908	0.0000	62.9417	0.0000	34888.1328	-0.0000	0.4909	0.7962	0.0006	12.9291	1.0534	0.0000	0.0000	0.0000	0.0000	0.0000	0.0000	0.0000	0.0000	0.0000	1.0251	0.0000	1.0251	0.0001	0.0000	0.0001	1.0249	0.0000	1.0249	0.0001	0.0001	0.0000	0.0001	0.0001	0.0000	0.0000	0.0000	0.0000	0.0369	0.0201	0.0168	0.0057	0.0052	0.0005	0.0312	0.0149	0.0163	0.0121	286.9757	0.0000	22.6673	119.7761	0.0000	0.0000	0.0000	0.0000	27.7966	0.0015	61.1690	0.0261	0.0056	0.2532	32.8908	0.0000	62.9417	
46	109	0.3099	5	1	1	0	0	0	0	0	0	N	N	N	N	N	N	N	N	N	N	N	N	0.0164	0.0000	1.0789	0.0815	0.0000	41625.0051	0.0001	0.0000	0.0060	0.0236	0.0000	0.2497	0.0831	0.0000	2.3829	0.0002	0.0000	0.0018	1.4438	2.0072	0.2314	1.0194	1.1955	0.0001	1.8294	3.1979	0.2971	inf	0.0536	0.0032	-0.8327	0.7962	7.7801	12.9291	32.2209	0.0036	0.0000	0.0036	0.0035	0.0000	0.0035	0.0000	0.0000	0.0000	1.7709	1.6809	0.0901	0.5953	0.5953	0.0000	1.1756	1.0856	0.0901	0.1513	0.1370	0.0143	0.0427	0.0412	0.0015	0.1086	0.0957	0.0128	1.2266	0.8374	0.3892	0.5840	0.4979	0.0860	0.6426	0.3395	0.3032	0.0164	0.0000	1.0789	0.0815	0.0000	41625.0051	0.0001	0.0000	0.0060	1.4438	2.0072	0.2314	1.0194	1.1955	0.0001	1.8294	3.1979	0.2971
47	48	0.3953	2	0	1	0	2	0	0	0	0	N	N	N	Y	N	N	N	N	N	N	N	N	0.0000	0.0000	0.0000	0.0000	0.0000	0.0000	0.0000	0.0000	0.0000	0.0000	0.0000	0.0000	0.0000	0.0000	0.0000	0.0372	0.0000	0.1128	0.0047	0.0000	0.0270	0.0678	0.0000	0.1422	inf	0.0000	0.0031	9.0000	0.0037	15.0400	3.0208	0.0000	0.0000	0.0000	0.0000	0.0000	0.0000	0.0000	0.0000	0.0000	0.0064	0.0000	0.0064	0.0004	0.0000	0.0004	0.0060	0.0000	0.0060	0.0007	0.0006	0.0001	0.0002	0.0002	0.0000	0.0005	0.0004	0.0001	0.1710	0.1145	0.0565	0.0828	0.0684	0.0144	0.0882	0.0461	0.0421	0.0000	0.0000	0.0000	0.0000	0.0000	0.0000	0.0000	0.0000	0.0000	0.0372	0.0000	0.1128	0.0047	0.0000	0.0270	0.0678	0.0000	0.1422				
47	50	0.3517	2	0	2	1	1	0	0	0	0	N	Y	N	N	N	N	N	N	N	N	N	N	0.0000	0.0000	0.0000	0.0000	0.0000	0.0000	0.0000	0.0000	0.0000	0.0000	0.0000	0.0000	0.0000	0.0000	0.0000	0.0000	0.0004	0.0007	0.0000	0.0013	0.0016	0.0000	0.0000	0.0000	0.0000	0.0200	0.0000	-0.0000	9.0000	1.4428	15.0400	0.4686	0.0000	0.0000	0.0000	0.0000	0.0000	0.0000	0.0000	0.0000	0.0000	0.0001	0.0001	0.0000	0.0001	0.0001	0.0000	0.0000	0.0000	0.0000	0.4248	0.3770	0.0478	0.2604	0.2319	0.0285	0.1644	0.1451	0.0193	0.1437	0.0840	0.0598	0.0468	0.0385	0.0083	0.0969	0.0454	0.0514	0.0000	0.0000	0.0000	0.0000	0.0000	0.0000	0.0000	0.0000	0.0000	0.0004	0.0007	0.0000	0.0013	0.0016	0.0000	0.0000	0.0000	0.0000			
47	52	0.3394	2	1	1	1	1	0	0	0	0	N	N	N	N	N	N	N	N	N	N	N	N	0.0000	0.0000	0.0000	0.0000	0.0000	0.0000	0.0000	0.0000	0.0000	0.0000	0.0000	0.0000	0.0000	0.0000	0.0000	0.0725	0.1424	0.0000	0.0713	0.0741	0.0000	0.0726	0.1568	0.0000	0.0000	0.0000	-0.0122	9.0000	0.9976	15.0400	4.7732	0.0000	0.0000	0.0000	0.0000	0.0000	0.0000	0.0000	0.0000	0.0000	0.0235	0.0235	0.0000	0.0021	0.0021	0.0000	0.0213	0.0213	0.0000	0.1525	0.1361	0.0164	0.0371	0.0349	0.0022	0.1153	0.1012	0.0142	0.3234	0.1647	0.1587	0.0298	0.0287	0.0011	0.2936	0.1360	0.1576	0.0000	0.0000	0.0000	0.0000	0.0000	0.0000	0.0000	0.0000	0.0000	0.0725	0.1424	0.0000	0.0713	0.0741	0.0000	0.0726	0.1568	0.0000				
47	55	0.3380	2	0	2	0	1	0	0	0	0	N	Y	N	N	N	N	N	N	N	N	N	N	0.0000	0.0000	0.0000	0.0000	0.0000	0.0000	0.0000	0.0000	0.0000	0.0000	0.0000	0.0000	0.0000	0.0031	0.0048	0.0000	0.0074	0.0089	0.0000	0.0000	0.0000	0.0000	0.0000	0.0000	-0.0009	9.0000	0.0041	15.0400	6.2745	0.0000	0.0000	0.0000	0.0000	0.0000	0.0000	0.0000	0.0000	0.0000	0.0018	0.0018	0.0000	0.0018	0.0018	0.0000	0.0000	0.0000	0.0000	0.0046	0.0036	0.0010	0.0024	0.0022	0.0002	0.0022	0.0014	0.0008	0.5777	0.3730	0.2047	0.2450	0.2031	0.0419	0.3327	0.1699	0.1628	0.0000	0.0000	0.0000	0.0000	0.0000	0.0000	0.0000	0.0000	0.0000	0.0031	0.0048	0.0000	0.0074	0.0089	0.0000	0.0000	0.0000	0.0000						
47	56	0.3868	2	0	1	1	1	0	0	0	0	N	N	N	N	N	N	N	N	N	N	N	N	0.0000	0.0000	0.0000	0.0000	0.0000	0.0000	0.0000	0.0000	0.0000	0.0000	0.0000	0.0000	0.0000	0.0000	0.0000	0.0000	0.0000	0.0000	0.0000	0.0000	9.0000	18.9997	15.0400	4.0000	0.0000	0.0000	0.0000	0.0000	0.0000	0.0000	0.0000	0.0000	0.0000	0.0000	0.0000	0.0000	0.0000	0.0000	0.0000	0.0000	0.0000	0.0000	2.2143	1.9561	0.2582	0.1469	0.1411	0.0058	2.0674	1.8150	0.2524	1.0108	0.6611	0.3497	0.4592	0.3688	0.0904	0.5516	0.2923	0.2593	0.0000	0.0000	0.0000	0.0000	0.0000	0.0000	0.0000	0.0000	0.0000	0.0000	0.0000	0.0000	0.0000	0.0000	0.0000	0.0000	0.0000	0.0000											
47	58	0.3376	3	1	2	0	1	0	0	0	0	N	Y	N	N	N	N	N	N	N	N	N	N	0.0000	0.0000	0.0000	0.0000	0.0000	0.0000	0.0000	0.0000	0.0000	0.0000	0.0000	0.0000	0.0000	0.0000	0.0000	1.7649	3.2806	0.0000	0.0345	0.0368	0.0000	1.9491	3.9356	0.0000	0.0000	0.0000	-0.4695	9.0000	0.9359	15.0400	8.5945	0.0000	0.0000	0.0000	0.0000	0.0000	0.0000	0.0000	0.0000	0.0000	0.9010	0.9010	0.0000	0.0017	0.0017	0.0000	0.8993	0.8993	0.0000	0.1904	0.1716	0.0188	0.0787	0.0735	0.0051	0.1117	0.0980	0.0136	0.5105	0.2746	0.2358	0.0491	0.0461	0.0030	0.4614	0.2285	0.2329	0.0000	0.0000	0.0000	0.0000	0.0000	0.0000	0.0000	0.0000	0.0000	1.7649	3.2806	0.0000	0.0345	0.0368	0.0000	1.9491	3.9356	0.0000				
47	59	0.3348	2	0	2	0	1	0	0	0	0	N	Y	N	N	N	N	N	N	N	N	N	N	0.0000	0.0000	0.0000	0.0000	0.0000	0.0000	0.0000	0.0000	0.0000	0.0000	0.0000	0.0000	0.0000	0.0000	0.0000	0.0000	0.0000	0.0000	0.6752	1.1306	0.0032	0.0348	0.0356	0.0001	0.8174	1.5942	0.0032	0.0019	0.0000	-0.0528	9.0000	0.1706	15.0400	1.8413	0.0000	0.0000	0.0000	0.0000	0.0000	0.0000	0.0000	0.0000	0.0000	0.1017	0.1015	0.0002	0.0010	0.0010	0.0000	0.1007	0.1005	0.0002	0.0502	0.0450	0.0052	0.0231	0.0218	0.0013	0.0272	0.0232	0.0039	0.1506	0.0898	0.0608	0.0274	0.0267	0.0007	0.1232	0.0631	0.0602	0.0000	0.0000	0.0000	0.0000	0.0000	0.0000	0.0000	0.0000	0.0000	0.6752	1.1306	0.0032	0.0348	0.0356	0.0001	0.8174	1.5942	0.0032	
47	61	0.7098	8	0	1	0	1	0	0	0	0	N	N	N	N	N	N	N	N	N	N	N	N	0.0000	0.0000	0.0000	0.0000	0.0000	0.0000	0.0000	0.0000	0.0000	0.0000	0.0000	0.0000	0.0000	0.0000	0.0000	0.0000	0.0000	0.2745	0.4183	0.0045	0.6894	0.8145	0.0016	0.0024	0.0000	0.0051	0.0057	0.0000	-0.1036	9.0000	1.0140	15.0400	12.0537	0.0000	0.0000	0.0000	0.0000	0.0000	0.0000	0.0000	0.0000	0.0000	0.2011	0.1999	0.0011	0.2000	0.1999	0.0001	0.0011	0.0000	0.0011	0.1390	0.1217	0.0173	0.0145	0.0137	0.0007	0.1245	0.1079	0.0166	0.7325	0.4780	0.2545	0.2901	0.2455	0.0446	0.4423	0.2325	0.2099	0.0000	0.0000	0.0000	0.0000	0.0000	0.0000	0.0000	0.0000	0.0000	0.2745	0.4183	0.0045	0.6894	0.8145	0.0016	0.0024	0.0000	0.0051		
47	62	0.6339	5	0	1	0	1	0	0	0	0	N	N	N	N	N	N	N	N	N	N	N	N	1.1467	0.4641	38.6300	0.0018	0.0001	0.3759	21.8819	502.5548	43.0343	0.7432	0.4221	3.1797	0.0024	0.0002	0.0235	0.9277	0.5305	3.7859	0.6482	0.9094	0.0823	1.2968	1.5057	0.0624	0.0424	0.0011	0.0880	0.9930	0.0418	0.8025	-0.9123	9.0000	22.0948	15.0400	64.3951	1.9930	1.0000	0.9930	0.0013	0.0001	0.0012	1.9917	0.9999	0.9918	1.8968	1.8208	0.0761	1.8327	1.8199	0.0128	0.0642	0.0008	0.0633	2.6815	2.3692	0.3123	0.5346	0.4843	0.0503	2.1469	1.8849	0.2620	2.9265	2.0022	0.9243	1.4132	1.2087	0.2045	1.5132	0.7935	0.7198	1.1467	0.4641	38.6300	0.0018	0.0001	0.3759	21.8819	502.5548	43.0343	0.6482	0.9094	0.0823	1.2968	1.5057	0.0624	0.0424	0.0011	0.0880
47	63	0.4271	4	0	1	0	1	0	0	0	0	N	N	N	N	N	N	N	N	N	N	N	N	0.0000	0.0000	0.0000	0.0000	0.0000	0.0000	0.0000	0.0000	0.0000	0.0000	0.0000	0.0000	0.0000	0.0000	0.0000	0.0000	0.0000	0.0000	0.4698	0.5824	0.2488	0.7231	0.8147	0.0973	0.2839	0.2898	0.2777	0.2175	0.0000	-0.2547	9.0000	3.0638	15.0400	18.8214	0.0000	0.0000	0.0000	0.0000	0.0000	0.0000	0.0000	0.0000	0.0000	0.7437	0.6108	0.1329	0.4846	0.4763	0.0083	0.2591	0.1345	0.1246	0.4069	0.3557	0.0511	0.0317	0.0303	0.0014	0.3752	0.3255	0.0497	1.5829	1.0488	0.5341	0.6702	0.5847	0.0855	0.9127	0.4641	0.4486	0.0000	0.0000	0.0000	0.0000	0.0000	0.0000	0.0000	0.0000	0.0000	0.4698	0.5824	0.2488	0.7231	0.8147	0.0973	0.2839	0.2898	0.2777	
47	64	0.3380	2	1	2	1	1	0	0	0	0	N	Y	N	N	N	N	N	N	N	N	N	N	0.0000	0.0000	0.0000	0.0000	0.0000	0.0000	0.0000	0.0000	0.0000	0.0000	0.0000	0.0000	0.0000	0.0026	0.0040	0.0000	0.0068	0.0083	0.0000	0.0000	0.0000	0.0000	0.0000	0.0000	-0.0009	9.0000	1.0029	15.0400	8.4685	0.0000	0.0000	0.0000	0.0000	0.0000	0.0000	0.0000	0.0000	0.0000	0.0018	0.0018	0.0000	0.0018	0.0018	0.0000	0.0000	0.0000	0.0000	0.1392	0.1211	0.0182	0.0100	0.0095	0.0005	0.1292	0.1116	0.0177	0.7088	0.4479	0.2608	0.2659	0.2182	0.0477	0.4429	0.2297	0.2132	0.0000	0.0000	0.0000	0.0000	0.0000	0.0000	0.0000	0.0000	0.0000	0.0026	0.0040	0.0000	0.0068	0.0083	0.0000	0.0000	0.0000	0.0000						
47	66	0.7098	8	0	2	0	1	0	0	0	0	N	Y	N	N	N	N	N	N	N	N	N	N	0.0000	0.0000	0.0000	0.0000	0.0000	0.0000	0.0000	0.0000	0.0000	0.0000	0.0000	0.0000	0.0000	0.0000	0.0000	0.0000	0.0000	0.2679	0.4086	0.0044	0.6748	0.7983	0.0015	0.0024	0.0000	0.0050	0.0057	0.0000	-0.1036	9.0000	1.0110	15.0400	12.5479	0.0000	0.0000	0.0000	0.0000	0.0000	0.0000	0.0000	0.0000	0.0000	0.2011	0.1999	0.0011	0.2000	0.1999	0.0001	0.0011	0.0000	0.0011	0.1386	0.1213	0.0173	0.0144	0.0137	0.0007	0.1242	0.1076	0.0166	0.7505	0.4893	0.2612	0.2964	0.2505	0.0459	0.4541	0.2388	0.2153	0.0000	0.0000	0.0000	0.0000	0.0000	0.0000	0.0000	0.0000	0.0000	0.2679	0.4086	0.0044	0.6748	0.7983	0.0015	0.0024	0.0000	0.0050		
47	67	0.7035	7	0	1	0	1	0	0	0	0	N	N	N	N	N	N	N	N	N	N	N	N	0.0000	0.0000	0.0000	0.0000	0.0000	0.0000	0.0000	0.0000	0.0000	0.0000	0.0000	0.0000	0.0000	0.0000	0.0000	0.0000	0.0000	0.0000	1.9417	2.3783	0.9586	3.4533	3.7342	0.0206	0.5926	0.0744	1.0817	0.1790	0.0000	-0.2585	9.0000	0.9784	15.0400	1.5217	0.0000	0.0000	0.0000	0.0000	0.0000	0.0000	0.0000	0.0000	0.0000	0.7001	0.5938	0.1063	0.5872	0.5869	0.0003	0.1129	0.0069	0.1060	0.1341	0.1173	0.0167	0.0138	0.0131	0.0007	0.1203	0.1043	0.0160	0.3605	0.2497	0.1109	0.1700	0.1572	0.0129	0.1905	0.0925	0.0980	0.0000	0.0000	0.0000	0.0000	0.0000	0.0000	0.0000	0.0000	0.0000	1.9417	2.3783	0.9586	3.4533	3.7342	0.0206	0.5926	0.0744	1.0817	
47	68	0.6732	6	0	1	0	1	0	0	0	0	N	N	N	N	N	N	N	N	N	N	N	N	0.0000	0.0000	0.0000	0.0000	0.0000	0.0000	0.0000	0.0000	0.0000	0.0000	0.0000	0.0000	0.0000	0.0000	0.0000	0.0000	0.0000	0.0000	0.9428	0.9591	0.9097	1.3148	1.5593	0.0546	0.6052	0.0788	1.1717	0.4666	0.0000	-0.1422	9.0000	1.0531	15.0400	9.0748	0.0000	0.0000	0.0000	0.0000	0.0000	0.0000	0.0000	0.0000	0.0000	0.7009	0.4779	0.2230	0.4651	0.4620	0.0031	0.2358	0.0159	0.2199	0.1483	0.1297	0.0186	0.0170	0.0162	0.0008	0.1313	0.1136	0.0178	0.7434	0.4983	0.2452	0.3538	0.2963	0.0575	0.3897	0.2020	0.1877	0.0000	0.0000	0.0000	0.0000	0.0000	0.0000	0.0000	0.0000	0.0000	0.9428	0.9591	0.9097	1.3148	1.5593	0.0546	0.6052	0.0788	1.1717	
47	71	0.3730	5	0	1	1	1	0	0	0	0	N	N	N	N	N	N	N	N	N	N	N	N	0.0000	0.0000	0.0000	0.0000	0.0000	0.0000	0.0000	0.0000	0.0000	0.0000	0.0000	0.0000	0.0000	0.0000	0.0000	0.0000	0.0015	0.0008	0.0028	0.0014	0.0016	0.0000	0.0016	0.0000	0.0033	2.0000	0.0000	0.0000	9.0000	1.0000	15.0400	0.0055	0.0000	0.0000	0.0000	0.0000	0.0000	0.0000	0.0000	0.0000	0.0000	0.0001	0.0000	0.0000	0.0000	0.0000	0.0000	0.0000	0.0000	0.0000	0.0784	0.0682	0.0102	0.0000	0.0000	0.0000	0.0784	0.0682	0.0102	0.0395	0.0251	0.0144	0.0148	0.0126	0.0022	0.0247	0.0126	0.0122	0.0000	0.0000	0.0000	0.0000	0.0000	0.0000	0.0000	0.0000	0.0000	0.0015	0.0008	0.0028	0.0014	0.0016	0.0000	0.0016	0.0000	0.0033			
47	72	0.3664	4	0	1	1	1	0	0	0	0	N	N	N	N	N	N	N	N	N	N	N	N	0.0000	0.0000	0.0000	0.0000	0.0000	0.0000	0.0000	0.0000	0.0000	0.0000	0.0000	0.0000	0.0000	0.0000	0.0000	0.0000	0.0000	0.0584	0.0448	0.0835	0.0745	0.0860	0.0000	0.0483	0.0014	0.0979	1.0079	0.0000	-0.0000	9.0000	0.0000	15.0400	1.0265	0.0000	0.0000	0.0000	0.0000	0.0000	0.0000	0.0000	0.0000	0.0000	0.0026	0.0013	0.0013	0.0013	0.0013	0.0000	0.0013	0.0000	0.0013	0.0000	0.0000	0.0000	0.0000	0.0000	0.0000	0.0000	0.0000	0.0000	0.0440	0.0286	0.0154	0.0169	0.0146	0.0023	0.0271	0.0139	0.0132	0.0000	0.0000	0.0000	0.0000	0.0000	0.0000	0.0000	0.0000	0.0000	0.0584	0.0448	0.0835	0.0745	0.0860	0.0000	0.0483	0.0014	0.0979		
47	73	0.3610	3	0	1	0	1	0	0	0	0	N	N	N	N	N	N	N	N	N	N	N	N	0.0000	0.0000	0.0000	0.0000	0.0000	0.0000	0.0000	0.0000	0.0000	0.0000	0.0000	0.0000	0.0000	0.0000	0.0000	0.0000	0.0000	0.0000	0.1070	0.0858	0.1516	0.1078	0.1169	0.0085	0.1060	0.0140	0.1738	0.8367	0.0000	-0.0029	9.0000	0.0000	15.0400	1.0321	0.0000	0.0000	0.0000	0.0000	0.0000	0.0000	0.0000	0.0000	0.0000	0.0436	0.0238	0.0199	0.0227	0.0226	0.0001	0.0209	0.0012	0.0197	0.0512	0.0456	0.0055	0.0284	0.0270	0.0015	0.0227	0.0186	0.0041	0.4081	0.2770	0.1312	0.2109	0.1933	0.0176	0.1972	0.0837	0.1135	0.0000	0.0000	0.0000	0.0000	0.0000	0.0000	0.0000	0.0000	0.0000	0.1070	0.0858	0.1516	0.1078	0.1169	0.0085	0.1060	0.0140	0.1738	
47	74	0.3381	2	0	1	0	1	0	0	0	0	N	N	N	N	N	N	N	N	N	N	N	N	0.0000	0.0000	0.0000	0.0000	0.0000	0.0000	0.0000	0.0000	0.0000	0.0000	0.0000	0.0000	0.0000	0.0000	0.0000	0.0000	0.0000	0.0000	0.8077	0.0893	2.0067	0.1021	0.1034	0.0853	1.2169	0.0724	2.1458	13.4617	0.0000	0.3397	9.0000	0.5629	15.0400	8.5245	0.0000	0.0000	0.0000	0.0000	0.0000	0.0000	0.0000	0.0000	0.0000	0.8289	0.0573	0.7716	0.0385	0.0363	0.0022	0.7904	0.0211	0.7694	0.1152	0.0968	0.0184	0.0273	0.0252	0.0020	0.0879	0.0716	0.0163	1.0262	0.6417	0.3845	0.3767	0.3507	0.0260	0.6495	0.2910	0.3585	0.0000	0.0000	0.0000	0.0000	0.0000	0.0000	0.0000	0.0000	0.0000	0.8077	0.0893	2.0067	0.1021	0.1034	0.0853	1.2169	0.0724	2.1458	
47	75	0.3551	3	0	2	0	1	0	0	0	0	N	Y	N	N	N	N	N	N	N	N	N	N	0.0000	0.0000	0.0000	0.0000	0.0000	0.0000	0.0000	0.0000	0.0000	0.0000	0.0000	0.0000	0.0000	0.0000	0.0000	0.0000	0.0000	0.0448	0.0003	0.1420	0.0013	0.0007	0.0058	0.0719	0.0000	0.1645	195.4343	0.0000	0.0065	9.0000	1.9994	15.0400	4.0943	0.0000	0.0000	0.0000	0.0000	0.0000	0.0000	0.0000	0.0000	0.0000	0.0138	0.0001	0.0137	0.0001	0.0001	0.0001	0.0136	0.0000	0.0136	0.1575	0.1376	0.0199	0.0001	0.0001	0.0000	0.1575	0.1376	0.0199	0.3070	0.2106	0.0963	0.1178	0.1042	0.0137	0.1891	0.1065	0.0827	0.0000	0.0000	0.0000	0.0000	0.0000	0.0000	0.0000	0.0000	0.0000	0.0448	0.0003	0.1420	0.0013	0.0007	0.0058	0.0719	0.0000	0.1645		
47	76	0.3489	2	0	1	0	1	0	0	0	0	N	N	N	N	N	N	N	N	N	N	N	N	0.0000	0.0000	0.0000	0.0000	0.0000	0.0000	0.0000	0.0000	0.0000	0.0000	0.0000	0.0000	0.0000	0.0000	0.0000	0.0000	0.0000	0.0000	0.3948	0.1131	1.0166	0.1906	0.2065	0.0390	0.5376	0.0029	1.1574	4.0721	0.0000	0.0195	9.0000	0.0011	15.0400	2.7207	0.0000	0.0000	0.0000	0.0000	0.0000	0.0000	0.0000	0.0000	0.0000	0.0693	0.0137	0.0557	0.0138	0.0135	0.0003	0.0556	0.0002	0.0554	0.0001	0.0001	0.0000	0.0000	0.0000	0.0000	0.0001	0.0001	0.0000	0.1756	0.1209	0.0548	0.0723	0.0654	0.0069	0.1033	0.0555	0.0479	0.0000	0.0000	0.0000	0.0000	0.0000	0.0000	0.0000	0.0000	0.0000	0.3948	0.1131	1.0166	0.1906	0.2065	0.0390	0.5376	0.0029	1.1574	
47	78	0.3370	2	1	1	1	1	0	0	0	0	N	N	N	N	N	N	N	N	N	N	N	N	0.0000	0.0000	0.0000	0.0000	0.0000	0.0000	0.0000	0.0000	0.0000	0.0000	0.0000	0.0000	0.0000	0.0010	0.0021	0.0000	0.0291	0.0322	0.0000	0.0000	0.0000	0.0000	0.0000	0.0000	-0.0000	9.0000	1.6246	15.0400	0.0115	0.0000	0.0000	0.0000	0.0000	0.0000	0.0000	0.0000	0.0000	0.0000	0.0001	0.0001	0.0000	0.0001	0.0001	0.0000	0.0000	0.0000	0.0000	0.4692	0.4330	0.0362	0.2893	0.2735	0.0158	0.1800	0.1595	0.0204	0.0848	0.0418	0.0430	0.0030	0.0027	0.0003	0.0818	0.0390	0.0428	0.0000	0.0000	0.0000	0.0000	0.0000	0.0000	0.0000	0.0000	0.0000	0.0010	0.0021	0.0000	0.0291	0.0322	0.0000	0.0000	0.0000	0.0000						
47	83	0.4271	4	0	1	0	1	0	0	0	0	N	N	N	N	N	N	N	N	N	N	N	N	0.0000	0.0000	0.0000	0.0000	0.0000	0.0000	0.0000	0.0000	0.0000	0.0000	0.0000	0.0000	0.0000	0.0000	0.0000	0.0000	0.0000	0.0000	1.4472	0.1350	3.8285	0.0807	0.0612	0.1996	2.2519	0.2071	4.4537	15.6229	0.0000	1.2064	9.0000	10.0679	15.0400	33.8159	0.0000	0.0000	0.0000	0.0000	0.0000	0.0000	0.0000	0.0000	0.0000	2.8809	0.1733	2.7076	0.0595	0.0388	0.0208	2.8214	0.1345	2.6869	1.2115	1.0644	0.1472	0.0893	0.0855	0.0038	1.1222	0.9789	0.1434	1.9907	1.2835	0.7072	0.7378	0.6339	0.1039	1.2529	0.6496	0.6033	0.0000	0.0000	0.0000	0.0000	0.0000	0.0000	0.0000	0.0000	0.0000	1.4472	0.1350	3.8285	0.0807	0.0612	0.1996	2.2519	0.2071	4.4537	
47	84	0.3995	3	0	1	0	1	0	0	0	0	N	N	N	N	N	N	N	N	N	N	N	N	0.0000	0.0000	0.0000	0.0000	0.0000	0.0000	0.0000	0.0000	0.0000	0.0000	0.0000	0.0000	0.0000	0.0000	0.0000	0.0000	0.0000	0.0000	1.0078	0.8404	1.3567	0.8489	0.8963	0.4283	1.1264	0.7669	1.4998	0.7740	0.0000	-0.1301	9.0000	0.9441	15.0400	14.0836	0.0000	0.0000	0.0000	0.0000	0.0000	0.0000	0.0000	0.0000	0.0000	1.5348	0.8652	0.6697	0.5528	0.5246	0.0282	0.9820	0.3406	0.6414	0.1439	0.1253	0.0186	0.0182	0.0174	0.0009	0.1257	0.1080	0.0177	1.5230	1.0294	0.4936	0.6512	0.5853	0.0659	0.8718	0.4442	0.4277	0.0000	0.0000	0.0000	0.0000	0.0000	0.0000	0.0000	0.0000	0.0000	1.0078	0.8404	1.3567	0.8489	0.8963	0.4283	1.1264	0.7669	1.4998	
47	85	0.6817	6	0	1	0	1	0	0	0	0	N	N	N	N	N	N	N	N	N	N	N	N	0.3221	0.8608	0.0000	0.0194	0.0373	0.0000	0.2831	0.7745	0.0000	0.4618	0.5250	0.0000	0.0147	0.0166	0.0000	0.5751	0.6546	0.0000	1.4335	0.6099	3.2334	0.7598	0.4468	3.2257	2.0313	0.8452	3.3688	0.0000	2.4259	-0.0954	0.5145	9.0000	15.0008	15.0400	28.2980	0.9982	0.9982	0.0000	0.0064	0.0064	0.0000	0.9918	0.9918	0.0000	2.7510	0.8030	1.9480	0.6856	0.3475	0.3381	2.0654	0.4555	1.6099	2.1617	1.9014	0.2603	0.4372	0.3863	0.0509	1.7245	1.5151	0.2094	1.9191	1.3167	0.6025	0.9023	0.7777	0.1246	1.0168	0.5389	0.4779	0.3221	0.8608	0.0000	0.0194	0.0373	0.0000	0.2831	0.7745	0.0000	1.4335	0.6099	3.2334	0.7598	0.4468	2.7141	2.0313	0.8452	3.3688
47	86	0.6817	6	0	1	0	1	0	0	0	0	N	N	N	N	N	N	N	N	N	N	N	N	0.0035	0.0133	0.0000	0.0148	0.0297	0.0000	0.0000	0.0000	0.0059	0.0068	0.0000	0.0210	0.0242	0.0000	0.0000	0.0000	0.0000	1.6750	0.5131	4.4077	1.4189	0.8143	8.3115	1.9391	0.0000	4.1022	0.0000	3.6524	-0.0008	0.8214	9.0000	10.8154	15.0400	27.4443	0.0083	0.0083	0.0000	0.0083	0.0083	0.0000	0.0000	0.0000	0.0000	3.1115	0.6688	2.4427	1.3384	0.6688	0.6697	1.7730	0.0000	1.7730	1.4058	1.2231	0.1827	0.3961	0.3435	0.0527	1.0097	0.8796	0.1301	1.8576	1.3035	0.5542	0.9433	0.8213	0.1220	0.9144	0.4822	0.4322	0.0035	0.0133	0.0000	0.0148	0.0297	0.0000	0.0000	0.0000	0.0000	1.6750	0.5131	4.4077	1.4189	0.8143	5.4906	1.9391	0.0000	4.1022	
47	87	0.6339	5	0	1	0	1	0	0	0	0	N	N	N	N	N	N	N	N	N	N	N	N	0.0215	0.0200	0.0393	0.0246	0.0318	0.0001	0.0189	0.0093	0.0712	0.0191	0.0137	0.0546	0.0210	0.0239	0.0002	0.0174	0.0050	0.0952	0.8846	0.6836	1.3892	0.8556	0.7528	2.5412	0.9215	0.5359	1.3371	0.6023	0.8092	0.0046	-0.1834	9.0000	2.7608	15.0400	22.4044	0.0165	0.0103	0.0062	0.0083	0.0083	0.0000	0.0083	0.0020	0.0062	2.4844	1.3732	1.1112	1.3458	1.0297	0.3161	1.1386	0.3435	0.7951	0.8680	0.7540	0.1139	0.3943	0.3456	0.0487	0.4737	0.4084	0.0652	2.8086	2.0087	0.7999	1.5730	1.3678	0.2052	1.2356	0.6409	0.5946	0.0215	0.0200	0.0393	0.0246	0.0318	0.0001	0.0189	0.0093	0.0712	0.8846	0.6836	1.3892	0.8556	0.7528	1.5402	0.9215	0.5359	1.3371
47	88	0.5041	4	0	1	0	1	0	0	0	0	N	N	N	N	N	N	N	N	N	N	N	N	0.0078	0.0017	0.0397	0.0002	0.0002	0.0000	0.0103	0.0031	0.0460	0.0070	0.0013	0.0483	0.0002	0.0002	0.0000	0.0081	0.0015	0.0521	0.8986	0.7426	1.2162	1.0466	0.9581	2.5848	0.7902	0.4838	1.1326	5.1478	0.8040	0.0062	-0.1732	9.0000	8.8820	15.0400	49.9570	0.0084	0.0014	0.0070	0.0000	0.0000	0.0000	0.0083	0.0013	0.0070	2.2974	1.2735	1.0239	1.1306	0.8965	0.2341	1.1668	0.3770	0.7898	1.1940	1.0491	0.1449	0.1706	0.1600	0.0106	1.0234	0.8892	0.1343	2.5567	1.7148	0.8419	1.0803	0.9357	0.1446	1.4765	0.7791	0.6973	0.0078	0.0017	0.0397	0.0002	0.0002	0.0000	0.0103	0.0031	0.0460	0.8986	0.7426	1.2162	1.0466	0.9581	1.6194	0.7902	0.4838	1.1326
47	90	0.3888	6	0	2	0	2	0	0	0	0	N	Y	N	Y	N	N	N	N	N	N	N	N	0.0000	0.0000	0.0000	0.0000	0.0000	0.0000	0.0000	0.0000	0.0000	0.0000	0.0000	0.0000	0.0000	0.0000	0.0000	0.0000	0.0000	0.0000	0.0000	0.0000	9.0000	0.0000	15.0400	0.0000	0.0000	0.0000	0.0000	0.0000	0.0000	0.0000	0.0000	0.0000	0.0000	0.0000	0.0000	0.0000	0.0000	0.0000	0.0000	0.0000	0.0000	0.0000	0.0000	0.0000	0.0000	0.0000	0.0000	0.0000	0.0000	0.0000	0.0000	0.0000	0.0000	0.0000	0.0000	0.0000	0.0000	0.0000	0.0000	0.0000	0.0000	0.0000	0.0000	0.0000	0.0000	0.0000	0.0000	0.0000	0.0000	0.0000	0.0000	0.0000	0.0000	0.0000	0.0000	0.0000	0.0000	0.0000											
47	91	0.3781	5	0	2	0	2	0	0	0	0	N	Y	N	Y	N	N	N	N	N	N	N	N	0.0000	0.0000	0.0000	0.0000	0.0000	0.0000	0.0000	0.0000	0.0000	0.0000	0.0000	0.0000	0.0000	0.0000	0.0000	0.0000	0.0000	0.0000	0.0000	0.0000	9.0000	1.0000	15.0400	3.0000	0.0000	0.0000	0.0000	0.0000	0.0000	0.0000	0.0000	0.0000	0.0000	0.0000	0.0000	0.0000	0.0000	0.0000	0.0000	0.0000	0.0000	0.0000	0.1226	0.1093	0.0133	0.0415	0.0383	0.0032	0.0811	0.0710	0.0101	0.1821	0.0913	0.0908	0.0186	0.0155	0.0031	0.1635	0.0758	0.0877	0.0000	0.0000	0.0000	0.0000	0.0000	0.0000	0.0000	0.0000	0.0000	0.0000	0.0000	0.0000	0.0000	0.0000	0.0000	0.0000	0.0000	0.0000											
47	92	0.3716	3	0	2	0	1	0	0	0	0	N	Y	N	N	N	N	N	N	N	N	N	N	0.0000	0.0000	0.0000	0.0000	0.0000	0.0000	0.0000	0.0000	0.0000	0.0000	0.0000	0.0000	0.0000	0.0000	0.0000	0.0000	0.0000	0.0000	0.0000	0.0000	9.0000	0.0000	15.0400	0.0000	0.0000	0.0000	0.0000	0.0000	0.0000	0.0000	0.0000	0.0000	0.0000	0.0000	0.0000	0.0000	0.0000	0.0000	0.0000	0.0000	0.0000	0.0000	0.0000	0.0000	0.0000	0.0000	0.0000	0.0000	0.0000	0.0000	0.0000	0.0000	0.0000	0.0000	0.0000	0.0000	0.0000	0.0000	0.0000	0.0000	0.0000	0.0000	0.0000	0.0000	0.0000	0.0000	0.0000	0.0000	0.0000	0.0000	0.0000	0.0000	0.0000	0.0000	0.0000	0.0000	0.0000	0.0000											
47	93	0.3781	5	0	1	1	2	0	0	0	0	N	N	N	Y	N	N	N	N	N	N	N	N	0.0000	0.0000	0.0000	0.0000	0.0000	0.0000	0.0000	0.0000	0.0000	0.0000	0.0000	0.0000	0.0000	0.0000	0.0000	0.0000	0.0000	0.0000	0.0000	0.0000	9.0000	0.0000	15.0400	0.0000	0.0000	0.0000	0.0000	0.0000	0.0000	0.0000	0.0000	0.0000	0.0000	0.0000	0.0000	0.0000	0.0000	0.0000	0.0000	0.0000	0.0000	0.0000	0.0000	0.0000	0.0000	0.0000	0.0000	0.0000	0.0000	0.0000	0.0000	0.0000	0.0000	0.0000	0.0000	0.0000	0.0000	0.0000	0.0000	0.0000	0.0000	0.0000	0.0000	0.0000	0.0000	0.0000	0.0000	0.0000	0.0000	0.0000	0.0000	0.0000	0.0000	0.0000	0.0000	0.0000	0.0000	0.0000											
47	94	0.3754	4	0	1	0	2	0	0	0	0	N	N	N	Y	N	N	N	N	N	N	N	N	0.0000	0.0000	0.0000	0.0000	0.0000	0.0000	0.0000	0.0000	0.0000	0.0000	0.0000	0.0000	0.0000	0.0000	0.0000	0.0000	0.0000	0.0000	0.0000	0.0000	9.0000	1.0000	15.0400	0.0097	0.0000	0.0000	0.0000	0.0000	0.0000	0.0000	0.0000	0.0000	0.0000	0.0000	0.0000	0.0000	0.0000	0.0000	0.0000	0.0000	0.0000	0.0000	0.1226	0.1093	0.0133	0.0415	0.0383	0.0032	0.0811	0.0710	0.0101	0.0494	0.0247	0.0247	0.0058	0.0050	0.0008	0.0436	0.0197	0.0239	0.0000	0.0000	0.0000	0.0000	0.0000	0.0000	0.0000	0.0000	0.0000	0.0000	0.0000	0.0000	0.0000	0.0000	0.0000	0.0000	0.0000	0.0000											
47	95	0.3754	4	0	1	1	2	0	0	0	0	N	N	N	Y	N	N	N	N	N	N	N	N	0.0000	0.0000	0.0000	0.0000	0.0000	0.0000	0.0000	0.0000	0.0000	0.0000	0.0000	0.0000	0.0000	4.4053	0.0000	8.8508	0.0000	0.0000	0.0000	4.9215	0.0000	9.1601	inf	0.0000	0.4789	9.0000	2.0000	15.0400	3.0050	0.0000	0.0000	0.0000	0.0000	0.0000	0.0000	0.0000	0.0000	0.0000	1.0000	0.0000	1.0000	0.0000	0.0000	0.0000	1.0000	0.0000	1.0000	0.2419	0.2157	0.0262	0.0815	0.0752	0.0063	0.1604	0.1405	0.0199	0.2270	0.1140	0.1130	0.0238	0.0200	0.0038	0.2032	0.0940	0.1092	0.0000	0.0000	0.0000	0.0000	0.0000	0.0000	0.0000	0.0000	0.0000	4.4053	0.0000	8.8508	0.0000	0.0000	0.0000	4.9215	0.0000	9.1601						
47	96	0.3754	4	0	1	1	2	0	0	0	0	N	N	N	Y	N	N	N	N	N	N	N	N	0.0000	0.0000	0.0000	0.0000	0.0000	0.0000	0.0000	0.0000	0.0000	0.0000	0.0000	0.0000	0.0000	3.2332	6.4206	0.0000	0.0000	0.0000	0.0000	3.6070	7.7580	0.0000	0.0000	0.0000	-0.5211	9.0000	0.0000	15.0400	6.9903	0.0000	0.0000	0.0000	0.0000	0.0000	0.0000	0.0000	0.0000	0.0000	1.0000	1.0000	0.0000	0.0000	0.0000	0.0000	1.0000	1.0000	0.0000	0.0000	0.0000	0.0000	0.0000	0.0000	0.0000	0.0000	0.0000	0.0000	0.3093	0.1557	0.1535	0.0320	0.0268	0.0052	0.2772	0.1289	0.1483	0.0000	0.0000	0.0000	0.0000	0.0000	0.0000	0.0000	0.0000	0.0000	3.2332	6.4206	0.0000	0.0000	0.0000	0.0000	3.6070	7.7580	0.0000						
47	97	0.3699	3	0	1	0	2	0	0	0	0	N	N	N	Y	N	N	N	N	N	N	N	N	0.0000	0.0000	0.0000	0.0000	0.0000	0.0000	0.0000	0.0000	0.0000	0.0000	0.0000	0.0000	0.0000	0.0052	0.0098	0.0000	0.0413	0.0468	0.0000	0.0000	0.0000	0.0000	0.0000	0.0000	-0.0003	9.0000	0.9999	15.0400	1.0605	0.0000	0.0000	0.0000	0.0000	0.0000	0.0000	0.0000	0.0000	0.0000	0.0006	0.0006	0.0000	0.0006	0.0006	0.0000	0.0000	0.0000	0.0000	0.1750	0.1575	0.0175	0.0643	0.0596	0.0047	0.1108	0.0980	0.0128	0.1109	0.0586	0.0523	0.0138	0.0122	0.0016	0.0970	0.0464	0.0507	0.0000	0.0000	0.0000	0.0000	0.0000	0.0000	0.0000	0.0000	0.0000	0.0052	0.0098	0.0000	0.0413	0.0468	0.0000	0.0000	0.0000	0.0000						
47	98	0.3678	2	0	1	0	2	0	0	0	0	N	N	N	Y	N	N	N	N	N	N	N	N	0.0000	0.0000	0.0000	0.0000	0.0000	0.0000	0.0000	0.0000	0.0000	0.0000	0.0000	0.0000	0.0000	0.0000	0.0000	0.0000	0.0103	0.0019	0.0205	0.0068	0.0074	0.0000	0.0109	0.0000	0.0211	8.8186	0.0000	0.0002	9.0000	0.0012	15.0400	1.0414	0.0000	0.0000	0.0000	0.0000	0.0000	0.0000	0.0000	0.0000	0.0000	0.0006	0.0001	0.0006	0.0001	0.0001	0.0000	0.0006	0.0000	0.0006	0.0006	0.0005	0.0001	0.0003	0.0003	0.0000	0.0003	0.0002	0.0000	0.0620	0.0342	0.0278	0.0095	0.0087	0.0008	0.0525	0.0255	0.0270	0.0000	0.0000	0.0000	0.0000	0.0000	0.0000	0.0000	0.0000	0.0000	0.0103	0.0019	0.0205	0.0068	0.0074	0.0000	0.0109	0.0000	0.0211			
47	101	0.3746	4	1	2	0	1	0	0	0	0	N	Y	N	N	N	N	N	N	N	N	N	N	0.0000	0.0000	0.0000	0.0000	0.0000	0.0000	0.0000	0.0000	0.0000	0.0000	0.0000	0.0000	0.0000	0.0000	0.0000	0.0000	0.0000	0.0000	0.0000	0.0000	9.0000	0.0000	15.0400	3.0000	0.0000	0.0000	0.0000	0.0000	0.0000	0.0000	0.0000	0.0000	0.0000	0.0000	0.0000	0.0000	0.0000	0.0000	0.0000	0.0000	0.0000	0.0000	0.0000	0.0000	0.0000	0.0000	0.0000	0.0000	0.0000	0.0000	0.0000	0.1454	0.0733	0.0721	0.0138	0.0114	0.0023	0.1316	0.0619	0.0697	0.0000	0.0000	0.0000	0.0000	0.0000	0.0000	0.0000	0.0000	0.0000	0.0000	0.0000	0.0000	0.0000	0.0000	0.0000	0.0000	0.0000	0.0000											
47	102	0.3716	3	1	2	0	1	0	0	0	0	N	Y	N	N	N	N	N	N	N	N	N	N	0.0000	0.0000	0.0000	0.0000	0.0000	0.0000	0.0000	0.0000	0.0000	0.0000	0.0000	0.0000	0.0000	0.0000	0.0000	0.0000	0.0000	0.0000	0.0000	0.0000	9.0000	0.0000	15.0400	1.0000	0.0000	0.0000	0.0000	0.0000	0.0000	0.0000	0.0000	0.0000	0.0000	0.0000	0.0000	0.0000	0.0000	0.0000	0.0000	0.0000	0.0000	0.0000	0.0000	0.0000	0.0000	0.0000	0.0000	0.0000	0.0000	0.0000	0.0000	0.0505	0.0254	0.0251	0.0048	0.0040	0.0008	0.0457	0.0214	0.0243	0.0000	0.0000	0.0000	0.0000	0.0000	0.0000	0.0000	0.0000	0.0000	0.0000	0.0000	0.0000	0.0000	0.0000	0.0000	0.0000	0.0000	0.0000											
47	103	0.3678	2	0	2	0	1	0	0	0	0	N	Y	N	N	N	N	N	N	N	N	N	N	0.0000	0.0000	0.0000	0.0000	0.0000	0.0000	0.0000	0.0000	0.0000	0.0000	0.0000	0.0000	0.0000	0.0010	0.0019	0.0000	0.0068	0.0074	0.0000	0.0000	0.0000	0.0000	0.0000	0.0000	-0.0000	9.0000	0.0006	15.0400	1.0534	0.0000	0.0000	0.0000	0.0000	0.0000	0.0000	0.0000	0.0000	0.0000	0.0001	0.0001	0.0000	0.0001	0.0001	0.0000	0.0000	0.0000	0.0000	0.0005	0.0004	0.0001	0.0003	0.0002	0.0000	0.0002	0.0002	0.0000	0.0626	0.0345	0.0281	0.0096	0.0088	0.0008	0.0530	0.0257	0.0273	0.0000	0.0000	0.0000	0.0000	0.0000	0.0000	0.0000	0.0000	0.0000	0.0010	0.0019	0.0000	0.0068	0.0074	0.0000	0.0000	0.0000	0.0000						
47	109	0.5865	5	0	1	0	1	0	0	0	0	N	N	N	N	N	N	N	N	N	N	N	N	0.0000	0.0000	0.0000	0.0004	0.0006	0.0000	0.0000	0.0000	0.0000	0.0000	0.0000	0.0000	0.0001	0.0001	0.0000	0.0000	0.0000	0.0000	1.5028	0.4141	3.8440	0.1904	0.1462	0.4457	2.6743	0.7980	4.7969	0.0000	4.3175	-0.0000	0.9190	9.0000	7.7801	15.0400	32.2209	0.0000	0.0000	0.0000	0.0000	0.0000	0.0000	0.0000	0.0000	0.0000	3.1595	0.5942	2.5653	0.1888	0.1236	0.0651	2.9707	0.4705	2.5002	0.9995	0.8784	0.1211	0.1183	0.1120	0.0063	0.8812	0.7664	0.1148	2.1024	1.4350	0.6674	0.9915	0.8454	0.1462	1.1108	0.5896	0.5212	0.0000	0.0000	0.0000	0.0004	0.0006	0.0000	0.0000	0.0000	0.0000	1.5028	0.4141	3.8440	0.1904	0.1462	0.4457	2.6743	0.7980	4.7969
48	50	0.1211	3	0	1	1	1	0	0	0	0	N	N	N	N	N	N	N	N	N	N	N	N	0.0008	0.1459	0.0000	0.0349	0.1795	0.0000	0.0000	0.0000	0.0000	0.0000	0.0001	0.0000	0.0001	0.0001	0.0000	0.0000	0.0000	0.0000	0.0555	0.0004	0.2186	0.0018	0.0004	0.0083	0.2297	0.0001	0.4488	0.0000	205.8795	-0.0000	0.0005	0.0037	1.4428	3.0208	0.4686	0.0000	0.0000	0.0000	0.0000	0.0000	0.0000	0.0000	0.0000	0.0000	0.0010	0.0000	0.0010	0.0000	0.0000	0.0000	0.0010	0.0000	0.0010	0.0002	0.0002	0.0000	0.0001	0.0001	0.0000	0.0001	0.0000	0.0000	0.0180	0.0135	0.0045	0.0138	0.0114	0.0024	0.0042	0.0021	0.0022	0.0008	0.1459	0.0000	0.0349	0.1795	0.0000	0.0000	0.0000	0.0000	0.0555	0.0004	0.2186	0.0018	0.0004	0.0083	0.2297	0.0001	0.4488
48	51	0.0862	2	0	1	0	1	0	0	0	0	N	N	N	N	N	N	N	N	N	N	N	N	0.0104	13.9751	0.0000	55.9969	71.0749	0.0000	0.0000	0.0004	0.0000	0.0843	0.0999	0.0000	0.3143	0.3508	0.0000	0.0000	0.0000	0.0000	8.1268	0.0071	24.7632	0.0056	0.0049	0.0089	15.8662	0.0105	33.2496	0.0000	1691.3221	-0.0000	0.4703	0.0037	7.1845	3.0208	8.0722	0.0001	0.0001	0.0000	0.0001	0.0001	0.0000	0.0000	0.0000	0.0000	0.9832	0.0006	0.9826	0.0003	0.0002	0.0001	0.9828	0.0003	0.9825	0.0006	0.0005	0.0001	0.0002	0.0001	0.0000	0.0004	0.0004	0.0001	0.1210	0.0813	0.0397	0.0590	0.0489	0.0101	0.0619	0.0324	0.0295	0.0104	13.9751	0.0000	55.9969	71.0749	0.0000	0.0000	0.0004	0.0000	8.1268	0.0071	24.7632	0.0056	0.0049	0.0089	15.8662	0.0105	33.2496
48	52	0.1088	3	1	0	1	1	0	0	0	0	N	N	N	N	N	N	N	N	N	N	N	N	0.0052	1.7215	0.0000	0.5413	2.7995	0.0000	0.0001	3.0966	0.0000	0.0020	0.0022	0.0000	0.0042	0.0044	0.0000	0.0001	0.0001	0.0000	0.3849	0.0013	1.3385	0.0078	0.0016	0.0402	1.1785	0.0000	2.1281	0.0000	421.6664	-0.0000	0.0075	0.0037	0.9976	3.0208	4.7732	0.0000	0.0000	0.0000	0.0000	0.0000	0.0000	0.0000	0.0000	0.0000	0.0157	0.0000	0.0157	0.0002	0.0000	0.0002	0.0155	0.0000	0.0155	0.0001	0.0001	0.0000	0.0000	0.0000	0.0000	0.0000	0.0000	0.0000	0.0409	0.0292	0.0117	0.0277	0.0233	0.0044	0.0132	0.0059	0.0073	0.0052	1.7215	0.0000	0.5413	2.7995	0.0000	0.0001	3.0966	0.0000	0.3849	0.0013	1.3385	0.0078	0.0016	0.0402	1.1785	0.0000	2.1281
48	53	0.0862	2	1	0	0	1	0	0	0	0	N	N	N	N	N	N	N	N	N	N	N	N	0.0115	38.8690	0.0000	106.3537	251.4832	0.0965	0.0000	0.0118	0.0000	0.1383	0.1704	0.0006	0.4036	0.4611	0.0013	0.0002	0.0001	0.0004	12.0540	0.0044	37.0948	0.0038	0.0018	0.0135	23.6413	0.0083	49.6417	0.0009	4070.4875	-0.0000	0.4634	0.0037	3.2133	3.0208	6.0120	0.0001	0.0001	0.0000	0.0001	0.0001	0.0000	0.0000	0.0000	0.0000	0.9681	0.0002	0.9679	0.0001	0.0001	0.0001	0.9680	0.0002	0.9678	0.0004	0.0003	0.0001	0.0001	0.0001	0.0000	0.0002	0.0002	0.0001	0.0803	0.0542	0.0261	0.0394	0.0328	0.0066	0.0409	0.0214	0.0195	0.0115	38.8690	0.0000	106.3537	251.4832	0.0965	0.0000	0.0118	0.0000	12.0540	0.0044	37.0948	0.0038	0.0018	0.0135	23.6413	0.0083	49.6417
48	54	0.0862	2	1	1	0	1	0	0	0	0	N	N	N	N	N	N	N	N	N	N	N	N	5.5448	0.0000	8.1564	14.6380	0.0000	17.9900	3.1376	5.3178	0.3671	0.0000	1.6501	0.4385	0.0000	3.1485	0.3166	0.0000	1.1254	0.0662	0.0001	0.2023	0.0300	0.0002	0.1750	0.1009	0.0000	0.2116	inf	702.0891	0.0001	0.0032	0.0037	1.7961	3.0208	11.9291	0.0001	0.0000	0.0001	0.0000	0.0000	0.0000	0.0000	0.0000	0.0000	0.0067	0.0000	0.0067	0.0015	0.0000	0.0015	0.0053	0.0000	0.0053	0.0003	0.0002	0.0001	0.0001	0.0001	0.0000	0.0002	0.0001	0.0000	0.1020	0.0686	0.0333	0.0499	0.0414	0.0085	0.0521	0.0273	0.0248	5.5448	0.0000	8.1564	14.6380	0.0000	17.9900	3.1376	0.0000	5.3178	0.0662	0.0001	0.2023	0.0300	0.0002	0.1750	0.1009	0.0000	0.2116	
48	55	0.1074	3	0	1	0	1	0	0	0	0	N	N	N	N	N	N	N	N	N	N	N	N	1.1922	0.0000	1.3711	26.8388	0.0000	51.9303	0.5020	0.0000	0.6272	0.1760	0.0000	0.6407	0.1864	0.0000	1.0001	0.1631	0.0000	0.4239	0.1476	0.0079	0.4673	0.0069	0.0044	0.0193	0.3250	0.0148	0.6758	inf	25.9201	0.0000	0.0058	0.0037	0.0041	3.0208	6.2745	0.0000	0.0000	0.0000	0.0000	0.0000	0.0000	0.0000	0.0000	0.0000	0.0131	0.0005	0.0126	0.0003	0.0002	0.0002	0.0128	0.0003	0.0125	0.0000	0.0000	0.0000	0.0000	0.0000	0.0000	0.0000	0.0000	0.0000	0.0889	0.0618	0.0270	0.0496	0.0410	0.0086	0.0393	0.0209	0.0184	1.1922	0.0000	1.3711	26.8388	0.0000	51.9303	0.5020	0.0000	0.6272	0.1476	0.0079	0.4673	0.0069	0.0044	0.0193	0.3250	0.0148	0.6758
48	56	0.1562	3	0	0	1	1	0	0	0	0	N	N	N	N	N	N	N	N	N	N	N	N	14.2187	9.4913	11.8271	11.4534	0.0000	0.0000	0.1475	0.1675	0.0000	1.5086	1.5482	0.0000	0.0000	0.0000	0.0000	0.0104	0.0176	0.0000	0.1276	0.1352	0.0000	0.0000	0.0000	0.0000	0.0000	0.0000	-0.0000	-0.0009	0.0037	18.9997	3.0208	4.0000	0.0001	0.0001	0.0000	0.0001	0.0001	0.0000	0.0000	0.0000	0.0000	0.0018	0.0018	0.0000	0.0018	0.0018	0.0000	0.0000	0.0000	0.0000	0.0010	0.0009	0.0001	0.0001	0.0001	0.0000	0.0009	0.0008	0.0001	0.1716	0.1009	0.0707	0.0140	0.0132	0.0008	0.1576	0.0877	0.0699	14.2187	9.4913	0.0000	11.8271	11.4534	0.0000	0.0000	0.0000	0.0000	0.0104	0.0176	0.0000	0.1276	0.1352	0.0000	0.0000	0.0000	0.0000			
48	57	0.0862	2	0	0	0	1	0	0	0	0	N	N	N	N	N	N	N	N	N	N	N	N	4.7600	0.0367	7.2400	15.8484	0.0492	20.4347	2.5317	0.0000	4.4341	0.3524	0.0000	1.6181	0.4314	0.0000	3.1364	0.2988	0.0000	1.0975	0.0740	0.0003	0.2235	0.0272	0.0006	0.1535	0.1180	0.0000	0.2475	35114.1680	315.1899	0.0001	0.0060	0.0037	1.7961	3.0208	22.3138	0.0001	0.0000	0.0001	0.0000	0.0000	0.0000	0.0000	0.0000	0.0000	0.0125	0.0000	0.0125	0.0022	0.0000	0.0022	0.0103	0.0000	0.0103	0.0003	0.0002	0.0001	0.0001	0.0001	0.0000	0.0002	0.0001	0.0000	0.1694	0.1134	0.0559	0.0820	0.0678	0.0143	0.0873	0.0457	0.0416	4.7600	0.0367	7.2400	15.8484	0.0492	20.4347	2.5317	0.0000	4.4341	0.0740	0.0003	0.2235	0.0272	0.0006	0.1535	0.1180	0.0000	0.2475
48	58	0.1070	4	1	1	0	1	0	0	0	0	N	N	N	N	N	N	N	N	N	N	N	N	0.0071	20.5065	0.0000	0.6365	28.8904	0.0000	0.0002	3.4964	0.0000	0.0024	0.0026	0.0000	0.0041	0.0043	0.0000	0.0002	0.0002	0.0000	0.3341	0.0001	1.2658	0.0064	0.0001	0.0388	1.0192	0.0001	2.1282	0.0000	3547.1013	-0.0000	0.0105	0.0037	0.9359	3.0208	8.5945	0.0000	0.0000	0.0000	0.0000	0.0000	0.0000	0.0000	0.0000	0.0000	0.0219	0.0000	0.0219	0.0003	0.0000	0.0003	0.0216	0.0000	0.0216	0.0001	0.0001	0.0000	0.0001	0.0000	0.0000	0.0000	0.0000	0.0000	0.0656	0.0483	0.0173	0.0444	0.0372	0.0071	0.0212	0.0111	0.0102	0.0071	20.5065	0.0000	0.6365	28.8904	0.0000	0.0002	3.4964	0.0000	0.3341	0.0001	1.2658	0.0064	0.0001	0.0388	1.0192	0.0001	2.1282
48	59	0.1042	3	0	1	0	1	0	0	0	0	N	N	N	N	N	N	N	N	N	N	N	N	0.0081	0.0100	0.0119	0.0130	0.0103	0.4349	0.0041	3.0548	0.0078	0.0182	0.0144	0.0547	0.0219	0.0196	0.0584	0.0134	0.0065	0.0527	2.2479	1.4359	4.5832	1.6784	1.9106	0.1342	3.2658	0.0021	6.7244	0.4035	1.1099	0.0000	0.0002	0.0037	0.1706	3.0208	1.8413	0.0000	0.0000	0.0000	0.0000	0.0000	0.0000	0.0000	0.0000	0.0000	0.0448	0.0213	0.0236	0.0215	0.0212	0.0002	0.0234	0.0000	0.0234	0.0000	0.0000	0.0000	0.0000	0.0000	0.0000	0.0000	0.0000	0.0000	0.0199	0.0148	0.0051	0.0128	0.0111	0.0017	0.0072	0.0037	0.0035	0.0081	0.0100	0.0119	0.0130	0.0103	0.4349	0.0041	3.0548	0.0078	2.2479	1.4359	4.5832	1.6784	1.9106	0.1342	3.2658	0.0021	6.7244
48	60	0.0862	2	0	1	0	1	0	0	0	0	N	N	N	N	N	N	N	N	N	N	N	N	0.0090	24.2473	0.0000	101.2671	232.9842	0.1779	0.0000	0.0081	0.0000	0.0931	0.1108	0.0008	0.3313	0.3713	0.0020	0.0002	0.0001	0.0005	10.3067	0.0046	31.5979	0.0033	0.0016	0.0115	20.1880	0.0091	42.3497	0.0014	3344.5134	-0.0000	0.4594	0.0037	6.1830	3.0208	4.8458	0.0001	0.0001	0.0000	0.0001	0.0001	0.0000	0.0000	0.0000	0.0000	0.9598	0.0003	0.9595	0.0001	0.0001	0.0001	0.9596	0.0002	0.9594	0.0006	0.0005	0.0001	0.0002	0.0001	0.0000	0.0004	0.0003	0.0001	0.0931	0.0628	0.0304	0.0456	0.0379	0.0077	0.0475	0.0249	0.0227	0.0090	24.2473	0.0000	101.2671	232.9842	0.1779	0.0000	0.0081	0.0000	10.3067	0.0046	31.5979	0.0033	0.0016	0.0115	20.1880	0.0091	42.3497
48	61	0.4792	9	0	0	0	1	0	0	0	0	N	N	N	N	N	N	N	N	N	N	N	N	5.2510	5.3816	0.0078	0.0023	0.0000	0.4578	20.6831	692.9067	0.0000	0.1358	0.1558	0.0002	0.0001	0.0000	0.0203	0.1515	0.1767	0.0000	0.0259	0.0290	0.0202	0.0626	0.0660	0.0444	0.0073	0.0003	0.0159	0.0002	0.3812	-0.0000	-0.0008	0.0037	1.0140	3.0208	12.0537	0.0000	0.0000	0.0000	0.0000	0.0000	0.0000	0.0000	0.0000	0.0000	0.0033	0.0024	0.0009	0.0027	0.0024	0.0003	0.0006	0.0000	0.0006	0.0001	0.0001	0.0000	0.0000	0.0000	0.0000	0.0001	0.0001	0.0000	0.1290	0.0834	0.0456	0.0433	0.0364	0.0069	0.0857	0.0470	0.0387	5.2510	5.3816	0.0078	0.0023	0.0000	0.4578	20.6831	692.9067	0.0000	0.0259	0.0290	0.0202	0.0626	0.0660	0.0444	0.0073	0.0003	0.0159
48	62	0.4033	6	0	0	0	1	0	0	0	0	N	N	N	N	N	N	N	N	N	N	N	N	1.2175	0.9712	10.0340	509.1373	567.7199	48.6641	0.0043	0.0014	3.2019	2.3646	2.6865	0.2172	11.4914	12.3916	1.2763	0.0177	0.0101	0.0631	1.9421	2.7661	0.0217	0.0226	0.0218	0.0262	4.1036	7.4189	0.0197	0.0121	0.0034	-0.0003	-0.5087	0.0037	22.0948	3.0208	64.3951	0.0034	0.0034	0.0000	0.0034	0.0034	0.0000	0.0000	0.0000	0.0000	0.9826	0.9793	0.0033	0.0060	0.0049	0.0012	0.9765	0.9744	0.0021	0.0015	0.0013	0.0002	0.0003	0.0003	0.0000	0.0012	0.0010	0.0002	0.5059	0.3540	0.1519	0.2680	0.2227	0.0453	0.2380	0.1313	0.1066	1.2175	0.9712	10.0340	509.1373	567.7199	48.6641	0.0043	0.0014	3.2019	1.9421	2.7661	0.0217	0.0226	0.0218	0.0262	4.1036	7.4189	0.0197
48	63	0.1965	5	0	0	0	1	0	0	0	0	N	N	N	N	N	N	N	N	N	N	N	N	6.1903	9.7398	0.4803	0.5535	0.1478	11.1250	9.7939	56.6491	0.1404	0.0484	0.0547	0.0060	0.0059	0.0014	0.2038	0.0545	0.0634	0.0015	0.0078	0.0056	0.0124	0.0107	0.0094	0.0183	0.0056	0.0011	0.0109	0.0161	1.0594	-0.0000	-0.0000	0.0037	3.0638	3.0208	18.8214	0.0000	0.0000	0.0000	0.0000	0.0000	0.0000	0.0000	0.0000	0.0000	0.0021	0.0010	0.0011	0.0013	0.0009	0.0003	0.0008	0.0001	0.0008	0.0002	0.0002	0.0000	0.0000	0.0000	0.0000	0.0002	0.0002	0.0000	0.2701	0.1826	0.0874	0.1177	0.0996	0.0181	0.1524	0.0830	0.0693	6.1903	9.7398	0.4803	0.5535	0.1478	11.1250	9.7939	56.6491	0.1404	0.0078	0.0056	0.0124	0.0107	0.0094	0.0183	0.0056	0.0011	0.0109
48	64	0.1074	3	1	1	1	1	0	0	0	0	N	N	N	N	N	N	N	N	N	N	N	N	0.0502	0.0000	0.1164	8.2088	0.0000	42.9414	0.0112	0.0000	0.0352	0.0057	0.0000	0.0421	0.0271	0.0000	0.6711	0.0027	0.0000	0.0180	0.1128	0.0005	0.3614	0.0033	0.0007	0.0156	0.2390	0.0001	0.5116	inf	344.8146	0.0000	0.0060	0.0037	1.0029	3.0208	8.4685	0.0000	0.0000	0.0000	0.0000	0.0000	0.0000	0.0000	0.0000	0.0000	0.0127	0.0000	0.0126	0.0002	0.0000	0.0002	0.0125	0.0000	0.0125	0.0001	0.0001	0.0000	0.0000	0.0000	0.0000	0.0001	0.0001	0.0000	0.1123	0.0773	0.0350	0.0601	0.0495	0.0106	0.0522	0.0278	0.0244	0.0502	0.0000	0.1164	8.2088	0.0000	42.9414	0.0112	0.0000	0.0352	0.1128	0.0005	0.3614	0.0033	0.0007	0.0156	0.2390	0.0001	0.5116
48	65	0.0862	2	0	1	0	1	0	0	0	0	N	N	N	N	N	N	N	N	N	N	N	N	0.0365	0.3675	0.0458	19.3318	1.3670	22.4685	0.0184	0.0862	0.0242	0.4778	0.0014	1.8505	0.4834	0.0020	3.2093	0.4724	0.0006	1.3080	13.1010	0.0038	40.4030	0.0250	0.0014	0.1428	25.6898	0.0073	53.9764	463.4885	5140.7614	0.0001	0.4669	0.0037	0.7961	3.0208	8.5878	0.0001	0.0000	0.0001	0.0000	0.0000	0.0000	0.0000	0.0000	0.0000	0.9753	0.0002	0.9751	0.0009	0.0000	0.0009	0.9744	0.0001	0.9742	0.0002	0.0002	0.0001	0.0001	0.0001	0.0000	0.0001	0.0001	0.0000	0.0744	0.0503	0.0241	0.0365	0.0304	0.0061	0.0379	0.0199	0.0180	0.0365	0.3675	0.0458	19.3318	1.3670	22.4685	0.0184	0.0862	0.0242	13.1010	0.0038	40.4030	0.0250	0.0014	0.1428	25.6898	0.0073	53.9764
48	66	0.4792	9	0	1	0	1	0	0	0	0	N	N	N	N	N	N	N	N	N	N	N	N	0.0000	0.0054	0.0000	0.0271	0.0203	0.8030	0.0000	0.0000	0.0000	0.0000	0.0000	0.0002	0.0004	0.0003	0.0204	0.0000	0.0000	0.0000	7.4197	0.0061	20.9517	0.0155	0.0137	0.0254	11.1429	0.0003	24.6680	0.7143	1878.3433	0.0000	0.4698	0.0037	1.0110	3.0208	12.5479	0.0000	0.0000	0.0000	0.0000	0.0000	0.0000	0.0000	0.0000	0.0000	0.9821	0.0005	0.9816	0.0007	0.0005	0.0002	0.9814	0.0000	0.9814	0.0001	0.0001	0.0000	0.0000	0.0000	0.0000	0.0001	0.0001	0.0000	0.1324	0.0855	0.0468	0.0443	0.0372	0.0071	0.0881	0.0483	0.0398	0.0000	0.0054	0.0000	0.0271	0.0203	0.8030	0.0000	0.0000	0.0000	7.4197	0.0061	20.9517	0.0155	0.0137	0.0254	11.1429	0.0003	24.6680
48	67	0.4729	8	0	0	0	1	0	0	0	0	N	N	N	N	N	N	N	N	N	N	N	N	0.0011	0.0018	0.0011	0.0072	0.0042	0.0000	0.0005	0.0053	0.0000	0.0001	0.0001	0.0002	0.0004	0.0002	0.0000	0.0000	0.0000	0.0000	0.0656	0.0331	0.1425	0.0495	0.0528	0.0268	0.0790	0.0073	0.1700	0.3784	1.8241	0.0000	0.0005	0.0037	0.9784	3.0208	1.5217	0.0000	0.0000	0.0000	0.0000	0.0000	0.0000	0.0000	0.0000	0.0000	0.0038	0.0013	0.0024	0.0013	0.0012	0.0001	0.0025	0.0001	0.0023	0.0001	0.0001	0.0000	0.0000	0.0000	0.0000	0.0001	0.0001	0.0000	0.0575	0.0404	0.0171	0.0261	0.0229	0.0033	0.0313	0.0175	0.0138	0.0011	0.0018	0.0011	0.0072	0.0042	0.0000	0.0005	0.0053	0.0000	0.0656	0.0331	0.1425	0.0495	0.0528	0.0268	0.0790	0.0073	0.1700
48	68	0.4426	7	0	0	0	1	0	0	0	0	N	N	N	N	N	N	N	N	N	N	N	N	0.0620	0.0020	0.3251	0.2512	0.0091	19.2526	0.0353	0.0000	0.1250	0.0009	0.0000	0.0066	0.0051	0.0002	0.4969	0.0003	0.0000	0.0024	0.0140	0.0109	0.0202	0.0201	0.0191	0.0258	0.0097	0.0020	0.0189	44.3434	0.9165	0.0000	-0.0001	0.0037	1.0531	3.0208	9.0748	0.0000	0.0000	0.0000	0.0000	0.0000	0.0000	0.0000	0.0000	0.0000	0.0019	0.0010	0.0009	0.0011	0.0009	0.0002	0.0008	0.0001	0.0007	0.0001	0.0001	0.0000	0.0000	0.0000	0.0000	0.0001	0.0001	0.0000	0.1337	0.0894	0.0444	0.0554	0.0469	0.0085	0.0783	0.0424	0.0359	0.0620	0.0020	0.3251	0.2512	0.0091	19.2526	0.0353	0.0000	0.1250	0.0140	0.0109	0.0202	0.0201	0.0191	0.0258	0.0097	0.0020	0.0189
48	69	0.0862	2	1	0	1	1	0	0	0	0	N	N	N	N	N	N	N	N	N	N	N	N	0.0000	0.0000	0.0000	0.0000	0.0000	0.0000	0.0000	0.0000	0.0000	0.0000	0.0000	0.0000	0.0000	0.0004	0.0006	0.0000	0.0008	0.0010	0.0000	0.0000	0.0000	0.0000	0.0000	0.0000	-0.0000	0.0037	0.0000	3.0208	4.9600	0.0000	0.0000	0.0000	0.0000	0.0000	0.0000	0.0000	0.0000	0.0000	0.0000	0.0000	0.0000	0.0000	0.0000	0.0000	0.0000	0.0000	0.0000	0.0000	0.0000	0.0000	0.0000	0.0000	0.0000	0.0000	0.0000	0.0000	0.0479	0.0326	0.0153	0.0235	0.0198	0.0038	0.0243	0.0128	0.0115	0.0000	0.0000	0.0000	0.0000	0.0000	0.0000	0.0000	0.0000	0.0000	0.0004	0.0006	0.0000	0.0008	0.0010	0.0000	0.0000	0.0000	0.0000						
48	71	0.1424	6	0	0	1	1	0	0	0	0	N	N	N	N	N	N	N	N	N	N	N	N	0.0000	0.0000	0.0000	0.0000	0.0000	0.0000	0.0000	0.0000	0.0000	0.0000	0.0000	0.0000	0.0000	0.0000	0.0000	0.0000	0.0000	0.0000	0.3507	0.5571	0.0001	0.0000	0.0000	0.0001	0.5207	0.9784	0.0000	0.0001	0.0000	-0.0010	0.0037	1.0000	3.0208	0.0055	0.0000	0.0000	0.0000	0.0000	0.0000	0.0000	0.0000	0.0000	0.0000	0.0020	0.0020	0.0000	0.0000	0.0000	0.0000	0.0020	0.0020	0.0000	0.0000	0.0000	0.0000	0.0000	0.0000	0.0000	0.0000	0.0000	0.0000	0.0056	0.0035	0.0021	0.0018	0.0015	0.0003	0.0038	0.0020	0.0018	0.0000	0.0000	0.0000	0.0000	0.0000	0.0000	0.0000	0.0000	0.0000	0.3507	0.5571	0.0001	0.0000	0.0000	0.0001	0.5207	0.9784	0.0000	
48	72	0.1358	5	0	0	1	1	0	0	0	0	N	N	N	N	N	N	N	N	N	N	N	N	0.0000	0.0000	0.0000	0.0000	0.0000	0.0000	0.0000	0.0000	0.0000	0.0000	0.0000	0.0000	0.0000	0.0000	0.0000	0.0000	0.0000	0.0000	158.7764	246.5310	0.0012	0.0071	0.0082	0.0009	242.2074	450.8931	0.0012	0.0000	0.0000	-0.5160	0.0037	0.0000	3.0208	1.0265	0.0000	0.0000	0.0000	0.0000	0.0000	0.0000	0.0000	0.0000	0.0000	0.9902	0.9902	0.0000	0.0000	0.0000	0.0000	0.9902	0.9902	0.0000	0.0000	0.0000	0.0000	0.0000	0.0000	0.0000	0.0000	0.0000	0.0000	0.0062	0.0040	0.0022	0.0021	0.0018	0.0003	0.0041	0.0022	0.0019	0.0000	0.0000	0.0000	0.0000	0.0000	0.0000	0.0000	0.0000	0.0000	158.7764	246.5310	0.0012	0.0071	0.0082	0.0009	242.2074	450.8931	0.0012	
48	73	0.1304	4	0	0	0	1	0	0	0	0	N	N	N	N	N	N	N	N	N	N	N	N	0.0000	0.0000	0.0000	0.0000	0.0000	0.0000	0.0000	0.0000	0.0000	0.0000	0.0000	0.0000	0.0000	0.0000	0.0000	0.0000	0.0000	0.0000	0.0222	0.0270	0.0021	0.0011	0.0011	0.0008	0.0547	0.0845	0.0025	0.0181	0.0000	-0.0011	0.0037	0.0000	3.0208	1.0321	0.0000	0.0000	0.0000	0.0000	0.0000	0.0000	0.0000	0.0000	0.0000	0.0022	0.0022	0.0000	0.0001	0.0001	0.0000	0.0022	0.0021	0.0000	0.0000	0.0000	0.0000	0.0000	0.0000	0.0000	0.0000	0.0000	0.0000	0.1009	0.0817	0.0193	0.0612	0.0564	0.0048	0.0397	0.0253	0.0144	0.0000	0.0000	0.0000	0.0000	0.0000	0.0000	0.0000	0.0000	0.0000	0.0222	0.0270	0.0021	0.0011	0.0011	0.0008	0.0547	0.0845	0.0025	
48	74	0.1075	3	0	0	0	1	0	0	0	0	N	N	N	N	N	N	N	N	N	N	N	N	3.4966	4.5042	4.6810	13.8368	12.4437	12.4258	1.0148	0.0500	2.4919	0.1057	0.0467	0.3661	0.2785	0.1592	0.9817	0.0392	0.0004	0.1945	0.0302	0.0104	0.0782	0.0201	0.0128	0.0790	0.0386	0.0071	0.0780	1.7790	3.1267	0.0000	0.0012	0.0037	0.5629	3.0208	8.5245	0.0000	0.0000	0.0000	0.0000	0.0000	0.0000	0.0000	0.0000	0.0000	0.0049	0.0012	0.0037	0.0015	0.0008	0.0006	0.0034	0.0003	0.0030	0.0001	0.0000	0.0000	0.0000	0.0000	0.0000	0.0000	0.0000	0.0000	0.1608	0.1137	0.0471	0.0731	0.0650	0.0081	0.0878	0.0488	0.0390	3.4966	4.5042	4.6810	13.8368	12.4437	12.4258	1.0148	0.0500	2.4919	0.0302	0.0104	0.0782	0.0201	0.0128	0.0790	0.0386	0.0071	0.0780
48	75	0.1245	4	0	1	0	1	0	0	0	0	N	N	N	N	N	N	N	N	N	N	N	N	0.0000	0.0000	0.0000	0.0000	0.0000	0.0000	0.0000	0.0000	0.0000	0.0000	0.0000	0.0000	0.0000	0.0000	0.0000	0.0000	0.0000	0.0000	0.0008	0.0001	0.0022	0.0002	0.0001	0.0008	0.0013	0.0000	0.0027	25.5030	0.0000	0.0000	0.0037	1.9994	3.0208	4.0943	0.0000	0.0000	0.0000	0.0000	0.0000	0.0000	0.0000	0.0000	0.0000	0.0000	0.0000	0.0000	0.0000	0.0000	0.0000	0.0000	0.0000	0.0000	0.0001	0.0001	0.0000	0.0000	0.0000	0.0000	0.0001	0.0001	0.0000	0.0453	0.0288	0.0165	0.0184	0.0147	0.0037	0.0269	0.0141	0.0128	0.0000	0.0000	0.0000	0.0000	0.0000	0.0000	0.0000	0.0000	0.0000	0.0008	0.0001	0.0022	0.0002	0.0001	0.0008	0.0013	0.0000	0.0027	
48	76	0.1183	3	0	0	0	1	0	0	0	0	N	N	N	N	N	N	N	N	N	N	N	N	0.0000	0.0000	0.0000	0.0000	0.0000	0.0000	0.0000	0.0000	0.0000	0.0000	0.0000	0.0000	0.0000	0.0000	0.0000	0.0000	0.0000	0.0000	0.0150	0.0086	0.0274	0.0113	0.0099	0.0188	0.0176	0.0072	0.0294	1.6225	0.0000	0.0000	0.0037	0.0011	3.0208	2.7207	0.0000	0.0000	0.0000	0.0000	0.0000	0.0000	0.0000	0.0000	0.0000	0.0004	0.0001	0.0002	0.0001	0.0001	0.0000	0.0003	0.0001	0.0002	0.0000	0.0000	0.0000	0.0000	0.0000	0.0000	0.0000	0.0000	0.0000	0.0256	0.0169	0.0087	0.0107	0.0090	0.0016	0.0149	0.0079	0.0070	0.0000	0.0000	0.0000	0.0000	0.0000	0.0000	0.0000	0.0000	0.0000	0.0150	0.0086	0.0274	0.0113	0.0099	0.0188	0.0176	0.0072	0.0294	
48	77	0.0862	2	0	0	0	1	0	0	0	0	N	N	N	N	N	N	N	N	N	N	N	N	0.0000	0.0000	0.0000	0.0000	0.0000	0.0000	0.0000	0.0000	0.0000	0.0000	0.0000	0.0000	0.0000	0.0000	0.0000	0.0000	0.0000	0.0000	0.0948	0.0011	0.2891	0.0177	0.0015	0.0976	0.1689	0.0004	0.3540	131.0186	0.0000	0.0039	0.0037	0.0001	3.0208	10.0074	0.0000	0.0000	0.0000	0.0000	0.0000	0.0000	0.0000	0.0000	0.0000	0.0082	0.0001	0.0081	0.0007	0.0001	0.0007	0.0074	0.0000	0.0074	0.0002	0.0001	0.0000	0.0001	0.0001	0.0000	0.0001	0.0000	0.0000	0.0863	0.0582	0.0281	0.0423	0.0352	0.0071	0.0440	0.0231	0.0210	0.0000	0.0000	0.0000	0.0000	0.0000	0.0000	0.0000	0.0000	0.0000	0.0948	0.0011	0.2891	0.0177	0.0015	0.0976	0.1689	0.0004	0.3540	
48	78	0.1064	3	1	0	1	1	0	0	0	0	N	N	N	N	N	N	N	N	N	N	N	N	0.0002	0.7489	0.0000	0.6623	0.8673	0.0000	0.0000	0.0000	0.0000	0.0000	0.0000	0.0000	0.0000	0.0000	0.0000	0.0000	0.0000	0.0000	0.0609	0.0000	0.2288	0.0000	0.0000	0.0000	0.2123	0.0000	0.4271	0.0000	5168.4936	-0.0000	0.0003	0.0037	1.6246	3.0208	0.0115	0.0000	0.0000	0.0000	0.0000	0.0000	0.0000	0.0000	0.0000	0.0000	0.0006	0.0000	0.0006	0.0000	0.0000	0.0000	0.0006	0.0000	0.0006	0.0002	0.0002	0.0000	0.0002	0.0001	0.0000	0.0001	0.0001	0.0000	0.0107	0.0078	0.0028	0.0076	0.0063	0.0013	0.0031	0.0015	0.0015	0.0002	0.7489	0.0000	0.6623	0.8673	0.0000	0.0000	0.0000	0.0000	0.0609	0.0000	0.2288	0.0000	0.0000	0.0000	0.2123	0.0000	0.4271
48	79	0.0862	2	1	0	1	1	0	0	0	0	N	N	N	N	N	N	N	N	N	N	N	N	0.0079	103.6931	0.0000	98.9094	228.7689	0.0000	0.0000	0.0000	0.0000	0.0773	0.0910	0.0000	0.2996	0.3331	0.0000	0.0000	0.0000	0.0000	9.7277	0.0009	29.7729	0.0030	0.0015	0.0107	19.0379	0.0000	39.9312	0.0000	16453.9258	-0.0000	0.4707	0.0037	8.1927	3.0208	3.9952	0.0001	0.0001	0.0000	0.0001	0.0001	0.0000	0.0000	0.0000	0.0000	0.9830	0.0001	0.9829	0.0001	0.0001	0.0001	0.9828	0.0000	0.9828	0.0007	0.0006	0.0001	0.0002	0.0002	0.0000	0.0005	0.0004	0.0001	0.1011	0.0680	0.0330	0.0494	0.0410	0.0084	0.0516	0.0270	0.0246	0.0079	103.6931	0.0000	98.9094	228.7689	0.0000	0.0000	0.0000	0.0000	9.7277	0.0009	29.7729	0.0030	0.0015	0.0107	19.0379	0.0000	39.9312
48	80	0.0862	2	0	1	0	2	0	0	0	0	N	N	N	Y	N	N	N	N	N	N	N	N	7.3040	0.0000	9.5347	25.5679	0.0000	31.9417	4.3161	0.0000	5.7816	0.4781	0.0000	1.8558	0.4832	0.0000	3.2186	0.4733	0.0000	1.3117	0.0655	0.0022	0.1946	0.0189	0.0018	0.1008	0.1097	0.0027	0.2269	inf	43.6030	0.0001	0.0041	0.0037	0.7962	3.0208	19.0091	0.0001	0.0000	0.0001	0.0000	0.0000	0.0000	0.0000	0.0000	0.0000	0.0089	0.0002	0.0087	0.0013	0.0001	0.0012	0.0077	0.0001	0.0076	0.0002	0.0002	0.0001	0.0001	0.0001	0.0000	0.0001	0.0001	0.0000	0.1363	0.0915	0.0448	0.0664	0.0549	0.0115	0.0699	0.0366	0.0334	7.3040	0.0000	9.5347	25.5679	0.0000	31.9417	4.3161	0.0000	5.7816	0.0655	0.0022	0.1946	0.0189	0.0018	0.1008	0.1097	0.0027	0.2269
48	81	0.0862	2	0	1	0	1	0	0	0	0	N	N	N	N	N	N	N	N	N	N	N	N	5.3546	0.0000	6.9452	17.8587	0.0000	21.5972	3.2020	0.0000	4.2617	0.4781	0.0000	1.8558	0.4832	0.0000	3.2186	0.4733	0.0000	1.3117	0.0893	0.0016	0.2672	0.0271	0.0013	0.1490	0.1478	0.0020	0.3078	inf	82.1696	0.0001	0.0070	0.0037	0.7962	3.0208	25.3140	0.0001	0.0000	0.0001	0.0000	0.0000	0.0000	0.0000	0.0000	0.0000	0.0149	0.0002	0.0148	0.0022	0.0001	0.0021	0.0127	0.0001	0.0127	0.0002	0.0002	0.0001	0.0001	0.0001	0.0000	0.0001	0.0001	0.0000	0.1673	0.1121	0.0552	0.0811	0.0670	0.0141	0.0862	0.0451	0.0411	5.3546	0.0000	6.9452	17.8587	0.0000	21.5972	3.2020	0.0000	4.2617	0.0893	0.0016	0.2672	0.0271	0.0013	0.1490	0.1478	0.0020	0.3078
48	82	0.0862	2	0	1	0	1	0	0	0	0	N	N	N	N	N	N	N	N	N	N	N	N	1.8158	0.2140	7.5202	1.3573	0.0000	29.3537	2.9535	7.9601	4.3639	0.4044	0.0480	1.6501	0.4385	0.0000	3.1485	0.3803	0.0887	1.1254	0.2227	0.2243	0.2194	0.3231	0.3687	0.1073	0.1288	0.0111	0.2579	9.8323	0.4831	0.0001	-0.0078	0.0037	1.7961	3.0208	27.0091	0.0001	0.0000	0.0001	0.0000	0.0000	0.0000	0.0001	0.0000	0.0000	0.0399	0.0269	0.0130	0.0280	0.0264	0.0016	0.0119	0.0005	0.0114	0.0003	0.0002	0.0001	0.0001	0.0001	0.0000	0.0002	0.0001	0.0000	0.1793	0.1200	0.0593	0.0867	0.0716	0.0151	0.0926	0.0485	0.0442	1.8158	0.2140	7.5202	1.3573	0.0000	29.3537	2.9535	7.9601	4.3639	0.2227	0.2243	0.2194	0.3231	0.3687	0.1073	0.1288	0.0111	0.2579
48	83	0.1965	5	0	0	0	1	0	0	0	0	N	N	N	N	N	N	N	N	N	N	N	N	0.0320	0.0153	0.1078	0.2824	0.1202	4.2195	0.0058	0.0000	0.0273	0.0003	0.0001	0.0021	0.0022	0.0007	0.0778	0.0001	0.0000	0.0005	0.0107	0.0065	0.0192	0.0079	0.0059	0.0184	0.0126	0.0071	0.0194	2.9347	1.4830	0.0000	0.0003	0.0037	10.0679	3.0208	33.8159	0.0000	0.0000	0.0000	0.0000	0.0000	0.0000	0.0000	0.0000	0.0000	0.0037	0.0015	0.0022	0.0010	0.0007	0.0004	0.0026	0.0008	0.0018	0.0006	0.0006	0.0001	0.0001	0.0001	0.0000	0.0006	0.0005	0.0001	0.3414	0.2274	0.1140	0.1330	0.1119	0.0210	0.2084	0.1155	0.0930	0.0320	0.0153	0.1078	0.2824	0.1202	4.2195	0.0058	0.0000	0.0273	0.0107	0.0065	0.0192	0.0079	0.0059	0.0184	0.0126	0.0071	0.0194
48	84	0.1689	4	0	0	0	1	0	0	0	0	N	N	N	N	N	N	N	N	N	N	N	N	0.7104	0.5693	1.5878	3.0047	2.0234	22.3904	0.1890	0.0938	0.5763	0.0116	0.0069	0.0410	0.0569	0.0354	0.6382	0.0027	0.0004	0.0145	0.0163	0.0121	0.0258	0.0189	0.0175	0.0285	0.0141	0.0047	0.0251	0.9565	0.9562	0.0000	-0.0001	0.0037	0.9441	3.0208	14.0836	0.0000	0.0000	0.0000	0.0000	0.0000	0.0000	0.0000	0.0000	0.0000	0.0040	0.0021	0.0020	0.0021	0.0017	0.0004	0.0019	0.0003	0.0015	0.0001	0.0001	0.0000	0.0000	0.0000	0.0000	0.0001	0.0001	0.0000	0.2467	0.1704	0.0764	0.1135	0.0987	0.0149	0.1332	0.0717	0.0615	0.7104	0.5693	1.5878	3.0047	2.0234	22.3904	0.1890	0.0938	0.5763	0.0163	0.0121	0.0258	0.0189	0.0175	0.0285	0.0141	0.0047	0.0251
48	85	0.4511	7	0	0	0	1	0	0	0	0	N	N	N	N	N	N	N	N	N	N	N	N	1.7095	1.4690	0.0286	3.0065	2.8665	0.1411	7.6626	14.8964	0.0007	0.1593	0.1839	0.0004	0.4959	0.5531	0.0027	0.0714	0.0832	0.0000	0.0932	0.1252	0.0156	0.1649	0.1930	0.0193	0.0093	0.0056	0.0140	0.0004	0.0513	-0.0000	-0.0158	0.0037	15.0008	3.0208	28.2980	0.0002	0.0002	0.0000	0.0001	0.0001	0.0000	0.0001	0.0001	0.0000	0.0335	0.0318	0.0016	0.0319	0.0313	0.0006	0.0015	0.0005	0.0010	0.0012	0.0010	0.0002	0.0002	0.0002	0.0000	0.0009	0.0008	0.0001	0.3592	0.2544	0.1048	0.1936	0.1624	0.0312	0.1656	0.0920	0.0736	1.7095	1.4690	0.0286	3.0065	2.8665	0.1411	7.6626	14.8964	0.0007	0.0932	0.1252	0.0156	0.1649	0.1930	0.0193	0.0093	0.0056	0.0140
48	86	0.4511	7	0	0	0	1	0	0	0	0	N	N	N	N	N	N	N	N	N	N	N	N	4.7857	6.0258	0.0207	12.9800	15.4724	0.0627	0.0986	0.4039	0.0006	0.1211	0.1430	0.0006	0.4528	0.5236	0.0025	0.0013	0.0015	0.0000	0.0253	0.0237	0.0293	0.0349	0.0338	0.0406	0.0129	0.0038	0.0243	0.0008	0.4859	-0.0000	-0.0017	0.0037	10.8154	3.0208	27.4443	0.0001	0.0001	0.0000	0.0001	0.0001	0.0000	0.0000	0.0000	0.0000	0.0087	0.0059	0.0029	0.0068	0.0056	0.0012	0.0019	0.0003	0.0016	0.0007	0.0006	0.0001	0.0002	0.0002	0.0000	0.0005	0.0005	0.0001	0.3447	0.2474	0.0973	0.1942	0.1643	0.0300	0.1505	0.0831	0.0674	4.7857	6.0258	0.0207	12.9800	15.4724	0.0627	0.0986	0.4039	0.0006	0.0253	0.0237	0.0293	0.0349	0.0338	0.0406	0.0129	0.0038	0.0243
48	87	0.4033	6	0	0	0	1	0	0	0	0	N	N	N	N	N	N	N	N	N	N	N	N	3.7297	2.7520	9.7375	7.0590	5.4479	29.7486	0.7638	0.1445	3.1367	0.1527	0.1270	0.2665	0.3352	0.2833	0.6722	0.0242	0.0048	0.0930	0.0409	0.0462	0.0274	0.0475	0.0520	0.0226	0.0317	0.0334	0.0297	0.4740	0.2273	0.0000	-0.0066	0.0037	2.7608	3.0208	22.4044	0.0001	0.0000	0.0000	0.0001	0.0000	0.0000	0.0000	0.0000	0.0000	0.0198	0.0161	0.0037	0.0134	0.0124	0.0010	0.0064	0.0037	0.0027	0.0005	0.0004	0.0001	0.0002	0.0002	0.0000	0.0003	0.0002	0.0001	0.4832	0.3493	0.1339	0.2828	0.2394	0.0433	0.2005	0.1099	0.0906	3.7297	2.7520	9.7375	7.0590	5.4479	29.7486	0.7638	0.1445	3.1367	0.0409	0.0462	0.0274	0.0475	0.0520	0.0226	0.0317	0.0334	0.0297
48	88	0.2735	5	0	0	0	1	0	0	0	0	N	N	N	N	N	N	N	N	N	N	N	N	2.3187	2.0881	3.4814	16.8618	16.4131	23.9748	0.3572	0.0216	2.6456	0.0933	0.0878	0.1266	0.4662	0.4609	0.6112	0.0182	0.0013	0.1053	0.0402	0.0421	0.0364	0.0276	0.0281	0.0255	0.0510	0.0601	0.0398	0.2372	0.4050	0.0000	-0.0041	0.0037	8.8820	3.0208	49.9570	0.0001	0.0001	0.0000	0.0001	0.0000	0.0000	0.0000	0.0000	0.0000	0.0178	0.0126	0.0051	0.0056	0.0048	0.0009	0.0121	0.0079	0.0043	0.0007	0.0006	0.0001	0.0001	0.0001	0.0000	0.0006	0.0005	0.0001	0.4415	0.3006	0.1409	0.2034	0.1695	0.0339	0.2381	0.1311	0.1070	2.3187	2.0881	3.4814	16.8618	16.4131	23.9748	0.3572	0.0216	2.6456	0.0402	0.0421	0.0364	0.0276	0.0281	0.0255	0.0510	0.0601	0.0398
48	89	0.0862	2	1	1	0	2	0	0	0	0	N	N	N	Y	N	N	N	N	N	N	N	N	10.6963	0.0000	13.6495	24.6865	0.0000	28.4955	6.8972	9.1181	0.4781	0.0000	1.8558	0.4832	0.0000	3.2186	0.4733	0.0000	1.3117	0.0447	0.0001	0.1360	0.0196	0.0002	0.1130	0.0686	0.0000	0.1439	inf	581.2583	0.0001	0.0027	0.0037	0.7962	3.0208	16.9291	0.0001	0.0000	0.0001	0.0000	0.0000	0.0000	0.0000	0.0000	0.0000	0.0056	0.0000	0.0056	0.0012	0.0000	0.0012	0.0044	0.0000	0.0044	0.0002	0.0002	0.0001	0.0001	0.0001	0.0000	0.0001	0.0001	0.0000	0.1250	0.0840	0.0410	0.0610	0.0505	0.0105	0.0641	0.0335	0.0306	10.6963	0.0000	13.6495	24.6865	0.0000	28.4955	6.8972	0.0000	9.1181	0.0447	0.0001	0.1360	0.0196	0.0002	0.1130	0.0686	0.0000	0.1439	
48	90	0.1582	7	0	1	0	2	0	0	0	0	N	N	N	Y	N	N	N	N	N	N	N	N	0.0000	0.0000	0.0000	0.0000	0.0000	0.0000	0.0000	0.0000	0.0000	0.0000	0.0000	0.0000	0.0000	0.0000	0.0000	0.0000	0.0000	0.0000	0.0000	0.0000	0.0037	0.0000	3.0208	0.0000	0.0000	0.0000	0.0000	0.0000	0.0000	0.0000	0.0000	0.0000	0.0000	0.0000	0.0000	0.0000	0.0000	0.0000	0.0000	0.0000	0.0000	0.0000	0.0000	0.0000	0.0000	0.0000	0.0000	0.0000	0.0000	0.0000	0.0000	0.0000	0.0000	0.0000	0.0000	0.0000	0.0000	0.0000	0.0000	0.0000	0.0000	0.0000	0.0000	0.0000	0.0000	0.0000	0.0000	0.0000	0.0000	0.0000	0.0000	0.0000	0.0000	0.0000	0.0000	0.0000	0.0000	0.0000											
48	91	0.1475	6	0	1	0	2	0	0	0	0	N	N	N	Y	N	N	N	N	N	N	N	N	0.0000	0.0000	0.0000	0.0000	0.0000	0.0000	0.0000	0.0000	0.0000	0.0000	0.0000	0.0000	0.0000	0.0000	0.0000	0.0000	0.0000	0.0000	0.0000	0.0000	0.0037	1.0000	3.0208	3.0000	0.0000	0.0000	0.0000	0.0000	0.0000	0.0000	0.0000	0.0000	0.0000	0.0000	0.0000	0.0000	0.0000	0.0000	0.0000	0.0000	0.0000	0.0000	0.0001	0.0000	0.0000	0.0000	0.0000	0.0000	0.0000	0.0000	0.0000	0.0243	0.0179	0.0064	0.0170	0.0141	0.0029	0.0073	0.0039	0.0035	0.0000	0.0000	0.0000	0.0000	0.0000	0.0000	0.0000	0.0000	0.0000	0.0000	0.0000	0.0000	0.0000	0.0000	0.0000	0.0000	0.0000	0.0000											
48	92	0.1410	4	0	1	0	1	0	0	0	0	N	N	N	N	N	N	N	N	N	N	N	N	0.0000	0.0000	0.0000	0.0000	0.0000	0.0000	0.0000	0.0000	0.0000	0.0000	0.0000	0.0000	0.0000	0.0000	0.0000	0.0000	0.0000	0.0000	0.0000	0.0000	0.0037	0.0000	3.0208	0.0000	0.0000	0.0000	0.0000	0.0000	0.0000	0.0000	0.0000	0.0000	0.0000	0.0000	0.0000	0.0000	0.0000	0.0000	0.0000	0.0000	0.0000	0.0000	0.0000	0.0000	0.0000	0.0000	0.0000	0.0000	0.0000	0.0000	0.0000	0.0000	0.0000	0.0000	0.0000	0.0000	0.0000	0.0000	0.0000	0.0000	0.0000	0.0000	0.0000	0.0000	0.0000	0.0000	0.0000	0.0000	0.0000	0.0000	0.0000	0.0000	0.0000	0.0000	0.0000	0.0000	0.0000	0.0000											
48	93	0.1475	6	0	0	1	2	0	0	0	0	N	N	N	Y	N	N	N	N	N	N	N	N	0.0000	0.0000	0.0000	0.0000	0.0000	0.0000	0.0000	0.0000	0.0000	0.0000	0.0000	0.0000	0.0000	0.0000	0.0000	0.0000	0.0000	0.0000	0.0000	0.0000	0.0037	0.0000	3.0208	0.0000	0.0000	0.0000	0.0000	0.0000	0.0000	0.0000	0.0000	0.0000	0.0000	0.0000	0.0000	0.0000	0.0000	0.0000	0.0000	0.0000	0.0000	0.0000	0.0000	0.0000	0.0000	0.0000	0.0000	0.0000	0.0000	0.0000	0.0000	0.0000	0.0000	0.0000	0.0000	0.0000	0.0000	0.0000	0.0000	0.0000	0.0000	0.0000	0.0000	0.0000	0.0000	0.0000	0.0000	0.0000	0.0000	0.0000	0.0000	0.0000	0.0000	0.0000	0.0000	0.0000	0.0000	0.0000											
48	94	0.1448	5	0	0	0	2	0	0	0	0	N	N	N	Y	N	N	N	N	N	N	N	N	0.0000	0.0000	0.0000	0.0000	0.0000	0.0000	0.0000	0.0000	0.0000	0.0000	0.0000	0.0000	0.0000	0.0000	0.0000	0.0000	0.0000	0.0000	0.0000	0.0000	0.0037	1.0000	3.0208	0.0097	0.0000	0.0000	0.0000	0.0000	0.0000	0.0000	0.0000	0.0000	0.0000	0.0000	0.0000	0.0000	0.0000	0.0000	0.0000	0.0000	0.0000	0.0000	0.0001	0.0000	0.0000	0.0000	0.0000	0.0000	0.0000	0.0000	0.0000	0.0066	0.0048	0.0018	0.0046	0.0038	0.0008	0.0020	0.0010	0.0010	0.0000	0.0000	0.0000	0.0000	0.0000	0.0000	0.0000	0.0000	0.0000	0.0000	0.0000	0.0000	0.0000	0.0000	0.0000	0.0000	0.0000	0.0000											
48	95	0.1448	5	0	0	1	2	0	0	0	0	N	N	N	Y	N	N	N	N	N	N	N	N	0.0000	0.0000	0.0000	0.0000	0.0000	0.0000	0.0000	0.0000	0.0000	0.0000	0.0000	0.0000	0.0000	0.0000	0.0000	0.0000	0.0000	0.0000	0.0000	0.0000	0.0037	2.0000	3.0208	3.0050	0.0000	0.0000	0.0000	0.0000	0.0000	0.0000	0.0000	0.0000	0.0000	0.0000	0.0000	0.0000	0.0000	0.0000	0.0000	0.0000	0.0000	0.0000	0.0001	0.0001	0.0000	0.0000	0.0000	0.0000	0.0001	0.0001	0.0000	0.0304	0.0223	0.0081	0.0211	0.0175	0.0036	0.0092	0.0048	0.0044	0.0000	0.0000	0.0000	0.0000	0.0000	0.0000	0.0000	0.0000	0.0000	0.0000	0.0000	0.0000	0.0000	0.0000	0.0000	0.0000	0.0000	0.0000											
48	96	0.1448	5	0	0	1	2	0	0	0	0	N	N	N	Y	N	N	N	N	N	N	N	N	0.0000	0.0000	0.0000	0.0000	0.0000	0.0000	0.0000	0.0000	0.0000	0.0000	0.0000	0.0000	0.0000	0.0000	0.0000	0.0039	0.0053	0.0000	0.0007	0.0008	0.0000	0.0110	0.0211	0.0000	0.0000	0.0000	-0.0001	0.0037	0.0000	3.0208	6.9903	0.0000	0.0000	0.0000	0.0000	0.0000	0.0000	0.0000	0.0000	0.0000	0.0002	0.0002	0.0000	0.0000	0.0000	0.0000	0.0001	0.0001	0.0000	0.0000	0.0000	0.0000	0.0000	0.0000	0.0000	0.0000	0.0000	0.0000	0.0414	0.0304	0.0110	0.0287	0.0238	0.0050	0.0127	0.0066	0.0060	0.0000	0.0000	0.0000	0.0000	0.0000	0.0000	0.0000	0.0000	0.0000	0.0039	0.0053	0.0000	0.0007	0.0008	0.0000	0.0110	0.0211	0.0000				
48	97	0.1393	4	0	0	0	2	0	0	0	0	N	N	N	Y	N	N	N	N	N	N	N	N	0.0000	0.0000	0.0000	0.0000	0.0000	0.0000	0.0000	0.0000	0.0000	0.0000	0.0000	0.0000	0.0000	0.0000	0.0000	0.0000	0.0000	0.0000	0.0000	0.0000	0.0000	0.0000	0.0000	0.0000	0.0000	0.0000	0.2430	0.0000	-0.0000	0.0037	0.9999	3.0208	1.0605	0.0000	0.0000	0.0000	0.0000	0.0000	0.0000	0.0000	0.0000	0.0000	0.0000	0.0000	0.0000	0.0000	0.0000	0.0000	0.0000	0.0000	0.0000	0.0001	0.0001	0.0000	0.0000	0.0000	0.0000	0.0000	0.0000	0.0000	0.0140	0.0102	0.0038	0.0094	0.0078	0.0015	0.0046	0.0024	0.0022	0.0000	0.0000	0.0000	0.0000	0.0000	0.0000	0.0000	0.0000	0.0000	0.0000	0.0000	0.0000	0.0000	0.0000	0.0000	0.0000	0.0000	0.0000		
48	98	0.1372	3	0	0	0	2	0	0	0	0	N	N	N	Y	N	N	N	N	N	N	N	N	688.8407	2242.1971	159.1804	1138.5289	1935.8689	0.0000	348.7627	11866.2518	0.0000	0.0675	0.0703	0.0454	0.0764	0.0775	0.0000	0.0547	0.0587	0.0000	0.0001	0.0000	0.0003	0.0001	0.0000	0.0002	0.0002	0.0000	0.0003	0.0828	3.2355	-0.0000	0.0000	0.0037	0.0012	3.0208	1.0414	0.0000	0.0000	0.0000	0.0000	0.0000	0.0000	0.0000	0.0000	0.0000	0.0000	0.0000	0.0000	0.0000	0.0000	0.0000	0.0000	0.0000	0.0000	0.0000	0.0000	0.0000	0.0000	0.0000	0.0000	0.0000	0.0000	0.0000	0.0078	0.0057	0.0020	0.0051	0.0043	0.0008	0.0027	0.0014	0.0013	688.8407	2242.1971	159.1804	1138.5289	1935.8689	0.0000	348.7627	11866.2518	0.0000	0.0001	0.0000	0.0003	0.0001	0.0000	0.0002	0.0002	0.0000	0.0003
48	99	0.0862	2	1	1	0	1	0	0	0	0	N	N	N	N	N	N	N	N	N	N	N	N	9.0472	26.0626	0.0000	44.8774	240.8641	0.0000	0.0000	0.0000	0.0000	0.1380	0.1702	0.0000	0.4034	0.4610	0.0000	0.0000	0.0000	0.0000	0.0153	0.0065	0.0332	0.0090	0.0019	0.0435	0.0212	0.0135	0.0297	0.0000	2.4699	-0.0000	0.0003	0.0037	3.2042	3.0208	9.0918	0.0001	0.0001	0.0000	0.0001	0.0001	0.0000	0.0000	0.0000	0.0000	0.0016	0.0004	0.0011	0.0004	0.0001	0.0004	0.0011	0.0004	0.0007	0.0004	0.0003	0.0001	0.0001	0.0001	0.0000	0.0002	0.0002	0.0001	0.1022	0.0688	0.0334	0.0500	0.0415	0.0085	0.0522	0.0273	0.0249	9.0472	26.0626	0.0000	44.8774	240.8641	0.0000	0.0000	0.0000	0.0000	0.0153	0.0065	0.0332	0.0090	0.0019	0.0435	0.0212	0.0135	0.0297
48	100	0.0862	2	0	1	0	1	0	0	0	0	N	N	N	N	N	N	N	N	N	N	N	N	15.9891	0.0000	20.2904	17.7644	0.0000	20.1325	14.5633	19.2302	0.4781	0.0000	1.8558	0.4832	0.0000	3.2186	0.4733	0.0000	1.3117	0.0299	0.0002	0.0915	0.0272	0.0003	0.1599	0.0325	0.0000	0.0682	inf	278.1396	0.0001	0.0013	0.0037	0.7962	3.0208	10.9291	0.0001	0.0000	0.0001	0.0000	0.0000	0.0000	0.0000	0.0000	0.0000	0.0027	0.0000	0.0027	0.0012	0.0000	0.0012	0.0015	0.0000	0.0015	0.0002	0.0002	0.0001	0.0001	0.0001	0.0000	0.0001	0.0001	0.0000	0.0896	0.0604	0.0292	0.0439	0.0365	0.0074	0.0457	0.0239	0.0218	15.9891	0.0000	20.2904	17.7644	0.0000	20.1325	14.5633	0.0000	19.2302	0.0299	0.0002	0.0915	0.0272	0.0003	0.1599	0.0325	0.0000	0.0682	
48	101	0.1440	5	1	1	0	1	0	0	0	0	N	N	N	N	N	N	N	N	N	N	N	N	0.0000	0.0000	0.0000	0.0000	0.0000	0.0000	0.0000	0.0000	0.0000	0.0000	0.0000	0.0000	0.0000	0.0000	0.0000	0.0000	0.0000	0.0000	0.0000	0.0000	0.0037	0.0000	3.0208	3.0000	0.0000	0.0000	0.0000	0.0000	0.0000	0.0000	0.0000	0.0000	0.0000	0.0000	0.0000	0.0000	0.0000	0.0000	0.0000	0.0000	0.0000	0.0000	0.0000	0.0000	0.0000	0.0000	0.0000	0.0000	0.0000	0.0000	0.0000	0.0185	0.0133	0.0051	0.0126	0.0104	0.0022	0.0058	0.0029	0.0029	0.0000	0.0000	0.0000	0.0000	0.0000	0.0000	0.0000	0.0000	0.0000	0.0000	0.0000	0.0000	0.0000	0.0000	0.0000	0.0000	0.0000	0.0000											
48	102	0.1410	4	1	1	0	1	0	0	0	0	N	N	N	N	N	N	N	N	N	N	N	N	0.0000	0.0000	0.0000	0.0000	0.0000	0.0000	0.0000	0.0000	0.0000	0.0000	0.0000	0.0000	0.0000	0.0000	0.0000	0.0000	0.0000	0.0000	0.0000	0.0000	0.0037	0.0000	3.0208	1.0000	0.0000	0.0000	0.0000	0.0000	0.0000	0.0000	0.0000	0.0000	0.0000	0.0000	0.0000	0.0000	0.0000	0.0000	0.0000	0.0000	0.0000	0.0000	0.0000	0.0000	0.0000	0.0000	0.0000	0.0000	0.0000	0.0000	0.0000	0.0064	0.0046	0.0018	0.0044	0.0036	0.0008	0.0020	0.0010	0.0010	0.0000	0.0000	0.0000	0.0000	0.0000	0.0000	0.0000	0.0000	0.0000	0.0000	0.0000	0.0000	0.0000	0.0000	0.0000	0.0000	0.0000	0.0000											
48	103	0.1372	3	0	1	0	1	0	0	0	0	N	N	N	N	N	N	N	N	N	N	N	N	504.4236	2016.4786	0.0000	968.6297	2582.8101	0.0000	0.0000	0.0000	0.0000	0.0324	0.0368	0.0000	0.0504	0.0585	0.0000	0.0000	0.0000	0.0000	0.0001	0.0000	0.0002	0.0001	0.0000	0.0002	0.0001	0.0000	0.0002	0.0000	3.7763	-0.0000	0.0000	0.0037	0.0006	3.0208	1.0534	0.0000	0.0000	0.0000	0.0000	0.0000	0.0000	0.0000	0.0000	0.0000	0.0000	0.0000	0.0000	0.0000	0.0000	0.0000	0.0000	0.0000	0.0000	0.0000	0.0000	0.0000	0.0000	0.0000	0.0000	0.0000	0.0000	0.0000	0.0078	0.0058	0.0021	0.0051	0.0044	0.0008	0.0027	0.0014	0.0013	504.4236	2016.4786	0.0000	968.6297	2582.8101	0.0000	0.0000	0.0000	0.0000	0.0001	0.0000	0.0002	0.0001	0.0000	0.0002	0.0001	0.0000	0.0002
48	104	0.0862	2	0	0	0	1	0	0	0	0	N	N	N	N	N	N	N	N	N	N	N	N	9.5568	149.0956	0.0008	47.3048	315.2298	0.0000	0.0005	1.8915	0.0000	0.0842	0.0997	0.0000	0.3140	0.3505	0.0000	0.0000	0.0000	0.0000	0.0088	0.0007	0.0254	0.0066	0.0011	0.0332	0.0109	0.0000	0.0228	0.0000	18.6198	-0.0000	0.0005	0.0037	7.2034	3.0208	9.9858	0.0001	0.0001	0.0000	0.0001	0.0001	0.0000	0.0000	0.0000	0.0000	0.0012	0.0001	0.0011	0.0004	0.0001	0.0004	0.0007	0.0000	0.0007	0.0006	0.0005	0.0001	0.0002	0.0001	0.0000	0.0004	0.0004	0.0001	0.1328	0.0891	0.0436	0.0647	0.0535	0.0112	0.0681	0.0356	0.0325	9.5568	149.0956	0.0008	47.3048	315.2298	0.0000	0.0005	1.8915	0.0000	0.0088	0.0007	0.0254	0.0066	0.0011	0.0332	0.0109	0.0000	0.0228
48	109	0.3559	6	0	0	0	1	0	0	0	0	N	N	N	N	N	N	N	N	N	N	N	N	0.3125	0.0000	2.0640	0.7905	0.0000	51.9954	0.2858	0.0000	1.2721	0.0032	0.0000	0.0256	0.0106	0.0000	0.6442	0.0022	0.0000	0.0158	0.0104	0.0095	0.0124	0.0134	0.0136	0.0124	0.0078	0.0040	0.0124	inf	0.6189	0.0000	-0.0005	0.0037	7.7801	3.0208	32.2209	0.0000	0.0000	0.0000	0.0000	0.0000	0.0000	0.0000	0.0000	0.0000	0.0039	0.0024	0.0015	0.0023	0.0020	0.0003	0.0016	0.0004	0.0011	0.0005	0.0005	0.0001	0.0001	0.0001	0.0000	0.0005	0.0004	0.0001	0.3733	0.2536	0.1197	0.1720	0.1441	0.0278	0.2014	0.1094	0.0919	0.3125	0.0000	2.0640	0.7905	0.0000	51.9954	0.2858	0.0000	1.2721	0.0104	0.0095	0.0124	0.0134	0.0136	0.0124	0.0078	0.0040	0.0124
49	50	0.1134	2	0	1	1	1	0	0	0	0	N	N	N	N	N	N	N	N	N	N	N	N	0.1377	0.0924	0.0004	0.0736	0.0676	0.0020	0.2364	0.1297	0.0005	0.0007	0.0008	0.0000	0.0004	0.0004	0.0000	0.0011	0.0013	0.0000	0.0050	0.0084	0.0003	0.0054	0.0066	0.0000	0.0048	0.0099	0.0003	0.0000	0.0247	-0.0000	-0.0004	4.7960	1.4428	23.0471	0.4686	0.0002	0.0002	0.0000	0.0001	0.0001	0.0000	0.0001	0.0001	0.0000	0.0007	0.0007	0.0000	0.0003	0.0003	0.0000	0.0005	0.0005	0.0000	0.2423	0.2163	0.0260	0.1468	0.1314	0.0154	0.0955	0.0848	0.0107	0.1474	0.0862	0.0612	0.0482	0.0396	0.0086	0.0992	0.0466	0.0526	0.1377	0.0924	0.0004	0.0736	0.0676	0.0020	0.2364	0.1297	0.0005	0.0050	0.0084	0.0003	0.0054	0.0066	0.0000	0.0048	0.0099	0.0003
49	52	0.1011	2	1	0	1	1	0	0	0	0	N	N	N	N	N	N	N	N	N	N	N	N	0.1139	0.0650	0.0029	0.0363	0.0366	0.0042	0.0007	0.0150	0.0023	0.0090	0.0100	0.0000	0.0310	0.0325	0.0000	0.0000	0.0000	0.0000	0.0794	0.1542	0.0016	0.8548	0.8880	0.0026	0.0009	0.0000	0.0016	0.0001	0.0101	-0.0001	-0.0134	4.7960	0.9976	23.0471	4.7732	0.0009	0.0009	0.0000	0.0009	0.0009	0.0000	0.0000	0.0000	0.0000	0.0263	0.0260	0.0003	0.0260	0.0260	0.0000	0.0003	0.0000	0.0003	0.0950	0.0856	0.0094	0.0277	0.0264	0.0013	0.0673	0.0592	0.0081	0.3311	0.1687	0.1624	0.0304	0.0293	0.0011	0.3007	0.1395	0.1612	0.1139	0.0650	0.0029	0.0363	0.0366	0.0042	0.0007	0.0150	0.0023	0.0794	0.1542	0.0016	0.8548	0.8880	0.0026	0.0009	0.0000	0.0016
49	55	0.0998	2	0	1	0	1	0	0	0	0	N	N	N	N	N	N	N	N	N	N	N	N	0.2992	0.0000	3.2683	6.5573	0.0058	16.4384	0.2690	0.0000	2.3970	0.5534	0.0001	1.9699	0.3025	0.0001	3.1686	0.8541	0.0001	1.6974	1.8494	2.5333	0.6027	0.0461	0.0159	0.1928	3.1750	5.5352	0.7081	7667.0512	0.1305	0.0018	-0.4435	4.7960	0.0041	23.0471	6.2745	0.0020	0.0000	0.0020	0.0006	0.0000	0.0006	0.0014	0.0000	0.0014	1.0933	0.9670	0.1262	0.0116	0.0033	0.0083	1.0817	0.9637	0.1180	0.0037	0.0027	0.0010	0.0020	0.0018	0.0002	0.0017	0.0008	0.0008	0.5911	0.3817	0.2094	0.2504	0.2076	0.0428	0.3407	0.1741	0.1666	0.2992	0.0000	3.2683	6.5573	0.0058	16.4384	0.2690	0.0000	2.3970	1.8494	2.5333	0.6027	0.0461	0.0159	0.1928	3.1750	5.5352	0.7081
49	56	0.1485	2	0	0	1	1	0	0	0	0	N	N	N	N	N	N	N	N	N	N	N	N	0.7082	0.5222	1.1040	3.3450	2.7611	inf	0.5399	0.5881	0.2555	0.6621	0.7467	0.0001	6.8909	7.0846	0.0022	0.0000	0.0001	0.0000	0.9350	1.4300	0.0001	2.0601	2.5658	0.0000	0.0001	0.0001	0.0001	0.0000	0.0000	-0.0761	-0.5045	4.7960	18.9997	23.0471	4.0000	0.7961	0.7961	0.0000	0.7961	0.7961	0.0000	0.0001	0.0000	0.0000	0.9682	0.9682	0.0000	0.9681	0.9681	0.0000	0.0000	0.0000	0.0000	1.2024	1.0661	0.1363	0.1155	0.1124	0.0032	1.0869	0.9538	0.1332	1.0355	0.6771	0.3585	0.4700	0.3773	0.0926	0.5656	0.2997	0.2658	0.7082	0.5222	1.1040	3.3450	2.7611	inf	0.5399	0.5881	0.2555	0.9350	1.4300	0.0001	2.0601	2.5658	0.0000	0.0001	0.0001	0.0001
49	58	0.0993	3	1	1	0	1	0	0	0	0	N	N	N	N	N	N	N	N	N	N	N	N	0.0064	0.9919	0.0000	0.3730	0.3723	0.0047	0.0000	0.0275	0.0000	0.0110	0.0121	0.0000	0.0255	0.0271	0.0000	0.0000	0.0000	0.0000	1.7218	0.0122	3.7166	0.0684	0.0727	0.0015	1.8981	0.0000	3.7642	0.0001	260.5172	-0.0001	0.4279	4.7960	0.9359	23.0471	8.5945	0.0013	0.0013	0.0000	0.0013	0.0013	0.0000	0.0000	0.0000	0.0000	0.9008	0.0034	0.8973	0.0034	0.0034	0.0000	0.8973	0.0000	0.8973	0.1144	0.1037	0.0107	0.0493	0.0464	0.0028	0.0651	0.0572	0.0079	0.5231	0.2817	0.2414	0.0504	0.0473	0.0031	0.4727	0.2344	0.2384	0.0064	0.9919	0.0000	0.3730	0.3723	0.0047	0.0000	0.0275	0.0000	1.7218	0.0122	3.7166	0.0684	0.0727	0.0015	1.8981	0.0000	3.7642
49	59	0.0966	2	0	1	0	1	0	0	0	0	N	N	N	N	N	N	N	N	N	N	N	N	0.1159	0.8664	0.1356	0.4351	0.4489	0.1047	0.0936	1.9781	0.1732	0.0841	0.0659	0.2288	0.0902	0.0953	0.0007	0.0787	0.0364	0.2955	0.7261	0.0761	1.6878	0.2073	0.2122	0.0063	0.8415	0.0184	1.7063	0.4364	14.9892	0.0005	0.0467	4.7960	0.1706	23.0471	1.8413	0.0025	0.0018	0.0008	0.0013	0.0013	0.0000	0.0013	0.0005	0.0008	0.1121	0.0070	0.1051	0.0058	0.0058	0.0000	0.1063	0.0012	0.1051	0.0301	0.0268	0.0034	0.0142	0.0134	0.0008	0.0159	0.0133	0.0026	0.1544	0.0921	0.0623	0.0281	0.0274	0.0007	0.1263	0.0647	0.0616	0.1159	0.8664	0.1356	0.4351	0.4489	0.1047	0.0936	1.9781	0.1732	0.7261	0.0761	1.6878	0.2073	0.2122	0.0063	0.8415	0.0184	1.7063
49	61	0.4716	8	0	0	0	1	0	0	0	0	N	N	N	N	N	N	N	N	N	N	N	N	9.7641	35.5306	0.0003	0.0011	0.0000	0.0712	8.6386	7229.3366	0.0000	13.2854	15.1434	0.0009	0.0008	0.0000	0.0212	15.2283	17.6036	0.0000	1.3606	0.4262	3.1139	0.7466	0.8283	0.2981	1.7628	0.0024	3.7130	0.0000	3.8939	-0.0955	0.2801	4.7960	1.0140	23.0471	12.0537	0.9998	0.9998	0.0000	0.0000	0.0000	0.0000	0.9998	0.9998	0.0000	1.0202	0.2085	0.8117	0.2215	0.2079	0.0136	0.7986	0.0006	0.7981	0.0753	0.0660	0.0092	0.0096	0.0092	0.0004	0.0657	0.0568	0.0089	0.7498	0.4891	0.2607	0.2967	0.2510	0.0457	0.4531	0.2381	0.2149	9.7641	35.5306	0.0003	0.0011	0.0000	0.0712	8.6386	7229.3366	0.0000	1.3606	0.4262	3.1139	0.7466	0.8283	0.2981	1.7628	0.0024	3.7130
49	62	0.3957	5	0	0	0	1	0	0	0	0	N	N	N	N	N	N	N	N	N	N	N	N	0.3562	0.7001	0.2368	0.2874	0.0003	1.4661	0.3440	46.3626	0.0038	0.7996	0.7544	1.1300	0.5469	0.0006	4.7281	0.8816	1.0009	0.0206	2.2445	1.0776	4.7719	1.9027	1.7722	3.2249	2.5631	0.0216	5.3670	0.2047	2.0444	0.0893	1.0146	4.7960	22.0948	23.0471	64.3951	1.2020	0.9978	0.2042	0.2016	0.0002	0.2014	1.0004	0.9976	0.0028	6.7442	2.2153	4.5289	2.7588	2.1977	0.5611	3.9855	0.0176	3.9679	1.5033	1.3226	0.1807	0.3685	0.3259	0.0426	1.1348	0.9966	0.1381	3.0048	2.0557	0.9491	1.4499	1.2401	0.2098	1.5549	0.8156	0.7393	0.3562	0.7001	0.2368	0.2874	0.0003	1.7678	0.3440	46.3626	0.0038	2.2445	1.0776	4.7719	1.9027	1.7722	2.6745	2.5631	0.0216	5.3670
49	63	0.1888	4	0	0	0	1	0	0	0	0	N	N	N	N	N	N	N	N	N	N	N	N	5.4171	8.2143	0.0240	0.0578	0.0331	0.2826	7.6552	20.6308	0.0013	4.5240	5.1589	0.0298	0.0621	0.0299	0.9018	5.0501	5.8314	0.0014	0.8351	0.6280	1.2419	1.0742	0.9026	3.1914	0.6597	0.2827	1.0502	0.0008	1.0066	-0.0947	-0.0263	4.7960	3.0638	23.0471	18.8214	0.9994	0.9986	0.0008	0.0014	0.0007	0.0008	0.9980	0.9979	0.0000	1.3547	0.6751	0.6796	0.7374	0.5405	0.1969	0.6172	0.1346	0.4827	0.2209	0.1936	0.0273	0.0233	0.0224	0.0009	0.1976	0.1711	0.0265	1.6221	1.0749	0.5472	0.6865	0.5989	0.0876	0.9356	0.4760	0.4596	5.4171	8.2143	0.0240	0.0578	0.0331	0.4011	7.6552	20.6308	0.0013	0.8351	0.6280	1.2419	1.0742	0.9026	2.2482	0.6597	0.2827	1.0502
49	64	0.0998	2	1	1	1	1	0	0	0	0	N	N	N	N	N	N	N	N	N	N	N	N	0.1178	0.0000	0.4248	0.4392	0.0001	9.9824	0.0806	0.0133	0.2705	0.0266	0.0000	0.2008	0.0746	0.0000	1.6911	0.0209	0.0000	0.1461	0.2262	0.0827	0.4726	0.1698	0.1699	0.1694	0.2599	0.0001	0.5403	7667.0512	3.3256	0.0018	0.0406	4.7960	1.0029	23.0471	8.4685	0.0020	0.0000	0.0020	0.0006	0.0000	0.0006	0.0014	0.0000	0.0014	0.1641	0.0379	0.1261	0.0462	0.0379	0.0083	0.1179	0.0000	0.1179	0.0767	0.0665	0.0102	0.0082	0.0078	0.0004	0.0685	0.0587	0.0098	0.7254	0.4585	0.2669	0.2718	0.2231	0.0487	0.4537	0.2354	0.2182	0.1178	0.0000	0.4248	0.4392	0.0001	9.9824	0.0806	0.0133	0.2705	0.2262	0.0827	0.4726	0.1698	0.1699	0.1694	0.2599	0.0001	0.5403
49	66	0.4716	8	0	1	0	1	0	0	0	0	N	N	N	N	N	N	N	N	N	N	N	N	0.0048	0.0037	0.0055	0.0159	0.0137	0.1221	0.0000	0.0000	0.0000	0.0029	0.0032	0.0009	0.0228	0.0228	0.0213	0.0000	0.0000	0.0000	0.6091	0.8513	0.1559	1.4320	1.6631	0.1743	0.0729	0.0016	0.1519	0.0379	0.0979	-0.0000	-0.2021	4.7960	1.0110	23.0471	12.5479	0.0002	0.0002	0.0000	0.0002	0.0002	0.0000	0.0000	0.0000	0.0000	0.4680	0.4262	0.0417	0.4341	0.4259	0.0082	0.0339	0.0004	0.0335	0.0750	0.0658	0.0092	0.0096	0.0092	0.0004	0.0655	0.0566	0.0088	0.7683	0.5007	0.2676	0.3031	0.2561	0.0470	0.4652	0.2446	0.2205	0.0048	0.0037	0.0055	0.0159	0.0137	0.1221	0.0000	0.0000	0.0000	0.6091	0.8513	0.1559	1.4320	1.6631	0.1743	0.0729	0.0016	0.1519
49	67	0.4652	7	0	0	0	1	0	0	0	0	N	N	N	N	N	N	N	N	N	N	N	N	0.0010	0.0011	0.0003	0.0006	0.0004	0.0198	0.0020	0.0293	0.0000	0.0032	0.0036	0.0008	0.0027	0.0020	0.0198	0.0033	0.0038	0.0000	3.1520	3.3186	2.7768	4.8697	5.1963	1.0004	1.6197	0.1307	3.0256	0.0305	0.3716	-0.0000	-0.2910	4.7960	0.9784	23.0471	1.5217	0.0002	0.0002	0.0000	0.0000	0.0000	0.0000	0.0002	0.0002	0.0000	1.1633	0.8481	0.3152	0.8473	0.8357	0.0116	0.3160	0.0124	0.3036	0.0726	0.0637	0.0089	0.0092	0.0088	0.0004	0.0634	0.0549	0.0086	0.3691	0.2556	0.1135	0.1740	0.1608	0.0132	0.1951	0.0947	0.1003	0.0010	0.0011	0.0003	0.0006	0.0004	0.0225	0.0020	0.0293	0.0000	3.1520	3.3186	2.7768	4.8697	5.1963	0.8807	1.6197	0.1307	3.0256
49	68	0.4350	6	0	0	0	1	0	0	0	0	N	N	N	N	N	N	N	N	N	N	N	N	0.0045	0.0002	0.0235	0.0172	0.0003	0.3388	0.0024	0.0010	0.0085	0.0072	0.0002	0.0566	0.0314	0.0007	0.7464	0.0033	0.0002	0.0233	1.6057	1.2089	2.4120	1.8253	1.9243	2.2032	1.4063	0.1603	2.7481	33.0070	0.9818	0.0005	-0.0314	4.7960	1.0531	23.0471	9.0748	0.0006	0.0000	0.0006	0.0003	0.0000	0.0003	0.0002	0.0000	0.0002	1.2226	0.6169	0.6057	0.6613	0.5837	0.0775	0.5613	0.0332	0.5282	0.0802	0.0703	0.0099	0.0111	0.0106	0.0005	0.0692	0.0597	0.0095	0.7614	0.5103	0.2511	0.3623	0.3034	0.0589	0.3992	0.2070	0.1922	0.0045	0.0002	0.0235	0.0172	0.0003	0.5673	0.0024	0.0010	0.0085	1.6057	1.2089	2.4120	1.8253	1.9243	1.3158	1.4063	0.1603	2.7481
49	71	0.1348	5	0	0	1	1	0	0	0	0	N	N	N	N	N	N	N	N	N	N	N	N	0.0000	0.0000	0.0000	0.0000	0.0000	0.0000	0.0000	0.0000	0.0000	0.0000	0.0000	0.0000	0.0000	0.0000	0.0000	0.0000	0.0000	0.0000	0.0025	0.0012	0.0047	0.0026	0.0016	0.0088	0.0024	0.0009	0.0040	2.2373	0.0000	0.0000	4.7960	1.0000	23.0471	0.0055	0.0000	0.0000	0.0000	0.0000	0.0000	0.0000	0.0000	0.0000	0.0000	0.0001	0.0000	0.0001	0.0000	0.0000	0.0000	0.0001	0.0000	0.0000	0.0390	0.0339	0.0052	0.0000	0.0000	0.0000	0.0390	0.0339	0.0052	0.0406	0.0258	0.0148	0.0151	0.0129	0.0023	0.0254	0.0129	0.0125	0.0000	0.0000	0.0000	0.0000	0.0000	0.0000	0.0000	0.0000	0.0000	0.0025	0.0012	0.0047	0.0026	0.0016	0.0088	0.0024	0.0009	0.0040	
49	72	0.1281	4	0	0	1	1	0	0	0	0	N	N	N	N	N	N	N	N	N	N	N	N	0.0000	0.0000	0.0000	0.0000	0.0000	0.0000	0.0000	0.0000	0.0000	0.0000	0.0000	0.0000	0.0000	0.0000	0.0000	0.0000	0.0000	0.0000	0.1935	0.2383	0.1107	0.0820	0.0874	0.0470	0.2627	0.3959	0.1217	0.2515	0.0000	-0.0028	4.7960	0.0000	23.0471	1.0265	0.0000	0.0000	0.0000	0.0000	0.0000	0.0000	0.0000	0.0000	0.0000	0.0087	0.0070	0.0018	0.0014	0.0013	0.0001	0.0073	0.0057	0.0016	0.0000	0.0000	0.0000	0.0000	0.0000	0.0000	0.0000	0.0000	0.0000	0.0452	0.0293	0.0159	0.0173	0.0150	0.0023	0.0279	0.0143	0.0135	0.0000	0.0000	0.0000	0.0000	0.0000	0.0000	0.0000	0.0000	0.0000	0.1935	0.2383	0.1107	0.0820	0.0874	0.0470	0.2627	0.3959	0.1217	
49	73	0.1227	3	0	0	0	1	0	0	0	0	N	N	N	N	N	N	N	N	N	N	N	N	0.0000	0.0000	0.0000	0.0000	0.0000	0.0000	0.0000	0.0000	0.0000	0.0000	0.0000	0.0000	0.0000	0.0000	0.0000	0.0000	0.0000	0.0000	0.1219	0.0861	0.1977	0.1125	0.1174	0.0583	0.1320	0.0140	0.2193	1.0856	0.0000	-0.0000	4.7960	0.0000	23.0471	1.0321	0.0000	0.0000	0.0000	0.0000	0.0000	0.0000	0.0000	0.0000	0.0000	0.0508	0.0244	0.0264	0.0242	0.0232	0.0010	0.0266	0.0012	0.0254	0.0327	0.0271	0.0056	0.0186	0.0171	0.0014	0.0141	0.0100	0.0042	0.4167	0.2829	0.1337	0.2152	0.1972	0.0180	0.2015	0.0857	0.1158	0.0000	0.0000	0.0000	0.0000	0.0000	0.0000	0.0000	0.0000	0.0000	0.1219	0.0861	0.1977	0.1125	0.1174	0.0583	0.1320	0.0140	0.2193	
49	74	0.0999	2	0	0	0	1	0	0	0	0	N	N	N	N	N	N	N	N	N	N	N	N	0.2108	0.3433	0.3068	0.7601	0.6211	0.9369	0.1067	0.0151	0.2426	0.4226	0.1905	1.3583	0.7552	0.5423	3.0216	0.2765	0.0026	1.1056	2.0050	0.5549	4.4266	0.9935	0.8731	3.2249	2.5904	0.1726	4.5574	1.7685	4.7776	0.0170	0.6433	4.7960	0.5629	23.0471	8.5245	0.0312	0.0113	0.0200	0.0170	0.0112	0.0059	0.0142	0.0001	0.0141	2.1032	0.3640	1.7392	0.3820	0.3126	0.0694	1.7212	0.0514	1.6698	0.0739	0.0592	0.0147	0.0226	0.0206	0.0019	0.0514	0.0386	0.0128	1.0490	0.6561	0.3929	0.3845	0.3580	0.0265	0.6645	0.2981	0.3664	0.2108	0.3433	0.3068	0.7601	0.6211	1.1536	0.1067	0.0151	0.2426	2.0050	0.5549	4.4266	0.9935	0.8731	2.6192	2.5904	0.1726	4.5574
49	75	0.1169	3	0	1	0	1	0	0	0	0	N	N	N	N	N	N	N	N	N	N	N	N	0.0000	0.0000	0.0000	0.0000	0.0000	0.0000	0.0000	0.0000	0.0000	0.0000	0.0000	0.0000	0.0000	0.0000	0.0000	0.0000	0.0000	0.0000	0.0918	0.0142	0.2612	0.0326	0.0288	0.0611	0.1286	0.0000	0.2943	8.4167	0.0000	0.0108	4.7960	1.9994	23.0471	4.0943	0.0000	0.0000	0.0000	0.0000	0.0000	0.0000	0.0000	0.0000	0.0000	0.0289	0.0031	0.0258	0.0039	0.0031	0.0009	0.0250	0.0000	0.0250	0.0787	0.0686	0.0101	0.0000	0.0000	0.0000	0.0787	0.0685	0.0101	0.3149	0.2159	0.0989	0.1206	0.1066	0.0140	0.1943	0.1094	0.0849	0.0000	0.0000	0.0000	0.0000	0.0000	0.0000	0.0000	0.0000	0.0000	0.0918	0.0142	0.2612	0.0326	0.0288	0.0611	0.1286	0.0000	0.2943	
49	76	0.1106	2	0	0	0	1	0	0	0	0	N	N	N	N	N	N	N	N	N	N	N	N	0.0000	0.0000	0.0000	0.0000	0.0000	0.0000	0.0000	0.0000	0.0000	0.0000	0.0000	0.0000	0.0000	0.0000	0.0000	0.0000	0.0000	0.0000	2.3205	2.1869	2.6150	1.1413	1.1319	1.7607	3.1428	3.4259	2.8145	0.5425	0.0000	-0.0707	4.7960	0.0011	23.0471	2.7207	0.0000	0.0000	0.0000	0.0000	0.0000	0.0000	0.0000	0.0000	0.0000	0.4176	0.2707	0.1469	0.0844	0.0757	0.0087	0.3332	0.1950	0.1382	0.0000	0.0000	0.0000	0.0000	0.0000	0.0000	0.0000	0.0000	0.0000	0.1799	0.1238	0.0562	0.0739	0.0669	0.0071	0.1060	0.0569	0.0491	0.0000	0.0000	0.0000	0.0000	0.0000	0.0000	0.0000	0.0000	0.0000	2.3205	2.1869	2.6150	1.1413	1.1319	1.2293	3.1428	3.4259	2.8145	
49	78	0.0987	2	1	0	1	1	0	0	0	0	N	N	N	N	N	N	N	N	N	N	N	N	0.0371	0.0213	0.0002	0.0023	0.0022	0.0001	0.0000	0.0000	0.0001	0.0001	0.0000	0.0001	0.0001	0.0000	0.0000	0.0000	0.0000	0.0017	0.0032	0.0002	0.0445	0.0493	0.0000	0.0001	0.0000	0.0002	0.0001	0.0792	-0.0000	-0.0001	4.7960	1.6246	23.0471	0.0115	0.0000	0.0000	0.0000	0.0000	0.0000	0.0000	0.0000	0.0000	0.0000	0.0001	0.0001	0.0000	0.0001	0.0001	0.0000	0.0000	0.0000	0.0000	0.2700	0.2504	0.0196	0.1652	0.1568	0.0083	0.1048	0.0935	0.0113	0.0868	0.0428	0.0440	0.0031	0.0028	0.0003	0.0838	0.0400	0.0437	0.0371	0.0213	0.0002	0.0023	0.0022	0.0000	0.0001	0.0000	0.0000	0.0017	0.0032	0.0002	0.0445	0.0493	0.0000	0.0001	0.0000	0.0002	
49	83	0.1888	4	0	0	0	1	0	0	0	0	N	N	N	N	N	N	N	N	N	N	N	N	0.0031	0.0049	0.0033	0.1229	0.2567	0.1197	0.0000	0.0000	0.0001	0.0052	0.0045	0.0104	0.0506	0.0403	0.3619	0.0001	0.0000	0.0005	1.7007	0.9226	3.1128	0.4117	0.1569	3.0225	2.4587	1.6685	3.3103	0.3117	1.8592	0.0005	0.4483	4.7960	10.0679	23.0471	33.8159	0.0034	0.0026	0.0008	0.0034	0.0026	0.0008	0.0000	0.0000	0.0000	3.4708	1.2139	2.2569	0.3112	0.1019	0.2093	3.1596	1.1120	2.0475	0.6577	0.5795	0.0782	0.0670	0.0648	0.0021	0.5907	0.5147	0.0761	2.0408	1.3158	0.7250	0.7558	0.6493	0.1065	1.2850	0.6665	0.6185	0.0031	0.0049	0.0033	0.1229	0.2567	0.1841	0.0000	0.0000	0.0001	1.7007	0.9226	3.1128	0.4117	0.1569	1.9656	2.4587	1.6685	3.3103
49	84	0.1612	3	0	0	0	1	0	0	0	0	N	N	N	N	N	N	N	N	N	N	N	N	0.0576	0.0772	0.0650	0.2983	0.2584	0.6599	0.0186	0.0411	0.0221	0.1225	0.1046	0.2430	0.5539	0.4425	2.3579	0.0433	0.0364	0.0847	2.1271	1.3558	3.7372	1.8569	1.7124	3.5730	2.3287	0.8867	3.8289	0.3458	1.3206	0.0016	0.1593	4.7960	0.9441	23.0471	14.0836	0.0096	0.0071	0.0025	0.0067	0.0051	0.0017	0.0029	0.0021	0.0008	3.3183	1.4299	1.8884	1.2378	1.0260	0.2118	2.0805	0.4039	1.6766	0.0784	0.0683	0.0102	0.0122	0.0115	0.0007	0.0663	0.0568	0.0095	1.5600	1.0547	0.5053	0.6666	0.5992	0.0674	0.8934	0.4555	0.4379	0.0576	0.0772	0.0650	0.2983	0.2584	0.7505	0.0186	0.0411	0.0221	2.1271	1.3558	3.7372	1.8569	1.7124	3.1420	2.3287	0.8867	3.8289
49	85	0.4435	6	0	0	0	1	0	0	0	0	N	N	N	N	N	N	N	N	N	N	N	N	0.8862	1.5207	0.0009	1.2819	2.0984	0.0012	0.7440	1.4187	0.0001	1.3142	1.5025	0.0022	1.9355	2.2448	0.0073	1.0855	1.2347	0.0001	1.4830	0.9880	2.5643	1.5099	1.0698	6.2143	1.4591	0.8703	2.1237	0.0002	1.1879	-0.1586	0.0638	4.7960	15.0008	23.0471	28.2980	1.6627	1.6623	0.0004	0.6588	0.6585	0.0003	1.0039	1.0039	0.0000	2.9168	1.3331	1.5836	1.3948	0.8519	0.5430	1.5219	0.4813	1.0406	1.2652	1.1064	0.1588	0.3404	0.2933	0.0471	0.9248	0.8131	0.1117	1.9669	1.3493	0.6176	0.9238	0.7963	0.1275	1.0430	0.5530	0.4900	0.8862	1.5207	0.0009	1.2819	2.0984	0.0017	0.7440	1.4187	0.0001	1.4830	0.9880	2.5643	1.5099	1.0698	4.2575	1.4591	0.8703	2.1237
49	86	0.4435	6	0	0	0	1	0	0	0	0	N	N	N	N	N	N	N	N	N	N	N	N	0.2132	0.5195	0.0006	0.5680	0.9258	0.0008	0.0041	31.6513	0.0001	0.5154	0.5986	0.0032	1.4196	1.6942	0.0072	0.0095	0.0108	0.0003	2.4180	1.1524	5.3949	2.4991	1.8299	9.5103	2.3344	0.0003	4.9405	0.0009	1.9903	-0.0421	0.6648	4.7960	10.8154	23.0471	27.4443	0.4440	0.4437	0.0004	0.4388	0.4384	0.0004	0.0052	0.0052	0.0000	4.6006	1.5385	3.0621	2.4128	1.5383	0.8744	2.1878	0.0002	2.1876	0.8615	0.7411	0.1204	0.3091	0.2588	0.0503	0.5524	0.4823	0.0700	1.9026	1.3351	0.5676	0.9654	0.8406	0.1248	0.9372	0.4944	0.4428	0.2132	0.5195	0.0006	0.5680	0.9258	0.0010	0.0041	31.6513	0.0001	2.4180	1.1524	5.3949	2.4991	1.8299	7.0071	2.3344	0.0003	4.9405
49	87	0.3957	5	0	0	0	1	0	0	0	0	N	N	N	N	N	N	N	N	N	N	N	N	0.4169	0.4045	0.6142	0.7907	0.7066	0.7561	0.0112	0.0125	0.0244	0.6724	0.5444	1.4033	1.3012	1.0764	2.4320	0.0177	0.0121	0.0543	1.6131	1.3457	2.2848	1.6456	1.5234	3.2164	1.5718	0.9670	2.2242	0.4516	0.6758	0.0786	-0.5475	4.7960	2.7608	23.0471	22.4044	0.3646	0.2512	0.1134	0.3599	0.2484	0.1115	0.0047	0.0028	0.0019	4.6466	2.7728	1.8738	2.6538	2.1365	0.5173	1.9928	0.6363	1.3565	0.5422	0.4614	0.0808	0.2766	0.2307	0.0459	0.2656	0.2306	0.0350	2.8806	2.0605	0.8201	1.6127	1.4025	0.2102	1.2679	0.6580	0.6099	0.4169	0.4045	0.6142	0.7907	0.7066	0.9883	0.0112	0.0125	0.0244	1.6131	1.3457	2.2848	1.6456	1.5234	2.4607	1.5718	0.9670	2.2242
49	88	0.2658	4	0	0	0	1	0	0	0	0	N	N	N	N	N	N	N	N	N	N	N	N	0.3198	0.2720	0.7172	1.0295	1.0903	0.4977	0.1450	0.0177	0.7483	0.8026	0.6156	2.1610	3.2575	3.2787	2.9693	0.2945	0.0242	2.0739	2.5098	2.2627	3.0130	3.1641	3.0072	5.9666	2.0317	1.3701	2.7715	0.4834	0.6537	0.1204	-0.8281	4.7960	8.8820	23.0471	49.9570	0.5229	0.3525	0.1704	0.3639	0.3412	0.0228	0.1590	0.0114	0.1476	6.5827	3.9806	2.6021	3.5038	2.8846	0.6192	3.0789	1.0961	1.9828	0.6515	0.5727	0.0789	0.1117	0.1041	0.0077	0.5398	0.4686	0.0712	2.6228	1.7592	0.8636	1.1074	0.9592	0.1482	1.5154	0.8000	0.7154	0.3198	0.2720	0.7172	1.0295	1.0903	0.7105	0.1450	0.0177	0.7483	2.5098	2.2627	3.0130	3.1641	3.0072	4.1791	2.0317	1.3701	2.7715
49	90	0.1505	6	0	1	0	2	0	0	0	0	N	N	N	Y	N	N	N	N	N	N	N	N	0.0000	0.0000	0.0000	0.0000	0.0000	0.0000	0.0000	0.0000	0.0000	0.0000	0.0000	0.0000	0.0000	0.0000	0.0000	0.0000	0.0000	0.0000	0.0000	0.0000	4.7960	0.0000	23.0471	0.0000	0.0000	0.0000	0.0000	0.0000	0.0000	0.0000	0.0000	0.0000	0.0000	0.0000	0.0000	0.0000	0.0000	0.0000	0.0000	0.0000	0.0000	0.0000	0.0000	0.0000	0.0000	0.0000	0.0000	0.0000	0.0000	0.0000	0.0000	0.0000	0.0000	0.0000	0.0000	0.0000	0.0000	0.0000	0.0000	0.0000	0.0000	0.0000	0.0000	0.0000	0.0000	0.0000	0.0000	0.0000	0.0000	0.0000	0.0000	0.0000	0.0000	0.0000	0.0000	0.0000	0.0000	0.0000											
49	91	0.1398	5	0	1	0	2	0	0	0	0	N	N	N	Y	N	N	N	N	N	N	N	N	0.0000	0.0000	0.0000	0.0000	0.0000	0.0000	0.0000	0.0000	0.0000	0.0000	0.0000	0.0000	0.0000	0.0000	0.0000	0.0000	0.0000	0.0000	0.0000	0.0000	4.7960	1.0000	23.0471	3.0000	0.0000	0.0000	0.0000	0.0000	0.0000	0.0000	0.0000	0.0000	0.0000	0.0000	0.0000	0.0000	0.0000	0.0000	0.0000	0.0000	0.0000	0.0000	0.0650	0.0581	0.0069	0.0231	0.0213	0.0017	0.0419	0.0367	0.0052	0.1865	0.0936	0.0929	0.0190	0.0158	0.0032	0.1675	0.0778	0.0897	0.0000	0.0000	0.0000	0.0000	0.0000	0.0000	0.0000	0.0000	0.0000	0.0000	0.0000	0.0000	0.0000	0.0000	0.0000	0.0000	0.0000	0.0000											
49	92	0.1333	3	0	1	0	1	0	0	0	0	N	N	N	N	N	N	N	N	N	N	N	N	0.0000	0.0000	0.0000	0.0000	0.0000	0.0000	0.0000	0.0000	0.0000	0.0000	0.0000	0.0000	0.0000	0.0000	0.0000	0.0000	0.0000	0.0000	0.0000	0.0000	4.7960	0.0000	23.0471	0.0000	0.0000	0.0000	0.0000	0.0000	0.0000	0.0000	0.0000	0.0000	0.0000	0.0000	0.0000	0.0000	0.0000	0.0000	0.0000	0.0000	0.0000	0.0000	0.0000	0.0000	0.0000	0.0000	0.0000	0.0000	0.0000	0.0000	0.0000	0.0000	0.0000	0.0000	0.0000	0.0000	0.0000	0.0000	0.0000	0.0000	0.0000	0.0000	0.0000	0.0000	0.0000	0.0000	0.0000	0.0000	0.0000	0.0000	0.0000	0.0000	0.0000	0.0000	0.0000	0.0000	0.0000	0.0000											
49	93	0.1398	5	0	0	1	2	0	0	0	0	N	N	N	Y	N	N	N	N	N	N	N	N	0.0000	0.0000	0.0000	0.0000	0.0000	0.0000	0.0000	0.0000	0.0000	0.0000	0.0000	0.0000	0.0000	0.0000	0.0000	0.0000	0.0000	0.0000	0.0000	0.0000	4.7960	0.0000	23.0471	0.0000	0.0000	0.0000	0.0000	0.0000	0.0000	0.0000	0.0000	0.0000	0.0000	0.0000	0.0000	0.0000	0.0000	0.0000	0.0000	0.0000	0.0000	0.0000	0.0000	0.0000	0.0000	0.0000	0.0000	0.0000	0.0000	0.0000	0.0000	0.0000	0.0000	0.0000	0.0000	0.0000	0.0000	0.0000	0.0000	0.0000	0.0000	0.0000	0.0000	0.0000	0.0000	0.0000	0.0000	0.0000	0.0000	0.0000	0.0000	0.0000	0.0000	0.0000	0.0000	0.0000	0.0000	0.0000											
49	94	0.1371	4	0	0	0	2	0	0	0	0	N	N	N	Y	N	N	N	N	N	N	N	N	0.0000	0.0000	0.0000	0.0000	0.0000	0.0000	0.0000	0.0000	0.0000	0.0000	0.0000	0.0000	0.0000	0.0000	0.0000	0.0000	0.0000	0.0000	0.0000	0.0000	4.7960	1.0000	23.0471	0.0097	0.0000	0.0000	0.0000	0.0000	0.0000	0.0000	0.0000	0.0000	0.0000	0.0000	0.0000	0.0000	0.0000	0.0000	0.0000	0.0000	0.0000	0.0000	0.0650	0.0581	0.0069	0.0231	0.0213	0.0017	0.0420	0.0367	0.0052	0.0506	0.0254	0.0253	0.0059	0.0051	0.0008	0.0447	0.0202	0.0245	0.0000	0.0000	0.0000	0.0000	0.0000	0.0000	0.0000	0.0000	0.0000	0.0000	0.0000	0.0000	0.0000	0.0000	0.0000	0.0000	0.0000	0.0000											
49	95	0.1371	4	0	0	1	2	0	0	0	0	N	N	N	Y	N	N	N	N	N	N	N	N	0.0000	0.0000	0.0000	0.0000	0.0000	0.0000	0.0000	0.0000	0.0000	0.0000	0.0000	0.0000	0.0000	0.0000	0.0000	0.0000	0.0000	0.0000	0.0000	0.0000	4.7960	2.0000	23.0471	3.0050	0.0000	0.0000	0.0000	0.0000	0.0000	0.0000	0.0000	0.0000	0.0000	0.0000	0.0000	0.0000	0.0000	0.0000	0.0000	0.0000	0.0000	0.0000	0.1282	0.1145	0.0137	0.0453	0.0419	0.0034	0.0829	0.0727	0.0103	0.2325	0.1169	0.1157	0.0243	0.0204	0.0039	0.2082	0.0965	0.1118	0.0000	0.0000	0.0000	0.0000	0.0000	0.0000	0.0000	0.0000	0.0000	0.0000	0.0000	0.0000	0.0000	0.0000	0.0000	0.0000	0.0000	0.0000											
49	96	0.1371	4	0	0	1	2	0	0	0	0	N	N	N	Y	N	N	N	N	N	N	N	N	0.0000	0.0000	0.0000	0.0000	0.0000	0.0000	0.0000	0.0000	0.0000	0.0000	0.0000	0.0000	0.0000	3.1556	6.2621	0.0000	0.0000	0.0000	0.0000	3.5191	7.5594	0.0000	0.0000	0.0000	-0.5210	4.7960	0.0000	23.0471	6.9903	0.0000	0.0000	0.0000	0.0000	0.0000	0.0000	0.0000	0.0000	0.0000	0.9999	0.9999	0.0000	0.0000	0.0000	0.0000	0.9999	0.9999	0.0000	0.0000	0.0000	0.0000	0.0000	0.0000	0.0000	0.0000	0.0000	0.0000	0.3169	0.1597	0.1572	0.0327	0.0274	0.0053	0.2841	0.1323	0.1519	0.0000	0.0000	0.0000	0.0000	0.0000	0.0000	0.0000	0.0000	0.0000	3.1556	6.2621	0.0000	0.0000	0.0000	0.0000	3.5191	7.5594	0.0000						
49	97	0.1316	3	0	0	0	2	0	0	0	0	N	N	N	Y	N	N	N	N	N	N	N	N	0.0000	0.0000	0.0000	0.0000	0.0000	0.0000	0.0000	0.0000	0.0000	0.0000	0.0000	0.0000	0.0000	0.0000	0.0000	0.0000	0.0000	0.0000	0.0054	0.0095	0.0007	0.0417	0.0457	0.0120	0.0002	0.0000	0.0004	0.0700	0.0000	-0.0003	4.7960	0.9999	23.0471	1.0605	0.0000	0.0000	0.0000	0.0000	0.0000	0.0000	0.0000	0.0000	0.0000	0.0006	0.0006	0.0000	0.0006	0.0006	0.0000	0.0000	0.0000	0.0000	0.1063	0.0966	0.0096	0.0416	0.0391	0.0026	0.0646	0.0575	0.0071	0.1136	0.0600	0.0535	0.0142	0.0125	0.0017	0.0994	0.0475	0.0519	0.0000	0.0000	0.0000	0.0000	0.0000	0.0000	0.0000	0.0000	0.0000	0.0054	0.0095	0.0007	0.0417	0.0457	0.0120	0.0002	0.0000	0.0004	
49	98	0.1295	2	0	0	0	2	0	0	0	0	N	N	N	Y	N	N	N	N	N	N	N	N	15.5516	66.6119	5.0856	8.3369	13.2887	0.0008	20.9775	72041.9515	7.6286	0.2606	0.2740	0.1644	0.1999	0.2144	0.0001	0.3241	0.3448	0.2292	0.0168	0.0041	0.0323	0.0240	0.0161	0.1087	0.0155	0.0000	0.0300	0.0834	6.3833	-0.0000	0.0004	4.7960	0.0012	23.0471	1.0414	0.0001	0.0001	0.0000	0.0000	0.0000	0.0000	0.0001	0.0000	0.0000	0.0011	0.0001	0.0009	0.0002	0.0001	0.0001	0.0008	0.0000	0.0008	0.0004	0.0003	0.0000	0.0002	0.0002	0.0000	0.0002	0.0001	0.0000	0.0635	0.0351	0.0285	0.0098	0.0089	0.0008	0.0538	0.0261	0.0277	15.5516	66.6119	5.0856	8.3369	13.2887	0.0008	20.9775	72041.9515	7.6286	0.0168	0.0041	0.0323	0.0240	0.0161	0.1087	0.0155	0.0000	0.0300
49	101	0.1364	4	1	1	0	1	0	0	0	0	N	N	N	N	N	N	N	N	N	N	N	N	0.0000	0.0000	0.0000	0.0000	0.0000	0.0000	0.0000	0.0000	0.0000	0.0000	0.0000	0.0000	0.0000	0.0000	0.0000	0.0000	0.0000	0.0000	0.0000	0.0000	4.7960	0.0000	23.0471	3.0000	0.0000	0.0000	0.0000	0.0000	0.0000	0.0000	0.0000	0.0000	0.0000	0.0000	0.0000	0.0000	0.0000	0.0000	0.0000	0.0000	0.0000	0.0000	0.0000	0.0000	0.0000	0.0000	0.0000	0.0000	0.0000	0.0000	0.0000	0.1488	0.0751	0.0737	0.0141	0.0117	0.0024	0.1348	0.0634	0.0713	0.0000	0.0000	0.0000	0.0000	0.0000	0.0000	0.0000	0.0000	0.0000	0.0000	0.0000	0.0000	0.0000	0.0000	0.0000	0.0000	0.0000	0.0000											
49	102	0.1333	3	1	1	0	1	0	0	0	0	N	N	N	N	N	N	N	N	N	N	N	N	0.0000	0.0000	0.0000	0.0000	0.0000	0.0000	0.0000	0.0000	0.0000	0.0000	0.0000	0.0000	0.0000	0.0000	0.0000	0.0000	0.0000	0.0000	0.0000	0.0000	4.7960	0.0000	23.0471	1.0000	0.0000	0.0000	0.0000	0.0000	0.0000	0.0000	0.0000	0.0000	0.0000	0.0000	0.0000	0.0000	0.0000	0.0000	0.0000	0.0000	0.0000	0.0000	0.0000	0.0000	0.0000	0.0000	0.0000	0.0000	0.0000	0.0000	0.0000	0.0517	0.0260	0.0257	0.0049	0.0040	0.0008	0.0468	0.0220	0.0248	0.0000	0.0000	0.0000	0.0000	0.0000	0.0000	0.0000	0.0000	0.0000	0.0000	0.0000	0.0000	0.0000	0.0000	0.0000	0.0000	0.0000	0.0000											
49	103	0.1295	2	0	1	0	1	0	0	0	0	N	N	N	N	N	N	N	N	N	N	N	N	17.9014	49.3625	0.0026	11.8773	21.7345	0.0000	0.0000	0.0000	0.0000	0.1267	0.1456	0.0000	0.2349	0.2522	0.0000	0.0000	0.0000	0.0000	0.0071	0.0029	0.0122	0.0198	0.0116	0.1076	0.0048	0.0000	0.0093	0.0000	3.3528	-0.0000	0.0001	4.7960	0.0006	23.0471	1.0534	0.0000	0.0000	0.0000	0.0000	0.0000	0.0000	0.0000	0.0000	0.0000	0.0005	0.0001	0.0003	0.0002	0.0001	0.0001	0.0003	0.0000	0.0003	0.0003	0.0002	0.0000	0.0002	0.0001	0.0000	0.0001	0.0001	0.0000	0.0641	0.0354	0.0288	0.0098	0.0090	0.0008	0.0543	0.0264	0.0279	17.9014	49.3625	0.0026	11.8773	21.7345	0.0000	0.0000	0.0000	0.0000	0.0071	0.0029	0.0122	0.0198	0.0116	0.1076	0.0048	0.0000	0.0093
49	109	0.3482	5	0	0	0	1	0	0	0	0	N	N	N	N	N	N	N	N	N	N	N	N	0.0198	0.0000	0.0836	0.0814	0.0002	0.6448	0.0113	0.0000	0.0537	0.0381	0.0000	0.3189	0.0777	0.0001	1.6231	0.0314	0.0000	0.2393	1.9203	1.0392	3.8149	0.9551	0.8550	2.5173	2.7810	1.3029	4.4541	1972.0738	1.7073	0.0187	0.4534	4.7960	7.7801	23.0471	32.2209	0.0207	0.0000	0.0206	0.0060	0.0000	0.0060	0.0146	0.0000	0.0146	4.1393	1.5289	2.6103	0.9705	0.7407	0.2298	3.1688	0.7883	2.3805	0.5424	0.4777	0.0647	0.0778	0.0741	0.0037	0.4646	0.4036	0.0610	2.1556	1.4713	0.6842	1.0161	0.8663	0.1498	1.1394	0.6050	0.5344	0.0198	0.0000	0.0836	0.0814	0.0002	1.0579	0.0113	0.0000	0.0537	1.9203	1.0392	3.8149	0.9551	0.8550	1.5343	2.7810	1.3029	4.4541
50	52	0.0616	3	1	1	2	0	0	0	0	0	N	N	Y	N	N	N	N	N	N	N	N	N	0.3949	0.3376	0.0075	0.5770	0.5811	0.0267	0.1680	1.2670	0.0062	0.0423	0.0503	0.0002	0.1285	0.1431	0.0002	0.0022	0.0027	0.0001	0.1072	0.1492	0.0216	0.2227	0.2463	0.0080	0.0133	0.0021	0.0237	0.0006	0.0710	-0.0002	-0.0032	1.4428	0.9976	0.4686	4.7732	0.0021	0.0021	0.0000	0.0020	0.0020	0.0000	0.0001	0.0001	0.0000	0.0069	0.0065	0.0005	0.0065	0.0064	0.0000	0.0005	0.0000	0.0004	0.0493	0.0414	0.0079	0.0156	0.0141	0.0016	0.0336	0.0274	0.0063	0.0648	0.0435	0.0213	0.0290	0.0262	0.0029	0.0357	0.0173	0.0184	0.3949	0.3376	0.0075	0.5770	0.5811	0.0267	0.1680	1.2670	0.0062	0.1072	0.1492	0.0216	0.2227	0.2463	0.0080	0.0133	0.0021	0.0237
50	53	0.0389	2	1	1	1	0	0	0	0	0	N	N	N	N	N	N	N	N	N	N	N	N	19.1436	14.2471	0.4031	12.2227	11.3840	1.2505	5.6912	7.3534	0.3712	2.2057	2.4584	0.0150	3.5354	3.9288	0.0149	0.2070	0.2301	0.0151	0.1152	0.1726	0.0371	0.2892	0.3451	0.0119	0.0364	0.0313	0.0407	0.0007	0.1581	-0.0410	-0.0029	1.4428	3.2133	0.4686	6.0120	0.4321	0.4317	0.0003	0.4159	0.4157	0.0002	0.0162	0.0161	0.0001	0.0075	0.0065	0.0010	0.0059	0.0058	0.0000	0.0016	0.0006	0.0010	0.1959	0.1756	0.0203	0.1176	0.1058	0.0118	0.0782	0.0698	0.0084	0.0653	0.0376	0.0276	0.0204	0.0169	0.0034	0.0449	0.0207	0.0242	19.1436	14.2471	0.4031	12.2227	11.3840	1.2505	5.6912	7.3534	0.3712	0.1152	0.1726	0.0371	0.2892	0.3451	0.0119	0.0364	0.0313	0.0407
50	54	0.0389	2	1	2	1	0	0	0	0	0	N	Y	N	N	N	N	N	N	N	N	N	N	111.1881	0.0118	inf	0.0035	0.0032	inf	inf	inf	8.0081	0.0015	88.8425	0.0008	0.0009	0.0000	19.1954	0.0023	199.6984	0.0720	0.1248	0.0000	0.2295	0.2770	0.0000	0.0000	0.0000	0.0000	5961.6952	0.0000	0.9017	-0.0031	1.4428	1.7961	0.4686	11.9291	0.9972	0.0002	0.9970	0.0001	0.0001	0.0000	0.9972	0.0001	0.9970	0.0060	0.0060	0.0000	0.0060	0.0060	0.0000	0.0000	0.0000	0.0000	0.1245	0.1133	0.0112	0.0726	0.0663	0.0062	0.0519	0.0470	0.0050	0.0835	0.0482	0.0353	0.0262	0.0217	0.0045	0.0573	0.0265	0.0308	111.1881	0.0118	inf	0.0035	0.0032	0.0000	inf	inf	inf	0.0720	0.1248	0.0000	0.2295	0.2770	0.0000	0.0000	0.0000	0.0000	
50	55	0.0602	3	0	2	1	0	0	0	0	0	N	Y	N	N	N	N	N	N	N	N	N	N	0.0034	2.0487	0.0000	0.0043	1.8304	0.0000	0.0006	3.0846	0.0000	0.0004	0.0004	0.0000	0.0005	0.0006	0.0000	0.0001	0.0001	0.0000	0.1115	0.0002	0.3377	0.1285	0.0003	0.9538	0.0960	0.0000	0.1966	0.0000	838.1382	-0.0000	0.0031	1.4428	0.0041	0.4686	6.2745	0.0000	0.0000	0.0000	0.0000	0.0000	0.0000	0.0000	0.0000	0.0000	0.0065	0.0000	0.0065	0.0036	0.0000	0.0036	0.0029	0.0000	0.0029	0.0008	0.0007	0.0000	0.0005	0.0005	0.0000	0.0003	0.0002	0.0000	0.0587	0.0393	0.0194	0.0280	0.0236	0.0044	0.0307	0.0157	0.0150	0.0034	2.0487	0.0000	0.0043	1.8304	0.0000	0.0006	3.0846	0.0000	0.1115	0.0002	0.3377	0.1285	0.0003	0.8229	0.0960	0.0000	0.1966
50	56	0.1090	3	0	1	2	0	0	0	0	0	N	N	Y	N	N	N	N	N	N	N	N	N	741.7169	inf	0.0000	1577.7918	inf	0.0000	56.1049	inf	0.0000	0.6525	0.7330	0.0000	0.9150	1.0202	0.0000	0.1022	0.1166	0.0000	0.0009	0.0000	0.0034	0.0006	0.0000	0.0031	0.0018	0.0000	0.0037	0.0000	inf	-0.0426	0.0000	1.4428	18.9997	0.4686	4.0000	0.4455	0.4455	0.0000	0.4230	0.4230	0.0000	0.0225	0.0225	0.0000	0.0001	0.0000	0.0001	0.0000	0.0000	0.0000	0.0000	0.0000	0.0000	0.6828	0.6078	0.0750	0.4623	0.4146	0.0477	0.2205	0.1932	0.0273	0.1137	0.0842	0.0295	0.0862	0.0702	0.0160	0.0275	0.0140	0.0135	741.7169	inf	0.0000	1577.7918	inf	0.0000	56.1049	inf	0.0000	0.0009	0.0000	0.0034	0.0006	0.0000	0.0031	0.0018	0.0000	0.0037
50	57	0.0389	2	0	1	1	0	0	0	0	0	N	N	N	N	N	N	N	N	N	N	N	N	0.2619	0.1687	0.0000	0.1545	0.1393	0.4134	0.2154	0.0000	0.0013	0.0014	0.0000	0.0008	0.0008	0.0000	0.0020	0.0022	0.0000	0.0048	0.0083	0.0000	0.0049	0.0060	0.0000	0.0048	0.0102	0.0000	0.0000	0.0017	-0.0000	-0.0004	1.4428	1.7961	0.4686	22.3138	0.0002	0.0002	0.0000	0.0001	0.0001	0.0000	0.0001	0.0001	0.0000	0.0007	0.0007	0.0000	0.0002	0.0002	0.0000	0.0005	0.0005	0.0000	0.1320	0.1198	0.0122	0.0773	0.0705	0.0068	0.0547	0.0493	0.0054	0.1422	0.0831	0.0592	0.0463	0.0381	0.0082	0.0959	0.0450	0.0510	0.2619	0.1687	0.0000	0.1545	0.1393	0.0000	0.4134	0.2154	0.0000	0.0048	0.0083	0.0000	0.0049	0.0060	0.0000	0.0048	0.0102	0.0000	
50	58	0.0598	4	1	2	1	0	0	0	0	0	N	Y	N	N	N	N	N	N	N	N	N	N	8.2016	9.8698	0.1883	9.8099	11.6147	0.0665	1.2929	355.2180	0.2423	0.0410	0.0481	0.0010	0.1399	0.1562	0.0013	0.0023	0.0026	0.0009	0.0050	0.0049	0.0052	0.0143	0.0134	0.0192	0.0018	0.0000	0.0037	0.0036	0.6679	-0.0002	-0.0001	1.4428	0.9359	0.4686	8.5945	0.0024	0.0024	0.0000	0.0023	0.0023	0.0000	0.0001	0.0001	0.0000	0.0005	0.0003	0.0002	0.0004	0.0003	0.0001	0.0001	0.0000	0.0001	0.0595	0.0505	0.0090	0.0167	0.0150	0.0018	0.0428	0.0355	0.0073	0.1015	0.0623	0.0391	0.0263	0.0226	0.0037	0.0752	0.0397	0.0355	8.2016	9.8698	0.1883	9.8099	11.6147	0.0665	1.2929	355.2180	0.2423	0.0050	0.0049	0.0052	0.0143	0.0134	0.0192	0.0018	0.0000	0.0037
50	59	0.0570	3	0	2	1	0	0	0	0	0	N	Y	N	N	N	N	N	N	N	N	N	N	4.8029	4.6704	1.4352	2.3949	2.8487	0.0778	16.7436	172.7274	3.0407	0.2621	0.3086	0.0446	0.3033	0.3751	0.0054	0.2285	0.2564	0.0833	0.0546	0.0661	0.0311	0.1266	0.1317	0.0692	0.0136	0.0015	0.0274	0.0309	0.2304	-0.0003	-0.0006	1.4428	0.1706	0.4686	1.8413	0.0050	0.0049	0.0002	0.0026	0.0026	0.0000	0.0024	0.0023	0.0001	0.0019	0.0015	0.0003	0.0016	0.0015	0.0001	0.0003	0.0000	0.0003	0.0192	0.0159	0.0034	0.0086	0.0070	0.0017	0.0106	0.0089	0.0017	0.0342	0.0230	0.0112	0.0124	0.0114	0.0010	0.0218	0.0116	0.0102	4.8029	4.6704	1.4352	2.3949	2.8487	0.0778	16.7436	172.7274	3.0407	0.0546	0.0661	0.0311	0.1266	0.1317	0.0692	0.0136	0.0015	0.0274
50	60	0.0389	2	0	2	1	0	0	0	0	0	N	Y	N	N	N	N	N	N	N	N	N	N	41.8774	50.8402	8.7134	42.1510	39.5288	41.5906	7.1881	29.8635	10.3101	1.3918	1.5243	0.3282	2.1649	2.3963	0.2557	0.1796	0.1464	0.4351	0.0332	0.0300	0.0377	0.0514	0.0606	0.0061	0.0250	0.0049	0.0422	0.0268	0.9217	-0.0307	-0.0001	1.4428	6.1830	0.4686	4.8458	0.4427	0.4311	0.0116	0.4204	0.4151	0.0054	0.0222	0.0160	0.0062	0.0025	0.0013	0.0012	0.0012	0.0012	0.0000	0.0013	0.0001	0.0012	0.3181	0.2828	0.0352	0.1942	0.1732	0.0210	0.1239	0.1096	0.0143	0.0760	0.0439	0.0322	0.0238	0.0197	0.0040	0.0523	0.0241	0.0281	41.8774	50.8402	8.7134	42.1510	39.5288	41.5906	7.1881	29.8635	10.3101	0.0332	0.0300	0.0377	0.0514	0.0606	0.0061	0.0250	0.0049	0.0422
50	61	0.4320	9	0	1	1	0	0	0	0	0	N	N	N	N	N	N	N	N	N	N	N	N	0.0855	1.4482	0.0000	0.1146	1.4427	0.0000	0.0002	0.0128	0.0000	0.0001	0.0001	0.0000	0.0001	0.0001	0.0000	0.0000	0.0000	0.0000	0.0009	0.0001	0.0031	0.0010	0.0001	0.0062	0.0009	0.0000	0.0019	0.0000	19.9265	-0.0000	0.0000	1.4428	1.0140	0.4686	12.0537	0.0000	0.0000	0.0000	0.0000	0.0000	0.0000	0.0000	0.0000	0.0000	0.0001	0.0000	0.0001	0.0000	0.0000	0.0000	0.0000	0.0000	0.0000	0.0438	0.0386	0.0053	0.0314	0.0278	0.0036	0.0124	0.0108	0.0017	0.0735	0.0524	0.0212	0.0407	0.0347	0.0060	0.0328	0.0176	0.0152	0.0855	1.4482	0.0000	0.1146	1.4427	0.0000	0.0002	0.0128	0.0000	0.0009	0.0001	0.0031	0.0010	0.0001	0.0062	0.0009	0.0000	0.0019
50	62	0.3561	6	0	1	1	0	0	0	0	0	N	N	N	N	N	N	N	N	N	N	N	N	0.3769	0.3223	0.0000	0.3283	0.2917	0.0000	0.5197	0.4631	0.0000	0.0047	0.0052	0.0000	0.0050	0.0056	0.0000	0.0039	0.0045	0.0000	0.0125	0.0163	0.0026	0.0153	0.0191	0.0003	0.0075	0.0096	0.0045	0.0000	0.0616	-0.0003	-0.0029	1.4428	22.0948	0.4686	64.3951	0.0036	0.0036	0.0000	0.0027	0.0027	0.0000	0.0009	0.0009	0.0000	0.0062	0.0059	0.0004	0.0049	0.0048	0.0000	0.0014	0.0010	0.0003	0.7728	0.6918	0.0810	0.5445	0.4920	0.0526	0.2283	0.1999	0.0284	0.5010	0.3613	0.1397	0.3178	0.2541	0.0637	0.1832	0.1072	0.0760	0.3769	0.3223	0.0000	0.3283	0.2917	0.0000	0.5197	0.4631	0.0000	0.0125	0.0163	0.0026	0.0153	0.0191	0.0003	0.0075	0.0096	0.0045
50	63	0.1493	5	0	1	1	0	0	0	0	0	N	N	N	N	N	N	N	N	N	N	N	N	0.0509	0.0509	0.0000	0.0508	0.0498	0.0000	0.0420	0.0770	0.0000	0.0009	0.0011	0.0000	0.0011	0.0013	0.0000	0.0005	0.0006	0.0000	0.0185	0.0210	0.0124	0.0219	0.0253	0.0029	0.0127	0.0080	0.0168	0.0000	0.2455	-0.0000	-0.0010	1.4428	3.0638	0.4686	18.8214	0.0001	0.0001	0.0000	0.0001	0.0001	0.0000	0.0000	0.0000	0.0000	0.0032	0.0026	0.0006	0.0024	0.0023	0.0000	0.0008	0.0002	0.0006	0.1283	0.1129	0.0153	0.0900	0.0798	0.0102	0.0382	0.0331	0.0051	0.1727	0.1220	0.0507	0.1079	0.0919	0.0160	0.0648	0.0301	0.0347	0.0509	0.0509	0.0000	0.0508	0.0498	0.0000	0.0420	0.0770	0.0000	0.0185	0.0210	0.0124	0.0219	0.0253	0.0029	0.0127	0.0080	0.0168
50	64	0.0602	3	1	2	2	0	0	0	0	0	N	Y	Y	N	N	N	N	N	N	N	N	N	0.0000	0.0000	0.0000	0.0000	0.0000	0.0000	0.0001	0.0810	0.0000	0.0000	0.0000	0.0000	0.0000	0.0000	0.0000	0.0000	0.0000	0.0000	0.3464	0.4354	0.1690	0.7581	0.7707	0.6908	0.0141	0.0000	0.0296	0.0000	0.1949	-0.0000	-0.0090	1.4428	1.0029	0.4686	8.4685	0.0000	0.0000	0.0000	0.0000	0.0000	0.0000	0.0000	0.0000	0.0000	0.0250	0.0209	0.0041	0.0245	0.0209	0.0035	0.0006	0.0000	0.0006	0.0435	0.0383	0.0052	0.0303	0.0268	0.0035	0.0133	0.0115	0.0017	0.0723	0.0481	0.0241	0.0323	0.0272	0.0051	0.0400	0.0209	0.0191	0.0000	0.0000	0.0000	0.0000	0.0000	0.0000	0.0001	0.0810	0.0000	0.3464	0.4354	0.1690	0.7581	0.7707	0.6908	0.0141	0.0000	0.0296
50	65	0.0389	2	0	2	1	0	0	0	0	0	N	Y	N	N	N	N	N	N	N	N	N	N	0.0003	0.0676	0.0000	0.0001	0.0197	0.0000	0.0028	1.4749	0.0000	0.0020	0.0022	0.0000	0.0013	0.0014	0.0000	0.0030	0.0032	0.0000	6.9663	0.0322	16.4126	20.0543	0.0688	120.2038	1.0430	0.0022	1.9310	0.0006	374.4985	-0.0000	0.2002	1.4428	0.7961	0.4686	8.5878	0.0002	0.0002	0.0000	0.0001	0.0001	0.0000	0.0001	0.0001	0.0000	0.4204	0.0011	0.4193	0.3771	0.0011	0.3760	0.0433	0.0000	0.0433	0.0827	0.0769	0.0058	0.0461	0.0432	0.0029	0.0366	0.0337	0.0030	0.0604	0.0348	0.0255	0.0188	0.0157	0.0031	0.0415	0.0191	0.0224	0.0003	0.0676	0.0000	0.0001	0.0197	0.0000	0.0028	1.4749	0.0000	6.9663	0.0322	16.4126	20.0543	0.0688	120.2038	1.0430	0.0022	1.9310
50	66	0.4320	9	0	2	1	0	0	0	0	0	N	Y	N	N	N	N	N	N	N	N	N	N	0.0011	0.0011	0.0000	0.0010	0.0010	0.0000	0.0000	0.0086	0.0000	0.0001	0.0001	0.0000	0.0001	0.0001	0.0000	0.0000	0.0000	0.0000	0.0744	0.0848	0.0486	0.1101	0.1280	0.0064	0.0302	0.0000	0.0654	0.0000	0.2320	-0.0000	-0.0019	1.4428	1.0110	0.4686	12.5479	0.0000	0.0000	0.0000	0.0000	0.0000	0.0000	0.0000	0.0000	0.0000	0.0056	0.0046	0.0011	0.0046	0.0046	0.0000	0.0010	0.0000	0.0010	0.0437	0.0384	0.0052	0.0313	0.0277	0.0036	0.0124	0.0107	0.0017	0.0754	0.0537	0.0217	0.0417	0.0356	0.0062	0.0337	0.0181	0.0156	0.0011	0.0011	0.0000	0.0010	0.0010	0.0000	0.0000	0.0086	0.0000	0.0744	0.0848	0.0486	0.1101	0.1280	0.0064	0.0302	0.0000	0.0654
50	67	0.4256	8	0	1	1	0	0	0	0	0	N	N	N	N	N	N	N	N	N	N	N	N	0.0187	0.0348	0.0000	0.0190	0.0330	0.0000	0.0044	0.1380	0.0000	0.0001	0.0001	0.0000	0.0001	0.0001	0.0000	0.0000	0.0000	0.0000	0.0045	0.0027	0.0087	0.0059	0.0039	0.0281	0.0028	0.0001	0.0050	0.0000	1.3155	-0.0000	0.0000	1.4428	0.9784	0.4686	1.5217	0.0000	0.0000	0.0000	0.0000	0.0000	0.0000	0.0000	0.0000	0.0000	0.0002	0.0001	0.0001	0.0001	0.0001	0.0000	0.0000	0.0000	0.0000	0.0423	0.0372	0.0051	0.0303	0.0268	0.0035	0.0120	0.0104	0.0016	0.0354	0.0250	0.0104	0.0192	0.0176	0.0017	0.0161	0.0074	0.0087	0.0187	0.0348	0.0000	0.0190	0.0330	0.0000	0.0044	0.1380	0.0000	0.0045	0.0027	0.0087	0.0059	0.0039	0.0281	0.0028	0.0001	0.0050
50	68	0.3954	7	0	1	1	0	0	0	0	0	N	N	N	N	N	N	N	N	N	N	N	N	0.0232	0.7150	0.0000	0.0216	0.6462	0.0000	0.0205	2.1809	0.0000	0.0012	0.0013	0.0000	0.0014	0.0016	0.0000	0.0005	0.0006	0.0000	0.0497	0.0018	0.1652	0.0650	0.0025	0.3547	0.0252	0.0003	0.0526	0.0000	37.3460	-0.0000	0.0018	1.4428	1.0531	0.4686	9.0748	0.0001	0.0001	0.0000	0.0000	0.0000	0.0000	0.0000	0.0000	0.0000	0.0039	0.0001	0.0038	0.0031	0.0001	0.0030	0.0008	0.0000	0.0008	0.0462	0.0407	0.0055	0.0330	0.0293	0.0037	0.0132	0.0114	0.0018	0.0788	0.0557	0.0231	0.0484	0.0398	0.0086	0.0304	0.0159	0.0145	0.0232	0.7150	0.0000	0.0216	0.6462	0.0000	0.0205	2.1809	0.0000	0.0497	0.0018	0.1652	0.0650	0.0025	0.3547	0.0252	0.0003	0.0526
50	69	0.0389	2	1	1	2	0	0	0	0	0	N	N	Y	N	N	N	N	N	N	N	N	N	0.0000	0.0000	0.0000	0.0000	0.0000	0.0000	0.0000	0.0000	0.0000	0.0000	0.0000	0.0000	0.0000	0.0000	0.0000	0.0000	0.0000	11.0189	0.0013	26.2229	31.6453	0.0028	201.5509	1.6079	0.0000	2.9762	14649.3476	0.0000	0.2020	1.4428	0.0000	0.4686	4.9600	0.0000	0.0000	0.0000	0.0000	0.0000	0.0000	0.0000	0.0000	0.0000	0.4219	0.0000	0.4219	0.3797	0.0000	0.3796	0.0423	0.0000	0.0423	0.0000	0.0000	0.0000	0.0000	0.0000	0.0000	0.0000	0.0000	0.0000	0.0383	0.0222	0.0161	0.0120	0.0101	0.0019	0.0263	0.0121	0.0142	0.0000	0.0000	0.0000	0.0000	0.0000	0.0000	0.0000	0.0000	0.0000	11.0189	0.0013	26.2229	31.6453	0.0028	201.5509	1.6079	0.0000	2.9762		
50	71	0.0952	6	0	1	2	0	0	0	0	0	N	N	Y	N	N	N	N	N	N	N	N	N	0.0000	0.0000	0.0000	0.0000	0.0000	0.0000	0.0000	0.0000	0.0000	0.0000	0.0000	0.0000	0.0000	0.0000	0.0000	0.0000	0.0000	0.0000	0.0000	0.0000	0.0000	0.0000	0.1333	0.0000	-0.0000	1.4428	1.0000	0.4686	0.0055	0.0000	0.0000	0.0000	0.0000	0.0000	0.0000	0.0000	0.0000	0.0000	0.0000	0.0000	0.0000	0.0000	0.0000	0.0000	0.0000	0.0000	0.0000	0.0136	0.0118	0.0018	0.0000	0.0000	0.0000	0.0136	0.0118	0.0018	0.0070	0.0050	0.0019	0.0046	0.0039	0.0007	0.0023	0.0011	0.0012	0.0000	0.0000	0.0000	0.0000	0.0000	0.0000	0.0000	0.0000	0.0000	0.0000	0.0000	0.0000	0.0000	0.0000	0.0000	0.0000	0.0000	0.0000						
50	72	0.0885	5	0	1	2	0	0	0	0	0	N	N	Y	N	N	N	N	N	N	N	N	N	0.0000	0.0000	0.0000	0.0000	0.0000	0.0000	0.0000	0.0000	0.0000	0.0000	0.0000	0.0000	0.0000	0.0000	0.0000	0.0000	0.0000	0.0002	0.0001	0.0005	0.0003	0.0001	0.0010	0.0001	0.0000	0.0002	2.2286	0.0000	0.0000	1.4428	0.0000	0.4686	1.0265	0.0000	0.0000	0.0000	0.0000	0.0000	0.0000	0.0000	0.0000	0.0000	0.0000	0.0000	0.0000	0.0000	0.0000	0.0000	0.0000	0.0000	0.0000	0.0000	0.0000	0.0000	0.0000	0.0000	0.0000	0.0000	0.0000	0.0000	0.0074	0.0054	0.0021	0.0049	0.0041	0.0007	0.0026	0.0012	0.0013	0.0000	0.0000	0.0000	0.0000	0.0000	0.0000	0.0000	0.0000	0.0000	0.0002	0.0001	0.0005	0.0003	0.0001	0.0010	0.0001	0.0000	0.0002		
50	73	0.0831	4	0	1	1	0	0	0	0	0	N	N	N	N	N	N	N	N	N	N	N	N	0.0000	0.0000	0.0000	0.0000	0.0000	0.0000	0.0000	0.0000	0.0000	0.0000	0.0000	0.0000	0.0000	0.0000	0.0000	0.0000	0.0000	0.0000	0.0016	0.0024	0.0001	0.0028	0.0031	0.0000	0.0000	0.0000	0.0001	0.0113	0.0000	-0.0000	1.4428	0.0000	0.4686	1.0321	0.0000	0.0000	0.0000	0.0000	0.0000	0.0000	0.0000	0.0000	0.0000	0.0001	0.0001	0.0000	0.0001	0.0001	0.0000	0.0000	0.0000	0.0000	0.0084	0.0081	0.0003	0.0051	0.0050	0.0001	0.0033	0.0032	0.0002	0.0382	0.0249	0.0133	0.0216	0.0195	0.0021	0.0165	0.0054	0.0111	0.0000	0.0000	0.0000	0.0000	0.0000	0.0000	0.0000	0.0000	0.0000	0.0016	0.0024	0.0001	0.0028	0.0031	0.0000	0.0000	0.0000	0.0001	
50	74	0.0603	3	0	1	1	0	0	0	0	0	N	N	N	N	N	N	N	N	N	N	N	N	0.0338	0.0221	7.4391	0.0227	0.0206	6.2834	2.9934	2.9302	1.6279	0.0052	0.0053	0.0047	0.0068	0.0068	0.0067	0.0018	0.0019	0.0009	0.1540	0.2384	0.0006	0.2990	0.3296	0.0011	0.0006	0.0006	0.0006	0.1061	0.0015	0.0000	-0.0096	1.4428	0.5629	0.4686	8.5245	0.0002	0.0001	0.0000	0.0001	0.0001	0.0000	0.0000	0.0000	0.0000	0.0185	0.0185	0.0000	0.0185	0.0185	0.0000	0.0000	0.0000	0.0000	0.0300	0.0268	0.0032	0.0206	0.0185	0.0021	0.0094	0.0083	0.0011	0.1203	0.0776	0.0427	0.0618	0.0561	0.0057	0.0585	0.0215	0.0370	0.0338	0.0221	7.4391	0.0227	0.0206	6.2834	2.9934	2.9302	1.6279	0.1540	0.2384	0.0006	0.2990	0.3296	0.0011	0.0006	0.0006	0.0006
50	75	0.0773	4	0	2	1	0	0	0	0	0	N	Y	N	N	N	N	N	N	N	N	N	N	0.0000	0.0000	0.0000	0.0000	0.0000	0.0000	0.0000	0.0000	0.0000	0.0000	0.0000	0.0000	0.0000	0.0000	0.0000	0.0000	0.0000	0.1387	0.1881	0.0000	0.2338	0.2738	0.0000	0.0001	0.0001	0.0001	0.0001	0.0000	-0.0030	1.4428	1.9994	0.4686	4.0943	0.0000	0.0000	0.0000	0.0000	0.0000	0.0000	0.0000	0.0000	0.0000	0.0058	0.0058	0.0000	0.0058	0.0058	0.0000	0.0000	0.0000	0.0000	0.0275	0.0239	0.0036	0.0000	0.0000	0.0000	0.0275	0.0239	0.0036	0.0422	0.0311	0.0111	0.0250	0.0214	0.0036	0.0172	0.0097	0.0074	0.0000	0.0000	0.0000	0.0000	0.0000	0.0000	0.0000	0.0000	0.0000	0.1387	0.1881	0.0000	0.2338	0.2738	0.0000	0.0001	0.0001	0.0001		
50	76	0.0710	3	0	1	1	0	0	0	0	0	N	N	N	N	N	N	N	N	N	N	N	N	0.0000	0.0000	0.0000	0.0000	0.0000	0.0000	0.0000	0.0000	0.0000	0.0000	0.0000	0.0000	0.0000	0.0000	0.0000	0.0000	0.0000	0.0000	0.0015	0.0019	0.0003	0.0024	0.0027	0.0004	0.0002	0.0002	0.0002	0.0543	0.0000	-0.0000	1.4428	0.0011	0.4686	2.7207	0.0000	0.0000	0.0000	0.0000	0.0000	0.0000	0.0000	0.0000	0.0000	0.0000	0.0000	0.0000	0.0000	0.0000	0.0000	0.0000	0.0000	0.0000	0.0000	0.0000	0.0000	0.0000	0.0000	0.0000	0.0000	0.0000	0.0000	0.0233	0.0170	0.0063	0.0135	0.0118	0.0017	0.0098	0.0052	0.0046	0.0000	0.0000	0.0000	0.0000	0.0000	0.0000	0.0000	0.0000	0.0000	0.0015	0.0019	0.0003	0.0024	0.0027	0.0004	0.0002	0.0002	0.0002	
50	77	0.0389	2	0	1	1	0	0	0	0	0	N	N	N	N	N	N	N	N	N	N	N	N	0.0000	0.0000	0.0000	0.0000	0.0000	0.0000	0.0000	0.0000	0.0000	0.0000	0.0000	0.0000	0.0000	0.0000	0.0000	0.0000	0.0000	0.0000	0.0013	0.0022	0.0001	0.0040	0.0048	0.0004	0.0001	0.0000	0.0001	0.0486	0.0000	-0.0000	1.4428	0.0001	0.4686	10.0074	0.0000	0.0000	0.0000	0.0000	0.0000	0.0000	0.0000	0.0000	0.0000	0.0001	0.0001	0.0000	0.0001	0.0001	0.0000	0.0000	0.0000	0.0000	0.0484	0.0470	0.0014	0.0243	0.0242	0.0001	0.0241	0.0228	0.0013	0.0703	0.0406	0.0298	0.0220	0.0183	0.0037	0.0484	0.0223	0.0261	0.0000	0.0000	0.0000	0.0000	0.0000	0.0000	0.0000	0.0000	0.0000	0.0013	0.0022	0.0001	0.0040	0.0048	0.0004	0.0001	0.0000	0.0001	
50	78	0.0591	3	1	1	2	0	0	0	0	0	N	N	Y	N	N	N	N	N	N	N	N	N	7.4931	289.3079	0.0334	14.8633	273.6935	0.0230	0.3068	inf	0.0410	0.0015	0.0017	0.0000	0.0047	0.0048	0.0000	0.0000	0.0001	0.0000	0.0002	0.0000	0.0005	0.0003	0.0000	0.0019	0.0002	0.0000	0.0003	0.0012	57.6973	-0.0000	0.0000	1.4428	1.6246	0.4686	0.0115	0.0002	0.0002	0.0000	0.0002	0.0002	0.0000	0.0000	0.0000	0.0000	0.0000	0.0000	0.0000	0.0000	0.0000	0.0000	0.0000	0.0000	0.0000	0.1143	0.1015	0.0128	0.0350	0.0342	0.0009	0.0793	0.0674	0.0120	0.0176	0.0103	0.0073	0.0040	0.0034	0.0006	0.0136	0.0069	0.0067	7.4931	289.3079	0.0334	14.8633	273.6935	0.0230	0.3068	inf	0.0410	0.0002	0.0000	0.0005	0.0003	0.0000	0.0019	0.0002	0.0000	0.0003
50	79	0.0389	2	1	1	2	0	0	0	0	0	N	N	Y	N	N	N	N	N	N	N	N	N	89.8213	2046.8555	9.0402	900.8956	1444.2665	40.9940	8.4484	inf	10.9334	1.1303	1.2402	0.2616	1.7519	1.9426	0.1987	0.1474	0.1200	0.3547	0.0126	0.0006	0.0289	0.0019	0.0013	0.0048	0.0174	0.0000	0.0324	0.0267	34.9863	-0.0310	0.0005	1.4428	8.1927	0.4686	3.9952	0.4453	0.4337	0.0116	0.4228	0.4175	0.0052	0.0225	0.0162	0.0063	0.0010	0.0000	0.0010	0.0001	0.0000	0.0000	0.0010	0.0000	0.0010	0.3939	0.3497	0.0442	0.2413	0.2149	0.0264	0.1526	0.1348	0.0178	0.0828	0.0478	0.0350	0.0260	0.0215	0.0044	0.0568	0.0262	0.0305	89.8213	2046.8555	9.0402	900.8956	1444.2665	40.9940	8.4484	inf	10.9334	0.0126	0.0006	0.0289	0.0019	0.0013	0.0048	0.0174	0.0000	0.0324
50	80	0.0389	2	0	2	1	1	0	0	0	0	N	Y	N	N	N	N	N	N	N	N	N	N	0.0083	0.0052	0.0000	0.0017	0.0015	190.4962	inf	0.0000	0.0020	0.0022	0.0000	0.0013	0.0014	0.0000	0.0030	0.0032	0.0000	0.2435	0.4198	0.0000	0.7633	0.9253	0.0000	0.0000	0.0000	0.0000	0.0000	0.0000	-0.0000	-0.0143	1.4428	0.7962	0.4686	19.0091	0.0002	0.0002	0.0000	0.0001	0.0001	0.0000	0.0001	0.0001	0.0000	0.0275	0.0275	0.0000	0.0275	0.0275	0.0000	0.0000	0.0000	0.0000	0.0827	0.0769	0.0058	0.0461	0.0432	0.0029	0.0366	0.0337	0.0030	0.1130	0.0656	0.0475	0.0361	0.0297	0.0063	0.0770	0.0358	0.0412	0.0083	0.0052	0.0000	0.0017	0.0015	0.0000	190.4962	inf	0.0000	0.2435	0.4198	0.0000	0.7633	0.9253	0.0000	0.0000	0.0000	0.0000	
50	81	0.0389	2	0	2	1	0	0	0	0	0	N	Y	N	N	N	N	N	N	N	N	N	N	0.2452	0.2487	0.0000	0.2094	0.1980	0.0000	0.3192	0.3117	0.0000	0.0020	0.0022	0.0000	0.0013	0.0014	0.0000	0.0030	0.0032	0.0000	0.0082	0.0087	0.0075	0.0061	0.0068	0.0025	0.0093	0.0104	0.0084	0.0000	0.6154	-0.0000	-0.0002	1.4428	0.7962	0.4686	25.3140	0.0002	0.0002	0.0000	0.0001	0.0001	0.0000	0.0001	0.0001	0.0000	0.0012	0.0007	0.0004	0.0003	0.0003	0.0000	0.0009	0.0005	0.0004	0.0827	0.0769	0.0058	0.0461	0.0432	0.0029	0.0366	0.0337	0.0030	0.1404	0.0819	0.0585	0.0456	0.0375	0.0081	0.0948	0.0444	0.0503	0.2452	0.2487	0.0000	0.2094	0.1980	0.0000	0.3192	0.3117	0.0000	0.0082	0.0087	0.0075	0.0061	0.0068	0.0025	0.0093	0.0104	0.0084
50	82	0.0389	2	0	2	1	0	0	0	0	0	N	Y	N	N	N	N	N	N	N	N	N	N	0.0005	0.0003	0.0000	0.0001	0.0001	0.0050	0.0026	0.0000	0.0013	0.0015	0.0000	0.0008	0.0009	0.0000	0.0021	0.0023	0.0000	2.7918	4.7700	0.0000	7.6640	9.3288	0.0000	0.4160	0.8849	0.0000	0.0000	0.0000	-0.0000	-0.2200	1.4428	1.7961	0.4686	27.0091	0.0002	0.0002	0.0000	0.0001	0.0001	0.0000	0.0001	0.0001	0.0000	0.4221	0.4221	0.0000	0.3798	0.3798	0.0000	0.0423	0.0423	0.0000	0.1245	0.1133	0.0112	0.0726	0.0663	0.0062	0.0519	0.0470	0.0050	0.1512	0.0885	0.0627	0.0496	0.0407	0.0088	0.1016	0.0478	0.0539	0.0005	0.0003	0.0000	0.0001	0.0001	0.0000	0.0050	0.0026	0.0000	2.7918	4.7700	0.0000	7.6640	9.3288	0.0000	0.4160	0.8849	0.0000	
50	83	0.1493	5	0	1	1	0	0	0	0	0	N	N	N	N	N	N	N	N	N	N	N	N	0.0094	0.0084	0.0000	0.0081	0.0077	0.0000	0.0144	0.0348	0.0000	0.0003	0.0004	0.0000	0.0004	0.0004	0.0000	0.0002	0.0002	0.0000	0.0340	0.0431	0.0119	0.0470	0.0560	0.0001	0.0122	0.0058	0.0182	0.0000	0.1147	-0.0000	-0.0033	1.4428	10.0679	0.4686	33.8159	0.0001	0.0001	0.0000	0.0001	0.0001	0.0000	0.0000	0.0000	0.0000	0.0078	0.0070	0.0008	0.0068	0.0068	0.0000	0.0010	0.0002	0.0008	0.3792	0.3354	0.0438	0.2628	0.2340	0.0288	0.1164	0.1014	0.0150	0.2296	0.1623	0.0673	0.1439	0.1206	0.0233	0.0858	0.0418	0.0440	0.0094	0.0084	0.0000	0.0081	0.0077	0.0000	0.0144	0.0348	0.0000	0.0340	0.0431	0.0119	0.0470	0.0560	0.0001	0.0122	0.0058	0.0182
50	84	0.1217	4	0	1	1	0	0	0	0	0	N	N	N	N	N	N	N	N	N	N	N	N	0.0817	0.0769	0.0374	0.0818	0.0811	0.0694	0.0442	0.0674	0.0040	0.0049	0.0054	0.0014	0.0064	0.0070	0.0020	0.0014	0.0016	0.0002	0.0602	0.0703	0.0362	0.0785	0.0859	0.0293	0.0323	0.0244	0.0387	0.0344	0.2188	-0.0000	-0.0035	1.4428	0.9441	0.4686	14.0836	0.0002	0.0002	0.0000	0.0002	0.0002	0.0000	0.0000	0.0000	0.0000	0.0101	0.0083	0.0018	0.0080	0.0076	0.0004	0.0022	0.0007	0.0014	0.0434	0.0381	0.0052	0.0303	0.0269	0.0033	0.0131	0.0112	0.0019	0.1687	0.1184	0.0503	0.1017	0.0884	0.0133	0.0670	0.0300	0.0370	0.0817	0.0769	0.0374	0.0818	0.0811	0.0694	0.0442	0.0674	0.0040	0.0602	0.0703	0.0362	0.0785	0.0859	0.0293	0.0323	0.0244	0.0387
50	85	0.4039	7	0	1	1	0	0	0	0	0	N	N	N	N	N	N	N	N	N	N	N	N	0.6109	0.5234	0.0000	2.2675	4.6014	0.0000	0.3738	0.2263	0.0000	0.0047	0.0052	0.0000	0.0046	0.0051	0.0000	0.0049	0.0056	0.0000	0.0076	0.0100	0.0028	0.0020	0.0011	0.0076	0.0130	0.0246	0.0015	0.0000	0.1372	-0.0003	-0.0004	1.4428	15.0008	0.4686	28.2980	0.0032	0.0032	0.0000	0.0024	0.0024	0.0000	0.0008	0.0008	0.0000	0.0010	0.0009	0.0001	0.0001	0.0001	0.0001	0.0009	0.0008	0.0001	0.6843	0.6133	0.0710	0.5292	0.4773	0.0519	0.1551	0.1360	0.0192	0.1312	0.0886	0.0426	0.0644	0.0552	0.0092	0.0669	0.0334	0.0335	0.6109	0.5234	0.0000	2.2675	4.6014	0.0000	0.3738	0.2263	0.0000	0.0076	0.0100	0.0028	0.0020	0.0011	0.0076	0.0130	0.0246	0.0015
50	86	0.4039	7	0	1	1	0	0	0	0	0	N	N	N	N	N	N	N	N	N	N	N	N	5.4178	13.6556	0.0000	3.9290	8.7884	0.0000	9.7147	293.2630	0.0000	0.0076	0.0085	0.0000	0.0073	0.0081	0.0000	0.0086	0.0099	0.0000	0.0014	0.0006	0.0031	0.0019	0.0009	0.0078	0.0009	0.0000	0.0017	0.0000	2.2655	-0.0003	0.0000	1.4428	10.8154	0.4686	27.4443	0.0032	0.0032	0.0000	0.0024	0.0024	0.0000	0.0008	0.0008	0.0000	0.0002	0.0001	0.0001	0.0001	0.0001	0.0001	0.0001	0.0000	0.0001	0.4204	0.3753	0.0451	0.3330	0.2996	0.0335	0.0874	0.0757	0.0117	0.1250	0.0861	0.0389	0.0658	0.0569	0.0089	0.0592	0.0292	0.0300	5.4178	13.6556	0.0000	3.9290	8.7884	0.0000	9.7147	293.2630	0.0000	0.0014	0.0006	0.0031	0.0019	0.0009	0.0078	0.0009	0.0000	0.0017
50	87	0.3561	6	0	1	1	0	0	0	0	0	N	N	N	N	N	N	N	N	N	N	N	N	42.4108	81.0891	7.3636	52.5006	78.9906	12.1406	21.9515	85.8880	0.8154	0.0333	0.0356	0.0125	0.0375	0.0392	0.0187	0.0204	0.0238	0.0015	0.0008	0.0004	0.0017	0.0007	0.0005	0.0015	0.0009	0.0003	0.0019	0.0399	1.4607	-0.0004	0.0000	1.4428	2.7608	0.4686	22.4044	0.0067	0.0065	0.0003	0.0057	0.0055	0.0002	0.0010	0.0010	0.0000	0.0004	0.0002	0.0002	0.0002	0.0001	0.0001	0.0002	0.0000	0.0001	0.2028	0.1821	0.0208	0.1527	0.1395	0.0132	0.0501	0.0426	0.0075	0.5097	0.3697	0.1400	0.3445	0.2732	0.0714	0.1652	0.0965	0.0686	42.4108	81.0891	7.3636	52.5006	78.9906	12.1406	21.9515	85.8880	0.8154	0.0008	0.0004	0.0017	0.0007	0.0005	0.0015	0.0009	0.0003	0.0019
50	88	0.2263	5	0	1	1	0	0	0	0	0	N	N	N	N	N	N	N	N	N	N	N	N	0.0240	0.0378	0.0080	0.0232	0.0372	0.0045	0.0234	0.0619	0.0037	0.0124	0.0129	0.0079	0.0163	0.0168	0.0116	0.0031	0.0035	0.0010	0.5146	0.3422	0.9861	0.7015	0.4515	2.5848	0.1341	0.0560	0.2587	0.0793	1.0541	-0.0001	-0.0021	1.4428	8.8820	0.4686	49.9570	0.0044	0.0041	0.0003	0.0041	0.0038	0.0003	0.0003	0.0003	0.0000	0.2641	0.1286	0.1355	0.2414	0.1227	0.1187	0.0227	0.0058	0.0168	0.3594	0.3182	0.0412	0.2530	0.2261	0.0269	0.1064	0.0921	0.0143	0.5132	0.3757	0.1374	0.3442	0.2718	0.0723	0.1690	0.1039	0.0651	0.0240	0.0378	0.0080	0.0232	0.0372	0.0071	0.0234	0.0619	0.0037	0.5146	0.3422	0.9861	0.7015	0.4515	1.6409	0.1341	0.0560	0.2587
50	89	0.0389	2	1	2	1	1	0	0	0	0	N	Y	N	N	N	N	N	N	N	N	N	N	0.4687	0.2919	0.2673	0.2354	0.7221	0.3647	0.0020	0.0022	0.0000	0.0013	0.0014	0.0000	0.0030	0.0032	0.0000	0.0043	0.0075	0.0000	0.0048	0.0058	0.0000	0.0041	0.0089	0.0000	0.0000	0.0000	-0.0000	-0.0002	1.4428	0.7962	0.4686	16.9291	0.0002	0.0002	0.0000	0.0001	0.0001	0.0000	0.0001	0.0001	0.0000	0.0004	0.0004	0.0000	0.0002	0.0002	0.0000	0.0003	0.0003	0.0000	0.0827	0.0769	0.0058	0.0461	0.0432	0.0029	0.0366	0.0337	0.0030	0.1033	0.0598	0.0435	0.0328	0.0271	0.0057	0.0705	0.0327	0.0378	0.4687	0.2919	0.0000	0.2673	0.2354	0.0000	0.7221	0.3647	0.0000	0.0043	0.0075	0.0000	0.0048	0.0058	0.0000	0.0041	0.0089	0.0000			
50	90	0.1110	7	0	2	1	1	0	0	0	0	N	Y	N	N	N	N	N	N	N	N	N	N	0.0000	0.0000	0.0000	0.0000	0.0000	0.0000	0.0000	0.0000	0.0000	0.0000	0.0000	0.0000	0.0000	0.0000	0.0000	0.0000	0.0000	0.0000	0.0000	0.0000	1.4428	0.0000	0.4686	0.0000	0.0000	0.0000	0.0000	0.0000	0.0000	0.0000	0.0000	0.0000	0.0000	0.0000	0.0000	0.0000	0.0000	0.0000	0.0000	0.0000	0.0000	0.0000	0.0000	0.0000	0.0000	0.0000	0.0000	0.0000	0.0000	0.0000	0.0000	0.0000	0.0000	0.0000	0.0000	0.0000	0.0000	0.0000	0.0000	0.0000	0.0000	0.0000	0.0000	0.0000	0.0000	0.0000	0.0000	0.0000	0.0000	0.0000	0.0000	0.0000	0.0000	0.0000	0.0000	0.0000	0.0000	0.0000											
50	91	0.1002	6	0	2	1	1	0	0	0	0	N	Y	N	N	N	N	N	N	N	N	N	N	0.0000	0.0000	0.0000	0.0000	0.0000	0.0000	0.0000	0.0000	0.0000	0.0000	0.0000	0.0000	0.0000	0.0000	0.0000	0.0000	0.0000	0.0000	0.0000	0.0000	1.4428	1.0000	0.4686	3.0000	0.0000	0.0000	0.0000	0.0000	0.0000	0.0000	0.0000	0.0000	0.0000	0.0000	0.0000	0.0000	0.0000	0.0000	0.0000	0.0000	0.0000	0.0000	0.0272	0.0239	0.0033	0.0048	0.0045	0.0003	0.0225	0.0194	0.0030	0.0354	0.0207	0.0147	0.0105	0.0087	0.0018	0.0249	0.0119	0.0129	0.0000	0.0000	0.0000	0.0000	0.0000	0.0000	0.0000	0.0000	0.0000	0.0000	0.0000	0.0000	0.0000	0.0000	0.0000	0.0000	0.0000	0.0000											
50	92	0.0937	4	0	2	1	0	0	0	0	0	N	Y	N	N	N	N	N	N	N	N	N	N	0.0000	0.0000	0.0000	0.0000	0.0000	0.0000	0.0000	0.0000	0.0000	0.0000	0.0000	0.0000	0.0000	0.0000	0.0000	0.0000	0.0000	0.0000	0.0000	0.0000	1.4428	0.0000	0.4686	0.0000	0.0000	0.0000	0.0000	0.0000	0.0000	0.0000	0.0000	0.0000	0.0000	0.0000	0.0000	0.0000	0.0000	0.0000	0.0000	0.0000	0.0000	0.0000	0.0000	0.0000	0.0000	0.0000	0.0000	0.0000	0.0000	0.0000	0.0000	0.0000	0.0000	0.0000	0.0000	0.0000	0.0000	0.0000	0.0000	0.0000	0.0000	0.0000	0.0000	0.0000	0.0000	0.0000	0.0000	0.0000	0.0000	0.0000	0.0000	0.0000	0.0000	0.0000	0.0000	0.0000	0.0000	0.0000											
50	93	0.1002	6	0	1	2	1	0	0	0	0	N	N	Y	N	N	N	N	N	N	N	N	N	0.0000	0.0000	0.0000	0.0000	0.0000	0.0000	0.0000	0.0000	0.0000	0.0000	0.0000	0.0000	0.0000	0.0000	0.0000	0.0000	0.0000	0.0000	0.0000	0.0000	1.4428	0.0000	0.4686	0.0000	0.0000	0.0000	0.0000	0.0000	0.0000	0.0000	0.0000	0.0000	0.0000	0.0000	0.0000	0.0000	0.0000	0.0000	0.0000	0.0000	0.0000	0.0000	0.0000	0.0000	0.0000	0.0000	0.0000	0.0000	0.0000	0.0000	0.0000	0.0000	0.0000	0.0000	0.0000	0.0000	0.0000	0.0000	0.0000	0.0000	0.0000	0.0000	0.0000	0.0000	0.0000	0.0000	0.0000	0.0000	0.0000	0.0000	0.0000	0.0000	0.0000	0.0000	0.0000	0.0000	0.0000	0.0000											
50	94	0.0976	5	0	1	1	1	0	0	0	0	N	N	N	N	N	N	N	N	N	N	N	N	0.0000	0.0000	0.0000	0.0000	0.0000	0.0000	0.0000	0.0000	0.0000	0.0000	0.0000	0.0000	0.0000	0.0001	0.0001	0.0000	0.0000	0.0000	0.0000	0.0001	0.0002	0.0000	0.0000	0.0000	-0.0000	1.4428	1.0000	0.4686	0.0097	0.0000	0.0000	0.0000	0.0000	0.0000	0.0000	0.0000	0.0000	0.0000	0.0000	0.0000	0.0000	0.0000	0.0000	0.0000	0.0000	0.0000	0.0000	0.0272	0.0239	0.0033	0.0048	0.0045	0.0003	0.0225	0.0194	0.0030	0.0094	0.0055	0.0040	0.0028	0.0023	0.0005	0.0066	0.0031	0.0035	0.0000	0.0000	0.0000	0.0000	0.0000	0.0000	0.0000	0.0000	0.0000	0.0001	0.0001	0.0000	0.0000	0.0000	0.0000	0.0001	0.0002	0.0000						
50	95	0.0976	5	0	1	2	1	0	0	0	0	N	N	Y	N	N	N	N	N	N	N	N	N	0.4793	0.3185	0.8182	0.7187	0.0032	0.0036	0.0000	0.0180	0.0191	0.0000	0.0000	0.0000	0.0000	0.0066	0.0113	0.0000	0.0220	0.0265	0.0000	0.0000	0.0000	0.0000	0.0000	0.0000	-0.0000	-0.0002	1.4428	2.0000	0.4686	3.0050	0.0002	0.0002	0.0000	0.0002	0.0002	0.0000	0.0000	0.0000	0.0000	0.0003	0.0003	0.0000	0.0003	0.0003	0.0000	0.0000	0.0000	0.0000	0.0538	0.0473	0.0065	0.0094	0.0089	0.0005	0.0443	0.0384	0.0059	0.0439	0.0256	0.0182	0.0131	0.0109	0.0022	0.0307	0.0147	0.0160	0.4793	0.3185	0.0000	0.8182	0.7187	0.0000	0.0000	0.0000	0.0000	0.0066	0.0113	0.0000	0.0220	0.0265	0.0000	0.0000	0.0000	0.0000					
50	96	0.0976	5	0	1	2	1	0	0	0	0	N	N	Y	N	N	N	N	N	N	N	N	N	0.0000	0.0000	0.0000	0.0000	0.0000	0.0000	0.0000	0.0000	0.0000	0.0000	0.0000	0.0000	0.0000	0.0048	0.0083	0.0000	0.0160	0.0193	0.0000	0.0000	0.0000	0.0000	0.0000	0.0000	-0.0002	1.4428	0.0000	0.4686	6.9903	0.0000	0.0000	0.0000	0.0000	0.0000	0.0000	0.0000	0.0000	0.0000	0.0003	0.0003	0.0000	0.0003	0.0003	0.0000	0.0000	0.0000	0.0000	0.0000	0.0000	0.0000	0.0000	0.0000	0.0000	0.0000	0.0000	0.0000	0.0597	0.0350	0.0247	0.0181	0.0150	0.0031	0.0416	0.0200	0.0216	0.0000	0.0000	0.0000	0.0000	0.0000	0.0000	0.0000	0.0000	0.0000	0.0048	0.0083	0.0000	0.0160	0.0193	0.0000	0.0000	0.0000	0.0000						
50	97	0.0920	4	0	1	1	1	0	0	0	0	N	N	N	N	N	N	N	N	N	N	N	N	0.0000	0.0000	0.0000	0.0000	0.0000	0.0000	0.0000	0.0000	0.0000	0.0000	0.0000	0.0000	0.0000	0.0000	0.0000	0.0000	0.0000	0.0000	0.0001	0.0001	0.0000	0.0001	0.0001	0.0002	0.0000	0.0000	0.0000	0.4437	0.0000	-0.0000	1.4428	0.9999	0.4686	1.0605	0.0000	0.0000	0.0000	0.0000	0.0000	0.0000	0.0000	0.0000	0.0000	0.0000	0.0000	0.0000	0.0000	0.0000	0.0000	0.0000	0.0000	0.0000	0.0493	0.0422	0.0071	0.0132	0.0126	0.0006	0.0361	0.0296	0.0065	0.0212	0.0126	0.0086	0.0059	0.0050	0.0009	0.0153	0.0076	0.0077	0.0000	0.0000	0.0000	0.0000	0.0000	0.0000	0.0000	0.0000	0.0000	0.0001	0.0001	0.0000	0.0001	0.0001	0.0002	0.0000	0.0000	0.0000	
50	98	0.0899	3	0	1	1	1	0	0	0	0	N	N	N	N	N	N	N	N	N	N	N	N	1235.8657	1986.4212	304.3070	472.0938	808.2536	5.3717	3025.1253	11003.1678	1389.5133	0.5923	0.7222	0.1993	0.4625	0.6280	0.0117	0.8428	0.8902	0.6634	0.0005	0.0004	0.0007	0.0010	0.0008	0.0022	0.0003	0.0001	0.0005	0.0911	1.1877	-0.0000	0.0000	1.4428	0.0012	0.4686	1.0414	0.0003	0.0003	0.0000	0.0002	0.0002	0.0000	0.0001	0.0001	0.0000	0.0000	0.0000	0.0000	0.0000	0.0000	0.0000	0.0000	0.0000	0.0000	0.0005	0.0004	0.0001	0.0003	0.0002	0.0001	0.0002	0.0001	0.0000	0.0114	0.0069	0.0045	0.0033	0.0028	0.0005	0.0081	0.0041	0.0041	1235.8657	1986.4212	304.3070	472.0938	808.2536	5.3717	3025.1253	11003.1678	1389.5133	0.0005	0.0004	0.0007	0.0010	0.0008	0.0022	0.0003	0.0001	0.0005
50	99	0.0389	2	1	2	1	0	0	0	0	0	N	Y	N	N	N	N	N	N	N	N	N	N	165.4943	2380.7279	0.3718	1214.2547	1708.1113	1.1126	12.4478	inf	0.5283	1.8058	2.0132	0.0092	2.8842	3.2061	0.0053	0.1844	0.2050	0.0146	0.0109	0.0008	0.0247	0.0024	0.0019	0.0048	0.0148	0.0000	0.0276	0.0005	21.3557	-0.0337	0.0004	1.4428	3.2042	0.4686	9.0918	0.3544	0.3542	0.0002	0.3399	0.3399	0.0001	0.0145	0.0143	0.0001	0.0009	0.0000	0.0009	0.0001	0.0000	0.0000	0.0009	0.0000	0.0009	0.1963	0.1760	0.0203	0.1179	0.1060	0.0119	0.0784	0.0699	0.0085	0.0838	0.0484	0.0354	0.0263	0.0218	0.0045	0.0575	0.0266	0.0309	165.4943	2380.7279	0.3718	1214.2547	1708.1113	1.1126	12.4478	inf	0.5283	0.0109	0.0008	0.0247	0.0024	0.0019	0.0048	0.0148	0.0000	0.0276
50	100	0.0389	2	0	2	1	0	0	0	0	0	N	Y	N	N	N	N	N	N	N	N	N	N	1.1758	0.7296	0.2308	0.2045	inf	inf	0.0020	0.0022	0.0000	0.0013	0.0014	0.0000	0.0030	0.0032	0.0000	0.0017	0.0030	0.0000	0.0055	0.0066	0.0000	0.0000	0.0000	0.0000	0.0000	0.0000	-0.0000	-0.0001	1.4428	0.7962	0.4686	10.9291	0.0002	0.0002	0.0000	0.0001	0.0001	0.0000	0.0001	0.0001	0.0000	0.0001	0.0001	0.0000	0.0001	0.0001	0.0000	0.0000	0.0000	0.0000	0.0827	0.0769	0.0058	0.0461	0.0432	0.0029	0.0366	0.0337	0.0030	0.0731	0.0421	0.0309	0.0228	0.0190	0.0039	0.0502	0.0232	0.0271	1.1758	0.7296	0.0000	0.2308	0.2045	0.0000	inf	inf	0.0000	0.0017	0.0030	0.0000	0.0055	0.0066	0.0000	0.0000	0.0000	0.0000			
50	101	0.0968	5	1	2	1	0	0	0	0	0	N	Y	N	N	N	N	N	N	N	N	N	N	0.0000	0.0000	0.0000	0.0000	0.0000	0.0000	0.0000	0.0000	0.0000	0.0000	0.0000	0.0000	0.0000	0.0000	0.0000	0.0000	0.0000	0.0166	0.0024	0.0368	0.0077	0.0062	0.0151	0.0200	0.0000	0.0395	11.0000	0.0000	0.0002	1.4428	0.0000	0.4686	3.0000	0.0000	0.0000	0.0000	0.0000	0.0000	0.0000	0.0000	0.0000	0.0000	0.0005	0.0000	0.0004	0.0001	0.0000	0.0000	0.0004	0.0000	0.0004	0.0000	0.0000	0.0000	0.0000	0.0000	0.0000	0.0000	0.0000	0.0000	0.0288	0.0169	0.0120	0.0078	0.0065	0.0013	0.0210	0.0104	0.0106	0.0000	0.0000	0.0000	0.0000	0.0000	0.0000	0.0000	0.0000	0.0000	0.0166	0.0024	0.0368	0.0077	0.0062	0.0151	0.0200	0.0000	0.0395		
50	102	0.0937	4	1	2	1	0	0	0	0	0	N	Y	N	N	N	N	N	N	N	N	N	N	0.0000	0.0000	0.0000	0.0000	0.0000	0.0000	0.0000	0.0000	0.0000	0.0000	0.0000	0.0000	0.0000	0.0000	0.0000	0.0000	0.0000	0.0000	0.0000	0.0000	1.4428	0.0000	0.4686	1.0000	0.0000	0.0000	0.0000	0.0000	0.0000	0.0000	0.0000	0.0000	0.0000	0.0000	0.0000	0.0000	0.0000	0.0000	0.0000	0.0000	0.0000	0.0000	0.0000	0.0000	0.0000	0.0000	0.0000	0.0000	0.0000	0.0000	0.0000	0.0100	0.0059	0.0042	0.0027	0.0022	0.0005	0.0074	0.0036	0.0037	0.0000	0.0000	0.0000	0.0000	0.0000	0.0000	0.0000	0.0000	0.0000	0.0000	0.0000	0.0000	0.0000	0.0000	0.0000	0.0000	0.0000	0.0000											
50	103	0.0899	3	0	2	1	0	0	0	0	0	N	Y	N	N	N	N	N	N	N	N	N	N	1125.8922	8826.3710	0.6688	1442.3755	159547.8679	0.0683	129.6115	563.2557	2.6106	0.3236	0.4343	0.0004	0.4560	0.6284	0.0001	0.0358	0.0451	0.0012	0.0003	0.0000	0.0006	0.0003	0.0000	0.0022	0.0003	0.0001	0.0005	0.0003	8.6956	-0.0000	0.0000	1.4428	0.0006	0.4686	1.0534	0.0002	0.0002	0.0000	0.0001	0.0001	0.0000	0.0000	0.0000	0.0000	0.0000	0.0000	0.0000	0.0000	0.0000	0.0000	0.0000	0.0000	0.0000	0.0005	0.0004	0.0001	0.0003	0.0002	0.0001	0.0001	0.0001	0.0000	0.0115	0.0069	0.0046	0.0033	0.0028	0.0005	0.0082	0.0041	0.0041	1125.8922	8826.3710	0.6688	1442.3755	159547.8679	0.0683	129.6115	563.2557	2.6106	0.0003	0.0000	0.0006	0.0003	0.0000	0.0022	0.0003	0.0001	0.0005
50	104	0.0389	2	0	1	1	0	0	0	0	0	N	N	N	N	N	N	N	N	N	N	N	N	425.3204	279.6150	388.8555	2184.7284	2128.8631	39.6876	41.7524	21.2755	1271.5097	1.2463	1.3997	0.0267	1.9340	2.1692	0.0101	0.1622	0.1768	0.0512	0.0029	0.0050	0.0001	0.0009	0.0010	0.0003	0.0039	0.0083	0.0000	0.0024	0.0099	-0.0415	-0.0002	1.4428	7.2034	0.4686	9.9858	0.4452	0.4442	0.0011	0.4227	0.4225	0.0002	0.0225	0.0217	0.0008	0.0003	0.0003	0.0000	0.0000	0.0000	0.0000	0.0003	0.0003	0.0000	0.3572	0.3173	0.0399	0.2186	0.1948	0.0238	0.1387	0.1226	0.0161	0.1100	0.0637	0.0462	0.0350	0.0289	0.0061	0.0750	0.0349	0.0401	425.3204	279.6150	388.8555	2184.7284	2128.8631	39.6876	41.7524	21.2755	1271.5097	0.0029	0.0050	0.0001	0.0009	0.0010	0.0003	0.0039	0.0083	0.0000
50	109	0.3086	6	0	1	1	0	0	0	0	0	N	N	N	N	N	N	N	N	N	N	N	N	0.0025	0.0021	0.0000	0.0021	0.0018	0.0000	0.0121	0.0095	0.0000	0.0017	0.0020	0.0000	0.0020	0.0022	0.0000	0.0011	0.0013	0.0000	0.6870	0.9246	0.0033	0.9396	1.2132	0.0000	0.0942	0.1372	0.0086	0.0000	0.0013	-0.0001	-0.1620	1.4428	7.7801	0.4686	32.2209	0.0005	0.0005	0.0000	0.0004	0.0004	0.0000	0.0001	0.0001	0.0000	0.3115	0.3112	0.0004	0.2988	0.2988	0.0000	0.0128	0.0124	0.0004	0.3094	0.2736	0.0357	0.2195	0.1956	0.0239	0.0899	0.0781	0.0118	0.4535	0.3365	0.1170	0.3180	0.2463	0.0717	0.1355	0.0902	0.0453	0.0025	0.0021	0.0000	0.0021	0.0018	0.0000	0.0121	0.0095	0.0000	0.6870	0.9246	0.0033	0.9396	1.2132	0.0000	0.0942	0.1372	0.0086
51	52	0.0576	2	1	1	1	0	0	0	0	0	N	N	N	N	N	N	N	N	N	N	N	N	0.0170	0.2951	0.0405	0.0773	0.0434	0.8402	0.0168	215.4151	0.0379	0.0753	0.0421	0.3568	0.0590	0.0334	0.4890	0.0810	0.0454	0.3359	4.4193	0.1427	8.8130	0.7630	0.7694	0.5820	4.8130	0.0002	8.8685	0.9990	60.0965	0.0040	0.4689	7.1845	0.9976	8.0722	4.7732	0.0099	0.0049	0.0049	0.0020	0.0011	0.0009	0.0079	0.0039	0.0040	1.0136	0.0166	0.9970	0.0170	0.0166	0.0004	0.9966	0.0000	0.9966	0.1308	0.1170	0.0138	0.0336	0.0317	0.0019	0.0972	0.0853	0.0119	0.2294	0.1162	0.1131	0.0223	0.0215	0.0008	0.2071	0.0947	0.1124	0.0170	0.2951	0.0405	0.0773	0.0434	0.8402	0.0168	215.4151	0.0379	4.4193	0.1427	8.8130	0.7630	0.7694	0.5820	4.8130	0.0002	8.8685
51	55	0.0562	2	0	2	0	0	0	0	0	0	N	Y	N	N	N	N	N	N	N	N	N	N	0.0346	16.5190	0.0000	18.2206	27.5249	0.0008	0.0000	0.0013	0.0000	0.3345	0.4364	0.0000	0.6266	0.6847	0.0001	0.0000	0.0000	0.0000	9.6750	0.0264	27.1728	0.0344	0.0249	0.0808	16.9072	0.0283	34.1577	0.0000	567.1424	-0.0001	1.8982	7.1845	0.0041	8.0722	6.2745	0.0014	0.0014	0.0000	0.0014	0.0014	0.0000	0.0000	0.0000	0.0000	3.9782	0.0070	3.9712	0.0061	0.0036	0.0024	3.9721	0.0034	3.9688	0.0043	0.0033	0.0010	0.0023	0.0021	0.0002	0.0020	0.0012	0.0008	0.4112	0.2650	0.1461	0.1762	0.1463	0.0300	0.2349	0.1187	0.1162	0.0346	16.5190	0.0000	18.2206	27.5249	0.0008	0.0000	0.0013	0.0000	9.6750	0.0264	27.1728	0.0344	0.0249	0.0808	16.9072	0.0283	34.1577
51	56	0.1050	2	0	1	1	0	0	0	0	0	N	N	N	N	N	N	N	N	N	N	N	N	89.7893	21048.4330	0.0030	6.5684	5.5145	0.6722	52.5861	635352.9313	0.0022	3.9190	4.4338	0.0004	0.0020	0.0020	0.0000	4.2321	4.8231	0.0004	0.0436	0.0002	0.1270	0.0003	0.0004	0.0000	0.0805	0.0000	0.1713	0.0000	314.2302	-0.6863	0.0148	7.1845	18.9997	8.0722	4.0000	7.1815	7.1814	0.0001	0.0003	0.0003	0.0000	7.1812	7.1812	0.0001	0.0310	0.0001	0.0309	0.0001	0.0001	0.0000	0.0309	0.0000	0.0309	1.8325	1.6197	0.2128	0.1356	0.1308	0.0048	1.6968	1.4889	0.2079	0.7109	0.4673	0.2436	0.3266	0.2636	0.0630	0.3844	0.2037	0.1806	89.7893	21048.4330	0.0030	6.5684	5.5145	0.6722	52.5861	635352.9313	0.0022	0.0436	0.0002	0.1270	0.0003	0.0004	0.0000	0.0805	0.0000	0.1713
51	58	0.0558	3	1	2	0	0	0	0	0	0	N	Y	N	N	N	N	N	N	N	N	N	N	0.0747	0.0078	10.4003	0.0028	0.0002	5.6801	3.4857	18106.2372	11.8195	0.1629	0.0308	1.3836	0.0614	0.0056	0.8861	0.2360	0.0502	1.5692	2.1812	3.9714	0.1330	22.0101	23.3495	0.1560	0.0677	0.0000	0.1328	4.8555	0.0293	0.0193	-0.3841	7.1845	0.9359	8.0722	8.5945	0.0264	0.0045	0.0219	0.0042	0.0004	0.0038	0.0222	0.0041	0.0181	0.7796	0.7575	0.0222	0.7578	0.7575	0.0003	0.0219	0.0000	0.0219	0.1619	0.1461	0.0158	0.0678	0.0635	0.0043	0.0941	0.0826	0.0115	0.3574	0.1907	0.1667	0.0344	0.0324	0.0020	0.3230	0.1583	0.1647	0.0747	0.0078	10.4003	0.0028	0.0002	5.6801	3.4857	18106.2372	11.8195	2.1812	3.9714	0.1330	22.0101	23.3495	0.1560	0.0677	0.0000	0.1328
51	59	0.0530	2	0	2	0	0	0	0	0	0	N	Y	N	N	N	N	N	N	N	N	N	N	0.3214	0.2390	1.0847	0.1376	0.1240	6.3015	0.4403	39.8341	1.1820	1.2755	0.8055	5.2340	1.5214	1.4025	3.5718	1.0637	0.2332	5.7564	3.9682	3.3708	4.8255	11.0565	11.3099	0.5668	2.4157	0.0059	4.8699	0.7717	0.9975	0.0185	-0.0090	7.1845	0.1706	8.0722	1.8413	0.0545	0.0308	0.0237	0.0301	0.0262	0.0039	0.0244	0.0045	0.0199	0.4167	0.2086	0.2081	0.2086	0.2084	0.0003	0.2081	0.0003	0.2079	0.0427	0.0382	0.0045	0.0198	0.0187	0.0011	0.0230	0.0195	0.0035	0.1050	0.0619	0.0431	0.0189	0.0184	0.0004	0.0862	0.0435	0.0427	0.3214	0.2390	1.0847	0.1376	0.1240	6.3015	0.4403	39.8341	1.1820	3.9682	3.3708	4.8255	11.0565	11.3099	0.5668	2.4157	0.0059	4.8699
51	61	0.4280	8	0	1	0	0	0	0	0	0	N	N	N	N	N	N	N	N	N	N	N	N	0.0875	0.0672	0.0000	0.3393	0.3096	0.0000	0.0000	0.0000	0.0000	0.0005	0.0005	0.0000	0.0041	0.0043	0.0000	0.0000	0.0000	0.0000	0.0052	0.0077	0.0004	0.0121	0.0139	0.0019	0.0005	0.0009	0.0000	0.0000	0.0249	-0.0000	-0.0013	7.1845	1.0140	8.0722	12.0537	0.0001	0.0001	0.0000	0.0001	0.0001	0.0000	0.0000	0.0000	0.0000	0.0027	0.0026	0.0001	0.0025	0.0025	0.0001	0.0002	0.0002	0.0000	0.1150	0.1006	0.0143	0.0126	0.0120	0.0006	0.1023	0.0886	0.0137	0.5191	0.3402	0.1789	0.2079	0.1766	0.0313	0.3113	0.1636	0.1477	0.0875	0.0672	0.0000	0.3393	0.3096	0.0000	0.0000	0.0000	0.0000	0.0052	0.0077	0.0004	0.0121	0.0139	0.0019	0.0005	0.0009	0.0000
51	62	0.3521	5	0	1	0	0	0	0	0	0	N	N	N	N	N	N	N	N	N	N	N	N	0.0366	0.0444	0.0000	0.2931	0.2855	0.0006	0.0000	0.0000	0.0000	0.0574	0.0651	0.0000	0.2719	0.3023	0.0001	0.0000	0.0000	0.0000	1.5691	1.4663	1.7923	0.9278	1.0589	0.1552	2.1794	2.1009	2.2652	0.0000	0.5635	-0.0123	-0.5056	7.1845	22.0948	8.0722	64.3951	0.1285	0.1285	0.0000	0.1285	0.1285	0.0000	0.0000	0.0000	0.0000	3.1468	2.0126	1.1342	0.9073	0.8852	0.0220	2.2396	1.1274	1.1122	2.2368	1.9735	0.2633	0.4725	0.4251	0.0474	1.7643	1.5485	0.2158	2.0054	1.3726	0.6328	0.9778	0.8360	0.1418	1.0276	0.5366	0.4910	0.0366	0.0444	0.0000	0.2931	0.2855	0.0006	0.0000	0.0000	0.0000	1.5691	1.4663	1.7923	0.9278	1.0589	0.1552	2.1794	2.1009	2.2652
51	63	0.1453	4	0	1	0	0	0	0	0	0	N	N	N	N	N	N	N	N	N	N	N	N	0.0158	0.0120	0.0047	0.0795	0.0724	0.1200	0.0008	0.0028	0.0003	0.0055	0.0063	0.0000	0.0648	0.0676	0.0000	0.0000	0.0000	0.0000	0.3469	0.5243	0.0001	0.8143	0.9339	0.0001	0.0001	0.0000	0.0001	0.0000	0.0001	-0.0002	-0.2004	7.1845	3.0638	8.0722	18.8214	0.0019	0.0019	0.0000	0.0019	0.0019	0.0000	0.0000	0.0000	0.0000	0.3846	0.3846	0.0000	0.3846	0.3846	0.0000	0.0000	0.0000	0.0000	0.3368	0.2945	0.0423	0.0286	0.0274	0.0012	0.3083	0.2671	0.0411	1.1086	0.7336	0.3751	0.4723	0.4118	0.0605	0.6363	0.3218	0.3146	0.0158	0.0120	0.0047	0.0795	0.0724	0.1200	0.0008	0.0028	0.0003	0.3469	0.5243	0.0001	0.8143	0.9339	0.0001	0.0001	0.0000	0.0001
51	64	0.0562	2	1	2	1	0	0	0	0	0	N	Y	N	N	N	N	N	N	N	N	N	N	0.0601	0.0768	0.0000	0.5198	0.4557	0.0011	0.0000	0.0000	0.0000	0.0123	0.0142	0.0000	0.1526	0.1604	0.0000	0.0000	0.0000	0.0000	0.2052	0.1849	0.2400	0.2936	0.3519	0.0246	0.1508	0.0209	0.2886	0.0000	0.7566	-0.0001	-0.0093	7.1845	1.0029	8.0722	8.4685	0.0014	0.0014	0.0000	0.0014	0.0014	0.0000	0.0000	0.0000	0.0000	0.1033	0.0588	0.0445	0.0563	0.0554	0.0008	0.0470	0.0033	0.0436	0.1157	0.1005	0.0152	0.0093	0.0089	0.0005	0.1064	0.0916	0.0148	0.5033	0.3180	0.1853	0.1917	0.1576	0.0341	0.3116	0.1604	0.1512	0.0601	0.0768	0.0000	0.5198	0.4557	0.0011	0.0000	0.0000	0.0000	0.2052	0.1849	0.2400	0.2936	0.3519	0.0246	0.1508	0.0209	0.2886
51	66	0.4280	8	0	2	0	0	0	0	0	0	N	Y	N	N	N	N	N	N	N	N	N	N	0.0002	0.0362	0.0000	2.1303	2.8583	0.0000	0.0000	0.0000	0.0000	0.0005	0.0005	0.0000	0.0041	0.0043	0.0000	0.0000	0.0000	0.0000	1.8838	0.0143	5.4294	0.0019	0.0015	0.0043	3.1344	0.0279	6.5805	0.0000	200.6624	-0.0000	0.4749	7.1845	1.0110	8.0722	12.5479	0.0001	0.0001	0.0000	0.0001	0.0001	0.0000	0.0000	0.0000	0.0000	1.0020	0.0050	0.9970	0.0004	0.0003	0.0001	1.0016	0.0047	0.9969	0.1146	0.1004	0.0143	0.0126	0.0120	0.0006	0.1020	0.0883	0.0137	0.5319	0.3482	0.1836	0.2123	0.1802	0.0321	0.3195	0.1681	0.1515	0.0002	0.0362	0.0000	2.1303	2.8583	0.0000	0.0000	0.0000	0.0000	1.8838	0.0143	5.4294	0.0019	0.0015	0.0043	3.1344	0.0279	6.5805
51	67	0.4216	7	0	1	0	0	0	0	0	0	N	N	N	N	N	N	N	N	N	N	N	N	0.0495	0.1112	0.0000	0.2651	0.3003	0.0000	0.0270	0.0821	0.0000	0.0007	0.0008	0.0000	0.0019	0.0020	0.0000	0.0005	0.0006	0.0000	0.0136	0.0069	0.0288	0.0072	0.0067	0.0138	0.0194	0.0074	0.0307	0.0000	1.8381	-0.0000	0.0004	7.1845	0.9784	8.0722	1.5217	0.0001	0.0001	0.0000	0.0000	0.0000	0.0000	0.0001	0.0001	0.0000	0.0035	0.0012	0.0023	0.0009	0.0007	0.0001	0.0026	0.0005	0.0021	0.1109	0.0971	0.0138	0.0120	0.0115	0.0006	0.0989	0.0856	0.0133	0.2549	0.1766	0.0783	0.1206	0.1115	0.0091	0.1343	0.0651	0.0692	0.0495	0.1112	0.0000	0.2651	0.3003	0.0000	0.0270	0.0821	0.0000	0.0136	0.0069	0.0288	0.0072	0.0067	0.0138	0.0194	0.0074	0.0307
51	68	0.3914	6	0	1	0	0	0	0	0	0	N	N	N	N	N	N	N	N	N	N	N	N	0.2199	0.2474	0.0000	1.4429	2.1210	0.0001	0.0083	0.0062	0.0000	0.0072	0.0082	0.0000	0.0581	0.0609	0.0000	0.0002	0.0002	0.0000	0.0326	0.0332	0.0316	0.0403	0.0287	0.1007	0.0257	0.0397	0.0106	0.0000	0.4669	-0.0001	-0.0035	7.1845	1.0531	8.0722	9.0748	0.0009	0.0009	0.0000	0.0009	0.0009	0.0000	0.0000	0.0000	0.0000	0.0171	0.0117	0.0054	0.0101	0.0060	0.0040	0.0070	0.0056	0.0014	0.1227	0.1073	0.0154	0.0147	0.0141	0.0007	0.1079	0.0932	0.0147	0.5239	0.3515	0.1724	0.2499	0.2097	0.0402	0.2740	0.1418	0.1322	0.2199	0.2474	0.0000	1.4429	2.1210	0.0001	0.0083	0.0062	0.0000	0.0326	0.0332	0.0316	0.0403	0.0287	0.1007	0.0257	0.0397	0.0106
51	71	0.0912	5	0	1	1	0	0	0	0	0	N	N	N	N	N	N	N	N	N	N	N	N	0.0000	0.0000	0.0000	0.0000	0.0000	0.0000	0.0000	0.0000	0.0000	0.0000	0.0000	0.0000	0.0000	0.0000	0.0000	0.0000	0.0000	0.0000	0.0000	0.0000	0.0000	0.0000	inf	0.0000	0.0000	7.1845	1.0000	8.0722	0.0055	0.0000	0.0000	0.0000	0.0000	0.0000	0.0000	0.0000	0.0000	0.0000	0.0000	0.0000	0.0000	0.0000	0.0000	0.0000	0.0000	0.0000	0.0000	0.0634	0.0551	0.0083	0.0000	0.0000	0.0000	0.0633	0.0551	0.0083	0.0271	0.0174	0.0097	0.0105	0.0090	0.0015	0.0166	0.0084	0.0082	0.0000	0.0000	0.0000	0.0000	0.0000	0.0000	0.0000	0.0000	0.0000	0.0000	0.0000	0.0000	0.0000	0.0000	0.0000	0.0000	0.0000	0.0000						
51	72	0.0845	4	0	1	1	0	0	0	0	0	N	N	N	N	N	N	N	N	N	N	N	N	0.0000	0.0000	0.0000	0.0000	0.0000	0.0000	0.0000	0.0000	0.0000	0.0000	0.0000	0.0000	0.0000	0.0000	0.0000	0.0000	0.0000	0.0000	0.0004	0.0006	0.0000	0.0009	0.0011	0.0000	0.0000	0.0000	0.0001	0.0419	0.0000	-0.0000	7.1845	0.0000	8.0722	1.0265	0.0000	0.0000	0.0000	0.0000	0.0000	0.0000	0.0000	0.0000	0.0000	0.0000	0.0000	0.0000	0.0000	0.0000	0.0000	0.0000	0.0000	0.0000	0.0000	0.0000	0.0000	0.0000	0.0000	0.0000	0.0000	0.0000	0.0000	0.0301	0.0197	0.0104	0.0120	0.0104	0.0015	0.0182	0.0093	0.0089	0.0000	0.0000	0.0000	0.0000	0.0000	0.0000	0.0000	0.0000	0.0000	0.0004	0.0006	0.0000	0.0009	0.0011	0.0000	0.0000	0.0000	0.0001	
51	73	0.0791	3	0	1	0	0	0	0	0	0	N	N	N	N	N	N	N	N	N	N	N	N	0.0000	0.0000	0.0000	0.0000	0.0000	0.0000	0.0000	0.0000	0.0000	0.0000	0.0000	0.0000	0.0000	0.0000	0.0000	0.0000	0.0000	0.0000	0.0004	0.0003	0.0006	0.0003	0.0004	0.0000	0.0005	0.0002	0.0007	0.9081	0.0000	-0.0000	7.1845	0.0000	8.0722	1.0321	0.0000	0.0000	0.0000	0.0000	0.0000	0.0000	0.0000	0.0000	0.0000	0.0001	0.0001	0.0001	0.0001	0.0001	0.0000	0.0001	0.0000	0.0001	0.0441	0.0385	0.0056	0.0247	0.0232	0.0015	0.0194	0.0153	0.0041	0.2993	0.2016	0.0976	0.1555	0.1423	0.0132	0.1438	0.0593	0.0845	0.0000	0.0000	0.0000	0.0000	0.0000	0.0000	0.0000	0.0000	0.0000	0.0004	0.0003	0.0006	0.0003	0.0004	0.0000	0.0005	0.0002	0.0007	
51	74	0.0563	2	0	1	0	0	0	0	0	0	N	N	N	N	N	N	N	N	N	N	N	N	3.6580	5.4080	2.8478	9.3178	9.6706	0.5897	1.9216	4.5568	3.0383	0.2141	0.2035	0.2654	0.4882	0.5284	0.0129	0.1195	0.0739	0.2990	0.0585	0.0376	0.0932	0.0524	0.0546	0.0219	0.0622	0.0162	0.0984	0.2678	1.4918	0.0025	0.0034	7.1845	0.5629	8.0722	8.5245	0.0214	0.0168	0.0045	0.0125	0.0125	0.0000	0.0089	0.0044	0.0045	0.0433	0.0174	0.0259	0.0145	0.0141	0.0004	0.0288	0.0033	0.0255	0.0998	0.0828	0.0170	0.0256	0.0236	0.0020	0.0742	0.0592	0.0150	0.7402	0.4619	0.2783	0.2764	0.2574	0.0190	0.4638	0.2045	0.2593	3.6580	5.4080	2.8478	9.3178	9.6706	0.5897	1.9216	4.5568	3.0383	0.0585	0.0376	0.0932	0.0524	0.0546	0.0219	0.0622	0.0162	0.0984
51	75	0.0733	3	0	2	0	0	0	0	0	0	N	Y	N	N	N	N	N	N	N	N	N	N	0.0000	0.0000	0.0000	0.0000	0.0000	0.0000	0.0000	0.0000	0.0000	0.0000	0.0000	0.0000	0.0000	0.0000	0.0000	0.0000	0.0000	0.0000	0.0277	0.0399	0.0003	0.0007	0.0008	0.0000	0.0452	0.0799	0.0004	0.0035	0.0000	-0.0031	7.1845	1.9994	8.0722	4.0943	0.0000	0.0000	0.0000	0.0000	0.0000	0.0000	0.0000	0.0000	0.0000	0.0059	0.0059	0.0000	0.0001	0.0001	0.0000	0.0058	0.0058	0.0000	0.1275	0.1112	0.0162	0.0001	0.0001	0.0000	0.1274	0.1112	0.0162	0.2130	0.1472	0.0658	0.0838	0.0745	0.0093	0.1292	0.0728	0.0565	0.0000	0.0000	0.0000	0.0000	0.0000	0.0000	0.0000	0.0000	0.0000	0.0277	0.0399	0.0003	0.0007	0.0008	0.0000	0.0452	0.0799	0.0004	
51	76	0.0670	2	0	1	0	0	0	0	0	0	N	N	N	N	N	N	N	N	N	N	N	N	0.0000	0.0000	0.0000	0.0000	0.0000	0.0000	0.0000	0.0000	0.0000	0.0000	0.0000	0.0000	0.0000	0.0000	0.0000	0.0000	0.0000	0.0000	0.0048	0.0049	0.0046	0.0040	0.0039	0.0053	0.0054	0.0061	0.0045	0.4239	0.0000	-0.0001	7.1845	0.0011	8.0722	2.7207	0.0000	0.0000	0.0000	0.0000	0.0000	0.0000	0.0000	0.0000	0.0000	0.0006	0.0004	0.0002	0.0002	0.0002	0.0000	0.0004	0.0002	0.0002	0.0001	0.0001	0.0000	0.0000	0.0000	0.0000	0.0001	0.0001	0.0000	0.1231	0.0852	0.0379	0.0518	0.0470	0.0047	0.0714	0.0382	0.0332	0.0000	0.0000	0.0000	0.0000	0.0000	0.0000	0.0000	0.0000	0.0000	0.0048	0.0049	0.0046	0.0040	0.0039	0.0053	0.0054	0.0061	0.0045	
51	78	0.0551	2	1	1	1	0	0	0	0	0	N	N	N	N	N	N	N	N	N	N	N	N	129.0243	644.7880	0.7963	78.4085	76.4765	2.0075	8.0832	207363.7183	1.2851	1.5871	1.7164	0.0172	2.5172	2.6593	0.0032	0.0926	0.1008	0.0279	0.0123	0.0027	0.0216	0.0321	0.0348	0.0016	0.0115	0.0000	0.0217	0.0008	8.4088	-0.0594	0.0003	7.1845	1.6246	8.0722	0.0115	0.6273	0.6267	0.0005	0.6132	0.6132	0.0000	0.0140	0.0136	0.0005	0.0007	0.0001	0.0007	0.0001	0.0001	0.0000	0.0007	0.0000	0.0007	0.3952	0.3652	0.0301	0.2436	0.2306	0.0130	0.1516	0.1346	0.0170	0.0601	0.0295	0.0306	0.0025	0.0023	0.0002	0.0576	0.0273	0.0304	129.0243	644.7880	0.7963	78.4085	76.4765	2.0075	8.0832	207363.7183	1.2851	0.0123	0.0027	0.0216	0.0321	0.0348	0.0016	0.0115	0.0000	0.0217
51	83	0.1453	4	0	1	0	0	0	0	0	0	N	N	N	N	N	N	N	N	N	N	N	N	0.0038	0.0585	0.0000	0.4290	0.3842	0.0526	0.0000	0.0000	0.0000	0.0018	0.0021	0.0000	0.0228	0.0238	0.0000	0.0000	0.0000	0.0000	0.4863	0.0359	1.3050	0.0532	0.0619	0.0001	0.7456	0.0101	1.5314	0.0000	19.9918	-0.0002	0.2911	7.1845	10.0679	8.0722	33.8159	0.0019	0.0019	0.0000	0.0019	0.0019	0.0000	0.0000	0.0000	0.0000	0.6750	0.0322	0.6429	0.0277	0.0276	0.0000	0.6474	0.0045	0.6429	1.0028	0.8812	0.1216	0.0811	0.0779	0.0032	0.9217	0.8033	0.1184	1.3880	0.8954	0.4926	0.5198	0.4469	0.0728	0.8682	0.4485	0.4198	0.0038	0.0585	0.0000	0.4290	0.3842	0.0526	0.0000	0.0000	0.0000	0.4863	0.0359	1.3050	0.0532	0.0619	0.0001	0.7456	0.0101	1.5314
51	84	0.1177	3	0	1	0	0	0	0	0	0	N	N	N	N	N	N	N	N	N	N	N	N	0.0649	0.0881	0.0056	0.2079	0.1969	0.0113	0.0430	0.3002	0.0051	0.0324	0.0367	0.0037	0.1262	0.1330	0.0001	0.0179	0.0202	0.0039	0.4987	0.4163	0.6690	0.6069	0.6752	0.0101	0.4167	0.0674	0.7724	0.0151	0.7779	-0.0003	-0.0447	7.1845	0.9441	8.0722	14.0836	0.0039	0.0038	0.0001	0.0020	0.0020	0.0000	0.0018	0.0018	0.0001	0.5349	0.3009	0.2341	0.2806	0.2801	0.0005	0.2543	0.0207	0.2336	0.1192	0.1037	0.0155	0.0159	0.0151	0.0008	0.1033	0.0886	0.0147	1.0726	0.7228	0.3499	0.4623	0.4149	0.0475	0.6103	0.3079	0.3024	0.0649	0.0881	0.0056	0.2079	0.1969	0.0113	0.0430	0.3002	0.0051	0.4987	0.4163	0.6690	0.6069	0.6752	0.0101	0.4167	0.0674	0.7724
51	85	0.3999	6	0	1	0	0	0	0	0	0	N	N	N	N	N	N	N	N	N	N	N	N	0.2131	0.1856	0.0000	2.8485	5.6534	0.0000	0.0806	0.0520	0.0000	0.1778	0.2025	0.0000	0.3883	0.4428	0.0000	0.1184	0.1348	0.0000	0.8347	1.0911	0.2723	0.1363	0.0783	0.4988	1.4688	2.5938	0.2123	0.0000	0.1138	-0.0310	-0.4700	7.1845	15.0008	8.0722	28.2980	0.3246	0.3246	0.0000	0.1561	0.1561	0.0000	0.1686	0.1686	0.0000	1.1220	1.0074	0.1147	0.0872	0.0432	0.0440	1.0348	0.9642	0.0707	1.8255	1.6028	0.2227	0.4020	0.3525	0.0495	1.4235	1.2503	0.1732	1.3443	0.9232	0.4210	0.6398	0.5515	0.0882	0.7045	0.3717	0.3328	0.2131	0.1856	0.0000	2.8485	5.6534	0.0000	0.0806	0.0520	0.0000	0.8347	1.0911	0.2723	0.1363	0.0783	0.4988	1.4688	2.5938	0.2123
51	86	0.3999	6	0	1	0	0	0	0	0	0	N	N	N	N	N	N	N	N	N	N	N	N	1.5039	3.9675	0.0001	1.1591	2.2025	0.0002	1.8101	173.3556	0.0001	0.1894	0.2184	0.0000	0.1623	0.1892	0.0001	0.2012	0.2309	0.0000	0.1259	0.0551	0.2926	0.1400	0.0859	0.5031	0.1111	0.0013	0.2323	0.0000	2.2607	-0.0218	0.0284	7.1845	10.8154	8.0722	27.4443	0.2277	0.2277	0.0000	0.0592	0.0592	0.0000	0.1686	0.1686	0.0000	0.1650	0.0506	0.1144	0.0939	0.0501	0.0438	0.0710	0.0004	0.0706	1.2024	1.0426	0.1598	0.3646	0.3128	0.0518	0.8378	0.7298	0.1079	1.3099	0.9190	0.3909	0.6708	0.5837	0.0870	0.6391	0.3353	0.3038	1.5039	3.9675	0.0001	1.1591	2.2025	0.0002	1.8101	173.3556	0.0001	0.1259	0.0551	0.2926	0.1400	0.0859	0.5031	0.1111	0.0013	0.2323
51	87	0.3521	5	0	1	0	0	0	0	0	0	N	N	N	N	N	N	N	N	N	N	N	N	1.1761	3.1424	0.0601	1.4363	2.4534	0.0227	0.9561	5.8030	0.0928	0.3086	0.3512	0.0384	0.2856	0.3284	0.0142	0.3289	0.3716	0.0596	0.2624	0.1118	0.6386	0.1989	0.1338	0.6274	0.3440	0.0640	0.6425	0.0173	2.2865	-0.0181	0.0892	7.1845	2.7608	8.0722	22.4044	0.2300	0.2261	0.0039	0.1001	0.0994	0.0007	0.1299	0.1267	0.0032	0.5109	0.1555	0.3554	0.2179	0.1273	0.0906	0.2930	0.0281	0.2649	0.7454	0.6437	0.1017	0.3505	0.3028	0.0477	0.3949	0.3409	0.0540	1.9473	1.3907	0.5566	1.0955	0.9511	0.1443	0.8518	0.4396	0.4122	1.1761	3.1424	0.0601	1.4363	2.4534	0.0227	0.9561	5.8030	0.0928	0.2624	0.1118	0.6386	0.1989	0.1338	0.6274	0.3440	0.0640	0.6425
51	88	0.2223	4	0	1	0	0	0	0	0	0	N	N	N	N	N	N	N	N	N	N	N	N	0.0795	0.1575	0.0082	0.0895	0.0968	0.0022	0.0646	0.1772	0.0077	0.1418	0.1576	0.0277	0.0947	0.1009	0.0037	0.1501	0.1683	0.0298	1.7830	1.0006	3.3765	1.0581	1.0421	1.6924	2.3220	0.9498	3.8416	0.0244	1.6566	-0.0101	0.3233	7.1845	8.8820	8.0722	49.9570	0.1403	0.1369	0.0033	0.0141	0.0140	0.0000	0.1262	0.1229	0.0033	3.1545	1.1874	1.9671	0.7984	0.6810	0.1175	2.3560	0.5065	1.8496	0.9893	0.8690	0.1204	0.1485	0.1389	0.0095	0.8409	0.7300	0.1108	1.7692	1.1867	0.5826	0.7546	0.6535	0.1011	1.0147	0.5332	0.4815	0.0795	0.1575	0.0082	0.0895	0.0968	0.0032	0.0646	0.1772	0.0077	1.7830	1.0006	3.3765	1.0581	1.0421	1.1618	2.3220	0.9498	3.8416
51	90	0.1069	6	0	2	0	1	0	0	0	0	N	Y	N	N	N	N	N	N	N	N	N	N	0.0000	0.0000	0.0000	0.0000	0.0000	0.0000	0.0000	0.0000	0.0000	0.0000	0.0000	0.0000	0.0000	0.0000	0.0000	0.0000	0.0000	0.0000	0.0000	0.0000	7.1845	0.0000	8.0722	0.0000	0.0000	0.0000	0.0000	0.0000	0.0000	0.0000	0.0000	0.0000	0.0000	0.0000	0.0000	0.0000	0.0000	0.0000	0.0000	0.0000	0.0000	0.0000	0.0000	0.0000	0.0000	0.0000	0.0000	0.0000	0.0000	0.0000	0.0000	0.0000	0.0000	0.0000	0.0000	0.0000	0.0000	0.0000	0.0000	0.0000	0.0000	0.0000	0.0000	0.0000	0.0000	0.0000	0.0000	0.0000	0.0000	0.0000	0.0000	0.0000	0.0000	0.0000	0.0000	0.0000	0.0000	0.0000											
51	91	0.0962	5	0	2	0	1	0	0	0	0	N	Y	N	N	N	N	N	N	N	N	N	N	0.0000	0.0000	0.0000	0.0000	0.0000	0.0000	0.0000	0.0000	0.0000	0.0000	0.0000	0.0000	0.0000	0.0000	0.0000	0.0000	0.0000	0.0000	0.0000	0.0000	7.1845	1.0000	8.0722	3.0000	0.0000	0.0000	0.0000	0.0000	0.0000	0.0000	0.0000	0.0000	0.0000	0.0000	0.0000	0.0000	0.0000	0.0000	0.0000	0.0000	0.0000	0.0000	0.1008	0.0899	0.0109	0.0347	0.0320	0.0027	0.0661	0.0579	0.0082	0.1282	0.0640	0.0642	0.0138	0.0117	0.0021	0.1144	0.0523	0.0620	0.0000	0.0000	0.0000	0.0000	0.0000	0.0000	0.0000	0.0000	0.0000	0.0000	0.0000	0.0000	0.0000	0.0000	0.0000	0.0000	0.0000	0.0000											
51	92	0.0897	3	0	2	0	0	0	0	0	0	N	Y	N	N	N	N	N	N	N	N	N	N	0.0000	0.0000	0.0000	0.0000	0.0000	0.0000	0.0000	0.0000	0.0000	0.0000	0.0000	0.0000	0.0000	0.0000	0.0000	0.0000	0.0000	0.0000	0.0000	0.0000	7.1845	0.0000	8.0722	0.0000	0.0000	0.0000	0.0000	0.0000	0.0000	0.0000	0.0000	0.0000	0.0000	0.0000	0.0000	0.0000	0.0000	0.0000	0.0000	0.0000	0.0000	0.0000	0.0000	0.0000	0.0000	0.0000	0.0000	0.0000	0.0000	0.0000	0.0000	0.0000	0.0000	0.0000	0.0000	0.0000	0.0000	0.0000	0.0000	0.0000	0.0000	0.0000	0.0000	0.0000	0.0000	0.0000	0.0000	0.0000	0.0000	0.0000	0.0000	0.0000	0.0000	0.0000	0.0000	0.0000	0.0000	0.0000											
51	93	0.0962	5	0	1	1	1	0	0	0	0	N	N	N	N	N	N	N	N	N	N	N	N	0.0000	0.0000	0.0000	0.0000	0.0000	0.0000	0.0000	0.0000	0.0000	0.0000	0.0000	0.0000	0.0000	0.0000	0.0000	0.0000	0.0000	0.0000	0.0000	0.0000	7.1845	0.0000	8.0722	0.0000	0.0000	0.0000	0.0000	0.0000	0.0000	0.0000	0.0000	0.0000	0.0000	0.0000	0.0000	0.0000	0.0000	0.0000	0.0000	0.0000	0.0000	0.0000	0.0000	0.0000	0.0000	0.0000	0.0000	0.0000	0.0000	0.0000	0.0000	0.0000	0.0000	0.0000	0.0000	0.0000	0.0000	0.0000	0.0000	0.0000	0.0000	0.0000	0.0000	0.0000	0.0000	0.0000	0.0000	0.0000	0.0000	0.0000	0.0000	0.0000	0.0000	0.0000	0.0000	0.0000	0.0000	0.0000											
51	94	0.0935	4	0	1	0	1	0	0	0	0	N	N	N	N	N	N	N	N	N	N	N	N	0.0000	0.0000	0.0000	0.0000	0.0000	0.0000	0.0000	0.0000	0.0000	0.0000	0.0000	0.0000	0.0000	0.0678	0.1362	0.0000	0.0000	0.0000	0.0000	0.0773	0.1731	0.0000	0.0000	0.0000	-0.0012	7.1845	1.0000	8.0722	0.0097	0.0000	0.0000	0.0000	0.0000	0.0000	0.0000	0.0000	0.0000	0.0000	0.0024	0.0024	0.0000	0.0000	0.0000	0.0000	0.0024	0.0024	0.0000	0.1008	0.0899	0.0109	0.0347	0.0320	0.0027	0.0661	0.0579	0.0082	0.0348	0.0173	0.0175	0.0043	0.0037	0.0006	0.0305	0.0136	0.0169	0.0000	0.0000	0.0000	0.0000	0.0000	0.0000	0.0000	0.0000	0.0000	0.0678	0.1362	0.0000	0.0000	0.0000	0.0000	0.0773	0.1731	0.0000						
51	95	0.0935	4	0	1	1	1	0	0	0	0	N	N	N	N	N	N	N	N	N	N	N	N	0.8049	0.4514	inf	0.2593	0.2389	inf	5.0265	5.6365	0.0005	14.6840	15.9167	0.0019	0.0000	0.0000	0.0000	6.2446	12.4877	0.0000	56.6264	66.6234	0.0000	0.0000	0.0000	0.0000	0.0000	0.0000	-0.0955	-0.5197	7.1845	2.0000	8.0722	3.0050	0.9999	0.9998	0.0000	0.9999	0.9998	0.0000	0.0000	0.0000	0.0000	0.9973	0.9973	0.0000	0.9973	0.9973	0.0000	0.0000	0.0000	0.0000	0.1989	0.1774	0.0215	0.0681	0.0628	0.0053	0.1308	0.1146	0.0163	0.1597	0.0799	0.0798	0.0176	0.0150	0.0026	0.1421	0.0649	0.0772	0.8049	0.4514	inf	0.2593	0.2389	inf	0.0000	0.0000	0.0000	6.2446	12.4877	0.0000	56.6264	66.6234	0.0000	0.0000	0.0000	0.0000			
51	96	0.0935	4	0	1	1	1	0	0	0	0	N	N	N	N	N	N	N	N	N	N	N	N	0.0000	0.0000	0.0000	0.0000	0.0000	0.0000	0.0000	0.0000	0.0000	0.0000	0.0000	0.0000	0.0000	4.5859	9.1466	0.0000	42.0620	49.5896	0.0000	0.0000	0.0000	0.0000	0.0000	0.0000	-0.5197	7.1845	0.0000	8.0722	6.9903	0.0000	0.0000	0.0000	0.0000	0.0000	0.0000	0.0000	0.0000	0.0000	0.9973	0.9973	0.0000	0.9973	0.9973	0.0000	0.0000	0.0000	0.0000	0.0000	0.0000	0.0000	0.0000	0.0000	0.0000	0.0000	0.0000	0.0000	0.2175	0.1090	0.1084	0.0237	0.0201	0.0036	0.1938	0.0889	0.1048	0.0000	0.0000	0.0000	0.0000	0.0000	0.0000	0.0000	0.0000	0.0000	4.5859	9.1466	0.0000	42.0620	49.5896	0.0000	0.0000	0.0000	0.0000						
51	97	0.0880	3	0	1	0	1	0	0	0	0	N	N	N	N	N	N	N	N	N	N	N	N	0.0000	0.0000	0.0000	0.0000	0.0000	0.0000	0.0000	0.0000	0.0000	0.0000	0.0000	0.0000	0.0000	0.0000	0.0000	0.0427	0.0813	0.0000	0.2371	0.2673	0.0000	0.0143	0.0303	0.0000	0.0000	0.0000	-0.0017	7.1845	0.9999	8.0722	1.0605	0.0000	0.0000	0.0000	0.0000	0.0000	0.0000	0.0000	0.0000	0.0000	0.0033	0.0033	0.0000	0.0024	0.0024	0.0000	0.0010	0.0010	0.0000	0.1492	0.1346	0.0146	0.0559	0.0519	0.0039	0.0933	0.0827	0.0107	0.0782	0.0410	0.0371	0.0099	0.0088	0.0011	0.0682	0.0322	0.0360	0.0000	0.0000	0.0000	0.0000	0.0000	0.0000	0.0000	0.0000	0.0000	0.0427	0.0813	0.0000	0.2371	0.2673	0.0000	0.0143	0.0303	0.0000				
51	98	0.0859	2	0	1	0	1	0	0	0	0	N	N	N	N	N	N	N	N	N	N	N	N	39.9321	16.5047	42567.2491	13.7624	10.9639	10801.3837	60.5844	17.7425	45682.4803	1.9608	1.4808	5.7397	2.0413	1.7744	6.1933	1.8793	1.1461	5.5722	0.0491	0.0897	0.0001	0.1483	0.1618	0.0006	0.0310	0.0646	0.0001	0.4923	0.0012	0.0002	-0.0011	7.1845	0.0012	8.0722	1.0414	0.0010	0.0007	0.0003	0.0005	0.0004	0.0001	0.0005	0.0002	0.0002	0.0021	0.0021	0.0000	0.0010	0.0010	0.0000	0.0011	0.0011	0.0000	0.0005	0.0004	0.0001	0.0003	0.0002	0.0000	0.0002	0.0002	0.0000	0.0435	0.0238	0.0197	0.0067	0.0061	0.0006	0.0368	0.0176	0.0192	39.9321	16.5047	42567.2491	13.7624	10.9639	10801.3837	60.5844	17.7425	45682.4803	0.0491	0.0897	0.0001	0.1483	0.1618	0.0006	0.0310	0.0646	0.0001
51	101	0.0928	4	1	2	0	0	0	0	0	0	N	Y	N	N	N	N	N	N	N	N	N	N	0.0000	0.0000	0.0000	0.0000	0.0000	0.0000	0.0000	0.0000	0.0000	0.0000	0.0000	0.0000	0.0000	0.0000	0.0000	9.7066	0.0004	19.5119	0.0000	0.0000	0.0000	10.7778	0.0005	20.1478	49978.0000	0.0000	0.4787	7.1845	0.0000	8.0722	3.0000	0.0000	0.0000	0.0000	0.0000	0.0000	0.0000	0.0000	0.0000	0.0000	0.9996	0.0000	0.9996	0.0000	0.0000	0.0000	0.9996	0.0000	0.9996	0.0000	0.0000	0.0000	0.0000	0.0000	0.0000	0.0000	0.0000	0.0000	0.1030	0.0518	0.0512	0.0102	0.0086	0.0016	0.0927	0.0431	0.0496	0.0000	0.0000	0.0000	0.0000	0.0000	0.0000	0.0000	0.0000	0.0000	9.7066	0.0004	19.5119	0.0000	0.0000	0.0000	10.7778	0.0005	20.1478				
51	102	0.0897	3	1	2	0	0	0	0	0	0	N	Y	N	N	N	N	N	N	N	N	N	N	0.0000	0.0000	0.0000	0.0000	0.0000	0.0000	0.0000	0.0000	0.0000	0.0000	0.0000	0.0000	0.0000	0.0000	0.0000	0.0000	0.0000	0.0000	0.0000	0.0000	7.1845	0.0000	8.0722	1.0000	0.0000	0.0000	0.0000	0.0000	0.0000	0.0000	0.0000	0.0000	0.0000	0.0000	0.0000	0.0000	0.0000	0.0000	0.0000	0.0000	0.0000	0.0000	0.0000	0.0000	0.0000	0.0000	0.0000	0.0000	0.0000	0.0000	0.0000	0.0358	0.0179	0.0178	0.0036	0.0030	0.0006	0.0322	0.0149	0.0173	0.0000	0.0000	0.0000	0.0000	0.0000	0.0000	0.0000	0.0000	0.0000	0.0000	0.0000	0.0000	0.0000	0.0000	0.0000	0.0000	0.0000	0.0000											
51	103	0.0859	2	0	2	0	0	0	0	0	0	N	Y	N	N	N	N	N	N	N	N	N	N	52.0343	16.0184	161813.2499	174.0384	75.9907	6847.3196	80.5119	23.9942	317276.8434	1.3702	0.7718	5.9237	0.4069	0.1900	3.8826	2.4707	1.5363	6.6771	0.0263	0.0482	0.0000	0.0023	0.0025	0.0006	0.0307	0.0640	0.0000	1.0087	0.0006	0.0002	-0.0006	7.1845	0.0006	8.0722	1.0534	0.0006	0.0003	0.0003	0.0001	0.0000	0.0000	0.0005	0.0002	0.0002	0.0012	0.0012	0.0000	0.0000	0.0000	0.0000	0.0011	0.0011	0.0000	0.0004	0.0004	0.0000	0.0002	0.0002	0.0000	0.0002	0.0002	0.0000	0.0439	0.0240	0.0199	0.0067	0.0062	0.0006	0.0372	0.0178	0.0194	52.0343	16.0184	161813.2499	174.0384	75.9907	6847.3196	80.5119	23.9942	317276.8434	0.0263	0.0482	0.0000	0.0023	0.0025	0.0006	0.0307	0.0640	0.0000
51	109	0.3046	5	0	1	0	0	0	0	0	0	N	N	N	N	N	N	N	N	N	N	N	N	0.0154	0.0120	0.0001	0.0826	0.0744	0.0018	0.0000	0.0000	0.0000	0.0088	0.0100	0.0000	0.0703	0.0741	0.0000	0.0000	0.0000	0.0000	0.5697	0.8303	0.0090	0.8508	0.9962	0.0089	0.3157	0.5888	0.0090	0.0000	0.0050	-0.0007	-0.4304	7.1845	7.7801	8.0722	32.2209	0.0072	0.0072	0.0000	0.0072	0.0072	0.0000	0.0000	0.0000	0.0000	0.8340	0.8298	0.0042	0.5912	0.5903	0.0009	0.2428	0.2395	0.0033	0.8271	0.7270	0.1002	0.1031	0.0978	0.0053	0.7241	0.6292	0.0949	1.4640	0.9993	0.4646	0.6949	0.5925	0.1023	0.7691	0.4068	0.3623	0.0154	0.0120	0.0001	0.0826	0.0744	0.0018	0.0000	0.0000	0.0000	0.5697	0.8303	0.0090	0.8508	0.9962	0.0089	0.3157	0.5888	0.0090
52	54	0.0399	2	2	1	1	0	0	0	0	0	Y	N	N	N	N	N	N	N	N	N	N	N	0.0641	1.0979	0.0000	0.4721	0.5427	0.0000	0.0000	0.0000	0.0146	0.0159	0.0000	0.0396	0.0407	0.0000	0.0000	0.0000	0.0000	0.2283	0.0145	0.4482	0.0838	0.0750	0.3505	0.2446	0.0000	0.4488	0.0000	30.0857	-0.0001	0.0198	0.9976	1.7961	4.7732	11.9291	0.0009	0.0009	0.0000	0.0009	0.0009	0.0000	0.0000	0.0000	0.0000	0.0443	0.0014	0.0428	0.0016	0.0014	0.0002	0.0426	0.0000	0.0426	0.0586	0.0539	0.0047	0.0217	0.0211	0.0006	0.0369	0.0329	0.0041	0.1939	0.0983	0.0956	0.0196	0.0190	0.0006	0.1742	0.0793	0.0949	0.0641	1.0979	0.0000	0.4721	0.5427	0.0000	0.0000	0.0000	0.0000	0.2283	0.0145	0.4482	0.0838	0.0750	0.3505	0.2446	0.0000	0.4488	
52	55	0.0612	3	1	1	1	0	0	0	0	0	N	N	N	N	N	N	N	N	N	N	N	N	0.0952	0.1986	0.0000	0.1851	0.1781	0.0000	0.0039	0.3753	0.0000	0.0078	0.0083	0.0000	0.0127	0.0132	0.0000	0.0004	0.0004	0.0000	0.0822	0.0418	0.1543	0.0686	0.0740	0.0268	0.0914	0.0010	0.1731	0.0000	2.0703	-0.0000	0.0016	0.9976	0.0041	4.7732	6.2745	0.0000	0.0000	0.0000	0.0000	0.0000	0.0000	0.0000	0.0000	0.0000	0.0106	0.0034	0.0071	0.0036	0.0034	0.0002	0.0070	0.0000	0.0070	0.0005	0.0004	0.0000	0.0003	0.0003	0.0000	0.0002	0.0002	0.0000	0.1286	0.0824	0.0462	0.0519	0.0460	0.0059	0.0767	0.0364	0.0403	0.0952	0.1986	0.0000	0.1851	0.1781	0.0000	0.0039	0.3753	0.0000	0.0822	0.0418	0.1543	0.0686	0.0740	0.0268	0.0914	0.0010	0.1731
52	56	0.1100	3	1	0	2	0	0	0	0	0	N	N	Y	N	N	N	N	N	N	N	N	N	9.7123	inf	0.0000	14.3040	inf	0.0000	5.5455	inf	0.0000	0.0483	0.0541	0.0000	0.0336	0.0358	0.0000	0.0548	0.0628	0.0000	0.0050	0.0000	0.0166	0.0023	0.0000	0.0131	0.0099	0.0000	0.0189	0.0000	inf	-0.0010	0.0006	0.9976	18.9997	4.7732	4.0000	0.0108	0.0108	0.0000	0.0023	0.0023	0.0000	0.0085	0.0085	0.0000	0.0012	0.0000	0.0012	0.0004	0.0000	0.0004	0.0008	0.0000	0.0008	0.2234	0.1995	0.0239	0.0688	0.0646	0.0042	0.1546	0.1349	0.0197	0.2352	0.1649	0.0704	0.1534	0.1259	0.0275	0.0819	0.0390	0.0429	9.7123	inf	0.0000	14.3040	inf	0.0000	5.5455	inf	0.0000	0.0050	0.0000	0.0166	0.0023	0.0000	0.0131	0.0099	0.0000	0.0189
52	57	0.0399	2	1	0	1	0	0	0	0	0	N	N	N	N	N	N	N	N	N	N	N	N	0.1743	0.0966	0.0000	0.0444	0.0440	0.0000	4.1201	inf	0.0000	0.0141	0.0153	0.0000	0.0389	0.0401	0.0000	0.0000	0.0000	0.0000	0.0808	0.1587	0.0000	0.8763	0.9102	0.0000	0.0000	0.0000	0.0000	0.0000	0.0000	-0.0001	-0.0135	0.9976	1.7961	4.7732	22.3138	0.0009	0.0009	0.0000	0.0009	0.0009	0.0000	0.0000	0.0000	0.0000	0.0259	0.0259	0.0000	0.0259	0.0259	0.0000	0.0000	0.0000	0.0000	0.0609	0.0559	0.0050	0.0221	0.0214	0.0006	0.0389	0.0345	0.0043	0.3203	0.1631	0.1572	0.0295	0.0284	0.0011	0.2907	0.1346	0.1561	0.1743	0.0966	0.0000	0.0444	0.0440	0.0000	4.1201	inf	0.0000	0.0808	0.1587	0.0000	0.8763	0.9102	0.0000	0.0000	0.0000	0.0000
52	58	0.0608	4	2	1	1	0	0	0	0	0	Y	N	N	N	N	N	N	N	N	N	N	N	0.8989	0.0000	2.9280	2.9212	0.0000	10.6432	0.7603	0.0000	2.5605	0.0035	0.0000	0.0239	0.0086	0.0000	0.7322	0.0031	0.0000	0.0197	0.0039	0.0004	0.0082	0.0029	0.0014	0.0688	0.0041	0.0000	0.0077	inf	17.7694	0.0001	0.0003	0.9976	0.9359	4.7732	8.5945	0.0001	0.0000	0.0001	0.0000	0.0000	0.0000	0.0001	0.0000	0.0001	0.0008	0.0000	0.0008	0.0001	0.0000	0.0001	0.0007	0.0000	0.0007	0.0192	0.0164	0.0028	0.0014	0.0014	0.0000	0.0177	0.0150	0.0028	0.2069	0.1138	0.0931	0.0319	0.0311	0.0007	0.1750	0.0827	0.0923	0.8989	0.0000	2.9280	2.9212	0.0000	10.6432	0.7603	0.0000	2.5605	0.0039	0.0004	0.0082	0.0029	0.0014	0.0688	0.0041	0.0000	0.0077
52	59	0.0580	3	1	1	1	0	0	0	0	0	N	N	N	N	N	N	N	N	N	N	N	N	0.9312	0.7816	2.1476	1.6400	1.4817	3.9159	0.6423	0.0071	1.8859	0.0295	0.0168	0.1000	0.0935	0.0804	0.9420	0.0155	0.0000	0.0848	0.0317	0.0214	0.0466	0.0570	0.0543	0.2406	0.0242	0.0013	0.0450	1.0793	1.4962	0.0001	0.0002	0.9976	0.1706	4.7732	1.8413	0.0001	0.0001	0.0001	0.0001	0.0001	0.0000	0.0001	0.0000	0.0001	0.0020	0.0008	0.0012	0.0008	0.0008	0.0000	0.0012	0.0000	0.0011	0.0047	0.0040	0.0007	0.0008	0.0008	0.0000	0.0038	0.0031	0.0007	0.0617	0.0365	0.0251	0.0141	0.0139	0.0002	0.0476	0.0226	0.0249	0.9312	0.7816	2.1476	1.6400	1.4817	3.9159	0.6423	0.0071	1.8859	0.0317	0.0214	0.0466	0.0570	0.0543	0.2406	0.0242	0.0013	0.0450
52	60	0.0399	2	1	1	1	0	0	0	0	0	N	N	N	N	N	N	N	N	N	N	N	N	0.2538	0.0420	1.2065	2.1667	0.0130	1.6188	0.2501	0.7265	1.1178	0.0833	0.0001	0.8022	0.0628	0.0001	1.1772	0.0908	0.0000	0.7429	0.3283	0.0015	0.6649	0.0290	0.0071	0.7272	0.3629	0.0001	0.6646	1505.3819	439.5791	0.0089	0.0278	0.9976	6.1830	4.7732	4.8458	0.0099	0.0000	0.0099	0.0020	0.0000	0.0020	0.0079	0.0000	0.0079	0.0582	0.0001	0.0581	0.0005	0.0001	0.0004	0.0577	0.0000	0.0577	0.1187	0.1063	0.0123	0.0316	0.0299	0.0017	0.0871	0.0764	0.0106	0.1774	0.0900	0.0874	0.0184	0.0178	0.0006	0.1590	0.0722	0.0868	0.2538	0.0420	1.2065	2.1667	0.0130	1.6583	0.2501	0.7265	1.1178	0.3283	0.0015	0.6649	0.0290	0.0071	0.7099	0.3629	0.0001	0.6646
52	61	0.4330	9	1	0	1	0	0	0	0	0	N	N	N	N	N	N	N	N	N	N	N	N	0.0036	0.0029	0.0000	0.0056	0.0052	0.0000	0.0014	0.0044	0.0000	0.0000	0.0000	0.0000	0.0000	0.0000	0.0000	0.0000	0.0000	0.0000	0.0019	0.0027	0.0002	0.0033	0.0039	0.0003	0.0001	0.0001	0.0002	0.0000	0.0402	-0.0000	-0.0002	0.9976	1.0140	4.7732	12.0537	0.0000	0.0000	0.0000	0.0000	0.0000	0.0000	0.0000	0.0000	0.0000	0.0003	0.0003	0.0000	0.0003	0.0003	0.0000	0.0000	0.0000	0.0000	0.0135	0.0120	0.0015	0.0049	0.0045	0.0003	0.0087	0.0075	0.0012	0.1777	0.1222	0.0555	0.0981	0.0839	0.0142	0.0796	0.0383	0.0413	0.0036	0.0029	0.0000	0.0056	0.0052	0.0000	0.0014	0.0044	0.0000	0.0019	0.0027	0.0002	0.0033	0.0039	0.0003	0.0001	0.0001	0.0002
52	62	0.3571	6	1	0	1	0	0	0	0	0	N	N	N	N	N	N	N	N	N	N	N	N	2.0980	0.0008	41.9502	0.3565	0.0425	1.7636	1.7672	0.0000	47.2243	2.6667	0.0013	24.7420	0.0366	0.0027	0.5941	4.5764	0.0001	31.7021	1.2710	1.5788	0.5898	0.1026	0.0635	0.3369	2.5897	4.5151	0.6713	2339.3798	0.1688	0.6796	-0.3543	0.9976	22.0948	4.7732	64.3951	0.7518	0.0003	0.7515	0.0043	0.0003	0.0040	0.7474	0.0000	0.7474	0.9406	0.8048	0.1358	0.0403	0.0214	0.0189	0.9004	0.7835	0.1169	0.2819	0.2515	0.0304	0.1186	0.1118	0.0068	0.1633	0.1397	0.0236	0.7401	0.5098	0.2303	0.3924	0.3362	0.0561	0.3477	0.1735	0.1742	2.0980	0.0008	41.9502	0.3565	0.0425	1.7636	1.7672	0.0000	47.2243	1.2710	1.5788	0.5898	0.1026	0.0635	0.3369	2.5897	4.5151	0.6713
52	63	0.1503	5	1	0	1	0	0	0	0	0	N	N	N	N	N	N	N	N	N	N	N	N	0.2030	0.1698	0.0000	0.3759	0.3515	0.0000	0.0007	0.0009	0.0000	0.0041	0.0046	0.0000	0.0124	0.0133	0.0000	0.0000	0.0000	0.0000	0.0200	0.0270	0.0057	0.0331	0.0377	0.0010	0.0064	0.0059	0.0068	0.0000	0.1020	-0.0000	-0.0034	0.9976	3.0638	4.7732	18.8214	0.0002	0.0002	0.0000	0.0002	0.0002	0.0000	0.0000	0.0000	0.0000	0.0080	0.0072	0.0007	0.0067	0.0067	0.0000	0.0013	0.0005	0.0007	0.0397	0.0352	0.0045	0.0130	0.0122	0.0008	0.0267	0.0230	0.0037	0.3987	0.2685	0.1303	0.2038	0.1779	0.0259	0.1949	0.0905	0.1044	0.2030	0.1698	0.0000	0.3759	0.3515	0.0000	0.0007	0.0009	0.0000	0.0200	0.0270	0.0057	0.0331	0.0377	0.0010	0.0064	0.0059	0.0068
52	64	0.0612	3	2	1	2	0	0	0	0	0	Y	N	Y	N	N	N	N	N	N	N	N	N	0.0046	0.0125	0.0000	0.0191	0.0189	0.0000	0.0001	0.0127	0.0000	0.0003	0.0003	0.0000	0.0009	0.0009	0.0000	0.0000	0.0000	0.0000	0.0601	0.0248	0.1197	0.0448	0.0483	0.0215	0.0688	0.0007	0.1339	0.0000	2.8539	-0.0000	0.0021	0.9976	1.0029	4.7732	8.4685	0.0000	0.0000	0.0000	0.0000	0.0000	0.0000	0.0000	0.0000	0.0000	0.0096	0.0025	0.0071	0.0026	0.0025	0.0002	0.0070	0.0000	0.0070	0.0135	0.0120	0.0015	0.0043	0.0040	0.0003	0.0093	0.0080	0.0013	0.1602	0.1007	0.0595	0.0586	0.0511	0.0075	0.1017	0.0496	0.0520	0.0046	0.0125	0.0000	0.0191	0.0189	0.0000	0.0001	0.0127	0.0000	0.0601	0.0248	0.1197	0.0448	0.0483	0.0215	0.0688	0.0007	0.1339
52	65	0.0399	2	1	1	1	0	0	0	0	0	N	N	N	N	N	N	N	N	N	N	N	N	0.0025	0.0708	0.0000	0.0331	0.0337	0.0006	0.0000	0.0033	0.0000	0.0187	0.0200	0.0006	0.0438	0.0446	0.0014	0.0001	0.0000	0.0004	7.3856	0.2827	14.7612	1.3247	1.3219	2.3707	8.1447	0.0026	14.8476	0.0019	50.2920	-0.0001	0.4841	0.9976	0.7961	4.7732	8.5878	0.0009	0.0009	0.0000	0.0009	0.0009	0.0000	0.0000	0.0000	0.0000	1.0538	0.0205	1.0332	0.0210	0.0204	0.0006	1.0327	0.0001	1.0326	0.0458	0.0428	0.0030	0.0196	0.0192	0.0003	0.0263	0.0236	0.0026	0.1427	0.0727	0.0700	0.0159	0.0154	0.0005	0.1268	0.0573	0.0695	0.0025	0.0708	0.0000	0.0331	0.0337	0.0010	0.0000	0.0033	0.0000	7.3856	0.2827	14.7612	1.3247	1.3219	1.4205	8.1447	0.0026	14.8476
52	66	0.4330	9	1	1	1	0	0	0	0	0	N	N	N	N	N	N	N	N	N	N	N	N	0.0001	0.0002	0.0000	0.0004	0.0004	0.0000	0.0000	0.0029	0.0000	0.0000	0.0000	0.0000	0.0000	0.0000	0.0000	0.0000	0.0000	0.0000	0.1145	0.0390	0.2804	0.0504	0.0569	0.0129	0.1935	0.0001	0.3732	0.0000	3.2708	-0.0000	0.0051	0.9976	1.0110	4.7732	12.5479	0.0000	0.0000	0.0000	0.0000	0.0000	0.0000	0.0000	0.0000	0.0000	0.0208	0.0049	0.0160	0.0051	0.0049	0.0002	0.0158	0.0000	0.0158	0.0135	0.0120	0.0015	0.0048	0.0045	0.0003	0.0087	0.0075	0.0012	0.1819	0.1250	0.0569	0.1004	0.0857	0.0146	0.0815	0.0393	0.0422	0.0001	0.0002	0.0000	0.0004	0.0004	0.0000	0.0000	0.0029	0.0000	0.1145	0.0390	0.2804	0.0504	0.0569	0.0129	0.1935	0.0001	0.3732
52	67	0.4266	8	1	0	1	0	0	0	0	0	N	N	N	N	N	N	N	N	N	N	N	N	0.0010	0.0013	0.0000	0.0005	0.0005	0.0000	0.0013	0.0107	0.0000	0.0000	0.0000	0.0000	0.0000	0.0000	0.0000	0.0000	0.0000	0.0000	0.0079	0.0069	0.0103	0.0087	0.0092	0.0025	0.0071	0.0010	0.0117	0.0000	0.6535	-0.0000	-0.0001	0.9976	0.9784	4.7732	1.5217	0.0000	0.0000	0.0000	0.0000	0.0000	0.0000	0.0000	0.0000	0.0000	0.0008	0.0005	0.0003	0.0005	0.0004	0.0000	0.0003	0.0000	0.0003	0.0130	0.0116	0.0015	0.0047	0.0044	0.0003	0.0084	0.0072	0.0012	0.0966	0.0672	0.0294	0.0524	0.0482	0.0043	0.0441	0.0190	0.0251	0.0010	0.0013	0.0000	0.0005	0.0005	0.0000	0.0013	0.0107	0.0000	0.0079	0.0069	0.0103	0.0087	0.0092	0.0025	0.0071	0.0010	0.0117
52	68	0.3964	7	1	0	1	0	0	0	0	0	N	N	N	N	N	N	N	N	N	N	N	N	0.1458	0.1218	0.0000	0.3115	0.2782	0.0000	0.0003	0.0002	0.0000	0.0049	0.0055	0.0000	0.0134	0.0143	0.0000	0.0000	0.0000	0.0000	0.0334	0.0451	0.0079	0.0430	0.0513	0.0007	0.0186	0.0273	0.0112	0.0000	0.0797	-0.0000	-0.0027	0.9976	1.0531	4.7732	9.0748	0.0001	0.0001	0.0000	0.0001	0.0001	0.0000	0.0000	0.0000	0.0000	0.0060	0.0055	0.0004	0.0047	0.0047	0.0000	0.0013	0.0009	0.0004	0.0145	0.0129	0.0016	0.0053	0.0049	0.0003	0.0092	0.0079	0.0013	0.1788	0.1229	0.0560	0.1087	0.0908	0.0179	0.0701	0.0320	0.0381	0.1458	0.1218	0.0000	0.3115	0.2782	0.0000	0.0003	0.0002	0.0000	0.0334	0.0451	0.0079	0.0430	0.0513	0.0007	0.0186	0.0273	0.0112
52	69	0.0399	2	2	0	2	0	0	0	0	0	Y	N	Y	N	N	N	N	N	N	N	N	N	0.0000	0.0000	0.0000	0.0000	0.0000	0.0000	0.0000	0.0000	0.0000	0.0000	0.0000	0.0000	0.0000	0.0000	0.0000	0.0000	0.0000	0.6232	0.3179	0.9506	1.2561	1.2670	0.8859	0.5263	0.0000	0.9516	2.7888	0.0000	0.0125	0.9976	0.0000	4.7732	4.9600	0.0000	0.0000	0.0000	0.0000	0.0000	0.0000	0.0000	0.0000	0.0000	0.0582	0.0154	0.0428	0.0156	0.0154	0.0002	0.0426	0.0000	0.0426	0.0000	0.0000	0.0000	0.0000	0.0000	0.0000	0.0000	0.0000	0.0000	0.0934	0.0483	0.0451	0.0124	0.0121	0.0003	0.0810	0.0362	0.0448	0.0000	0.0000	0.0000	0.0000	0.0000	0.0000	0.0000	0.0000	0.0000	0.6232	0.3179	0.9506	1.2561	1.2670	0.7834	0.5263	0.0000	0.9516		
52	71	0.0962	6	1	0	2	0	0	0	0	0	N	N	Y	N	N	N	N	N	N	N	N	N	0.0000	0.0000	0.0000	0.0000	0.0000	0.0000	0.0000	0.0000	0.0000	0.0000	0.0000	0.0000	0.0000	0.0000	0.0000	0.0000	0.0000	0.0024	0.0000	0.0070	0.0000	0.0000	0.0000	0.0042	0.0000	0.0082	12353.3750	0.0000	0.0000	0.9976	1.0000	4.7732	0.0055	0.0000	0.0000	0.0000	0.0000	0.0000	0.0000	0.0000	0.0000	0.0000	0.0000	0.0000	0.0000	0.0000	0.0000	0.0000	0.0000	0.0000	0.0000	0.0103	0.0089	0.0014	0.0004	0.0004	0.0000	0.0099	0.0085	0.0014	0.0125	0.0082	0.0042	0.0054	0.0048	0.0006	0.0070	0.0034	0.0036	0.0000	0.0000	0.0000	0.0000	0.0000	0.0000	0.0000	0.0000	0.0000	0.0024	0.0000	0.0070	0.0000	0.0000	0.0000	0.0042	0.0000	0.0082		
52	72	0.0895	5	1	0	2	0	0	0	0	0	N	N	Y	N	N	N	N	N	N	N	N	N	0.0000	0.0000	0.0000	0.0000	0.0000	0.0000	0.0000	0.0000	0.0000	0.0000	0.0000	0.0000	0.0000	0.0000	0.0000	0.0000	0.0000	0.0000	0.7218	0.0031	2.1458	0.0114	0.0052	0.0659	1.2850	0.0000	2.4690	347.3710	0.0000	0.0049	0.9976	0.0000	4.7732	1.0265	0.0000	0.0000	0.0000	0.0000	0.0000	0.0000	0.0000	0.0000	0.0000	0.0102	0.0000	0.0102	0.0001	0.0000	0.0000	0.0102	0.0000	0.0102	0.0000	0.0000	0.0000	0.0000	0.0000	0.0000	0.0000	0.0000	0.0000	0.0142	0.0094	0.0048	0.0063	0.0056	0.0006	0.0079	0.0038	0.0041	0.0000	0.0000	0.0000	0.0000	0.0000	0.0000	0.0000	0.0000	0.0000	0.7218	0.0031	2.1458	0.0114	0.0052	0.0659	1.2850	0.0000	2.4690	
52	73	0.0841	4	1	0	1	0	0	0	0	0	N	N	N	N	N	N	N	N	N	N	N	N	0.0000	0.0000	0.0000	0.0000	0.0000	0.0000	0.0000	0.0000	0.0000	0.0000	0.0000	0.0000	0.0000	0.0000	0.0000	0.0000	0.0000	0.0000	8.8366	0.0075	24.7381	0.0188	0.0090	0.1172	19.3574	0.0024	28.6672	1831.0490	0.0000	0.4467	0.9976	0.0000	4.7732	1.0321	0.0000	0.0000	0.0000	0.0000	0.0000	0.0000	0.0000	0.0000	0.0000	0.9338	0.0005	0.9333	0.0011	0.0005	0.0006	0.9327	0.0000	0.9327	0.0056	0.0054	0.0002	0.0033	0.0032	0.0001	0.0023	0.0022	0.0001	0.1057	0.0679	0.0377	0.0575	0.0523	0.0052	0.0482	0.0156	0.0325	0.0000	0.0000	0.0000	0.0000	0.0000	0.0000	0.0000	0.0000	0.0000	8.8366	0.0075	24.7381	0.0188	0.0090	0.1172	19.3574	0.0024	28.6672	
52	74	0.0613	3	1	0	1	0	0	0	0	0	N	N	N	N	N	N	N	N	N	N	N	N	0.0445	0.2550	0.0292	0.3884	0.3624	2.0752	0.0101	0.1874	0.0225	0.0079	0.0074	0.0127	0.0147	0.0145	0.0197	0.0029	0.0018	0.0106	0.1780	0.0291	0.4342	0.0379	0.0400	0.0095	0.2863	0.0095	0.4705	0.1730	8.6563	0.0000	0.0189	0.9976	0.5629	4.7732	8.5245	0.0001	0.0001	0.0000	0.0001	0.0001	0.0000	0.0000	0.0000	0.0000	0.0504	0.0052	0.0452	0.0047	0.0046	0.0001	0.0458	0.0006	0.0451	0.0115	0.0105	0.0011	0.0049	0.0046	0.0002	0.0066	0.0058	0.0008	0.2835	0.1793	0.1042	0.1237	0.1154	0.0082	0.1598	0.0639	0.0959	0.0445	0.2550	0.0292	0.3884	0.3624	2.0752	0.0101	0.1874	0.0225	0.1780	0.0291	0.4342	0.0379	0.0400	0.0095	0.2863	0.0095	0.4705
52	75	0.0783	4	1	1	1	0	0	0	0	0	N	N	N	N	N	N	N	N	N	N	N	N	0.0000	0.0000	0.0000	0.0000	0.0000	0.0000	0.0000	0.0000	0.0000	0.0000	0.0000	0.0000	0.0000	0.0000	0.0000	0.0000	0.0000	0.0000	10.3650	14.8659	0.0259	0.0067	0.0072	0.0025	18.1212	33.4088	0.0296	0.0008	0.0000	-0.5173	0.9976	1.9994	4.7732	4.0943	0.0000	0.0000	0.0000	0.0000	0.0000	0.0000	0.0000	0.0000	0.0000	0.9941	0.9934	0.0008	0.0003	0.0003	0.0000	0.9938	0.9931	0.0007	0.0204	0.0177	0.0027	0.0006	0.0006	0.0000	0.0197	0.0170	0.0027	0.0959	0.0668	0.0291	0.0411	0.0371	0.0040	0.0548	0.0297	0.0251	0.0000	0.0000	0.0000	0.0000	0.0000	0.0000	0.0000	0.0000	0.0000	10.3650	14.8659	0.0259	0.0067	0.0072	0.0025	18.1212	33.4088	0.0296	
52	76	0.0720	3	1	0	1	0	0	0	0	0	N	N	N	N	N	N	N	N	N	N	N	N	0.0000	0.0000	0.0000	0.0000	0.0000	0.0000	0.0000	0.0000	0.0000	0.0000	0.0000	0.0000	0.0000	0.0000	0.0000	0.0000	0.0000	0.0000	0.2472	0.0326	0.7255	0.0308	0.0304	0.0357	0.4237	0.0360	0.8148	9.9739	0.0000	0.0055	0.9976	0.0011	4.7732	2.7207	0.0000	0.0000	0.0000	0.0000	0.0000	0.0000	0.0000	0.0000	0.0000	0.0141	0.0013	0.0128	0.0008	0.0007	0.0001	0.0133	0.0006	0.0127	0.0000	0.0000	0.0000	0.0000	0.0000	0.0000	0.0000	0.0000	0.0000	0.0570	0.0393	0.0176	0.0256	0.0236	0.0020	0.0314	0.0158	0.0156	0.0000	0.0000	0.0000	0.0000	0.0000	0.0000	0.0000	0.0000	0.0000	0.2472	0.0326	0.7255	0.0308	0.0304	0.0357	0.4237	0.0360	0.8148	
52	77	0.0399	2	1	0	1	0	0	0	0	0	N	N	N	N	N	N	N	N	N	N	N	N	0.0000	0.0000	0.0000	0.0000	0.0000	0.0000	0.0000	0.0000	0.0000	0.0000	0.0000	0.0000	0.0000	0.0000	0.0000	0.0000	0.0000	0.0000	6.1287	0.2879	12.1577	1.3886	1.4165	0.4940	6.6911	0.0013	12.2340	40.9084	0.0000	0.4596	0.9976	0.0001	4.7732	10.0074	0.0000	0.0000	0.0000	0.0000	0.0000	0.0000	0.0000	0.0000	0.0000	1.0099	0.0241	0.9858	0.0243	0.0240	0.0003	0.9856	0.0001	0.9855	0.0354	0.0338	0.0016	0.0178	0.0177	0.0001	0.0176	0.0161	0.0015	0.1648	0.0837	0.0811	0.0175	0.0170	0.0005	0.1473	0.0667	0.0806	0.0000	0.0000	0.0000	0.0000	0.0000	0.0000	0.0000	0.0000	0.0000	6.1287	0.2879	12.1577	1.3886	1.4165	0.4940	6.6911	0.0013	12.2340	
52	78	0.0601	3	2	0	2	0	0	0	0	0	Y	N	Y	N	N	N	N	N	N	N	N	N	0.0164	0.0571	0.2001	0.0435	0.0136	0.0490	0.0001	0.0000	0.0004	0.0001	0.0000	0.0047	0.0001	0.0000	0.0003	0.0034	0.0000	0.0070	0.0006	0.0000	0.1072	0.0037	0.0000	0.0069	inf	inf	0.0000	0.0001	0.9976	1.6246	4.7732	0.0115	0.0000	0.0000	0.0000	0.0000	0.0000	0.0000	0.0000	0.0000	0.0000	0.0001	0.0000	0.0001	0.0000	0.0000	0.0000	0.0001	0.0000	0.0001	0.0315	0.0271	0.0044	0.0026	0.0026	0.0001	0.0289	0.0246	0.0043	0.0359	0.0185	0.0174	0.0038	0.0038	0.0000	0.0321	0.0147	0.0174	0.0164	0.0000	0.0571	0.2001	0.0000	0.0435	0.0136	0.0000	0.0490	0.0034	0.0000	0.0070	0.0006	0.0000	0.1072	0.0037	0.0000	0.0069			
52	79	0.0399	2	2	0	2	0	0	0	0	0	Y	N	Y	N	N	N	N	N	N	N	N	N	0.2277	0.0058	1.0515	2.5326	0.0016	1.4453	0.2195	0.1822	0.9740	0.0696	0.0000	0.6520	0.0559	0.0000	0.9587	0.0742	0.0000	0.6037	0.3058	0.0002	0.6201	0.0221	0.0010	0.6633	0.3378	0.0000	0.6198	68443.1191	3045.6725	0.0090	0.0281	0.9976	8.1927	4.7732	3.9952	0.0099	0.0000	0.0099	0.0020	0.0000	0.0020	0.0079	0.0000	0.0079	0.0588	0.0000	0.0587	0.0004	0.0000	0.0004	0.0583	0.0000	0.0583	0.1426	0.1274	0.0152	0.0355	0.0334	0.0021	0.1071	0.0940	0.0132	0.1922	0.0974	0.0947	0.0195	0.0189	0.0006	0.1727	0.0786	0.0941	0.2277	0.0058	1.0515	2.5326	0.0016	1.4537	0.2195	0.1822	0.9740	0.3058	0.0002	0.6201	0.0221	0.0010	0.6595	0.3378	0.0000	0.6198
52	80	0.0399	2	1	1	1	1	0	0	0	0	N	N	N	N	N	N	N	N	N	N	N	N	0.1595	0.0865	0.0355	0.0349	0.0187	0.0200	0.0000	0.0439	0.0446	0.0000	0.0000	0.0000	0.0000	0.1174	0.2315	0.0000	1.2356	1.2807	0.0000	0.0000	0.0000	0.0000	0.0000	0.0000	-0.0001	-0.0158	0.9976	0.7962	4.7732	19.0091	0.0009	0.0009	0.0000	0.0009	0.0009	0.0000	0.0000	0.0000	0.0000	0.0303	0.0303	0.0000	0.0303	0.0303	0.0000	0.0000	0.0000	0.0000	0.0458	0.0428	0.0030	0.0196	0.0192	0.0003	0.0263	0.0236	0.0026	0.2580	0.1308	0.1272	0.0245	0.0236	0.0009	0.2335	0.1072	0.1263	0.1595	0.0865	0.0000	0.0355	0.0349	0.0000	0.0000	0.0000	0.0000	0.1174	0.2315	0.0000	1.2356	1.2807	0.0000	0.0000	0.0000	0.0000					
52	81	0.0399	2	1	1	1	0	0	0	0	0	N	N	N	N	N	N	N	N	N	N	N	N	0.0059	0.1240	0.0000	0.0488	0.0483	0.0000	0.0000	0.0000	0.0187	0.0200	0.0000	0.0439	0.0446	0.0000	0.0000	0.0000	0.0000	3.1845	0.1615	6.3178	0.8990	0.9248	0.2306	3.4169	0.0000	6.3606	0.0000	37.7377	-0.0001	0.4565	0.9976	0.7962	4.7732	25.3140	0.0009	0.0009	0.0000	0.0009	0.0009	0.0000	0.0000	0.0000	0.0000	1.0075	0.0260	0.9815	0.0263	0.0260	0.0003	0.9812	0.0000	0.9812	0.0458	0.0428	0.0030	0.0196	0.0192	0.0003	0.0263	0.0236	0.0026	0.3164	0.1610	0.1553	0.0292	0.0281	0.0011	0.2872	0.1329	0.1543	0.0059	0.1240	0.0000	0.0488	0.0483	0.0000	0.0000	0.0000	0.0000	3.1845	0.1615	6.3178	0.8990	0.9248	0.2306	3.4169	0.0000	6.3606	
52	82	0.0399	2	1	1	1	0	0	0	0	0	N	N	N	N	N	N	N	N	N	N	N	N	0.0048	0.0668	0.0000	0.0298	0.0296	0.0000	0.0000	0.0000	0.0146	0.0159	0.0000	0.0396	0.0407	0.0000	0.0000	0.0000	0.0000	3.0519	0.2383	5.9802	1.3264	1.3767	0.0426	3.2262	0.0000	6.0224	0.0000	24.1137	-0.0001	0.4544	0.9976	1.7961	4.7732	27.0091	0.0009	0.0009	0.0000	0.0009	0.0009	0.0000	0.0000	0.0000	0.0000	1.0349	0.0412	0.9937	0.0413	0.0412	0.0000	0.9936	0.0000	0.9936	0.0586	0.0539	0.0047	0.0217	0.0211	0.0006	0.0369	0.0329	0.0041	0.3391	0.1729	0.1662	0.0311	0.0299	0.0012	0.3080	0.1430	0.1650	0.0048	0.0668	0.0000	0.0298	0.0296	0.0000	0.0000	0.0000	0.0000	3.0519	0.2383	5.9802	1.3264	1.3767	0.0426	3.2262	0.0000	6.0224	
52	83	0.1503	5	1	0	1	0	0	0	0	0	N	N	N	N	N	N	N	N	N	N	N	N	0.1213	0.1049	0.0000	0.2062	0.1928	0.0000	0.0005	0.0059	0.0000	0.0013	0.0015	0.0000	0.0042	0.0045	0.0000	0.0000	0.0000	0.0000	0.0111	0.0144	0.0046	0.0203	0.0232	0.0016	0.0029	0.0003	0.0052	0.0000	0.1607	-0.0000	-0.0021	0.9976	10.0679	4.7732	33.8159	0.0002	0.0002	0.0000	0.0002	0.0002	0.0000	0.0000	0.0000	0.0000	0.0055	0.0048	0.0008	0.0048	0.0047	0.0001	0.0008	0.0000	0.0007	0.1199	0.1067	0.0132	0.0384	0.0360	0.0024	0.0814	0.0706	0.0108	0.4974	0.3301	0.1674	0.2346	0.2035	0.0311	0.2628	0.1266	0.1362	0.1213	0.1049	0.0000	0.2062	0.1928	0.0000	0.0005	0.0059	0.0000	0.0111	0.0144	0.0046	0.0203	0.0232	0.0016	0.0029	0.0003	0.0052
52	84	0.1227	4	1	0	1	0	0	0	0	0	N	N	N	N	N	N	N	N	N	N	N	N	2.2207	1.4570	8.0304	2.7445	2.7477	0.0265	2.0793	0.1190	9.0801	0.0262	0.0171	0.0961	0.0417	0.0441	0.0002	0.0176	0.0004	0.1155	0.0118	0.0117	0.0120	0.0152	0.0161	0.0080	0.0085	0.0033	0.0127	0.7345	0.5008	0.0001	-0.0008	0.9976	0.9441	4.7732	14.0836	0.0004	0.0002	0.0002	0.0002	0.0002	0.0000	0.0002	0.0000	0.0002	0.0045	0.0030	0.0015	0.0029	0.0027	0.0002	0.0016	0.0003	0.0013	0.0142	0.0126	0.0016	0.0051	0.0048	0.0003	0.0091	0.0078	0.0014	0.3806	0.2552	0.1254	0.1889	0.1689	0.0200	0.1917	0.0863	0.1054	2.2207	1.4570	8.0304	2.7445	2.7477	0.0265	2.0793	0.1190	9.0801	0.0118	0.0117	0.0120	0.0152	0.0161	0.0080	0.0085	0.0033	0.0127
52	85	0.4049	7	1	0	1	0	0	0	0	0	N	N	N	N	N	N	N	N	N	N	N	N	4.3804	0.0045	85.4096	0.0333	0.0039	1.7347	35.3407	1.9894	117.0855	3.3461	0.0043	31.2515	0.0443	0.0057	0.6702	6.4650	0.0028	42.1993	0.7639	0.9481	0.3659	1.3295	1.4732	0.3863	0.1829	0.0014	0.3604	875.8980	0.1787	0.6631	-0.1199	0.9976	15.0008	4.7732	28.2980	0.7341	0.0008	0.7332	0.0047	0.0006	0.0041	0.7294	0.0003	0.7291	0.3245	0.2753	0.0492	0.2862	0.2752	0.0110	0.0383	0.0001	0.0382	0.2194	0.1959	0.0235	0.1066	0.1004	0.0062	0.1128	0.0955	0.0173	0.4248	0.2904	0.1344	0.2152	0.1868	0.0285	0.2096	0.1036	0.1060	4.3804	0.0045	85.4096	0.0333	0.0039	1.7347	35.3407	1.9894	117.0855	0.7639	0.9481	0.3659	1.3295	1.4732	0.3863	0.1829	0.0014	0.3604
52	86	0.4049	7	1	0	1	0	0	0	0	0	N	N	N	N	N	N	N	N	N	N	N	N	0.8764	0.7366	0.0000	23.3780	34.8377	0.0000	0.0009	0.0006	0.0000	1.7418	1.9779	0.0000	3.1655	3.3541	0.0000	0.0036	0.0045	0.0000	1.9875	2.6851	0.4054	0.1354	0.0963	0.3976	4.1405	8.0393	0.4077	0.0000	0.0666	-0.0244	-0.3617	0.9976	10.8154	4.7732	27.4443	0.2549	0.2549	0.0000	0.2546	0.2546	0.0000	0.0002	0.0002	0.0000	0.7886	0.7393	0.0492	0.0289	0.0179	0.0110	0.7597	0.7215	0.0382	0.1463	0.1289	0.0175	0.0804	0.0759	0.0045	0.0659	0.0529	0.0129	0.3968	0.2753	0.1214	0.2133	0.1856	0.0277	0.1835	0.0897	0.0937	0.8764	0.7366	0.0000	23.3780	34.8377	0.0000	0.0009	0.0006	0.0000	1.9875	2.6851	0.4054	0.1354	0.0963	0.3976	4.1405	8.0393	0.4077
52	87	0.3571	6	1	0	1	0	0	0	0	0	N	N	N	N	N	N	N	N	N	N	N	N	4.3528	2.2606	20.5094	4.4143	4.2907	0.9675	4.3587	0.0799	22.0050	3.6619	2.0509	13.9803	2.8917	3.0260	0.3370	4.8445	0.1138	17.9171	0.8413	0.9072	0.6817	0.6551	0.7052	0.3483	1.1115	1.4242	0.8142	1.0643	0.3104	0.1557	-0.1646	0.9976	2.7608	4.7732	22.4044	0.3708	0.1796	0.1912	0.1773	0.1763	0.0010	0.1935	0.0033	0.1901	0.5793	0.4421	0.1372	0.2670	0.2471	0.0200	0.3123	0.1950	0.1173	0.1013	0.0876	0.0137	0.0613	0.0583	0.0031	0.0399	0.0293	0.0106	0.6886	0.4873	0.2013	0.4076	0.3504	0.0573	0.2809	0.1369	0.1440	4.3528	2.2606	20.5094	4.4143	4.2907	0.9675	4.3587	0.0799	22.0050	0.8413	0.9072	0.6817	0.6551	0.7052	0.3483	1.1115	1.4242	0.8142
52	88	0.2273	5	1	0	1	0	0	0	0	0	N	N	N	N	N	N	N	N	N	N	N	N	1.1227	0.1808	4.1705	2.3757	2.6611	0.2999	0.8758	0.0355	4.1404	2.0208	0.1264	17.3176	0.2079	0.2186	0.0367	3.1257	0.0649	21.6942	1.7999	0.6991	4.1524	0.0875	0.0821	0.1224	3.5688	1.8272	5.2396	16.9621	2.7793	0.2060	0.2470	0.9976	8.8820	4.7732	49.9570	0.2427	0.0135	0.2292	0.0095	0.0094	0.0001	0.2333	0.0042	0.2291	1.1523	0.3049	0.8474	0.0285	0.0232	0.0053	1.1239	0.2817	0.8421	0.1201	0.1069	0.0132	0.0455	0.0428	0.0027	0.0746	0.0641	0.0106	0.6402	0.4361	0.2041	0.3253	0.2819	0.0434	0.3149	0.1542	0.1607	1.1227	0.1808	4.1705	2.3757	2.6611	0.2999	0.8758	0.0355	4.1404	1.7999	0.6991	4.1524	0.0875	0.0821	0.1224	3.5688	1.8272	5.2396
52	89	0.0399	2	2	1	1	1	0	0	0	0	Y	N	N	N	N	N	N	N	N	N	N	N	0.0932	0.5049	0.0000	0.2014	0.2071	0.0000	0.0000	0.0000	0.0187	0.0200	0.0000	0.0439	0.0446	0.0000	0.0000	0.0000	0.0000	0.2009	0.0397	0.3665	0.2179	0.2156	0.2811	0.1991	0.0000	0.3671	0.0000	8.9920	-0.0001	0.0180	0.9976	0.7962	4.7732	16.9291	0.0009	0.0009	0.0000	0.0009	0.0009	0.0000	0.0000	0.0000	0.0000	0.0476	0.0048	0.0428	0.0050	0.0048	0.0002	0.0426	0.0000	0.0426	0.0458	0.0428	0.0030	0.0196	0.0192	0.0003	0.0263	0.0236	0.0026	0.2370	0.1201	0.1169	0.0229	0.0221	0.0008	0.2141	0.0980	0.1161	0.0932	0.5049	0.0000	0.2014	0.2071	0.0000	0.0000	0.0000	0.0000	0.2009	0.0397	0.3665	0.2179	0.2156	0.2811	0.1991	0.0000	0.3671	
52	90	0.1119	7	1	1	1	1	0	0	0	0	N	N	N	N	N	N	N	N	N	N	N	N	0.0000	0.0000	0.0000	0.0000	0.0000	0.0000	0.0000	0.0000	0.0000	0.0000	0.0000	0.0000	0.0000	0.0000	0.0000	0.0000	0.0000	0.0000	0.0000	0.0000	0.9976	0.0000	4.7732	0.0000	0.0000	0.0000	0.0000	0.0000	0.0000	0.0000	0.0000	0.0000	0.0000	0.0000	0.0000	0.0000	0.0000	0.0000	0.0000	0.0000	0.0000	0.0000	0.0000	0.0000	0.0000	0.0000	0.0000	0.0000	0.0000	0.0000	0.0000	0.0000	0.0000	0.0000	0.0000	0.0000	0.0000	0.0000	0.0000	0.0000	0.0000	0.0000	0.0000	0.0000	0.0000	0.0000	0.0000	0.0000	0.0000	0.0000	0.0000	0.0000	0.0000	0.0000	0.0000	0.0000	0.0000	0.0000											
52	91	0.1012	6	1	1	1	1	0	0	0	0	N	N	N	N	N	N	N	N	N	N	N	N	0.0000	0.0000	0.0000	0.0000	0.0000	0.0000	0.0000	0.0000	0.0000	0.0000	0.0000	0.0000	0.0000	0.0000	0.0000	0.0000	0.0000	0.0000	0.0000	0.0000	0.9976	1.0000	4.7732	3.0000	0.0000	0.0000	0.0000	0.0000	0.0000	0.0000	0.0000	0.0000	0.0000	0.0000	0.0000	0.0000	0.0000	0.0000	0.0000	0.0000	0.0000	0.0000	0.0130	0.0111	0.0018	0.0005	0.0005	0.0000	0.0125	0.0106	0.0018	0.0723	0.0371	0.0351	0.0123	0.0114	0.0009	0.0600	0.0257	0.0343	0.0000	0.0000	0.0000	0.0000	0.0000	0.0000	0.0000	0.0000	0.0000	0.0000	0.0000	0.0000	0.0000	0.0000	0.0000	0.0000	0.0000	0.0000											
52	92	0.0947	4	1	1	1	0	0	0	0	0	N	N	N	N	N	N	N	N	N	N	N	N	0.0000	0.0000	0.0000	0.0000	0.0000	0.0000	0.0000	0.0000	0.0000	0.0000	0.0000	0.0000	0.0000	0.0000	0.0000	0.0000	0.0000	0.0000	0.0000	0.0000	0.9976	0.0000	4.7732	0.0000	0.0000	0.0000	0.0000	0.0000	0.0000	0.0000	0.0000	0.0000	0.0000	0.0000	0.0000	0.0000	0.0000	0.0000	0.0000	0.0000	0.0000	0.0000	0.0000	0.0000	0.0000	0.0000	0.0000	0.0000	0.0000	0.0000	0.0000	0.0000	0.0000	0.0000	0.0000	0.0000	0.0000	0.0000	0.0000	0.0000	0.0000	0.0000	0.0000	0.0000	0.0000	0.0000	0.0000	0.0000	0.0000	0.0000	0.0000	0.0000	0.0000	0.0000	0.0000	0.0000	0.0000	0.0000											
52	93	0.1012	6	1	0	2	1	0	0	0	0	N	N	Y	N	N	N	N	N	N	N	N	N	0.0000	0.0000	0.0000	0.0000	0.0000	0.0000	0.0000	0.0000	0.0000	0.0000	0.0000	0.0000	0.0000	0.0000	0.0000	0.0000	0.0000	0.0000	0.0000	0.0000	0.9976	0.0000	4.7732	0.0000	0.0000	0.0000	0.0000	0.0000	0.0000	0.0000	0.0000	0.0000	0.0000	0.0000	0.0000	0.0000	0.0000	0.0000	0.0000	0.0000	0.0000	0.0000	0.0000	0.0000	0.0000	0.0000	0.0000	0.0000	0.0000	0.0000	0.0000	0.0000	0.0000	0.0000	0.0000	0.0000	0.0000	0.0000	0.0000	0.0000	0.0000	0.0000	0.0000	0.0000	0.0000	0.0000	0.0000	0.0000	0.0000	0.0000	0.0000	0.0000	0.0000	0.0000	0.0000	0.0000	0.0000	0.0000											
52	94	0.0985	5	1	0	1	1	0	0	0	0	N	N	N	N	N	N	N	N	N	N	N	N	0.0000	0.0000	0.0000	0.0000	0.0000	0.0000	0.0000	0.0000	0.0000	0.0000	0.0000	0.0000	0.0000	0.0000	0.0000	0.0000	0.0000	0.0000	0.0000	0.0000	0.0000	0.0000	0.0000	0.0000	-0.0000	0.9976	1.0000	4.7732	0.0097	0.0000	0.0000	0.0000	0.0000	0.0000	0.0000	0.0000	0.0000	0.0000	0.0000	0.0000	0.0000	0.0000	0.0000	0.0000	0.0000	0.0000	0.0000	0.0130	0.0111	0.0018	0.0005	0.0005	0.0000	0.0125	0.0106	0.0018	0.0194	0.0099	0.0095	0.0035	0.0032	0.0002	0.0159	0.0067	0.0093	0.0000	0.0000	0.0000	0.0000	0.0000	0.0000	0.0000	0.0000	0.0000	0.0000	0.0000	0.0000	0.0000	0.0000	0.0000	0.0000	0.0000	0.0000						
52	95	0.0985	5	1	0	2	1	0	0	0	0	N	N	Y	N	N	N	N	N	N	N	N	N	46963580.7212	0.0000	inf	4027.6887	0.0000	inf	inf	inf	38.3235	0.0000	270.9741	0.0191	0.0000	1.7487	39.9520	0.0000	271.8252	0.0000	0.0000	0.0000	0.0000	0.0000	0.0000	0.0000	0.0000	0.0000	inf	0.0000	0.8894	-0.0000	0.9976	2.0000	4.7732	3.0050	0.9834	0.0000	0.9834	0.0000	0.0000	0.0000	0.9834	0.0000	0.9834	0.0000	0.0000	0.0000	0.0000	0.0000	0.0000	0.0000	0.0000	0.0000	0.0257	0.0220	0.0036	0.0010	0.0010	0.0000	0.0246	0.0210	0.0036	0.0898	0.0462	0.0436	0.0154	0.0144	0.0011	0.0744	0.0318	0.0425	46963580.7212	0.0000	inf	4027.6887	0.0000	inf	inf	0.0000	inf	0.0000	0.0000	0.0000	0.0000	0.0000	0.0000	0.0000	0.0000	0.0000	
52	96	0.0985	5	1	0	2	1	0	0	0	0	N	N	Y	N	N	N	N	N	N	N	N	N	0.0000	0.0000	0.0000	0.0000	0.0000	0.0000	0.0000	0.0000	0.0000	0.0000	0.0000	0.0000	0.0000	0.0000	0.0000	0.0000	0.0002	0.0002	0.0002	0.0005	0.0005	0.0000	0.0001	0.0000	0.0002	0.9927	0.0000	-0.0000	0.9976	0.0000	4.7732	6.9903	0.0000	0.0000	0.0000	0.0000	0.0000	0.0000	0.0000	0.0000	0.0000	0.0000	0.0000	0.0000	0.0000	0.0000	0.0000	0.0000	0.0000	0.0000	0.0000	0.0000	0.0000	0.0000	0.0000	0.0000	0.0000	0.0000	0.0000	0.1223	0.0631	0.0592	0.0210	0.0195	0.0015	0.1014	0.0436	0.0578	0.0000	0.0000	0.0000	0.0000	0.0000	0.0000	0.0000	0.0000	0.0000	0.0002	0.0002	0.0002	0.0005	0.0005	0.0000	0.0001	0.0000	0.0002			
52	97	0.0930	4	1	0	1	1	0	0	0	0	N	N	N	N	N	N	N	N	N	N	N	N	0.0000	0.0000	0.0000	0.0000	0.0000	0.0000	0.0000	0.0000	0.0000	0.0000	0.0000	0.0000	0.0000	0.0000	0.0000	0.0000	0.0000	0.0000	0.0043	0.0079	0.0001	0.0236	0.0254	0.0000	0.0000	0.0000	0.0001	0.0070	0.0000	-0.0001	0.9976	0.9999	4.7732	1.0605	0.0000	0.0000	0.0000	0.0000	0.0000	0.0000	0.0000	0.0000	0.0000	0.0002	0.0002	0.0000	0.0002	0.0002	0.0000	0.0000	0.0000	0.0000	0.0189	0.0162	0.0027	0.0007	0.0007	0.0000	0.0182	0.0154	0.0027	0.0468	0.0253	0.0214	0.0085	0.0079	0.0006	0.0383	0.0175	0.0208	0.0000	0.0000	0.0000	0.0000	0.0000	0.0000	0.0000	0.0000	0.0000	0.0043	0.0079	0.0001	0.0236	0.0254	0.0000	0.0000	0.0000	0.0001	
52	98	0.0909	3	1	0	1	1	0	0	0	0	N	N	N	N	N	N	N	N	N	N	N	N	0.5128	0.1757	14.2698	0.1801	0.1460	2.7078	34.3009	0.0000	70.3507	0.0709	0.0416	0.2047	0.1205	0.1009	1.0199	0.0447	0.0000	0.1697	0.1382	0.2366	0.0143	0.6692	0.6908	0.3767	0.0013	0.0000	0.0024	1.0781	0.0481	0.0000	-0.0017	0.9976	0.0012	4.7732	1.0414	0.0000	0.0000	0.0000	0.0000	0.0000	0.0000	0.0000	0.0000	0.0000	0.0036	0.0034	0.0002	0.0035	0.0034	0.0001	0.0000	0.0000	0.0000	0.0001	0.0001	0.0000	0.0000	0.0000	0.0000	0.0000	0.0000	0.0000	0.0258	0.0144	0.0114	0.0053	0.0049	0.0004	0.0205	0.0095	0.0111	0.5128	0.1757	14.2698	0.1801	0.1460	2.7078	34.3009	0.0000	70.3507	0.1382	0.2366	0.0143	0.6692	0.6908	0.3767	0.0013	0.0000	0.0024
52	99	0.0399	2	2	1	1	0	0	0	0	0	Y	N	N	N	N	N	N	N	N	N	N	N	0.4288	1.5646	0.8669	0.1775	0.0722	1.8988	0.5430	inf	0.7586	0.1051	0.0760	0.3878	0.0453	0.0182	0.6973	0.1325	0.1048	0.3397	0.2452	0.0486	0.4473	0.2553	0.2516	0.3672	0.2440	0.0000	0.4479	0.5259	8.9563	0.0021	0.0180	0.9976	3.2042	4.7732	9.0918	0.0085	0.0056	0.0029	0.0011	0.0004	0.0007	0.0073	0.0051	0.0022	0.0477	0.0048	0.0429	0.0050	0.0048	0.0002	0.0426	0.0000	0.0426	0.0807	0.0732	0.0075	0.0253	0.0243	0.0010	0.0554	0.0488	0.0065	0.1944	0.0985	0.0958	0.0197	0.0190	0.0006	0.1747	0.0795	0.0952	0.4288	1.5646	0.8669	0.1775	0.0722	1.8988	0.5430	inf	0.7586	0.2452	0.0486	0.4473	0.2553	0.2516	0.3672	0.2440	0.0000	0.4479
52	100	0.0399	2	1	1	1	0	0	0	0	0	N	N	N	N	N	N	N	N	N	N	N	N	0.0031	1.4801	0.0000	0.4780	0.6608	0.0000	0.0000	0.0000	0.0187	0.0200	0.0000	0.0439	0.0446	0.0000	0.0000	0.0000	0.0000	6.0409	0.0135	12.2555	0.0918	0.0676	0.9979	6.7380	0.0000	12.3303	0.0000	878.3830	-0.0001	0.4932	0.9976	0.7962	4.7732	10.9291	0.0009	0.0009	0.0000	0.0009	0.0009	0.0000	0.0000	0.0000	0.0000	1.0322	0.0012	1.0310	0.0016	0.0012	0.0005	1.0306	0.0000	1.0306	0.0458	0.0428	0.0030	0.0196	0.0192	0.0003	0.0263	0.0236	0.0026	0.1709	0.0867	0.0841	0.0179	0.0174	0.0005	0.1529	0.0694	0.0836	0.0031	1.4801	0.0000	0.4780	0.6608	0.0000	0.0000	0.0000	0.0000	6.0409	0.0135	12.2555	0.0918	0.0676	0.8581	6.7380	0.0000	12.3303	
52	101	0.0978	5	2	1	1	0	0	0	0	0	Y	N	N	N	N	N	N	N	N	N	N	N	0.0000	0.0000	0.0000	0.0000	0.0000	0.0000	0.0000	0.0000	0.0000	0.0000	0.0000	0.0000	0.0000	0.0000	0.0000	15.9185	0.0000	33.4848	0.0261	0.0000	0.3743	18.8407	0.0000	34.2570	inf	0.0000	0.4700	0.9976	0.0000	4.7732	3.0000	0.0000	0.0000	0.0000	0.0000	0.0000	0.0000	0.0000	0.0000	0.0000	0.9815	0.0000	0.9815	0.0003	0.0000	0.0003	0.9812	0.0000	0.9812	0.0000	0.0000	0.0000	0.0000	0.0000	0.0000	0.0000	0.0000	0.0000	0.0617	0.0323	0.0293	0.0096	0.0089	0.0007	0.0521	0.0234	0.0286	0.0000	0.0000	0.0000	0.0000	0.0000	0.0000	0.0000	0.0000	0.0000	15.9185	0.0000	33.4848	0.0261	0.0000	0.3743	18.8407	0.0000	34.2570				
52	102	0.0947	4	2	1	1	0	0	0	0	0	Y	N	N	N	N	N	N	N	N	N	N	N	0.0000	0.0000	0.0000	0.0000	0.0000	0.0000	0.0000	0.0000	0.0000	0.0000	0.0000	0.0000	0.0000	0.0000	0.0000	0.0000	0.0000	0.0000	0.0000	0.0000	0.9976	0.0000	4.7732	1.0000	0.0000	0.0000	0.0000	0.0000	0.0000	0.0000	0.0000	0.0000	0.0000	0.0000	0.0000	0.0000	0.0000	0.0000	0.0000	0.0000	0.0000	0.0000	0.0000	0.0000	0.0000	0.0000	0.0000	0.0000	0.0000	0.0000	0.0000	0.0215	0.0112	0.0102	0.0033	0.0031	0.0002	0.0181	0.0081	0.0100	0.0000	0.0000	0.0000	0.0000	0.0000	0.0000	0.0000	0.0000	0.0000	0.0000	0.0000	0.0000	0.0000	0.0000	0.0000	0.0000	0.0000	0.0000											
52	103	0.0909	3	1	1	1	0	0	0	0	0	N	N	N	N	N	N	N	N	N	N	N	N	4.8332	0.0000	27.0448	0.8352	0.0000	122.7604	12.6410	0.0000	22.5436	0.0447	0.0000	0.2390	0.0222	0.0000	1.0237	0.0604	0.0000	0.1996	0.0092	0.0096	0.0088	0.0266	0.0280	0.0083	0.0048	0.0000	0.0089	inf	0.7346	0.0000	-0.0000	0.9976	0.0006	4.7732	1.0534	0.0000	0.0000	0.0000	0.0000	0.0000	0.0000	0.0000	0.0000	0.0000	0.0002	0.0001	0.0001	0.0001	0.0001	0.0000	0.0001	0.0000	0.0001	0.0001	0.0000	0.0000	0.0000	0.0000	0.0000	0.0000	0.0000	0.0000	0.0261	0.0145	0.0116	0.0053	0.0050	0.0004	0.0207	0.0096	0.0112	4.8332	0.0000	27.0448	0.8352	0.0000	122.7604	12.6410	0.0000	22.5436	0.0092	0.0096	0.0088	0.0266	0.0280	0.0083	0.0048	0.0000	0.0089
52	104	0.0399	2	1	0	1	0	0	0	0	0	N	N	N	N	N	N	N	N	N	N	N	N	0.4015	0.0001	2.0773	0.2926	0.0000	3.8076	0.4352	inf	1.9217	0.0758	0.0000	0.7182	0.0591	0.0000	1.0532	0.0816	0.0000	0.6653	0.1888	0.0362	0.3458	0.2019	0.1992	0.2766	0.1874	0.0000	0.3462	26665.1224	9.2897	0.0090	0.0181	0.9976	7.2034	4.7732	9.9858	0.0099	0.0000	0.0099	0.0020	0.0000	0.0020	0.0079	0.0000	0.0079	0.0475	0.0046	0.0429	0.0048	0.0046	0.0002	0.0426	0.0000	0.0426	0.1310	0.1172	0.0138	0.0336	0.0317	0.0019	0.0974	0.0854	0.0119	0.2514	0.1275	0.1240	0.0240	0.0232	0.0008	0.2274	0.1043	0.1231	0.4015	0.0001	2.0773	0.2926	0.0000	3.8076	0.4352	inf	1.9217	0.1888	0.0362	0.3458	0.2019	0.1992	0.2766	0.1874	0.0000	0.3462
52	109	0.3096	6	1	0	1	0	0	0	0	0	N	N	N	N	N	N	N	N	N	N	N	N	0.2914	0.2289	0.0000	0.4680	0.4258	0.0000	0.0037	0.0022	0.0000	0.0143	0.0160	0.0000	0.0391	0.0416	0.0000	0.0000	0.0000	0.0000	0.0490	0.0700	0.0009	0.0834	0.0978	0.0027	0.0023	0.0045	0.0002	0.0000	0.0058	-0.0001	-0.0130	0.9976	7.7801	4.7732	32.2209	0.0014	0.0014	0.0000	0.0014	0.0014	0.0000	0.0000	0.0000	0.0000	0.0252	0.0250	0.0001	0.0246	0.0245	0.0001	0.0005	0.0005	0.0000	0.0990	0.0882	0.0108	0.0362	0.0339	0.0022	0.0628	0.0543	0.0086	0.5135	0.3574	0.1562	0.2954	0.2508	0.0446	0.2181	0.1065	0.1116	0.2914	0.2289	0.0000	0.4680	0.4258	0.0000	0.0037	0.0022	0.0000	0.0490	0.0700	0.0009	0.0834	0.0978	0.0027	0.0023	0.0045	0.0002
53	55	0.0439	2	1	1	0	0	0	0	0	0	N	N	N	N	N	N	N	N	N	N	N	N	2.0861	20.2957	0.0020	20.1340	20.1023	0.0951	0.0027	0.0623	0.0014	0.3790	0.5455	0.0009	0.6880	0.7649	0.0014	0.0008	0.0008	0.0008	0.1817	0.0269	0.4621	0.0342	0.0381	0.0148	0.2941	0.0127	0.5762	0.0007	9.4895	-0.0001	0.0191	3.2133	0.0041	6.0120	6.2745	0.0013	0.0013	0.0000	0.0013	0.0013	0.0000	0.0000	0.0000	0.0000	0.0498	0.0047	0.0450	0.0041	0.0038	0.0003	0.0457	0.0010	0.0447	0.0034	0.0024	0.0011	0.0019	0.0017	0.0002	0.0016	0.0007	0.0009	0.2741	0.1766	0.0975	0.1186	0.0988	0.0198	0.1555	0.0778	0.0777	2.0861	20.2957	0.0020	20.1340	20.1023	0.0951	0.0027	0.0623	0.0014	0.1817	0.0269	0.4621	0.0342	0.0381	0.0148	0.2941	0.0127	0.5762
53	56	0.0927	2	1	0	1	0	0	0	0	0	N	N	N	N	N	N	N	N	N	N	N	N	49.4282	1028.5128	0.0015	1.5411	1.2712	377.3253	31.0085	52011.5325	0.0009	3.3673	3.7864	0.0003	0.0080	0.0081	0.0029	3.7935	4.3198	0.0002	0.0681	0.0037	0.1938	0.0052	0.0064	0.0000	0.1223	0.0001	0.2606	0.0000	26.9917	-0.3055	0.0142	3.2133	18.9997	6.0120	4.0000	3.1967	3.1967	0.0000	0.0009	0.0009	0.0000	3.1959	3.1958	0.0000	0.0320	0.0011	0.0309	0.0011	0.0011	0.0000	0.0309	0.0000	0.0309	0.9493	0.8443	0.1051	0.1069	0.1045	0.0024	0.8425	0.7398	0.1026	0.4704	0.3109	0.1594	0.2177	0.1769	0.0408	0.2527	0.1341	0.1186	49.4282	1028.5128	0.0015	1.5411	1.2712	377.3253	31.0085	52011.5325	0.0009	0.0681	0.0037	0.1938	0.0052	0.0064	0.0000	0.1223	0.0001	0.2606
53	58	0.0434	3	2	1	0	0	0	0	0	0	Y	N	N	N	N	N	N	N	N	N	N	N	1.1960	0.1082	6.1629	2.1053	0.0161	2.7599	1.6839	2.5671	7.1875	0.1157	0.0001	1.2736	0.0358	0.0001	0.6704	0.1780	0.0001	1.4822	0.0967	0.0008	0.2066	0.0170	0.0044	0.2429	0.1057	0.0000	0.2062	1441.2042	221.1304	0.0100	0.0108	3.2133	0.9359	6.0120	8.5945	0.0110	0.0000	0.0110	0.0015	0.0000	0.0015	0.0095	0.0000	0.0095	0.0228	0.0001	0.0227	0.0004	0.0001	0.0003	0.0224	0.0000	0.0224	0.0952	0.0865	0.0086	0.0417	0.0395	0.0022	0.0535	0.0471	0.0064	0.2353	0.1256	0.1097	0.0238	0.0225	0.0013	0.2115	0.1031	0.1084	1.1960	0.1082	6.1629	2.1053	0.0161	2.7599	1.6839	2.5671	7.1875	0.0967	0.0008	0.2066	0.0170	0.0044	0.2429	0.1057	0.0000	0.2062
53	59	0.0407	2	1	1	0	0	0	0	0	0	N	N	N	N	N	N	N	N	N	N	N	N	1.1769	0.9020	3.7512	0.5785	0.5391	2.0952	1.4600	1.1117	4.2494	0.9098	0.4961	4.0872	1.0324	0.9729	2.1039	0.7986	0.0012	4.6375	0.7731	0.5500	1.0896	1.7846	1.8046	1.0041	0.5470	0.0010	1.0913	1.0728	1.3963	0.0096	0.0033	3.2133	0.1706	6.0120	1.8413	0.0227	0.0110	0.0118	0.0123	0.0109	0.0013	0.0105	0.0000	0.0104	0.0534	0.0223	0.0311	0.0225	0.0223	0.0003	0.0309	0.0000	0.0309	0.0250	0.0221	0.0029	0.0119	0.0113	0.0006	0.0131	0.0108	0.0023	0.0691	0.0405	0.0286	0.0126	0.0123	0.0003	0.0565	0.0282	0.0283	1.1769	0.9020	3.7512	0.5785	0.5391	2.2955	1.4600	1.1117	4.2494	0.7731	0.5500	1.0896	1.7846	1.8046	0.9165	0.5470	0.0010	1.0913
53	61	0.4157	8	1	0	0	0	0	0	0	0	N	N	N	N	N	N	N	N	N	N	N	N	0.0485	0.0402	0.0003	0.1550	0.1373	0.0863	0.0000	0.0000	0.0000	0.0004	0.0004	0.0000	0.0026	0.0027	0.0000	0.0000	0.0000	0.0000	0.0076	0.0105	0.0022	0.0169	0.0198	0.0002	0.0013	0.0002	0.0026	0.0002	0.1076	-0.0000	-0.0011	3.2133	1.0140	6.0120	12.0537	0.0000	0.0000	0.0000	0.0000	0.0000	0.0000	0.0000	0.0000	0.0000	0.0026	0.0024	0.0003	0.0024	0.0024	0.0000	0.0003	0.0000	0.0003	0.0592	0.0521	0.0071	0.0084	0.0081	0.0003	0.0509	0.0440	0.0068	0.3444	0.2269	0.1175	0.1392	0.1189	0.0203	0.2052	0.1080	0.0972	0.0485	0.0402	0.0003	0.1550	0.1373	0.0863	0.0000	0.0000	0.0000	0.0076	0.0105	0.0022	0.0169	0.0198	0.0002	0.0013	0.0002	0.0026
53	62	0.3398	5	1	0	0	0	0	0	0	0	N	N	N	N	N	N	N	N	N	N	N	N	0.0611	0.0450	0.3054	3.7098	3.6603	0.5577	0.0047	0.0000	0.3244	0.0962	0.0975	0.0867	0.3179	0.3625	0.0038	0.0143	0.0000	0.1183	1.5750	2.1692	0.2838	0.0857	0.0990	0.0069	3.0163	5.4639	0.3647	0.1231	0.0602	0.0016	-0.9496	3.2133	22.0948	6.0120	64.3951	0.1163	0.1036	0.0127	0.1037	0.1035	0.0002	0.0126	0.0000	0.0126	2.0453	1.9291	0.1162	0.0547	0.0541	0.0006	1.9905	1.8750	0.1155	1.2087	1.0617	0.1470	0.3262	0.2856	0.0406	0.8825	0.7761	0.1064	1.2986	0.8893	0.4093	0.6387	0.5461	0.0925	0.6599	0.3432	0.3168	0.0611	0.0450	0.3054	3.7098	3.6603	0.5577	0.0047	0.0000	0.3244	1.5750	2.1692	0.2838	0.0857	0.0990	0.0069	3.0163	5.4639	0.3647
53	63	0.1330	4	1	0	0	0	0	0	0	0	N	N	N	N	N	N	N	N	N	N	N	N	0.2253	0.1721	0.0192	1.3017	1.1869	0.1978	0.0000	0.0000	0.0013	0.0050	0.0057	0.0000	0.0416	0.0430	0.0005	0.0000	0.0000	0.0000	0.0224	0.0333	0.0010	0.0319	0.0362	0.0026	0.0151	0.0294	0.0006	0.0004	0.0147	-0.0001	-0.0083	3.2133	3.0638	6.0120	18.8214	0.0009	0.0009	0.0000	0.0009	0.0009	0.0000	0.0000	0.0000	0.0000	0.0163	0.0161	0.0002	0.0100	0.0099	0.0001	0.0063	0.0062	0.0001	0.1742	0.1531	0.0212	0.0211	0.0204	0.0007	0.1531	0.1327	0.0204	0.7297	0.4829	0.2468	0.3133	0.2731	0.0401	0.4164	0.2098	0.2067	0.2253	0.1721	0.0192	1.3017	1.1869	0.1978	0.0000	0.0000	0.0013	0.0224	0.0333	0.0010	0.0319	0.0362	0.0026	0.0151	0.0294	0.0006
53	64	0.0439	2	2	1	1	0	0	0	0	0	Y	N	N	N	N	N	N	N	N	N	N	N	0.1470	1.3893	0.0003	7.0381	6.6958	0.0640	0.0001	0.0014	0.0002	0.0215	0.0247	0.0001	0.1708	0.1782	0.0008	0.0000	0.0000	0.0001	0.1459	0.0178	0.3667	0.0243	0.0266	0.0131	0.2224	0.0088	0.4461	0.0007	11.9586	-0.0001	0.0196	3.2133	1.0029	6.0120	8.4685	0.0013	0.0013	0.0000	0.0013	0.0013	0.0000	0.0000	0.0000	0.0000	0.0488	0.0038	0.0451	0.0031	0.0028	0.0003	0.0457	0.0009	0.0448	0.0609	0.0528	0.0081	0.0076	0.0073	0.0003	0.0533	0.0455	0.0078	0.3348	0.2118	0.1229	0.1292	0.1067	0.0225	0.2055	0.1051	0.1004	0.1470	1.3893	0.0003	7.0381	6.6958	0.0640	0.0001	0.0014	0.0002	0.1459	0.0178	0.3667	0.0243	0.0266	0.0131	0.2224	0.0088	0.4461
53	66	0.4157	8	1	1	0	0	0	0	0	0	N	N	N	N	N	N	N	N	N	N	N	N	0.0001	0.0196	0.0000	1.2176	1.4729	0.0047	0.0000	0.0000	0.0000	0.0004	0.0004	0.0000	0.0026	0.0027	0.0000	0.0000	0.0000	0.0000	2.7978	0.0216	8.1426	0.0022	0.0019	0.0040	4.6859	0.0432	9.8493	0.0002	196.0131	-0.0000	0.4678	3.2133	1.0110	6.0120	12.5479	0.0000	0.0000	0.0000	0.0000	0.0000	0.0000	0.0000	0.0000	0.0000	0.9872	0.0050	0.9822	0.0003	0.0002	0.0001	0.9869	0.0048	0.9821	0.0591	0.0520	0.0071	0.0083	0.0081	0.0003	0.0507	0.0439	0.0068	0.3529	0.2322	0.1206	0.1422	0.1213	0.0209	0.2106	0.1109	0.0997	0.0001	0.0196	0.0000	1.2176	1.4729	0.0047	0.0000	0.0000	0.0000	2.7978	0.0216	8.1426	0.0022	0.0019	0.0040	4.6859	0.0432	9.8493
53	67	0.4093	7	1	0	0	0	0	0	0	0	N	N	N	N	N	N	N	N	N	N	N	N	0.0213	0.0626	0.0000	0.0448	0.0433	0.0096	0.0142	0.0869	0.0000	0.0004	0.0005	0.0000	0.0004	0.0004	0.0000	0.0004	0.0005	0.0000	0.0206	0.0080	0.0491	0.0085	0.0091	0.0014	0.0314	0.0059	0.0553	0.0002	2.7255	-0.0000	0.0007	3.2133	0.9784	6.0120	1.5217	0.0000	0.0000	0.0000	0.0000	0.0000	0.0000	0.0000	0.0000	0.0000	0.0034	0.0009	0.0025	0.0007	0.0007	0.0000	0.0028	0.0003	0.0025	0.0572	0.0503	0.0069	0.0080	0.0077	0.0003	0.0491	0.0425	0.0066	0.1678	0.1164	0.0514	0.0796	0.0736	0.0060	0.0882	0.0427	0.0455	0.0213	0.0626	0.0000	0.0448	0.0433	0.0096	0.0142	0.0869	0.0000	0.0206	0.0080	0.0491	0.0085	0.0091	0.0014	0.0314	0.0059	0.0553
53	68	0.3791	6	1	0	0	0	0	0	0	0	N	N	N	N	N	N	N	N	N	N	N	N	0.2240	0.1892	0.0023	1.5865	1.4084	0.1563	0.0021	0.0015	0.0000	0.0056	0.0064	0.0000	0.0366	0.0380	0.0003	0.0001	0.0001	0.0000	0.0249	0.0336	0.0072	0.0231	0.0270	0.0022	0.0267	0.0434	0.0087	0.0004	0.1040	-0.0000	-0.0037	3.2133	1.0531	6.0120	9.0748	0.0004	0.0004	0.0000	0.0003	0.0003	0.0000	0.0000	0.0000	0.0000	0.0086	0.0078	0.0008	0.0038	0.0038	0.0001	0.0048	0.0041	0.0008	0.0632	0.0555	0.0077	0.0096	0.0092	0.0004	0.0536	0.0463	0.0073	0.3465	0.2330	0.1134	0.1658	0.1395	0.0263	0.1806	0.0935	0.0871	0.2240	0.1892	0.0023	1.5865	1.4084	0.1563	0.0021	0.0015	0.0000	0.0249	0.0336	0.0072	0.0231	0.0270	0.0022	0.0267	0.0434	0.0087
53	71	0.0789	5	1	0	1	0	0	0	0	0	N	N	N	N	N	N	N	N	N	N	N	N	0.0000	0.0000	0.0000	0.0000	0.0000	0.0000	0.0000	0.0000	0.0000	0.0000	0.0000	0.0000	0.0000	0.0000	0.0000	0.0000	0.0000	0.0000	0.0000	0.0000	0.0001	0.0000	0.0000	0.0000	0.0000	0.0000	0.0001	27.5490	0.0000	0.0000	3.2133	1.0000	6.0120	0.0055	0.0000	0.0000	0.0000	0.0000	0.0000	0.0000	0.0000	0.0000	0.0000	0.0000	0.0000	0.0000	0.0000	0.0000	0.0000	0.0000	0.0000	0.0000	0.0295	0.0255	0.0039	0.0000	0.0000	0.0000	0.0295	0.0255	0.0039	0.0176	0.0114	0.0062	0.0070	0.0061	0.0009	0.0106	0.0053	0.0053	0.0000	0.0000	0.0000	0.0000	0.0000	0.0000	0.0000	0.0000	0.0000	0.0000	0.0000	0.0001	0.0000	0.0000	0.0000	0.0000	0.0000	0.0001	
53	72	0.0722	4	1	0	1	0	0	0	0	0	N	N	N	N	N	N	N	N	N	N	N	N	0.0000	0.0000	0.0000	0.0000	0.0000	0.0000	0.0000	0.0000	0.0000	0.0000	0.0000	0.0000	0.0000	0.0000	0.0000	0.0000	0.0000	0.0000	0.0065	0.0003	0.0186	0.0002	0.0001	0.0005	0.0109	0.0005	0.0216	35.0476	0.0000	0.0001	3.2133	0.0000	6.0120	1.0265	0.0000	0.0000	0.0000	0.0000	0.0000	0.0000	0.0000	0.0000	0.0000	0.0001	0.0000	0.0001	0.0000	0.0000	0.0000	0.0001	0.0000	0.0001	0.0000	0.0000	0.0000	0.0000	0.0000	0.0000	0.0000	0.0000	0.0000	0.0195	0.0128	0.0067	0.0079	0.0070	0.0009	0.0116	0.0059	0.0057	0.0000	0.0000	0.0000	0.0000	0.0000	0.0000	0.0000	0.0000	0.0000	0.0065	0.0003	0.0186	0.0002	0.0001	0.0005	0.0109	0.0005	0.0216	
53	73	0.0668	3	1	0	0	0	0	0	0	0	N	N	N	N	N	N	N	N	N	N	N	N	0.0000	0.0000	0.0000	0.0000	0.0000	0.0000	0.0000	0.0000	0.0000	0.0000	0.0000	0.0000	0.0000	0.0000	0.0000	0.0000	0.0000	0.0000	0.0554	0.0019	0.1634	0.0002	0.0002	0.0005	0.1158	0.0061	0.1893	42.8320	0.0000	0.0052	3.2133	0.0000	6.0120	1.0321	0.0000	0.0000	0.0000	0.0000	0.0000	0.0000	0.0000	0.0000	0.0000	0.0114	0.0003	0.0112	0.0000	0.0000	0.0000	0.0114	0.0002	0.0112	0.0282	0.0226	0.0056	0.0162	0.0147	0.0014	0.0121	0.0079	0.0042	0.2061	0.1379	0.0683	0.1078	0.0984	0.0094	0.0984	0.0394	0.0589	0.0000	0.0000	0.0000	0.0000	0.0000	0.0000	0.0000	0.0000	0.0000	0.0554	0.0019	0.1634	0.0002	0.0002	0.0005	0.1158	0.0061	0.1893	
53	74	0.0440	2	1	0	0	0	0	0	0	0	N	N	N	N	N	N	N	N	N	N	N	N	7.4666	6.4143	10.3735	8.0039	8.4580	0.4156	7.7035	8.0405	12.0943	0.3129	0.3088	0.3278	0.5814	0.6373	0.0149	0.1776	0.0992	0.3782	0.0419	0.0481	0.0316	0.0726	0.0754	0.0359	0.0231	0.0123	0.0313	0.2939	0.3968	0.0026	-0.0050	3.2133	0.5629	6.0120	8.5245	0.0198	0.0153	0.0045	0.0124	0.0123	0.0000	0.0075	0.0030	0.0045	0.0209	0.0150	0.0059	0.0138	0.0133	0.0005	0.0071	0.0017	0.0055	0.0634	0.0497	0.0138	0.0213	0.0193	0.0019	0.0422	0.0303	0.0118	0.4995	0.3113	0.1882	0.1899	0.1769	0.0131	0.3095	0.1344	0.1751	7.4666	6.4143	10.3735	8.0039	8.4580	0.4156	7.7035	8.0405	12.0943	0.0419	0.0481	0.0316	0.0726	0.0754	0.0359	0.0231	0.0123	0.0313
53	75	0.0610	3	1	1	0	0	0	0	0	0	N	N	N	N	N	N	N	N	N	N	N	N	0.0000	0.0000	0.0000	0.0000	0.0000	0.0000	0.0000	0.0000	0.0000	0.0000	0.0000	0.0000	0.0000	0.0000	0.0000	0.0000	0.0000	0.0000	0.4323	0.0655	1.2700	0.0002	0.0002	0.0000	0.7221	0.1351	1.4764	8.4899	0.0000	0.0226	3.2133	1.9994	6.0120	4.0943	0.0000	0.0000	0.0000	0.0000	0.0000	0.0000	0.0000	0.0000	0.0000	0.0605	0.0064	0.0541	0.0000	0.0000	0.0000	0.0605	0.0064	0.0541	0.0594	0.0517	0.0077	0.0000	0.0000	0.0000	0.0594	0.0517	0.0077	0.1400	0.0974	0.0426	0.0562	0.0502	0.0060	0.0838	0.0471	0.0367	0.0000	0.0000	0.0000	0.0000	0.0000	0.0000	0.0000	0.0000	0.0000	0.4323	0.0655	1.2700	0.0002	0.0002	0.0000	0.7221	0.1351	1.4764	
53	76	0.0547	2	1	0	0	0	0	0	0	0	N	N	N	N	N	N	N	N	N	N	N	N	0.0000	0.0000	0.0000	0.0000	0.0000	0.0000	0.0000	0.0000	0.0000	0.0000	0.0000	0.0000	0.0000	0.0000	0.0000	0.0000	0.0000	0.0000	11.2545	0.0328	36.8815	0.0522	0.0563	0.0088	19.6013	0.0029	42.0314	491.8056	0.0000	0.4359	3.2133	0.0011	6.0120	2.7207	0.0000	0.0000	0.0000	0.0000	0.0000	0.0000	0.0000	0.0000	0.0000	0.9141	0.0019	0.9122	0.0018	0.0018	0.0000	0.9122	0.0001	0.9122	0.0000	0.0000	0.0000	0.0000	0.0000	0.0000	0.0000	0.0000	0.0000	0.0812	0.0565	0.0247	0.0347	0.0316	0.0030	0.0465	0.0248	0.0217	0.0000	0.0000	0.0000	0.0000	0.0000	0.0000	0.0000	0.0000	0.0000	11.2545	0.0328	36.8815	0.0522	0.0563	0.0088	19.6013	0.0029	42.0314	
53	78	0.0428	2	2	0	1	0	0	0	0	0	Y	N	N	N	N	N	N	N	N	N	N	N	0.0209	0.0009	0.1517	0.0151	0.0000	0.0581	0.0459	0.0539	0.2332	0.0013	0.0000	0.0184	0.0002	0.0000	0.0044	0.0030	0.0000	0.0283	0.0617	0.0010	0.1211	0.0140	0.0099	0.0754	0.0643	0.0000	0.1214	1564.6765	125.9698	0.0003	0.0012	3.2133	1.6246	6.0120	0.0115	0.0003	0.0000	0.0003	0.0000	0.0000	0.0000	0.0003	0.0000	0.0003	0.0025	0.0000	0.0024	0.0000	0.0000	0.0000	0.0024	0.0000	0.0024	0.2186	0.2033	0.0153	0.1326	0.1263	0.0064	0.0860	0.0771	0.0090	0.0400	0.0198	0.0202	0.0020	0.0019	0.0001	0.0380	0.0179	0.0201	0.0209	0.0009	0.1517	0.0151	0.0000	0.0581	0.0459	0.0539	0.2332	0.0617	0.0010	0.1211	0.0140	0.0099	0.0754	0.0643	0.0000	0.1214
53	83	0.1330	4	1	0	0	0	0	0	0	0	N	N	N	N	N	N	N	N	N	N	N	N	0.1075	0.1300	0.0004	0.5429	0.5199	0.0153	0.0000	0.0000	0.0000	0.0017	0.0019	0.0000	0.0144	0.0148	0.0002	0.0000	0.0000	0.0000	0.0157	0.0147	0.0176	0.0265	0.0284	0.0143	0.0092	0.0007	0.0181	0.0004	0.6532	-0.0001	-0.0018	3.2133	10.0679	6.0120	33.8159	0.0009	0.0009	0.0000	0.0009	0.0009	0.0000	0.0000	0.0000	0.0000	0.0143	0.0087	0.0057	0.0091	0.0085	0.0007	0.0052	0.0002	0.0050	0.5188	0.4584	0.0604	0.0610	0.0593	0.0017	0.4578	0.3991	0.0587	0.9107	0.5886	0.3221	0.3450	0.2972	0.0478	0.5657	0.2914	0.2743	0.1075	0.1300	0.0004	0.5429	0.5199	0.0153	0.0000	0.0000	0.0000	0.0157	0.0147	0.0176	0.0265	0.0284	0.0143	0.0092	0.0007	0.0181
53	84	0.1054	3	1	0	0	0	0	0	0	0	N	N	N	N	N	N	N	N	N	N	N	N	1.2344	1.2119	0.5150	3.1085	3.1136	0.0724	0.8506	0.9830	0.5413	0.0351	0.0386	0.0110	0.1220	0.1301	0.0013	0.0170	0.0179	0.0118	0.0284	0.0319	0.0213	0.0393	0.0418	0.0176	0.0200	0.0182	0.0219	0.0419	0.3249	-0.0001	-0.0056	3.2133	0.9441	6.0120	14.0836	0.0022	0.0021	0.0001	0.0013	0.0013	0.0000	0.0009	0.0008	0.0001	0.0201	0.0152	0.0049	0.0121	0.0115	0.0006	0.0080	0.0037	0.0044	0.0620	0.0541	0.0080	0.0106	0.0100	0.0007	0.0514	0.0441	0.0073	0.7090	0.4769	0.2321	0.3085	0.2764	0.0321	0.4005	0.2006	0.2000	1.2344	1.2119	0.5150	3.1085	3.1136	0.0724	0.8506	0.9830	0.5413	0.0284	0.0319	0.0213	0.0393	0.0418	0.0176	0.0200	0.0182	0.0219
53	85	0.3876	6	1	0	0	0	0	0	0	0	N	N	N	N	N	N	N	N	N	N	N	N	3.0071	6.7692	0.4345	4.7070	6.3862	0.0090	2.2633	52.2380	0.6264	0.3039	0.3347	0.0932	0.4285	0.5017	0.0015	0.2498	0.2644	0.1421	0.1011	0.0494	0.2146	0.0910	0.0786	0.1693	0.1104	0.0051	0.2268	0.0407	1.9729	-0.0178	0.0128	3.2133	15.0008	6.0120	28.2980	0.3155	0.3031	0.0123	0.1347	0.1346	0.0001	0.1808	0.1685	0.0123	0.0897	0.0302	0.0595	0.0389	0.0289	0.0099	0.0508	0.0012	0.0496	1.0382	0.9057	0.1324	0.3144	0.2683	0.0460	0.7238	0.6374	0.0864	0.8874	0.6101	0.2773	0.4271	0.3684	0.0587	0.4603	0.2417	0.2186	3.0071	6.7692	0.4345	4.7070	6.3862	0.0090	2.2633	52.2380	0.6264	0.1011	0.0494	0.2146	0.0910	0.0786	0.1693	0.1104	0.0051	0.2268
53	86	0.3876	6	1	0	0	0	0	0	0	0	N	N	N	N	N	N	N	N	N	N	N	N	2.7617	6.5716	0.0019	1.8418	2.6975	0.0039	2.9001	16.4347	0.0009	0.2911	0.3400	0.0004	0.1467	0.1774	0.0007	0.3854	0.4401	0.0002	0.1054	0.0517	0.2316	0.0796	0.0658	0.1723	0.1329	0.0268	0.2488	0.0002	1.9046	-0.0201	0.0123	3.2133	10.8154	6.0120	27.4443	0.2104	0.2103	0.0000	0.0419	0.0419	0.0000	0.1685	0.1685	0.0000	0.0915	0.0315	0.0600	0.0357	0.0256	0.0101	0.0558	0.0059	0.0499	0.7227	0.6187	0.1040	0.2856	0.2359	0.0496	0.4371	0.3828	0.0544	0.8681	0.6090	0.2591	0.4481	0.3897	0.0584	0.4199	0.2192	0.2007	2.7617	6.5716	0.0019	1.8418	2.6975	0.0039	2.9001	16.4347	0.0009	0.1054	0.0517	0.2316	0.0796	0.0658	0.1723	0.1329	0.0268	0.2488
53	87	0.3398	5	1	0	0	0	0	0	0	0	N	N	N	N	N	N	N	N	N	N	N	N	2.1891	4.1199	0.2896	2.4066	2.7069	0.2569	1.9933	11.0223	0.5385	0.4132	0.4699	0.1085	0.3192	0.3870	0.0168	0.5214	0.5592	0.2609	0.1887	0.1141	0.3746	0.1326	0.1430	0.0654	0.2616	0.0507	0.4844	0.0430	1.3199	-0.0103	0.0115	3.2133	2.7608	6.0120	22.4044	0.1901	0.1823	0.0078	0.0786	0.0779	0.0008	0.1115	0.1044	0.0071	0.2397	0.1033	0.1364	0.0952	0.0889	0.0062	0.1446	0.0144	0.1302	0.4602	0.3879	0.0722	0.2463	0.2012	0.0451	0.2138	0.1867	0.0271	1.2702	0.9061	0.3641	0.7175	0.6221	0.0954	0.5527	0.2840	0.2687	2.1891	4.1199	0.2896	2.4066	2.7069	0.2569	1.9933	11.0223	0.5385	0.1887	0.1141	0.3746	0.1326	0.1430	0.0654	0.2616	0.0507	0.4844
53	88	0.2100	4	1	0	0	0	0	0	0	0	N	N	N	N	N	N	N	N	N	N	N	N	0.2623	3.2787	0.0524	1.6691	1.8984	0.0990	0.1740	2.8445	0.0486	0.2218	0.2347	0.1271	0.0951	0.1018	0.0078	0.2511	0.2676	0.1421	0.8457	0.0716	2.4251	0.0570	0.0536	0.0786	1.4428	0.0941	2.9247	0.0737	16.6038	-0.0031	0.4118	3.2133	8.8820	6.0120	49.9570	0.1144	0.1066	0.0079	0.0092	0.0092	0.0001	0.1052	0.0974	0.0078	0.9756	0.0554	0.9202	0.0283	0.0231	0.0052	0.9473	0.0323	0.9150	0.5158	0.4540	0.0618	0.0969	0.0900	0.0069	0.4189	0.3640	0.0549	1.1536	0.7742	0.3794	0.4971	0.4305	0.0666	0.6566	0.3437	0.3128	0.2623	3.2787	0.0524	1.6691	1.8984	0.0990	0.1740	2.8445	0.0486	0.8457	0.0716	2.4251	0.0570	0.0536	0.0786	1.4428	0.0941	2.9247
53	90	0.0946	6	1	1	0	1	0	0	0	0	N	N	N	N	N	N	N	N	N	N	N	N	0.0000	0.0000	0.0000	0.0000	0.0000	0.0000	0.0000	0.0000	0.0000	0.0000	0.0000	0.0000	0.0000	0.0000	0.0000	0.0000	0.0000	0.0000	0.0000	0.0000	3.2133	0.0000	6.0120	0.0000	0.0000	0.0000	0.0000	0.0000	0.0000	0.0000	0.0000	0.0000	0.0000	0.0000	0.0000	0.0000	0.0000	0.0000	0.0000	0.0000	0.0000	0.0000	0.0000	0.0000	0.0000	0.0000	0.0000	0.0000	0.0000	0.0000	0.0000	0.0000	0.0000	0.0000	0.0000	0.0000	0.0000	0.0000	0.0000	0.0000	0.0000	0.0000	0.0000	0.0000	0.0000	0.0000	0.0000	0.0000	0.0000	0.0000	0.0000	0.0000	0.0000	0.0000	0.0000	0.0000	0.0000	0.0000											
53	91	0.0839	5	1	1	0	1	0	0	0	0	N	N	N	N	N	N	N	N	N	N	N	N	0.0000	0.0000	0.0000	0.0000	0.0000	0.0000	0.0000	0.0000	0.0000	0.0000	0.0000	0.0000	0.0000	0.0000	0.0000	0.0000	0.0000	0.0000	0.0000	0.0000	3.2133	1.0000	6.0120	3.0000	0.0000	0.0000	0.0000	0.0000	0.0000	0.0000	0.0000	0.0000	0.0000	0.0000	0.0000	0.0000	0.0000	0.0000	0.0000	0.0000	0.0000	0.0000	0.0507	0.0453	0.0053	0.0183	0.0169	0.0013	0.0324	0.0284	0.0040	0.0849	0.0427	0.0422	0.0099	0.0085	0.0014	0.0750	0.0341	0.0409	0.0000	0.0000	0.0000	0.0000	0.0000	0.0000	0.0000	0.0000	0.0000	0.0000	0.0000	0.0000	0.0000	0.0000	0.0000	0.0000	0.0000	0.0000											
53	92	0.0774	3	1	1	0	0	0	0	0	0	N	N	N	N	N	N	N	N	N	N	N	N	0.0000	0.0000	0.0000	0.0000	0.0000	0.0000	0.0000	0.0000	0.0000	0.0000	0.0000	0.0000	0.0000	0.0000	0.0000	0.0000	0.0000	0.0000	0.0000	0.0000	3.2133	0.0000	6.0120	0.0000	0.0000	0.0000	0.0000	0.0000	0.0000	0.0000	0.0000	0.0000	0.0000	0.0000	0.0000	0.0000	0.0000	0.0000	0.0000	0.0000	0.0000	0.0000	0.0000	0.0000	0.0000	0.0000	0.0000	0.0000	0.0000	0.0000	0.0000	0.0000	0.0000	0.0000	0.0000	0.0000	0.0000	0.0000	0.0000	0.0000	0.0000	0.0000	0.0000	0.0000	0.0000	0.0000	0.0000	0.0000	0.0000	0.0000	0.0000	0.0000	0.0000	0.0000	0.0000	0.0000	0.0000	0.0000											
53	93	0.0839	5	1	0	1	1	0	0	0	0	N	N	N	N	N	N	N	N	N	N	N	N	0.0000	0.0000	0.0000	0.0000	0.0000	0.0000	0.0000	0.0000	0.0000	0.0000	0.0000	0.0000	0.0000	0.0000	0.0000	0.0000	0.0000	0.0000	0.0000	0.0000	3.2133	0.0000	6.0120	0.0000	0.0000	0.0000	0.0000	0.0000	0.0000	0.0000	0.0000	0.0000	0.0000	0.0000	0.0000	0.0000	0.0000	0.0000	0.0000	0.0000	0.0000	0.0000	0.0000	0.0000	0.0000	0.0000	0.0000	0.0000	0.0000	0.0000	0.0000	0.0000	0.0000	0.0000	0.0000	0.0000	0.0000	0.0000	0.0000	0.0000	0.0000	0.0000	0.0000	0.0000	0.0000	0.0000	0.0000	0.0000	0.0000	0.0000	0.0000	0.0000	0.0000	0.0000	0.0000	0.0000	0.0000	0.0000											
53	94	0.0812	4	1	0	0	1	0	0	0	0	N	N	N	N	N	N	N	N	N	N	N	N	0.0000	0.0000	0.0000	0.0000	0.0000	0.0000	0.0000	0.0000	0.0000	0.0000	0.0000	0.0000	0.0000	0.0000	0.0000	0.0000	0.0000	0.0000	0.0000	0.0000	0.0000	0.0000	inf	0.0000	0.0000	3.2133	1.0000	6.0120	0.0097	0.0000	0.0000	0.0000	0.0000	0.0000	0.0000	0.0000	0.0000	0.0000	0.0000	0.0000	0.0000	0.0000	0.0000	0.0000	0.0000	0.0000	0.0000	0.0507	0.0453	0.0053	0.0183	0.0169	0.0013	0.0324	0.0284	0.0040	0.0230	0.0115	0.0115	0.0030	0.0026	0.0004	0.0200	0.0089	0.0111	0.0000	0.0000	0.0000	0.0000	0.0000	0.0000	0.0000	0.0000	0.0000	0.0000	0.0000	0.0000	0.0000	0.0000	0.0000	0.0000	0.0000	0.0000						
53	95	0.0812	4	1	0	1	1	0	0	0	0	N	N	N	N	N	N	N	N	N	N	N	N	239380.5052	inf	1132593.5321	328966.7379	inf	1459138.4636	0.1660	0.0002	1.5807	0.0000	0.0000	0.0000	0.2590	0.0004	2.1048	0.0000	0.0000	0.0000	0.0000	0.0000	0.0000	0.0000	0.0000	0.0000	828.0000	inf	0.0150	0.0000	3.2133	2.0000	6.0120	3.0050	0.0166	0.0000	0.0166	0.0000	0.0000	0.0000	0.0166	0.0000	0.0166	0.0000	0.0000	0.0000	0.0000	0.0000	0.0000	0.0000	0.0000	0.0000	0.0999	0.0894	0.0105	0.0359	0.0333	0.0026	0.0640	0.0561	0.0079	0.1057	0.0532	0.0525	0.0126	0.0109	0.0017	0.0931	0.0423	0.0508	239380.5052	inf	1132593.5321	0.0000	0.0000	0.0000	328966.7379	inf	1459138.4636	0.0000	0.0000	0.0000	0.0000	0.0000	0.0000	0.0000	0.0000	0.0000			
53	96	0.0812	4	1	0	1	1	0	0	0	0	N	N	N	N	N	N	N	N	N	N	N	N	0.0000	0.0000	0.0000	0.0000	0.0000	0.0000	0.0000	0.0000	0.0000	0.0000	0.0000	0.0000	0.0000	0.0000	0.0000	0.0001	0.0003	0.0000	0.0006	0.0007	0.0000	0.0001	0.0002	0.0000	0.0000	0.0000	-0.0000	3.2133	0.0000	6.0120	6.9903	0.0000	0.0000	0.0000	0.0000	0.0000	0.0000	0.0000	0.0000	0.0000	0.0000	0.0000	0.0000	0.0000	0.0000	0.0000	0.0000	0.0000	0.0000	0.0000	0.0000	0.0000	0.0000	0.0000	0.0000	0.0000	0.0000	0.0000	0.1439	0.0726	0.0713	0.0170	0.0147	0.0023	0.1269	0.0579	0.0690	0.0000	0.0000	0.0000	0.0000	0.0000	0.0000	0.0000	0.0000	0.0000	0.0001	0.0003	0.0000	0.0006	0.0007	0.0000	0.0001	0.0002	0.0000				
53	97	0.0757	3	1	0	0	1	0	0	0	0	N	N	N	N	N	N	N	N	N	N	N	N	0.0000	0.0000	0.0000	0.0000	0.0000	0.0000	0.0000	0.0000	0.0000	0.0000	0.0000	0.0000	0.0000	0.0000	0.0000	0.0000	0.0000	0.0000	0.0044	0.0051	0.0036	0.0000	0.0000	0.0001	0.0051	0.0066	0.0037	0.6303	0.0000	-0.0000	3.2133	0.9999	6.0120	1.0605	0.0000	0.0000	0.0000	0.0000	0.0000	0.0000	0.0000	0.0000	0.0000	0.0002	0.0001	0.0001	0.0000	0.0000	0.0000	0.0002	0.0001	0.0001	0.0889	0.0813	0.0076	0.0358	0.0338	0.0020	0.0531	0.0475	0.0056	0.0517	0.0272	0.0245	0.0069	0.0062	0.0007	0.0448	0.0211	0.0238	0.0000	0.0000	0.0000	0.0000	0.0000	0.0000	0.0000	0.0000	0.0000	0.0044	0.0051	0.0036	0.0000	0.0000	0.0001	0.0051	0.0066	0.0037	
53	98	0.0736	2	1	0	0	1	0	0	0	0	N	N	N	N	N	N	N	N	N	N	N	N	22.3734	79.3961	44.2197	88.4690	75.8715	5768.3701	17.6230	0.1437	51.3924	3.0532	1.7131	12.1610	3.3545	3.1195	6.3673	2.7323	0.0021	14.5385	0.1365	0.0216	0.2750	0.0379	0.0411	0.0011	0.1550	0.0145	0.2829	1.0445	10.5696	0.0004	0.0015	3.2133	0.0012	6.0120	1.0414	0.0009	0.0004	0.0005	0.0005	0.0004	0.0001	0.0004	0.0000	0.0004	0.0039	0.0003	0.0036	0.0002	0.0002	0.0000	0.0037	0.0002	0.0036	0.0003	0.0003	0.0000	0.0001	0.0001	0.0000	0.0001	0.0001	0.0000	0.0287	0.0157	0.0130	0.0045	0.0042	0.0004	0.0241	0.0115	0.0126	22.3734	79.3961	44.2197	88.4690	75.8715	5768.3701	17.6230	0.1437	51.3924	0.1365	0.0216	0.2750	0.0379	0.0411	0.0011	0.1550	0.0145	0.2829
53	101	0.0805	4	2	1	0	0	0	0	0	0	Y	N	N	N	N	N	N	N	N	N	N	N	0.0000	0.0000	0.0000	0.0000	0.0000	0.0000	0.0000	0.0000	0.0000	0.0000	0.0000	0.0000	0.0000	0.0000	0.0000	0.2744	0.0072	0.5477	0.0000	0.0000	0.0000	0.3075	0.0088	0.5651	74.1200	0.0000	0.0087	3.2133	0.0000	6.0120	3.0000	0.0000	0.0000	0.0000	0.0000	0.0000	0.0000	0.0000	0.0000	0.0000	0.0188	0.0003	0.0185	0.0000	0.0000	0.0000	0.0188	0.0003	0.0185	0.0000	0.0000	0.0000	0.0000	0.0000	0.0000	0.0000	0.0000	0.0000	0.0684	0.0346	0.0338	0.0074	0.0063	0.0010	0.0611	0.0283	0.0328	0.0000	0.0000	0.0000	0.0000	0.0000	0.0000	0.0000	0.0000	0.0000	0.2744	0.0072	0.5477	0.0000	0.0000	0.0000	0.3075	0.0088	0.5651				
53	102	0.0774	3	2	1	0	0	0	0	0	0	Y	N	N	N	N	N	N	N	N	N	N	N	0.0000	0.0000	0.0000	0.0000	0.0000	0.0000	0.0000	0.0000	0.0000	0.0000	0.0000	0.0000	0.0000	0.0000	0.0000	0.0000	0.0000	0.0000	0.0000	0.0000	3.2133	0.0000	6.0120	1.0000	0.0000	0.0000	0.0000	0.0000	0.0000	0.0000	0.0000	0.0000	0.0000	0.0000	0.0000	0.0000	0.0000	0.0000	0.0000	0.0000	0.0000	0.0000	0.0000	0.0000	0.0000	0.0000	0.0000	0.0000	0.0000	0.0000	0.0000	0.0238	0.0120	0.0118	0.0026	0.0022	0.0004	0.0212	0.0098	0.0114	0.0000	0.0000	0.0000	0.0000	0.0000	0.0000	0.0000	0.0000	0.0000	0.0000	0.0000	0.0000	0.0000	0.0000	0.0000	0.0000	0.0000	0.0000											
53	103	0.0736	2	1	1	0	0	0	0	0	0	N	N	N	N	N	N	N	N	N	N	N	N	100.2908	0.0831	540.0771	30.1681	0.0268	8217.3043	183.8655	0.1717	632.3173	1.9454	0.0012	13.9994	0.5453	0.0005	7.2140	3.6121	0.0021	16.8461	0.0194	0.0140	0.0259	0.0181	0.0196	0.0009	0.0196	0.0119	0.0266	1944.4767	1.5401	0.0004	0.0000	3.2133	0.0006	6.0120	1.0534	0.0005	0.0000	0.0005	0.0001	0.0000	0.0001	0.0004	0.0000	0.0004	0.0006	0.0002	0.0003	0.0001	0.0001	0.0000	0.0005	0.0001	0.0003	0.0002	0.0002	0.0000	0.0001	0.0001	0.0000	0.0001	0.0001	0.0000	0.0289	0.0158	0.0131	0.0046	0.0042	0.0004	0.0244	0.0116	0.0128	100.2908	0.0831	540.0771	30.1681	0.0268	8217.3043	183.8655	0.1717	632.3173	0.0194	0.0140	0.0259	0.0181	0.0196	0.0009	0.0196	0.0119	0.0266
53	109	0.2923	5	1	0	0	0	0	0	0	0	N	N	N	N	N	N	N	N	N	N	N	N	0.1793	0.2553	0.0005	1.4455	2.7776	0.0039	0.0000	0.0000	0.0000	0.0087	0.0099	0.0000	0.0552	0.0578	0.0005	0.0000	0.0000	0.0000	0.0487	0.0387	0.0702	0.0382	0.0208	0.1388	0.0583	0.0652	0.0506	0.0004	0.8420	-0.0004	-0.0030	3.2133	7.7801	6.0120	32.2209	0.0037	0.0037	0.0000	0.0037	0.0037	0.0000	0.0000	0.0000	0.0000	0.0467	0.0254	0.0214	0.0175	0.0081	0.0094	0.0292	0.0172	0.0120	0.4279	0.3777	0.0502	0.0676	0.0645	0.0031	0.3603	0.3132	0.0471	0.9596	0.6553	0.3043	0.4589	0.3913	0.0676	0.5007	0.2641	0.2366	0.1793	0.2553	0.0005	1.4455	2.7776	0.0039	0.0000	0.0000	0.0000	0.0487	0.0387	0.0702	0.0382	0.0208	0.1388	0.0583	0.0652	0.0506
54	55	0.0626	2	1	2	0	0	0	0	0	0	N	Y	N	N	N	N	N	N	N	N	N	N	1.4442	0.0000	1.4541	6.2450	0.0000	9.6065	1.3843	1.0395	0.6669	0.0000	1.8874	0.3552	0.0000	3.2072	1.0628	0.0000	1.6068	0.4618	0.0003	1.2980	0.0569	0.0006	0.3339	0.7677	0.0000	1.5458	inf	2289.1795	0.0018	0.0767	1.7961	0.0041	11.9291	6.2745	0.0020	0.0000	0.0020	0.0006	0.0000	0.0006	0.0014	0.0000	0.0014	0.1603	0.0001	0.1603	0.0085	0.0001	0.0084	0.1518	0.0000	0.1518	0.0031	0.0020	0.0011	0.0017	0.0015	0.0002	0.0013	0.0005	0.0009	0.3472	0.2237	0.1235	0.1494	0.1242	0.0252	0.1978	0.0995	0.0982	1.4442	0.0000	1.4541	6.2450	0.0000	9.6065	1.3843	0.0000	1.0395	0.4618	0.0003	1.2980	0.0569	0.0006	0.3339	0.7677	0.0000	1.5458	
54	56	0.1114	2	1	1	1	0	0	0	0	0	N	N	N	N	N	N	N	N	N	N	N	N	0.4293	0.3146	2.4338	1.9967	0.0000	0.0000	1.4132	1.5720	0.0000	8.5523	8.6720	0.0000	0.0000	0.0000	0.0000	3.2920	4.9967	0.0000	3.5140	4.3431	0.0000	3.1022	5.8497	0.0000	0.0000	0.0000	-0.0761	-1.0259	1.7961	18.9997	11.9291	4.0000	0.7961	0.7961	0.0000	0.7961	0.7961	0.0000	0.0000	0.0000	0.0000	1.9689	1.9689	0.0000	0.9689	0.9689	0.0000	1.0000	1.0000	0.0000	0.5633	0.5064	0.0569	0.0931	0.0918	0.0013	0.4703	0.4146	0.0556	0.5981	0.3940	0.2040	0.2757	0.2231	0.0526	0.3224	0.1709	0.1514	0.4293	0.3146	0.0000	2.4338	1.9967	0.0000	0.0000	0.0000	0.0000	3.2920	4.9967	0.0000	3.5140	4.3431	0.0000	3.1022	5.8497	0.0000			
54	58	0.0622	3	2	2	0	0	0	0	0	0	Y	Y	N	N	N	N	N	N	N	N	N	N	1.3747	1.0032	0.0000	0.3702	0.3648	0.0000	0.0000	0.0192	0.0209	0.0000	0.0420	0.0439	0.0000	0.0000	0.0000	0.0000	0.0139	0.0208	0.0061	0.1135	0.1203	0.0000	0.0032	0.0000	0.0062	0.0000	0.2566	-0.0001	-0.0013	1.7961	0.9359	11.9291	8.5945	0.0013	0.0013	0.0000	0.0013	0.0013	0.0000	0.0000	0.0000	0.0000	0.0042	0.0033	0.0009	0.0033	0.0033	0.0000	0.0009	0.0000	0.0009	0.0656	0.0602	0.0054	0.0299	0.0287	0.0013	0.0357	0.0316	0.0041	0.3001	0.1600	0.1401	0.0293	0.0277	0.0016	0.2708	0.1323	0.1385	1.3747	1.0032	0.0000	0.3702	0.3648	0.0000	0.0000	0.0000	0.0000	0.0139	0.0208	0.0061	0.1135	0.1203	0.0000	0.0032	0.0000	0.0062		
54	59	0.0594	2	1	2	0	0	0	0	0	0	N	Y	N	N	N	N	N	N	N	N	N	N	0.9538	1.6001	1.3343	0.9148	0.9500	0.0147	0.9377	2.1229	1.6419	0.1487	0.1182	0.3639	0.1540	0.1620	0.0012	0.1435	0.0690	0.4510	0.1558	0.0738	0.2727	0.1684	0.1705	0.0794	0.1531	0.0325	0.2747	0.4364	2.5916	0.0005	0.0028	1.7961	0.1706	11.9291	1.8413	0.0025	0.0018	0.0008	0.0013	0.0013	0.0000	0.0013	0.0005	0.0008	0.0137	0.0038	0.0099	0.0027	0.0026	0.0000	0.0111	0.0012	0.0099	0.0170	0.0149	0.0021	0.0083	0.0079	0.0004	0.0087	0.0070	0.0017	0.0881	0.0518	0.0363	0.0159	0.0155	0.0004	0.0722	0.0363	0.0360	0.9538	1.6001	1.3343	0.9148	0.9500	0.0147	0.9377	2.1229	1.6419	0.1558	0.0738	0.2727	0.1684	0.1705	0.0794	0.1531	0.0325	0.2747
54	61	0.4344	8	1	1	0	0	0	0	0	0	N	N	N	N	N	N	N	N	N	N	N	N	0.0001	0.0000	0.0004	0.0116	0.0000	0.1026	0.0000	0.0000	0.0000	0.0002	0.0000	0.0021	0.0012	0.0000	0.0533	0.0000	0.0000	0.0000	4.1259	3.4958	5.3312	0.1060	0.0338	0.5195	6.8287	7.2648	6.3451	inf	0.7972	0.0000	-0.1399	1.7961	1.0140	11.9291	12.0537	0.0000	0.0000	0.0000	0.0000	0.0000	0.0000	0.0000	0.0000	0.0000	1.8052	1.0044	0.8008	0.0187	0.0051	0.0136	1.7865	0.9994	0.7872	0.0348	0.0309	0.0039	0.0065	0.0063	0.0001	0.0283	0.0246	0.0037	0.4375	0.2873	0.1502	0.1759	0.1498	0.0261	0.2616	0.1376	0.1241	0.0001	0.0000	0.0004	0.0116	0.0000	0.1026	0.0000	0.0000	0.0000	4.1259	3.4958	5.3312	0.1060	0.0338	0.5195	6.8287	7.2648	6.3451
54	62	0.3585	5	1	1	0	0	0	0	0	0	N	N	N	N	N	N	N	N	N	N	N	N	0.0961	0.0000	0.4557	0.9524	0.0000	0.7481	0.0012	0.0000	0.0104	0.2689	0.0000	2.1495	0.7718	0.0000	5.3690	0.0057	0.0000	0.0494	2.7988	1.9152	4.7168	0.8104	0.1612	7.1765	4.7051	4.6732	4.7398	inf	1.1346	0.1847	0.0489	1.7961	22.0948	11.9291	64.3951	0.2042	0.0000	0.2042	0.2014	0.0000	0.2014	0.0028	0.0000	0.0028	4.6762	2.1906	2.4855	0.6627	0.1127	0.5500	4.0135	2.0779	1.9355	0.7594	0.6644	0.0950	0.2609	0.2234	0.0375	0.4985	0.4410	0.0575	1.6708	1.1438	0.5270	0.8177	0.6991	0.1186	0.8530	0.4447	0.4084	0.0961	0.0000	0.4557	0.9524	0.0000	1.1577	0.0012	0.0000	0.0104	2.7988	1.9152	4.7168	0.8104	0.1612	4.6375	4.7051	4.6732	4.7398
54	63	0.1517	4	1	1	0	0	0	0	0	0	N	N	N	N	N	N	N	N	N	N	N	N	0.0035	0.0000	0.0209	0.0509	0.0000	0.1739	0.0001	0.0000	0.0011	0.0079	0.0000	0.0703	0.0440	0.0000	1.5867	0.0004	0.0000	0.0032	2.2353	1.6603	3.3595	0.8650	0.1110	9.1219	3.2578	3.6573	2.8506	inf	1.0349	0.0007	-0.0260	1.7961	3.0638	11.9291	18.8214	0.0008	0.0000	0.0008	0.0008	0.0000	0.0008	0.0000	0.0000	0.0000	2.0804	1.0224	1.0580	0.3440	0.0385	0.3055	1.7364	0.9839	0.7525	0.1029	0.0913	0.0116	0.0177	0.0172	0.0005	0.0852	0.0741	0.0111	0.9307	0.6158	0.3149	0.3977	0.3467	0.0510	0.5330	0.2690	0.2640	0.0035	0.0000	0.0209	0.0509	0.0000	0.2647	0.0001	0.0000	0.0011	2.2353	1.6603	3.3595	0.8650	0.1110	5.9951	3.2578	3.6573	2.8506
54	64	0.0626	2	2	2	1	0	0	0	0	0	Y	Y	N	N	N	N	N	N	N	N	N	N	0.1468	0.0000	0.4079	1.7115	0.0000	8.0855	0.0823	0.2603	0.0554	0.0000	0.4185	0.0894	0.0000	2.3707	0.0477	0.0000	0.3101	0.3776	0.0003	1.0259	0.0523	0.0005	0.2932	0.5797	0.0000	1.1911	inf	2289.1795	0.0018	0.0767	1.7961	1.0029	11.9291	8.4685	0.0020	0.0000	0.0020	0.0006	0.0000	0.0006	0.0014	0.0000	0.0014	0.1603	0.0001	0.1603	0.0085	0.0001	0.0084	0.1518	0.0000	0.1518	0.0369	0.0320	0.0049	0.0068	0.0066	0.0003	0.0301	0.0254	0.0046	0.4246	0.2683	0.1562	0.1627	0.1339	0.0287	0.2619	0.1344	0.1275	0.1468	0.0000	0.4079	1.7115	0.0000	8.0855	0.0823	0.0000	0.2603	0.3776	0.0003	1.0259	0.0523	0.0005	0.2932	0.5797	0.0000	1.1911	
54	66	0.4344	8	1	2	0	0	0	0	0	0	N	Y	N	N	N	N	N	N	N	N	N	N	0.0001	0.0000	0.0003	0.0010	0.0000	0.1761	0.0000	0.0000	0.0002	0.0000	0.0021	0.0012	0.0000	0.0534	0.0000	0.0000	0.0000	2.7385	0.7444	6.5430	1.2637	1.4326	0.3035	3.7254	0.0000	7.8614	inf	4.6069	0.0000	0.3689	1.7961	1.0110	11.9291	12.5479	0.0000	0.0000	0.0000	0.0000	0.0000	0.0000	0.0000	0.0000	0.0000	1.2275	0.2189	1.0086	0.2271	0.2189	0.0082	1.0004	0.0000	1.0004	0.0347	0.0308	0.0039	0.0065	0.0063	0.0001	0.0282	0.0245	0.0037	0.4482	0.2941	0.1541	0.1797	0.1528	0.0269	0.2685	0.1413	0.1273	0.0001	0.0000	0.0003	0.0010	0.0000	0.1761	0.0000	0.0000	0.0000	2.7385	0.7444	6.5430	1.2637	1.4326	0.3035	3.7254	0.0000	7.8614	
54	67	0.4280	7	1	1	0	0	0	0	0	0	N	N	N	N	N	N	N	N	N	N	N	N	0.0003	0.0002	0.0006	0.0012	0.0007	0.0209	0.0000	0.0000	0.0000	0.0004	0.0003	0.0019	0.0024	0.0013	0.0498	0.0000	0.0000	0.0000	1.7728	1.2844	2.8756	1.9408	1.9795	2.3829	1.6216	0.0899	3.0604	0.8731	0.9915	0.0000	-0.0088	1.7961	0.9784	11.9291	1.5217	0.0000	0.0000	0.0000	0.0000	0.0000	0.0000	0.0000	0.0000	0.0000	0.3798	0.1907	0.1891	0.1969	0.1858	0.0111	0.1829	0.0049	0.1779	0.0336	0.0298	0.0037	0.0062	0.0061	0.0001	0.0274	0.0238	0.0036	0.2142	0.1485	0.0658	0.1015	0.0939	0.0076	0.1128	0.0546	0.0581	0.0003	0.0002	0.0006	0.0012	0.0007	0.0340	0.0000	0.0000	0.0000	1.7728	1.2844	2.8756	1.9408	1.9795	1.4635	1.6216	0.0899	3.0604
54	68	0.3978	6	1	1	0	0	0	0	0	0	N	N	N	N	N	N	N	N	N	N	N	N	0.0073	0.0007	0.0265	0.0451	0.0021	0.3312	0.0000	0.0000	0.0000	0.0067	0.0002	0.0575	0.0340	0.0010	1.0571	0.0000	0.0000	0.0000	0.9167	0.3046	2.1682	0.7536	0.4784	3.1914	1.0658	0.0466	2.1589	34.6091	3.4816	0.0002	0.1033	1.7961	1.0531	11.9291	9.0748	0.0002	0.0000	0.0002	0.0002	0.0000	0.0002	0.0000	0.0000	0.0000	0.4040	0.0902	0.3139	0.1586	0.0846	0.0740	0.2454	0.0056	0.2399	0.0371	0.0329	0.0042	0.0073	0.0071	0.0002	0.0298	0.0259	0.0040	0.4408	0.2960	0.1448	0.2105	0.1768	0.0337	0.2303	0.1192	0.1111	0.0073	0.0007	0.0265	0.0451	0.0021	0.4807	0.0000	0.0000	0.0000	0.9167	0.3046	2.1682	0.7536	0.4784	2.1990	1.0658	0.0466	2.1589
54	71	0.0976	5	1	1	1	0	0	0	0	0	N	N	N	N	N	N	N	N	N	N	N	N	0.0000	0.0000	0.0000	0.0000	0.0000	0.0000	0.0000	0.0000	0.0000	0.0000	0.0000	0.0000	0.0000	0.0000	0.0000	0.0013	0.0000	0.0037	0.0023	0.0000	0.0166	0.0007	0.0000	0.0015	inf	0.0000	0.0000	1.7961	1.0000	11.9291	0.0055	0.0000	0.0000	0.0000	0.0000	0.0000	0.0000	0.0000	0.0000	0.0000	0.0000	0.0000	0.0000	0.0000	0.0000	0.0000	0.0000	0.0000	0.0000	0.0150	0.0130	0.0020	0.0000	0.0000	0.0000	0.0150	0.0130	0.0020	0.0226	0.0146	0.0080	0.0089	0.0077	0.0012	0.0137	0.0069	0.0068	0.0000	0.0000	0.0000	0.0000	0.0000	0.0000	0.0000	0.0000	0.0000	0.0013	0.0000	0.0037	0.0023	0.0000	0.0166	0.0007	0.0000	0.0015				
54	72	0.0910	4	1	1	1	0	0	0	0	0	N	N	N	N	N	N	N	N	N	N	N	N	0.0000	0.0000	0.0000	0.0000	0.0000	0.0000	0.0000	0.0000	0.0000	0.0000	0.0000	0.0000	0.0000	0.0000	0.0000	0.0000	0.0000	0.0000	0.0275	0.0140	0.0534	0.0338	0.0261	0.0885	0.0233	0.0000	0.0474	2.0000	0.0000	0.0001	1.7961	0.0000	11.9291	1.0265	0.0000	0.0000	0.0000	0.0000	0.0000	0.0000	0.0000	0.0000	0.0000	0.0007	0.0002	0.0005	0.0003	0.0002	0.0001	0.0003	0.0000	0.0003	0.0000	0.0000	0.0000	0.0000	0.0000	0.0000	0.0000	0.0000	0.0000	0.0251	0.0165	0.0086	0.0101	0.0088	0.0012	0.0150	0.0077	0.0074	0.0000	0.0000	0.0000	0.0000	0.0000	0.0000	0.0000	0.0000	0.0000	0.0275	0.0140	0.0534	0.0338	0.0261	0.0885	0.0233	0.0000	0.0474	
54	73	0.0855	3	1	1	0	0	0	0	0	0	N	N	N	N	N	N	N	N	N	N	N	N	0.0000	0.0000	0.0000	0.0000	0.0000	0.0000	0.0000	0.0000	0.0000	0.0000	0.0000	0.0000	0.0000	0.0000	0.0000	0.0000	0.0000	0.0000	0.0344	0.0126	0.0791	0.0220	0.0167	0.0788	0.0480	0.0026	0.0792	3.0713	0.0000	0.0021	1.7961	0.0000	11.9291	1.0321	0.0000	0.0000	0.0000	0.0000	0.0000	0.0000	0.0000	0.0000	0.0000	0.0088	0.0022	0.0067	0.0029	0.0020	0.0009	0.0059	0.0001	0.0058	0.0214	0.0158	0.0057	0.0125	0.0110	0.0014	0.0090	0.0047	0.0043	0.2562	0.1720	0.0841	0.1334	0.1220	0.0114	0.1227	0.0500	0.0727	0.0000	0.0000	0.0000	0.0000	0.0000	0.0000	0.0000	0.0000	0.0000	0.0344	0.0126	0.0791	0.0220	0.0167	0.0788	0.0480	0.0026	0.0792	
54	74	0.0627	2	1	1	0	0	0	0	0	0	N	N	N	N	N	N	N	N	N	N	N	N	0.3261	0.4172	0.3955	0.6150	0.5181	0.5316	0.2128	0.0309	0.3297	0.6604	0.3214	1.6233	0.8875	0.6444	3.1412	0.5056	0.0050	1.3521	2.0252	0.7703	4.1043	1.4431	1.2437	5.9083	2.3763	0.1633	4.1012	1.7785	3.2157	0.0170	0.3076	1.7961	0.5629	11.9291	8.5245	0.0312	0.0112	0.0200	0.0170	0.0111	0.0059	0.0142	0.0001	0.0141	1.2726	0.3019	0.9707	0.3411	0.2738	0.0673	0.9314	0.0280	0.9034	0.0472	0.0349	0.0123	0.0191	0.0173	0.0019	0.0281	0.0176	0.0104	0.6284	0.3919	0.2365	0.2364	0.2202	0.0162	0.3920	0.1717	0.2203	0.3261	0.4172	0.3955	0.6150	0.5181	0.7575	0.2128	0.0309	0.3297	2.0252	0.7703	4.1043	1.4431	1.2437	4.1465	2.3763	0.1633	4.1012
54	75	0.0797	3	1	2	0	0	0	0	0	0	N	Y	N	N	N	N	N	N	N	N	N	N	0.0000	0.0000	0.0000	0.0000	0.0000	0.0000	0.0000	0.0000	0.0000	0.0000	0.0000	0.0000	0.0000	0.0000	0.0000	0.0000	0.0000	5.6336	0.0221	18.3005	0.0522	0.0434	0.1240	9.3083	0.0000	21.2901	366.1556	0.0000	0.4790	1.7961	1.9994	11.9291	4.0943	0.0000	0.0000	0.0000	0.0000	0.0000	0.0000	0.0000	0.0000	0.0000	1.0059	0.0027	1.0031	0.0037	0.0027	0.0010	1.0022	0.0000	1.0022	0.0303	0.0264	0.0039	0.0000	0.0000	0.0000	0.0303	0.0264	0.0039	0.1785	0.1237	0.0548	0.0709	0.0631	0.0077	0.1077	0.0606	0.0471	0.0000	0.0000	0.0000	0.0000	0.0000	0.0000	0.0000	0.0000	0.0000	5.6336	0.0221	18.3005	0.0522	0.0434	0.1240	9.3083	0.0000	21.2901		
54	76	0.0735	2	1	1	0	0	0	0	0	0	N	N	N	N	N	N	N	N	N	N	N	N	0.0000	0.0000	0.0000	0.0000	0.0000	0.0000	0.0000	0.0000	0.0000	0.0000	0.0000	0.0000	0.0000	0.0000	0.0000	0.0000	0.0000	0.0000	1.2190	0.7682	2.2393	1.3275	1.2469	3.1485	1.1393	0.1696	2.2526	1.2879	0.0000	0.0053	1.7961	0.0011	11.9291	2.7207	0.0000	0.0000	0.0000	0.0000	0.0000	0.0000	0.0000	0.0000	0.0000	0.1261	0.0551	0.0710	0.0581	0.0497	0.0084	0.0680	0.0054	0.0626	0.0000	0.0000	0.0000	0.0000	0.0000	0.0000	0.0000	0.0000	0.0000	0.1035	0.0718	0.0317	0.0438	0.0399	0.0039	0.0597	0.0319	0.0278	0.0000	0.0000	0.0000	0.0000	0.0000	0.0000	0.0000	0.0000	0.0000	1.2190	0.7682	2.2393	1.3275	1.2469	2.1448	1.1393	0.1696	2.2526	
54	78	0.0615	2	2	1	1	0	0	0	0	0	Y	N	N	N	N	N	N	N	N	N	N	N	0.0032	0.0669	0.0000	0.0081	0.0093	0.0000	0.0000	0.0000	0.0001	0.0001	0.0000	0.0002	0.0002	0.0000	0.0000	0.0000	0.0000	0.0381	0.0020	0.0731	0.0259	0.0233	0.0587	0.0386	0.0000	0.0731	0.0000	38.5879	-0.0000	0.0009	1.7961	1.6246	11.9291	0.0115	0.0000	0.0000	0.0000	0.0000	0.0000	0.0000	0.0000	0.0000	0.0000	0.0019	0.0000	0.0019	0.0001	0.0000	0.0000	0.0019	0.0000	0.0019	0.1392	0.1306	0.0086	0.0819	0.0786	0.0033	0.0573	0.0520	0.0053	0.0507	0.0249	0.0258	0.0023	0.0021	0.0002	0.0484	0.0228	0.0256	0.0032	0.0669	0.0000	0.0081	0.0093	0.0000	0.0000	0.0000	0.0000	0.0381	0.0020	0.0731	0.0259	0.0233	0.0587	0.0386	0.0000	0.0731	
54	83	0.1517	4	1	1	0	0	0	0	0	0	N	N	N	N	N	N	N	N	N	N	N	N	0.0009	0.0000	0.0069	0.0100	0.0000	0.2390	0.0000	0.0000	0.0003	0.0027	0.0000	0.0248	0.0150	0.0000	0.7814	0.0001	0.0000	0.0011	2.9010	2.5198	3.5952	1.5074	1.2694	3.2696	3.7416	3.7778	3.7031	inf	0.7836	0.0007	-0.2759	1.7961	10.0679	11.9291	33.8159	0.0008	0.0000	0.0008	0.0008	0.0000	0.0008	0.0000	0.0000	0.0000	3.3753	1.8924	1.4829	0.6599	0.4781	0.1817	2.7155	1.4143	1.3011	0.3068	0.2740	0.0328	0.0517	0.0507	0.0010	0.2551	0.2233	0.0318	1.1635	0.7510	0.4125	0.4378	0.3767	0.0611	0.7257	0.3744	0.3514	0.0009	0.0000	0.0069	0.0100	0.0000	0.2627	0.0000	0.0000	0.0003	2.9010	2.5198	3.5952	1.5074	1.2694	2.9748	3.7416	3.7778	3.7031
54	84	0.1241	3	1	1	0	0	0	0	0	0	N	N	N	N	N	N	N	N	N	N	N	N	0.0398	0.0208	0.1302	0.1482	0.0625	0.3831	0.0052	0.0000	0.0221	0.0741	0.0250	0.4188	0.2984	0.1051	2.8242	0.0092	0.0000	0.0654	1.8623	1.2049	3.2168	2.0129	1.6823	7.3712	1.7475	0.5556	2.9527	2.3775	1.2958	0.0017	0.0728	1.7961	0.9441	11.9291	14.0836	0.0027	0.0008	0.0019	0.0025	0.0008	0.0017	0.0003	0.0000	0.0003	1.6803	0.7319	0.9484	0.7858	0.5889	0.1969	0.8945	0.1430	0.7516	0.0370	0.0324	0.0046	0.0083	0.0077	0.0006	0.0287	0.0247	0.0040	0.9023	0.6074	0.2948	0.3904	0.3501	0.0403	0.5119	0.2574	0.2545	0.0398	0.0208	0.1302	0.1482	0.0625	0.5782	0.0052	0.0000	0.0221	1.8623	1.2049	3.2168	2.0129	1.6823	4.8845	1.7475	0.5556	2.9527
54	85	0.4063	6	1	1	0	0	0	0	0	0	N	N	N	N	N	N	N	N	N	N	N	N	0.9588	1.6824	0.0022	1.8160	2.6185	0.0024	0.0178	inf	0.0002	0.9612	1.1077	0.0039	2.4079	2.8725	0.0077	0.0125	0.0141	0.0003	1.0025	0.6584	1.7583	1.3259	1.0970	3.2257	0.7061	0.0000	1.4914	0.0005	1.2162	-0.0630	0.0314	1.7961	15.0008	11.9291	28.2980	0.6631	0.6627	0.0004	0.6579	0.6575	0.0003	0.0052	0.0052	0.0000	1.1324	0.5110	0.6214	0.7163	0.5110	0.2053	0.4161	0.0000	0.4161	0.6898	0.5983	0.0915	0.2732	0.2289	0.0443	0.4166	0.3694	0.0472	1.1296	0.7761	0.3534	0.5402	0.4658	0.0744	0.5893	0.3103	0.2790	0.9588	1.6824	0.0022	1.8160	2.6185	0.0028	0.0178	inf	0.0002	1.0025	0.6584	1.7583	1.3259	1.0970	2.7586	0.7061	0.0000	1.4914
54	86	0.4063	6	1	1	0	0	0	0	0	0	N	N	N	N	N	N	N	N	N	N	N	N	0.7493	1.2082	0.0024	1.2894	1.8965	0.0022	0.0213	0.0714	0.0003	0.8686	1.0260	0.0045	1.7602	2.1861	0.0071	0.0200	0.0226	0.0004	1.1592	0.8492	1.8881	1.3651	1.1527	3.2257	0.9416	0.3160	1.6289	0.0008	0.9458	-0.0419	-0.0448	1.7961	10.8154	11.9291	27.4443	0.4422	0.4418	0.0004	0.4370	0.4366	0.0003	0.0052	0.0052	0.0000	1.2785	0.6571	0.6214	0.7737	0.5684	0.2053	0.5048	0.0887	0.4161	0.5091	0.4306	0.0785	0.2482	0.1997	0.0485	0.2608	0.2309	0.0299	1.1029	0.7737	0.3291	0.5667	0.4931	0.0737	0.5361	0.2807	0.2555	0.7493	1.2082	0.0024	1.2894	1.8965	0.0025	0.0213	0.0714	0.0003	1.1592	0.8492	1.8881	1.3651	1.1527	2.7870	0.9416	0.3160	1.6289
54	87	0.3585	5	1	1	0	0	0	0	0	0	N	N	N	N	N	N	N	N	N	N	N	N	0.8825	0.7729	1.4023	1.3666	1.2494	0.9834	0.0189	0.0111	0.0820	1.0767	0.8962	1.9221	1.7921	1.5806	2.5418	0.0209	0.0103	0.1054	1.2200	1.1596	1.3707	1.3113	1.2651	2.5848	1.1021	0.9300	1.2848	0.4577	0.4740	0.0787	-0.3964	1.7961	2.7608	11.9291	22.4044	0.3602	0.2471	0.1131	0.3574	0.2459	0.1115	0.0028	0.0012	0.0016	1.9866	1.3478	0.6388	1.2033	1.0073	0.1960	0.7832	0.3404	0.4428	0.3346	0.2757	0.0588	0.1994	0.1556	0.0439	0.1351	0.1202	0.0150	1.6284	1.1623	0.4660	0.9177	0.7963	0.1214	0.7107	0.3660	0.3446	0.8825	0.7729	1.4023	1.3666	1.2494	1.5744	0.0189	0.0111	0.0820	1.2200	1.1596	1.3707	1.3113	1.2651	1.6145	1.1021	0.9300	1.2848
54	88	0.2287	4	1	1	0	0	0	0	0	0	N	N	N	N	N	N	N	N	N	N	N	N	0.2782	0.2959	0.1374	1.0547	1.0593	0.6463	0.0003	0.0001	0.0014	0.6880	0.7333	0.3383	2.8639	2.9302	2.0738	0.0006	0.0002	0.0034	2.4727	2.4784	2.4611	2.7154	2.7661	3.2088	2.2909	2.1227	2.4765	0.0598	0.4873	-0.0083	-0.7074	1.7961	8.8820	11.9291	49.9570	0.2124	0.2004	0.0120	0.2123	0.2004	0.0119	0.0001	0.0000	0.0001	3.6569	2.4588	1.1981	1.7199	1.5172	0.2027	1.9369	0.9415	0.9954	0.3088	0.2733	0.0355	0.0741	0.0684	0.0057	0.2347	0.2049	0.0297	1.4789	0.9921	0.4868	0.6334	0.5485	0.0849	0.8455	0.4436	0.4019	0.2782	0.2959	0.1374	1.0547	1.0593	0.8683	0.0003	0.0001	0.0014	2.4727	2.4784	2.4611	2.7154	2.7661	2.3882	2.2909	2.1227	2.4765
54	90	0.1134	6	1	2	0	1	0	0	0	0	N	Y	N	N	N	N	N	N	N	N	N	N	0.0000	0.0000	0.0000	0.0000	0.0000	0.0000	0.0000	0.0000	0.0000	0.0000	0.0000	0.0000	0.0000	0.0000	0.0000	0.0000	0.0000	0.0000	0.0000	0.0000	1.7961	0.0000	11.9291	0.0000	0.0000	0.0000	0.0000	0.0000	0.0000	0.0000	0.0000	0.0000	0.0000	0.0000	0.0000	0.0000	0.0000	0.0000	0.0000	0.0000	0.0000	0.0000	0.0000	0.0000	0.0000	0.0000	0.0000	0.0000	0.0000	0.0000	0.0000	0.0000	0.0000	0.0000	0.0000	0.0000	0.0000	0.0000	0.0000	0.0000	0.0000	0.0000	0.0000	0.0000	0.0000	0.0000	0.0000	0.0000	0.0000	0.0000	0.0000	0.0000	0.0000	0.0000	0.0000	0.0000	0.0000	0.0000											
54	91	0.1027	5	1	2	0	1	0	0	0	0	N	Y	N	N	N	N	N	N	N	N	N	N	0.0000	0.0000	0.0000	0.0000	0.0000	0.0000	0.0000	0.0000	0.0000	0.0000	0.0000	0.0000	0.0000	0.0000	0.0000	0.0000	0.0000	0.0000	0.0000	0.0000	1.7961	1.0000	11.9291	3.0000	0.0000	0.0000	0.0000	0.0000	0.0000	0.0000	0.0000	0.0000	0.0000	0.0000	0.0000	0.0000	0.0000	0.0000	0.0000	0.0000	0.0000	0.0000	0.0288	0.0260	0.0028	0.0109	0.0102	0.0007	0.0179	0.0158	0.0021	0.1079	0.0539	0.0540	0.0120	0.0102	0.0018	0.0959	0.0437	0.0522	0.0000	0.0000	0.0000	0.0000	0.0000	0.0000	0.0000	0.0000	0.0000	0.0000	0.0000	0.0000	0.0000	0.0000	0.0000	0.0000	0.0000	0.0000											
54	92	0.0961	3	1	2	0	0	0	0	0	0	N	Y	N	N	N	N	N	N	N	N	N	N	0.0000	0.0000	0.0000	0.0000	0.0000	0.0000	0.0000	0.0000	0.0000	0.0000	0.0000	0.0000	0.0000	0.0000	0.0000	0.0000	0.0000	0.0000	0.0000	0.0000	1.7961	0.0000	11.9291	0.0000	0.0000	0.0000	0.0000	0.0000	0.0000	0.0000	0.0000	0.0000	0.0000	0.0000	0.0000	0.0000	0.0000	0.0000	0.0000	0.0000	0.0000	0.0000	0.0000	0.0000	0.0000	0.0000	0.0000	0.0000	0.0000	0.0000	0.0000	0.0000	0.0000	0.0000	0.0000	0.0000	0.0000	0.0000	0.0000	0.0000	0.0000	0.0000	0.0000	0.0000	0.0000	0.0000	0.0000	0.0000	0.0000	0.0000	0.0000	0.0000	0.0000	0.0000	0.0000	0.0000	0.0000	0.0000											
54	93	0.1027	5	1	1	1	1	0	0	0	0	N	N	N	N	N	N	N	N	N	N	N	N	0.0000	0.0000	0.0000	0.0000	0.0000	0.0000	0.0000	0.0000	0.0000	0.0000	0.0000	0.0000	0.0000	0.0000	0.0000	0.0000	0.0000	0.0000	0.0000	0.0000	1.7961	0.0000	11.9291	0.0000	0.0000	0.0000	0.0000	0.0000	0.0000	0.0000	0.0000	0.0000	0.0000	0.0000	0.0000	0.0000	0.0000	0.0000	0.0000	0.0000	0.0000	0.0000	0.0000	0.0000	0.0000	0.0000	0.0000	0.0000	0.0000	0.0000	0.0000	0.0000	0.0000	0.0000	0.0000	0.0000	0.0000	0.0000	0.0000	0.0000	0.0000	0.0000	0.0000	0.0000	0.0000	0.0000	0.0000	0.0000	0.0000	0.0000	0.0000	0.0000	0.0000	0.0000	0.0000	0.0000	0.0000	0.0000											
54	94	0.1000	4	1	1	0	1	0	0	0	0	N	N	N	N	N	N	N	N	N	N	N	N	0.0000	0.0000	0.0000	0.0000	0.0000	0.0000	0.0000	0.0000	0.0000	0.0000	0.0000	0.0000	0.0000	0.0000	0.0000	0.0000	0.0000	0.0000	0.0000	0.0000	1.7961	1.0000	11.9291	0.0097	0.0000	0.0000	0.0000	0.0000	0.0000	0.0000	0.0000	0.0000	0.0000	0.0000	0.0000	0.0000	0.0000	0.0000	0.0000	0.0000	0.0000	0.0000	0.0288	0.0260	0.0028	0.0109	0.0102	0.0007	0.0179	0.0158	0.0021	0.0293	0.0146	0.0147	0.0037	0.0032	0.0005	0.0256	0.0114	0.0142	0.0000	0.0000	0.0000	0.0000	0.0000	0.0000	0.0000	0.0000	0.0000	0.0000	0.0000	0.0000	0.0000	0.0000	0.0000	0.0000	0.0000	0.0000											
54	95	0.1000	4	1	1	1	1	0	0	0	0	N	N	N	N	N	N	N	N	N	N	N	N	0.0000	0.0000	0.0000	0.0000	0.0000	0.0000	0.0000	0.0000	0.0000	0.0000	0.0000	0.0000	0.0000	0.0000	0.0000	0.0000	0.0000	0.0000	0.0000	0.0000	1.7961	2.0000	11.9291	3.0050	0.0000	0.0000	0.0000	0.0000	0.0000	0.0000	0.0000	0.0000	0.0000	0.0000	0.0000	0.0000	0.0000	0.0000	0.0000	0.0000	0.0000	0.0000	0.0568	0.0512	0.0056	0.0213	0.0200	0.0014	0.0355	0.0313	0.0042	0.1344	0.0673	0.0671	0.0153	0.0131	0.0022	0.1191	0.0542	0.0649	0.0000	0.0000	0.0000	0.0000	0.0000	0.0000	0.0000	0.0000	0.0000	0.0000	0.0000	0.0000	0.0000	0.0000	0.0000	0.0000	0.0000	0.0000											
54	96	0.1000	4	1	1	1	1	0	0	0	0	N	N	N	N	N	N	N	N	N	N	N	N	0.0000	0.0000	0.0000	0.0000	0.0000	0.0000	0.0000	0.0000	0.0000	0.0000	0.0000	0.0000	0.0000	0.0000	0.0000	0.0000	0.0000	0.0000	0.0000	0.0000	1.7961	0.0000	11.9291	6.9903	0.0000	0.0000	0.0000	0.0000	0.0000	0.0000	0.0000	0.0000	0.0000	0.0000	0.0000	0.0000	0.0000	0.0000	0.0000	0.0000	0.0000	0.0000	0.0000	0.0000	0.0000	0.0000	0.0000	0.0000	0.0000	0.0000	0.0000	0.1829	0.0918	0.0911	0.0206	0.0176	0.0030	0.1624	0.0743	0.0881	0.0000	0.0000	0.0000	0.0000	0.0000	0.0000	0.0000	0.0000	0.0000	0.0000	0.0000	0.0000	0.0000	0.0000	0.0000	0.0000	0.0000	0.0000											
54	97	0.0945	3	1	1	0	1	0	0	0	0	N	N	N	N	N	N	N	N	N	N	N	N	0.0000	0.0000	0.0000	0.0000	0.0000	0.0000	0.0000	0.0000	0.0000	0.0000	0.0000	0.0000	0.0000	0.0000	0.0000	0.0000	0.0000	0.0018	0.0014	0.0022	0.0082	0.0066	0.0213	0.0009	0.0000	0.0016	1.3760	0.0000	0.0000	1.7961	0.9999	11.9291	1.0605	0.0000	0.0000	0.0000	0.0000	0.0000	0.0000	0.0000	0.0000	0.0000	0.0001	0.0000	0.0001	0.0001	0.0000	0.0000	0.0000	0.0000	0.0000	0.0622	0.0578	0.0044	0.0267	0.0257	0.0010	0.0355	0.0322	0.0033	0.0658	0.0345	0.0313	0.0085	0.0076	0.0009	0.0573	0.0270	0.0303	0.0000	0.0000	0.0000	0.0000	0.0000	0.0000	0.0000	0.0000	0.0000	0.0018	0.0014	0.0022	0.0082	0.0066	0.0213	0.0009	0.0000	0.0016		
54	98	0.0923	2	1	1	0	1	0	0	0	0	N	N	N	N	N	N	N	N	N	N	N	N	2.5446	1.6866	5.5361	0.3261	0.3319	0.0000	27.5405	498.9961	8.8571	0.4737	0.5113	0.2519	0.3511	0.3837	0.0000	0.6113	0.6774	0.3653	0.1862	0.3031	0.0455	1.0765	1.1561	0.1919	0.0222	0.0014	0.0412	0.0834	0.1248	-0.0000	-0.0028	1.7961	0.0012	11.9291	1.0414	0.0001	0.0001	0.0000	0.0000	0.0000	0.0000	0.0001	0.0000	0.0000	0.0068	0.0060	0.0008	0.0061	0.0060	0.0001	0.0007	0.0000	0.0007	0.0002	0.0002	0.0000	0.0001	0.0001	0.0000	0.0001	0.0001	0.0000	0.0365	0.0200	0.0166	0.0057	0.0052	0.0005	0.0309	0.0147	0.0161	2.5446	1.6866	5.5361	0.3261	0.3319	0.0000	27.5405	498.9961	8.8571	0.1862	0.3031	0.0455	1.0765	1.1561	0.1919	0.0222	0.0014	0.0412
54	101	0.0992	4	2	2	0	0	0	0	0	0	Y	Y	N	N	N	N	N	N	N	N	N	N	0.0000	0.0000	0.0000	0.0000	0.0000	0.0000	0.0000	0.0000	0.0000	0.0000	0.0000	0.0000	0.0000	0.0000	0.0000	0.0000	0.0000	0.0000	0.0000	0.0000	1.7961	0.0000	11.9291	3.0000	0.0000	0.0000	0.0000	0.0000	0.0000	0.0000	0.0000	0.0000	0.0000	0.0000	0.0000	0.0000	0.0000	0.0000	0.0000	0.0000	0.0000	0.0000	0.0000	0.0000	0.0000	0.0000	0.0000	0.0000	0.0000	0.0000	0.0000	0.0868	0.0437	0.0431	0.0089	0.0075	0.0013	0.0779	0.0361	0.0418	0.0000	0.0000	0.0000	0.0000	0.0000	0.0000	0.0000	0.0000	0.0000	0.0000	0.0000	0.0000	0.0000	0.0000	0.0000	0.0000	0.0000	0.0000											
54	102	0.0961	3	2	2	0	0	0	0	0	0	Y	Y	N	N	N	N	N	N	N	N	N	N	0.0000	0.0000	0.0000	0.0000	0.0000	0.0000	0.0000	0.0000	0.0000	0.0000	0.0000	0.0000	0.0000	0.0000	0.0000	0.0000	0.0000	0.0000	0.0000	0.0000	1.7961	0.0000	11.9291	1.0000	0.0000	0.0000	0.0000	0.0000	0.0000	0.0000	0.0000	0.0000	0.0000	0.0000	0.0000	0.0000	0.0000	0.0000	0.0000	0.0000	0.0000	0.0000	0.0000	0.0000	0.0000	0.0000	0.0000	0.0000	0.0000	0.0000	0.0000	0.0302	0.0151	0.0150	0.0031	0.0026	0.0005	0.0271	0.0125	0.0146	0.0000	0.0000	0.0000	0.0000	0.0000	0.0000	0.0000	0.0000	0.0000	0.0000	0.0000	0.0000	0.0000	0.0000	0.0000	0.0000	0.0000	0.0000											
54	103	0.0923	2	1	2	0	0	0	0	0	0	N	Y	N	N	N	N	N	N	N	N	N	N	0.0087	114.1974	0.0000	17.3200	83.2122	0.0000	0.0000	0.0000	0.0000	0.2342	0.2803	0.0000	0.4223	0.4664	0.0000	0.0000	0.0000	0.0000	26.9766	0.0025	59.3633	0.0244	0.0056	0.2321	31.9207	0.0013	61.0840	0.0000	20145.2214	-0.0000	0.4764	1.7961	0.0006	11.9291	1.0534	0.0000	0.0000	0.0000	0.0000	0.0000	0.0000	0.0000	0.0000	0.0000	0.9948	0.0000	0.9948	0.0001	0.0000	0.0001	0.9947	0.0000	0.9947	0.0002	0.0001	0.0000	0.0001	0.0001	0.0000	0.0001	0.0001	0.0000	0.0369	0.0201	0.0168	0.0057	0.0052	0.0005	0.0312	0.0149	0.0163	0.0087	114.1974	0.0000	17.3200	83.2122	0.0000	0.0000	0.0000	0.0000	26.9766	0.0025	59.3633	0.0244	0.0056	0.2321	31.9207	0.0013	61.0840
54	109	0.3111	5	1	1	0	0	0	0	0	0	N	N	N	N	N	N	N	N	N	N	N	N	0.0099	0.0000	0.0504	0.0513	0.0000	0.5906	0.0001	0.0000	0.0003	0.0141	0.0000	0.1293	0.0683	0.0000	1.7093	0.0001	0.0000	0.0009	1.4189	0.8868	2.5639	1.3322	1.2279	2.8944	1.4977	0.3865	2.7419	inf	1.3436	0.0032	0.0909	1.7961	7.7801	11.9291	32.2209	0.0036	0.0000	0.0036	0.0035	0.0000	0.0035	0.0000	0.0000	0.0000	1.7405	0.7426	0.9978	0.7780	0.6114	0.1665	0.9625	0.1312	0.8313	0.2531	0.2255	0.0276	0.0519	0.0498	0.0021	0.2012	0.1756	0.0255	1.2266	0.8374	0.3892	0.5840	0.4979	0.0860	0.6426	0.3395	0.3032	0.0099	0.0000	0.0504	0.0513	0.0000	0.8828	0.0001	0.0000	0.0003	1.4189	0.8868	2.5639	1.3322	1.2279	1.9363	1.4977	0.3865	2.7419
55	56	0.1070	3	0	1	1	0	0	0	0	0	N	N	N	N	N	N	N	N	N	N	N	N	14.7342	11.4396	24.9445	20.6951	0.0000	0.0000	1.2200	1.3251	0.0000	3.6969	3.6991	0.0000	0.0000	0.0000	0.0000	0.0828	0.1158	0.0000	0.1482	0.1787	0.0000	0.0000	0.0000	0.0000	0.0000	0.0000	-0.0003	-0.0219	0.0041	18.9997	6.2745	4.0000	0.0035	0.0035	0.0000	0.0035	0.0035	0.0000	0.0000	0.0000	0.0000	0.0420	0.0420	0.0000	0.0420	0.0420	0.0000	0.0000	0.0000	0.0000	0.0028	0.0026	0.0002	0.0009	0.0009	0.0000	0.0019	0.0017	0.0002	0.5070	0.3624	0.1446	0.2833	0.2349	0.0484	0.2238	0.1276	0.0962	14.7342	11.4396	0.0000	24.9445	20.6951	0.0000	0.0000	0.0000	0.0000	0.0828	0.1158	0.0000	0.1482	0.1787	0.0000	0.0000	0.0000	0.0000			
55	57	0.0370	2	0	1	0	0	0	0	0	0	N	N	N	N	N	N	N	N	N	N	N	N	0.3736	0.0000	9.5340	7.2483	0.0011	16.0910	0.3460	0.0000	8.1295	0.6581	0.0000	1.8926	0.3512	0.0000	3.2042	1.0462	0.0001	1.6125	1.7614	2.6193	0.1985	0.0484	0.0174	0.1991	3.0234	5.7328	0.1984	35596.7068	0.0416	0.0018	-0.4849	0.0041	1.7961	6.2745	22.3138	0.0020	0.0000	0.0020	0.0006	0.0000	0.0006	0.0014	0.0000	0.0014	1.0079	0.9676	0.0403	0.0118	0.0035	0.0083	0.9961	0.9641	0.0320	0.0031	0.0020	0.0011	0.0017	0.0015	0.0002	0.0014	0.0005	0.0009	0.5722	0.3694	0.2028	0.2427	0.2012	0.0415	0.3295	0.1682	0.1613	0.3736	0.0000	9.5340	7.2483	0.0011	16.0910	0.3460	0.0000	8.1295	1.7614	2.6193	0.1985	0.0484	0.0174	0.1991	3.0234	5.7328	0.1984
55	58	0.0578	4	1	2	0	0	0	0	0	0	N	Y	N	N	N	N	N	N	N	N	N	N	0.0016	0.0011	0.0000	0.0021	0.0019	0.0000	0.0001	0.0001	0.0000	0.0137	0.0146	0.0000	0.0211	0.0221	0.0000	0.0011	0.0012	0.0000	8.4875	13.0780	0.0047	10.1555	11.4665	0.0008	7.4562	14.8341	0.0053	0.0000	0.0002	-0.0000	-0.8594	0.0041	0.9359	6.2745	8.5945	0.0000	0.0000	0.0000	0.0000	0.0000	0.0000	0.0000	0.0000	0.0000	1.6498	1.6495	0.0003	0.7542	0.7542	0.0000	0.8956	0.8953	0.0003	0.0005	0.0005	0.0000	0.0003	0.0003	0.0000	0.0002	0.0002	0.0000	0.1944	0.1261	0.0683	0.0743	0.0658	0.0085	0.1201	0.0604	0.0598	0.0016	0.0011	0.0000	0.0021	0.0019	0.0000	0.0001	0.0001	0.0000	8.4875	13.0780	0.0047	10.1555	11.4665	0.0008	7.4562	14.8341	0.0053
55	59	0.0551	3	0	2	0	0	0	0	0	0	N	Y	N	N	N	N	N	N	N	N	N	N	0.0137	0.0113	0.0331	0.0153	0.0122	10.6010	0.0117	0.0077	0.0297	0.1120	0.0852	0.3118	0.1199	0.1044	0.3123	0.0986	0.0476	0.3115	8.1867	7.5488	9.4159	7.8464	8.5838	0.0295	8.4240	6.1757	10.5012	0.4919	0.6473	0.0000	-0.0601	0.0041	0.1706	6.2745	1.8413	0.0000	0.0000	0.0000	0.0000	0.0000	0.0000	0.0000	0.0000	0.0000	0.4691	0.2848	0.1843	0.1847	0.1846	0.0001	0.2844	0.1001	0.1843	0.0001	0.0001	0.0000	0.0001	0.0001	0.0000	0.0000	0.0000	0.0000	0.0573	0.0377	0.0196	0.0235	0.0215	0.0020	0.0338	0.0162	0.0175	0.0137	0.0113	0.0331	0.0153	0.0122	10.6010	0.0117	0.0077	0.0297	8.1867	7.5488	9.4159	7.8464	8.5838	0.0295	8.4240	6.1757	10.5012
55	60	0.0370	2	0	2	0	0	0	0	0	0	N	Y	N	N	N	N	N	N	N	N	N	N	0.1379	28.3764	0.0002	23.2866	54.4504	0.0227	0.0002	0.0321	0.0002	0.3498	0.4644	0.0016	0.6500	0.7126	0.0023	0.0010	0.0007	0.0014	2.5363	0.0164	7.1014	0.0279	0.0131	0.1012	4.4382	0.0205	8.8962	0.0011	239.4999	-0.0001	0.3822	0.0041	6.1830	6.2745	4.8458	0.0014	0.0014	0.0000	0.0014	0.0014	0.0000	0.0000	0.0000	0.0000	0.8050	0.0033	0.8016	0.0038	0.0015	0.0023	0.8012	0.0019	0.7993	0.0041	0.0031	0.0010	0.0022	0.0020	0.0002	0.0019	0.0011	0.0008	0.3174	0.2045	0.1129	0.1369	0.1138	0.0230	0.1805	0.0907	0.0898	0.1379	28.3764	0.0002	23.2866	54.4504	0.0227	0.0002	0.0321	0.0002	2.5363	0.0164	7.1014	0.0279	0.0131	0.1012	4.4382	0.0205	8.8962
55	61	0.4301	9	0	1	0	0	0	0	0	0	N	N	N	N	N	N	N	N	N	N	N	N	0.0479	0.0000	0.3615	0.1044	0.0000	18.4885	0.0138	0.0000	0.0648	0.0002	0.0000	0.0022	0.0005	0.0000	0.1335	0.0000	0.0000	0.0004	0.0040	0.0031	0.0060	0.0047	0.0042	0.0072	0.0034	0.0016	0.0056	inf	0.8770	0.0000	-0.0001	0.0041	1.0140	6.2745	12.0537	0.0000	0.0000	0.0000	0.0000	0.0000	0.0000	0.0000	0.0000	0.0000	0.0015	0.0008	0.0007	0.0008	0.0006	0.0002	0.0007	0.0002	0.0005	0.0002	0.0002	0.0000	0.0001	0.0001	0.0000	0.0001	0.0001	0.0000	0.3680	0.2523	0.1157	0.1731	0.1466	0.0265	0.1949	0.1057	0.0892	0.0479	0.0000	0.3615	0.1044	0.0000	18.4885	0.0138	0.0000	0.0648	0.0040	0.0031	0.0060	0.0047	0.0042	0.0072	0.0034	0.0016	0.0056
55	62	0.3542	6	0	1	0	0	0	0	0	0	N	N	N	N	N	N	N	N	N	N	N	N	0.0798	0.0000	0.3183	0.1430	0.0000	0.5779	0.0242	0.0000	0.0936	0.1750	0.0000	1.1094	0.2826	0.0000	1.7616	0.0602	0.0000	0.3884	2.1937	1.6802	3.4850	1.9754	1.9685	3.0483	2.4882	1.0715	4.1516	inf	0.8248	0.0008	-0.2124	0.0041	22.0948	6.2745	64.3951	0.0008	0.0000	0.0008	0.0007	0.0000	0.0007	0.0001	0.0000	0.0001	3.0746	1.6849	1.3897	1.5899	1.3396	0.2503	1.4847	0.3453	1.1394	0.0048	0.0041	0.0008	0.0025	0.0021	0.0004	0.0023	0.0020	0.0004	1.4016	1.0028	0.3988	0.8048	0.6805	0.1243	0.5967	0.3223	0.2745	0.0798	0.0000	0.3183	0.1430	0.0000	0.8750	0.0242	0.0000	0.0936	2.1937	1.6802	3.4850	1.9754	1.9685	2.0133	2.4882	1.0715	4.1516
55	63	0.1473	5	0	1	0	0	0	0	0	0	N	N	N	N	N	N	N	N	N	N	N	N	0.0036	0.0000	0.0183	0.0168	0.0000	14.9048	0.0006	0.0000	0.0024	0.0064	0.0000	0.0683	0.0159	0.0000	0.9994	0.0017	0.0000	0.0127	1.7505	0.9356	3.7426	0.9447	1.1083	0.0671	2.7830	0.5896	5.3480	inf	1.6362	0.0000	0.1624	0.0041	3.0638	6.2745	18.8214	0.0000	0.0000	0.0000	0.0000	0.0000	0.0000	0.0000	0.0000	0.0000	1.6309	0.6186	1.0122	0.4944	0.4889	0.0055	1.1365	0.1298	1.0067	0.0005	0.0005	0.0000	0.0002	0.0002	0.0000	0.0004	0.0003	0.0000	0.9317	0.6612	0.2705	0.5233	0.4411	0.0822	0.4084	0.2201	0.1882	0.0036	0.0000	0.0183	0.0168	0.0000	14.9048	0.0006	0.0000	0.0024	1.7505	0.9356	3.7426	0.9447	1.1083	0.0671	2.7830	0.5896	5.3480
55	66	0.4301	9	0	2	0	0	0	0	0	0	N	Y	N	N	N	N	N	N	N	N	N	N	0.0001	0.0000	0.0004	0.0002	0.0000	0.0027	0.0001	0.0000	0.0002	0.0002	0.0000	0.0022	0.0005	0.0000	0.1338	0.0000	0.0000	0.0004	1.8734	0.0356	5.8775	2.9666	0.0603	49.9844	0.9036	0.0013	1.9739	inf	75.8648	0.0000	0.3298	0.0041	1.0110	6.2745	12.5479	0.0000	0.0000	0.0000	0.0000	0.0000	0.0000	0.0000	0.0000	0.0000	0.7079	0.0092	0.6987	0.5270	0.0091	0.5179	0.1809	0.0001	0.1808	0.0002	0.0002	0.0000	0.0001	0.0001	0.0000	0.0001	0.0001	0.0000	0.3779	0.2590	0.1189	0.1776	0.1504	0.0273	0.2002	0.1087	0.0916	0.0001	0.0000	0.0004	0.0002	0.0000	0.0070	0.0001	0.0000	0.0002	1.8734	0.0356	5.8775	2.9666	0.0603	18.9806	0.9036	0.0013	1.9739
55	67	0.4237	8	0	1	0	0	0	0	0	0	N	N	N	N	N	N	N	N	N	N	N	N	0.0224	0.0177	0.0719	0.0482	0.0381	1.5691	0.0040	0.0000	0.0205	0.0004	0.0002	0.0019	0.0010	0.0006	0.1225	0.0000	0.0000	0.0004	0.0165	0.0124	0.0266	0.0213	0.0159	0.0781	0.0118	0.0062	0.0177	0.8550	0.8770	0.0000	-0.0001	0.0041	0.9784	6.2745	1.5217	0.0000	0.0000	0.0000	0.0000	0.0000	0.0000	0.0000	0.0000	0.0000	0.0025	0.0013	0.0012	0.0016	0.0011	0.0005	0.0009	0.0002	0.0007	0.0002	0.0002	0.0000	0.0001	0.0001	0.0000	0.0001	0.0001	0.0000	0.1529	0.1085	0.0443	0.0756	0.0691	0.0065	0.0772	0.0394	0.0378	0.0224	0.0177	0.0719	0.0482	0.0381	1.5691	0.0040	0.0000	0.0205	0.0165	0.0124	0.0266	0.0213	0.0159	0.0781	0.0118	0.0062	0.0177
55	68	0.3935	7	0	1	0	0	0	0	0	0	N	N	N	N	N	N	N	N	N	N	N	N	0.3619	0.0062	2.8318	1.3118	0.0306	12.9225	0.0289	0.0000	0.2885	0.0112	0.0002	0.1132	0.0299	0.0004	0.9235	0.0011	0.0000	0.0086	0.0308	0.0269	0.0400	0.0228	0.0145	0.0715	0.0392	0.0473	0.0297	73.2638	0.6410	0.0000	-0.0015	0.0041	1.0531	6.2745	9.0748	0.0000	0.0000	0.0000	0.0000	0.0000	0.0000	0.0000	0.0000	0.0000	0.0111	0.0068	0.0044	0.0042	0.0023	0.0019	0.0069	0.0045	0.0024	0.0002	0.0002	0.0000	0.0001	0.0001	0.0000	0.0001	0.0001	0.0000	0.3617	0.2528	0.1089	0.1843	0.1576	0.0267	0.1773	0.0951	0.0822	0.3619	0.0062	2.8318	1.3118	0.0306	12.9225	0.0289	0.0000	0.2885	0.0308	0.0269	0.0400	0.0228	0.0145	0.0715	0.0392	0.0473	0.0297
55	69	0.0370	2	1	1	1	0	0	0	0	0	N	N	N	N	N	N	N	N	N	N	N	N	0.0000	0.0000	0.0000	0.0000	0.0000	0.0000	0.0000	0.0000	0.0000	0.0000	0.0000	0.0000	0.0000	0.0000	0.0000	0.0000	0.0000	0.3119	0.0697	0.7527	0.1187	0.1225	0.0987	0.4622	0.0000	0.9139	5.9283	0.0000	0.0171	0.0041	0.0000	6.2745	4.9600	0.0000	0.0000	0.0000	0.0000	0.0000	0.0000	0.0000	0.0000	0.0000	0.0511	0.0074	0.0437	0.0085	0.0074	0.0011	0.0426	0.0000	0.0426	0.0000	0.0000	0.0000	0.0000	0.0000	0.0000	0.0000	0.0000	0.0000	0.1637	0.1057	0.0580	0.0716	0.0602	0.0115	0.0921	0.0455	0.0466	0.0000	0.0000	0.0000	0.0000	0.0000	0.0000	0.0000	0.0000	0.0000	0.3119	0.0697	0.7527	0.1187	0.1225	0.0987	0.4622	0.0000	0.9139		
55	71	0.0933	6	0	1	1	0	0	0	0	0	N	N	N	N	N	N	N	N	N	N	N	N	0.0000	0.0000	0.0000	0.0000	0.0000	0.0000	0.0000	0.0000	0.0000	0.0000	0.0000	0.0000	0.0000	0.0000	0.0000	0.0000	0.0000	0.0000	0.0000	0.0000	0.0000	0.0000	0.0000	0.1690	0.0000	-0.0000	0.0041	1.0000	6.2745	0.0055	0.0000	0.0000	0.0000	0.0000	0.0000	0.0000	0.0000	0.0000	0.0000	0.0000	0.0000	0.0000	0.0000	0.0000	0.0000	0.0000	0.0000	0.0000	0.0000	0.0000	0.0000	0.0000	0.0000	0.0000	0.0000	0.0000	0.0000	0.0160	0.0116	0.0043	0.0083	0.0074	0.0008	0.0077	0.0042	0.0035	0.0000	0.0000	0.0000	0.0000	0.0000	0.0000	0.0000	0.0000	0.0000	0.0000	0.0000	0.0000	0.0000	0.0000	0.0000	0.0000	0.0000	0.0000					
55	72	0.0866	5	0	1	1	0	0	0	0	0	N	N	N	N	N	N	N	N	N	N	N	N	0.0000	0.0000	0.0000	0.0000	0.0000	0.0000	0.0000	0.0000	0.0000	0.0000	0.0000	0.0000	0.0000	0.0000	0.0000	0.0000	0.0000	0.0000	0.0006	0.0008	0.0000	0.0012	0.0013	0.0000	0.0000	0.0000	0.0000	0.0077	0.0000	-0.0000	0.0041	0.0000	6.2745	1.0265	0.0000	0.0000	0.0000	0.0000	0.0000	0.0000	0.0000	0.0000	0.0000	0.0000	0.0000	0.0000	0.0000	0.0000	0.0000	0.0000	0.0000	0.0000	0.0000	0.0000	0.0000	0.0000	0.0000	0.0000	0.0000	0.0000	0.0000	0.0173	0.0127	0.0046	0.0090	0.0081	0.0009	0.0083	0.0046	0.0038	0.0000	0.0000	0.0000	0.0000	0.0000	0.0000	0.0000	0.0000	0.0000	0.0006	0.0008	0.0000	0.0012	0.0013	0.0000	0.0000	0.0000	0.0000	
55	73	0.0812	4	0	1	0	0	0	0	0	0	N	N	N	N	N	N	N	N	N	N	N	N	0.0000	0.0000	0.0000	0.0000	0.0000	0.0000	0.0000	0.0000	0.0000	0.0000	0.0000	0.0000	0.0000	0.0000	0.0000	0.0000	0.0000	0.0000	0.0004	0.0006	0.0000	0.0007	0.0007	0.0001	0.0001	0.0002	0.0000	0.0194	0.0000	-0.0001	0.0041	0.0000	6.2745	1.0321	0.0000	0.0000	0.0000	0.0000	0.0000	0.0000	0.0000	0.0000	0.0000	0.0001	0.0001	0.0000	0.0001	0.0001	0.0000	0.0000	0.0000	0.0000	0.0002	0.0001	0.0001	0.0001	0.0001	0.0000	0.0001	0.0000	0.0000	0.2699	0.1921	0.0778	0.1421	0.1335	0.0086	0.1278	0.0586	0.0692	0.0000	0.0000	0.0000	0.0000	0.0000	0.0000	0.0000	0.0000	0.0000	0.0004	0.0006	0.0000	0.0007	0.0007	0.0001	0.0001	0.0002	0.0000	
55	74	0.0584	3	0	1	0	0	0	0	0	0	N	N	N	N	N	N	N	N	N	N	N	N	1.5912	1.2077	2.0364	1.9020	1.2486	4.9538	1.2123	0.1245	1.4508	0.3030	0.1582	0.6251	0.3625	0.2362	1.0111	0.2306	0.0030	0.4687	0.1904	0.1310	0.3070	0.1906	0.1892	0.2041	0.1902	0.0241	0.3231	1.7765	1.1950	0.0001	0.0022	0.0041	0.5629	6.2745	8.5245	0.0001	0.0000	0.0001	0.0001	0.0000	0.0000	0.0000	0.0000	0.0000	0.0948	0.0432	0.0516	0.0450	0.0404	0.0046	0.0497	0.0028	0.0469	0.0004	0.0003	0.0001	0.0002	0.0002	0.0000	0.0002	0.0001	0.0001	0.4977	0.3296	0.1680	0.2362	0.2134	0.0227	0.2615	0.1162	0.1453	1.5912	1.2077	2.0364	1.9020	1.2486	4.9538	1.2123	0.1245	1.4508	0.1904	0.1310	0.3070	0.1906	0.1892	0.2041	0.1902	0.0241	0.3231
55	75	0.0754	4	0	2	0	0	0	0	0	0	N	Y	N	N	N	N	N	N	N	N	N	N	0.0000	0.0000	0.0000	0.0000	0.0000	0.0000	0.0000	0.0000	0.0000	0.0000	0.0000	0.0000	0.0000	0.0000	0.0000	0.0000	0.0000	0.0000	0.0004	0.0005	0.0000	0.0006	0.0007	0.0000	0.0000	0.0000	0.0000	0.0127	0.0000	-0.0000	0.0041	1.9994	6.2745	4.0943	0.0000	0.0000	0.0000	0.0000	0.0000	0.0000	0.0000	0.0000	0.0000	0.0000	0.0000	0.0000	0.0000	0.0000	0.0000	0.0000	0.0000	0.0000	0.0001	0.0001	0.0000	0.0000	0.0000	0.0000	0.0001	0.0001	0.0000	0.1153	0.0863	0.0290	0.0677	0.0582	0.0095	0.0476	0.0281	0.0195	0.0000	0.0000	0.0000	0.0000	0.0000	0.0000	0.0000	0.0000	0.0000	0.0004	0.0005	0.0000	0.0006	0.0007	0.0000	0.0000	0.0000	0.0000	
55	76	0.0691	3	0	1	0	0	0	0	0	0	N	N	N	N	N	N	N	N	N	N	N	N	0.0000	0.0000	0.0000	0.0000	0.0000	0.0000	0.0000	0.0000	0.0000	0.0000	0.0000	0.0000	0.0000	0.0000	0.0000	0.0000	0.0000	0.0000	0.0097	0.0109	0.0063	0.0098	0.0108	0.0033	0.0095	0.0113	0.0074	0.2021	0.0000	-0.0002	0.0041	0.0011	6.2745	2.7207	0.0000	0.0000	0.0000	0.0000	0.0000	0.0000	0.0000	0.0000	0.0000	0.0006	0.0005	0.0001	0.0004	0.0003	0.0000	0.0003	0.0002	0.0001	0.0000	0.0000	0.0000	0.0000	0.0000	0.0000	0.0000	0.0000	0.0000	0.0637	0.0471	0.0166	0.0368	0.0323	0.0046	0.0269	0.0148	0.0121	0.0000	0.0000	0.0000	0.0000	0.0000	0.0000	0.0000	0.0000	0.0000	0.0097	0.0109	0.0063	0.0098	0.0108	0.0033	0.0095	0.0113	0.0074	
55	77	0.0370	2	0	1	0	0	0	0	0	0	N	N	N	N	N	N	N	N	N	N	N	N	0.0000	0.0000	0.0000	0.0000	0.0000	0.0000	0.0000	0.0000	0.0000	0.0000	0.0000	0.0000	0.0000	0.0000	0.0000	0.0000	0.0000	0.0000	0.0112	0.0171	0.0005	0.0251	0.0301	0.0004	0.0006	0.0008	0.0005	0.0146	0.0000	-0.0017	0.0041	0.0001	6.2745	10.0074	0.0000	0.0000	0.0000	0.0000	0.0000	0.0000	0.0000	0.0000	0.0000	0.0033	0.0032	0.0000	0.0032	0.0032	0.0000	0.0001	0.0001	0.0000	0.0026	0.0015	0.0011	0.0015	0.0013	0.0002	0.0011	0.0002	0.0009	0.2945	0.1897	0.1047	0.1272	0.1059	0.0213	0.1673	0.0839	0.0834	0.0000	0.0000	0.0000	0.0000	0.0000	0.0000	0.0000	0.0000	0.0000	0.0112	0.0171	0.0005	0.0251	0.0301	0.0004	0.0006	0.0008	0.0005	
55	78	0.0572	3	1	1	1	0	0	0	0	0	N	N	N	N	N	N	N	N	N	N	N	N	2.9649	62.9465	0.0000	40.6994	48.7553	0.0000	0.0102	5.8328	0.0000	0.0073	0.0077	0.0000	0.0109	0.0114	0.0000	0.0000	0.0000	0.0000	0.0025	0.0001	0.0065	0.0003	0.0002	0.0005	0.0037	0.0000	0.0074	0.0000	30.8570	-0.0000	0.0000	0.0041	1.6246	6.2745	0.0115	0.0000	0.0000	0.0000	0.0000	0.0000	0.0000	0.0000	0.0000	0.0000	0.0001	0.0000	0.0001	0.0000	0.0000	0.0000	0.0001	0.0000	0.0001	0.0009	0.0008	0.0000	0.0006	0.0006	0.0000	0.0003	0.0003	0.0000	0.0326	0.0207	0.0119	0.0120	0.0105	0.0015	0.0206	0.0102	0.0104	2.9649	62.9465	0.0000	40.6994	48.7553	0.0000	0.0102	5.8328	0.0000	0.0025	0.0001	0.0065	0.0003	0.0002	0.0005	0.0037	0.0000	0.0074
55	79	0.0370	2	1	1	1	0	0	0	0	0	N	N	N	N	N	N	N	N	N	N	N	N	2.3057	70.8452	0.0001	54.8845	62.9429	0.0024	0.0000	0.0000	0.0000	0.3209	0.4121	0.0000	0.6050	0.6591	0.0000	0.0000	0.0000	0.0000	0.1392	0.0058	0.3808	0.0110	0.0105	0.0137	0.2360	0.0000	0.4751	0.0000	36.1316	-0.0001	0.0216	0.0041	8.1927	6.2745	3.9952	0.0014	0.0014	0.0000	0.0014	0.0014	0.0000	0.0000	0.0000	0.0000	0.0479	0.0013	0.0466	0.0016	0.0013	0.0003	0.0463	0.0000	0.0463	0.0044	0.0035	0.0010	0.0024	0.0022	0.0002	0.0021	0.0013	0.0008	0.3442	0.2218	0.1224	0.1482	0.1231	0.0250	0.1960	0.0986	0.0974	2.3057	70.8452	0.0001	54.8845	62.9429	0.0024	0.0000	0.0000	0.0000	0.1392	0.0058	0.3808	0.0110	0.0105	0.0137	0.2360	0.0000	0.4751
55	80	0.0370	2	0	2	0	1	0	0	0	0	N	Y	N	N	N	N	N	N	N	N	N	N	0.3972	0.0000	2.4176	0.1356	0.0000	13.1389	1.0798	0.0000	1.7430	0.7217	0.0000	1.8581	0.3802	0.0000	3.2249	1.1663	0.0000	1.5749	1.8168	2.3941	0.7686	2.8042	3.3301	0.2454	1.0801	1.2518	0.9036	inf	0.1768	0.0018	-0.3115	0.0041	0.7962	6.2745	19.0091	0.0020	0.0000	0.0020	0.0006	0.0000	0.0006	0.0014	0.0000	0.0014	0.8400	0.7138	0.1262	0.5540	0.5457	0.0083	0.2860	0.1681	0.1179	0.0028	0.0017	0.0011	0.0016	0.0014	0.0002	0.0012	0.0003	0.0009	0.4624	0.2981	0.1642	0.1975	0.1639	0.0337	0.2648	0.1343	0.1305	0.3972	0.0000	2.4176	0.1356	0.0000	13.1389	1.0798	0.0000	1.7430	1.8168	2.3941	0.7686	2.8042	3.3301	0.2454	1.0801	1.2518	0.9036
55	81	0.0370	2	0	2	0	0	0	0	0	0	N	Y	N	N	N	N	N	N	N	N	N	N	0.3712	0.0000	2.8287	7.6981	0.0000	15.7398	0.3491	0.0000	2.0367	0.7217	0.0000	1.8581	0.3802	0.0000	3.2249	1.1663	0.0000	1.5749	1.9441	2.6508	0.6569	0.0494	0.0173	0.2049	3.3411	5.8060	0.7732	inf	0.1361	0.0018	-0.4411	0.0041	0.7962	6.2745	25.3140	0.0020	0.0000	0.0020	0.0006	0.0000	0.0006	0.0014	0.0000	0.0014	1.0992	0.9675	0.1317	0.0119	0.0034	0.0084	1.0873	0.9641	0.1232	0.0028	0.0017	0.0011	0.0016	0.0014	0.0002	0.0012	0.0003	0.0009	0.5654	0.3650	0.2004	0.2400	0.1989	0.0410	0.3254	0.1661	0.1594	0.3712	0.0000	2.8287	7.6981	0.0000	15.7398	0.3491	0.0000	2.0367	1.9441	2.6508	0.6569	0.0494	0.0173	0.2049	3.3411	5.8060	0.7732
55	82	0.0370	2	0	2	0	0	0	0	0	0	N	Y	N	N	N	N	N	N	N	N	N	N	2.9284	0.0000	3.2037	8.1465	0.0000	16.9889	2.9286	0.0000	2.3221	0.6669	0.0000	1.8874	0.3552	0.0000	3.2072	1.0628	0.0000	1.6068	0.2278	0.0296	0.5891	0.0436	0.0137	0.1888	0.3629	0.0486	0.6920	inf	10.9106	0.0018	0.0544	0.0041	1.7961	6.2745	27.0091	0.0020	0.0000	0.0020	0.0006	0.0000	0.0006	0.0014	0.0000	0.0014	0.1378	0.0116	0.1262	0.0112	0.0029	0.0083	0.1266	0.0087	0.1179	0.0031	0.0020	0.0011	0.0017	0.0015	0.0002	0.0013	0.0005	0.0009	0.6050	0.3907	0.2142	0.2560	0.2123	0.0438	0.3489	0.1785	0.1705	2.9284	0.0000	3.2037	8.1465	0.0000	16.9889	2.9286	0.0000	2.3221	0.2278	0.0296	0.5891	0.0436	0.0137	0.1888	0.3629	0.0486	0.6920
55	83	0.1473	5	0	1	0	0	0	0	0	0	N	N	N	N	N	N	N	N	N	N	N	N	0.0037	0.0000	0.3573	0.0072	0.0000	18.2639	0.0014	0.0000	0.0586	0.0021	0.0000	0.0249	0.0054	0.0000	0.9874	0.0006	0.0000	0.0045	0.5816	0.7993	0.0696	0.7452	0.8813	0.0541	0.3953	0.6574	0.0760	inf	0.0370	0.0000	-0.3202	0.0041	10.0679	6.2745	33.8159	0.0000	0.0000	0.0000	0.0000	0.0000	0.0000	0.0000	0.0000	0.0000	0.6596	0.6360	0.0235	0.4499	0.4445	0.0054	0.2097	0.1915	0.0182	0.0016	0.0015	0.0001	0.0005	0.0005	0.0000	0.0011	0.0009	0.0001	1.1341	0.7958	0.3383	0.6037	0.5044	0.0993	0.5304	0.2914	0.2391	0.0037	0.0000	0.3573	0.0072	0.0000	18.2639	0.0014	0.0000	0.0586	0.5816	0.7993	0.0696	0.7452	0.8813	0.0541	0.3953	0.6574	0.0760
55	84	0.1197	4	0	1	0	0	0	0	0	0	N	N	N	N	N	N	N	N	N	N	N	N	0.1482	0.0411	1.7144	0.2430	0.0857	6.9455	0.0590	0.0000	0.4977	0.0569	0.0193	0.3194	0.1242	0.0479	1.0105	0.0150	0.0000	0.0975	0.3841	0.4703	0.1863	0.5113	0.5589	0.1455	0.2547	0.3123	0.1960	2.3642	0.1726	0.0000	-0.1009	0.0041	0.9441	6.2745	14.0836	0.0000	0.0000	0.0000	0.0000	0.0000	0.0000	0.0000	0.0000	0.0000	0.2698	0.2301	0.0397	0.1811	0.1752	0.0059	0.0887	0.0549	0.0338	0.0002	0.0002	0.0000	0.0001	0.0001	0.0000	0.0001	0.0001	0.0000	0.7024	0.4892	0.2132	0.3543	0.3135	0.0408	0.3481	0.1757	0.1724	0.1482	0.0411	1.7144	0.2430	0.0857	6.9455	0.0590	0.0000	0.4977	0.3841	0.4703	0.1863	0.5113	0.5589	0.1455	0.2547	0.3123	0.1960
55	85	0.4020	7	0	1	0	0	0	0	0	0	N	N	N	N	N	N	N	N	N	N	N	N	0.2693	0.4571	0.0008	3.3881	4.0286	0.0139	0.0210	0.0284	0.0005	0.5426	0.6524	0.0029	0.8723	1.0544	0.0033	0.0965	0.1149	0.0025	2.0148	1.4271	3.5487	0.2575	0.2617	0.2350	4.6056	4.0517	5.2827	0.0009	0.9527	-0.0003	-0.0715	0.0041	15.0008	6.2745	28.2980	0.0027	0.0027	0.0000	0.0025	0.0025	0.0000	0.0002	0.0002	0.0000	2.1543	1.1032	1.0510	0.1640	0.1401	0.0239	1.9902	0.9631	1.0271	0.0050	0.0042	0.0009	0.0029	0.0024	0.0005	0.0021	0.0018	0.0004	1.0692	0.7730	0.2962	0.6371	0.5353	0.1017	0.4321	0.2377	0.1944	0.2693	0.4571	0.0008	3.3881	4.0286	0.0139	0.0210	0.0284	0.0005	2.0148	1.4271	3.5487	0.2575	0.2617	0.2350	4.6056	4.0517	5.2827
55	86	0.4020	7	0	1	0	0	0	0	0	0	N	N	N	N	N	N	N	N	N	N	N	N	1.0187	1.0985	0.0122	1.4778	1.7148	0.0123	0.0306	0.0280	0.0118	0.4300	0.5393	0.0029	0.6776	0.8561	0.0029	0.0112	0.0132	0.0028	0.4221	0.4909	0.2387	0.4585	0.4993	0.2392	0.3644	0.4705	0.2385	0.0014	0.1828	-0.0002	-0.1580	0.0041	10.8154	6.2745	27.4443	0.0018	0.0018	0.0000	0.0018	0.0018	0.0000	0.0000	0.0000	0.0000	0.4310	0.3644	0.0666	0.2868	0.2634	0.0234	0.1442	0.1010	0.0432	0.0042	0.0034	0.0009	0.0027	0.0021	0.0006	0.0016	0.0013	0.0003	1.0212	0.7423	0.2790	0.6255	0.5275	0.0979	0.3958	0.2147	0.1811	1.0187	1.0985	0.0122	1.4778	1.7148	0.0123	0.0306	0.0280	0.0118	0.4221	0.4909	0.2387	0.4585	0.4993	0.2392	0.3644	0.4705	0.2385
55	87	0.3542	6	0	1	0	0	0	0	0	0	N	N	N	N	N	N	N	N	N	N	N	N	1.3151	1.7987	0.8947	2.1018	2.4501	1.1653	0.2056	0.1035	0.4446	0.4983	0.4524	0.6401	0.7060	0.6770	0.7935	0.0920	0.0193	0.3257	0.3790	0.2515	0.7155	0.3359	0.2763	0.6809	0.4476	0.1870	0.7325	0.4585	1.0773	0.0003	-0.0012	0.0041	2.7608	6.2745	22.4044	0.0015	0.0010	0.0005	0.0014	0.0010	0.0004	0.0001	0.0000	0.0001	0.4989	0.2402	0.2587	0.2717	0.1906	0.0811	0.2272	0.0496	0.1777	0.0030	0.0023	0.0007	0.0020	0.0015	0.0005	0.0010	0.0008	0.0002	1.3165	0.9549	0.3616	0.8088	0.6897	0.1191	0.5077	0.2652	0.2425	1.3151	1.7987	0.8947	2.1018	2.4501	1.1653	0.2056	0.1035	0.4446	0.3790	0.2515	0.7155	0.3359	0.2763	0.6809	0.4476	0.1870	0.7325
55	88	0.2243	5	0	1	0	0	0	0	0	0	N	N	N	N	N	N	N	N	N	N	N	N	0.3705	0.5897	0.1017	1.7526	1.6940	1.7420	0.0042	0.0006	0.0182	0.5234	0.5580	0.2574	1.3219	1.3670	0.7947	0.0090	0.0007	0.0604	1.4126	0.9462	2.5318	0.7543	0.8070	0.4562	2.1664	1.1965	3.3105	0.0600	1.1149	-0.0000	0.0105	0.0041	8.8820	6.2745	49.9570	0.0009	0.0008	0.0000	0.0009	0.0008	0.0000	0.0000	0.0000	0.0000	1.7217	0.8141	0.9077	0.4907	0.4461	0.0446	1.2310	0.3680	0.8630	0.0017	0.0015	0.0002	0.0007	0.0006	0.0001	0.0010	0.0009	0.0001	1.2188	0.8603	0.3585	0.6506	0.5528	0.0978	0.5683	0.3076	0.2607	0.3705	0.5897	0.1017	1.7526	1.6940	1.7420	0.0042	0.0006	0.0182	1.4126	0.9462	2.5318	0.7543	0.8070	0.4562	2.1664	1.1965	3.3105
55	89	0.0370	2	1	2	0	1	0	0	0	0	N	Y	N	N	N	N	N	N	N	N	N	N	0.2611	0.0000	1.7503	2.4373	0.0000	11.8418	0.2472	0.0000	1.2448	0.7217	0.0000	1.8581	0.3802	0.0000	3.2249	1.1663	0.0000	1.5749	2.7643	3.7030	1.0616	0.1560	0.1321	0.2723	4.7182	8.0910	1.2651	inf	0.1580	0.0018	-0.4517	0.0041	0.7962	6.2745	16.9291	0.0020	0.0000	0.0020	0.0006	0.0000	0.0006	0.0014	0.0000	0.0014	1.1744	1.0141	0.1603	0.0284	0.0200	0.0084	1.1460	0.9941	0.1518	0.0028	0.0017	0.0011	0.0016	0.0014	0.0002	0.0012	0.0003	0.0009	0.4248	0.2739	0.1510	0.1819	0.1510	0.0310	0.2429	0.1229	0.1200	0.2611	0.0000	1.7503	2.4373	0.0000	11.8418	0.2472	0.0000	1.2448	2.7643	3.7030	1.0616	0.1560	0.1321	0.2723	4.7182	8.0910	1.2651
55	90	0.1090	7	0	2	0	1	0	0	0	0	N	Y	N	N	N	N	N	N	N	N	N	N	0.0000	0.0000	0.0000	0.0000	0.0000	0.0000	0.0000	0.0000	0.0000	0.0000	0.0000	0.0000	0.0000	0.0000	0.0000	0.0000	0.0000	0.0000	0.0000	0.0000	0.0041	0.0000	6.2745	0.0000	0.0000	0.0000	0.0000	0.0000	0.0000	0.0000	0.0000	0.0000	0.0000	0.0000	0.0000	0.0000	0.0000	0.0000	0.0000	0.0000	0.0000	0.0000	0.0000	0.0000	0.0000	0.0000	0.0000	0.0000	0.0000	0.0000	0.0000	0.0000	0.0000	0.0000	0.0000	0.0000	0.0000	0.0000	0.0000	0.0000	0.0000	0.0000	0.0000	0.0000	0.0000	0.0000	0.0000	0.0000	0.0000	0.0000	0.0000	0.0000	0.0000	0.0000	0.0000	0.0000	0.0000	0.0000											
55	91	0.0983	6	0	2	0	1	0	0	0	0	N	Y	N	N	N	N	N	N	N	N	N	N	0.0000	0.0000	0.0000	0.0000	0.0000	0.0000	0.0000	0.0000	0.0000	0.0000	0.0000	0.0000	0.0000	0.0000	0.0000	0.0000	0.0000	0.0000	0.0000	0.0000	0.0041	1.0000	6.2745	3.0000	0.0000	0.0000	0.0000	0.0000	0.0000	0.0000	0.0000	0.0000	0.0000	0.0000	0.0000	0.0000	0.0000	0.0000	0.0000	0.0000	0.0000	0.0000	0.0001	0.0001	0.0000	0.0000	0.0000	0.0000	0.0000	0.0000	0.0000	0.0708	0.0449	0.0259	0.0282	0.0243	0.0039	0.0426	0.0206	0.0220	0.0000	0.0000	0.0000	0.0000	0.0000	0.0000	0.0000	0.0000	0.0000	0.0000	0.0000	0.0000	0.0000	0.0000	0.0000	0.0000	0.0000	0.0000											
55	92	0.0918	4	0	2	0	0	0	0	0	0	N	Y	N	N	N	N	N	N	N	N	N	N	0.0000	0.0000	0.0000	0.0000	0.0000	0.0000	0.0000	0.0000	0.0000	0.0000	0.0000	0.0000	0.0000	0.0000	0.0000	0.0000	0.0000	0.0000	0.0000	0.0000	0.0041	0.0000	6.2745	0.0000	0.0000	0.0000	0.0000	0.0000	0.0000	0.0000	0.0000	0.0000	0.0000	0.0000	0.0000	0.0000	0.0000	0.0000	0.0000	0.0000	0.0000	0.0000	0.0000	0.0000	0.0000	0.0000	0.0000	0.0000	0.0000	0.0000	0.0000	0.0000	0.0000	0.0000	0.0000	0.0000	0.0000	0.0000	0.0000	0.0000	0.0000	0.0000	0.0000	0.0000	0.0000	0.0000	0.0000	0.0000	0.0000	0.0000	0.0000	0.0000	0.0000	0.0000	0.0000	0.0000	0.0000	0.0000											
55	93	0.0983	6	0	1	1	1	0	0	0	0	N	N	N	N	N	N	N	N	N	N	N	N	0.0000	0.0000	0.0000	0.0000	0.0000	0.0000	0.0000	0.0000	0.0000	0.0000	0.0000	0.0000	0.0000	0.0000	0.0000	0.0000	0.0000	0.0000	0.0000	0.0000	0.0041	0.0000	6.2745	0.0000	0.0000	0.0000	0.0000	0.0000	0.0000	0.0000	0.0000	0.0000	0.0000	0.0000	0.0000	0.0000	0.0000	0.0000	0.0000	0.0000	0.0000	0.0000	0.0000	0.0000	0.0000	0.0000	0.0000	0.0000	0.0000	0.0000	0.0000	0.0000	0.0000	0.0000	0.0000	0.0000	0.0000	0.0000	0.0000	0.0000	0.0000	0.0000	0.0000	0.0000	0.0000	0.0000	0.0000	0.0000	0.0000	0.0000	0.0000	0.0000	0.0000	0.0000	0.0000	0.0000	0.0000	0.0000											
55	94	0.0956	5	0	1	0	1	0	0	0	0	N	N	N	N	N	N	N	N	N	N	N	N	0.0000	0.0000	0.0000	0.0000	0.0000	0.0000	0.0000	0.0000	0.0000	0.0000	0.0000	0.0000	0.0000	0.0000	0.0000	0.1250	0.1987	0.0000	0.0085	0.0099	0.0000	0.2045	0.4377	0.0000	0.0000	0.0000	-0.0013	0.0041	1.0000	6.2745	0.0097	0.0000	0.0000	0.0000	0.0000	0.0000	0.0000	0.0000	0.0000	0.0000	0.0024	0.0024	0.0000	0.0001	0.0001	0.0000	0.0023	0.0023	0.0000	0.0001	0.0001	0.0000	0.0000	0.0000	0.0000	0.0000	0.0000	0.0000	0.0193	0.0121	0.0072	0.0078	0.0068	0.0010	0.0115	0.0054	0.0061	0.0000	0.0000	0.0000	0.0000	0.0000	0.0000	0.0000	0.0000	0.0000	0.1250	0.1987	0.0000	0.0085	0.0099	0.0000	0.2045	0.4377	0.0000				
55	95	0.0956	5	0	1	1	1	0	0	0	0	N	N	N	N	N	N	N	N	N	N	N	N	0.0000	0.0000	0.0000	0.0000	0.0000	0.0000	0.0000	0.0000	0.0000	0.0000	0.0000	0.0000	0.0000	0.0000	0.0000	11.2430	17.7514	0.0000	28.2571	32.7470	0.0000	0.0021	0.0043	0.0000	0.0000	0.0000	-0.5169	0.0041	2.0000	6.2745	3.0050	0.0000	0.0000	0.0000	0.0000	0.0000	0.0000	0.0000	0.0000	0.0000	0.9920	0.9920	0.0000	0.9919	0.9919	0.0000	0.0001	0.0001	0.0000	0.0002	0.0002	0.0000	0.0001	0.0001	0.0000	0.0001	0.0001	0.0000	0.0882	0.0559	0.0323	0.0351	0.0303	0.0048	0.0531	0.0256	0.0275	0.0000	0.0000	0.0000	0.0000	0.0000	0.0000	0.0000	0.0000	0.0000	11.2430	17.7514	0.0000	28.2571	32.7470	0.0000	0.0021	0.0043	0.0000				
55	96	0.0956	5	0	1	1	1	0	0	0	0	N	N	N	N	N	N	N	N	N	N	N	N	0.0000	0.0000	0.0000	0.0000	0.0000	0.0000	0.0000	0.0000	0.0000	0.0000	0.0000	0.0000	0.0000	0.0000	0.0000	0.0000	0.0000	8.3362	13.0285	0.2054	20.8820	24.1965	0.0000	0.1258	0.0031	0.2411	0.0091	0.0000	-0.5125	0.0041	0.0000	6.2745	6.9903	0.0000	0.0000	0.0000	0.0000	0.0000	0.0000	0.0000	0.0000	0.0000	1.0009	0.9919	0.0090	0.9918	0.9918	0.0000	0.0091	0.0001	0.0090	0.0000	0.0000	0.0000	0.0000	0.0000	0.0000	0.0000	0.0000	0.0000	0.1201	0.0761	0.0439	0.0475	0.0410	0.0065	0.0726	0.0351	0.0374	0.0000	0.0000	0.0000	0.0000	0.0000	0.0000	0.0000	0.0000	0.0000	8.3362	13.0285	0.2054	20.8820	24.1965	0.0000	0.1258	0.0031	0.2411		
55	97	0.0901	4	0	1	0	1	0	0	0	0	N	N	N	N	N	N	N	N	N	N	N	N	0.0000	0.0000	0.0000	0.0000	0.0000	0.0000	0.0000	0.0000	0.0000	0.0000	0.0000	0.0000	0.0000	0.0000	0.0000	0.0000	0.0000	0.0000	0.3271	0.4979	0.0027	0.4587	0.5811	0.0000	0.1773	0.3491	0.0039	0.0028	0.0000	-0.0125	0.0041	0.9999	6.2745	1.0605	0.0000	0.0000	0.0000	0.0000	0.0000	0.0000	0.0000	0.0000	0.0000	0.0242	0.0241	0.0001	0.0180	0.0180	0.0000	0.0061	0.0061	0.0001	0.0005	0.0005	0.0000	0.0003	0.0003	0.0000	0.0002	0.0002	0.0000	0.0739	0.0484	0.0255	0.0393	0.0310	0.0083	0.0345	0.0174	0.0172	0.0000	0.0000	0.0000	0.0000	0.0000	0.0000	0.0000	0.0000	0.0000	0.3271	0.4979	0.0027	0.4587	0.5811	0.0000	0.1773	0.3491	0.0039	
55	98	0.0880	3	0	1	0	1	0	0	0	0	N	N	N	N	N	N	N	N	N	N	N	N	0.3631	0.2670	69.1344	0.3590	0.3035	8942.4148	0.3918	0.2352	57.8277	0.2751	0.3039	0.1263	0.2360	0.2577	0.0781	0.3506	0.4075	0.1725	0.7577	1.1385	0.0018	0.6575	0.8491	0.0000	0.8946	1.7326	0.0030	0.0804	0.0008	-0.0000	-0.0220	0.0041	0.0012	6.2745	1.0414	0.0000	0.0000	0.0000	0.0000	0.0000	0.0000	0.0000	0.0000	0.0000	0.0423	0.0423	0.0000	0.0212	0.0212	0.0000	0.0211	0.0211	0.0000	0.0000	0.0000	0.0000	0.0000	0.0000	0.0000	0.0000	0.0000	0.0000	0.0559	0.0372	0.0187	0.0323	0.0250	0.0073	0.0236	0.0122	0.0114	0.3631	0.2670	69.1344	0.3590	0.3035	8942.4148	0.3918	0.2352	57.8277	0.7577	1.1385	0.0018	0.6575	0.8491	0.0000	0.8946	1.7326	0.0030
55	99	0.0370	2	1	2	0	0	0	0	0	0	N	Y	N	N	N	N	N	N	N	N	N	N	0.0770	0.1780	0.0000	0.1985	0.1835	0.0000	0.0000	0.0000	0.0000	0.3786	0.5452	0.0000	0.6881	0.7652	0.0000	0.0000	0.0000	0.0000	4.9196	3.0631	8.2833	3.4663	4.1692	0.0096	6.0175	1.6836	10.4101	0.0000	1.4924	-0.0001	0.1331	0.0041	3.2042	6.2745	9.0918	0.0013	0.0013	0.0000	0.0013	0.0013	0.0000	0.0000	0.0000	0.0000	1.7128	0.6872	1.0256	0.5194	0.5191	0.0002	1.1935	0.1681	1.0254	0.0035	0.0024	0.0011	0.0019	0.0017	0.0002	0.0016	0.0007	0.0009	0.3482	0.2244	0.1238	0.1498	0.1245	0.0253	0.1983	0.0998	0.0985	0.0770	0.1780	0.0000	0.1985	0.1835	0.0000	0.0000	0.0000	0.0000	4.9196	3.0631	8.2833	3.4663	4.1692	0.0096	6.0175	1.6836	10.4101
55	100	0.0370	2	0	2	0	0	0	0	0	0	N	Y	N	N	N	N	N	N	N	N	N	N	2.9662	0.0000	2.7170	5.9334	0.0000	8.4753	3.0741	2.0679	0.7217	0.0000	1.8581	0.3802	0.0000	3.2249	1.1663	0.0000	1.5749	0.2433	0.0001	0.6839	0.0641	0.0002	0.3805	0.3794	0.0000	0.7616	inf	3713.8876	0.0018	0.0356	0.0041	0.7962	6.2745	10.9291	0.0020	0.0000	0.0020	0.0006	0.0000	0.0006	0.0014	0.0000	0.0014	0.0743	0.0000	0.0743	0.0084	0.0000	0.0084	0.0659	0.0000	0.0659	0.0028	0.0017	0.0011	0.0016	0.0014	0.0002	0.0012	0.0003	0.0009	0.3055	0.1969	0.1087	0.1319	0.1097	0.0222	0.1737	0.0871	0.0865	2.9662	0.0000	2.7170	5.9334	0.0000	8.4753	3.0741	0.0000	2.0679	0.2433	0.0001	0.6839	0.0641	0.0002	0.3805	0.3794	0.0000	0.7616	
55	101	0.0949	5	1	2	0	0	0	0	0	0	N	Y	N	N	N	N	N	N	N	N	N	N	0.0000	0.0000	0.0000	0.0000	0.0000	0.0000	0.0000	0.0000	0.0000	0.0000	0.0000	0.0000	0.0000	0.0000	0.0000	0.1018	0.0000	0.2723	0.0067	0.0000	0.0480	0.1633	0.0000	0.3105	inf	0.0000	0.0026	0.0041	0.0000	6.2745	3.0000	0.0000	0.0000	0.0000	0.0000	0.0000	0.0000	0.0000	0.0000	0.0000	0.0054	0.0000	0.0054	0.0001	0.0000	0.0001	0.0053	0.0000	0.0053	0.0000	0.0000	0.0000	0.0000	0.0000	0.0000	0.0000	0.0000	0.0000	0.0534	0.0335	0.0200	0.0210	0.0181	0.0029	0.0324	0.0154	0.0171	0.0000	0.0000	0.0000	0.0000	0.0000	0.0000	0.0000	0.0000	0.0000	0.1018	0.0000	0.2723	0.0067	0.0000	0.0480	0.1633	0.0000	0.3105				
55	102	0.0918	4	1	2	0	0	0	0	0	0	N	Y	N	N	N	N	N	N	N	N	N	N	0.0000	0.0000	0.0000	0.0000	0.0000	0.0000	0.0000	0.0000	0.0000	0.0000	0.0000	0.0000	0.0000	0.7036	1.1245	0.0000	1.7849	2.0751	0.0000	0.0000	0.0000	0.0000	0.0000	0.0000	-0.0068	0.0041	0.0000	6.2745	1.0000	0.0000	0.0000	0.0000	0.0000	0.0000	0.0000	0.0000	0.0000	0.0000	0.0130	0.0130	0.0000	0.0130	0.0130	0.0000	0.0000	0.0000	0.0000	0.0000	0.0000	0.0000	0.0000	0.0000	0.0000	0.0000	0.0000	0.0000	0.0185	0.0116	0.0069	0.0073	0.0063	0.0010	0.0112	0.0053	0.0059	0.0000	0.0000	0.0000	0.0000	0.0000	0.0000	0.0000	0.0000	0.0000	0.7036	1.1245	0.0000	1.7849	2.0751	0.0000	0.0000	0.0000	0.0000						
55	103	0.0880	3	0	2	0	0	0	0	0	0	N	Y	N	N	N	N	N	N	N	N	N	N	0.3688	0.3047	0.0000	0.4226	0.3818	0.0000	0.0826	0.0609	0.0000	0.1436	0.1783	0.0000	0.2042	0.2382	0.0000	0.0216	0.0309	0.0000	0.3894	0.5853	0.0007	0.4832	0.6238	0.0000	0.2616	0.5065	0.0011	0.0000	0.0006	-0.0000	-0.0114	0.0041	0.0006	6.2745	1.0534	0.0000	0.0000	0.0000	0.0000	0.0000	0.0000	0.0000	0.0000	0.0000	0.0218	0.0218	0.0000	0.0156	0.0156	0.0000	0.0062	0.0062	0.0000	0.0000	0.0000	0.0000	0.0000	0.0000	0.0000	0.0000	0.0000	0.0000	0.0561	0.0373	0.0188	0.0323	0.0251	0.0073	0.0237	0.0122	0.0115	0.3688	0.3047	0.0000	0.4226	0.3818	0.0000	0.0826	0.0609	0.0000	0.3894	0.5853	0.0007	0.4832	0.6238	0.0000	0.2616	0.5065	0.0011
55	104	0.0370	2	0	1	0	0	0	0	0	0	N	N	N	N	N	N	N	N	N	N	N	N	0.0879	0.0754	0.0002	0.2304	0.2090	0.0116	0.0000	0.0000	0.0001	0.3342	0.4359	0.0000	0.6262	0.6842	0.0001	0.0000	0.0000	0.0000	3.8021	5.7797	0.2128	2.7173	3.2742	0.0054	4.6125	8.8440	0.2663	0.0000	0.0203	-0.0001	-0.8588	0.0041	7.2034	6.2745	9.9858	0.0014	0.0014	0.0000	0.0014	0.0014	0.0000	0.0000	0.0000	0.0000	1.7135	1.6795	0.0341	0.5236	0.5234	0.0002	1.1899	1.1560	0.0339	0.0043	0.0033	0.0010	0.0023	0.0021	0.0002	0.0020	0.0012	0.0008	0.4507	0.2906	0.1601	0.1927	0.1599	0.0328	0.2580	0.1307	0.1273	0.0879	0.0754	0.0002	0.2304	0.2090	0.0116	0.0000	0.0000	0.0001	3.8021	5.7797	0.2128	2.7173	3.2742	0.0054	4.6125	8.8440	0.2663
55	109	0.3067	6	0	1	0	0	0	0	0	0	N	N	N	N	N	N	N	N	N	N	N	N	0.0140	0.0000	4.2121	0.0273	0.0000	681.8306	0.0049	0.0000	0.5445	0.0113	0.0000	0.1210	0.0271	0.0000	0.9979	0.0028	0.0000	0.0218	0.8061	1.1213	0.0287	0.9927	1.1704	0.0015	0.5744	1.0258	0.0400	inf	0.0104	0.0000	-0.4224	0.0041	7.7801	6.2745	32.2209	0.0000	0.0000	0.0000	0.0000	0.0000	0.0000	0.0000	0.0000	0.0000	0.8269	0.8184	0.0085	0.5641	0.5640	0.0001	0.2628	0.2544	0.0084	0.0013	0.0012	0.0001	0.0005	0.0004	0.0000	0.0009	0.0007	0.0001	1.0257	0.7298	0.2959	0.5683	0.4819	0.0864	0.4575	0.2480	0.2095	0.0140	0.0000	4.2121	0.0273	0.0000	681.8306	0.0049	0.0000	0.5445	0.8061	1.1213	0.0287	0.9927	1.1704	0.0015	0.5744	1.0258	0.0400
56	58	0.1405	4	1	1	1	0	0	0	0	0	N	N	N	N	N	N	N	N	N	N	N	N	17.5446	inf	0.0000	12.4676	inf	0.0000	16.1295	inf	0.0000	0.1028	0.1137	0.0000	0.0485	0.0518	0.0000	0.1532	0.1749	0.0000	0.0059	0.0000	0.0217	0.0039	0.0000	0.0220	0.0095	0.0000	0.0214	0.0000	inf	-0.0029	0.0011	18.9997	0.9359	4.0000	8.5945	0.0298	0.0298	0.0000	0.0068	0.0068	0.0000	0.0231	0.0231	0.0000	0.0023	0.0000	0.0023	0.0010	0.0000	0.0010	0.0013	0.0000	0.0013	0.2901	0.2624	0.0278	0.1394	0.1304	0.0090	0.1507	0.1319	0.0188	0.3889	0.2837	0.1052	0.2520	0.2074	0.0446	0.1369	0.0763	0.0606	17.5446	inf	0.0000	12.4676	inf	0.0000	16.1295	inf	0.0000	0.0059	0.0000	0.0217	0.0039	0.0000	0.0220	0.0095	0.0000	0.0214
56	59	0.1377	3	0	1	1	0	0	0	0	0	N	N	N	N	N	N	N	N	N	N	N	N	23.5381	33.2571	0.8998	23.1827	24.6078	0.3823	25.8491	9115.0594	0.9849	0.7877	0.8600	0.0515	0.8580	0.9041	0.0148	0.7150	0.8102	0.0668	0.0335	0.0259	0.0572	0.0370	0.0367	0.0386	0.0277	0.0001	0.0679	0.0059	0.7093	-0.0055	-0.0004	18.9997	0.1706	4.0000	1.8413	0.0617	0.0613	0.0004	0.0342	0.0341	0.0000	0.0275	0.0272	0.0003	0.0039	0.0023	0.0016	0.0027	0.0023	0.0004	0.0012	0.0000	0.0012	0.0783	0.0713	0.0070	0.0398	0.0378	0.0021	0.0385	0.0335	0.0049	0.1166	0.0883	0.0283	0.0724	0.0621	0.0103	0.0442	0.0262	0.0180	23.5381	33.2571	0.8998	23.1827	24.6078	0.3823	25.8491	9115.0594	0.9849	0.0335	0.0259	0.0572	0.0370	0.0367	0.0386	0.0277	0.0001	0.0679
56	60	0.1197	2	0	1	1	0	0	0	0	0	N	N	N	N	N	N	N	N	N	N	N	N	64.1994	982.6408	0.0122	1.5934	1.3286	250.7852	39.4470	59549.6025	0.0091	3.8184	4.3170	0.0020	0.0099	0.0102	0.0016	4.1482	4.7280	0.0020	0.0595	0.0044	0.1662	0.0062	0.0077	0.0000	0.1052	0.0001	0.2239	0.0001	19.5227	-0.5905	0.0140	18.9997	6.1830	4.0000	4.8458	6.1826	6.1823	0.0004	0.0013	0.0013	0.0000	6.1814	6.1810	0.0004	0.0325	0.0016	0.0309	0.0016	0.0016	0.0000	0.0309	0.0000	0.0309	1.6192	1.4321	0.1871	0.1291	0.1248	0.0043	1.4901	1.3073	0.1828	0.5459	0.3601	0.1858	0.2521	0.2042	0.0478	0.2938	0.1558	0.1380	64.1994	982.6408	0.0122	1.5934	1.3286	250.7852	39.4470	59549.6025	0.0091	0.0595	0.0044	0.1662	0.0062	0.0077	0.0000	0.1052	0.0001	0.2239
56	61	0.5127	9	0	0	1	0	0	0	0	0	N	N	N	N	N	N	N	N	N	N	N	N	0.0207	0.0153	0.1122	0.1043	0.0000	0.0000	0.0002	0.0003	0.0000	0.0049	0.0052	0.0000	0.0000	0.0000	0.0000	0.0118	0.0182	0.0000	0.0433	0.0497	0.0000	0.0000	0.0000	0.0000	0.0000	0.0000	-0.0000	-0.0042	18.9997	1.0140	4.0000	12.0537	0.0001	0.0001	0.0000	0.0001	0.0001	0.0000	0.0000	0.0000	0.0000	0.0081	0.0081	0.0000	0.0081	0.0081	0.0000	0.0000	0.0000	0.0000	0.2464	0.2157	0.0307	0.0124	0.0116	0.0008	0.2341	0.2041	0.0300	0.6890	0.4462	0.2428	0.1873	0.1630	0.0243	0.5017	0.2832	0.2185	0.0207	0.0153	0.0000	0.1122	0.1043	0.0000	0.0000	0.0000	0.0000	0.0118	0.0182	0.0000	0.0433	0.0497	0.0000	0.0000	0.0000	0.0000			
56	62	0.4368	6	0	0	1	0	0	0	0	0	N	N	N	N	N	N	N	N	N	N	N	N	0.1260	0.0986	inf	0.6359	0.5614	inf	0.0004	0.0000	inf	0.0749	0.0842	0.0018	0.7114	0.7450	0.0336	0.0000	0.0000	0.0003	0.5944	0.8542	0.0000	1.1187	1.3271	0.0000	0.1004	0.1803	0.0000	0.0027	0.0000	-0.0317	-0.9220	18.9997	22.0948	4.0000	64.3951	0.3409	0.3400	0.0009	0.3407	0.3400	0.0008	0.0002	0.0000	0.0002	1.7694	1.7694	0.0000	1.6154	1.6154	0.0000	0.1540	0.1540	0.0000	4.5512	4.0382	0.5131	0.4790	0.4563	0.0226	4.0722	3.5818	0.4904	2.9766	2.0713	0.9053	1.4439	1.2172	0.2267	1.5326	0.8541	0.6786	0.1260	0.0986	inf	0.6359	0.5614	inf	0.0004	0.0000	inf	0.5944	0.8542	0.0000	1.1187	1.3271	0.0000	0.1004	0.1803	0.0000
56	63	0.2300	5	0	0	1	0	0	0	0	0	N	N	N	N	N	N	N	N	N	N	N	N	0.0110	0.0086	inf	0.4489	0.4128	inf	0.0000	0.0000	0.0061	0.0070	0.0001	0.3286	0.3396	0.0215	0.0000	0.0000	0.0000	0.5567	0.8134	0.0000	0.7321	0.8228	0.0000	0.4540	0.8048	0.0000	0.0023	0.0000	-0.0004	-0.4414	18.9997	3.0638	4.0000	18.8214	0.0044	0.0044	0.0000	0.0044	0.0044	0.0000	0.0000	0.0000	0.0000	0.8472	0.8472	0.0000	0.4114	0.4114	0.0000	0.4358	0.4358	0.0000	0.7200	0.6294	0.0906	0.0134	0.0130	0.0005	0.7065	0.6164	0.0901	1.5219	1.0415	0.4804	0.5619	0.4999	0.0620	0.9600	0.5415	0.4185	0.0110	0.0086	inf	0.4489	0.4128	inf	0.0000	0.0000	0.0000	0.5567	0.8134	0.0000	0.7321	0.8228	0.0000	0.4540	0.8048	0.0000	
56	64	0.1409	3	1	1	2	0	0	0	0	0	N	N	Y	N	N	N	N	N	N	N	N	N	0.2185	0.1766	10.2371	8.7822	0.0000	0.0000	0.0144	0.0165	0.0000	1.2687	1.3140	0.0000	0.0000	0.0000	0.0000	0.0659	0.0933	0.0000	0.1239	0.1496	0.0000	0.0000	0.0000	0.0000	0.0000	0.0000	-0.0003	-0.0219	18.9997	1.0029	4.0000	8.4685	0.0035	0.0035	0.0000	0.0035	0.0035	0.0000	0.0000	0.0000	0.0000	0.0420	0.0420	0.0000	0.0420	0.0420	0.0000	0.0000	0.0000	0.0000	0.2410	0.2105	0.0305	0.0027	0.0026	0.0001	0.2383	0.2079	0.0304	0.6372	0.4498	0.1874	0.3387	0.2806	0.0582	0.2984	0.1692	0.1293	0.2185	0.1766	0.0000	10.2371	8.7822	0.0000	0.0000	0.0000	0.0000	0.0659	0.0933	0.0000	0.1239	0.1496	0.0000	0.0000	0.0000	0.0000			
56	65	0.1197	2	0	1	1	0	0	0	0	0	N	N	N	N	N	N	N	N	N	N	N	N	1.0920	0.7901	0.4039	2.0220	1.6565	348653.5799	1.0222	2.9199	0.0936	2.3509	2.5673	0.0028	9.3819	9.4468	0.0946	0.0056	0.0062	0.0009	2.1528	3.2492	0.0069	4.6398	5.7028	0.0000	0.0055	0.0021	0.0093	0.0001	0.0011	-0.0760	-0.4879	18.9997	0.7961	4.0000	8.5878	0.7961	0.7960	0.0001	0.7947	0.7946	0.0001	0.0014	0.0014	0.0000	0.9382	0.9372	0.0010	0.9369	0.9369	0.0000	0.0013	0.0003	0.0010	0.3386	0.3101	0.0286	0.0847	0.0841	0.0006	0.2539	0.2260	0.0280	0.4358	0.2884	0.1474	0.2019	0.1643	0.0376	0.2339	0.1241	0.1097	1.0920	0.7901	0.4039	2.0220	1.6565	348653.5799	1.0222	2.9199	0.0936	2.1528	3.2492	0.0069	4.6398	5.7028	0.0000	0.0055	0.0021	0.0093
56	66	0.5127	9	0	1	1	0	0	0	0	0	N	N	N	N	N	N	N	N	N	N	N	N	0.0213	0.0157	0.1150	0.1069	0.0000	0.0000	0.0002	0.0003	0.0000	0.0049	0.0052	0.0000	0.0000	0.0000	0.0000	0.0115	0.0177	0.0000	0.0423	0.0487	0.0000	0.0000	0.0000	0.0000	0.0000	0.0000	-0.0000	-0.0042	18.9997	1.0110	4.0000	12.5479	0.0001	0.0001	0.0000	0.0001	0.0001	0.0000	0.0000	0.0000	0.0000	0.0081	0.0081	0.0000	0.0081	0.0081	0.0000	0.0000	0.0000	0.0000	0.2457	0.2150	0.0307	0.0123	0.0115	0.0008	0.2334	0.2035	0.0299	0.7075	0.4576	0.2499	0.1915	0.1665	0.0250	0.5159	0.2911	0.2248	0.0213	0.0157	0.0000	0.1150	0.1069	0.0000	0.0000	0.0000	0.0000	0.0115	0.0177	0.0000	0.0423	0.0487	0.0000	0.0000	0.0000	0.0000			
56	67	0.5063	8	0	0	1	0	0	0	0	0	N	N	N	N	N	N	N	N	N	N	N	N	0.0059	0.0052	0.0000	0.0288	0.0285	0.0000	0.0056	0.0044	0.0000	0.0004	0.0004	0.0000	0.0026	0.0028	0.0000	0.0003	0.0003	0.0000	0.0639	0.0837	0.0148	0.0903	0.0974	0.0005	0.0470	0.0696	0.0164	0.0000	0.0714	-0.0000	-0.0082	18.9997	0.9784	4.0000	1.5217	0.0001	0.0001	0.0000	0.0000	0.0000	0.0000	0.0001	0.0001	0.0000	0.0180	0.0168	0.0012	0.0099	0.0099	0.0000	0.0081	0.0069	0.0012	0.2377	0.2080	0.0297	0.0115	0.0108	0.0007	0.2261	0.1972	0.0289	0.2816	0.2007	0.0810	0.1099	0.1019	0.0080	0.1717	0.0987	0.0730	0.0059	0.0052	0.0000	0.0288	0.0285	0.0000	0.0056	0.0044	0.0000	0.0639	0.0837	0.0148	0.0903	0.0974	0.0005	0.0470	0.0696	0.0164
56	68	0.4761	7	0	0	1	0	0	0	0	0	N	N	N	N	N	N	N	N	N	N	N	N	0.0343	0.0266	0.0000	0.2230	0.2028	0.0000	0.0057	0.0042	0.0000	0.0046	0.0053	0.0000	0.0734	0.0772	0.0000	0.0001	0.0001	0.0000	0.1340	0.1976	0.0062	0.3293	0.3808	0.0012	0.0214	0.0329	0.0071	0.0000	0.0156	-0.0001	-0.0475	18.9997	1.0531	4.0000	9.0748	0.0012	0.0012	0.0000	0.0012	0.0012	0.0000	0.0000	0.0000	0.0000	0.0939	0.0925	0.0014	0.0844	0.0844	0.0000	0.0095	0.0081	0.0014	0.2631	0.2302	0.0329	0.0161	0.0153	0.0008	0.2470	0.2149	0.0321	0.7012	0.4679	0.2333	0.2564	0.2216	0.0348	0.4448	0.2464	0.1985	0.0343	0.0266	0.0000	0.2230	0.2028	0.0000	0.0057	0.0042	0.0000	0.1340	0.1976	0.0062	0.3293	0.3808	0.0012	0.0214	0.0329	0.0071
56	69	0.1197	2	1	0	2	0	0	0	0	0	N	N	Y	N	N	N	N	N	N	N	N	N	0.0000	0.0000	0.0000	0.0000	0.0000	0.0000	0.0000	0.0000	0.0000	0.0000	0.0000	0.0000	0.0000	0.0000	0.0000	0.0000	0.0000	0.0000	0.0000	0.0000	18.9997	0.0000	4.0000	4.9600	0.0000	0.0000	0.0000	0.0000	0.0000	0.0000	0.0000	0.0000	0.0000	0.0000	0.0000	0.0000	0.0000	0.0000	0.0000	0.0000	0.0000	0.0000	0.0000	0.0000	0.0000	0.0000	0.0000	0.0000	0.0000	0.0000	0.0000	0.2798	0.1867	0.0931	0.1304	0.1072	0.0232	0.1494	0.0795	0.0699	0.0000	0.0000	0.0000	0.0000	0.0000	0.0000	0.0000	0.0000	0.0000	0.0000	0.0000	0.0000	0.0000	0.0000	0.0000	0.0000	0.0000	0.0000											
56	71	0.1759	6	0	0	2	0	0	0	0	0	N	N	Y	N	N	N	N	N	N	N	N	N	0.0000	0.0000	0.0000	0.0000	0.0000	0.0000	0.0000	0.0000	0.0000	0.0000	0.0000	0.0000	0.0000	0.0000	0.0000	0.0000	0.0000	0.0000	0.0000	0.0000	18.9997	1.0000	4.0000	0.0055	0.0000	0.0000	0.0000	0.0000	0.0000	0.0000	0.0000	0.0000	0.0000	0.0000	0.0000	0.0000	0.0000	0.0000	0.0000	0.0000	0.0000	0.0000	0.1481	0.1296	0.0185	0.0020	0.0019	0.0001	0.1461	0.1277	0.0184	0.0381	0.0234	0.0147	0.0112	0.0092	0.0020	0.0268	0.0141	0.0127	0.0000	0.0000	0.0000	0.0000	0.0000	0.0000	0.0000	0.0000	0.0000	0.0000	0.0000	0.0000	0.0000	0.0000	0.0000	0.0000	0.0000	0.0000											
56	72	0.1693	5	0	0	2	0	0	0	0	0	N	N	Y	N	N	N	N	N	N	N	N	N	0.0000	0.0000	0.0000	0.0000	0.0000	0.0000	0.0000	0.0000	0.0000	0.0000	0.0000	0.0000	0.0000	0.0000	0.0000	0.0000	0.0000	0.0000	0.0000	0.0000	18.9997	0.0000	4.0000	1.0265	0.0000	0.0000	0.0000	0.0000	0.0000	0.0000	0.0000	0.0000	0.0000	0.0000	0.0000	0.0000	0.0000	0.0000	0.0000	0.0000	0.0000	0.0000	0.0000	0.0000	0.0000	0.0000	0.0000	0.0000	0.0000	0.0000	0.0000	0.0407	0.0253	0.0153	0.0125	0.0104	0.0021	0.0281	0.0149	0.0132	0.0000	0.0000	0.0000	0.0000	0.0000	0.0000	0.0000	0.0000	0.0000	0.0000	0.0000	0.0000	0.0000	0.0000	0.0000	0.0000	0.0000	0.0000											
56	73	0.1639	4	0	0	1	0	0	0	0	0	N	N	N	N	N	N	N	N	N	N	N	N	0.0000	0.0000	0.0000	0.0000	0.0000	0.0000	0.0000	0.0000	0.0000	0.0000	0.0000	0.0000	0.0000	0.0000	0.0000	0.0000	0.0000	0.0000	0.0000	0.0000	18.9997	0.0000	4.0000	1.0321	0.0000	0.0000	0.0000	0.0000	0.0000	0.0000	0.0000	0.0000	0.0000	0.0000	0.0000	0.0000	0.0000	0.0000	0.0000	0.0000	0.0000	0.0000	0.0689	0.0668	0.0021	0.0347	0.0346	0.0000	0.0342	0.0322	0.0020	0.3499	0.2867	0.0631	0.1726	0.1637	0.0090	0.1772	0.1231	0.0542	0.0000	0.0000	0.0000	0.0000	0.0000	0.0000	0.0000	0.0000	0.0000	0.0000	0.0000	0.0000	0.0000	0.0000	0.0000	0.0000	0.0000	0.0000											
56	74	0.1410	3	0	0	1	0	0	0	0	0	N	N	N	N	N	N	N	N	N	N	N	N	0.2710	0.2447	0.0917	2.5309	2.3782	0.5665	0.1114	0.0869	0.0879	0.3478	0.3883	0.0468	3.2316	3.2535	0.2429	0.1434	0.1575	0.0460	1.2833	1.5871	0.5097	1.2769	1.3680	0.4287	1.2876	1.8120	0.5228	0.0162	0.1261	-0.0042	-0.4441	18.9997	0.5629	4.0000	8.5245	0.0532	0.0523	0.0008	0.0327	0.0327	0.0000	0.0205	0.0196	0.0008	1.0856	0.9640	0.1216	0.4352	0.4210	0.0142	0.6504	0.5430	0.1074	0.1529	0.1348	0.0182	0.0101	0.0100	0.0001	0.1428	0.1247	0.0181	0.8459	0.6074	0.2385	0.3408	0.3078	0.0331	0.5051	0.2997	0.2054	0.2710	0.2447	0.0917	2.5309	2.3782	0.5665	0.1114	0.0869	0.0879	1.2833	1.5871	0.5097	1.2769	1.3680	0.4287	1.2876	1.8120	0.5228
56	75	0.1580	4	0	1	1	0	0	0	0	0	N	N	N	N	N	N	N	N	N	N	N	N	0.0000	0.0000	0.0000	0.0000	0.0000	0.0000	0.0000	0.0000	0.0000	0.0000	0.0000	0.0000	0.0000	0.0000	0.0000	0.0000	0.0000	0.0000	0.0000	0.0000	18.9997	1.9994	4.0000	4.0943	0.0000	0.0000	0.0000	0.0000	0.0000	0.0000	0.0000	0.0000	0.0000	0.0000	0.0000	0.0000	0.0000	0.0000	0.0000	0.0000	0.0000	0.0000	0.2968	0.2608	0.0360	0.0030	0.0029	0.0001	0.2937	0.2578	0.0359	0.2879	0.1779	0.1099	0.1015	0.0812	0.0203	0.1863	0.0967	0.0896	0.0000	0.0000	0.0000	0.0000	0.0000	0.0000	0.0000	0.0000	0.0000	0.0000	0.0000	0.0000	0.0000	0.0000	0.0000	0.0000	0.0000	0.0000											
56	76	0.1518	3	0	0	1	0	0	0	0	0	N	N	N	N	N	N	N	N	N	N	N	N	0.0000	0.0000	0.0000	0.0000	0.0000	0.0000	0.0000	0.0000	0.0000	0.0000	0.0000	0.0000	0.0000	0.0000	0.0000	0.0000	0.0000	0.0000	0.0351	0.0355	0.0343	0.0752	0.0731	0.0865	0.0110	0.0000	0.0235	0.5235	0.0000	-0.0010	18.9997	0.0011	4.0000	2.7207	0.0000	0.0000	0.0000	0.0000	0.0000	0.0000	0.0000	0.0000	0.0000	0.0055	0.0036	0.0019	0.0044	0.0036	0.0008	0.0011	0.0000	0.0011	0.0002	0.0002	0.0000	0.0000	0.0000	0.0000	0.0002	0.0002	0.0000	0.1561	0.1012	0.0548	0.0586	0.0492	0.0094	0.0974	0.0521	0.0454	0.0000	0.0000	0.0000	0.0000	0.0000	0.0000	0.0000	0.0000	0.0000	0.0351	0.0355	0.0343	0.0752	0.0731	0.0865	0.0110	0.0000	0.0235	
56	77	0.1197	2	0	0	1	0	0	0	0	0	N	N	N	N	N	N	N	N	N	N	N	N	0.0000	0.0000	0.0000	0.0000	0.0000	0.0000	0.0000	0.0000	0.0000	0.0000	0.0000	0.0000	0.0000	0.0000	0.0000	0.0000	0.0000	0.0000	0.0647	0.0056	0.1797	0.0078	0.0097	0.0000	0.1136	0.0002	0.2418	16.6307	0.0000	0.0138	18.9997	0.0001	4.0000	10.0074	0.0000	0.0000	0.0000	0.0000	0.0000	0.0000	0.0000	0.0000	0.0000	0.0327	0.0019	0.0309	0.0018	0.0018	0.0000	0.0309	0.0000	0.0309	0.1554	0.1501	0.0053	0.0777	0.0777	0.0000	0.0777	0.0724	0.0053	0.5058	0.3340	0.1718	0.2339	0.1897	0.0441	0.2720	0.1443	0.1277	0.0000	0.0000	0.0000	0.0000	0.0000	0.0000	0.0000	0.0000	0.0000	0.0647	0.0056	0.1797	0.0078	0.0097	0.0000	0.1136	0.0002	0.2418	
56	78	0.1398	3	1	0	2	0	0	0	0	0	N	N	Y	N	N	N	N	N	N	N	N	N	1303.5667	inf	0.0000	5137.7095	inf	0.0000	38.3325	inf	0.0000	0.8473	0.9177	0.0000	1.2234	1.2959	0.0000	0.0588	0.0669	0.0000	0.0006	0.0000	0.0023	0.0002	0.0000	0.0012	0.0015	0.0000	0.0032	0.0000	inf	-0.0600	0.0000	18.9997	1.6246	4.0000	0.0115	0.6273	0.6273	0.0000	0.6133	0.6133	0.0000	0.0141	0.0141	0.0000	0.0000	0.0000	0.0000	0.0000	0.0000	0.0000	0.0000	0.0000	0.0000	0.7404	0.6836	0.0568	0.5013	0.4732	0.0280	0.2392	0.2104	0.0288	0.0615	0.0440	0.0175	0.0420	0.0338	0.0081	0.0195	0.0102	0.0094	1303.5667	inf	0.0000	5137.7095	inf	0.0000	38.3325	inf	0.0000	0.0006	0.0000	0.0023	0.0002	0.0000	0.0012	0.0015	0.0000	0.0032
56	79	0.1197	2	1	0	2	0	0	0	0	0	N	N	Y	N	N	N	N	N	N	N	N	N	76.7824	45398.0944	0.0047	0.8423	0.7141	0.0000	44.5258	2690242.0068	0.0035	4.0121	4.5408	0.0007	0.0001	0.0001	0.0000	4.3118	4.9126	0.0007	0.0523	0.0001	0.1530	0.0001	0.0002	0.0000	0.0968	0.0000	0.2062	0.0000	791.8438	-0.7826	0.0148	18.9997	8.1927	4.0000	3.9952	8.1898	8.1896	0.0002	0.0000	0.0000	0.0000	8.1897	8.1896	0.0002	0.0310	0.0000	0.0309	0.0000	0.0000	0.0000	0.0309	0.0000	0.0309	2.0413	1.8036	0.2377	0.1419	0.1365	0.0054	1.8994	1.6670	0.2323	0.5927	0.3906	0.2022	0.2733	0.2212	0.0521	0.3194	0.1694	0.1500	76.7824	45398.0944	0.0047	0.8423	0.7141	0.0000	44.5258	2690242.0068	0.0035	0.0523	0.0001	0.1530	0.0001	0.0002	0.0000	0.0968	0.0000	0.2062
56	80	0.1197	2	0	1	1	1	0	0	0	0	N	N	N	N	N	N	N	N	N	N	N	N	1.9461	1.3948	3.5633	2.8908	2.3509	2.5676	0.0000	9.3991	9.4648	0.0000	0.0000	0.0000	0.0000	1.2080	1.8408	0.0000	2.6378	3.2741	0.0000	0.0000	0.0000	0.0000	0.0000	0.0000	-0.0761	-0.5049	18.9997	0.7962	4.0000	19.0091	0.7961	0.7961	0.0000	0.7961	0.7961	0.0000	0.0000	0.0000	0.0000	0.9689	0.9689	0.0000	0.9689	0.9689	0.0000	0.0000	0.0000	0.0000	0.3386	0.3101	0.0286	0.0847	0.0841	0.0006	0.2539	0.2260	0.0280	0.8021	0.5263	0.2757	0.3673	0.2959	0.0714	0.4347	0.2304	0.2043	1.9461	1.3948	0.0000	3.5633	2.8908	0.0000	0.0000	0.0000	0.0000	1.2080	1.8408	0.0000	2.6378	3.2741	0.0000	0.0000	0.0000	0.0000					
56	81	0.1197	2	0	1	1	0	0	0	0	0	N	N	N	N	N	N	N	N	N	N	N	N	2.3982	1.7137	4.3600	3.5272	2.3509	2.5676	0.0000	9.3991	9.4648	0.0000	0.0000	0.0000	0.0000	0.9803	1.4983	0.0000	2.1557	2.6833	0.0000	0.0000	0.0000	0.0000	0.0000	0.0000	-0.0761	-0.5049	18.9997	0.7962	4.0000	25.3140	0.7961	0.7961	0.0000	0.7961	0.7961	0.0000	0.0000	0.0000	0.0000	0.9689	0.9689	0.0000	0.9689	0.9689	0.0000	0.0000	0.0000	0.0000	0.3386	0.3101	0.0286	0.0847	0.0841	0.0006	0.2539	0.2260	0.0280	0.9884	0.6467	0.3417	0.4494	0.3611	0.0884	0.5389	0.2856	0.2533	2.3982	1.7137	0.0000	4.3600	3.5272	0.0000	0.0000	0.0000	0.0000	0.9803	1.4983	0.0000	2.1557	2.6833	0.0000	0.0000	0.0000	0.0000					
56	82	0.1197	2	0	1	1	0	0	0	0	0	N	N	N	N	N	N	N	N	N	N	N	N	1.5476	1.1251	4.2455	3.4553	1.4132	1.5720	0.0000	8.5523	8.6720	0.0000	0.0000	0.0000	0.0000	0.9132	1.3972	0.0000	2.0144	2.5098	0.0000	0.0000	0.0000	0.0000	0.0000	0.0000	-0.0761	-0.5049	18.9997	1.7961	4.0000	27.0091	0.7961	0.7961	0.0000	0.7961	0.7961	0.0000	0.0000	0.0000	0.0000	0.9689	0.9689	0.0000	0.9689	0.9689	0.0000	0.0000	0.0000	0.0000	0.5633	0.5064	0.0569	0.0931	0.0918	0.0013	0.4703	0.4146	0.0556	1.0610	0.6935	0.3676	0.4810	0.3860	0.0949	0.5801	0.3074	0.2726	1.5476	1.1251	0.0000	4.2455	3.4553	0.0000	0.0000	0.0000	0.0000	0.9132	1.3972	0.0000	2.0144	2.5098	0.0000	0.0000	0.0000	0.0000					
56	83	0.2300	5	0	0	1	0	0	0	0	0	N	N	N	N	N	N	N	N	N	N	N	N	0.7859	0.5963	inf	0.0861	0.0788	inf	1.4428	0.9358	0.4659	0.5310	0.0000	0.0993	0.1045	0.0067	0.4708	0.5372	0.0000	0.5928	0.8905	0.0000	1.1543	1.3258	0.0000	0.3263	0.5740	0.0000	0.0000	0.0000	-0.0957	-0.6084	18.9997	10.0679	4.0000	33.8159	1.0012	1.0012	0.0000	0.0028	0.0028	0.0000	0.9984	0.9984	0.0000	1.1676	1.1676	0.0000	0.7318	0.7318	0.0000	0.4358	0.4358	0.0000	2.1492	1.8855	0.2637	0.0285	0.0270	0.0015	2.1207	1.8585	0.2622	1.9696	1.3112	0.6585	0.6340	0.5520	0.0820	1.3357	0.7592	0.5765	0.7859	0.5963	inf	0.0861	0.0788	inf	1.4428	0.9358	0.0000	0.5928	0.8905	0.0000	1.1543	1.3258	0.0000	0.3263	0.5740	0.0000	
56	84	0.2024	4	0	0	1	0	0	0	0	0	N	N	N	N	N	N	N	N	N	N	N	N	0.0407	0.0347	0.0241	0.2631	0.2415	0.0085	0.0259	0.0187	0.0242	0.0338	0.0380	0.0053	0.2589	0.2610	0.0019	0.0187	0.0208	0.0053	0.8313	1.0941	0.2204	0.9841	1.0808	0.2220	0.7218	1.1091	0.2201	0.0204	0.0867	-0.0006	-0.5168	18.9997	0.9441	4.0000	14.0836	0.0085	0.0083	0.0002	0.0041	0.0041	0.0000	0.0044	0.0042	0.0002	1.1710	1.0776	0.0934	0.5784	0.5637	0.0147	0.5926	0.5139	0.0787	0.2516	0.2196	0.0320	0.0159	0.0157	0.0001	0.2358	0.2039	0.0319	1.4087	0.9849	0.4238	0.5877	0.5215	0.0662	0.8210	0.4633	0.3577	0.0407	0.0347	0.0241	0.2631	0.2415	0.0085	0.0259	0.0187	0.0242	0.8313	1.0941	0.2204	0.9841	1.0808	0.2220	0.7218	1.1091	0.2201
56	85	0.4846	7	0	0	1	0	0	0	0	0	N	N	N	N	N	N	N	N	N	N	N	N	0.9358	3.5649	0.0011	2.5601	6.4035	0.0123	0.9700	inf	0.0003	0.5698	0.6436	0.0018	1.8858	1.9679	0.0605	0.4748	0.5396	0.0003	0.6089	0.1805	1.6282	0.7366	0.3073	4.9117	0.4895	0.0000	1.1174	0.0004	3.7901	-0.1886	0.3212	18.9997	15.0008	4.0000	28.2980	1.9806	1.9799	0.0007	0.4412	0.4406	0.0006	1.5394	1.5393	0.0001	1.1888	0.2482	0.9406	0.6947	0.2482	0.4465	0.4941	0.0000	0.4941	3.4761	3.0765	0.3996	0.2340	0.2239	0.0101	3.2421	2.8526	0.3895	1.9524	1.3747	0.5777	0.9431	0.8075	0.1355	1.0094	0.5672	0.4422	0.9358	3.5649	0.0011	2.5601	6.4035	0.0184	0.9700	inf	0.0003	0.6089	0.1805	1.6282	0.7366	0.3073	3.2944	0.4895	0.0000	1.1174
56	86	0.4846	7	0	0	1	0	0	0	0	0	N	N	N	N	N	N	N	N	N	N	N	N	0.4649	1.2823	0.0017	0.8415	1.8435	0.0178	0.4600	1.9467	0.0004	0.3310	0.3755	0.0030	0.6534	0.6722	0.0924	0.2959	0.3396	0.0005	0.7121	0.2928	1.7810	0.7764	0.3646	5.1778	0.6433	0.1744	1.2430	0.0011	2.3858	-0.0648	0.2450	18.9997	10.8154	4.0000	27.4443	0.6859	0.6852	0.0007	0.1330	0.1323	0.0006	0.5530	0.5528	0.0001	1.3348	0.3942	0.9406	0.7521	0.3056	0.4465	0.5828	0.0887	0.4941	2.0721	1.8249	0.2471	0.2035	0.1969	0.0066	1.8686	1.6281	0.2405	1.8746	1.3465	0.5281	0.9687	0.8380	0.1306	0.9059	0.5084	0.3975	0.4649	1.2823	0.0017	0.8415	1.8435	0.0270	0.4600	1.9467	0.0004	0.7121	0.2928	1.7810	0.7764	0.3646	3.4186	0.6433	0.1744	1.2430
56	87	0.4368	6	0	0	1	0	0	0	0	0	N	N	N	N	N	N	N	N	N	N	N	N	0.6904	0.8616	0.0919	0.9272	1.0641	0.1494	0.6216	0.8438	0.0845	0.5076	0.5595	0.0886	0.7242	0.7353	0.3400	0.4216	0.4804	0.0689	0.7352	0.6494	0.9649	0.7810	0.6910	2.2755	0.6784	0.5693	0.8160	0.0196	0.5552	-0.0469	-0.3406	18.9997	2.7608	4.0000	22.4044	0.6143	0.6025	0.0118	0.2490	0.2457	0.0033	0.3653	0.3568	0.0085	2.0758	1.3348	0.7410	1.2209	0.9343	0.2866	0.8549	0.4005	0.4545	1.2102	1.0768	0.1334	0.3438	0.3341	0.0097	0.8664	0.7427	0.1237	2.8235	2.0554	0.7680	1.5632	1.3521	0.2111	1.2603	0.7034	0.5569	0.6904	0.8616	0.0919	0.9272	1.0641	0.2505	0.6216	0.8438	0.0845	0.7352	0.6494	0.9649	0.7810	0.6910	1.3575	0.6784	0.5693	0.8160
56	88	0.3070	5	0	0	1	0	0	0	0	0	N	N	N	N	N	N	N	N	N	N	N	N	0.1786	0.1960	0.0398	0.2166	0.2341	0.0328	0.1595	0.1613	0.0403	0.1724	0.1908	0.0377	0.1737	0.1799	0.0337	0.1722	0.1918	0.0378	0.9651	0.9733	0.9477	0.8020	0.7683	1.0264	1.0796	1.1896	0.9377	0.0271	0.4578	-0.0250	-0.5065	18.9997	8.8820	4.0000	49.9570	0.3616	0.3521	0.0095	0.0289	0.0287	0.0002	0.3328	0.3235	0.0093	2.4464	1.6781	0.7683	0.8384	0.6799	0.1585	1.6080	0.9982	0.6098	2.0982	1.8453	0.2529	0.1663	0.1593	0.0070	1.9318	1.6860	0.2458	2.5347	1.7240	0.8107	1.0454	0.8850	0.1604	1.4893	0.8390	0.6503	0.1786	0.1960	0.0398	0.2166	0.2341	0.0341	0.1595	0.1613	0.0403	0.9651	0.9733	0.9477	0.8020	0.7683	0.9879	1.0796	1.1896	0.9377
56	89	0.1197	2	1	1	1	1	0	0	0	0	N	N	N	N	N	N	N	N	N	N	N	N	0.8778	1.2799	0.0000	3.2734	2.6588	0.0000	0.0000	2.3509	2.5676	0.0000	9.3991	9.4648	0.0000	0.0000	0.0000	0.0000	2.6782	2.0060	3.9660	2.8713	3.5598	0.0000	2.5144	0.0000	5.3507	0.0000	1.0321	-0.0761	-0.0259	18.9997	0.7962	4.0000	16.9291	0.7961	0.7961	0.0000	0.7961	0.7961	0.0000	0.0000	0.0000	0.0000	1.9689	0.9689	1.0000	0.9689	0.9689	0.0000	1.0000	0.0000	1.0000	0.3386	0.3101	0.0286	0.0847	0.0841	0.0006	0.2539	0.2260	0.0280	0.7351	0.4830	0.2521	0.3374	0.2722	0.0653	0.3977	0.2108	0.1869	0.8778	1.2799	0.0000	3.2734	2.6588	0.0000	0.0000	0.0000	0.0000	2.6782	2.0060	3.9660	2.8713	3.5598	0.0000	2.5144	0.0000	5.3507		
56	90	0.1917	7	0	1	1	1	0	0	0	0	N	N	N	N	N	N	N	N	N	N	N	N	0.0000	0.0000	0.0000	0.0000	0.0000	0.0000	0.0000	0.0000	0.0000	0.0000	0.0000	0.0000	0.0000	0.0000	0.0000	0.0000	0.0000	0.0000	0.0000	0.0000	18.9997	0.0000	4.0000	0.0000	0.0000	0.0000	0.0000	0.0000	0.0000	0.0000	0.0000	0.0000	0.0000	0.0000	0.0000	0.0000	0.0000	0.0000	0.0000	0.0000	0.0000	0.0000	0.0000	0.0000	0.0000	0.0000	0.0000	0.0000	0.0000	0.0000	0.0000	0.0000	0.0000	0.0000	0.0000	0.0000	0.0000	0.0000	0.0000	0.0000	0.0000	0.0000	0.0000	0.0000	0.0000	0.0000	0.0000	0.0000	0.0000	0.0000	0.0000	0.0000	0.0000	0.0000	0.0000	0.0000	0.0000	0.0000											
56	91	0.1810	6	0	1	1	1	0	0	0	0	N	N	N	N	N	N	N	N	N	N	N	N	0.0000	0.0000	0.0000	0.0000	0.0000	0.0000	0.0000	0.0000	0.0000	0.0000	0.0000	0.0000	0.0000	0.0000	0.0000	0.0000	0.0000	0.0000	0.0000	0.0000	18.9997	1.0000	4.0000	3.0000	0.0000	0.0000	0.0000	0.0000	0.0000	0.0000	0.0000	0.0000	0.0000	0.0000	0.0000	0.0000	0.0000	0.0000	0.0000	0.0000	0.0000	0.0000	0.2273	0.2036	0.0237	0.0838	0.0777	0.0061	0.1435	0.1259	0.0176	0.1393	0.1010	0.0383	0.0946	0.0762	0.0184	0.0447	0.0248	0.0199	0.0000	0.0000	0.0000	0.0000	0.0000	0.0000	0.0000	0.0000	0.0000	0.0000	0.0000	0.0000	0.0000	0.0000	0.0000	0.0000	0.0000	0.0000											
56	92	0.1744	4	0	1	1	0	0	0	0	0	N	N	N	N	N	N	N	N	N	N	N	N	0.0000	0.0000	0.0000	0.0000	0.0000	0.0000	0.0000	0.0000	0.0000	0.0000	0.0000	0.0000	0.0000	0.0000	0.0000	0.0000	0.0000	0.0000	0.0000	0.0000	18.9997	0.0000	4.0000	0.0000	0.0000	0.0000	0.0000	0.0000	0.0000	0.0000	0.0000	0.0000	0.0000	0.0000	0.0000	0.0000	0.0000	0.0000	0.0000	0.0000	0.0000	0.0000	0.0000	0.0000	0.0000	0.0000	0.0000	0.0000	0.0000	0.0000	0.0000	0.0000	0.0000	0.0000	0.0000	0.0000	0.0000	0.0000	0.0000	0.0000	0.0000	0.0000	0.0000	0.0000	0.0000	0.0000	0.0000	0.0000	0.0000	0.0000	0.0000	0.0000	0.0000	0.0000	0.0000	0.0000	0.0000	0.0000											
56	93	0.1810	6	0	0	2	1	0	0	0	0	N	N	Y	N	N	N	N	N	N	N	N	N	0.0000	0.0000	0.0000	0.0000	0.0000	0.0000	0.0000	0.0000	0.0000	0.0000	0.0000	0.0000	0.0000	0.0000	0.0000	0.0000	0.0000	0.0000	0.0000	0.0000	18.9997	0.0000	4.0000	0.0000	0.0000	0.0000	0.0000	0.0000	0.0000	0.0000	0.0000	0.0000	0.0000	0.0000	0.0000	0.0000	0.0000	0.0000	0.0000	0.0000	0.0000	0.0000	0.0000	0.0000	0.0000	0.0000	0.0000	0.0000	0.0000	0.0000	0.0000	0.0000	0.0000	0.0000	0.0000	0.0000	0.0000	0.0000	0.0000	0.0000	0.0000	0.0000	0.0000	0.0000	0.0000	0.0000	0.0000	0.0000	0.0000	0.0000	0.0000	0.0000	0.0000	0.0000	0.0000	0.0000	0.0000	0.0000											
56	94	0.1783	5	0	0	1	1	0	0	0	0	N	N	N	N	N	N	N	N	N	N	N	N	0.0000	0.0000	0.0000	0.0000	0.0000	0.0000	0.0000	0.0000	0.0000	0.0000	0.0000	0.0000	0.0000	0.0000	0.0000	0.0000	0.0000	0.0000	0.0000	0.0000	18.9997	1.0000	4.0000	0.0097	0.0000	0.0000	0.0000	0.0000	0.0000	0.0000	0.0000	0.0000	0.0000	0.0000	0.0000	0.0000	0.0000	0.0000	0.0000	0.0000	0.0000	0.0000	0.2273	0.2036	0.0237	0.0837	0.0777	0.0061	0.1435	0.1259	0.0176	0.0380	0.0272	0.0108	0.0256	0.0208	0.0048	0.0124	0.0064	0.0060	0.0000	0.0000	0.0000	0.0000	0.0000	0.0000	0.0000	0.0000	0.0000	0.0000	0.0000	0.0000	0.0000	0.0000	0.0000	0.0000	0.0000	0.0000											
56	95	0.1783	5	0	0	2	1	0	0	0	0	N	N	Y	N	N	N	N	N	N	N	N	N	inf	inf	inf	inf	2.2290	2.4874	0.0000	6.0780	6.5512	0.0000	0.0000	0.0000	0.0000	0.0000	0.0000	0.0000	0.0000	0.0000	0.0000	0.0000	0.0000	0.0000	0.0000	-0.0956	0.0000	18.9997	2.0000	4.0000	3.0050	1.0000	1.0000	0.0000	1.0000	1.0000	0.0000	0.0000	0.0000	0.0000	0.0000	0.0000	0.0000	0.0000	0.0000	0.0000	0.0000	0.0000	0.0000	0.4486	0.4020	0.0466	0.1645	0.1526	0.0119	0.2841	0.2494	0.0347	0.1743	0.1259	0.0484	0.1178	0.0950	0.0228	0.0565	0.0309	0.0256	inf	inf	0.0000	inf	inf	0.0000	0.0000	0.0000	0.0000	0.0000	0.0000	0.0000	0.0000	0.0000	0.0000	0.0000	0.0000	0.0000						
56	96	0.1783	5	0	0	2	1	0	0	0	0	N	N	Y	N	N	N	N	N	N	N	N	N	0.0000	0.0000	0.0000	0.0000	0.0000	0.0000	0.0000	0.0000	0.0000	0.0000	0.0000	0.0000	0.0000	0.0000	0.0000	0.0000	0.0000	0.0000	0.0000	0.0000	18.9997	0.0000	4.0000	6.9903	0.0000	0.0000	0.0000	0.0000	0.0000	0.0000	0.0000	0.0000	0.0000	0.0000	0.0000	0.0000	0.0000	0.0000	0.0000	0.0000	0.0000	0.0000	0.0000	0.0000	0.0000	0.0000	0.0000	0.0000	0.0000	0.0000	0.0000	0.2381	0.1720	0.0661	0.1603	0.1293	0.0311	0.0778	0.0427	0.0350	0.0000	0.0000	0.0000	0.0000	0.0000	0.0000	0.0000	0.0000	0.0000	0.0000	0.0000	0.0000	0.0000	0.0000	0.0000	0.0000	0.0000	0.0000											
56	97	0.1728	4	0	0	1	1	0	0	0	0	N	N	N	N	N	N	N	N	N	N	N	N	0.0000	0.0000	0.0000	0.0000	0.0000	0.0000	0.0000	0.0000	0.0000	0.0000	0.0000	0.0000	0.0000	0.0000	0.0000	0.0000	0.0000	0.0000	0.0000	0.0000	18.9997	0.9999	4.0000	1.0605	0.0000	0.0000	0.0000	0.0000	0.0000	0.0000	0.0000	0.0000	0.0000	0.0000	0.0000	0.0000	0.0000	0.0000	0.0000	0.0000	0.0000	0.0000	0.2618	0.2354	0.0264	0.1153	0.1069	0.0084	0.1465	0.1285	0.0180	0.0819	0.0592	0.0227	0.0531	0.0435	0.0096	0.0288	0.0157	0.0131	0.0000	0.0000	0.0000	0.0000	0.0000	0.0000	0.0000	0.0000	0.0000	0.0000	0.0000	0.0000	0.0000	0.0000	0.0000	0.0000	0.0000	0.0000											
56	98	0.1706	3	0	0	1	1	0	0	0	0	N	N	N	N	N	N	N	N	N	N	N	N	1448.9338	inf	37.4712	3716.9765	inf	0.0000	699.8289	inf	42.3930	1.2420	1.3573	0.1200	1.2627	1.3287	0.0000	1.2185	1.3934	0.1674	0.0009	0.0000	0.0032	0.0003	0.0000	0.0020	0.0017	0.0000	0.0039	0.0091	inf	-0.0001	0.0000	18.9997	0.0012	4.0000	1.0414	0.0011	0.0011	0.0000	0.0006	0.0006	0.0000	0.0005	0.0005	0.0000	0.0000	0.0000	0.0000	0.0000	0.0000	0.0000	0.0000	0.0000	0.0000	0.0009	0.0008	0.0001	0.0005	0.0005	0.0000	0.0004	0.0004	0.0001	0.0467	0.0342	0.0125	0.0294	0.0245	0.0049	0.0172	0.0096	0.0076	1448.9338	inf	37.4712	3716.9765	inf	0.0000	699.8289	inf	42.3930	0.0009	0.0000	0.0032	0.0003	0.0000	0.0020	0.0017	0.0000	0.0039
56	99	0.1197	2	1	1	1	0	0	0	0	0	N	N	N	N	N	N	N	N	N	N	N	N	65.2971	inf	0.0000	2673.5400	inf	0.0000	39.6502	inf	0.0000	3.3678	3.7871	0.0000	0.0030	0.0031	0.0000	3.7940	4.3205	0.0000	0.0516	0.0000	0.1512	0.0000	0.0000	0.0000	0.0957	0.0000	0.2037	0.0000	inf	-0.3062	0.0148	18.9997	3.2042	4.0000	9.0918	3.2042	3.2042	0.0000	0.0003	0.0003	0.0000	3.2038	3.2038	0.0000	0.0309	0.0000	0.0309	0.0000	0.0000	0.0000	0.0309	0.0000	0.0309	0.9514	0.8461	0.1053	0.1070	0.1045	0.0024	0.8444	0.7415	0.1029	0.5998	0.3951	0.2046	0.2765	0.2237	0.0528	0.3233	0.1714	0.1518	65.2971	inf	0.0000	2673.5400	inf	0.0000	39.6502	inf	0.0000	0.0516	0.0000	0.1512	0.0000	0.0000	0.0000	0.0957	0.0000	0.2037
56	100	0.1197	2	0	1	1	0	0	0	0	0	N	N	N	N	N	N	N	N	N	N	N	N	1.2742	0.9185	2.3539	1.9219	2.3509	2.5676	0.0000	9.3991	9.4648	0.0000	0.0000	0.0000	0.0000	1.8450	2.7953	0.0000	3.9930	4.9246	0.0000	0.0000	0.0000	0.0000	0.0000	0.0000	-0.0761	-0.5049	18.9997	0.7962	4.0000	10.9291	0.7961	0.7961	0.0000	0.7961	0.7961	0.0000	0.0000	0.0000	0.0000	0.9689	0.9689	0.0000	0.9689	0.9689	0.0000	0.0000	0.0000	0.0000	0.3386	0.3101	0.0286	0.0847	0.0841	0.0006	0.2539	0.2260	0.0280	0.5251	0.3466	0.1785	0.2426	0.1967	0.0459	0.2825	0.1499	0.1326	1.2742	0.9185	0.0000	2.3539	1.9219	0.0000	0.0000	0.0000	0.0000	1.8450	2.7953	0.0000	3.9930	4.9246	0.0000	0.0000	0.0000	0.0000					
56	101	0.1775	5	1	1	1	0	0	0	0	0	N	N	N	N	N	N	N	N	N	N	N	N	0.0000	0.0000	0.0000	0.0000	0.0000	0.0000	0.0000	0.0000	0.0000	0.0000	0.0000	0.0000	0.0000	0.0000	0.0000	0.0000	0.0000	0.0000	0.0000	0.0000	18.9997	0.0000	4.0000	3.0000	0.0000	0.0000	0.0000	0.0000	0.0000	0.0000	0.0000	0.0000	0.0000	0.0000	0.0000	0.0000	0.0000	0.0000	0.0000	0.0000	0.0000	0.0000	0.0000	0.0000	0.0000	0.0000	0.0000	0.0000	0.0000	0.0000	0.0000	0.1058	0.0753	0.0305	0.0701	0.0564	0.0137	0.0357	0.0189	0.0168	0.0000	0.0000	0.0000	0.0000	0.0000	0.0000	0.0000	0.0000	0.0000	0.0000	0.0000	0.0000	0.0000	0.0000	0.0000	0.0000	0.0000	0.0000											
56	102	0.1744	4	1	1	1	0	0	0	0	0	N	N	N	N	N	N	N	N	N	N	N	N	0.0000	0.0000	0.0000	0.0000	0.0000	0.0000	0.0000	0.0000	0.0000	0.0000	0.0000	0.0000	0.0000	0.0000	0.0000	0.0000	0.0000	0.0000	0.0000	0.0000	18.9997	0.0000	4.0000	1.0000	0.0000	0.0000	0.0000	0.0000	0.0000	0.0000	0.0000	0.0000	0.0000	0.0000	0.0000	0.0000	0.0000	0.0000	0.0000	0.0000	0.0000	0.0000	0.0000	0.0000	0.0000	0.0000	0.0000	0.0000	0.0000	0.0000	0.0000	0.0365	0.0260	0.0105	0.0243	0.0196	0.0047	0.0122	0.0065	0.0058	0.0000	0.0000	0.0000	0.0000	0.0000	0.0000	0.0000	0.0000	0.0000	0.0000	0.0000	0.0000	0.0000	0.0000	0.0000	0.0000	0.0000	0.0000											
56	103	0.1706	3	0	1	1	0	0	0	0	0	N	N	N	N	N	N	N	N	N	N	N	N	972.0552	inf	0.0000	814.7324	inf	0.0000	872.0445	inf	0.0000	0.8259	0.9091	0.0000	0.2742	0.2873	0.0000	1.5061	1.7682	0.0000	0.0008	0.0000	0.0032	0.0003	0.0000	0.0020	0.0017	0.0000	0.0039	0.0000	inf	-0.0001	0.0000	18.9997	0.0006	4.0000	1.0534	0.0006	0.0006	0.0000	0.0001	0.0001	0.0000	0.0005	0.0005	0.0000	0.0000	0.0000	0.0000	0.0000	0.0000	0.0000	0.0000	0.0000	0.0000	0.0007	0.0007	0.0001	0.0004	0.0004	0.0000	0.0003	0.0003	0.0000	0.0471	0.0345	0.0126	0.0297	0.0248	0.0049	0.0174	0.0097	0.0077	972.0552	inf	0.0000	814.7324	inf	0.0000	872.0445	inf	0.0000	0.0008	0.0000	0.0032	0.0003	0.0000	0.0020	0.0017	0.0000	0.0039
56	104	0.1197	2	0	0	1	0	0	0	0	0	N	N	N	N	N	N	N	N	N	N	N	N	2.9722	115598.7948	0.0000	4.8084	4.0833	0.0000	1.7386	3499950.7134	0.0000	3.9224	4.4378	0.0000	0.0003	0.0003	0.0000	4.2355	4.8270	0.0000	1.3197	0.0000	3.8416	0.0001	0.0001	0.0000	2.4362	0.0000	5.1837	0.0000	52365.0579	-0.6885	0.4937	18.9997	7.2034	4.0000	9.9858	7.2034	7.2034	0.0000	0.0000	0.0000	0.0000	7.2033	7.2033	0.0000	1.0309	0.0000	1.0309	0.0000	0.0000	0.0000	1.0309	0.0000	1.0309	1.8365	1.6232	0.2133	0.1358	0.1309	0.0049	1.7007	1.4923	0.2084	0.7812	0.5128	0.2684	0.3580	0.2885	0.0695	0.4232	0.2243	0.1989	2.9722	115598.7948	0.0000	4.8084	4.0833	0.0000	1.7386	3499950.7134	0.0000	1.3197	0.0000	3.8416	0.0001	0.0001	0.0000	2.4362	0.0000	5.1837
56	109	0.3894	6	0	0	1	0	0	0	0	0	N	N	N	N	N	N	N	N	N	N	N	N	0.7692	0.5946	inf	0.3074	0.2752	inf	0.5890	0.3762	0.5691	0.6478	0.0001	0.1077	0.1137	0.0034	0.5991	0.6855	0.0000	0.7398	1.0896	0.0000	0.3505	0.4131	0.0000	1.0172	1.8223	0.0000	0.0000	0.0000	-0.0963	-0.8072	18.9997	7.7801	4.0000	32.2209	1.0081	1.0081	0.0000	0.0117	0.0117	0.0000	0.9965	0.9965	0.0000	1.5490	1.5490	0.0000	0.3053	0.3053	0.0000	1.2437	1.2437	0.0000	1.7716	1.5561	0.2155	0.1084	0.1026	0.0058	1.6632	1.4536	0.2096	2.0939	1.4217	0.6722	0.8712	0.7392	0.1321	1.2226	0.6825	0.5402	0.7692	0.5946	inf	0.3074	0.2752	inf	0.5890	0.3762	0.0000	0.7398	1.0896	0.0000	0.3505	0.4131	0.0000	1.0172	1.8223	0.0000	
57	58	0.0908	3	1	1	0	0	0	0	0	0	N	N	N	N	N	N	N	N	N	N	N	N	3.5101	2.0593	0.0000	0.7442	0.7311	0.0000	6.1148	inf	0.0000	0.0183	0.0200	0.0000	0.0404	0.0422	0.0000	0.0000	0.0000	0.0000	0.0052	0.0097	0.0000	0.0542	0.0577	0.0000	0.0000	0.0000	0.0000	0.0000	0.0000	-0.0001	-0.0014	1.7961	0.9359	22.3138	8.5945	0.0013	0.0013	0.0000	0.0013	0.0013	0.0000	0.0000	0.0000	0.0000	0.0026	0.0026	0.0000	0.0026	0.0026	0.0000	0.0000	0.0000	0.0000	0.0687	0.0630	0.0057	0.0312	0.0298	0.0014	0.0375	0.0332	0.0044	0.5053	0.2718	0.2336	0.0486	0.0456	0.0029	0.4567	0.2261	0.2306	3.5101	2.0593	0.0000	0.7442	0.7311	0.0000	6.1148	inf	0.0000	0.0052	0.0097	0.0000	0.0542	0.0577	0.0000	0.0000	0.0000	0.0000
57	59	0.0881	2	0	1	0	0	0	0	0	0	N	N	N	N	N	N	N	N	N	N	N	N	4.5509	3.1036	14.8364	1.9828	2.0363	1.4174	6.3257	3.3717	18.2714	0.1417	0.1125	0.3505	0.1473	0.1550	0.0011	0.1364	0.0653	0.4362	0.0311	0.0362	0.0236	0.0743	0.0761	0.0008	0.0216	0.0194	0.0239	0.4364	0.4422	0.0005	-0.0010	1.7961	0.1706	22.3138	1.8413	0.0025	0.0018	0.0008	0.0013	0.0013	0.0000	0.0013	0.0005	0.0008	0.0046	0.0032	0.0014	0.0020	0.0020	0.0000	0.0026	0.0012	0.0014	0.0179	0.0157	0.0022	0.0087	0.0082	0.0004	0.0092	0.0074	0.0018	0.1491	0.0888	0.0602	0.0271	0.0264	0.0007	0.1220	0.0624	0.0596	4.5509	3.1036	14.8364	1.9828	2.0363	1.4174	6.3257	3.3717	18.2714	0.0311	0.0362	0.0236	0.0743	0.0761	0.0008	0.0216	0.0194	0.0239
57	61	0.4631	8	0	0	0	0	0	0	0	0	N	N	N	N	N	N	N	N	N	N	N	N	0.0001	0.0000	0.0006	0.0015	0.0000	0.1574	0.0000	0.0000	0.0000	0.0002	0.0000	0.0019	0.0012	0.0000	0.0486	0.0000	0.0000	0.0000	2.7624	2.5253	3.2078	0.7774	0.8625	0.3088	4.0652	4.2825	3.8245	inf	0.6761	0.0000	-0.2358	1.7961	1.0140	22.3138	12.0537	0.0000	0.0000	0.0000	0.0000	0.0000	0.0000	0.0000	0.0000	0.0000	2.0039	1.1955	0.8083	0.2235	0.2098	0.0137	1.7804	0.9857	0.7947	0.0374	0.0331	0.0042	0.0067	0.0065	0.0002	0.0307	0.0266	0.0040	0.7254	0.4734	0.2520	0.2874	0.2432	0.0442	0.4380	0.2302	0.2078	0.0001	0.0000	0.0006	0.0015	0.0000	0.1574	0.0000	0.0000	0.0000	2.7624	2.5253	3.2078	0.7774	0.8625	0.3088	4.0652	4.2825	3.8245
57	62	0.3872	5	0	0	0	0	0	0	0	0	N	N	N	N	N	N	N	N	N	N	N	N	0.2243	0.0000	1.3317	0.4321	0.0000	1.6501	0.0094	0.0001	0.0387	0.2533	0.0000	2.0324	0.7520	0.0000	5.3226	0.0053	0.0000	0.0453	1.1292	0.9460	1.5261	1.7405	1.5659	3.2257	0.5579	0.0011	1.1717	34830.5906	0.7447	0.1847	-0.3081	1.7961	22.0948	22.3138	64.3951	0.2042	0.0000	0.2042	0.2014	0.0000	0.2014	0.0028	0.0000	0.0028	3.2689	1.8736	1.3953	2.4340	1.8728	0.5613	0.8349	0.0008	0.8341	0.8064	0.7059	0.1005	0.2678	0.2300	0.0378	0.5386	0.4760	0.0626	2.8948	1.9805	0.9143	1.3984	1.1960	0.2024	1.4964	0.7846	0.7119	0.2243	0.0000	1.3317	0.4321	0.0000	1.9196	0.0094	0.0001	0.0387	1.1292	0.9460	1.5261	1.7405	1.5659	2.7727	0.5579	0.0011	1.1717
57	63	0.1803	4	0	0	0	0	0	0	0	0	N	N	N	N	N	N	N	N	N	N	N	N	0.0167	0.0000	0.1098	0.0384	0.0000	0.4697	0.0137	0.0000	0.0719	0.0130	0.0000	0.1138	0.0431	0.0000	1.5117	0.0071	0.0000	0.0543	0.7760	0.6431	1.0369	1.1245	0.9209	3.2186	0.5200	0.2929	0.7548	62879.8867	0.8213	0.0013	-0.0853	1.7961	3.0638	22.3138	18.8214	0.0014	0.0000	0.0014	0.0008	0.0000	0.0008	0.0007	0.0000	0.0007	1.2160	0.6676	0.5483	0.7462	0.5331	0.2131	0.4697	0.1345	0.3352	0.1104	0.0978	0.0126	0.0180	0.0175	0.0005	0.0923	0.0803	0.0121	1.5670	1.0382	0.5288	0.6636	0.5789	0.0847	0.9034	0.4593	0.4441	0.0167	0.0000	0.1098	0.0384	0.0000	0.6009	0.0137	0.0000	0.0719	0.7760	0.6431	1.0369	1.1245	0.9209	2.5158	0.5200	0.2929	0.7548
57	64	0.0913	2	1	1	1	0	0	0	0	0	N	N	N	N	N	N	N	N	N	N	N	N	0.4647	0.0000	2.5107	0.5015	0.0000	13.1953	0.6052	0.7177	1.9089	0.0519	0.0000	0.3912	0.0883	0.0000	2.3092	0.0442	0.0000	0.2893	0.1116	0.0859	0.1558	0.1760	0.1762	0.1750	0.0730	0.0000	0.1515	35596.7068	1.0565	0.0018	-0.0006	1.7961	1.0029	22.3138	8.4685	0.0020	0.0000	0.0020	0.0006	0.0000	0.0006	0.0014	0.0000	0.0014	0.0784	0.0381	0.0403	0.0464	0.0381	0.0083	0.0320	0.0000	0.0320	0.0394	0.0342	0.0052	0.0069	0.0066	0.0003	0.0325	0.0275	0.0050	0.7020	0.4436	0.2584	0.2635	0.2162	0.0472	0.4385	0.2274	0.2111	0.4647	0.0000	2.5107	0.5015	0.0000	13.1953	0.6052	0.7177	1.9089	0.1116	0.0859	0.1558	0.1760	0.1762	0.1750	0.0730	0.0000	0.1515
57	66	0.4631	8	0	1	0	0	0	0	0	0	N	N	N	N	N	N	N	N	N	N	N	N	0.0003	0.0000	0.0233	0.0008	0.0000	0.2699	0.0000	0.0000	0.0000	0.0002	0.0000	0.0019	0.0012	0.0000	0.0487	0.0000	0.0000	0.0000	0.6223	0.9108	0.0815	1.5303	1.7775	0.1806	0.0293	0.0012	0.0604	inf	0.0478	0.0000	-0.2199	1.7961	1.0110	22.3138	12.5479	0.0000	0.0000	0.0000	0.0000	0.0000	0.0000	0.0000	0.0000	0.0000	0.4625	0.4414	0.0211	0.4494	0.4411	0.0082	0.0132	0.0003	0.0129	0.0372	0.0331	0.0042	0.0067	0.0065	0.0002	0.0306	0.0266	0.0040	0.7433	0.4846	0.2587	0.2936	0.2482	0.0455	0.4497	0.2365	0.2132	0.0003	0.0000	0.0233	0.0008	0.0000	0.2699	0.0000	0.0000	0.0000	0.6223	0.9108	0.0815	1.5303	1.7775	0.1806	0.0293	0.0012	0.0604
57	67	0.4567	7	0	0	0	0	0	0	0	0	N	N	N	N	N	N	N	N	N	N	N	N	0.0001	0.0001	0.0006	0.0005	0.0002	0.0452	0.0000	0.0000	0.0000	0.0004	0.0002	0.0017	0.0023	0.0013	0.0454	0.0000	0.0000	0.0000	3.3072	3.5134	2.8428	5.0770	5.4177	1.0036	1.7273	0.2767	3.0960	0.8730	0.3593	0.0000	-0.3032	1.7961	0.9784	22.3138	1.5217	0.0000	0.0000	0.0000	0.0000	0.0000	0.0000	0.0000	0.0000	0.0000	1.1809	0.8687	0.3122	0.8550	0.8434	0.0116	0.3259	0.0253	0.3005	0.0360	0.0320	0.0041	0.0064	0.0062	0.0002	0.0296	0.0257	0.0039	0.3571	0.2473	0.1098	0.1684	0.1557	0.0127	0.1887	0.0916	0.0971	0.0001	0.0001	0.0006	0.0005	0.0002	0.0497	0.0000	0.0000	0.0000	3.3072	3.5134	2.8428	5.0770	5.4177	0.9126	1.7273	0.2767	3.0960
57	68	0.4265	6	0	0	0	0	0	0	0	0	N	N	N	N	N	N	N	N	N	N	N	N	0.0036	0.0001	0.0218	0.0164	0.0004	0.4335	0.0000	0.0000	0.0000	0.0062	0.0002	0.0529	0.0329	0.0010	0.9933	0.0000	0.0000	0.0000	1.7054	1.3501	2.4276	2.0031	2.1270	2.2915	1.4350	0.2102	2.7531	34.5753	0.8846	0.0002	-0.0649	1.7961	1.0531	22.3138	9.0748	0.0002	0.0000	0.0002	0.0002	0.0000	0.0002	0.0000	0.0000	0.0000	1.2554	0.6661	0.5893	0.7017	0.6241	0.0777	0.5536	0.0420	0.5116	0.0398	0.0353	0.0045	0.0075	0.0073	0.0002	0.0323	0.0280	0.0043	0.7361	0.4934	0.2427	0.3503	0.2934	0.0569	0.3858	0.2000	0.1858	0.0036	0.0001	0.0218	0.0164	0.0004	0.7280	0.0000	0.0000	0.0000	1.7054	1.3501	2.4276	2.0031	2.1270	1.3645	1.4350	0.2102	2.7531
57	71	0.1263	5	0	0	1	0	0	0	0	0	N	N	N	N	N	N	N	N	N	N	N	N	0.0000	0.0000	0.0000	0.0000	0.0000	0.0000	0.0000	0.0000	0.0000	0.0000	0.0000	0.0000	0.0000	0.0000	0.0000	0.0000	0.0000	0.0023	0.0008	0.0049	0.0027	0.0016	0.0092	0.0020	0.0000	0.0042	3.5000	0.0000	0.0000	1.7961	1.0000	22.3138	0.0055	0.0000	0.0000	0.0000	0.0000	0.0000	0.0000	0.0000	0.0000	0.0000	0.0001	0.0000	0.0001	0.0000	0.0000	0.0000	0.0001	0.0000	0.0001	0.0165	0.0143	0.0022	0.0000	0.0000	0.0000	0.0165	0.0143	0.0022	0.0391	0.0249	0.0142	0.0146	0.0125	0.0022	0.0244	0.0124	0.0120	0.0000	0.0000	0.0000	0.0000	0.0000	0.0000	0.0000	0.0000	0.0000	0.0023	0.0008	0.0049	0.0027	0.0016	0.0092	0.0020	0.0000	0.0042		
57	72	0.1196	4	0	0	1	0	0	0	0	0	N	N	N	N	N	N	N	N	N	N	N	N	0.0000	0.0000	0.0000	0.0000	0.0000	0.0000	0.0000	0.0000	0.0000	0.0000	0.0000	0.0000	0.0000	0.0000	0.0000	0.0000	0.0000	0.0000	0.0712	0.0470	0.1159	0.0854	0.0903	0.0535	0.0623	0.0015	0.1267	1.3309	0.0000	0.0002	1.7961	0.0000	22.3138	1.0265	0.0000	0.0000	0.0000	0.0000	0.0000	0.0000	0.0000	0.0000	0.0000	0.0031	0.0013	0.0018	0.0014	0.0013	0.0001	0.0017	0.0000	0.0016	0.0000	0.0000	0.0000	0.0000	0.0000	0.0000	0.0000	0.0000	0.0000	0.0435	0.0283	0.0153	0.0168	0.0145	0.0022	0.0268	0.0138	0.0130	0.0000	0.0000	0.0000	0.0000	0.0000	0.0000	0.0000	0.0000	0.0000	0.0712	0.0470	0.1159	0.0854	0.0903	0.0535	0.0623	0.0015	0.1267	
57	73	0.1142	3	0	0	0	0	0	0	0	0	N	N	N	N	N	N	N	N	N	N	N	N	0.0071	0.0137	0.0000	0.0133	0.0145	0.0000	0.0000	0.0000	0.0000	0.0009	0.0012	0.0000	0.0016	0.0018	0.0000	0.0000	0.0000	0.0000	0.1276	0.0888	0.2095	0.1168	0.1210	0.0709	0.1391	0.0143	0.2310	0.0000	1.1185	-0.0000	0.0004	1.7961	0.0000	22.3138	1.0321	0.0000	0.0000	0.0000	0.0000	0.0000	0.0000	0.0000	0.0000	0.0000	0.0516	0.0244	0.0273	0.0244	0.0232	0.0012	0.0272	0.0012	0.0260	0.0221	0.0165	0.0057	0.0129	0.0114	0.0014	0.0093	0.0050	0.0042	0.4046	0.2745	0.1301	0.2091	0.1916	0.0175	0.1955	0.0829	0.1126	0.0071	0.0137	0.0000	0.0133	0.0145	0.0000	0.0000	0.0000	0.0000	0.1276	0.0888	0.2095	0.1168	0.1210	0.0709	0.1391	0.0143	0.2310
57	74	0.0914	2	0	0	0	0	0	0	0	0	N	N	N	N	N	N	N	N	N	N	N	N	0.3974	0.8709	0.4236	1.2843	1.2432	0.9581	0.2181	0.0265	0.3468	0.6607	0.3385	1.6049	0.9350	0.7002	3.1325	0.4810	0.0047	1.3350	1.6627	0.3886	3.7888	0.7280	0.5632	3.2696	2.2053	0.1778	3.8492	1.6186	5.8428	0.0169	0.5627	1.7961	0.5629	22.3138	8.5245	0.0323	0.0123	0.0200	0.0181	0.0123	0.0059	0.0142	0.0001	0.0141	1.6909	0.2471	1.4438	0.2719	0.1959	0.0760	1.4190	0.0512	1.3678	0.0489	0.0365	0.0125	0.0194	0.0175	0.0019	0.0296	0.0190	0.0106	1.0170	0.6359	0.3811	0.3735	0.3478	0.0257	0.6435	0.2881	0.3553	0.3974	0.8709	0.4236	1.2843	1.2432	1.0604	0.2181	0.0265	0.3468	1.6627	0.3886	3.7888	0.7280	0.5632	2.9542	2.2053	0.1778	3.8492
57	75	0.1084	3	0	1	0	0	0	0	0	0	N	N	N	N	N	N	N	N	N	N	N	N	0.0000	0.0000	0.0000	0.0000	0.0000	0.0000	0.0000	0.0000	0.0000	0.0000	0.0000	0.0000	0.0000	0.0000	0.0000	0.0000	0.0000	0.0972	0.0147	0.2778	0.0350	0.0298	0.0746	0.1361	0.0000	0.3114	8.6223	0.0000	0.0111	1.7961	1.9994	22.3138	4.0943	0.0000	0.0000	0.0000	0.0000	0.0000	0.0000	0.0000	0.0000	0.0000	0.0295	0.0031	0.0265	0.0041	0.0031	0.0010	0.0255	0.0000	0.0255	0.0334	0.0290	0.0043	0.0000	0.0000	0.0000	0.0333	0.0290	0.0043	0.3038	0.2085	0.0953	0.1167	0.1032	0.0135	0.1871	0.1053	0.0818	0.0000	0.0000	0.0000	0.0000	0.0000	0.0000	0.0000	0.0000	0.0000	0.0972	0.0147	0.2778	0.0350	0.0298	0.0746	0.1361	0.0000	0.3114		
57	76	0.1021	2	0	0	0	0	0	0	0	0	N	N	N	N	N	N	N	N	N	N	N	N	0.0000	0.0000	0.0000	0.0000	0.0000	0.0000	0.0000	0.0000	0.0000	0.0000	0.0000	0.0000	0.0000	0.0000	0.0000	0.0000	0.0000	0.0000	1.3098	0.6358	2.7986	1.1123	1.0876	2.2131	1.4481	0.1024	3.0075	1.9926	0.0000	0.0330	1.7961	0.0011	22.3138	2.7207	0.0000	0.0000	0.0000	0.0000	0.0000	0.0000	0.0000	0.0000	0.0000	0.2277	0.0761	0.1516	0.0797	0.0705	0.0092	0.1481	0.0056	0.1424	0.0000	0.0000	0.0000	0.0000	0.0000	0.0000	0.0000	0.0000	0.0000	0.1739	0.1197	0.0542	0.0716	0.0648	0.0068	0.1022	0.0549	0.0474	0.0000	0.0000	0.0000	0.0000	0.0000	0.0000	0.0000	0.0000	0.0000	1.3098	0.6358	2.7986	1.1123	1.0876	1.3475	1.4481	0.1024	3.0075	
57	78	0.0902	2	1	0	1	0	0	0	0	0	N	N	N	N	N	N	N	N	N	N	N	N	0.0765	0.0402	0.0046	0.0044	0.0001	0.0001	0.0000	0.0002	0.0002	0.0000	0.0000	0.0000	0.0000	0.0015	0.0031	0.0000	0.0422	0.0467	0.0000	0.0000	0.0000	0.0000	0.0000	0.0000	-0.0000	-0.0001	1.7961	1.6246	22.3138	0.0115	0.0000	0.0000	0.0000	0.0000	0.0000	0.0000	0.0000	0.0000	0.0000	0.0001	0.0001	0.0000	0.0001	0.0001	0.0000	0.0000	0.0000	0.0000	0.1476	0.1382	0.0093	0.0873	0.0836	0.0036	0.0603	0.0546	0.0057	0.0840	0.0414	0.0426	0.0030	0.0027	0.0003	0.0810	0.0386	0.0424	0.0765	0.0402	0.0000	0.0046	0.0044	0.0000	0.0000	0.0000	0.0000	0.0015	0.0031	0.0000	0.0422	0.0467	0.0000	0.0000	0.0000	0.0000					
57	83	0.1803	4	0	0	0	0	0	0	0	0	N	N	N	N	N	N	N	N	N	N	N	N	0.0026	0.0000	0.0131	0.0328	0.0000	0.2307	0.0010	0.0000	0.0059	0.0044	0.0000	0.0401	0.0148	0.0000	0.7264	0.0024	0.0000	0.0189	1.7038	0.9611	3.0516	0.4504	0.1720	3.1488	2.4423	1.7316	3.2072	62879.8867	1.7495	0.0013	0.3868	1.7961	10.0679	22.3138	33.8159	0.0014	0.0000	0.0014	0.0008	0.0000	0.0008	0.0007	0.0000	0.0007	3.3571	1.2210	2.1361	0.3291	0.1080	0.2211	3.0280	1.1130	1.9150	0.3290	0.2933	0.0357	0.0527	0.0516	0.0011	0.2763	0.2417	0.0347	1.9704	1.2704	0.7000	0.7305	0.6276	0.1029	1.2399	0.6428	0.5971	0.0026	0.0000	0.0131	0.0328	0.0000	0.3381	0.0010	0.0000	0.0059	1.7038	0.9611	3.0516	0.4504	0.1720	2.1484	2.4423	1.7316	3.2072
57	84	0.1528	3	0	0	0	0	0	0	0	0	N	N	N	N	N	N	N	N	N	N	N	N	0.1559	0.0316	0.6317	0.2016	0.1124	0.5224	0.1380	0.0000	0.6116	0.3155	0.0411	2.2319	0.3628	0.1792	2.8046	0.3025	0.0000	2.1534	2.0235	1.2995	3.5330	1.7993	1.5949	5.3690	2.1911	0.9099	3.5206	7.7698	1.3042	0.0099	0.1371	1.7961	0.9441	22.3138	14.0836	0.0125	0.0014	0.0111	0.0031	0.0014	0.0017	0.0094	0.0000	0.0094	3.0515	1.3244	1.7272	1.1604	0.9244	0.2360	1.8911	0.4000	1.4912	0.0397	0.0347	0.0050	0.0086	0.0080	0.0006	0.0311	0.0267	0.0044	1.5080	1.0192	0.4889	0.6449	0.5796	0.0653	0.8631	0.4395	0.4235	0.1559	0.0316	0.6317	0.2016	0.1124	0.7763	0.1380	0.0000	0.6116	2.0235	1.2995	3.5330	1.7993	1.5949	3.6128	2.1911	0.9099	3.5206
57	85	0.4350	6	0	0	0	0	0	0	0	0	N	N	N	N	N	N	N	N	N	N	N	N	0.8694	2.4409	0.0015	1.9170	3.8708	0.0011	0.0132	120132.0195	0.0001	0.9129	1.0510	0.0037	2.3698	2.8207	0.0077	0.0117	0.0131	0.0002	1.0500	0.4306	2.4040	1.2362	0.7287	6.9608	0.8847	0.0000	1.8822	0.0005	2.5543	-0.0630	0.3941	1.7961	15.0008	22.3138	28.2980	0.6631	0.6627	0.0004	0.6578	0.6575	0.0003	0.0052	0.0052	0.0000	1.9949	0.5613	1.4336	1.1046	0.5613	0.5434	0.8902	0.0000	0.8902	0.7264	0.6305	0.0958	0.2776	0.2331	0.0445	0.4488	0.3974	0.0513	1.8998	1.3034	0.5963	0.8936	0.7702	0.1234	1.0062	0.5332	0.4730	0.8694	2.4409	0.0015	1.9170	3.8708	0.0017	0.0132	120132.0195	0.0001	1.0500	0.4306	2.4040	1.2362	0.7287	4.4048	0.8847	0.0000	1.8822
57	86	0.4350	6	0	0	0	0	0	0	0	0	N	N	N	N	N	N	N	N	N	N	N	N	0.5653	0.8304	0.0020	0.7864	1.1441	0.0010	0.0261	1063.7467	0.0003	0.8319	0.9810	0.0044	1.7324	2.1446	0.0070	0.0187	0.0211	0.0004	1.4715	1.1815	2.1537	2.2029	1.8745	6.9718	0.7165	0.0000	1.5155	0.0008	0.7750	-0.0419	-0.2286	1.7961	10.8154	22.3138	27.4443	0.4422	0.4418	0.0004	0.4370	0.4366	0.0003	0.0052	0.0052	0.0000	2.7067	1.5248	1.1818	2.0581	1.5248	0.5333	0.6485	0.0000	0.6485	0.5315	0.4504	0.0812	0.2522	0.2036	0.0486	0.2793	0.2468	0.0325	1.8394	1.2906	0.5487	0.9343	0.8134	0.1208	0.9051	0.4772	0.4279	0.5653	0.8304	0.0020	0.7864	1.1441	0.0016	0.0261	1063.7467	0.0003	1.4715	1.1815	2.1537	2.2029	1.8745	4.4142	0.7165	0.0000	1.5155
57	87	0.3872	5	0	0	0	0	0	0	0	0	N	N	N	N	N	N	N	N	N	N	N	N	0.7832	0.7850	0.9909	1.2143	1.1743	0.7902	0.0168	0.0151	0.0557	1.0359	0.8596	1.8770	1.7487	1.5332	2.5343	0.0197	0.0098	0.0970	1.3227	1.0950	1.8943	1.4401	1.3056	3.2072	1.1731	0.6454	1.7417	0.4577	0.6890	0.0787	-0.4160	1.7961	2.7608	22.3138	22.4044	0.3602	0.2471	0.1131	0.3574	0.2459	0.1115	0.0028	0.0012	0.0016	3.6763	2.1766	1.4997	2.2422	1.7674	0.4747	1.4341	0.4092	1.0249	0.3477	0.2875	0.0603	0.2044	0.1604	0.0440	0.1434	0.1271	0.0163	2.7794	1.9877	0.7917	1.5569	1.3537	0.2032	1.2225	0.6340	0.5885	0.7832	0.7850	0.9909	1.2143	1.1743	1.0847	0.0168	0.0151	0.0557	1.3227	1.0950	1.8943	1.4401	1.3056	2.3364	1.1731	0.6454	1.7417
57	88	0.2574	4	0	0	0	0	0	0	0	0	N	N	N	N	N	N	N	N	N	N	N	N	0.2646	0.3251	0.1055	0.9072	0.9876	0.3058	0.0017	0.0002	0.0089	0.6566	0.6990	0.3330	2.8243	2.8902	2.0300	0.0035	0.0002	0.0259	2.4813	2.1500	3.1563	3.1131	2.9264	6.6378	2.0189	1.2170	2.9147	0.0623	0.7207	-0.0080	-0.6418	1.7961	8.8820	22.3138	49.9570	0.2170	0.2042	0.0127	0.2161	0.2042	0.0119	0.0009	0.0000	0.0008	6.2777	3.6483	2.6294	3.3288	2.7104	0.6184	2.9489	0.9379	2.0110	0.3304	0.2922	0.0382	0.0765	0.0707	0.0059	0.2539	0.2215	0.0324	2.5300	1.6969	0.8331	1.0693	0.9262	0.1431	1.4607	0.7707	0.6900	0.2646	0.3251	0.1055	0.9072	0.9876	0.4698	0.0017	0.0002	0.0089	2.4813	2.1500	3.1563	3.1131	2.9264	4.3211	2.0189	1.2170	2.9147
57	90	0.1420	6	0	1	0	1	0	0	0	0	N	N	N	N	N	N	N	N	N	N	N	N	0.0000	0.0000	0.0000	0.0000	0.0000	0.0000	0.0000	0.0000	0.0000	0.0000	0.0000	0.0000	0.0000	0.0000	0.0000	0.0000	0.0000	0.0000	0.0000	0.0000	1.7961	0.0000	22.3138	0.0000	0.0000	0.0000	0.0000	0.0000	0.0000	0.0000	0.0000	0.0000	0.0000	0.0000	0.0000	0.0000	0.0000	0.0000	0.0000	0.0000	0.0000	0.0000	0.0000	0.0000	0.0000	0.0000	0.0000	0.0000	0.0000	0.0000	0.0000	0.0000	0.0000	0.0000	0.0000	0.0000	0.0000	0.0000	0.0000	0.0000	0.0000	0.0000	0.0000	0.0000	0.0000	0.0000	0.0000	0.0000	0.0000	0.0000	0.0000	0.0000	0.0000	0.0000	0.0000	0.0000	0.0000	0.0000											
57	91	0.1313	5	0	1	0	1	0	0	0	0	N	N	N	N	N	N	N	N	N	N	N	N	0.0000	0.0000	0.0000	0.0000	0.0000	0.0000	0.0000	0.0000	0.0000	0.0000	0.0000	0.0000	0.0000	5.5476	11.0646	0.0000	0.0000	0.0000	0.0000	6.1789	13.3299	0.0000	0.0000	0.0000	-0.5211	1.7961	1.0000	22.3138	3.0000	0.0000	0.0000	0.0000	0.0000	0.0000	0.0000	0.0000	0.0000	0.0000	1.0000	1.0000	0.0000	0.0000	0.0000	0.0000	1.0000	1.0000	0.0000	0.0311	0.0280	0.0031	0.0116	0.0109	0.0008	0.0194	0.0171	0.0023	0.1803	0.0904	0.0899	0.0184	0.0154	0.0031	0.1618	0.0750	0.0868	0.0000	0.0000	0.0000	0.0000	0.0000	0.0000	0.0000	0.0000	0.0000	5.5476	11.0646	0.0000	0.0000	0.0000	0.0000	6.1789	13.3299	0.0000						
57	92	0.1248	3	0	1	0	0	0	0	0	0	N	N	N	N	N	N	N	N	N	N	N	N	0.0000	0.0000	0.0000	0.0000	0.0000	0.0000	0.0000	0.0000	0.0000	0.0000	0.0000	0.0000	0.0000	0.0000	0.0000	0.0000	0.0000	0.0000	0.0000	0.0000	1.7961	0.0000	22.3138	0.0000	0.0000	0.0000	0.0000	0.0000	0.0000	0.0000	0.0000	0.0000	0.0000	0.0000	0.0000	0.0000	0.0000	0.0000	0.0000	0.0000	0.0000	0.0000	0.0000	0.0000	0.0000	0.0000	0.0000	0.0000	0.0000	0.0000	0.0000	0.0000	0.0000	0.0000	0.0000	0.0000	0.0000	0.0000	0.0000	0.0000	0.0000	0.0000	0.0000	0.0000	0.0000	0.0000	0.0000	0.0000	0.0000	0.0000	0.0000	0.0000	0.0000	0.0000	0.0000	0.0000	0.0000	0.0000											
57	93	0.1313	5	0	0	1	1	0	0	0	0	N	N	N	N	N	N	N	N	N	N	N	N	0.0000	0.0000	0.0000	0.0000	0.0000	0.0000	0.0000	0.0000	0.0000	0.0000	0.0000	0.0000	0.0000	0.0000	0.0000	0.0000	0.0000	0.0000	0.0000	0.0000	1.7961	0.0000	22.3138	0.0000	0.0000	0.0000	0.0000	0.0000	0.0000	0.0000	0.0000	0.0000	0.0000	0.0000	0.0000	0.0000	0.0000	0.0000	0.0000	0.0000	0.0000	0.0000	0.0000	0.0000	0.0000	0.0000	0.0000	0.0000	0.0000	0.0000	0.0000	0.0000	0.0000	0.0000	0.0000	0.0000	0.0000	0.0000	0.0000	0.0000	0.0000	0.0000	0.0000	0.0000	0.0000	0.0000	0.0000	0.0000	0.0000	0.0000	0.0000	0.0000	0.0000	0.0000	0.0000	0.0000	0.0000	0.0000											
57	94	0.1286	4	0	0	0	1	0	0	0	0	N	N	N	N	N	N	N	N	N	N	N	N	0.0000	0.0000	0.0000	0.0000	0.0000	0.0000	0.0000	0.0000	0.0000	0.0000	0.0000	0.0000	0.0000	0.0000	0.0000	0.0000	0.0000	0.0000	0.0000	0.0000	1.7961	1.0000	22.3138	0.0097	0.0000	0.0000	0.0000	0.0000	0.0000	0.0000	0.0000	0.0000	0.0000	0.0000	0.0000	0.0000	0.0000	0.0000	0.0000	0.0000	0.0000	0.0000	0.0311	0.0280	0.0031	0.0116	0.0109	0.0008	0.0194	0.0171	0.0023	0.0490	0.0245	0.0245	0.0058	0.0050	0.0008	0.0432	0.0195	0.0237	0.0000	0.0000	0.0000	0.0000	0.0000	0.0000	0.0000	0.0000	0.0000	0.0000	0.0000	0.0000	0.0000	0.0000	0.0000	0.0000	0.0000	0.0000											
57	95	0.1286	4	0	0	1	1	0	0	0	0	N	N	N	N	N	N	N	N	N	N	N	N	0.0000	0.0000	0.0000	0.0000	0.0000	0.0000	0.0000	0.0000	0.0000	0.0000	0.0000	0.0000	0.0000	0.0000	0.0000	0.0000	0.0000	0.0000	0.0000	0.0000	1.7961	2.0000	22.3138	3.0050	0.0000	0.0000	0.0000	0.0000	0.0000	0.0000	0.0000	0.0000	0.0000	0.0000	0.0000	0.0000	0.0000	0.0000	0.0000	0.0000	0.0000	0.0000	0.0613	0.0552	0.0061	0.0229	0.0214	0.0015	0.0384	0.0338	0.0046	0.2248	0.1129	0.1119	0.0236	0.0198	0.0038	0.2011	0.0930	0.1081	0.0000	0.0000	0.0000	0.0000	0.0000	0.0000	0.0000	0.0000	0.0000	0.0000	0.0000	0.0000	0.0000	0.0000	0.0000	0.0000	0.0000	0.0000											
57	96	0.1286	4	0	0	1	1	0	0	0	0	N	N	N	N	N	N	N	N	N	N	N	N	0.0000	0.0000	0.0000	0.0000	0.0000	0.0000	0.0000	0.0000	0.0000	0.0000	0.0000	0.0000	0.0000	3.2657	6.4867	0.0000	0.0000	0.0000	0.0000	3.6437	7.8410	0.0000	0.0000	0.0000	-0.5211	1.7961	0.0000	22.3138	6.9903	0.0000	0.0000	0.0000	0.0000	0.0000	0.0000	0.0000	0.0000	0.0000	1.0000	1.0000	0.0000	0.0000	0.0000	0.0000	1.0000	1.0000	0.0000	0.0000	0.0000	0.0000	0.0000	0.0000	0.0000	0.0000	0.0000	0.0000	0.3062	0.1542	0.1521	0.0318	0.0266	0.0051	0.2744	0.1275	0.1469	0.0000	0.0000	0.0000	0.0000	0.0000	0.0000	0.0000	0.0000	0.0000	3.2657	6.4867	0.0000	0.0000	0.0000	0.0000	3.6437	7.8410	0.0000						
57	97	0.1231	3	0	0	0	1	0	0	0	0	N	N	N	N	N	N	N	N	N	N	N	N	0.0000	0.0000	0.0000	0.0000	0.0000	0.0000	0.0000	0.0000	0.0000	0.0000	0.0000	0.0000	0.0000	0.0000	0.0000	0.0000	0.0000	0.0004	0.0000	0.0008	0.0015	0.0001	0.0124	0.0002	0.0000	0.0004	33.3500	0.0000	0.0000	1.7961	0.9999	22.3138	1.0605	0.0000	0.0000	0.0000	0.0000	0.0000	0.0000	0.0000	0.0000	0.0000	0.0000	0.0000	0.0000	0.0000	0.0000	0.0000	0.0000	0.0000	0.0000	0.0650	0.0603	0.0047	0.0277	0.0265	0.0011	0.0374	0.0338	0.0036	0.1098	0.0580	0.0518	0.0137	0.0121	0.0016	0.0961	0.0459	0.0502	0.0000	0.0000	0.0000	0.0000	0.0000	0.0000	0.0000	0.0000	0.0000	0.0004	0.0000	0.0008	0.0015	0.0001	0.0124	0.0002	0.0000	0.0004		
57	98	0.1210	2	0	0	0	1	0	0	0	0	N	N	N	N	N	N	N	N	N	N	N	N	62.0521	174.0520	19.1070	17.1335	33.4523	0.0000	115.1049	3091162.3744	36.0371	0.4502	0.4845	0.2435	0.3348	0.3652	0.0000	0.5786	0.6382	0.3517	0.0073	0.0028	0.0127	0.0195	0.0109	0.1127	0.0050	0.0000	0.0098	0.0834	3.7295	-0.0000	0.0001	1.7961	0.0012	22.3138	1.0414	0.0001	0.0001	0.0000	0.0000	0.0000	0.0000	0.0001	0.0000	0.0000	0.0004	0.0001	0.0004	0.0002	0.0001	0.0001	0.0003	0.0000	0.0003	0.0002	0.0002	0.0000	0.0001	0.0001	0.0000	0.0001	0.0001	0.0000	0.0614	0.0338	0.0276	0.0094	0.0086	0.0008	0.0520	0.0252	0.0268	62.0521	174.0520	19.1070	17.1335	33.4523	0.0000	115.1049	3091162.3744	36.0371	0.0073	0.0028	0.0127	0.0195	0.0109	0.1127	0.0050	0.0000	0.0098
57	101	0.1279	4	1	1	0	0	0	0	0	0	N	N	N	N	N	N	N	N	N	N	N	N	0.0000	0.0000	0.0000	0.0000	0.0000	0.0000	0.0000	0.0000	0.0000	0.0000	0.0000	0.0000	0.0000	0.0000	0.0000	0.0000	0.0000	0.0000	0.0000	0.0000	1.7961	0.0000	22.3138	3.0000	0.0000	0.0000	0.0000	0.0000	0.0000	0.0000	0.0000	0.0000	0.0000	0.0000	0.0000	0.0000	0.0000	0.0000	0.0000	0.0000	0.0000	0.0000	0.0000	0.0000	0.0000	0.0000	0.0000	0.0000	0.0000	0.0000	0.0000	0.1440	0.0726	0.0714	0.0137	0.0113	0.0023	0.1303	0.0612	0.0691	0.0000	0.0000	0.0000	0.0000	0.0000	0.0000	0.0000	0.0000	0.0000	0.0000	0.0000	0.0000	0.0000	0.0000	0.0000	0.0000	0.0000	0.0000											
57	102	0.1248	3	1	1	0	0	0	0	0	0	N	N	N	N	N	N	N	N	N	N	N	N	0.0000	0.0000	0.0000	0.0000	0.0000	0.0000	0.0000	0.0000	0.0000	0.0000	0.0000	0.0000	0.0000	0.0000	0.0000	0.0000	0.0000	0.0000	0.0000	0.0000	1.7961	0.0000	22.3138	1.0000	0.0000	0.0000	0.0000	0.0000	0.0000	0.0000	0.0000	0.0000	0.0000	0.0000	0.0000	0.0000	0.0000	0.0000	0.0000	0.0000	0.0000	0.0000	0.0000	0.0000	0.0000	0.0000	0.0000	0.0000	0.0000	0.0000	0.0000	0.0500	0.0251	0.0248	0.0047	0.0039	0.0008	0.0452	0.0212	0.0240	0.0000	0.0000	0.0000	0.0000	0.0000	0.0000	0.0000	0.0000	0.0000	0.0000	0.0000	0.0000	0.0000	0.0000	0.0000	0.0000	0.0000	0.0000											
57	103	0.1210	2	0	1	0	0	0	0	0	0	N	N	N	N	N	N	N	N	N	N	N	N	34.0430	166.6186	0.0000	26.4008	70.7622	0.0000	0.0000	0.0000	0.2221	0.2646	0.0000	0.4017	0.4423	0.0000	0.0000	0.0000	0.0000	0.0065	0.0016	0.0126	0.0152	0.0063	0.1115	0.0050	0.0000	0.0096	0.0000	6.4611	-0.0000	0.0001	1.7961	0.0006	22.3138	1.0534	0.0000	0.0000	0.0000	0.0000	0.0000	0.0000	0.0000	0.0000	0.0000	0.0004	0.0001	0.0004	0.0001	0.0001	0.0001	0.0003	0.0000	0.0003	0.0002	0.0001	0.0000	0.0001	0.0001	0.0000	0.0001	0.0001	0.0000	0.0619	0.0341	0.0278	0.0095	0.0087	0.0008	0.0525	0.0254	0.0270	34.0430	166.6186	0.0000	26.4008	70.7622	0.0000	0.0000	0.0000	0.0000	0.0065	0.0016	0.0126	0.0152	0.0063	0.1115	0.0050	0.0000	0.0096	
57	109	0.3397	5	0	0	0	0	0	0	0	0	N	N	N	N	N	N	N	N	N	N	N	N	0.0067	0.0000	0.0491	0.0663	0.0000	0.6869	0.0001	0.0000	0.0006	0.0132	0.0000	0.1197	0.0662	0.0000	1.6270	0.0002	0.0000	0.0015	1.9855	1.7757	2.4366	0.9993	0.9267	2.3687	2.8661	2.9935	2.7219	35698.9748	0.6381	0.0032	-0.5434	1.7961	7.7801	22.3138	32.2209	0.0036	0.0000	0.0036	0.0035	0.0000	0.0035	0.0000	0.0000	0.0000	4.1314	2.5220	1.6094	0.9809	0.7756	0.2053	3.1505	1.7464	1.4041	0.2714	0.2414	0.0300	0.0536	0.0514	0.0022	0.2178	0.1900	0.0278	2.0808	1.4203	0.6605	0.9816	0.8369	0.1447	1.0993	0.5834	0.5158	0.0067	0.0000	0.0491	0.0663	0.0000	1.1466	0.0001	0.0000	0.0006	1.9855	1.7757	2.4366	0.9993	0.9267	1.4190	2.8661	2.9935	2.7219
58	61	0.4391	10	1	1	0	0	0	0	0	0	N	N	N	N	N	N	N	N	N	N	N	N	0.0099	0.0078	0.0000	0.0099	0.0091	0.0000	0.0219	0.0192	0.0000	0.0000	0.0000	0.0000	0.0000	0.0000	0.0000	0.0000	0.0000	0.0000	0.0014	0.0020	0.0000	0.0025	0.0030	0.0000	0.0000	0.0001	0.0000	0.0000	0.0046	-0.0000	-0.0002	0.9359	1.0140	8.5945	12.0537	0.0000	0.0000	0.0000	0.0000	0.0000	0.0000	0.0000	0.0000	0.0000	0.0004	0.0004	0.0000	0.0004	0.0004	0.0000	0.0000	0.0000	0.0000	0.0183	0.0165	0.0018	0.0098	0.0091	0.0007	0.0085	0.0074	0.0011	0.2876	0.2041	0.0835	0.1570	0.1346	0.0224	0.1306	0.0695	0.0611	0.0099	0.0078	0.0000	0.0099	0.0091	0.0000	0.0219	0.0192	0.0000	0.0014	0.0020	0.0000	0.0025	0.0030	0.0000	0.0000	0.0001	0.0000
58	62	0.3632	7	1	1	0	0	0	0	0	0	N	N	N	N	N	N	N	N	N	N	N	N	0.0013	0.0022	0.0000	0.0026	0.0024	0.7292	0.0001	0.0032	0.0000	0.0018	0.0020	0.0001	0.0031	0.0033	0.0003	0.0002	0.0003	0.0000	1.3975	0.9149	2.6082	1.2117	1.3922	0.0004	1.6003	0.0838	3.4209	0.0057	1.1362	-0.0001	0.0181	0.9359	22.0948	8.5945	64.3951	0.0006	0.0006	0.0000	0.0006	0.0006	0.0000	0.0000	0.0000	0.0000	1.6778	0.7854	0.8924	0.7592	0.7592	0.0000	0.9186	0.0262	0.8923	0.3420	0.3108	0.0312	0.1863	0.1746	0.0117	0.1557	0.1362	0.0195	1.2006	0.8584	0.3421	0.6266	0.5453	0.0813	0.5740	0.3131	0.2609	0.0013	0.0022	0.0000	0.0026	0.0024	0.7292	0.0001	0.0032	0.0000	1.3975	0.9149	2.6082	1.2117	1.3922	0.0004	1.6003	0.0838	3.4209
58	63	0.1563	6	1	1	0	0	0	0	0	0	N	N	N	N	N	N	N	N	N	N	N	N	0.0001	0.0001	0.0087	0.0264	0.0243	0.1183	0.0000	0.0000	0.0007	0.0002	0.0002	0.0000	0.0004	0.0004	0.0001	0.0000	0.0000	0.0000	1.4039	2.0213	0.0050	0.0133	0.0151	0.0010	2.8772	5.7066	0.0061	0.0236	0.0011	-0.0000	-0.4667	0.9359	3.0638	8.5945	18.8214	0.0000	0.0000	0.0000	0.0000	0.0000	0.0000	0.0000	0.0000	0.0000	0.8975	0.8965	0.0010	0.0044	0.0043	0.0000	0.8931	0.8921	0.0009	0.0536	0.0482	0.0053	0.0274	0.0256	0.0018	0.0262	0.0227	0.0035	0.6393	0.4435	0.1957	0.3289	0.2872	0.0417	0.3104	0.1563	0.1541	0.0001	0.0001	0.0087	0.0264	0.0243	0.1183	0.0000	0.0000	0.0007	1.4039	2.0213	0.0050	0.0133	0.0151	0.0010	2.8772	5.7066	0.0061
58	64	0.0673	4	2	2	1	0	0	0	0	0	Y	Y	N	N	N	N	N	N	N	N	N	N	0.0101	0.0152	0.0000	0.0141	0.0134	0.0000	0.0008	0.2648	0.0000	0.0004	0.0004	0.0000	0.0007	0.0008	0.0000	0.0000	0.0000	0.0000	0.0364	0.0268	0.0534	0.0504	0.0565	0.0082	0.0290	0.0001	0.0597	0.0000	1.1207	-0.0000	0.0001	0.9359	1.0029	8.5945	8.4685	0.0000	0.0000	0.0000	0.0000	0.0000	0.0000	0.0000	0.0000	0.0000	0.0090	0.0042	0.0047	0.0043	0.0042	0.0001	0.0047	0.0000	0.0047	0.0183	0.0164	0.0018	0.0092	0.0086	0.0006	0.0091	0.0079	0.0012	0.2468	0.1579	0.0889	0.0858	0.0748	0.0110	0.1611	0.0831	0.0780	0.0101	0.0152	0.0000	0.0141	0.0134	0.0000	0.0008	0.2648	0.0000	0.0364	0.0268	0.0534	0.0504	0.0565	0.0082	0.0290	0.0001	0.0597
58	65	0.0460	3	1	2	0	0	0	0	0	0	N	Y	N	N	N	N	N	N	N	N	N	N	0.1679	0.2925	0.0031	0.1553	0.1571	0.0043	0.0009	0.0017	0.0027	0.0261	0.0280	0.0007	0.0547	0.0563	0.0010	0.0001	0.0001	0.0006	0.1554	0.0959	0.2237	0.3523	0.3585	0.2395	0.1329	0.0375	0.2235	0.0019	2.0320	-0.0001	0.0050	0.9359	0.7961	8.5945	8.5878	0.0013	0.0013	0.0000	0.0013	0.0013	0.0000	0.0000	0.0000	0.0000	0.0338	0.0112	0.0227	0.0079	0.0076	0.0003	0.0260	0.0036	0.0224	0.0483	0.0448	0.0034	0.0230	0.0223	0.0007	0.0253	0.0225	0.0028	0.2178	0.1164	0.1014	0.0223	0.0212	0.0012	0.1955	0.0953	0.1002	0.1679	0.2925	0.0031	0.1553	0.1571	0.0043	0.0009	0.0017	0.0027	0.1554	0.0959	0.2237	0.3523	0.3585	0.2395	0.1329	0.0375	0.2235
58	66	0.4391	10	1	2	0	0	0	0	0	0	N	Y	N	N	N	N	N	N	N	N	N	N	0.0002	0.0665	0.0000	0.0107	0.0830	0.0000	0.0000	0.0226	0.0000	0.0000	0.0000	0.0000	0.0000	0.0000	0.0000	0.0000	0.0000	0.0000	0.0754	0.0002	0.2588	0.0023	0.0003	0.0144	0.1630	0.0001	0.3490	0.0000	456.6492	-0.0000	0.0106	0.9359	1.0110	8.5945	12.5479	0.0000	0.0000	0.0000	0.0000	0.0000	0.0000	0.0000	0.0000	0.0000	0.0222	0.0000	0.0222	0.0004	0.0000	0.0003	0.0218	0.0000	0.0218	0.0182	0.0165	0.0018	0.0097	0.0091	0.0007	0.0085	0.0074	0.0011	0.2945	0.2089	0.0856	0.1606	0.1376	0.0231	0.1339	0.0713	0.0625	0.0002	0.0665	0.0000	0.0107	0.0830	0.0000	0.0000	0.0226	0.0000	0.0754	0.0002	0.2588	0.0023	0.0003	0.0144	0.1630	0.0001	0.3490
58	67	0.4327	9	1	1	0	0	0	0	0	0	N	N	N	N	N	N	N	N	N	N	N	N	0.0082	0.0104	0.0000	0.0054	0.0063	0.0000	0.0143	0.0643	0.0000	0.0000	0.0000	0.0000	0.0000	0.0000	0.0000	0.0000	0.0000	0.0000	0.0025	0.0021	0.0032	0.0031	0.0029	0.0064	0.0017	0.0004	0.0027	0.0000	0.6207	-0.0000	-0.0001	0.9359	0.9784	8.5945	1.5217	0.0000	0.0000	0.0000	0.0000	0.0000	0.0000	0.0000	0.0000	0.0000	0.0004	0.0002	0.0001	0.0003	0.0002	0.0000	0.0001	0.0000	0.0001	0.0177	0.0159	0.0017	0.0094	0.0088	0.0006	0.0082	0.0071	0.0011	0.1501	0.1061	0.0440	0.0810	0.0746	0.0064	0.0691	0.0314	0.0377	0.0082	0.0104	0.0000	0.0054	0.0063	0.0000	0.0143	0.0643	0.0000	0.0025	0.0021	0.0032	0.0031	0.0029	0.0064	0.0017	0.0004	0.0027
58	68	0.4025	8	1	1	0	0	0	0	0	0	N	N	N	N	N	N	N	N	N	N	N	N	0.0036	0.0033	0.0017	0.0047	0.0041	0.0785	0.0008	0.0396	0.0001	0.0002	0.0003	0.0001	0.0004	0.0005	0.0002	0.0000	0.0000	0.0000	0.0696	0.0800	0.0450	0.0939	0.1112	0.0026	0.0332	0.0008	0.0651	0.0317	0.2376	-0.0000	-0.0066	0.9359	1.0531	8.5945	9.0748	0.0000	0.0000	0.0000	0.0000	0.0000	0.0000	0.0000	0.0000	0.0000	0.0200	0.0161	0.0038	0.0162	0.0161	0.0001	0.0038	0.0000	0.0038	0.0194	0.0175	0.0019	0.0104	0.0097	0.0007	0.0090	0.0078	0.0012	0.2871	0.2018	0.0853	0.1722	0.1447	0.0275	0.1149	0.0570	0.0578	0.0036	0.0033	0.0017	0.0047	0.0041	0.0785	0.0008	0.0396	0.0001	0.0696	0.0800	0.0450	0.0939	0.1112	0.0026	0.0332	0.0008	0.0651
58	69	0.0460	3	2	1	1	0	0	0	0	0	Y	N	N	N	N	N	N	N	N	N	N	N	0.0000	0.0000	0.0000	0.0000	0.0000	0.0000	0.0000	0.0000	0.0000	0.0000	0.0000	0.0000	0.0000	0.0000	0.0000	0.0000	0.0076	0.0027	0.0134	0.0126	0.0131	0.0000	0.0069	0.0000	0.0136	4.2721	0.0000	0.0003	0.9359	0.0000	8.5945	4.9600	0.0000	0.0000	0.0000	0.0000	0.0000	0.0000	0.0000	0.0000	0.0000	0.0011	0.0002	0.0009	0.0002	0.0002	0.0000	0.0009	0.0000	0.0009	0.0000	0.0000	0.0000	0.0000	0.0000	0.0000	0.0000	0.0000	0.0000	0.1389	0.0752	0.0636	0.0159	0.0152	0.0007	0.1229	0.0600	0.0629	0.0000	0.0000	0.0000	0.0000	0.0000	0.0000	0.0000	0.0000	0.0000	0.0076	0.0027	0.0134	0.0126	0.0131	0.0000	0.0069	0.0000	0.0136			
58	71	0.1023	7	1	1	1	0	0	0	0	0	N	N	N	N	N	N	N	N	N	N	N	N	0.0000	0.0000	0.0000	0.0000	0.0000	0.0000	0.0000	0.0000	0.0000	0.0000	0.0000	0.0000	0.0000	0.0031	0.0045	0.0000	0.0070	0.0080	0.0000	0.0000	0.0000	0.0000	0.0000	0.0000	-0.0000	0.9359	1.0000	8.5945	0.0055	0.0000	0.0000	0.0000	0.0000	0.0000	0.0000	0.0000	0.0000	0.0000	0.0001	0.0001	0.0000	0.0001	0.0001	0.0000	0.0000	0.0000	0.0000	0.0089	0.0077	0.0012	0.0000	0.0000	0.0000	0.0089	0.0077	0.0012	0.0192	0.0133	0.0059	0.0085	0.0075	0.0011	0.0106	0.0059	0.0048	0.0000	0.0000	0.0000	0.0000	0.0000	0.0000	0.0000	0.0000	0.0000	0.0031	0.0045	0.0000	0.0070	0.0080	0.0000	0.0000	0.0000	0.0000						
58	72	0.0956	6	1	1	1	0	0	0	0	0	N	N	N	N	N	N	N	N	N	N	N	N	0.0000	0.0000	0.0000	0.0000	0.0000	0.0000	0.0000	0.0000	0.0000	0.0000	0.0000	0.0000	0.0000	0.0000	0.0000	0.0000	0.6388	0.9070	0.0093	1.4169	1.6040	0.0000	0.0051	0.0000	0.0113	0.0044	0.0000	-0.0070	0.9359	0.0000	8.5945	1.0265	0.0000	0.0000	0.0000	0.0000	0.0000	0.0000	0.0000	0.0000	0.0000	0.0136	0.0135	0.0001	0.0135	0.0135	0.0000	0.0001	0.0000	0.0001	0.0000	0.0000	0.0000	0.0000	0.0000	0.0000	0.0000	0.0000	0.0000	0.0212	0.0149	0.0063	0.0095	0.0084	0.0011	0.0117	0.0065	0.0052	0.0000	0.0000	0.0000	0.0000	0.0000	0.0000	0.0000	0.0000	0.0000	0.6388	0.9070	0.0093	1.4169	1.6040	0.0000	0.0051	0.0000	0.0113			
58	73	0.0902	5	1	1	0	0	0	0	0	0	N	N	N	N	N	N	N	N	N	N	N	N	0.0000	0.0000	0.0000	0.0000	0.0000	0.0000	0.0000	0.0000	0.0000	0.0000	0.0000	0.0000	0.0000	0.0000	0.0000	0.0000	0.0000	0.1537	0.1099	0.2351	0.1308	0.1442	0.0000	0.1812	0.0004	0.2746	1.1549	0.0000	0.0004	0.9359	0.0000	8.5945	1.0321	0.0000	0.0000	0.0000	0.0000	0.0000	0.0000	0.0000	0.0000	0.0000	0.0249	0.0115	0.0133	0.0115	0.0115	0.0000	0.0133	0.0000	0.0133	0.0055	0.0052	0.0002	0.0033	0.0032	0.0001	0.0022	0.0021	0.0001	0.1618	0.1051	0.0567	0.0882	0.0800	0.0082	0.0736	0.0251	0.0486	0.0000	0.0000	0.0000	0.0000	0.0000	0.0000	0.0000	0.0000	0.0000	0.1537	0.1099	0.2351	0.1308	0.1442	0.0000	0.1812	0.0004	0.2746		
58	74	0.0674	4	1	1	0	0	0	0	0	0	N	N	N	N	N	N	N	N	N	N	N	N	0.1021	0.0953	0.2120	0.0928	0.0823	1.8529	0.1018	1.7458	0.1944	0.0069	0.0060	0.0160	0.0086	0.0082	0.0163	0.0049	0.0033	0.0159	0.0676	0.0632	0.0755	0.0929	0.0991	0.0088	0.0479	0.0019	0.0817	0.2561	0.6584	0.0000	-0.0037	0.9359	0.5629	8.5945	8.5245	0.0001	0.0001	0.0000	0.0001	0.0001	0.0000	0.0000	0.0000	0.0000	0.0301	0.0182	0.0120	0.0181	0.0180	0.0001	0.0120	0.0002	0.0118	0.0140	0.0128	0.0012	0.0076	0.0071	0.0004	0.0065	0.0057	0.0008	0.4456	0.2873	0.1582	0.1945	0.1812	0.0133	0.2511	0.1062	0.1449	0.1021	0.0953	0.2120	0.0928	0.0823	1.8529	0.1018	1.7458	0.1944	0.0676	0.0632	0.0755	0.0929	0.0991	0.0088	0.0479	0.0019	0.0817
58	75	0.0844	5	1	2	0	0	0	0	0	0	N	Y	N	N	N	N	N	N	N	N	N	N	0.0000	0.0000	0.0000	0.0000	0.0000	0.0000	0.0000	0.0000	0.0000	0.0000	0.0000	0.0000	0.0000	0.0000	0.0000	0.0000	0.0000	0.0000	0.0000	0.0000	0.0000	0.0000	0.0000	0.0000	0.0000	8.1309	0.0000	0.0000	0.9359	1.9994	8.5945	4.0943	0.0000	0.0000	0.0000	0.0000	0.0000	0.0000	0.0000	0.0000	0.0000	0.0000	0.0000	0.0000	0.0000	0.0000	0.0000	0.0000	0.0000	0.0000	0.0183	0.0160	0.0024	0.0002	0.0002	0.0000	0.0181	0.0158	0.0024	0.1522	0.1100	0.0423	0.0655	0.0588	0.0067	0.0867	0.0511	0.0355	0.0000	0.0000	0.0000	0.0000	0.0000	0.0000	0.0000	0.0000	0.0000	0.0000	0.0000	0.0000	0.0000	0.0000	0.0000	0.0000	0.0000	0.0000			
58	76	0.0781	4	1	1	0	0	0	0	0	0	N	N	N	N	N	N	N	N	N	N	N	N	0.0000	0.0000	0.0000	0.0000	0.0000	0.0000	0.0000	0.0000	0.0000	0.0000	0.0000	0.0000	0.0000	0.0000	0.0000	0.0000	0.0000	0.0000	0.0016	0.0011	0.0027	0.0011	0.0009	0.0030	0.0020	0.0014	0.0027	0.9622	0.0000	-0.0000	0.9359	0.0011	8.5945	2.7207	0.0000	0.0000	0.0000	0.0000	0.0000	0.0000	0.0000	0.0000	0.0000	0.0001	0.0001	0.0001	0.0000	0.0000	0.0000	0.0001	0.0000	0.0001	0.0000	0.0000	0.0000	0.0000	0.0000	0.0000	0.0000	0.0000	0.0000	0.0874	0.0626	0.0248	0.0394	0.0359	0.0034	0.0480	0.0267	0.0214	0.0000	0.0000	0.0000	0.0000	0.0000	0.0000	0.0000	0.0000	0.0000	0.0016	0.0011	0.0027	0.0011	0.0009	0.0030	0.0020	0.0014	0.0027	
58	77	0.0460	3	1	1	0	0	0	0	0	0	N	N	N	N	N	N	N	N	N	N	N	N	0.0000	0.0000	0.0000	0.0000	0.0000	0.0000	0.0000	0.0000	0.0000	0.0000	0.0000	0.0000	0.0000	0.0000	0.0000	0.0000	0.0000	0.0000	0.0585	0.0026	0.1224	0.0149	0.0145	0.0222	0.0633	0.0000	0.1236	41.7771	0.0000	0.0067	0.9359	0.0001	8.5945	10.0074	0.0000	0.0000	0.0000	0.0000	0.0000	0.0000	0.0000	0.0000	0.0000	0.0148	0.0003	0.0145	0.0004	0.0003	0.0000	0.0144	0.0000	0.0144	0.0341	0.0323	0.0019	0.0173	0.0171	0.0002	0.0169	0.0152	0.0017	0.2533	0.1351	0.1182	0.0253	0.0239	0.0014	0.2280	0.1112	0.1168	0.0000	0.0000	0.0000	0.0000	0.0000	0.0000	0.0000	0.0000	0.0000	0.0585	0.0026	0.1224	0.0149	0.0145	0.0222	0.0633	0.0000	0.1236	
58	78	0.0662	4	2	1	1	0	0	0	0	0	Y	N	N	N	N	N	N	N	N	N	N	N	50.6622	19121.2019	0.3719	56.9733	10746.9854	0.0113	1.4587	inf	0.5354	0.0438	0.0490	0.0007	0.1670	0.1795	0.0007	0.0010	0.0010	0.0008	0.0009	0.0000	0.0020	0.0029	0.0000	0.0656	0.0007	0.0000	0.0014	0.0019	588.7210	-0.0003	0.0000	0.9359	1.6246	8.5945	0.0115	0.0028	0.0028	0.0000	0.0027	0.0027	0.0000	0.0000	0.0000	0.0000	0.0001	0.0000	0.0001	0.0000	0.0000	0.0000	0.0000	0.0000	0.0000	0.0631	0.0562	0.0069	0.0163	0.0151	0.0011	0.0468	0.0411	0.0057	0.0682	0.0390	0.0292	0.0063	0.0060	0.0003	0.0620	0.0330	0.0290	50.6622	19121.2019	0.3719	56.9733	10746.9854	0.0113	1.4587	inf	0.5354	0.0009	0.0000	0.0020	0.0029	0.0000	0.0656	0.0007	0.0000	0.0014
58	79	0.0460	3	2	1	1	0	0	0	0	0	Y	N	N	N	N	N	N	N	N	N	N	N	2.0738	1330.7824	8.5510	7.8766	382.9882	3.9168	2.5339	173387.0052	10.0838	0.1607	0.0236	1.4189	0.0848	0.0391	0.7481	0.2147	0.0119	1.6702	0.0775	0.0000	0.1659	0.0108	0.0001	0.1910	0.0847	0.0000	0.1656	6.5480	8192.3763	0.0220	0.0110	0.9359	8.1927	8.5945	3.9952	0.0285	0.0038	0.0247	0.0063	0.0027	0.0036	0.0223	0.0011	0.0212	0.0230	0.0000	0.0230	0.0003	0.0000	0.0003	0.0227	0.0000	0.0227	0.1775	0.1601	0.0174	0.0738	0.0690	0.0048	0.1037	0.0910	0.0127	0.2974	0.1585	0.1389	0.0291	0.0275	0.0016	0.2683	0.1311	0.1372	2.0738	1330.7824	8.5510	7.8766	382.9882	3.9168	2.5339	173387.0052	10.0838	0.0775	0.0000	0.1659	0.0108	0.0001	0.1910	0.0847	0.0000	0.1656
58	80	0.0460	3	1	2	0	1	0	0	0	0	N	Y	N	N	N	N	N	N	N	N	N	N	0.0105	0.0060	0.5910	0.5730	0.0000	0.0000	0.0260	0.0280	0.0000	0.0547	0.0564	0.0000	0.0000	0.0000	0.0000	2.4848	4.6485	0.0000	0.0926	0.0984	0.0000	2.7384	5.5722	0.0000	0.0000	0.0000	-0.0001	-0.5229	0.9359	0.7962	8.5945	19.0091	0.0013	0.0013	0.0000	0.0013	0.0013	0.0000	0.0000	0.0000	0.0000	1.0034	1.0034	0.0000	0.0036	0.0036	0.0000	0.9999	0.9999	0.0000	0.0483	0.0448	0.0034	0.0230	0.0223	0.0007	0.0253	0.0225	0.0028	0.4038	0.2159	0.1880	0.0387	0.0364	0.0023	0.3651	0.1794	0.1857	0.0105	0.0060	0.0000	0.5910	0.5730	0.0000	0.0000	0.0000	0.0000	2.4848	4.6485	0.0000	0.0926	0.0984	0.0000	2.7384	5.5722	0.0000			
58	81	0.0460	3	1	2	0	0	0	0	0	0	N	Y	N	N	N	N	N	N	N	N	N	N	0.0144	2.1581	0.0000	0.7530	0.7290	0.0000	0.0000	0.0260	0.0280	0.0000	0.0547	0.0564	0.0000	0.0000	0.0000	0.0000	1.8049	0.0130	3.8877	0.0727	0.0774	0.0000	1.9890	0.0000	3.9371	0.0000	257.4146	-0.0001	0.4278	0.9359	0.7962	8.5945	25.3140	0.0013	0.0013	0.0000	0.0013	0.0013	0.0000	0.0000	0.0000	0.0000	0.9006	0.0035	0.8971	0.0035	0.0035	0.0000	0.8971	0.0000	0.8971	0.0483	0.0448	0.0034	0.0230	0.0223	0.0007	0.0253	0.0225	0.0028	0.4990	0.2682	0.2308	0.0479	0.0450	0.0029	0.4510	0.2232	0.2279	0.0144	2.1581	0.0000	0.7530	0.7290	0.0000	0.0000	0.0000	0.0000	1.8049	0.0130	3.8877	0.0727	0.0774	0.0000	1.9890	0.0000	3.9371		
58	82	0.0460	3	1	2	0	0	0	0	0	0	N	Y	N	N	N	N	N	N	N	N	N	N	0.5692	1.6602	0.0000	0.5984	0.5866	0.0000	0.0000	0.0192	0.0209	0.0000	0.0420	0.0439	0.0000	0.0000	0.0000	0.0000	0.0337	0.0126	0.0583	0.0702	0.0748	0.0000	0.0298	0.0000	0.0591	0.0000	3.9669	-0.0001	0.0050	0.9359	1.7961	8.5945	27.0091	0.0013	0.0013	0.0000	0.0013	0.0013	0.0000	0.0000	0.0000	0.0000	0.0181	0.0036	0.0144	0.0036	0.0036	0.0000	0.0144	0.0000	0.0144	0.0656	0.0602	0.0054	0.0299	0.0287	0.0013	0.0357	0.0316	0.0041	0.5362	0.2890	0.2472	0.0517	0.0486	0.0031	0.4845	0.2404	0.2440	0.5692	1.6602	0.0000	0.5984	0.5866	0.0000	0.0000	0.0000	0.0000	0.0337	0.0126	0.0583	0.0702	0.0748	0.0000	0.0298	0.0000	0.0591		
58	83	0.1563	6	1	1	0	0	0	0	0	0	N	N	N	N	N	N	N	N	N	N	N	N	0.0058	0.0049	0.0038	0.0060	0.0055	0.0550	0.0022	0.0139	0.0003	0.0001	0.0001	0.0000	0.0001	0.0001	0.0000	0.0000	0.0000	0.0000	0.0110	0.0141	0.0039	0.0202	0.0232	0.0008	0.0025	0.0004	0.0048	0.0236	0.1250	-0.0000	-0.0036	0.9359	10.0679	8.5945	33.8159	0.0000	0.0000	0.0000	0.0000	0.0000	0.0000	0.0000	0.0000	0.0000	0.0089	0.0079	0.0010	0.0079	0.0078	0.0000	0.0010	0.0001	0.0010	0.1593	0.1437	0.0155	0.0797	0.0744	0.0053	0.0796	0.0693	0.0103	0.8124	0.5616	0.2509	0.3884	0.3374	0.0510	0.4241	0.2242	0.1999	0.0058	0.0049	0.0038	0.0060	0.0055	0.0550	0.0022	0.0139	0.0003	0.0110	0.0141	0.0039	0.0202	0.0232	0.0008	0.0025	0.0004	0.0048
58	84	0.1287	5	1	1	0	0	0	0	0	0	N	N	N	N	N	N	N	N	N	N	N	N	0.0280	0.0490	0.0057	0.1291	0.1263	0.0934	0.0131	0.0200	0.0049	0.0011	0.0012	0.0004	0.0013	0.0013	0.0004	0.0009	0.0010	0.0004	0.0388	0.0238	0.0719	0.0099	0.0106	0.0041	0.0676	0.0480	0.0857	0.0397	1.3782	-0.0000	0.0014	0.9359	0.9441	8.5945	14.0836	0.0000	0.0000	0.0000	0.0000	0.0000	0.0000	0.0000	0.0000	0.0000	0.0234	0.0098	0.0136	0.0030	0.0028	0.0001	0.0205	0.0070	0.0134	0.0186	0.0167	0.0019	0.0097	0.0091	0.0006	0.0089	0.0076	0.0013	0.6035	0.4147	0.1888	0.3008	0.2689	0.0319	0.3027	0.1458	0.1569	0.0280	0.0490	0.0057	0.1291	0.1263	0.0934	0.0131	0.0200	0.0049	0.0388	0.0238	0.0719	0.0099	0.0106	0.0041	0.0676	0.0480	0.0857
58	85	0.4110	8	1	1	0	0	0	0	0	0	N	N	N	N	N	N	N	N	N	N	N	N	0.0039	0.0031	0.0081	0.3559	0.4753	0.0063	0.0015	0.0009	0.0016	0.0049	0.0053	0.0001	0.0056	0.0059	0.0002	0.0037	0.0042	0.0000	1.2477	1.7276	0.0145	0.0157	0.0125	0.0388	2.5099	4.4998	0.0077	0.0021	0.0033	-0.0001	-0.4652	0.9359	15.0008	8.5945	28.2980	0.0014	0.0014	0.0000	0.0010	0.0010	0.0000	0.0004	0.0004	0.0000	0.8983	0.8954	0.0029	0.0057	0.0040	0.0017	0.8926	0.8914	0.0012	0.2836	0.2589	0.0246	0.1754	0.1642	0.0111	0.1082	0.0947	0.0135	0.7199	0.5183	0.2017	0.3643	0.3202	0.0442	0.3556	0.1981	0.1575	0.0039	0.0031	0.0081	0.3559	0.4753	0.0063	0.0015	0.0009	0.0016	1.2477	1.7276	0.0145	0.0157	0.0125	0.0388	2.5099	4.4998	0.0077
58	86	0.4110	8	1	1	0	0	0	0	0	0	N	N	N	N	N	N	N	N	N	N	N	N	0.2768	0.2820	0.0113	0.1582	0.1730	0.0089	1.4255	48.6993	0.0023	0.0055	0.0061	0.0002	0.0054	0.0057	0.0004	0.0059	0.0068	0.0000	0.0200	0.0215	0.0162	0.0338	0.0329	0.0405	0.0041	0.0001	0.0089	0.0029	0.2930	-0.0001	-0.0038	0.9359	10.8154	8.5945	27.4443	0.0010	0.0010	0.0000	0.0006	0.0006	0.0000	0.0004	0.0004	0.0000	0.0130	0.0100	0.0029	0.0117	0.0100	0.0017	0.0013	0.0000	0.0012	0.1794	0.1637	0.0157	0.1186	0.1110	0.0076	0.0608	0.0527	0.0082	0.6483	0.4672	0.1810	0.3466	0.3043	0.0423	0.3017	0.1629	0.1388	0.2768	0.2820	0.0113	0.1582	0.1730	0.0089	1.4255	48.6993	0.0023	0.0200	0.0215	0.0162	0.0338	0.0329	0.0405	0.0041	0.0001	0.0089
58	87	0.3632	7	1	1	0	0	0	0	0	0	N	N	N	N	N	N	N	N	N	N	N	N	0.4483	0.4970	0.1438	0.4991	0.5729	0.0801	0.4140	0.3958	0.1969	0.0109	0.0116	0.0039	0.0102	0.0107	0.0026	0.0124	0.0137	0.0049	0.0244	0.0234	0.0269	0.0205	0.0187	0.0324	0.0299	0.0346	0.0249	0.0329	0.4449	-0.0001	-0.0055	0.9359	2.7608	8.5945	22.4044	0.0011	0.0011	0.0000	0.0007	0.0007	0.0000	0.0004	0.0004	0.0000	0.0256	0.0177	0.0079	0.0126	0.0100	0.0026	0.0130	0.0078	0.0053	0.1020	0.0928	0.0092	0.0684	0.0643	0.0041	0.0336	0.0285	0.0051	1.0508	0.7577	0.2931	0.6146	0.5337	0.0809	0.4362	0.2240	0.2123	0.4483	0.4970	0.1438	0.4991	0.5729	0.0801	0.4140	0.3958	0.1969	0.0244	0.0234	0.0269	0.0205	0.0187	0.0324	0.0299	0.0346	0.0249
58	88	0.2333	6	1	1	0	0	0	0	0	0	N	N	N	N	N	N	N	N	N	N	N	N	0.0302	0.0407	0.0102	0.0221	0.0204	0.1099	0.0401	0.4540	0.0104	0.0044	0.0047	0.0023	0.0034	0.0036	0.0011	0.0056	0.0060	0.0030	0.1469	0.1144	0.2255	0.1551	0.1761	0.0097	0.1385	0.0131	0.2856	0.0532	0.8124	-0.0000	-0.0110	0.9359	8.8820	8.5945	49.9570	0.0007	0.0007	0.0000	0.0003	0.0003	0.0000	0.0004	0.0004	0.0000	0.1504	0.0830	0.0674	0.0800	0.0794	0.0006	0.0704	0.0036	0.0668	0.1546	0.1396	0.0150	0.0820	0.0767	0.0053	0.0727	0.0629	0.0098	1.0239	0.7250	0.2989	0.5158	0.4507	0.0651	0.5081	0.2743	0.2338	0.0302	0.0407	0.0102	0.0221	0.0204	0.1099	0.0401	0.4540	0.0104	0.1469	0.1144	0.2255	0.1551	0.1761	0.0097	0.1385	0.0131	0.2856
58	89	0.0460	3	2	2	0	1	0	0	0	0	Y	Y	N	N	N	N	N	N	N	N	N	N	0.0126	0.0073	0.0000	0.0026	0.0025	0.0000	0.0000	0.0260	0.0280	0.0000	0.0547	0.0564	0.0000	0.0000	0.0000	0.0000	2.0596	3.8541	0.0050	21.3984	22.7174	0.0000	0.0026	0.0000	0.0050	0.0000	0.0011	-0.0001	-0.3960	0.9359	0.7962	8.5945	16.9291	0.0013	0.0013	0.0000	0.0013	0.0013	0.0000	0.0000	0.0000	0.0000	0.7616	0.7607	0.0009	0.7607	0.7607	0.0000	0.0009	0.0000	0.0009	0.0483	0.0448	0.0034	0.0230	0.0223	0.0007	0.0253	0.0225	0.0028	0.3698	0.1974	0.1724	0.0355	0.0335	0.0021	0.3342	0.1639	0.1703	0.0126	0.0073	0.0000	0.0026	0.0025	0.0000	0.0000	0.0000	0.0000	2.0596	3.8541	0.0050	21.3984	22.7174	0.0000	0.0026	0.0000	0.0050		
58	90	0.1180	8	1	2	0	1	0	0	0	0	N	Y	N	N	N	N	N	N	N	N	N	N	0.0000	0.0000	0.0000	0.0000	0.0000	0.0000	0.0000	0.0000	0.0000	0.0000	0.0000	0.0000	0.0000	0.0000	0.0000	0.0000	0.0000	0.0000	0.0000	0.0000	0.9359	0.0000	8.5945	0.0000	0.0000	0.0000	0.0000	0.0000	0.0000	0.0000	0.0000	0.0000	0.0000	0.0000	0.0000	0.0000	0.0000	0.0000	0.0000	0.0000	0.0000	0.0000	0.0000	0.0000	0.0000	0.0000	0.0000	0.0000	0.0000	0.0000	0.0000	0.0000	0.0000	0.0000	0.0000	0.0000	0.0000	0.0000	0.0000	0.0000	0.0000	0.0000	0.0000	0.0000	0.0000	0.0000	0.0000	0.0000	0.0000	0.0000	0.0000	0.0000	0.0000	0.0000	0.0000	0.0000	0.0000	0.0000											
58	91	0.1073	7	1	2	0	1	0	0	0	0	N	Y	N	N	N	N	N	N	N	N	N	N	0.0000	0.0000	0.0000	0.0000	0.0000	0.0000	0.0000	0.0000	0.0000	0.0000	0.0000	0.0000	0.0000	0.0001	0.0001	0.0000	0.0006	0.0007	0.0000	0.0000	0.0000	0.0000	0.0000	0.0000	-0.0000	0.9359	1.0000	8.5945	3.0000	0.0000	0.0000	0.0000	0.0000	0.0000	0.0000	0.0000	0.0000	0.0000	0.0000	0.0000	0.0000	0.0000	0.0000	0.0000	0.0000	0.0000	0.0000	0.0170	0.0148	0.0022	0.0022	0.0021	0.0001	0.0148	0.0127	0.0021	0.1301	0.0716	0.0584	0.0174	0.0149	0.0025	0.1126	0.0567	0.0560	0.0000	0.0000	0.0000	0.0000	0.0000	0.0000	0.0000	0.0000	0.0000	0.0001	0.0001	0.0000	0.0006	0.0007	0.0000	0.0000	0.0000	0.0000						
58	92	0.1008	5	1	2	0	0	0	0	0	0	N	Y	N	N	N	N	N	N	N	N	N	N	0.0000	0.0000	0.0000	0.0000	0.0000	0.0000	0.0000	0.0000	0.0000	0.0000	0.0000	0.0000	0.0000	0.0000	0.0000	0.0000	0.0000	0.0000	0.0000	0.0000	0.9359	0.0000	8.5945	0.0000	0.0000	0.0000	0.0000	0.0000	0.0000	0.0000	0.0000	0.0000	0.0000	0.0000	0.0000	0.0000	0.0000	0.0000	0.0000	0.0000	0.0000	0.0000	0.0000	0.0000	0.0000	0.0000	0.0000	0.0000	0.0000	0.0000	0.0000	0.0000	0.0000	0.0000	0.0000	0.0000	0.0000	0.0000	0.0000	0.0000	0.0000	0.0000	0.0000	0.0000	0.0000	0.0000	0.0000	0.0000	0.0000	0.0000	0.0000	0.0000	0.0000	0.0000	0.0000	0.0000	0.0000	0.0000											
58	93	0.1073	7	1	1	1	1	0	0	0	0	N	N	N	N	N	N	N	N	N	N	N	N	0.0000	0.0000	0.0000	0.0000	0.0000	0.0000	0.0000	0.0000	0.0000	0.0000	0.0000	0.0000	0.0000	0.0000	0.0000	0.0000	0.0000	0.0000	0.0000	0.0000	0.9359	0.0000	8.5945	0.0000	0.0000	0.0000	0.0000	0.0000	0.0000	0.0000	0.0000	0.0000	0.0000	0.0000	0.0000	0.0000	0.0000	0.0000	0.0000	0.0000	0.0000	0.0000	0.0000	0.0000	0.0000	0.0000	0.0000	0.0000	0.0000	0.0000	0.0000	0.0000	0.0000	0.0000	0.0000	0.0000	0.0000	0.0000	0.0000	0.0000	0.0000	0.0000	0.0000	0.0000	0.0000	0.0000	0.0000	0.0000	0.0000	0.0000	0.0000	0.0000	0.0000	0.0000	0.0000	0.0000	0.0000	0.0000											
58	94	0.1046	6	1	1	0	1	0	0	0	0	N	N	N	N	N	N	N	N	N	N	N	N	0.0000	0.0000	0.0000	0.0000	0.0000	0.0000	0.0000	0.0000	0.0000	0.0000	0.0000	0.0000	0.0000	0.0487	0.0874	0.0000	0.2874	0.3479	0.0000	0.0000	0.0000	0.0000	0.0000	0.0000	-0.0009	0.9359	1.0000	8.5945	0.0097	0.0000	0.0000	0.0000	0.0000	0.0000	0.0000	0.0000	0.0000	0.0000	0.0018	0.0018	0.0000	0.0018	0.0018	0.0000	0.0000	0.0000	0.0000	0.0170	0.0148	0.0022	0.0022	0.0021	0.0001	0.0148	0.0127	0.0021	0.0367	0.0205	0.0162	0.0062	0.0051	0.0011	0.0305	0.0153	0.0152	0.0000	0.0000	0.0000	0.0000	0.0000	0.0000	0.0000	0.0000	0.0000	0.0487	0.0874	0.0000	0.2874	0.3479	0.0000	0.0000	0.0000	0.0000						
58	95	0.1046	6	1	1	1	1	0	0	0	0	N	N	N	N	N	N	N	N	N	N	N	N	0.0000	0.0000	0.0000	0.0000	0.0000	0.0000	0.0000	0.0000	0.0000	0.0000	0.0000	0.0000	0.0000	0.0000	0.0000	0.0000	0.0000	4.6429	0.0001	10.3839	32.6901	0.0005	216.0601	0.0001	0.0000	0.0003	75558.2607	0.0000	0.3619	0.9359	2.0000	8.5945	3.0050	0.0000	0.0000	0.0000	0.0000	0.0000	0.0000	0.0000	0.0000	0.0000	0.7556	0.0000	0.7556	0.7556	0.0000	0.7556	0.0000	0.0000	0.0000	0.0335	0.0293	0.0043	0.0044	0.0042	0.0002	0.0292	0.0251	0.0041	0.1627	0.0900	0.0728	0.0231	0.0196	0.0035	0.1396	0.0704	0.0693	0.0000	0.0000	0.0000	0.0000	0.0000	0.0000	0.0000	0.0000	0.0000	4.6429	0.0001	10.3839	32.6901	0.0005	216.0601	0.0001	0.0000	0.0003		
58	96	0.1046	6	1	1	1	1	0	0	0	0	N	N	N	N	N	N	N	N	N	N	N	N	0.0000	0.0000	0.0000	0.0000	0.0000	0.0000	0.0000	0.0000	0.0000	0.0000	0.0000	0.0000	0.0000	0.0000	0.0000	7.9754	0.0000	17.8548	24.4780	0.0000	163.2188	5.2836	0.0000	10.6724	inf	0.0000	0.8407	0.9359	0.0000	8.5945	6.9903	0.0000	0.0000	0.0000	0.0000	0.0000	0.0000	0.0000	0.0000	0.0000	1.7554	0.0000	1.7554	0.7556	0.0000	0.7556	0.9999	0.0000	0.9999	0.0000	0.0000	0.0000	0.0000	0.0000	0.0000	0.0000	0.0000	0.0000	0.2201	0.1218	0.0983	0.0309	0.0262	0.0046	0.1892	0.0956	0.0937	0.0000	0.0000	0.0000	0.0000	0.0000	0.0000	0.0000	0.0000	0.0000	7.9754	0.0000	17.8548	24.4780	0.0000	163.2188	5.2836	0.0000	10.6724				
58	97	0.0991	5	1	1	0	1	0	0	0	0	N	N	N	N	N	N	N	N	N	N	N	N	0.0000	0.0000	0.0000	0.0000	0.0000	0.0000	0.0000	0.0000	0.0000	0.0000	0.0000	0.0000	0.0000	0.0000	0.0000	0.0000	0.0000	0.0310	0.0158	0.0516	0.1979	0.0661	1.6487	0.0001	0.0000	0.0001	2.4194	0.0000	0.0005	0.9359	0.9999	8.5945	1.0605	0.0000	0.0000	0.0000	0.0000	0.0000	0.0000	0.0000	0.0000	0.0000	0.0025	0.0007	0.0018	0.0025	0.0007	0.0018	0.0000	0.0000	0.0000	0.0228	0.0197	0.0030	0.0025	0.0024	0.0001	0.0203	0.0173	0.0029	0.0816	0.0469	0.0347	0.0128	0.0112	0.0016	0.0688	0.0357	0.0332	0.0000	0.0000	0.0000	0.0000	0.0000	0.0000	0.0000	0.0000	0.0000	0.0310	0.0158	0.0516	0.1979	0.0661	1.1387	0.0001	0.0000	0.0001		
58	98	0.0970	4	1	1	0	1	0	0	0	0	N	N	N	N	N	N	N	N	N	N	N	N	2.2346	1.2900	6.0856	0.5966	0.7865	0.9323	82.5130	0.0000	141.5463	0.0832	0.0434	0.2582	0.1212	0.0974	0.8859	0.0605	0.0000	0.2176	0.0372	0.0336	0.0424	0.2032	0.1238	0.9502	0.0007	0.0000	0.0015	1.3561	0.8813	0.0000	-0.0001	0.9359	0.0012	8.5945	1.0414	0.0000	0.0000	0.0000	0.0000	0.0000	0.0000	0.0000	0.0000	0.0000	0.0017	0.0009	0.0008	0.0016	0.0009	0.0008	0.0000	0.0000	0.0000	0.0001	0.0001	0.0000	0.0000	0.0000	0.0000	0.0001	0.0000	0.0000	0.0449	0.0264	0.0185	0.0081	0.0072	0.0009	0.0368	0.0193	0.0175	2.2346	1.2900	6.0856	0.5966	0.7865	1.0790	82.5130	0.0000	141.5463	0.0372	0.0336	0.0424	0.2032	0.1238	0.8210	0.0007	0.0000	0.0015
58	99	0.0460	3	2	2	0	0	0	0	0	0	Y	Y	N	N	N	N	N	N	N	N	N	N	29.0700	33.5313	72.3061	4.7607	3.6555	23.6517	53.9374	inf	75.9743	0.1372	0.1033	0.4765	0.0849	0.0651	0.4376	0.1779	0.1353	0.4899	0.0047	0.0031	0.0066	0.0178	0.0178	0.0185	0.0033	0.0000	0.0064	0.4609	1.8738	0.0029	0.0002	0.9359	3.2042	8.5945	9.0918	0.0131	0.0089	0.0041	0.0035	0.0026	0.0010	0.0095	0.0064	0.0032	0.0014	0.0005	0.0009	0.0005	0.0005	0.0000	0.0009	0.0000	0.0009	0.0953	0.0867	0.0087	0.0417	0.0395	0.0022	0.0536	0.0471	0.0064	0.3010	0.1604	0.1405	0.0294	0.0278	0.0016	0.2716	0.1327	0.1389	29.0700	33.5313	72.3061	4.7607	3.6555	23.6517	53.9374	inf	75.9743	0.0047	0.0031	0.0066	0.0178	0.0178	0.0185	0.0033	0.0000	0.0064
58	100	0.0460	3	1	2	0	0	0	0	0	0	N	Y	N	N	N	N	N	N	N	N	N	N	0.0076	1.5617	0.0000	0.3448	0.5532	0.0000	0.0000	0.0000	0.0260	0.0280	0.0000	0.0547	0.0564	0.0000	0.0000	0.0000	0.0000	3.4370	0.0180	7.3447	0.1588	0.1020	1.6487	3.7986	0.0000	7.4173	0.0000	357.9162	-0.0001	0.4306	0.9359	0.7962	8.5945	10.9291	0.0013	0.0013	0.0000	0.0013	0.0013	0.0000	0.0000	0.0000	0.0000	0.9043	0.0025	0.9018	0.0041	0.0025	0.0016	0.9001	0.0000	0.9001	0.0483	0.0448	0.0034	0.0230	0.0223	0.0007	0.0253	0.0225	0.0028	0.2631	0.1403	0.1228	0.0261	0.0247	0.0014	0.2370	0.1156	0.1214	0.0076	1.5617	0.0000	0.3448	0.5532	0.0000	0.0000	0.0000	0.0000	3.4370	0.0180	7.3447	0.1588	0.1020	1.1466	3.7986	0.0000	7.4173	
58	101	0.1039	6	2	2	0	0	0	0	0	0	Y	Y	N	N	N	N	N	N	N	N	N	N	0.0000	0.0000	0.0000	0.0000	0.0000	0.0000	0.0000	0.0000	0.0000	0.0000	0.0000	0.0000	0.0000	0.0011	0.0020	0.0000	0.0082	0.0095	0.0000	0.0000	0.0000	0.0000	0.0000	0.0000	-0.0001	0.9359	0.0000	8.5945	3.0000	0.0000	0.0000	0.0000	0.0000	0.0000	0.0000	0.0000	0.0000	0.0000	0.0001	0.0001	0.0000	0.0001	0.0001	0.0000	0.0000	0.0000	0.0000	0.0000	0.0000	0.0000	0.0000	0.0000	0.0000	0.0000	0.0000	0.0000	0.1088	0.0610	0.0478	0.0146	0.0126	0.0020	0.0942	0.0484	0.0458	0.0000	0.0000	0.0000	0.0000	0.0000	0.0000	0.0000	0.0000	0.0000	0.0011	0.0020	0.0000	0.0082	0.0095	0.0000	0.0000	0.0000	0.0000						
58	102	0.1008	5	2	2	0	0	0	0	0	0	Y	Y	N	N	N	N	N	N	N	N	N	N	0.0000	0.0000	0.0000	0.0000	0.0000	0.0000	0.0000	0.0000	0.0000	0.0000	0.0000	0.0000	0.0000	0.0000	0.0000	0.0000	0.0000	0.0000	0.0000	0.0000	0.9359	0.0000	8.5945	1.0000	0.0000	0.0000	0.0000	0.0000	0.0000	0.0000	0.0000	0.0000	0.0000	0.0000	0.0000	0.0000	0.0000	0.0000	0.0000	0.0000	0.0000	0.0000	0.0000	0.0000	0.0000	0.0000	0.0000	0.0000	0.0000	0.0000	0.0000	0.0380	0.0213	0.0167	0.0051	0.0044	0.0007	0.0329	0.0169	0.0161	0.0000	0.0000	0.0000	0.0000	0.0000	0.0000	0.0000	0.0000	0.0000	0.0000	0.0000	0.0000	0.0000	0.0000	0.0000	0.0000	0.0000	0.0000											
58	103	0.0970	4	1	2	0	0	0	0	0	0	N	Y	N	N	N	N	N	N	N	N	N	N	2.9075	0.0000	132.5627	0.2615	0.0000	58.8592	112.7437	0.0000	166.8451	0.0581	0.0000	0.2959	0.0282	0.0000	0.9528	0.0807	0.0000	0.2503	0.0200	0.0324	0.0022	0.1078	0.1196	0.0162	0.0007	0.0000	0.0015	inf	0.0482	0.0000	-0.0004	0.9359	0.0006	8.5945	1.0534	0.0000	0.0000	0.0000	0.0000	0.0000	0.0000	0.0000	0.0000	0.0000	0.0009	0.0009	0.0000	0.0009	0.0009	0.0000	0.0000	0.0000	0.0000	0.0001	0.0001	0.0000	0.0000	0.0000	0.0000	0.0000	0.0000	0.0000	0.0453	0.0267	0.0186	0.0082	0.0072	0.0009	0.0372	0.0195	0.0177	2.9075	0.0000	132.5627	0.2615	0.0000	58.8592	112.7437	0.0000	166.8451	0.0200	0.0324	0.0022	0.1078	0.1196	0.0162	0.0007	0.0000	0.0015
58	104	0.0460	3	1	1	0	0	0	0	0	0	N	N	N	N	N	N	N	N	N	N	N	N	0.0847	0.0001	330.0366	0.0031	0.0000	70.2438	93.9251	inf	389.9376	0.1632	0.0003	1.6684	0.0613	0.0000	0.9679	0.2365	0.0006	1.9296	1.9272	3.6026	0.0051	20.0696	21.3181	0.0138	0.0025	0.0000	0.0049	521.8873	0.0012	0.0239	-0.3939	0.9359	7.2034	8.5945	9.9858	0.0265	0.0001	0.0264	0.0042	0.0000	0.0042	0.0223	0.0001	0.0223	0.7578	0.7568	0.0009	0.7569	0.7568	0.0000	0.0009	0.0000	0.0009	0.1622	0.1464	0.0158	0.0679	0.0636	0.0043	0.0943	0.0828	0.0115	0.3932	0.2101	0.1831	0.0377	0.0355	0.0022	0.3555	0.1746	0.1809	0.0847	0.0001	330.0366	0.0031	0.0000	70.2438	93.9251	inf	389.9376	1.9272	3.6026	0.0051	20.0696	21.3181	0.0138	0.0025	0.0000	0.0049
58	109	0.3157	7	1	1	0	0	0	0	0	0	N	N	N	N	N	N	N	N	N	N	N	N	0.0048	0.1012	0.0002	0.1369	0.1722	0.0167	0.0002	0.0082	0.0000	0.0004	0.0004	0.0001	0.0007	0.0007	0.0002	0.0000	0.0000	0.0000	0.0805	0.0042	0.2755	0.0051	0.0043	0.0102	0.1802	0.0038	0.3836	0.0166	25.9802	-0.0000	0.0291	0.9359	7.7801	8.5945	32.2209	0.0001	0.0000	0.0000	0.0000	0.0000	0.0000	0.0000	0.0000	0.0000	0.0658	0.0024	0.0633	0.0024	0.0017	0.0007	0.0634	0.0007	0.0627	0.1308	0.1181	0.0127	0.0692	0.0647	0.0046	0.0615	0.0534	0.0081	0.8170	0.5872	0.2298	0.4653	0.3988	0.0665	0.3517	0.1884	0.1634	0.0048	0.1012	0.0002	0.1369	0.1722	0.0167	0.0002	0.0082	0.0000	0.0805	0.0042	0.2755	0.0051	0.0043	0.0102	0.1802	0.0038	0.3836
59	61	0.4139	9	0	1	0	0	0	0	0	0	N	N	N	N	N	N	N	N	N	N	N	N	0.0143	0.0096	0.0645	0.0353	0.0218	0.7309	0.0004	0.0004	0.0000	0.0001	0.0001	0.0004	0.0002	0.0001	0.0012	0.0000	0.0000	0.0000	0.0073	0.0077	0.0062	0.0053	0.0058	0.0017	0.0096	0.0112	0.0076	0.5580	0.2928	0.0000	-0.0002	0.1706	1.0140	1.8413	12.0537	0.0000	0.0000	0.0000	0.0000	0.0000	0.0000	0.0000	0.0000	0.0000	0.0006	0.0005	0.0001	0.0002	0.0002	0.0000	0.0004	0.0002	0.0001	0.0050	0.0046	0.0005	0.0027	0.0026	0.0002	0.0023	0.0020	0.0003	0.0816	0.0599	0.0217	0.0444	0.0391	0.0053	0.0372	0.0208	0.0164	0.0143	0.0096	0.0645	0.0353	0.0218	0.7309	0.0004	0.0004	0.0000	0.0073	0.0077	0.0062	0.0053	0.0058	0.0017	0.0096	0.0112	0.0076
59	62	0.3380	6	0	1	0	0	0	0	0	0	N	N	N	N	N	N	N	N	N	N	N	N	0.0105	0.0118	0.0212	0.0230	0.0151	2.1986	0.0011	0.0032	0.0020	0.0140	0.0103	0.0515	0.0237	0.0171	0.1357	0.0018	0.0012	0.0057	1.3314	0.8786	2.4238	1.0295	1.1290	0.0617	1.6589	0.3764	2.8923	0.4811	1.1436	0.0003	0.0067	0.1706	22.0948	1.8413	64.3951	0.0013	0.0008	0.0004	0.0012	0.0008	0.0004	0.0001	0.0000	0.0000	0.5385	0.2512	0.2873	0.2166	0.2154	0.0012	0.3219	0.0358	0.2861	0.0897	0.0818	0.0079	0.0499	0.0471	0.0028	0.0398	0.0347	0.0051	0.4045	0.2859	0.1185	0.2104	0.1908	0.0196	0.1940	0.0951	0.0989	0.0105	0.0118	0.0212	0.0230	0.0151	2.1986	0.0011	0.0032	0.0020	1.3314	0.8786	2.4238	1.0295	1.1290	0.0617	1.6589	0.3764	2.8923
59	63	0.1311	5	0	1	0	0	0	0	0	0	N	N	N	N	N	N	N	N	N	N	N	N	0.0023	0.0012	0.0882	0.0551	0.0348	0.8687	0.0001	0.0000	0.0078	0.0014	0.0010	0.0055	0.0025	0.0017	0.0165	0.0001	0.0001	0.0006	0.6224	0.8492	0.0622	0.0456	0.0489	0.0189	1.2357	2.3033	0.0727	0.5834	0.0296	0.0000	-0.0526	0.1706	3.0638	1.8413	18.8214	0.0000	0.0000	0.0000	0.0000	0.0000	0.0000	0.0000	0.0000	0.0000	0.1068	0.1037	0.0031	0.0040	0.0038	0.0002	0.1027	0.0998	0.0029	0.0147	0.0134	0.0014	0.0078	0.0074	0.0004	0.0069	0.0059	0.0010	0.1716	0.1221	0.0494	0.0884	0.0788	0.0097	0.0831	0.0434	0.0398	0.0023	0.0012	0.0882	0.0551	0.0348	0.8687	0.0001	0.0000	0.0078	0.6224	0.8492	0.0622	0.0456	0.0489	0.0189	1.2357	2.3033	0.0727
59	64	0.0421	3	1	2	1	0	0	0	0	0	N	Y	N	N	N	N	N	N	N	N	N	N	0.0220	0.0145	0.1009	0.0146	0.0114	0.6845	0.0361	0.3115	0.0798	0.0027	0.0020	0.0093	0.0035	0.0030	0.0122	0.0019	0.0008	0.0081	0.1227	0.1385	0.0923	0.2370	0.2599	0.0178	0.0514	0.0027	0.1012	0.4919	0.3443	0.0000	-0.0024	0.1706	1.0029	1.8413	8.4685	0.0000	0.0000	0.0000	0.0000	0.0000	0.0000	0.0000	0.0000	0.0000	0.0089	0.0066	0.0023	0.0066	0.0066	0.0000	0.0023	0.0001	0.0022	0.0050	0.0046	0.0005	0.0026	0.0025	0.0001	0.0024	0.0021	0.0003	0.0726	0.0478	0.0247	0.0279	0.0253	0.0026	0.0447	0.0226	0.0221	0.0220	0.0145	0.1009	0.0146	0.0114	0.6845	0.0361	0.3115	0.0798	0.1227	0.1385	0.0923	0.2370	0.2599	0.0178	0.0514	0.0027	0.1012
59	65	0.0208	2	0	2	0	0	0	0	0	0	N	Y	N	N	N	N	N	N	N	N	N	N	0.2060	0.2101	0.3585	0.0866	0.0894	0.0043	0.2980	1.6589	0.4296	0.2050	0.1648	0.4638	0.2070	0.2167	0.0044	0.2029	0.1011	0.5571	0.9949	0.7844	1.2936	2.3899	2.4226	1.0114	0.6808	0.0609	1.2969	0.4363	1.1624	0.0005	0.0010	0.1706	0.7961	1.8413	8.5878	0.0025	0.0018	0.0008	0.0013	0.0013	0.0000	0.0013	0.0005	0.0008	0.0636	0.0294	0.0342	0.0281	0.0278	0.0003	0.0355	0.0016	0.0340	0.0124	0.0107	0.0017	0.0062	0.0059	0.0003	0.0062	0.0048	0.0014	0.0640	0.0375	0.0264	0.0118	0.0115	0.0003	0.0522	0.0260	0.0262	0.2060	0.2101	0.3585	0.0866	0.0894	0.0045	0.2980	1.6589	0.4296	0.9949	0.7844	1.2936	2.3899	2.4226	0.9615	0.6808	0.0609	1.2969
59	66	0.4139	9	0	2	0	0	0	0	0	0	N	Y	N	N	N	N	N	N	N	N	N	N	0.0002	0.0002	0.0004	0.0004	0.0002	0.0281	0.0000	0.0105	0.0000	0.0001	0.0001	0.0004	0.0002	0.0001	0.0012	0.0000	0.0000	0.0000	0.5460	0.3543	1.0749	0.4837	0.5432	0.0442	0.6200	0.0004	1.4063	0.5580	1.0995	0.0000	0.0001	0.1706	1.0110	1.8413	12.5479	0.0000	0.0000	0.0000	0.0000	0.0000	0.0000	0.0000	0.0000	0.0000	0.0457	0.0218	0.0239	0.0220	0.0218	0.0002	0.0237	0.0000	0.0237	0.0050	0.0045	0.0005	0.0027	0.0026	0.0002	0.0023	0.0020	0.0003	0.0837	0.0614	0.0223	0.0455	0.0401	0.0054	0.0382	0.0214	0.0168	0.0002	0.0002	0.0004	0.0004	0.0002	0.0281	0.0000	0.0105	0.0000	0.5460	0.3543	1.0749	0.4837	0.5432	0.0442	0.6200	0.0004	1.4063
59	67	0.4075	8	0	1	0	0	0	0	0	0	N	N	N	N	N	N	N	N	N	N	N	N	0.0067	0.0065	0.0075	0.0067	0.0059	0.0392	0.0066	0.0183	0.0000	0.0002	0.0001	0.0002	0.0002	0.0002	0.0005	0.0001	0.0001	0.0000	0.0224	0.0229	0.0211	0.0289	0.0301	0.0126	0.0148	0.0062	0.0225	0.1092	0.3648	0.0000	-0.0002	0.1706	0.9784	1.8413	1.5217	0.0000	0.0000	0.0000	0.0000	0.0000	0.0000	0.0000	0.0000	0.0000	0.0009	0.0006	0.0002	0.0006	0.0006	0.0000	0.0003	0.0001	0.0002	0.0049	0.0044	0.0005	0.0026	0.0025	0.0001	0.0022	0.0019	0.0003	0.0381	0.0273	0.0108	0.0206	0.0191	0.0015	0.0176	0.0083	0.0093	0.0067	0.0065	0.0075	0.0067	0.0059	0.0392	0.0066	0.0183	0.0000	0.0224	0.0229	0.0211	0.0289	0.0301	0.0126	0.0148	0.0062	0.0225
59	68	0.3773	7	0	1	0	0	0	0	0	0	N	N	N	N	N	N	N	N	N	N	N	N	0.0034	0.0018	0.0471	0.0037	0.0022	1.3989	0.0018	0.0227	0.0034	0.0019	0.0013	0.0072	0.0032	0.0022	0.0210	0.0002	0.0001	0.0007	0.5492	0.7272	0.1528	0.8708	0.9898	0.0150	0.1117	0.0056	0.1933	0.5746	0.0943	0.0000	-0.0219	0.1706	1.0531	1.8413	9.0748	0.0000	0.0000	0.0000	0.0000	0.0000	0.0000	0.0000	0.0000	0.0000	0.0504	0.0460	0.0043	0.0460	0.0459	0.0001	0.0043	0.0001	0.0042	0.0053	0.0048	0.0005	0.0029	0.0027	0.0002	0.0024	0.0021	0.0003	0.0917	0.0633	0.0284	0.0528	0.0464	0.0064	0.0388	0.0169	0.0220	0.0034	0.0018	0.0471	0.0037	0.0022	1.3989	0.0018	0.0227	0.0034	0.5492	0.7272	0.1528	0.8708	0.9898	0.0150	0.1117	0.0056	0.1933
59	69	0.0208	2	1	1	1	0	0	0	0	0	N	N	N	N	N	N	N	N	N	N	N	N	0.0000	0.0000	0.0000	0.0000	0.0000	0.0000	0.0000	0.0000	0.0000	0.0000	0.0000	0.0000	0.0000	0.0000	0.0000	0.0000	0.0000	0.0000	0.2836	0.1596	0.4613	0.4622	0.4682	0.1749	0.2405	0.0122	0.4641	2.0174	0.0000	0.0017	0.1706	0.0000	1.8413	4.9600	0.0000	0.0000	0.0000	0.0000	0.0000	0.0000	0.0000	0.0000	0.0000	0.0116	0.0038	0.0078	0.0037	0.0036	0.0000	0.0079	0.0002	0.0077	0.0000	0.0000	0.0000	0.0000	0.0000	0.0000	0.0000	0.0000	0.0000	0.0409	0.0241	0.0168	0.0080	0.0078	0.0002	0.0330	0.0163	0.0167	0.0000	0.0000	0.0000	0.0000	0.0000	0.0000	0.0000	0.0000	0.0000	0.2836	0.1596	0.4613	0.4622	0.4682	0.1749	0.2405	0.0122	0.4641	
59	71	0.0771	6	0	1	1	0	0	0	0	0	N	N	N	N	N	N	N	N	N	N	N	N	0.0000	0.0000	0.0000	0.0000	0.0000	0.0000	0.0000	0.0000	0.0000	0.0000	0.0000	0.0000	0.0000	0.0000	0.0000	0.0000	0.0000	0.0000	0.0000	0.0000	0.0000	0.0000	0.0000	0.0000	0.0000	0.1062	0.0000	-0.0000	0.1706	1.0000	1.8413	0.0055	0.0000	0.0000	0.0000	0.0000	0.0000	0.0000	0.0000	0.0000	0.0000	0.0000	0.0000	0.0000	0.0000	0.0000	0.0000	0.0000	0.0000	0.0000	0.0016	0.0014	0.0002	0.0000	0.0000	0.0000	0.0016	0.0014	0.0002	0.0064	0.0047	0.0016	0.0030	0.0028	0.0002	0.0034	0.0020	0.0014	0.0000	0.0000	0.0000	0.0000	0.0000	0.0000	0.0000	0.0000	0.0000	0.0000	0.0000	0.0000	0.0000	0.0000	0.0000	0.0000	0.0000	0.0000			
59	72	0.0704	5	0	1	1	0	0	0	0	0	N	N	N	N	N	N	N	N	N	N	N	N	0.0000	0.0000	0.0000	0.0000	0.0000	0.0000	0.0000	0.0000	0.0000	0.0000	0.0000	0.0000	0.0000	0.0000	0.0000	0.0000	0.0009	0.0012	0.0003	0.0018	0.0020	0.0000	0.0002	0.0000	0.0004	0.0986	0.0000	-0.0000	0.1706	0.0000	1.8413	1.0265	0.0000	0.0000	0.0000	0.0000	0.0000	0.0000	0.0000	0.0000	0.0000	0.0000	0.0000	0.0000	0.0000	0.0000	0.0000	0.0000	0.0000	0.0000	0.0000	0.0000	0.0000	0.0000	0.0000	0.0000	0.0000	0.0000	0.0000	0.0069	0.0051	0.0017	0.0032	0.0030	0.0002	0.0036	0.0021	0.0015	0.0000	0.0000	0.0000	0.0000	0.0000	0.0000	0.0000	0.0000	0.0000	0.0009	0.0012	0.0003	0.0018	0.0020	0.0000	0.0002	0.0000	0.0004			
59	73	0.0650	4	0	1	0	0	0	0	0	0	N	N	N	N	N	N	N	N	N	N	N	N	0.0000	0.0000	0.0000	0.0000	0.0000	0.0000	0.0000	0.0000	0.0000	0.0000	0.0000	0.0000	0.0000	0.0000	0.0000	0.0000	0.0000	0.0000	0.0006	0.0007	0.0006	0.0008	0.0009	0.0000	0.0004	0.0000	0.0007	0.4384	0.0000	-0.0000	0.1706	0.0000	1.8413	1.0321	0.0000	0.0000	0.0000	0.0000	0.0000	0.0000	0.0000	0.0000	0.0000	0.0000	0.0000	0.0000	0.0000	0.0000	0.0000	0.0000	0.0000	0.0000	0.0012	0.0011	0.0001	0.0007	0.0007	0.0000	0.0005	0.0004	0.0000	0.0411	0.0268	0.0143	0.0224	0.0204	0.0020	0.0186	0.0064	0.0122	0.0000	0.0000	0.0000	0.0000	0.0000	0.0000	0.0000	0.0000	0.0000	0.0006	0.0007	0.0006	0.0008	0.0009	0.0000	0.0004	0.0000	0.0007	
59	74	0.0422	3	0	1	0	0	0	0	0	0	N	N	N	N	N	N	N	N	N	N	N	N	0.8559	0.5765	3.7899	0.5709	0.5131	2.6392	1.6291	1.7712	4.0774	0.0530	0.0428	0.1456	0.0595	0.0553	0.1296	0.0450	0.0256	0.1529	0.0619	0.0742	0.0384	0.1042	0.1078	0.0491	0.0276	0.0144	0.0375	0.3763	0.2702	0.0000	-0.0023	0.1706	0.5629	1.8413	8.5245	0.0002	0.0001	0.0001	0.0001	0.0001	0.0000	0.0001	0.0000	0.0000	0.0074	0.0058	0.0016	0.0055	0.0054	0.0002	0.0018	0.0004	0.0014	0.0037	0.0033	0.0004	0.0020	0.0019	0.0001	0.0017	0.0014	0.0003	0.1187	0.0780	0.0407	0.0531	0.0499	0.0032	0.0655	0.0281	0.0375	0.8559	0.5765	3.7899	0.5709	0.5131	2.6392	1.6291	1.7712	4.0774	0.0619	0.0742	0.0384	0.1042	0.1078	0.0491	0.0276	0.0144	0.0375
59	75	0.0592	4	0	2	0	0	0	0	0	0	N	Y	N	N	N	N	N	N	N	N	N	N	0.0000	0.0000	0.0000	0.0000	0.0000	0.0000	0.0000	0.0000	0.0000	0.0000	0.0000	0.0000	0.0000	0.0000	0.0000	0.0000	0.0000	0.0016	0.0000	0.0063	0.0000	0.0000	0.0000	0.0030	0.0000	0.0073	110.7530	0.0000	0.0000	0.1706	1.9994	1.8413	4.0943	0.0000	0.0000	0.0000	0.0000	0.0000	0.0000	0.0000	0.0000	0.0000	0.0001	0.0000	0.0001	0.0000	0.0000	0.0000	0.0001	0.0000	0.0001	0.0033	0.0029	0.0004	0.0000	0.0000	0.0000	0.0033	0.0029	0.0004	0.0441	0.0328	0.0114	0.0198	0.0183	0.0015	0.0243	0.0144	0.0099	0.0000	0.0000	0.0000	0.0000	0.0000	0.0000	0.0000	0.0000	0.0000	0.0016	0.0000	0.0063	0.0000	0.0000	0.0000	0.0030	0.0000	0.0073		
59	76	0.0529	3	0	1	0	0	0	0	0	0	N	N	N	N	N	N	N	N	N	N	N	N	0.0000	0.0000	0.0000	0.0000	0.0000	0.0000	0.0000	0.0000	0.0000	0.0000	0.0000	0.0000	0.0000	0.0000	0.0000	0.0000	0.0000	0.0000	0.0673	0.0071	0.2289	0.0096	0.0100	0.0045	0.1172	0.0030	0.2581	11.9324	0.0000	0.0007	0.1706	0.0011	1.8413	2.7207	0.0000	0.0000	0.0000	0.0000	0.0000	0.0000	0.0000	0.0000	0.0000	0.0017	0.0001	0.0015	0.0001	0.0001	0.0000	0.0016	0.0000	0.0015	0.0000	0.0000	0.0000	0.0000	0.0000	0.0000	0.0000	0.0000	0.0000	0.0249	0.0182	0.0068	0.0116	0.0108	0.0008	0.0134	0.0074	0.0060	0.0000	0.0000	0.0000	0.0000	0.0000	0.0000	0.0000	0.0000	0.0000	0.0673	0.0071	0.2289	0.0096	0.0100	0.0045	0.1172	0.0030	0.2581	
59	77	0.0208	2	0	1	0	0	0	0	0	0	N	N	N	N	N	N	N	N	N	N	N	N	0.0000	0.0000	0.0000	0.0000	0.0000	0.0000	0.0000	0.0000	0.0000	0.0000	0.0000	0.0000	0.0000	0.0000	0.0000	0.0000	0.0000	0.0000	12.0844	0.0458	29.1773	0.1322	0.1343	0.0401	14.7392	0.0074	29.4725	448.5127	0.0000	0.4283	0.1706	0.0001	1.8413	10.0074	0.0000	0.0000	0.0000	0.0000	0.0000	0.0000	0.0000	0.0000	0.0000	0.8986	0.0020	0.8966	0.0018	0.0018	0.0000	0.8968	0.0002	0.8966	0.0086	0.0073	0.0013	0.0045	0.0043	0.0002	0.0041	0.0030	0.0011	0.0744	0.0436	0.0307	0.0135	0.0132	0.0003	0.0608	0.0304	0.0304	0.0000	0.0000	0.0000	0.0000	0.0000	0.0000	0.0000	0.0000	0.0000	12.0844	0.0458	29.1773	0.1322	0.1343	0.0401	14.7392	0.0074	29.4725	
59	78	0.0410	3	1	1	1	0	0	0	0	0	N	N	N	N	N	N	N	N	N	N	N	N	51.0994	85.5296	0.5222	23.1313	34.3316	0.0065	76.0841	9629.6093	1.1037	0.3048	0.3501	0.0048	0.3894	0.4536	0.0010	0.2458	0.2794	0.0079	0.0060	0.0041	0.0092	0.0168	0.0132	0.1512	0.0032	0.0000	0.0071	0.0021	1.2958	-0.0005	0.0000	0.1706	1.6246	1.8413	0.0115	0.0057	0.0057	0.0000	0.0030	0.0030	0.0000	0.0027	0.0027	0.0000	0.0001	0.0001	0.0001	0.0001	0.0001	0.0000	0.0001	0.0000	0.0001	0.0187	0.0162	0.0025	0.0077	0.0066	0.0011	0.0110	0.0097	0.0014	0.0221	0.0140	0.0081	0.0044	0.0043	0.0001	0.0177	0.0097	0.0080	51.0994	85.5296	0.5222	23.1313	34.3316	0.0065	76.0841	9629.6093	1.1037	0.0060	0.0041	0.0092	0.0168	0.0132	0.1512	0.0032	0.0000	0.0071
59	79	0.0208	2	1	1	1	0	0	0	0	0	N	N	N	N	N	N	N	N	N	N	N	N	2.0264	1.7609	6.1421	1.0384	0.9740	3.6708	2.3913	742.9127	7.0682	1.2590	0.7726	5.4139	1.5014	1.4250	2.8162	1.0519	0.1547	6.2413	0.6213	0.4387	0.8814	1.4459	1.4630	0.7672	0.4399	0.0002	0.8830	0.8204	1.4102	0.0210	0.0035	0.1706	8.1927	1.8413	3.9952	0.0590	0.0324	0.0266	0.0324	0.0291	0.0033	0.0266	0.0033	0.0232	0.0542	0.0225	0.0317	0.0228	0.0225	0.0003	0.0315	0.0000	0.0315	0.0469	0.0419	0.0049	0.0216	0.0204	0.0012	0.0253	0.0215	0.0037	0.0873	0.0513	0.0360	0.0157	0.0154	0.0004	0.0716	0.0359	0.0356	2.0264	1.7609	6.1421	1.0384	0.9740	3.8689	2.3913	742.9127	7.0682	0.6213	0.4387	0.8814	1.4459	1.4630	0.7279	0.4399	0.0002	0.8830
59	80	0.0208	2	0	2	0	1	0	0	0	0	N	Y	N	N	N	N	N	N	N	N	N	N	2.2842	1.4425	8.5467	0.6385	0.6527	1.7175	5.2936	4.5336	10.1716	0.2046	0.1645	0.4630	0.2065	0.2163	0.0017	0.2026	0.1009	0.5568	0.0896	0.1140	0.0542	0.3235	0.3313	0.0010	0.0383	0.0223	0.0547	0.4364	0.3286	0.0005	-0.0029	0.1706	0.7962	1.8413	19.0091	0.0025	0.0018	0.0008	0.0013	0.0013	0.0000	0.0013	0.0005	0.0008	0.0106	0.0080	0.0026	0.0069	0.0069	0.0000	0.0037	0.0011	0.0026	0.0124	0.0107	0.0017	0.0062	0.0059	0.0003	0.0062	0.0048	0.0014	0.1188	0.0702	0.0486	0.0214	0.0208	0.0005	0.0974	0.0494	0.0481	2.2842	1.4425	8.5467	0.6385	0.6527	1.7175	5.2936	4.5336	10.1716	0.0896	0.1140	0.0542	0.3235	0.3313	0.0010	0.0383	0.0223	0.0547
59	81	0.0208	2	0	2	0	0	0	0	0	0	N	Y	N	N	N	N	N	N	N	N	N	N	0.2702	2.1598	0.2632	1.0104	1.0326	2.1629	0.2304	5.0989	0.3130	0.2046	0.1645	0.4630	0.2065	0.2163	0.0017	0.2026	0.1009	0.5568	0.7571	0.0762	1.7594	0.2044	0.2094	0.0008	0.8796	0.0198	1.7786	0.4364	15.6918	0.0005	0.0467	0.1706	0.7962	1.8413	25.3140	0.0025	0.0018	0.0008	0.0013	0.0013	0.0000	0.0013	0.0005	0.0008	0.1114	0.0067	0.1047	0.0055	0.0055	0.0000	0.1059	0.0012	0.1047	0.0124	0.0107	0.0017	0.0062	0.0059	0.0003	0.0062	0.0048	0.0014	0.1471	0.0876	0.0595	0.0267	0.0261	0.0006	0.1205	0.0616	0.0589	0.2702	2.1598	0.2632	1.0104	1.0326	2.1629	0.2304	5.0989	0.3130	0.7571	0.0762	1.7594	0.2044	0.2094	0.0008	0.8796	0.0198	1.7786
59	82	0.0208	2	0	2	0	0	0	0	0	0	N	Y	N	N	N	N	N	N	N	N	N	N	0.0259	1.4571	0.0258	0.7113	0.7299	1.6081	0.0206	3.2316	0.0316	0.1487	0.1182	0.3639	0.1540	0.1620	0.0012	0.1435	0.0690	0.4510	5.7335	0.0811	14.1215	0.2165	0.2219	0.0007	6.9640	0.0213	14.2776	0.4364	117.3570	0.0005	0.4271	0.1706	1.7961	1.8413	27.0091	0.0025	0.0018	0.0008	0.0013	0.0013	0.0000	0.0013	0.0005	0.0008	0.9078	0.0077	0.9001	0.0063	0.0063	0.0000	0.9016	0.0014	0.9001	0.0170	0.0149	0.0021	0.0083	0.0079	0.0004	0.0087	0.0070	0.0017	0.1583	0.0946	0.0637	0.0289	0.0282	0.0007	0.1295	0.0664	0.0630	0.0259	1.4571	0.0258	0.7113	0.7299	1.6081	0.0206	3.2316	0.0316	5.7335	0.0811	14.1215	0.2165	0.2219	0.0007	6.9640	0.0213	14.2776
59	83	0.1311	5	0	1	0	0	0	0	0	0	N	N	N	N	N	N	N	N	N	N	N	N	0.0334	0.0262	0.1033	0.0518	0.0350	0.3512	0.0041	0.0042	0.0104	0.0005	0.0003	0.0019	0.0009	0.0006	0.0058	0.0000	0.0000	0.0002	0.0142	0.0126	0.0184	0.0167	0.0167	0.0165	0.0119	0.0063	0.0188	0.5834	0.5733	0.0000	-0.0005	0.1706	10.0679	1.8413	33.8159	0.0000	0.0000	0.0000	0.0000	0.0000	0.0000	0.0000	0.0000	0.0000	0.0033	0.0021	0.0012	0.0019	0.0017	0.0002	0.0014	0.0004	0.0010	0.0435	0.0395	0.0040	0.0228	0.0215	0.0012	0.0208	0.0180	0.0028	0.2304	0.1655	0.0649	0.1119	0.1002	0.0117	0.1185	0.0653	0.0532	0.0334	0.0262	0.1033	0.0518	0.0350	0.3512	0.0041	0.0042	0.0104	0.0142	0.0126	0.0184	0.0167	0.0167	0.0165	0.0119	0.0063	0.0188
59	84	0.1035	4	0	1	0	0	0	0	0	0	N	N	N	N	N	N	N	N	N	N	N	N	0.2866	0.2619	0.5500	0.4028	0.3429	1.2673	0.1494	0.1563	0.1363	0.0083	0.0073	0.0170	0.0117	0.0097	0.0471	0.0043	0.0043	0.0040	0.0289	0.0280	0.0309	0.0291	0.0282	0.0372	0.0287	0.0277	0.0297	0.2493	0.4722	0.0000	-0.0009	0.1706	0.9441	1.8413	14.0836	0.0000	0.0000	0.0000	0.0000	0.0000	0.0000	0.0000	0.0000	0.0000	0.0046	0.0031	0.0015	0.0023	0.0020	0.0003	0.0023	0.0011	0.0012	0.0050	0.0045	0.0005	0.0027	0.0025	0.0001	0.0023	0.0020	0.0003	0.1586	0.1110	0.0476	0.0797	0.0721	0.0076	0.0789	0.0389	0.0400	0.2866	0.2619	0.5500	0.4028	0.3429	1.2673	0.1494	0.1563	0.1363	0.0289	0.0280	0.0309	0.0291	0.0282	0.0372	0.0287	0.0277	0.0297
59	85	0.3858	7	0	1	0	0	0	0	0	0	N	N	N	N	N	N	N	N	N	N	N	N	0.0713	0.0559	0.7478	0.9287	0.9683	0.7833	0.0161	0.0108	0.1908	0.0348	0.0353	0.0287	0.0475	0.0465	0.0633	0.0151	0.0166	0.0054	0.4875	0.6323	0.0383	0.0511	0.0480	0.0808	0.9376	1.5415	0.0281	0.0751	0.0195	-0.0001	-0.0535	0.1706	15.0008	1.8413	28.2980	0.0028	0.0026	0.0002	0.0023	0.0021	0.0002	0.0005	0.0005	0.0000	0.1066	0.1046	0.0020	0.0057	0.0048	0.0008	0.1010	0.0998	0.0012	0.0793	0.0726	0.0067	0.0481	0.0454	0.0027	0.0312	0.0271	0.0040	0.2188	0.1654	0.0533	0.1111	0.1007	0.0104	0.1077	0.0647	0.0430	0.0713	0.0559	0.7478	0.9287	0.9683	0.7833	0.0161	0.0108	0.1908	0.4875	0.6323	0.0383	0.0511	0.0480	0.0808	0.9376	1.5415	0.0281
59	86	0.3858	7	0	1	0	0	0	0	0	0	N	N	N	N	N	N	N	N	N	N	N	N	1.4388	1.6755	1.3604	1.2282	1.2719	1.4289	1.7043	15.8137	0.2876	0.0403	0.0385	0.0582	0.0492	0.0446	0.1209	0.0244	0.0268	0.0090	0.0280	0.0230	0.0428	0.0401	0.0351	0.0846	0.0143	0.0017	0.0314	0.1470	0.6291	0.0001	-0.0007	0.1706	10.8154	1.8413	27.4443	0.0020	0.0017	0.0003	0.0016	0.0013	0.0002	0.0004	0.0004	0.0000	0.0052	0.0032	0.0020	0.0040	0.0031	0.0008	0.0012	0.0001	0.0012	0.0496	0.0452	0.0044	0.0317	0.0298	0.0019	0.0179	0.0154	0.0025	0.1860	0.1390	0.0470	0.0988	0.0887	0.0100	0.0872	0.0502	0.0370	1.4388	1.6755	1.3604	1.2282	1.2719	1.4289	1.7043	15.8137	0.2876	0.0280	0.0230	0.0428	0.0401	0.0351	0.0846	0.0143	0.0017	0.0314
59	87	0.3380	6	0	1	0	0	0	0	0	0	N	N	N	N	N	N	N	N	N	N	N	N	3.0781	2.8813	5.2710	3.3126	3.1755	5.0567	2.2841	2.2401	1.7656	0.0907	0.0828	0.1633	0.1068	0.0926	0.2967	0.0590	0.0618	0.0435	0.0295	0.0288	0.0310	0.0322	0.0292	0.0587	0.0258	0.0276	0.0246	0.2119	0.4943	0.0002	-0.0019	0.1706	2.7608	1.8413	22.4044	0.0023	0.0019	0.0004	0.0018	0.0014	0.0003	0.0005	0.0004	0.0001	0.0100	0.0067	0.0033	0.0062	0.0050	0.0012	0.0038	0.0017	0.0021	0.0249	0.0225	0.0024	0.0165	0.0154	0.0011	0.0084	0.0071	0.0013	0.3399	0.2330	0.1069	0.1923	0.1723	0.0200	0.1476	0.0606	0.0870	3.0781	2.8813	5.2710	3.3126	3.1755	5.0567	2.2841	2.2401	1.7656	0.0295	0.0288	0.0310	0.0322	0.0292	0.0587	0.0258	0.0276	0.0246
59	88	0.2081	5	0	1	0	0	0	0	0	0	N	N	N	N	N	N	N	N	N	N	N	N	0.0320	0.2447	0.0095	0.2191	0.1939	1.3384	0.0125	1.0876	0.0033	0.0335	0.0336	0.0327	0.0413	0.0395	0.0721	0.0242	0.0258	0.0141	1.0460	0.1373	3.4415	0.1886	0.2040	0.0539	1.9345	0.0237	4.2341	0.0996	9.5088	-0.0000	0.1208	0.1706	8.8820	1.8413	49.9570	0.0014	0.0013	0.0001	0.0009	0.0008	0.0001	0.0005	0.0004	0.0000	0.3149	0.0300	0.2849	0.0289	0.0280	0.0008	0.2860	0.0019	0.2841	0.0414	0.0376	0.0038	0.0225	0.0213	0.0012	0.0189	0.0163	0.0026	0.3010	0.2183	0.0828	0.1532	0.1375	0.0157	0.1478	0.0807	0.0671	0.0320	0.2447	0.0095	0.2191	0.1939	1.3384	0.0125	1.0876	0.0033	1.0460	0.1373	3.4415	0.1886	0.2040	0.0539	1.9345	0.0237	4.2341
59	89	0.0208	2	1	2	0	1	0	0	0	0	N	Y	N	N	N	N	N	N	N	N	N	N	0.0583	0.0284	2.0769	0.0216	0.0221	0.0177	0.0926	0.0245	2.4827	0.2046	0.1645	0.4630	0.2065	0.2163	0.0017	0.2026	0.1009	0.5568	3.5109	5.7979	0.2229	9.5447	9.7735	0.0962	2.1894	4.1148	0.2243	0.4364	0.0267	0.0005	-0.1889	0.1706	0.7962	1.8413	16.9291	0.0025	0.0018	0.0008	0.0013	0.0013	0.0000	0.0013	0.0005	0.0008	0.3815	0.3716	0.0099	0.1863	0.1863	0.0000	0.1952	0.1853	0.0099	0.0124	0.0107	0.0017	0.0062	0.0059	0.0003	0.0062	0.0048	0.0014	0.1087	0.0641	0.0446	0.0195	0.0191	0.0005	0.0891	0.0450	0.0441	0.0583	0.0284	2.0769	0.0216	0.0221	0.0177	0.0926	0.0245	2.4827	3.5109	5.7979	0.2229	9.5447	9.7735	0.0962	2.1894	4.1148	0.2243
59	90	0.0928	7	0	2	0	1	0	0	0	0	N	Y	N	N	N	N	N	N	N	N	N	N	0.0000	0.0000	0.0000	0.0000	0.0000	0.0000	0.0000	0.0000	0.0000	0.0000	0.0000	0.0000	0.0000	0.0000	0.0000	0.0000	0.0000	0.0000	0.0000	0.0000	0.1706	0.0000	1.8413	0.0000	0.0000	0.0000	0.0000	0.0000	0.0000	0.0000	0.0000	0.0000	0.0000	0.0000	0.0000	0.0000	0.0000	0.0000	0.0000	0.0000	0.0000	0.0000	0.0000	0.0000	0.0000	0.0000	0.0000	0.0000	0.0000	0.0000	0.0000	0.0000	0.0000	0.0000	0.0000	0.0000	0.0000	0.0000	0.0000	0.0000	0.0000	0.0000	0.0000	0.0000	0.0000	0.0000	0.0000	0.0000	0.0000	0.0000	0.0000	0.0000	0.0000	0.0000	0.0000	0.0000	0.0000	0.0000											
59	91	0.0821	6	0	2	0	1	0	0	0	0	N	Y	N	N	N	N	N	N	N	N	N	N	0.0000	0.0000	0.0000	0.0000	0.0000	0.0000	0.0000	0.0000	0.0000	0.0000	0.0000	0.0000	0.0000	0.0002	0.0000	0.0006	0.0000	0.0000	0.0000	0.0003	0.0000	0.0007	inf	0.0000	0.0000	0.1706	1.0000	1.8413	3.0000	0.0000	0.0000	0.0000	0.0000	0.0000	0.0000	0.0000	0.0000	0.0000	0.0000	0.0000	0.0000	0.0000	0.0000	0.0000	0.0000	0.0000	0.0000	0.0045	0.0040	0.0005	0.0011	0.0011	0.0000	0.0034	0.0029	0.0005	0.0416	0.0251	0.0165	0.0105	0.0091	0.0013	0.0312	0.0160	0.0152	0.0000	0.0000	0.0000	0.0000	0.0000	0.0000	0.0000	0.0000	0.0000	0.0002	0.0000	0.0006	0.0000	0.0000	0.0000	0.0003	0.0000	0.0007						
59	92	0.0756	4	0	2	0	0	0	0	0	0	N	Y	N	N	N	N	N	N	N	N	N	N	0.0000	0.0000	0.0000	0.0000	0.0000	0.0000	0.0000	0.0000	0.0000	0.0000	0.0000	0.0000	0.0000	0.0000	0.0000	0.0000	0.0000	0.0000	0.0000	0.0000	0.1706	0.0000	1.8413	0.0000	0.0000	0.0000	0.0000	0.0000	0.0000	0.0000	0.0000	0.0000	0.0000	0.0000	0.0000	0.0000	0.0000	0.0000	0.0000	0.0000	0.0000	0.0000	0.0000	0.0000	0.0000	0.0000	0.0000	0.0000	0.0000	0.0000	0.0000	0.0000	0.0000	0.0000	0.0000	0.0000	0.0000	0.0000	0.0000	0.0000	0.0000	0.0000	0.0000	0.0000	0.0000	0.0000	0.0000	0.0000	0.0000	0.0000	0.0000	0.0000	0.0000	0.0000	0.0000	0.0000	0.0000	0.0000											
59	93	0.0821	6	0	1	1	1	0	0	0	0	N	N	N	N	N	N	N	N	N	N	N	N	0.0000	0.0000	0.0000	0.0000	0.0000	0.0000	0.0000	0.0000	0.0000	0.0000	0.0000	0.0000	0.0000	0.0000	0.0000	0.0000	0.0000	0.0000	0.0000	0.0000	0.1706	0.0000	1.8413	0.0000	0.0000	0.0000	0.0000	0.0000	0.0000	0.0000	0.0000	0.0000	0.0000	0.0000	0.0000	0.0000	0.0000	0.0000	0.0000	0.0000	0.0000	0.0000	0.0000	0.0000	0.0000	0.0000	0.0000	0.0000	0.0000	0.0000	0.0000	0.0000	0.0000	0.0000	0.0000	0.0000	0.0000	0.0000	0.0000	0.0000	0.0000	0.0000	0.0000	0.0000	0.0000	0.0000	0.0000	0.0000	0.0000	0.0000	0.0000	0.0000	0.0000	0.0000	0.0000	0.0000	0.0000	0.0000											
59	94	0.0794	5	0	1	0	1	0	0	0	0	N	N	N	N	N	N	N	N	N	N	N	N	0.0000	0.0000	0.0000	0.0000	0.0000	0.0000	0.0000	0.0000	0.0000	0.0000	0.0000	0.0000	0.0000	0.0000	0.0000	0.0000	0.0000	0.0000	0.0673	0.1083	0.0000	0.1048	0.1287	0.0000	0.0496	0.0935	0.0000	0.0001	0.0000	-0.0005	0.1706	1.0000	1.8413	0.0097	0.0000	0.0000	0.0000	0.0000	0.0000	0.0000	0.0000	0.0000	0.0000	0.0009	0.0009	0.0000	0.0004	0.0004	0.0000	0.0004	0.0004	0.0000	0.0045	0.0040	0.0005	0.0011	0.0011	0.0000	0.0034	0.0029	0.0005	0.0129	0.0080	0.0049	0.0041	0.0034	0.0008	0.0088	0.0046	0.0041	0.0000	0.0000	0.0000	0.0000	0.0000	0.0000	0.0000	0.0000	0.0000	0.0673	0.1083	0.0000	0.1048	0.1287	0.0000	0.0496	0.0935	0.0000	
59	95	0.0794	5	0	1	1	1	0	0	0	0	N	N	N	N	N	N	N	N	N	N	N	N	0.0000	0.0000	0.0000	0.0000	0.0000	0.0000	0.0000	0.0000	0.0000	0.0000	0.0000	0.0000	0.0000	0.0000	0.0000	0.0000	0.0000	0.0000	6.9095	5.6936	8.7922	25.8037	15.0979	89.2584	0.0008	0.0012	0.0003	0.9973	0.0000	-0.0080	0.1706	2.0000	1.8413	3.0050	0.0000	0.0000	0.0000	0.0000	0.0000	0.0000	0.0000	0.0000	0.0000	0.3669	0.1837	0.1832	0.3669	0.1837	0.1832	0.0000	0.0000	0.0000	0.0089	0.0079	0.0010	0.0022	0.0021	0.0000	0.0067	0.0058	0.0009	0.0531	0.0323	0.0208	0.0142	0.0122	0.0021	0.0389	0.0201	0.0188	0.0000	0.0000	0.0000	0.0000	0.0000	0.0000	0.0000	0.0000	0.0000	6.9095	5.6936	8.7922	25.8037	15.0979	89.2584	0.0008	0.0012	0.0003	
59	96	0.0794	5	0	1	1	1	0	0	0	0	N	N	N	N	N	N	N	N	N	N	N	N	0.0000	0.0000	0.0000	0.0000	0.0000	0.0000	0.0000	0.0000	0.0000	0.0000	0.0000	0.0000	0.0000	0.0000	0.0000	0.0000	0.0000	0.0000	5.1533	4.2512	6.5448	19.5404	11.4009	68.7592	0.0032	0.0006	0.0061	0.9981	0.0000	-0.0079	0.1706	0.0000	1.8413	6.9903	0.0000	0.0000	0.0000	0.0000	0.0000	0.0000	0.0000	0.0000	0.0000	0.3671	0.1837	0.1834	0.3669	0.1837	0.1832	0.0002	0.0000	0.0002	0.0000	0.0000	0.0000	0.0000	0.0000	0.0000	0.0000	0.0000	0.0000	0.0712	0.0432	0.0280	0.0188	0.0161	0.0027	0.0525	0.0271	0.0254	0.0000	0.0000	0.0000	0.0000	0.0000	0.0000	0.0000	0.0000	0.0000	5.1533	4.2512	6.5448	19.5404	11.4009	68.7592	0.0032	0.0006	0.0061	
59	97	0.0739	4	0	1	0	1	0	0	0	0	N	N	N	N	N	N	N	N	N	N	N	N	0.0000	0.0000	0.0000	0.0000	0.0000	0.0000	0.0000	0.0000	0.0000	0.0000	0.0000	0.0000	0.0000	0.0000	0.0000	0.0000	0.0000	0.0000	0.0468	0.0486	0.0438	0.1474	0.0989	0.4885	0.0095	0.0177	0.0004	0.5493	0.0000	-0.0002	0.1706	0.9999	1.8413	1.0605	0.0000	0.0000	0.0000	0.0000	0.0000	0.0000	0.0000	0.0000	0.0000	0.0012	0.0008	0.0004	0.0011	0.0006	0.0004	0.0002	0.0002	0.0000	0.0062	0.0054	0.0007	0.0014	0.0014	0.0000	0.0047	0.0040	0.0007	0.0265	0.0164	0.0100	0.0072	0.0063	0.0009	0.0193	0.0102	0.0091	0.0000	0.0000	0.0000	0.0000	0.0000	0.0000	0.0000	0.0000	0.0000	0.0468	0.0486	0.0438	0.1474	0.0989	0.4885	0.0095	0.0177	0.0004	
59	98	0.0718	3	0	1	0	1	0	0	0	0	N	N	N	N	N	N	N	N	N	N	N	N	7.1852	4.8245	15.2337	3.5985	4.2224	2.9109	14.4072	2.2902	66.5917	0.4459	0.3488	0.6774	0.5374	0.5101	0.9744	0.3675	0.0900	0.6474	0.0621	0.0723	0.0445	0.1493	0.1208	0.3347	0.0255	0.0393	0.0097	0.8141	0.3583	0.0000	-0.0002	0.1706	0.0012	1.8413	1.0414	0.0000	0.0000	0.0000	0.0000	0.0000	0.0000	0.0000	0.0000	0.0000	0.0009	0.0007	0.0002	0.0007	0.0005	0.0002	0.0003	0.0002	0.0000	0.0000	0.0000	0.0000	0.0000	0.0000	0.0000	0.0000	0.0000	0.0000	0.0147	0.0093	0.0054	0.0044	0.0038	0.0006	0.0104	0.0055	0.0048	7.1852	4.8245	15.2337	3.5985	4.2224	2.9109	14.4072	2.2902	66.5917	0.0621	0.0723	0.0445	0.1493	0.1208	0.3347	0.0255	0.0393	0.0097
59	99	0.0208	2	1	2	0	0	0	0	0	0	N	Y	N	N	N	N	N	N	N	N	N	N	10.1382	38.7205	6.9662	16.7369	16.8150	12.4994	8.4045	118.7929	7.1142	1.0807	1.0211	1.5391	1.2152	1.2054	1.3925	0.9587	0.8298	1.5798	0.1066	0.0264	0.2209	0.0726	0.0717	0.1114	0.1141	0.0070	0.2221	0.1962	5.8790	0.0019	0.0031	0.1706	3.2042	1.8413	9.0918	0.0270	0.0226	0.0044	0.0145	0.0136	0.0009	0.0126	0.0090	0.0036	0.0094	0.0014	0.0080	0.0012	0.0011	0.0000	0.0083	0.0003	0.0080	0.0250	0.0221	0.0029	0.0119	0.0113	0.0006	0.0131	0.0109	0.0023	0.0884	0.0519	0.0364	0.0159	0.0156	0.0004	0.0724	0.0364	0.0361	10.1382	38.7205	6.9662	16.7369	16.8150	12.4994	8.4045	118.7929	7.1142	0.1066	0.0264	0.2209	0.0726	0.0717	0.1114	0.1141	0.0070	0.2221
59	100	0.0208	2	0	2	0	0	0	0	0	0	N	Y	N	N	N	N	N	N	N	N	N	N	0.1376	1.2729	0.1356	0.9352	0.9701	0.0130	0.1147	1.1371	0.1615	0.2046	0.1645	0.4630	0.2065	0.2163	0.0017	0.2026	0.1009	0.5568	1.4865	0.1292	3.4147	0.2208	0.2229	0.1317	1.7669	0.0887	3.4481	0.4364	18.5989	0.0005	0.0491	0.1706	0.7962	1.8413	10.9291	0.0025	0.0018	0.0008	0.0013	0.0013	0.0000	0.0013	0.0005	0.0008	0.1148	0.0059	0.1089	0.0031	0.0031	0.0000	0.1117	0.0028	0.1089	0.0124	0.0107	0.0017	0.0062	0.0059	0.0003	0.0062	0.0048	0.0014	0.0772	0.0453	0.0319	0.0140	0.0137	0.0003	0.0632	0.0316	0.0316	0.1376	1.2729	0.1356	0.9352	0.9701	0.0130	0.1147	1.1371	0.1615	1.4865	0.1292	3.4147	0.2208	0.2229	0.1317	1.7669	0.0887	3.4481
59	101	0.0787	5	1	2	0	0	0	0	0	0	N	Y	N	N	N	N	N	N	N	N	N	N	0.0000	0.0000	0.0000	0.0000	0.0000	0.0000	0.0000	0.0000	0.0000	0.0000	0.0000	0.0000	0.0000	0.0000	0.0000	0.0034	0.0037	0.0029	0.0000	0.0000	0.0000	0.0046	0.0058	0.0032	0.5000	0.0000	-0.0000	0.1706	0.0000	1.8413	3.0000	0.0000	0.0000	0.0000	0.0000	0.0000	0.0000	0.0000	0.0000	0.0000	0.0001	0.0001	0.0000	0.0000	0.0000	0.0000	0.0001	0.0001	0.0000	0.0000	0.0000	0.0000	0.0000	0.0000	0.0000	0.0000	0.0000	0.0000	0.0350	0.0214	0.0136	0.0087	0.0077	0.0010	0.0264	0.0137	0.0126	0.0000	0.0000	0.0000	0.0000	0.0000	0.0000	0.0000	0.0000	0.0000	0.0034	0.0037	0.0029	0.0000	0.0000	0.0000	0.0046	0.0058	0.0032				
59	102	0.0756	4	1	2	0	0	0	0	0	0	N	Y	N	N	N	N	N	N	N	N	N	N	0.0000	0.0000	0.0000	0.0000	0.0000	0.0000	0.0000	0.0000	0.0000	0.0000	0.0000	0.0000	0.0000	0.0000	0.0000	0.0000	0.0000	0.0000	0.0000	0.0000	0.1706	0.0000	1.8413	1.0000	0.0000	0.0000	0.0000	0.0000	0.0000	0.0000	0.0000	0.0000	0.0000	0.0000	0.0000	0.0000	0.0000	0.0000	0.0000	0.0000	0.0000	0.0000	0.0000	0.0000	0.0000	0.0000	0.0000	0.0000	0.0000	0.0000	0.0000	0.0123	0.0075	0.0048	0.0030	0.0027	0.0003	0.0092	0.0048	0.0044	0.0000	0.0000	0.0000	0.0000	0.0000	0.0000	0.0000	0.0000	0.0000	0.0000	0.0000	0.0000	0.0000	0.0000	0.0000	0.0000	0.0000	0.0000											
59	103	0.0718	3	0	2	0	0	0	0	0	0	N	Y	N	N	N	N	N	N	N	N	N	N	8.6418	4.2219	59.5707	5.7317	4.6121	40.1908	10.5640	0.0099	70.2482	0.2928	0.2068	0.4755	0.3459	0.3037	0.9878	0.2411	0.0004	0.4216	0.0339	0.0490	0.0080	0.0603	0.0658	0.0246	0.0228	0.0375	0.0060	1.0822	0.0950	0.0000	-0.0002	0.1706	0.0006	1.8413	1.0534	0.0000	0.0000	0.0000	0.0000	0.0000	0.0000	0.0000	0.0000	0.0000	0.0005	0.0005	0.0000	0.0003	0.0003	0.0000	0.0002	0.0002	0.0000	0.0000	0.0000	0.0000	0.0000	0.0000	0.0000	0.0000	0.0000	0.0000	0.0149	0.0094	0.0055	0.0044	0.0038	0.0006	0.0105	0.0056	0.0049	8.6418	4.2219	59.5707	5.7317	4.6121	40.1908	10.5640	0.0099	70.2482	0.0339	0.0490	0.0080	0.0603	0.0658	0.0246	0.0228	0.0375	0.0060
59	104	0.0208	2	0	1	0	0	0	0	0	0	N	N	N	N	N	N	N	N	N	N	N	N	0.3925	0.1275	37.3386	0.1717	0.1543	31.6887	0.5266	0.0010	42.1375	1.2780	0.6883	6.2448	1.5240	1.4026	3.6163	1.0660	0.0038	7.0710	3.2563	5.3970	0.1672	8.8770	9.0903	0.1141	2.0245	3.8359	0.1678	1.0770	0.0215	0.0231	-0.1882	0.1706	7.2034	1.8413	9.9858	0.0547	0.0263	0.0284	0.0302	0.0263	0.0039	0.0245	0.0001	0.0244	0.3765	0.3685	0.0079	0.1845	0.1844	0.0001	0.1920	0.1841	0.0079	0.0428	0.0383	0.0045	0.0198	0.0187	0.0011	0.0230	0.0195	0.0035	0.1156	0.0683	0.0473	0.0208	0.0203	0.0005	0.0948	0.0480	0.0468	0.3925	0.1275	37.3386	0.1717	0.1543	31.6887	0.5266	0.0010	42.1375	3.2563	5.3970	0.1672	8.8770	9.0903	0.1141	2.0245	3.8359	0.1678
59	109	0.2905	6	0	1	0	0	0	0	0	0	N	N	N	N	N	N	N	N	N	N	N	N	0.0223	0.0125	0.5411	0.0204	0.0125	0.6834	0.0693	0.0555	0.1192	0.0026	0.0019	0.0094	0.0041	0.0028	0.0266	0.0009	0.0008	0.0012	0.1175	0.1540	0.0174	0.1992	0.2211	0.0390	0.0129	0.0152	0.0101	0.4979	0.0412	0.0000	-0.0134	0.1706	7.7801	1.8413	32.2209	0.0001	0.0001	0.0000	0.0001	0.0001	0.0000	0.0000	0.0000	0.0000	0.0279	0.0268	0.0011	0.0265	0.0259	0.0006	0.0013	0.0009	0.0005	0.0355	0.0323	0.0033	0.0193	0.0182	0.0011	0.0162	0.0140	0.0022	0.2370	0.1737	0.0633	0.1331	0.1171	0.0160	0.1039	0.0566	0.0473	0.0223	0.0125	0.5411	0.0204	0.0125	0.6834	0.0693	0.0555	0.1192	0.1175	0.1540	0.0174	0.1992	0.2211	0.0390	0.0129	0.0152	0.0101
60	61	0.4111	8	0	1	0	0	0	0	0	0	N	N	N	N	N	N	N	N	N	N	N	N	0.0859	0.0649	0.0060	0.3069	0.2745	0.0644	0.0000	0.0000	0.0000	0.0005	0.0006	0.0000	0.0045	0.0047	0.0000	0.0000	0.0000	0.0000	0.0059	0.0090	0.0001	0.0145	0.0170	0.0003	0.0001	0.0002	0.0001	0.0002	0.0066	-0.0000	-0.0012	6.1830	1.0140	4.8458	12.0537	0.0001	0.0001	0.0000	0.0001	0.0001	0.0000	0.0000	0.0000	0.0000	0.0024	0.0024	0.0000	0.0023	0.0023	0.0000	0.0000	0.0000	0.0000	0.1015	0.0889	0.0126	0.0116	0.0111	0.0005	0.0899	0.0778	0.0121	0.3996	0.2627	0.1369	0.1610	0.1372	0.0238	0.2386	0.1255	0.1131	0.0859	0.0649	0.0060	0.3069	0.2745	0.0644	0.0000	0.0000	0.0000	0.0059	0.0090	0.0001	0.0145	0.0170	0.0003	0.0001	0.0002	0.0001
60	62	0.3352	5	0	1	0	0	0	0	0	0	N	N	N	N	N	N	N	N	N	N	N	N	0.0261	0.0387	0.0002	3.5746	3.6422	0.0880	0.0000	0.0000	0.0000	0.0640	0.0725	0.0006	0.2908	0.3245	0.0031	0.0000	0.0000	0.0000	2.4475	1.8746	3.6915	0.0814	0.0891	0.0358	4.7242	4.6951	4.7557	0.0012	0.9069	-0.0120	-0.1690	6.1830	22.0948	4.8458	64.3951	0.1272	0.1271	0.0001	0.1272	0.1271	0.0001	0.0000	0.0000	0.0000	3.7148	1.9481	1.7667	0.0606	0.0567	0.0039	3.6543	1.8914	1.7628	1.9884	1.7529	0.2355	0.4375	0.3917	0.0458	1.5509	1.3612	0.1897	1.5178	1.0392	0.4786	0.7443	0.6364	0.1079	0.7735	0.4028	0.3707	0.0261	0.0387	0.0002	3.5746	3.6422	0.0880	0.0000	0.0000	0.0000	2.4475	1.8746	3.6915	0.0814	0.0891	0.0358	4.7242	4.6951	4.7557
60	63	0.1284	4	0	1	0	0	0	0	0	0	N	N	N	N	N	N	N	N	N	N	N	N	0.3905	0.3409	0.0028	2.5041	2.3115	0.1721	0.0000	0.0000	0.0001	0.0060	0.0068	0.0000	0.0664	0.0692	0.0006	0.0000	0.0000	0.0000	0.0153	0.0201	0.0061	0.0265	0.0299	0.0033	0.0069	0.0073	0.0066	0.0004	0.1544	-0.0002	-0.0050	6.1830	3.0638	4.8458	18.8214	0.0018	0.0018	0.0000	0.0018	0.0018	0.0000	0.0000	0.0000	0.0000	0.0130	0.0113	0.0017	0.0096	0.0095	0.0002	0.0034	0.0018	0.0016	0.2976	0.2603	0.0373	0.0268	0.0257	0.0011	0.2708	0.2346	0.0362	0.8485	0.5614	0.2871	0.3632	0.3166	0.0465	0.4853	0.2447	0.2406	0.3905	0.3409	0.0028	2.5041	2.3115	0.1721	0.0000	0.0000	0.0001	0.0153	0.0201	0.0061	0.0265	0.0299	0.0033	0.0069	0.0073	0.0066
60	64	0.0393	2	1	2	1	0	0	0	0	0	N	Y	N	N	N	N	N	N	N	N	N	N	0.0852	0.3161	0.0003	2.0178	1.8104	0.0644	0.0001	0.0010	0.0002	0.0139	0.0160	0.0001	0.1589	0.1667	0.0011	0.0000	0.0000	0.0001	0.1632	0.0506	0.3568	0.0787	0.0921	0.0164	0.2159	0.0091	0.4334	0.0011	4.0975	-0.0001	0.0179	6.1830	1.0029	4.8458	8.4685	0.0014	0.0014	0.0000	0.0014	0.0014	0.0000	0.0000	0.0000	0.0000	0.0633	0.0124	0.0509	0.0117	0.0113	0.0004	0.0516	0.0011	0.0505	0.1025	0.0890	0.0135	0.0090	0.0085	0.0004	0.0935	0.0804	0.0131	0.3879	0.2453	0.1427	0.1491	0.1228	0.0262	0.2389	0.1224	0.1164	0.0852	0.3161	0.0003	2.0178	1.8104	0.0644	0.0001	0.0010	0.0002	0.1632	0.0506	0.3568	0.0787	0.0921	0.0164	0.2159	0.0091	0.4334
60	66	0.4111	8	0	2	0	0	0	0	0	0	N	Y	N	N	N	N	N	N	N	N	N	N	0.0002	0.3441	0.0000	2.3657	2.8890	0.0049	0.0000	0.0000	0.0000	0.0005	0.0006	0.0000	0.0045	0.0047	0.0000	0.0000	0.0000	0.0000	2.3793	0.0017	6.9306	0.0019	0.0016	0.0034	3.9759	0.0018	8.3904	0.0002	2130.8799	-0.0000	0.4660	6.1830	1.0110	4.8458	12.5479	0.0001	0.0001	0.0000	0.0001	0.0001	0.0000	0.0000	0.0000	0.0000	0.9739	0.0005	0.9735	0.0003	0.0002	0.0001	0.9736	0.0002	0.9734	0.1013	0.0887	0.0126	0.0116	0.0111	0.0005	0.0897	0.0776	0.0121	0.4093	0.2689	0.1405	0.1645	0.1400	0.0244	0.2449	0.1289	0.1160	0.0002	0.3441	0.0000	2.3657	2.8890	0.0049	0.0000	0.0000	0.0000	2.3793	0.0017	6.9306	0.0019	0.0016	0.0034	3.9759	0.0018	8.3904
60	67	0.4047	7	0	1	0	0	0	0	0	0	N	N	N	N	N	N	N	N	N	N	N	N	0.0532	0.1686	0.0000	0.4146	0.4094	0.0085	0.0262	0.1392	0.0000	0.0008	0.0009	0.0000	0.0021	0.0022	0.0000	0.0006	0.0007	0.0000	0.0144	0.0052	0.0351	0.0050	0.0053	0.0014	0.0228	0.0050	0.0395	0.0002	3.0034	-0.0000	0.0006	6.1830	0.9784	4.8458	1.5217	0.0001	0.0001	0.0000	0.0000	0.0000	0.0000	0.0001	0.0001	0.0000	0.0028	0.0007	0.0021	0.0005	0.0005	0.0000	0.0023	0.0002	0.0021	0.0980	0.0858	0.0122	0.0111	0.0106	0.0005	0.0869	0.0752	0.0117	0.1953	0.1354	0.0599	0.0926	0.0856	0.0069	0.1027	0.0498	0.0530	0.0532	0.1686	0.0000	0.4146	0.4094	0.0085	0.0262	0.1392	0.0000	0.0144	0.0052	0.0351	0.0050	0.0053	0.0014	0.0228	0.0050	0.0395
60	68	0.3745	6	0	1	0	0	0	0	0	0	N	N	N	N	N	N	N	N	N	N	N	N	0.2909	0.2295	0.0071	1.1324	1.0020	0.1692	0.1134	0.1383	0.0002	0.0078	0.0089	0.0000	0.0605	0.0633	0.0003	0.0002	0.0003	0.0000	0.0267	0.0386	0.0022	0.0534	0.0632	0.0020	0.0021	0.0020	0.0023	0.0002	0.0278	-0.0001	-0.0053	6.1830	1.0531	4.8458	9.0748	0.0008	0.0008	0.0000	0.0008	0.0008	0.0000	0.0000	0.0000	0.0000	0.0107	0.0104	0.0003	0.0103	0.0102	0.0001	0.0004	0.0002	0.0002	0.1083	0.0948	0.0135	0.0135	0.0129	0.0006	0.0948	0.0819	0.0129	0.4022	0.2703	0.1320	0.1923	0.1616	0.0307	0.2100	0.1087	0.1013	0.2909	0.2295	0.0071	1.1324	1.0020	0.1692	0.1134	0.1383	0.0002	0.0267	0.0386	0.0022	0.0534	0.0632	0.0020	0.0021	0.0020	0.0023
60	71	0.0743	5	0	1	1	0	0	0	0	0	N	N	N	N	N	N	N	N	N	N	N	N	0.0000	0.0000	0.0000	0.0000	0.0000	0.0000	0.0000	0.0000	0.0000	0.0000	0.0000	0.0000	0.0000	0.0000	0.0000	0.0000	0.0000	0.0000	0.0000	0.0000	0.0000	0.0000	0.3462	0.0000	-0.0000	6.1830	1.0000	4.8458	0.0055	0.0000	0.0000	0.0000	0.0000	0.0000	0.0000	0.0000	0.0000	0.0000	0.0000	0.0000	0.0000	0.0000	0.0000	0.0000	0.0000	0.0000	0.0000	0.0550	0.0478	0.0072	0.0000	0.0000	0.0000	0.0550	0.0478	0.0072	0.0205	0.0133	0.0073	0.0081	0.0070	0.0011	0.0124	0.0062	0.0062	0.0000	0.0000	0.0000	0.0000	0.0000	0.0000	0.0000	0.0000	0.0000	0.0000	0.0000	0.0000	0.0000	0.0000	0.0000	0.0000	0.0000	0.0000						
60	72	0.0677	4	0	1	1	0	0	0	0	0	N	N	N	N	N	N	N	N	N	N	N	N	0.0000	0.0000	0.0000	0.0000	0.0000	0.0000	0.0000	0.0000	0.0000	0.0000	0.0000	0.0000	0.0000	0.0000	0.0000	0.0000	0.0000	0.0000	0.0000	0.0000	0.0001	0.0001	0.0000	0.0000	0.0000	0.0000	0.2275	0.0000	-0.0000	6.1830	0.0000	4.8458	1.0265	0.0000	0.0000	0.0000	0.0000	0.0000	0.0000	0.0000	0.0000	0.0000	0.0000	0.0000	0.0000	0.0000	0.0000	0.0000	0.0000	0.0000	0.0000	0.0000	0.0000	0.0000	0.0000	0.0000	0.0000	0.0000	0.0000	0.0000	0.0228	0.0150	0.0078	0.0092	0.0081	0.0011	0.0136	0.0069	0.0067	0.0000	0.0000	0.0000	0.0000	0.0000	0.0000	0.0000	0.0000	0.0000	0.0000	0.0000	0.0000	0.0001	0.0001	0.0000	0.0000	0.0000	0.0000		
60	73	0.0622	3	0	1	0	0	0	0	0	0	N	N	N	N	N	N	N	N	N	N	N	N	0.0000	0.0000	0.0000	0.0000	0.0000	0.0000	0.0000	0.0000	0.0000	0.0000	0.0000	0.0000	0.0000	0.0000	0.0000	0.0000	0.0000	0.0001	0.0001	0.0002	0.0001	0.0001	0.0000	0.0001	0.0000	0.0002	1.2556	0.0000	0.0000	6.1830	0.0000	4.8458	1.0321	0.0000	0.0000	0.0000	0.0000	0.0000	0.0000	0.0000	0.0000	0.0000	0.0000	0.0000	0.0000	0.0000	0.0000	0.0000	0.0000	0.0000	0.0000	0.0402	0.0346	0.0056	0.0226	0.0212	0.0015	0.0176	0.0135	0.0041	0.2359	0.1582	0.0777	0.1230	0.1124	0.0106	0.1128	0.0457	0.0671	0.0000	0.0000	0.0000	0.0000	0.0000	0.0000	0.0000	0.0000	0.0000	0.0001	0.0001	0.0002	0.0001	0.0001	0.0000	0.0001	0.0000	0.0002		
60	74	0.0394	2	0	1	0	0	0	0	0	0	N	N	N	N	N	N	N	N	N	N	N	N	5.7843	5.3552	7.3619	8.0013	8.3799	0.4688	5.0096	8.0290	8.2435	0.2317	0.2214	0.2792	0.5074	0.5505	0.0153	0.1296	0.0788	0.3158	0.0401	0.0413	0.0379	0.0634	0.0657	0.0327	0.0259	0.0098	0.0383	0.2734	0.5541	0.0025	-0.0038	6.1830	0.5629	4.8458	8.5245	0.0211	0.0166	0.0045	0.0125	0.0125	0.0000	0.0086	0.0041	0.0045	0.0231	0.0148	0.0082	0.0138	0.0133	0.0005	0.0093	0.0015	0.0077	0.0911	0.0749	0.0162	0.0246	0.0226	0.0020	0.0665	0.0522	0.0142	0.5760	0.3591	0.2169	0.2175	0.2026	0.0149	0.3584	0.1565	0.2019	5.7843	5.3552	7.3619	8.0013	8.3799	0.4688	5.0096	8.0290	8.2435	0.0401	0.0413	0.0379	0.0634	0.0657	0.0327	0.0259	0.0098	0.0383
60	75	0.0564	3	0	2	0	0	0	0	0	0	N	Y	N	N	N	N	N	N	N	N	N	N	0.0000	0.0000	0.0000	0.0000	0.0000	0.0000	0.0000	0.0000	0.0000	0.0000	0.0000	0.0000	0.0000	0.0000	0.0000	0.0000	0.0000	0.0011	0.0015	0.0001	0.0026	0.0029	0.0000	0.0001	0.0000	0.0002	0.0439	0.0000	-0.0001	6.1830	1.9994	4.8458	4.0943	0.0000	0.0000	0.0000	0.0000	0.0000	0.0000	0.0000	0.0000	0.0000	0.0002	0.0002	0.0000	0.0002	0.0002	0.0000	0.0000	0.0000	0.0000	0.1108	0.0967	0.0141	0.0001	0.0001	0.0000	0.1108	0.0966	0.0141	0.1627	0.1129	0.0498	0.0649	0.0579	0.0070	0.0978	0.0550	0.0428	0.0000	0.0000	0.0000	0.0000	0.0000	0.0000	0.0000	0.0000	0.0000	0.0011	0.0015	0.0001	0.0026	0.0029	0.0000	0.0001	0.0000	0.0002		
60	76	0.0501	2	0	1	0	0	0	0	0	0	N	N	N	N	N	N	N	N	N	N	N	N	0.0000	0.0000	0.0000	0.0000	0.0000	0.0000	0.0000	0.0000	0.0000	0.0000	0.0000	0.0000	0.0000	0.0000	0.0000	0.0000	0.0000	0.0000	0.0410	0.0549	0.0094	0.0851	0.0927	0.0071	0.0085	0.0073	0.0098	0.0756	0.0000	-0.0017	6.1830	0.0011	4.8458	2.7207	0.0000	0.0000	0.0000	0.0000	0.0000	0.0000	0.0000	0.0000	0.0000	0.0039	0.0036	0.0003	0.0034	0.0034	0.0000	0.0005	0.0002	0.0002	0.0001	0.0001	0.0000	0.0000	0.0000	0.0000	0.0001	0.0001	0.0000	0.0944	0.0655	0.0288	0.0401	0.0365	0.0036	0.0543	0.0290	0.0253	0.0000	0.0000	0.0000	0.0000	0.0000	0.0000	0.0000	0.0000	0.0000	0.0410	0.0549	0.0094	0.0851	0.0927	0.0071	0.0085	0.0073	0.0098	
60	78	0.0382	2	1	1	1	0	0	0	0	0	N	N	N	N	N	N	N	N	N	N	N	N	32.6003	12703.2371	0.1916	465.1854	1851.0930	0.0706	1.8067	11097.9342	0.3029	1.7698	1.9121	0.0205	2.8109	2.9671	0.0047	0.1024	0.1111	0.0324	0.0543	0.0002	0.1069	0.0060	0.0016	0.0664	0.0566	0.0000	0.1071	0.0009	730.9836	-0.0592	0.0012	6.1830	1.6246	4.8458	0.0115	0.6252	0.6247	0.0005	0.6113	0.6112	0.0001	0.0139	0.0134	0.0005	0.0025	0.0000	0.0025	0.0000	0.0000	0.0000	0.0025	0.0000	0.0025	0.3533	0.3267	0.0266	0.2175	0.2060	0.0115	0.1358	0.1207	0.0151	0.0463	0.0228	0.0235	0.0022	0.0020	0.0001	0.0442	0.0208	0.0234	32.6003	12703.2371	0.1916	465.1854	1851.0930	0.0706	1.8067	11097.9342	0.3029	0.0543	0.0002	0.1069	0.0060	0.0016	0.0664	0.0566	0.0000	0.1071
60	83	0.1284	4	0	1	0	0	0	0	0	0	N	N	N	N	N	N	N	N	N	N	N	N	0.0021	0.1912	0.0000	1.1273	1.0279	0.0737	0.0000	0.0001	0.0000	0.0020	0.0023	0.0000	0.0233	0.0242	0.0002	0.0000	0.0000	0.0000	0.9497	0.0120	2.6593	0.0207	0.0235	0.0029	1.5124	0.0002	3.1216	0.0004	122.0568	-0.0002	0.4739	6.1830	10.0679	4.8458	33.8159	0.0018	0.0018	0.0000	0.0018	0.0018	0.0000	0.0000	0.0000	0.0000	1.0067	0.0082	0.9985	0.0083	0.0081	0.0002	0.9984	0.0001	0.9983	0.8860	0.7790	0.1071	0.0764	0.0736	0.0029	0.8096	0.7054	0.1042	1.0600	0.6845	0.3755	0.3998	0.3442	0.0557	0.6602	0.3403	0.3198	0.0021	0.1912	0.0000	1.1273	1.0279	0.0737	0.0000	0.0001	0.0000	0.9497	0.0120	2.6593	0.0207	0.0235	0.0029	1.5124	0.0002	3.1216
60	84	0.1008	3	0	1	0	0	0	0	0	0	N	N	N	N	N	N	N	N	N	N	N	N	1.5659	1.6256	0.3307	4.3234	4.3239	0.1067	1.2020	1.6354	0.3375	0.0356	0.0400	0.0063	0.1345	0.1420	0.0017	0.0196	0.0218	0.0065	0.0227	0.0246	0.0189	0.0311	0.0328	0.0162	0.0163	0.0133	0.0193	0.0233	0.3736	-0.0003	-0.0047	6.1830	0.9441	4.8458	14.0836	0.0038	0.0037	0.0001	0.0020	0.0020	0.0000	0.0018	0.0017	0.0001	0.0187	0.0136	0.0051	0.0111	0.0105	0.0006	0.0076	0.0031	0.0045	0.1054	0.0917	0.0137	0.0147	0.0139	0.0008	0.0907	0.0778	0.0129	0.8233	0.5541	0.2692	0.3569	0.3200	0.0370	0.4664	0.2341	0.2323	1.5659	1.6256	0.3307	4.3234	4.3239	0.1067	1.2020	1.6354	0.3375	0.0227	0.0246	0.0189	0.0311	0.0328	0.0162	0.0163	0.0133	0.0193
60	85	0.3830	6	0	1	0	0	0	0	0	0	N	N	N	N	N	N	N	N	N	N	N	N	4.3257	5.2267	0.0001	5.2259	6.9074	0.0002	8.3597	24.5391	0.0000	0.1981	0.2259	0.0000	0.4080	0.4677	0.0000	0.1342	0.1528	0.0000	0.0458	0.0432	0.0515	0.0781	0.0677	0.1430	0.0161	0.0062	0.0270	0.0000	0.5418	-0.0310	-0.0080	6.1830	15.0008	4.8458	28.2980	0.3241	0.3241	0.0000	0.1557	0.1557	0.0000	0.1684	0.1684	0.0000	0.0472	0.0306	0.0166	0.0386	0.0288	0.0097	0.0086	0.0018	0.0069	1.6366	1.4352	0.2014	0.3816	0.3329	0.0487	1.2549	1.1023	0.1527	1.0305	0.7082	0.3223	0.4940	0.4260	0.0680	0.5364	0.2822	0.2543	4.3257	5.2267	0.0001	5.2259	6.9074	0.0002	8.3597	24.5391	0.0000	0.0458	0.0432	0.0515	0.0781	0.0677	0.1430	0.0161	0.0062	0.0270
60	86	0.3830	6	0	1	0	0	0	0	0	0	N	N	N	N	N	N	N	N	N	N	N	N	4.1911	4.9370	0.0085	2.3330	3.2116	0.0064	8.8475	10.0390	0.0072	0.2088	0.2412	0.0004	0.1693	0.1986	0.0009	0.2272	0.2607	0.0002	0.0498	0.0489	0.0520	0.0726	0.0618	0.1443	0.0257	0.0260	0.0254	0.0003	0.4531	-0.0216	-0.0105	6.1830	10.8154	4.8458	27.4443	0.2271	0.2270	0.0001	0.0586	0.0586	0.0000	0.1684	0.1684	0.0000	0.0502	0.0345	0.0156	0.0376	0.0279	0.0097	0.0125	0.0066	0.0059	1.0877	0.9410	0.1466	0.3463	0.2949	0.0513	0.7414	0.6461	0.0953	1.0069	0.7064	0.3005	0.5184	0.4509	0.0674	0.4886	0.2555	0.2331	4.1911	4.9370	0.0085	2.3330	3.2116	0.0064	8.8475	10.0390	0.0072	0.0498	0.0489	0.0520	0.0726	0.0618	0.1443	0.0257	0.0260	0.0254
60	87	0.3352	5	0	1	0	0	0	0	0	0	N	N	N	N	N	N	N	N	N	N	N	N	5.2937	6.0655	0.8080	4.2088	4.6909	0.3122	7.0038	11.1550	1.2722	0.3367	0.3830	0.0523	0.3042	0.3528	0.0166	0.3668	0.4107	0.0876	0.0636	0.0631	0.0648	0.0723	0.0752	0.0531	0.0524	0.0368	0.0689	0.0222	0.4116	-0.0168	-0.0216	6.1830	2.7608	4.8458	22.4044	0.2278	0.2229	0.0050	0.0991	0.0983	0.0008	0.1288	0.1246	0.0042	0.0942	0.0668	0.0275	0.0604	0.0545	0.0059	0.0338	0.0122	0.0216	0.6767	0.5820	0.0947	0.3257	0.2786	0.0471	0.3511	0.3034	0.0477	1.4816	1.0573	0.4243	0.8357	0.7249	0.1108	0.6459	0.3324	0.3135	5.2937	6.0655	0.8080	4.2088	4.6909	0.3122	7.0038	11.1550	1.2722	0.0636	0.0631	0.0648	0.0723	0.0752	0.0531	0.0524	0.0368	0.0689
60	88	0.2054	4	0	1	0	0	0	0	0	0	N	N	N	N	N	N	N	N	N	N	N	N	1.9818	3.8306	0.2796	2.8586	3.3278	0.1241	1.4924	3.0576	0.2655	0.1586	0.1747	0.0420	0.1029	0.1096	0.0069	0.1688	0.1876	0.0452	0.0800	0.0456	0.1501	0.0360	0.0329	0.0557	0.1131	0.0614	0.1701	0.0333	1.6146	-0.0088	0.0104	6.1830	8.8820	4.8458	49.9570	0.1387	0.1343	0.0045	0.0140	0.0139	0.0001	0.1247	0.1203	0.0044	0.1076	0.0412	0.0665	0.0208	0.0165	0.0043	0.0869	0.0247	0.0622	0.8750	0.7685	0.1065	0.1360	0.1271	0.0089	0.7389	0.6414	0.0976	1.3455	0.9027	0.4428	0.5776	0.5002	0.0774	0.7679	0.4025	0.3654	1.9818	3.8306	0.2796	2.8586	3.3278	0.1241	1.4924	3.0576	0.2655	0.0800	0.0456	0.1501	0.0360	0.0329	0.0557	0.1131	0.0614	0.1701
60	90	0.0901	6	0	2	0	1	0	0	0	0	N	Y	N	N	N	N	N	N	N	N	N	N	0.0000	0.0000	0.0000	0.0000	0.0000	0.0000	0.0000	0.0000	0.0000	0.0000	0.0000	0.0000	0.0000	0.0000	0.0000	0.0000	0.0000	0.0000	0.0000	0.0000	6.1830	0.0000	4.8458	0.0000	0.0000	0.0000	0.0000	0.0000	0.0000	0.0000	0.0000	0.0000	0.0000	0.0000	0.0000	0.0000	0.0000	0.0000	0.0000	0.0000	0.0000	0.0000	0.0000	0.0000	0.0000	0.0000	0.0000	0.0000	0.0000	0.0000	0.0000	0.0000	0.0000	0.0000	0.0000	0.0000	0.0000	0.0000	0.0000	0.0000	0.0000	0.0000	0.0000	0.0000	0.0000	0.0000	0.0000	0.0000	0.0000	0.0000	0.0000	0.0000	0.0000	0.0000	0.0000	0.0000	0.0000	0.0000											
60	91	0.0793	5	0	2	0	1	0	0	0	0	N	Y	N	N	N	N	N	N	N	N	N	N	0.0000	0.0000	0.0000	0.0000	0.0000	0.0000	0.0000	0.0000	0.0000	0.0000	0.0000	0.0000	0.0000	0.0000	0.0000	0.0000	0.0000	0.0000	0.0000	0.0000	6.1830	1.0000	4.8458	3.0000	0.0000	0.0000	0.0000	0.0000	0.0000	0.0000	0.0000	0.0000	0.0000	0.0000	0.0000	0.0000	0.0000	0.0000	0.0000	0.0000	0.0000	0.0000	0.0887	0.0791	0.0096	0.0308	0.0284	0.0024	0.0579	0.0507	0.0072	0.0985	0.0493	0.0492	0.0111	0.0095	0.0016	0.0873	0.0398	0.0476	0.0000	0.0000	0.0000	0.0000	0.0000	0.0000	0.0000	0.0000	0.0000	0.0000	0.0000	0.0000	0.0000	0.0000	0.0000	0.0000	0.0000	0.0000											
60	92	0.0728	3	0	2	0	0	0	0	0	0	N	Y	N	N	N	N	N	N	N	N	N	N	0.0000	0.0000	0.0000	0.0000	0.0000	0.0000	0.0000	0.0000	0.0000	0.0000	0.0000	0.0000	0.0000	0.0000	0.0000	0.0000	0.0000	0.0000	0.0000	0.0000	6.1830	0.0000	4.8458	0.0000	0.0000	0.0000	0.0000	0.0000	0.0000	0.0000	0.0000	0.0000	0.0000	0.0000	0.0000	0.0000	0.0000	0.0000	0.0000	0.0000	0.0000	0.0000	0.0000	0.0000	0.0000	0.0000	0.0000	0.0000	0.0000	0.0000	0.0000	0.0000	0.0000	0.0000	0.0000	0.0000	0.0000	0.0000	0.0000	0.0000	0.0000	0.0000	0.0000	0.0000	0.0000	0.0000	0.0000	0.0000	0.0000	0.0000	0.0000	0.0000	0.0000	0.0000	0.0000	0.0000	0.0000	0.0000											
60	93	0.0793	5	0	1	1	1	0	0	0	0	N	N	N	N	N	N	N	N	N	N	N	N	0.0000	0.0000	0.0000	0.0000	0.0000	0.0000	0.0000	0.0000	0.0000	0.0000	0.0000	0.0000	0.0000	0.0000	0.0000	0.0000	0.0000	0.0000	0.0000	0.0000	6.1830	0.0000	4.8458	0.0000	0.0000	0.0000	0.0000	0.0000	0.0000	0.0000	0.0000	0.0000	0.0000	0.0000	0.0000	0.0000	0.0000	0.0000	0.0000	0.0000	0.0000	0.0000	0.0000	0.0000	0.0000	0.0000	0.0000	0.0000	0.0000	0.0000	0.0000	0.0000	0.0000	0.0000	0.0000	0.0000	0.0000	0.0000	0.0000	0.0000	0.0000	0.0000	0.0000	0.0000	0.0000	0.0000	0.0000	0.0000	0.0000	0.0000	0.0000	0.0000	0.0000	0.0000	0.0000	0.0000	0.0000	0.0000											
60	94	0.0767	4	0	1	0	1	0	0	0	0	N	N	N	N	N	N	N	N	N	N	N	N	0.0000	0.0000	0.0000	0.0000	0.0000	0.0000	0.0000	0.0000	0.0000	0.0000	0.0000	0.0000	0.0000	0.0000	0.0000	0.0669	0.1340	0.0000	0.0000	0.0000	0.0000	0.0766	0.1724	0.0000	0.0000	0.0000	-0.0009	6.1830	1.0000	4.8458	0.0097	0.0000	0.0000	0.0000	0.0000	0.0000	0.0000	0.0000	0.0000	0.0000	0.0018	0.0018	0.0000	0.0000	0.0000	0.0000	0.0018	0.0018	0.0000	0.0887	0.0791	0.0096	0.0308	0.0284	0.0024	0.0579	0.0507	0.0072	0.0267	0.0133	0.0134	0.0034	0.0030	0.0004	0.0233	0.0104	0.0129	0.0000	0.0000	0.0000	0.0000	0.0000	0.0000	0.0000	0.0000	0.0000	0.0669	0.1340	0.0000	0.0000	0.0000	0.0000	0.0766	0.1724	0.0000				
60	95	0.0767	4	0	1	1	1	0	0	0	0	N	N	N	N	N	N	N	N	N	N	N	N	0.0000	0.0000	0.0000	0.0000	0.0000	0.0000	0.0000	0.0000	0.0000	0.0000	0.0000	0.0000	0.0000	6.1566	12.2795	0.0000	53.2541	61.9898	0.0000	0.0000	0.0000	0.0000	0.0000	0.0000	-0.3935	6.1830	2.0000	4.8458	3.0050	0.0000	0.0000	0.0000	0.0000	0.0000	0.0000	0.0000	0.0000	0.0000	0.7551	0.7551	0.0000	0.7551	0.7551	0.0000	0.0000	0.0000	0.0000	0.1749	0.1561	0.0189	0.0604	0.0558	0.0047	0.1145	0.1003	0.0142	0.1227	0.0615	0.0612	0.0142	0.0122	0.0020	0.1085	0.0493	0.0592	0.0000	0.0000	0.0000	0.0000	0.0000	0.0000	0.0000	0.0000	0.0000	6.1566	12.2795	0.0000	53.2541	61.9898	0.0000	0.0000	0.0000	0.0000						
60	96	0.0767	4	0	1	1	1	0	0	0	0	N	N	N	N	N	N	N	N	N	N	N	N	0.0000	0.0000	0.0000	0.0000	0.0000	0.0000	0.0000	0.0000	0.0000	0.0000	0.0000	0.0000	0.0000	0.0000	0.0000	0.0000	4.5226	8.9971	0.0001	39.5430	46.1136	0.0000	0.0001	0.0000	0.0001	0.0000	0.0000	-0.3935	6.1830	0.0000	4.8458	6.9903	0.0000	0.0000	0.0000	0.0000	0.0000	0.0000	0.0000	0.0000	0.0000	0.7551	0.7551	0.0000	0.7551	0.7551	0.0000	0.0000	0.0000	0.0000	0.0000	0.0000	0.0000	0.0000	0.0000	0.0000	0.0000	0.0000	0.0000	0.1670	0.0839	0.0830	0.0191	0.0164	0.0027	0.1479	0.0676	0.0803	0.0000	0.0000	0.0000	0.0000	0.0000	0.0000	0.0000	0.0000	0.0000	4.5226	8.9971	0.0001	39.5430	46.1136	0.0000	0.0001	0.0000	0.0001			
60	97	0.0711	3	0	1	0	1	0	0	0	0	N	N	N	N	N	N	N	N	N	N	N	N	0.0000	0.0000	0.0000	0.0000	0.0000	0.0000	0.0000	0.0000	0.0000	0.0000	0.0000	0.0000	0.0000	0.0000	0.0000	0.0000	0.0000	0.0425	0.0800	0.0010	0.2273	0.2550	0.0000	0.0147	0.0301	0.0010	0.0113	0.0000	-0.0013	6.1830	0.9999	4.8458	1.0605	0.0000	0.0000	0.0000	0.0000	0.0000	0.0000	0.0000	0.0000	0.0000	0.0026	0.0025	0.0000	0.0018	0.0018	0.0000	0.0008	0.0007	0.0000	0.1347	0.1218	0.0130	0.0511	0.0476	0.0035	0.0836	0.0741	0.0095	0.0601	0.0315	0.0285	0.0078	0.0070	0.0009	0.0522	0.0245	0.0277	0.0000	0.0000	0.0000	0.0000	0.0000	0.0000	0.0000	0.0000	0.0000	0.0425	0.0800	0.0010	0.2273	0.2550	0.0000	0.0147	0.0301	0.0010		
60	98	0.0690	2	0	1	0	1	0	0	0	0	N	N	N	N	N	N	N	N	N	N	N	N	35.6727	11.9426	431.6910	15.2375	12.3881	8172.4543	46.2103	0.0302	483.1013	2.1481	1.0789	10.3535	2.2745	2.0128	6.2112	2.0190	0.0019	11.9115	0.0602	0.0903	0.0240	0.1493	0.1625	0.0008	0.0437	0.0646	0.0247	1.2505	0.2207	0.0004	-0.0007	6.1830	0.0012	4.8458	1.0414	0.0010	0.0004	0.0005	0.0005	0.0004	0.0001	0.0005	0.0000	0.0005	0.0020	0.0016	0.0004	0.0008	0.0008	0.0000	0.0012	0.0009	0.0004	0.0005	0.0004	0.0001	0.0002	0.0002	0.0000	0.0002	0.0002	0.0000	0.0333	0.0182	0.0151	0.0052	0.0048	0.0004	0.0281	0.0134	0.0147	35.6727	11.9426	431.6910	15.2375	12.3881	8172.4543	46.2103	0.0302	483.1013	0.0602	0.0903	0.0240	0.1493	0.1625	0.0008	0.0437	0.0646	0.0247
60	101	0.0759	4	1	2	0	0	0	0	0	0	N	Y	N	N	N	N	N	N	N	N	N	N	0.0000	0.0000	0.0000	0.0000	0.0000	0.0000	0.0000	0.0000	0.0000	0.0000	0.0000	0.0000	0.0000	0.0000	0.0000	0.0000	0.0000	0.0000	0.0000	0.0000	6.1830	0.0000	4.8458	3.0000	0.0000	0.0000	0.0000	0.0000	0.0000	0.0000	0.0000	0.0000	0.0000	0.0000	0.0000	0.0000	0.0000	0.0000	0.0000	0.0000	0.0000	0.0000	0.0000	0.0000	0.0000	0.0000	0.0000	0.0000	0.0000	0.0000	0.0000	0.0793	0.0400	0.0393	0.0083	0.0070	0.0012	0.0711	0.0329	0.0381	0.0000	0.0000	0.0000	0.0000	0.0000	0.0000	0.0000	0.0000	0.0000	0.0000	0.0000	0.0000	0.0000	0.0000	0.0000	0.0000	0.0000	0.0000											
60	102	0.0728	3	1	2	0	0	0	0	0	0	N	Y	N	N	N	N	N	N	N	N	N	N	0.0000	0.0000	0.0000	0.0000	0.0000	0.0000	0.0000	0.0000	0.0000	0.0000	0.0000	0.0000	0.0000	0.0000	0.0000	0.0000	0.0000	0.0000	0.0000	0.0000	6.1830	0.0000	4.8458	1.0000	0.0000	0.0000	0.0000	0.0000	0.0000	0.0000	0.0000	0.0000	0.0000	0.0000	0.0000	0.0000	0.0000	0.0000	0.0000	0.0000	0.0000	0.0000	0.0000	0.0000	0.0000	0.0000	0.0000	0.0000	0.0000	0.0000	0.0000	0.0276	0.0139	0.0137	0.0029	0.0024	0.0004	0.0247	0.0114	0.0133	0.0000	0.0000	0.0000	0.0000	0.0000	0.0000	0.0000	0.0000	0.0000	0.0000	0.0000	0.0000	0.0000	0.0000	0.0000	0.0000	0.0000	0.0000											
60	103	0.0690	2	0	2	0	0	0	0	0	0	N	Y	N	N	N	N	N	N	N	N	N	N	40.5652	0.0221	533.2952	263.0472	0.3040	9843.8264	62.0023	0.0268	597.4168	1.4770	0.0010	12.3217	0.4528	0.0005	7.3711	2.6552	0.0017	14.1903	0.0364	0.0475	0.0231	0.0017	0.0018	0.0007	0.0428	0.0637	0.0238	1601.0095	0.4051	0.0005	-0.0003	6.1830	0.0006	4.8458	1.0534	0.0005	0.0000	0.0005	0.0001	0.0000	0.0001	0.0005	0.0000	0.0005	0.0012	0.0009	0.0004	0.0000	0.0000	0.0000	0.0012	0.0009	0.0004	0.0004	0.0003	0.0000	0.0002	0.0002	0.0000	0.0002	0.0001	0.0000	0.0336	0.0184	0.0153	0.0052	0.0048	0.0004	0.0284	0.0135	0.0149	40.5652	0.0221	533.2952	263.0472	0.3040	9843.8264	62.0023	0.0268	597.4168	0.0364	0.0475	0.0231	0.0017	0.0018	0.0007	0.0428	0.0637	0.0238
60	109	0.2877	5	0	1	0	0	0	0	0	0	N	N	N	N	N	N	N	N	N	N	N	N	0.3662	0.3087	0.0048	3.3933	3.6185	0.0245	0.0000	0.0000	0.0002	0.0096	0.0109	0.0000	0.0740	0.0779	0.0006	0.0000	0.0000	0.0000	0.0261	0.0353	0.0065	0.0218	0.0215	0.0234	0.0301	0.0555	0.0017	0.0004	0.0857	-0.0007	-0.0129	6.1830	7.7801	4.8458	32.2209	0.0070	0.0070	0.0000	0.0070	0.0070	0.0000	0.0000	0.0000	0.0000	0.0292	0.0269	0.0023	0.0116	0.0098	0.0018	0.0176	0.0171	0.0005	0.7308	0.6425	0.0883	0.0946	0.0898	0.0048	0.6362	0.5527	0.0835	1.1172	0.7628	0.3544	0.5328	0.4543	0.0785	0.5845	0.3085	0.2759	0.3662	0.3087	0.0048	3.3933	3.6185	0.0245	0.0000	0.0000	0.0002	0.0261	0.0353	0.0065	0.0218	0.0215	0.0234	0.0301	0.0555	0.0017
61	62	0.3838	6	0	0	0	0	0	0	0	0	N	N	N	N	N	N	N	N	N	N	N	N	4.5353	161.0791	0.0000	0.0146	0.0835	0.0003	3.0220	17385.4361	0.0000	3.2967	3.7507	0.0001	0.0032	0.0033	0.0006	3.5975	4.1277	0.0001	0.7269	0.0233	2.3168	0.2170	0.0394	2.1545	1.1904	0.0002	2.6114	0.0000	44.0325	-0.0953	0.7105	1.0140	22.0948	12.0537	64.3951	0.9974	0.9974	0.0000	0.0001	0.0001	0.0000	0.9974	0.9974	0.0000	1.5556	0.0345	1.5211	0.2212	0.0344	0.1868	1.3345	0.0001	1.3343	0.3026	0.2659	0.0366	0.0253	0.0243	0.0010	0.2772	0.2416	0.0356	2.1401	1.4836	0.6566	1.0191	0.8735	0.1456	1.1210	0.6100	0.5110	4.5353	161.0791	0.0000	0.0146	0.0835	0.0004	3.0220	17385.4361	0.0000	0.7269	0.0233	2.3168	0.2170	0.0394	1.2830	1.1904	0.0002	2.6114
61	63	0.3862	7	0	0	0	0	0	0	0	0	N	N	N	N	N	N	N	N	N	N	N	N	263.9612	0.0000	13532.0128	0.2055	0.0000	16.7764	1249.7808	0.0000	21960.5018	20.8017	0.0000	154.2156	0.0349	0.0000	0.6388	21.9823	0.0000	157.6337	0.0788	0.1100	0.0114	0.1697	0.1856	0.0381	0.0176	0.0264	0.0072	inf	0.0480	0.9024	-0.0412	1.0140	3.0638	12.0537	18.8214	0.9978	0.0000	0.9978	0.0001	0.0000	0.0001	0.9977	0.0000	0.9977	0.0867	0.0827	0.0040	0.0751	0.0733	0.0018	0.0116	0.0094	0.0022	0.0480	0.0415	0.0065	0.0026	0.0024	0.0001	0.0454	0.0391	0.0063	1.1003	0.7521	0.3482	0.4427	0.3952	0.0475	0.6576	0.3569	0.3007	263.9612	0.0000	13532.0128	0.2055	0.0000	16.7764	1249.7808	0.0000	21960.5018	0.0788	0.1100	0.0114	0.1697	0.1856	0.0381	0.0176	0.0264	0.0072
61	64	0.4626	9	1	1	1	0	0	0	0	0	N	N	N	N	N	N	N	N	N	N	N	N	0.0001	0.0000	0.0038	0.0009	0.0000	0.1053	0.0002	0.0000	0.0007	0.0000	0.0000	0.0000	0.0000	0.0000	0.0007	0.0000	0.0000	0.0000	0.0182	0.0250	0.0041	0.0389	0.0447	0.0062	0.0022	0.0012	0.0035	inf	0.0779	0.0000	-0.0038	1.0140	1.0029	12.0537	8.4685	0.0000	0.0000	0.0000	0.0000	0.0000	0.0000	0.0000	0.0000	0.0000	0.0086	0.0080	0.0006	0.0080	0.0078	0.0002	0.0006	0.0002	0.0004	0.0161	0.0139	0.0022	0.0008	0.0007	0.0000	0.0153	0.0132	0.0021	0.4703	0.3182	0.1521	0.2048	0.1742	0.0306	0.2654	0.1440	0.1215	0.0001	0.0000	0.0038	0.0009	0.0000	0.1053	0.0002	0.0000	0.0007	0.0182	0.0250	0.0041	0.0389	0.0447	0.0062	0.0022	0.0012	0.0035
61	65	0.4413	8	0	1	0	0	0	0	0	0	N	N	N	N	N	N	N	N	N	N	N	N	0.0100	0.0001	0.0483	0.0243	0.0001	0.4446	0.0000	0.0000	0.0000	0.0004	0.0000	0.0041	0.0015	0.0000	0.1151	0.0000	0.0000	0.0000	0.0386	0.0145	0.0851	0.0610	0.0274	0.2588	0.0233	0.0003	0.0489	408.1721	3.0278	0.0000	0.0028	1.0140	0.7961	12.0537	8.5878	0.0000	0.0000	0.0000	0.0000	0.0000	0.0000	0.0000	0.0000	0.0000	0.0123	0.0031	0.0093	0.0079	0.0030	0.0049	0.0044	0.0000	0.0044	0.0205	0.0186	0.0019	0.0054	0.0053	0.0001	0.0152	0.0133	0.0019	0.3191	0.2104	0.1087	0.1292	0.1105	0.0188	0.1899	0.1000	0.0899	0.0100	0.0001	0.0483	0.0243	0.0001	0.4446	0.0000	0.0000	0.0000	0.0386	0.0145	0.0851	0.0610	0.0274	0.2588	0.0233	0.0003	0.0489
61	69	0.4413	8	1	0	1	0	0	0	0	0	N	N	N	N	N	N	N	N	N	N	N	N	0.0000	0.0000	0.0000	0.0000	0.0000	0.0000	0.0000	0.0000	0.0000	0.0000	0.0000	0.0000	0.0000	0.0000	0.0000	0.0000	0.0000	0.0006	0.0001	0.0016	0.0014	0.0003	0.0086	0.0001	0.0000	0.0002	5.7290	0.0000	0.0000	1.0140	0.0000	12.0537	4.9600	0.0000	0.0000	0.0000	0.0000	0.0000	0.0000	0.0000	0.0000	0.0000	0.0001	0.0000	0.0001	0.0001	0.0000	0.0001	0.0000	0.0000	0.0000	0.0000	0.0000	0.0000	0.0000	0.0000	0.0000	0.0000	0.0000	0.0000	0.2043	0.1357	0.0686	0.0836	0.0720	0.0116	0.1207	0.0637	0.0570	0.0000	0.0000	0.0000	0.0000	0.0000	0.0000	0.0000	0.0000	0.0000	0.0006	0.0001	0.0016	0.0014	0.0003	0.0086	0.0001	0.0000	0.0002		
61	71	0.4549	10	0	0	1	0	0	0	0	0	N	N	N	N	N	N	N	N	N	N	N	N	0.0000	0.0000	0.0000	0.0000	0.0000	0.0000	0.0000	0.0000	0.0000	0.0000	0.0000	0.0000	0.0000	0.0000	0.0000	0.0000	0.0000	0.0001	0.0001	0.0001	0.0003	0.0003	0.0004	0.0000	0.0000	0.0000	0.3024	0.0000	-0.0000	1.0140	1.0000	12.0537	0.0055	0.0000	0.0000	0.0000	0.0000	0.0000	0.0000	0.0000	0.0000	0.0000	0.0000	0.0000	0.0000	0.0000	0.0000	0.0000	0.0000	0.0000	0.0000	0.0089	0.0078	0.0011	0.0011	0.0011	0.0001	0.0078	0.0067	0.0010	0.0227	0.0142	0.0084	0.0063	0.0056	0.0007	0.0164	0.0087	0.0077	0.0000	0.0000	0.0000	0.0000	0.0000	0.0000	0.0000	0.0000	0.0000	0.0001	0.0001	0.0001	0.0003	0.0003	0.0004	0.0000	0.0000	0.0000		
61	72	0.4482	9	0	0	1	0	0	0	0	0	N	N	N	N	N	N	N	N	N	N	N	N	0.0000	0.0000	0.0000	0.0000	0.0000	0.0000	0.0000	0.0000	0.0000	0.0000	0.0000	0.0000	0.0000	0.0000	0.0000	0.0000	0.0000	0.0030	0.0031	0.0027	0.0094	0.0078	0.0224	0.0004	0.0000	0.0008	0.4974	0.0000	-0.0000	1.0140	0.0000	12.0537	1.0265	0.0000	0.0000	0.0000	0.0000	0.0000	0.0000	0.0000	0.0000	0.0000	0.0001	0.0000	0.0000	0.0001	0.0000	0.0000	0.0000	0.0000	0.0000	0.0000	0.0000	0.0000	0.0000	0.0000	0.0000	0.0000	0.0000	0.0000	0.0243	0.0154	0.0089	0.0070	0.0062	0.0008	0.0173	0.0092	0.0081	0.0000	0.0000	0.0000	0.0000	0.0000	0.0000	0.0000	0.0000	0.0000	0.0030	0.0031	0.0027	0.0094	0.0078	0.0224	0.0004	0.0000	0.0008		
61	73	0.4428	8	0	0	0	0	0	0	0	0	N	N	N	N	N	N	N	N	N	N	N	N	0.0000	0.0000	0.0000	0.0000	0.0000	0.0000	0.0000	0.0000	0.0000	0.0000	0.0000	0.0000	0.0000	0.0000	0.0000	0.0000	0.0000	0.0000	0.0031	0.0026	0.0046	0.0054	0.0042	0.0202	0.0006	0.0000	0.0016	0.5332	0.0000	-0.0002	1.0140	0.0000	12.0537	1.0321	0.0000	0.0000	0.0000	0.0000	0.0000	0.0000	0.0000	0.0000	0.0000	0.0012	0.0008	0.0004	0.0011	0.0008	0.0003	0.0001	0.0000	0.0001	0.0037	0.0036	0.0001	0.0019	0.0018	0.0000	0.0018	0.0017	0.0001	0.3981	0.3045	0.0936	0.2054	0.1904	0.0150	0.1927	0.1140	0.0786	0.0000	0.0000	0.0000	0.0000	0.0000	0.0000	0.0000	0.0000	0.0000	0.0031	0.0026	0.0046	0.0054	0.0042	0.0202	0.0006	0.0000	0.0016	
61	74	0.4200	7	0	0	0	0	0	0	0	0	N	N	N	N	N	N	N	N	N	N	N	N	0.0103	0.0088	0.0071	0.0022	0.0010	0.0579	0.0708	0.1374	0.0021	0.0010	0.0012	0.0003	0.0005	0.0002	0.0105	0.0011	0.0013	0.0000	0.1020	0.1329	0.0356	0.2347	0.2385	0.1808	0.0156	0.0093	0.0224	0.0322	0.1245	-0.0000	-0.0293	1.0140	0.5629	12.0537	8.5245	0.0000	0.0000	0.0000	0.0000	0.0000	0.0000	0.0000	0.0000	0.0000	0.0714	0.0635	0.0079	0.0648	0.0615	0.0034	0.0066	0.0020	0.0046	0.0100	0.0088	0.0013	0.0009	0.0009	0.0000	0.0091	0.0079	0.0013	0.7000	0.4779	0.2220	0.2762	0.2577	0.0185	0.4238	0.2203	0.2035	0.0103	0.0088	0.0071	0.0022	0.0010	0.0579	0.0708	0.1374	0.0021	0.1020	0.1329	0.0356	0.2347	0.2385	0.1808	0.0156	0.0093	0.0224
61	75	0.4797	10	0	1	0	0	0	0	0	0	N	N	N	N	N	N	N	N	N	N	N	N	0.0000	0.0000	0.0000	0.0000	0.0000	0.0000	0.0000	0.0000	0.0000	0.0000	0.0000	0.0000	0.0000	0.0000	0.0000	0.0000	0.0000	0.0000	0.0041	0.0055	0.0015	0.0083	0.0093	0.0021	0.0007	0.0000	0.0014	0.1432	0.0000	-0.0004	1.0140	1.9994	12.0537	4.0943	0.0000	0.0000	0.0000	0.0000	0.0000	0.0000	0.0000	0.0000	0.0000	0.0009	0.0008	0.0001	0.0008	0.0008	0.0000	0.0001	0.0000	0.0001	0.0178	0.0156	0.0022	0.0016	0.0015	0.0001	0.0161	0.0140	0.0021	0.2229	0.1479	0.0750	0.1015	0.0873	0.0142	0.1214	0.0605	0.0608	0.0000	0.0000	0.0000	0.0000	0.0000	0.0000	0.0000	0.0000	0.0000	0.0041	0.0055	0.0015	0.0083	0.0093	0.0021	0.0007	0.0000	0.0014	
61	76	0.4734	9	0	0	0	0	0	0	0	0	N	N	N	N	N	N	N	N	N	N	N	N	0.0000	0.0000	0.0000	0.0000	0.0000	0.0000	0.0000	0.0000	0.0000	0.0000	0.0000	0.0000	0.0000	0.0000	0.0000	0.0000	0.0000	0.0000	1.9306	0.4714	4.7728	0.7391	0.7341	0.8521	3.0032	0.0122	5.5199	5.1982	0.0000	0.0846	1.0140	0.0011	12.0537	2.7207	0.0000	0.0000	0.0000	0.0000	0.0000	0.0000	0.0000	0.0000	0.0000	0.2663	0.0430	0.2233	0.0483	0.0426	0.0057	0.2180	0.0004	0.2176	0.0000	0.0000	0.0000	0.0000	0.0000	0.0000	0.0000	0.0000	0.0000	0.1379	0.0911	0.0468	0.0653	0.0580	0.0074	0.0726	0.0332	0.0394	0.0000	0.0000	0.0000	0.0000	0.0000	0.0000	0.0000	0.0000	0.0000	1.9306	0.4714	4.7728	0.7391	0.7341	0.7782	3.0032	0.0122	5.5199	
61	77	0.4413	8	0	0	0	0	0	0	0	0	N	N	N	N	N	N	N	N	N	N	N	N	0.0000	0.0000	0.0000	0.0000	0.0000	0.0000	0.0000	0.0000	0.0000	0.0000	0.0000	0.0000	0.0000	0.0000	0.0000	0.0000	0.0000	0.0000	2.5734	0.7542	6.0747	1.2477	1.3969	0.3806	3.4705	0.0489	7.2686	4.1849	-0.0000	0.2726	1.0140	0.0001	12.0537	10.0074	0.0000	0.0000	0.0000	0.0000	0.0000	0.0000	0.0000	0.0000	0.0000	0.9531	0.1838	0.7693	0.1865	0.1781	0.0084	0.7666	0.0057	0.7609	0.0089	0.0086	0.0003	0.0045	0.0044	0.0000	0.0044	0.0041	0.0003	0.3704	0.2437	0.1266	0.1495	0.1275	0.0220	0.2209	0.1162	0.1047	0.0000	0.0000	0.0000	0.0000	0.0000	0.0000	0.0000	0.0000	0.0000	2.5734	0.7542	6.0747	1.2477	1.3969	0.3806	3.4705	0.0489	7.2686	
61	78	0.4615	9	1	0	1	0	0	0	0	0	N	N	N	N	N	N	N	N	N	N	N	N	10.3804	7.8525	8.2223	7.3703	0.9057	0.5308	0.0004	0.0004	0.0000	0.0005	0.0006	0.0000	0.0000	0.0000	0.0000	0.0000	0.0001	0.0000	0.0001	0.0001	0.0000	0.0000	0.0000	0.0000	0.0000	0.0000	-0.0000	-0.0000	1.0140	1.6246	12.0537	0.0115	0.0000	0.0000	0.0000	0.0000	0.0000	0.0000	0.0000	0.0000	0.0000	0.0000	0.0000	0.0000	0.0000	0.0000	0.0000	0.0000	0.0000	0.0000	0.0492	0.0456	0.0037	0.0358	0.0338	0.0020	0.0135	0.0118	0.0017	0.0481	0.0337	0.0144	0.0270	0.0229	0.0041	0.0211	0.0108	0.0103	10.3804	7.8525	0.0000	8.2223	7.3703	0.0000	0.9057	0.5308	0.0000	0.0000	0.0001	0.0000	0.0001	0.0001	0.0000	0.0000	0.0000	0.0000			
61	79	0.4413	8	1	0	1	0	0	0	0	0	N	N	N	N	N	N	N	N	N	N	N	N	0.0575	0.0432	0.0000	0.2173	0.1945	0.0000	0.0000	0.0000	0.0000	0.0004	0.0005	0.0000	0.0038	0.0040	0.0000	0.0000	0.0000	0.0000	0.0070	0.0107	0.0000	0.0174	0.0205	0.0000	0.0000	0.0000	0.0000	0.0000	0.0001	-0.0000	-0.0016	1.0140	8.1927	12.0537	3.9952	0.0001	0.0001	0.0000	0.0001	0.0001	0.0000	0.0000	0.0000	0.0000	0.0030	0.0030	0.0000	0.0030	0.0030	0.0000	0.0000	0.0000	0.0000	0.1281	0.1121	0.0160	0.0136	0.0130	0.0007	0.1145	0.0992	0.0153	0.4337	0.2848	0.1488	0.1744	0.1485	0.0259	0.2593	0.1363	0.1229	0.0575	0.0432	0.0000	0.2173	0.1945	0.0000	0.0000	0.0000	0.0000	0.0070	0.0107	0.0000	0.0174	0.0205	0.0000	0.0000	0.0000	0.0000
61	80	0.4413	8	0	1	0	1	0	0	0	0	N	N	N	N	N	N	N	N	N	N	N	N	0.0085	0.0000	0.0322	0.0366	0.0000	0.4780	0.0000	0.0000	0.0004	0.0000	0.0041	0.0015	0.0000	0.1154	0.0000	0.0000	0.0000	0.0458	0.0024	0.1278	0.0405	0.0046	0.2413	0.0492	0.0000	0.1038	inf	28.0726	0.0000	0.0119	1.0140	0.7962	12.0537	19.0091	0.0000	0.0000	0.0000	0.0000	0.0000	0.0000	0.0000	0.0000	0.0000	0.0267	0.0009	0.0258	0.0095	0.0009	0.0085	0.0173	0.0000	0.0173	0.0205	0.0186	0.0019	0.0054	0.0053	0.0001	0.0152	0.0133	0.0019	0.5846	0.3825	0.2020	0.2333	0.1979	0.0354	0.3513	0.1846	0.1667	0.0085	0.0000	0.0322	0.0366	0.0000	0.4780	0.0000	0.0000	0.0000	0.0458	0.0024	0.1278	0.0405	0.0046	0.2413	0.0492	0.0000	0.1038	
61	81	0.4413	8	0	1	0	0	0	0	0	0	N	N	N	N	N	N	N	N	N	N	N	N	0.0003	0.0000	0.0013	0.0019	0.0000	0.3689	0.0000	0.0000	0.0000	0.0004	0.0000	0.0041	0.0015	0.0000	0.1154	0.0000	0.0000	0.0000	1.4209	0.4398	3.2651	0.7711	0.8543	0.3127	1.8477	0.0013	3.8930	inf	3.9499	0.0000	0.2820	1.0140	0.7962	12.0537	25.3140	0.0000	0.0000	0.0000	0.0000	0.0000	0.0000	0.0000	0.0000	0.0000	1.0183	0.2057	0.8126	0.2191	0.2054	0.0137	0.7993	0.0003	0.7990	0.0205	0.0186	0.0019	0.0054	0.0053	0.0001	0.0152	0.0133	0.0019	0.7167	0.4678	0.2489	0.2841	0.2405	0.0437	0.4326	0.2273	0.2052	0.0003	0.0000	0.0013	0.0019	0.0000	0.3689	0.0000	0.0000	0.0000	1.4209	0.4398	3.2651	0.7711	0.8543	0.3127	1.8477	0.0013	3.8930
61	82	0.4413	8	0	1	0	0	0	0	0	0	N	N	N	N	N	N	N	N	N	N	N	N	7.3497	0.0000	38.1251	0.0003	0.0000	0.1827	9.1094	0.0000	32.9481	28.7318	0.0000	258.7142	0.0012	0.0000	0.0533	35.3003	0.0000	269.1173	3.9093	2.3747	6.7859	3.9614	4.6315	0.2916	3.8752	0.0007	8.1679	inf	1.5245	0.9042	0.2484	1.0140	1.7961	12.0537	27.0091	0.9998	0.0000	0.9998	0.0000	0.0000	0.0000	0.9998	0.0000	0.9998	3.0006	1.1886	1.8120	1.2021	1.1884	0.0137	1.7985	0.0002	1.7983	0.0348	0.0309	0.0039	0.0065	0.0063	0.0001	0.0283	0.0246	0.0037	0.7676	0.5005	0.2670	0.3035	0.2566	0.0469	0.4641	0.2439	0.2202	7.3497	0.0000	38.1251	0.0003	0.0000	0.1827	9.1094	0.0000	32.9481	3.9093	2.3747	6.7859	3.9614	4.6315	0.2916	3.8752	0.0007	8.1679
61	83	0.3862	7	0	0	0	0	0	0	0	0	N	N	N	N	N	N	N	N	N	N	N	N	0.0072	0.0087	0.0000	0.1451	0.1358	0.0003	0.0000	0.0000	0.0000	0.0142	0.0163	0.0000	0.2778	0.2957	0.0000	0.0000	0.0000	0.0000	1.9665	1.8736	2.1553	1.9142	2.1781	0.0374	1.9970	1.5902	2.4930	0.0000	0.5666	-0.0002	-0.4398	1.0140	10.0679	12.0537	33.8159	0.0020	0.0020	0.0000	0.0020	0.0020	0.0000	0.0000	0.0000	0.0000	2.7593	1.7613	0.9980	0.9893	0.9869	0.0024	1.7700	0.7744	0.9956	0.1431	0.1245	0.0186	0.0073	0.0069	0.0004	0.1358	0.1176	0.0182	1.4031	0.9401	0.4630	0.5168	0.4531	0.0637	0.8863	0.4870	0.3993	0.0072	0.0087	0.0000	0.1451	0.1358	0.0003	0.0000	0.0000	0.0000	1.9665	1.8736	2.1553	1.9142	2.1781	0.0374	1.9970	1.5902	2.4930
61	84	0.3586	6	0	0	0	0	0	0	0	0	N	N	N	N	N	N	N	N	N	N	N	N	0.7726	0.0424	11.2100	0.0707	0.0700	0.0044	1.8365	0.0903	12.8279	0.1245	0.0084	0.8612	0.0203	0.0210	0.0007	0.1347	0.0070	0.8791	0.1611	0.1982	0.0768	0.2876	0.2994	0.1478	0.0733	0.0775	0.0685	16.1686	0.1703	0.0017	-0.0629	1.0140	0.9441	12.0537	14.0836	0.0021	0.0001	0.0019	0.0000	0.0000	0.0000	0.0020	0.0001	0.0019	0.1674	0.1430	0.0244	0.1224	0.1175	0.0049	0.0450	0.0255	0.0195	0.0165	0.0143	0.0023	0.0015	0.0014	0.0000	0.0151	0.0129	0.0022	1.0389	0.7218	0.3172	0.4257	0.3926	0.0332	0.6132	0.3292	0.2840	0.7726	0.0424	11.2100	0.0707	0.0700	0.0044	1.8365	0.0903	12.8279	0.1611	0.1982	0.0768	0.2876	0.2994	0.1478	0.0733	0.0775	0.0685
61	85	0.4316	7	0	0	0	0	0	0	0	0	N	N	N	N	N	N	N	N	N	N	N	N	0.0028	0.0549	0.0000	0.1478	0.5501	0.0001	0.0000	0.0015	0.0000	0.0026	0.0029	0.0000	0.0416	0.0433	0.0002	0.0000	0.0000	0.0000	0.9066	0.0532	2.9199	0.2815	0.0788	2.3829	1.5409	0.0131	3.4123	0.0012	23.2573	-0.0001	0.6053	1.0140	15.0008	12.0537	28.2980	0.0006	0.0006	0.0000	0.0006	0.0006	0.0000	0.0000	0.0000	0.0000	1.3830	0.0570	1.3260	0.2163	0.0516	0.1647	1.1668	0.0055	1.1613	0.2342	0.2053	0.0289	0.0143	0.0138	0.0006	0.2198	0.1915	0.0283	1.5255	1.0714	0.4541	0.7683	0.6545	0.1138	0.7572	0.4169	0.3403	0.0028	0.0549	0.0000	0.1478	0.5501	0.0001	0.0000	0.0015	0.0000	0.9066	0.0532	2.9199	0.2815	0.0788	1.4474	1.5409	0.0131	3.4123
61	86	0.4316	7	0	0	0	0	0	0	0	0	N	N	N	N	N	N	N	N	N	N	N	N	0.0147	0.0987	0.0000	0.1749	0.6562	0.0001	0.0000	0.0000	0.0000	0.0043	0.0049	0.0000	0.0469	0.0484	0.0003	0.0000	0.0000	0.0000	0.2906	0.0498	0.8866	0.2683	0.0737	2.3697	0.3167	0.0059	0.6887	0.0012	7.1952	-0.0001	0.1560	1.0140	10.8154	12.0537	27.4443	0.0006	0.0006	0.0000	0.0006	0.0006	0.0000	0.0000	0.0000	0.0000	0.4370	0.0533	0.3837	0.2175	0.0511	0.1664	0.2196	0.0022	0.2173	0.1395	0.1213	0.0182	0.0127	0.0123	0.0004	0.1268	0.1090	0.0178	1.5039	1.0711	0.4328	0.8107	0.6935	0.1172	0.6933	0.3777	0.3156	0.0147	0.0987	0.0000	0.1749	0.6562	0.0002	0.0000	0.0000	0.0000	0.2906	0.0498	0.8866	0.2683	0.0737	1.4195	0.3167	0.0059	0.6887
61	87	0.3838	6	0	0	0	0	0	0	0	0	N	N	N	N	N	N	N	N	N	N	N	N	0.1219	0.1850	0.0005	0.3688	0.4356	0.0017	0.0334	0.0794	0.0005	0.0373	0.0424	0.0003	0.1155	0.1176	0.0010	0.0099	0.0118	0.0002	0.3062	0.2292	0.5017	0.3132	0.2699	0.6009	0.2976	0.1480	0.4678	0.0008	0.8625	-0.0003	-0.0379	1.0140	2.7608	12.0537	22.4044	0.0030	0.0030	0.0000	0.0024	0.0024	0.0000	0.0006	0.0006	0.0000	0.6537	0.3510	0.3027	0.3676	0.2752	0.0924	0.2861	0.0758	0.2104	0.0802	0.0705	0.0097	0.0208	0.0204	0.0004	0.0594	0.0501	0.0093	2.1351	1.5317	0.6035	1.1735	1.0198	0.1537	0.9616	0.5119	0.4497	0.1219	0.1850	0.0005	0.3688	0.4356	0.0017	0.0334	0.0794	0.0005	0.3062	0.2292	0.5017	0.3132	0.2699	0.6009	0.2976	0.1480	0.4678
61	88	0.2540	5	0	0	0	0	0	0	0	0	N	N	N	N	N	N	N	N	N	N	N	N	0.0195	0.0269	0.0000	0.0088	0.0085	0.0005	0.0179	0.0273	0.0000	0.0173	0.0199	0.0001	0.0059	0.0061	0.0002	0.0181	0.0210	0.0001	0.8873	0.7393	1.1992	0.6712	0.7086	0.3643	1.0129	0.7681	1.3175	0.0004	0.7694	-0.0002	-0.1434	1.0140	8.8820	12.0537	49.9570	0.0025	0.0025	0.0000	0.0001	0.0001	0.0000	0.0024	0.0024	0.0000	1.6633	0.9400	0.7233	0.4626	0.4353	0.0273	1.2007	0.5047	0.6960	0.1419	0.1234	0.0184	0.0091	0.0089	0.0003	0.1327	0.1146	0.0182	1.8746	1.2714	0.6031	0.6892	0.6144	0.0748	1.1853	0.6571	0.5283	0.0195	0.0269	0.0000	0.0088	0.0085	0.0005	0.0179	0.0273	0.0000	0.8873	0.7393	1.1992	0.6712	0.7086	0.3643	1.0129	0.7681	1.3175
61	89	0.4413	8	1	1	0	1	0	0	0	0	N	N	N	N	N	N	N	N	N	N	N	N	0.0003	0.0000	0.0010	0.0178	0.0000	0.3587	0.0000	0.0000	0.0004	0.0000	0.0041	0.0015	0.0000	0.1154	0.0000	0.0000	0.0000	1.4993	0.0213	4.3064	0.0834	0.0411	0.3216	2.4434	0.0000	5.1503	inf	106.4180	0.0000	0.3778	1.0140	0.7962	12.0537	16.9291	0.0000	0.0000	0.0000	0.0000	0.0000	0.0000	0.0000	0.0000	0.0000	0.8045	0.0075	0.7970	0.0179	0.0075	0.0104	0.7866	0.0000	0.7866	0.0205	0.0186	0.0019	0.0054	0.0053	0.0001	0.0152	0.0133	0.0019	0.5366	0.3515	0.1851	0.2146	0.1823	0.0323	0.3219	0.1692	0.1527	0.0003	0.0000	0.0010	0.0178	0.0000	0.3587	0.0000	0.0000	0.0000	1.4993	0.0213	4.3064	0.0834	0.0411	0.3216	2.4434	0.0000	5.1503	
61	90	0.5133	13	0	1	0	1	0	0	0	0	N	N	N	N	N	N	N	N	N	N	N	N	0.0000	0.0000	0.0000	0.0000	0.0000	0.0000	0.0000	0.0000	0.0000	0.0000	0.0000	0.0000	0.0000	0.0000	0.0000	0.0000	0.0000	0.0000	0.0000	0.0000	1.0140	0.0000	12.0537	0.0000	0.0000	0.0000	0.0000	0.0000	0.0000	0.0000	0.0000	0.0000	0.0000	0.0000	0.0000	0.0000	0.0000	0.0000	0.0000	0.0000	0.0000	0.0000	0.0000	0.0000	0.0000	0.0000	0.0000	0.0000	0.0000	0.0000	0.0000	0.0000	0.0000	0.0000	0.0000	0.0000	0.0000	0.0000	0.0000	0.0000	0.0000	0.0000	0.0000	0.0000	0.0000	0.0000	0.0000	0.0000	0.0000	0.0000	0.0000	0.0000	0.0000	0.0000	0.0000	0.0000	0.0000	0.0000											
61	91	0.5026	12	0	1	0	1	0	0	0	0	N	N	N	N	N	N	N	N	N	N	N	N	0.0000	0.0000	0.0000	0.0000	0.0000	0.0000	0.0000	0.0000	0.0000	0.0000	0.0000	0.0000	0.0000	0.0000	0.0000	0.0000	0.0000	0.0000	0.0000	0.0000	1.0140	1.0000	12.0537	3.0000	0.0000	0.0000	0.0000	0.0000	0.0000	0.0000	0.0000	0.0000	0.0000	0.0000	0.0000	0.0000	0.0000	0.0000	0.0000	0.0000	0.0000	0.0000	0.0142	0.0127	0.0015	0.0062	0.0057	0.0005	0.0080	0.0070	0.0010	0.1065	0.0773	0.0292	0.0657	0.0552	0.0105	0.0408	0.0221	0.0188	0.0000	0.0000	0.0000	0.0000	0.0000	0.0000	0.0000	0.0000	0.0000	0.0000	0.0000	0.0000	0.0000	0.0000	0.0000	0.0000	0.0000	0.0000											
61	92	0.4961	10	0	1	0	0	0	0	0	0	N	N	N	N	N	N	N	N	N	N	N	N	0.0000	0.0000	0.0000	0.0000	0.0000	0.0000	0.0000	0.0000	0.0000	0.0000	0.0000	0.0000	0.0000	0.0000	0.0000	0.0000	0.0000	0.0000	0.0000	0.0000	1.0140	0.0000	12.0537	0.0000	0.0000	0.0000	0.0000	0.0000	0.0000	0.0000	0.0000	0.0000	0.0000	0.0000	0.0000	0.0000	0.0000	0.0000	0.0000	0.0000	0.0000	0.0000	0.0000	0.0000	0.0000	0.0000	0.0000	0.0000	0.0000	0.0000	0.0000	0.0000	0.0000	0.0000	0.0000	0.0000	0.0000	0.0000	0.0000	0.0000	0.0000	0.0000	0.0000	0.0000	0.0000	0.0000	0.0000	0.0000	0.0000	0.0000	0.0000	0.0000	0.0000	0.0000	0.0000	0.0000	0.0000	0.0000											
61	93	0.5026	12	0	0	1	1	0	0	0	0	N	N	N	N	N	N	N	N	N	N	N	N	0.0000	0.0000	0.0000	0.0000	0.0000	0.0000	0.0000	0.0000	0.0000	0.0000	0.0000	0.0000	0.0000	0.0000	0.0000	0.0000	0.0000	0.0000	0.0000	0.0000	1.0140	0.0000	12.0537	0.0000	0.0000	0.0000	0.0000	0.0000	0.0000	0.0000	0.0000	0.0000	0.0000	0.0000	0.0000	0.0000	0.0000	0.0000	0.0000	0.0000	0.0000	0.0000	0.0000	0.0000	0.0000	0.0000	0.0000	0.0000	0.0000	0.0000	0.0000	0.0000	0.0000	0.0000	0.0000	0.0000	0.0000	0.0000	0.0000	0.0000	0.0000	0.0000	0.0000	0.0000	0.0000	0.0000	0.0000	0.0000	0.0000	0.0000	0.0000	0.0000	0.0000	0.0000	0.0000	0.0000	0.0000	0.0000											
61	94	0.5000	11	0	0	0	1	0	0	0	0	N	N	N	N	N	N	N	N	N	N	N	N	0.0000	0.0000	0.0000	0.0000	0.0000	0.0000	0.0000	0.0000	0.0000	0.0000	0.0000	0.0000	0.0000	0.0019	0.0026	0.0000	0.0031	0.0036	0.0000	0.0000	0.0000	0.0000	0.0000	0.0000	-0.0000	1.0140	1.0000	12.0537	0.0097	0.0000	0.0000	0.0000	0.0000	0.0000	0.0000	0.0000	0.0000	0.0000	0.0001	0.0001	0.0000	0.0001	0.0001	0.0000	0.0000	0.0000	0.0000	0.0142	0.0127	0.0015	0.0062	0.0057	0.0005	0.0080	0.0070	0.0010	0.0290	0.0209	0.0082	0.0179	0.0151	0.0027	0.0112	0.0057	0.0054	0.0000	0.0000	0.0000	0.0000	0.0000	0.0000	0.0000	0.0000	0.0000	0.0019	0.0026	0.0000	0.0031	0.0036	0.0000	0.0000	0.0000	0.0000						
61	95	0.5000	11	0	0	1	1	0	0	0	0	N	N	N	N	N	N	N	N	N	N	N	N	0.0000	0.0000	0.0000	0.0000	0.0000	0.0000	0.0000	0.0000	0.0000	0.0000	0.0000	0.0000	0.0000	0.0000	0.0000	0.0000	0.0000	7.4593	0.0006	26.9472	0.0031	0.0008	0.0155	19.3378	0.0000	41.5338	18159.8307	0.0000	0.4743	1.0140	2.0000	12.0537	3.0050	0.0000	0.0000	0.0000	0.0000	0.0000	0.0000	0.0000	0.0000	0.0000	0.9904	0.0001	0.9903	0.0003	0.0001	0.0002	0.9901	0.0000	0.9901	0.0281	0.0251	0.0030	0.0122	0.0113	0.0009	0.0159	0.0138	0.0021	0.1328	0.0960	0.0368	0.0816	0.0687	0.0129	0.0512	0.0274	0.0238	0.0000	0.0000	0.0000	0.0000	0.0000	0.0000	0.0000	0.0000	0.0000	7.4593	0.0006	26.9472	0.0031	0.0008	0.0155	19.3378	0.0000	41.5338		
61	96	0.5000	11	0	0	1	1	0	0	0	0	N	N	N	N	N	N	N	N	N	N	N	N	0.0000	0.0000	0.0000	0.0000	0.0000	0.0000	0.0000	0.0000	0.0000	0.0000	0.0000	0.0000	0.0000	0.0000	0.0000	0.0000	0.0469	0.0083	0.1473	0.0099	0.0117	0.0000	0.1054	0.0000	0.2270	6.7757	0.0000	0.0030	1.0140	0.0000	12.0537	6.9903	0.0000	0.0000	0.0000	0.0000	0.0000	0.0000	0.0000	0.0000	0.0000	0.0085	0.0011	0.0074	0.0011	0.0011	0.0000	0.0074	0.0000	0.0074	0.0000	0.0000	0.0000	0.0000	0.0000	0.0000	0.0000	0.0000	0.0000	0.1807	0.1306	0.0501	0.1106	0.0930	0.0176	0.0701	0.0375	0.0325	0.0000	0.0000	0.0000	0.0000	0.0000	0.0000	0.0000	0.0000	0.0000	0.0469	0.0083	0.1473	0.0099	0.0117	0.0000	0.1054	0.0000	0.2270			
61	97	0.4944	10	0	0	0	1	0	0	0	0	N	N	N	N	N	N	N	N	N	N	N	N	0.0000	0.0000	0.0000	0.0000	0.0000	0.0000	0.0000	0.0000	0.0000	0.0000	0.0000	0.0000	0.0000	0.0000	0.0000	0.0000	0.0000	0.0000	0.0021	0.0009	0.0051	0.0015	0.0013	0.0026	0.0030	0.0000	0.0064	2.0628	0.0000	0.0000	1.0140	0.9999	12.0537	1.0605	0.0000	0.0000	0.0000	0.0000	0.0000	0.0000	0.0000	0.0000	0.0000	0.0001	0.0000	0.0001	0.0001	0.0000	0.0000	0.0001	0.0000	0.0001	0.0164	0.0147	0.0017	0.0082	0.0076	0.0006	0.0082	0.0071	0.0011	0.0614	0.0445	0.0170	0.0379	0.0319	0.0060	0.0236	0.0126	0.0110	0.0000	0.0000	0.0000	0.0000	0.0000	0.0000	0.0000	0.0000	0.0000	0.0021	0.0009	0.0051	0.0015	0.0013	0.0026	0.0030	0.0000	0.0064	
61	98	0.4923	9	0	0	0	1	0	0	0	0	N	N	N	N	N	N	N	N	N	N	N	N	0.0157	0.0452	0.0165	0.0399	0.0555	0.0668	0.0000	0.0000	0.0000	0.0002	0.0001	0.0006	0.0003	0.0002	0.0019	0.0000	0.0000	0.0000	0.0113	0.0029	0.0342	0.0079	0.0041	0.0284	0.0170	0.0000	0.0373	0.4857	4.2578	0.0000	0.0001	1.0140	0.0012	12.0537	1.0414	0.0000	0.0000	0.0000	0.0000	0.0000	0.0000	0.0000	0.0000	0.0000	0.0004	0.0001	0.0003	0.0002	0.0001	0.0001	0.0002	0.0000	0.0002	0.0001	0.0001	0.0000	0.0000	0.0000	0.0000	0.0000	0.0000	0.0000	0.0345	0.0252	0.0093	0.0214	0.0181	0.0033	0.0131	0.0071	0.0060	0.0157	0.0452	0.0165	0.0399	0.0555	0.0668	0.0000	0.0000	0.0000	0.0113	0.0029	0.0342	0.0079	0.0041	0.0284	0.0170	0.0000	0.0373
61	99	0.4413	8	1	1	0	0	0	0	0	0	N	N	N	N	N	N	N	N	N	N	N	N	0.0002	0.0970	0.0000	0.0693	0.3263	0.0000	0.0000	0.0000	0.0004	0.0004	0.0000	0.0026	0.0027	0.0000	0.0000	0.0000	0.0000	1.7971	0.0044	5.2261	0.0379	0.0083	0.2075	2.9798	0.0000	6.2838	0.0000	628.0953	-0.0000	0.3764	1.0140	3.2042	12.0537	9.0918	0.0000	0.0000	0.0000	0.0000	0.0000	0.0000	0.0000	0.0000	0.0000	0.7885	0.0013	0.7873	0.0067	0.0013	0.0054	0.7818	0.0000	0.7818	0.0594	0.0522	0.0071	0.0084	0.0081	0.0003	0.0510	0.0441	0.0069	0.4388	0.2881	0.1506	0.1764	0.1502	0.0262	0.2624	0.1380	0.1244	0.0002	0.0970	0.0000	0.0693	0.3263	0.0000	0.0000	0.0000	0.0000	1.7971	0.0044	5.2261	0.0379	0.0083	0.2075	2.9798	0.0000	6.2838	
61	100	0.4413	8	0	1	0	0	0	0	0	0	N	N	N	N	N	N	N	N	N	N	N	N	0.0002	0.0000	0.0007	0.0221	0.0000	0.2532	0.0000	0.0000	0.0004	0.0000	0.0041	0.0015	0.0000	0.1154	0.0000	0.0000	0.0000	2.0619	0.0001	6.0247	0.0672	0.0001	0.4556	3.4098	0.0000	7.1938	inf	41285.9080	0.0000	0.3796	1.0140	0.7962	12.0537	10.9291	0.0000	0.0000	0.0000	0.0000	0.0000	0.0000	0.0000	0.0000	0.0000	0.7927	0.0000	0.7927	0.0104	0.0000	0.0104	0.7823	0.0000	0.7823	0.0205	0.0186	0.0019	0.0054	0.0053	0.0001	0.0152	0.0133	0.0019	0.3845	0.2529	0.1316	0.1550	0.1322	0.0228	0.2294	0.1207	0.1087	0.0002	0.0000	0.0007	0.0221	0.0000	0.2532	0.0000	0.0000	0.0000	2.0619	0.0001	6.0247	0.0672	0.0001	0.4556	3.4098	0.0000	7.1938	
61	101	0.4992	11	1	1	0	0	0	0	0	0	N	N	N	N	N	N	N	N	N	N	N	N	0.0000	0.0000	0.0000	0.0000	0.0000	0.0000	0.0000	0.0000	0.0000	0.0000	0.0000	0.0000	0.0000	0.0001	0.0002	0.0000	0.0002	0.0002	0.0000	0.0000	0.0000	0.0000	0.0000	0.0000	-0.0000	1.0140	0.0000	12.0537	3.0000	0.0000	0.0000	0.0000	0.0000	0.0000	0.0000	0.0000	0.0000	0.0000	0.0000	0.0000	0.0000	0.0000	0.0000	0.0000	0.0000	0.0000	0.0000	0.0000	0.0000	0.0000	0.0000	0.0000	0.0000	0.0000	0.0000	0.0000	0.0807	0.0578	0.0229	0.0497	0.0417	0.0080	0.0310	0.0162	0.0149	0.0000	0.0000	0.0000	0.0000	0.0000	0.0000	0.0000	0.0000	0.0000	0.0001	0.0002	0.0000	0.0002	0.0002	0.0000	0.0000	0.0000	0.0000						
61	102	0.4961	10	1	1	0	0	0	0	0	0	N	N	N	N	N	N	N	N	N	N	N	N	0.0000	0.0000	0.0000	0.0000	0.0000	0.0000	0.0000	0.0000	0.0000	0.0000	0.0000	0.0000	0.0000	0.0004	0.0005	0.0000	0.0006	0.0007	0.0000	0.0000	0.0000	0.0000	0.0000	0.0000	-0.0000	1.0140	0.0000	12.0537	1.0000	0.0000	0.0000	0.0000	0.0000	0.0000	0.0000	0.0000	0.0000	0.0000	0.0000	0.0000	0.0000	0.0000	0.0000	0.0000	0.0000	0.0000	0.0000	0.0000	0.0000	0.0000	0.0000	0.0000	0.0000	0.0000	0.0000	0.0000	0.0280	0.0201	0.0079	0.0173	0.0145	0.0028	0.0107	0.0056	0.0051	0.0000	0.0000	0.0000	0.0000	0.0000	0.0000	0.0000	0.0000	0.0000	0.0004	0.0005	0.0000	0.0006	0.0007	0.0000	0.0000	0.0000	0.0000						
61	103	0.4923	9	0	1	0	0	0	0	0	0	N	N	N	N	N	N	N	N	N	N	N	N	0.0125	0.0750	0.0000	0.0365	0.0900	0.0000	0.0000	0.0000	0.0000	0.0001	0.0001	0.0000	0.0002	0.0002	0.0000	0.0000	0.0000	0.0000	0.0092	0.0017	0.0295	0.0053	0.0024	0.0215	0.0155	0.0000	0.0339	0.0000	6.3794	-0.0000	0.0001	1.0140	0.0006	12.0537	1.0534	0.0000	0.0000	0.0000	0.0000	0.0000	0.0000	0.0000	0.0000	0.0000	0.0003	0.0000	0.0003	0.0001	0.0000	0.0001	0.0002	0.0000	0.0002	0.0000	0.0000	0.0000	0.0000	0.0000	0.0000	0.0000	0.0000	0.0000	0.0348	0.0255	0.0094	0.0216	0.0183	0.0033	0.0132	0.0072	0.0060	0.0125	0.0750	0.0000	0.0365	0.0900	0.0000	0.0000	0.0000	0.0000	0.0092	0.0017	0.0295	0.0053	0.0024	0.0215	0.0155	0.0000	0.0339
61	104	0.4413	8	0	0	0	0	0	0	0	0	N	N	N	N	N	N	N	N	N	N	N	N	0.0003	0.0227	0.0000	0.0675	0.0989	0.0000	0.0000	0.0000	0.0000	0.0005	0.0005	0.0000	0.0041	0.0043	0.0000	0.0000	0.0000	0.0000	1.3965	0.0228	4.0002	0.0609	0.0436	0.1580	2.2846	0.0004	4.8148	0.0000	92.6675	-0.0000	0.3725	1.0140	7.2034	12.0537	9.9858	0.0001	0.0001	0.0000	0.0001	0.0001	0.0000	0.0000	0.0000	0.0000	0.7955	0.0085	0.7870	0.0139	0.0084	0.0054	0.7816	0.0001	0.7815	0.1152	0.1009	0.0144	0.0127	0.0121	0.0006	0.1026	0.0888	0.0138	0.5696	0.3729	0.1967	0.2275	0.1931	0.0344	0.3421	0.1798	0.1623	0.0003	0.0227	0.0000	0.0675	0.0989	0.0000	0.0000	0.0000	0.0000	1.3965	0.0228	4.0002	0.0609	0.0436	0.1580	2.2846	0.0004	4.8148
61	105	0.4200	7	0	0	0	0	0	0	0	0	N	N	N	N	N	N	N	N	N	N	N	N	0.0027	0.0303	0.0001	0.1999	0.2038	0.0831	0.0000	0.0019	0.0000	0.0006	0.0007	0.0001	0.0072	0.0074	0.0030	0.0000	0.0000	0.0000	0.2107	0.0215	0.6368	0.0362	0.0362	0.0358	0.3380	0.0018	0.6891	0.0167	13.1303	-0.0000	0.0536	1.0140	0.7993	12.0537	5.3573	0.0000	0.0000	0.0000	0.0000	0.0000	0.0000	0.0000	0.0000	0.0000	0.1314	0.0093	0.1221	0.0095	0.0090	0.0006	0.1218	0.0003	0.1215	0.0138	0.0120	0.0018	0.0011	0.0011	0.0000	0.0127	0.0109	0.0018	0.6235	0.4318	0.1917	0.2631	0.2477	0.0154	0.3605	0.1841	0.1763	0.0027	0.0303	0.0001	0.1999	0.2038	0.0831	0.0000	0.0019	0.0000	0.2107	0.0215	0.6368	0.0362	0.0362	0.0358	0.3380	0.0018	0.6891
61	106	0.3586	6	0	0	0	0	0	0	0	0	N	N	N	N	N	N	N	N	N	N	N	N	0.0042	0.0056	0.0000	0.0511	0.0567	0.0002	0.0000	0.0000	0.0000	0.0005	0.0005	0.0000	0.0083	0.0087	0.0001	0.0000	0.0000	0.0000	0.1127	0.0970	0.1471	0.1625	0.1543	0.2509	0.0810	0.0351	0.1349	0.0019	0.6929	-0.0000	-0.0144	1.0140	4.1241	12.0537	16.2542	0.0000	0.0000	0.0000	0.0000	0.0000	0.0000	0.0000	0.0000	0.0000	0.1284	0.0759	0.0526	0.0721	0.0627	0.0094	0.0563	0.0132	0.0431	0.0642	0.0556	0.0086	0.0037	0.0035	0.0002	0.0606	0.0522	0.0084	1.1396	0.7822	0.3574	0.4438	0.4062	0.0376	0.6958	0.3761	0.3198	0.0042	0.0056	0.0000	0.0511	0.0567	0.0002	0.0000	0.0000	0.0000	0.1127	0.0970	0.1471	0.1625	0.1543	0.2509	0.0810	0.0351	0.1349
61	107	0.2540	5	0	0	0	0	0	0	0	0	N	N	N	N	N	N	N	N	N	N	N	N	0.0010	0.0007	0.0064	0.0134	0.0129	0.0012	0.0004	0.0001	0.0063	0.0006	0.0005	0.0011	0.0055	0.0057	0.0002	0.0002	0.0001	0.0011	0.5495	0.7157	0.1764	0.4108	0.4404	0.1448	0.6435	1.0207	0.1811	0.3403	0.1098	0.0000	-0.4050	1.0140	8.6998	12.0537	27.8967	0.0001	0.0001	0.0000	0.0001	0.0001	0.0000	0.0000	0.0000	0.0000	0.9593	0.8644	0.0949	0.2898	0.2795	0.0102	0.6695	0.5849	0.0847	0.1396	0.1214	0.0182	0.0091	0.0088	0.0003	0.1304	0.1126	0.0179	1.7458	1.2078	0.5380	0.7053	0.6348	0.0705	1.0405	0.5730	0.4675	0.0010	0.0007	0.0064	0.0134	0.0129	0.0012	0.0004	0.0001	0.0063	0.5495	0.7157	0.1764	0.4108	0.4404	0.1448	0.6435	1.0207	0.1811
61	108	0.1716	4	0	0	0	0	0	0	0	0	N	N	N	N	N	N	N	N	N	N	N	N	0.0007	0.0016	0.0000	0.0161	0.0160	0.0021	0.0005	0.0010	0.0000	0.0007	0.0008	0.0000	0.0038	0.0039	0.0004	0.0006	0.0007	0.0000	0.9736	0.5145	1.9140	0.2359	0.2411	0.1784	1.3420	0.7427	2.0722	0.0033	1.8162	-0.0000	0.1880	1.0140	5.3278	12.0537	31.5322	0.0001	0.0001	0.0000	0.0000	0.0000	0.0000	0.0001	0.0000	0.0000	1.5183	0.5391	0.9791	0.1225	0.1149	0.0076	1.3957	0.4242	0.9715	0.0849	0.0735	0.0114	0.0028	0.0027	0.0001	0.0822	0.0708	0.0114	1.5594	1.0478	0.5116	0.5194	0.4767	0.0427	1.0400	0.5712	0.4688	0.0007	0.0016	0.0000	0.0161	0.0160	0.0021	0.0005	0.0010	0.0000	0.9736	0.5145	1.9140	0.2359	0.2411	0.1784	1.3420	0.7427	2.0722
61	109	0.1716	4	0	0	0	0	0	0	0	0	N	N	N	N	N	N	N	N	N	N	N	N	0.0001	0.0009	0.0000	0.0136	0.0137	0.0014	0.0000	0.0000	0.0000	0.0001	0.0001	0.0000	0.0031	0.0032	0.0003	0.0000	0.0000	0.0000	0.6729	0.1062	1.8212	0.2317	0.2361	0.1837	0.8866	0.0014	1.9689	0.0200	8.4636	-0.0000	0.3996	1.0140	7.7801	12.0537	32.2209	0.0000	0.0000	0.0000	0.0000	0.0000	0.0000	0.0000	0.0000	0.0000	1.0706	0.1131	0.9575	0.1203	0.1123	0.0080	0.9503	0.0008	0.9495	0.1188	0.1029	0.0158	0.0032	0.0031	0.0001	0.1156	0.0998	0.0157	1.5909	1.0652	0.5257	0.5191	0.4756	0.0435	1.0718	0.5896	0.4822	0.0001	0.0009	0.0000	0.0136	0.0137	0.0014	0.0000	0.0000	0.0000	0.6729	0.1062	1.8212	0.2317	0.2361	0.1837	0.8866	0.0014	1.9689
61	110	0.0849	3	0	0	0	0	0	0	0	0	N	N	N	N	N	N	N	N	N	N	N	N	0.0005	0.0006	0.0001	0.0006	0.0006	0.0004	0.0007	0.0027	0.0001	0.0001	0.0001	0.0000	0.0004	0.0004	0.0002	0.0001	0.0001	0.0000	0.2356	0.2174	0.2651	0.6301	0.6390	0.4814	0.1424	0.0435	0.2589	0.0241	0.7545	-0.0000	-0.0237	1.0140	6.4159	12.0537	23.0802	0.0000	0.0000	0.0000	0.0000	0.0000	0.0000	0.0000	0.0000	0.0000	0.2605	0.1485	0.1120	0.1331	0.1274	0.0057	0.1273	0.0211	0.1063	0.0979	0.0846	0.0132	0.0007	0.0007	0.0000	0.0972	0.0839	0.0132	1.1054	0.6830	0.4225	0.2113	0.1994	0.0119	0.8941	0.4836	0.4106	0.0005	0.0006	0.0001	0.0006	0.0006	0.0004	0.0007	0.0027	0.0001	0.2356	0.2174	0.2651	0.6301	0.6390	0.4814	0.1424	0.0435	0.2589
62	63	0.8401	4	0	0	0	0	0	0	0	0	N	N	N	N	N	N	N	N	N	N	N	N	0.9855	1.2337	0.0023	0.0776	0.1142	0.0312	0.6065	0.5460	0.0015	1.1888	1.3551	0.0034	0.0258	0.0255	0.0329	1.3196	1.5203	0.0023	1.2062	1.0984	1.4414	0.3331	0.2238	1.0535	2.1755	2.7843	1.5808	0.0003	0.6017	-0.1002	-0.9078	22.0948	3.0638	64.3951	18.8214	1.0526	1.0522	0.0004	0.0023	0.0022	0.0001	1.0503	1.0500	0.0002	6.2434	3.8979	2.3455	0.9069	0.5228	0.3841	5.3365	3.3751	1.9614	0.8854	0.7765	0.1089	0.0895	0.0858	0.0037	0.7959	0.6907	0.1052	5.1760	3.5487	1.6272	2.7230	2.3366	0.3865	2.4530	1.2122	1.2408	0.9855	1.2337	0.0023	0.0776	0.1142	0.0331	0.6065	0.5460	0.0015	1.2062	1.0984	1.4414	0.3331	0.2238	0.9939	2.1755	2.7843	1.5808
62	64	0.9165	6	1	1	1	0	0	0	0	0	N	N	N	N	N	N	N	N	N	N	N	N	0.0026	0.0001	0.0110	0.0239	0.0009	0.1310	0.0004	0.0000	0.0019	0.0029	0.0001	0.0237	0.0236	0.0007	0.4155	0.0005	0.0000	0.0041	1.1131	0.6856	2.1643	0.9837	0.7656	3.1725	1.2733	0.5307	2.1529	42.2508	1.2839	0.0008	0.0827	22.0948	1.0029	64.3951	8.4685	0.0009	0.0000	0.0008	0.0007	0.0000	0.0007	0.0001	0.0000	0.0001	2.0138	0.8818	1.1321	0.9845	0.6492	0.3354	1.0293	0.2326	0.7967	0.2941	0.2585	0.0356	0.0307	0.0290	0.0017	0.2634	0.2294	0.0339	1.8092	1.2862	0.5231	1.0009	0.8479	0.1530	0.8084	0.4383	0.3700	0.0026	0.0001	0.0110	0.0239	0.0009	0.1896	0.0004	0.0000	0.0019	1.1131	0.6856	2.1643	0.9837	0.7656	2.1919	1.2733	0.5307	2.1529
62	65	0.8952	5	0	1	0	0	0	0	0	0	N	N	N	N	N	N	N	N	N	N	N	N	0.1064	0.0003	0.5503	0.9741	0.0167	0.6350	0.0015	0.0000	0.0170	0.4099	0.0010	3.1602	0.9043	0.0023	5.6271	0.0103	0.0000	0.0985	3.8534	2.9840	5.7430	0.9283	0.1388	8.8614	6.6926	7.5295	5.7873	466.3021	0.8855	0.1841	-0.2377	22.0948	0.7961	64.3951	8.5878	0.2041	0.0004	0.2036	0.2013	0.0004	0.2008	0.0028	0.0000	0.0028	4.6202	2.4504	2.1698	0.5482	0.0701	0.4782	4.0719	2.3803	1.6916	0.4979	0.4334	0.0644	0.2225	0.1869	0.0357	0.2753	0.2466	0.0288	1.1990	0.8212	0.3778	0.5906	0.5051	0.0855	0.6084	0.3161	0.2923	0.1064	0.0003	0.5503	0.9741	0.0167	1.0064	0.0015	0.0000	0.0170	3.8534	2.9840	5.7430	0.9283	0.1388	5.5914	6.6926	7.5295	5.7873
62	66	0.9136	6	0	1	0	0	0	0	0	0	N	N	N	N	N	N	N	N	N	N	N	N	0.0004	0.0004	0.0000	0.0512	0.0536	0.0030	0.0000	0.0000	0.0000	0.0008	0.0009	0.0001	0.0091	0.0095	0.0005	0.0000	0.0000	0.0001	2.1536	2.0475	2.3932	0.1777	0.1767	0.1841	3.9447	4.7175	3.0214	0.0161	0.5177	-0.0000	-0.8531	22.0948	1.0110	64.3951	12.5479	0.0002	0.0002	0.0000	0.0002	0.0002	0.0000	0.0000	0.0000	0.0000	4.7403	3.1233	1.6170	0.1860	0.1585	0.0275	4.5543	2.9648	1.5894	0.3017	0.2652	0.0365	0.0252	0.0242	0.0010	0.2764	0.2409	0.0355	2.2011	1.5255	0.6756	1.0466	0.8970	0.1496	1.1545	0.6285	0.5261	0.0004	0.0004	0.0000	0.0512	0.0536	0.0030	0.0000	0.0000	0.0000	2.1536	2.0475	2.3932	0.1777	0.1767	0.1841	3.9447	4.7175	3.0214
62	67	0.9072	5	0	0	0	0	0	0	0	0	N	N	N	N	N	N	N	N	N	N	N	N	0.0021	0.0037	0.0004	0.0055	0.0075	0.0002	0.0022	0.0166	0.0005	0.0010	0.0011	0.0004	0.0031	0.0032	0.0005	0.0008	0.0009	0.0004	0.4799	0.2981	0.9382	0.5588	0.4205	2.3577	0.3812	0.0539	0.7623	0.0470	1.2484	-0.0000	0.0157	22.0948	0.9784	64.3951	1.5217	0.0003	0.0003	0.0000	0.0001	0.0001	0.0000	0.0002	0.0002	0.0000	0.4595	0.2044	0.2551	0.2973	0.1920	0.1053	0.1621	0.0123	0.1498	0.2920	0.2566	0.0354	0.0241	0.0232	0.0010	0.2679	0.2334	0.0344	0.9574	0.6855	0.2719	0.5321	0.4567	0.0754	0.4253	0.2288	0.1965	0.0021	0.0037	0.0004	0.0055	0.0075	0.0003	0.0022	0.0166	0.0005	0.4799	0.2981	0.9382	0.5588	0.4205	1.3963	0.3812	0.0539	0.7623
62	68	0.8770	4	0	0	0	0	0	0	0	0	N	N	N	N	N	N	N	N	N	N	N	N	0.1252	0.1304	0.0091	3.0330	4.9567	0.0479	0.0006	0.0001	0.0093	0.0719	0.0814	0.0042	0.7565	0.7823	0.0364	0.0005	0.0001	0.0033	0.5742	0.6240	0.4618	0.2494	0.1578	0.7596	0.9574	1.5126	0.3569	0.0072	0.3284	-0.0021	-0.4491	22.0948	1.0531	64.3951	9.0748	0.0233	0.0231	0.0002	0.0231	0.0231	0.0000	0.0002	0.0000	0.0001	1.6398	1.2344	0.4054	0.3856	0.2048	0.1808	1.2542	1.0297	0.2246	0.3233	0.2836	0.0397	0.0305	0.0295	0.0011	0.2928	0.2541	0.0387	2.8559	1.9781	0.8778	1.5459	1.2974	0.2485	1.3100	0.6807	0.6293	0.1252	0.1304	0.0091	3.0330	4.9567	0.0500	0.0006	0.0001	0.0093	0.5742	0.6240	0.4618	0.2494	0.1578	0.7276	0.9574	1.5126	0.3569
62	69	0.8952	5	1	0	1	0	0	0	0	0	N	N	N	N	N	N	N	N	N	N	N	N	0.0000	0.0000	0.0000	0.0000	0.0000	0.0000	0.0000	0.0000	0.0000	0.0000	0.0000	0.0000	0.0000	0.0000	0.0000	1.2692	1.8518	0.0000	0.0692	0.0808	0.0000	2.4552	4.7507	0.0000	0.0000	0.0000	-0.4993	22.0948	0.0000	64.3951	4.9600	0.0000	0.0000	0.0000	0.0000	0.0000	0.0000	0.0000	0.0000	0.0000	0.9582	0.9582	0.0000	0.0260	0.0260	0.0000	0.9322	0.9322	0.0000	0.0000	0.0000	0.0000	0.0000	0.0000	0.0000	0.0000	0.0000	0.0000	0.7550	0.5174	0.2375	0.3753	0.3212	0.0541	0.3797	0.1962	0.1835	0.0000	0.0000	0.0000	0.0000	0.0000	0.0000	0.0000	0.0000	0.0000	1.2692	1.8518	0.0000	0.0692	0.0808	0.0000	2.4552	4.7507	0.0000				
62	71	0.9088	7	0	0	1	0	0	0	0	0	N	N	N	N	N	N	N	N	N	N	N	N	630.1700	72223.5512	0.0000	34.4543	4213.8108	0.0000	3563.3438	inf	0.0000	0.0814	0.0918	0.0000	0.0082	0.0086	0.0000	0.0984	0.1130	0.0000	0.0001	0.0000	0.0004	0.0002	0.0000	0.0018	0.0000	0.0000	0.0001	0.0000	149.3391	-0.0014	0.0000	22.0948	1.0000	64.3951	0.0055	0.0148	0.0148	0.0000	0.0003	0.0003	0.0000	0.0145	0.0145	0.0000	0.0000	0.0000	0.0000	0.0000	0.0000	0.0000	0.0000	0.0000	0.0000	0.1816	0.1610	0.0207	0.0343	0.0326	0.0017	0.1474	0.1284	0.0190	0.1215	0.0821	0.0394	0.0589	0.0512	0.0077	0.0627	0.0309	0.0318	630.1700	72223.5512	0.0000	34.4543	4213.8108	0.0000	3563.3438	inf	0.0000	0.0001	0.0000	0.0004	0.0002	0.0000	0.0018	0.0000	0.0000	0.0001
62	72	0.9021	6	0	0	1	0	0	0	0	0	N	N	N	N	N	N	N	N	N	N	N	N	10.5908	130.3209	0.0000	0.5764	7.6784	0.0000	67.3138	inf	0.0000	0.0803	0.0907	0.0000	0.0081	0.0085	0.0000	0.0970	0.1115	0.0000	0.0076	0.0007	0.0220	0.0140	0.0011	0.1014	0.0014	0.0000	0.0028	0.0000	15.1113	-0.0000	0.0004	22.0948	0.0000	64.3951	1.0265	0.0000	0.0000	0.0000	0.0000	0.0000	0.0000	0.0000	0.0000	0.0000	0.0010	0.0001	0.0009	0.0009	0.0001	0.0008	0.0001	0.0000	0.0001	0.0000	0.0000	0.0000	0.0000	0.0000	0.0000	0.0000	0.0000	0.0000	0.1293	0.0875	0.0418	0.0631	0.0550	0.0081	0.0662	0.0325	0.0337	10.5908	130.3209	0.0000	0.5764	7.6784	0.0000	67.3138	inf	0.0000	0.0076	0.0007	0.0220	0.0140	0.0011	0.1014	0.0014	0.0000	0.0028
62	73	0.8967	5	0	0	0	0	0	0	0	0	N	N	N	N	N	N	N	N	N	N	N	N	0.0000	0.0000	0.0000	0.0000	0.0000	0.0000	0.0000	0.0000	0.0000	0.0000	0.0000	0.0000	0.0000	0.0000	0.0000	0.0000	0.0000	0.0000	0.0114	0.0008	0.0403	0.0157	0.0012	0.0827	0.0035	0.0000	0.0080	17.5582	0.0000	0.0073	22.0948	0.0000	64.3951	1.0321	0.0000	0.0000	0.0000	0.0000	0.0000	0.0000	0.0000	0.0000	0.0000	0.0171	0.0009	0.0162	0.0153	0.0009	0.0144	0.0018	0.0000	0.0018	0.0820	0.0768	0.0051	0.0442	0.0421	0.0021	0.0378	0.0348	0.0030	1.5011	1.0987	0.4024	0.9729	0.7989	0.1740	0.5282	0.2998	0.2284	0.0000	0.0000	0.0000	0.0000	0.0000	0.0000	0.0000	0.0000	0.0000	0.0114	0.0008	0.0403	0.0157	0.0012	0.0827	0.0035	0.0000	0.0080	
62	74	0.8738	4	0	0	0	0	0	0	0	0	N	N	N	N	N	N	N	N	N	N	N	N	0.0933	0.0371	0.5520	0.4407	0.2236	1.4903	0.0125	0.0003	0.1488	0.0668	0.0288	0.3209	0.3034	0.1437	1.5084	0.0093	0.0003	0.0678	0.7161	0.7747	0.5814	0.6884	0.6428	1.0121	0.7470	1.0196	0.4559	1.6695	0.3264	0.0070	-0.4580	22.0948	0.5629	64.3951	8.5245	0.0133	0.0050	0.0083	0.0118	0.0049	0.0069	0.0015	0.0000	0.0014	1.6653	1.2555	0.4098	0.8447	0.6771	0.1676	0.8206	0.5784	0.2422	0.1986	0.1727	0.0258	0.0388	0.0343	0.0045	0.1598	0.1385	0.0213	2.3255	1.6207	0.7048	1.2269	1.0535	0.1735	1.0986	0.5673	0.5313	0.0933	0.0371	0.5520	0.4407	0.2236	1.5615	0.0125	0.0003	0.1488	0.7161	0.7747	0.5814	0.6884	0.6428	0.9659	0.7470	1.0196	0.4559
62	75	0.9336	7	0	1	0	0	0	0	0	0	N	N	N	N	N	N	N	N	N	N	N	N	3.2401	0.0000	9.0268	14.3306	0.0000	44.6329	1.9201	0.0000	7.6316	2.8599	0.0000	25.3644	0.5936	0.0000	12.0708	3.2543	0.0000	26.2829	0.8827	0.0211	2.8099	0.0414	0.0085	0.2704	1.6948	0.0417	3.4440	inf	59.6446	0.9038	0.3526	22.0948	1.9994	64.3951	4.0943	0.9993	0.0000	0.9993	0.0307	0.0000	0.0307	0.9686	0.0000	0.9686	0.7624	0.0126	0.7498	0.0176	0.0032	0.0144	0.7448	0.0094	0.7354	0.3494	0.3100	0.0394	0.0518	0.0492	0.0025	0.2976	0.2608	0.0369	0.8637	0.5969	0.2669	0.4243	0.3710	0.0533	0.4395	0.2259	0.2135	3.2401	0.0000	9.0268	14.3306	0.0000	44.6329	1.9201	0.0000	7.6316	0.8827	0.0211	2.8099	0.0414	0.0085	0.2704	1.6948	0.0417	3.4440
62	76	0.9273	6	0	0	0	0	0	0	0	0	N	N	N	N	N	N	N	N	N	N	N	N	0.3380	0.1243	3.9712	0.5332	0.2567	3.8903	0.2080	0.0579	3.5551	0.9236	0.4205	4.9318	0.1291	0.0506	2.0926	1.0950	0.5084	5.1168	2.7324	3.3837	1.2419	0.2421	0.1971	0.5379	5.2644	8.7811	1.4393	1.4724	0.1604	0.0001	-0.4385	22.0948	0.0011	64.3951	2.7207	0.0002	0.0001	0.0001	0.0000	0.0000	0.0000	0.0002	0.0001	0.0001	1.1453	0.9870	0.1583	0.0512	0.0362	0.0150	1.0942	0.9509	0.1433	0.0002	0.0002	0.0000	0.0000	0.0000	0.0000	0.0002	0.0002	0.0000	0.4192	0.2917	0.1275	0.2113	0.1834	0.0279	0.2078	0.1083	0.0996	0.3380	0.1243	3.9712	0.5332	0.2567	3.8903	0.2080	0.0579	3.5551	2.7324	3.3837	1.2419	0.2421	0.1971	0.5379	5.2644	8.7811	1.4393
62	77	0.8952	5	0	0	0	0	0	0	0	0	N	N	N	N	N	N	N	N	N	N	N	N	0.0000	0.0000	0.0000	0.0000	0.0000	0.0000	0.0000	0.0000	0.0000	0.0000	0.0000	0.0000	0.0000	0.0000	0.0000	0.0000	0.0000	0.0000	0.5838	0.1764	1.4687	0.4973	0.2343	3.1327	0.6673	0.0846	1.2994	0.0000	3.8328	-0.0000	0.2225	22.0948	0.0001	64.3951	10.0074	0.0000	0.0000	0.0000	0.0000	0.0000	0.0000	0.0000	0.0000	0.0000	0.8181	0.1693	0.6488	0.3422	0.1379	0.2044	0.4758	0.0314	0.4444	0.2845	0.2452	0.0393	0.1910	0.1568	0.0342	0.0935	0.0884	0.0052	1.4013	0.9596	0.4418	0.6882	0.5885	0.0997	0.7131	0.3711	0.3420	0.0000	0.0000	0.0000	0.0000	0.0000	0.0000	0.0000	0.0000	0.0000	0.5838	0.1764	1.4687	0.4973	0.2343	2.0489	0.6673	0.0846	1.2994
62	78	0.9154	6	1	0	1	0	0	0	0	0	N	N	N	N	N	N	N	N	N	N	N	N	0.8878	0.6683	19.0692	17.1062	0.0098	0.0058	0.0123	0.0132	0.0000	0.0172	0.0183	0.0000	0.0003	0.0003	0.0000	0.0138	0.0198	0.0000	0.0009	0.0011	0.0000	0.0285	0.0542	0.0000	0.0000	0.0000	-0.0010	-0.0014	22.0948	1.6246	64.3951	0.0115	0.0103	0.0103	0.0000	0.0102	0.0102	0.0000	0.0001	0.0001	0.0000	0.0026	0.0026	0.0000	0.0001	0.0001	0.0000	0.0026	0.0026	0.0000	0.8392	0.7765	0.0627	0.5924	0.5597	0.0327	0.2468	0.2168	0.0299	0.1914	0.1333	0.0581	0.1018	0.0863	0.0155	0.0895	0.0470	0.0425	0.8878	0.6683	0.0000	19.0692	17.1062	0.0000	0.0098	0.0058	0.0000	0.0138	0.0198	0.0000	0.0009	0.0011	0.0000	0.0285	0.0542	0.0000			
62	79	0.8952	5	1	0	1	0	0	0	0	0	N	N	N	N	N	N	N	N	N	N	N	N	0.0440	0.0341	0.0162	3.9876	3.7776	0.1172	0.0000	0.0000	0.0003	0.0524	0.0594	0.0000	0.2567	0.2842	0.0000	0.0000	0.0000	0.0000	1.1919	1.7407	0.0004	0.0644	0.0752	0.0004	2.2731	4.3607	0.0005	0.0000	0.0001	-0.0124	-1.0277	22.0948	8.1927	64.3951	3.9952	0.1300	0.1300	0.0000	0.1300	0.1300	0.0000	0.0000	0.0000	0.0000	1.9726	1.9724	0.0002	0.0522	0.0521	0.0000	1.9204	1.9202	0.0002	2.4799	2.1897	0.2902	0.5065	0.4575	0.0490	1.9734	1.7322	0.2411	1.6551	1.1331	0.5220	0.8102	0.6927	0.1175	0.8448	0.4404	0.4045	0.0440	0.0341	0.0162	3.9876	3.7776	0.1172	0.0000	0.0000	0.0003	1.1919	1.7407	0.0004	0.0644	0.0752	0.0004	2.2731	4.3607	0.0005
62	80	0.8952	5	0	1	0	1	0	0	0	0	N	N	N	N	N	N	N	N	N	N	N	N	0.3223	0.0000	2.5725	2.4827	0.0000	1.7868	0.0048	0.0000	0.1022	0.4102	0.0000	3.1693	0.9050	0.0000	5.6434	0.0103	0.0000	0.0987	1.2729	1.2918	1.2320	0.3645	0.0606	3.1584	2.1324	3.1967	0.9661	inf	0.4399	0.1847	-0.6257	22.0948	0.7962	64.3951	19.0091	0.2042	0.0000	0.2042	0.2014	0.0000	0.2014	0.0028	0.0000	0.0028	2.9024	2.0157	0.8867	0.4041	0.0574	0.3467	2.4983	1.9583	0.5400	0.4979	0.4334	0.0644	0.2225	0.1869	0.0357	0.2753	0.2466	0.0288	2.2801	1.5604	0.7197	1.1085	0.9478	0.1607	1.1716	0.6126	0.5590	0.3223	0.0000	2.5725	2.4827	0.0000	2.6165	0.0048	0.0000	0.1022	1.2729	1.2918	1.2320	0.3645	0.0606	2.1568	2.1324	3.1967	0.9661
62	81	0.8952	5	0	1	0	0	0	0	0	0	N	N	N	N	N	N	N	N	N	N	N	N	0.1953	0.0000	0.7764	0.4311	0.0000	1.7322	0.0049	0.0000	0.0224	0.4102	0.0000	3.1693	0.9050	0.0000	5.6434	0.0103	0.0000	0.0987	2.1008	1.1863	4.0821	2.0993	1.9630	3.2580	2.1023	0.0011	4.4173	inf	1.5884	0.1847	0.5555	22.0948	0.7962	64.3951	25.3140	0.2042	0.0000	0.2042	0.2014	0.0000	0.2014	0.0028	0.0000	0.0028	5.9993	2.3177	3.6816	2.8971	2.3169	0.5802	3.1022	0.0008	3.1014	0.4979	0.4334	0.0644	0.2225	0.1869	0.0357	0.2753	0.2466	0.0288	2.8557	1.9538	0.9019	1.3801	1.1803	0.1998	1.4756	0.7735	0.7021	0.1953	0.0000	0.7764	0.4311	0.0000	1.9432	0.0049	0.0000	0.0224	2.1008	1.1863	4.0821	2.0993	1.9630	2.9041	2.1023	0.0011	4.4173
62	82	0.8952	5	0	1	0	0	0	0	0	0	N	N	N	N	N	N	N	N	N	N	N	N	1.2820	2.5336	0.8190	1.0409	0.0008	1.6644	1.1853	2.5985	0.0190	1.5826	1.5016	2.1495	0.7721	0.0003	5.3690	2.0069	2.2622	0.0494	1.2345	0.5927	2.6245	0.7418	0.4095	3.2257	1.6931	0.8706	2.6013	0.2047	2.0446	0.0894	0.5732	22.0948	1.7961	64.3951	27.0091	1.2019	0.9977	0.2042	0.2015	0.0001	0.2014	1.0004	0.9976	0.0028	3.8096	1.2513	2.5583	1.1036	0.5212	0.5824	2.7060	0.7301	1.9759	0.7594	0.6644	0.0950	0.2609	0.2234	0.0375	0.4985	0.4410	0.0575	3.0860	2.1112	0.9748	1.4878	1.2726	0.2152	1.5982	0.8386	0.7596	1.2820	2.5336	0.8190	1.0409	0.0008	1.9837	1.1853	2.5985	0.0190	1.2345	0.5927	2.6245	0.7418	0.4095	2.7066	1.6931	0.8706	2.6013
62	83	0.8401	4	0	0	0	0	0	0	0	0	N	N	N	N	N	N	N	N	N	N	N	N	0.3526	0.4448	0.0008	0.0240	0.0251	0.0121	0.2753	0.3054	0.0005	0.3999	0.4533	0.0012	0.0157	0.0159	0.0109	0.4410	0.5045	0.0008	1.1342	1.0191	1.3811	0.6560	0.6337	0.9053	1.6020	1.6520	1.5499	0.0003	0.6316	-0.1008	-1.0455	22.0948	10.0679	64.3951	33.8159	1.0585	1.0582	0.0004	0.0040	0.0039	0.0001	1.0545	1.0543	0.0002	7.8043	4.7831	3.0212	2.2320	1.8486	0.3834	5.5722	2.9345	2.6378	2.6467	2.3343	0.3124	0.2558	0.2447	0.0111	2.3909	2.0896	0.3013	6.8809	4.6933	2.1876	3.4027	2.9170	0.4857	3.4782	1.7764	1.7019	0.3526	0.4448	0.0008	0.0240	0.0251	0.0138	0.2753	0.3054	0.0005	1.1342	1.0191	1.3811	0.6560	0.6337	0.7894	1.6020	1.6520	1.5499
62	84	0.8125	3	0	0	0	0	0	0	0	0	N	N	N	N	N	N	N	N	N	N	N	N	3.0305	3.6972	0.0272	1.1429	1.2460	0.2008	2.5097	2.5088	0.0195	2.6411	3.0680	0.0261	0.6791	0.6970	0.1925	2.9918	3.5540	0.0194	0.8715	0.8298	0.9601	0.5942	0.5594	0.9585	1.1921	1.4166	0.9988	0.0014	0.5443	-0.0795	-0.7314	22.0948	0.9441	64.3951	14.0836	0.8436	0.8425	0.0012	0.0329	0.0326	0.0003	0.8107	0.8099	0.0008	4.3372	2.8086	1.5286	1.5857	1.2960	0.2896	2.7516	1.5126	1.2390	0.3194	0.2746	0.0448	0.0484	0.0467	0.0017	0.2710	0.2279	0.0431	4.9768	3.3846	1.5922	2.6686	2.3168	0.3518	2.3082	1.0677	1.2405	3.0305	3.6972	0.0272	1.1429	1.2460	0.2338	2.5097	2.5088	0.0195	0.8715	0.8298	0.9601	0.5942	0.5594	0.8234	1.1921	1.4166	0.9988
62	85	0.6258	2	0	0	0	0	0	0	0	0	N	N	N	N	N	N	N	N	N	N	N	N	0.7881	0.8572	0.8857	0.9647	1.0140	0.2714	0.7582	1.0491	0.8858	0.6876	0.6430	0.9819	0.8300	0.8583	0.2740	0.6699	0.6132	1.0119	0.8725	0.7501	1.1086	0.8604	0.8464	1.0097	0.8835	0.5846	1.1424	0.2316	0.7660	0.2816	-0.6498	22.0948	15.0008	64.3951	28.2980	3.0453	2.4727	0.5726	0.4075	0.4010	0.0065	2.6378	2.0717	0.5661	7.4400	4.2129	3.2270	3.5072	3.0053	0.5019	3.9328	1.2076	2.7252	4.4287	3.8455	0.5832	0.4909	0.4672	0.0237	3.9377	3.3783	0.5595	8.5275	5.6166	2.9109	4.0760	3.5507	0.5253	4.4514	2.0659	2.3856	0.7881	0.8572	0.8857	0.9647	1.0140	0.2868	0.7582	1.0491	0.8858	0.8725	0.7501	1.1086	0.8604	0.8464	0.9554	0.8835	0.5846	1.1424
62	86	0.6258	2	0	0	0	0	0	0	0	0	N	N	N	N	N	N	N	N	N	N	N	N	0.6445	0.5031	1.4400	1.2266	1.3569	0.0277	0.4570	0.2447	1.4990	0.7665	0.6022	1.6902	1.0181	1.0713	0.0441	0.7184	0.4996	1.7861	1.1892	1.1970	1.1737	0.8300	0.7895	1.5914	1.5719	2.0423	1.1915	0.4994	0.4929	0.5017	-1.8365	22.0948	10.8154	64.3951	27.4443	2.1125	1.4089	0.7036	0.4506	0.4495	0.0010	1.6620	0.9594	0.7026	9.6190	6.4433	3.1757	3.4629	2.8674	0.5955	6.1561	3.5759	2.5802	2.7561	2.3398	0.4163	0.4425	0.4196	0.0229	2.3135	1.9202	0.3934	8.0885	5.3828	2.7057	4.1720	3.6319	0.5401	3.9164	1.7509	2.1655	0.6445	0.5031	1.4400	1.2266	1.3569	0.0400	0.4570	0.2447	1.4990	1.1892	1.1970	1.1737	0.8300	0.7895	1.1026	1.5719	2.0423	1.1915
62	89	0.8952	5	1	1	0	1	0	0	0	0	N	N	N	N	N	N	N	N	N	N	N	N	0.1579	0.0000	0.9679	1.2094	0.0000	1.0000	0.0024	0.0000	0.0316	0.4102	0.0000	3.1693	0.9050	0.0000	5.6434	0.0103	0.0000	0.0987	2.5972	2.2850	3.2743	0.7483	0.2331	5.6434	4.3539	5.4758	3.1269	inf	0.6607	0.1847	-0.6651	22.0948	0.7962	64.3951	16.9291	0.2042	0.0000	0.2042	0.2014	0.0000	0.2014	0.0028	0.0000	0.0028	5.3970	3.2498	2.1472	0.7576	0.2018	0.5558	4.6394	3.0480	1.5914	0.4979	0.4334	0.0644	0.2225	0.1869	0.0357	0.2753	0.2466	0.0288	2.0780	1.4222	0.6558	1.0124	0.8656	0.1468	1.0656	0.5566	0.5089	0.1579	0.0000	0.9679	1.2094	0.0000	1.4909	0.0024	0.0000	0.0316	2.5972	2.2850	3.2743	0.7483	0.2331	3.7854	4.3539	5.4758	3.1269
62	90	0.9672	10	0	1	0	1	0	0	0	0	N	N	N	N	N	N	N	N	N	N	N	N	0.0000	0.0000	0.0000	0.0000	0.0000	0.0000	0.0000	0.0000	0.0000	0.0000	0.0000	0.0000	0.0000	0.0000	0.0000	0.0000	0.0000	0.0000	0.0000	0.0000	22.0948	0.0000	64.3951	0.0000	0.0000	0.0000	0.0000	0.0000	0.0000	0.0000	0.0000	0.0000	0.0000	0.0000	0.0000	0.0000	0.0000	0.0000	0.0000	0.0000	0.0000	0.0000	0.0000	0.0000	0.0000	0.0000	0.0000	0.0000	0.0000	0.0000	0.0000	0.0000	0.0000	0.0000	0.0000	0.0000	0.0000	0.0000	0.0000	0.0000	0.0000	0.0000	0.0000	0.0000	0.0000	0.0000	0.0000	0.0000	0.0000	0.0000	0.0000	0.0000	0.0000	0.0000	0.0000	0.0000	0.0000	0.0000											
62	91	0.9565	9	0	1	0	1	0	0	0	0	N	N	N	N	N	N	N	N	N	N	N	N	0.0000	0.0000	0.0000	0.0000	0.0000	0.0000	0.0000	0.0000	0.0000	0.0000	0.0000	0.0000	0.0000	0.0000	0.0000	0.0015	0.0021	0.0000	0.0021	0.0024	0.0000	0.0009	0.0016	0.0000	0.0000	0.0000	-0.0003	22.0948	1.0000	64.3951	3.0000	0.0000	0.0000	0.0000	0.0000	0.0000	0.0000	0.0000	0.0000	0.0000	0.0006	0.0006	0.0000	0.0005	0.0005	0.0000	0.0002	0.0002	0.0000	0.2592	0.2332	0.0260	0.1124	0.1047	0.0077	0.1467	0.1284	0.0183	0.4273	0.3027	0.1246	0.2304	0.1968	0.0336	0.1969	0.1059	0.0909	0.0000	0.0000	0.0000	0.0000	0.0000	0.0000	0.0000	0.0000	0.0000	0.0015	0.0021	0.0000	0.0021	0.0024	0.0000	0.0009	0.0016	0.0000				
62	92	0.9500	7	0	1	0	0	0	0	0	0	N	N	N	N	N	N	N	N	N	N	N	N	0.0000	0.0000	0.0000	0.0000	0.0000	0.0000	0.0000	0.0000	0.0000	0.0000	0.0000	0.0000	0.0000	0.0000	0.0000	0.0000	0.0000	0.0000	0.0000	0.0000	22.0948	0.0000	64.3951	0.0000	0.0000	0.0000	0.0000	0.0000	0.0000	0.0000	0.0000	0.0000	0.0000	0.0000	0.0000	0.0000	0.0000	0.0000	0.0000	0.0000	0.0000	0.0000	0.0000	0.0000	0.0000	0.0000	0.0000	0.0000	0.0000	0.0000	0.0000	0.0000	0.0000	0.0000	0.0000	0.0000	0.0000	0.0000	0.0000	0.0000	0.0000	0.0000	0.0000	0.0000	0.0000	0.0000	0.0000	0.0000	0.0000	0.0000	0.0000	0.0000	0.0000	0.0000	0.0000	0.0000	0.0000	0.0000											
62	93	0.9565	9	0	0	1	1	0	0	0	0	N	N	N	N	N	N	N	N	N	N	N	N	0.0000	0.0000	0.0000	0.0000	0.0000	0.0000	0.0000	0.0000	0.0000	0.0000	0.0000	0.0000	0.0000	0.0000	0.0000	0.0000	0.0000	0.0000	0.0000	0.0000	22.0948	0.0000	64.3951	0.0000	0.0000	0.0000	0.0000	0.0000	0.0000	0.0000	0.0000	0.0000	0.0000	0.0000	0.0000	0.0000	0.0000	0.0000	0.0000	0.0000	0.0000	0.0000	0.0000	0.0000	0.0000	0.0000	0.0000	0.0000	0.0000	0.0000	0.0000	0.0000	0.0000	0.0000	0.0000	0.0000	0.0000	0.0000	0.0000	0.0000	0.0000	0.0000	0.0000	0.0000	0.0000	0.0000	0.0000	0.0000	0.0000	0.0000	0.0000	0.0000	0.0000	0.0000	0.0000	0.0000	0.0000	0.0000											
62	94	0.9538	8	0	0	0	1	0	0	0	0	N	N	N	N	N	N	N	N	N	N	N	N	0.0000	0.0000	0.0000	0.0000	0.0000	0.0000	0.0000	0.0000	0.0000	0.0000	0.0000	0.0000	0.0000	0.0000	0.0000	0.0000	0.0000	0.0569	0.0288	0.1219	0.0001	0.0001	0.0000	0.1234	0.0858	0.1619	1.8319	0.0000	0.0008	22.0948	1.0000	64.3951	0.0097	0.0000	0.0000	0.0000	0.0000	0.0000	0.0000	0.0000	0.0000	0.0000	0.0067	0.0024	0.0043	0.0000	0.0000	0.0000	0.0067	0.0023	0.0043	0.2591	0.2332	0.0260	0.1124	0.1047	0.0077	0.1467	0.1284	0.0183	0.1170	0.0817	0.0354	0.0631	0.0543	0.0087	0.0540	0.0273	0.0266	0.0000	0.0000	0.0000	0.0000	0.0000	0.0000	0.0000	0.0000	0.0000	0.0569	0.0288	0.1219	0.0001	0.0001	0.0000	0.1234	0.0858	0.1619		
62	95	0.9538	8	0	0	1	1	0	0	0	0	N	N	N	N	N	N	N	N	N	N	N	N	0.8034	0.0011	546.3991	0.0071	0.0016	inf	91.5021	0.0019	567.4249	1.4956	0.0029	14.9195	0.0245	0.0064	0.2705	2.6170	0.0000	21.0549	1.8617	2.6255	0.0273	3.4353	4.0147	0.0000	0.0286	0.0211	0.0371	570.2388	0.0043	0.6910	-0.5166	22.0948	2.0000	64.3951	3.0050	0.7655	0.0013	0.7641	0.0054	0.0013	0.0041	0.7600	0.0000	0.7600	0.9996	0.9953	0.0043	0.9925	0.9925	0.0000	0.0071	0.0028	0.0043	0.5118	0.4606	0.0512	0.2214	0.2063	0.0151	0.2904	0.2543	0.0361	0.5370	0.3791	0.1579	0.2889	0.2472	0.0417	0.2480	0.1319	0.1162	0.8034	0.0011	546.3991	0.0071	0.0016	inf	91.5021	0.0019	567.4249	1.8617	2.6255	0.0273	3.4353	4.0147	0.0000	0.0286	0.0211	0.0371
62	96	0.9538	8	0	0	1	1	0	0	0	0	N	N	N	N	N	N	N	N	N	N	N	N	0.0000	0.0000	0.0000	0.0000	0.0000	0.0000	0.0000	0.0000	0.0000	0.0000	0.0000	0.0000	0.0000	0.0000	0.0000	2.6028	3.6842	0.0000	4.8407	5.6591	0.0000	0.0082	0.0153	0.0000	0.0000	0.0000	-0.9985	22.0948	0.0000	64.3951	6.9903	0.0000	0.0000	0.0000	0.0000	0.0000	0.0000	0.0000	0.0000	0.0000	1.9162	1.9162	0.0000	1.9134	1.9134	0.0000	0.0028	0.0028	0.0000	0.0000	0.0000	0.0000	0.0000	0.0000	0.0000	0.0000	0.0000	0.0000	0.7362	0.5201	0.2161	0.3953	0.3381	0.0572	0.3409	0.1820	0.1589	0.0000	0.0000	0.0000	0.0000	0.0000	0.0000	0.0000	0.0000	0.0000	2.6028	3.6842	0.0000	4.8407	5.6591	0.0000	0.0082	0.0153	0.0000				
62	97	0.9483	7	0	0	0	1	0	0	0	0	N	N	N	N	N	N	N	N	N	N	N	N	0.0000	0.0000	0.0000	0.0000	0.0000	0.0000	0.0000	0.0000	0.0000	0.0000	0.0000	0.0000	0.0000	0.0000	0.0000	0.0000	0.0000	0.0000	0.1582	0.0442	0.4422	0.0528	0.0594	0.0110	0.2799	0.0162	0.5888	4.0172	0.0000	0.0110	22.0948	0.9999	64.3951	1.0605	0.0000	0.0000	0.0000	0.0000	0.0000	0.0000	0.0000	0.0000	0.0000	0.0394	0.0078	0.0315	0.0070	0.0068	0.0002	0.0323	0.0010	0.0313	0.3144	0.2847	0.0298	0.1632	0.1522	0.0110	0.1513	0.1325	0.0188	0.2488	0.1775	0.0713	0.1333	0.1152	0.0181	0.1155	0.0623	0.0532	0.0000	0.0000	0.0000	0.0000	0.0000	0.0000	0.0000	0.0000	0.0000	0.1582	0.0442	0.4422	0.0528	0.0594	0.0110	0.2799	0.0162	0.5888	
62	98	0.9462	6	0	0	0	1	0	0	0	0	N	N	N	N	N	N	N	N	N	N	N	N	0.0947	0.1172	0.0835	0.1486	0.1220	5.3950	0.0194	0.1989	0.0142	0.0469	0.0449	0.0655	0.0750	0.0698	0.1597	0.0094	0.0085	0.0145	0.4946	0.3831	0.7845	0.5050	0.5721	0.0296	0.4829	0.0427	1.0175	0.1518	0.7874	0.0000	-0.0056	22.0948	0.0012	64.3951	1.0414	0.0000	0.0000	0.0000	0.0000	0.0000	0.0000	0.0000	0.0000	0.0000	0.0700	0.0392	0.0308	0.0379	0.0376	0.0003	0.0321	0.0016	0.0306	0.0010	0.0009	0.0001	0.0006	0.0005	0.0000	0.0004	0.0004	0.0001	0.1415	0.1022	0.0393	0.0750	0.0657	0.0093	0.0665	0.0365	0.0300	0.0947	0.1172	0.0835	0.1486	0.1220	5.3950	0.0194	0.1989	0.0142	0.4946	0.3831	0.7845	0.5050	0.5721	0.0296	0.4829	0.0427	1.0175
62	99	0.8952	5	1	1	0	0	0	0	0	0	N	N	N	N	N	N	N	N	N	N	N	N	0.0405	0.1137	0.0000	0.9639	3.9696	0.0000	0.0000	0.0000	0.0000	0.0868	0.0988	0.0000	0.3220	0.3678	0.0000	0.0000	0.0000	0.0000	2.1432	0.8692	4.9085	0.3341	0.0926	2.7934	3.8774	2.0901	5.8236	0.0000	2.6016	-0.0100	0.7229	22.0948	3.2042	64.3951	9.0918	0.1052	0.1052	0.0000	0.1052	0.1052	0.0000	0.0000	0.0000	0.0000	3.5915	0.9972	2.5943	0.2740	0.0650	0.2090	3.3175	0.9322	2.3853	1.2111	1.0638	0.1473	0.3265	0.2859	0.0406	0.8846	0.7779	0.1067	1.6757	1.1472	0.5285	0.8201	0.7012	0.1189	0.8556	0.4460	0.4096	0.0405	0.1137	0.0000	0.9639	3.9696	0.0000	0.0000	0.0000	0.0000	2.1432	0.8692	4.9085	0.3341	0.0926	1.7574	3.8774	2.0901	5.8236
62	100	0.8952	5	0	1	0	0	0	0	0	0	N	N	N	N	N	N	N	N	N	N	N	N	0.2613	0.0000	1.1038	1.1059	0.0000	0.6825	0.0045	0.0000	0.0456	0.4102	0.0000	3.1693	0.9050	0.0000	5.6434	0.0103	0.0000	0.0987	1.5701	0.9710	2.8713	0.8184	0.0601	8.2683	2.2946	2.4127	2.1663	inf	1.3616	0.1847	0.1269	22.0948	0.7962	64.3951	10.9291	0.2042	0.0000	0.2042	0.2014	0.0000	0.2014	0.0028	0.0000	0.0028	2.2884	0.9690	1.3194	0.5853	0.0368	0.5486	1.7031	0.9322	0.7708	0.4979	0.4334	0.0644	0.2225	0.1869	0.0357	0.2753	0.2466	0.0288	1.4574	0.9979	0.4595	0.7152	0.6115	0.1037	0.7422	0.3864	0.3558	0.2613	0.0000	1.1038	1.1059	0.0000	1.0667	0.0045	0.0000	0.0456	1.5701	0.9710	2.8713	0.8184	0.0601	5.2907	2.2946	2.4127	2.1663
62	101	0.9531	8	1	1	0	0	0	0	0	0	N	N	N	N	N	N	N	N	N	N	N	N	0.0000	0.0000	0.0000	0.0000	0.0000	0.0000	0.0000	0.0000	0.0000	0.0000	0.0000	0.0000	0.0000	0.0000	0.0000	0.4250	0.0000	1.4335	0.1092	0.0000	0.7805	0.7929	0.0000	1.6860	inf	0.0000	0.0655	22.0948	0.0000	64.3951	3.0000	0.0000	0.0000	0.0000	0.0000	0.0000	0.0000	0.0000	0.0000	0.0000	0.1367	0.0000	0.1367	0.0189	0.0000	0.0189	0.1178	0.0000	0.1178	0.0000	0.0000	0.0000	0.0000	0.0000	0.0000	0.0000	0.0000	0.0000	0.3216	0.2263	0.0954	0.1731	0.1476	0.0255	0.1485	0.0787	0.0699	0.0000	0.0000	0.0000	0.0000	0.0000	0.0000	0.0000	0.0000	0.0000	0.4250	0.0000	1.4335	0.1092	0.0000	0.7418	0.7929	0.0000	1.6860				
62	102	0.9500	7	1	1	0	0	0	0	0	0	N	N	N	N	N	N	N	N	N	N	N	N	0.0000	0.0000	0.0000	0.0000	0.0000	0.0000	0.0000	0.0000	0.0000	0.0000	0.0000	0.0000	0.0000	0.0000	0.0000	0.0000	0.0000	0.0000	0.0000	0.0000	22.0948	0.0000	64.3951	1.0000	0.0000	0.0000	0.0000	0.0000	0.0000	0.0000	0.0000	0.0000	0.0000	0.0000	0.0000	0.0000	0.0000	0.0000	0.0000	0.0000	0.0000	0.0000	0.0000	0.0000	0.0000	0.0000	0.0000	0.0000	0.0000	0.0000	0.0000	0.1106	0.0778	0.0328	0.0596	0.0508	0.0088	0.0510	0.0270	0.0240	0.0000	0.0000	0.0000	0.0000	0.0000	0.0000	0.0000	0.0000	0.0000	0.0000	0.0000	0.0000	0.0000	0.0000	0.0000	0.0000	0.0000	0.0000											
62	103	0.9462	6	0	1	0	0	0	0	0	0	N	N	N	N	N	N	N	N	N	N	N	N	0.0034	1.8262	0.0000	1.5744	86.4297	0.0000	0.0005	0.2276	0.0000	0.0245	0.0271	0.0000	0.0364	0.0386	0.0000	0.0079	0.0093	0.0000	7.1811	0.0148	25.8008	0.0231	0.0004	0.1836	15.2530	0.0407	33.7210	0.0000	669.8280	-0.0000	0.4894	22.0948	0.0006	64.3951	1.0534	0.0000	0.0000	0.0000	0.0000	0.0000	0.0000	0.0000	0.0000	0.0000	1.0250	0.0015	1.0235	0.0017	0.0000	0.0017	1.0233	0.0015	1.0218	0.0008	0.0007	0.0001	0.0005	0.0004	0.0000	0.0003	0.0003	0.0001	0.1427	0.1031	0.0397	0.0757	0.0663	0.0094	0.0671	0.0368	0.0303	0.0034	1.8262	0.0000	1.5744	86.4297	0.0000	0.0005	0.2276	0.0000	7.1811	0.0148	25.8008	0.0231	0.0004	0.1836	15.2530	0.0407	33.7210
62	104	0.8952	5	0	0	0	0	0	0	0	0	N	N	N	N	N	N	N	N	N	N	N	N	0.0288	0.0438	0.0000	0.7684	1.5996	0.0000	0.0000	0.0000	0.0000	0.0574	0.0650	0.0000	0.2718	0.3022	0.0001	0.0000	0.0000	0.0000	1.9903	1.4851	3.0856	0.3538	0.1889	2.2032	3.5406	3.4937	3.5920	0.0000	0.9582	-0.0123	-0.1401	22.0948	7.2034	64.3951	9.9858	0.1286	0.1286	0.0000	0.1286	0.1286	0.0000	0.0000	0.0000	0.0000	4.4120	2.2531	2.1590	0.3815	0.1742	0.2074	4.0305	2.0789	1.9516	2.2414	1.9776	0.2638	0.4731	0.4257	0.0475	1.7683	1.5520	0.2163	2.2168	1.5171	0.6997	1.0785	0.9221	0.1564	1.1384	0.5950	0.5433	0.0288	0.0438	0.0000	0.7684	1.5996	0.0001	0.0000	0.0000	0.0000	1.9903	1.4851	3.0856	0.3538	0.1889	1.3261	3.5406	3.4937	3.5920
62	105	0.8738	4	0	0	0	0	0	0	0	0	N	N	N	N	N	N	N	N	N	N	N	N	0.9077	0.7392	0.9815	7.9787	7.8739	3.1287	0.0053	0.0022	0.2740	0.7613	0.8616	0.0757	4.4374	4.9139	0.4407	0.0063	0.0049	0.0151	0.8388	1.1656	0.0771	0.5562	0.6241	0.1408	1.1767	2.2594	0.0553	0.0128	0.0284	-0.0168	-0.8191	22.0948	0.7993	64.3951	5.3573	0.2030	0.2004	0.0026	0.2016	0.1995	0.0021	0.0014	0.0010	0.0004	1.6599	1.6141	0.0458	0.5993	0.5780	0.0213	1.0605	1.0361	0.0245	0.2666	0.2326	0.0340	0.0454	0.0406	0.0048	0.2212	0.1920	0.0292	1.9789	1.3847	0.5942	1.0776	0.9262	0.1515	0.9013	0.4586	0.4427	0.9077	0.7392	0.9815	7.9787	7.8739	3.1287	0.0053	0.0022	0.2740	0.8388	1.1656	0.0771	0.5562	0.6241	0.1408	1.1767	2.2594	0.0553
62	106	0.8125	3	0	0	0	0	0	0	0	0	N	N	N	N	N	N	N	N	N	N	N	N	0.1475	0.4072	0.0033	1.9212	2.6585	0.0248	0.0041	0.0301	0.0021	0.1100	0.1249	0.0055	1.0015	1.0423	0.0568	0.0040	0.0041	0.0037	0.7456	0.3067	1.6743	0.5213	0.3920	2.2885	0.9910	0.1357	1.7598	0.0063	2.5806	-0.0117	0.8141	22.0948	4.1241	64.3951	16.2542	0.1313	0.1304	0.0008	0.1270	0.1267	0.0003	0.0043	0.0038	0.0005	4.0777	1.1388	2.9389	1.4890	0.9710	0.5180	2.5887	0.1678	2.4209	1.1934	1.0444	0.1490	0.1268	0.1215	0.0052	1.0666	0.9229	0.1438	5.4688	3.7135	1.7553	2.8564	2.4768	0.3796	2.6123	1.2367	1.3757	0.1475	0.4072	0.0033	1.9212	2.6585	0.0417	0.0041	0.0301	0.0021	0.7456	0.3067	1.6743	0.5213	0.3920	1.3644	0.9910	0.1357	1.7598
62	107	0.7079	2	0	0	0	0	0	0	0	0	N	N	N	N	N	N	N	N	N	N	N	N	0.2245	0.3248	0.0366	0.3716	0.4940	0.0334	0.2062	0.4565	0.0415	0.0603	0.0698	0.0138	0.1155	0.1285	0.0204	0.0450	0.0523	0.0126	0.2684	0.2150	0.3770	0.3109	0.2601	0.6091	0.2182	0.1146	0.3040	0.0407	0.8621	-0.0109	-0.1757	22.0948	8.6998	64.3951	27.8967	0.1930	0.1855	0.0075	0.0801	0.0784	0.0017	0.1129	0.1071	0.0058	3.0237	1.6238	1.3999	1.8959	1.3553	0.5406	1.1278	0.2685	0.8593	3.2033	2.6561	0.5472	0.6933	0.6102	0.0831	2.5099	2.0459	0.4640	11.2664	7.5528	3.7136	6.0977	5.2102	0.8875	5.1687	2.3425	2.8261	0.2245	0.3248	0.0366	0.3716	0.4940	0.0334	0.2062	0.4565	0.0415	0.2684	0.2150	0.3770	0.3109	0.2601	0.6091	0.2182	0.1146	0.3040
62	109	0.7902	3	0	0	0	0	0	0	0	0	N	N	N	N	N	N	N	N	N	N	N	N	0.3899	0.4505	0.0054	0.2131	0.2180	0.0671	0.2827	0.2604	0.0036	0.3903	0.4547	0.0053	0.1098	0.1143	0.0308	0.4289	0.5071	0.0041	1.0012	1.0094	0.9842	0.5152	0.5242	0.4592	1.5171	1.9474	1.1305	0.0019	0.4730	-0.0863	-1.8083	22.0948	7.7801	64.3951	32.2209	0.9221	0.9203	0.0018	0.0313	0.0309	0.0005	0.8908	0.8894	0.0013	9.0428	6.1391	2.9037	2.3965	2.1013	0.2951	6.6463	4.0378	2.6085	2.3625	2.0240	0.3385	0.2854	0.2701	0.0153	2.0771	1.7539	0.3232	9.0323	6.0822	2.9502	4.6515	4.0087	0.6427	4.3809	2.0734	2.3075	0.3899	0.4505	0.0054	0.2131	0.2180	0.0671	0.2827	0.2604	0.0036	1.0012	1.0094	0.9842	0.5152	0.5242	0.4592	1.5171	1.9474	1.1305
63	64	0.2064	5	1	1	1	0	0	0	0	0	N	N	N	N	N	N	N	N	N	N	N	N	0.0001	0.0000	0.0003	0.0051	0.0000	0.0215	0.0000	0.0000	0.0001	0.0001	0.0000	0.0005	0.0028	0.0000	0.1019	0.0000	0.0000	0.0001	0.6099	0.0437	1.9562	0.5554	0.0674	4.7305	0.6720	0.0013	1.4605	inf	18.8416	0.0000	0.2993	3.0638	1.0029	18.8214	8.4685	0.0000	0.0000	0.0000	0.0000	0.0000	0.0000	0.0000	0.0000	0.0000	0.6984	0.0352	0.6632	0.3386	0.0348	0.3038	0.3597	0.0004	0.3594	0.0470	0.0406	0.0064	0.0010	0.0010	0.0000	0.0460	0.0396	0.0064	1.1450	0.8060	0.3390	0.6097	0.5167	0.0930	0.5353	0.2893	0.2461	0.0001	0.0000	0.0003	0.0051	0.0000	0.0312	0.0000	0.0000	0.0001	0.6099	0.0437	1.9562	0.5554	0.0674	3.2685	0.6720	0.0013	1.4605
63	65	0.1851	4	0	1	0	0	0	0	0	0	N	N	N	N	N	N	N	N	N	N	N	N	0.0082	0.0000	0.0389	0.0655	0.0006	0.3045	0.0003	0.0000	0.0019	0.0133	0.0000	0.1372	0.0498	0.0001	2.1970	0.0008	0.0000	0.0064	1.6246	0.6525	3.5282	0.7594	0.1801	7.2145	2.2774	1.2697	3.2993	451.9594	2.7613	0.0007	0.2338	3.0638	0.7961	18.8214	8.5878	0.0008	0.0000	0.0008	0.0008	0.0000	0.0008	0.0000	0.0000	0.0000	1.0972	0.2917	0.8055	0.2205	0.0456	0.1749	0.8766	0.2461	0.6306	0.0613	0.0554	0.0059	0.0156	0.0153	0.0004	0.0457	0.0401	0.0056	0.6754	0.4471	0.2283	0.2904	0.2532	0.0372	0.3849	0.1938	0.1911	0.0082	0.0000	0.0389	0.0655	0.0006	0.4669	0.0003	0.0000	0.0019	1.6246	0.6525	3.5282	0.7594	0.1801	4.7055	2.2774	1.2697	3.2993
63	66	0.4127	7	0	1	0	0	0	0	0	0	N	N	N	N	N	N	N	N	N	N	N	N	0.0044	0.0043	0.0000	0.2605	0.2551	0.0004	0.0000	0.0000	0.0000	0.0044	0.0051	0.0000	0.0815	0.0862	0.0000	0.0000	0.0000	0.0000	0.9962	1.1720	0.6168	0.3127	0.3377	0.1056	1.4553	2.0929	0.6977	0.0002	0.2439	-0.0000	-0.3660	3.0638	1.0110	18.8214	12.5479	0.0002	0.0002	0.0000	0.0002	0.0002	0.0000	0.0000	0.0000	0.0000	1.1259	0.9052	0.2207	0.1420	0.1368	0.0052	0.9839	0.7683	0.2156	0.0478	0.0414	0.0065	0.0026	0.0024	0.0001	0.0453	0.0389	0.0063	1.1302	0.7723	0.3579	0.4541	0.4052	0.0489	0.6761	0.3671	0.3089	0.0044	0.0043	0.0000	0.2605	0.2551	0.0004	0.0000	0.0000	0.0000	0.9962	1.1720	0.6168	0.3127	0.3377	0.1056	1.4553	2.0929	0.6977
63	67	0.4063	6	0	0	0	0	0	0	0	0	N	N	N	N	N	N	N	N	N	N	N	N	0.0387	0.0020	0.2997	0.0208	0.0228	0.0007	0.0903	0.0000	0.4101	0.0047	0.0003	0.0336	0.0041	0.0044	0.0002	0.0048	0.0000	0.0343	0.1228	0.1273	0.1120	0.1984	0.1912	0.2643	0.0530	0.0241	0.0836	20.8985	0.3755	0.0002	-0.0145	3.0638	0.9784	18.8214	1.5217	0.0002	0.0000	0.0002	0.0000	0.0000	0.0000	0.0002	0.0000	0.0002	0.0585	0.0425	0.0160	0.0453	0.0394	0.0059	0.0131	0.0031	0.0100	0.0463	0.0400	0.0062	0.0024	0.0023	0.0001	0.0438	0.0377	0.0061	0.4762	0.3338	0.1424	0.2286	0.2062	0.0224	0.2476	0.1276	0.1200	0.0387	0.0020	0.2997	0.0208	0.0228	0.0007	0.0903	0.0000	0.4101	0.1228	0.1273	0.1120	0.1984	0.1912	0.2643	0.0530	0.0241	0.0836
63	68	0.3761	5	0	0	0	0	0	0	0	0	N	N	N	N	N	N	N	N	N	N	N	N	0.0056	0.0043	0.0145	0.0417	0.0416	0.0085	0.0030	0.0000	0.0185	0.0009	0.0008	0.0016	0.0109	0.0113	0.0017	0.0002	0.0000	0.0016	0.1624	0.1868	0.1082	0.2610	0.2711	0.1975	0.0734	0.0640	0.0843	0.3058	0.2600	0.0000	-0.0626	3.0638	1.0531	18.8214	9.0748	0.0000	0.0000	0.0000	0.0000	0.0000	0.0000	0.0000	0.0000	0.0000	0.1989	0.1578	0.0410	0.1516	0.1358	0.0158	0.0473	0.0221	0.0252	0.0512	0.0442	0.0070	0.0033	0.0032	0.0001	0.0479	0.0410	0.0068	1.2245	0.8452	0.3793	0.5810	0.5008	0.0802	0.6435	0.3444	0.2991	0.0056	0.0043	0.0145	0.0417	0.0416	0.0085	0.0030	0.0000	0.0185	0.1624	0.1868	0.1082	0.2610	0.2711	0.1975	0.0734	0.0640	0.0843
63	69	0.1851	4	1	0	1	0	0	0	0	0	N	N	N	N	N	N	N	N	N	N	N	N	0.0000	0.0000	0.0000	0.0000	0.0000	0.0000	0.0000	0.0000	0.0000	0.0000	0.0000	0.0000	0.0000	0.0145	0.0218	0.0000	0.0333	0.0382	0.0000	0.0000	0.0000	0.0000	0.0000	0.0000	-0.0033	3.0638	0.0000	18.8214	4.9600	0.0000	0.0000	0.0000	0.0000	0.0000	0.0000	0.0000	0.0000	0.0000	0.0062	0.0062	0.0000	0.0062	0.0062	0.0000	0.0000	0.0000	0.0000	0.0000	0.0000	0.0000	0.0000	0.0000	0.0000	0.0000	0.0000	0.0000	0.4304	0.2856	0.1448	0.1873	0.1634	0.0239	0.2431	0.1222	0.1210	0.0000	0.0000	0.0000	0.0000	0.0000	0.0000	0.0000	0.0000	0.0000	0.0145	0.0218	0.0000	0.0333	0.0382	0.0000	0.0000	0.0000	0.0000						
63	71	0.1986	6	0	0	1	0	0	0	0	0	N	N	N	N	N	N	N	N	N	N	N	N	10.5159	11.2324	0.0000	125.3161	136.7969	0.0000	0.0000	0.0000	0.0000	0.0035	0.0040	0.0000	0.0902	0.0929	0.0000	0.0000	0.0000	0.0000	0.0003	0.0004	0.0003	0.0007	0.0007	0.0012	0.0001	0.0000	0.0002	0.0000	0.3800	-0.0000	-0.0000	3.0638	1.0000	18.8214	0.0055	0.0001	0.0001	0.0000	0.0001	0.0001	0.0000	0.0000	0.0000	0.0000	0.0000	0.0000	0.0000	0.0000	0.0000	0.0000	0.0000	0.0000	0.0000	0.0256	0.0222	0.0033	0.0010	0.0010	0.0000	0.0246	0.0213	0.0033	0.0641	0.0431	0.0210	0.0245	0.0227	0.0018	0.0396	0.0205	0.0191	10.5159	11.2324	0.0000	125.3161	136.7969	0.0000	0.0000	0.0000	0.0000	0.0003	0.0004	0.0003	0.0007	0.0007	0.0012	0.0001	0.0000	0.0002
63	72	0.1920	5	0	0	1	0	0	0	0	0	N	N	N	N	N	N	N	N	N	N	N	N	0.3348	0.2935	0.0000	3.7349	3.7277	0.0000	0.0000	0.0000	0.0000	0.0035	0.0040	0.0000	0.0897	0.0924	0.0000	0.0000	0.0000	0.0000	0.0104	0.0136	0.0037	0.0240	0.0248	0.0148	0.0015	0.0005	0.0026	0.0000	0.1328	-0.0000	-0.0003	3.0638	0.0000	18.8214	1.0265	0.0000	0.0000	0.0000	0.0000	0.0000	0.0000	0.0000	0.0000	0.0000	0.0007	0.0006	0.0001	0.0006	0.0006	0.0000	0.0001	0.0000	0.0001	0.0000	0.0000	0.0000	0.0000	0.0000	0.0000	0.0000	0.0000	0.0000	0.0689	0.0463	0.0226	0.0270	0.0249	0.0021	0.0419	0.0213	0.0205	0.3348	0.2935	0.0000	3.7349	3.7277	0.0000	0.0000	0.0000	0.0000	0.0104	0.0136	0.0037	0.0240	0.0248	0.0148	0.0015	0.0005	0.0026
63	73	0.1866	4	0	0	0	0	0	0	0	0	N	N	N	N	N	N	N	N	N	N	N	N	0.0001	0.0001	0.0000	0.0001	0.0001	0.0000	0.0000	0.0000	0.0000	0.0000	0.0000	0.0000	0.0000	0.0000	0.0000	0.0000	0.0000	0.0000	0.0129	0.0156	0.0058	0.0191	0.0220	0.0046	0.0036	0.0014	0.0065	0.0000	0.1370	-0.0000	-0.0049	3.0638	0.0000	18.8214	1.0321	0.0000	0.0000	0.0000	0.0000	0.0000	0.0000	0.0000	0.0000	0.0000	0.0122	0.0108	0.0015	0.0109	0.0105	0.0004	0.0013	0.0003	0.0010	0.0111	0.0107	0.0004	0.0056	0.0056	0.0000	0.0055	0.0051	0.0004	0.9449	0.6896	0.2553	0.5700	0.4760	0.0940	0.3749	0.2136	0.1613	0.0001	0.0001	0.0000	0.0001	0.0001	0.0000	0.0000	0.0000	0.0000	0.0129	0.0156	0.0058	0.0191	0.0220	0.0046	0.0036	0.0014	0.0065
63	74	0.1637	3	0	0	0	0	0	0	0	0	N	N	N	N	N	N	N	N	N	N	N	N	0.0058	0.0035	0.0246	0.0471	0.0289	0.6487	0.0020	0.0011	0.0073	0.0028	0.0019	0.0091	0.0305	0.0181	0.6283	0.0007	0.0004	0.0021	0.4814	0.5361	0.3697	0.6478	0.6262	0.9686	0.3368	0.3888	0.2896	0.7400	0.3378	0.0000	-0.2034	3.0638	0.5629	18.8214	8.5245	0.0001	0.0000	0.0000	0.0001	0.0000	0.0000	0.0000	0.0000	0.0000	0.7571	0.5659	0.1911	0.4736	0.4102	0.0634	0.2835	0.1558	0.1277	0.0296	0.0257	0.0039	0.0021	0.0021	0.0000	0.0275	0.0236	0.0038	1.5728	1.0557	0.5171	0.7310	0.6550	0.0760	0.8418	0.4007	0.4411	0.0058	0.0035	0.0246	0.0471	0.0289	0.7530	0.0020	0.0011	0.0073	0.4814	0.5361	0.3697	0.6478	0.6262	0.8343	0.3368	0.3888	0.2896
63	75	0.2235	6	0	1	0	0	0	0	0	0	N	N	N	N	N	N	N	N	N	N	N	N	108.4552	109.6496	0.0000	0.0183	0.0179	0.0000	459.1305	254977.2059	0.0000	1.0897	1.2489	0.0000	0.0003	0.0003	0.0000	1.1277	1.2973	0.0000	0.0100	0.0114	0.0068	0.0177	0.0187	0.0111	0.0025	0.0000	0.0055	0.0000	0.2506	-0.0054	-0.0014	3.0638	1.9994	18.8214	4.0943	0.0562	0.0562	0.0000	0.0000	0.0000	0.0000	0.0562	0.0562	0.0000	0.0044	0.0035	0.0009	0.0039	0.0035	0.0003	0.0005	0.0000	0.0005	0.0516	0.0450	0.0066	0.0017	0.0017	0.0001	0.0499	0.0434	0.0065	0.4379	0.3089	0.1290	0.2184	0.1876	0.0308	0.2195	0.1213	0.0982	108.4552	109.6496	0.0000	0.0183	0.0179	0.0000	459.1305	254977.2059	0.0000	0.0100	0.0114	0.0068	0.0177	0.0187	0.0111	0.0025	0.0000	0.0055
63	76	0.2172	5	0	0	0	0	0	0	0	0	N	N	N	N	N	N	N	N	N	N	N	N	2.3370	2.5296	1.5385	0.0242	0.0234	0.0000	4.7743	31.9406	1.6403	0.1893	0.1971	0.1357	0.0028	0.0028	0.0000	0.2051	0.2159	0.1367	0.0810	0.0779	0.0882	0.1163	0.1183	0.1037	0.0430	0.0068	0.0833	0.1002	0.4833	-0.0000	-0.0042	3.0638	0.0011	18.8214	2.7207	0.0000	0.0000	0.0000	0.0000	0.0000	0.0000	0.0000	0.0000	0.0000	0.0213	0.0143	0.0069	0.0158	0.0139	0.0019	0.0054	0.0005	0.0050	0.0000	0.0000	0.0000	0.0000	0.0000	0.0000	0.0000	0.0000	0.0000	0.2627	0.1841	0.0786	0.1362	0.1174	0.0188	0.1265	0.0667	0.0598	2.3370	2.5296	1.5385	0.0242	0.0234	0.0000	4.7743	31.9406	1.6403	0.0810	0.0779	0.0882	0.1163	0.1183	0.1037	0.0430	0.0068	0.0833
63	77	0.1851	4	0	0	0	0	0	0	0	0	N	N	N	N	N	N	N	N	N	N	N	N	0.0000	0.0000	0.0000	0.0000	0.0000	0.0000	0.0000	0.0000	0.0000	0.0000	0.0000	0.0000	0.0000	0.0000	0.0000	0.0000	0.0000	0.0000	0.8231	0.8812	0.7094	1.5753	1.5568	2.7714	0.2587	0.0044	0.5172	0.0000	0.4116	-0.0000	-0.1484	3.0638	0.0001	18.8214	10.0074	0.0000	0.0000	0.0000	0.0000	0.0000	0.0000	0.0000	0.0000	0.0000	0.6466	0.4580	0.1885	0.5304	0.4570	0.0734	0.1161	0.0010	0.1151	0.0274	0.0261	0.0012	0.0139	0.0137	0.0002	0.0134	0.0124	0.0010	0.7855	0.5198	0.2657	0.3367	0.2936	0.0431	0.4488	0.2262	0.2226	0.0000	0.0000	0.0000	0.0000	0.0000	0.0000	0.0000	0.0000	0.0000	0.8231	0.8812	0.7094	1.5753	1.5568	1.7012	0.2587	0.0044	0.5172
63	78	0.2053	5	1	0	1	0	0	0	0	0	N	N	N	N	N	N	N	N	N	N	N	N	25.0435	25.4624	0.0000	26.8189	25.2476	0.0000	0.1787	0.4854	0.0000	0.0037	0.0040	0.0000	0.0051	0.0054	0.0000	0.0000	0.0000	0.0000	0.0001	0.0002	0.0001	0.0002	0.0002	0.0000	0.0001	0.0000	0.0002	0.0000	0.3803	-0.0001	-0.0000	3.0638	1.6246	18.8214	0.0115	0.0005	0.0005	0.0000	0.0005	0.0005	0.0000	0.0000	0.0000	0.0000	0.0000	0.0000	0.0000	0.0000	0.0000	0.0000	0.0000	0.0000	0.0000	0.1439	0.1330	0.0109	0.1024	0.0968	0.0056	0.0415	0.0362	0.0053	0.1089	0.0742	0.0347	0.0562	0.0487	0.0075	0.0527	0.0255	0.0272	25.0435	25.4624	0.0000	26.8189	25.2476	0.0000	0.1787	0.4854	0.0000	0.0001	0.0002	0.0001	0.0002	0.0002	0.0000	0.0001	0.0000	0.0002
63	79	0.1851	4	1	0	1	0	0	0	0	0	N	N	N	N	N	N	N	N	N	N	N	N	0.6380	0.4834	0.0079	3.3809	3.0826	0.0954	0.0000	0.0000	0.0000	0.0052	0.0060	0.0000	0.0646	0.0675	0.0000	0.0000	0.0000	0.0000	0.0082	0.0123	0.0000	0.0191	0.0219	0.0001	0.0000	0.0000	0.0000	0.0000	0.0011	-0.0002	-0.0039	3.0638	8.1927	18.8214	3.9952	0.0020	0.0020	0.0000	0.0020	0.0020	0.0000	0.0000	0.0000	0.0000	0.0075	0.0075	0.0000	0.0075	0.0075	0.0000	0.0000	0.0000	0.0000	0.3752	0.3280	0.0472	0.0303	0.0290	0.0013	0.3449	0.2990	0.0459	0.9223	0.6102	0.3121	0.3942	0.3437	0.0505	0.5281	0.2665	0.2616	0.6380	0.4834	0.0079	3.3809	3.0826	0.0954	0.0000	0.0000	0.0000	0.0082	0.0123	0.0000	0.0191	0.0219	0.0001	0.0000	0.0000	0.0000
63	80	0.1851	4	0	1	0	1	0	0	0	0	N	N	N	N	N	N	N	N	N	N	N	N	0.0056	0.0000	0.1113	0.0335	0.0000	0.6763	0.0003	0.0000	0.0070	0.0133	0.0000	0.1376	0.0498	0.0000	2.2032	0.0008	0.0000	0.0064	2.3573	2.9299	1.2365	1.4877	1.2809	3.2580	3.0005	5.0295	0.9182	inf	0.2156	0.0007	-1.0148	3.0638	0.7962	18.8214	19.0091	0.0008	0.0000	0.0008	0.0008	0.0000	0.0008	0.0000	0.0000	0.0000	2.9525	2.4288	0.5237	0.7922	0.5948	0.1974	2.1604	1.8341	0.3263	0.0613	0.0554	0.0059	0.0156	0.0153	0.0004	0.0457	0.0401	0.0056	1.2525	0.8290	0.4235	0.5325	0.4643	0.0682	0.7200	0.3647	0.3553	0.0056	0.0000	0.1113	0.0335	0.0000	0.7608	0.0003	0.0000	0.0070	2.3573	2.9299	1.2365	1.4877	1.2809	2.8959	3.0005	5.0295	0.9182
63	81	0.1851	4	0	1	0	0	0	0	0	0	N	N	N	N	N	N	N	N	N	N	N	N	0.0092	0.0000	0.1276	0.0448	0.0000	0.6866	0.0005	0.0000	0.0077	0.0133	0.0000	0.1376	0.0498	0.0000	2.2032	0.0008	0.0000	0.0064	1.4412	1.6263	1.0778	1.1113	0.9273	3.2088	1.6836	2.5079	0.8316	inf	0.3376	0.0007	-0.5991	3.0638	0.7962	18.8214	25.3140	0.0008	0.0000	0.0008	0.0008	0.0000	0.0008	0.0000	0.0000	0.0000	2.2300	1.6671	0.5629	0.7283	0.5302	0.1982	1.5016	1.1369	0.3647	0.0613	0.0554	0.0059	0.0156	0.0153	0.0004	0.0457	0.0401	0.0056	1.5473	1.0251	0.5222	0.6554	0.5717	0.0837	0.8919	0.4533	0.4386	0.0092	0.0000	0.1276	0.0448	0.0000	0.9304	0.0005	0.0000	0.0077	1.4412	1.6263	1.0778	1.1113	0.9273	2.3680	1.6836	2.5079	0.8316
63	82	0.1851	4	0	1	0	0	0	0	0	0	N	N	N	N	N	N	N	N	N	N	N	N	14.2737	0.0000	85.8982	0.0477	0.0000	0.5547	27.6105	0.0000	116.1886	9.7073	0.0000	86.2395	0.0491	0.0000	1.7702	11.7094	0.0000	89.9731	0.6801	0.5153	1.0040	1.0293	0.8567	3.1914	0.4241	0.0863	0.7744	inf	0.9913	0.9034	-0.0263	3.0638	1.7961	18.8214	27.0091	0.9989	0.0000	0.9989	0.0009	0.0000	0.0009	0.9980	0.0000	0.9980	1.1307	0.5678	0.5629	0.7239	0.5257	0.1982	0.4068	0.0421	0.3647	0.1029	0.0913	0.0116	0.0177	0.0172	0.0005	0.0852	0.0741	0.0111	1.6626	1.1019	0.5606	0.7033	0.6136	0.0897	0.9593	0.4883	0.4710	14.2737	0.0000	85.8982	0.0477	0.0000	0.8011	27.6105	0.0000	116.1886	0.6801	0.5153	1.0040	1.0293	0.8567	2.2098	0.4241	0.0863	0.7744
63	85	0.3846	5	0	0	0	0	0	0	0	0	N	N	N	N	N	N	N	N	N	N	N	N	0.0068	0.0365	0.0001	0.2235	0.3554	0.0018	0.0003	0.0070	0.0001	0.0060	0.0068	0.0002	0.0824	0.0852	0.0027	0.0005	0.0006	0.0002	0.8850	0.1869	2.4710	0.3688	0.2397	1.4835	1.5078	0.0813	2.9966	0.0049	5.8194	-0.0004	1.0059	3.0638	15.0008	18.8214	28.2980	0.0042	0.0042	0.0000	0.0039	0.0039	0.0000	0.0003	0.0003	0.0000	3.0272	0.4439	2.5833	0.6898	0.3796	0.3102	2.3374	0.0643	2.2731	0.7028	0.6158	0.0870	0.0471	0.0455	0.0016	0.6558	0.5703	0.0855	3.4206	2.3752	1.0455	1.8704	1.5835	0.2869	1.5503	0.7917	0.7585	0.0068	0.0365	0.0001	0.2235	0.3554	0.0025	0.0003	0.0070	0.0001	0.8850	0.1869	2.4710	0.3688	0.2397	1.0813	1.5078	0.0813	2.9966
63	86	0.3846	5	0	0	0	0	0	0	0	0	N	N	N	N	N	N	N	N	N	N	N	N	0.0047	0.0038	0.0147	0.0616	0.0548	0.0765	0.0001	0.0000	0.0155	0.0043	0.0048	0.0013	0.0429	0.0439	0.0097	0.0002	0.0000	0.0011	0.9129	1.2697	0.0886	0.6964	0.8005	0.1273	1.2024	2.3295	0.0725	0.0412	0.0302	-0.0001	-1.4650	3.0638	10.8154	18.8214	27.4443	0.0018	0.0017	0.0001	0.0018	0.0017	0.0000	0.0001	0.0000	0.0001	2.9791	2.8918	0.0873	1.3005	1.2637	0.0368	1.6786	1.6280	0.0506	0.4189	0.3639	0.0550	0.0408	0.0396	0.0011	0.3781	0.3242	0.0539	3.2635	2.2776	0.9859	1.8674	1.5787	0.2887	1.3960	0.6989	0.6972	0.0047	0.0038	0.0147	0.0616	0.0548	0.0765	0.0001	0.0000	0.0155	0.9129	1.2697	0.0886	0.6964	0.8005	0.1273	1.2024	2.3295	0.0725
63	87	0.3368	4	0	0	0	0	0	0	0	0	N	N	N	N	N	N	N	N	N	N	N	N	0.0519	0.0559	0.0374	0.1814	0.1749	0.1404	0.0115	0.0077	0.0299	0.0249	0.0258	0.0197	0.0721	0.0731	0.0388	0.0069	0.0044	0.0185	0.4809	0.4607	0.5265	0.3976	0.4179	0.2764	0.5951	0.5677	0.6193	0.1194	0.5056	0.0001	-0.4325	3.0638	2.7608	18.8214	22.4044	0.0058	0.0052	0.0006	0.0047	0.0046	0.0001	0.0012	0.0006	0.0006	2.3345	1.5506	0.7840	1.1160	1.0046	0.1114	1.2186	0.5460	0.6726	0.2339	0.2023	0.0316	0.0648	0.0630	0.0018	0.1691	0.1393	0.0298	4.8546	3.3657	1.4890	2.8068	2.4039	0.4029	2.0478	0.9618	1.0861	0.0519	0.0559	0.0374	0.1814	0.1749	0.1404	0.0115	0.0077	0.0299	0.4809	0.4607	0.5265	0.3976	0.4179	0.2764	0.5951	0.5677	0.6193
63	88	0.2070	3	0	0	0	0	0	0	0	0	N	N	N	N	N	N	N	N	N	N	N	N	0.0390	0.0352	0.0581	0.2242	0.2180	0.0806	0.0211	0.0152	0.0549	0.0214	0.0200	0.0297	0.1310	0.1341	0.0279	0.0110	0.0076	0.0298	0.5499	0.5693	0.5118	0.5844	0.6149	0.3461	0.5206	0.4965	0.5420	0.2475	0.4595	0.0009	-0.5499	3.0638	8.8820	18.8214	49.9570	0.0090	0.0072	0.0018	0.0048	0.0048	0.0000	0.0042	0.0025	0.0018	2.6663	1.8269	0.8394	1.3015	1.2139	0.0876	1.3648	0.6130	0.7518	0.4209	0.3608	0.0602	0.0366	0.0356	0.0011	0.3843	0.3252	0.0591	4.8491	3.2089	1.6402	2.2272	1.9741	0.2531	2.6219	1.2347	1.3871	0.0390	0.0352	0.0581	0.2242	0.2180	0.0806	0.0211	0.0152	0.0549	0.5499	0.5693	0.5118	0.5844	0.6149	0.3461	0.5206	0.4965	0.5420
63	89	0.1851	4	1	1	0	1	0	0	0	0	N	N	N	N	N	N	N	N	N	N	N	N	0.0129	0.0000	0.0912	0.0852	0.0000	0.7228	0.0006	0.0000	0.0045	0.0133	0.0000	0.1376	0.0498	0.0000	2.2032	0.0008	0.0000	0.0064	1.0313	0.7871	1.5089	0.5843	0.3794	3.0483	1.3627	1.3082	1.4185	inf	0.9800	0.0007	-0.0309	3.0638	0.7962	18.8214	16.9291	0.0008	0.0000	0.0008	0.0008	0.0000	0.0008	0.0000	0.0000	0.0000	1.1827	0.5973	0.5854	0.2853	0.1615	0.1238	0.8974	0.4358	0.4616	0.0613	0.0554	0.0059	0.0156	0.0153	0.0004	0.0457	0.0401	0.0056	1.1468	0.7589	0.3879	0.4883	0.4257	0.0625	0.6585	0.3331	0.3254	0.0129	0.0000	0.0912	0.0852	0.0000	1.1132	0.0006	0.0000	0.0045	1.0313	0.7871	1.5089	0.5843	0.3794	1.9792	1.3627	1.3082	1.4185
63	90	0.2571	9	0	1	0	1	0	0	0	0	N	N	N	N	N	N	N	N	N	N	N	N	0.0000	0.0000	0.0000	0.0000	0.0000	0.0000	0.0000	0.0000	0.0000	0.0000	0.0000	0.0000	0.0000	0.0000	0.0000	0.0000	0.0000	0.0000	0.0000	0.0000	3.0638	0.0000	18.8214	0.0000	0.0000	0.0000	0.0000	0.0000	0.0000	0.0000	0.0000	0.0000	0.0000	0.0000	0.0000	0.0000	0.0000	0.0000	0.0000	0.0000	0.0000	0.0000	0.0000	0.0000	0.0000	0.0000	0.0000	0.0000	0.0000	0.0000	0.0000	0.0000	0.0000	0.0000	0.0000	0.0000	0.0000	0.0000	0.0000	0.0000	0.0000	0.0000	0.0000	0.0000	0.0000	0.0000	0.0000	0.0000	0.0000	0.0000	0.0000	0.0000	0.0000	0.0000	0.0000	0.0000	0.0000	0.0000											
63	91	0.2464	8	0	1	0	1	0	0	0	0	N	N	N	N	N	N	N	N	N	N	N	N	0.0000	0.0000	0.0000	0.0000	0.0000	0.0000	0.0000	0.0000	0.0000	0.0000	0.0000	0.0000	0.0000	0.0000	0.0000	0.0015	0.0021	0.0000	0.0004	0.0004	0.0000	0.0029	0.0062	0.0000	0.0000	0.0000	-0.0002	3.0638	1.0000	18.8214	3.0000	0.0000	0.0000	0.0000	0.0000	0.0000	0.0000	0.0000	0.0000	0.0000	0.0003	0.0003	0.0000	0.0001	0.0001	0.0000	0.0003	0.0003	0.0000	0.0415	0.0370	0.0045	0.0167	0.0155	0.0013	0.0248	0.0215	0.0032	0.2412	0.1662	0.0750	0.1378	0.1177	0.0202	0.1034	0.0486	0.0549	0.0000	0.0000	0.0000	0.0000	0.0000	0.0000	0.0000	0.0000	0.0000	0.0015	0.0021	0.0000	0.0004	0.0004	0.0000	0.0029	0.0062	0.0000				
63	92	0.2399	6	0	1	0	0	0	0	0	0	N	N	N	N	N	N	N	N	N	N	N	N	0.0000	0.0000	0.0000	0.0000	0.0000	0.0000	0.0000	0.0000	0.0000	0.0000	0.0000	0.0000	0.0000	0.0000	0.0000	0.0000	0.0000	0.0000	0.0000	0.0000	3.0638	0.0000	18.8214	0.0000	0.0000	0.0000	0.0000	0.0000	0.0000	0.0000	0.0000	0.0000	0.0000	0.0000	0.0000	0.0000	0.0000	0.0000	0.0000	0.0000	0.0000	0.0000	0.0000	0.0000	0.0000	0.0000	0.0000	0.0000	0.0000	0.0000	0.0000	0.0000	0.0000	0.0000	0.0000	0.0000	0.0000	0.0000	0.0000	0.0000	0.0000	0.0000	0.0000	0.0000	0.0000	0.0000	0.0000	0.0000	0.0000	0.0000	0.0000	0.0000	0.0000	0.0000	0.0000	0.0000	0.0000	0.0000											
63	93	0.2464	8	0	0	1	1	0	0	0	0	N	N	N	N	N	N	N	N	N	N	N	N	0.0000	0.0000	0.0000	0.0000	0.0000	0.0000	0.0000	0.0000	0.0000	0.0000	0.0000	0.0000	0.0000	0.0000	0.0000	0.0000	0.0000	0.0000	0.0000	0.0000	3.0638	0.0000	18.8214	0.0000	0.0000	0.0000	0.0000	0.0000	0.0000	0.0000	0.0000	0.0000	0.0000	0.0000	0.0000	0.0000	0.0000	0.0000	0.0000	0.0000	0.0000	0.0000	0.0000	0.0000	0.0000	0.0000	0.0000	0.0000	0.0000	0.0000	0.0000	0.0000	0.0000	0.0000	0.0000	0.0000	0.0000	0.0000	0.0000	0.0000	0.0000	0.0000	0.0000	0.0000	0.0000	0.0000	0.0000	0.0000	0.0000	0.0000	0.0000	0.0000	0.0000	0.0000	0.0000	0.0000	0.0000	0.0000											
63	94	0.2437	7	0	0	0	1	0	0	0	0	N	N	N	N	N	N	N	N	N	N	N	N	0.0000	0.0000	0.0000	0.0000	0.0000	0.0000	0.0000	0.0000	0.0000	0.0000	0.0000	0.0000	0.0000	0.0000	0.0000	0.0000	0.0231	0.0000	0.0712	0.0000	0.0000	0.0000	0.0535	0.0000	0.0937	13276.6178	0.0000	0.0008	3.0638	1.0000	18.8214	0.0097	0.0000	0.0000	0.0000	0.0000	0.0000	0.0000	0.0000	0.0000	0.0000	0.0016	0.0000	0.0016	0.0000	0.0000	0.0000	0.0016	0.0000	0.0016	0.0415	0.0370	0.0045	0.0167	0.0155	0.0013	0.0248	0.0215	0.0032	0.0678	0.0458	0.0220	0.0386	0.0333	0.0053	0.0293	0.0126	0.0167	0.0000	0.0000	0.0000	0.0000	0.0000	0.0000	0.0000	0.0000	0.0000	0.0231	0.0000	0.0712	0.0000	0.0000	0.0000	0.0535	0.0000	0.0937			
63	95	0.2437	7	0	0	1	1	0	0	0	0	N	N	N	N	N	N	N	N	N	N	N	N	0.5178	21.8781	0.0000	40.2601	37.3028	0.0000	0.0000	0.0028	0.0032	0.0000	0.0070	0.0076	0.0000	0.0000	0.0000	0.0000	0.0054	0.0001	0.0170	0.0002	0.0002	0.0000	0.0124	0.0000	0.0230	0.0000	53.8841	-0.0000	0.0008	3.0638	2.0000	18.8214	3.0050	0.0002	0.0002	0.0000	0.0002	0.0002	0.0000	0.0000	0.0000	0.0000	0.0016	0.0000	0.0016	0.0000	0.0000	0.0000	0.0016	0.0000	0.0016	0.0819	0.0730	0.0089	0.0329	0.0304	0.0025	0.0490	0.0426	0.0064	0.3034	0.2082	0.0952	0.1727	0.1478	0.0249	0.1307	0.0604	0.0703	0.5178	21.8781	0.0000	40.2601	37.3028	0.0000	0.0000	0.0000	0.0000	0.0054	0.0001	0.0170	0.0002	0.0002	0.0000	0.0124	0.0000	0.0230		
63	96	0.2437	7	0	0	1	1	0	0	0	0	N	N	N	N	N	N	N	N	N	N	N	N	0.0000	0.0000	0.0000	0.0000	0.0000	0.0000	0.0000	0.0000	0.0000	0.0000	0.0000	0.0000	0.0000	0.0000	0.0000	0.0000	0.5857	0.8524	0.0004	1.0311	1.2056	0.0000	0.0003	0.0000	0.0005	0.0002	0.0000	-0.1261	3.0638	0.0000	18.8214	6.9903	0.0000	0.0000	0.0000	0.0000	0.0000	0.0000	0.0000	0.0000	0.0000	0.2421	0.2420	0.0000	0.2420	0.2420	0.0000	0.0000	0.0000	0.0000	0.0000	0.0000	0.0000	0.0000	0.0000	0.0000	0.0000	0.0000	0.0000	0.4132	0.2839	0.1293	0.2347	0.2007	0.0340	0.1785	0.0832	0.0954	0.0000	0.0000	0.0000	0.0000	0.0000	0.0000	0.0000	0.0000	0.0000	0.5857	0.8524	0.0004	1.0311	1.2056	0.0000	0.0003	0.0000	0.0005			
63	97	0.2382	6	0	0	0	1	0	0	0	0	N	N	N	N	N	N	N	N	N	N	N	N	0.0000	0.0000	0.0000	0.0000	0.0000	0.0000	0.0000	0.0000	0.0000	0.0000	0.0000	0.0000	0.0000	0.0000	0.0000	0.0000	0.0000	0.0000	0.1853	0.0154	0.5446	0.0560	0.0215	0.2532	0.3570	0.0000	0.6493	16.7792	0.0000	0.0121	3.0638	0.9999	18.8214	1.0605	0.0000	0.0000	0.0000	0.0000	0.0000	0.0000	0.0000	0.0000	0.0000	0.0287	0.0016	0.0271	0.0049	0.0016	0.0033	0.0237	0.0000	0.0237	0.0479	0.0429	0.0051	0.0227	0.0210	0.0017	0.0252	0.0219	0.0033	0.1548	0.1051	0.0497	0.0883	0.0751	0.0131	0.0665	0.0299	0.0366	0.0000	0.0000	0.0000	0.0000	0.0000	0.0000	0.0000	0.0000	0.0000	0.1853	0.0154	0.5446	0.0560	0.0215	0.2532	0.3570	0.0000	0.6493	
63	98	0.2361	5	0	0	0	1	0	0	0	0	N	N	N	N	N	N	N	N	N	N	N	N	0.0043	0.0044	0.0081	0.0069	0.0051	0.0501	0.0009	0.0944	0.0016	0.0027	0.0022	0.0070	0.0045	0.0036	0.0199	0.0005	0.0003	0.0016	0.6221	0.5064	0.8653	0.6571	0.7029	0.3978	0.5752	0.0034	1.0354	0.3624	0.8135	0.0000	-0.0042	3.0638	0.0012	18.8214	1.0414	0.0000	0.0000	0.0000	0.0000	0.0000	0.0000	0.0000	0.0000	0.0000	0.0584	0.0322	0.0262	0.0354	0.0322	0.0032	0.0230	0.0001	0.0230	0.0002	0.0002	0.0000	0.0001	0.0001	0.0000	0.0001	0.0001	0.0000	0.0939	0.0636	0.0303	0.0538	0.0457	0.0081	0.0401	0.0179	0.0222	0.0043	0.0044	0.0081	0.0069	0.0051	0.0501	0.0009	0.0944	0.0016	0.6221	0.5064	0.8653	0.6571	0.7029	0.3978	0.5752	0.0034	1.0354
63	99	0.1851	4	1	1	0	0	0	0	0	0	N	N	N	N	N	N	N	N	N	N	N	N	0.0028	0.0039	0.0000	0.1209	0.3799	0.0000	0.0000	0.0000	0.0000	0.0056	0.0064	0.0000	0.0467	0.0483	0.0000	0.0000	0.0000	0.0000	2.0426	1.6649	2.7811	0.3862	0.1273	3.1485	3.2785	3.6465	2.9033	0.0000	0.8544	-0.0001	-0.1151	3.0638	3.2042	18.8214	9.0918	0.0010	0.0010	0.0000	0.0010	0.0010	0.0000	0.0000	0.0000	0.0000	1.9066	1.0281	0.8784	0.1540	0.0443	0.1098	1.7525	0.9839	0.7686	0.1746	0.1534	0.0212	0.0211	0.0204	0.0007	0.1535	0.1330	0.0205	0.9334	0.6175	0.3158	0.3988	0.3477	0.0511	0.5346	0.2698	0.2647	0.0028	0.0039	0.0000	0.1209	0.3799	0.0000	0.0000	0.0000	0.0000	2.0426	1.6649	2.7811	0.3862	0.1273	2.1478	3.2785	3.6465	2.9033
63	100	0.1851	4	0	1	0	0	0	0	0	0	N	N	N	N	N	N	N	N	N	N	N	N	0.0459	0.0000	0.1775	0.1193	0.0000	0.6830	0.0041	0.0165	0.0133	0.0000	0.1376	0.0498	0.0000	2.2032	0.0008	0.0000	0.0064	0.2893	0.0411	0.7749	0.4176	0.0728	3.2257	0.1932	0.0000	0.3897	inf	9.6490	0.0007	0.0909	3.0638	0.7962	18.8214	10.9291	0.0008	0.0000	0.0008	0.0008	0.0000	0.0008	0.0000	0.0000	0.0000	0.2361	0.0222	0.2139	0.1459	0.0222	0.1238	0.0901	0.0000	0.0901	0.0613	0.0554	0.0059	0.0156	0.0153	0.0004	0.0457	0.0401	0.0056	0.8159	0.5399	0.2760	0.3495	0.3047	0.0448	0.4664	0.2351	0.2313	0.0459	0.0000	0.1775	0.1193	0.0000	0.7970	0.0041	0.0000	0.0165	0.2893	0.0411	0.7749	0.4176	0.0728	2.7644	0.1932	0.0000	0.3897	
63	101	0.2430	7	1	1	0	0	0	0	0	0	N	N	N	N	N	N	N	N	N	N	N	N	0.0000	0.0000	0.0000	0.0000	0.0000	0.0000	0.0000	0.0000	0.0000	0.0000	0.0000	0.0000	0.0000	0.0012	0.0018	0.0000	0.0021	0.0025	0.0000	0.0000	0.0000	0.0000	0.0000	0.0000	-0.0001	3.0638	0.0000	18.8214	3.0000	0.0000	0.0000	0.0000	0.0000	0.0000	0.0000	0.0000	0.0000	0.0000	0.0002	0.0002	0.0000	0.0002	0.0002	0.0000	0.0000	0.0000	0.0000	0.0000	0.0000	0.0000	0.0000	0.0000	0.0000	0.0000	0.0000	0.0000	0.1814	0.1237	0.0577	0.1025	0.0874	0.0150	0.0789	0.0363	0.0426	0.0000	0.0000	0.0000	0.0000	0.0000	0.0000	0.0000	0.0000	0.0000	0.0012	0.0018	0.0000	0.0021	0.0025	0.0000	0.0000	0.0000	0.0000						
63	102	0.2399	6	1	1	0	0	0	0	0	0	N	N	N	N	N	N	N	N	N	N	N	N	0.0000	0.0000	0.0000	0.0000	0.0000	0.0000	0.0000	0.0000	0.0000	0.0000	0.0000	0.0000	0.0000	0.0021	0.0030	0.0000	0.0037	0.0043	0.0000	0.0000	0.0000	0.0000	0.0000	0.0000	-0.0001	3.0638	0.0000	18.8214	1.0000	0.0000	0.0000	0.0000	0.0000	0.0000	0.0000	0.0000	0.0000	0.0000	0.0001	0.0001	0.0000	0.0001	0.0001	0.0000	0.0000	0.0000	0.0000	0.0000	0.0000	0.0000	0.0000	0.0000	0.0000	0.0000	0.0000	0.0000	0.0628	0.0428	0.0200	0.0355	0.0303	0.0052	0.0272	0.0125	0.0147	0.0000	0.0000	0.0000	0.0000	0.0000	0.0000	0.0000	0.0000	0.0000	0.0021	0.0030	0.0000	0.0037	0.0043	0.0000	0.0000	0.0000	0.0000						
63	103	0.2361	5	0	1	0	0	0	0	0	0	N	N	N	N	N	N	N	N	N	N	N	N	0.0002	0.0001	0.0000	0.0409	0.3896	0.0000	0.0000	0.0000	0.0000	0.0016	0.0018	0.0000	0.0028	0.0029	0.0000	0.0002	0.0002	0.0000	10.6285	15.2662	0.8852	0.0675	0.0075	0.4073	24.8064	54.2951	1.0591	0.0000	0.0276	-0.0000	-0.4969	3.0638	0.0006	18.8214	1.0534	0.0000	0.0000	0.0000	0.0000	0.0000	0.0000	0.0000	0.0000	0.0000	1.0054	0.9784	0.0270	0.0037	0.0003	0.0033	1.0018	0.9781	0.0237	0.0001	0.0001	0.0000	0.0001	0.0001	0.0000	0.0001	0.0001	0.0000	0.0946	0.0641	0.0305	0.0542	0.0461	0.0081	0.0404	0.0180	0.0224	0.0002	0.0001	0.0000	0.0409	0.3896	0.0000	0.0000	0.0000	0.0000	10.6285	15.2662	0.8852	0.0675	0.0075	0.4073	24.8064	54.2951	1.0591
63	104	0.1851	4	0	0	0	0	0	0	0	0	N	N	N	N	N	N	N	N	N	N	N	N	0.0040	0.0083	0.0000	0.1225	0.1822	0.0000	0.0000	0.0000	0.0000	0.0055	0.0063	0.0000	0.0649	0.0677	0.0000	0.0000	0.0000	0.0000	1.3734	0.7555	2.5828	0.5293	0.3717	2.5800	1.9981	1.2447	2.7708	0.0000	1.7469	-0.0002	0.1924	3.0638	7.2034	18.8214	9.9858	0.0019	0.0019	0.0000	0.0019	0.0019	0.0000	0.0000	0.0000	0.0000	1.6749	0.6097	1.0652	0.2746	0.1681	0.1065	1.4003	0.4416	0.9587	0.3376	0.2951	0.0424	0.0286	0.0274	0.0012	0.3090	0.2677	0.0412	1.2195	0.8071	0.4124	0.5187	0.4523	0.0664	0.7008	0.3548	0.3460	0.0040	0.0083	0.0000	0.1225	0.1822	0.0000	0.0000	0.0000	0.0000	1.3734	0.7555	2.5828	0.5293	0.3717	1.6031	1.9981	1.2447	2.7708
63	105	0.1637	3	0	0	0	0	0	0	0	0	N	N	N	N	N	N	N	N	N	N	N	N	0.0523	0.0603	0.0050	0.6690	0.6180	1.9855	0.0005	0.0047	0.0008	0.0204	0.0232	0.0020	0.3554	0.3593	0.1796	0.0001	0.0001	0.0004	0.3903	0.3852	0.4008	0.5313	0.5813	0.0905	0.2565	0.0219	0.4564	0.0133	0.5050	-0.0001	-0.1022	3.0638	0.7993	18.8214	5.3573	0.0008	0.0008	0.0000	0.0008	0.0008	0.0000	0.0000	0.0000	0.0000	0.5507	0.3659	0.1848	0.3650	0.3586	0.0063	0.1857	0.0073	0.1784	0.0405	0.0351	0.0054	0.0023	0.0023	0.0000	0.0382	0.0329	0.0053	1.4111	0.9500	0.4611	0.6870	0.6170	0.0700	0.7241	0.3331	0.3910	0.0523	0.0603	0.0050	0.6690	0.6180	1.9855	0.0005	0.0047	0.0008	0.3903	0.3852	0.4008	0.5313	0.5813	0.0905	0.2565	0.0219	0.4564
63	106	0.1024	2	0	0	0	0	0	0	0	0	N	N	N	N	N	N	N	N	N	N	N	N	0.1068	0.1123	0.0050	0.8938	0.8578	1.5082	0.0010	0.0000	0.0034	0.0450	0.0541	0.0016	0.6022	0.6024	0.5444	0.0002	0.0000	0.0011	0.4208	0.4813	0.3183	0.6738	0.7023	0.3610	0.2119	0.0538	0.3135	0.0062	0.3903	-0.0009	-0.3690	3.0638	4.1241	18.8214	16.2542	0.0095	0.0095	0.0001	0.0095	0.0095	0.0000	0.0000	0.0000	0.0000	1.5352	1.1043	0.4310	1.1119	1.0622	0.0497	0.4233	0.0420	0.3813	0.2119	0.1752	0.0367	0.0158	0.0157	0.0000	0.1962	0.1595	0.0367	3.6481	2.2941	1.3540	1.6503	1.5126	0.1377	1.9978	0.7815	1.2163	0.1068	0.1123	0.0050	0.8938	0.8578	1.5082	0.0010	0.0000	0.0034	0.4208	0.4813	0.3183	0.6738	0.7023	0.3610	0.2119	0.0538	0.3135
63	109	0.2893	4	0	0	0	0	0	0	0	0	N	N	N	N	N	N	N	N	N	N	N	N	0.1352	0.0064	0.6054	0.1051	0.2130	0.0010	0.0991	0.0000	0.7058	0.1477	0.0053	0.9727	0.0595	0.0613	0.0033	0.1550	0.0000	0.9883	1.0926	0.8270	1.6068	0.5664	0.2878	3.2249	1.5638	1.7569	1.4001	31.7964	1.0031	0.0467	-0.0917	3.0638	7.7801	18.8214	32.2209	0.0534	0.0016	0.0518	0.0016	0.0016	0.0000	0.0518	0.0000	0.0518	4.5109	2.2520	2.2589	1.1049	0.4960	0.6088	3.4061	1.7560	1.6501	0.3615	0.3082	0.0532	0.0274	0.0265	0.0008	0.3341	0.2817	0.0524	4.1288	2.7230	1.4058	1.9508	1.7235	0.2273	2.1780	0.9995	1.1785	0.1352	0.0064	0.6054	0.1051	0.2130	0.0012	0.0991	0.0000	0.7058	1.0926	0.8270	1.6068	0.5664	0.2878	2.6788	1.5638	1.7569	1.4001
64	66	0.4376	9	1	2	1	0	0	0	0	0	N	Y	N	N	N	N	N	N	N	N	N	N	0.0000	0.0000	0.0000	0.0000	0.0000	0.0638	0.0000	0.0000	0.0000	0.0000	0.0000	0.0000	0.0000	0.0000	0.0007	0.0000	0.0000	0.0000	3.0743	1.4924	6.3786	1.5214	1.7890	0.0103	4.2703	1.1349	7.9923	inf	2.0461	0.0000	0.2235	1.0029	1.0110	8.4685	12.5479	0.0000	0.0000	0.0000	0.0000	0.0000	0.0000	0.0000	0.0000	0.0000	1.4838	0.4871	0.9967	0.3195	0.3192	0.0003	1.1643	0.1680	0.9964	0.0160	0.0139	0.0022	0.0008	0.0007	0.0000	0.0153	0.0131	0.0021	0.4826	0.3264	0.1563	0.2100	0.1784	0.0316	0.2727	0.1480	0.1247	0.0000	0.0000	0.0000	0.0000	0.0000	0.0638	0.0000	0.0000	0.0000	3.0743	1.4924	6.3786	1.5214	1.7890	0.0103	4.2703	1.1349	7.9923
64	67	0.4312	8	1	1	1	0	0	0	0	0	N	N	N	N	N	N	N	N	N	N	N	N	0.0001	0.0001	0.0001	0.0016	0.0010	0.0169	0.0000	0.0000	0.0000	0.0000	0.0000	0.0000	0.0001	0.0000	0.0006	0.0000	0.0000	0.0000	0.0624	0.0318	0.1366	0.0483	0.0494	0.0354	0.0754	0.0027	0.1514	0.8550	1.7680	0.0000	0.0015	1.0029	0.9784	8.4685	1.5217	0.0000	0.0000	0.0000	0.0000	0.0000	0.0000	0.0000	0.0000	0.0000	0.0129	0.0047	0.0083	0.0048	0.0045	0.0003	0.0081	0.0001	0.0080	0.0155	0.0134	0.0021	0.0007	0.0007	0.0000	0.0148	0.0127	0.0021	0.2073	0.1468	0.0605	0.0993	0.0916	0.0077	0.1080	0.0552	0.0528	0.0001	0.0001	0.0001	0.0016	0.0010	0.0169	0.0000	0.0000	0.0000	0.0624	0.0318	0.1366	0.0483	0.0494	0.0354	0.0754	0.0027	0.1514
64	68	0.4010	7	1	1	1	0	0	0	0	0	N	N	N	N	N	N	N	N	N	N	N	N	2.6022	3.4484	0.0080	31.8281	33.2816	0.3247	0.0003	0.0000	0.0012	0.1099	0.1272	0.0004	1.9168	2.0074	0.0194	0.0000	0.0000	0.0001	0.0422	0.0369	0.0544	0.0602	0.0603	0.0597	0.0253	0.0016	0.0529	0.0005	0.6499	-0.0002	-0.0025	1.0029	1.0531	8.4685	9.0748	0.0019	0.0019	0.0000	0.0019	0.0019	0.0000	0.0000	0.0000	0.0000	0.0198	0.0120	0.0078	0.0137	0.0118	0.0019	0.0061	0.0002	0.0059	0.0171	0.0148	0.0023	0.0010	0.0009	0.0000	0.0161	0.0138	0.0023	0.4694	0.3259	0.1435	0.2277	0.1957	0.0320	0.2417	0.1302	0.1115	2.6022	3.4484	0.0080	31.8281	33.2816	0.3247	0.0003	0.0000	0.0012	0.0422	0.0369	0.0544	0.0602	0.0603	0.0597	0.0253	0.0016	0.0529
64	69	0.0446	2	2	1	2	0	0	0	0	0	Y	N	Y	N	N	N	N	N	N	N	N	N	0.0000	0.0000	0.0000	0.0000	0.0000	0.0000	0.0000	0.0000	0.0000	0.0000	0.0000	0.0000	0.0000	0.0000	0.0000	5.1952	0.0000	14.2682	0.0145	0.0000	0.0868	8.5511	0.0000	17.3758	inf	0.0000	0.4963	1.0029	0.0000	8.4685	4.9600	0.0000	0.0000	0.0000	0.0000	0.0000	0.0000	0.0000	0.0000	0.0000	1.0363	0.0000	1.0363	0.0011	0.0000	0.0011	1.0352	0.0000	1.0352	0.0000	0.0000	0.0000	0.0000	0.0000	0.0000	0.0000	0.0000	0.0000	0.1995	0.1268	0.0726	0.0784	0.0654	0.0131	0.1211	0.0615	0.0596	0.0000	0.0000	0.0000	0.0000	0.0000	0.0000	0.0000	0.0000	0.0000	5.1952	0.0000	14.2682	0.0145	0.0000	0.0868	8.5511	0.0000	17.3758				
64	71	0.1008	6	1	1	2	0	0	0	0	0	N	N	Y	N	N	N	N	N	N	N	N	N	0.0000	0.0000	0.0000	0.0000	0.0000	0.0000	0.0000	0.0000	0.0000	0.0000	0.0000	0.0000	0.0000	0.0000	0.0000	0.0000	0.0000	0.0000	0.0000	0.0000	0.0000	0.0000	0.0000	0.1690	0.0000	-0.0000	1.0029	1.0000	8.4685	0.0055	0.0000	0.0000	0.0000	0.0000	0.0000	0.0000	0.0000	0.0000	0.0000	0.0000	0.0000	0.0000	0.0000	0.0000	0.0000	0.0000	0.0000	0.0000	0.0084	0.0073	0.0011	0.0000	0.0000	0.0000	0.0084	0.0073	0.0011	0.0207	0.0148	0.0060	0.0103	0.0092	0.0012	0.0104	0.0056	0.0048	0.0000	0.0000	0.0000	0.0000	0.0000	0.0000	0.0000	0.0000	0.0000	0.0000	0.0000	0.0000	0.0000	0.0000	0.0000	0.0000	0.0000	0.0000					
64	72	0.0942	5	1	1	2	0	0	0	0	0	N	N	Y	N	N	N	N	N	N	N	N	N	0.0000	0.0000	0.0000	0.0000	0.0000	0.0000	0.0000	0.0000	0.0000	0.0000	0.0000	0.0000	0.0000	0.0000	0.0000	0.0000	0.0000	0.0009	0.0000	0.0031	0.0001	0.0000	0.0003	0.0017	0.0000	0.0038	95.5759	0.0000	0.0000	1.0029	0.0000	8.4685	1.0265	0.0000	0.0000	0.0000	0.0000	0.0000	0.0000	0.0000	0.0000	0.0000	0.0000	0.0000	0.0000	0.0000	0.0000	0.0000	0.0000	0.0000	0.0000	0.0000	0.0000	0.0000	0.0000	0.0000	0.0000	0.0000	0.0000	0.0000	0.0226	0.0162	0.0064	0.0112	0.0101	0.0012	0.0114	0.0062	0.0052	0.0000	0.0000	0.0000	0.0000	0.0000	0.0000	0.0000	0.0000	0.0000	0.0009	0.0000	0.0031	0.0001	0.0000	0.0003	0.0017	0.0000	0.0038		
64	73	0.0887	4	1	1	1	0	0	0	0	0	N	N	N	N	N	N	N	N	N	N	N	N	0.0000	0.0000	0.0000	0.0000	0.0000	0.0000	0.0000	0.0000	0.0000	0.0000	0.0000	0.0000	0.0000	0.0000	0.0000	0.0000	0.0000	0.0000	0.0072	0.0001	0.0266	0.0002	0.0002	0.0002	0.0149	0.0000	0.0298	73.9614	0.0000	0.0012	1.0029	0.0000	8.4685	1.0321	0.0000	0.0000	0.0000	0.0000	0.0000	0.0000	0.0000	0.0000	0.0000	0.0025	0.0000	0.0025	0.0000	0.0000	0.0000	0.0025	0.0000	0.0025	0.0038	0.0036	0.0002	0.0019	0.0019	0.0000	0.0019	0.0017	0.0002	0.3452	0.2524	0.0928	0.1799	0.1698	0.0101	0.1653	0.0826	0.0827	0.0000	0.0000	0.0000	0.0000	0.0000	0.0000	0.0000	0.0000	0.0000	0.0072	0.0001	0.0266	0.0002	0.0002	0.0002	0.0149	0.0000	0.0298	
64	74	0.0659	3	1	1	1	0	0	0	0	0	N	N	N	N	N	N	N	N	N	N	N	N	0.0088	0.0997	0.0138	1.2643	0.8026	5.7713	0.0018	0.0043	0.0067	0.0127	0.0053	0.0584	0.1133	0.0652	0.9896	0.0047	0.0000	0.0320	1.4437	0.0532	4.2223	0.0896	0.0812	0.1715	2.5613	0.0084	4.8077	1.7765	39.7244	0.0001	0.4090	1.0029	0.5629	8.4685	8.5245	0.0001	0.0000	0.0001	0.0001	0.0000	0.0000	0.0000	0.0000	0.0000	0.9003	0.0221	0.8782	0.0253	0.0208	0.0045	0.8750	0.0013	0.8736	0.0102	0.0088	0.0014	0.0007	0.0007	0.0000	0.0094	0.0081	0.0014	0.6236	0.4156	0.2080	0.2820	0.2557	0.0263	0.3416	0.1599	0.1817	0.0088	0.0997	0.0138	1.2643	0.8026	5.7713	0.0018	0.0043	0.0067	1.4437	0.0532	4.2223	0.0896	0.0812	0.1715	2.5613	0.0084	4.8077
64	75	0.0829	4	1	2	1	0	0	0	0	0	N	Y	N	N	N	N	N	N	N	N	N	N	0.0000	0.0000	0.0000	0.0000	0.0000	0.0000	0.0000	0.0000	0.0000	0.0000	0.0000	0.0000	0.0000	0.0000	0.0000	0.0000	0.0000	0.0000	0.0002	0.0002	0.0000	0.0003	0.0003	0.0001	0.0000	0.0000	0.0000	0.0645	0.0000	-0.0000	1.0029	1.9994	8.4685	4.0943	0.0000	0.0000	0.0000	0.0000	0.0000	0.0000	0.0000	0.0000	0.0000	0.0000	0.0000	0.0000	0.0000	0.0000	0.0000	0.0000	0.0000	0.0000	0.0171	0.0148	0.0022	0.0000	0.0000	0.0000	0.0171	0.0148	0.0022	0.1526	0.1127	0.0399	0.0881	0.0751	0.0130	0.0645	0.0375	0.0270	0.0000	0.0000	0.0000	0.0000	0.0000	0.0000	0.0000	0.0000	0.0000	0.0002	0.0002	0.0000	0.0003	0.0003	0.0001	0.0000	0.0000	0.0000	
64	76	0.0767	3	1	1	1	0	0	0	0	0	N	N	N	N	N	N	N	N	N	N	N	N	0.0000	0.0000	0.0000	0.0000	0.0000	0.0000	0.0000	0.0000	0.0000	0.0000	0.0000	0.0000	0.0000	0.0000	0.0000	0.0000	0.0000	0.0000	2.2123	3.0018	0.0733	0.0444	0.0505	0.0029	5.0745	9.2502	0.0994	0.0090	0.0000	-0.0970	1.0029	0.0011	8.4685	2.7207	0.0000	0.0000	0.0000	0.0000	0.0000	0.0000	0.0000	0.0000	0.0000	0.1894	0.1877	0.0017	0.0022	0.0021	0.0000	0.1872	0.1855	0.0017	0.0000	0.0000	0.0000	0.0000	0.0000	0.0000	0.0000	0.0000	0.0000	0.0856	0.0625	0.0231	0.0487	0.0425	0.0062	0.0369	0.0201	0.0168	0.0000	0.0000	0.0000	0.0000	0.0000	0.0000	0.0000	0.0000	0.0000	2.2123	3.0018	0.0733	0.0444	0.0505	0.0029	5.0745	9.2502	0.0994	
64	77	0.0446	2	1	1	1	0	0	0	0	0	N	N	N	N	N	N	N	N	N	N	N	N	0.0000	0.0000	0.0000	0.0000	0.0000	0.0000	0.0000	0.0000	0.0000	0.0000	0.0000	0.0000	0.0000	0.0000	0.0000	0.0000	0.0000	0.0000	0.0159	0.0248	0.0007	0.0230	0.0278	0.0004	0.0114	0.0217	0.0007	0.0154	0.0000	-0.0029	1.0029	0.0001	8.4685	10.0074	0.0000	0.0000	0.0000	0.0000	0.0000	0.0000	0.0000	0.0000	0.0000	0.0057	0.0056	0.0001	0.0032	0.0032	0.0000	0.0025	0.0025	0.0001	0.0113	0.0099	0.0014	0.0059	0.0057	0.0002	0.0055	0.0043	0.0012	0.3598	0.2276	0.1322	0.1386	0.1143	0.0243	0.2212	0.1133	0.1079	0.0000	0.0000	0.0000	0.0000	0.0000	0.0000	0.0000	0.0000	0.0000	0.0159	0.0248	0.0007	0.0230	0.0278	0.0004	0.0114	0.0217	0.0007	
64	78	0.0647	3	2	1	2	0	0	0	0	0	Y	N	Y	N	N	N	N	N	N	N	N	N	0.0665	1.4220	0.0000	0.7717	0.9179	0.0000	0.0003	0.1714	0.0000	0.0001	0.0001	0.0000	0.0002	0.0002	0.0000	0.0000	0.0000	0.0000	0.0020	0.0001	0.0050	0.0002	0.0002	0.0004	0.0028	0.0000	0.0057	0.0000	30.8570	-0.0000	0.0000	1.0029	1.6246	8.4685	0.0115	0.0000	0.0000	0.0000	0.0000	0.0000	0.0000	0.0000	0.0000	0.0000	0.0001	0.0000	0.0001	0.0000	0.0000	0.0000	0.0001	0.0000	0.0001	0.0489	0.0452	0.0037	0.0345	0.0326	0.0019	0.0144	0.0126	0.0018	0.0410	0.0254	0.0156	0.0135	0.0115	0.0019	0.0275	0.0139	0.0136	0.0665	1.4220	0.0000	0.7717	0.9179	0.0000	0.0003	0.1714	0.0000	0.0020	0.0001	0.0050	0.0002	0.0002	0.0004	0.0028	0.0000	0.0057
64	79	0.0446	2	2	1	2	0	0	0	0	0	Y	N	Y	N	N	N	N	N	N	N	N	N	0.0973	2.3240	0.0000	13.7324	14.3258	0.0013	0.0000	0.0000	0.0000	0.0111	0.0128	0.0000	0.1470	0.1546	0.0000	0.0000	0.0000	0.0000	0.1140	0.0055	0.3005	0.0107	0.0108	0.0103	0.1782	0.0002	0.3660	0.0000	31.8465	-0.0001	0.0215	1.0029	8.1927	8.4685	3.9952	0.0014	0.0014	0.0000	0.0014	0.0014	0.0000	0.0000	0.0000	0.0000	0.0480	0.0015	0.0465	0.0017	0.0014	0.0003	0.0463	0.0000	0.0462	0.1286	0.1117	0.0168	0.0097	0.0092	0.0005	0.1189	0.1025	0.0164	0.4208	0.2660	0.1548	0.1613	0.1328	0.0285	0.2596	0.1332	0.1263	0.0973	2.3240	0.0000	13.7324	14.3258	0.0013	0.0000	0.0000	0.0000	0.1140	0.0055	0.3005	0.0107	0.0108	0.0103	0.1782	0.0002	0.3660
64	80	0.0446	2	1	2	1	1	0	0	0	0	N	Y	N	N	N	N	N	N	N	N	N	N	0.0319	0.0000	0.1300	0.0631	0.0000	12.9553	0.0242	0.0000	0.0810	0.0895	0.0000	0.6860	0.0967	0.0000	2.7934	0.0868	0.0000	0.5196	2.8061	1.3668	5.2753	1.5334	1.8199	0.2156	3.5831	0.9264	6.4149	inf	2.2497	0.0018	0.2721	1.0029	0.7962	8.4685	19.0091	0.0020	0.0000	0.0020	0.0006	0.0000	0.0006	0.0014	0.0000	0.0014	1.5891	0.4890	1.1001	0.3292	0.3209	0.0083	1.2599	0.1681	1.0919	0.0228	0.0198	0.0030	0.0063	0.0061	0.0002	0.0165	0.0138	0.0028	0.5663	0.3578	0.2085	0.2147	0.1763	0.0383	0.3516	0.1814	0.1702	0.0319	0.0000	0.1300	0.0631	0.0000	12.9553	0.0242	0.0000	0.0810	2.8061	1.3668	5.2753	1.5334	1.8199	0.2156	3.5831	0.9264	6.4149
64	81	0.0446	2	1	2	1	0	0	0	0	0	N	Y	N	N	N	N	N	N	N	N	N	N	0.3660	0.0000	1.3301	0.5424	0.0000	15.5138	0.3050	0.8794	0.0895	0.0000	0.6860	0.0967	0.0000	2.7934	0.0868	0.0000	0.5196	0.2447	0.0868	0.5157	0.1784	0.1780	0.1801	0.2846	0.0000	0.5909	inf	3.4596	0.0018	0.0432	1.0029	0.7962	8.4685	25.3140	0.0020	0.0000	0.0020	0.0006	0.0000	0.0006	0.0014	0.0000	0.0014	0.1697	0.0381	0.1317	0.0465	0.0381	0.0084	0.1232	0.0000	0.1232	0.0228	0.0198	0.0030	0.0063	0.0061	0.0002	0.0165	0.0138	0.0028	0.6936	0.4383	0.2553	0.2605	0.2138	0.0467	0.4331	0.2245	0.2086	0.3660	0.0000	1.3301	0.5424	0.0000	15.5138	0.3050	0.0000	0.8794	0.2447	0.0868	0.5157	0.1784	0.1780	0.1801	0.2846	0.0000	0.5909	
64	82	0.0446	2	1	2	1	0	0	0	0	0	N	Y	N	N	N	N	N	N	N	N	N	N	0.2987	0.0000	0.9058	2.2256	0.0000	14.2874	0.1752	0.0000	0.5873	0.0554	0.0000	0.4185	0.0894	0.0000	2.3707	0.0477	0.0000	0.3101	0.1855	0.0246	0.4620	0.0402	0.0127	0.1659	0.2725	0.0359	0.5280	inf	10.9106	0.0018	0.0544	1.0029	1.7961	8.4685	27.0091	0.0020	0.0000	0.0020	0.0006	0.0000	0.0006	0.0014	0.0000	0.0014	0.1378	0.0116	0.1262	0.0112	0.0029	0.0083	0.1266	0.0087	0.1179	0.0369	0.0320	0.0049	0.0068	0.0066	0.0003	0.0301	0.0254	0.0046	0.7426	0.4694	0.2732	0.2778	0.2280	0.0498	0.4647	0.2414	0.2234	0.2987	0.0000	0.9058	2.2256	0.0000	14.2874	0.1752	0.0000	0.5873	0.1855	0.0246	0.4620	0.0402	0.0127	0.1659	0.2725	0.0359	0.5280
64	83	0.1549	5	1	1	1	0	0	0	0	0	N	N	N	N	N	N	N	N	N	N	N	N	0.0000	0.0000	0.0001	0.0025	0.0000	0.4773	0.0000	0.0000	0.0000	0.0000	0.0000	0.0002	0.0012	0.0000	0.0339	0.0000	0.0000	0.0000	1.2062	0.4743	2.8582	0.4848	0.5650	0.0711	1.9252	0.3363	3.8577	inf	2.6698	0.0000	0.3497	1.0029	10.0679	8.4685	33.8159	0.0000	0.0000	0.0000	0.0000	0.0000	0.0000	0.0000	0.0000	0.0000	1.6941	0.4616	1.2325	0.3399	0.3318	0.0081	1.3542	0.1298	1.2244	0.1402	0.1217	0.0185	0.0023	0.0023	0.0001	0.1379	0.1194	0.0184	1.4045	0.9733	0.4312	0.7011	0.5873	0.1138	0.7034	0.3860	0.3174	0.0000	0.0000	0.0001	0.0025	0.0000	0.4773	0.0000	0.0000	0.0000	1.2062	0.4743	2.8582	0.4848	0.5650	0.0711	1.9252	0.3363	3.8577
64	84	0.1273	4	1	1	1	0	0	0	0	0	N	N	N	N	N	N	N	N	N	N	N	N	0.0008	0.0007	0.0016	0.0172	0.0067	0.4711	0.0001	0.0000	0.0003	0.0007	0.0002	0.0036	0.0098	0.0035	0.4732	0.0001	0.0000	0.0008	0.9141	0.3579	2.1931	0.5704	0.5245	1.0045	1.2347	0.0899	2.4577	2.3642	2.6650	0.0000	0.1701	1.0029	0.9441	8.4685	14.0836	0.0000	0.0000	0.0000	0.0000	0.0000	0.0000	0.0000	0.0000	0.0000	0.8253	0.2252	0.6001	0.2485	0.2035	0.0450	0.5768	0.0217	0.5551	0.0162	0.0140	0.0022	0.0010	0.0010	0.0000	0.0153	0.0130	0.0022	0.9029	0.6292	0.2736	0.4357	0.3879	0.0478	0.4672	0.2413	0.2259	0.0008	0.0007	0.0016	0.0172	0.0067	0.5021	0.0001	0.0000	0.0003	0.9141	0.3579	2.1931	0.5704	0.5245	0.9424	1.2347	0.0899	2.4577
64	85	0.4095	7	1	1	1	0	0	0	0	0	N	N	N	N	N	N	N	N	N	N	N	N	0.0186	0.0518	0.0001	0.6138	0.5528	0.4405	0.0008	0.0058	0.0000	0.0116	0.0133	0.0001	0.1503	0.1603	0.0015	0.0009	0.0011	0.0000	0.6248	0.2563	1.5667	0.2448	0.2899	0.0035	1.1362	0.1872	2.3069	0.0009	2.3920	-0.0003	0.1555	1.0029	15.0008	8.4685	28.2980	0.0027	0.0027	0.0000	0.0025	0.0025	0.0000	0.0002	0.0002	0.0000	0.8447	0.2490	0.5957	0.1899	0.1895	0.0004	0.6548	0.0596	0.5952	0.2354	0.2061	0.0293	0.0168	0.0158	0.0011	0.2185	0.1903	0.0282	1.3520	0.9718	0.3802	0.7757	0.6535	0.1222	0.5763	0.3183	0.2580	0.0186	0.0518	0.0001	0.6138	0.5528	0.4405	0.0008	0.0058	0.0000	0.6248	0.2563	1.5667	0.2448	0.2899	0.0035	1.1362	0.1872	2.3069
64	86	0.4095	7	1	1	1	0	0	0	0	0	N	N	N	N	N	N	N	N	N	N	N	N	0.0149	0.0126	0.0033	0.0963	0.0868	0.3836	0.0004	0.0003	0.0008	0.0129	0.0149	0.0001	0.1199	0.1277	0.0018	0.0001	0.0002	0.0000	0.8685	1.1838	0.0402	1.2458	1.4708	0.0046	0.3187	0.5356	0.0578	0.0014	0.0129	-0.0002	-0.5717	1.0029	10.8154	8.4685	27.4443	0.0018	0.0018	0.0000	0.0018	0.0018	0.0000	0.0000	0.0000	0.0000	1.1246	1.1103	0.0144	0.9567	0.9562	0.0005	0.1679	0.1541	0.0138	0.1415	0.1227	0.0188	0.0151	0.0142	0.0009	0.1264	0.1086	0.0178	1.2949	0.9379	0.3570	0.7679	0.6501	0.1178	0.5269	0.2878	0.2392	0.0149	0.0126	0.0033	0.0963	0.0868	0.3836	0.0004	0.0003	0.0008	0.8685	1.1838	0.0402	1.2458	1.4708	0.0046	0.3187	0.5356	0.0578
64	87	0.3617	6	1	1	1	0	0	0	0	0	N	N	N	N	N	N	N	N	N	N	N	N	0.0351	0.0286	0.0788	0.1218	0.0819	3.2809	0.0028	0.0008	0.0107	0.0195	0.0154	0.0469	0.0645	0.0491	0.3707	0.0017	0.0003	0.0087	0.5547	0.5393	0.5951	0.5297	0.5996	0.1130	0.5921	0.3930	0.8147	0.4496	0.4186	0.0003	-0.2141	1.0029	2.7608	8.4685	22.4044	0.0015	0.0010	0.0005	0.0014	0.0010	0.0004	0.0001	0.0000	0.0001	0.9473	0.6678	0.2795	0.5425	0.5259	0.0166	0.4048	0.1419	0.2629	0.0775	0.0676	0.0100	0.0220	0.0209	0.0011	0.0556	0.0467	0.0089	1.7079	1.2382	0.4697	1.0242	0.8772	0.1470	0.6837	0.3610	0.3227	0.0351	0.0286	0.0788	0.1218	0.0819	3.2809	0.0028	0.0008	0.0107	0.5547	0.5393	0.5951	0.5297	0.5996	0.1130	0.5921	0.3930	0.8147
64	88	0.2319	5	1	1	1	0	0	0	0	0	N	N	N	N	N	N	N	N	N	N	N	N	0.0044	0.0056	0.0014	0.1198	0.1056	0.5185	0.0001	0.0001	0.0002	0.0066	0.0072	0.0028	0.0865	0.0861	0.0947	0.0002	0.0002	0.0005	1.5041	1.2849	2.0177	0.7221	0.8153	0.1826	2.3130	2.0465	2.6307	0.0586	0.6700	-0.0000	-0.2832	1.0029	8.8820	8.4685	49.9570	0.0009	0.0008	0.0000	0.0009	0.0008	0.0000	0.0000	0.0000	0.0000	2.3621	1.4144	0.9477	0.5766	0.5552	0.0215	1.7855	0.8593	0.9262	0.1354	0.1177	0.0177	0.0101	0.0096	0.0004	0.1253	0.1081	0.0172	1.5705	1.1008	0.4697	0.7986	0.6810	0.1176	0.7720	0.4199	0.3521	0.0044	0.0056	0.0014	0.1198	0.1056	0.5185	0.0001	0.0001	0.0002	1.5041	1.2849	2.0177	0.7221	0.8153	0.1826	2.3130	2.0465	2.6307
64	89	0.0446	2	2	2	1	1	0	0	0	0	Y	Y	N	N	N	N	N	N	N	N	N	N	0.0217	0.0000	0.0614	1.3364	0.0000	11.6776	0.0131	0.0381	0.0895	0.0000	0.6860	0.0967	0.0000	2.7934	0.0868	0.0000	0.5196	4.1271	0.0179	11.1773	0.0724	0.0362	0.2392	6.6160	0.0000	13.6439	inf	363.4045	0.0018	1.0220	1.0029	0.7962	8.4685	16.9291	0.0020	0.0000	0.0020	0.0006	0.0000	0.0006	0.0014	0.0000	0.0014	2.1463	0.0059	2.1405	0.0143	0.0059	0.0084	2.1320	0.0000	2.1320	0.0228	0.0198	0.0030	0.0063	0.0061	0.0002	0.0165	0.0138	0.0028	0.5201	0.3286	0.1915	0.1978	0.1626	0.0352	0.3223	0.1660	0.1563	0.0217	0.0000	0.0614	1.3364	0.0000	11.6776	0.0131	0.0000	0.0381	4.1271	0.0179	11.1773	0.0724	0.0362	0.2392	6.6160	0.0000	13.6439	
64	90	0.1166	7	1	2	1	1	0	0	0	0	N	Y	N	N	N	N	N	N	N	N	N	N	0.0000	0.0000	0.0000	0.0000	0.0000	0.0000	0.0000	0.0000	0.0000	0.0000	0.0000	0.0000	0.0000	0.0000	0.0000	0.0000	0.0000	0.0000	0.0000	0.0000	1.0029	0.0000	8.4685	0.0000	0.0000	0.0000	0.0000	0.0000	0.0000	0.0000	0.0000	0.0000	0.0000	0.0000	0.0000	0.0000	0.0000	0.0000	0.0000	0.0000	0.0000	0.0000	0.0000	0.0000	0.0000	0.0000	0.0000	0.0000	0.0000	0.0000	0.0000	0.0000	0.0000	0.0000	0.0000	0.0000	0.0000	0.0000	0.0000	0.0000	0.0000	0.0000	0.0000	0.0000	0.0000	0.0000	0.0000	0.0000	0.0000	0.0000	0.0000	0.0000	0.0000	0.0000	0.0000	0.0000	0.0000	0.0000											
64	91	0.1059	6	1	2	1	1	0	0	0	0	N	Y	N	N	N	N	N	N	N	N	N	N	0.0000	0.0000	0.0000	0.0000	0.0000	0.0000	0.0000	0.0000	0.0000	0.0000	0.0000	0.0000	0.0000	0.0000	0.0000	0.0000	0.0000	0.0000	0.0000	0.0000	1.0029	1.0000	8.4685	3.0000	0.0000	0.0000	0.0000	0.0000	0.0000	0.0000	0.0000	0.0000	0.0000	0.0000	0.0000	0.0000	0.0000	0.0000	0.0000	0.0000	0.0000	0.0000	0.0139	0.0123	0.0015	0.0054	0.0050	0.0004	0.0085	0.0074	0.0011	0.0898	0.0563	0.0335	0.0335	0.0282	0.0053	0.0563	0.0280	0.0282	0.0000	0.0000	0.0000	0.0000	0.0000	0.0000	0.0000	0.0000	0.0000	0.0000	0.0000	0.0000	0.0000	0.0000	0.0000	0.0000	0.0000	0.0000											
64	92	0.0993	4	1	2	1	0	0	0	0	0	N	Y	N	N	N	N	N	N	N	N	N	N	0.0000	0.0000	0.0000	0.0000	0.0000	0.0000	0.0000	0.0000	0.0000	0.0000	0.0000	0.0000	0.0000	0.0000	0.0000	0.0000	0.0000	0.0000	0.0000	0.0000	1.0029	0.0000	8.4685	0.0000	0.0000	0.0000	0.0000	0.0000	0.0000	0.0000	0.0000	0.0000	0.0000	0.0000	0.0000	0.0000	0.0000	0.0000	0.0000	0.0000	0.0000	0.0000	0.0000	0.0000	0.0000	0.0000	0.0000	0.0000	0.0000	0.0000	0.0000	0.0000	0.0000	0.0000	0.0000	0.0000	0.0000	0.0000	0.0000	0.0000	0.0000	0.0000	0.0000	0.0000	0.0000	0.0000	0.0000	0.0000	0.0000	0.0000	0.0000	0.0000	0.0000	0.0000	0.0000	0.0000	0.0000	0.0000											
64	93	0.1059	6	1	1	2	1	0	0	0	0	N	N	Y	N	N	N	N	N	N	N	N	N	0.0000	0.0000	0.0000	0.0000	0.0000	0.0000	0.0000	0.0000	0.0000	0.0000	0.0000	0.0000	0.0000	0.0000	0.0000	0.0000	0.0000	0.0000	0.0000	0.0000	1.0029	0.0000	8.4685	0.0000	0.0000	0.0000	0.0000	0.0000	0.0000	0.0000	0.0000	0.0000	0.0000	0.0000	0.0000	0.0000	0.0000	0.0000	0.0000	0.0000	0.0000	0.0000	0.0000	0.0000	0.0000	0.0000	0.0000	0.0000	0.0000	0.0000	0.0000	0.0000	0.0000	0.0000	0.0000	0.0000	0.0000	0.0000	0.0000	0.0000	0.0000	0.0000	0.0000	0.0000	0.0000	0.0000	0.0000	0.0000	0.0000	0.0000	0.0000	0.0000	0.0000	0.0000	0.0000	0.0000	0.0000	0.0000											
64	94	0.1032	5	1	1	1	1	0	0	0	0	N	N	N	N	N	N	N	N	N	N	N	N	0.0000	0.0000	0.0000	0.0000	0.0000	0.0000	0.0000	0.0000	0.0000	0.0000	0.0000	0.0000	0.0000	0.0000	0.0000	0.0000	0.2973	0.0009	0.7851	0.0015	0.0017	0.0000	0.4803	0.0000	0.9261	525.2047	0.0000	0.0035	1.0029	1.0000	8.4685	0.0097	0.0000	0.0000	0.0000	0.0000	0.0000	0.0000	0.0000	0.0000	0.0000	0.0073	0.0000	0.0073	0.0000	0.0000	0.0000	0.0073	0.0000	0.0073	0.0139	0.0123	0.0015	0.0054	0.0050	0.0004	0.0085	0.0074	0.0011	0.0245	0.0152	0.0093	0.0094	0.0079	0.0014	0.0151	0.0073	0.0078	0.0000	0.0000	0.0000	0.0000	0.0000	0.0000	0.0000	0.0000	0.0000	0.2973	0.0009	0.7851	0.0015	0.0017	0.0000	0.4803	0.0000	0.9261			
64	95	0.1032	5	1	1	2	1	0	0	0	0	N	N	Y	N	N	N	N	N	N	N	N	N	0.0000	0.0000	0.0000	0.0000	0.0000	0.0000	0.0000	0.0000	0.0000	0.0000	0.0000	0.0000	0.0000	0.0000	0.0000	0.1171	0.0000	0.3130	0.1372	0.0000	1.0005	0.1050	0.0000	0.2083	inf	0.0000	0.0063	1.0029	2.0000	8.4685	3.0050	0.0000	0.0000	0.0000	0.0000	0.0000	0.0000	0.0000	0.0000	0.0000	0.0131	0.0000	0.0131	0.0057	0.0000	0.0057	0.0074	0.0000	0.0074	0.0274	0.0243	0.0030	0.0106	0.0097	0.0008	0.0168	0.0146	0.0022	0.1120	0.0701	0.0419	0.0418	0.0353	0.0065	0.0702	0.0348	0.0354	0.0000	0.0000	0.0000	0.0000	0.0000	0.0000	0.0000	0.0000	0.0000	0.1171	0.0000	0.3130	0.1372	0.0000	0.8842	0.1050	0.0000	0.2083				
64	96	0.1032	5	1	1	2	1	0	0	0	0	N	N	Y	N	N	N	N	N	N	N	N	N	0.0000	0.0000	0.0000	0.0000	0.0000	0.0000	0.0000	0.0000	0.0000	0.0000	0.0000	0.0000	0.0000	0.0000	0.0000	0.0000	0.0000	6.4883	10.2945	0.1027	17.5027	20.5960	0.6542	0.0011	0.0000	0.0023	0.0059	0.0000	-0.5098	1.0029	0.0000	8.4685	6.9903	0.0000	0.0000	0.0000	0.0000	0.0000	0.0000	0.0000	0.0000	0.0000	0.9895	0.9836	0.0058	0.9894	0.9836	0.0057	0.0001	0.0000	0.0001	0.0000	0.0000	0.0000	0.0000	0.0000	0.0000	0.0000	0.0000	0.0000	0.1525	0.0956	0.0570	0.0565	0.0478	0.0088	0.0960	0.0478	0.0482	0.0000	0.0000	0.0000	0.0000	0.0000	0.0000	0.0000	0.0000	0.0000	6.4883	10.2945	0.1027	17.5027	20.5960	0.6542	0.0011	0.0000	0.0023		
64	97	0.0977	4	1	1	1	1	0	0	0	0	N	N	N	N	N	N	N	N	N	N	N	N	0.0000	0.0000	0.0000	0.0000	0.0000	0.0000	0.0000	0.0000	0.0000	0.0000	0.0000	0.0000	0.0000	0.0000	0.0000	0.0000	0.0000	0.2880	0.1326	0.5742	0.4004	0.2176	1.4551	0.1751	0.0000	0.3555	2.3496	0.0000	0.0044	1.0029	0.9999	8.4685	1.0605	0.0000	0.0000	0.0000	0.0000	0.0000	0.0000	0.0000	0.0000	0.0000	0.0243	0.0073	0.0170	0.0169	0.0073	0.0097	0.0074	0.0000	0.0074	0.0163	0.0146	0.0017	0.0076	0.0070	0.0006	0.0088	0.0076	0.0011	0.0843	0.0547	0.0297	0.0423	0.0333	0.0090	0.0421	0.0214	0.0207	0.0000	0.0000	0.0000	0.0000	0.0000	0.0000	0.0000	0.0000	0.0000	0.2880	0.1326	0.5742	0.4004	0.2176	1.0805	0.1751	0.0000	0.3555		
64	98	0.0955	3	1	1	1	1	0	0	0	0	N	N	N	N	N	N	N	N	N	N	N	N	0.0121	0.0166	0.0058	0.0089	0.0110	0.0028	0.0233	761.4299	0.0082	0.0066	0.0068	0.0046	0.0068	0.0069	0.0048	0.0063	0.0066	0.0046	0.5417	0.4086	0.8002	0.7649	0.6311	1.7495	0.2679	0.0000	0.5560	0.0804	1.0081	-0.0000	-0.0006	1.0029	0.0012	8.4685	1.0414	0.0000	0.0000	0.0000	0.0000	0.0000	0.0000	0.0000	0.0000	0.0000	0.0333	0.0166	0.0167	0.0259	0.0166	0.0093	0.0074	0.0000	0.0074	0.0001	0.0001	0.0000	0.0000	0.0000	0.0000	0.0000	0.0000	0.0000	0.0615	0.0406	0.0209	0.0339	0.0263	0.0076	0.0276	0.0143	0.0133	0.0121	0.0166	0.0058	0.0089	0.0110	0.0039	0.0233	761.4299	0.0082	0.5417	0.4086	0.8002	0.7649	0.6311	1.2283	0.2679	0.0000	0.5560
64	99	0.0446	2	2	2	1	0	0	0	0	0	Y	Y	N	N	N	N	N	N	N	N	N	N	0.0172	0.6767	0.0000	0.0847	2.4391	0.0000	0.0000	0.0000	0.0214	0.0247	0.0000	0.1708	0.1783	0.0000	0.0000	0.0000	0.0000	1.2474	0.0365	3.3273	2.0179	0.0731	43.1003	0.7689	0.0000	1.5800	0.0000	53.1057	-0.0001	0.2445	1.0029	3.2042	8.4685	9.0918	0.0013	0.0013	0.0000	0.0013	0.0013	0.0000	0.0000	0.0000	0.0000	0.5311	0.0098	0.5213	0.3291	0.0098	0.3193	0.2020	0.0000	0.2020	0.0611	0.0529	0.0081	0.0076	0.0073	0.0003	0.0534	0.0456	0.0078	0.4258	0.2691	0.1567	0.1631	0.1343	0.0288	0.2627	0.1348	0.1278	0.0172	0.6767	0.0000	0.0847	2.4391	0.0000	0.0000	0.0000	0.0000	1.2474	0.0365	3.3273	2.0179	0.0731	11.0749	0.7689	0.0000	1.5800	
64	100	0.0446	2	1	2	1	0	0	0	0	0	N	Y	N	N	N	N	N	N	N	N	N	N	0.4498	0.0000	1.2670	1.6448	0.0000	8.3591	0.3026	0.8836	0.0895	0.0000	0.6860	0.0967	0.0000	2.7934	0.0868	0.0000	0.5196	0.1991	0.0001	0.5414	0.0588	0.0002	0.3342	0.2868	0.0000	0.5881	inf	3713.8876	0.0018	0.0356	1.0029	0.7962	8.4685	10.9291	0.0020	0.0000	0.0020	0.0006	0.0000	0.0006	0.0014	0.0000	0.0014	0.0743	0.0000	0.0743	0.0084	0.0000	0.0084	0.0659	0.0000	0.0659	0.0228	0.0198	0.0030	0.0063	0.0061	0.0002	0.0165	0.0138	0.0028	0.3734	0.2361	0.1373	0.1437	0.1184	0.0252	0.2297	0.1177	0.1120	0.4498	0.0000	1.2670	1.6448	0.0000	8.3591	0.3026	0.0000	0.8836	0.1991	0.0001	0.5414	0.0588	0.0002	0.3342	0.2868	0.0000	0.5881	
64	101	0.1024	5	2	2	1	0	0	0	0	0	Y	Y	N	N	N	N	N	N	N	N	N	N	0.0000	0.0000	0.0000	0.0000	0.0000	0.0000	0.0000	0.0000	0.0000	0.0000	0.0000	0.0000	0.0000	0.0000	0.0000	0.0801	0.0000	0.2098	0.0056	0.0000	0.0356	0.1235	0.0000	0.2409	inf	0.0000	0.0026	1.0029	0.0000	8.4685	3.0000	0.0000	0.0000	0.0000	0.0000	0.0000	0.0000	0.0000	0.0000	0.0000	0.0054	0.0000	0.0054	0.0001	0.0000	0.0001	0.0053	0.0000	0.0053	0.0000	0.0000	0.0000	0.0000	0.0000	0.0000	0.0000	0.0000	0.0000	0.0679	0.0420	0.0259	0.0250	0.0210	0.0039	0.0429	0.0209	0.0220	0.0000	0.0000	0.0000	0.0000	0.0000	0.0000	0.0000	0.0000	0.0000	0.0801	0.0000	0.2098	0.0056	0.0000	0.0356	0.1235	0.0000	0.2409				
64	102	0.0993	4	2	2	1	0	0	0	0	0	Y	Y	N	N	N	N	N	N	N	N	N	N	0.0000	0.0000	0.0000	0.0000	0.0000	0.0000	0.0000	0.0000	0.0000	0.0000	0.0000	0.0000	0.0000	42.0202	0.0000	109.9112	0.0000	0.0000	0.0000	66.6371	0.0000	157.6605	inf	0.0000	0.4727	1.0029	0.0000	8.4685	1.0000	0.0000	0.0000	0.0000	0.0000	0.0000	0.0000	0.0000	0.0000	0.0000	0.9870	0.0000	0.9870	0.0000	0.0000	0.0000	0.9870	0.0000	0.9870	0.0000	0.0000	0.0000	0.0000	0.0000	0.0000	0.0000	0.0000	0.0000	0.0235	0.0145	0.0090	0.0087	0.0073	0.0014	0.0148	0.0072	0.0076	0.0000	0.0000	0.0000	0.0000	0.0000	0.0000	0.0000	0.0000	0.0000	42.0202	0.0000	109.9112	0.0000	0.0000	0.0000	66.6371	0.0000	129.8161						
64	103	0.0955	3	1	2	1	0	0	0	0	0	N	Y	N	N	N	N	N	N	N	N	N	N	0.0116	17.5928	0.0000	0.0194	18.3915	0.0000	0.0013	89.0657	0.0000	0.0032	0.0036	0.0000	0.0055	0.0058	0.0000	0.0004	0.0004	0.0000	0.2781	0.0002	0.8175	0.2831	0.0003	2.0330	0.2720	0.0000	0.5643	0.0000	2050.3083	-0.0000	0.0082	1.0029	0.0006	8.4685	1.0534	0.0000	0.0000	0.0000	0.0000	0.0000	0.0000	0.0000	0.0000	0.0000	0.0172	0.0000	0.0172	0.0096	0.0000	0.0096	0.0076	0.0000	0.0076	0.0000	0.0000	0.0000	0.0000	0.0000	0.0000	0.0000	0.0000	0.0000	0.0618	0.0408	0.0210	0.0340	0.0264	0.0076	0.0278	0.0144	0.0134	0.0116	17.5928	0.0000	0.0194	18.3915	0.0000	0.0013	89.0657	0.0000	0.2781	0.0002	0.8175	0.2831	0.0003	1.2634	0.2720	0.0000	0.5643
64	104	0.0446	2	1	1	1	0	0	0	0	0	N	N	N	N	N	N	N	N	N	N	N	N	0.0027	0.6840	0.0000	0.1008	3.8234	0.0000	0.0000	0.0084	0.0000	0.0123	0.0142	0.0000	0.1525	0.1603	0.0000	0.0000	0.0000	0.0000	4.5143	0.0207	12.2234	1.5130	0.0419	9.8863	6.3497	0.0001	13.1107	0.0000	344.0103	-0.0001	1.1860	1.0029	7.2034	8.4685	9.9858	0.0014	0.0014	0.0000	0.0014	0.0014	0.0000	0.0000	0.0000	0.0000	2.4915	0.0072	2.4843	0.3169	0.0072	0.3097	2.1746	0.0000	2.1746	0.1159	0.1007	0.0152	0.0094	0.0089	0.0005	0.1066	0.0918	0.0148	0.5519	0.3487	0.2032	0.2094	0.1721	0.0374	0.3425	0.1766	0.1659	0.0027	0.6840	0.0000	0.1008	3.8234	0.0000	0.0000	0.0084	0.0000	4.5143	0.0207	12.2234	1.5130	0.0419	8.2856	6.3497	0.0001	13.1107
64	109	0.3143	6	1	1	1	0	0	0	0	0	N	N	N	N	N	N	N	N	N	N	N	N	0.0001	0.0001	0.0003	0.0091	0.0051	1.8181	0.0000	0.0000	0.0000	0.0003	0.0002	0.0010	0.0049	0.0032	0.0379	0.0000	0.0000	0.0002	2.2239	1.5236	3.9178	0.5349	0.6241	0.0208	4.1224	3.1050	5.3401	0.7433	1.0633	0.0000	-0.0168	1.0029	7.7801	8.4685	32.2209	0.0000	0.0000	0.0000	0.0000	0.0000	0.0000	0.0000	0.0000	0.0000	2.9301	1.4201	1.5100	0.3730	0.3708	0.0021	2.5571	1.0493	1.5078	0.1150	0.0999	0.0151	0.0066	0.0063	0.0003	0.1084	0.0936	0.0148	1.3175	0.9321	0.3854	0.6972	0.5942	0.1031	0.6203	0.3379	0.2824	0.0001	0.0001	0.0003	0.0091	0.0051	1.8181	0.0000	0.0000	0.0000	2.2239	1.5236	3.9178	0.5349	0.6241	0.0208	4.1224	3.1050	5.3401
65	66	0.4143	8	0	2	0	0	0	0	0	0	N	Y	N	N	N	N	N	N	N	N	N	N	0.0001	0.0000	0.0003	0.0367	0.0013	0.4421	0.0000	0.0000	0.0000	0.0004	0.0000	0.0041	0.0015	0.0000	0.1154	0.0000	0.0000	0.0000	5.6143	2.4043	11.8136	0.0405	0.0028	0.2610	9.3897	5.0413	14.2292	408.1721	2.5443	0.0000	0.3612	0.7961	1.0110	8.5878	12.5479	0.0000	0.0000	0.0000	0.0000	0.0000	0.0000	0.0000	0.0000	0.0000	1.8354	0.5179	1.3176	0.0054	0.0003	0.0050	1.8301	0.5175	1.3125	0.0205	0.0186	0.0019	0.0053	0.0053	0.0001	0.0151	0.0133	0.0019	0.3269	0.2154	0.1115	0.1320	0.1127	0.0193	0.1949	0.1027	0.0922	0.0001	0.0000	0.0003	0.0367	0.0013	0.4421	0.0000	0.0000	0.0000	5.6143	2.4043	11.8136	0.0405	0.0028	0.2610	9.3897	5.0413	14.2292
65	67	0.4079	7	0	1	0	0	0	0	0	0	N	N	N	N	N	N	N	N	N	N	N	N	0.0048	0.0047	0.0128	0.0135	0.0111	0.0657	0.0000	0.0001	0.0000	0.0008	0.0004	0.0037	0.0029	0.0016	0.1081	0.0000	0.0000	0.0000	0.1551	0.0951	0.2912	0.2144	0.1407	1.6444	0.1016	0.0164	0.1816	0.8704	1.3517	0.0000	0.0013	0.7961	0.9784	8.5878	1.5217	0.0000	0.0000	0.0000	0.0000	0.0000	0.0000	0.0000	0.0000	0.0000	0.0241	0.0102	0.0138	0.0158	0.0096	0.0062	0.0083	0.0006	0.0076	0.0198	0.0180	0.0019	0.0052	0.0051	0.0001	0.0147	0.0129	0.0018	0.1551	0.1076	0.0475	0.0736	0.0681	0.0055	0.0815	0.0395	0.0420	0.0048	0.0047	0.0128	0.0135	0.0111	0.0959	0.0000	0.0001	0.0000	0.1551	0.0951	0.2912	0.2144	0.1407	1.1268	0.1016	0.0164	0.1816
65	68	0.3777	6	0	1	0	0	0	0	0	0	N	N	N	N	N	N	N	N	N	N	N	N	0.0384	0.0060	0.1471	0.0973	0.0126	0.5213	0.0000	0.0001	0.0000	0.0113	0.0004	0.1129	0.0416	0.0013	1.6441	0.0000	0.0000	0.0000	0.2935	0.0631	0.7677	0.4275	0.1023	3.1541	0.1702	0.0044	0.3483	32.0532	5.9136	0.0002	0.0315	0.7961	1.0531	8.5878	9.0748	0.0002	0.0000	0.0002	0.0002	0.0000	0.0002	0.0000	0.0000	0.0000	0.0942	0.0136	0.0805	0.0657	0.0132	0.0525	0.0284	0.0004	0.0281	0.0219	0.0198	0.0021	0.0059	0.0058	0.0001	0.0160	0.0140	0.0020	0.3209	0.2160	0.1049	0.1537	0.1294	0.0244	0.1672	0.0866	0.0806	0.0384	0.0060	0.1471	0.0973	0.0126	0.7628	0.0000	0.0001	0.0000	0.2935	0.0631	0.7677	0.4275	0.1023	2.1554	0.1702	0.0044	0.3483
65	71	0.0775	5	0	1	1	0	0	0	0	0	N	N	N	N	N	N	N	N	N	N	N	N	0.0000	0.0000	0.0000	0.0000	0.0000	0.0000	0.0000	0.0000	0.0000	0.0000	0.0000	0.0000	0.0000	0.0000	0.0000	0.0000	0.0000	0.0000	0.0000	0.0000	0.0000	0.0000	0.0000	0.0000	0.0000	2.4583	0.0000	0.0000	0.7961	1.0000	8.5878	0.0055	0.0000	0.0000	0.0000	0.0000	0.0000	0.0000	0.0000	0.0000	0.0000	0.0000	0.0000	0.0000	0.0000	0.0000	0.0000	0.0000	0.0000	0.0000	0.0067	0.0058	0.0009	0.0000	0.0000	0.0000	0.0067	0.0058	0.0009	0.0162	0.0105	0.0057	0.0065	0.0056	0.0008	0.0097	0.0049	0.0049	0.0000	0.0000	0.0000	0.0000	0.0000	0.0000	0.0000	0.0000	0.0000	0.0000	0.0000	0.0000	0.0000	0.0000	0.0000	0.0000	0.0000	0.0000			
65	72	0.0709	4	0	1	1	0	0	0	0	0	N	N	N	N	N	N	N	N	N	N	N	N	0.0000	0.0000	0.0000	0.0000	0.0000	0.0000	0.0000	0.0000	0.0000	0.0000	0.0000	0.0000	0.0000	0.0000	0.0000	0.0000	0.0000	0.0000	0.0001	0.0000	0.0001	0.0001	0.0001	0.0000	0.0001	0.0000	0.0001	1.4618	0.0000	0.0000	0.7961	0.0000	8.5878	1.0265	0.0000	0.0000	0.0000	0.0000	0.0000	0.0000	0.0000	0.0000	0.0000	0.0000	0.0000	0.0000	0.0000	0.0000	0.0000	0.0000	0.0000	0.0000	0.0000	0.0000	0.0000	0.0000	0.0000	0.0000	0.0000	0.0000	0.0000	0.0180	0.0118	0.0061	0.0073	0.0065	0.0009	0.0107	0.0054	0.0053	0.0000	0.0000	0.0000	0.0000	0.0000	0.0000	0.0000	0.0000	0.0000	0.0001	0.0000	0.0001	0.0001	0.0001	0.0000	0.0001	0.0000	0.0001	
65	73	0.0654	3	0	1	0	0	0	0	0	0	N	N	N	N	N	N	N	N	N	N	N	N	0.0000	0.0000	0.0000	0.0000	0.0000	0.0000	0.0000	0.0000	0.0000	0.0000	0.0000	0.0000	0.0000	0.0000	0.0000	0.0000	0.0000	0.0000	0.0005	0.0002	0.0011	0.0002	0.0002	0.0000	0.0008	0.0000	0.0012	2.9523	0.0000	0.0000	0.7961	0.0000	8.5878	1.0321	0.0000	0.0000	0.0000	0.0000	0.0000	0.0000	0.0000	0.0000	0.0000	0.0001	0.0000	0.0001	0.0000	0.0000	0.0000	0.0001	0.0000	0.0001	0.0175	0.0118	0.0057	0.0103	0.0089	0.0014	0.0072	0.0029	0.0043	0.1924	0.1285	0.0639	0.1007	0.0919	0.0088	0.0917	0.0366	0.0551	0.0000	0.0000	0.0000	0.0000	0.0000	0.0000	0.0000	0.0000	0.0000	0.0005	0.0002	0.0011	0.0002	0.0002	0.0000	0.0008	0.0000	0.0012	
65	74	0.0426	2	0	1	0	0	0	0	0	0	N	N	N	N	N	N	N	N	N	N	N	N	0.3933	0.4386	0.4394	0.5510	0.4525	0.4968	0.3063	0.0453	0.3721	0.8267	0.4285	1.7405	0.9512	0.6956	3.1830	0.7147	0.0106	1.4650	2.1018	0.9771	3.9614	1.7263	1.5371	6.4069	2.3335	0.2342	3.9373	1.7698	2.4520	0.0169	0.1846	0.7961	0.5629	8.5878	8.5245	0.0312	0.0113	0.0199	0.0170	0.0111	0.0058	0.0142	0.0001	0.0141	0.9756	0.2826	0.6930	0.3058	0.2535	0.0523	0.6698	0.0291	0.6407	0.0377	0.0263	0.0114	0.0179	0.0160	0.0018	0.0198	0.0102	0.0096	0.4642	0.2893	0.1749	0.1771	0.1649	0.0122	0.2871	0.1243	0.1627	0.3933	0.4386	0.4394	0.5510	0.4525	0.7432	0.3063	0.0453	0.3721	2.1018	0.9771	3.9614	1.7263	1.5371	4.2828	2.3335	0.2342	3.9373
65	75	0.0596	3	0	2	0	0	0	0	0	0	N	Y	N	N	N	N	N	N	N	N	N	N	0.0000	0.0000	0.0000	0.0000	0.0000	0.0000	0.0000	0.0000	0.0000	0.0000	0.0000	0.0000	0.0000	0.0000	0.0000	0.0000	0.0000	0.0000	0.0003	0.0003	0.0001	0.0006	0.0007	0.0000	0.0000	0.0000	0.0001	0.0654	0.0000	-0.0000	0.7961	1.9994	8.5878	4.0943	0.0000	0.0000	0.0000	0.0000	0.0000	0.0000	0.0000	0.0000	0.0000	0.0000	0.0000	0.0000	0.0000	0.0000	0.0000	0.0000	0.0000	0.0000	0.0136	0.0118	0.0018	0.0000	0.0000	0.0000	0.0136	0.0118	0.0018	0.1297	0.0903	0.0394	0.0522	0.0467	0.0055	0.0774	0.0435	0.0339	0.0000	0.0000	0.0000	0.0000	0.0000	0.0000	0.0000	0.0000	0.0000	0.0003	0.0003	0.0001	0.0006	0.0007	0.0000	0.0000	0.0000	0.0001	
65	76	0.0534	2	0	1	0	0	0	0	0	0	N	N	N	N	N	N	N	N	N	N	N	N	0.0000	0.0000	0.0000	0.0000	0.0000	0.0000	0.0000	0.0000	0.0000	0.0000	0.0000	0.0000	0.0000	0.0000	0.0000	0.0000	0.0000	0.0000	0.0763	0.0827	0.0617	0.0600	0.0656	0.0009	0.0886	0.1046	0.0702	0.3258	0.0000	-0.0016	0.7961	0.0011	8.5878	2.7207	0.0000	0.0000	0.0000	0.0000	0.0000	0.0000	0.0000	0.0000	0.0000	0.0057	0.0043	0.0014	0.0019	0.0019	0.0000	0.0038	0.0024	0.0014	0.0000	0.0000	0.0000	0.0000	0.0000	0.0000	0.0000	0.0000	0.0000	0.0752	0.0523	0.0229	0.0322	0.0294	0.0028	0.0430	0.0229	0.0201	0.0000	0.0000	0.0000	0.0000	0.0000	0.0000	0.0000	0.0000	0.0000	0.0763	0.0827	0.0617	0.0600	0.0656	0.0009	0.0886	0.1046	0.0702	
65	78	0.0414	2	1	1	1	0	0	0	0	0	N	N	N	N	N	N	N	N	N	N	N	N	0.0037	0.0980	0.0001	0.0150	0.0173	0.0001	0.0001	0.1787	0.0001	0.0003	0.0003	0.0000	0.0004	0.0005	0.0000	0.0000	0.0000	0.0000	0.0679	0.0027	0.1319	0.0299	0.0267	0.0801	0.0700	0.0000	0.1322	0.0020	49.2988	-0.0000	0.0012	0.7961	1.6246	8.5878	0.0115	0.0000	0.0000	0.0000	0.0000	0.0000	0.0000	0.0000	0.0000	0.0000	0.0025	0.0001	0.0025	0.0001	0.0000	0.0000	0.0025	0.0000	0.0025	0.0923	0.0876	0.0047	0.0518	0.0503	0.0015	0.0406	0.0374	0.0032	0.0371	0.0184	0.0187	0.0020	0.0019	0.0001	0.0351	0.0165	0.0186	0.0037	0.0980	0.0001	0.0150	0.0173	0.0001	0.0001	0.1787	0.0001	0.0679	0.0027	0.1319	0.0299	0.0267	0.0801	0.0700	0.0000	0.1322
65	83	0.1316	4	0	1	0	0	0	0	0	0	N	N	N	N	N	N	N	N	N	N	N	N	0.0034	0.0000	0.0409	0.0234	0.0001	0.4213	0.0002	0.0000	0.0024	0.0044	0.0000	0.0490	0.0169	0.0000	1.3587	0.0003	0.0000	0.0022	1.3114	1.3732	1.1983	0.7218	0.4050	3.2250	1.6724	2.3656	0.9368	451.9594	0.4768	0.0007	-0.2190	0.7961	10.0679	8.5878	33.8159	0.0008	0.0000	0.0008	0.0008	0.0000	0.0008	0.0000	0.0000	0.0000	1.1049	0.7482	0.3567	0.2310	0.1117	0.1193	0.8739	0.6365	0.2375	0.1833	0.1667	0.0166	0.0461	0.0455	0.0006	0.1372	0.1212	0.0160	0.8425	0.5448	0.2977	0.3200	0.2758	0.0442	0.5226	0.2690	0.2535	0.0034	0.0000	0.0409	0.0234	0.0001	0.5034	0.0002	0.0000	0.0024	1.3114	1.3732	1.1983	0.7218	0.4050	2.6989	1.6724	2.3656	0.9368
65	84	0.1040	3	0	1	0	0	0	0	0	0	N	N	N	N	N	N	N	N	N	N	N	N	0.0843	0.0398	0.3198	0.2482	0.1084	0.5556	0.0117	0.0001	0.0611	0.1218	0.0410	0.7345	0.3565	0.1271	3.0402	0.0170	0.0001	0.1264	1.4453	1.0309	2.2967	1.4366	1.1727	5.4714	1.4521	0.8346	2.0700	2.3622	1.0845	0.0017	-0.0008	0.7961	0.9441	8.5878	14.0836	0.0027	0.0008	0.0019	0.0025	0.0008	0.0017	0.0003	0.0000	0.0003	0.9490	0.4553	0.4937	0.4112	0.3006	0.1105	0.5378	0.1546	0.3832	0.0225	0.0199	0.0026	0.0070	0.0064	0.0005	0.0156	0.0135	0.0021	0.6566	0.4416	0.2150	0.2862	0.2564	0.0299	0.3704	0.1852	0.1851	0.0843	0.0398	0.3198	0.2482	0.1084	0.8211	0.0117	0.0001	0.0611	1.4453	1.0309	2.2967	1.4366	1.1727	3.7026	1.4521	0.8346	2.0700
65	85	0.3862	6	0	1	0	0	0	0	0	0	N	N	N	N	N	N	N	N	N	N	N	N	1.1658	1.2648	0.0053	1.3922	1.5663	0.0075	0.0490	0.7150	0.0005	1.3637	1.5820	0.0053	2.6441	3.2000	0.0079	0.0240	0.0266	0.0005	1.1697	1.2508	0.9912	1.8992	2.0430	1.0567	0.4902	0.0373	0.9899	0.0005	0.3600	-0.0630	-0.2465	0.7961	15.0008	8.5878	28.2980	0.6626	0.6622	0.0004	0.6569	0.6565	0.0003	0.0057	0.0057	0.0000	0.9615	0.7070	0.2545	0.7530	0.6987	0.0543	0.2086	0.0083	0.2003	0.4859	0.4186	0.0673	0.2484	0.2052	0.0433	0.2374	0.2134	0.0240	0.8220	0.5652	0.2568	0.3965	0.3420	0.0545	0.4255	0.2232	0.2023	1.1658	1.2648	0.0053	1.3922	1.5663	0.0079	0.0490	0.7150	0.0005	1.1697	1.2508	0.9912	1.8992	2.0430	0.9961	0.4902	0.0373	0.9899
65	86	0.3862	6	0	1	0	0	0	0	0	0	N	N	N	N	N	N	N	N	N	N	N	N	0.3913	0.3577	0.0134	0.5329	0.5918	0.0567	0.0163	0.0118	0.0068	1.1518	1.3772	0.0108	1.9321	2.4483	0.0122	0.0361	0.0393	0.0067	2.9432	3.8506	0.8105	3.6255	4.1370	0.2148	2.2127	3.3394	0.9843	0.0016	0.0896	-0.0415	-1.0391	0.7961	10.8154	8.5878	27.4443	0.4418	0.4412	0.0007	0.4361	0.4356	0.0006	0.0057	0.0056	0.0001	2.3675	2.1729	0.1946	1.5079	1.4962	0.0117	0.8597	0.6767	0.1829	0.3836	0.3203	0.0633	0.2257	0.1779	0.0478	0.1579	0.1424	0.0155	0.8044	0.5643	0.2401	0.4159	0.3617	0.0542	0.3885	0.2026	0.1859	0.3913	0.3577	0.0134	0.5329	0.5918	0.0567	0.0163	0.0118	0.0068	2.9432	3.8506	0.8105	3.6255	4.1370	0.2148	2.2127	3.3394	0.9843
65	87	0.3384	5	0	1	0	0	0	0	0	0	N	N	N	N	N	N	N	N	N	N	N	N	1.0321	0.9262	1.4766	1.4954	1.3642	1.1709	0.0273	0.0184	0.1328	1.3781	1.1749	2.2172	2.0778	1.9094	2.5797	0.0346	0.0180	0.2079	1.3353	1.2685	1.5016	1.3895	1.3997	2.2032	1.2648	0.9804	1.5650	0.4572	0.4761	0.0785	-0.3112	0.7961	2.7608	8.5878	22.4044	0.3600	0.2470	0.1129	0.3569	0.2456	0.1113	0.0031	0.0015	0.0016	1.5673	1.0618	0.5055	0.9220	0.8050	0.1170	0.6453	0.2568	0.3885	0.2612	0.2103	0.0509	0.1718	0.1286	0.0432	0.0894	0.0817	0.0078	1.1737	0.8371	0.3366	0.6635	0.5751	0.0884	0.5102	0.2620	0.2482	1.0321	0.9262	1.4766	1.4954	1.3642	1.9493	0.0273	0.0184	0.1328	1.3353	1.2685	1.5016	1.3895	1.3997	1.3234	1.2648	0.9804	1.5650
65	88	0.2086	4	0	1	0	0	0	0	0	0	N	N	N	N	N	N	N	N	N	N	N	N	0.3307	0.6914	0.0885	1.4417	1.5810	0.4584	0.0007	0.0022	0.0013	1.1276	1.1891	0.6072	3.4844	3.5854	2.3687	0.0031	0.0022	0.0097	3.4092	1.7199	6.8576	2.4168	2.2679	5.1676	4.1632	1.0308	7.6000	0.0604	1.9532	-0.0082	0.5100	0.7961	8.8820	8.5878	49.9570	0.2123	0.2002	0.0121	0.2119	0.1999	0.0119	0.0004	0.0003	0.0001	3.6348	1.2308	2.4040	1.1125	0.9041	0.2084	2.5223	0.3267	2.1956	0.1883	0.1683	0.0199	0.0608	0.0558	0.0050	0.1274	0.1126	0.0149	1.0662	0.7156	0.3506	0.4603	0.3986	0.0617	0.6059	0.3170	0.2889	0.3307	0.6914	0.0885	1.4417	1.5810	0.7008	0.0007	0.0022	0.0013	3.4092	1.7199	6.8576	2.4168	2.2679	3.3799	4.1632	1.0308	7.6000
65	90	0.0933	6	0	2	0	1	0	0	0	0	N	Y	N	N	N	N	N	N	N	N	N	N	0.0000	0.0000	0.0000	0.0000	0.0000	0.0000	0.0000	0.0000	0.0000	0.0000	0.0000	0.0000	0.0000	0.0000	0.0000	0.0000	0.0000	0.0000	0.0000	0.0000	0.7961	0.0000	8.5878	0.0000	0.0000	0.0000	0.0000	0.0000	0.0000	0.0000	0.0000	0.0000	0.0000	0.0000	0.0000	0.0000	0.0000	0.0000	0.0000	0.0000	0.0000	0.0000	0.0000	0.0000	0.0000	0.0000	0.0000	0.0000	0.0000	0.0000	0.0000	0.0000	0.0000	0.0000	0.0000	0.0000	0.0000	0.0000	0.0000	0.0000	0.0000	0.0000	0.0000	0.0000	0.0000	0.0000	0.0000	0.0000	0.0000	0.0000	0.0000	0.0000	0.0000	0.0000	0.0000	0.0000	0.0000	0.0000											
65	91	0.0826	5	0	2	0	1	0	0	0	0	N	Y	N	N	N	N	N	N	N	N	N	N	0.0000	0.0000	0.0000	0.0000	0.0000	0.0000	0.0000	0.0000	0.0000	0.0000	0.0000	0.0000	0.0000	0.0000	0.0000	0.0000	0.0000	0.0000	0.0000	0.0000	0.7961	1.0000	8.5878	3.0000	0.0000	0.0000	0.0000	0.0000	0.0000	0.0000	0.0000	0.0000	0.0000	0.0000	0.0000	0.0000	0.0000	0.0000	0.0000	0.0000	0.0000	0.0000	0.0161	0.0148	0.0014	0.0065	0.0062	0.0003	0.0096	0.0086	0.0010	0.0787	0.0396	0.0390	0.0094	0.0081	0.0013	0.0693	0.0315	0.0378	0.0000	0.0000	0.0000	0.0000	0.0000	0.0000	0.0000	0.0000	0.0000	0.0000	0.0000	0.0000	0.0000	0.0000	0.0000	0.0000	0.0000	0.0000											
65	92	0.0760	3	0	2	0	0	0	0	0	0	N	Y	N	N	N	N	N	N	N	N	N	N	0.0000	0.0000	0.0000	0.0000	0.0000	0.0000	0.0000	0.0000	0.0000	0.0000	0.0000	0.0000	0.0000	0.0000	0.0000	0.0000	0.0000	0.0000	0.0000	0.0000	0.7961	0.0000	8.5878	0.0000	0.0000	0.0000	0.0000	0.0000	0.0000	0.0000	0.0000	0.0000	0.0000	0.0000	0.0000	0.0000	0.0000	0.0000	0.0000	0.0000	0.0000	0.0000	0.0000	0.0000	0.0000	0.0000	0.0000	0.0000	0.0000	0.0000	0.0000	0.0000	0.0000	0.0000	0.0000	0.0000	0.0000	0.0000	0.0000	0.0000	0.0000	0.0000	0.0000	0.0000	0.0000	0.0000	0.0000	0.0000	0.0000	0.0000	0.0000	0.0000	0.0000	0.0000	0.0000	0.0000	0.0000	0.0000											
65	93	0.0826	5	0	1	1	1	0	0	0	0	N	N	N	N	N	N	N	N	N	N	N	N	0.0000	0.0000	0.0000	0.0000	0.0000	0.0000	0.0000	0.0000	0.0000	0.0000	0.0000	0.0000	0.0000	0.0000	0.0000	0.0000	0.0000	0.0000	0.0000	0.0000	0.7961	0.0000	8.5878	0.0000	0.0000	0.0000	0.0000	0.0000	0.0000	0.0000	0.0000	0.0000	0.0000	0.0000	0.0000	0.0000	0.0000	0.0000	0.0000	0.0000	0.0000	0.0000	0.0000	0.0000	0.0000	0.0000	0.0000	0.0000	0.0000	0.0000	0.0000	0.0000	0.0000	0.0000	0.0000	0.0000	0.0000	0.0000	0.0000	0.0000	0.0000	0.0000	0.0000	0.0000	0.0000	0.0000	0.0000	0.0000	0.0000	0.0000	0.0000	0.0000	0.0000	0.0000	0.0000	0.0000	0.0000	0.0000											
65	94	0.0799	4	0	1	0	1	0	0	0	0	N	N	N	N	N	N	N	N	N	N	N	N	0.0000	0.0000	0.0000	0.0000	0.0000	0.0000	0.0000	0.0000	0.0000	0.0000	0.0000	0.0000	0.0000	0.0000	0.0000	0.0038	0.0013	0.0063	0.0000	0.0000	0.0000	0.0044	0.0017	0.0065	4.9292	0.0000	0.0000	0.7961	1.0000	8.5878	0.0097	0.0000	0.0000	0.0000	0.0000	0.0000	0.0000	0.0000	0.0000	0.0000	0.0001	0.0000	0.0001	0.0000	0.0000	0.0000	0.0001	0.0000	0.0001	0.0161	0.0148	0.0014	0.0065	0.0062	0.0003	0.0096	0.0086	0.0010	0.0213	0.0107	0.0106	0.0028	0.0025	0.0003	0.0185	0.0082	0.0103	0.0000	0.0000	0.0000	0.0000	0.0000	0.0000	0.0000	0.0000	0.0000	0.0038	0.0013	0.0063	0.0000	0.0000	0.0000	0.0044	0.0017	0.0065				
65	95	0.0799	4	0	1	1	1	0	0	0	0	N	N	N	N	N	N	N	N	N	N	N	N	0.0000	0.0000	0.0000	0.0000	0.0000	0.0000	0.0000	0.0000	0.0000	0.0000	0.0000	0.0000	0.0000	0.0000	0.0000	0.0000	0.0604	0.1184	0.0014	0.4919	0.5667	0.0000	0.0008	0.0000	0.0014	0.0114	0.0000	-0.0030	0.7961	2.0000	8.5878	3.0050	0.0000	0.0000	0.0000	0.0000	0.0000	0.0000	0.0000	0.0000	0.0000	0.0059	0.0058	0.0001	0.0058	0.0058	0.0000	0.0001	0.0000	0.0001	0.0317	0.0291	0.0027	0.0127	0.0121	0.0006	0.0190	0.0169	0.0021	0.0979	0.0494	0.0485	0.0119	0.0103	0.0016	0.0861	0.0391	0.0470	0.0000	0.0000	0.0000	0.0000	0.0000	0.0000	0.0000	0.0000	0.0000	0.0604	0.1184	0.0014	0.4919	0.5667	0.0000	0.0008	0.0000	0.0014			
65	96	0.0799	4	0	1	1	1	0	0	0	0	N	N	N	N	N	N	N	N	N	N	N	N	0.0000	0.0000	0.0000	0.0000	0.0000	0.0000	0.0000	0.0000	0.0000	0.0000	0.0000	0.0000	0.0000	0.1115	0.2206	0.0000	0.9285	1.0715	0.0000	0.0000	0.0000	0.0000	0.0000	0.0000	-0.0077	0.7961	0.0000	8.5878	6.9903	0.0000	0.0000	0.0000	0.0000	0.0000	0.0000	0.0000	0.0000	0.0000	0.0149	0.0149	0.0000	0.0149	0.0149	0.0000	0.0000	0.0000	0.0000	0.0000	0.0000	0.0000	0.0000	0.0000	0.0000	0.0000	0.0000	0.0000	0.1333	0.0674	0.0659	0.0160	0.0139	0.0021	0.1173	0.0535	0.0638	0.0000	0.0000	0.0000	0.0000	0.0000	0.0000	0.0000	0.0000	0.0000	0.1115	0.2206	0.0000	0.9285	1.0715	0.0000	0.0000	0.0000	0.0000						
65	97	0.0743	3	0	1	0	1	0	0	0	0	N	N	N	N	N	N	N	N	N	N	N	N	0.0000	0.0000	0.0000	0.0000	0.0000	0.0000	0.0000	0.0000	0.0000	0.0000	0.0000	0.0000	0.0000	0.0000	0.0000	0.0000	0.0000	0.0000	0.5280	0.3855	0.6870	0.0137	0.0144	0.0077	0.6082	0.4959	0.7076	1.5976	0.0000	0.0024	0.7961	0.9999	8.5878	1.0605	0.0000	0.0000	0.0000	0.0000	0.0000	0.0000	0.0000	0.0000	0.0000	0.0253	0.0097	0.0156	0.0001	0.0001	0.0000	0.0252	0.0097	0.0156	0.0466	0.0441	0.0025	0.0213	0.0209	0.0005	0.0253	0.0233	0.0020	0.0479	0.0253	0.0227	0.0065	0.0058	0.0007	0.0415	0.0195	0.0220	0.0000	0.0000	0.0000	0.0000	0.0000	0.0000	0.0000	0.0000	0.0000	0.5280	0.3855	0.6870	0.0137	0.0144	0.0077	0.6082	0.4959	0.7076	
65	98	0.0722	2	0	1	0	1	0	0	0	0	N	N	N	N	N	N	N	N	N	N	N	N	0.3614	0.3176	0.2459	0.0836	0.0855	0.1931	0.8065	1.1705	0.3555	0.6694	0.7395	0.3140	0.4827	0.5359	0.0029	0.8921	1.0282	0.4668	1.8523	2.3284	1.2768	5.7740	6.2675	0.0150	1.1061	0.8784	1.3130	0.0838	0.4537	-0.0000	-0.0103	0.7961	0.0012	8.5878	1.0414	0.0001	0.0001	0.0000	0.0000	0.0000	0.0000	0.0001	0.0000	0.0000	0.0492	0.0338	0.0153	0.0245	0.0245	0.0000	0.0247	0.0093	0.0153	0.0001	0.0001	0.0000	0.0001	0.0001	0.0000	0.0001	0.0000	0.0000	0.0266	0.0145	0.0120	0.0042	0.0039	0.0003	0.0223	0.0106	0.0117	0.3614	0.3176	0.2459	0.0836	0.0855	0.1931	0.8065	1.1705	0.3555	1.8523	2.3284	1.2768	5.7740	6.2675	0.0150	1.1061	0.8784	1.3130
65	101	0.0791	4	1	2	0	0	0	0	0	0	N	Y	N	N	N	N	N	N	N	N	N	N	0.0000	0.0000	0.0000	0.0000	0.0000	0.0000	0.0000	0.0000	0.0000	0.0000	0.0000	0.0000	0.0000	0.0000	0.0000	15.6799	0.0044	31.7881	0.0000	0.0000	0.0000	17.6088	0.0054	32.7941	7104.0000	0.0000	0.4762	0.7961	0.0000	8.5878	3.0000	0.0000	0.0000	0.0000	0.0000	0.0000	0.0000	0.0000	0.0000	0.0000	0.9947	0.0001	0.9946	0.0000	0.0000	0.0000	0.9947	0.0001	0.9946	0.0000	0.0000	0.0000	0.0000	0.0000	0.0000	0.0000	0.0000	0.0000	0.0634	0.0322	0.0313	0.0069	0.0060	0.0010	0.0565	0.0262	0.0303	0.0000	0.0000	0.0000	0.0000	0.0000	0.0000	0.0000	0.0000	0.0000	15.6799	0.0044	31.7881	0.0000	0.0000	0.0000	17.6088	0.0054	32.7941				
65	102	0.0760	3	1	2	0	0	0	0	0	0	N	Y	N	N	N	N	N	N	N	N	N	N	0.0000	0.0000	0.0000	0.0000	0.0000	0.0000	0.0000	0.0000	0.0000	0.0000	0.0000	0.0000	0.0000	0.5900	0.0000	1.1931	0.0000	0.0000	0.0000	0.6625	0.0000	1.2308	inf	0.0000	0.0062	0.7961	0.0000	8.5878	1.0000	0.0000	0.0000	0.0000	0.0000	0.0000	0.0000	0.0000	0.0000	0.0000	0.0130	0.0000	0.0130	0.0000	0.0000	0.0000	0.0130	0.0000	0.0130	0.0000	0.0000	0.0000	0.0000	0.0000	0.0000	0.0000	0.0000	0.0000	0.0221	0.0111	0.0109	0.0024	0.0021	0.0003	0.0196	0.0091	0.0106	0.0000	0.0000	0.0000	0.0000	0.0000	0.0000	0.0000	0.0000	0.0000	0.5900	0.0000	1.1931	0.0000	0.0000	0.0000	0.6625	0.0000	1.2308						
65	103	0.0722	2	0	2	0	0	0	0	0	0	N	Y	N	N	N	N	N	N	N	N	N	N	0.3541	0.6354	0.0013	67.3967	81.4500	0.1691	0.0005	0.0004	0.0009	0.3365	0.4185	0.0016	0.5916	0.6701	0.0026	0.0006	0.0004	0.0012	0.9503	0.6586	1.3024	0.0088	0.0082	0.0152	1.1288	0.8971	1.3393	0.0010	1.6387	-0.0000	0.0025	0.7961	0.0006	8.5878	1.0534	0.0000	0.0000	0.0000	0.0000	0.0000	0.0000	0.0000	0.0000	0.0000	0.0255	0.0097	0.0158	0.0000	0.0000	0.0000	0.0254	0.0096	0.0158	0.0001	0.0001	0.0000	0.0001	0.0001	0.0000	0.0000	0.0000	0.0000	0.0268	0.0147	0.0121	0.0043	0.0039	0.0003	0.0225	0.0107	0.0118	0.3541	0.6354	0.0013	67.3967	81.4500	0.1691	0.0005	0.0004	0.0009	0.9503	0.6586	1.3024	0.0088	0.0082	0.0152	1.1288	0.8971	1.3393
65	109	0.2910	5	0	1	0	0	0	0	0	0	N	N	N	N	N	N	N	N	N	N	N	N	0.0092	0.0000	0.6945	0.0308	0.0001	33.9769	0.0001	0.0000	0.0041	0.0236	0.0001	0.2490	0.0830	0.0002	2.3762	0.0002	0.0000	0.0018	2.5594	3.5807	0.3585	2.6930	3.1466	0.0699	2.4365	4.2262	0.4412	454.7568	0.0465	0.0032	-1.0829	0.7961	7.7801	8.5878	32.2209	0.0036	0.0000	0.0036	0.0035	0.0000	0.0035	0.0000	0.0000	0.0000	2.2717	2.1709	0.1009	1.1449	1.1405	0.0044	1.1268	1.0303	0.0965	0.1513	0.1370	0.0143	0.0427	0.0412	0.0015	0.1086	0.0957	0.0128	0.8876	0.6063	0.2813	0.4251	0.3625	0.0627	0.4625	0.2438	0.2187	0.0092	0.0000	0.6945	0.0308	0.0001	33.9769	0.0001	0.0000	0.0041	2.5594	3.5807	0.3585	2.6930	3.1466	0.0699	2.4365	4.2262	0.4412
66	69	0.4432	8	1	1	1	0	0	0	0	0	N	N	N	N	N	N	N	N	N	N	N	N	0.0000	0.0000	0.0000	0.0000	0.0000	0.0000	0.0000	0.0000	0.0000	0.0000	0.0000	0.0000	0.0000	0.0000	0.0000	0.0000	0.0000	0.0006	0.0001	0.0016	0.0014	0.0003	0.0084	0.0001	0.0000	0.0002	5.7290	0.0000	0.0000	1.0110	0.0000	12.5479	4.9600	0.0000	0.0000	0.0000	0.0000	0.0000	0.0000	0.0000	0.0000	0.0000	0.0001	0.0000	0.0001	0.0001	0.0000	0.0001	0.0000	0.0000	0.0000	0.0000	0.0000	0.0000	0.0000	0.0000	0.0000	0.0000	0.0000	0.0000	0.2093	0.1389	0.0704	0.0855	0.0735	0.0119	0.1238	0.0654	0.0584	0.0000	0.0000	0.0000	0.0000	0.0000	0.0000	0.0000	0.0000	0.0000	0.0006	0.0001	0.0016	0.0014	0.0003	0.0084	0.0001	0.0000	0.0002		
66	71	0.4567	10	0	1	1	0	0	0	0	0	N	N	N	N	N	N	N	N	N	N	N	N	0.0000	0.0000	0.0000	0.0000	0.0000	0.0000	0.0000	0.0000	0.0000	0.0000	0.0000	0.0000	0.0000	0.0000	0.0000	0.0000	0.0000	0.0001	0.0001	0.0001	0.0003	0.0003	0.0004	0.0000	0.0000	0.0000	0.3024	0.0000	-0.0000	1.0110	1.0000	12.5479	0.0055	0.0000	0.0000	0.0000	0.0000	0.0000	0.0000	0.0000	0.0000	0.0000	0.0000	0.0000	0.0000	0.0000	0.0000	0.0000	0.0000	0.0000	0.0000	0.0089	0.0078	0.0011	0.0011	0.0011	0.0001	0.0077	0.0067	0.0010	0.0233	0.0146	0.0087	0.0065	0.0057	0.0008	0.0168	0.0089	0.0079	0.0000	0.0000	0.0000	0.0000	0.0000	0.0000	0.0000	0.0000	0.0000	0.0001	0.0001	0.0001	0.0003	0.0003	0.0004	0.0000	0.0000	0.0000		
66	72	0.4500	9	0	1	1	0	0	0	0	0	N	N	N	N	N	N	N	N	N	N	N	N	0.0000	0.0000	0.0000	0.0000	0.0000	0.0000	0.0000	0.0000	0.0000	0.0000	0.0000	0.0000	0.0000	0.0000	0.0000	0.0000	0.0000	0.0029	0.0031	0.0026	0.0091	0.0076	0.0217	0.0004	0.0000	0.0008	0.4974	0.0000	-0.0000	1.0110	0.0000	12.5479	1.0265	0.0000	0.0000	0.0000	0.0000	0.0000	0.0000	0.0000	0.0000	0.0000	0.0001	0.0000	0.0000	0.0001	0.0000	0.0000	0.0000	0.0000	0.0000	0.0000	0.0000	0.0000	0.0000	0.0000	0.0000	0.0000	0.0000	0.0000	0.0250	0.0159	0.0091	0.0072	0.0064	0.0008	0.0178	0.0095	0.0083	0.0000	0.0000	0.0000	0.0000	0.0000	0.0000	0.0000	0.0000	0.0000	0.0029	0.0031	0.0026	0.0091	0.0076	0.0217	0.0004	0.0000	0.0008		
66	73	0.4446	8	0	1	0	0	0	0	0	0	N	N	N	N	N	N	N	N	N	N	N	N	0.0000	0.0000	0.0000	0.0000	0.0000	0.0000	0.0000	0.0000	0.0000	0.0000	0.0000	0.0000	0.0000	0.0000	0.0000	0.0000	0.0000	0.0000	0.0041	0.0039	0.0048	0.0073	0.0063	0.0200	0.0008	0.0000	0.0019	0.3710	0.0000	-0.0004	1.0110	0.0000	12.5479	1.0321	0.0000	0.0000	0.0000	0.0000	0.0000	0.0000	0.0000	0.0000	0.0000	0.0017	0.0012	0.0005	0.0015	0.0012	0.0003	0.0002	0.0000	0.0002	0.0037	0.0035	0.0001	0.0018	0.0018	0.0000	0.0018	0.0017	0.0001	0.4084	0.3126	0.0958	0.2105	0.1953	0.0152	0.1979	0.1173	0.0807	0.0000	0.0000	0.0000	0.0000	0.0000	0.0000	0.0000	0.0000	0.0000	0.0041	0.0039	0.0048	0.0073	0.0063	0.0200	0.0008	0.0000	0.0019	
66	74	0.4218	7	0	1	0	0	0	0	0	0	N	N	N	N	N	N	N	N	N	N	N	N	0.0005	0.0002	0.0049	0.0022	0.0010	0.0584	0.0003	0.0000	0.0012	0.0001	0.0000	0.0003	0.0005	0.0002	0.0105	0.0000	0.0000	0.0000	0.1062	0.1313	0.0520	0.2371	0.2412	0.1799	0.0212	0.0037	0.0404	1.5075	0.1838	0.0000	-0.0278	1.0110	0.5629	12.5479	8.5245	0.0000	0.0000	0.0000	0.0000	0.0000	0.0000	0.0000	0.0000	0.0000	0.0761	0.0643	0.0118	0.0669	0.0635	0.0034	0.0092	0.0008	0.0084	0.0100	0.0087	0.0013	0.0009	0.0009	0.0000	0.0091	0.0078	0.0013	0.7166	0.4895	0.2271	0.2820	0.2630	0.0190	0.4346	0.2265	0.2081	0.0005	0.0002	0.0049	0.0022	0.0010	0.0584	0.0003	0.0000	0.0012	0.1062	0.1313	0.0520	0.2371	0.2412	0.1799	0.0212	0.0037	0.0404
66	75	0.4815	10	0	2	0	0	0	0	0	0	N	Y	N	N	N	N	N	N	N	N	N	N	0.0000	0.0000	0.0000	0.0000	0.0000	0.0000	0.0000	0.0000	0.0000	0.0000	0.0000	0.0000	0.0000	0.0000	0.0000	0.0000	0.0000	0.0000	0.0159	0.0233	0.0013	0.0342	0.0397	0.0011	0.0007	0.0000	0.0014	0.0290	0.0000	-0.0018	1.0110	1.9994	12.5479	4.0943	0.0000	0.0000	0.0000	0.0000	0.0000	0.0000	0.0000	0.0000	0.0000	0.0036	0.0035	0.0001	0.0035	0.0035	0.0000	0.0001	0.0000	0.0001	0.0177	0.0155	0.0022	0.0016	0.0015	0.0001	0.0161	0.0140	0.0021	0.2276	0.1510	0.0766	0.1034	0.0889	0.0145	0.1242	0.0621	0.0621	0.0000	0.0000	0.0000	0.0000	0.0000	0.0000	0.0000	0.0000	0.0000	0.0159	0.0233	0.0013	0.0342	0.0397	0.0011	0.0007	0.0000	0.0014	
66	76	0.4753	9	0	1	0	0	0	0	0	0	N	N	N	N	N	N	N	N	N	N	N	N	0.0000	0.0000	0.0000	0.0000	0.0000	0.0000	0.0000	0.0000	0.0000	0.0000	0.0000	0.0000	0.0000	0.0000	0.0000	0.0000	0.0000	0.0000	0.2274	0.2485	0.1862	0.2850	0.3163	0.0409	0.1757	0.1312	0.2136	0.3836	0.0000	-0.0078	1.0110	0.0011	12.5479	2.7207	0.0000	0.0000	0.0000	0.0000	0.0000	0.0000	0.0000	0.0000	0.0000	0.0319	0.0231	0.0088	0.0189	0.0186	0.0003	0.0130	0.0045	0.0085	0.0000	0.0000	0.0000	0.0000	0.0000	0.0000	0.0000	0.0000	0.0000	0.1404	0.0928	0.0475	0.0664	0.0588	0.0075	0.0740	0.0340	0.0400	0.0000	0.0000	0.0000	0.0000	0.0000	0.0000	0.0000	0.0000	0.0000	0.2274	0.2485	0.1862	0.2850	0.3163	0.0409	0.1757	0.1312	0.2136	
66	77	0.4432	8	0	1	0	0	0	0	0	0	N	N	N	N	N	N	N	N	N	N	N	N	0.0000	0.0000	0.0000	0.0000	0.0000	0.0000	0.0000	0.0000	0.0000	0.0000	0.0000	0.0000	0.0000	0.0000	0.0000	0.0000	0.0000	0.0000	1.0601	1.5509	0.1178	2.5537	2.9722	0.1416	0.0541	0.0013	0.1127	0.0395	-0.0000	-0.1943	1.0110	0.0001	12.5479	10.0074	0.0000	0.0000	0.0000	0.0000	0.0000	0.0000	0.0000	0.0000	0.0000	0.4022	0.3869	0.0153	0.3900	0.3868	0.0032	0.0123	0.0002	0.0121	0.0089	0.0085	0.0003	0.0044	0.0044	0.0000	0.0044	0.0041	0.0003	0.3794	0.2495	0.1300	0.1527	0.1301	0.0226	0.2267	0.1193	0.1074	0.0000	0.0000	0.0000	0.0000	0.0000	0.0000	0.0000	0.0000	0.0000	1.0601	1.5509	0.1178	2.5537	2.9722	0.1416	0.0541	0.0013	0.1127	
66	78	0.4633	9	1	1	1	0	0	0	0	0	N	N	N	N	N	N	N	N	N	N	N	N	0.0274	0.4704	0.0000	44.5176	47.5382	0.0000	0.0001	0.0008	0.0000	0.0004	0.0004	0.0000	0.0005	0.0006	0.0000	0.0000	0.0000	0.0000	0.0140	0.0009	0.0445	0.0000	0.0000	0.0000	0.0319	0.0027	0.0625	0.0000	21.7377	-0.0000	0.0003	1.0110	1.6246	12.5479	0.0115	0.0000	0.0000	0.0000	0.0000	0.0000	0.0000	0.0000	0.0000	0.0000	0.0007	0.0000	0.0007	0.0000	0.0000	0.0000	0.0007	0.0000	0.0007	0.0491	0.0454	0.0037	0.0357	0.0337	0.0020	0.0134	0.0117	0.0017	0.0492	0.0344	0.0148	0.0276	0.0234	0.0042	0.0216	0.0111	0.0105	0.0274	0.4704	0.0000	44.5176	47.5382	0.0000	0.0001	0.0008	0.0000	0.0140	0.0009	0.0445	0.0000	0.0000	0.0000	0.0319	0.0027	0.0625
66	79	0.4432	8	1	1	1	0	0	0	0	0	N	N	N	N	N	N	N	N	N	N	N	N	0.0001	0.0001	0.0000	2.4136	3.0213	0.0000	0.0000	0.0000	0.0000	0.0004	0.0005	0.0000	0.0038	0.0040	0.0000	0.0000	0.0000	0.0000	4.4945	3.4285	6.5288	0.0016	0.0013	0.0030	7.5022	7.1373	7.9073	0.0000	0.9978	-0.0000	-0.0432	1.0110	8.1927	12.5479	3.9952	0.0001	0.0001	0.0000	0.0001	0.0001	0.0000	0.0000	0.0000	0.0000	1.9968	0.9995	0.9973	0.0003	0.0002	0.0001	1.9965	0.9993	0.9972	0.1277	0.1118	0.0159	0.0136	0.0129	0.0007	0.1141	0.0989	0.0153	0.4443	0.2915	0.1527	0.1782	0.1515	0.0266	0.2661	0.1400	0.1261	0.0001	0.0001	0.0000	2.4136	3.0213	0.0000	0.0000	0.0000	0.0000	4.4945	3.4285	6.5288	0.0016	0.0013	0.0030	7.5022	7.1373	7.9073
66	80	0.4432	8	0	2	0	1	0	0	0	0	N	Y	N	N	N	N	N	N	N	N	N	N	0.0002	0.0000	0.0332	0.0396	0.0000	0.4931	0.0000	0.0000	0.0000	0.0004	0.0000	0.0041	0.0015	0.0000	0.1157	0.0000	0.0000	0.0000	1.7122	2.5528	0.1246	0.0376	0.0021	0.2346	2.8190	5.2696	0.1012	inf	0.0258	0.0000	-0.5085	1.0110	0.7962	12.5479	19.0091	0.0000	0.0000	0.0000	0.0000	0.0000	0.0000	0.0000	0.0000	0.0000	1.0255	0.9996	0.0258	0.0090	0.0004	0.0085	1.0165	0.9992	0.0173	0.0205	0.0186	0.0019	0.0053	0.0053	0.0001	0.0151	0.0133	0.0019	0.5989	0.3916	0.2073	0.2383	0.2020	0.0364	0.3606	0.1896	0.1710	0.0002	0.0000	0.0332	0.0396	0.0000	0.4931	0.0000	0.0000	0.0000	1.7122	2.5528	0.1246	0.0376	0.0021	0.2346	2.8190	5.2696	0.1012
66	81	0.4432	8	0	2	0	0	0	0	0	0	N	Y	N	N	N	N	N	N	N	N	N	N	0.0006	0.0000	0.0416	0.0010	0.0000	0.6326	0.0000	0.0000	0.0000	0.0004	0.0000	0.0041	0.0015	0.0000	0.1157	0.0000	0.0000	0.0000	0.6118	0.8852	0.0993	1.4878	1.7266	0.1829	0.0393	0.0012	0.0815	inf	0.0598	0.0000	-0.2087	1.0110	0.7962	12.5479	25.3140	0.0000	0.0000	0.0000	0.0000	0.0000	0.0000	0.0000	0.0000	0.0000	0.4493	0.4239	0.0254	0.4318	0.4236	0.0082	0.0174	0.0003	0.0172	0.0205	0.0186	0.0019	0.0053	0.0053	0.0001	0.0151	0.0133	0.0019	0.7344	0.4789	0.2555	0.2903	0.2453	0.0449	0.4441	0.2335	0.2106	0.0006	0.0000	0.0416	0.0010	0.0000	0.6326	0.0000	0.0000	0.0000	0.6118	0.8852	0.0993	1.4878	1.7266	0.1829	0.0393	0.0012	0.0815
66	82	0.4432	8	0	2	0	0	0	0	0	0	N	Y	N	N	N	N	N	N	N	N	N	N	0.0114	0.0085	0.0223	0.0251	0.0213	0.3137	0.0000	0.0000	0.0000	0.0063	0.0068	0.0021	0.0338	0.0333	0.0534	0.0000	0.0000	0.0000	0.5520	0.7978	0.0925	1.3448	1.5610	0.1704	0.0363	0.0006	0.0759	0.0379	0.0620	-0.0000	-0.2009	1.0110	1.7961	12.5479	27.0091	0.0002	0.0002	0.0000	0.0002	0.0002	0.0000	0.0000	0.0000	0.0000	0.4342	0.4088	0.0254	0.4169	0.4087	0.0082	0.0173	0.0002	0.0172	0.0347	0.0308	0.0039	0.0065	0.0063	0.0001	0.0282	0.0245	0.0037	0.7865	0.5124	0.2741	0.3100	0.2618	0.0482	0.4765	0.2506	0.2259	0.0114	0.0085	0.0223	0.0251	0.0213	0.3137	0.0000	0.0000	0.0000	0.5520	0.7978	0.0925	1.3448	1.5610	0.1704	0.0363	0.0006	0.0759
66	83	0.3880	7	0	1	0	0	0	0	0	0	N	N	N	N	N	N	N	N	N	N	N	N	0.0000	0.0000	0.0000	0.0000	0.0000	0.0017	0.0000	0.0000	0.0000	0.0000	0.0000	0.0000	0.0000	0.0000	0.0001	0.0000	0.0000	0.0000	1.6184	1.1693	2.5286	0.6812	0.7729	0.0328	2.1633	1.5368	2.9274	inf	1.0670	0.0000	-0.0114	1.0110	10.0679	12.5479	33.8159	0.0000	0.0000	0.0000	0.0000	0.0000	0.0000	0.0000	0.0000	0.0000	2.3325	1.1284	1.2041	0.3610	0.3588	0.0022	1.9715	0.7696	1.2019	0.1427	0.1241	0.0186	0.0073	0.0068	0.0004	0.1354	0.1173	0.0181	1.4412	0.9650	0.4762	0.5299	0.4642	0.0656	0.9114	0.5008	0.4106	0.0000	0.0000	0.0000	0.0000	0.0000	0.0017	0.0000	0.0000	0.0000	1.6184	1.1693	2.5286	0.6812	0.7729	0.0328	2.1633	1.5368	2.9274
66	84	0.3604	6	0	1	0	0	0	0	0	0	N	N	N	N	N	N	N	N	N	N	N	N	0.0000	0.0001	0.0000	0.0007	0.0007	0.0019	0.0000	0.0000	0.0000	0.0000	0.0000	0.0000	0.0003	0.0003	0.0003	0.0000	0.0000	0.0000	0.8837	0.5729	1.5911	0.4635	0.4903	0.1455	1.1747	0.6710	1.7599	0.1342	1.2198	0.0000	0.0268	1.0110	0.9441	12.5479	14.0836	0.0000	0.0000	0.0000	0.0000	0.0000	0.0000	0.0000	0.0000	0.0000	0.9426	0.4246	0.5180	0.2023	0.1973	0.0050	0.7403	0.2273	0.5130	0.0165	0.0142	0.0022	0.0015	0.0014	0.0000	0.0150	0.0128	0.0022	1.0667	0.7412	0.3255	0.4365	0.4024	0.0340	0.6302	0.3387	0.2915	0.0000	0.0001	0.0000	0.0007	0.0007	0.0019	0.0000	0.0000	0.0000	0.8837	0.5729	1.5911	0.4635	0.4903	0.1455	1.1747	0.6710	1.7599
66	85	0.4335	7	0	1	0	0	0	0	0	0	N	N	N	N	N	N	N	N	N	N	N	N	0.0002	0.0005	0.0000	0.0044	0.0039	0.0195	0.0000	0.0013	0.0000	0.0001	0.0001	0.0000	0.0011	0.0012	0.0004	0.0000	0.0000	0.0000	0.5058	0.1853	1.2612	0.2539	0.2947	0.0193	0.7604	0.0141	1.6752	0.0413	2.8878	-0.0000	0.1755	1.0110	15.0008	12.5479	28.2980	0.0000	0.0000	0.0000	0.0000	0.0000	0.0000	0.0000	0.0000	0.0000	0.7918	0.2037	0.5881	0.1999	0.1976	0.0023	0.5919	0.0061	0.5859	0.2335	0.2046	0.0288	0.0143	0.0137	0.0006	0.2192	0.1909	0.0283	1.5655	1.0992	0.4663	0.7870	0.6705	0.1166	0.7785	0.4288	0.3497	0.0002	0.0005	0.0000	0.0044	0.0039	0.0195	0.0000	0.0013	0.0000	0.5058	0.1853	1.2612	0.2539	0.2947	0.0193	0.7604	0.0141	1.6752
66	86	0.4335	7	0	1	0	0	0	0	0	0	N	N	N	N	N	N	N	N	N	N	N	N	0.0001	0.0003	0.0000	0.0020	0.0017	0.0173	0.0000	0.0000	0.0000	0.0001	0.0001	0.0000	0.0013	0.0013	0.0006	0.0000	0.0000	0.0000	1.0038	0.5016	2.2469	0.6651	0.7719	0.0327	1.3985	0.0072	3.0668	0.0493	1.8093	-0.0000	0.1903	1.0110	10.8154	12.5479	27.4443	0.0000	0.0000	0.0000	0.0000	0.0000	0.0000	0.0000	0.0000	0.0000	1.5478	0.5509	0.9968	0.5521	0.5481	0.0039	0.9957	0.0028	0.9929	0.1391	0.1210	0.0182	0.0127	0.0123	0.0004	0.1265	0.1087	0.0178	1.5420	1.0983	0.4437	0.8300	0.7101	0.1199	0.7120	0.3882	0.3238	0.0001	0.0003	0.0000	0.0020	0.0017	0.0173	0.0000	0.0000	0.0000	1.0038	0.5016	2.2469	0.6651	0.7719	0.0327	1.3985	0.0072	3.0668
66	87	0.3857	6	0	1	0	0	0	0	0	0	N	N	N	N	N	N	N	N	N	N	N	N	0.0010	0.0012	0.0006	0.0020	0.0017	0.0184	0.0006	0.0030	0.0003	0.0003	0.0003	0.0003	0.0007	0.0007	0.0024	0.0002	0.0002	0.0002	0.3572	0.2933	0.5196	0.3705	0.4067	0.1296	0.3410	0.0680	0.6526	0.1208	0.6971	0.0000	-0.0864	1.0110	2.7608	12.5479	22.4044	0.0000	0.0000	0.0000	0.0000	0.0000	0.0000	0.0000	0.0000	0.0000	0.7832	0.4615	0.3217	0.4461	0.4257	0.0204	0.3371	0.0358	0.3013	0.0800	0.0703	0.0097	0.0207	0.0204	0.0004	0.0593	0.0499	0.0093	2.1925	1.5734	0.6191	1.2040	1.0466	0.1575	0.9885	0.5268	0.4617	0.0010	0.0012	0.0006	0.0020	0.0017	0.0184	0.0006	0.0030	0.0003	0.3572	0.2933	0.5196	0.3705	0.4067	0.1296	0.3410	0.0680	0.6526
66	88	0.2558	5	0	1	0	0	0	0	0	0	N	N	N	N	N	N	N	N	N	N	N	N	0.0001	0.0002	0.0000	0.0005	0.0005	0.0004	0.0001	0.0002	0.0000	0.0001	0.0002	0.0001	0.0005	0.0005	0.0002	0.0001	0.0001	0.0001	1.1374	0.8430	1.7573	0.9422	0.9909	0.5429	1.2505	0.7053	1.9292	0.0526	0.9901	-0.0000	-0.0516	1.0110	8.8820	12.5479	49.9570	0.0000	0.0000	0.0000	0.0000	0.0000	0.0000	0.0000	0.0000	0.0000	2.1913	1.1011	1.0902	0.6657	0.6240	0.0418	1.5256	0.4772	1.0485	0.1415	0.1231	0.0184	0.0091	0.0088	0.0003	0.1323	0.1142	0.0181	1.9266	1.3062	0.6204	0.7066	0.6297	0.0769	1.2200	0.6765	0.5435	0.0001	0.0002	0.0000	0.0005	0.0005	0.0004	0.0001	0.0002	0.0000	1.1374	0.8430	1.7573	0.9422	0.9909	0.5429	1.2505	0.7053	1.9292
66	89	0.4432	8	1	2	0	1	0	0	0	0	N	Y	N	N	N	N	N	N	N	N	N	N	0.0002	0.0000	0.0008	0.0015	0.0000	0.7756	0.0000	0.0000	0.0004	0.0000	0.0041	0.0015	0.0000	0.1157	0.0000	0.0000	0.0000	2.2203	0.6066	5.2770	1.0179	1.1733	0.1492	3.0181	0.0000	6.3658	inf	4.5926	0.0000	0.3663	1.0110	0.7962	12.5479	16.9291	0.0000	0.0000	0.0000	0.0000	0.0000	0.0000	0.0000	0.0000	0.0000	1.2205	0.2182	1.0023	0.2232	0.2182	0.0050	0.9973	0.0000	0.9973	0.0205	0.0186	0.0019	0.0053	0.0053	0.0001	0.0151	0.0133	0.0019	0.5497	0.3598	0.1899	0.2193	0.1860	0.0333	0.3305	0.1738	0.1567	0.0002	0.0000	0.0008	0.0015	0.0000	0.7756	0.0000	0.0000	0.0000	2.2203	0.6066	5.2770	1.0179	1.1733	0.1492	3.0181	0.0000	6.3658	
66	90	0.5152	13	0	2	0	1	0	0	0	0	N	Y	N	N	N	N	N	N	N	N	N	N	0.0000	0.0000	0.0000	0.0000	0.0000	0.0000	0.0000	0.0000	0.0000	0.0000	0.0000	0.0000	0.0000	0.0000	0.0000	0.0000	0.0000	0.0000	0.0000	0.0000	1.0110	0.0000	12.5479	0.0000	0.0000	0.0000	0.0000	0.0000	0.0000	0.0000	0.0000	0.0000	0.0000	0.0000	0.0000	0.0000	0.0000	0.0000	0.0000	0.0000	0.0000	0.0000	0.0000	0.0000	0.0000	0.0000	0.0000	0.0000	0.0000	0.0000	0.0000	0.0000	0.0000	0.0000	0.0000	0.0000	0.0000	0.0000	0.0000	0.0000	0.0000	0.0000	0.0000	0.0000	0.0000	0.0000	0.0000	0.0000	0.0000	0.0000	0.0000	0.0000	0.0000	0.0000	0.0000	0.0000	0.0000	0.0000											
66	91	0.5045	12	0	2	0	1	0	0	0	0	N	Y	N	N	N	N	N	N	N	N	N	N	0.0000	0.0000	0.0000	0.0000	0.0000	0.0000	0.0000	0.0000	0.0000	0.0000	0.0000	0.0000	0.0000	0.0000	0.0000	0.0000	0.0000	0.0000	0.0000	0.0000	1.0110	1.0000	12.5479	3.0000	0.0000	0.0000	0.0000	0.0000	0.0000	0.0000	0.0000	0.0000	0.0000	0.0000	0.0000	0.0000	0.0000	0.0000	0.0000	0.0000	0.0000	0.0000	0.0142	0.0127	0.0015	0.0062	0.0057	0.0005	0.0080	0.0069	0.0010	0.1089	0.0790	0.0299	0.0672	0.0564	0.0108	0.0417	0.0226	0.0192	0.0000	0.0000	0.0000	0.0000	0.0000	0.0000	0.0000	0.0000	0.0000	0.0000	0.0000	0.0000	0.0000	0.0000	0.0000	0.0000	0.0000	0.0000											
66	92	0.4979	10	0	2	0	0	0	0	0	0	N	Y	N	N	N	N	N	N	N	N	N	N	0.0000	0.0000	0.0000	0.0000	0.0000	0.0000	0.0000	0.0000	0.0000	0.0000	0.0000	0.0000	0.0000	0.0000	0.0000	0.0000	0.0000	0.0000	0.0000	0.0000	1.0110	0.0000	12.5479	0.0000	0.0000	0.0000	0.0000	0.0000	0.0000	0.0000	0.0000	0.0000	0.0000	0.0000	0.0000	0.0000	0.0000	0.0000	0.0000	0.0000	0.0000	0.0000	0.0000	0.0000	0.0000	0.0000	0.0000	0.0000	0.0000	0.0000	0.0000	0.0000	0.0000	0.0000	0.0000	0.0000	0.0000	0.0000	0.0000	0.0000	0.0000	0.0000	0.0000	0.0000	0.0000	0.0000	0.0000	0.0000	0.0000	0.0000	0.0000	0.0000	0.0000	0.0000	0.0000	0.0000	0.0000	0.0000											
66	93	0.5045	12	0	1	1	1	0	0	0	0	N	N	N	N	N	N	N	N	N	N	N	N	0.0000	0.0000	0.0000	0.0000	0.0000	0.0000	0.0000	0.0000	0.0000	0.0000	0.0000	0.0000	0.0000	0.0000	0.0000	0.0000	0.0000	0.0000	0.0000	0.0000	1.0110	0.0000	12.5479	0.0000	0.0000	0.0000	0.0000	0.0000	0.0000	0.0000	0.0000	0.0000	0.0000	0.0000	0.0000	0.0000	0.0000	0.0000	0.0000	0.0000	0.0000	0.0000	0.0000	0.0000	0.0000	0.0000	0.0000	0.0000	0.0000	0.0000	0.0000	0.0000	0.0000	0.0000	0.0000	0.0000	0.0000	0.0000	0.0000	0.0000	0.0000	0.0000	0.0000	0.0000	0.0000	0.0000	0.0000	0.0000	0.0000	0.0000	0.0000	0.0000	0.0000	0.0000	0.0000	0.0000	0.0000	0.0000											
66	94	0.5018	11	0	1	0	1	0	0	0	0	N	N	N	N	N	N	N	N	N	N	N	N	0.0000	0.0000	0.0000	0.0000	0.0000	0.0000	0.0000	0.0000	0.0000	0.0000	0.0000	0.0000	0.0000	0.2449	0.0000	0.8699	0.0000	0.0000	0.0000	0.6372	0.0000	1.3122	inf	0.0000	0.0035	1.0110	1.0000	12.5479	0.0097	0.0000	0.0000	0.0000	0.0000	0.0000	0.0000	0.0000	0.0000	0.0000	0.0073	0.0000	0.0073	0.0000	0.0000	0.0000	0.0073	0.0000	0.0073	0.0142	0.0127	0.0015	0.0062	0.0057	0.0005	0.0080	0.0069	0.0010	0.0297	0.0213	0.0084	0.0183	0.0155	0.0028	0.0114	0.0059	0.0055	0.0000	0.0000	0.0000	0.0000	0.0000	0.0000	0.0000	0.0000	0.0000	0.2449	0.0000	0.8699	0.0000	0.0000	0.0000	0.6372	0.0000	1.3122						
66	95	0.5018	11	0	1	1	1	0	0	0	0	N	N	N	N	N	N	N	N	N	N	N	N	0.0000	0.0000	0.0000	0.0000	0.0000	0.0000	0.0000	0.0000	0.0000	0.0000	0.0000	0.0000	0.0000	0.0536	0.0000	0.1932	0.0000	0.0000	0.0000	0.1389	0.0000	0.2985	inf	0.0000	0.0035	1.0110	2.0000	12.5479	3.0050	0.0000	0.0000	0.0000	0.0000	0.0000	0.0000	0.0000	0.0000	0.0000	0.0073	0.0000	0.0073	0.0000	0.0000	0.0000	0.0073	0.0000	0.0073	0.0280	0.0250	0.0030	0.0122	0.0113	0.0009	0.0158	0.0137	0.0021	0.1358	0.0982	0.0377	0.0835	0.0702	0.0133	0.0524	0.0280	0.0244	0.0000	0.0000	0.0000	0.0000	0.0000	0.0000	0.0000	0.0000	0.0000	0.0536	0.0000	0.1932	0.0000	0.0000	0.0000	0.1389	0.0000	0.2985						
66	96	0.5018	11	0	1	1	1	0	0	0	0	N	N	N	N	N	N	N	N	N	N	N	N	0.0000	0.0000	0.0000	0.0000	0.0000	0.0000	0.0000	0.0000	0.0000	0.0000	0.0000	0.0000	0.0000	0.0000	0.0000	0.0000	0.0000	10.7325	7.3797	19.4474	8.7049	10.3607	0.0006	13.9339	0.0000	30.0198	1.0138	0.0000	-0.0350	1.0110	0.0000	12.5479	6.9903	0.0000	0.0000	0.0000	0.0000	0.0000	0.0000	0.0000	0.0000	0.0000	1.9843	0.9854	0.9990	0.9854	0.9854	0.0000	0.9990	0.0000	0.9990	0.0000	0.0000	0.0000	0.0000	0.0000	0.0000	0.0000	0.0000	0.0000	0.1849	0.1335	0.0514	0.1132	0.0951	0.0181	0.0717	0.0384	0.0333	0.0000	0.0000	0.0000	0.0000	0.0000	0.0000	0.0000	0.0000	0.0000	10.7325	7.3797	19.4474	8.7049	10.3607	0.0006	13.9339	0.0000	30.0198		
66	97	0.4962	10	0	1	0	1	0	0	0	0	N	N	N	N	N	N	N	N	N	N	N	N	0.0000	0.0000	0.0000	0.0000	0.0000	0.0000	0.0000	0.0000	0.0000	0.0000	0.0000	0.0000	0.0000	0.0000	0.0000	0.0000	0.0000	0.6326	0.8245	0.1312	0.1878	0.2234	0.0000	1.3484	2.3476	0.2034	0.0609	0.0000	-0.0185	1.0110	0.9999	12.5479	1.0605	0.0000	0.0000	0.0000	0.0000	0.0000	0.0000	0.0000	0.0000	0.0000	0.0398	0.0375	0.0023	0.0073	0.0073	0.0000	0.0325	0.0302	0.0023	0.0163	0.0146	0.0017	0.0082	0.0075	0.0006	0.0082	0.0071	0.0011	0.0629	0.0455	0.0174	0.0388	0.0326	0.0062	0.0241	0.0129	0.0112	0.0000	0.0000	0.0000	0.0000	0.0000	0.0000	0.0000	0.0000	0.0000	0.6326	0.8245	0.1312	0.1878	0.2234	0.0000	1.3484	2.3476	0.2034		
66	98	0.4941	9	0	1	0	1	0	0	0	0	N	N	N	N	N	N	N	N	N	N	N	N	0.0001	0.0001	0.0022	0.0002	0.0001	59.5400	0.0000	0.0000	0.0000	0.0002	0.0001	0.0006	0.0003	0.0002	0.0019	0.0000	0.0000	0.0000	1.7931	2.3570	0.2599	1.4437	1.7092	0.0000	2.3670	4.0076	0.4055	0.4857	0.0406	0.0000	-0.0306	1.0110	0.0012	12.5479	1.0414	0.0000	0.0000	0.0000	0.0000	0.0000	0.0000	0.0000	0.0000	0.0000	0.0634	0.0609	0.0025	0.0317	0.0317	0.0000	0.0317	0.0292	0.0025	0.0001	0.0001	0.0000	0.0000	0.0000	0.0000	0.0000	0.0000	0.0000	0.0354	0.0258	0.0095	0.0220	0.0186	0.0034	0.0134	0.0073	0.0061	0.0001	0.0001	0.0022	0.0002	0.0001	59.5400	0.0000	0.0000	0.0000	1.7931	2.3570	0.2599	1.4437	1.7092	0.0000	2.3670	4.0076	0.4055
66	99	0.4432	8	1	2	0	0	0	0	0	0	N	Y	N	N	N	N	N	N	N	N	N	N	0.0001	0.0001	0.0022	0.0019	0.0000	0.0000	0.0004	0.0004	0.0000	0.0026	0.0027	0.0000	0.0000	0.0000	0.0000	2.7100	4.1305	0.0000	1.2151	1.4289	0.0000	3.7103	7.0524	0.0000	0.0000	0.0000	-0.0000	-0.6348	1.0110	3.2042	12.5479	9.0918	0.0000	0.0000	0.0000	0.0000	0.0000	0.0000	0.0000	0.0000	0.0000	1.2182	1.2182	0.0000	0.2190	0.2190	0.0000	0.9992	0.9992	0.0000	0.0592	0.0521	0.0071	0.0084	0.0081	0.0003	0.0508	0.0440	0.0068	0.4495	0.2949	0.1546	0.1802	0.1532	0.0270	0.2693	0.1417	0.1276	0.0001	0.0001	0.0000	0.0022	0.0019	0.0000	0.0000	0.0000	0.0000	2.7100	4.1305	0.0000	1.2151	1.4289	0.0000	3.7103	7.0524	0.0000			
66	100	0.4432	8	0	2	0	0	0	0	0	0	N	Y	N	N	N	N	N	N	N	N	N	N	0.0007	0.0000	0.1023	0.0011	0.0000	0.5474	0.0000	0.0000	0.0004	0.0000	0.0041	0.0015	0.0000	0.1157	0.0000	0.0000	0.0000	0.5679	0.8430	0.0404	1.4091	1.6176	0.2113	0.0021	0.0000	0.0044	inf	0.0250	0.0000	-0.1111	1.0110	0.7962	12.5479	10.9291	0.0000	0.0000	0.0000	0.0000	0.0000	0.0000	0.0000	0.0000	0.0000	0.2237	0.2182	0.0055	0.2232	0.2182	0.0050	0.0005	0.0000	0.0005	0.0205	0.0186	0.0019	0.0053	0.0053	0.0001	0.0151	0.0133	0.0019	0.3939	0.2588	0.1350	0.1584	0.1349	0.0235	0.2355	0.1239	0.1115	0.0007	0.0000	0.1023	0.0011	0.0000	0.5474	0.0000	0.0000	0.0000	0.5679	0.8430	0.0404	1.4091	1.6176	0.2113	0.0021	0.0000	0.0044	
66	101	0.5010	11	1	2	0	0	0	0	0	0	N	Y	N	N	N	N	N	N	N	N	N	N	0.0000	0.0000	0.0000	0.0000	0.0000	0.0000	0.0000	0.0000	0.0000	0.0000	0.0000	0.0000	0.0000	0.0006	0.0008	0.0000	0.0010	0.0012	0.0000	0.0000	0.0000	0.0000	0.0000	0.0000	-0.0000	1.0110	0.0000	12.5479	3.0000	0.0000	0.0000	0.0000	0.0000	0.0000	0.0000	0.0000	0.0000	0.0000	0.0001	0.0001	0.0000	0.0001	0.0001	0.0000	0.0000	0.0000	0.0000	0.0000	0.0000	0.0000	0.0000	0.0000	0.0000	0.0000	0.0000	0.0000	0.0826	0.0591	0.0235	0.0509	0.0426	0.0083	0.0317	0.0165	0.0152	0.0000	0.0000	0.0000	0.0000	0.0000	0.0000	0.0000	0.0000	0.0000	0.0006	0.0008	0.0000	0.0010	0.0012	0.0000	0.0000	0.0000	0.0000						
66	102	0.4979	10	1	2	0	0	0	0	0	0	N	Y	N	N	N	N	N	N	N	N	N	N	0.0000	0.0000	0.0000	0.0000	0.0000	0.0000	0.0000	0.0000	0.0000	0.0000	0.0000	0.0000	0.0000	0.0003	0.0005	0.0000	0.0006	0.0007	0.0000	0.0000	0.0000	0.0000	0.0000	0.0000	-0.0000	1.0110	0.0000	12.5479	1.0000	0.0000	0.0000	0.0000	0.0000	0.0000	0.0000	0.0000	0.0000	0.0000	0.0000	0.0000	0.0000	0.0000	0.0000	0.0000	0.0000	0.0000	0.0000	0.0000	0.0000	0.0000	0.0000	0.0000	0.0000	0.0000	0.0000	0.0000	0.0287	0.0205	0.0081	0.0177	0.0148	0.0029	0.0110	0.0057	0.0053	0.0000	0.0000	0.0000	0.0000	0.0000	0.0000	0.0000	0.0000	0.0000	0.0003	0.0005	0.0000	0.0006	0.0007	0.0000	0.0000	0.0000	0.0000						
66	103	0.4941	9	0	2	0	0	0	0	0	0	N	Y	N	N	N	N	N	N	N	N	N	N	0.0001	0.0001	0.0000	0.0451	0.0416	0.0000	0.0000	0.0000	0.0001	0.0001	0.0000	0.0002	0.0002	0.0000	0.0000	0.0000	0.0000	0.9157	1.1579	0.2575	0.0043	0.0051	0.0000	2.4123	4.0954	0.4018	0.0000	0.0819	-0.0000	-0.0145	1.0110	0.0006	12.5479	1.0534	0.0000	0.0000	0.0000	0.0000	0.0000	0.0000	0.0000	0.0000	0.0000	0.0327	0.0302	0.0025	0.0001	0.0001	0.0000	0.0326	0.0301	0.0025	0.0000	0.0000	0.0000	0.0000	0.0000	0.0000	0.0000	0.0000	0.0000	0.0357	0.0261	0.0096	0.0222	0.0187	0.0034	0.0135	0.0073	0.0062	0.0001	0.0001	0.0000	0.0451	0.0416	0.0000	0.0000	0.0000	0.0000	0.9157	1.1579	0.2575	0.0043	0.0051	0.0000	2.4123	4.0954	0.4018	
66	104	0.4432	8	0	1	0	0	0	0	0	0	N	N	N	N	N	N	N	N	N	N	N	N	0.0001	0.0002	0.0000	0.0044	0.0039	0.0000	0.0000	0.0000	0.0000	0.0005	0.0005	0.0000	0.0041	0.0043	0.0000	0.0000	0.0000	0.0000	3.7318	3.1119	4.9036	0.9409	1.1099	0.0000	5.5786	5.2475	5.9459	0.0000	0.8336	-0.0000	-0.1447	1.0110	7.2034	12.5479	9.9858	0.0001	0.0001	0.0000	0.0001	0.0001	0.0000	0.0000	0.0000	0.0000	2.1779	1.1878	0.9901	0.2187	0.2187	0.0000	1.9592	0.9691	0.9901	0.1149	0.1006	0.0143	0.0126	0.0120	0.0006	0.1023	0.0885	0.0137	0.5836	0.3817	0.2019	0.2324	0.1970	0.0354	0.3512	0.1847	0.1665	0.0001	0.0002	0.0000	0.0044	0.0039	0.0000	0.0000	0.0000	0.0000	3.7318	3.1119	4.9036	0.9409	1.1099	0.0000	5.5786	5.2475	5.9459
66	105	0.4218	7	0	1	0	0	0	0	0	0	N	N	N	N	N	N	N	N	N	N	N	N	0.0027	0.0268	0.0001	0.1757	0.1787	0.0760	0.0000	0.0021	0.0000	0.0006	0.0007	0.0001	0.0073	0.0074	0.0030	0.0000	0.0000	0.0000	0.2150	0.0244	0.6454	0.0413	0.0414	0.0393	0.3412	0.0016	0.6983	0.0167	11.7213	-0.0000	0.0549	1.0110	0.7993	12.5479	5.3573	0.0000	0.0000	0.0000	0.0000	0.0000	0.0000	0.0000	0.0000	0.0000	0.1372	0.0108	0.1264	0.0111	0.0105	0.0006	0.1261	0.0003	0.1258	0.0138	0.0119	0.0018	0.0011	0.0011	0.0000	0.0127	0.0109	0.0018	0.6382	0.4424	0.1958	0.2687	0.2530	0.0157	0.3695	0.1894	0.1801	0.0027	0.0268	0.0001	0.1757	0.1787	0.0760	0.0000	0.0021	0.0000	0.2150	0.0244	0.6454	0.0413	0.0414	0.0393	0.3412	0.0016	0.6983
66	106	0.3604	6	0	1	0	0	0	0	0	0	N	N	N	N	N	N	N	N	N	N	N	N	0.0000	0.0000	0.0000	0.0001	0.0001	0.0002	0.0000	0.0000	0.0000	0.0000	0.0000	0.0000	0.0001	0.0001	0.0001	0.0000	0.0000	0.0000	1.1950	0.5176	2.6773	0.9355	0.9962	0.2813	1.3601	0.0029	2.9593	0.1893	2.3637	0.0000	0.2540	1.0110	4.1241	12.5479	16.2542	0.0000	0.0000	0.0000	0.0000	0.0000	0.0000	0.0000	0.0000	0.0000	1.3983	0.4157	0.9826	0.4254	0.4146	0.0109	0.9728	0.0011	0.9717	0.0641	0.0555	0.0086	0.0036	0.0035	0.0002	0.0604	0.0520	0.0084	1.1700	0.8030	0.3670	0.4548	0.4161	0.0386	0.7153	0.3869	0.3284	0.0000	0.0000	0.0000	0.0001	0.0001	0.0002	0.0000	0.0000	0.0000	1.1950	0.5176	2.6773	0.9355	0.9962	0.2813	1.3601	0.0029	2.9593
66	107	0.2558	5	0	1	0	0	0	0	0	0	N	N	N	N	N	N	N	N	N	N	N	N	0.0000	0.0000	0.0000	0.0000	0.0000	0.0009	0.0000	0.0000	0.0000	0.0000	0.0000	0.0000	0.0000	0.0000	0.0002	0.0000	0.0000	0.0000	0.7611	0.8171	0.6354	0.6369	0.6816	0.2349	0.8450	0.9666	0.6957	7.0285	0.3465	0.0000	-0.3601	1.0110	8.6998	12.5479	27.8967	0.0000	0.0000	0.0000	0.0000	0.0000	0.0000	0.0000	0.0000	0.0000	1.3652	1.0139	0.3513	0.4607	0.4437	0.0170	0.9045	0.5702	0.3343	0.1391	0.1210	0.0181	0.0091	0.0088	0.0003	0.1301	0.1122	0.0178	1.7938	1.2409	0.5529	0.7233	0.6510	0.0723	1.0705	0.5899	0.4806	0.0000	0.0000	0.0000	0.0000	0.0000	0.0009	0.0000	0.0000	0.0000	0.7611	0.8171	0.6354	0.6369	0.6816	0.2349	0.8450	0.9666	0.6957
66	108	0.1735	4	0	1	0	0	0	0	0	0	N	N	N	N	N	N	N	N	N	N	N	N	0.0000	0.0000	0.0000	0.0003	0.0002	0.0015	0.0000	0.0000	0.0000	0.0000	0.0000	0.0000	0.0002	0.0002	0.0004	0.0000	0.0000	0.0000	0.6801	0.6330	0.7766	0.6820	0.7188	0.2726	0.6792	0.5618	0.8224	0.4498	0.5996	0.0000	-0.1593	1.0110	5.3278	12.5479	31.5322	0.0000	0.0000	0.0000	0.0000	0.0000	0.0000	0.0000	0.0000	0.0000	1.0893	0.6810	0.4083	0.3626	0.3507	0.0119	0.7267	0.3303	0.3964	0.0847	0.0733	0.0114	0.0028	0.0027	0.0001	0.0819	0.0706	0.0113	1.6017	1.0759	0.5258	0.5317	0.4879	0.0438	1.0700	0.5880	0.4820	0.0000	0.0000	0.0000	0.0003	0.0002	0.0015	0.0000	0.0000	0.0000	0.6801	0.6330	0.7766	0.6820	0.7188	0.2726	0.6792	0.5618	0.8224
66	109	0.1735	4	0	1	0	0	0	0	0	0	N	N	N	N	N	N	N	N	N	N	N	N	0.0000	0.0000	0.0000	0.0001	0.0000	0.0015	0.0000	0.0000	0.0000	0.0000	0.0000	0.0000	0.0000	0.0000	0.0003	0.0000	0.0000	0.0000	1.6426	0.9398	3.0650	0.1140	0.1075	0.1856	2.3791	1.6071	3.3241	inf	1.6115	0.0000	0.2577	1.0110	7.7801	12.5479	32.2209	0.0000	0.0000	0.0000	0.0000	0.0000	0.0000	0.0000	0.0000	0.0000	2.6842	1.0278	1.6564	0.0606	0.0523	0.0083	2.6236	0.9755	1.6481	0.1184	0.1026	0.0158	0.0032	0.0031	0.0001	0.1152	0.0995	0.0157	1.6341	1.0937	0.5404	0.5313	0.4867	0.0446	1.1028	0.6070	0.4958	0.0000	0.0000	0.0000	0.0001	0.0000	0.0015	0.0000	0.0000	0.0000	1.6426	0.9398	3.0650	0.1140	0.1075	0.1856	2.3791	1.6071	3.3241
66	110	0.0867	3	0	1	0	0	0	0	0	0	N	N	N	N	N	N	N	N	N	N	N	N	0.0000	0.0000	0.0000	0.0011	0.0012	0.0003	0.0000	0.0000	0.0000	0.0000	0.0000	0.0000	0.0004	0.0004	0.0002	0.0000	0.0000	0.0000	0.4508	0.1702	0.9033	0.3452	0.3311	0.5796	0.4754	0.1051	0.9126	0.9493	3.2896	0.0000	0.1255	1.0110	6.4159	12.5479	23.0802	0.0000	0.0000	0.0000	0.0000	0.0000	0.0000	0.0000	0.0000	0.0000	0.5106	0.1190	0.3916	0.0738	0.0667	0.0070	0.4369	0.0523	0.3846	0.0976	0.0844	0.0132	0.0007	0.0007	0.0000	0.0969	0.0837	0.0132	1.1327	0.6992	0.4335	0.2137	0.2016	0.0121	0.9190	0.4976	0.4214	0.0000	0.0000	0.0000	0.0011	0.0012	0.0003	0.0000	0.0000	0.0000	0.4508	0.1702	0.9033	0.3452	0.3311	0.5796	0.4754	0.1051	0.9126
67	69	0.3931	7	1	0	1	0	0	0	0	0	N	N	N	N	N	N	N	N	N	N	N	N	0.0000	0.0000	0.0000	0.0000	0.0000	0.0000	0.0000	0.0000	0.0000	0.0000	0.0000	0.0000	0.0000	0.0000	0.0000	0.0000	0.0000	0.0000	0.0034	0.0018	0.0070	0.0062	0.0028	0.0490	0.0008	0.0000	0.0015	1.7491	0.0000	0.0000	0.9784	0.0000	1.5217	4.9600	0.0000	0.0000	0.0000	0.0000	0.0000	0.0000	0.0000	0.0000	0.0000	0.0003	0.0001	0.0002	0.0003	0.0001	0.0002	0.0000	0.0000	0.0000	0.0000	0.0000	0.0000	0.0000	0.0000	0.0000	0.0000	0.0000	0.0000	0.0978	0.0680	0.0298	0.0465	0.0431	0.0035	0.0512	0.0249	0.0263	0.0000	0.0000	0.0000	0.0000	0.0000	0.0000	0.0000	0.0000	0.0000	0.0034	0.0018	0.0070	0.0062	0.0028	0.0490	0.0008	0.0000	0.0015	
67	71	0.4066	9	0	0	1	0	0	0	0	0	N	N	N	N	N	N	N	N	N	N	N	N	0.0000	0.0000	0.0000	0.0000	0.0000	0.0000	0.0000	0.0000	0.0000	0.0000	0.0000	0.0000	0.0000	0.0000	0.0000	0.0000	0.0000	0.0000	0.0007	0.0008	0.0006	0.0016	0.0014	0.0048	0.0001	0.0000	0.0003	0.3500	0.0000	-0.0000	0.9784	1.0000	1.5217	0.0055	0.0000	0.0000	0.0000	0.0000	0.0000	0.0000	0.0000	0.0000	0.0000	0.0000	0.0000	0.0000	0.0000	0.0000	0.0000	0.0000	0.0000	0.0000	0.0086	0.0075	0.0011	0.0011	0.0010	0.0001	0.0075	0.0065	0.0010	0.0099	0.0067	0.0032	0.0039	0.0037	0.0002	0.0060	0.0030	0.0030	0.0000	0.0000	0.0000	0.0000	0.0000	0.0000	0.0000	0.0000	0.0000	0.0007	0.0008	0.0006	0.0016	0.0014	0.0048	0.0001	0.0000	0.0003	
67	72	0.3999	8	0	0	1	0	0	0	0	0	N	N	N	N	N	N	N	N	N	N	N	N	0.0000	0.0000	0.0000	0.0000	0.0000	0.0000	0.0000	0.0000	0.0000	0.0000	0.0000	0.0000	0.0000	0.0000	0.0000	0.0000	0.0000	0.0000	0.0241	0.0235	0.0253	0.0516	0.0416	0.2150	0.0055	0.0001	0.0107	0.5197	0.0000	-0.0000	0.9784	0.0000	1.5217	1.0265	0.0000	0.0000	0.0000	0.0000	0.0000	0.0000	0.0000	0.0000	0.0000	0.0003	0.0002	0.0001	0.0002	0.0002	0.0001	0.0000	0.0000	0.0000	0.0000	0.0000	0.0000	0.0000	0.0000	0.0000	0.0000	0.0000	0.0000	0.0108	0.0073	0.0035	0.0044	0.0041	0.0003	0.0065	0.0032	0.0033	0.0000	0.0000	0.0000	0.0000	0.0000	0.0000	0.0000	0.0000	0.0000	0.0241	0.0235	0.0253	0.0516	0.0416	0.2150	0.0055	0.0001	0.0107	
67	73	0.3945	7	0	0	0	0	0	0	0	0	N	N	N	N	N	N	N	N	N	N	N	N	0.0000	0.0000	0.0000	0.0000	0.0000	0.0000	0.0000	0.0000	0.0000	0.0000	0.0000	0.0000	0.0000	0.0000	0.0000	0.0000	0.0000	0.0000	0.0186	0.0173	0.0217	0.0266	0.0240	0.0394	0.0067	0.0004	0.0128	0.5460	0.0000	-0.0007	0.9784	0.0000	1.5217	1.0321	0.0000	0.0000	0.0000	0.0000	0.0000	0.0000	0.0000	0.0000	0.0000	0.0044	0.0029	0.0016	0.0038	0.0028	0.0009	0.0006	0.0000	0.0006	0.0035	0.0034	0.0001	0.0018	0.0018	0.0000	0.0018	0.0016	0.0001	0.2377	0.1656	0.0721	0.1422	0.1183	0.0239	0.0955	0.0473	0.0482	0.0000	0.0000	0.0000	0.0000	0.0000	0.0000	0.0000	0.0000	0.0000	0.0186	0.0173	0.0217	0.0266	0.0240	0.0394	0.0067	0.0004	0.0128	
67	74	0.3717	6	0	0	0	0	0	0	0	0	N	N	N	N	N	N	N	N	N	N	N	N	0.0002	0.0001	0.0010	0.0008	0.0006	0.0152	0.0001	0.0001	0.0004	0.0001	0.0001	0.0003	0.0008	0.0006	0.0097	0.0000	0.0000	0.0001	0.6039	0.7896	0.2680	1.0185	1.0403	0.6416	0.2255	0.2032	0.2385	0.5321	0.1876	0.0000	-0.0865	0.9784	0.5629	1.5217	8.5245	0.0000	0.0000	0.0000	0.0000	0.0000	0.0000	0.0000	0.0000	0.0000	0.2383	0.2007	0.0376	0.1918	0.1852	0.0066	0.0465	0.0155	0.0310	0.0097	0.0084	0.0013	0.0009	0.0009	0.0000	0.0088	0.0076	0.0012	0.3946	0.2541	0.1405	0.1883	0.1780	0.0103	0.2063	0.0761	0.1302	0.0002	0.0001	0.0010	0.0008	0.0006	0.0152	0.0001	0.0001	0.0004	0.6039	0.7896	0.2680	1.0185	1.0403	0.6416	0.2255	0.2032	0.2385
67	75	0.4314	9	0	1	0	0	0	0	0	0	N	N	N	N	N	N	N	N	N	N	N	N	0.0000	0.0000	0.0000	0.0000	0.0000	0.0000	0.0000	0.0000	0.0000	0.0000	0.0000	0.0000	0.0000	0.0000	0.0000	0.0000	0.0000	0.0000	0.0252	0.0312	0.0131	0.0421	0.0453	0.0067	0.0082	0.0000	0.0141	0.2093	0.0000	-0.0011	0.9784	1.9994	1.5217	4.0943	0.0000	0.0000	0.0000	0.0000	0.0000	0.0000	0.0000	0.0000	0.0000	0.0031	0.0026	0.0005	0.0026	0.0026	0.0000	0.0005	0.0000	0.0005	0.0172	0.0150	0.0021	0.0015	0.0015	0.0001	0.0156	0.0136	0.0020	0.1225	0.0819	0.0406	0.0614	0.0563	0.0051	0.0611	0.0256	0.0356	0.0000	0.0000	0.0000	0.0000	0.0000	0.0000	0.0000	0.0000	0.0000	0.0252	0.0312	0.0131	0.0421	0.0453	0.0067	0.0082	0.0000	0.0141	
67	76	0.4252	8	0	0	0	0	0	0	0	0	N	N	N	N	N	N	N	N	N	N	N	N	0.0000	0.0000	0.0000	0.0000	0.0000	0.0000	0.0000	0.0000	0.0000	0.0000	0.0000	0.0000	0.0000	0.0000	0.0000	0.0000	0.0000	0.0000	0.5940	0.5509	0.6657	0.6717	0.6856	0.4774	0.5132	0.1212	0.6846	0.7255	0.0000	-0.0055	0.9784	0.0011	1.5217	2.7207	0.0000	0.0000	0.0000	0.0000	0.0000	0.0000	0.0000	0.0000	0.0000	0.0547	0.0317	0.0230	0.0316	0.0301	0.0015	0.0232	0.0017	0.0215	0.0000	0.0000	0.0000	0.0000	0.0000	0.0000	0.0000	0.0000	0.0000	0.0921	0.0576	0.0346	0.0470	0.0438	0.0032	0.0452	0.0137	0.0314	0.0000	0.0000	0.0000	0.0000	0.0000	0.0000	0.0000	0.0000	0.0000	0.5940	0.5509	0.6657	0.6717	0.6856	0.4774	0.5132	0.1212	0.6846	
67	77	0.3931	7	0	0	0	0	0	0	0	0	N	N	N	N	N	N	N	N	N	N	N	N	0.0000	0.0000	0.0000	0.0000	0.0000	0.0000	0.0000	0.0000	0.0000	0.0000	0.0000	0.0000	0.0000	0.0000	0.0000	0.0000	0.0000	0.0000	5.4160	5.6194	4.9561	8.2097	8.8126	0.7848	2.8971	0.1214	5.5058	0.3900	0.0000	-0.2354	0.9784	0.0001	1.5217	10.0074	0.0000	0.0000	0.0000	0.0000	0.0000	0.0000	0.0000	0.0000	0.0000	0.9788	0.7042	0.2746	0.7035	0.6986	0.0049	0.2753	0.0056	0.2697	0.0086	0.0083	0.0003	0.0043	0.0043	0.0000	0.0043	0.0040	0.0003	0.1807	0.1253	0.0554	0.0857	0.0793	0.0064	0.0950	0.0460	0.0490	0.0000	0.0000	0.0000	0.0000	0.0000	0.0000	0.0000	0.0000	0.0000	5.4160	5.6194	4.9561	8.2097	8.8126	0.7586	2.8971	0.1214	5.5058	
67	78	0.4132	8	1	0	1	0	0	0	0	0	N	N	N	N	N	N	N	N	N	N	N	N	3.8545	4.4378	0.0000	5.8672	5.9792	0.0000	0.1679	0.2249	0.0000	0.0007	0.0007	0.0000	0.0009	0.0009	0.0000	0.0000	0.0000	0.0000	0.0002	0.0002	0.0002	0.0002	0.0002	0.0001	0.0002	0.0002	0.0002	0.0000	0.5125	-0.0000	-0.0000	0.9784	1.6246	1.5217	0.0115	0.0000	0.0000	0.0000	0.0000	0.0000	0.0000	0.0000	0.0000	0.0000	0.0000	0.0000	0.0000	0.0000	0.0000	0.0000	0.0000	0.0000	0.0000	0.0475	0.0440	0.0035	0.0345	0.0326	0.0019	0.0130	0.0114	0.0017	0.0278	0.0196	0.0082	0.0153	0.0140	0.0013	0.0125	0.0056	0.0069	3.8545	4.4378	0.0000	5.8672	5.9792	0.0000	0.1679	0.2249	0.0000	0.0002	0.0002	0.0002	0.0002	0.0002	0.0001	0.0002	0.0002	0.0002
67	79	0.3931	7	1	0	1	0	0	0	0	0	N	N	N	N	N	N	N	N	N	N	N	N	0.0366	0.0745	0.0001	0.3920	0.3816	0.0000	0.0172	0.0321	0.0000	0.0006	0.0007	0.0000	0.0018	0.0018	0.0000	0.0005	0.0005	0.0000	0.0164	0.0092	0.0327	0.0045	0.0048	0.0001	0.0272	0.0168	0.0370	0.0003	1.5679	-0.0000	0.0003	0.9784	8.1927	1.5217	3.9952	0.0001	0.0001	0.0000	0.0000	0.0000	0.0000	0.0001	0.0001	0.0000	0.0035	0.0014	0.0021	0.0005	0.0004	0.0000	0.0030	0.0009	0.0021	0.1236	0.1082	0.0154	0.0130	0.0124	0.0006	0.1106	0.0958	0.0148	0.2123	0.1471	0.0652	0.1006	0.0930	0.0075	0.1117	0.0541	0.0576	0.0366	0.0745	0.0001	0.3920	0.3816	0.0000	0.0172	0.0321	0.0000	0.0164	0.0092	0.0327	0.0045	0.0048	0.0001	0.0272	0.0168	0.0370
67	80	0.3931	7	0	1	0	1	0	0	0	0	N	N	N	N	N	N	N	N	N	N	N	N	0.0034	0.0034	0.0087	0.0106	0.0076	0.0716	0.0000	0.0000	0.0000	0.0008	0.0004	0.0037	0.0029	0.0016	0.1083	0.0000	0.0000	0.0000	0.2227	0.1320	0.4273	0.2718	0.2048	1.5120	0.1787	0.0074	0.3399	0.8731	1.4366	0.0000	0.0044	0.9784	0.7962	1.5217	19.0091	0.0000	0.0000	0.0000	0.0000	0.0000	0.0000	0.0000	0.0000	0.0000	0.0640	0.0263	0.0377	0.0369	0.0257	0.0112	0.0271	0.0005	0.0265	0.0198	0.0180	0.0019	0.0052	0.0051	0.0001	0.0147	0.0129	0.0018	0.2874	0.1991	0.0883	0.1358	0.1256	0.0102	0.1516	0.0735	0.0781	0.0034	0.0034	0.0087	0.0106	0.0076	0.0989	0.0000	0.0000	0.0000	0.2227	0.1320	0.4273	0.2718	0.2048	1.0953	0.1787	0.0074	0.3399
67	81	0.3931	7	0	1	0	0	0	0	0	0	N	N	N	N	N	N	N	N	N	N	N	N	0.0002	0.0001	0.0013	0.0006	0.0003	0.1079	0.0000	0.0000	0.0000	0.0008	0.0004	0.0037	0.0029	0.0016	0.1083	0.0000	0.0000	0.0000	3.2734	3.4716	2.8272	5.0550	5.3928	1.0042	1.6827	0.2047	3.0769	0.8731	0.3617	0.0000	-0.2950	0.9784	0.7962	1.5217	25.3140	0.0000	0.0000	0.0000	0.0000	0.0000	0.0000	0.0000	0.0000	0.0000	1.1548	0.8481	0.3067	0.8412	0.8296	0.0116	0.3136	0.0185	0.2951	0.0198	0.0180	0.0019	0.0052	0.0051	0.0001	0.0147	0.0129	0.0018	0.3528	0.2443	0.1085	0.1664	0.1538	0.0126	0.1864	0.0905	0.0959	0.0002	0.0001	0.0013	0.0006	0.0003	0.1173	0.0000	0.0000	0.0000	3.2734	3.4716	2.8272	5.0550	5.3928	0.9232	1.6827	0.2047	3.0769
67	82	0.3931	7	0	1	0	0	0	0	0	0	N	N	N	N	N	N	N	N	N	N	N	N	0.0024	0.0002	0.0227	0.0009	0.0006	0.0499	0.0051	0.0000	0.0210	0.0070	0.0006	0.0582	0.0040	0.0030	0.0498	0.0077	0.0000	0.0585	2.8855	3.0283	2.5640	4.4462	4.7405	0.9968	1.4942	0.1241	2.7885	12.0801	0.3761	0.0002	-0.2701	0.9784	1.7961	1.5217	27.0091	0.0002	0.0000	0.0002	0.0000	0.0000	0.0000	0.0002	0.0000	0.0002	1.0902	0.7923	0.2979	0.7917	0.7802	0.0115	0.2985	0.0120	0.2864	0.0336	0.0298	0.0037	0.0062	0.0061	0.0001	0.0274	0.0238	0.0036	0.3778	0.2616	0.1162	0.1781	0.1646	0.0135	0.1997	0.0970	0.1027	0.0024	0.0002	0.0227	0.0009	0.0006	0.0582	0.0051	0.0000	0.0210	2.8855	3.0283	2.5640	4.4462	4.7405	0.8546	1.4942	0.1241	2.7885
67	83	0.3379	6	0	0	0	0	0	0	0	0	N	N	N	N	N	N	N	N	N	N	N	N	0.0000	0.0000	0.0000	0.0001	0.0001	0.0001	0.0000	0.0000	0.0000	0.0000	0.0000	0.0000	0.0001	0.0001	0.0000	0.0000	0.0000	0.0000	0.6513	0.8671	0.1291	0.7570	0.8172	0.1828	0.5609	0.9388	0.1196	0.1132	0.0615	0.0000	-0.1864	0.9784	10.0679	1.5217	33.8159	0.0000	0.0000	0.0000	0.0000	0.0000	0.0000	0.0000	0.0000	0.0000	0.4025	0.3791	0.0233	0.2156	0.2107	0.0049	0.1868	0.1684	0.0184	0.1381	0.1201	0.0180	0.0069	0.0065	0.0004	0.1312	0.1136	0.0176	0.6179	0.4372	0.1807	0.2849	0.2578	0.0270	0.3331	0.1794	0.1536	0.0000	0.0000	0.0000	0.0001	0.0001	0.0001	0.0000	0.0000	0.0000	0.6513	0.8671	0.1291	0.7570	0.8172	0.1828	0.5609	0.9388	0.1196
67	84	0.3103	5	0	0	0	0	0	0	0	0	N	N	N	N	N	N	N	N	N	N	N	N	0.0001	0.0000	0.0007	0.0003	0.0003	0.0005	0.0002	0.0000	0.0008	0.0000	0.0000	0.0002	0.0001	0.0001	0.0002	0.0000	0.0000	0.0002	0.3405	0.3538	0.3129	0.4812	0.4872	0.4179	0.2045	0.0901	0.2970	2.3578	0.4229	0.0000	-0.0388	0.9784	0.9441	1.5217	14.0836	0.0000	0.0000	0.0000	0.0000	0.0000	0.0000	0.0000	0.0000	0.0000	0.1734	0.1219	0.0515	0.1205	0.1114	0.0090	0.0529	0.0104	0.0425	0.0160	0.0138	0.0022	0.0014	0.0014	0.0000	0.0146	0.0124	0.0021	0.5092	0.3445	0.1647	0.2504	0.2287	0.0216	0.2588	0.1157	0.1431	0.0001	0.0000	0.0007	0.0003	0.0003	0.0005	0.0002	0.0000	0.0008	0.3405	0.3538	0.3129	0.4812	0.4872	0.4179	0.2045	0.0901	0.2970
67	85	0.3834	6	0	0	0	0	0	0	0	0	N	N	N	N	N	N	N	N	N	N	N	N	0.0002	0.0002	0.0000	0.0013	0.0013	0.0001	0.0001	0.0004	0.0000	0.0001	0.0001	0.0000	0.0008	0.0008	0.0001	0.0000	0.0000	0.0000	0.5044	0.4617	0.6108	0.6258	0.6129	0.7090	0.3423	0.1385	0.5734	0.0226	0.5303	-0.0000	-0.0683	0.9784	15.0008	1.5217	28.2980	0.0000	0.0000	0.0000	0.0000	0.0000	0.0000	0.0000	0.0000	0.0000	0.3915	0.2558	0.1357	0.2777	0.2314	0.0463	0.1138	0.0245	0.0894	0.2259	0.1980	0.0279	0.0137	0.0132	0.0006	0.2121	0.1848	0.0273	0.7762	0.5541	0.2221	0.4438	0.3775	0.0663	0.3324	0.1766	0.1558	0.0002	0.0002	0.0000	0.0013	0.0013	0.0001	0.0001	0.0004	0.0000	0.5044	0.4617	0.6108	0.6258	0.6129	0.6988	0.3423	0.1385	0.5734
67	86	0.3834	6	0	0	0	0	0	0	0	0	N	N	N	N	N	N	N	N	N	N	N	N	0.0003	0.0002	0.0007	0.0016	0.0016	0.0035	0.0002	0.0000	0.0008	0.0001	0.0001	0.0004	0.0007	0.0006	0.0023	0.0000	0.0000	0.0003	0.3517	0.2798	0.5239	0.4210	0.3752	0.6712	0.2508	0.0485	0.4580	0.9479	0.7818	0.0000	-0.0231	0.9784	10.8154	1.5217	27.4443	0.0000	0.0000	0.0000	0.0000	0.0000	0.0000	0.0000	0.0000	0.0000	0.2807	0.1575	0.1232	0.1992	0.1496	0.0497	0.0815	0.0080	0.0735	0.1346	0.1170	0.0176	0.0122	0.0119	0.0004	0.1224	0.1052	0.0172	0.7981	0.5630	0.2351	0.4732	0.3986	0.0746	0.3250	0.1644	0.1605	0.0003	0.0002	0.0007	0.0016	0.0016	0.0035	0.0002	0.0000	0.0008	0.3517	0.2798	0.5239	0.4210	0.3752	0.6659	0.2508	0.0485	0.4580
67	87	0.3356	5	0	0	0	0	0	0	0	0	N	N	N	N	N	N	N	N	N	N	N	N	0.0003	0.0002	0.0010	0.0007	0.0006	0.0020	0.0002	0.0001	0.0010	0.0002	0.0001	0.0006	0.0004	0.0004	0.0012	0.0001	0.0000	0.0006	0.5137	0.4833	0.5852	0.5554	0.5459	0.6081	0.4507	0.3182	0.5749	0.7140	0.5149	0.0000	-0.0957	0.9784	2.7608	1.5217	22.4044	0.0000	0.0000	0.0000	0.0000	0.0000	0.0000	0.0000	0.0000	0.0000	0.5284	0.3488	0.1796	0.3435	0.2856	0.0579	0.1849	0.0632	0.1217	0.0775	0.0682	0.0094	0.0201	0.0198	0.0004	0.0574	0.0484	0.0090	1.0286	0.7217	0.3069	0.6184	0.5232	0.0952	0.4102	0.1985	0.2117	0.0003	0.0002	0.0010	0.0007	0.0006	0.0020	0.0002	0.0001	0.0010	0.5137	0.4833	0.5852	0.5554	0.5459	0.6081	0.4507	0.3182	0.5749
67	88	0.2057	4	0	0	0	0	0	0	0	0	N	N	N	N	N	N	N	N	N	N	N	N	0.0058	0.0060	0.0057	0.0107	0.0083	0.0987	0.0068	0.0113	0.0043	0.0036	0.0036	0.0039	0.0084	0.0066	0.0622	0.0033	0.0034	0.0030	0.6244	0.6005	0.6806	0.7821	0.7983	0.6304	0.4845	0.2977	0.6895	0.1626	0.4810	0.0000	-0.1031	0.9784	8.8820	1.5217	49.9570	0.0005	0.0004	0.0001	0.0001	0.0001	0.0000	0.0004	0.0004	0.0001	0.5252	0.3547	0.1706	0.3092	0.2852	0.0240	0.2161	0.0695	0.1466	0.1370	0.1192	0.0178	0.0088	0.0085	0.0003	0.1282	0.1107	0.0175	0.8413	0.5906	0.2507	0.3953	0.3573	0.0380	0.4460	0.2333	0.2127	0.0058	0.0060	0.0057	0.0107	0.0083	0.0987	0.0068	0.0113	0.0043	0.6244	0.6005	0.6806	0.7821	0.7983	0.6304	0.4845	0.2977	0.6895
67	89	0.3931	7	1	1	0	1	0	0	0	0	N	N	N	N	N	N	N	N	N	N	N	N	0.0005	0.0004	0.0016	0.0019	0.0010	0.1201	0.0000	0.0000	0.0000	0.0008	0.0004	0.0037	0.0029	0.0016	0.1083	0.0000	0.0000	0.0000	1.4260	1.0340	2.3099	1.5395	1.6005	0.9022	1.3242	0.0636	2.5090	0.8731	0.9908	0.0000	-0.0088	0.9784	0.7962	1.5217	16.9291	0.0000	0.0000	0.0000	0.0000	0.0000	0.0000	0.0000	0.0000	0.0000	0.3758	0.1888	0.1870	0.1919	0.1845	0.0074	0.1839	0.0043	0.1796	0.0198	0.0180	0.0019	0.0052	0.0051	0.0001	0.0147	0.0129	0.0018	0.2635	0.1826	0.0810	0.1246	0.1153	0.0094	0.1389	0.0673	0.0716	0.0005	0.0004	0.0016	0.0019	0.0010	0.1374	0.0000	0.0000	0.0000	1.4260	1.0340	2.3099	1.5395	1.6005	0.7885	1.3242	0.0636	2.5090
67	90	0.4651	12	0	1	0	1	0	0	0	0	N	N	N	N	N	N	N	N	N	N	N	N	0.0000	0.0000	0.0000	0.0000	0.0000	0.0000	0.0000	0.0000	0.0000	0.0000	0.0000	0.0000	0.0000	0.0000	0.0000	0.0000	0.0000	0.0000	0.0000	0.0000	0.9784	0.0000	1.5217	0.0000	0.0000	0.0000	0.0000	0.0000	0.0000	0.0000	0.0000	0.0000	0.0000	0.0000	0.0000	0.0000	0.0000	0.0000	0.0000	0.0000	0.0000	0.0000	0.0000	0.0000	0.0000	0.0000	0.0000	0.0000	0.0000	0.0000	0.0000	0.0000	0.0000	0.0000	0.0000	0.0000	0.0000	0.0000	0.0000	0.0000	0.0000	0.0000	0.0000	0.0000	0.0000	0.0000	0.0000	0.0000	0.0000	0.0000	0.0000	0.0000	0.0000	0.0000	0.0000	0.0000	0.0000	0.0000											
67	91	0.4544	11	0	1	0	1	0	0	0	0	N	N	N	N	N	N	N	N	N	N	N	N	0.0000	0.0000	0.0000	0.0000	0.0000	0.0000	0.0000	0.0000	0.0000	0.0000	0.0000	0.0000	0.0000	0.0000	0.0000	0.0000	0.0000	0.0000	0.0000	0.0000	0.9784	1.0000	1.5217	3.0000	0.0000	0.0000	0.0000	0.0000	0.0000	0.0000	0.0000	0.0000	0.0000	0.0000	0.0000	0.0000	0.0000	0.0000	0.0000	0.0000	0.0000	0.0000	0.0137	0.0123	0.0015	0.0060	0.0055	0.0005	0.0078	0.0067	0.0010	0.0595	0.0431	0.0164	0.0339	0.0309	0.0030	0.0256	0.0122	0.0134	0.0000	0.0000	0.0000	0.0000	0.0000	0.0000	0.0000	0.0000	0.0000	0.0000	0.0000	0.0000	0.0000	0.0000	0.0000	0.0000	0.0000	0.0000											
67	92	0.4478	9	0	1	0	0	0	0	0	0	N	N	N	N	N	N	N	N	N	N	N	N	0.0000	0.0000	0.0000	0.0000	0.0000	0.0000	0.0000	0.0000	0.0000	0.0000	0.0000	0.0000	0.0000	0.0000	0.0000	0.0000	0.0000	0.0000	0.0000	0.0000	0.9784	0.0000	1.5217	0.0000	0.0000	0.0000	0.0000	0.0000	0.0000	0.0000	0.0000	0.0000	0.0000	0.0000	0.0000	0.0000	0.0000	0.0000	0.0000	0.0000	0.0000	0.0000	0.0000	0.0000	0.0000	0.0000	0.0000	0.0000	0.0000	0.0000	0.0000	0.0000	0.0000	0.0000	0.0000	0.0000	0.0000	0.0000	0.0000	0.0000	0.0000	0.0000	0.0000	0.0000	0.0000	0.0000	0.0000	0.0000	0.0000	0.0000	0.0000	0.0000	0.0000	0.0000	0.0000	0.0000	0.0000	0.0000											
67	93	0.4544	11	0	0	1	1	0	0	0	0	N	N	N	N	N	N	N	N	N	N	N	N	0.0000	0.0000	0.0000	0.0000	0.0000	0.0000	0.0000	0.0000	0.0000	0.0000	0.0000	0.0000	0.0000	0.0000	0.0000	0.0000	0.0000	0.0000	0.0000	0.0000	0.9784	0.0000	1.5217	0.0000	0.0000	0.0000	0.0000	0.0000	0.0000	0.0000	0.0000	0.0000	0.0000	0.0000	0.0000	0.0000	0.0000	0.0000	0.0000	0.0000	0.0000	0.0000	0.0000	0.0000	0.0000	0.0000	0.0000	0.0000	0.0000	0.0000	0.0000	0.0000	0.0000	0.0000	0.0000	0.0000	0.0000	0.0000	0.0000	0.0000	0.0000	0.0000	0.0000	0.0000	0.0000	0.0000	0.0000	0.0000	0.0000	0.0000	0.0000	0.0000	0.0000	0.0000	0.0000	0.0000	0.0000	0.0000											
67	94	0.4517	10	0	0	0	1	0	0	0	0	N	N	N	N	N	N	N	N	N	N	N	N	0.0000	0.0000	0.0000	0.0000	0.0000	0.0000	0.0000	0.0000	0.0000	0.0000	0.0000	0.0000	0.0000	0.0000	0.0000	0.0000	0.0050	0.0022	0.0122	0.0028	0.0031	0.0000	0.0079	0.0000	0.0149	2.1220	0.0000	0.0000	0.9784	1.0000	1.5217	0.0097	0.0000	0.0000	0.0000	0.0000	0.0000	0.0000	0.0000	0.0000	0.0000	0.0001	0.0000	0.0001	0.0000	0.0000	0.0000	0.0001	0.0000	0.0001	0.0137	0.0123	0.0015	0.0060	0.0055	0.0005	0.0078	0.0067	0.0010	0.0159	0.0115	0.0044	0.0091	0.0083	0.0008	0.0069	0.0032	0.0037	0.0000	0.0000	0.0000	0.0000	0.0000	0.0000	0.0000	0.0000	0.0000	0.0050	0.0022	0.0122	0.0028	0.0031	0.0000	0.0079	0.0000	0.0149			
67	95	0.4517	10	0	0	1	1	0	0	0	0	N	N	N	N	N	N	N	N	N	N	N	N	0.0000	0.0000	0.0000	0.0000	0.0000	0.0000	0.0000	0.0000	0.0000	0.0000	0.0000	0.0000	0.0000	0.0000	0.0000	0.0000	0.0000	0.0000	0.1157	0.0107	0.3889	0.0089	0.0097	0.0000	0.2568	0.0133	0.4747	13.9150	0.0000	0.0035	0.9784	2.0000	1.5217	3.0050	0.0000	0.0000	0.0000	0.0000	0.0000	0.0000	0.0000	0.0000	0.0000	0.0085	0.0006	0.0080	0.0004	0.0004	0.0000	0.0082	0.0002	0.0080	0.0271	0.0242	0.0029	0.0118	0.0109	0.0009	0.0153	0.0133	0.0020	0.0738	0.0533	0.0205	0.0420	0.0383	0.0037	0.0318	0.0150	0.0168	0.0000	0.0000	0.0000	0.0000	0.0000	0.0000	0.0000	0.0000	0.0000	0.1157	0.0107	0.3889	0.0089	0.0097	0.0000	0.2568	0.0133	0.4747	
67	96	0.4517	10	0	0	1	1	0	0	0	0	N	N	N	N	N	N	N	N	N	N	N	N	0.0000	0.0000	0.0000	0.0000	0.0000	0.0000	0.0000	0.0000	0.0000	0.0000	0.0000	0.0000	0.0000	0.0000	0.0000	0.0000	0.0000	0.1218	0.1069	0.1606	0.1344	0.1474	0.0000	0.1053	0.0039	0.1960	0.5786	0.0000	-0.0019	0.9784	0.0000	1.5217	6.9903	0.0000	0.0000	0.0000	0.0000	0.0000	0.0000	0.0000	0.0000	0.0000	0.0122	0.0077	0.0045	0.0077	0.0077	0.0000	0.0046	0.0001	0.0045	0.0000	0.0000	0.0000	0.0000	0.0000	0.0000	0.0000	0.0000	0.0000	0.1003	0.0724	0.0279	0.0570	0.0520	0.0050	0.0433	0.0204	0.0228	0.0000	0.0000	0.0000	0.0000	0.0000	0.0000	0.0000	0.0000	0.0000	0.1218	0.1069	0.1606	0.1344	0.1474	0.0000	0.1053	0.0039	0.1960		
67	97	0.4461	9	0	0	0	1	0	0	0	0	N	N	N	N	N	N	N	N	N	N	N	N	0.0000	0.0000	0.0000	0.0000	0.0000	0.0000	0.0000	0.0000	0.0000	0.0000	0.0000	0.0000	0.0000	0.0000	0.0000	0.0000	0.0000	0.0000	0.0045	0.0040	0.0056	0.0040	0.0042	0.0020	0.0051	0.0036	0.0065	0.5400	0.0000	-0.0000	0.9784	0.9999	1.5217	1.0605	0.0000	0.0000	0.0000	0.0000	0.0000	0.0000	0.0000	0.0000	0.0000	0.0001	0.0001	0.0001	0.0001	0.0001	0.0000	0.0001	0.0000	0.0000	0.0158	0.0142	0.0016	0.0079	0.0073	0.0006	0.0079	0.0069	0.0010	0.0324	0.0234	0.0090	0.0185	0.0168	0.0017	0.0139	0.0066	0.0073	0.0000	0.0000	0.0000	0.0000	0.0000	0.0000	0.0000	0.0000	0.0000	0.0045	0.0040	0.0056	0.0040	0.0042	0.0020	0.0051	0.0036	0.0065	
67	98	0.4440	8	0	0	0	1	0	0	0	0	N	N	N	N	N	N	N	N	N	N	N	N	0.0145	0.0178	0.0000	0.0181	0.0191	0.0000	0.0107	0.0159	0.0000	0.0002	0.0002	0.0000	0.0002	0.0002	0.0000	0.0002	0.0002	0.0000	0.0148	0.0131	0.0192	0.0136	0.0131	0.0184	0.0164	0.0131	0.0194	0.0254	0.5587	-0.0000	-0.0000	0.9784	0.0012	1.5217	1.0414	0.0000	0.0000	0.0000	0.0000	0.0000	0.0000	0.0000	0.0000	0.0000	0.0003	0.0002	0.0001	0.0001	0.0001	0.0000	0.0001	0.0000	0.0001	0.0001	0.0001	0.0000	0.0000	0.0000	0.0000	0.0000	0.0000	0.0000	0.0174	0.0126	0.0048	0.0100	0.0091	0.0009	0.0074	0.0035	0.0039	0.0145	0.0178	0.0000	0.0181	0.0191	0.0000	0.0107	0.0159	0.0000	0.0148	0.0131	0.0192	0.0136	0.0131	0.0184	0.0164	0.0131	0.0194
67	99	0.3931	7	1	1	0	0	0	0	0	0	N	N	N	N	N	N	N	N	N	N	N	N	0.0003	0.0004	0.0000	0.0002	0.0002	0.0000	0.0003	0.0052	0.0000	0.0004	0.0005	0.0000	0.0004	0.0004	0.0000	0.0004	0.0005	0.0000	1.6125	1.2003	2.5431	1.7144	1.8414	0.1475	1.5207	0.0986	2.8566	0.0000	0.9383	-0.0000	-0.0128	0.9784	3.2042	1.5217	9.0918	0.0000	0.0000	0.0000	0.0000	0.0000	0.0000	0.0000	0.0000	0.0000	0.3464	0.1787	0.1677	0.1744	0.1733	0.0011	0.1720	0.0054	0.1666	0.0573	0.0504	0.0069	0.0080	0.0077	0.0003	0.0493	0.0426	0.0066	0.2148	0.1489	0.0659	0.1018	0.0941	0.0076	0.1131	0.0548	0.0583	0.0003	0.0004	0.0000	0.0002	0.0002	0.0000	0.0003	0.0052	0.0000	1.6125	1.2003	2.5431	1.7144	1.8414	0.1475	1.5207	0.0986	2.8566
67	100	0.3931	7	0	1	0	0	0	0	0	0	N	N	N	N	N	N	N	N	N	N	N	N	0.0004	0.0003	0.0012	0.0014	0.0007	0.0679	0.0000	0.0000	0.0000	0.0008	0.0004	0.0037	0.0029	0.0016	0.1083	0.0000	0.0000	0.0000	1.8933	1.3900	3.0311	2.0681	2.1458	1.5953	1.7356	0.0890	3.2828	0.8731	0.9646	0.0000	-0.0107	0.9784	0.7962	1.5217	10.9291	0.0000	0.0000	0.0000	0.0000	0.0000	0.0000	0.0000	0.0000	0.0000	0.3555	0.1809	0.1745	0.1841	0.1767	0.0074	0.1714	0.0043	0.1671	0.0198	0.0180	0.0019	0.0052	0.0051	0.0001	0.0147	0.0129	0.0018	0.1878	0.1302	0.0576	0.0890	0.0823	0.0067	0.0988	0.0478	0.0509	0.0004	0.0003	0.0012	0.0014	0.0007	0.0977	0.0000	0.0000	0.0000	1.8933	1.3900	3.0311	2.0681	2.1458	1.1085	1.7356	0.0890	3.2828
67	101	0.4509	10	1	1	0	0	0	0	0	0	N	N	N	N	N	N	N	N	N	N	N	N	0.0000	0.0000	0.0000	0.0000	0.0000	0.0000	0.0000	0.0000	0.0000	0.0000	0.0000	0.0000	0.0000	0.0000	0.0000	0.0000	0.0000	0.0016	0.0019	0.0008	0.0008	0.0009	0.0000	0.0026	0.0044	0.0010	0.1667	0.0000	-0.0000	0.9784	0.0000	1.5217	3.0000	0.0000	0.0000	0.0000	0.0000	0.0000	0.0000	0.0000	0.0000	0.0000	0.0001	0.0001	0.0000	0.0000	0.0000	0.0000	0.0000	0.0000	0.0000	0.0000	0.0000	0.0000	0.0000	0.0000	0.0000	0.0000	0.0000	0.0000	0.0446	0.0321	0.0125	0.0254	0.0231	0.0023	0.0192	0.0090	0.0102	0.0000	0.0000	0.0000	0.0000	0.0000	0.0000	0.0000	0.0000	0.0000	0.0016	0.0019	0.0008	0.0008	0.0009	0.0000	0.0026	0.0044	0.0010		
67	102	0.4478	9	1	1	0	0	0	0	0	0	N	N	N	N	N	N	N	N	N	N	N	N	0.0000	0.0000	0.0000	0.0000	0.0000	0.0000	0.0000	0.0000	0.0000	0.0000	0.0000	0.0000	0.0000	0.0000	0.0000	0.0000	0.0013	0.0009	0.0023	0.0011	0.0012	0.0000	0.0015	0.0000	0.0028	1.0000	0.0000	-0.0000	0.9784	0.0000	1.5217	1.0000	0.0000	0.0000	0.0000	0.0000	0.0000	0.0000	0.0000	0.0000	0.0000	0.0000	0.0000	0.0000	0.0000	0.0000	0.0000	0.0000	0.0000	0.0000	0.0000	0.0000	0.0000	0.0000	0.0000	0.0000	0.0000	0.0000	0.0000	0.0155	0.0112	0.0043	0.0088	0.0081	0.0008	0.0067	0.0031	0.0035	0.0000	0.0000	0.0000	0.0000	0.0000	0.0000	0.0000	0.0000	0.0000	0.0013	0.0009	0.0023	0.0011	0.0012	0.0000	0.0015	0.0000	0.0028			
67	103	0.4440	8	0	1	0	0	0	0	0	0	N	N	N	N	N	N	N	N	N	N	N	N	0.0139	0.0205	0.0000	0.0089	0.0103	0.0000	0.0186	0.0386	0.0000	0.0001	0.0002	0.0000	0.0001	0.0001	0.0000	0.0002	0.0003	0.0000	0.0099	0.0075	0.0163	0.0086	0.0078	0.0165	0.0117	0.0068	0.0162	0.0000	0.8258	-0.0000	-0.0000	0.9784	0.0006	1.5217	1.0534	0.0000	0.0000	0.0000	0.0000	0.0000	0.0000	0.0000	0.0000	0.0000	0.0002	0.0001	0.0001	0.0001	0.0001	0.0000	0.0001	0.0000	0.0001	0.0000	0.0000	0.0000	0.0000	0.0000	0.0000	0.0000	0.0000	0.0000	0.0176	0.0127	0.0049	0.0101	0.0092	0.0009	0.0075	0.0036	0.0039	0.0139	0.0205	0.0000	0.0089	0.0103	0.0000	0.0186	0.0386	0.0000	0.0099	0.0075	0.0163	0.0086	0.0078	0.0165	0.0117	0.0068	0.0162
67	104	0.3931	7	0	0	0	0	0	0	0	0	N	N	N	N	N	N	N	N	N	N	N	N	0.0005	0.0008	0.0000	0.0014	0.0014	0.0000	0.0004	0.0084	0.0000	0.0007	0.0008	0.0000	0.0019	0.0020	0.0000	0.0005	0.0006	0.0000	1.2689	0.9292	2.0345	1.3310	1.4301	0.1130	1.2131	0.0722	2.2860	0.0000	0.9714	-0.0000	-0.0101	0.9784	7.2034	1.5217	9.9858	0.0001	0.0001	0.0000	0.0000	0.0000	0.0000	0.0001	0.0001	0.0000	0.3552	0.1802	0.1750	0.1761	0.1750	0.0011	0.1791	0.0052	0.1739	0.1112	0.0973	0.0139	0.0121	0.0115	0.0006	0.0991	0.0858	0.0133	0.2800	0.1939	0.0860	0.1323	0.1224	0.0100	0.1476	0.0715	0.0761	0.0005	0.0008	0.0000	0.0014	0.0014	0.0000	0.0004	0.0084	0.0000	1.2689	0.9292	2.0345	1.3310	1.4301	0.1130	1.2131	0.0722	2.2860
67	105	0.3717	6	0	0	0	0	0	0	0	0	N	N	N	N	N	N	N	N	N	N	N	N	0.0009	0.0041	0.0000	0.0181	0.0179	0.0146	0.0003	0.0082	0.0000	0.0011	0.0013	0.0001	0.0068	0.0069	0.0021	0.0006	0.0007	0.0000	1.2448	0.3080	2.8691	0.3755	0.3886	0.1468	2.0786	0.0900	3.0816	0.0062	5.3717	-0.0000	0.1446	0.9784	0.7993	1.5217	5.3573	0.0000	0.0000	0.0000	0.0000	0.0000	0.0000	0.0000	0.0000	0.0000	0.4492	0.0705	0.3787	0.0663	0.0649	0.0014	0.3829	0.0056	0.3773	0.0133	0.0116	0.0017	0.0010	0.0010	0.0000	0.0123	0.0106	0.0017	0.3609	0.2289	0.1320	0.1767	0.1671	0.0096	0.1842	0.0618	0.1224	0.0009	0.0041	0.0000	0.0181	0.0179	0.0146	0.0003	0.0082	0.0000	1.2448	0.3080	2.8691	0.3755	0.3886	0.1468	2.0786	0.0900	3.0816
67	106	0.3103	5	0	0	0	0	0	0	0	0	N	N	N	N	N	N	N	N	N	N	N	N	0.0000	0.0001	0.0000	0.0003	0.0004	0.0000	0.0000	0.0002	0.0000	0.0000	0.0000	0.0000	0.0001	0.0001	0.0000	0.0000	0.0000	0.0000	0.4557	0.2212	0.9579	0.4019	0.3247	1.7698	0.5054	0.0334	0.9172	0.1549	2.0218	0.0000	0.0374	0.9784	4.1241	1.5217	16.2542	0.0000	0.0000	0.0000	0.0000	0.0000	0.0000	0.0000	0.0000	0.0000	0.2530	0.0837	0.1693	0.1072	0.0792	0.0279	0.1458	0.0045	0.1413	0.0620	0.0537	0.0083	0.0034	0.0033	0.0002	0.0585	0.0504	0.0082	0.5552	0.3785	0.1767	0.2666	0.2441	0.0226	0.2885	0.1344	0.1541	0.0000	0.0001	0.0000	0.0003	0.0004	0.0000	0.0000	0.0002	0.0000	0.4557	0.2212	0.9579	0.4019	0.3247	1.2360	0.5054	0.0334	0.9172
67	107	0.2057	4	0	0	0	0	0	0	0	0	N	N	N	N	N	N	N	N	N	N	N	N	0.0015	0.0022	0.0001	0.0182	0.0210	0.0002	0.0000	0.0000	0.0001	0.0005	0.0005	0.0000	0.0072	0.0075	0.0002	0.0000	0.0000	0.0000	0.3194	0.2494	0.4798	0.3979	0.3555	0.8416	0.2435	0.0652	0.4220	0.0071	0.8396	-0.0000	-0.0164	0.9784	8.6998	1.5217	27.8967	0.0001	0.0001	0.0000	0.0001	0.0001	0.0000	0.0000	0.0000	0.0000	0.2530	0.1375	0.1155	0.1549	0.1244	0.0305	0.0981	0.0132	0.0850	0.1347	0.1172	0.0175	0.0087	0.0084	0.0003	0.1260	0.1088	0.0173	0.7921	0.5514	0.2406	0.3892	0.3498	0.0393	0.4029	0.2016	0.2013	0.0015	0.0022	0.0001	0.0182	0.0210	0.0002	0.0000	0.0000	0.0001	0.3194	0.2494	0.4798	0.3979	0.3555	0.7755	0.2435	0.0652	0.4220
67	108	0.1234	3	0	0	0	0	0	0	0	0	N	N	N	N	N	N	N	N	N	N	N	N	0.0018	0.0023	0.0003	0.0422	0.0445	0.0228	0.0000	0.0000	0.0001	0.0007	0.0008	0.0001	0.0213	0.0214	0.0193	0.0000	0.0000	0.0001	0.3796	0.3343	0.4792	0.5055	0.4799	0.8445	0.2739	0.1098	0.4364	0.0294	0.6512	-0.0000	-0.0355	0.9784	5.3278	1.5217	31.5322	0.0001	0.0001	0.0000	0.0001	0.0001	0.0000	0.0000	0.0000	0.0000	0.2804	0.1698	0.1106	0.1704	0.1479	0.0225	0.1100	0.0219	0.0880	0.0820	0.0709	0.0110	0.0026	0.0025	0.0001	0.0794	0.0684	0.0110	0.7387	0.5080	0.2307	0.3371	0.3081	0.0290	0.4016	0.1999	0.2017	0.0018	0.0023	0.0003	0.0422	0.0445	0.0248	0.0000	0.0000	0.0001	0.3796	0.3343	0.4792	0.5055	0.4799	0.7774	0.2739	0.1098	0.4364
67	109	0.1234	3	0	0	0	0	0	0	0	0	N	N	N	N	N	N	N	N	N	N	N	N	0.0001	0.0000	0.0005	0.0018	0.0002	0.0574	0.0000	0.0000	0.0001	0.0000	0.0000	0.0002	0.0008	0.0001	0.0292	0.0000	0.0000	0.0000	0.2946	0.3005	0.2815	0.4682	0.4645	0.5086	0.1512	0.0538	0.2494	8.6360	0.4230	0.0000	-0.0495	0.9784	7.7801	1.5217	32.2209	0.0000	0.0000	0.0000	0.0000	0.0000	0.0000	0.0000	0.0000	0.0000	0.2212	0.1555	0.0658	0.1591	0.1443	0.0147	0.0622	0.0111	0.0510	0.1146	0.0993	0.0153	0.0029	0.0029	0.0001	0.1116	0.0964	0.0152	0.7509	0.5173	0.2336	0.3397	0.3108	0.0289	0.4112	0.2065	0.2047	0.0001	0.0000	0.0005	0.0018	0.0002	0.0574	0.0000	0.0000	0.0001	0.2946	0.3005	0.2815	0.4682	0.4645	0.5086	0.1512	0.0538	0.2494
67	110	0.0366	2	0	0	0	0	0	0	0	0	N	N	N	N	N	N	N	N	N	N	N	N	0.0003	0.0004	0.0003	0.0328	0.0337	0.0020	0.0001	0.0000	0.0003	0.0002	0.0002	0.0001	0.0262	0.0263	0.0022	0.0000	0.0000	0.0001	0.4883	0.4938	0.4778	0.7982	0.7828	1.1083	0.2747	0.0907	0.4336	0.1100	0.5054	0.0000	-0.0569	0.9784	6.4159	1.5217	23.0802	0.0000	0.0000	0.0000	0.0000	0.0000	0.0000	0.0000	0.0000	0.0000	0.3070	0.2039	0.1031	0.2048	0.1883	0.0165	0.1022	0.0157	0.0866	0.0944	0.0816	0.0128	0.0006	0.0005	0.0000	0.0939	0.0811	0.0128	0.6287	0.4130	0.2157	0.2565	0.2405	0.0160	0.3722	0.1725	0.1997	0.0003	0.0004	0.0003	0.0328	0.0337	0.0022	0.0001	0.0000	0.0003	0.4883	0.4938	0.4778	0.7982	0.7828	1.0278	0.2747	0.0907	0.4336
68	69	0.3867	6	1	0	1	0	0	0	0	0	N	N	N	N	N	N	N	N	N	N	N	N	0.0000	0.0000	0.0000	0.0000	0.0000	0.0000	0.0000	0.0000	0.0000	0.0000	0.0000	0.0000	0.0000	0.0000	0.0000	0.0000	0.0000	0.0000	0.0459	0.0033	0.1347	0.0745	0.0055	0.4484	0.0192	0.0000	0.0399	19.5150	0.0000	0.0041	1.0531	0.0000	9.0748	4.9600	0.0000	0.0000	0.0000	0.0000	0.0000	0.0000	0.0000	0.0000	0.0000	0.0094	0.0005	0.0090	0.0074	0.0005	0.0069	0.0020	0.0000	0.0020	0.0000	0.0000	0.0000	0.0000	0.0000	0.0000	0.0000	0.0000	0.0000	0.2053	0.1388	0.0665	0.0990	0.0835	0.0154	0.1063	0.0553	0.0510	0.0000	0.0000	0.0000	0.0000	0.0000	0.0000	0.0000	0.0000	0.0000	0.0459	0.0033	0.1347	0.0745	0.0055	0.4484	0.0192	0.0000	0.0399	
68	71	0.4002	8	0	0	1	0	0	0	0	0	N	N	N	N	N	N	N	N	N	N	N	N	0.0000	0.0000	0.0000	0.0000	0.0000	0.0000	0.0000	0.0000	0.0000	0.0000	0.0000	0.0000	0.0000	0.0000	0.0000	0.0000	0.0000	0.0000	0.0004	0.0003	0.0005	0.0007	0.0006	0.0012	0.0002	0.0000	0.0004	0.8462	0.0000	-0.0000	1.0531	1.0000	9.0748	0.0055	0.0000	0.0000	0.0000	0.0000	0.0000	0.0000	0.0000	0.0000	0.0000	0.0000	0.0000	0.0000	0.0000	0.0000	0.0000	0.0000	0.0000	0.0000	0.0097	0.0085	0.0012	0.0014	0.0013	0.0001	0.0083	0.0072	0.0012	0.0260	0.0173	0.0087	0.0103	0.0090	0.0013	0.0157	0.0083	0.0074	0.0000	0.0000	0.0000	0.0000	0.0000	0.0000	0.0000	0.0000	0.0000	0.0004	0.0003	0.0005	0.0007	0.0006	0.0012	0.0002	0.0000	0.0004	
68	72	0.3935	7	0	0	1	0	0	0	0	0	N	N	N	N	N	N	N	N	N	N	N	N	0.0000	0.0000	0.0000	0.0000	0.0000	0.0000	0.0000	0.0000	0.0000	0.0000	0.0000	0.0000	0.0000	0.0000	0.0000	0.0000	0.0000	0.0000	0.0178	0.0093	0.0347	0.0215	0.0173	0.0529	0.0154	0.0001	0.0317	1.8723	0.0000	0.0001	1.0531	0.0000	9.0748	1.0265	0.0000	0.0000	0.0000	0.0000	0.0000	0.0000	0.0000	0.0000	0.0000	0.0005	0.0002	0.0003	0.0002	0.0002	0.0001	0.0003	0.0000	0.0003	0.0000	0.0000	0.0000	0.0000	0.0000	0.0000	0.0000	0.0000	0.0000	0.0285	0.0190	0.0096	0.0116	0.0102	0.0014	0.0169	0.0088	0.0082	0.0000	0.0000	0.0000	0.0000	0.0000	0.0000	0.0000	0.0000	0.0000	0.0178	0.0093	0.0347	0.0215	0.0173	0.0529	0.0154	0.0001	0.0317	
68	73	0.3881	6	0	0	0	0	0	0	0	0	N	N	N	N	N	N	N	N	N	N	N	N	0.0000	0.0000	0.0000	0.0000	0.0000	0.0000	0.0000	0.0000	0.0000	0.0000	0.0000	0.0000	0.0000	0.0000	0.0000	0.0000	0.0000	0.0000	0.0110	0.0087	0.0167	0.0149	0.0124	0.0322	0.0058	0.0005	0.0114	0.7715	0.0000	-0.0005	1.0531	0.0000	9.0748	1.0321	0.0000	0.0000	0.0000	0.0000	0.0000	0.0000	0.0000	0.0000	0.0000	0.0057	0.0032	0.0025	0.0044	0.0031	0.0012	0.0013	0.0001	0.0013	0.0039	0.0037	0.0001	0.0019	0.0019	0.0000	0.0019	0.0018	0.0001	0.5179	0.3699	0.1480	0.2929	0.2550	0.0379	0.2251	0.1149	0.1101	0.0000	0.0000	0.0000	0.0000	0.0000	0.0000	0.0000	0.0000	0.0000	0.0110	0.0087	0.0167	0.0149	0.0124	0.0322	0.0058	0.0005	0.0114	
68	74	0.3653	5	0	0	0	0	0	0	0	0	N	N	N	N	N	N	N	N	N	N	N	N	0.0058	0.0021	0.0311	0.0225	0.0128	0.2572	0.0044	0.0001	0.0219	0.0029	0.0011	0.0150	0.0166	0.0093	0.2507	0.0013	0.0000	0.0093	0.5034	0.5125	0.4841	0.7382	0.7273	0.9749	0.3046	0.1805	0.4250	2.0849	0.4466	0.0000	-0.0816	1.0531	0.5629	9.0748	8.5245	0.0000	0.0000	0.0000	0.0000	0.0000	0.0000	0.0000	0.0000	0.0000	0.3842	0.2656	0.1186	0.2583	0.2288	0.0295	0.1259	0.0368	0.0891	0.0107	0.0093	0.0014	0.0011	0.0011	0.0000	0.0096	0.0083	0.0014	0.7632	0.5182	0.2450	0.3499	0.3146	0.0353	0.4133	0.2036	0.2097	0.0058	0.0021	0.0311	0.0225	0.0128	0.3001	0.0044	0.0001	0.0219	0.5034	0.5125	0.4841	0.7382	0.7273	0.8355	0.3046	0.1805	0.4250
68	75	0.4250	8	0	1	0	0	0	0	0	0	N	N	N	N	N	N	N	N	N	N	N	N	1.5043	1.5913	0.0000	11.4064	10.7684	0.0000	0.0000	0.0000	0.0000	0.0260	0.0297	0.0000	0.2450	0.2574	0.0000	0.0000	0.0000	0.0000	0.0173	0.0187	0.0145	0.0215	0.0239	0.0084	0.0129	0.0090	0.0165	0.0000	0.3869	-0.0000	-0.0009	1.0531	1.9994	9.0748	4.0943	0.0005	0.0005	0.0000	0.0005	0.0005	0.0000	0.0000	0.0000	0.0000	0.0037	0.0026	0.0010	0.0023	0.0022	0.0001	0.0013	0.0005	0.0009	0.0192	0.0168	0.0024	0.0020	0.0019	0.0001	0.0172	0.0149	0.0023	0.2119	0.1415	0.0704	0.1086	0.0916	0.0169	0.1033	0.0498	0.0535	1.5043	1.5913	0.0000	11.4064	10.7684	0.0000	0.0000	0.0000	0.0000	0.0173	0.0187	0.0145	0.0215	0.0239	0.0084	0.0129	0.0090	0.0165
68	76	0.4188	7	0	0	0	0	0	0	0	0	N	N	N	N	N	N	N	N	N	N	N	N	0.0124	0.0167	0.0022	0.0746	0.0720	0.0000	0.0005	0.0000	0.0018	0.0049	0.0054	0.0012	0.0336	0.0346	0.0000	0.0002	0.0000	0.0011	0.3956	0.3262	0.5388	0.4500	0.4806	0.2603	0.3371	0.0221	0.6176	0.0312	0.8016	-0.0000	-0.0036	1.0531	0.0011	9.0748	2.7207	0.0000	0.0000	0.0000	0.0000	0.0000	0.0000	0.0000	0.0000	0.0000	0.0474	0.0263	0.0211	0.0279	0.0257	0.0022	0.0194	0.0006	0.0188	0.0000	0.0000	0.0000	0.0000	0.0000	0.0000	0.0000	0.0000	0.0000	0.1198	0.0806	0.0391	0.0621	0.0535	0.0086	0.0577	0.0272	0.0305	0.0124	0.0167	0.0022	0.0746	0.0720	0.0000	0.0005	0.0000	0.0018	0.3956	0.3262	0.5388	0.4500	0.4806	0.2603	0.3371	0.0221	0.6176
68	77	0.3867	6	0	0	0	0	0	0	0	0	N	N	N	N	N	N	N	N	N	N	N	N	0.0000	0.0000	0.0000	0.0000	0.0000	0.0000	0.0000	0.0000	0.0000	0.0000	0.0000	0.0000	0.0000	0.0000	0.0000	0.0000	0.0000	0.0000	2.4204	1.8971	3.4938	2.7854	3.1260	1.0237	2.0858	0.0671	4.2525	0.1666	0.8979	0.0000	-0.0433	1.0531	0.0001	9.0748	10.0074	0.0000	0.0000	0.0000	0.0000	0.0000	0.0000	0.0000	0.0000	0.0000	0.9021	0.4753	0.4268	0.4965	0.4686	0.0280	0.4056	0.0068	0.3988	0.0095	0.0091	0.0004	0.0048	0.0048	0.0001	0.0047	0.0043	0.0003	0.3727	0.2505	0.1221	0.1783	0.1499	0.0284	0.1944	0.1007	0.0938	0.0000	0.0000	0.0000	0.0000	0.0000	0.0000	0.0000	0.0000	0.0000	2.4204	1.8971	3.4938	2.7854	3.1260	0.9856	2.0858	0.0671	4.2525
68	78	0.4068	7	1	0	1	0	0	0	0	0	N	N	N	N	N	N	N	N	N	N	N	N	0.0929	0.0701	0.0000	0.0795	0.0697	0.0000	0.0610	0.0356	0.0000	0.0055	0.0060	0.0000	0.0076	0.0080	0.0000	0.0000	0.0001	0.0000	0.0594	0.0851	0.0003	0.0956	0.1152	0.0009	0.0007	0.0015	0.0001	0.0000	0.0018	-0.0000	-0.0015	1.0531	1.6246	9.0748	0.0115	0.0003	0.0003	0.0000	0.0003	0.0003	0.0000	0.0000	0.0000	0.0000	0.0029	0.0029	0.0000	0.0029	0.0029	0.0000	0.0000	0.0000	0.0000	0.0522	0.0483	0.0039	0.0379	0.0358	0.0020	0.0143	0.0125	0.0019	0.0488	0.0340	0.0148	0.0302	0.0250	0.0052	0.0186	0.0090	0.0096	0.0929	0.0701	0.0000	0.0795	0.0697	0.0000	0.0610	0.0356	0.0000	0.0594	0.0851	0.0003	0.0956	0.1152	0.0009	0.0007	0.0015	0.0001
68	79	0.3867	6	1	0	1	0	0	0	0	0	N	N	N	N	N	N	N	N	N	N	N	N	0.5499	0.4443	0.0006	5.5211	4.8774	0.0294	0.0130	0.0085	0.0004	0.0069	0.0079	0.0000	0.0579	0.0607	0.0000	0.0002	0.0002	0.0000	0.0126	0.0178	0.0019	0.0105	0.0124	0.0001	0.0145	0.0258	0.0024	0.0000	0.0523	-0.0001	-0.0026	1.0531	8.1927	9.0748	3.9952	0.0009	0.0009	0.0000	0.0009	0.0009	0.0000	0.0000	0.0000	0.0000	0.0055	0.0052	0.0003	0.0022	0.0022	0.0000	0.0033	0.0030	0.0003	0.1367	0.1196	0.0171	0.0160	0.0152	0.0007	0.1207	0.1043	0.0164	0.4368	0.2934	0.1435	0.2086	0.1753	0.0334	0.2282	0.1181	0.1101	0.5499	0.4443	0.0006	5.5211	4.8774	0.0294	0.0130	0.0085	0.0004	0.0126	0.0178	0.0019	0.0105	0.0124	0.0001	0.0145	0.0258	0.0024
68	80	0.3867	6	0	1	0	1	0	0	0	0	N	N	N	N	N	N	N	N	N	N	N	N	0.0123	0.0035	0.0437	0.0252	0.0073	0.1365	0.0000	0.0000	0.0000	0.0113	0.0004	0.1132	0.0416	0.0012	1.6487	0.0000	0.0000	0.0000	0.9200	0.0993	2.5912	1.6529	0.1648	12.0758	0.2527	0.0029	0.5209	34.6091	12.8073	0.0002	0.2209	1.0531	0.7962	9.0748	19.0091	0.0002	0.0000	0.0002	0.0002	0.0000	0.0002	0.0000	0.0000	0.0000	0.5435	0.0394	0.5042	0.4654	0.0389	0.4265	0.0781	0.0005	0.0777	0.0219	0.0198	0.0021	0.0059	0.0058	0.0001	0.0160	0.0140	0.0020	0.5908	0.3962	0.1946	0.2816	0.2361	0.0454	0.3092	0.1601	0.1492	0.0123	0.0035	0.0437	0.0252	0.0073	0.1756	0.0000	0.0000	0.0000	0.9200	0.0993	2.5912	1.6529	0.1648	9.3902	0.2527	0.0029	0.5209
68	81	0.3867	6	0	1	0	0	0	0	0	0	N	N	N	N	N	N	N	N	N	N	N	N	0.0069	0.0003	0.0493	0.0225	0.0006	0.6993	0.0000	0.0000	0.0000	0.0113	0.0004	0.1132	0.0416	0.0012	1.6487	0.0000	0.0000	0.0000	1.6438	1.3216	2.2987	1.8486	1.9399	2.3577	1.4578	0.4143	2.5807	34.6091	0.8556	0.0002	-0.0717	1.0531	0.7962	9.0748	25.3140	0.0002	0.0000	0.0002	0.0002	0.0000	0.0002	0.0000	0.0000	0.0000	1.1952	0.6441	0.5511	0.6397	0.5623	0.0774	0.5555	0.0818	0.4737	0.0219	0.0198	0.0021	0.0059	0.0058	0.0001	0.0160	0.0140	0.0020	0.7271	0.4873	0.2397	0.3460	0.2898	0.0562	0.3810	0.1975	0.1835	0.0069	0.0003	0.0493	0.0225	0.0006	1.1968	0.0000	0.0000	0.0000	1.6438	1.3216	2.2987	1.8486	1.9399	1.3775	1.4578	0.4143	2.5807
68	82	0.3867	6	0	1	0	0	0	0	0	0	N	N	N	N	N	N	N	N	N	N	N	N	0.0047	0.0002	0.0298	0.0197	0.0005	0.5097	0.0003	0.0000	0.0011	0.0069	0.0002	0.0599	0.0340	0.0010	1.0571	0.0003	0.0000	0.0025	1.4686	1.2027	2.0090	1.7215	1.8104	2.0738	1.2391	0.3125	2.2374	36.0481	0.8221	0.0002	-0.0801	1.0531	1.7961	9.0748	27.0091	0.0003	0.0000	0.0003	0.0002	0.0000	0.0002	0.0000	0.0000	0.0000	1.1455	0.6287	0.5168	0.6388	0.5624	0.0764	0.5067	0.0663	0.4404	0.0371	0.0329	0.0042	0.0073	0.0071	0.0002	0.0298	0.0259	0.0040	0.7800	0.5227	0.2573	0.3711	0.3106	0.0604	0.4089	0.2121	0.1969	0.0047	0.0002	0.0298	0.0197	0.0005	0.8360	0.0003	0.0000	0.0011	1.4686	1.2027	2.0090	1.7215	1.8104	1.2644	1.2391	0.3125	2.2374
68	83	0.3315	5	0	0	0	0	0	0	0	0	N	N	N	N	N	N	N	N	N	N	N	N	0.0004	0.0011	0.0000	0.0043	0.0235	0.0001	0.0000	0.0000	0.0002	0.0003	0.0003	0.0000	0.0049	0.0051	0.0005	0.0000	0.0000	0.0000	0.6797	0.3194	1.4636	1.1328	0.2172	9.1714	0.3116	0.4501	0.1457	0.0198	2.1057	-0.0000	0.1654	1.0531	10.0679	9.0748	33.8159	0.0000	0.0000	0.0000	0.0000	0.0000	0.0000	0.0000	0.0000	0.0000	1.0541	0.3394	0.7147	0.7874	0.1295	0.6579	0.2667	0.2100	0.0567	0.1526	0.1326	0.0200	0.0094	0.0089	0.0004	0.1432	0.1236	0.0195	1.5509	1.0625	0.4883	0.6951	0.5961	0.0990	0.8558	0.4664	0.3894	0.0004	0.0011	0.0000	0.0043	0.0235	0.0001	0.0000	0.0000	0.0002	0.6797	0.3194	1.4636	1.1328	0.2172	6.6488	0.3116	0.4501	0.1457
68	84	0.3039	4	0	0	0	0	0	0	0	0	N	N	N	N	N	N	N	N	N	N	N	N	0.0823	0.1024	0.0103	0.4771	0.5668	0.0068	0.0036	0.0000	0.0157	0.0313	0.0361	0.0045	0.2691	0.2751	0.0112	0.0007	0.0000	0.0044	0.3803	0.3523	0.4412	0.5641	0.4853	1.6487	0.2063	0.1317	0.2813	0.0224	0.5766	-0.0000	-0.0737	1.0531	0.9441	9.0748	14.0836	0.0006	0.0006	0.0000	0.0006	0.0006	0.0000	0.0000	0.0000	0.0000	0.4745	0.3010	0.1736	0.3424	0.2587	0.0837	0.1322	0.0423	0.0899	0.0183	0.0155	0.0028	0.0021	0.0020	0.0000	0.0162	0.0135	0.0027	1.2477	0.8543	0.3934	0.6070	0.5330	0.0739	0.6407	0.3213	0.3195	0.0823	0.1024	0.0103	0.4771	0.5668	0.0099	0.0036	0.0000	0.0157	0.3803	0.3523	0.4412	0.5641	0.4853	1.1324	0.2063	0.1317	0.2813
68	85	0.3770	5	0	0	0	0	0	0	0	0	N	N	N	N	N	N	N	N	N	N	N	N	0.0510	0.0665	0.0028	0.1177	0.1367	0.0057	0.0536	0.0860	0.0032	0.0174	0.0197	0.0012	0.0462	0.0477	0.0035	0.0150	0.0171	0.0012	0.3405	0.2959	0.4457	0.3925	0.3490	0.6221	0.2794	0.1985	0.3740	0.0090	0.6393	-0.0004	-0.0708	1.0531	15.0008	9.0748	28.2980	0.0044	0.0043	0.0000	0.0009	0.0009	0.0000	0.0035	0.0034	0.0000	0.5398	0.3293	0.2105	0.3363	0.2513	0.0849	0.2035	0.0779	0.1256	0.2518	0.2205	0.0313	0.0193	0.0187	0.0006	0.2325	0.2018	0.0307	1.5850	1.1127	0.4723	0.8567	0.7202	0.1365	0.7283	0.3926	0.3358	0.0510	0.0665	0.0028	0.1177	0.1367	0.0057	0.0536	0.0860	0.0032	0.3405	0.2959	0.4457	0.3925	0.3490	0.6221	0.2794	0.1985	0.3740
68	86	0.3770	5	0	0	0	0	0	0	0	0	N	N	N	N	N	N	N	N	N	N	N	N	0.0093	0.0148	0.0065	0.0779	0.1120	0.0236	0.0016	0.0001	0.0067	0.0023	0.0021	0.0032	0.0181	0.0182	0.0141	0.0004	0.0000	0.0029	0.2442	0.1444	0.4851	0.2322	0.1626	0.5990	0.2601	0.1062	0.4338	0.2248	1.3915	0.0000	0.0233	1.0531	10.8154	9.0748	27.4443	0.0003	0.0003	0.0001	0.0003	0.0003	0.0000	0.0001	0.0000	0.0001	0.3833	0.1603	0.2230	0.2079	0.1223	0.0856	0.1754	0.0380	0.1375	0.1496	0.1299	0.0197	0.0157	0.0152	0.0004	0.1339	0.1147	0.0193	1.5696	1.1099	0.4597	0.8951	0.7523	0.1429	0.6745	0.3576	0.3169	0.0093	0.0148	0.0065	0.0779	0.1120	0.0236	0.0016	0.0001	0.0067	0.2442	0.1444	0.4851	0.2322	0.1626	0.5990	0.2601	0.1062	0.4338
68	87	0.3292	4	0	0	0	0	0	0	0	0	N	N	N	N	N	N	N	N	N	N	N	N	0.0182	0.0102	0.0704	0.0329	0.0306	0.1762	0.0131	0.0013	0.0702	0.0050	0.0027	0.0207	0.0093	0.0083	0.0609	0.0034	0.0003	0.0191	0.2741	0.2653	0.2945	0.2832	0.2713	0.3455	0.2611	0.2506	0.2713	1.1134	0.4830	0.0002	-0.1528	1.0531	2.7608	9.0748	22.4044	0.0004	0.0002	0.0002	0.0002	0.0002	0.0000	0.0002	0.0000	0.0002	0.7818	0.5272	0.2546	0.4760	0.3826	0.0933	0.3058	0.1445	0.1613	0.0859	0.0750	0.0109	0.0229	0.0225	0.0004	0.0630	0.0525	0.0105	2.8520	1.9873	0.8646	1.6806	1.4105	0.2702	1.1713	0.5768	0.5945	0.0182	0.0102	0.0704	0.0329	0.0306	0.1762	0.0131	0.0013	0.0702	0.2741	0.2653	0.2945	0.2832	0.2713	0.3455	0.2611	0.2506	0.2713
68	88	0.1993	3	0	0	0	0	0	0	0	0	N	N	N	N	N	N	N	N	N	N	N	N	0.0065	0.0046	0.0218	0.0657	0.0665	0.0807	0.0026	0.0008	0.0218	0.0071	0.0058	0.0156	0.0495	0.0487	0.0807	0.0036	0.0017	0.0147	1.0899	1.2651	0.7169	0.7546	0.7330	1.0004	1.3919	2.0466	0.6715	0.4160	0.2661	0.0002	-0.8725	1.0531	8.8820	9.0748	49.9570	0.0011	0.0008	0.0003	0.0006	0.0006	0.0000	0.0005	0.0002	0.0003	2.8064	2.2165	0.5899	0.9208	0.7640	0.1568	1.8856	1.4526	0.4331	0.1519	0.1317	0.0202	0.0117	0.0114	0.0003	0.1403	0.1203	0.0199	2.5748	1.7520	0.8228	1.2202	1.0423	0.1779	1.3547	0.7098	0.6449	0.0065	0.0046	0.0218	0.0657	0.0665	0.0916	0.0026	0.0008	0.0218	1.0899	1.2651	0.7169	0.7546	0.7330	0.8814	1.3919	2.0466	0.6715
68	89	0.3867	6	1	1	0	1	0	0	0	0	N	N	N	N	N	N	N	N	N	N	N	N	0.0175	0.0020	0.0710	0.1052	0.0049	0.9649	0.0000	0.0000	0.0000	0.0113	0.0004	0.1132	0.0416	0.0012	1.6487	0.0000	0.0000	0.0000	0.6446	0.1780	1.5958	0.3957	0.2462	1.7087	0.8714	0.0772	1.7235	34.6091	4.3978	0.0002	0.1025	1.0531	0.7962	9.0748	16.9291	0.0002	0.0000	0.0002	0.0002	0.0000	0.0002	0.0000	0.0000	0.0000	0.3492	0.0647	0.2845	0.1022	0.0534	0.0489	0.2469	0.0113	0.2356	0.0219	0.0198	0.0021	0.0059	0.0058	0.0001	0.0160	0.0140	0.0020	0.5417	0.3634	0.1783	0.2583	0.2167	0.0416	0.2834	0.1467	0.1367	0.0175	0.0020	0.0710	0.1052	0.0049	1.4025	0.0000	0.0000	0.0000	0.6446	0.1780	1.5958	0.3957	0.2462	1.1755	0.8714	0.0772	1.7235
68	90	0.4587	11	0	1	0	1	0	0	0	0	N	N	N	N	N	N	N	N	N	N	N	N	0.0000	0.0000	0.0000	0.0000	0.0000	0.0000	0.0000	0.0000	0.0000	0.0000	0.0000	0.0000	0.0000	0.0000	0.0000	0.0000	0.0000	0.0000	0.0000	0.0000	1.0531	0.0000	9.0748	0.0000	0.0000	0.0000	0.0000	0.0000	0.0000	0.0000	0.0000	0.0000	0.0000	0.0000	0.0000	0.0000	0.0000	0.0000	0.0000	0.0000	0.0000	0.0000	0.0000	0.0000	0.0000	0.0000	0.0000	0.0000	0.0000	0.0000	0.0000	0.0000	0.0000	0.0000	0.0000	0.0000	0.0000	0.0000	0.0000	0.0000	0.0000	0.0000	0.0000	0.0000	0.0000	0.0000	0.0000	0.0000	0.0000	0.0000	0.0000	0.0000	0.0000	0.0000	0.0000	0.0000	0.0000	0.0000											
68	91	0.4480	10	0	1	0	1	0	0	0	0	N	N	N	N	N	N	N	N	N	N	N	N	0.0000	0.0000	0.0000	0.0000	0.0000	0.0000	0.0000	0.0000	0.0000	0.0000	0.0000	0.0000	0.0000	0.0155	0.0216	0.0000	0.0227	0.0275	0.0000	0.0000	0.0000	0.0000	0.0000	0.0000	-0.0009	1.0531	1.0000	9.0748	3.0000	0.0000	0.0000	0.0000	0.0000	0.0000	0.0000	0.0000	0.0000	0.0000	0.0017	0.0017	0.0000	0.0017	0.0017	0.0000	0.0000	0.0000	0.0000	0.0152	0.0136	0.0016	0.0067	0.0062	0.0005	0.0085	0.0074	0.0011	0.1105	0.0793	0.0313	0.0753	0.0623	0.0130	0.0353	0.0170	0.0182	0.0000	0.0000	0.0000	0.0000	0.0000	0.0000	0.0000	0.0000	0.0000	0.0155	0.0216	0.0000	0.0227	0.0275	0.0000	0.0000	0.0000	0.0000						
68	92	0.4414	8	0	1	0	0	0	0	0	0	N	N	N	N	N	N	N	N	N	N	N	N	0.0000	0.0000	0.0000	0.0000	0.0000	0.0000	0.0000	0.0000	0.0000	0.0000	0.0000	0.0000	0.0000	0.0000	0.0000	0.0000	0.0000	0.0000	0.0000	0.0000	1.0531	0.0000	9.0748	0.0000	0.0000	0.0000	0.0000	0.0000	0.0000	0.0000	0.0000	0.0000	0.0000	0.0000	0.0000	0.0000	0.0000	0.0000	0.0000	0.0000	0.0000	0.0000	0.0000	0.0000	0.0000	0.0000	0.0000	0.0000	0.0000	0.0000	0.0000	0.0000	0.0000	0.0000	0.0000	0.0000	0.0000	0.0000	0.0000	0.0000	0.0000	0.0000	0.0000	0.0000	0.0000	0.0000	0.0000	0.0000	0.0000	0.0000	0.0000	0.0000	0.0000	0.0000	0.0000	0.0000	0.0000	0.0000											
68	93	0.4480	10	0	0	1	1	0	0	0	0	N	N	N	N	N	N	N	N	N	N	N	N	0.0000	0.0000	0.0000	0.0000	0.0000	0.0000	0.0000	0.0000	0.0000	0.0000	0.0000	0.0000	0.0000	0.0000	0.0000	0.0000	0.0000	0.0000	0.0000	0.0000	1.0531	0.0000	9.0748	0.0000	0.0000	0.0000	0.0000	0.0000	0.0000	0.0000	0.0000	0.0000	0.0000	0.0000	0.0000	0.0000	0.0000	0.0000	0.0000	0.0000	0.0000	0.0000	0.0000	0.0000	0.0000	0.0000	0.0000	0.0000	0.0000	0.0000	0.0000	0.0000	0.0000	0.0000	0.0000	0.0000	0.0000	0.0000	0.0000	0.0000	0.0000	0.0000	0.0000	0.0000	0.0000	0.0000	0.0000	0.0000	0.0000	0.0000	0.0000	0.0000	0.0000	0.0000	0.0000	0.0000	0.0000	0.0000											
68	94	0.4453	9	0	0	0	1	0	0	0	0	N	N	N	N	N	N	N	N	N	N	N	N	0.0000	0.0000	0.0000	0.0000	0.0000	0.0000	0.0000	0.0000	0.0000	0.0000	0.0000	0.0000	0.0000	0.0000	0.0000	0.0000	0.0028	0.0027	0.0030	0.0028	0.0034	0.0000	0.0027	0.0000	0.0049	0.4494	0.0000	-0.0000	1.0531	1.0000	9.0748	0.0097	0.0000	0.0000	0.0000	0.0000	0.0000	0.0000	0.0000	0.0000	0.0000	0.0001	0.0001	0.0000	0.0001	0.0001	0.0000	0.0000	0.0000	0.0000	0.0152	0.0136	0.0016	0.0067	0.0062	0.0005	0.0085	0.0074	0.0011	0.0298	0.0212	0.0086	0.0202	0.0168	0.0034	0.0096	0.0044	0.0052	0.0000	0.0000	0.0000	0.0000	0.0000	0.0000	0.0000	0.0000	0.0000	0.0028	0.0027	0.0030	0.0028	0.0034	0.0000	0.0027	0.0000	0.0049			
68	95	0.4453	9	0	0	1	1	0	0	0	0	N	N	N	N	N	N	N	N	N	N	N	N	1.0054	3.4656	0.0000	8.0898	7.2383	0.0000	0.0000	0.0000	0.0000	0.0037	0.0041	0.0000	0.0084	0.0091	0.0000	0.0000	0.0000	0.0000	0.0036	0.0012	0.0098	0.0010	0.0013	0.0000	0.0092	0.0009	0.0167	0.0000	3.2983	-0.0000	0.0001	1.0531	2.0000	9.0748	3.0050	0.0001	0.0001	0.0000	0.0001	0.0001	0.0000	0.0000	0.0000	0.0000	0.0005	0.0001	0.0004	0.0001	0.0001	0.0000	0.0004	0.0000	0.0004	0.0300	0.0268	0.0032	0.0131	0.0121	0.0010	0.0169	0.0146	0.0023	0.1377	0.0985	0.0392	0.0935	0.0774	0.0161	0.0443	0.0212	0.0231	1.0054	3.4656	0.0000	8.0898	7.2383	0.0000	0.0000	0.0000	0.0000	0.0036	0.0012	0.0098	0.0010	0.0013	0.0000	0.0092	0.0009	0.0167
68	96	0.4453	9	0	0	1	1	0	0	0	0	N	N	N	N	N	N	N	N	N	N	N	N	0.0000	0.0000	0.0000	0.0000	0.0000	0.0000	0.0000	0.0000	0.0000	0.0000	0.0000	0.0000	0.0000	0.0000	0.0000	0.0000	0.0000	0.0000	0.0734	0.0447	0.1456	0.0452	0.0547	0.0000	0.1324	0.0086	0.2471	1.2963	0.0000	0.0006	1.0531	0.0000	9.0748	6.9903	0.0000	0.0000	0.0000	0.0000	0.0000	0.0000	0.0000	0.0000	0.0000	0.0138	0.0060	0.0078	0.0058	0.0058	0.0000	0.0080	0.0002	0.0078	0.0000	0.0000	0.0000	0.0000	0.0000	0.0000	0.0000	0.0000	0.0000	0.1879	0.1344	0.0535	0.1272	0.1053	0.0220	0.0607	0.0292	0.0315	0.0000	0.0000	0.0000	0.0000	0.0000	0.0000	0.0000	0.0000	0.0000	0.0734	0.0447	0.1456	0.0452	0.0547	0.0000	0.1324	0.0086	0.2471	
68	97	0.4398	8	0	0	0	1	0	0	0	0	N	N	N	N	N	N	N	N	N	N	N	N	0.2889	0.3272	0.0000	1.4331	1.3666	0.0000	0.0000	0.0000	0.0000	0.0011	0.0013	0.0000	0.0023	0.0025	0.0000	0.0000	0.0000	0.0000	0.0040	0.0039	0.0041	0.0016	0.0018	0.0006	0.0089	0.0115	0.0065	0.0000	0.4169	-0.0000	-0.0001	1.0531	0.9999	9.0748	1.0605	0.0000	0.0000	0.0000	0.0000	0.0000	0.0000	0.0000	0.0000	0.0000	0.0002	0.0002	0.0001	0.0001	0.0001	0.0000	0.0002	0.0001	0.0001	0.0175	0.0156	0.0018	0.0088	0.0081	0.0007	0.0087	0.0075	0.0012	0.0628	0.0449	0.0179	0.0424	0.0351	0.0073	0.0203	0.0098	0.0105	0.2889	0.3272	0.0000	1.4331	1.3666	0.0000	0.0000	0.0000	0.0000	0.0040	0.0039	0.0041	0.0016	0.0018	0.0006	0.0089	0.0115	0.0065
68	98	0.4376	7	0	0	0	1	0	0	0	0	N	N	N	N	N	N	N	N	N	N	N	N	0.0161	0.0095	0.7224	0.2011	0.1367	3.4838	0.0008	0.0002	0.1006	0.0031	0.0025	0.0082	0.0051	0.0040	0.0240	0.0005	0.0003	0.0015	0.1903	0.2590	0.0114	0.0256	0.0294	0.0069	0.5343	1.0570	0.0146	0.3886	0.0169	0.0000	-0.0033	1.0531	0.0012	9.0748	1.0414	0.0000	0.0000	0.0000	0.0000	0.0000	0.0000	0.0000	0.0000	0.0000	0.0066	0.0065	0.0001	0.0006	0.0006	0.0000	0.0060	0.0059	0.0001	0.0001	0.0001	0.0000	0.0000	0.0000	0.0000	0.0000	0.0000	0.0000	0.0347	0.0251	0.0096	0.0235	0.0195	0.0040	0.0112	0.0056	0.0056	0.0161	0.0095	0.7224	0.2011	0.1367	3.4838	0.0008	0.0002	0.1006	0.1903	0.2590	0.0114	0.0256	0.0294	0.0069	0.5343	1.0570	0.0146
68	99	0.3867	6	1	1	0	0	0	0	0	0	N	N	N	N	N	N	N	N	N	N	N	N	0.0120	0.0568	0.0000	0.2727	0.2479	0.0000	0.0001	0.0011	0.0000	0.0067	0.0076	0.0000	0.0438	0.0455	0.0000	0.0001	0.0001	0.0000	0.5560	0.1337	1.4193	0.1606	0.1837	0.0392	0.9174	0.0595	1.8375	0.0000	5.1921	-0.0000	0.0780	1.0531	3.2042	9.0748	9.0918	0.0004	0.0004	0.0000	0.0004	0.0004	0.0000	0.0000	0.0000	0.0000	0.2457	0.0397	0.2061	0.0339	0.0326	0.0013	0.2118	0.0071	0.2047	0.0633	0.0556	0.0077	0.0096	0.0092	0.0004	0.0537	0.0464	0.0073	0.4420	0.2968	0.1452	0.2111	0.1773	0.0338	0.2309	0.1195	0.1114	0.0120	0.0568	0.0000	0.2727	0.2479	0.0000	0.0001	0.0011	0.0000	0.5560	0.1337	1.4193	0.1606	0.1837	0.0392	0.9174	0.0595	1.8375
68	100	0.3867	6	0	1	0	0	0	0	0	0	N	N	N	N	N	N	N	N	N	N	N	N	0.0144	0.0022	0.0549	0.0900	0.0051	0.6378	0.0000	0.0000	0.0000	0.0113	0.0004	0.1132	0.0416	0.0012	1.6487	0.0000	0.0000	0.0000	0.7843	0.1610	2.0620	0.4625	0.2361	2.5848	1.0792	0.0492	2.1844	34.6091	6.2501	0.0002	0.1035	1.0531	0.7962	9.0748	10.9291	0.0002	0.0000	0.0002	0.0002	0.0000	0.0002	0.0000	0.0000	0.0000	0.3035	0.0419	0.2616	0.0856	0.0367	0.0489	0.2179	0.0051	0.2128	0.0219	0.0198	0.0021	0.0059	0.0058	0.0001	0.0160	0.0140	0.0020	0.3870	0.2601	0.1269	0.1850	0.1555	0.0295	0.2019	0.1045	0.0974	0.0144	0.0022	0.0549	0.0900	0.0051	0.9947	0.0000	0.0000	0.0000	0.7843	0.1610	2.0620	0.4625	0.2361	1.6574	1.0792	0.0492	2.1844
68	101	0.4445	9	1	1	0	0	0	0	0	0	N	N	N	N	N	N	N	N	N	N	N	N	0.0000	0.0000	0.0000	0.0000	0.0000	0.0000	0.0000	0.0000	0.0000	0.0000	0.0000	0.0000	0.0000	0.0000	0.0000	0.0000	0.0000	0.0000	0.0049	0.0068	0.0004	0.0069	0.0084	0.0000	0.0007	0.0008	0.0007	0.0250	0.0000	-0.0002	1.0531	0.0000	9.0748	3.0000	0.0000	0.0000	0.0000	0.0000	0.0000	0.0000	0.0000	0.0000	0.0000	0.0004	0.0004	0.0000	0.0004	0.0004	0.0000	0.0000	0.0000	0.0000	0.0000	0.0000	0.0000	0.0000	0.0000	0.0000	0.0000	0.0000	0.0000	0.0834	0.0592	0.0242	0.0565	0.0467	0.0098	0.0269	0.0125	0.0144	0.0000	0.0000	0.0000	0.0000	0.0000	0.0000	0.0000	0.0000	0.0000	0.0049	0.0068	0.0004	0.0069	0.0084	0.0000	0.0007	0.0008	0.0007	
68	102	0.4414	8	1	1	0	0	0	0	0	0	N	N	N	N	N	N	N	N	N	N	N	N	0.0000	0.0000	0.0000	0.0000	0.0000	0.0000	0.0000	0.0000	0.0000	0.0000	0.0000	0.0000	0.0000	0.0000	0.0000	0.0000	0.0028	0.0034	0.0012	0.0036	0.0043	0.0000	0.0011	0.0000	0.0020	0.1428	0.0000	-0.0000	1.0531	0.0000	9.0748	1.0000	0.0000	0.0000	0.0000	0.0000	0.0000	0.0000	0.0000	0.0000	0.0000	0.0001	0.0001	0.0000	0.0001	0.0001	0.0000	0.0000	0.0000	0.0000	0.0000	0.0000	0.0000	0.0000	0.0000	0.0000	0.0000	0.0000	0.0000	0.0289	0.0205	0.0084	0.0196	0.0162	0.0034	0.0093	0.0043	0.0050	0.0000	0.0000	0.0000	0.0000	0.0000	0.0000	0.0000	0.0000	0.0000	0.0028	0.0034	0.0012	0.0036	0.0043	0.0000	0.0011	0.0000	0.0020			
68	103	0.4376	7	0	1	0	0	0	0	0	0	N	N	N	N	N	N	N	N	N	N	N	N	0.2359	0.2679	0.0000	0.3617	0.3486	0.0000	0.0299	0.1327	0.0000	0.0019	0.0021	0.0000	0.0032	0.0034	0.0000	0.0002	0.0002	0.0000	0.0081	0.0079	0.0085	0.0089	0.0097	0.0048	0.0064	0.0017	0.0111	0.0000	0.4086	-0.0000	-0.0001	1.0531	0.0006	9.0748	1.0534	0.0000	0.0000	0.0000	0.0000	0.0000	0.0000	0.0000	0.0000	0.0000	0.0003	0.0002	0.0001	0.0002	0.0002	0.0000	0.0001	0.0000	0.0001	0.0001	0.0000	0.0000	0.0000	0.0000	0.0000	0.0000	0.0000	0.0000	0.0350	0.0253	0.0097	0.0237	0.0197	0.0040	0.0113	0.0056	0.0057	0.2359	0.2679	0.0000	0.3617	0.3486	0.0000	0.0299	0.1327	0.0000	0.0081	0.0079	0.0085	0.0089	0.0097	0.0048	0.0064	0.0017	0.0111
68	104	0.3867	6	0	0	0	0	0	0	0	0	N	N	N	N	N	N	N	N	N	N	N	N	0.0160	0.0651	0.0000	0.3592	0.3252	0.0002	0.0003	0.0070	0.0000	0.0072	0.0082	0.0000	0.0582	0.0610	0.0000	0.0002	0.0002	0.0000	0.4477	0.1260	1.1029	0.1620	0.1875	0.0291	0.7079	0.0352	1.4298	0.0000	4.2969	-0.0001	0.0747	1.0531	7.2034	9.0748	9.9858	0.0009	0.0009	0.0000	0.0009	0.0009	0.0000	0.0000	0.0000	0.0000	0.2576	0.0486	0.2090	0.0444	0.0431	0.0013	0.2132	0.0055	0.2077	0.1229	0.1075	0.0154	0.0148	0.0141	0.0007	0.1081	0.0934	0.0147	0.5755	0.3860	0.1895	0.2743	0.2301	0.0442	0.3012	0.1559	0.1453	0.0160	0.0651	0.0000	0.3592	0.3252	0.0002	0.0003	0.0070	0.0000	0.4477	0.1260	1.1029	0.1620	0.1875	0.0291	0.7079	0.0352	1.4298
68	105	0.3653	5	0	0	0	0	0	0	0	0	N	N	N	N	N	N	N	N	N	N	N	N	0.0085	0.0514	0.0013	0.3548	0.3328	0.7672	0.0004	0.0125	0.0009	0.0175	0.0190	0.0075	0.1799	0.1838	0.0656	0.0015	0.0007	0.0062	2.0533	0.3699	5.6639	0.5069	0.5521	0.0855	3.4767	0.0535	6.6190	0.0606	7.1387	-0.0000	0.5011	1.0531	0.7993	9.0748	5.3573	0.0003	0.0002	0.0000	0.0002	0.0002	0.0000	0.0000	0.0000	0.0000	1.4073	0.1729	1.2344	0.1665	0.1638	0.0027	1.2408	0.0091	1.2317	0.0147	0.0128	0.0020	0.0013	0.0013	0.0000	0.0134	0.0115	0.0019	0.6854	0.4674	0.2179	0.3285	0.2966	0.0319	0.3569	0.1708	0.1861	0.0085	0.0514	0.0013	0.3548	0.3328	0.7672	0.0004	0.0125	0.0009	2.0533	0.3699	5.6639	0.5069	0.5521	0.0855	3.4767	0.0535	6.6190
68	106	0.3039	4	0	0	0	0	0	0	0	0	N	N	N	N	N	N	N	N	N	N	N	N	0.1881	0.0007	0.5230	0.0154	0.0062	0.2015	0.1309	0.0001	0.4506	0.2089	0.0002	1.5068	0.0066	0.0026	0.1091	0.2244	0.0000	1.5346	1.1110	0.2871	2.8809	0.4324	0.4170	0.5413	1.7140	0.0888	3.4056	1161.9660	4.6700	0.0130	0.4534	1.0531	4.1241	9.0748	16.2542	0.0144	0.0000	0.0144	0.0000	0.0000	0.0000	0.0144	0.0000	0.0144	1.4986	0.2643	1.2343	0.2745	0.2320	0.0425	1.2241	0.0323	1.1918	0.0691	0.0595	0.0096	0.0049	0.0047	0.0002	0.0642	0.0548	0.0094	1.3489	0.9205	0.4284	0.6347	0.5562	0.0785	0.7142	0.3643	0.3500	0.1881	0.0007	0.5230	0.0154	0.0062	0.2015	0.1309	0.0001	0.4506	1.1110	0.2871	2.8809	0.4324	0.4170	0.5413	1.7140	0.0888	3.4056
68	107	0.1993	3	0	0	0	0	0	0	0	0	N	N	N	N	N	N	N	N	N	N	N	N	0.0080	0.0058	0.0306	0.1453	0.1430	0.0338	0.0013	0.0002	0.0330	0.0073	0.0070	0.0097	0.0739	0.0754	0.0134	0.0017	0.0004	0.0096	0.9208	1.2027	0.3152	0.5083	0.5276	0.3959	1.3335	2.3331	0.2912	0.2130	0.1220	0.0001	-0.9331	1.0531	8.6998	9.0748	27.8967	0.0011	0.0009	0.0002	0.0009	0.0009	0.0000	0.0002	0.0001	0.0002	2.2629	2.0168	0.2461	0.6249	0.5539	0.0710	1.6380	1.4629	0.1751	0.1494	0.1295	0.0199	0.0116	0.0113	0.0003	0.1378	0.1182	0.0196	2.4576	1.6769	0.7807	1.2293	1.0499	0.1794	1.2283	0.6270	0.6013	0.0080	0.0058	0.0306	0.1453	0.1430	0.0338	0.0013	0.0002	0.0330	0.9208	1.2027	0.3152	0.5083	0.5276	0.3959	1.3335	2.3331	0.2912
68	108	0.1170	2	0	0	0	0	0	0	0	0	N	N	N	N	N	N	N	N	N	N	N	N	0.0128	0.0084	0.0501	0.1570	0.1518	0.1033	0.0049	0.0006	0.0511	0.0105	0.0087	0.0215	0.1398	0.1409	0.0531	0.0038	0.0007	0.0214	0.8216	1.0414	0.4289	0.8907	0.9282	0.5145	0.7665	1.2331	0.4181	0.4030	0.2306	0.0002	-0.6727	1.0531	5.3278	9.0748	31.5322	0.0010	0.0007	0.0003	0.0006	0.0006	0.0000	0.0003	0.0001	0.0003	2.0158	1.6381	0.3777	0.9689	0.9182	0.0507	1.0469	0.7199	0.3270	0.0918	0.0789	0.0129	0.0046	0.0045	0.0001	0.0872	0.0744	0.0129	2.4537	1.5731	0.8806	1.0878	0.9892	0.0985	1.3659	0.5838	0.7821	0.0128	0.0084	0.0501	0.1570	0.1518	0.1033	0.0049	0.0006	0.0511	0.8216	1.0414	0.4289	0.8907	0.9282	0.5145	0.7665	1.2331	0.4181
68	109	0.1170	2	0	0	0	0	0	0	0	0	N	N	N	N	N	N	N	N	N	N	N	N	0.0221	0.0244	0.0052	0.3364	0.3270	0.1183	0.0011	0.0000	0.0047	0.0093	0.0105	0.0021	0.2140	0.2165	0.0442	0.0003	0.0000	0.0019	0.4222	0.4300	0.4083	0.6360	0.6622	0.3734	0.2551	0.0482	0.4126	0.0325	0.5307	-0.0001	-0.1828	1.0531	7.7801	9.0748	32.2209	0.0012	0.0012	0.0000	0.0012	0.0012	0.0000	0.0000	0.0000	0.0000	1.0483	0.6849	0.3635	0.6927	0.6559	0.0368	0.3557	0.0290	0.3267	0.1278	0.1102	0.0176	0.0054	0.0053	0.0001	0.1224	0.1049	0.0175	2.4830	1.5928	0.8902	1.0890	0.9905	0.0986	1.3940	0.6024	0.7916	0.0221	0.0244	0.0052	0.3364	0.3270	0.1183	0.0011	0.0000	0.0047	0.4222	0.4300	0.4083	0.6360	0.6622	0.3734	0.2551	0.0482	0.4126
69	71	0.0897	5	1	0	2	0	0	0	0	0	N	N	Y	N	N	N	N	N	N	N	N	N	0.0000	0.0000	0.0000	0.0000	0.0000	0.0000	0.0000	0.0000	0.0000	0.0000	0.0000	0.0000	0.0000	0.0000	0.0000	0.0000	0.0000	0.0000	0.0000	0.0000	0.0000	1.0000	4.9600	0.0055	0.0000	0.0000	0.0000	0.0000	0.0000	0.0000	0.0000	0.0000	0.0000	0.0000	0.0000	0.0000	0.0000	0.0000	0.0000	0.0000	0.0000	0.0000	0.0000	0.0000	0.0000	0.0000	0.0000	0.0000	0.0000	0.0000	0.0000	0.0102	0.0066	0.0036	0.0042	0.0037	0.0005	0.0060	0.0030	0.0031	0.0000	0.0000	0.0000	0.0000	0.0000	0.0000	0.0000	0.0000	0.0000	0.0000	0.0000	0.0000	0.0000	0.0000	0.0000	0.0000	0.0000	0.0000											
69	72	0.0830	4	1	0	2	0	0	0	0	0	N	N	Y	N	N	N	N	N	N	N	N	N	0.0000	0.0000	0.0000	0.0000	0.0000	0.0000	0.0000	0.0000	0.0000	0.0000	0.0000	0.0000	0.0000	0.0000	0.0000	0.0000	0.0000	0.0000	0.0000	0.0000	0.0000	0.0000	4.9600	1.0265	0.0000	0.0000	0.0000	0.0000	0.0000	0.0000	0.0000	0.0000	0.0000	0.0000	0.0000	0.0000	0.0000	0.0000	0.0000	0.0000	0.0000	0.0000	0.0000	0.0000	0.0000	0.0000	0.0000	0.0000	0.0000	0.0000	0.0000	0.0113	0.0074	0.0038	0.0047	0.0042	0.0005	0.0066	0.0033	0.0033	0.0000	0.0000	0.0000	0.0000	0.0000	0.0000	0.0000	0.0000	0.0000	0.0000	0.0000	0.0000	0.0000	0.0000	0.0000	0.0000	0.0000	0.0000											
69	73	0.0776	3	1	0	1	0	0	0	0	0	N	N	N	N	N	N	N	N	N	N	N	N	0.0000	0.0000	0.0000	0.0000	0.0000	0.0000	0.0000	0.0000	0.0000	0.0000	0.0000	0.0000	0.0000	0.0002	0.0002	0.0000	0.0003	0.0003	0.0000	0.0000	0.0000	0.0000	0.0000	0.0000	-0.0000	0.0000	0.0000	4.9600	1.0321	0.0000	0.0000	0.0000	0.0000	0.0000	0.0000	0.0000	0.0000	0.0000	0.0000	0.0000	0.0000	0.0000	0.0000	0.0000	0.0000	0.0000	0.0000	0.0000	0.0000	0.0000	0.0000	0.0000	0.0000	0.0000	0.0000	0.0000	0.1294	0.0856	0.0438	0.0683	0.0621	0.0062	0.0611	0.0235	0.0375	0.0000	0.0000	0.0000	0.0000	0.0000	0.0000	0.0000	0.0000	0.0000	0.0002	0.0002	0.0000	0.0003	0.0003	0.0000	0.0000	0.0000	0.0000						
69	74	0.0548	2	1	0	1	0	0	0	0	0	N	N	N	N	N	N	N	N	N	N	N	N	0.0000	0.0000	0.0000	0.0000	0.0000	0.0000	0.0000	0.0000	0.0000	0.0000	0.0000	0.0000	0.0000	0.0000	0.0000	0.0000	0.0000	0.0060	0.0096	0.0001	0.0151	0.0163	0.0000	0.0001	0.0001	0.0001	0.0053	0.0000	-0.0009	0.0000	0.5629	4.9600	8.5245	0.0000	0.0000	0.0000	0.0000	0.0000	0.0000	0.0000	0.0000	0.0000	0.0018	0.0018	0.0000	0.0018	0.0018	0.0000	0.0000	0.0000	0.0000	0.0000	0.0000	0.0000	0.0000	0.0000	0.0000	0.0000	0.0000	0.0000	0.3031	0.1888	0.1143	0.1185	0.1102	0.0083	0.1846	0.0786	0.1060	0.0000	0.0000	0.0000	0.0000	0.0000	0.0000	0.0000	0.0000	0.0000	0.0060	0.0096	0.0001	0.0151	0.0163	0.0000	0.0001	0.0001	0.0001		
69	75	0.0718	3	1	1	1	0	0	0	0	0	N	N	N	N	N	N	N	N	N	N	N	N	0.0000	0.0000	0.0000	0.0000	0.0000	0.0000	0.0000	0.0000	0.0000	0.0000	0.0000	0.0000	0.0000	0.0004	0.0005	0.0000	0.0009	0.0010	0.0000	0.0000	0.0000	0.0000	0.0000	0.0000	-0.0000	0.0000	1.9994	4.9600	4.0943	0.0000	0.0000	0.0000	0.0000	0.0000	0.0000	0.0000	0.0000	0.0000	0.0000	0.0000	0.0000	0.0000	0.0000	0.0000	0.0000	0.0000	0.0000	0.0000	0.0000	0.0000	0.0000	0.0000	0.0000	0.0000	0.0000	0.0000	0.0834	0.0584	0.0250	0.0342	0.0309	0.0034	0.0492	0.0276	0.0216	0.0000	0.0000	0.0000	0.0000	0.0000	0.0000	0.0000	0.0000	0.0000	0.0004	0.0005	0.0000	0.0009	0.0010	0.0000	0.0000	0.0000	0.0000						
69	76	0.0655	2	1	0	1	0	0	0	0	0	N	N	N	N	N	N	N	N	N	N	N	N	0.0000	0.0000	0.0000	0.0000	0.0000	0.0000	0.0000	0.0000	0.0000	0.0000	0.0000	0.0000	0.0000	0.0000	0.0000	0.0000	0.0000	0.0036	0.0049	0.0007	0.0069	0.0076	0.0000	0.0011	0.0014	0.0008	0.0582	0.0000	-0.0001	0.0000	0.0011	4.9600	2.7207	0.0000	0.0000	0.0000	0.0000	0.0000	0.0000	0.0000	0.0000	0.0000	0.0002	0.0002	0.0000	0.0001	0.0001	0.0000	0.0000	0.0000	0.0000	0.0000	0.0000	0.0000	0.0000	0.0000	0.0000	0.0000	0.0000	0.0000	0.0482	0.0337	0.0145	0.0209	0.0192	0.0017	0.0273	0.0145	0.0128	0.0000	0.0000	0.0000	0.0000	0.0000	0.0000	0.0000	0.0000	0.0000	0.0036	0.0049	0.0007	0.0069	0.0076	0.0000	0.0011	0.0014	0.0008		
69	78	0.0536	2	2	0	2	0	0	0	0	0	Y	N	Y	N	N	N	N	N	N	N	N	N	0.0000	0.0000	0.0000	0.0000	0.0000	0.0000	0.0000	0.0000	0.0000	0.0000	0.0000	0.0000	0.0000	0.0000	0.0000	0.0787	0.0000	0.1593	0.0056	0.0000	0.1354	0.0843	0.0000	0.1595	inf	0.0000	0.0009	0.0000	1.6246	4.9600	0.0115	0.0000	0.0000	0.0000	0.0000	0.0000	0.0000	0.0000	0.0000	0.0000	0.0019	0.0000	0.0019	0.0000	0.0000	0.0000	0.0019	0.0000	0.0019	0.0000	0.0000	0.0000	0.0000	0.0000	0.0000	0.0000	0.0000	0.0000	0.0239	0.0121	0.0118	0.0017	0.0016	0.0001	0.0222	0.0105	0.0117	0.0000	0.0000	0.0000	0.0000	0.0000	0.0000	0.0000	0.0000	0.0000	0.0787	0.0000	0.1593	0.0056	0.0000	0.1354	0.0843	0.0000	0.1595				
69	83	0.1437	4	1	0	1	0	0	0	0	0	N	N	N	N	N	N	N	N	N	N	N	N	0.0000	0.0000	0.0000	0.0000	0.0000	0.0000	0.0000	0.0000	0.0000	0.0000	0.0000	0.0000	0.0000	0.0116	0.0179	0.0000	0.0301	0.0349	0.0000	0.0000	0.0000	0.0000	0.0000	0.0000	-0.0033	0.0000	10.0679	4.9600	33.8159	0.0000	0.0000	0.0000	0.0000	0.0000	0.0000	0.0000	0.0000	0.0000	0.0062	0.0062	0.0000	0.0062	0.0062	0.0000	0.0000	0.0000	0.0000	0.0000	0.0000	0.0000	0.0000	0.0000	0.0000	0.0000	0.0000	0.0000	0.5359	0.3480	0.1879	0.2069	0.1790	0.0279	0.3290	0.1690	0.1600	0.0000	0.0000	0.0000	0.0000	0.0000	0.0000	0.0000	0.0000	0.0000	0.0116	0.0179	0.0000	0.0301	0.0349	0.0000	0.0000	0.0000	0.0000						
69	84	0.1162	3	1	0	1	0	0	0	0	0	N	N	N	N	N	N	N	N	N	N	N	N	0.0000	0.0000	0.0000	0.0000	0.0000	0.0000	0.0000	0.0000	0.0000	0.0000	0.0000	0.0000	0.0000	0.0000	0.0000	0.0000	0.0000	0.0000	0.0476	0.0655	0.0109	0.0745	0.0833	0.0005	0.0263	0.0401	0.0126	0.0809	0.0000	-0.0089	0.0000	0.9441	4.9600	14.0836	0.0000	0.0000	0.0000	0.0000	0.0000	0.0000	0.0000	0.0000	0.0000	0.0200	0.0185	0.0015	0.0138	0.0138	0.0000	0.0062	0.0047	0.0015	0.0000	0.0000	0.0000	0.0000	0.0000	0.0000	0.0000	0.0000	0.0000	0.4199	0.2824	0.1375	0.1855	0.1659	0.0197	0.2343	0.1165	0.1178	0.0000	0.0000	0.0000	0.0000	0.0000	0.0000	0.0000	0.0000	0.0000	0.0476	0.0655	0.0109	0.0745	0.0833	0.0005	0.0263	0.0401	0.0126	
69	85	0.3984	6	1	0	1	0	0	0	0	0	N	N	N	N	N	N	N	N	N	N	N	N	0.0000	0.0000	0.0000	0.0000	0.0000	0.0000	0.0000	0.0000	0.0000	0.0000	0.0000	0.0000	0.0000	0.0374	0.0544	0.0000	0.0766	0.0888	0.0000	0.0000	0.0000	0.0000	0.0000	0.0000	-0.0103	0.0000	15.0008	4.9600	28.2980	0.0000	0.0000	0.0000	0.0000	0.0000	0.0000	0.0000	0.0000	0.0000	0.0198	0.0198	0.0000	0.0198	0.0198	0.0000	0.0000	0.0000	0.0000	0.0000	0.0000	0.0000	0.0000	0.0000	0.0000	0.0000	0.0000	0.0000	0.5276	0.3632	0.1644	0.2577	0.2225	0.0352	0.2699	0.1407	0.1292	0.0000	0.0000	0.0000	0.0000	0.0000	0.0000	0.0000	0.0000	0.0000	0.0374	0.0544	0.0000	0.0766	0.0888	0.0000	0.0000	0.0000	0.0000						
69	86	0.3984	6	1	0	1	0	0	0	0	0	N	N	N	N	N	N	N	N	N	N	N	N	0.0000	0.0000	0.0000	0.0000	0.0000	0.0000	0.0000	0.0000	0.0000	0.0000	0.0000	0.0000	0.0000	0.0382	0.0545	0.0000	0.0732	0.0843	0.0000	0.0000	0.0000	0.0000	0.0000	0.0000	-0.0103	0.0000	10.8154	4.9600	27.4443	0.0000	0.0000	0.0000	0.0000	0.0000	0.0000	0.0000	0.0000	0.0000	0.0198	0.0198	0.0000	0.0198	0.0198	0.0000	0.0000	0.0000	0.0000	0.0000	0.0000	0.0000	0.0000	0.0000	0.0000	0.0000	0.0000	0.0000	0.5168	0.3625	0.1543	0.2697	0.2343	0.0354	0.2470	0.1281	0.1189	0.0000	0.0000	0.0000	0.0000	0.0000	0.0000	0.0000	0.0000	0.0000	0.0382	0.0545	0.0000	0.0732	0.0843	0.0000	0.0000	0.0000	0.0000						
69	87	0.3506	5	1	0	1	0	0	0	0	0	N	N	N	N	N	N	N	N	N	N	N	N	0.0000	0.0000	0.0000	0.0000	0.0000	0.0000	0.0000	0.0000	0.0000	0.0000	0.0000	0.0000	0.0000	0.0000	0.0000	0.0000	0.0000	0.0000	0.0640	0.0607	0.0721	0.0670	0.0771	0.0021	0.0600	0.0242	0.0975	0.4800	0.0000	-0.0093	0.0000	2.7608	4.9600	22.4044	0.0000	0.0000	0.0000	0.0000	0.0000	0.0000	0.0000	0.0000	0.0000	0.0474	0.0320	0.0154	0.0282	0.0281	0.0001	0.0192	0.0040	0.0152	0.0000	0.0000	0.0000	0.0000	0.0000	0.0000	0.0000	0.0000	0.0000	0.7408	0.5277	0.2131	0.4208	0.3641	0.0567	0.3200	0.1637	0.1564	0.0000	0.0000	0.0000	0.0000	0.0000	0.0000	0.0000	0.0000	0.0000	0.0640	0.0607	0.0721	0.0670	0.0771	0.0021	0.0600	0.0242	0.0975	
69	88	0.2208	4	1	0	1	0	0	0	0	0	N	N	N	N	N	N	N	N	N	N	N	N	0.0000	0.0000	0.0000	0.0000	0.0000	0.0000	0.0000	0.0000	0.0000	0.0000	0.0000	0.0000	0.0000	0.0000	0.0000	0.0000	0.0000	0.0000	0.9406	0.6598	1.5165	1.2245	0.9254	3.7648	0.7196	0.3159	1.1588	1.1211	0.0000	0.0047	0.0000	8.8820	4.9600	49.9570	0.0000	0.0000	0.0000	0.0000	0.0000	0.0000	0.0000	0.0000	0.0000	0.6343	0.2990	0.3353	0.3615	0.2366	0.1248	0.2728	0.0624	0.2104	0.0000	0.0000	0.0000	0.0000	0.0000	0.0000	0.0000	0.0000	0.0000	0.6743	0.4533	0.2211	0.2952	0.2557	0.0395	0.3791	0.1976	0.1816	0.0000	0.0000	0.0000	0.0000	0.0000	0.0000	0.0000	0.0000	0.0000	0.9406	0.6598	1.5165	1.2245	0.9254	3.1612	0.7196	0.3159	1.1588	
69	90	0.1054	6	1	1	1	1	0	0	0	0	N	N	N	N	N	N	N	N	N	N	N	N	0.0000	0.0000	0.0000	0.0000	0.0000	0.0000	0.0000	0.0000	0.0000	0.0000	0.0000	0.0000	0.0000	0.0000	0.0000	0.0000	0.0000	0.0000	0.0000	0.0000	0.0000	0.0000	4.9600	0.0000	0.0000	0.0000	0.0000	0.0000	0.0000	0.0000	0.0000	0.0000	0.0000	0.0000	0.0000	0.0000	0.0000	0.0000	0.0000	0.0000	0.0000	0.0000	0.0000	0.0000	0.0000	0.0000	0.0000	0.0000	0.0000	0.0000	0.0000	0.0000	0.0000	0.0000	0.0000	0.0000	0.0000	0.0000	0.0000	0.0000	0.0000	0.0000	0.0000	0.0000	0.0000	0.0000	0.0000	0.0000	0.0000	0.0000	0.0000	0.0000	0.0000	0.0000	0.0000	0.0000	0.0000	0.0000											
69	91	0.0947	5	1	1	1	1	0	0	0	0	N	N	N	N	N	N	N	N	N	N	N	N	0.0000	0.0000	0.0000	0.0000	0.0000	0.0000	0.0000	0.0000	0.0000	0.0000	0.0000	0.0000	0.0000	0.0000	0.0000	0.0000	0.0000	0.0000	0.0000	0.0000	0.0000	1.0000	4.9600	3.0000	0.0000	0.0000	0.0000	0.0000	0.0000	0.0000	0.0000	0.0000	0.0000	0.0000	0.0000	0.0000	0.0000	0.0000	0.0000	0.0000	0.0000	0.0000	0.0000	0.0000	0.0000	0.0000	0.0000	0.0000	0.0000	0.0000	0.0000	0.0506	0.0261	0.0245	0.0068	0.0061	0.0008	0.0438	0.0200	0.0238	0.0000	0.0000	0.0000	0.0000	0.0000	0.0000	0.0000	0.0000	0.0000	0.0000	0.0000	0.0000	0.0000	0.0000	0.0000	0.0000	0.0000	0.0000											
69	92	0.0882	3	1	1	1	0	0	0	0	0	N	N	N	N	N	N	N	N	N	N	N	N	0.0000	0.0000	0.0000	0.0000	0.0000	0.0000	0.0000	0.0000	0.0000	0.0000	0.0000	0.0000	0.0000	0.0000	0.0000	0.0000	0.0000	0.0000	0.0000	0.0000	0.0000	0.0000	4.9600	0.0000	0.0000	0.0000	0.0000	0.0000	0.0000	0.0000	0.0000	0.0000	0.0000	0.0000	0.0000	0.0000	0.0000	0.0000	0.0000	0.0000	0.0000	0.0000	0.0000	0.0000	0.0000	0.0000	0.0000	0.0000	0.0000	0.0000	0.0000	0.0000	0.0000	0.0000	0.0000	0.0000	0.0000	0.0000	0.0000	0.0000	0.0000	0.0000	0.0000	0.0000	0.0000	0.0000	0.0000	0.0000	0.0000	0.0000	0.0000	0.0000	0.0000	0.0000	0.0000	0.0000	0.0000	0.0000											
69	93	0.0947	5	1	0	2	1	0	0	0	0	N	N	Y	N	N	N	N	N	N	N	N	N	0.0000	0.0000	0.0000	0.0000	0.0000	0.0000	0.0000	0.0000	0.0000	0.0000	0.0000	0.0000	0.0000	0.0000	0.0000	0.0000	0.0000	0.0000	0.0000	0.0000	0.0000	0.0000	4.9600	0.0000	0.0000	0.0000	0.0000	0.0000	0.0000	0.0000	0.0000	0.0000	0.0000	0.0000	0.0000	0.0000	0.0000	0.0000	0.0000	0.0000	0.0000	0.0000	0.0000	0.0000	0.0000	0.0000	0.0000	0.0000	0.0000	0.0000	0.0000	0.0000	0.0000	0.0000	0.0000	0.0000	0.0000	0.0000	0.0000	0.0000	0.0000	0.0000	0.0000	0.0000	0.0000	0.0000	0.0000	0.0000	0.0000	0.0000	0.0000	0.0000	0.0000	0.0000	0.0000	0.0000	0.0000	0.0000											
69	94	0.0920	4	1	0	1	1	0	0	0	0	N	N	N	N	N	N	N	N	N	N	N	N	0.0000	0.0000	0.0000	0.0000	0.0000	0.0000	0.0000	0.0000	0.0000	0.0000	0.0000	0.0000	0.0000	0.0000	0.0000	0.0000	0.0000	0.0000	0.0000	0.0000	0.0000	1.0000	4.9600	0.0097	0.0000	0.0000	0.0000	0.0000	0.0000	0.0000	0.0000	0.0000	0.0000	0.0000	0.0000	0.0000	0.0000	0.0000	0.0000	0.0000	0.0000	0.0000	0.0000	0.0000	0.0000	0.0000	0.0000	0.0000	0.0000	0.0000	0.0000	0.0137	0.0070	0.0067	0.0020	0.0018	0.0002	0.0117	0.0052	0.0065	0.0000	0.0000	0.0000	0.0000	0.0000	0.0000	0.0000	0.0000	0.0000	0.0000	0.0000	0.0000	0.0000	0.0000	0.0000	0.0000	0.0000	0.0000											
69	95	0.0920	4	1	0	2	1	0	0	0	0	N	N	Y	N	N	N	N	N	N	N	N	N	0.0000	0.0000	0.0000	0.0000	0.0000	0.0000	0.0000	0.0000	0.0000	0.0000	0.0000	0.0000	0.0000	0.0000	0.0000	0.0000	0.0000	0.0000	0.0000	0.0000	0.0000	2.0000	4.9600	3.0050	0.0000	0.0000	0.0000	0.0000	0.0000	0.0000	0.0000	0.0000	0.0000	0.0000	0.0000	0.0000	0.0000	0.0000	0.0000	0.0000	0.0000	0.0000	0.0000	0.0000	0.0000	0.0000	0.0000	0.0000	0.0000	0.0000	0.0000	0.0629	0.0325	0.0305	0.0086	0.0077	0.0010	0.0543	0.0248	0.0295	0.0000	0.0000	0.0000	0.0000	0.0000	0.0000	0.0000	0.0000	0.0000	0.0000	0.0000	0.0000	0.0000	0.0000	0.0000	0.0000	0.0000	0.0000											
69	96	0.0920	4	1	0	2	1	0	0	0	0	N	N	Y	N	N	N	N	N	N	N	N	N	0.0000	0.0000	0.0000	0.0000	0.0000	0.0000	0.0000	0.0000	0.0000	0.0000	0.0000	0.0000	0.0000	0.0000	0.0000	0.0000	0.0000	0.0000	0.0000	0.0000	0.0000	0.0000	4.9600	6.9903	0.0000	0.0000	0.0000	0.0000	0.0000	0.0000	0.0000	0.0000	0.0000	0.0000	0.0000	0.0000	0.0000	0.0000	0.0000	0.0000	0.0000	0.0000	0.0000	0.0000	0.0000	0.0000	0.0000	0.0000	0.0000	0.0000	0.0000	0.0856	0.0443	0.0414	0.0116	0.0103	0.0013	0.0740	0.0339	0.0401	0.0000	0.0000	0.0000	0.0000	0.0000	0.0000	0.0000	0.0000	0.0000	0.0000	0.0000	0.0000	0.0000	0.0000	0.0000	0.0000	0.0000	0.0000											
69	97	0.0865	3	1	0	1	1	0	0	0	0	N	N	N	N	N	N	N	N	N	N	N	N	0.0000	0.0000	0.0000	0.0000	0.0000	0.0000	0.0000	0.0000	0.0000	0.0000	0.0000	0.0000	0.0000	0.0009	0.0000	0.0020	0.0000	0.0000	0.0000	0.0011	0.0000	0.0021	inf	0.0000	0.0000	0.0000	0.9999	4.9600	1.0605	0.0000	0.0000	0.0000	0.0000	0.0000	0.0000	0.0000	0.0000	0.0000	0.0000	0.0000	0.0000	0.0000	0.0000	0.0000	0.0000	0.0000	0.0000	0.0000	0.0000	0.0000	0.0000	0.0000	0.0000	0.0000	0.0000	0.0000	0.0307	0.0165	0.0142	0.0045	0.0041	0.0004	0.0262	0.0123	0.0138	0.0000	0.0000	0.0000	0.0000	0.0000	0.0000	0.0000	0.0000	0.0000	0.0009	0.0000	0.0020	0.0000	0.0000	0.0000	0.0011	0.0000	0.0021						
69	98	0.0844	2	1	0	1	1	0	0	0	0	N	N	N	N	N	N	N	N	N	N	N	N	0.0000	0.0000	0.0000	0.0000	0.0000	0.0000	0.0000	0.0000	0.0000	0.0000	0.0000	0.0000	0.0000	0.0000	0.0000	0.0000	0.0226	0.0031	0.0470	0.0100	0.0107	0.0000	0.0253	0.0000	0.0483	12.3375	0.0000	0.0002	0.0000	0.0012	4.9600	1.0414	0.0000	0.0000	0.0000	0.0000	0.0000	0.0000	0.0000	0.0000	0.0000	0.0004	0.0000	0.0004	0.0000	0.0000	0.0000	0.0004	0.0000	0.0004	0.0000	0.0000	0.0000	0.0000	0.0000	0.0000	0.0000	0.0000	0.0000	0.0170	0.0094	0.0076	0.0029	0.0027	0.0002	0.0141	0.0067	0.0074	0.0000	0.0000	0.0000	0.0000	0.0000	0.0000	0.0000	0.0000	0.0000	0.0226	0.0031	0.0470	0.0100	0.0107	0.0000	0.0253	0.0000	0.0483			
69	101	0.0913	4	2	1	1	0	0	0	0	0	Y	N	N	N	N	N	N	N	N	N	N	N	0.0000	0.0000	0.0000	0.0000	0.0000	0.0000	0.0000	0.0000	0.0000	0.0000	0.0000	0.0000	0.0000	0.0000	0.0000	0.0000	0.0000	0.0000	0.0000	0.0000	0.0000	0.0000	4.9600	3.0000	0.0000	0.0000	0.0000	0.0000	0.0000	0.0000	0.0000	0.0000	0.0000	0.0000	0.0000	0.0000	0.0000	0.0000	0.0000	0.0000	0.0000	0.0000	0.0000	0.0000	0.0000	0.0000	0.0000	0.0000	0.0000	0.0000	0.0000	0.0408	0.0211	0.0197	0.0051	0.0045	0.0006	0.0357	0.0166	0.0191	0.0000	0.0000	0.0000	0.0000	0.0000	0.0000	0.0000	0.0000	0.0000	0.0000	0.0000	0.0000	0.0000	0.0000	0.0000	0.0000	0.0000	0.0000											
69	102	0.0882	3	2	1	1	0	0	0	0	0	Y	N	N	N	N	N	N	N	N	N	N	N	0.0000	0.0000	0.0000	0.0000	0.0000	0.0000	0.0000	0.0000	0.0000	0.0000	0.0000	0.0000	0.0000	0.0000	0.0000	0.0000	0.0000	0.0000	0.0000	0.0000	0.0000	0.0000	4.9600	1.0000	0.0000	0.0000	0.0000	0.0000	0.0000	0.0000	0.0000	0.0000	0.0000	0.0000	0.0000	0.0000	0.0000	0.0000	0.0000	0.0000	0.0000	0.0000	0.0000	0.0000	0.0000	0.0000	0.0000	0.0000	0.0000	0.0000	0.0000	0.0142	0.0073	0.0069	0.0018	0.0016	0.0002	0.0124	0.0058	0.0067	0.0000	0.0000	0.0000	0.0000	0.0000	0.0000	0.0000	0.0000	0.0000	0.0000	0.0000	0.0000	0.0000	0.0000	0.0000	0.0000	0.0000	0.0000											
69	103	0.0844	2	1	1	1	0	0	0	0	0	N	N	N	N	N	N	N	N	N	N	N	N	0.0000	0.0000	0.0000	0.0000	0.0000	0.0000	0.0000	0.0000	0.0000	0.0000	0.0000	0.0000	0.0000	0.0208	0.0000	0.0465	0.0000	0.0000	0.0000	0.0250	0.0000	0.0478	inf	0.0000	0.0002	0.0000	0.0006	4.9600	1.0534	0.0000	0.0000	0.0000	0.0000	0.0000	0.0000	0.0000	0.0000	0.0000	0.0004	0.0000	0.0004	0.0000	0.0000	0.0000	0.0004	0.0000	0.0004	0.0000	0.0000	0.0000	0.0000	0.0000	0.0000	0.0000	0.0000	0.0000	0.0171	0.0095	0.0076	0.0029	0.0027	0.0002	0.0142	0.0068	0.0074	0.0000	0.0000	0.0000	0.0000	0.0000	0.0000	0.0000	0.0000	0.0000	0.0208	0.0000	0.0465	0.0000	0.0000	0.0000	0.0250	0.0000	0.0478						
69	109	0.3031	5	1	0	1	0	0	0	0	0	N	N	N	N	N	N	N	N	N	N	N	N	0.0000	0.0000	0.0000	0.0000	0.0000	0.0000	0.0000	0.0000	0.0000	0.0000	0.0000	0.0000	0.0000	0.0000	0.0000	1.2907	1.8875	0.0000	2.1709	2.5477	0.0000	0.4641	0.8827	0.0000	0.0000	0.0000	-0.3794	0.0000	7.7801	4.9600	32.2209	0.0000	0.0000	0.0000	0.0000	0.0000	0.0000	0.0000	0.0000	0.0000	0.7281	0.7281	0.0000	0.5931	0.5931	0.0000	0.1350	0.1350	0.0000	0.0000	0.0000	0.0000	0.0000	0.0000	0.0000	0.0000	0.0000	0.0000	0.5642	0.3858	0.1784	0.2732	0.2328	0.0404	0.2910	0.1530	0.1380	0.0000	0.0000	0.0000	0.0000	0.0000	0.0000	0.0000	0.0000	0.0000	1.2907	1.8875	0.0000	2.1709	2.5477	0.0000	0.4641	0.8827	0.0000				
71	75	0.1012	7	0	1	1	0	0	0	0	0	N	N	N	N	N	N	N	N	N	N	N	N	0.0000	0.0000	0.0000	0.0000	0.0000	0.0000	0.0000	0.0000	0.0000	0.0000	0.0000	0.0000	0.0000	0.0000	0.0000	0.0000	0.0000	0.0001	0.0001	0.0000	0.0019	0.0000	0.0000	0.0001	inf	0.0000	0.0000	1.0000	1.9994	0.0055	4.0943	0.0000	0.0000	0.0000	0.0000	0.0000	0.0000	0.0000	0.0000	0.0000	0.0000	0.0000	0.0000	0.0000	0.0000	0.0000	0.0000	0.0000	0.0000	0.0195	0.0169	0.0026	0.0000	0.0000	0.0000	0.0194	0.0169	0.0026	0.0134	0.0080	0.0054	0.0014	0.0013	0.0001	0.0120	0.0067	0.0053	0.0000	0.0000	0.0000	0.0000	0.0000	0.0000	0.0000	0.0000	0.0000	0.0000	0.0000	0.0001	0.0001	0.0000	0.0019	0.0000	0.0000	0.0001				
71	76	0.0950	6	0	0	1	0	0	0	0	0	N	N	N	N	N	N	N	N	N	N	N	N	0.0000	0.0000	0.0000	0.0000	0.0000	0.0000	0.0000	0.0000	0.0000	0.0000	0.0000	0.0000	0.0000	0.0000	0.0000	0.0000	0.0000	0.0002	0.0001	0.0005	0.0004	0.0002	0.0157	0.0002	0.0000	0.0004	3.6968	0.0000	0.0000	1.0000	0.0011	0.0055	2.7207	0.0000	0.0000	0.0000	0.0000	0.0000	0.0000	0.0000	0.0000	0.0000	0.0000	0.0000	0.0000	0.0000	0.0000	0.0000	0.0000	0.0000	0.0000	0.0000	0.0000	0.0000	0.0000	0.0000	0.0000	0.0000	0.0000	0.0000	0.0086	0.0055	0.0031	0.0018	0.0018	0.0000	0.0068	0.0037	0.0031	0.0000	0.0000	0.0000	0.0000	0.0000	0.0000	0.0000	0.0000	0.0000	0.0002	0.0001	0.0005	0.0004	0.0002	0.0157	0.0002	0.0000	0.0004		
71	77	0.0629	5	0	0	1	0	0	0	0	0	N	N	N	N	N	N	N	N	N	N	N	N	0.0000	0.0000	0.0000	0.0000	0.0000	0.0000	0.0000	0.0000	0.0000	0.0000	0.0000	0.0000	0.0000	0.0000	0.0000	0.0000	0.0000	0.0000	0.0052	0.0000	0.0147	0.0026	0.0000	0.0197	0.0069	0.0000	0.0138	1811.0956	0.0000	0.0000	1.0000	0.0001	0.0055	10.0074	0.0000	0.0000	0.0000	0.0000	0.0000	0.0000	0.0000	0.0000	0.0000	0.0001	0.0000	0.0001	0.0000	0.0000	0.0000	0.0001	0.0000	0.0001	0.0000	0.0000	0.0000	0.0000	0.0000	0.0000	0.0000	0.0000	0.0000	0.0189	0.0122	0.0067	0.0075	0.0065	0.0010	0.0114	0.0057	0.0057	0.0000	0.0000	0.0000	0.0000	0.0000	0.0000	0.0000	0.0000	0.0000	0.0052	0.0000	0.0147	0.0026	0.0000	0.0197	0.0069	0.0000	0.0138	
71	78	0.0831	6	1	0	2	0	0	0	0	0	N	N	Y	N	N	N	N	N	N	N	N	N	0.0000	0.0000	0.0000	0.0000	0.0000	0.0000	0.0000	0.0000	0.0000	0.0000	0.0000	0.0000	0.0000	0.0000	0.0000	0.0000	0.0000	0.0000	0.0000	-0.0000	1.0000	1.6246	0.0055	0.0115	0.0000	0.0000	0.0000	0.0000	0.0000	0.0000	0.0000	0.0000	0.0000	0.0000	0.0000	0.0000	0.0000	0.0000	0.0000	0.0000	0.0000	0.0000	0.0153	0.0133	0.0020	0.0000	0.0000	0.0000	0.0153	0.0133	0.0020	0.0032	0.0022	0.0011	0.0014	0.0012	0.0002	0.0018	0.0009	0.0009	0.0000	0.0000	0.0000	0.0000	0.0000	0.0000	0.0000	0.0000	0.0000	0.0000	0.0000	0.0000	0.0000	0.0000	0.0000	0.0000	0.0000	0.0000											
71	79	0.0629	5	1	0	2	0	0	0	0	0	N	N	Y	N	N	N	N	N	N	N	N	N	0.0000	0.0000	0.0000	0.0000	0.0000	0.0000	0.0000	0.0000	0.0000	0.0000	0.0000	0.0000	0.0000	0.0000	0.0000	0.0000	0.0000	0.0000	0.0000	0.0000	1.0000	8.1927	0.0055	3.9952	0.0000	0.0000	0.0000	0.0000	0.0000	0.0000	0.0000	0.0000	0.0000	0.0000	0.0000	0.0000	0.0000	0.0000	0.0000	0.0000	0.0000	0.0000	0.0715	0.0622	0.0093	0.0000	0.0000	0.0000	0.0715	0.0622	0.0093	0.0224	0.0144	0.0079	0.0088	0.0076	0.0012	0.0136	0.0068	0.0068	0.0000	0.0000	0.0000	0.0000	0.0000	0.0000	0.0000	0.0000	0.0000	0.0000	0.0000	0.0000	0.0000	0.0000	0.0000	0.0000	0.0000	0.0000											
71	80	0.0629	5	0	1	1	1	0	0	0	0	N	N	N	N	N	N	N	N	N	N	N	N	0.0000	0.0000	0.0000	0.0000	0.0000	0.0000	0.0000	0.0000	0.0000	0.0000	0.0000	0.0000	0.0000	0.0000	0.0000	0.0019	0.0000	0.0054	0.0017	0.0000	0.0118	0.0021	0.0000	0.0043	inf	0.0000	0.0000	1.0000	0.7962	0.0055	19.0091	0.0000	0.0000	0.0000	0.0000	0.0000	0.0000	0.0000	0.0000	0.0000	0.0001	0.0000	0.0001	0.0000	0.0000	0.0000	0.0000	0.0000	0.0000	0.0067	0.0058	0.0009	0.0000	0.0000	0.0000	0.0067	0.0058	0.0009	0.0308	0.0197	0.0111	0.0118	0.0101	0.0017	0.0190	0.0096	0.0094	0.0000	0.0000	0.0000	0.0000	0.0000	0.0000	0.0000	0.0000	0.0000	0.0019	0.0000	0.0054	0.0017	0.0000	0.0118	0.0021	0.0000	0.0043				
71	81	0.0629	5	0	1	1	0	0	0	0	0	N	N	N	N	N	N	N	N	N	N	N	N	0.0000	0.0000	0.0000	0.0000	0.0000	0.0000	0.0000	0.0000	0.0000	0.0000	0.0000	0.0000	0.0000	0.0000	0.0000	0.0000	0.0000	0.0023	0.0008	0.0050	0.0028	0.0016	0.0093	0.0021	0.0000	0.0042	3.5000	0.0000	0.0000	1.0000	0.7962	0.0055	25.3140	0.0000	0.0000	0.0000	0.0000	0.0000	0.0000	0.0000	0.0000	0.0000	0.0001	0.0000	0.0001	0.0000	0.0000	0.0000	0.0001	0.0000	0.0001	0.0067	0.0058	0.0009	0.0000	0.0000	0.0000	0.0067	0.0058	0.0009	0.0386	0.0245	0.0140	0.0145	0.0123	0.0021	0.0241	0.0122	0.0119	0.0000	0.0000	0.0000	0.0000	0.0000	0.0000	0.0000	0.0000	0.0000	0.0023	0.0008	0.0050	0.0028	0.0016	0.0093	0.0021	0.0000	0.0042		
71	82	0.0629	5	0	1	1	0	0	0	0	0	N	N	N	N	N	N	N	N	N	N	N	N	0.0000	0.0000	0.0000	0.0000	0.0000	0.0000	0.0000	0.0000	0.0000	0.0000	0.0000	0.0000	0.0000	0.0000	0.0000	0.0017	0.0000	0.0046	0.0013	0.0000	0.0086	0.0019	0.0000	0.0039	inf	0.0000	0.0000	1.0000	1.7961	0.0055	27.0091	0.0000	0.0000	0.0000	0.0000	0.0000	0.0000	0.0000	0.0000	0.0000	0.0001	0.0000	0.0001	0.0000	0.0000	0.0000	0.0001	0.0000	0.0001	0.0150	0.0130	0.0020	0.0000	0.0000	0.0000	0.0150	0.0130	0.0020	0.0416	0.0264	0.0152	0.0155	0.0131	0.0023	0.0262	0.0133	0.0129	0.0000	0.0000	0.0000	0.0000	0.0000	0.0000	0.0000	0.0000	0.0000	0.0017	0.0000	0.0046	0.0013	0.0000	0.0086	0.0019	0.0000	0.0039				
71	83	0.1305	6	0	0	1	0	0	0	0	0	N	N	N	N	N	N	N	N	N	N	N	N	3.3986	20.2325	0.0000	178.1984	295.6075	0.0000	0.0000	0.0000	0.0000	0.0012	0.0013	0.0000	0.0387	0.0403	0.0000	0.0000	0.0000	0.0000	0.0003	0.0001	0.0008	0.0002	0.0001	0.0010	0.0004	0.0000	0.0008	0.0000	7.0513	-0.0000	0.0000	1.0000	10.0679	0.0055	33.8159	0.0001	0.0001	0.0000	0.0001	0.0001	0.0000	0.0000	0.0000	0.0000	0.0000	0.0000	0.0000	0.0000	0.0000	0.0000	0.0000	0.0000	0.0000	0.0775	0.0676	0.0099	0.0023	0.0022	0.0001	0.0751	0.0653	0.0098	0.0801	0.0517	0.0285	0.0264	0.0239	0.0025	0.0537	0.0278	0.0260	3.3986	20.2325	0.0000	178.1984	295.6075	0.0000	0.0000	0.0000	0.0000	0.0003	0.0001	0.0008	0.0002	0.0001	0.0010	0.0004	0.0000	0.0008
71	84	0.1029	5	0	0	1	0	0	0	0	0	N	N	N	N	N	N	N	N	N	N	N	N	30.9608	47.1870	0.0000	103.2844	118.9325	0.0000	24.5529	481.9827	0.0000	0.0211	0.0244	0.0000	0.1099	0.1107	0.0000	0.0106	0.0125	0.0000	0.0007	0.0005	0.0011	0.0011	0.0009	0.0036	0.0004	0.0000	0.0009	0.0000	0.9031	-0.0000	-0.0000	1.0000	0.9441	0.0055	14.0836	0.0002	0.0002	0.0000	0.0001	0.0001	0.0000	0.0001	0.0001	0.0000	0.0000	0.0000	0.0000	0.0000	0.0000	0.0000	0.0000	0.0000	0.0000	0.0095	0.0082	0.0013	0.0010	0.0010	0.0000	0.0085	0.0072	0.0013	0.0628	0.0436	0.0192	0.0249	0.0236	0.0012	0.0379	0.0200	0.0180	30.9608	47.1870	0.0000	103.2844	118.9325	0.0000	24.5529	481.9827	0.0000	0.0007	0.0005	0.0011	0.0011	0.0009	0.0036	0.0004	0.0000	0.0009
71	85	0.3851	8	0	0	1	0	0	0	0	0	N	N	N	N	N	N	N	N	N	N	N	N	65.1874	51.9982	0.0000	5.8796	5.4543	0.0000	252.4637	216.1291	0.0000	0.0130	0.0148	0.0000	0.0022	0.0023	0.0000	0.0143	0.0164	0.0000	0.0002	0.0003	0.0000	0.0004	0.0004	0.0000	0.0001	0.0001	0.0000	0.0000	0.0760	-0.0001	-0.0000	1.0000	15.0008	0.0055	28.2980	0.0011	0.0011	0.0000	0.0000	0.0000	0.0000	0.0011	0.0011	0.0000	0.0000	0.0000	0.0000	0.0000	0.0000	0.0000	0.0000	0.0000	0.0000	0.0832	0.0731	0.0101	0.0090	0.0086	0.0003	0.0743	0.0645	0.0098	0.0456	0.0297	0.0159	0.0201	0.0177	0.0024	0.0255	0.0120	0.0135	65.1874	51.9982	0.0000	5.8796	5.4543	0.0000	252.4637	216.1291	0.0000	0.0002	0.0003	0.0000	0.0004	0.0004	0.0000	0.0001	0.0001	0.0000
71	86	0.3851	8	0	0	1	0	0	0	0	0	N	N	N	N	N	N	N	N	N	N	N	N	57.0053	83.3454	0.0000	5.8585	6.5539	0.0000	81.2095	332.9955	0.0000	0.0217	0.0248	0.0000	0.0027	0.0027	0.0000	0.0250	0.0292	0.0000	0.0004	0.0003	0.0006	0.0005	0.0004	0.0008	0.0003	0.0001	0.0005	0.0000	0.8889	-0.0001	-0.0000	1.0000	10.8154	0.0055	27.4443	0.0011	0.0011	0.0000	0.0000	0.0000	0.0000	0.0011	0.0011	0.0000	0.0000	0.0000	0.0000	0.0000	0.0000	0.0000	0.0000	0.0000	0.0000	0.0499	0.0436	0.0063	0.0075	0.0073	0.0002	0.0424	0.0363	0.0061	0.0419	0.0284	0.0136	0.0203	0.0180	0.0023	0.0217	0.0104	0.0113	57.0053	83.3454	0.0000	5.8585	6.5539	0.0000	81.2095	332.9955	0.0000	0.0004	0.0003	0.0006	0.0005	0.0004	0.0008	0.0003	0.0001	0.0005
71	87	0.3373	7	0	0	1	0	0	0	0	0	N	N	N	N	N	N	N	N	N	N	N	N	1387.7147	1617.2245	0.0000	217.3513	244.2767	0.0000	4190.1930	10496.9422	0.0000	0.2726	0.3070	0.0000	0.0605	0.0626	0.0000	0.4041	0.4811	0.0000	0.0002	0.0002	0.0002	0.0003	0.0003	0.0004	0.0001	0.0000	0.0001	0.0000	0.4528	-0.0015	-0.0000	1.0000	2.7608	0.0055	22.4044	0.0158	0.0158	0.0000	0.0013	0.0013	0.0000	0.0145	0.0145	0.0000	0.0000	0.0000	0.0000	0.0000	0.0000	0.0000	0.0000	0.0000	0.0000	0.0581	0.0516	0.0065	0.0222	0.0215	0.0008	0.0358	0.0301	0.0057	0.1160	0.0826	0.0334	0.0638	0.0565	0.0073	0.0522	0.0261	0.0261	1387.7147	1617.2245	0.0000	217.3513	244.2767	0.0000	4190.1930	10496.9422	0.0000	0.0002	0.0002	0.0002	0.0003	0.0003	0.0004	0.0001	0.0000	0.0001
71	88	0.2075	6	0	0	1	0	0	0	0	0	N	N	N	N	N	N	N	N	N	N	N	N	1529.1908	2879.2503	0.0000	3.0093	2.8454	0.0000	1767.9843	268590.0267	0.0000	11.8985	13.5676	0.0000	0.0224	0.0234	0.0000	14.1896	16.4703	0.0000	0.0078	0.0047	0.0141	0.0075	0.0082	0.0012	0.0080	0.0001	0.0163	0.0000	1.4517	-0.0938	0.0001	1.0000	8.8820	0.0055	49.9570	0.9816	0.9816	0.0000	0.0003	0.0003	0.0000	0.9813	0.9813	0.0000	0.0008	0.0003	0.0005	0.0003	0.0003	0.0000	0.0005	0.0000	0.0005	0.0825	0.0723	0.0101	0.0133	0.0128	0.0006	0.0692	0.0596	0.0096	0.1078	0.0726	0.0352	0.0464	0.0413	0.0051	0.0614	0.0313	0.0301	1529.1908	2879.2503	0.0000	3.0093	2.8454	0.0000	1767.9843	268590.0267	0.0000	0.0078	0.0047	0.0141	0.0075	0.0082	0.0012	0.0080	0.0001	0.0163
71	89	0.0629	5	1	1	1	1	0	0	0	0	N	N	N	N	N	N	N	N	N	N	N	N	0.0000	0.0000	0.0000	0.0000	0.0000	0.0000	0.0000	0.0000	0.0000	0.0000	0.0000	0.0000	0.0000	0.0000	0.0000	0.0000	0.0000	0.0000	0.0000	0.0000	1.0000	0.7962	0.0055	16.9291	0.0000	0.0000	0.0000	0.0000	0.0000	0.0000	0.0000	0.0000	0.0000	0.0000	0.0000	0.0000	0.0000	0.0000	0.0000	0.0000	0.0000	0.0000	0.0067	0.0058	0.0009	0.0000	0.0000	0.0000	0.0067	0.0058	0.0009	0.0281	0.0180	0.0101	0.0109	0.0093	0.0015	0.0172	0.0087	0.0085	0.0000	0.0000	0.0000	0.0000	0.0000	0.0000	0.0000	0.0000	0.0000	0.0000	0.0000	0.0000	0.0000	0.0000	0.0000	0.0000	0.0000	0.0000											
71	90	0.1349	10	0	1	1	1	0	0	0	0	N	N	N	N	N	N	N	N	N	N	N	N	0.0000	0.0000	0.0000	0.0000	0.0000	0.0000	0.0000	0.0000	0.0000	0.0000	0.0000	0.0000	0.0000	0.0000	0.0000	0.0000	0.0000	0.0000	0.0000	0.0000	1.0000	0.0000	0.0055	0.0000	0.0000	0.0000	0.0000	0.0000	0.0000	0.0000	0.0000	0.0000	0.0000	0.0000	0.0000	0.0000	0.0000	0.0000	0.0000	0.0000	0.0000	0.0000	0.0000	0.0000	0.0000	0.0000	0.0000	0.0000	0.0000	0.0000	0.0000	0.0000	0.0000	0.0000	0.0000	0.0000	0.0000	0.0000	0.0000	0.0000	0.0000	0.0000	0.0000	0.0000	0.0000	0.0000	0.0000	0.0000	0.0000	0.0000	0.0000	0.0000	0.0000	0.0000	0.0000	0.0000	0.0000	0.0000											
71	91	0.1242	9	0	1	1	1	0	0	0	0	N	N	N	N	N	N	N	N	N	N	N	N	0.0000	0.0000	0.0000	0.0000	0.0000	0.0000	0.0000	0.0000	0.0000	0.0000	0.0000	0.0000	0.0000	0.0000	0.0000	0.0000	0.0000	0.0000	0.0000	0.0000	1.0000	1.0000	0.0055	3.0000	0.0000	0.0000	0.0000	0.0000	0.0000	0.0000	0.0000	0.0000	0.0000	0.0000	0.0000	0.0000	0.0000	0.0000	0.0000	0.0000	0.0000	0.0000	0.0096	0.0083	0.0013	0.0001	0.0001	0.0000	0.0095	0.0082	0.0013	0.0073	0.0051	0.0022	0.0036	0.0031	0.0005	0.0037	0.0020	0.0017	0.0000	0.0000	0.0000	0.0000	0.0000	0.0000	0.0000	0.0000	0.0000	0.0000	0.0000	0.0000	0.0000	0.0000	0.0000	0.0000	0.0000	0.0000											
71	92	0.1177	7	0	1	1	0	0	0	0	0	N	N	N	N	N	N	N	N	N	N	N	N	0.0000	0.0000	0.0000	0.0000	0.0000	0.0000	0.0000	0.0000	0.0000	0.0000	0.0000	0.0000	0.0000	0.0000	0.0000	0.0000	0.0000	0.0000	0.0000	0.0000	1.0000	0.0000	0.0055	0.0000	0.0000	0.0000	0.0000	0.0000	0.0000	0.0000	0.0000	0.0000	0.0000	0.0000	0.0000	0.0000	0.0000	0.0000	0.0000	0.0000	0.0000	0.0000	0.0000	0.0000	0.0000	0.0000	0.0000	0.0000	0.0000	0.0000	0.0000	0.0000	0.0000	0.0000	0.0000	0.0000	0.0000	0.0000	0.0000	0.0000	0.0000	0.0000	0.0000	0.0000	0.0000	0.0000	0.0000	0.0000	0.0000	0.0000	0.0000	0.0000	0.0000	0.0000	0.0000	0.0000	0.0000	0.0000											
71	93	0.1242	9	0	0	2	1	0	0	0	0	N	N	Y	N	N	N	N	N	N	N	N	N	0.0000	0.0000	0.0000	0.0000	0.0000	0.0000	0.0000	0.0000	0.0000	0.0000	0.0000	0.0000	0.0000	0.0000	0.0000	0.0000	0.0000	0.0000	0.0000	0.0000	1.0000	0.0000	0.0055	0.0000	0.0000	0.0000	0.0000	0.0000	0.0000	0.0000	0.0000	0.0000	0.0000	0.0000	0.0000	0.0000	0.0000	0.0000	0.0000	0.0000	0.0000	0.0000	0.0000	0.0000	0.0000	0.0000	0.0000	0.0000	0.0000	0.0000	0.0000	0.0000	0.0000	0.0000	0.0000	0.0000	0.0000	0.0000	0.0000	0.0000	0.0000	0.0000	0.0000	0.0000	0.0000	0.0000	0.0000	0.0000	0.0000	0.0000	0.0000	0.0000	0.0000	0.0000	0.0000	0.0000	0.0000	0.0000											
71	94	0.1215	8	0	0	1	1	0	0	0	0	N	N	N	N	N	N	N	N	N	N	N	N	0.0000	0.0000	0.0000	0.0000	0.0000	0.0000	0.0000	0.0000	0.0000	0.0000	0.0000	0.0000	0.0000	0.0000	0.0000	0.0000	0.0000	0.0000	0.0000	0.0000	1.0000	1.0000	0.0055	0.0097	0.0000	0.0000	0.0000	0.0000	0.0000	0.0000	0.0000	0.0000	0.0000	0.0000	0.0000	0.0000	0.0000	0.0000	0.0000	0.0000	0.0000	0.0000	0.0095	0.0083	0.0013	0.0001	0.0001	0.0000	0.0095	0.0082	0.0013	0.0020	0.0014	0.0006	0.0010	0.0009	0.0001	0.0010	0.0005	0.0005	0.0000	0.0000	0.0000	0.0000	0.0000	0.0000	0.0000	0.0000	0.0000	0.0000	0.0000	0.0000	0.0000	0.0000	0.0000	0.0000	0.0000	0.0000											
71	95	0.1215	8	0	0	2	1	0	0	0	0	N	N	Y	N	N	N	N	N	N	N	N	N	0.0000	0.0000	0.0000	0.0000	0.0000	0.0000	0.0000	0.0000	0.0000	0.0000	0.0000	0.0000	0.0000	0.0000	0.0000	0.0000	0.0000	0.0000	0.0000	0.0000	1.0000	2.0000	0.0055	3.0050	0.0000	0.0000	0.0000	0.0000	0.0000	0.0000	0.0000	0.0000	0.0000	0.0000	0.0000	0.0000	0.0000	0.0000	0.0000	0.0000	0.0000	0.0000	0.0189	0.0164	0.0025	0.0001	0.0001	0.0000	0.0188	0.0163	0.0025	0.0092	0.0064	0.0028	0.0045	0.0039	0.0006	0.0046	0.0025	0.0022	0.0000	0.0000	0.0000	0.0000	0.0000	0.0000	0.0000	0.0000	0.0000	0.0000	0.0000	0.0000	0.0000	0.0000	0.0000	0.0000	0.0000	0.0000											
71	96	0.1215	8	0	0	2	1	0	0	0	0	N	N	Y	N	N	N	N	N	N	N	N	N	0.0000	0.0000	0.0000	0.0000	0.0000	0.0000	0.0000	0.0000	0.0000	0.0000	0.0000	0.0000	0.0000	0.0000	0.0000	0.0000	0.0000	0.0000	0.0000	0.0000	1.0000	0.0000	0.0055	6.9903	0.0000	0.0000	0.0000	0.0000	0.0000	0.0000	0.0000	0.0000	0.0000	0.0000	0.0000	0.0000	0.0000	0.0000	0.0000	0.0000	0.0000	0.0000	0.0000	0.0000	0.0000	0.0000	0.0000	0.0000	0.0000	0.0000	0.0000	0.0125	0.0087	0.0038	0.0061	0.0053	0.0008	0.0064	0.0034	0.0029	0.0000	0.0000	0.0000	0.0000	0.0000	0.0000	0.0000	0.0000	0.0000	0.0000	0.0000	0.0000	0.0000	0.0000	0.0000	0.0000	0.0000	0.0000											
71	97	0.1160	7	0	0	1	1	0	0	0	0	N	N	N	N	N	N	N	N	N	N	N	N	0.0000	0.0000	0.0000	0.0000	0.0000	0.0000	0.0000	0.0000	0.0000	0.0000	0.0000	0.0000	0.0000	0.0000	0.0000	0.0000	0.0000	0.0000	0.0000	0.0000	1.0000	0.9999	0.0055	1.0605	0.0000	0.0000	0.0000	0.0000	0.0000	0.0000	0.0000	0.0000	0.0000	0.0000	0.0000	0.0000	0.0000	0.0000	0.0000	0.0000	0.0000	0.0000	0.0095	0.0082	0.0013	0.0000	0.0000	0.0000	0.0095	0.0082	0.0013	0.0043	0.0031	0.0012	0.0021	0.0019	0.0003	0.0022	0.0012	0.0010	0.0000	0.0000	0.0000	0.0000	0.0000	0.0000	0.0000	0.0000	0.0000	0.0000	0.0000	0.0000	0.0000	0.0000	0.0000	0.0000	0.0000	0.0000											
71	98	0.1139	6	0	0	1	1	0	0	0	0	N	N	N	N	N	N	N	N	N	N	N	N	0.0000	0.0000	0.0000	0.0000	0.0000	0.0000	0.0000	0.0000	0.0000	0.0000	0.0000	0.0000	0.0000	0.0000	0.0000	0.0000	0.0000	0.0000	0.0000	-0.0000	1.0000	0.0012	0.0055	1.0414	0.0000	0.0000	0.0000	0.0000	0.0000	0.0000	0.0000	0.0000	0.0000	0.0000	0.0000	0.0000	0.0000	0.0000	0.0000	0.0000	0.0000	0.0000	0.0000	0.0000	0.0000	0.0000	0.0000	0.0000	0.0000	0.0000	0.0000	0.0025	0.0019	0.0007	0.0012	0.0011	0.0001	0.0013	0.0007	0.0006	0.0000	0.0000	0.0000	0.0000	0.0000	0.0000	0.0000	0.0000	0.0000	0.0000	0.0000	0.0000	0.0000	0.0000	0.0000	0.0000	0.0000	0.0000											
71	99	0.0629	5	1	1	1	0	0	0	0	0	N	N	N	N	N	N	N	N	N	N	N	N	0.0000	0.0000	0.0000	0.0000	0.0000	0.0000	0.0000	0.0000	0.0000	0.0000	0.0000	0.0000	0.0000	0.0000	0.0000	0.0000	0.0000	0.0000	0.0000	0.0000	1.0000	3.2042	0.0055	9.0918	0.0000	0.0000	0.0000	0.0000	0.0000	0.0000	0.0000	0.0000	0.0000	0.0000	0.0000	0.0000	0.0000	0.0000	0.0000	0.0000	0.0000	0.0000	0.0295	0.0256	0.0039	0.0000	0.0000	0.0000	0.0295	0.0256	0.0039	0.0227	0.0146	0.0081	0.0089	0.0077	0.0012	0.0138	0.0069	0.0068	0.0000	0.0000	0.0000	0.0000	0.0000	0.0000	0.0000	0.0000	0.0000	0.0000	0.0000	0.0000	0.0000	0.0000	0.0000	0.0000	0.0000	0.0000											
71	100	0.0629	5	0	1	1	0	0	0	0	0	N	N	N	N	N	N	N	N	N	N	N	N	0.0000	0.0000	0.0000	0.0000	0.0000	0.0000	0.0000	0.0000	0.0000	0.0000	0.0000	0.0000	0.0000	0.0015	0.0000	0.0043	0.0000	0.0000	0.0000	0.0025	0.0000	0.0051	inf	0.0000	0.0000	1.0000	0.7962	0.0055	10.9291	0.0000	0.0000	0.0000	0.0000	0.0000	0.0000	0.0000	0.0000	0.0000	0.0000	0.0000	0.0000	0.0000	0.0000	0.0000	0.0000	0.0000	0.0000	0.0067	0.0058	0.0009	0.0000	0.0000	0.0000	0.0067	0.0058	0.0009	0.0197	0.0127	0.0070	0.0078	0.0068	0.0010	0.0119	0.0060	0.0059	0.0000	0.0000	0.0000	0.0000	0.0000	0.0000	0.0000	0.0000	0.0000	0.0015	0.0000	0.0043	0.0000	0.0000	0.0000	0.0025	0.0000	0.0051						
71	101	0.1207	8	1	1	1	0	0	0	0	0	N	N	N	N	N	N	N	N	N	N	N	N	0.0000	0.0000	0.0000	0.0000	0.0000	0.0000	0.0000	0.0000	0.0000	0.0000	0.0000	0.0000	0.0000	0.0000	0.0000	0.0000	0.0000	0.0000	0.0000	0.0000	1.0000	0.0000	0.0055	3.0000	0.0000	0.0000	0.0000	0.0000	0.0000	0.0000	0.0000	0.0000	0.0000	0.0000	0.0000	0.0000	0.0000	0.0000	0.0000	0.0000	0.0000	0.0000	0.0000	0.0000	0.0000	0.0000	0.0000	0.0000	0.0000	0.0000	0.0000	0.0055	0.0038	0.0016	0.0027	0.0023	0.0004	0.0028	0.0015	0.0013	0.0000	0.0000	0.0000	0.0000	0.0000	0.0000	0.0000	0.0000	0.0000	0.0000	0.0000	0.0000	0.0000	0.0000	0.0000	0.0000	0.0000	0.0000											
71	102	0.1177	7	1	1	1	0	0	0	0	0	N	N	N	N	N	N	N	N	N	N	N	N	0.0000	0.0000	0.0000	0.0000	0.0000	0.0000	0.0000	0.0000	0.0000	0.0000	0.0000	0.0000	0.0000	0.0000	0.0000	0.0000	0.0000	0.0000	0.0000	0.0000	1.0000	0.0000	0.0055	1.0000	0.0000	0.0000	0.0000	0.0000	0.0000	0.0000	0.0000	0.0000	0.0000	0.0000	0.0000	0.0000	0.0000	0.0000	0.0000	0.0000	0.0000	0.0000	0.0000	0.0000	0.0000	0.0000	0.0000	0.0000	0.0000	0.0000	0.0000	0.0019	0.0013	0.0006	0.0009	0.0008	0.0001	0.0010	0.0005	0.0004	0.0000	0.0000	0.0000	0.0000	0.0000	0.0000	0.0000	0.0000	0.0000	0.0000	0.0000	0.0000	0.0000	0.0000	0.0000	0.0000	0.0000	0.0000											
71	103	0.1139	6	0	1	1	0	0	0	0	0	N	N	N	N	N	N	N	N	N	N	N	N	0.0000	0.0000	0.0000	0.0000	0.0000	0.0000	0.0000	0.0000	0.0000	0.0000	0.0000	0.0000	0.0000	0.0000	0.0000	0.0000	0.0000	0.0000	0.0000	-0.0000	1.0000	0.0006	0.0055	1.0534	0.0000	0.0000	0.0000	0.0000	0.0000	0.0000	0.0000	0.0000	0.0000	0.0000	0.0000	0.0000	0.0000	0.0000	0.0000	0.0000	0.0000	0.0000	0.0000	0.0000	0.0000	0.0000	0.0000	0.0000	0.0000	0.0000	0.0000	0.0026	0.0019	0.0007	0.0013	0.0011	0.0001	0.0013	0.0007	0.0006	0.0000	0.0000	0.0000	0.0000	0.0000	0.0000	0.0000	0.0000	0.0000	0.0000	0.0000	0.0000	0.0000	0.0000	0.0000	0.0000	0.0000	0.0000											
71	104	0.0629	5	0	0	1	0	0	0	0	0	N	N	N	N	N	N	N	N	N	N	N	N	0.0000	0.0000	0.0000	0.0000	0.0000	0.0000	0.0000	0.0000	0.0000	0.0000	0.0000	0.0000	0.0000	0.0000	0.0000	0.0000	0.0000	0.0000	0.0000	0.0000	1.0000	7.2034	0.0055	9.9858	0.0000	0.0000	0.0000	0.0000	0.0000	0.0000	0.0000	0.0000	0.0000	0.0000	0.0000	0.0000	0.0000	0.0000	0.0000	0.0000	0.0000	0.0000	0.0635	0.0552	0.0083	0.0000	0.0000	0.0000	0.0635	0.0552	0.0083	0.0300	0.0192	0.0108	0.0115	0.0099	0.0016	0.0184	0.0093	0.0091	0.0000	0.0000	0.0000	0.0000	0.0000	0.0000	0.0000	0.0000	0.0000	0.0000	0.0000	0.0000	0.0000	0.0000	0.0000	0.0000	0.0000	0.0000											
71	105	0.0415	4	0	0	1	0	0	0	0	0	N	N	N	N	N	N	N	N	N	N	N	N	0.0000	0.0000	0.0000	0.0000	0.0000	0.0000	0.0000	0.0000	0.0000	0.0000	0.0000	0.0000	0.0000	0.0000	0.0000	0.0000	0.0000	0.0000	0.0013	0.0018	0.0001	0.0033	0.0034	0.0004	0.0001	0.0000	0.0001	0.0320	0.0000	-0.0000	1.0000	0.7993	0.0055	5.3573	0.0000	0.0000	0.0000	0.0000	0.0000	0.0000	0.0000	0.0000	0.0000	0.0000	0.0000	0.0000	0.0000	0.0000	0.0000	0.0000	0.0000	0.0000	0.0068	0.0059	0.0009	0.0000	0.0000	0.0000	0.0068	0.0059	0.0009	0.0341	0.0241	0.0100	0.0132	0.0128	0.0004	0.0209	0.0113	0.0096	0.0000	0.0000	0.0000	0.0000	0.0000	0.0000	0.0000	0.0000	0.0000	0.0013	0.0018	0.0001	0.0033	0.0034	0.0004	0.0001	0.0000	0.0001	
71	109	0.2899	7	0	0	1	0	0	0	0	0	N	N	N	N	N	N	N	N	N	N	N	N	3.6250	3.0981	0.0000	13.2088	12.6944	0.0000	0.0000	0.0000	0.0000	0.0049	0.0056	0.0000	0.0367	0.0388	0.0000	0.0000	0.0000	0.0000	0.0013	0.0018	0.0004	0.0028	0.0031	0.0007	0.0002	0.0000	0.0003	0.0000	0.0986	-0.0000	-0.0000	1.0000	7.7801	0.0055	32.2209	0.0003	0.0003	0.0000	0.0003	0.0003	0.0000	0.0000	0.0000	0.0000	0.0001	0.0001	0.0000	0.0001	0.0001	0.0000	0.0000	0.0000	0.0000	0.0655	0.0574	0.0081	0.0087	0.0082	0.0005	0.0568	0.0492	0.0076	0.0832	0.0568	0.0265	0.0378	0.0332	0.0046	0.0455	0.0236	0.0219	3.6250	3.0981	0.0000	13.2088	12.6944	0.0000	0.0000	0.0000	0.0000	0.0013	0.0018	0.0004	0.0028	0.0031	0.0007	0.0002	0.0000	0.0003
72	75	0.0946	6	0	1	1	0	0	0	0	0	N	N	N	N	N	N	N	N	N	N	N	N	0.0000	0.0000	0.0000	0.0000	0.0000	0.0000	0.0000	0.0000	0.0000	0.0000	0.0000	0.0000	0.0000	0.0000	0.0000	0.0000	0.0000	0.0000	0.0132	0.0202	0.0021	0.0975	0.1000	0.0177	0.0009	0.0000	0.0020	0.0668	0.0000	-0.0001	0.0000	1.9994	1.0265	4.0943	0.0000	0.0000	0.0000	0.0000	0.0000	0.0000	0.0000	0.0000	0.0000	0.0002	0.0002	0.0000	0.0002	0.0002	0.0000	0.0000	0.0000	0.0000	0.0000	0.0000	0.0000	0.0000	0.0000	0.0000	0.0000	0.0000	0.0000	0.0146	0.0089	0.0057	0.0019	0.0018	0.0001	0.0127	0.0071	0.0056	0.0000	0.0000	0.0000	0.0000	0.0000	0.0000	0.0000	0.0000	0.0000	0.0132	0.0202	0.0021	0.0975	0.1000	0.0177	0.0009	0.0000	0.0020	
72	76	0.0884	5	0	0	1	0	0	0	0	0	N	N	N	N	N	N	N	N	N	N	N	N	0.0000	0.0000	0.0000	0.0000	0.0000	0.0000	0.0000	0.0000	0.0000	0.0000	0.0000	0.0000	0.0000	0.0000	0.0000	0.0000	0.0000	0.0000	0.0084	0.0023	0.0192	0.0080	0.0065	0.1306	0.0085	0.0000	0.0183	4.5765	0.0000	0.0000	0.0000	0.0011	1.0265	2.7207	0.0000	0.0000	0.0000	0.0000	0.0000	0.0000	0.0000	0.0000	0.0000	0.0001	0.0000	0.0001	0.0000	0.0000	0.0000	0.0001	0.0000	0.0001	0.0000	0.0000	0.0000	0.0000	0.0000	0.0000	0.0000	0.0000	0.0000	0.0094	0.0060	0.0034	0.0022	0.0022	0.0000	0.0072	0.0039	0.0033	0.0000	0.0000	0.0000	0.0000	0.0000	0.0000	0.0000	0.0000	0.0000	0.0084	0.0023	0.0192	0.0080	0.0065	0.1306	0.0085	0.0000	0.0183	
72	77	0.0563	4	0	0	1	0	0	0	0	0	N	N	N	N	N	N	N	N	N	N	N	N	0.0000	0.0000	0.0000	0.0000	0.0000	0.0000	0.0000	0.0000	0.0000	0.0000	0.0000	0.0000	0.0000	0.0000	0.0000	0.0000	0.0000	0.0000	0.5780	0.0086	1.6728	0.0324	0.0158	0.1537	0.9486	0.0002	1.9257	100.5935	0.0000	0.0057	0.0000	0.0001	1.0265	10.0074	0.0000	0.0000	0.0000	0.0000	0.0000	0.0000	0.0000	0.0000	0.0000	0.0122	0.0001	0.0120	0.0003	0.0001	0.0002	0.0119	0.0000	0.0119	0.0000	0.0000	0.0000	0.0000	0.0000	0.0000	0.0000	0.0000	0.0000	0.0210	0.0138	0.0072	0.0085	0.0075	0.0010	0.0125	0.0064	0.0062	0.0000	0.0000	0.0000	0.0000	0.0000	0.0000	0.0000	0.0000	0.0000	0.5780	0.0086	1.6728	0.0324	0.0158	0.1537	0.9486	0.0002	1.9257	
72	78	0.0764	5	1	0	2	0	0	0	0	0	N	N	Y	N	N	N	N	N	N	N	N	N	0.0000	0.0000	0.0000	0.0000	0.0000	0.0000	0.0000	0.0000	0.0000	0.0000	0.0000	0.0000	0.0000	0.0000	0.0000	0.0000	0.0000	0.0000	0.0000	0.0000	0.0000	0.0000	0.0306	0.0000	-0.0000	0.0000	1.6246	1.0265	0.0115	0.0000	0.0000	0.0000	0.0000	0.0000	0.0000	0.0000	0.0000	0.0000	0.0000	0.0000	0.0000	0.0000	0.0000	0.0000	0.0000	0.0000	0.0000	0.0000	0.0000	0.0000	0.0000	0.0000	0.0000	0.0000	0.0000	0.0000	0.0036	0.0024	0.0011	0.0016	0.0014	0.0002	0.0020	0.0011	0.0010	0.0000	0.0000	0.0000	0.0000	0.0000	0.0000	0.0000	0.0000	0.0000	0.0000	0.0000	0.0000	0.0000	0.0000	0.0000	0.0000	0.0000	0.0000						
72	79	0.0563	4	1	0	2	0	0	0	0	0	N	N	Y	N	N	N	N	N	N	N	N	N	0.0000	0.0000	0.0000	0.0000	0.0000	0.0000	0.0000	0.0000	0.0000	0.0000	0.0000	0.0000	0.0000	0.0000	0.0000	0.0000	0.0000	0.0000	0.0000	0.0000	0.0000	0.0000	inf	0.0000	0.0000	0.0000	8.1927	1.0265	3.9952	0.0000	0.0000	0.0000	0.0000	0.0000	0.0000	0.0000	0.0000	0.0000	0.0000	0.0000	0.0000	0.0000	0.0000	0.0000	0.0000	0.0000	0.0000	0.0000	0.0000	0.0000	0.0000	0.0000	0.0000	0.0000	0.0000	0.0000	0.0249	0.0163	0.0085	0.0100	0.0087	0.0012	0.0149	0.0076	0.0073	0.0000	0.0000	0.0000	0.0000	0.0000	0.0000	0.0000	0.0000	0.0000	0.0000	0.0000	0.0000	0.0000	0.0000	0.0000	0.0000	0.0000	0.0000						
72	80	0.0563	4	0	1	1	1	0	0	0	0	N	N	N	N	N	N	N	N	N	N	N	N	0.0000	0.0000	0.0000	0.0000	0.0000	0.0000	0.0000	0.0000	0.0000	0.0000	0.0000	0.0000	0.0000	0.0000	0.0000	0.0000	0.0000	0.0000	0.0653	0.0339	0.1244	0.0653	0.0648	0.0690	0.0653	0.0000	0.1339	1.9474	0.0000	0.0003	0.0000	0.7962	1.0265	19.0091	0.0000	0.0000	0.0000	0.0000	0.0000	0.0000	0.0000	0.0000	0.0000	0.0022	0.0008	0.0015	0.0009	0.0008	0.0001	0.0014	0.0000	0.0014	0.0000	0.0000	0.0000	0.0000	0.0000	0.0000	0.0000	0.0000	0.0000	0.0343	0.0224	0.0119	0.0135	0.0117	0.0017	0.0208	0.0107	0.0102	0.0000	0.0000	0.0000	0.0000	0.0000	0.0000	0.0000	0.0000	0.0000	0.0653	0.0339	0.1244	0.0653	0.0648	0.0690	0.0653	0.0000	0.1339	
72	81	0.0563	4	0	1	1	0	0	0	0	0	N	N	N	N	N	N	N	N	N	N	N	N	0.0000	0.0000	0.0000	0.0000	0.0000	0.0000	0.0000	0.0000	0.0000	0.0000	0.0000	0.0000	0.0000	0.0000	0.0000	0.0000	0.0000	0.0000	0.0719	0.0473	0.1176	0.0858	0.0907	0.0542	0.0632	0.0015	0.1285	1.3410	0.0000	0.0002	0.0000	0.7962	1.0265	25.3140	0.0000	0.0000	0.0000	0.0000	0.0000	0.0000	0.0000	0.0000	0.0000	0.0031	0.0013	0.0018	0.0014	0.0013	0.0001	0.0017	0.0000	0.0016	0.0000	0.0000	0.0000	0.0000	0.0000	0.0000	0.0000	0.0000	0.0000	0.0430	0.0279	0.0150	0.0165	0.0143	0.0022	0.0264	0.0136	0.0128	0.0000	0.0000	0.0000	0.0000	0.0000	0.0000	0.0000	0.0000	0.0000	0.0719	0.0473	0.1176	0.0858	0.0907	0.0542	0.0632	0.0015	0.1285	
72	82	0.0563	4	0	1	1	0	0	0	0	0	N	N	N	N	N	N	N	N	N	N	N	N	0.0000	0.0000	0.0000	0.0000	0.0000	0.0000	0.0000	0.0000	0.0000	0.0000	0.0000	0.0000	0.0000	0.0000	0.0000	0.0000	0.0000	0.0000	0.0401	0.0030	0.1084	0.0118	0.0059	0.0500	0.0575	0.0000	0.1185	19.6744	0.0000	0.0008	0.0000	1.7961	1.0265	27.0091	0.0000	0.0000	0.0000	0.0000	0.0000	0.0000	0.0000	0.0000	0.0000	0.0019	0.0001	0.0018	0.0002	0.0001	0.0001	0.0016	0.0000	0.0016	0.0000	0.0000	0.0000	0.0000	0.0000	0.0000	0.0000	0.0000	0.0000	0.0464	0.0301	0.0163	0.0177	0.0153	0.0024	0.0287	0.0148	0.0139	0.0000	0.0000	0.0000	0.0000	0.0000	0.0000	0.0000	0.0000	0.0000	0.0401	0.0030	0.1084	0.0118	0.0059	0.0500	0.0575	0.0000	0.1185	
72	83	0.1239	5	0	0	1	0	0	0	0	0	N	N	N	N	N	N	N	N	N	N	N	N	0.1096	0.3042	0.0000	4.2468	4.6730	0.0000	0.0000	0.0000	0.0000	0.0011	0.0013	0.0000	0.0384	0.0400	0.0000	0.0000	0.0000	0.0000	0.0104	0.0043	0.0216	0.0090	0.0086	0.0136	0.0112	0.0004	0.0224	0.0000	2.7447	-0.0000	0.0002	0.0000	10.0679	1.0265	33.8159	0.0000	0.0000	0.0000	0.0000	0.0000	0.0000	0.0000	0.0000	0.0000	0.0009	0.0002	0.0007	0.0003	0.0002	0.0000	0.0006	0.0000	0.0006	0.0000	0.0000	0.0000	0.0000	0.0000	0.0000	0.0000	0.0000	0.0000	0.0865	0.0559	0.0306	0.0297	0.0269	0.0028	0.0568	0.0290	0.0279	0.1096	0.3042	0.0000	4.2468	4.6730	0.0000	0.0000	0.0000	0.0000	0.0104	0.0043	0.0216	0.0090	0.0086	0.0136	0.0112	0.0004	0.0224
72	84	0.0963	4	0	0	1	0	0	0	0	0	N	N	N	N	N	N	N	N	N	N	N	N	0.9831	1.1206	0.0000	2.7258	2.9393	0.0000	1.2648	8.3742	0.0000	0.0209	0.0241	0.0000	0.1092	0.1101	0.0000	0.0105	0.0123	0.0000	0.0212	0.0215	0.0206	0.0401	0.0374	0.0846	0.0083	0.0015	0.0156	0.0000	0.4291	-0.0000	-0.0003	0.0000	0.9441	1.0265	14.0836	0.0000	0.0000	0.0000	0.0000	0.0000	0.0000	0.0000	0.0000	0.0000	0.0014	0.0010	0.0004	0.0011	0.0010	0.0001	0.0003	0.0000	0.0003	0.0000	0.0000	0.0000	0.0000	0.0000	0.0000	0.0000	0.0000	0.0000	0.0681	0.0471	0.0211	0.0277	0.0262	0.0015	0.0404	0.0209	0.0195	0.9831	1.1206	0.0000	2.7258	2.9393	0.0000	1.2648	8.3742	0.0000	0.0212	0.0215	0.0206	0.0401	0.0374	0.0846	0.0083	0.0015	0.0156
72	85	0.3785	7	0	0	1	0	0	0	0	0	N	N	N	N	N	N	N	N	N	N	N	N	1.1631	0.8953	0.0000	0.0000	0.0000	0.0000	5.0868	3.4119	0.0000	0.0128	0.0146	0.0000	0.0000	0.0000	0.0000	0.0141	0.0162	0.0000	0.0110	0.0163	0.0011	0.0209	0.0234	0.0013	0.0028	0.0047	0.0011	0.0000	0.0372	-0.0000	-0.0003	0.0000	15.0008	1.0265	28.2980	0.0000	0.0000	0.0000	0.0000	0.0000	0.0000	0.0000	0.0000	0.0000	0.0006	0.0005	0.0000	0.0005	0.0005	0.0000	0.0001	0.0001	0.0000	0.0000	0.0000	0.0000	0.0000	0.0000	0.0000	0.0000	0.0000	0.0000	0.0517	0.0337	0.0180	0.0235	0.0208	0.0027	0.0282	0.0129	0.0153	1.1631	0.8953	0.0000	0.0000	0.0000	0.0000	5.0868	3.4119	0.0000	0.0110	0.0163	0.0011	0.0209	0.0234	0.0013	0.0028	0.0047	0.0011
72	86	0.3785	7	0	0	1	0	0	0	0	0	N	N	N	N	N	N	N	N	N	N	N	N	1.2473	1.4058	0.0000	0.0000	0.0000	0.0000	2.2941	5.2217	0.0000	0.0213	0.0244	0.0000	0.0000	0.0000	0.0000	0.0246	0.0288	0.0000	0.0171	0.0174	0.0165	0.0236	0.0238	0.0224	0.0107	0.0055	0.0153	0.0000	0.4551	-0.0000	-0.0002	0.0000	10.8154	1.0265	27.4443	0.0000	0.0000	0.0000	0.0000	0.0000	0.0000	0.0000	0.0000	0.0000	0.0008	0.0005	0.0003	0.0005	0.0005	0.0001	0.0003	0.0001	0.0002	0.0000	0.0000	0.0000	0.0000	0.0000	0.0000	0.0000	0.0000	0.0000	0.0468	0.0316	0.0152	0.0231	0.0205	0.0025	0.0237	0.0111	0.0126	1.2473	1.4058	0.0000	0.0000	0.0000	0.0000	2.2941	5.2217	0.0000	0.0171	0.0174	0.0165	0.0236	0.0238	0.0224	0.0107	0.0055	0.0153
72	87	0.3307	6	0	0	1	0	0	0	0	0	N	N	N	N	N	N	N	N	N	N	N	N	27.1455	30.1464	0.0000	4.1552	4.5889	0.0000	91.3861	182.7964	0.0000	0.2693	0.3036	0.0000	0.0598	0.0620	0.0000	0.3989	0.4757	0.0000	0.0099	0.0101	0.0095	0.0144	0.0135	0.0212	0.0044	0.0026	0.0062	0.0000	0.3795	-0.0000	-0.0003	0.0000	2.7608	1.0265	22.4044	0.0000	0.0000	0.0000	0.0000	0.0000	0.0000	0.0000	0.0000	0.0000	0.0012	0.0009	0.0003	0.0010	0.0008	0.0002	0.0002	0.0001	0.0002	0.0000	0.0000	0.0000	0.0000	0.0000	0.0000	0.0000	0.0000	0.0000	0.1212	0.0866	0.0347	0.0671	0.0593	0.0078	0.0541	0.0273	0.0268	27.1455	30.1464	0.0000	4.1552	4.5889	0.0000	91.3861	182.7964	0.0000	0.0099	0.0101	0.0095	0.0144	0.0135	0.0212	0.0044	0.0026	0.0062
72	88	0.2009	5	0	0	1	0	0	0	0	0	N	N	N	N	N	N	N	N	N	N	N	N	522.0256	599.0296	0.0000	0.5808	0.6238	0.0000	1358.2082	6891.9669	0.0000	11.7382	13.3946	0.0000	0.0222	0.0232	0.0000	13.9902	16.2521	0.0000	0.0225	0.0224	0.0227	0.0382	0.0372	0.0465	0.0103	0.0024	0.0186	0.0000	0.4886	-0.0000	-0.0005	0.0000	8.8820	1.0265	49.9570	0.0000	0.0000	0.0000	0.0000	0.0000	0.0000	0.0000	0.0000	0.0000	0.0026	0.0017	0.0008	0.0019	0.0016	0.0003	0.0007	0.0001	0.0006	0.0000	0.0000	0.0000	0.0000	0.0000	0.0000	0.0000	0.0000	0.0000	0.1142	0.0771	0.0371	0.0498	0.0443	0.0055	0.0644	0.0328	0.0315	522.0256	599.0296	0.0000	0.5808	0.6238	0.0000	1358.2082	6891.9669	0.0000	0.0225	0.0224	0.0227	0.0382	0.0372	0.0465	0.0103	0.0024	0.0186
72	89	0.0563	4	1	1	1	1	0	0	0	0	N	N	N	N	N	N	N	N	N	N	N	N	0.0000	0.0000	0.0000	0.0000	0.0000	0.0000	0.0000	0.0000	0.0000	0.0000	0.0000	0.0000	0.0000	0.0000	0.0000	0.0000	0.0000	0.0000	0.0000	0.0000	0.0000	0.7962	1.0265	16.9291	0.0000	0.0000	0.0000	0.0000	0.0000	0.0000	0.0000	0.0000	0.0000	0.0000	0.0000	0.0000	0.0000	0.0000	0.0000	0.0000	0.0000	0.0000	0.0000	0.0000	0.0000	0.0000	0.0000	0.0000	0.0000	0.0000	0.0000	0.0312	0.0204	0.0108	0.0124	0.0108	0.0016	0.0189	0.0097	0.0092	0.0000	0.0000	0.0000	0.0000	0.0000	0.0000	0.0000	0.0000	0.0000	0.0000	0.0000	0.0000	0.0000	0.0000	0.0000	0.0000	0.0000	0.0000											
72	90	0.1283	9	0	1	1	1	0	0	0	0	N	N	N	N	N	N	N	N	N	N	N	N	0.0000	0.0000	0.0000	0.0000	0.0000	0.0000	0.0000	0.0000	0.0000	0.0000	0.0000	0.0000	0.0000	0.0000	0.0000	0.0000	0.0000	0.0000	0.0000	0.0000	0.0000	0.0000	1.0265	0.0000	0.0000	0.0000	0.0000	0.0000	0.0000	0.0000	0.0000	0.0000	0.0000	0.0000	0.0000	0.0000	0.0000	0.0000	0.0000	0.0000	0.0000	0.0000	0.0000	0.0000	0.0000	0.0000	0.0000	0.0000	0.0000	0.0000	0.0000	0.0000	0.0000	0.0000	0.0000	0.0000	0.0000	0.0000	0.0000	0.0000	0.0000	0.0000	0.0000	0.0000	0.0000	0.0000	0.0000	0.0000	0.0000	0.0000	0.0000	0.0000	0.0000	0.0000	0.0000	0.0000	0.0000	0.0000											
72	91	0.1176	8	0	1	1	1	0	0	0	0	N	N	N	N	N	N	N	N	N	N	N	N	0.0000	0.0000	0.0000	0.0000	0.0000	0.0000	0.0000	0.0000	0.0000	0.0000	0.0000	0.0000	0.0000	0.0000	0.0000	0.0000	0.0000	0.0000	0.0000	0.0000	0.0000	1.0000	1.0265	3.0000	0.0000	0.0000	0.0000	0.0000	0.0000	0.0000	0.0000	0.0000	0.0000	0.0000	0.0000	0.0000	0.0000	0.0000	0.0000	0.0000	0.0000	0.0000	0.0000	0.0000	0.0000	0.0000	0.0000	0.0000	0.0000	0.0000	0.0000	0.0081	0.0058	0.0024	0.0040	0.0035	0.0005	0.0041	0.0022	0.0019	0.0000	0.0000	0.0000	0.0000	0.0000	0.0000	0.0000	0.0000	0.0000	0.0000	0.0000	0.0000	0.0000	0.0000	0.0000	0.0000	0.0000	0.0000											
72	92	0.1110	6	0	1	1	0	0	0	0	0	N	N	N	N	N	N	N	N	N	N	N	N	0.0000	0.0000	0.0000	0.0000	0.0000	0.0000	0.0000	0.0000	0.0000	0.0000	0.0000	0.0000	0.0000	0.0000	0.0000	0.0000	0.0000	0.0000	0.0000	0.0000	0.0000	0.0000	1.0265	0.0000	0.0000	0.0000	0.0000	0.0000	0.0000	0.0000	0.0000	0.0000	0.0000	0.0000	0.0000	0.0000	0.0000	0.0000	0.0000	0.0000	0.0000	0.0000	0.0000	0.0000	0.0000	0.0000	0.0000	0.0000	0.0000	0.0000	0.0000	0.0000	0.0000	0.0000	0.0000	0.0000	0.0000	0.0000	0.0000	0.0000	0.0000	0.0000	0.0000	0.0000	0.0000	0.0000	0.0000	0.0000	0.0000	0.0000	0.0000	0.0000	0.0000	0.0000	0.0000	0.0000	0.0000	0.0000											
72	93	0.1176	8	0	0	2	1	0	0	0	0	N	N	Y	N	N	N	N	N	N	N	N	N	0.0000	0.0000	0.0000	0.0000	0.0000	0.0000	0.0000	0.0000	0.0000	0.0000	0.0000	0.0000	0.0000	0.0000	0.0000	0.0000	0.0000	0.0000	0.0000	0.0000	0.0000	0.0000	1.0265	0.0000	0.0000	0.0000	0.0000	0.0000	0.0000	0.0000	0.0000	0.0000	0.0000	0.0000	0.0000	0.0000	0.0000	0.0000	0.0000	0.0000	0.0000	0.0000	0.0000	0.0000	0.0000	0.0000	0.0000	0.0000	0.0000	0.0000	0.0000	0.0000	0.0000	0.0000	0.0000	0.0000	0.0000	0.0000	0.0000	0.0000	0.0000	0.0000	0.0000	0.0000	0.0000	0.0000	0.0000	0.0000	0.0000	0.0000	0.0000	0.0000	0.0000	0.0000	0.0000	0.0000	0.0000	0.0000											
72	94	0.1149	7	0	0	1	1	0	0	0	0	N	N	N	N	N	N	N	N	N	N	N	N	0.0000	0.0000	0.0000	0.0000	0.0000	0.0000	0.0000	0.0000	0.0000	0.0000	0.0000	0.0000	0.0000	0.0000	0.0000	0.0000	0.0000	0.0000	0.0000	0.0000	0.0000	1.0000	1.0265	0.0097	0.0000	0.0000	0.0000	0.0000	0.0000	0.0000	0.0000	0.0000	0.0000	0.0000	0.0000	0.0000	0.0000	0.0000	0.0000	0.0000	0.0000	0.0000	0.0000	0.0000	0.0000	0.0000	0.0000	0.0000	0.0000	0.0000	0.0000	0.0022	0.0016	0.0007	0.0011	0.0010	0.0001	0.0011	0.0006	0.0005	0.0000	0.0000	0.0000	0.0000	0.0000	0.0000	0.0000	0.0000	0.0000	0.0000	0.0000	0.0000	0.0000	0.0000	0.0000	0.0000	0.0000	0.0000											
72	95	0.1149	7	0	0	2	1	0	0	0	0	N	N	Y	N	N	N	N	N	N	N	N	N	0.0000	0.0000	0.0000	0.0000	0.0000	0.0000	0.0000	0.0000	0.0000	0.0000	0.0000	0.0000	0.0000	0.0000	0.0000	0.0000	0.0000	0.0000	0.0000	0.0000	0.0000	2.0000	1.0265	3.0050	0.0000	0.0000	0.0000	0.0000	0.0000	0.0000	0.0000	0.0000	0.0000	0.0000	0.0000	0.0000	0.0000	0.0000	0.0000	0.0000	0.0000	0.0000	0.0000	0.0000	0.0000	0.0000	0.0000	0.0000	0.0000	0.0000	0.0000	0.0102	0.0072	0.0030	0.0051	0.0044	0.0006	0.0052	0.0028	0.0024	0.0000	0.0000	0.0000	0.0000	0.0000	0.0000	0.0000	0.0000	0.0000	0.0000	0.0000	0.0000	0.0000	0.0000	0.0000	0.0000	0.0000	0.0000											
72	96	0.1149	7	0	0	2	1	0	0	0	0	N	N	Y	N	N	N	N	N	N	N	N	N	0.0000	0.0000	0.0000	0.0000	0.0000	0.0000	0.0000	0.0000	0.0000	0.0000	0.0000	0.0000	0.0000	0.0365	0.0517	0.0000	0.0741	0.0847	0.0000	0.0000	0.0000	0.0000	0.0000	0.0000	-0.0003	0.0000	0.0000	1.0265	6.9903	0.0000	0.0000	0.0000	0.0000	0.0000	0.0000	0.0000	0.0000	0.0000	0.0005	0.0005	0.0000	0.0005	0.0005	0.0000	0.0000	0.0000	0.0000	0.0000	0.0000	0.0000	0.0000	0.0000	0.0000	0.0000	0.0000	0.0000	0.0140	0.0099	0.0041	0.0069	0.0060	0.0009	0.0071	0.0039	0.0033	0.0000	0.0000	0.0000	0.0000	0.0000	0.0000	0.0000	0.0000	0.0000	0.0365	0.0517	0.0000	0.0741	0.0847	0.0000	0.0000	0.0000	0.0000						
72	97	0.1093	6	0	0	1	1	0	0	0	0	N	N	N	N	N	N	N	N	N	N	N	N	0.0000	0.0000	0.0000	0.0000	0.0000	0.0000	0.0000	0.0000	0.0000	0.0000	0.0000	0.0000	0.0000	0.0000	0.0000	0.0000	0.0000	0.0000	0.0000	0.0000	0.0000	0.9999	1.0265	1.0605	0.0000	0.0000	0.0000	0.0000	0.0000	0.0000	0.0000	0.0000	0.0000	0.0000	0.0000	0.0000	0.0000	0.0000	0.0000	0.0000	0.0000	0.0000	0.0000	0.0000	0.0000	0.0000	0.0000	0.0000	0.0000	0.0000	0.0000	0.0048	0.0035	0.0013	0.0024	0.0021	0.0003	0.0024	0.0014	0.0011	0.0000	0.0000	0.0000	0.0000	0.0000	0.0000	0.0000	0.0000	0.0000	0.0000	0.0000	0.0000	0.0000	0.0000	0.0000	0.0000	0.0000	0.0000											
72	98	0.1072	5	0	0	1	1	0	0	0	0	N	N	N	N	N	N	N	N	N	N	N	N	0.0000	0.0000	0.0000	0.0000	0.0000	0.0000	0.0000	0.0000	0.0000	0.0000	0.0000	0.0000	0.0000	0.0000	0.0000	0.0000	0.0000	0.0000	0.0000	0.0000	0.0000	0.0000	0.0408	0.0000	-0.0000	0.0000	0.0012	1.0265	1.0414	0.0000	0.0000	0.0000	0.0000	0.0000	0.0000	0.0000	0.0000	0.0000	0.0000	0.0000	0.0000	0.0000	0.0000	0.0000	0.0000	0.0000	0.0000	0.0000	0.0000	0.0000	0.0000	0.0000	0.0000	0.0000	0.0000	0.0000	0.0028	0.0020	0.0007	0.0014	0.0012	0.0001	0.0014	0.0008	0.0006	0.0000	0.0000	0.0000	0.0000	0.0000	0.0000	0.0000	0.0000	0.0000	0.0000	0.0000	0.0000	0.0000	0.0000	0.0000	0.0000	0.0000	0.0000						
72	99	0.0563	4	1	1	1	0	0	0	0	0	N	N	N	N	N	N	N	N	N	N	N	N	0.0000	0.0000	0.0000	0.0000	0.0000	0.0000	0.0000	0.0000	0.0000	0.0000	0.0000	0.0000	0.0000	0.0000	0.0000	0.0000	0.0000	0.0000	0.0000	0.0000	0.0000	3.2042	1.0265	9.0918	0.0000	0.0000	0.0000	0.0000	0.0000	0.0000	0.0000	0.0000	0.0000	0.0000	0.0000	0.0000	0.0000	0.0000	0.0000	0.0000	0.0000	0.0000	0.0000	0.0000	0.0000	0.0000	0.0000	0.0000	0.0000	0.0000	0.0000	0.0252	0.0165	0.0086	0.0101	0.0088	0.0012	0.0151	0.0077	0.0074	0.0000	0.0000	0.0000	0.0000	0.0000	0.0000	0.0000	0.0000	0.0000	0.0000	0.0000	0.0000	0.0000	0.0000	0.0000	0.0000	0.0000	0.0000											
72	100	0.0563	4	0	1	1	0	0	0	0	0	N	N	N	N	N	N	N	N	N	N	N	N	0.0000	0.0000	0.0000	0.0000	0.0000	0.0000	0.0000	0.0000	0.0000	0.0000	0.0000	0.0000	0.0000	0.0000	0.0000	0.0000	0.0000	0.4735	0.0021	1.3791	0.0079	0.0038	0.0373	0.7889	0.0000	1.6031	347.9030	0.0000	0.0049	0.0000	0.7962	1.0265	10.9291	0.0000	0.0000	0.0000	0.0000	0.0000	0.0000	0.0000	0.0000	0.0000	0.0104	0.0000	0.0103	0.0001	0.0000	0.0000	0.0103	0.0000	0.0103	0.0000	0.0000	0.0000	0.0000	0.0000	0.0000	0.0000	0.0000	0.0000	0.0219	0.0144	0.0075	0.0088	0.0078	0.0011	0.0130	0.0066	0.0064	0.0000	0.0000	0.0000	0.0000	0.0000	0.0000	0.0000	0.0000	0.0000	0.4735	0.0021	1.3791	0.0079	0.0038	0.0373	0.7889	0.0000	1.6031		
72	101	0.1141	7	1	1	1	0	0	0	0	0	N	N	N	N	N	N	N	N	N	N	N	N	0.0000	0.0000	0.0000	0.0000	0.0000	0.0000	0.0000	0.0000	0.0000	0.0000	0.0000	0.0000	0.0000	0.0000	0.0000	0.0000	0.0000	0.0000	0.0000	0.0000	0.0000	0.0000	1.0265	3.0000	0.0000	0.0000	0.0000	0.0000	0.0000	0.0000	0.0000	0.0000	0.0000	0.0000	0.0000	0.0000	0.0000	0.0000	0.0000	0.0000	0.0000	0.0000	0.0000	0.0000	0.0000	0.0000	0.0000	0.0000	0.0000	0.0000	0.0000	0.0061	0.0043	0.0018	0.0030	0.0026	0.0004	0.0031	0.0017	0.0014	0.0000	0.0000	0.0000	0.0000	0.0000	0.0000	0.0000	0.0000	0.0000	0.0000	0.0000	0.0000	0.0000	0.0000	0.0000	0.0000	0.0000	0.0000											
72	102	0.1110	6	1	1	1	0	0	0	0	0	N	N	N	N	N	N	N	N	N	N	N	N	0.0000	0.0000	0.0000	0.0000	0.0000	0.0000	0.0000	0.0000	0.0000	0.0000	0.0000	0.0000	0.0000	0.0000	0.0000	0.0000	0.0000	0.0000	0.0000	0.0000	0.0000	0.0000	1.0265	1.0000	0.0000	0.0000	0.0000	0.0000	0.0000	0.0000	0.0000	0.0000	0.0000	0.0000	0.0000	0.0000	0.0000	0.0000	0.0000	0.0000	0.0000	0.0000	0.0000	0.0000	0.0000	0.0000	0.0000	0.0000	0.0000	0.0000	0.0000	0.0021	0.0015	0.0006	0.0010	0.0009	0.0001	0.0011	0.0006	0.0005	0.0000	0.0000	0.0000	0.0000	0.0000	0.0000	0.0000	0.0000	0.0000	0.0000	0.0000	0.0000	0.0000	0.0000	0.0000	0.0000	0.0000	0.0000											
72	103	0.1072	5	0	1	1	0	0	0	0	0	N	N	N	N	N	N	N	N	N	N	N	N	0.0000	0.0000	0.0000	0.0000	0.0000	0.0000	0.0000	0.0000	0.0000	0.0000	0.0000	0.0000	0.0000	0.0000	0.0000	0.0000	0.0000	0.0000	0.0000	0.0000	0.0000	0.0000	0.0408	0.0000	-0.0000	0.0000	0.0006	1.0265	1.0534	0.0000	0.0000	0.0000	0.0000	0.0000	0.0000	0.0000	0.0000	0.0000	0.0000	0.0000	0.0000	0.0000	0.0000	0.0000	0.0000	0.0000	0.0000	0.0000	0.0000	0.0000	0.0000	0.0000	0.0000	0.0000	0.0000	0.0000	0.0028	0.0021	0.0007	0.0014	0.0012	0.0001	0.0014	0.0008	0.0006	0.0000	0.0000	0.0000	0.0000	0.0000	0.0000	0.0000	0.0000	0.0000	0.0000	0.0000	0.0000	0.0000	0.0000	0.0000	0.0000	0.0000	0.0000						
72	104	0.0563	4	0	0	1	0	0	0	0	0	N	N	N	N	N	N	N	N	N	N	N	N	0.0000	0.0000	0.0000	0.0000	0.0000	0.0000	0.0000	0.0000	0.0000	0.0000	0.0000	0.0000	0.0000	0.0000	0.0000	0.0000	0.0000	0.0000	0.0000	0.0000	0.0000	0.0000	inf	0.0000	0.0000	0.0000	7.2034	1.0265	9.9858	0.0000	0.0000	0.0000	0.0000	0.0000	0.0000	0.0000	0.0000	0.0000	0.0000	0.0000	0.0000	0.0000	0.0000	0.0000	0.0000	0.0000	0.0000	0.0000	0.0000	0.0000	0.0000	0.0000	0.0000	0.0000	0.0000	0.0000	0.0333	0.0218	0.0115	0.0131	0.0114	0.0017	0.0202	0.0103	0.0099	0.0000	0.0000	0.0000	0.0000	0.0000	0.0000	0.0000	0.0000	0.0000	0.0000	0.0000	0.0000	0.0000	0.0000	0.0000	0.0000	0.0000	0.0000						
72	105	0.0349	3	0	0	1	0	0	0	0	0	N	N	N	N	N	N	N	N	N	N	N	N	0.0000	0.0000	0.0000	0.0000	0.0000	0.0000	0.0000	0.0000	0.0000	0.0000	0.0000	0.0000	0.0000	0.0000	0.0000	0.0000	0.0000	0.0000	0.0359	0.0415	0.0229	0.0724	0.0739	0.0227	0.0118	0.0013	0.0229	0.2395	0.0000	-0.0004	0.0000	0.7993	1.0265	5.3573	0.0000	0.0000	0.0000	0.0000	0.0000	0.0000	0.0000	0.0000	0.0000	0.0014	0.0011	0.0003	0.0011	0.0011	0.0000	0.0003	0.0000	0.0003	0.0000	0.0000	0.0000	0.0000	0.0000	0.0000	0.0000	0.0000	0.0000	0.0380	0.0265	0.0115	0.0151	0.0147	0.0004	0.0229	0.0118	0.0111	0.0000	0.0000	0.0000	0.0000	0.0000	0.0000	0.0000	0.0000	0.0000	0.0359	0.0415	0.0229	0.0724	0.0739	0.0227	0.0118	0.0013	0.0229	
72	109	0.2832	6	0	0	1	0	0	0	0	0	N	N	N	N	N	N	N	N	N	N	N	N	0.3072	0.3096	0.0000	1.3434	1.3366	0.0000	0.0000	0.0000	0.0000	0.0048	0.0055	0.0000	0.0363	0.0384	0.0000	0.0000	0.0000	0.0000	0.0157	0.0178	0.0113	0.0270	0.0287	0.0144	0.0060	0.0015	0.0106	0.0000	0.2978	-0.0000	-0.0004	0.0000	7.7801	1.0265	32.2209	0.0000	0.0000	0.0000	0.0000	0.0000	0.0000	0.0000	0.0000	0.0000	0.0014	0.0011	0.0003	0.0011	0.0011	0.0001	0.0003	0.0000	0.0003	0.0000	0.0000	0.0000	0.0000	0.0000	0.0000	0.0000	0.0000	0.0000	0.0903	0.0614	0.0289	0.0416	0.0366	0.0049	0.0487	0.0248	0.0239	0.3072	0.3096	0.0000	1.3434	1.3366	0.0000	0.0000	0.0000	0.0000	0.0157	0.0178	0.0113	0.0270	0.0287	0.0144	0.0060	0.0015	0.0106
73	75	0.0880	5	0	1	0	0	0	0	0	0	N	N	N	N	N	N	N	N	N	N	N	N	0.0000	0.0000	0.0000	0.0000	0.0000	0.0000	0.0000	0.0000	0.0000	0.0000	0.0000	0.0000	0.0000	0.0000	0.0000	0.0000	0.0000	0.0000	0.0191	0.0184	0.0209	0.0008	0.0003	0.0036	0.0417	0.0494	0.0293	0.3857	0.0000	-0.0003	0.0000	1.9994	1.0321	4.0943	0.0000	0.0000	0.0000	0.0000	0.0000	0.0000	0.0000	0.0000	0.0000	0.0013	0.0009	0.0004	0.0000	0.0000	0.0000	0.0013	0.0009	0.0003	0.0067	0.0065	0.0001	0.0034	0.0034	0.0000	0.0033	0.0032	0.0001	0.0691	0.0515	0.0175	0.0383	0.0325	0.0058	0.0308	0.0190	0.0118	0.0000	0.0000	0.0000	0.0000	0.0000	0.0000	0.0000	0.0000	0.0000	0.0191	0.0184	0.0209	0.0008	0.0003	0.0036	0.0417	0.0494	0.0293	
73	76	0.0817	4	0	0	0	0	0	0	0	0	N	N	N	N	N	N	N	N	N	N	N	N	0.0000	0.0000	0.0000	0.0000	0.0000	0.0000	0.0000	0.0000	0.0000	0.0000	0.0000	0.0000	0.0000	0.0000	0.0000	0.0000	0.0000	0.0000	0.0951	0.0131	0.3199	0.0221	0.0201	0.0349	0.1851	0.0003	0.4347	8.8908	0.0000	0.0013	0.0000	0.0011	1.0321	2.7207	0.0000	0.0000	0.0000	0.0000	0.0000	0.0000	0.0000	0.0000	0.0000	0.0035	0.0004	0.0031	0.0005	0.0004	0.0001	0.0031	0.0000	0.0031	0.0000	0.0000	0.0000	0.0000	0.0000	0.0000	0.0000	0.0000	0.0000	0.0368	0.0270	0.0098	0.0204	0.0175	0.0028	0.0165	0.0095	0.0070	0.0000	0.0000	0.0000	0.0000	0.0000	0.0000	0.0000	0.0000	0.0000	0.0951	0.0131	0.3199	0.0221	0.0201	0.0349	0.1851	0.0003	0.4347	
73	77	0.0496	3	0	0	0	0	0	0	0	0	N	N	N	N	N	N	N	N	N	N	N	N	0.0000	0.0000	0.0000	0.0000	0.0000	0.0000	0.0000	0.0000	0.0000	0.0000	0.0000	0.0000	0.0000	0.0000	0.0000	0.0000	0.0000	0.0000	4.4101	0.0165	13.3143	0.0341	0.0221	0.1603	9.1934	0.0028	15.3977	397.1418	0.0000	0.4626	0.0000	0.0001	1.0321	10.0074	0.0000	0.0000	0.0000	0.0000	0.0000	0.0000	0.0000	0.0000	0.0000	0.9710	0.0024	0.9685	0.0039	0.0023	0.0016	0.9670	0.0001	0.9669	0.0144	0.0086	0.0058	0.0086	0.0072	0.0014	0.0058	0.0014	0.0043	0.2202	0.1474	0.0727	0.1150	0.1050	0.0099	0.1052	0.0424	0.0628	0.0000	0.0000	0.0000	0.0000	0.0000	0.0000	0.0000	0.0000	0.0000	4.4101	0.0165	13.3143	0.0341	0.0221	0.1603	9.1934	0.0028	15.3977	
73	78	0.0698	4	1	0	1	0	0	0	0	0	N	N	N	N	N	N	N	N	N	N	N	N	0.0000	0.0000	0.0000	0.0000	0.0000	0.0000	0.0000	0.0000	0.0000	0.0000	0.0000	0.0000	0.0000	0.0000	0.0000	0.0000	0.0000	0.0000	0.0000	0.0000	0.0000	0.0000	0.0000	0.0000	0.0000	0.0575	0.0000	-0.0000	0.0000	1.6246	1.0321	0.0115	0.0000	0.0000	0.0000	0.0000	0.0000	0.0000	0.0000	0.0000	0.0000	0.0000	0.0000	0.0000	0.0000	0.0000	0.0000	0.0000	0.0000	0.0000	0.0100	0.0097	0.0003	0.0063	0.0061	0.0001	0.0037	0.0035	0.0002	0.0306	0.0198	0.0108	0.0167	0.0152	0.0015	0.0139	0.0046	0.0093	0.0000	0.0000	0.0000	0.0000	0.0000	0.0000	0.0000	0.0000	0.0000	0.0000	0.0000	0.0000	0.0000	0.0000	0.0000	0.0000	0.0000	0.0000			
73	79	0.0496	3	1	0	1	0	0	0	0	0	N	N	N	N	N	N	N	N	N	N	N	N	0.0000	0.0000	0.0000	0.0000	0.0000	0.0000	0.0000	0.0000	0.0000	0.0000	0.0000	0.0000	0.0000	0.0000	0.0000	0.0000	0.0000	0.0000	0.0001	0.0000	0.0001	0.0001	0.0000	0.0000	0.0000	0.0000	0.0155	0.0000	-0.0000	0.0000	8.1927	1.0321	3.9952	0.0000	0.0000	0.0000	0.0000	0.0000	0.0000	0.0000	0.0000	0.0000	0.0000	0.0000	0.0000	0.0000	0.0000	0.0000	0.0000	0.0000	0.0000	0.0479	0.0424	0.0056	0.0267	0.0253	0.0015	0.0212	0.0171	0.0041	0.2541	0.1706	0.0835	0.1324	0.1210	0.0113	0.1217	0.0496	0.0721	0.0000	0.0000	0.0000	0.0000	0.0000	0.0000	0.0000	0.0000	0.0000	0.0000	0.0001	0.0000	0.0001	0.0001	0.0000	0.0000	0.0000	0.0000		
73	80	0.0496	3	0	1	0	1	0	0	0	0	N	N	N	N	N	N	N	N	N	N	N	N	0.0000	0.0000	0.0000	0.0000	0.0000	0.0000	0.0000	0.0000	0.0000	0.0000	0.0000	0.0000	0.0000	0.0000	0.0000	0.0000	0.0000	0.0000	0.0810	0.0098	0.2290	0.0162	0.0099	0.0837	0.1509	0.0096	0.2516	11.1964	0.0000	0.0107	0.0000	0.7962	1.0321	19.0091	0.0000	0.0000	0.0000	0.0000	0.0000	0.0000	0.0000	0.0000	0.0000	0.0270	0.0022	0.0248	0.0028	0.0016	0.0012	0.0242	0.0006	0.0236	0.0175	0.0118	0.0057	0.0103	0.0089	0.0014	0.0072	0.0029	0.0043	0.3333	0.2250	0.1082	0.1728	0.1583	0.0146	0.1604	0.0668	0.0936	0.0000	0.0000	0.0000	0.0000	0.0000	0.0000	0.0000	0.0000	0.0000	0.0810	0.0098	0.2290	0.0162	0.0099	0.0837	0.1509	0.0096	0.2516	
73	81	0.0496	3	0	1	0	0	0	0	0	0	N	N	N	N	N	N	N	N	N	N	N	N	0.0000	0.0000	0.0000	0.0000	0.0000	0.0000	0.0000	0.0000	0.0000	0.0000	0.0000	0.0000	0.0000	0.0000	0.0000	0.0000	0.0000	0.0000	0.1286	0.0893	0.2116	0.1174	0.1216	0.0716	0.1406	0.0145	0.2333	1.1241	0.0000	0.0004	0.0000	0.7962	1.0321	25.3140	0.0000	0.0000	0.0000	0.0000	0.0000	0.0000	0.0000	0.0000	0.0000	0.0515	0.0242	0.0273	0.0243	0.0231	0.0012	0.0272	0.0012	0.0260	0.0175	0.0118	0.0057	0.0103	0.0089	0.0014	0.0072	0.0029	0.0043	0.4003	0.2715	0.1288	0.2069	0.1896	0.0173	0.1934	0.0819	0.1115	0.0000	0.0000	0.0000	0.0000	0.0000	0.0000	0.0000	0.0000	0.0000	0.1286	0.0893	0.2116	0.1174	0.1216	0.0716	0.1406	0.0145	0.2333	
73	82	0.0496	3	0	1	0	0	0	0	0	0	N	N	N	N	N	N	N	N	N	N	N	N	0.0000	0.0000	0.0000	0.0000	0.0000	0.0000	0.0000	0.0000	0.0000	0.0000	0.0000	0.0000	0.0000	0.0000	0.0000	0.0000	0.0000	0.0000	0.0685	0.0066	0.1998	0.0143	0.0094	0.0677	0.1264	0.0000	0.2203	14.3279	0.0000	0.0121	0.0000	1.7961	1.0321	27.0091	0.0000	0.0000	0.0000	0.0000	0.0000	0.0000	0.0000	0.0000	0.0000	0.0292	0.0019	0.0273	0.0031	0.0019	0.0012	0.0260	0.0000	0.0260	0.0214	0.0158	0.0057	0.0125	0.0110	0.0014	0.0090	0.0047	0.0043	0.4254	0.2890	0.1364	0.2196	0.2013	0.0183	0.2058	0.0877	0.1181	0.0000	0.0000	0.0000	0.0000	0.0000	0.0000	0.0000	0.0000	0.0000	0.0685	0.0066	0.1998	0.0143	0.0094	0.0677	0.1264	0.0000	0.2203	
73	83	0.1172	4	0	0	0	0	0	0	0	0	N	N	N	N	N	N	N	N	N	N	N	N	0.0000	0.0001	0.0000	0.0001	0.0001	0.0000	0.0000	0.0000	0.0000	0.0000	0.0000	0.0000	0.0000	0.0000	0.0000	0.0000	0.0000	0.0000	0.0132	0.0055	0.0366	0.0075	0.0077	0.0068	0.0211	0.0011	0.0513	0.0000	2.2339	-0.0000	0.0025	0.0000	10.0679	1.0321	33.8159	0.0000	0.0000	0.0000	0.0000	0.0000	0.0000	0.0000	0.0000	0.0000	0.0145	0.0045	0.0100	0.0048	0.0042	0.0006	0.0097	0.0003	0.0094	0.0351	0.0339	0.0012	0.0177	0.0176	0.0000	0.0174	0.0163	0.0011	1.0970	0.8231	0.2739	0.6368	0.5464	0.0904	0.4602	0.2767	0.1835	0.0000	0.0001	0.0000	0.0001	0.0001	0.0000	0.0000	0.0000	0.0000	0.0132	0.0055	0.0366	0.0075	0.0077	0.0068	0.0211	0.0011	0.0513
73	84	0.0896	3	0	0	0	0	0	0	0	0	N	N	N	N	N	N	N	N	N	N	N	N	0.0020	0.0021	0.0020	0.0028	0.0029	0.0000	0.0004	0.0000	0.0026	0.0001	0.0001	0.0001	0.0001	0.0001	0.0000	0.0000	0.0000	0.0001	0.0259	0.0255	0.0269	0.0342	0.0336	0.0384	0.0153	0.0049	0.0237	0.0671	0.4727	-0.0000	-0.0043	0.0000	0.9441	1.0321	14.0836	0.0000	0.0000	0.0000	0.0000	0.0000	0.0000	0.0000	0.0000	0.0000	0.0217	0.0148	0.0070	0.0161	0.0140	0.0022	0.0056	0.0008	0.0048	0.0037	0.0035	0.0002	0.0019	0.0019	0.0000	0.0018	0.0016	0.0002	0.8378	0.5782	0.2596	0.4710	0.4150	0.0560	0.3668	0.1632	0.2036	0.0020	0.0021	0.0020	0.0028	0.0029	0.0000	0.0004	0.0000	0.0026	0.0259	0.0255	0.0269	0.0342	0.0336	0.0384	0.0153	0.0049	0.0237
73	85	0.3718	6	0	0	0	0	0	0	0	0	N	N	N	N	N	N	N	N	N	N	N	N	0.0000	0.0000	0.0000	0.0000	0.0000	0.0000	0.0000	0.0000	0.0000	0.0000	0.0000	0.0000	0.0000	0.0000	0.0000	0.0000	0.0000	0.0000	0.0070	0.0093	0.0009	0.0088	0.0108	0.0003	0.0032	0.0048	0.0013	0.0352	0.0000	-0.0048	0.0000	15.0008	1.0321	28.2980	0.0000	0.0000	0.0000	0.0000	0.0000	0.0000	0.0000	0.0000	0.0000	0.0098	0.0094	0.0003	0.0083	0.0082	0.0001	0.0015	0.0013	0.0003	0.0853	0.0794	0.0058	0.0472	0.0444	0.0027	0.0381	0.0350	0.0031	1.4048	1.0178	0.3869	0.9332	0.7555	0.1777	0.4716	0.2624	0.2092	0.0000	0.0000	0.0000	0.0000	0.0000	0.0000	0.0000	0.0000	0.0000	0.0070	0.0093	0.0009	0.0088	0.0108	0.0003	0.0032	0.0048	0.0013	
73	86	0.3718	6	0	0	0	0	0	0	0	0	N	N	N	N	N	N	N	N	N	N	N	N	0.0000	0.0000	0.0000	0.0000	0.0000	0.0000	0.0000	0.0000	0.0000	0.0000	0.0000	0.0000	0.0000	0.0000	0.0000	0.0000	0.0000	0.0000	0.0096	0.0095	0.0097	0.0098	0.0110	0.0048	0.0091	0.0050	0.0140	0.4045	0.0000	-0.0031	0.0000	10.8154	1.0321	27.4443	0.0000	0.0000	0.0000	0.0000	0.0000	0.0000	0.0000	0.0000	0.0000	0.0135	0.0096	0.0039	0.0092	0.0083	0.0009	0.0042	0.0013	0.0030	0.0521	0.0467	0.0054	0.0303	0.0273	0.0030	0.0217	0.0193	0.0024	1.4089	1.0091	0.3998	0.9441	0.7580	0.1860	0.4648	0.2511	0.2138	0.0000	0.0000	0.0000	0.0000	0.0000	0.0000	0.0000	0.0000	0.0000	0.0096	0.0095	0.0097	0.0098	0.0110	0.0048	0.0091	0.0050	0.0140	
73	87	0.3240	5	0	0	0	0	0	0	0	0	N	N	N	N	N	N	N	N	N	N	N	N	0.0000	0.0000	0.0000	0.0000	0.0000	0.0000	0.0000	0.0000	0.0000	0.0000	0.0000	0.0000	0.0000	0.0000	0.0000	0.0000	0.0000	0.0000	0.0127	0.0134	0.0112	0.0156	0.0160	0.0140	0.0070	0.0053	0.0089	0.3385	0.0000	-0.0053	0.0000	2.7608	1.0321	22.4044	0.0000	0.0000	0.0000	0.0000	0.0000	0.0000	0.0000	0.0000	0.0000	0.0198	0.0148	0.0050	0.0162	0.0133	0.0029	0.0036	0.0015	0.0022	0.0233	0.0191	0.0042	0.0147	0.0120	0.0026	0.0086	0.0070	0.0016	1.5538	1.1074	0.4464	1.0362	0.8316	0.2046	0.5176	0.2757	0.2418	0.0000	0.0000	0.0000	0.0000	0.0000	0.0000	0.0000	0.0000	0.0000	0.0127	0.0134	0.0112	0.0156	0.0160	0.0140	0.0070	0.0053	0.0089	
73	88	0.1942	4	0	0	0	0	0	0	0	0	N	N	N	N	N	N	N	N	N	N	N	N	0.0001	0.0001	0.0014	0.0000	0.0000	0.0000	0.0005	0.0004	0.0024	0.0000	0.0000	0.0000	0.0000	0.0000	0.0000	0.0000	0.0000	0.0000	0.0209	0.0200	0.0234	0.0286	0.0271	0.0380	0.0102	0.0050	0.0171	1.1071	0.4077	0.0000	-0.0064	0.0000	8.8820	1.0321	49.9570	0.0000	0.0000	0.0000	0.0000	0.0000	0.0000	0.0000	0.0000	0.0000	0.0279	0.0198	0.0081	0.0222	0.0182	0.0040	0.0057	0.0016	0.0041	0.0324	0.0310	0.0015	0.0166	0.0163	0.0003	0.0158	0.0146	0.0012	1.3322	0.9882	0.3441	0.7768	0.6721	0.1047	0.5554	0.3161	0.2394	0.0001	0.0001	0.0014	0.0000	0.0000	0.0000	0.0005	0.0004	0.0024	0.0209	0.0200	0.0234	0.0286	0.0271	0.0380	0.0102	0.0050	0.0171
73	89	0.0496	3	1	1	0	1	0	0	0	0	N	N	N	N	N	N	N	N	N	N	N	N	0.0000	0.0000	0.0000	0.0000	0.0000	0.0000	0.0000	0.0000	0.0000	0.0000	0.0000	0.0000	0.0000	0.0001	0.0001	0.0000	0.0001	0.0001	0.0000	0.0000	0.0000	0.0000	0.0000	0.0000	-0.0000	0.0000	0.7962	1.0321	16.9291	0.0000	0.0000	0.0000	0.0000	0.0000	0.0000	0.0000	0.0000	0.0000	0.0000	0.0000	0.0000	0.0000	0.0000	0.0000	0.0000	0.0000	0.0000	0.0175	0.0118	0.0057	0.0103	0.0089	0.0014	0.0072	0.0029	0.0043	0.3084	0.2079	0.1005	0.1601	0.1466	0.0136	0.1482	0.0613	0.0869	0.0000	0.0000	0.0000	0.0000	0.0000	0.0000	0.0000	0.0000	0.0000	0.0001	0.0001	0.0000	0.0001	0.0001	0.0000	0.0000	0.0000	0.0000						
73	90	0.1216	8	0	1	0	1	0	0	0	0	N	N	N	N	N	N	N	N	N	N	N	N	0.0000	0.0000	0.0000	0.0000	0.0000	0.0000	0.0000	0.0000	0.0000	0.0000	0.0000	0.0000	0.0000	0.0000	0.0000	0.0000	0.0000	0.0000	0.0000	0.0000	0.0000	0.0000	1.0321	0.0000	0.0000	0.0000	0.0000	0.0000	0.0000	0.0000	0.0000	0.0000	0.0000	0.0000	0.0000	0.0000	0.0000	0.0000	0.0000	0.0000	0.0000	0.0000	0.0000	0.0000	0.0000	0.0000	0.0000	0.0000	0.0000	0.0000	0.0000	0.0000	0.0000	0.0000	0.0000	0.0000	0.0000	0.0000	0.0000	0.0000	0.0000	0.0000	0.0000	0.0000	0.0000	0.0000	0.0000	0.0000	0.0000	0.0000	0.0000	0.0000	0.0000	0.0000	0.0000	0.0000	0.0000	0.0000											
73	91	0.1109	7	0	1	0	1	0	0	0	0	N	N	N	N	N	N	N	N	N	N	N	N	0.0000	0.0000	0.0000	0.0000	0.0000	0.0000	0.0000	0.0000	0.0000	0.0000	0.0000	0.0000	0.0000	0.0000	0.0000	0.0000	0.0000	0.0000	0.0000	0.0000	0.0000	1.0000	1.0321	3.0000	0.0000	0.0000	0.0000	0.0000	0.0000	0.0000	0.0000	0.0000	0.0000	0.0000	0.0000	0.0000	0.0000	0.0000	0.0000	0.0000	0.0000	0.0000	0.0036	0.0035	0.0001	0.0019	0.0019	0.0000	0.0017	0.0016	0.0001	0.0720	0.0468	0.0252	0.0402	0.0364	0.0038	0.0318	0.0104	0.0214	0.0000	0.0000	0.0000	0.0000	0.0000	0.0000	0.0000	0.0000	0.0000	0.0000	0.0000	0.0000	0.0000	0.0000	0.0000	0.0000	0.0000	0.0000											
73	92	0.1044	5	0	1	0	0	0	0	0	0	N	N	N	N	N	N	N	N	N	N	N	N	0.0000	0.0000	0.0000	0.0000	0.0000	0.0000	0.0000	0.0000	0.0000	0.0000	0.0000	0.0000	0.0000	0.0000	0.0000	0.0000	0.0000	0.0000	0.0000	0.0000	0.0000	0.0000	1.0321	0.0000	0.0000	0.0000	0.0000	0.0000	0.0000	0.0000	0.0000	0.0000	0.0000	0.0000	0.0000	0.0000	0.0000	0.0000	0.0000	0.0000	0.0000	0.0000	0.0000	0.0000	0.0000	0.0000	0.0000	0.0000	0.0000	0.0000	0.0000	0.0000	0.0000	0.0000	0.0000	0.0000	0.0000	0.0000	0.0000	0.0000	0.0000	0.0000	0.0000	0.0000	0.0000	0.0000	0.0000	0.0000	0.0000	0.0000	0.0000	0.0000	0.0000	0.0000	0.0000	0.0000	0.0000	0.0000											
73	93	0.1109	7	0	0	1	1	0	0	0	0	N	N	N	N	N	N	N	N	N	N	N	N	0.0000	0.0000	0.0000	0.0000	0.0000	0.0000	0.0000	0.0000	0.0000	0.0000	0.0000	0.0000	0.0000	0.0000	0.0000	0.0000	0.0000	0.0000	0.0000	0.0000	0.0000	0.0000	1.0321	0.0000	0.0000	0.0000	0.0000	0.0000	0.0000	0.0000	0.0000	0.0000	0.0000	0.0000	0.0000	0.0000	0.0000	0.0000	0.0000	0.0000	0.0000	0.0000	0.0000	0.0000	0.0000	0.0000	0.0000	0.0000	0.0000	0.0000	0.0000	0.0000	0.0000	0.0000	0.0000	0.0000	0.0000	0.0000	0.0000	0.0000	0.0000	0.0000	0.0000	0.0000	0.0000	0.0000	0.0000	0.0000	0.0000	0.0000	0.0000	0.0000	0.0000	0.0000	0.0000	0.0000	0.0000	0.0000											
73	94	0.1082	6	0	0	0	1	0	0	0	0	N	N	N	N	N	N	N	N	N	N	N	N	0.0000	0.0000	0.0000	0.0000	0.0000	0.0000	0.0000	0.0000	0.0000	0.0000	0.0000	0.0000	0.0000	0.0000	0.0000	0.0000	0.0000	0.0000	0.0000	0.0000	0.0000	0.0000	0.0000	0.0000	-0.0000	0.0000	1.0000	1.0321	0.0097	0.0000	0.0000	0.0000	0.0000	0.0000	0.0000	0.0000	0.0000	0.0000	0.0000	0.0000	0.0000	0.0000	0.0000	0.0000	0.0000	0.0000	0.0000	0.0036	0.0035	0.0001	0.0019	0.0019	0.0000	0.0017	0.0016	0.0001	0.0192	0.0125	0.0067	0.0107	0.0097	0.0010	0.0085	0.0027	0.0057	0.0000	0.0000	0.0000	0.0000	0.0000	0.0000	0.0000	0.0000	0.0000	0.0000	0.0000	0.0000	0.0000	0.0000	0.0000	0.0000	0.0000	0.0000						
73	95	0.1082	6	0	0	1	1	0	0	0	0	N	N	N	N	N	N	N	N	N	N	N	N	0.0000	0.0000	0.0000	0.0000	0.0000	0.0000	0.0000	0.0000	0.0000	0.0000	0.0000	0.0000	0.0000	0.0000	0.0000	0.0000	0.0000	0.0000	0.0000	0.0000	0.0000	0.0000	0.0000	0.0000	-0.0000	0.0000	2.0000	1.0321	3.0050	0.0000	0.0000	0.0000	0.0000	0.0000	0.0000	0.0000	0.0000	0.0000	0.0000	0.0000	0.0000	0.0000	0.0000	0.0000	0.0000	0.0000	0.0000	0.0071	0.0069	0.0002	0.0038	0.0037	0.0000	0.0033	0.0032	0.0002	0.0887	0.0577	0.0310	0.0495	0.0449	0.0047	0.0392	0.0128	0.0263	0.0000	0.0000	0.0000	0.0000	0.0000	0.0000	0.0000	0.0000	0.0000	0.0000	0.0000	0.0000	0.0000	0.0000	0.0000	0.0000	0.0000	0.0000						
73	96	0.1082	6	0	0	1	1	0	0	0	0	N	N	N	N	N	N	N	N	N	N	N	N	0.0000	0.0000	0.0000	0.0000	0.0000	0.0000	0.0000	0.0000	0.0000	0.0000	0.0000	0.0000	0.0000	0.0000	0.0000	0.0000	0.0000	0.0080	0.0058	0.0122	0.0066	0.0073	0.0000	0.0098	0.0006	0.0143	1.1332	0.0000	0.0000	0.0000	0.0000	1.0321	6.9903	0.0000	0.0000	0.0000	0.0000	0.0000	0.0000	0.0000	0.0000	0.0000	0.0010	0.0004	0.0005	0.0004	0.0004	0.0000	0.0005	0.0000	0.0005	0.0000	0.0000	0.0000	0.0000	0.0000	0.0000	0.0000	0.0000	0.0000	0.1198	0.0780	0.0418	0.0669	0.0606	0.0063	0.0530	0.0174	0.0355	0.0000	0.0000	0.0000	0.0000	0.0000	0.0000	0.0000	0.0000	0.0000	0.0080	0.0058	0.0122	0.0066	0.0073	0.0000	0.0098	0.0006	0.0143		
73	97	0.1027	5	0	0	0	1	0	0	0	0	N	N	N	N	N	N	N	N	N	N	N	N	0.0000	0.0000	0.0000	0.0000	0.0000	0.0000	0.0000	0.0000	0.0000	0.0000	0.0000	0.0000	0.0000	0.0000	0.0000	0.0000	0.0000	0.0000	0.0000	0.0000	0.0000	0.0000	0.0000	0.0000	0.0000	3.1346	0.0000	0.0000	0.0000	0.9999	1.0321	1.0605	0.0000	0.0000	0.0000	0.0000	0.0000	0.0000	0.0000	0.0000	0.0000	0.0000	0.0000	0.0000	0.0000	0.0000	0.0000	0.0000	0.0000	0.0000	0.0057	0.0055	0.0002	0.0034	0.0033	0.0001	0.0023	0.0022	0.0001	0.0385	0.0251	0.0135	0.0215	0.0195	0.0020	0.0171	0.0056	0.0115	0.0000	0.0000	0.0000	0.0000	0.0000	0.0000	0.0000	0.0000	0.0000	0.0000	0.0000	0.0000	0.0000	0.0000	0.0000	0.0000	0.0000	0.0000			
73	98	0.1006	4	0	0	0	1	0	0	0	0	N	N	N	N	N	N	N	N	N	N	N	N	0.0000	0.0000	0.0000	0.0000	0.0000	0.0000	0.0000	0.0000	0.0000	0.0000	0.0000	0.0000	0.0000	0.0000	0.0000	0.0000	0.0000	0.0000	0.0000	0.0000	0.0000	0.0000	0.0000	0.0000	0.0000	0.1916	0.0000	-0.0000	0.0000	0.0012	1.0321	1.0414	0.0000	0.0000	0.0000	0.0000	0.0000	0.0000	0.0000	0.0000	0.0000	0.0000	0.0000	0.0000	0.0000	0.0000	0.0000	0.0000	0.0000	0.0000	0.0000	0.0000	0.0000	0.0000	0.0000	0.0000	0.0000	0.0000	0.0000	0.0201	0.0131	0.0070	0.0112	0.0101	0.0010	0.0089	0.0029	0.0060	0.0000	0.0000	0.0000	0.0000	0.0000	0.0000	0.0000	0.0000	0.0000	0.0000	0.0000	0.0000	0.0000	0.0000	0.0000	0.0000	0.0000	0.0000			
73	99	0.0496	3	1	1	0	0	0	0	0	0	N	N	N	N	N	N	N	N	N	N	N	N	0.0000	0.0000	0.0000	0.0000	0.0000	0.0000	0.0000	0.0000	0.0000	0.0000	0.0000	0.0000	0.0000	0.0000	0.0001	0.0000	0.0001	0.0001	0.0000	0.0000	0.0000	0.0000	0.0000	0.0000	-0.0000	0.0000	3.2042	1.0321	9.0918	0.0000	0.0000	0.0000	0.0000	0.0000	0.0000	0.0000	0.0000	0.0000	0.0000	0.0000	0.0000	0.0000	0.0000	0.0000	0.0000	0.0000	0.0000	0.0283	0.0226	0.0056	0.0162	0.0147	0.0014	0.0121	0.0079	0.0042	0.2568	0.1725	0.0843	0.1338	0.1223	0.0114	0.1231	0.0502	0.0729	0.0000	0.0000	0.0000	0.0000	0.0000	0.0000	0.0000	0.0000	0.0000	0.0000	0.0001	0.0000	0.0001	0.0001	0.0000	0.0000	0.0000	0.0000						
73	100	0.0496	3	0	1	0	0	0	0	0	0	N	N	N	N	N	N	N	N	N	N	N	N	0.0000	0.0000	0.0000	0.0000	0.0000	0.0000	0.0000	0.0000	0.0000	0.0000	0.0000	0.0000	0.0000	0.0000	0.0000	0.0000	0.0000	0.0000	4.1489	0.0034	12.5675	0.0072	0.0045	0.0367	8.6704	0.0009	14.5481	1802.7844	0.0000	0.4520	0.0000	0.7962	1.0321	10.9291	0.0000	0.0000	0.0000	0.0000	0.0000	0.0000	0.0000	0.0000	0.0000	0.9449	0.0005	0.9444	0.0009	0.0005	0.0004	0.9441	0.0000	0.9440	0.0175	0.0118	0.0057	0.0103	0.0089	0.0014	0.0072	0.0029	0.0043	0.2278	0.1526	0.0751	0.1189	0.1086	0.0103	0.1089	0.0440	0.0649	0.0000	0.0000	0.0000	0.0000	0.0000	0.0000	0.0000	0.0000	0.0000	4.1489	0.0034	12.5675	0.0072	0.0045	0.0367	8.6704	0.0009	14.5481	
73	101	0.1075	6	1	1	0	0	0	0	0	0	N	N	N	N	N	N	N	N	N	N	N	N	0.0000	0.0000	0.0000	0.0000	0.0000	0.0000	0.0000	0.0000	0.0000	0.0000	0.0000	0.0000	0.0000	0.0000	0.0000	0.0000	0.0000	0.0000	0.0000	0.0000	0.0000	0.0000	1.0321	3.0000	0.0000	0.0000	0.0000	0.0000	0.0000	0.0000	0.0000	0.0000	0.0000	0.0000	0.0000	0.0000	0.0000	0.0000	0.0000	0.0000	0.0000	0.0000	0.0000	0.0000	0.0000	0.0000	0.0000	0.0000	0.0000	0.0000	0.0000	0.0539	0.0350	0.0189	0.0300	0.0272	0.0028	0.0239	0.0078	0.0161	0.0000	0.0000	0.0000	0.0000	0.0000	0.0000	0.0000	0.0000	0.0000	0.0000	0.0000	0.0000	0.0000	0.0000	0.0000	0.0000	0.0000	0.0000											
73	102	0.1044	5	1	1	0	0	0	0	0	0	N	N	N	N	N	N	N	N	N	N	N	N	0.0000	0.0000	0.0000	0.0000	0.0000	0.0000	0.0000	0.0000	0.0000	0.0000	0.0000	0.0000	0.0000	0.0000	0.0000	0.0000	0.0000	0.0000	0.0000	0.0000	0.0000	0.0000	1.0321	1.0000	0.0000	0.0000	0.0000	0.0000	0.0000	0.0000	0.0000	0.0000	0.0000	0.0000	0.0000	0.0000	0.0000	0.0000	0.0000	0.0000	0.0000	0.0000	0.0000	0.0000	0.0000	0.0000	0.0000	0.0000	0.0000	0.0000	0.0000	0.0189	0.0122	0.0066	0.0105	0.0095	0.0010	0.0084	0.0027	0.0056	0.0000	0.0000	0.0000	0.0000	0.0000	0.0000	0.0000	0.0000	0.0000	0.0000	0.0000	0.0000	0.0000	0.0000	0.0000	0.0000	0.0000	0.0000											
73	103	0.1006	4	0	1	0	0	0	0	0	0	N	N	N	N	N	N	N	N	N	N	N	N	0.0000	0.0000	0.0000	0.0000	0.0000	0.0000	0.0000	0.0000	0.0000	0.0000	0.0000	0.0000	0.0000	0.0000	0.0000	0.0000	0.0000	0.0000	0.0000	0.0000	0.0000	0.0000	0.0000	0.0000	0.0000	0.0591	0.0000	-0.0000	0.0000	0.0006	1.0321	1.0534	0.0000	0.0000	0.0000	0.0000	0.0000	0.0000	0.0000	0.0000	0.0000	0.0000	0.0000	0.0000	0.0000	0.0000	0.0000	0.0000	0.0000	0.0000	0.0000	0.0000	0.0000	0.0000	0.0000	0.0000	0.0000	0.0000	0.0000	0.0203	0.0132	0.0071	0.0113	0.0102	0.0010	0.0090	0.0030	0.0060	0.0000	0.0000	0.0000	0.0000	0.0000	0.0000	0.0000	0.0000	0.0000	0.0000	0.0000	0.0000	0.0000	0.0000	0.0000	0.0000	0.0000	0.0000			
73	104	0.0496	3	0	0	0	0	0	0	0	0	N	N	N	N	N	N	N	N	N	N	N	N	0.0000	0.0000	0.0000	0.0000	0.0000	0.0000	0.0000	0.0000	0.0000	0.0000	0.0000	0.0000	0.0000	0.0000	0.0000	0.0000	0.0000	0.0001	0.0001	0.0000	0.0001	0.0001	0.0000	0.0000	0.0000	0.0000	0.0076	0.0000	-0.0000	0.0000	7.2034	1.0321	9.9858	0.0000	0.0000	0.0000	0.0000	0.0000	0.0000	0.0000	0.0000	0.0000	0.0000	0.0000	0.0000	0.0000	0.0000	0.0000	0.0000	0.0000	0.0000	0.0442	0.0386	0.0056	0.0247	0.0233	0.0015	0.0194	0.0153	0.0041	0.3255	0.2197	0.1058	0.1689	0.1546	0.0143	0.1566	0.0651	0.0916	0.0000	0.0000	0.0000	0.0000	0.0000	0.0000	0.0000	0.0000	0.0000	0.0001	0.0001	0.0000	0.0001	0.0001	0.0000	0.0000	0.0000	0.0000		
73	105	0.0282	2	0	0	0	0	0	0	0	0	N	N	N	N	N	N	N	N	N	N	N	N	0.0002	0.0000	0.0045	0.0000	0.0000	0.0000	0.0024	0.0000	0.0059	0.0000	0.0000	0.0000	0.0000	0.0000	0.0000	0.0000	0.0000	0.0000	0.0287	0.0435	0.0050	0.0492	0.0536	0.0047	0.0040	0.0011	0.0050	inf	0.0720	0.0000	-0.0101	0.0000	0.7993	1.0321	5.3573	0.0000	0.0000	0.0000	0.0000	0.0000	0.0000	0.0000	0.0000	0.0000	0.0223	0.0208	0.0015	0.0209	0.0207	0.0002	0.0014	0.0001	0.0013	0.0052	0.0042	0.0010	0.0028	0.0026	0.0002	0.0023	0.0016	0.0008	0.7794	0.4789	0.3006	0.4249	0.3871	0.0379	0.3545	0.0918	0.2627	0.0002	0.0000	0.0045	0.0000	0.0000	0.0000	0.0024	0.0000	0.0059	0.0287	0.0435	0.0050	0.0492	0.0536	0.0047	0.0040	0.0011	0.0050
73	109	0.2766	5	0	0	0	0	0	0	0	0	N	N	N	N	N	N	N	N	N	N	N	N	0.0000	0.0000	0.0000	0.0000	0.0000	0.0000	0.0000	0.0000	0.0000	0.0000	0.0000	0.0000	0.0000	0.0000	0.0000	0.0000	0.0000	0.0000	0.0146	0.0153	0.0124	0.0192	0.0207	0.0106	0.0079	0.0038	0.0133	0.2899	-0.0000	-0.0051	0.0000	7.7801	1.0321	32.2209	0.0000	0.0000	0.0000	0.0000	0.0000	0.0000	0.0000	0.0000	0.0000	0.0173	0.0134	0.0039	0.0134	0.0123	0.0011	0.0039	0.0011	0.0028	0.0278	0.0267	0.0011	0.0140	0.0140	0.0001	0.0137	0.0127	0.0010	1.1862	0.8742	0.3120	0.6987	0.5971	0.1016	0.4876	0.2772	0.2104	0.0000	0.0000	0.0000	0.0000	0.0000	0.0000	0.0000	0.0000	0.0000	0.0146	0.0153	0.0124	0.0192	0.0207	0.0106	0.0079	0.0038	0.0133	
74	75	0.0825	4	0	1	0	0	0	0	0	0	N	N	N	N	N	N	N	N	N	N	N	N	0.0063	0.0052	0.0000	587.9564	1267.7282	0.0000	0.0000	0.0000	0.0000	0.0235	0.0270	0.0000	2.7712	2.7737	0.0000	0.0000	0.0000	0.0000	3.7576	5.1693	0.0826	0.0047	0.0022	0.0309	6.7497	11.7469	0.0910	0.0000	0.0061	-0.0000	-0.5076	0.5629	1.9994	8.5245	4.0943	0.0002	0.0002	0.0000	0.0002	0.0002	0.0000	0.0000	0.0000	0.0000	0.9857	0.9797	0.0060	0.0005	0.0002	0.0003	0.9851	0.9794	0.0057	0.0098	0.0085	0.0013	0.0001	0.0001	0.0000	0.0097	0.0084	0.0013	0.2623	0.1895	0.0728	0.1164	0.1061	0.0102	0.1460	0.0834	0.0626	0.0063	0.0052	0.0000	587.9564	1267.7282	0.0000	0.0000	0.0000	0.0000	3.7576	5.1693	0.0826	0.0047	0.0022	0.0309	6.7497	11.7469	0.0910
74	76	0.0763	3	0	0	0	0	0	0	0	0	N	N	N	N	N	N	N	N	N	N	N	N	0.0414	0.0881	0.0210	0.6538	0.6909	0.0000	0.0153	0.0576	0.0198	0.0079	0.0078	0.0087	0.0746	0.0746	0.0000	0.0039	0.0032	0.0087	0.1912	0.0887	0.4130	0.1141	0.1080	0.1971	0.2583	0.0554	0.4372	0.1659	2.1516	0.0000	0.0053	0.5629	0.0011	8.5245	2.7207	0.0000	0.0000	0.0000	0.0000	0.0000	0.0000	0.0000	0.0000	0.0000	0.0326	0.0103	0.0222	0.0090	0.0080	0.0011	0.0235	0.0024	0.0212	0.0000	0.0000	0.0000	0.0000	0.0000	0.0000	0.0000	0.0000	0.0000	0.1704	0.1166	0.0539	0.0793	0.0739	0.0054	0.0911	0.0427	0.0484	0.0414	0.0881	0.0210	0.6538	0.6909	0.0000	0.0153	0.0576	0.0198	0.1912	0.0887	0.4130	0.1141	0.1080	0.1971	0.2583	0.0554	0.4372
74	77	0.0442	2	0	0	0	0	0	0	0	0	N	N	N	N	N	N	N	N	N	N	N	N	0.0000	0.0000	0.0000	0.0000	0.0000	0.0000	0.0000	0.0000	0.0000	0.0000	0.0000	0.0000	0.0000	0.0000	0.0000	0.0000	0.0000	0.0000	2.1955	0.1135	5.6408	0.2735	0.1777	2.5452	3.3685	0.0297	5.9433	0.3636	30.0339	0.0000	0.5252	0.5629	0.0001	8.5245	10.0074	0.0000	0.0000	0.0000	0.0000	0.0000	0.0000	0.0000	0.0000	0.0000	1.1757	0.0379	1.1379	0.0555	0.0336	0.0219	1.1202	0.0043	1.1159	0.0299	0.0191	0.0107	0.0168	0.0150	0.0018	0.0131	0.0042	0.0089	0.5355	0.3338	0.2017	0.2030	0.1890	0.0140	0.3326	0.1448	0.1878	0.0000	0.0000	0.0000	0.0000	0.0000	0.0000	0.0000	0.0000	0.0000	2.1955	0.1135	5.6408	0.2735	0.1777	1.5715	3.3685	0.0297	5.9433
74	78	0.0643	3	1	0	1	0	0	0	0	0	N	N	N	N	N	N	N	N	N	N	N	N	45.5508	37.2183	0.6450	33.9563	34.9937	0.0552	9.6043	15.1088	1.3775	0.0197	0.0212	0.0001	0.0278	0.0293	0.0000	0.0013	0.0014	0.0002	0.0004	0.0006	0.0002	0.0008	0.0008	0.0006	0.0001	0.0001	0.0002	0.0004	0.1991	-0.0001	-0.0000	0.5629	1.6246	8.5245	0.0115	0.0007	0.0007	0.0000	0.0007	0.0007	0.0000	0.0000	0.0000	0.0000	0.0000	0.0000	0.0000	0.0000	0.0000	0.0000	0.0000	0.0000	0.0000	0.0338	0.0314	0.0023	0.0235	0.0223	0.0012	0.0103	0.0092	0.0012	0.0807	0.0512	0.0295	0.0351	0.0327	0.0024	0.0456	0.0185	0.0271	45.5508	37.2183	0.6450	33.9563	34.9937	0.0552	9.6043	15.1088	1.3775	0.0004	0.0006	0.0002	0.0008	0.0008	0.0006	0.0001	0.0001	0.0002
74	79	0.0442	2	1	0	1	0	0	0	0	0	N	N	N	N	N	N	N	N	N	N	N	N	6.9290	5.1082	16.6457	8.2432	8.5534	0.4982	9.5308	8.6838	19.6448	0.2000	0.1892	0.2548	0.4722	0.5099	0.0128	0.1116	0.0700	0.2857	0.0289	0.0370	0.0153	0.0573	0.0596	0.0256	0.0117	0.0081	0.0145	0.2642	0.2494	0.0025	-0.0058	0.5629	8.1927	8.5245	3.9952	0.0216	0.0171	0.0045	0.0125	0.0125	0.0000	0.0091	0.0046	0.0045	0.0180	0.0144	0.0036	0.0134	0.0130	0.0004	0.0045	0.0014	0.0032	0.1082	0.0905	0.0177	0.0265	0.0245	0.0020	0.0817	0.0659	0.0157	0.6230	0.3885	0.2345	0.2345	0.2184	0.0161	0.3886	0.1701	0.2184	6.9290	5.1082	16.6457	8.2432	8.5534	0.4982	9.5308	8.6838	19.6448	0.0289	0.0370	0.0153	0.0573	0.0596	0.0256	0.0117	0.0081	0.0145
74	80	0.0442	2	0	1	0	1	0	0	0	0	N	N	N	N	N	N	N	N	N	N	N	N	0.2473	0.7215	0.2203	0.8234	0.7112	0.5947	0.1543	0.0758	0.1783	0.8273	0.4275	1.7448	0.9516	0.6951	3.1914	0.7154	0.0087	1.4684	3.3446	0.5925	7.9195	1.1557	0.9773	5.3664	4.6375	0.1147	8.2361	1.7785	8.0406	0.0170	1.0211	0.5629	0.7962	8.5245	19.0091	0.0312	0.0112	0.0200	0.0170	0.0111	0.0059	0.0142	0.0001	0.0141	2.7725	0.3067	2.4658	0.3558	0.2802	0.0756	2.4167	0.0265	2.3902	0.0377	0.0263	0.0114	0.0179	0.0160	0.0018	0.0198	0.0102	0.0096	0.8289	0.5176	0.3114	0.3078	0.2867	0.0211	0.5211	0.2309	0.2902	0.2473	0.7215	0.2203	0.8234	0.7112	0.8929	0.1543	0.0758	0.1783	3.3446	0.5925	7.9195	1.1557	0.9773	3.5744	4.6375	0.1147	8.2361
74	81	0.0442	2	0	1	0	0	0	0	0	0	N	N	N	N	N	N	N	N	N	N	N	N	0.3794	0.7417	0.3593	0.9112	0.7718	0.9761	0.2518	0.0472	0.2941	0.8273	0.4275	1.7448	0.9516	0.6951	3.1914	0.7154	0.0087	1.4684	2.1805	0.5764	4.8566	1.0443	0.9006	3.2696	2.8407	0.1844	4.9920	1.7785	5.0508	0.0170	0.6877	0.5629	0.7962	8.5245	25.3140	0.0312	0.0112	0.0200	0.0170	0.0111	0.0059	0.0142	0.0001	0.0141	2.1924	0.3623	1.8301	0.3859	0.3099	0.0760	1.8065	0.0525	1.7540	0.0377	0.0263	0.0114	0.0179	0.0160	0.0018	0.0198	0.0102	0.0096	1.0055	0.6286	0.3768	0.3695	0.3441	0.0255	0.6359	0.2846	0.3514	0.3794	0.7417	0.3593	0.9112	0.7718	1.0684	0.2518	0.0472	0.2941	2.1805	0.5764	4.8566	1.0443	0.9006	2.9872	2.8407	0.1844	4.9920
74	82	0.0442	2	0	1	0	0	0	0	0	0	N	N	N	N	N	N	N	N	N	N	N	N	0.3301	0.6759	0.3568	0.9567	0.8173	0.9738	0.1930	0.0550	0.2892	0.6607	0.3217	1.6233	0.8875	0.6444	3.1412	0.5059	0.0056	1.3521	2.0012	0.4759	4.5496	0.9277	0.7884	3.2257	2.6211	0.1020	4.6756	1.7769	5.7216	0.0170	0.7085	0.5629	1.7961	8.5245	27.0091	0.0312	0.0112	0.0200	0.0170	0.0111	0.0059	0.0142	0.0001	0.0141	2.1459	0.3193	1.8267	0.3641	0.2881	0.0760	1.7818	0.0311	1.7506	0.0472	0.0349	0.0123	0.0191	0.0173	0.0019	0.0281	0.0176	0.0104	1.0723	0.6708	0.4015	0.3925	0.3654	0.0271	0.6798	0.3054	0.3744	0.3301	0.6759	0.3568	0.9567	0.8173	1.1187	0.1930	0.0550	0.2892	2.0012	0.4759	4.5496	0.9277	0.7884	2.8078	2.6211	0.1020	4.6756
74	83	0.1118	3	0	0	0	0	0	0	0	0	N	N	N	N	N	N	N	N	N	N	N	N	0.0022	0.0022	0.0046	0.0328	0.0236	0.3424	0.0006	0.0005	0.0019	0.0011	0.0006	0.0041	0.0110	0.0065	0.3425	0.0003	0.0001	0.0016	0.4754	0.2801	0.8874	0.3341	0.2734	1.0002	0.5789	0.2885	0.8893	0.9498	1.5024	0.0000	0.0694	0.5629	10.0679	8.5245	33.8159	0.0001	0.0000	0.0000	0.0001	0.0000	0.0000	0.0000	0.0000	0.0000	0.8746	0.3495	0.5251	0.2598	0.1912	0.0686	0.6148	0.1583	0.4565	0.0881	0.0771	0.0110	0.0059	0.0058	0.0001	0.0822	0.0713	0.0110	1.8396	1.2479	0.5917	0.7777	0.6992	0.0785	1.0619	0.5487	0.5133	0.0022	0.0022	0.0046	0.0328	0.0236	0.3917	0.0006	0.0005	0.0019	0.4754	0.2801	0.8874	0.3341	0.2734	0.8744	0.5789	0.2885	0.8893
74	84	0.0842	2	0	0	0	0	0	0	0	0	N	N	N	N	N	N	N	N	N	N	N	N	0.0531	0.0468	0.0891	0.3610	0.3341	0.5932	0.0093	0.0020	0.0490	0.0451	0.0397	0.0756	0.2926	0.2614	0.9467	0.0082	0.0019	0.0399	0.8490	0.8490	0.8488	0.8104	0.7824	1.5959	0.8838	0.9800	0.8141	0.3357	0.5282	0.0001	-0.2389	0.5629	0.9441	8.5245	14.0836	0.0005	0.0004	0.0001	0.0004	0.0003	0.0001	0.0001	0.0000	0.0001	1.3619	0.8911	0.4707	0.6167	0.5442	0.0725	0.7452	0.3470	0.3982	0.0107	0.0091	0.0016	0.0014	0.0013	0.0001	0.0093	0.0078	0.0015	1.6041	1.0496	0.5545	0.7610	0.6956	0.0654	0.8432	0.3540	0.4892	0.0531	0.0468	0.0891	0.3610	0.3341	0.8538	0.0093	0.0020	0.0490	0.8490	0.8490	0.8488	0.8104	0.7824	1.1089	0.8838	0.9800	0.8141
74	85	0.3664	5	0	0	0	0	0	0	0	0	N	N	N	N	N	N	N	N	N	N	N	N	0.4448	0.4332	0.0074	1.3349	1.4669	0.0138	0.1946	0.1652	0.0050	0.2667	0.3089	0.0025	0.9225	1.0803	0.0059	0.0955	0.1102	0.0015	0.5997	0.7129	0.3350	0.6910	0.7364	0.4293	0.4906	0.6668	0.3004	0.0013	0.2010	-0.0043	-0.3648	0.5629	15.0008	8.5245	28.2980	0.0452	0.0451	0.0001	0.0323	0.0323	0.0000	0.0128	0.0128	0.0000	1.0315	0.8588	0.1727	0.6467	0.5873	0.0594	0.3848	0.2715	0.1133	0.1694	0.1461	0.0233	0.0351	0.0299	0.0052	0.1343	0.1162	0.0181	1.7201	1.2048	0.5154	0.9358	0.7975	0.1383	0.7843	0.4072	0.3770	0.4448	0.4332	0.0074	1.3349	1.4669	0.0138	0.1946	0.1652	0.0050	0.5997	0.7129	0.3350	0.6910	0.7364	0.4293	0.4906	0.6668	0.3004
74	86	0.3664	5	0	0	0	0	0	0	0	0	N	N	N	N	N	N	N	N	N	N	N	N	0.3346	0.6214	0.1004	1.0628	1.3098	0.0926	0.1149	0.4922	0.1044	0.2543	0.2736	0.1514	0.5982	0.7106	0.0628	0.1173	0.1040	0.1917	0.7599	0.4404	1.5071	0.5628	0.5425	0.6784	1.0206	0.2113	1.8361	0.1039	1.4636	-0.0000	0.0954	0.5629	10.8154	8.5245	27.4443	0.0287	0.0260	0.0027	0.0193	0.0189	0.0004	0.0095	0.0071	0.0024	1.3067	0.5304	0.7763	0.5512	0.4519	0.0993	0.7555	0.0785	0.6770	0.1130	0.0951	0.0179	0.0322	0.0266	0.0056	0.0808	0.0685	0.0123	1.7196	1.2045	0.5151	0.9794	0.8330	0.1464	0.7402	0.3715	0.3687	0.3346	0.6214	0.1004	1.0628	1.3098	0.0926	0.1149	0.4922	0.1044	0.7599	0.4404	1.5071	0.5628	0.5425	0.6784	1.0206	0.2113	1.8361
74	87	0.3186	4	0	0	0	0	0	0	0	0	N	N	N	N	N	N	N	N	N	N	N	N	0.4908	0.4359	0.7378	0.8321	0.7781	1.0553	0.2269	0.1739	0.4187	0.3366	0.3075	0.4725	0.5718	0.5304	0.7742	0.1552	0.1330	0.2553	0.6858	0.7054	0.6404	0.6871	0.6817	0.7336	0.6840	0.7645	0.6098	0.3291	0.3911	0.0035	-0.3970	0.5629	2.7608	8.5245	22.4044	0.0229	0.0173	0.0057	0.0170	0.0131	0.0039	0.0060	0.0042	0.0018	1.6544	1.1893	0.4651	0.9667	0.8209	0.1458	0.6877	0.3684	0.3193	0.0682	0.0561	0.0120	0.0297	0.0247	0.0050	0.0385	0.0315	0.0070	2.4124	1.6861	0.7263	1.4069	1.2042	0.2027	1.0055	0.4819	0.5235	0.4908	0.4359	0.7378	0.8321	0.7781	1.0763	0.2269	0.1739	0.4187	0.6858	0.7054	0.6404	0.6871	0.6817	0.7193	0.6840	0.7645	0.6098
74	88	0.1888	3	0	0	0	0	0	0	0	0	N	N	N	N	N	N	N	N	N	N	N	N	0.1494	0.1571	0.1191	0.8462	0.8622	0.5924	0.0537	0.0479	0.0884	0.1575	0.1611	0.1330	0.7905	0.8034	0.5981	0.0622	0.0557	0.1016	1.0543	1.0257	1.1167	0.9343	0.9318	1.0097	1.1568	1.1636	1.1495	0.1230	0.4991	0.0002	-0.4281	0.5629	8.8820	8.5245	49.9570	0.0136	0.0121	0.0015	0.0090	0.0085	0.0004	0.0047	0.0036	0.0011	2.2755	1.5179	0.7576	0.9290	0.8206	0.1084	1.3465	0.6972	0.6493	0.0866	0.0754	0.0112	0.0113	0.0106	0.0007	0.0753	0.0648	0.0105	2.1584	1.4799	0.6785	0.9944	0.8807	0.1136	1.1640	0.5992	0.5648	0.1494	0.1571	0.1191	0.8462	0.8622	0.6273	0.0537	0.0479	0.0884	1.0543	1.0257	1.1167	0.9343	0.9318	0.9535	1.1568	1.1636	1.1495
74	89	0.0442	2	1	1	0	1	0	0	0	0	N	N	N	N	N	N	N	N	N	N	N	N	0.6225	0.6829	0.6989	0.8341	0.6812	0.9894	0.4965	0.0661	0.5931	0.8273	0.4275	1.7448	0.9516	0.6951	3.1914	0.7154	0.0087	1.4684	1.3290	0.6260	2.4963	1.1409	1.0204	3.2257	1.4408	0.1315	2.4758	1.7785	2.4017	0.0170	0.1878	0.5629	0.7962	8.5245	16.9291	0.0312	0.0112	0.0200	0.0170	0.0111	0.0059	0.0142	0.0001	0.0141	1.0152	0.2985	0.7168	0.3249	0.2706	0.0543	0.6903	0.0278	0.6625	0.0377	0.0263	0.0114	0.0179	0.0160	0.0018	0.0198	0.0102	0.0096	0.7639	0.4768	0.2871	0.2848	0.2652	0.0196	0.4791	0.2115	0.2676	0.6225	0.6829	0.6989	0.8341	0.6812	1.1495	0.4965	0.0661	0.5931	1.3290	0.6260	2.4963	1.1409	1.0204	2.7763	1.4408	0.1315	2.4758
74	90	0.1162	7	0	1	0	1	0	0	0	0	N	N	N	N	N	N	N	N	N	N	N	N	0.0000	0.0000	0.0000	0.0000	0.0000	0.0000	0.0000	0.0000	0.0000	0.0000	0.0000	0.0000	0.0000	0.0000	0.0000	0.0000	0.0000	0.0000	0.0000	0.0000	0.5629	0.0000	8.5245	0.0000	0.0000	0.0000	0.0000	0.0000	0.0000	0.0000	0.0000	0.0000	0.0000	0.0000	0.0000	0.0000	0.0000	0.0000	0.0000	0.0000	0.0000	0.0000	0.0000	0.0000	0.0000	0.0000	0.0000	0.0000	0.0000	0.0000	0.0000	0.0000	0.0000	0.0000	0.0000	0.0000	0.0000	0.0000	0.0000	0.0000	0.0000	0.0000	0.0000	0.0000	0.0000	0.0000	0.0000	0.0000	0.0000	0.0000	0.0000	0.0000	0.0000	0.0000	0.0000	0.0000	0.0000	0.0000											
74	91	0.1055	6	0	1	0	1	0	0	0	0	N	N	N	N	N	N	N	N	N	N	N	N	0.0000	0.0000	0.0000	0.0000	0.0000	0.0000	0.0000	0.0000	0.0000	0.0000	0.0000	0.0000	0.0000	0.0000	0.0000	0.0000	0.0033	0.0045	0.0012	0.0062	0.0067	0.0000	0.0008	0.0000	0.0013	0.1455	0.0000	-0.0002	0.5629	1.0000	8.5245	3.0000	0.0000	0.0000	0.0000	0.0000	0.0000	0.0000	0.0000	0.0000	0.0000	0.0006	0.0006	0.0001	0.0006	0.0006	0.0000	0.0001	0.0000	0.0001	0.0082	0.0073	0.0009	0.0032	0.0030	0.0002	0.0049	0.0043	0.0006	0.1881	0.1214	0.0667	0.0882	0.0815	0.0067	0.0999	0.0399	0.0600	0.0000	0.0000	0.0000	0.0000	0.0000	0.0000	0.0000	0.0000	0.0000	0.0033	0.0045	0.0012	0.0062	0.0067	0.0000	0.0008	0.0000	0.0013			
74	92	0.0989	4	0	1	0	0	0	0	0	0	N	N	N	N	N	N	N	N	N	N	N	N	0.0000	0.0000	0.0000	0.0000	0.0000	0.0000	0.0000	0.0000	0.0000	0.0000	0.0000	0.0000	0.0000	0.0000	0.0000	0.0000	0.0000	0.0000	0.0000	0.0000	0.5629	0.0000	8.5245	0.0000	0.0000	0.0000	0.0000	0.0000	0.0000	0.0000	0.0000	0.0000	0.0000	0.0000	0.0000	0.0000	0.0000	0.0000	0.0000	0.0000	0.0000	0.0000	0.0000	0.0000	0.0000	0.0000	0.0000	0.0000	0.0000	0.0000	0.0000	0.0000	0.0000	0.0000	0.0000	0.0000	0.0000	0.0000	0.0000	0.0000	0.0000	0.0000	0.0000	0.0000	0.0000	0.0000	0.0000	0.0000	0.0000	0.0000	0.0000	0.0000	0.0000	0.0000	0.0000	0.0000	0.0000	0.0000											
74	93	0.1055	6	0	0	1	1	0	0	0	0	N	N	N	N	N	N	N	N	N	N	N	N	0.0000	0.0000	0.0000	0.0000	0.0000	0.0000	0.0000	0.0000	0.0000	0.0000	0.0000	0.0000	0.0000	0.0000	0.0000	0.0000	0.0000	0.0000	0.0000	0.0000	0.5629	0.0000	8.5245	0.0000	0.0000	0.0000	0.0000	0.0000	0.0000	0.0000	0.0000	0.0000	0.0000	0.0000	0.0000	0.0000	0.0000	0.0000	0.0000	0.0000	0.0000	0.0000	0.0000	0.0000	0.0000	0.0000	0.0000	0.0000	0.0000	0.0000	0.0000	0.0000	0.0000	0.0000	0.0000	0.0000	0.0000	0.0000	0.0000	0.0000	0.0000	0.0000	0.0000	0.0000	0.0000	0.0000	0.0000	0.0000	0.0000	0.0000	0.0000	0.0000	0.0000	0.0000	0.0000	0.0000	0.0000	0.0000											
74	94	0.1028	5	0	0	0	1	0	0	0	0	N	N	N	N	N	N	N	N	N	N	N	N	0.0000	0.0000	0.0000	0.0000	0.0000	0.0000	0.0000	0.0000	0.0000	0.0000	0.0000	0.0000	0.0000	0.0000	0.0000	0.0000	0.0003	0.0004	0.0000	0.0006	0.0006	0.0000	0.0000	0.0000	0.0000	0.0054	0.0000	-0.0000	0.5629	1.0000	8.5245	0.0097	0.0000	0.0000	0.0000	0.0000	0.0000	0.0000	0.0000	0.0000	0.0000	0.0000	0.0000	0.0000	0.0000	0.0000	0.0000	0.0000	0.0000	0.0000	0.0082	0.0073	0.0009	0.0032	0.0030	0.0002	0.0049	0.0043	0.0006	0.0503	0.0323	0.0180	0.0237	0.0219	0.0018	0.0266	0.0104	0.0162	0.0000	0.0000	0.0000	0.0000	0.0000	0.0000	0.0000	0.0000	0.0000	0.0003	0.0004	0.0000	0.0006	0.0006	0.0000	0.0000	0.0000	0.0000			
74	95	0.1028	5	0	0	1	1	0	0	0	0	N	N	N	N	N	N	N	N	N	N	N	N	33.9723	24.2960	117.8488	211.9046	175.4944	inf	0.0000	0.0000	0.0000	0.0180	0.0167	0.0286	0.0458	0.0410	0.1030	0.0000	0.0000	0.0000	0.0005	0.0007	0.0002	0.0002	0.0002	0.0000	0.0008	0.0016	0.0003	0.2083	0.1938	0.0000	-0.0000	0.5629	2.0000	8.5245	3.0050	0.0003	0.0002	0.0000	0.0003	0.0002	0.0000	0.0000	0.0000	0.0000	0.0001	0.0001	0.0000	0.0000	0.0000	0.0000	0.0001	0.0001	0.0000	0.0161	0.0143	0.0017	0.0063	0.0058	0.0005	0.0097	0.0085	0.0013	0.2328	0.1502	0.0826	0.1091	0.1008	0.0083	0.1238	0.0495	0.0743	33.9723	24.2960	117.8488	211.9046	175.4944	inf	0.0000	0.0000	0.0000	0.0005	0.0007	0.0002	0.0002	0.0002	0.0000	0.0008	0.0016	0.0003
74	96	0.1028	5	0	0	1	1	0	0	0	0	N	N	N	N	N	N	N	N	N	N	N	N	0.0000	0.0000	0.0000	0.0000	0.0000	0.0000	0.0000	0.0000	0.0000	0.0000	0.0000	0.0000	0.0000	0.0000	0.0000	0.0000	0.0000	0.0078	0.0030	0.0166	0.0013	0.0014	0.0000	0.0135	0.0062	0.0184	3.0438	0.0000	0.0006	0.5629	0.0000	8.5245	6.9903	0.0000	0.0000	0.0000	0.0000	0.0000	0.0000	0.0000	0.0000	0.0000	0.0025	0.0006	0.0019	0.0002	0.0002	0.0000	0.0023	0.0004	0.0019	0.0000	0.0000	0.0000	0.0000	0.0000	0.0000	0.0000	0.0000	0.0000	0.3160	0.2040	0.1119	0.1477	0.1364	0.0113	0.1683	0.0677	0.1007	0.0000	0.0000	0.0000	0.0000	0.0000	0.0000	0.0000	0.0000	0.0000	0.0078	0.0030	0.0166	0.0013	0.0014	0.0000	0.0135	0.0062	0.0184		
74	97	0.0973	4	0	0	0	1	0	0	0	0	N	N	N	N	N	N	N	N	N	N	N	N	0.0000	0.0000	0.0000	0.0000	0.0000	0.0000	0.0000	0.0000	0.0000	0.0000	0.0000	0.0000	0.0000	0.0000	0.0000	0.0000	0.0000	0.0000	0.0002	0.0001	0.0004	0.0001	0.0001	0.0000	0.0002	0.0000	0.0004	2.2718	0.0000	0.0000	0.5629	0.9999	8.5245	1.0605	0.0000	0.0000	0.0000	0.0000	0.0000	0.0000	0.0000	0.0000	0.0000	0.0000	0.0000	0.0000	0.0000	0.0000	0.0000	0.0000	0.0000	0.0000	0.0130	0.0119	0.0011	0.0067	0.0063	0.0004	0.0063	0.0056	0.0007	0.1025	0.0663	0.0363	0.0479	0.0443	0.0035	0.0547	0.0219	0.0327	0.0000	0.0000	0.0000	0.0000	0.0000	0.0000	0.0000	0.0000	0.0000	0.0002	0.0001	0.0004	0.0001	0.0001	0.0000	0.0002	0.0000	0.0004	
74	98	0.0951	3	0	0	0	1	0	0	0	0	N	N	N	N	N	N	N	N	N	N	N	N	204.2199	185.1919	281.9453	147.5221	143.7689	183.1543	331.8791	1024.3766	247.0320	0.1425	0.1387	0.1696	0.1600	0.1534	0.2405	0.1189	0.1163	0.1301	0.0007	0.0007	0.0006	0.0011	0.0011	0.0013	0.0004	0.0001	0.0005	0.1688	0.4294	0.0000	-0.0000	0.5629	0.0012	8.5245	1.0414	0.0000	0.0000	0.0000	0.0000	0.0000	0.0000	0.0000	0.0000	0.0000	0.0000	0.0000	0.0000	0.0000	0.0000	0.0000	0.0000	0.0000	0.0000	0.0000	0.0000	0.0000	0.0000	0.0000	0.0000	0.0000	0.0000	0.0000	0.0545	0.0355	0.0190	0.0255	0.0237	0.0018	0.0290	0.0118	0.0172	204.2199	185.1919	281.9453	147.5221	143.7689	183.1543	331.8791	1024.3766	247.0320	0.0007	0.0007	0.0006	0.0011	0.0011	0.0013	0.0004	0.0001	0.0005
74	99	0.0442	2	1	1	0	0	0	0	0	0	N	N	N	N	N	N	N	N	N	N	N	N	7.7426	6.8050	10.2081	9.8745	10.3890	0.5310	6.0997	4.0291	11.5923	0.3170	0.3121	0.3346	0.5824	0.6386	0.0134	0.1834	0.1042	0.3864	0.0409	0.0459	0.0328	0.0590	0.0615	0.0253	0.0301	0.0259	0.0333	0.2966	0.4314	0.0027	-0.0057	0.5629	3.2042	8.5245	9.0918	0.0201	0.0155	0.0046	0.0124	0.0124	0.0000	0.0077	0.0032	0.0046	0.0258	0.0180	0.0078	0.0140	0.0136	0.0004	0.0118	0.0045	0.0074	0.0635	0.0498	0.0138	0.0213	0.0194	0.0019	0.0422	0.0304	0.0119	0.6301	0.3929	0.2371	0.2370	0.2207	0.0163	0.3931	0.1722	0.2209	7.7426	6.8050	10.2081	9.8745	10.3890	0.5310	6.0997	4.0291	11.5923	0.0409	0.0459	0.0328	0.0590	0.0615	0.0253	0.0301	0.0259	0.0333
74	100	0.0442	2	0	1	0	0	0	0	0	0	N	N	N	N	N	N	N	N	N	N	N	N	0.8251	0.8199	0.9698	0.9680	0.8935	0.5671	0.7051	0.0463	0.8880	0.8273	0.4275	1.7448	0.9516	0.6951	3.1914	0.7154	0.0087	1.4684	1.0026	0.5214	1.7991	0.9830	0.7779	5.6274	1.0145	0.1878	1.6535	1.7785	2.0848	0.0170	0.0861	0.5629	0.7962	8.5245	10.9291	0.0312	0.0112	0.0200	0.0170	0.0111	0.0059	0.0142	0.0001	0.0141	0.5565	0.1804	0.3761	0.2064	0.1521	0.0543	0.3500	0.0283	0.3218	0.0377	0.0263	0.0114	0.0179	0.0160	0.0018	0.0198	0.0102	0.0096	0.5551	0.3460	0.2090	0.2100	0.1956	0.0144	0.3450	0.1504	0.1946	0.8251	0.8199	0.9698	0.9680	0.8935	0.8484	0.7051	0.0463	0.8880	1.0026	0.5214	1.7991	0.9830	0.7779	3.7618	1.0145	0.1878	1.6535
74	101	0.1020	5	1	1	0	0	0	0	0	0	N	N	N	N	N	N	N	N	N	N	N	N	0.0000	0.0000	0.0000	0.0000	0.0000	0.0000	0.0000	0.0000	0.0000	0.0000	0.0000	0.0000	0.0000	0.0000	0.0000	0.0000	0.0000	0.0000	0.0067	0.0075	0.0053	0.0017	0.0018	0.0000	0.0111	0.0191	0.0059	0.3971	0.0000	-0.0002	0.5629	0.0000	8.5245	3.0000	0.0000	0.0000	0.0000	0.0000	0.0000	0.0000	0.0000	0.0000	0.0000	0.0009	0.0007	0.0003	0.0001	0.0001	0.0000	0.0008	0.0006	0.0003	0.0000	0.0000	0.0000	0.0000	0.0000	0.0000	0.0000	0.0000	0.0000	0.1410	0.0904	0.0506	0.0656	0.0606	0.0050	0.0754	0.0298	0.0456	0.0000	0.0000	0.0000	0.0000	0.0000	0.0000	0.0000	0.0000	0.0000	0.0067	0.0075	0.0053	0.0017	0.0018	0.0000	0.0111	0.0191	0.0059	
74	102	0.0989	4	1	1	0	0	0	0	0	0	N	N	N	N	N	N	N	N	N	N	N	N	0.0000	0.0000	0.0000	0.0000	0.0000	0.0000	0.0000	0.0000	0.0000	0.0000	0.0000	0.0000	0.0000	0.0002	0.0003	0.0000	0.0004	0.0005	0.0000	0.0000	0.0000	0.0000	0.0000	0.0000	-0.0000	0.5629	0.0000	8.5245	1.0000	0.0000	0.0000	0.0000	0.0000	0.0000	0.0000	0.0000	0.0000	0.0000	0.0000	0.0000	0.0000	0.0000	0.0000	0.0000	0.0000	0.0000	0.0000	0.0000	0.0000	0.0000	0.0000	0.0000	0.0000	0.0000	0.0000	0.0000	0.0491	0.0315	0.0176	0.0229	0.0212	0.0017	0.0262	0.0103	0.0159	0.0000	0.0000	0.0000	0.0000	0.0000	0.0000	0.0000	0.0000	0.0000	0.0002	0.0003	0.0000	0.0004	0.0005	0.0000	0.0000	0.0000	0.0000						
74	103	0.0951	3	0	1	0	0	0	0	0	0	N	N	N	N	N	N	N	N	N	N	N	N	132.5711	91.0294	545.4060	93.4389	83.9660	273.1351	291.6495	287.8682	484.2111	0.0714	0.0651	0.1136	0.0927	0.0855	0.1769	0.0410	0.0315	0.0784	0.0005	0.0007	0.0002	0.0010	0.0010	0.0006	0.0001	0.0001	0.0002	0.2599	0.1558	0.0000	-0.0000	0.5629	0.0006	8.5245	1.0534	0.0000	0.0000	0.0000	0.0000	0.0000	0.0000	0.0000	0.0000	0.0000	0.0000	0.0000	0.0000	0.0000	0.0000	0.0000	0.0000	0.0000	0.0000	0.0000	0.0000	0.0000	0.0000	0.0000	0.0000	0.0000	0.0000	0.0000	0.0551	0.0359	0.0192	0.0257	0.0239	0.0018	0.0293	0.0120	0.0174	132.5711	91.0294	545.4060	93.4389	83.9660	273.1351	291.6495	287.8682	484.2111	0.0005	0.0007	0.0002	0.0010	0.0010	0.0006	0.0001	0.0001	0.0002
74	104	0.0442	2	0	0	0	0	0	0	0	0	N	N	N	N	N	N	N	N	N	N	N	N	7.4610	5.3649	19.8977	8.8034	9.0986	0.6477	9.3134	5.7925	23.2484	0.2138	0.2031	0.2660	0.4879	0.5281	0.0129	0.1193	0.0736	0.2996	0.0287	0.0379	0.0134	0.0554	0.0580	0.0199	0.0128	0.0127	0.0129	0.2688	0.2125	0.0025	-0.0080	0.5629	7.2034	8.5245	9.9858	0.0214	0.0168	0.0045	0.0125	0.0125	0.0000	0.0089	0.0044	0.0045	0.0232	0.0191	0.0041	0.0167	0.0163	0.0004	0.0065	0.0029	0.0036	0.0999	0.0829	0.0170	0.0256	0.0236	0.0020	0.0743	0.0593	0.0150	0.8087	0.5049	0.3038	0.3007	0.2800	0.0207	0.5081	0.2249	0.2832	7.4610	5.3649	19.8977	8.8034	9.0986	0.6477	9.3134	5.7925	23.2484	0.0287	0.0379	0.0134	0.0554	0.0580	0.0199	0.0128	0.0127	0.0129
74	109	0.2712	4	0	0	0	0	0	0	0	0	N	N	N	N	N	N	N	N	N	N	N	N	0.0090	0.0057	0.0451	0.1124	0.0901	0.6580	0.0011	0.0002	0.0187	0.0083	0.0065	0.0206	0.0659	0.0524	0.4109	0.0014	0.0004	0.0079	0.9284	1.1409	0.4575	0.5863	0.5810	0.6245	1.2395	2.0076	0.4196	0.4637	0.1809	0.0001	-0.6366	0.5629	7.7801	8.5245	32.2209	0.0006	0.0004	0.0002	0.0005	0.0004	0.0001	0.0001	0.0000	0.0001	1.7304	1.4653	0.2650	0.5203	0.4534	0.0669	1.2101	1.0119	0.1981	0.0727	0.0634	0.0093	0.0078	0.0075	0.0003	0.0649	0.0559	0.0090	1.8637	1.2844	0.5793	0.8875	0.7804	0.1071	0.9763	0.5041	0.4722	0.0090	0.0057	0.0451	0.1124	0.0901	0.6580	0.0011	0.0002	0.0187	0.9284	1.1409	0.4575	0.5863	0.5810	0.6245	1.2395	2.0076	0.4196
75	78	0.0865	4	1	1	1	0	0	0	0	0	N	N	N	N	N	N	N	N	N	N	N	N	0.0000	0.0000	0.0000	0.0000	0.0000	0.0000	0.0000	0.0000	0.0000	0.0000	0.0000	0.0000	0.0000	0.0000	0.0000	0.0000	0.0000	0.0000	0.0000	0.0000	0.0000	0.0000	0.0000	0.0000	-0.0000	1.9994	1.6246	4.0943	0.0115	0.0000	0.0000	0.0000	0.0000	0.0000	0.0000	0.0000	0.0000	0.0000	0.0000	0.0000	0.0000	0.0000	0.0000	0.0000	0.0000	0.0000	0.0000	0.0309	0.0269	0.0040	0.0000	0.0000	0.0000	0.0309	0.0269	0.0040	0.0254	0.0179	0.0075	0.0107	0.0095	0.0012	0.0147	0.0084	0.0063	0.0000	0.0000	0.0000	0.0000	0.0000	0.0000	0.0000	0.0000	0.0000	0.0000	0.0000	0.0000	0.0000	0.0000	0.0000	0.0000	0.0000	0.0000						
75	79	0.0664	3	1	1	1	0	0	0	0	0	N	N	N	N	N	N	N	N	N	N	N	N	0.0000	0.0000	0.0000	0.0000	0.0000	0.0000	0.0000	0.0000	0.0000	0.0000	0.0000	0.0000	0.0000	0.0000	0.0000	0.0000	0.0001	0.0001	0.0000	0.0001	0.0002	0.0000	0.0000	0.0000	0.0000	0.0067	0.0000	-0.0000	1.9994	8.1927	4.0943	3.9952	0.0000	0.0000	0.0000	0.0000	0.0000	0.0000	0.0000	0.0000	0.0000	0.0000	0.0000	0.0000	0.0000	0.0000	0.0000	0.0000	0.0000	0.0000	0.1439	0.1256	0.0182	0.0001	0.0001	0.0000	0.1438	0.1256	0.0182	0.1769	0.1226	0.0543	0.0703	0.0626	0.0077	0.1067	0.0600	0.0466	0.0000	0.0000	0.0000	0.0000	0.0000	0.0000	0.0000	0.0000	0.0000	0.0001	0.0001	0.0000	0.0001	0.0002	0.0000	0.0000	0.0000	0.0000			
75	80	0.0664	3	0	2	0	1	0	0	0	0	N	Y	N	N	N	N	N	N	N	N	N	N	0.0000	0.0000	0.0000	0.0000	0.0000	0.0000	0.0000	0.0000	0.0000	0.0000	0.0000	0.0000	0.0000	0.0000	0.0000	0.0000	0.0000	4.2165	0.0004	13.5809	0.0131	0.0007	0.1099	6.9099	0.0000	15.8137	16950.3400	0.0000	0.4870	1.9994	0.7962	4.0943	19.0091	0.0000	0.0000	0.0000	0.0000	0.0000	0.0000	0.0000	0.0000	0.0000	1.0171	0.0001	1.0170	0.0012	0.0001	0.0012	1.0159	0.0000	1.0159	0.0136	0.0118	0.0018	0.0000	0.0000	0.0000	0.0136	0.0118	0.0018	0.2412	0.1663	0.0749	0.0942	0.0836	0.0106	0.1470	0.0828	0.0642	0.0000	0.0000	0.0000	0.0000	0.0000	0.0000	0.0000	0.0000	0.0000	4.2165	0.0004	13.5809	0.0131	0.0007	0.1099	6.9099	0.0000	15.8137		
75	81	0.0664	3	0	2	0	0	0	0	0	0	N	Y	N	N	N	N	N	N	N	N	N	N	0.0000	0.0000	0.0000	0.0000	0.0000	0.0000	0.0000	0.0000	0.0000	0.0000	0.0000	0.0000	0.0000	0.0000	0.0000	0.0000	0.0000	0.0985	0.0149	0.2817	0.0353	0.0300	0.0756	0.1380	0.0000	0.3158	8.6505	0.0000	0.0111	1.9994	0.7962	4.0943	25.3140	0.0000	0.0000	0.0000	0.0000	0.0000	0.0000	0.0000	0.0000	0.0000	0.0295	0.0031	0.0265	0.0041	0.0031	0.0010	0.0255	0.0000	0.0255	0.0136	0.0118	0.0018	0.0000	0.0000	0.0000	0.0136	0.0118	0.0018	0.2998	0.2058	0.0940	0.1153	0.1020	0.0134	0.1845	0.1039	0.0806	0.0000	0.0000	0.0000	0.0000	0.0000	0.0000	0.0000	0.0000	0.0000	0.0985	0.0149	0.2817	0.0353	0.0300	0.0756	0.1380	0.0000	0.3158		
75	82	0.0664	3	0	2	0	0	0	0	0	0	N	Y	N	N	N	N	N	N	N	N	N	N	0.0000	0.0000	0.0000	0.0000	0.0000	0.0000	0.0000	0.0000	0.0000	0.0000	0.0000	0.0000	0.0000	0.0000	0.0000	0.0000	0.0000	0.0000	3.1881	4.5319	0.2612	0.0398	0.0358	0.0701	5.1356	8.8958	0.2928	0.0265	0.0000	-0.5101	1.9994	1.7961	4.0943	27.0091	0.0000	0.0000	0.0000	0.0000	0.0000	0.0000	0.0000	0.0000	0.0000	1.0299	1.0034	0.0266	0.0049	0.0039	0.0010	1.0250	0.9995	0.0255	0.0303	0.0264	0.0039	0.0000	0.0000	0.0000	0.0303	0.0264	0.0039	0.3231	0.2214	0.1017	0.1235	0.1090	0.0144	0.1996	0.1124	0.0872	0.0000	0.0000	0.0000	0.0000	0.0000	0.0000	0.0000	0.0000	0.0000	3.1881	4.5319	0.2612	0.0398	0.0358	0.0701	5.1356	8.8958	0.2928	
75	83	0.1767	6	0	1	0	0	0	0	0	0	N	N	N	N	N	N	N	N	N	N	N	N	25.3199	48.6167	0.0000	0.0240	0.0305	0.0000	17.2627	31.5567	0.0000	0.3601	0.4112	0.0000	0.0001	0.0001	0.0000	0.3699	0.4235	0.0000	0.0142	0.0085	0.0273	0.0057	0.0047	0.0118	0.0214	0.0134	0.0314	0.0000	1.4231	-0.0054	0.0005	1.9994	10.0679	4.0943	33.8159	0.0562	0.0562	0.0000	0.0000	0.0000	0.0000	0.0562	0.0562	0.0000	0.0080	0.0033	0.0047	0.0015	0.0010	0.0004	0.0066	0.0023	0.0043	0.1562	0.1368	0.0194	0.0041	0.0040	0.0002	0.1521	0.1328	0.0192	0.5648	0.3919	0.1729	0.2581	0.2218	0.0363	0.3067	0.1701	0.1366	25.3199	48.6167	0.0000	0.0240	0.0305	0.0000	17.2627	31.5567	0.0000	0.0142	0.0085	0.0273	0.0057	0.0047	0.0118	0.0214	0.0134	0.0314
75	84	0.1491	5	0	1	0	0	0	0	0	0	N	N	N	N	N	N	N	N	N	N	N	N	1063.5119	1060.5252	0.0000	99.8219	95.2487	0.0000	1006.2414	871.0873	0.0000	44.1140	50.7441	0.0000	3.4156	3.4624	0.0000	48.6853	56.8630	0.0000	0.0415	0.0478	0.0255	0.0342	0.0364	0.0179	0.0484	0.0653	0.0273	0.0000	0.2118	-0.0803	-0.0057	1.9994	0.9441	4.0943	14.0836	0.8401	0.8401	0.0000	0.0066	0.0066	0.0000	0.8336	0.8336	0.0000	0.0164	0.0135	0.0029	0.0066	0.0062	0.0004	0.0098	0.0073	0.0025	0.0190	0.0166	0.0025	0.0019	0.0019	0.0000	0.0171	0.0147	0.0025	0.3958	0.2831	0.1127	0.1929	0.1706	0.0223	0.2029	0.1125	0.0904	1063.5119	1060.5252	0.0000	99.8219	95.2487	0.0000	1006.2414	871.0873	0.0000	0.0415	0.0478	0.0255	0.0342	0.0364	0.0179	0.0484	0.0653	0.0273
75	85	0.4313	8	0	1	0	0	0	0	0	0	N	N	N	N	N	N	N	N	N	N	N	N	0.0591	0.0467	0.0000	0.3898	0.3580	0.0000	0.0000	0.0075	0.0000	0.0325	0.0368	0.0000	0.4476	0.4662	0.0000	0.0000	0.0000	0.0000	0.5502	0.7872	0.0175	1.1483	1.3023	0.0021	0.0100	0.0001	0.0209	0.0000	0.0099	-0.0006	-0.1415	1.9994	15.0008	4.0943	28.2980	0.0067	0.0067	0.0000	0.0067	0.0067	0.0000	0.0000	0.0000	0.0000	0.2768	0.2741	0.0027	0.2741	0.2741	0.0001	0.0026	0.0000	0.0026	0.2076	0.1834	0.0242	0.0151	0.0145	0.0006	0.1925	0.1689	0.0236	0.5030	0.3481	0.1549	0.2387	0.2104	0.0283	0.2643	0.1377	0.1266	0.0591	0.0467	0.0000	0.3898	0.3580	0.0000	0.0000	0.0075	0.0000	0.5502	0.7872	0.0175	1.1483	1.3023	0.0021	0.0100	0.0001	0.0209
75	86	0.4313	8	0	1	0	0	0	0	0	0	N	N	N	N	N	N	N	N	N	N	N	N	0.0350	144.8876	0.0000	8.4422	859.8695	0.0000	0.0000	0.0135	0.0000	0.0563	0.0641	0.0000	0.5533	0.5684	0.0000	0.0000	0.0000	0.0000	1.6088	0.0004	5.3740	0.0655	0.0007	0.5401	3.2138	0.0001	6.6191	0.0000	5189.2934	-0.0006	0.3566	1.9994	10.8154	4.0943	27.4443	0.0067	0.0067	0.0000	0.0067	0.0067	0.0000	0.0000	0.0000	0.0000	0.7448	0.0001	0.7447	0.0155	0.0001	0.0153	0.7293	0.0000	0.7293	0.1199	0.1053	0.0146	0.0122	0.0119	0.0003	0.1077	0.0934	0.0143	0.4629	0.3244	0.1386	0.2360	0.2076	0.0284	0.2269	0.1168	0.1102	0.0350	144.8876	0.0000	8.4422	859.8695	0.0000	0.0000	0.0135	0.0000	1.6088	0.0004	5.3740	0.0655	0.0007	0.5401	3.2138	0.0001	6.6191
75	87	0.3835	7	0	1	0	0	0	0	0	0	N	N	N	N	N	N	N	N	N	N	N	N	0.7266	1.1210	0.0010	1.9923	1.8416	0.0037	0.1681	1.8611	0.0009	0.3821	0.4303	0.0009	0.9385	0.9717	0.0003	0.1001	0.1178	0.0010	0.5258	0.3839	0.8728	0.4711	0.5276	0.0731	0.5953	0.0633	1.1251	0.0003	0.9302	-0.0036	-0.0162	1.9994	2.7608	4.0943	22.4044	0.0376	0.0376	0.0000	0.0311	0.0311	0.0000	0.0065	0.0065	0.0000	0.4147	0.2149	0.1999	0.2079	0.2039	0.0040	0.2068	0.0110	0.1959	0.0985	0.0874	0.0111	0.0331	0.0320	0.0011	0.0653	0.0554	0.0099	0.7887	0.5597	0.2290	0.4413	0.3864	0.0549	0.3474	0.1733	0.1741	0.7266	1.1210	0.0010	1.9923	1.8416	0.0037	0.1681	1.8611	0.0009	0.5258	0.3839	0.8728	0.4711	0.5276	0.0731	0.5953	0.0633	1.1251
75	88	0.2537	6	0	1	0	0	0	0	0	0	N	N	N	N	N	N	N	N	N	N	N	N	0.6356	0.8738	0.0307	5.0189	4.6785	0.4950	0.1669	0.2743	0.0251	0.6360	0.7179	0.0429	3.5382	3.6958	0.0473	0.2131	0.2392	0.0427	1.0007	0.8216	1.3967	0.7050	0.7900	0.0955	1.2766	0.8721	1.7014	0.0083	0.7687	-0.0089	-0.0650	1.9994	8.8820	4.0943	49.9570	0.1013	0.1005	0.0008	0.0717	0.0716	0.0000	0.0296	0.0288	0.0008	0.7519	0.4251	0.3268	0.2557	0.2515	0.0042	0.4962	0.1737	0.3226	0.1593	0.1400	0.0193	0.0203	0.0194	0.0009	0.1390	0.1206	0.0184	0.7514	0.5174	0.2340	0.3627	0.3183	0.0444	0.3887	0.1991	0.1896	0.6356	0.8738	0.0307	5.0189	4.6785	0.4950	0.1669	0.2743	0.0251	1.0007	0.8216	1.3967	0.7050	0.7900	0.0955	1.2766	0.8721	1.7014
75	89	0.0664	3	1	2	0	1	0	0	0	0	N	Y	N	N	N	N	N	N	N	N	N	N	0.0000	0.0000	0.0000	0.0000	0.0000	0.0000	0.0000	0.0000	0.0000	0.0000	0.0000	0.0000	0.0000	0.0034	0.0049	0.0000	0.0087	0.0097	0.0000	0.0000	0.0000	0.0000	0.0000	0.0000	-0.0004	1.9994	0.7962	4.0943	16.9291	0.0000	0.0000	0.0000	0.0000	0.0000	0.0000	0.0000	0.0000	0.0000	0.0007	0.0007	0.0000	0.0007	0.0007	0.0000	0.0000	0.0000	0.0000	0.0136	0.0118	0.0018	0.0000	0.0000	0.0000	0.0136	0.0118	0.0018	0.2205	0.1523	0.0682	0.0866	0.0769	0.0097	0.1339	0.0754	0.0585	0.0000	0.0000	0.0000	0.0000	0.0000	0.0000	0.0000	0.0000	0.0000	0.0034	0.0049	0.0000	0.0087	0.0097	0.0000	0.0000	0.0000	0.0000						
75	90	0.1384	8	0	2	0	1	0	0	0	0	N	Y	N	N	N	N	N	N	N	N	N	N	0.0000	0.0000	0.0000	0.0000	0.0000	0.0000	0.0000	0.0000	0.0000	0.0000	0.0000	0.0000	0.0000	0.0000	0.0000	0.0000	0.0000	0.0000	0.0000	0.0000	1.9994	0.0000	4.0943	0.0000	0.0000	0.0000	0.0000	0.0000	0.0000	0.0000	0.0000	0.0000	0.0000	0.0000	0.0000	0.0000	0.0000	0.0000	0.0000	0.0000	0.0000	0.0000	0.0000	0.0000	0.0000	0.0000	0.0000	0.0000	0.0000	0.0000	0.0000	0.0000	0.0000	0.0000	0.0000	0.0000	0.0000	0.0000	0.0000	0.0000	0.0000	0.0000	0.0000	0.0000	0.0000	0.0000	0.0000	0.0000	0.0000	0.0000	0.0000	0.0000	0.0000	0.0000	0.0000	0.0000	0.0000	0.0000											
75	91	0.1277	7	0	2	0	1	0	0	0	0	N	Y	N	N	N	N	N	N	N	N	N	N	0.0000	0.0000	0.0000	0.0000	0.0000	0.0000	0.0000	0.0000	0.0000	0.0000	0.0000	0.0000	0.0000	0.0000	0.0000	0.0000	0.0000	0.0000	0.0000	0.0000	1.9994	1.0000	4.0943	3.0000	0.0000	0.0000	0.0000	0.0000	0.0000	0.0000	0.0000	0.0000	0.0000	0.0000	0.0000	0.0000	0.0000	0.0000	0.0000	0.0000	0.0000	0.0000	0.0193	0.0168	0.0025	0.0001	0.0001	0.0000	0.0192	0.0167	0.0025	0.0572	0.0407	0.0165	0.0225	0.0203	0.0022	0.0347	0.0204	0.0143	0.0000	0.0000	0.0000	0.0000	0.0000	0.0000	0.0000	0.0000	0.0000	0.0000	0.0000	0.0000	0.0000	0.0000	0.0000	0.0000	0.0000	0.0000											
75	92	0.1211	5	0	2	0	0	0	0	0	0	N	Y	N	N	N	N	N	N	N	N	N	N	0.0000	0.0000	0.0000	0.0000	0.0000	0.0000	0.0000	0.0000	0.0000	0.0000	0.0000	0.0000	0.0000	0.0000	0.0000	0.0000	0.0000	0.0000	0.0000	0.0000	1.9994	0.0000	4.0943	0.0000	0.0000	0.0000	0.0000	0.0000	0.0000	0.0000	0.0000	0.0000	0.0000	0.0000	0.0000	0.0000	0.0000	0.0000	0.0000	0.0000	0.0000	0.0000	0.0000	0.0000	0.0000	0.0000	0.0000	0.0000	0.0000	0.0000	0.0000	0.0000	0.0000	0.0000	0.0000	0.0000	0.0000	0.0000	0.0000	0.0000	0.0000	0.0000	0.0000	0.0000	0.0000	0.0000	0.0000	0.0000	0.0000	0.0000	0.0000	0.0000	0.0000	0.0000	0.0000	0.0000	0.0000	0.0000											
75	93	0.1277	7	0	1	1	1	0	0	0	0	N	N	N	N	N	N	N	N	N	N	N	N	0.0000	0.0000	0.0000	0.0000	0.0000	0.0000	0.0000	0.0000	0.0000	0.0000	0.0000	0.0000	0.0000	0.0000	0.0000	0.0000	0.0000	0.0000	0.0000	0.0000	1.9994	0.0000	4.0943	0.0000	0.0000	0.0000	0.0000	0.0000	0.0000	0.0000	0.0000	0.0000	0.0000	0.0000	0.0000	0.0000	0.0000	0.0000	0.0000	0.0000	0.0000	0.0000	0.0000	0.0000	0.0000	0.0000	0.0000	0.0000	0.0000	0.0000	0.0000	0.0000	0.0000	0.0000	0.0000	0.0000	0.0000	0.0000	0.0000	0.0000	0.0000	0.0000	0.0000	0.0000	0.0000	0.0000	0.0000	0.0000	0.0000	0.0000	0.0000	0.0000	0.0000	0.0000	0.0000	0.0000	0.0000	0.0000											
75	94	0.1250	6	0	1	0	1	0	0	0	0	N	N	N	N	N	N	N	N	N	N	N	N	0.0000	0.0000	0.0000	0.0000	0.0000	0.0000	0.0000	0.0000	0.0000	0.0000	0.0000	0.0000	0.0000	0.0000	0.0000	0.0000	0.0000	0.0000	0.0000	0.0000	1.9994	1.0000	4.0943	0.0097	0.0000	0.0000	0.0000	0.0000	0.0000	0.0000	0.0000	0.0000	0.0000	0.0000	0.0000	0.0000	0.0000	0.0000	0.0000	0.0000	0.0000	0.0000	0.0193	0.0168	0.0025	0.0001	0.0001	0.0000	0.0192	0.0167	0.0025	0.0154	0.0109	0.0046	0.0061	0.0056	0.0006	0.0093	0.0053	0.0040	0.0000	0.0000	0.0000	0.0000	0.0000	0.0000	0.0000	0.0000	0.0000	0.0000	0.0000	0.0000	0.0000	0.0000	0.0000	0.0000	0.0000	0.0000											
75	95	0.1250	6	0	1	1	1	0	0	0	0	N	N	N	N	N	N	N	N	N	N	N	N	0.0000	0.0000	0.0000	0.0000	0.0000	0.0000	0.0000	0.0000	0.0000	0.0000	0.0000	0.0000	0.0000	0.0000	0.0000	0.0000	0.0000	0.0000	0.0000	0.0000	1.9994	2.0000	4.0943	3.0050	0.0000	0.0000	0.0000	0.0000	0.0000	0.0000	0.0000	0.0000	0.0000	0.0000	0.0000	0.0000	0.0000	0.0000	0.0000	0.0000	0.0000	0.0000	0.0382	0.0332	0.0049	0.0002	0.0002	0.0000	0.0380	0.0330	0.0049	0.0714	0.0507	0.0207	0.0281	0.0253	0.0027	0.0433	0.0253	0.0180	0.0000	0.0000	0.0000	0.0000	0.0000	0.0000	0.0000	0.0000	0.0000	0.0000	0.0000	0.0000	0.0000	0.0000	0.0000	0.0000	0.0000	0.0000											
75	96	0.1250	6	0	1	1	1	0	0	0	0	N	N	N	N	N	N	N	N	N	N	N	N	0.0000	0.0000	0.0000	0.0000	0.0000	0.0000	0.0000	0.0000	0.0000	0.0000	0.0000	0.0000	0.0000	0.0000	0.0000	0.0000	0.0000	0.0000	0.0000	0.0000	1.9994	0.0000	4.0943	6.9903	0.0000	0.0000	0.0000	0.0000	0.0000	0.0000	0.0000	0.0000	0.0000	0.0000	0.0000	0.0000	0.0000	0.0000	0.0000	0.0000	0.0000	0.0000	0.0000	0.0000	0.0000	0.0000	0.0000	0.0000	0.0000	0.0000	0.0000	0.0975	0.0692	0.0283	0.0383	0.0345	0.0038	0.0593	0.0347	0.0246	0.0000	0.0000	0.0000	0.0000	0.0000	0.0000	0.0000	0.0000	0.0000	0.0000	0.0000	0.0000	0.0000	0.0000	0.0000	0.0000	0.0000	0.0000											
75	97	0.1195	5	0	1	0	1	0	0	0	0	N	N	N	N	N	N	N	N	N	N	N	N	0.0000	0.0000	0.0000	0.0000	0.0000	0.0000	0.0000	0.0000	0.0000	0.0000	0.0000	0.0000	0.0000	0.0000	0.0000	0.0000	0.0000	0.0000	0.0000	0.0000	0.0001	0.0000	0.0000	0.0000	inf	0.0000	0.0000	1.9994	0.9999	4.0943	1.0605	0.0000	0.0000	0.0000	0.0000	0.0000	0.0000	0.0000	0.0000	0.0000	0.0000	0.0000	0.0000	0.0000	0.0000	0.0000	0.0000	0.0000	0.0000	0.0191	0.0167	0.0025	0.0000	0.0000	0.0000	0.0191	0.0166	0.0025	0.0322	0.0232	0.0090	0.0128	0.0117	0.0011	0.0194	0.0115	0.0079	0.0000	0.0000	0.0000	0.0000	0.0000	0.0000	0.0000	0.0000	0.0000	0.0000	0.0000	0.0000	0.0000	0.0000	0.0001	0.0000	0.0000	0.0000				
75	98	0.1173	4	0	1	0	1	0	0	0	0	N	N	N	N	N	N	N	N	N	N	N	N	0.0000	0.0000	0.0000	0.0000	0.0000	0.0000	0.0000	0.0000	0.0000	0.0000	0.0000	0.0000	0.0000	0.0000	0.0000	0.0000	0.0000	0.0000	0.0000	0.0000	0.0000	0.0000	0.0011	0.0000	-0.0000	1.9994	0.0012	4.0943	1.0414	0.0000	0.0000	0.0000	0.0000	0.0000	0.0000	0.0000	0.0000	0.0000	0.0000	0.0000	0.0000	0.0000	0.0000	0.0000	0.0000	0.0000	0.0000	0.0000	0.0000	0.0000	0.0000	0.0000	0.0000	0.0000	0.0000	0.0000	0.0180	0.0131	0.0049	0.0073	0.0067	0.0006	0.0107	0.0064	0.0043	0.0000	0.0000	0.0000	0.0000	0.0000	0.0000	0.0000	0.0000	0.0000	0.0000	0.0000	0.0000	0.0000	0.0000	0.0000	0.0000	0.0000	0.0000						
75	99	0.0664	3	1	2	0	0	0	0	0	0	N	Y	N	N	N	N	N	N	N	N	N	N	0.0000	0.0000	0.0000	0.0000	0.0000	0.0000	0.0000	0.0000	0.0000	0.0000	0.0000	0.0000	0.0000	0.0001	0.0001	0.0000	0.0001	0.0002	0.0000	0.0000	0.0000	0.0000	0.0000	0.0000	-0.0000	1.9994	3.2042	4.0943	9.0918	0.0000	0.0000	0.0000	0.0000	0.0000	0.0000	0.0000	0.0000	0.0000	0.0000	0.0000	0.0000	0.0000	0.0000	0.0000	0.0000	0.0000	0.0000	0.0596	0.0519	0.0077	0.0000	0.0000	0.0000	0.0595	0.0519	0.0077	0.1791	0.1241	0.0550	0.0711	0.0633	0.0078	0.1080	0.0608	0.0472	0.0000	0.0000	0.0000	0.0000	0.0000	0.0000	0.0000	0.0000	0.0000	0.0001	0.0001	0.0000	0.0001	0.0002	0.0000	0.0000	0.0000	0.0000						
75	100	0.0664	3	0	2	0	0	0	0	0	0	N	Y	N	N	N	N	N	N	N	N	N	N	0.0000	0.0000	0.0000	0.0000	0.0000	0.0000	0.0000	0.0000	0.0000	0.0000	0.0000	0.0000	0.0000	0.0000	0.0000	0.0000	0.0000	0.0022	0.0016	0.0036	0.0029	0.0030	0.0015	0.0017	0.0000	0.0039	1.0024	0.0000	-0.0000	1.9994	0.7962	4.0943	10.9291	0.0000	0.0000	0.0000	0.0000	0.0000	0.0000	0.0000	0.0000	0.0000	0.0003	0.0002	0.0002	0.0002	0.0002	0.0000	0.0002	0.0000	0.0002	0.0136	0.0118	0.0018	0.0000	0.0000	0.0000	0.0136	0.0118	0.0018	0.1565	0.1086	0.0478	0.0625	0.0558	0.0067	0.0940	0.0529	0.0411	0.0000	0.0000	0.0000	0.0000	0.0000	0.0000	0.0000	0.0000	0.0000	0.0022	0.0016	0.0036	0.0029	0.0030	0.0015	0.0017	0.0000	0.0039		
75	101	0.1242	6	1	2	0	0	0	0	0	0	N	Y	N	N	N	N	N	N	N	N	N	N	0.0000	0.0000	0.0000	0.0000	0.0000	0.0000	0.0000	0.0000	0.0000	0.0000	0.0000	0.0000	0.0000	0.0000	0.0000	0.0000	0.0000	0.0000	0.0000	0.0000	1.9994	0.0000	4.0943	3.0000	0.0000	0.0000	0.0000	0.0000	0.0000	0.0000	0.0000	0.0000	0.0000	0.0000	0.0000	0.0000	0.0000	0.0000	0.0000	0.0000	0.0000	0.0000	0.0000	0.0000	0.0000	0.0000	0.0000	0.0000	0.0000	0.0000	0.0000	0.0426	0.0303	0.0123	0.0166	0.0150	0.0016	0.0260	0.0153	0.0107	0.0000	0.0000	0.0000	0.0000	0.0000	0.0000	0.0000	0.0000	0.0000	0.0000	0.0000	0.0000	0.0000	0.0000	0.0000	0.0000	0.0000	0.0000											
75	102	0.1211	5	1	2	0	0	0	0	0	0	N	Y	N	N	N	N	N	N	N	N	N	N	0.0000	0.0000	0.0000	0.0000	0.0000	0.0000	0.0000	0.0000	0.0000	0.0000	0.0000	0.0000	0.0000	0.0000	0.0000	0.0000	0.0000	0.0000	0.0000	0.0000	1.9994	0.0000	4.0943	1.0000	0.0000	0.0000	0.0000	0.0000	0.0000	0.0000	0.0000	0.0000	0.0000	0.0000	0.0000	0.0000	0.0000	0.0000	0.0000	0.0000	0.0000	0.0000	0.0000	0.0000	0.0000	0.0000	0.0000	0.0000	0.0000	0.0000	0.0000	0.0147	0.0105	0.0043	0.0058	0.0052	0.0006	0.0090	0.0053	0.0037	0.0000	0.0000	0.0000	0.0000	0.0000	0.0000	0.0000	0.0000	0.0000	0.0000	0.0000	0.0000	0.0000	0.0000	0.0000	0.0000	0.0000	0.0000											
75	103	0.1173	4	0	2	0	0	0	0	0	0	N	Y	N	N	N	N	N	N	N	N	N	N	0.0000	0.0000	0.0000	0.0000	0.0000	0.0000	0.0000	0.0000	0.0000	0.0000	0.0000	0.0000	0.0000	0.0000	0.0000	0.0000	0.0000	0.0000	0.0000	0.0000	0.0000	0.0000	0.0000	0.0000	-0.0000	1.9994	0.0006	4.0943	1.0534	0.0000	0.0000	0.0000	0.0000	0.0000	0.0000	0.0000	0.0000	0.0000	0.0000	0.0000	0.0000	0.0000	0.0000	0.0000	0.0000	0.0000	0.0000	0.0000	0.0000	0.0000	0.0000	0.0000	0.0000	0.0000	0.0000	0.0000	0.0181	0.0132	0.0050	0.0073	0.0067	0.0006	0.0108	0.0064	0.0044	0.0000	0.0000	0.0000	0.0000	0.0000	0.0000	0.0000	0.0000	0.0000	0.0000	0.0000	0.0000	0.0000	0.0000	0.0000	0.0000	0.0000	0.0000						
75	104	0.0664	3	0	1	0	0	0	0	0	0	N	N	N	N	N	N	N	N	N	N	N	N	0.0000	0.0000	0.0000	0.0000	0.0000	0.0000	0.0000	0.0000	0.0000	0.0000	0.0000	0.0000	0.0000	0.0000	0.0000	0.0000	0.0000	0.0001	0.0000	0.0001	0.0001	0.0000	0.0000	0.0000	0.0000	0.0139	0.0000	-0.0000	1.9994	7.2034	4.0943	9.9858	0.0000	0.0000	0.0000	0.0000	0.0000	0.0000	0.0000	0.0000	0.0000	0.0000	0.0000	0.0000	0.0000	0.0000	0.0000	0.0000	0.0000	0.0000	0.1278	0.1115	0.0162	0.0001	0.0001	0.0000	0.1277	0.1115	0.0162	0.2347	0.1619	0.0728	0.0918	0.0815	0.0103	0.1429	0.0805	0.0624	0.0000	0.0000	0.0000	0.0000	0.0000	0.0000	0.0000	0.0000	0.0000	0.0000	0.0001	0.0000	0.0001	0.0001	0.0000	0.0000	0.0000	0.0000			
75	109	0.3361	7	0	1	0	0	0	0	0	0	N	N	N	N	N	N	N	N	N	N	N	N	51.8696	41.9328	0.0000	0.0282	0.0287	0.0000	30.8675	18.1003	0.0000	7.0249	7.9973	0.0000	0.0007	0.0007	0.0000	7.8477	9.0158	0.0000	0.1354	0.1907	0.0153	0.0237	0.0247	0.0180	0.2542	0.4981	0.0145	0.0000	0.0369	-0.0877	-0.0404	1.9994	7.7801	4.0943	32.2209	0.9181	0.9181	0.0000	0.0000	0.0000	0.0000	0.9181	0.9181	0.0000	0.0833	0.0803	0.0030	0.0075	0.0067	0.0008	0.0758	0.0736	0.0022	0.1307	0.1148	0.0159	0.0137	0.0130	0.0007	0.1170	0.1018	0.0152	0.6151	0.4212	0.1938	0.3170	0.2735	0.0435	0.2980	0.1477	0.1503	51.8696	41.9328	0.0000	0.0282	0.0287	0.0000	30.8675	18.1003	0.0000	0.1354	0.1907	0.0153	0.0237	0.0247	0.0180	0.2542	0.4981	0.0145
76	78	0.0585	3	1	0	1	0	0	0	0	0	N	N	N	N	N	N	N	N	N	N	N	N	0.0000	0.0000	0.0000	0.0000	0.0000	0.0000	0.0000	0.0000	0.0000	0.0000	0.0000	0.0000	0.0000	0.0000	0.0000	0.0000	0.0000	0.0000	0.0001	0.0001	0.0000	0.0001	0.0001	0.0001	0.0000	0.0000	0.0000	0.2917	0.0000	-0.0000	0.0011	1.6246	2.7207	0.0115	0.0000	0.0000	0.0000	0.0000	0.0000	0.0000	0.0000	0.0000	0.0000	0.0000	0.0000	0.0000	0.0000	0.0000	0.0000	0.0000	0.0000	0.0000	0.0000	0.0000	0.0000	0.0000	0.0000	0.0000	0.0000	0.0000	0.0000	0.0151	0.0106	0.0045	0.0067	0.0061	0.0006	0.0084	0.0045	0.0039	0.0000	0.0000	0.0000	0.0000	0.0000	0.0000	0.0000	0.0000	0.0000	0.0001	0.0001	0.0000	0.0001	0.0001	0.0001	0.0000	0.0000	0.0000	
76	79	0.0384	2	1	0	1	0	0	0	0	0	N	N	N	N	N	N	N	N	N	N	N	N	0.0000	0.0000	0.0000	0.0000	0.0000	0.0000	0.0000	0.0000	0.0000	0.0000	0.0000	0.0000	0.0000	0.0000	0.0000	0.0000	0.0000	0.0000	0.0039	0.0040	0.0038	0.0060	0.0060	0.0065	0.0024	0.0016	0.0034	0.4129	0.0000	-0.0001	0.0011	8.1927	2.7207	3.9952	0.0000	0.0000	0.0000	0.0000	0.0000	0.0000	0.0000	0.0000	0.0000	0.0004	0.0003	0.0001	0.0003	0.0002	0.0000	0.0001	0.0001	0.0001	0.0001	0.0001	0.0000	0.0000	0.0000	0.0000	0.0001	0.0001	0.0000	0.1025	0.0711	0.0314	0.0434	0.0395	0.0039	0.0591	0.0316	0.0275	0.0000	0.0000	0.0000	0.0000	0.0000	0.0000	0.0000	0.0000	0.0000	0.0039	0.0040	0.0038	0.0060	0.0060	0.0065	0.0024	0.0016	0.0034	
76	80	0.0384	2	0	1	0	1	0	0	0	0	N	N	N	N	N	N	N	N	N	N	N	N	0.0000	0.0000	0.0000	0.0000	0.0000	0.0000	0.0000	0.0000	0.0000	0.0000	0.0000	0.0000	0.0000	0.0000	0.0000	0.0000	0.0000	0.0000	0.6867	0.2610	1.6384	0.4285	0.4311	0.4033	0.8720	0.0542	1.8154	2.8086	0.0000	0.0207	0.0011	0.7962	2.7207	19.0091	0.0000	0.0000	0.0000	0.0000	0.0000	0.0000	0.0000	0.0000	0.0000	0.0955	0.0251	0.0704	0.0249	0.0227	0.0022	0.0706	0.0024	0.0683	0.0000	0.0000	0.0000	0.0000	0.0000	0.0000	0.0000	0.0000	0.0000	0.1391	0.0961	0.0430	0.0581	0.0527	0.0054	0.0810	0.0434	0.0376	0.0000	0.0000	0.0000	0.0000	0.0000	0.0000	0.0000	0.0000	0.0000	0.6867	0.2610	1.6384	0.4285	0.4311	0.4033	0.8720	0.0542	1.8154	
76	81	0.0384	2	0	1	0	0	0	0	0	0	N	N	N	N	N	N	N	N	N	N	N	N	0.0000	0.0000	0.0000	0.0000	0.0000	0.0000	0.0000	0.0000	0.0000	0.0000	0.0000	0.0000	0.0000	0.0000	0.0000	0.0000	0.0000	0.0000	1.3328	0.6522	2.8374	1.1392	1.1155	2.3122	1.4686	0.1042	3.0493	1.9681	0.0000	0.0325	0.0011	0.7962	2.7207	25.3140	0.0000	0.0000	0.0000	0.0000	0.0000	0.0000	0.0000	0.0000	0.0000	0.2288	0.0771	0.1517	0.0806	0.0715	0.0092	0.1482	0.0056	0.1425	0.0000	0.0000	0.0000	0.0000	0.0000	0.0000	0.0000	0.0000	0.0000	0.1717	0.1182	0.0535	0.0708	0.0641	0.0067	0.1009	0.0542	0.0467	0.0000	0.0000	0.0000	0.0000	0.0000	0.0000	0.0000	0.0000	0.0000	1.3328	0.6522	2.8374	1.1392	1.1155	1.3654	1.4686	0.1042	3.0493	
76	82	0.0384	2	0	1	0	0	0	0	0	0	N	N	N	N	N	N	N	N	N	N	N	N	0.0000	0.0000	0.0000	0.0000	0.0000	0.0000	0.0000	0.0000	0.0000	0.0000	0.0000	0.0000	0.0000	0.0000	0.0000	0.0000	0.0000	0.0000	1.2505	0.6103	2.6594	1.0534	1.0307	2.0738	1.3875	0.1184	2.8600	1.9801	0.0000	0.0331	0.0011	1.7961	2.7207	27.0091	0.0000	0.0000	0.0000	0.0000	0.0000	0.0000	0.0000	0.0000	0.0000	0.2306	0.0774	0.1532	0.0797	0.0705	0.0092	0.1510	0.0069	0.1440	0.0000	0.0000	0.0000	0.0000	0.0000	0.0000	0.0000	0.0000	0.0000	0.1844	0.1268	0.0576	0.0756	0.0684	0.0073	0.1088	0.0584	0.0504	0.0000	0.0000	0.0000	0.0000	0.0000	0.0000	0.0000	0.0000	0.0000	1.2505	0.6103	2.6594	1.0534	1.0307	1.2666	1.3875	0.1184	2.8600	
76	83	0.1487	5	0	0	0	0	0	0	0	0	N	N	N	N	N	N	N	N	N	N	N	N	0.0377	0.0285	0.1793	0.0025	0.0025	0.0000	0.0238	0.0140	0.2091	0.0626	0.0649	0.0464	0.0010	0.0010	0.0000	0.0674	0.0705	0.0467	1.6608	2.2729	0.2586	0.4047	0.4080	0.3844	2.8306	5.0409	0.2235	0.1002	0.0497	-0.0000	-0.2547	0.0011	10.0679	2.7207	33.8159	0.0000	0.0000	0.0000	0.0000	0.0000	0.0000	0.0000	0.0000	0.0000	0.5375	0.5121	0.0254	0.0632	0.0549	0.0082	0.4744	0.4572	0.0172	0.0001	0.0001	0.0000	0.0000	0.0000	0.0000	0.0001	0.0001	0.0000	0.3237	0.2253	0.0984	0.1561	0.1346	0.0215	0.1676	0.0907	0.0769	0.0377	0.0285	0.1793	0.0025	0.0025	0.0000	0.0238	0.0140	0.2091	1.6608	2.2729	0.2586	0.4047	0.4080	0.3844	2.8306	5.0409	0.2235
76	84	0.1211	4	0	0	0	0	0	0	0	0	N	N	N	N	N	N	N	N	N	N	N	N	2.5501	1.9154	21.8589	1.4269	1.3629	0.0000	1.5312	0.8495	20.7941	7.7825	8.1408	5.3904	0.4610	0.4635	0.0000	8.9015	9.5122	5.4222	3.0518	4.2502	0.2466	0.3231	0.3401	0.1832	5.8134	11.1971	0.2608	0.0992	0.0248	-0.0000	-0.3580	0.0011	0.9441	2.7207	14.0836	0.0001	0.0001	0.0000	0.0000	0.0000	0.0000	0.0001	0.0001	0.0000	0.7204	0.7030	0.0174	0.0384	0.0360	0.0024	0.6820	0.6670	0.0151	0.0000	0.0000	0.0000	0.0000	0.0000	0.0000	0.0000	0.0000	0.0000	0.2361	0.1654	0.0707	0.1187	0.1058	0.0129	0.1173	0.0596	0.0578	2.5501	1.9154	21.8589	1.4269	1.3629	0.0000	1.5312	0.8495	20.7941	3.0518	4.2502	0.2466	0.3231	0.3401	0.1832	5.8134	11.1971	0.2608
76	85	0.4033	7	0	0	0	0	0	0	0	0	N	N	N	N	N	N	N	N	N	N	N	N	0.0141	0.0898	0.0016	0.3359	0.4083	0.1002	0.0002	0.0000	0.0008	0.0168	0.0183	0.0056	0.1342	0.1350	0.1002	0.0004	0.0000	0.0033	1.1911	0.2037	3.4873	0.3995	0.3305	0.9991	1.9493	0.0057	4.1836	0.0394	7.3633	-0.0000	0.1037	0.0011	15.0008	2.7207	28.2980	0.0000	0.0000	0.0000	0.0000	0.0000	0.0000	0.0000	0.0000	0.0000	0.2885	0.0345	0.2540	0.0473	0.0341	0.0132	0.2412	0.0004	0.2408	0.0001	0.0001	0.0000	0.0000	0.0000	0.0000	0.0001	0.0001	0.0000	0.2423	0.1694	0.0728	0.1185	0.1032	0.0153	0.1237	0.0662	0.0576	0.0141	0.0898	0.0016	0.3359	0.4083	0.1158	0.0002	0.0000	0.0008	1.1911	0.2037	3.4873	0.3995	0.3305	0.8650	1.9493	0.0057	4.1836
76	86	0.4033	7	0	0	0	0	0	0	0	0	N	N	N	N	N	N	N	N	N	N	N	N	0.0614	0.1523	0.0082	0.4865	0.6004	0.1708	0.0013	0.0000	0.0045	0.0291	0.0319	0.0090	0.1922	0.1925	0.1709	0.0007	0.0000	0.0053	0.4748	0.2097	1.1101	0.3950	0.3207	1.0004	0.5638	0.0050	1.1807	0.0394	2.2102	-0.0000	0.0187	0.0011	10.8154	2.7207	27.4443	0.0000	0.0000	0.0000	0.0000	0.0000	0.0000	0.0000	0.0000	0.0000	0.1115	0.0347	0.0768	0.0489	0.0344	0.0144	0.0626	0.0003	0.0623	0.0001	0.0001	0.0000	0.0000	0.0000	0.0000	0.0001	0.0001	0.0000	0.2348	0.1657	0.0691	0.1237	0.1074	0.0164	0.1111	0.0583	0.0528	0.0614	0.1523	0.0082	0.4865	0.6004	0.1937	0.0013	0.0000	0.0045	0.4748	0.2097	1.1101	0.3950	0.3207	0.8823	0.5638	0.0050	1.1807
76	87	0.3555	6	0	0	0	0	0	0	0	0	N	N	N	N	N	N	N	N	N	N	N	N	0.1961	0.3449	0.0632	0.5485	0.5505	0.1550	0.0654	0.3247	0.0520	0.1242	0.1301	0.0795	0.2525	0.2592	0.0608	0.0566	0.0519	0.0816	0.6335	0.3771	1.2589	0.4603	0.4709	0.3921	0.8653	0.1597	1.5700	0.0800	1.3684	-0.0000	0.0149	0.0011	2.7608	2.7207	22.4044	0.0000	0.0000	0.0000	0.0000	0.0000	0.0000	0.0000	0.0000	0.0000	0.2625	0.1108	0.1516	0.1092	0.0967	0.0125	0.1533	0.0141	0.1392	0.0001	0.0001	0.0000	0.0000	0.0000	0.0000	0.0000	0.0000	0.0000	0.4143	0.2939	0.1205	0.2371	0.2053	0.0318	0.1772	0.0885	0.0886	0.1961	0.3449	0.0632	0.5485	0.5505	0.1550	0.0654	0.3247	0.0520	0.6335	0.3771	1.2589	0.4603	0.4709	0.3921	0.8653	0.1597	1.5700
76	88	0.2257	5	0	0	0	0	0	0	0	0	N	N	N	N	N	N	N	N	N	N	N	N	0.0451	0.3152	0.0086	1.0000	0.9873	0.0358	0.0116	0.1946	0.0072	0.1328	0.1406	0.0755	0.5116	0.5278	0.0125	0.0615	0.0588	0.0782	2.9434	0.4462	8.7404	0.5116	0.5346	0.3488	5.3184	0.3022	10.8746	0.0737	8.4385	-0.0000	0.4148	0.0011	8.8820	2.7207	49.9570	0.0000	0.0000	0.0000	0.0000	0.0000	0.0000	0.0000	0.0000	0.0000	1.1121	0.1178	0.9943	0.0955	0.0875	0.0080	1.0166	0.0304	0.9862	0.0001	0.0001	0.0000	0.0000	0.0000	0.0000	0.0001	0.0001	0.0000	0.3778	0.2641	0.1138	0.1867	0.1636	0.0231	0.1911	0.1005	0.0907	0.0451	0.3152	0.0086	1.0000	0.9873	0.0358	0.0116	0.1946	0.0072	2.9434	0.4462	8.7404	0.5116	0.5346	0.3488	5.3184	0.3022	10.8746
76	89	0.0384	2	1	1	0	1	0	0	0	0	N	N	N	N	N	N	N	N	N	N	N	N	0.0000	0.0000	0.0000	0.0000	0.0000	0.0000	0.0000	0.0000	0.0000	0.0000	0.0000	0.0000	0.0000	0.0000	0.0000	0.0000	0.0000	0.0000	0.7717	0.5393	1.2935	0.9588	0.9128	2.3586	0.6365	0.0810	1.2762	1.0687	0.0000	-0.0004	0.0011	0.7962	2.7207	16.9291	0.0000	0.0000	0.0000	0.0000	0.0000	0.0000	0.0000	0.0000	0.0000	0.0983	0.0475	0.0508	0.0512	0.0443	0.0069	0.0470	0.0032	0.0438	0.0000	0.0000	0.0000	0.0000	0.0000	0.0000	0.0000	0.0000	0.0000	0.1274	0.0881	0.0393	0.0534	0.0485	0.0049	0.0739	0.0396	0.0344	0.0000	0.0000	0.0000	0.0000	0.0000	0.0000	0.0000	0.0000	0.0000	0.7717	0.5393	1.2935	0.9588	0.9128	1.4141	0.6365	0.0810	1.2762	
76	90	0.1104	7	0	1	0	1	0	0	0	0	N	N	N	N	N	N	N	N	N	N	N	N	0.0000	0.0000	0.0000	0.0000	0.0000	0.0000	0.0000	0.0000	0.0000	0.0000	0.0000	0.0000	0.0000	0.0000	0.0000	0.0000	0.0000	0.0000	0.0000	0.0000	0.0011	0.0000	2.7207	0.0000	0.0000	0.0000	0.0000	0.0000	0.0000	0.0000	0.0000	0.0000	0.0000	0.0000	0.0000	0.0000	0.0000	0.0000	0.0000	0.0000	0.0000	0.0000	0.0000	0.0000	0.0000	0.0000	0.0000	0.0000	0.0000	0.0000	0.0000	0.0000	0.0000	0.0000	0.0000	0.0000	0.0000	0.0000	0.0000	0.0000	0.0000	0.0000	0.0000	0.0000	0.0000	0.0000	0.0000	0.0000	0.0000	0.0000	0.0000	0.0000	0.0000	0.0000	0.0000	0.0000	0.0000	0.0000											
76	91	0.0997	6	0	1	0	1	0	0	0	0	N	N	N	N	N	N	N	N	N	N	N	N	0.0000	0.0000	0.0000	0.0000	0.0000	0.0000	0.0000	0.0000	0.0000	0.0000	0.0000	0.0000	0.0000	0.0009	0.0000	0.0031	0.0000	0.0000	0.0000	0.0015	0.0000	0.0035	inf	0.0000	0.0000	0.0011	1.0000	2.7207	3.0000	0.0000	0.0000	0.0000	0.0000	0.0000	0.0000	0.0000	0.0000	0.0000	0.0000	0.0000	0.0000	0.0000	0.0000	0.0000	0.0000	0.0000	0.0000	0.0000	0.0000	0.0000	0.0000	0.0000	0.0000	0.0000	0.0000	0.0000	0.0336	0.0238	0.0097	0.0139	0.0129	0.0011	0.0196	0.0110	0.0087	0.0000	0.0000	0.0000	0.0000	0.0000	0.0000	0.0000	0.0000	0.0000	0.0009	0.0000	0.0031	0.0000	0.0000	0.0000	0.0015	0.0000	0.0035						
76	92	0.0931	4	0	1	0	0	0	0	0	0	N	N	N	N	N	N	N	N	N	N	N	N	0.0000	0.0000	0.0000	0.0000	0.0000	0.0000	0.0000	0.0000	0.0000	0.0000	0.0000	0.0000	0.0000	0.0000	0.0000	0.0000	0.0000	0.0000	0.0000	0.0000	0.0011	0.0000	2.7207	0.0000	0.0000	0.0000	0.0000	0.0000	0.0000	0.0000	0.0000	0.0000	0.0000	0.0000	0.0000	0.0000	0.0000	0.0000	0.0000	0.0000	0.0000	0.0000	0.0000	0.0000	0.0000	0.0000	0.0000	0.0000	0.0000	0.0000	0.0000	0.0000	0.0000	0.0000	0.0000	0.0000	0.0000	0.0000	0.0000	0.0000	0.0000	0.0000	0.0000	0.0000	0.0000	0.0000	0.0000	0.0000	0.0000	0.0000	0.0000	0.0000	0.0000	0.0000	0.0000	0.0000	0.0000	0.0000											
76	93	0.0997	6	0	0	1	1	0	0	0	0	N	N	N	N	N	N	N	N	N	N	N	N	0.0000	0.0000	0.0000	0.0000	0.0000	0.0000	0.0000	0.0000	0.0000	0.0000	0.0000	0.0000	0.0000	0.0000	0.0000	0.0000	0.0000	0.0000	0.0000	0.0000	0.0011	0.0000	2.7207	0.0000	0.0000	0.0000	0.0000	0.0000	0.0000	0.0000	0.0000	0.0000	0.0000	0.0000	0.0000	0.0000	0.0000	0.0000	0.0000	0.0000	0.0000	0.0000	0.0000	0.0000	0.0000	0.0000	0.0000	0.0000	0.0000	0.0000	0.0000	0.0000	0.0000	0.0000	0.0000	0.0000	0.0000	0.0000	0.0000	0.0000	0.0000	0.0000	0.0000	0.0000	0.0000	0.0000	0.0000	0.0000	0.0000	0.0000	0.0000	0.0000	0.0000	0.0000	0.0000	0.0000	0.0000	0.0000											
76	94	0.0970	5	0	0	0	1	0	0	0	0	N	N	N	N	N	N	N	N	N	N	N	N	0.0000	0.0000	0.0000	0.0000	0.0000	0.0000	0.0000	0.0000	0.0000	0.0000	0.0000	0.0000	0.0000	0.0000	0.0000	0.0000	0.0000	0.0000	0.0000	0.0000	0.0011	1.0000	2.7207	0.0097	0.0000	0.0000	0.0000	0.0000	0.0000	0.0000	0.0000	0.0000	0.0000	0.0000	0.0000	0.0000	0.0000	0.0000	0.0000	0.0000	0.0000	0.0000	0.0000	0.0000	0.0000	0.0000	0.0000	0.0000	0.0000	0.0000	0.0000	0.0090	0.0064	0.0027	0.0038	0.0035	0.0003	0.0052	0.0029	0.0024	0.0000	0.0000	0.0000	0.0000	0.0000	0.0000	0.0000	0.0000	0.0000	0.0000	0.0000	0.0000	0.0000	0.0000	0.0000	0.0000	0.0000	0.0000											
76	95	0.0970	5	0	0	1	1	0	0	0	0	N	N	N	N	N	N	N	N	N	N	N	N	0.0000	0.0000	0.0000	0.0000	0.0000	0.0000	0.0000	0.0000	0.0000	0.0000	0.0000	0.0000	0.0000	0.0005	0.0007	0.0000	0.0000	0.0000	0.0000	0.0008	0.0015	0.0000	0.0000	0.0000	-0.0000	0.0011	2.0000	2.7207	3.0050	0.0000	0.0000	0.0000	0.0000	0.0000	0.0000	0.0000	0.0000	0.0000	0.0000	0.0000	0.0000	0.0000	0.0000	0.0000	0.0000	0.0000	0.0000	0.0000	0.0000	0.0000	0.0000	0.0000	0.0000	0.0000	0.0000	0.0000	0.0417	0.0296	0.0121	0.0173	0.0160	0.0013	0.0244	0.0136	0.0108	0.0000	0.0000	0.0000	0.0000	0.0000	0.0000	0.0000	0.0000	0.0000	0.0005	0.0007	0.0000	0.0000	0.0000	0.0000	0.0008	0.0015	0.0000						
76	96	0.0970	5	0	0	1	1	0	0	0	0	N	N	N	N	N	N	N	N	N	N	N	N	0.0000	0.0000	0.0000	0.0000	0.0000	0.0000	0.0000	0.0000	0.0000	0.0000	0.0000	0.0000	0.0000	0.0000	0.0000	0.0000	0.0000	0.0000	0.0000	0.0000	0.0011	0.0000	2.7207	6.9903	0.0000	0.0000	0.0000	0.0000	0.0000	0.0000	0.0000	0.0000	0.0000	0.0000	0.0000	0.0000	0.0000	0.0000	0.0000	0.0000	0.0000	0.0000	0.0000	0.0000	0.0000	0.0000	0.0000	0.0000	0.0000	0.0000	0.0000	0.0569	0.0403	0.0166	0.0236	0.0218	0.0018	0.0333	0.0185	0.0147	0.0000	0.0000	0.0000	0.0000	0.0000	0.0000	0.0000	0.0000	0.0000	0.0000	0.0000	0.0000	0.0000	0.0000	0.0000	0.0000	0.0000	0.0000											
76	97	0.0914	4	0	0	0	1	0	0	0	0	N	N	N	N	N	N	N	N	N	N	N	N	0.0000	0.0000	0.0000	0.0000	0.0000	0.0000	0.0000	0.0000	0.0000	0.0000	0.0000	0.0000	0.0000	0.0000	0.0000	0.0000	0.0000	0.0000	0.0002	0.0001	0.0004	0.0004	0.0003	0.0019	0.0001	0.0000	0.0002	1.0710	0.0000	-0.0000	0.0011	0.9999	2.7207	1.0605	0.0000	0.0000	0.0000	0.0000	0.0000	0.0000	0.0000	0.0000	0.0000	0.0000	0.0000	0.0000	0.0000	0.0000	0.0000	0.0000	0.0000	0.0000	0.0000	0.0000	0.0000	0.0000	0.0000	0.0000	0.0000	0.0000	0.0000	0.0186	0.0134	0.0053	0.0078	0.0072	0.0005	0.0108	0.0061	0.0047	0.0000	0.0000	0.0000	0.0000	0.0000	0.0000	0.0000	0.0000	0.0000	0.0002	0.0001	0.0004	0.0004	0.0003	0.0019	0.0001	0.0000	0.0002	
76	98	0.0893	3	0	0	0	1	0	0	0	0	N	N	N	N	N	N	N	N	N	N	N	N	0.0000	0.0000	0.0000	0.0000	0.0000	0.0000	0.0000	0.0000	0.0000	0.0000	0.0000	0.0000	0.0000	0.0000	0.0000	0.0000	0.0000	0.0000	0.0036	0.0025	0.0064	0.0054	0.0043	0.0208	0.0023	0.0003	0.0049	0.9888	0.0000	-0.0000	0.0011	0.0012	2.7207	1.0414	0.0000	0.0000	0.0000	0.0000	0.0000	0.0000	0.0000	0.0000	0.0000	0.0000	0.0000	0.0000	0.0000	0.0000	0.0000	0.0000	0.0000	0.0000	0.0000	0.0000	0.0000	0.0000	0.0000	0.0000	0.0000	0.0000	0.0000	0.0103	0.0074	0.0028	0.0043	0.0041	0.0003	0.0059	0.0034	0.0026	0.0000	0.0000	0.0000	0.0000	0.0000	0.0000	0.0000	0.0000	0.0000	0.0036	0.0025	0.0064	0.0054	0.0043	0.0208	0.0023	0.0003	0.0049	
76	99	0.0384	2	1	1	0	0	0	0	0	0	N	N	N	N	N	N	N	N	N	N	N	N	0.0000	0.0000	0.0000	0.0000	0.0000	0.0000	0.0000	0.0000	0.0000	0.0000	0.0000	0.0000	0.0000	0.0000	0.0000	0.0000	0.0000	0.0000	0.8909	0.5972	1.5555	1.1279	1.0650	2.7934	0.7169	0.0125	1.5257	1.1508	0.0000	0.0013	0.0011	3.2042	2.7207	9.0918	0.0000	0.0000	0.0000	0.0000	0.0000	0.0000	0.0000	0.0000	0.0000	0.0924	0.0430	0.0495	0.0495	0.0426	0.0070	0.0429	0.0004	0.0425	0.0000	0.0000	0.0000	0.0000	0.0000	0.0000	0.0000	0.0000	0.0000	0.1037	0.0720	0.0318	0.0439	0.0400	0.0039	0.0598	0.0320	0.0279	0.0000	0.0000	0.0000	0.0000	0.0000	0.0000	0.0000	0.0000	0.0000	0.8909	0.5972	1.5555	1.1279	1.0650	1.7659	0.7169	0.0125	1.5257	
76	100	0.0384	2	0	1	0	0	0	0	0	0	N	N	N	N	N	N	N	N	N	N	N	N	0.0000	0.0000	0.0000	0.0000	0.0000	0.0000	0.0000	0.0000	0.0000	0.0000	0.0000	0.0000	0.0000	0.0000	0.0000	0.0000	0.0000	0.0000	1.1435	0.7979	1.9298	1.4145	1.3527	3.1366	0.9429	0.0968	1.9127	1.0634	0.0000	-0.0006	0.0011	0.7962	2.7207	10.9291	0.0000	0.0000	0.0000	0.0000	0.0000	0.0000	0.0000	0.0000	0.0000	0.1038	0.0503	0.0535	0.0546	0.0476	0.0070	0.0492	0.0027	0.0465	0.0000	0.0000	0.0000	0.0000	0.0000	0.0000	0.0000	0.0000	0.0000	0.0907	0.0630	0.0277	0.0386	0.0352	0.0034	0.0521	0.0278	0.0243	0.0000	0.0000	0.0000	0.0000	0.0000	0.0000	0.0000	0.0000	0.0000	1.1435	0.7979	1.9298	1.4145	1.3527	2.0516	0.9429	0.0968	1.9127	
76	101	0.0962	5	1	1	0	0	0	0	0	0	N	N	N	N	N	N	N	N	N	N	N	N	0.0000	0.0000	0.0000	0.0000	0.0000	0.0000	0.0000	0.0000	0.0000	0.0000	0.0000	0.0000	0.0000	0.0000	0.0000	0.0000	0.0000	0.0000	0.0136	0.0135	0.0138	0.0039	0.0042	0.0000	0.0205	0.0244	0.0155	0.4167	0.0000	-0.0001	0.0011	0.0000	2.7207	3.0000	0.0000	0.0000	0.0000	0.0000	0.0000	0.0000	0.0000	0.0000	0.0000	0.0003	0.0002	0.0001	0.0000	0.0000	0.0000	0.0003	0.0002	0.0001	0.0000	0.0000	0.0000	0.0000	0.0000	0.0000	0.0000	0.0000	0.0000	0.0250	0.0177	0.0073	0.0103	0.0096	0.0008	0.0147	0.0082	0.0065	0.0000	0.0000	0.0000	0.0000	0.0000	0.0000	0.0000	0.0000	0.0000	0.0136	0.0135	0.0138	0.0039	0.0042	0.0000	0.0205	0.0244	0.0155	
76	102	0.0931	4	1	1	0	0	0	0	0	0	N	N	N	N	N	N	N	N	N	N	N	N	0.0000	0.0000	0.0000	0.0000	0.0000	0.0000	0.0000	0.0000	0.0000	0.0000	0.0000	0.0000	0.0000	0.0000	0.0000	0.0000	0.0000	0.0000	0.0000	0.0000	0.0011	0.0000	2.7207	1.0000	0.0000	0.0000	0.0000	0.0000	0.0000	0.0000	0.0000	0.0000	0.0000	0.0000	0.0000	0.0000	0.0000	0.0000	0.0000	0.0000	0.0000	0.0000	0.0000	0.0000	0.0000	0.0000	0.0000	0.0000	0.0000	0.0000	0.0000	0.0087	0.0062	0.0025	0.0036	0.0033	0.0003	0.0051	0.0028	0.0022	0.0000	0.0000	0.0000	0.0000	0.0000	0.0000	0.0000	0.0000	0.0000	0.0000	0.0000	0.0000	0.0000	0.0000	0.0000	0.0000	0.0000	0.0000											
76	103	0.0893	3	0	1	0	0	0	0	0	0	N	N	N	N	N	N	N	N	N	N	N	N	0.0000	0.0000	0.0000	0.0000	0.0000	0.0000	0.0000	0.0000	0.0000	0.0000	0.0000	0.0000	0.0000	0.0000	0.0000	0.0000	0.0000	0.0000	0.0032	0.0021	0.0061	0.0048	0.0038	0.0206	0.0020	0.0000	0.0045	1.1250	0.0000	0.0000	0.0011	0.0006	2.7207	1.0534	0.0000	0.0000	0.0000	0.0000	0.0000	0.0000	0.0000	0.0000	0.0000	0.0000	0.0000	0.0000	0.0000	0.0000	0.0000	0.0000	0.0000	0.0000	0.0000	0.0000	0.0000	0.0000	0.0000	0.0000	0.0000	0.0000	0.0000	0.0104	0.0075	0.0029	0.0044	0.0041	0.0003	0.0060	0.0034	0.0026	0.0000	0.0000	0.0000	0.0000	0.0000	0.0000	0.0000	0.0000	0.0000	0.0032	0.0021	0.0061	0.0048	0.0038	0.0206	0.0020	0.0000	0.0045	
76	104	0.0384	2	0	0	0	0	0	0	0	0	N	N	N	N	N	N	N	N	N	N	N	N	0.0000	0.0000	0.0000	0.0000	0.0000	0.0000	0.0000	0.0000	0.0000	0.0000	0.0000	0.0000	0.0000	0.0000	0.0000	0.0000	0.0000	0.0000	0.6822	0.4588	1.1821	0.8743	0.8280	2.2032	0.5440	0.0088	1.1611	1.1512	0.0000	0.0013	0.0011	7.2034	2.7207	9.9858	0.0000	0.0000	0.0000	0.0000	0.0000	0.0000	0.0000	0.0000	0.0000	0.0924	0.0429	0.0494	0.0495	0.0426	0.0070	0.0429	0.0004	0.0425	0.0001	0.0001	0.0000	0.0000	0.0000	0.0000	0.0001	0.0001	0.0000	0.1354	0.0936	0.0418	0.0566	0.0514	0.0052	0.0788	0.0422	0.0366	0.0000	0.0000	0.0000	0.0000	0.0000	0.0000	0.0000	0.0000	0.0000	0.6822	0.4588	1.1821	0.8743	0.8280	1.3292	0.5440	0.0088	1.1611	
76	109	0.3081	6	0	0	0	0	0	0	0	0	N	N	N	N	N	N	N	N	N	N	N	N	0.3408	0.2940	0.4834	0.0138	0.0161	0.0000	0.1911	0.1255	0.3909	1.2259	1.2676	0.9224	0.0014	0.0013	0.0000	1.4261	1.4984	0.9621	3.5971	4.3118	1.9080	0.0996	0.0827	0.2045	7.4612	11.9383	2.4612	0.1000	0.1872	-0.0000	-0.4038	0.0011	7.7801	2.7207	32.2209	0.0001	0.0001	0.0000	0.0000	0.0000	0.0000	0.0001	0.0001	0.0000	1.1112	0.9359	0.1752	0.0162	0.0115	0.0046	1.0950	0.9244	0.1706	0.0001	0.0001	0.0000	0.0000	0.0000	0.0000	0.0001	0.0001	0.0000	0.3089	0.2171	0.0918	0.1622	0.1396	0.0225	0.1468	0.0774	0.0693	0.3408	0.2940	0.4834	0.0138	0.0161	0.0000	0.1911	0.1255	0.3909	3.5971	4.3118	1.9080	0.0996	0.0827	0.2045	7.4612	11.9383	2.4612
77	78	0.0523	2	1	0	1	0	0	0	0	0	N	N	N	N	N	N	N	N	N	N	N	N	0.0000	0.0000	0.0000	0.0000	0.0000	0.0000	0.0000	0.0000	0.0000	0.0000	0.0000	0.0000	0.0000	0.0000	0.0000	0.0000	0.0000	0.0021	0.0042	0.0001	0.0423	0.0451	0.0023	0.0000	0.0000	0.0001	0.0168	0.0000	-0.0000	0.0001	1.6246	10.0074	0.0115	0.0000	0.0000	0.0000	0.0000	0.0000	0.0000	0.0000	0.0000	0.0000	0.0001	0.0001	0.0000	0.0001	0.0001	0.0000	0.0000	0.0000	0.0000	0.0538	0.0524	0.0014	0.0269	0.0269	0.0000	0.0269	0.0255	0.0014	0.0430	0.0212	0.0218	0.0021	0.0020	0.0001	0.0409	0.0193	0.0216	0.0000	0.0000	0.0000	0.0000	0.0000	0.0000	0.0000	0.0000	0.0000	0.0021	0.0042	0.0001	0.0423	0.0451	0.0023	0.0000	0.0000	0.0001		
77	83	0.1424	4	0	0	0	0	0	0	0	0	N	N	N	N	N	N	N	N	N	N	N	N	0.0000	0.0000	0.0000	0.0000	0.0000	0.0000	0.0000	0.0000	0.0000	0.0000	0.0000	0.0000	0.0000	0.0000	0.0000	0.0000	0.0000	0.0000	1.8141	1.5701	2.2595	0.3708	0.1771	2.5544	2.6914	2.9850	2.3792	0.0000	0.7885	-0.0000	-0.1427	0.0001	10.0679	10.0074	33.8159	0.0000	0.0000	0.0000	0.0000	0.0000	0.0000	0.0000	0.0000	0.0000	1.7793	0.9949	0.7844	0.1375	0.0566	0.0809	1.6418	0.9383	0.7035	0.0824	0.0793	0.0032	0.0415	0.0412	0.0002	0.0410	0.0380	0.0029	0.9808	0.6336	0.3472	0.3708	0.3193	0.0515	0.6100	0.3143	0.2957	0.0000	0.0000	0.0000	0.0000	0.0000	0.0000	0.0000	0.0000	0.0000	1.8141	1.5701	2.2595	0.3708	0.1771	1.5722	2.6914	2.9850	2.3792
77	84	0.1148	3	0	0	0	0	0	0	0	0	N	N	N	N	N	N	N	N	N	N	N	N	0.0000	0.0000	0.0000	0.0000	0.0000	0.0000	0.0000	0.0000	0.0000	0.0000	0.0000	0.0000	0.0000	0.0000	0.0000	0.0000	0.0000	0.0000	1.4057	1.0657	2.1049	1.7493	1.6810	3.2073	1.1418	0.2211	2.0675	1.0001	0.9605	0.0000	-0.0334	0.0001	0.9441	10.0074	14.0836	0.0000	0.0000	0.0000	0.0000	0.0000	0.0000	0.0000	0.0000	0.0000	1.0721	0.5469	0.5253	0.5795	0.4991	0.0804	0.4927	0.0478	0.4448	0.0106	0.0097	0.0010	0.0058	0.0053	0.0005	0.0048	0.0043	0.0005	0.7627	0.5132	0.2495	0.3313	0.2969	0.0344	0.4315	0.2163	0.2152	0.0000	0.0000	0.0000	0.0000	0.0000	0.0000	0.0000	0.0000	0.0000	1.4057	1.0657	2.1049	1.7493	1.6810	2.3388	1.1418	0.2211	2.0675
77	85	0.3971	6	0	0	0	0	0	0	0	0	N	N	N	N	N	N	N	N	N	N	N	N	0.0000	0.0000	0.0000	0.0000	0.0000	0.0000	0.0000	0.0000	0.0000	0.0000	0.0000	0.0000	0.0000	0.0000	0.0000	0.0000	0.0000	0.0000	0.6346	0.1101	1.7879	0.6234	0.1777	5.1763	0.6449	0.0075	1.3511	0.0000	7.3862	-0.0000	0.2179	0.0001	15.0008	10.0074	28.2980	0.0000	0.0000	0.0000	0.0000	0.0000	0.0000	0.0000	0.0000	0.0000	0.6058	0.0722	0.5335	0.2859	0.0703	0.2156	0.3199	0.0019	0.3179	0.3189	0.2716	0.0473	0.2278	0.1854	0.0424	0.0911	0.0862	0.0049	0.9546	0.6562	0.2984	0.4586	0.3955	0.0631	0.4960	0.2607	0.2353	0.0000	0.0000	0.0000	0.0000	0.0000	0.0000	0.0000	0.0000	0.0000	0.6346	0.1101	1.7879	0.6234	0.1777	3.4171	0.6449	0.0075	1.3511
77	86	0.3971	6	0	0	0	0	0	0	0	0	N	N	N	N	N	N	N	N	N	N	N	N	0.0000	0.0000	0.0000	0.0000	0.0000	0.0000	0.0000	0.0000	0.0000	0.0000	0.0000	0.0000	0.0000	0.0000	0.0000	0.0000	0.0000	0.0000	0.8809	0.1107	2.6912	0.7042	0.1685	6.6112	1.0689	0.0084	2.2292	0.0000	10.3424	-0.0000	0.3213	0.0001	10.8154	10.0074	27.4443	0.0000	0.0000	0.0000	0.0000	0.0000	0.0000	0.0000	0.0000	0.0000	0.8222	0.0725	0.7497	0.3389	0.0705	0.2683	0.4833	0.0020	0.4813	0.2807	0.2299	0.0508	0.2069	0.1597	0.0472	0.0738	0.0703	0.0035	0.9333	0.6548	0.2786	0.4812	0.4185	0.0626	0.4522	0.2363	0.2159	0.0000	0.0000	0.0000	0.0000	0.0000	0.0000	0.0000	0.0000	0.0000	0.8809	0.1107	2.6912	0.7042	0.1685	4.2835	1.0689	0.0084	2.2292
77	87	0.3493	5	0	0	0	0	0	0	0	0	N	N	N	N	N	N	N	N	N	N	N	N	0.0000	0.0000	0.0000	0.0000	0.0000	0.0000	0.0000	0.0000	0.0000	0.0000	0.0000	0.0000	0.0000	0.0000	0.0000	0.0000	0.0000	0.0000	0.8659	0.6309	1.4509	0.8602	0.7656	2.3829	0.8732	0.3363	1.4415	0.3727	0.9236	0.0000	-0.0485	0.0001	2.7608	10.0074	22.4044	0.0000	0.0000	0.0000	0.0000	0.0000	0.0000	0.0000	0.0000	0.0000	1.1857	0.6164	0.5693	0.6649	0.5133	0.1517	0.5208	0.1031	0.4176	0.2012	0.1568	0.0444	0.1489	0.1064	0.0425	0.0522	0.0504	0.0019	1.3694	0.9770	0.3924	0.7730	0.6704	0.1027	0.5964	0.3067	0.2897	0.0000	0.0000	0.0000	0.0000	0.0000	0.0000	0.0000	0.0000	0.0000	0.8659	0.6309	1.4509	0.8602	0.7656	1.4776	0.8732	0.3363	1.4415
77	88	0.2194	4	0	0	0	0	0	0	0	0	N	N	N	N	N	N	N	N	N	N	N	N	0.0000	0.0000	0.0000	0.0000	0.0000	0.0000	0.0000	0.0000	0.0000	0.0000	0.0000	0.0000	0.0000	0.0000	0.0000	0.0000	0.0000	0.0000	2.0290	1.3515	3.4108	1.8873	1.8915	2.8159	2.1360	0.6778	3.7401	0.8888	1.2375	0.0000	0.0807	0.0001	8.8820	10.0074	49.9570	0.0000	0.0000	0.0000	0.0000	0.0000	0.0000	0.0000	0.0000	0.0000	2.5234	1.1278	1.3956	1.0094	0.8761	0.1333	1.5139	0.2517	1.2623	0.0899	0.0828	0.0071	0.0499	0.0454	0.0045	0.0400	0.0374	0.0027	1.2436	0.8345	0.4092	0.5349	0.4632	0.0717	0.7088	0.3713	0.3375	0.0000	0.0000	0.0000	0.0000	0.0000	0.0000	0.0000	0.0000	0.0000	2.0290	1.3515	3.4108	1.8873	1.8915	1.8600	2.1360	0.6778	3.7401
77	90	0.1041	6	0	1	0	1	0	0	0	0	N	N	N	N	N	N	N	N	N	N	N	N	0.0000	0.0000	0.0000	0.0000	0.0000	0.0000	0.0000	0.0000	0.0000	0.0000	0.0000	0.0000	0.0000	0.0000	0.0000	0.0000	0.0000	0.0000	0.0000	0.0000	0.0001	0.0000	10.0074	0.0000	0.0000	0.0000	0.0000	0.0000	0.0000	0.0000	0.0000	0.0000	0.0000	0.0000	0.0000	0.0000	0.0000	0.0000	0.0000	0.0000	0.0000	0.0000	0.0000	0.0000	0.0000	0.0000	0.0000	0.0000	0.0000	0.0000	0.0000	0.0000	0.0000	0.0000	0.0000	0.0000	0.0000	0.0000	0.0000	0.0000	0.0000	0.0000	0.0000	0.0000	0.0000	0.0000	0.0000	0.0000	0.0000	0.0000	0.0000	0.0000	0.0000	0.0000	0.0000	0.0000	0.0000	0.0000											
77	91	0.0934	5	0	1	0	1	0	0	0	0	N	N	N	N	N	N	N	N	N	N	N	N	0.0000	0.0000	0.0000	0.0000	0.0000	0.0000	0.0000	0.0000	0.0000	0.0000	0.0000	0.0000	0.0000	0.0000	0.0000	0.0000	0.0000	0.0000	0.0000	0.0000	0.0001	1.0000	10.0074	3.0000	0.0000	0.0000	0.0000	0.0000	0.0000	0.0000	0.0000	0.0000	0.0000	0.0000	0.0000	0.0000	0.0000	0.0000	0.0000	0.0000	0.0000	0.0000	0.0058	0.0056	0.0002	0.0029	0.0029	0.0000	0.0029	0.0027	0.0002	0.0913	0.0458	0.0455	0.0105	0.0090	0.0015	0.0808	0.0368	0.0440	0.0000	0.0000	0.0000	0.0000	0.0000	0.0000	0.0000	0.0000	0.0000	0.0000	0.0000	0.0000	0.0000	0.0000	0.0000	0.0000	0.0000	0.0000											
77	92	0.0869	3	0	1	0	0	0	0	0	0	N	N	N	N	N	N	N	N	N	N	N	N	0.0000	0.0000	0.0000	0.0000	0.0000	0.0000	0.0000	0.0000	0.0000	0.0000	0.0000	0.0000	0.0000	0.0000	0.0000	0.0000	0.0000	0.0000	0.0000	0.0000	0.0001	0.0000	10.0074	0.0000	0.0000	0.0000	0.0000	0.0000	0.0000	0.0000	0.0000	0.0000	0.0000	0.0000	0.0000	0.0000	0.0000	0.0000	0.0000	0.0000	0.0000	0.0000	0.0000	0.0000	0.0000	0.0000	0.0000	0.0000	0.0000	0.0000	0.0000	0.0000	0.0000	0.0000	0.0000	0.0000	0.0000	0.0000	0.0000	0.0000	0.0000	0.0000	0.0000	0.0000	0.0000	0.0000	0.0000	0.0000	0.0000	0.0000	0.0000	0.0000	0.0000	0.0000	0.0000	0.0000	0.0000	0.0000											
77	93	0.0934	5	0	0	1	1	0	0	0	0	N	N	N	N	N	N	N	N	N	N	N	N	0.0000	0.0000	0.0000	0.0000	0.0000	0.0000	0.0000	0.0000	0.0000	0.0000	0.0000	0.0000	0.0000	0.0000	0.0000	0.0000	0.0000	0.0000	0.0000	0.0000	0.0001	0.0000	10.0074	0.0000	0.0000	0.0000	0.0000	0.0000	0.0000	0.0000	0.0000	0.0000	0.0000	0.0000	0.0000	0.0000	0.0000	0.0000	0.0000	0.0000	0.0000	0.0000	0.0000	0.0000	0.0000	0.0000	0.0000	0.0000	0.0000	0.0000	0.0000	0.0000	0.0000	0.0000	0.0000	0.0000	0.0000	0.0000	0.0000	0.0000	0.0000	0.0000	0.0000	0.0000	0.0000	0.0000	0.0000	0.0000	0.0000	0.0000	0.0000	0.0000	0.0000	0.0000	0.0000	0.0000	0.0000	0.0000											
77	94	0.0907	4	0	0	0	1	0	0	0	0	N	N	N	N	N	N	N	N	N	N	N	N	0.0000	0.0000	0.0000	0.0000	0.0000	0.0000	0.0000	0.0000	0.0000	0.0000	0.0000	0.0000	0.0000	0.0000	0.0000	0.0000	0.0000	0.0000	0.0000	0.0000	0.0001	1.0000	10.0074	0.0097	0.0000	0.0000	0.0000	0.0000	0.0000	0.0000	0.0000	0.0000	0.0000	0.0000	0.0000	0.0000	0.0000	0.0000	0.0000	0.0000	0.0000	0.0000	0.0058	0.0056	0.0002	0.0029	0.0029	0.0000	0.0029	0.0027	0.0002	0.0247	0.0124	0.0124	0.0032	0.0028	0.0004	0.0216	0.0096	0.0120	0.0000	0.0000	0.0000	0.0000	0.0000	0.0000	0.0000	0.0000	0.0000	0.0000	0.0000	0.0000	0.0000	0.0000	0.0000	0.0000	0.0000	0.0000											
77	95	0.0907	4	0	0	1	1	0	0	0	0	N	N	N	N	N	N	N	N	N	N	N	N	0.0000	0.0000	0.0000	0.0000	0.0000	0.0000	0.0000	0.0000	0.0000	0.0000	0.0000	0.0000	0.0000	0.0000	0.0000	0.0000	0.0000	0.0000	0.0000	0.0000	0.0001	2.0000	10.0074	3.0050	0.0000	0.0000	0.0000	0.0000	0.0000	0.0000	0.0000	0.0000	0.0000	0.0000	0.0000	0.0000	0.0000	0.0000	0.0000	0.0000	0.0000	0.0000	0.0114	0.0110	0.0003	0.0057	0.0057	0.0000	0.0057	0.0053	0.0003	0.1137	0.0571	0.0566	0.0133	0.0115	0.0018	0.1003	0.0456	0.0547	0.0000	0.0000	0.0000	0.0000	0.0000	0.0000	0.0000	0.0000	0.0000	0.0000	0.0000	0.0000	0.0000	0.0000	0.0000	0.0000	0.0000	0.0000											
77	96	0.0907	4	0	0	1	1	0	0	0	0	N	N	N	N	N	N	N	N	N	N	N	N	0.0000	0.0000	0.0000	0.0000	0.0000	0.0000	0.0000	0.0000	0.0000	0.0000	0.0000	0.0000	0.0000	0.0000	0.0000	0.0000	0.0000	0.0000	0.0000	0.0000	0.0001	0.0000	10.0074	6.9903	0.0000	0.0000	0.0000	0.0000	0.0000	0.0000	0.0000	0.0000	0.0000	0.0000	0.0000	0.0000	0.0000	0.0000	0.0000	0.0000	0.0000	0.0000	0.0000	0.0000	0.0000	0.0000	0.0000	0.0000	0.0000	0.0000	0.0000	0.1547	0.0779	0.0768	0.0180	0.0155	0.0025	0.1368	0.0624	0.0743	0.0000	0.0000	0.0000	0.0000	0.0000	0.0000	0.0000	0.0000	0.0000	0.0000	0.0000	0.0000	0.0000	0.0000	0.0000	0.0000	0.0000	0.0000											
77	97	0.0852	3	0	0	0	1	0	0	0	0	N	N	N	N	N	N	N	N	N	N	N	N	0.0000	0.0000	0.0000	0.0000	0.0000	0.0000	0.0000	0.0000	0.0000	0.0000	0.0000	0.0000	0.0000	0.0000	0.0000	0.0000	0.0000	0.0000	0.0007	0.0001	0.0014	0.0028	0.0002	0.0242	0.0004	0.0000	0.0007	25.4361	0.0000	0.0000	0.0001	0.9999	10.0074	1.0605	0.0000	0.0000	0.0000	0.0000	0.0000	0.0000	0.0000	0.0000	0.0000	0.0000	0.0000	0.0000	0.0000	0.0000	0.0000	0.0000	0.0000	0.0000	0.0338	0.0329	0.0009	0.0169	0.0169	0.0000	0.0169	0.0160	0.0009	0.0557	0.0293	0.0264	0.0073	0.0066	0.0008	0.0483	0.0227	0.0256	0.0000	0.0000	0.0000	0.0000	0.0000	0.0000	0.0000	0.0000	0.0000	0.0007	0.0001	0.0014	0.0028	0.0002	0.0242	0.0004	0.0000	0.0007	
77	98	0.0831	2	0	0	0	1	0	0	0	0	N	N	N	N	N	N	N	N	N	N	N	N	0.0000	0.0000	0.0000	0.0000	0.0000	0.0000	0.0000	0.0000	0.0000	0.0000	0.0000	0.0000	0.0000	0.0000	0.0000	0.0000	0.0000	0.0000	0.0132	0.0045	0.0238	0.0327	0.0164	0.2184	0.0096	0.0002	0.0182	4.4502	0.0000	0.0001	0.0001	0.0012	10.0074	1.0414	0.0000	0.0000	0.0000	0.0000	0.0000	0.0000	0.0000	0.0000	0.0000	0.0004	0.0001	0.0003	0.0002	0.0001	0.0001	0.0003	0.0000	0.0002	0.0001	0.0001	0.0000	0.0001	0.0000	0.0000	0.0000	0.0000	0.0000	0.0309	0.0169	0.0140	0.0049	0.0045	0.0004	0.0260	0.0124	0.0136	0.0000	0.0000	0.0000	0.0000	0.0000	0.0000	0.0000	0.0000	0.0000	0.0132	0.0045	0.0238	0.0327	0.0164	0.2184	0.0096	0.0002	0.0182	
77	101	0.0900	4	1	1	0	0	0	0	0	0	N	N	N	N	N	N	N	N	N	N	N	N	0.0000	0.0000	0.0000	0.0000	0.0000	0.0000	0.0000	0.0000	0.0000	0.0000	0.0000	0.0000	0.0000	0.0000	0.0000	0.0005	0.0008	0.0003	0.0000	0.0000	0.0000	0.0006	0.0010	0.0003	0.3333	0.0000	-0.0000	0.0001	0.0000	10.0074	3.0000	0.0000	0.0000	0.0000	0.0000	0.0000	0.0000	0.0000	0.0000	0.0000	0.0000	0.0000	0.0000	0.0000	0.0000	0.0000	0.0000	0.0000	0.0000	0.0000	0.0000	0.0000	0.0000	0.0000	0.0000	0.0000	0.0000	0.0000	0.0736	0.0371	0.0364	0.0078	0.0067	0.0011	0.0658	0.0305	0.0353	0.0000	0.0000	0.0000	0.0000	0.0000	0.0000	0.0000	0.0000	0.0000	0.0005	0.0008	0.0003	0.0000	0.0000	0.0000	0.0006	0.0010	0.0003				
77	102	0.0869	3	1	1	0	0	0	0	0	0	N	N	N	N	N	N	N	N	N	N	N	N	0.0000	0.0000	0.0000	0.0000	0.0000	0.0000	0.0000	0.0000	0.0000	0.0000	0.0000	0.0000	0.0000	0.0000	0.0000	0.0000	0.0000	0.0000	0.0000	0.0000	0.0001	0.0000	10.0074	1.0000	0.0000	0.0000	0.0000	0.0000	0.0000	0.0000	0.0000	0.0000	0.0000	0.0000	0.0000	0.0000	0.0000	0.0000	0.0000	0.0000	0.0000	0.0000	0.0000	0.0000	0.0000	0.0000	0.0000	0.0000	0.0000	0.0000	0.0000	0.0256	0.0129	0.0127	0.0027	0.0023	0.0004	0.0229	0.0106	0.0123	0.0000	0.0000	0.0000	0.0000	0.0000	0.0000	0.0000	0.0000	0.0000	0.0000	0.0000	0.0000	0.0000	0.0000	0.0000	0.0000	0.0000	0.0000											
77	103	0.0831	2	0	1	0	0	0	0	0	0	N	N	N	N	N	N	N	N	N	N	N	N	0.0000	0.0000	0.0000	0.0000	0.0000	0.0000	0.0000	0.0000	0.0000	0.0000	0.0000	0.0000	0.0000	0.0000	0.0000	0.0000	0.0000	0.0000	0.0119	0.0022	0.0235	0.0247	0.0078	0.2158	0.0095	0.0002	0.0180	9.0062	0.0000	0.0001	0.0001	0.0006	10.0074	1.0534	0.0000	0.0000	0.0000	0.0000	0.0000	0.0000	0.0000	0.0000	0.0000	0.0004	0.0000	0.0003	0.0001	0.0000	0.0001	0.0002	0.0000	0.0002	0.0001	0.0001	0.0000	0.0000	0.0000	0.0000	0.0000	0.0000	0.0000	0.0311	0.0170	0.0141	0.0049	0.0045	0.0004	0.0263	0.0125	0.0137	0.0000	0.0000	0.0000	0.0000	0.0000	0.0000	0.0000	0.0000	0.0000	0.0119	0.0022	0.0235	0.0247	0.0078	0.2158	0.0095	0.0002	0.0180	
77	109	0.3018	5	0	0	0	0	0	0	0	0	N	N	N	N	N	N	N	N	N	N	N	N	0.0000	0.0000	0.0000	0.0000	0.0000	0.0000	0.0000	0.0000	0.0000	0.0000	0.0000	0.0000	0.0000	0.0000	0.0000	0.0000	0.0000	0.0000	0.5990	0.1696	1.5234	0.4510	0.1811	3.0483	0.7342	0.1527	1.3838	0.0000	4.1707	-0.0000	0.1768	0.0001	7.7801	10.0074	32.2209	0.0000	0.0000	0.0000	0.0000	0.0000	0.0000	0.0000	0.0000	0.0000	0.6191	0.1197	0.4994	0.2226	0.0762	0.1464	0.3965	0.0435	0.3530	0.0682	0.0648	0.0034	0.0352	0.0342	0.0010	0.0330	0.0307	0.0023	1.0336	0.7058	0.3278	0.4936	0.4209	0.0727	0.5400	0.2849	0.2551	0.0000	0.0000	0.0000	0.0000	0.0000	0.0000	0.0000	0.0000	0.0000	0.5990	0.1696	1.5234	0.4510	0.1811	2.0129	0.7342	0.1527	1.3838
78	80	0.0232	2	1	1	1	1	0	0	0	0	N	N	N	N	N	N	N	N	N	N	N	N	0.0913	0.0472	0.0063	0.0059	0.0002	0.0002	0.0000	0.0003	0.0003	0.0000	0.0000	0.0000	0.0000	0.0020	0.0041	0.0000	0.0522	0.0571	0.0000	0.0000	0.0000	0.0000	0.0000	0.0000	-0.0000	-0.0001	1.6246	0.7962	0.0115	19.0091	0.0000	0.0000	0.0000	0.0000	0.0000	0.0000	0.0000	0.0000	0.0000	0.0001	0.0001	0.0000	0.0001	0.0001	0.0000	0.0000	0.0000	0.0000	0.0923	0.0876	0.0047	0.0518	0.0503	0.0015	0.0406	0.0374	0.0032	0.0677	0.0332	0.0344	0.0026	0.0024	0.0002	0.0650	0.0308	0.0342	0.0913	0.0472	0.0000	0.0063	0.0059	0.0000	0.0000	0.0000	0.0000	0.0020	0.0041	0.0000	0.0522	0.0571	0.0000	0.0000	0.0000	0.0000					
78	81	0.0232	2	1	1	1	0	0	0	0	0	N	N	N	N	N	N	N	N	N	N	N	N	0.1120	0.0581	0.0072	0.0067	0.0002	0.0002	0.0000	0.0003	0.0003	0.0000	0.0000	0.0000	0.0000	0.0017	0.0034	0.0000	0.0459	0.0507	0.0000	0.0000	0.0000	0.0000	0.0000	0.0000	-0.0000	-0.0001	1.6246	0.7962	0.0115	25.3140	0.0000	0.0000	0.0000	0.0000	0.0000	0.0000	0.0000	0.0000	0.0000	0.0001	0.0001	0.0000	0.0001	0.0001	0.0000	0.0000	0.0000	0.0000	0.0923	0.0876	0.0047	0.0518	0.0503	0.0015	0.0406	0.0374	0.0032	0.0830	0.0408	0.0421	0.0030	0.0027	0.0003	0.0800	0.0381	0.0418	0.1120	0.0581	0.0000	0.0072	0.0067	0.0000	0.0000	0.0000	0.0000	0.0017	0.0034	0.0000	0.0459	0.0507	0.0000	0.0000	0.0000	0.0000					
78	82	0.0232	2	1	1	1	0	0	0	0	0	N	N	N	N	N	N	N	N	N	N	N	N	0.0796	0.0418	0.0048	0.0045	0.0001	0.0001	0.0000	0.0002	0.0002	0.0000	0.0000	0.0000	0.0000	0.0015	0.0031	0.0000	0.0438	0.0485	0.0000	0.0000	0.0000	0.0000	0.0000	0.0000	-0.0000	-0.0001	1.6246	1.7961	0.0115	27.0091	0.0000	0.0000	0.0000	0.0000	0.0000	0.0000	0.0000	0.0000	0.0000	0.0001	0.0001	0.0000	0.0001	0.0001	0.0000	0.0000	0.0000	0.0000	0.1392	0.1306	0.0086	0.0819	0.0786	0.0033	0.0573	0.0520	0.0053	0.0889	0.0438	0.0451	0.0031	0.0028	0.0003	0.0858	0.0410	0.0448	0.0796	0.0418	0.0000	0.0048	0.0045	0.0000	0.0000	0.0000	0.0000	0.0015	0.0031	0.0000	0.0438	0.0485	0.0000	0.0000	0.0000	0.0000					
78	83	0.1335	5	1	0	1	0	0	0	0	0	N	N	N	N	N	N	N	N	N	N	N	N	9.3360	6.9115	0.0000	6.7807	6.2264	0.0000	0.3407	0.2196	0.0000	0.0013	0.0014	0.0000	0.0018	0.0019	0.0000	0.0000	0.0000	0.0000	0.0001	0.0002	0.0000	0.0003	0.0003	0.0000	0.0000	0.0000	0.0000	0.0000	0.0193	-0.0001	-0.0000	1.6246	10.0679	0.0115	33.8159	0.0005	0.0005	0.0000	0.0005	0.0005	0.0000	0.0000	0.0000	0.0000	0.0000	0.0000	0.0000	0.0000	0.0000	0.0000	0.0000	0.0000	0.0000	0.4187	0.3869	0.0318	0.2925	0.2763	0.0162	0.1263	0.1106	0.0156	0.1329	0.0892	0.0437	0.0631	0.0540	0.0091	0.0698	0.0352	0.0346	9.3360	6.9115	0.0000	6.7807	6.2264	0.0000	0.3407	0.2196	0.0000	0.0001	0.0002	0.0000	0.0003	0.0003	0.0000	0.0000	0.0000	0.0000
78	84	0.1059	4	1	0	1	0	0	0	0	0	N	N	N	N	N	N	N	N	N	N	N	N	68.8021	71.9210	0.0160	75.8978	78.2769	0.0020	4.1667	6.4527	0.0292	0.0188	0.0204	0.0000	0.0261	0.0275	0.0000	0.0008	0.0010	0.0000	0.0003	0.0003	0.0003	0.0003	0.0004	0.0003	0.0002	0.0002	0.0002	0.0000	0.4239	-0.0001	-0.0000	1.6246	0.9441	0.0115	14.0836	0.0009	0.0009	0.0000	0.0009	0.0009	0.0000	0.0000	0.0000	0.0000	0.0000	0.0000	0.0000	0.0000	0.0000	0.0000	0.0000	0.0000	0.0000	0.0490	0.0452	0.0038	0.0348	0.0330	0.0018	0.0142	0.0122	0.0020	0.1062	0.0719	0.0343	0.0531	0.0472	0.0059	0.0531	0.0247	0.0284	68.8021	71.9210	0.0160	75.8978	78.2769	0.0020	4.1667	6.4527	0.0292	0.0003	0.0003	0.0003	0.0003	0.0004	0.0003	0.0002	0.0002	0.0002
78	85	0.3882	7	1	0	1	0	0	0	0	0	N	N	N	N	N	N	N	N	N	N	N	N	21.4022	23.2229	0.0000	15.8996	18.4916	0.0000	1.9610	282.6451	0.0000	0.0125	0.0135	0.0000	0.0160	0.0170	0.0000	0.0003	0.0003	0.0000	0.0006	0.0006	0.0006	0.0010	0.0009	0.0016	0.0002	0.0000	0.0003	0.0000	0.4618	-0.0009	-0.0000	1.6246	15.0008	0.0115	28.2980	0.0093	0.0093	0.0000	0.0092	0.0092	0.0000	0.0000	0.0000	0.0000	0.0001	0.0000	0.0000	0.0001	0.0000	0.0000	0.0000	0.0000	0.0000	0.7392	0.6878	0.0514	0.5746	0.5427	0.0319	0.1645	0.1450	0.0195	0.1089	0.0752	0.0337	0.0552	0.0475	0.0077	0.0537	0.0277	0.0259	21.4022	23.2229	0.0000	15.8996	18.4916	0.0000	1.9610	282.6451	0.0000	0.0006	0.0006	0.0006	0.0010	0.0009	0.0016	0.0002	0.0000	0.0003
78	86	0.3882	7	1	0	1	0	0	0	0	0	N	N	N	N	N	N	N	N	N	N	N	N	31.3212	34.0207	0.0000	23.9619	27.7312	0.0000	3.0940	445.6940	0.0000	0.0199	0.0214	0.0000	0.0247	0.0261	0.0000	0.0005	0.0006	0.0000	0.0006	0.0006	0.0007	0.0010	0.0009	0.0016	0.0002	0.0000	0.0003	0.0000	0.4388	-0.0009	-0.0000	1.6246	10.8154	0.0115	27.4443	0.0092	0.0092	0.0000	0.0092	0.0092	0.0000	0.0000	0.0000	0.0000	0.0001	0.0000	0.0000	0.0001	0.0000	0.0000	0.0000	0.0000	0.0000	0.4652	0.4332	0.0320	0.3724	0.3522	0.0202	0.0928	0.0810	0.0118	0.1039	0.0731	0.0309	0.0562	0.0486	0.0075	0.0478	0.0244	0.0233	31.3212	34.0207	0.0000	23.9619	27.7312	0.0000	3.0940	445.6940	0.0000	0.0006	0.0006	0.0007	0.0010	0.0009	0.0016	0.0002	0.0000	0.0003
78	87	0.3404	6	1	0	1	0	0	0	0	0	N	N	N	N	N	N	N	N	N	N	N	N	111.7407	130.2422	0.0462	138.4053	136.7340	0.0155	7.1166	16.4245	0.0726	0.0832	0.0898	0.0000	0.1072	0.1128	0.0000	0.0050	0.0058	0.0001	0.0007	0.0007	0.0009	0.0008	0.0008	0.0005	0.0007	0.0004	0.0011	0.0000	0.5029	-0.0018	-0.0000	1.6246	2.7608	0.0115	22.4044	0.0192	0.0192	0.0000	0.0190	0.0190	0.0000	0.0003	0.0003	0.0000	0.0001	0.0001	0.0000	0.0001	0.0001	0.0000	0.0001	0.0000	0.0000	0.2311	0.2143	0.0169	0.1769	0.1681	0.0088	0.0543	0.0462	0.0080	0.1827	0.1314	0.0514	0.1092	0.0933	0.0159	0.0736	0.0381	0.0355	111.7407	130.2422	0.0462	138.4053	136.7340	0.0155	7.1166	16.4245	0.0726	0.0007	0.0007	0.0009	0.0008	0.0008	0.0005	0.0007	0.0004	0.0011
78	88	0.2105	5	1	0	1	0	0	0	0	0	N	N	N	N	N	N	N	N	N	N	N	N	3.0279	2.3911	0.0142	2.2377	2.0832	0.0011	1.9153	3.3502	0.0343	0.0323	0.0349	0.0000	0.0446	0.0471	0.0000	0.0021	0.0023	0.0001	0.0107	0.0146	0.0019	0.0199	0.0226	0.0032	0.0011	0.0007	0.0015	0.0001	0.0568	-0.0012	-0.0008	1.6246	8.8820	0.0115	49.9570	0.0129	0.0129	0.0000	0.0126	0.0126	0.0000	0.0002	0.0002	0.0000	0.0018	0.0017	0.0001	0.0017	0.0017	0.0000	0.0001	0.0000	0.0001	0.3986	0.3683	0.0304	0.2832	0.2678	0.0154	0.1154	0.1005	0.0150	0.1668	0.1151	0.0516	0.0848	0.0730	0.0118	0.0820	0.0421	0.0398	3.0279	2.3911	0.0142	2.2377	2.0832	0.0011	1.9153	3.3502	0.0343	0.0107	0.0146	0.0019	0.0199	0.0226	0.0032	0.0011	0.0007	0.0015
78	89	0.0232	2	2	1	1	1	0	0	0	0	Y	N	N	N	N	N	N	N	N	N	N	N	0.0052	0.1219	0.0000	0.0141	0.0160	0.0000	0.0000	0.0000	0.0002	0.0002	0.0000	0.0003	0.0003	0.0000	0.0000	0.0000	0.0000	0.0354	0.0016	0.0681	0.0233	0.0212	0.0469	0.0359	0.0000	0.0682	0.0000	44.1250	-0.0000	0.0010	1.6246	0.7962	0.0115	16.9291	0.0000	0.0000	0.0000	0.0000	0.0000	0.0000	0.0000	0.0000	0.0000	0.0022	0.0000	0.0022	0.0001	0.0000	0.0000	0.0021	0.0000	0.0021	0.0923	0.0876	0.0047	0.0518	0.0503	0.0015	0.0406	0.0374	0.0032	0.0621	0.0305	0.0316	0.0025	0.0023	0.0002	0.0596	0.0282	0.0314	0.0052	0.1219	0.0000	0.0141	0.0160	0.0000	0.0000	0.0000	0.0000	0.0354	0.0016	0.0681	0.0233	0.0212	0.0469	0.0359	0.0000	0.0682	
78	90	0.0952	7	1	1	1	1	0	0	0	0	N	N	N	N	N	N	N	N	N	N	N	N	0.0000	0.0000	0.0000	0.0000	0.0000	0.0000	0.0000	0.0000	0.0000	0.0000	0.0000	0.0000	0.0000	0.0000	0.0000	0.0000	0.0000	0.0000	0.0000	0.0000	1.6246	0.0000	0.0115	0.0000	0.0000	0.0000	0.0000	0.0000	0.0000	0.0000	0.0000	0.0000	0.0000	0.0000	0.0000	0.0000	0.0000	0.0000	0.0000	0.0000	0.0000	0.0000	0.0000	0.0000	0.0000	0.0000	0.0000	0.0000	0.0000	0.0000	0.0000	0.0000	0.0000	0.0000	0.0000	0.0000	0.0000	0.0000	0.0000	0.0000	0.0000	0.0000	0.0000	0.0000	0.0000	0.0000	0.0000	0.0000	0.0000	0.0000	0.0000	0.0000	0.0000	0.0000	0.0000	0.0000	0.0000	0.0000											
78	91	0.0845	6	1	1	1	1	0	0	0	0	N	N	N	N	N	N	N	N	N	N	N	N	0.0000	0.0000	0.0000	0.0000	0.0000	0.0000	0.0000	0.0000	0.0000	0.0000	0.0000	0.0000	0.0000	0.0000	0.0000	0.0000	0.0000	0.0000	0.0000	0.0000	1.6246	1.0000	0.0115	3.0000	0.0000	0.0000	0.0000	0.0000	0.0000	0.0000	0.0000	0.0000	0.0000	0.0000	0.0000	0.0000	0.0000	0.0000	0.0000	0.0000	0.0000	0.0000	0.0448	0.0409	0.0039	0.0126	0.0123	0.0003	0.0322	0.0286	0.0036	0.0221	0.0111	0.0109	0.0018	0.0016	0.0002	0.0202	0.0095	0.0107	0.0000	0.0000	0.0000	0.0000	0.0000	0.0000	0.0000	0.0000	0.0000	0.0000	0.0000	0.0000	0.0000	0.0000	0.0000	0.0000	0.0000	0.0000											
78	92	0.0780	4	1	1	1	0	0	0	0	0	N	N	N	N	N	N	N	N	N	N	N	N	0.0000	0.0000	0.0000	0.0000	0.0000	0.0000	0.0000	0.0000	0.0000	0.0000	0.0000	0.0000	0.0000	0.0000	0.0000	0.0000	0.0000	0.0000	0.0000	0.0000	1.6246	0.0000	0.0115	0.0000	0.0000	0.0000	0.0000	0.0000	0.0000	0.0000	0.0000	0.0000	0.0000	0.0000	0.0000	0.0000	0.0000	0.0000	0.0000	0.0000	0.0000	0.0000	0.0000	0.0000	0.0000	0.0000	0.0000	0.0000	0.0000	0.0000	0.0000	0.0000	0.0000	0.0000	0.0000	0.0000	0.0000	0.0000	0.0000	0.0000	0.0000	0.0000	0.0000	0.0000	0.0000	0.0000	0.0000	0.0000	0.0000	0.0000	0.0000	0.0000	0.0000	0.0000	0.0000	0.0000	0.0000	0.0000											
78	93	0.0845	6	1	0	2	1	0	0	0	0	N	N	Y	N	N	N	N	N	N	N	N	N	0.0000	0.0000	0.0000	0.0000	0.0000	0.0000	0.0000	0.0000	0.0000	0.0000	0.0000	0.0000	0.0000	0.0000	0.0000	0.0000	0.0000	0.0000	0.0000	0.0000	1.6246	0.0000	0.0115	0.0000	0.0000	0.0000	0.0000	0.0000	0.0000	0.0000	0.0000	0.0000	0.0000	0.0000	0.0000	0.0000	0.0000	0.0000	0.0000	0.0000	0.0000	0.0000	0.0000	0.0000	0.0000	0.0000	0.0000	0.0000	0.0000	0.0000	0.0000	0.0000	0.0000	0.0000	0.0000	0.0000	0.0000	0.0000	0.0000	0.0000	0.0000	0.0000	0.0000	0.0000	0.0000	0.0000	0.0000	0.0000	0.0000	0.0000	0.0000	0.0000	0.0000	0.0000	0.0000	0.0000	0.0000	0.0000											
78	94	0.0818	5	1	0	1	1	0	0	0	0	N	N	N	N	N	N	N	N	N	N	N	N	inf	inf	inf	inf	22.2578	24.3872	0.0000	0.0000	0.0000	0.0000	30.9409	34.8448	0.0000	0.0000	0.0000	0.0000	0.0000	0.0000	0.0000	0.0000	0.0000	0.0000	0.0000	-0.0953	0.0000	1.6246	1.0000	0.0115	0.0097	0.9971	0.9971	0.0000	0.0000	0.0000	0.0000	0.9971	0.9971	0.0000	0.0000	0.0000	0.0000	0.0000	0.0000	0.0000	0.0000	0.0000	0.0000	0.0448	0.0409	0.0039	0.0126	0.0123	0.0003	0.0322	0.0286	0.0036	0.0060	0.0030	0.0030	0.0006	0.0005	0.0001	0.0054	0.0025	0.0029	inf	inf	0.0000	0.0000	0.0000	0.0000	inf	inf	0.0000	0.0000	0.0000	0.0000	0.0000	0.0000	0.0000	0.0000	0.0000	0.0000						
78	95	0.0818	5	1	0	2	1	0	0	0	0	N	N	Y	N	N	N	N	N	N	N	N	N	inf	inf	inf	inf	0.0011	0.0012	0.0000	0.0041	0.0042	0.0000	0.0000	0.0000	0.0000	0.0000	0.0000	0.0000	0.0000	0.0000	0.0000	0.0000	0.0000	0.0000	0.0000	-0.0000	0.0000	1.6246	2.0000	0.0115	3.0050	0.0001	0.0001	0.0000	0.0001	0.0001	0.0000	0.0000	0.0000	0.0000	0.0000	0.0000	0.0000	0.0000	0.0000	0.0000	0.0000	0.0000	0.0000	0.0880	0.0803	0.0077	0.0246	0.0240	0.0006	0.0634	0.0563	0.0071	0.0274	0.0138	0.0136	0.0023	0.0020	0.0003	0.0250	0.0118	0.0133	inf	inf	0.0000	inf	inf	0.0000	0.0000	0.0000	0.0000	0.0000	0.0000	0.0000	0.0000	0.0000	0.0000	0.0000	0.0000	0.0000						
78	96	0.0818	5	1	0	2	1	0	0	0	0	N	N	Y	N	N	N	N	N	N	N	N	N	0.0000	0.0000	0.0000	0.0000	0.0000	0.0000	0.0000	0.0000	0.0000	0.0000	0.0000	0.0000	0.0000	0.0000	0.0000	0.0000	0.0000	0.0000	0.0000	0.0000	1.6246	0.0000	0.0115	6.9903	0.0000	0.0000	0.0000	0.0000	0.0000	0.0000	0.0000	0.0000	0.0000	0.0000	0.0000	0.0000	0.0000	0.0000	0.0000	0.0000	0.0000	0.0000	0.0000	0.0000	0.0000	0.0000	0.0000	0.0000	0.0000	0.0000	0.0000	0.0371	0.0187	0.0184	0.0031	0.0027	0.0004	0.0340	0.0160	0.0179	0.0000	0.0000	0.0000	0.0000	0.0000	0.0000	0.0000	0.0000	0.0000	0.0000	0.0000	0.0000	0.0000	0.0000	0.0000	0.0000	0.0000	0.0000											
78	97	0.0763	4	1	0	1	1	0	0	0	0	N	N	N	N	N	N	N	N	N	N	N	N	0.0000	0.0000	0.0000	0.0000	0.0000	0.0000	0.0000	0.0000	0.0000	0.0000	0.0000	0.0000	0.0000	0.0000	0.0000	0.0000	0.0000	0.0000	0.0000	0.0000	0.0003	0.0000	0.0000	0.0000	inf	0.0000	0.0000	1.6246	0.9999	0.0115	1.0605	0.0000	0.0000	0.0000	0.0000	0.0000	0.0000	0.0000	0.0000	0.0000	0.0000	0.0000	0.0000	0.0000	0.0000	0.0000	0.0000	0.0000	0.0000	0.0545	0.0493	0.0052	0.0139	0.0136	0.0004	0.0406	0.0357	0.0049	0.0138	0.0074	0.0064	0.0013	0.0012	0.0001	0.0125	0.0062	0.0063	0.0000	0.0000	0.0000	0.0000	0.0000	0.0000	0.0000	0.0000	0.0000	0.0000	0.0000	0.0000	0.0000	0.0000	0.0003	0.0000	0.0000	0.0000				
78	98	0.0742	3	1	0	1	1	0	0	0	0	N	N	N	N	N	N	N	N	N	N	N	N	279.2303	546.2518	12.2573	174.4292	241.5513	0.9235	14.2371	inf	16.1353	0.0816	0.0925	0.0054	0.1891	0.2042	0.0038	0.0026	0.0020	0.0060	0.0003	0.0002	0.0004	0.0011	0.0008	0.0041	0.0002	0.0000	0.0004	0.0084	2.1394	-0.0000	0.0000	1.6246	0.0012	0.0115	1.0414	0.0000	0.0000	0.0000	0.0000	0.0000	0.0000	0.0000	0.0000	0.0000	0.0000	0.0000	0.0000	0.0000	0.0000	0.0000	0.0000	0.0000	0.0000	0.0002	0.0001	0.0000	0.0001	0.0001	0.0000	0.0001	0.0001	0.0000	0.0075	0.0041	0.0034	0.0009	0.0008	0.0001	0.0066	0.0033	0.0033	279.2303	546.2518	12.2573	174.4292	241.5513	0.9235	14.2371	inf	16.1353	0.0003	0.0002	0.0004	0.0011	0.0008	0.0041	0.0002	0.0000	0.0004
78	99	0.0232	2	2	1	1	0	0	0	0	0	Y	N	N	N	N	N	N	N	N	N	N	N	0.0360	4.8752	0.0831	0.0319	0.0330	0.0467	0.0797	inf	0.1144	0.0013	0.0010	0.0061	0.0002	0.0001	0.0028	0.0031	0.0025	0.0084	0.0371	0.0002	0.0729	0.0066	0.0024	0.0604	0.0386	0.0000	0.0730	0.4649	373.8893	0.0001	0.0009	1.6246	3.2042	0.0115	9.0918	0.0003	0.0002	0.0001	0.0000	0.0000	0.0000	0.0003	0.0002	0.0001	0.0019	0.0000	0.0019	0.0000	0.0000	0.0000	0.0019	0.0000	0.0019	0.2191	0.2037	0.0154	0.1329	0.1265	0.0064	0.0862	0.0772	0.0090	0.0508	0.0250	0.0258	0.0023	0.0021	0.0002	0.0486	0.0229	0.0257	0.0360	4.8752	0.0831	0.0319	0.0330	0.0467	0.0797	inf	0.1144	0.0371	0.0002	0.0729	0.0066	0.0024	0.0604	0.0386	0.0000	0.0730
78	100	0.0232	2	1	1	1	0	0	0	0	0	N	N	N	N	N	N	N	N	N	N	N	N	0.0043	0.1106	0.0000	0.0145	0.0174	0.0000	0.0000	0.0000	0.0002	0.0002	0.0000	0.0003	0.0003	0.0000	0.0000	0.0000	0.0000	0.0431	0.0018	0.0833	0.0228	0.0195	0.0676	0.0441	0.0000	0.0833	0.0000	48.5429	-0.0000	0.0009	1.6246	0.7962	0.0115	10.9291	0.0000	0.0000	0.0000	0.0000	0.0000	0.0000	0.0000	0.0000	0.0000	0.0019	0.0000	0.0019	0.0000	0.0000	0.0000	0.0019	0.0000	0.0019	0.0923	0.0876	0.0047	0.0518	0.0503	0.0015	0.0406	0.0374	0.0032	0.0446	0.0220	0.0226	0.0021	0.0020	0.0001	0.0425	0.0200	0.0225	0.0043	0.1106	0.0000	0.0145	0.0174	0.0000	0.0000	0.0000	0.0000	0.0431	0.0018	0.0833	0.0228	0.0195	0.0676	0.0441	0.0000	0.0833	
78	101	0.0811	5	2	1	1	0	0	0	0	0	Y	N	N	N	N	N	N	N	N	N	N	N	0.0000	0.0000	0.0000	0.0000	0.0000	0.0000	0.0000	0.0000	0.0000	0.0000	0.0000	0.0000	0.0000	0.0005	0.0010	0.0000	0.0072	0.0083	0.0000	0.0000	0.0000	0.0000	0.0000	0.0000	-0.0000	1.6246	0.0000	0.0115	3.0000	0.0000	0.0000	0.0000	0.0000	0.0000	0.0000	0.0000	0.0000	0.0000	0.0000	0.0000	0.0000	0.0000	0.0000	0.0000	0.0000	0.0000	0.0000	0.0000	0.0000	0.0000	0.0000	0.0000	0.0000	0.0000	0.0000	0.0000	0.0185	0.0096	0.0089	0.0014	0.0012	0.0002	0.0171	0.0084	0.0087	0.0000	0.0000	0.0000	0.0000	0.0000	0.0000	0.0000	0.0000	0.0000	0.0005	0.0010	0.0000	0.0072	0.0083	0.0000	0.0000	0.0000	0.0000						
78	102	0.0780	4	2	1	1	0	0	0	0	0	Y	N	N	N	N	N	N	N	N	N	N	N	0.0000	0.0000	0.0000	0.0000	0.0000	0.0000	0.0000	0.0000	0.0000	0.0000	0.0000	0.0000	0.0000	0.0000	0.0000	0.0000	0.0000	0.0000	0.0000	0.0000	1.6246	0.0000	0.0115	1.0000	0.0000	0.0000	0.0000	0.0000	0.0000	0.0000	0.0000	0.0000	0.0000	0.0000	0.0000	0.0000	0.0000	0.0000	0.0000	0.0000	0.0000	0.0000	0.0000	0.0000	0.0000	0.0000	0.0000	0.0000	0.0000	0.0000	0.0000	0.0065	0.0034	0.0031	0.0005	0.0004	0.0001	0.0060	0.0029	0.0031	0.0000	0.0000	0.0000	0.0000	0.0000	0.0000	0.0000	0.0000	0.0000	0.0000	0.0000	0.0000	0.0000	0.0000	0.0000	0.0000	0.0000	0.0000											
78	103	0.0742	3	1	1	1	0	0	0	0	0	N	N	N	N	N	N	N	N	N	N	N	N	529.8095	inf	14.9752	726.4556	inf	0.9770	20.2307	inf	20.8127	0.1045	0.1196	0.0066	0.2173	0.2366	0.0040	0.0037	0.0029	0.0076	0.0002	0.0000	0.0004	0.0003	0.0000	0.0041	0.0002	0.0000	0.0004	0.0084	inf	-0.0000	0.0000	1.6246	0.0006	0.0115	1.0534	0.0000	0.0000	0.0000	0.0000	0.0000	0.0000	0.0000	0.0000	0.0000	0.0000	0.0000	0.0000	0.0000	0.0000	0.0000	0.0000	0.0000	0.0000	0.0001	0.0001	0.0000	0.0001	0.0001	0.0000	0.0001	0.0001	0.0000	0.0076	0.0042	0.0034	0.0009	0.0008	0.0001	0.0067	0.0033	0.0034	529.8095	inf	14.9752	726.4556	inf	0.9770	20.2307	inf	20.8127	0.0002	0.0000	0.0004	0.0003	0.0000	0.0041	0.0002	0.0000	0.0004
78	104	0.0232	2	1	0	1	0	0	0	0	0	N	N	N	N	N	N	N	N	N	N	N	N	48.5162	194787.4277	0.3325	637.5176	22073.9526	0.0812	2.7333	inf	0.5420	1.5841	1.7128	0.0213	2.5125	2.6543	0.0037	0.0925	0.0997	0.0348	0.0327	0.0000	0.0641	0.0039	0.0001	0.0452	0.0338	0.0000	0.0643	0.0010	7560.1881	-0.0593	0.0010	1.6246	7.2034	0.0115	9.9858	0.6273	0.6267	0.0006	0.6133	0.6132	0.0000	0.0140	0.0134	0.0006	0.0022	0.0000	0.0022	0.0000	0.0000	0.0000	0.0021	0.0000	0.0021	0.3960	0.3659	0.0301	0.2441	0.2310	0.0131	0.1519	0.1348	0.0171	0.0659	0.0324	0.0335	0.0026	0.0024	0.0002	0.0633	0.0300	0.0333	48.5162	194787.4277	0.3325	637.5176	22073.9526	0.0812	2.7333	inf	0.5420	0.0327	0.0000	0.0641	0.0039	0.0001	0.0452	0.0338	0.0000	0.0643
78	109	0.2929	6	1	0	1	0	0	0	0	0	N	N	N	N	N	N	N	N	N	N	N	N	14.4456	16.7401	0.0000	19.2580	31.5046	0.0000	0.0746	0.0523	0.0000	0.0054	0.0059	0.0000	0.0076	0.0080	0.0000	0.0000	0.0000	0.0000	0.0004	0.0004	0.0004	0.0004	0.0003	0.0012	0.0004	0.0006	0.0001	0.0000	0.5180	-0.0002	-0.0000	1.6246	7.7801	0.0115	32.2209	0.0019	0.0019	0.0000	0.0019	0.0019	0.0000	0.0000	0.0000	0.0000	0.0001	0.0000	0.0000	0.0000	0.0000	0.0000	0.0000	0.0000	0.0000	0.3437	0.3179	0.0259	0.2464	0.2328	0.0135	0.0974	0.0851	0.0123	0.1350	0.0953	0.0397	0.0787	0.0666	0.0121	0.0563	0.0287	0.0276	14.4456	16.7401	0.0000	19.2580	31.5046	0.0000	0.0746	0.0523	0.0000	0.0004	0.0004	0.0004	0.0004	0.0003	0.0012	0.0004	0.0006	0.0001
79	83	0.1305	4	1	0	1	0	0	0	0	0	N	N	N	N	N	N	N	N	N	N	N	N	0.2678	0.1971	0.0021	1.3167	1.1825	0.0414	0.0000	0.0000	0.0000	0.0018	0.0020	0.0000	0.0228	0.0238	0.0000	0.0000	0.0000	0.0000	0.0065	0.0101	0.0000	0.0173	0.0201	0.0001	0.0000	0.0000	0.0000	0.0000	0.0019	-0.0002	-0.0039	8.1927	10.0679	3.9952	33.8159	0.0020	0.0020	0.0000	0.0020	0.0020	0.0000	0.0000	0.0000	0.0000	0.0075	0.0075	0.0000	0.0075	0.0075	0.0000	0.0000	0.0000	0.0000	1.1170	0.9813	0.1357	0.0856	0.0821	0.0035	1.0314	0.8992	0.1321	1.1529	0.7442	0.4087	0.4339	0.3733	0.0605	0.7190	0.3709	0.3481	0.2678	0.1971	0.0021	1.3167	1.1825	0.0414	0.0000	0.0000	0.0000	0.0065	0.0101	0.0000	0.0173	0.0201	0.0001	0.0000	0.0000	0.0000
79	84	0.1029	3	1	0	1	0	0	0	0	0	N	N	N	N	N	N	N	N	N	N	N	N	1.8183	1.7205	0.4828	4.8746	4.8166	0.0074	1.6085	1.7287	0.5132	0.0304	0.0342	0.0049	0.1214	0.1277	0.0001	0.0169	0.0188	0.0052	0.0167	0.0199	0.0102	0.0249	0.0265	0.0110	0.0105	0.0109	0.0101	0.0215	0.2498	-0.0003	-0.0048	8.1927	0.9441	3.9952	14.0836	0.0040	0.0040	0.0001	0.0021	0.0021	0.0000	0.0020	0.0019	0.0001	0.0150	0.0120	0.0030	0.0096	0.0092	0.0004	0.0053	0.0028	0.0026	0.1327	0.1155	0.0172	0.0172	0.0163	0.0008	0.1155	0.0992	0.0163	0.8942	0.6020	0.2922	0.3870	0.3470	0.0400	0.5072	0.2550	0.2523	1.8183	1.7205	0.4828	4.8746	4.8166	0.0074	1.6085	1.7287	0.5132	0.0167	0.0199	0.0102	0.0249	0.0265	0.0110	0.0105	0.0109	0.0101
79	85	0.3851	6	1	0	1	0	0	0	0	0	N	N	N	N	N	N	N	N	N	N	N	N	4.5824	5.9003	0.0000	5.9175	8.1377	0.0000	10.6322	574145.0819	0.0000	0.1622	0.1845	0.0000	0.3734	0.4239	0.0000	0.1061	0.1208	0.0000	0.0354	0.0313	0.0444	0.0631	0.0521	0.1320	0.0100	0.0000	0.0211	0.0000	0.6470	-0.0311	-0.0051	8.1927	15.0008	3.9952	28.2980	0.3259	0.3259	0.0000	0.1574	0.1574	0.0000	0.1686	0.1686	0.0000	0.0396	0.0241	0.0156	0.0338	0.0241	0.0097	0.0058	0.0000	0.0058	2.0096	1.7663	0.2434	0.4214	0.3712	0.0503	1.5882	1.3951	0.1931	1.1194	0.7692	0.3502	0.5355	0.4617	0.0738	0.5839	0.3074	0.2765	4.5824	5.9003	0.0000	5.9175	8.1377	0.0000	10.6322	574145.0819	0.0000	0.0354	0.0313	0.0444	0.0631	0.0521	0.1320	0.0100	0.0000	0.0211
79	86	0.3851	6	1	0	1	0	0	0	0	0	N	N	N	N	N	N	N	N	N	N	N	N	4.7930	6.3615	0.0000	2.6343	3.7316	0.0000	16.0197	343.0841	0.0000	0.1743	0.2006	0.0000	0.1583	0.1834	0.0000	0.1809	0.2076	0.0000	0.0364	0.0315	0.0477	0.0601	0.0491	0.1333	0.0113	0.0006	0.0230	0.0000	0.6436	-0.0219	-0.0051	8.1927	10.8154	3.9952	27.4443	0.2290	0.2290	0.0000	0.0605	0.0605	0.0000	0.1686	0.1686	0.0000	0.0397	0.0242	0.0156	0.0338	0.0240	0.0097	0.0060	0.0002	0.0058	1.3139	1.1415	0.1724	0.3820	0.3297	0.0523	0.9319	0.8117	0.1201	1.0931	0.7669	0.3262	0.5618	0.4888	0.0730	0.5313	0.2781	0.2532	4.7930	6.3615	0.0000	2.6343	3.7316	0.0000	16.0197	343.0841	0.0000	0.0364	0.0315	0.0477	0.0601	0.0491	0.1333	0.0113	0.0006	0.0230
79	87	0.3373	5	1	0	1	0	0	0	0	0	N	N	N	N	N	N	N	N	N	N	N	N	5.6477	6.6488	0.8015	4.7418	5.2628	0.3005	7.0735	12.5836	1.1755	0.2866	0.3239	0.0447	0.2715	0.3095	0.0141	0.2995	0.3362	0.0693	0.0507	0.0487	0.0558	0.0573	0.0588	0.0470	0.0423	0.0267	0.0589	0.0213	0.4596	-0.0174	-0.0169	8.1927	2.7608	3.9952	22.4044	0.2329	0.2280	0.0049	0.1017	0.1010	0.0007	0.1312	0.1270	0.0042	0.0819	0.0561	0.0258	0.0521	0.0464	0.0057	0.0298	0.0097	0.0201	0.8125	0.7040	0.1084	0.3745	0.3263	0.0482	0.4380	0.3778	0.0602	1.6133	1.1516	0.4618	0.9093	0.7890	0.1203	0.7040	0.3626	0.3414	5.6477	6.6488	0.8015	4.7418	5.2628	0.3005	7.0735	12.5836	1.1755	0.0507	0.0487	0.0558	0.0573	0.0588	0.0470	0.0423	0.0267	0.0589
79	88	0.2075	4	1	0	1	0	0	0	0	0	N	N	N	N	N	N	N	N	N	N	N	N	2.1973	3.5519	0.3423	3.5261	4.2924	0.0751	1.6235	2.4345	0.3309	0.1292	0.1425	0.0332	0.0903	0.0961	0.0035	0.1358	0.1510	0.0356	0.0588	0.0401	0.0969	0.0256	0.0224	0.0464	0.0837	0.0620	0.1075	0.0322	1.1850	-0.0092	0.0018	8.1927	8.8820	3.9952	49.9570	0.1423	0.1378	0.0044	0.0145	0.0145	0.0000	0.1278	0.1234	0.0044	0.0861	0.0394	0.0467	0.0161	0.0122	0.0039	0.0701	0.0273	0.0428	1.1013	0.9674	0.1338	0.1606	0.1504	0.0101	0.9407	0.8170	0.1237	1.4652	0.9829	0.4823	0.6277	0.5436	0.0841	0.8375	0.4393	0.3982	2.1973	3.5519	0.3423	3.5261	4.2924	0.0751	1.6235	2.4345	0.3309	0.0588	0.0401	0.0969	0.0256	0.0224	0.0464	0.0837	0.0620	0.1075
79	90	0.0922	6	1	1	1	1	0	0	0	0	N	N	N	N	N	N	N	N	N	N	N	N	0.0000	0.0000	0.0000	0.0000	0.0000	0.0000	0.0000	0.0000	0.0000	0.0000	0.0000	0.0000	0.0000	0.0000	0.0000	0.0000	0.0000	0.0000	0.0000	0.0000	8.1927	0.0000	3.9952	0.0000	0.0000	0.0000	0.0000	0.0000	0.0000	0.0000	0.0000	0.0000	0.0000	0.0000	0.0000	0.0000	0.0000	0.0000	0.0000	0.0000	0.0000	0.0000	0.0000	0.0000	0.0000	0.0000	0.0000	0.0000	0.0000	0.0000	0.0000	0.0000	0.0000	0.0000	0.0000	0.0000	0.0000	0.0000	0.0000	0.0000	0.0000	0.0000	0.0000	0.0000	0.0000	0.0000	0.0000	0.0000	0.0000	0.0000	0.0000	0.0000	0.0000	0.0000	0.0000	0.0000	0.0000	0.0000											
79	91	0.0815	5	1	1	1	1	0	0	0	0	N	N	N	N	N	N	N	N	N	N	N	N	0.0000	0.0000	0.0000	0.0000	0.0000	0.0000	0.0000	0.0000	0.0000	0.0000	0.0000	0.0000	0.0000	0.0000	0.0000	0.0000	0.0000	0.0000	0.0000	0.0000	8.1927	1.0000	3.9952	3.0000	0.0000	0.0000	0.0000	0.0000	0.0000	0.0000	0.0000	0.0000	0.0000	0.0000	0.0000	0.0000	0.0000	0.0000	0.0000	0.0000	0.0000	0.0000	0.1127	0.1005	0.0122	0.0385	0.0355	0.0030	0.0743	0.0650	0.0092	0.1069	0.0535	0.0535	0.0119	0.0101	0.0018	0.0950	0.0433	0.0517	0.0000	0.0000	0.0000	0.0000	0.0000	0.0000	0.0000	0.0000	0.0000	0.0000	0.0000	0.0000	0.0000	0.0000	0.0000	0.0000	0.0000	0.0000											
79	92	0.0749	3	1	1	1	0	0	0	0	0	N	N	N	N	N	N	N	N	N	N	N	N	0.0000	0.0000	0.0000	0.0000	0.0000	0.0000	0.0000	0.0000	0.0000	0.0000	0.0000	0.0000	0.0000	0.0000	0.0000	0.0000	0.0000	0.0000	0.0000	0.0000	8.1927	0.0000	3.9952	0.0000	0.0000	0.0000	0.0000	0.0000	0.0000	0.0000	0.0000	0.0000	0.0000	0.0000	0.0000	0.0000	0.0000	0.0000	0.0000	0.0000	0.0000	0.0000	0.0000	0.0000	0.0000	0.0000	0.0000	0.0000	0.0000	0.0000	0.0000	0.0000	0.0000	0.0000	0.0000	0.0000	0.0000	0.0000	0.0000	0.0000	0.0000	0.0000	0.0000	0.0000	0.0000	0.0000	0.0000	0.0000	0.0000	0.0000	0.0000	0.0000	0.0000	0.0000	0.0000	0.0000	0.0000	0.0000											
79	93	0.0815	5	1	0	2	1	0	0	0	0	N	N	Y	N	N	N	N	N	N	N	N	N	0.0000	0.0000	0.0000	0.0000	0.0000	0.0000	0.0000	0.0000	0.0000	0.0000	0.0000	0.0000	0.0000	0.0000	0.0000	0.0000	0.0000	0.0000	0.0000	0.0000	8.1927	0.0000	3.9952	0.0000	0.0000	0.0000	0.0000	0.0000	0.0000	0.0000	0.0000	0.0000	0.0000	0.0000	0.0000	0.0000	0.0000	0.0000	0.0000	0.0000	0.0000	0.0000	0.0000	0.0000	0.0000	0.0000	0.0000	0.0000	0.0000	0.0000	0.0000	0.0000	0.0000	0.0000	0.0000	0.0000	0.0000	0.0000	0.0000	0.0000	0.0000	0.0000	0.0000	0.0000	0.0000	0.0000	0.0000	0.0000	0.0000	0.0000	0.0000	0.0000	0.0000	0.0000	0.0000	0.0000	0.0000	0.0000											
79	94	0.0788	4	1	0	1	1	0	0	0	0	N	N	N	N	N	N	N	N	N	N	N	N	inf	inf	inf	inf	0.0257	0.0289	0.0000	0.0000	0.0000	0.0000	0.0390	0.0446	0.0000	0.0000	0.0000	0.0000	0.0000	0.0000	0.0000	0.0000	0.0000	0.0000	0.0000	-0.0003	0.0000	8.1927	1.0000	3.9952	0.0097	0.0029	0.0029	0.0000	0.0000	0.0000	0.0000	0.0029	0.0029	0.0000	0.0000	0.0000	0.0000	0.0000	0.0000	0.0000	0.0000	0.0000	0.0000	0.1127	0.1005	0.0122	0.0384	0.0354	0.0030	0.0743	0.0650	0.0092	0.0290	0.0145	0.0145	0.0036	0.0032	0.0005	0.0254	0.0113	0.0141	inf	inf	0.0000	0.0000	0.0000	0.0000	inf	inf	0.0000	0.0000	0.0000	0.0000	0.0000	0.0000	0.0000	0.0000	0.0000	0.0000						
79	95	0.0788	4	1	0	2	1	0	0	0	0	N	N	Y	N	N	N	N	N	N	N	N	N	inf	inf	inf	inf	4.4957	5.0421	0.0000	13.2471	14.3633	0.0000	0.0000	0.0000	0.0000	0.0000	0.0000	0.0000	0.0000	0.0000	0.0000	0.0000	0.0000	0.0000	0.0000	-0.0956	0.0000	8.1927	2.0000	3.9952	3.0050	0.9999	0.9999	0.0000	0.9999	0.9999	0.0000	0.0000	0.0000	0.0000	0.0000	0.0000	0.0000	0.0000	0.0000	0.0000	0.0000	0.0000	0.0000	0.2224	0.1983	0.0241	0.0755	0.0696	0.0059	0.1469	0.1287	0.0182	0.1332	0.0667	0.0665	0.0152	0.0130	0.0022	0.1180	0.0537	0.0643	inf	inf	0.0000	inf	inf	0.0000	0.0000	0.0000	0.0000	0.0000	0.0000	0.0000	0.0000	0.0000	0.0000	0.0000	0.0000	0.0000						
79	96	0.0788	4	1	0	2	1	0	0	0	0	N	N	Y	N	N	N	N	N	N	N	N	N	0.0000	0.0000	0.0000	0.0000	0.0000	0.0000	0.0000	0.0000	0.0000	0.0000	0.0000	0.0000	0.0000	0.0000	0.0000	0.0000	0.0000	0.0000	0.0000	0.0000	8.1927	0.0000	3.9952	6.9903	0.0000	0.0000	0.0000	0.0000	0.0000	0.0000	0.0000	0.0000	0.0000	0.0000	0.0000	0.0000	0.0000	0.0000	0.0000	0.0000	0.0000	0.0000	0.0000	0.0000	0.0000	0.0000	0.0000	0.0000	0.0000	0.0000	0.0000	0.1813	0.0910	0.0903	0.0204	0.0174	0.0030	0.1609	0.0736	0.0873	0.0000	0.0000	0.0000	0.0000	0.0000	0.0000	0.0000	0.0000	0.0000	0.0000	0.0000	0.0000	0.0000	0.0000	0.0000	0.0000	0.0000	0.0000											
79	97	0.0733	3	1	0	1	1	0	0	0	0	N	N	N	N	N	N	N	N	N	N	N	N	0.0000	0.0000	0.0000	0.0000	0.0000	0.0000	0.0000	0.0000	0.0000	0.0000	0.0000	0.0000	0.0000	0.0000	0.0000	0.0000	0.0004	0.0000	0.0009	0.0000	0.0000	0.0000	0.0005	0.0000	0.0010	10892.7634	0.0000	0.0000	8.1927	0.9999	3.9952	1.0605	0.0000	0.0000	0.0000	0.0000	0.0000	0.0000	0.0000	0.0000	0.0000	0.0000	0.0000	0.0000	0.0000	0.0000	0.0000	0.0000	0.0000	0.0000	0.1634	0.1471	0.0162	0.0605	0.0561	0.0044	0.1029	0.0910	0.0119	0.0652	0.0342	0.0310	0.0084	0.0075	0.0009	0.0568	0.0267	0.0300	0.0000	0.0000	0.0000	0.0000	0.0000	0.0000	0.0000	0.0000	0.0000	0.0004	0.0000	0.0009	0.0000	0.0000	0.0000	0.0005	0.0000	0.0010			
79	98	0.0711	2	1	0	1	1	0	0	0	0	N	N	N	N	N	N	N	N	N	N	N	N	153.5080	634.7135	369.3359	361.0159	297.8930	7548.9453	135.5292	13703.5685	414.7633	1.8431	0.9401	9.1095	1.8896	1.6807	5.2330	1.7964	0.1033	10.5191	0.0120	0.0015	0.0247	0.0052	0.0056	0.0007	0.0133	0.0000	0.0254	1.2043	13.8476	0.0005	0.0002	8.1927	0.0012	3.9952	1.0414	0.0010	0.0005	0.0006	0.0005	0.0004	0.0001	0.0005	0.0000	0.0005	0.0004	0.0000	0.0004	0.0000	0.0000	0.0000	0.0004	0.0000	0.0004	0.0006	0.0005	0.0001	0.0003	0.0003	0.0000	0.0003	0.0002	0.0000	0.0362	0.0198	0.0164	0.0056	0.0052	0.0005	0.0306	0.0146	0.0160	153.5080	634.7135	369.3359	361.0159	297.8930	7548.9453	135.5292	13703.5685	414.7633	0.0120	0.0015	0.0247	0.0052	0.0056	0.0007	0.0133	0.0000	0.0254
79	101	0.0780	4	2	1	1	0	0	0	0	0	Y	N	N	N	N	N	N	N	N	N	N	N	0.0000	0.0000	0.0000	0.0000	0.0000	0.0000	0.0000	0.0000	0.0000	0.0000	0.0000	0.0000	0.0000	0.0000	0.0000	0.0000	0.0000	0.0000	0.0000	0.0000	8.1927	0.0000	3.9952	3.0000	0.0000	0.0000	0.0000	0.0000	0.0000	0.0000	0.0000	0.0000	0.0000	0.0000	0.0000	0.0000	0.0000	0.0000	0.0000	0.0000	0.0000	0.0000	0.0000	0.0000	0.0000	0.0000	0.0000	0.0000	0.0000	0.0000	0.0000	0.0861	0.0433	0.0427	0.0088	0.0075	0.0013	0.0772	0.0358	0.0414	0.0000	0.0000	0.0000	0.0000	0.0000	0.0000	0.0000	0.0000	0.0000	0.0000	0.0000	0.0000	0.0000	0.0000	0.0000	0.0000	0.0000	0.0000											
79	102	0.0749	3	2	1	1	0	0	0	0	0	Y	N	N	N	N	N	N	N	N	N	N	N	0.0000	0.0000	0.0000	0.0000	0.0000	0.0000	0.0000	0.0000	0.0000	0.0000	0.0000	0.0000	0.0000	0.0000	0.0000	0.0000	0.0000	0.0000	0.0000	0.0000	8.1927	0.0000	3.9952	1.0000	0.0000	0.0000	0.0000	0.0000	0.0000	0.0000	0.0000	0.0000	0.0000	0.0000	0.0000	0.0000	0.0000	0.0000	0.0000	0.0000	0.0000	0.0000	0.0000	0.0000	0.0000	0.0000	0.0000	0.0000	0.0000	0.0000	0.0000	0.0299	0.0150	0.0149	0.0031	0.0026	0.0005	0.0268	0.0124	0.0144	0.0000	0.0000	0.0000	0.0000	0.0000	0.0000	0.0000	0.0000	0.0000	0.0000	0.0000	0.0000	0.0000	0.0000	0.0000	0.0000	0.0000	0.0000											
79	103	0.0711	2	1	1	1	0	0	0	0	0	N	N	N	N	N	N	N	N	N	N	N	N	113.5654	1323.0834	450.2409	3494.4053	308.5469	9224.6907	172.8494	91275.4260	505.1336	1.2601	0.0191	10.9859	0.3740	0.0169	6.3274	2.2665	0.0220	12.6738	0.0111	0.0000	0.0244	0.0001	0.0001	0.0007	0.0131	0.0000	0.0251	73.2926	1405.9284	0.0005	0.0002	8.1927	0.0006	3.9952	1.0534	0.0006	0.0000	0.0006	0.0001	0.0000	0.0001	0.0005	0.0000	0.0005	0.0004	0.0000	0.0004	0.0000	0.0000	0.0000	0.0004	0.0000	0.0004	0.0004	0.0004	0.0001	0.0002	0.0002	0.0000	0.0002	0.0002	0.0000	0.0365	0.0199	0.0166	0.0057	0.0052	0.0005	0.0309	0.0147	0.0161	113.5654	1323.0834	450.2409	3494.4053	308.5469	9224.6907	172.8494	91275.4260	505.1336	0.0111	0.0000	0.0244	0.0001	0.0001	0.0007	0.0131	0.0000	0.0251
79	109	0.2899	5	1	0	1	0	0	0	0	0	N	N	N	N	N	N	N	N	N	N	N	N	0.4280	0.3326	0.0157	6.1384	5.5281	0.1020	0.0000	0.0000	0.0000	0.0083	0.0094	0.0000	0.0684	0.0722	0.0000	0.0000	0.0000	0.0000	0.0193	0.0283	0.0000	0.0111	0.0131	0.0001	0.0268	0.0506	0.0000	0.0000	0.0004	-0.0007	-0.0122	8.1927	7.7801	3.9952	32.2209	0.0076	0.0076	0.0000	0.0076	0.0076	0.0000	0.0000	0.0000	0.0000	0.0235	0.0235	0.0000	0.0064	0.0064	0.0000	0.0170	0.0170	0.0000	0.9214	0.8097	0.1117	0.1114	0.1056	0.0058	0.8100	0.7041	0.1059	1.2154	0.8298	0.3856	0.5787	0.4935	0.0852	0.6367	0.3363	0.3004	0.4280	0.3326	0.0157	6.1384	5.5281	0.1020	0.0000	0.0000	0.0000	0.0193	0.0283	0.0000	0.0111	0.0131	0.0001	0.0268	0.0506	0.0000
80	83	0.1714	4	0	1	0	1	0	0	0	0	N	N	N	N	N	N	N	N	N	N	N	N	0.0016	0.0000	0.0069	0.0212	0.0000	0.2414	0.0001	0.0000	0.0003	0.0044	0.0000	0.0492	0.0169	0.0000	1.3626	0.0003	0.0000	0.0022	2.7261	0.2777	7.1724	0.7948	0.2747	5.6434	3.8760	0.2807	7.7259	inf	14.2216	0.0007	1.7687	0.7962	10.0679	19.0091	33.8159	0.0008	0.0000	0.0008	0.0008	0.0000	0.0008	0.0000	0.0000	0.0000	4.2803	0.2812	3.9991	0.4657	0.1384	0.3274	3.8146	0.1429	3.6717	0.1833	0.1667	0.0166	0.0461	0.0455	0.0006	0.1372	0.1212	0.0160	1.5701	1.0126	0.5576	0.5860	0.5037	0.0823	0.9841	0.5089	0.4752	0.0016	0.0000	0.0069	0.0212	0.0000	0.3426	0.0001	0.0000	0.0003	2.7261	0.2777	7.1724	0.7948	0.2747	3.9770	3.8760	0.2807	7.7259
80	84	0.1439	3	0	1	0	1	0	0	0	0	N	N	N	N	N	N	N	N	N	N	N	N	0.0501	0.0176	0.2753	0.1693	0.0657	0.5618	0.0063	0.0000	0.0503	0.1219	0.0409	0.7365	0.3568	0.1268	3.0483	0.0169	0.0000	0.1267	2.4353	2.3198	2.6747	2.1078	1.9303	5.4264	2.6823	2.8408	2.5199	2.3775	0.5566	0.0017	-0.4817	0.7962	0.9441	19.0091	14.0836	0.0027	0.0008	0.0019	0.0025	0.0008	0.0017	0.0003	0.0000	0.0003	2.9465	1.8928	1.0536	1.0963	0.9014	0.1949	1.8502	0.9915	0.8587	0.0225	0.0199	0.0026	0.0070	0.0064	0.0005	0.0156	0.0135	0.0021	1.2099	0.8160	0.3939	0.5201	0.4669	0.0532	0.6898	0.3490	0.3408	0.0501	0.0176	0.2753	0.1693	0.0657	0.8314	0.0063	0.0000	0.0503	2.4353	2.3198	2.6747	2.1078	1.9303	3.6664	2.6823	2.8408	2.5199
80	85	0.4261	6	0	1	0	1	0	0	0	0	N	N	N	N	N	N	N	N	N	N	N	N	3.0449	3.1243	0.0165	3.6074	3.7647	4.3188	0.1156	inf	0.0013	1.3647	1.5832	0.0053	2.6480	3.2048	0.0079	0.0220	0.0244	0.0005	0.4482	0.5068	0.3199	0.7341	0.8513	0.0018	0.1904	0.0000	0.4038	0.0005	0.2882	-0.0630	-0.2024	0.7962	15.0008	19.0091	28.2980	0.6631	0.6627	0.0004	0.6579	0.6575	0.0003	0.0052	0.0052	0.0000	0.6804	0.5282	0.1522	0.5284	0.5282	0.0002	0.1520	0.0000	0.1520	0.4859	0.4186	0.0673	0.2484	0.2052	0.0433	0.2375	0.2134	0.0240	1.5182	1.0424	0.4759	0.7199	0.6205	0.0993	0.7984	0.4219	0.3765	3.0449	3.1243	0.0165	3.6074	3.7647	4.3188	0.1156	inf	0.0013	0.4482	0.5068	0.3199	0.7341	0.8513	0.0018	0.1904	0.0000	0.4038
80	86	0.4261	6	0	1	0	1	0	0	0	0	N	N	N	N	N	N	N	N	N	N	N	N	0.9156	2.9077	0.0018	2.5654	3.2782	0.0077	0.0185	1474.3387	0.0002	1.1527	1.3793	0.0056	1.9357	2.4542	0.0072	0.0331	0.0366	0.0008	1.2589	0.4744	3.1036	0.7545	0.7486	0.9248	1.7854	0.0000	3.7621	0.0008	2.7825	-0.0419	0.3988	0.7962	10.8154	19.0091	27.4443	0.4422	0.4418	0.0004	0.4370	0.4366	0.0003	0.0052	0.0052	0.0000	1.8589	0.4915	1.3675	0.5691	0.4915	0.0776	1.2899	0.0000	1.2898	0.3836	0.3203	0.0633	0.2257	0.1779	0.0478	0.1579	0.1424	0.0155	1.4767	1.0361	0.4406	0.7542	0.6565	0.0978	0.7225	0.3796	0.3429	0.9156	2.9077	0.0018	2.5654	3.2782	0.0090	0.0185	1474.3387	0.0002	1.2589	0.4744	3.1036	0.7545	0.7486	0.7942	1.7854	0.0000	3.7621
80	87	0.3783	5	0	1	0	1	0	0	0	0	N	N	N	N	N	N	N	N	N	N	N	N	2.3572	2.1498	3.2605	3.1848	2.8979	4.2276	0.0633	0.0501	0.2872	1.3792	1.1753	2.2207	2.0810	1.9120	2.5848	0.0315	0.0152	0.2026	0.5851	0.5467	0.6811	0.6534	0.6598	0.6114	0.4974	0.3031	0.7054	0.4577	0.4979	0.0787	-0.2436	0.7962	2.7608	19.0091	22.4044	0.3602	0.2471	0.1131	0.3574	0.2459	0.1115	0.0028	0.0012	0.0016	1.2911	0.8620	0.4291	0.8101	0.7105	0.0996	0.4810	0.1515	0.3296	0.2612	0.2103	0.0509	0.1718	0.1286	0.0432	0.0894	0.0817	0.0078	2.2068	1.5767	0.6301	1.2398	1.0769	0.1629	0.9670	0.4998	0.4672	2.3572	2.1498	3.2605	3.1848	2.8979	4.2276	0.0633	0.0501	0.2872	0.5851	0.5467	0.6811	0.6534	0.6598	0.6114	0.4974	0.3031	0.7054
80	88	0.2485	4	0	1	0	1	0	0	0	0	N	N	N	N	N	N	N	N	N	N	N	N	0.5303	0.5718	0.2712	1.1670	1.1674	0.7348	0.0007	0.0004	0.0031	1.1284	1.1907	0.6022	3.4912	3.5938	2.3577	0.0011	0.0004	0.0068	2.1277	2.0822	2.2204	2.9916	3.0786	3.2088	1.4886	0.8690	2.1766	0.0598	0.5236	-0.0083	-0.7572	0.7962	8.8820	19.0091	49.9570	0.2124	0.2004	0.0120	0.2123	0.2004	0.0119	0.0001	0.0000	0.0001	4.2681	2.8013	1.4668	2.5517	2.2741	0.2777	1.7163	0.5272	1.1891	0.1883	0.1683	0.0199	0.0608	0.0558	0.0050	0.1275	0.1126	0.0149	2.0059	1.3453	0.6606	0.8530	0.7387	0.1143	1.1530	0.6067	0.5463	0.5303	0.5718	0.2712	1.1670	1.1674	0.9703	0.0007	0.0004	0.0031	2.1277	2.0822	2.2204	2.9916	3.0786	2.4298	1.4886	0.8690	2.1766
80	90	0.1331	6	0	2	0	2	0	0	0	0	N	Y	N	Y	N	N	N	N	N	N	N	N	0.0000	0.0000	0.0000	0.0000	0.0000	0.0000	0.0000	0.0000	0.0000	0.0000	0.0000	0.0000	0.0000	0.0000	0.0000	0.0000	0.0000	0.0000	0.0000	0.0000	0.7962	0.0000	19.0091	0.0000	0.0000	0.0000	0.0000	0.0000	0.0000	0.0000	0.0000	0.0000	0.0000	0.0000	0.0000	0.0000	0.0000	0.0000	0.0000	0.0000	0.0000	0.0000	0.0000	0.0000	0.0000	0.0000	0.0000	0.0000	0.0000	0.0000	0.0000	0.0000	0.0000	0.0000	0.0000	0.0000	0.0000	0.0000	0.0000	0.0000	0.0000	0.0000	0.0000	0.0000	0.0000	0.0000	0.0000	0.0000	0.0000	0.0000	0.0000	0.0000	0.0000	0.0000	0.0000	0.0000	0.0000	0.0000											
80	91	0.1224	5	0	2	0	2	0	0	0	0	N	Y	N	Y	N	N	N	N	N	N	N	N	0.0000	0.0000	0.0000	0.0000	0.0000	0.0000	0.0000	0.0000	0.0000	0.0000	0.0000	0.0000	0.0000	0.0000	0.0000	0.0000	0.0000	0.0000	0.0000	0.0000	0.7962	1.0000	19.0091	3.0000	0.0000	0.0000	0.0000	0.0000	0.0000	0.0000	0.0000	0.0000	0.0000	0.0000	0.0000	0.0000	0.0000	0.0000	0.0000	0.0000	0.0000	0.0000	0.0161	0.0148	0.0014	0.0065	0.0062	0.0003	0.0096	0.0086	0.0010	0.1446	0.0722	0.0724	0.0153	0.0128	0.0024	0.1293	0.0594	0.0699	0.0000	0.0000	0.0000	0.0000	0.0000	0.0000	0.0000	0.0000	0.0000	0.0000	0.0000	0.0000	0.0000	0.0000	0.0000	0.0000	0.0000	0.0000											
80	92	0.1159	3	0	2	0	1	0	0	0	0	N	Y	N	N	N	N	N	N	N	N	N	N	0.0000	0.0000	0.0000	0.0000	0.0000	0.0000	0.0000	0.0000	0.0000	0.0000	0.0000	0.0000	0.0000	0.0000	0.0000	0.0000	0.0000	0.0000	0.0000	0.0000	0.7962	0.0000	19.0091	0.0000	0.0000	0.0000	0.0000	0.0000	0.0000	0.0000	0.0000	0.0000	0.0000	0.0000	0.0000	0.0000	0.0000	0.0000	0.0000	0.0000	0.0000	0.0000	0.0000	0.0000	0.0000	0.0000	0.0000	0.0000	0.0000	0.0000	0.0000	0.0000	0.0000	0.0000	0.0000	0.0000	0.0000	0.0000	0.0000	0.0000	0.0000	0.0000	0.0000	0.0000	0.0000	0.0000	0.0000	0.0000	0.0000	0.0000	0.0000	0.0000	0.0000	0.0000	0.0000	0.0000	0.0000	0.0000											
80	93	0.1224	5	0	1	1	2	0	0	0	0	N	N	N	Y	N	N	N	N	N	N	N	N	0.0000	0.0000	0.0000	0.0000	0.0000	0.0000	0.0000	0.0000	0.0000	0.0000	0.0000	0.0000	0.0000	0.0000	0.0000	0.0000	0.0000	0.0000	0.0000	0.0000	0.7962	0.0000	19.0091	0.0000	0.0000	0.0000	0.0000	0.0000	0.0000	0.0000	0.0000	0.0000	0.0000	0.0000	0.0000	0.0000	0.0000	0.0000	0.0000	0.0000	0.0000	0.0000	0.0000	0.0000	0.0000	0.0000	0.0000	0.0000	0.0000	0.0000	0.0000	0.0000	0.0000	0.0000	0.0000	0.0000	0.0000	0.0000	0.0000	0.0000	0.0000	0.0000	0.0000	0.0000	0.0000	0.0000	0.0000	0.0000	0.0000	0.0000	0.0000	0.0000	0.0000	0.0000	0.0000	0.0000	0.0000	0.0000											
80	94	0.1197	4	0	1	0	2	0	0	0	0	N	N	N	Y	N	N	N	N	N	N	N	N	0.0000	0.0000	0.0000	0.0000	0.0000	0.0000	0.0000	0.0000	0.0000	0.0000	0.0000	0.0000	0.0000	0.0000	0.0000	0.0000	0.0000	0.0000	0.0000	0.0000	0.7962	1.0000	19.0091	0.0097	0.0000	0.0000	0.0000	0.0000	0.0000	0.0000	0.0000	0.0000	0.0000	0.0000	0.0000	0.0000	0.0000	0.0000	0.0000	0.0000	0.0000	0.0000	0.0161	0.0148	0.0014	0.0065	0.0062	0.0003	0.0096	0.0086	0.0010	0.0392	0.0195	0.0197	0.0047	0.0041	0.0006	0.0345	0.0155	0.0191	0.0000	0.0000	0.0000	0.0000	0.0000	0.0000	0.0000	0.0000	0.0000	0.0000	0.0000	0.0000	0.0000	0.0000	0.0000	0.0000	0.0000	0.0000											
80	95	0.1197	4	0	1	1	2	0	0	0	0	N	N	N	Y	N	N	N	N	N	N	N	N	0.0000	0.0000	0.0000	0.0000	0.0000	0.0000	0.0000	0.0000	0.0000	0.0000	0.0000	0.0000	0.0000	0.0000	0.0000	0.0000	0.0000	0.0000	0.0000	0.0000	0.7962	2.0000	19.0091	3.0050	0.0000	0.0000	0.0000	0.0000	0.0000	0.0000	0.0000	0.0000	0.0000	0.0000	0.0000	0.0000	0.0000	0.0000	0.0000	0.0000	0.0000	0.0000	0.0317	0.0291	0.0027	0.0127	0.0121	0.0006	0.0190	0.0169	0.0021	0.1802	0.0901	0.0900	0.0195	0.0165	0.0030	0.1607	0.0736	0.0870	0.0000	0.0000	0.0000	0.0000	0.0000	0.0000	0.0000	0.0000	0.0000	0.0000	0.0000	0.0000	0.0000	0.0000	0.0000	0.0000	0.0000	0.0000											
80	96	0.1197	4	0	1	1	2	0	0	0	0	N	N	N	Y	N	N	N	N	N	N	N	N	0.0000	0.0000	0.0000	0.0000	0.0000	0.0000	0.0000	0.0000	0.0000	0.0000	0.0000	0.0000	0.0000	4.0754	8.1250	0.0000	0.0000	0.0000	0.0000	4.5636	9.9099	0.0000	0.0000	0.0000	-0.5211	0.7962	0.0000	19.0091	6.9903	0.0000	0.0000	0.0000	0.0000	0.0000	0.0000	0.0000	0.0000	0.0000	1.0000	1.0000	0.0000	0.0000	0.0000	0.0000	1.0000	1.0000	0.0000	0.0000	0.0000	0.0000	0.0000	0.0000	0.0000	0.0000	0.0000	0.0000	0.2454	0.1231	0.1223	0.0263	0.0222	0.0041	0.2191	0.1009	0.1182	0.0000	0.0000	0.0000	0.0000	0.0000	0.0000	0.0000	0.0000	0.0000	4.0754	8.1250	0.0000	0.0000	0.0000	0.0000	4.5636	9.9099	0.0000						
80	97	0.1142	3	0	1	0	2	0	0	0	0	N	N	N	Y	N	N	N	N	N	N	N	N	0.0000	0.0000	0.0000	0.0000	0.0000	0.0000	0.0000	0.0000	0.0000	0.0000	0.0000	0.0000	0.0000	0.0000	0.0000	0.3440	0.6547	0.0000	0.0064	0.0072	0.0000	0.3927	0.8293	0.0000	0.0000	0.0000	-0.0158	0.7962	0.9999	19.0091	1.0605	0.0000	0.0000	0.0000	0.0000	0.0000	0.0000	0.0000	0.0000	0.0000	0.0303	0.0303	0.0000	0.0001	0.0001	0.0000	0.0302	0.0302	0.0000	0.0466	0.0441	0.0025	0.0213	0.0209	0.0005	0.0253	0.0233	0.0020	0.0881	0.0463	0.0418	0.0111	0.0098	0.0013	0.0770	0.0365	0.0405	0.0000	0.0000	0.0000	0.0000	0.0000	0.0000	0.0000	0.0000	0.0000	0.3440	0.6547	0.0000	0.0064	0.0072	0.0000	0.3927	0.8293	0.0000				
80	98	0.1121	2	0	1	0	2	0	0	0	0	N	N	N	Y	N	N	N	N	N	N	N	N	0.5592	0.3396	34.5498	0.1237	0.1258	0.0000	1.2632	0.7049	52.5805	0.6698	0.7402	0.3129	0.4823	0.5358	0.0000	0.8934	1.0300	0.4666	1.1977	2.1796	0.0091	3.8999	4.2580	0.0152	0.7073	1.4613	0.0089	0.0834	0.0034	-0.0000	-0.0305	0.7962	0.0012	19.0091	1.0414	0.0001	0.0001	0.0000	0.0000	0.0000	0.0000	0.0001	0.0000	0.0000	0.0588	0.0586	0.0002	0.0294	0.0294	0.0000	0.0294	0.0292	0.0002	0.0001	0.0001	0.0000	0.0001	0.0001	0.0000	0.0001	0.0000	0.0000	0.0491	0.0269	0.0222	0.0075	0.0069	0.0006	0.0416	0.0200	0.0216	0.5592	0.3396	34.5498	0.1237	0.1258	0.0000	1.2632	0.7049	52.5805	1.1977	2.1796	0.0091	3.8999	4.2580	0.0152	0.7073	1.4613	0.0089
80	101	0.1190	4	1	2	0	1	0	0	0	0	N	Y	N	N	N	N	N	N	N	N	N	N	0.0000	0.0000	0.0000	0.0000	0.0000	0.0000	0.0000	0.0000	0.0000	0.0000	0.0000	0.0000	0.0000	0.0000	0.0000	0.0000	0.0000	0.0000	0.0000	0.0000	0.7962	0.0000	19.0091	3.0000	0.0000	0.0000	0.0000	0.0000	0.0000	0.0000	0.0000	0.0000	0.0000	0.0000	0.0000	0.0000	0.0000	0.0000	0.0000	0.0000	0.0000	0.0000	0.0000	0.0000	0.0000	0.0000	0.0000	0.0000	0.0000	0.0000	0.0000	0.1159	0.0583	0.0577	0.0113	0.0095	0.0018	0.1046	0.0488	0.0558	0.0000	0.0000	0.0000	0.0000	0.0000	0.0000	0.0000	0.0000	0.0000	0.0000	0.0000	0.0000	0.0000	0.0000	0.0000	0.0000	0.0000	0.0000											
80	102	0.1159	3	1	2	0	1	0	0	0	0	N	Y	N	N	N	N	N	N	N	N	N	N	0.0000	0.0000	0.0000	0.0000	0.0000	0.0000	0.0000	0.0000	0.0000	0.0000	0.0000	0.0000	0.0000	0.0000	0.0000	0.0000	0.0000	0.0000	0.0000	0.0000	0.7962	0.0000	19.0091	1.0000	0.0000	0.0000	0.0000	0.0000	0.0000	0.0000	0.0000	0.0000	0.0000	0.0000	0.0000	0.0000	0.0000	0.0000	0.0000	0.0000	0.0000	0.0000	0.0000	0.0000	0.0000	0.0000	0.0000	0.0000	0.0000	0.0000	0.0000	0.0403	0.0202	0.0201	0.0039	0.0033	0.0006	0.0363	0.0169	0.0194	0.0000	0.0000	0.0000	0.0000	0.0000	0.0000	0.0000	0.0000	0.0000	0.0000	0.0000	0.0000	0.0000	0.0000	0.0000	0.0000	0.0000	0.0000											
80	103	0.1121	2	0	2	0	1	0	0	0	0	N	Y	N	N	N	N	N	N	N	N	N	N	0.5502	0.3764	0.0000	60.5848	62.8347	0.0000	0.0000	0.0000	0.3366	0.4191	0.0000	0.5924	0.6713	0.0000	0.0000	0.0000	0.0000	0.6118	1.1133	0.0058	0.0098	0.0107	0.0000	0.7207	1.4927	0.0060	0.0000	0.0043	-0.0000	-0.0157	0.7962	0.0006	19.0091	1.0534	0.0000	0.0000	0.0000	0.0000	0.0000	0.0000	0.0000	0.0000	0.0000	0.0303	0.0302	0.0001	0.0001	0.0001	0.0000	0.0303	0.0301	0.0001	0.0001	0.0001	0.0000	0.0001	0.0001	0.0000	0.0000	0.0000	0.0000	0.0496	0.0271	0.0224	0.0076	0.0069	0.0006	0.0420	0.0202	0.0218	0.5502	0.3764	0.0000	60.5848	62.8347	0.0000	0.0000	0.0000	0.0000	0.6118	1.1133	0.0058	0.0098	0.0107	0.0000	0.7207	1.4927	0.0060	
80	109	0.3308	5	0	1	0	1	0	0	0	0	N	N	N	N	N	N	N	N	N	N	N	N	0.0095	0.0000	0.0663	0.0455	0.0000	0.3766	0.0001	0.0000	0.0005	0.0236	0.0000	0.2497	0.0831	0.0000	2.3829	0.0002	0.0000	0.0018	2.4944	1.9041	3.7636	1.8262	1.4046	6.3280	3.0956	2.6280	3.6218	inf	0.9192	0.0032	-0.1741	0.7962	7.7801	19.0091	32.2209	0.0036	0.0000	0.0036	0.0035	0.0000	0.0035	0.0000	0.0000	0.0000	4.1324	2.1532	1.9792	1.4330	0.9398	0.4932	2.6994	1.2134	1.4860	0.1513	0.1370	0.0143	0.0427	0.0412	0.0015	0.1086	0.0957	0.0128	1.6567	1.1308	0.5259	0.7847	0.6691	0.1156	0.8720	0.4617	0.4103	0.0095	0.0000	0.0663	0.0455	0.0000	0.5585	0.0001	0.0000	0.0005	2.4944	1.9041	3.7636	1.8262	1.4046	4.2668	3.0956	2.6280	3.6218
81	83	0.1994	4	0	1	0	0	0	0	0	0	N	N	N	N	N	N	N	N	N	N	N	N	0.0035	0.0000	0.0291	0.0379	0.0000	0.4469	0.0002	0.0000	0.0014	0.0044	0.0000	0.0492	0.0169	0.0000	1.3626	0.0003	0.0000	0.0022	1.2528	1.0135	1.6871	0.4457	0.1867	3.0490	1.7287	1.8216	1.6288	inf	0.9172	0.0007	-0.1040	0.7962	10.0679	25.3140	33.8159	0.0008	0.0000	0.0008	0.0008	0.0000	0.0008	0.0000	0.0000	0.0000	2.4370	1.2711	1.1659	0.3215	0.1157	0.2058	2.1155	1.1554	0.9601	0.1833	0.1667	0.0166	0.0461	0.0455	0.0006	0.1372	0.1212	0.0160	1.9452	1.2542	0.6911	0.7215	0.6199	0.1016	1.2237	0.6343	0.5894	0.0035	0.0000	0.0291	0.0379	0.0000	0.6728	0.0002	0.0000	0.0014	1.2528	1.0135	1.6871	0.4457	0.1867	2.0251	1.7287	1.8216	1.6288
81	84	0.1719	3	0	1	0	0	0	0	0	0	N	N	N	N	N	N	N	N	N	N	N	N	0.0600	0.0205	0.3487	0.1890	0.0731	0.7218	0.0079	0.0000	0.0654	0.1219	0.0409	0.7365	0.3568	0.1268	3.0483	0.0169	0.0000	0.1267	2.0320	1.9936	2.1122	1.8878	1.7338	4.2230	2.1399	2.3365	1.9361	2.3775	0.5085	0.0017	-0.5569	0.7962	0.9441	25.3140	14.0836	0.0027	0.0008	0.0019	0.0025	0.0008	0.0017	0.0003	0.0000	0.0003	3.0266	2.0064	1.0202	1.2029	0.9928	0.2101	1.8237	1.0137	0.8101	0.0225	0.0199	0.0026	0.0070	0.0064	0.0005	0.0156	0.0135	0.0021	1.4894	1.0065	0.4830	0.6372	0.5726	0.0646	0.8523	0.4338	0.4184	0.0600	0.0205	0.3487	0.1890	0.0731	0.9369	0.0079	0.0000	0.0654	2.0320	1.9936	2.1122	1.8878	1.7338	3.2536	2.1399	2.3365	1.9361
81	85	0.4541	6	0	1	0	0	0	0	0	0	N	N	N	N	N	N	N	N	N	N	N	N	0.9646	3.5875	0.0015	2.2099	4.2963	0.0014	0.0137	29.8902	0.0002	1.3647	1.5832	0.0053	2.6480	3.2048	0.0079	0.0220	0.0244	0.0005	1.4147	0.4413	3.5427	1.1982	0.7459	5.6434	1.6072	0.0008	3.4175	0.0005	3.6722	-0.0630	0.7030	0.7962	15.0008	25.3140	28.2980	0.6631	0.6627	0.0004	0.6579	0.6575	0.0003	0.0052	0.0052	0.0000	2.6538	0.5680	2.0858	1.0578	0.5676	0.4902	1.5961	0.0004	1.5956	0.4859	0.4186	0.0673	0.2484	0.2052	0.0433	0.2375	0.2134	0.0240	1.8758	1.2871	0.5888	0.8828	0.7609	0.1219	0.9931	0.5262	0.4669	0.9646	3.5875	0.0015	2.2099	4.2963	0.0020	0.0137	29.8902	0.0002	1.4147	0.4413	3.5427	1.1982	0.7459	4.0223	1.6072	0.0008	3.4175
81	86	0.4541	6	0	1	0	0	0	0	0	0	N	N	N	N	N	N	N	N	N	N	N	N	0.8731	1.7302	0.0022	1.1455	1.9418	0.0010	0.0353	39.2380	0.0004	1.1527	1.3793	0.0056	1.9357	2.4542	0.0072	0.0331	0.0366	0.0008	1.3202	0.7972	2.5502	1.6899	1.2639	7.0450	0.9383	0.0009	1.9832	0.0008	1.3602	-0.0419	0.1324	0.7962	10.8154	25.3140	27.4443	0.4422	0.4418	0.0004	0.4370	0.4366	0.0003	0.0052	0.0052	0.0000	2.3984	1.0162	1.3822	1.5599	1.0158	0.5441	0.8385	0.0004	0.8381	0.3836	0.3203	0.0633	0.2257	0.1779	0.0478	0.1579	0.1424	0.0155	1.8167	1.2748	0.5420	0.9231	0.8037	0.1194	0.8937	0.4710	0.4226	0.8731	1.7302	0.0022	1.1455	1.9418	0.0016	0.0353	39.2380	0.0004	1.3202	0.7972	2.5502	1.6899	1.2639	4.5575	0.9383	0.0009	1.9832
81	87	0.4063	5	0	1	0	0	0	0	0	0	N	N	N	N	N	N	N	N	N	N	N	N	1.0239	1.0319	1.1882	1.4742	1.4787	0.8099	0.0249	0.0188	0.1155	1.3792	1.1753	2.2207	2.0810	1.9120	2.5848	0.0315	0.0152	0.2026	1.3469	1.1389	1.8690	1.4116	1.2930	3.1914	1.2645	0.8098	1.7541	0.4577	0.6537	0.0787	-0.4648	0.7962	2.7608	25.3140	22.4044	0.3602	0.2471	0.1131	0.3574	0.2459	0.1115	0.0028	0.0012	0.0016	3.6950	2.2344	1.4606	2.1696	1.7278	0.4418	1.5254	0.5065	1.0188	0.2612	0.2103	0.0509	0.1718	0.1286	0.0432	0.0894	0.0817	0.0078	2.7433	1.9618	0.7815	1.5370	1.3363	0.2007	1.2063	0.6255	0.5808	1.0239	1.0319	1.1882	1.4742	1.4787	1.1741	0.0249	0.0188	0.1155	1.3469	1.1389	1.8690	1.4116	1.2930	2.2015	1.2645	0.8098	1.7541
81	88	0.2765	4	0	1	0	0	0	0	0	0	N	N	N	N	N	N	N	N	N	N	N	N	0.4158	0.5408	0.1603	1.1317	1.2426	0.3474	0.0005	0.0003	0.0019	1.1284	1.1907	0.6022	3.4912	3.5938	2.3577	0.0011	0.0004	0.0068	2.7140	2.2015	3.7579	3.0850	2.8922	6.7861	2.4422	1.3708	3.6386	0.0598	0.8381	-0.0083	-0.4414	0.7962	8.8820	25.3140	49.9570	0.2124	0.2004	0.0120	0.2123	0.2004	0.0119	0.0001	0.0000	0.0001	6.7765	3.6868	3.0897	3.2568	2.6446	0.6122	3.5197	1.0422	2.4775	0.1883	0.1683	0.0199	0.0608	0.0558	0.0050	0.1275	0.1126	0.0149	2.4969	1.6747	0.8222	1.0557	0.9144	0.1413	1.4412	0.7603	0.6809	0.4158	0.5408	0.1603	1.1317	1.2426	0.5442	0.0005	0.0003	0.0019	2.7140	2.2015	3.7579	3.0850	2.8922	4.3326	2.4422	1.3708	3.6386
81	90	0.1611	6	0	2	0	1	0	0	0	0	N	Y	N	N	N	N	N	N	N	N	N	N	0.0000	0.0000	0.0000	0.0000	0.0000	0.0000	0.0000	0.0000	0.0000	0.0000	0.0000	0.0000	0.0000	0.0000	0.0000	0.0000	0.0000	0.0000	0.0000	0.0000	0.7962	0.0000	25.3140	0.0000	0.0000	0.0000	0.0000	0.0000	0.0000	0.0000	0.0000	0.0000	0.0000	0.0000	0.0000	0.0000	0.0000	0.0000	0.0000	0.0000	0.0000	0.0000	0.0000	0.0000	0.0000	0.0000	0.0000	0.0000	0.0000	0.0000	0.0000	0.0000	0.0000	0.0000	0.0000	0.0000	0.0000	0.0000	0.0000	0.0000	0.0000	0.0000	0.0000	0.0000	0.0000	0.0000	0.0000	0.0000	0.0000	0.0000	0.0000	0.0000	0.0000	0.0000	0.0000	0.0000	0.0000	0.0000											
81	91	0.1504	5	0	2	0	1	0	0	0	0	N	Y	N	N	N	N	N	N	N	N	N	N	0.0000	0.0000	0.0000	0.0000	0.0000	0.0000	0.0000	0.0000	0.0000	0.0000	0.0000	0.0000	0.0000	0.0000	0.0000	0.0000	0.0000	0.0000	0.0000	0.0000	0.7962	1.0000	25.3140	3.0000	0.0000	0.0000	0.0000	0.0000	0.0000	0.0000	0.0000	0.0000	0.0000	0.0000	0.0000	0.0000	0.0000	0.0000	0.0000	0.0000	0.0000	0.0000	0.0161	0.0148	0.0014	0.0065	0.0062	0.0003	0.0096	0.0086	0.0010	0.1780	0.0892	0.0888	0.0182	0.0152	0.0030	0.1598	0.0740	0.0858	0.0000	0.0000	0.0000	0.0000	0.0000	0.0000	0.0000	0.0000	0.0000	0.0000	0.0000	0.0000	0.0000	0.0000	0.0000	0.0000	0.0000	0.0000											
81	92	0.1439	3	0	2	0	0	0	0	0	0	N	Y	N	N	N	N	N	N	N	N	N	N	0.0000	0.0000	0.0000	0.0000	0.0000	0.0000	0.0000	0.0000	0.0000	0.0000	0.0000	0.0000	0.0000	0.0000	0.0000	0.0000	0.0000	0.0000	0.0000	0.0000	0.7962	0.0000	25.3140	0.0000	0.0000	0.0000	0.0000	0.0000	0.0000	0.0000	0.0000	0.0000	0.0000	0.0000	0.0000	0.0000	0.0000	0.0000	0.0000	0.0000	0.0000	0.0000	0.0000	0.0000	0.0000	0.0000	0.0000	0.0000	0.0000	0.0000	0.0000	0.0000	0.0000	0.0000	0.0000	0.0000	0.0000	0.0000	0.0000	0.0000	0.0000	0.0000	0.0000	0.0000	0.0000	0.0000	0.0000	0.0000	0.0000	0.0000	0.0000	0.0000	0.0000	0.0000	0.0000	0.0000	0.0000	0.0000											
81	93	0.1504	5	0	1	1	1	0	0	0	0	N	N	N	N	N	N	N	N	N	N	N	N	0.0000	0.0000	0.0000	0.0000	0.0000	0.0000	0.0000	0.0000	0.0000	0.0000	0.0000	0.0000	0.0000	0.0000	0.0000	0.0000	0.0000	0.0000	0.0000	0.0000	0.7962	0.0000	25.3140	0.0000	0.0000	0.0000	0.0000	0.0000	0.0000	0.0000	0.0000	0.0000	0.0000	0.0000	0.0000	0.0000	0.0000	0.0000	0.0000	0.0000	0.0000	0.0000	0.0000	0.0000	0.0000	0.0000	0.0000	0.0000	0.0000	0.0000	0.0000	0.0000	0.0000	0.0000	0.0000	0.0000	0.0000	0.0000	0.0000	0.0000	0.0000	0.0000	0.0000	0.0000	0.0000	0.0000	0.0000	0.0000	0.0000	0.0000	0.0000	0.0000	0.0000	0.0000	0.0000	0.0000	0.0000	0.0000											
81	94	0.1477	4	0	1	0	1	0	0	0	0	N	N	N	N	N	N	N	N	N	N	N	N	0.0000	0.0000	0.0000	0.0000	0.0000	0.0000	0.0000	0.0000	0.0000	0.0000	0.0000	0.0000	0.0000	0.0000	0.0000	0.0000	0.0000	0.0000	0.0000	0.0000	0.7962	1.0000	25.3140	0.0097	0.0000	0.0000	0.0000	0.0000	0.0000	0.0000	0.0000	0.0000	0.0000	0.0000	0.0000	0.0000	0.0000	0.0000	0.0000	0.0000	0.0000	0.0000	0.0161	0.0148	0.0014	0.0065	0.0062	0.0003	0.0096	0.0086	0.0010	0.0483	0.0242	0.0242	0.0057	0.0049	0.0008	0.0426	0.0193	0.0234	0.0000	0.0000	0.0000	0.0000	0.0000	0.0000	0.0000	0.0000	0.0000	0.0000	0.0000	0.0000	0.0000	0.0000	0.0000	0.0000	0.0000	0.0000											
81	95	0.1477	4	0	1	1	1	0	0	0	0	N	N	N	N	N	N	N	N	N	N	N	N	0.0000	0.0000	0.0000	0.0000	0.0000	0.0000	0.0000	0.0000	0.0000	0.0000	0.0000	0.0000	0.0000	0.0000	0.0000	0.0000	0.0000	0.0000	0.0000	0.0000	0.7962	2.0000	25.3140	3.0050	0.0000	0.0000	0.0000	0.0000	0.0000	0.0000	0.0000	0.0000	0.0000	0.0000	0.0000	0.0000	0.0000	0.0000	0.0000	0.0000	0.0000	0.0000	0.0317	0.0291	0.0027	0.0127	0.0121	0.0006	0.0190	0.0169	0.0021	0.2220	0.1114	0.1105	0.0233	0.0196	0.0037	0.1986	0.0918	0.1068	0.0000	0.0000	0.0000	0.0000	0.0000	0.0000	0.0000	0.0000	0.0000	0.0000	0.0000	0.0000	0.0000	0.0000	0.0000	0.0000	0.0000	0.0000											
81	96	0.1477	4	0	1	1	1	0	0	0	0	N	N	N	N	N	N	N	N	N	N	N	N	0.0000	0.0000	0.0000	0.0000	0.0000	0.0000	0.0000	0.0000	0.0000	0.0000	0.0000	0.0000	0.0000	0.0000	0.0000	0.0000	0.0000	0.0000	0.0000	0.0000	0.7962	0.0000	25.3140	6.9903	0.0000	0.0000	0.0000	0.0000	0.0000	0.0000	0.0000	0.0000	0.0000	0.0000	0.0000	0.0000	0.0000	0.0000	0.0000	0.0000	0.0000	0.0000	0.0000	0.0000	0.0000	0.0000	0.0000	0.0000	0.0000	0.0000	0.0000	0.3024	0.1522	0.1502	0.0314	0.0263	0.0051	0.2710	0.1258	0.1451	0.0000	0.0000	0.0000	0.0000	0.0000	0.0000	0.0000	0.0000	0.0000	0.0000	0.0000	0.0000	0.0000	0.0000	0.0000	0.0000	0.0000	0.0000											
81	97	0.1422	3	0	1	0	1	0	0	0	0	N	N	N	N	N	N	N	N	N	N	N	N	0.0000	0.0000	0.0000	0.0000	0.0000	0.0000	0.0000	0.0000	0.0000	0.0000	0.0000	0.0000	0.0000	0.0000	0.0000	0.0000	0.0000	0.0004	0.0000	0.0008	0.0016	0.0001	0.0126	0.0002	0.0000	0.0004	33.3500	0.0000	0.0000	0.7962	0.9999	25.3140	1.0605	0.0000	0.0000	0.0000	0.0000	0.0000	0.0000	0.0000	0.0000	0.0000	0.0000	0.0000	0.0000	0.0000	0.0000	0.0000	0.0000	0.0000	0.0000	0.0466	0.0441	0.0025	0.0213	0.0209	0.0005	0.0253	0.0233	0.0020	0.1084	0.0572	0.0512	0.0135	0.0120	0.0016	0.0949	0.0453	0.0496	0.0000	0.0000	0.0000	0.0000	0.0000	0.0000	0.0000	0.0000	0.0000	0.0004	0.0000	0.0008	0.0016	0.0001	0.0126	0.0002	0.0000	0.0004		
81	98	0.1401	2	0	1	0	1	0	0	0	0	N	N	N	N	N	N	N	N	N	N	N	N	83.6532	237.2689	22.3513	23.1132	43.8035	0.0000	157.4427	4926382.5938	42.3691	0.6698	0.7402	0.3129	0.4823	0.5358	0.0000	0.8934	1.0300	0.4666	0.0080	0.0031	0.0140	0.0209	0.0122	0.1141	0.0057	0.0000	0.0110	0.0834	3.6594	-0.0000	0.0001	0.7962	0.0012	25.3140	1.0414	0.0001	0.0001	0.0000	0.0000	0.0000	0.0000	0.0001	0.0000	0.0000	0.0005	0.0001	0.0004	0.0002	0.0001	0.0001	0.0003	0.0000	0.0003	0.0001	0.0001	0.0000	0.0001	0.0001	0.0000	0.0001	0.0000	0.0000	0.0606	0.0334	0.0272	0.0093	0.0085	0.0008	0.0513	0.0249	0.0264	83.6532	237.2689	22.3513	23.1132	43.8035	0.0000	157.4427	4926382.5938	42.3691	0.0080	0.0031	0.0140	0.0209	0.0122	0.1141	0.0057	0.0000	0.0110
81	101	0.1470	4	1	2	0	0	0	0	0	0	N	Y	N	N	N	N	N	N	N	N	N	N	0.0000	0.0000	0.0000	0.0000	0.0000	0.0000	0.0000	0.0000	0.0000	0.0000	0.0000	0.0000	0.0000	7.0307	0.0000	14.1749	0.0000	0.0000	0.0000	7.7685	0.0000	14.6487	inf	0.0000	0.4789	0.7962	0.0000	25.3140	3.0000	0.0000	0.0000	0.0000	0.0000	0.0000	0.0000	0.0000	0.0000	0.0000	1.0000	0.0000	1.0000	0.0000	0.0000	0.0000	1.0000	0.0000	1.0000	0.0000	0.0000	0.0000	0.0000	0.0000	0.0000	0.0000	0.0000	0.0000	0.1422	0.0717	0.0705	0.0135	0.0112	0.0023	0.1287	0.0605	0.0683	0.0000	0.0000	0.0000	0.0000	0.0000	0.0000	0.0000	0.0000	0.0000	7.0307	0.0000	14.1749	0.0000	0.0000	0.0000	7.7685	0.0000	14.6487						
81	102	0.1439	3	1	2	0	0	0	0	0	0	N	Y	N	N	N	N	N	N	N	N	N	N	0.0000	0.0000	0.0000	0.0000	0.0000	0.0000	0.0000	0.0000	0.0000	0.0000	0.0000	0.0000	0.0000	0.0000	0.0000	0.0000	0.0000	0.0000	0.0000	0.0000	0.7962	0.0000	25.3140	1.0000	0.0000	0.0000	0.0000	0.0000	0.0000	0.0000	0.0000	0.0000	0.0000	0.0000	0.0000	0.0000	0.0000	0.0000	0.0000	0.0000	0.0000	0.0000	0.0000	0.0000	0.0000	0.0000	0.0000	0.0000	0.0000	0.0000	0.0000	0.0494	0.0248	0.0246	0.0047	0.0039	0.0008	0.0447	0.0209	0.0238	0.0000	0.0000	0.0000	0.0000	0.0000	0.0000	0.0000	0.0000	0.0000	0.0000	0.0000	0.0000	0.0000	0.0000	0.0000	0.0000	0.0000	0.0000											
81	103	0.1401	2	0	2	0	0	0	0	0	0	N	Y	N	N	N	N	N	N	N	N	N	N	46.3616	219.8495	0.0000	35.9400	89.5119	0.0000	0.0000	0.0000	0.3366	0.4191	0.0000	0.5924	0.6713	0.0000	0.0000	0.0000	0.0000	0.0073	0.0019	0.0138	0.0165	0.0075	0.1129	0.0056	0.0000	0.0109	0.0000	5.9214	-0.0000	0.0001	0.7962	0.0006	25.3140	1.0534	0.0000	0.0000	0.0000	0.0000	0.0000	0.0000	0.0000	0.0000	0.0000	0.0004	0.0001	0.0004	0.0002	0.0001	0.0001	0.0003	0.0000	0.0003	0.0001	0.0001	0.0000	0.0001	0.0001	0.0000	0.0000	0.0000	0.0000	0.0612	0.0337	0.0275	0.0094	0.0086	0.0008	0.0518	0.0251	0.0267	46.3616	219.8495	0.0000	35.9400	89.5119	0.0000	0.0000	0.0000	0.0000	0.0073	0.0019	0.0138	0.0165	0.0075	0.1129	0.0056	0.0000	0.0109	
81	109	0.3588	5	0	1	0	0	0	0	0	0	N	N	N	N	N	N	N	N	N	N	N	N	0.0169	0.0000	0.2544	0.0852	0.0000	2.0138	0.0001	0.0000	0.0019	0.0236	0.0000	0.2497	0.0831	0.0000	2.3829	0.0002	0.0000	0.0018	1.3955	1.5880	0.9816	0.9747	0.9633	1.1833	1.7714	2.4847	0.9650	inf	0.2875	0.0032	-0.8536	0.7962	7.7801	25.3140	32.2209	0.0036	0.0000	0.0036	0.0035	0.0000	0.0035	0.0000	0.0000	0.0000	2.8666	2.2265	0.6401	0.9447	0.7960	0.1487	1.9218	1.4305	0.4914	0.1513	0.1370	0.0143	0.0427	0.0412	0.0015	0.1086	0.0957	0.0128	2.0541	1.4021	0.6521	0.9692	0.8264	0.1429	1.0849	0.5757	0.5092	0.0169	0.0000	0.2544	0.0852	0.0000	2.2889	0.0001	0.0000	0.0019	1.3955	1.5880	0.9816	0.9747	0.9633	1.0411	1.7714	2.4847	0.9650
82	83	0.2088	4	0	1	0	0	0	0	0	0	N	N	N	N	N	N	N	N	N	N	N	N	0.0060	0.0092	0.0087	0.1480	0.3924	0.2563	0.0001	0.0000	0.0004	0.0093	0.0074	0.0248	0.0543	0.0400	0.7814	0.0001	0.0000	0.0011	1.5372	0.8068	2.8627	0.3671	0.1021	3.0483	2.2245	1.4922	3.0141	0.4008	1.9552	0.0005	0.4520	1.7961	10.0679	27.0091	33.8159	0.0028	0.0020	0.0008	0.0028	0.0020	0.0008	0.0000	0.0000	0.0000	3.2168	1.0885	2.1282	0.2843	0.0679	0.2164	2.9325	1.0206	1.9118	0.3068	0.2740	0.0328	0.0517	0.0507	0.0010	0.2551	0.2233	0.0318	2.0926	1.3492	0.7434	0.7743	0.6652	0.1091	1.3183	0.6840	0.6343	0.0060	0.0092	0.0087	0.1480	0.3924	0.3940	0.0001	0.0000	0.0004	1.5372	0.8068	2.8627	0.3671	0.1021	1.9831	2.2245	1.4922	3.0141
82	84	0.1812	3	0	1	0	0	0	0	0	0	N	N	N	N	N	N	N	N	N	N	N	N	0.0812	0.0203	0.4257	0.1901	0.0753	0.8755	0.0498	0.0027	0.2979	0.1297	0.0287	0.8395	0.3020	0.1090	2.8242	0.0798	0.0037	0.5478	1.5964	1.4167	1.9720	1.5883	1.4483	3.2257	1.6025	1.3752	1.8393	4.1524	0.6663	0.0034	-0.3092	1.7961	0.9441	27.0091	14.0836	0.0048	0.0009	0.0039	0.0025	0.0008	0.0017	0.0023	0.0001	0.0022	2.5511	1.5310	1.0201	1.0839	0.8885	0.1954	1.4673	0.6426	0.8247	0.0370	0.0324	0.0046	0.0083	0.0077	0.0006	0.0287	0.0247	0.0040	1.5980	1.0807	0.5173	0.6824	0.6135	0.0689	0.9156	0.4673	0.4484	0.0812	0.0203	0.4257	0.1901	0.0753	0.9961	0.0498	0.0027	0.2979	1.5964	1.4167	1.9720	1.5883	1.4483	2.8353	1.6025	1.3752	1.8393
82	85	0.4635	6	0	1	0	0	0	0	0	0	N	N	N	N	N	N	N	N	N	N	N	N	0.4305	0.8298	0.0009	2.0936	2.6918	0.0028	0.0039	0.0082	0.0001	0.9621	1.1086	0.0039	2.4101	2.8751	0.0077	0.0125	0.0141	0.0003	2.2351	1.3360	4.1990	1.1512	1.0681	2.7152	3.1932	1.7209	4.8561	0.0005	1.4389	-0.0631	0.3105	1.7961	15.0008	27.0091	28.2980	0.6637	0.6633	0.0004	0.6584	0.6581	0.0003	0.0052	0.0052	0.0000	4.5062	1.8477	2.6586	1.0889	0.8709	0.2181	3.4173	0.9768	2.4405	0.6898	0.5983	0.0915	0.2732	0.2289	0.0443	0.4166	0.3694	0.0472	2.0161	1.3830	0.6331	0.9460	0.8154	0.1306	1.0702	0.5676	0.5026	0.4305	0.8298	0.0009	2.0936	2.6918	0.0046	0.0039	0.0082	0.0001	2.2351	1.3360	4.1990	1.1512	1.0681	1.6700	3.1932	1.7209	4.8561
82	86	0.4635	6	0	1	0	0	0	0	0	0	N	N	N	N	N	N	N	N	N	N	N	N	0.4693	0.5210	0.0029	1.3636	1.8711	0.0022	0.0082	0.0068	0.0003	0.8698	1.0274	0.0045	1.7626	2.1890	0.0071	0.0200	0.0226	0.0004	1.8532	1.9721	1.5736	1.2926	1.1699	3.1412	2.4298	3.3334	1.4200	0.0008	0.3392	-0.0420	-0.9672	1.7961	10.8154	27.0091	27.4443	0.4428	0.4424	0.0004	0.4375	0.4372	0.0003	0.0052	0.0052	0.0000	3.6119	2.6970	0.9149	1.2774	1.0068	0.2706	2.3345	1.6903	0.6443	0.5091	0.4306	0.0785	0.2482	0.1997	0.0485	0.2608	0.2309	0.0299	1.9490	1.3676	0.5814	0.9883	0.8606	0.1277	0.9608	0.5071	0.4537	0.4693	0.5210	0.0029	1.3636	1.8711	0.0033	0.0082	0.0068	0.0003	1.8532	1.9721	1.5736	1.2926	1.1699	2.1193	2.4298	3.3334	1.4200
82	87	0.4157	5	0	1	0	0	0	0	0	0	N	N	N	N	N	N	N	N	N	N	N	N	0.9966	0.8300	1.7789	1.6196	1.4194	2.0132	0.0238	0.0148	0.0964	1.0856	0.9071	1.9221	1.8041	1.5960	2.5418	0.0252	0.0152	0.1054	1.0893	1.0928	1.0805	1.1139	1.1244	1.2626	1.0580	1.0255	1.0931	0.4522	0.3933	0.0784	-0.7686	1.7961	2.7608	27.0091	22.4044	0.3632	0.2501	0.1131	0.3598	0.2483	0.1115	0.0034	0.0018	0.0016	3.2190	2.3103	0.9087	1.8422	1.6174	0.2248	1.3768	0.6929	0.6839	0.3346	0.2757	0.0588	0.1994	0.1556	0.0439	0.1351	0.1202	0.0150	2.9551	2.1140	0.8410	1.6538	1.4384	0.2154	1.3013	0.6756	0.6257	0.9966	0.8300	1.7789	1.6196	1.4194	2.4352	0.0238	0.0148	0.0964	1.0893	1.0928	1.0805	1.1139	1.1244	1.0438	1.0580	1.0255	1.0931
82	88	0.2859	4	0	1	0	0	0	0	0	0	N	N	N	N	N	N	N	N	N	N	N	N	0.3053	0.3384	0.1378	1.0318	1.0965	0.4000	0.0057	0.0074	0.0015	0.6959	0.7423	0.3383	2.8646	2.9309	2.0738	0.0108	0.0119	0.0034	2.2795	2.1933	2.4551	2.7764	2.6729	5.1844	1.9168	1.6191	2.2500	0.0591	0.5495	-0.0085	-1.0212	1.7961	8.8820	27.0091	49.9570	0.2149	0.2029	0.0120	0.2123	0.2004	0.0119	0.0025	0.0024	0.0001	6.1345	3.9591	2.1754	3.1523	2.6288	0.5235	2.9823	1.3303	1.6520	0.3088	0.2733	0.0355	0.0741	0.0684	0.0057	0.2347	0.2049	0.0297	2.6912	1.8051	0.8861	1.1354	0.9835	0.1519	1.5558	0.8216	0.7342	0.3053	0.3384	0.1378	1.0318	1.0965	0.6017	0.0057	0.0074	0.0015	2.2795	2.1933	2.4551	2.7764	2.6729	3.4463	1.9168	1.6191	2.2500
82	90	0.1705	6	0	2	0	1	0	0	0	0	N	Y	N	N	N	N	N	N	N	N	N	N	0.0000	0.0000	0.0000	0.0000	0.0000	0.0000	0.0000	0.0000	0.0000	0.0000	0.0000	0.0000	0.0000	0.0000	0.0000	0.0000	0.0000	0.0000	0.0000	0.0000	1.7961	0.0000	27.0091	0.0000	0.0000	0.0000	0.0000	0.0000	0.0000	0.0000	0.0000	0.0000	0.0000	0.0000	0.0000	0.0000	0.0000	0.0000	0.0000	0.0000	0.0000	0.0000	0.0000	0.0000	0.0000	0.0000	0.0000	0.0000	0.0000	0.0000	0.0000	0.0000	0.0000	0.0000	0.0000	0.0000	0.0000	0.0000	0.0000	0.0000	0.0000	0.0000	0.0000	0.0000	0.0000	0.0000	0.0000	0.0000	0.0000	0.0000	0.0000	0.0000	0.0000	0.0000	0.0000	0.0000	0.0000	0.0000											
82	91	0.1598	5	0	2	0	1	0	0	0	0	N	Y	N	N	N	N	N	N	N	N	N	N	0.0000	0.0000	0.0000	0.0000	0.0000	0.0000	0.0000	0.0000	0.0000	0.0000	0.0000	0.0000	0.0000	0.0000	0.0000	0.0000	0.0000	0.0000	0.0000	0.0000	1.7961	1.0000	27.0091	3.0000	0.0000	0.0000	0.0000	0.0000	0.0000	0.0000	0.0000	0.0000	0.0000	0.0000	0.0000	0.0000	0.0000	0.0000	0.0000	0.0000	0.0000	0.0000	0.0288	0.0260	0.0028	0.0109	0.0102	0.0007	0.0179	0.0158	0.0021	0.1911	0.0960	0.0951	0.0194	0.0161	0.0032	0.1717	0.0798	0.0919	0.0000	0.0000	0.0000	0.0000	0.0000	0.0000	0.0000	0.0000	0.0000	0.0000	0.0000	0.0000	0.0000	0.0000	0.0000	0.0000	0.0000	0.0000											
82	92	0.1533	3	0	2	0	0	0	0	0	0	N	Y	N	N	N	N	N	N	N	N	N	N	0.0000	0.0000	0.0000	0.0000	0.0000	0.0000	0.0000	0.0000	0.0000	0.0000	0.0000	0.0000	0.0000	0.0000	0.0000	0.0000	0.0000	0.0000	0.0000	0.0000	1.7961	0.0000	27.0091	0.0000	0.0000	0.0000	0.0000	0.0000	0.0000	0.0000	0.0000	0.0000	0.0000	0.0000	0.0000	0.0000	0.0000	0.0000	0.0000	0.0000	0.0000	0.0000	0.0000	0.0000	0.0000	0.0000	0.0000	0.0000	0.0000	0.0000	0.0000	0.0000	0.0000	0.0000	0.0000	0.0000	0.0000	0.0000	0.0000	0.0000	0.0000	0.0000	0.0000	0.0000	0.0000	0.0000	0.0000	0.0000	0.0000	0.0000	0.0000	0.0000	0.0000	0.0000	0.0000	0.0000	0.0000	0.0000											
82	93	0.1598	5	0	1	1	1	0	0	0	0	N	N	N	N	N	N	N	N	N	N	N	N	0.0000	0.0000	0.0000	0.0000	0.0000	0.0000	0.0000	0.0000	0.0000	0.0000	0.0000	0.0000	0.0000	0.0000	0.0000	0.0000	0.0000	0.0000	0.0000	0.0000	1.7961	0.0000	27.0091	0.0000	0.0000	0.0000	0.0000	0.0000	0.0000	0.0000	0.0000	0.0000	0.0000	0.0000	0.0000	0.0000	0.0000	0.0000	0.0000	0.0000	0.0000	0.0000	0.0000	0.0000	0.0000	0.0000	0.0000	0.0000	0.0000	0.0000	0.0000	0.0000	0.0000	0.0000	0.0000	0.0000	0.0000	0.0000	0.0000	0.0000	0.0000	0.0000	0.0000	0.0000	0.0000	0.0000	0.0000	0.0000	0.0000	0.0000	0.0000	0.0000	0.0000	0.0000	0.0000	0.0000	0.0000	0.0000											
82	94	0.1571	4	0	1	0	1	0	0	0	0	N	N	N	N	N	N	N	N	N	N	N	N	0.0000	0.0000	0.0000	0.0000	0.0000	0.0000	0.0000	0.0000	0.0000	0.0000	0.0000	0.0000	0.0000	0.0000	0.0000	0.0000	0.0000	0.0000	0.0000	0.0000	1.7961	1.0000	27.0091	0.0097	0.0000	0.0000	0.0000	0.0000	0.0000	0.0000	0.0000	0.0000	0.0000	0.0000	0.0000	0.0000	0.0000	0.0000	0.0000	0.0000	0.0000	0.0000	0.0288	0.0260	0.0028	0.0109	0.0102	0.0007	0.0179	0.0158	0.0021	0.0519	0.0260	0.0259	0.0061	0.0052	0.0009	0.0458	0.0208	0.0250	0.0000	0.0000	0.0000	0.0000	0.0000	0.0000	0.0000	0.0000	0.0000	0.0000	0.0000	0.0000	0.0000	0.0000	0.0000	0.0000	0.0000	0.0000											
82	95	0.1571	4	0	1	1	1	0	0	0	0	N	N	N	N	N	N	N	N	N	N	N	N	0.0000	0.0000	0.0000	0.0000	0.0000	0.0000	0.0000	0.0000	0.0000	0.0000	0.0000	0.0000	0.0000	0.0000	0.0000	0.0000	0.0000	0.0000	0.0000	0.0000	1.7961	2.0000	27.0091	3.0050	0.0000	0.0000	0.0000	0.0000	0.0000	0.0000	0.0000	0.0000	0.0000	0.0000	0.0000	0.0000	0.0000	0.0000	0.0000	0.0000	0.0000	0.0000	0.0568	0.0512	0.0056	0.0213	0.0200	0.0014	0.0355	0.0313	0.0042	0.2383	0.1198	0.1184	0.0248	0.0208	0.0040	0.2134	0.0990	0.1144	0.0000	0.0000	0.0000	0.0000	0.0000	0.0000	0.0000	0.0000	0.0000	0.0000	0.0000	0.0000	0.0000	0.0000	0.0000	0.0000	0.0000	0.0000											
82	96	0.1571	4	0	1	1	1	0	0	0	0	N	N	N	N	N	N	N	N	N	N	N	N	0.0000	0.0000	0.0000	0.0000	0.0000	0.0000	0.0000	0.0000	0.0000	0.0000	0.0000	0.0000	0.0000	0.0000	0.0000	0.0000	0.0000	0.0000	0.0000	0.0000	1.7961	0.0000	27.0091	6.9903	0.0000	0.0000	0.0000	0.0000	0.0000	0.0000	0.0000	0.0000	0.0000	0.0000	0.0000	0.0000	0.0000	0.0000	0.0000	0.0000	0.0000	0.0000	0.0000	0.0000	0.0000	0.0000	0.0000	0.0000	0.0000	0.0000	0.0000	0.3247	0.1637	0.1609	0.0334	0.0280	0.0055	0.2912	0.1358	0.1555	0.0000	0.0000	0.0000	0.0000	0.0000	0.0000	0.0000	0.0000	0.0000	0.0000	0.0000	0.0000	0.0000	0.0000	0.0000	0.0000	0.0000	0.0000											
82	97	0.1516	3	0	1	0	1	0	0	0	0	N	N	N	N	N	N	N	N	N	N	N	N	0.0000	0.0000	0.0000	0.0000	0.0000	0.0000	0.0000	0.0000	0.0000	0.0000	0.0000	0.0000	0.0000	0.0000	0.0000	0.0000	0.0000	0.0004	0.0000	0.0007	0.0015	0.0001	0.0117	0.0002	0.0000	0.0004	33.3500	0.0000	0.0000	1.7961	0.9999	27.0091	1.0605	0.0000	0.0000	0.0000	0.0000	0.0000	0.0000	0.0000	0.0000	0.0000	0.0000	0.0000	0.0000	0.0000	0.0000	0.0000	0.0000	0.0000	0.0000	0.0622	0.0578	0.0044	0.0267	0.0257	0.0010	0.0355	0.0322	0.0033	0.1163	0.0615	0.0548	0.0145	0.0128	0.0017	0.1018	0.0488	0.0531	0.0000	0.0000	0.0000	0.0000	0.0000	0.0000	0.0000	0.0000	0.0000	0.0004	0.0000	0.0007	0.0015	0.0001	0.0117	0.0002	0.0000	0.0004		
82	98	0.1495	2	0	1	0	1	0	0	0	0	N	N	N	N	N	N	N	N	N	N	N	N	67.7432	176.5411	20.9090	18.0969	33.7460	0.0000	128.9698	3491611.4633	39.5829	0.4737	0.5113	0.2519	0.3511	0.3837	0.0000	0.6113	0.6774	0.3653	0.0070	0.0029	0.0120	0.0194	0.0114	0.1062	0.0047	0.0000	0.0092	0.0834	3.3714	-0.0000	0.0001	1.7961	0.0012	27.0091	1.0414	0.0001	0.0001	0.0000	0.0000	0.0000	0.0000	0.0001	0.0000	0.0000	0.0005	0.0001	0.0004	0.0002	0.0001	0.0001	0.0003	0.0000	0.0003	0.0002	0.0002	0.0000	0.0001	0.0001	0.0000	0.0001	0.0001	0.0000	0.0651	0.0360	0.0291	0.0100	0.0092	0.0008	0.0551	0.0268	0.0283	67.7432	176.5411	20.9090	18.0969	33.7460	0.0000	128.9698	3491611.4633	39.5829	0.0070	0.0029	0.0120	0.0194	0.0114	0.1062	0.0047	0.0000	0.0092
82	101	0.1564	4	1	2	0	0	0	0	0	0	N	Y	N	N	N	N	N	N	N	N	N	N	0.0000	0.0000	0.0000	0.0000	0.0000	0.0000	0.0000	0.0000	0.0000	0.0000	0.0000	0.0000	0.0000	0.0000	0.0000	0.0000	0.0000	0.0000	0.0000	0.0000	1.7961	0.0000	27.0091	3.0000	0.0000	0.0000	0.0000	0.0000	0.0000	0.0000	0.0000	0.0000	0.0000	0.0000	0.0000	0.0000	0.0000	0.0000	0.0000	0.0000	0.0000	0.0000	0.0000	0.0000	0.0000	0.0000	0.0000	0.0000	0.0000	0.0000	0.0000	0.1524	0.0769	0.0755	0.0144	0.0119	0.0025	0.1380	0.0650	0.0730	0.0000	0.0000	0.0000	0.0000	0.0000	0.0000	0.0000	0.0000	0.0000	0.0000	0.0000	0.0000	0.0000	0.0000	0.0000	0.0000	0.0000	0.0000											
82	102	0.1533	3	1	2	0	0	0	0	0	0	N	Y	N	N	N	N	N	N	N	N	N	N	0.0000	0.0000	0.0000	0.0000	0.0000	0.0000	0.0000	0.0000	0.0000	0.0000	0.0000	0.0000	0.0000	0.0000	0.0000	0.0000	0.0000	0.0000	0.0000	0.0000	1.7961	0.0000	27.0091	1.0000	0.0000	0.0000	0.0000	0.0000	0.0000	0.0000	0.0000	0.0000	0.0000	0.0000	0.0000	0.0000	0.0000	0.0000	0.0000	0.0000	0.0000	0.0000	0.0000	0.0000	0.0000	0.0000	0.0000	0.0000	0.0000	0.0000	0.0000	0.0529	0.0266	0.0263	0.0050	0.0041	0.0009	0.0479	0.0225	0.0254	0.0000	0.0000	0.0000	0.0000	0.0000	0.0000	0.0000	0.0000	0.0000	0.0000	0.0000	0.0000	0.0000	0.0000	0.0000	0.0000	0.0000	0.0000											
82	103	0.1495	2	0	2	0	0	0	0	0	0	N	Y	N	N	N	N	N	N	N	N	N	N	37.1534	158.3884	0.0000	27.5608	66.8955	0.0000	0.0000	0.0000	0.2342	0.2803	0.0000	0.4223	0.4664	0.0000	0.0000	0.0000	0.0000	0.0063	0.0018	0.0119	0.0153	0.0070	0.1051	0.0047	0.0000	0.0091	0.0000	5.4539	-0.0000	0.0001	1.7961	0.0006	27.0091	1.0534	0.0000	0.0000	0.0000	0.0000	0.0000	0.0000	0.0000	0.0000	0.0000	0.0004	0.0001	0.0003	0.0002	0.0001	0.0001	0.0003	0.0000	0.0003	0.0002	0.0001	0.0000	0.0001	0.0001	0.0000	0.0001	0.0001	0.0000	0.0657	0.0363	0.0294	0.0101	0.0092	0.0009	0.0556	0.0271	0.0286	37.1534	158.3884	0.0000	27.5608	66.8955	0.0000	0.0000	0.0000	0.0000	0.0063	0.0018	0.0119	0.0153	0.0070	0.1051	0.0047	0.0000	0.0091	
82	109	0.3682	5	0	1	0	0	0	0	0	0	N	N	N	N	N	N	N	N	N	N	N	N	0.0109	0.0000	0.1518	0.0496	0.0001	1.6797	0.0001	0.0000	0.0011	0.0142	0.0000	0.1293	0.0685	0.0002	1.7093	0.0001	0.0000	0.0009	1.3026	1.5119	0.8523	1.3822	1.4523	1.0176	1.2316	1.5973	0.8174	357.1422	0.2621	0.0032	-0.9023	1.7961	7.7801	27.0091	32.2209	0.0036	0.0000	0.0036	0.0036	0.0000	0.0035	0.0000	0.0000	0.0000	2.8793	2.2813	0.5980	1.4395	1.2895	0.1500	1.4398	0.9918	0.4480	0.2531	0.2255	0.0276	0.0519	0.0498	0.0021	0.2012	0.1756	0.0255	2.2105	1.5089	0.7017	1.0415	0.8880	0.1535	1.1690	0.6209	0.5481	0.0109	0.0000	0.1518	0.0496	0.0001	1.7497	0.0001	0.0000	0.0011	1.3026	1.5119	0.8523	1.3822	1.4523	0.9769	1.2316	1.5973	0.8174
83	85	0.4638	5	0	0	0	0	0	0	0	0	N	N	N	N	N	N	N	N	N	N	N	N	0.0027	0.0040	0.0001	0.0762	0.0712	0.0086	0.0002	0.0003	0.0001	0.0017	0.0020	0.0001	0.0257	0.0266	0.0012	0.0002	0.0002	0.0001	0.6393	0.4910	0.9694	0.3368	0.3736	0.1351	0.9586	0.6907	1.2554	0.0060	0.8867	-0.0003	-0.1451	10.0679	15.0008	33.8159	28.2980	0.0036	0.0036	0.0000	0.0033	0.0033	0.0000	0.0003	0.0003	0.0000	2.8384	1.5044	1.3340	0.7681	0.7206	0.0475	2.0703	0.7838	1.2865	2.0876	1.8378	0.2498	0.1286	0.1240	0.0046	1.9591	1.7139	0.2452	4.4401	3.0640	1.3761	2.2805	1.9291	0.3513	2.1597	1.1349	1.0248	0.0027	0.0040	0.0001	0.0762	0.0712	0.0086	0.0002	0.0003	0.0001	0.6393	0.4910	0.9694	0.3368	0.3736	0.1351	0.9586	0.6907	1.2554
83	86	0.4638	5	0	0	0	0	0	0	0	0	N	N	N	N	N	N	N	N	N	N	N	N	0.0016	0.0024	0.0005	0.0199	0.0290	0.0016	0.0001	0.0000	0.0005	0.0010	0.0011	0.0005	0.0102	0.0104	0.0038	0.0001	0.0000	0.0004	0.6051	0.4426	0.9834	0.5108	0.3570	2.3577	0.7188	0.6110	0.8357	0.0627	0.9542	-0.0000	-0.0832	10.0679	10.8154	33.8159	27.4443	0.0012	0.0012	0.0001	0.0012	0.0012	0.0000	0.0001	0.0000	0.0001	2.5362	1.2978	1.2384	1.1708	0.6942	0.4767	1.3653	0.6036	0.7617	1.2421	1.0861	0.1560	0.1153	0.1121	0.0032	1.1268	0.9740	0.1528	4.1916	2.9323	1.2593	2.2922	1.9444	0.3478	1.8994	0.9879	0.9115	0.0016	0.0024	0.0005	0.0199	0.0290	0.0028	0.0001	0.0000	0.0005	0.6051	0.4426	0.9834	0.5108	0.3570	1.3707	0.7188	0.6110	0.8357
83	87	0.4160	4	0	0	0	0	0	0	0	0	N	N	N	N	N	N	N	N	N	N	N	N	0.0082	0.0088	0.0102	0.0281	0.0301	0.0231	0.0019	0.0001	0.0092	0.0042	0.0038	0.0074	0.0123	0.0122	0.0145	0.0012	0.0001	0.0069	0.5155	0.4272	0.7238	0.4361	0.4056	0.6302	0.6168	0.4753	0.7560	0.2738	0.7180	0.0003	-0.3368	10.0679	2.7608	33.8159	22.4044	0.0029	0.0023	0.0006	0.0023	0.0023	0.0001	0.0006	0.0000	0.0006	3.2656	1.9008	1.3648	1.5495	1.2450	0.3045	1.7161	0.6558	1.0603	0.6941	0.6093	0.0848	0.1904	0.1852	0.0052	0.5037	0.4241	0.0796	6.3352	4.4495	1.8857	3.5530	3.0698	0.4832	2.7822	1.3797	1.4024	0.0082	0.0088	0.0102	0.0281	0.0301	0.0231	0.0019	0.0001	0.0092	0.5155	0.4272	0.7238	0.4361	0.4056	0.6302	0.6168	0.4753	0.7560
83	88	0.2862	3	0	0	0	0	0	0	0	0	N	N	N	N	N	N	N	N	N	N	N	N	0.0167	0.0265	0.0063	0.1407	0.1964	0.0232	0.0080	0.0116	0.0060	0.0207	0.0219	0.0128	0.1323	0.1343	0.0757	0.0117	0.0117	0.0115	1.2405	0.8250	2.0441	0.9405	0.6842	3.2564	1.4573	1.0057	1.9040	0.0878	1.2812	-0.0004	0.3084	10.0679	8.8820	33.8159	49.9570	0.0255	0.0234	0.0021	0.0122	0.0119	0.0002	0.0133	0.0115	0.0018	7.6040	3.3333	4.2707	2.4175	1.5533	0.8642	5.1864	1.7799	3.4065	1.2324	1.0714	0.1610	0.0921	0.0889	0.0032	1.1403	0.9825	0.1578	6.1295	4.0402	2.0893	2.5705	2.2703	0.3002	3.5590	1.7699	1.7892	0.0167	0.0265	0.0063	0.1407	0.1964	0.0263	0.0080	0.0116	0.0060	1.2405	0.8250	2.0441	0.9405	0.6842	2.8790	1.4573	1.0057	1.9040
83	89	0.2643	4	1	1	0	1	0	0	0	0	N	N	N	N	N	N	N	N	N	N	N	N	0.0019	0.0000	0.0160	0.0155	0.0000	0.5271	0.0001	0.0000	0.0007	0.0044	0.0000	0.0492	0.0169	0.0000	1.3626	0.0003	0.0000	0.0022	2.3997	2.0253	3.0801	1.0902	1.0001	2.5848	3.1825	3.0450	3.3295	inf	0.8369	0.0007	-0.2256	10.0679	0.7962	33.8159	16.9291	0.0008	0.0000	0.0008	0.0008	0.0000	0.0008	0.0000	0.0000	0.0000	3.4467	1.8763	1.5704	0.5858	0.4620	0.1238	2.8609	1.4143	1.4466	0.1833	0.1667	0.0166	0.0461	0.0455	0.0006	0.1372	0.1212	0.0160	1.4363	0.9265	0.5099	0.5373	0.4620	0.0754	0.8990	0.4645	0.4345	0.0019	0.0000	0.0160	0.0155	0.0000	0.8296	0.0001	0.0000	0.0007	2.3997	2.0253	3.0801	1.0902	1.0001	1.6424	3.1825	3.0450	3.3295
83	90	0.3363	9	0	1	0	1	0	0	0	0	N	N	N	N	N	N	N	N	N	N	N	N	0.0000	0.0000	0.0000	0.0000	0.0000	0.0000	0.0000	0.0000	0.0000	0.0000	0.0000	0.0000	0.0000	0.0000	0.0000	0.0000	0.0000	0.0000	0.0000	0.0000	10.0679	0.0000	33.8159	0.0000	0.0000	0.0000	0.0000	0.0000	0.0000	0.0000	0.0000	0.0000	0.0000	0.0000	0.0000	0.0000	0.0000	0.0000	0.0000	0.0000	0.0000	0.0000	0.0000	0.0000	0.0000	0.0000	0.0000	0.0000	0.0000	0.0000	0.0000	0.0000	0.0000	0.0000	0.0000	0.0000	0.0000	0.0000	0.0000	0.0000	0.0000	0.0000	0.0000	0.0000	0.0000	0.0000	0.0000	0.0000	0.0000	0.0000	0.0000	0.0000	0.0000	0.0000	0.0000	0.0000	0.0000	0.0000											
83	91	0.3256	8	0	1	0	1	0	0	0	0	N	N	N	N	N	N	N	N	N	N	N	N	0.0000	0.0000	0.0000	0.0000	0.0000	0.0000	0.0000	0.0000	0.0000	0.0000	0.0000	0.0000	0.0000	0.0000	0.0000	0.0012	0.0017	0.0000	0.0003	0.0004	0.0000	0.0022	0.0044	0.0000	0.0000	0.0000	-0.0002	10.0679	1.0000	33.8159	3.0000	0.0000	0.0000	0.0000	0.0000	0.0000	0.0000	0.0000	0.0000	0.0000	0.0003	0.0003	0.0000	0.0001	0.0001	0.0000	0.0003	0.0003	0.0000	0.1240	0.1108	0.0132	0.0485	0.0449	0.0036	0.0755	0.0659	0.0096	0.2957	0.2017	0.0940	0.1580	0.1335	0.0246	0.1377	0.0683	0.0694	0.0000	0.0000	0.0000	0.0000	0.0000	0.0000	0.0000	0.0000	0.0000	0.0012	0.0017	0.0000	0.0003	0.0004	0.0000	0.0022	0.0044	0.0000				
83	92	0.3191	6	0	1	0	0	0	0	0	0	N	N	N	N	N	N	N	N	N	N	N	N	0.0000	0.0000	0.0000	0.0000	0.0000	0.0000	0.0000	0.0000	0.0000	0.0000	0.0000	0.0000	0.0000	0.0000	0.0000	0.0000	0.0000	0.0000	0.0000	0.0000	10.0679	0.0000	33.8159	0.0000	0.0000	0.0000	0.0000	0.0000	0.0000	0.0000	0.0000	0.0000	0.0000	0.0000	0.0000	0.0000	0.0000	0.0000	0.0000	0.0000	0.0000	0.0000	0.0000	0.0000	0.0000	0.0000	0.0000	0.0000	0.0000	0.0000	0.0000	0.0000	0.0000	0.0000	0.0000	0.0000	0.0000	0.0000	0.0000	0.0000	0.0000	0.0000	0.0000	0.0000	0.0000	0.0000	0.0000	0.0000	0.0000	0.0000	0.0000	0.0000	0.0000	0.0000	0.0000	0.0000	0.0000	0.0000											
83	93	0.3256	8	0	0	1	1	0	0	0	0	N	N	N	N	N	N	N	N	N	N	N	N	0.0000	0.0000	0.0000	0.0000	0.0000	0.0000	0.0000	0.0000	0.0000	0.0000	0.0000	0.0000	0.0000	0.0000	0.0000	0.0000	0.0000	0.0000	0.0000	0.0000	10.0679	0.0000	33.8159	0.0000	0.0000	0.0000	0.0000	0.0000	0.0000	0.0000	0.0000	0.0000	0.0000	0.0000	0.0000	0.0000	0.0000	0.0000	0.0000	0.0000	0.0000	0.0000	0.0000	0.0000	0.0000	0.0000	0.0000	0.0000	0.0000	0.0000	0.0000	0.0000	0.0000	0.0000	0.0000	0.0000	0.0000	0.0000	0.0000	0.0000	0.0000	0.0000	0.0000	0.0000	0.0000	0.0000	0.0000	0.0000	0.0000	0.0000	0.0000	0.0000	0.0000	0.0000	0.0000	0.0000	0.0000	0.0000											
83	94	0.3229	7	0	0	0	1	0	0	0	0	N	N	N	N	N	N	N	N	N	N	N	N	0.0000	0.0000	0.0000	0.0000	0.0000	0.0000	0.0000	0.0000	0.0000	0.0000	0.0000	0.0000	0.0000	0.0000	0.0000	0.0000	0.0191	0.0000	0.0584	0.0000	0.0000	0.0000	0.0412	0.0000	0.0768	13276.6178	0.0000	0.0008	10.0679	1.0000	33.8159	0.0097	0.0000	0.0000	0.0000	0.0000	0.0000	0.0000	0.0000	0.0000	0.0000	0.0016	0.0000	0.0016	0.0000	0.0000	0.0000	0.0016	0.0000	0.0016	0.1240	0.1108	0.0132	0.0485	0.0448	0.0036	0.0755	0.0659	0.0096	0.0819	0.0550	0.0268	0.0439	0.0374	0.0064	0.0380	0.0176	0.0204	0.0000	0.0000	0.0000	0.0000	0.0000	0.0000	0.0000	0.0000	0.0000	0.0191	0.0000	0.0584	0.0000	0.0000	0.0000	0.0412	0.0000	0.0768			
83	95	0.3229	7	0	0	1	1	0	0	0	0	N	N	N	N	N	N	N	N	N	N	N	N	0.2120	8.8484	0.0000	15.9112	14.5577	0.0000	0.0000	0.0009	0.0011	0.0000	0.0024	0.0026	0.0000	0.0000	0.0000	0.0000	0.0044	0.0001	0.0136	0.0002	0.0002	0.0000	0.0093	0.0000	0.0183	0.0000	53.8841	-0.0000	0.0008	10.0679	2.0000	33.8159	3.0050	0.0002	0.0002	0.0000	0.0002	0.0002	0.0000	0.0000	0.0000	0.0000	0.0016	0.0000	0.0016	0.0000	0.0000	0.0000	0.0016	0.0000	0.0016	0.2446	0.2186	0.0260	0.0953	0.0882	0.0071	0.1493	0.1305	0.0188	0.3712	0.2523	0.1188	0.1978	0.1674	0.0304	0.1734	0.0849	0.0885	0.2120	8.8484	0.0000	15.9112	14.5577	0.0000	0.0000	0.0000	0.0000	0.0044	0.0001	0.0136	0.0002	0.0002	0.0000	0.0093	0.0000	0.0183		
83	96	0.3229	7	0	0	1	1	0	0	0	0	N	N	N	N	N	N	N	N	N	N	N	N	0.0000	0.0000	0.0000	0.0000	0.0000	0.0000	0.0000	0.0000	0.0000	0.0000	0.0000	0.0000	0.0000	0.0000	0.0000	0.0000	0.0000	2.3436	3.4455	0.0003	0.8074	0.9545	0.0000	4.0806	8.2795	0.0004	0.0000	0.0000	-0.6187	10.0679	0.0000	33.8159	6.9903	0.0000	0.0000	0.0000	0.0000	0.0000	0.0000	0.0000	0.0000	0.0000	1.1874	1.1873	0.0000	0.2171	0.2171	0.0000	0.9703	0.9703	0.0000	0.0000	0.0000	0.0000	0.0000	0.0000	0.0000	0.0000	0.0000	0.0000	0.5067	0.3446	0.1620	0.2689	0.2274	0.0414	0.2378	0.1172	0.1206	0.0000	0.0000	0.0000	0.0000	0.0000	0.0000	0.0000	0.0000	0.0000	2.3436	3.4455	0.0003	0.8074	0.9545	0.0000	4.0806	8.2795	0.0004		
83	97	0.3174	6	0	0	0	1	0	0	0	0	N	N	N	N	N	N	N	N	N	N	N	N	0.0000	0.0000	0.0000	0.0000	0.0000	0.0000	0.0000	0.0000	0.0000	0.0000	0.0000	0.0000	0.0000	0.0000	0.0000	0.0000	0.0000	0.0000	0.1557	0.2259	0.0082	0.0530	0.0625	0.0001	0.2741	0.5573	0.0110	0.0173	0.0000	-0.0146	10.0679	0.9999	33.8159	1.0605	0.0000	0.0000	0.0000	0.0000	0.0000	0.0000	0.0000	0.0000	0.0000	0.0291	0.0286	0.0005	0.0053	0.0053	0.0000	0.0238	0.0233	0.0005	0.1430	0.1282	0.0147	0.0660	0.0610	0.0050	0.0770	0.0672	0.0098	0.1866	0.1265	0.0602	0.0999	0.0847	0.0152	0.0867	0.0418	0.0450	0.0000	0.0000	0.0000	0.0000	0.0000	0.0000	0.0000	0.0000	0.0000	0.1557	0.2259	0.0082	0.0530	0.0625	0.0001	0.2741	0.5573	0.0110	
83	98	0.3153	5	0	0	0	1	0	0	0	0	N	N	N	N	N	N	N	N	N	N	N	N	0.0019	0.0011	0.1134	0.0035	0.0024	0.5352	0.0003	0.0001	0.0232	0.0009	0.0008	0.0025	0.0016	0.0012	0.0072	0.0002	0.0001	0.0006	0.4799	0.6942	0.0219	0.4443	0.5195	0.0135	0.5216	1.0568	0.0248	0.3624	0.0148	0.0000	-0.0273	10.0679	0.0012	33.8159	1.0414	0.0000	0.0000	0.0000	0.0000	0.0000	0.0000	0.0000	0.0000	0.0000	0.0539	0.0531	0.0008	0.0269	0.0268	0.0001	0.0269	0.0263	0.0007	0.0005	0.0005	0.0000	0.0003	0.0003	0.0000	0.0002	0.0002	0.0000	0.1123	0.0765	0.0358	0.0606	0.0516	0.0090	0.0517	0.0249	0.0268	0.0019	0.0011	0.1134	0.0035	0.0024	0.5352	0.0003	0.0001	0.0232	0.4799	0.6942	0.0219	0.4443	0.5195	0.0135	0.5216	1.0568	0.0248
83	99	0.2643	4	1	1	0	0	0	0	0	0	N	N	N	N	N	N	N	N	N	N	N	N	0.0008	0.0008	0.0000	0.0437	0.0387	0.0000	0.0000	0.0000	0.0019	0.0021	0.0000	0.0162	0.0166	0.0000	0.0000	0.0000	0.0000	2.4806	2.5351	2.3812	0.3698	0.4297	0.0000	3.7536	4.6530	2.7953	0.0000	0.5159	-0.0001	-0.5232	10.0679	3.2042	33.8159	9.0918	0.0010	0.0010	0.0000	0.0010	0.0010	0.0000	0.0000	0.0000	0.0000	2.8945	1.9095	0.9850	0.1623	0.1623	0.0000	2.7322	1.7471	0.9850	0.5199	0.4594	0.0606	0.0611	0.0594	0.0017	0.4589	0.4000	0.0588	1.1669	0.7532	0.4137	0.4390	0.3777	0.0613	0.7279	0.3755	0.3524	0.0008	0.0008	0.0000	0.0437	0.0387	0.0000	0.0000	0.0000	0.0000	2.4806	2.5351	2.3812	0.3698	0.4297	0.0000	3.7536	4.6530	2.7953	
83	100	0.2643	4	0	1	0	0	0	0	0	0	N	N	N	N	N	N	N	N	N	N	N	N	0.0037	0.0000	0.0829	0.0461	0.0000	0.4250	0.0002	0.0000	0.0076	0.0044	0.0000	0.0492	0.0169	0.0000	1.3626	0.0003	0.0000	0.0022	1.1869	1.5126	0.5928	0.3660	0.0515	3.2060	1.6850	2.9935	0.2933	inf	0.2149	0.0007	-0.4163	10.0679	0.7962	33.8159	10.9291	0.0008	0.0000	0.0008	0.0008	0.0000	0.0008	0.0000	0.0000	0.0000	1.2095	0.9955	0.2139	0.1408	0.0170	0.1238	1.0686	0.9785	0.0901	0.1833	0.1667	0.0166	0.0461	0.0455	0.0006	0.1372	0.1212	0.0160	1.0190	0.6582	0.3608	0.3848	0.3313	0.0535	0.6342	0.3269	0.3073	0.0037	0.0000	0.0829	0.0461	0.0000	0.5889	0.0002	0.0000	0.0076	1.1869	1.5126	0.5928	0.3660	0.0515	2.3136	1.6850	2.9935	0.2933
83	101	0.3221	7	1	1	0	0	0	0	0	0	N	N	N	N	N	N	N	N	N	N	N	N	0.0000	0.0000	0.0000	0.0000	0.0000	0.0000	0.0000	0.0000	0.0000	0.0000	0.0000	0.0000	0.0000	0.0046	0.0069	0.0000	0.0088	0.0104	0.0000	0.0000	0.0000	0.0000	0.0000	0.0000	-0.0005	10.0679	0.0000	33.8159	3.0000	0.0000	0.0000	0.0000	0.0000	0.0000	0.0000	0.0000	0.0000	0.0000	0.0010	0.0010	0.0000	0.0010	0.0010	0.0000	0.0000	0.0000	0.0000	0.0000	0.0000	0.0000	0.0000	0.0000	0.0000	0.0000	0.0000	0.0000	0.2229	0.1503	0.0726	0.1174	0.0990	0.0183	0.1055	0.0513	0.0543	0.0000	0.0000	0.0000	0.0000	0.0000	0.0000	0.0000	0.0000	0.0000	0.0046	0.0069	0.0000	0.0088	0.0104	0.0000	0.0000	0.0000	0.0000						
83	102	0.3191	6	1	1	0	0	0	0	0	0	N	N	N	N	N	N	N	N	N	N	N	N	0.0000	0.0000	0.0000	0.0000	0.0000	0.0000	0.0000	0.0000	0.0000	0.0000	0.0000	0.0000	0.0000	0.0017	0.0025	0.0000	0.0032	0.0038	0.0000	0.0000	0.0000	0.0000	0.0000	0.0000	-0.0001	10.0679	0.0000	33.8159	1.0000	0.0000	0.0000	0.0000	0.0000	0.0000	0.0000	0.0000	0.0000	0.0000	0.0001	0.0001	0.0000	0.0001	0.0001	0.0000	0.0000	0.0000	0.0000	0.0000	0.0000	0.0000	0.0000	0.0000	0.0000	0.0000	0.0000	0.0000	0.0770	0.0519	0.0251	0.0407	0.0343	0.0064	0.0363	0.0176	0.0187	0.0000	0.0000	0.0000	0.0000	0.0000	0.0000	0.0000	0.0000	0.0000	0.0017	0.0025	0.0000	0.0032	0.0038	0.0000	0.0000	0.0000	0.0000						
83	103	0.3153	5	0	1	0	0	0	0	0	0	N	N	N	N	N	N	N	N	N	N	N	N	0.0015	0.0011	0.0000	0.0029	0.0026	0.0000	0.0002	0.0001	0.0000	0.0006	0.0006	0.0000	0.0010	0.0010	0.0000	0.0001	0.0001	0.0000	0.3881	0.5611	0.0184	0.3246	0.3813	0.0000	0.4625	0.9341	0.0245	0.0000	0.0153	-0.0000	-0.0222	10.0679	0.0006	33.8159	1.0534	0.0000	0.0000	0.0000	0.0000	0.0000	0.0000	0.0000	0.0000	0.0000	0.0439	0.0432	0.0007	0.0198	0.0198	0.0000	0.0241	0.0234	0.0007	0.0004	0.0004	0.0000	0.0002	0.0002	0.0000	0.0002	0.0002	0.0000	0.1131	0.0771	0.0361	0.0611	0.0520	0.0091	0.0521	0.0251	0.0270	0.0015	0.0011	0.0000	0.0029	0.0026	0.0000	0.0002	0.0001	0.0000	0.3881	0.5611	0.0184	0.3246	0.3813	0.0000	0.4625	0.9341	0.0245
83	104	0.2643	4	0	0	0	0	0	0	0	0	N	N	N	N	N	N	N	N	N	N	N	N	0.0007	0.0008	0.0000	0.0222	0.0199	0.0997	0.0000	0.0000	0.0000	0.0018	0.0021	0.0000	0.0229	0.0238	0.0000	0.0000	0.0000	0.0000	2.5811	2.7866	2.2080	1.0287	1.1967	0.0000	3.5066	4.3625	2.5906	0.0000	0.4362	-0.0002	-0.8574	10.0679	7.2034	33.8159	9.9858	0.0019	0.0019	0.0000	0.0019	0.0019	0.0000	0.0000	0.0000	0.0000	3.9449	2.7466	1.1982	0.5872	0.5872	0.0000	3.3577	2.1595	1.1982	1.0050	0.8831	0.1219	0.0812	0.0780	0.0032	0.9238	0.8051	0.1187	1.5283	0.9857	0.5427	0.5708	0.4907	0.0802	0.9575	0.4950	0.4625	0.0007	0.0008	0.0000	0.0222	0.0199	0.0997	0.0000	0.0000	0.0000	2.5811	2.7866	2.2080	1.0287	1.1967	0.0000	3.5066	4.3625	2.5906
83	105	0.2429	3	0	0	0	0	0	0	0	0	N	N	N	N	N	N	N	N	N	N	N	N	0.0174	0.0137	0.0441	0.1517	0.1384	2.7325	0.0031	0.0020	0.0097	0.0068	0.0077	0.0007	0.1298	0.1304	0.0893	0.0000	0.0000	0.0001	0.3938	0.5660	0.0161	0.8553	0.9422	0.0327	0.0151	0.0168	0.0134	0.0133	0.0129	-0.0001	-0.3249	10.0679	0.7993	33.8159	5.3573	0.0008	0.0008	0.0000	0.0008	0.0008	0.0000	0.0000	0.0000	0.0000	0.6392	0.6311	0.0082	0.6258	0.6235	0.0023	0.0135	0.0076	0.0059	0.1207	0.1054	0.0154	0.0063	0.0062	0.0001	0.1144	0.0991	0.0153	1.6232	1.1150	0.5082	0.7316	0.6617	0.0699	0.8915	0.4532	0.4383	0.0174	0.0137	0.0441	0.1517	0.1384	2.7325	0.0031	0.0020	0.0097	0.3938	0.5660	0.0161	0.8553	0.9422	0.0327	0.0151	0.0168	0.0134
83	106	0.1816	2	0	0	0	0	0	0	0	0	N	N	N	N	N	N	N	N	N	N	N	N	0.0525	0.0441	0.0014	0.6577	0.6205	0.0817	0.0005	0.0003	0.0014	0.0268	0.0313	0.0002	0.6846	0.6866	0.0247	0.0001	0.0000	0.0002	0.5113	0.7100	0.1634	1.0409	1.1067	0.3028	0.1431	0.1354	0.1492	0.0012	0.1314	-0.0015	-0.8767	10.0679	4.1241	33.8159	16.2542	0.0158	0.0158	0.0000	0.0158	0.0158	0.0000	0.0000	0.0000	0.0000	2.1651	1.9136	0.2515	1.8076	1.7646	0.0430	0.3576	0.1491	0.2085	0.5901	0.5044	0.0858	0.0231	0.0230	0.0001	0.5671	0.4814	0.0857	4.2347	2.6952	1.5395	1.7365	1.5945	0.1420	2.4982	1.1007	1.3975	0.0525	0.0441	0.0014	0.6577	0.6205	0.0817	0.0005	0.0003	0.0014	0.5113	0.7100	0.1634	1.0409	1.1067	0.3028	0.1431	0.1354	0.1492
83	109	0.3685	4	0	0	0	0	0	0	0	0	N	N	N	N	N	N	N	N	N	N	N	N	0.5370	1.5523	0.0906	0.0097	0.0115	0.0005	0.3815	1.3603	0.0820	0.9977	1.0937	0.3711	0.0066	0.0068	0.0011	1.0609	1.1709	0.3781	1.8578	0.7046	4.0936	0.6757	0.5935	2.0778	2.7807	0.8608	4.6126	0.0520	2.9969	-0.0483	2.1747	10.0679	7.7801	33.8159	32.2209	1.0474	0.9956	0.0518	0.0004	0.0004	0.0000	1.0470	0.9952	0.0518	9.5079	2.3788	7.1291	1.5162	1.1709	0.3452	7.9917	1.2079	6.7838	1.0498	0.9103	0.1395	0.0630	0.0604	0.0026	0.9869	0.8500	0.1369	5.1178	3.3763	1.7415	2.2439	1.9731	0.2708	2.8740	1.4033	1.4707	0.5370	1.5523	0.0906	0.0097	0.0115	0.0008	0.3815	1.3603	0.0820	1.8578	0.7046	4.0936	0.6757	0.5935	1.2749	2.7807	0.8608	4.6126
84	85	0.3098	4	0	0	0	0	0	0	0	0	N	N	N	N	N	N	N	N	N	N	N	N	0.3909	0.5851	0.0084	3.7257	3.8276	0.0128	0.0327	0.0819	0.0073	0.1684	0.1934	0.0055	1.4118	1.4552	0.0048	0.0162	0.0181	0.0055	0.4309	0.3305	0.6545	0.3789	0.3802	0.3715	0.4958	0.2204	0.7522	0.0043	0.8896	-0.0038	-0.0739	0.9441	15.0008	14.0836	28.2980	0.0415	0.0413	0.0002	0.0379	0.0379	0.0000	0.0036	0.0034	0.0002	1.4701	0.7780	0.6921	0.7176	0.6167	0.1008	0.7526	0.1613	0.5913	0.2463	0.2137	0.0327	0.0269	0.0261	0.0008	0.2195	0.1876	0.0319	3.4115	2.3540	1.0575	1.8936	1.6222	0.2714	1.5179	0.7318	0.7861	0.3909	0.5851	0.0084	3.7257	3.8276	0.0128	0.0327	0.0819	0.0073	0.4309	0.3305	0.6545	0.3789	0.3802	0.3715	0.4958	0.2204	0.7522
84	86	0.3098	4	0	0	0	0	0	0	0	0	N	N	N	N	N	N	N	N	N	N	N	N	0.0789	0.0686	0.1020	0.4972	0.4648	0.6291	0.0095	0.0014	0.0839	0.0578	0.0607	0.0406	0.3734	0.3779	0.2462	0.0067	0.0015	0.0336	0.7324	0.8848	0.3983	0.7510	0.8130	0.3913	0.7071	1.0664	0.4009	0.1131	0.2053	0.0001	-0.8627	0.9441	10.8154	14.0836	27.4443	0.0085	0.0077	0.0009	0.0077	0.0075	0.0002	0.0009	0.0002	0.0007	2.4598	2.0408	0.4190	1.4554	1.3438	0.1116	1.0044	0.6970	0.3075	0.1475	0.1262	0.0213	0.0205	0.0198	0.0007	0.1269	0.1063	0.0206	3.3585	2.3065	1.0520	1.9380	1.6529	0.2852	1.4205	0.6536	0.7669	0.0789	0.0686	0.1020	0.4972	0.4648	0.6291	0.0095	0.0014	0.0839	0.7324	0.8848	0.3983	0.7510	0.8130	0.3913	0.7071	1.0664	0.4009
84	87	0.2620	3	0	0	0	0	0	0	0	0	N	N	N	N	N	N	N	N	N	N	N	N	0.6830	0.6885	0.6674	1.5741	1.6112	0.3349	0.2136	0.0108	0.6891	0.3634	0.3646	0.3587	0.8859	0.9149	0.1781	0.1045	0.0045	0.3716	0.5321	0.5295	0.5374	0.5628	0.5678	0.5317	0.4894	0.4197	0.5393	0.2386	0.4884	0.0033	-0.5090	0.9441	2.7608	14.0836	22.4044	0.0342	0.0276	0.0066	0.0276	0.0274	0.0002	0.0066	0.0002	0.0064	2.6379	1.7723	0.8656	1.6229	1.4089	0.2140	1.0149	0.3634	0.6516	0.0941	0.0757	0.0184	0.0312	0.0299	0.0012	0.0629	0.0458	0.0171	4.9576	3.3470	1.6106	2.8837	2.4812	0.4025	2.0739	0.8658	1.2081	0.6830	0.6885	0.6674	1.5741	1.6112	0.3349	0.2136	0.0108	0.6891	0.5321	0.5295	0.5374	0.5628	0.5678	0.5317	0.4894	0.4197	0.5393
84	88	0.1322	2	0	0	0	0	0	0	0	0	N	N	N	N	N	N	N	N	N	N	N	N	0.5968	0.5409	0.8285	2.0064	2.0315	0.2082	0.2520	0.0172	0.8468	0.5193	0.4620	0.7458	1.9934	2.0252	0.2107	0.1909	0.0099	0.7544	0.8701	0.8541	0.9002	0.9935	0.9969	1.0121	0.7575	0.5750	0.8909	0.4088	0.5622	0.0175	-0.6873	0.9441	8.8820	14.0836	49.9570	0.0897	0.0637	0.0260	0.0627	0.0626	0.0001	0.0270	0.0011	0.0259	4.2634	2.7291	1.5342	2.3225	2.1073	0.2152	1.9409	0.6219	1.3190	0.1727	0.1378	0.0349	0.0315	0.0309	0.0006	0.1412	0.1069	0.0343	4.8997	3.1954	1.7043	2.3376	2.1138	0.2237	2.5621	1.0815	1.4805	0.5968	0.5409	0.8285	2.0064	2.0315	0.2190	0.2520	0.0172	0.8468	0.8701	0.8541	0.9002	0.9935	0.9969	0.9619	0.7575	0.5750	0.8909
84	89	0.1103	3	1	1	0	1	0	0	0	0	N	N	N	N	N	N	N	N	N	N	N	N	0.0690	0.0306	0.2765	0.2451	0.0935	0.9505	0.0084	0.0000	0.0466	0.1219	0.0409	0.7365	0.3568	0.1268	3.0483	0.0169	0.0000	0.1267	1.7682	1.3349	2.6638	1.4558	1.3563	3.2072	2.0045	1.3061	2.7166	2.3775	0.9652	0.0017	-0.0587	0.9441	0.7962	14.0836	16.9291	0.0027	0.0008	0.0019	0.0025	0.0008	0.0017	0.0003	0.0000	0.0003	1.9611	0.9979	0.9632	0.6955	0.5815	0.1140	1.2657	0.4164	0.8492	0.0225	0.0199	0.0026	0.0070	0.0064	0.0005	0.0156	0.0135	0.0021	1.1091	0.7475	0.3616	0.4777	0.4287	0.0490	0.6314	0.3188	0.3126	0.0690	0.0306	0.2765	0.2451	0.0935	1.3101	0.0084	0.0000	0.0466	1.7682	1.3349	2.6638	1.4558	1.3563	2.3267	2.0045	1.3061	2.7166
84	90	0.1823	8	0	1	0	1	0	0	0	0	N	N	N	N	N	N	N	N	N	N	N	N	0.0000	0.0000	0.0000	0.0000	0.0000	0.0000	0.0000	0.0000	0.0000	0.0000	0.0000	0.0000	0.0000	0.0000	0.0000	0.0000	0.0000	0.0000	0.0000	0.0000	0.9441	0.0000	14.0836	0.0000	0.0000	0.0000	0.0000	0.0000	0.0000	0.0000	0.0000	0.0000	0.0000	0.0000	0.0000	0.0000	0.0000	0.0000	0.0000	0.0000	0.0000	0.0000	0.0000	0.0000	0.0000	0.0000	0.0000	0.0000	0.0000	0.0000	0.0000	0.0000	0.0000	0.0000	0.0000	0.0000	0.0000	0.0000	0.0000	0.0000	0.0000	0.0000	0.0000	0.0000	0.0000	0.0000	0.0000	0.0000	0.0000	0.0000	0.0000	0.0000	0.0000	0.0000	0.0000	0.0000	0.0000	0.0000											
84	91	0.1716	7	0	1	0	1	0	0	0	0	N	N	N	N	N	N	N	N	N	N	N	N	0.0000	0.0000	0.0000	0.0000	0.0000	0.0000	0.0000	0.0000	0.0000	0.0000	0.0000	0.0000	0.0000	0.0000	0.0000	0.0000	0.0000	0.0000	0.0386	0.0560	0.0005	0.0034	0.0037	0.0012	0.0813	0.1773	0.0003	0.0044	0.0000	-0.0048	0.9441	1.0000	14.0836	3.0000	0.0000	0.0000	0.0000	0.0000	0.0000	0.0000	0.0000	0.0000	0.0000	0.0092	0.0092	0.0000	0.0004	0.0004	0.0000	0.0088	0.0087	0.0000	0.0145	0.0129	0.0016	0.0060	0.0056	0.0004	0.0085	0.0073	0.0012	0.2380	0.1636	0.0744	0.1302	0.1143	0.0159	0.1077	0.0493	0.0585	0.0000	0.0000	0.0000	0.0000	0.0000	0.0000	0.0000	0.0000	0.0000	0.0386	0.0560	0.0005	0.0034	0.0037	0.0012	0.0813	0.1773	0.0003	
84	92	0.1651	5	0	1	0	0	0	0	0	0	N	N	N	N	N	N	N	N	N	N	N	N	0.0000	0.0000	0.0000	0.0000	0.0000	0.0000	0.0000	0.0000	0.0000	0.0000	0.0000	0.0000	0.0000	0.0000	0.0000	0.0000	0.0000	0.0000	0.0000	0.0000	0.9441	0.0000	14.0836	0.0000	0.0000	0.0000	0.0000	0.0000	0.0000	0.0000	0.0000	0.0000	0.0000	0.0000	0.0000	0.0000	0.0000	0.0000	0.0000	0.0000	0.0000	0.0000	0.0000	0.0000	0.0000	0.0000	0.0000	0.0000	0.0000	0.0000	0.0000	0.0000	0.0000	0.0000	0.0000	0.0000	0.0000	0.0000	0.0000	0.0000	0.0000	0.0000	0.0000	0.0000	0.0000	0.0000	0.0000	0.0000	0.0000	0.0000	0.0000	0.0000	0.0000	0.0000	0.0000	0.0000	0.0000	0.0000											
84	93	0.1716	7	0	0	1	1	0	0	0	0	N	N	N	N	N	N	N	N	N	N	N	N	0.0000	0.0000	0.0000	0.0000	0.0000	0.0000	0.0000	0.0000	0.0000	0.0000	0.0000	0.0000	0.0000	0.0000	0.0000	0.0000	0.0000	0.0000	0.0000	0.0000	0.9441	0.0000	14.0836	0.0000	0.0000	0.0000	0.0000	0.0000	0.0000	0.0000	0.0000	0.0000	0.0000	0.0000	0.0000	0.0000	0.0000	0.0000	0.0000	0.0000	0.0000	0.0000	0.0000	0.0000	0.0000	0.0000	0.0000	0.0000	0.0000	0.0000	0.0000	0.0000	0.0000	0.0000	0.0000	0.0000	0.0000	0.0000	0.0000	0.0000	0.0000	0.0000	0.0000	0.0000	0.0000	0.0000	0.0000	0.0000	0.0000	0.0000	0.0000	0.0000	0.0000	0.0000	0.0000	0.0000	0.0000	0.0000											
84	94	0.1689	6	0	0	0	1	0	0	0	0	N	N	N	N	N	N	N	N	N	N	N	N	0.0000	0.0000	0.0000	0.0000	0.0000	0.0000	0.0000	0.0000	0.0000	0.0000	0.0000	0.0000	0.0000	0.0000	0.0000	0.0000	0.0606	0.0128	0.1572	0.0157	0.0177	0.0000	0.1142	0.0000	0.1924	6.0904	0.0000	0.0014	0.9441	1.0000	14.0836	0.0097	0.0000	0.0000	0.0000	0.0000	0.0000	0.0000	0.0000	0.0000	0.0000	0.0042	0.0006	0.0036	0.0006	0.0006	0.0000	0.0036	0.0000	0.0036	0.0145	0.0129	0.0016	0.0060	0.0056	0.0004	0.0085	0.0073	0.0012	0.0690	0.0462	0.0229	0.0376	0.0334	0.0042	0.0315	0.0128	0.0187	0.0000	0.0000	0.0000	0.0000	0.0000	0.0000	0.0000	0.0000	0.0000	0.0606	0.0128	0.1572	0.0157	0.0177	0.0000	0.1142	0.0000	0.1924			
84	95	0.1689	6	0	0	1	1	0	0	0	0	N	N	N	N	N	N	N	N	N	N	N	N	1.1671	3.6289	1.3864	6.6909	6.1248	inf	0.3566	0.0000	1.3859	0.0167	0.0122	0.0528	0.0269	0.0280	0.0123	0.0095	0.0000	0.0665	0.0143	0.0034	0.0381	0.0040	0.0046	0.0000	0.0267	0.0005	0.0480	0.5483	5.2524	0.0001	0.0014	0.9441	2.0000	14.0836	3.0050	0.0005	0.0003	0.0002	0.0003	0.0003	0.0000	0.0002	0.0000	0.0002	0.0043	0.0007	0.0036	0.0007	0.0007	0.0000	0.0037	0.0000	0.0036	0.0287	0.0255	0.0032	0.0119	0.0111	0.0008	0.0168	0.0144	0.0024	0.3008	0.2056	0.0952	0.1641	0.1445	0.0197	0.1367	0.0612	0.0755	1.1671	3.6289	1.3864	6.6909	6.1248	inf	0.3566	0.0000	1.3859	0.0143	0.0034	0.0381	0.0040	0.0046	0.0000	0.0267	0.0005	0.0480
84	96	0.1689	6	0	0	1	1	0	0	0	0	N	N	N	N	N	N	N	N	N	N	N	N	0.0000	0.0000	0.0000	0.0000	0.0000	0.0000	0.0000	0.0000	0.0000	0.0000	0.0000	0.0000	0.0000	0.0000	0.0000	0.0000	0.0000	0.0000	1.5167	1.9264	0.6259	2.2940	2.6078	0.0005	0.5869	0.3404	0.7902	0.1495	0.0000	-0.2420	0.9441	0.0000	14.0836	6.9903	0.0000	0.0000	0.0000	0.0000	0.0000	0.0000	0.0000	0.0000	0.0000	0.6189	0.5384	0.0805	0.5099	0.5098	0.0000	0.1091	0.0286	0.0805	0.0000	0.0000	0.0000	0.0000	0.0000	0.0000	0.0000	0.0000	0.0000	0.4081	0.2795	0.1286	0.2223	0.1955	0.0268	0.1858	0.0840	0.1018	0.0000	0.0000	0.0000	0.0000	0.0000	0.0000	0.0000	0.0000	0.0000	1.5167	1.9264	0.6259	2.2940	2.6078	0.0005	0.5869	0.3404	0.7902	
84	97	0.1634	5	0	0	0	1	0	0	0	0	N	N	N	N	N	N	N	N	N	N	N	N	0.0000	0.0000	0.0000	0.0000	0.0000	0.0000	0.0000	0.0000	0.0000	0.0000	0.0000	0.0000	0.0000	0.0000	0.0000	0.0000	0.0000	0.0000	0.0958	0.0817	0.1264	0.0591	0.0663	0.0055	0.1395	0.1175	0.1574	0.7145	0.0000	-0.0013	0.9441	0.9999	14.0836	1.0605	0.0000	0.0000	0.0000	0.0000	0.0000	0.0000	0.0000	0.0000	0.0000	0.0129	0.0075	0.0054	0.0043	0.0043	0.0000	0.0086	0.0033	0.0053	0.0169	0.0151	0.0018	0.0082	0.0076	0.0006	0.0087	0.0074	0.0012	0.1344	0.0919	0.0425	0.0729	0.0642	0.0087	0.0615	0.0277	0.0338	0.0000	0.0000	0.0000	0.0000	0.0000	0.0000	0.0000	0.0000	0.0000	0.0958	0.0817	0.1264	0.0591	0.0663	0.0055	0.1395	0.1175	0.1574	
84	98	0.1613	4	0	0	0	1	0	0	0	0	N	N	N	N	N	N	N	N	N	N	N	N	0.0790	0.0754	0.1089	0.1151	0.0966	0.8509	0.0381	0.0442	0.0354	0.0184	0.0176	0.0254	0.0258	0.0236	0.0625	0.0093	0.0092	0.0097	0.2333	0.2335	0.2331	0.2246	0.2443	0.0735	0.2437	0.2084	0.2728	0.1717	0.4571	0.0000	-0.0036	0.9441	0.0012	14.0836	1.0414	0.0000	0.0000	0.0000	0.0000	0.0000	0.0000	0.0000	0.0000	0.0000	0.0172	0.0118	0.0054	0.0090	0.0086	0.0003	0.0083	0.0032	0.0051	0.0001	0.0001	0.0000	0.0000	0.0000	0.0000	0.0000	0.0000	0.0000	0.0739	0.0507	0.0232	0.0400	0.0354	0.0046	0.0339	0.0153	0.0186	0.0790	0.0754	0.1089	0.1151	0.0966	0.8509	0.0381	0.0442	0.0354	0.2333	0.2335	0.2331	0.2246	0.2443	0.0735	0.2437	0.2084	0.2728
84	99	0.1103	3	1	1	0	0	0	0	0	0	N	N	N	N	N	N	N	N	N	N	N	N	0.1055	0.1403	0.0266	1.2205	1.2266	0.0012	0.0345	0.0364	0.0254	0.0380	0.0417	0.0130	0.1291	0.1377	0.0001	0.0191	0.0199	0.0142	0.3600	0.2970	0.4896	0.1058	0.1122	0.0498	0.5538	0.5483	0.5593	0.0462	0.8001	-0.0001	-0.0249	0.9441	3.2042	14.0836	9.0918	0.0024	0.0023	0.0001	0.0014	0.0014	0.0000	0.0010	0.0009	0.0001	0.3257	0.1809	0.1448	0.0414	0.0394	0.0020	0.2843	0.1415	0.1428	0.0622	0.0542	0.0080	0.0107	0.0100	0.0007	0.0515	0.0442	0.0073	0.9048	0.6092	0.2957	0.3915	0.3510	0.0404	0.5134	0.2581	0.2553	0.1055	0.1403	0.0266	1.2205	1.2266	0.0012	0.0345	0.0364	0.0254	0.3600	0.2970	0.4896	0.1058	0.1122	0.0498	0.5538	0.5483	0.5593
84	100	0.1103	3	0	1	0	0	0	0	0	0	N	N	N	N	N	N	N	N	N	N	N	N	0.2100	0.1034	0.7659	0.4256	0.2242	0.7827	0.0442	0.0001	0.2095	0.1219	0.0409	0.7365	0.3568	0.1268	3.0483	0.0169	0.0000	0.1267	0.5805	0.3953	0.9615	0.8384	0.5655	3.8945	0.3828	0.1622	0.6049	2.3775	1.1823	0.0017	0.0095	0.9441	0.7962	14.0836	10.9291	0.0027	0.0008	0.0019	0.0025	0.0008	0.0017	0.0003	0.0000	0.0003	0.4598	0.2107	0.2491	0.2881	0.1742	0.1139	0.1716	0.0365	0.1351	0.0225	0.0199	0.0026	0.0070	0.0064	0.0005	0.0156	0.0135	0.0021	0.7920	0.5329	0.2590	0.3437	0.3080	0.0356	0.4483	0.2249	0.2234	0.2100	0.1034	0.7659	0.4256	0.2242	0.9532	0.0442	0.0001	0.2095	0.5805	0.3953	0.9615	0.8384	0.5655	3.1981	0.3828	0.1622	0.6049
84	101	0.1682	6	1	1	0	0	0	0	0	0	N	N	N	N	N	N	N	N	N	N	N	N	0.0000	0.0000	0.0000	0.0000	0.0000	0.0000	0.0000	0.0000	0.0000	0.0000	0.0000	0.0000	0.0000	0.0000	0.0000	0.0000	0.0000	0.0000	0.0110	0.0137	0.0053	0.0097	0.0110	0.0000	0.0126	0.0198	0.0067	0.1798	0.0000	-0.0007	0.9441	0.0000	14.0836	3.0000	0.0000	0.0000	0.0000	0.0000	0.0000	0.0000	0.0000	0.0000	0.0000	0.0020	0.0017	0.0003	0.0009	0.0009	0.0000	0.0010	0.0007	0.0003	0.0000	0.0000	0.0000	0.0000	0.0000	0.0000	0.0000	0.0000	0.0000	0.1785	0.1217	0.0568	0.0968	0.0850	0.0118	0.0817	0.0368	0.0450	0.0000	0.0000	0.0000	0.0000	0.0000	0.0000	0.0000	0.0000	0.0000	0.0110	0.0137	0.0053	0.0097	0.0110	0.0000	0.0126	0.0198	0.0067	
84	102	0.1651	5	1	1	0	0	0	0	0	0	N	N	N	N	N	N	N	N	N	N	N	N	0.0000	0.0000	0.0000	0.0000	0.0000	0.0000	0.0000	0.0000	0.0000	0.0000	0.0000	0.0000	0.0000	0.0000	0.0000	0.0000	0.0039	0.0026	0.0066	0.0033	0.0037	0.0000	0.0046	0.0000	0.0083	1.1818	0.0000	0.0000	0.9441	0.0000	14.0836	1.0000	0.0000	0.0000	0.0000	0.0000	0.0000	0.0000	0.0000	0.0000	0.0000	0.0002	0.0001	0.0001	0.0001	0.0001	0.0000	0.0001	0.0000	0.0001	0.0000	0.0000	0.0000	0.0000	0.0000	0.0000	0.0000	0.0000	0.0000	0.0619	0.0422	0.0197	0.0336	0.0295	0.0041	0.0283	0.0127	0.0156	0.0000	0.0000	0.0000	0.0000	0.0000	0.0000	0.0000	0.0000	0.0000	0.0039	0.0026	0.0066	0.0033	0.0037	0.0000	0.0046	0.0000	0.0083			
84	103	0.1613	4	0	1	0	0	0	0	0	0	N	N	N	N	N	N	N	N	N	N	N	N	0.0309	0.0278	0.0267	0.2636	0.2494	0.3326	0.0134	0.0081	0.0251	0.0107	0.0113	0.0058	0.0117	0.0122	0.0035	0.0094	0.0100	0.0067	0.3468	0.4063	0.2167	0.0444	0.0488	0.0106	0.7036	1.2326	0.2679	0.0607	0.2442	-0.0000	-0.0084	0.9441	0.0006	14.0836	1.0534	0.0000	0.0000	0.0000	0.0000	0.0000	0.0000	0.0000	0.0000	0.0000	0.0259	0.0208	0.0051	0.0018	0.0017	0.0000	0.0241	0.0190	0.0050	0.0000	0.0000	0.0000	0.0000	0.0000	0.0000	0.0000	0.0000	0.0000	0.0746	0.0512	0.0234	0.0404	0.0357	0.0047	0.0342	0.0155	0.0188	0.0309	0.0278	0.0267	0.2636	0.2494	0.3326	0.0134	0.0081	0.0251	0.3468	0.4063	0.2167	0.0444	0.0488	0.0106	0.7036	1.2326	0.2679
84	104	0.1103	3	0	0	0	0	0	0	0	0	N	N	N	N	N	N	N	N	N	N	N	N	0.0262	0.0351	0.0033	0.1973	0.1877	0.0029	0.0106	0.0135	0.0030	0.0324	0.0364	0.0054	0.1262	0.1330	0.0001	0.0179	0.0199	0.0057	1.2344	1.0377	1.6415	0.6399	0.7084	0.0385	1.6831	1.4790	1.8919	0.0223	0.7641	-0.0003	-0.1279	0.9441	7.2034	14.0836	9.9858	0.0039	0.0038	0.0001	0.0020	0.0020	0.0000	0.0019	0.0018	0.0001	1.4547	0.8246	0.6301	0.3244	0.3224	0.0020	1.1304	0.5022	0.6281	0.1195	0.1040	0.0155	0.0160	0.0151	0.0008	0.1035	0.0888	0.0147	1.1785	0.7946	0.3839	0.5069	0.4550	0.0519	0.6716	0.3396	0.3320	0.0262	0.0351	0.0033	0.1973	0.1877	0.0029	0.0106	0.0135	0.0030	1.2344	1.0377	1.6415	0.6399	0.7084	0.0385	1.6831	1.4790	1.8919
84	105	0.0890	2	0	0	0	0	0	0	0	0	N	N	N	N	N	N	N	N	N	N	N	N	0.2917	0.3143	0.0499	1.5567	1.5210	0.8511	0.1154	0.1955	0.0344	0.2069	0.2372	0.0312	1.3679	1.4131	0.2974	0.0627	0.0704	0.0228	0.7092	0.7545	0.6249	0.8787	0.9291	0.3495	0.5439	0.3598	0.6635	0.0227	0.4455	-0.0002	-0.2208	0.9441	0.7993	14.0836	5.3573	0.0030	0.0029	0.0001	0.0022	0.0022	0.0000	0.0008	0.0008	0.0000	1.0373	0.7176	0.3197	0.6346	0.6127	0.0220	0.4027	0.1050	0.2977	0.0145	0.0124	0.0021	0.0016	0.0015	0.0001	0.0129	0.0108	0.0021	1.4626	0.9511	0.5115	0.7222	0.6594	0.0628	0.7404	0.2917	0.4487	0.2917	0.3143	0.0499	1.5567	1.5210	0.8511	0.1154	0.1955	0.0344	0.7092	0.7545	0.6249	0.8787	0.9291	0.3495	0.5439	0.3598	0.6635
84	109	0.2146	3	0	0	0	0	0	0	0	0	N	N	N	N	N	N	N	N	N	N	N	N	3.1094	0.1388	6.2082	0.3909	0.4590	0.0129	2.3362	0.0396	5.6994	5.0351	0.0652	23.0510	0.2215	0.2235	0.0284	6.1239	0.0172	23.2601	1.6193	0.4700	3.7130	0.5666	0.4870	2.2032	2.6213	0.4333	4.0812	97.4980	4.3371	0.6933	2.0411	0.9441	7.7801	14.0836	32.2209	0.7753	0.0079	0.7674	0.0063	0.0063	0.0000	0.7690	0.0016	0.7674	7.0009	1.3118	5.6892	1.1947	0.9277	0.2671	5.8062	0.3841	5.4221	0.1540	0.1207	0.0333	0.0284	0.0281	0.0003	0.1256	0.0926	0.0330	4.3234	2.7912	1.5322	2.1084	1.9048	0.2037	2.2150	0.8864	1.3286	3.1094	0.1388	6.2082	0.3909	0.4590	0.0216	2.3362	0.0396	5.6994	1.6193	0.4700	3.7130	0.5666	0.4870	1.3113	2.6213	0.4333	4.0812
85	89	0.5929	6	1	1	0	1	0	0	0	0	N	N	N	N	N	N	N	N	N	N	N	N	0.6847	2.4669	0.0011	2.1307	2.9802	0.0025	0.0082	inf	0.0001	1.3647	1.5832	0.0053	2.6480	3.2048	0.0079	0.0220	0.0244	0.0005	1.9932	0.6418	4.9559	1.2428	1.0754	3.1919	2.6734	0.0000	5.6620	0.0005	3.5225	-0.0630	0.7145	15.0008	0.7962	28.2980	16.9291	0.6631	0.6627	0.0004	0.6579	0.6575	0.0003	0.0052	0.0052	0.0000	2.7714	0.6128	2.1586	0.8215	0.6128	0.2087	1.9499	0.0000	1.9499	0.4859	0.4186	0.0673	0.2484	0.2052	0.0433	0.2375	0.2134	0.0240	1.3904	0.9549	0.4356	0.6611	0.5699	0.0912	0.7294	0.3850	0.3444	0.6847	2.4669	0.0011	2.1307	2.9802	0.0035	0.0082	inf	0.0001	1.9932	0.6418	4.9559	1.2428	1.0754	2.2890	2.6734	0.0000	5.6620
85	90	0.6649	11	0	1	0	1	0	0	0	0	N	N	N	N	N	N	N	N	N	N	N	N	0.0000	0.0000	0.0000	0.0000	0.0000	0.0000	0.0000	0.0000	0.0000	0.0000	0.0000	0.0000	0.0000	0.0000	0.0000	0.0000	0.0000	0.0000	0.0000	0.0000	15.0008	0.0000	28.2980	0.0000	0.0000	0.0000	0.0000	0.0000	0.0000	0.0000	0.0000	0.0000	0.0000	0.0000	0.0000	0.0000	0.0000	0.0000	0.0000	0.0000	0.0000	0.0000	0.0000	0.0000	0.0000	0.0000	0.0000	0.0000	0.0000	0.0000	0.0000	0.0000	0.0000	0.0000	0.0000	0.0000	0.0000	0.0000	0.0000	0.0000	0.0000	0.0000	0.0000	0.0000	0.0000	0.0000	0.0000	0.0000	0.0000	0.0000	0.0000	0.0000	0.0000	0.0000	0.0000	0.0000	0.0000	0.0000											
85	91	0.6542	10	0	1	0	1	0	0	0	0	N	N	N	N	N	N	N	N	N	N	N	N	0.0000	0.0000	0.0000	0.0000	0.0000	0.0000	0.0000	0.0000	0.0000	0.0000	0.0000	0.0000	0.0000	0.0000	0.0000	0.0017	0.0024	0.0000	0.0031	0.0036	0.0000	0.0002	0.0005	0.0000	0.0000	0.0000	-0.0002	15.0008	1.0000	28.2980	3.0000	0.0000	0.0000	0.0000	0.0000	0.0000	0.0000	0.0000	0.0000	0.0000	0.0004	0.0004	0.0000	0.0004	0.0004	0.0000	0.0000	0.0000	0.0000	0.1904	0.1720	0.0184	0.0934	0.0868	0.0065	0.0971	0.0852	0.0119	0.2437	0.1713	0.0724	0.1215	0.1051	0.0164	0.1222	0.0663	0.0559	0.0000	0.0000	0.0000	0.0000	0.0000	0.0000	0.0000	0.0000	0.0000	0.0017	0.0024	0.0000	0.0031	0.0036	0.0000	0.0002	0.0005	0.0000				
85	92	0.6477	8	0	1	0	0	0	0	0	0	N	N	N	N	N	N	N	N	N	N	N	N	0.0000	0.0000	0.0000	0.0000	0.0000	0.0000	0.0000	0.0000	0.0000	0.0000	0.0000	0.0000	0.0000	0.0000	0.0000	0.0000	0.0000	0.0000	0.0000	0.0000	15.0008	0.0000	28.2980	0.0000	0.0000	0.0000	0.0000	0.0000	0.0000	0.0000	0.0000	0.0000	0.0000	0.0000	0.0000	0.0000	0.0000	0.0000	0.0000	0.0000	0.0000	0.0000	0.0000	0.0000	0.0000	0.0000	0.0000	0.0000	0.0000	0.0000	0.0000	0.0000	0.0000	0.0000	0.0000	0.0000	0.0000	0.0000	0.0000	0.0000	0.0000	0.0000	0.0000	0.0000	0.0000	0.0000	0.0000	0.0000	0.0000	0.0000	0.0000	0.0000	0.0000	0.0000	0.0000	0.0000	0.0000	0.0000											
85	93	0.6542	10	0	0	1	1	0	0	0	0	N	N	N	N	N	N	N	N	N	N	N	N	0.0000	0.0000	0.0000	0.0000	0.0000	0.0000	0.0000	0.0000	0.0000	0.0000	0.0000	0.0000	0.0000	0.0000	0.0000	0.0000	0.0000	0.0000	0.0000	0.0000	15.0008	0.0000	28.2980	0.0000	0.0000	0.0000	0.0000	0.0000	0.0000	0.0000	0.0000	0.0000	0.0000	0.0000	0.0000	0.0000	0.0000	0.0000	0.0000	0.0000	0.0000	0.0000	0.0000	0.0000	0.0000	0.0000	0.0000	0.0000	0.0000	0.0000	0.0000	0.0000	0.0000	0.0000	0.0000	0.0000	0.0000	0.0000	0.0000	0.0000	0.0000	0.0000	0.0000	0.0000	0.0000	0.0000	0.0000	0.0000	0.0000	0.0000	0.0000	0.0000	0.0000	0.0000	0.0000	0.0000	0.0000	0.0000											
85	94	0.6516	9	0	0	0	1	0	0	0	0	N	N	N	N	N	N	N	N	N	N	N	N	0.0000	0.0000	0.0000	0.0000	0.0000	0.0000	0.0000	0.0000	0.0000	0.0000	0.0000	0.0000	0.0000	0.0000	0.0000	0.0000	0.0615	0.0001	0.1948	0.0001	0.0002	0.0000	0.1229	0.0000	0.2419	893.6711	0.0000	0.0021	15.0008	1.0000	28.2980	0.0097	0.0000	0.0000	0.0000	0.0000	0.0000	0.0000	0.0000	0.0000	0.0000	0.0043	0.0000	0.0043	0.0000	0.0000	0.0000	0.0043	0.0000	0.0043	0.1904	0.1720	0.0184	0.0933	0.0868	0.0065	0.0971	0.0852	0.0119	0.0700	0.0480	0.0221	0.0350	0.0307	0.0043	0.0350	0.0172	0.0178	0.0000	0.0000	0.0000	0.0000	0.0000	0.0000	0.0000	0.0000	0.0000	0.0615	0.0001	0.1948	0.0001	0.0002	0.0000	0.1229	0.0000	0.2419			
85	95	0.6516	9	0	0	1	1	0	0	0	0	N	N	N	N	N	N	N	N	N	N	N	N	88.6665	1.0846	301.9381	3.3730	1.3329	9.4234	106.2195	408.5179	1.9881	0.0029	20.6010	0.0283	0.0058	0.3279	3.8610	0.0000	31.7065	0.0224	0.0027	0.0682	0.0084	0.0044	0.0348	0.0363	0.0000	0.0776	753.1414	10.9270	0.6743	0.0027	15.0008	2.0000	28.2980	3.0050	0.7466	0.0010	0.7456	0.0052	0.0010	0.0042	0.7414	0.0000	0.7414	0.0069	0.0006	0.0063	0.0013	0.0006	0.0007	0.0056	0.0000	0.0056	0.3755	0.3393	0.0362	0.1835	0.1707	0.0128	0.1920	0.1686	0.0234	0.3085	0.2156	0.0929	0.1536	0.1333	0.0204	0.1549	0.0823	0.0725	88.6665	1.0846	301.9381	3.3730	1.3329	9.4234	106.2195	0.0000	408.5179	0.0224	0.0027	0.0682	0.0084	0.0044	0.0348	0.0363	0.0000	0.0776	
85	96	0.6516	9	0	0	1	1	0	0	0	0	N	N	N	N	N	N	N	N	N	N	N	N	0.0000	0.0000	0.0000	0.0000	0.0000	0.0000	0.0000	0.0000	0.0000	0.0000	0.0000	0.0000	0.0000	0.0000	0.0000	0.0000	0.0000	0.0000	2.9767	4.2456	0.0161	3.8035	4.3841	0.0255	2.1600	4.0239	0.0135	0.0016	0.0000	-0.6500	15.0008	0.0000	28.2980	6.9903	0.0000	0.0000	0.0000	0.0000	0.0000	0.0000	0.0000	0.0000	0.0000	1.2513	1.2493	0.0020	0.7945	0.7938	0.0007	0.4568	0.4555	0.0013	0.0000	0.0000	0.0000	0.0000	0.0000	0.0000	0.0000	0.0000	0.0000	0.4204	0.2943	0.1261	0.2089	0.1811	0.0278	0.2115	0.1132	0.0983	0.0000	0.0000	0.0000	0.0000	0.0000	0.0000	0.0000	0.0000	0.0000	2.9767	4.2456	0.0161	3.8035	4.3841	0.0255	2.1600	4.0239	0.0135	
85	97	0.6460	8	0	0	0	1	0	0	0	0	N	N	N	N	N	N	N	N	N	N	N	N	0.0000	0.0000	0.0000	0.0000	0.0000	0.0000	0.0000	0.0000	0.0000	0.0000	0.0000	0.0000	0.0000	0.0000	0.0000	0.0000	0.0000	0.0000	0.0414	0.0445	0.0339	0.0637	0.0724	0.0019	0.0194	0.0000	0.0422	0.3158	0.0000	-0.0017	15.0008	0.9999	28.2980	1.0605	0.0000	0.0000	0.0000	0.0000	0.0000	0.0000	0.0000	0.0000	0.0000	0.0059	0.0045	0.0014	0.0045	0.0045	0.0000	0.0014	0.0000	0.0014	0.2514	0.2287	0.0227	0.1510	0.1407	0.0104	0.1003	0.0880	0.0123	0.1426	0.1008	0.0418	0.0706	0.0619	0.0087	0.0720	0.0389	0.0331	0.0000	0.0000	0.0000	0.0000	0.0000	0.0000	0.0000	0.0000	0.0000	0.0414	0.0445	0.0339	0.0637	0.0724	0.0019	0.0194	0.0000	0.0422	
85	98	0.6439	7	0	0	0	1	0	0	0	0	N	N	N	N	N	N	N	N	N	N	N	N	3.3488	5.5749	0.4194	4.6428	4.7882	1.6394	1.0990	24816.5631	0.1494	0.1393	0.1501	0.0332	0.2015	0.2100	0.0652	0.0437	0.0489	0.0133	0.0416	0.0269	0.0792	0.0434	0.0439	0.0398	0.0398	0.0000	0.0889	0.0226	1.1471	-0.0000	0.0000	15.0008	0.0012	28.2980	1.0414	0.0001	0.0001	0.0000	0.0001	0.0001	0.0000	0.0000	0.0000	0.0000	0.0034	0.0016	0.0018	0.0018	0.0016	0.0002	0.0016	0.0000	0.0016	0.0009	0.0009	0.0001	0.0006	0.0005	0.0000	0.0004	0.0003	0.0001	0.0812	0.0584	0.0228	0.0403	0.0358	0.0045	0.0408	0.0226	0.0183	3.3488	5.5749	0.4194	4.6428	4.7882	1.6394	1.0990	24816.5631	0.1494	0.0416	0.0269	0.0792	0.0434	0.0439	0.0398	0.0398	0.0000	0.0889
85	99	0.5929	6	1	1	0	0	0	0	0	0	N	N	N	N	N	N	N	N	N	N	N	N	0.2194	0.2548	0.0000	0.8523	4.0123	0.0000	0.1112	0.0851	0.0000	0.2924	0.3351	0.0000	0.4307	0.5045	0.0000	0.2324	0.2639	0.0000	1.3324	1.3153	1.3699	0.5054	0.1257	3.2580	2.0903	3.1003	0.9669	0.0000	0.4743	-0.0291	-0.3009	15.0008	3.2042	28.2980	9.0918	0.3041	0.3041	0.0000	0.1355	0.1355	0.0000	0.1686	0.1686	0.0000	1.5093	1.0237	0.4856	0.2738	0.0587	0.2150	1.2355	0.9650	0.2705	1.0400	0.9074	0.1326	0.3146	0.2686	0.0460	0.7254	0.6388	0.0866	1.1328	0.7783	0.3544	0.5417	0.4671	0.0746	0.5911	0.3113	0.2798	0.2194	0.2548	0.0000	0.8523	4.0123	0.0000	0.1112	0.0851	0.0000	1.3324	1.3153	1.3699	0.5054	0.1257	2.8812	2.0903	3.1003	0.9669
85	100	0.5929	6	0	1	0	0	0	0	0	0	N	N	N	N	N	N	N	N	N	N	N	N	0.4591	0.7198	0.0011	1.7658	2.5878	0.0022	0.0051	0.0067	0.0001	1.3647	1.5832	0.0053	2.6480	3.2048	0.0079	0.0220	0.0244	0.0005	2.9728	2.1996	4.6726	1.4996	1.2384	3.5458	4.3324	3.6543	5.0842	0.0005	0.9664	-0.0630	-0.0873	15.0008	0.7962	28.2980	10.9291	0.6631	0.6627	0.0004	0.6579	0.6575	0.0003	0.0052	0.0052	0.0000	2.9466	1.4985	1.4481	0.7133	0.5080	0.2053	2.2333	0.9904	1.2428	0.4859	0.4186	0.0673	0.2484	0.2052	0.0433	0.2375	0.2134	0.0240	0.9912	0.6813	0.3099	0.4757	0.4102	0.0655	0.5155	0.2710	0.2445	0.4591	0.7198	0.0011	1.7658	2.5878	0.0025	0.0051	0.0067	0.0001	2.9728	2.1996	4.6726	1.4996	1.2384	3.1359	4.3324	3.6543	5.0842
85	101	0.6508	9	1	1	0	0	0	0	0	0	N	N	N	N	N	N	N	N	N	N	N	N	0.0000	0.0000	0.0000	0.0000	0.0000	0.0000	0.0000	0.0000	0.0000	0.0000	0.0000	0.0000	0.0000	0.0000	0.0000	0.0000	0.0000	0.3208	0.0782	0.8740	0.2262	0.1257	0.9985	0.4157	0.0000	0.8767	4.9039	0.0000	0.0183	15.0008	0.0000	28.2980	3.0000	0.0000	0.0000	0.0000	0.0000	0.0000	0.0000	0.0000	0.0000	0.0000	0.0590	0.0100	0.0490	0.0208	0.0100	0.0108	0.0382	0.0000	0.0382	0.0000	0.0000	0.0000	0.0000	0.0000	0.0000	0.0000	0.0000	0.0000	0.1838	0.1278	0.0561	0.0920	0.0795	0.0125	0.0918	0.0483	0.0435	0.0000	0.0000	0.0000	0.0000	0.0000	0.0000	0.0000	0.0000	0.0000	0.3208	0.0782	0.8740	0.2262	0.1257	0.8647	0.4157	0.0000	0.8767		
85	102	0.6477	8	1	1	0	0	0	0	0	0	N	N	N	N	N	N	N	N	N	N	N	N	0.0000	0.0000	0.0000	0.0000	0.0000	0.0000	0.0000	0.0000	0.0000	0.0000	0.0000	0.0000	0.0000	0.0277	0.0399	0.0000	0.0554	0.0641	0.0000	0.0000	0.0000	0.0000	0.0000	0.0000	-0.0009	15.0008	0.0000	28.2980	1.0000	0.0000	0.0000	0.0000	0.0000	0.0000	0.0000	0.0000	0.0000	0.0000	0.0018	0.0018	0.0000	0.0018	0.0018	0.0000	0.0000	0.0000	0.0000	0.0000	0.0000	0.0000	0.0000	0.0000	0.0000	0.0000	0.0000	0.0000	0.0635	0.0441	0.0194	0.0318	0.0275	0.0043	0.0317	0.0166	0.0150	0.0000	0.0000	0.0000	0.0000	0.0000	0.0000	0.0000	0.0000	0.0000	0.0277	0.0399	0.0000	0.0554	0.0641	0.0000	0.0000	0.0000	0.0000						
85	103	0.6439	7	0	1	0	0	0	0	0	0	N	N	N	N	N	N	N	N	N	N	N	N	1.9312	3.7835	0.0000	2.5945	2.6369	0.0000	1.2453	34316.4266	0.0000	0.0664	0.0732	0.0000	0.0784	0.0831	0.0000	0.0479	0.0563	0.0000	0.0344	0.0193	0.0728	0.0302	0.0315	0.0199	0.0385	0.0000	0.0859	0.0000	1.4705	-0.0000	0.0002	15.0008	0.0006	28.2980	1.0534	0.0001	0.0001	0.0000	0.0000	0.0000	0.0000	0.0000	0.0000	0.0000	0.0028	0.0011	0.0017	0.0012	0.0011	0.0001	0.0016	0.0000	0.0016	0.0008	0.0007	0.0001	0.0005	0.0005	0.0000	0.0003	0.0003	0.0000	0.0819	0.0589	0.0230	0.0407	0.0361	0.0045	0.0412	0.0227	0.0184	1.9312	3.7835	0.0000	2.5945	2.6369	0.0000	1.2453	34316.4266	0.0000	0.0344	0.0193	0.0728	0.0302	0.0315	0.0199	0.0385	0.0000	0.0859
85	104	0.5929	6	0	0	0	0	0	0	0	0	N	N	N	N	N	N	N	N	N	N	N	N	0.1294	7.8381	0.0000	1.1295	10.2318	0.0000	0.0513	2311.0213	0.0000	0.1776	0.2022	0.0000	0.3882	0.4427	0.0000	0.1181	0.1345	0.0000	1.3726	0.0258	4.3236	0.3437	0.0433	3.1914	2.3019	0.0001	4.8791	0.0000	76.4825	-0.0310	0.9456	15.0008	7.2034	28.2980	9.9858	0.3248	0.3248	0.0000	0.1562	0.1562	0.0000	0.1686	0.1686	0.0000	2.0292	0.0262	2.0030	0.2411	0.0262	0.2150	1.7881	0.0000	1.7881	1.8290	1.6059	0.2231	0.4024	0.3528	0.0495	1.4267	1.2530	0.1736	1.4783	1.0151	0.4633	0.7015	0.6047	0.0968	0.7768	0.4103	0.3665	0.1294	7.8381	0.0000	1.1295	10.2318	0.0000	0.0513	2311.0213	0.0000	1.3726	0.0258	4.3236	0.3437	0.0433	2.2207	2.3019	0.0001	4.8791
85	105	0.5716	5	0	0	0	0	0	0	0	0	N	N	N	N	N	N	N	N	N	N	N	N	9.5723	23.9137	0.0008	18.1801	41.5506	0.0009	11.0325	294.2758	0.0005	2.9544	3.4116	0.0006	7.3859	8.5648	0.0023	2.0381	2.3516	0.0002	0.3086	0.1427	0.6987	0.4063	0.2061	2.5418	0.1847	0.0080	0.3686	0.0000	2.0840	-0.0631	0.0708	15.0008	0.7993	28.2980	5.3573	0.6602	0.6602	0.0000	0.2828	0.2828	0.0000	0.3774	0.3774	0.0000	0.4576	0.1484	0.3092	0.3369	0.1457	0.1912	0.1207	0.0027	0.1181	0.2235	0.1935	0.0300	0.0383	0.0330	0.0053	0.1852	0.1605	0.0247	1.4827	1.0401	0.4426	0.8293	0.7069	0.1223	0.6534	0.3331	0.3203	9.5723	23.9137	0.0008	18.1801	41.5506	0.0015	11.0325	294.2758	0.0005	0.3086	0.1427	0.6987	0.4063	0.2061	1.5627	0.1847	0.0080	0.3686
85	106	0.5102	4	0	0	0	0	0	0	0	0	N	N	N	N	N	N	N	N	N	N	N	N	2.3439	2.2131	0.0297	0.3789	0.3778	0.0119	5.3570	4.8283	0.0472	1.0592	1.2090	0.0072	0.2493	0.2579	0.0061	1.1195	1.2877	0.0072	0.4519	0.5463	0.2428	0.6579	0.6826	0.5114	0.2090	0.2667	0.1531	0.0008	0.2005	-0.0943	-0.5949	15.0008	4.1241	28.2980	16.2542	0.9959	0.9951	0.0008	0.0163	0.0162	0.0000	0.9797	0.9789	0.0008	1.6804	1.3997	0.2807	1.3238	1.1758	0.1480	0.3567	0.2240	0.1327	0.9403	0.8231	0.1172	0.0652	0.0630	0.0022	0.8751	0.7601	0.1150	3.7186	2.5623	1.1563	2.0120	1.7226	0.2894	1.7066	0.8397	0.8669	2.3439	2.2131	0.0297	0.3789	0.3778	0.0119	5.3570	4.8283	0.0472	0.4519	0.5463	0.2428	0.6579	0.6826	0.5114	0.2090	0.2667	0.1531
85	107	0.4056	3	0	0	0	0	0	0	0	0	N	N	N	N	N	N	N	N	N	N	N	N	0.1252	0.1456	0.0084	0.7577	0.8002	0.0124	0.0816	0.1248	0.0089	0.0483	0.0546	0.0034	0.3511	0.3657	0.0062	0.0242	0.0273	0.0033	0.3853	0.3750	0.4083	0.4634	0.4571	0.4995	0.2968	0.2191	0.3769	0.0088	0.4885	-0.0079	-0.3841	15.0008	8.6998	28.2980	27.8967	0.0909	0.0901	0.0008	0.0486	0.0486	0.0000	0.0422	0.0415	0.0008	1.9912	1.3378	0.6535	1.2728	1.0684	0.2044	0.7185	0.2694	0.4491	1.8834	1.6499	0.2334	0.1385	0.1329	0.0056	1.7448	1.5170	0.2278	5.1677	3.5670	1.6007	2.7467	2.3375	0.4091	2.4210	1.2295	1.1915	0.1252	0.1456	0.0084	0.7577	0.8002	0.0124	0.0816	0.1248	0.0089	0.3853	0.3750	0.4083	0.4634	0.4571	0.4995	0.2968	0.2191	0.3769
85	109	0.4880	4	0	0	0	0	0	0	0	0	N	N	N	N	N	N	N	N	N	N	N	N	0.7323	1.0467	0.0003	0.9430	0.9459	0.0108	0.5283	0.8053	0.0002	0.6225	0.7090	0.0004	0.5054	0.5240	0.0047	0.6309	0.7237	0.0003	0.8501	0.6774	1.2370	0.5360	0.5540	0.4346	1.1943	0.8986	1.5128	0.0001	0.8154	-0.0999	-0.3081	15.0008	7.7801	28.2980	32.2209	1.0465	1.0464	0.0001	0.0566	0.0566	0.0000	0.9899	0.9898	0.0001	4.2847	2.3602	1.9246	1.4122	1.2392	0.1730	2.8725	1.1210	1.7516	1.6810	1.4758	0.2052	0.1120	0.1079	0.0040	1.5690	1.3678	0.2012	5.0401	3.4843	1.5559	2.6349	2.2369	0.3980	2.4052	1.2474	1.1578	0.7323	1.0467	0.0003	0.9430	0.9459	0.0108	0.5283	0.8053	0.0002	0.8501	0.6774	1.2370	0.5360	0.5540	0.4346	1.1943	0.8986	1.5128
86	89	0.6033	6	1	1	0	1	0	0	0	0	N	N	N	N	N	N	N	N	N	N	N	N	0.4219	1.1532	0.0009	1.0450	1.4127	0.0022	0.0091	0.1432	0.0001	1.1527	1.3793	0.0056	1.9357	2.4542	0.0072	0.0331	0.0366	0.0008	2.7322	1.1961	6.3441	1.8523	1.7373	3.2249	3.6544	0.2556	7.4084	0.0008	2.2559	-0.0419	0.6356	10.8154	0.7962	27.4443	16.9291	0.4422	0.4418	0.0004	0.4370	0.4366	0.0003	0.0052	0.0052	0.0000	3.7000	1.1364	2.5636	1.2836	1.0477	0.2359	2.4164	0.0887	2.3277	0.3836	0.3203	0.0633	0.2257	0.1779	0.0478	0.1579	0.1424	0.0155	1.3542	0.9501	0.4041	0.6930	0.6031	0.0899	0.6612	0.3470	0.3142	0.4219	1.1532	0.0009	1.0450	1.4127	0.0027	0.0091	0.1432	0.0001	2.7322	1.1961	6.3441	1.8523	1.7373	2.6242	3.6544	0.2556	7.4084
86	90	0.6753	11	0	1	0	1	0	0	0	0	N	N	N	N	N	N	N	N	N	N	N	N	0.0000	0.0000	0.0000	0.0000	0.0000	0.0000	0.0000	0.0000	0.0000	0.0000	0.0000	0.0000	0.0000	0.0000	0.0000	0.0000	0.0000	0.0000	0.0000	0.0000	10.8154	0.0000	27.4443	0.0000	0.0000	0.0000	0.0000	0.0000	0.0000	0.0000	0.0000	0.0000	0.0000	0.0000	0.0000	0.0000	0.0000	0.0000	0.0000	0.0000	0.0000	0.0000	0.0000	0.0000	0.0000	0.0000	0.0000	0.0000	0.0000	0.0000	0.0000	0.0000	0.0000	0.0000	0.0000	0.0000	0.0000	0.0000	0.0000	0.0000	0.0000	0.0000	0.0000	0.0000	0.0000	0.0000	0.0000	0.0000	0.0000	0.0000	0.0000	0.0000	0.0000	0.0000	0.0000	0.0000	0.0000	0.0000											
86	91	0.6645	10	0	1	0	1	0	0	0	0	N	N	N	N	N	N	N	N	N	N	N	N	0.0000	0.0000	0.0000	0.0000	0.0000	0.0000	0.0000	0.0000	0.0000	0.0000	0.0000	0.0000	0.0000	0.0000	0.0000	0.0018	0.0025	0.0000	0.0031	0.0035	0.0000	0.0003	0.0005	0.0000	0.0000	0.0000	-0.0002	10.8154	1.0000	27.4443	3.0000	0.0000	0.0000	0.0000	0.0000	0.0000	0.0000	0.0000	0.0000	0.0000	0.0004	0.0004	0.0000	0.0004	0.0004	0.0000	0.0000	0.0000	0.0000	0.1105	0.0993	0.0112	0.0562	0.0522	0.0040	0.0542	0.0470	0.0072	0.2317	0.1652	0.0665	0.1230	0.1072	0.0158	0.1087	0.0580	0.0507	0.0000	0.0000	0.0000	0.0000	0.0000	0.0000	0.0000	0.0000	0.0000	0.0018	0.0025	0.0000	0.0031	0.0035	0.0000	0.0003	0.0005	0.0000				
86	92	0.6580	8	0	1	0	0	0	0	0	0	N	N	N	N	N	N	N	N	N	N	N	N	0.0000	0.0000	0.0000	0.0000	0.0000	0.0000	0.0000	0.0000	0.0000	0.0000	0.0000	0.0000	0.0000	0.0000	0.0000	0.0000	0.0000	0.0000	0.0000	0.0000	10.8154	0.0000	27.4443	0.0000	0.0000	0.0000	0.0000	0.0000	0.0000	0.0000	0.0000	0.0000	0.0000	0.0000	0.0000	0.0000	0.0000	0.0000	0.0000	0.0000	0.0000	0.0000	0.0000	0.0000	0.0000	0.0000	0.0000	0.0000	0.0000	0.0000	0.0000	0.0000	0.0000	0.0000	0.0000	0.0000	0.0000	0.0000	0.0000	0.0000	0.0000	0.0000	0.0000	0.0000	0.0000	0.0000	0.0000	0.0000	0.0000	0.0000	0.0000	0.0000	0.0000	0.0000	0.0000	0.0000	0.0000	0.0000											
86	93	0.6645	10	0	0	1	1	0	0	0	0	N	N	N	N	N	N	N	N	N	N	N	N	0.0000	0.0000	0.0000	0.0000	0.0000	0.0000	0.0000	0.0000	0.0000	0.0000	0.0000	0.0000	0.0000	0.0000	0.0000	0.0000	0.0000	0.0000	0.0000	0.0000	10.8154	0.0000	27.4443	0.0000	0.0000	0.0000	0.0000	0.0000	0.0000	0.0000	0.0000	0.0000	0.0000	0.0000	0.0000	0.0000	0.0000	0.0000	0.0000	0.0000	0.0000	0.0000	0.0000	0.0000	0.0000	0.0000	0.0000	0.0000	0.0000	0.0000	0.0000	0.0000	0.0000	0.0000	0.0000	0.0000	0.0000	0.0000	0.0000	0.0000	0.0000	0.0000	0.0000	0.0000	0.0000	0.0000	0.0000	0.0000	0.0000	0.0000	0.0000	0.0000	0.0000	0.0000	0.0000	0.0000	0.0000	0.0000											
86	94	0.6619	9	0	0	0	1	0	0	0	0	N	N	N	N	N	N	N	N	N	N	N	N	0.0000	0.0000	0.0000	0.0000	0.0000	0.0000	0.0000	0.0000	0.0000	0.0000	0.0000	0.0000	0.0000	0.0451	0.0651	0.0000	0.0852	0.0964	0.0000	0.0000	0.0000	0.0000	0.0000	0.0000	-0.0016	10.8154	1.0000	27.4443	0.0097	0.0000	0.0000	0.0000	0.0000	0.0000	0.0000	0.0000	0.0000	0.0000	0.0030	0.0030	0.0000	0.0030	0.0030	0.0000	0.0000	0.0000	0.0000	0.1104	0.0993	0.0112	0.0562	0.0522	0.0040	0.0542	0.0471	0.0072	0.0673	0.0465	0.0207	0.0356	0.0314	0.0041	0.0317	0.0151	0.0166	0.0000	0.0000	0.0000	0.0000	0.0000	0.0000	0.0000	0.0000	0.0000	0.0451	0.0651	0.0000	0.0852	0.0964	0.0000	0.0000	0.0000	0.0000						
86	95	0.6619	9	0	0	1	1	0	0	0	0	N	N	N	N	N	N	N	N	N	N	N	N	62.0372	76.4519	0.0000	84.6960	95.3163	0.0000	0.0000	0.0000	1.1920	1.3258	0.0000	2.3493	2.5283	0.0000	0.0000	0.0000	0.0000	0.0192	0.0173	0.0238	0.0277	0.0265	0.0362	0.0096	0.0000	0.0201	0.0000	0.5644	-0.0248	-0.0009	10.8154	2.0000	27.4443	3.0050	0.2596	0.2596	0.0000	0.2596	0.2596	0.0000	0.0000	0.0000	0.0000	0.0056	0.0036	0.0020	0.0043	0.0036	0.0007	0.0013	0.0000	0.0013	0.2177	0.1958	0.0220	0.1105	0.1027	0.0078	0.1073	0.0931	0.0141	0.2936	0.2079	0.0856	0.1555	0.1359	0.0196	0.1380	0.0720	0.0661	62.0372	76.4519	0.0000	84.6960	95.3163	0.0000	0.0000	0.0000	0.0000	0.0192	0.0173	0.0238	0.0277	0.0265	0.0362	0.0096	0.0000	0.0201	
86	96	0.6619	9	0	0	1	1	0	0	0	0	N	N	N	N	N	N	N	N	N	N	N	N	0.0000	0.0000	0.0000	0.0000	0.0000	0.0000	0.0000	0.0000	0.0000	0.0000	0.0000	0.0000	0.0000	0.0000	0.0000	0.0000	0.0000	0.0000	3.0201	2.8017	3.5540	1.6038	1.8325	0.0265	4.6119	4.6117	4.6121	0.5190	0.0000	-0.2162	10.8154	0.0000	27.4443	6.9903	0.0000	0.0000	0.0000	0.0000	0.0000	0.0000	0.0000	0.0000	0.0000	1.2053	0.7935	0.4118	0.3387	0.3380	0.0007	0.8666	0.4555	0.4111	0.0000	0.0000	0.0000	0.0000	0.0000	0.0000	0.0000	0.0000	0.0000	0.3991	0.2832	0.1159	0.2112	0.1845	0.0267	0.1879	0.0988	0.0891	0.0000	0.0000	0.0000	0.0000	0.0000	0.0000	0.0000	0.0000	0.0000	3.0201	2.8017	3.5540	1.6038	1.8325	0.0265	4.6119	4.6117	4.6121	
86	97	0.6563	8	0	0	0	1	0	0	0	0	N	N	N	N	N	N	N	N	N	N	N	N	0.0000	0.0000	0.0000	0.0000	0.0000	0.0000	0.0000	0.0000	0.0000	0.0000	0.0000	0.0000	0.0000	0.0000	0.0000	0.0000	0.0000	0.0000	0.0359	0.0183	0.0791	0.0250	0.0282	0.0015	0.0479	0.0000	0.1007	1.7547	0.0000	0.0006	10.8154	0.9999	27.4443	1.0605	0.0000	0.0000	0.0000	0.0000	0.0000	0.0000	0.0000	0.0000	0.0000	0.0048	0.0017	0.0030	0.0017	0.0017	0.0000	0.0030	0.0000	0.0030	0.1612	0.1466	0.0146	0.1050	0.0979	0.0071	0.0562	0.0488	0.0075	0.1330	0.0946	0.0384	0.0698	0.0614	0.0084	0.0632	0.0331	0.0301	0.0000	0.0000	0.0000	0.0000	0.0000	0.0000	0.0000	0.0000	0.0000	0.0359	0.0183	0.0791	0.0250	0.0282	0.0015	0.0479	0.0000	0.1007	
86	98	0.6542	7	0	0	0	1	0	0	0	0	N	N	N	N	N	N	N	N	N	N	N	N	3.5939	6.4395	1.7078	5.5741	5.4305	7.7514	1.2088	661.2265	0.2251	0.1507	0.1505	0.1524	0.2043	0.1956	0.3237	0.0577	0.0642	0.0229	0.0419	0.0234	0.0892	0.0367	0.0360	0.0418	0.0478	0.0001	0.1018	0.1136	1.4980	0.0000	0.0002	10.8154	0.0012	27.4443	1.0414	0.0001	0.0001	0.0000	0.0001	0.0001	0.0000	0.0000	0.0000	0.0000	0.0031	0.0012	0.0019	0.0014	0.0012	0.0002	0.0017	0.0000	0.0017	0.0006	0.0005	0.0001	0.0004	0.0004	0.0000	0.0002	0.0002	0.0000	0.0741	0.0532	0.0209	0.0389	0.0345	0.0044	0.0352	0.0187	0.0165	3.5939	6.4395	1.7078	5.5741	5.4305	7.7514	1.2088	661.2265	0.2251	0.0419	0.0234	0.0892	0.0367	0.0360	0.0418	0.0478	0.0001	0.1018
86	99	0.6033	6	1	1	0	0	0	0	0	0	N	N	N	N	N	N	N	N	N	N	N	N	0.5795	4.2779	0.0000	0.2785	1.3332	0.0000	0.7647	inf	0.0000	0.2862	0.3343	0.0000	0.1351	0.1635	0.0000	0.3848	0.4394	0.0000	0.4939	0.0781	1.4712	0.4851	0.1226	3.2604	0.5032	0.0000	1.0560	0.0000	8.0083	-0.0198	0.2010	10.8154	3.2042	27.4443	9.0918	0.2072	0.2072	0.0000	0.0386	0.0386	0.0000	0.1686	0.1686	0.0000	0.5462	0.0606	0.4856	0.2757	0.0606	0.2150	0.2705	0.0000	0.2705	0.7238	0.6197	0.1041	0.2857	0.2361	0.0496	0.4381	0.3836	0.0545	1.1060	0.7759	0.3301	0.5683	0.4944	0.0739	0.5377	0.2815	0.2562	0.5795	4.2779	0.0000	0.2785	1.3332	0.0000	0.7647	inf	0.0000	0.4939	0.0781	1.4712	0.4851	0.1226	2.9110	0.5032	0.0000	1.0560
86	100	0.6033	6	0	1	0	0	0	0	0	0	N	N	N	N	N	N	N	N	N	N	N	N	1.1077	1.7422	0.0035	1.2996	1.9801	0.0019	0.0587	953.6409	0.0007	1.1527	1.3793	0.0056	1.9357	2.4542	0.0072	0.0331	0.0366	0.0008	1.0406	0.7917	1.6255	1.4895	1.2394	3.7537	0.5636	0.0000	1.1807	0.0008	0.8735	-0.0419	-0.0553	10.8154	0.7962	27.4443	10.9291	0.4422	0.4418	0.0004	0.4370	0.4366	0.0003	0.0052	0.0052	0.0000	1.0082	0.5381	0.4700	0.7434	0.5381	0.2053	0.2647	0.0000	0.2647	0.3836	0.3203	0.0633	0.2257	0.1779	0.0478	0.1579	0.1424	0.0155	0.9689	0.6797	0.2892	0.4991	0.4342	0.0650	0.4697	0.2455	0.2242	1.1077	1.7422	0.0035	1.2996	1.9801	0.0023	0.0587	953.6409	0.0007	1.0406	0.7917	1.6255	1.4895	1.2394	3.1605	0.5636	0.0000	1.1807
86	101	0.6611	9	1	1	0	0	0	0	0	0	N	N	N	N	N	N	N	N	N	N	N	N	0.0000	0.0000	0.0000	0.0000	0.0000	0.0000	0.0000	0.0000	0.0000	0.0000	0.0000	0.0000	0.0000	0.0000	0.0000	0.0000	0.0000	0.3369	0.0810	0.9478	0.2241	0.1235	1.0032	0.4643	0.0000	0.9604	4.9039	0.0000	0.0183	10.8154	0.0000	27.4443	3.0000	0.0000	0.0000	0.0000	0.0000	0.0000	0.0000	0.0000	0.0000	0.0000	0.0590	0.0100	0.0490	0.0208	0.0100	0.0108	0.0382	0.0000	0.0382	0.0000	0.0000	0.0000	0.0000	0.0000	0.0000	0.0000	0.0000	0.0000	0.1751	0.1234	0.0517	0.0928	0.0809	0.0119	0.0822	0.0425	0.0397	0.0000	0.0000	0.0000	0.0000	0.0000	0.0000	0.0000	0.0000	0.0000	0.3369	0.0810	0.9478	0.2241	0.1235	0.9057	0.4643	0.0000	0.9604		
86	102	0.6580	8	1	1	0	0	0	0	0	0	N	N	N	N	N	N	N	N	N	N	N	N	0.0000	0.0000	0.0000	0.0000	0.0000	0.0000	0.0000	0.0000	0.0000	0.0000	0.0000	0.0000	0.0000	0.0291	0.0413	0.0000	0.0548	0.0629	0.0000	0.0000	0.0000	0.0000	0.0000	0.0000	-0.0009	10.8154	0.0000	27.4443	1.0000	0.0000	0.0000	0.0000	0.0000	0.0000	0.0000	0.0000	0.0000	0.0000	0.0018	0.0018	0.0000	0.0018	0.0018	0.0000	0.0000	0.0000	0.0000	0.0000	0.0000	0.0000	0.0000	0.0000	0.0000	0.0000	0.0000	0.0000	0.0606	0.0427	0.0179	0.0321	0.0280	0.0041	0.0284	0.0147	0.0138	0.0000	0.0000	0.0000	0.0000	0.0000	0.0000	0.0000	0.0000	0.0000	0.0291	0.0413	0.0000	0.0548	0.0629	0.0000	0.0000	0.0000	0.0000						
86	103	0.6542	7	0	1	0	0	0	0	0	0	N	N	N	N	N	N	N	N	N	N	N	N	2.2770	1.9732	0.0000	1.3638	1.3527	0.0000	22.9994	756.5666	0.0000	0.0729	0.0813	0.0000	0.0800	0.0859	0.0000	0.0608	0.0725	0.0000	0.0320	0.0412	0.0087	0.0587	0.0635	0.0205	0.0026	0.0001	0.0055	0.0000	0.0825	-0.0000	-0.0011	10.8154	0.0006	27.4443	1.0534	0.0000	0.0000	0.0000	0.0000	0.0000	0.0000	0.0000	0.0000	0.0000	0.0024	0.0022	0.0002	0.0023	0.0022	0.0001	0.0001	0.0000	0.0001	0.0005	0.0004	0.0001	0.0003	0.0003	0.0000	0.0002	0.0002	0.0000	0.0748	0.0537	0.0211	0.0392	0.0348	0.0044	0.0356	0.0189	0.0167	2.2770	1.9732	0.0000	1.3638	1.3527	0.0000	22.9994	756.5666	0.0000	0.0320	0.0412	0.0087	0.0587	0.0635	0.0205	0.0026	0.0001	0.0055
86	104	0.6033	6	0	0	0	0	0	0	0	0	N	N	N	N	N	N	N	N	N	N	N	N	0.2393	0.3378	0.0000	0.1536	0.2152	0.0000	0.3930	0.9592	0.0000	0.1892	0.2182	0.0000	0.1625	0.1894	0.0001	0.2008	0.2305	0.0000	0.7906	0.6459	1.1310	1.0584	0.8801	3.1914	0.5108	0.2403	0.8101	0.0000	0.7447	-0.0218	-0.1072	10.8154	7.2034	27.4443	9.9858	0.2279	0.2279	0.0000	0.0593	0.0593	0.0000	0.1686	0.1686	0.0000	1.1373	0.6519	0.4854	0.7781	0.5631	0.2150	0.3593	0.0888	0.2705	1.2045	1.0445	0.1600	0.3649	0.3131	0.0518	0.8396	0.7314	0.1082	1.4385	1.0093	0.4292	0.7352	0.6398	0.0953	0.7033	0.3694	0.3339	0.2393	0.3378	0.0000	0.1536	0.2152	0.0000	0.3930	0.9592	0.0000	0.7906	0.6459	1.1310	1.0584	0.8801	2.2551	0.5108	0.2403	0.8101
86	105	0.5819	5	0	0	0	0	0	0	0	0	N	N	N	N	N	N	N	N	N	N	N	N	7.9995	15.4062	0.0016	3.7620	6.8857	0.0009	15.9255	445.8515	0.0018	3.0234	3.5644	0.0011	1.8692	2.2287	0.0022	3.3907	3.9831	0.0007	0.3779	0.2314	0.7168	0.4969	0.3237	2.3829	0.2129	0.0089	0.4080	0.0001	1.3403	-0.0419	0.0291	10.8154	0.7993	27.4443	5.3573	0.4389	0.4389	0.0000	0.0655	0.0655	0.0000	0.3734	0.3734	0.0000	0.5644	0.2412	0.3232	0.4313	0.2384	0.1928	0.1332	0.0027	0.1304	0.1452	0.1231	0.0220	0.0350	0.0294	0.0057	0.1101	0.0937	0.0164	1.4934	1.0424	0.4510	0.8680	0.7367	0.1313	0.6254	0.3057	0.3197	7.9995	15.4062	0.0016	3.7620	6.8857	0.0015	15.9255	445.8515	0.0018	0.3779	0.2314	0.7168	0.4969	0.3237	1.4685	0.2129	0.0089	0.4080
86	106	0.5205	4	0	0	0	0	0	0	0	0	N	N	N	N	N	N	N	N	N	N	N	N	0.0662	0.1485	0.0359	0.4093	0.5114	0.2673	0.0303	0.1227	0.0286	0.0470	0.0454	0.0577	0.1731	0.1701	0.2698	0.0330	0.0296	0.0527	0.7106	0.3056	1.6067	0.4230	0.3327	1.0091	1.0865	0.2416	1.8448	0.1937	2.3758	0.0018	0.4726	10.8154	4.1241	27.4443	16.2542	0.0264	0.0221	0.0043	0.0097	0.0093	0.0005	0.0166	0.0128	0.0038	2.5869	0.7663	1.8206	0.8725	0.5860	0.2865	1.7143	0.1803	1.5341	0.5607	0.4865	0.0742	0.0563	0.0546	0.0017	0.5045	0.4320	0.0725	3.6405	2.5074	1.1331	2.0628	1.7612	0.3015	1.5778	0.7462	0.8316	0.0662	0.1485	0.0359	0.4093	0.5114	0.2839	0.0303	0.1227	0.0286	0.7106	0.3056	1.6067	0.4230	0.3327	0.9502	1.0865	0.2416	1.8448
86	107	0.4159	3	0	0	0	0	0	0	0	0	N	N	N	N	N	N	N	N	N	N	N	N	0.0419	0.0394	0.0628	0.2521	0.2576	0.1476	0.0137	0.0022	0.0626	0.0207	0.0186	0.0339	0.1483	0.1506	0.0900	0.0051	0.0005	0.0321	0.4933	0.4728	0.5395	0.5885	0.5847	0.6097	0.3710	0.2253	0.5128	0.2796	0.5044	0.0029	-0.4602	10.8154	8.6998	27.4443	27.8967	0.0234	0.0183	0.0051	0.0183	0.0179	0.0004	0.0051	0.0004	0.0047	2.4769	1.6464	0.8304	1.6615	1.4024	0.2591	0.8154	0.2441	0.5713	1.1323	0.9812	0.1511	0.1233	0.1186	0.0046	1.0090	0.8625	0.1465	5.0211	3.4820	1.5391	2.8234	2.3985	0.4249	2.1977	1.0836	1.1142	0.0419	0.0394	0.0628	0.2521	0.2576	0.1476	0.0137	0.0022	0.0626	0.4933	0.4728	0.5395	0.5885	0.5847	0.6097	0.3710	0.2253	0.5128
86	109	0.4983	4	0	0	0	0	0	0	0	0	N	N	N	N	N	N	N	N	N	N	N	N	1.0637	1.1016	0.0074	0.2125	0.2256	0.0401	1.0984	0.8961	0.0070	1.0160	1.1657	0.0053	0.1942	0.1983	0.0642	1.1056	1.2846	0.0040	0.9552	1.0582	0.7188	0.9141	0.8788	1.5992	1.0065	1.4335	0.5681	0.0007	0.2961	-0.0966	-1.3581	10.8154	7.7801	27.4443	32.2209	1.0181	1.0174	0.0007	0.0191	0.0189	0.0002	0.9990	0.9985	0.0005	4.6411	3.5808	1.0603	2.4669	2.0121	0.4548	2.1742	1.5687	0.6055	1.0021	0.8728	0.1293	0.0985	0.0955	0.0030	0.9036	0.7773	0.1263	4.8589	3.3839	1.4750	2.6987	2.2896	0.4092	2.1602	1.0944	1.0658	1.0637	1.1016	0.0074	0.2125	0.2256	0.0577	1.0984	0.8961	0.0070	0.9552	1.0582	0.7188	0.9141	0.8788	1.1114	1.0065	1.4335	0.5681
87	89	0.3650	5	1	1	0	1	0	0	0	0	N	N	N	N	N	N	N	N	N	N	N	N	0.9865	0.9712	1.1892	1.5067	1.3688	1.2268	0.0222	0.0188	0.0977	1.3792	1.1753	2.2207	2.0810	1.9120	2.5848	0.0315	0.0152	0.2026	1.3980	1.2102	1.8675	1.3811	1.3968	2.1070	1.4196	0.8069	2.0736	0.4577	0.6173	0.0787	-0.3929	2.7608	0.7962	22.4044	16.9291	0.3602	0.2471	0.1131	0.3574	0.2459	0.1115	0.0028	0.0012	0.0016	2.8184	1.7427	1.0758	1.5659	1.3751	0.1908	1.2526	0.3676	0.8850	0.2612	0.2103	0.0509	0.1718	0.1286	0.0432	0.0894	0.0817	0.0078	2.0161	1.4400	0.5761	1.1337	0.9845	0.1493	0.8823	0.4555	0.4268	0.9865	0.9712	1.1892	1.5067	1.3688	2.0226	0.0222	0.0188	0.0977	1.3980	1.2102	1.8675	1.3811	1.3968	1.2780	1.4196	0.8069	2.0736
87	90	0.4370	10	0	1	0	1	0	0	0	0	N	N	N	N	N	N	N	N	N	N	N	N	0.0000	0.0000	0.0000	0.0000	0.0000	0.0000	0.0000	0.0000	0.0000	0.0000	0.0000	0.0000	0.0000	0.0000	0.0000	0.0000	0.0000	0.0000	0.0000	0.0000	2.7608	0.0000	22.4044	0.0000	0.0000	0.0000	0.0000	0.0000	0.0000	0.0000	0.0000	0.0000	0.0000	0.0000	0.0000	0.0000	0.0000	0.0000	0.0000	0.0000	0.0000	0.0000	0.0000	0.0000	0.0000	0.0000	0.0000	0.0000	0.0000	0.0000	0.0000	0.0000	0.0000	0.0000	0.0000	0.0000	0.0000	0.0000	0.0000	0.0000	0.0000	0.0000	0.0000	0.0000	0.0000	0.0000	0.0000	0.0000	0.0000	0.0000	0.0000	0.0000	0.0000	0.0000	0.0000	0.0000	0.0000	0.0000											
87	91	0.4263	9	0	1	0	1	0	0	0	0	N	N	N	N	N	N	N	N	N	N	N	N	0.0000	0.0000	0.0000	0.0000	0.0000	0.0000	0.0000	0.0000	0.0000	0.0000	0.0000	0.0000	0.0000	0.0000	0.0000	0.0000	0.0000	0.0000	0.0026	0.0023	0.0034	0.0023	0.0024	0.0015	0.0031	0.0020	0.0043	0.5587	0.0000	-0.0002	2.7608	1.0000	22.4044	3.0000	0.0000	0.0000	0.0000	0.0000	0.0000	0.0000	0.0000	0.0000	0.0000	0.0011	0.0007	0.0004	0.0006	0.0005	0.0000	0.0005	0.0002	0.0003	0.0648	0.0578	0.0070	0.0340	0.0319	0.0021	0.0309	0.0260	0.0049	0.4051	0.2936	0.1115	0.2436	0.2094	0.0342	0.1615	0.0842	0.0772	0.0000	0.0000	0.0000	0.0000	0.0000	0.0000	0.0000	0.0000	0.0000	0.0026	0.0023	0.0034	0.0023	0.0024	0.0015	0.0031	0.0020	0.0043	
87	92	0.4197	7	0	1	0	0	0	0	0	0	N	N	N	N	N	N	N	N	N	N	N	N	0.0000	0.0000	0.0000	0.0000	0.0000	0.0000	0.0000	0.0000	0.0000	0.0000	0.0000	0.0000	0.0000	0.0000	0.0000	0.0000	0.0000	0.0000	0.0000	0.0000	2.7608	0.0000	22.4044	0.0000	0.0000	0.0000	0.0000	0.0000	0.0000	0.0000	0.0000	0.0000	0.0000	0.0000	0.0000	0.0000	0.0000	0.0000	0.0000	0.0000	0.0000	0.0000	0.0000	0.0000	0.0000	0.0000	0.0000	0.0000	0.0000	0.0000	0.0000	0.0000	0.0000	0.0000	0.0000	0.0000	0.0000	0.0000	0.0000	0.0000	0.0000	0.0000	0.0000	0.0000	0.0000	0.0000	0.0000	0.0000	0.0000	0.0000	0.0000	0.0000	0.0000	0.0000	0.0000	0.0000	0.0000	0.0000											
87	93	0.4263	9	0	0	1	1	0	0	0	0	N	N	N	N	N	N	N	N	N	N	N	N	0.0000	0.0000	0.0000	0.0000	0.0000	0.0000	0.0000	0.0000	0.0000	0.0000	0.0000	0.0000	0.0000	0.0000	0.0000	0.0000	0.0000	0.0000	0.0000	0.0000	2.7608	0.0000	22.4044	0.0000	0.0000	0.0000	0.0000	0.0000	0.0000	0.0000	0.0000	0.0000	0.0000	0.0000	0.0000	0.0000	0.0000	0.0000	0.0000	0.0000	0.0000	0.0000	0.0000	0.0000	0.0000	0.0000	0.0000	0.0000	0.0000	0.0000	0.0000	0.0000	0.0000	0.0000	0.0000	0.0000	0.0000	0.0000	0.0000	0.0000	0.0000	0.0000	0.0000	0.0000	0.0000	0.0000	0.0000	0.0000	0.0000	0.0000	0.0000	0.0000	0.0000	0.0000	0.0000	0.0000	0.0000	0.0000											
87	94	0.4236	8	0	0	0	1	0	0	0	0	N	N	N	N	N	N	N	N	N	N	N	N	0.0000	0.0000	0.0000	0.0000	0.0000	0.0000	0.0000	0.0000	0.0000	0.0000	0.0000	0.0000	0.0000	0.0000	0.0000	0.0000	0.0000	0.0000	0.0318	0.0224	0.0550	0.0267	0.0308	0.0000	0.0394	0.0001	0.0760	0.9977	0.0000	-0.0001	2.7608	1.0000	22.4044	0.0097	0.0000	0.0000	0.0000	0.0000	0.0000	0.0000	0.0000	0.0000	0.0000	0.0036	0.0018	0.0018	0.0018	0.0018	0.0000	0.0018	0.0000	0.0018	0.0648	0.0578	0.0070	0.0340	0.0318	0.0021	0.0309	0.0260	0.0049	0.1121	0.0797	0.0324	0.0668	0.0579	0.0089	0.0453	0.0218	0.0235	0.0000	0.0000	0.0000	0.0000	0.0000	0.0000	0.0000	0.0000	0.0000	0.0318	0.0224	0.0550	0.0267	0.0308	0.0000	0.0394	0.0001	0.0760	
87	95	0.4236	8	0	0	1	1	0	0	0	0	N	N	N	N	N	N	N	N	N	N	N	N	119.3295	118.6135	262.5511	111.1175	169.3073	3.9601	127.4910	12.4702	431.2962	2.9557	1.6111	14.1292	2.7185	2.8791	0.2801	3.2159	0.0622	20.0906	0.0248	0.0136	0.0538	0.0245	0.0170	0.0707	0.0252	0.0050	0.0466	1.0553	1.5258	0.1583	0.0010	2.7608	2.0000	22.4044	3.0050	0.3788	0.1843	0.1945	0.1823	0.1811	0.0012	0.1965	0.0032	0.1933	0.0126	0.0050	0.0076	0.0075	0.0045	0.0030	0.0051	0.0005	0.0046	0.1282	0.1144	0.0138	0.0670	0.0629	0.0041	0.0611	0.0515	0.0096	0.5089	0.3674	0.1415	0.3051	0.2628	0.0424	0.2037	0.1046	0.0991	119.3295	118.6135	262.5511	111.1175	169.3073	3.9601	127.4910	12.4702	431.2962	0.0248	0.0136	0.0538	0.0245	0.0170	0.0707	0.0252	0.0050	0.0466
87	96	0.4236	8	0	0	1	1	0	0	0	0	N	N	N	N	N	N	N	N	N	N	N	N	0.0000	0.0000	0.0000	0.0000	0.0000	0.0000	0.0000	0.0000	0.0000	0.0000	0.0000	0.0000	0.0000	0.0000	0.0000	0.0000	0.0000	0.0000	1.5714	1.6757	1.2991	1.1745	1.3514	0.0784	2.1648	2.4844	1.8235	0.2971	0.0000	-0.3191	2.7608	0.0000	22.4044	6.9903	0.0000	0.0000	0.0000	0.0000	0.0000	0.0000	0.0000	0.0000	0.0000	1.0926	0.8423	0.2503	0.4894	0.4848	0.0045	0.6032	0.3575	0.2457	0.0000	0.0000	0.0000	0.0000	0.0000	0.0000	0.0000	0.0000	0.0000	0.6953	0.5027	0.1926	0.4167	0.3588	0.0579	0.2786	0.1439	0.1348	0.0000	0.0000	0.0000	0.0000	0.0000	0.0000	0.0000	0.0000	0.0000	1.5714	1.6757	1.2991	1.1745	1.3514	0.0784	2.1648	2.4844	1.8235	
87	97	0.4180	7	0	0	0	1	0	0	0	0	N	N	N	N	N	N	N	N	N	N	N	N	0.0000	0.0000	0.0000	0.0000	0.0000	0.0000	0.0000	0.0000	0.0000	0.0000	0.0000	0.0000	0.0000	0.0000	0.0000	0.0000	0.0000	0.0000	0.0236	0.0176	0.0394	0.0208	0.0239	0.0010	0.0279	0.0019	0.0553	0.8622	0.0000	-0.0003	2.7608	0.9999	22.4044	1.0605	0.0000	0.0000	0.0000	0.0000	0.0000	0.0000	0.0000	0.0000	0.0000	0.0053	0.0029	0.0025	0.0028	0.0028	0.0000	0.0025	0.0001	0.0025	0.0987	0.0898	0.0089	0.0656	0.0618	0.0039	0.0331	0.0281	0.0050	0.2262	0.1633	0.0629	0.1349	0.1164	0.0184	0.0914	0.0469	0.0445	0.0000	0.0000	0.0000	0.0000	0.0000	0.0000	0.0000	0.0000	0.0000	0.0236	0.0176	0.0394	0.0208	0.0239	0.0010	0.0279	0.0019	0.0553	
87	98	0.4159	6	0	0	0	1	0	0	0	0	N	N	N	N	N	N	N	N	N	N	N	N	9.9961	13.8694	5.5784	13.3600	12.9007	17.8401	4.4078	30.8823	1.9253	0.2972	0.2988	0.2849	0.3729	0.3663	0.4412	0.1427	0.1476	0.1183	0.0297	0.0215	0.0511	0.0279	0.0284	0.0247	0.0324	0.0048	0.0614	0.1226	0.9096	0.0000	-0.0002	2.7608	0.0012	22.4044	1.0414	0.0001	0.0001	0.0000	0.0001	0.0001	0.0000	0.0000	0.0000	0.0000	0.0036	0.0019	0.0017	0.0020	0.0018	0.0002	0.0016	0.0001	0.0015	0.0003	0.0003	0.0000	0.0002	0.0002	0.0000	0.0001	0.0001	0.0000	0.1225	0.0886	0.0340	0.0724	0.0629	0.0096	0.0501	0.0257	0.0244	9.9961	13.8694	5.5784	13.3600	12.9007	17.8401	4.4078	30.8823	1.9253	0.0297	0.0215	0.0511	0.0279	0.0284	0.0247	0.0324	0.0048	0.0614
87	99	0.3650	5	1	1	0	0	0	0	0	0	N	N	N	N	N	N	N	N	N	N	N	N	0.8342	1.2705	0.0604	0.6596	0.9330	0.0146	1.0215	1.9365	0.1382	0.4050	0.4717	0.0465	0.3124	0.3791	0.0147	0.5116	0.5715	0.0994	0.4855	0.3713	0.7704	0.4737	0.4063	1.0039	0.5008	0.2951	0.7193	0.0184	0.8319	-0.0145	-0.0531	2.7608	3.2042	22.4044	9.0918	0.1867	0.1833	0.0034	0.0770	0.0764	0.0007	0.1096	0.1069	0.0027	0.7929	0.4328	0.3601	0.4359	0.3245	0.1115	0.3570	0.1084	0.2486	0.4608	0.3885	0.0723	0.2466	0.2015	0.0451	0.2143	0.1871	0.0272	1.6331	1.1657	0.4674	0.9203	0.7986	0.1218	0.7128	0.3671	0.3456	0.8342	1.2705	0.0604	0.6596	0.9330	0.0160	1.0215	1.9365	0.1382	0.4855	0.3713	0.7704	0.4737	0.4063	0.9154	0.5008	0.2951	0.7193
87	100	0.3650	5	0	1	0	0	0	0	0	0	N	N	N	N	N	N	N	N	N	N	N	N	1.3920	1.2938	1.8569	1.8940	1.8723	1.0000	0.0370	0.0229	0.1928	1.3792	1.1753	2.2207	2.0810	1.9120	2.5848	0.0315	0.0152	0.2026	0.9908	0.9084	1.1959	1.0987	1.0212	2.5848	0.8510	0.6622	1.0510	0.4577	0.5285	0.0787	-0.2473	2.7608	0.7962	22.4044	10.9291	0.3602	0.2471	0.1131	0.3574	0.2459	0.1115	0.0028	0.0012	0.0016	1.4104	0.9227	0.4877	0.8825	0.7114	0.1711	0.5278	0.2113	0.3166	0.2612	0.2103	0.0509	0.1718	0.1286	0.0432	0.0894	0.0817	0.0078	1.4235	1.0157	0.4078	0.8032	0.6967	0.1066	0.6202	0.3190	0.3012	1.3920	1.2938	1.8569	1.8940	1.8723	1.6100	0.0370	0.0229	0.1928	0.9908	0.9084	1.1959	1.0987	1.0212	1.6054	0.8510	0.6622	1.0510
87	101	0.4228	8	1	1	0	0	0	0	0	0	N	N	N	N	N	N	N	N	N	N	N	N	0.0000	0.0000	0.0000	0.0000	0.0000	0.0000	0.0000	0.0000	0.0000	0.0000	0.0000	0.0000	0.0000	0.0000	0.0000	0.0000	0.0000	0.0000	0.6417	0.2860	1.5596	0.3988	0.3499	0.7021	1.0053	0.1259	1.9334	2.1129	0.0000	0.0309	2.7608	0.0000	22.4044	3.0000	0.0000	0.0000	0.0000	0.0000	0.0000	0.0000	0.0000	0.0000	0.0000	0.1963	0.0631	0.1332	0.0731	0.0551	0.0180	0.1231	0.0079	0.1152	0.0000	0.0000	0.0000	0.0000	0.0000	0.0000	0.0000	0.0000	0.0000	0.3059	0.2205	0.0854	0.1834	0.1576	0.0258	0.1225	0.0629	0.0596	0.0000	0.0000	0.0000	0.0000	0.0000	0.0000	0.0000	0.0000	0.0000	0.6417	0.2860	1.5596	0.3988	0.3499	0.6973	1.0053	0.1259	1.9334	
87	102	0.4197	7	1	1	0	0	0	0	0	0	N	N	N	N	N	N	N	N	N	N	N	N	0.0000	0.0000	0.0000	0.0000	0.0000	0.0000	0.0000	0.0000	0.0000	0.0000	0.0000	0.0000	0.0000	0.0000	0.0000	0.0000	0.0362	0.0272	0.0594	0.0326	0.0380	0.0000	0.0415	0.0000	0.0852	0.8485	0.0000	-0.0002	2.7608	0.0000	22.4044	1.0000	0.0000	0.0000	0.0000	0.0000	0.0000	0.0000	0.0000	0.0000	0.0000	0.0038	0.0021	0.0018	0.0021	0.0021	0.0000	0.0018	0.0000	0.0018	0.0000	0.0000	0.0000	0.0000	0.0000	0.0000	0.0000	0.0000	0.0000	0.1056	0.0761	0.0295	0.0634	0.0544	0.0089	0.0422	0.0216	0.0206	0.0000	0.0000	0.0000	0.0000	0.0000	0.0000	0.0000	0.0000	0.0000	0.0362	0.0272	0.0594	0.0326	0.0380	0.0000	0.0415	0.0000	0.0852			
87	103	0.4159	6	0	1	0	0	0	0	0	0	N	N	N	N	N	N	N	N	N	N	N	N	3.0054	2.9548	1.3291	2.4356	2.3261	4.7112	4.5134	7.8609	1.5222	0.1609	0.1761	0.0501	0.1592	0.1732	0.0270	0.1643	0.1825	0.0766	0.0535	0.0596	0.0377	0.0654	0.0745	0.0057	0.0364	0.0232	0.0503	0.0391	0.2428	-0.0000	-0.0022	2.7608	0.0006	22.4044	1.0534	0.0000	0.0000	0.0000	0.0000	0.0000	0.0000	0.0000	0.0000	0.0000	0.0066	0.0053	0.0013	0.0048	0.0047	0.0001	0.0018	0.0006	0.0012	0.0002	0.0002	0.0000	0.0001	0.0001	0.0000	0.0001	0.0001	0.0000	0.1237	0.0894	0.0343	0.0732	0.0635	0.0097	0.0506	0.0259	0.0246	3.0054	2.9548	1.3291	2.4356	2.3261	4.7112	4.5134	7.8609	1.5222	0.0535	0.0596	0.0377	0.0654	0.0745	0.0057	0.0364	0.0232	0.0503
87	104	0.3650	5	0	0	0	0	0	0	0	0	N	N	N	N	N	N	N	N	N	N	N	N	0.3985	0.5374	0.0441	0.3865	0.4477	0.0170	0.4014	0.7812	0.0649	0.3084	0.3495	0.0478	0.2857	0.3283	0.0144	0.3285	0.3684	0.0772	0.7739	0.6504	1.0827	0.7391	0.7333	0.8461	0.8184	0.4715	1.1892	0.0216	0.6655	-0.0171	-0.2019	2.7608	7.2034	22.4044	9.9858	0.2303	0.2254	0.0049	0.1003	0.0996	0.0007	0.1300	0.1258	0.0042	1.6616	0.9977	0.6639	0.8919	0.7686	0.1233	0.7697	0.2291	0.5406	0.7467	0.6448	0.1018	0.3509	0.3032	0.0477	0.3958	0.3416	0.0542	2.1472	1.5340	0.6132	1.2067	1.0480	0.1586	0.9405	0.4860	0.4546	0.3985	0.5374	0.0441	0.3865	0.4477	0.0185	0.4014	0.7812	0.0649	0.7739	0.6504	1.0827	0.7391	0.7333	0.7775	0.8184	0.4715	1.1892
87	105	0.3436	4	0	0	0	0	0	0	0	0	N	N	N	N	N	N	N	N	N	N	N	N	10.6883	15.0224	0.8633	9.8957	12.6255	0.8012	12.0544	27.0960	0.8761	4.1751	4.9116	0.4620	4.1609	4.8035	0.5214	4.1845	4.9863	0.4281	0.3906	0.3270	0.5351	0.4205	0.3805	0.6508	0.3471	0.1840	0.4886	0.0187	0.7210	-0.0276	-0.0834	2.7608	0.7993	22.4044	5.3573	0.3576	0.3510	0.0066	0.1429	0.1402	0.0027	0.2147	0.2108	0.0039	0.8168	0.4746	0.3422	0.5212	0.4018	0.1194	0.2955	0.0728	0.2228	0.0857	0.0715	0.0142	0.0344	0.0292	0.0052	0.0513	0.0423	0.0090	2.0909	1.4515	0.6394	1.2396	1.0561	0.1835	0.8513	0.3954	0.4559	10.6883	15.0224	0.8633	9.8957	12.6255	0.8012	12.0544	27.0960	0.8761	0.3906	0.3270	0.5351	0.4205	0.3805	0.6508	0.3471	0.1840	0.4886
87	106	0.2822	3	0	0	0	0	0	0	0	0	N	N	N	N	N	N	N	N	N	N	N	N	0.1864	0.1724	0.2987	0.2525	0.2573	0.2177	0.1678	0.1734	0.3064	0.0978	0.0842	0.1800	0.1405	0.1407	0.1346	0.0808	0.0573	0.1830	0.5247	0.4881	0.6024	0.5566	0.5467	0.6183	0.4817	0.3306	0.5972	0.3554	0.5804	0.0052	-0.4350	2.7608	4.1241	22.4044	16.2542	0.0313	0.0231	0.0082	0.0128	0.0124	0.0004	0.0185	0.0107	0.0078	2.8276	1.7892	1.0385	1.7232	1.4606	0.2626	1.1045	0.3286	0.7759	0.3202	0.2746	0.0456	0.0912	0.0884	0.0029	0.2290	0.1862	0.0428	5.3892	3.6653	1.7239	3.0961	2.6714	0.4247	2.2931	0.9939	1.2992	0.1864	0.1724	0.2987	0.2525	0.2573	0.2177	0.1678	0.1734	0.3064	0.5247	0.4881	0.6024	0.5566	0.5467	0.6183	0.4817	0.3306	0.5972
87	107	0.1776	2	0	0	0	0	0	0	0	0	N	N	N	N	N	N	N	N	N	N	N	N	0.0675	0.0577	0.0956	0.0850	0.0931	0.0389	0.0539	0.0102	0.1193	0.0198	0.0167	0.0286	0.0280	0.0302	0.0139	0.0130	0.0019	0.0331	0.2929	0.2898	0.2992	0.3295	0.3245	0.3576	0.2411	0.1889	0.2779	0.5863	0.5099	0.0074	-0.5976	2.7608	8.6998	22.4044	27.8967	0.0269	0.0169	0.0099	0.0172	0.0160	0.0011	0.0097	0.0009	0.0088	3.2591	2.1585	1.1007	2.1505	1.7989	0.3515	1.1087	0.3595	0.7492	1.3594	1.0121	0.3473	0.6123	0.5301	0.0822	0.7471	0.4820	0.2651	11.1257	7.4472	3.6785	6.5272	5.5443	0.9829	4.5984	1.9028	2.6956	0.0675	0.0577	0.0956	0.0850	0.0931	0.0389	0.0539	0.0102	0.1193	0.2929	0.2898	0.2992	0.3295	0.3245	0.3576	0.2411	0.1889	0.2779
87	109	0.2600	3	0	0	0	0	0	0	0	0	N	N	N	N	N	N	N	N	N	N	N	N	0.1199	0.1227	0.1037	0.2457	0.2611	0.0442	0.0597	0.0390	0.1122	0.0643	0.0670	0.0535	0.1236	0.1287	0.0250	0.0346	0.0266	0.0561	0.5362	0.5456	0.5161	0.5029	0.4929	0.5649	0.5803	0.6833	0.5001	0.1963	0.4470	0.0034	-0.9930	2.7608	7.7801	22.4044	32.2209	0.0490	0.0410	0.0080	0.0314	0.0311	0.0003	0.0176	0.0099	0.0077	4.6803	3.2345	1.4458	2.5031	2.1117	0.3913	2.1772	1.1227	1.0545	0.7627	0.6123	0.1503	0.2545	0.2419	0.0126	0.5082	0.3704	0.1378	8.7291	5.9277	2.8013	4.9774	4.2846	0.6928	3.7517	1.6432	2.1085	0.1199	0.1227	0.1037	0.2457	0.2611	0.0442	0.0597	0.0390	0.1122	0.5362	0.5456	0.5161	0.5029	0.4929	0.5649	0.5803	0.6833	0.5001
88	89	0.3172	4	1	1	0	1	0	0	0	0	N	N	N	N	N	N	N	N	N	N	N	N	0.5151	0.7257	0.1819	2.1581	2.0876	2.3381	0.0004	0.0002	0.0018	1.1284	1.1907	0.6022	3.4912	3.5938	2.3577	0.0011	0.0004	0.0068	2.1905	1.6406	3.3104	1.6177	1.7215	1.0084	2.6158	1.5417	3.8063	0.0598	0.9907	-0.0083	-0.0940	8.8820	0.7962	49.9570	16.9291	0.2124	0.2004	0.0120	0.2123	0.2004	0.0119	0.0001	0.0000	0.0001	4.0128	2.0158	1.9970	1.2629	1.1638	0.0991	2.7499	0.8520	1.8979	0.1883	0.1683	0.0199	0.0608	0.0558	0.0050	0.1275	0.1126	0.0149	1.8319	1.2287	0.6032	0.7807	0.6761	0.1046	1.0512	0.5526	0.4986	0.5151	0.7257	0.1819	2.1581	2.0876	2.4894	0.0004	0.0002	0.0018	2.1905	1.6406	3.3104	1.6177	1.7215	0.9471	2.6158	1.5417	3.8063
88	90	0.3892	9	0	1	0	1	0	0	0	0	N	N	N	N	N	N	N	N	N	N	N	N	0.0000	0.0000	0.0000	0.0000	0.0000	0.0000	0.0000	0.0000	0.0000	0.0000	0.0000	0.0000	0.0000	0.0000	0.0000	0.0000	0.0000	0.0000	0.0000	0.0000	8.8820	0.0000	49.9570	0.0000	0.0000	0.0000	0.0000	0.0000	0.0000	0.0000	0.0000	0.0000	0.0000	0.0000	0.0000	0.0000	0.0000	0.0000	0.0000	0.0000	0.0000	0.0000	0.0000	0.0000	0.0000	0.0000	0.0000	0.0000	0.0000	0.0000	0.0000	0.0000	0.0000	0.0000	0.0000	0.0000	0.0000	0.0000	0.0000	0.0000	0.0000	0.0000	0.0000	0.0000	0.0000	0.0000	0.0000	0.0000	0.0000	0.0000	0.0000	0.0000	0.0000	0.0000	0.0000	0.0000	0.0000	0.0000											
88	91	0.3785	8	0	1	0	1	0	0	0	0	N	N	N	N	N	N	N	N	N	N	N	N	0.0000	0.0000	0.0000	0.0000	0.0000	0.0000	0.0000	0.0000	0.0000	0.0000	0.0000	0.0000	0.0000	0.0000	0.0000	0.0000	0.0000	0.0000	0.0350	0.0388	0.0262	0.0030	0.0031	0.0026	0.0764	0.1152	0.0353	0.2821	0.0000	-0.0039	8.8820	1.0000	49.9570	3.0000	0.0000	0.0000	0.0000	0.0000	0.0000	0.0000	0.0000	0.0000	0.0000	0.0130	0.0101	0.0029	0.0006	0.0005	0.0001	0.0124	0.0096	0.0028	0.1210	0.1081	0.0128	0.0522	0.0485	0.0037	0.0688	0.0596	0.0092	0.3709	0.2615	0.1093	0.2089	0.1783	0.0306	0.1620	0.0832	0.0787	0.0000	0.0000	0.0000	0.0000	0.0000	0.0000	0.0000	0.0000	0.0000	0.0350	0.0388	0.0262	0.0030	0.0031	0.0026	0.0764	0.1152	0.0353	
88	92	0.3719	6	0	1	0	0	0	0	0	0	N	N	N	N	N	N	N	N	N	N	N	N	0.0000	0.0000	0.0000	0.0000	0.0000	0.0000	0.0000	0.0000	0.0000	0.0000	0.0000	0.0000	0.0000	0.0000	0.0000	0.0000	0.0000	0.0000	0.0000	0.0000	8.8820	0.0000	49.9570	0.0000	0.0000	0.0000	0.0000	0.0000	0.0000	0.0000	0.0000	0.0000	0.0000	0.0000	0.0000	0.0000	0.0000	0.0000	0.0000	0.0000	0.0000	0.0000	0.0000	0.0000	0.0000	0.0000	0.0000	0.0000	0.0000	0.0000	0.0000	0.0000	0.0000	0.0000	0.0000	0.0000	0.0000	0.0000	0.0000	0.0000	0.0000	0.0000	0.0000	0.0000	0.0000	0.0000	0.0000	0.0000	0.0000	0.0000	0.0000	0.0000	0.0000	0.0000	0.0000	0.0000	0.0000	0.0000											
88	93	0.3785	8	0	0	1	1	0	0	0	0	N	N	N	N	N	N	N	N	N	N	N	N	0.0000	0.0000	0.0000	0.0000	0.0000	0.0000	0.0000	0.0000	0.0000	0.0000	0.0000	0.0000	0.0000	0.0000	0.0000	0.0000	0.0000	0.0000	0.0000	0.0000	8.8820	0.0000	49.9570	0.0000	0.0000	0.0000	0.0000	0.0000	0.0000	0.0000	0.0000	0.0000	0.0000	0.0000	0.0000	0.0000	0.0000	0.0000	0.0000	0.0000	0.0000	0.0000	0.0000	0.0000	0.0000	0.0000	0.0000	0.0000	0.0000	0.0000	0.0000	0.0000	0.0000	0.0000	0.0000	0.0000	0.0000	0.0000	0.0000	0.0000	0.0000	0.0000	0.0000	0.0000	0.0000	0.0000	0.0000	0.0000	0.0000	0.0000	0.0000	0.0000	0.0000	0.0000	0.0000	0.0000	0.0000	0.0000											
88	94	0.3758	7	0	0	0	1	0	0	0	0	N	N	N	N	N	N	N	N	N	N	N	N	0.0000	0.0000	0.0000	0.0000	0.0000	0.0000	0.0000	0.0000	0.0000	0.0000	0.0000	0.0000	0.0000	0.0000	0.0000	0.0000	0.0000	0.0338	0.0210	0.0628	0.0258	0.0299	0.0000	0.0442	0.0003	0.0842	1.3246	0.0000	0.0002	8.8820	1.0000	49.9570	0.0097	0.0000	0.0000	0.0000	0.0000	0.0000	0.0000	0.0000	0.0000	0.0000	0.0035	0.0015	0.0020	0.0015	0.0015	0.0000	0.0020	0.0000	0.0020	0.1209	0.1081	0.0128	0.0521	0.0484	0.0037	0.0688	0.0597	0.0092	0.1028	0.0713	0.0315	0.0578	0.0498	0.0080	0.0450	0.0215	0.0236	0.0000	0.0000	0.0000	0.0000	0.0000	0.0000	0.0000	0.0000	0.0000	0.0338	0.0210	0.0628	0.0258	0.0299	0.0000	0.0442	0.0003	0.0842		
88	95	0.3758	7	0	0	1	1	0	0	0	0	N	N	N	N	N	N	N	N	N	N	N	N	46.6327	2.8289	546.3083	3.7739	3.4033	30.8266	122.9973	5.9012	567.6701	1.0390	0.0695	9.2239	0.1080	0.1132	0.0403	1.7407	0.0342	12.9066	0.0223	0.0246	0.0169	0.0286	0.0333	0.0013	0.0142	0.0058	0.0227	15.7208	0.2913	0.2095	-0.0031	8.8820	2.0000	49.9570	3.0050	0.2481	0.0148	0.2332	0.0111	0.0108	0.0003	0.2370	0.0040	0.2330	0.0104	0.0080	0.0023	0.0075	0.0074	0.0000	0.0029	0.0006	0.0023	0.2388	0.2135	0.0253	0.1026	0.0954	0.0072	0.1361	0.1181	0.0180	0.4662	0.3274	0.1388	0.2617	0.2238	0.0379	0.2045	0.1036	0.1009	46.6327	2.8289	546.3083	3.7739	3.4033	30.8266	122.9973	5.9012	567.6701	0.0223	0.0246	0.0169	0.0286	0.0333	0.0013	0.0142	0.0058	0.0227
88	96	0.3758	7	0	0	1	1	0	0	0	0	N	N	N	N	N	N	N	N	N	N	N	N	0.0000	0.0000	0.0000	0.0000	0.0000	0.0000	0.0000	0.0000	0.0000	0.0000	0.0000	0.0000	0.0000	0.0000	0.0000	0.0000	0.0000	0.0000	2.3664	2.3109	2.4977	1.0882	1.2623	0.0641	3.9905	4.5451	3.4139	0.4571	0.0000	-0.3126	8.8820	0.0000	49.9570	6.9903	0.0000	0.0000	0.0000	0.0000	0.0000	0.0000	0.0000	0.0000	0.0000	1.5077	1.0347	0.4730	0.3880	0.3847	0.0033	1.1197	0.6500	0.4696	0.0000	0.0000	0.0000	0.0000	0.0000	0.0000	0.0000	0.0000	0.0000	0.6371	0.4478	0.1894	0.3565	0.3047	0.0518	0.2806	0.1430	0.1376	0.0000	0.0000	0.0000	0.0000	0.0000	0.0000	0.0000	0.0000	0.0000	2.3664	2.3109	2.4977	1.0882	1.2623	0.0641	3.9905	4.5451	3.4139	
88	97	0.3702	6	0	0	0	1	0	0	0	0	N	N	N	N	N	N	N	N	N	N	N	N	94.9873	130.1505	4.6758	13.4733	12.4900	28.1773	165.3678	985.9557	5.1120	2.4803	2.7420	0.1797	0.3321	0.3563	0.0160	4.6233	5.2928	0.2667	0.0261	0.0211	0.0384	0.0247	0.0285	0.0006	0.0280	0.0054	0.0522	0.0075	0.7471	-0.0307	-0.0005	8.8820	0.9999	49.9570	1.0605	0.3486	0.3461	0.0026	0.0233	0.0232	0.0001	0.3253	0.3228	0.0025	0.0057	0.0032	0.0024	0.0030	0.0030	0.0000	0.0027	0.0003	0.0024	0.1406	0.1262	0.0144	0.0702	0.0652	0.0050	0.0704	0.0610	0.0094	0.2169	0.1539	0.0630	0.1211	0.1043	0.0168	0.0958	0.0496	0.0462	94.9873	130.1505	4.6758	13.4733	12.4900	28.1773	165.3678	985.9557	5.1120	0.0261	0.0211	0.0384	0.0247	0.0285	0.0006	0.0280	0.0054	0.0522
88	98	0.3681	5	0	0	0	1	0	0	0	0	N	N	N	N	N	N	N	N	N	N	N	N	1.4100	1.7625	0.5662	1.9980	1.7681	8.5144	1.1291	1.5846	0.1905	0.1964	0.2059	0.1111	0.1644	0.1593	0.2519	0.2365	0.2715	0.0480	0.1393	0.1168	0.1962	0.0823	0.0901	0.0296	0.2095	0.1713	0.2520	0.0603	0.6623	-0.0000	-0.0021	8.8820	0.0012	49.9570	1.0414	0.0001	0.0001	0.0000	0.0000	0.0000	0.0000	0.0000	0.0000	0.0000	0.0170	0.0102	0.0068	0.0055	0.0053	0.0003	0.0114	0.0049	0.0065	0.0005	0.0004	0.0000	0.0003	0.0002	0.0000	0.0002	0.0002	0.0000	0.1218	0.0874	0.0345	0.0672	0.0586	0.0086	0.0546	0.0288	0.0258	1.4100	1.7625	0.5662	1.9980	1.7681	8.5144	1.1291	1.5846	0.1905	0.1393	0.1168	0.1962	0.0823	0.0901	0.0296	0.2095	0.1713	0.2520
88	99	0.3172	4	1	1	0	0	0	0	0	0	N	N	N	N	N	N	N	N	N	N	N	N	0.3657	0.6574	0.0391	0.3806	0.3952	0.0218	0.2888	0.5549	0.0371	0.2173	0.2413	0.0413	0.0968	0.1039	0.0044	0.2452	0.2752	0.0460	0.5943	0.3671	1.0574	0.2543	0.2628	0.1992	0.8490	0.4960	1.2386	0.0233	1.4135	-0.0082	0.0569	8.8820	3.2042	49.9570	9.0918	0.1123	0.1098	0.0026	0.0094	0.0094	0.0000	0.1030	0.1004	0.0025	0.8815	0.3652	0.5163	0.1615	0.1446	0.0170	0.7200	0.2207	0.4993	0.5169	0.4549	0.0620	0.0970	0.0901	0.0069	0.4199	0.3649	0.0550	1.4832	0.9950	0.4882	0.6352	0.5501	0.0851	0.8480	0.4449	0.4031	0.3657	0.6574	0.0391	0.3806	0.3952	0.0218	0.2888	0.5549	0.0371	0.5943	0.3671	1.0574	0.2543	0.2628	0.1992	0.8490	0.4960	1.2386
88	100	0.3172	4	0	1	0	0	0	0	0	0	N	N	N	N	N	N	N	N	N	N	N	N	1.0762	1.2645	0.4755	3.0078	3.1433	1.1368	0.0012	0.0005	0.0054	1.1284	1.1907	0.6022	3.4912	3.5938	2.3577	0.0011	0.0004	0.0068	1.0485	0.9416	1.2666	1.1607	1.1433	2.0740	0.9640	0.6905	1.2652	0.0598	0.6597	-0.0083	-0.1676	8.8820	0.7962	49.9570	10.9291	0.2124	0.2004	0.0120	0.2123	0.2004	0.0119	0.0001	0.0000	0.0001	1.3555	0.8167	0.5388	0.6447	0.5500	0.0948	0.7108	0.2668	0.4440	0.1883	0.1683	0.0199	0.0608	0.0558	0.0050	0.1275	0.1126	0.0149	1.2927	0.8674	0.4254	0.5555	0.4810	0.0744	0.7373	0.3863	0.3509	1.0762	1.2645	0.4755	3.0078	3.1433	1.8520	0.0012	0.0005	0.0054	1.0485	0.9416	1.2666	1.1607	1.1433	1.2730	0.9640	0.6905	1.2652
88	101	0.3750	7	1	1	0	0	0	0	0	0	N	N	N	N	N	N	N	N	N	N	N	N	0.0000	0.0000	0.0000	0.0000	0.0000	0.0000	0.0000	0.0000	0.0000	0.0000	0.0000	0.0000	0.0000	0.0000	0.0000	0.0000	0.0000	0.0000	3.0915	0.1701	9.9365	0.0658	0.0528	0.1405	6.9688	0.4225	13.7082	24.9302	0.0000	0.3862	8.8820	0.0000	49.9570	3.0000	0.0000	0.0000	0.0000	0.0000	0.0000	0.0000	0.0000	0.0000	0.0000	0.8769	0.0338	0.8431	0.0105	0.0072	0.0033	0.8664	0.0266	0.8398	0.0000	0.0000	0.0000	0.0000	0.0000	0.0000	0.0000	0.0000	0.0000	0.2837	0.1988	0.0848	0.1593	0.1357	0.0236	0.1243	0.0631	0.0613	0.0000	0.0000	0.0000	0.0000	0.0000	0.0000	0.0000	0.0000	0.0000	3.0915	0.1701	9.9365	0.0658	0.0528	0.1405	6.9688	0.4225	13.7082	
88	102	0.3719	6	1	1	0	0	0	0	0	0	N	N	N	N	N	N	N	N	N	N	N	N	0.0000	0.0000	0.0000	0.0000	0.0000	0.0000	0.0000	0.0000	0.0000	0.0000	0.0000	0.0000	0.0000	0.0000	0.0000	0.0000	0.0273	0.0087	0.0707	0.0108	0.0127	0.0000	0.0484	0.0000	0.0980	3.4623	0.0000	0.0007	8.8820	0.0000	49.9570	1.0000	0.0000	0.0000	0.0000	0.0000	0.0000	0.0000	0.0000	0.0000	0.0000	0.0027	0.0006	0.0021	0.0006	0.0006	0.0000	0.0021	0.0000	0.0021	0.0000	0.0000	0.0000	0.0000	0.0000	0.0000	0.0000	0.0000	0.0000	0.0978	0.0686	0.0293	0.0551	0.0469	0.0082	0.0427	0.0216	0.0211	0.0000	0.0000	0.0000	0.0000	0.0000	0.0000	0.0000	0.0000	0.0000	0.0273	0.0087	0.0707	0.0108	0.0127	0.0000	0.0484	0.0000	0.0980			
88	103	0.3681	5	0	1	0	0	0	0	0	0	N	N	N	N	N	N	N	N	N	N	N	N	1.1228	1.8016	0.3758	2.6388	2.5803	1.9531	0.7131	1.1765	0.3298	0.0566	0.0589	0.0358	0.0518	0.0533	0.0247	0.0630	0.0674	0.0406	0.0504	0.0327	0.0953	0.0196	0.0207	0.0127	0.0884	0.0573	0.1230	0.0676	1.1501	-0.0000	0.0001	8.8820	0.0006	49.9570	1.0534	0.0000	0.0000	0.0000	0.0000	0.0000	0.0000	0.0000	0.0000	0.0000	0.0062	0.0029	0.0033	0.0013	0.0012	0.0001	0.0049	0.0017	0.0032	0.0004	0.0003	0.0000	0.0002	0.0002	0.0000	0.0002	0.0001	0.0000	0.1229	0.0881	0.0348	0.0679	0.0591	0.0087	0.0551	0.0290	0.0261	1.1228	1.8016	0.3758	2.6388	2.5803	1.9531	0.7131	1.1765	0.3298	0.0504	0.0327	0.0953	0.0196	0.0207	0.0127	0.0884	0.0573	0.1230
88	104	0.3172	4	0	0	0	0	0	0	0	0	N	N	N	N	N	N	N	N	N	N	N	N	0.1343	0.1597	0.0305	0.1463	0.1404	0.0212	0.1105	0.1289	0.0279	0.1416	0.1561	0.0370	0.0947	0.1009	0.0039	0.1499	0.1666	0.0398	1.0547	0.9776	1.2119	0.6473	0.7190	0.1838	1.3565	1.2929	1.4271	0.0328	0.6087	-0.0090	-0.2937	8.8820	7.2034	49.9570	9.9858	0.1404	0.1360	0.0045	0.0141	0.0140	0.0000	0.1263	0.1219	0.0044	2.0583	1.2795	0.7788	0.5375	0.5170	0.0204	1.5209	0.7625	0.7584	0.9915	0.8708	0.1206	0.1487	0.1392	0.0095	0.8428	0.7317	0.1111	1.9515	1.3089	0.6427	0.8304	0.7191	0.1113	1.1211	0.5897	0.5314	0.1343	0.1597	0.0305	0.1463	0.1404	0.0212	0.1105	0.1289	0.0279	1.0547	0.9776	1.2119	0.6473	0.7190	0.1838	1.3565	1.2929	1.4271
88	105	0.2958	3	0	0	0	0	0	0	0	0	N	N	N	N	N	N	N	N	N	N	N	N	2.4174	2.8715	0.2374	1.6594	1.8329	0.1981	2.5980	3.1823	0.2488	1.7867	2.0246	0.1935	1.2718	1.3346	0.2699	1.8534	2.1223	0.1893	0.7391	0.7051	0.8149	0.7664	0.7282	1.3626	0.7134	0.6669	0.7608	0.0143	0.5185	-0.0172	-0.2482	8.8820	0.7993	49.9570	5.3573	0.2110	0.2080	0.0030	0.0172	0.0170	0.0002	0.1937	0.1910	0.0028	1.3817	0.9099	0.4718	0.6945	0.5854	0.1091	0.6872	0.3245	0.3627	0.1181	0.1027	0.0153	0.0135	0.0127	0.0008	0.1045	0.0900	0.0145	1.8695	1.2905	0.5789	0.9061	0.8039	0.1022	0.9633	0.4866	0.4767	2.4174	2.8715	0.2374	1.6594	1.8329	0.2529	2.5980	3.1823	0.2488	0.7391	0.7051	0.8149	0.7664	0.7282	1.0671	0.7134	0.6669	0.7608
88	106	0.2344	2	0	0	0	0	0	0	0	0	N	N	N	N	N	N	N	N	N	N	N	N	0.1037	0.0813	0.2280	0.5829	0.5853	0.0809	0.0516	0.0192	0.2272	0.1008	0.0835	0.1981	0.5605	0.5743	0.0708	0.0506	0.0212	0.2004	0.9720	1.0271	0.8690	0.9616	0.9812	0.8749	0.9809	1.1073	0.8822	0.4204	0.4523	0.0116	-1.0750	8.8820	4.1241	49.9570	16.2542	0.0580	0.0408	0.0172	0.0317	0.0316	0.0001	0.0263	0.0092	0.0170	5.1278	3.5308	1.5970	2.3313	2.1469	0.1845	2.7965	1.3839	1.4126	0.5754	0.4888	0.0866	0.0566	0.0550	0.0016	0.5188	0.4338	0.0851	5.2755	3.4378	1.8377	2.4245	2.1879	0.2366	2.8510	1.2499	1.6011	0.1037	0.0813	0.2280	0.5829	0.5853	0.0907	0.0516	0.0192	0.2272	0.9720	1.0271	0.8690	0.9616	0.9812	0.7797	0.9809	1.1073	0.8822
88	109	0.2122	2	0	0	0	0	0	0	0	0	N	N	N	N	N	N	N	N	N	N	N	N	0.5707	0.6298	0.5029	1.5828	1.5757	0.5473	0.3968	0.4757	0.4743	0.5913	0.5840	0.6231	1.5455	1.5849	0.4272	0.4313	0.3784	0.6284	1.0362	0.9273	1.2391	0.9764	1.0059	0.7805	1.0869	0.7954	1.3247	0.2443	0.7166	0.0731	-0.8997	8.8820	7.7801	49.9570	32.2209	0.7259	0.5834	0.1425	0.2724	0.2699	0.0026	0.4535	0.3135	0.1400	8.6823	5.0579	3.6245	3.7575	3.4385	0.3191	4.9248	1.6194	3.3054	1.2276	0.9989	0.2287	0.1763	0.1703	0.0060	1.0514	0.8286	0.2227	8.3793	5.4541	2.9252	3.8483	3.4183	0.4300	4.5310	2.0358	2.4952	0.5707	0.6298	0.5029	1.5828	1.5757	0.5758	0.3968	0.4757	0.4743	1.0362	0.9273	1.2391	0.9764	1.0059	0.7419	1.0869	0.7954	1.3247
89	90	0.1281	6	1	2	0	2	0	0	0	0	N	Y	N	Y	N	N	N	N	N	N	N	N	0.0000	0.0000	0.0000	0.0000	0.0000	0.0000	0.0000	0.0000	0.0000	0.0000	0.0000	0.0000	0.0000	0.0000	0.0000	0.0000	0.0000	0.0000	0.0000	0.0000	0.7962	0.0000	16.9291	0.0000	0.0000	0.0000	0.0000	0.0000	0.0000	0.0000	0.0000	0.0000	0.0000	0.0000	0.0000	0.0000	0.0000	0.0000	0.0000	0.0000	0.0000	0.0000	0.0000	0.0000	0.0000	0.0000	0.0000	0.0000	0.0000	0.0000	0.0000	0.0000	0.0000	0.0000	0.0000	0.0000	0.0000	0.0000	0.0000	0.0000	0.0000	0.0000	0.0000	0.0000	0.0000	0.0000	0.0000	0.0000	0.0000	0.0000	0.0000	0.0000	0.0000	0.0000	0.0000	0.0000	0.0000	0.0000											
89	91	0.1174	5	1	2	0	2	0	0	0	0	N	Y	N	Y	N	N	N	N	N	N	N	N	0.0000	0.0000	0.0000	0.0000	0.0000	0.0000	0.0000	0.0000	0.0000	0.0000	0.0000	0.0000	0.0000	0.0000	0.0000	0.0000	0.0000	0.0000	0.0000	0.0000	0.7962	1.0000	16.9291	3.0000	0.0000	0.0000	0.0000	0.0000	0.0000	0.0000	0.0000	0.0000	0.0000	0.0000	0.0000	0.0000	0.0000	0.0000	0.0000	0.0000	0.0000	0.0000	0.0161	0.0148	0.0014	0.0065	0.0062	0.0003	0.0096	0.0086	0.0010	0.1325	0.0662	0.0664	0.0142	0.0120	0.0022	0.1184	0.0542	0.0641	0.0000	0.0000	0.0000	0.0000	0.0000	0.0000	0.0000	0.0000	0.0000	0.0000	0.0000	0.0000	0.0000	0.0000	0.0000	0.0000	0.0000	0.0000											
89	92	0.1108	3	1	2	0	1	0	0	0	0	N	Y	N	N	N	N	N	N	N	N	N	N	0.0000	0.0000	0.0000	0.0000	0.0000	0.0000	0.0000	0.0000	0.0000	0.0000	0.0000	0.0000	0.0000	0.0000	0.0000	0.0000	0.0000	0.0000	0.0000	0.0000	0.7962	0.0000	16.9291	0.0000	0.0000	0.0000	0.0000	0.0000	0.0000	0.0000	0.0000	0.0000	0.0000	0.0000	0.0000	0.0000	0.0000	0.0000	0.0000	0.0000	0.0000	0.0000	0.0000	0.0000	0.0000	0.0000	0.0000	0.0000	0.0000	0.0000	0.0000	0.0000	0.0000	0.0000	0.0000	0.0000	0.0000	0.0000	0.0000	0.0000	0.0000	0.0000	0.0000	0.0000	0.0000	0.0000	0.0000	0.0000	0.0000	0.0000	0.0000	0.0000	0.0000	0.0000	0.0000	0.0000	0.0000	0.0000											
89	93	0.1174	5	1	1	1	2	0	0	0	0	N	N	N	Y	N	N	N	N	N	N	N	N	0.0000	0.0000	0.0000	0.0000	0.0000	0.0000	0.0000	0.0000	0.0000	0.0000	0.0000	0.0000	0.0000	0.0000	0.0000	0.0000	0.0000	0.0000	0.0000	0.0000	0.7962	0.0000	16.9291	0.0000	0.0000	0.0000	0.0000	0.0000	0.0000	0.0000	0.0000	0.0000	0.0000	0.0000	0.0000	0.0000	0.0000	0.0000	0.0000	0.0000	0.0000	0.0000	0.0000	0.0000	0.0000	0.0000	0.0000	0.0000	0.0000	0.0000	0.0000	0.0000	0.0000	0.0000	0.0000	0.0000	0.0000	0.0000	0.0000	0.0000	0.0000	0.0000	0.0000	0.0000	0.0000	0.0000	0.0000	0.0000	0.0000	0.0000	0.0000	0.0000	0.0000	0.0000	0.0000	0.0000	0.0000	0.0000											
89	94	0.1147	4	1	1	0	2	0	0	0	0	N	N	N	Y	N	N	N	N	N	N	N	N	0.0000	0.0000	0.0000	0.0000	0.0000	0.0000	0.0000	0.0000	0.0000	0.0000	0.0000	0.0000	0.0000	0.2694	0.0000	0.5367	0.0000	0.0000	0.0000	0.3068	0.0000	0.5546	inf	0.0000	0.0046	0.7962	1.0000	16.9291	0.0097	0.0000	0.0000	0.0000	0.0000	0.0000	0.0000	0.0000	0.0000	0.0000	0.0097	0.0000	0.0097	0.0000	0.0000	0.0000	0.0097	0.0000	0.0097	0.0161	0.0148	0.0014	0.0065	0.0062	0.0003	0.0096	0.0086	0.0010	0.0360	0.0179	0.0181	0.0044	0.0038	0.0006	0.0316	0.0141	0.0175	0.0000	0.0000	0.0000	0.0000	0.0000	0.0000	0.0000	0.0000	0.0000	0.2694	0.0000	0.5367	0.0000	0.0000	0.0000	0.3068	0.0000	0.5546						
89	95	0.1147	4	1	1	1	2	0	0	0	0	N	N	N	Y	N	N	N	N	N	N	N	N	0.0000	0.0000	0.0000	0.0000	0.0000	0.0000	0.0000	0.0000	0.0000	0.0000	0.0000	0.0000	0.0000	0.0000	0.0000	0.0000	6.0854	12.0803	0.0888	55.0721	64.8758	0.0000	0.0499	0.0000	0.0918	0.0073	0.0000	-0.5163	0.7962	2.0000	16.9291	3.0050	0.0000	0.0000	0.0000	0.0000	0.0000	0.0000	0.0000	0.0000	0.0000	1.0050	0.9976	0.0073	0.9976	0.9976	0.0000	0.0073	0.0000	0.0073	0.0317	0.0291	0.0027	0.0127	0.0121	0.0006	0.0190	0.0169	0.0021	0.1651	0.0826	0.0826	0.0181	0.0154	0.0027	0.1470	0.0672	0.0798	0.0000	0.0000	0.0000	0.0000	0.0000	0.0000	0.0000	0.0000	0.0000	6.0854	12.0803	0.0888	55.0721	64.8758	0.0000	0.0499	0.0000	0.0918			
89	96	0.1147	4	1	1	1	2	0	0	0	0	N	N	N	Y	N	N	N	N	N	N	N	N	0.0000	0.0000	0.0000	0.0000	0.0000	0.0000	0.0000	0.0000	0.0000	0.0000	0.0000	0.0000	0.0000	8.8501	17.6515	0.0000	81.6143	96.3433	0.0000	0.0000	0.0000	0.0000	0.0000	0.0000	-1.0371	0.7962	0.0000	16.9291	6.9903	0.0000	0.0000	0.0000	0.0000	0.0000	0.0000	0.0000	0.0000	0.0000	1.9903	1.9903	0.0000	1.9903	1.9903	0.0000	0.0000	0.0000	0.0000	0.0000	0.0000	0.0000	0.0000	0.0000	0.0000	0.0000	0.0000	0.0000	0.2249	0.1128	0.1121	0.0244	0.0207	0.0037	0.2005	0.0921	0.1084	0.0000	0.0000	0.0000	0.0000	0.0000	0.0000	0.0000	0.0000	0.0000	8.8501	17.6515	0.0000	81.6143	96.3433	0.0000	0.0000	0.0000	0.0000						
89	97	0.1091	3	1	1	0	2	0	0	0	0	N	N	N	Y	N	N	N	N	N	N	N	N	0.0000	0.0000	0.0000	0.0000	0.0000	0.0000	0.0000	0.0000	0.0000	0.0000	0.0000	0.0000	0.0000	0.0000	0.0000	0.0000	0.0000	0.3956	0.2515	0.5548	1.0444	1.1739	0.0343	0.3013	0.0000	0.5711	1.9961	0.0000	0.0046	0.7962	0.9999	16.9291	1.0605	0.0000	0.0000	0.0000	0.0000	0.0000	0.0000	0.0000	0.0000	0.0000	0.0320	0.0107	0.0213	0.0107	0.0107	0.0000	0.0213	0.0000	0.0213	0.0466	0.0441	0.0025	0.0213	0.0209	0.0005	0.0253	0.0233	0.0020	0.0808	0.0424	0.0384	0.0103	0.0091	0.0012	0.0706	0.0333	0.0372	0.0000	0.0000	0.0000	0.0000	0.0000	0.0000	0.0000	0.0000	0.0000	0.3956	0.2515	0.5548	1.0444	1.1739	0.0343	0.3013	0.0000	0.5711		
89	98	0.1070	2	1	1	0	2	0	0	0	0	N	N	N	Y	N	N	N	N	N	N	N	N	0.0311	4.7347	0.0066	0.8509	0.8885	0.0000	0.0352	961.0383	0.0096	0.6698	0.7402	0.3129	0.4823	0.5358	0.0000	0.8934	1.0300	0.4666	21.5598	0.1563	47.3882	0.5668	0.6031	0.1716	25.3806	0.0011	48.7753	0.0834	251.1835	-0.0000	0.4606	0.7962	0.0012	16.9291	1.0414	0.0001	0.0001	0.0000	0.0000	0.0000	0.0000	0.0001	0.0000	0.0000	0.9699	0.0038	0.9660	0.0039	0.0038	0.0001	0.9659	0.0000	0.9659	0.0001	0.0001	0.0000	0.0001	0.0001	0.0000	0.0001	0.0000	0.0000	0.0450	0.0246	0.0204	0.0069	0.0063	0.0006	0.0381	0.0183	0.0198	0.0311	4.7347	0.0066	0.8509	0.8885	0.0000	0.0352	961.0383	0.0096	21.5598	0.1563	47.3882	0.5668	0.6031	0.1716	25.3806	0.0011	48.7753
89	101	0.1139	4	2	2	0	1	0	0	0	0	Y	Y	N	N	N	N	N	N	N	N	N	N	0.0000	0.0000	0.0000	0.0000	0.0000	0.0000	0.0000	0.0000	0.0000	0.0000	0.0000	0.0000	0.0000	0.0000	0.0000	0.0000	0.0000	0.0000	0.0000	0.0000	0.7962	0.0000	16.9291	3.0000	0.0000	0.0000	0.0000	0.0000	0.0000	0.0000	0.0000	0.0000	0.0000	0.0000	0.0000	0.0000	0.0000	0.0000	0.0000	0.0000	0.0000	0.0000	0.0000	0.0000	0.0000	0.0000	0.0000	0.0000	0.0000	0.0000	0.0000	0.1064	0.0535	0.0529	0.0105	0.0088	0.0017	0.0959	0.0446	0.0513	0.0000	0.0000	0.0000	0.0000	0.0000	0.0000	0.0000	0.0000	0.0000	0.0000	0.0000	0.0000	0.0000	0.0000	0.0000	0.0000	0.0000	0.0000											
89	102	0.1108	3	2	2	0	1	0	0	0	0	Y	Y	N	N	N	N	N	N	N	N	N	N	0.0000	0.0000	0.0000	0.0000	0.0000	0.0000	0.0000	0.0000	0.0000	0.0000	0.0000	0.0000	0.0000	0.0000	0.0000	0.0000	0.0000	0.0000	0.0000	0.0000	0.7962	0.0000	16.9291	1.0000	0.0000	0.0000	0.0000	0.0000	0.0000	0.0000	0.0000	0.0000	0.0000	0.0000	0.0000	0.0000	0.0000	0.0000	0.0000	0.0000	0.0000	0.0000	0.0000	0.0000	0.0000	0.0000	0.0000	0.0000	0.0000	0.0000	0.0000	0.0370	0.0185	0.0184	0.0037	0.0031	0.0006	0.0333	0.0155	0.0179	0.0000	0.0000	0.0000	0.0000	0.0000	0.0000	0.0000	0.0000	0.0000	0.0000	0.0000	0.0000	0.0000	0.0000	0.0000	0.0000	0.0000	0.0000											
89	103	0.1070	2	1	2	0	1	0	0	0	0	N	Y	N	N	N	N	N	N	N	N	N	N	0.5732	0.4708	0.0000	0.1861	0.1939	0.0000	0.0000	0.0000	0.3366	0.4191	0.0000	0.5924	0.6713	0.0000	0.0000	0.0000	0.0000	0.5873	0.8900	0.2227	3.1826	3.4619	0.1531	0.1170	0.0000	0.2247	0.0000	0.2077	-0.0000	-0.0093	0.7962	0.0006	16.9291	1.0534	0.0000	0.0000	0.0000	0.0000	0.0000	0.0000	0.0000	0.0000	0.0000	0.0267	0.0221	0.0046	0.0222	0.0221	0.0001	0.0045	0.0000	0.0045	0.0001	0.0001	0.0000	0.0001	0.0001	0.0000	0.0000	0.0000	0.0000	0.0454	0.0248	0.0206	0.0070	0.0064	0.0006	0.0384	0.0184	0.0200	0.5732	0.4708	0.0000	0.1861	0.1939	0.0000	0.0000	0.0000	0.0000	0.5873	0.8900	0.2227	3.1826	3.4619	0.1531	0.1170	0.0000	0.2247	
89	109	0.3258	5	1	1	0	1	0	0	0	0	N	N	N	N	N	N	N	N	N	N	N	N	0.0162	0.0000	0.1561	0.0905	0.0000	51230.3645	0.0001	0.0000	0.0009	0.0236	0.0000	0.2497	0.0831	0.0000	2.3829	0.0002	0.0000	0.0018	1.4595	1.3941	1.6000	0.9177	1.0762	0.0000	1.9485	1.8566	2.0516	inf	0.5337	0.0032	-0.3828	0.7962	7.7801	16.9291	32.2209	0.0036	0.0000	0.0036	0.0035	0.0000	0.0035	0.0000	0.0000	0.0000	2.2112	1.4418	0.7694	0.6595	0.6595	0.0000	1.5517	0.7823	0.7694	0.1513	0.1370	0.0143	0.0427	0.0412	0.0015	0.1086	0.0957	0.0128	1.5151	1.0342	0.4809	0.7187	0.6128	0.1059	0.7964	0.4213	0.3750	0.0162	0.0000	0.1561	0.0905	0.0000	51230.3645	0.0001	0.0000	0.0009	1.4595	1.3941	1.6000	0.9177	1.0762	0.0000	1.9485	1.8566	2.0516
90	92	0.0248	6	0	2	0	1	0	0	0	0	N	Y	N	N	N	N	N	N	N	N	N	N	0.0000	0.0000	0.0000	0.0000	0.0000	0.0000	0.0000	0.0000	0.0000	0.0000	0.0000	0.0000	0.0000	0.0000	0.0000	0.0000	0.0000	0.0000	0.0000	0.0000	0.0000	0.0000	0.0000	0.0000	0.0000	0.0000	0.0000	0.0000	0.0000	0.0000	0.0000	0.0000	0.0000	0.0000	0.0000	0.0000	0.0000	0.0000	0.0000	0.0000	0.0000	0.0000	0.0000	0.0000	0.0000	0.0000	0.0000	0.0000	0.0000	0.0000	0.0000	0.0000	0.0000	0.0000	0.0000	0.0000	0.0000	0.0000	0.0000	0.0000	0.0000	0.0000	0.0000	0.0000	0.0000	0.0000	0.0000	0.0000	0.0000	0.0000	0.0000	0.0000	0.0000	0.0000	0.0000	0.0000	0.0000	0.0000											
90	93	0.0107	2	0	1	1	2	0	0	0	0	N	N	N	Y	N	N	N	N	N	N	N	N	0.0000	0.0000	0.0000	0.0000	0.0000	0.0000	0.0000	0.0000	0.0000	0.0000	0.0000	0.0000	0.0000	0.0000	0.0000	0.0000	0.0000	0.0000	0.0000	0.0000	0.0000	0.0000	0.0000	0.0000	0.0000	0.0000	0.0000	0.0000	0.0000	0.0000	0.0000	0.0000	0.0000	0.0000	0.0000	0.0000	0.0000	0.0000	0.0000	0.0000	0.0000	0.0000	0.0000	0.0000	0.0000	0.0000	0.0000	0.0000	0.0000	0.0000	0.0000	0.0000	0.0000	0.0000	0.0000	0.0000	0.0000	0.0000	0.0000	0.0000	0.0000	0.0000	0.0000	0.0000	0.0000	0.0000	0.0000	0.0000	0.0000	0.0000	0.0000	0.0000	0.0000	0.0000	0.0000	0.0000	0.0000	0.0000											
90	95	0.0134	3	0	1	1	2	0	0	0	0	N	N	N	Y	N	N	N	N	N	N	N	N	0.0000	0.0000	0.0000	0.0000	0.0000	0.0000	0.0000	0.0000	0.0000	0.0000	0.0000	0.0000	0.0000	0.0000	0.0000	0.0000	0.0000	0.0000	0.0000	0.0000	0.0000	2.0000	0.0000	3.0050	0.0000	0.0000	0.0000	0.0000	0.0000	0.0000	0.0000	0.0000	0.0000	0.0000	0.0000	0.0000	0.0000	0.0000	0.0000	0.0000	0.0000	0.0000	0.0000	0.0000	0.0000	0.0000	0.0000	0.0000	0.0000	0.0000	0.0000	0.0000	0.0000	0.0000	0.0000	0.0000	0.0000	0.0000	0.0000	0.0000	0.0000	0.0000	0.0000	0.0000	0.0000	0.0000	0.0000	0.0000	0.0000	0.0000	0.0000	0.0000	0.0000	0.0000	0.0000	0.0000	0.0000	0.0000											
90	96	0.0134	3	0	1	1	2	0	0	0	0	N	N	N	Y	N	N	N	N	N	N	N	N	0.0000	0.0000	0.0000	0.0000	0.0000	0.0000	0.0000	0.0000	0.0000	0.0000	0.0000	0.0000	0.0000	0.0000	0.0000	0.0000	0.0000	0.0000	0.0000	0.0000	0.0000	0.0000	0.0000	6.9903	0.0000	0.0000	0.0000	0.0000	0.0000	0.0000	0.0000	0.0000	0.0000	0.0000	0.0000	0.0000	0.0000	0.0000	0.0000	0.0000	0.0000	0.0000	0.0000	0.0000	0.0000	0.0000	0.0000	0.0000	0.0000	0.0000	0.0000	0.0000	0.0000	0.0000	0.0000	0.0000	0.0000	0.0000	0.0000	0.0000	0.0000	0.0000	0.0000	0.0000	0.0000	0.0000	0.0000	0.0000	0.0000	0.0000	0.0000	0.0000	0.0000	0.0000	0.0000	0.0000	0.0000	0.0000											
90	99	0.0720	6	1	2	0	1	0	0	0	0	N	Y	N	N	N	N	N	N	N	N	N	N	0.0000	0.0000	0.0000	0.0000	0.0000	0.0000	0.0000	0.0000	0.0000	0.0000	0.0000	0.0000	0.0000	0.0000	0.0000	0.0000	0.0000	0.0000	0.0000	0.0000	0.0000	3.2042	0.0000	9.0918	0.0000	0.0000	0.0000	0.0000	0.0000	0.0000	0.0000	0.0000	0.0000	0.0000	0.0000	0.0000	0.0000	0.0000	0.0000	0.0000	0.0000	0.0000	0.0000	0.0000	0.0000	0.0000	0.0000	0.0000	0.0000	0.0000	0.0000	0.0000	0.0000	0.0000	0.0000	0.0000	0.0000	0.0000	0.0000	0.0000	0.0000	0.0000	0.0000	0.0000	0.0000	0.0000	0.0000	0.0000	0.0000	0.0000	0.0000	0.0000	0.0000	0.0000	0.0000	0.0000	0.0000	0.0000											
90	100	0.0720	6	0	2	0	1	0	0	0	0	N	Y	N	N	N	N	N	N	N	N	N	N	0.0000	0.0000	0.0000	0.0000	0.0000	0.0000	0.0000	0.0000	0.0000	0.0000	0.0000	0.0000	0.0000	0.0000	0.0000	0.0000	0.0000	0.0000	0.0000	0.0000	0.0000	0.7962	0.0000	10.9291	0.0000	0.0000	0.0000	0.0000	0.0000	0.0000	0.0000	0.0000	0.0000	0.0000	0.0000	0.0000	0.0000	0.0000	0.0000	0.0000	0.0000	0.0000	0.0000	0.0000	0.0000	0.0000	0.0000	0.0000	0.0000	0.0000	0.0000	0.0000	0.0000	0.0000	0.0000	0.0000	0.0000	0.0000	0.0000	0.0000	0.0000	0.0000	0.0000	0.0000	0.0000	0.0000	0.0000	0.0000	0.0000	0.0000	0.0000	0.0000	0.0000	0.0000	0.0000	0.0000	0.0000	0.0000											
90	101	0.0279	7	1	2	0	1	0	0	0	0	N	Y	N	N	N	N	N	N	N	N	N	N	0.0000	0.0000	0.0000	0.0000	0.0000	0.0000	0.0000	0.0000	0.0000	0.0000	0.0000	0.0000	0.0000	0.0000	0.0000	0.0000	0.0000	0.0000	0.0000	0.0000	0.0000	0.0000	0.0000	3.0000	0.0000	0.0000	0.0000	0.0000	0.0000	0.0000	0.0000	0.0000	0.0000	0.0000	0.0000	0.0000	0.0000	0.0000	0.0000	0.0000	0.0000	0.0000	0.0000	0.0000	0.0000	0.0000	0.0000	0.0000	0.0000	0.0000	0.0000	0.0000	0.0000	0.0000	0.0000	0.0000	0.0000	0.0000	0.0000	0.0000	0.0000	0.0000	0.0000	0.0000	0.0000	0.0000	0.0000	0.0000	0.0000	0.0000	0.0000	0.0000	0.0000	0.0000	0.0000	0.0000	0.0000	0.0000											
90	102	0.0248	6	1	2	0	1	0	0	0	0	N	Y	N	N	N	N	N	N	N	N	N	N	0.0000	0.0000	0.0000	0.0000	0.0000	0.0000	0.0000	0.0000	0.0000	0.0000	0.0000	0.0000	0.0000	0.0000	0.0000	0.0000	0.0000	0.0000	0.0000	0.0000	0.0000	0.0000	0.0000	1.0000	0.0000	0.0000	0.0000	0.0000	0.0000	0.0000	0.0000	0.0000	0.0000	0.0000	0.0000	0.0000	0.0000	0.0000	0.0000	0.0000	0.0000	0.0000	0.0000	0.0000	0.0000	0.0000	0.0000	0.0000	0.0000	0.0000	0.0000	0.0000	0.0000	0.0000	0.0000	0.0000	0.0000	0.0000	0.0000	0.0000	0.0000	0.0000	0.0000	0.0000	0.0000	0.0000	0.0000	0.0000	0.0000	0.0000	0.0000	0.0000	0.0000	0.0000	0.0000	0.0000	0.0000	0.0000											
90	103	0.0210	5	0	2	0	1	0	0	0	0	N	Y	N	N	N	N	N	N	N	N	N	N	0.0000	0.0000	0.0000	0.0000	0.0000	0.0000	0.0000	0.0000	0.0000	0.0000	0.0000	0.0000	0.0000	0.0000	0.0000	0.0000	0.0000	0.0000	0.0000	0.0000	0.0000	0.0006	0.0000	1.0534	0.0000	0.0000	0.0000	0.0000	0.0000	0.0000	0.0000	0.0000	0.0000	0.0000	0.0000	0.0000	0.0000	0.0000	0.0000	0.0000	0.0000	0.0000	0.0000	0.0000	0.0000	0.0000	0.0000	0.0000	0.0000	0.0000	0.0000	0.0000	0.0000	0.0000	0.0000	0.0000	0.0000	0.0000	0.0000	0.0000	0.0000	0.0000	0.0000	0.0000	0.0000	0.0000	0.0000	0.0000	0.0000	0.0000	0.0000	0.0000	0.0000	0.0000	0.0000	0.0000	0.0000	0.0000											
90	109	0.3417	10	0	1	0	1	0	0	0	0	N	N	N	N	N	N	N	N	N	N	N	N	0.0000	0.0000	0.0000	0.0000	0.0000	0.0000	0.0000	0.0000	0.0000	0.0000	0.0000	0.0000	0.0000	0.0000	0.0000	0.0000	0.0000	0.0000	0.0000	0.0000	0.0000	7.7801	0.0000	32.2209	0.0000	0.0000	0.0000	0.0000	0.0000	0.0000	0.0000	0.0000	0.0000	0.0000	0.0000	0.0000	0.0000	0.0000	0.0000	0.0000	0.0000	0.0000	0.0000	0.0000	0.0000	0.0000	0.0000	0.0000	0.0000	0.0000	0.0000	0.0000	0.0000	0.0000	0.0000	0.0000	0.0000	0.0000	0.0000	0.0000	0.0000	0.0000	0.0000	0.0000	0.0000	0.0000	0.0000	0.0000	0.0000	0.0000	0.0000	0.0000	0.0000	0.0000	0.0000	0.0000	0.0000	0.0000											
91	92	0.0248	5	0	2	0	1	0	0	0	0	N	Y	N	N	N	N	N	N	N	N	N	N	0.0000	0.0000	0.0000	0.0000	0.0000	0.0000	0.0000	0.0000	0.0000	0.0000	0.0000	0.0000	0.0000	0.0000	0.0000	0.0000	0.0000	0.0000	0.0000	0.0000	1.0000	0.0000	3.0000	0.0000	0.0000	0.0000	0.0000	0.0000	0.0000	0.0000	0.0000	0.0000	0.0000	0.0000	0.0000	0.0000	0.0000	0.0000	0.0000	0.0000	0.0000	0.0000	0.0000	0.0000	0.0000	0.0000	0.0000	0.0000	0.0000	0.0000	0.0000	0.0000	0.0000	0.0000	0.0000	0.0000	0.0000	0.0000	0.0000	0.0000	0.0000	0.0000	0.0000	0.0000	0.0000	0.0000	0.0000	0.0000	0.0000	0.0000	0.0000	0.0000	0.0000	0.0000	0.0000	0.0000	0.0000	0.0000											
91	95	0.0134	2	0	1	1	2	0	0	0	0	N	N	N	Y	N	N	N	N	N	N	N	N	0.0000	0.0000	0.0000	0.0000	0.0000	0.0000	0.0000	0.0000	0.0000	0.0000	0.0000	0.0000	0.0000	0.0000	0.0000	0.0000	0.0000	0.0000	0.0000	0.0000	1.0000	2.0000	3.0000	3.0050	0.0000	0.0000	0.0000	0.0000	0.0000	0.0000	0.0000	0.0000	0.0000	0.0000	0.0000	0.0000	0.0000	0.0000	0.0000	0.0000	0.0000	0.0000	0.0310	0.0267	0.0043	0.0000	0.0000	0.0000	0.0310	0.0267	0.0043	0.0708	0.0333	0.0375	0.0001	0.0001	0.0000	0.0708	0.0332	0.0375	0.0000	0.0000	0.0000	0.0000	0.0000	0.0000	0.0000	0.0000	0.0000	0.0000	0.0000	0.0000	0.0000	0.0000	0.0000	0.0000	0.0000	0.0000											
91	96	0.0134	2	0	1	1	2	0	0	0	0	N	N	N	Y	N	N	N	N	N	N	N	N	0.0000	0.0000	0.0000	0.0000	0.0000	0.0000	0.0000	0.0000	0.0000	0.0000	0.0000	0.0000	0.0000	10.4114	0.0000	19.6920	0.0000	0.0000	0.0000	10.4197	0.0000	19.6921	inf	0.0000	0.4789	1.0000	0.0000	3.0000	6.9903	0.0000	0.0000	0.0000	0.0000	0.0000	0.0000	0.0000	0.0000	0.0000	1.0000	0.0000	1.0000	0.0000	0.0000	0.0000	1.0000	0.0000	1.0000	0.0000	0.0000	0.0000	0.0000	0.0000	0.0000	0.0000	0.0000	0.0000	0.0960	0.0453	0.0508	0.0001	0.0001	0.0000	0.0960	0.0452	0.0508	0.0000	0.0000	0.0000	0.0000	0.0000	0.0000	0.0000	0.0000	0.0000	10.4114	0.0000	19.6920	0.0000	0.0000	0.0000	10.4197	0.0000	19.6921						
91	99	0.0720	5	1	2	0	1	0	0	0	0	N	Y	N	N	N	N	N	N	N	N	N	N	0.0000	0.0000	0.0000	0.0000	0.0000	0.0000	0.0000	0.0000	0.0000	0.0000	0.0000	0.0000	0.0000	0.0000	0.0000	0.0000	0.0000	0.0000	0.0000	0.0000	1.0000	3.2042	3.0000	9.0918	0.0000	0.0000	0.0000	0.0000	0.0000	0.0000	0.0000	0.0000	0.0000	0.0000	0.0000	0.0000	0.0000	0.0000	0.0000	0.0000	0.0000	0.0000	0.0508	0.0454	0.0053	0.0183	0.0170	0.0013	0.0325	0.0285	0.0040	0.1082	0.0541	0.0541	0.0120	0.0102	0.0018	0.0962	0.0439	0.0523	0.0000	0.0000	0.0000	0.0000	0.0000	0.0000	0.0000	0.0000	0.0000	0.0000	0.0000	0.0000	0.0000	0.0000	0.0000	0.0000	0.0000	0.0000											
91	100	0.0720	5	0	2	0	1	0	0	0	0	N	Y	N	N	N	N	N	N	N	N	N	N	0.0000	0.0000	0.0000	0.0000	0.0000	0.0000	0.0000	0.0000	0.0000	0.0000	0.0000	0.0000	0.0000	0.0000	0.0000	0.0000	0.0000	0.0000	0.0000	0.0000	1.0000	0.7962	3.0000	10.9291	0.0000	0.0000	0.0000	0.0000	0.0000	0.0000	0.0000	0.0000	0.0000	0.0000	0.0000	0.0000	0.0000	0.0000	0.0000	0.0000	0.0000	0.0000	0.0161	0.0148	0.0014	0.0065	0.0062	0.0003	0.0096	0.0086	0.0010	0.0948	0.0475	0.0473	0.0108	0.0093	0.0016	0.0840	0.0382	0.0457	0.0000	0.0000	0.0000	0.0000	0.0000	0.0000	0.0000	0.0000	0.0000	0.0000	0.0000	0.0000	0.0000	0.0000	0.0000	0.0000	0.0000	0.0000											
91	101	0.0279	6	1	2	0	1	0	0	0	0	N	Y	N	N	N	N	N	N	N	N	N	N	0.0000	0.0000	0.0000	0.0000	0.0000	0.0000	0.0000	0.0000	0.0000	0.0000	0.0000	0.0000	0.0000	0.0000	0.0000	0.0000	0.0000	0.0000	0.0000	0.0000	1.0000	0.0000	3.0000	3.0000	0.0000	0.0000	0.0000	0.0000	0.0000	0.0000	0.0000	0.0000	0.0000	0.0000	0.0000	0.0000	0.0000	0.0000	0.0000	0.0000	0.0000	0.0000	0.0000	0.0000	0.0000	0.0000	0.0000	0.0000	0.0000	0.0000	0.0000	0.0425	0.0200	0.0225	0.0002	0.0002	0.0000	0.0423	0.0198	0.0225	0.0000	0.0000	0.0000	0.0000	0.0000	0.0000	0.0000	0.0000	0.0000	0.0000	0.0000	0.0000	0.0000	0.0000	0.0000	0.0000	0.0000	0.0000											
91	102	0.0248	5	1	2	0	1	0	0	0	0	N	Y	N	N	N	N	N	N	N	N	N	N	0.0000	0.0000	0.0000	0.0000	0.0000	0.0000	0.0000	0.0000	0.0000	0.0000	0.0000	0.0000	0.0000	0.0000	0.0000	0.0000	0.0000	0.0000	0.0000	0.0000	1.0000	0.0000	3.0000	1.0000	0.0000	0.0000	0.0000	0.0000	0.0000	0.0000	0.0000	0.0000	0.0000	0.0000	0.0000	0.0000	0.0000	0.0000	0.0000	0.0000	0.0000	0.0000	0.0000	0.0000	0.0000	0.0000	0.0000	0.0000	0.0000	0.0000	0.0000	0.0148	0.0070	0.0079	0.0001	0.0001	0.0000	0.0148	0.0069	0.0079	0.0000	0.0000	0.0000	0.0000	0.0000	0.0000	0.0000	0.0000	0.0000	0.0000	0.0000	0.0000	0.0000	0.0000	0.0000	0.0000	0.0000	0.0000											
91	103	0.0210	4	0	2	0	1	0	0	0	0	N	Y	N	N	N	N	N	N	N	N	N	N	0.0000	0.0000	0.0000	0.0000	0.0000	0.0000	0.0000	0.0000	0.0000	0.0000	0.0000	0.0000	0.0000	0.0000	0.0000	0.0000	0.0000	0.0000	0.0000	0.0000	1.0000	0.0006	3.0000	1.0534	0.0000	0.0000	0.0000	0.0000	0.0000	0.0000	0.0000	0.0000	0.0000	0.0000	0.0000	0.0000	0.0000	0.0000	0.0000	0.0000	0.0000	0.0000	0.0000	0.0000	0.0000	0.0000	0.0000	0.0000	0.0000	0.0000	0.0000	0.0171	0.0086	0.0085	0.0008	0.0008	0.0000	0.0163	0.0078	0.0085	0.0000	0.0000	0.0000	0.0000	0.0000	0.0000	0.0000	0.0000	0.0000	0.0000	0.0000	0.0000	0.0000	0.0000	0.0000	0.0000	0.0000	0.0000											
91	109	0.3417	9	0	1	0	1	0	0	0	0	N	N	N	N	N	N	N	N	N	N	N	N	0.0000	0.0000	0.0000	0.0000	0.0000	0.0000	0.0000	0.0000	0.0000	0.0000	0.0000	0.0000	0.0000	0.0000	0.0000	0.0513	0.0708	0.0000	0.0048	0.0058	0.0000	0.1373	0.2682	0.0000	0.0000	0.0000	-0.0081	1.0000	7.7801	3.0000	32.2209	0.0000	0.0000	0.0000	0.0000	0.0000	0.0000	0.0000	0.0000	0.0000	0.0155	0.0155	0.0000	0.0010	0.0010	0.0000	0.0146	0.0146	0.0000	0.1022	0.0914	0.0108	0.0443	0.0410	0.0033	0.0579	0.0504	0.0075	0.3025	0.2193	0.0832	0.1963	0.1650	0.0314	0.1062	0.0544	0.0518	0.0000	0.0000	0.0000	0.0000	0.0000	0.0000	0.0000	0.0000	0.0000	0.0513	0.0708	0.0000	0.0048	0.0058	0.0000	0.1373	0.2682	0.0000				
92	93	0.0141	5	0	1	1	1	0	0	0	0	N	N	N	N	N	N	N	N	N	N	N	N	0.0000	0.0000	0.0000	0.0000	0.0000	0.0000	0.0000	0.0000	0.0000	0.0000	0.0000	0.0000	0.0000	0.0000	0.0000	0.0000	0.0000	0.0000	0.0000	0.0000	0.0000	0.0000	0.0000	0.0000	0.0000	0.0000	0.0000	0.0000	0.0000	0.0000	0.0000	0.0000	0.0000	0.0000	0.0000	0.0000	0.0000	0.0000	0.0000	0.0000	0.0000	0.0000	0.0000	0.0000	0.0000	0.0000	0.0000	0.0000	0.0000	0.0000	0.0000	0.0000	0.0000	0.0000	0.0000	0.0000	0.0000	0.0000	0.0000	0.0000	0.0000	0.0000	0.0000	0.0000	0.0000	0.0000	0.0000	0.0000	0.0000	0.0000	0.0000	0.0000	0.0000	0.0000	0.0000	0.0000	0.0000	0.0000											
92	94	0.0114	4	0	1	0	1	0	0	0	0	N	N	N	N	N	N	N	N	N	N	N	N	0.0000	0.0000	0.0000	0.0000	0.0000	0.0000	0.0000	0.0000	0.0000	0.0000	0.0000	0.0000	0.0000	0.0000	0.0000	0.0000	0.0000	0.0000	0.0000	0.0000	0.0000	1.0000	0.0000	0.0097	0.0000	0.0000	0.0000	0.0000	0.0000	0.0000	0.0000	0.0000	0.0000	0.0000	0.0000	0.0000	0.0000	0.0000	0.0000	0.0000	0.0000	0.0000	0.0000	0.0000	0.0000	0.0000	0.0000	0.0000	0.0000	0.0000	0.0000	0.0000	0.0000	0.0000	0.0000	0.0000	0.0000	0.0000	0.0000	0.0000	0.0000	0.0000	0.0000	0.0000	0.0000	0.0000	0.0000	0.0000	0.0000	0.0000	0.0000	0.0000	0.0000	0.0000	0.0000	0.0000	0.0000	0.0000											
92	95	0.0114	4	0	1	1	1	0	0	0	0	N	N	N	N	N	N	N	N	N	N	N	N	0.0000	0.0000	0.0000	0.0000	0.0000	0.0000	0.0000	0.0000	0.0000	0.0000	0.0000	0.0000	0.0000	0.0000	0.0000	0.0000	0.0000	0.0000	0.0000	0.0000	0.0000	2.0000	0.0000	3.0050	0.0000	0.0000	0.0000	0.0000	0.0000	0.0000	0.0000	0.0000	0.0000	0.0000	0.0000	0.0000	0.0000	0.0000	0.0000	0.0000	0.0000	0.0000	0.0000	0.0000	0.0000	0.0000	0.0000	0.0000	0.0000	0.0000	0.0000	0.0000	0.0000	0.0000	0.0000	0.0000	0.0000	0.0000	0.0000	0.0000	0.0000	0.0000	0.0000	0.0000	0.0000	0.0000	0.0000	0.0000	0.0000	0.0000	0.0000	0.0000	0.0000	0.0000	0.0000	0.0000	0.0000	0.0000											
92	96	0.0114	4	0	1	1	1	0	0	0	0	N	N	N	N	N	N	N	N	N	N	N	N	0.0000	0.0000	0.0000	0.0000	0.0000	0.0000	0.0000	0.0000	0.0000	0.0000	0.0000	0.0000	0.0000	0.0000	0.0000	0.0000	0.0000	0.0000	0.0000	0.0000	0.0000	0.0000	0.0000	6.9903	0.0000	0.0000	0.0000	0.0000	0.0000	0.0000	0.0000	0.0000	0.0000	0.0000	0.0000	0.0000	0.0000	0.0000	0.0000	0.0000	0.0000	0.0000	0.0000	0.0000	0.0000	0.0000	0.0000	0.0000	0.0000	0.0000	0.0000	0.0000	0.0000	0.0000	0.0000	0.0000	0.0000	0.0000	0.0000	0.0000	0.0000	0.0000	0.0000	0.0000	0.0000	0.0000	0.0000	0.0000	0.0000	0.0000	0.0000	0.0000	0.0000	0.0000	0.0000	0.0000	0.0000	0.0000											
92	97	0.0059	3	0	1	0	1	0	0	0	0	N	N	N	N	N	N	N	N	N	N	N	N	0.0000	0.0000	0.0000	0.0000	0.0000	0.0000	0.0000	0.0000	0.0000	0.0000	0.0000	0.0000	0.0000	0.0000	0.0000	0.0000	0.0000	0.0000	0.0000	0.0000	0.0000	0.9999	0.0000	1.0605	0.0000	0.0000	0.0000	0.0000	0.0000	0.0000	0.0000	0.0000	0.0000	0.0000	0.0000	0.0000	0.0000	0.0000	0.0000	0.0000	0.0000	0.0000	0.0000	0.0000	0.0000	0.0000	0.0000	0.0000	0.0000	0.0000	0.0000	0.0000	0.0000	0.0000	0.0000	0.0000	0.0000	0.0000	0.0000	0.0000	0.0000	0.0000	0.0000	0.0000	0.0000	0.0000	0.0000	0.0000	0.0000	0.0000	0.0000	0.0000	0.0000	0.0000	0.0000	0.0000	0.0000	0.0000											
92	98	0.0038	2	0	1	0	1	0	0	0	0	N	N	N	N	N	N	N	N	N	N	N	N	0.0000	0.0000	0.0000	0.0000	0.0000	0.0000	0.0000	0.0000	0.0000	0.0000	0.0000	0.0000	0.0000	0.0000	0.0000	0.0000	0.0000	0.0000	0.0000	0.0000	0.0000	0.0012	0.0000	1.0414	0.0000	0.0000	0.0000	0.0000	0.0000	0.0000	0.0000	0.0000	0.0000	0.0000	0.0000	0.0000	0.0000	0.0000	0.0000	0.0000	0.0000	0.0000	0.0000	0.0000	0.0000	0.0000	0.0000	0.0000	0.0000	0.0000	0.0000	0.0000	0.0000	0.0000	0.0000	0.0000	0.0000	0.0000	0.0000	0.0000	0.0000	0.0000	0.0000	0.0000	0.0000	0.0000	0.0000	0.0000	0.0000	0.0000	0.0000	0.0000	0.0000	0.0000	0.0000	0.0000	0.0000	0.0000											
92	99	0.0548	3	1	2	0	0	0	0	0	0	N	Y	N	N	N	N	N	N	N	N	N	N	0.0000	0.0000	0.0000	0.0000	0.0000	0.0000	0.0000	0.0000	0.0000	0.0000	0.0000	0.0000	0.0000	0.0000	0.0000	0.0000	0.0000	0.0000	0.0000	0.0000	0.0000	3.2042	0.0000	9.0918	0.0000	0.0000	0.0000	0.0000	0.0000	0.0000	0.0000	0.0000	0.0000	0.0000	0.0000	0.0000	0.0000	0.0000	0.0000	0.0000	0.0000	0.0000	0.0000	0.0000	0.0000	0.0000	0.0000	0.0000	0.0000	0.0000	0.0000	0.0000	0.0000	0.0000	0.0000	0.0000	0.0000	0.0000	0.0000	0.0000	0.0000	0.0000	0.0000	0.0000	0.0000	0.0000	0.0000	0.0000	0.0000	0.0000	0.0000	0.0000	0.0000	0.0000	0.0000	0.0000	0.0000	0.0000											
92	100	0.0548	3	0	2	0	0	0	0	0	0	N	Y	N	N	N	N	N	N	N	N	N	N	0.0000	0.0000	0.0000	0.0000	0.0000	0.0000	0.0000	0.0000	0.0000	0.0000	0.0000	0.0000	0.0000	0.0000	0.0000	0.0000	0.0000	0.0000	0.0000	0.0000	0.0000	0.7962	0.0000	10.9291	0.0000	0.0000	0.0000	0.0000	0.0000	0.0000	0.0000	0.0000	0.0000	0.0000	0.0000	0.0000	0.0000	0.0000	0.0000	0.0000	0.0000	0.0000	0.0000	0.0000	0.0000	0.0000	0.0000	0.0000	0.0000	0.0000	0.0000	0.0000	0.0000	0.0000	0.0000	0.0000	0.0000	0.0000	0.0000	0.0000	0.0000	0.0000	0.0000	0.0000	0.0000	0.0000	0.0000	0.0000	0.0000	0.0000	0.0000	0.0000	0.0000	0.0000	0.0000	0.0000	0.0000	0.0000											
92	101	0.0031	2	1	2	0	0	0	0	0	0	N	Y	N	N	N	N	N	N	N	N	N	N	0.0000	0.0000	0.0000	0.0000	0.0000	0.0000	0.0000	0.0000	0.0000	0.0000	0.0000	0.0000	0.0000	0.0000	0.0000	0.0000	0.0000	0.0000	0.0000	0.0000	0.0000	0.0000	0.0000	3.0000	0.0000	0.0000	0.0000	0.0000	0.0000	0.0000	0.0000	0.0000	0.0000	0.0000	0.0000	0.0000	0.0000	0.0000	0.0000	0.0000	0.0000	0.0000	0.0000	0.0000	0.0000	0.0000	0.0000	0.0000	0.0000	0.0000	0.0000	0.0000	0.0000	0.0000	0.0000	0.0000	0.0000	0.0000	0.0000	0.0000	0.0000	0.0000	0.0000	0.0000	0.0000	0.0000	0.0000	0.0000	0.0000	0.0000	0.0000	0.0000	0.0000	0.0000	0.0000	0.0000	0.0000	0.0000											
92	109	0.3245	7	0	1	0	0	0	0	0	0	N	N	N	N	N	N	N	N	N	N	N	N	0.0000	0.0000	0.0000	0.0000	0.0000	0.0000	0.0000	0.0000	0.0000	0.0000	0.0000	0.0000	0.0000	0.0000	0.0000	0.0000	0.0000	0.0000	0.0000	0.0000	0.0000	7.7801	0.0000	32.2209	0.0000	0.0000	0.0000	0.0000	0.0000	0.0000	0.0000	0.0000	0.0000	0.0000	0.0000	0.0000	0.0000	0.0000	0.0000	0.0000	0.0000	0.0000	0.0000	0.0000	0.0000	0.0000	0.0000	0.0000	0.0000	0.0000	0.0000	0.0000	0.0000	0.0000	0.0000	0.0000	0.0000	0.0000	0.0000	0.0000	0.0000	0.0000	0.0000	0.0000	0.0000	0.0000	0.0000	0.0000	0.0000	0.0000	0.0000	0.0000	0.0000	0.0000	0.0000	0.0000	0.0000	0.0000											
93	95	0.0027	2	0	0	2	2	0	0	0	0	N	N	Y	Y	N	N	N	N	N	N	N	N	0.0000	0.0000	0.0000	0.0000	0.0000	0.0000	0.0000	0.0000	0.0000	0.0000	0.0000	0.0000	0.0000	0.0000	0.0000	0.0000	0.0000	0.0000	0.0000	0.0000	0.0000	2.0000	0.0000	3.0050	0.0000	0.0000	0.0000	0.0000	0.0000	0.0000	0.0000	0.0000	0.0000	0.0000	0.0000	0.0000	0.0000	0.0000	0.0000	0.0000	0.0000	0.0000	0.0000	0.0000	0.0000	0.0000	0.0000	0.0000	0.0000	0.0000	0.0000	0.0000	0.0000	0.0000	0.0000	0.0000	0.0000	0.0000	0.0000	0.0000	0.0000	0.0000	0.0000	0.0000	0.0000	0.0000	0.0000	0.0000	0.0000	0.0000	0.0000	0.0000	0.0000	0.0000	0.0000	0.0000	0.0000	0.0000											
93	96	0.0027	2	0	0	2	2	0	0	0	0	N	N	Y	Y	N	N	N	N	N	N	N	N	0.0000	0.0000	0.0000	0.0000	0.0000	0.0000	0.0000	0.0000	0.0000	0.0000	0.0000	0.0000	0.0000	0.0000	0.0000	0.0000	0.0000	0.0000	0.0000	0.0000	0.0000	0.0000	0.0000	6.9903	0.0000	0.0000	0.0000	0.0000	0.0000	0.0000	0.0000	0.0000	0.0000	0.0000	0.0000	0.0000	0.0000	0.0000	0.0000	0.0000	0.0000	0.0000	0.0000	0.0000	0.0000	0.0000	0.0000	0.0000	0.0000	0.0000	0.0000	0.0000	0.0000	0.0000	0.0000	0.0000	0.0000	0.0000	0.0000	0.0000	0.0000	0.0000	0.0000	0.0000	0.0000	0.0000	0.0000	0.0000	0.0000	0.0000	0.0000	0.0000	0.0000	0.0000	0.0000	0.0000	0.0000	0.0000											
93	99	0.0613	5	1	1	1	1	0	0	0	0	N	N	N	N	N	N	N	N	N	N	N	N	0.0000	0.0000	0.0000	0.0000	0.0000	0.0000	0.0000	0.0000	0.0000	0.0000	0.0000	0.0000	0.0000	0.0000	0.0000	0.0000	0.0000	0.0000	0.0000	0.0000	0.0000	3.2042	0.0000	9.0918	0.0000	0.0000	0.0000	0.0000	0.0000	0.0000	0.0000	0.0000	0.0000	0.0000	0.0000	0.0000	0.0000	0.0000	0.0000	0.0000	0.0000	0.0000	0.0000	0.0000	0.0000	0.0000	0.0000	0.0000	0.0000	0.0000	0.0000	0.0000	0.0000	0.0000	0.0000	0.0000	0.0000	0.0000	0.0000	0.0000	0.0000	0.0000	0.0000	0.0000	0.0000	0.0000	0.0000	0.0000	0.0000	0.0000	0.0000	0.0000	0.0000	0.0000	0.0000	0.0000	0.0000	0.0000											
93	100	0.0613	5	0	1	1	1	0	0	0	0	N	N	N	N	N	N	N	N	N	N	N	N	0.0000	0.0000	0.0000	0.0000	0.0000	0.0000	0.0000	0.0000	0.0000	0.0000	0.0000	0.0000	0.0000	0.0000	0.0000	0.0000	0.0000	0.0000	0.0000	0.0000	0.0000	0.7962	0.0000	10.9291	0.0000	0.0000	0.0000	0.0000	0.0000	0.0000	0.0000	0.0000	0.0000	0.0000	0.0000	0.0000	0.0000	0.0000	0.0000	0.0000	0.0000	0.0000	0.0000	0.0000	0.0000	0.0000	0.0000	0.0000	0.0000	0.0000	0.0000	0.0000	0.0000	0.0000	0.0000	0.0000	0.0000	0.0000	0.0000	0.0000	0.0000	0.0000	0.0000	0.0000	0.0000	0.0000	0.0000	0.0000	0.0000	0.0000	0.0000	0.0000	0.0000	0.0000	0.0000	0.0000	0.0000	0.0000											
93	101	0.0172	6	1	1	1	1	0	0	0	0	N	N	N	N	N	N	N	N	N	N	N	N	0.0000	0.0000	0.0000	0.0000	0.0000	0.0000	0.0000	0.0000	0.0000	0.0000	0.0000	0.0000	0.0000	0.0000	0.0000	0.0000	0.0000	0.0000	0.0000	0.0000	0.0000	0.0000	0.0000	3.0000	0.0000	0.0000	0.0000	0.0000	0.0000	0.0000	0.0000	0.0000	0.0000	0.0000	0.0000	0.0000	0.0000	0.0000	0.0000	0.0000	0.0000	0.0000	0.0000	0.0000	0.0000	0.0000	0.0000	0.0000	0.0000	0.0000	0.0000	0.0000	0.0000	0.0000	0.0000	0.0000	0.0000	0.0000	0.0000	0.0000	0.0000	0.0000	0.0000	0.0000	0.0000	0.0000	0.0000	0.0000	0.0000	0.0000	0.0000	0.0000	0.0000	0.0000	0.0000	0.0000	0.0000	0.0000											
93	102	0.0141	5	1	1	1	1	0	0	0	0	N	N	N	N	N	N	N	N	N	N	N	N	0.0000	0.0000	0.0000	0.0000	0.0000	0.0000	0.0000	0.0000	0.0000	0.0000	0.0000	0.0000	0.0000	0.0000	0.0000	0.0000	0.0000	0.0000	0.0000	0.0000	0.0000	0.0000	0.0000	1.0000	0.0000	0.0000	0.0000	0.0000	0.0000	0.0000	0.0000	0.0000	0.0000	0.0000	0.0000	0.0000	0.0000	0.0000	0.0000	0.0000	0.0000	0.0000	0.0000	0.0000	0.0000	0.0000	0.0000	0.0000	0.0000	0.0000	0.0000	0.0000	0.0000	0.0000	0.0000	0.0000	0.0000	0.0000	0.0000	0.0000	0.0000	0.0000	0.0000	0.0000	0.0000	0.0000	0.0000	0.0000	0.0000	0.0000	0.0000	0.0000	0.0000	0.0000	0.0000	0.0000	0.0000	0.0000											
93	103	0.0103	4	0	1	1	1	0	0	0	0	N	N	N	N	N	N	N	N	N	N	N	N	0.0000	0.0000	0.0000	0.0000	0.0000	0.0000	0.0000	0.0000	0.0000	0.0000	0.0000	0.0000	0.0000	0.0000	0.0000	0.0000	0.0000	0.0000	0.0000	0.0000	0.0000	0.0006	0.0000	1.0534	0.0000	0.0000	0.0000	0.0000	0.0000	0.0000	0.0000	0.0000	0.0000	0.0000	0.0000	0.0000	0.0000	0.0000	0.0000	0.0000	0.0000	0.0000	0.0000	0.0000	0.0000	0.0000	0.0000	0.0000	0.0000	0.0000	0.0000	0.0000	0.0000	0.0000	0.0000	0.0000	0.0000	0.0000	0.0000	0.0000	0.0000	0.0000	0.0000	0.0000	0.0000	0.0000	0.0000	0.0000	0.0000	0.0000	0.0000	0.0000	0.0000	0.0000	0.0000	0.0000	0.0000	0.0000											
93	109	0.3310	9	0	0	1	1	0	0	0	0	N	N	N	N	N	N	N	N	N	N	N	N	0.0000	0.0000	0.0000	0.0000	0.0000	0.0000	0.0000	0.0000	0.0000	0.0000	0.0000	0.0000	0.0000	0.0000	0.0000	0.0000	0.0000	0.0000	0.0000	0.0000	0.0000	7.7801	0.0000	32.2209	0.0000	0.0000	0.0000	0.0000	0.0000	0.0000	0.0000	0.0000	0.0000	0.0000	0.0000	0.0000	0.0000	0.0000	0.0000	0.0000	0.0000	0.0000	0.0000	0.0000	0.0000	0.0000	0.0000	0.0000	0.0000	0.0000	0.0000	0.0000	0.0000	0.0000	0.0000	0.0000	0.0000	0.0000	0.0000	0.0000	0.0000	0.0000	0.0000	0.0000	0.0000	0.0000	0.0000	0.0000	0.0000	0.0000	0.0000	0.0000	0.0000	0.0000	0.0000	0.0000	0.0000	0.0000											
94	99	0.0613	4	1	1	0	1	0	0	0	0	N	N	N	N	N	N	N	N	N	N	N	N	0.0000	0.0000	0.0000	0.0000	0.0000	0.0000	0.0000	0.0000	0.0000	0.0000	0.0000	0.0000	0.0000	0.0000	0.0000	0.0000	0.0000	0.0000	0.0000	0.0000	1.0000	3.2042	0.0097	9.0918	0.0000	0.0000	0.0000	0.0000	0.0000	0.0000	0.0000	0.0000	0.0000	0.0000	0.0000	0.0000	0.0000	0.0000	0.0000	0.0000	0.0000	0.0000	0.0508	0.0454	0.0053	0.0183	0.0170	0.0013	0.0325	0.0285	0.0040	0.0293	0.0146	0.0147	0.0037	0.0032	0.0005	0.0257	0.0114	0.0142	0.0000	0.0000	0.0000	0.0000	0.0000	0.0000	0.0000	0.0000	0.0000	0.0000	0.0000	0.0000	0.0000	0.0000	0.0000	0.0000	0.0000	0.0000											
94	100	0.0613	4	0	1	0	1	0	0	0	0	N	N	N	N	N	N	N	N	N	N	N	N	0.0000	0.0000	0.0000	0.0000	0.0000	0.0000	0.0000	0.0000	0.0000	0.0000	0.0000	0.0000	0.0000	0.0000	0.0000	0.0000	0.0000	0.0000	0.0000	0.0000	1.0000	0.7962	0.0097	10.9291	0.0000	0.0000	0.0000	0.0000	0.0000	0.0000	0.0000	0.0000	0.0000	0.0000	0.0000	0.0000	0.0000	0.0000	0.0000	0.0000	0.0000	0.0000	0.0161	0.0148	0.0014	0.0065	0.0062	0.0003	0.0096	0.0086	0.0010	0.0257	0.0128	0.0129	0.0033	0.0029	0.0004	0.0224	0.0100	0.0124	0.0000	0.0000	0.0000	0.0000	0.0000	0.0000	0.0000	0.0000	0.0000	0.0000	0.0000	0.0000	0.0000	0.0000	0.0000	0.0000	0.0000	0.0000											
94	101	0.0172	5	1	1	0	1	0	0	0	0	N	N	N	N	N	N	N	N	N	N	N	N	0.0000	0.0000	0.0000	0.0000	0.0000	0.0000	0.0000	0.0000	0.0000	0.0000	0.0000	0.0000	0.0000	0.0000	0.0000	0.0000	0.0000	0.0000	0.0000	0.0000	1.0000	0.0000	0.0097	3.0000	0.0000	0.0000	0.0000	0.0000	0.0000	0.0000	0.0000	0.0000	0.0000	0.0000	0.0000	0.0000	0.0000	0.0000	0.0000	0.0000	0.0000	0.0000	0.0000	0.0000	0.0000	0.0000	0.0000	0.0000	0.0000	0.0000	0.0000	0.0113	0.0053	0.0060	0.0001	0.0001	0.0000	0.0112	0.0052	0.0060	0.0000	0.0000	0.0000	0.0000	0.0000	0.0000	0.0000	0.0000	0.0000	0.0000	0.0000	0.0000	0.0000	0.0000	0.0000	0.0000	0.0000	0.0000											
94	102	0.0141	4	1	1	0	1	0	0	0	0	N	N	N	N	N	N	N	N	N	N	N	N	0.0000	0.0000	0.0000	0.0000	0.0000	0.0000	0.0000	0.0000	0.0000	0.0000	0.0000	0.0000	0.0000	0.0000	0.0000	0.0000	0.0000	0.0000	0.0000	0.0000	1.0000	0.0000	0.0097	1.0000	0.0000	0.0000	0.0000	0.0000	0.0000	0.0000	0.0000	0.0000	0.0000	0.0000	0.0000	0.0000	0.0000	0.0000	0.0000	0.0000	0.0000	0.0000	0.0000	0.0000	0.0000	0.0000	0.0000	0.0000	0.0000	0.0000	0.0000	0.0040	0.0019	0.0021	0.0000	0.0000	0.0000	0.0039	0.0018	0.0021	0.0000	0.0000	0.0000	0.0000	0.0000	0.0000	0.0000	0.0000	0.0000	0.0000	0.0000	0.0000	0.0000	0.0000	0.0000	0.0000	0.0000	0.0000											
94	103	0.0103	3	0	1	0	1	0	0	0	0	N	N	N	N	N	N	N	N	N	N	N	N	0.0000	0.0000	0.0000	0.0000	0.0000	0.0000	0.0000	0.0000	0.0000	0.0000	0.0000	0.0000	0.0000	0.0045	0.0000	0.0090	0.0000	0.0000	0.0000	0.0048	0.0000	0.0091	inf	0.0000	0.0000	1.0000	0.0006	0.0097	1.0534	0.0000	0.0000	0.0000	0.0000	0.0000	0.0000	0.0000	0.0000	0.0000	0.0000	0.0000	0.0000	0.0000	0.0000	0.0000	0.0000	0.0000	0.0000	0.0000	0.0000	0.0000	0.0000	0.0000	0.0000	0.0000	0.0000	0.0000	0.0046	0.0023	0.0023	0.0003	0.0003	0.0000	0.0044	0.0021	0.0023	0.0000	0.0000	0.0000	0.0000	0.0000	0.0000	0.0000	0.0000	0.0000	0.0045	0.0000	0.0090	0.0000	0.0000	0.0000	0.0048	0.0000	0.0091						
94	109	0.3310	8	0	0	0	1	0	0	0	0	N	N	N	N	N	N	N	N	N	N	N	N	0.0000	0.0000	0.0000	0.0000	0.0000	0.0000	0.0000	0.0000	0.0000	0.0000	0.0000	0.0000	0.0000	0.0000	0.0000	0.0000	0.0585	0.0000	0.2012	0.0000	0.0000	0.0000	0.1628	0.0000	0.3005	12412.0359	0.0000	0.0024	1.0000	7.7801	0.0097	32.2209	0.0000	0.0000	0.0000	0.0000	0.0000	0.0000	0.0000	0.0000	0.0000	0.0050	0.0000	0.0050	0.0000	0.0000	0.0000	0.0050	0.0000	0.0050	0.1022	0.0914	0.0108	0.0443	0.0410	0.0033	0.0579	0.0504	0.0075	0.0851	0.0604	0.0248	0.0545	0.0463	0.0082	0.0306	0.0140	0.0166	0.0000	0.0000	0.0000	0.0000	0.0000	0.0000	0.0000	0.0000	0.0000	0.0585	0.0000	0.2012	0.0000	0.0000	0.0000	0.1628	0.0000	0.3005			
95	99	0.0698	4	1	1	1	1	0	0	0	0	N	N	N	N	N	N	N	N	N	N	N	N	0.0000	0.0000	0.0000	0.0000	0.0000	0.0000	0.0000	0.0000	0.0000	0.0000	0.0000	0.0000	0.0000	0.0000	0.0000	0.0000	0.0000	0.0000	0.0000	0.0000	2.0000	3.2042	3.0050	9.0918	0.0000	0.0000	0.0000	0.0000	0.0000	0.0000	0.0000	0.0000	0.0000	0.0000	0.0000	0.0000	0.0000	0.0000	0.0000	0.0000	0.0000	0.0000	0.1001	0.0896	0.0105	0.0359	0.0333	0.0026	0.0642	0.0563	0.0079	0.1348	0.0675	0.0673	0.0153	0.0131	0.0022	0.1195	0.0544	0.0651	0.0000	0.0000	0.0000	0.0000	0.0000	0.0000	0.0000	0.0000	0.0000	0.0000	0.0000	0.0000	0.0000	0.0000	0.0000	0.0000	0.0000	0.0000											
95	100	0.0698	4	0	1	1	1	0	0	0	0	N	N	N	N	N	N	N	N	N	N	N	N	0.0000	0.0000	0.0000	0.0000	0.0000	0.0000	0.0000	0.0000	0.0000	0.0000	0.0000	0.0000	0.0000	0.0000	0.0000	0.0000	0.0000	0.0000	0.0000	0.0000	2.0000	0.7962	3.0050	10.9291	0.0000	0.0000	0.0000	0.0000	0.0000	0.0000	0.0000	0.0000	0.0000	0.0000	0.0000	0.0000	0.0000	0.0000	0.0000	0.0000	0.0000	0.0000	0.0317	0.0291	0.0027	0.0127	0.0121	0.0006	0.0190	0.0169	0.0021	0.1180	0.0592	0.0588	0.0137	0.0118	0.0019	0.1043	0.0474	0.0569	0.0000	0.0000	0.0000	0.0000	0.0000	0.0000	0.0000	0.0000	0.0000	0.0000	0.0000	0.0000	0.0000	0.0000	0.0000	0.0000	0.0000	0.0000											
95	101	0.0257	5	1	1	1	1	0	0	0	0	N	N	N	N	N	N	N	N	N	N	N	N	0.0000	0.0000	0.0000	0.0000	0.0000	0.0000	0.0000	0.0000	0.0000	0.0000	0.0000	0.0000	0.0000	0.0000	0.0000	0.0000	0.0000	0.0000	0.0000	0.0000	2.0000	0.0000	3.0050	3.0000	0.0000	0.0000	0.0000	0.0000	0.0000	0.0000	0.0000	0.0000	0.0000	0.0000	0.0000	0.0000	0.0000	0.0000	0.0000	0.0000	0.0000	0.0000	0.0000	0.0000	0.0000	0.0000	0.0000	0.0000	0.0000	0.0000	0.0000	0.0525	0.0247	0.0278	0.0003	0.0003	0.0001	0.0522	0.0244	0.0278	0.0000	0.0000	0.0000	0.0000	0.0000	0.0000	0.0000	0.0000	0.0000	0.0000	0.0000	0.0000	0.0000	0.0000	0.0000	0.0000	0.0000	0.0000											
95	102	0.0226	4	1	1	1	1	0	0	0	0	N	N	N	N	N	N	N	N	N	N	N	N	0.0000	0.0000	0.0000	0.0000	0.0000	0.0000	0.0000	0.0000	0.0000	0.0000	0.0000	0.0000	0.0000	0.0000	0.0000	0.0000	0.0000	0.0000	0.0000	0.0000	2.0000	0.0000	3.0050	1.0000	0.0000	0.0000	0.0000	0.0000	0.0000	0.0000	0.0000	0.0000	0.0000	0.0000	0.0000	0.0000	0.0000	0.0000	0.0000	0.0000	0.0000	0.0000	0.0000	0.0000	0.0000	0.0000	0.0000	0.0000	0.0000	0.0000	0.0000	0.0183	0.0086	0.0097	0.0001	0.0001	0.0000	0.0182	0.0085	0.0097	0.0000	0.0000	0.0000	0.0000	0.0000	0.0000	0.0000	0.0000	0.0000	0.0000	0.0000	0.0000	0.0000	0.0000	0.0000	0.0000	0.0000	0.0000											
95	103	0.0188	3	0	1	1	1	0	0	0	0	N	N	N	N	N	N	N	N	N	N	N	N	10.1528	5.8309	0.0000	2.1397	2.1227	0.0000	0.0000	0.5535	0.6221	0.0000	2.3682	2.3698	0.0000	0.0000	0.0000	0.0000	0.0545	0.1067	0.0017	1.1068	1.1164	0.0000	0.0009	0.0000	0.0017	0.0000	0.0160	-0.0000	-0.0006	2.0000	0.0006	3.0050	1.0534	0.0000	0.0000	0.0000	0.0000	0.0000	0.0000	0.0000	0.0000	0.0000	0.0012	0.0011	0.0000	0.0011	0.0011	0.0000	0.0000	0.0000	0.0000	0.0000	0.0000	0.0000	0.0000	0.0000	0.0000	0.0000	0.0000	0.0000	0.0212	0.0107	0.0105	0.0010	0.0010	0.0000	0.0202	0.0096	0.0105	10.1528	5.8309	0.0000	2.1397	2.1227	0.0000	0.0000	0.0000	0.0000	0.0545	0.1067	0.0017	1.1068	1.1164	0.0000	0.0009	0.0000	0.0017		
95	109	0.3394	8	0	0	1	1	0	0	0	0	N	N	N	N	N	N	N	N	N	N	N	N	0.5966	18.1703	0.0000	31.4412	30.6244	0.0000	0.0000	0.0000	0.0083	0.0093	0.0000	0.0192	0.0207	0.0000	0.0000	0.0000	0.0000	0.0139	0.0005	0.0485	0.0006	0.0007	0.0003	0.0380	0.0000	0.0762	0.0000	36.7808	-0.0002	0.0024	2.0000	7.7801	3.0050	32.2209	0.0017	0.0017	0.0000	0.0017	0.0017	0.0000	0.0000	0.0000	0.0000	0.0053	0.0001	0.0051	0.0001	0.0001	0.0000	0.0051	0.0000	0.0051	0.2017	0.1804	0.0213	0.0871	0.0807	0.0064	0.1146	0.0997	0.0148	0.3811	0.2749	0.1063	0.2460	0.2072	0.0388	0.1351	0.0677	0.0674	0.5966	18.1703	0.0000	31.4412	30.6244	0.0000	0.0000	0.0000	0.0000	0.0139	0.0005	0.0485	0.0006	0.0007	0.0003	0.0380	0.0000	0.0762	
96	99	0.0774	4	1	1	1	1	0	0	0	0	N	N	N	N	N	N	N	N	N	N	N	N	0.0000	0.0000	0.0000	0.0000	0.0000	0.0000	0.0000	0.0000	0.0000	0.0000	0.0000	0.0000	0.0000	0.0000	0.0000	0.0000	0.0000	0.0000	0.0000	0.0000	0.0000	3.2042	6.9903	9.0918	0.0000	0.0000	0.0000	0.0000	0.0000	0.0000	0.0000	0.0000	0.0000	0.0000	0.0000	0.0000	0.0000	0.0000	0.0000	0.0000	0.0000	0.0000	0.0000	0.0000	0.0000	0.0000	0.0000	0.0000	0.0000	0.0000	0.0000	0.1835	0.0921	0.0914	0.0206	0.0176	0.0030	0.1629	0.0745	0.0884	0.0000	0.0000	0.0000	0.0000	0.0000	0.0000	0.0000	0.0000	0.0000	0.0000	0.0000	0.0000	0.0000	0.0000	0.0000	0.0000	0.0000	0.0000											
96	100	0.0774	4	0	1	1	1	0	0	0	0	N	N	N	N	N	N	N	N	N	N	N	N	0.0000	0.0000	0.0000	0.0000	0.0000	0.0000	0.0000	0.0000	0.0000	0.0000	0.0000	0.0000	0.0000	0.0000	0.0000	0.0000	0.0000	0.0000	0.0000	0.0000	0.0000	0.7962	6.9903	10.9291	0.0000	0.0000	0.0000	0.0000	0.0000	0.0000	0.0000	0.0000	0.0000	0.0000	0.0000	0.0000	0.0000	0.0000	0.0000	0.0000	0.0000	0.0000	0.0000	0.0000	0.0000	0.0000	0.0000	0.0000	0.0000	0.0000	0.0000	0.1606	0.0808	0.0798	0.0185	0.0159	0.0026	0.1421	0.0649	0.0772	0.0000	0.0000	0.0000	0.0000	0.0000	0.0000	0.0000	0.0000	0.0000	0.0000	0.0000	0.0000	0.0000	0.0000	0.0000	0.0000	0.0000	0.0000											
96	101	0.0334	5	1	1	1	1	0	0	0	0	N	N	N	N	N	N	N	N	N	N	N	N	0.0000	0.0000	0.0000	0.0000	0.0000	0.0000	0.0000	0.0000	0.0000	0.0000	0.0000	0.0000	0.0000	0.0000	0.0000	0.0000	0.0000	0.0000	0.0000	0.0000	0.0000	0.0000	6.9903	3.0000	0.0000	0.0000	0.0000	0.0000	0.0000	0.0000	0.0000	0.0000	0.0000	0.0000	0.0000	0.0000	0.0000	0.0000	0.0000	0.0000	0.0000	0.0000	0.0000	0.0000	0.0000	0.0000	0.0000	0.0000	0.0000	0.0000	0.0000	0.0712	0.0336	0.0376	0.0005	0.0004	0.0001	0.0708	0.0332	0.0375	0.0000	0.0000	0.0000	0.0000	0.0000	0.0000	0.0000	0.0000	0.0000	0.0000	0.0000	0.0000	0.0000	0.0000	0.0000	0.0000	0.0000	0.0000											
96	102	0.0303	4	1	1	1	1	0	0	0	0	N	N	N	N	N	N	N	N	N	N	N	N	0.0000	0.0000	0.0000	0.0000	0.0000	0.0000	0.0000	0.0000	0.0000	0.0000	0.0000	0.0000	0.0000	0.0000	0.0000	0.0000	0.0000	0.0000	0.0000	0.0000	0.0000	0.0000	6.9903	1.0000	0.0000	0.0000	0.0000	0.0000	0.0000	0.0000	0.0000	0.0000	0.0000	0.0000	0.0000	0.0000	0.0000	0.0000	0.0000	0.0000	0.0000	0.0000	0.0000	0.0000	0.0000	0.0000	0.0000	0.0000	0.0000	0.0000	0.0000	0.0248	0.0117	0.0132	0.0001	0.0001	0.0000	0.0247	0.0116	0.0131	0.0000	0.0000	0.0000	0.0000	0.0000	0.0000	0.0000	0.0000	0.0000	0.0000	0.0000	0.0000	0.0000	0.0000	0.0000	0.0000	0.0000	0.0000											
96	103	0.0265	3	0	1	1	1	0	0	0	0	N	N	N	N	N	N	N	N	N	N	N	N	0.0000	0.0000	0.0000	0.0000	0.0000	0.0000	0.0000	0.0000	0.0000	0.0000	0.0000	0.0000	0.0000	0.1255	0.2488	0.0000	2.5849	2.6079	0.0000	0.0000	0.0000	0.0000	0.0000	0.0000	-0.0019	0.0000	0.0006	6.9903	1.0534	0.0000	0.0000	0.0000	0.0000	0.0000	0.0000	0.0000	0.0000	0.0000	0.0036	0.0036	0.0000	0.0036	0.0036	0.0000	0.0000	0.0000	0.0000	0.0000	0.0000	0.0000	0.0000	0.0000	0.0000	0.0000	0.0000	0.0000	0.0287	0.0145	0.0142	0.0014	0.0014	0.0000	0.0274	0.0131	0.0142	0.0000	0.0000	0.0000	0.0000	0.0000	0.0000	0.0000	0.0000	0.0000	0.1255	0.2488	0.0000	2.5849	2.6079	0.0000	0.0000	0.0000	0.0000						
96	109	0.3471	8	0	0	1	1	0	0	0	0	N	N	N	N	N	N	N	N	N	N	N	N	0.0000	0.0000	0.0000	0.0000	0.0000	0.0000	0.0000	0.0000	0.0000	0.0000	0.0000	0.0000	0.0000	0.0000	0.0000	0.0000	0.0000	0.0000	3.0524	4.2288	0.0012	2.0888	2.4820	0.0002	4.7958	9.4956	0.0017	0.0001	0.0000	-0.8266	0.0000	7.7801	6.9903	32.2209	0.0000	0.0000	0.0000	0.0000	0.0000	0.0000	0.0000	0.0000	0.0000	1.5867	1.5865	0.0002	0.6993	0.6993	0.0000	0.8874	0.8873	0.0002	0.0000	0.0000	0.0000	0.0000	0.0000	0.0000	0.0000	0.0000	0.0000	0.5198	0.3752	0.1446	0.3348	0.2817	0.0530	0.1850	0.0934	0.0916	0.0000	0.0000	0.0000	0.0000	0.0000	0.0000	0.0000	0.0000	0.0000	3.0524	4.2288	0.0012	2.0888	2.4820	0.0002	4.7958	9.4956	0.0017	
97	99	0.0586	3	1	1	0	1	0	0	0	0	N	N	N	N	N	N	N	N	N	N	N	N	0.0000	0.0000	0.0000	0.0000	0.0000	0.0000	0.0000	0.0000	0.0000	0.0000	0.0000	0.0000	0.0000	0.0000	0.0000	0.0000	0.0000	0.4604	0.0014	0.9675	0.0094	0.0066	0.0319	0.5274	0.0000	0.9965	606.5760	0.0000	0.0145	0.9999	3.2042	1.0605	9.0918	0.0000	0.0000	0.0000	0.0000	0.0000	0.0000	0.0000	0.0000	0.0000	0.0304	0.0001	0.0303	0.0001	0.0001	0.0000	0.0303	0.0000	0.0303	0.0890	0.0814	0.0076	0.0358	0.0338	0.0020	0.0532	0.0476	0.0056	0.0660	0.0346	0.0313	0.0085	0.0076	0.0009	0.0574	0.0270	0.0304	0.0000	0.0000	0.0000	0.0000	0.0000	0.0000	0.0000	0.0000	0.0000	0.4604	0.0014	0.9675	0.0094	0.0066	0.0319	0.5274	0.0000	0.9965		
97	100	0.0586	3	0	1	0	1	0	0	0	0	N	N	N	N	N	N	N	N	N	N	N	N	0.0000	0.0000	0.0000	0.0000	0.0000	0.0000	0.0000	0.0000	0.0000	0.0000	0.0000	0.0000	0.0000	0.0000	0.0000	0.0012	0.0000	0.0025	0.0026	0.0000	0.0245	0.0010	0.0000	0.0018	inf	0.0000	0.0000	0.9999	0.7962	1.0605	10.9291	0.0000	0.0000	0.0000	0.0000	0.0000	0.0000	0.0000	0.0000	0.0000	0.0001	0.0000	0.0001	0.0000	0.0000	0.0000	0.0000	0.0000	0.0000	0.0466	0.0441	0.0025	0.0213	0.0209	0.0005	0.0253	0.0233	0.0020	0.0578	0.0304	0.0274	0.0076	0.0068	0.0008	0.0502	0.0236	0.0266	0.0000	0.0000	0.0000	0.0000	0.0000	0.0000	0.0000	0.0000	0.0000	0.0012	0.0000	0.0025	0.0026	0.0000	0.0245	0.0010	0.0000	0.0018				
97	101	0.0145	4	1	1	0	1	0	0	0	0	N	N	N	N	N	N	N	N	N	N	N	N	0.0000	0.0000	0.0000	0.0000	0.0000	0.0000	0.0000	0.0000	0.0000	0.0000	0.0000	0.0000	0.0000	0.0000	0.0000	0.0000	0.0000	0.0000	0.0000	0.0000	0.9999	0.0000	1.0605	3.0000	0.0000	0.0000	0.0000	0.0000	0.0000	0.0000	0.0000	0.0000	0.0000	0.0000	0.0000	0.0000	0.0000	0.0000	0.0000	0.0000	0.0000	0.0000	0.0000	0.0000	0.0000	0.0000	0.0000	0.0000	0.0000	0.0000	0.0000	0.0261	0.0129	0.0133	0.0006	0.0005	0.0000	0.0256	0.0123	0.0132	0.0000	0.0000	0.0000	0.0000	0.0000	0.0000	0.0000	0.0000	0.0000	0.0000	0.0000	0.0000	0.0000	0.0000	0.0000	0.0000	0.0000	0.0000											
97	102	0.0114	3	1	1	0	1	0	0	0	0	N	N	N	N	N	N	N	N	N	N	N	N	0.0000	0.0000	0.0000	0.0000	0.0000	0.0000	0.0000	0.0000	0.0000	0.0000	0.0000	0.0000	0.0000	0.0000	0.0000	0.0000	0.0000	0.0000	0.0000	0.0000	0.9999	0.0000	1.0605	1.0000	0.0000	0.0000	0.0000	0.0000	0.0000	0.0000	0.0000	0.0000	0.0000	0.0000	0.0000	0.0000	0.0000	0.0000	0.0000	0.0000	0.0000	0.0000	0.0000	0.0000	0.0000	0.0000	0.0000	0.0000	0.0000	0.0000	0.0000	0.0091	0.0045	0.0046	0.0002	0.0002	0.0000	0.0089	0.0043	0.0046	0.0000	0.0000	0.0000	0.0000	0.0000	0.0000	0.0000	0.0000	0.0000	0.0000	0.0000	0.0000	0.0000	0.0000	0.0000	0.0000	0.0000	0.0000											
97	103	0.0076	2	0	1	0	1	0	0	0	0	N	N	N	N	N	N	N	N	N	N	N	N	0.0000	0.0000	0.0000	0.0000	0.0000	0.0000	0.0000	0.0000	0.0000	0.0000	0.0000	0.0000	0.0000	0.0000	0.0000	0.0000	0.0000	0.0939	0.0665	0.1230	0.1713	0.1714	0.1103	0.0746	0.0000	0.1230	1.7481	0.0000	0.0002	0.9999	0.0006	1.0605	1.0534	0.0000	0.0000	0.0000	0.0000	0.0000	0.0000	0.0000	0.0000	0.0000	0.0014	0.0005	0.0009	0.0005	0.0005	0.0000	0.0009	0.0000	0.0009	0.0001	0.0000	0.0000	0.0000	0.0000	0.0000	0.0000	0.0000	0.0000	0.0154	0.0079	0.0075	0.0031	0.0031	0.0000	0.0123	0.0048	0.0075	0.0000	0.0000	0.0000	0.0000	0.0000	0.0000	0.0000	0.0000	0.0000	0.0939	0.0665	0.1230	0.1713	0.1714	0.1103	0.0746	0.0000	0.1230		
97	109	0.3283	7	0	0	0	1	0	0	0	0	N	N	N	N	N	N	N	N	N	N	N	N	40.2813	33.9134	0.0000	2.8461	2.5880	0.0000	33.7057	20.9285	0.0000	8.3220	9.2697	0.0000	0.1397	0.1508	0.0000	16.4004	18.8553	0.0000	0.2066	0.2733	0.0319	0.0491	0.0583	0.0000	0.4866	0.9009	0.0503	0.0000	0.0446	-0.0937	-0.0175	0.9999	7.7801	1.0605	32.2209	0.9808	0.9808	0.0000	0.0082	0.0082	0.0000	0.9727	0.9727	0.0000	0.0366	0.0351	0.0016	0.0056	0.0056	0.0000	0.0311	0.0295	0.0016	0.1179	0.1058	0.0120	0.0586	0.0542	0.0043	0.0593	0.0516	0.0077	0.1774	0.1283	0.0490	0.1135	0.0956	0.0179	0.0639	0.0328	0.0311	40.2813	33.9134	0.0000	2.8461	2.5880	0.0000	33.7057	20.9285	0.0000	0.2066	0.2733	0.0319	0.0491	0.0583	0.0000	0.4866	0.9009	0.0503
98	99	0.0531	2	1	1	0	1	0	0	0	0	N	N	N	N	N	N	N	N	N	N	N	N	1.7537	1.9571	0.5089	0.5410	0.5268	3.9767	2.9745	160636.9562	0.5128	3.1324	3.4576	0.9209	3.3658	3.5622	0.8457	2.8839	3.3304	0.9517	1.7861	1.7668	1.8095	6.2210	6.7615	0.2127	0.9695	0.0000	1.8559	0.0392	0.8516	-0.0001	-0.0040	0.0012	3.2042	1.0414	9.0918	0.0009	0.0009	0.0000	0.0005	0.0005	0.0000	0.0004	0.0004	0.0000	0.0655	0.0353	0.0301	0.0354	0.0353	0.0001	0.0300	0.0000	0.0300	0.0003	0.0003	0.0000	0.0001	0.0001	0.0000	0.0001	0.0001	0.0000	0.0366	0.0200	0.0166	0.0057	0.0052	0.0005	0.0309	0.0148	0.0162	1.7537	1.9571	0.5089	0.5410	0.5268	3.9767	2.9745	160636.9562	0.5128	1.7861	1.7668	1.8095	6.2210	6.7615	0.2127	0.9695	0.0000	1.8559
98	100	0.0531	2	0	1	0	1	0	0	0	0	N	N	N	N	N	N	N	N	N	N	N	N	27.0583	146.9640	6.4542	13.6237	28.0999	0.0000	39.2380	2551093.9817	10.7228	0.6698	0.7402	0.3129	0.4823	0.5358	0.0000	0.8934	1.0300	0.4666	0.0248	0.0050	0.0485	0.0354	0.0191	0.2202	0.0228	0.0000	0.0435	0.0834	7.9985	-0.0000	0.0003	0.0012	0.7962	1.0414	10.9291	0.0001	0.0001	0.0000	0.0000	0.0000	0.0000	0.0001	0.0000	0.0000	0.0008	0.0001	0.0007	0.0002	0.0001	0.0001	0.0006	0.0000	0.0006	0.0001	0.0001	0.0000	0.0001	0.0001	0.0000	0.0001	0.0000	0.0000	0.0321	0.0175	0.0145	0.0050	0.0046	0.0004	0.0270	0.0129	0.0141	27.0583	146.9640	6.4542	13.6237	28.0999	0.0000	39.2380	2551093.9817	10.7228	0.0248	0.0050	0.0485	0.0354	0.0191	0.2202	0.0228	0.0000	0.0435
98	101	0.0090	3	1	1	0	1	0	0	0	0	N	N	N	N	N	N	N	N	N	N	N	N	0.0000	0.0000	0.0000	0.0000	0.0000	0.0000	0.0000	0.0000	0.0000	0.0000	0.0000	0.0000	0.0000	0.0007	0.0014	0.0000	0.0170	0.0172	0.0000	0.0000	0.0000	0.0000	0.0000	0.0000	-0.0000	0.0012	0.0000	1.0414	3.0000	0.0000	0.0000	0.0000	0.0000	0.0000	0.0000	0.0000	0.0000	0.0000	0.0000	0.0000	0.0000	0.0000	0.0000	0.0000	0.0000	0.0000	0.0000	0.0000	0.0000	0.0000	0.0000	0.0000	0.0000	0.0000	0.0000	0.0000	0.0141	0.0071	0.0070	0.0006	0.0006	0.0000	0.0135	0.0065	0.0069	0.0000	0.0000	0.0000	0.0000	0.0000	0.0000	0.0000	0.0000	0.0000	0.0007	0.0014	0.0000	0.0170	0.0172	0.0000	0.0000	0.0000	0.0000						
98	102	0.0059	2	1	1	0	1	0	0	0	0	N	N	N	N	N	N	N	N	N	N	N	N	0.0000	0.0000	0.0000	0.0000	0.0000	0.0000	0.0000	0.0000	0.0000	0.0000	0.0000	0.0000	0.0000	0.0000	0.0000	0.0000	0.0000	0.0000	0.0000	0.0000	0.0012	0.0000	1.0414	1.0000	0.0000	0.0000	0.0000	0.0000	0.0000	0.0000	0.0000	0.0000	0.0000	0.0000	0.0000	0.0000	0.0000	0.0000	0.0000	0.0000	0.0000	0.0000	0.0000	0.0000	0.0000	0.0000	0.0000	0.0000	0.0000	0.0000	0.0000	0.0049	0.0025	0.0024	0.0002	0.0002	0.0000	0.0047	0.0023	0.0024	0.0000	0.0000	0.0000	0.0000	0.0000	0.0000	0.0000	0.0000	0.0000	0.0000	0.0000	0.0000	0.0000	0.0000	0.0000	0.0000	0.0000	0.0000											
98	109	0.3228	6	0	0	0	1	0	0	0	0	N	N	N	N	N	N	N	N	N	N	N	N	0.3263	0.2682	0.2139	0.0132	0.0100	16.2364	0.7911	0.5243	0.0361	0.2919	0.3229	0.0134	0.0125	0.0111	0.0362	0.6397	0.7580	0.0035	0.8944	1.2039	0.0627	0.9449	1.1152	0.0022	0.8086	1.4457	0.0959	0.0046	0.0194	-0.0000	-0.0453	0.0012	7.7801	1.0414	32.2209	0.0001	0.0001	0.0000	0.0000	0.0000	0.0000	0.0001	0.0001	0.0000	0.0902	0.0885	0.0017	0.0600	0.0600	0.0000	0.0302	0.0285	0.0017	0.0004	0.0004	0.0000	0.0002	0.0002	0.0000	0.0002	0.0002	0.0000	0.1009	0.0735	0.0274	0.0635	0.0538	0.0097	0.0374	0.0197	0.0176	0.3263	0.2682	0.2139	0.0132	0.0100	16.2364	0.7911	0.5243	0.0361	0.8944	1.2039	0.0627	0.9449	1.1152	0.0022	0.8086	1.4457	0.0959
99	101	0.1135	4	2	2	0	0	0	0	0	0	Y	Y	N	N	N	N	N	N	N	N	N	N	0.0000	0.0000	0.0000	0.0000	0.0000	0.0000	0.0000	0.0000	0.0000	0.0000	0.0000	0.0000	0.0000	0.0000	0.0000	0.0000	0.0000	0.0000	0.0000	0.0000	3.2042	0.0000	9.0918	3.0000	0.0000	0.0000	0.0000	0.0000	0.0000	0.0000	0.0000	0.0000	0.0000	0.0000	0.0000	0.0000	0.0000	0.0000	0.0000	0.0000	0.0000	0.0000	0.0000	0.0000	0.0000	0.0000	0.0000	0.0000	0.0000	0.0000	0.0000	0.0871	0.0438	0.0433	0.0089	0.0076	0.0014	0.0782	0.0363	0.0419	0.0000	0.0000	0.0000	0.0000	0.0000	0.0000	0.0000	0.0000	0.0000	0.0000	0.0000	0.0000	0.0000	0.0000	0.0000	0.0000	0.0000	0.0000											
99	102	0.1104	3	2	2	0	0	0	0	0	0	Y	Y	N	N	N	N	N	N	N	N	N	N	0.0000	0.0000	0.0000	0.0000	0.0000	0.0000	0.0000	0.0000	0.0000	0.0000	0.0000	0.0000	0.0000	0.0000	0.0000	0.0000	0.0000	0.0000	0.0000	0.0000	3.2042	0.0000	9.0918	1.0000	0.0000	0.0000	0.0000	0.0000	0.0000	0.0000	0.0000	0.0000	0.0000	0.0000	0.0000	0.0000	0.0000	0.0000	0.0000	0.0000	0.0000	0.0000	0.0000	0.0000	0.0000	0.0000	0.0000	0.0000	0.0000	0.0000	0.0000	0.0303	0.0152	0.0151	0.0031	0.0026	0.0005	0.0272	0.0126	0.0146	0.0000	0.0000	0.0000	0.0000	0.0000	0.0000	0.0000	0.0000	0.0000	0.0000	0.0000	0.0000	0.0000	0.0000	0.0000	0.0000	0.0000	0.0000											
99	103	0.1066	2	1	2	0	0	0	0	0	0	N	Y	N	N	N	N	N	N	N	N	N	N	0.0704	21491.6559	0.0123	25.6599	1341.6456	3.7860	0.1105	inf	0.0106	1.9519	2.1456	0.7504	0.5477	0.5142	0.9585	3.6233	4.4302	0.6631	27.7166	0.0001	60.9950	0.0213	0.0004	0.2532	32.7959	0.0000	62.7628	0.0564	508864.1413	-0.0000	0.4909	3.2042	0.0006	9.0918	1.0534	0.0005	0.0004	0.0000	0.0001	0.0001	0.0000	0.0004	0.0004	0.0000	1.0251	0.0000	1.0251	0.0001	0.0000	0.0001	1.0249	0.0000	1.0249	0.0002	0.0002	0.0000	0.0001	0.0001	0.0000	0.0001	0.0001	0.0000	0.0370	0.0202	0.0168	0.0057	0.0053	0.0005	0.0313	0.0149	0.0163	0.0704	21491.6559	0.0123	25.6599	1341.6456	3.7860	0.1105	inf	0.0106	27.7166	0.0001	60.9950	0.0213	0.0004	0.2532	32.7959	0.0000	62.7628
99	109	0.3253	5	1	1	0	0	0	0	0	0	N	N	N	N	N	N	N	N	N	N	N	N	0.0110	0.0089	0.0000	1.0665	0.9764	0.0000	0.0000	0.0000	0.0000	0.0096	0.0109	0.0000	0.0607	0.0636	0.0000	0.0000	0.0000	0.0000	0.8702	1.2205	0.1164	0.0569	0.0651	0.0094	1.6091	2.9151	0.1467	0.0000	0.0443	-0.0004	-0.5124	3.2042	7.7801	9.0918	32.2209	0.0041	0.0041	0.0000	0.0041	0.0041	0.0000	0.0000	0.0000	0.0000	1.0705	1.0250	0.0454	0.0333	0.0325	0.0008	1.0371	0.9925	0.0446	0.4288	0.3785	0.0503	0.0677	0.0646	0.0031	0.3611	0.3139	0.0472	1.2302	0.8398	0.3903	0.5856	0.4994	0.0863	0.6445	0.3405	0.3041	0.0110	0.0089	0.0000	1.0665	0.9764	0.0000	0.0000	0.0000	0.0000	0.8702	1.2205	0.1164	0.0569	0.0651	0.0094	1.6091	2.9151	0.1467
100	101	0.0940	4	1	2	0	0	0	0	0	0	N	Y	N	N	N	N	N	N	N	N	N	N	0.0000	0.0000	0.0000	0.0000	0.0000	0.0000	0.0000	0.0000	0.0000	0.0000	0.0000	0.0000	0.0000	0.0000	0.0000	0.0000	0.0000	0.0000	0.0000	0.0000	0.7962	0.0000	10.9291	3.0000	0.0000	0.0000	0.0000	0.0000	0.0000	0.0000	0.0000	0.0000	0.0000	0.0000	0.0000	0.0000	0.0000	0.0000	0.0000	0.0000	0.0000	0.0000	0.0000	0.0000	0.0000	0.0000	0.0000	0.0000	0.0000	0.0000	0.0000	0.0763	0.0385	0.0378	0.0080	0.0068	0.0012	0.0683	0.0317	0.0367	0.0000	0.0000	0.0000	0.0000	0.0000	0.0000	0.0000	0.0000	0.0000	0.0000	0.0000	0.0000	0.0000	0.0000	0.0000	0.0000	0.0000	0.0000											
100	102	0.0909	3	1	2	0	0	0	0	0	0	N	Y	N	N	N	N	N	N	N	N	N	N	0.0000	0.0000	0.0000	0.0000	0.0000	0.0000	0.0000	0.0000	0.0000	0.0000	0.0000	0.0000	0.0000	0.0000	0.0000	0.0000	0.0000	0.0000	0.0000	0.0000	0.7962	0.0000	10.9291	1.0000	0.0000	0.0000	0.0000	0.0000	0.0000	0.0000	0.0000	0.0000	0.0000	0.0000	0.0000	0.0000	0.0000	0.0000	0.0000	0.0000	0.0000	0.0000	0.0000	0.0000	0.0000	0.0000	0.0000	0.0000	0.0000	0.0000	0.0000	0.0265	0.0133	0.0132	0.0028	0.0024	0.0004	0.0237	0.0110	0.0128	0.0000	0.0000	0.0000	0.0000	0.0000	0.0000	0.0000	0.0000	0.0000	0.0000	0.0000	0.0000	0.0000	0.0000	0.0000	0.0000	0.0000	0.0000											
100	103	0.0871	2	0	2	0	0	0	0	0	0	N	Y	N	N	N	N	N	N	N	N	N	N	15.0282	381.7057	0.0000	27.4147	161.0292	0.0000	0.0000	0.0000	0.3366	0.4191	0.0000	0.5924	0.6713	0.0000	0.0000	0.0000	0.0000	0.0224	0.0011	0.0480	0.0216	0.0042	0.2179	0.0225	0.0000	0.0431	0.0000	36.3862	-0.0000	0.0003	0.7962	0.0006	10.9291	1.0534	0.0000	0.0000	0.0000	0.0000	0.0000	0.0000	0.0000	0.0000	0.0000	0.0007	0.0000	0.0007	0.0001	0.0000	0.0001	0.0006	0.0000	0.0006	0.0001	0.0001	0.0000	0.0001	0.0001	0.0000	0.0000	0.0000	0.0000	0.0323	0.0177	0.0147	0.0051	0.0046	0.0004	0.0273	0.0130	0.0143	15.0282	381.7057	0.0000	27.4147	161.0292	0.0000	0.0000	0.0000	0.0000	0.0224	0.0011	0.0480	0.0216	0.0042	0.2179	0.0225	0.0000	0.0431	
100	109	0.3058	5	0	1	0	0	0	0	0	0	N	N	N	N	N	N	N	N	N	N	N	N	0.0374	0.0000	12337.5619	0.0722	0.0000	36538.4509	0.0013	0.0000	241.2131	0.0236	0.0000	0.2497	0.0831	0.0000	2.3829	0.0002	0.0000	0.0018	0.6320	0.9255	0.0000	1.1510	1.3499	0.0001	0.1582	0.2998	0.0000	inf	0.0000	0.0032	-0.3537	0.7962	7.7801	10.9291	32.2209	0.0036	0.0000	0.0036	0.0035	0.0000	0.0035	0.0000	0.0000	0.0000	0.6787	0.6787	0.0000	0.5899	0.5899	0.0000	0.0888	0.0888	0.0000	0.1513	0.1370	0.0143	0.0427	0.0412	0.0015	0.1086	0.0957	0.0128	1.0739	0.7333	0.3406	0.5125	0.4370	0.0755	0.5614	0.2963	0.2651	0.0374	0.0000	12337.5619	0.0722	0.0000	36538.4509	0.0013	0.0000	241.2131	0.6320	0.9255	0.0000	1.1510	1.3499	0.0001	0.1582	0.2998	0.0000
101	109	0.3361	8	1	1	0	0	0	0	0	0	N	N	N	N	N	N	N	N	N	N	N	N	0.0000	0.0000	0.0000	0.0000	0.0000	0.0000	0.0000	0.0000	0.0000	0.0000	0.0000	0.0000	0.0000	0.0207	0.0288	0.0000	0.0320	0.0381	0.0000	0.0000	0.0000	0.0000	0.0000	0.0000	-0.0025	0.0000	7.7801	3.0000	32.2209	0.0000	0.0000	0.0000	0.0000	0.0000	0.0000	0.0000	0.0000	0.0000	0.0047	0.0047	0.0000	0.0047	0.0047	0.0000	0.0000	0.0000	0.0000	0.0000	0.0000	0.0000	0.0000	0.0000	0.0000	0.0000	0.0000	0.0000	0.2285	0.1640	0.0646	0.1477	0.1237	0.0239	0.0809	0.0402	0.0407	0.0000	0.0000	0.0000	0.0000	0.0000	0.0000	0.0000	0.0000	0.0000	0.0207	0.0288	0.0000	0.0320	0.0381	0.0000	0.0000	0.0000	0.0000						
102	109	0.3276	7	1	1	0	0	0	0	0	0	N	N	N	N	N	N	N	N	N	N	N	N	0.0000	0.0000	0.0000	0.0000	0.0000	0.0000	0.0000	0.0000	0.0000	0.0000	0.0000	0.0000	0.0000	0.0052	0.0072	0.0000	0.0080	0.0096	0.0000	0.0000	0.0000	0.0000	0.0000	0.0000	-0.0002	0.0000	7.7801	1.0000	32.2209	0.0000	0.0000	0.0000	0.0000	0.0000	0.0000	0.0000	0.0000	0.0000	0.0004	0.0004	0.0000	0.0004	0.0004	0.0000	0.0000	0.0000	0.0000	0.0000	0.0000	0.0000	0.0000	0.0000	0.0000	0.0000	0.0000	0.0000	0.0789	0.0566	0.0223	0.0511	0.0429	0.0083	0.0278	0.0138	0.0140	0.0000	0.0000	0.0000	0.0000	0.0000	0.0000	0.0000	0.0000	0.0000	0.0052	0.0072	0.0000	0.0080	0.0096	0.0000	0.0000	0.0000	0.0000						
103	109	0.3245	6	0	1	0	0	0	0	0	0	N	N	N	N	N	N	N	N	N	N	N	N	0.0097	0.0084	0.0000	0.4185	2.2744	0.0000	0.0005	0.0003	0.0000	0.0030	0.0034	0.0000	0.0050	0.0053	0.0000	0.0004	0.0005	0.0000	0.3135	0.3981	0.0861	0.0120	0.0023	0.0656	0.8261	1.4783	0.0974	0.0000	0.0805	-0.0000	-0.0142	0.0006	7.7801	1.0534	32.2209	0.0000	0.0000	0.0000	0.0000	0.0000	0.0000	0.0000	0.0000	0.0000	0.0319	0.0295	0.0024	0.0008	0.0001	0.0006	0.0311	0.0294	0.0017	0.0003	0.0003	0.0000	0.0002	0.0002	0.0000	0.0001	0.0001	0.0000	0.1018	0.0742	0.0276	0.0641	0.0543	0.0098	0.0377	0.0199	0.0178	0.0097	0.0084	0.0000	0.4185	2.2744	0.0000	0.0005	0.0003	0.0000	0.3135	0.3981	0.0861	0.0120	0.0023	0.0656	0.8261	1.4783	0.0974
104	109	0.3207	5	0	0	0	0	0	0	0	0	N	N	N	N	N	N	N	N	N	N	N	N	0.0059	0.0064	0.0000	0.7869	0.7075	0.2559	0.0000	0.0000	0.0000	0.0088	0.0100	0.0000	0.0704	0.0742	0.0000	0.0000	0.0000	0.0000	1.4900	1.5672	1.3240	0.0895	0.1049	0.0001	2.7515	3.6888	1.6973	0.0000	0.3929	-0.0007	-0.5743	7.2034	7.7801	9.9858	32.2209	0.0073	0.0073	0.0000	0.0073	0.0073	0.0000	0.0000	0.0000	0.0000	2.4026	1.7249	0.6777	0.0684	0.0684	0.0000	2.3342	1.6566	0.6777	0.8289	0.7285	0.1004	0.1032	0.0979	0.0053	0.7257	0.6306	0.0951	1.6125	1.1006	0.5118	0.7641	0.6515	0.1126	0.8484	0.4491	0.3993	0.0059	0.0064	0.0000	0.7869	0.7075	0.2559	0.0000	0.0000	0.0000	1.4900	1.5672	1.3240	0.0895	0.1049	0.0001	2.7515	3.6888	1.6973
105	109	0.2697	4	0	0	0	0	0	0	0	0	N	N	N	N	N	N	N	N	N	N	N	N	0.0829	0.0657	0.3334	0.7253	0.6601	7.7660	0.0007	0.0003	0.0611	0.0388	0.0439	0.0037	0.4135	0.4263	0.1059	0.0003	0.0002	0.0006	0.4672	0.6693	0.0110	0.5701	0.6458	0.0136	0.3651	0.7098	0.0104	0.0124	0.0073	-0.0003	-0.3910	0.7993	7.7801	5.3573	32.2209	0.0039	0.0038	0.0000	0.0038	0.0038	0.0000	0.0000	0.0000	0.0000	0.7610	0.7555	0.0055	0.4626	0.4612	0.0013	0.2984	0.2942	0.0042	0.0995	0.0867	0.0128	0.0093	0.0089	0.0004	0.0902	0.0778	0.0125	1.6287	1.1287	0.5000	0.8114	0.7142	0.0972	0.8173	0.4145	0.4028	0.0829	0.0657	0.3334	0.7253	0.6601	7.7660	0.0007	0.0003	0.0611	0.4672	0.6693	0.0110	0.5701	0.6458	0.0136	0.3651	0.7098	0.0104
106	109	0.2483	3	0	0	0	0	0	0	0	0	N	N	N	N	N	N	N	N	N	N	N	N	0.4209	0.3398	0.0819	2.5109	2.3606	0.0220	0.0104	0.0000	0.0969	0.3200	0.3775	0.0097	3.5895	3.6833	0.0052	0.0017	0.0000	0.0098	0.7603	1.1111	0.1188	1.4296	1.5603	0.2350	0.1605	0.2433	0.1011	0.0048	0.0584	-0.0144	-1.6342	4.1241	7.7801	16.2542	32.2209	0.1587	0.1580	0.0008	0.1580	0.1579	0.0000	0.0008	0.0000	0.0007	3.5078	3.3141	0.1937	3.1171	3.0666	0.0506	0.3906	0.2475	0.1431	0.4959	0.4184	0.0776	0.0440	0.0429	0.0011	0.4519	0.3755	0.0764	4.6138	2.9828	1.6310	2.1805	1.9654	0.2151	2.4334	1.0174	1.4159	0.4209	0.3398	0.0819	2.5109	2.3606	0.0220	0.0104	0.0000	0.0969	0.7603	1.1111	0.1188	1.4296	1.5603	0.2350	0.1605	0.2433	0.1011
107	109	0.1870	2	0	0	0	0	0	0	0	0	N	N	N	N	N	N	N	N	N	N	N	N	0.8504	0.1643	3.8855	0.7591	0.7547	0.0274	1.0421	0.0053	3.8699	0.6391	0.1246	2.8731	0.6874	0.7111	0.0169	0.6309	0.0021	2.9506	0.7515	0.7580	0.7394	0.9056	0.9421	0.6149	0.6054	0.3939	0.7625	5.3121	0.5228	0.5773	-1.0678	8.6998	7.7801	27.8967	32.2209	0.7739	0.1226	0.6513	0.1210	0.1209	0.0001	0.6528	0.0017	0.6512	6.0059	3.9441	2.0618	3.5234	3.2559	0.2675	2.4824	0.6882	1.7943	1.2109	0.9842	0.2267	0.1760	0.1701	0.0060	1.0348	0.8142	0.2207	7.9914	5.2030	2.7883	3.8909	3.4559	0.4350	4.1005	1.7472	2.3533	0.8504	0.1643	3.8855	0.7591	0.7547	0.0274	1.0421	0.0053	3.8699	0.7515	0.7580	0.7394	0.9056	0.9421	0.6149	0.6054	0.3939	0.7625
