arity	elapsed_sec	cutoff_stat	fg_enrichment_factor	mode	dSC_calibration	num_all	num_fg_beakless	num_fg_pink	num_fg_tube	num_fg_yellow	num_mf_beakless	num_mf_pink	num_mf_tube	num_mf_yellow	num_mg_beakless	num_mg_pink	num_mg_tube	num_mg_yellow	num_qualified_all	num_qualified_fg_beakless	num_qualified_fg_pink	num_qualified_fg_tube	num_qualified_fg_yellow	num_qualified_mf_beakless	num_qualified_mf_pink	num_qualified_mf_tube	num_qualified_mf_yellow	num_qualified_mg_beakless	num_qualified_mg_pink	num_qualified_mg_tube	num_qualified_mg_yellow	fg_enrichment_factor_beakless	fg_enrichment_factor_pink	fg_enrichment_factor_tube	fg_enrichment_factor_yellow	median_dist_bl_all	median_dist_bl_fg_beakless	median_dist_bl_fg_pink	median_dist_bl_fg_tube	median_dist_bl_fg_yellow	median_dist_bl_mf_beakless	median_dist_bl_mf_pink	median_dist_bl_mf_tube	median_dist_bl_mf_yellow	median_dist_bl_mg_beakless	median_dist_bl_mg_pink	median_dist_bl_mg_tube	median_dist_bl_mg_yellow	median_dist_node_num_all	median_dist_node_num_fg_beakless	median_dist_node_num_fg_pink	median_dist_node_num_fg_tube	median_dist_node_num_fg_yellow	median_dist_node_num_mf_beakless	median_dist_node_num_mf_pink	median_dist_node_num_mf_tube	median_dist_node_num_mf_yellow	median_dist_node_num_mg_beakless	median_dist_node_num_mg_pink	median_dist_node_num_mg_tube	median_dist_node_num_mg_yellow	median_omegaCany2any_all	median_omegaCany2any_fg_beakless	median_omegaCany2any_fg_pink	median_omegaCany2any_fg_tube	median_omegaCany2any_fg_yellow	median_omegaCany2any_mf_beakless	median_omegaCany2any_mf_pink	median_omegaCany2any_mf_tube	median_omegaCany2any_mf_yellow	median_omegaCany2any_mg_beakless	median_omegaCany2any_mg_pink	median_omegaCany2any_mg_tube	median_omegaCany2any_mg_yellow	median_omegaCany2any_nocalib_all	median_omegaCany2any_nocalib_fg_beakless	median_omegaCany2any_nocalib_fg_pink	median_omegaCany2any_nocalib_fg_tube	median_omegaCany2any_nocalib_fg_yellow	median_omegaCany2any_nocalib_mf_beakless	median_omegaCany2any_nocalib_mf_pink	median_omegaCany2any_nocalib_mf_tube	median_omegaCany2any_nocalib_mf_yellow	median_omegaCany2any_nocalib_mg_beakless	median_omegaCany2any_nocalib_mg_pink	median_omegaCany2any_nocalib_mg_tube	median_omegaCany2any_nocalib_mg_yellow	median_omegaCany2dif_all	median_omegaCany2dif_fg_beakless	median_omegaCany2dif_fg_pink	median_omegaCany2dif_fg_tube	median_omegaCany2dif_fg_yellow	median_omegaCany2dif_mf_beakless	median_omegaCany2dif_mf_pink	median_omegaCany2dif_mf_tube	median_omegaCany2dif_mf_yellow	median_omegaCany2dif_mg_beakless	median_omegaCany2dif_mg_pink	median_omegaCany2dif_mg_tube	median_omegaCany2dif_mg_yellow	median_omegaCany2dif_nocalib_all	median_omegaCany2dif_nocalib_fg_beakless	median_omegaCany2dif_nocalib_fg_pink	median_omegaCany2dif_nocalib_fg_tube	median_omegaCany2dif_nocalib_fg_yellow	median_omegaCany2dif_nocalib_mf_beakless	median_omegaCany2dif_nocalib_mf_pink	median_omegaCany2dif_nocalib_mf_tube	median_omegaCany2dif_nocalib_mf_yellow	median_omegaCany2dif_nocalib_mg_beakless	median_omegaCany2dif_nocalib_mg_pink	median_omegaCany2dif_nocalib_mg_tube	median_omegaCany2dif_nocalib_mg_yellow	median_omegaCany2spe_all	median_omegaCany2spe_fg_beakless	median_omegaCany2spe_fg_pink	median_omegaCany2spe_fg_tube	median_omegaCany2spe_fg_yellow	median_omegaCany2spe_mf_beakless	median_omegaCany2spe_mf_pink	median_omegaCany2spe_mf_tube	median_omegaCany2spe_mf_yellow	median_omegaCany2spe_mg_beakless	median_omegaCany2spe_mg_pink	median_omegaCany2spe_mg_tube	median_omegaCany2spe_mg_yellow	median_omegaCany2spe_nocalib_all	median_omegaCany2spe_nocalib_fg_beakless	median_omegaCany2spe_nocalib_fg_pink	median_omegaCany2spe_nocalib_fg_tube	median_omegaCany2spe_nocalib_fg_yellow	median_omegaCany2spe_nocalib_mf_beakless	median_omegaCany2spe_nocalib_mf_pink	median_omegaCany2spe_nocalib_mf_tube	median_omegaCany2spe_nocalib_mf_yellow	median_omegaCany2spe_nocalib_mg_beakless	median_omegaCany2spe_nocalib_mg_pink	median_omegaCany2spe_nocalib_mg_tube	median_omegaCany2spe_nocalib_mg_yellow	median_omegaCdif2any_all	median_omegaCdif2any_fg_beakless	median_omegaCdif2any_fg_pink	median_omegaCdif2any_fg_tube	median_omegaCdif2any_fg_yellow	median_omegaCdif2any_mf_beakless	median_omegaCdif2any_mf_pink	median_omegaCdif2any_mf_tube	median_omegaCdif2any_mf_yellow	median_omegaCdif2any_mg_beakless	median_omegaCdif2any_mg_pink	median_omegaCdif2any_mg_tube	median_omegaCdif2any_mg_yellow	median_omegaCdif2any_nocalib_all	median_omegaCdif2any_nocalib_fg_beakless	median_omegaCdif2any_nocalib_fg_pink	median_omegaCdif2any_nocalib_fg_tube	median_omegaCdif2any_nocalib_fg_yellow	median_omegaCdif2any_nocalib_mf_beakless	median_omegaCdif2any_nocalib_mf_pink	median_omegaCdif2any_nocalib_mf_tube	median_omegaCdif2any_nocalib_mf_yellow	median_omegaCdif2any_nocalib_mg_beakless	median_omegaCdif2any_nocalib_mg_pink	median_omegaCdif2any_nocalib_mg_tube	median_omegaCdif2any_nocalib_mg_yellow	median_omegaCdif2dif_all	median_omegaCdif2dif_fg_beakless	median_omegaCdif2dif_fg_pink	median_omegaCdif2dif_fg_tube	median_omegaCdif2dif_fg_yellow	median_omegaCdif2dif_mf_beakless	median_omegaCdif2dif_mf_pink	median_omegaCdif2dif_mf_tube	median_omegaCdif2dif_mf_yellow	median_omegaCdif2dif_mg_beakless	median_omegaCdif2dif_mg_pink	median_omegaCdif2dif_mg_tube	median_omegaCdif2dif_mg_yellow	median_omegaCdif2dif_nocalib_all	median_omegaCdif2dif_nocalib_fg_beakless	median_omegaCdif2dif_nocalib_fg_pink	median_omegaCdif2dif_nocalib_fg_tube	median_omegaCdif2dif_nocalib_fg_yellow	median_omegaCdif2dif_nocalib_mf_beakless	median_omegaCdif2dif_nocalib_mf_pink	median_omegaCdif2dif_nocalib_mf_tube	median_omegaCdif2dif_nocalib_mf_yellow	median_omegaCdif2dif_nocalib_mg_beakless	median_omegaCdif2dif_nocalib_mg_pink	median_omegaCdif2dif_nocalib_mg_tube	median_omegaCdif2dif_nocalib_mg_yellow	median_omegaCdif2spe_all	median_omegaCdif2spe_fg_beakless	median_omegaCdif2spe_fg_pink	median_omegaCdif2spe_fg_tube	median_omegaCdif2spe_fg_yellow	median_omegaCdif2spe_mf_beakless	median_omegaCdif2spe_mf_pink	median_omegaCdif2spe_mf_tube	median_omegaCdif2spe_mf_yellow	median_omegaCdif2spe_mg_beakless	median_omegaCdif2spe_mg_pink	median_omegaCdif2spe_mg_tube	median_omegaCdif2spe_mg_yellow	median_omegaCdif2spe_nocalib_all	median_omegaCdif2spe_nocalib_fg_beakless	median_omegaCdif2spe_nocalib_fg_pink	median_omegaCdif2spe_nocalib_fg_tube	median_omegaCdif2spe_nocalib_fg_yellow	median_omegaCdif2spe_nocalib_mf_beakless	median_omegaCdif2spe_nocalib_mf_pink	median_omegaCdif2spe_nocalib_mf_tube	median_omegaCdif2spe_nocalib_mf_yellow	median_omegaCdif2spe_nocalib_mg_beakless	median_omegaCdif2spe_nocalib_mg_pink	median_omegaCdif2spe_nocalib_mg_tube	median_omegaCdif2spe_nocalib_mg_yellow	median_omegaCspe2any_all	median_omegaCspe2any_fg_beakless	median_omegaCspe2any_fg_pink	median_omegaCspe2any_fg_tube	median_omegaCspe2any_fg_yellow	median_omegaCspe2any_mf_beakless	median_omegaCspe2any_mf_pink	median_omegaCspe2any_mf_tube	median_omegaCspe2any_mf_yellow	median_omegaCspe2any_mg_beakless	median_omegaCspe2any_mg_pink	median_omegaCspe2any_mg_tube	median_omegaCspe2any_mg_yellow	median_omegaCspe2any_nocalib_all	median_omegaCspe2any_nocalib_fg_beakless	median_omegaCspe2any_nocalib_fg_pink	median_omegaCspe2any_nocalib_fg_tube	median_omegaCspe2any_nocalib_fg_yellow	median_omegaCspe2any_nocalib_mf_beakless	median_omegaCspe2any_nocalib_mf_pink	median_omegaCspe2any_nocalib_mf_tube	median_omegaCspe2any_nocalib_mf_yellow	median_omegaCspe2any_nocalib_mg_beakless	median_omegaCspe2any_nocalib_mg_pink	median_omegaCspe2any_nocalib_mg_tube	median_omegaCspe2any_nocalib_mg_yellow	median_omegaCspe2dif_all	median_omegaCspe2dif_fg_beakless	median_omegaCspe2dif_fg_pink	median_omegaCspe2dif_fg_tube	median_omegaCspe2dif_fg_yellow	median_omegaCspe2dif_mf_beakless	median_omegaCspe2dif_mf_pink	median_omegaCspe2dif_mf_tube	median_omegaCspe2dif_mf_yellow	median_omegaCspe2dif_mg_beakless	median_omegaCspe2dif_mg_pink	median_omegaCspe2dif_mg_tube	median_omegaCspe2dif_mg_yellow	median_omegaCspe2dif_nocalib_all	median_omegaCspe2dif_nocalib_fg_beakless	median_omegaCspe2dif_nocalib_fg_pink	median_omegaCspe2dif_nocalib_fg_tube	median_omegaCspe2dif_nocalib_fg_yellow	median_omegaCspe2dif_nocalib_mf_beakless	median_omegaCspe2dif_nocalib_mf_pink	median_omegaCspe2dif_nocalib_mf_tube	median_omegaCspe2dif_nocalib_mf_yellow	median_omegaCspe2dif_nocalib_mg_beakless	median_omegaCspe2dif_nocalib_mg_pink	median_omegaCspe2dif_nocalib_mg_tube	median_omegaCspe2dif_nocalib_mg_yellow	median_omegaCspe2spe_all	median_omegaCspe2spe_fg_beakless	median_omegaCspe2spe_fg_pink	median_omegaCspe2spe_fg_tube	median_omegaCspe2spe_fg_yellow	median_omegaCspe2spe_mf_beakless	median_omegaCspe2spe_mf_pink	median_omegaCspe2spe_mf_tube	median_omegaCspe2spe_mf_yellow	median_omegaCspe2spe_mg_beakless	median_omegaCspe2spe_mg_pink	median_omegaCspe2spe_mg_tube	median_omegaCspe2spe_mg_yellow	median_omegaCspe2spe_nocalib_all	median_omegaCspe2spe_nocalib_fg_beakless	median_omegaCspe2spe_nocalib_fg_pink	median_omegaCspe2spe_nocalib_fg_tube	median_omegaCspe2spe_nocalib_fg_yellow	median_omegaCspe2spe_nocalib_mf_beakless	median_omegaCspe2spe_nocalib_mf_pink	median_omegaCspe2spe_nocalib_mf_tube	median_omegaCspe2spe_nocalib_mf_yellow	median_omegaCspe2spe_nocalib_mg_beakless	median_omegaCspe2spe_nocalib_mg_pink	median_omegaCspe2spe_nocalib_mg_tube	median_omegaCspe2spe_nocalib_mg_yellow	total_ECNany2any_all	total_ECNany2any_fg_beakless	total_ECNany2any_fg_pink	total_ECNany2any_fg_tube	total_ECNany2any_fg_yellow	total_ECNany2any_mf_beakless	total_ECNany2any_mf_pink	total_ECNany2any_mf_tube	total_ECNany2any_mf_yellow	total_ECNany2any_mg_beakless	total_ECNany2any_mg_pink	total_ECNany2any_mg_tube	total_ECNany2any_mg_yellow	total_ECNany2dif_all	total_ECNany2dif_fg_beakless	total_ECNany2dif_fg_pink	total_ECNany2dif_fg_tube	total_ECNany2dif_fg_yellow	total_ECNany2dif_mf_beakless	total_ECNany2dif_mf_pink	total_ECNany2dif_mf_tube	total_ECNany2dif_mf_yellow	total_ECNany2dif_mg_beakless	total_ECNany2dif_mg_pink	total_ECNany2dif_mg_tube	total_ECNany2dif_mg_yellow	total_ECNany2spe_all	total_ECNany2spe_fg_beakless	total_ECNany2spe_fg_pink	total_ECNany2spe_fg_tube	total_ECNany2spe_fg_yellow	total_ECNany2spe_mf_beakless	total_ECNany2spe_mf_pink	total_ECNany2spe_mf_tube	total_ECNany2spe_mf_yellow	total_ECNany2spe_mg_beakless	total_ECNany2spe_mg_pink	total_ECNany2spe_mg_tube	total_ECNany2spe_mg_yellow	total_ECNdif2any_all	total_ECNdif2any_fg_beakless	total_ECNdif2any_fg_pink	total_ECNdif2any_fg_tube	total_ECNdif2any_fg_yellow	total_ECNdif2any_mf_beakless	total_ECNdif2any_mf_pink	total_ECNdif2any_mf_tube	total_ECNdif2any_mf_yellow	total_ECNdif2any_mg_beakless	total_ECNdif2any_mg_pink	total_ECNdif2any_mg_tube	total_ECNdif2any_mg_yellow	total_ECNdif2dif_all	total_ECNdif2dif_fg_beakless	total_ECNdif2dif_fg_pink	total_ECNdif2dif_fg_tube	total_ECNdif2dif_fg_yellow	total_ECNdif2dif_mf_beakless	total_ECNdif2dif_mf_pink	total_ECNdif2dif_mf_tube	total_ECNdif2dif_mf_yellow	total_ECNdif2dif_mg_beakless	total_ECNdif2dif_mg_pink	total_ECNdif2dif_mg_tube	total_ECNdif2dif_mg_yellow	total_ECNdif2spe_all	total_ECNdif2spe_fg_beakless	total_ECNdif2spe_fg_pink	total_ECNdif2spe_fg_tube	total_ECNdif2spe_fg_yellow	total_ECNdif2spe_mf_beakless	total_ECNdif2spe_mf_pink	total_ECNdif2spe_mf_tube	total_ECNdif2spe_mf_yellow	total_ECNdif2spe_mg_beakless	total_ECNdif2spe_mg_pink	total_ECNdif2spe_mg_tube	total_ECNdif2spe_mg_yellow	total_ECNspe2any_all	total_ECNspe2any_fg_beakless	total_ECNspe2any_fg_pink	total_ECNspe2any_fg_tube	total_ECNspe2any_fg_yellow	total_ECNspe2any_mf_beakless	total_ECNspe2any_mf_pink	total_ECNspe2any_mf_tube	total_ECNspe2any_mf_yellow	total_ECNspe2any_mg_beakless	total_ECNspe2any_mg_pink	total_ECNspe2any_mg_tube	total_ECNspe2any_mg_yellow	total_ECNspe2dif_all	total_ECNspe2dif_fg_beakless	total_ECNspe2dif_fg_pink	total_ECNspe2dif_fg_tube	total_ECNspe2dif_fg_yellow	total_ECNspe2dif_mf_beakless	total_ECNspe2dif_mf_pink	total_ECNspe2dif_mf_tube	total_ECNspe2dif_mf_yellow	total_ECNspe2dif_mg_beakless	total_ECNspe2dif_mg_pink	total_ECNspe2dif_mg_tube	total_ECNspe2dif_mg_yellow	total_ECNspe2spe_all	total_ECNspe2spe_fg_beakless	total_ECNspe2spe_fg_pink	total_ECNspe2spe_fg_tube	total_ECNspe2spe_fg_yellow	total_ECNspe2spe_mf_beakless	total_ECNspe2spe_mf_pink	total_ECNspe2spe_mf_tube	total_ECNspe2spe_mf_yellow	total_ECNspe2spe_mg_beakless	total_ECNspe2spe_mg_pink	total_ECNspe2spe_mg_tube	total_ECNspe2spe_mg_yellow	total_ECSany2any_all	total_ECSany2any_fg_beakless	total_ECSany2any_fg_pink	total_ECSany2any_fg_tube	total_ECSany2any_fg_yellow	total_ECSany2any_mf_beakless	total_ECSany2any_mf_pink	total_ECSany2any_mf_tube	total_ECSany2any_mf_yellow	total_ECSany2any_mg_beakless	total_ECSany2any_mg_pink	total_ECSany2any_mg_tube	total_ECSany2any_mg_yellow	total_ECSany2dif_all	total_ECSany2dif_fg_beakless	total_ECSany2dif_fg_pink	total_ECSany2dif_fg_tube	total_ECSany2dif_fg_yellow	total_ECSany2dif_mf_beakless	total_ECSany2dif_mf_pink	total_ECSany2dif_mf_tube	total_ECSany2dif_mf_yellow	total_ECSany2dif_mg_beakless	total_ECSany2dif_mg_pink	total_ECSany2dif_mg_tube	total_ECSany2dif_mg_yellow	total_ECSany2spe_all	total_ECSany2spe_fg_beakless	total_ECSany2spe_fg_pink	total_ECSany2spe_fg_tube	total_ECSany2spe_fg_yellow	total_ECSany2spe_mf_beakless	total_ECSany2spe_mf_pink	total_ECSany2spe_mf_tube	total_ECSany2spe_mf_yellow	total_ECSany2spe_mg_beakless	total_ECSany2spe_mg_pink	total_ECSany2spe_mg_tube	total_ECSany2spe_mg_yellow	total_ECSdif2any_all	total_ECSdif2any_fg_beakless	total_ECSdif2any_fg_pink	total_ECSdif2any_fg_tube	total_ECSdif2any_fg_yellow	total_ECSdif2any_mf_beakless	total_ECSdif2any_mf_pink	total_ECSdif2any_mf_tube	total_ECSdif2any_mf_yellow	total_ECSdif2any_mg_beakless	total_ECSdif2any_mg_pink	total_ECSdif2any_mg_tube	total_ECSdif2any_mg_yellow	total_ECSdif2dif_all	total_ECSdif2dif_fg_beakless	total_ECSdif2dif_fg_pink	total_ECSdif2dif_fg_tube	total_ECSdif2dif_fg_yellow	total_ECSdif2dif_mf_beakless	total_ECSdif2dif_mf_pink	total_ECSdif2dif_mf_tube	total_ECSdif2dif_mf_yellow	total_ECSdif2dif_mg_beakless	total_ECSdif2dif_mg_pink	total_ECSdif2dif_mg_tube	total_ECSdif2dif_mg_yellow	total_ECSdif2spe_all	total_ECSdif2spe_fg_beakless	total_ECSdif2spe_fg_pink	total_ECSdif2spe_fg_tube	total_ECSdif2spe_fg_yellow	total_ECSdif2spe_mf_beakless	total_ECSdif2spe_mf_pink	total_ECSdif2spe_mf_tube	total_ECSdif2spe_mf_yellow	total_ECSdif2spe_mg_beakless	total_ECSdif2spe_mg_pink	total_ECSdif2spe_mg_tube	total_ECSdif2spe_mg_yellow	total_ECSspe2any_all	total_ECSspe2any_fg_beakless	total_ECSspe2any_fg_pink	total_ECSspe2any_fg_tube	total_ECSspe2any_fg_yellow	total_ECSspe2any_mf_beakless	total_ECSspe2any_mf_pink	total_ECSspe2any_mf_tube	total_ECSspe2any_mf_yellow	total_ECSspe2any_mg_beakless	total_ECSspe2any_mg_pink	total_ECSspe2any_mg_tube	total_ECSspe2any_mg_yellow	total_ECSspe2dif_all	total_ECSspe2dif_fg_beakless	total_ECSspe2dif_fg_pink	total_ECSspe2dif_fg_tube	total_ECSspe2dif_fg_yellow	total_ECSspe2dif_mf_beakless	total_ECSspe2dif_mf_pink	total_ECSspe2dif_mf_tube	total_ECSspe2dif_mf_yellow	total_ECSspe2dif_mg_beakless	total_ECSspe2dif_mg_pink	total_ECSspe2dif_mg_tube	total_ECSspe2dif_mg_yellow	total_ECSspe2spe_all	total_ECSspe2spe_fg_beakless	total_ECSspe2spe_fg_pink	total_ECSspe2spe_fg_tube	total_ECSspe2spe_fg_yellow	total_ECSspe2spe_mf_beakless	total_ECSspe2spe_mf_pink	total_ECSspe2spe_mf_tube	total_ECSspe2spe_mf_yellow	total_ECSspe2spe_mg_beakless	total_ECSspe2spe_mg_pink	total_ECSspe2spe_mg_tube	total_ECSspe2spe_mg_yellow	total_OCNany2any_all	total_OCNany2any_fg_beakless	total_OCNany2any_fg_pink	total_OCNany2any_fg_tube	total_OCNany2any_fg_yellow	total_OCNany2any_mf_beakless	total_OCNany2any_mf_pink	total_OCNany2any_mf_tube	total_OCNany2any_mf_yellow	total_OCNany2any_mg_beakless	total_OCNany2any_mg_pink	total_OCNany2any_mg_tube	total_OCNany2any_mg_yellow	total_OCNany2dif_all	total_OCNany2dif_fg_beakless	total_OCNany2dif_fg_pink	total_OCNany2dif_fg_tube	total_OCNany2dif_fg_yellow	total_OCNany2dif_mf_beakless	total_OCNany2dif_mf_pink	total_OCNany2dif_mf_tube	total_OCNany2dif_mf_yellow	total_OCNany2dif_mg_beakless	total_OCNany2dif_mg_pink	total_OCNany2dif_mg_tube	total_OCNany2dif_mg_yellow	total_OCNany2spe_all	total_OCNany2spe_fg_beakless	total_OCNany2spe_fg_pink	total_OCNany2spe_fg_tube	total_OCNany2spe_fg_yellow	total_OCNany2spe_mf_beakless	total_OCNany2spe_mf_pink	total_OCNany2spe_mf_tube	total_OCNany2spe_mf_yellow	total_OCNany2spe_mg_beakless	total_OCNany2spe_mg_pink	total_OCNany2spe_mg_tube	total_OCNany2spe_mg_yellow	total_OCNdif2any_all	total_OCNdif2any_fg_beakless	total_OCNdif2any_fg_pink	total_OCNdif2any_fg_tube	total_OCNdif2any_fg_yellow	total_OCNdif2any_mf_beakless	total_OCNdif2any_mf_pink	total_OCNdif2any_mf_tube	total_OCNdif2any_mf_yellow	total_OCNdif2any_mg_beakless	total_OCNdif2any_mg_pink	total_OCNdif2any_mg_tube	total_OCNdif2any_mg_yellow	total_OCNdif2dif_all	total_OCNdif2dif_fg_beakless	total_OCNdif2dif_fg_pink	total_OCNdif2dif_fg_tube	total_OCNdif2dif_fg_yellow	total_OCNdif2dif_mf_beakless	total_OCNdif2dif_mf_pink	total_OCNdif2dif_mf_tube	total_OCNdif2dif_mf_yellow	total_OCNdif2dif_mg_beakless	total_OCNdif2dif_mg_pink	total_OCNdif2dif_mg_tube	total_OCNdif2dif_mg_yellow	total_OCNdif2spe_all	total_OCNdif2spe_fg_beakless	total_OCNdif2spe_fg_pink	total_OCNdif2spe_fg_tube	total_OCNdif2spe_fg_yellow	total_OCNdif2spe_mf_beakless	total_OCNdif2spe_mf_pink	total_OCNdif2spe_mf_tube	total_OCNdif2spe_mf_yellow	total_OCNdif2spe_mg_beakless	total_OCNdif2spe_mg_pink	total_OCNdif2spe_mg_tube	total_OCNdif2spe_mg_yellow	total_OCNspe2any_all	total_OCNspe2any_fg_beakless	total_OCNspe2any_fg_pink	total_OCNspe2any_fg_tube	total_OCNspe2any_fg_yellow	total_OCNspe2any_mf_beakless	total_OCNspe2any_mf_pink	total_OCNspe2any_mf_tube	total_OCNspe2any_mf_yellow	total_OCNspe2any_mg_beakless	total_OCNspe2any_mg_pink	total_OCNspe2any_mg_tube	total_OCNspe2any_mg_yellow	total_OCNspe2dif_all	total_OCNspe2dif_fg_beakless	total_OCNspe2dif_fg_pink	total_OCNspe2dif_fg_tube	total_OCNspe2dif_fg_yellow	total_OCNspe2dif_mf_beakless	total_OCNspe2dif_mf_pink	total_OCNspe2dif_mf_tube	total_OCNspe2dif_mf_yellow	total_OCNspe2dif_mg_beakless	total_OCNspe2dif_mg_pink	total_OCNspe2dif_mg_tube	total_OCNspe2dif_mg_yellow	total_OCNspe2spe_all	total_OCNspe2spe_fg_beakless	total_OCNspe2spe_fg_pink	total_OCNspe2spe_fg_tube	total_OCNspe2spe_fg_yellow	total_OCNspe2spe_mf_beakless	total_OCNspe2spe_mf_pink	total_OCNspe2spe_mf_tube	total_OCNspe2spe_mf_yellow	total_OCNspe2spe_mg_beakless	total_OCNspe2spe_mg_pink	total_OCNspe2spe_mg_tube	total_OCNspe2spe_mg_yellow	total_OCSany2any_all	total_OCSany2any_fg_beakless	total_OCSany2any_fg_pink	total_OCSany2any_fg_tube	total_OCSany2any_fg_yellow	total_OCSany2any_mf_beakless	total_OCSany2any_mf_pink	total_OCSany2any_mf_tube	total_OCSany2any_mf_yellow	total_OCSany2any_mg_beakless	total_OCSany2any_mg_pink	total_OCSany2any_mg_tube	total_OCSany2any_mg_yellow	total_OCSany2dif_all	total_OCSany2dif_fg_beakless	total_OCSany2dif_fg_pink	total_OCSany2dif_fg_tube	total_OCSany2dif_fg_yellow	total_OCSany2dif_mf_beakless	total_OCSany2dif_mf_pink	total_OCSany2dif_mf_tube	total_OCSany2dif_mf_yellow	total_OCSany2dif_mg_beakless	total_OCSany2dif_mg_pink	total_OCSany2dif_mg_tube	total_OCSany2dif_mg_yellow	total_OCSany2spe_all	total_OCSany2spe_fg_beakless	total_OCSany2spe_fg_pink	total_OCSany2spe_fg_tube	total_OCSany2spe_fg_yellow	total_OCSany2spe_mf_beakless	total_OCSany2spe_mf_pink	total_OCSany2spe_mf_tube	total_OCSany2spe_mf_yellow	total_OCSany2spe_mg_beakless	total_OCSany2spe_mg_pink	total_OCSany2spe_mg_tube	total_OCSany2spe_mg_yellow	total_OCSdif2any_all	total_OCSdif2any_fg_beakless	total_OCSdif2any_fg_pink	total_OCSdif2any_fg_tube	total_OCSdif2any_fg_yellow	total_OCSdif2any_mf_beakless	total_OCSdif2any_mf_pink	total_OCSdif2any_mf_tube	total_OCSdif2any_mf_yellow	total_OCSdif2any_mg_beakless	total_OCSdif2any_mg_pink	total_OCSdif2any_mg_tube	total_OCSdif2any_mg_yellow	total_OCSdif2dif_all	total_OCSdif2dif_fg_beakless	total_OCSdif2dif_fg_pink	total_OCSdif2dif_fg_tube	total_OCSdif2dif_fg_yellow	total_OCSdif2dif_mf_beakless	total_OCSdif2dif_mf_pink	total_OCSdif2dif_mf_tube	total_OCSdif2dif_mf_yellow	total_OCSdif2dif_mg_beakless	total_OCSdif2dif_mg_pink	total_OCSdif2dif_mg_tube	total_OCSdif2dif_mg_yellow	total_OCSdif2spe_all	total_OCSdif2spe_fg_beakless	total_OCSdif2spe_fg_pink	total_OCSdif2spe_fg_tube	total_OCSdif2spe_fg_yellow	total_OCSdif2spe_mf_beakless	total_OCSdif2spe_mf_pink	total_OCSdif2spe_mf_tube	total_OCSdif2spe_mf_yellow	total_OCSdif2spe_mg_beakless	total_OCSdif2spe_mg_pink	total_OCSdif2spe_mg_tube	total_OCSdif2spe_mg_yellow	total_OCSspe2any_all	total_OCSspe2any_fg_beakless	total_OCSspe2any_fg_pink	total_OCSspe2any_fg_tube	total_OCSspe2any_fg_yellow	total_OCSspe2any_mf_beakless	total_OCSspe2any_mf_pink	total_OCSspe2any_mf_tube	total_OCSspe2any_mf_yellow	total_OCSspe2any_mg_beakless	total_OCSspe2any_mg_pink	total_OCSspe2any_mg_tube	total_OCSspe2any_mg_yellow	total_OCSspe2dif_all	total_OCSspe2dif_fg_beakless	total_OCSspe2dif_fg_pink	total_OCSspe2dif_fg_tube	total_OCSspe2dif_fg_yellow	total_OCSspe2dif_mf_beakless	total_OCSspe2dif_mf_pink	total_OCSspe2dif_mf_tube	total_OCSspe2dif_mf_yellow	total_OCSspe2dif_mg_beakless	total_OCSspe2dif_mg_pink	total_OCSspe2dif_mg_tube	total_OCSspe2dif_mg_yellow	total_OCSspe2spe_all	total_OCSspe2spe_fg_beakless	total_OCSspe2spe_fg_pink	total_OCSspe2spe_fg_tube	total_OCSspe2spe_fg_yellow	total_OCSspe2spe_mf_beakless	total_OCSspe2spe_mf_pink	total_OCSspe2spe_mf_tube	total_OCSspe2spe_mf_yellow	total_OCSspe2spe_mg_beakless	total_OCSspe2spe_mg_pink	total_OCSspe2spe_mg_tube	total_OCSspe2spe_mg_yellow
2	135	OCNany2spe,2.0|omegaCany2spe,5.0	exhaustive	Y	4914.0000	2066.0000	3.0000	3.0000	382.0000	3.0000	0.0000	0.0000	0.0000	0.0000	0.0000	0.0000	0.0000	0.0000	5.0000	0.0000	0.0000	0.0000	0.0000	0.0000	0.0000	0.0000	0.0000	0.0000	0.0000	0.0000	0.0000	0.0000	0.0000	0.0000	0.0000	0.1378	0.0426	0.0677	0.1362	0.0575	11.0000	7.0000	5.0000	7.0000	0.0147	350.3019	0.0139	0.0000	0.0111	0.0133	350.3019	0.0139	0.0000	0.0130	0.0900	0.8522	0.2657	0.0001	0.0037	0.0334	0.0672	0.0000	0.0000	0.0000	0.0000	0.0000	1.5478	0.0000	0.0000	0.0000	0.0000	0.0037	0.0033	0.0002	0.0244	0.0000	0.0000	0.0000	0.0002	0.0000	0.0000	425.6308	0.0000	0.0169	0.0000	0.0000	0.0000	0.0002	0.0105	0.0000	0.0000	0.0000	0.0000	0.0000	0.0000	0.0000	0.0000	0.0000	0.0049	0.0000	0.0000	0.0000	0.1086	0.0008	0.0000	0.0185	0.0099	0.0049	0.0000	0.0000	0.0000	0.0000	0.0000	0.0000	0.0000	0.0000	0.0000	0.0000	0.0000	0.0000	0.0000	0.0000	0.0000	0.0000	0.0000	615.0292	383.6495	201.2863	0.0030	0.0008	0.0000	0.0000	0.0000	0.0000	0.0000	0.0000	0.0000	0.0000	541.4366	338.4711	177.5906	0.0026	0.0007	0.0000	0.0000	0.0000	0.0000	0.0000	0.0000	0.0000	0.0000	73.5926	45.1784	23.6957	0.0003	0.0001	0.0000	0.0000	0.0000	0.0000	0.0000	0.0000	0.0000	0.0000	139.2857	86.8261	44.8348	0.0014	0.0003	0.0000	0.0000	0.0000	0.0000	0.0000	0.0000	0.0000	0.0000	132.6821	82.4775	42.4941	0.0013	0.0003	0.0000	0.0000	0.0000	0.0000	0.0000	0.0000	0.0000	0.0000	6.6036	4.3487	2.3407	0.0000	0.0000	0.0000	0.0000	0.0000	0.0000	0.0000	0.0000	0.0000	0.0000	475.7435	296.8233	156.4515	0.0016	0.0005	0.0000	0.0000	0.0000	0.0000	0.0000	0.0000	0.0000	0.0000	408.7545	255.9936	135.0966	0.0013	0.0004	0.0000	0.0000	0.0000	0.0000	0.0000	0.0000	0.0000	0.0000	66.9890	40.8297	21.3550	0.0003	0.0001	0.0000	0.0000	0.0000	0.0000	0.0000	0.0000	0.0000	0.0000	290.1024	178.1382	91.1062	0.1604	0.0437	0.0000	0.0000	0.0000	0.0000	0.0000	0.0000	0.0000	0.0000	146.0735	90.8986	44.1862	0.0744	0.0215	0.0000	0.0000	0.0000	0.0000	0.0000	0.0000	0.0000	0.0000	144.0289	87.2396	46.9200	0.0860	0.0221	0.0000	0.0000	0.0000	0.0000	0.0000	0.0000	0.0000	0.0000	51.1828	31.8091	15.0285	0.0088	0.0093	0.0000	0.0000	0.0000	0.0000	0.0000	0.0000	0.0000	0.0000	47.9503	29.7828	14.0907	0.0079	0.0086	0.0000	0.0000	0.0000	0.0000	0.0000	0.0000	0.0000	0.0000	3.2325	2.0263	0.9378	0.0009	0.0006	0.0000	0.0000	0.0000	0.0000	0.0000	0.0000	0.0000	0.0000	238.9196	146.3291	76.0777	0.1516	0.0344	0.0000	0.0000	0.0000	0.0000	0.0000	0.0000	0.0000	0.0000	98.1232	61.1158	30.0955	0.0665	0.0129	0.0000	0.0000	0.0000	0.0000	0.0000	0.0000	0.0000	0.0000	140.7964	85.2133	45.9822	0.0851	0.0215	0.0000	0.0000	0.0000	0.0000	0.0000	0.0000	0.0000	0.0000	522.8652	324.4484	172.2743	0.0009	0.0047	0.0000	0.0000	0.0000	0.0000	0.0000	0.0000	0.0000	0.0000	333.2175	210.3717	116.7079	0.0009	0.0047	0.0000	0.0000	0.0000	0.0000	0.0000	0.0000	0.0000	0.0000	189.6477	114.0767	55.5664	0.0000	0.0000	0.0000	0.0000	0.0000	0.0000	0.0000	0.0000	0.0000	0.0000	75.3230	48.6902	26.5090	0.0000	0.0047	0.0000	0.0000	0.0000	0.0000	0.0000	0.0000	0.0000	0.0000	72.3271	46.8341	26.0865	0.0000	0.0047	0.0000	0.0000	0.0000	0.0000	0.0000	0.0000	0.0000	0.0000	2.9959	1.8561	0.4226	0.0000	0.0000	0.0000	0.0000	0.0000	0.0000	0.0000	0.0000	0.0000	0.0000	447.5423	275.7582	145.7653	0.0009	0.0000	0.0000	0.0000	0.0000	0.0000	0.0000	0.0000	0.0000	0.0000	260.8905	163.5376	90.6215	0.0009	0.0000	0.0000	0.0000	0.0000	0.0000	0.0000	0.0000	0.0000	0.0000	186.6518	112.2206	55.1438	0.0000	0.0000	0.0000	0.0000	0.0000	0.0000	0.0000	0.0000	0.0000	0.0000	383.3785	226.7448	137.1516	0.0068	0.0160	0.0000	0.0000	0.0000	0.0000	0.0000	0.0000	0.0000	0.0000	152.7626	83.6532	52.2966	0.0058	0.0160	0.0000	0.0000	0.0000	0.0000	0.0000	0.0000	0.0000	0.0000	230.6159	143.0915	84.8550	0.0011	0.0000	0.0000	0.0000	0.0000	0.0000	0.0000	0.0000	0.0000	0.0000	61.1753	37.8575	24.0184	0.0058	0.0160	0.0000	0.0000	0.0000	0.0000	0.0000	0.0000	0.0000	0.0000	60.0742	37.1342	23.6212	0.0058	0.0160	0.0000	0.0000	0.0000	0.0000	0.0000	0.0000	0.0000	0.0000	1.1011	0.7233	0.3972	0.0001	0.0000	0.0000	0.0000	0.0000	0.0000	0.0000	0.0000	0.0000	0.0000	322.2032	188.8873	113.1332	0.0010	0.0000	0.0000	0.0000	0.0000	0.0000	0.0000	0.0000	0.0000	0.0000	92.6884	46.5190	28.6754	0.0000	0.0000	0.0000	0.0000	0.0000	0.0000	0.0000	0.0000	0.0000	0.0000	229.5148	142.3683	84.4578	0.0010	0.0000	0.0000	0.0000	0.0000	0.0000	0.0000	0.0000	0.0000	0.0000																																																																																																																																																																										
